data	data	603840	399940	978044	883072	164180	76748	614288	415452	86492	31368	268824	208216	297100	158156	207604	95968	227420	126644	751364	693320	72424	114428	526568	504168	54228	79488	53564	94260	713628	274944	554952	541156	341812	844888	169364	159444	201588	236388	75736	113348	39564	44312	289708	347788	191380	333452	206768	323988	166684	307992	568492	210776	115908	159220	371148	486980	312296	157284	189928	69356	238056	113996	123612	149448	207484	131780	351940	445036	327440	272224	405252	490336	306732	315836	45568	38132	181740	163056	65868	32908	185076	122820	135708	66608	395892	309616	38416	44536	322776	267052	356044	398188	266316	225732	30552	42396	248404	246616	392788	376176	217108	121928	313952	273512	138204	118368	8476	10108	19472	35484	225672	188640	179404	82900	75572	31980	
data	data	Precentral_L	Precentral_R	Frontal_Sup_L	Frontal_Sup_R	Frontal_Sup_Orb_L	Frontal_Sup_Orb_R	Frontal_Mid_L	Frontal_Mid_R	Frontal_Mid_Orb_L	Frontal_Mid_Orb_R	Frontal_Inf_Oper_L	Frontal_Inf_Oper_R	Frontal_Inf_Tri_L	Frontal_Inf_Tri_R	Frontal_Inf_Orb_L	Frontal_Inf_Orb_R	Rolandic_Oper_L	Rolandic_Oper_R	Supp_Motor_Area_L	Supp_Motor_Area_R	Olfactory_L	Olfactory_R	Frontal_Sup_Medial_L	Frontal_Sup_Medial_R	Frontal_Med_Orb_L	Frontal_Med_Orb_R	Rectus_L	Rectus_R	Insula_L	Insula_R	Cingulum_Ant_L	Cingulum_Ant_R	Cingulum_Mid_L	Cingulum_Mid_R	Cingulum_Post_L	Cingulum_Post_R	Hippocampus_L	Hippocampus_R	ParaHippocampal_L	ParaHippocampal_R	Amygdala_L	Amygdala_R	Calcarine_L	Calcarine_R	Cuneus_L	Cuneus_R	Lingual_L	Lingual_R	Occipital_Sup_L	Occipital_Sup_R	Occipital_Mid_L	Occipital_Mid_R	Occipital_Inf_L	Occipital_Inf_R	Fusiform_L	Fusiform_R	Postcentral_L	Postcentral_R	Parietal_Sup_L	Parietal_Sup_R	Parietal_Inf_L	Parietal_Inf_R	SupraMarginal_L	SupraMarginal_R	Angular_L	Angular_R	Precuneus_L	Precuneus_R	Paracentral_Lobule_L	Paracentral_Lobule_R	Caudate_L	Caudate_R	Putamen_L	Putamen_R	Pallidum_L	Pallidum_R	Thalamus_L	Thalamus_R	Heschl_L	Heschl_R	Temporal_Sup_L	Temporal_Sup_R	Temporal_Pole_Sup_L	Temporal_Pole_Sup_R	Temporal_Mid_L	Temporal_Mid_R	Temporal_Pole_Mid_L	Temporal_Pole_Mid_R	Temporal_Inf_L	Temporal_Inf_R	Cerebelum_Crus1_L	Cerebelum_Crus1_R	Cerebelum_Crus2_L	Cerebelum_Crus2_R	Cerebelum_3_L	Cerebelum_3_R	Cerebelum_4_5_L	Cerebelum_4_5_R	Cerebelum_6_L	Cerebelum_6_R	Cerebelum_7b_L	Cerebelum_7b_R	Cerebelum_8_L	Cerebelum_8_R	Cerebelum_9_L	Cerebelum_9_R	Cerebelum_10_L	Cerebelum_10_R	Vermis_1_2	Vermis_3	Vermis_4_5	Vermis_6	Vermis_7	Vermis_8	Vermis_9	Vermis_10	
603840	Precentral_L	0	18074	10242	4442	0	0	25068	5298	0	0	14110	318	3080	0	0	0	12726	128	3966	10056	0	0	208	176	0	0	0	0	12998	262	776	208	1502	8942	4676	3730	4814	3080	402	546	0	0	206	174	122	0	0	342	104	0	4486	0	252	0	900	608	32972	712	1650	0	1216	428	1586	554	2496	0	1788	352	31758	5664	18506	1464	6220	356	976	0	19818	2512	2292	0	3326	0	0	0	4148	638	0	0	2374	906	0	0	0	0	0	0	0	186	0	0	0	0	0	0	0	0	0	0	0	0	0	0	0	0	0	0	
399940	Precentral_R	18074	0	2928	15442	0	0	3628	15542	0	0	366	2736	120	142	0	0	586	3692	4438	6578	0	842	0	92	0	0	0	0	940	1506	252	274	670	5610	154	1268	180	4424	0	878	0	276	0	1246	0	992	0	430	0	996	0	496	0	1704	0	4270	1954	11252	0	0	0	1772	0	3312	0	142	0	2626	13720	5688	6212	14418	1928	1672	690	908	2724	19386	0	808	0	2142	0	0	0	2718	0	0	0	4126	0	0	0	0	0	0	0	0	0	0	0	0	0	0	0	0	0	0	0	0	0	0	0	0	0	0	
978044	Frontal_Sup_L	10242	2928	0	19548	12358	0	74970	5788	5976	0	19794	1000	22072	358	15548	90	10506	134	66368	12738	214	0	46278	18160	534	0	492	0	43506	538	26810	9688	13386	24916	364	0	368	98	0	0	0	0	0	0	0	0	0	0	0	0	112	0	0	0	102	0	1306	120	0	0	0	80	78	86	0	0	0	0	1236	0	5528	2642	6230	940	210	0	710	206	90	0	776	0	2240	0	306	0	0	0	254	0	0	0	0	0	0	0	0	0	0	0	0	0	0	0	0	0	0	0	0	0	0	0	0	0	0	0	
883072	Frontal_Sup_R	4442	15442	19548	0	84	2664	9436	45108	0	1204	460	13498	658	9866	400	5394	0	5842	26214	43610	206	910	22726	50020	104	2300	0	2214	2140	16236	11614	33484	2368	33198	124	174	78	2192	0	198	0	104	0	0	0	0	0	0	0	0	0	0	0	0	0	346	220	480	0	0	0	82	0	216	0	0	0	0	1882	356	8798	23444	1110	13780	0	722	514	3824	0	160	0	626	0	372	0	162	0	0	0	182	0	0	0	0	0	0	0	0	0	0	0	0	0	0	0	0	0	0	0	0	0	0	0	0	0	0	
164180	Frontal_Sup_Orb_L	0	0	12358	84	0	0	1654	0	11010	0	378	0	2054	0	11398	0	112	0	188	0	1320	156	5178	582	5380	400	5462	0	7216	0	8462	570	0	0	0	0	0	0	0	0	282	0	0	0	0	0	0	0	0	0	0	0	0	0	0	0	0	0	0	0	0	0	0	0	0	0	0	0	0	0	912	168	3794	78	0	0	0	0	0	0	0	0	2894	0	0	0	0	0	0	0	0	0	0	0	0	0	0	0	0	0	0	0	0	0	0	0	0	0	0	0	0	0	0	0	0	0	
76748	Frontal_Sup_Orb_R	0	0	0	2664	0	0	0	1114	0	3976	0	0	0	100	0	2096	0	0	0	170	244	1324	178	1968	334	7334	282	9358	0	314	692	2166	0	0	0	0	0	0	0	0	0	0	0	0	0	0	0	0	0	0	0	0	0	0	0	0	0	0	0	0	0	0	0	0	0	0	0	0	0	0	400	1982	338	1340	0	0	0	0	0	0	0	0	0	0	0	0	0	0	0	0	0	0	0	0	0	0	0	0	0	0	0	0	0	0	0	0	0	0	0	0	0	0	0	0	0	0	
614288	Frontal_Mid_L	25068	3628	74970	9436	1654	0	0	7242	4524	0	13358	1238	31452	238	10330	0	1970	168	18940	2190	0	0	16326	6740	0	0	0	0	23934	402	10396	3544	7450	12588	154	146	148	306	0	88	0	0	0	0	0	0	0	0	0	0	0	0	0	0	0	0	730	264	0	0	0	216	0	318	0	0	0	0	230	0	11610	1066	662	398	252	0	2268	328	0	0	76	0	98	0	0	0	0	0	0	0	0	0	0	0	0	0	0	0	0	0	0	0	0	0	0	0	0	0	0	0	0	0	0	0	0	0	
415452	Frontal_Mid_R	5298	15542	5788	45108	0	1114	7242	0	0	2672	1296	9776	862	13898	316	8786	0	3660	6346	7004	0	0	3252	9726	0	0	0	0	2290	5410	4780	9592	1562	8360	0	0	82	858	0	0	0	0	0	0	0	0	0	0	0	0	0	0	0	0	0	276	0	838	0	0	0	410	0	492	0	0	0	0	446	90	8822	8418	588	3892	0	598	622	364	0	308	0	834	0	0	0	0	0	0	0	108	0	0	0	0	0	0	0	0	0	0	0	0	0	0	0	0	0	0	0	0	0	0	0	0	0	0	
86492	Frontal_Mid_Orb_L	0	0	5976	0	11010	0	4524	0	0	0	0	0	2484	0	13148	0	0	0	0	0	0	0	194	0	350	0	1704	0	1910	0	500	0	0	0	0	0	0	0	0	0	0	0	0	0	0	0	0	0	0	0	0	0	0	0	0	0	0	0	0	0	0	0	0	0	0	0	0	0	0	0	0	0	112	0	0	0	0	0	0	0	0	0	1334	0	0	0	0	0	0	0	0	0	0	0	0	0	0	0	0	0	0	0	0	0	0	0	0	0	0	0	0	0	0	0	0	0	
31368	Frontal_Mid_Orb_R	0	0	0	1204	0	3976	0	2672	0	0	0	0	0	470	0	4326	0	0	0	0	0	76	0	88	0	0	0	956	0	80	0	0	0	0	0	0	0	0	0	0	0	0	0	0	0	0	0	0	0	0	0	0	0	0	0	0	0	0	0	0	0	0	0	0	0	0	0	0	0	0	0	908	0	928	0	0	0	0	0	0	0	0	0	0	0	0	0	0	0	0	0	0	0	0	0	0	0	0	0	0	0	0	0	0	0	0	0	0	0	0	0	0	0	0	0	0	
268824	Frontal_Inf_Oper_L	14110	366	19794	460	378	0	13358	1296	0	0	0	252	15856	0	346	0	17300	0	13268	388	0	0	478	110	0	0	0	0	21974	0	1500	374	960	614	0	0	0	0	0	0	0	0	0	0	0	0	0	0	0	0	0	0	0	0	0	0	3396	0	0	0	0	0	0	0	0	0	0	0	410	0	1566	440	1036	0	0	0	0	84	456	0	1814	0	1524	0	504	0	0	0	0	0	0	0	0	0	0	0	0	0	0	0	0	0	0	0	0	0	0	0	0	0	0	0	0	0	0	0	
208216	Frontal_Inf_Oper_R	318	2736	1000	13498	0	0	1238	9776	0	0	252	0	448	14704	220	254	0	5518	4992	7998	0	0	694	5252	0	0	0	0	1016	17930	1236	3282	794	3220	0	0	0	450	0	0	0	0	0	0	0	0	0	0	0	0	0	0	0	0	0	0	0	1334	0	0	0	104	0	118	0	0	0	0	0	0	168	1020	0	2750	0	0	0	102	0	418	0	708	0	560	0	0	0	0	0	0	0	0	0	0	0	0	0	0	0	0	0	0	0	0	0	0	0	0	0	0	0	0	0	0	0	0	
297100	Frontal_Inf_Tri_L	3080	120	22072	658	2054	0	31452	862	2484	0	15856	448	0	0	17786	0	1904	0	6268	220	0	0	2006	332	0	0	0	0	29908	0	3762	698	1282	1382	0	0	0	0	0	0	0	0	0	0	0	0	0	0	0	0	0	0	0	0	0	0	158	0	0	0	0	0	0	0	0	0	0	0	0	0	1298	456	838	86	0	0	0	94	0	0	142	0	844	0	0	0	0	0	0	0	0	0	0	0	0	0	0	0	0	0	0	0	0	0	0	0	0	0	0	0	0	0	0	0	0	0	
158156	Frontal_Inf_Tri_R	0	142	358	9866	0	100	238	13898	0	470	0	14704	0	0	0	4006	0	1608	2922	4630	0	0	774	4568	0	0	0	0	138	11984	268	2258	244	3622	0	0	0	218	0	0	0	0	0	0	0	0	0	0	0	0	0	0	0	0	0	0	0	0	0	0	0	0	0	0	0	0	0	0	0	0	0	230	0	1720	0	0	0	0	0	0	0	112	0	0	0	0	0	0	0	0	0	0	0	0	0	0	0	0	0	0	0	0	0	0	0	0	0	0	0	0	0	0	0	0	0	0	
207604	Frontal_Inf_Orb_L	0	0	15548	400	11398	0	10330	316	13148	0	346	220	17786	0	0	0	116	0	694	112	1358	0	1322	198	0	0	908	0	17258	0	2524	0	194	286	0	0	260	0	98	0	420	0	0	0	0	0	0	0	0	0	0	0	0	0	0	0	0	0	0	0	0	0	0	0	0	0	0	0	0	0	674	0	1928	0	0	0	0	0	0	0	476	0	5484	0	0	0	0	0	0	0	0	0	0	0	0	0	0	0	0	0	0	0	0	0	0	0	0	0	0	0	0	0	0	0	0	0	
95968	Frontal_Inf_Orb_R	0	0	90	5394	0	2096	0	8786	0	4326	0	254	0	4006	0	0	0	0	182	692	0	720	242	442	0	0	0	2608	0	4412	0	790	0	1302	0	0	0	132	0	0	0	0	0	0	0	0	0	0	0	0	0	0	0	0	0	82	0	0	0	0	0	0	0	0	0	0	0	0	0	0	182	5704	0	5260	0	160	0	0	0	0	0	0	0	122	0	0	0	0	0	0	0	0	0	0	0	0	0	0	0	0	0	0	0	0	0	0	0	0	0	0	0	0	0	0	0	0	
227420	Rolandic_Oper_L	12726	586	10506	0	112	0	1970	0	0	0	17300	0	1904	0	116	0	0	0	6212	164	0	0	118	0	0	0	0	0	20224	0	334	0	524	0	92	0	188	0	0	0	0	0	0	0	0	0	0	0	0	0	1388	0	0	0	0	0	12956	0	756	0	916	0	2962	0	498	0	350	0	394	0	3414	0	1172	0	0	0	0	0	4788	0	7084	0	1680	0	1842	0	0	0	434	0	0	0	0	0	0	0	0	0	0	0	0	0	0	0	0	0	0	0	0	0	0	0	0	0	0	0	
126644	Rolandic_Oper_R	128	3692	134	5842	0	0	168	3660	0	0	0	5518	0	1608	0	0	0	0	1738	3614	0	0	0	944	0	0	0	0	0	13398	260	658	0	394	0	0	0	814	0	0	0	0	0	88	0	0	0	0	0	0	0	0	0	76	0	138	0	3784	0	0	0	280	0	3006	0	0	0	216	0	0	216	910	0	3396	0	208	0	180	0	2196	0	5390	0	240	0	228	0	0	0	200	0	0	0	0	0	0	0	0	0	0	0	0	0	0	0	0	0	0	0	0	0	0	0	0	0	0	
751364	Supp_Motor_Area_L	3966	4438	66368	26214	188	0	18940	6346	0	0	13268	4992	6268	2922	694	182	6212	1738	0	46636	0	0	10504	7938	0	0	0	0	23502	5272	14346	10234	15038	30530	494	0	382	802	80	92	0	0	0	0	0	0	0	0	0	0	0	0	0	0	368	98	618	82	0	0	0	0	0	0	0	0	0	84	10758	356	7718	10464	4584	5570	2734	384	720	170	0	0	1074	166	354	0	140	114	0	0	540	0	0	0	0	0	0	0	0	0	0	0	0	0	0	0	0	0	0	0	0	0	0	0	0	0	0	0	
693320	Supp_Motor_Area_R	10056	6578	12738	43610	0	170	2190	7004	0	0	388	7998	220	4630	112	692	164	3614	46636	0	0	0	1944	11796	0	108	0	98	1112	9328	4356	14090	5914	54204	484	2362	0	1204	0	126	0	126	0	574	0	1006	0	126	0	1028	0	370	0	154	0	524	528	1230	0	190	0	596	0	728	0	564	0	3412	18666	16228	4050	20722	1348	11596	0	974	236	1874	0	98	0	676	0	302	0	2966	0	0	0	1842	0	0	0	0	0	0	0	0	0	0	0	0	0	0	0	0	0	0	0	0	0	0	0	0	0	0	
72424	Olfactory_L	0	0	214	206	1320	244	0	0	0	0	0	0	0	0	1358	0	0	0	0	0	0	5118	196	296	1080	334	1746	564	2578	0	2954	2160	0	0	0	0	326	0	424	0	1224	0	0	0	0	0	0	0	0	0	0	0	0	0	0	0	0	0	0	0	0	0	0	0	0	0	0	0	0	0	5200	2222	4652	1072	106	0	0	0	0	0	0	0	618	0	0	0	0	0	0	0	0	0	0	0	0	0	0	0	0	0	0	0	0	0	0	0	0	0	0	0	0	0	0	0	0	0	
114428	Olfactory_R	0	842	0	910	156	1324	0	0	0	76	0	0	0	0	0	720	0	0	0	0	5118	0	0	752	416	2054	1066	4694	78	1478	3062	4206	0	0	0	0	0	106	0	86	0	674	0	0	0	0	0	0	0	0	0	0	0	0	0	0	0	0	0	0	0	0	0	0	0	0	0	0	0	0	8954	8620	6850	2190	688	910	0	1034	0	0	0	0	0	150	0	0	0	0	0	0	0	0	0	0	0	0	0	0	0	0	0	0	0	0	0	0	0	0	0	0	0	0	0	0	0	0	
526568	Frontal_Sup_Medial_L	208	0	46278	22726	5178	178	16326	3252	194	0	478	694	2006	774	1322	242	118	0	10504	1944	196	0	0	38838	3976	856	1048	0	8476	670	34964	19862	7948	23618	162	0	0	0	0	0	0	0	0	0	0	0	0	0	0	0	0	0	0	0	0	0	0	0	0	0	0	0	0	0	0	0	0	0	0	0	3036	2466	2782	1654	0	108	0	78	0	0	0	0	124	0	0	0	0	0	0	0	0	0	0	0	0	0	0	0	0	0	0	0	0	0	0	0	0	0	0	0	0	0	0	0	0	0	
504168	Frontal_Sup_Medial_R	176	92	18160	50020	582	1968	6740	9726	0	88	110	5252	332	4568	198	442	0	944	7938	11796	296	752	38838	0	512	3308	0	992	1704	4042	12152	30456	1766	25868	0	0	0	0	0	0	0	0	0	0	0	0	0	0	0	0	0	0	0	0	0	0	0	0	0	0	0	0	0	0	0	0	0	0	0	0	422	6822	242	4542	0	154	84	0	0	0	0	0	0	0	0	0	0	0	0	0	0	0	0	0	0	0	0	0	0	0	0	0	0	0	0	0	0	0	0	0	0	0	0	0	0	0	
54228	Frontal_Med_Orb_L	0	0	534	104	5380	334	0	0	350	0	0	0	0	0	0	0	0	0	0	0	1080	416	3976	512	0	1586	3214	256	116	0	6016	858	0	0	0	0	0	0	0	0	0	0	0	0	0	0	0	0	0	0	0	0	0	0	0	0	0	0	0	0	0	0	0	0	0	0	0	0	0	0	942	168	1178	94	0	0	0	0	0	0	0	0	0	0	0	0	0	0	0	0	0	0	0	0	0	0	0	0	0	0	0	0	0	0	0	0	0	0	0	0	0	0	0	0	0	0	
79488	Frontal_Med_Orb_R	0	0	0	2300	400	7334	0	0	0	0	0	0	0	0	0	0	0	0	0	108	334	2054	856	3308	1586	0	524	8638	0	0	2346	5488	0	0	0	0	0	0	0	0	0	0	0	0	0	0	0	0	0	0	0	0	0	0	0	0	0	0	0	0	0	0	0	0	0	0	0	0	0	0	418	2318	356	1272	0	104	0	0	0	0	0	0	0	0	0	0	0	0	0	0	0	0	0	0	0	0	0	0	0	0	0	0	0	0	0	0	0	0	0	0	0	0	0	0	0	0	
53564	Rectus_L	0	0	492	0	5462	282	0	0	1704	0	0	0	0	0	908	0	0	0	0	0	1746	1066	1048	0	3214	524	0	618	542	0	3556	950	0	0	0	0	0	0	0	0	186	0	0	0	0	0	0	0	0	0	0	0	0	0	0	0	0	0	0	0	0	0	0	0	0	0	0	0	0	0	1340	430	1788	230	0	0	0	0	0	0	0	0	696	0	0	0	0	0	0	0	0	0	0	0	0	0	0	0	0	0	0	0	0	0	0	0	0	0	0	0	0	0	0	0	0	0	
94260	Rectus_R	0	0	0	2214	0	9358	0	0	0	956	0	0	0	0	0	2608	0	0	0	98	564	4694	0	992	256	8638	618	0	0	1102	540	4026	0	0	0	0	0	0	0	0	0	266	0	0	0	0	0	0	0	0	0	0	0	0	0	0	0	0	0	0	0	0	0	0	0	0	0	0	0	0	974	4726	872	3518	0	110	0	0	0	0	0	0	0	0	0	0	0	0	0	0	0	0	0	0	0	0	0	0	0	0	0	0	0	0	0	0	0	0	0	0	0	0	0	0	0	0	
713628	Insula_L	12998	940	43506	2140	7216	0	23934	2290	1910	0	21974	1016	29908	138	17258	0	20224	0	23502	1112	2578	78	8476	1704	116	0	542	0	0	152	18362	3196	10264	8644	486	176	10774	0	1626	0	2334	0	0	0	0	0	0	0	0	0	1014	0	0	0	5228	0	10700	0	514	0	406	0	1034	0	448	0	294	0	430	0	6390	1432	19928	0	0	0	1042	332	5006	0	8066	0	4640	0	2278	0	0	0	8058	0	0	0	0	0	0	0	0	0	0	0	0	0	0	0	0	0	0	0	0	0	0	0	0	0	0	0	
274944	Insula_R	262	1506	538	16236	0	314	402	5410	0	80	0	17930	0	11984	0	4412	0	13398	5272	9328	0	1478	670	4042	0	0	0	1102	152	0	548	1922	144	2914	0	0	0	3188	0	150	0	650	0	0	0	112	0	0	0	0	0	0	0	0	0	896	0	300	0	0	0	0	0	146	0	0	0	188	112	0	448	2344	0	17206	0	0	224	622	0	2334	0	5000	0	1126	0	1414	0	90	0	878	0	0	0	0	0	0	0	0	0	0	0	0	0	0	0	0	0	0	0	0	0	0	0	0	0	0	
554952	Cingulum_Ant_L	776	252	26810	11614	8462	692	10396	4780	500	0	1500	1236	3762	268	2524	0	334	260	14346	4356	2954	3062	34964	12152	6016	2346	3556	540	18362	548	0	27228	17806	19542	1108	0	0	86	0	0	0	0	0	0	0	0	0	0	0	0	0	0	0	0	0	0	160	0	0	0	0	0	0	0	0	0	0	0	188	0	10556	5778	13146	3338	0	154	0	292	0	0	0	0	726	0	0	0	0	0	0	0	0	0	0	0	0	0	0	0	0	0	0	0	0	0	0	0	0	0	0	0	0	0	0	0	0	0	
541156	Cingulum_Ant_R	208	274	9688	33484	570	2166	3544	9592	0	0	374	3282	698	2258	0	790	0	658	10234	14090	2160	4206	19862	30456	858	5488	950	4026	3196	1922	27228	0	6160	28832	0	0	0	188	0	0	0	188	0	0	0	0	0	0	0	0	0	0	0	0	0	126	0	0	0	0	0	0	0	0	0	0	0	0	132	0	3174	22634	3386	12436	0	468	0	478	0	0	0	0	0	114	0	0	0	0	0	0	0	0	0	0	0	0	0	0	0	0	0	0	0	0	0	0	0	0	0	0	0	0	0	0	0	0	
341812	Cingulum_Mid_L	1502	670	13386	2368	0	0	7450	1562	0	0	960	794	1282	244	194	0	524	0	15038	5914	0	0	7948	1766	0	0	0	0	10264	144	17806	6160	0	26128	6034	286	248	0	0	0	0	0	858	306	2750	874	0	0	2660	1062	5642	240	0	82	354	240	952	0	2262	80	440	262	356	124	546	286	6024	2292	5888	2584	714	610	394	230	0	0	0	0	0	0	624	0	0	0	800	660	0	0	776	262	0	0	0	0	0	0	0	0	0	0	0	0	0	0	0	0	0	0	0	0	0	0	0	0	0	0	
844888	Cingulum_Mid_R	8942	5610	24916	33198	0	0	12588	8360	0	0	614	3220	1382	3622	286	1302	0	394	30530	54204	0	0	23618	25868	0	0	0	0	8644	2914	19542	28832	26128	0	982	4416	0	468	0	0	0	0	0	2412	78	4576	0	480	358	3874	0	1310	0	584	0	1612	244	1214	346	360	0	1124	0	1060	0	1122	778	11712	17010	22658	1524	5850	250	2310	0	658	244	328	0	0	0	392	0	0	0	4754	0	0	0	2642	0	0	0	0	0	0	0	0	0	0	0	0	0	0	0	0	0	0	0	0	0	0	0	0	0	0	
169364	Cingulum_Post_L	4676	154	364	124	0	0	154	0	0	0	0	0	0	0	0	0	92	0	494	484	0	0	162	0	0	0	0	0	486	0	1108	0	6034	982	0	6518	6644	2388	1818	760	0	0	5740	0	1232	124	1088	662	1104	0	5728	0	76	0	900	386	2066	0	790	0	596	0	0	0	244	0	15350	1016	6222	430	0	0	0	0	0	0	4294	0	450	0	78	0	0	0	1388	0	0	0	918	0	0	0	0	0	0	0	0	358	0	0	0	0	0	0	0	0	0	0	0	0	0	0	0	0	0	0	
159444	Cingulum_Post_R	3730	1268	0	174	0	0	146	0	0	0	0	0	0	0	0	0	0	0	0	2362	0	0	0	0	0	0	0	0	176	0	0	0	286	4416	6518	0	1764	7530	0	2212	0	0	0	3214	0	770	0	4350	0	168	0	1312	0	2184	0	4916	222	1786	0	0	0	0	0	0	0	0	272	11048	1326	3690	76	0	0	0	0	0	6076	1780	92	0	0	182	0	0	0	2426	0	0	0	2110	0	0	0	0	0	0	0	746	0	0	0	0	0	0	0	0	0	0	0	0	394	0	0	0	0	0	
201588	Hippocampus_L	4814	180	368	78	0	0	148	82	0	0	0	0	0	0	260	0	188	0	382	0	326	0	0	0	0	0	0	0	10774	0	0	0	248	0	6644	1764	0	862	10634	0	7118	0	2966	0	0	0	3424	0	0	0	478	0	0	0	12966	0	2364	0	0	0	0	0	0	0	0	0	5062	194	252	0	806	0	5626	0	502	0	3950	0	2104	0	2074	0	1506	0	544	0	118	0	10988	0	0	0	0	0	0	0	0	0	0	0	0	0	0	0	0	0	0	0	0	0	0	0	0	0	0	0	
236388	Hippocampus_R	3080	4424	98	2192	0	0	306	858	0	0	0	450	0	218	0	132	0	814	802	1204	0	106	0	0	0	0	0	0	0	3188	86	188	0	468	2388	7530	862	0	0	15398	0	6928	0	630	0	0	0	4130	0	0	0	0	0	266	0	21264	0	76	0	0	0	0	0	234	0	0	0	3376	1590	146	442	1402	0	7906	0	734	5638	7364	0	942	0	1228	0	640	0	1756	0	0	0	5130	0	0	0	0	0	0	0	1278	0	100	0	0	0	0	0	0	0	0	0	0	202	0	0	0	0	0	
75736	ParaHippocampal_L	402	0	0	0	0	0	0	0	0	0	0	0	0	0	98	0	0	0	80	0	424	0	0	0	0	0	0	0	1626	0	0	0	0	0	1818	0	10634	0	0	0	1400	0	808	0	0	0	2694	90	0	0	150	0	0	0	7804	0	246	0	0	0	0	0	0	0	0	0	2016	0	0	0	0	0	970	0	0	0	554	0	0	0	302	0	1142	0	0	0	972	0	2784	0	0	0	0	0	132	0	202	0	88	0	0	0	0	0	0	0	0	0	170	262	0	0	0	0	0	0	
113348	ParaHippocampal_R	546	878	0	198	0	0	88	0	0	0	0	0	0	0	0	0	0	0	92	126	0	86	0	0	0	0	0	0	0	150	0	0	0	0	760	2212	0	15398	0	0	0	2184	0	288	0	0	0	5290	0	0	0	0	0	0	0	14038	0	0	0	0	0	0	0	0	0	0	0	922	118	0	0	132	0	1220	0	334	1426	2938	0	248	0	348	0	1520	0	224	0	1414	0	270	0	100	0	0	0	100	0	2574	0	334	0	0	0	0	0	0	0	0	0	0	118	0	0	0	0	0	
39564	Amygdala_L	0	0	0	0	282	0	0	0	0	0	0	0	0	0	420	0	0	0	0	0	1224	0	0	0	0	0	186	0	2334	0	0	0	0	0	0	0	7118	0	1400	0	0	0	0	0	0	0	0	0	0	0	0	0	0	0	2928	0	0	0	0	0	0	0	0	0	0	0	0	0	0	0	0	0	312	0	0	0	0	0	0	0	0	0	1584	0	0	0	220	0	1774	0	0	0	0	0	0	0	0	0	0	0	0	0	0	0	0	0	0	0	0	0	0	0	0	0	0	0	
44312	Amygdala_R	0	276	0	104	0	0	0	0	0	0	0	0	0	0	0	0	0	0	0	126	0	674	0	0	0	0	0	266	0	650	0	188	0	0	0	0	0	6928	0	2184	0	0	0	0	0	0	0	0	0	0	0	0	0	0	0	6062	0	0	0	0	0	0	0	0	0	0	0	0	0	0	0	544	0	856	0	0	0	500	0	0	0	0	0	2218	0	0	0	126	0	454	0	0	0	0	0	0	0	0	0	0	0	0	0	0	0	0	0	0	0	0	0	0	0	0	0	0	
289708	Calcarine_L	206	0	0	0	0	0	0	0	0	0	0	0	0	0	0	0	0	0	0	0	0	0	0	0	0	0	0	0	0	0	0	0	858	0	5740	0	2966	0	808	0	0	0	0	7738	17608	6062	12084	3126	10092	2586	25592	346	3952	368	6520	920	750	0	234	0	1094	0	78	0	868	0	25188	716	566	0	0	0	0	0	0	0	0	0	164	0	116	0	0	0	4732	0	0	0	1796	0	504	0	0	0	0	0	180	0	142	0	0	0	0	0	0	0	0	0	0	0	154	0	0	0	0	0	
347788	Calcarine_R	174	1246	0	0	0	0	0	0	0	0	0	0	0	0	0	0	0	88	0	574	0	0	0	0	0	0	0	0	0	0	0	0	306	2412	0	3214	0	630	0	288	0	0	7738	0	3380	27286	944	26340	222	17072	98	6360	0	11300	0	20386	0	1184	0	0	0	322	0	916	0	566	1400	25506	186	3364	0	0	0	0	0	0	0	0	0	0	0	156	0	0	0	3760	0	0	0	6296	0	0	0	0	0	0	0	0	0	0	0	0	0	0	0	0	0	0	0	0	180	0	0	0	0	0	
191380	Cuneus_L	122	0	0	0	0	0	0	0	0	0	0	0	0	0	0	0	0	0	0	0	0	0	0	0	0	0	0	0	0	0	0	0	2750	78	1232	0	0	0	0	0	0	0	17608	3380	0	5830	1618	204	19646	1828	15698	300	302	0	726	84	1026	0	950	0	1322	0	0	0	470	0	16028	1366	1252	0	0	0	0	0	0	0	0	0	0	0	0	0	0	0	1442	0	0	0	428	0	0	0	0	0	0	0	0	0	0	0	0	0	0	0	0	0	0	0	0	0	0	0	0	0	0	0	
333452	Cuneus_R	0	992	0	0	0	0	0	0	0	0	0	0	0	0	0	0	0	0	0	1006	0	0	0	0	0	0	0	0	0	112	0	0	874	4576	124	770	0	0	0	0	0	0	6062	27286	5830	0	350	6878	404	36614	0	11714	0	3238	0	6726	0	1904	0	1314	0	232	0	692	0	242	2404	29226	188	7954	0	0	0	0	0	0	0	0	0	0	0	126	0	0	0	5292	0	0	0	3596	0	0	0	0	0	0	0	0	0	0	0	0	0	0	0	0	0	0	0	0	0	0	0	0	0	0	
206768	Lingual_L	0	0	0	0	0	0	0	0	0	0	0	0	0	0	0	0	0	0	0	0	0	0	0	0	0	0	0	0	0	0	0	0	0	0	1088	0	3424	0	2694	0	0	0	12084	944	1618	350	0	2466	2786	246	11700	0	7560	0	19476	702	0	0	0	0	0	0	0	0	0	0	4142	0	0	0	0	0	0	0	0	0	0	0	0	0	0	0	0	0	116	0	0	0	354	0	3364	832	230	0	220	88	9370	1496	8562	1064	0	0	98	0	84	0	0	0	172	194	4406	1454	0	0	0	0	
323988	Lingual_R	342	430	0	0	0	0	0	0	0	0	0	0	0	0	0	0	0	0	0	126	0	0	0	0	0	0	0	0	0	0	0	0	0	480	662	4350	0	4130	90	5290	0	0	3126	26340	204	6878	2466	0	0	5754	0	3248	0	7486	1282	25058	0	376	0	0	0	0	0	0	0	0	246	10780	0	854	0	0	0	0	0	0	968	662	0	0	0	0	0	0	0	1056	0	0	0	1306	1620	6114	332	0	190	218	4130	8526	4138	7608	78	0	398	0	1008	0	0	0	0	170	8636	4210	628	0	0	0	
166684	Occipital_Sup_L	104	0	0	0	0	0	0	0	0	0	0	0	0	0	0	0	0	0	0	0	0	0	0	0	0	0	0	0	0	0	0	0	2660	358	1104	0	0	0	0	0	0	0	10092	222	19646	404	2786	0	0	0	22964	0	248	0	302	0	172	0	6802	0	904	0	0	0	638	0	11184	690	516	0	0	0	0	0	0	0	0	0	0	0	0	0	0	0	1200	0	0	0	156	0	190	0	0	0	0	0	0	0	0	0	0	0	0	0	0	0	0	0	0	0	0	0	0	0	0	0	
307992	Occipital_Sup_R	0	996	0	0	0	0	0	0	0	0	0	0	0	0	0	0	0	0	0	1028	0	0	0	0	0	0	0	0	0	0	0	0	1062	3874	0	168	0	0	0	0	0	0	2586	17072	1828	36614	246	5754	0	0	0	18092	0	3354	0	4286	0	3250	0	5214	0	2202	0	744	0	4578	846	20298	180	10186	0	0	0	0	0	0	0	0	0	0	0	0	0	0	0	6218	0	0	0	3320	0	0	0	0	0	0	0	0	0	0	0	0	0	0	0	0	0	0	0	0	0	0	0	0	0	0	
568492	Occipital_Mid_L	4486	0	112	0	0	0	0	0	0	0	0	0	0	0	0	0	1388	0	0	0	0	0	0	0	0	0	0	0	1014	0	0	0	5642	0	5728	0	478	0	150	0	0	0	25592	98	15698	0	11700	0	22964	0	0	0	17522	0	15476	0	8270	0	23692	0	21378	0	2748	0	24148	0	28482	102	2594	0	0	0	96	0	0	0	0	0	1440	0	2292	0	0	0	30434	0	0	0	9772	0	334	0	0	0	0	0	156	0	160	0	0	0	0	0	0	0	0	0	0	0	100	0	0	0	0	0	
210776	Occipital_Mid_R	0	496	0	0	0	0	0	0	0	0	0	0	0	0	0	0	0	0	0	370	0	0	0	0	0	0	0	0	0	0	0	0	240	1310	0	1312	0	0	0	0	0	0	346	6360	300	11714	0	3248	0	18092	0	0	0	7352	0	3434	0	1344	0	2104	0	2598	0	1396	0	12130	98	11688	84	2516	0	0	0	0	0	0	0	0	0	0	0	618	0	0	0	12382	0	0	0	3856	0	0	0	0	0	0	0	0	0	0	0	0	0	0	0	0	0	0	0	0	0	0	0	0	0	0	
115908	Occipital_Inf_L	252	0	0	0	0	0	0	0	0	0	0	0	0	0	0	0	0	0	0	0	0	0	0	0	0	0	0	0	0	0	0	0	0	0	76	0	0	0	0	0	0	0	3952	0	302	0	7560	0	248	0	17522	0	0	0	14312	0	218	0	0	0	84	0	0	0	94	0	952	0	0	0	0	0	0	0	0	0	0	0	0	0	0	0	0	0	2276	0	0	0	3188	0	1580	0	0	0	0	0	1978	0	3092	0	0	0	0	0	0	0	0	0	0	0	158	110	0	0	0	0	
159220	Occipital_Inf_R	0	1704	0	0	0	0	0	0	0	0	0	0	0	0	0	0	0	76	0	154	0	0	0	0	0	0	0	0	0	0	0	0	82	584	0	2184	0	266	0	0	0	0	368	11300	0	3238	0	7486	0	3354	0	7352	0	0	0	16464	0	328	0	0	0	236	0	300	0	400	0	6652	0	902	0	0	0	0	0	0	0	0	0	0	0	84	0	0	0	2914	0	0	0	10258	0	336	0	0	0	0	348	552	198	672	0	0	0	0	240	0	0	0	0	0	578	0	0	0	0	0	
371148	Fusiform_L	900	0	102	0	0	0	0	0	0	0	0	0	0	0	0	0	0	0	368	0	0	0	0	0	0	0	0	0	5228	0	0	0	354	0	900	0	12966	0	7804	0	2928	0	6520	0	726	0	19476	1282	302	0	15476	0	14312	0	0	292	838	0	0	0	214	0	78	0	202	0	3152	0	0	0	186	0	1592	0	0	0	330	0	696	0	2518	0	2480	0	2500	0	1178	0	16774	0	14736	292	2734	0	270	0	11488	532	22920	428	1226	0	2750	0	162	0	0	0	0	0	3398	1964	0	0	0	0	
486980	Fusiform_R	608	4270	0	346	0	0	0	276	0	0	0	0	0	0	0	82	0	138	98	524	0	0	0	0	0	0	0	0	0	896	0	126	240	1612	386	4916	0	21264	0	14038	0	6062	920	20386	84	6726	702	25058	0	4286	0	3434	0	16464	292	0	0	488	0	0	0	132	0	750	0	126	0	11406	524	2162	138	592	0	1236	0	204	744	2548	0	564	0	788	0	4798	0	3862	0	3004	0	20536	326	14018	0	254	0	1824	1126	11154	1074	17042	0	0	0	190	492	0	0	0	0	190	4354	2346	264	0	0	0	
312296	Postcentral_L	32972	1954	1306	220	0	0	730	0	0	0	3396	0	158	0	0	0	12956	0	618	528	0	0	0	0	0	0	0	0	10700	0	160	0	952	244	2066	222	2364	0	246	0	0	0	750	0	1026	0	0	0	172	0	8270	0	218	0	838	0	0	0	8396	0	15776	0	5872	0	4178	0	5298	90	3912	280	4538	210	6064	0	304	0	560	0	3928	0	5748	0	0	0	5032	0	0	0	2896	0	0	0	0	0	0	0	0	0	0	0	0	0	0	0	0	0	0	0	0	0	0	0	0	0	0	0	
157284	Postcentral_R	712	11252	120	480	0	0	264	838	0	0	0	1334	0	0	0	0	0	3784	82	1230	0	0	0	0	0	0	0	0	0	300	0	0	0	1214	0	1786	0	76	0	0	0	0	0	1184	0	1904	0	376	0	3250	0	1344	0	328	0	488	0	0	0	4844	0	8636	0	15428	0	814	0	7624	390	4552	330	274	0	132	0	0	0	0	0	210	0	1200	0	0	0	1244	0	0	0	618	0	0	0	0	0	0	0	0	0	0	0	0	0	0	0	0	0	0	0	0	0	0	0	0	0	0	
189928	Parietal_Sup_L	1650	0	0	0	0	0	0	0	0	0	0	0	0	0	0	0	756	0	0	0	0	0	0	0	0	0	0	0	514	0	0	0	2262	346	790	0	0	0	0	0	0	0	234	0	950	0	0	0	6802	0	23692	0	0	0	0	0	8396	0	0	0	15840	0	1146	0	7094	0	17970	694	1122	0	0	0	0	0	0	0	0	0	0	0	572	0	0	0	2812	0	0	0	1322	0	0	0	0	0	0	0	0	0	0	0	0	0	0	0	0	0	0	0	0	0	0	0	0	0	0	0	
69356	Parietal_Sup_R	0	0	0	0	0	0	0	0	0	0	0	0	0	0	0	0	0	0	0	190	0	0	0	0	0	0	0	0	0	0	0	0	80	360	0	0	0	0	0	0	0	0	0	0	0	1314	0	0	0	5214	0	2104	0	0	0	0	0	4844	0	0	0	3572	0	428	0	5244	532	7302	0	1212	0	0	0	0	0	0	0	0	0	0	0	352	0	0	0	1750	0	0	0	180	0	0	0	0	0	0	0	0	0	0	0	0	0	0	0	0	0	0	0	0	0	0	0	0	0	0	
238056	Parietal_Inf_L	1216	0	0	0	0	0	0	0	0	0	0	0	0	0	0	0	916	0	0	0	0	0	0	0	0	0	0	0	406	0	0	0	440	0	596	0	0	0	0	0	0	0	1094	0	1322	0	0	0	904	0	21378	0	84	0	214	0	15776	0	15840	0	0	0	13386	0	23792	0	3454	0	498	0	0	0	0	0	0	0	0	0	118	0	1860	0	0	0	10582	0	0	0	5152	0	0	0	0	0	0	0	0	0	0	0	0	0	0	0	0	0	0	0	0	0	0	0	0	0	0	0	
113996	Parietal_Inf_R	428	1772	80	82	0	0	216	410	0	0	0	104	0	0	0	0	0	280	0	596	0	0	0	0	0	0	0	0	0	0	0	0	262	1124	0	0	0	0	0	0	0	0	0	322	0	232	0	0	0	2202	0	2598	0	236	0	132	0	8636	0	3572	0	0	0	14792	0	10328	0	1254	102	2416	418	194	0	0	0	0	0	0	0	0	0	388	0	0	0	3334	0	0	0	488	0	0	0	0	0	0	0	0	0	0	0	0	0	0	0	0	0	0	0	0	0	0	0	0	0	0	
123612	SupraMarginal_L	1586	0	78	0	0	0	0	0	0	0	0	0	0	0	0	0	2962	0	0	0	0	0	0	0	0	0	0	0	1034	0	0	0	356	0	0	0	0	0	0	0	0	0	78	0	0	0	0	0	0	0	2748	0	0	0	78	0	5872	0	1146	0	13386	0	0	0	6708	0	602	0	0	0	726	0	0	0	0	0	0	0	160	0	6170	0	0	0	11978	0	0	0	6138	0	0	0	0	0	0	0	0	0	0	0	0	0	0	0	0	0	0	0	0	0	0	0	0	0	0	0	
149448	SupraMarginal_R	554	3312	86	216	0	0	318	492	0	0	0	118	0	0	0	0	0	3006	0	728	0	0	0	0	0	0	0	0	0	146	0	0	124	1060	0	0	0	234	0	0	0	0	0	916	0	692	0	0	0	744	0	1396	0	300	0	750	0	15428	0	428	0	14792	0	0	0	8450	0	4176	0	1902	548	206	0	0	0	0	0	0	0	290	0	6932	0	0	0	5416	0	0	0	964	0	0	0	0	0	0	0	0	0	0	0	0	0	0	0	0	0	0	0	0	0	0	0	0	0	0	
207484	Angular_L	2496	0	0	0	0	0	0	0	0	0	0	0	0	0	0	0	498	0	0	0	0	0	0	0	0	0	0	0	448	0	0	0	546	0	244	0	0	0	0	0	0	0	868	0	470	0	0	0	638	0	24148	0	94	0	202	0	4178	0	7094	0	23792	0	6708	0	0	0	2332	0	114	0	0	0	0	0	0	0	0	0	308	0	3972	0	0	0	19760	0	0	0	4832	0	0	0	0	0	0	0	0	0	0	0	0	0	0	0	0	0	0	0	0	0	0	0	0	0	0	0	
131780	Angular_R	0	142	0	0	0	0	0	0	0	0	0	0	0	0	0	0	0	0	0	564	0	0	0	0	0	0	0	0	0	0	0	0	286	1122	0	0	0	0	0	0	0	0	0	566	0	242	0	0	0	4578	0	12130	0	400	0	126	0	814	0	5244	0	10328	0	8450	0	0	0	1354	84	2656	0	0	0	0	0	0	0	0	0	0	0	4678	0	0	0	10690	0	0	0	1436	0	0	0	0	0	0	0	0	0	0	0	0	0	0	0	0	0	0	0	0	0	0	0	0	0	0	
351940	Precuneus_L	1788	0	0	0	0	0	0	0	0	0	0	0	0	0	0	0	350	0	0	0	0	0	0	0	0	0	0	0	294	0	0	0	6024	778	15350	272	5062	0	2016	0	0	0	25188	1400	16028	2404	4142	246	11184	846	28482	98	952	0	3152	0	5298	0	17970	532	3454	0	602	0	2332	0	0	5550	4504	98	0	0	0	0	0	0	220	0	258	0	306	0	0	0	5806	0	0	0	2984	0	0	0	0	0	0	0	0	0	0	0	0	0	0	0	0	0	0	0	0	0	0	0	0	0	0	0	
445036	Precuneus_R	352	2626	0	0	0	0	0	0	0	0	0	0	0	0	0	0	0	216	84	3412	0	0	0	0	0	0	0	0	0	188	0	0	2292	11712	1016	11048	194	3376	0	922	0	0	716	25506	1366	29226	0	10780	690	20298	102	11688	0	6652	0	11406	90	7624	694	7302	0	1254	0	4176	0	1354	5550	0	640	16832	0	0	0	0	0	0	220	0	0	0	0	758	0	0	0	11102	0	0	0	8440	0	0	0	0	0	0	0	0	0	0	0	0	0	0	0	0	0	0	0	0	614	0	0	0	0	0	
327440	Paracentral_Lobule_L	31758	13720	1236	1882	0	0	230	446	0	0	410	0	0	0	0	0	394	0	10758	18666	0	0	0	0	0	0	0	0	430	112	188	132	5888	17010	6222	1326	252	1590	0	118	0	0	566	186	1252	188	0	0	516	180	2594	84	0	0	0	524	3912	390	1122	0	498	102	0	0	114	84	4504	640	0	6808	3202	554	1828	290	2956	0	13088	1836	0	0	118	0	0	0	650	842	0	0	338	986	0	0	0	0	0	0	0	0	0	0	0	0	0	0	0	0	0	0	0	0	0	0	0	0	0	0	
272224	Paracentral_Lobule_R	5664	5688	0	356	0	0	0	90	0	0	0	0	0	0	0	0	0	0	356	16228	0	0	0	0	0	0	0	0	0	0	0	0	2584	22658	430	3690	0	146	0	0	0	0	0	3364	0	7954	0	854	0	10186	0	2516	0	902	0	2162	280	4552	0	1212	0	2416	0	1902	0	2656	98	16832	6808	0	0	702	0	86	0	0	190	930	0	0	0	360	0	0	0	7616	0	0	0	3644	0	0	0	0	0	0	0	0	0	0	0	0	0	0	0	0	0	0	0	0	0	0	0	0	0	0	
405252	Caudate_L	18506	6212	5528	8798	912	400	11610	8822	0	0	1566	168	1298	0	674	182	3414	216	7718	4050	5200	8954	3036	422	942	418	1340	974	6390	448	10556	3174	714	1524	0	76	806	442	0	0	0	0	0	0	0	0	0	0	0	0	0	0	0	0	186	138	4538	330	0	0	0	418	726	548	0	0	0	0	3202	0	0	16756	27134	3064	4646	1496	9320	2104	548	0	1576	0	244	0	0	0	0	0	162	0	0	0	0	0	0	0	0	0	0	0	0	0	0	0	0	0	0	0	0	0	0	0	0	0	0	0	
490336	Caudate_R	1464	14418	2642	23444	168	1982	1066	8418	0	908	440	1020	456	230	0	5704	0	910	10464	20722	2222	8620	2466	6822	168	2318	430	4726	1432	2344	5778	22634	610	5850	0	0	0	1402	0	132	0	544	0	0	0	0	0	0	0	0	0	0	0	0	0	592	210	274	0	0	0	194	0	206	0	0	0	0	554	702	16756	0	8368	30928	428	5426	790	16206	0	136	0	94	0	202	0	0	0	0	0	148	0	0	0	0	0	0	0	0	0	0	0	0	0	0	0	0	0	0	0	0	0	0	0	0	0	0	
306732	Putamen_L	6220	1928	6230	1110	3794	338	662	588	112	0	1036	0	838	0	1928	0	1172	0	4584	1348	4652	6850	2782	242	1178	356	1788	872	19928	0	13146	3386	394	250	0	0	5626	0	970	0	312	0	0	0	0	0	0	0	0	0	96	0	0	0	1592	0	6064	0	0	0	0	0	0	0	0	0	0	0	1828	0	27134	8368	0	1518	6266	302	1482	844	94	0	788	0	550	0	306	0	0	0	1514	0	0	0	0	0	0	0	0	0	0	0	0	0	0	0	0	0	0	0	0	0	0	0	0	0	0	0	
315836	Putamen_R	356	1672	940	13780	78	1340	398	3892	0	928	0	2750	86	1720	0	5260	0	3396	5570	11596	1072	2190	1654	4542	94	1272	230	3518	0	17206	3338	12436	230	2310	0	0	0	7906	0	1220	0	856	0	0	0	0	0	0	0	0	0	0	0	0	0	1236	0	132	0	0	0	0	0	0	0	0	0	0	290	86	3064	30928	1518	0	0	3832	120	1014	0	174	0	1252	0	128	0	80	0	0	0	228	0	0	0	0	0	0	0	0	0	0	0	0	0	0	0	0	0	0	0	0	0	0	0	0	0	0	
45568	Pallidum_L	976	690	210	0	0	0	252	0	0	0	0	0	0	0	0	0	0	0	2734	0	106	688	0	0	0	0	0	0	0	0	0	0	0	0	0	0	502	0	0	0	0	0	0	0	0	0	0	0	0	0	0	0	0	0	0	0	304	0	0	0	0	0	0	0	0	0	0	0	2956	0	4646	428	6266	0	0	0	1826	200	0	0	0	0	0	0	0	0	0	0	0	0	0	0	0	0	0	0	0	0	0	0	0	0	0	0	0	0	0	0	0	0	0	0	0	0	0	0	
38132	Pallidum_R	0	908	0	722	0	0	0	598	0	0	0	0	0	0	0	160	0	208	384	974	0	910	108	154	0	104	0	110	0	0	154	468	0	658	0	0	0	734	0	334	0	0	0	0	0	0	0	0	0	0	0	0	0	0	0	204	0	0	0	0	0	0	0	0	0	0	0	0	0	0	1496	5426	302	3832	0	0	0	118	0	0	0	0	0	0	0	0	0	0	0	0	0	0	0	0	0	0	0	0	0	0	0	0	0	0	0	0	0	0	0	0	0	0	0	0	0	0	
181740	Thalamus_L	19818	2724	710	514	0	0	2268	622	0	0	0	0	0	0	0	0	0	0	720	236	0	0	0	84	0	0	0	0	1042	224	0	0	0	244	4294	6076	3950	5638	554	1426	0	0	0	0	0	0	0	968	0	0	0	0	0	0	330	744	560	0	0	0	0	0	0	0	0	0	220	220	13088	190	9320	790	1482	120	1826	0	0	6814	0	0	0	0	0	0	0	878	0	0	264	1306	0	0	0	0	0	0	0	606	0	0	0	0	0	0	0	0	0	0	0	0	0	0	0	0	0	0	
163056	Thalamus_R	2512	19386	206	3824	0	0	328	364	0	0	84	102	94	0	0	0	0	180	170	1874	0	1034	78	0	0	0	0	0	332	622	292	478	0	328	0	1780	0	7364	0	2938	0	500	0	0	0	0	0	662	0	0	0	0	0	0	0	2548	0	0	0	0	0	0	0	0	0	0	0	0	1836	930	2104	16206	844	1014	200	118	6814	0	0	0	0	116	0	0	0	1126	0	0	0	1848	0	0	0	0	0	0	0	292	0	0	0	0	0	0	0	0	0	0	0	0	0	0	0	0	0	0	
65868	Heschl_L	2292	0	90	0	0	0	0	0	0	0	456	0	0	0	0	0	4788	0	0	0	0	0	0	0	0	0	0	0	5006	0	0	0	0	0	450	92	2104	0	0	0	0	0	164	0	0	0	0	0	0	0	1440	0	0	0	696	0	3928	0	0	0	118	0	160	0	308	0	258	0	0	0	548	0	94	0	0	0	0	0	0	0	3998	0	0	0	3558	0	0	0	2386	0	0	0	0	0	0	0	0	0	0	0	0	0	0	0	0	0	0	0	0	0	0	0	0	0	0	0	
32908	Heschl_R	0	808	0	160	0	0	0	308	0	0	0	418	0	0	0	0	0	2196	0	98	0	0	0	0	0	0	0	0	0	2334	0	0	0	0	0	0	0	942	0	248	0	0	0	0	0	0	0	0	0	0	0	0	0	0	0	564	0	210	0	0	0	0	0	290	0	0	0	0	0	0	0	136	0	174	0	0	0	0	0	0	0	5804	0	0	0	1596	0	0	0	168	0	0	0	0	0	0	0	0	0	0	0	0	0	0	0	0	0	0	0	0	0	0	0	0	0	0	
185076	Temporal_Sup_L	3326	0	776	0	0	0	76	0	0	0	1814	0	142	0	476	0	7084	0	1074	0	0	0	0	0	0	0	0	0	8066	0	0	0	624	0	78	0	2074	0	302	0	0	0	116	0	0	0	0	0	0	0	2292	0	0	0	2518	0	5748	0	572	0	1860	0	6170	0	3972	0	306	0	118	0	1576	0	788	0	0	0	0	0	3998	0	0	0	5880	0	21664	0	0	0	9048	0	0	0	0	0	0	0	0	0	0	0	0	0	0	0	0	0	0	0	0	0	0	0	0	0	0	0	
122820	Temporal_Sup_R	0	2142	0	626	0	0	0	834	0	0	0	708	0	112	0	0	0	5390	166	676	0	0	0	0	0	0	0	0	0	5000	0	0	0	392	0	182	0	1228	0	348	0	0	0	156	0	126	0	0	0	0	0	618	0	84	0	788	0	1200	0	352	0	388	0	6932	0	4678	0	758	0	360	0	94	0	1252	0	0	0	116	0	5804	0	0	0	2674	0	15166	0	866	0	1194	0	0	0	0	0	0	0	0	0	0	0	0	0	0	0	0	0	0	0	0	0	0	0	0	0	0	
135708	Temporal_Pole_Sup_L	0	0	2240	0	2894	0	98	0	1334	0	1524	0	844	0	5484	0	1680	0	354	0	618	0	124	0	0	0	696	0	4640	0	726	0	0	0	0	0	1506	0	1142	0	1584	0	0	0	0	0	0	0	0	0	0	0	0	0	2480	0	0	0	0	0	0	0	0	0	0	0	0	0	0	0	244	0	550	0	0	0	0	0	0	0	5880	0	0	0	13128	0	6476	0	11608	0	0	0	0	0	0	0	0	0	0	0	0	0	0	0	0	0	0	0	0	0	0	0	0	0	0	0	
66608	Temporal_Pole_Sup_R	0	0	0	372	0	0	0	0	0	0	0	560	0	0	0	122	0	240	0	302	0	150	0	0	0	0	0	0	0	1126	0	114	0	0	0	0	0	640	0	1520	0	2218	0	0	0	0	0	0	0	0	0	0	0	0	0	4798	0	0	0	0	0	0	0	0	0	0	0	0	0	0	0	202	0	128	0	0	0	0	0	0	0	2674	0	0	0	4658	0	8026	0	5454	0	0	0	0	0	0	0	0	0	0	0	0	0	0	0	0	0	0	0	0	0	0	0	0	0	0	
395892	Temporal_Mid_L	4148	0	306	0	0	0	0	0	0	0	504	0	0	0	0	0	1842	0	140	0	0	0	0	0	0	0	0	0	2278	0	0	0	800	0	1388	0	544	0	0	0	0	0	4732	0	1442	0	116	0	1200	0	30434	0	2276	0	2500	0	5032	0	2812	0	10582	0	11978	0	19760	0	5806	0	650	0	0	0	306	0	0	0	0	0	3558	0	21664	0	13128	0	0	0	5068	0	42952	0	0	0	0	0	0	0	0	0	0	0	0	0	0	0	0	0	0	0	0	0	0	0	0	0	0	0	
309616	Temporal_Mid_R	638	2718	0	162	0	0	0	0	0	0	0	0	0	0	0	0	0	228	114	2966	0	0	0	0	0	0	0	0	0	1414	0	0	660	4754	0	2426	0	1756	0	224	0	0	0	3760	0	5292	0	1056	0	6218	0	12382	0	2914	0	3862	0	1244	0	1750	0	3334	0	5416	0	10690	0	11102	842	7616	0	0	0	80	0	0	878	1126	0	1596	0	15166	0	4658	0	0	0	4072	0	31694	0	0	0	0	0	0	0	0	0	0	0	0	0	0	0	0	0	0	0	0	0	0	0	0	0	0	
38416	Temporal_Pole_Mid_L	0	0	0	0	0	0	0	0	0	0	0	0	0	0	0	0	0	0	0	0	0	0	0	0	0	0	0	0	0	0	0	0	0	0	0	0	118	0	972	0	220	0	0	0	0	0	0	0	0	0	0	0	0	0	1178	0	0	0	0	0	0	0	0	0	0	0	0	0	0	0	0	0	0	0	0	0	0	0	0	0	0	0	6476	0	5068	0	0	0	5176	0	0	0	0	0	0	0	0	0	0	0	0	0	0	0	0	0	0	0	0	0	0	0	0	0	0	0	
44536	Temporal_Pole_Mid_R	0	0	0	0	0	0	0	0	0	0	0	0	0	0	0	0	0	0	0	0	0	0	0	0	0	0	0	0	0	90	0	0	0	0	0	0	0	0	0	1414	0	126	0	0	0	0	0	0	0	0	0	0	0	0	0	3004	0	0	0	0	0	0	0	0	0	0	0	0	0	0	0	0	0	0	0	0	0	0	0	0	0	866	0	8026	0	4072	0	0	0	4670	0	0	0	0	0	0	0	0	0	0	0	0	0	0	0	0	0	0	0	0	0	0	0	0	0	0	
322776	Temporal_Inf_L	2374	0	254	0	0	0	0	0	0	0	0	0	0	0	0	0	434	0	540	0	0	0	0	0	0	0	0	0	8058	0	0	0	776	0	918	0	10988	0	2784	0	1774	0	1796	0	428	0	354	0	156	0	9772	0	3188	0	16774	0	2896	0	1322	0	5152	0	6138	0	4832	0	2984	0	338	0	162	0	1514	0	0	0	264	0	2386	0	9048	0	11608	0	42952	0	5176	0	0	0	1832	0	744	0	0	0	0	0	340	0	148	0	184	0	0	0	0	0	0	0	0	0	0	0	0	0	
267052	Temporal_Inf_R	906	4126	0	182	0	0	0	108	0	0	0	0	0	0	0	0	0	200	0	1842	0	0	0	0	0	0	0	0	0	878	0	0	262	2642	0	2110	0	5130	0	270	0	454	0	6296	0	3596	0	1306	0	3320	0	3856	0	10258	0	20536	0	618	0	180	0	488	0	964	0	1436	0	8440	986	3644	0	148	0	228	0	0	1306	1848	0	168	0	1194	0	5454	0	31694	0	4670	0	0	0	1192	0	288	0	0	0	78	0	224	0	0	0	0	0	0	0	0	0	0	0	0	0	0	0	0	
356044	Cerebelum_Crus1_L	0	0	0	0	0	0	0	0	0	0	0	0	0	0	0	0	0	0	0	0	0	0	0	0	0	0	0	0	0	0	0	0	0	0	0	0	0	0	0	0	0	0	504	0	0	0	3364	1620	190	0	334	0	1580	0	14736	326	0	0	0	0	0	0	0	0	0	0	0	0	0	0	0	0	0	0	0	0	0	0	0	0	0	0	0	0	0	0	0	0	1832	0	0	1344	29714	1454	1472	0	12206	630	44714	1944	14954	416	22950	2174	3574	384	292	0	160	284	3220	7474	3250	696	230	0	
398188	Cerebelum_Crus1_R	0	0	0	0	0	0	0	0	0	0	0	0	0	0	0	0	0	0	0	0	0	0	0	0	0	0	0	0	0	0	0	0	0	0	0	0	0	0	0	100	0	0	0	0	0	0	832	6114	0	0	0	0	0	336	292	14018	0	0	0	0	0	0	0	0	0	0	0	0	0	0	0	0	0	0	0	0	0	0	0	0	0	0	0	0	0	0	0	0	0	1192	1344	0	3048	27112	148	3160	3798	19856	3060	50098	390	4708	788	18914	1964	1584	0	98	484	1494	11196	9224	10854	1298	1408	182	
266316	Cerebelum_Crus2_L	0	0	0	0	0	0	0	0	0	0	0	0	0	0	0	0	0	0	0	0	0	0	0	0	0	0	0	0	0	0	0	0	0	0	0	0	0	0	0	0	0	0	0	0	0	0	230	332	0	0	0	0	0	0	2734	0	0	0	0	0	0	0	0	0	0	0	0	0	0	0	0	0	0	0	0	0	0	0	0	0	0	0	0	0	0	0	0	0	744	0	29714	3048	0	3658	186	0	988	84	7754	844	33028	1288	33408	2708	3270	442	0	0	0	76	478	1714	4532	1758	140	0	
225732	Cerebelum_Crus2_R	0	0	0	0	0	0	0	0	0	0	0	0	0	0	0	0	0	0	0	0	0	0	0	0	0	0	0	0	0	0	0	0	0	0	0	0	0	0	0	0	0	0	0	0	0	0	0	0	0	0	0	0	0	0	0	254	0	0	0	0	0	0	0	0	0	0	0	0	0	0	0	0	0	0	0	0	0	0	0	0	0	0	0	0	0	0	0	0	0	288	1454	27112	3658	0	0	188	174	652	662	4180	1526	21806	2226	34102	470	2574	0	126	80	82	344	1226	8048	1250	384	0	
30552	Cerebelum_3_L	0	0	0	0	0	0	0	0	0	0	0	0	0	0	0	0	0	0	0	0	0	0	0	0	0	0	0	0	0	0	0	0	0	0	0	0	0	0	132	0	0	0	0	0	0	0	220	190	0	0	0	0	0	0	270	0	0	0	0	0	0	0	0	0	0	0	0	0	0	0	0	0	0	0	0	0	0	0	0	0	0	0	0	0	0	0	0	0	0	0	1472	148	186	0	0	0	5654	192	2516	198	438	0	862	0	158	0	0	0	614	1272	754	0	0	0	0	0	
42396	Cerebelum_3_R	0	0	0	0	0	0	0	0	0	0	0	0	0	0	0	0	0	0	0	0	0	0	0	0	0	0	0	0	0	0	0	0	0	0	0	0	0	0	0	100	0	0	0	0	0	0	88	218	0	0	0	0	0	0	0	1824	0	0	0	0	0	0	0	0	0	0	0	0	0	0	0	0	0	0	0	0	0	0	0	0	0	0	0	0	0	0	0	0	0	0	0	3160	0	188	0	0	146	5218	0	6784	0	0	0	250	0	0	0	0	574	2402	246	0	0	0	0	0	
248404	Cerebelum_4_5_L	0	0	0	0	0	0	0	0	0	0	0	0	0	0	0	0	0	0	0	0	0	0	0	0	0	0	0	0	0	0	0	0	0	0	0	0	0	0	202	0	0	0	180	0	0	0	9370	4130	0	0	156	0	1978	348	11488	1126	0	0	0	0	0	0	0	0	0	0	0	0	0	0	0	0	0	0	0	0	0	0	0	0	0	0	0	0	0	0	0	0	0	0	12206	3798	988	174	5654	146	0	6040	28154	5326	1408	0	2722	288	4970	932	128	0	1058	1722	15810	1944	0	0	520	1236	
246616	Cerebelum_4_5_R	186	0	0	0	0	0	0	0	0	0	0	0	0	0	0	0	0	0	0	0	0	0	0	0	0	0	0	0	0	0	0	0	0	0	358	746	0	1278	0	2574	0	0	0	0	0	0	1496	8526	0	0	0	0	0	552	532	11154	0	0	0	0	0	0	0	0	0	0	0	0	0	0	0	0	0	0	0	0	606	292	0	0	0	0	0	0	0	0	0	0	0	78	630	19856	84	652	192	5218	6040	0	2816	29332	80	136	574	1456	2078	1482	0	0	286	1172	15864	1910	2216	1134	1250	472	
392788	Cerebelum_6_L	0	0	0	0	0	0	0	0	0	0	0	0	0	0	0	0	0	0	0	0	0	0	0	0	0	0	0	0	0	0	0	0	0	0	0	0	0	0	88	0	0	0	142	0	0	0	8562	4138	0	0	160	0	3092	198	22920	1074	0	0	0	0	0	0	0	0	0	0	0	0	0	0	0	0	0	0	0	0	0	0	0	0	0	0	0	0	0	0	0	0	340	0	44714	3060	7754	662	2516	0	28154	2816	0	4906	6682	242	13120	2074	6714	1032	376	0	404	636	10642	13148	3714	388	1288	638	
376176	Cerebelum_6_R	0	0	0	0	0	0	0	0	0	0	0	0	0	0	0	0	0	0	0	0	0	0	0	0	0	0	0	0	0	0	0	0	0	0	0	0	0	100	0	334	0	0	0	0	0	0	1064	7608	0	0	0	0	0	672	428	17042	0	0	0	0	0	0	0	0	0	0	0	0	0	0	0	0	0	0	0	0	0	0	0	0	0	0	0	0	0	0	0	0	0	224	1944	50098	844	4180	198	6784	5326	29332	4906	0	358	1330	1064	6008	3504	2348	82	148	714	2210	14836	11912	7540	1830	2646	474	
217108	Cerebelum_7b_L	0	0	0	0	0	0	0	0	0	0	0	0	0	0	0	0	0	0	0	0	0	0	0	0	0	0	0	0	0	0	0	0	0	0	0	0	0	0	0	0	0	0	0	0	0	0	0	78	0	0	0	0	0	0	1226	0	0	0	0	0	0	0	0	0	0	0	0	0	0	0	0	0	0	0	0	0	0	0	0	0	0	0	0	0	0	0	0	0	148	0	14954	390	33028	1526	438	0	1408	80	6682	358	0	476	34194	2568	4086	526	100	0	0	86	312	936	2632	2136	186	0	
121928	Cerebelum_7b_R	0	0	0	0	0	0	0	0	0	0	0	0	0	0	0	0	0	0	0	0	0	0	0	0	0	0	0	0	0	0	0	0	0	0	0	0	0	0	0	0	0	0	0	0	0	0	0	0	0	0	0	0	0	0	0	0	0	0	0	0	0	0	0	0	0	0	0	0	0	0	0	0	0	0	0	0	0	0	0	0	0	0	0	0	0	0	0	0	0	0	416	4708	1288	21806	0	0	0	136	242	1330	476	0	570	23256	0	2170	0	126	0	0	0	464	3190	702	84	0	
313952	Cerebelum_8_L	0	0	0	0	0	0	0	0	0	0	0	0	0	0	0	0	0	0	0	0	0	0	0	0	0	0	0	0	0	0	0	0	0	0	0	0	0	0	0	0	0	0	0	0	0	0	98	398	0	0	0	0	0	0	2750	0	0	0	0	0	0	0	0	0	0	0	0	0	0	0	0	0	0	0	0	0	0	0	0	0	0	0	0	0	0	0	0	0	184	0	22950	788	33408	2226	862	0	2722	574	13120	1064	34194	570	0	5852	13672	2754	632	82	142	240	990	3060	6254	5202	2188	0	
273512	Cerebelum_8_R	0	0	0	0	0	0	0	0	0	0	0	0	0	0	0	0	0	0	0	0	0	0	0	0	0	0	0	0	0	0	0	0	0	0	0	0	0	0	0	0	0	0	0	0	0	0	0	0	0	0	0	0	0	0	0	190	0	0	0	0	0	0	0	0	0	0	0	0	0	0	0	0	0	0	0	0	0	0	0	0	0	0	0	0	0	0	0	0	0	0	2174	18914	2708	34102	0	250	288	1456	2074	6008	2568	23256	5852	0	1862	13116	0	936	174	140	550	2724	10514	4394	2218	288	
138204	Cerebelum_9_L	0	0	0	0	0	0	0	0	0	0	0	0	0	0	0	0	0	0	0	0	0	0	0	0	0	0	0	0	0	0	0	0	0	0	0	0	0	0	0	0	0	0	0	0	0	0	84	1008	0	0	0	0	0	240	162	492	0	0	0	0	0	0	0	0	0	0	0	0	0	0	0	0	0	0	0	0	0	0	0	0	0	0	0	0	0	0	0	0	0	0	3574	1964	3270	470	158	0	4970	2078	6714	3504	4086	0	13672	1862	0	2406	2360	0	138	128	3934	3878	2472	1986	2700	792	
118368	Cerebelum_9_R	0	0	0	0	0	0	0	0	0	0	0	0	0	0	0	0	0	0	0	0	0	0	0	0	0	0	0	0	0	0	0	0	0	0	0	0	0	0	0	0	0	0	0	0	0	0	0	0	0	0	0	0	0	0	0	0	0	0	0	0	0	0	0	0	0	0	0	0	0	0	0	0	0	0	0	0	0	0	0	0	0	0	0	0	0	0	0	0	0	0	384	1584	442	2574	0	0	932	1482	1032	2348	526	2170	2754	13116	2406	0	150	1908	0	0	1426	4010	4840	4920	6716	3464	
8476	Cerebelum_10_L	0	0	0	0	0	0	0	0	0	0	0	0	0	0	0	0	0	0	0	0	0	0	0	0	0	0	0	0	0	0	0	0	0	0	0	0	0	0	0	0	0	0	0	0	0	0	0	0	0	0	0	0	0	0	0	0	0	0	0	0	0	0	0	0	0	0	0	0	0	0	0	0	0	0	0	0	0	0	0	0	0	0	0	0	0	0	0	0	0	0	292	0	0	0	0	0	128	0	376	82	100	0	632	0	2360	150	0	0	0	0	0	118	0	0	0	0	
10108	Cerebelum_10_R	0	0	0	0	0	0	0	0	0	0	0	0	0	0	0	0	0	0	0	0	0	0	0	0	0	0	0	0	0	0	0	0	0	0	0	0	0	0	0	0	0	0	0	0	0	0	0	0	0	0	0	0	0	0	0	0	0	0	0	0	0	0	0	0	0	0	0	0	0	0	0	0	0	0	0	0	0	0	0	0	0	0	0	0	0	0	0	0	0	0	0	98	0	126	0	0	0	0	0	148	0	126	82	936	0	1908	0	0	0	0	0	240	342	362	376	310	
19472	Vermis_1_2	0	0	0	0	0	0	0	0	0	0	0	0	0	0	0	0	0	0	0	0	0	0	0	0	0	0	0	0	0	0	0	0	0	0	0	0	0	0	170	0	0	0	0	0	0	0	172	0	0	0	0	0	0	0	0	0	0	0	0	0	0	0	0	0	0	0	0	0	0	0	0	0	0	0	0	0	0	0	0	0	0	0	0	0	0	0	0	0	0	0	160	484	0	80	614	574	1058	286	404	714	0	0	142	174	138	0	0	0	0	3330	1032	204	0	0	0	0	
35484	Vermis_3	0	0	0	0	0	0	0	0	0	0	0	0	0	0	0	0	0	0	0	0	0	0	0	0	0	0	0	0	0	0	0	0	0	0	0	0	0	0	262	0	0	0	0	0	0	0	194	170	0	0	0	0	0	0	0	190	0	0	0	0	0	0	0	0	0	0	0	0	0	0	0	0	0	0	0	0	0	0	0	0	0	0	0	0	0	0	0	0	0	0	284	1494	76	82	1272	2402	1722	1172	636	2210	86	0	240	140	128	0	0	0	3330	0	1526	126	0	0	0	0	
225672	Vermis_4_5	0	0	0	0	0	0	0	0	0	0	0	0	0	0	0	0	0	0	0	0	0	0	0	0	0	0	0	0	0	0	0	0	0	0	0	394	0	202	0	118	0	0	154	180	0	0	4406	8636	0	0	100	0	158	578	3398	4354	0	0	0	0	0	0	0	0	0	0	0	614	0	0	0	0	0	0	0	0	0	0	0	0	0	0	0	0	0	0	0	0	0	0	3220	11196	478	344	754	246	15810	15864	10642	14836	312	0	990	550	3934	1426	0	0	1032	1526	0	3652	352	0	620	1760	
188640	Vermis_6	0	0	0	0	0	0	0	0	0	0	0	0	0	0	0	0	0	0	0	0	0	0	0	0	0	0	0	0	0	0	0	0	0	0	0	0	0	0	0	0	0	0	0	0	0	0	1454	4210	0	0	0	0	110	0	1964	2346	0	0	0	0	0	0	0	0	0	0	0	0	0	0	0	0	0	0	0	0	0	0	0	0	0	0	0	0	0	0	0	0	0	0	7474	9224	1714	1226	0	0	1944	1910	13148	11912	936	464	3060	2724	3878	4010	118	240	204	126	3652	0	7682	1908	4004	2678	
