data	data	569456	396632	668556	726196	126444	104388	448876	307708	41480	19376	299396	204804	181584	167704	136704	150948	277544	93648	631988	962248	64956	76156	178064	235484	13144	79860	47220	61076	490636	402268	157644	294232	155836	558216	219040	195576	198012	381128	94680	314208	32016	76928	246984	381592	146396	377608	301352	371300	200304	386840	548628	373872	137320	78088	434152	520672	266812	269552	180396	130652	314048	119952	138956	144868	151836	192220	392852	540852	310384	352552	203772	337072	208032	416020	58668	67756	183688	227764	78056	22248	254500	146424	42296	48100	375948	392928	13188	23676	383936	356592	581792	508424	500216	426104	33228	69092	342304	246144	507588	439940	381044	271616	395436	422712	126744	142516	19912	18316	26352	54252	249820	235480	291184	146436	102084	31364	
data	data	Precentral_L	Precentral_R	Frontal_Sup_L	Frontal_Sup_R	Frontal_Sup_Orb_L	Frontal_Sup_Orb_R	Frontal_Mid_L	Frontal_Mid_R	Frontal_Mid_Orb_L	Frontal_Mid_Orb_R	Frontal_Inf_Oper_L	Frontal_Inf_Oper_R	Frontal_Inf_Tri_L	Frontal_Inf_Tri_R	Frontal_Inf_Orb_L	Frontal_Inf_Orb_R	Rolandic_Oper_L	Rolandic_Oper_R	Supp_Motor_Area_L	Supp_Motor_Area_R	Olfactory_L	Olfactory_R	Frontal_Sup_Medial_L	Frontal_Sup_Medial_R	Frontal_Med_Orb_L	Frontal_Med_Orb_R	Rectus_L	Rectus_R	Insula_L	Insula_R	Cingulum_Ant_L	Cingulum_Ant_R	Cingulum_Mid_L	Cingulum_Mid_R	Cingulum_Post_L	Cingulum_Post_R	Hippocampus_L	Hippocampus_R	ParaHippocampal_L	ParaHippocampal_R	Amygdala_L	Amygdala_R	Calcarine_L	Calcarine_R	Cuneus_L	Cuneus_R	Lingual_L	Lingual_R	Occipital_Sup_L	Occipital_Sup_R	Occipital_Mid_L	Occipital_Mid_R	Occipital_Inf_L	Occipital_Inf_R	Fusiform_L	Fusiform_R	Postcentral_L	Postcentral_R	Parietal_Sup_L	Parietal_Sup_R	Parietal_Inf_L	Parietal_Inf_R	SupraMarginal_L	SupraMarginal_R	Angular_L	Angular_R	Precuneus_L	Precuneus_R	Paracentral_Lobule_L	Paracentral_Lobule_R	Caudate_L	Caudate_R	Putamen_L	Putamen_R	Pallidum_L	Pallidum_R	Thalamus_L	Thalamus_R	Heschl_L	Heschl_R	Temporal_Sup_L	Temporal_Sup_R	Temporal_Pole_Sup_L	Temporal_Pole_Sup_R	Temporal_Mid_L	Temporal_Mid_R	Temporal_Pole_Mid_L	Temporal_Pole_Mid_R	Temporal_Inf_L	Temporal_Inf_R	Cerebelum_Crus1_L	Cerebelum_Crus1_R	Cerebelum_Crus2_L	Cerebelum_Crus2_R	Cerebelum_3_L	Cerebelum_3_R	Cerebelum_4_5_L	Cerebelum_4_5_R	Cerebelum_6_L	Cerebelum_6_R	Cerebelum_7b_L	Cerebelum_7b_R	Cerebelum_8_L	Cerebelum_8_R	Cerebelum_9_L	Cerebelum_9_R	Cerebelum_10_L	Cerebelum_10_R	Vermis_1_2	Vermis_3	Vermis_4_5	Vermis_6	Vermis_7	Vermis_8	Vermis_9	Vermis_10	
569456	Precentral_L	0	11964	9928	5174	0	0	24256	4624	0	0	22648	114	1308	82	0	76	18238	0	6750	18224	0	0	0	0	0	0	0	0	10134	94	398	0	7892	4408	3786	522	2210	0	174	0	124	0	0	0	0	0	0	0	0	0	2008	0	908	0	2966	126	21134	2078	570	78	7416	0	2838	132	0	0	1056	262	24424	10150	2622	508	7304	0	5230	150	14558	1206	2866	0	12506	0	0	0	3212	0	0	0	4966	128	198	0	0	0	0	0	0	0	0	0	0	0	0	0	0	0	0	0	0	0	0	0	0	0	0	0	
396632	Precentral_R	11964	0	4068	15612	0	0	816	32990	0	0	1558	6988	170	0	0	0	2048	1924	5134	12190	0	0	0	0	0	0	0	0	2246	4550	94	86	1074	7332	532	1702	154	1278	0	846	0	0	0	850	0	158	0	932	0	158	0	432	0	0	90	3146	4516	13772	0	426	1508	2242	628	5334	0	234	152	2294	3440	11224	1632	3092	660	4042	392	774	588	5796	108	624	1158	1518	0	0	0	4226	0	0	204	6610	0	0	0	0	0	0	0	0	0	0	0	0	0	0	0	0	0	0	0	0	0	0	0	0	0	0	
668556	Frontal_Sup_L	9928	4068	0	11964	10666	0	50092	3362	1158	0	7312	348	12022	226	5850	0	4308	0	74542	23054	102	0	27260	0	888	0	426	0	22048	226	9800	1176	1732	6068	0	0	1356	0	0	0	434	0	0	0	0	0	0	0	0	0	0	0	0	0	166	0	1270	0	0	0	204	0	0	0	0	0	0	0	8542	232	6460	510	14094	0	1682	294	6492	192	564	0	2024	0	686	0	106	0	0	0	344	0	0	0	0	0	0	0	0	0	0	0	0	0	0	0	0	0	0	0	0	0	0	0	0	0	0	0	
726196	Frontal_Sup_R	5174	15612	11964	0	328	4148	6538	31968	0	882	518	9540	294	9140	566	8050	152	7556	25124	64112	0	352	4690	25686	0	2388	0	212	2062	16512	718	20358	204	27744	114	0	272	488	0	402	0	0	0	0	0	0	0	118	0	0	0	0	0	0	0	354	1822	702	0	0	118	194	0	322	0	0	0	0	1412	286	3266	19652	1198	17550	618	6020	770	4128	92	0	130	144	0	90	0	120	0	0	0	124	0	0	0	0	0	0	0	0	0	0	0	0	0	0	0	0	0	0	0	0	0	0	0	0	0	0	
126444	Frontal_Sup_Orb_L	0	0	10666	328	0	188	1112	0	5872	0	362	80	4900	0	10100	188	0	0	2190	348	1064	434	3184	0	1318	0	2096	370	9320	0	1236	0	0	244	0	0	0	0	0	0	0	0	0	0	0	0	0	0	0	0	0	0	0	0	0	0	0	0	0	0	0	0	0	0	0	0	0	0	0	0	902	118	6482	0	0	0	0	0	0	0	0	0	120	0	0	0	0	0	0	0	0	0	0	0	0	0	0	0	0	0	0	0	0	0	0	0	0	0	0	0	0	0	0	0	0	0	
104388	Frontal_Sup_Orb_R	0	0	0	4148	188	0	0	470	0	3386	0	0	0	252	186	6136	0	0	0	610	896	2324	0	2498	0	7996	790	6772	0	2196	474	1946	0	0	0	0	0	0	0	0	0	0	0	0	0	0	0	0	0	0	0	0	0	0	0	0	0	0	0	0	0	0	0	0	0	0	0	0	0	0	702	4714	0	5510	0	0	0	0	0	0	0	0	0	0	0	0	0	0	0	0	0	0	0	0	0	0	0	0	0	0	0	0	0	0	0	0	0	0	0	0	0	0	0	0	0	0	
448876	Frontal_Mid_L	24256	816	50092	6538	1112	0	0	600	1328	0	14210	0	21216	0	5986	0	5368	0	20784	8094	0	0	10910	0	0	0	0	0	12292	0	4912	492	1204	6206	182	102	814	0	0	0	278	0	0	0	0	0	0	0	0	0	0	0	0	0	402	0	3830	0	0	0	948	0	206	0	0	0	0	0	2450	210	1268	104	4162	0	1052	0	5906	436	2368	0	1980	0	0	0	400	0	0	0	924	0	0	0	0	0	0	0	0	0	0	0	0	0	0	0	0	0	0	0	0	0	0	0	0	0	0	0	
307708	Frontal_Mid_R	4624	32990	3362	31968	0	470	600	0	0	1552	1182	7328	280	6756	366	4344	1528	2336	4116	4310	0	0	0	1050	0	0	0	0	3122	2196	328	3852	114	710	124	0	142	922	0	614	0	0	0	0	0	0	0	104	0	0	0	0	0	0	0	624	3258	2340	0	76	768	1228	248	2470	0	0	0	0	1372	0	1804	4796	816	4206	294	2664	108	3716	92	0	750	136	0	0	78	158	0	0	100	362	0	0	0	0	0	0	0	0	0	0	0	0	0	0	0	0	0	0	0	0	0	0	0	0	0	0	
41480	Frontal_Mid_Orb_L	0	0	1158	0	5872	0	1328	0	0	0	0	0	562	0	8816	0	0	0	0	0	92	0	0	0	0	0	138	0	1452	0	0	0	0	0	0	0	0	0	0	0	0	0	0	0	0	0	0	0	0	0	0	0	0	0	0	0	0	0	0	0	0	0	0	0	0	0	0	0	0	0	0	0	1322	0	0	0	0	0	0	0	0	0	0	0	0	0	0	0	0	0	0	0	0	0	0	0	0	0	0	0	0	0	0	0	0	0	0	0	0	0	0	0	0	0	0	0	
19376	Frontal_Mid_Orb_R	0	0	0	882	0	3386	0	1552	0	0	0	0	0	240	0	2686	0	0	0	0	0	0	0	0	0	334	0	362	0	0	0	0	0	0	0	0	0	0	0	0	0	0	0	0	0	0	0	0	0	0	0	0	0	0	0	0	0	0	0	0	0	0	0	0	0	0	0	0	0	0	0	246	0	0	0	0	0	0	0	0	0	0	0	0	0	0	0	0	0	0	0	0	0	0	0	0	0	0	0	0	0	0	0	0	0	0	0	0	0	0	0	0	0	0	0	0	
299396	Frontal_Inf_Oper_L	22648	1558	7312	518	362	0	14210	1182	0	0	0	0	8646	0	264	0	19620	0	5504	1974	0	0	220	0	0	0	0	0	16030	0	238	0	0	390	344	232	2486	0	0	0	0	0	0	0	0	0	0	0	0	0	0	0	0	0	792	0	1974	78	0	0	2124	0	986	0	0	0	0	0	330	128	2120	122	2252	0	2960	0	8424	652	3940	0	16044	0	730	0	686	0	0	0	1618	0	0	0	0	0	0	0	0	0	0	0	0	0	0	0	0	0	0	0	0	0	0	0	0	0	0	0	
204804	Frontal_Inf_Oper_R	114	6988	348	9540	80	0	0	7328	0	0	0	0	210	5224	326	96	0	4570	650	7800	0	0	0	378	0	0	0	0	940	22134	0	534	0	396	0	90	0	2684	0	2124	0	0	0	160	0	0	0	340	0	0	0	102	0	0	0	2464	0	1748	0	0	0	184	0	158	0	0	0	326	0	174	2948	1914	276	12720	0	1298	116	704	0	380	0	722	0	114	0	984	0	0	0	1890	0	0	0	0	0	0	0	126	0	0	0	0	0	0	0	0	0	0	0	0	0	0	0	0	0	0	
181584	Frontal_Inf_Tri_L	1308	170	12022	294	4900	0	21216	280	562	0	8646	210	0	0	9956	0	574	0	4182	458	0	0	1602	0	104	0	236	0	18618	82	710	0	368	302	0	0	296	0	0	0	0	0	0	0	0	0	0	0	0	0	0	0	0	0	0	0	152	0	0	0	0	0	0	0	0	0	0	0	0	0	632	0	1950	0	134	0	0	0	326	0	264	0	238	0	0	0	0	0	0	0	0	0	0	0	0	0	0	0	0	0	0	0	0	0	0	0	0	0	0	0	0	0	0	0	0	0	
167704	Frontal_Inf_Tri_R	82	0	226	9140	0	252	0	6756	0	240	0	5224	0	0	84	13044	0	0	2350	8510	0	0	0	1080	0	198	0	0	518	13974	210	2148	0	3034	0	0	0	272	0	212	0	0	0	0	0	0	0	0	0	0	0	0	0	0	0	176	0	80	0	0	0	86	0	112	0	0	0	0	0	0	3676	8120	416	2900	0	468	144	120	0	0	0	0	0	0	0	0	0	0	0	0	0	0	0	0	0	0	0	0	0	0	0	0	0	0	0	0	0	0	0	0	0	0	0	0	0	0	
136704	Frontal_Inf_Orb_L	0	0	5850	566	10100	186	5986	366	8816	0	264	326	9956	84	0	188	0	0	2186	844	1074	426	664	0	0	0	1232	366	10500	94	328	0	234	744	0	0	120	0	0	0	160	0	0	0	0	0	0	0	0	0	0	0	0	0	0	0	0	0	0	0	0	0	0	0	0	0	0	0	0	0	1000	124	5000	0	0	0	0	0	0	0	0	0	568	0	0	0	0	0	0	0	0	0	0	0	0	0	0	0	0	0	0	0	0	0	0	0	0	0	0	0	0	0	0	0	0	0	
150948	Frontal_Inf_Orb_R	76	0	0	8050	188	6136	0	4344	0	2686	0	96	0	13044	188	0	0	0	1066	4608	674	2092	0	1538	0	1086	588	2300	100	6782	376	1632	0	700	0	0	0	0	0	172	0	260	0	0	0	0	0	0	0	0	0	0	0	0	0	0	0	0	0	0	0	0	0	96	0	0	0	0	0	0	2022	8700	0	4156	0	0	144	110	0	0	0	594	0	870	0	0	0	0	0	0	0	0	0	0	0	0	0	0	0	0	0	0	0	0	0	0	0	0	0	0	0	0	0	0	0	0	
277544	Rolandic_Oper_L	18238	2048	4308	152	0	0	5368	1528	0	0	19620	0	574	0	0	0	0	0	2326	1716	0	0	0	0	0	0	0	0	13184	0	0	0	0	92	268	178	1054	0	0	0	0	0	0	0	0	0	0	0	0	0	168	0	984	0	1904	0	7912	148	84	0	2936	0	1878	0	0	0	0	0	1548	326	2026	128	756	0	2618	0	8004	0	4256	0	19416	0	956	0	5414	0	0	0	6514	0	142	0	0	0	0	0	0	0	0	0	0	0	0	0	0	0	0	0	0	0	0	0	0	0	0	0	
93648	Rolandic_Oper_R	0	1924	0	7556	0	0	0	2336	0	0	0	4570	0	0	0	0	0	0	0	4184	0	0	0	86	0	0	0	0	134	11812	0	188	0	0	0	0	0	560	0	454	0	0	0	0	0	0	0	0	0	0	0	0	0	0	0	414	0	3660	0	0	0	0	0	2286	0	0	0	0	0	154	530	214	228	2104	0	108	0	120	0	724	0	1984	0	288	0	88	0	0	0	118	0	0	0	0	0	0	0	0	0	0	0	0	0	0	0	0	0	0	0	0	0	0	0	0	0	0	
631988	Supp_Motor_Area_L	6750	5134	74542	25124	2190	0	20784	4116	0	0	5504	650	4182	2350	2186	1066	2326	0	0	53148	100	0	4418	1534	202	0	0	0	14722	2230	4430	3682	7778	24088	146	106	1150	0	0	0	194	0	0	0	0	0	0	0	0	0	0	0	0	0	152	0	178	0	0	0	124	0	0	0	0	0	0	78	16974	450	5740	790	10072	114	886	202	2480	92	236	0	1558	0	646	0	88	0	0	0	302	0	0	0	0	0	0	0	0	0	0	0	0	0	0	0	0	0	0	0	0	0	0	0	0	0	0	0	
962248	Supp_Motor_Area_R	18224	12190	23054	64112	348	610	8094	4310	0	0	1974	7800	458	8510	844	4608	1716	4184	53148	0	0	0	2138	15498	0	1106	0	0	4006	13708	3732	17420	8440	58134	2950	4204	484	758	80	770	0	0	0	1306	0	198	0	1366	0	132	210	228	108	0	256	1010	1236	8042	0	0	554	0	276	356	0	94	346	3790	27590	29966	5472	17444	2438	9004	632	1068	1974	10780	188	218	1028	786	0	0	288	2696	0	0	402	2030	0	0	0	0	0	0	0	0	0	0	0	0	0	0	0	0	0	0	0	0	0	0	0	0	0	0	
64956	Olfactory_L	0	0	102	0	1064	896	0	0	92	0	0	0	0	0	1074	674	0	0	100	0	0	5472	0	0	344	0	3838	2420	1452	0	2894	1940	0	0	0	0	164	0	216	0	904	0	0	0	0	0	0	0	0	0	0	0	0	0	254	0	0	0	0	0	0	0	0	0	0	0	0	0	0	0	5190	3070	166	0	0	0	0	0	0	0	0	0	152	0	0	0	0	0	0	0	0	0	0	0	0	0	0	0	0	0	0	0	0	0	0	0	0	0	0	0	0	0	0	0	0	0	
76156	Olfactory_R	0	0	0	352	434	2324	0	0	0	0	0	0	0	0	426	2092	0	0	0	0	5472	0	0	0	0	320	3262	3898	0	3306	2182	1722	0	0	0	0	0	388	0	594	0	2306	0	0	0	0	0	0	0	0	0	0	0	0	0	0	0	0	0	0	0	0	0	0	0	0	0	0	0	0	4980	3592	0	0	0	0	0	122	0	0	0	0	0	306	0	0	0	0	0	0	0	0	0	0	0	0	0	0	0	0	0	0	0	0	0	0	0	0	0	0	0	0	0	0	0	0	
178064	Frontal_Sup_Medial_L	0	0	27260	4690	3184	0	10910	0	0	0	220	0	1602	0	664	0	0	0	4418	2138	0	0	0	8012	1048	0	0	0	1188	0	8410	6426	1902	4796	0	0	0	0	0	0	0	0	0	0	0	0	0	0	0	0	0	0	0	0	0	0	0	0	0	0	0	0	0	0	0	0	0	0	0	0	0	404	960	388	0	412	0	0	0	0	0	0	0	0	0	0	0	0	0	0	0	0	0	0	0	0	0	0	0	0	0	0	0	0	0	0	0	0	0	0	0	0	0	0	0	0	
235484	Frontal_Sup_Medial_R	0	0	0	25686	0	2498	0	1050	0	0	0	378	0	1080	0	1538	0	86	1534	15498	0	0	8012	0	0	4154	0	0	0	940	2822	22852	626	14200	0	0	0	0	0	0	0	0	0	0	0	0	0	0	0	0	0	0	0	0	0	0	0	0	0	0	0	0	0	0	0	0	0	0	0	0	106	5822	0	6726	0	1982	0	152	0	0	0	0	0	0	0	0	0	0	0	0	0	0	0	0	0	0	0	0	0	0	0	0	0	0	0	0	0	0	0	0	0	0	0	0	0	0	
13144	Frontal_Med_Orb_L	0	0	888	0	1318	0	0	0	0	0	0	0	104	0	0	0	0	0	202	0	344	0	1048	0	0	84	660	0	342	0	992	0	0	0	0	0	0	0	0	0	0	0	0	0	0	0	0	0	0	0	0	0	0	0	0	0	0	0	0	0	0	0	0	0	0	0	0	0	0	0	180	0	410	0	0	0	0	0	0	0	0	0	0	0	0	0	0	0	0	0	0	0	0	0	0	0	0	0	0	0	0	0	0	0	0	0	0	0	0	0	0	0	0	0	0	0	
79860	Frontal_Med_Orb_R	0	0	0	2388	0	7996	0	0	0	334	0	0	0	198	0	1086	0	0	0	1106	0	320	0	4154	84	0	0	3980	0	274	416	5054	0	0	0	0	0	0	0	0	0	0	0	0	0	0	0	0	0	0	0	0	0	0	0	0	0	0	0	0	0	0	0	0	0	0	0	0	0	0	0	6980	0	5560	0	0	0	0	0	0	0	0	0	0	0	0	0	0	0	0	0	0	0	0	0	0	0	0	0	0	0	0	0	0	0	0	0	0	0	0	0	0	0	0	0	0	
47220	Rectus_L	0	0	426	0	2096	790	0	0	138	0	0	0	236	0	1232	588	0	0	0	0	3838	3262	0	0	660	0	0	2206	350	0	2456	1188	0	0	0	0	0	0	0	0	0	0	0	0	0	0	0	0	0	0	0	0	0	0	0	0	0	0	0	0	0	0	0	0	0	0	0	0	0	0	2532	1424	188	0	0	0	0	0	0	0	0	0	0	0	0	0	0	0	0	0	0	0	0	0	0	0	0	0	0	0	0	0	0	0	0	0	0	0	0	0	0	0	0	0	0	0	
61076	Rectus_R	0	0	0	212	370	6772	0	0	0	362	0	0	0	0	366	2300	0	0	0	0	2420	3898	0	0	0	3980	2206	0	0	1156	1250	1404	0	0	0	0	0	0	0	0	0	0	0	0	0	0	0	0	0	0	0	0	0	0	0	0	0	0	0	0	0	0	0	0	0	0	0	0	0	0	1570	1726	0	546	0	0	0	0	0	0	0	0	0	0	0	0	0	0	0	0	0	0	0	0	0	0	0	0	0	0	0	0	0	0	0	0	0	0	0	0	0	0	0	0	0	0	
490636	Insula_L	10134	2246	22048	2062	9320	0	12292	3122	1452	0	16030	940	18618	518	10500	100	13184	134	14722	4006	1452	0	1188	0	342	0	350	0	0	730	2128	96	0	2636	2278	1564	6084	128	152	112	1120	0	0	0	0	0	0	0	0	0	396	0	1408	0	4506	294	7434	718	0	0	5166	0	1444	0	0	0	0	206	2016	1908	3282	232	16820	176	92	174	2022	1034	8372	0	6158	0	3234	0	6192	100	0	0	9702	266	178	0	0	0	0	0	0	0	0	0	0	0	0	0	0	0	0	0	0	0	0	0	0	0	0	0	
402268	Insula_R	94	4550	226	16512	0	2196	0	2196	0	0	0	22134	82	13974	94	6782	0	11812	2230	13708	0	3306	0	940	0	274	0	1156	730	0	170	1424	0	2724	394	428	0	9826	0	6468	0	3548	0	420	0	0	0	1036	0	0	0	218	0	0	88	9296	86	2412	0	0	84	90	0	572	0	164	0	778	0	990	3768	4414	568	26098	0	170	180	4144	0	2344	0	5310	0	546	0	2078	0	124	86	6658	0	0	0	0	0	0	0	434	0	0	0	0	0	0	0	0	0	0	0	0	0	0	0	0	0	0	
157644	Cingulum_Ant_L	398	94	9800	718	1236	474	4912	328	0	0	238	0	710	210	328	376	0	0	4430	3732	2894	2182	8410	2822	992	416	2456	1250	2128	170	0	10440	3590	3872	0	0	0	0	0	0	0	0	0	0	0	0	0	0	0	0	0	0	0	0	0	0	0	0	0	0	0	0	0	0	0	0	0	0	0	0	3410	2220	3172	332	0	82	0	0	0	0	0	0	0	0	0	0	0	0	0	0	0	0	0	0	0	0	0	0	0	0	0	0	0	0	0	0	0	0	0	0	0	0	0	0	0	0	
294232	Cingulum_Ant_R	0	86	1176	20358	0	1946	492	3852	0	0	0	534	0	2148	0	1632	0	188	3682	17420	1940	1722	6426	22852	0	5054	1188	1404	96	1424	10440	0	1334	17818	0	0	0	0	0	0	0	0	0	0	0	0	0	0	0	0	0	0	0	0	0	0	0	0	0	0	0	0	0	0	0	0	0	0	0	0	2232	10388	0	8402	0	652	0	230	0	0	0	0	0	0	0	0	0	0	0	0	0	0	0	0	0	0	0	0	0	0	0	0	0	0	0	0	0	0	0	0	0	0	0	0	0	0	
155836	Cingulum_Mid_L	7892	1074	1732	204	0	0	1204	114	0	0	0	0	368	0	234	0	0	0	7778	8440	0	0	1902	626	0	0	0	0	0	0	3590	1334	0	7980	3558	584	0	0	0	0	0	0	736	102	126	0	128	0	920	0	2932	0	106	0	188	0	950	256	276	0	96	0	0	0	94	0	3818	490	13914	2774	0	0	0	0	0	0	0	0	0	0	0	0	0	0	1398	0	0	0	0	0	0	0	0	0	0	0	0	0	0	0	0	0	0	0	0	0	0	0	0	0	0	0	0	0	0	0	
558216	Cingulum_Mid_R	4408	7332	6068	27744	244	0	6206	710	0	0	390	396	302	3034	744	700	92	0	24088	58134	0	0	4796	14200	0	0	0	0	2636	2724	3872	17818	7980	0	4218	6990	130	378	0	448	0	0	0	2870	0	1196	0	2134	0	748	152	750	120	154	720	900	496	8726	0	506	364	0	0	82	0	256	1108	10168	5932	23330	708	294	234	362	508	246	606	306	0	0	0	490	0	0	200	3250	0	0	728	3606	76	0	0	0	0	0	0	0	0	0	0	0	0	0	0	0	0	0	0	0	0	0	0	0	0	0	
219040	Cingulum_Post_L	3786	532	0	114	0	0	182	124	0	0	344	0	0	0	0	0	268	0	146	2950	0	0	0	0	0	0	0	0	2278	394	0	0	3558	4218	0	16740	6054	4336	5320	2608	0	0	3022	374	430	194	2588	758	1872	0	1920	0	406	0	5714	1096	1128	1434	82	0	896	0	76	0	0	0	7618	2986	4556	6128	0	0	0	376	0	0	286	3244	390	0	98	0	0	0	264	130	0	0	4646	706	476	0	0	0	0	0	610	240	0	0	0	0	0	0	0	0	0	0	0	0	824	0	0	0	0	0	
195576	Cingulum_Post_R	522	1702	0	0	0	0	102	0	0	0	232	90	0	0	0	0	178	0	106	4204	0	0	0	0	0	0	0	0	1564	428	0	0	584	6990	16740	0	4228	5568	3654	3630	0	0	88	1316	288	760	246	4820	284	0	118	100	0	0	2728	2430	626	1292	0	0	580	0	0	0	0	0	1960	11548	908	7142	0	0	0	422	0	0	0	2032	366	0	0	96	0	0	0	570	0	0	2450	1578	426	0	0	0	0	0	0	302	0	0	0	0	0	0	0	0	0	0	0	0	1790	0	0	0	0	0	
198012	Hippocampus_L	2210	154	1356	272	0	0	814	142	0	0	2486	0	296	0	120	0	1054	0	1150	484	164	0	0	0	0	0	0	0	6084	0	0	0	0	130	6054	4228	0	4006	12350	1998	6084	0	698	0	0	0	2076	884	0	0	0	0	0	0	10382	432	216	0	0	0	0	0	0	0	0	0	1678	552	98	92	0	0	2624	92	390	0	4602	4966	956	0	3300	0	590	0	1288	0	0	0	10076	0	164	0	0	0	0	0	676	242	0	0	0	0	0	0	0	0	0	0	0	82	214	0	0	0	0	0	
381128	Hippocampus_R	0	1278	0	488	0	0	0	922	0	0	0	2684	0	272	0	0	0	560	0	758	0	388	0	0	0	0	0	0	128	9826	0	0	0	378	4336	5568	4006	0	3430	38584	0	11492	0	1656	0	166	200	8080	0	172	0	362	0	0	248	34492	0	558	0	0	0	0	0	0	0	208	940	5900	112	562	0	328	0	16796	0	390	178	10960	0	0	0	1086	0	1536	0	2316	0	118	228	13724	0	106	0	0	0	186	0	2800	0	224	0	0	0	0	0	0	0	0	0	0	834	0	0	0	0	0	
94680	ParaHippocampal_L	174	0	0	0	0	0	0	0	0	0	0	0	0	0	0	0	0	0	0	80	216	0	0	0	0	0	0	0	152	0	0	0	0	0	5320	3654	12350	3430	0	1950	670	0	736	0	0	0	3284	910	0	0	0	0	0	0	3676	390	0	0	0	0	0	0	0	0	0	0	1928	510	0	0	0	0	0	0	0	0	1896	3320	0	0	206	0	140	0	0	0	0	0	822	0	0	0	0	0	0	0	710	234	0	0	0	0	0	0	0	0	0	0	80	332	170	0	0	0	0	0	
314208	ParaHippocampal_R	0	846	0	402	0	0	0	614	0	0	0	2124	0	212	0	172	0	454	0	770	0	594	0	0	0	0	0	0	112	6468	0	0	0	448	2608	3630	1998	38584	1950	0	0	8772	0	1964	0	300	186	9730	0	302	0	550	0	0	228	30512	0	436	0	0	0	0	0	0	0	294	366	5958	0	408	0	298	0	12530	0	332	138	4762	0	0	0	574	0	1508	0	1056	0	322	212	6578	0	262	0	0	116	370	138	4680	0	438	0	0	0	0	0	0	0	0	0	0	798	0	0	0	0	0	
32016	Amygdala_L	124	0	434	0	0	0	278	0	0	0	0	0	0	0	160	0	0	0	194	0	904	0	0	0	0	0	0	0	1120	0	0	0	0	0	0	0	6084	0	670	0	0	0	0	0	0	0	0	0	0	0	0	0	0	0	2692	0	0	0	0	0	0	0	0	0	0	0	0	0	0	0	0	0	260	0	0	0	824	0	0	0	0	0	578	0	162	0	0	0	1524	0	0	0	0	0	0	0	0	0	0	0	0	0	0	0	0	0	0	0	0	0	0	0	0	0	0	0	
76928	Amygdala_R	0	0	0	0	0	0	0	0	0	0	0	0	0	0	0	260	0	0	0	0	0	2306	0	0	0	0	0	0	0	3548	0	0	0	0	0	0	0	11492	0	8772	0	0	0	0	0	0	0	0	0	0	0	0	0	0	0	5846	0	0	0	0	0	0	0	0	0	0	0	0	0	0	0	0	0	2148	0	0	0	98	0	0	0	0	0	2274	0	206	0	242	0	1272	0	0	0	0	0	0	0	0	0	0	0	0	0	0	0	0	0	0	0	0	0	0	0	0	0	0	
246984	Calcarine_L	0	0	0	0	0	0	0	0	0	0	0	0	0	0	0	0	0	0	0	0	0	0	0	0	0	0	0	0	0	0	0	0	736	0	3022	88	698	0	736	0	0	0	0	7150	12234	4648	17036	3162	11980	1748	24780	622	6410	0	5888	0	822	0	430	0	386	0	116	0	136	0	13276	944	518	0	0	0	0	0	0	0	0	0	0	0	0	0	0	0	2382	80	0	0	158	0	634	0	80	0	0	0	1182	0	746	0	0	0	0	0	0	0	0	0	0	0	664	0	0	0	0	0	
381592	Calcarine_R	0	850	0	0	0	0	0	0	0	0	0	160	0	0	0	0	0	0	0	1306	0	0	0	0	0	0	0	0	0	420	0	0	102	2870	374	1316	0	1656	0	1964	0	0	7150	0	4044	29972	1220	23362	120	24776	0	24554	0	2870	0	8722	0	478	0	450	0	0	0	0	0	2220	3408	24110	162	1896	0	0	0	710	0	0	0	112	0	0	0	128	0	0	0	12072	0	0	0	7126	0	0	0	0	0	0	0	116	0	0	0	0	0	0	0	0	0	0	0	0	0	0	0	0	0	0	
146396	Cuneus_L	0	0	0	0	0	0	0	0	0	0	0	0	0	0	0	0	0	0	0	0	0	0	0	0	0	0	0	0	0	0	0	0	126	0	430	288	0	0	0	0	0	0	12234	4044	0	7464	2484	526	17326	1370	8834	366	570	80	286	0	94	0	2080	0	238	0	0	0	0	0	11150	2996	212	0	0	0	0	0	0	0	0	0	0	0	0	0	0	0	0	0	0	0	0	0	0	0	0	0	0	0	0	0	0	0	0	0	0	0	0	0	0	0	0	0	0	0	0	0	0	0	
377608	Cuneus_R	0	158	0	0	0	0	0	0	0	0	0	0	0	0	0	0	0	0	0	198	0	0	0	0	0	0	0	0	0	0	0	0	0	1196	194	760	0	166	0	300	0	0	4648	29972	7464	0	976	6578	678	43486	0	21714	0	3286	0	2332	0	790	0	3194	0	186	0	202	0	4232	11272	32058	0	894	0	0	0	140	0	0	0	0	0	0	0	516	0	0	0	9668	0	0	0	1470	0	0	0	0	0	0	0	0	0	0	0	0	0	0	0	0	0	0	0	0	76	0	0	0	0	0	
301352	Lingual_L	0	0	0	0	0	0	0	0	0	0	0	0	0	0	0	0	0	0	0	0	0	0	0	0	0	0	0	0	0	0	0	0	128	0	2588	246	2076	200	3284	186	0	0	17036	1220	2484	976	0	1890	2860	712	11184	114	5238	0	17122	102	336	0	94	0	0	0	0	0	0	0	8990	466	236	0	0	0	0	0	0	0	0	164	0	0	0	0	0	0	288	0	0	0	222	0	16598	914	2750	432	1204	0	15156	162	20542	832	564	0	550	0	0	220	0	0	0	238	4336	4134	1396	0	206	0	
371300	Lingual_R	0	932	0	118	0	0	0	104	0	0	0	340	0	0	0	0	0	0	0	1366	0	0	0	0	0	0	0	0	0	1036	0	0	0	2134	758	4820	884	8080	910	9730	0	0	3162	23362	526	6578	1890	0	0	6784	0	6060	0	2008	132	20642	0	616	0	0	0	0	0	0	0	1758	2192	18144	98	1328	0	0	0	2556	0	0	0	1384	0	0	0	226	0	0	0	5378	0	0	0	4388	3410	5222	1630	778	280	230	1008	6742	4124	6676	136	0	148	0	122	408	0	0	0	194	3966	7152	2132	0	158	710	
200304	Occipital_Sup_L	0	0	0	0	0	0	0	0	0	0	0	0	0	0	0	0	0	0	0	0	0	0	0	0	0	0	0	0	0	0	0	0	920	0	1872	284	0	0	0	0	0	0	11980	120	17326	678	2860	0	0	0	33366	0	1876	0	810	0	0	0	8830	0	2010	0	0	0	94	0	14804	1916	0	0	0	0	0	0	0	0	0	0	0	0	0	0	0	0	406	0	0	0	0	0	0	0	0	0	0	0	0	0	0	0	0	0	0	0	0	0	0	0	0	0	0	0	0	0	0	0	
386840	Occipital_Sup_R	0	158	0	0	0	0	0	0	0	0	0	0	0	0	0	0	0	0	0	132	0	0	0	0	0	0	0	0	0	0	0	0	0	748	0	0	0	172	0	302	0	0	1748	24776	1370	43486	712	6784	0	0	0	33166	0	5632	0	3306	0	848	0	9754	0	680	0	248	0	8514	9740	27886	0	852	0	0	0	144	0	0	0	0	0	0	0	558	0	0	0	10608	0	0	0	1096	0	0	0	0	0	0	0	0	0	0	0	0	0	0	0	0	0	0	0	0	0	0	0	0	0	0	
548628	Occipital_Mid_L	2008	0	0	0	0	0	0	0	0	0	0	0	0	0	0	0	168	0	0	210	0	0	0	0	0	0	0	0	396	0	0	0	2932	152	1920	118	0	0	0	0	0	0	24780	0	8834	0	11184	0	33366	0	0	0	22046	0	15484	0	7244	120	22704	0	24298	0	4242	0	25800	0	22796	268	1658	268	0	0	0	0	0	0	274	0	0	0	92	0	0	0	30724	0	0	0	8792	0	736	0	140	0	0	0	0	0	560	0	0	0	0	0	0	0	0	0	0	0	0	0	0	0	0	0	
373872	Occipital_Mid_R	0	432	0	0	0	0	0	0	0	0	0	102	0	0	0	0	0	0	0	228	0	0	0	0	0	0	0	0	0	218	0	0	0	750	0	100	0	362	0	550	0	0	622	24554	366	21714	114	6060	0	33166	0	0	0	7544	0	3684	0	1340	0	4468	0	5800	0	2236	0	23300	3080	14852	0	1478	0	0	0	258	0	0	0	0	0	172	0	2492	0	0	0	22734	0	0	0	4160	0	0	0	0	0	0	0	0	0	0	0	0	0	0	0	0	0	0	0	0	0	0	0	0	0	0	
137320	Occipital_Inf_L	908	0	0	0	0	0	0	0	0	0	0	0	0	0	0	0	984	0	0	108	0	0	0	0	0	0	0	0	1408	0	0	0	106	120	406	0	0	0	0	0	0	0	6410	0	570	0	5238	0	1876	0	22046	0	0	0	10386	0	352	82	100	0	736	0	628	0	396	0	774	0	638	182	0	0	0	0	0	0	0	0	0	0	0	0	0	0	4766	0	0	0	7224	0	968	0	328	0	0	0	0	0	722	0	0	0	0	0	0	0	0	0	0	0	0	108	90	0	0	0	
78088	Occipital_Inf_R	0	0	0	0	0	0	0	0	0	0	0	0	0	0	0	0	0	0	0	0	0	0	0	0	0	0	0	0	0	0	0	0	0	154	0	0	0	0	0	0	0	0	0	2870	80	3286	0	2008	0	5632	0	7544	0	0	0	4600	0	152	0	548	0	0	0	0	0	592	650	3476	0	228	0	0	0	0	0	0	0	0	0	0	0	0	0	0	0	2480	0	0	0	3282	186	162	116	0	0	0	0	0	90	398	0	0	0	0	0	0	0	0	0	0	0	318	192	0	0	0	
434152	Fusiform_L	2966	90	166	0	0	0	402	0	0	0	792	0	0	0	0	0	1904	0	152	256	254	0	0	0	0	0	0	0	4506	88	0	0	188	720	5714	2728	10382	248	3676	228	2692	0	5888	0	286	0	17122	132	810	0	15484	0	10386	0	0	116	1318	160	148	0	1932	0	936	0	1150	0	4904	184	1584	1394	0	0	108	108	0	0	180	134	1112	0	2148	0	1092	0	6054	0	480	0	26738	96	25362	108	5794	132	346	0	11528	0	24542	104	2954	0	1862	160	228	0	0	0	0	0	2440	696	342	142	0	0	
520672	Fusiform_R	126	3146	0	354	0	0	0	624	0	0	0	2464	0	176	0	0	0	414	0	1010	0	0	0	0	0	0	0	0	294	9296	0	0	0	900	1096	2430	432	34492	390	30512	0	5846	0	8722	0	2332	102	20642	0	3306	0	3684	0	4600	116	0	164	1470	0	0	164	0	0	122	0	1316	1502	9194	80	1948	0	304	0	13864	0	278	124	5696	0	0	0	632	0	3702	0	6998	0	1604	110	31026	642	12086	450	1524	0	224	170	7588	696	11888	0	1156	0	1598	0	0	0	0	0	0	2072	1646	792	0	0	0	
266812	Postcentral_L	21134	4516	1270	1822	0	0	3830	3258	0	0	1974	0	152	0	0	0	7912	0	178	1236	0	0	0	0	0	0	0	0	7434	86	0	0	950	496	1128	626	216	0	0	0	0	0	822	0	94	0	336	0	0	0	7244	0	352	0	1318	164	0	316	8082	0	21566	0	7596	0	446	0	5474	172	2328	1324	1064	0	930	0	0	0	852	244	2382	0	2018	0	0	0	6264	0	0	0	3526	186	88	0	0	0	0	0	0	0	0	0	0	0	0	0	0	0	0	0	0	0	0	0	0	0	0	0	
269552	Postcentral_R	2078	13772	0	702	0	0	0	2340	0	0	78	1748	0	80	0	0	148	3660	0	8042	0	0	0	0	0	0	0	0	718	2412	0	0	256	8726	1434	1292	0	558	0	436	0	0	0	478	0	790	0	616	0	848	120	1340	82	152	160	1470	316	0	0	6980	356	9476	120	16696	0	1002	622	7190	3160	18586	0	238	0	868	0	0	0	446	0	506	0	2070	0	0	180	5390	0	0	238	5800	0	0	0	0	0	0	0	0	0	0	0	0	0	0	0	0	0	0	0	0	0	0	0	0	0	0	
180396	Parietal_Sup_L	570	0	0	0	0	0	0	0	0	0	0	0	0	0	0	0	84	0	0	0	0	0	0	0	0	0	0	0	0	0	0	0	276	0	82	0	0	0	0	0	0	0	430	0	2080	0	94	0	8830	0	22704	0	100	0	148	0	8082	0	0	0	17948	0	2614	0	4360	0	16086	282	1130	0	0	0	0	0	0	0	0	0	0	0	110	0	0	0	2492	0	0	0	1696	0	0	0	0	0	0	0	0	0	0	0	0	0	0	0	0	0	0	0	0	0	0	0	0	0	0	0	
130652	Parietal_Sup_R	78	426	0	0	0	0	0	76	0	0	0	0	0	0	0	0	0	0	0	0	0	0	0	0	0	0	0	0	0	0	0	0	0	506	0	0	0	0	0	0	0	0	0	450	0	3194	0	0	0	9754	0	4468	0	548	0	0	0	6980	0	0	0	10660	0	5744	0	4984	1208	11570	0	496	0	0	0	0	0	0	0	0	0	0	0	1690	0	0	0	2198	0	0	0	296	0	0	0	0	0	0	0	0	0	0	0	0	0	0	0	0	0	0	0	0	0	0	0	0	0	0	
314048	Parietal_Inf_L	7416	1508	204	118	0	0	948	768	0	0	2124	0	0	0	0	0	2936	0	124	554	0	0	0	0	0	0	0	0	5166	84	0	0	96	364	896	580	0	0	0	0	0	0	386	0	238	0	0	0	2010	0	24298	0	736	0	1932	164	21566	356	17948	0	0	0	20854	0	18542	0	2138	150	132	1112	596	0	0	0	0	0	240	0	1192	0	1422	0	0	0	9192	0	0	0	7634	188	112	0	0	0	0	0	0	0	0	0	0	0	0	0	0	0	0	0	0	0	0	0	0	0	0	0	
119952	Parietal_Inf_R	0	2242	0	194	0	0	0	1228	0	0	0	184	0	86	0	0	0	0	0	0	0	0	0	0	0	0	0	0	0	90	0	0	0	0	0	0	0	0	0	0	0	0	0	0	0	186	0	0	0	680	0	5800	0	0	0	0	0	9476	0	10660	0	0	0	15578	0	11264	158	1212	0	0	0	210	0	0	0	0	0	0	0	0	0	236	0	0	0	346	0	0	0	146	0	0	0	0	0	0	0	0	0	0	0	0	0	0	0	0	0	0	0	0	0	0	0	0	0	0	
138956	SupraMarginal_L	2838	628	0	0	0	0	206	248	0	0	986	0	0	0	0	0	1878	0	0	276	0	0	0	0	0	0	0	0	1444	0	0	0	0	0	76	0	0	0	0	0	0	0	116	0	0	0	0	0	0	0	4242	0	628	0	936	0	7596	120	2614	0	20854	0	0	0	5224	0	824	0	0	216	352	0	0	0	0	0	128	0	188	0	1918	0	0	0	9346	0	0	0	5596	0	0	0	0	0	0	0	0	0	0	0	0	0	0	0	0	0	0	0	0	0	0	0	0	0	0	0	
144868	SupraMarginal_R	132	5334	0	322	0	0	0	2470	0	0	0	158	0	112	0	96	0	2286	0	356	0	0	0	0	0	0	0	0	0	572	0	0	0	82	0	0	0	0	0	0	0	0	0	0	0	202	0	0	0	248	0	2236	0	0	0	122	0	16696	0	5744	0	15578	0	0	0	7660	188	1318	90	552	0	286	0	134	0	0	0	98	0	184	0	5892	0	0	0	2650	0	0	0	636	0	0	0	0	0	0	0	0	0	0	0	0	0	0	0	0	0	0	0	0	0	0	0	0	0	0	
151836	Angular_L	0	0	0	0	0	0	0	0	0	0	0	0	0	0	0	0	0	0	0	0	0	0	0	0	0	0	0	0	0	0	0	0	94	0	0	0	0	0	0	0	0	0	136	0	0	0	0	0	94	0	25800	0	396	0	1150	0	446	0	4360	0	18542	0	5224	0	0	0	1798	0	0	0	0	0	0	0	0	0	0	0	0	0	1084	0	0	0	15112	0	0	0	1682	0	0	0	0	0	0	0	0	0	0	0	0	0	0	0	0	0	0	0	0	0	0	0	0	0	0	0	
192220	Angular_R	0	234	0	0	0	0	0	0	0	0	0	0	0	0	0	0	0	0	0	94	0	0	0	0	0	0	0	0	0	164	0	0	0	256	0	0	0	208	0	294	0	0	0	2220	0	4232	0	1758	0	8514	0	23300	0	592	0	1316	0	1002	0	4984	0	11264	0	7660	0	0	2976	5604	0	400	0	0	0	178	0	0	0	0	0	160	0	5196	0	0	0	12542	0	0	0	962	0	0	0	0	0	0	0	0	0	0	0	0	0	0	0	0	0	0	0	0	0	0	0	0	0	0	
392852	Precuneus_L	1056	152	0	0	0	0	0	0	0	0	0	0	0	0	0	0	0	0	0	346	0	0	0	0	0	0	0	0	0	0	0	0	3818	1108	7618	1960	1678	940	1928	366	0	0	13276	3408	11150	11272	8990	2192	14804	9740	22796	3080	774	650	4904	1502	5474	622	16086	1208	2138	158	824	188	1798	2976	0	17978	3426	662	0	0	0	102	0	0	0	0	0	0	0	356	0	0	4098	5960	0	0	992	624	206	0	0	0	0	0	310	0	324	0	0	0	0	0	0	0	0	0	0	0	408	0	0	0	0	0	
540852	Precuneus_R	262	2294	0	0	0	0	0	0	0	0	0	326	0	0	0	0	0	0	78	3790	0	0	0	0	0	0	0	0	206	778	0	0	490	10168	2986	11548	552	5900	510	5958	0	0	944	24110	2996	32058	466	18144	1916	27886	268	14852	0	3476	184	9194	172	7190	282	11570	150	1212	0	1318	0	5604	17978	0	570	10354	0	0	0	1512	0	0	0	528	0	0	0	2372	0	0	0	16830	0	0	158	8064	0	0	0	0	0	0	0	688	0	0	0	0	0	0	0	0	0	0	0	0	1534	0	0	0	0	0	
310384	Paracentral_Lobule_L	24424	3440	8542	1412	0	0	2450	1372	0	0	330	0	0	0	0	0	1548	0	16974	27590	0	0	0	0	0	0	0	0	2016	0	0	0	13914	5932	4556	908	98	112	0	0	0	0	518	162	212	0	236	98	0	0	1658	0	638	0	1584	80	2328	3160	1130	0	132	0	0	90	0	0	3426	570	0	10448	888	398	0	0	0	0	2356	2402	390	0	562	128	0	0	2298	666	0	0	2242	662	112	0	0	0	0	0	0	0	0	0	0	0	0	0	0	0	0	0	0	0	0	0	0	0	0	0	
352552	Paracentral_Lobule_R	10150	11224	232	286	0	0	210	0	0	0	128	174	0	0	0	0	326	154	450	29966	0	0	0	0	0	0	0	0	1908	990	0	0	2774	23330	6128	7142	92	562	0	408	0	0	0	1896	0	894	0	1328	0	852	268	1478	182	228	1394	1948	1324	18586	0	496	1112	0	216	552	0	400	662	10354	10448	0	572	1102	0	174	0	0	814	2356	0	440	96	1408	0	0	408	6800	0	0	1548	9078	228	0	0	0	0	0	0	0	0	0	0	0	0	0	0	0	0	0	0	0	0	0	0	0	0	0	
203772	Caudate_L	2622	1632	6460	3266	902	702	1268	1804	0	0	2120	2948	632	3676	1000	2022	2026	530	5740	5472	5190	4980	0	106	180	0	2532	1570	3282	3768	3410	2232	0	708	0	0	0	0	0	0	0	0	0	0	0	0	0	0	0	0	0	0	0	0	0	0	1064	0	0	0	596	0	352	0	0	0	0	0	888	572	0	9208	8038	376	1060	232	3968	726	0	0	1950	0	0	0	76	0	0	0	0	0	0	0	0	0	0	0	0	0	0	0	0	0	0	0	0	0	0	0	0	0	0	0	0	0	0	0	
337072	Caudate_R	508	3092	510	19652	118	4714	104	4796	0	246	122	1914	0	8120	124	8700	128	214	790	17444	3070	3592	404	5822	0	6980	1424	1726	232	4414	2220	10388	0	294	0	0	0	328	0	298	0	0	0	0	0	0	0	0	0	0	0	0	0	0	0	304	0	238	0	0	0	210	0	286	0	0	0	0	398	1102	9208	0	118	22720	0	7746	752	12842	0	0	124	0	0	0	0	0	0	0	0	0	0	0	0	0	0	0	0	0	0	0	0	0	0	0	0	0	0	0	0	0	0	0	0	0	0	0	
208032	Putamen_L	7304	660	14094	1198	6482	0	4162	816	1322	0	2252	276	1950	416	5000	0	756	228	10072	2438	166	0	960	0	410	0	188	0	16820	568	3172	0	0	234	0	0	2624	0	0	0	260	0	0	0	0	0	0	0	0	0	0	0	0	0	108	0	930	0	0	0	0	0	0	0	0	0	0	0	0	0	8038	118	0	76	5854	0	1366	0	0	0	1054	0	1542	0	0	0	0	0	102	0	0	0	0	0	0	0	0	0	0	0	0	0	0	0	0	0	0	0	0	0	0	0	0	0	0	0	
416020	Putamen_R	0	4042	0	17550	0	5510	0	4206	0	0	0	12720	0	2900	0	4156	0	2104	114	9004	0	0	388	6726	0	5560	0	546	176	26098	332	8402	0	362	376	422	92	16796	0	12530	0	2148	0	710	0	140	0	2556	0	144	0	258	0	0	108	13864	0	868	0	0	0	0	0	134	0	178	102	1512	0	174	376	22720	76	0	0	8000	136	4698	0	0	0	1496	0	252	0	838	0	0	102	4076	0	78	0	0	0	0	0	980	0	174	0	0	0	0	0	0	0	0	0	0	0	0	0	0	0	0	
58668	Pallidum_L	5230	392	1682	618	0	0	1052	294	0	0	2960	0	134	0	0	0	2618	0	886	632	0	0	0	0	0	0	0	0	92	0	0	0	0	508	0	0	390	0	0	0	0	0	0	0	0	0	0	0	0	0	0	0	0	0	0	0	0	0	0	0	0	0	0	0	0	0	0	0	0	0	1060	0	5854	0	0	0	2340	0	0	0	2592	0	0	0	0	0	0	0	0	0	0	0	0	0	0	0	0	0	0	0	0	0	0	0	0	0	0	0	0	0	0	0	0	0	0	0	
67756	Pallidum_R	150	774	294	6020	0	0	0	2664	0	0	0	1298	0	468	0	0	0	108	202	1068	0	0	412	1982	0	0	0	0	174	170	82	652	0	246	0	0	0	390	0	332	0	0	0	0	0	0	0	0	0	0	0	0	0	0	0	278	0	0	0	0	0	0	0	0	0	0	0	0	0	0	232	7746	0	8000	0	0	0	136	0	0	0	0	0	0	0	0	0	0	0	0	0	0	0	0	0	0	0	0	0	0	0	0	0	0	0	0	0	0	0	0	0	0	0	0	0	0	
183688	Thalamus_L	14558	588	6492	770	0	0	5906	108	0	0	8424	116	0	144	0	144	8004	0	2480	1974	0	0	0	0	0	0	0	0	2022	180	0	0	0	606	286	0	4602	178	1896	138	824	0	0	0	0	0	0	0	0	0	274	0	0	0	180	124	852	0	0	0	240	0	128	0	0	0	0	0	2356	814	3968	752	1366	136	2340	0	0	9000	138	0	7962	0	0	0	422	0	0	0	352	0	0	0	0	0	0	0	0	0	0	0	0	0	0	0	0	0	0	0	0	0	0	0	0	0	0	0	
227764	Thalamus_R	1206	5796	192	4128	0	0	436	3716	0	0	652	704	0	120	0	110	0	120	92	10780	0	122	0	152	0	0	0	0	1034	4144	0	230	0	306	3244	2032	4966	10960	3320	4762	0	98	0	112	0	0	164	1384	0	0	0	0	0	0	134	5696	244	446	0	0	0	0	0	98	0	0	0	528	2402	2356	726	12842	0	4698	0	136	9000	0	368	0	0	852	0	0	0	1370	0	0	256	6308	0	0	0	0	0	0	0	340	0	0	0	0	0	0	0	0	0	0	0	0	0	0	0	0	0	0	
78056	Heschl_L	2866	108	564	92	0	0	2368	92	0	0	3940	0	326	0	0	0	4256	0	236	188	0	0	0	0	0	0	0	0	8372	0	0	0	0	0	390	366	956	0	0	0	0	0	0	0	0	0	0	0	0	0	0	0	0	0	1112	0	2382	0	0	0	1192	0	188	0	0	0	0	0	390	0	0	0	0	0	0	0	138	368	0	0	1158	0	0	0	2964	0	0	0	3920	0	96	0	0	0	0	0	0	0	0	0	0	0	0	0	0	0	0	0	0	0	0	0	0	0	0	0	
22248	Heschl_R	0	624	0	0	0	0	0	0	0	0	0	380	0	0	0	0	0	724	0	218	0	0	0	0	0	0	0	0	0	2344	0	0	0	0	0	0	0	0	0	0	0	0	0	0	0	0	0	0	0	0	0	172	0	0	0	0	0	506	0	0	0	0	0	184	0	160	0	0	0	440	0	0	0	0	0	0	0	0	0	0	0	4594	0	0	0	408	0	0	0	370	0	0	0	0	0	0	0	0	0	0	0	0	0	0	0	0	0	0	0	0	0	0	0	0	0	0	
254500	Temporal_Sup_L	12506	1158	2024	130	0	0	1980	750	0	0	16044	0	264	0	0	0	19416	0	1558	1028	0	0	0	0	0	0	0	0	6158	0	0	0	0	0	98	0	3300	0	206	0	0	0	0	0	0	0	0	0	0	0	92	0	0	0	2148	0	2018	0	110	0	1422	0	1918	0	1084	0	0	0	562	96	1950	124	1054	0	2592	0	7962	0	1158	0	0	0	2372	0	19510	0	0	0	14458	0	0	0	0	0	0	0	0	0	0	0	0	0	0	0	0	0	0	0	0	0	0	0	0	0	0	0	
146424	Temporal_Sup_R	0	1518	0	144	0	0	0	136	0	0	0	722	0	0	0	594	0	1984	0	786	0	0	0	0	0	0	0	0	0	5310	0	0	0	490	0	96	0	1086	0	574	0	0	0	128	0	516	0	226	0	558	0	2492	0	0	0	632	0	2070	0	1690	0	236	0	5892	0	5196	356	2372	128	1408	0	0	0	1496	0	0	0	852	0	4594	0	0	0	2786	0	21350	0	1138	0	3656	0	0	0	0	0	0	0	0	0	0	0	0	0	0	0	0	0	0	0	0	0	0	0	0	0	0	
42296	Temporal_Pole_Sup_L	0	0	686	0	120	0	0	0	0	0	730	0	238	0	568	0	956	0	646	0	152	0	0	0	0	0	0	0	3234	0	0	0	0	0	0	0	590	0	140	0	578	0	0	0	0	0	0	0	0	0	0	0	0	0	1092	0	0	0	0	0	0	0	0	0	0	0	0	0	0	0	0	0	1542	0	0	0	0	0	0	0	2372	0	0	0	2840	0	1918	0	2746	0	0	0	0	0	0	0	0	0	0	0	0	0	0	0	0	0	0	0	0	0	0	0	0	0	0	0	
48100	Temporal_Pole_Sup_R	0	0	0	90	0	0	0	0	0	0	0	114	0	0	0	870	0	288	0	0	0	306	0	0	0	0	0	0	0	546	0	0	0	0	0	0	0	1536	0	1508	0	2274	0	0	0	0	0	0	0	0	0	0	0	0	0	3702	0	0	0	0	0	0	0	0	0	0	0	0	0	0	0	0	0	252	0	0	0	0	0	0	0	2786	0	0	0	2024	0	4496	0	3258	0	0	0	0	0	0	0	0	0	0	0	0	0	0	0	0	0	0	0	0	0	0	0	0	0	0	
375948	Temporal_Mid_L	3212	0	106	0	0	0	400	78	0	0	686	0	0	0	0	0	5414	0	88	288	0	0	0	0	0	0	0	0	6192	0	0	0	1398	200	264	0	1288	0	0	0	162	0	2382	0	0	0	288	0	406	0	30724	0	4766	0	6054	0	6264	180	2492	0	9192	0	9346	0	15112	0	4098	0	2298	408	76	0	0	0	0	0	422	0	2964	0	19510	0	2840	0	0	0	2326	0	45830	0	132	0	0	0	0	0	0	0	88	0	0	0	0	0	0	0	0	0	0	0	0	0	0	0	0	0	
392928	Temporal_Mid_R	0	4226	0	120	0	0	0	158	0	0	0	984	0	0	0	0	0	88	0	2696	0	0	0	0	0	0	0	0	100	2078	0	0	0	3250	130	570	0	2316	0	1056	0	206	80	12072	0	9668	0	5378	0	10608	0	22734	0	2480	0	6998	0	5390	0	2198	0	346	0	2650	0	12542	5960	16830	666	6800	0	0	0	838	0	0	0	1370	0	408	0	21350	0	2024	0	0	0	1716	0	27380	0	0	0	0	0	0	0	0	0	0	0	0	0	0	0	0	0	0	0	0	0	0	0	0	0	0	
13188	Temporal_Pole_Mid_L	0	0	0	0	0	0	0	0	0	0	0	0	0	0	0	0	0	0	0	0	0	0	0	0	0	0	0	0	0	0	0	0	0	0	0	0	0	0	0	0	0	0	0	0	0	0	0	0	0	0	0	0	0	0	480	0	0	0	0	0	0	0	0	0	0	0	0	0	0	0	0	0	0	0	0	0	0	0	0	0	0	0	1918	0	2326	0	0	0	1870	0	0	0	0	0	0	0	0	0	0	0	0	0	0	0	0	0	0	0	0	0	0	0	0	0	0	0	
23676	Temporal_Pole_Mid_R	0	0	0	0	0	0	0	0	0	0	0	0	0	0	0	0	0	0	0	0	0	0	0	0	0	0	0	0	0	124	0	0	0	0	0	0	0	118	0	322	0	242	0	0	0	0	0	0	0	0	0	0	0	0	0	1604	0	0	0	0	0	0	0	0	0	0	0	0	0	0	0	0	0	0	0	0	0	0	0	0	0	1138	0	4496	0	1716	0	0	0	2078	0	0	0	0	0	0	0	0	0	0	0	0	0	0	0	0	0	0	0	0	0	0	0	0	0	0	
383936	Temporal_Inf_L	4966	204	344	0	0	0	924	100	0	0	1618	0	0	0	0	0	6514	0	302	402	0	0	0	0	0	0	0	0	9702	86	0	0	0	728	4646	2450	10076	228	822	212	1524	0	158	0	0	0	222	0	0	0	8792	0	7224	0	26738	110	3526	238	1696	0	7634	0	5596	0	1682	0	992	158	2242	1548	0	0	102	102	0	0	352	256	3920	0	14458	0	2746	0	45830	0	1870	0	0	92	5314	0	712	0	0	0	324	0	886	0	376	0	140	0	0	0	0	0	0	0	84	0	0	0	0	0	
356592	Temporal_Inf_R	128	6610	0	124	0	0	0	362	0	0	0	1890	0	0	0	0	0	118	0	2030	0	0	0	0	0	0	0	0	266	6658	0	0	0	3606	706	1578	0	13724	0	6578	0	1272	0	7126	0	1470	0	4388	0	1096	0	4160	0	3282	96	31026	186	5800	0	296	188	146	0	636	0	962	624	8064	662	9078	0	0	0	4076	0	0	0	6308	0	370	0	3656	0	3258	0	27380	0	2078	92	0	0	2666	0	874	0	0	0	656	0	320	0	804	0	822	0	0	0	0	0	0	0	0	0	0	0	0	
581792	Cerebelum_Crus1_L	198	0	0	0	0	0	0	0	0	0	0	0	0	0	0	0	142	0	0	0	0	0	0	0	0	0	0	0	178	0	0	0	0	76	476	426	164	0	0	0	0	0	634	0	0	0	16598	3410	0	0	736	0	968	186	25362	642	88	0	0	0	112	0	0	0	0	0	206	0	112	228	0	0	0	0	0	0	0	0	96	0	0	0	0	0	132	0	0	0	5314	0	0	3806	55952	4476	222	128	25596	158	57344	3560	27050	1690	21656	2544	2014	280	368	0	372	748	8958	7704	8782	714	290	0	
508424	Cerebelum_Crus1_R	0	0	0	0	0	0	0	0	0	0	0	0	0	0	0	0	0	0	0	0	0	0	0	0	0	0	0	0	0	0	0	0	0	0	0	0	0	106	0	262	0	0	0	0	0	0	914	5222	0	0	0	0	0	162	108	12086	0	0	0	0	0	0	0	0	0	0	0	0	0	0	0	0	0	78	0	0	0	0	0	0	0	0	0	0	0	0	0	0	0	2666	3806	0	4702	40374	0	5850	1262	21900	5240	61156	1026	20356	1170	29768	1196	2976	0	736	154	380	6046	10472	10436	1766	1758	78	
500216	Cerebelum_Crus2_L	0	0	0	0	0	0	0	0	0	0	0	0	0	0	0	0	0	0	0	0	0	0	0	0	0	0	0	0	0	0	0	0	0	0	0	0	0	0	0	0	0	0	80	0	0	0	2750	1630	0	0	140	0	328	116	5794	450	0	0	0	0	0	0	0	0	0	0	0	0	0	0	0	0	0	0	0	0	0	0	0	0	0	0	0	0	0	0	0	0	712	0	55952	4702	0	15908	84	0	5466	112	16796	3266	48762	6734	39392	10494	2714	596	622	0	0	230	1148	3254	19166	2328	382	0	
426104	Cerebelum_Crus2_R	0	0	0	0	0	0	0	0	0	0	0	0	0	0	0	0	0	0	0	0	0	0	0	0	0	0	0	0	0	0	0	0	0	0	0	0	0	0	0	0	0	0	0	0	0	0	432	778	0	0	0	0	0	0	132	1524	0	0	0	0	0	0	0	0	0	0	0	0	0	0	0	0	0	0	0	0	0	0	0	0	0	0	0	0	0	0	0	0	0	874	4476	40374	15908	0	0	1226	780	3326	1370	14026	8848	34396	6482	45100	880	3284	212	546	0	184	264	2954	19520	3388	1768	0	
33228	Cerebelum_3_L	0	0	0	0	0	0	0	0	0	0	0	0	0	0	0	0	0	0	0	0	0	0	0	0	0	0	0	0	0	0	0	0	0	0	0	0	0	0	0	116	0	0	0	0	0	0	1204	280	0	0	0	0	0	0	346	0	0	0	0	0	0	0	0	0	0	0	0	0	0	0	0	0	0	0	0	0	0	0	0	0	0	0	0	0	0	0	0	0	0	0	222	0	84	0	0	106	7890	0	1518	0	0	0	238	0	690	0	194	0	804	1790	908	130	94	0	0	0	
69092	Cerebelum_3_R	0	0	0	0	0	0	0	0	0	0	0	0	0	0	0	0	0	0	0	0	0	0	0	0	0	0	0	0	0	0	0	0	0	0	0	0	0	186	0	370	0	0	0	0	0	0	0	230	0	0	0	0	0	0	0	224	0	0	0	0	0	0	0	0	0	0	0	0	0	0	0	0	0	0	0	0	0	0	0	0	0	0	0	0	0	0	0	0	0	0	128	5850	0	1226	106	0	414	8610	336	8616	96	680	108	1472	0	360	0	0	436	2676	1486	310	108	264	254	0	
342304	Cerebelum_4_5_L	0	0	0	0	0	0	0	0	0	0	0	0	0	0	0	0	0	0	0	0	0	0	0	0	0	0	0	0	0	0	0	0	0	0	610	0	676	0	710	138	0	0	1182	0	0	0	15156	1008	0	0	0	0	0	0	11528	170	0	0	0	0	0	0	0	0	0	0	310	0	0	0	0	0	0	0	0	0	0	0	0	0	0	0	0	0	0	0	0	0	324	0	25596	1262	5466	780	7890	414	0	1404	43714	2972	4502	78	5282	854	4592	734	422	0	1204	2846	19434	5546	1990	772	1006	580	
246144	Cerebelum_4_5_R	0	0	0	0	0	0	0	0	0	0	0	126	0	0	0	0	0	0	0	0	0	0	0	0	0	0	0	0	0	434	0	0	0	0	240	302	242	2800	234	4680	0	0	0	116	0	0	162	6742	0	0	0	0	0	0	0	7588	0	0	0	0	0	0	0	0	0	0	0	688	0	0	0	0	0	980	0	0	0	340	0	0	0	0	0	0	0	0	0	0	0	656	158	21900	112	3326	0	8610	1404	0	800	31962	130	2336	242	4688	216	1676	0	0	122	1670	11846	2354	440	856	996	898	
507588	Cerebelum_6_L	0	0	0	0	0	0	0	0	0	0	0	0	0	0	0	0	0	0	0	0	0	0	0	0	0	0	0	0	0	0	0	0	0	0	0	0	0	0	0	0	0	0	746	0	0	0	20542	4124	0	0	560	0	722	90	24542	696	0	0	0	0	0	0	0	0	0	0	324	0	0	0	0	0	0	0	0	0	0	0	0	0	0	0	0	0	88	0	0	0	886	0	57344	5240	16796	1370	1518	336	43714	800	0	7358	9774	122	8744	1008	4736	798	350	84	712	1452	16372	14708	5086	1000	840	212	
439940	Cerebelum_6_R	0	0	0	0	0	0	0	0	0	0	0	0	0	0	0	0	0	0	0	0	0	0	0	0	0	0	0	0	0	0	0	0	0	0	0	0	0	224	0	438	0	0	0	0	0	0	832	6676	0	0	0	0	0	398	104	11888	0	0	0	0	0	0	0	0	0	0	0	0	0	0	0	0	0	174	0	0	0	0	0	0	0	0	0	0	0	0	0	0	0	320	3560	61156	3266	14026	0	8616	2972	31962	7358	0	900	6860	1280	13114	1890	2162	0	518	302	1774	11648	13316	8670	1700	1758	108	
381044	Cerebelum_7b_L	0	0	0	0	0	0	0	0	0	0	0	0	0	0	0	0	0	0	0	0	0	0	0	0	0	0	0	0	0	0	0	0	0	0	0	0	0	0	0	0	0	0	0	0	0	0	564	136	0	0	0	0	0	0	2954	0	0	0	0	0	0	0	0	0	0	0	0	0	0	0	0	0	0	0	0	0	0	0	0	0	0	0	0	0	0	0	0	0	376	0	27050	1026	48762	8848	0	96	4502	130	9774	900	0	4734	49228	8018	4796	800	812	0	168	408	1248	602	8912	5146	444	88	
271616	Cerebelum_7b_R	0	0	0	0	0	0	0	0	0	0	0	0	0	0	0	0	0	0	0	0	0	0	0	0	0	0	0	0	0	0	0	0	0	0	0	0	0	0	0	0	0	0	0	0	0	0	0	0	0	0	0	0	0	0	0	1156	0	0	0	0	0	0	0	0	0	0	0	0	0	0	0	0	0	0	0	0	0	0	0	0	0	0	0	0	0	0	0	0	0	804	1690	20356	6734	34396	0	680	78	2336	122	6860	4734	0	3100	38872	168	3358	0	352	0	0	0	114	6404	2966	528	0	
395436	Cerebelum_8_L	0	0	0	0	0	0	0	0	0	0	0	0	0	0	0	0	0	0	0	0	0	0	0	0	0	0	0	0	0	0	0	0	0	0	0	0	0	0	0	0	0	0	0	0	0	0	550	148	0	0	0	0	0	0	1862	0	0	0	0	0	0	0	0	0	0	0	0	0	0	0	0	0	0	0	0	0	0	0	0	0	0	0	0	0	0	0	0	0	140	0	21656	1170	39392	6482	238	108	5282	242	8744	1280	49228	3100	0	9546	20070	2276	2698	0	194	434	1456	1146	8854	8826	2376	220	
422712	Cerebelum_8_R	0	0	0	0	0	0	0	0	0	0	0	0	0	0	0	0	0	0	0	0	0	0	0	0	0	0	0	0	0	0	0	0	0	0	0	0	0	0	0	0	0	0	0	0	0	0	0	0	0	0	0	0	0	0	160	1598	0	0	0	0	0	0	0	0	0	0	0	0	0	0	0	0	0	0	0	0	0	0	0	0	0	0	0	0	0	0	0	0	0	822	2544	29768	10494	45100	0	1472	854	4688	1008	13114	8018	38872	9546	0	1090	17208	272	702	0	246	330	648	12084	7922	2540	256	
126744	Cerebelum_9_L	0	0	0	0	0	0	0	0	0	0	0	0	0	0	0	0	0	0	0	0	0	0	0	0	0	0	0	0	0	0	0	0	0	0	0	0	0	0	0	0	0	0	0	0	0	0	0	122	0	0	0	0	0	0	228	0	0	0	0	0	0	0	0	0	0	0	0	0	0	0	0	0	0	0	0	0	0	0	0	0	0	0	0	0	0	0	0	0	0	0	2014	1196	2714	880	690	0	4592	216	4736	1890	4796	168	20070	1090	0	1234	3396	88	0	0	1588	4066	2998	1838	1868	894	
142516	Cerebelum_9_R	0	0	0	0	0	0	0	0	0	0	0	0	0	0	0	0	0	0	0	0	0	0	0	0	0	0	0	0	0	0	0	0	0	0	0	0	0	0	0	0	0	0	0	0	0	0	220	408	0	0	0	0	0	0	0	0	0	0	0	0	0	0	0	0	0	0	0	0	0	0	0	0	0	0	0	0	0	0	0	0	0	0	0	0	0	0	0	0	0	0	280	2976	596	3284	0	360	734	1676	798	2162	800	3358	2276	17208	1234	0	0	1894	184	426	2196	5426	4092	7878	8512	2280	
19912	Cerebelum_10_L	0	0	0	0	0	0	0	0	0	0	0	0	0	0	0	0	0	0	0	0	0	0	0	0	0	0	0	0	0	0	0	0	0	0	0	0	0	0	0	0	0	0	0	0	0	0	0	0	0	0	0	0	0	0	0	0	0	0	0	0	0	0	0	0	0	0	0	0	0	0	0	0	0	0	0	0	0	0	0	0	0	0	0	0	0	0	0	0	0	0	368	0	622	212	194	0	422	0	350	0	812	0	2698	272	3396	0	0	0	0	0	0	92	356	162	0	0	
18316	Cerebelum_10_R	0	0	0	0	0	0	0	0	0	0	0	0	0	0	0	0	0	0	0	0	0	0	0	0	0	0	0	0	0	0	0	0	0	0	0	0	0	0	0	0	0	0	0	0	0	0	0	0	0	0	0	0	0	0	0	0	0	0	0	0	0	0	0	0	0	0	0	0	0	0	0	0	0	0	0	0	0	0	0	0	0	0	0	0	0	0	0	0	0	0	0	736	0	546	0	0	0	0	84	518	0	352	0	702	88	1894	0	0	0	0	0	476	1178	1290	1294	0	
26352	Vermis_1_2	0	0	0	0	0	0	0	0	0	0	0	0	0	0	0	0	0	0	0	0	0	0	0	0	0	0	0	0	0	0	0	0	0	0	0	0	0	0	80	0	0	0	0	0	0	0	0	0	0	0	0	0	0	0	0	0	0	0	0	0	0	0	0	0	0	0	0	0	0	0	0	0	0	0	0	0	0	0	0	0	0	0	0	0	0	0	0	0	0	0	372	154	0	0	804	436	1204	122	712	302	168	0	194	0	0	184	0	0	0	5740	1822	238	150	246	248	0	
54252	Vermis_3	0	0	0	0	0	0	0	0	0	0	0	0	0	0	0	0	0	0	0	0	0	0	0	0	0	0	0	0	0	0	0	0	0	0	0	0	82	0	332	0	0	0	0	0	0	0	238	194	0	0	0	0	0	0	0	0	0	0	0	0	0	0	0	0	0	0	0	0	0	0	0	0	0	0	0	0	0	0	0	0	0	0	0	0	0	0	0	0	0	0	748	380	230	184	1790	2676	2846	1670	1452	1774	408	0	434	246	0	426	0	0	5740	0	3618	448	352	436	422	0	
