data	data	541156	142468	878504	664720	107932	96092	453628	151168	71540	19436	190656	190624	241272	171788	157944	94024	326540	133276	808060	865984	62724	71072	257912	252748	6292	73432	28676	48248	684748	282608	215340	389968	115160	545552	138692	152500	200448	265772	64004	108904	23580	68632	210020	408144	174644	349760	319136	309064	197612	292412	388424	194384	87996	31060	337084	379476	341564	147648	201312	86468	238516	120224	149948	93776	117972	134168	363764	398112	475640	174060	243724	378912	267764	243320	31496	21440	267332	201676	79148	16184	201912	118336	66780	66560	273684	239072	18544	15660	192240	200928	610656	730100	405484	335492	33236	48592	413040	359192	595668	593732	265456	135164	443232	451028	128524	194144	26556	20020	24212	50352	383260	251112	210068	156092	58504	36344	
data	data	Precentral_L	Precentral_R	Frontal_Sup_L	Frontal_Sup_R	Frontal_Sup_Orb_L	Frontal_Sup_Orb_R	Frontal_Mid_L	Frontal_Mid_R	Frontal_Mid_Orb_L	Frontal_Mid_Orb_R	Frontal_Inf_Oper_L	Frontal_Inf_Oper_R	Frontal_Inf_Tri_L	Frontal_Inf_Tri_R	Frontal_Inf_Orb_L	Frontal_Inf_Orb_R	Rolandic_Oper_L	Rolandic_Oper_R	Supp_Motor_Area_L	Supp_Motor_Area_R	Olfactory_L	Olfactory_R	Frontal_Sup_Medial_L	Frontal_Sup_Medial_R	Frontal_Med_Orb_L	Frontal_Med_Orb_R	Rectus_L	Rectus_R	Insula_L	Insula_R	Cingulum_Ant_L	Cingulum_Ant_R	Cingulum_Mid_L	Cingulum_Mid_R	Cingulum_Post_L	Cingulum_Post_R	Hippocampus_L	Hippocampus_R	ParaHippocampal_L	ParaHippocampal_R	Amygdala_L	Amygdala_R	Calcarine_L	Calcarine_R	Cuneus_L	Cuneus_R	Lingual_L	Lingual_R	Occipital_Sup_L	Occipital_Sup_R	Occipital_Mid_L	Occipital_Mid_R	Occipital_Inf_L	Occipital_Inf_R	Fusiform_L	Fusiform_R	Postcentral_L	Postcentral_R	Parietal_Sup_L	Parietal_Sup_R	Parietal_Inf_L	Parietal_Inf_R	SupraMarginal_L	SupraMarginal_R	Angular_L	Angular_R	Precuneus_L	Precuneus_R	Paracentral_Lobule_L	Paracentral_Lobule_R	Caudate_L	Caudate_R	Putamen_L	Putamen_R	Pallidum_L	Pallidum_R	Thalamus_L	Thalamus_R	Heschl_L	Heschl_R	Temporal_Sup_L	Temporal_Sup_R	Temporal_Pole_Sup_L	Temporal_Pole_Sup_R	Temporal_Mid_L	Temporal_Mid_R	Temporal_Pole_Mid_L	Temporal_Pole_Mid_R	Temporal_Inf_L	Temporal_Inf_R	Cerebelum_Crus1_L	Cerebelum_Crus1_R	Cerebelum_Crus2_L	Cerebelum_Crus2_R	Cerebelum_3_L	Cerebelum_3_R	Cerebelum_4_5_L	Cerebelum_4_5_R	Cerebelum_6_L	Cerebelum_6_R	Cerebelum_7b_L	Cerebelum_7b_R	Cerebelum_8_L	Cerebelum_8_R	Cerebelum_9_L	Cerebelum_9_R	Cerebelum_10_L	Cerebelum_10_R	Vermis_1_2	Vermis_3	Vermis_4_5	Vermis_6	Vermis_7	Vermis_8	Vermis_9	Vermis_10	
541156	Precentral_L	0	0	24090	0	0	0	19016	0	0	0	8948	0	768	0	0	0	20356	0	21060	1500	0	0	0	0	0	0	0	0	24086	0	0	0	164	1196	1590	396	10454	0	298	0	0	0	0	0	0	0	0	0	84	0	762	0	322	0	322	0	34646	0	376	0	5910	0	7472	0	0	0	2446	0	35026	0	498	644	9992	0	208	0	23884	826	6612	0	5026	0	248	0	870	0	0	0	482	0	0	0	0	0	0	0	0	0	0	0	0	0	0	0	0	0	0	0	0	0	0	0	0	0	0	0	
142468	Precentral_R	0	0	0	9876	0	0	0	3732	0	0	0	4400	0	0	0	0	0	1850	128	9488	0	0	0	0	0	0	0	0	0	1348	0	0	0	3844	138	828	130	3898	0	236	0	0	0	1662	0	890	0	0	0	96	0	0	0	0	0	484	0	12966	0	0	0	84	0	738	0	132	0	3194	272	4888	0	480	0	1432	0	0	312	1186	0	118	0	388	0	0	0	1252	0	0	0	764	0	0	0	0	0	0	0	0	0	0	0	0	0	0	0	0	0	0	0	0	0	0	0	0	0	0	
878504	Frontal_Sup_L	24090	0	0	2192	7854	0	66686	1636	3142	0	11766	3216	13550	1774	9034	0	22030	104	78170	7402	0	0	40856	1222	480	0	0	0	42438	1348	12878	4430	3252	3690	0	0	2080	0	118	0	0	0	0	0	0	0	0	0	0	0	0	0	0	0	644	0	4552	0	0	0	116	0	156	0	0	0	0	0	12912	0	8552	6892	14654	1258	2866	0	14766	224	1154	0	4334	0	604	0	0	0	0	0	130	0	0	0	0	0	0	0	0	0	0	0	0	0	0	0	0	0	0	0	0	0	0	0	0	0	0	0	
664720	Frontal_Sup_R	0	9876	2192	0	0	2700	154	15984	0	364	0	10786	176	5272	0	4920	0	13126	17464	83694	0	0	6408	29102	0	2164	0	186	352	11568	2712	23714	344	18590	0	0	0	6366	0	1730	0	440	0	680	0	290	0	0	0	0	0	0	0	0	0	594	0	5460	0	0	0	348	0	768	0	90	0	1124	0	142	186	17974	92	16248	0	2026	0	14542	0	232	0	200	0	234	0	432	0	0	0	314	0	0	0	0	0	0	0	0	0	0	0	0	0	0	0	0	0	0	0	0	0	0	0	0	0	0	
107932	Frontal_Sup_Orb_L	0	0	7854	0	0	0	1398	0	9216	0	0	0	1434	0	8804	0	0	0	0	0	886	322	1714	0	928	0	1818	0	6350	0	1816	534	0	0	0	0	0	0	200	0	302	0	0	0	0	0	0	0	0	0	0	0	0	0	0	0	0	0	0	0	0	0	0	0	0	0	0	0	0	0	872	0	8868	0	0	0	0	0	0	0	0	0	650	0	0	0	0	0	0	0	0	0	0	0	0	0	0	0	0	0	0	0	0	0	0	0	0	0	0	0	0	0	0	0	0	0	
96092	Frontal_Sup_Orb_R	0	0	0	2700	0	0	0	1480	0	3090	0	0	0	382	0	2554	0	0	0	0	1464	2498	562	4476	0	8892	740	5924	0	850	882	1728	0	0	0	0	0	0	0	0	0	0	0	0	0	0	0	0	0	0	0	0	0	0	0	0	0	0	0	0	0	0	0	0	0	0	0	0	0	0	1462	4272	552	3538	0	0	0	0	0	0	0	0	0	0	0	0	0	0	0	0	0	0	0	0	0	0	0	0	0	0	0	0	0	0	0	0	0	0	0	0	0	0	0	0	0	0	
453628	Frontal_Mid_L	19016	0	66686	154	1398	0	0	782	2904	0	7622	1216	20336	532	8884	0	15454	0	9130	276	0	0	15108	288	0	0	0	0	21158	228	6320	556	1740	250	192	924	976	292	0	0	0	0	0	0	0	0	0	0	0	0	0	0	0	0	0	0	672	0	0	0	154	0	344	0	0	0	0	0	5230	0	810	460	5140	0	0	0	8594	780	0	0	2076	0	132	0	0	0	0	0	0	0	0	0	0	0	0	0	0	0	0	0	0	0	0	0	0	0	0	0	0	0	0	0	0	0	0	0	
151168	Frontal_Mid_R	0	3732	1636	15984	0	1480	782	0	0	1770	0	8398	182	13700	0	7190	0	2578	1286	3738	0	0	450	3268	0	0	0	0	526	2672	464	2232	0	2148	0	0	0	266	0	0	0	0	0	0	0	0	0	0	0	0	0	0	0	0	0	0	0	554	0	0	0	0	0	0	0	0	0	0	0	0	0	0	0	414	0	0	0	0	0	0	0	0	0	134	0	0	0	0	0	0	0	0	0	0	0	0	0	0	0	0	0	0	0	0	0	0	0	0	0	0	0	0	0	0	0	0	
71540	Frontal_Mid_Orb_L	0	0	3142	0	9216	0	2904	0	0	0	0	0	1642	0	10322	0	0	0	0	0	294	248	0	0	250	0	1156	0	2702	0	504	298	0	0	0	0	0	0	0	0	0	0	0	0	0	0	0	0	0	0	0	0	0	0	0	0	0	0	0	0	0	0	0	0	0	0	0	0	0	0	458	0	2464	0	0	0	0	0	0	0	0	0	170	0	0	0	0	0	0	0	0	0	0	0	0	0	0	0	0	0	0	0	0	0	0	0	0	0	0	0	0	0	0	0	0	0	
19436	Frontal_Mid_Orb_R	0	0	0	364	0	3090	0	1770	0	0	0	0	0	0	0	3480	0	0	0	0	0	0	0	0	0	310	0	608	0	0	0	0	0	0	0	0	0	0	0	0	0	0	0	0	0	0	0	0	0	0	0	0	0	0	0	0	0	0	0	0	0	0	0	0	0	0	0	0	0	0	0	96	0	0	0	0	0	0	0	0	0	0	0	0	0	0	0	0	0	0	0	0	0	0	0	0	0	0	0	0	0	0	0	0	0	0	0	0	0	0	0	0	0	0	0	0	
190656	Frontal_Inf_Oper_L	8948	0	11766	0	0	0	7622	0	0	0	0	646	8102	166	238	0	13850	0	9336	0	0	0	516	0	0	0	0	0	16752	634	746	0	0	0	0	0	148	0	0	0	0	0	0	0	0	0	0	0	0	0	0	0	0	0	0	0	2996	0	0	0	0	0	0	0	0	0	0	0	258	0	5398	106	1272	0	0	0	154	0	0	0	3396	0	2278	0	0	0	0	0	0	0	0	0	0	0	0	0	0	0	0	0	0	0	0	0	0	0	0	0	0	0	0	0	0	0	0	0	
190624	Frontal_Inf_Oper_R	0	4400	3216	10786	0	0	1216	8398	0	0	646	0	2026	12664	0	0	0	6108	4208	8502	0	0	382	298	0	0	0	0	2930	12936	566	1850	0	3640	0	0	0	252	0	0	0	0	0	0	0	0	0	0	0	0	0	0	0	0	0	0	0	3062	0	0	0	0	0	0	0	0	0	0	0	0	2048	1976	86	2648	0	96	0	90	0	0	0	0	0	282	0	0	0	0	0	0	0	0	0	0	0	0	0	0	0	0	0	0	0	0	0	0	0	0	0	0	0	0	0	0	0	0	
241272	Frontal_Inf_Tri_L	768	0	13550	176	1434	0	20336	182	1642	0	8102	2026	0	1186	17776	0	808	0	4008	660	0	0	2206	0	0	0	0	0	25692	1716	6702	584	88	136	0	0	0	0	0	0	0	0	0	0	0	0	0	0	0	0	0	0	0	0	0	0	102	0	0	0	0	0	0	0	0	0	0	0	0	0	6024	1312	2468	212	0	0	450	0	0	0	128	0	162	0	0	0	0	0	0	0	0	0	0	0	0	0	0	0	0	0	0	0	0	0	0	0	0	0	0	0	0	0	0	0	0	0	
171788	Frontal_Inf_Tri_R	0	0	1774	5272	0	382	532	13700	0	0	166	12664	1186	0	0	4282	0	148	4408	5864	0	0	800	3646	0	202	0	124	1570	9992	988	8808	0	6306	0	0	0	0	0	0	0	0	0	0	0	0	0	0	0	0	0	0	0	0	0	0	0	0	0	0	0	0	0	0	0	0	0	0	0	0	992	1716	0	274	0	0	0	98	0	0	0	0	0	0	0	0	0	0	0	0	0	0	0	0	0	0	0	0	0	0	0	0	0	0	0	0	0	0	0	0	0	0	0	0	0	0	
157944	Frontal_Inf_Orb_L	0	0	9034	0	8804	0	8884	0	10322	0	238	0	17776	0	0	0	0	0	1854	134	736	0	262	0	0	0	158	0	10484	0	510	210	0	0	0	0	0	0	222	0	236	0	0	0	0	0	0	0	0	0	0	0	0	0	0	0	0	0	0	0	0	0	0	0	0	0	0	0	0	0	2692	320	4642	0	0	0	266	0	0	0	0	0	1188	0	0	0	0	0	0	0	0	0	0	0	0	0	0	0	0	0	0	0	0	0	0	0	0	0	0	0	0	0	0	0	0	0	
94024	Frontal_Inf_Orb_R	0	0	0	4920	0	2554	0	7190	0	3480	0	0	0	4282	0	0	0	0	432	94	0	760	224	1898	0	0	0	432	0	4938	0	2056	0	592	0	0	0	570	0	366	0	446	0	0	0	0	0	0	0	0	0	0	0	0	0	174	0	0	0	0	0	0	0	0	0	0	0	0	0	0	0	398	0	2202	0	0	0	0	0	0	0	2898	0	3514	0	1678	0	86	0	828	0	0	0	0	0	0	0	0	0	0	0	0	0	0	0	0	0	0	0	0	0	0	0	0	0	0	
326540	Rolandic_Oper_L	20356	0	22030	0	0	0	15454	0	0	0	13850	0	808	0	0	0	0	0	16866	0	0	0	0	0	0	0	0	0	30234	0	0	0	0	0	0	0	864	0	120	0	0	0	0	0	0	0	0	0	100	0	670	0	0	0	0	0	12280	0	150	0	336	0	2222	0	0	0	416	0	2324	0	2366	0	3706	0	606	0	672	0	3220	0	10134	0	2456	0	802	0	0	0	228	0	0	0	0	0	0	0	0	0	0	0	0	0	0	0	0	0	0	0	0	0	0	0	0	0	0	0	
133276	Rolandic_Oper_R	0	1850	104	13126	0	0	0	2578	0	0	0	6108	0	148	0	0	0	0	1536	10536	0	0	0	0	0	0	0	0	182	15456	0	110	0	834	0	0	0	1280	0	0	0	0	0	144	0	0	0	0	0	0	0	0	0	0	0	0	0	3212	0	0	0	0	0	1208	0	0	0	130	0	0	0	682	0	3182	0	226	0	0	0	1744	0	1284	0	406	0	324	0	0	0	248	0	0	0	0	0	0	0	0	0	0	0	0	0	0	0	0	0	0	0	0	0	0	0	0	0	0	
808060	Supp_Motor_Area_L	21060	128	78170	17464	0	0	9130	1286	0	0	9336	4208	4008	4408	1854	432	16866	1536	0	50474	0	0	4744	5752	0	184	0	120	26858	2744	4572	15416	7650	27456	1362	234	1980	240	106	86	0	0	0	0	0	0	0	0	0	0	0	0	0	0	826	0	5458	0	0	0	98	0	124	0	0	0	0	0	20120	210	6688	17218	8354	4058	3704	0	10470	1384	1342	0	3456	0	528	0	0	0	0	0	128	0	0	0	0	0	0	0	0	0	0	0	0	0	0	0	0	0	0	0	0	0	0	0	0	0	0	0	
865984	Supp_Motor_Area_R	1500	9488	7402	83694	0	0	276	3738	0	0	0	8502	660	5864	134	94	0	10536	50474	0	0	0	664	8954	0	176	0	132	1334	8856	4744	18702	3630	54468	700	7534	0	4278	0	1056	0	296	0	3734	0	2202	0	0	0	244	0	162	0	0	0	854	110	6348	0	318	0	640	0	1090	0	418	124	8082	7748	20454	1098	35470	636	15544	280	3146	118	21602	0	362	0	676	0	112	0	2130	0	0	0	1404	0	0	0	0	0	0	0	0	0	0	0	0	0	0	0	0	0	0	0	0	0	0	0	0	0	0	
62724	Olfactory_L	0	0	0	0	886	1464	0	0	294	0	0	0	0	0	736	0	0	0	0	0	0	5836	0	0	0	898	2152	2038	1460	0	1860	2308	0	0	0	0	0	0	992	0	538	0	0	0	0	0	0	0	0	0	0	0	0	0	0	0	0	0	0	0	0	0	0	0	0	0	0	0	0	0	6086	1480	1554	0	0	0	0	0	0	0	0	0	780	0	0	0	0	0	0	0	0	0	0	0	0	0	0	0	0	0	0	0	0	0	0	0	0	0	0	0	0	0	0	0	0	0	
71072	Olfactory_R	0	0	0	0	322	2498	0	0	248	0	0	0	0	0	0	760	0	0	0	0	5836	0	0	0	0	1006	1940	3058	0	1984	2612	2980	0	0	0	0	0	0	0	504	0	964	0	0	0	0	0	0	0	0	0	0	0	0	0	84	0	0	0	0	0	0	0	0	0	0	0	0	0	0	6344	2368	1364	504	0	0	0	0	0	0	0	0	0	160	0	0	0	0	0	0	0	0	0	0	0	0	0	0	0	0	0	0	0	0	0	0	0	0	0	0	0	0	0	0	0	0	
257912	Frontal_Sup_Medial_L	0	0	40856	6408	1714	562	15108	450	0	0	516	382	2206	800	262	224	0	0	4744	664	0	0	0	14962	682	654	0	0	2256	364	15142	6546	4344	6386	0	0	0	0	0	0	0	0	0	0	0	0	0	0	0	0	0	0	0	0	0	0	0	0	0	0	0	0	0	0	0	0	0	0	0	0	954	0	1770	0	0	0	0	0	0	0	0	0	0	0	0	0	0	0	0	0	0	0	0	0	0	0	0	0	0	0	0	0	0	0	0	0	0	0	0	0	0	0	0	0	0	0	
252748	Frontal_Sup_Medial_R	0	0	1222	29102	0	4476	288	3268	0	0	0	298	0	3646	0	1898	0	0	5752	8954	0	0	14962	0	0	5124	0	0	0	600	3456	19862	0	17214	0	0	0	0	0	0	0	0	0	0	0	0	0	0	0	0	0	0	0	0	0	0	0	0	0	0	0	0	0	0	0	0	0	0	0	0	206	2874	0	3172	0	0	0	0	0	0	0	0	0	0	0	0	0	0	0	0	0	0	0	0	0	0	0	0	0	0	0	0	0	0	0	0	0	0	0	0	0	0	0	0	0	0	
6292	Frontal_Med_Orb_L	0	0	480	0	928	0	0	0	250	0	0	0	0	0	0	0	0	0	0	0	0	0	682	0	0	132	268	0	0	0	406	0	0	0	0	0	0	0	0	0	0	0	0	0	0	0	0	0	0	0	0	0	0	0	0	0	0	0	0	0	0	0	0	0	0	0	0	0	0	0	0	0	0	0	0	0	0	0	0	0	0	0	0	0	0	0	0	0	0	0	0	0	0	0	0	0	0	0	0	0	0	0	0	0	0	0	0	0	0	0	0	0	0	0	0	0	
73432	Frontal_Med_Orb_R	0	0	0	2164	0	8892	0	0	0	310	0	0	0	202	0	0	0	0	184	176	898	1006	654	5124	132	0	396	4076	0	274	1356	3392	0	166	0	0	0	0	0	0	0	0	0	0	0	0	0	0	0	0	0	0	0	0	0	0	0	0	0	0	0	0	0	0	0	0	0	0	0	0	878	3628	144	2664	0	0	0	0	0	0	0	0	0	0	0	0	0	0	0	0	0	0	0	0	0	0	0	0	0	0	0	0	0	0	0	0	0	0	0	0	0	0	0	0	0	0	
28676	Rectus_L	0	0	0	0	1818	740	0	0	1156	0	0	0	0	0	158	0	0	0	0	0	2152	1940	0	0	268	396	0	972	0	0	676	614	0	0	0	0	0	0	0	0	0	0	0	0	0	0	0	0	0	0	0	0	0	0	0	0	0	0	0	0	0	0	0	0	0	0	0	0	0	0	2384	152	912	0	0	0	0	0	0	0	0	0	0	0	0	0	0	0	0	0	0	0	0	0	0	0	0	0	0	0	0	0	0	0	0	0	0	0	0	0	0	0	0	0	0	0	
48248	Rectus_R	0	0	0	186	0	5924	0	0	0	608	0	0	0	124	0	432	0	0	120	132	2038	3058	0	0	0	4076	972	0	0	660	164	1428	0	90	0	0	0	0	0	0	0	106	0	0	0	0	0	0	0	0	0	0	0	0	0	0	0	0	0	0	0	0	0	0	0	0	0	0	0	0	2030	1050	624	302	0	0	0	0	0	0	0	0	0	0	0	0	0	0	0	0	0	0	0	0	0	0	0	0	0	0	0	0	0	0	0	0	0	0	0	0	0	0	0	0	0	0	
684748	Insula_L	24086	0	42438	352	6350	0	21158	526	2702	0	16752	2930	25692	1570	10484	0	30234	182	26858	1334	1460	0	2256	0	0	0	0	0	0	2066	7192	934	88	204	1046	0	12070	0	1468	0	1224	0	0	0	0	0	0	0	0	0	148	0	92	0	3226	0	9276	0	0	0	1088	0	634	0	0	0	972	0	2288	0	20916	2398	23174	410	1194	0	8024	110	8664	0	8212	0	5214	0	366	0	0	0	2312	0	0	0	0	0	0	0	0	0	0	0	0	0	0	0	0	0	0	0	0	0	0	0	0	0	0	0	
282608	Insula_R	0	1348	1348	11568	0	850	228	2672	0	0	634	12936	1716	9992	0	4938	0	15456	2744	8856	0	1984	364	600	0	274	0	660	2066	0	468	6532	0	1776	148	214	126	6654	0	1210	0	2620	0	486	0	0	0	0	0	0	0	0	0	0	0	1734	0	1482	0	0	0	0	0	470	0	0	0	520	142	250	1762	4282	0	12154	0	0	192	526	0	1794	0	5356	0	1710	0	4318	0	0	0	3144	0	0	0	0	0	0	0	0	0	0	0	0	0	0	0	0	0	0	0	0	0	0	0	0	0	0	
215340	Cingulum_Ant_L	0	0	12878	2712	1816	882	6320	464	504	0	746	566	6702	988	510	0	0	0	4572	4744	1860	2612	15142	3456	406	1356	676	164	7192	468	0	13158	2478	5916	176	0	0	0	0	0	0	0	0	0	0	0	0	0	0	0	0	0	0	0	0	0	0	0	0	0	0	0	0	0	0	0	0	0	0	0	4372	1424	2080	330	0	0	0	0	0	0	0	0	0	0	0	0	0	0	0	0	0	0	0	0	0	0	0	0	0	0	0	0	0	0	0	0	0	0	0	0	0	0	0	0	0	0	
389968	Cingulum_Ant_R	0	0	4430	23714	534	1728	556	2232	298	0	0	1850	584	8808	210	2056	0	110	15416	18702	2308	2980	6546	19862	0	3392	614	1428	934	6532	13158	0	1168	25058	0	0	0	136	0	0	0	0	0	0	0	0	0	0	0	0	0	0	0	0	0	0	0	0	0	0	0	0	0	0	0	0	0	0	0	0	3720	17064	618	7500	0	0	0	738	0	0	0	0	0	0	0	0	0	0	0	0	0	0	0	0	0	0	0	0	0	0	0	0	0	0	0	0	0	0	0	0	0	0	0	0	0	0	
115160	Cingulum_Mid_L	164	0	3252	344	0	0	1740	0	0	0	0	0	88	0	0	0	0	0	7650	3630	0	0	4344	0	0	0	0	0	88	0	2478	1168	0	7278	6608	1132	0	0	0	0	0	0	418	200	278	152	0	0	570	0	1806	0	0	0	0	0	228	0	1472	0	1106	0	0	0	140	0	3588	1650	4468	788	222	214	0	0	0	0	0	0	0	0	0	0	0	0	316	0	0	0	0	0	0	0	0	0	0	0	0	0	0	0	0	0	0	0	0	0	0	0	0	0	0	0	0	0	0	0	
545552	Cingulum_Mid_R	1196	3844	3690	18590	0	0	250	2148	0	0	0	3640	136	6306	0	592	0	834	27456	54468	0	0	6386	17214	0	166	0	90	204	1776	5916	25058	7278	0	1190	8870	0	1890	0	464	0	0	0	4998	0	4454	0	94	0	1412	0	892	0	0	0	434	0	1790	0	488	0	436	0	492	0	450	428	12448	5970	19354	590	7346	122	1378	0	0	266	5868	0	112	0	602	0	0	0	1706	0	0	0	994	0	0	0	0	0	0	0	0	0	0	0	0	0	0	0	0	0	0	0	0	0	0	0	0	0	0	
138692	Cingulum_Post_L	1590	138	0	0	0	0	192	0	0	0	0	0	0	0	0	0	0	0	1362	700	0	0	0	0	0	0	0	0	1046	148	176	0	6608	1190	0	4398	6666	2258	626	0	0	0	4248	418	332	0	1732	0	986	0	4434	122	420	0	416	126	350	0	2496	0	234	0	0	0	294	0	9182	796	6040	262	0	0	190	96	0	0	3806	1880	460	0	0	0	0	0	1750	0	0	0	442	736	0	0	0	0	0	0	0	0	0	0	0	0	0	0	0	0	0	0	0	0	0	0	0	0	0	0	
152500	Cingulum_Post_R	396	828	0	0	0	0	924	0	0	0	0	0	0	0	0	0	0	0	234	7534	0	0	0	0	0	0	0	0	0	214	0	0	1132	8870	4398	0	1902	6946	0	1240	0	0	0	4348	0	462	0	1156	0	0	0	194	0	0	0	826	0	986	0	0	0	0	0	0	0	206	458	10510	3798	6252	0	0	0	228	0	0	5498	4092	0	0	0	136	0	0	0	800	0	0	0	1506	0	0	0	0	0	0	0	0	0	0	0	0	0	0	0	0	0	0	0	0	176	0	0	0	0	0	
200448	Hippocampus_L	10454	130	2080	0	0	0	976	0	0	0	148	0	0	0	0	0	864	0	1980	0	0	0	0	0	0	0	0	0	12070	126	0	0	0	0	6666	1902	0	1988	8012	152	3834	0	1486	196	0	0	1830	204	0	0	0	100	0	0	6724	84	1410	0	0	0	110	0	158	0	0	0	2986	132	2862	0	1194	0	8858	0	270	0	5028	1458	4020	0	2210	0	1044	0	184	0	0	0	5382	568	0	0	0	0	100	0	0	0	0	0	0	0	0	0	0	0	0	0	0	244	0	0	0	0	0	0	
265772	Hippocampus_R	0	3898	0	6366	0	0	292	266	0	0	0	252	0	0	0	570	0	1280	240	4278	0	0	0	0	0	0	0	0	0	6654	0	136	0	1890	2258	6946	1988	0	90	17538	0	10582	0	5556	0	216	0	1496	0	306	0	674	0	130	0	18060	0	632	0	0	0	0	0	178	0	0	0	5380	2670	392	0	1136	102	9444	0	178	4196	6162	0	312	0	1324	0	1416	0	914	0	0	0	6186	0	0	0	0	0	0	0	0	0	0	0	0	0	0	0	0	0	0	0	0	302	0	0	0	0	0	
64004	ParaHippocampal_L	298	0	118	0	200	0	0	0	0	0	0	0	0	0	222	0	120	0	106	0	992	0	0	0	0	0	0	0	1468	0	0	0	0	0	626	0	8012	90	0	0	1388	0	734	0	0	0	2942	142	0	0	314	0	1084	0	4276	0	84	0	0	0	0	0	0	0	0	0	1756	0	0	0	252	0	1246	0	0	0	0	0	0	0	90	0	742	0	164	0	132	0	2454	0	0	0	0	0	914	0	156	0	0	0	0	0	0	0	0	0	0	0	340	540	0	0	0	0	0	0	
108904	ParaHippocampal_R	0	236	0	1730	0	0	0	0	0	0	0	0	0	0	0	366	0	0	86	1056	0	504	0	0	0	0	0	0	0	1210	0	0	0	464	0	1240	152	17538	0	0	0	5608	0	812	0	0	0	1382	0	0	0	0	0	0	0	12532	0	0	0	0	0	0	0	0	0	0	0	1766	184	0	0	440	0	3098	0	90	394	782	0	0	0	498	0	1068	0	0	0	510	0	410	0	0	0	0	0	0	0	142	0	0	0	0	0	0	0	0	0	0	0	0	154	0	0	0	0	0	
23580	Amygdala_L	0	0	0	0	302	0	0	0	0	0	0	0	0	0	236	0	0	0	0	0	538	0	0	0	0	0	0	0	1224	0	0	0	0	0	0	0	3834	0	1388	0	0	0	0	0	0	0	0	0	0	0	0	0	0	0	2106	0	0	0	0	0	0	0	0	0	0	0	0	0	0	0	0	0	258	0	0	0	0	0	0	0	100	0	436	0	0	0	0	0	1368	0	0	0	0	0	0	0	0	0	0	0	0	0	0	0	0	0	0	0	0	0	0	0	0	0	0	0	
68632	Amygdala_R	0	0	0	440	0	0	0	0	0	0	0	0	0	0	0	446	0	0	0	296	0	964	0	0	0	0	0	106	0	2620	0	0	0	0	0	0	0	10582	0	5608	0	0	0	0	0	0	0	0	0	0	0	0	0	0	0	7168	0	0	0	0	0	0	0	0	0	0	0	0	0	0	0	336	0	2210	0	0	0	0	0	0	0	0	0	2782	0	0	0	0	0	758	0	0	0	0	0	0	0	0	0	0	0	0	0	0	0	0	0	0	0	0	0	0	0	0	0	0	
210020	Calcarine_L	0	0	0	0	0	0	0	0	0	0	0	0	0	0	0	0	0	0	0	0	0	0	0	0	0	0	0	0	0	0	0	0	418	0	4248	0	1486	0	734	0	0	0	0	6200	15264	5480	9944	1606	7246	2502	21940	236	2952	208	1394	206	0	0	1422	0	148	0	0	0	86	0	15388	520	302	0	0	0	0	0	0	0	0	0	0	0	94	0	0	0	3634	0	0	0	1352	0	0	0	0	0	0	0	0	0	0	0	0	0	0	0	0	0	0	0	0	0	0	0	0	0	0	0	
408144	Calcarine_R	0	1662	0	680	0	0	0	0	0	0	0	0	0	0	0	0	0	144	0	3734	0	0	0	0	0	0	0	0	0	486	0	0	200	4998	418	4348	196	5556	0	812	0	0	6200	0	4612	35684	4118	17076	190	28848	378	12708	0	2036	0	12842	0	2486	0	344	0	220	0	394	0	556	3676	31798	584	4878	0	0	0	0	0	0	340	384	0	0	0	238	0	0	0	4678	0	0	0	5294	0	0	0	0	0	0	0	0	0	0	0	0	0	0	0	0	0	0	0	0	276	0	0	0	0	0	
174644	Cuneus_L	0	0	0	0	0	0	0	0	0	0	0	0	0	0	0	0	0	0	0	0	0	0	0	0	0	0	0	0	0	0	0	0	278	0	332	0	0	0	0	0	0	0	15264	4612	0	9810	772	260	19846	3004	12012	154	686	0	198	0	0	0	2918	0	108	0	0	0	0	0	13846	2256	256	0	0	0	0	0	0	0	0	0	0	0	0	0	0	0	622	0	0	0	88	0	0	0	0	0	0	0	0	0	0	0	0	0	0	0	0	0	0	0	0	0	0	0	0	0	0	0	
349760	Cuneus_R	0	890	0	290	0	0	0	0	0	0	0	0	0	0	0	0	0	0	0	2202	0	0	0	0	0	0	0	0	0	0	0	0	152	4454	0	462	0	216	0	0	0	0	5480	35684	9810	0	1938	7144	606	40062	230	11394	0	134	0	2278	0	2268	0	1960	0	668	0	1076	0	500	8524	29680	522	3834	0	0	0	0	0	0	0	0	0	0	0	92	0	0	0	1772	0	0	0	558	0	0	0	0	0	0	0	0	0	0	0	0	0	0	0	0	0	0	0	0	0	0	0	0	0	0	
319136	Lingual_L	0	0	0	0	0	0	0	0	0	0	0	0	0	0	0	0	0	0	0	0	0	0	0	0	0	0	0	0	0	0	0	0	0	0	1732	0	1830	0	2942	0	0	0	9944	4118	772	1938	0	7826	904	1420	7766	570	5006	0	21444	1644	0	0	168	0	0	0	0	0	0	0	4824	284	0	0	0	0	0	0	0	0	0	0	0	0	0	0	0	0	1086	0	0	0	1778	0	14508	2994	854	0	114	0	20168	3694	23724	3616	268	0	342	0	346	92	0	0	0	0	8344	2174	158	0	0	176	
309064	Lingual_R	0	0	0	0	0	0	0	0	0	0	0	0	0	0	0	0	0	0	0	0	0	0	0	0	0	0	0	0	0	0	0	0	0	94	0	1156	204	1496	142	1382	0	0	1606	17076	260	7144	7826	0	0	7120	0	3420	0	1636	1794	19676	0	0	0	0	0	0	0	0	0	0	196	4988	0	0	0	0	0	0	0	0	0	0	0	0	0	0	0	0	0	304	0	0	0	160	2728	9714	434	0	262	0	8632	11390	8216	12314	0	0	596	124	404	0	0	0	0	102	14734	6634	568	0	0	0	
197612	Occipital_Sup_L	84	0	0	0	0	0	0	0	0	0	0	0	0	0	0	0	100	0	0	0	0	0	0	0	0	0	0	0	0	0	0	0	570	0	986	0	0	0	0	0	0	0	7246	190	19846	606	904	0	0	0	29274	0	732	0	0	0	938	0	15420	0	3212	0	0	0	486	0	12620	636	812	0	0	0	0	0	0	0	0	0	0	0	0	0	0	0	3532	0	0	0	612	0	0	0	0	0	0	0	0	0	0	0	0	0	0	0	0	0	0	0	0	0	0	0	0	0	0	0	
292412	Occipital_Sup_R	0	96	0	0	0	0	0	0	0	0	0	0	0	0	0	0	0	0	0	244	0	0	0	0	0	0	0	0	0	0	0	0	0	1412	0	0	0	306	0	0	0	0	2502	28848	3004	40062	1420	7120	0	0	116	21394	0	258	0	2428	0	272	0	4312	0	1924	0	0	0	4924	4366	16822	0	494	0	0	0	0	0	0	0	0	0	0	0	0	0	0	0	3114	0	0	0	768	0	0	0	0	0	0	0	0	0	0	0	0	0	0	0	0	0	0	0	0	0	0	0	0	0	0	
388424	Occipital_Mid_L	762	0	0	0	0	0	0	0	0	0	0	0	0	0	0	0	670	0	0	0	0	0	0	0	0	0	0	0	148	0	0	0	1806	0	4434	0	0	0	314	0	0	0	21940	378	12012	230	7766	0	29274	116	0	0	14046	0	3878	0	2238	0	23814	0	9588	0	308	0	11560	0	16946	0	4014	0	0	0	0	0	0	0	0	0	238	0	886	0	0	0	22722	0	0	0	4124	0	0	0	0	0	0	0	0	0	0	0	0	0	0	0	0	0	0	0	0	0	0	0	0	0	0	0	
194384	Occipital_Mid_R	0	0	0	0	0	0	0	0	0	0	0	0	0	0	0	0	0	0	0	162	0	0	0	0	0	0	0	0	0	0	0	0	0	892	122	194	100	674	0	0	0	0	236	12708	154	11394	570	3420	0	21394	0	0	0	1178	0	3856	0	226	0	2246	0	2832	0	152	0	11382	572	6224	0	532	0	0	0	0	0	0	148	158	0	0	0	284	0	0	0	13028	0	0	0	2354	0	0	0	0	0	0	0	0	0	0	0	0	0	0	0	0	0	0	0	0	0	0	0	0	0	0	
87996	Occipital_Inf_L	322	0	0	0	0	0	0	0	0	0	0	0	0	0	0	0	0	0	0	0	0	0	0	0	0	0	0	0	92	0	0	0	0	0	420	0	0	0	1084	0	0	0	2952	0	686	0	5006	0	732	0	14046	0	0	0	7102	0	108	0	0	0	0	0	0	0	0	0	1222	0	328	0	0	0	0	0	0	0	0	0	470	0	252	0	0	0	3622	0	0	0	5554	0	0	0	0	0	0	0	0	0	0	0	0	0	0	0	0	0	0	0	0	0	0	0	0	0	0	0	
31060	Occipital_Inf_R	0	0	0	0	0	0	0	0	0	0	0	0	0	0	0	0	0	0	0	0	0	0	0	0	0	0	0	0	0	0	0	0	0	0	0	0	0	130	0	0	0	0	208	2036	0	134	0	1636	0	258	0	1178	0	0	0	4498	0	0	0	0	0	0	0	0	0	0	0	0	0	0	0	0	0	0	0	0	0	0	0	0	0	0	0	0	0	260	0	0	0	2058	0	84	0	0	0	0	336	692	276	474	0	0	0	0	98	0	0	0	0	0	694	480	0	0	0	0	
337084	Fusiform_L	322	0	644	0	0	0	0	0	0	0	0	0	0	0	0	0	0	0	826	0	0	0	0	0	0	0	0	0	3226	0	0	0	0	0	416	0	6724	0	4276	0	2106	0	1394	0	198	0	21444	1794	0	0	3878	0	7102	0	0	684	116	0	0	0	0	0	0	0	0	0	866	0	312	0	632	0	612	0	0	0	190	0	924	0	2498	0	224	0	2384	0	214	0	12016	0	24984	728	3688	0	0	0	16188	1078	29232	1064	4366	0	6318	0	130	0	0	0	0	0	3536	1112	96	0	0	0	
379476	Fusiform_R	0	484	0	594	0	0	0	0	0	0	0	0	0	0	0	174	0	0	0	854	0	84	0	0	0	0	0	0	0	1734	0	0	0	434	126	826	84	18060	0	12532	0	7168	206	12842	0	2278	1644	19676	0	2428	0	3856	0	4498	684	0	0	0	0	0	0	0	0	0	0	122	0	3122	0	298	0	282	0	2742	0	0	122	162	0	0	0	1620	0	3454	0	3318	0	290	0	8922	1300	15146	358	260	162	204	4136	12820	3762	17466	0	0	562	1858	332	986	0	0	0	226	10998	2816	472	154	0	0	
341564	Postcentral_L	34646	0	4552	0	0	0	672	0	0	0	2996	0	102	0	0	0	12280	0	5458	110	0	0	0	0	0	0	0	0	9276	0	0	0	228	0	350	0	1410	0	84	0	0	0	0	0	0	0	0	0	938	0	2238	0	108	0	116	0	0	0	7342	0	26970	0	14298	0	1618	0	12434	0	20840	0	118	0	1898	0	0	0	720	0	3652	0	3820	0	0	0	1106	0	0	0	402	0	0	0	0	0	0	0	0	0	0	0	0	0	0	0	0	0	0	0	0	0	0	0	0	0	0	0	
147648	Postcentral_R	0	12966	0	5460	0	0	0	554	0	0	0	3062	0	0	0	0	0	3212	0	6348	0	0	0	0	0	0	0	0	0	1482	0	0	0	1790	0	986	0	632	0	0	0	0	0	2486	0	2268	0	0	0	272	0	226	0	0	0	0	0	0	0	2902	0	2956	0	7206	0	660	86	9106	0	4096	0	0	0	1202	0	0	84	174	0	0	0	1100	0	0	0	1534	0	0	0	974	0	0	0	0	0	0	0	0	0	0	0	0	0	0	0	0	0	0	0	0	0	0	0	0	0	0	
201312	Parietal_Sup_L	376	0	0	0	0	0	0	0	0	0	0	0	0	0	0	0	150	0	0	0	0	0	0	0	0	0	0	0	0	0	0	0	1472	0	2496	0	0	0	0	0	0	0	1422	0	2918	0	168	0	15420	0	23814	0	0	0	0	0	7342	0	0	0	11020	0	102	0	2510	0	18632	124	5856	0	0	0	0	0	0	0	0	0	0	0	222	0	0	0	5678	0	0	0	934	0	0	0	0	0	0	0	0	0	0	0	0	0	0	0	0	0	0	0	0	0	0	0	0	0	0	0	
86468	Parietal_Sup_R	0	0	0	0	0	0	0	0	0	0	0	0	0	0	0	0	0	0	0	318	0	0	0	0	0	0	0	0	0	0	0	0	0	488	0	0	0	0	0	0	0	0	0	344	0	1960	0	0	0	4312	0	2246	0	0	0	0	0	2902	0	0	0	9238	0	3478	0	7520	500	7892	0	608	0	0	0	0	0	0	0	0	0	0	0	0	0	0	0	848	0	0	0	580	0	0	0	0	0	0	0	0	0	0	0	0	0	0	0	0	0	0	0	0	0	0	0	0	0	0	
238516	Parietal_Inf_L	5910	0	116	0	0	0	154	0	0	0	0	0	0	0	0	0	336	0	98	0	0	0	0	0	0	0	0	0	1088	0	0	0	1106	0	234	0	110	0	0	0	0	0	148	0	108	0	0	0	3212	0	9588	0	0	0	0	0	26970	0	11020	0	0	0	14782	0	13884	0	9484	0	15724	0	0	0	182	0	0	0	152	0	502	0	276	0	0	0	3552	0	0	0	522	0	0	0	0	0	0	0	0	0	0	0	0	0	0	0	0	0	0	0	0	0	0	0	0	0	0	0	
120224	Parietal_Inf_R	0	84	0	348	0	0	0	0	0	0	0	0	0	0	0	0	0	0	0	640	0	0	0	0	0	0	0	0	0	0	0	0	0	436	0	0	0	0	0	0	0	0	0	220	0	668	0	0	0	1924	0	2832	0	0	0	0	0	2956	0	9238	0	0	0	13650	0	18484	0	1818	0	422	0	0	0	0	0	0	0	0	0	0	0	830	0	0	0	3310	0	0	0	2252	0	0	0	0	0	0	0	0	0	0	0	0	0	0	0	0	0	0	0	0	0	0	0	0	0	0	
149948	SupraMarginal_L	7472	0	156	0	0	0	344	0	0	0	0	0	0	0	0	0	2222	0	124	0	0	0	0	0	0	0	0	0	634	0	0	0	0	0	0	0	158	0	0	0	0	0	0	0	0	0	0	0	0	0	308	0	0	0	0	0	14298	0	102	0	14782	0	0	0	6596	0	1950	0	11352	0	0	0	188	0	0	0	276	0	0	0	5284	0	0	0	7874	0	0	0	854	0	0	0	0	0	0	0	0	0	0	0	0	0	0	0	0	0	0	0	0	0	0	0	0	0	0	0	
93776	SupraMarginal_R	0	738	0	768	0	0	0	0	0	0	0	0	0	0	0	0	0	1208	0	1090	0	0	0	0	0	0	0	0	0	470	0	0	0	492	0	0	0	178	0	0	0	0	0	394	0	1076	0	0	0	0	0	152	0	0	0	0	0	7206	0	3478	0	13650	0	0	0	5038	0	1946	0	470	0	0	0	0	0	0	0	0	0	0	0	3234	0	0	0	3084	0	0	0	2216	0	0	0	0	0	0	0	0	0	0	0	0	0	0	0	0	0	0	0	0	0	0	0	0	0	0	
117972	Angular_L	0	0	0	0	0	0	0	0	0	0	0	0	0	0	0	0	0	0	0	0	0	0	0	0	0	0	0	0	0	0	0	0	140	0	294	0	0	0	0	0	0	0	86	0	0	0	0	0	486	0	11560	0	0	0	0	0	1618	0	2510	0	13884	0	6596	0	0	0	1004	0	6706	0	0	0	0	0	0	0	0	0	0	0	1560	0	0	0	10772	0	0	0	1770	0	0	0	0	0	0	0	0	0	0	0	0	0	0	0	0	0	0	0	0	0	0	0	0	0	0	0	
134168	Angular_R	0	132	0	90	0	0	0	0	0	0	0	0	0	0	0	0	0	0	0	418	0	0	0	0	0	0	0	0	0	0	0	0	0	450	0	206	0	0	0	0	0	0	0	556	0	500	0	0	0	4924	0	11382	0	0	0	122	0	660	0	7520	0	18484	0	5038	0	0	0	1140	0	366	0	0	0	0	0	0	0	0	0	0	0	2732	0	0	0	10086	0	0	0	2278	0	0	0	0	0	0	0	0	0	0	0	0	0	0	0	0	0	0	0	0	0	0	0	0	0	0	
363764	Precuneus_L	2446	0	0	0	0	0	0	0	0	0	0	0	0	0	0	0	416	0	0	124	0	0	0	0	0	0	0	0	972	0	0	0	3588	428	9182	458	2986	0	1756	0	0	0	15388	3676	13846	8524	4824	196	12620	4366	16946	572	1222	0	866	0	12434	86	18632	500	9484	0	1950	0	1004	0	0	10956	14572	304	0	0	0	0	0	0	0	0	470	0	230	0	0	0	4534	0	0	0	1324	0	0	0	0	0	0	0	0	0	0	0	0	0	0	0	0	0	0	0	0	0	0	0	0	0	0	0	
398112	Precuneus_R	0	3194	0	1124	0	0	0	0	0	0	0	0	0	0	0	0	0	130	0	8082	0	0	0	0	0	0	0	0	0	520	0	0	1650	12448	796	10510	132	5380	0	1766	0	0	520	31798	2256	29680	284	4988	636	16822	0	6224	0	0	0	3122	0	9106	124	7892	0	1818	0	1946	0	1140	10956	0	726	12560	0	0	0	0	0	0	442	376	0	0	0	588	0	0	0	5196	0	0	0	3812	0	0	0	0	0	0	0	0	0	0	0	0	0	0	0	0	0	0	0	0	312	0	0	0	0	0	
475640	Paracentral_Lobule_L	35026	272	12912	0	0	0	5230	0	0	0	258	0	0	0	0	0	2324	0	20120	7748	0	0	0	0	0	0	0	0	2288	142	0	0	4468	5970	6040	3798	2862	2670	0	184	0	0	302	584	256	522	0	0	812	0	4014	0	328	0	312	0	20840	0	5856	0	15724	0	11352	0	6706	0	14572	726	0	1634	830	3082	580	172	88	0	21802	4112	454	0	1836	0	0	0	5772	0	0	0	1728	512	0	0	0	0	0	0	0	0	0	0	0	0	0	0	0	0	0	0	0	0	0	0	0	0	0	0	
174060	Paracentral_Lobule_R	0	4888	0	142	0	0	0	0	0	0	0	0	0	0	0	0	0	0	210	20454	0	0	0	0	0	0	0	0	0	250	0	0	788	19354	262	6252	0	392	0	0	0	0	0	4878	0	3834	0	0	0	494	0	532	0	0	0	298	0	4096	0	608	0	422	0	470	0	366	304	12560	1634	0	0	0	0	0	0	0	0	122	0	126	0	552	0	0	0	1700	0	0	0	1042	0	0	0	0	0	0	0	0	0	0	0	0	0	0	0	0	0	0	0	0	0	0	0	0	0	0	
243724	Caudate_L	498	0	8552	186	872	1462	810	0	458	0	5398	2048	6024	992	2692	0	2366	0	6688	1098	6086	6344	954	206	0	878	2384	2030	20916	1762	4372	3720	222	590	0	0	1194	0	252	0	0	0	0	0	0	0	0	0	0	0	0	0	0	0	632	0	118	0	0	0	0	0	0	0	0	0	0	0	830	0	0	5490	10604	538	744	0	7030	204	0	0	1600	0	1842	0	0	0	0	0	176	0	0	0	0	0	0	0	0	0	0	0	0	0	0	0	0	0	0	0	0	0	0	0	0	0	0	0	
378912	Caudate_R	644	480	6892	17974	0	4272	460	0	0	96	106	1976	1312	1716	320	398	0	682	17218	35470	1480	2368	0	2874	0	3628	152	1050	2398	4282	1424	17064	214	7346	0	0	0	1136	0	440	0	336	0	0	0	0	0	0	0	0	0	0	0	0	0	282	0	0	0	0	0	0	0	0	0	0	0	0	3082	0	5490	0	596	16820	0	1860	602	24516	0	0	0	0	0	0	0	0	0	0	0	0	0	0	0	0	0	0	0	0	0	0	0	0	0	0	0	0	0	0	0	0	0	0	0	0	0	0	
267764	Putamen_L	9992	0	14654	92	8868	552	5140	0	2464	0	1272	86	2468	0	4642	0	3706	0	8354	636	1554	1364	1770	0	0	144	912	624	23174	0	2080	618	0	122	190	0	8858	102	1246	0	258	0	0	0	0	0	0	0	0	0	0	0	0	0	612	0	1898	0	0	0	182	0	188	0	0	0	0	0	580	0	10604	596	0	0	4554	0	5676	0	158	0	1422	0	1060	0	134	0	0	0	276	0	0	0	0	0	0	0	0	0	0	0	0	0	0	0	0	0	0	0	0	0	0	0	0	0	0	0	
243320	Putamen_R	0	1432	1258	16248	0	3538	0	414	0	0	0	2648	212	274	0	2202	0	3182	4058	15544	0	504	0	3172	0	2664	0	302	410	12154	330	7500	0	1378	96	228	0	9444	0	3098	0	2210	0	0	0	0	0	0	0	0	0	0	0	0	0	2742	0	1202	0	0	0	0	0	0	0	0	0	0	172	0	538	16820	0	0	0	3098	254	1758	0	0	0	286	0	0	0	0	0	0	0	290	0	0	0	0	0	0	0	0	0	0	0	0	0	0	0	0	0	0	0	0	0	0	0	0	0	0	
31496	Pallidum_L	208	0	2866	0	0	0	0	0	0	0	0	0	0	0	0	0	606	0	3704	280	0	0	0	0	0	0	0	0	1194	0	0	0	0	0	0	0	270	0	0	0	0	0	0	0	0	0	0	0	0	0	0	0	0	0	0	0	0	0	0	0	0	0	0	0	0	0	0	0	88	0	744	0	4554	0	0	0	1234	0	0	0	0	0	0	0	0	0	0	0	0	0	0	0	0	0	0	0	0	0	0	0	0	0	0	0	0	0	0	0	0	0	0	0	0	0	0	0	
21440	Pallidum_R	0	0	0	2026	0	0	0	0	0	0	0	96	0	0	0	0	0	226	0	3146	0	0	0	0	0	0	0	0	0	0	0	0	0	0	0	0	0	178	0	90	0	0	0	0	0	0	0	0	0	0	0	0	0	0	0	0	0	0	0	0	0	0	0	0	0	0	0	0	0	0	0	1860	0	3098	0	0	0	0	0	0	0	0	0	0	0	0	0	0	0	0	0	0	0	0	0	0	0	0	0	0	0	0	0	0	0	0	0	0	0	0	0	0	0	0	0	0	
267332	Thalamus_L	23884	312	14766	0	0	0	8594	0	0	0	154	0	450	0	266	0	672	0	10470	118	0	0	0	0	0	0	0	0	8024	192	0	0	0	266	3806	5498	5028	4196	0	394	0	0	0	340	0	0	0	0	0	0	0	148	0	0	190	122	720	84	0	0	152	0	276	0	0	0	0	442	21802	0	7030	602	5676	254	1234	0	0	5248	402	0	484	0	292	0	0	110	0	0	0	968	0	0	0	0	0	0	0	0	0	0	0	0	0	0	0	0	0	0	0	0	0	0	0	0	0	0	
201676	Thalamus_R	826	1186	224	14542	0	0	780	0	0	0	0	90	0	98	0	0	0	0	1384	21602	0	0	0	0	0	0	0	0	110	526	0	738	0	5868	1880	4092	1458	6162	0	782	0	0	0	384	0	0	0	0	0	0	0	158	0	0	0	162	0	174	0	0	0	0	0	0	0	0	0	376	4112	122	204	24516	0	1758	0	0	5248	0	0	0	0	0	0	0	0	126	0	0	0	1150	0	0	0	0	0	0	0	0	0	0	0	0	0	0	0	0	0	0	0	0	0	0	0	0	0	0	
79148	Heschl_L	6612	0	1154	0	0	0	0	0	0	0	0	0	0	0	0	0	3220	0	1342	0	0	0	0	0	0	0	0	0	8664	0	0	0	0	0	460	0	4020	0	0	0	0	0	0	0	0	0	0	0	0	0	238	0	470	0	924	0	3652	0	0	0	502	0	0	0	0	0	470	0	454	0	0	0	158	0	0	0	402	0	0	0	2616	0	0	0	1392	0	0	0	2824	0	0	0	0	0	0	0	0	0	0	0	0	0	0	0	0	0	0	0	0	0	0	0	0	0	0	0	
16184	Heschl_R	0	118	0	232	0	0	0	0	0	0	0	0	0	0	0	0	0	1744	0	362	0	0	0	0	0	0	0	0	0	1794	0	0	0	112	0	0	0	312	0	0	0	0	0	0	0	0	0	0	0	0	0	0	0	0	0	0	0	0	0	0	0	0	0	0	0	0	0	0	0	126	0	0	0	0	0	0	0	0	0	0	0	1946	0	0	0	700	0	0	0	646	0	0	0	0	0	0	0	0	0	0	0	0	0	0	0	0	0	0	0	0	0	0	0	0	0	0	
201912	Temporal_Sup_L	5026	0	4334	0	0	0	2076	0	0	0	3396	0	128	0	0	0	10134	0	3456	0	0	0	0	0	0	0	0	0	8212	0	0	0	0	0	0	0	2210	0	90	0	100	0	94	0	0	0	0	0	0	0	886	0	252	0	2498	0	3820	0	222	0	276	0	5284	0	1560	0	230	0	1836	0	1600	0	1422	0	0	0	484	0	2616	0	0	0	3782	0	22824	0	0	0	12108	0	0	0	0	0	0	0	0	0	0	0	0	0	0	0	0	0	0	0	0	0	0	0	0	0	0	0	
118336	Temporal_Sup_R	0	388	0	200	0	0	0	0	0	0	0	0	0	0	0	2898	0	1284	0	676	0	0	0	0	0	0	0	0	0	5356	0	0	0	602	0	136	0	1324	0	498	0	0	0	238	0	92	0	0	0	0	0	284	0	0	0	1620	0	1100	0	0	0	830	0	3234	0	2732	0	588	0	552	0	0	0	286	0	0	0	0	0	1946	0	0	0	5098	0	19058	0	110	0	8038	0	0	0	0	0	0	0	0	0	0	0	0	0	0	0	0	0	0	0	0	0	0	0	0	0	0	
66780	Temporal_Pole_Sup_L	248	0	604	0	650	0	132	0	170	0	2278	0	162	0	1188	0	2456	0	528	0	780	0	0	0	0	0	0	0	5214	0	0	0	0	0	0	0	1044	0	742	0	436	0	0	0	0	0	0	0	0	0	0	0	0	0	224	0	0	0	0	0	0	0	0	0	0	0	0	0	0	0	1842	0	1060	0	0	0	292	0	0	0	3782	0	0	0	3224	0	3292	0	3042	0	0	0	0	0	0	0	0	0	0	0	0	0	0	0	0	0	0	0	0	0	0	0	0	0	0	0	
66560	Temporal_Pole_Sup_R	0	0	0	234	0	0	0	134	0	0	0	282	0	0	0	3514	0	406	0	112	0	160	0	0	0	0	0	0	0	1710	0	0	0	0	0	0	0	1416	0	1068	0	2782	0	0	0	0	0	0	0	0	0	0	0	0	0	3454	0	0	0	0	0	0	0	0	0	0	0	0	0	0	0	0	0	0	0	0	0	0	0	0	0	5098	0	0	0	4978	0	3174	0	4758	0	0	0	0	0	0	0	0	0	0	0	0	0	0	0	0	0	0	0	0	0	0	0	0	0	0	
273684	Temporal_Mid_L	870	0	0	0	0	0	0	0	0	0	0	0	0	0	0	0	802	0	0	0	0	0	0	0	0	0	0	0	366	0	0	0	316	0	1750	0	184	0	164	0	0	0	3634	0	622	0	1086	0	3532	0	22722	0	3622	0	2384	0	1106	0	5678	0	3552	0	7874	0	10772	0	4534	0	5772	0	0	0	134	0	0	0	0	0	1392	0	22824	0	3224	0	0	0	2534	0	25392	0	0	0	0	0	0	0	0	0	0	0	0	0	0	0	0	0	0	0	0	0	0	0	0	0	0	0	
239072	Temporal_Mid_R	0	1252	0	432	0	0	0	0	0	0	0	0	0	0	0	1678	0	324	0	2130	0	0	0	0	0	0	0	0	0	4318	0	0	0	1706	0	800	0	914	0	0	0	0	0	4678	0	1772	0	304	0	3114	0	13028	0	260	0	3318	0	1534	0	848	0	3310	0	3084	0	10086	0	5196	0	1700	0	0	0	0	0	0	110	126	0	700	0	19058	0	4978	0	0	0	2084	0	26694	0	0	0	0	0	0	0	0	0	0	0	0	0	0	0	0	0	0	0	0	0	0	0	0	0	0	
18544	Temporal_Pole_Mid_L	0	0	0	0	0	0	0	0	0	0	0	0	0	0	0	0	0	0	0	0	0	0	0	0	0	0	0	0	0	0	0	0	0	0	0	0	0	0	132	0	0	0	0	0	0	0	0	0	0	0	0	0	0	0	214	0	0	0	0	0	0	0	0	0	0	0	0	0	0	0	0	0	0	0	0	0	0	0	0	0	0	0	3292	0	2534	0	0	0	3100	0	0	0	0	0	0	0	0	0	0	0	0	0	0	0	0	0	0	0	0	0	0	0	0	0	0	0	
15660	Temporal_Pole_Mid_R	0	0	0	0	0	0	0	0	0	0	0	0	0	0	0	86	0	0	0	0	0	0	0	0	0	0	0	0	0	0	0	0	0	0	0	0	0	0	0	510	0	0	0	0	0	0	0	0	0	0	0	0	0	0	0	290	0	0	0	0	0	0	0	0	0	0	0	0	0	0	0	0	0	0	0	0	0	0	0	0	0	110	0	3174	0	2084	0	0	0	1576	0	0	0	0	0	0	0	0	0	0	0	0	0	0	0	0	0	0	0	0	0	0	0	0	0	0	
192240	Temporal_Inf_L	482	0	130	0	0	0	0	0	0	0	0	0	0	0	0	0	228	0	128	0	0	0	0	0	0	0	0	0	2312	0	0	0	0	0	442	0	5382	0	2454	0	1368	0	1352	0	88	0	1778	0	612	0	4124	0	5554	0	12016	0	402	0	934	0	522	0	854	0	1770	0	1324	0	1728	0	176	0	276	0	0	0	0	0	2824	0	12108	0	3042	0	25392	0	3100	0	0	0	1570	0	666	0	0	0	0	0	0	0	554	0	428	0	0	0	0	0	0	0	0	0	0	0	0	0	
200928	Temporal_Inf_R	0	764	0	314	0	0	0	0	0	0	0	0	0	0	0	828	0	248	0	1404	0	0	0	0	0	0	0	0	0	3144	0	0	0	994	736	1506	568	6186	0	410	0	758	0	5294	0	558	0	160	0	768	0	2354	0	2058	0	8922	0	974	0	580	0	2252	0	2216	0	2278	0	3812	512	1042	0	0	0	290	0	0	968	1150	0	646	0	8038	0	4758	0	26694	0	1576	0	0	0	2686	0	234	0	0	0	0	0	674	0	0	0	840	0	270	0	0	0	0	0	0	0	0	0	0	
610656	Cerebelum_Crus1_L	0	0	0	0	0	0	0	0	0	0	0	0	0	0	0	0	0	0	0	0	0	0	0	0	0	0	0	0	0	0	0	0	0	0	0	0	0	0	0	0	0	0	0	0	0	0	14508	2728	0	0	0	0	0	0	24984	1300	0	0	0	0	0	0	0	0	0	0	0	0	0	0	0	0	0	0	0	0	0	0	0	0	0	0	0	0	0	0	0	0	1570	0	0	7040	45512	2242	520	0	27528	4122	69628	6658	23300	0	41478	1708	3868	502	1084	0	0	148	8060	5540	7738	2734	516	312	
730100	Cerebelum_Crus1_R	0	0	0	0	0	0	0	0	0	0	0	0	0	0	0	0	0	0	0	0	0	0	0	0	0	0	0	0	0	0	0	0	0	0	0	0	0	0	0	0	0	0	0	0	0	0	2994	9714	0	0	0	0	0	84	728	15146	0	0	0	0	0	0	0	0	0	0	0	0	0	0	0	0	0	0	0	0	0	0	0	0	0	0	0	0	0	0	0	0	0	2686	7040	0	10448	44582	148	2534	6152	26214	9046	67602	454	11886	3674	57902	1310	20492	0	2946	226	722	16782	19934	14940	6142	1854	668	
405484	Cerebelum_Crus2_L	0	0	0	0	0	0	0	0	0	0	0	0	0	0	0	0	0	0	0	0	0	0	0	0	0	0	0	0	0	0	0	0	0	0	0	0	0	0	0	0	0	0	0	0	0	0	854	434	0	0	0	0	0	0	3688	358	0	0	0	0	0	0	0	0	0	0	0	0	0	0	0	0	0	0	0	0	0	0	0	0	0	0	0	0	0	0	0	0	666	0	45512	10448	0	9374	0	0	1360	786	12480	5144	38046	1946	40414	2338	5122	636	1342	0	0	0	1130	4404	11434	4006	612	208	
335492	Cerebelum_Crus2_R	0	0	0	0	0	0	0	0	0	0	0	0	0	0	0	0	0	0	0	0	0	0	0	0	0	0	0	0	0	0	0	0	0	0	0	0	0	0	0	0	0	0	0	0	0	0	0	0	0	0	0	0	0	0	0	260	0	0	0	0	0	0	0	0	0	0	0	0	0	0	0	0	0	0	0	0	0	0	0	0	0	0	0	0	0	0	0	0	0	234	2242	44582	9374	0	0	0	88	492	744	4296	548	25626	4088	45220	728	9334	0	1038	0	0	382	1536	7578	9076	280	0	
33236	Cerebelum_3_L	0	0	0	0	0	0	0	0	0	0	0	0	0	0	0	0	0	0	0	0	0	0	0	0	0	0	0	0	0	0	0	0	0	0	0	0	100	0	914	0	0	0	0	0	0	0	114	262	0	0	0	0	0	0	0	162	0	0	0	0	0	0	0	0	0	0	0	0	0	0	0	0	0	0	0	0	0	0	0	0	0	0	0	0	0	0	0	0	0	0	520	148	0	0	0	418	4264	962	1562	570	100	0	304	0	656	0	0	0	1086	2506	1704	266	0	0	0	0	
48592	Cerebelum_3_R	0	0	0	0	0	0	0	0	0	0	0	0	0	0	0	0	0	0	0	0	0	0	0	0	0	0	0	0	0	0	0	0	0	0	0	0	0	0	0	0	0	0	0	0	0	0	0	0	0	0	0	0	0	0	0	204	0	0	0	0	0	0	0	0	0	0	0	0	0	0	0	0	0	0	0	0	0	0	0	0	0	0	0	0	0	0	0	0	0	0	0	2534	0	0	418	0	694	6612	248	6864	0	0	0	1092	158	706	0	0	364	2628	1326	214	0	0	146	88	
413040	Cerebelum_4_5_L	0	0	0	0	0	0	0	0	0	0	0	0	0	0	0	0	0	0	0	0	0	0	0	0	0	0	0	0	0	0	0	0	0	0	0	0	0	0	156	0	0	0	0	0	0	0	20168	8632	0	0	0	0	0	336	16188	4136	0	0	0	0	0	0	0	0	0	0	0	0	0	0	0	0	0	0	0	0	0	0	0	0	0	0	0	0	0	0	0	0	0	0	27528	6152	1360	88	4264	694	0	12826	45574	9206	2356	0	7800	436	3948	820	310	0	762	1816	24484	3458	324	124	588	1986	
359192	Cerebelum_4_5_R	0	0	0	0	0	0	0	0	0	0	0	0	0	0	0	0	0	0	0	0	0	0	0	0	0	0	0	0	0	0	0	0	0	0	0	0	0	0	0	142	0	0	0	0	0	0	3694	11390	0	0	0	0	0	692	1078	12820	0	0	0	0	0	0	0	0	0	0	0	0	0	0	0	0	0	0	0	0	0	0	0	0	0	0	0	0	0	0	0	0	0	0	4122	26214	786	492	962	6612	12826	0	8260	39566	136	0	1676	5014	758	1750	0	268	486	3120	29288	5036	1512	492	128	276	
595668	Cerebelum_6_L	0	0	0	0	0	0	0	0	0	0	0	0	0	0	0	0	0	0	0	0	0	0	0	0	0	0	0	0	0	0	0	0	0	0	0	0	0	0	0	0	0	0	0	0	0	0	23724	8216	0	0	0	0	0	276	29232	3762	0	0	0	0	0	0	0	0	0	0	0	0	0	0	0	0	0	0	0	0	0	0	0	0	0	0	0	0	0	0	0	0	0	0	69628	9046	12480	744	1562	248	45574	8260	0	11242	10608	0	22406	1240	4548	400	486	0	122	406	16036	10948	4784	1188	366	302	
593732	Cerebelum_6_R	0	0	0	0	0	0	0	0	0	0	0	0	0	0	0	0	0	0	0	0	0	0	0	0	0	0	0	0	0	0	0	0	0	0	0	0	0	0	0	0	0	0	0	0	0	0	3616	12314	0	0	0	0	0	474	1064	17466	0	0	0	0	0	0	0	0	0	0	0	0	0	0	0	0	0	0	0	0	0	0	0	0	0	0	0	0	0	0	0	0	0	674	6658	67602	5144	4296	570	6864	9206	39566	11242	0	424	682	2858	21376	1370	11622	0	842	688	2802	25770	22846	11202	3838	2588	1202	
265456	Cerebelum_7b_L	0	0	0	0	0	0	0	0	0	0	0	0	0	0	0	0	0	0	0	0	0	0	0	0	0	0	0	0	0	0	0	0	0	0	0	0	0	0	0	0	0	0	0	0	0	0	268	0	0	0	0	0	0	0	4366	0	0	0	0	0	0	0	0	0	0	0	0	0	0	0	0	0	0	0	0	0	0	0	0	0	0	0	0	0	0	0	0	0	554	0	23300	454	38046	548	100	0	2356	136	10608	424	0	0	40084	1100	4234	0	900	0	0	0	242	702	2230	2076	0	0	
135164	Cerebelum_7b_R	0	0	0	0	0	0	0	0	0	0	0	0	0	0	0	0	0	0	0	0	0	0	0	0	0	0	0	0	0	0	0	0	0	0	0	0	0	0	0	0	0	0	0	0	0	0	0	0	0	0	0	0	0	0	0	0	0	0	0	0	0	0	0	0	0	0	0	0	0	0	0	0	0	0	0	0	0	0	0	0	0	0	0	0	0	0	0	0	0	0	0	11886	1946	25626	0	0	0	0	0	682	0	0	106	22916	0	1148	0	392	0	0	0	84	1200	1596	0	0	
443232	Cerebelum_8_L	0	0	0	0	0	0	0	0	0	0	0	0	0	0	0	0	0	0	0	0	0	0	0	0	0	0	0	0	0	0	0	0	0	0	0	0	0	0	0	0	0	0	0	0	0	0	342	596	0	0	0	0	0	0	6318	562	0	0	0	0	0	0	0	0	0	0	0	0	0	0	0	0	0	0	0	0	0	0	0	0	0	0	0	0	0	0	0	0	428	0	41478	3674	40414	4088	304	0	7800	1676	22406	2858	40084	106	0	8312	14836	346	3622	0	0	108	2304	2400	5826	9954	774	0	
451028	Cerebelum_8_R	0	0	0	0	0	0	0	0	0	0	0	0	0	0	0	0	0	0	0	0	0	0	0	0	0	0	0	0	0	0	0	0	0	0	0	0	0	0	0	0	0	0	0	0	0	0	0	124	0	0	0	0	0	0	0	1858	0	0	0	0	0	0	0	0	0	0	0	0	0	0	0	0	0	0	0	0	0	0	0	0	0	0	0	0	0	0	0	0	0	840	1708	57902	2338	45220	0	1092	436	5014	1240	21376	1100	22916	8312	0	2418	24734	0	3208	156	316	1736	1888	5326	12898	1182	176	
128524	Cerebelum_9_L	0	0	0	0	0	0	0	0	0	0	0	0	0	0	0	0	0	0	0	0	0	0	0	0	0	0	0	0	0	0	0	0	0	0	0	0	0	0	0	0	0	0	0	0	0	0	346	404	0	0	0	0	0	98	130	332	0	0	0	0	0	0	0	0	0	0	0	0	0	0	0	0	0	0	0	0	0	0	0	0	0	0	0	0	0	0	0	0	0	0	3868	1310	5122	728	656	158	3948	758	4548	1370	4234	0	14836	2418	0	1144	5534	0	216	168	2244	1654	2018	3294	1932	794	
194144	Cerebelum_9_R	0	0	0	0	0	0	0	0	0	0	0	0	0	0	0	0	0	0	0	0	0	0	0	0	0	0	0	0	0	0	0	0	0	0	0	0	0	0	0	0	0	0	0	0	0	0	92	0	0	0	0	0	0	0	0	986	0	0	0	0	0	0	0	0	0	0	0	0	0	0	0	0	0	0	0	0	0	0	0	0	0	0	0	0	0	0	0	0	0	270	502	20492	636	9334	0	706	820	1750	400	11622	0	1148	346	24734	1144	0	0	1316	488	738	2232	3836	3336	3514	4186	2444	
26556	Cerebelum_10_L	0	0	0	0	0	0	0	0	0	0	0	0	0	0	0	0	0	0	0	0	0	0	0	0	0	0	0	0	0	0	0	0	0	0	0	0	0	0	0	0	0	0	0	0	0	0	0	0	0	0	0	0	0	0	0	0	0	0	0	0	0	0	0	0	0	0	0	0	0	0	0	0	0	0	0	0	0	0	0	0	0	0	0	0	0	0	0	0	0	0	1084	0	1342	0	0	0	310	0	486	0	900	0	3622	0	5534	0	0	0	0	0	0	0	0	0	0	0	
20020	Cerebelum_10_R	0	0	0	0	0	0	0	0	0	0	0	0	0	0	0	0	0	0	0	0	0	0	0	0	0	0	0	0	0	0	0	0	0	0	0	0	0	0	0	0	0	0	0	0	0	0	0	0	0	0	0	0	0	0	0	0	0	0	0	0	0	0	0	0	0	0	0	0	0	0	0	0	0	0	0	0	0	0	0	0	0	0	0	0	0	0	0	0	0	0	0	2946	0	1038	0	0	0	268	0	842	0	392	0	3208	0	1316	0	0	0	0	0	0	0	0	0	0	
24212	Vermis_1_2	0	0	0	0	0	0	0	0	0	0	0	0	0	0	0	0	0	0	0	0	0	0	0	0	0	0	0	0	0	0	0	0	0	0	0	0	0	0	340	0	0	0	0	0	0	0	0	0	0	0	0	0	0	0	0	0	0	0	0	0	0	0	0	0	0	0	0	0	0	0	0	0	0	0	0	0	0	0	0	0	0	0	0	0	0	0	0	0	0	0	0	226	0	0	1086	364	762	486	122	688	0	0	0	156	216	488	0	0	0	5316	932	348	118	0	256	202	
50352	Vermis_3	0	0	0	0	0	0	0	0	0	0	0	0	0	0	0	0	0	0	0	0	0	0	0	0	0	0	0	0	0	0	0	0	0	0	0	0	244	0	540	0	0	0	0	0	0	0	0	102	0	0	0	0	0	0	0	226	0	0	0	0	0	0	0	0	0	0	0	0	0	0	0	0	0	0	0	0	0	0	0	0	0	0	0	0	0	0	0	0	0	0	148	722	0	0	2506	2628	1816	3120	406	2802	0	0	108	316	168	738	0	0	5316	0	2522	316	92	0	202	138	
383260	Vermis_4_5	0	0	0	0	0	0	0	0	0	0	0	0	0	0	0	0	0	0	0	0	0	0	0	0	0	0	0	0	0	0	0	0	0	0	0	176	0	302	0	154	0	0	0	276	0	0	8344	14734	0	0	0	0	0	694	3536	10998	0	0	0	0	0	0	0	0	0	0	0	312	0	0	0	0	0	0	0	0	0	0	0	0	0	0	0	0	0	0	0	0	0	0	8060	16782	1130	382	1704	1326	24484	29288	16036	25770	242	0	2304	1736	2244	2232	0	0	932	2522	0	8526	1770	564	908	3162	
251112	Vermis_6	0	0	0	0	0	0	0	0	0	0	0	0	0	0	0	0	0	0	0	0	0	0	0	0	0	0	0	0	0	0	0	0	0	0	0	0	0	0	0	0	0	0	0	0	0	0	2174	6634	0	0	0	0	0	480	1112	2816	0	0	0	0	0	0	0	0	0	0	0	0	0	0	0	0	0	0	0	0	0	0	0	0	0	0	0	0	0	0	0	0	0	0	5540	19934	4404	1536	266	214	3458	5036	10948	22846	702	84	2400	1888	1654	3836	0	0	348	316	8526	0	9770	3070	3356	2208	
210068	Vermis_7	0	0	0	0	0	0	0	0	0	0	0	0	0	0	0	0	0	0	0	0	0	0	0	0	0	0	0	0	0	0	0	0	0	0	0	0	0	0	0	0	0	0	0	0	0	0	158	568	0	0	0	0	0	0	96	472	0	0	0	0	0	0	0	0	0	0	0	0	0	0	0	0	0	0	0	0	0	0	0	0	0	0	0	0	0	0	0	0	0	0	7738	14940	11434	7578	0	0	324	1512	4784	11202	2230	1200	5826	5326	2018	3336	0	0	118	92	1770	9770	0	8512	3102	928	
156092	Vermis_8	0	0	0	0	0	0	0	0	0	0	0	0	0	0	0	0	0	0	0	0	0	0	0	0	0	0	0	0	0	0	0	0	0	0	0	0	0	0	0	0	0	0	0	0	0	0	0	0	0	0	0	0	0	0	0	154	0	0	0	0	0	0	0	0	0	0	0	0	0	0	0	0	0	0	0	0	0	0	0	0	0	0	0	0	0	0	0	0	0	0	2734	6142	4006	9076	0	0	124	492	1188	3838	2076	1596	9954	12898	3294	3514	0	0	0	0	564	3070	8512	0	4094	720	
58504	Vermis_9	0	0	0	0	0	0	0	0	0	0	0	0	0	0	0	0	0	0	0	0	0	0	0	0	0	0	0	0	0	0	0	0	0	0	0	0	0	0	0	0	0	0	0	0	0	0	0	0	0	0	0	0	0	0	0	0	0	0	0	0	0	0	0	0	0	0	0	0	0	0	0	0	0	0	0	0	0	0	0	0	0	0	0	0	0	0	0	0	0	0	516	1854	612	280	0	146	588	128	366	2588	0	0	774	1182	1932	4186	0	0	256	202	908	3356	3102	4094	0	2182	
