data	data	448908	323476	835460	607840	159684	85112	447584	232732	100404	30160	274572	228908	238668	212228	167472	81028	230832	154076	601764	722652	113936	99116	343504	267056	39980	92708	94308	123016	630268	434192	371432	391212	188864	403700	95980	144468	256324	273580	94492	171752	40124	31296	206668	390784	148720	273164	228712	404776	157552	289840	583416	254048	193252	94076	478700	429836	328516	272064	263428	117468	315456	160832	133740	132500	184644	118688	253528	424080	210460	318704	332924	353496	332628	298984	47504	13328	111488	173036	60932	49888	244116	118136	134828	27012	327100	256844	26708	11072	346944	218840	543240	577328	347836	295636	40644	104892	354568	332264	587940	537428	278432	147168	353636	282180	161500	170532	15316	8212	49964	110360	459024	331956	343324	210844	153380	53324	
data	data	Precentral_L	Precentral_R	Frontal_Sup_L	Frontal_Sup_R	Frontal_Sup_Orb_L	Frontal_Sup_Orb_R	Frontal_Mid_L	Frontal_Mid_R	Frontal_Mid_Orb_L	Frontal_Mid_Orb_R	Frontal_Inf_Oper_L	Frontal_Inf_Oper_R	Frontal_Inf_Tri_L	Frontal_Inf_Tri_R	Frontal_Inf_Orb_L	Frontal_Inf_Orb_R	Rolandic_Oper_L	Rolandic_Oper_R	Supp_Motor_Area_L	Supp_Motor_Area_R	Olfactory_L	Olfactory_R	Frontal_Sup_Medial_L	Frontal_Sup_Medial_R	Frontal_Med_Orb_L	Frontal_Med_Orb_R	Rectus_L	Rectus_R	Insula_L	Insula_R	Cingulum_Ant_L	Cingulum_Ant_R	Cingulum_Mid_L	Cingulum_Mid_R	Cingulum_Post_L	Cingulum_Post_R	Hippocampus_L	Hippocampus_R	ParaHippocampal_L	ParaHippocampal_R	Amygdala_L	Amygdala_R	Calcarine_L	Calcarine_R	Cuneus_L	Cuneus_R	Lingual_L	Lingual_R	Occipital_Sup_L	Occipital_Sup_R	Occipital_Mid_L	Occipital_Mid_R	Occipital_Inf_L	Occipital_Inf_R	Fusiform_L	Fusiform_R	Postcentral_L	Postcentral_R	Parietal_Sup_L	Parietal_Sup_R	Parietal_Inf_L	Parietal_Inf_R	SupraMarginal_L	SupraMarginal_R	Angular_L	Angular_R	Precuneus_L	Precuneus_R	Paracentral_Lobule_L	Paracentral_Lobule_R	Caudate_L	Caudate_R	Putamen_L	Putamen_R	Pallidum_L	Pallidum_R	Thalamus_L	Thalamus_R	Heschl_L	Heschl_R	Temporal_Sup_L	Temporal_Sup_R	Temporal_Pole_Sup_L	Temporal_Pole_Sup_R	Temporal_Mid_L	Temporal_Mid_R	Temporal_Pole_Mid_L	Temporal_Pole_Mid_R	Temporal_Inf_L	Temporal_Inf_R	Cerebelum_Crus1_L	Cerebelum_Crus1_R	Cerebelum_Crus2_L	Cerebelum_Crus2_R	Cerebelum_3_L	Cerebelum_3_R	Cerebelum_4_5_L	Cerebelum_4_5_R	Cerebelum_6_L	Cerebelum_6_R	Cerebelum_7b_L	Cerebelum_7b_R	Cerebelum_8_L	Cerebelum_8_R	Cerebelum_9_L	Cerebelum_9_R	Cerebelum_10_L	Cerebelum_10_R	Vermis_1_2	Vermis_3	Vermis_4_5	Vermis_6	Vermis_7	Vermis_8	Vermis_9	Vermis_10	
448908	Precentral_L	0	1824	18552	1534	0	0	24116	590	0	0	16842	80	1906	0	96	0	11380	0	17626	9444	184	0	294	0	0	0	0	0	12642	206	2008	396	482	3736	714	1044	7454	920	0	150	0	0	286	0	0	0	76	0	0	0	670	0	170	0	1928	82	26104	778	558	0	686	0	1066	0	100	0	950	220	22116	3922	7744	274	6028	0	840	0	6156	928	2650	0	3510	0	528	0	284	0	0	0	1580	0	0	0	0	0	0	0	0	0	0	0	0	0	0	0	0	0	0	0	0	0	0	0	0	0	0	0	
323476	Precentral_R	1824	0	2494	5552	0	0	204	7898	0	0	166	4676	122	152	0	0	204	3224	3220	16194	0	0	0	0	0	0	0	0	1600	3148	0	0	222	232	98	344	658	9122	0	1626	0	132	0	1300	0	1218	0	566	0	1672	0	716	0	198	168	2202	444	14362	0	438	0	852	0	698	0	246	0	4204	962	23192	1276	15136	1432	1946	476	250	1204	17864	0	1106	108	1294	0	0	0	1290	0	0	244	1302	0	0	0	0	0	0	0	260	0	0	0	0	0	0	0	0	0	0	0	0	0	0	0	0	0	0	
835460	Frontal_Sup_L	18552	2494	0	6300	12738	88	57470	2560	6476	0	11632	714	13254	230	10716	0	9078	0	71548	13210	200	0	43848	4284	670	94	784	0	29458	596	24302	6676	11748	6754	84	148	2008	472	0	106	0	0	0	0	0	0	0	0	0	0	0	0	0	0	1354	88	5190	1056	0	0	0	0	0	0	0	0	0	176	3546	382	6788	860	16618	700	1158	0	496	514	382	0	4278	0	3330	0	72	0	0	0	1450	0	0	0	0	0	0	0	0	0	0	0	0	0	0	0	0	0	0	0	0	0	0	0	0	0	0	0	
607840	Frontal_Sup_R	1534	5552	6300	0	72	3340	2384	28046	0	978	368	18938	812	18966	0	3166	256	6674	8572	41628	264	312	11386	29402	0	2524	150	1512	3164	28056	7404	29194	1902	17676	0	0	372	434	0	120	0	0	0	0	0	0	0	0	0	0	0	0	0	0	164	86	398	624	0	0	0	0	0	0	0	0	0	0	184	474	2156	8258	858	6750	282	510	96	632	0	92	138	138	0	382	0	0	0	0	240	0	0	0	0	0	0	0	0	0	0	0	0	0	0	0	0	0	0	0	0	0	0	0	0	0	0	0	
159684	Frontal_Sup_Orb_L	0	0	12738	72	0	74	1770	0	14192	0	0	0	556	0	14240	0	0	0	0	0	1646	214	4660	212	3406	168	6064	110	6336	0	6996	352	0	0	0	0	164	0	0	0	258	0	0	0	0	0	0	0	0	0	0	0	0	0	90	0	0	0	0	0	0	0	0	0	0	0	0	0	0	0	616	106	4118	0	0	0	0	0	0	0	0	0	582	0	0	0	0	0	102	0	0	0	0	0	0	0	0	0	0	0	0	0	0	0	0	0	0	0	0	0	0	0	0	0	0	0	
85112	Frontal_Sup_Orb_R	0	0	88	3340	74	0	0	878	0	5104	0	0	0	0	0	4578	0	0	0	0	296	1486	274	2108	728	7228	218	8256	0	820	1704	1894	0	0	0	0	0	0	0	0	0	0	0	0	0	0	0	0	0	0	0	0	0	0	0	0	0	0	0	0	0	0	0	0	0	0	0	0	0	0	292	1510	0	1680	0	0	0	0	0	0	0	0	0	0	0	0	0	0	0	0	0	0	0	0	0	0	0	0	0	0	0	0	0	0	0	0	0	0	0	0	0	0	0	0	0	0	
447584	Frontal_Mid_L	24116	204	57470	2384	1770	0	0	1676	3082	0	11048	420	29048	220	5346	0	3534	114	12762	2426	424	0	13772	214	0	0	0	0	16244	634	10454	852	6012	402	0	0	950	248	0	0	0	0	0	0	0	0	0	0	0	80	0	0	0	0	316	0	2604	174	0	0	0	88	0	0	0	0	0	200	86	140	7400	888	4732	0	0	0	88	0	320	0	604	0	170	0	0	0	0	0	0	76	0	0	0	0	0	0	0	0	0	0	0	0	0	0	0	0	0	0	0	0	0	0	0	0	0	0	
232732	Frontal_Mid_R	590	7898	2560	28046	0	878	1676	0	0	1460	710	8524	750	17772	0	4706	254	628	2350	4302	196	124	700	4552	0	472	0	608	1934	6768	318	3000	0	1362	0	0	0	368	0	0	0	0	0	0	0	0	0	0	0	0	0	0	0	0	0	0	0	1076	0	0	0	0	0	0	0	0	0	150	0	0	2770	3334	354	4948	0	0	0	0	0	0	122	0	106	0	0	0	0	0	0	0	0	0	0	0	0	0	0	0	0	0	0	0	0	0	0	0	0	0	0	0	0	0	0	0	0	0	
100404	Frontal_Mid_Orb_L	0	0	6476	0	14192	0	3082	0	0	0	0	0	2572	0	14828	0	0	0	0	0	0	0	552	0	710	0	2416	0	2876	0	804	0	0	0	0	0	0	0	0	0	0	0	0	0	0	0	0	0	0	0	0	0	0	0	0	0	0	0	0	0	0	0	0	0	0	0	0	0	0	0	0	0	1206	0	0	0	0	0	0	0	0	0	488	0	0	0	0	0	0	0	0	0	0	0	0	0	0	0	0	0	0	0	0	0	0	0	0	0	0	0	0	0	0	0	0	0	
30160	Frontal_Mid_Orb_R	0	0	0	978	0	5104	0	1460	0	0	0	0	0	0	0	3368	0	0	0	0	0	0	0	0	0	1106	0	2316	0	0	0	228	0	0	0	0	0	0	0	0	0	0	0	0	0	0	0	0	0	0	0	0	0	0	0	0	0	0	0	0	0	0	0	0	0	0	0	0	0	0	0	250	0	270	0	0	0	0	0	0	0	0	0	0	0	0	0	0	0	0	0	0	0	0	0	0	0	0	0	0	0	0	0	0	0	0	0	0	0	0	0	0	0	0	0	0	
274572	Frontal_Inf_Oper_L	16842	166	11632	368	0	0	11048	710	0	0	0	88	12938	0	108	0	16632	0	10414	634	0	0	274	0	0	0	0	0	22092	154	1196	272	178	74	0	0	436	0	0	0	0	0	0	0	0	0	0	0	0	0	386	0	0	0	346	0	8374	0	352	0	466	0	160	0	84	0	198	0	116	0	3214	230	1956	0	150	0	336	0	1122	0	7368	0	5730	0	82	0	0	0	360	0	0	0	0	0	0	0	0	0	0	0	0	0	0	0	0	0	0	0	0	0	0	0	0	0	0	0	
228908	Frontal_Inf_Oper_R	80	4676	714	18938	0	0	420	8524	0	0	88	0	276	13796	0	0	0	8404	1244	11572	0	0	0	980	0	0	0	0	1126	27910	116	472	0	1332	0	0	0	548	0	172	0	0	0	0	0	0	0	0	0	0	0	0	0	0	0	222	0	2328	0	0	0	0	0	0	0	0	0	0	0	0	820	1700	92	6638	0	0	0	210	0	220	0	242	0	594	0	0	0	0	0	0	0	0	0	0	0	0	0	0	0	0	0	0	0	0	0	0	0	0	0	0	0	0	0	0	0	0	
238668	Frontal_Inf_Tri_L	1906	122	13254	812	556	0	29048	750	2572	0	12938	276	0	0	8424	0	606	112	5430	668	400	0	2082	118	0	0	0	0	25936	438	1054	236	1634	180	0	0	0	204	0	0	0	0	0	0	0	0	0	0	0	74	0	0	0	0	0	0	362	162	0	0	0	84	0	0	0	0	0	180	0	90	5022	1044	2248	0	0	0	0	0	84	0	154	0	74	0	0	0	0	0	0	0	0	0	0	0	0	0	0	0	0	0	0	0	0	0	0	0	0	0	0	0	0	0	0	0	0	0	
212228	Frontal_Inf_Tri_R	0	152	230	18966	0	0	220	17772	0	0	0	13796	0	0	0	4240	0	840	1816	8542	0	0	292	1580	0	0	0	0	286	28492	126	816	0	3038	0	0	0	0	0	0	0	0	0	0	0	0	0	0	0	0	0	0	0	0	0	0	0	88	0	0	0	0	0	0	0	0	0	0	0	0	364	624	0	3834	0	0	0	0	0	0	0	0	0	0	0	0	0	0	0	0	0	0	0	0	0	0	0	0	0	0	0	0	0	0	0	0	0	0	0	0	0	0	0	0	0	0	
167472	Frontal_Inf_Orb_L	96	0	10716	0	14240	0	5346	0	14828	0	108	0	8424	0	0	0	0	0	260	168	1740	110	612	0	78	0	1656	0	14528	0	908	0	294	0	0	0	618	0	102	0	272	0	0	0	0	0	0	0	0	0	0	0	0	0	226	0	0	0	0	0	0	0	0	0	0	0	0	0	0	0	1498	102	4290	0	0	0	0	0	0	0	0	0	2234	0	0	0	86	0	196	0	0	0	0	0	0	0	0	0	0	0	0	0	0	0	0	0	0	0	0	0	0	0	0	0	0	0	
81028	Frontal_Inf_Orb_R	0	0	0	3166	0	4578	0	4706	0	3368	0	0	0	4240	0	0	0	0	0	82	0	1322	0	580	0	0	0	2268	0	6406	0	480	0	0	0	0	0	0	0	0	0	0	0	0	0	0	0	0	0	0	0	0	0	0	0	0	0	0	0	0	0	0	0	0	0	0	0	0	0	0	0	3882	0	5436	0	0	0	0	0	0	0	0	0	0	0	0	0	0	0	0	0	0	0	0	0	0	0	0	0	0	0	0	0	0	0	0	0	0	0	0	0	0	0	0	0	0	
230832	Rolandic_Oper_L	11380	204	9078	256	0	0	3534	254	0	0	16632	0	606	0	0	0	0	0	8202	1576	0	0	0	0	0	0	0	0	18352	0	0	0	0	0	0	0	434	0	0	0	0	0	212	0	0	0	0	0	0	0	664	0	124	0	426	0	12024	0	562	0	496	0	2758	0	0	0	308	0	312	262	1736	0	1234	0	210	0	794	0	3104	0	12374	0	6094	0	598	0	0	0	616	0	0	0	0	0	0	0	0	0	0	0	0	0	0	0	0	0	0	0	0	0	0	0	0	0	0	0	
154076	Rolandic_Oper_R	0	3224	0	6674	0	0	114	628	0	0	0	8404	112	840	0	0	0	0	0	7124	0	0	0	0	0	0	0	0	264	16734	0	0	0	0	0	0	0	898	0	334	0	0	0	242	0	144	0	156	0	380	0	140	0	190	0	2394	0	2160	0	76	0	654	0	2252	0	108	0	1044	0	0	690	246	548	1962	0	170	118	216	0	7042	0	6530	0	630	0	1214	0	0	0	2382	0	0	0	0	0	0	0	0	0	0	0	0	0	0	0	0	0	0	0	0	0	0	0	0	0	0	
601764	Supp_Motor_Area_L	17626	3220	71548	8572	0	0	12762	2350	0	0	10414	1244	5430	1816	260	0	8202	0	0	32494	0	0	7340	2786	0	0	0	0	17166	2354	7292	5880	12014	22442	158	378	1460	476	0	102	0	0	0	0	0	0	0	0	0	0	174	0	80	0	1242	86	3924	1626	94	0	0	0	0	0	0	0	94	212	8656	610	5742	1070	7922	1026	1864	0	1104	522	372	0	4224	0	2892	0	156	0	0	0	1404	0	0	0	0	0	0	0	0	0	0	0	0	0	0	0	0	0	0	0	0	0	0	0	0	0	0	0	
722652	Supp_Motor_Area_R	9444	16194	13210	41628	0	0	2426	4302	0	0	634	11572	668	8542	168	82	1576	7124	32494	0	0	0	708	4428	0	76	0	0	4086	20170	1826	7164	4216	36164	1318	2316	1098	3158	0	1216	0	0	0	366	0	120	0	322	0	118	274	268	0	0	168	1290	1156	3800	234	170	158	152	726	88	0	0	256	1788	13630	32424	4438	23562	3332	10420	2478	1358	3750	11888	492	632	870	674	246	264	158	476	0	0	262	510	0	0	0	0	0	0	0	0	0	0	0	0	0	0	0	0	0	0	0	0	0	0	0	0	0	0	
113936	Olfactory_L	184	0	200	264	1646	296	424	196	0	0	0	0	400	0	1740	0	0	0	0	0	0	7014	72	372	792	754	6616	3670	3928	0	3658	4344	0	0	0	0	1518	0	380	0	1044	0	0	0	0	0	0	0	0	0	0	0	0	0	748	0	0	0	0	0	0	0	0	0	0	0	0	0	0	0	9426	2936	2458	992	0	0	0	136	0	0	88	0	0	0	0	0	0	0	672	0	0	0	0	0	0	0	0	0	0	0	0	0	0	0	0	0	0	0	0	0	0	0	0	0	0	0	
99116	Olfactory_R	0	0	0	312	214	1486	0	124	0	0	0	0	0	0	110	1322	0	0	0	0	7014	0	0	458	384	1242	5192	5814	166	1802	2904	4322	0	0	0	0	0	202	0	188	0	354	0	0	0	0	0	0	0	0	0	0	0	0	0	94	0	0	0	0	0	0	0	0	0	0	0	0	0	0	7490	4266	2106	1992	0	0	0	0	0	0	0	0	0	0	0	0	0	0	0	0	0	0	0	0	0	0	0	0	0	0	0	0	0	0	0	0	0	0	0	0	0	0	0	0	0	0	
343504	Frontal_Sup_Medial_L	294	0	43848	11386	4660	274	13772	700	552	0	274	0	2082	292	612	0	0	0	7340	708	72	0	0	17706	1202	376	130	0	2528	656	27976	10080	10940	10212	0	0	0	0	0	0	0	0	0	0	0	0	0	0	0	0	0	0	0	0	0	0	0	0	0	0	0	0	0	0	0	0	0	0	0	0	660	206	2090	124	0	0	0	0	0	0	0	0	0	0	0	0	0	0	0	0	0	0	0	0	0	0	0	0	0	0	0	0	0	0	0	0	0	0	0	0	0	0	0	0	0	0	
267056	Frontal_Sup_Medial_R	0	0	4284	29402	212	2108	214	4552	0	0	0	980	118	1580	0	580	0	0	2786	4428	372	458	17706	0	190	5496	350	2080	264	2420	6732	21526	986	12550	0	0	0	0	0	0	0	0	0	0	0	0	0	0	0	0	0	0	0	0	0	0	0	0	0	0	0	0	0	0	0	0	0	0	0	0	482	5168	160	5344	0	0	0	0	0	0	0	0	0	0	0	0	0	0	0	0	0	0	0	0	0	0	0	0	0	0	0	0	0	0	0	0	0	0	0	0	0	0	0	0	0	0	
39980	Frontal_Med_Orb_L	0	0	670	0	3406	728	0	0	710	0	0	0	0	0	78	0	0	0	0	0	792	384	1202	190	0	1690	2478	898	100	0	4646	1024	0	0	0	0	0	0	0	0	0	0	0	0	0	0	0	0	0	0	0	0	0	0	0	0	0	0	0	0	0	0	0	0	0	0	0	0	0	0	382	172	328	112	0	0	0	0	0	0	0	0	0	0	0	0	0	0	0	0	0	0	0	0	0	0	0	0	0	0	0	0	0	0	0	0	0	0	0	0	0	0	0	0	0	0	
92708	Frontal_Med_Orb_R	0	0	94	2524	168	7228	0	472	0	1106	0	0	0	0	0	0	0	0	0	76	754	1242	376	5496	1690	0	848	8236	0	0	3176	7298	0	0	0	0	0	0	0	0	0	0	0	0	0	0	0	0	0	0	0	0	0	0	0	0	0	0	0	0	0	0	0	0	0	0	0	0	0	0	632	2374	160	2404	0	0	0	0	0	0	0	0	0	0	0	0	0	0	0	0	0	0	0	0	0	0	0	0	0	0	0	0	0	0	0	0	0	0	0	0	0	0	0	0	0	0	
94308	Rectus_L	0	0	784	150	6064	218	0	0	2416	0	0	0	0	0	1656	0	0	0	0	0	6616	5192	130	350	2478	848	0	2908	586	0	4324	3480	0	0	0	0	102	0	0	0	130	0	0	0	0	0	0	0	0	0	0	0	0	0	0	0	0	0	0	0	0	0	0	0	0	0	0	0	0	0	5238	1562	1532	390	0	0	0	0	0	0	0	0	0	0	0	0	0	0	0	0	0	0	0	0	0	0	0	0	0	0	0	0	0	0	0	0	0	0	0	0	0	0	0	0	0	0	
123016	Rectus_R	0	0	0	1512	110	8256	0	608	0	2316	0	0	0	0	0	2268	0	0	0	0	3670	5814	0	2080	898	8236	2908	0	0	632	2436	7414	0	0	0	0	0	0	0	0	0	0	0	0	0	0	0	0	0	0	0	0	0	0	0	0	0	0	0	0	0	0	0	0	0	0	0	0	0	0	2972	4566	1140	3672	0	0	0	0	0	0	0	0	0	0	0	0	0	0	0	0	0	0	0	0	0	0	0	0	0	0	0	0	0	0	0	0	0	0	0	0	0	0	0	0	0	0	
630268	Insula_L	12642	1600	29458	3164	6336	0	16244	1934	2876	0	22092	1126	25936	286	14528	0	18352	264	17166	4086	3928	166	2528	264	100	0	586	0	0	724	2420	534	1022	358	126	0	12592	132	2036	0	2112	0	736	0	0	0	100	0	0	0	1674	0	350	0	8096	0	7064	206	1246	0	1456	0	738	0	256	0	1036	192	1358	684	17366	2772	22862	274	1156	0	5174	76	4946	0	10844	0	8266	0	1136	0	0	0	7352	0	0	0	0	0	0	0	0	0	0	0	0	0	0	0	0	0	0	0	0	0	0	0	0	0	0	0	
434192	Insula_R	206	3148	596	28056	0	820	634	6768	0	0	154	27910	438	28492	0	6406	0	16734	2354	20170	0	1802	656	2420	0	0	0	632	724	0	232	918	100	4042	170	398	154	6568	0	2860	0	616	0	248	0	0	0	294	0	172	0	182	0	0	0	4578	0	1438	0	0	0	228	0	234	0	0	0	126	110	384	1640	3210	1240	26212	0	0	442	938	0	1926	0	2976	0	1046	0	1346	0	0	0	2948	0	0	0	0	0	0	0	0	0	0	0	0	0	0	0	0	0	0	0	0	0	0	0	0	0	0	
371432	Cingulum_Ant_L	2008	0	24302	7404	6996	1704	10454	318	804	0	1196	116	1054	126	908	0	0	0	7292	1826	3658	2904	27976	6732	4646	3176	4324	2436	2420	232	0	24080	9550	6892	0	0	0	0	0	0	0	0	0	0	0	0	0	0	0	0	0	0	0	0	0	0	78	0	0	0	0	0	0	0	0	0	0	0	0	0	6438	2722	9106	1752	0	0	0	0	0	0	0	0	86	0	0	0	0	0	0	0	0	0	0	0	0	0	0	0	0	0	0	0	0	0	0	0	0	0	0	0	0	0	0	0	0	0	
391212	Cingulum_Ant_R	396	0	6676	29194	352	1894	852	3000	0	228	272	472	236	816	0	480	0	0	5880	7164	4344	4322	10080	21526	1024	7298	3480	7414	534	918	24080	0	3310	18656	0	0	0	0	0	0	0	0	0	0	0	0	0	0	0	0	0	0	0	0	0	0	0	0	0	0	0	0	0	0	0	0	0	0	0	0	5032	12908	2398	10370	0	0	0	0	0	0	0	0	0	0	0	0	0	0	0	0	0	0	0	0	0	0	0	0	0	0	0	0	0	0	0	0	0	0	0	0	0	0	0	0	0	0	
188864	Cingulum_Mid_L	482	222	11748	1902	0	0	6012	0	0	0	178	0	1634	0	294	0	0	0	12014	4216	0	0	10940	986	0	0	0	0	1022	100	9550	3310	0	14022	2088	974	0	0	0	0	0	0	0	0	98	0	0	0	308	0	506	0	192	0	0	0	968	220	356	0	0	0	0	0	0	0	2960	822	4880	440	422	124	250	0	192	0	0	0	0	0	0	0	0	0	0	0	0	0	0	0	0	0	0	0	0	0	0	0	0	0	0	0	0	0	0	0	0	0	0	0	0	0	0	0	0	0	
403700	Cingulum_Mid_R	3736	232	6754	17676	0	0	402	1362	0	0	74	1332	180	3038	0	0	0	0	22442	36164	0	0	10212	12550	0	0	0	0	358	4042	6892	18656	14022	0	1618	5274	226	136	0	0	0	0	0	406	0	548	0	274	0	78	0	0	0	0	0	0	0	4138	0	0	0	0	0	0	0	0	724	6924	8178	10160	264	1230	198	598	180	0	468	0	0	0	0	0	0	0	0	0	0	0	0	0	0	0	0	0	0	0	0	0	0	0	0	0	0	0	0	0	0	0	0	0	104	0	0	0	0	0	
95980	Cingulum_Post_L	714	98	84	0	0	0	0	0	0	0	0	0	0	0	0	0	0	0	158	1318	0	0	0	0	0	0	0	0	126	170	0	0	2088	1618	0	8714	4304	3778	1166	2202	0	0	768	92	580	116	682	416	502	0	94	0	108	0	914	1604	1470	808	0	0	0	0	0	0	0	0	3800	2162	2842	1454	0	0	100	0	0	0	1530	766	0	0	0	0	0	0	0	0	0	0	0	0	0	0	0	0	0	0	0	180	0	0	0	0	0	0	0	0	0	0	0	0	464	0	0	0	0	0	
144468	Cingulum_Post_R	1044	344	148	0	0	0	0	0	0	0	0	0	0	0	0	0	0	0	378	2316	0	0	0	0	0	0	0	0	0	398	0	0	974	5274	8714	0	4020	7034	232	3256	0	0	0	1942	0	566	0	3212	0	130	0	700	0	82	158	3034	0	2888	0	0	0	0	0	0	0	0	964	10244	1180	3940	128	0	154	0	0	0	3354	2742	0	0	0	0	0	0	0	616	0	0	0	666	0	0	0	0	0	0	0	228	0	0	0	0	0	0	0	0	0	0	0	0	1174	0	0	0	0	0	
256324	Hippocampus_L	7454	658	2008	372	164	0	950	0	0	0	436	0	0	0	618	0	434	0	1460	1098	1518	0	0	0	0	0	102	0	12592	154	0	0	0	226	4304	4020	0	3000	12230	1664	7024	0	370	0	0	0	1636	440	0	0	0	0	530	0	18464	1244	1220	0	0	0	0	0	0	0	0	0	2098	916	2504	406	552	78	11814	0	1228	0	2730	1112	2186	0	2160	0	660	0	178	0	0	0	12392	0	0	0	0	0	0	0	128	194	0	0	0	0	0	0	0	0	0	0	0	0	436	0	0	0	0	0	
273580	Hippocampus_R	920	9122	472	434	0	0	248	368	0	0	0	548	204	0	0	0	0	898	476	3158	0	202	0	0	0	0	0	0	132	6568	0	0	0	136	3778	7034	3000	0	0	23882	0	5546	0	682	0	274	0	3526	0	324	0	674	0	0	0	27056	0	710	0	0	0	0	0	0	0	0	0	3900	868	4614	560	890	626	6444	0	374	2912	5876	0	354	0	870	0	258	0	1014	0	0	0	3482	0	912	0	0	0	0	0	1260	0	946	0	0	0	0	0	0	0	0	0	0	258	0	0	0	0	0	
94492	ParaHippocampal_L	0	0	0	0	0	0	0	0	0	0	0	0	0	0	102	0	0	0	0	0	380	0	0	0	0	0	0	0	2036	0	0	0	0	0	1166	232	12230	0	0	118	3386	0	992	0	136	0	5150	302	0	0	494	0	828	0	9866	0	74	0	0	0	0	0	0	0	0	0	3188	110	0	0	76	0	1662	0	122	0	0	0	0	0	178	0	762	0	192	0	286	0	1746	0	0	0	0	0	372	226	276	0	120	0	0	0	0	0	0	0	0	0	102	212	124	0	0	0	0	0	
171752	ParaHippocampal_R	150	1626	106	120	0	0	0	0	0	0	0	172	0	0	0	0	0	334	102	1216	0	188	0	0	0	0	0	0	0	2860	0	0	0	0	2202	3256	1664	23882	118	0	0	3808	0	876	0	124	0	4566	0	142	0	328	0	0	0	18414	0	260	0	0	0	0	0	0	0	0	0	3046	124	1532	102	302	138	4168	0	280	1208	2238	0	174	0	442	0	946	0	392	0	336	0	1146	0	82	0	0	0	0	0	2304	0	158	0	0	0	0	0	0	0	0	0	0	244	0	0	0	0	0	
40124	Amygdala_L	0	0	0	0	258	0	0	0	0	0	0	0	0	0	272	0	0	0	0	0	1044	0	0	0	0	0	130	0	2112	0	0	0	0	0	0	0	7024	0	3386	0	0	0	0	0	0	0	0	0	0	0	0	0	0	0	3696	0	0	0	0	0	0	0	0	0	0	0	0	0	0	0	304	0	518	0	0	0	0	0	0	0	0	0	174	0	0	0	0	0	1144	0	0	0	0	0	0	0	0	0	0	0	0	0	0	0	0	0	0	0	0	0	0	0	0	0	0	0	
31296	Amygdala_R	0	132	0	0	0	0	0	0	0	0	0	0	0	0	0	0	0	0	0	0	0	354	0	0	0	0	0	0	0	616	0	0	0	0	0	0	0	5546	0	3808	0	0	0	0	0	0	0	0	0	0	0	0	0	0	0	2516	0	0	0	0	0	0	0	0	0	0	0	0	0	90	0	142	0	1148	0	0	0	294	0	0	0	0	0	866	0	0	0	0	0	136	0	0	0	0	0	0	0	0	0	0	0	0	0	0	0	0	0	0	0	0	0	0	0	0	0	0	
206668	Calcarine_L	286	0	0	0	0	0	0	0	0	0	0	0	0	0	0	0	212	0	0	0	0	0	0	0	0	0	0	0	736	0	0	0	0	0	768	0	370	0	992	0	0	0	0	8084	11028	4476	13842	3406	8332	1234	20194	490	9290	0	4762	530	834	352	282	0	250	150	110	0	144	0	9182	952	0	0	0	0	0	0	0	0	0	0	222	0	140	0	0	0	582	226	0	0	468	0	0	0	0	0	0	0	0	0	184	0	0	0	0	0	0	0	0	0	0	0	90	134	0	0	0	0	
390784	Calcarine_R	0	1300	0	0	0	0	0	0	0	0	0	0	0	0	0	0	0	242	0	366	0	0	0	0	0	0	0	0	0	248	0	0	0	406	92	1942	0	682	0	876	0	0	8084	0	3302	27142	966	23498	104	22190	0	19884	0	7180	0	8736	0	9600	0	3330	0	4230	0	178	0	848	2650	28432	0	2898	0	0	0	0	0	0	0	0	0	0	0	0	0	0	0	9286	0	0	0	5988	0	0	0	0	0	0	0	168	0	76	0	0	0	0	0	0	0	0	0	0	468	0	0	0	0	0	
148720	Cuneus_L	0	0	0	0	0	0	0	0	0	0	0	0	0	0	0	0	0	0	0	0	0	0	0	0	0	0	0	0	0	0	0	0	98	0	580	0	0	0	136	0	0	0	11028	3302	0	4870	2942	168	19582	1248	10054	404	2154	76	862	0	1770	94	1432	0	300	0	0	0	0	0	9694	1662	1058	0	0	0	0	0	0	0	0	0	0	0	0	0	0	0	184	142	0	0	520	0	0	0	0	0	0	0	0	0	0	0	0	0	0	0	0	0	0	0	0	0	0	0	0	0	0	0	
273164	Cuneus_R	0	1218	0	0	0	0	0	0	0	0	0	0	0	0	0	0	0	144	0	120	0	0	0	0	0	0	0	0	0	0	0	0	0	548	116	566	0	274	0	124	0	0	4476	27142	4870	0	266	3664	204	30008	0	12192	0	3370	0	2156	0	4656	86	2978	0	1752	0	172	0	400	6054	23254	0	1208	138	0	158	0	0	0	0	0	0	0	0	0	0	0	0	3384	0	0	0	496	0	0	0	0	0	0	0	0	0	0	0	0	0	0	0	0	0	0	0	0	388	0	0	0	0	0	
228712	Lingual_L	76	0	0	0	0	0	0	0	0	0	0	0	0	0	0	0	0	0	0	0	0	0	0	0	0	0	0	0	100	0	0	0	0	0	682	0	1636	0	5150	0	0	0	13842	966	2942	266	0	3498	3122	76	13946	0	8314	0	16314	328	246	0	0	0	76	0	0	0	0	0	4004	0	0	0	0	0	0	0	0	0	0	0	0	0	0	0	0	0	554	0	0	0	618	0	4936	936	104	0	186	0	9580	736	11222	1146	100	0	200	0	0	0	0	0	0	96	4922	2626	810	0	0	0	
404776	Lingual_R	0	566	0	0	0	0	0	0	0	0	0	0	0	0	0	0	0	156	0	322	0	0	0	0	0	0	0	0	0	294	0	0	0	274	416	3212	440	3526	302	4566	0	0	3406	23498	168	3664	3498	0	72	3896	630	4468	1018	4824	3938	22178	0	1196	0	0	0	114	0	0	0	0	170	8670	0	1630	0	0	0	0	0	0	0	270	0	0	0	0	0	0	0	2340	0	0	0	3392	6788	8454	592	272	542	444	9730	10348	12874	10016	240	0	942	100	2900	306	0	0	256	442	19068	8442	1826	376	316	0	
157552	Occipital_Sup_L	0	0	0	0	0	0	0	0	0	0	0	0	0	0	0	0	0	0	0	0	0	0	0	0	0	0	0	0	0	0	0	0	308	0	502	0	0	0	0	0	0	0	8332	104	19582	204	3122	72	0	0	24368	0	2702	0	234	0	980	0	5754	0	2056	0	0	0	134	0	8942	530	332	0	0	0	0	0	0	0	0	0	0	0	0	0	0	0	308	0	0	0	210	0	0	0	0	0	0	0	0	0	0	0	0	0	0	0	0	0	0	0	0	0	0	0	0	0	0	0	
289840	Occipital_Sup_R	0	1672	0	0	0	0	80	0	0	0	0	0	74	0	0	0	0	380	0	118	0	0	0	0	0	0	0	0	0	172	0	0	0	78	0	130	0	324	0	142	0	0	1234	22190	1248	30008	76	3896	0	0	0	21838	0	5450	0	2554	0	2782	0	8986	0	2410	0	434	0	3914	3866	19804	0	1190	278	0	310	0	0	0	0	0	0	150	0	160	0	0	0	7646	0	0	0	1326	0	0	0	0	0	0	0	0	0	0	0	0	0	0	0	0	0	0	0	0	0	0	0	0	0	0	
583416	Occipital_Mid_L	670	0	0	0	0	0	0	0	0	0	386	0	0	0	0	0	664	0	174	274	0	0	0	0	0	0	0	0	1674	0	0	0	506	0	94	0	0	0	494	0	0	0	20194	0	10054	0	13946	630	24368	0	0	0	31570	0	9444	0	11154	0	33008	0	34290	0	5078	0	29776	0	14162	108	1484	0	0	0	0	0	0	0	0	0	868	0	2336	0	0	0	30906	0	0	0	11346	0	0	0	0	0	0	0	0	0	870	0	0	0	0	0	0	0	0	0	0	0	380	800	0	0	0	0	
254048	Occipital_Mid_R	0	716	0	0	0	0	0	0	0	0	0	0	0	0	0	0	0	140	0	268	0	0	0	0	0	0	0	0	0	182	0	0	0	0	0	700	0	674	0	328	0	0	490	19884	404	12192	0	4468	0	21838	0	0	0	8746	0	4108	0	1532	0	2380	0	2610	0	518	0	9868	1062	8430	0	1112	108	0	110	0	0	0	0	0	0	0	0	1670	0	0	0	18658	0	0	0	3736	0	0	0	0	0	0	0	0	0	0	0	0	0	0	0	0	0	0	0	0	92	0	0	0	0	0	
193252	Occipital_Inf_L	170	0	0	0	0	0	0	0	0	0	0	0	0	0	0	0	124	0	80	0	0	0	0	0	0	0	0	0	350	0	0	0	192	0	108	0	530	0	828	0	0	0	9290	0	2154	0	8314	1018	2702	0	31570	0	0	0	14314	0	1084	0	1242	0	912	0	0	0	510	0	3830	0	816	0	0	0	0	0	0	0	0	0	1016	0	120	0	0	0	3160	0	0	0	7604	0	132	226	0	0	0	0	88	0	1576	268	0	0	0	0	0	0	0	0	0	0	622	1382	294	0	0	0	
94076	Occipital_Inf_R	0	198	0	0	0	0	0	0	0	0	0	0	0	0	0	0	0	190	0	0	0	0	0	0	0	0	0	0	0	0	0	0	0	0	0	82	0	0	0	0	0	0	0	7180	76	3370	0	4824	0	5450	0	8746	0	0	0	5232	0	474	0	218	0	250	0	0	0	180	484	1706	0	204	0	0	0	0	0	0	0	0	0	142	0	102	0	0	0	1230	0	0	0	2798	112	196	84	0	0	0	408	868	188	478	0	0	0	0	370	0	0	0	0	0	876	230	92	0	0	0	
478700	Fusiform_L	1928	168	1354	164	90	0	316	0	0	0	346	0	0	0	226	0	426	0	1242	168	748	0	0	0	0	0	0	0	8096	0	0	0	0	0	914	158	18464	0	9866	0	3696	0	4762	0	862	0	16314	3938	234	0	9444	0	14314	0	0	104	1774	0	700	0	744	0	208	0	196	0	4532	0	774	0	370	0	3878	0	0	0	0	0	2324	0	2780	0	3852	0	5592	0	1522	0	24580	0	20926	1140	986	206	464	0	15744	622	32110	1254	1144	0	1454	0	86	0	0	0	0	0	5626	4138	1200	82	0	0	
429836	Fusiform_R	82	2202	88	86	0	0	0	0	0	0	0	222	0	0	0	0	0	2394	86	1290	0	94	0	0	0	0	0	0	0	4578	0	0	0	0	1604	3034	1244	27056	0	18414	0	2516	530	8736	0	2156	328	22178	0	2554	0	4108	0	5232	104	0	0	1072	0	264	0	2698	0	5894	0	1170	0	3368	76	2296	234	234	286	3974	0	120	928	1886	0	1414	0	3346	0	1618	0	3760	0	980	0	15856	750	12698	358	276	0	408	2270	10316	1048	14284	0	0	154	150	1674	166	0	0	0	98	5656	1362	538	162	160	0	
328516	Postcentral_L	26104	444	5190	398	0	0	2604	0	0	0	8374	0	362	0	0	0	12024	0	3924	1156	0	0	0	0	0	0	0	0	7064	0	78	0	968	0	1470	0	1220	0	74	0	0	0	834	0	1770	0	246	0	980	0	11154	0	1084	0	1774	0	0	0	13592	0	21716	0	11132	0	4312	0	5644	0	5024	306	632	78	124	0	0	0	206	0	2532	0	5338	0	246	0	2094	0	0	0	1986	0	0	0	0	0	0	0	0	0	0	0	0	0	0	0	0	0	0	0	0	0	0	0	0	0	0	0	
272064	Postcentral_R	778	14362	1056	624	0	0	174	1076	0	0	0	2328	162	88	0	0	0	2160	1626	3800	0	0	0	0	0	0	0	0	206	1438	0	0	220	4138	808	2888	0	710	0	260	0	0	352	9600	94	4656	0	1196	0	2782	0	1532	0	474	0	1072	0	0	0	5528	0	7332	0	11708	0	1556	0	21396	1028	13378	638	0	548	552	0	94	396	0	0	302	0	1880	0	0	0	5348	0	0	0	3442	0	0	0	0	0	0	0	0	0	0	0	0	0	0	0	0	0	0	0	0	246	0	0	0	0	0	
263428	Parietal_Sup_L	558	0	0	0	0	0	0	0	0	0	352	0	0	0	0	0	562	0	94	234	0	0	0	0	0	0	0	0	1246	0	0	0	356	0	0	0	0	0	0	0	0	0	282	0	1432	86	0	0	5754	0	33008	0	1242	0	700	0	13592	0	0	0	28930	0	3706	0	8214	0	12532	166	744	0	0	0	0	0	0	0	0	0	354	0	1900	0	0	0	8540	0	0	0	7130	0	0	0	0	0	0	0	0	0	0	0	0	0	0	0	0	0	0	0	0	0	0	0	0	0	0	0	
117468	Parietal_Sup_R	0	438	0	0	0	0	0	0	0	0	0	0	0	0	0	0	0	76	0	170	0	0	0	0	0	0	0	0	0	0	0	0	0	0	0	0	0	0	0	0	0	0	0	3330	0	2978	0	0	0	8986	0	2380	0	218	0	264	0	5528	0	0	0	8648	0	2278	0	6052	748	11574	0	492	0	0	0	0	0	0	0	0	0	0	0	168	0	0	0	2252	0	0	0	2154	0	0	0	0	0	0	0	0	0	0	0	0	0	0	0	0	0	0	0	0	0	0	0	0	0	0	
315456	Parietal_Inf_L	686	0	0	0	0	0	0	0	0	0	466	0	0	0	0	0	496	0	0	158	0	0	0	0	0	0	0	0	1456	0	0	0	0	0	0	0	0	0	0	0	0	0	250	0	300	0	76	0	2056	0	34290	0	912	0	744	0	21716	0	28930	0	0	0	16902	0	21294	0	3504	0	430	0	0	0	0	0	0	0	0	0	310	0	2630	0	0	0	12742	0	0	0	7380	0	0	0	0	0	0	0	0	0	0	0	0	0	0	0	0	0	0	0	0	0	0	0	0	0	0	0	
160832	Parietal_Inf_R	0	852	0	0	0	0	88	0	0	0	0	0	84	0	0	0	0	654	0	152	0	0	0	0	0	0	0	0	0	228	0	0	0	0	0	0	0	0	0	0	0	0	150	4230	0	1752	0	114	0	2410	0	2610	0	250	0	2698	0	7332	0	8648	0	0	0	13626	0	15652	0	5982	0	374	308	0	334	0	0	0	0	0	0	246	0	1872	0	0	0	5512	0	0	0	4258	0	0	0	0	0	0	0	0	0	0	0	0	0	0	0	0	0	0	0	0	0	0	0	0	0	0	
133740	SupraMarginal_L	1066	0	0	0	0	0	0	0	0	0	160	0	0	0	0	0	2758	0	0	726	0	0	0	0	0	0	0	0	738	0	0	0	0	0	0	0	0	0	0	0	0	0	110	0	0	0	0	0	0	0	5078	0	0	0	208	0	11132	0	3706	0	16902	0	0	0	5482	0	1304	0	74	162	0	0	0	0	0	0	0	0	0	0	7340	0	0	0	6328	0	0	0	3596	0	0	0	0	0	0	0	0	0	0	0	0	0	0	0	0	0	0	0	0	0	0	0	0	0	0	0	
132500	SupraMarginal_R	0	698	0	0	0	0	0	0	0	0	0	0	0	0	0	0	0	2252	0	88	0	0	0	0	0	0	0	0	0	234	0	0	0	0	0	0	0	0	0	0	0	0	0	178	0	172	0	0	0	434	0	518	0	0	0	5894	0	11708	0	2278	0	13626	0	0	0	6282	0	1282	0	192	262	0	266	0	0	0	0	0	0	434	0	6234	0	0	0	6762	0	0	0	6456	0	0	0	0	0	0	0	0	0	0	0	0	0	0	0	0	0	0	0	0	0	0	0	0	0	0	
184644	Angular_L	100	0	0	0	0	0	0	0	0	0	84	0	0	0	0	0	0	0	0	0	0	0	0	0	0	0	0	0	256	0	0	0	0	0	0	0	0	0	0	0	0	0	144	0	0	0	0	0	134	0	29776	0	510	0	196	0	4312	0	8214	0	21294	0	5482	0	0	0	826	0	368	0	0	0	0	0	0	0	0	0	112	0	1908	0	0	0	14438	0	0	0	4168	0	0	0	0	0	0	0	0	0	0	0	0	0	0	0	0	0	0	0	0	0	0	0	0	0	0	0	
118688	Angular_R	0	246	0	0	0	0	0	0	0	0	0	0	0	0	0	0	0	108	0	0	0	0	0	0	0	0	0	0	0	0	0	0	0	0	0	0	0	0	0	0	0	0	0	848	0	400	0	0	0	3914	0	9868	0	180	0	1170	0	1556	0	6052	0	15652	0	6282	0	0	0	952	0	212	0	0	0	0	0	0	0	0	0	84	0	4220	0	0	0	5608	0	0	0	1992	0	0	0	0	0	0	0	0	0	0	0	0	0	0	0	0	0	0	0	0	0	0	0	0	0	0	
253528	Precuneus_L	950	0	0	0	0	0	0	0	0	0	198	0	0	0	0	0	308	0	94	256	0	0	0	0	0	0	0	0	1036	0	0	0	2960	724	3800	964	2098	0	3188	0	0	0	9182	2650	9694	6054	4004	170	8942	3866	14162	1062	3830	484	4532	0	5644	0	12532	748	3504	0	1304	0	826	0	0	10208	3026	74	0	0	0	0	0	0	0	0	290	0	302	0	0	0	930	496	0	0	1460	0	0	0	0	0	0	0	100	0	0	0	0	0	0	0	0	0	0	0	0	0	112	0	0	0	0	0	
424080	Precuneus_R	220	4204	176	0	0	0	200	150	0	0	0	0	180	0	0	0	0	1044	212	1788	0	0	0	0	0	0	0	0	192	126	0	0	822	6924	2162	10244	916	3900	110	3046	0	0	952	28432	1662	23254	0	8670	530	19804	108	8430	0	1706	0	3368	0	21396	166	11574	0	5982	0	1282	0	952	10208	0	462	9328	676	0	720	0	0	0	158	268	0	196	0	222	0	0	0	7444	0	0	0	5030	0	0	0	0	0	0	0	284	0	0	0	0	0	0	0	0	0	0	0	0	2160	0	0	0	0	0	
210460	Paracentral_Lobule_L	22116	962	3546	184	0	0	86	0	0	0	116	0	0	0	0	0	312	0	8656	13630	0	0	0	0	0	0	0	0	1358	110	0	0	4880	8178	2842	1180	2504	868	0	124	0	0	0	0	1058	0	0	0	332	0	1484	0	816	0	774	76	5024	1028	744	0	430	0	74	0	368	0	3026	462	0	6010	1702	0	2434	0	822	0	4872	956	310	0	186	0	0	0	120	0	0	0	470	0	0	0	0	0	0	0	0	0	0	0	0	0	0	0	0	0	0	0	0	0	0	0	0	0	0	0	
318704	Paracentral_Lobule_R	3922	23192	382	474	0	0	140	0	0	0	0	0	90	0	0	0	262	0	610	32424	0	0	0	0	0	0	0	0	684	384	0	0	440	10160	1454	3940	406	4614	0	1532	0	90	0	2898	0	1208	0	1630	0	1190	0	1112	0	204	0	2296	306	13378	0	492	0	374	162	192	0	212	74	9328	6010	0	2130	10228	788	108	576	0	2080	12910	140	0	138	324	0	0	0	1816	0	0	0	1510	0	0	0	0	0	0	0	86	0	0	0	0	0	0	0	0	0	0	0	0	252	0	0	0	0	0	
332924	Caudate_L	7744	1276	6788	2156	616	292	7400	2770	0	0	3214	820	5022	364	1498	0	1736	690	5742	4438	9426	7490	660	482	382	632	5238	2972	17366	1640	6438	5032	422	264	0	128	552	560	76	102	304	0	0	0	0	138	0	0	0	278	0	108	0	0	370	234	632	638	0	0	0	308	0	262	0	0	0	676	1702	2130	0	9572	19160	2644	3166	0	7326	226	0	212	1370	78	1348	0	0	376	0	0	336	440	0	0	0	0	0	0	0	0	0	0	0	0	0	0	0	0	0	0	0	0	0	0	0	0	0	0	
353496	Caudate_R	274	15136	860	8258	106	1510	888	3334	0	250	230	1700	1044	624	102	3882	0	246	1070	23562	2936	4266	206	5168	172	2374	1562	4566	2772	3210	2722	12908	124	1230	0	0	78	890	0	302	0	142	0	0	0	0	0	0	0	0	0	0	0	0	0	234	78	0	0	0	0	0	0	0	0	0	0	0	0	10228	9572	0	2712	25144	154	1406	578	17938	0	0	0	0	0	0	0	0	0	0	0	0	0	0	0	0	0	0	0	0	0	0	0	0	0	0	0	0	0	0	0	0	0	0	0	0	0	0	
332628	Putamen_L	6028	1432	16618	858	4118	0	4732	354	1206	0	1956	92	2248	0	4290	0	1234	548	7922	3332	2458	2106	2090	160	328	160	1532	1140	22862	1240	9106	2398	250	198	100	154	11814	626	1662	138	518	0	0	0	0	158	0	0	0	310	0	110	0	0	3878	286	124	548	0	0	0	334	0	266	0	0	0	720	2434	788	19160	2712	0	862	6268	0	842	172	160	222	1276	74	1512	0	0	444	0	0	4150	496	0	0	0	0	0	0	0	0	0	0	0	0	0	0	0	0	0	0	0	0	0	0	0	0	0	0	
298984	Putamen_R	0	1946	700	6750	0	1680	0	4948	0	270	0	6638	0	3834	0	5436	0	1962	1026	10420	992	1992	124	5344	112	2404	390	3672	274	26212	1752	10370	0	598	0	0	0	6444	0	4168	0	1148	0	0	0	0	0	0	0	0	0	0	0	0	0	3974	0	552	0	0	0	0	0	0	0	0	0	0	0	108	2644	25144	862	0	0	1964	128	844	0	276	0	632	0	112	0	186	0	0	0	460	0	0	0	0	0	0	0	0	0	0	0	0	0	0	0	0	0	0	0	0	0	0	0	0	0	0	
47504	Pallidum_L	840	476	1158	282	0	0	0	0	0	0	150	0	0	0	0	0	210	0	1864	2478	0	0	0	0	0	0	0	0	1156	0	0	0	192	180	0	0	1228	0	122	0	0	0	0	0	0	0	0	0	0	0	0	0	0	0	0	0	0	0	0	0	0	0	0	0	0	0	0	0	822	576	3166	154	6268	0	0	0	2226	0	0	0	110	0	94	0	0	0	0	0	0	0	0	0	0	0	0	0	0	0	0	0	0	0	0	0	0	0	0	0	0	0	0	0	0	0	0	0	
13328	Pallidum_R	0	250	0	510	0	0	0	0	0	0	0	0	0	0	0	0	0	170	0	1358	0	0	0	0	0	0	0	0	0	0	0	0	0	0	0	0	0	374	0	280	0	0	0	0	0	0	0	0	0	0	0	0	0	0	0	120	0	94	0	0	0	0	0	0	0	0	0	0	0	0	0	1406	0	1964	0	0	0	138	0	0	0	0	0	0	0	0	0	0	0	0	0	0	0	0	0	0	0	0	0	0	0	0	0	0	0	0	0	0	0	0	0	0	0	0	0	0	
111488	Thalamus_L	6156	1204	496	96	0	0	88	0	0	0	336	0	0	0	0	0	794	118	1104	3750	0	0	0	0	0	0	0	0	5174	442	0	0	0	468	1530	3354	2730	2912	0	1208	0	0	0	0	0	0	0	0	0	0	0	0	0	0	0	928	206	396	0	0	0	0	0	0	0	0	0	158	4872	2080	7326	578	842	128	2226	0	0	3586	76	0	148	0	106	0	0	0	0	0	0	0	0	0	0	0	0	0	0	128	0	0	0	0	0	0	0	0	0	0	0	0	0	0	0	0	0	0	
173036	Thalamus_R	928	17864	514	632	0	0	0	0	0	0	0	210	0	0	0	0	0	216	522	11888	136	0	0	0	0	0	0	0	76	938	0	0	0	0	766	2742	1112	5876	0	2238	0	294	0	0	0	0	0	270	0	0	0	0	0	0	0	1886	0	0	0	0	0	0	0	0	0	0	0	268	956	12910	226	17938	172	844	0	138	3586	0	0	0	0	0	0	0	0	0	0	0	0	96	0	0	0	0	0	0	0	276	0	0	0	0	0	0	0	0	0	0	0	0	0	0	0	0	0	0	
60932	Heschl_L	2650	0	382	0	0	0	320	0	0	0	1122	0	84	0	0	0	3104	0	372	492	0	0	0	0	0	0	0	0	4946	0	0	0	0	0	0	0	2186	0	0	0	0	0	222	0	0	0	0	0	0	0	868	0	1016	0	2324	0	2532	0	354	0	310	0	0	0	112	0	290	0	310	140	0	0	160	0	0	0	76	0	0	0	2690	0	0	0	1794	0	0	0	1610	0	0	0	0	0	0	0	0	0	0	0	0	0	0	0	0	0	0	0	0	0	0	0	0	0	0	0	
49888	Heschl_R	0	1106	0	92	0	0	0	0	0	0	0	220	0	0	0	0	0	7042	0	632	0	0	0	0	0	0	0	0	0	1926	0	0	0	0	0	0	0	354	0	174	0	0	0	0	0	0	0	0	0	150	0	0	0	142	0	1414	0	302	0	0	0	246	0	434	0	84	0	196	0	0	212	0	222	276	0	0	0	0	0	0	0	6586	0	0	0	1304	0	0	0	1830	0	0	0	0	0	0	0	0	0	0	0	0	0	0	0	0	0	0	0	0	0	0	0	0	0	0	
244116	Temporal_Sup_L	3510	108	4278	138	0	0	604	122	0	0	7368	0	154	0	0	0	12374	0	4224	870	88	0	0	0	0	0	0	0	10844	0	0	0	0	0	0	0	2160	0	178	0	0	0	140	0	0	0	0	0	0	0	2336	0	120	0	2780	0	5338	0	1900	0	2630	0	7340	0	1908	0	302	0	186	138	1370	0	1276	0	110	0	148	0	2690	0	0	0	8234	0	22402	0	0	0	13690	0	0	0	0	0	0	0	0	0	0	0	0	0	0	0	0	0	0	0	0	0	0	0	0	0	0	0	
118136	Temporal_Sup_R	0	1294	0	138	0	0	0	0	0	0	0	242	0	0	0	0	0	6530	0	674	0	0	0	0	0	0	0	0	0	2976	0	0	0	0	0	0	0	870	0	442	0	0	0	0	0	0	0	0	0	160	0	1670	0	102	0	3346	0	1880	0	168	0	1872	0	6234	0	4220	0	222	0	324	78	0	74	632	0	0	0	0	0	6586	0	0	0	1220	0	10286	0	0	0	6828	0	0	0	0	0	0	0	0	0	0	0	0	0	0	0	0	0	0	0	0	0	0	0	0	0	0	
134828	Temporal_Pole_Sup_L	528	0	3330	0	582	0	170	106	488	0	5730	0	74	0	2234	0	6094	0	2892	246	0	0	0	0	0	0	0	0	8266	0	86	0	0	0	0	0	660	0	762	0	174	0	0	0	0	0	0	0	0	0	0	0	0	0	3852	0	246	0	0	0	0	0	0	0	0	0	0	0	0	0	1348	0	1512	0	94	0	106	0	0	0	8234	0	0	0	8456	0	4516	0	6628	0	0	0	0	0	0	0	0	0	0	0	0	0	0	0	0	0	0	0	0	0	0	0	0	0	0	0	
27012	Temporal_Pole_Sup_R	0	0	0	382	0	0	0	0	0	0	0	594	0	0	0	0	0	630	0	264	0	0	0	0	0	0	0	0	0	1046	0	0	0	0	0	0	0	258	0	946	0	866	0	0	0	0	0	0	0	0	0	0	0	0	0	1618	0	0	0	0	0	0	0	0	0	0	0	0	0	0	0	0	0	112	0	0	0	0	0	0	0	1220	0	0	0	1674	0	2584	0	1312	0	0	0	0	0	0	0	0	0	0	0	0	0	0	0	0	0	0	0	0	0	0	0	0	0	0	
327100	Temporal_Mid_L	284	0	72	0	0	0	0	0	0	0	82	0	0	0	0	0	598	0	156	158	0	0	0	0	0	0	0	0	1136	0	0	0	0	0	0	0	178	0	192	0	0	0	582	0	184	0	554	0	308	0	30906	0	3160	0	5592	0	2094	0	8540	0	12742	0	6328	0	14438	0	930	0	120	0	0	0	0	0	0	0	0	0	1794	0	22402	0	8456	0	0	0	3534	0	38030	0	0	0	0	0	0	0	0	0	0	0	0	0	0	0	0	0	0	0	0	0	0	0	0	0	0	0	
256844	Temporal_Mid_R	0	1290	0	0	0	0	0	0	0	0	0	0	0	0	0	0	0	1214	0	476	0	0	0	0	0	0	0	0	0	1346	0	0	0	0	0	616	0	1014	0	392	0	0	226	9286	142	3384	0	2340	0	7646	0	18658	0	1230	0	3760	0	5348	0	2252	0	5512	0	6762	0	5608	496	7444	0	1816	376	0	444	186	0	0	0	0	0	1304	0	10286	0	1674	0	0	0	1058	0	24836	0	0	0	0	0	0	0	0	0	0	0	0	0	0	0	0	0	0	0	0	0	0	0	0	0	0	
26708	Temporal_Pole_Mid_L	0	0	0	0	0	0	0	0	0	0	0	0	0	0	86	0	0	0	0	0	0	0	0	0	0	0	0	0	0	0	0	0	0	0	0	0	0	0	286	0	0	0	0	0	0	0	0	0	0	0	0	0	0	0	1522	0	0	0	0	0	0	0	0	0	0	0	0	0	0	0	0	0	0	0	0	0	0	0	0	0	0	0	4516	0	3534	0	0	0	3410	0	0	0	0	0	0	0	0	0	0	0	0	0	0	0	0	0	0	0	0	0	0	0	0	0	0	0	
11072	Temporal_Pole_Mid_R	0	0	0	0	0	0	0	0	0	0	0	0	0	0	0	0	0	0	0	0	0	0	0	0	0	0	0	0	0	0	0	0	0	0	0	0	0	0	0	336	0	0	0	0	0	0	0	0	0	0	0	0	0	0	0	980	0	0	0	0	0	0	0	0	0	0	0	0	0	0	0	0	0	0	0	0	0	0	0	0	0	0	0	2584	0	1058	0	0	0	578	0	0	0	0	0	0	0	0	0	0	0	0	0	0	0	0	0	0	0	0	0	0	0	0	0	0	
346944	Temporal_Inf_L	1580	244	1450	240	102	0	0	0	0	0	360	0	0	0	196	0	616	0	1404	262	672	0	0	0	0	0	0	0	7352	0	0	0	0	0	0	0	12392	0	1746	0	1144	0	468	0	520	0	618	0	210	0	11346	0	7604	0	24580	0	1986	0	7130	0	7380	0	3596	0	4168	0	1460	0	470	0	336	0	4150	0	0	0	0	0	1610	0	13690	0	6628	0	38030	0	3410	0	0	0	2614	0	414	0	0	0	0	0	706	0	308	0	280	0	0	0	0	0	0	0	0	0	0	0	0	0	
218840	Temporal_Inf_R	0	1302	0	0	0	0	76	0	0	0	0	0	0	0	0	0	0	2382	0	510	0	0	0	0	0	0	0	0	0	2948	0	0	0	0	0	666	0	3482	0	1146	0	136	0	5988	0	496	0	3392	0	1326	0	3736	0	2798	0	15856	0	3442	0	2154	0	4258	0	6456	0	1992	0	5030	0	1510	440	0	496	460	0	0	0	96	0	1830	0	6828	0	1312	0	24836	0	578	0	0	0	900	0	210	0	0	0	104	0	150	0	0	0	0	0	0	0	0	0	0	98	0	0	0	0	0	
543240	Cerebelum_Crus1_L	0	0	0	0	0	0	0	0	0	0	0	0	0	0	0	0	0	0	0	0	0	0	0	0	0	0	0	0	0	0	0	0	0	0	0	0	0	0	0	0	0	0	0	0	0	0	4936	6788	0	0	0	0	132	112	20926	750	0	0	0	0	0	0	0	0	0	0	0	0	0	0	0	0	0	0	0	0	0	0	0	0	0	0	0	0	0	0	0	0	2614	0	0	10922	34340	3788	476	1184	18792	3138	58028	9978	16300	252	19946	1594	3880	2558	644	180	688	1374	12970	15762	12088	2978	2834	668	
577328	Cerebelum_Crus1_R	0	0	0	0	0	0	0	0	0	0	0	0	0	0	0	0	0	0	0	0	0	0	0	0	0	0	0	0	0	0	0	0	0	0	0	0	0	912	0	82	0	0	0	0	0	0	936	8454	0	0	0	0	226	196	1140	12698	0	0	0	0	0	0	0	0	0	0	0	0	0	0	0	0	0	0	0	0	0	0	0	0	0	0	0	0	0	0	0	0	0	900	10922	0	5652	30926	248	5014	4818	24938	12406	63000	1144	5698	2476	14098	2738	4312	0	90	866	3436	19254	19608	19338	5688	4766	1684	
347836	Cerebelum_Crus2_L	0	0	0	0	0	0	0	0	0	0	0	0	0	0	0	0	0	0	0	0	0	0	0	0	0	0	0	0	0	0	0	0	0	0	0	0	0	0	0	0	0	0	0	0	0	0	104	592	0	0	0	0	0	84	986	358	0	0	0	0	0	0	0	0	0	0	0	0	0	0	0	0	0	0	0	0	0	0	0	0	0	0	0	0	0	0	0	0	414	0	34340	5652	0	6678	116	1038	1870	1506	10416	5062	33876	4080	26868	4882	1738	2600	0	226	596	1070	2384	5762	12288	5032	2766	534	
295636	Cerebelum_Crus2_R	0	0	0	0	0	0	0	0	0	0	0	0	0	0	0	0	0	0	0	0	0	0	0	0	0	0	0	0	0	0	0	0	0	0	0	0	0	0	0	0	0	0	0	0	0	0	0	272	0	0	0	0	0	0	206	276	0	0	0	0	0	0	0	0	0	0	0	0	0	0	0	0	0	0	0	0	0	0	0	0	0	0	0	0	0	0	0	0	0	210	3788	30926	6678	0	0	1652	336	2630	2740	10516	4702	20120	2568	27552	110	3412	0	520	154	1084	1550	4392	14270	3886	2912	356	
40644	Cerebelum_3_L	0	0	0	0	0	0	0	0	0	0	0	0	0	0	0	0	0	0	0	0	0	0	0	0	0	0	0	0	0	0	0	0	0	0	0	0	0	0	372	0	0	0	0	0	0	0	186	542	0	0	0	0	0	0	464	0	0	0	0	0	0	0	0	0	0	0	0	0	0	0	0	0	0	0	0	0	0	0	0	0	0	0	0	0	0	0	0	0	0	0	476	248	116	0	0	140	7134	464	1760	260	0	0	106	0	632	262	0	0	1132	2296	2652	208	220	272	256	124	
104892	Cerebelum_3_R	0	0	0	0	0	0	0	0	0	0	0	0	0	0	0	0	0	0	0	0	0	0	0	0	0	0	0	0	0	0	0	0	0	0	0	0	0	0	226	0	0	0	0	0	0	0	0	444	0	0	0	0	0	0	0	408	0	0	0	0	0	0	0	0	0	0	0	0	0	0	0	0	0	0	0	0	0	0	0	0	0	0	0	0	0	0	0	0	0	0	1184	5014	1038	1652	140	0	914	8144	1346	8344	82	160	130	1410	0	1650	0	0	1438	4866	4478	1476	2974	2640	2120	168	
354568	Cerebelum_4_5_L	0	0	0	0	0	0	0	0	0	0	0	0	0	0	0	0	0	0	0	0	0	0	0	0	0	0	0	0	0	0	0	0	0	0	0	0	128	0	276	0	0	0	0	0	0	0	9580	9730	0	0	0	0	88	408	15744	2270	0	0	0	0	0	0	0	0	0	0	100	0	0	0	0	0	0	0	0	0	0	0	0	0	0	0	0	0	0	0	0	0	0	0	18792	4818	1870	336	7134	914	0	7910	36836	5578	1384	0	3572	248	7440	978	252	0	2200	4136	26448	2834	1596	1556	1056	1072	
332264	Cerebelum_4_5_R	0	260	0	0	0	0	0	0	0	0	0	0	0	0	0	0	0	0	0	0	0	0	0	0	0	0	0	0	0	0	0	0	0	0	180	228	194	1260	0	2304	0	0	0	168	0	0	736	10348	0	0	0	0	0	868	622	10316	0	0	0	0	0	0	0	0	0	0	0	284	0	86	0	0	0	0	0	0	128	276	0	0	0	0	0	0	0	0	0	0	0	104	3138	24938	1506	2630	464	8144	7910	0	5200	35928	150	284	700	2766	3710	1268	0	0	160	3340	24442	3608	3654	1834	1606	390	
587940	Cerebelum_6_L	0	0	0	0	0	0	0	0	0	0	0	0	0	0	0	0	0	0	0	0	0	0	0	0	0	0	0	0	0	0	0	0	0	0	0	0	0	0	120	0	0	0	184	0	0	0	11222	12874	0	0	870	0	1576	188	32110	1048	0	0	0	0	0	0	0	0	0	0	0	0	0	0	0	0	0	0	0	0	0	0	0	0	0	0	0	0	0	0	0	0	706	0	58028	12406	10416	2740	1760	1346	36836	5200	0	11962	6686	0	11846	458	6150	2346	1244	0	1166	2358	22214	20282	11338	2884	2530	876	
537428	Cerebelum_6_R	0	0	0	0	0	0	0	0	0	0	0	0	0	0	0	0	0	0	0	0	0	0	0	0	0	0	0	0	0	0	0	0	0	0	0	0	0	946	0	158	0	0	0	76	0	0	1146	10016	0	0	0	0	268	478	1254	14284	0	0	0	0	0	0	0	0	0	0	0	0	0	0	0	0	0	0	0	0	0	0	0	0	0	0	0	0	0	0	0	0	0	150	9978	63000	5062	10516	260	8344	5578	35928	11962	0	712	902	2366	5856	3070	3588	0	206	888	4066	22094	19642	16012	4658	3692	1558	
278432	Cerebelum_7b_L	0	0	0	0	0	0	0	0	0	0	0	0	0	0	0	0	0	0	0	0	0	0	0	0	0	0	0	0	0	0	0	0	0	0	0	0	0	0	0	0	0	0	0	0	0	0	100	240	0	0	0	0	0	0	1144	0	0	0	0	0	0	0	0	0	0	0	0	0	0	0	0	0	0	0	0	0	0	0	0	0	0	0	0	0	0	0	0	0	308	0	16300	1144	33876	4702	0	82	1384	150	6686	712	0	4936	36204	7022	4830	1164	330	132	206	322	952	1814	6924	6296	1162	94	
147168	Cerebelum_7b_R	0	0	0	0	0	0	0	0	0	0	0	0	0	0	0	0	0	0	0	0	0	0	0	0	0	0	0	0	0	0	0	0	0	0	0	0	0	0	0	0	0	0	0	0	0	0	0	0	0	0	0	0	0	0	0	0	0	0	0	0	0	0	0	0	0	0	0	0	0	0	0	0	0	0	0	0	0	0	0	0	0	0	0	0	0	0	0	0	0	0	252	5698	4080	20120	0	160	0	284	0	902	4936	0	3392	23652	0	2858	0	0	0	170	166	0	2872	3432	508	102	
353636	Cerebelum_8_L	0	0	0	0	0	0	0	0	0	0	0	0	0	0	0	0	0	0	0	0	0	0	0	0	0	0	0	0	0	0	0	0	0	0	0	0	0	0	0	0	0	0	0	0	0	0	200	942	0	0	0	0	0	0	1454	154	0	0	0	0	0	0	0	0	0	0	0	0	0	0	0	0	0	0	0	0	0	0	0	0	0	0	0	0	0	0	0	0	280	0	19946	2476	26868	2568	106	130	3572	700	11846	2366	36204	3392	0	8182	20544	3276	1904	162	444	710	2902	4014	6718	9868	4304	586	
282180	Cerebelum_8_R	0	0	0	0	0	0	0	0	0	0	0	0	0	0	0	0	0	0	0	0	0	0	0	0	0	0	0	0	0	0	0	0	0	0	0	0	0	0	0	0	0	0	0	0	0	0	0	100	0	0	0	0	0	0	0	150	0	0	0	0	0	0	0	0	0	0	0	0	0	0	0	0	0	0	0	0	0	0	0	0	0	0	0	0	0	0	0	0	0	0	1594	14098	4882	27552	0	1410	248	2766	458	5856	7022	23652	8182	0	448	15510	0	918	274	1200	1546	510	6854	10842	4560	458	
161500	Cerebelum_9_L	0	0	0	0	0	0	0	0	0	0	0	0	0	0	0	0	0	0	0	0	0	0	0	0	0	0	0	0	0	0	0	0	0	0	0	0	0	0	0	0	0	0	0	0	0	0	0	2900	0	0	0	0	0	370	86	1674	0	0	0	0	0	0	0	0	0	0	0	0	0	0	0	0	0	0	0	0	0	0	0	0	0	0	0	0	0	0	0	0	0	0	3880	2738	1738	110	632	0	7440	3710	6150	3070	4830	0	20544	448	0	2260	3124	0	188	314	5968	1884	1066	1886	2690	1050	
170532	Cerebelum_9_R	0	0	0	0	0	0	0	0	0	0	0	0	0	0	0	0	0	0	0	0	0	0	0	0	0	0	0	0	0	0	0	0	0	0	0	0	0	0	0	0	0	0	0	0	0	0	0	306	0	0	0	0	0	0	0	166	0	0	0	0	0	0	0	0	0	0	0	0	0	0	0	0	0	0	0	0	0	0	0	0	0	0	0	0	0	0	0	0	0	0	2558	4312	2600	3412	262	1650	978	1268	2346	3588	1164	2858	3276	15510	2260	0	0	996	1404	1914	2162	4222	6110	7744	9122	3078	
15316	Cerebelum_10_L	0	0	0	0	0	0	0	0	0	0	0	0	0	0	0	0	0	0	0	0	0	0	0	0	0	0	0	0	0	0	0	0	0	0	0	0	0	0	0	0	0	0	0	0	0	0	0	0	0	0	0	0	0	0	0	0	0	0	0	0	0	0	0	0	0	0	0	0	0	0	0	0	0	0	0	0	0	0	0	0	0	0	0	0	0	0	0	0	0	0	644	0	0	0	0	0	252	0	1244	0	330	0	1904	0	3124	0	0	0	0	0	80	80	0	0	0	0	
8212	Cerebelum_10_R	0	0	0	0	0	0	0	0	0	0	0	0	0	0	0	0	0	0	0	0	0	0	0	0	0	0	0	0	0	0	0	0	0	0	0	0	0	0	0	0	0	0	0	0	0	0	0	0	0	0	0	0	0	0	0	0	0	0	0	0	0	0	0	0	0	0	0	0	0	0	0	0	0	0	0	0	0	0	0	0	0	0	0	0	0	0	0	0	0	0	180	90	226	520	0	0	0	0	0	206	132	0	162	918	0	996	0	0	0	0	0	0	330	156	190	0	
49964	Vermis_1_2	0	0	0	0	0	0	0	0	0	0	0	0	0	0	0	0	0	0	0	0	0	0	0	0	0	0	0	0	0	0	0	0	0	0	0	0	0	0	102	0	0	0	0	0	0	0	0	256	0	0	0	0	0	0	0	0	0	0	0	0	0	0	0	0	0	0	0	0	0	0	0	0	0	0	0	0	0	0	0	0	0	0	0	0	0	0	0	0	0	0	688	866	596	154	1132	1438	2200	160	1166	888	206	0	444	274	188	1404	0	0	0	5582	2706	806	1038	1174	918	596	
110360	Vermis_3	0	0	0	0	0	0	0	0	0	0	0	0	0	0	0	0	0	0	0	0	0	0	0	0	0	0	0	0	0	0	0	0	0	0	0	0	0	0	212	0	0	0	0	0	0	0	96	442	0	0	0	0	0	0	0	98	0	0	0	0	0	0	0	0	0	0	0	0	0	0	0	0	0	0	0	0	0	0	0	0	0	0	0	0	0	0	0	0	0	0	1374	3436	1070	1084	2296	4866	4136	3340	2358	4066	322	170	710	1200	314	1914	0	0	5582	0	6802	1600	2676	2464	1800	752	
459024	Vermis_4_5	0	0	0	0	0	0	0	0	0	0	0	0	0	0	0	0	0	0	0	0	0	0	0	0	0	0	0	0	0	0	0	0	0	104	464	1174	436	258	124	244	0	0	90	468	0	388	4922	19068	0	0	380	92	622	876	5626	5656	0	246	0	0	0	0	0	0	0	0	112	2160	0	252	0	0	0	0	0	0	0	0	0	0	0	0	0	0	0	0	0	0	0	98	12970	19254	2384	1550	2652	4478	26448	24442	22214	22094	952	166	2902	1546	5968	2162	80	0	2706	6802	0	11708	4390	3150	2244	2390	
