data	data	375936	306516	1.23344e+06	1.06145e+06	225160	124676	575364	331084	86176	29808	218056	156672	342944	193804	189920	107240	168968	94284	895052	878708	83584	81852	504364	574452	34824	123032	36704	61648	707108	316968	417084	617464	230184	669792	172172	200548	306260	360908	141716	242788	46508	43116	235232	349156	137980	302788	252420	328712	143916	308908	375816	259164	112688	152956	364208	424288	301824	250072	123972	78372	167672	115812	87208	102024	98548	113928	235784	425500	277240	299056	289036	436032	365376	412672	70268	84228	113632	187732	102948	20968	173456	163932	96312	50416	243124	270756	23944	21624	263096	229508	433972	407764	272496	237128	53664	79032	286564	228528	378980	416024	187164	97556	248108	316508	107032	157140	30304	19896	27636	61580	256756	172060	160308	92684	79140	36900	
data	data	Precentral_L	Precentral_R	Frontal_Sup_L	Frontal_Sup_R	Frontal_Sup_Orb_L	Frontal_Sup_Orb_R	Frontal_Mid_L	Frontal_Mid_R	Frontal_Mid_Orb_L	Frontal_Mid_Orb_R	Frontal_Inf_Oper_L	Frontal_Inf_Oper_R	Frontal_Inf_Tri_L	Frontal_Inf_Tri_R	Frontal_Inf_Orb_L	Frontal_Inf_Orb_R	Rolandic_Oper_L	Rolandic_Oper_R	Supp_Motor_Area_L	Supp_Motor_Area_R	Olfactory_L	Olfactory_R	Frontal_Sup_Medial_L	Frontal_Sup_Medial_R	Frontal_Med_Orb_L	Frontal_Med_Orb_R	Rectus_L	Rectus_R	Insula_L	Insula_R	Cingulum_Ant_L	Cingulum_Ant_R	Cingulum_Mid_L	Cingulum_Mid_R	Cingulum_Post_L	Cingulum_Post_R	Hippocampus_L	Hippocampus_R	ParaHippocampal_L	ParaHippocampal_R	Amygdala_L	Amygdala_R	Calcarine_L	Calcarine_R	Cuneus_L	Cuneus_R	Lingual_L	Lingual_R	Occipital_Sup_L	Occipital_Sup_R	Occipital_Mid_L	Occipital_Mid_R	Occipital_Inf_L	Occipital_Inf_R	Fusiform_L	Fusiform_R	Postcentral_L	Postcentral_R	Parietal_Sup_L	Parietal_Sup_R	Parietal_Inf_L	Parietal_Inf_R	SupraMarginal_L	SupraMarginal_R	Angular_L	Angular_R	Precuneus_L	Precuneus_R	Paracentral_Lobule_L	Paracentral_Lobule_R	Caudate_L	Caudate_R	Putamen_L	Putamen_R	Pallidum_L	Pallidum_R	Thalamus_L	Thalamus_R	Heschl_L	Heschl_R	Temporal_Sup_L	Temporal_Sup_R	Temporal_Pole_Sup_L	Temporal_Pole_Sup_R	Temporal_Mid_L	Temporal_Mid_R	Temporal_Pole_Mid_L	Temporal_Pole_Mid_R	Temporal_Inf_L	Temporal_Inf_R	Cerebelum_Crus1_L	Cerebelum_Crus1_R	Cerebelum_Crus2_L	Cerebelum_Crus2_R	Cerebelum_3_L	Cerebelum_3_R	Cerebelum_4_5_L	Cerebelum_4_5_R	Cerebelum_6_L	Cerebelum_6_R	Cerebelum_7b_L	Cerebelum_7b_R	Cerebelum_8_L	Cerebelum_8_R	Cerebelum_9_L	Cerebelum_9_R	Cerebelum_10_L	Cerebelum_10_R	Vermis_1_2	Vermis_3	Vermis_4_5	Vermis_6	Vermis_7	Vermis_8	Vermis_9	Vermis_10	
375936	Precentral_L	0	1386	18732	982	0	0	24074	174	0	0	13452	0	4440	0	0	0	7992	0	6408	7744	0	0	114	0	0	0	0	0	17872	106	554	144	340	2420	2090	1836	5584	1264	1078	0	0	0	402	0	0	0	266	0	0	0	2380	0	794	0	1112	0	21830	332	154	0	726	0	496	0	182	0	126	0	10216	2382	2798	240	4312	176	828	144	10614	1520	3046	0	1232	0	138	0	1440	0	0	0	1296	0	0	0	0	0	0	0	0	0	0	0	0	0	0	0	0	0	0	0	0	0	0	0	0	0	0	0	
306516	Precentral_R	1386	0	864	14414	0	0	268	11690	0	0	0	7808	0	754	0	0	0	3680	864	6632	0	0	0	0	0	0	0	0	0	1920	0	472	458	1730	626	944	690	4708	0	838	0	0	0	1684	0	838	0	352	0	554	0	864	0	2446	0	1588	0	21274	0	210	0	1748	0	2878	0	0	0	7450	1372	16204	0	8834	0	2638	0	1310	458	13050	0	496	0	1754	0	0	0	2356	0	0	0	1810	0	126	0	0	0	0	0	0	0	0	0	0	0	0	0	0	0	0	0	0	218	0	0	0	0	0	
1.23344e+06	Frontal_Sup_L	18732	864	0	24648	16168	222	78540	5488	1524	0	10788	240	25718	1694	8032	400	5978	0	105436	35272	0	0	53276	18848	1326	852	222	0	46804	1122	26314	12568	6570	20846	310	446	3356	298	494	0	0	0	112	0	0	0	0	0	0	0	268	0	336	0	724	0	1078	364	0	0	0	0	0	0	0	0	0	252	2736	332	22852	9206	21958	2572	6216	668	9566	702	674	0	1272	0	712	0	172	0	0	0	552	0	0	0	0	0	0	0	0	0	0	0	0	0	0	0	0	0	0	0	0	0	0	0	0	0	0	0	
1.06145e+06	Frontal_Sup_R	982	14414	24648	0	0	6212	3544	48862	0	984	0	10258	1820	15784	1594	5844	202	4132	32218	74868	0	0	14732	55542	170	5898	0	0	2956	13478	9570	47492	2676	24136	860	922	1246	7588	432	3028	0	0	0	0	0	0	224	122	0	0	264	0	108	0	294	1394	982	1680	160	206	328	1122	156	1268	0	0	0	390	234	260	3902	30716	340	22784	0	6914	582	17720	288	256	148	0	0	0	0	0	0	0	460	218	0	0	0	0	0	0	0	112	0	0	0	0	0	0	0	0	0	0	0	0	0	0	0	0	0	0	
225160	Frontal_Sup_Orb_L	0	0	16168	0	0	0	4376	0	15308	0	194	0	8148	0	17736	0	0	0	1170	110	1924	0	7606	370	4728	0	5892	0	12818	0	6538	324	0	106	0	0	170	0	0	0	160	0	0	0	0	0	0	0	0	0	0	0	0	0	0	0	0	0	0	0	0	0	0	0	0	0	0	0	0	0	450	0	7680	0	0	0	0	0	0	0	0	0	604	0	0	0	0	0	0	0	0	0	0	0	0	0	0	0	0	0	0	0	0	0	0	0	0	0	0	0	0	0	0	0	0	0	
124676	Frontal_Sup_Orb_R	0	0	222	6212	0	0	0	1506	0	4230	0	0	0	1524	0	5510	0	0	0	0	1060	2054	888	5014	194	8944	0	7668	0	3272	568	2332	0	114	0	0	0	0	0	0	0	0	0	0	0	0	0	0	0	0	0	0	0	0	0	0	0	0	0	0	0	0	0	0	0	0	0	0	0	0	1086	1968	884	7088	0	0	0	0	0	0	0	0	0	0	0	0	0	0	0	0	0	0	0	0	0	0	0	0	0	0	0	0	0	0	0	0	0	0	0	0	0	0	0	0	0	0	
575364	Frontal_Mid_L	24074	268	78540	3544	4376	0	0	760	1682	0	9328	0	34592	542	4074	0	2980	0	12682	4434	0	0	19964	6106	0	114	0	0	33772	180	6982	2458	2270	4040	206	206	1648	226	312	0	0	0	0	0	0	0	0	0	0	0	248	0	342	0	170	0	3014	0	106	0	268	0	258	0	0	0	0	0	270	0	6496	1620	6920	594	1626	0	2856	260	1098	0	274	0	274	0	304	0	0	0	324	0	0	0	0	0	0	0	0	0	0	0	0	0	0	0	0	0	0	0	0	0	0	0	0	0	0	0	
331084	Frontal_Mid_R	174	11690	5488	48862	0	1506	760	0	0	992	0	11966	0	15510	0	4516	0	2890	5334	3924	0	0	1270	9574	0	736	0	0	442	6698	790	6674	158	1000	0	0	160	1148	0	468	0	0	0	0	0	0	0	0	0	0	0	0	0	174	176	360	364	1348	0	108	0	928	0	1042	0	0	0	198	0	0	408	7700	0	7076	0	1732	0	624	170	192	0	0	0	0	0	0	0	0	212	0	0	0	0	0	0	0	0	0	0	0	0	0	0	0	0	0	0	0	0	0	0	0	0	0	0	0	
86176	Frontal_Mid_Orb_L	0	0	1524	0	15308	0	1682	0	0	0	0	0	2834	0	12776	0	0	0	0	0	506	0	0	0	132	0	3152	0	3368	0	0	0	0	0	0	0	0	0	0	0	0	0	0	0	0	0	0	0	0	0	0	0	0	0	0	0	0	0	0	0	0	0	0	0	0	0	0	0	0	0	0	0	1436	0	0	0	0	0	0	0	0	0	370	0	0	0	0	0	0	0	0	0	0	0	0	0	0	0	0	0	0	0	0	0	0	0	0	0	0	0	0	0	0	0	0	0	
29808	Frontal_Mid_Orb_R	0	0	0	984	0	4230	0	992	0	0	0	0	0	818	0	5618	0	0	0	232	0	108	0	0	0	0	0	280	0	1116	0	148	0	0	0	0	0	0	0	0	0	0	0	0	0	0	0	0	0	0	0	0	0	0	0	0	0	0	0	0	0	0	0	0	0	0	0	0	0	0	0	0	0	378	0	0	0	0	0	0	0	0	0	0	0	0	0	0	0	0	0	0	0	0	0	0	0	0	0	0	0	0	0	0	0	0	0	0	0	0	0	0	0	0	0	0	
218056	Frontal_Inf_Oper_L	13452	0	10788	0	194	0	9328	0	0	0	0	0	14388	0	0	0	9818	0	5902	318	0	0	526	0	0	0	0	0	24416	0	2662	830	0	164	0	0	816	0	220	0	0	0	0	0	0	0	0	0	0	0	0	0	0	0	870	0	3224	0	0	0	0	0	0	0	0	0	0	0	0	0	0	0	3600	0	0	0	0	0	350	0	4292	0	2348	0	230	0	0	0	292	0	0	0	0	0	0	0	0	0	0	0	0	0	0	0	0	0	0	0	0	0	0	0	0	0	0	0	
156672	Frontal_Inf_Oper_R	0	7808	240	10258	0	0	0	11966	0	0	0	0	0	13560	0	2196	0	3250	264	906	0	0	146	2264	0	0	0	0	0	11342	0	3036	0	262	0	0	0	310	0	112	0	0	0	0	0	0	0	0	0	0	0	0	0	0	0	0	0	1820	0	0	0	0	0	0	0	0	0	0	0	0	0	2436	0	5402	0	236	0	192	0	330	0	0	0	0	0	0	0	0	0	0	0	0	0	0	0	0	0	0	0	0	0	0	0	0	0	0	0	0	0	0	0	0	0	0	0	0	
342944	Frontal_Inf_Tri_L	4440	0	25718	1820	8148	0	34592	0	2834	0	14388	0	0	436	15264	0	1898	0	5074	2384	0	0	3456	1668	0	0	0	0	35432	250	3522	1012	496	2170	0	0	118	0	0	0	0	0	0	0	0	0	0	0	0	0	0	0	0	0	0	0	1172	0	0	0	0	0	0	0	0	0	0	0	0	0	164	0	1496	118	0	0	0	0	116	0	1136	0	2150	0	0	0	0	0	0	0	0	0	0	0	0	0	0	0	0	0	0	0	0	0	0	0	0	0	0	0	0	0	0	0	0	0	
193804	Frontal_Inf_Tri_R	0	754	1694	15784	0	1524	542	15510	0	818	0	13560	436	0	290	6696	0	356	3254	4084	0	0	882	6088	0	112	0	0	500	11268	558	4562	336	3958	0	0	0	0	0	0	0	0	0	0	0	0	0	0	0	0	0	0	0	0	0	0	0	406	0	0	0	0	0	0	0	0	0	0	0	0	0	1022	0	1746	0	162	0	0	0	0	0	0	0	0	0	0	0	0	0	0	0	0	0	0	0	0	0	0	0	0	0	0	0	0	0	0	0	0	0	0	0	0	0	0	0	0	
189920	Frontal_Inf_Orb_L	0	0	8032	1594	17736	0	4074	0	12776	0	0	0	15264	290	0	0	0	0	2490	1798	2526	0	302	1102	0	0	770	0	14368	220	200	242	138	1694	0	0	1154	0	486	0	746	0	0	0	0	0	0	0	0	0	0	0	0	0	266	0	0	0	0	0	0	0	0	0	0	0	0	0	0	0	112	0	3060	0	0	0	0	0	0	0	144	0	3238	0	138	0	0	0	0	0	0	0	0	0	0	0	0	0	0	0	0	0	0	0	0	0	0	0	0	0	0	0	0	0	0	0	
107240	Frontal_Inf_Orb_R	0	0	400	5844	0	5510	0	4516	0	5618	0	2196	0	6696	0	0	0	0	568	980	0	1342	898	1368	0	134	0	1574	0	8088	850	2200	556	2114	0	0	0	0	0	0	0	206	0	0	0	0	0	0	0	0	0	0	0	0	0	0	0	0	0	0	0	0	0	0	0	0	0	0	0	0	0	150	0	1320	0	0	0	0	0	0	0	0	0	376	0	116	0	0	0	0	0	0	0	0	0	0	0	0	0	0	0	0	0	0	0	0	0	0	0	0	0	0	0	0	0	0	
168968	Rolandic_Oper_L	7992	0	5978	202	0	0	2980	0	0	0	9818	0	1898	0	0	0	0	0	5228	494	0	0	0	0	0	0	0	0	18048	0	234	236	0	208	0	0	1212	0	0	0	0	0	0	0	0	0	0	0	0	0	258	0	130	0	418	0	8660	0	178	0	470	0	3006	0	0	0	0	0	168	0	130	0	1372	0	566	0	0	0	3856	0	7092	0	1504	0	1096	0	0	0	1052	0	0	0	0	0	0	0	0	0	0	0	0	0	0	0	0	0	0	0	0	0	0	0	0	0	0	0	
94284	Rolandic_Oper_R	0	3680	0	4132	0	0	0	2890	0	0	0	3250	0	356	0	0	0	0	0	996	0	0	0	200	0	0	0	0	0	9248	0	212	0	0	0	0	0	2186	0	132	0	0	0	0	0	0	0	0	0	0	0	0	0	492	0	500	0	4632	0	0	0	0	0	2828	0	0	0	594	0	340	0	360	0	3096	0	278	0	0	0	2816	0	2974	0	244	0	370	0	0	0	336	0	0	0	0	0	0	0	0	0	0	0	0	0	0	0	0	0	0	0	0	0	0	0	0	0	0	
895052	Supp_Motor_Area_L	6408	864	105436	32218	1170	0	12682	5334	0	0	5902	264	5074	3254	2490	568	5228	0	0	65888	0	0	12478	13854	0	326	0	0	22980	2108	12208	13180	13458	35596	286	330	2338	114	230	0	0	0	0	0	0	0	0	0	0	0	0	0	120	0	594	0	828	238	0	0	0	0	0	0	0	0	0	276	9862	1304	16424	6218	15774	3184	4654	562	2296	284	452	0	1142	0	566	0	120	0	0	0	362	0	0	0	0	0	0	0	0	0	0	0	0	0	0	0	0	0	0	0	0	0	0	0	0	0	0	0	
878708	Supp_Motor_Area_R	7744	6632	35272	74868	110	0	4434	3924	0	232	318	906	2384	4084	1798	980	494	996	65888	0	0	0	4458	19572	0	320	0	0	4474	3546	6582	20920	12028	50276	3814	3394	596	2626	216	1324	0	0	0	170	0	0	0	136	0	0	288	0	116	664	244	1058	1616	3406	186	0	364	152	160	188	0	0	136	814	23958	19228	4280	15784	716	7648	112	2050	328	7826	246	112	158	866	0	0	0	308	0	0	438	276	0	0	0	0	0	0	0	0	0	0	0	0	0	0	0	0	0	0	0	0	112	0	0	0	0	0	
83584	Olfactory_L	0	0	0	0	1924	1060	0	0	506	0	0	0	0	0	2526	0	0	0	0	0	0	4992	0	0	122	346	1416	1650	3444	0	2614	2266	0	0	0	0	1196	0	526	0	1082	0	0	0	0	0	0	0	0	0	0	0	0	0	240	0	0	0	0	0	0	0	0	0	0	0	0	0	0	0	6374	3194	4326	1386	0	0	0	0	0	0	0	0	602	0	0	0	0	0	0	0	0	0	0	0	0	0	0	0	0	0	0	0	0	0	0	0	0	0	0	0	0	0	0	0	0	0	
81852	Olfactory_R	0	0	0	0	0	2054	0	0	0	108	0	0	0	0	0	1342	0	0	0	0	4992	0	0	0	0	710	404	3378	0	1496	1794	2304	0	0	0	0	0	0	0	0	0	404	0	0	0	0	0	0	0	0	0	0	0	0	0	0	0	0	0	0	0	0	0	0	0	0	0	0	0	0	7436	6024	5616	2740	124	0	0	0	0	0	0	0	0	0	0	0	0	0	0	0	0	0	0	0	0	0	0	0	0	0	0	0	0	0	0	0	0	0	0	0	0	0	0	0	0	0	
504364	Frontal_Sup_Medial_L	114	0	53276	14732	7606	888	19964	1270	0	0	526	146	3456	882	302	898	0	0	12478	4458	0	0	0	32400	2836	3026	436	0	6064	796	30726	21244	7914	17594	0	0	0	0	0	0	0	0	0	0	0	0	0	0	0	0	0	0	0	0	0	0	0	0	0	0	0	0	0	0	0	0	0	0	0	0	1782	1572	3164	1392	0	240	0	0	0	0	0	0	0	0	0	0	0	0	0	0	0	0	0	0	0	0	0	0	0	0	0	0	0	0	0	0	0	0	0	0	0	0	0	0	0	0	
574452	Frontal_Sup_Medial_R	0	0	18848	55542	370	5014	6106	9574	0	0	0	2264	1668	6088	1102	1368	0	200	13854	19572	0	0	32400	0	316	9364	0	118	2190	5862	11000	39876	2636	24230	0	0	0	464	0	156	0	0	0	0	0	0	0	0	0	0	0	0	0	0	0	0	0	0	0	0	0	0	0	0	0	0	0	0	0	0	500	7688	292	7630	0	934	0	0	0	0	0	0	0	0	0	0	0	0	0	0	0	0	0	0	0	0	0	0	0	0	0	0	0	0	0	0	0	0	0	0	0	0	0	0	0	0	
34824	Frontal_Med_Orb_L	0	0	1326	170	4728	194	0	0	132	0	0	0	0	0	0	0	0	0	0	0	122	0	2836	316	0	512	2158	0	120	0	3846	316	0	0	0	0	0	0	0	0	0	0	0	0	0	0	0	0	0	0	0	0	0	0	0	0	0	0	0	0	0	0	0	0	0	0	0	0	0	0	228	0	408	0	0	0	0	0	0	0	0	0	0	0	0	0	0	0	0	0	0	0	0	0	0	0	0	0	0	0	0	0	0	0	0	0	0	0	0	0	0	0	0	0	0	0	
123032	Frontal_Med_Orb_R	0	0	852	5898	0	8944	114	736	0	0	0	0	0	112	0	134	0	0	326	320	346	710	3026	9364	512	0	0	5318	0	240	3050	8788	0	744	0	0	0	0	0	0	0	0	0	0	0	0	0	0	0	0	0	0	0	0	0	0	0	0	0	0	0	0	0	0	0	0	0	0	0	0	418	4460	436	6668	0	0	0	0	0	0	0	0	0	0	0	0	0	0	0	0	0	0	0	0	0	0	0	0	0	0	0	0	0	0	0	0	0	0	0	0	0	0	0	0	0	0	
36704	Rectus_L	0	0	222	0	5892	0	0	0	3152	0	0	0	0	0	770	0	0	0	0	0	1416	404	436	0	2158	0	0	0	316	0	2178	220	0	0	0	0	0	0	0	0	0	0	0	0	0	0	0	0	0	0	0	0	0	0	0	0	0	0	0	0	0	0	0	0	0	0	0	0	0	0	776	0	412	0	0	0	0	0	0	0	0	0	0	0	0	0	0	0	0	0	0	0	0	0	0	0	0	0	0	0	0	0	0	0	0	0	0	0	0	0	0	0	0	0	0	0	
61648	Rectus_R	0	0	0	0	0	7668	0	0	0	280	0	0	0	0	0	1574	0	0	0	0	1650	3378	0	118	0	5318	0	0	0	1230	504	1218	0	0	0	0	0	0	0	0	0	0	0	0	0	0	0	0	0	0	0	0	0	0	0	0	0	0	0	0	0	0	0	0	0	0	0	0	0	0	1654	1650	1428	3154	0	0	0	0	0	0	0	0	0	0	0	0	0	0	0	0	0	0	0	0	0	0	0	0	0	0	0	0	0	0	0	0	0	0	0	0	0	0	0	0	0	0	
707108	Insula_L	17872	0	46804	2956	12818	0	33772	442	3368	0	24416	0	35432	500	14368	0	18048	0	22980	4474	3444	0	6064	2190	120	0	316	0	0	432	2970	1102	662	3058	732	732	14320	734	2752	0	2028	0	0	0	0	0	0	0	0	0	268	0	718	0	7574	0	7774	0	148	0	360	0	1952	0	0	0	0	0	268	0	664	0	21082	234	1232	0	966	360	6952	0	9590	0	6800	0	1738	0	0	0	4968	0	0	0	0	0	0	0	0	0	0	0	0	0	0	0	0	0	0	0	0	0	0	0	0	0	0	0	
316968	Insula_R	106	1920	1122	13478	0	3272	180	6698	0	1116	0	11342	250	11268	220	8088	0	9248	2108	3546	0	1496	796	5862	0	240	0	1230	432	0	538	5316	314	2922	390	386	346	9320	106	2746	0	1478	0	0	0	0	0	0	0	0	0	0	0	532	0	4696	0	442	0	0	0	0	0	118	0	0	0	192	0	168	270	4322	118	24236	0	458	0	886	0	2108	0	5806	0	1224	0	2230	0	0	0	2506	0	172	0	0	0	0	0	0	0	120	0	0	0	0	0	0	0	0	0	0	0	0	0	0	0	0	
417084	Cingulum_Ant_L	554	0	26314	9570	6538	568	6982	790	0	0	2662	0	3522	558	200	850	234	0	12208	6582	2614	1794	30726	11000	3846	3050	2178	504	2970	538	0	27774	8188	9370	332	166	252	172	0	0	0	0	0	0	0	0	0	0	0	0	0	0	0	0	0	0	106	0	0	0	0	0	0	0	0	0	0	0	0	0	7568	5870	7914	3002	0	170	0	136	170	0	0	0	0	0	0	0	0	0	0	0	0	0	0	0	0	0	0	0	0	0	0	0	0	0	0	0	0	0	0	0	0	0	0	0	0	0	
617464	Cingulum_Ant_R	144	472	12568	47492	324	2332	2458	6674	0	148	830	3036	1012	4562	242	2200	236	212	13180	20920	2266	2304	21244	39876	316	8788	220	1218	1102	5316	27774	0	5086	27902	0	0	0	598	0	216	0	0	0	0	0	0	0	0	0	0	0	0	0	0	0	140	0	0	0	0	0	0	0	0	0	0	0	0	0	0	4350	23234	3146	13150	0	1330	0	114	0	0	0	0	0	0	0	0	0	0	0	0	0	0	0	0	0	0	0	0	0	0	0	0	0	0	0	0	0	0	0	0	0	0	0	0	0	0	
230184	Cingulum_Mid_L	340	458	6570	2676	0	0	2270	158	0	0	0	0	496	336	138	556	0	0	13458	12028	0	0	7914	2636	0	0	0	0	662	314	8188	5086	0	20478	3022	1186	0	0	0	0	0	0	264	0	576	0	0	0	914	0	3268	0	0	0	0	0	1734	0	204	0	0	0	0	0	0	0	4442	752	8176	2094	0	264	0	270	0	134	0	0	316	0	234	0	0	0	1344	0	0	0	1024	0	0	0	0	0	0	0	0	0	0	0	0	0	0	0	0	0	0	0	0	0	112	0	0	0	0	0	
669792	Cingulum_Mid_R	2420	1730	20846	24136	106	114	4040	1000	0	0	164	262	2170	3958	1694	2114	208	0	35596	50276	0	0	17594	24230	0	744	0	0	3058	2922	9370	27902	20478	0	6004	10132	0	236	0	0	0	0	0	1664	0	1038	0	866	0	554	0	338	0	1084	0	726	124	7808	0	0	0	0	0	0	0	0	1214	9424	14738	16820	584	658	286	1888	0	0	0	0	0	0	0	0	0	0	0	0	0	0	0	248	0	0	0	0	0	0	0	0	0	0	0	0	0	0	0	0	0	0	0	0	1330	0	0	0	0	0	
172172	Cingulum_Post_L	2090	626	310	860	0	0	206	0	0	0	0	0	0	0	0	0	0	0	286	3814	0	0	0	0	0	0	0	0	732	390	332	0	3022	6004	0	13238	6110	5286	2432	1250	0	0	3918	0	600	0	2888	534	0	0	110	0	140	0	236	0	1794	3440	0	0	0	0	0	0	0	0	5554	778	6140	4560	0	0	0	306	0	306	526	2902	552	0	0	0	0	0	0	0	0	0	302	0	0	0	0	0	0	0	1214	420	0	0	0	0	0	0	0	0	0	0	0	0	1878	0	0	0	0	0	
200548	Cingulum_Post_R	1836	944	446	922	0	0	206	0	0	0	0	0	0	0	0	0	0	0	330	3394	0	0	0	0	0	0	0	0	732	386	166	0	1186	10132	13238	0	4962	6972	1800	2598	0	0	360	2538	124	1646	1392	4306	0	0	0	0	0	436	244	818	318	3796	0	0	0	0	0	0	0	0	1950	10892	2950	5706	0	0	0	304	0	304	614	3212	552	0	0	0	0	0	0	0	0	0	174	114	0	0	0	0	0	0	264	1208	0	0	0	0	0	0	0	0	0	0	0	0	5802	0	0	0	0	0	
306260	Hippocampus_L	5584	690	3356	1246	170	0	1648	160	0	0	816	0	118	0	1154	0	1212	0	2338	596	1196	0	0	0	0	0	0	0	14320	346	252	0	0	0	6110	4962	0	5422	19736	1404	8336	0	1938	0	0	0	7408	782	0	0	510	0	1584	0	17476	0	1582	0	0	0	0	0	336	0	0	0	2512	474	122	0	854	0	9234	330	1302	328	4926	3930	2864	0	1914	0	2272	0	722	0	202	0	5696	0	164	0	0	0	0	122	1138	382	0	0	0	0	0	0	0	0	0	0	174	346	334	0	0	0	0	0	
360908	Hippocampus_R	1264	4708	298	7588	0	0	226	1148	0	0	0	310	0	0	0	0	0	2186	114	2626	0	0	0	464	0	0	0	0	734	9320	172	598	0	236	5286	6972	5422	0	2054	32092	0	7490	122	410	0	0	1632	6490	0	0	0	110	0	1462	290	26852	278	510	0	0	0	0	0	214	0	0	418	4146	0	676	0	1168	0	12258	0	2518	1152	8600	600	454	0	1858	0	720	0	994	0	0	198	8978	0	432	0	0	0	0	160	3228	0	366	0	0	0	0	0	0	0	0	0	134	1718	0	0	0	0	0	
141716	ParaHippocampal_L	1078	0	494	432	0	0	312	0	0	0	220	0	0	0	486	0	0	0	230	216	526	0	0	0	0	0	0	0	2752	106	0	0	0	0	2432	1800	19736	2054	0	1102	2516	0	938	0	0	0	8472	694	0	0	120	0	914	0	10146	0	196	0	0	0	0	0	0	0	0	0	1808	372	0	0	0	0	1672	0	0	0	1744	1110	238	0	448	0	774	0	0	0	0	0	910	0	338	0	0	0	298	156	1266	280	728	0	0	0	0	0	0	0	0	0	134	356	254	0	0	0	0	0	
242788	ParaHippocampal_R	0	838	0	3028	0	0	0	468	0	0	0	112	0	0	0	0	0	132	0	1324	0	0	0	156	0	0	0	0	0	2746	0	216	0	0	1250	2598	1404	32092	1102	0	0	4686	0	778	0	148	1120	9600	0	114	0	0	0	372	0	22052	0	0	0	0	0	0	0	0	0	0	406	3806	0	0	0	620	0	6926	0	2022	134	3410	0	0	0	296	0	2416	0	0	0	1278	0	4806	0	576	0	0	0	564	0	4922	0	840	0	0	0	144	0	0	0	0	0	366	1526	0	0	0	0	0	
46508	Amygdala_L	0	0	0	0	160	0	0	0	0	0	0	0	0	0	746	0	0	0	0	0	1082	0	0	0	0	0	0	0	2028	0	0	0	0	0	0	0	8336	0	2516	0	0	0	0	0	0	0	0	0	0	0	0	0	0	0	4340	0	0	0	0	0	0	0	0	0	0	0	0	0	0	0	0	0	390	0	0	0	0	0	0	0	0	0	1460	0	276	0	206	0	1538	0	0	0	0	0	0	0	176	0	0	0	0	0	0	0	0	0	0	0	0	0	0	0	0	0	0	0	
43116	Amygdala_R	0	0	0	0	0	0	0	0	0	0	0	0	0	0	0	206	0	0	0	0	0	404	0	0	0	0	0	0	0	1478	0	0	0	0	0	0	0	7490	0	4686	0	0	0	0	0	0	0	0	0	0	0	0	0	0	0	4100	0	0	0	0	0	0	0	0	0	0	0	0	0	0	0	0	0	1444	0	234	0	0	0	0	0	0	0	1394	0	0	0	122	0	0	0	0	0	0	0	0	0	0	0	0	0	0	0	0	0	0	0	0	0	0	0	0	0	0	0	0	
235232	Calcarine_L	402	0	112	0	0	0	0	0	0	0	0	0	0	0	0	0	0	0	0	0	0	0	0	0	0	0	0	0	0	0	0	0	264	0	3918	360	1938	122	938	0	0	0	0	5032	10946	3272	13370	2058	7030	1606	21072	128	4918	0	1688	462	3866	0	618	0	678	0	0	0	1518	0	13866	538	3420	0	0	0	0	0	0	0	0	0	144	0	0	0	0	0	5020	0	0	0	2640	0	0	0	0	0	0	0	1976	0	0	0	0	0	0	0	0	0	0	0	0	0	3696	0	0	0	0	0	
349156	Calcarine_R	0	1684	0	0	0	0	0	0	0	0	0	0	0	0	0	0	0	0	0	170	0	0	0	0	0	0	0	0	0	0	0	0	0	1664	0	2538	0	410	0	778	0	0	5032	0	5504	30810	616	22970	0	24294	0	14084	0	11254	0	11060	0	4238	0	234	0	0	0	0	0	0	1218	23308	0	5280	0	0	0	0	0	0	0	0	0	0	0	314	0	0	0	3018	0	0	0	1668	0	238	0	0	0	0	0	112	0	0	0	0	0	0	0	0	0	0	0	0	2082	0	0	0	0	0	
137980	Cuneus_L	0	0	0	0	0	0	0	0	0	0	0	0	0	0	0	0	0	0	0	0	0	0	0	0	0	0	0	0	0	0	0	0	576	0	600	124	0	0	0	0	0	0	10946	5504	0	7018	1718	320	16202	1442	7500	588	1330	0	324	374	1000	0	1236	0	0	0	0	0	304	0	7950	2064	976	0	0	0	0	0	0	0	0	0	0	0	0	0	0	0	394	200	0	0	0	0	0	0	0	0	0	0	0	0	0	0	0	0	0	0	0	0	0	0	0	0	300	0	0	0	0	0	
302788	Cuneus_R	0	838	0	0	0	0	0	0	0	0	0	0	0	0	0	0	0	0	0	0	0	0	0	0	0	0	0	0	0	0	0	0	0	1038	0	1646	0	0	0	148	0	0	3272	30810	7018	0	0	5102	118	39218	0	14122	0	3854	0	2832	0	1002	0	2434	0	0	0	0	0	578	3506	22672	0	4462	0	0	0	0	0	0	0	0	0	0	0	0	0	0	0	4406	0	0	0	2000	0	0	0	0	0	0	0	0	0	0	0	0	0	0	0	0	0	0	0	0	318	0	0	0	0	0	
252420	Lingual_L	266	0	0	224	0	0	0	0	0	0	0	0	0	0	0	0	0	0	0	0	0	0	0	0	0	0	0	0	0	0	0	0	0	0	2888	1392	7408	1632	8472	1120	0	0	13370	616	1718	0	0	2528	3426	130	10746	0	7272	0	16304	518	120	0	0	0	0	0	0	0	0	0	5706	580	212	0	0	0	0	0	0	0	898	798	108	0	0	0	0	0	0	0	0	0	680	0	5534	1262	324	146	754	154	7862	840	10890	2040	0	0	0	128	0	130	0	0	0	312	2578	3516	608	0	0	0	
328712	Lingual_R	0	352	0	122	0	0	0	0	0	0	0	0	0	0	0	0	0	0	0	136	0	0	0	0	0	0	0	0	0	0	0	0	0	866	534	4306	782	6490	694	9600	0	0	2058	22970	320	5102	2528	0	0	6926	0	2592	0	4812	744	24414	0	412	0	0	0	0	0	0	0	0	416	11642	0	690	0	0	0	206	0	0	0	656	0	0	0	114	0	0	0	298	0	0	0	2486	1764	7824	288	570	338	798	924	7744	3136	11296	0	0	0	356	0	198	0	0	0	622	8070	6038	1016	0	106	0	
143916	Occipital_Sup_L	0	0	0	0	0	0	0	0	0	0	0	0	0	0	0	0	0	0	0	0	0	0	0	0	0	0	0	0	0	0	0	0	914	0	0	0	0	0	0	0	0	0	7030	0	16202	118	3426	0	0	0	24220	0	2512	0	802	0	634	0	6028	0	302	0	0	0	756	0	7812	0	498	0	0	0	0	0	0	0	0	0	0	0	0	0	0	0	704	0	0	0	0	0	0	0	0	0	0	0	0	0	0	0	0	0	0	0	0	0	0	0	0	0	0	0	0	0	0	0	
308908	Occipital_Sup_R	0	554	0	0	0	0	0	0	0	0	0	0	0	0	0	0	0	0	0	0	0	0	0	0	0	0	0	0	0	0	0	0	0	554	0	0	0	0	0	114	0	0	1606	24294	1442	39218	130	6926	0	0	0	24320	0	4202	0	4492	0	378	0	7458	0	3300	0	424	0	5698	1546	16492	0	4394	0	0	0	0	0	0	0	0	0	0	0	284	0	0	0	4512	0	0	0	2116	0	0	0	0	0	0	0	0	0	0	0	0	0	0	0	0	0	0	0	0	0	0	0	0	0	0	
375816	Occipital_Mid_L	2380	0	268	264	0	0	248	0	0	0	0	0	0	0	0	0	258	0	0	288	0	0	0	0	0	0	0	0	268	0	0	0	3268	0	110	0	510	0	120	0	0	0	21072	0	7500	0	10746	0	24220	0	0	0	14366	0	5830	0	9280	0	14910	0	13450	0	138	0	15074	0	10180	0	6482	0	0	0	318	0	240	0	0	0	1372	0	930	0	0	0	16152	0	0	0	7412	0	108	0	0	0	0	0	0	0	146	0	0	0	0	0	0	0	0	0	0	0	0	0	0	0	0	0	
259164	Occipital_Mid_R	0	864	0	0	0	0	0	0	0	0	0	0	0	0	0	0	0	0	0	0	0	0	0	0	0	0	0	0	0	0	0	0	0	338	0	0	0	110	0	0	0	0	128	14084	588	14122	0	2592	0	24320	0	0	0	8520	0	1814	0	1162	0	3292	0	7724	0	1332	0	16462	234	8260	0	2108	0	0	0	0	0	0	0	0	0	0	0	1438	0	0	0	16062	0	0	0	4028	0	0	0	0	0	0	0	0	0	0	0	0	0	0	0	0	0	0	0	0	0	0	0	0	0	0	
112688	Occipital_Inf_L	794	0	336	108	0	0	342	0	0	0	0	0	0	0	0	0	130	0	120	116	0	0	0	0	0	0	0	0	718	0	0	0	0	0	140	0	1584	0	914	0	0	0	4918	0	1330	0	7272	0	2512	0	14366	0	0	0	10132	0	430	0	0	0	0	0	0	0	0	0	852	0	906	0	0	0	264	0	206	0	0	0	864	0	158	0	0	0	898	0	0	0	5082	0	194	0	0	0	0	0	0	0	224	0	0	0	0	0	0	0	0	0	0	0	434	0	0	0	0	0	
152956	Occipital_Inf_R	0	2446	0	0	0	0	0	174	0	0	0	0	0	0	0	0	0	492	0	664	0	0	0	0	0	0	0	0	0	532	0	0	0	1084	0	436	0	1462	0	372	0	0	0	11254	0	3854	0	4812	0	4202	0	8520	0	0	0	10802	0	2618	0	184	0	0	0	0	0	366	244	7440	0	3872	0	0	0	0	0	0	0	0	0	0	0	508	0	0	0	2254	0	0	0	6262	0	584	0	0	0	0	0	0	0	200	0	0	0	0	0	0	0	0	0	0	840	0	0	0	0	0	
364208	Fusiform_L	1112	0	724	294	0	0	170	176	0	0	870	0	0	0	266	0	418	0	594	244	240	0	0	0	0	0	0	0	7574	0	0	0	0	0	236	244	17476	290	10146	0	4340	0	1688	0	324	0	16304	744	802	0	5830	0	10132	0	0	110	678	0	0	0	0	0	0	0	0	0	492	0	166	0	0	0	3022	0	478	0	322	126	3142	0	3006	0	3710	0	1890	0	864	0	14486	0	22820	588	1562	0	172	0	9790	0	27084	952	692	0	1150	0	148	0	0	0	0	0	434	2514	468	0	0	0	
424288	Fusiform_R	0	1588	0	1394	0	0	0	360	0	0	0	0	0	0	0	0	0	500	0	1058	0	0	0	0	0	0	0	0	0	4696	0	140	0	726	0	818	0	26852	0	22052	0	4100	462	11060	374	2832	518	24414	0	4492	0	1814	0	10802	110	0	0	742	0	0	0	0	0	0	0	0	0	3608	0	1662	0	302	0	4908	0	1028	0	1368	0	0	0	2326	0	5666	0	4756	0	3522	0	20076	338	12028	0	810	0	492	336	7280	746	13840	0	0	0	1222	0	274	0	0	0	0	2418	1092	142	0	0	0	
301824	Postcentral_L	21830	0	1078	982	0	0	3014	364	0	0	3224	0	1172	0	0	0	8660	0	828	1616	0	0	0	0	0	0	0	0	7774	0	106	0	1734	124	1794	318	1582	278	196	0	0	0	3866	0	1000	0	120	0	634	0	9280	0	430	0	678	0	0	0	8184	0	19464	0	8976	0	2658	0	8834	0	16616	0	436	0	2016	0	808	0	234	184	2840	0	2202	0	0	0	2248	0	0	0	1796	0	0	0	0	0	0	0	156	0	0	0	0	0	0	0	0	0	0	0	0	0	578	0	0	0	0	0	
250072	Postcentral_R	332	21274	364	1680	0	0	0	1348	0	0	0	1820	0	406	0	0	0	4632	238	3406	0	0	0	0	0	0	0	0	0	442	0	0	0	7808	3440	3796	0	510	0	0	0	0	0	4238	0	1002	0	412	0	378	0	1162	0	2618	0	742	0	0	0	2604	0	8154	0	12126	0	0	0	13962	2680	13360	0	656	0	162	0	0	0	0	0	334	0	2538	0	0	0	3912	0	0	0	2048	0	0	0	0	0	0	0	0	0	0	0	0	0	0	0	0	0	0	0	0	452	0	0	0	0	0	
123972	Parietal_Sup_L	154	0	0	160	0	0	106	0	0	0	0	0	0	0	0	0	178	0	0	186	0	0	0	0	0	0	0	0	148	0	0	0	204	0	0	0	0	0	0	0	0	0	618	0	1236	0	0	0	6028	0	14910	0	0	0	0	0	8184	0	0	0	13500	0	118	0	1704	0	9642	0	2334	0	0	0	196	0	128	0	0	0	226	0	242	0	0	0	718	0	0	0	1066	0	0	0	0	0	0	0	0	0	0	0	0	0	0	0	0	0	0	0	0	0	0	0	0	0	0	0	
78372	Parietal_Sup_R	0	210	0	206	0	0	0	108	0	0	0	0	0	0	0	0	0	0	0	0	0	0	0	0	0	0	0	0	0	0	0	0	0	0	0	0	0	0	0	0	0	0	0	234	0	2434	0	0	0	7458	0	3292	0	184	0	0	0	2604	0	0	0	7620	0	478	0	5148	426	8036	0	114	0	0	0	0	0	0	0	0	0	0	0	158	0	0	0	286	0	0	0	190	0	0	0	0	0	0	0	0	0	0	0	0	0	0	0	0	0	0	0	0	0	0	0	0	0	0	
167672	Parietal_Inf_L	726	0	0	328	0	0	268	0	0	0	0	0	0	0	0	0	470	0	0	364	0	0	0	0	0	0	0	0	360	0	0	0	0	0	0	0	0	0	0	0	0	0	678	0	0	0	0	0	302	0	13450	0	0	0	0	0	19464	0	13500	0	0	0	12848	0	11104	0	1014	0	1664	0	0	0	402	0	156	0	0	0	680	0	650	0	0	0	2876	0	0	0	2532	0	0	0	0	0	0	0	0	0	0	0	0	0	0	0	0	0	0	0	0	0	0	0	0	0	0	0	
115812	Parietal_Inf_R	0	1748	0	1122	0	0	0	928	0	0	0	0	0	0	0	0	0	0	0	152	0	0	0	0	0	0	0	0	0	0	0	0	0	0	0	0	0	0	0	0	0	0	0	0	0	0	0	0	0	3300	0	7724	0	0	0	0	0	8154	0	7620	0	0	0	12960	0	11692	0	1884	0	416	0	0	0	0	0	0	0	0	0	0	0	0	0	0	0	206	0	0	0	0	0	0	0	0	0	0	0	0	0	0	0	0	0	0	0	0	0	0	0	0	0	0	0	0	0	0	
87208	SupraMarginal_L	496	0	0	156	0	0	258	0	0	0	0	0	0	0	0	0	3006	0	0	160	0	0	0	0	0	0	0	0	1952	0	0	0	0	0	0	0	336	0	0	0	0	0	0	0	0	0	0	0	0	0	138	0	0	0	0	0	8976	0	118	0	12848	0	0	0	4896	0	0	0	0	0	0	0	168	0	0	0	0	0	534	0	4434	0	0	0	4006	0	0	0	1122	0	0	0	0	0	0	0	0	0	0	0	0	0	0	0	0	0	0	0	0	0	0	0	0	0	0	0	
102024	SupraMarginal_R	0	2878	0	1268	0	0	0	1042	0	0	0	0	0	0	0	0	0	2828	0	188	0	0	0	0	0	0	0	0	0	118	0	0	0	0	0	0	0	214	0	0	0	0	0	0	0	0	0	0	0	424	0	1332	0	0	0	0	0	12126	0	478	0	12960	0	0	0	5362	0	334	0	236	0	162	0	0	0	0	0	0	0	0	0	6328	0	0	0	2600	0	0	0	134	0	0	0	0	0	0	0	0	0	0	0	0	0	0	0	0	0	0	0	0	0	0	0	0	0	0	
98548	Angular_L	182	0	0	0	0	0	0	0	0	0	0	0	0	0	0	0	0	0	0	0	0	0	0	0	0	0	0	0	0	0	0	0	0	0	0	0	0	0	0	0	0	0	1518	0	304	0	0	0	756	0	15074	0	0	0	0	0	2658	0	1704	0	11104	0	4896	0	0	0	346	0	340	0	0	0	0	0	0	0	0	0	456	0	1452	0	0	0	6226	0	0	0	2258	0	0	0	0	0	0	0	0	0	0	0	0	0	0	0	0	0	0	0	0	0	0	0	0	0	0	0	
113928	Angular_R	0	0	0	0	0	0	0	0	0	0	0	0	0	0	0	0	0	0	0	0	0	0	0	0	0	0	0	0	0	0	0	0	0	0	0	0	0	0	0	0	0	0	0	0	0	578	0	0	0	5698	0	16462	0	366	0	0	0	0	0	5148	0	11692	0	5362	0	0	0	280	0	0	0	0	0	0	0	0	0	0	0	0	0	3752	0	0	0	6632	0	0	0	994	0	0	0	0	0	0	0	0	0	0	0	0	0	0	0	0	0	0	0	0	0	0	0	0	0	0	
235784	Precuneus_L	126	0	0	0	0	0	0	0	0	0	0	0	0	0	0	0	0	0	0	136	0	0	0	0	0	0	0	0	0	0	0	0	4442	1214	5554	1950	2512	418	1808	406	0	0	13866	1218	7950	3506	5706	416	7812	1546	10180	234	852	244	492	0	8834	0	9642	426	1014	0	0	0	346	0	0	7638	6904	2124	0	0	0	0	0	0	0	212	148	0	0	0	0	0	938	0	0	0	804	0	0	0	0	0	0	0	1942	162	222	0	0	0	0	0	0	0	0	0	0	0	3948	0	0	0	0	0	
425500	Precuneus_R	0	7450	252	390	0	0	0	198	0	0	0	0	0	0	0	0	0	594	276	814	0	0	0	0	0	0	0	0	0	192	0	0	752	9424	778	10892	474	4146	372	3806	0	0	538	23308	2064	22672	580	11642	0	16492	0	8260	0	7440	0	3608	0	13962	0	8036	0	1884	0	334	0	280	7638	0	268	19098	0	0	0	0	0	0	150	246	0	224	0	2108	0	0	0	7284	0	0	0	4464	0	124	0	0	0	0	0	1644	0	0	0	0	0	0	0	0	0	0	0	0	7592	0	0	0	0	0	
277240	Paracentral_Lobule_L	10216	1372	2736	234	0	0	270	0	0	0	0	0	0	0	0	0	168	0	9862	23958	0	0	0	0	0	0	0	0	268	0	0	0	8176	14738	6140	2950	122	0	0	0	0	0	3420	0	976	0	212	0	498	0	6482	0	906	0	166	0	16616	2680	2334	0	1664	0	0	0	340	0	6904	268	0	10622	116	0	0	0	0	0	0	0	148	0	0	0	0	0	1248	0	0	0	1026	0	0	0	0	0	0	0	162	0	0	0	0	0	0	0	0	0	0	0	0	0	622	0	0	0	0	0	
299056	Paracentral_Lobule_R	2382	16204	332	260	0	0	0	0	0	0	0	0	0	0	0	0	0	340	1304	19228	0	0	0	0	0	0	0	0	0	168	0	0	2094	16820	4560	5706	0	676	0	0	0	0	0	5280	0	4462	0	690	0	4394	0	2108	0	3872	0	1662	0	13360	0	114	0	416	0	236	0	0	2124	19098	10622	0	0	0	0	0	0	0	0	0	0	232	0	2250	0	0	0	5002	0	0	0	2554	0	178	0	0	0	0	0	0	0	0	0	0	0	0	0	0	0	0	0	0	800	0	0	0	0	0	
289036	Caudate_L	2798	0	22852	3902	450	1086	6496	408	0	0	0	0	164	0	112	0	130	0	16424	4280	6374	7436	1782	500	228	418	776	1654	664	270	7568	4350	0	584	0	0	854	0	0	0	0	0	0	0	0	0	0	0	0	0	0	0	0	0	0	0	436	0	0	0	0	0	0	0	0	0	0	0	116	0	0	14572	18346	4874	3586	342	9552	134	0	0	0	0	0	0	0	0	0	0	0	0	0	0	0	0	0	0	0	0	0	0	0	0	0	0	0	0	0	0	0	0	0	0	0	0	0	0	
436032	Caudate_R	240	8834	9206	30716	0	1968	1620	7700	0	0	0	2436	0	1022	0	150	0	360	6218	15784	3194	6024	1572	7688	0	4460	0	1650	0	4322	5870	23234	264	658	0	0	0	1168	0	620	0	0	0	0	0	0	0	0	0	0	0	0	0	0	0	302	0	656	0	0	0	0	0	162	0	0	0	0	0	0	14572	0	6624	25670	300	6372	622	15524	0	0	0	116	0	0	0	118	0	0	0	0	0	0	0	0	0	0	0	0	0	0	0	0	0	0	0	0	0	0	0	0	0	0	0	0	0	0	
365376	Putamen_L	4312	0	21958	340	7680	884	6920	0	1436	0	3600	0	1496	0	3060	0	1372	0	15774	716	4326	5616	3164	292	408	436	412	1428	21082	118	7914	3146	0	286	0	0	9234	0	1672	0	390	0	0	0	0	0	0	0	0	0	318	0	264	0	3022	0	2016	0	196	0	402	0	168	0	0	0	0	0	0	0	18346	6624	0	3078	9336	132	1868	0	886	0	1774	0	2480	0	680	0	0	0	1626	0	0	0	0	0	0	0	0	0	0	0	0	0	0	0	0	0	0	0	0	0	0	0	0	0	0	0	
412672	Putamen_R	176	2638	2572	22784	0	7088	594	7076	0	378	0	5402	118	1746	0	1320	0	3096	3184	7648	1386	2740	1392	7630	0	6668	0	3154	234	24236	3002	13150	270	1888	306	304	330	12258	0	6926	0	1444	0	0	0	0	0	206	0	0	0	0	0	0	0	4908	0	162	0	0	0	0	0	0	0	0	0	0	0	0	4874	25670	3078	0	118	10496	0	1820	0	204	0	452	0	348	0	274	0	0	0	588	0	0	0	0	0	0	0	0	0	0	0	0	0	0	0	0	0	0	0	0	0	0	0	0	0	0	
70268	Pallidum_L	828	0	6216	0	0	0	1626	0	0	0	0	0	0	0	0	0	566	0	4654	112	0	124	0	0	0	0	0	0	1232	0	0	0	0	0	0	0	1302	0	0	0	0	0	0	0	0	0	0	0	0	0	240	0	206	0	478	0	808	0	128	0	156	0	0	0	0	0	0	0	0	0	3586	300	9336	118	0	0	2004	0	520	0	0	0	0	0	0	0	0	0	594	0	0	0	0	0	0	0	0	0	0	0	0	0	0	0	0	0	0	0	0	0	0	0	0	0	0	0	
84228	Pallidum_R	144	1310	668	6914	0	0	0	1732	0	0	0	236	0	162	0	0	0	278	562	2050	0	0	240	934	0	0	0	0	0	458	170	1330	134	0	306	304	328	2518	0	2022	0	234	0	0	0	0	0	0	0	0	0	0	0	0	0	1028	0	0	0	0	0	0	0	0	0	0	0	0	0	0	342	6372	132	10496	0	0	0	600	0	0	0	0	0	0	0	0	0	0	0	0	0	0	0	0	0	0	0	110	0	0	0	0	0	0	0	0	0	0	0	0	0	0	0	0	0	0	
113632	Thalamus_L	10614	458	9566	582	0	0	2856	0	0	0	0	0	0	0	0	0	0	0	2296	328	0	0	0	0	0	0	0	0	966	0	0	0	0	0	526	614	4926	1152	1744	134	0	0	0	0	0	0	898	0	0	0	0	0	0	0	322	0	234	0	0	0	0	0	0	0	0	0	0	150	0	0	9552	622	1868	0	2004	0	0	4034	150	0	0	0	0	0	0	0	0	0	220	0	0	0	0	0	0	0	0	0	0	0	0	0	0	0	0	0	0	0	0	0	0	0	0	0	0	0	
187732	Thalamus_R	1520	13050	702	17720	0	0	260	624	0	0	0	192	0	0	0	0	0	0	284	7826	0	0	0	0	0	0	0	0	360	886	136	114	0	0	2902	3212	3930	8600	1110	3410	0	0	0	0	0	0	798	656	0	0	0	0	0	0	126	1368	184	0	0	0	0	0	0	0	0	0	212	246	0	0	134	15524	0	1820	0	600	4034	0	382	0	0	0	0	0	0	0	0	0	142	498	0	0	0	0	0	0	0	304	0	0	0	0	0	0	0	0	0	0	0	0	0	0	0	0	0	0	
102948	Heschl_L	3046	0	674	288	0	0	1098	170	0	0	350	0	116	0	0	0	3856	0	452	246	0	0	0	0	0	0	0	0	6952	0	170	0	316	0	552	552	2864	600	238	0	0	0	144	0	0	0	108	0	0	0	1372	0	864	0	3142	0	2840	0	226	0	680	0	534	0	456	0	148	0	148	0	0	0	886	0	520	0	150	382	0	0	4628	0	0	0	3652	0	0	0	8054	0	0	0	0	0	0	0	0	0	0	0	0	0	0	0	0	0	0	0	0	0	0	0	0	0	0	0	
20968	Heschl_R	0	496	0	256	0	0	0	192	0	0	0	330	0	0	0	0	0	2816	0	112	0	0	0	0	0	0	0	0	0	2108	0	0	0	0	0	0	0	454	0	0	0	0	0	0	0	0	0	0	0	0	0	0	0	0	0	0	0	334	0	0	0	0	0	0	0	0	0	224	0	232	0	0	0	204	0	0	0	0	0	0	0	2474	0	0	0	252	0	0	0	0	0	0	0	0	0	0	0	0	0	0	0	0	0	0	0	0	0	0	0	0	0	0	0	0	0	0	
173456	Temporal_Sup_L	1232	0	1272	148	0	0	274	0	0	0	4292	0	1136	0	144	0	7092	0	1142	158	0	0	0	0	0	0	0	0	9590	0	0	0	234	0	0	0	1914	0	448	0	0	0	0	0	0	0	0	0	0	0	930	0	158	0	3006	0	2202	0	242	0	650	0	4434	0	1452	0	0	0	0	0	0	0	1774	0	0	0	0	0	4628	0	0	0	3546	0	21192	0	0	0	13438	0	0	0	0	0	0	0	0	0	0	0	0	0	0	0	0	0	0	0	0	0	0	0	0	0	0	0	
163932	Temporal_Sup_R	0	1754	0	0	0	0	0	0	0	0	0	0	0	0	0	0	0	2974	0	866	0	0	0	0	0	0	0	0	0	5806	0	0	0	0	0	0	0	1858	0	296	0	0	0	314	0	0	0	114	0	284	0	1438	0	508	0	2326	0	2538	0	158	0	0	0	6328	0	3752	0	2108	0	2250	0	116	0	452	0	0	0	0	0	2474	0	0	0	3518	0	30338	0	0	0	9396	0	0	0	0	0	0	0	0	0	0	0	0	0	0	0	0	0	0	0	0	0	0	0	0	0	0	
96312	Temporal_Pole_Sup_L	138	0	712	0	604	0	274	0	370	0	2348	0	2150	0	3238	0	1504	0	566	0	602	0	0	0	0	0	0	0	6800	0	0	0	0	0	0	0	2272	0	774	0	1460	0	0	0	0	0	0	0	0	0	0	0	0	0	3710	0	0	0	0	0	0	0	0	0	0	0	0	0	0	0	0	0	2480	0	0	0	0	0	0	0	3546	0	0	0	6300	0	2838	0	5470	0	0	0	0	0	0	0	0	0	0	0	0	0	0	0	0	0	0	0	0	0	0	0	0	0	0	0	
50416	Temporal_Pole_Sup_R	0	0	0	0	0	0	0	0	0	0	0	0	0	0	0	376	0	244	0	0	0	0	0	0	0	0	0	0	0	1224	0	0	0	0	0	0	0	720	0	2416	0	1394	0	0	0	0	0	0	0	0	0	0	0	0	0	5666	0	0	0	0	0	0	0	0	0	0	0	0	0	0	0	0	0	348	0	0	0	0	0	0	0	3518	0	0	0	3814	0	3398	0	2090	0	0	0	0	0	0	0	0	0	0	0	0	0	0	0	0	0	0	0	0	0	0	0	0	0	0	
243124	Temporal_Mid_L	1440	0	172	0	0	0	304	0	0	0	230	0	0	0	138	0	1096	0	120	0	0	0	0	0	0	0	0	0	1738	0	0	0	1344	0	0	0	722	0	0	0	276	0	5020	0	394	0	0	0	704	0	16152	0	898	0	1890	0	2248	0	718	0	2876	0	4006	0	6226	0	938	0	1248	0	0	0	680	0	0	0	0	0	3652	0	21192	0	6300	0	0	0	4424	0	34416	0	0	0	0	0	0	0	0	0	0	0	0	0	0	0	0	0	0	0	0	0	0	0	0	0	0	0	
270756	Temporal_Mid_R	0	2356	0	0	0	0	0	0	0	0	0	0	0	0	0	116	0	370	0	308	0	0	0	0	0	0	0	0	0	2230	0	0	0	0	0	0	0	994	0	0	0	0	0	3018	200	4406	0	298	0	4512	0	16062	0	2254	0	4756	0	3912	0	286	0	206	0	2600	0	6632	0	7284	0	5002	0	118	0	274	0	0	0	0	0	252	0	30338	0	3814	0	0	0	1206	0	31574	0	0	0	0	0	0	0	0	0	0	0	0	0	0	0	0	0	0	0	0	0	0	0	0	0	0	
23944	Temporal_Pole_Mid_L	0	0	0	0	0	0	0	0	0	0	0	0	0	0	0	0	0	0	0	0	0	0	0	0	0	0	0	0	0	0	0	0	0	0	0	0	202	0	0	0	206	0	0	0	0	0	0	0	0	0	0	0	0	0	864	0	0	0	0	0	0	0	0	0	0	0	0	0	0	0	0	0	0	0	0	0	0	0	0	0	0	0	2838	0	4424	0	0	0	3438	0	0	0	0	0	0	0	0	0	0	0	0	0	0	0	0	0	0	0	0	0	0	0	0	0	0	0	
21624	Temporal_Pole_Mid_R	0	0	0	0	0	0	0	0	0	0	0	0	0	0	0	0	0	0	0	0	0	0	0	0	0	0	0	0	0	0	0	0	0	0	0	0	0	0	0	1278	0	122	0	0	0	0	0	0	0	0	0	0	0	0	0	3522	0	0	0	0	0	0	0	0	0	0	0	0	0	0	0	0	0	0	0	0	0	0	0	0	0	0	0	3398	0	1206	0	0	0	1286	0	0	0	0	0	0	0	0	0	0	0	0	0	0	0	0	0	0	0	0	0	0	0	0	0	0	
263096	Temporal_Inf_L	1296	0	552	460	0	0	324	212	0	0	292	0	0	0	0	0	1052	0	362	438	0	0	0	0	0	0	0	0	4968	0	0	0	1024	0	302	174	5696	198	910	0	1538	0	2640	0	0	0	680	0	0	0	7412	0	5082	0	14486	0	1796	0	1066	0	2532	0	1122	0	2258	0	804	0	1026	0	0	0	1626	0	594	0	220	142	8054	0	13438	0	5470	0	34416	0	3438	0	0	0	1788	0	206	0	0	0	198	0	694	0	248	0	0	0	0	0	0	0	0	0	314	0	0	0	0	0	
229508	Temporal_Inf_R	0	1810	0	218	0	0	0	0	0	0	0	0	0	0	0	0	0	336	0	276	0	0	0	0	0	0	0	0	0	2506	0	0	0	248	0	114	0	8978	0	4806	0	0	0	1668	0	2000	0	2486	0	2116	0	4028	0	6262	0	20076	0	2048	0	190	0	0	0	134	0	994	0	4464	0	2554	0	0	0	588	0	0	0	498	0	0	0	9396	0	2090	0	31574	0	1286	0	0	0	590	0	0	0	0	0	192	0	0	0	0	0	0	0	0	0	0	0	0	228	0	0	0	0	0	
433972	Cerebelum_Crus1_L	0	0	0	0	0	0	0	0	0	0	0	0	0	0	0	0	0	0	0	0	0	0	0	0	0	0	0	0	0	0	0	0	0	0	0	0	164	0	338	0	0	0	0	0	0	0	5534	1764	0	0	108	0	194	0	22820	338	0	0	0	0	0	0	0	0	0	0	0	0	0	0	0	0	0	0	0	0	0	0	0	0	0	0	0	0	0	0	0	0	1788	0	0	2622	32006	778	2506	282	24492	1018	52904	5920	12550	134	16872	1288	4186	966	2238	160	322	864	6348	7896	4782	850	1076	878	
407764	Cerebelum_Crus1_R	0	126	0	0	0	0	0	0	0	0	0	0	0	0	0	0	0	0	0	0	0	0	0	0	0	0	0	0	0	172	0	0	0	0	0	0	0	432	0	576	0	0	0	238	0	0	1262	7824	0	0	0	0	0	584	588	12028	0	0	0	0	0	0	0	0	0	0	0	124	0	178	0	0	0	0	0	0	0	0	0	0	0	0	0	0	0	0	0	0	0	590	2622	0	870	31210	266	3792	1034	19878	4048	50336	0	3826	160	25286	0	6572	0	1220	426	1762	5094	7872	8638	2074	1914	260	
272496	Cerebelum_Crus2_L	0	0	0	0	0	0	0	0	0	0	0	0	0	0	0	0	0	0	0	0	0	0	0	0	0	0	0	0	0	0	0	0	0	0	0	0	0	0	0	0	0	0	0	0	0	0	324	288	0	0	0	0	0	0	1562	0	0	0	0	0	0	0	0	0	0	0	0	0	0	0	0	0	0	0	0	0	0	0	0	0	0	0	0	0	0	0	0	0	206	0	32006	870	0	2994	900	166	4688	218	7310	1436	30864	982	27064	3050	7282	486	2486	0	252	352	1364	1780	4778	1796	496	248	
237128	Cerebelum_Crus2_R	0	0	0	0	0	0	0	0	0	0	0	0	0	0	0	0	0	0	0	0	0	0	0	0	0	0	0	0	0	0	0	0	0	0	0	0	0	0	0	0	0	0	0	0	0	0	146	570	0	0	0	0	0	0	0	810	0	0	0	0	0	0	0	0	0	0	0	0	0	0	0	0	0	0	0	0	0	0	0	0	0	0	0	0	0	0	0	0	0	0	778	31210	2994	0	0	1232	258	2902	408	8446	1440	15734	1420	32450	0	3874	0	586	206	490	600	1156	8612	1802	440	0	
53664	Cerebelum_3_L	0	0	0	0	0	0	0	0	0	0	0	0	0	0	0	0	0	0	0	0	0	0	0	0	0	0	0	0	0	0	0	0	0	0	0	0	0	0	298	0	0	0	0	0	0	0	754	338	0	0	0	0	0	0	172	0	0	0	0	0	0	0	0	0	0	0	0	0	0	0	0	0	0	0	0	0	0	0	0	0	0	0	0	0	0	0	0	0	0	0	2506	266	900	0	0	194	7552	0	3024	586	354	0	1992	310	2680	408	0	0	582	962	788	978	484	270	318	116	
79032	Cerebelum_3_R	0	0	0	0	0	0	0	0	0	0	0	0	0	0	0	0	0	0	0	0	0	0	0	0	0	0	0	0	0	0	0	0	0	0	0	0	122	0	156	564	0	0	0	0	0	0	154	798	0	0	0	0	0	0	0	492	0	0	0	0	0	0	0	0	0	0	0	0	0	0	0	0	0	0	0	0	0	0	0	0	0	0	0	0	0	0	0	0	0	0	282	3792	166	1232	194	0	518	5074	262	6362	156	364	414	3908	0	3244	0	176	1244	3266	1174	198	1656	1966	1582	0	
286564	Cerebelum_4_5_L	0	0	0	0	0	0	0	0	0	0	0	0	0	0	0	0	0	0	0	0	0	0	0	0	0	0	0	0	0	0	0	0	0	0	1214	264	1138	160	1266	0	176	0	1976	0	0	0	7862	924	0	0	0	0	0	0	9790	336	156	0	0	0	0	0	0	0	0	0	1942	0	162	0	0	0	0	0	0	0	0	0	0	0	0	0	0	0	0	0	0	0	198	0	24492	1034	4688	258	7552	518	0	2324	31356	4914	1330	0	5260	1932	4736	1724	142	316	436	1422	11798	4958	1136	560	1266	1566	
228528	Cerebelum_4_5_R	0	0	0	112	0	0	0	0	0	0	0	0	0	0	0	0	0	0	0	0	0	0	0	0	0	0	0	0	0	0	0	0	0	0	420	1208	382	3228	280	4922	0	0	0	112	0	0	840	7744	0	0	0	0	0	0	0	7280	0	0	0	0	0	0	0	0	0	0	162	1644	0	0	0	0	0	0	0	110	0	304	0	0	0	0	0	0	0	0	0	0	0	192	1018	19878	218	2902	0	5074	2324	0	1684	30452	0	192	0	5454	0	1688	0	582	0	1768	10608	664	818	0	0	0	
378980	Cerebelum_6_L	0	0	0	0	0	0	0	0	0	0	0	0	0	0	0	0	0	0	0	0	0	0	0	0	0	0	0	0	0	0	0	0	0	0	0	0	0	0	728	0	0	0	0	0	0	0	10890	3136	0	0	146	0	224	0	27084	746	0	0	0	0	0	0	0	0	0	0	222	0	0	0	0	0	0	0	0	0	0	0	0	0	0	0	0	0	0	0	0	0	694	0	52904	4048	7310	408	3024	262	31356	1684	0	8752	1466	0	3244	1094	974	1032	144	234	340	1038	8614	12816	2568	320	894	1094	
416024	Cerebelum_6_R	0	0	0	0	0	0	0	0	0	0	0	0	0	0	0	0	0	0	0	0	0	0	0	0	0	0	0	0	0	120	0	0	0	0	0	0	0	366	0	840	0	0	0	0	0	0	2040	11296	0	0	0	0	0	200	952	13840	0	0	0	0	0	0	0	0	0	0	0	0	0	0	0	0	0	0	0	0	0	0	0	0	0	0	0	0	0	0	0	0	0	0	5920	50336	1436	8446	586	6362	4914	30452	8752	0	0	524	320	12748	0	5708	0	1442	498	2918	12430	12258	7302	2396	2218	392	
187164	Cerebelum_7b_L	0	0	0	0	0	0	0	0	0	0	0	0	0	0	0	0	0	0	0	0	0	0	0	0	0	0	0	0	0	0	0	0	0	0	0	0	0	0	0	0	0	0	0	0	0	0	0	0	0	0	0	0	0	0	692	0	0	0	0	0	0	0	0	0	0	0	0	0	0	0	0	0	0	0	0	0	0	0	0	0	0	0	0	0	0	0	0	0	248	0	12550	0	30864	1440	354	156	1330	0	1466	0	0	552	27958	2532	6508	332	1474	0	0	0	0	0	2532	2222	372	0	
97556	Cerebelum_7b_R	0	0	0	0	0	0	0	0	0	0	0	0	0	0	0	0	0	0	0	0	0	0	0	0	0	0	0	0	0	0	0	0	0	0	0	0	0	0	0	0	0	0	0	0	0	0	0	0	0	0	0	0	0	0	0	0	0	0	0	0	0	0	0	0	0	0	0	0	0	0	0	0	0	0	0	0	0	0	0	0	0	0	0	0	0	0	0	0	0	0	134	3826	982	15734	0	364	0	192	0	524	552	0	412	18986	0	3956	0	150	112	0	0	0	1938	916	0	0	
248108	Cerebelum_8_L	0	0	0	0	0	0	0	0	0	0	0	0	0	0	0	0	0	0	0	0	0	0	0	0	0	0	0	0	0	0	0	0	0	0	0	0	0	0	0	0	0	0	0	0	0	0	0	0	0	0	0	0	0	0	1150	0	0	0	0	0	0	0	0	0	0	0	0	0	0	0	0	0	0	0	0	0	0	0	0	0	0	0	0	0	0	0	0	0	0	0	16872	160	27064	1420	1992	414	5260	0	3244	320	27958	412	0	3712	16938	1128	4280	0	258	138	616	578	3800	4446	1616	278	
316508	Cerebelum_8_R	0	0	0	0	0	0	0	0	0	0	0	0	0	0	0	0	0	0	0	0	0	0	0	0	0	0	0	0	0	0	0	0	0	0	0	0	0	0	0	144	0	0	0	0	0	0	128	356	0	0	0	0	0	0	0	1222	0	0	0	0	0	0	0	0	0	0	0	0	0	0	0	0	0	0	0	0	0	0	0	0	0	0	0	0	0	0	0	0	0	0	1288	25286	3050	32450	310	3908	1932	5454	1094	12748	2532	18986	3712	0	284	19592	0	2394	938	1714	3436	946	6702	5512	1962	174	
107032	Cerebelum_9_L	0	0	0	0	0	0	0	0	0	0	0	0	0	0	0	0	0	0	0	0	0	0	0	0	0	0	0	0	0	0	0	0	0	0	0	0	0	0	0	0	0	0	0	0	0	0	0	0	0	0	0	0	0	0	148	0	0	0	0	0	0	0	0	0	0	0	0	0	0	0	0	0	0	0	0	0	0	0	0	0	0	0	0	0	0	0	0	0	0	0	4186	0	7282	0	2680	0	4736	0	974	0	6508	0	16938	284	0	804	4388	0	0	0	254	712	896	856	1398	472	
157140	Cerebelum_9_R	0	0	0	0	0	0	0	0	0	0	0	0	0	0	0	0	0	0	0	0	0	0	0	0	0	0	0	0	0	0	0	0	0	0	0	0	0	0	0	0	0	0	0	0	0	0	130	198	0	0	0	0	0	0	0	274	0	0	0	0	0	0	0	0	0	0	0	0	0	0	0	0	0	0	0	0	0	0	0	0	0	0	0	0	0	0	0	0	0	0	966	6572	486	3874	408	3244	1724	1688	1032	5708	332	3956	1128	19592	804	0	0	2062	1424	1762	2428	2414	3836	4256	5868	2404	
30304	Cerebelum_10_L	0	0	0	0	0	0	0	0	0	0	0	0	0	0	0	0	0	0	0	0	0	0	0	0	0	0	0	0	0	0	0	0	0	0	0	0	0	0	0	0	0	0	0	0	0	0	0	0	0	0	0	0	0	0	0	0	0	0	0	0	0	0	0	0	0	0	0	0	0	0	0	0	0	0	0	0	0	0	0	0	0	0	0	0	0	0	0	0	0	0	2238	0	2486	0	0	0	142	0	144	0	1474	0	4280	0	4388	0	0	0	0	0	0	0	0	0	0	0	
19896	Cerebelum_10_R	0	0	0	0	0	0	0	0	0	0	0	0	0	0	0	0	0	0	0	0	0	0	0	0	0	0	0	0	0	0	0	0	0	0	0	0	0	0	0	0	0	0	0	0	0	0	0	0	0	0	0	0	0	0	0	0	0	0	0	0	0	0	0	0	0	0	0	0	0	0	0	0	0	0	0	0	0	0	0	0	0	0	0	0	0	0	0	0	0	0	160	1220	0	586	0	176	316	582	234	1442	0	150	0	2394	0	2062	0	0	0	0	494	132	0	0	0	0	
27636	Vermis_1_2	0	0	0	0	0	0	0	0	0	0	0	0	0	0	0	0	0	0	0	0	0	0	0	0	0	0	0	0	0	0	0	0	0	0	0	0	174	0	134	0	0	0	0	0	0	0	0	0	0	0	0	0	0	0	0	0	0	0	0	0	0	0	0	0	0	0	0	0	0	0	0	0	0	0	0	0	0	0	0	0	0	0	0	0	0	0	0	0	0	0	322	426	252	206	582	1244	436	0	340	498	0	112	258	938	0	1424	0	0	0	2944	564	238	852	940	792	142	
61580	Vermis_3	0	0	0	0	0	0	0	0	0	0	0	0	0	0	0	0	0	0	0	0	0	0	0	0	0	0	0	0	0	0	0	0	0	0	0	0	346	134	356	366	0	0	0	0	0	0	312	622	0	0	0	0	0	0	0	0	0	0	0	0	0	0	0	0	0	0	0	0	0	0	0	0	0	0	0	0	0	0	0	0	0	0	0	0	0	0	0	0	0	0	864	1762	352	490	962	3266	1422	1768	1038	2918	0	0	138	1714	0	1762	0	0	2944	0	2430	558	1352	1438	1330	146	
256756	Vermis_4_5	0	218	0	0	0	0	0	0	0	0	0	0	0	0	0	0	0	0	0	112	0	0	0	0	0	0	0	0	0	0	0	0	112	1330	1878	5802	334	1718	254	1526	0	0	3696	2082	300	318	2578	8070	0	0	0	0	434	840	434	2418	578	452	0	0	0	0	0	0	0	0	3948	7592	622	800	0	0	0	0	0	0	0	0	0	0	0	0	0	0	0	0	0	0	314	228	6348	5094	1364	600	788	1174	11798	10608	8614	12430	0	0	616	3436	254	2428	0	494	564	2430	0	5352	734	684	1530	2050	
172060	Vermis_6	0	0	0	0	0	0	0	0	0	0	0	0	0	0	0	0	0	0	0	0	0	0	0	0	0	0	0	0	0	0	0	0	0	0	0	0	0	0	0	0	0	0	0	0	0	0	3516	6038	0	0	0	0	0	0	2514	1092	0	0	0	0	0	0	0	0	0	0	0	0	0	0	0	0	0	0	0	0	0	0	0	0	0	0	0	0	0	0	0	0	0	0	7896	7872	1780	1156	978	198	4958	664	12816	12258	0	0	578	946	712	2414	0	132	238	558	5352	0	4388	1170	2586	3220	
