data	data	500940	232076	868912	731628	149152	72908	551696	282940	65276	16452	310416	306824	305816	234372	154480	70576	252520	318136	607540	825220	80892	105124	349864	302208	32732	77580	73612	77620	652128	534292	326432	432648	178472	377356	239240	239748	392668	446012	184360	332336	63032	75604	267620	230668	138884	252772	305168	303024	149116	321156	374892	187028	94236	50580	443640	488780	265872	122292	104076	117868	193200	111512	115328	56612	143644	161828	308564	432304	220412	260548	366660	468848	335112	358764	63740	31844	314568	214392	72104	58232	232676	107852	120200	102752	276408	269528	32252	32900	274964	244912	484316	356040	318500	301664	51400	98972	344516	262216	492988	416332	249428	130444	407852	312840	152628	145388	20624	34944	26688	47796	264852	230108	232072	132748	104424	43000	
data	data	Precentral_L	Precentral_R	Frontal_Sup_L	Frontal_Sup_R	Frontal_Sup_Orb_L	Frontal_Sup_Orb_R	Frontal_Mid_L	Frontal_Mid_R	Frontal_Mid_Orb_L	Frontal_Mid_Orb_R	Frontal_Inf_Oper_L	Frontal_Inf_Oper_R	Frontal_Inf_Tri_L	Frontal_Inf_Tri_R	Frontal_Inf_Orb_L	Frontal_Inf_Orb_R	Rolandic_Oper_L	Rolandic_Oper_R	Supp_Motor_Area_L	Supp_Motor_Area_R	Olfactory_L	Olfactory_R	Frontal_Sup_Medial_L	Frontal_Sup_Medial_R	Frontal_Med_Orb_L	Frontal_Med_Orb_R	Rectus_L	Rectus_R	Insula_L	Insula_R	Cingulum_Ant_L	Cingulum_Ant_R	Cingulum_Mid_L	Cingulum_Mid_R	Cingulum_Post_L	Cingulum_Post_R	Hippocampus_L	Hippocampus_R	ParaHippocampal_L	ParaHippocampal_R	Amygdala_L	Amygdala_R	Calcarine_L	Calcarine_R	Cuneus_L	Cuneus_R	Lingual_L	Lingual_R	Occipital_Sup_L	Occipital_Sup_R	Occipital_Mid_L	Occipital_Mid_R	Occipital_Inf_L	Occipital_Inf_R	Fusiform_L	Fusiform_R	Postcentral_L	Postcentral_R	Parietal_Sup_L	Parietal_Sup_R	Parietal_Inf_L	Parietal_Inf_R	SupraMarginal_L	SupraMarginal_R	Angular_L	Angular_R	Precuneus_L	Precuneus_R	Paracentral_Lobule_L	Paracentral_Lobule_R	Caudate_L	Caudate_R	Putamen_L	Putamen_R	Pallidum_L	Pallidum_R	Thalamus_L	Thalamus_R	Heschl_L	Heschl_R	Temporal_Sup_L	Temporal_Sup_R	Temporal_Pole_Sup_L	Temporal_Pole_Sup_R	Temporal_Mid_L	Temporal_Mid_R	Temporal_Pole_Mid_L	Temporal_Pole_Mid_R	Temporal_Inf_L	Temporal_Inf_R	Cerebelum_Crus1_L	Cerebelum_Crus1_R	Cerebelum_Crus2_L	Cerebelum_Crus2_R	Cerebelum_3_L	Cerebelum_3_R	Cerebelum_4_5_L	Cerebelum_4_5_R	Cerebelum_6_L	Cerebelum_6_R	Cerebelum_7b_L	Cerebelum_7b_R	Cerebelum_8_L	Cerebelum_8_R	Cerebelum_9_L	Cerebelum_9_R	Cerebelum_10_L	Cerebelum_10_R	Vermis_1_2	Vermis_3	Vermis_4_5	Vermis_6	Vermis_7	Vermis_8	Vermis_9	Vermis_10	
500940	Precentral_L	0	3312	21956	2186	200	0	20766	462	0	0	9964	100	2784	0	0	0	8414	612	10400	13568	0	0	430	0	0	0	0	0	7946	558	538	74	630	1670	14208	9398	7006	5216	1212	3452	0	0	860	0	0	0	642	404	0	0	520	0	0	0	654	402	27924	78	240	0	1714	0	0	0	134	0	2840	1106	11714	9378	5292	712	7118	284	4484	0	16812	2506	2234	158	2560	282	908	0	476	94	0	0	300	302	0	0	0	0	0	0	0	0	0	0	0	0	0	0	0	0	0	0	0	0	276	0	0	0	0	0	
232076	Precentral_R	3312	0	1428	6222	0	0	922	10728	0	0	146	4260	0	1182	0	82	202	6208	1828	10948	0	0	0	0	0	0	0	0	430	2920	0	80	0	488	982	2846	0	5602	0	818	0	0	0	192	0	630	0	346	0	1936	0	646	0	0	0	528	212	11428	0	520	0	1118	0	1776	0	974	364	2440	572	9116	538	6868	80	1074	0	112	1684	8404	0	586	120	160	0	0	0	1162	0	0	0	818	0	0	0	0	0	0	0	0	0	0	0	0	0	0	0	0	0	0	0	0	0	0	0	0	0	0	
868912	Frontal_Sup_L	21956	1428	0	10126	12494	0	70322	2246	2384	0	10930	3232	17790	2076	7710	0	8214	3500	59728	19512	0	0	40522	5932	1538	276	308	92	27348	5394	18144	5762	5402	3920	422	262	3654	430	1310	288	0	0	0	0	0	0	0	192	0	0	0	0	0	0	1224	0	3368	0	0	0	0	0	302	0	0	0	0	188	4748	2744	8188	2156	16762	398	4314	0	8640	462	496	0	1942	0	2020	822	74	0	0	0	764	0	0	0	0	0	0	0	0	0	0	0	0	0	0	0	0	0	0	0	0	0	0	0	0	0	0	0	
731628	Frontal_Sup_R	2186	6222	10126	0	0	2772	2684	38014	0	962	1250	16472	444	15140	80	4236	822	19212	21524	69418	0	0	5666	27086	108	2542	0	322	1788	22098	1160	21228	800	12644	154	1116	0	2454	0	598	0	0	0	0	0	0	0	172	0	0	0	0	0	0	0	328	530	660	0	0	0	0	0	0	0	0	0	90	1768	662	2860	16380	346	14704	0	822	2108	8974	0	944	252	590	374	1542	0	210	0	170	0	0	0	0	0	0	0	0	0	0	0	0	0	0	0	0	0	0	0	0	0	0	0	0	0	0	0	0	
149152	Frontal_Sup_Orb_L	200	0	12494	0	0	0	3864	0	10700	0	788	0	3540	0	12590	0	224	0	404	0	2484	262	1048	0	1506	0	4572	160	11040	0	2130	324	0	0	0	0	230	0	142	0	324	0	0	0	0	0	0	0	0	0	0	0	0	0	104	0	0	0	0	0	0	0	0	0	0	0	0	0	0	0	862	216	4008	0	0	0	0	0	0	0	0	0	270	0	0	0	0	0	90	0	0	0	0	0	0	0	0	0	0	0	0	0	0	0	0	0	0	0	0	0	0	0	0	0	0	0	
72908	Frontal_Sup_Orb_R	0	0	0	2772	0	0	0	338	0	2026	0	0	0	0	0	3382	0	0	0	0	362	1790	0	1244	144	5390	236	8710	0	1424	122	164	0	0	0	0	0	0	0	0	0	0	0	0	0	0	0	0	0	0	0	0	0	0	0	0	0	0	0	0	0	0	0	0	0	0	0	0	0	0	200	3172	184	4712	0	0	0	82	0	0	0	0	0	0	0	0	0	0	0	0	0	0	0	0	0	0	0	0	0	0	0	0	0	0	0	0	0	0	0	0	0	0	0	0	0	0	
551696	Frontal_Mid_L	20766	922	70322	2684	3864	0	0	1032	2382	0	19412	1548	35402	472	6214	0	5492	1592	18570	5896	0	0	10882	1970	0	0	0	0	17446	2404	10152	1442	1560	1440	544	582	2466	412	384	252	0	0	100	0	0	0	0	108	0	0	190	0	0	0	382	78	2448	0	0	0	0	0	0	0	0	0	104	162	0	1546	4000	1356	4198	396	566	0	5272	270	1288	0	2138	0	1668	386	324	0	0	0	362	0	0	0	0	0	0	0	0	0	0	0	0	0	0	0	0	0	0	0	0	0	0	0	0	0	0	0	
282940	Frontal_Mid_R	462	10728	2246	38014	0	338	1032	0	0	1500	644	10416	150	21388	0	4522	552	7964	3294	4686	0	0	556	4200	0	0	0	0	818	6926	446	6660	72	1522	0	0	0	672	0	194	0	0	0	0	0	0	0	0	0	0	0	0	0	0	0	148	0	564	0	0	0	0	0	0	0	0	0	0	0	0	1070	2714	0	4706	0	240	306	292	0	864	208	0	186	170	0	0	0	0	0	0	0	0	0	0	0	0	0	0	0	0	0	0	0	0	0	0	0	0	0	0	0	0	0	0	0	0	
65276	Frontal_Mid_Orb_L	0	0	2384	0	10700	0	2382	0	0	0	0	0	2190	0	9184	0	0	0	222	0	436	0	256	0	182	0	1624	0	1764	0	420	0	0	0	0	0	0	0	0	0	0	0	0	0	0	0	0	0	0	0	0	0	0	0	0	0	0	0	0	0	0	0	0	0	0	0	0	0	0	0	266	0	510	0	0	0	0	0	0	0	0	0	118	0	0	0	0	0	0	0	0	0	0	0	0	0	0	0	0	0	0	0	0	0	0	0	0	0	0	0	0	0	0	0	0	0	
16452	Frontal_Mid_Orb_R	0	0	0	962	0	2026	0	1500	0	0	0	0	0	442	0	2886	0	0	0	0	0	0	0	0	0	0	0	118	0	84	0	0	0	0	0	0	0	0	0	0	0	0	0	0	0	0	0	0	0	0	0	0	0	0	0	0	0	0	0	0	0	0	0	0	0	0	0	0	0	0	0	0	0	208	0	0	0	0	0	0	0	0	0	0	0	0	0	0	0	0	0	0	0	0	0	0	0	0	0	0	0	0	0	0	0	0	0	0	0	0	0	0	0	0	0	0	
310416	Frontal_Inf_Oper_L	9964	146	10930	1250	788	0	19412	644	0	0	0	1684	21218	440	682	0	12896	502	2618	518	0	0	818	2692	0	0	0	0	23240	1902	3216	2878	350	0	0	72	948	0	0	0	90	0	0	0	0	0	0	0	0	0	0	0	0	0	290	0	3566	0	0	0	0	0	0	0	0	0	0	0	118	0	8604	3162	3418	1168	108	0	2270	172	454	0	5170	0	5734	864	0	0	0	0	212	0	0	0	0	0	0	0	0	0	0	0	0	0	0	0	0	0	0	0	0	0	0	0	0	0	0	0	
306824	Frontal_Inf_Oper_R	100	4260	3232	16472	0	0	1548	10416	0	0	1684	0	1120	16858	122	542	902	10970	4750	12434	0	0	1280	1428	0	0	0	0	1856	28002	1340	6076	128	2692	0	0	0	328	0	190	0	0	0	0	0	0	0	0	0	0	0	0	0	0	0	138	0	756	0	0	0	0	0	0	0	0	0	0	0	0	2676	6572	106	4520	0	178	0	426	0	90	424	634	536	7074	0	250	0	302	0	0	0	0	0	0	0	0	0	0	0	0	0	0	0	0	0	0	0	0	0	0	0	0	0	0	0	0	
305816	Frontal_Inf_Tri_L	2784	0	17790	444	3540	0	35402	150	2190	0	21218	1120	0	234	8662	0	1386	340	3108	216	0	0	3516	2080	0	0	0	0	23964	1272	8046	2220	382	184	0	0	424	0	0	0	0	0	0	0	0	0	0	0	0	0	0	0	0	0	156	0	476	0	0	0	0	0	0	0	0	0	0	0	0	0	5122	1638	1708	1116	0	0	344	0	104	0	254	0	876	310	0	0	0	0	132	0	0	0	0	0	0	0	0	0	0	0	0	0	0	0	0	0	0	0	0	0	0	0	0	0	0	0	
234372	Frontal_Inf_Tri_R	0	1182	2076	15140	0	0	472	21388	0	442	440	16858	234	0	0	3710	234	864	1842	4486	0	0	2138	4196	0	0	0	0	504	11572	1224	12294	72	1772	0	0	0	512	0	274	0	0	0	0	0	0	0	0	0	0	0	0	0	0	0	216	0	0	0	0	0	0	0	0	0	0	0	0	0	0	684	4554	0	6356	0	148	0	230	0	0	98	0	128	846	0	0	0	0	0	0	0	0	0	0	0	0	0	0	0	0	0	0	0	0	0	0	0	0	0	0	0	0	0	0	0	0	
154480	Frontal_Inf_Orb_L	0	0	7710	80	12590	0	6214	0	9184	0	682	122	8662	0	0	0	0	0	760	0	2822	264	976	116	306	0	1816	0	13588	148	984	148	0	0	0	0	834	0	228	0	1220	0	0	0	0	0	0	0	0	0	0	0	0	0	0	0	0	0	0	0	0	0	0	0	0	0	0	0	0	0	1150	418	3572	0	0	0	0	0	0	0	0	0	2646	0	0	0	0	0	0	0	0	0	0	0	0	0	0	0	0	0	0	0	0	0	0	0	0	0	0	0	0	0	0	0	0	0	
70576	Frontal_Inf_Orb_R	0	82	0	4236	0	3382	0	4522	0	2886	0	542	0	3710	0	0	0	108	0	976	122	1416	0	296	0	0	0	990	0	5840	0	258	0	0	0	0	0	82	0	98	0	558	0	0	0	0	0	0	0	0	0	0	0	0	0	104	0	0	0	0	0	0	0	0	0	0	0	0	0	0	148	2138	74	2352	0	0	0	188	0	0	0	0	0	180	0	0	0	0	0	0	0	0	0	0	0	0	0	0	0	0	0	0	0	0	0	0	0	0	0	0	0	0	0	0	0	0	
252520	Rolandic_Oper_L	8414	202	8214	822	224	0	5492	552	0	0	12896	902	1386	234	0	0	0	386	3712	494	0	0	134	430	0	0	0	0	26558	1102	442	572	0	0	0	0	2162	0	122	0	0	0	336	0	154	0	0	0	74	0	1206	0	0	0	310	0	7878	0	204	0	118	0	2256	0	0	0	732	82	608	130	5668	962	830	82	346	0	4530	130	4120	0	12316	0	5172	624	1360	0	0	0	580	0	0	0	0	0	0	0	0	0	0	0	0	0	0	0	0	0	0	0	0	0	0	0	0	0	0	0	
318136	Rolandic_Oper_R	612	6208	3500	19212	0	0	1592	7964	0	0	502	10970	340	864	0	108	386	0	5030	11824	0	0	0	142	0	0	0	0	816	39790	134	252	0	428	364	508	0	4148	0	652	0	0	0	0	0	0	0	170	0	164	0	0	0	0	0	594	144	5414	0	0	0	0	0	1436	0	114	0	438	0	146	2480	6094	140	8702	0	1662	488	3878	0	5190	242	2416	320	1410	0	510	0	202	0	368	0	0	0	0	0	0	0	0	0	0	0	0	0	0	0	0	0	0	0	0	0	0	0	0	0	0	
607540	Supp_Motor_Area_L	10400	1828	59728	21524	404	0	18570	3294	222	0	2618	4750	3108	1842	760	0	3712	5030	0	49448	0	0	7040	2994	0	0	0	0	6950	5582	5718	7872	12706	21986	1356	256	2488	110	438	0	0	0	0	0	0	0	0	0	0	0	0	0	0	0	1306	0	1814	196	0	0	0	0	168	0	0	0	0	120	12446	2470	4986	1064	6376	520	4448	0	1662	266	226	106	590	0	472	764	0	0	0	0	1036	0	0	0	0	0	0	0	0	0	0	0	0	0	0	0	0	0	0	0	0	0	0	0	0	0	0	0	
825220	Supp_Motor_Area_R	13568	10948	19512	69418	0	0	5896	4686	0	0	518	12434	216	4486	0	976	494	11824	49448	0	0	0	2382	5316	0	0	0	0	1256	14234	2408	10378	9188	39382	1312	8262	996	2724	364	1546	0	0	0	316	0	570	0	404	0	1658	0	468	0	0	350	1108	716	1414	0	0	0	92	0	0	0	78	544	3578	9402	37394	3106	14794	934	6976	362	1138	8338	9140	0	464	260	626	258	1570	0	1324	0	162	94	800	0	0	0	0	0	0	0	0	0	0	0	0	0	0	0	0	0	0	0	0	0	0	0	0	0	0	
80892	Olfactory_L	0	0	0	0	2484	362	0	0	436	0	0	0	0	0	2822	122	0	0	0	0	0	5896	0	0	216	378	4038	1362	2712	156	1914	1396	0	0	0	0	370	0	300	0	1254	0	0	0	0	0	0	0	0	0	0	0	0	0	102	0	0	0	0	0	0	0	0	0	0	0	0	0	0	0	5880	3758	3662	120	0	0	0	146	0	0	0	0	560	0	0	0	0	0	0	0	0	0	0	0	0	0	0	0	0	0	0	0	0	0	0	0	0	0	0	0	0	0	0	0	0	0	
105124	Olfactory_R	0	0	0	0	262	1790	0	0	0	0	0	0	0	0	264	1416	0	0	0	0	5896	0	0	130	0	1126	3556	3662	272	2054	2776	2508	0	0	0	0	0	196	0	170	272	904	0	0	0	0	0	0	0	0	0	0	0	0	0	80	0	0	0	0	0	0	0	0	0	0	0	0	0	0	8282	8680	6828	846	148	0	0	444	0	0	0	0	0	0	0	0	0	0	0	0	0	0	0	0	0	0	0	0	0	0	0	0	0	0	0	0	0	0	0	0	0	0	0	0	0	0	
349864	Frontal_Sup_Medial_L	430	0	40522	5666	1048	0	10882	556	256	0	818	1280	3516	2138	976	0	134	0	7040	2382	0	0	0	20574	2204	1458	412	444	4986	1358	26350	16006	6860	7906	0	0	0	0	0	0	0	0	0	0	0	0	0	0	0	0	0	0	0	0	0	0	0	0	0	0	0	0	0	0	0	0	0	0	0	0	812	1004	6142	514	0	0	0	0	0	0	0	0	184	74	0	0	0	0	0	0	0	0	0	0	0	0	0	0	0	0	0	0	0	0	0	0	0	0	0	0	0	0	0	0	0	0	
302208	Frontal_Sup_Medial_R	0	0	5932	27086	0	1244	1970	4200	0	0	2692	1428	2080	4196	116	296	430	142	2994	5316	0	130	20574	0	892	5558	0	1336	2178	2360	3630	25256	760	8850	0	0	0	0	0	0	0	0	0	0	0	0	0	0	0	0	0	0	0	0	0	0	0	0	0	0	0	0	0	0	0	0	0	0	0	0	1510	8644	168	8862	0	74	0	0	0	0	82	0	118	0	0	0	0	0	0	0	0	0	0	0	0	0	0	0	0	0	0	0	0	0	0	0	0	0	0	0	0	0	0	0	0	0	
32732	Frontal_Med_Orb_L	0	0	1538	108	1506	144	0	0	182	0	0	0	0	0	306	0	0	0	0	0	216	0	2204	892	0	1130	1242	186	188	0	5062	628	0	0	0	0	0	0	0	0	0	0	0	0	0	0	0	0	0	0	0	0	0	0	0	0	0	0	0	0	0	0	0	0	0	0	0	0	0	0	168	0	666	0	0	0	0	0	0	0	0	0	0	0	0	0	0	0	0	0	0	0	0	0	0	0	0	0	0	0	0	0	0	0	0	0	0	0	0	0	0	0	0	0	0	0	
77580	Frontal_Med_Orb_R	0	0	276	2542	0	5390	0	0	0	0	0	0	0	0	0	0	0	0	0	0	378	1126	1458	5558	1130	0	342	7642	0	0	982	3816	0	0	0	0	0	0	0	0	0	0	0	0	0	0	0	0	0	0	0	0	0	0	0	0	0	0	0	0	0	0	0	0	0	0	0	0	0	0	140	4380	140	3490	0	0	0	0	0	0	0	0	0	0	0	0	0	0	0	0	0	0	0	0	0	0	0	0	0	0	0	0	0	0	0	0	0	0	0	0	0	0	0	0	0	0	
73612	Rectus_L	0	0	308	0	4572	236	0	0	1624	0	0	0	0	0	1816	0	0	0	0	0	4038	3556	412	0	1242	342	0	1286	254	0	4858	2470	0	0	0	0	0	0	0	0	202	0	0	0	0	0	0	0	0	0	0	0	0	0	0	0	0	0	0	0	0	0	0	0	0	0	0	0	0	0	3006	2522	3286	776	0	0	0	0	0	0	0	0	0	0	0	0	0	0	0	0	0	0	0	0	0	0	0	0	0	0	0	0	0	0	0	0	0	0	0	0	0	0	0	0	0	0	
77620	Rectus_R	0	0	92	322	160	8710	0	0	0	118	0	0	0	0	0	990	0	0	0	0	1362	3662	444	1336	186	7642	1286	0	0	728	1230	3334	0	0	0	0	0	0	0	0	0	0	0	0	0	0	0	0	0	0	0	0	0	0	0	0	0	0	0	0	0	0	0	0	0	0	0	0	0	0	594	3614	560	2324	0	0	0	116	0	0	0	0	0	0	0	0	0	0	0	0	0	0	0	0	0	0	0	0	0	0	0	0	0	0	0	0	0	0	0	0	0	0	0	0	0	0	
652128	Insula_L	7946	430	27348	1788	11040	0	17446	818	1764	0	23240	1856	23964	504	13588	0	26558	816	6950	1256	2712	272	4986	2178	188	0	254	0	0	2324	8056	2444	0	0	364	316	19954	276	1738	156	4520	0	1718	0	208	0	104	0	102	0	568	0	0	0	8338	0	5820	0	0	0	212	0	2566	0	0	0	278	142	764	344	15390	3928	17940	1006	450	0	8800	294	6800	0	12466	0	8884	926	2358	0	122	0	7486	0	0	0	0	0	0	0	0	0	0	0	0	0	0	0	0	0	0	0	0	0	0	0	0	0	0	0	
534292	Insula_R	558	2920	5394	22098	0	1424	2404	6926	0	84	1902	28002	1272	11572	148	5840	1102	39790	5582	14234	156	2054	1358	2360	0	0	0	728	2324	0	1190	6724	126	1322	294	656	0	10254	0	5416	0	2754	0	234	0	0	0	1448	0	140	0	0	0	0	0	4708	110	1698	0	0	0	0	0	220	0	102	0	834	0	192	4402	11002	336	22608	0	1450	516	3976	0	4908	532	4204	710	8142	0	2548	0	562	0	2596	0	0	0	0	0	0	0	0	0	0	0	0	0	0	0	0	0	0	0	0	0	0	0	0	0	0	
326432	Cingulum_Ant_L	538	0	18144	1160	2130	122	10152	446	420	0	3216	1340	8046	1224	984	0	442	134	5718	2408	1914	2776	26350	3630	5062	982	4858	1230	8056	1190	0	17398	6294	5186	144	80	74	0	0	0	0	0	0	0	0	0	0	0	0	0	0	0	0	0	0	0	0	0	0	0	0	0	0	0	0	0	0	0	0	0	6072	3814	9224	1702	0	0	0	0	0	0	0	0	394	162	0	0	0	0	0	0	0	0	0	0	0	0	0	0	0	0	0	0	0	0	0	0	0	0	0	0	0	0	0	0	0	0	
432648	Cingulum_Ant_R	74	80	5762	21228	324	164	1442	6660	0	0	2878	6076	2220	12294	148	258	572	252	7872	10378	1396	2508	16006	25256	628	3816	2470	3334	2444	6724	17398	0	4472	16912	0	0	0	0	0	0	0	0	0	0	0	0	0	0	0	0	0	0	0	0	0	0	0	0	0	0	0	0	0	0	0	0	0	0	0	0	3188	15880	1766	12210	0	216	0	0	0	0	130	0	188	700	0	0	0	0	0	0	0	0	0	0	0	0	0	0	0	0	0	0	0	0	0	0	0	0	0	0	0	0	0	0	0	0	
178472	Cingulum_Mid_L	630	0	5402	800	0	0	1560	72	0	0	350	128	382	72	0	0	0	0	12706	9188	0	0	6860	760	0	0	0	0	0	126	6294	4472	0	17566	5556	1834	0	0	0	0	0	0	216	0	88	0	0	0	612	0	914	0	0	0	0	0	258	0	88	0	112	0	0	0	182	0	3520	1146	5938	1292	0	0	0	0	112	0	0	0	0	0	0	0	0	0	0	0	0	0	0	0	0	0	0	0	0	0	0	0	0	0	0	0	0	0	0	0	0	0	0	0	0	0	0	0	0	0	
377356	Cingulum_Mid_R	1670	488	3920	12644	0	0	1440	1522	0	0	0	2692	184	1772	0	0	0	428	21986	39382	0	0	7906	8850	0	0	0	0	0	1322	5186	16912	17566	0	1634	7686	0	0	0	0	0	0	0	1398	0	1186	0	414	0	2700	0	532	0	0	0	0	0	2366	0	76	0	182	0	0	0	574	1534	8436	2572	9786	0	142	0	170	0	0	0	0	0	0	0	78	0	142	0	532	0	0	0	424	0	0	0	0	0	0	0	0	0	0	0	0	0	0	0	0	0	0	0	0	244	0	0	0	0	0	
239240	Cingulum_Post_L	14208	982	422	154	0	0	544	0	0	0	0	0	0	0	0	0	0	364	1356	1312	0	0	0	0	0	0	0	0	364	294	144	0	5556	1634	0	13320	6684	5720	2548	3992	0	0	8292	0	2938	166	3626	566	160	0	1258	0	104	0	1706	354	1144	0	0	0	372	0	0	0	188	0	12764	2614	7986	936	232	0	0	260	116	0	7360	1872	728	142	606	292	0	0	1452	86	0	0	838	370	0	0	0	0	0	0	0	0	0	0	0	0	0	0	0	0	0	0	0	0	494	0	0	0	0	0	
239748	Cingulum_Post_R	9398	2846	262	1116	0	0	582	0	0	0	72	0	0	0	0	0	0	508	256	8262	0	0	0	0	0	0	0	0	316	656	80	0	1834	7686	13320	0	3658	10320	610	7210	0	0	0	1206	0	440	0	3472	0	444	0	130	0	0	494	1952	330	1626	0	0	112	0	0	0	0	0	1716	11866	466	7554	854	246	0	308	0	0	9922	3540	510	284	226	564	0	0	0	514	0	0	0	1054	0	0	0	0	0	0	0	74	0	0	0	0	0	0	0	0	0	0	0	0	978	0	0	0	0	0	
392668	Hippocampus_L	7006	0	3654	0	230	0	2466	0	0	0	948	0	424	0	834	0	2162	0	2488	996	370	0	0	0	0	0	0	0	19954	0	74	0	0	0	6684	3658	0	2988	23490	2596	9344	0	3540	0	370	0	4702	814	0	0	1234	0	312	0	29904	0	1228	0	0	0	304	0	492	0	0	0	4740	1218	714	904	776	88	8782	0	634	0	12374	230	3156	0	4986	0	1772	0	5092	0	506	0	15746	0	168	0	0	0	102	0	412	0	200	0	0	0	0	0	0	0	0	0	0	0	468	0	0	0	0	0	
446012	Hippocampus_R	5216	5602	430	2454	0	0	412	672	0	0	0	328	0	512	0	82	0	4148	110	2724	0	196	0	0	0	0	0	0	276	10254	0	0	0	0	5720	10320	2988	0	364	45510	0	11570	0	1100	0	0	0	9322	0	132	0	184	0	298	320	39320	162	292	0	0	0	0	0	224	0	110	84	7590	0	1300	136	2492	0	12108	0	1222	6558	8146	452	2618	196	2600	0	726	0	5002	0	164	0	8812	0	198	0	0	0	0	0	474	0	242	0	0	0	0	0	0	0	0	0	0	534	0	0	0	0	0	
184360	ParaHippocampal_L	1212	0	1310	0	142	0	384	0	0	0	0	0	0	0	228	0	122	0	438	364	300	0	0	0	0	0	0	0	1738	0	0	0	0	0	2548	610	23490	364	0	262	4328	0	3484	0	444	0	4928	458	0	0	1710	0	214	0	18600	0	272	0	0	0	110	0	136	0	0	0	4144	224	402	364	0	0	2886	0	240	0	1896	0	374	0	878	0	928	0	1844	0	868	0	2758	0	1360	0	100	0	204	0	2228	0	1818	0	74	0	122	0	74	0	0	0	0	0	118	80	0	0	0	0	
332336	ParaHippocampal_R	3452	818	288	598	0	0	252	194	0	0	0	190	0	274	0	98	0	652	0	1546	0	170	0	0	0	0	0	0	156	5416	0	0	0	0	3992	7210	2596	45510	262	0	0	7520	0	832	0	0	0	8914	0	80	0	112	0	126	208	31880	98	0	0	0	0	0	0	88	0	0	0	6200	0	878	0	1664	0	7768	0	1076	4196	4698	302	1616	130	1918	0	996	0	2930	0	714	0	4642	0	622	0	0	0	0	0	1002	0	806	0	0	0	0	0	0	0	0	0	0	478	0	0	0	0	0	
63032	Amygdala_L	0	0	0	0	324	0	0	0	0	0	90	0	0	0	1220	0	0	0	0	0	1254	272	0	0	0	0	202	0	4520	0	0	0	0	0	0	0	9344	0	4328	0	0	0	0	0	0	0	0	0	0	0	0	0	0	0	4742	0	0	0	0	0	0	0	0	0	0	0	0	0	0	0	430	266	1052	0	0	0	0	0	0	0	0	0	1414	0	0	0	578	0	1480	0	0	0	0	0	0	0	0	0	0	0	0	0	0	0	0	0	0	0	0	0	0	0	0	0	0	0	
75604	Amygdala_R	0	0	0	0	0	0	0	0	0	0	0	0	0	0	0	558	0	0	0	0	0	904	0	0	0	0	0	0	0	2754	0	0	0	0	0	0	0	11570	0	7520	0	0	0	0	0	0	0	0	0	0	0	0	0	0	0	7254	0	0	0	0	0	0	0	0	0	0	0	0	0	0	0	130	0	2646	0	0	82	530	0	0	0	0	0	1776	0	702	0	626	0	750	0	0	0	0	0	0	0	0	0	0	0	0	0	0	0	0	0	0	0	0	0	0	0	0	0	0	
267620	Calcarine_L	860	0	0	0	0	0	100	0	0	0	0	0	0	0	0	0	336	0	0	0	0	0	0	0	0	0	0	0	1718	0	0	0	216	0	8292	0	3540	0	3484	0	0	0	0	6310	11510	3562	19496	2378	10450	440	18802	208	5494	0	3290	0	1284	0	152	0	294	0	976	0	72	0	18740	370	802	0	0	0	0	0	0	0	420	0	592	0	1320	0	0	0	4384	0	0	0	3634	0	0	0	0	0	0	0	0	0	164	0	0	0	0	0	0	0	0	0	0	0	0	120	0	0	0	0	
230668	Calcarine_R	0	192	0	0	0	0	0	0	0	0	0	0	0	0	0	0	0	0	0	316	0	0	0	0	0	0	0	0	0	234	0	0	0	1398	0	1206	0	1100	0	832	0	0	6310	0	4838	21174	3640	19178	174	16264	0	7952	0	2868	0	3492	0	810	0	372	0	0	0	0	0	0	1790	16052	0	880	0	0	0	0	0	0	0	0	0	136	0	120	0	0	0	2010	0	0	0	752	0	0	0	0	0	0	0	0	0	596	0	0	0	0	0	0	0	0	0	0	338	310	0	0	0	0	
138884	Cuneus_L	0	0	0	0	0	0	0	0	0	0	0	0	0	0	0	0	154	0	0	0	0	0	0	0	0	0	0	0	208	0	0	0	88	0	2938	0	370	0	444	0	0	0	11510	4838	0	7022	1494	128	15082	1374	6406	0	262	0	342	0	276	0	1124	78	132	0	142	0	90	0	10854	1730	356	0	0	0	0	0	0	0	72	0	0	0	376	0	0	0	774	0	0	0	778	0	0	0	0	0	0	0	0	0	0	0	0	0	0	0	0	0	0	0	0	0	0	0	0	0	0	0	
252772	Cuneus_R	0	630	0	0	0	0	0	0	0	0	0	0	0	0	0	0	0	0	0	570	0	0	0	0	0	0	0	0	0	0	0	0	0	1186	166	440	0	0	0	0	0	0	3562	21174	7022	0	1638	3410	436	30132	0	7474	0	520	0	0	0	494	0	5728	0	680	0	74	0	1816	8472	25860	0	978	0	0	0	0	0	0	0	0	0	0	0	84	0	0	0	2484	0	0	0	1224	0	0	0	0	0	0	0	0	0	0	0	0	0	0	0	0	0	0	0	0	132	0	0	0	0	0	
305168	Lingual_L	642	0	0	0	0	0	0	0	0	0	0	0	0	0	0	0	0	0	0	0	0	0	0	0	0	0	0	0	104	0	0	0	0	0	3626	0	4702	0	4928	0	0	0	19496	3640	1494	1638	0	6140	2524	434	13644	232	8998	104	15814	716	466	0	0	0	92	0	0	0	0	0	8780	216	206	0	0	0	0	0	0	0	130	0	88	0	114	0	0	0	396	0	0	0	356	0	8616	1216	1342	228	90	654	9384	2914	14498	2990	128	0	336	222	0	0	0	0	0	116	5374	4178	578	0	0	0	
303024	Lingual_R	404	346	192	172	0	0	108	0	0	0	0	0	0	0	0	0	0	170	0	404	0	0	0	0	0	0	0	0	0	1448	0	0	0	414	566	3472	814	9322	458	8914	0	0	2378	19178	128	3410	6140	0	0	4646	0	2730	0	3902	1428	18578	0	1394	0	0	0	0	0	0	0	0	590	13044	0	808	0	334	208	248	0	0	1022	1184	0	622	0	614	0	0	0	1406	0	0	0	1278	2088	2052	504	160	136	218	3410	4844	4652	6352	86	0	304	0	0	0	0	0	0	138	8278	5340	476	0	0	0	
149116	Occipital_Sup_L	0	0	0	0	0	0	0	0	0	0	0	0	0	0	0	0	74	0	0	0	0	0	0	0	0	0	0	0	102	0	0	0	612	0	160	0	0	0	0	0	0	0	10450	174	15082	436	2524	0	0	0	25858	0	1740	0	0	0	480	0	5348	0	350	0	0	0	528	0	8068	180	1020	0	0	0	0	0	0	0	0	0	0	0	130	0	0	0	1132	0	0	0	110	0	0	0	0	0	0	0	0	0	0	0	0	0	0	0	0	0	0	0	0	0	0	0	0	0	0	0	
321156	Occipital_Sup_R	0	1936	0	0	0	0	0	0	0	0	0	0	0	0	0	0	0	164	0	1658	0	0	0	0	0	0	0	0	0	140	0	0	0	2700	0	444	0	132	0	80	0	0	440	16264	1374	30132	434	4646	0	0	0	21610	0	786	0	656	0	1094	0	10324	0	2334	0	238	0	8382	5086	31632	0	3696	0	0	0	0	0	0	0	0	0	0	0	522	0	0	0	9336	0	0	0	3996	0	0	0	0	0	0	0	0	0	0	0	0	0	0	0	0	0	0	0	0	342	0	0	0	0	0	
374892	Occipital_Mid_L	520	0	0	0	0	0	190	0	0	0	0	0	0	0	0	0	1206	0	0	0	0	0	0	0	0	0	0	0	568	0	0	0	914	0	1258	0	1234	0	1710	0	0	0	18802	0	6406	0	13644	0	25858	0	0	0	14956	0	4848	0	6318	0	13906	106	14964	0	438	0	18456	0	11620	390	4258	0	0	0	0	0	0	0	168	0	724	0	1344	0	0	0	18996	0	0	0	3404	0	106	0	0	0	0	0	0	0	134	0	0	0	0	0	0	0	0	0	0	0	0	0	0	0	0	0	
187028	Occipital_Mid_R	0	646	0	0	0	0	0	0	0	0	0	0	0	0	0	0	0	0	0	468	0	0	0	0	0	0	0	0	0	0	0	0	0	532	0	130	0	184	0	112	0	0	208	7952	0	7474	232	2730	0	21610	0	0	0	4098	0	904	0	170	0	5348	0	3564	0	100	0	13704	1732	7160	0	586	0	0	0	0	0	0	0	0	0	0	0	304	0	0	0	11632	0	0	0	1800	0	0	0	0	0	0	0	0	0	0	0	0	0	0	0	0	0	0	0	0	134	0	0	0	0	0	
94236	Occipital_Inf_L	0	0	0	0	0	0	0	0	0	0	0	0	0	0	0	0	0	0	0	0	0	0	0	0	0	0	0	0	0	0	0	0	0	0	104	0	312	0	214	0	0	0	5494	0	262	0	8998	0	1740	0	14956	0	0	0	7470	0	0	0	0	0	0	0	0	0	0	0	510	0	0	0	0	0	0	0	0	0	156	0	0	0	0	0	0	0	2710	0	0	0	3582	0	168	0	0	0	0	0	112	0	330	0	0	0	0	0	0	0	0	0	0	0	0	0	0	0	0	0	
50580	Occipital_Inf_R	0	0	0	0	0	0	0	0	0	0	0	0	0	0	0	0	0	0	0	0	0	0	0	0	0	0	0	0	0	0	0	0	0	0	0	0	0	298	0	126	0	0	0	2868	0	520	104	3902	0	786	0	4098	0	0	0	5282	0	0	0	0	0	0	0	0	0	0	0	296	0	0	0	0	0	0	0	0	0	100	0	0	0	0	0	0	0	1402	0	0	0	3726	0	98	0	0	0	0	0	0	122	918	0	0	0	0	0	0	0	0	0	0	0	512	132	0	0	0	
443640	Fusiform_L	654	0	1224	0	104	0	382	0	0	0	290	0	156	0	0	0	310	0	1306	350	102	0	0	0	0	0	0	0	8338	0	0	0	0	0	1706	494	29904	320	18600	208	4742	0	3290	0	342	0	15814	1428	0	0	4848	0	7470	0	0	366	178	0	0	0	280	0	382	0	0	0	2124	186	0	342	440	0	2828	0	72	0	2892	0	406	0	2972	0	2810	0	6920	0	2414	0	23450	0	19246	966	1518	138	122	76	13896	708	25040	1774	186	0	610	0	480	102	0	0	0	0	1990	2752	496	122	154	0	
488780	Fusiform_R	402	528	0	328	0	0	78	148	0	0	0	138	0	216	0	104	0	594	0	1108	0	80	0	0	0	0	0	0	0	4708	0	0	0	0	354	1952	0	39320	0	31880	0	7254	0	3492	0	0	716	18578	0	656	0	904	0	5282	366	0	0	0	0	0	0	0	0	98	0	92	0	3208	0	740	0	1100	0	6528	0	506	408	4232	0	1488	0	2108	0	4062	0	7298	0	2428	0	16576	914	16244	244	296	0	4004	1186	14782	1922	26694	0	0	182	170	0	0	0	0	0	526	3038	3728	402	0	0	0	
265872	Postcentral_L	27924	212	3368	530	0	0	2448	0	0	0	3566	0	476	0	0	0	7878	144	1814	716	0	0	0	0	0	0	0	0	5820	110	0	0	258	0	1144	330	1228	162	272	98	0	0	1284	0	276	0	466	0	480	0	6318	0	0	0	178	0	0	0	6818	0	21158	0	9696	0	2610	0	3710	0	10884	174	552	154	702	0	274	0	1656	212	2708	0	3140	0	136	0	552	0	0	0	300	0	0	0	0	0	0	0	0	0	0	0	0	0	0	0	0	0	0	0	0	0	0	0	0	0	0	0	
122292	Postcentral_R	78	11428	0	660	0	0	0	564	0	0	0	756	0	0	0	0	0	5414	196	1414	0	0	0	0	0	0	0	0	0	1698	0	0	0	2366	0	1626	0	292	0	0	0	0	0	810	0	494	0	1394	0	1094	0	170	0	0	0	0	0	0	0	2582	0	4428	0	7102	0	1294	212	5178	172	5558	0	278	0	456	0	0	104	188	0	156	0	182	0	0	0	494	0	0	0	1542	0	0	0	0	0	0	0	0	0	0	0	0	0	0	0	0	0	0	0	0	766	0	0	0	0	0	
104076	Parietal_Sup_L	240	0	0	0	0	0	0	0	0	0	0	0	0	0	0	0	204	0	0	0	0	0	0	0	0	0	0	0	0	0	0	0	88	0	0	0	0	0	0	0	0	0	152	0	1124	0	0	0	5348	0	13906	0	0	0	0	0	6818	0	0	0	9388	0	0	0	4116	0	7924	270	1886	0	0	0	0	0	0	0	0	0	0	0	0	0	0	0	310	0	0	0	264	0	0	0	0	0	0	0	0	0	0	0	0	0	0	0	0	0	0	0	0	0	0	0	0	0	0	0	
117868	Parietal_Sup_R	0	520	0	0	0	0	0	0	0	0	0	0	0	0	0	0	0	0	0	0	0	0	0	0	0	0	0	0	0	0	0	0	0	76	0	0	0	0	0	0	0	0	0	372	78	5728	0	0	0	10324	106	5348	0	0	0	0	0	2582	0	0	0	8978	0	790	0	10878	634	9882	0	396	0	0	0	0	0	0	0	0	0	0	0	364	0	0	0	1166	0	0	0	712	0	0	0	0	0	0	0	0	0	0	0	0	0	0	0	0	0	0	0	0	0	0	0	0	0	0	
193200	Parietal_Inf_L	1714	0	0	0	0	0	0	0	0	0	0	0	0	0	0	0	118	0	0	0	0	0	0	0	0	0	0	0	212	0	0	0	112	0	372	112	304	0	110	0	0	0	294	0	132	0	92	0	350	0	14964	0	0	0	280	0	21158	0	9388	0	0	0	11920	0	21284	0	1884	74	5794	0	0	0	0	0	0	0	0	0	82	0	578	0	0	0	3104	0	0	0	2168	0	0	0	0	0	0	0	0	0	0	0	0	0	0	0	0	0	0	0	0	0	0	0	0	0	0	0	
111512	Parietal_Inf_R	0	1118	0	0	0	0	0	0	0	0	0	0	0	0	0	0	0	0	0	92	0	0	0	0	0	0	0	0	0	0	0	0	0	182	0	0	0	0	0	0	0	0	0	0	0	680	0	0	0	2334	0	3564	0	0	0	0	0	4428	0	8978	0	0	0	4052	0	16676	318	2700	0	1008	0	0	0	0	0	0	0	0	0	0	0	1128	0	0	0	5502	0	0	0	2996	0	0	0	0	0	0	0	0	0	0	0	0	0	0	0	0	0	0	0	0	0	0	0	0	0	0	
115328	SupraMarginal_L	0	0	302	0	0	0	0	0	0	0	0	0	0	0	0	0	2256	0	168	0	0	0	0	0	0	0	0	0	2566	0	0	0	0	0	0	0	492	0	136	0	0	0	976	0	142	0	0	0	0	0	438	0	0	0	382	0	9696	0	0	0	11920	0	0	0	5826	0	112	0	1706	0	0	0	0	0	0	0	0	0	1700	0	9160	0	0	0	7288	0	0	0	2398	0	0	0	0	0	0	0	0	0	0	0	0	0	0	0	0	0	0	0	0	0	0	0	0	0	0	0	
56612	SupraMarginal_R	0	1776	0	0	0	0	0	0	0	0	0	0	0	0	0	0	0	1436	0	0	0	0	0	0	0	0	0	0	0	220	0	0	0	0	0	0	0	224	0	88	0	0	0	0	0	74	0	0	0	238	0	100	0	0	0	98	0	7102	0	790	0	4052	0	0	0	4094	0	216	0	94	0	72	0	0	0	0	0	0	0	102	0	2984	0	0	0	700	0	0	0	3846	0	0	0	0	0	0	0	0	0	0	0	0	0	0	0	0	0	0	0	0	0	0	0	0	0	0	
143644	Angular_L	134	0	0	0	0	0	0	0	0	0	0	0	0	0	0	0	0	0	0	0	0	0	0	0	0	0	0	0	0	0	0	0	182	0	188	0	0	0	0	0	0	0	72	0	90	0	0	0	528	0	18456	0	0	0	0	0	2610	0	4116	0	21284	0	5826	0	0	0	1836	0	4446	0	0	0	0	0	0	0	0	0	0	0	2264	0	0	0	7144	0	0	0	2646	0	0	0	0	0	0	0	0	0	0	0	0	0	0	0	0	0	0	0	0	0	0	0	0	0	0	0	
161828	Angular_R	0	974	0	0	0	0	0	0	0	0	0	0	0	0	0	0	0	114	0	78	0	0	0	0	0	0	0	0	0	102	0	0	0	574	0	0	0	110	0	0	0	0	0	0	0	1816	0	0	0	8382	0	13704	0	0	0	92	0	1294	0	10878	0	16676	0	4094	0	0	774	4694	0	850	0	0	0	0	0	0	0	0	0	0	0	2290	0	0	0	8146	0	0	0	5272	0	0	0	0	0	0	0	0	0	0	0	0	0	0	0	0	0	0	0	0	0	0	0	0	0	0	
308564	Precuneus_L	2840	364	0	0	0	0	104	0	0	0	0	0	0	0	0	0	732	0	0	544	0	0	0	0	0	0	0	0	278	0	0	0	3520	1534	12764	1716	4740	84	4144	0	0	0	18740	1790	10854	8472	8780	590	8068	5086	11620	1732	510	0	2124	0	3710	212	7924	634	1884	318	112	0	1836	774	0	13392	3470	764	0	0	0	0	0	0	236	0	240	0	546	0	0	0	3238	594	0	0	2126	378	0	0	0	0	0	0	0	0	0	0	0	0	0	0	0	0	0	0	0	0	164	0	0	0	0	0	
432304	Precuneus_R	1106	2440	188	90	0	0	162	0	0	0	0	0	0	0	0	0	82	438	120	3578	0	0	0	0	0	0	0	0	142	834	0	0	1146	8436	2614	11866	1218	7590	224	6200	0	0	370	16052	1730	25860	216	13044	180	31632	390	7160	0	296	186	3208	0	5178	270	9882	74	2700	0	216	0	4694	13392	0	376	9114	0	0	0	0	0	0	1934	0	254	334	96	590	0	0	124	9308	0	0	114	4692	0	0	0	0	0	0	0	230	0	0	0	0	0	0	0	0	0	0	0	0	3782	0	0	0	0	0	
220412	Paracentral_Lobule_L	11714	572	4748	1768	0	0	0	0	0	0	118	0	0	0	0	0	608	0	12446	9402	0	0	0	0	0	0	0	0	764	0	0	0	5938	2572	7986	466	714	0	402	0	0	0	802	0	356	0	206	0	1020	0	4258	0	0	0	0	0	10884	172	1886	0	5794	0	1706	0	4446	0	3470	376	0	4194	1262	164	1786	0	3046	0	1630	310	0	0	744	0	0	0	982	0	0	0	494	0	0	0	0	0	0	0	0	0	0	0	0	0	0	0	0	0	0	0	0	0	0	0	0	0	0	0	
260548	Paracentral_Lobule_R	9378	9116	2744	662	0	0	1546	0	0	0	0	0	0	0	0	0	130	146	2470	37394	0	0	0	0	0	0	0	0	344	192	0	0	1292	9786	936	7554	904	1300	364	878	0	0	0	880	0	978	0	808	0	3696	0	586	0	0	342	740	174	5558	0	396	0	1008	0	94	0	850	764	9114	4194	0	1402	478	600	0	334	0	6172	422	0	0	90	256	0	0	0	1428	0	0	94	1246	0	0	0	0	0	0	0	0	0	0	0	0	0	0	0	0	0	0	0	0	434	0	0	0	0	0	
366660	Caudate_L	5292	538	8188	2860	862	200	4000	1070	266	0	8604	2676	5122	684	1150	148	5668	2480	4986	3106	5880	8282	812	1510	168	140	3006	594	15390	4402	6072	3188	0	0	232	854	776	136	0	0	430	0	0	0	0	0	0	0	0	0	0	0	0	0	440	0	552	0	0	0	0	0	0	0	0	0	0	0	1262	1402	0	21598	22342	2492	2896	496	12440	1024	0	0	3150	0	1910	1238	0	0	0	0	316	0	0	0	0	0	0	0	0	0	0	0	0	0	0	0	0	0	0	0	0	0	0	0	0	0	0	0	
468848	Caudate_R	712	6868	2156	16380	216	3172	1356	2714	0	0	3162	6572	1638	4554	418	2138	962	6094	1064	14794	3758	8680	1004	8644	0	4380	2522	3614	3928	11002	3814	15880	0	142	0	246	88	2492	0	1664	266	130	0	0	0	0	0	334	0	0	0	0	0	0	0	1100	154	278	0	0	0	0	0	72	0	0	0	0	164	478	21598	0	10572	19118	426	2378	2086	24980	0	434	410	158	594	1532	0	106	0	0	0	228	0	0	0	0	0	0	0	0	0	0	0	0	0	0	0	0	0	0	0	0	0	0	0	0	0	0	
335112	Putamen_L	7118	80	16762	346	4008	184	4198	0	510	0	3418	106	1708	0	3572	74	830	140	6376	934	3662	6828	6142	168	666	140	3286	560	17940	336	9224	1766	0	0	0	0	8782	0	2886	0	1052	0	0	0	0	0	0	208	0	0	0	0	0	0	2828	0	702	0	0	0	0	0	0	0	0	0	0	0	1786	600	22342	10572	0	1412	6200	364	3918	178	0	0	644	0	498	0	92	0	0	0	1410	0	0	0	0	0	0	0	0	0	0	0	0	0	0	0	0	0	0	0	0	0	0	0	0	0	0	0	
358764	Putamen_R	284	1074	398	14704	0	4712	396	4706	0	208	1168	4520	1116	6356	0	2352	82	8702	520	6976	120	846	514	8862	0	3490	776	2324	1006	22608	1702	12210	0	170	260	308	0	12108	0	7768	0	2646	0	0	0	0	0	248	0	0	0	0	0	0	0	6528	0	456	0	0	0	0	0	0	0	0	0	0	0	0	2492	19118	1412	0	0	3270	354	4804	0	748	0	672	0	908	0	696	0	86	0	1598	0	0	0	0	0	0	0	0	0	0	0	0	0	0	0	0	0	0	0	0	0	0	0	0	0	0	
63740	Pallidum_L	4484	0	4314	0	0	0	566	0	0	0	108	0	0	0	0	0	346	0	4448	362	0	148	0	0	0	0	0	0	450	0	0	0	112	0	116	0	634	0	240	0	0	0	0	0	0	0	0	0	0	0	0	0	0	0	72	0	274	0	0	0	0	0	0	0	0	0	0	0	3046	334	2896	426	6200	0	0	0	2160	0	0	0	134	0	0	0	0	0	0	0	0	0	0	0	0	0	0	0	0	0	0	0	0	0	0	0	0	0	0	0	0	0	0	0	0	0	0	0	
31844	Pallidum_R	0	112	0	822	0	0	0	240	0	0	0	178	0	148	0	0	0	1662	0	1138	0	0	0	74	0	0	0	0	0	1450	0	216	0	0	0	0	0	1222	0	1076	0	0	0	0	0	0	0	0	0	0	0	0	0	0	0	506	0	0	0	0	0	0	0	0	0	0	0	0	0	0	496	2378	364	3270	0	0	0	110	0	460	0	0	0	0	0	0	0	0	0	0	0	0	0	0	0	0	0	0	0	0	0	0	0	0	0	0	0	0	0	0	0	0	0	0	0	0	
314568	Thalamus_L	16812	1684	8640	2108	0	0	5272	306	0	0	2270	0	344	0	0	0	4530	488	1662	8338	0	0	0	0	0	0	0	0	8800	516	0	0	0	0	7360	9922	12374	6558	1896	4196	0	82	420	0	72	0	130	1022	0	0	168	0	156	0	2892	408	1656	104	0	0	0	0	0	0	0	0	236	1934	1630	6172	12440	2086	3918	354	2160	0	0	8168	964	0	2554	0	332	0	702	0	0	0	2064	0	0	0	0	0	0	0	0	0	0	0	0	0	0	0	0	0	0	0	0	0	384	0	0	0	0	0	
214392	Thalamus_R	2506	8404	462	8974	0	82	270	292	0	0	172	426	0	230	0	188	130	3878	266	9140	146	444	0	0	0	0	0	116	294	3976	0	0	0	0	1872	3540	230	8146	0	4698	0	530	0	0	0	0	0	1184	0	0	0	0	0	100	0	4232	212	188	0	0	0	0	0	0	0	0	0	0	310	422	1024	24980	178	4804	0	110	8168	0	0	430	106	128	0	0	0	172	0	0	0	934	0	0	0	0	0	0	0	102	0	0	0	0	0	0	0	0	0	0	0	0	0	0	0	0	0	0	
72104	Heschl_L	2234	0	496	0	0	0	1288	0	0	0	454	0	104	0	0	0	4120	0	226	0	0	0	0	0	0	0	0	0	6800	0	0	0	0	0	728	510	3156	452	374	302	0	0	592	0	0	0	88	0	0	0	724	0	0	0	406	0	2708	0	0	0	82	0	1700	0	0	0	240	254	0	0	0	0	0	0	0	0	964	0	0	0	4854	0	302	0	1478	0	0	0	416	0	0	0	0	0	0	0	0	0	0	0	0	0	0	0	0	0	0	0	0	0	0	0	0	0	0	0	
58232	Heschl_R	158	586	0	944	0	0	0	864	0	0	0	90	0	0	0	0	0	5190	106	464	0	0	0	0	0	0	0	0	0	4908	0	0	0	0	142	284	0	2618	0	1616	0	0	0	136	0	0	0	622	0	0	0	0	0	0	0	1488	0	156	0	0	0	0	0	102	0	0	0	334	0	0	0	434	0	748	0	460	0	430	0	0	0	4946	0	0	0	666	0	0	0	624	0	0	0	0	0	0	0	0	0	0	0	0	0	0	0	0	0	0	0	0	0	0	0	0	0	0	
232676	Temporal_Sup_L	2560	120	1942	252	0	0	2138	208	0	0	5170	424	254	98	0	0	12316	242	590	260	0	0	0	82	0	0	0	0	12466	532	0	130	0	0	606	226	4986	196	878	130	0	0	1320	0	376	0	114	0	130	0	1344	0	0	0	2972	0	3140	0	0	0	578	0	9160	0	2264	0	546	96	744	90	3150	410	644	0	134	0	2554	106	4854	0	0	0	5366	270	21610	0	146	0	7414	0	0	0	0	0	0	0	0	0	0	0	0	0	0	0	0	0	0	0	0	0	0	0	0	0	0	0	
107852	Temporal_Sup_R	282	160	0	590	0	0	0	0	0	0	0	634	0	0	0	0	0	2416	0	626	0	0	0	0	0	0	0	0	0	4204	0	0	0	78	292	564	0	2600	0	1918	0	0	0	120	0	84	0	614	0	522	0	304	0	0	0	2108	0	182	0	364	0	1128	0	2984	0	2290	0	590	0	256	0	158	0	672	0	0	0	128	0	4946	0	0	0	2278	0	13472	0	404	0	5958	0	0	0	0	0	0	0	0	0	0	0	0	0	0	0	0	0	0	0	0	0	0	0	0	0	0	
120200	Temporal_Pole_Sup_L	908	0	2020	374	270	0	1668	186	118	0	5734	536	876	128	2646	0	5172	320	472	258	560	0	184	118	0	0	0	0	8884	710	394	188	0	0	0	0	1772	0	928	0	1414	0	0	0	0	0	0	0	0	0	0	0	0	0	2810	0	136	0	0	0	0	0	0	0	0	0	0	0	0	0	1910	594	498	0	0	0	332	0	302	0	5366	0	0	348	3524	0	3880	0	3562	0	0	0	0	0	0	0	0	0	0	0	0	0	0	0	0	0	0	0	0	0	0	0	0	0	0	0	
102752	Temporal_Pole_Sup_R	0	0	822	1542	0	0	386	170	0	0	864	7074	310	846	0	180	624	1410	764	1570	0	0	74	0	0	0	0	0	926	8142	162	700	0	142	0	0	0	726	0	996	0	1776	0	0	0	0	0	0	0	0	0	0	0	0	0	4062	0	0	0	0	0	0	0	0	0	0	0	0	0	0	1238	1532	0	908	0	0	0	0	0	0	270	2278	348	0	0	2884	0	4924	0	2726	0	0	0	0	0	0	0	0	0	0	0	0	0	0	0	0	0	0	0	0	0	0	0	0	0	0	
276408	Temporal_Mid_L	476	0	74	0	0	0	324	0	0	0	0	0	0	0	0	0	1360	0	0	0	0	0	0	0	0	0	0	0	2358	0	0	0	0	0	1452	0	5092	0	1844	0	0	0	4384	0	774	0	396	0	1132	0	18996	0	2710	0	6920	0	552	0	310	0	3104	0	7288	0	7144	0	3238	124	982	0	0	0	92	0	0	0	702	0	1478	0	21610	0	3524	0	0	0	3398	0	36366	0	0	0	0	0	0	0	0	0	0	0	0	0	0	0	0	0	0	0	0	0	0	0	0	0	0	0	
269528	Temporal_Mid_R	94	1162	0	210	0	0	0	0	0	0	0	250	0	0	0	0	0	510	0	1324	0	0	0	0	0	0	0	0	0	2548	0	0	0	532	86	514	0	5002	0	2930	0	702	0	2010	0	2484	0	1406	0	9336	0	11632	0	1402	0	7298	0	494	0	1166	0	5502	0	700	0	8146	594	9308	0	1428	0	106	0	696	0	0	0	172	0	666	0	13472	0	2884	0	0	0	2516	0	34876	0	0	0	0	0	0	0	0	0	0	0	0	0	0	0	0	0	0	0	0	606	0	0	0	0	0	
32252	Temporal_Pole_Mid_L	0	0	0	0	0	0	0	0	0	0	0	0	0	0	0	0	0	0	0	0	0	0	0	0	0	0	0	0	122	0	0	0	0	0	0	0	506	0	868	0	578	0	0	0	0	0	0	0	0	0	0	0	0	0	2414	0	0	0	0	0	0	0	0	0	0	0	0	0	0	0	0	0	0	0	0	0	0	0	0	0	146	0	3880	0	3398	0	0	0	4214	0	0	0	0	0	0	0	0	0	0	0	0	0	0	0	0	0	0	0	0	0	0	0	0	0	0	0	
32900	Temporal_Pole_Mid_R	0	0	0	170	0	0	0	0	0	0	0	302	0	0	0	0	0	202	0	162	0	0	0	0	0	0	0	0	0	562	0	0	0	0	0	0	0	164	0	714	0	626	0	0	0	0	0	0	0	0	0	0	0	0	0	2428	0	0	0	0	0	0	0	0	0	0	0	0	0	0	0	0	0	86	0	0	0	0	0	0	0	404	0	4924	0	2516	0	0	0	3190	0	0	0	0	0	0	0	0	0	0	0	0	0	0	0	0	0	0	0	0	0	0	0	0	0	0	
274964	Temporal_Inf_L	300	0	764	0	90	0	362	0	0	0	212	0	132	0	0	0	580	0	1036	94	0	0	0	0	0	0	0	0	7486	0	0	0	0	0	838	0	15746	0	2758	0	1480	0	3634	0	778	0	356	0	110	0	3404	0	3582	0	23450	0	300	0	264	0	2168	0	2398	0	2646	0	2126	114	494	94	316	0	1410	0	0	0	2064	0	416	0	7414	0	3562	0	36366	0	4214	0	0	0	2284	0	0	0	0	0	228	0	1412	0	0	0	0	0	0	0	0	0	0	0	0	0	0	0	0	0	
244912	Temporal_Inf_R	302	818	0	0	0	0	0	0	0	0	0	0	0	0	0	0	0	368	0	800	0	0	0	0	0	0	0	0	0	2596	0	0	0	424	370	1054	0	8812	0	4642	0	750	0	752	0	1224	0	1278	0	3996	0	1800	0	3726	0	16576	0	1542	0	712	0	2996	0	3846	0	5272	378	4692	0	1246	0	228	0	1598	0	0	0	934	0	624	0	5958	0	2726	0	34876	0	3190	0	0	0	822	0	0	0	0	0	0	0	98	0	0	0	0	0	0	0	0	0	0	430	0	0	0	0	0	
484316	Cerebelum_Crus1_L	0	0	0	0	0	0	0	0	0	0	0	0	0	0	0	0	0	0	0	0	0	0	0	0	0	0	0	0	0	0	0	0	0	0	0	0	168	0	1360	0	0	0	0	0	0	0	8616	2088	0	0	106	0	168	0	19246	914	0	0	0	0	0	0	0	0	0	0	0	0	0	0	0	0	0	0	0	0	0	0	0	0	0	0	0	0	0	0	0	0	2284	0	0	5374	33552	3230	1698	990	23668	3260	55472	7990	11628	382	23534	3978	4506	1014	928	542	92	184	7532	8250	7754	694	842	114	
356040	Cerebelum_Crus1_R	0	0	0	0	0	0	0	0	0	0	0	0	0	0	0	0	0	0	0	0	0	0	0	0	0	0	0	0	0	0	0	0	0	0	0	0	0	198	0	622	0	0	0	0	0	0	1216	2052	0	0	0	0	0	98	966	16244	0	0	0	0	0	0	0	0	0	0	0	0	0	0	0	0	0	0	0	0	0	0	0	0	0	0	0	0	0	0	0	0	0	822	5374	0	792	28010	326	2818	1884	10124	7550	41650	534	6596	1956	20124	674	1454	88	2864	0	788	2918	11976	6322	506	474	0	
318500	Cerebelum_Crus2_L	0	0	0	0	0	0	0	0	0	0	0	0	0	0	0	0	0	0	0	0	0	0	0	0	0	0	0	0	0	0	0	0	0	0	0	0	0	0	100	0	0	0	0	0	0	0	1342	504	0	0	0	0	0	0	1518	244	0	0	0	0	0	0	0	0	0	0	0	0	0	0	0	0	0	0	0	0	0	0	0	0	0	0	0	0	0	0	0	0	0	0	33552	792	0	9256	214	280	3628	1036	10188	1224	35886	4776	32770	3448	1690	632	618	214	0	0	1872	1090	9220	3014	142	0	
301664	Cerebelum_Crus2_R	0	0	0	0	0	0	0	0	0	0	0	0	0	0	0	0	0	0	0	0	0	0	0	0	0	0	0	0	0	0	0	0	0	0	0	0	0	0	0	0	0	0	0	0	0	0	228	160	0	0	0	0	0	0	138	296	0	0	0	0	0	0	0	0	0	0	0	0	0	0	0	0	0	0	0	0	0	0	0	0	0	0	0	0	0	0	0	0	0	0	3230	28010	9256	0	0	104	280	1204	1772	5972	6956	22504	6642	36962	892	3076	0	3168	0	0	0	1574	14408	3504	496	0	
51400	Cerebelum_3_L	0	0	0	0	0	0	0	0	0	0	0	0	0	0	0	0	0	0	0	0	0	0	0	0	0	0	0	0	0	0	0	0	0	0	0	0	102	0	204	0	0	0	0	0	0	0	90	136	0	0	0	0	0	0	122	0	0	0	0	0	0	0	0	0	0	0	0	0	0	0	0	0	0	0	0	0	0	0	0	0	0	0	0	0	0	0	0	0	0	0	1698	326	214	0	0	210	7484	448	3008	704	184	0	1042	100	1784	130	72	0	866	2168	2688	900	332	182	318	188	
98972	Cerebelum_3_R	0	0	0	0	0	0	0	0	0	0	0	0	0	0	0	0	0	0	0	0	0	0	0	0	0	0	0	0	0	0	0	0	0	0	0	0	0	0	0	0	0	0	0	0	0	0	654	218	0	0	0	0	0	0	76	4004	0	0	0	0	0	0	0	0	0	0	0	0	0	0	0	0	0	0	0	0	0	0	0	0	0	0	0	0	0	0	0	0	0	0	990	2818	280	104	210	0	2416	10846	1760	10340	102	0	412	224	308	592	0	0	590	4048	5106	1176	410	588	786	428	
344516	Cerebelum_4_5_L	0	0	0	0	0	0	0	0	0	0	0	0	0	0	0	0	0	0	0	0	0	0	0	0	0	0	0	0	0	0	0	0	0	0	0	0	412	0	2228	0	0	0	0	0	0	0	9384	3410	0	0	0	0	112	0	13896	1186	0	0	0	0	0	0	0	0	0	0	0	0	0	0	0	0	0	0	0	0	0	0	0	0	0	0	0	0	0	0	0	0	228	0	23668	1884	3628	280	7484	2416	0	7568	37392	6088	1892	0	6692	352	4872	880	442	0	1386	1828	19578	6600	1170	590	2042	2670	
262216	Cerebelum_4_5_R	0	0	0	0	0	0	0	0	0	0	0	0	0	0	0	0	0	0	0	0	0	0	0	0	0	0	0	0	0	0	0	0	0	0	0	74	0	474	0	1002	0	0	0	0	0	0	2914	4844	0	0	0	0	0	0	708	14782	0	0	0	0	0	0	0	0	0	0	0	230	0	0	0	0	0	0	0	0	0	102	0	0	0	0	0	0	0	0	0	0	0	0	3260	10124	1036	1204	448	10846	7568	0	6212	28390	466	0	2888	3186	1090	3616	0	88	146	2100	13250	3114	1652	2888	1984	422	
492988	Cerebelum_6_L	0	0	0	0	0	0	0	0	0	0	0	0	0	0	0	0	0	0	0	0	0	0	0	0	0	0	0	0	0	0	0	0	0	0	0	0	200	0	1818	0	0	0	164	0	0	0	14498	4652	0	0	134	0	330	122	25040	1922	0	0	0	0	0	0	0	0	0	0	0	0	0	0	0	0	0	0	0	0	0	0	0	0	0	0	0	0	0	0	0	0	1412	0	55472	7550	10188	1772	3008	1760	37392	6212	0	12710	4574	80	11080	1366	3432	990	494	150	274	466	14484	15274	4436	802	1460	776	
416332	Cerebelum_6_R	0	0	0	0	0	0	0	0	0	0	0	0	0	0	0	0	0	0	0	0	0	0	0	0	0	0	0	0	0	0	0	0	0	0	0	0	0	242	0	806	0	0	0	596	0	0	2990	6352	0	0	0	0	0	918	1774	26694	0	0	0	0	0	0	0	0	0	0	0	0	0	0	0	0	0	0	0	0	0	0	0	0	0	0	0	0	0	0	0	0	0	98	7990	41650	1224	5972	704	10340	6088	28390	12710	0	704	638	3484	4874	1676	1324	160	676	92	1958	10670	17438	6122	1012	1644	156	
249428	Cerebelum_7b_L	0	0	0	0	0	0	0	0	0	0	0	0	0	0	0	0	0	0	0	0	0	0	0	0	0	0	0	0	0	0	0	0	0	0	0	0	0	0	74	0	0	0	0	0	0	0	128	86	0	0	0	0	0	0	186	0	0	0	0	0	0	0	0	0	0	0	0	0	0	0	0	0	0	0	0	0	0	0	0	0	0	0	0	0	0	0	0	0	0	0	11628	534	35886	6956	184	102	1892	466	4574	704	0	3494	36538	4246	1946	670	338	192	0	0	654	538	8530	3986	182	0	
130444	Cerebelum_7b_R	0	0	0	0	0	0	0	0	0	0	0	0	0	0	0	0	0	0	0	0	0	0	0	0	0	0	0	0	0	0	0	0	0	0	0	0	0	0	0	0	0	0	0	0	0	0	0	0	0	0	0	0	0	0	0	0	0	0	0	0	0	0	0	0	0	0	0	0	0	0	0	0	0	0	0	0	0	0	0	0	0	0	0	0	0	0	0	0	0	0	382	6596	4776	22504	0	0	0	0	80	638	3494	0	2146	16908	0	876	0	290	0	0	0	0	4812	1720	0	0	
407852	Cerebelum_8_L	0	0	0	0	0	0	0	0	0	0	0	0	0	0	0	0	0	0	0	0	0	0	0	0	0	0	0	0	0	0	0	0	0	0	0	0	0	0	122	0	0	0	0	0	0	0	336	304	0	0	0	0	0	0	610	182	0	0	0	0	0	0	0	0	0	0	0	0	0	0	0	0	0	0	0	0	0	0	0	0	0	0	0	0	0	0	0	0	0	0	23534	1956	32770	6642	1042	412	6692	2888	11080	3484	36538	2146	0	10246	21788	6050	2676	656	74	148	2576	2704	11468	9744	4702	356	
312840	Cerebelum_8_R	0	0	0	0	0	0	0	0	0	0	0	0	0	0	0	0	0	0	0	0	0	0	0	0	0	0	0	0	0	0	0	0	0	0	0	0	0	0	0	0	0	0	0	0	0	0	222	0	0	0	0	0	0	0	0	170	0	0	0	0	0	0	0	0	0	0	0	0	0	0	0	0	0	0	0	0	0	0	0	0	0	0	0	0	0	0	0	0	0	0	3978	20124	3448	36962	100	224	352	3186	1366	4874	4246	16908	10246	0	3162	18488	130	4992	0	94	180	880	11618	7668	2802	0	
152628	Cerebelum_9_L	0	0	0	0	0	0	0	0	0	0	0	0	0	0	0	0	0	0	0	0	0	0	0	0	0	0	0	0	0	0	0	0	0	0	0	0	0	0	74	0	0	0	0	0	0	0	0	0	0	0	0	0	0	0	480	0	0	0	0	0	0	0	0	0	0	0	0	0	0	0	0	0	0	0	0	0	0	0	0	0	0	0	0	0	0	0	0	0	0	0	4506	674	1690	892	1784	308	4872	1090	3432	1676	1946	0	21788	3162	0	5008	3964	270	414	316	1538	2290	3306	4220	5314	1300	
145388	Cerebelum_9_R	0	0	0	0	0	0	0	0	0	0	0	0	0	0	0	0	0	0	0	0	0	0	0	0	0	0	0	0	0	0	0	0	0	0	0	0	0	0	0	0	0	0	0	0	0	0	0	0	0	0	0	0	0	0	102	0	0	0	0	0	0	0	0	0	0	0	0	0	0	0	0	0	0	0	0	0	0	0	0	0	0	0	0	0	0	0	0	0	0	0	1014	1454	632	3076	130	592	880	3616	990	1324	670	876	6050	18488	5008	0	0	2042	680	528	778	1436	4524	7902	7904	1998	
20624	Cerebelum_10_L	0	0	0	0	0	0	0	0	0	0	0	0	0	0	0	0	0	0	0	0	0	0	0	0	0	0	0	0	0	0	0	0	0	0	0	0	0	0	0	0	0	0	0	0	0	0	0	0	0	0	0	0	0	0	0	0	0	0	0	0	0	0	0	0	0	0	0	0	0	0	0	0	0	0	0	0	0	0	0	0	0	0	0	0	0	0	0	0	0	0	928	88	618	0	72	0	442	0	494	160	338	0	2676	130	3964	0	0	0	0	0	0	146	256	0	0	0	
34944	Cerebelum_10_R	0	0	0	0	0	0	0	0	0	0	0	0	0	0	0	0	0	0	0	0	0	0	0	0	0	0	0	0	0	0	0	0	0	0	0	0	0	0	0	0	0	0	0	0	0	0	0	0	0	0	0	0	0	0	0	0	0	0	0	0	0	0	0	0	0	0	0	0	0	0	0	0	0	0	0	0	0	0	0	0	0	0	0	0	0	0	0	0	0	0	542	2864	214	3168	0	0	0	88	150	676	192	290	656	4992	270	2042	0	0	0	0	0	0	920	248	160	0	
26688	Vermis_1_2	0	0	0	0	0	0	0	0	0	0	0	0	0	0	0	0	0	0	0	0	0	0	0	0	0	0	0	0	0	0	0	0	0	0	0	0	0	0	0	0	0	0	0	0	0	0	0	0	0	0	0	0	0	0	0	0	0	0	0	0	0	0	0	0	0	0	0	0	0	0	0	0	0	0	0	0	0	0	0	0	0	0	0	0	0	0	0	0	0	0	92	0	0	0	866	590	1386	146	274	92	0	0	74	0	414	680	0	0	0	3168	1862	998	256	444	968	1034	
47796	Vermis_3	0	0	0	0	0	0	0	0	0	0	0	0	0	0	0	0	0	0	0	0	0	0	0	0	0	0	0	0	0	0	0	0	0	0	0	0	0	0	0	0	0	0	0	0	0	0	116	138	0	0	0	0	0	0	0	526	0	0	0	0	0	0	0	0	0	0	0	0	0	0	0	0	0	0	0	0	0	0	0	0	0	0	0	0	0	0	0	0	0	0	184	788	0	0	2168	4048	1828	2100	466	1958	0	0	148	94	316	528	0	0	3168	0	2662	656	272	412	778	544	
