data	data	517944	212260	964040	733308	110152	73528	508120	252112	58244	9164	287212	120240	255744	106476	152148	44180	259068	66480	727728	599660	72580	60804	343428	339392	28368	60708	59364	52264	662224	247360	281020	304528	64828	360572	112988	137720	230532	260484	78508	123620	38184	35976	246012	247808	202148	309800	194140	174996	179236	353052	476924	205896	179684	44212	373224	236744	334560	267032	107192	119676	232808	118892	84236	83680	124764	86044	219960	354836	158320	213236	269060	372004	306692	299944	47024	15500	119064	224756	111200	17020	204876	69364	77916	37408	349340	155608	27588	15856	326788	131932	390576	400480	300204	276664	25912	73952	264576	205144	362228	387584	227992	168884	246736	322140	93504	158992	36752	8544	22864	66848	201036	180168	185052	106176	119868	33628	
data	data	Precentral_L	Precentral_R	Frontal_Sup_L	Frontal_Sup_R	Frontal_Sup_Orb_L	Frontal_Sup_Orb_R	Frontal_Mid_L	Frontal_Mid_R	Frontal_Mid_Orb_L	Frontal_Mid_Orb_R	Frontal_Inf_Oper_L	Frontal_Inf_Oper_R	Frontal_Inf_Tri_L	Frontal_Inf_Tri_R	Frontal_Inf_Orb_L	Frontal_Inf_Orb_R	Rolandic_Oper_L	Rolandic_Oper_R	Supp_Motor_Area_L	Supp_Motor_Area_R	Olfactory_L	Olfactory_R	Frontal_Sup_Medial_L	Frontal_Sup_Medial_R	Frontal_Med_Orb_L	Frontal_Med_Orb_R	Rectus_L	Rectus_R	Insula_L	Insula_R	Cingulum_Ant_L	Cingulum_Ant_R	Cingulum_Mid_L	Cingulum_Mid_R	Cingulum_Post_L	Cingulum_Post_R	Hippocampus_L	Hippocampus_R	ParaHippocampal_L	ParaHippocampal_R	Amygdala_L	Amygdala_R	Calcarine_L	Calcarine_R	Cuneus_L	Cuneus_R	Lingual_L	Lingual_R	Occipital_Sup_L	Occipital_Sup_R	Occipital_Mid_L	Occipital_Mid_R	Occipital_Inf_L	Occipital_Inf_R	Fusiform_L	Fusiform_R	Postcentral_L	Postcentral_R	Parietal_Sup_L	Parietal_Sup_R	Parietal_Inf_L	Parietal_Inf_R	SupraMarginal_L	SupraMarginal_R	Angular_L	Angular_R	Precuneus_L	Precuneus_R	Paracentral_Lobule_L	Paracentral_Lobule_R	Caudate_L	Caudate_R	Putamen_L	Putamen_R	Pallidum_L	Pallidum_R	Thalamus_L	Thalamus_R	Heschl_L	Heschl_R	Temporal_Sup_L	Temporal_Sup_R	Temporal_Pole_Sup_L	Temporal_Pole_Sup_R	Temporal_Mid_L	Temporal_Mid_R	Temporal_Pole_Mid_L	Temporal_Pole_Mid_R	Temporal_Inf_L	Temporal_Inf_R	Cerebelum_Crus1_L	Cerebelum_Crus1_R	Cerebelum_Crus2_L	Cerebelum_Crus2_R	Cerebelum_3_L	Cerebelum_3_R	Cerebelum_4_5_L	Cerebelum_4_5_R	Cerebelum_6_L	Cerebelum_6_R	Cerebelum_7b_L	Cerebelum_7b_R	Cerebelum_8_L	Cerebelum_8_R	Cerebelum_9_L	Cerebelum_9_R	Cerebelum_10_L	Cerebelum_10_R	Vermis_1_2	Vermis_3	Vermis_4_5	Vermis_6	Vermis_7	Vermis_8	Vermis_9	Vermis_10	
517944	Precentral_L	0	2374	26296	1344	0	0	23152	530	0	0	10410	0	1466	0	0	0	12814	0	19208	9992	0	0	0	0	0	0	0	0	19800	0	630	110	234	3620	240	0	12010	116	2188	0	0	0	0	0	104	0	142	0	108	0	2234	0	1056	0	1452	0	28930	462	146	0	2280	0	590	0	546	0	146	0	11574	1912	3304	7472	8368	0	2784	0	16294	6546	5952	0	3762	0	0	0	3466	0	0	0	2808	0	0	0	0	0	0	0	0	0	0	0	0	0	0	0	0	0	0	0	0	0	0	0	0	0	0	0	
212260	Precentral_R	2374	0	1302	10622	0	0	122	6918	0	0	0	974	0	0	0	0	0	1664	1344	4494	0	0	0	0	0	0	0	0	0	2996	0	0	230	1402	604	482	706	8966	412	1224	0	0	0	330	166	694	0	274	0	750	0	338	0	0	184	432	114	19814	0	358	0	3566	0	4192	0	132	120	1622	2194	4496	0	1882	0	2174	0	222	304	12104	0	298	0	718	0	0	0	646	0	0	0	850	0	0	0	0	0	0	182	0	0	0	0	0	0	0	0	0	0	0	0	0	138	0	0	0	0	0	
964040	Frontal_Sup_L	26296	1302	0	12622	7004	0	63556	1128	4206	0	20886	312	14168	178	8304	0	12900	0	94564	16094	832	214	36174	5674	1772	0	916	0	45080	280	18104	3954	738	6160	0	0	3814	162	156	0	0	0	0	0	0	0	0	0	0	0	0	0	0	0	366	0	2184	278	0	0	0	0	0	0	0	0	0	0	5200	0	15484	5960	27304	244	3114	0	7240	1552	766	0	2836	0	1152	0	96	0	0	0	694	0	0	0	0	0	0	0	0	0	0	0	0	0	0	0	0	0	0	0	0	0	0	0	0	0	0	0	
733308	Frontal_Sup_R	1344	10622	12622	0	0	5194	722	32568	0	120	400	6732	134	7276	0	2014	0	2028	18610	60140	0	0	10208	36934	0	1474	0	202	828	12620	3512	23684	310	16022	372	138	498	8512	466	1642	0	0	0	0	0	0	0	0	0	0	0	0	0	0	114	316	0	942	0	0	0	0	0	0	0	0	0	0	444	0	6944	31430	1306	24226	0	1936	660	19958	0	0	0	110	0	320	0	0	0	0	0	0	0	0	0	0	0	0	0	0	0	0	0	0	0	0	0	0	0	0	0	0	0	0	0	0	0	0	
110152	Frontal_Sup_Orb_L	0	0	7004	0	0	0	1320	0	6982	0	0	0	134	0	7924	0	0	0	136	0	3064	1192	1972	96	3512	708	7192	454	2928	0	2690	200	0	0	0	0	0	0	0	0	104	0	0	0	0	0	0	0	0	0	0	0	0	0	0	0	0	0	0	0	0	0	0	0	0	0	0	0	0	0	3424	474	3566	0	0	0	0	0	0	0	0	0	0	0	0	0	0	0	0	0	0	0	0	0	0	0	0	0	0	0	0	0	0	0	0	0	0	0	0	0	0	0	0	0	0	0	
73528	Frontal_Sup_Orb_R	0	0	0	5194	0	0	0	4274	0	2296	0	0	0	0	0	2348	0	0	0	0	0	556	168	3218	0	5530	0	5508	0	556	254	2234	0	0	0	0	0	0	0	0	0	0	0	0	0	0	0	0	0	0	0	0	0	0	0	0	0	0	0	0	0	0	0	0	0	0	0	0	0	0	100	2990	0	1538	0	0	0	0	0	0	0	0	0	0	0	0	0	0	0	0	0	0	0	0	0	0	0	0	0	0	0	0	0	0	0	0	0	0	0	0	0	0	0	0	0	0	
508120	Frontal_Mid_L	23152	122	63556	722	1320	0	0	234	3922	0	13072	0	34102	0	13428	0	4370	0	10312	296	602	0	13210	1132	0	0	436	0	38896	0	5150	324	336	588	0	0	3176	0	310	0	0	0	0	0	0	0	0	0	0	0	180	0	180	0	416	0	3292	0	0	0	0	0	0	0	0	0	0	0	0	0	1296	768	9206	0	466	0	706	416	1700	0	618	0	782	0	510	0	0	0	756	0	0	0	0	0	0	0	0	0	0	0	0	0	0	0	0	0	0	0	0	0	0	0	0	0	0	0	
252112	Frontal_Mid_R	530	6918	1128	32568	0	4274	234	0	0	1530	0	10254	0	13498	0	3524	0	2576	1182	4030	0	0	1428	3460	0	0	0	0	210	10142	248	1066	0	1538	0	0	0	5810	0	808	0	0	0	0	0	0	0	0	0	0	0	0	0	0	0	136	0	888	0	0	0	0	0	0	0	0	0	0	0	0	1482	3542	282	10368	0	268	0	1612	0	164	0	228	0	130	0	0	0	0	0	0	0	0	0	0	0	0	0	0	0	0	0	0	0	0	0	0	0	0	0	0	0	0	0	0	0	0	
58244	Frontal_Mid_Orb_L	0	0	4206	0	6982	0	3922	0	0	0	0	0	528	0	11712	0	0	0	0	0	0	0	0	0	396	0	450	0	394	0	134	0	0	0	0	0	0	0	0	0	0	0	0	0	0	0	0	0	0	0	0	0	0	0	0	0	0	0	0	0	0	0	0	0	0	0	0	0	0	0	0	0	398	0	0	0	0	0	0	0	0	0	0	0	0	0	0	0	0	0	0	0	0	0	0	0	0	0	0	0	0	0	0	0	0	0	0	0	0	0	0	0	0	0	0	0	
9164	Frontal_Mid_Orb_R	0	0	0	120	0	2296	0	1530	0	0	0	0	0	0	0	490	0	0	0	0	0	0	0	0	0	0	0	146	0	0	0	0	0	0	0	0	0	0	0	0	0	0	0	0	0	0	0	0	0	0	0	0	0	0	0	0	0	0	0	0	0	0	0	0	0	0	0	0	0	0	0	0	0	0	0	0	0	0	0	0	0	0	0	0	0	0	0	0	0	0	0	0	0	0	0	0	0	0	0	0	0	0	0	0	0	0	0	0	0	0	0	0	0	0	0	0	
287212	Frontal_Inf_Oper_L	10410	0	20886	400	0	0	13072	0	0	0	0	0	19300	0	196	0	14976	0	15960	336	0	0	2516	134	0	0	0	0	27450	0	6302	424	196	248	0	0	214	0	0	0	0	0	0	0	0	0	0	0	0	0	0	0	0	0	0	0	2762	0	0	0	0	0	0	0	0	0	0	0	0	0	734	0	1148	0	0	0	0	0	1100	0	2954	0	1888	0	0	0	0	0	0	0	0	0	0	0	0	0	0	0	0	0	0	0	0	0	0	0	0	0	0	0	0	0	0	0	0	0	
120240	Frontal_Inf_Oper_R	0	974	312	6732	0	0	0	10254	0	0	0	0	0	5402	0	0	0	3450	378	1724	0	0	122	946	0	0	0	0	174	19832	146	362	0	126	0	0	0	774	0	150	0	0	0	0	0	0	0	0	0	0	0	0	0	0	0	0	0	422	0	0	0	0	0	0	0	0	0	0	0	0	722	732	142	5158	0	0	0	314	0	0	0	120	0	652	0	0	0	0	0	0	0	0	0	0	0	0	0	0	0	0	0	0	0	0	0	0	0	0	0	0	0	0	0	0	0	0	
255744	Frontal_Inf_Tri_L	1466	0	14168	134	134	0	34102	0	528	0	19300	0	0	0	9154	0	2130	0	7776	0	0	0	4104	334	0	0	0	0	26422	0	3816	238	558	114	0	0	0	0	0	0	0	0	0	0	0	0	0	0	0	0	0	0	0	0	0	0	290	0	0	0	0	0	0	0	0	0	0	0	0	0	382	0	1548	0	0	0	0	0	0	0	252	0	922	0	0	0	0	0	0	0	0	0	0	0	0	0	0	0	0	0	0	0	0	0	0	0	0	0	0	0	0	0	0	0	0	0	
106476	Frontal_Inf_Tri_R	0	0	178	7276	0	0	0	13498	0	0	0	5402	0	0	0	2126	0	266	264	1692	0	0	982	2438	0	0	0	0	0	10170	0	650	0	1330	0	0	0	876	0	0	0	0	0	0	0	0	0	0	0	0	0	0	0	0	0	0	0	0	0	0	0	0	0	0	0	0	0	0	0	0	128	654	0	5308	0	0	0	0	0	0	0	0	0	0	0	0	0	0	0	0	0	0	0	0	0	0	0	0	0	0	0	0	0	0	0	0	0	0	0	0	0	0	0	0	0	0	
152148	Frontal_Inf_Orb_L	0	0	8304	0	7924	0	13428	0	11712	0	196	0	9154	0	0	0	0	0	554	0	2062	764	0	0	0	0	2308	316	9708	0	294	180	0	0	0	0	234	0	0	0	276	0	0	0	0	0	0	0	0	0	0	0	0	0	0	0	0	0	0	0	0	0	0	0	0	0	0	0	0	0	1520	298	2640	0	0	0	0	0	0	0	838	0	1916	0	894	0	0	0	554	0	0	0	0	0	0	0	0	0	0	0	0	0	0	0	0	0	0	0	0	0	0	0	0	0	0	0	
44180	Frontal_Inf_Orb_R	0	0	0	2014	0	2348	0	3524	0	490	0	0	0	2126	0	0	0	0	0	110	0	430	0	0	0	0	0	546	0	3904	0	0	0	0	0	0	0	440	0	114	0	0	0	0	0	0	0	0	0	0	0	0	0	0	0	804	0	0	0	0	0	0	0	0	0	0	0	0	0	0	142	700	0	2646	0	0	0	0	0	0	0	0	0	1256	0	142	0	0	0	354	0	0	0	0	0	0	0	0	0	0	0	0	0	0	0	0	0	0	0	0	0	0	0	0	0	0	
259068	Rolandic_Oper_L	12814	0	12900	0	0	0	4370	0	0	0	14976	0	2130	0	0	0	0	0	10416	0	0	0	580	0	0	0	0	0	19312	0	1128	114	0	0	0	0	1040	0	0	0	0	0	0	0	0	0	0	0	0	0	836	0	694	0	540	0	14410	0	0	0	864	0	4044	0	758	0	0	0	0	0	140	0	242	0	0	0	0	0	6174	0	11410	0	1336	0	4940	0	0	0	3366	0	0	0	0	0	0	0	0	0	0	0	0	0	0	0	0	0	0	0	0	0	0	0	0	0	0	0	
66480	Rolandic_Oper_R	0	1664	0	2028	0	0	0	2576	0	0	0	3450	0	266	0	0	0	0	0	246	0	0	0	0	0	0	0	0	0	7438	0	0	0	0	0	0	0	1496	0	0	0	0	0	0	0	0	0	0	0	0	0	0	0	0	0	0	0	3870	0	0	0	108	0	2868	0	234	0	0	0	0	170	0	0	1550	0	0	0	490	0	1534	0	2516	0	612	0	124	0	0	0	0	0	0	0	0	0	0	0	0	0	0	0	0	0	0	0	0	0	0	0	0	0	0	0	0	0	0	
727728	Supp_Motor_Area_L	19208	1344	94564	18610	136	0	10312	1182	0	0	15960	378	7776	264	554	0	10416	0	0	39336	0	0	9334	5686	0	0	0	0	26354	834	8816	5854	3834	18196	178	0	2762	138	0	0	0	0	0	0	0	0	0	0	0	0	0	0	0	0	218	0	1294	280	0	0	0	0	0	0	0	0	0	0	6628	688	11548	5582	18886	682	5442	0	5666	1382	276	0	2282	0	580	0	0	0	0	0	404	0	0	0	0	0	0	0	0	0	0	0	0	0	0	0	0	0	0	0	0	0	0	0	0	0	0	0	
599660	Supp_Motor_Area_R	9992	4494	16094	60140	0	0	296	4030	0	0	336	1724	0	1692	0	110	0	246	39336	0	0	0	1792	13298	0	104	0	0	570	5708	1390	9480	3562	33668	268	858	0	3292	0	354	0	0	0	146	0	0	0	0	0	118	0	168	0	0	0	592	514	2178	0	0	0	0	0	0	0	0	144	558	10972	15394	6046	23092	934	17366	0	1486	352	5478	0	0	0	418	0	0	0	420	0	0	0	620	0	0	0	0	0	0	0	0	0	0	0	0	0	0	0	0	0	0	0	0	0	0	0	0	0	0	
72580	Olfactory_L	0	0	832	0	3064	0	602	0	0	0	0	0	0	0	2062	0	0	0	0	0	0	4282	0	0	0	368	3728	872	3358	0	2458	1544	0	0	0	0	384	0	324	0	722	0	0	0	0	0	0	0	0	0	0	0	0	0	158	0	0	0	0	0	0	0	0	0	0	0	0	0	0	0	6312	2626	2594	0	0	0	0	0	0	0	0	0	0	0	0	0	0	0	0	0	0	0	0	0	0	0	0	0	0	0	0	0	0	0	0	0	0	0	0	0	0	0	0	0	0	0	
60804	Olfactory_R	0	0	214	0	1192	556	0	0	0	0	0	0	0	0	764	430	0	0	0	0	4282	0	0	0	0	708	1906	2196	238	2328	1760	1790	0	0	0	0	0	0	0	0	0	628	0	0	0	0	0	0	0	0	0	0	0	0	0	0	0	0	0	0	0	0	0	0	0	0	0	0	0	0	5202	4016	1456	580	0	0	0	0	0	0	0	0	0	156	0	0	0	0	0	0	0	0	0	0	0	0	0	0	0	0	0	0	0	0	0	0	0	0	0	0	0	0	0	0	0	0	
343428	Frontal_Sup_Medial_L	0	0	36174	10208	1972	168	13210	1428	0	0	2516	122	4104	982	0	0	580	0	9334	1792	0	0	0	28396	2864	554	0	0	6728	232	19260	12196	1978	11540	0	0	0	0	0	0	0	0	0	0	0	0	0	0	0	0	0	0	0	0	0	0	0	0	0	0	0	0	0	0	0	0	0	0	0	0	1832	288	2496	512	0	0	0	0	0	0	0	0	248	0	0	0	0	0	0	0	0	0	0	0	0	0	0	0	0	0	0	0	0	0	0	0	0	0	0	0	0	0	0	0	0	0	
339392	Frontal_Sup_Medial_R	0	0	5674	36934	96	3218	1132	3460	0	0	134	946	334	2438	0	0	0	0	5686	13298	0	0	28396	0	186	4286	0	940	436	1784	4826	25068	628	15590	0	0	0	280	0	0	0	0	0	0	0	0	0	0	0	0	0	0	0	0	0	0	0	0	0	0	0	0	0	0	0	0	0	0	0	0	452	8332	188	4954	0	0	0	0	0	0	0	0	0	0	0	0	0	0	0	0	0	0	0	0	0	0	0	0	0	0	0	0	0	0	0	0	0	0	0	0	0	0	0	0	0	0	
28368	Frontal_Med_Orb_L	0	0	1772	0	3512	0	0	0	396	0	0	0	0	0	0	0	0	0	0	0	0	0	2864	186	0	764	640	0	0	0	3518	0	0	0	0	0	0	0	0	0	0	0	0	0	0	0	0	0	0	0	0	0	0	0	0	0	0	0	0	0	0	0	0	0	0	0	0	0	0	0	224	0	308	0	0	0	0	0	0	0	0	0	0	0	0	0	0	0	0	0	0	0	0	0	0	0	0	0	0	0	0	0	0	0	0	0	0	0	0	0	0	0	0	0	0	0	
60708	Frontal_Med_Orb_R	0	0	0	1474	708	5530	0	0	0	0	0	0	0	0	0	0	0	0	0	104	368	708	554	4286	764	0	328	6502	0	0	1166	4942	0	0	0	0	0	0	0	0	0	0	0	0	0	0	0	0	0	0	0	0	0	0	0	0	0	0	0	0	0	0	0	0	0	0	0	0	0	0	370	2146	132	272	0	0	0	0	0	0	0	0	0	0	0	0	0	0	0	0	0	0	0	0	0	0	0	0	0	0	0	0	0	0	0	0	0	0	0	0	0	0	0	0	0	0	
59364	Rectus_L	0	0	916	0	7192	0	436	0	450	0	0	0	0	0	2308	0	0	0	0	0	3728	1906	0	0	640	328	0	664	1944	0	2734	628	0	0	0	0	0	0	0	0	0	0	0	0	0	0	0	0	0	0	0	0	0	0	0	0	0	0	0	0	0	0	0	0	0	0	0	0	0	0	3896	748	1164	0	0	0	0	0	0	0	0	0	0	0	0	0	0	0	0	0	0	0	0	0	0	0	0	0	0	0	0	0	0	0	0	0	0	0	0	0	0	0	0	0	0	0	
52264	Rectus_R	0	0	0	202	454	5508	0	0	0	146	0	0	0	0	316	546	0	0	0	0	872	2196	0	940	0	6502	664	0	0	1032	238	2836	0	0	0	0	0	0	0	0	0	0	0	0	0	0	0	0	0	0	0	0	0	0	0	0	0	0	0	0	0	0	0	0	0	0	0	0	0	0	964	1856	384	476	0	0	0	0	0	0	0	0	0	0	0	0	0	0	0	0	0	0	0	0	0	0	0	0	0	0	0	0	0	0	0	0	0	0	0	0	0	0	0	0	0	0	
662224	Insula_L	19800	0	45080	828	2928	0	38896	210	394	0	27450	174	26422	0	9708	0	19312	0	26354	570	3358	238	6728	436	0	0	1944	0	0	150	8060	576	606	376	0	0	9550	0	812	0	1346	0	0	0	0	0	0	0	0	0	684	0	704	0	4036	0	8084	0	0	0	440	0	2896	0	256	0	0	0	0	0	3804	240	20788	0	0	0	1574	0	11622	0	8746	0	2580	0	4830	0	0	0	7352	0	170	0	0	0	0	0	0	0	0	0	0	0	0	0	0	0	0	0	0	0	0	0	0	0	0	0	
247360	Insula_R	0	2996	280	12620	0	556	0	10142	0	0	0	19832	0	10170	0	3904	0	7438	834	5708	0	2328	232	1784	0	0	0	1032	150	0	142	440	0	1422	0	0	0	7032	0	778	0	942	0	0	0	0	0	0	0	0	0	0	0	0	0	954	0	2364	0	0	0	0	0	102	0	0	0	100	0	0	620	2702	0	19974	0	0	0	626	0	1006	0	1790	0	1172	0	594	0	0	0	914	0	0	0	0	0	0	0	0	0	0	0	0	0	0	0	0	0	0	0	0	0	0	0	0	0	0	
281020	Cingulum_Ant_L	630	0	18104	3512	2690	254	5150	248	134	0	6302	146	3816	0	294	0	1128	0	8816	1390	2458	1760	19260	4826	3518	1166	2734	238	8060	142	0	14492	2602	3036	0	0	0	0	0	0	0	0	0	0	0	0	0	0	0	0	0	0	0	0	0	0	146	0	0	0	0	0	0	0	0	0	0	0	0	0	13224	2110	7214	350	0	0	0	0	0	0	346	0	214	0	0	0	0	0	0	0	0	0	0	0	0	0	0	0	0	0	0	0	0	0	0	0	0	0	0	0	0	0	0	0	0	0	
304528	Cingulum_Ant_R	110	0	3954	23684	200	2234	324	1066	0	0	424	362	238	650	180	0	114	0	5854	9480	1544	1790	12196	25068	0	4942	628	2836	576	440	14492	0	1446	13336	0	0	0	292	0	0	0	0	0	0	0	0	0	0	0	0	0	0	0	0	0	0	0	0	0	0	0	0	0	0	0	0	0	0	0	0	5478	11620	2040	4666	0	0	0	0	0	0	0	0	0	0	0	0	0	0	0	0	0	0	0	0	0	0	0	0	0	0	0	0	0	0	0	0	0	0	0	0	0	0	0	0	0	0	
64828	Cingulum_Mid_L	234	230	738	310	0	0	336	0	0	0	196	0	558	0	0	0	0	0	3834	3562	0	0	1978	628	0	0	0	0	606	0	2602	1446	0	7258	1764	364	0	0	0	0	0	0	0	0	476	0	0	0	360	0	142	0	0	0	0	0	272	0	210	0	0	0	0	0	0	0	2014	130	1796	370	0	0	0	0	0	0	0	0	0	0	0	0	0	0	0	0	0	0	0	0	0	0	0	0	0	0	0	0	0	0	0	0	0	0	0	0	0	0	0	0	0	0	0	0	0	0	
360572	Cingulum_Mid_R	3620	1402	6160	16022	0	0	588	1538	0	0	248	126	114	1330	0	0	0	0	18196	33668	0	0	11540	15590	0	0	0	0	376	1422	3036	13336	7258	0	920	4082	0	330	0	0	0	0	0	688	0	742	0	492	0	626	0	514	0	0	0	154	466	4660	0	104	0	0	0	0	0	0	620	5358	6510	14602	1530	258	472	810	0	0	0	148	0	0	0	0	0	0	0	152	0	0	0	146	0	0	0	0	0	0	0	0	0	0	0	0	0	0	0	0	0	0	0	0	332	0	0	0	0	0	
112988	Cingulum_Post_L	240	604	0	372	0	0	0	0	0	0	0	0	0	0	0	0	0	0	178	268	0	0	0	0	0	0	0	0	0	0	0	0	1764	920	0	8498	3148	4104	2442	1540	0	0	2496	0	2220	0	1256	128	418	0	1720	0	2304	0	1522	304	2262	690	0	0	170	0	0	0	0	0	7126	606	3398	756	0	102	0	150	0	0	0	3824	0	0	0	0	0	0	190	0	0	0	774	0	0	0	0	0	0	0	0	0	0	0	0	0	0	0	0	0	0	0	0	0	0	0	0	0	0	0	
137720	Cingulum_Post_R	0	482	0	138	0	0	0	0	0	0	0	0	0	0	0	0	0	0	0	858	0	0	0	0	0	0	0	0	0	0	0	0	364	4082	8498	0	926	5220	522	1910	0	0	1624	3434	0	1510	588	4388	0	1836	0	1906	354	174	360	1570	0	2784	0	176	0	0	0	0	0	0	3234	10942	0	4096	0	0	0	148	0	0	0	2654	0	0	0	0	0	0	0	966	0	0	330	574	0	0	0	0	0	0	0	0	0	0	0	0	0	0	0	0	0	0	0	0	2212	0	0	0	0	0	
230532	Hippocampus_L	12010	706	3814	498	0	0	3176	0	0	0	214	0	0	0	234	0	1040	0	2762	0	384	0	0	0	0	0	0	0	9550	0	0	0	0	0	3148	926	0	1308	12900	524	7014	0	240	0	0	0	1936	0	0	0	320	0	840	0	12524	0	1854	0	0	0	306	0	200	0	208	0	1126	102	254	0	232	0	5518	0	578	0	3704	3116	3494	0	4920	0	630	0	4104	0	0	0	8396	0	346	0	0	0	0	0	0	0	110	0	0	0	0	0	0	0	0	0	0	0	0	0	0	0	0	0	
260484	Hippocampus_R	116	8966	162	8512	0	0	0	5810	0	0	0	774	0	876	0	440	0	1496	138	3292	0	0	0	280	0	0	0	0	0	7032	0	292	0	330	4104	5220	1308	0	1192	15804	0	6494	1380	130	0	0	570	970	0	218	0	270	0	98	0	13198	0	1428	0	0	0	0	0	0	0	0	1392	1760	0	910	114	504	0	17766	0	0	0	6732	0	316	0	1424	0	434	0	2036	0	0	0	5380	0	0	0	0	0	0	442	0	0	0	0	0	0	0	0	0	0	0	0	0	132	0	0	0	0	0	
78508	ParaHippocampal_L	2188	412	156	466	0	0	310	0	0	0	0	0	0	0	0	0	0	0	0	0	324	0	0	0	0	0	0	0	812	0	0	0	0	0	2442	522	12900	1192	0	456	748	130	326	0	0	0	2630	0	0	0	0	0	340	0	5884	0	238	0	0	0	0	0	0	0	0	0	1324	102	0	0	0	0	1258	0	0	0	1006	1970	262	0	0	0	182	0	0	0	0	0	368	0	0	0	0	0	0	0	306	0	0	0	0	0	0	0	0	0	0	0	0	0	0	0	0	0	0	0	
123620	ParaHippocampal_R	0	1224	0	1642	0	0	0	808	0	0	0	150	0	0	0	114	0	0	0	354	0	0	0	0	0	0	0	0	0	778	0	0	0	0	1540	1910	524	15804	456	0	0	4112	636	840	0	0	244	3290	0	0	0	238	0	362	0	12284	0	108	0	0	0	0	0	0	0	0	430	2232	0	0	0	222	0	2430	0	0	0	2142	0	0	0	198	0	2340	0	446	0	776	0	1900	0	186	0	0	0	0	248	418	0	308	0	0	0	0	0	0	0	0	0	0	116	0	0	0	0	0	
38184	Amygdala_L	0	0	0	0	104	0	0	0	0	0	0	0	0	0	276	0	0	0	0	0	722	0	0	0	0	0	0	0	1346	0	0	0	0	0	0	0	7014	0	748	0	0	0	0	0	0	0	0	0	0	0	0	0	0	0	3982	0	0	0	0	0	0	0	0	0	0	0	0	0	0	0	0	0	434	0	0	0	0	0	0	0	0	0	712	0	634	0	104	0	3016	0	0	0	0	0	0	0	0	0	0	0	0	0	0	0	0	0	0	0	0	0	0	0	0	0	0	0	
35976	Amygdala_R	0	0	0	0	0	0	0	0	0	0	0	0	0	0	0	0	0	0	0	0	0	628	0	0	0	0	0	0	0	942	0	0	0	0	0	0	0	6494	130	4112	0	0	0	0	0	0	0	0	0	0	0	0	0	0	0	3982	0	0	0	0	0	0	0	0	0	0	0	0	0	0	0	0	0	114	0	0	0	0	0	0	0	0	0	1162	0	0	0	0	0	424	0	0	0	0	0	0	0	0	0	0	0	0	0	0	0	0	0	0	0	0	0	0	0	0	0	0	
246012	Calcarine_L	0	0	0	0	0	0	0	0	0	0	0	0	0	0	0	0	0	0	0	0	0	0	0	0	0	0	0	0	0	0	0	0	0	0	2496	1624	240	1380	326	636	0	0	0	6164	15594	3804	11638	2352	11586	2564	31922	394	7308	0	1234	354	2984	0	648	0	884	0	0	0	386	0	14196	504	930	0	0	0	0	0	0	0	0	602	0	0	0	0	0	0	256	0	0	0	0	0	0	0	0	0	0	0	0	0	0	0	0	0	0	0	0	0	0	0	0	0	0	0	0	0	0	0	
247808	Calcarine_R	0	330	0	0	0	0	0	0	0	0	0	0	0	0	0	0	0	0	0	146	0	0	0	0	0	0	0	0	0	0	0	0	0	688	0	3434	0	130	0	840	0	0	6164	0	3172	22088	0	15218	0	20790	0	12826	0	4376	0	6548	0	1486	0	304	0	0	0	0	0	0	160	19642	0	1584	0	0	0	0	0	0	0	0	0	0	0	0	0	0	0	2362	0	0	0	1358	0	0	0	0	0	0	0	0	0	0	0	0	0	0	0	0	0	0	0	0	258	0	0	0	0	0	
202148	Cuneus_L	104	166	0	0	0	0	0	0	0	0	0	0	0	0	0	0	0	0	0	0	0	0	0	0	0	0	0	0	0	0	0	0	476	0	2220	0	0	0	0	0	0	0	15594	3172	0	4584	2692	204	23116	1592	20370	0	1224	0	0	0	4714	0	1428	0	2040	0	0	0	0	0	15076	800	1502	0	0	0	0	0	0	0	0	0	0	0	0	0	0	0	0	0	0	0	0	0	0	0	0	0	0	0	0	0	0	0	0	0	0	0	0	0	0	0	0	0	0	0	0	0	0	0	
309800	Cuneus_R	0	694	0	0	0	0	0	0	0	0	0	0	0	0	0	0	0	0	0	0	0	0	0	0	0	0	0	0	0	0	0	0	0	742	0	1510	0	0	0	0	0	0	3804	22088	4584	0	0	2042	0	44962	0	9490	0	0	0	136	0	9748	0	9348	0	542	0	0	0	140	3352	32606	0	7932	0	0	0	0	0	0	0	0	0	0	0	0	0	0	0	1020	0	0	0	0	0	0	0	0	0	0	0	0	0	0	0	0	0	0	0	0	0	0	0	0	160	0	0	0	0	0	
194140	Lingual_L	142	0	0	0	0	0	0	0	0	0	0	0	0	0	0	0	0	0	0	0	0	0	0	0	0	0	0	0	0	0	0	0	0	0	1256	588	1936	570	2630	244	0	0	11638	0	2692	0	0	994	3162	0	10778	0	3188	0	8674	208	0	0	0	0	0	0	0	0	0	0	2118	214	0	0	0	0	0	0	0	0	102	466	0	0	0	0	0	0	0	0	0	0	100	0	6942	346	1804	212	362	0	10816	140	13074	510	0	0	0	0	752	386	0	0	0	130	4518	3508	692	0	284	894	
174996	Lingual_R	0	274	0	0	0	0	0	0	0	0	0	0	0	0	0	0	0	0	0	0	0	0	0	0	0	0	0	0	0	0	0	0	0	492	128	4388	0	970	0	3290	0	0	2352	15218	204	2042	994	0	0	4872	0	3972	0	2820	0	12238	0	740	0	0	0	0	0	0	0	0	0	7846	0	812	0	0	0	0	0	0	0	0	0	0	0	0	0	0	0	564	0	0	0	294	430	2278	346	146	270	342	854	2386	1256	4666	0	0	0	0	0	0	0	0	0	164	4732	4052	1066	0	0	0	
179236	Occipital_Sup_L	108	0	0	0	0	0	0	0	0	0	0	0	0	0	0	0	0	0	0	0	0	0	0	0	0	0	0	0	0	0	0	0	360	0	418	0	0	0	0	0	0	0	11586	0	23116	0	3162	0	0	0	29482	0	636	0	0	0	2822	0	5348	0	3040	0	0	0	120	0	8488	0	478	0	0	0	0	0	0	0	0	0	0	0	0	0	0	0	256	0	0	0	198	0	0	0	0	0	0	0	0	0	0	0	0	0	0	0	0	0	0	0	0	0	0	0	0	0	0	0	
353052	Occipital_Sup_R	0	750	0	0	0	0	0	0	0	0	0	0	0	0	0	0	0	0	0	118	0	0	0	0	0	0	0	0	0	0	0	0	0	626	0	1836	0	218	0	0	0	0	2564	20790	1592	44962	0	4872	0	0	0	24552	0	418	0	482	0	11136	0	13200	0	3244	0	0	0	5876	1296	26476	0	7526	0	0	0	0	0	0	0	0	0	126	0	184	0	0	0	2242	0	0	0	1058	0	0	0	0	0	0	0	0	0	0	0	0	0	0	0	0	0	0	0	0	382	0	0	0	0	0	
476924	Occipital_Mid_L	2234	0	0	0	0	0	180	0	0	0	0	0	0	0	0	0	836	0	0	0	0	0	0	0	0	0	0	0	684	0	0	0	142	0	1720	0	320	0	0	0	0	0	31922	0	20370	0	10778	0	29482	0	0	0	31548	0	5414	0	9358	0	10428	0	19394	0	582	0	16624	0	10102	0	2200	0	0	0	0	0	0	0	0	0	956	0	840	0	0	0	22898	0	0	0	9320	0	0	0	0	0	0	0	0	0	130	0	0	0	0	0	0	0	0	0	0	0	0	0	0	0	0	0	
205896	Occipital_Mid_R	0	338	0	0	0	0	0	0	0	0	0	0	0	0	0	0	0	0	0	168	0	0	0	0	0	0	0	0	0	0	0	0	0	514	0	1906	0	270	0	238	0	0	394	12826	0	9490	0	3972	0	24552	0	0	0	3940	0	2884	0	2654	0	2420	0	4602	0	460	0	9492	100	9584	0	1686	0	0	0	0	0	0	0	0	0	0	0	378	0	0	0	8078	0	0	0	1500	0	0	0	0	0	0	0	0	0	0	0	0	0	0	0	0	0	0	0	0	502	0	0	0	0	0	
179684	Occipital_Inf_L	1056	0	0	0	0	0	180	0	0	0	0	0	0	0	0	0	694	0	0	0	0	0	0	0	0	0	0	0	704	0	0	0	0	0	2304	354	840	0	340	0	0	0	7308	0	1224	0	3188	0	636	0	31548	0	0	0	12158	0	1392	0	318	0	1880	0	258	0	972	0	2678	0	952	0	0	0	0	0	0	0	98	0	1100	0	432	0	0	0	7286	0	0	0	9368	0	334	0	0	0	0	0	0	0	240	0	0	0	0	0	0	0	0	0	0	0	0	0	0	0	0	0	
44212	Occipital_Inf_R	0	0	0	0	0	0	0	0	0	0	0	0	0	0	0	0	0	0	0	0	0	0	0	0	0	0	0	0	0	0	0	0	0	0	0	174	0	98	0	362	0	0	0	4376	0	0	0	2820	0	418	0	3940	0	0	0	5652	0	0	0	0	0	0	0	0	0	0	0	1070	0	0	0	0	0	0	0	0	0	0	0	0	0	0	0	0	0	428	0	0	0	2768	0	0	0	0	0	0	0	0	0	0	0	0	0	0	0	0	0	0	0	0	0	0	0	0	0	0	
373224	Fusiform_L	1452	184	366	114	0	0	416	0	0	0	0	0	0	0	0	0	540	0	218	0	158	0	0	0	0	0	0	0	4036	0	0	0	0	0	1522	360	12524	0	5884	0	3982	0	1234	0	0	0	8674	0	0	0	5414	0	12158	0	0	0	554	0	122	0	1714	0	244	0	752	0	800	0	208	0	0	0	1588	0	0	0	566	442	1246	0	3542	0	2094	0	7506	0	1064	0	24176	0	25196	0	1664	0	426	0	16534	0	30630	0	990	0	960	0	630	0	320	0	0	0	2252	992	164	0	0	0	
236744	Fusiform_R	0	432	0	316	0	0	0	136	0	0	0	0	0	0	0	804	0	0	0	592	0	0	0	0	0	0	0	0	0	954	0	0	0	154	304	1570	0	13198	0	12284	0	3982	354	6548	0	136	208	12238	0	482	0	2884	0	5652	0	0	0	484	0	0	0	0	0	0	0	0	152	2704	0	682	0	0	0	1166	0	0	0	246	0	122	0	1020	0	5426	0	3762	0	1674	0	11436	116	4218	0	156	0	0	210	5384	178	8788	0	0	0	388	0	400	0	0	0	0	2842	2314	646	180	312	138	
334560	Postcentral_L	28930	114	2184	0	0	0	3292	0	0	0	2762	0	290	0	0	0	14410	0	1294	514	0	0	0	0	0	0	0	0	8084	0	146	0	272	466	2262	0	1854	0	238	0	0	0	2984	0	4714	0	0	0	2822	0	9358	0	1392	0	554	0	0	594	7408	0	22542	0	10582	0	2472	0	7726	0	5852	634	986	346	3418	0	862	0	572	322	3728	0	4006	0	0	0	3546	0	0	0	2748	0	0	0	0	0	0	0	0	0	0	0	0	0	0	0	0	0	0	0	0	0	0	0	0	0	0	0	
267032	Postcentral_R	462	19814	278	942	0	0	0	888	0	0	0	422	0	0	0	0	0	3870	280	2178	0	0	0	0	0	0	0	0	0	2364	0	0	0	4660	690	2784	0	1428	0	108	0	0	0	1486	0	9748	0	740	0	11136	0	2654	0	0	0	484	594	0	0	7534	0	8918	0	13080	0	348	198	13318	634	15478	0	0	0	1140	0	0	0	420	0	196	0	1106	0	0	0	1396	0	0	0	1318	0	0	0	0	0	0	0	0	0	0	0	0	0	0	0	0	0	0	0	0	422	0	0	0	0	0	
107192	Parietal_Sup_L	146	0	0	0	0	0	0	0	0	0	0	0	0	0	0	0	0	0	0	0	0	0	0	0	0	0	0	0	0	0	0	0	210	0	0	0	0	0	0	0	0	0	648	0	1428	0	0	0	5348	0	10428	0	318	0	122	0	7408	0	0	0	13536	0	0	0	618	0	11032	0	0	0	0	0	0	0	0	0	0	0	0	0	0	0	0	0	1938	0	0	0	416	0	0	0	0	0	0	0	0	0	0	0	0	0	0	0	0	0	0	0	0	0	0	0	0	0	0	0	
119676	Parietal_Sup_R	0	358	0	0	0	0	0	0	0	0	0	0	0	0	0	0	0	0	0	0	0	0	0	0	0	0	0	0	0	0	0	0	0	104	0	176	0	0	0	0	0	0	0	304	0	9348	0	0	0	13200	0	2420	0	0	0	0	0	7534	0	0	0	6450	0	96	0	2202	358	10894	0	3534	0	0	0	0	0	0	0	0	0	0	0	812	0	0	0	1864	0	0	0	184	0	0	0	0	0	0	0	0	0	0	0	0	0	0	0	0	0	0	0	0	0	0	0	0	0	0	
232808	Parietal_Inf_L	2280	0	0	0	0	0	0	0	0	0	0	0	0	0	0	0	864	0	0	0	0	0	0	0	0	0	0	0	440	0	0	0	0	0	170	0	306	0	0	0	0	0	884	0	2040	0	0	0	3040	0	19394	0	1880	0	1714	0	22542	0	13536	0	0	0	8472	0	14726	0	2510	0	114	0	0	0	98	0	0	0	0	0	402	0	2474	0	0	0	12300	0	0	0	6218	0	0	0	0	0	0	0	0	0	0	0	0	0	0	0	0	0	0	0	0	0	0	0	0	0	0	0	
118892	Parietal_Inf_R	0	3566	0	0	0	0	0	0	0	0	0	0	0	0	0	0	0	108	0	0	0	0	0	0	0	0	0	0	0	0	0	0	0	0	0	0	0	0	0	0	0	0	0	0	0	542	0	0	0	3244	0	4602	0	0	0	0	0	8918	0	6450	0	0	0	10000	0	13544	0	2438	0	206	0	0	0	0	0	0	0	0	0	0	0	1422	0	0	0	4116	0	0	0	290	0	0	0	0	0	0	0	0	0	0	0	0	0	0	0	0	0	0	0	0	0	0	0	0	0	0	
84236	SupraMarginal_L	590	0	0	0	0	0	0	0	0	0	0	0	0	0	0	0	4044	0	0	0	0	0	0	0	0	0	0	0	2896	0	0	0	0	0	0	0	200	0	0	0	0	0	0	0	0	0	0	0	0	0	582	0	258	0	244	0	10582	0	0	0	8472	0	0	0	3220	0	0	0	0	0	0	0	0	0	0	0	0	0	2078	0	6090	0	0	0	2132	0	0	0	730	0	0	0	0	0	0	0	0	0	0	0	0	0	0	0	0	0	0	0	0	0	0	0	0	0	0	0	
83680	SupraMarginal_R	0	4192	0	0	0	0	0	0	0	0	0	0	0	0	0	0	0	2868	0	0	0	0	0	0	0	0	0	0	0	102	0	0	0	0	0	0	0	0	0	0	0	0	0	0	0	0	0	0	0	0	0	460	0	0	0	0	0	13080	0	96	0	10000	0	0	0	4772	0	0	0	0	0	0	0	0	0	0	0	0	0	0	0	3890	0	0	0	1730	0	0	0	650	0	0	0	0	0	0	0	0	0	0	0	0	0	0	0	0	0	0	0	0	0	0	0	0	0	0	
124764	Angular_L	546	0	0	0	0	0	0	0	0	0	0	0	0	0	0	0	758	0	0	0	0	0	0	0	0	0	0	0	256	0	0	0	0	0	0	0	208	0	0	0	0	0	386	0	0	0	0	0	120	0	16624	0	972	0	752	0	2472	0	618	0	14726	0	3220	0	0	0	388	0	364	0	0	0	0	0	0	0	0	0	258	0	3256	0	0	0	11500	0	0	0	4958	0	0	0	0	0	0	0	0	0	0	0	0	0	0	0	0	0	0	0	0	0	0	0	0	0	0	0	
86044	Angular_R	0	132	0	0	0	0	0	0	0	0	0	0	0	0	0	0	0	234	0	0	0	0	0	0	0	0	0	0	0	0	0	0	0	0	0	0	0	0	0	0	0	0	0	0	0	140	0	0	0	5876	0	9492	0	0	0	0	0	348	0	2202	0	13544	0	4772	0	0	0	372	0	0	0	0	0	0	0	0	0	0	0	0	0	1802	0	0	0	3722	0	0	0	386	0	0	0	0	0	0	0	0	0	0	0	0	0	0	0	0	0	0	0	0	0	0	0	0	0	0	
219960	Precuneus_L	146	120	0	0	0	0	0	0	0	0	0	0	0	0	0	0	0	0	0	144	0	0	0	0	0	0	0	0	0	0	0	0	2014	620	7126	3234	1126	1392	1324	430	0	0	14196	160	15076	3352	2118	0	8488	1296	10102	100	2678	0	800	152	7726	198	11032	358	2510	0	0	0	388	0	0	6362	4038	496	0	0	0	0	0	0	0	446	0	0	0	0	0	0	232	0	0	0	0	0	0	0	0	0	0	0	0	0	0	0	0	0	0	0	0	0	0	0	0	0	0	0	0	0	0	0	
354836	Precuneus_R	0	1622	0	0	0	0	0	0	0	0	0	0	0	0	0	0	0	0	0	558	0	0	0	0	0	0	0	0	0	100	0	0	130	5358	606	10942	102	1760	102	2232	0	0	504	19642	800	32606	214	7846	0	26476	0	9584	0	1070	0	2704	0	13318	0	10894	0	2438	0	0	0	372	6362	0	284	12050	0	0	0	0	0	0	0	0	0	100	0	106	0	0	0	2870	0	0	0	944	0	0	0	0	0	0	0	0	0	0	0	0	0	0	0	0	0	0	0	0	2722	0	0	0	0	0	
158320	Paracentral_Lobule_L	11574	2194	5200	444	0	0	0	0	0	0	0	0	0	0	0	0	0	0	6628	10972	0	0	0	0	0	0	0	0	0	0	0	0	1796	6510	3398	0	254	0	0	0	0	0	930	0	1502	0	0	0	478	0	2200	0	952	0	208	0	5852	634	0	0	114	0	0	0	364	0	4038	284	0	5712	0	1466	0	0	0	0	2816	1904	0	0	0	0	0	0	358	0	0	0	378	0	0	0	0	0	0	0	0	0	0	0	0	0	0	0	0	0	0	0	0	0	0	0	0	0	0	0	
213236	Paracentral_Lobule_R	1912	4496	0	0	0	0	0	0	0	0	0	0	0	0	0	0	0	0	688	15394	0	0	0	0	0	0	0	0	0	0	0	0	370	14602	756	4096	0	910	0	0	0	0	0	1584	0	7932	0	812	0	7526	0	1686	0	0	0	682	634	15478	0	3534	0	206	0	0	0	0	496	12050	5712	0	0	582	0	0	0	0	0	702	0	0	0	892	0	0	0	1196	0	0	0	1208	0	0	0	0	0	0	0	0	0	0	0	0	0	0	0	0	0	0	0	0	482	0	0	0	0	0	
269060	Caudate_L	3304	0	15484	6944	3424	100	1296	1482	0	0	734	722	382	128	1520	142	140	170	11548	6046	6312	5202	1832	452	224	370	3896	964	3804	620	13224	5478	0	1530	0	0	232	114	0	0	0	0	0	0	0	0	0	0	0	0	0	0	0	0	0	0	986	0	0	0	0	0	0	0	0	0	0	0	0	0	0	7934	13690	646	2134	0	10832	488	0	0	0	0	0	0	0	0	0	0	0	0	0	0	0	0	0	0	0	0	0	0	0	0	0	0	0	0	0	0	0	0	0	0	0	0	0	0	
372004	Caudate_R	7472	1882	5960	31430	474	2990	768	3542	0	0	0	732	0	654	298	700	0	0	5582	23092	2626	4016	288	8332	0	2146	748	1856	240	2702	2110	11620	0	258	102	0	0	504	0	222	0	0	0	0	0	0	0	0	0	0	0	0	0	0	0	0	346	0	0	0	0	0	0	0	0	0	0	0	1466	582	7934	0	1374	17872	0	1408	800	30874	0	0	0	0	0	0	0	0	0	0	0	0	0	0	0	0	0	0	0	0	0	0	0	0	0	0	0	0	0	0	0	0	0	0	0	0	0	0	
306692	Putamen_L	8368	0	27304	1306	3566	0	9206	282	398	0	1148	142	1548	0	2640	0	242	0	18886	934	2594	1456	2496	188	308	132	1164	384	20788	0	7214	2040	0	472	0	0	5518	0	1258	0	434	0	0	0	0	0	0	0	0	0	0	0	0	0	1588	0	3418	0	0	0	98	0	0	0	0	0	0	0	0	0	13690	1374	0	132	5740	0	1702	0	0	0	892	0	138	0	236	0	0	0	1768	0	154	0	0	0	0	0	0	0	0	0	0	0	0	0	0	0	0	0	0	0	0	0	0	0	0	0	
299944	Putamen_R	0	2174	244	24226	0	1538	0	10368	0	0	0	5158	0	5308	0	2646	0	1550	682	17366	0	580	512	4954	0	272	0	476	0	19974	350	4666	0	810	150	148	0	17766	0	2430	0	114	0	0	0	0	0	0	0	0	0	0	0	0	0	1166	0	1140	0	0	0	0	0	0	0	0	0	0	0	0	646	17872	132	0	0	1946	0	2340	0	0	0	118	0	150	0	0	0	0	0	0	0	0	0	0	0	0	0	0	0	0	0	0	0	0	0	0	0	0	0	0	0	0	0	0	0	0	
47024	Pallidum_L	2784	0	3114	0	0	0	466	0	0	0	0	0	0	0	0	0	0	0	5442	0	0	0	0	0	0	0	0	0	0	0	0	0	0	0	0	0	578	0	0	0	0	0	0	0	0	0	0	0	0	0	0	0	0	0	0	0	862	0	0	0	0	0	0	0	0	0	0	0	0	0	2134	0	5740	0	0	0	2392	0	0	0	0	0	0	0	0	0	0	0	0	0	0	0	0	0	0	0	0	0	0	0	0	0	0	0	0	0	0	0	0	0	0	0	0	0	0	0	
15500	Pallidum_R	0	222	0	1936	0	0	0	268	0	0	0	0	0	0	0	0	0	0	0	1486	0	0	0	0	0	0	0	0	0	0	0	0	0	0	0	0	0	0	0	0	0	0	0	0	0	0	0	0	0	0	0	0	0	0	0	0	0	0	0	0	0	0	0	0	0	0	0	0	0	0	0	1408	0	1946	0	0	0	484	0	0	0	0	0	0	0	0	0	0	0	0	0	0	0	0	0	0	0	0	0	0	0	0	0	0	0	0	0	0	0	0	0	0	0	0	0	0	
119064	Thalamus_L	16294	304	7240	660	0	0	706	0	0	0	0	0	0	0	0	0	0	0	5666	352	0	0	0	0	0	0	0	0	1574	0	0	0	0	0	0	0	3704	0	1006	0	0	0	0	0	0	0	102	0	0	0	0	0	98	0	566	0	572	0	0	0	0	0	0	0	0	0	0	0	2816	0	10832	800	1702	0	2392	0	0	1578	0	0	0	0	0	0	230	0	0	0	338	0	0	0	0	0	0	0	0	0	0	0	0	0	0	0	0	0	0	0	0	0	0	0	0	0	0	0	
224756	Thalamus_R	6546	12104	1552	19958	0	0	416	1612	0	0	0	314	0	0	0	0	0	490	1382	5478	0	0	0	0	0	0	0	0	0	626	0	0	0	148	3824	2654	3116	6732	1970	2142	0	0	602	0	0	0	466	0	0	0	0	0	0	0	442	246	322	420	0	0	0	0	0	0	0	0	446	0	1904	702	488	30874	0	2340	0	484	1578	0	0	0	0	0	0	0	0	0	0	0	0	0	0	0	0	0	0	0	0	0	0	0	0	0	0	0	0	0	0	0	0	0	0	0	0	0	0	0	
111200	Heschl_L	5952	0	766	0	0	0	1700	0	0	0	1100	0	0	0	0	0	6174	0	276	0	0	0	0	0	0	0	0	0	11622	0	0	0	0	0	0	0	3494	0	262	0	0	0	0	0	0	0	0	0	0	0	956	0	1100	0	1246	0	3728	0	0	0	402	0	2078	0	258	0	0	0	0	0	0	0	0	0	0	0	0	0	0	0	5906	0	0	0	5476	0	0	0	3104	0	0	0	0	0	0	0	0	0	0	0	0	0	0	0	0	0	0	0	0	0	0	0	0	0	0	0	
17020	Heschl_R	0	298	0	0	0	0	0	164	0	0	0	0	0	0	0	0	0	1534	0	0	0	0	0	0	0	0	0	0	0	1006	0	0	0	0	0	0	0	316	0	0	0	0	0	0	0	0	0	0	0	126	0	0	0	0	0	122	0	196	0	0	0	0	0	0	0	0	0	100	0	0	0	0	0	0	0	0	0	0	0	0	0	3062	0	0	0	926	0	0	0	660	0	0	0	0	0	0	0	0	0	0	0	0	0	0	0	0	0	0	0	0	0	0	0	0	0	0	
204876	Temporal_Sup_L	3762	0	2836	0	0	0	618	0	0	0	2954	0	252	0	838	0	11410	0	2282	0	0	0	0	0	0	0	0	0	8746	0	346	0	0	0	0	0	4920	0	0	0	0	0	0	0	0	0	0	0	0	0	840	0	432	0	3542	0	4006	0	0	0	2474	0	6090	0	3256	0	0	0	0	0	0	0	892	0	0	0	0	0	5906	0	0	0	5476	0	21746	0	0	0	8814	0	0	0	0	0	0	0	0	0	0	0	0	0	0	0	0	0	0	0	0	0	0	0	0	0	0	0	
69364	Temporal_Sup_R	0	718	0	110	0	0	0	228	0	0	0	120	0	0	0	0	0	2516	0	418	0	0	0	0	0	0	0	0	0	1790	0	0	0	0	0	0	0	1424	0	198	0	0	0	0	0	0	0	0	0	184	0	378	0	0	0	1020	0	1106	0	812	0	1422	0	3890	0	1802	0	106	0	892	0	0	0	118	0	0	0	0	0	3062	0	0	0	1214	0	7838	0	308	0	3008	0	0	0	0	0	0	0	0	0	0	0	0	0	0	0	0	0	0	0	0	0	0	0	0	0	0	
77916	Temporal_Pole_Sup_L	0	0	1152	0	0	0	782	0	0	0	1888	0	922	0	1916	0	1336	0	580	0	0	0	248	0	0	0	0	0	2580	0	214	0	0	0	0	0	630	0	182	0	712	0	0	0	0	0	0	0	0	0	0	0	0	0	2094	0	0	0	0	0	0	0	0	0	0	0	0	0	0	0	0	0	138	0	0	0	0	0	0	0	5476	0	0	0	7642	0	3174	0	7292	0	0	0	0	0	0	0	0	0	0	0	0	0	0	0	0	0	0	0	0	0	0	0	0	0	0	0	
37408	Temporal_Pole_Sup_R	0	0	0	320	0	0	0	130	0	0	0	652	0	0	0	1256	0	612	0	0	0	156	0	0	0	0	0	0	0	1172	0	0	0	0	0	0	0	434	0	2340	0	1162	0	0	0	0	0	0	0	0	0	0	0	0	0	5426	0	0	0	0	0	0	0	0	0	0	0	0	0	0	0	0	0	150	0	0	0	0	0	0	0	1214	0	0	0	722	0	1740	0	1218	0	0	0	0	0	0	0	0	0	0	0	0	0	0	0	0	0	0	0	0	0	0	0	0	0	0	
349340	Temporal_Mid_L	3466	0	96	0	0	0	510	0	0	0	0	0	0	0	894	0	4940	0	0	0	0	0	0	0	0	0	0	0	4830	0	0	0	0	0	190	0	4104	0	0	0	634	0	256	0	0	0	0	0	256	0	22898	0	7286	0	7506	0	3546	0	1938	0	12300	0	2132	0	11500	0	232	0	358	0	0	0	236	0	0	0	230	0	5476	0	21746	0	7642	0	0	0	5350	0	44118	0	0	0	0	0	0	0	0	0	0	0	0	0	0	0	0	0	0	0	0	0	0	0	0	0	0	0	
155608	Temporal_Mid_R	0	646	0	0	0	0	0	0	0	0	0	0	0	0	0	142	0	124	0	420	0	0	0	0	0	0	0	0	0	594	0	0	0	152	0	966	0	2036	0	446	0	0	0	2362	0	1020	0	564	0	2242	0	8078	0	428	0	3762	0	1396	0	1864	0	4116	0	1730	0	3722	0	2870	0	1196	0	0	0	0	0	0	0	0	0	926	0	7838	0	722	0	0	0	2102	0	25056	0	0	0	0	0	0	0	0	0	0	0	0	0	0	0	0	0	0	0	0	284	0	0	0	0	0	
27588	Temporal_Pole_Mid_L	0	0	0	0	0	0	0	0	0	0	0	0	0	0	0	0	0	0	0	0	0	0	0	0	0	0	0	0	0	0	0	0	0	0	0	0	0	0	0	0	104	0	0	0	0	0	0	0	0	0	0	0	0	0	1064	0	0	0	0	0	0	0	0	0	0	0	0	0	0	0	0	0	0	0	0	0	0	0	0	0	0	0	3174	0	5350	0	0	0	4102	0	0	0	0	0	0	0	0	0	0	0	0	0	0	0	0	0	0	0	0	0	0	0	0	0	0	0	
15856	Temporal_Pole_Mid_R	0	0	0	0	0	0	0	0	0	0	0	0	0	0	0	0	0	0	0	0	0	0	0	0	0	0	0	0	0	0	0	0	0	0	0	0	0	0	0	776	0	0	0	0	0	0	0	0	0	0	0	0	0	0	0	1674	0	0	0	0	0	0	0	0	0	0	0	0	0	0	0	0	0	0	0	0	0	0	0	0	0	308	0	1740	0	2102	0	0	0	1328	0	0	0	0	0	0	0	0	0	0	0	0	0	0	0	0	0	0	0	0	0	0	0	0	0	0	
326788	Temporal_Inf_L	2808	0	694	0	0	0	756	0	0	0	0	0	0	0	554	0	3366	0	404	0	0	0	0	0	0	0	0	0	7352	0	0	0	0	0	774	330	8396	0	368	0	3016	0	0	0	0	0	100	0	198	0	9320	0	9368	0	24176	0	2748	0	416	0	6218	0	730	0	4958	0	0	0	378	0	0	0	1768	0	0	0	338	0	3104	0	8814	0	7292	0	44118	0	4102	0	0	0	4694	0	162	0	0	0	166	0	1160	0	118	0	130	0	0	0	0	0	0	0	0	0	0	0	0	0	
131932	Temporal_Inf_R	0	850	0	0	0	0	0	0	0	0	0	0	0	0	0	354	0	0	0	620	0	0	0	0	0	0	0	0	0	914	0	0	0	146	0	574	0	5380	0	1900	0	424	0	1358	0	0	0	294	0	1058	0	1500	0	2768	0	11436	0	1318	0	184	0	290	0	650	0	386	0	944	0	1208	0	0	0	0	0	0	0	0	0	660	0	3008	0	1218	0	25056	0	1328	0	0	0	0	0	0	0	0	0	0	0	0	0	0	0	0	0	0	0	0	0	0	140	0	0	0	0	0	
390576	Cerebelum_Crus1_L	0	0	0	0	0	0	0	0	0	0	0	0	0	0	0	0	0	0	0	0	0	0	0	0	0	0	0	0	170	0	0	0	0	0	0	0	346	0	0	0	0	0	0	0	0	0	6942	430	0	0	0	0	334	0	25196	116	0	0	0	0	0	0	0	0	0	0	0	0	0	0	0	0	154	0	0	0	0	0	0	0	0	0	0	0	0	0	0	0	4694	0	0	1244	33050	1306	1050	0	21690	280	53672	940	12568	228	14708	730	2206	180	792	0	362	538	3036	2532	4690	446	658	0	
400480	Cerebelum_Crus1_R	0	0	0	0	0	0	0	0	0	0	0	0	0	0	0	0	0	0	0	0	0	0	0	0	0	0	0	0	0	0	0	0	0	0	0	0	0	0	0	186	0	0	0	0	0	0	346	2278	0	0	0	0	0	0	0	4218	0	0	0	0	0	0	0	0	0	0	0	0	0	0	0	0	0	0	0	0	0	0	0	0	0	0	0	0	0	0	0	0	0	0	1244	0	1394	28560	0	4106	542	20338	982	51538	308	9880	396	27188	0	8914	0	504	358	2560	5104	10012	10316	3436	4846	686	
300204	Cerebelum_Crus2_L	0	0	0	0	0	0	0	0	0	0	0	0	0	0	0	0	0	0	0	0	0	0	0	0	0	0	0	0	0	0	0	0	0	0	0	0	0	0	0	0	0	0	0	0	0	0	1804	346	0	0	0	0	0	0	1664	0	0	0	0	0	0	0	0	0	0	0	0	0	0	0	0	0	0	0	0	0	0	0	0	0	0	0	0	0	0	0	0	0	162	0	33050	1394	0	5594	0	0	542	0	6468	554	38686	2446	32312	4076	3412	1014	1526	0	0	0	112	1876	9454	2382	1228	0	
276664	Cerebelum_Crus2_R	0	0	0	0	0	0	0	0	0	0	0	0	0	0	0	0	0	0	0	0	0	0	0	0	0	0	0	0	0	0	0	0	0	0	0	0	0	0	0	0	0	0	0	0	0	0	212	146	0	0	0	0	0	0	0	156	0	0	0	0	0	0	0	0	0	0	0	0	0	0	0	0	0	0	0	0	0	0	0	0	0	0	0	0	0	0	0	0	0	0	1306	28560	5594	0	0	330	0	1076	492	5618	3138	30942	1246	38814	0	6424	0	0	0	132	0	1596	9194	1660	1540	156	
25912	Cerebelum_3_L	0	0	0	0	0	0	0	0	0	0	0	0	0	0	0	0	0	0	0	0	0	0	0	0	0	0	0	0	0	0	0	0	0	0	0	0	0	0	0	0	0	0	0	0	0	0	362	270	0	0	0	0	0	0	426	0	0	0	0	0	0	0	0	0	0	0	0	0	0	0	0	0	0	0	0	0	0	0	0	0	0	0	0	0	0	0	0	0	0	0	1050	0	0	0	0	144	5624	0	2352	0	0	0	0	0	526	0	132	0	516	1008	384	162	0	0	0	0	
73952	Cerebelum_3_R	0	0	0	0	0	0	0	0	0	0	0	0	0	0	0	0	0	0	0	0	0	0	0	0	0	0	0	0	0	0	0	0	0	0	0	0	0	0	0	0	0	0	0	0	0	0	0	342	0	0	0	0	0	0	0	0	0	0	0	0	0	0	0	0	0	0	0	0	0	0	0	0	0	0	0	0	0	0	0	0	0	0	0	0	0	0	0	0	0	0	0	4106	0	330	144	0	770	8376	0	9678	0	206	0	894	0	978	0	0	938	4948	1864	1036	476	672	1218	0	
264576	Cerebelum_4_5_L	0	182	0	0	0	0	0	0	0	0	0	0	0	0	0	0	0	0	0	0	0	0	0	0	0	0	0	0	0	0	0	0	0	0	0	0	0	442	306	248	0	0	0	0	0	0	10816	854	0	0	0	0	0	0	16534	210	0	0	0	0	0	0	0	0	0	0	0	0	0	0	0	0	0	0	0	0	0	0	0	0	0	0	0	0	0	0	0	0	166	0	21690	542	542	0	5624	770	0	1738	40864	1768	794	0	662	0	3512	836	860	0	894	1762	12722	4592	0	0	880	1478	
205144	Cerebelum_4_5_R	0	0	0	0	0	0	0	0	0	0	0	0	0	0	0	0	0	0	0	0	0	0	0	0	0	0	0	0	0	0	0	0	0	0	0	0	0	0	0	418	0	0	0	0	0	0	140	2386	0	0	0	0	0	0	0	5384	0	0	0	0	0	0	0	0	0	0	0	0	0	0	0	0	0	0	0	0	0	0	0	0	0	0	0	0	0	0	0	0	0	0	280	20338	0	1076	0	8376	1738	0	406	35478	0	788	0	3500	0	1402	0	458	194	3848	11818	2228	838	278	994	206	
362228	Cerebelum_6_L	0	0	0	0	0	0	0	0	0	0	0	0	0	0	0	0	0	0	0	0	0	0	0	0	0	0	0	0	0	0	0	0	0	0	0	0	110	0	0	0	0	0	0	0	0	0	13074	1256	0	0	130	0	240	0	30630	178	0	0	0	0	0	0	0	0	0	0	0	0	0	0	0	0	0	0	0	0	0	0	0	0	0	0	0	0	0	0	0	0	1160	0	53672	982	6468	492	2352	0	40864	406	0	1346	2066	0	2540	0	3308	134	896	0	400	622	8674	6696	1628	156	468	166	
387584	Cerebelum_6_R	0	0	0	0	0	0	0	0	0	0	0	0	0	0	0	0	0	0	0	0	0	0	0	0	0	0	0	0	0	0	0	0	0	0	0	0	0	0	0	308	0	0	0	0	0	0	510	4666	0	0	0	0	0	0	0	8788	0	0	0	0	0	0	0	0	0	0	0	0	0	0	0	0	0	0	0	0	0	0	0	0	0	0	0	0	0	0	0	0	0	0	940	51538	554	5618	0	9678	1768	35478	1346	0	0	3044	0	12622	0	6602	0	944	758	5166	11808	12798	7542	4144	6100	1072	
227992	Cerebelum_7b_L	0	0	0	0	0	0	0	0	0	0	0	0	0	0	0	0	0	0	0	0	0	0	0	0	0	0	0	0	0	0	0	0	0	0	0	0	0	0	0	0	0	0	0	0	0	0	0	0	0	0	0	0	0	0	990	0	0	0	0	0	0	0	0	0	0	0	0	0	0	0	0	0	0	0	0	0	0	0	0	0	0	0	0	0	0	0	0	0	118	0	12568	308	38686	3138	0	0	794	0	2066	0	0	1728	34876	3788	2700	1168	1422	0	0	0	98	160	4638	3774	976	0	
168884	Cerebelum_7b_R	0	0	0	0	0	0	0	0	0	0	0	0	0	0	0	0	0	0	0	0	0	0	0	0	0	0	0	0	0	0	0	0	0	0	0	0	0	0	0	0	0	0	0	0	0	0	0	0	0	0	0	0	0	0	0	0	0	0	0	0	0	0	0	0	0	0	0	0	0	0	0	0	0	0	0	0	0	0	0	0	0	0	0	0	0	0	0	0	0	0	228	9880	2446	30942	0	206	0	788	0	3044	1728	0	336	29466	0	2360	0	0	0	0	0	0	2474	544	0	0	
246736	Cerebelum_8_L	0	0	0	0	0	0	0	0	0	0	0	0	0	0	0	0	0	0	0	0	0	0	0	0	0	0	0	0	0	0	0	0	0	0	0	0	0	0	0	0	0	0	0	0	0	0	0	0	0	0	0	0	0	0	960	0	0	0	0	0	0	0	0	0	0	0	0	0	0	0	0	0	0	0	0	0	0	0	0	0	0	0	0	0	0	0	0	0	130	0	14708	396	32312	1246	0	0	662	0	2540	0	34876	336	0	2940	13918	1656	4564	0	0	0	150	154	4176	5174	2470	0	
322140	Cerebelum_8_R	0	0	0	0	0	0	0	0	0	0	0	0	0	0	0	0	0	0	0	0	0	0	0	0	0	0	0	0	0	0	0	0	0	0	0	0	0	0	0	0	0	0	0	0	0	0	0	0	0	0	0	0	0	0	0	388	0	0	0	0	0	0	0	0	0	0	0	0	0	0	0	0	0	0	0	0	0	0	0	0	0	0	0	0	0	0	0	0	0	0	730	27188	4076	38814	0	894	0	3500	0	12622	3788	29466	2940	0	0	19706	0	552	0	520	182	970	7352	4360	2842	180	
93504	Cerebelum_9_L	0	0	0	0	0	0	0	0	0	0	0	0	0	0	0	0	0	0	0	0	0	0	0	0	0	0	0	0	0	0	0	0	0	0	0	0	0	0	0	0	0	0	0	0	0	0	752	0	0	0	0	0	0	0	630	0	0	0	0	0	0	0	0	0	0	0	0	0	0	0	0	0	0	0	0	0	0	0	0	0	0	0	0	0	0	0	0	0	0	0	2206	0	3412	0	526	0	3512	0	3308	0	2700	0	13918	0	0	270	7104	0	0	0	1716	2228	1334	948	1662	526	
158992	Cerebelum_9_R	0	0	0	0	0	0	0	0	0	0	0	0	0	0	0	0	0	0	0	0	0	0	0	0	0	0	0	0	0	0	0	0	0	0	0	0	0	0	0	0	0	0	0	0	0	0	386	0	0	0	0	0	0	0	0	400	0	0	0	0	0	0	0	0	0	0	0	0	0	0	0	0	0	0	0	0	0	0	0	0	0	0	0	0	0	0	0	0	0	0	180	8914	1014	6424	0	978	836	1402	134	6602	1168	2360	1656	19706	270	0	0	1558	556	1158	1820	4028	4064	5156	6886	1840	
36752	Cerebelum_10_L	0	0	0	0	0	0	0	0	0	0	0	0	0	0	0	0	0	0	0	0	0	0	0	0	0	0	0	0	0	0	0	0	0	0	0	0	0	0	0	0	0	0	0	0	0	0	0	0	0	0	0	0	0	0	320	0	0	0	0	0	0	0	0	0	0	0	0	0	0	0	0	0	0	0	0	0	0	0	0	0	0	0	0	0	0	0	0	0	0	0	792	0	1526	0	132	0	860	0	896	0	1422	0	4564	0	7104	0	0	0	0	0	0	332	238	0	190	0	
8544	Cerebelum_10_R	0	0	0	0	0	0	0	0	0	0	0	0	0	0	0	0	0	0	0	0	0	0	0	0	0	0	0	0	0	0	0	0	0	0	0	0	0	0	0	0	0	0	0	0	0	0	0	0	0	0	0	0	0	0	0	0	0	0	0	0	0	0	0	0	0	0	0	0	0	0	0	0	0	0	0	0	0	0	0	0	0	0	0	0	0	0	0	0	0	0	0	504	0	0	0	0	0	458	0	944	0	0	0	552	0	1558	0	0	0	0	0	0	110	0	146	0	
22864	Vermis_1_2	0	0	0	0	0	0	0	0	0	0	0	0	0	0	0	0	0	0	0	0	0	0	0	0	0	0	0	0	0	0	0	0	0	0	0	0	0	0	0	0	0	0	0	0	0	0	0	0	0	0	0	0	0	0	0	0	0	0	0	0	0	0	0	0	0	0	0	0	0	0	0	0	0	0	0	0	0	0	0	0	0	0	0	0	0	0	0	0	0	0	362	358	0	0	516	938	894	194	400	758	0	0	0	0	0	556	0	0	0	3590	1578	534	0	194	560	0	
66848	Vermis_3	0	0	0	0	0	0	0	0	0	0	0	0	0	0	0	0	0	0	0	0	0	0	0	0	0	0	0	0	0	0	0	0	0	0	0	0	0	0	0	0	0	0	0	0	0	0	130	164	0	0	0	0	0	0	0	0	0	0	0	0	0	0	0	0	0	0	0	0	0	0	0	0	0	0	0	0	0	0	0	0	0	0	0	0	0	0	0	0	0	0	538	2560	0	132	1008	4948	1762	3848	622	5166	0	0	0	520	0	1158	0	0	3590	0	3710	1122	426	708	1312	0	
201036	Vermis_4_5	0	138	0	0	0	0	0	0	0	0	0	0	0	0	0	0	0	0	0	0	0	0	0	0	0	0	0	0	0	0	0	0	0	332	0	2212	0	132	0	116	0	0	0	258	0	160	4518	4732	0	382	0	502	0	0	2252	2842	0	422	0	0	0	0	0	0	0	0	0	2722	0	482	0	0	0	0	0	0	0	0	0	0	0	0	0	0	0	284	0	0	0	140	3036	5104	112	0	384	1864	12722	11818	8674	11808	98	0	150	182	1716	1820	0	0	1578	3710	0	8098	572	474	1966	2006	
180168	Vermis_6	0	0	0	0	0	0	0	0	0	0	0	0	0	0	0	0	0	0	0	0	0	0	0	0	0	0	0	0	0	0	0	0	0	0	0	0	0	0	0	0	0	0	0	0	0	0	3508	4052	0	0	0	0	0	0	992	2314	0	0	0	0	0	0	0	0	0	0	0	0	0	0	0	0	0	0	0	0	0	0	0	0	0	0	0	0	0	0	0	0	0	0	2532	10012	1876	1596	162	1036	4592	2228	6696	12798	160	0	154	970	2228	4028	332	0	534	1122	8098	0	6350	2730	5874	3110	
185052	Vermis_7	0	0	0	0	0	0	0	0	0	0	0	0	0	0	0	0	0	0	0	0	0	0	0	0	0	0	0	0	0	0	0	0	0	0	0	0	0	0	0	0	0	0	0	0	0	0	692	1066	0	0	0	0	0	0	164	646	0	0	0	0	0	0	0	0	0	0	0	0	0	0	0	0	0	0	0	0	0	0	0	0	0	0	0	0	0	0	0	0	0	0	4690	10316	9454	9194	0	476	0	838	1628	7542	4638	2474	4176	7352	1334	4064	238	110	0	426	572	6350	0	6632	6662	792	
106176	Vermis_8	0	0	0	0	0	0	0	0	0	0	0	0	0	0	0	0	0	0	0	0	0	0	0	0	0	0	0	0	0	0	0	0	0	0	0	0	0	0	0	0	0	0	0	0	0	0	0	0	0	0	0	0	0	0	0	180	0	0	0	0	0	0	0	0	0	0	0	0	0	0	0	0	0	0	0	0	0	0	0	0	0	0	0	0	0	0	0	0	0	0	446	3436	2382	1660	0	672	0	278	156	4144	3774	544	5174	4360	948	5156	0	0	194	708	474	2730	6632	0	7668	1372	
119868	Vermis_9	0	0	0	0	0	0	0	0	0	0	0	0	0	0	0	0	0	0	0	0	0	0	0	0	0	0	0	0	0	0	0	0	0	0	0	0	0	0	0	0	0	0	0	0	0	0	284	0	0	0	0	0	0	0	0	312	0	0	0	0	0	0	0	0	0	0	0	0	0	0	0	0	0	0	0	0	0	0	0	0	0	0	0	0	0	0	0	0	0	0	658	4846	1228	1540	0	1218	880	994	468	6100	976	0	2470	2842	1662	6886	190	146	560	1312	1966	5874	6662	7668	0	2192	
33628	Vermis_10	0	0	0	0	0	0	0	0	0	0	0	0	0	0	0	0	0	0	0	0	0	0	0	0	0	0	0	0	0	0	0	0	0	0	0	0	0	0	0	0	0	0	0	0	0	0	894	0	0	0	0	0	0	0	0	138	0	0	0	0	0	0	0	0	0	0	0	0	0	0	0	0	0	0	0	0	0	0	0	0	0	0	0	0	0	0	0	0	0	0	0	686	0	156	0	0	1478	206	166	1072	0	0	0	180	526	1840	0	0	0	0	2006	3110	792	1372	2192	0	
