data	data	333500	338056	895748	673568	119044	83708	640536	360728	79148	153004	267868	135312	276396	145704	178312	192588	235552	103084	557960	782276	97396	93048	348332	299492	13080	63292	60596	69844	687060	315208	243328	355692	168764	561852	126872	189764	266456	275804	69308	143620	37408	38832	147024	207304	104048	257276	206344	278608	111224	346572	379264	232668	105004	95952	346644	417676	242808	127376	136272	90424	248816	97640	125692	90500	119816	127460	250060	334364	192608	295112	393320	425404	429184	392696	113124	31068	194432	218824	64428	21160	181112	80664	89972	45940	269564	162088	23796	16408	286704	171664	459044	569528	352396	426736	69216	88608	341044	283844	550632	629684	232844	139212	352092	353236	191292	216928	29984	22760	28696	55972	311232	316116	218716	138356	141256	52160	
data	data	Precentral_L	Precentral_R	Frontal_Sup_L	Frontal_Sup_R	Frontal_Sup_Orb_L	Frontal_Sup_Orb_R	Frontal_Mid_L	Frontal_Mid_R	Frontal_Mid_Orb_L	Frontal_Mid_Orb_R	Frontal_Inf_Oper_L	Frontal_Inf_Oper_R	Frontal_Inf_Tri_L	Frontal_Inf_Tri_R	Frontal_Inf_Orb_L	Frontal_Inf_Orb_R	Rolandic_Oper_L	Rolandic_Oper_R	Supp_Motor_Area_L	Supp_Motor_Area_R	Olfactory_L	Olfactory_R	Frontal_Sup_Medial_L	Frontal_Sup_Medial_R	Frontal_Med_Orb_L	Frontal_Med_Orb_R	Rectus_L	Rectus_R	Insula_L	Insula_R	Cingulum_Ant_L	Cingulum_Ant_R	Cingulum_Mid_L	Cingulum_Mid_R	Cingulum_Post_L	Cingulum_Post_R	Hippocampus_L	Hippocampus_R	ParaHippocampal_L	ParaHippocampal_R	Amygdala_L	Amygdala_R	Calcarine_L	Calcarine_R	Cuneus_L	Cuneus_R	Lingual_L	Lingual_R	Occipital_Sup_L	Occipital_Sup_R	Occipital_Mid_L	Occipital_Mid_R	Occipital_Inf_L	Occipital_Inf_R	Fusiform_L	Fusiform_R	Postcentral_L	Postcentral_R	Parietal_Sup_L	Parietal_Sup_R	Parietal_Inf_L	Parietal_Inf_R	SupraMarginal_L	SupraMarginal_R	Angular_L	Angular_R	Precuneus_L	Precuneus_R	Paracentral_Lobule_L	Paracentral_Lobule_R	Caudate_L	Caudate_R	Putamen_L	Putamen_R	Pallidum_L	Pallidum_R	Thalamus_L	Thalamus_R	Heschl_L	Heschl_R	Temporal_Sup_L	Temporal_Sup_R	Temporal_Pole_Sup_L	Temporal_Pole_Sup_R	Temporal_Mid_L	Temporal_Mid_R	Temporal_Pole_Mid_L	Temporal_Pole_Mid_R	Temporal_Inf_L	Temporal_Inf_R	Cerebelum_Crus1_L	Cerebelum_Crus1_R	Cerebelum_Crus2_L	Cerebelum_Crus2_R	Cerebelum_3_L	Cerebelum_3_R	Cerebelum_4_5_L	Cerebelum_4_5_R	Cerebelum_6_L	Cerebelum_6_R	Cerebelum_7b_L	Cerebelum_7b_R	Cerebelum_8_L	Cerebelum_8_R	Cerebelum_9_L	Cerebelum_9_R	Cerebelum_10_L	Cerebelum_10_R	Vermis_1_2	Vermis_3	Vermis_4_5	Vermis_6	Vermis_7	Vermis_8	Vermis_9	Vermis_10	
333500	Precentral_L	0	1688	6734	288	0	0	21000	366	0	0	16110	0	2724	0	104	0	8300	0	948	2762	0	0	0	0	0	0	0	0	18282	0	0	0	260	1052	430	954	6304	258	0	0	0	0	0	0	0	0	0	0	0	0	2902	0	788	0	1428	0	27836	0	390	0	5196	0	3496	0	112	0	596	0	6634	904	974	152	3612	144	1772	0	4014	1238	2346	0	2446	0	0	0	5576	0	0	0	5630	0	0	0	0	0	0	0	0	0	0	0	0	0	0	0	0	0	0	0	0	0	0	0	0	0	0	0	
338056	Precentral_R	1688	0	432	21638	0	0	160	13024	0	490	0	2500	0	146	0	492	0	1336	982	14896	0	0	0	0	0	0	0	0	280	2242	0	0	0	1326	698	1786	1814	8262	342	612	0	0	0	94	0	0	0	0	0	1508	0	874	0	184	122	1068	980	17398	0	438	234	958	162	3846	0	980	112	846	700	12418	2912	11454	622	3196	580	2198	4638	21590	128	0	0	642	0	0	0	1542	0	0	128	1330	0	0	0	0	0	0	0	0	0	0	0	0	0	0	0	0	0	0	0	0	0	0	0	0	0	0	
895748	Frontal_Sup_L	6734	432	0	10436	5272	148	92370	1590	2520	1410	13580	0	19606	0	5978	1420	9324	0	58916	21358	0	0	49678	8962	658	0	0	0	37056	206	14954	5386	3062	7216	0	0	3100	130	156	0	0	0	0	0	0	0	0	0	0	0	174	0	0	0	1666	0	2060	0	0	0	970	0	510	142	0	0	0	0	1206	0	11068	1954	28282	1378	10180	0	1252	0	346	0	3136	0	998	0	0	0	0	0	894	0	0	0	0	0	0	0	0	0	0	0	0	0	0	0	0	0	0	0	0	0	0	0	0	0	0	0	
673568	Frontal_Sup_R	288	21638	10436	0	0	2964	2500	32864	0	2760	506	9892	828	6198	688	4340	1032	9532	14996	45402	0	0	10434	29706	0	2870	0	0	2588	12570	1626	18574	2262	14610	188	532	568	4432	94	746	0	0	0	0	0	0	0	0	0	0	0	0	0	0	0	306	0	1174	0	0	0	0	0	234	0	0	0	0	124	382	7140	18976	1190	17566	326	1684	2600	13334	0	252	262	1594	244	732	0	0	0	0	0	0	0	0	0	0	0	0	0	0	0	0	0	0	0	0	0	0	0	0	0	0	0	0	0	0	0	0	
119044	Frontal_Sup_Orb_L	0	0	5272	0	0	0	282	0	9234	0	0	0	94	0	11098	0	0	0	0	0	2394	496	3278	0	1518	0	6270	324	4050	0	5194	900	0	0	0	0	194	0	118	0	708	0	0	0	0	0	0	0	0	0	0	0	0	0	0	0	0	0	0	0	0	0	0	0	0	0	0	0	0	0	376	0	7220	0	0	0	0	0	0	0	0	0	502	0	0	0	0	0	0	0	0	0	0	0	0	0	0	0	0	0	0	0	0	0	0	0	0	0	0	0	0	0	0	0	0	0	
83708	Frontal_Sup_Orb_R	0	0	148	2964	0	0	0	1484	0	4778	0	0	0	0	0	1832	0	0	0	346	476	2026	240	2966	0	7536	438	8734	0	462	410	1910	0	0	0	0	0	0	0	0	0	0	0	0	0	0	0	0	0	0	0	0	0	0	0	0	0	0	0	0	0	0	0	0	0	0	0	0	0	0	662	2560	164	1718	0	0	0	0	0	0	0	0	0	0	0	0	0	0	0	0	0	0	0	0	0	0	0	0	0	0	0	0	0	0	0	0	0	0	0	0	0	0	0	0	0	0	
640536	Frontal_Mid_L	21000	160	92370	2500	282	0	0	460	3316	426	12338	0	31936	0	8712	422	8868	0	11930	4890	0	0	18678	2836	0	0	0	0	37764	0	5976	774	734	1082	0	104	4866	108	186	0	0	0	0	0	0	0	0	0	0	0	134	0	0	0	3304	0	3490	0	0	0	822	0	498	0	0	0	0	0	0	0	8046	622	17870	450	4758	0	638	174	980	0	2496	0	300	0	174	0	0	0	2794	0	0	0	0	0	0	0	0	0	0	0	0	0	0	0	0	0	0	0	0	0	0	0	0	0	0	0	
360728	Frontal_Mid_R	366	13024	1590	32864	0	1484	460	0	0	10336	194	10828	216	14236	156	12968	508	7156	1800	6048	0	0	748	3266	0	0	0	0	890	12010	0	2204	312	1470	0	0	0	1570	0	826	0	0	0	0	0	0	0	0	0	0	0	0	0	0	0	202	416	810	0	0	124	0	100	146	0	0	0	0	0	0	2750	13360	526	16438	134	3004	774	2690	0	124	106	1024	106	0	0	0	0	0	0	0	0	0	0	0	0	0	0	0	0	0	0	0	0	0	0	0	0	0	0	0	0	0	0	0	0	0	
79148	Frontal_Mid_Orb_L	0	0	2520	0	9234	0	3316	0	0	0	154	0	3494	0	10054	0	0	0	260	0	230	0	226	0	0	0	2366	0	4478	0	528	152	0	0	0	0	0	0	0	0	150	0	0	0	0	0	0	0	0	0	0	0	0	0	0	0	0	0	0	0	0	0	0	0	0	0	0	0	0	0	0	0	2160	0	0	0	0	0	0	0	0	0	252	0	0	0	0	0	0	0	0	0	0	0	0	0	0	0	0	0	0	0	0	0	0	0	0	0	0	0	0	0	0	0	0	0	
153004	Frontal_Mid_Orb_R	0	490	1410	2760	0	4778	426	10336	0	0	254	214	214	300	168	18314	856	0	928	2232	184	460	0	0	0	0	180	1210	1318	916	0	162	0	0	0	0	0	0	0	0	0	0	0	0	0	0	0	0	0	0	0	0	0	0	0	0	0	0	0	0	0	0	0	0	0	0	0	0	0	0	3500	14702	552	7826	0	0	614	882	0	0	156	0	160	0	0	0	0	0	0	0	0	0	0	0	0	0	0	0	0	0	0	0	0	0	0	0	0	0	0	0	0	0	0	0	0	0	
267868	Frontal_Inf_Oper_L	16110	0	13580	506	0	0	12338	194	154	254	0	0	16238	0	484	254	10898	0	8676	568	0	0	100	0	0	0	0	0	26728	0	2240	122	0	254	0	0	312	0	0	0	0	0	0	0	0	0	0	0	0	0	100	0	0	0	156	0	5444	0	0	0	1764	0	1448	0	0	0	0	0	0	0	1748	356	2526	142	0	0	0	0	754	0	4354	0	3830	0	748	0	0	0	554	0	0	0	0	0	0	0	0	0	0	0	0	0	0	0	0	0	0	0	0	0	0	0	0	0	0	0	
135312	Frontal_Inf_Oper_R	0	2500	0	9892	0	0	0	10828	0	214	0	0	122	7800	114	296	0	4324	168	3710	0	0	0	472	0	0	0	0	152	13682	0	0	0	0	0	0	0	572	0	298	0	0	0	0	0	0	0	0	0	0	0	0	0	0	0	116	0	1284	0	0	0	0	0	0	0	0	0	0	0	0	302	878	160	8338	0	0	0	528	0	0	0	200	0	706	0	0	0	0	0	0	0	0	0	0	0	0	0	0	0	0	0	0	0	0	0	0	0	0	0	0	0	0	0	0	0	0	
276396	Frontal_Inf_Tri_L	2724	0	19606	828	94	0	31936	216	3494	214	16238	122	0	0	13782	216	236	0	7574	1032	0	0	1446	112	0	0	0	0	25728	108	2986	280	0	298	0	0	0	0	0	0	0	0	0	0	0	0	0	0	0	0	0	0	0	0	0	0	348	0	0	0	0	0	0	0	0	0	0	0	0	0	2402	300	5158	148	0	0	0	0	0	0	140	0	432	0	0	0	0	0	0	0	0	0	0	0	0	0	0	0	0	0	0	0	0	0	0	0	0	0	0	0	0	0	0	0	0	0	
145704	Frontal_Inf_Tri_R	0	146	0	6198	0	0	0	14236	0	300	0	7800	0	0	0	3108	0	178	1168	2740	0	0	994	2712	0	0	0	0	0	18236	482	3150	98	2616	0	0	0	0	0	0	0	0	0	0	0	0	0	0	0	0	0	0	0	0	0	0	0	0	0	0	0	0	0	0	0	0	0	0	0	0	1798	3322	0	3390	0	0	0	180	0	0	0	0	0	0	0	0	0	0	0	0	0	0	0	0	0	0	0	0	0	0	0	0	0	0	0	0	0	0	0	0	0	0	0	0	0	0	
178312	Frontal_Inf_Orb_L	104	0	5978	688	11098	0	8712	156	10054	168	484	114	13782	0	0	148	0	0	1382	828	1830	490	586	102	0	0	2600	318	14752	102	2482	844	0	186	0	0	184	0	0	0	480	0	0	0	0	0	0	0	0	0	0	0	0	0	0	0	0	0	0	0	0	0	0	0	0	0	0	0	0	0	1688	298	7050	112	0	0	0	0	0	0	0	0	1356	0	0	0	0	0	0	0	0	0	0	0	0	0	0	0	0	0	0	0	0	0	0	0	0	0	0	0	0	0	0	0	0	0	
192588	Frontal_Inf_Orb_R	0	492	1420	4340	0	1832	422	12968	0	18314	254	296	216	3108	148	0	856	0	1144	2720	0	0	0	468	0	0	0	692	1322	7196	206	1452	0	358	0	0	0	0	0	0	0	0	0	0	0	0	0	0	0	0	0	0	0	0	0	0	0	0	0	0	0	0	0	0	0	0	0	0	0	0	4190	16206	556	12724	0	0	614	858	0	0	156	208	160	398	0	0	0	0	0	0	0	0	0	0	0	0	0	0	0	0	0	0	0	0	0	0	0	0	0	0	0	0	0	0	0	0	
235552	Rolandic_Oper_L	8300	0	9324	1032	0	0	8868	508	0	856	10898	0	236	0	0	856	0	0	2592	1012	0	0	0	0	0	0	0	0	25594	0	112	0	0	208	0	0	1436	0	0	0	0	0	0	0	0	0	0	0	0	0	1802	0	920	0	754	0	6736	0	0	0	420	0	1578	0	0	0	0	0	276	0	3238	1016	2282	586	128	0	386	0	3296	0	8962	0	3594	0	4850	0	0	0	5120	0	0	0	0	0	0	0	0	0	0	0	0	0	0	0	0	0	0	0	0	0	0	0	0	0	0	0	
103084	Rolandic_Oper_R	0	1336	0	9532	0	0	0	7156	0	0	0	4324	0	178	0	0	0	0	0	3206	0	0	0	210	0	0	0	0	0	12606	0	0	0	0	0	0	0	1734	0	0	0	0	0	0	0	0	0	0	0	0	0	0	0	0	0	0	0	2440	0	0	0	0	0	1474	0	0	0	0	0	0	0	186	0	1826	0	0	0	296	0	1338	0	2596	0	1104	0	0	0	0	0	0	0	0	0	0	0	0	0	0	0	0	0	0	0	0	0	0	0	0	0	0	0	0	0	0	0	0	
557960	Supp_Motor_Area_L	948	982	58916	14996	0	0	11930	1800	260	928	8676	168	7574	1168	1382	1144	2592	0	0	51196	0	0	8866	3414	0	0	0	0	14528	1298	3918	8830	8248	23722	692	696	238	158	0	0	0	0	0	0	0	0	0	0	0	0	0	0	0	0	0	0	156	386	0	0	0	0	0	184	0	0	0	0	8522	2122	7440	4544	6072	3012	3428	0	1436	1248	0	0	638	0	524	0	0	0	0	0	0	0	0	0	0	0	0	0	0	0	0	0	0	0	0	0	0	0	0	0	0	0	0	0	0	0	0	0	
782276	Supp_Motor_Area_R	2762	14896	21358	45402	0	346	4890	6048	0	2232	568	3710	1032	2740	828	2720	1012	3206	51196	0	0	0	2458	7028	0	0	0	0	3256	6894	1132	7450	8546	46660	2054	7374	1338	2702	124	158	0	0	0	100	0	796	0	0	0	1400	0	858	0	418	0	1246	222	2912	0	1038	102	558	0	3618	0	0	244	2616	23088	35238	11460	10936	2694	8224	1156	0	6410	5794	0	242	306	1512	250	590	0	3040	0	0	0	1950	0	0	0	0	0	0	0	0	0	0	0	0	0	0	0	0	0	0	0	0	0	0	0	0	0	0	
97396	Olfactory_L	0	0	0	0	2394	476	0	0	230	184	0	0	0	0	1830	0	0	0	0	0	0	7522	0	0	286	214	3442	2070	2034	0	4340	4162	0	0	0	0	318	0	134	0	1014	0	0	0	0	0	0	0	0	0	0	0	0	0	0	0	0	0	0	0	0	0	0	0	0	0	0	0	0	0	8272	3540	5360	288	228	0	0	0	0	0	0	0	360	0	0	0	0	0	0	0	0	0	0	0	0	0	0	0	0	0	0	0	0	0	0	0	0	0	0	0	0	0	0	0	0	0	
93048	Olfactory_R	0	0	0	0	496	2026	0	0	0	460	0	0	0	0	490	0	0	0	0	0	7522	0	0	0	0	1286	2212	4444	0	814	2474	4004	0	0	0	0	0	0	0	0	0	806	0	0	0	0	0	0	0	0	0	0	0	0	0	0	0	0	0	0	0	0	0	0	0	0	0	0	0	0	8574	5074	4696	856	290	0	0	0	0	0	0	0	0	0	0	0	0	0	0	0	0	0	0	0	0	0	0	0	0	0	0	0	0	0	0	0	0	0	0	0	0	0	0	0	0	0	
348332	Frontal_Sup_Medial_L	0	0	49678	10434	3278	240	18678	748	226	0	100	0	1446	994	586	0	0	0	8866	2458	0	0	0	26758	1154	386	310	0	1810	842	15668	13046	3662	11736	0	0	0	0	0	0	0	0	0	0	0	0	0	0	0	0	0	0	0	0	0	0	0	0	0	0	0	0	0	0	0	0	0	0	0	0	0	0	906	156	0	0	0	0	0	0	0	0	0	0	0	0	0	0	0	0	0	0	0	0	0	0	0	0	0	0	0	0	0	0	0	0	0	0	0	0	0	0	0	0	0	0	
299492	Frontal_Sup_Medial_R	0	0	8962	29706	0	2966	2836	3266	0	0	0	472	112	2712	102	468	0	210	3414	7028	0	0	26758	0	150	5118	134	190	196	2198	5400	23142	1298	14642	0	0	0	0	0	0	0	0	0	0	0	0	0	0	0	0	0	0	0	0	0	0	0	0	0	0	0	0	0	0	0	0	0	0	0	0	532	3654	0	4080	0	0	0	0	0	0	0	0	0	0	0	0	0	0	0	0	0	0	0	0	0	0	0	0	0	0	0	0	0	0	0	0	0	0	0	0	0	0	0	0	0	0	
13080	Frontal_Med_Orb_L	0	0	658	0	1518	0	0	0	0	0	0	0	0	0	0	0	0	0	0	0	286	0	1154	150	0	278	748	0	0	0	1636	0	0	0	0	0	0	0	0	0	0	0	0	0	0	0	0	0	0	0	0	0	0	0	0	0	0	0	0	0	0	0	0	0	0	0	0	0	0	0	112	0	0	0	0	0	0	0	0	0	0	0	0	0	0	0	0	0	0	0	0	0	0	0	0	0	0	0	0	0	0	0	0	0	0	0	0	0	0	0	0	0	0	0	0	0	
63292	Frontal_Med_Orb_R	0	0	0	2870	0	7536	0	0	0	0	0	0	0	0	0	0	0	0	0	0	214	1286	386	5118	278	0	162	5916	0	0	856	4026	0	0	0	0	0	0	0	0	0	0	0	0	0	0	0	0	0	0	0	0	0	0	0	0	0	0	0	0	0	0	0	0	0	0	0	0	0	0	154	1966	0	878	0	0	0	0	0	0	0	0	0	0	0	0	0	0	0	0	0	0	0	0	0	0	0	0	0	0	0	0	0	0	0	0	0	0	0	0	0	0	0	0	0	0	
60596	Rectus_L	0	0	0	0	6270	438	0	0	2366	180	0	0	0	0	2600	0	0	0	0	0	3442	2212	310	134	748	162	0	1476	234	0	4418	1822	0	0	0	0	0	0	0	0	0	0	0	0	0	0	0	0	0	0	0	0	0	0	0	0	0	0	0	0	0	0	0	0	0	0	0	0	0	0	2272	280	934	0	0	0	0	0	0	0	0	0	0	0	0	0	0	0	0	0	0	0	0	0	0	0	0	0	0	0	0	0	0	0	0	0	0	0	0	0	0	0	0	0	0	0	
69844	Rectus_R	0	0	0	0	324	8734	0	0	0	1210	0	0	0	0	318	692	0	0	0	0	2070	4444	0	190	0	5916	1476	0	0	812	1072	3448	0	0	0	0	0	0	0	0	0	172	0	0	0	0	0	0	0	0	0	0	0	0	0	0	0	0	0	0	0	0	0	0	0	0	0	0	0	0	1818	904	662	660	0	0	0	0	0	0	0	0	0	0	0	0	0	0	0	0	0	0	0	0	0	0	0	0	0	0	0	0	0	0	0	0	0	0	0	0	0	0	0	0	0	0	
687060	Insula_L	18282	280	37056	2588	4050	0	37764	890	4478	1318	26728	152	25728	0	14752	1322	25594	0	14528	3256	2034	0	1810	196	0	0	234	0	0	212	4136	538	0	1100	226	256	15296	320	610	0	2842	0	0	0	0	0	0	0	0	0	1942	0	420	0	6636	0	6162	0	238	0	1338	0	1590	0	0	0	132	0	266	0	10286	1732	22986	1010	508	0	3954	400	6350	0	10564	0	7266	0	2600	0	0	0	8574	0	0	0	0	0	0	0	0	0	0	0	0	0	0	0	0	0	0	0	0	0	0	0	0	0	0	0	
315208	Insula_R	0	2242	206	12570	0	462	0	12010	0	916	0	13682	108	18236	102	7196	0	12606	1298	6894	0	814	842	2198	0	0	0	812	212	0	514	3424	98	2456	0	332	206	6630	0	1228	0	1402	0	94	0	0	0	0	0	384	0	228	0	198	0	2156	0	572	0	0	0	0	0	1022	0	0	0	182	0	156	2160	3948	190	23544	0	0	110	1932	0	2264	0	5646	0	1126	0	518	0	0	0	1478	0	0	0	0	0	0	0	0	0	0	0	0	0	0	0	0	0	0	0	0	0	0	0	0	0	0	
243328	Cingulum_Ant_L	0	0	14954	1626	5194	410	5976	0	528	0	2240	0	2986	482	2482	206	112	0	3918	1132	4340	2474	15668	5400	1636	856	4418	1072	4136	514	0	14930	4038	3882	520	124	0	0	0	0	0	0	0	0	0	0	0	0	0	0	0	0	0	0	0	0	0	0	0	0	0	0	0	0	0	0	0	0	0	0	7492	1696	5786	436	0	0	0	0	0	0	0	0	0	0	0	0	0	0	0	0	0	0	0	0	0	0	0	0	0	0	0	0	0	0	0	0	0	0	0	0	0	0	0	0	0	0	
355692	Cingulum_Ant_R	0	0	5386	18574	900	1910	774	2204	152	162	122	0	280	3150	844	1452	0	0	8830	7450	4162	4004	13046	23142	0	4026	1822	3448	538	3424	14930	0	4870	23536	0	0	0	0	0	0	0	0	0	0	0	0	0	0	0	0	0	0	0	0	0	0	0	0	0	0	0	0	0	0	0	0	0	0	0	0	5386	9466	3334	6522	0	0	0	0	0	0	0	0	0	0	0	0	0	0	0	0	0	0	0	0	0	0	0	0	0	0	0	0	0	0	0	0	0	0	0	0	0	0	0	0	0	0	
168764	Cingulum_Mid_L	260	0	3062	2262	0	0	734	312	0	0	0	0	0	98	0	0	0	0	8248	8546	0	0	3662	1298	0	0	0	0	0	98	4038	4870	0	18600	5618	2724	0	0	0	0	0	0	986	96	654	292	0	0	670	258	1578	94	0	0	0	0	362	0	272	0	164	0	0	0	110	0	5666	1486	3622	908	0	426	166	510	0	0	106	0	0	0	126	0	0	0	1400	0	0	0	0	0	0	0	0	0	0	0	0	0	0	0	0	0	0	0	0	0	0	0	0	0	0	0	0	0	0	0	
561852	Cingulum_Mid_R	1052	1326	7216	14610	0	0	1082	1470	0	0	254	0	298	2616	186	358	208	0	23722	46660	0	0	11736	14642	0	0	0	0	1100	2456	3882	23536	18600	0	4408	13720	330	332	0	0	0	0	0	1876	0	5062	0	100	0	6248	0	2434	0	382	0	318	0	3586	0	672	0	454	0	518	0	258	2490	13324	13940	22796	2092	482	790	1470	370	0	1520	0	0	0	172	144	158	0	0	2264	0	0	0	1206	0	0	0	0	0	0	0	0	0	0	0	0	0	0	0	0	0	0	0	0	0	0	0	0	0	0	
126872	Cingulum_Post_L	430	698	0	188	0	0	0	0	0	0	0	0	0	0	0	0	0	0	692	2054	0	0	0	0	0	0	0	0	226	0	520	0	5618	4408	0	9870	4494	2756	1716	160	0	0	2586	0	414	160	1038	0	140	0	2934	0	2246	0	248	0	0	106	356	0	364	0	0	0	192	0	6992	794	2908	1194	0	0	288	148	212	0	554	1968	266	0	0	0	0	0	1618	0	0	0	1880	0	0	0	0	0	0	0	0	0	0	0	0	0	0	0	0	0	0	0	0	0	0	0	0	0	0	0	
189764	Cingulum_Post_R	954	1786	0	532	0	0	104	0	0	0	0	0	0	0	0	0	0	0	696	7374	0	0	0	0	0	0	0	0	256	332	124	0	2724	13720	9870	0	4182	8782	1194	2118	0	0	0	844	0	858	0	1868	0	1614	0	376	0	634	178	1956	0	260	0	0	0	0	0	0	0	0	1448	12126	3444	5358	104	0	266	376	198	0	1722	3398	318	0	0	0	0	0	0	294	0	0	0	2346	0	0	0	0	0	0	0	0	0	0	0	0	0	0	0	0	0	0	0	0	148	0	0	0	0	0	
266456	Hippocampus_L	6304	1814	3100	568	194	0	4866	0	0	0	312	0	0	0	184	0	1436	0	238	1338	318	0	0	0	0	0	0	0	15296	206	0	0	0	330	4494	4182	0	3702	11120	300	6748	0	1118	0	0	0	2120	0	0	0	274	0	0	0	13606	158	824	266	0	0	678	0	502	0	0	0	1834	150	438	630	2348	210	11688	298	2238	0	7600	4322	2918	0	2190	0	1334	0	600	0	0	0	7032	0	226	0	102	0	0	0	186	0	288	0	0	0	0	0	0	0	0	0	0	0	0	0	0	0	0	0	
275804	Hippocampus_R	258	8262	130	4432	0	0	108	1570	0	0	0	572	0	0	0	0	0	1734	158	2702	0	0	0	0	0	0	0	0	320	6630	0	0	0	332	2756	8782	3702	0	1116	22372	0	6456	0	454	0	152	0	3904	0	344	0	116	0	142	216	23250	0	830	0	0	0	0	0	740	0	0	360	4892	96	2334	134	1570	310	10342	218	526	1236	6132	382	802	94	1436	0	128	0	1054	0	0	0	2288	0	0	0	0	0	0	126	754	0	0	0	0	0	0	0	0	0	0	0	0	148	0	0	0	0	0	
69308	ParaHippocampal_L	0	342	156	94	118	0	186	0	0	0	0	0	0	0	0	0	0	0	0	124	134	0	0	0	0	0	0	0	610	0	0	0	0	0	1716	1194	11120	1116	0	0	1212	0	558	0	0	0	1890	0	0	0	0	0	136	0	5190	0	0	0	0	0	0	0	0	0	0	0	624	0	0	0	184	0	1750	0	212	0	1576	900	0	0	0	0	376	0	0	0	0	0	438	0	134	0	0	0	296	0	1310	0	840	0	0	0	0	0	0	0	0	0	0	118	0	0	0	0	0	0	
143620	ParaHippocampal_R	0	612	0	746	0	0	0	826	0	0	0	298	0	0	0	0	0	0	0	158	0	0	0	0	0	0	0	0	0	1228	0	0	0	0	160	2118	300	22372	0	0	0	3780	0	540	0	108	0	4392	0	218	0	0	0	156	0	17490	0	0	0	0	0	0	0	0	0	0	134	2416	0	110	0	114	0	4842	0	310	0	1590	0	282	0	746	0	1762	0	680	0	952	0	1286	0	0	0	0	0	0	0	1084	0	0	0	0	0	0	0	0	0	0	0	0	0	0	0	0	0	0	
37408	Amygdala_L	0	0	0	0	708	0	0	0	150	0	0	0	0	0	480	0	0	0	0	0	1014	0	0	0	0	0	0	0	2842	0	0	0	0	0	0	0	6748	0	1212	0	0	0	0	0	0	0	0	0	0	0	0	0	0	0	2348	0	0	0	0	0	0	0	0	0	0	0	0	0	0	0	0	0	1128	0	110	0	0	0	0	0	0	0	752	0	0	0	0	0	1212	0	0	0	0	0	0	0	0	0	0	0	0	0	0	0	0	0	0	0	0	0	0	0	0	0	0	0	
38832	Amygdala_R	0	0	0	0	0	0	0	0	0	0	0	0	0	0	0	0	0	0	0	0	0	806	0	0	0	0	0	172	0	1402	0	0	0	0	0	0	0	6456	0	3780	0	0	0	0	0	0	0	0	0	0	0	0	0	0	0	4460	0	0	0	0	0	0	0	0	0	0	0	0	0	0	0	0	0	1134	0	0	0	0	0	0	0	0	0	1206	0	0	0	0	0	0	0	0	0	0	0	0	0	0	0	0	0	0	0	0	0	0	0	0	0	0	0	0	0	0	0	0	
147024	Calcarine_L	0	0	0	0	0	0	0	0	0	0	0	0	0	0	0	0	0	0	0	0	0	0	0	0	0	0	0	0	0	0	0	0	986	0	2586	0	1118	0	558	0	0	0	0	4742	8388	3618	6934	1650	7358	2090	15036	450	2318	0	1928	0	0	0	402	0	206	0	0	0	568	0	10170	234	0	0	0	0	0	0	0	0	0	0	0	0	0	0	0	0	1244	0	0	0	928	0	0	0	0	0	0	0	0	0	0	0	0	0	0	0	0	0	0	0	0	0	0	0	0	0	0	0	
207304	Calcarine_R	0	94	0	0	0	0	0	0	0	0	0	0	0	0	0	0	0	0	0	100	0	0	0	0	0	0	0	0	0	94	0	0	96	1876	0	844	0	454	0	540	0	0	4742	0	1424	21224	1468	10346	0	20458	0	9660	0	4678	0	4106	0	0	0	0	0	0	0	0	0	0	1276	14640	0	812	0	0	0	0	0	0	0	0	0	0	0	0	0	0	0	1358	0	0	0	2356	0	0	0	0	0	0	0	0	248	192	0	0	0	0	0	0	0	0	0	0	284	282	0	0	0	0	
104048	Cuneus_L	0	0	0	0	0	0	0	0	0	0	0	0	0	0	0	0	0	0	0	0	0	0	0	0	0	0	0	0	0	0	0	0	654	0	414	0	0	0	0	0	0	0	8388	1424	0	2856	674	0	15502	846	8836	0	276	0	0	0	0	0	2164	0	190	0	0	0	194	0	8568	658	0	0	0	0	0	0	0	0	0	0	0	0	0	0	0	0	380	0	0	0	0	0	0	0	0	0	0	0	0	0	0	0	0	0	0	0	0	0	0	0	0	0	0	0	0	0	0	0	
257276	Cuneus_R	0	0	0	0	0	0	0	0	0	0	0	0	0	0	0	0	0	0	0	796	0	0	0	0	0	0	0	0	0	0	0	0	292	5062	160	858	0	152	0	108	0	0	3618	21224	2856	0	1028	3072	0	34808	0	8272	0	1150	0	478	0	154	0	3406	0	0	0	0	0	268	7048	27082	0	2232	0	0	0	0	0	0	0	0	0	0	0	0	0	0	0	2326	0	0	0	1954	0	0	0	0	0	0	0	0	0	0	0	0	0	0	0	0	0	0	0	0	234	0	0	0	0	0	
206344	Lingual_L	0	0	0	0	0	0	0	0	0	0	0	0	0	0	0	0	0	0	0	0	0	0	0	0	0	0	0	0	0	0	0	0	0	0	1038	0	2120	0	1890	0	0	0	6934	1468	674	1028	0	3926	1950	986	13390	658	3902	138	13114	654	0	0	0	0	0	0	0	0	102	0	2116	0	0	0	0	0	0	0	0	0	0	0	0	0	0	0	0	0	444	0	0	0	0	0	5056	1294	348	262	370	162	9968	1274	13316	2374	150	0	486	0	268	116	0	0	0	0	6340	3658	1088	0	0	110	
278608	Lingual_R	0	0	0	0	0	0	0	0	0	0	0	0	0	0	0	0	0	0	0	0	0	0	0	0	0	0	0	0	0	0	0	0	0	100	0	1868	0	3904	0	4392	0	0	1650	10346	0	3072	3926	0	0	4802	0	2880	162	4662	2090	21850	0	0	0	0	0	0	0	0	0	0	172	4468	0	0	0	0	0	112	0	0	0	268	0	0	0	0	0	0	0	0	0	0	0	576	2504	3850	116	1002	650	160	5414	5032	10808	13996	0	0	152	0	1016	386	0	0	0	164	8374	12876	844	186	302	172	
111224	Occipital_Sup_L	0	0	0	0	0	0	0	0	0	0	0	0	0	0	0	0	0	0	0	0	0	0	0	0	0	0	0	0	0	0	0	0	670	0	140	0	0	0	0	0	0	0	7358	0	15502	0	1950	0	0	0	17706	0	202	0	170	0	0	0	5046	0	510	0	0	0	0	0	6358	0	0	0	0	0	0	0	0	0	0	0	0	0	0	0	0	0	0	0	0	0	0	0	0	0	0	0	0	0	0	0	0	0	0	0	0	0	0	0	0	0	0	0	0	0	0	0	0	0	
346572	Occipital_Sup_R	0	1508	0	0	0	0	0	0	0	0	0	0	0	0	0	0	0	0	0	1400	0	0	0	0	0	0	0	0	0	384	0	0	258	6248	0	1614	0	344	0	218	0	0	2090	20458	846	34808	986	4802	0	0	0	22198	0	2320	0	1878	0	998	0	9342	0	2584	0	794	0	7414	5246	29564	192	4672	0	106	0	0	0	0	0	0	0	522	0	1156	0	0	0	5254	0	0	0	2842	0	0	0	0	0	0	0	0	110	0	0	0	0	0	0	0	0	0	0	0	0	130	0	0	0	0	
379264	Occipital_Mid_L	2902	0	174	0	0	0	134	0	0	0	100	0	0	0	0	0	1802	0	0	0	0	0	0	0	0	0	0	0	1942	0	0	0	1578	0	2934	0	274	0	0	0	0	0	15036	0	8836	0	13390	0	17706	0	0	0	15418	0	7600	0	5018	0	11710	0	16670	0	1394	0	21784	0	15636	0	3720	0	502	0	0	0	0	0	748	0	0	0	1524	0	0	0	14462	0	0	0	6226	0	0	0	0	0	0	0	0	0	186	120	0	0	0	0	0	0	0	0	0	0	0	106	0	0	0	0	
232668	Occipital_Mid_R	0	874	0	0	0	0	0	0	0	0	0	0	0	0	0	0	0	0	0	858	0	0	0	0	0	0	0	0	0	228	0	0	94	2434	0	376	0	116	0	0	0	0	450	9660	0	8272	658	2880	0	22198	0	0	0	6176	0	2864	0	136	0	3792	0	9132	0	1748	0	17544	1096	7480	118	1238	0	0	0	0	0	0	0	0	0	380	0	844	0	0	0	10468	0	0	0	3902	0	0	0	0	0	0	0	0	146	0	0	0	0	0	0	0	0	0	0	0	0	172	0	0	0	0	
105004	Occipital_Inf_L	788	0	0	0	0	0	0	0	0	0	0	0	0	0	0	0	920	0	0	0	0	0	0	0	0	0	0	0	420	0	0	0	0	0	2246	0	0	0	136	0	0	0	2318	0	276	0	3902	162	202	0	15418	0	0	0	3702	0	104	0	0	0	0	0	0	0	168	0	2304	0	2064	0	0	0	0	0	0	0	0	0	0	0	534	0	0	0	4756	0	0	0	9434	0	442	162	0	0	0	0	190	0	942	264	0	0	0	0	0	0	0	0	0	0	174	320	154	0	0	0	
95952	Occipital_Inf_R	0	184	0	0	0	0	0	0	0	0	0	0	0	0	0	0	0	0	0	418	0	0	0	0	0	0	0	0	0	198	0	0	0	382	0	634	0	142	0	156	0	0	0	4678	0	1150	138	4662	0	2320	0	6176	0	0	0	8996	0	0	0	0	0	0	0	0	0	0	188	2724	0	444	0	0	0	0	0	0	0	0	0	0	0	0	0	0	0	3330	0	0	0	8978	0	236	0	0	0	0	110	110	316	598	0	0	0	0	0	0	0	0	0	0	146	562	0	0	0	0	
346644	Fusiform_L	1428	122	1666	0	0	0	3304	0	0	0	156	0	0	0	0	0	754	0	0	0	0	0	0	0	0	0	0	0	6636	0	0	0	0	0	248	178	13606	216	5190	0	2348	0	1928	0	0	0	13114	2090	170	0	7600	0	3702	0	0	444	0	0	0	0	0	0	104	0	0	0	140	0	0	0	514	0	2350	0	0	0	1520	280	1944	0	2960	0	2094	0	1672	0	374	0	14148	0	20324	838	2262	0	484	0	13154	362	30326	2382	456	0	952	0	126	0	0	0	0	0	4468	3262	926	0	0	0	
417676	Fusiform_R	0	1068	0	306	0	0	0	202	0	0	0	116	0	0	0	0	0	0	0	1246	0	0	0	0	0	0	0	0	0	2156	0	0	0	318	0	1956	158	23250	0	17490	0	4460	0	4106	0	478	654	21850	0	1878	0	2864	0	8996	444	0	0	0	0	0	0	0	0	0	0	0	0	2476	0	1048	0	150	0	3878	0	288	0	934	0	374	0	1170	0	5484	0	3320	0	1760	0	13352	1522	13312	114	2306	754	498	4762	9908	5852	22162	0	654	144	1444	786	442	0	0	128	244	6384	8182	526	192	292	0	
242808	Postcentral_L	27836	980	2060	0	0	0	3490	416	0	0	5444	0	348	0	0	0	6736	0	156	222	0	0	0	0	0	0	0	0	6162	0	0	0	362	0	0	0	824	0	0	0	0	0	0	0	0	0	0	0	0	0	5018	0	104	0	0	0	0	0	9388	0	19496	0	9496	0	2766	0	2842	0	3574	0	746	0	234	0	96	0	698	0	1878	0	1490	0	0	0	5092	0	0	0	3450	0	0	0	0	0	0	0	0	0	0	0	0	0	0	0	0	0	0	0	0	0	0	0	0	0	0	0	
127376	Postcentral_R	0	17398	0	1174	0	0	0	810	0	0	0	1284	0	0	0	0	0	2440	386	2912	0	0	0	0	0	0	0	0	0	572	0	0	0	3586	106	260	266	830	0	0	0	0	0	0	0	154	0	0	0	998	0	136	0	0	0	0	0	0	0	2926	0	2304	0	6060	0	278	0	2662	364	11928	0	360	126	114	0	0	440	2634	0	0	0	180	0	0	0	0	0	0	0	0	0	0	0	0	0	0	0	0	0	0	0	0	0	0	0	0	0	0	0	0	0	0	0	0	0	0	
136272	Parietal_Sup_L	390	0	0	0	0	0	0	0	0	0	0	0	0	0	0	0	0	0	0	0	0	0	0	0	0	0	0	0	238	0	0	0	272	0	356	0	0	0	0	0	0	0	402	0	2164	0	0	0	5046	0	11710	0	0	0	0	0	9388	0	0	0	16772	0	226	0	3592	0	16724	0	282	0	224	0	0	0	0	0	350	0	0	0	0	0	0	0	0	0	0	0	0	0	0	0	0	0	0	0	0	0	0	0	0	0	0	0	0	0	0	0	0	0	0	0	0	0	0	0	
90424	Parietal_Sup_R	0	438	0	0	0	0	0	0	0	0	0	0	0	0	0	0	0	0	0	1038	0	0	0	0	0	0	0	0	0	0	0	0	0	672	0	0	0	0	0	0	0	0	0	0	0	3406	0	0	0	9342	0	3792	0	0	0	0	0	2926	0	0	0	5920	0	1710	0	7284	0	6666	0	2018	0	0	0	0	0	0	0	0	0	0	0	0	0	0	0	0	0	0	0	0	0	0	0	0	0	0	0	0	0	0	0	0	0	0	0	0	0	0	0	0	0	0	0	0	0	0	
248816	Parietal_Inf_L	5196	234	970	0	0	0	822	124	0	0	1764	0	0	0	0	0	420	0	0	102	0	0	0	0	0	0	0	0	1338	0	0	0	164	0	364	0	678	0	0	0	0	0	206	0	190	0	0	0	510	0	16670	0	0	0	0	0	19496	0	16772	0	0	0	20408	0	19256	0	5474	0	486	0	612	0	224	0	0	0	894	0	150	0	3056	0	0	0	6394	0	0	0	1434	0	0	0	0	0	0	0	0	0	0	0	0	0	0	0	0	0	0	0	0	0	0	0	0	0	0	0	
97640	Parietal_Inf_R	0	958	0	0	0	0	0	0	0	0	0	0	0	0	0	0	0	0	0	558	0	0	0	0	0	0	0	0	0	0	0	0	0	454	0	0	0	0	0	0	0	0	0	0	0	0	0	0	0	2584	0	9132	0	0	0	0	0	2304	0	5920	0	0	0	8288	0	17016	0	168	0	934	0	0	0	0	0	0	0	0	0	0	0	136	0	0	0	244	0	0	0	124	0	0	0	0	0	0	0	0	0	0	0	0	0	0	0	0	0	0	0	0	0	0	0	0	0	0	
125692	SupraMarginal_L	3496	162	510	0	0	0	498	100	0	0	1448	0	0	0	0	0	1578	0	0	0	0	0	0	0	0	0	0	0	1590	0	0	0	0	0	0	0	502	0	0	0	0	0	0	0	0	0	0	0	0	0	1394	0	0	0	104	0	9496	0	226	0	20408	0	0	0	4222	0	0	0	316	0	786	0	240	0	0	0	948	0	0	0	5800	0	0	0	7262	0	0	0	1760	0	0	0	0	0	0	0	0	0	0	0	0	0	0	0	0	0	0	0	0	0	0	0	0	0	0	0	
90500	SupraMarginal_R	0	3846	142	234	0	0	0	146	0	0	0	0	0	0	0	0	0	1474	184	3618	0	0	0	0	0	0	0	0	0	1022	0	0	0	518	0	0	0	740	0	0	0	0	0	0	0	0	0	0	0	794	0	1748	0	0	0	0	0	6060	0	1710	0	8288	0	0	0	5450	0	192	0	4776	0	234	0	250	0	0	0	360	0	0	0	1906	0	0	0	1050	0	0	0	508	0	0	0	0	0	0	0	0	0	0	0	0	0	0	0	0	0	0	0	0	0	0	0	0	0	0	
119816	Angular_L	112	0	0	0	0	0	0	0	0	0	0	0	0	0	0	0	0	0	0	0	0	0	0	0	0	0	0	0	0	0	0	0	110	0	192	0	0	0	0	0	0	0	568	0	194	0	102	0	0	0	21784	0	168	0	0	0	2766	0	3592	0	19256	0	4222	0	0	0	1138	0	188	0	0	0	0	0	0	0	0	0	0	0	464	0	0	0	4550	0	0	0	502	0	0	0	0	0	0	0	0	0	0	0	0	0	0	0	0	0	0	0	0	0	0	0	0	0	0	0	
127460	Angular_R	0	980	0	0	0	0	0	0	0	0	0	0	0	0	0	0	0	0	0	0	0	0	0	0	0	0	0	0	0	0	0	0	0	258	0	0	0	0	0	0	0	0	0	0	0	268	0	0	0	7414	0	17544	0	0	0	0	0	278	0	7284	0	17016	0	5450	0	0	0	482	0	134	0	0	0	0	0	0	0	0	0	0	0	1562	0	0	0	4630	0	0	0	430	0	0	0	0	0	0	0	0	0	0	0	0	0	0	0	0	0	0	0	0	0	0	0	0	0	0	
250060	Precuneus_L	596	112	0	0	0	0	0	0	0	0	0	0	0	0	0	0	0	0	0	244	0	0	0	0	0	0	0	0	132	0	0	0	5666	2490	6992	1448	1834	360	624	134	0	0	10170	1276	8568	7048	2116	172	6358	5246	15636	1096	2304	188	140	0	2842	0	16724	0	5474	0	0	0	1138	0	0	11196	1444	480	264	0	0	0	0	0	370	166	0	0	0	0	0	0	1554	466	0	0	1454	508	0	0	0	0	0	0	0	0	0	0	0	0	0	0	0	0	0	0	0	0	0	0	0	0	0	0	
334364	Precuneus_R	0	846	0	0	0	0	0	0	0	0	0	0	0	0	0	0	0	0	0	2616	0	0	0	0	0	0	0	0	0	182	0	0	1486	13324	794	12126	150	4892	0	2416	0	0	234	14640	658	27082	0	4468	0	29564	0	7480	0	2724	0	2476	0	2662	0	6666	0	168	0	192	0	482	11196	0	390	8926	0	0	0	0	0	0	0	110	0	0	0	136	0	0	0	2762	0	0	0	4908	0	0	0	0	0	0	0	0	0	0	0	0	0	0	0	0	0	0	0	0	426	0	0	0	0	0	
192608	Paracentral_Lobule_L	6634	700	1206	124	0	0	0	0	0	0	0	0	0	0	0	0	276	0	8522	23088	0	0	0	0	0	0	0	0	266	0	0	0	3622	13940	2908	3444	438	96	0	0	0	0	0	0	0	0	0	0	0	192	3720	118	2064	0	0	0	3574	364	282	0	486	0	316	0	188	0	1444	390	0	9088	102	1042	518	200	242	0	630	322	0	0	162	0	0	0	2748	242	0	0	2484	122	0	0	0	0	0	0	0	0	0	0	0	0	0	0	0	0	0	0	0	0	0	0	0	0	0	0	
295112	Paracentral_Lobule_R	904	12418	0	382	0	0	0	0	0	0	0	0	0	0	0	0	0	0	2122	35238	0	0	0	0	0	0	0	0	0	156	0	0	908	22796	1194	5358	630	2334	0	110	0	0	0	812	0	2232	0	0	0	4672	0	1238	0	444	0	1048	0	11928	0	2018	0	934	0	4776	0	134	480	8926	9088	0	196	764	474	304	360	0	1874	4198	0	150	0	824	0	0	0	3242	0	0	0	1890	0	0	0	0	0	0	0	0	0	0	0	0	0	0	0	0	0	0	0	0	0	0	0	0	0	0	
393320	Caudate_L	974	2912	11068	7140	376	662	8046	2750	0	3500	1748	302	2402	1798	1688	4190	3238	0	7440	11460	8272	8574	0	532	112	154	2272	1818	10286	2160	7492	5386	0	2092	0	104	2348	134	184	0	0	0	0	0	0	0	0	0	0	0	502	0	0	0	514	0	746	0	224	0	612	0	786	0	0	0	264	0	102	196	0	15722	21404	4688	4974	280	18056	574	750	0	1222	0	530	0	398	0	0	0	502	0	0	0	0	0	0	0	0	0	0	0	0	0	0	0	0	0	0	0	0	0	0	0	0	0	0	0	
425404	Caudate_R	152	11454	1954	18976	0	2560	622	13360	0	14702	356	878	300	3322	298	16206	1016	186	4544	10936	3540	5074	0	3654	0	1966	280	904	1732	3948	1696	9466	426	482	0	0	210	1570	0	114	0	0	0	0	0	0	0	0	0	106	0	0	0	0	0	150	0	360	0	0	0	0	0	234	0	0	0	0	1042	764	15722	0	6208	30386	732	3920	1496	14124	0	0	220	0	222	0	0	0	0	0	0	132	0	0	0	0	0	0	0	0	0	0	0	0	0	0	0	0	0	0	0	0	0	0	0	0	0	0	
429184	Putamen_L	3612	622	28282	1190	7220	164	17870	526	2160	552	2526	160	5158	0	7050	556	2282	0	6072	2694	5360	4696	906	0	0	0	934	662	22986	190	5786	3334	166	790	288	266	11688	310	1750	0	1128	0	0	0	0	0	0	0	0	0	0	0	0	0	2350	0	234	126	0	0	224	0	240	0	0	0	0	0	518	474	21404	6208	0	1144	16822	0	8840	998	264	0	2226	0	1732	0	128	0	0	0	724	0	0	0	0	0	0	0	0	0	0	0	0	0	0	0	0	0	0	0	0	0	0	0	0	0	0	0	
392696	Putamen_R	144	3196	1378	17566	0	1718	450	16438	0	7826	142	8338	148	3390	112	12724	586	1826	3012	8224	288	856	156	4080	0	878	0	660	1010	23544	436	6522	510	1470	148	376	298	10342	0	4842	0	1134	0	0	0	0	0	112	0	0	0	0	0	0	0	3878	0	114	0	0	0	0	0	250	0	0	0	0	200	304	4688	30386	1144	0	112	3324	824	5664	0	0	0	388	0	192	0	0	0	0	0	0	0	0	0	0	0	0	0	0	0	0	0	0	0	0	0	0	0	0	0	0	0	0	0	0	0	0	
113124	Pallidum_L	1772	580	10180	326	0	0	4758	134	0	0	0	0	0	0	0	0	128	0	3428	1156	228	290	0	0	0	0	0	0	508	0	0	0	0	370	212	198	2238	218	212	0	110	0	0	0	0	0	0	0	0	0	0	0	0	0	0	0	96	0	0	0	0	0	0	0	0	0	0	0	242	360	4974	732	16822	112	0	0	5770	408	0	0	0	0	0	0	0	0	0	0	0	0	0	0	0	0	0	0	0	0	0	0	0	0	0	0	0	0	0	0	0	0	0	0	0	0	0	0	
31068	Pallidum_R	0	2198	0	1684	0	0	0	3004	0	0	0	0	0	0	0	0	0	0	0	0	0	0	0	0	0	0	0	0	0	0	0	0	0	0	0	0	0	526	0	310	0	0	0	0	0	0	0	0	0	0	0	0	0	0	0	288	0	0	0	0	0	0	0	0	0	0	0	0	0	0	280	3920	0	3324	0	0	0	0	0	0	0	0	0	0	0	0	0	0	0	0	0	0	0	0	0	0	0	0	0	0	0	0	0	0	0	0	0	0	0	0	0	0	0	0	0	0	
194432	Thalamus_L	4014	4638	1252	2600	0	0	638	774	0	614	0	0	0	0	0	614	386	0	1436	6410	0	0	0	0	0	0	0	0	3954	110	0	0	106	1520	554	1722	7600	1236	1576	0	0	0	0	0	0	0	0	0	0	0	748	0	0	0	1520	0	698	440	350	0	894	0	948	0	0	0	370	0	630	1874	18056	1496	8840	824	5770	0	0	7810	1366	0	902	0	0	0	698	0	0	0	1228	0	0	0	0	0	0	0	0	0	0	0	0	0	0	0	0	0	0	0	0	0	0	0	0	0	0	0	
218824	Thalamus_R	1238	21590	0	13334	0	0	174	2690	0	882	0	528	0	180	0	858	0	296	1248	5794	0	0	0	0	0	0	0	0	400	1932	0	0	0	0	1968	3398	4322	6132	900	1590	0	0	0	0	0	0	0	268	0	0	0	0	0	0	280	934	0	2634	0	0	0	0	0	360	0	0	166	110	322	4198	574	14124	998	5664	408	0	7810	0	424	0	102	140	0	0	0	0	0	0	132	0	0	0	0	0	0	0	132	178	0	0	0	0	0	0	0	0	0	0	0	0	0	0	0	0	0	0	
64428	Heschl_L	2346	128	346	0	0	0	980	0	0	0	754	0	0	0	0	0	3296	0	0	0	0	0	0	0	0	0	0	0	6350	0	0	0	0	0	266	318	2918	382	0	0	0	0	0	0	0	0	0	0	0	0	0	0	0	0	1944	0	1878	0	0	0	150	0	0	0	0	0	0	0	0	0	750	0	264	0	0	0	1366	424	0	0	2256	0	0	0	1894	0	0	0	3204	0	0	0	0	0	0	0	0	0	0	0	0	0	0	0	0	0	0	0	0	0	0	0	0	0	0	0	
21160	Heschl_R	0	0	0	252	0	0	0	124	0	0	0	0	0	0	0	0	0	1338	0	242	0	0	0	0	0	0	0	0	0	2264	0	0	0	0	0	0	0	802	0	282	0	0	0	0	0	0	0	0	0	522	0	380	0	0	0	374	0	0	0	0	0	0	0	0	0	0	0	0	0	150	0	0	0	0	0	0	0	0	0	0	0	3636	0	0	0	0	0	0	0	214	0	0	0	0	0	0	0	0	0	0	0	0	0	0	0	0	0	0	0	0	0	0	0	0	0	0	
181112	Temporal_Sup_L	2446	0	3136	262	0	0	2496	106	0	156	4354	0	140	0	0	156	8962	0	638	306	0	0	0	0	0	0	0	0	10564	0	0	0	126	172	0	0	2190	94	0	0	0	0	0	0	0	0	0	0	0	0	1524	0	534	0	2960	0	1490	0	0	0	3056	0	5800	0	464	0	0	0	162	0	1222	220	2226	0	0	0	902	102	2256	0	0	0	4110	0	16662	0	0	0	10562	0	0	0	0	0	0	0	0	0	0	0	0	0	0	0	0	0	0	0	0	0	0	0	0	0	0	0	
80664	Temporal_Sup_R	0	642	0	1594	0	0	0	1024	0	0	0	200	0	0	0	208	0	2596	0	1512	0	0	0	0	0	0	0	0	0	5646	0	0	0	144	0	0	0	1436	0	746	0	0	0	0	0	0	0	0	0	1156	0	844	0	0	0	1170	0	180	0	0	0	136	0	1906	0	1562	0	136	0	824	0	0	0	388	0	0	0	140	0	3636	0	0	0	1462	0	8730	0	98	0	2216	0	0	0	0	0	0	0	0	0	0	0	0	0	0	0	0	0	0	0	0	0	0	0	0	0	0	
89972	Temporal_Pole_Sup_L	0	0	998	244	502	0	300	106	252	160	3830	0	432	0	1356	160	3594	0	524	250	360	0	0	0	0	0	0	0	7266	0	0	0	0	158	0	0	1334	0	376	0	752	0	0	0	0	0	0	0	0	0	0	0	0	0	2094	0	0	0	0	0	0	0	0	0	0	0	0	0	0	0	530	222	1732	0	0	0	0	0	0	0	4110	0	0	0	5098	0	3406	0	4840	0	0	0	0	0	0	0	0	0	0	0	0	0	0	0	0	0	0	0	0	0	0	0	0	0	0	0	
45940	Temporal_Pole_Sup_R	0	0	0	732	0	0	0	0	0	0	0	706	0	0	0	398	0	1104	0	590	0	0	0	0	0	0	0	0	0	1126	0	0	0	0	0	0	0	128	0	1762	0	1206	0	0	0	0	0	0	0	0	0	0	0	0	0	5484	0	0	0	0	0	0	0	0	0	0	0	0	0	0	0	0	0	192	0	0	0	0	0	0	0	1462	0	0	0	1516	0	3390	0	3174	0	0	0	0	0	0	0	0	0	0	0	0	0	0	0	0	0	0	0	0	0	0	0	0	0	0	
269564	Temporal_Mid_L	5576	0	0	0	0	0	174	0	0	0	748	0	0	0	0	0	4850	0	0	0	0	0	0	0	0	0	0	0	2600	0	0	0	1400	0	1618	0	600	0	0	0	0	0	1244	0	380	0	444	0	0	0	14462	0	4756	0	1672	0	5092	0	0	0	6394	0	7262	0	4550	0	1554	0	2748	0	398	0	128	0	0	0	698	0	1894	0	16662	0	5098	0	0	0	3962	0	37818	0	0	0	0	0	0	0	0	0	0	0	0	0	0	0	0	0	0	0	0	0	0	0	0	0	0	0	
162088	Temporal_Mid_R	0	1542	0	0	0	0	0	0	0	0	0	0	0	0	0	0	0	0	0	3040	0	0	0	0	0	0	0	0	0	518	0	0	0	2264	0	294	0	1054	0	680	0	0	0	1358	0	2326	0	0	0	5254	0	10468	0	3330	0	3320	0	0	0	0	0	244	0	1050	0	4630	466	2762	242	3242	0	0	0	0	0	0	0	0	0	0	0	8730	0	1516	0	0	0	914	0	21800	0	0	0	0	0	0	0	0	0	0	0	0	0	0	0	0	0	0	0	0	0	0	0	0	0	0	
23796	Temporal_Pole_Mid_L	0	0	0	0	0	0	0	0	0	0	0	0	0	0	0	0	0	0	0	0	0	0	0	0	0	0	0	0	0	0	0	0	0	0	0	0	0	0	0	0	0	0	0	0	0	0	0	0	0	0	0	0	0	0	374	0	0	0	0	0	0	0	0	0	0	0	0	0	0	0	0	0	0	0	0	0	0	0	0	0	0	0	3406	0	3962	0	0	0	4156	0	0	0	0	0	0	0	0	0	0	0	0	0	0	0	0	0	0	0	0	0	0	0	0	0	0	0	
16408	Temporal_Pole_Mid_R	0	0	0	0	0	0	0	0	0	0	0	0	0	0	0	0	0	0	0	0	0	0	0	0	0	0	0	0	0	0	0	0	0	0	0	0	0	0	0	952	0	0	0	0	0	0	0	0	0	0	0	0	0	0	0	1760	0	0	0	0	0	0	0	0	0	0	0	0	0	0	0	0	0	0	0	0	0	0	0	0	0	98	0	3390	0	914	0	0	0	1090	0	0	0	0	0	0	0	0	0	0	0	0	0	0	0	0	0	0	0	0	0	0	0	0	0	0	
286704	Temporal_Inf_L	5630	128	894	0	0	0	2794	0	0	0	554	0	0	0	0	0	5120	0	0	0	0	0	0	0	0	0	0	0	8574	0	0	0	0	0	1880	0	7032	0	438	0	1212	0	928	0	0	0	0	0	0	0	6226	0	9434	0	14148	0	3450	0	0	0	1434	0	1760	0	502	0	1454	0	2484	0	502	0	724	0	0	0	1228	132	3204	0	10562	0	4840	0	37818	0	4156	0	0	0	2744	0	270	0	0	0	114	0	742	0	116	0	124	0	0	0	0	0	0	0	0	0	0	0	0	0	
171664	Temporal_Inf_R	0	1330	0	0	0	0	0	0	0	0	0	0	0	0	0	0	0	0	0	1950	0	0	0	0	0	0	0	0	0	1478	0	0	0	1206	0	2346	0	2288	0	1286	0	0	0	2356	0	1954	0	576	0	2842	0	3902	0	8978	0	13352	0	0	0	0	0	124	0	508	0	430	508	4908	122	1890	0	132	0	0	0	0	0	0	0	214	0	2216	0	3174	0	21800	0	1090	0	0	0	2430	0	138	0	0	0	0	0	162	0	0	0	142	0	0	0	0	0	0	0	0	0	0	0	0	
459044	Cerebelum_Crus1_L	0	0	0	0	0	0	0	0	0	0	0	0	0	0	0	0	0	0	0	0	0	0	0	0	0	0	0	0	0	0	0	0	0	0	0	0	226	0	134	0	0	0	0	0	0	0	5056	2504	0	0	0	0	442	0	20324	1522	0	0	0	0	0	0	0	0	0	0	0	0	0	0	0	0	0	0	0	0	0	0	0	0	0	0	0	0	0	0	0	0	2744	0	0	6494	36088	4124	564	474	13940	616	55552	8700	12046	0	20610	654	5848	1552	1062	0	0	152	4174	8970	10114	2032	2336	468	
569528	Cerebelum_Crus1_R	0	0	0	0	0	0	0	0	0	0	0	0	0	0	0	0	0	0	0	0	0	0	0	0	0	0	0	0	0	0	0	0	0	0	0	0	0	0	0	0	0	0	0	0	0	0	1294	3850	0	0	0	0	162	236	838	13312	0	0	0	0	0	0	0	0	0	0	0	0	0	0	0	0	0	0	0	0	0	0	0	0	0	0	0	0	0	0	0	0	0	2430	6494	0	3596	58088	536	3732	2568	17464	8386	63656	428	10652	628	35208	666	8568	0	1456	196	1054	6940	12150	12414	3384	4114	264	
352396	Cerebelum_Crus2_L	0	0	0	0	0	0	0	0	0	0	0	0	0	0	0	0	0	0	0	0	0	0	0	0	0	0	0	0	0	0	0	0	0	0	0	0	102	0	0	0	0	0	0	0	0	0	348	116	0	0	0	0	0	0	2262	114	0	0	0	0	0	0	0	0	0	0	0	0	0	0	0	0	0	0	0	0	0	0	0	0	0	0	0	0	0	0	0	0	270	0	36088	3596	0	5418	212	94	2000	272	9288	3186	39438	1594	40350	3312	8426	1452	808	0	0	0	186	1468	9266	4568	1846	118	
426736	Cerebelum_Crus2_R	0	0	0	0	0	0	0	0	0	0	0	0	0	0	0	0	0	0	0	0	0	0	0	0	0	0	0	0	0	0	0	0	0	0	0	0	0	0	0	0	0	0	0	0	0	0	262	1002	0	0	0	0	0	0	0	2306	0	0	0	0	0	0	0	0	0	0	0	0	0	0	0	0	0	0	0	0	0	0	0	0	0	0	0	0	0	0	0	0	0	138	4124	58088	5418	0	198	1102	754	5472	3364	28426	1684	24144	2010	38198	448	6340	0	546	130	350	2350	5608	10646	5842	4276	142	
69216	Cerebelum_3_L	0	0	0	0	0	0	0	0	0	0	0	0	0	0	0	0	0	0	0	0	0	0	0	0	0	0	0	0	0	0	0	0	0	0	0	0	0	0	296	0	0	0	0	0	0	0	370	650	0	0	0	0	0	0	484	754	0	0	0	0	0	0	0	0	0	0	0	0	0	0	0	0	0	0	0	0	0	0	0	0	0	0	0	0	0	0	0	0	0	0	564	536	212	198	0	382	9402	1516	4580	1846	0	0	926	120	2436	830	252	0	862	1676	3330	1598	0	0	228	560	
88608	Cerebelum_3_R	0	0	0	0	0	0	0	0	0	0	0	0	0	0	0	0	0	0	0	0	0	0	0	0	0	0	0	0	0	0	0	0	0	0	0	0	0	0	0	0	0	0	0	0	0	0	162	160	0	0	0	0	0	0	0	498	0	0	0	0	0	0	0	0	0	0	0	0	0	0	0	0	0	0	0	0	0	0	0	0	0	0	0	0	0	0	0	0	0	0	474	3732	94	1102	382	0	1758	9592	1136	7896	0	274	112	1062	408	2424	0	0	888	3292	5082	1602	344	118	1196	516	
341044	Cerebelum_4_5_L	0	0	0	0	0	0	0	0	0	0	0	0	0	0	0	0	0	0	0	0	0	0	0	0	0	0	0	0	0	0	0	0	0	0	0	0	186	126	1310	0	0	0	0	0	0	0	9968	5414	0	0	0	0	190	110	13154	4762	0	0	0	0	0	0	0	0	0	0	0	0	0	0	0	0	0	0	0	0	0	132	0	0	0	0	0	0	0	0	0	0	114	0	13940	2568	2000	754	9402	1758	0	9068	34252	8890	608	0	3968	632	6768	1824	788	0	1798	2840	24568	5684	126	0	886	1934	
283844	Cerebelum_4_5_R	0	0	0	0	0	0	0	0	0	0	0	0	0	0	0	0	0	0	0	0	0	0	0	0	0	0	0	0	0	0	0	0	0	0	0	0	0	754	0	1084	0	0	0	0	0	0	1274	5032	0	0	0	0	0	110	362	9908	0	0	0	0	0	0	0	0	0	0	0	0	0	0	0	0	0	0	0	0	0	178	0	0	0	0	0	0	0	0	0	0	0	0	616	17464	272	5472	1516	9592	9068	0	3030	31632	0	1260	348	5824	950	5562	0	1062	556	2618	18464	3188	1364	496	1766	1100	
550632	Cerebelum_6_L	0	0	0	0	0	0	0	0	0	0	0	0	0	0	0	0	0	0	0	0	0	0	0	0	0	0	0	0	0	0	0	0	0	0	0	0	288	0	840	0	0	0	0	248	0	0	13316	10808	0	110	186	146	942	316	30326	5852	0	0	0	0	0	0	0	0	0	0	0	0	0	0	0	0	0	0	0	0	0	0	0	0	0	0	0	0	0	0	0	0	742	0	55552	8386	9288	3364	4580	1136	34252	3030	0	16818	3578	0	9366	248	7964	3022	1292	0	286	586	14054	21826	7066	930	2680	1892	
629684	Cerebelum_6_R	0	0	0	0	0	0	0	0	0	0	0	0	0	0	0	0	0	0	0	0	0	0	0	0	0	0	0	0	0	0	0	0	0	0	0	0	0	0	0	0	0	0	0	192	0	0	2374	13996	0	0	120	0	264	598	2382	22162	0	0	0	0	0	0	0	0	0	0	0	0	0	0	0	0	0	0	0	0	0	0	0	0	0	0	0	0	0	0	0	0	0	162	8700	63656	3186	28426	1846	7896	8890	31632	16818	0	396	3642	748	17444	2326	10312	112	2042	342	1964	18054	23152	12124	3332	4740	812	
232844	Cerebelum_7b_L	0	0	0	0	0	0	0	0	0	0	0	0	0	0	0	0	0	0	0	0	0	0	0	0	0	0	0	0	0	0	0	0	0	0	0	0	0	0	0	0	0	0	0	0	0	0	150	0	0	0	0	0	0	0	456	0	0	0	0	0	0	0	0	0	0	0	0	0	0	0	0	0	0	0	0	0	0	0	0	0	0	0	0	0	0	0	0	0	116	0	12046	428	39438	1684	0	0	608	0	3578	396	0	978	37532	3796	5172	480	366	0	0	0	122	262	2942	5078	794	0	
139212	Cerebelum_7b_R	0	0	0	0	0	0	0	0	0	0	0	0	0	0	0	0	0	0	0	0	0	0	0	0	0	0	0	0	0	0	0	0	0	0	0	0	0	0	0	0	0	0	0	0	0	0	0	0	0	0	0	0	0	0	0	654	0	0	0	0	0	0	0	0	0	0	0	0	0	0	0	0	0	0	0	0	0	0	0	0	0	0	0	0	0	0	0	0	0	0	0	10652	1594	24144	0	274	0	1260	0	3642	978	0	758	22112	0	524	0	0	0	0	300	0	766	1948	0	0	
352092	Cerebelum_8_L	0	0	0	0	0	0	0	0	0	0	0	0	0	0	0	0	0	0	0	0	0	0	0	0	0	0	0	0	0	0	0	0	0	0	0	0	0	0	0	0	0	0	0	0	0	0	486	152	0	0	0	0	0	0	952	144	0	0	0	0	0	0	0	0	0	0	0	0	0	0	0	0	0	0	0	0	0	0	0	0	0	0	0	0	0	0	0	0	124	0	20610	628	40350	2010	926	112	3968	348	9366	748	37532	758	0	5854	24394	2708	3892	0	0	0	1264	650	4814	8800	4342	114	
353236	Cerebelum_8_R	0	0	0	0	0	0	0	0	0	0	0	0	0	0	0	0	0	0	0	0	0	0	0	0	0	0	0	0	0	0	0	0	0	0	0	0	0	0	0	0	0	0	0	0	0	0	0	0	0	0	0	0	0	0	0	1444	0	0	0	0	0	0	0	0	0	0	0	0	0	0	0	0	0	0	0	0	0	0	0	0	0	0	0	0	0	0	0	0	0	142	654	35208	3312	38198	120	1062	632	5824	248	17444	3796	22112	5854	0	656	18850	0	1606	0	420	1900	234	5580	8380	2942	0	
191292	Cerebelum_9_L	0	0	0	0	0	0	0	0	0	0	0	0	0	0	0	0	0	0	0	0	0	0	0	0	0	0	0	0	0	0	0	0	0	0	0	0	0	0	0	0	0	0	0	0	0	0	268	1016	0	0	0	0	0	0	126	786	0	0	0	0	0	0	0	0	0	0	0	0	0	0	0	0	0	0	0	0	0	0	0	0	0	0	0	0	0	0	0	0	0	0	5848	666	8426	448	2436	408	6768	950	7964	2326	5172	0	24394	656	0	3538	5378	0	212	354	3322	4892	1484	1834	3618	2356	
216928	Cerebelum_9_R	0	0	0	0	0	0	0	0	0	0	0	0	0	0	0	0	0	0	0	0	0	0	0	0	0	0	0	0	0	0	0	0	0	0	0	0	0	0	0	0	0	0	0	0	0	0	116	386	0	0	0	0	0	0	0	442	0	0	0	0	0	0	0	0	0	0	0	0	0	0	0	0	0	0	0	0	0	0	0	0	0	0	0	0	0	0	0	0	0	0	1552	8568	1452	6340	830	2424	1824	5562	3022	10312	480	524	2708	18850	3538	0	190	2696	904	1476	3918	6858	4864	4702	10184	3742	
29984	Cerebelum_10_L	0	0	0	0	0	0	0	0	0	0	0	0	0	0	0	0	0	0	0	0	0	0	0	0	0	0	0	0	0	0	0	0	0	0	0	0	0	0	0	0	0	0	0	0	0	0	0	0	0	0	0	0	0	0	0	0	0	0	0	0	0	0	0	0	0	0	0	0	0	0	0	0	0	0	0	0	0	0	0	0	0	0	0	0	0	0	0	0	0	0	1062	0	808	0	252	0	788	0	1292	112	366	0	3892	0	5378	190	0	0	0	0	198	312	0	0	178	164	
22760	Cerebelum_10_R	0	0	0	0	0	0	0	0	0	0	0	0	0	0	0	0	0	0	0	0	0	0	0	0	0	0	0	0	0	0	0	0	0	0	0	0	0	0	0	0	0	0	0	0	0	0	0	0	0	0	0	0	0	0	0	0	0	0	0	0	0	0	0	0	0	0	0	0	0	0	0	0	0	0	0	0	0	0	0	0	0	0	0	0	0	0	0	0	0	0	0	1456	0	546	0	0	0	1062	0	2042	0	0	0	1606	0	2696	0	0	0	0	112	362	672	286	540	0	
28696	Vermis_1_2	0	0	0	0	0	0	0	0	0	0	0	0	0	0	0	0	0	0	0	0	0	0	0	0	0	0	0	0	0	0	0	0	0	0	0	0	0	0	0	0	0	0	0	0	0	0	0	0	0	0	0	0	0	0	0	128	0	0	0	0	0	0	0	0	0	0	0	0	0	0	0	0	0	0	0	0	0	0	0	0	0	0	0	0	0	0	0	0	0	0	0	196	0	130	862	888	1798	556	286	342	0	0	0	0	212	904	0	0	0	4750	2088	528	0	0	392	288	
55972	Vermis_3	0	0	0	0	0	0	0	0	0	0	0	0	0	0	0	0	0	0	0	0	0	0	0	0	0	0	0	0	0	0	0	0	0	0	0	0	0	0	118	0	0	0	0	0	0	0	0	164	0	0	0	0	0	0	0	244	0	0	0	0	0	0	0	0	0	0	0	0	0	0	0	0	0	0	0	0	0	0	0	0	0	0	0	0	0	0	0	0	0	0	152	1054	0	350	1676	3292	2840	2618	586	1964	0	0	0	420	354	1476	0	0	4750	0	3696	926	134	0	672	500	
311232	Vermis_4_5	0	0	0	0	0	0	0	0	0	0	0	0	0	0	0	0	0	0	0	0	0	0	0	0	0	0	0	0	0	0	0	0	0	0	0	148	0	148	0	0	0	0	0	284	0	234	6340	8374	0	0	0	0	174	146	4468	6384	0	0	0	0	0	0	0	0	0	0	0	426	0	0	0	0	0	0	0	0	0	0	0	0	0	0	0	0	0	0	0	0	0	0	4174	6940	186	2350	3330	5082	24568	18464	14054	18054	122	300	1264	1900	3322	3918	198	112	2088	3696	0	9248	280	0	1446	3394	
316116	Vermis_6	0	0	0	0	0	0	0	0	0	0	0	0	0	0	0	0	0	0	0	0	0	0	0	0	0	0	0	0	0	0	0	0	0	0	0	0	0	0	0	0	0	0	0	282	0	0	3658	12876	0	130	106	172	320	562	3262	8182	0	0	0	0	0	0	0	0	0	0	0	0	0	0	0	0	0	0	0	0	0	0	0	0	0	0	0	0	0	0	0	0	0	0	8970	12150	1468	5608	1598	1602	5684	3188	21826	23152	262	0	650	234	4892	6858	312	362	528	926	9248	0	7320	1664	5580	4426	
218716	Vermis_7	0	0	0	0	0	0	0	0	0	0	0	0	0	0	0	0	0	0	0	0	0	0	0	0	0	0	0	0	0	0	0	0	0	0	0	0	0	0	0	0	0	0	0	0	0	0	1088	844	0	0	0	0	154	0	926	526	0	0	0	0	0	0	0	0	0	0	0	0	0	0	0	0	0	0	0	0	0	0	0	0	0	0	0	0	0	0	0	0	0	0	10114	12414	9266	10646	0	344	126	1364	7066	12124	2942	766	4814	5580	1484	4864	0	672	0	134	280	7320	0	7856	5476	168	
