data	data	561764	241360	1.36475e+06	972872	161808	139596	698336	294568	108920	36836	312576	242052	438316	144620	238192	130448	269576	147464	1.20843e+06	912484	82308	139656	530988	533008	139560	168328	87644	111756	817996	465400	452544	710720	291444	637496	129980	148800	259316	297060	110696	198524	36428	46780	182108	236404	155972	327700	351992	166292	187436	330856	366916	204860	202424	111816	404812	423772	276288	168556	118324	71040	157808	64432	104328	80120	107860	87372	255964	345664	345000	226084	324868	431988	425144	455116	63720	46688	169436	131240	79056	56620	253196	149444	155912	76500	310408	250008	35708	30964	254280	253668	378356	348484	223268	240344	43144	41524	300064	181604	483136	373372	210568	148836	259564	220188	124404	94908	37024	14692	25508	54240	218520	222244	168844	89872	64972	13376	
data	data	Precentral_L	Precentral_R	Frontal_Sup_L	Frontal_Sup_R	Frontal_Sup_Orb_L	Frontal_Sup_Orb_R	Frontal_Mid_L	Frontal_Mid_R	Frontal_Mid_Orb_L	Frontal_Mid_Orb_R	Frontal_Inf_Oper_L	Frontal_Inf_Oper_R	Frontal_Inf_Tri_L	Frontal_Inf_Tri_R	Frontal_Inf_Orb_L	Frontal_Inf_Orb_R	Rolandic_Oper_L	Rolandic_Oper_R	Supp_Motor_Area_L	Supp_Motor_Area_R	Olfactory_L	Olfactory_R	Frontal_Sup_Medial_L	Frontal_Sup_Medial_R	Frontal_Med_Orb_L	Frontal_Med_Orb_R	Rectus_L	Rectus_R	Insula_L	Insula_R	Cingulum_Ant_L	Cingulum_Ant_R	Cingulum_Mid_L	Cingulum_Mid_R	Cingulum_Post_L	Cingulum_Post_R	Hippocampus_L	Hippocampus_R	ParaHippocampal_L	ParaHippocampal_R	Amygdala_L	Amygdala_R	Calcarine_L	Calcarine_R	Cuneus_L	Cuneus_R	Lingual_L	Lingual_R	Occipital_Sup_L	Occipital_Sup_R	Occipital_Mid_L	Occipital_Mid_R	Occipital_Inf_L	Occipital_Inf_R	Fusiform_L	Fusiform_R	Postcentral_L	Postcentral_R	Parietal_Sup_L	Parietal_Sup_R	Parietal_Inf_L	Parietal_Inf_R	SupraMarginal_L	SupraMarginal_R	Angular_L	Angular_R	Precuneus_L	Precuneus_R	Paracentral_Lobule_L	Paracentral_Lobule_R	Caudate_L	Caudate_R	Putamen_L	Putamen_R	Pallidum_L	Pallidum_R	Thalamus_L	Thalamus_R	Heschl_L	Heschl_R	Temporal_Sup_L	Temporal_Sup_R	Temporal_Pole_Sup_L	Temporal_Pole_Sup_R	Temporal_Mid_L	Temporal_Mid_R	Temporal_Pole_Mid_L	Temporal_Pole_Mid_R	Temporal_Inf_L	Temporal_Inf_R	Cerebelum_Crus1_L	Cerebelum_Crus1_R	Cerebelum_Crus2_L	Cerebelum_Crus2_R	Cerebelum_3_L	Cerebelum_3_R	Cerebelum_4_5_L	Cerebelum_4_5_R	Cerebelum_6_L	Cerebelum_6_R	Cerebelum_7b_L	Cerebelum_7b_R	Cerebelum_8_L	Cerebelum_8_R	Cerebelum_9_L	Cerebelum_9_R	Cerebelum_10_L	Cerebelum_10_R	Vermis_1_2	Vermis_3	Vermis_4_5	Vermis_6	Vermis_7	Vermis_8	Vermis_9	Vermis_10	
561764	Precentral_L	0	5078	26586	422	0	0	30362	0	0	0	11600	0	2360	0	0	0	12466	0	13608	9272	0	0	0	0	0	0	0	0	19402	0	0	0	316	5400	4072	4930	7612	2894	1488	1044	0	0	0	460	0	154	284	354	0	0	772	0	1044	0	308	812	31558	486	0	0	4282	0	336	0	336	0	1198	1842	13630	7352	7384	146	14332	0	2642	0	17032	142	7194	0	4020	0	612	0	1882	0	0	0	1178	198	0	0	0	0	0	0	0	0	0	0	0	0	0	0	0	0	0	0	0	0	0	0	0	0	0	0	
241360	Precentral_R	5078	0	3322	4702	0	0	544	7538	0	0	0	8910	0	882	0	0	0	1814	6142	12216	0	0	0	0	0	0	0	0	338	1594	0	230	642	1874	0	266	770	2036	0	702	0	0	0	338	0	1162	0	0	0	1082	0	698	0	660	0	2354	1336	16030	0	0	0	872	0	1708	0	142	0	1816	3194	9134	2794	1304	1184	1888	1752	158	1430	1752	0	444	0	1714	0	0	0	1492	0	0	0	4642	0	0	0	0	0	0	0	0	0	0	0	0	0	0	0	0	0	0	0	0	0	0	0	0	0	0	
1.36475e+06	Frontal_Sup_L	26586	3322	0	19232	11886	180	96646	2644	6918	0	22136	1020	41652	318	15296	274	10732	0	134432	17632	310	174	48858	16154	3802	462	1608	0	54212	3296	18502	16428	9152	12818	0	928	3348	1352	1322	0	0	0	0	0	0	0	0	0	0	0	0	0	0	0	426	0	5358	442	0	0	1038	0	0	0	0	0	0	0	1220	234	15576	9676	21590	2760	2246	0	5014	3146	978	0	4238	0	3518	0	790	0	0	0	494	0	0	0	0	0	0	0	0	0	0	0	0	0	0	0	0	0	0	0	0	0	0	0	0	0	0	0	
972872	Frontal_Sup_R	422	4702	19232	0	236	6966	3480	45282	0	1242	296	17006	3892	8076	362	5900	0	7998	25076	68508	198	924	21366	47616	1352	4840	0	1496	4252	25892	13030	47166	5160	21270	0	0	0	3050	0	1110	0	142	0	0	0	0	0	0	0	0	0	0	0	0	0	1722	0	1390	0	0	0	306	0	780	0	144	0	0	602	0	1694	23562	988	27274	0	1060	338	4200	0	712	0	1564	0	1326	0	240	0	0	0	994	0	0	0	0	0	0	0	0	0	0	0	0	0	0	0	0	0	0	0	0	0	0	0	0	0	0	
161808	Frontal_Sup_Orb_L	0	0	11886	236	0	310	1962	0	12688	0	0	0	562	0	9728	0	0	0	996	0	878	250	4852	524	9022	1110	8746	394	2652	0	4066	730	0	0	0	0	0	0	0	0	0	0	0	0	0	0	0	0	0	0	0	0	0	0	0	0	0	0	0	0	0	0	0	0	0	0	0	0	0	0	1540	174	6686	0	0	0	0	0	0	0	0	0	912	0	0	0	0	0	0	0	0	0	0	0	0	0	0	0	0	0	0	0	0	0	0	0	0	0	0	0	0	0	0	0	0	0	
139596	Frontal_Sup_Orb_R	0	0	180	6966	310	0	0	1016	0	7380	0	0	0	0	0	5880	0	0	0	0	654	2220	1174	3762	1098	9556	694	11280	0	1566	1876	2886	0	0	0	0	0	0	0	0	0	0	0	0	0	0	0	0	0	0	0	0	0	0	0	0	0	0	0	0	0	0	0	0	0	0	0	0	0	0	528	4260	346	6166	0	0	0	0	0	0	0	0	0	0	0	0	0	0	0	0	0	0	0	0	0	0	0	0	0	0	0	0	0	0	0	0	0	0	0	0	0	0	0	0	0	0	
698336	Frontal_Mid_L	30362	544	96646	3480	1962	0	0	562	4686	0	13564	0	38980	0	12926	0	2850	0	36344	3556	0	0	19234	5600	0	0	0	0	29140	1326	2740	2362	3620	5304	818	680	3030	508	648	172	0	0	0	0	0	0	174	0	0	0	138	0	230	0	0	0	3122	0	0	0	2722	0	0	0	0	0	232	0	0	0	2412	526	8362	144	602	0	2342	0	1994	0	1754	0	2108	0	414	0	0	0	248	0	0	0	0	0	0	0	0	0	0	0	0	0	0	0	0	0	0	0	0	0	0	0	0	0	0	0	
294568	Frontal_Mid_R	0	7538	2644	45282	0	1016	562	0	0	1498	0	13642	488	17652	0	7130	0	2288	3902	6300	0	0	2438	5372	0	0	0	0	496	10980	430	3918	638	3606	0	0	0	300	0	0	0	0	0	0	0	0	0	0	0	0	0	0	0	0	0	0	0	1458	0	0	0	0	0	0	0	0	0	0	0	0	138	2028	0	4212	0	0	0	236	0	550	0	248	0	294	0	0	0	0	0	0	0	0	0	0	0	0	0	0	0	0	0	0	0	0	0	0	0	0	0	0	0	0	0	0	0	0	
108920	Frontal_Mid_Orb_L	0	0	6918	0	12688	0	4686	0	0	0	0	0	3094	0	14744	0	0	0	194	0	0	0	610	0	736	0	3722	0	2820	0	496	0	0	0	0	0	0	0	0	0	0	0	0	0	0	0	0	0	0	0	0	0	0	0	0	0	0	0	0	0	0	0	0	0	0	0	0	0	0	0	254	0	2348	0	0	0	0	0	0	0	0	0	1150	0	0	0	0	0	0	0	0	0	0	0	0	0	0	0	0	0	0	0	0	0	0	0	0	0	0	0	0	0	0	0	0	0	
36836	Frontal_Mid_Orb_R	0	0	0	1242	0	7380	0	1498	0	0	0	0	0	374	0	5178	0	0	0	0	0	0	0	0	0	430	0	1222	0	226	0	0	0	0	0	0	0	0	0	0	0	0	0	0	0	0	0	0	0	0	0	0	0	0	0	0	0	0	0	0	0	0	0	0	0	0	0	0	0	0	0	0	0	868	0	0	0	0	0	0	0	0	0	0	0	0	0	0	0	0	0	0	0	0	0	0	0	0	0	0	0	0	0	0	0	0	0	0	0	0	0	0	0	0	0	0	
312576	Frontal_Inf_Oper_L	11600	0	22136	296	0	0	13564	0	0	0	0	0	19620	0	292	0	17714	0	18518	316	0	0	0	0	0	0	0	0	32332	0	0	0	0	0	0	0	928	0	630	0	0	0	0	0	0	0	0	0	0	0	0	0	0	0	430	0	4780	0	0	0	0	0	0	0	0	0	0	0	0	0	270	0	1822	0	0	0	0	0	508	0	4482	0	5720	0	330	0	0	0	0	0	0	0	0	0	0	0	0	0	0	0	0	0	0	0	0	0	0	0	0	0	0	0	0	0	0	0	
242052	Frontal_Inf_Oper_R	0	8910	1020	17006	0	0	0	13642	0	0	0	0	0	12782	0	2658	0	10930	1260	7090	0	0	242	822	0	0	0	0	0	25580	214	1888	144	400	0	0	0	638	0	0	0	0	0	0	0	0	0	0	0	0	0	0	0	0	0	258	0	3356	0	0	0	0	0	278	0	0	0	0	0	0	168	660	0	5478	0	158	160	160	0	1302	0	1992	0	1830	0	0	0	0	0	0	0	0	0	0	0	0	0	0	0	0	0	0	0	0	0	0	0	0	0	0	0	0	0	0	0	0	
438316	Frontal_Inf_Tri_L	2360	0	41652	3892	562	0	38980	488	3094	0	19620	0	0	172	16568	0	2650	0	25014	4212	0	0	1682	710	0	0	0	0	44636	222	1260	2620	740	1508	0	0	172	0	0	0	0	0	0	0	0	0	0	0	0	0	0	0	0	0	0	0	440	0	0	0	0	0	0	0	0	0	0	0	0	0	870	836	1880	164	0	0	0	0	0	0	414	0	1740	0	0	0	0	0	0	0	0	0	0	0	0	0	0	0	0	0	0	0	0	0	0	0	0	0	0	0	0	0	0	0	0	0	
144620	Frontal_Inf_Tri_R	0	882	318	8076	0	0	0	17652	0	374	0	12782	172	0	0	8518	0	1046	634	1904	0	0	284	1036	0	0	0	0	172	13378	240	2274	0	560	0	0	0	0	0	0	0	0	0	0	0	0	0	0	0	0	0	0	0	0	0	0	0	0	0	0	0	0	0	0	0	0	0	0	0	0	0	884	0	1124	0	0	0	0	0	0	0	0	0	0	0	0	0	0	0	0	0	0	0	0	0	0	0	0	0	0	0	0	0	0	0	0	0	0	0	0	0	0	0	0	0	0	
238192	Frontal_Inf_Orb_L	0	0	15296	362	9728	0	12926	0	14744	0	292	0	16568	0	0	0	0	0	3578	248	1644	0	882	326	0	0	1232	0	20878	0	0	312	322	0	0	0	0	0	0	0	194	0	0	0	0	0	0	0	0	0	0	0	0	0	474	0	0	0	0	0	0	0	0	0	0	0	0	0	0	0	952	564	6984	0	0	0	0	0	0	0	382	0	6554	0	1352	0	1266	0	1036	0	0	0	0	0	0	0	0	0	0	0	0	0	0	0	0	0	0	0	0	0	0	0	0	0	0	0	
130448	Frontal_Inf_Orb_R	0	0	274	5900	0	5880	0	7130	0	5178	0	2658	0	8518	0	0	0	250	442	1298	442	2214	0	184	0	260	0	2000	0	12834	0	374	0	142	0	0	0	292	0	274	0	208	0	0	0	0	0	0	0	0	0	0	0	0	0	378	0	0	0	0	0	0	0	0	0	0	0	0	0	0	172	1574	0	4954	0	0	0	0	0	0	0	180	0	1214	0	0	0	0	0	0	0	0	0	0	0	0	0	0	0	0	0	0	0	0	0	0	0	0	0	0	0	0	0	0	0	0	
269576	Rolandic_Oper_L	12466	0	10732	0	0	0	2850	0	0	0	17714	0	2650	0	0	0	0	0	9574	0	0	0	0	0	0	0	0	0	27654	0	0	0	0	0	0	0	298	0	212	0	0	0	0	0	0	0	0	0	0	0	860	0	706	0	156	0	15616	0	0	0	1958	0	4160	0	956	0	192	0	828	0	0	0	328	0	0	0	0	0	3724	0	11594	0	5092	0	3402	0	0	0	1066	0	0	0	0	0	0	0	0	0	0	0	0	0	0	0	0	0	0	0	0	0	0	0	0	0	0	0	
147464	Rolandic_Oper_R	0	1814	0	7998	0	0	0	2288	0	0	0	10930	0	1046	0	250	0	0	140	3062	0	0	0	0	0	0	0	0	0	16354	0	358	0	0	0	0	0	1996	0	456	0	0	0	0	0	184	0	0	0	260	0	0	0	0	0	720	0	2452	0	0	0	0	0	2302	0	0	0	0	0	0	0	0	0	3002	0	0	0	352	0	6898	0	7578	0	1480	0	754	0	0	0	1058	0	0	0	0	0	0	0	0	0	0	0	0	0	0	0	0	0	0	0	0	0	0	0	0	0	0	
1.20843e+06	Supp_Motor_Area_L	13608	6142	134432	25076	996	0	36344	3902	194	0	18518	1260	25014	634	3578	442	9574	140	0	54466	254	0	21618	10394	666	202	586	0	43814	5128	10870	19924	16384	29724	942	1088	3888	1338	1982	0	0	0	0	0	0	0	0	0	0	0	0	0	0	0	1110	0	4158	682	0	0	194	0	0	0	0	0	262	0	19150	1166	20182	9992	21326	3552	2190	0	5642	3544	272	0	3386	0	2614	0	360	0	0	0	1312	0	0	0	0	0	0	0	0	0	0	0	0	0	0	0	0	0	0	0	0	0	0	0	0	0	0	0	
912484	Supp_Motor_Area_R	9272	12216	17632	68508	0	0	3556	6300	0	0	316	7090	4212	1904	248	1298	0	3062	54466	0	0	0	4902	11180	0	342	0	0	4718	17134	6700	24664	14500	53940	1016	2652	558	2624	0	1008	0	0	0	2390	0	2390	0	234	0	1404	0	1120	0	320	0	2182	182	3086	0	0	0	354	0	876	0	152	400	5070	22222	25206	2696	14836	1514	16202	1464	1188	714	8252	0	0	0	780	0	732	0	1696	0	0	0	2562	0	0	0	0	0	0	0	0	0	0	0	0	0	0	0	0	0	0	0	0	0	0	0	0	0	0	
82308	Olfactory_L	0	0	310	198	878	654	0	0	0	0	0	0	0	0	1644	442	0	0	254	0	0	5844	0	286	1310	958	1356	1516	2312	576	3236	2012	0	0	0	0	166	0	248	0	722	0	0	0	0	0	0	0	0	0	0	0	0	0	0	0	0	0	0	0	0	0	0	0	0	0	0	0	0	0	6472	3098	3546	1454	410	322	0	0	0	0	0	0	930	0	0	0	0	0	0	0	0	0	0	0	0	0	0	0	0	0	0	0	0	0	0	0	0	0	0	0	0	0	0	0	0	0	
139656	Olfactory_R	0	0	174	924	250	2220	0	0	0	0	0	0	0	0	0	2214	0	0	0	0	5844	0	280	870	1142	2938	1546	4854	0	3252	4586	4878	0	0	0	0	0	388	0	524	0	708	0	0	0	0	0	0	0	0	0	0	0	0	0	376	0	0	0	0	0	0	0	0	0	0	0	0	0	0	9174	9770	5072	3654	964	2894	0	0	0	0	0	0	0	332	0	0	0	0	0	0	0	0	0	0	0	0	0	0	0	0	0	0	0	0	0	0	0	0	0	0	0	0	0	0	0	0	
530988	Frontal_Sup_Medial_L	0	0	48858	21366	4852	1174	19234	2438	610	0	0	242	1682	284	882	0	0	0	21618	4902	0	280	0	34420	6804	3216	652	494	1686	1384	28390	25296	12192	18776	0	0	0	0	0	0	0	0	0	0	0	0	0	0	0	0	0	0	0	0	0	0	0	0	0	0	0	0	0	0	0	0	0	0	0	0	664	1134	944	1020	0	0	0	0	0	0	0	0	0	0	0	0	0	0	0	0	0	0	0	0	0	0	0	0	0	0	0	0	0	0	0	0	0	0	0	0	0	0	0	0	0	0	
533008	Frontal_Sup_Medial_R	0	0	16154	47616	524	3762	5600	5372	0	0	0	822	710	1036	326	184	0	0	10394	11180	286	870	34420	0	4260	9374	160	1704	1022	3802	16714	41164	3632	19914	0	0	0	0	0	0	0	0	0	0	0	0	0	0	0	0	0	0	0	0	0	0	0	0	0	0	0	0	0	0	0	0	0	0	0	0	1180	14838	844	8640	0	0	0	0	0	0	0	0	0	0	0	0	0	0	0	0	0	0	0	0	0	0	0	0	0	0	0	0	0	0	0	0	0	0	0	0	0	0	0	0	0	0	
139560	Frontal_Med_Orb_L	0	0	3802	1352	9022	1098	0	0	736	0	0	0	0	0	0	0	0	0	666	0	1310	1142	6804	4260	0	6268	5616	1238	0	0	13788	5238	316	0	0	0	0	0	0	0	0	0	0	0	0	0	0	0	0	0	0	0	0	0	0	0	0	0	0	0	0	0	0	0	0	0	0	0	0	0	1852	1854	2354	1064	0	0	0	0	0	0	0	0	0	0	0	0	0	0	0	0	0	0	0	0	0	0	0	0	0	0	0	0	0	0	0	0	0	0	0	0	0	0	0	0	0	0	
168328	Frontal_Med_Orb_R	0	0	462	4840	1110	9556	0	0	0	430	0	0	0	0	0	260	0	0	202	342	958	2938	3216	9374	6268	0	2120	10992	0	316	6426	11766	0	0	0	0	0	0	0	0	0	0	0	0	0	0	0	0	0	0	0	0	0	0	0	0	0	0	0	0	0	0	0	0	0	0	0	0	0	0	802	6080	500	5206	0	0	0	0	0	0	0	0	0	0	0	0	0	0	0	0	0	0	0	0	0	0	0	0	0	0	0	0	0	0	0	0	0	0	0	0	0	0	0	0	0	0	
87644	Rectus_L	0	0	1608	0	8746	694	0	0	3722	0	0	0	0	0	1232	0	0	0	586	0	1356	1546	652	160	5616	2120	0	2492	252	0	3996	1482	0	0	0	0	0	0	0	0	0	0	0	0	0	0	0	0	0	0	0	0	0	0	0	0	0	0	0	0	0	0	0	0	0	0	0	0	0	0	3026	972	3164	400	0	0	0	0	0	0	0	0	0	0	0	0	0	0	0	0	0	0	0	0	0	0	0	0	0	0	0	0	0	0	0	0	0	0	0	0	0	0	0	0	0	0	
111756	Rectus_R	0	0	0	1496	394	11280	0	0	0	1222	0	0	0	0	0	2000	0	0	0	0	1516	4854	494	1704	1238	10992	2492	0	0	1284	1342	4722	0	0	0	0	0	0	0	0	0	158	0	0	0	0	0	0	0	0	0	0	0	0	0	0	0	0	0	0	0	0	0	0	0	0	0	0	0	0	1342	3752	754	2842	0	0	0	0	0	0	0	0	0	0	0	0	0	0	0	0	0	0	0	0	0	0	0	0	0	0	0	0	0	0	0	0	0	0	0	0	0	0	0	0	0	0	
817996	Insula_L	19402	338	54212	4252	2652	0	29140	496	2820	0	32332	0	44636	172	20878	0	27654	0	43814	4718	2312	0	1686	1022	0	0	252	0	0	248	1280	2944	974	1746	248	0	10324	0	3570	0	2156	0	0	0	0	0	0	0	0	0	574	0	784	0	3494	0	8876	0	0	0	1220	0	428	0	726	0	418	0	988	174	1658	1438	20154	168	0	0	320	0	9788	0	15538	0	14762	0	6234	0	816	0	4162	0	0	0	0	0	0	0	0	0	0	0	0	0	0	0	0	0	0	0	0	0	0	0	0	0	0	0	
465400	Insula_R	0	1594	3296	25892	0	1566	1326	10980	0	226	0	25580	222	13378	0	12834	0	16354	5128	17134	576	3252	1384	3802	0	316	0	1284	248	0	454	3698	700	6022	0	174	0	5764	0	1838	0	838	0	144	0	446	0	142	0	506	0	198	0	236	0	3116	0	646	0	0	0	0	0	158	0	0	0	238	0	0	506	3324	184	28140	0	0	378	2346	0	5930	0	9464	0	3242	0	4398	0	0	0	3098	0	0	0	0	0	0	0	0	0	0	0	0	0	0	0	0	0	0	0	0	0	0	0	0	0	0	
452544	Cingulum_Ant_L	0	0	18502	13030	4066	1876	2740	430	496	0	0	214	1260	240	0	0	0	0	10870	6700	3236	4586	28390	16714	13788	6426	3996	1342	1280	454	0	34458	12458	10856	214	0	0	0	0	0	0	0	0	0	0	0	0	0	0	0	0	0	0	0	0	0	0	0	0	0	0	0	0	0	0	0	0	0	210	0	7536	7588	6840	4052	166	1258	0	0	0	0	0	0	0	0	0	0	0	0	0	0	0	0	0	0	0	0	0	0	0	0	0	0	0	0	0	0	0	0	0	0	0	0	0	0	0	0	
710720	Cingulum_Ant_R	0	230	16428	47166	730	2886	2362	3918	0	0	0	1888	2620	2274	312	374	0	358	19924	24664	2012	4878	25296	41164	5238	11766	1482	4722	2944	3698	34458	0	11722	32326	0	0	0	0	0	0	0	0	0	0	0	0	0	0	0	0	0	0	0	0	0	0	0	0	0	0	0	0	0	0	0	0	0	0	0	0	4032	25574	2272	14068	0	1394	180	0	0	0	0	0	0	0	0	0	0	0	0	0	0	0	0	0	0	0	0	0	0	0	0	0	0	0	0	0	0	0	0	0	0	0	0	0	0	0	
291444	Cingulum_Mid_L	316	642	9152	5160	0	0	3620	638	0	0	0	144	740	0	322	0	0	0	16384	14500	0	0	12192	3632	316	0	0	0	974	700	12458	11722	0	26410	4398	1500	0	0	0	0	0	0	270	0	672	0	0	0	488	0	428	0	0	0	0	0	0	0	378	0	0	0	0	0	0	0	4070	628	9870	786	422	630	546	614	0	0	0	0	0	0	0	0	0	0	0	0	0	0	0	0	0	0	0	0	0	0	0	0	0	0	0	0	0	0	0	0	0	0	0	0	0	0	0	0	0	0	
637496	Cingulum_Mid_R	5400	1874	12818	21270	0	0	5304	3606	0	0	0	400	1508	560	0	142	0	0	29724	53940	0	0	18776	19914	0	0	0	0	1746	6022	10856	32326	26410	0	1864	4352	0	0	0	0	0	0	0	2488	0	3970	0	244	0	2378	0	1418	0	150	0	282	0	954	0	0	0	0	0	0	0	0	1644	9754	15624	17076	432	352	354	646	0	0	0	0	0	0	0	0	0	0	0	1274	0	0	0	896	0	0	0	0	0	0	0	0	0	0	0	0	0	0	0	0	0	0	0	0	0	0	0	0	0	0	
129980	Cingulum_Post_L	4072	0	0	0	0	0	818	0	0	0	0	0	0	0	0	0	0	0	942	1016	0	0	0	0	0	0	0	0	248	0	214	0	4398	1864	0	9938	5704	2172	780	1274	0	0	1270	1006	348	0	608	694	576	0	0	194	0	926	208	1808	0	136	0	0	0	0	0	0	0	0	8268	2628	6068	1066	0	0	1410	0	0	0	2548	0	176	0	0	0	0	0	0	248	0	0	184	1180	0	0	0	0	0	0	0	0	0	0	0	0	0	0	0	0	0	0	0	0	0	0	0	0	0	0	
148800	Cingulum_Post_R	4930	266	928	0	0	0	680	0	0	0	0	0	0	0	0	0	0	0	1088	2652	0	0	0	0	0	0	0	0	0	174	0	0	1500	4352	9938	0	1744	7344	0	2294	0	0	0	2644	0	556	0	1944	0	0	0	282	0	1456	0	2568	0	526	0	0	0	0	0	0	0	0	1132	6694	1168	2696	1310	0	1312	0	0	0	7218	552	0	0	0	0	0	0	0	1060	0	0	0	3010	0	0	0	0	0	0	0	0	0	0	0	0	0	0	0	0	0	0	0	0	382	0	0	0	0	0	
259316	Hippocampus_L	7612	770	3348	0	0	0	3030	0	0	0	928	0	172	0	0	0	298	0	3888	558	166	0	0	0	0	0	0	0	10324	0	0	0	0	0	5704	1744	0	1316	14310	942	6574	0	3200	0	1062	0	4822	0	0	0	552	0	1078	0	12846	836	184	0	0	0	0	0	0	0	0	0	7372	222	452	592	150	0	11716	0	1994	0	3222	0	2030	0	2842	0	1012	0	2932	0	0	0	8460	0	0	0	0	0	0	0	0	0	0	0	0	0	0	0	0	0	0	0	0	398	0	0	0	0	0	0	
297060	Hippocampus_R	2894	2036	1352	3050	0	0	508	300	0	0	0	638	0	0	0	292	0	1996	1338	2624	0	388	0	0	0	0	0	0	0	5764	0	0	0	0	2172	7344	1316	0	0	26012	0	6346	0	1318	0	356	0	3082	0	372	0	364	0	1220	0	26644	0	338	0	0	0	0	0	358	0	0	0	3146	0	0	1280	488	940	13920	0	570	6948	7584	0	1078	0	956	0	338	0	1392	0	0	0	6896	0	0	0	0	0	414	0	1840	0	0	0	0	0	0	0	0	0	0	0	0	318	0	0	0	0	0	
110696	ParaHippocampal_L	1488	0	1322	0	0	0	648	0	0	0	630	0	0	0	0	0	212	0	1982	0	248	0	0	0	0	0	0	0	3570	0	0	0	0	0	780	0	14310	0	0	0	2378	0	1052	0	260	0	4816	0	0	0	578	0	888	0	7804	0	0	0	0	0	0	0	0	0	0	0	2290	0	0	0	0	0	3636	0	0	0	380	0	0	0	634	0	700	0	446	0	240	0	1922	0	218	0	0	0	182	0	506	0	544	0	0	0	0	0	0	0	0	0	200	484	0	0	0	0	0	0	
198524	ParaHippocampal_R	1044	702	0	1110	0	0	172	0	0	0	0	0	0	0	0	274	0	456	0	1008	0	524	0	0	0	0	0	0	0	1838	0	0	0	0	1274	2294	942	26012	0	0	0	5596	0	1038	0	0	0	4192	0	0	0	222	0	948	0	23800	0	0	0	0	0	0	0	0	0	0	0	1816	0	0	0	262	396	7282	0	492	1524	2060	0	432	0	380	0	1456	0	840	0	752	0	3274	0	0	0	0	0	772	0	3814	0	264	0	0	0	0	0	0	0	0	0	0	0	0	0	0	0	0	
36428	Amygdala_L	0	0	0	0	0	0	0	0	0	0	0	0	0	0	194	0	0	0	0	0	722	0	0	0	0	0	0	0	2156	0	0	0	0	0	0	0	6574	0	2378	0	0	0	0	0	0	0	0	0	0	0	0	0	0	0	3162	0	0	0	0	0	0	0	0	0	0	0	0	0	0	0	318	0	810	0	0	0	0	0	0	0	0	0	1068	0	0	0	0	0	832	0	0	0	0	0	0	0	0	0	0	0	0	0	0	0	0	0	0	0	0	0	0	0	0	0	0	0	
46780	Amygdala_R	0	0	0	142	0	0	0	0	0	0	0	0	0	0	0	208	0	0	0	0	0	708	0	0	0	0	0	158	0	838	0	0	0	0	0	0	0	6346	0	5596	0	0	0	0	0	0	0	0	0	0	0	0	0	0	0	5266	0	0	0	0	0	0	0	0	0	0	0	0	0	0	0	152	0	942	0	0	0	656	0	0	0	0	0	1846	0	0	0	270	0	0	0	0	0	0	0	0	0	262	0	0	0	0	0	0	0	0	0	0	0	0	0	0	0	0	0	0	
182108	Calcarine_L	0	0	0	0	0	0	0	0	0	0	0	0	0	0	0	0	0	0	0	0	0	0	0	0	0	0	0	0	0	0	0	0	270	0	1270	0	3200	0	1052	0	0	0	0	4906	10666	2320	11336	1738	7232	1044	16790	0	7752	136	3314	230	0	0	0	0	0	0	0	0	0	0	9452	228	1502	0	0	0	0	0	0	0	0	0	0	0	0	0	0	0	1996	0	0	0	1452	0	252	0	0	0	168	0	1242	0	1016	0	0	0	0	0	0	0	0	0	0	0	490	0	0	0	0	0	
236404	Calcarine_R	460	338	0	0	0	0	0	0	0	0	0	0	0	0	0	0	0	0	0	2390	0	0	0	0	0	0	0	0	0	144	0	0	0	2488	1006	2644	0	1318	0	1038	0	0	4906	0	2894	15974	3400	15104	0	10216	0	9510	0	11512	0	10184	0	1110	0	0	0	0	0	0	0	0	578	12880	242	3014	0	0	0	0	0	0	0	0	0	0	0	0	0	0	0	1450	0	0	0	3402	0	0	0	0	0	0	0	0	0	0	0	0	0	0	0	0	0	0	0	0	0	0	0	0	0	0	
155972	Cuneus_L	0	0	0	0	0	0	0	0	0	0	0	0	0	0	0	0	0	0	0	0	0	0	0	0	0	0	0	0	0	0	0	0	672	0	348	0	1062	0	260	0	0	0	10666	2894	0	3234	2540	0	22894	542	15364	0	3198	0	666	0	274	0	584	0	0	0	0	0	186	0	7810	568	2036	0	0	0	0	0	0	0	0	0	170	0	0	0	0	0	1326	0	0	0	692	0	0	0	0	0	0	0	0	0	0	0	0	0	0	0	0	0	0	0	0	0	0	0	0	0	0	0	
327700	Cuneus_R	154	1162	0	0	0	0	0	0	0	0	0	0	0	0	0	0	0	184	0	2390	0	0	0	0	0	0	0	0	0	446	0	0	0	3970	0	556	0	356	0	0	0	0	2320	15974	3234	0	1694	2696	0	40716	0	14640	0	3312	0	1006	0	6486	0	5284	0	1472	0	1158	0	510	5080	29682	212	4894	0	0	0	0	0	0	0	0	0	0	0	1732	0	0	0	9042	0	0	0	3488	0	0	0	0	0	0	0	0	0	0	0	0	0	0	0	0	0	0	0	0	0	0	0	0	0	0	
351992	Lingual_L	284	0	0	0	0	0	174	0	0	0	0	0	0	0	0	0	0	0	0	0	0	0	0	0	0	0	0	0	0	0	0	0	0	0	608	0	4822	0	4816	0	0	0	11336	3400	2540	1694	0	2858	1714	548	13022	0	12136	0	26762	1814	0	0	0	0	0	0	0	0	0	0	4890	0	0	0	0	0	286	0	0	0	516	0	0	0	0	0	0	0	516	0	0	0	1028	0	6926	5186	278	0	864	0	13882	1604	22958	9318	412	0	518	206	332	148	190	0	0	174	5524	10172	1540	0	0	0	
166292	Lingual_R	354	0	0	0	0	0	0	0	0	0	0	0	0	0	0	0	0	0	0	234	0	0	0	0	0	0	0	0	0	142	0	0	0	244	694	1944	0	3082	0	4192	0	0	1738	15104	0	2696	2858	0	0	3854	0	2650	0	5422	716	13980	0	0	0	0	0	0	0	0	0	0	0	5056	0	248	0	0	0	0	0	0	402	302	0	0	0	0	0	0	0	0	0	0	0	604	530	698	0	0	0	454	262	3368	1634	4302	0	0	0	0	0	0	0	0	0	0	2554	2828	0	0	0	0	
187436	Occipital_Sup_L	0	0	0	0	0	0	0	0	0	0	0	0	0	0	0	0	0	0	0	0	0	0	0	0	0	0	0	0	0	0	0	0	488	0	576	0	0	0	0	0	0	0	7232	0	22894	0	1714	0	0	0	30724	0	3944	0	476	0	258	0	10206	0	684	0	0	0	946	0	10010	468	2296	0	0	0	0	0	0	0	0	0	0	0	0	0	0	0	802	0	0	0	0	0	0	0	0	0	0	0	0	0	0	0	0	0	0	0	0	0	0	0	0	0	0	0	0	0	0	0	
330856	Occipital_Sup_R	0	1082	0	0	0	0	0	0	0	0	0	0	0	0	0	0	0	260	0	1404	0	0	0	0	0	0	0	0	0	506	0	0	0	2378	0	0	0	372	0	0	0	0	1044	10216	542	40716	548	3854	0	0	0	20386	0	3844	0	1074	0	5504	0	10974	0	2784	0	2620	0	6418	2996	23446	0	2656	0	0	0	0	0	0	0	0	0	0	0	2364	0	0	0	13928	0	0	0	3512	0	0	0	0	0	0	0	0	0	0	0	0	0	0	0	0	0	0	0	0	0	0	0	0	0	0	
366916	Occipital_Mid_L	772	0	0	0	0	0	138	0	0	0	0	0	0	0	0	0	860	0	0	0	0	0	0	0	0	0	0	0	574	0	0	0	428	0	0	0	552	0	578	0	0	0	16790	0	15364	0	13022	0	30724	0	0	0	31380	0	7768	0	704	0	10002	0	4858	0	474	0	10548	0	7930	0	6046	0	0	0	0	0	0	0	0	0	362	0	1112	0	0	0	13894	0	0	0	6522	0	258	0	0	0	0	0	230	0	776	290	0	0	0	0	0	0	0	0	0	0	136	366	0	0	0	0	
204860	Occipital_Mid_R	0	698	0	0	0	0	0	0	0	0	0	0	0	0	0	0	0	0	0	1120	0	0	0	0	0	0	0	0	0	198	0	0	0	1418	194	282	0	364	0	222	0	0	0	9510	0	14640	0	2650	0	20386	0	0	0	7220	0	2434	0	2780	0	1414	0	1134	0	346	0	5910	352	7460	0	1792	0	0	0	0	0	0	0	0	0	0	0	934	0	0	0	15260	0	0	0	3712	0	0	0	0	0	0	0	0	0	0	0	0	0	0	0	0	0	0	0	0	0	0	0	0	0	0	
202424	Occipital_Inf_L	1044	0	0	0	0	0	230	0	0	0	0	0	0	0	0	0	706	0	0	0	0	0	0	0	0	0	0	0	784	0	0	0	0	0	0	0	1078	0	888	0	0	0	7752	0	3198	0	12136	0	3944	0	31380	0	0	0	13104	0	282	0	336	0	0	0	276	0	0	0	3206	0	932	0	0	0	0	0	0	0	0	0	396	0	714	0	0	0	3462	0	0	0	9924	0	870	332	0	0	0	0	386	0	1814	790	0	0	0	0	0	0	0	0	0	0	206	1042	0	0	0	0	
111816	Occipital_Inf_R	0	660	0	0	0	0	0	0	0	0	0	0	0	0	0	0	0	0	0	320	0	0	0	0	0	0	0	0	0	236	0	0	0	150	926	1456	0	1220	0	948	0	0	136	11512	0	3312	0	5422	0	3844	0	7220	0	0	0	9362	0	0	0	0	0	0	0	0	0	0	0	1220	0	192	0	0	0	0	0	0	0	0	0	136	0	0	0	0	0	1482	0	0	0	5826	0	188	0	0	0	0	0	0	0	140	0	0	0	0	0	0	0	0	0	0	0	0	0	0	0	0	
404812	Fusiform_L	308	0	426	0	0	0	0	0	0	0	430	0	0	0	474	0	156	0	1110	0	0	0	0	0	0	0	0	0	3494	0	0	0	0	0	208	0	12846	0	7804	0	3162	0	3314	0	666	0	26762	716	476	0	7768	0	13104	0	0	738	0	0	0	0	0	0	0	0	0	0	2110	0	240	0	0	0	2010	0	0	0	192	0	590	0	2242	0	2184	0	3892	0	2322	0	16932	0	16738	2754	542	0	1014	0	15022	0	31600	4646	896	0	1148	0	878	0	538	0	0	0	1956	6524	1474	0	0	0	
423772	Fusiform_R	812	2354	0	1722	0	0	0	0	0	0	0	258	0	0	0	378	0	720	0	2182	0	376	0	0	0	0	0	0	0	3116	0	0	0	282	1808	2568	836	26644	0	23800	0	5266	230	10184	0	1006	1814	13980	0	1074	0	2434	0	9362	738	0	0	470	0	0	0	328	0	778	0	668	0	3104	0	526	0	222	286	9372	0	284	980	1944	0	568	0	1424	0	6370	0	6396	0	3164	0	23524	594	7876	0	250	0	636	454	7622	2016	12980	0	0	0	222	0	0	0	0	0	0	1944	2940	0	0	0	0	
276288	Postcentral_L	31558	1336	5358	0	0	0	3122	0	0	0	4780	0	440	0	0	0	15616	0	4158	182	0	0	0	0	0	0	0	0	8876	0	0	0	0	0	0	0	184	0	0	0	0	0	0	0	274	0	0	0	258	0	704	0	282	0	0	0	0	0	6786	0	17954	0	8964	0	3066	0	4890	0	9034	0	1438	0	144	0	168	0	1154	0	2826	0	3272	0	0	0	1076	0	0	0	244	0	0	0	0	0	0	0	0	0	0	0	0	0	0	0	0	0	0	0	0	0	0	0	0	0	0	0	
168556	Postcentral_R	486	16030	442	1390	0	0	0	1458	0	0	0	3356	0	0	0	0	0	2452	682	3086	0	0	0	0	0	0	0	0	0	646	0	0	0	954	136	526	0	338	0	0	0	0	0	1110	0	6486	0	0	0	5504	0	2780	0	0	0	470	0	0	0	3038	0	3068	0	6624	0	576	204	11468	320	7468	0	0	0	414	0	0	0	0	0	200	0	642	0	0	0	706	0	0	0	1218	0	0	0	0	0	0	0	0	0	0	0	0	0	0	0	0	0	0	0	0	0	0	0	0	0	0	
118324	Parietal_Sup_L	0	0	0	0	0	0	0	0	0	0	0	0	0	0	0	0	0	0	0	0	0	0	0	0	0	0	0	0	0	0	0	0	378	0	0	0	0	0	0	0	0	0	0	0	584	0	0	0	10206	0	10002	0	336	0	0	0	6786	0	0	0	9838	0	0	0	2818	0	15060	212	2942	0	0	0	0	0	0	0	0	0	0	0	0	0	0	0	0	0	0	0	0	0	0	0	0	0	0	0	0	0	0	0	0	0	0	0	0	0	0	0	0	0	0	0	0	0	0	0	
71040	Parietal_Sup_R	0	0	0	0	0	0	0	0	0	0	0	0	0	0	0	0	0	0	0	0	0	0	0	0	0	0	0	0	0	0	0	0	0	0	0	0	0	0	0	0	0	0	0	0	0	5284	0	0	0	10974	0	1414	0	0	0	0	0	3038	0	0	0	998	0	0	0	4864	240	7032	0	844	0	0	0	0	0	0	0	0	0	0	0	0	0	0	0	664	0	0	0	168	0	0	0	0	0	0	0	0	0	0	0	0	0	0	0	0	0	0	0	0	0	0	0	0	0	0	
157808	Parietal_Inf_L	4282	0	1038	0	0	0	2722	0	0	0	0	0	0	0	0	0	1958	0	194	0	0	0	0	0	0	0	0	0	1220	0	0	0	0	0	0	0	0	0	0	0	0	0	0	0	0	0	0	0	684	0	4858	0	0	0	0	0	17954	0	9838	0	0	0	11096	0	13760	0	1534	0	3214	0	142	0	0	0	0	0	0	0	0	0	1576	0	0	0	2834	0	0	0	0	0	0	0	0	0	0	0	0	0	0	0	0	0	0	0	0	0	0	0	0	0	0	0	0	0	0	0	
64432	Parietal_Inf_R	0	872	0	306	0	0	0	0	0	0	0	0	0	0	0	0	0	0	0	354	0	0	0	0	0	0	0	0	0	0	0	0	0	0	0	0	0	0	0	0	0	0	0	0	0	1472	0	0	0	2784	0	1134	0	0	0	328	0	3068	0	998	0	0	0	7312	0	8492	0	1390	0	0	0	0	0	0	0	0	0	0	0	0	0	1472	0	0	0	948	0	0	0	1286	0	0	0	0	0	0	0	0	0	0	0	0	0	0	0	0	0	0	0	0	0	0	0	0	0	0	
104328	SupraMarginal_L	336	0	0	0	0	0	0	0	0	0	0	0	0	0	0	0	4160	0	0	0	0	0	0	0	0	0	0	0	428	0	0	0	0	0	0	0	0	0	0	0	0	0	0	0	0	0	0	0	0	0	474	0	276	0	0	0	8964	0	0	0	11096	0	0	0	6506	0	0	0	1774	0	0	0	0	0	0	0	0	0	206	0	9342	0	0	0	8166	0	0	0	436	0	0	0	0	0	0	0	0	0	0	0	0	0	0	0	0	0	0	0	0	0	0	0	0	0	0	0	
80120	SupraMarginal_R	0	1708	0	780	0	0	0	0	0	0	0	278	0	0	0	0	0	2302	0	876	0	0	0	0	0	0	0	0	0	158	0	0	0	0	0	0	0	358	0	0	0	0	0	0	0	1158	0	0	0	2620	0	346	0	0	0	778	0	6624	0	0	0	7312	0	0	0	4370	166	880	0	0	0	0	0	0	0	0	0	154	0	0	0	4724	0	0	0	1340	0	0	0	3128	0	0	0	0	0	0	0	0	0	0	0	0	0	0	0	0	0	0	0	0	0	0	0	0	0	0	
107860	Angular_L	336	0	0	0	0	0	0	0	0	0	0	0	0	0	0	0	956	0	0	0	0	0	0	0	0	0	0	0	726	0	0	0	0	0	0	0	0	0	0	0	0	0	0	0	186	0	0	0	946	0	10548	0	0	0	0	0	3066	0	2818	0	13760	0	6506	0	0	0	960	0	3024	0	0	0	0	0	0	0	0	0	0	0	2916	0	0	0	6878	0	0	0	304	0	0	0	0	0	0	0	0	0	0	0	0	0	0	0	0	0	0	0	0	0	0	0	0	0	0	0	
87372	Angular_R	0	142	0	144	0	0	0	0	0	0	0	0	0	0	0	0	0	0	0	152	0	0	0	0	0	0	0	0	0	0	0	0	0	0	0	0	0	0	0	0	0	0	0	0	0	510	0	0	0	6418	0	5910	0	0	0	668	0	576	0	4864	0	8492	0	4370	0	0	0	390	0	0	0	0	0	0	0	0	0	0	0	0	0	3334	0	0	0	5548	0	0	0	2168	0	0	0	0	0	0	0	0	0	0	0	0	0	0	0	0	0	0	0	0	0	0	0	0	0	0	
255964	Precuneus_L	1198	0	0	0	0	0	232	0	0	0	0	0	0	0	0	0	192	0	262	400	0	0	0	0	0	0	0	0	418	0	0	0	4070	1644	8268	1132	7372	0	2290	0	0	0	9452	578	7810	5080	4890	0	10010	2996	7930	352	3206	0	2110	0	4890	204	15060	240	1534	0	0	166	960	0	0	10340	7722	454	0	0	240	0	0	0	0	0	436	0	168	212	0	0	1516	576	0	0	1372	0	0	0	0	0	0	0	0	0	0	0	0	0	0	0	0	0	0	0	0	0	0	0	0	0	0	0	
345664	Precuneus_R	1842	1816	0	0	0	0	0	0	0	0	0	0	0	0	0	0	0	0	0	5070	0	0	0	0	0	0	0	0	0	238	0	0	628	9754	2628	6694	222	3146	0	1816	0	0	228	12880	568	29682	0	5056	468	23446	0	7460	0	1220	0	3104	0	11468	212	7032	0	1390	0	880	0	390	10340	0	782	11564	0	0	310	0	0	0	1056	0	0	0	0	1600	0	0	0	4390	0	0	0	2576	0	0	0	0	0	0	0	252	0	0	0	0	0	0	0	0	0	0	0	0	624	0	0	0	0	0	
345000	Paracentral_Lobule_L	13630	3194	1220	602	0	0	0	0	0	0	0	0	0	0	0	0	828	0	19150	22222	0	0	0	0	0	0	0	0	988	0	210	0	9870	15624	6068	1168	452	0	0	0	0	0	1502	242	2036	212	0	0	2296	0	6046	0	932	0	240	0	9034	320	2942	0	3214	0	1774	0	3024	0	7722	782	0	7656	2944	446	2912	0	1252	0	408	238	376	0	1930	0	0	0	11932	0	0	0	4862	0	0	0	0	0	0	0	0	0	0	0	0	0	0	0	0	0	0	0	0	0	0	0	0	0	0	0	
226084	Paracentral_Lobule_R	7352	9134	234	0	0	0	0	0	0	0	0	0	0	0	0	0	0	0	1166	25206	0	0	0	0	0	0	0	0	174	0	0	0	786	17076	1066	2696	592	0	0	0	0	0	0	3014	0	4894	0	248	0	2656	0	1792	0	192	0	526	0	7468	0	844	0	0	0	0	0	0	454	11564	7656	0	1088	0	744	0	946	0	456	0	0	0	0	192	0	0	0	1506	0	0	0	1320	0	0	0	0	0	0	0	0	0	0	0	0	0	0	0	0	0	0	0	0	0	0	0	0	0	0	
324868	Caudate_L	7384	2794	15576	1694	1540	528	2412	138	254	0	270	168	870	0	952	172	0	0	20182	2696	6472	9174	664	1180	1852	802	3026	1342	1658	506	7536	4032	422	432	0	1310	150	1280	0	0	318	0	0	0	0	0	0	0	0	0	0	0	0	0	0	0	1438	0	0	0	142	0	0	0	0	0	0	0	2944	1088	0	12334	21366	2928	4322	2826	12006	960	0	0	0	0	144	0	0	0	0	0	0	150	0	0	0	0	0	0	0	0	0	0	0	0	0	0	0	0	0	0	0	0	0	0	0	0	0	0	
431988	Caudate_R	146	1304	9676	23562	174	4260	526	2028	0	0	0	660	836	884	564	1574	0	0	9992	14836	3098	9770	1134	14838	1854	6080	972	3752	1438	3324	7588	25574	630	352	0	0	0	488	0	262	0	152	0	0	0	0	0	0	0	0	0	0	0	0	0	222	0	0	0	0	0	0	0	0	0	0	0	0	446	0	12334	0	6538	23878	1156	5736	600	12756	0	0	0	0	0	0	0	0	0	0	0	0	0	0	0	0	0	0	0	0	0	0	0	0	0	0	0	0	0	0	0	0	0	0	0	0	0	0	
425144	Putamen_L	14332	1184	21590	988	6686	346	8362	0	2348	0	1822	0	1880	0	6984	0	328	0	21326	1514	3546	5072	944	844	2354	500	3164	754	20154	184	6840	2272	546	354	1410	1312	11716	940	3636	396	810	0	0	0	0	0	286	0	0	0	0	0	0	0	2010	286	144	0	0	0	0	0	0	0	0	0	240	310	2912	744	21366	6538	0	1586	8132	1010	3394	0	196	0	1738	0	2154	0	334	0	0	0	1754	0	0	0	0	0	0	0	0	0	0	0	0	0	0	0	0	0	0	0	0	0	0	0	0	0	0	0	
455116	Putamen_R	0	1888	2760	27274	0	6166	144	4212	0	868	0	5478	164	1124	0	4954	0	3002	3552	16202	1454	3654	1020	8640	1064	5206	400	2842	168	28140	4052	14068	614	646	0	0	0	13920	0	7282	0	942	0	0	0	0	0	0	0	0	0	0	0	0	0	9372	0	414	0	0	0	0	0	0	0	0	0	0	0	0	2928	23878	1586	0	0	3528	356	5878	0	260	0	1482	0	560	0	1484	0	0	0	3932	0	0	0	0	0	0	0	0	0	0	0	0	0	0	0	0	0	0	0	0	0	0	0	0	0	0	
63720	Pallidum_L	2642	1752	2246	0	0	0	602	0	0	0	0	0	0	0	0	0	0	0	2190	1464	410	964	0	0	0	0	0	0	0	0	166	0	0	0	0	0	1994	0	0	0	0	0	0	0	0	0	0	0	0	0	0	0	0	0	0	0	168	0	0	0	0	0	0	0	0	0	0	0	1252	946	4322	1156	8132	0	0	168	1286	0	0	0	0	0	0	0	0	0	0	0	0	0	0	0	0	0	0	0	0	0	0	0	0	0	0	0	0	0	0	0	0	0	0	0	0	0	0	0	
46688	Pallidum_R	0	158	0	1060	0	0	0	0	0	0	0	158	0	0	0	0	0	0	0	1188	322	2894	0	0	0	0	0	0	0	0	1258	1394	0	0	0	0	0	570	0	492	0	0	0	0	0	0	0	0	0	0	0	0	0	0	0	284	0	0	0	0	0	0	0	0	0	0	0	0	0	0	2826	5736	1010	3528	168	0	0	298	0	0	0	0	0	0	0	0	0	0	0	0	0	0	0	0	0	0	0	0	0	0	0	0	0	0	0	0	0	0	0	0	0	0	0	0	0	0	
169436	Thalamus_L	17032	1430	5014	338	0	0	2342	0	0	0	0	160	0	0	0	0	0	0	5642	714	0	0	0	0	0	0	0	0	320	378	0	180	0	0	2548	7218	3222	6948	380	1524	0	0	0	0	0	0	516	402	0	0	0	0	0	0	192	980	1154	0	0	0	0	0	0	0	0	0	0	1056	408	456	12006	600	3394	356	1286	0	0	6194	0	0	0	0	0	0	178	0	0	0	150	0	0	0	0	0	0	0	0	0	0	0	0	0	0	0	0	0	0	0	0	0	0	0	0	0	0	0	
131240	Thalamus_R	142	1752	3146	4200	0	0	0	236	0	0	0	160	0	0	0	0	0	352	3544	8252	0	0	0	0	0	0	0	0	0	2346	0	0	0	0	0	552	0	7584	0	2060	0	656	0	0	0	0	0	302	0	0	0	0	0	0	0	1944	0	0	0	0	0	0	0	154	0	0	0	0	238	0	960	12756	0	5878	0	298	6194	0	0	236	0	562	0	0	0	162	0	0	0	710	0	0	0	0	0	0	0	244	0	0	0	0	0	0	0	0	0	0	0	0	0	0	0	0	0	0	
79056	Heschl_L	7194	0	978	0	0	0	1994	0	0	0	508	0	0	0	0	0	3724	0	272	0	0	0	0	0	0	0	0	0	9788	0	0	0	0	0	176	0	2030	0	0	0	0	0	0	0	170	0	0	0	0	0	362	0	396	0	590	0	2826	0	0	0	0	0	206	0	0	0	436	0	376	0	0	0	196	0	0	0	0	0	0	0	4254	0	0	0	1916	0	0	0	1136	0	0	0	0	0	0	0	0	0	0	0	0	0	0	0	0	0	0	0	0	0	0	0	0	0	0	0	
56620	Heschl_R	0	444	0	712	0	0	0	550	0	0	0	1302	0	0	0	0	0	6898	0	0	0	0	0	0	0	0	0	0	0	5930	0	0	0	0	0	0	0	1078	0	432	0	0	0	0	0	0	0	0	0	0	0	0	0	136	0	568	0	200	0	0	0	0	0	0	0	0	0	0	0	0	0	0	0	260	0	0	0	236	0	0	0	6394	0	0	0	2148	0	0	0	1022	0	0	0	0	0	0	0	0	0	0	0	0	0	0	0	0	0	0	0	0	0	0	0	0	0	0	
253196	Temporal_Sup_L	4020	0	4238	0	0	0	1754	0	0	0	4482	0	414	0	382	0	11594	0	3386	0	0	0	0	0	0	0	0	0	15538	0	0	0	0	0	0	0	2842	0	634	0	0	0	0	0	0	0	0	0	0	0	1112	0	714	0	2242	0	3272	0	0	0	1576	0	9342	0	2916	0	168	0	1930	0	0	0	1738	0	0	0	0	0	4254	0	0	0	6376	0	30668	0	0	0	11006	0	0	0	0	0	0	0	0	0	0	0	0	0	0	0	0	0	0	0	0	0	0	0	0	0	0	0	
149444	Temporal_Sup_R	0	1714	0	1564	0	0	0	248	0	0	0	1992	0	0	0	180	0	7578	0	780	0	0	0	0	0	0	0	0	0	9464	0	0	0	0	0	0	0	956	0	380	0	0	0	0	0	1732	0	0	0	2364	0	934	0	0	0	1424	0	642	0	0	0	1472	0	4724	0	3334	212	1600	0	192	0	0	0	1482	0	0	0	562	0	6394	0	0	0	4376	0	13962	0	548	0	3912	0	0	0	0	0	0	0	0	0	0	0	0	0	0	0	0	0	0	0	0	0	0	0	0	0	0	
155912	Temporal_Pole_Sup_L	612	0	3518	0	912	0	2108	0	1150	0	5720	0	1740	0	6554	0	5092	0	2614	0	930	0	0	0	0	0	0	0	14762	0	0	0	0	0	0	0	1012	0	700	0	1068	0	0	0	0	0	0	0	0	0	0	0	0	0	2184	0	0	0	0	0	0	0	0	0	0	0	0	0	0	0	144	0	2154	0	0	0	0	0	0	0	6376	0	0	0	7784	0	4696	0	6126	0	0	0	0	0	0	0	0	0	0	0	0	0	0	0	0	0	0	0	0	0	0	0	0	0	0	0	
76500	Temporal_Pole_Sup_R	0	0	0	1326	0	0	0	294	0	0	0	1830	0	0	0	1214	0	1480	0	732	0	332	0	0	0	0	0	0	0	3242	0	0	0	0	0	0	0	338	0	1456	0	1846	0	0	0	0	0	0	0	0	0	0	0	0	0	6370	0	0	0	0	0	0	0	0	0	0	0	0	0	0	0	0	0	560	0	0	0	0	0	0	0	4376	0	0	0	4132	0	5546	0	3176	0	0	0	0	0	0	0	0	0	0	0	0	0	0	0	0	0	0	0	0	0	0	0	0	0	0	
310408	Temporal_Mid_L	1882	0	790	0	0	0	414	0	0	0	330	0	0	0	1352	0	3402	0	360	0	0	0	0	0	0	0	0	0	6234	0	0	0	0	0	0	0	2932	0	446	0	0	0	1996	0	1326	0	516	0	802	0	13894	0	3462	0	3892	0	1076	0	0	0	2834	0	8166	0	6878	0	1516	0	11932	0	0	0	334	0	0	0	178	0	1916	0	30668	0	7784	0	0	0	3624	0	34268	0	0	0	0	0	0	0	0	0	0	0	0	0	0	0	0	0	0	0	0	0	0	0	0	0	0	0	
250008	Temporal_Mid_R	0	1492	0	240	0	0	0	0	0	0	0	0	0	0	0	0	0	754	0	1696	0	0	0	0	0	0	0	0	0	4398	0	0	0	1274	248	1060	0	1392	0	840	0	0	0	1450	0	9042	0	0	0	13928	0	15260	0	1482	0	6396	0	706	0	664	0	948	0	1340	0	5548	576	4390	0	1506	0	0	0	1484	0	0	0	162	0	2148	0	13962	0	4132	0	0	0	2048	0	24438	0	0	0	0	0	0	0	0	0	0	0	0	0	0	0	0	0	0	0	0	0	0	0	0	0	0	
35708	Temporal_Pole_Mid_L	0	0	0	0	0	0	0	0	0	0	0	0	0	0	1266	0	0	0	0	0	0	0	0	0	0	0	0	0	816	0	0	0	0	0	0	0	0	0	240	0	0	0	0	0	0	0	0	0	0	0	0	0	0	0	2322	0	0	0	0	0	0	0	0	0	0	0	0	0	0	0	0	0	0	0	0	0	0	0	0	0	0	0	4696	0	3624	0	0	0	4890	0	0	0	0	0	0	0	0	0	0	0	0	0	0	0	0	0	0	0	0	0	0	0	0	0	0	0	
30964	Temporal_Pole_Mid_R	0	0	0	0	0	0	0	0	0	0	0	0	0	0	0	0	0	0	0	0	0	0	0	0	0	0	0	0	0	0	0	0	0	0	0	0	0	0	0	752	0	270	0	0	0	0	0	0	0	0	0	0	0	0	0	3164	0	0	0	0	0	0	0	0	0	0	0	0	0	0	0	0	0	0	0	0	0	0	0	0	0	548	0	5546	0	2048	0	0	0	3154	0	0	0	0	0	0	0	0	0	0	0	0	0	0	0	0	0	0	0	0	0	0	0	0	0	0	
254280	Temporal_Inf_L	1178	0	494	0	0	0	248	0	0	0	0	0	0	0	1036	0	1066	0	1312	0	0	0	0	0	0	0	0	0	4162	0	0	0	0	0	184	0	8460	0	1922	0	832	0	1452	0	692	0	1028	0	0	0	6522	0	9924	0	16932	0	244	0	0	0	0	0	436	0	304	0	1372	0	4862	0	0	0	1754	0	0	0	150	0	1136	0	11006	0	6126	0	34268	0	4890	0	0	0	1928	0	0	0	0	0	258	0	726	0	236	0	0	0	0	0	0	0	0	0	0	0	0	0	0	0	
253668	Temporal_Inf_R	198	4642	0	994	0	0	0	0	0	0	0	0	0	0	0	0	0	1058	0	2562	0	0	0	0	0	0	0	0	0	3098	0	0	0	896	1180	3010	0	6896	0	3274	0	0	0	3402	0	3488	0	604	0	3512	0	3712	0	5826	0	23524	0	1218	0	168	0	1286	0	3128	0	2168	0	2576	0	1320	150	0	0	3932	0	0	0	710	0	1022	0	3912	0	3176	0	24438	0	3154	0	0	0	1468	0	144	0	0	0	0	0	342	0	308	0	338	0	0	0	0	0	0	0	0	0	0	0	0	
378356	Cerebelum_Crus1_L	0	0	0	0	0	0	0	0	0	0	0	0	0	0	0	0	0	0	0	0	0	0	0	0	0	0	0	0	0	0	0	0	0	0	0	0	0	0	218	0	0	0	252	0	0	0	6926	530	0	0	258	0	870	0	16738	594	0	0	0	0	0	0	0	0	0	0	0	0	0	0	0	0	0	0	0	0	0	0	0	0	0	0	0	0	0	0	0	0	1928	0	0	5550	20866	1998	1394	936	16754	1706	45334	4542	13098	406	15512	1098	5122	828	2316	0	894	1684	5682	5718	7284	1132	1010	0	
348484	Cerebelum_Crus1_R	0	0	0	0	0	0	0	0	0	0	0	0	0	0	0	0	0	0	0	0	0	0	0	0	0	0	0	0	0	0	0	0	0	0	0	0	0	0	0	0	0	0	0	0	0	0	5186	698	0	0	0	0	332	188	2754	7876	0	0	0	0	0	0	0	0	0	0	0	0	0	0	0	0	0	0	0	0	0	0	0	0	0	0	0	0	0	0	0	0	0	1468	5550	0	1586	23036	0	1192	1764	12586	9608	39668	574	9304	1414	17234	560	3490	0	518	0	206	4482	11258	9118	1658	934	0	
223268	Cerebelum_Crus2_L	0	0	0	0	0	0	0	0	0	0	0	0	0	0	0	0	0	0	0	0	0	0	0	0	0	0	0	0	0	0	0	0	0	0	0	0	0	0	0	0	0	0	0	0	0	0	278	0	0	0	0	0	0	0	542	0	0	0	0	0	0	0	0	0	0	0	0	0	0	0	0	0	0	0	0	0	0	0	0	0	0	0	0	0	0	0	0	0	0	0	20866	1586	0	8394	0	0	930	0	4334	260	27260	4726	24678	3158	4866	214	566	0	0	0	150	402	6380	1684	360	0	
240344	Cerebelum_Crus2_R	0	0	0	0	0	0	0	0	0	0	0	0	0	0	0	0	0	0	0	0	0	0	0	0	0	0	0	0	0	0	0	0	0	0	0	0	0	0	0	0	0	0	0	0	0	0	0	0	0	0	0	0	0	0	0	250	0	0	0	0	0	0	0	0	0	0	0	0	0	0	0	0	0	0	0	0	0	0	0	0	0	0	0	0	0	0	0	0	0	144	1998	23036	8394	0	0	0	0	240	552	4252	4682	22932	4924	29862	0	5320	0	536	0	0	0	754	8388	3286	622	0	
43144	Cerebelum_3_L	0	0	0	0	0	0	0	0	0	0	0	0	0	0	0	0	0	0	0	0	0	0	0	0	0	0	0	0	0	0	0	0	0	0	0	0	0	0	182	0	0	0	168	0	0	0	864	0	0	0	0	0	0	0	1014	0	0	0	0	0	0	0	0	0	0	0	0	0	0	0	0	0	0	0	0	0	0	0	0	0	0	0	0	0	0	0	0	0	0	0	1394	0	0	0	0	0	7024	288	4092	378	224	0	332	0	656	0	152	0	456	1636	2490	222	0	0	0	0	
41524	Cerebelum_3_R	0	0	0	0	0	0	0	0	0	0	0	0	0	0	0	0	0	0	0	0	0	0	0	0	0	0	0	0	0	0	0	0	0	0	0	0	0	414	0	772	0	0	0	0	0	0	0	454	0	0	0	0	0	0	0	636	0	0	0	0	0	0	0	0	0	0	0	0	0	0	0	0	0	0	0	0	0	0	0	0	0	0	0	0	0	0	0	0	0	0	936	1192	0	0	0	0	1592	3558	1422	2640	0	0	0	0	0	560	0	0	550	2274	2388	706	0	284	384	0	
300064	Cerebelum_4_5_L	0	0	0	0	0	0	0	0	0	0	0	0	0	0	0	0	0	0	0	0	0	0	0	0	0	0	0	0	0	0	0	0	0	0	0	0	0	0	506	0	0	0	1242	0	0	0	13882	262	0	0	230	0	386	0	15022	454	0	0	0	0	0	0	0	0	0	0	0	0	0	0	0	0	0	0	0	0	0	0	0	0	0	0	0	0	0	0	0	0	258	0	16754	1764	930	0	7024	1592	0	5032	33500	6066	1762	0	2984	0	5138	1152	1514	0	1856	4184	19140	4200	238	432	1328	1200	
181604	Cerebelum_4_5_R	0	0	0	0	0	0	0	0	0	0	0	0	0	0	0	0	0	0	0	0	0	0	0	0	0	0	0	0	0	0	0	0	0	0	0	0	0	1840	0	3814	0	262	0	0	0	0	1604	3368	0	0	0	0	0	0	0	7622	0	0	0	0	0	0	0	0	0	0	0	252	0	0	0	0	0	0	0	0	0	244	0	0	0	0	0	0	0	0	0	0	0	0	1706	12586	0	240	288	3558	5032	0	2982	23944	0	0	236	324	592	1410	150	0	302	1250	12866	1908	414	896	1112	0	
483136	Cerebelum_6_L	0	0	0	0	0	0	0	0	0	0	0	0	0	0	0	0	0	0	0	0	0	0	0	0	0	0	0	0	0	0	0	0	0	0	0	0	0	0	544	0	0	0	1016	0	0	0	22958	1634	0	0	776	0	1814	0	31600	2016	0	0	0	0	0	0	0	0	0	0	0	0	0	0	0	0	0	0	0	0	0	0	0	0	0	0	0	0	0	0	0	0	726	0	45334	9608	4334	552	4092	1422	33500	2982	0	14346	5990	0	6572	362	4928	888	2578	0	1130	2568	11834	17172	5928	928	1292	144	
373372	Cerebelum_6_R	0	0	0	0	0	0	0	0	0	0	0	0	0	0	0	0	0	0	0	0	0	0	0	0	0	0	0	0	0	0	0	0	0	0	0	0	0	0	0	264	0	0	0	0	0	0	9318	4302	0	0	290	0	790	140	4646	12980	0	0	0	0	0	0	0	0	0	0	0	0	0	0	0	0	0	0	0	0	0	0	0	0	0	0	0	0	0	0	0	0	0	342	4542	39668	260	4252	378	2640	6066	23944	14346	0	212	2192	764	4082	1580	2606	156	532	150	1052	13994	18402	5874	2962	2960	0	
210568	Cerebelum_7b_L	0	0	0	0	0	0	0	0	0	0	0	0	0	0	0	0	0	0	0	0	0	0	0	0	0	0	0	0	0	0	0	0	0	0	0	0	0	0	0	0	0	0	0	0	0	0	412	0	0	0	0	0	0	0	896	0	0	0	0	0	0	0	0	0	0	0	0	0	0	0	0	0	0	0	0	0	0	0	0	0	0	0	0	0	0	0	0	0	236	0	13098	574	27260	4682	224	0	1762	0	5990	212	0	3104	28494	2946	6426	168	902	0	0	168	334	262	4356	2582	196	0	
148836	Cerebelum_7b_R	0	0	0	0	0	0	0	0	0	0	0	0	0	0	0	0	0	0	0	0	0	0	0	0	0	0	0	0	0	0	0	0	0	0	0	0	0	0	0	0	0	0	0	0	0	0	0	0	0	0	0	0	0	0	0	0	0	0	0	0	0	0	0	0	0	0	0	0	0	0	0	0	0	0	0	0	0	0	0	0	0	0	0	0	0	0	0	0	0	308	406	9304	4726	22932	0	0	0	0	0	2192	3104	0	2600	21486	0	2092	0	0	0	0	0	0	3446	1822	0	0	
259564	Cerebelum_8_L	0	0	0	0	0	0	0	0	0	0	0	0	0	0	0	0	0	0	0	0	0	0	0	0	0	0	0	0	0	0	0	0	0	0	0	0	0	0	0	0	0	0	0	0	0	0	518	0	0	0	0	0	0	0	1148	0	0	0	0	0	0	0	0	0	0	0	0	0	0	0	0	0	0	0	0	0	0	0	0	0	0	0	0	0	0	0	0	0	0	0	15512	1414	24678	4924	332	0	2984	236	6572	764	28494	2600	0	5450	15358	804	3630	152	0	326	766	920	5998	5016	1186	0	
220188	Cerebelum_8_R	0	0	0	0	0	0	0	0	0	0	0	0	0	0	0	0	0	0	0	0	0	0	0	0	0	0	0	0	0	0	0	0	0	0	0	0	0	0	0	0	0	0	0	0	0	0	206	0	0	0	0	0	0	0	0	222	0	0	0	0	0	0	0	0	0	0	0	0	0	0	0	0	0	0	0	0	0	0	0	0	0	0	0	0	0	0	0	0	0	338	1098	17234	3158	29862	0	0	0	324	362	4082	2946	21486	5450	0	468	10480	0	1056	0	0	0	484	5246	4746	846	0	
124404	Cerebelum_9_L	0	0	0	0	0	0	0	0	0	0	0	0	0	0	0	0	0	0	0	0	0	0	0	0	0	0	0	0	0	0	0	0	0	0	0	0	0	0	0	0	0	0	0	0	0	0	332	0	0	0	0	0	0	0	878	0	0	0	0	0	0	0	0	0	0	0	0	0	0	0	0	0	0	0	0	0	0	0	0	0	0	0	0	0	0	0	0	0	0	0	5122	560	4866	0	656	0	5138	592	4928	1580	6426	0	15358	468	0	512	4900	0	0	502	2094	2442	978	1442	2038	390	
94908	Cerebelum_9_R	0	0	0	0	0	0	0	0	0	0	0	0	0	0	0	0	0	0	0	0	0	0	0	0	0	0	0	0	0	0	0	0	0	0	0	0	0	0	0	0	0	0	0	0	0	0	148	0	0	0	0	0	0	0	0	0	0	0	0	0	0	0	0	0	0	0	0	0	0	0	0	0	0	0	0	0	0	0	0	0	0	0	0	0	0	0	0	0	0	0	828	3490	214	5320	0	560	1152	1410	888	2606	168	2092	804	10480	512	0	0	2864	222	306	1788	2224	2376	2752	3570	680	
37024	Cerebelum_10_L	0	0	0	0	0	0	0	0	0	0	0	0	0	0	0	0	0	0	0	0	0	0	0	0	0	0	0	0	0	0	0	0	0	0	0	0	0	0	0	0	0	0	0	0	0	0	190	0	0	0	0	0	0	0	538	0	0	0	0	0	0	0	0	0	0	0	0	0	0	0	0	0	0	0	0	0	0	0	0	0	0	0	0	0	0	0	0	0	0	0	2316	0	566	0	152	0	1514	150	2578	156	902	0	3630	0	4900	0	0	0	0	200	554	166	0	0	0	0	
14692	Cerebelum_10_R	0	0	0	0	0	0	0	0	0	0	0	0	0	0	0	0	0	0	0	0	0	0	0	0	0	0	0	0	0	0	0	0	0	0	0	0	0	0	0	0	0	0	0	0	0	0	0	0	0	0	0	0	0	0	0	0	0	0	0	0	0	0	0	0	0	0	0	0	0	0	0	0	0	0	0	0	0	0	0	0	0	0	0	0	0	0	0	0	0	0	0	518	0	536	0	0	0	0	0	532	0	0	152	1056	0	2864	0	0	0	0	220	200	378	388	502	0	
25508	Vermis_1_2	0	0	0	0	0	0	0	0	0	0	0	0	0	0	0	0	0	0	0	0	0	0	0	0	0	0	0	0	0	0	0	0	0	0	0	0	0	0	200	0	0	0	0	0	0	0	0	0	0	0	0	0	0	0	0	0	0	0	0	0	0	0	0	0	0	0	0	0	0	0	0	0	0	0	0	0	0	0	0	0	0	0	0	0	0	0	0	0	0	0	894	0	0	0	456	550	1856	302	1130	150	0	0	0	0	0	222	0	0	0	4920	2074	0	0	0	0	0	
54240	Vermis_3	0	0	0	0	0	0	0	0	0	0	0	0	0	0	0	0	0	0	0	0	0	0	0	0	0	0	0	0	0	0	0	0	0	0	0	0	398	0	484	0	0	0	0	0	0	0	174	0	0	0	0	0	0	0	0	0	0	0	0	0	0	0	0	0	0	0	0	0	0	0	0	0	0	0	0	0	0	0	0	0	0	0	0	0	0	0	0	0	0	0	1684	206	0	0	1636	2274	4184	1250	2568	1052	168	0	326	0	502	306	200	0	4920	0	4426	362	0	0	0	0	
218520	Vermis_4_5	0	0	0	0	0	0	0	0	0	0	0	0	0	0	0	0	0	0	0	0	0	0	0	0	0	0	0	0	0	0	0	0	0	0	0	382	0	318	0	0	0	0	490	0	0	0	5524	2554	0	0	136	0	206	0	1956	1944	0	0	0	0	0	0	0	0	0	0	0	624	0	0	0	0	0	0	0	0	0	0	0	0	0	0	0	0	0	0	0	0	0	0	5682	4482	150	0	2490	2388	19140	12866	11834	13994	334	0	766	0	2094	1788	554	220	2074	4426	0	5540	160	530	1860	1754	
222244	Vermis_6	0	0	0	0	0	0	0	0	0	0	0	0	0	0	0	0	0	0	0	0	0	0	0	0	0	0	0	0	0	0	0	0	0	0	0	0	0	0	0	0	0	0	0	0	0	0	10172	2828	0	0	366	0	1042	0	6524	2940	0	0	0	0	0	0	0	0	0	0	0	0	0	0	0	0	0	0	0	0	0	0	0	0	0	0	0	0	0	0	0	0	0	0	5718	11258	402	754	222	706	4200	1908	17172	18402	262	0	920	484	2442	2224	166	200	0	362	5540	0	6346	2320	3800	1442	
168844	Vermis_7	0	0	0	0	0	0	0	0	0	0	0	0	0	0	0	0	0	0	0	0	0	0	0	0	0	0	0	0	0	0	0	0	0	0	0	0	0	0	0	0	0	0	0	0	0	0	1540	0	0	0	0	0	0	0	1474	0	0	0	0	0	0	0	0	0	0	0	0	0	0	0	0	0	0	0	0	0	0	0	0	0	0	0	0	0	0	0	0	0	0	0	7284	9118	6380	8388	0	0	238	414	5928	5874	4356	3446	5998	5246	978	2376	0	378	0	0	160	6346	0	5424	3076	0	
