data	data	732800	308660	1.09058e+06	710464	139768	107896	465556	269904	76720	38884	277292	307572	289164	152464	166988	111004	238860	213488	894724	702468	71748	73180	358148	353964	27692	61776	58828	79920	592844	410948	286796	452200	120400	515000	103948	104048	187344	253592	49644	181920	21364	37144	290936	360224	143944	325864	277020	211008	152768	403684	427660	337856	116352	56668	281880	328204	331936	243408	140872	134228	208152	88356	104132	73496	141428	116124	255768	339372	265548	168112	248352	390348	312064	264824	64540	14836	139632	130316	118760	23824	186396	104240	80468	53944	272688	192468	45768	22816	211296	212736	384776	392716	295920	232268	51520	68184	295480	244464	391880	439620	250536	81068	355544	282080	156112	171696	21972	24324	19316	54276	309200	286972	221940	124992	140308	31332	
data	data	Precentral_L	Precentral_R	Frontal_Sup_L	Frontal_Sup_R	Frontal_Sup_Orb_L	Frontal_Sup_Orb_R	Frontal_Mid_L	Frontal_Mid_R	Frontal_Mid_Orb_L	Frontal_Mid_Orb_R	Frontal_Inf_Oper_L	Frontal_Inf_Oper_R	Frontal_Inf_Tri_L	Frontal_Inf_Tri_R	Frontal_Inf_Orb_L	Frontal_Inf_Orb_R	Rolandic_Oper_L	Rolandic_Oper_R	Supp_Motor_Area_L	Supp_Motor_Area_R	Olfactory_L	Olfactory_R	Frontal_Sup_Medial_L	Frontal_Sup_Medial_R	Frontal_Med_Orb_L	Frontal_Med_Orb_R	Rectus_L	Rectus_R	Insula_L	Insula_R	Cingulum_Ant_L	Cingulum_Ant_R	Cingulum_Mid_L	Cingulum_Mid_R	Cingulum_Post_L	Cingulum_Post_R	Hippocampus_L	Hippocampus_R	ParaHippocampal_L	ParaHippocampal_R	Amygdala_L	Amygdala_R	Calcarine_L	Calcarine_R	Cuneus_L	Cuneus_R	Lingual_L	Lingual_R	Occipital_Sup_L	Occipital_Sup_R	Occipital_Mid_L	Occipital_Mid_R	Occipital_Inf_L	Occipital_Inf_R	Fusiform_L	Fusiform_R	Postcentral_L	Postcentral_R	Parietal_Sup_L	Parietal_Sup_R	Parietal_Inf_L	Parietal_Inf_R	SupraMarginal_L	SupraMarginal_R	Angular_L	Angular_R	Precuneus_L	Precuneus_R	Paracentral_Lobule_L	Paracentral_Lobule_R	Caudate_L	Caudate_R	Putamen_L	Putamen_R	Pallidum_L	Pallidum_R	Thalamus_L	Thalamus_R	Heschl_L	Heschl_R	Temporal_Sup_L	Temporal_Sup_R	Temporal_Pole_Sup_L	Temporal_Pole_Sup_R	Temporal_Mid_L	Temporal_Mid_R	Temporal_Pole_Mid_L	Temporal_Pole_Mid_R	Temporal_Inf_L	Temporal_Inf_R	Cerebelum_Crus1_L	Cerebelum_Crus1_R	Cerebelum_Crus2_L	Cerebelum_Crus2_R	Cerebelum_3_L	Cerebelum_3_R	Cerebelum_4_5_L	Cerebelum_4_5_R	Cerebelum_6_L	Cerebelum_6_R	Cerebelum_7b_L	Cerebelum_7b_R	Cerebelum_8_L	Cerebelum_8_R	Cerebelum_9_L	Cerebelum_9_R	Cerebelum_10_L	Cerebelum_10_R	Vermis_1_2	Vermis_3	Vermis_4_5	Vermis_6	Vermis_7	Vermis_8	Vermis_9	Vermis_10	
732800	Precentral_L	0	2366	57844	3752	376	0	19064	160	0	0	10082	316	1604	142	172	294	18462	152	52002	13822	0	0	400	212	0	0	0	0	17550	442	2776	536	378	4948	1546	1146	9672	1148	524	0	0	0	0	0	0	0	0	0	0	0	646	0	0	0	140	0	30818	132	310	0	3622	0	682	0	302	0	128	124	20432	1500	10166	2542	21732	352	7396	0	21800	2668	11598	0	5764	0	354	0	584	0	0	0	720	0	0	0	0	0	0	0	0	0	0	0	0	0	0	0	0	0	0	0	0	0	0	0	0	0	0	0	
308660	Precentral_R	2366	0	1788	3960	0	0	184	13802	0	0	0	13538	0	0	0	308	0	8444	1274	3362	0	0	0	636	0	0	0	0	0	9664	0	1024	0	2656	298	2494	0	6688	0	770	0	0	0	966	0	2714	0	0	0	3848	0	3146	0	0	0	926	602	20254	0	1188	0	432	0	600	0	430	496	5550	2610	10470	688	4320	114	6892	0	410	0	10814	0	130	0	426	0	512	0	1052	0	0	0	1484	0	0	0	0	0	0	0	0	0	0	0	0	0	0	0	0	0	0	0	0	0	0	0	0	0	0	
1.09058e+06	Frontal_Sup_L	57844	1788	0	13138	9694	0	77010	3902	3932	156	18588	888	18520	362	9980	518	11054	362	112694	25870	0	0	32518	1794	848	0	518	0	40244	1160	15200	3648	2460	6566	260	198	2844	222	402	0	0	0	0	0	0	0	0	0	0	0	134	0	0	0	0	0	8258	0	0	0	702	0	156	0	0	0	0	0	4036	0	9330	4302	23500	1032	6480	0	3190	430	1938	0	3410	0	3212	0	0	0	0	0	0	0	0	0	0	0	0	0	0	0	0	0	0	0	0	0	0	0	0	0	0	0	0	0	0	0	0	0	
710464	Frontal_Sup_R	3752	3960	13138	0	0	2770	648	26870	0	468	732	14738	242	8322	0	2782	0	10878	23158	63336	0	0	16048	38168	0	670	0	0	624	18432	4304	36548	492	26052	0	0	0	368	0	0	0	0	0	0	0	0	0	0	0	0	0	0	0	0	0	0	314	950	0	248	196	366	0	0	0	362	0	0	0	0	1654	17404	546	11814	128	748	116	2268	0	0	0	0	0	618	0	0	0	0	0	0	0	0	0	0	0	0	0	0	0	0	0	0	0	0	0	0	0	0	0	0	0	0	0	0	0	0	
139768	Frontal_Sup_Orb_L	376	0	9694	0	0	0	1494	0	14744	0	0	0	606	0	12552	0	0	0	616	0	1350	186	4500	0	3950	0	6586	0	4316	0	5732	0	0	0	0	0	0	0	0	0	0	0	0	0	0	0	0	0	0	0	0	0	0	0	0	0	0	0	0	0	0	0	0	0	0	0	0	0	0	0	484	200	2498	0	0	0	0	0	0	0	0	0	0	0	0	0	0	0	0	0	0	0	0	0	0	0	0	0	0	0	0	0	0	0	0	0	0	0	0	0	0	0	0	0	0	0	
107896	Frontal_Sup_Orb_R	0	0	0	2770	0	0	0	1976	0	3508	0	0	0	0	0	3278	0	0	0	0	0	1126	192	4220	0	7354	0	9360	0	718	194	4902	0	0	0	0	0	0	0	0	0	0	0	0	0	0	0	0	0	0	0	0	0	0	0	0	0	0	0	0	0	0	0	0	0	0	0	0	0	0	0	8580	0	5770	0	0	0	0	0	0	0	0	0	0	0	0	0	0	0	0	0	0	0	0	0	0	0	0	0	0	0	0	0	0	0	0	0	0	0	0	0	0	0	0	0	0	
465556	Frontal_Mid_L	19064	184	77010	648	1494	0	0	194	2034	0	16848	118	30388	0	7218	0	4738	0	14032	568	0	0	17718	210	0	0	0	0	16104	194	6852	652	1288	0	0	0	802	0	0	0	0	0	0	0	0	0	0	0	0	0	0	0	0	0	0	0	3902	0	0	0	0	0	0	0	0	0	0	0	0	0	4044	720	1566	168	0	0	404	0	1730	0	828	0	1058	0	0	0	0	0	0	0	0	0	0	0	0	0	0	0	0	0	0	0	0	0	0	0	0	0	0	0	0	0	0	0	0	0	
269904	Frontal_Mid_R	160	13802	3902	26870	0	1976	194	0	0	2176	0	15184	0	6446	0	5296	0	10674	3570	2816	0	0	3752	4802	0	0	0	0	178	13816	516	3892	0	5746	0	0	0	656	0	0	0	0	0	0	0	0	0	0	0	0	0	0	0	0	0	0	0	0	0	0	0	0	0	0	0	0	0	0	0	0	1212	2110	0	3862	0	176	0	120	0	0	0	0	0	1048	0	0	0	0	0	0	0	0	0	0	0	0	0	0	0	0	0	0	0	0	0	0	0	0	0	0	0	0	0	0	0	0	
76720	Frontal_Mid_Orb_L	0	0	3932	0	14744	0	2034	0	0	0	0	0	444	0	12846	0	0	0	0	0	0	0	152	0	166	0	3004	0	226	0	466	0	0	0	0	0	0	0	0	0	0	0	0	0	0	0	0	0	0	0	0	0	0	0	0	0	0	0	0	0	0	0	0	0	0	0	0	0	0	0	0	0	346	0	0	0	0	0	0	0	0	0	0	0	0	0	0	0	0	0	0	0	0	0	0	0	0	0	0	0	0	0	0	0	0	0	0	0	0	0	0	0	0	0	0	0	
38884	Frontal_Mid_Orb_R	0	0	156	468	0	3508	0	2176	0	0	0	0	0	252	0	6610	0	0	134	532	0	0	0	0	0	0	0	454	0	140	0	0	0	0	0	0	0	0	0	0	0	0	0	0	0	0	0	0	0	0	0	0	0	0	0	0	0	0	0	0	0	0	0	0	0	0	0	0	0	0	390	2476	0	2146	0	0	0	0	0	0	0	0	0	0	0	0	0	0	0	0	0	0	0	0	0	0	0	0	0	0	0	0	0	0	0	0	0	0	0	0	0	0	0	0	0	0	
277292	Frontal_Inf_Oper_L	10082	0	18588	732	0	0	16848	0	0	0	0	1636	20150	990	764	330	5862	0	13230	906	0	0	1046	0	0	0	0	0	24064	1882	3998	380	0	202	0	0	0	0	0	0	0	0	0	0	0	0	0	0	0	0	0	0	0	0	0	0	4168	0	0	0	222	0	0	0	0	0	0	0	0	0	2654	1202	1572	312	0	0	0	0	0	0	1916	0	4910	0	0	0	0	0	0	0	0	0	0	0	0	0	0	0	0	0	0	0	0	0	0	0	0	0	0	0	0	0	0	0	0	0	
307572	Frontal_Inf_Oper_R	316	13538	888	14738	0	0	118	15184	0	0	1636	0	1070	15396	262	542	0	16264	2284	13124	0	0	238	1044	0	0	0	0	2108	33170	530	2930	0	1744	0	0	0	1110	0	0	0	0	0	0	0	0	0	0	0	0	0	0	0	0	0	0	0	1948	0	0	0	0	0	0	0	0	0	0	0	0	2370	2446	250	5550	0	208	0	304	0	0	0	0	0	2476	0	0	0	0	0	0	0	0	0	0	0	0	0	0	0	0	0	0	0	0	0	0	0	0	0	0	0	0	0	0	0	0	
289164	Frontal_Inf_Tri_L	1604	0	18520	242	606	0	30388	0	444	0	20150	1070	0	652	14542	114	792	0	4444	364	0	0	4378	0	0	0	0	0	30702	1288	6696	388	836	0	0	0	0	0	0	0	0	0	0	0	0	0	0	0	0	0	0	0	0	0	0	0	174	0	0	0	0	0	0	0	0	0	0	0	0	0	2398	672	1924	264	0	0	0	0	0	0	232	0	698	0	0	0	0	0	0	0	0	0	0	0	0	0	0	0	0	0	0	0	0	0	0	0	0	0	0	0	0	0	0	0	0	0	
152464	Frontal_Inf_Tri_R	142	0	362	8322	0	0	0	6446	0	252	990	15396	652	0	194	3642	0	586	1898	5682	0	0	266	1412	0	0	0	0	1456	15100	566	3456	0	2120	0	0	0	0	0	0	0	0	0	0	0	0	0	0	0	0	0	0	0	0	0	0	0	0	0	0	0	0	0	0	0	0	0	0	0	0	1508	2152	156	3476	0	0	0	0	0	0	0	0	0	0	0	0	0	0	0	0	0	0	0	0	0	0	0	0	0	0	0	0	0	0	0	0	0	0	0	0	0	0	0	0	0	0	
166988	Frontal_Inf_Orb_L	172	0	9980	0	12552	0	7218	0	12846	0	764	262	14542	194	0	0	0	0	814	0	1200	134	1206	0	0	0	650	0	15330	316	1372	0	206	0	0	0	0	0	0	0	0	0	0	0	0	0	0	0	0	0	0	0	0	0	0	0	0	0	0	0	0	0	0	0	0	0	0	0	0	0	602	304	2572	0	0	0	0	0	0	0	0	0	258	0	0	0	0	0	0	0	0	0	0	0	0	0	0	0	0	0	0	0	0	0	0	0	0	0	0	0	0	0	0	0	0	0	
111004	Frontal_Inf_Orb_R	294	308	518	2782	0	3278	0	5296	0	6610	330	542	114	3642	0	0	0	0	686	2808	0	1434	0	0	0	0	0	1232	480	10036	178	140	0	458	0	0	0	0	0	0	0	0	0	0	0	0	0	0	0	0	0	0	0	0	0	0	0	0	0	0	0	0	0	0	0	0	0	0	0	0	972	7702	160	5502	0	0	0	0	0	0	0	0	0	0	0	0	0	0	0	0	0	0	0	0	0	0	0	0	0	0	0	0	0	0	0	0	0	0	0	0	0	0	0	0	0	0	
238860	Rolandic_Oper_L	18462	0	11054	0	0	0	4738	0	0	0	5862	0	792	0	0	0	0	0	8908	128	0	0	0	0	0	0	0	0	14600	0	0	0	0	0	0	0	2352	0	0	0	0	0	210	0	246	0	0	0	0	0	1228	0	0	0	940	0	17006	0	316	0	1834	0	1524	0	120	0	294	0	0	0	0	0	816	0	0	0	364	0	10166	0	13314	0	1570	0	1774	0	0	0	812	0	0	0	0	0	0	0	0	0	0	0	0	0	0	0	0	0	0	0	0	0	0	0	0	0	0	0	
213488	Rolandic_Oper_R	152	8444	362	10878	0	0	0	10674	0	0	0	16264	0	586	0	0	0	0	458	7840	0	0	174	392	0	0	0	0	0	25358	0	548	0	440	0	0	0	966	154	232	0	0	0	0	0	0	0	0	0	210	0	698	0	0	0	442	0	2778	0	122	0	918	0	2738	0	976	0	0	0	0	118	272	0	2844	0	290	0	2978	0	2752	0	2036	0	2088	0	0	0	0	0	562	0	0	0	0	0	0	0	0	0	0	0	0	0	0	0	0	0	0	0	0	0	0	0	0	0	0	
894724	Supp_Motor_Area_L	52002	1274	112694	23158	616	0	14032	3570	0	134	13230	2284	4444	1898	814	686	8908	458	0	48504	0	0	7720	5636	0	0	0	0	22918	2476	7520	10236	8420	24360	574	172	2228	160	360	0	0	0	0	0	0	0	0	0	0	0	152	0	0	0	0	0	6368	0	0	0	698	0	156	0	0	0	0	0	8808	322	7974	4516	19482	1244	6390	0	2360	494	1042	0	3156	0	2714	0	0	0	0	0	0	0	0	0	0	0	0	0	0	0	0	0	0	0	0	0	0	0	0	0	0	0	0	0	0	0	0	0	
702468	Supp_Motor_Area_R	13822	3362	25870	63336	0	0	568	2816	0	532	906	13124	364	5682	0	2808	128	7840	48504	0	0	0	1886	9494	0	0	0	0	876	17282	2258	13172	4298	48542	324	1030	0	824	0	442	0	0	0	0	0	0	0	0	0	0	348	0	0	0	0	428	466	3428	0	250	334	360	0	266	0	362	0	0	15022	10554	1930	13802	906	7312	396	872	212	1904	118	0	0	0	0	1206	0	0	0	0	0	668	0	0	0	0	0	0	0	0	0	0	0	0	0	0	0	0	0	0	0	0	0	0	0	0	0	0	
71748	Olfactory_L	0	0	0	0	1350	0	0	0	0	0	0	0	0	0	1200	0	0	0	0	0	0	6120	0	0	0	0	2770	1382	1910	0	1976	2186	0	0	0	0	0	0	0	0	430	0	0	0	0	0	0	0	0	0	0	0	0	0	0	0	0	0	0	0	0	0	0	0	0	0	0	0	0	0	7394	5084	3740	138	0	0	0	0	0	0	0	0	194	0	0	0	0	0	0	0	0	0	0	0	0	0	0	0	0	0	0	0	0	0	0	0	0	0	0	0	0	0	0	0	0	0	
73180	Olfactory_R	0	0	0	0	186	1126	0	0	0	0	0	0	0	0	134	1434	0	0	0	0	6120	0	0	0	0	198	2248	3038	0	1606	1342	1860	0	0	0	0	0	0	0	0	0	348	0	0	0	0	0	0	0	0	0	0	0	0	0	0	0	0	0	0	0	0	0	0	0	0	0	0	0	0	6988	6156	3332	474	0	0	0	0	0	0	0	0	0	0	0	0	0	0	0	0	0	0	0	0	0	0	0	0	0	0	0	0	0	0	0	0	0	0	0	0	0	0	0	0	0	0	
358148	Frontal_Sup_Medial_L	400	0	32518	16048	4500	192	17718	3752	152	0	1046	238	4378	266	1206	0	0	174	7720	1886	0	0	0	23628	2164	1026	608	0	6238	260	18122	15964	3996	12810	0	0	0	0	0	0	0	0	0	0	0	0	0	0	0	0	0	0	0	0	0	0	0	0	0	0	0	0	0	0	0	0	0	0	0	0	796	392	876	0	0	0	0	0	0	0	0	0	0	0	0	0	0	0	0	0	0	0	0	0	0	0	0	0	0	0	0	0	0	0	0	0	0	0	0	0	0	0	0	0	0	0	
353964	Frontal_Sup_Medial_R	212	636	1794	38168	0	4220	210	4802	0	0	0	1044	0	1412	0	0	0	392	5636	9494	0	0	23628	0	172	4146	0	1600	0	1286	5032	34512	304	20046	0	0	0	0	0	0	0	0	0	0	0	0	0	0	0	0	0	0	0	0	0	0	0	160	0	0	0	0	0	0	0	0	0	0	0	0	948	11972	0	4460	0	0	0	696	0	0	0	0	0	0	0	0	0	0	0	0	0	0	0	0	0	0	0	0	0	0	0	0	0	0	0	0	0	0	0	0	0	0	0	0	0	0	
27692	Frontal_Med_Orb_L	0	0	848	0	3950	0	0	0	166	0	0	0	0	0	0	0	0	0	0	0	0	0	2164	172	0	356	1884	0	150	0	3604	314	0	0	0	0	0	0	0	0	0	0	0	0	0	0	0	0	0	0	0	0	0	0	0	0	0	0	0	0	0	0	0	0	0	0	0	0	0	0	0	114	124	0	0	0	0	0	0	0	0	0	0	0	0	0	0	0	0	0	0	0	0	0	0	0	0	0	0	0	0	0	0	0	0	0	0	0	0	0	0	0	0	0	0	0	
61776	Frontal_Med_Orb_R	0	0	0	670	0	7354	0	0	0	0	0	0	0	0	0	0	0	0	0	0	0	198	1026	4146	356	0	0	6776	0	0	1214	3988	0	0	0	0	0	0	0	0	0	0	0	0	0	0	0	0	0	0	0	0	0	0	0	0	0	0	0	0	0	0	0	0	0	0	0	0	0	0	0	4108	0	1052	0	0	0	0	0	0	0	0	0	0	0	0	0	0	0	0	0	0	0	0	0	0	0	0	0	0	0	0	0	0	0	0	0	0	0	0	0	0	0	0	0	0	
58828	Rectus_L	0	0	518	0	6586	0	0	0	3004	0	0	0	0	0	650	0	0	0	0	0	2770	2248	608	0	1884	0	0	1106	372	0	3036	1228	0	0	0	0	0	0	0	0	0	0	0	0	0	0	0	0	0	0	0	0	0	0	0	0	0	0	0	0	0	0	0	0	0	0	0	0	0	0	2686	1374	1344	0	0	0	0	0	0	0	0	0	0	0	0	0	0	0	0	0	0	0	0	0	0	0	0	0	0	0	0	0	0	0	0	0	0	0	0	0	0	0	0	0	0	0	
79920	Rectus_R	0	0	0	0	0	9360	0	0	0	454	0	0	0	0	0	1232	0	0	0	0	1382	3038	0	1600	0	6776	1106	0	0	992	656	3424	0	0	0	0	0	0	0	0	0	0	0	0	0	0	0	0	0	0	0	0	0	0	0	0	0	0	0	0	0	0	0	0	0	0	0	0	0	0	1232	5326	582	2800	0	0	0	0	0	0	0	0	0	0	0	0	0	0	0	0	0	0	0	0	0	0	0	0	0	0	0	0	0	0	0	0	0	0	0	0	0	0	0	0	0	0	
592844	Insula_L	17550	0	40244	624	4316	0	16104	178	226	0	24064	2108	30702	1456	15330	480	14600	0	22918	876	1910	0	6238	0	150	0	372	0	0	2330	9122	506	1188	148	590	272	7548	284	974	0	1142	0	0	0	0	0	0	0	0	0	676	0	0	0	2284	0	7088	0	308	0	644	0	2478	0	0	0	190	0	278	0	5094	1840	20168	198	0	0	3244	280	8662	0	9596	0	5148	0	1142	0	0	0	2554	0	0	0	0	0	0	0	0	0	0	0	0	0	0	0	0	0	0	0	0	0	0	0	0	0	0	0	
410948	Insula_R	442	9664	1160	18432	0	718	194	13816	0	140	1882	33170	1288	15100	316	10036	0	25358	2476	17282	0	1606	260	1286	0	0	0	992	2330	0	580	2704	0	2016	0	136	0	3792	0	520	0	670	0	0	0	0	0	0	0	202	0	438	0	0	0	854	0	670	0	0	0	168	0	476	0	256	0	0	0	0	2572	3544	262	17032	0	0	0	700	0	1414	0	3284	0	3080	0	654	0	0	0	1502	0	0	0	0	0	0	0	0	0	0	0	0	0	0	0	0	0	0	0	0	0	0	0	0	0	0	
286796	Cingulum_Ant_L	2776	0	15200	4304	5732	194	6852	516	466	0	3998	530	6696	566	1372	178	0	0	7520	2258	1976	1342	18122	5032	3604	1214	3036	656	9122	580	0	14414	4076	2724	0	0	0	0	0	0	0	0	0	0	0	0	0	0	0	0	0	0	0	0	0	0	0	0	0	0	0	0	0	0	0	0	0	0	0	0	8418	2756	6442	422	0	0	184	0	0	0	0	0	120	0	0	0	0	0	0	0	0	0	0	0	0	0	0	0	0	0	0	0	0	0	0	0	0	0	0	0	0	0	0	0	0	0	
452200	Cingulum_Ant_R	536	1024	3648	36548	0	4902	652	3892	0	0	380	2930	388	3456	0	140	0	548	10236	13172	2186	1860	15964	34512	314	3988	1228	3424	506	2704	14414	0	1540	25120	0	0	0	0	0	0	0	0	0	0	0	0	0	0	0	0	0	0	0	0	0	0	0	258	0	0	0	0	0	0	0	0	0	0	0	0	4036	20936	1304	8512	0	0	0	842	0	0	0	0	0	0	0	0	0	0	0	0	0	0	0	0	0	0	0	0	0	0	0	0	0	0	0	0	0	0	0	0	0	0	0	0	0	0	
120400	Cingulum_Mid_L	378	0	2460	492	0	0	1288	0	0	0	0	0	836	0	206	0	0	0	8420	4298	0	0	3996	304	0	0	0	0	1188	0	4076	1540	0	8488	3476	1240	0	0	0	0	0	0	546	0	1154	0	0	0	1606	0	2654	0	0	0	0	0	150	0	0	0	124	0	150	0	130	0	4234	772	5436	296	0	0	0	0	0	0	0	0	0	0	0	0	0	0	262	0	0	0	0	0	0	0	0	0	0	0	0	0	0	0	0	0	0	0	0	0	0	0	0	0	0	0	0	0	0	0	
515000	Cingulum_Mid_R	4948	2656	6566	26052	0	0	0	5746	0	0	202	1744	0	2120	0	458	0	440	24360	48542	0	0	12810	20046	0	0	0	0	148	2016	2724	25120	8488	0	2226	5068	0	596	0	372	0	0	0	2986	0	2010	0	268	114	1064	462	762	0	0	0	334	0	3358	0	0	170	0	0	0	162	0	654	6394	17834	14324	124	1210	0	608	0	0	118	406	0	0	0	0	0	0	0	118	0	0	0	572	0	0	0	0	0	0	0	0	0	0	0	0	0	0	0	0	0	0	0	0	0	0	0	0	0	0	
103948	Cingulum_Post_L	1546	298	260	0	0	0	0	0	0	0	0	0	0	0	0	0	0	0	574	324	0	0	0	0	0	0	0	0	590	0	0	0	3476	2226	0	5304	3824	2214	400	0	0	0	1420	0	662	0	568	222	2408	0	2432	0	172	0	1710	0	1694	298	0	0	150	0	0	0	0	0	6912	804	4838	1160	0	0	166	0	0	0	1632	1930	0	0	0	0	0	0	1432	0	0	0	328	0	0	0	0	0	0	0	0	0	0	0	0	0	0	0	0	0	0	0	0	0	0	0	0	0	0	0	
104048	Cingulum_Post_R	1146	2494	198	0	0	0	0	0	0	0	0	0	0	0	0	0	0	0	172	1030	0	0	0	0	0	0	0	0	272	136	0	0	1240	5068	5304	0	2042	5576	0	1198	0	0	0	2038	0	366	0	1364	0	206	0	216	0	0	0	1474	0	2568	0	0	0	0	0	0	0	0	408	7292	978	2040	0	0	150	0	0	0	1862	3054	0	0	0	118	0	0	0	0	0	0	0	2014	0	0	0	0	0	0	0	0	0	0	0	0	0	0	0	0	0	0	0	0	0	0	0	0	0	0	
187344	Hippocampus_L	9672	0	2844	0	0	0	802	0	0	0	0	0	0	0	0	0	2352	0	2228	0	0	0	0	0	0	0	0	0	7548	0	0	0	0	0	3824	2042	0	1948	8600	0	3920	0	1208	0	118	0	1864	258	0	0	356	0	872	0	7294	0	2614	0	0	0	0	0	0	0	0	0	2244	248	2074	0	0	0	5884	0	602	0	4484	1720	6574	0	1438	0	258	0	1082	0	170	0	6530	0	0	0	0	0	0	0	0	0	0	0	0	0	0	0	0	0	0	0	0	0	0	0	0	0	0	0	
253592	Hippocampus_R	1148	6688	222	368	0	0	0	656	0	0	0	1110	0	0	0	0	0	966	160	824	0	0	0	0	0	0	0	0	284	3792	0	0	0	596	2214	5576	1948	0	264	24380	0	7052	0	1878	0	238	0	2144	0	568	0	892	0	482	0	15172	0	1422	0	0	0	0	0	508	0	0	0	3240	320	904	152	0	156	7966	0	222	1770	4940	0	262	0	1758	0	118	0	5098	0	0	0	17870	0	0	0	0	0	0	0	158	0	310	0	0	0	0	0	0	0	0	0	0	0	0	0	0	0	0	
49644	ParaHippocampal_L	524	0	402	0	0	0	0	0	0	0	0	0	0	0	0	0	0	154	360	0	0	0	0	0	0	0	0	0	974	0	0	0	0	0	400	0	8600	264	0	0	848	0	224	0	0	0	820	248	0	0	1114	0	1528	0	4664	0	0	0	0	0	0	0	0	0	0	0	350	0	122	0	0	0	1316	0	0	0	468	0	0	0	0	0	380	0	0	0	338	0	596	0	0	0	0	0	0	0	128	0	0	0	0	0	0	0	0	0	0	0	0	0	0	0	0	0	0	0	
181920	ParaHippocampal_R	0	770	0	0	0	0	0	0	0	0	0	0	0	0	0	0	0	232	0	442	0	0	0	0	0	0	0	0	0	520	0	0	0	372	0	1198	0	24380	0	0	0	3550	174	2778	0	262	160	5244	0	678	0	1116	0	1158	0	18560	0	1606	0	0	0	168	0	364	0	0	0	2044	0	666	0	0	0	680	0	0	0	510	0	0	0	952	0	926	0	4174	0	424	0	14560	0	148	0	0	0	0	0	1372	0	564	0	0	0	0	0	0	0	0	0	0	208	0	0	0	0	0	
21364	Amygdala_L	0	0	0	0	0	0	0	0	0	0	0	0	0	0	0	0	0	0	0	0	430	0	0	0	0	0	0	0	1142	0	0	0	0	0	0	0	3920	0	848	0	0	0	0	0	0	0	0	0	0	0	0	0	0	0	2070	0	0	0	0	0	0	0	0	0	0	0	0	0	0	0	210	0	414	0	0	0	0	0	0	0	0	0	282	0	0	0	268	0	1098	0	0	0	0	0	0	0	0	0	0	0	0	0	0	0	0	0	0	0	0	0	0	0	0	0	0	0	
37144	Amygdala_R	0	0	0	0	0	0	0	0	0	0	0	0	0	0	0	0	0	0	0	0	0	348	0	0	0	0	0	0	0	670	0	0	0	0	0	0	0	7052	0	3550	0	0	0	0	0	0	0	0	0	0	0	0	0	0	0	4976	0	0	0	0	0	0	0	0	0	0	0	0	0	0	0	0	0	498	0	0	0	0	0	0	0	0	0	1478	0	0	0	0	0	0	0	0	0	0	0	0	0	0	0	0	0	0	0	0	0	0	0	0	0	0	0	0	0	0	0	0	
290936	Calcarine_L	0	0	0	0	0	0	0	0	0	0	0	0	0	0	0	0	210	0	0	0	0	0	0	0	0	0	0	0	0	0	0	0	546	0	1420	0	1208	0	224	174	0	0	0	14066	15500	8310	19990	3914	11762	4802	27998	2314	2950	702	1912	1192	246	0	182	0	120	0	0	0	0	0	9908	356	148	0	0	0	0	0	0	0	0	0	0	0	226	0	0	0	2732	0	0	0	298	0	0	920	0	0	0	394	320	1952	254	2198	0	0	0	0	0	732	0	332	0	298	2976	1058	0	0	624	0	
360224	Calcarine_R	0	966	0	0	0	0	0	0	0	0	0	0	0	0	0	0	0	0	0	0	0	0	0	0	0	0	0	0	0	0	0	0	0	2986	0	2038	0	1878	0	2778	0	0	14066	0	3386	31172	4180	18206	0	29842	0	20094	0	3590	0	7684	0	2970	0	1522	0	0	0	0	0	326	1076	22210	330	1316	0	0	0	0	0	0	0	0	0	0	0	292	0	0	0	3048	0	0	0	2248	0	0	0	0	0	0	246	586	0	258	0	0	0	0	138	0	0	0	0	0	538	142	0	0	0	0	
143944	Cuneus_L	0	0	0	0	0	0	0	0	0	0	0	0	0	0	0	0	246	0	0	0	0	0	0	0	0	0	0	0	0	0	0	0	1154	0	662	0	118	0	0	0	0	0	15500	3386	0	5536	1290	0	12828	704	9444	0	990	0	1780	0	258	0	1208	0	180	0	0	0	0	0	11742	496	0	0	0	0	0	0	0	0	0	0	0	0	262	0	0	0	3582	0	0	0	606	0	0	0	0	0	0	0	0	0	0	0	0	0	0	0	0	0	0	0	0	0	0	0	0	0	0	0	
325864	Cuneus_R	0	2714	0	0	0	0	0	0	0	0	0	0	0	0	0	0	0	0	0	0	0	0	0	0	0	0	0	0	0	0	0	0	0	2010	0	366	0	238	0	262	0	0	8310	31172	5536	0	1396	1472	0	41166	0	17880	0	430	0	410	0	5658	0	5960	0	0	0	0	0	0	5154	27214	236	2756	0	0	0	0	0	0	0	0	0	0	0	294	0	0	0	1600	0	0	0	698	0	0	0	0	0	0	0	0	0	0	0	0	0	0	0	0	0	0	0	0	0	0	0	0	0	0	
277020	Lingual_L	0	0	0	0	0	0	0	0	0	0	0	0	0	0	0	0	0	0	0	0	0	0	0	0	0	0	0	0	0	0	0	0	0	0	568	0	1864	0	820	160	0	0	19990	4180	1290	1396	0	2066	4252	992	14232	1554	7172	366	11314	1460	0	0	0	0	0	0	0	0	124	0	2340	0	0	0	0	0	0	0	0	0	0	0	0	0	0	0	0	0	204	0	0	0	0	0	4622	1658	314	0	384	1470	9300	3934	11452	3272	0	0	0	0	116	2828	0	354	266	1222	10010	6434	536	0	2656	1338	
211008	Lingual_R	0	0	0	0	0	0	0	0	0	0	0	0	0	0	0	0	0	0	0	0	0	0	0	0	0	0	0	0	0	0	0	0	0	268	222	1364	258	2144	248	5244	0	0	3914	18206	0	1472	2066	0	0	3848	0	2896	0	4660	310	15944	0	118	0	0	0	0	0	0	0	0	0	5550	0	0	0	0	0	0	0	0	130	184	0	0	0	0	0	0	0	0	0	0	0	1080	1922	2876	292	116	146	0	1390	5636	2614	7468	0	0	226	0	484	0	0	0	0	0	4132	6828	1122	0	126	0	
152768	Occipital_Sup_L	0	0	0	0	0	0	0	0	0	0	0	0	0	0	0	0	0	0	0	0	0	0	0	0	0	0	0	0	0	0	0	0	1606	114	2408	0	0	0	0	0	0	0	11762	0	12828	0	4252	0	0	0	23762	0	596	0	630	0	182	0	5004	0	0	0	0	0	214	0	11432	0	946	0	0	0	0	0	0	0	0	0	0	0	0	0	0	0	648	0	0	0	0	0	0	0	0	0	0	0	0	0	0	0	0	0	0	0	0	0	0	0	0	0	0	0	0	0	0	0	
403684	Occipital_Sup_R	0	3848	0	0	0	0	0	0	0	0	0	0	0	0	0	0	0	210	0	0	0	0	0	0	0	0	0	0	0	202	0	0	0	1064	0	206	0	568	0	678	0	0	4802	29842	704	41166	992	3848	0	0	0	39886	0	2100	0	1434	0	8834	0	12378	0	402	0	250	0	3714	4390	27842	232	3154	0	0	0	0	0	0	0	0	0	360	0	1548	0	0	0	5224	0	0	0	1964	0	0	0	0	0	0	0	0	0	0	0	0	0	0	0	0	0	0	0	0	0	0	0	0	0	0	
427660	Occipital_Mid_L	646	0	134	0	0	0	0	0	0	0	0	0	0	0	0	0	1228	0	152	348	0	0	0	0	0	0	0	0	676	0	0	0	2654	462	2432	0	356	0	1114	0	0	0	27998	0	9444	0	14232	0	23762	0	0	0	16918	0	5694	0	5208	0	17316	0	14778	0	1848	0	18774	0	20596	0	2284	406	0	0	0	0	0	0	0	0	176	0	1242	0	0	0	18908	0	0	0	2698	0	0	0	0	0	0	0	428	0	550	0	0	0	0	0	0	0	0	0	0	0	368	0	0	0	0	0	
337856	Occipital_Mid_R	0	3146	0	0	0	0	0	0	0	0	0	0	0	0	0	0	0	698	0	0	0	0	0	0	0	0	0	0	0	438	0	0	0	762	0	216	0	892	0	1116	0	0	2314	20094	0	17880	1554	2896	0	39886	0	0	0	4190	0	1960	0	5942	0	2844	0	1248	0	726	0	13362	2280	15116	152	2186	0	0	0	0	0	0	0	0	0	902	0	4016	0	0	0	16296	0	0	0	5502	0	0	0	0	0	0	0	160	0	0	0	0	0	0	0	0	0	0	0	0	154	0	0	0	0	0	
116352	Occipital_Inf_L	0	0	0	0	0	0	0	0	0	0	0	0	0	0	0	0	0	0	0	0	0	0	0	0	0	0	0	0	0	0	0	0	0	0	172	0	872	0	1528	0	0	0	2950	0	990	0	7172	0	596	0	16918	0	0	0	11570	0	0	0	0	0	0	0	0	0	706	0	874	0	0	0	0	0	0	0	0	0	0	0	0	0	282	0	0	0	3214	0	0	0	4228	0	1240	0	0	0	0	0	1240	196	1916	164	0	0	0	0	0	122	0	0	0	0	970	256	0	0	0	0	
56668	Occipital_Inf_R	0	0	0	0	0	0	0	0	0	0	0	0	0	0	0	0	0	0	0	0	0	0	0	0	0	0	0	0	0	0	0	0	0	0	0	0	0	482	0	1158	0	0	702	3590	0	430	366	4660	0	2100	0	4190	0	0	0	5992	0	0	0	0	0	0	0	0	0	0	0	0	0	0	0	0	0	0	0	0	0	0	0	0	0	0	0	0	0	432	0	0	0	2720	0	0	0	0	0	0	0	0	0	838	0	0	0	0	0	0	0	0	0	0	0	674	0	0	0	0	
281880	Fusiform_L	140	0	0	0	0	0	0	0	0	0	0	0	0	0	0	0	940	0	0	0	0	0	0	0	0	0	0	0	2284	0	0	0	0	0	1710	0	7294	0	4664	0	2070	0	1912	0	1780	0	11314	310	630	0	5694	0	11570	0	0	174	534	0	0	0	454	0	1652	0	0	0	3934	0	744	0	0	0	314	0	0	0	0	0	0	0	2602	0	2616	0	5892	0	3608	0	14342	0	13374	334	666	0	204	0	8956	440	20004	602	438	0	686	0	0	264	0	0	0	0	2694	2664	286	0	150	0	
328204	Fusiform_R	0	926	0	0	0	0	0	0	0	0	0	0	0	0	0	0	0	442	0	428	0	0	0	0	0	0	0	0	0	854	0	0	0	334	0	1474	0	15172	0	18560	0	4976	1192	7684	0	410	1460	15944	0	1434	0	1960	0	5992	174	0	0	1724	0	0	0	296	0	584	0	0	0	1760	0	678	0	0	0	744	0	0	0	660	0	176	0	928	0	4282	0	3630	0	3908	0	19066	682	10156	0	378	0	0	1182	6516	1310	14294	0	0	0	568	192	130	0	0	0	0	4822	5054	966	0	0	0	
331936	Postcentral_L	30818	602	8258	314	0	0	3902	0	0	0	4168	0	174	0	0	0	17006	0	6368	466	0	0	0	0	0	0	0	0	7088	0	0	0	150	0	1694	0	2614	0	0	0	0	0	246	0	258	0	0	0	182	0	5208	0	0	0	534	0	0	0	9926	0	21614	0	9052	0	3446	0	4452	0	8016	0	354	130	1248	0	0	0	710	158	9350	0	5486	0	0	0	1596	0	0	0	380	0	0	0	0	0	0	0	0	0	0	0	0	0	0	0	0	0	0	0	0	0	0	0	0	0	0	0	
243408	Postcentral_R	132	20254	0	950	0	0	0	0	0	0	0	1948	0	0	0	0	0	2778	0	3428	0	0	0	160	0	0	0	0	0	670	0	258	0	3358	298	2568	0	1422	0	1606	0	0	0	2970	0	5658	0	118	0	8834	0	5942	0	0	0	1724	0	0	0	11014	0	5726	0	7062	0	1380	600	11612	1524	10708	0	790	0	1000	0	0	0	592	0	222	0	644	0	0	0	1822	0	0	0	1932	0	0	0	0	0	0	0	0	0	0	0	0	0	0	0	0	0	0	0	0	0	0	0	0	0	0	
140872	Parietal_Sup_L	310	0	0	0	0	0	0	0	0	0	0	0	0	0	0	0	316	0	0	0	0	0	0	0	0	0	0	0	308	0	0	0	0	0	0	0	0	0	0	0	0	0	182	0	1208	0	0	0	5004	0	17316	0	0	0	0	0	9926	0	0	0	16126	0	0	0	3920	0	15306	0	390	0	0	0	0	0	0	0	124	0	0	0	0	0	0	0	0	0	0	0	0	0	0	0	0	0	0	0	0	0	0	0	0	0	0	0	0	0	0	0	0	0	0	0	0	0	0	0	
134228	Parietal_Sup_R	0	1188	0	248	0	0	0	0	0	0	0	0	0	0	0	0	0	122	0	250	0	0	0	0	0	0	0	0	0	0	0	0	0	0	0	0	0	0	0	0	0	0	0	1522	0	5960	0	0	0	12378	0	2844	0	0	0	0	0	11014	0	0	0	11384	0	2888	0	6006	258	9808	0	726	0	118	0	0	0	0	0	0	0	208	0	192	0	0	0	0	0	0	0	0	0	0	0	0	0	0	0	0	0	0	0	0	0	0	0	0	0	0	0	0	0	0	0	0	0	0	
208152	Parietal_Inf_L	3622	0	702	196	0	0	0	0	0	0	222	0	0	0	0	0	1834	0	698	334	0	0	0	0	0	0	0	0	644	0	0	0	124	170	150	0	0	0	0	0	0	0	120	0	180	0	0	0	0	0	14778	0	0	0	454	0	21614	0	16126	0	0	0	11226	0	19524	0	2434	0	2230	166	174	0	144	0	0	0	0	0	1280	0	1070	0	0	0	3140	0	0	0	720	0	0	0	0	0	0	0	0	0	0	0	0	0	0	0	0	0	0	0	0	0	0	0	0	0	0	0	
88356	Parietal_Inf_R	0	432	0	366	0	0	0	0	0	0	0	0	0	0	0	0	0	918	0	360	0	0	0	0	0	0	0	0	0	168	0	0	0	0	0	0	0	0	0	168	0	0	0	0	0	0	0	0	0	402	0	1248	0	0	0	296	0	5726	0	11384	0	0	0	9806	0	11122	0	184	0	0	0	146	0	0	0	0	0	0	0	212	0	656	0	0	0	370	0	0	0	214	0	0	0	0	0	0	0	0	0	0	0	0	0	0	0	0	0	0	0	0	0	0	0	0	0	0	
104132	SupraMarginal_L	682	0	156	0	0	0	0	0	0	0	0	0	0	0	0	0	1524	0	156	0	0	0	0	0	0	0	0	0	2478	0	0	0	150	0	0	0	0	0	0	0	0	0	0	0	0	0	0	0	0	0	1848	0	0	0	1652	0	9052	0	0	0	11226	0	0	0	8018	0	140	0	242	0	0	0	0	0	0	0	0	0	304	0	5634	0	0	0	7722	0	0	0	1082	0	0	0	0	0	0	0	0	0	0	0	0	0	0	0	0	0	0	0	0	0	0	0	0	0	0	0	
73496	SupraMarginal_R	0	600	0	0	0	0	0	0	0	0	0	0	0	0	0	0	0	2738	0	266	0	0	0	0	0	0	0	0	0	476	0	0	0	0	0	0	0	508	0	364	0	0	0	0	0	0	0	0	0	250	0	726	0	0	0	584	0	7062	0	2888	0	9806	0	0	0	4016	0	176	150	324	0	0	0	174	0	0	0	218	0	282	0	4226	0	0	0	288	0	0	0	626	0	0	0	0	0	0	0	0	0	0	0	0	0	0	0	0	0	0	0	0	0	0	0	0	0	0	
141428	Angular_L	302	0	0	0	0	0	0	0	0	0	0	0	0	0	0	0	120	0	0	0	0	0	0	0	0	0	0	0	0	0	0	0	130	162	0	0	0	0	0	0	0	0	0	0	0	0	124	0	214	0	18774	0	706	0	0	0	3446	0	3920	0	19524	0	8018	0	0	0	598	0	2286	162	0	0	0	0	0	0	0	0	0	0	270	0	0	0	9518	0	0	0	2440	0	0	0	0	0	0	0	0	0	0	0	0	0	0	0	0	0	0	0	0	0	0	0	0	0	0	0	
116124	Angular_R	0	430	0	362	0	0	0	0	0	0	0	0	0	0	0	0	0	976	0	362	0	0	0	0	0	0	0	0	0	256	0	0	0	0	0	0	0	0	0	0	0	0	0	326	0	0	0	0	0	3714	0	13362	0	0	0	0	0	1380	0	6006	0	11122	0	4016	0	0	0	148	0	0	0	0	0	0	0	0	0	0	0	342	0	6122	0	0	0	8324	0	0	0	814	0	0	0	0	0	0	0	0	0	0	0	0	0	0	0	0	0	0	0	0	0	0	0	0	0	0	
255768	Precuneus_L	128	496	0	0	0	0	0	0	0	0	0	0	0	0	0	0	294	0	0	0	0	0	0	0	0	0	0	0	190	0	0	0	4234	654	6912	408	2244	0	350	0	0	0	9908	1076	11742	5154	2340	0	11432	4390	20596	2280	874	0	3934	0	4452	600	15306	258	2434	0	140	0	598	0	0	7256	1978	732	0	0	0	0	0	0	0	0	0	0	268	0	0	0	3270	176	0	0	780	0	0	0	0	0	0	0	0	0	0	0	0	0	0	0	0	0	0	0	0	0	0	0	0	0	0	0	
339372	Precuneus_R	124	5550	0	0	0	0	0	0	0	0	0	0	0	0	0	0	0	0	0	0	0	0	0	0	0	0	0	0	0	0	0	0	772	6394	804	7292	248	3240	0	2044	0	0	356	22210	496	27214	0	5550	0	27842	0	15116	0	0	0	1760	0	11612	0	9808	0	184	0	176	0	148	7256	0	846	5862	0	0	0	0	0	0	186	192	0	126	0	534	0	0	0	2832	0	0	0	2540	0	0	0	0	0	0	0	194	0	0	0	0	0	0	0	0	0	0	0	0	178	0	0	0	0	0	
265548	Paracentral_Lobule_L	20432	2610	4036	0	0	0	0	0	0	0	0	0	0	0	0	0	0	0	8808	15022	0	0	0	0	0	0	0	0	278	0	0	0	5436	17834	4838	978	2074	320	122	0	0	0	148	330	0	236	0	0	946	232	2284	152	0	0	744	0	8016	1524	390	0	2230	0	242	150	2286	0	1978	846	0	9616	498	1008	908	0	1798	0	10140	1532	0	0	228	0	0	0	1254	0	0	0	154	116	0	0	0	0	0	0	0	0	0	0	0	0	0	0	0	0	0	0	0	0	0	0	0	0	0	0	
168112	Paracentral_Lobule_R	1500	10470	0	0	0	0	0	0	0	0	0	0	0	0	0	0	0	0	322	10554	0	0	0	0	0	0	0	0	0	0	0	0	296	14324	1160	2040	0	904	0	666	0	0	0	1316	0	2756	0	0	0	3154	406	2186	0	0	0	678	0	10708	0	726	166	0	0	324	162	0	732	5862	9616	0	0	554	0	0	0	0	0	726	0	0	0	114	0	0	0	486	0	0	0	1148	0	0	0	0	0	0	0	0	0	0	0	0	0	0	0	0	0	0	0	0	0	0	0	0	0	0	
248352	Caudate_L	10166	688	9330	1654	484	0	4044	1212	0	390	2654	2370	2398	1508	602	972	0	118	7974	1930	7394	6988	796	948	0	0	2686	1232	5094	2572	8418	4036	0	124	0	0	0	152	0	0	210	0	0	0	0	0	0	0	0	0	0	0	0	0	0	0	354	0	0	0	174	0	0	0	0	0	0	0	498	0	0	13876	14138	692	794	0	3102	1404	0	0	0	0	0	0	0	0	0	0	0	0	0	0	0	0	0	0	0	0	0	0	0	0	0	0	0	0	0	0	0	0	0	0	0	0	0	0	
390348	Caudate_R	2542	4320	4302	17404	200	8580	720	2110	0	2476	1202	2446	672	2152	304	7702	0	272	4516	13802	5084	6156	392	11972	114	4108	1374	5326	1840	3544	2756	20936	0	1210	0	0	0	0	0	0	0	0	0	0	0	0	0	0	0	0	0	0	0	0	0	0	130	790	0	118	0	146	0	0	0	0	0	0	1008	554	13876	0	3878	19458	316	1148	1278	11808	0	0	0	0	0	132	0	0	0	0	0	0	0	0	0	0	0	0	0	0	0	0	0	0	0	0	0	0	0	0	0	0	0	0	0	0	0	0	
312064	Putamen_L	21732	114	23500	546	2498	0	1566	0	346	0	1572	250	1924	156	2572	160	816	0	19482	906	3740	3332	876	0	124	0	1344	582	20168	262	6442	1304	0	0	166	150	5884	156	1316	0	414	0	0	0	0	0	0	0	0	0	0	0	0	0	314	0	1248	0	0	0	144	0	0	0	0	0	0	0	908	0	14138	3878	0	132	5228	0	3526	228	630	0	520	0	284	0	0	0	0	0	454	0	0	0	0	0	0	0	0	0	0	0	0	0	0	0	0	0	0	0	0	0	0	0	0	0	0	0	
264824	Putamen_R	352	6892	1032	11814	0	5770	168	3862	0	2146	312	5550	264	3476	0	5502	0	2844	1244	7312	138	474	0	4460	0	1052	0	2800	198	17032	422	8512	0	608	0	0	0	7966	0	680	0	498	0	0	0	0	0	0	0	0	0	0	0	0	0	744	0	1000	0	0	0	0	0	174	0	0	0	0	0	0	692	19458	132	0	0	2732	0	3642	0	118	0	0	0	0	0	0	0	0	0	340	0	0	0	0	0	0	0	0	0	0	0	0	0	0	0	0	0	0	0	0	0	0	0	0	0	0	
64540	Pallidum_L	7396	0	6480	128	0	0	0	0	0	0	0	0	0	0	0	0	0	0	6390	396	0	0	0	0	0	0	0	0	0	0	0	0	0	0	0	0	602	0	0	0	0	0	0	0	0	0	0	0	0	0	0	0	0	0	0	0	0	0	0	0	0	0	0	0	0	0	0	0	1798	0	794	316	5228	0	0	0	2410	332	0	0	0	0	0	0	0	0	0	0	0	0	0	0	0	0	0	0	0	0	0	0	0	0	0	0	0	0	0	0	0	0	0	0	0	0	0	0	
14836	Pallidum_R	0	410	0	748	0	0	0	176	0	0	0	208	0	0	0	0	0	290	0	872	0	0	0	0	0	0	0	0	0	0	0	0	0	0	0	0	0	222	0	0	0	0	0	0	0	0	0	0	0	0	0	0	0	0	0	0	0	0	0	0	0	0	0	0	0	0	0	0	0	0	0	1148	0	2732	0	0	0	612	0	0	0	0	0	0	0	0	0	0	0	0	0	0	0	0	0	0	0	0	0	0	0	0	0	0	0	0	0	0	0	0	0	0	0	0	0	0	
139632	Thalamus_L	21800	0	3190	116	0	0	404	0	0	0	0	0	0	0	0	0	364	0	2360	212	0	0	0	0	0	0	0	0	3244	0	184	0	0	118	1632	1862	4484	1770	468	0	0	0	0	0	0	0	0	130	0	0	0	0	0	0	0	0	710	0	124	0	0	0	0	0	0	0	0	186	10140	0	3102	1278	3526	0	2410	0	0	4952	198	0	596	0	0	0	0	0	0	0	256	0	0	0	0	0	0	0	0	0	0	0	0	0	0	0	0	0	0	0	0	0	0	0	0	0	0	0	
130316	Thalamus_R	2668	10814	430	2268	0	0	0	120	0	0	0	304	0	0	0	0	0	2978	494	1904	0	0	0	696	0	0	0	0	280	700	0	842	0	406	1930	3054	1720	4940	0	510	0	0	0	0	0	0	0	184	0	0	0	0	0	0	0	660	158	592	0	0	0	0	0	218	0	0	0	192	1532	726	1404	11808	228	3642	332	612	4952	0	0	308	0	0	0	0	0	0	0	0	0	552	0	0	0	0	0	0	0	0	0	0	0	0	0	0	0	0	0	0	0	0	0	0	0	0	0	0	
118760	Heschl_L	11598	0	1938	0	0	0	1730	0	0	0	0	0	0	0	0	0	10166	0	1042	118	0	0	0	0	0	0	0	0	8662	0	0	0	0	0	0	0	6574	0	0	0	0	0	0	0	0	0	0	0	0	0	176	0	0	0	0	0	9350	0	0	0	1280	0	304	0	0	0	0	0	0	0	0	0	630	0	0	0	198	0	0	0	3512	0	0	0	1016	0	0	0	1086	0	0	0	0	0	0	0	0	0	0	0	0	0	0	0	0	0	0	0	0	0	0	0	0	0	0	0	
23824	Heschl_R	0	130	0	0	0	0	0	0	0	0	0	0	0	0	0	0	0	2752	0	0	0	0	0	0	0	0	0	0	0	1414	0	0	0	0	0	0	0	262	0	0	0	0	0	0	0	0	0	0	0	360	0	902	0	0	0	176	0	222	0	208	0	212	0	282	0	342	0	126	0	0	0	0	0	118	0	0	0	308	0	0	0	3568	0	0	0	280	0	0	0	250	0	0	0	0	0	0	0	0	0	0	0	0	0	0	0	0	0	0	0	0	0	0	0	0	0	0	
186396	Temporal_Sup_L	5764	0	3410	0	0	0	828	0	0	0	1916	0	232	0	0	0	13314	0	3156	0	0	0	0	0	0	0	0	0	9596	0	0	0	0	0	0	0	1438	0	0	0	0	0	226	0	262	0	0	0	0	0	1242	0	282	0	2602	0	5486	0	0	0	1070	0	5634	0	270	0	268	0	228	0	0	0	520	0	0	0	596	0	3512	0	0	0	2676	0	20070	0	0	0	8600	0	0	0	0	0	0	0	0	0	0	0	0	0	0	0	0	0	0	0	0	0	0	0	0	0	0	0	
104240	Temporal_Sup_R	0	426	0	0	0	0	0	0	0	0	0	0	0	0	0	0	0	2036	0	0	0	0	0	0	0	0	0	0	0	3284	0	0	0	0	0	118	0	1758	0	952	0	0	0	292	0	294	0	0	0	1548	0	4016	0	0	0	928	0	644	0	192	0	656	0	4226	0	6122	0	534	0	114	0	0	0	0	0	0	0	0	0	3568	0	0	0	1438	0	15910	0	280	0	2784	0	0	0	0	0	0	0	0	0	0	0	0	0	0	0	0	0	0	0	0	0	0	0	0	0	0	
80468	Temporal_Pole_Sup_L	354	0	3212	0	0	0	1058	0	0	0	4910	0	698	0	258	0	1570	0	2714	0	194	0	0	0	0	0	0	0	5148	0	120	0	0	0	0	0	258	0	380	0	282	0	0	0	0	0	0	0	0	0	0	0	0	0	2616	0	0	0	0	0	0	0	0	0	0	0	0	0	0	0	0	0	284	0	0	0	0	0	0	0	2676	0	0	0	4730	0	5268	0	3504	0	0	0	0	0	0	0	0	0	0	0	0	0	0	0	0	0	0	0	0	0	0	0	0	0	0	0	
53944	Temporal_Pole_Sup_R	0	512	0	618	0	0	0	1048	0	0	0	2476	0	0	0	0	0	2088	0	1206	0	0	0	0	0	0	0	0	0	3080	0	0	0	0	0	0	0	118	0	926	0	1478	0	0	0	0	0	0	0	0	0	0	0	0	0	4282	0	0	0	0	0	0	0	0	0	0	0	0	0	0	0	132	0	0	0	0	0	0	0	0	0	1438	0	0	0	3080	0	3536	0	954	0	0	0	0	0	0	0	0	0	0	0	0	0	0	0	0	0	0	0	0	0	0	0	0	0	0	
272688	Temporal_Mid_L	584	0	0	0	0	0	0	0	0	0	0	0	0	0	0	0	1774	0	0	0	0	0	0	0	0	0	0	0	1142	0	0	0	262	0	1432	0	1082	0	0	0	0	0	2732	0	3582	0	204	0	648	0	18908	0	3214	0	5892	0	1596	0	0	0	3140	0	7722	0	9518	0	3270	0	1254	0	0	0	0	0	0	0	0	0	1016	0	20070	0	4730	0	0	0	6414	0	36158	0	0	0	0	0	0	0	0	0	0	0	0	0	0	0	0	0	0	0	0	0	0	0	0	0	0	0	
192468	Temporal_Mid_R	0	1052	0	0	0	0	0	0	0	0	0	0	0	0	0	0	0	0	0	0	0	0	0	0	0	0	0	0	0	654	0	0	0	118	0	0	0	5098	0	4174	0	0	0	3048	0	1600	0	0	0	5224	0	16296	0	432	0	3630	0	1822	0	0	0	370	0	288	0	8324	176	2832	0	486	0	0	0	0	0	0	0	0	0	280	0	15910	0	3080	0	0	0	1668	0	19672	0	0	0	0	0	0	0	0	0	0	0	0	0	0	0	0	0	0	0	0	0	0	0	0	0	0	
45768	Temporal_Pole_Mid_L	0	0	0	0	0	0	0	0	0	0	0	0	0	0	0	0	0	0	0	0	0	0	0	0	0	0	0	0	0	0	0	0	0	0	0	0	170	0	338	0	268	0	0	0	0	0	0	0	0	0	0	0	0	0	3608	0	0	0	0	0	0	0	0	0	0	0	0	0	0	0	0	0	0	0	0	0	0	0	0	0	0	0	5268	0	6414	0	0	0	6818	0	0	0	0	0	0	0	0	0	0	0	0	0	0	0	0	0	0	0	0	0	0	0	0	0	0	0	
22816	Temporal_Pole_Mid_R	0	0	0	0	0	0	0	0	0	0	0	0	0	0	0	0	0	0	0	0	0	0	0	0	0	0	0	0	0	0	0	0	0	0	0	0	0	0	0	424	0	0	0	0	0	0	0	0	0	0	0	0	0	0	0	3908	0	0	0	0	0	0	0	0	0	0	0	0	0	0	0	0	0	0	0	0	0	0	0	0	0	280	0	3536	0	1668	0	0	0	1592	0	0	0	0	0	0	0	0	0	0	0	0	0	0	0	0	0	0	0	0	0	0	0	0	0	0	
211296	Temporal_Inf_L	720	0	0	0	0	0	0	0	0	0	0	0	0	0	0	0	812	0	0	0	0	0	0	0	0	0	0	0	2554	0	0	0	0	0	328	0	6530	0	596	0	1098	0	298	0	606	0	0	0	0	0	2698	0	4228	0	14342	0	380	0	0	0	720	0	1082	0	2440	0	780	0	154	0	0	0	454	0	0	0	256	0	1086	0	8600	0	3504	0	36158	0	6818	0	0	0	3958	0	770	0	0	0	324	0	1242	0	926	0	1068	0	118	0	0	0	0	0	0	0	0	0	0	0	
212736	Temporal_Inf_R	0	1484	0	0	0	0	0	0	0	0	0	0	0	0	0	0	0	562	0	668	0	0	0	0	0	0	0	0	0	1502	0	0	0	572	0	2014	0	17870	0	14560	0	0	0	2248	0	698	0	1080	0	1964	0	5502	0	2720	0	19066	0	1932	0	0	0	214	0	626	0	814	0	2540	116	1148	0	0	0	340	0	0	0	552	0	250	0	2784	0	954	0	19672	0	1592	0	0	0	204	0	0	0	0	0	0	0	120	0	0	0	0	0	0	0	0	0	0	0	0	0	0	0	0	
384776	Cerebelum_Crus1_L	0	0	0	0	0	0	0	0	0	0	0	0	0	0	0	0	0	0	0	0	0	0	0	0	0	0	0	0	0	0	0	0	0	0	0	0	0	0	0	0	0	0	0	0	0	0	4622	1922	0	0	0	0	1240	0	13374	682	0	0	0	0	0	0	0	0	0	0	0	0	0	0	0	0	0	0	0	0	0	0	0	0	0	0	0	0	0	0	0	0	3958	0	0	3670	28038	2370	1242	318	13698	1902	43758	4990	14698	394	22956	1538	5012	510	406	0	0	574	4234	7230	6382	1438	1232	0	
392716	Cerebelum_Crus1_R	0	0	0	0	0	0	0	0	0	0	0	0	0	0	0	0	0	0	0	0	0	0	0	0	0	0	0	0	0	0	0	0	0	0	0	0	0	0	0	148	0	0	920	0	0	0	1658	2876	0	0	0	0	0	0	334	10156	0	0	0	0	0	0	0	0	0	0	0	0	0	0	0	0	0	0	0	0	0	0	0	0	0	0	0	0	0	0	0	0	0	204	3670	0	1302	24648	156	2344	2392	21032	3948	55406	1278	1092	2318	20544	364	4406	0	966	0	240	10064	9262	12000	1404	1226	0	
295920	Cerebelum_Crus2_L	0	0	0	0	0	0	0	0	0	0	0	0	0	0	0	0	0	0	0	0	0	0	0	0	0	0	0	0	0	0	0	0	0	0	0	0	0	0	0	0	0	0	0	0	0	0	314	292	0	0	0	0	0	0	666	0	0	0	0	0	0	0	0	0	0	0	0	0	0	0	0	0	0	0	0	0	0	0	0	0	0	0	0	0	0	0	0	0	770	0	28038	1302	0	6666	620	0	1376	236	3628	924	38544	3686	37012	3504	7696	192	770	0	0	0	0	1414	6942	2704	664	0	
232268	Cerebelum_Crus2_R	0	0	0	0	0	0	0	0	0	0	0	0	0	0	0	0	0	0	0	0	0	0	0	0	0	0	0	0	0	0	0	0	0	0	0	0	0	0	0	0	0	0	0	0	0	0	0	116	0	0	0	0	0	0	0	378	0	0	0	0	0	0	0	0	0	0	0	0	0	0	0	0	0	0	0	0	0	0	0	0	0	0	0	0	0	0	0	0	0	0	2370	24648	6666	0	172	0	336	164	736	5468	4816	13020	5472	30648	298	4048	0	0	0	0	394	1220	11200	3064	900	0	
51520	Cerebelum_3_L	0	0	0	0	0	0	0	0	0	0	0	0	0	0	0	0	0	0	0	0	0	0	0	0	0	0	0	0	0	0	0	0	0	0	0	0	0	0	0	0	0	0	0	0	0	0	384	146	0	0	0	0	0	0	204	0	0	0	0	0	0	0	0	0	0	0	0	0	0	0	0	0	0	0	0	0	0	0	0	0	0	0	0	0	0	0	0	0	0	0	1242	156	620	172	0	120	8242	238	2186	428	244	0	2062	280	3308	206	302	0	712	1088	1186	826	550	398	460	0	
68184	Cerebelum_3_R	0	0	0	0	0	0	0	0	0	0	0	0	0	0	0	0	0	0	0	0	0	0	0	0	0	0	0	0	0	0	0	0	0	0	0	0	0	0	0	0	0	0	394	0	0	0	1470	0	0	0	0	0	0	0	0	0	0	0	0	0	0	0	0	0	0	0	0	0	0	0	0	0	0	0	0	0	0	0	0	0	0	0	0	0	0	0	0	0	0	0	318	2344	0	0	120	0	1566	6968	702	5876	0	0	0	118	0	2234	0	0	822	3914	4072	1492	0	272	1410	0	
295480	Cerebelum_4_5_L	0	0	0	0	0	0	0	0	0	0	0	0	0	0	0	0	0	0	0	0	0	0	0	0	0	0	0	0	0	0	0	0	0	0	0	0	0	0	128	0	0	0	320	246	0	0	9300	1390	0	0	428	0	1240	0	8956	1182	0	0	0	0	0	0	0	0	0	0	0	0	0	0	0	0	0	0	0	0	0	0	0	0	0	0	0	0	0	0	0	0	324	0	13698	2392	1376	336	8242	1566	0	5102	31508	5740	1014	0	4096	924	7166	3354	594	470	282	2462	19700	6776	1160	1252	3650	1366	
244464	Cerebelum_4_5_R	0	0	0	0	0	0	0	0	0	0	0	0	0	0	0	0	0	0	0	0	0	0	0	0	0	0	0	0	0	0	0	0	0	0	0	0	0	158	0	1372	0	0	1952	586	0	0	3934	5636	0	0	0	160	196	0	440	6516	0	0	0	0	0	0	0	0	0	0	0	194	0	0	0	0	0	0	0	0	0	0	0	0	0	0	0	0	0	0	0	0	0	0	1902	21032	236	164	238	6968	5102	0	3844	32308	0	0	260	298	612	2294	0	210	0	1360	18024	4374	426	174	1262	0	
391880	Cerebelum_6_L	0	0	0	0	0	0	0	0	0	0	0	0	0	0	0	0	0	0	0	0	0	0	0	0	0	0	0	0	0	0	0	0	0	0	0	0	0	0	0	0	0	0	254	0	0	0	11452	2614	0	0	550	0	1916	0	20004	1310	0	0	0	0	0	0	0	0	0	0	0	0	0	0	0	0	0	0	0	0	0	0	0	0	0	0	0	0	0	0	0	0	1242	0	43758	3948	3628	736	2186	702	31508	3844	0	7868	3334	0	7106	1492	5072	2248	1128	238	0	1226	12132	14624	4666	1918	2902	334	
439620	Cerebelum_6_R	0	0	0	0	0	0	0	0	0	0	0	0	0	0	0	0	0	0	0	0	0	0	0	0	0	0	0	0	0	0	0	0	0	0	0	0	0	310	0	564	0	0	2198	258	0	0	3272	7468	0	0	0	0	164	838	602	14294	0	0	0	0	0	0	0	0	0	0	0	0	0	0	0	0	0	0	0	0	0	0	0	0	0	0	0	0	0	0	0	0	0	120	4990	55406	924	5468	428	5876	5740	32308	7868	0	604	278	1954	9026	836	4328	0	2102	0	1034	18330	16344	11800	1780	2114	184	
250536	Cerebelum_7b_L	0	0	0	0	0	0	0	0	0	0	0	0	0	0	0	0	0	0	0	0	0	0	0	0	0	0	0	0	0	0	0	0	0	0	0	0	0	0	0	0	0	0	0	0	0	0	0	0	0	0	0	0	0	0	438	0	0	0	0	0	0	0	0	0	0	0	0	0	0	0	0	0	0	0	0	0	0	0	0	0	0	0	0	0	0	0	0	0	926	0	14698	1278	38544	4816	244	0	1014	0	3334	604	0	2358	34896	3718	6564	204	892	0	0	0	0	470	6274	3568	428	0	
81068	Cerebelum_7b_R	0	0	0	0	0	0	0	0	0	0	0	0	0	0	0	0	0	0	0	0	0	0	0	0	0	0	0	0	0	0	0	0	0	0	0	0	0	0	0	0	0	0	0	0	0	0	0	0	0	0	0	0	0	0	0	0	0	0	0	0	0	0	0	0	0	0	0	0	0	0	0	0	0	0	0	0	0	0	0	0	0	0	0	0	0	0	0	0	0	0	394	1092	3686	13020	0	0	0	0	0	278	2358	0	1746	13238	0	846	0	0	0	0	0	0	2768	1108	0	0	
355544	Cerebelum_8_L	0	0	0	0	0	0	0	0	0	0	0	0	0	0	0	0	0	0	0	0	0	0	0	0	0	0	0	0	0	0	0	0	0	0	0	0	0	0	0	0	0	0	0	0	0	0	0	226	0	0	0	0	0	0	686	0	0	0	0	0	0	0	0	0	0	0	0	0	0	0	0	0	0	0	0	0	0	0	0	0	0	0	0	0	0	0	0	0	1068	0	22956	2318	37012	5472	2062	0	4096	260	7106	1954	34896	1746	0	8688	19716	1036	1788	0	0	0	244	2352	10278	8848	2846	118	
282080	Cerebelum_8_R	0	0	0	0	0	0	0	0	0	0	0	0	0	0	0	0	0	0	0	0	0	0	0	0	0	0	0	0	0	0	0	0	0	0	0	0	0	0	0	0	0	0	0	0	0	0	0	0	0	0	0	0	0	0	0	568	0	0	0	0	0	0	0	0	0	0	0	0	0	0	0	0	0	0	0	0	0	0	0	0	0	0	0	0	0	0	0	0	0	0	1538	20544	3504	30648	280	118	924	298	1492	9026	3718	13238	8688	0	974	18076	0	598	168	212	722	2232	10634	8866	3674	300	
156112	Cerebelum_9_L	0	0	0	0	0	0	0	0	0	0	0	0	0	0	0	0	0	0	0	0	0	0	0	0	0	0	0	0	0	0	0	0	0	0	0	0	0	0	0	0	0	0	0	138	0	0	116	484	0	0	0	0	0	0	0	192	0	0	0	0	0	0	0	0	0	0	0	0	0	0	0	0	0	0	0	0	0	0	0	0	0	0	0	0	0	0	0	0	118	0	5012	364	7696	298	3308	0	7166	612	5072	836	6564	0	19716	974	0	1628	3240	0	0	0	2406	3732	1652	1916	3890	926	
171696	Cerebelum_9_R	0	0	0	0	0	0	0	0	0	0	0	0	0	0	0	0	0	0	0	0	0	0	0	0	0	0	0	0	0	0	0	0	0	0	0	0	0	0	0	0	0	0	732	0	0	0	2828	0	0	0	0	0	122	0	264	130	0	0	0	0	0	0	0	0	0	0	0	0	0	0	0	0	0	0	0	0	0	0	0	0	0	0	0	0	0	0	0	0	0	0	510	4406	192	4048	206	2234	3354	2294	2248	4328	204	846	1036	18076	1628	0	220	2238	890	2098	7014	7398	2054	3406	8650	2194	
21972	Cerebelum_10_L	0	0	0	0	0	0	0	0	0	0	0	0	0	0	0	0	0	0	0	0	0	0	0	0	0	0	0	0	0	0	0	0	0	0	0	0	0	0	0	0	0	0	0	0	0	0	0	0	0	0	0	0	0	0	0	0	0	0	0	0	0	0	0	0	0	0	0	0	0	0	0	0	0	0	0	0	0	0	0	0	0	0	0	0	0	0	0	0	0	0	406	0	770	0	302	0	594	0	1128	0	892	0	1788	0	3240	220	0	0	0	0	0	684	0	424	414	124	
24324	Cerebelum_10_R	0	0	0	0	0	0	0	0	0	0	0	0	0	0	0	0	0	0	0	0	0	0	0	0	0	0	0	0	0	0	0	0	0	0	0	0	0	0	0	0	0	0	332	0	0	0	354	0	0	0	0	0	0	0	0	0	0	0	0	0	0	0	0	0	0	0	0	0	0	0	0	0	0	0	0	0	0	0	0	0	0	0	0	0	0	0	0	0	0	0	0	966	0	0	0	0	470	210	238	2102	0	0	0	598	0	2238	0	0	0	0	1220	1412	0	674	1348	0	
19316	Vermis_1_2	0	0	0	0	0	0	0	0	0	0	0	0	0	0	0	0	0	0	0	0	0	0	0	0	0	0	0	0	0	0	0	0	0	0	0	0	0	0	0	0	0	0	0	0	0	0	266	0	0	0	0	0	0	0	0	0	0	0	0	0	0	0	0	0	0	0	0	0	0	0	0	0	0	0	0	0	0	0	0	0	0	0	0	0	0	0	0	0	0	0	0	0	0	0	712	822	282	0	0	0	0	0	0	168	0	890	0	0	0	4934	608	430	0	0	398	148	
54276	Vermis_3	0	0	0	0	0	0	0	0	0	0	0	0	0	0	0	0	0	0	0	0	0	0	0	0	0	0	0	0	0	0	0	0	0	0	0	0	0	0	0	0	0	0	298	0	0	0	1222	0	0	0	0	0	0	0	0	0	0	0	0	0	0	0	0	0	0	0	0	0	0	0	0	0	0	0	0	0	0	0	0	0	0	0	0	0	0	0	0	0	0	0	574	240	0	0	1088	3914	2462	1360	1226	1034	0	0	0	212	0	2098	0	0	4934	0	3648	1274	0	216	1158	180	
309200	Vermis_4_5	0	0	0	0	0	0	0	0	0	0	0	0	0	0	0	0	0	0	0	0	0	0	0	0	0	0	0	0	0	0	0	0	0	0	0	0	0	0	0	208	0	0	2976	538	0	0	10010	4132	0	0	368	154	970	0	2694	4822	0	0	0	0	0	0	0	0	0	0	0	178	0	0	0	0	0	0	0	0	0	0	0	0	0	0	0	0	0	0	0	0	0	0	4234	10064	0	394	1186	4072	19700	18024	12132	18330	0	0	244	722	2406	7014	0	1220	608	3648	0	12532	748	1176	6534	2562	
286972	Vermis_6	0	0	0	0	0	0	0	0	0	0	0	0	0	0	0	0	0	0	0	0	0	0	0	0	0	0	0	0	0	0	0	0	0	0	0	0	0	0	0	0	0	0	1058	142	0	0	6434	6828	0	0	0	0	256	674	2664	5054	0	0	0	0	0	0	0	0	0	0	0	0	0	0	0	0	0	0	0	0	0	0	0	0	0	0	0	0	0	0	0	0	0	0	7230	9262	1414	1220	826	1492	6776	4374	14624	16344	470	0	2352	2232	3732	7398	684	1412	430	1274	12532	0	7920	3854	9556	2968	
221940	Vermis_7	0	0	0	0	0	0	0	0	0	0	0	0	0	0	0	0	0	0	0	0	0	0	0	0	0	0	0	0	0	0	0	0	0	0	0	0	0	0	0	0	0	0	0	0	0	0	536	1122	0	0	0	0	0	0	286	966	0	0	0	0	0	0	0	0	0	0	0	0	0	0	0	0	0	0	0	0	0	0	0	0	0	0	0	0	0	0	0	0	0	0	6382	12000	6942	11200	550	0	1160	426	4666	11800	6274	2768	10278	10634	1652	2054	0	0	0	0	748	7920	0	7160	3224	222	
124992	Vermis_8	0	0	0	0	0	0	0	0	0	0	0	0	0	0	0	0	0	0	0	0	0	0	0	0	0	0	0	0	0	0	0	0	0	0	0	0	0	0	0	0	0	0	0	0	0	0	0	0	0	0	0	0	0	0	0	0	0	0	0	0	0	0	0	0	0	0	0	0	0	0	0	0	0	0	0	0	0	0	0	0	0	0	0	0	0	0	0	0	0	0	1438	1404	2704	3064	398	272	1252	174	1918	1780	3568	1108	8848	8866	1916	3406	424	674	0	216	1176	3854	7160	0	6416	460	
140308	Vermis_9	0	0	0	0	0	0	0	0	0	0	0	0	0	0	0	0	0	0	0	0	0	0	0	0	0	0	0	0	0	0	0	0	0	0	0	0	0	0	0	0	0	0	624	0	0	0	2656	126	0	0	0	0	0	0	150	0	0	0	0	0	0	0	0	0	0	0	0	0	0	0	0	0	0	0	0	0	0	0	0	0	0	0	0	0	0	0	0	0	0	0	1232	1226	664	900	460	1410	3650	1262	2902	2114	428	0	2846	3674	3890	8650	414	1348	398	1158	6534	9556	3224	6416	0	2242	
