data	data	848232	527564	998716	938848	170032	101864	652868	451944	95460	27812	348104	459716	421372	485836	254328	119084	298580	120408	865460	1.2596e+06	76788	91360	495412	424000	50008	125184	111472	117480	794012	594684	444652	524368	321800	841420	129444	123720	368536	445396	142428	350336	50788	67328	215972	266824	162400	328940	215284	239732	297756	303496	558124	245836	211816	97660	594420	561320	442200	253372	267388	109004	322588	74116	191104	111940	196576	95028	360844	405652	460640	387132	278824	370444	461872	462800	53820	28704	194348	185372	112660	55920	330052	148088	152784	50284	458404	193140	16120	15920	515616	163644	464088	354488	220188	217684	41952	85080	275480	232936	407940	349272	165856	111960	218116	180544	105928	92056	25708	2956	20392	53988	166516	117604	142964	73700	74068	44916	
data	data	Precentral_L	Precentral_R	Frontal_Sup_L	Frontal_Sup_R	Frontal_Sup_Orb_L	Frontal_Sup_Orb_R	Frontal_Mid_L	Frontal_Mid_R	Frontal_Mid_Orb_L	Frontal_Mid_Orb_R	Frontal_Inf_Oper_L	Frontal_Inf_Oper_R	Frontal_Inf_Tri_L	Frontal_Inf_Tri_R	Frontal_Inf_Orb_L	Frontal_Inf_Orb_R	Rolandic_Oper_L	Rolandic_Oper_R	Supp_Motor_Area_L	Supp_Motor_Area_R	Olfactory_L	Olfactory_R	Frontal_Sup_Medial_L	Frontal_Sup_Medial_R	Frontal_Med_Orb_L	Frontal_Med_Orb_R	Rectus_L	Rectus_R	Insula_L	Insula_R	Cingulum_Ant_L	Cingulum_Ant_R	Cingulum_Mid_L	Cingulum_Mid_R	Cingulum_Post_L	Cingulum_Post_R	Hippocampus_L	Hippocampus_R	ParaHippocampal_L	ParaHippocampal_R	Amygdala_L	Amygdala_R	Calcarine_L	Calcarine_R	Cuneus_L	Cuneus_R	Lingual_L	Lingual_R	Occipital_Sup_L	Occipital_Sup_R	Occipital_Mid_L	Occipital_Mid_R	Occipital_Inf_L	Occipital_Inf_R	Fusiform_L	Fusiform_R	Postcentral_L	Postcentral_R	Parietal_Sup_L	Parietal_Sup_R	Parietal_Inf_L	Parietal_Inf_R	SupraMarginal_L	SupraMarginal_R	Angular_L	Angular_R	Precuneus_L	Precuneus_R	Paracentral_Lobule_L	Paracentral_Lobule_R	Caudate_L	Caudate_R	Putamen_L	Putamen_R	Pallidum_L	Pallidum_R	Thalamus_L	Thalamus_R	Heschl_L	Heschl_R	Temporal_Sup_L	Temporal_Sup_R	Temporal_Pole_Sup_L	Temporal_Pole_Sup_R	Temporal_Mid_L	Temporal_Mid_R	Temporal_Pole_Mid_L	Temporal_Pole_Mid_R	Temporal_Inf_L	Temporal_Inf_R	Cerebelum_Crus1_L	Cerebelum_Crus1_R	Cerebelum_Crus2_L	Cerebelum_Crus2_R	Cerebelum_3_L	Cerebelum_3_R	Cerebelum_4_5_L	Cerebelum_4_5_R	Cerebelum_6_L	Cerebelum_6_R	Cerebelum_7b_L	Cerebelum_7b_R	Cerebelum_8_L	Cerebelum_8_R	Cerebelum_9_L	Cerebelum_9_R	Cerebelum_10_L	Cerebelum_10_R	Vermis_1_2	Vermis_3	Vermis_4_5	Vermis_6	Vermis_7	Vermis_8	Vermis_9	Vermis_10	
848232	Precentral_L	0	5366	32456	1548	0	0	34822	890	0	0	22158	570	6068	514	0	0	12712	0	11424	15070	0	0	110	0	0	0	0	0	15772	540	2992	576	698	5964	3678	2648	14058	2338	440	1398	118	0	370	0	284	0	0	0	774	0	6478	0	1698	0	3756	292	57324	0	2110	0	10084	0	5226	0	1660	0	2190	478	54996	5512	10440	808	10328	830	6342	224	22946	3774	4268	0	4038	0	218	0	6652	0	0	0	5088	0	0	0	0	0	0	0	0	0	0	0	0	0	0	0	0	0	0	0	0	0	0	0	0	0	0	0	
527564	Precentral_R	5366	0	1296	20920	0	0	1260	17832	0	0	926	5658	516	1386	184	164	1820	6904	2580	37620	0	0	0	92	0	0	0	0	7902	4670	116	200	452	3874	566	1352	1966	8162	0	2494	0	0	0	738	0	862	0	220	0	1082	0	1690	118	1012	3016	5694	1608	23968	0	142	0	1394	0	5978	0	386	0	1482	4918	28478	1812	8094	1822	4854	92	730	1418	6522	408	1510	1428	2254	0	0	1910	4450	0	0	4812	2034	354	112	0	0	0	0	0	0	0	102	0	0	0	0	0	0	0	0	0	0	0	0	0	0	0	0	
998716	Frontal_Sup_L	32456	1296	0	8156	10332	0	82890	2718	3344	0	11490	5486	18238	6208	10112	0	4884	0	56844	20840	470	0	47000	12262	2336	90	4958	0	21786	5984	22568	9386	9100	17534	536	0	2756	122	114	86	0	0	0	0	0	0	0	0	0	0	0	0	0	0	854	0	2760	0	0	0	216	0	0	0	0	0	100	0	11272	636	5466	580	28710	826	2728	272	6826	290	514	0	1572	0	2014	0	352	0	0	0	988	0	0	0	0	0	0	0	0	0	0	0	0	0	0	0	0	0	0	0	0	0	0	0	0	0	0	0	
938848	Frontal_Sup_R	1548	20920	8156	0	112	7366	3912	55578	0	2504	342	21754	1884	25368	862	6918	116	3748	16198	59390	152	778	11422	36170	110	7658	194	5382	3496	21110	8128	30494	6878	30892	224	156	96	8692	0	3652	0	0	0	92	0	102	0	0	0	0	0	122	0	550	182	5710	138	1310	0	0	0	0	0	152	0	0	0	188	132	296	2170	17032	3350	19626	0	1392	152	1288	0	480	120	952	146	158	0	252	0	0	318	476	0	88	0	0	0	0	0	0	0	90	0	0	0	0	0	0	0	0	0	0	0	0	0	0	0	0	
170032	Frontal_Sup_Orb_L	0	0	10332	112	0	0	3622	0	13658	0	0	0	2698	0	11744	0	0	0	294	102	2202	0	7270	726	5284	0	10412	0	2780	0	6078	430	142	244	0	0	0	0	92	0	334	0	0	0	0	0	0	0	0	0	0	0	0	0	0	0	0	0	0	0	0	0	0	0	0	0	0	0	0	0	144	0	4606	0	0	0	0	0	0	0	0	0	1710	0	0	0	0	0	0	0	0	0	0	0	0	0	0	0	0	0	0	0	0	0	0	0	0	0	0	0	0	0	0	0	0	0	
101864	Frontal_Sup_Orb_R	0	0	0	7366	0	0	0	1090	0	3256	0	0	0	464	0	3178	0	0	0	920	98	1974	0	3416	0	8412	0	10678	0	510	0	2666	0	0	0	0	0	0	0	0	0	0	0	0	0	0	0	0	0	0	0	0	0	0	0	0	0	0	0	0	0	0	0	0	0	0	0	0	0	0	106	2910	0	3888	0	0	0	0	0	0	0	0	0	0	0	0	0	0	0	0	0	0	0	0	0	0	0	0	0	0	0	0	0	0	0	0	0	0	0	0	0	0	0	0	0	0	
652868	Frontal_Mid_L	34822	1260	82890	3912	3622	0	0	2016	4176	0	14778	1262	33514	1396	9816	0	1624	0	19256	6284	322	0	17758	3656	0	0	1518	0	17064	1336	10676	2854	4416	5044	0	0	1112	426	0	292	0	0	0	0	0	0	0	0	0	0	0	0	0	0	640	276	6858	0	0	0	328	0	600	0	88	0	0	0	586	296	2726	306	16628	1024	448	240	1214	582	218	0	1104	0	3440	0	736	0	0	0	994	0	0	0	0	0	0	0	0	0	0	0	0	0	0	0	0	0	0	0	0	0	0	0	0	0	0	0	
451944	Frontal_Mid_R	890	17832	2718	55578	0	1090	2016	0	0	2042	228	17952	1036	23258	494	6782	0	416	5484	13416	0	0	3120	9360	0	712	88	478	1466	9260	3954	6158	4434	11244	0	0	0	3274	0	2230	0	0	0	0	0	0	0	0	0	0	0	0	0	0	0	2226	126	976	0	0	0	0	0	142	0	0	0	0	0	90	908	2602	826	9022	0	490	328	798	0	0	0	196	232	0	0	0	0	0	0	0	0	0	0	0	0	0	0	0	0	0	0	0	0	0	0	0	0	0	0	0	0	0	0	0	0	0	
95460	Frontal_Mid_Orb_L	0	0	3344	0	13658	0	4176	0	0	0	0	0	2624	0	13872	0	0	0	250	92	494	0	608	0	0	0	1490	0	2090	0	0	0	0	86	0	0	0	0	0	0	172	0	0	0	0	0	0	0	0	0	0	0	0	0	0	0	0	0	0	0	0	0	0	0	0	0	0	0	0	0	84	0	2346	0	0	0	0	0	0	0	0	0	2344	0	0	0	0	0	0	0	0	0	0	0	0	0	0	0	0	0	0	0	0	0	0	0	0	0	0	0	0	0	0	0	0	0	
27812	Frontal_Mid_Orb_R	0	0	0	2504	0	3256	0	2042	0	0	0	0	0	828	0	4216	0	0	0	0	0	274	0	0	0	0	0	472	0	92	0	0	0	0	0	0	0	0	0	0	0	0	0	0	0	0	0	0	0	0	0	0	0	0	0	0	0	0	0	0	0	0	0	0	0	0	0	0	0	0	0	0	0	222	0	0	0	0	0	0	0	0	0	0	0	0	0	0	0	0	0	0	0	0	0	0	0	0	0	0	0	0	0	0	0	0	0	0	0	0	0	0	0	0	0	0	
348104	Frontal_Inf_Oper_L	22158	926	11490	342	0	0	14778	228	0	0	0	734	22962	854	724	0	19868	0	10082	2448	0	0	1080	178	0	0	0	0	22062	748	530	304	0	796	0	0	362	0	0	0	0	0	0	0	0	0	0	0	0	0	150	0	136	0	1218	0	11790	0	0	0	364	0	574	0	0	0	0	0	348	824	522	84	878	132	0	0	0	0	1640	0	10868	0	2454	0	6274	0	0	0	2142	0	0	0	0	0	0	0	0	0	0	0	0	0	0	0	0	0	0	0	0	0	0	0	0	0	0	0	
459716	Frontal_Inf_Oper_R	570	5658	5486	21754	0	0	1262	17952	0	0	734	0	2702	36192	1656	630	236	5916	13822	23472	0	0	560	1564	0	266	0	158	5114	32836	1448	4368	924	13978	0	0	108	3532	0	2376	0	0	0	0	0	0	0	0	0	0	0	0	0	0	230	2908	162	2264	0	0	0	0	0	0	0	0	0	0	156	0	1298	1574	2560	10034	0	280	0	250	0	150	214	594	508	704	0	196	0	0	416	86	0	0	0	0	0	0	0	0	0	0	0	0	0	0	0	0	0	0	0	0	0	0	0	0	0	0	
421372	Frontal_Inf_Tri_L	6068	516	18238	1884	2698	0	33514	1036	2624	0	22962	2702	0	2626	22498	698	3672	0	8020	3502	428	0	2802	574	0	0	360	0	36028	2206	1532	1112	108	2226	0	0	392	324	0	208	104	0	0	0	0	0	0	0	0	0	0	0	0	0	740	222	2622	0	0	0	0	0	280	0	0	0	0	0	0	0	5828	1076	4490	1258	0	442	0	184	0	0	2520	0	6662	0	1076	0	0	0	1246	0	270	0	0	0	0	0	0	0	108	0	0	0	0	0	0	0	0	0	0	0	0	0	0	0	0	0	
485836	Frontal_Inf_Tri_R	514	1386	6208	25368	0	464	1396	23258	0	828	854	36192	2626	0	1422	10388	256	176	15950	23260	0	0	1058	2016	0	522	0	366	5250	34932	1908	6524	1058	17214	0	0	108	1146	0	760	0	0	0	0	0	0	0	0	0	0	0	0	0	0	236	854	144	98	0	0	0	0	0	0	0	0	0	0	162	0	2410	6128	2742	5580	0	156	0	150	0	0	224	0	204	0	0	0	0	0	422	0	0	0	0	0	0	0	0	0	0	0	0	0	0	0	0	0	0	0	0	0	0	0	0	0	0	0	
254328	Frontal_Inf_Orb_L	0	184	10112	862	11744	0	9816	494	13872	0	724	1656	22498	1422	0	286	0	0	3032	1770	2860	144	990	184	0	0	1652	0	19962	1350	256	418	0	1440	0	0	152	230	250	152	674	0	0	0	0	0	0	0	0	0	0	0	0	0	168	158	0	0	0	0	0	0	0	0	0	0	0	0	0	0	2318	672	5188	752	0	290	0	110	0	0	0	0	8322	0	0	0	0	0	0	0	0	0	0	0	0	0	0	0	0	0	0	0	0	0	0	0	0	0	0	0	0	0	0	0	0	0	
119084	Frontal_Inf_Orb_R	0	164	0	6918	0	3178	0	6782	0	4216	0	630	698	10388	286	0	0	0	648	3042	0	1582	214	164	0	0	0	1408	800	5908	0	242	0	392	0	0	0	382	0	340	0	402	0	0	0	0	0	0	0	0	0	0	0	0	0	188	0	0	0	0	0	0	0	0	0	0	0	0	0	0	1112	3844	0	4622	0	0	0	0	0	0	0	126	0	866	0	0	0	0	0	0	0	0	0	0	0	0	0	0	0	0	0	0	0	0	0	0	0	0	0	0	0	0	0	0	0	0	
298580	Rolandic_Oper_L	12712	1820	4884	116	0	0	1624	0	0	0	19868	236	3672	256	0	0	0	0	7368	2624	0	0	0	0	0	0	0	0	19252	250	128	240	0	580	0	0	480	0	204	0	0	0	0	0	0	0	0	0	0	0	2226	0	1764	0	2886	0	12712	0	0	0	836	0	3134	0	2216	0	0	0	722	1820	108	0	180	0	0	0	0	0	6264	0	19296	0	2634	0	11158	0	0	0	5020	0	0	0	0	0	0	0	0	0	0	0	0	0	0	0	0	0	0	0	0	0	0	0	0	0	0	0	
120408	Rolandic_Oper_R	0	6904	0	3748	0	0	0	416	0	0	0	5916	0	176	0	0	0	0	0	3972	0	0	0	0	0	0	0	0	0	11210	0	0	0	0	0	0	0	1354	0	1070	0	0	0	0	0	0	0	0	0	100	0	208	0	0	0	1326	0	6846	0	0	0	520	0	2962	0	158	0	0	0	124	0	0	0	2686	0	0	0	0	0	2982	0	5014	0	756	0	1200	0	0	0	556	0	0	0	0	0	0	0	0	0	0	0	0	0	0	0	0	0	0	0	0	0	0	0	0	0	0	
865460	Supp_Motor_Area_L	11424	2580	56844	16198	294	0	19256	5484	250	0	10082	13822	8020	15950	3032	648	7368	0	0	58194	0	0	17572	5488	0	0	362	0	23566	14978	6824	10234	17666	46664	1560	1242	1202	94	0	0	0	0	140	542	274	0	0	524	0	0	0	0	0	0	2228	0	2032	0	0	0	0	0	0	0	0	0	386	948	13092	3366	3148	1226	14382	1320	722	328	514	288	324	0	4498	0	744	0	1244	0	0	0	3094	0	332	0	0	0	0	0	0	0	136	0	0	0	0	0	0	0	0	0	0	0	0	0	0	0	0	0	
1.2596e+06	Supp_Motor_Area_R	15070	37620	20840	59390	102	920	6284	13416	92	0	2448	23472	3502	23260	1770	3042	2624	3972	58194	0	0	0	4552	9938	0	878	90	886	13822	23972	4744	12002	11718	63746	1894	5988	2600	9024	0	4860	0	158	0	4846	116	2464	98	1776	0	1972	0	2904	128	488	3628	4610	1714	1156	0	0	0	134	0	350	0	402	168	5964	15394	42152	4922	27440	6404	11992	476	1420	2320	19612	416	428	1812	1202	236	588	2076	3426	0	0	5514	832	434	226	0	0	0	0	0	364	0	304	0	0	0	0	0	0	0	0	0	0	0	0	0	0	0	0	
76788	Olfactory_L	0	0	470	152	2202	98	322	0	494	0	0	0	428	0	2860	0	0	0	0	0	0	4028	210	156	226	122	4212	886	3372	0	2504	1286	0	0	0	0	132	0	508	0	904	0	0	0	0	0	0	0	0	0	0	0	0	0	208	0	0	0	0	0	0	0	0	0	0	0	0	0	0	0	5390	3260	1848	656	0	0	0	208	0	0	0	0	1252	0	0	0	0	0	0	0	0	0	0	0	0	0	0	0	0	0	0	0	0	0	0	0	0	0	0	0	0	0	0	0	0	0	
91360	Olfactory_R	0	0	0	778	0	1974	0	0	0	274	0	0	0	0	144	1582	0	0	0	0	4028	0	0	536	0	1686	2220	5280	238	1926	2726	2926	0	0	0	0	0	0	0	186	0	652	0	0	0	0	0	0	0	0	0	0	0	0	0	0	0	0	0	0	0	0	0	0	0	0	0	0	0	0	6914	6868	3376	1192	0	0	0	174	0	0	0	0	0	0	0	0	0	0	0	0	0	0	0	0	0	0	0	0	0	0	0	0	0	0	0	0	0	0	0	0	0	0	0	0	0	0	
495412	Frontal_Sup_Medial_L	110	0	47000	11422	7270	0	17758	3120	608	0	1080	560	2802	1058	990	214	0	0	17572	4552	210	0	0	30832	5146	1070	4414	122	2516	862	25754	17574	10408	18470	0	0	0	98	0	0	0	0	0	0	0	0	0	0	0	0	0	0	0	0	0	0	0	0	0	0	0	0	0	0	0	0	0	0	0	0	1650	190	11776	302	0	0	0	0	0	0	0	0	196	0	0	0	0	0	0	0	0	0	0	0	0	0	0	0	0	0	0	0	0	0	0	0	0	0	0	0	0	0	0	0	0	0	
424000	Frontal_Sup_Medial_R	0	92	12262	36170	726	3416	3656	9360	0	0	178	1564	574	2016	184	164	0	0	5488	9938	156	536	30832	0	1418	9660	626	4440	678	1568	11920	28008	3826	15818	0	0	0	442	0	332	0	0	0	0	0	0	0	0	0	0	0	0	0	0	0	360	0	0	0	0	0	0	0	0	0	0	0	0	0	0	582	6210	2068	6606	0	126	0	0	0	0	0	0	0	0	0	0	0	0	0	0	0	0	0	0	0	0	0	0	0	0	0	0	0	0	0	0	0	0	0	0	0	0	0	0	0	0	
50008	Frontal_Med_Orb_L	0	0	2336	110	5284	0	0	0	0	0	0	0	0	0	0	0	0	0	0	0	226	0	5146	1418	0	644	3146	112	0	0	5346	812	0	106	0	0	0	0	0	0	0	0	0	0	0	0	0	0	0	0	0	0	0	0	0	0	0	0	0	0	0	0	0	0	0	0	0	0	0	0	172	0	146	0	0	0	0	0	0	0	0	0	0	0	0	0	0	0	0	0	0	0	0	0	0	0	0	0	0	0	0	0	0	0	0	0	0	0	0	0	0	0	0	0	0	0	
125184	Frontal_Med_Orb_R	0	0	90	7658	0	8412	0	712	0	0	0	266	0	522	0	0	0	0	0	878	122	1686	1070	9660	644	0	184	11036	0	296	1844	8242	0	0	0	0	0	0	0	0	0	0	0	0	0	0	0	0	0	0	0	0	0	0	0	0	0	0	0	0	0	0	0	0	0	0	0	0	0	0	124	4394	0	4752	0	0	0	0	0	0	0	0	0	0	0	0	0	0	0	0	0	0	0	0	0	0	0	0	0	0	0	0	0	0	0	0	0	0	0	0	0	0	0	0	0	0	
111472	Rectus_L	0	0	4958	194	10412	0	1518	88	1490	0	0	0	360	0	1652	0	0	0	362	90	4212	2220	4414	626	3146	184	0	742	1312	0	8332	1572	282	352	0	0	0	0	0	0	166	0	0	0	0	0	0	0	0	0	0	0	0	0	0	0	0	0	0	0	0	0	0	0	0	0	0	0	0	0	2456	1960	2050	470	0	0	0	0	0	0	0	0	116	0	0	0	0	0	0	0	0	0	0	0	0	0	0	0	0	0	0	0	0	0	0	0	0	0	0	0	0	0	0	0	0	0	
117480	Rectus_R	0	0	0	5382	0	10678	0	478	0	472	0	158	0	366	0	1408	0	0	0	886	886	5280	122	4440	112	11036	742	0	116	968	1354	6168	0	0	0	0	0	0	0	0	0	172	0	0	0	0	0	0	0	0	0	0	0	0	0	0	0	0	0	0	0	0	0	0	0	0	0	0	0	0	716	3566	132	3102	0	0	0	0	0	0	0	0	0	0	0	0	0	0	0	0	0	0	0	0	0	0	0	0	0	0	0	0	0	0	0	0	0	0	0	0	0	0	0	0	0	0	
794012	Insula_L	15772	7902	21786	3496	2780	0	17064	1466	2090	0	22062	5114	36028	5250	19962	800	19252	0	23566	13822	3372	238	2516	678	0	0	1312	116	0	4660	2588	2124	184	4890	136	0	14544	338	1074	216	2200	0	176	0	0	0	0	0	274	0	1410	0	3496	0	17506	224	8188	0	278	0	1752	0	3540	0	566	0	256	0	1674	7440	6016	1148	17710	1172	0	352	1034	204	7872	0	13900	0	9710	0	9310	0	0	0	19126	0	2156	0	0	0	0	0	0	0	1118	0	0	0	0	0	0	0	0	0	0	0	0	0	0	0	0	0	
594684	Insula_R	540	4670	5984	21110	0	510	1336	9260	0	92	748	32836	2206	34932	1350	5908	250	11210	14978	23972	0	1926	862	1568	0	296	0	968	4660	0	1804	5606	1016	16398	0	0	106	11714	0	7716	0	1418	0	0	0	0	0	0	0	0	0	0	0	434	232	10934	134	3912	0	0	0	1298	0	2066	0	0	0	0	152	170	1600	2144	2686	21776	0	156	0	122	0	4998	222	8204	240	2506	0	1364	0	0	418	2990	0	190	0	0	0	0	0	260	0	184	0	0	0	0	0	0	0	0	0	0	0	0	0	0	0	0	
444652	Cingulum_Ant_L	2992	116	22568	8128	6078	0	10676	3954	0	0	530	1448	1532	1908	256	0	128	0	6824	4744	2504	2726	25754	11920	5346	1844	8332	1354	2588	1804	0	27894	13448	13632	2032	0	0	170	0	128	0	0	0	0	0	0	0	0	0	0	0	0	0	0	0	146	390	0	0	0	0	0	0	0	0	0	118	0	0	0	8524	5172	10756	3400	0	0	258	104	0	0	0	0	0	0	0	0	0	0	100	0	0	0	0	0	0	0	0	0	0	0	0	0	0	0	0	0	0	0	0	0	0	0	0	0	0	0	
524368	Cingulum_Ant_R	576	200	9386	30494	430	2666	2854	6158	0	0	304	4368	1112	6524	418	242	240	0	10234	12002	1286	2926	17574	28008	812	8242	1572	6168	2124	5606	27894	0	7272	28648	412	0	0	816	0	620	0	0	0	0	0	0	0	0	0	0	0	0	0	0	0	686	0	0	0	0	0	0	0	0	0	0	0	0	90	0	3642	12898	4784	11794	0	0	102	0	0	0	0	0	0	0	0	0	0	0	0	0	0	0	0	0	0	0	0	0	0	0	0	0	0	0	0	0	0	0	0	0	0	0	0	0	0	0	
321800	Cingulum_Mid_L	698	452	9100	6878	142	0	4416	4434	0	0	0	924	108	1058	0	0	0	0	17666	11718	0	0	10408	3826	0	0	282	0	184	1016	13448	7272	0	30070	6868	628	0	0	0	0	0	0	526	112	2512	0	0	126	1656	0	1528	0	0	0	0	0	184	0	1618	0	400	0	0	0	0	0	6628	1252	7788	1686	222	0	2876	0	0	0	0	190	0	0	0	0	0	0	0	0	0	0	0	0	0	0	0	0	0	0	0	0	0	0	0	0	0	0	0	0	0	0	0	0	0	0	0	0	0	0	
841420	Cingulum_Mid_R	5964	3874	17534	30892	244	0	5044	11244	86	0	796	13978	2226	17214	1440	392	580	0	46664	63746	0	0	18470	15818	106	0	352	0	4890	16398	13632	28648	30070	0	3626	6466	156	416	0	142	0	0	0	4076	92	2078	0	2246	0	1224	0	1324	0	0	296	416	0	176	0	0	0	0	0	0	0	86	770	10220	8270	17190	1218	674	5680	706	0	120	106	612	0	0	354	0	148	0	120	794	0	0	484	122	0	0	0	0	0	0	0	0	0	0	0	0	0	0	0	0	0	0	0	0	0	0	0	0	0	0	
129444	Cingulum_Post_L	3678	566	536	224	0	0	0	0	0	0	0	0	0	0	0	0	0	0	1560	1894	0	0	0	0	0	0	0	0	136	0	2032	412	6868	3626	0	4576	4152	1662	2142	950	0	0	3824	0	1966	0	912	0	0	0	370	0	744	0	1608	0	0	0	138	0	0	0	0	0	0	0	7314	758	6202	1182	0	0	98	0	0	0	2032	1562	278	0	0	0	0	0	124	0	0	0	596	0	0	0	0	0	0	0	0	0	0	0	0	0	0	0	0	0	0	0	0	0	0	0	0	0	0	0	
123720	Cingulum_Post_R	2648	1352	0	156	0	0	0	0	0	0	0	0	0	0	0	0	0	0	1242	5988	0	0	0	0	0	0	0	0	0	0	0	0	628	6466	4576	0	430	6444	0	3680	0	0	0	658	0	88	0	2718	0	0	0	0	0	302	0	1370	0	0	0	0	0	0	0	0	0	0	712	7668	2758	3282	552	0	0	0	0	0	3366	4372	0	0	0	0	0	0	0	0	0	0	0	124	0	0	0	0	0	0	0	0	0	0	0	0	0	0	0	0	0	0	0	0	280	0	0	0	0	0	
368536	Hippocampus_L	14058	1966	2756	96	0	0	1112	0	0	0	362	108	392	108	152	0	480	0	1202	2600	132	0	0	0	0	0	0	0	14544	106	0	0	0	156	4152	430	0	410	16364	302	6956	0	2820	0	94	0	4554	104	0	0	108	0	1308	0	32996	0	2754	0	0	0	884	0	144	0	0	0	4734	0	4310	2112	266	0	8858	0	2526	0	3606	412	3798	0	2248	0	2134	0	4148	0	96	0	20968	0	5092	0	0	0	0	0	732	0	3518	0	0	0	0	0	0	0	0	0	0	0	0	0	0	0	0	0	
445396	Hippocampus_R	2338	8162	122	8692	0	0	426	3274	0	0	0	3532	324	1146	230	382	0	1354	94	9024	0	0	98	442	0	0	0	0	338	11714	170	816	0	416	1662	6444	410	0	0	44440	0	10436	0	1108	0	0	0	3408	0	0	0	0	0	1374	0	40058	0	1158	0	0	0	0	0	0	0	0	0	4998	1820	1020	294	1350	0	22920	0	874	2940	8988	0	850	0	2130	114	1634	0	704	0	354	0	3728	0	952	0	0	0	0	0	2000	0	1146	0	0	0	0	0	0	0	0	0	0	290	0	0	0	0	0	
142428	ParaHippocampal_L	440	0	114	0	92	0	0	0	0	0	0	0	0	0	250	0	204	0	0	0	508	0	0	0	0	0	0	0	1074	0	0	0	0	0	2142	0	16364	0	0	0	3322	0	2540	0	92	0	5674	226	0	0	284	0	1286	0	16062	0	148	0	0	0	0	0	0	0	0	0	3900	0	216	0	0	0	748	0	0	0	306	0	434	0	0	0	606	0	0	0	280	0	3404	0	2148	0	148	0	324	0	3652	0	3996	0	0	0	98	0	0	0	0	0	0	132	0	0	0	0	0	0	
350336	ParaHippocampal_R	1398	2494	86	3652	0	0	292	2230	0	0	0	2376	208	760	152	340	0	1070	0	4860	0	186	0	332	0	0	0	0	216	7716	128	620	0	142	950	3680	302	44440	0	0	0	8356	0	1292	0	0	0	3080	0	0	0	148	0	402	0	32982	0	826	0	0	0	0	0	0	0	0	0	3302	996	92	190	966	0	16606	0	704	1868	6642	0	716	0	1618	0	1786	0	430	0	1156	0	1848	0	1606	0	144	0	170	0	4466	0	2640	0	0	0	118	0	730	0	0	0	0	330	0	122	100	106	0	
50788	Amygdala_L	118	0	0	0	334	0	0	0	172	0	0	0	104	0	674	0	0	0	0	0	904	0	0	0	0	0	166	0	2200	0	0	0	0	0	0	0	6956	0	3322	0	0	0	0	0	0	0	0	0	0	0	0	0	0	0	5998	0	0	0	0	0	0	0	0	0	0	0	0	0	0	0	94	0	602	0	0	0	90	0	0	0	0	0	1582	0	176	0	226	0	1676	0	0	0	0	0	0	0	0	0	0	0	0	0	0	0	0	0	0	0	0	0	0	0	0	0	0	0	
67328	Amygdala_R	0	0	0	0	0	0	0	0	0	0	0	0	0	0	0	402	0	0	0	158	0	652	0	0	0	0	0	172	0	1418	0	0	0	0	0	0	0	10436	0	8356	0	0	0	0	0	0	0	0	0	0	0	0	0	0	0	6558	0	0	0	0	0	0	0	0	0	0	0	0	0	0	0	162	0	1166	0	204	0	218	0	0	0	0	0	2088	0	0	0	588	0	794	0	0	0	0	0	0	0	292	0	0	0	0	0	0	0	0	0	0	0	0	0	0	0	0	0	0	
215972	Calcarine_L	370	0	0	0	0	0	0	0	0	0	0	0	0	0	0	0	0	0	140	0	0	0	0	0	0	0	0	0	176	0	0	0	526	0	3824	0	2820	0	2540	0	0	0	0	7258	14342	5140	11012	2242	10964	2774	14472	652	5124	0	3246	0	0	0	1194	310	0	0	0	0	0	0	15312	862	1020	0	0	0	0	0	0	0	0	0	104	0	0	0	0	0	228	0	0	0	1146	0	98	0	0	0	0	0	0	0	90	0	0	0	0	0	0	0	0	0	0	0	0	0	0	0	0	0	
266824	Calcarine_R	0	738	0	92	0	0	0	0	0	0	0	0	0	0	0	0	0	0	542	4846	0	0	0	0	0	0	0	0	0	0	0	0	112	4076	0	658	0	1108	0	1292	0	0	7258	0	1132	18740	1708	22560	0	14296	0	7938	0	2876	0	6252	0	2376	0	602	0	86	0	102	0	882	236	19044	140	6382	0	0	0	0	0	0	0	0	0	0	0	290	0	0	0	2990	0	0	0	2080	0	262	0	0	0	0	0	364	0	792	0	0	0	0	0	0	0	0	0	0	458	102	0	0	0	0	
162400	Cuneus_L	284	0	0	0	0	0	0	0	0	0	0	0	0	0	0	0	0	0	274	116	0	0	0	0	0	0	0	0	0	0	0	0	2512	92	1966	0	94	0	92	0	0	0	14342	1132	0	3878	1922	116	19076	582	12340	0	508	0	252	0	0	0	4934	0	0	0	0	0	0	0	13698	1552	1438	0	0	0	0	0	0	0	0	0	0	0	0	0	0	0	0	0	0	0	0	0	0	0	0	0	0	0	0	0	0	0	0	0	0	0	0	0	0	0	0	0	0	0	0	0	0	0	
328940	Cuneus_R	0	862	0	102	0	0	0	0	0	0	0	0	0	0	0	0	0	0	0	2464	0	0	0	0	0	0	0	0	0	0	0	0	0	2078	0	88	0	0	0	0	0	0	5140	18740	3878	0	558	2624	0	36400	0	17102	0	134	0	268	0	11644	0	9830	0	1210	0	242	0	1234	4026	35164	0	6336	0	0	0	0	0	0	0	0	0	0	0	570	0	0	0	3032	0	0	0	744	0	0	0	0	0	0	0	0	0	0	0	0	0	0	0	0	0	0	0	0	0	0	0	0	0	0	
215284	Lingual_L	0	0	0	0	0	0	0	0	0	0	0	0	0	0	0	0	0	0	0	98	0	0	0	0	0	0	0	0	0	0	0	0	0	0	912	0	4554	0	5674	0	0	0	11012	1708	1922	558	0	1824	2518	246	9116	200	6570	96	18188	250	0	0	0	0	0	0	0	0	0	0	4390	118	0	106	0	0	0	0	0	0	0	0	0	0	0	0	0	0	0	0	0	0	344	0	7520	152	710	0	200	240	9796	484	13198	518	0	0	0	0	418	134	0	0	0	136	1824	1124	262	0	202	320	
239732	Lingual_R	0	220	0	0	0	0	0	0	0	0	0	0	0	0	0	0	0	0	524	1776	0	0	0	0	0	0	0	0	0	0	0	0	126	2246	0	2718	104	3408	226	3080	0	0	2242	22560	116	2624	1824	0	0	3470	0	3570	0	6520	0	16028	0	0	0	84	0	0	0	0	0	166	0	12276	94	1740	0	0	0	0	0	0	138	150	0	0	0	138	0	0	0	750	0	0	0	1342	92	3606	0	0	94	282	720	5862	512	9964	0	0	0	0	84	0	0	0	0	180	3952	3088	1014	0	0	156	
297756	Occipital_Sup_L	774	0	0	0	0	0	0	0	0	0	0	0	0	0	0	0	0	0	0	0	0	0	0	0	0	0	0	0	274	0	0	0	1656	0	0	0	0	0	0	0	0	0	10964	0	19076	0	2518	0	0	0	43352	0	1970	0	314	0	2174	0	28548	0	3972	0	0	0	1100	0	28274	272	3200	0	0	0	0	0	0	0	0	0	0	0	0	0	0	0	346	0	0	0	94	0	0	0	0	0	0	0	0	0	0	0	0	0	0	0	0	0	0	0	0	0	0	0	0	0	0	0	
303496	Occipital_Sup_R	0	1082	0	0	0	0	0	0	0	0	0	0	0	0	0	0	0	100	0	1972	0	0	0	0	0	0	0	0	0	0	0	0	0	1224	0	0	0	0	0	0	0	0	2774	14296	582	36400	246	3470	0	0	0	25840	0	270	0	732	0	8450	0	13574	0	2238	0	392	0	5104	196	21798	0	4064	0	0	0	0	0	0	0	0	0	0	0	836	0	0	0	5138	0	0	0	970	0	0	0	0	0	0	0	0	0	0	0	0	0	0	0	0	0	0	0	0	0	0	0	0	0	0	
558124	Occipital_Mid_L	6478	0	0	0	0	0	0	0	0	0	150	0	0	0	0	0	2226	0	0	0	0	0	0	0	0	0	0	0	1410	0	0	0	1528	0	370	0	108	0	284	0	0	0	14472	0	12340	0	9116	0	43352	0	0	0	23836	0	5740	0	5558	0	35714	0	22198	0	2826	0	16738	0	27770	138	12376	0	0	0	0	0	0	0	0	0	382	0	3484	0	0	0	20312	0	0	0	10156	0	0	0	0	0	0	0	0	0	0	0	0	0	0	0	0	0	0	0	0	0	0	0	0	0	0	0	
245836	Occipital_Mid_R	0	1690	0	122	0	0	0	0	0	0	0	0	0	0	0	0	0	208	0	2904	0	0	0	0	0	0	0	0	0	0	0	0	0	1324	0	0	0	0	0	148	0	0	652	7938	0	17102	200	3570	0	25840	0	0	0	4978	0	2866	0	4850	0	5678	0	2030	0	610	0	9514	0	11108	0	4222	0	0	0	0	0	0	0	0	0	92	0	1154	0	0	0	11458	0	0	0	2424	0	0	0	0	0	0	0	0	0	236	0	0	0	0	0	0	0	0	0	0	0	0	0	0	0	0	
211816	Occipital_Inf_L	1698	118	0	0	0	0	0	0	0	0	136	0	0	0	0	0	1764	0	0	128	0	0	0	0	0	0	0	0	3496	0	0	0	0	0	744	0	1308	0	1286	0	0	0	5124	0	508	0	6570	0	1970	0	23836	0	0	0	16218	0	1426	0	1228	0	1740	0	1680	0	2056	0	3970	0	1534	122	0	0	0	0	0	0	0	0	1926	0	2936	0	0	0	6992	0	0	0	11968	0	762	0	0	0	0	0	820	0	1582	0	0	0	0	0	0	0	0	0	0	0	262	0	0	0	0	0	
97660	Occipital_Inf_R	0	1012	0	550	0	0	0	0	0	0	0	0	0	0	0	0	0	0	0	488	0	0	0	0	0	0	0	0	0	434	0	0	0	0	0	302	0	1374	0	402	0	0	0	2876	0	134	96	6520	0	270	0	4978	0	0	0	12584	0	152	0	0	0	0	0	128	0	256	0	926	0	414	0	0	0	0	0	0	0	0	0	170	0	136	0	0	0	1402	0	0	0	3344	0	720	0	0	0	0	174	2202	120	4052	0	0	0	0	0	0	0	0	0	0	1236	988	390	0	0	0	
594420	Fusiform_L	3756	3016	854	182	0	0	640	0	0	0	1218	230	740	236	168	0	2886	0	2228	3628	208	0	0	0	0	0	0	0	17506	232	0	0	0	296	1608	0	32996	0	16062	0	5998	0	3246	0	252	0	18188	0	314	0	5740	0	16218	0	0	0	1802	0	124	0	618	0	1336	0	298	0	2812	0	1124	3104	0	0	4432	0	0	0	834	0	3816	0	6182	0	2528	0	6824	0	460	0	34910	0	31594	0	1656	0	178	208	14376	168	36300	144	88	0	128	0	460	0	0	0	0	0	1262	368	236	0	194	0	
561320	Fusiform_R	292	5694	0	5710	0	0	276	2226	0	0	0	2908	222	854	158	188	0	1326	0	4610	0	0	0	360	0	0	0	0	224	10934	146	686	0	416	0	1370	0	40058	0	32982	0	6558	0	6252	0	268	250	16028	0	732	0	2866	0	12584	0	0	0	1344	0	0	0	0	0	0	0	0	0	3984	0	1040	104	418	0	17828	0	388	0	1134	0	1344	0	3612	0	3826	0	2318	0	2148	0	13148	158	20444	90	1336	0	384	384	13598	230	28044	0	106	92	588	0	288	0	0	0	0	2704	1768	504	0	0	128	
442200	Postcentral_L	57324	1608	2760	138	0	0	6858	126	0	0	11790	162	2622	144	0	0	12712	0	2032	1714	0	0	0	0	0	0	0	0	8188	134	390	0	184	0	0	0	2754	0	148	0	0	0	0	0	0	0	0	0	2174	0	5558	0	1426	0	1802	0	0	0	8622	0	35080	0	21628	0	6232	0	3344	0	3488	1458	606	0	1056	0	450	0	670	92	3936	0	5294	0	100	0	4080	0	0	0	2216	0	0	0	0	0	0	0	0	0	0	0	0	0	0	0	0	0	0	0	0	0	0	0	0	0	0	0	
253372	Postcentral_R	0	23968	0	1310	0	0	0	976	0	0	0	2264	0	98	0	0	0	6846	0	1156	0	0	0	0	0	0	0	0	0	3912	0	0	0	176	0	0	0	1158	0	826	0	0	0	2376	0	11644	0	0	0	8450	0	4850	0	152	0	1344	0	0	0	4536	0	7416	0	16460	0	212	0	14902	0	5814	0	254	0	1412	0	0	0	0	0	1264	0	1588	0	0	0	532	0	0	0	790	0	0	0	0	0	0	0	0	0	0	0	0	0	0	0	0	0	0	0	0	0	0	0	0	0	0	
267388	Parietal_Sup_L	2110	0	0	0	0	0	0	0	0	0	0	0	0	0	0	0	0	0	0	0	0	0	0	0	0	0	0	0	278	0	0	0	1618	0	138	0	0	0	0	0	0	0	1194	0	4934	0	0	0	28548	0	35714	0	1228	0	124	0	8622	0	0	0	16566	0	0	0	3264	0	25218	204	3522	0	0	0	0	0	0	0	0	0	0	0	0	0	0	0	310	0	0	0	102	0	0	0	0	0	0	0	0	0	0	0	0	0	0	0	0	0	0	0	0	0	0	0	0	0	0	0	
109004	Parietal_Sup_R	0	142	0	0	0	0	0	0	0	0	0	0	0	0	0	0	0	0	0	0	0	0	0	0	0	0	0	0	0	0	0	0	0	0	0	0	0	0	0	0	0	0	310	602	0	9830	0	84	0	13574	0	5678	0	0	0	0	0	4536	0	0	0	2794	0	252	0	3038	0	11708	0	502	0	0	0	0	0	0	0	0	0	0	0	254	0	0	0	792	0	0	0	406	0	0	0	0	0	0	0	0	0	0	0	0	0	0	0	0	0	0	0	0	0	0	0	0	0	0	
322588	Parietal_Inf_L	10084	0	216	0	0	0	328	0	0	0	364	0	0	0	0	0	836	0	0	0	0	0	0	0	0	0	0	0	1752	0	0	0	400	0	0	0	884	0	0	0	0	0	0	0	0	0	0	0	3972	0	22198	0	1740	0	618	0	35080	0	16566	0	0	0	20514	0	23946	0	5252	0	1982	0	0	0	426	0	0	0	174	0	722	0	1216	0	0	0	8750	0	0	0	3274	0	0	0	0	0	0	0	0	0	0	0	0	0	0	0	0	0	0	0	0	0	0	0	0	0	0	0	
74116	Parietal_Inf_R	0	1394	0	0	0	0	0	0	0	0	0	0	0	0	0	0	0	520	0	134	0	0	0	0	0	0	0	0	0	1298	0	0	0	0	0	0	0	0	0	0	0	0	0	86	0	1210	0	0	0	2238	0	2030	0	0	0	0	0	7416	0	2794	0	0	0	8236	0	6288	0	1570	0	250	0	0	0	0	0	0	0	0	0	446	0	742	0	0	0	406	0	0	0	0	0	0	0	0	0	0	0	0	0	0	0	0	0	0	0	0	0	0	0	0	0	0	0	0	0	0	
191104	SupraMarginal_L	5226	0	0	0	0	0	600	0	0	0	574	0	280	0	0	0	3134	0	0	0	0	0	0	0	0	0	0	0	3540	0	0	0	0	0	0	0	144	0	0	0	0	0	0	0	0	0	0	0	0	0	2826	0	1680	0	1336	0	21628	0	0	0	20514	0	0	0	7584	0	0	0	154	0	0	0	0	0	0	0	0	0	1646	0	10380	0	0	0	10420	0	0	0	3886	0	0	0	0	0	0	0	0	0	0	0	0	0	0	0	0	0	0	0	0	0	0	0	0	0	0	0	
111940	SupraMarginal_R	0	5978	0	152	0	0	0	142	0	0	0	0	0	0	0	0	0	2962	0	350	0	0	0	0	0	0	0	0	0	2066	0	0	0	0	0	0	0	0	0	0	0	0	0	102	0	242	0	0	0	392	0	610	0	128	0	0	0	16460	0	252	0	8236	0	0	0	5998	0	246	0	648	0	0	0	0	0	0	0	0	0	1250	0	3926	0	0	0	4354	0	0	0	1476	0	0	0	0	0	0	0	0	0	0	0	0	0	0	0	0	0	0	0	0	0	0	0	0	0	0	
196576	Angular_L	1660	0	0	0	0	0	88	0	0	0	0	0	0	0	0	0	2216	0	0	0	0	0	0	0	0	0	0	0	566	0	0	0	0	0	0	0	0	0	0	0	0	0	0	0	0	0	0	0	1100	0	16738	0	2056	0	298	0	6232	0	3264	0	23946	0	7584	0	0	0	1330	0	1440	0	0	0	0	0	0	0	0	0	224	0	3392	0	0	0	19166	0	0	0	6988	0	0	0	0	0	0	0	0	0	0	0	0	0	0	0	0	0	0	0	0	0	0	0	0	0	0	0	
95028	Angular_R	0	386	0	0	0	0	0	0	0	0	0	0	0	0	0	0	0	158	0	402	0	0	0	0	0	0	0	0	0	0	0	0	0	86	0	0	0	0	0	0	0	0	0	882	0	1234	0	166	0	5104	0	9514	0	256	0	0	0	212	0	3038	0	6288	0	5998	0	0	0	1364	0	550	0	0	0	0	0	0	0	0	0	0	0	2646	0	0	0	7666	0	0	0	1564	0	0	0	0	0	0	0	0	0	0	0	0	0	0	0	0	0	0	0	0	0	0	0	0	0	0	
360844	Precuneus_L	2190	0	100	0	0	0	0	0	0	0	0	0	0	0	0	0	0	0	386	168	0	0	0	0	0	0	0	0	256	0	118	0	6628	770	7314	712	4734	0	3900	0	0	0	15312	236	13698	4026	4390	0	28274	196	27770	0	3970	0	2812	0	3344	0	25218	0	5252	0	0	0	1330	0	0	7442	7726	190	0	0	0	0	0	0	136	0	194	0	0	0	0	0	380	0	0	0	1032	0	120	0	0	0	0	0	0	0	98	0	0	0	0	0	0	0	0	0	0	0	0	0	0	0	0	0	
405652	Precuneus_R	478	1482	0	188	0	0	0	0	0	0	0	0	0	0	0	0	0	0	948	5964	0	0	0	0	0	0	0	0	0	0	0	0	1252	10220	758	7668	0	4998	0	3302	0	0	862	19044	1552	35164	118	12276	272	21798	138	11108	0	926	0	3984	0	14902	204	11708	0	1570	0	246	0	1364	7442	0	776	12180	0	0	0	98	0	0	480	738	0	0	0	470	0	0	0	2528	0	0	0	2286	0	258	0	0	0	0	0	526	0	234	0	0	0	0	0	0	0	0	0	0	316	0	0	0	0	0	
460640	Paracentral_Lobule_L	54996	4918	11272	132	0	0	586	0	0	0	348	156	0	162	0	0	722	0	13092	15394	0	0	0	0	0	0	0	0	1674	152	0	90	7788	8270	6202	2758	4310	1820	216	996	0	0	1020	140	1438	0	0	94	3200	0	12376	0	1534	0	1124	0	3488	0	3522	0	1982	0	154	0	1440	0	7726	776	0	8100	6526	528	4144	0	3886	0	18416	2620	244	0	270	0	0	0	7046	0	0	0	2472	0	0	0	0	0	0	0	0	0	0	0	0	0	0	0	0	0	0	0	0	0	0	0	0	0	0	0	
387132	Paracentral_Lobule_R	5512	28478	636	296	0	0	296	90	0	0	824	0	0	0	0	0	1820	124	3366	42152	0	0	0	0	0	0	0	0	7440	170	0	0	1686	17190	1182	3282	2112	1020	0	92	0	0	0	6382	0	6336	106	1740	0	4064	0	4222	122	414	3104	1040	1458	5814	0	502	0	250	0	648	0	550	190	12180	8100	0	1038	336	1896	0	0	0	194	376	410	208	1448	648	0	0	1940	4178	0	0	4876	674	354	0	0	0	0	0	0	0	0	0	0	0	0	0	0	0	0	0	0	0	0	0	0	0	0	0	
278824	Caudate_L	10440	1812	5466	2170	144	106	2726	908	84	0	522	1298	5828	2410	2318	1112	108	0	3148	4922	5390	6914	1650	582	172	124	2456	716	6016	1600	8524	3642	222	1218	0	552	266	294	0	190	94	0	0	0	0	0	0	0	0	0	0	0	0	0	0	104	606	0	0	0	0	0	0	0	0	0	0	0	6526	1038	0	13338	12964	4032	1868	618	10258	1556	0	0	0	0	360	0	0	0	0	0	0	0	0	0	0	0	0	0	0	0	0	0	0	0	0	0	0	0	0	0	0	0	0	0	0	0	0	0	
370444	Caudate_R	808	8094	580	17032	0	2910	306	2602	0	0	84	1574	1076	6128	672	3844	0	0	1226	27440	3260	6868	190	6210	0	4394	1960	3566	1148	2144	5172	12898	0	674	0	0	0	1350	0	966	0	162	0	0	0	0	0	0	0	0	0	0	0	0	0	418	0	254	0	0	0	0	0	0	0	0	0	0	528	336	13338	0	4174	20540	0	1536	876	17668	0	0	0	92	0	0	0	0	0	0	0	124	0	0	0	0	0	0	0	0	0	0	0	0	0	0	0	0	0	0	0	0	0	0	0	0	0	0	
461872	Putamen_L	10328	1822	28710	3350	4606	0	16628	826	2346	0	878	2560	4490	2742	5188	0	180	0	14382	6404	1848	3376	11776	2068	146	0	2050	132	17710	2686	10756	4784	2876	5680	98	0	8858	0	748	0	602	0	0	0	0	0	0	0	0	0	0	0	0	0	4432	0	1056	0	0	0	426	0	0	0	0	0	0	0	4144	1896	12964	4174	0	1236	5836	0	2088	0	156	0	1456	0	2178	0	1076	0	0	0	3890	0	1522	0	0	0	0	0	0	0	772	0	0	0	0	0	0	0	0	0	0	0	0	0	0	0	0	0	
462800	Putamen_R	830	4854	826	19626	0	3888	1024	9022	0	222	132	10034	1258	5580	752	4622	0	2686	1320	11992	656	1192	302	6606	0	4752	470	3102	1172	21776	3400	11794	0	706	0	0	0	22920	0	16606	0	1166	0	0	0	0	0	0	0	0	0	0	0	0	0	17828	0	1412	0	0	0	0	0	0	0	0	0	98	0	0	4032	20540	1236	0	0	2762	0	1132	0	108	0	1236	240	1436	0	372	0	0	0	1424	0	648	0	0	0	0	0	882	0	726	0	0	0	0	0	0	0	0	0	0	0	0	0	0	0	0	
53820	Pallidum_L	6342	92	2728	0	0	0	448	0	0	0	0	0	0	0	0	0	0	0	722	476	0	0	0	0	0	0	0	0	0	0	0	0	0	0	0	0	2526	0	0	0	0	0	0	0	0	0	0	0	0	0	0	0	0	0	0	0	450	0	0	0	0	0	0	0	0	0	0	0	3886	0	1868	0	5836	0	0	0	1536	0	0	0	0	0	0	0	0	0	0	0	0	0	0	0	0	0	0	0	0	0	0	0	0	0	0	0	0	0	0	0	0	0	0	0	0	0	0	0	
28704	Pallidum_R	224	730	272	1392	0	0	240	490	0	0	0	280	442	156	290	0	0	0	328	1420	0	0	0	126	0	0	0	0	352	156	0	0	0	120	0	0	0	874	0	704	0	204	0	0	0	0	0	0	0	0	0	0	0	0	0	388	0	0	0	0	0	0	0	0	0	0	0	0	0	0	618	1536	0	2762	0	0	0	248	0	0	0	0	0	0	0	0	0	0	0	0	0	0	0	0	0	0	0	0	0	0	0	0	0	0	0	0	0	0	0	0	0	0	0	0	0	0	
194348	Thalamus_L	22946	1418	6826	152	0	0	1214	328	0	0	0	0	0	0	0	0	0	0	514	2320	0	0	0	0	0	0	0	0	1034	0	258	102	0	106	2032	3366	3606	2940	306	1868	90	0	0	0	0	0	0	138	0	0	0	0	0	0	834	0	670	0	0	0	174	0	0	0	0	0	136	480	18416	194	10258	876	2088	0	1536	0	0	9316	100	0	0	0	0	0	0	0	0	0	378	0	154	0	0	0	0	0	0	0	0	0	0	0	0	0	0	0	0	0	0	0	0	0	0	0	0	0	
185372	Thalamus_R	3774	6522	290	1288	0	0	582	798	0	0	0	250	184	150	110	0	0	0	288	19612	208	174	0	0	0	0	0	0	204	122	104	0	190	612	1562	4372	412	8988	0	6642	0	218	0	0	0	0	0	150	0	0	0	0	0	0	0	1134	92	0	0	0	0	0	0	0	0	0	0	738	2620	376	1556	17668	0	1132	0	248	9316	0	0	0	0	0	0	0	0	0	0	0	0	0	0	0	0	0	0	0	0	0	0	0	0	0	0	0	0	0	0	0	0	0	0	0	0	0	0	0	
112660	Heschl_L	4268	408	514	0	0	0	218	0	0	0	1640	0	0	0	0	0	6264	0	324	416	0	0	0	0	0	0	0	0	7872	0	0	0	0	0	278	0	3798	0	434	0	0	0	104	0	0	0	0	0	0	0	382	0	1926	0	3816	0	3936	0	0	0	722	0	1646	0	224	0	194	0	244	410	0	0	156	0	0	0	100	0	0	0	6820	0	84	0	3570	0	0	0	5562	0	0	0	0	0	0	0	0	0	0	0	0	0	0	0	0	0	0	0	0	0	0	0	0	0	0	0	
55920	Heschl_R	0	1510	0	480	0	0	0	0	0	0	0	150	0	0	0	0	0	2982	0	428	0	0	0	0	0	0	0	0	0	4998	0	0	0	0	0	0	0	850	0	716	0	0	0	0	0	0	0	0	0	0	0	92	0	170	0	1344	0	1264	0	0	0	446	0	1250	0	0	0	0	0	208	0	0	0	108	0	0	0	0	0	0	0	8562	0	282	0	1016	0	0	0	1104	0	0	0	0	0	0	0	0	0	0	0	0	0	0	0	0	0	0	0	0	0	0	0	0	0	0	
330052	Temporal_Sup_L	4038	1428	1572	120	0	0	1104	0	0	0	10868	214	2520	224	0	0	19296	0	4498	1812	0	0	0	0	0	0	0	0	13900	222	0	0	0	354	0	0	2248	0	0	0	0	0	0	0	0	0	0	0	0	0	3484	0	2936	0	6182	0	5294	0	0	0	1216	0	10380	0	3392	0	0	0	270	1448	0	0	1456	0	0	0	0	0	6820	0	0	0	5706	0	34586	0	0	0	16178	0	826	0	0	0	0	0	0	0	434	0	0	0	0	0	0	0	0	0	0	0	0	0	0	0	0	0	
148088	Temporal_Sup_R	0	2254	0	952	0	0	0	196	0	0	0	594	0	0	0	126	0	5014	0	1202	0	0	0	0	0	0	0	0	0	8204	0	0	0	0	0	0	0	2130	0	1618	0	0	0	290	0	570	0	138	0	836	0	1154	0	136	0	3612	0	1588	0	254	0	742	0	3926	0	2646	0	470	0	648	0	92	0	1236	0	0	0	0	0	8562	0	0	0	3606	0	14686	0	110	0	6452	0	0	0	0	0	0	0	0	0	0	0	0	0	0	0	0	0	0	0	0	0	0	0	0	0	0	
152784	Temporal_Pole_Sup_L	218	0	2014	146	1710	0	3440	232	2344	0	2454	508	6662	204	8322	0	2634	0	744	236	1252	0	196	0	0	0	116	0	9710	240	0	0	0	148	0	0	2134	114	606	0	1582	0	0	0	0	0	0	0	0	0	0	0	0	0	2528	0	100	0	0	0	0	0	0	0	0	0	0	0	0	0	360	0	2178	240	0	0	0	0	84	0	5706	0	0	0	8718	0	2442	0	5456	0	362	0	0	0	0	0	0	0	252	0	0	0	0	0	0	0	0	0	0	0	0	0	0	0	0	0	
50284	Temporal_Pole_Sup_R	0	0	0	158	0	0	0	0	0	0	0	704	0	0	0	866	0	756	0	588	0	0	0	0	0	0	0	0	0	2506	0	0	0	0	0	0	0	1634	0	1786	0	2088	0	0	0	0	0	0	0	0	0	0	0	0	0	3826	0	0	0	0	0	0	0	0	0	0	0	0	0	0	0	0	0	1436	0	0	0	0	0	282	0	3606	0	0	0	826	0	2680	0	1400	0	0	0	0	0	0	0	0	0	0	0	0	0	0	0	0	0	0	0	0	0	0	0	0	0	0	
458404	Temporal_Mid_L	6652	1910	352	0	0	0	736	0	0	0	6274	0	1076	0	0	0	11158	0	1244	2076	0	0	0	0	0	0	0	0	9310	0	0	0	0	120	124	0	4148	0	0	0	176	0	228	0	0	0	0	0	346	0	20312	0	6992	0	6824	0	4080	0	310	0	8750	0	10420	0	19166	0	380	0	7046	1940	0	0	1076	0	0	0	0	0	3570	0	34586	0	8718	0	0	0	2254	0	46532	0	182	0	0	0	0	0	0	0	134	0	0	0	0	0	0	0	0	0	0	0	0	0	0	0	0	0	
193140	Temporal_Mid_R	0	4450	0	252	0	0	0	0	0	0	0	196	0	0	0	0	0	1200	0	3426	0	0	0	0	0	0	0	0	0	1364	0	0	0	794	0	0	0	704	0	430	0	0	0	2990	0	3032	0	750	0	5138	0	11458	0	1402	0	2318	0	532	0	792	0	406	0	4354	0	7666	0	2528	0	4178	0	0	0	372	0	0	0	0	0	1016	0	14686	0	826	0	0	0	376	0	18934	0	0	0	0	0	0	0	0	0	0	0	0	0	0	0	0	0	0	0	0	0	0	0	0	0	0	
16120	Temporal_Pole_Mid_L	0	0	0	0	0	0	0	0	0	0	0	0	0	0	0	0	0	0	0	0	0	0	0	0	0	0	0	0	0	0	0	0	0	0	0	0	96	0	280	0	226	0	0	0	0	0	0	0	0	0	0	0	0	0	460	0	0	0	0	0	0	0	0	0	0	0	0	0	0	0	0	0	0	0	0	0	0	0	0	0	0	0	2442	0	2254	0	0	0	2302	0	0	0	0	0	0	0	0	0	0	0	0	0	0	0	0	0	0	0	0	0	0	0	0	0	0	0	
15920	Temporal_Pole_Mid_R	0	0	0	0	0	0	0	0	0	0	0	0	0	0	0	0	0	0	0	0	0	0	0	0	0	0	0	0	0	0	0	0	0	0	0	0	0	354	0	1156	0	588	0	0	0	0	0	0	0	0	0	0	0	0	0	2148	0	0	0	0	0	0	0	0	0	0	0	0	0	0	0	0	0	0	0	0	0	0	0	0	0	110	0	2680	0	376	0	0	0	548	0	0	0	0	0	0	0	0	0	0	0	0	0	0	0	0	0	0	0	0	0	0	0	0	0	0	
515616	Temporal_Inf_L	5088	4812	988	318	0	0	994	0	0	0	2142	416	1246	422	0	0	5020	0	3094	5514	0	0	0	0	0	0	0	0	19126	418	100	0	0	484	596	0	20968	0	3404	0	1676	0	1146	0	0	0	344	0	94	0	10156	0	11968	0	34910	0	2216	0	102	0	3274	0	3886	0	6988	0	1032	0	2472	4876	0	0	3890	0	0	0	378	0	5562	0	16178	0	5456	0	46532	0	2302	0	0	0	10690	0	522	0	0	0	1048	0	4800	0	0	0	0	0	0	0	0	0	0	0	160	0	0	0	0	0	
163644	Temporal_Inf_R	0	2034	0	476	0	0	0	0	0	0	0	86	0	0	0	0	0	556	0	832	0	0	0	0	0	0	0	0	0	2990	0	0	0	122	0	124	0	3728	0	1848	0	794	0	2080	0	744	0	1342	0	970	0	2424	0	3344	0	13148	0	790	0	406	0	0	0	1476	0	1564	0	2286	0	674	0	124	0	1424	0	0	0	0	0	1104	0	6452	0	1400	0	18934	0	548	0	0	0	4968	0	462	0	0	0	0	0	1568	0	0	0	0	0	0	0	0	0	0	0	0	0	0	0	0	
464088	Cerebelum_Crus1_L	0	354	0	0	0	0	0	0	0	0	0	0	270	0	0	0	0	0	332	434	0	0	0	0	0	0	0	0	2156	0	0	0	0	0	0	0	5092	0	2148	0	0	0	98	0	0	0	7520	92	0	0	0	0	762	0	31594	158	0	0	0	0	0	0	0	0	0	0	120	0	0	354	0	0	1522	0	0	0	154	0	0	0	826	0	362	0	182	0	0	0	10690	0	0	1798	36718	2580	1126	1280	18986	1170	54608	980	11250	838	12226	2396	2780	850	502	0	250	766	2810	2976	6846	1272	1350	466	
354488	Cerebelum_Crus1_R	0	112	0	88	0	0	0	0	0	0	0	0	0	0	0	0	0	0	0	226	0	0	0	0	0	0	0	0	0	190	0	0	0	0	0	0	0	952	0	1606	0	0	0	262	0	0	152	3606	0	0	0	0	0	720	0	20444	0	0	0	0	0	0	0	0	0	0	0	258	0	0	0	0	0	648	0	0	0	0	0	0	0	0	0	0	0	0	0	0	0	4968	1798	0	414	31020	384	4934	1724	17384	1582	49262	370	5478	664	12698	480	628	0	84	0	1016	5368	2776	4096	450	232	170	
220188	Cerebelum_Crus2_L	0	0	0	0	0	0	0	0	0	0	0	0	0	0	0	0	0	0	0	0	0	0	0	0	0	0	0	0	0	0	0	0	0	0	0	0	0	0	148	0	0	0	0	0	0	0	710	0	0	0	0	0	0	0	1656	90	0	0	0	0	0	0	0	0	0	0	0	0	0	0	0	0	0	0	0	0	0	0	0	0	0	0	0	0	0	0	0	0	522	0	36718	414	0	3080	246	220	2630	290	6698	232	25258	2352	20398	1280	700	96	400	0	0	0	250	282	3448	1614	234	128	
217684	Cerebelum_Crus2_R	0	0	0	0	0	0	0	0	0	0	0	0	0	0	0	0	0	0	0	0	0	0	0	0	0	0	0	0	0	0	0	0	0	0	0	0	0	0	0	144	0	0	0	0	0	0	0	0	0	0	0	0	0	0	0	1336	0	0	0	0	0	0	0	0	0	0	0	0	0	0	0	0	0	0	0	0	0	0	0	0	0	0	0	0	0	0	0	0	0	462	2580	31020	3080	0	138	930	400	1902	276	7126	2970	17720	4056	21812	506	1128	0	166	0	240	890	188	7266	2018	262	226	
41952	Cerebelum_3_L	0	0	0	0	0	0	0	0	0	0	0	0	0	0	0	0	0	0	0	0	0	0	0	0	0	0	0	0	0	0	0	0	0	0	0	0	0	0	324	0	0	0	0	0	0	0	200	94	0	0	0	0	0	0	178	0	0	0	0	0	0	0	0	0	0	0	0	0	0	0	0	0	0	0	0	0	0	0	0	0	0	0	0	0	0	0	0	0	0	0	1126	384	246	138	0	196	7006	324	2370	624	0	0	272	0	1420	168	0	0	690	2078	1462	896	358	0	274	148	
85080	Cerebelum_3_R	0	0	0	0	0	0	0	0	0	0	0	0	0	0	0	0	0	0	0	0	0	0	0	0	0	0	0	0	0	0	0	0	0	0	0	0	0	0	0	170	0	0	0	0	0	0	240	282	0	0	0	0	0	0	208	384	0	0	0	0	0	0	0	0	0	0	0	0	0	0	0	0	0	0	0	0	0	0	0	0	0	0	0	0	0	0	0	0	0	0	1280	4934	220	930	196	0	1302	8342	1290	5972	212	0	514	1298	386	1736	0	0	244	3396	2640	1236	1798	1120	1918	292	
275480	Cerebelum_4_5_L	0	0	0	0	0	0	0	0	0	0	0	0	0	0	0	0	0	0	0	0	0	0	0	0	0	0	0	0	0	0	0	0	0	0	0	0	732	0	3652	0	0	0	0	0	0	0	9796	720	0	0	0	0	820	174	14376	384	0	0	0	0	0	0	0	0	0	0	0	0	0	0	0	0	0	0	0	0	0	0	0	0	0	0	0	0	0	0	0	0	1048	0	18986	1724	2630	400	7006	1302	0	2204	35330	2736	768	0	1574	118	6920	484	230	0	820	2170	10740	5640	1616	214	1438	988	
232936	Cerebelum_4_5_R	0	0	0	0	0	0	0	0	0	0	0	0	0	0	0	0	0	0	0	364	0	0	0	0	0	0	0	0	0	260	0	0	0	0	0	0	0	2000	0	4466	0	292	0	364	0	0	484	5862	0	0	0	0	0	2202	168	13598	0	0	0	0	0	0	0	0	0	0	0	526	0	0	0	0	0	882	0	0	0	0	0	0	0	0	0	0	0	0	0	0	0	0	1170	17384	290	1902	324	8342	2204	0	1362	27890	222	114	434	1424	418	2760	0	0	376	1798	10464	1552	1516	790	1540	724	
407940	Cerebelum_6_L	0	0	0	0	0	0	0	0	0	0	0	0	108	0	0	0	0	0	136	0	0	0	0	0	0	0	0	0	1118	0	0	0	0	0	0	0	3518	0	3996	0	0	0	90	0	0	0	13198	512	0	0	0	0	1582	120	36300	230	0	0	0	0	0	0	0	0	0	0	98	0	0	0	0	0	772	0	0	0	0	0	0	0	434	0	252	0	134	0	0	0	4800	0	54608	1582	6698	276	2370	1290	35330	1362	0	2218	2080	0	1978	242	3944	724	310	0	432	860	6574	6980	3434	750	1756	774	
349272	Cerebelum_6_R	0	102	0	90	0	0	0	0	0	0	0	0	0	0	0	0	0	0	0	304	0	0	0	0	0	0	0	0	0	184	0	0	0	0	0	0	0	1146	0	2640	0	0	0	792	0	0	518	9964	0	0	0	236	0	4052	144	28044	0	0	0	0	0	0	0	0	0	0	0	234	0	0	0	0	0	726	0	0	0	0	0	0	0	0	0	0	0	0	0	0	0	1568	980	49262	232	7126	624	5972	2736	27890	2218	0	192	382	270	2538	452	642	0	0	128	1300	9948	6818	2682	530	586	384	
165856	Cerebelum_7b_L	0	0	0	0	0	0	0	0	0	0	0	0	0	0	0	0	0	0	0	0	0	0	0	0	0	0	0	0	0	0	0	0	0	0	0	0	0	0	0	0	0	0	0	0	0	0	0	0	0	0	0	0	0	0	88	0	0	0	0	0	0	0	0	0	0	0	0	0	0	0	0	0	0	0	0	0	0	0	0	0	0	0	0	0	0	0	0	0	0	0	11250	370	25258	2970	0	212	768	222	2080	192	0	2084	25460	1782	1930	118	1652	0	0	0	134	0	3798	1928	438	194	
111960	Cerebelum_7b_R	0	0	0	0	0	0	0	0	0	0	0	0	0	0	0	0	0	0	0	0	0	0	0	0	0	0	0	0	0	0	0	0	0	0	0	0	0	0	0	0	0	0	0	0	0	0	0	0	0	0	0	0	0	0	0	106	0	0	0	0	0	0	0	0	0	0	0	0	0	0	0	0	0	0	0	0	0	0	0	0	0	0	0	0	0	0	0	0	0	0	838	5478	2352	17720	0	0	0	114	0	382	2084	0	2252	17048	148	2716	0	136	0	0	0	0	2972	1634	0	0	
218116	Cerebelum_8_L	0	0	0	0	0	0	0	0	0	0	0	0	0	0	0	0	0	0	0	0	0	0	0	0	0	0	0	0	0	0	0	0	0	0	0	0	0	0	98	0	0	0	0	0	0	0	0	0	0	0	0	0	0	0	128	92	0	0	0	0	0	0	0	0	0	0	0	0	0	0	0	0	0	0	0	0	0	0	0	0	0	0	0	0	0	0	0	0	0	0	12226	664	20398	4056	272	514	1574	434	1978	270	25460	2252	0	3400	15544	592	5282	0	0	224	136	330	6248	4300	1792	794	
180544	Cerebelum_8_R	0	0	0	0	0	0	0	0	0	0	0	0	0	0	0	0	0	0	0	0	0	0	0	0	0	0	0	0	0	0	0	0	0	0	0	0	0	0	0	118	0	0	0	0	0	0	0	0	0	0	0	0	0	0	0	588	0	0	0	0	0	0	0	0	0	0	0	0	0	0	0	0	0	0	0	0	0	0	0	0	0	0	0	0	0	0	0	0	0	0	2396	12698	1280	21812	0	1298	118	1424	242	2538	1782	17048	3400	0	854	12514	0	538	0	496	0	166	4746	2466	1350	400	
105928	Cerebelum_9_L	0	0	0	0	0	0	0	0	0	0	0	0	0	0	0	0	0	0	0	0	0	0	0	0	0	0	0	0	0	0	0	0	0	0	0	0	0	0	0	0	0	0	0	0	0	0	418	84	0	0	0	0	0	0	460	0	0	0	0	0	0	0	0	0	0	0	0	0	0	0	0	0	0	0	0	0	0	0	0	0	0	0	0	0	0	0	0	0	0	0	2780	480	700	506	1420	386	6920	418	3944	452	1930	148	15544	854	0	826	4478	0	328	488	1010	1410	2236	1696	2076	972	
92056	Cerebelum_9_R	0	0	0	0	0	0	0	0	0	0	0	0	0	0	0	0	0	0	0	0	0	0	0	0	0	0	0	0	0	0	0	0	0	0	0	0	0	0	0	730	0	0	0	0	0	0	134	0	0	0	0	0	0	0	0	288	0	0	0	0	0	0	0	0	0	0	0	0	0	0	0	0	0	0	0	0	0	0	0	0	0	0	0	0	0	0	0	0	0	0	850	628	96	1128	168	1736	484	2760	724	642	118	2716	592	12514	826	0	0	554	260	1224	1308	2074	2336	3086	5258	2794	
25708	Cerebelum_10_L	0	0	0	0	0	0	0	0	0	0	0	0	0	0	0	0	0	0	0	0	0	0	0	0	0	0	0	0	0	0	0	0	0	0	0	0	0	0	0	0	0	0	0	0	0	0	0	0	0	0	0	0	0	0	0	0	0	0	0	0	0	0	0	0	0	0	0	0	0	0	0	0	0	0	0	0	0	0	0	0	0	0	0	0	0	0	0	0	0	0	502	0	400	0	0	0	230	0	310	0	1652	0	5282	0	4478	0	0	0	0	0	0	0	0	0	0	0	
2956	Cerebelum_10_R	0	0	0	0	0	0	0	0	0	0	0	0	0	0	0	0	0	0	0	0	0	0	0	0	0	0	0	0	0	0	0	0	0	0	0	0	0	0	0	0	0	0	0	0	0	0	0	0	0	0	0	0	0	0	0	0	0	0	0	0	0	0	0	0	0	0	0	0	0	0	0	0	0	0	0	0	0	0	0	0	0	0	0	0	0	0	0	0	0	0	0	84	0	166	0	0	0	0	0	0	0	136	0	538	0	554	0	0	0	0	0	0	0	0	0	0	
20392	Vermis_1_2	0	0	0	0	0	0	0	0	0	0	0	0	0	0	0	0	0	0	0	0	0	0	0	0	0	0	0	0	0	0	0	0	0	0	0	0	0	0	0	0	0	0	0	0	0	0	0	0	0	0	0	0	0	0	0	0	0	0	0	0	0	0	0	0	0	0	0	0	0	0	0	0	0	0	0	0	0	0	0	0	0	0	0	0	0	0	0	0	0	0	250	0	0	0	690	244	820	376	432	128	0	0	0	0	328	260	0	0	0	3854	1978	376	120	0	186	154	
