data	data	755644	283200	746516	960848	136812	119688	421940	240972	56596	17360	244624	182880	291652	257612	171964	99172	318036	129216	723344	1.00602e+06	79224	82948	240360	340376	19748	144952	65060	102116	569452	355480	323904	479164	169248	534752	192504	169916	187676	338696	60464	189628	52016	60404	269276	383424	183468	281288	388508	343408	180868	254120	434156	294148	264068	94304	562628	642428	414096	275816	134804	134508	297340	140972	80280	112392	154936	195732	313040	392512	513468	197056	388000	313732	229732	302024	69252	23396	122540	171460	69820	19228	260024	95600	94872	57636	366084	253676	27044	31656	246364	243464	535524	473588	400268	380732	42296	73876	269548	216036	489936	479856	282700	181996	385604	313240	160676	154108	49008	15400	22784	64396	166196	213644	243516	115280	94788	37728	
data	data	Precentral_L	Precentral_R	Frontal_Sup_L	Frontal_Sup_R	Frontal_Sup_Orb_L	Frontal_Sup_Orb_R	Frontal_Mid_L	Frontal_Mid_R	Frontal_Mid_Orb_L	Frontal_Mid_Orb_R	Frontal_Inf_Oper_L	Frontal_Inf_Oper_R	Frontal_Inf_Tri_L	Frontal_Inf_Tri_R	Frontal_Inf_Orb_L	Frontal_Inf_Orb_R	Rolandic_Oper_L	Rolandic_Oper_R	Supp_Motor_Area_L	Supp_Motor_Area_R	Olfactory_L	Olfactory_R	Frontal_Sup_Medial_L	Frontal_Sup_Medial_R	Frontal_Med_Orb_L	Frontal_Med_Orb_R	Rectus_L	Rectus_R	Insula_L	Insula_R	Cingulum_Ant_L	Cingulum_Ant_R	Cingulum_Mid_L	Cingulum_Mid_R	Cingulum_Post_L	Cingulum_Post_R	Hippocampus_L	Hippocampus_R	ParaHippocampal_L	ParaHippocampal_R	Amygdala_L	Amygdala_R	Calcarine_L	Calcarine_R	Cuneus_L	Cuneus_R	Lingual_L	Lingual_R	Occipital_Sup_L	Occipital_Sup_R	Occipital_Mid_L	Occipital_Mid_R	Occipital_Inf_L	Occipital_Inf_R	Fusiform_L	Fusiform_R	Postcentral_L	Postcentral_R	Parietal_Sup_L	Parietal_Sup_R	Parietal_Inf_L	Parietal_Inf_R	SupraMarginal_L	SupraMarginal_R	Angular_L	Angular_R	Precuneus_L	Precuneus_R	Paracentral_Lobule_L	Paracentral_Lobule_R	Caudate_L	Caudate_R	Putamen_L	Putamen_R	Pallidum_L	Pallidum_R	Thalamus_L	Thalamus_R	Heschl_L	Heschl_R	Temporal_Sup_L	Temporal_Sup_R	Temporal_Pole_Sup_L	Temporal_Pole_Sup_R	Temporal_Mid_L	Temporal_Mid_R	Temporal_Pole_Mid_L	Temporal_Pole_Mid_R	Temporal_Inf_L	Temporal_Inf_R	Cerebelum_Crus1_L	Cerebelum_Crus1_R	Cerebelum_Crus2_L	Cerebelum_Crus2_R	Cerebelum_3_L	Cerebelum_3_R	Cerebelum_4_5_L	Cerebelum_4_5_R	Cerebelum_6_L	Cerebelum_6_R	Cerebelum_7b_L	Cerebelum_7b_R	Cerebelum_8_L	Cerebelum_8_R	Cerebelum_9_L	Cerebelum_9_R	Cerebelum_10_L	Cerebelum_10_R	Vermis_1_2	Vermis_3	Vermis_4_5	Vermis_6	Vermis_7	Vermis_8	Vermis_9	Vermis_10	
755644	Precentral_L	0	4828	15042	19950	0	0	15536	2274	0	0	13568	1806	1938	218	0	0	16140	0	23350	29618	0	0	136	314	0	0	0	0	11670	176	2704	1808	1346	10728	2244	1252	4782	544	408	202	0	0	320	0	0	0	830	0	0	0	5044	0	4334	0	3834	336	30948	1582	414	0	4096	0	110	130	298	0	318	164	60346	4644	23238	7976	4682	0	4332	0	18782	7734	1726	0	3920	0	1036	0	1378	0	0	0	872	0	794	0	0	0	0	0	186	0	836	0	0	0	0	0	0	0	0	0	0	0	0	0	0	0	0	0	
283200	Precentral_R	4828	0	476	16670	0	0	0	13042	0	0	0	4944	0	120	0	0	112	2138	1644	13768	0	0	0	0	0	0	0	0	0	3214	164	346	210	296	414	292	0	6410	0	1508	0	0	0	232	0	368	0	240	0	652	148	330	0	0	232	4290	132	21800	0	414	0	974	0	2142	0	676	114	1880	6306	4992	476	5972	0	5392	0	202	0	10892	0	0	0	152	0	0	106	536	0	0	0	1354	0	0	0	0	0	0	0	0	0	0	0	0	0	0	0	0	0	0	0	0	0	0	0	0	0	0	
746516	Frontal_Sup_L	15042	476	0	9322	7992	0	45240	834	1534	0	11758	894	28166	692	9458	0	8646	0	79102	13538	0	0	29582	258	892	0	0	0	28700	0	18862	6246	8018	6784	0	0	374	0	0	0	0	0	0	0	0	0	0	0	0	0	0	0	0	0	180	0	1722	0	0	0	0	0	0	0	0	0	0	0	5816	0	8278	0	12766	0	5104	0	188	0	222	0	4926	0	1408	0	0	0	0	0	238	0	0	0	0	0	0	0	0	0	0	0	0	0	0	0	0	0	0	0	0	0	0	0	0	0	0	0	
960848	Frontal_Sup_R	19950	16670	9322	0	0	6132	6214	24554	0	346	0	10174	0	24242	0	5316	722	6596	21786	102216	0	0	6444	36862	254	5614	0	1294	1554	17052	6052	32108	3018	24764	514	344	248	7316	0	1854	0	0	0	124	0	0	0	118	0	0	0	0	0	0	186	5402	320	2900	0	0	212	0	0	236	0	0	0	248	13324	310	10578	17772	1998	10754	962	3432	708	8614	0	330	0	0	0	230	0	122	0	0	0	2012	0	0	0	0	0	0	0	0	0	0	0	0	0	0	0	0	0	0	0	0	0	0	0	0	0	0	
136812	Frontal_Sup_Orb_L	0	0	7992	0	0	0	946	0	9130	0	116	0	3982	0	13552	0	0	0	518	0	658	0	4912	0	1916	0	5020	0	10176	0	3414	108	0	0	0	0	0	0	0	0	0	0	0	0	0	0	0	0	0	0	0	0	0	0	0	0	0	0	0	0	0	0	0	0	0	0	0	0	0	0	0	0	5526	0	0	0	0	0	0	0	0	0	440	0	0	0	0	0	0	0	0	0	0	0	0	0	0	0	0	0	0	0	0	0	0	0	0	0	0	0	0	0	0	0	0	0	
119688	Frontal_Sup_Orb_R	0	0	0	6132	0	0	0	308	0	1798	0	0	0	1864	0	2858	0	0	0	1386	724	2288	1000	6954	498	9762	540	9726	0	2728	1556	5076	0	500	0	0	0	0	0	0	0	126	0	0	0	0	0	0	0	0	0	0	0	0	0	0	0	0	0	0	0	0	0	0	0	0	0	0	0	0	668	1920	0	1432	0	0	0	0	0	0	0	0	0	0	0	0	0	0	0	0	0	0	0	0	0	0	0	0	0	0	0	0	0	0	0	0	0	0	0	0	0	0	0	0	0	0	
421940	Frontal_Mid_L	15536	0	45240	6214	946	0	0	532	1732	0	12944	1016	29418	112	9110	0	7166	0	15914	6350	0	0	10324	274	0	0	0	0	18176	0	8076	2726	1134	5372	0	0	438	120	0	0	0	0	0	0	0	0	0	0	0	0	0	0	0	0	0	104	376	0	0	0	0	0	0	0	0	0	0	0	924	0	3116	0	1934	142	1190	0	148	0	0	0	3000	0	1166	0	0	0	0	0	0	0	0	0	0	0	0	0	0	0	0	0	0	0	0	0	0	0	0	0	0	0	0	0	0	0	0	0	
240972	Frontal_Mid_R	2274	13042	834	24554	0	308	532	0	0	1542	0	6822	0	18976	0	4602	166	1274	1578	4940	0	0	372	1950	0	0	0	0	912	8622	356	1824	0	1692	0	0	224	3084	0	586	0	0	0	0	0	0	0	0	0	0	0	0	0	0	344	2858	128	862	0	0	0	114	0	346	0	0	0	420	1076	0	2456	452	774	5508	0	1110	262	170	256	0	0	0	0	186	0	170	0	0	152	1642	0	0	0	0	0	0	0	0	134	0	0	0	0	0	0	0	0	0	0	0	0	0	0	0	0	0	
56596	Frontal_Mid_Orb_L	0	0	1534	0	9130	0	1732	0	0	0	0	0	2796	0	10706	0	0	0	0	0	0	0	138	0	0	0	148	0	1364	0	0	0	0	0	0	0	0	0	0	0	0	0	0	0	0	0	0	0	0	0	0	0	0	0	0	0	0	0	0	0	0	0	0	0	0	0	0	0	0	0	0	0	750	0	0	0	0	0	0	0	0	0	0	0	0	0	0	0	0	0	0	0	0	0	0	0	0	0	0	0	0	0	0	0	0	0	0	0	0	0	0	0	0	0	0	0	
17360	Frontal_Mid_Orb_R	0	0	0	346	0	1798	0	1542	0	0	0	0	0	652	0	2902	0	0	0	0	0	176	0	0	0	0	0	208	0	632	0	0	0	0	0	0	0	0	0	0	0	0	0	0	0	0	0	0	0	0	0	0	0	0	0	0	0	0	0	0	0	0	0	0	0	0	0	0	0	0	0	0	0	424	0	0	0	0	0	0	0	0	0	0	0	0	0	0	0	0	0	0	0	0	0	0	0	0	0	0	0	0	0	0	0	0	0	0	0	0	0	0	0	0	0	0	
244624	Frontal_Inf_Oper_L	13568	0	11758	0	116	0	12944	0	0	0	0	0	13848	0	208	0	12252	0	6822	200	0	0	1078	0	0	0	0	0	22466	0	2576	118	124	130	0	0	852	0	0	0	0	0	0	0	0	0	0	0	0	0	316	0	286	0	240	0	7274	0	0	0	118	0	0	0	0	0	0	0	0	140	776	0	1048	0	0	0	0	0	260	0	8474	0	4196	0	124	0	0	0	0	0	0	0	0	0	0	0	0	0	0	0	0	0	0	0	0	0	0	0	0	0	0	0	0	0	0	0	
182880	Frontal_Inf_Oper_R	1806	4944	894	10174	0	0	1016	6822	0	0	0	0	0	9562	0	134	532	6654	1320	9906	0	0	376	748	0	110	0	0	570	12110	1232	3322	0	948	0	0	0	678	0	104	0	0	0	0	0	0	0	0	0	0	0	0	0	0	0	524	0	4030	0	0	0	0	0	0	0	0	0	0	1588	0	3084	554	1086	5686	0	0	0	0	0	0	0	128	0	568	0	0	0	0	0	230	0	0	0	0	0	0	0	0	0	0	0	0	0	0	0	0	0	0	0	0	0	0	0	0	0	0	
291652	Frontal_Inf_Tri_L	1938	0	28166	0	3982	0	29418	0	2796	0	13848	0	0	0	18346	0	1468	0	7728	0	0	0	5300	0	0	0	0	0	24242	0	5156	110	418	0	0	0	450	0	0	0	0	0	0	0	0	0	0	0	0	0	0	0	0	0	0	0	658	0	0	0	0	0	0	0	0	0	0	0	0	0	346	0	236	0	0	0	0	0	0	0	662	0	558	0	0	0	0	0	0	0	0	0	0	0	0	0	0	0	0	0	0	0	0	0	0	0	0	0	0	0	0	0	0	0	0	0	
257612	Frontal_Inf_Tri_R	218	120	692	24242	0	1864	112	18976	0	652	0	9562	0	0	0	11962	0	922	1208	8684	0	0	936	7272	0	484	0	318	0	21826	1132	7774	0	4818	0	0	0	0	0	0	0	0	0	0	0	0	0	0	0	0	0	0	0	0	0	0	0	0	0	0	0	0	0	0	0	0	0	0	170	0	1724	438	1120	1368	0	0	0	0	0	0	0	0	0	212	0	0	0	0	0	0	0	0	0	0	0	0	0	0	0	0	0	0	0	0	0	0	0	0	0	0	0	0	0	0	0	0	
171964	Frontal_Inf_Orb_L	0	0	9458	0	13552	0	9110	0	10706	0	208	0	18346	0	0	0	0	0	1286	0	1532	0	1572	0	0	0	404	0	12442	0	1228	0	210	0	0	0	904	0	332	0	1268	0	0	0	0	0	0	0	0	0	0	0	0	0	190	0	0	0	0	0	0	0	0	0	0	0	0	0	0	0	0	0	1914	0	0	0	0	0	0	0	0	0	1320	0	0	0	0	0	0	0	0	0	0	0	0	0	0	0	0	0	0	0	0	0	0	0	0	0	0	0	0	0	0	0	0	0	
99172	Frontal_Inf_Orb_R	0	0	0	5316	0	2858	0	4602	0	2902	0	134	0	11962	0	0	0	0	0	242	0	1512	0	1520	0	222	0	1370	0	12062	148	1742	0	122	0	0	0	0	0	0	0	0	0	0	0	0	0	0	0	0	0	0	0	0	0	0	0	0	0	0	0	0	0	0	0	0	0	0	0	0	0	678	0	2006	0	0	0	0	0	0	0	0	0	188	0	0	0	0	0	0	0	0	0	0	0	0	0	0	0	0	0	0	0	0	0	0	0	0	0	0	0	0	0	0	0	0	
318036	Rolandic_Oper_L	16140	112	8646	722	0	0	7166	166	0	0	12252	532	1468	0	0	0	0	0	7678	804	0	0	120	0	0	0	0	0	27422	0	328	416	0	578	128	124	694	128	0	0	0	0	118	0	0	0	456	0	0	0	2204	0	2140	0	2210	110	20324	122	0	0	1144	0	2330	0	108	0	0	0	476	194	6874	0	798	136	0	0	2378	0	6696	0	17946	0	2178	0	2600	0	0	0	1276	0	270	0	0	0	0	0	0	0	306	0	0	0	0	0	0	0	0	0	0	0	0	0	0	0	0	0	
129216	Rolandic_Oper_R	0	2138	0	6596	0	0	0	1274	0	0	0	6654	0	922	0	0	0	0	178	7934	0	0	0	290	0	0	0	0	0	12722	0	544	0	124	0	0	0	1824	0	332	0	0	0	0	0	0	0	0	0	0	0	0	0	0	0	1866	0	6862	0	132	0	108	0	2926	0	0	0	262	0	0	0	918	0	3812	0	272	0	0	0	1540	0	2420	0	1036	0	306	0	0	0	616	0	0	0	0	0	0	0	0	0	0	0	0	0	0	0	0	0	0	0	0	0	0	0	0	0	0	
723344	Supp_Motor_Area_L	23350	1644	79102	21786	518	0	15914	1578	0	0	6822	1320	7728	1208	1286	0	7678	178	0	42600	0	0	5502	1714	0	118	0	0	18740	244	14166	10640	12910	27546	718	0	474	0	0	0	0	0	0	0	0	0	0	0	0	0	0	0	0	0	202	0	1660	0	0	0	0	0	0	0	0	0	158	0	16296	1224	13032	198	12930	154	2910	0	1196	0	226	0	4430	0	1310	0	0	0	0	0	262	0	0	0	0	0	0	0	0	0	0	0	0	0	0	0	0	0	0	0	0	0	0	0	0	0	0	0	
1.00602e+06	Supp_Motor_Area_R	29618	13768	13538	102216	0	1386	6350	4940	0	0	200	9906	0	8684	0	242	804	7934	42600	0	0	0	1504	13218	0	4408	0	1140	1784	10680	4446	20746	9996	51508	4154	2018	338	4614	0	1222	0	110	168	132	0	0	0	0	0	0	524	0	272	0	406	3174	1330	8866	0	0	400	0	0	192	0	0	500	426	29892	22552	15310	20366	3468	8952	1704	1338	552	6080	0	330	202	172	0	262	246	148	0	0	0	972	0	0	0	0	0	0	0	0	0	0	0	0	0	0	0	0	0	0	0	0	0	0	0	0	0	0	
79224	Olfactory_L	0	0	0	0	658	724	0	0	0	0	0	0	0	0	1532	0	0	0	0	0	0	6694	0	0	162	336	4822	2746	2064	0	3446	2598	0	0	0	0	696	0	658	0	1164	0	0	0	0	0	0	0	0	0	0	0	0	0	206	0	0	0	0	0	0	0	0	0	0	0	0	0	0	0	5726	3664	266	122	0	0	0	0	0	0	0	0	1328	0	0	0	0	0	0	0	0	0	0	0	0	0	0	0	0	0	0	0	0	0	0	0	0	0	0	0	0	0	0	0	0	0	
82948	Olfactory_R	0	0	0	0	0	2288	0	0	0	176	0	0	0	0	0	1512	0	0	0	0	6694	0	0	146	0	670	4352	5218	0	2362	2984	2734	0	0	0	0	0	252	0	444	0	778	0	0	0	0	0	0	0	0	0	0	0	0	0	182	0	0	0	0	0	0	0	0	0	0	0	0	0	0	5580	4566	0	536	0	0	0	0	0	0	0	0	0	0	0	0	0	0	0	0	0	0	0	0	0	0	0	0	0	0	0	0	0	0	0	0	0	0	0	0	0	0	0	0	0	0	
240360	Frontal_Sup_Medial_L	136	0	29582	6444	4912	1000	10324	372	138	0	1078	376	5300	936	1572	0	120	0	5502	1504	0	0	0	13486	2338	1544	0	0	3846	392	12198	7638	2436	6036	0	0	0	0	0	0	0	0	0	0	0	0	0	0	0	0	0	0	0	0	0	0	0	0	0	0	0	0	0	0	0	0	0	0	0	0	258	160	552	0	0	0	0	0	0	0	0	0	0	0	0	0	0	0	0	0	0	0	0	0	0	0	0	0	0	0	0	0	0	0	0	0	0	0	0	0	0	0	0	0	0	0	
340376	Frontal_Sup_Medial_R	314	0	258	36862	0	6954	274	1950	0	0	0	748	0	7272	0	1520	0	290	1714	13218	0	146	13486	0	456	12614	0	3054	154	5240	4272	30748	314	15848	0	0	0	280	0	0	0	0	0	0	0	0	0	0	0	0	0	0	0	0	0	250	0	0	0	0	0	0	0	0	0	0	0	0	0	0	872	6214	0	4866	0	0	0	0	0	0	0	0	0	0	0	0	0	0	0	0	0	0	0	0	0	0	0	0	0	0	0	0	0	0	0	0	0	0	0	0	0	0	0	0	0	0	
19748	Frontal_Med_Orb_L	0	0	892	254	1916	498	0	0	0	0	0	0	0	0	0	0	0	0	0	0	162	0	2338	456	0	1058	674	146	0	0	1368	0	0	0	0	0	0	0	0	0	0	0	0	0	0	0	0	0	0	0	0	0	0	0	0	0	0	0	0	0	0	0	0	0	0	0	0	0	0	0	112	0	0	0	0	0	0	0	0	0	0	0	0	0	0	0	0	0	0	0	0	0	0	0	0	0	0	0	0	0	0	0	0	0	0	0	0	0	0	0	0	0	0	0	0	0	
144952	Frontal_Med_Orb_R	0	0	0	5614	0	9762	0	0	0	0	0	110	0	484	0	222	0	0	118	4408	336	670	1544	12614	1058	0	328	8368	0	702	2366	11078	0	972	0	0	0	178	0	0	0	0	0	0	0	0	0	0	0	0	0	0	0	0	0	162	0	0	0	0	0	0	0	0	0	0	0	0	0	0	590	6460	0	4332	0	0	0	0	0	0	0	0	0	0	0	0	0	0	0	0	0	0	0	0	0	0	0	0	0	0	0	0	0	0	0	0	0	0	0	0	0	0	0	0	0	0	
65060	Rectus_L	0	0	0	0	5020	540	0	0	148	0	0	0	0	0	404	0	0	0	0	0	4822	4352	0	0	674	328	0	2348	980	0	3970	1554	0	0	0	0	0	0	0	0	0	0	0	0	0	0	0	0	0	0	0	0	0	0	0	0	0	0	0	0	0	0	0	0	0	0	0	0	0	0	3166	1626	2598	0	0	0	0	0	0	0	0	0	0	0	0	0	0	0	0	0	0	0	0	0	0	0	0	0	0	0	0	0	0	0	0	0	0	0	0	0	0	0	0	0	0	0	
102116	Rectus_R	0	0	0	1294	0	9726	0	0	0	208	0	0	0	318	0	1370	0	0	0	1140	2746	5218	0	3054	146	8368	2348	0	0	1512	1740	5364	0	190	0	0	0	106	0	0	0	240	0	0	0	0	0	0	0	0	0	0	0	0	0	0	0	0	0	0	0	0	0	0	0	0	0	0	0	0	1834	1954	0	2182	0	0	0	0	0	0	0	0	0	0	0	0	0	0	0	0	0	0	0	0	0	0	0	0	0	0	0	0	0	0	0	0	0	0	0	0	0	0	0	0	0	0	
569452	Insula_L	11670	0	28700	1554	10176	0	18176	912	1364	0	22466	570	24242	0	12442	0	27422	0	18740	1784	2064	0	3846	154	0	0	980	0	0	0	6966	606	160	788	0	0	9590	114	414	0	4262	0	0	0	0	0	202	0	0	0	438	0	658	0	3900	0	7186	0	0	0	148	0	218	0	0	0	0	0	334	0	8022	132	14696	136	0	0	2472	112	6706	0	14734	0	7072	0	2626	0	0	0	4372	0	172	0	0	0	0	0	0	0	228	0	0	0	0	0	0	0	0	0	0	0	0	0	0	0	0	0	
355480	Insula_R	176	3214	0	17052	0	2728	0	8622	0	632	0	12110	0	21826	0	12062	0	12722	244	10680	0	2362	392	5240	0	702	0	1512	0	0	640	6250	0	1180	0	0	0	9018	0	2822	0	2070	0	296	0	0	0	0	0	0	0	0	0	0	0	7712	0	2412	0	120	0	0	0	260	0	0	0	476	128	0	230	1166	0	21592	0	0	0	126	0	1358	0	2070	0	1958	0	566	0	0	0	3014	0	0	0	0	0	0	0	0	0	0	0	0	0	0	0	0	0	0	0	0	0	0	0	0	0	0	
323904	Cingulum_Ant_L	2704	164	18862	6052	3414	1556	8076	356	0	0	2576	1232	5156	1132	1228	148	328	0	14166	4446	3446	2984	12198	4272	1368	2366	3970	1740	6966	640	0	18100	8588	2658	0	0	0	0	0	0	0	0	0	0	0	0	0	0	0	0	0	0	0	0	0	0	130	0	0	0	0	0	0	0	0	0	0	0	368	0	6690	5660	6816	1396	0	0	0	0	0	0	0	0	0	0	0	0	0	0	0	0	0	0	0	0	0	0	0	0	0	0	0	0	0	0	0	0	0	0	0	0	0	0	0	0	0	0	
479164	Cingulum_Ant_R	1808	346	6246	32108	108	5076	2726	1824	0	0	118	3322	110	7774	0	1742	416	544	10640	20746	2598	2734	7638	30748	0	11078	1554	5364	606	6250	18100	0	2776	24144	0	0	0	212	0	0	0	0	0	0	0	0	0	0	0	0	0	0	0	0	0	184	0	0	0	0	0	0	0	0	0	0	0	0	442	0	3330	17234	212	8392	0	0	112	220	0	0	0	0	0	0	0	0	0	0	0	0	0	0	0	0	0	0	0	0	0	0	0	0	0	0	0	0	0	0	0	0	0	0	0	0	0	0	
169248	Cingulum_Mid_L	1346	210	8018	3018	0	0	1134	0	0	0	124	0	418	0	210	0	0	0	12910	9996	0	0	2436	314	0	0	0	0	160	0	8588	2776	0	14238	3836	492	0	0	0	0	0	0	324	138	688	0	0	0	292	0	140	0	0	0	0	0	114	1310	248	0	0	0	0	0	0	0	3522	762	3652	3210	0	0	0	0	0	0	0	0	0	0	0	0	0	0	0	0	0	0	0	0	0	0	0	0	0	0	0	0	0	0	0	0	0	0	0	0	0	0	0	0	0	0	0	0	0	0	
534752	Cingulum_Mid_R	10728	296	6784	24764	0	500	5372	1692	0	0	130	948	0	4818	0	122	578	124	27546	51508	0	0	6036	15848	0	972	0	190	788	1180	2658	24144	14238	0	3890	5832	0	0	0	0	0	0	0	2244	178	1320	0	894	132	302	206	478	0	0	130	0	940	6360	0	256	0	558	0	200	0	594	1754	5828	10030	13650	6152	618	956	166	606	0	104	0	0	0	0	104	0	0	0	546	0	0	0	184	0	0	0	0	0	0	0	0	0	0	0	0	0	0	0	0	0	0	0	0	200	0	0	0	0	0	
192504	Cingulum_Post_L	2244	414	0	514	0	0	0	0	0	0	0	0	0	0	0	0	128	0	718	4154	0	0	0	0	0	0	0	0	0	0	0	0	3836	3890	0	13634	2242	5714	896	2750	0	0	3610	134	2038	0	5744	126	648	0	620	0	346	0	5266	3914	2946	3218	0	0	0	0	0	0	0	0	9754	1266	4170	4396	398	114	0	0	0	0	208	3214	0	0	0	0	0	0	0	0	0	0	0	166	1216	0	0	0	0	0	332	0	1274	0	0	0	0	0	0	0	0	0	0	0	0	0	0	0	0	0	
169916	Cingulum_Post_R	1252	292	0	344	0	0	0	0	0	0	0	0	0	0	0	0	124	0	0	2018	0	0	0	0	0	0	0	0	0	0	0	0	492	5832	13634	0	256	4880	270	2272	0	0	104	3332	448	728	2310	5984	238	144	0	312	0	0	3242	5624	988	1472	0	0	0	178	0	114	0	216	4822	12196	1072	2836	364	0	0	0	0	0	0	1076	0	0	0	0	0	0	0	356	0	0	0	918	738	0	0	0	0	0	144	344	756	0	0	0	0	0	0	0	0	0	0	0	2236	0	0	0	0	0	
187676	Hippocampus_L	4782	0	374	248	0	0	438	224	0	0	852	0	450	0	904	0	694	0	474	338	696	0	0	0	0	0	0	0	9590	0	0	0	0	0	2242	256	0	2106	7806	1162	8780	0	202	0	0	0	2902	0	0	0	0	0	0	0	15712	854	362	0	0	0	0	0	0	0	0	0	1066	0	1092	0	866	0	5034	0	106	0	5768	2402	498	0	860	0	1424	0	1400	0	0	0	10158	0	116	0	0	0	0	0	424	0	176	0	0	0	0	0	0	0	0	0	0	0	0	0	0	0	0	0	
338696	Hippocampus_R	544	6410	0	7316	0	0	120	3084	0	0	0	678	0	0	0	0	128	1824	0	4614	0	252	0	280	0	178	0	106	114	9018	0	212	0	0	5714	4880	2106	0	684	24182	0	8890	0	758	0	0	1020	3040	0	0	0	0	0	0	172	37976	522	552	0	0	0	0	0	136	0	0	1196	2648	592	206	390	366	0	16994	0	690	106	7376	0	0	0	146	0	1646	0	198	0	656	0	8544	0	172	0	0	0	0	0	712	0	358	0	0	0	0	0	0	0	0	0	0	842	0	0	0	0	0	
60464	ParaHippocampal_L	408	0	0	0	0	0	0	0	0	0	0	0	0	0	332	0	0	0	0	0	658	0	0	0	0	0	0	0	414	0	0	0	0	0	896	270	7806	684	0	354	1264	0	150	0	0	0	2280	0	0	0	0	0	0	0	6358	196	0	0	0	0	0	0	0	0	0	0	490	0	0	0	0	0	0	0	0	0	1708	818	0	0	0	0	572	0	0	0	0	0	432	0	686	0	110	0	0	0	1398	0	1650	0	168	0	130	0	0	0	0	0	0	0	0	0	0	0	0	0	
189628	ParaHippocampal_R	202	1508	0	1854	0	0	0	586	0	0	0	104	0	0	0	0	0	332	0	1222	0	444	0	0	0	0	0	0	0	2822	0	0	0	0	2750	2272	1162	24182	354	0	0	6890	0	478	0	0	518	3502	0	0	0	0	0	0	0	23540	162	132	0	0	0	0	0	0	0	0	500	1650	196	0	0	146	0	5270	0	618	0	3728	0	0	0	0	0	2014	0	0	0	1822	0	798	0	168	0	0	0	124	0	1372	0	1028	0	0	0	0	0	0	0	0	0	0	364	0	0	0	0	0	
52016	Amygdala_L	0	0	0	0	0	0	0	0	0	0	0	0	0	0	1268	0	0	0	0	0	1164	0	0	0	0	0	0	0	4262	0	0	0	0	0	0	0	8780	0	1264	0	0	0	0	0	0	0	0	0	0	0	0	0	0	0	4790	0	0	0	0	0	0	0	0	0	0	0	0	0	0	0	0	0	1706	0	0	0	0	0	0	0	0	0	1490	0	0	0	0	0	1284	0	0	0	0	0	0	0	0	0	0	0	0	0	0	0	0	0	0	0	0	0	0	0	0	0	0	0	
60404	Amygdala_R	0	0	0	0	0	126	0	0	0	0	0	0	0	0	0	0	0	0	0	110	0	778	0	0	0	0	0	240	0	2070	0	0	0	0	0	0	0	8890	0	6890	0	0	0	0	0	0	0	0	0	0	0	0	0	0	0	6860	0	0	0	0	0	0	0	0	0	0	0	0	0	0	0	120	0	1188	0	0	0	230	0	0	0	0	0	1714	0	0	0	986	0	0	0	0	0	0	0	0	0	0	0	0	0	0	0	0	0	0	0	0	0	0	0	0	0	0	0	0	
269276	Calcarine_L	320	0	0	0	0	0	0	0	0	0	0	0	0	0	0	0	118	0	0	168	0	0	0	0	0	0	0	0	0	0	0	0	324	0	3610	104	202	0	150	0	0	0	0	10394	12500	8316	19262	3956	5950	4312	18034	664	10634	0	11424	0	1780	228	356	0	190	0	0	0	0	0	15736	438	2280	226	0	0	0	0	0	0	0	0	0	0	0	0	0	0	798	0	0	0	230	0	742	0	0	0	0	0	394	0	798	0	0	0	0	0	0	0	0	0	0	0	0	0	0	0	0	0	
383424	Calcarine_R	0	232	0	124	0	0	0	0	0	0	0	0	0	0	0	0	0	0	0	132	0	0	0	0	0	0	0	0	0	296	0	0	138	2244	134	3332	0	758	0	478	0	0	10394	0	6270	30054	1396	22946	0	18384	0	20124	0	6058	0	8920	0	912	0	442	0	518	0	0	0	550	1824	33820	0	1178	0	0	0	154	0	0	0	0	0	242	0	152	0	0	0	12044	0	0	0	7008	0	0	0	0	0	0	0	0	0	316	0	0	0	0	0	0	0	0	0	0	138	0	0	0	0	0	
183468	Cuneus_L	0	0	0	0	0	0	0	0	0	0	0	0	0	0	0	0	0	0	0	0	0	0	0	0	0	0	0	0	0	0	0	0	688	178	2038	448	0	0	0	0	0	0	12500	6270	0	7954	2470	490	20066	2020	8202	1246	950	314	890	0	284	0	2688	0	536	0	0	0	0	0	18892	1760	558	0	0	0	0	0	0	0	0	0	0	0	0	0	0	0	0	292	0	0	0	0	0	0	0	0	0	0	0	0	0	0	0	0	0	0	0	0	0	0	0	0	0	0	0	0	0	0	
281288	Cuneus_R	0	368	0	0	0	0	0	0	0	0	0	0	0	0	0	0	0	0	0	0	0	0	0	0	0	0	0	0	0	0	0	0	0	1320	0	728	0	0	0	0	0	0	8316	30054	7954	0	854	5780	132	29930	0	15336	0	1982	0	682	0	1842	0	1898	0	334	0	0	0	354	4948	20894	0	1338	0	0	0	0	0	0	0	0	0	0	0	0	0	0	0	4966	0	0	0	450	0	0	0	0	0	0	0	0	0	184	0	0	0	0	0	0	0	0	0	0	0	0	0	0	0	0	
388508	Lingual_L	830	0	0	0	0	0	0	0	0	0	0	0	0	0	0	0	456	0	0	0	0	0	0	0	0	0	0	0	202	0	0	0	0	0	5744	2310	2902	1020	2280	518	0	0	19262	1396	2470	854	0	3904	1678	1034	11878	430	10762	354	28110	2270	1228	0	140	0	1122	0	0	0	216	0	11432	122	598	0	156	0	0	0	0	0	258	518	0	0	150	0	0	0	1770	0	0	0	408	0	11706	3028	1402	1148	150	478	13832	3088	17314	5380	108	0	478	0	280	474	0	0	174	600	5034	7016	2468	0	318	996	
343408	Lingual_R	0	240	0	118	0	0	0	0	0	0	0	0	0	0	0	0	0	0	0	0	0	0	0	0	0	0	0	0	0	0	0	0	0	894	126	5984	0	3040	0	3502	0	0	3956	22946	490	5780	3904	0	146	7374	0	5924	0	7022	1472	23636	0	452	0	0	0	0	0	0	0	0	406	13974	0	0	0	0	0	114	0	0	0	220	0	0	0	0	0	0	0	772	0	0	0	2650	2958	8184	586	1246	212	364	3434	7202	4622	14010	0	0	500	110	0	0	138	0	0	336	6310	5716	634	0	0	0	
180868	Occipital_Sup_L	0	0	0	0	0	0	0	0	0	0	0	0	0	0	0	0	0	0	0	0	0	0	0	0	0	0	0	0	0	0	0	0	292	132	648	238	0	0	0	0	0	0	5950	0	20066	132	1678	146	0	0	26462	0	1938	0	388	0	160	0	8274	0	4082	0	0	0	1884	0	15210	460	688	0	0	0	0	0	0	0	0	0	0	0	0	0	0	0	1606	0	0	0	0	0	0	0	0	0	0	0	0	0	0	0	0	0	0	0	0	0	0	0	0	0	0	0	0	0	0	0	
254120	Occipital_Sup_R	0	652	0	0	0	0	0	0	0	0	0	0	0	0	0	0	0	0	0	0	0	0	0	0	0	0	0	0	0	0	0	0	0	302	0	144	0	0	0	0	0	0	4312	18384	2020	29930	1034	7374	0	0	0	24256	0	2050	0	922	0	2252	0	6478	0	596	0	0	0	3562	2550	15448	0	1128	0	0	0	0	0	0	0	0	0	0	0	0	0	0	0	3138	0	0	0	292	0	0	0	0	0	0	0	0	0	236	0	0	0	0	0	0	0	0	0	0	0	0	0	0	0	0	
434156	Occipital_Mid_L	5044	148	0	0	0	0	0	0	0	0	316	0	0	0	0	0	2204	0	0	524	0	0	0	0	0	0	0	0	438	0	0	0	140	206	620	0	0	0	0	0	0	0	18034	0	8202	0	11878	0	26462	0	0	0	37436	0	14602	0	11526	388	8968	0	16996	0	474	0	14226	0	8876	0	6896	522	394	0	0	0	0	0	0	0	0	0	942	0	0	0	17468	0	0	0	2552	0	280	0	0	0	0	0	0	0	316	0	0	0	0	0	0	0	0	0	0	0	0	0	0	0	0	0	
294148	Occipital_Mid_R	0	330	0	0	0	0	0	0	0	0	0	0	0	0	0	0	0	0	0	0	0	0	0	0	0	0	0	0	0	0	0	0	0	478	0	312	0	0	0	0	0	0	664	20124	1246	15336	430	5924	0	24256	0	0	0	8686	0	3494	0	1308	0	7754	0	5690	0	0	0	19246	972	11630	0	916	0	0	0	0	0	0	0	0	0	0	0	996	0	0	0	16326	0	0	0	956	0	0	0	0	0	0	0	0	0	0	0	0	0	0	0	0	0	0	0	0	0	0	0	0	0	0	
264068	Occipital_Inf_L	4334	0	0	0	0	0	0	0	0	0	286	0	0	0	0	0	2140	0	0	272	0	0	0	0	0	0	0	0	658	0	0	0	0	0	346	0	0	0	0	0	0	0	10634	0	950	0	10762	0	1938	0	37436	0	0	0	21486	0	6542	292	572	0	6514	0	316	0	1480	0	3040	0	3896	244	370	0	0	0	0	0	0	0	338	0	1030	0	0	0	11460	0	0	0	4170	0	164	0	0	0	0	0	0	0	364	0	0	0	0	0	0	0	0	0	0	0	0	0	0	0	0	0	
94304	Occipital_Inf_R	0	0	0	0	0	0	0	0	0	0	0	0	0	0	0	0	0	0	0	0	0	0	0	0	0	0	0	0	0	0	0	0	0	0	0	0	0	0	0	0	0	0	0	6058	314	1982	354	7022	0	2050	0	8686	0	0	208	7952	0	0	0	0	0	0	0	0	0	0	0	1260	0	0	0	0	0	0	0	0	0	0	0	0	0	0	0	0	0	2522	0	0	0	3256	362	378	0	132	0	0	184	354	556	2424	0	0	0	0	0	0	0	0	0	0	202	896	0	0	0	0	
562628	Fusiform_L	3834	232	180	186	0	0	0	344	0	0	240	0	0	0	190	0	2210	0	202	406	206	0	0	0	0	0	0	0	3900	0	0	0	0	130	5266	3242	15712	172	6358	0	4790	0	11424	0	890	0	28110	1472	388	0	14602	0	21486	208	0	1288	3602	478	260	0	4344	0	750	0	1156	0	8136	0	2876	288	1054	0	1116	0	0	0	622	130	822	0	1708	0	996	0	8640	0	196	0	17094	0	33474	1848	2136	760	386	0	9658	164	38560	2694	680	0	774	0	162	0	196	0	0	0	330	5604	1952	0	0	0	
642428	Fusiform_R	336	4290	0	5402	0	0	104	2858	0	0	0	524	0	0	0	0	110	1866	0	3174	0	182	0	250	0	162	0	0	0	7712	0	184	0	0	3914	5624	854	37976	196	23540	0	6860	0	8920	0	682	2270	23636	0	922	0	3494	0	7952	1288	0	456	698	0	0	0	0	0	382	0	230	1036	7152	568	388	292	222	0	13006	0	342	0	3284	0	180	0	618	0	3974	0	1330	0	2720	0	20846	2332	29036	468	2644	0	3014	2116	16374	3346	37598	0	152	396	562	0	414	124	0	0	208	4262	4404	758	0	0	0	
414096	Postcentral_L	30948	132	1722	320	0	0	376	128	0	0	7274	0	658	0	0	0	20324	0	1660	1330	0	0	0	0	0	0	0	0	7186	0	130	0	114	940	2946	988	362	522	0	162	0	0	1780	0	284	0	1228	0	160	0	11526	0	6542	0	3602	456	0	878	9142	0	26050	0	4482	0	3702	0	3198	0	16376	1116	4586	0	262	0	0	0	1302	0	2690	0	6716	0	392	0	12866	0	0	0	8228	0	618	0	0	0	0	0	0	0	644	0	0	0	0	0	0	0	0	0	0	0	0	0	0	0	0	0	
275816	Postcentral_R	1582	21800	0	2900	0	0	0	862	0	0	0	4030	0	0	0	0	122	6862	0	8866	0	0	0	0	0	0	0	0	0	2412	0	0	1310	6360	3218	1472	0	552	0	132	0	0	228	912	0	1842	0	452	0	2252	388	1308	292	0	478	698	878	0	0	7192	0	5890	0	16186	0	2644	830	10668	2456	12258	300	210	0	2250	0	0	0	0	0	238	0	1400	0	0	0	1854	0	0	0	1324	0	0	0	0	0	0	0	0	0	0	0	0	0	0	0	0	0	0	0	0	0	0	0	0	0	0	
134804	Parietal_Sup_L	414	0	0	0	0	0	0	0	0	0	0	0	0	0	0	0	0	0	0	0	0	0	0	0	0	0	0	0	0	0	0	0	248	0	0	0	0	0	0	0	0	0	356	0	2688	0	140	0	8274	0	8968	0	572	0	260	0	9142	0	0	0	14708	0	114	0	4374	0	8926	0	1774	0	0	0	0	0	0	0	0	0	0	0	952	0	0	0	3452	0	0	0	2040	0	0	0	0	0	0	0	0	0	0	0	0	0	0	0	0	0	0	0	0	0	0	0	0	0	0	0	
134508	Parietal_Sup_R	0	414	0	0	0	0	0	0	0	0	0	0	0	0	0	0	0	132	0	0	0	0	0	0	0	0	0	0	0	120	0	0	0	256	0	0	0	0	0	0	0	0	0	442	0	1898	0	0	0	6478	0	7754	0	0	0	0	0	7192	0	0	0	11362	0	1998	0	12898	430	12818	0	328	0	0	0	0	0	0	0	0	0	0	0	878	0	0	0	1520	0	0	0	336	0	0	0	0	0	0	0	0	0	0	0	0	0	0	0	0	0	0	0	0	0	0	0	0	0	0	
297340	Parietal_Inf_L	4096	0	0	212	0	0	0	0	0	0	118	0	0	0	0	0	1144	0	0	400	0	0	0	0	0	0	0	0	148	0	0	0	0	0	0	0	0	0	0	0	0	0	190	0	536	0	1122	0	4082	0	16996	0	6514	0	4344	0	26050	0	14708	0	0	0	8964	0	25226	0	1314	0	2874	0	690	0	0	0	0	0	160	0	0	0	5138	0	0	0	16386	0	0	0	5878	0	676	0	0	0	0	0	0	0	704	0	0	0	0	0	0	0	0	0	0	0	0	0	0	0	0	0	
140972	Parietal_Inf_R	0	974	0	0	0	0	0	114	0	0	0	0	0	0	0	0	0	108	0	0	0	0	0	0	0	0	0	0	0	0	0	0	0	558	0	178	0	0	0	0	0	0	0	518	0	334	0	0	0	596	0	5690	0	0	0	0	0	5890	0	11362	0	0	0	9156	0	23288	0	1796	0	760	0	0	0	0	0	0	0	0	0	0	0	1096	0	0	0	5760	0	0	0	2308	0	0	0	0	0	0	0	0	0	0	0	0	0	0	0	0	0	0	0	0	0	0	0	0	0	0	
80280	SupraMarginal_L	110	0	0	0	0	0	0	0	0	0	0	0	0	0	0	0	2330	0	0	0	0	0	0	0	0	0	0	0	218	0	0	0	0	0	0	0	0	0	0	0	0	0	0	0	0	0	0	0	0	0	474	0	316	0	750	0	4482	0	114	0	8964	0	0	0	4816	0	0	0	198	0	0	0	0	0	0	0	0	0	180	0	8472	0	0	0	7450	0	0	0	766	0	236	0	0	0	0	0	0	0	264	0	0	0	0	0	0	0	0	0	0	0	0	0	0	0	0	0	
112392	SupraMarginal_R	130	2142	0	236	0	0	0	346	0	0	0	0	0	0	0	0	0	2926	0	192	0	0	0	0	0	0	0	0	0	260	0	0	0	200	0	114	0	136	0	0	0	0	0	0	0	0	0	0	0	0	0	0	0	0	0	382	0	16186	0	1998	0	9156	0	0	0	7646	0	990	130	342	0	0	0	0	0	0	0	0	0	0	0	4742	0	0	0	3788	0	0	0	4154	0	0	0	0	0	0	0	0	0	0	0	0	0	0	0	0	0	0	0	0	0	0	0	0	0	0	
154936	Angular_L	298	0	0	0	0	0	0	0	0	0	0	0	0	0	0	0	108	0	0	0	0	0	0	0	0	0	0	0	0	0	0	0	0	0	0	0	0	0	0	0	0	0	0	0	0	0	216	0	1884	0	14226	0	1480	0	1156	0	3702	0	4374	0	25226	0	4816	0	0	0	376	0	1384	0	0	0	0	0	0	0	0	0	0	0	3892	0	0	0	12638	0	0	0	1442	0	124	0	0	0	0	0	0	0	126	0	0	0	0	0	0	0	0	0	0	0	0	0	0	0	0	0	
195732	Angular_R	0	676	0	0	0	0	0	0	0	0	0	0	0	0	0	0	0	0	0	0	0	0	0	0	0	0	0	0	0	0	0	0	0	594	0	216	0	0	0	0	0	0	0	550	0	354	0	0	0	3562	0	19246	0	0	0	230	0	2644	0	12898	0	23288	0	7646	0	0	104	1492	0	568	0	0	0	0	0	0	0	0	0	0	0	5920	0	0	0	14104	0	0	0	3774	0	0	0	0	0	0	0	0	0	0	0	0	0	0	0	0	0	0	0	0	0	0	0	0	0	0	
313040	Precuneus_L	318	114	0	0	0	0	0	0	0	0	0	0	0	0	0	0	0	0	158	500	0	0	0	0	0	0	0	0	0	0	0	0	3522	1754	9754	4822	1066	1196	490	500	0	0	15736	1824	18892	4948	11432	406	15210	2550	8876	972	3040	0	8136	1036	3198	830	8926	430	1314	0	0	0	376	104	0	10908	5912	780	0	0	0	0	0	0	160	362	0	0	0	0	0	0	1646	506	0	0	476	128	998	0	0	0	0	0	1154	0	1060	0	0	0	0	0	0	0	0	0	0	0	0	0	0	0	0	0	
392512	Precuneus_R	164	1880	0	248	0	0	0	420	0	0	0	0	0	0	0	0	0	262	0	426	0	0	0	0	0	0	0	0	0	476	0	0	762	5828	1266	12196	0	2648	0	1650	0	0	438	33820	1760	20894	122	13974	460	15448	0	11630	0	1260	0	7152	0	10668	0	12818	0	1796	0	990	0	1492	10908	0	160	3342	0	0	0	150	0	0	0	108	0	334	0	642	0	0	0	7528	0	0	0	6698	0	0	0	0	0	0	0	866	0	0	0	0	0	0	0	0	0	0	0	0	2572	0	0	0	0	0	
513468	Paracentral_Lobule_L	60346	6306	5816	13324	0	0	924	1076	0	0	0	1588	0	170	0	0	476	0	16296	29892	0	0	0	0	0	0	0	0	334	128	368	442	3652	10030	4170	1072	1092	592	0	196	0	0	2280	0	558	0	598	0	688	0	6896	0	3896	0	2876	568	16376	2456	1774	0	2874	0	198	130	1384	0	5912	160	0	11512	3920	8232	984	0	3036	0	4156	7310	0	0	262	0	0	0	5268	0	0	0	2540	0	788	0	0	0	0	0	0	0	812	0	0	0	0	0	0	0	0	0	0	0	0	0	0	0	0	0	
197056	Paracentral_Lobule_R	4644	4992	0	310	0	0	0	0	0	0	140	0	0	0	0	0	194	0	1224	22552	0	0	0	0	0	0	0	0	0	0	0	0	3210	13650	4396	2836	0	206	0	0	0	0	226	1178	0	1338	0	0	0	1128	522	916	244	0	288	388	1116	12258	0	328	0	760	0	342	0	568	780	3342	11512	0	308	410	0	0	0	0	0	298	0	0	132	204	0	0	182	1042	0	0	0	364	0	0	0	0	0	0	0	0	0	0	0	0	0	0	0	0	0	0	0	0	0	0	0	0	0	0	
388000	Caudate_L	23238	476	8278	10578	0	668	3116	2456	0	0	776	3084	346	1724	0	0	6874	0	13032	15310	5726	5580	258	872	112	590	3166	1834	8022	230	6690	3330	0	6152	398	364	866	390	0	0	0	0	0	0	0	0	156	0	0	0	394	0	370	0	1054	292	4586	300	0	0	690	0	0	0	0	0	0	0	3920	308	0	7492	16574	1012	4908	104	12490	184	2228	0	836	0	128	0	150	0	0	0	352	182	192	0	0	0	0	0	184	0	378	0	0	0	0	0	0	0	0	0	0	0	0	0	0	0	0	0	
313732	Caudate_R	7976	5972	0	17772	0	1920	0	452	0	0	0	554	0	438	0	678	0	918	198	20366	3664	4566	160	6214	0	6460	1626	1954	132	1166	5660	17234	0	618	114	0	0	366	0	146	0	120	0	0	0	0	0	0	0	0	0	0	0	0	0	222	0	210	0	0	0	0	0	0	0	0	0	0	8232	410	7492	0	424	12290	0	1504	0	18638	0	0	0	0	0	0	0	0	0	0	0	0	0	0	0	0	0	0	0	0	0	0	0	0	0	0	0	0	0	0	0	0	0	0	0	0	0	0	
229732	Putamen_L	4682	0	12766	1998	5526	0	1934	774	750	0	1048	1086	236	1120	1914	0	798	0	12930	3468	266	0	552	0	0	0	2598	0	14696	0	6816	212	0	956	0	0	5034	0	0	0	1706	0	0	0	0	0	0	0	0	0	0	0	0	0	1116	0	262	0	0	0	0	0	0	0	0	0	0	0	984	0	16574	424	0	104	7648	0	1060	0	112	0	1128	0	830	0	0	0	0	0	758	0	0	0	0	0	0	0	0	0	0	0	0	0	0	0	0	0	0	0	0	0	0	0	0	0	0	0	
302024	Putamen_R	0	5392	0	10754	0	1432	142	5508	0	424	0	5686	0	1368	0	2006	136	3812	154	8952	122	536	0	4866	0	4332	0	2182	136	21592	1396	8392	0	166	0	0	0	16994	0	5270	0	1188	0	154	0	0	0	114	0	0	0	0	0	0	0	13006	0	2250	0	0	0	0	0	0	0	0	0	150	0	0	1012	12290	104	0	0	2086	0	650	0	0	0	354	0	594	0	0	0	0	0	5054	0	0	0	0	0	0	0	114	0	142	0	0	0	0	0	0	0	0	0	0	0	0	0	0	0	0	
69252	Pallidum_L	4332	0	5104	962	0	0	1190	0	0	0	0	0	0	0	0	0	0	0	2910	1704	0	0	0	0	0	0	0	0	0	0	0	0	0	606	0	0	106	0	0	0	0	0	0	0	0	0	0	0	0	0	0	0	0	0	0	0	0	0	0	0	0	0	0	0	0	0	0	0	3036	0	4908	0	7648	0	0	0	2120	0	0	0	0	0	0	0	0	0	0	0	0	0	0	0	0	0	0	0	0	0	0	0	0	0	0	0	0	0	0	0	0	0	0	0	0	0	0	0	
23396	Pallidum_R	0	202	0	3432	0	0	0	1110	0	0	0	0	0	0	0	0	0	272	0	1338	0	0	0	0	0	0	0	0	0	0	0	0	0	0	0	0	0	690	0	618	0	0	0	0	0	0	0	0	0	0	0	0	0	0	0	342	0	0	0	0	0	0	0	0	0	0	0	0	0	0	104	1504	0	2086	0	0	0	0	0	0	0	0	0	0	0	0	0	0	0	0	0	0	0	0	0	0	0	0	0	0	0	0	0	0	0	0	0	0	0	0	0	0	0	0	0	0	
122540	Thalamus_L	18782	0	188	708	0	0	148	262	0	0	0	0	0	0	0	0	2378	0	1196	552	0	0	0	0	0	0	0	0	2472	0	0	112	0	104	208	0	5768	106	1708	0	0	0	0	0	0	0	258	0	0	0	0	0	0	0	622	0	1302	0	0	0	160	0	0	0	0	0	160	0	4156	0	12490	0	1060	0	2120	0	0	1024	1838	0	272	0	0	0	270	0	0	0	846	0	0	0	0	0	0	0	0	0	0	0	0	0	0	0	0	0	0	0	0	0	0	0	0	0	0	0	
171460	Thalamus_R	7734	10892	0	8614	0	0	0	170	0	0	0	0	0	0	0	0	0	0	0	6080	0	0	0	0	0	0	0	0	112	126	0	220	0	0	3214	1076	2402	7376	818	3728	0	230	0	0	0	0	518	220	0	0	0	0	0	0	130	3284	0	0	0	0	0	0	0	0	0	0	362	108	7310	298	184	18638	0	650	0	0	1024	0	0	0	0	0	0	0	0	0	0	0	0	212	0	0	0	0	0	0	0	0	0	0	0	0	0	0	0	0	0	0	0	0	0	0	0	0	0	0	
69820	Heschl_L	1726	0	222	0	0	0	0	256	0	0	260	0	0	0	0	0	6696	0	226	0	0	0	0	0	0	0	0	0	6706	0	0	0	0	0	0	0	498	0	0	0	0	0	0	0	0	0	0	0	0	0	0	0	338	0	822	0	2690	0	0	0	0	0	180	0	0	0	0	0	0	0	2228	0	112	0	0	0	1838	0	0	0	3756	0	0	0	3440	0	0	0	2916	0	0	0	0	0	0	0	0	0	0	0	0	0	0	0	0	0	0	0	0	0	0	0	0	0	0	0	
19228	Heschl_R	0	0	0	330	0	0	0	0	0	0	0	0	0	0	0	0	0	1540	0	330	0	0	0	0	0	0	0	0	0	1358	0	0	0	0	0	0	0	0	0	0	0	0	0	242	0	0	0	0	0	0	0	0	0	0	0	180	0	238	0	0	0	0	0	0	0	0	0	334	0	0	0	0	0	0	0	0	0	0	0	0	0	3218	0	0	0	778	0	0	0	1066	0	0	0	0	0	0	0	0	0	0	0	0	0	0	0	0	0	0	0	0	0	0	0	0	0	0	
260024	Temporal_Sup_L	3920	0	4926	0	0	0	3000	0	0	0	8474	0	662	0	0	0	17946	0	4430	202	0	0	0	0	0	0	0	0	14734	0	0	0	0	0	0	0	860	0	0	0	0	0	0	0	0	0	150	0	0	0	942	0	1030	0	1708	0	6716	0	952	0	5138	0	8472	0	3892	0	0	0	262	132	836	0	1128	0	0	0	272	0	3756	0	0	0	6060	0	22594	0	196	0	6322	0	144	0	0	0	0	0	0	0	156	0	0	0	0	0	0	0	0	0	0	0	0	0	0	0	0	0	
95600	Temporal_Sup_R	0	152	0	0	0	0	0	0	0	0	0	128	0	0	0	0	0	2420	0	172	0	0	0	0	0	0	0	0	0	2070	0	0	0	104	0	0	0	146	0	0	0	0	0	152	0	0	0	0	0	0	0	996	0	0	0	618	0	1400	0	878	0	1096	0	4742	0	5920	0	642	0	204	0	0	0	354	0	0	0	0	0	3218	0	0	0	2536	0	15542	0	490	0	3820	0	0	0	0	0	0	0	0	0	0	0	0	0	0	0	0	0	0	0	0	0	0	0	0	0	0	
94872	Temporal_Pole_Sup_L	1036	0	1408	0	440	0	1166	0	0	0	4196	0	558	0	1320	0	2178	0	1310	0	1328	0	0	0	0	0	0	0	7072	0	0	0	0	0	0	0	1424	0	572	0	1490	0	0	0	0	0	0	0	0	0	0	0	0	0	996	0	392	0	0	0	0	0	0	0	0	0	0	0	0	0	128	0	830	0	0	0	0	0	0	0	6060	0	0	0	5288	0	4316	0	3928	0	0	0	0	0	0	0	0	0	0	0	0	0	0	0	0	0	0	0	0	0	0	0	0	0	0	0	
57636	Temporal_Pole_Sup_R	0	0	0	230	0	0	0	186	0	0	0	568	0	212	0	188	0	1036	0	262	0	0	0	0	0	0	0	0	0	1958	0	0	0	0	0	0	0	1646	0	2014	0	1714	0	0	0	0	0	0	0	0	0	0	0	0	0	3974	0	0	0	0	0	0	0	0	0	0	0	0	0	0	0	0	0	594	0	0	0	0	0	0	0	2536	0	0	0	4050	0	4352	0	3298	0	0	0	0	0	0	0	0	0	0	0	0	0	0	0	0	0	0	0	0	0	0	0	0	0	0	
366084	Temporal_Mid_L	1378	106	0	0	0	0	0	0	0	0	124	0	0	0	0	0	2600	0	0	246	0	0	0	0	0	0	0	0	2626	0	0	0	0	0	0	0	1400	0	0	0	0	0	798	0	0	0	1770	0	1606	0	17468	0	11460	0	8640	0	12866	0	3452	0	16386	0	7450	0	12638	0	1646	0	5268	182	150	0	0	0	0	0	270	0	3440	0	22594	0	5288	0	0	0	4772	0	34534	0	938	0	0	0	0	0	0	0	946	0	0	0	0	0	0	0	0	0	0	0	0	0	0	0	0	0	
253676	Temporal_Mid_R	0	536	0	122	0	0	0	170	0	0	0	0	0	0	0	0	0	306	0	148	0	0	0	0	0	0	0	0	0	566	0	0	0	546	0	356	0	198	0	0	0	0	0	12044	292	4966	0	772	0	3138	0	16326	0	2522	0	1330	0	1854	0	1520	0	5760	0	3788	0	14104	506	7528	0	1042	0	0	0	0	0	0	0	0	0	778	0	15542	0	4050	0	0	0	2824	0	23204	0	0	0	0	0	0	0	0	0	0	0	0	0	0	0	0	0	0	0	0	0	0	0	0	0	0	
27044	Temporal_Pole_Mid_L	0	0	0	0	0	0	0	0	0	0	0	0	0	0	0	0	0	0	0	0	0	0	0	0	0	0	0	0	0	0	0	0	0	0	0	0	0	0	0	0	0	0	0	0	0	0	0	0	0	0	0	0	0	0	196	0	0	0	0	0	0	0	0	0	0	0	0	0	0	0	0	0	0	0	0	0	0	0	0	0	196	0	4316	0	4772	0	0	0	4042	0	0	0	0	0	0	0	0	0	0	0	0	0	0	0	0	0	0	0	0	0	0	0	0	0	0	0	
31656	Temporal_Pole_Mid_R	0	0	0	0	0	0	0	0	0	0	0	0	0	0	0	0	0	0	0	0	0	0	0	0	0	0	0	0	0	0	0	0	0	0	0	0	0	656	0	1822	0	986	0	0	0	0	0	0	0	0	0	0	0	0	0	2720	0	0	0	0	0	0	0	0	0	0	0	0	0	0	0	0	0	0	0	0	0	0	0	0	0	490	0	4352	0	2824	0	0	0	1978	0	0	0	0	0	0	0	0	0	0	0	0	0	0	0	0	0	0	0	0	0	0	0	0	0	0	
246364	Temporal_Inf_L	872	0	238	0	0	0	0	152	0	0	0	0	0	0	0	0	1276	0	262	0	0	0	0	0	0	0	0	0	4372	0	0	0	0	0	0	0	10158	0	432	0	1284	0	230	0	0	0	408	0	0	0	2552	0	4170	0	17094	0	8228	0	2040	0	5878	0	766	0	1442	0	476	0	2540	0	352	0	758	0	0	0	846	0	2916	0	6322	0	3928	0	34534	0	4042	0	0	0	3232	0	0	0	0	0	172	0	1210	0	0	0	0	0	0	0	0	0	0	0	0	0	0	0	0	0	
243464	Temporal_Inf_R	0	1354	0	2012	0	0	0	1642	0	0	0	230	0	0	0	0	0	616	0	972	0	0	0	0	0	0	0	0	0	3014	0	0	0	184	166	918	0	8544	0	798	0	0	0	7008	0	450	0	2650	0	292	0	956	0	3256	0	20846	0	1324	0	336	0	2308	0	4154	0	3774	128	6698	0	364	182	0	0	5054	0	0	0	212	0	1066	0	3820	0	3298	0	23204	0	1978	0	0	0	4810	0	300	0	0	0	232	0	2092	0	188	0	198	0	104	0	0	0	0	0	0	0	0	0	0	
535524	Cerebelum_Crus1_L	794	0	0	0	0	0	0	0	0	0	0	0	0	0	0	0	270	0	0	0	0	0	0	0	0	0	0	0	172	0	0	0	0	0	1216	738	116	0	686	0	0	0	742	0	0	0	11706	2958	0	0	280	0	164	362	33474	2332	618	0	0	0	676	0	236	0	124	0	998	0	788	0	192	0	0	0	0	0	0	0	0	0	144	0	0	0	938	0	0	0	3232	0	0	5020	41926	2716	1948	572	11778	440	62342	6100	16540	184	23742	1162	5030	1226	2258	0	162	676	552	10114	6894	834	1292	298	
473588	Cerebelum_Crus1_R	0	0	0	0	0	0	0	0	0	0	0	0	0	0	0	0	0	0	0	0	0	0	0	0	0	0	0	0	0	0	0	0	0	0	0	0	0	172	0	168	0	0	0	0	0	0	3028	8184	0	0	0	0	0	378	1848	29036	0	0	0	0	0	0	0	0	0	0	0	0	0	0	0	0	0	0	0	0	0	0	0	0	0	0	0	0	0	0	0	0	0	4810	5020	0	2626	46668	186	1612	2470	11720	4976	53106	842	8376	2730	19726	1236	4134	230	658	164	628	3954	6914	7712	1862	1620	0	
400268	Cerebelum_Crus2_L	0	0	0	0	0	0	0	0	0	0	0	0	0	0	0	0	0	0	0	0	0	0	0	0	0	0	0	0	0	0	0	0	0	0	0	0	0	0	110	0	0	0	0	0	0	0	1402	586	0	0	0	0	0	0	2136	468	0	0	0	0	0	0	0	0	0	0	0	0	0	0	0	0	0	0	0	0	0	0	0	0	0	0	0	0	0	0	0	0	0	0	41926	2626	0	12042	540	370	1698	184	7268	2080	42912	8110	38270	8546	5194	1186	2266	0	116	452	198	3348	12744	2088	1128	140	
380732	Cerebelum_Crus2_R	0	0	0	0	0	0	0	0	0	0	0	0	0	0	0	0	0	0	0	0	0	0	0	0	0	0	0	0	0	0	0	0	0	0	0	0	0	0	0	0	0	0	0	0	0	0	1148	1246	0	0	0	0	0	132	760	2644	0	0	0	0	0	0	0	0	0	0	0	0	0	0	0	0	0	0	0	0	0	0	0	0	0	0	0	0	0	0	0	0	0	300	2716	46668	12042	0	164	280	440	1468	1736	12408	6692	28242	5172	38338	1592	3570	148	922	0	286	864	2496	13746	3196	950	0	
42296	Cerebelum_3_L	0	0	0	0	0	0	0	0	0	0	0	0	0	0	0	0	0	0	0	0	0	0	0	0	0	0	0	0	0	0	0	0	0	0	0	0	0	0	0	0	0	0	0	0	0	0	150	212	0	0	0	0	0	0	386	0	0	0	0	0	0	0	0	0	0	0	0	0	0	0	0	0	0	0	0	0	0	0	0	0	0	0	0	0	0	0	0	0	0	0	1948	186	540	164	0	0	6688	442	3584	512	222	0	1014	126	1580	0	0	0	850	1030	1146	138	230	0	0	0	
73876	Cerebelum_3_R	0	0	0	0	0	0	0	0	0	0	0	0	0	0	0	0	0	0	0	0	0	0	0	0	0	0	0	0	0	0	0	0	0	0	0	0	0	0	0	124	0	0	0	0	0	0	478	364	0	0	0	0	0	0	0	3014	0	0	0	0	0	0	0	0	0	0	0	0	0	0	0	0	0	0	0	0	0	0	0	0	0	0	0	0	0	0	0	0	0	0	572	1612	370	280	0	0	1404	6804	1082	6820	0	0	0	0	0	1894	0	0	812	4456	1500	1652	816	696	1602	586	
269548	Cerebelum_4_5_L	186	0	0	0	0	0	0	0	0	0	0	0	0	0	0	0	0	0	0	0	0	0	0	0	0	0	0	0	0	0	0	0	0	0	332	144	424	0	1398	0	0	0	394	0	0	0	13832	3434	0	0	0	0	0	184	9658	2116	0	0	0	0	0	0	0	0	0	0	1154	0	0	0	184	0	0	0	0	0	0	0	0	0	0	0	0	0	0	0	0	0	172	0	11778	2470	1698	440	6688	1404	0	6820	28568	7210	1260	0	3448	0	3736	1418	826	0	1008	2368	11494	4796	258	164	1116	2194	
216036	Cerebelum_4_5_R	0	0	0	0	0	0	0	0	0	0	0	0	0	0	0	0	0	0	0	0	0	0	0	0	0	0	0	0	0	0	0	0	0	0	0	344	0	712	0	1372	0	0	0	0	0	0	3088	7202	0	0	0	0	0	354	164	16374	0	0	0	0	0	0	0	0	0	0	0	866	0	0	0	0	0	114	0	0	0	0	0	0	0	0	0	0	0	0	0	0	0	232	440	11720	184	1468	442	6804	6820	0	2174	28582	0	0	130	226	124	564	0	0	468	2560	11848	1490	354	252	402	144	
489936	Cerebelum_6_L	836	0	0	0	0	0	0	134	0	0	0	0	0	0	0	0	306	0	0	0	0	0	0	0	0	0	0	0	228	0	0	0	0	0	1274	756	176	0	1650	0	0	0	798	0	0	0	17314	4622	0	0	316	0	364	556	38560	3346	644	0	0	0	704	0	264	0	126	0	1060	0	812	0	378	0	0	0	0	0	0	0	0	0	156	0	0	0	946	0	0	0	1210	0	62342	4976	7268	1736	3584	1082	28568	2174	0	9162	4016	0	7812	396	3534	1352	1794	0	360	1290	4052	14344	4330	496	1336	1428	
479856	Cerebelum_6_R	0	0	0	0	0	0	0	0	0	0	0	0	0	0	0	0	0	0	0	0	0	0	0	0	0	0	0	0	0	0	0	0	0	0	0	0	0	358	0	1028	0	0	0	316	0	184	5380	14010	0	236	0	0	0	2424	2694	37598	0	0	0	0	0	0	0	0	0	0	0	0	0	0	0	0	0	142	0	0	0	0	0	0	0	0	0	0	0	0	0	0	0	2092	6100	53106	2080	12408	512	6820	7210	28582	9162	0	232	858	1816	2584	856	3426	232	532	806	3004	10884	12676	5430	1648	2164	338	
282700	Cerebelum_7b_L	0	0	0	0	0	0	0	0	0	0	0	0	0	0	0	0	0	0	0	0	0	0	0	0	0	0	0	0	0	0	0	0	0	0	0	0	0	0	168	0	0	0	0	0	0	0	108	0	0	0	0	0	0	0	680	0	0	0	0	0	0	0	0	0	0	0	0	0	0	0	0	0	0	0	0	0	0	0	0	0	0	0	0	0	0	0	0	0	0	0	16540	842	42912	6692	222	0	1260	0	4016	232	0	6202	37256	6964	4638	416	1876	0	0	0	0	250	6644	3230	202	0	
181996	Cerebelum_7b_R	0	0	0	0	0	0	0	0	0	0	0	0	0	0	0	0	0	0	0	0	0	0	0	0	0	0	0	0	0	0	0	0	0	0	0	0	0	0	0	0	0	0	0	0	0	0	0	0	0	0	0	0	0	0	0	152	0	0	0	0	0	0	0	0	0	0	0	0	0	0	0	0	0	0	0	0	0	0	0	0	0	0	0	0	0	0	0	0	0	188	184	8376	8110	28242	0	0	0	0	0	858	6202	0	3366	24768	466	568	0	468	0	0	0	0	6542	2508	0	0	
385604	Cerebelum_8_L	0	0	0	0	0	0	0	0	0	0	0	0	0	0	0	0	0	0	0	0	0	0	0	0	0	0	0	0	0	0	0	0	0	0	0	0	0	0	130	0	0	0	0	0	0	0	478	500	0	0	0	0	0	0	774	396	0	0	0	0	0	0	0	0	0	0	0	0	0	0	0	0	0	0	0	0	0	0	0	0	0	0	0	0	0	0	0	0	0	0	23742	2730	38270	5172	1014	0	3448	130	7812	1816	37256	3366	0	8722	24358	4108	6456	118	0	0	0	1268	8886	8126	3454	272	
313240	Cerebelum_8_R	0	0	0	0	0	0	0	0	0	0	0	0	0	0	0	0	0	0	0	0	0	0	0	0	0	0	0	0	0	0	0	0	0	0	0	0	0	0	0	0	0	0	0	0	0	0	0	110	0	0	0	0	0	0	0	562	0	0	0	0	0	0	0	0	0	0	0	0	0	0	0	0	0	0	0	0	0	0	0	0	0	0	0	0	0	0	0	0	0	198	1162	19726	8546	38338	126	0	0	226	396	2584	6964	24768	8722	0	3704	17600	294	2186	0	0	0	420	11458	6414	1998	118	
160676	Cerebelum_9_L	0	0	0	0	0	0	0	0	0	0	0	0	0	0	0	0	0	0	0	0	0	0	0	0	0	0	0	0	0	0	0	0	0	0	0	0	0	0	0	0	0	0	0	0	0	0	280	0	0	0	0	0	0	0	162	0	0	0	0	0	0	0	0	0	0	0	0	0	0	0	0	0	0	0	0	0	0	0	0	0	0	0	0	0	0	0	0	0	0	0	5030	1236	5194	1592	1580	0	3736	124	3534	856	4638	466	24358	3704	0	3328	6656	0	0	0	520	530	4452	4284	3322	756	
154108	Cerebelum_9_R	0	0	0	0	0	0	0	0	0	0	0	0	0	0	0	0	0	0	0	0	0	0	0	0	0	0	0	0	0	0	0	0	0	0	0	0	0	0	0	0	0	0	0	0	0	0	474	0	0	0	0	0	0	0	0	414	0	0	0	0	0	0	0	0	0	0	0	0	0	0	0	0	0	0	0	0	0	0	0	0	0	0	0	0	0	0	0	0	0	104	1226	4134	1186	3570	0	1894	1418	564	1352	3426	416	568	4108	17600	3328	0	236	2682	448	2000	1260	3148	5914	6120	7308	2156	
49008	Cerebelum_10_L	0	0	0	0	0	0	0	0	0	0	0	0	0	0	0	0	0	0	0	0	0	0	0	0	0	0	0	0	0	0	0	0	0	0	0	0	0	0	0	0	0	0	0	0	0	0	0	138	0	0	0	0	0	0	196	124	0	0	0	0	0	0	0	0	0	0	0	0	0	0	0	0	0	0	0	0	0	0	0	0	0	0	0	0	0	0	0	0	0	0	2258	230	2266	148	0	0	826	0	1794	232	1876	0	6456	294	6656	236	0	0	0	0	0	190	444	140	0	0	
15400	Cerebelum_10_R	0	0	0	0	0	0	0	0	0	0	0	0	0	0	0	0	0	0	0	0	0	0	0	0	0	0	0	0	0	0	0	0	0	0	0	0	0	0	0	0	0	0	0	0	0	0	0	0	0	0	0	0	0	0	0	0	0	0	0	0	0	0	0	0	0	0	0	0	0	0	0	0	0	0	0	0	0	0	0	0	0	0	0	0	0	0	0	0	0	0	0	658	0	922	0	0	0	0	0	532	0	468	118	2186	0	2682	0	0	0	0	0	0	134	0	0	0	
22784	Vermis_1_2	0	0	0	0	0	0	0	0	0	0	0	0	0	0	0	0	0	0	0	0	0	0	0	0	0	0	0	0	0	0	0	0	0	0	0	0	0	0	0	0	0	0	0	0	0	0	174	0	0	0	0	0	0	0	0	0	0	0	0	0	0	0	0	0	0	0	0	0	0	0	0	0	0	0	0	0	0	0	0	0	0	0	0	0	0	0	0	0	0	0	162	164	116	0	850	812	1008	468	360	806	0	0	0	0	0	448	0	0	0	3350	1404	464	262	224	320	0	
64396	Vermis_3	0	0	0	0	0	0	0	0	0	0	0	0	0	0	0	0	0	0	0	0	0	0	0	0	0	0	0	0	0	0	0	0	0	0	0	0	0	0	0	0	0	0	0	0	0	0	600	336	0	0	0	0	0	0	0	208	0	0	0	0	0	0	0	0	0	0	0	0	0	0	0	0	0	0	0	0	0	0	0	0	0	0	0	0	0	0	0	0	0	0	676	628	452	286	1030	4456	2368	2560	1290	3004	0	0	0	0	0	2000	0	0	3350	0	3180	1960	868	658	1672	616	
166196	Vermis_4_5	0	0	0	0	0	0	0	0	0	0	0	0	0	0	0	0	0	0	0	0	0	0	0	0	0	0	0	0	0	0	0	0	0	200	0	2236	0	842	0	364	0	0	0	138	0	0	5034	6310	0	0	0	0	0	202	330	4262	0	0	0	0	0	0	0	0	0	0	0	2572	0	0	0	0	0	0	0	0	0	0	0	0	0	0	0	0	0	0	0	0	0	0	552	3954	198	864	1146	1500	11494	11848	4052	10884	0	0	0	0	520	1260	0	0	1404	3180	0	4458	190	0	988	2116	
213644	Vermis_6	0	0	0	0	0	0	0	0	0	0	0	0	0	0	0	0	0	0	0	0	0	0	0	0	0	0	0	0	0	0	0	0	0	0	0	0	0	0	0	0	0	0	0	0	0	0	7016	5716	0	0	0	0	0	896	5604	4404	0	0	0	0	0	0	0	0	0	0	0	0	0	0	0	0	0	0	0	0	0	0	0	0	0	0	0	0	0	0	0	0	0	0	10114	6914	3348	2496	138	1652	4796	1490	14344	12676	250	0	1268	420	530	3148	190	0	464	1960	4458	0	5366	1102	2932	3130	
