data	data	443548	156332	1.00346e+06	636092	150776	138968	494416	226964	75756	21476	348548	379812	332660	232764	205716	178464	312912	221608	702312	840108	110832	115208	404696	602432	28588	62840	111956	89348	595324	541176	528564	558352	158264	617216	92264	148308	178868	225976	47772	133128	24428	54308	219356	336360	196760	311340	239432	219280	212476	301272	489272	288000	160916	86316	175692	259904	254512	157080	130456	110796	287468	151292	117324	134928	228212	158292	245648	318536	174468	102868	347636	452120	314444	368576	82532	28868	106784	149152	75848	32748	312568	154172	74760	85588	251208	241548	8308	7952	196916	172564	241184	269408	157572	172640	10552	8352	110660	94600	221356	212844	107600	56160	147016	150984	56312	44188	27232	7552	4904	6804	59916	77072	115208	47112	40224	5880	
data	data	Precentral_L	Precentral_R	Frontal_Sup_L	Frontal_Sup_R	Frontal_Sup_Orb_L	Frontal_Sup_Orb_R	Frontal_Mid_L	Frontal_Mid_R	Frontal_Mid_Orb_L	Frontal_Mid_Orb_R	Frontal_Inf_Oper_L	Frontal_Inf_Oper_R	Frontal_Inf_Tri_L	Frontal_Inf_Tri_R	Frontal_Inf_Orb_L	Frontal_Inf_Orb_R	Rolandic_Oper_L	Rolandic_Oper_R	Supp_Motor_Area_L	Supp_Motor_Area_R	Olfactory_L	Olfactory_R	Frontal_Sup_Medial_L	Frontal_Sup_Medial_R	Frontal_Med_Orb_L	Frontal_Med_Orb_R	Rectus_L	Rectus_R	Insula_L	Insula_R	Cingulum_Ant_L	Cingulum_Ant_R	Cingulum_Mid_L	Cingulum_Mid_R	Cingulum_Post_L	Cingulum_Post_R	Hippocampus_L	Hippocampus_R	ParaHippocampal_L	ParaHippocampal_R	Amygdala_L	Amygdala_R	Calcarine_L	Calcarine_R	Cuneus_L	Cuneus_R	Lingual_L	Lingual_R	Occipital_Sup_L	Occipital_Sup_R	Occipital_Mid_L	Occipital_Mid_R	Occipital_Inf_L	Occipital_Inf_R	Fusiform_L	Fusiform_R	Postcentral_L	Postcentral_R	Parietal_Sup_L	Parietal_Sup_R	Parietal_Inf_L	Parietal_Inf_R	SupraMarginal_L	SupraMarginal_R	Angular_L	Angular_R	Precuneus_L	Precuneus_R	Paracentral_Lobule_L	Paracentral_Lobule_R	Caudate_L	Caudate_R	Putamen_L	Putamen_R	Pallidum_L	Pallidum_R	Thalamus_L	Thalamus_R	Heschl_L	Heschl_R	Temporal_Sup_L	Temporal_Sup_R	Temporal_Pole_Sup_L	Temporal_Pole_Sup_R	Temporal_Mid_L	Temporal_Mid_R	Temporal_Pole_Mid_L	Temporal_Pole_Mid_R	Temporal_Inf_L	Temporal_Inf_R	Cerebelum_Crus1_L	Cerebelum_Crus1_R	Cerebelum_Crus2_L	Cerebelum_Crus2_R	Cerebelum_3_L	Cerebelum_3_R	Cerebelum_4_5_L	Cerebelum_4_5_R	Cerebelum_6_L	Cerebelum_6_R	Cerebelum_7b_L	Cerebelum_7b_R	Cerebelum_8_L	Cerebelum_8_R	Cerebelum_9_L	Cerebelum_9_R	Cerebelum_10_L	Cerebelum_10_R	Vermis_1_2	Vermis_3	Vermis_4_5	Vermis_6	Vermis_7	Vermis_8	Vermis_9	Vermis_10	
443548	Precentral_L	0	1546	27686	1798	0	0	17038	812	0	0	17604	170	2250	0	0	282	12588	110	18678	10648	0	0	126	3206	0	0	0	0	10938	236	384	452	570	8464	2152	0	3046	210	234	0	0	0	0	0	0	328	0	0	424	0	2742	362	976	0	190	0	22722	0	0	0	2942	296	642	280	700	0	128	558	19836	0	2494	3120	4606	0	1098	0	5608	1418	2460	0	5064	0	134	0	802	0	0	0	616	0	0	0	0	0	0	0	0	0	0	0	0	0	0	0	0	0	0	0	0	0	0	0	0	0	0	0	
156332	Precentral_R	1546	0	1810	6456	0	0	0	11912	0	0	94	8954	0	376	0	0	144	4152	2618	5246	0	0	0	156	0	0	0	0	194	6054	0	0	554	228	0	0	0	1502	0	312	0	0	0	0	0	0	0	0	0	0	0	0	0	0	0	328	0	8342	0	232	0	1434	0	1830	0	324	0	0	0	1566	476	752	262	3960	0	278	0	3366	0	190	112	626	0	244	0	532	0	0	0	1004	0	0	0	0	0	0	0	0	0	0	0	0	0	0	0	0	0	0	0	0	0	0	0	0	0	0	
1.00346e+06	Frontal_Sup_L	27686	1810	0	3548	7388	0	77088	1022	2212	0	19974	4316	18592	2162	9486	1060	13198	200	92096	17430	100	0	45100	6630	272	0	260	0	23754	4564	30420	7648	10068	12094	0	0	2766	0	0	0	0	0	0	0	0	0	0	0	0	0	136	0	0	0	332	0	5272	0	0	0	0	142	0	144	0	0	0	0	2254	0	10398	5462	18892	524	3392	400	1328	996	1022	0	6576	0	1122	0	102	0	0	0	290	0	0	0	0	0	0	0	0	0	0	0	0	0	0	0	0	0	0	0	0	0	0	0	0	0	0	0	
636092	Frontal_Sup_R	1798	6456	3548	0	98	9140	702	23766	0	406	832	12272	364	4986	142	5964	490	11458	3346	46102	0	348	6186	40248	0	2774	0	360	1180	17024	5714	25600	304	18426	0	286	0	1678	0	698	0	0	0	0	0	0	0	0	0	0	0	0	0	0	0	550	0	1180	0	96	0	324	0	310	0	214	0	0	1084	0	3968	14166	664	21634	0	3686	0	11492	0	122	452	1978	142	2400	0	398	0	0	0	490	0	0	0	0	0	0	0	0	0	0	0	0	0	0	0	0	0	0	0	0	0	0	0	0	0	0	
150776	Frontal_Sup_Orb_L	0	0	7388	98	0	202	1614	0	9300	0	0	0	1620	0	13032	0	0	0	0	0	4068	1150	6492	180	2726	0	8612	248	4532	0	8996	564	0	138	0	0	0	0	0	0	0	0	0	0	0	0	0	0	0	0	0	0	0	0	0	0	0	0	0	0	0	0	0	0	0	0	0	0	0	0	2490	450	302	138	0	0	0	0	0	0	0	0	1048	0	0	0	0	0	0	0	0	0	0	0	0	0	0	0	0	0	0	0	0	0	0	0	0	0	0	0	0	0	0	0	0	0	
138968	Frontal_Sup_Orb_R	0	0	0	9140	202	0	0	2700	0	4386	0	0	0	0	0	7750	0	0	0	160	778	2890	250	5034	0	6086	724	8586	0	4162	422	3870	0	0	0	0	0	0	0	0	0	100	0	0	0	0	0	0	0	0	0	0	0	0	0	0	0	0	0	0	0	0	0	0	0	0	0	0	0	0	918	3784	210	5866	0	0	0	0	0	0	0	0	0	1466	0	0	0	0	0	0	0	0	0	0	0	0	0	0	0	0	0	0	0	0	0	0	0	0	0	0	0	0	0	0	0	0	
494416	Frontal_Mid_L	17038	0	77088	702	1614	0	0	0	2462	0	11216	258	34514	188	8254	0	5584	0	8500	5096	0	0	19204	6908	0	0	0	0	15342	322	10968	2428	2240	7052	0	0	750	0	0	0	0	0	0	0	0	0	0	0	0	0	184	0	94	0	120	0	3152	0	0	0	524	0	0	0	0	0	0	0	102	0	314	0	978	0	314	0	578	0	746	0	1852	0	234	0	94	0	0	0	194	0	0	0	0	0	0	0	0	0	0	0	0	0	0	0	0	0	0	0	0	0	0	0	0	0	0	0	
226964	Frontal_Mid_R	812	11912	1022	23766	0	2700	0	0	0	1040	0	10404	0	16766	0	3938	0	6352	1334	5336	0	0	286	6052	0	0	0	0	0	6314	344	2012	190	4104	0	0	0	414	0	198	0	0	0	0	0	0	0	0	0	0	0	0	0	0	0	192	0	976	0	114	0	296	0	216	0	176	0	0	0	0	262	1088	110	2328	0	646	0	518	0	118	0	558	0	272	0	158	0	0	0	158	0	0	0	0	0	0	0	0	0	0	0	0	0	0	0	0	0	0	0	0	0	0	0	0	0	0	
75756	Frontal_Mid_Orb_L	0	0	2212	0	9300	0	2462	0	0	0	0	0	2784	0	13536	0	0	0	0	0	348	172	1080	0	332	0	1702	0	1642	0	1380	0	0	0	0	0	0	0	0	0	0	0	0	0	0	0	0	0	0	0	0	0	0	0	0	0	0	0	0	0	0	0	0	0	0	0	0	0	0	0	340	0	0	0	0	0	0	0	0	0	0	0	588	0	0	0	0	0	0	0	0	0	0	0	0	0	0	0	0	0	0	0	0	0	0	0	0	0	0	0	0	0	0	0	0	0	
21476	Frontal_Mid_Orb_R	0	0	0	406	0	4386	0	1040	0	0	0	0	0	164	0	4334	0	0	0	0	0	0	0	0	0	0	0	0	0	134	0	0	0	0	0	0	0	0	0	0	0	0	0	0	0	0	0	0	0	0	0	0	0	0	0	0	0	0	0	0	0	0	0	0	0	0	0	0	0	0	0	98	0	176	0	0	0	0	0	0	0	0	0	0	0	0	0	0	0	0	0	0	0	0	0	0	0	0	0	0	0	0	0	0	0	0	0	0	0	0	0	0	0	0	0	0	
348548	Frontal_Inf_Oper_L	17604	94	19974	832	0	0	11216	0	0	0	0	2568	15432	1602	224	190	19660	0	14824	1612	0	0	3482	1342	0	0	0	0	23734	2554	8692	936	1120	1078	0	0	1504	0	0	0	0	0	0	0	0	0	0	0	0	0	0	0	0	0	0	0	2922	0	0	0	0	0	158	0	0	0	0	0	0	0	4058	546	1062	184	0	0	0	0	758	0	11676	0	2636	0	0	0	0	0	0	0	0	0	0	0	0	0	0	0	0	0	0	0	0	0	0	0	0	0	0	0	0	0	0	0	0	0	
379812	Frontal_Inf_Oper_R	170	8954	4316	12272	0	0	258	10404	0	0	2568	0	1240	14584	0	1034	244	18388	4822	16158	0	186	206	9692	0	0	0	180	2150	32564	1614	5050	114	8532	0	0	0	1184	0	764	0	0	0	0	0	0	0	0	0	0	0	0	0	0	0	536	0	748	0	0	0	0	0	0	0	0	0	0	0	0	7478	9708	3688	4106	0	0	0	666	0	334	198	2304	0	2492	0	0	0	0	0	0	0	0	0	0	0	0	0	0	0	0	0	0	0	0	0	0	0	0	0	0	0	0	0	0	0	0	
332660	Frontal_Inf_Tri_L	2250	0	18592	364	1620	0	34514	0	2784	0	15432	1240	0	806	17942	94	1488	0	5174	386	0	0	5214	678	0	0	0	0	29866	1250	19096	1206	928	470	0	0	0	0	0	0	0	0	0	0	0	0	0	0	0	0	0	0	0	0	0	0	858	0	0	0	0	0	0	0	0	0	0	0	0	0	1384	384	676	0	0	0	0	0	0	0	438	0	1196	0	0	0	0	0	0	0	0	0	0	0	0	0	0	0	0	0	0	0	0	0	0	0	0	0	0	0	0	0	0	0	0	0	
232764	Frontal_Inf_Tri_R	0	376	2162	4986	0	0	188	16766	0	164	1602	14584	806	0	0	6926	116	518	2358	5426	0	464	846	6996	0	0	0	444	1280	19726	2246	9222	130	6428	0	0	0	0	0	0	0	0	0	0	0	0	0	0	0	0	0	0	0	0	0	0	0	0	0	0	0	0	0	0	0	0	0	0	0	0	3190	4722	1682	1902	0	0	0	0	0	0	0	0	0	126	0	0	0	0	0	0	0	0	0	0	0	0	0	0	0	0	0	0	0	0	0	0	0	0	0	0	0	0	0	0	0	0	
205716	Frontal_Inf_Orb_L	0	0	9486	142	13032	0	8254	0	13536	0	224	0	17942	0	0	0	0	0	480	0	2126	378	2722	266	264	0	2358	0	16640	0	8566	614	136	242	0	0	202	0	132	0	182	0	0	0	0	0	0	0	0	0	0	0	0	0	0	0	0	0	0	0	0	0	0	0	0	0	0	0	0	0	1192	0	742	0	0	0	0	0	0	0	0	0	3000	0	0	0	0	0	0	0	0	0	0	0	0	0	0	0	0	0	0	0	0	0	0	0	0	0	0	0	0	0	0	0	0	0	
178464	Frontal_Inf_Orb_R	282	0	1060	5964	0	7750	0	3938	0	4334	190	1034	94	6926	0	0	0	0	1562	2694	0	1694	428	5730	0	256	0	2744	196	12926	502	8236	0	2180	0	0	0	100	0	0	0	126	0	0	0	0	0	0	0	0	0	0	0	0	0	0	0	0	0	0	0	0	0	0	0	0	0	0	0	0	1354	8062	358	5098	0	0	174	0	0	0	0	0	0	3240	0	0	0	0	0	0	0	0	0	0	0	0	0	0	0	0	0	0	0	0	0	0	0	0	0	0	0	0	0	0	0	0	
312912	Rolandic_Oper_L	12588	144	13198	490	0	0	5584	0	0	0	19660	244	1488	116	0	0	0	0	11088	1296	0	0	1006	514	0	0	0	0	23382	240	1064	152	194	482	0	0	2052	0	0	0	0	0	0	0	0	0	0	0	0	0	2912	0	1164	0	210	0	10158	0	480	0	900	0	1722	0	932	0	468	0	246	0	2924	290	1162	154	634	0	4632	0	5204	0	20196	0	1308	0	2654	0	0	0	3124	0	0	0	0	0	0	0	0	0	0	0	0	0	0	0	0	0	0	0	0	0	0	0	0	0	0	0	
221608	Rolandic_Oper_R	110	4152	200	11458	0	0	0	6352	0	0	0	18388	0	518	0	0	0	0	338	10378	0	0	0	3788	0	0	0	0	108	17924	0	118	0	3096	0	0	0	1332	0	464	0	0	0	0	0	0	0	0	0	0	0	0	0	0	0	430	0	4108	0	0	0	304	0	4956	0	504	0	0	0	0	470	2476	116	3992	0	0	0	876	0	2158	0	7644	0	3488	0	328	0	0	0	230	0	0	0	0	0	0	0	0	0	0	0	0	0	0	0	0	0	0	0	0	0	0	0	0	0	0	
702312	Supp_Motor_Area_L	18678	2618	92096	3346	0	0	8500	1334	0	0	14824	4822	5174	2358	480	1562	11088	338	0	35208	0	0	7746	3438	0	0	0	0	17792	5056	13784	5046	12688	18304	102	0	2208	0	0	0	0	0	0	0	0	0	0	0	0	0	0	0	0	0	204	0	3264	0	0	0	0	152	0	152	0	0	0	0	4654	0	13626	7484	19090	594	3180	410	800	950	634	0	6308	0	922	0	0	0	0	0	142	0	0	0	0	0	0	0	0	0	0	0	0	0	0	0	0	0	0	0	0	0	0	0	0	0	0	0	
840108	Supp_Motor_Area_R	10648	5246	17430	46102	0	160	5096	5336	0	0	1612	16158	386	5426	0	2694	1296	10378	35208	0	0	0	1612	34522	0	0	0	0	2364	14448	2332	11016	5232	61648	456	2372	152	2470	0	690	0	116	0	654	0	0	0	0	0	0	0	198	0	0	0	382	1424	3564	0	108	662	882	0	790	0	458	252	272	7040	7906	11948	30384	1526	10970	100	2312	0	26796	0	220	1104	1974	216	1722	0	1770	0	0	0	1814	0	0	0	0	0	0	0	0	0	0	0	0	0	0	0	0	0	0	0	0	0	0	0	0	0	0	
110832	Olfactory_L	0	0	100	0	4068	778	0	0	348	0	0	0	0	0	2126	0	0	0	0	0	0	7098	686	0	440	312	8098	2276	3754	0	4136	2344	0	0	0	0	1188	0	650	0	762	0	0	0	0	0	0	0	0	0	0	0	0	0	0	0	0	0	0	0	0	0	0	0	0	0	0	0	0	0	9040	3828	1812	950	0	0	0	0	0	0	0	0	622	0	0	0	0	0	0	0	0	0	0	0	0	0	0	0	0	0	0	0	0	0	0	0	0	0	0	0	0	0	0	0	0	0	
115208	Olfactory_R	0	0	0	348	1150	2890	0	0	172	0	0	186	0	464	378	1694	0	0	0	0	7098	0	410	292	122	890	6024	6174	0	3098	2528	3890	0	0	0	0	0	358	0	164	0	944	0	0	0	0	0	0	0	0	0	0	0	0	0	0	0	0	0	0	0	0	0	0	0	0	0	0	0	0	7680	5644	1910	2266	0	0	0	0	0	0	0	0	0	830	0	0	0	0	0	0	0	0	0	0	0	0	0	0	0	0	0	0	0	0	0	0	0	0	0	0	0	0	0	0	0	0	
404696	Frontal_Sup_Medial_L	126	0	45100	6186	6492	250	19204	286	1080	0	3482	206	5214	846	2722	428	1006	0	7746	1612	686	410	0	20026	1680	300	1876	0	4598	1192	29828	17236	5916	12592	0	0	0	0	0	0	0	0	0	0	0	0	0	0	0	0	0	0	0	0	0	0	0	0	0	0	0	0	0	0	0	0	0	0	0	0	956	1018	396	692	0	0	0	0	0	0	718	0	242	0	0	0	0	0	0	0	0	0	0	0	0	0	0	0	0	0	0	0	0	0	0	0	0	0	0	0	0	0	0	0	0	0	
602432	Frontal_Sup_Medial_R	3206	156	6630	40248	180	5034	6908	6052	0	0	1342	9692	678	6996	266	5730	514	3788	3438	34522	0	292	20026	0	358	4740	0	298	1756	10668	10446	43752	884	43730	0	0	0	586	0	394	0	0	0	0	0	0	0	0	0	0	0	0	0	0	0	198	1314	0	0	0	662	0	0	0	0	0	0	0	0	0	3984	11316	490	7870	0	0	124	122	0	0	344	352	244	886	0	0	0	0	0	0	0	0	0	0	0	0	0	0	0	0	0	0	0	0	0	0	0	0	0	0	0	0	0	0	0	0	
28588	Frontal_Med_Orb_L	0	0	272	0	2726	0	0	0	332	0	0	0	0	0	264	0	0	0	0	0	440	122	1680	358	0	570	2186	96	0	0	3676	374	0	0	0	0	0	0	0	0	0	0	0	0	0	0	0	0	0	0	0	0	0	0	0	0	0	0	0	0	0	0	0	0	0	0	0	0	0	0	1024	0	174	0	0	0	0	0	0	0	0	0	0	0	0	0	0	0	0	0	0	0	0	0	0	0	0	0	0	0	0	0	0	0	0	0	0	0	0	0	0	0	0	0	0	0	
62840	Frontal_Med_Orb_R	0	0	0	2774	0	6086	0	0	0	0	0	0	0	0	0	256	0	0	0	0	312	890	300	4740	570	0	308	4680	0	280	1150	4622	0	0	0	0	0	0	0	0	0	0	0	0	0	0	0	0	0	0	0	0	0	0	0	0	0	0	0	0	0	0	0	0	0	0	0	0	0	0	306	1472	0	2574	0	0	0	0	0	0	0	0	0	100	0	0	0	0	0	0	0	0	0	0	0	0	0	0	0	0	0	0	0	0	0	0	0	0	0	0	0	0	0	0	0	0	
111956	Rectus_L	0	0	260	0	8612	724	0	0	1702	0	0	0	0	0	2358	0	0	0	0	0	8098	6024	1876	0	2186	308	0	2216	550	0	6080	2336	0	0	0	0	0	0	0	0	0	0	0	0	0	0	0	0	0	0	0	0	0	0	0	0	0	0	0	0	0	0	0	0	0	0	0	0	0	0	7554	3278	812	1004	0	0	0	0	0	0	0	0	0	0	0	0	0	0	0	0	0	0	0	0	0	0	0	0	0	0	0	0	0	0	0	0	0	0	0	0	0	0	0	0	0	0	
89348	Rectus_R	0	0	0	360	248	8586	0	0	0	0	0	180	0	444	0	2744	0	0	0	0	2276	6174	0	298	96	4680	2216	0	0	2332	1014	3536	0	0	0	0	0	0	0	0	0	118	0	0	0	0	0	0	0	0	0	0	0	0	0	0	0	0	0	0	0	0	0	0	0	0	0	0	0	0	1988	3278	218	2766	0	0	0	0	0	0	0	0	0	1122	0	0	0	0	0	0	0	0	0	0	0	0	0	0	0	0	0	0	0	0	0	0	0	0	0	0	0	0	0	0	0	0	
595324	Insula_L	10938	194	23754	1180	4532	0	15342	0	1642	0	23734	2150	29866	1280	16640	196	23382	108	17792	2364	3754	0	4598	1756	0	0	550	0	0	2154	20966	1490	466	1270	0	0	15458	106	562	0	1724	0	0	0	0	0	0	0	0	0	788	0	482	0	2560	0	2418	0	0	0	138	0	790	0	0	0	0	0	0	0	5290	824	16810	256	420	0	4094	114	5754	0	15632	0	5794	0	1824	0	0	0	3726	0	0	0	0	0	0	0	0	0	0	0	0	0	0	0	0	0	0	0	0	0	0	0	0	0	0	0	
541176	Insula_R	236	6054	4564	17024	0	4162	322	6314	0	134	2554	32564	1250	19726	0	12926	240	17924	5056	14448	0	3098	1192	10668	0	280	0	2332	2154	0	2256	14044	214	6414	0	0	0	6302	0	2884	0	1260	0	0	0	0	0	0	0	0	0	0	0	0	0	2412	0	0	0	128	0	380	0	230	0	518	0	0	0	0	7676	13034	3724	21752	0	0	0	1462	0	2474	186	7016	0	5756	0	3062	0	0	0	2182	0	0	0	0	0	0	0	0	0	0	0	0	0	0	0	0	0	0	0	0	0	0	0	0	0	0	
528564	Cingulum_Ant_L	384	0	30420	5714	8996	422	10968	344	1380	0	8692	1614	19096	2246	8566	502	1064	0	13784	2332	4136	2528	29828	10446	3676	1150	6080	1014	20966	2256	0	23828	11848	7112	0	0	0	0	0	0	0	0	0	0	0	0	0	0	0	0	0	0	0	0	0	0	198	0	0	0	0	0	0	0	0	0	0	0	0	0	6596	4420	7754	2134	0	0	0	0	0	0	564	0	1224	0	0	0	0	0	0	0	0	0	0	0	0	0	0	0	0	0	0	0	0	0	0	0	0	0	0	0	0	0	0	0	0	0	
558352	Cingulum_Ant_R	452	0	7648	25600	564	3870	2428	2012	0	0	936	5050	1206	9222	614	8236	152	118	5046	11016	2344	3890	17236	43752	374	4622	2336	3536	1490	14044	23828	0	2120	24906	0	0	0	330	0	118	0	0	0	0	0	0	0	0	0	0	0	0	0	0	0	0	134	0	0	0	0	0	0	0	0	0	0	0	0	0	5436	25508	2444	15396	122	0	260	258	0	0	96	0	130	296	0	0	0	0	0	0	0	0	0	0	0	0	0	0	0	0	0	0	0	0	0	0	0	0	0	0	0	0	0	0	0	0	
158264	Cingulum_Mid_L	570	554	10068	304	0	0	2240	190	0	0	1120	114	928	130	136	0	194	0	12688	5232	0	0	5916	884	0	0	0	0	466	214	11848	2120	0	9610	628	594	0	0	0	0	0	0	308	0	572	0	0	0	1360	0	2026	0	0	0	0	0	428	0	152	0	126	0	98	0	0	0	3226	404	2584	0	146	468	0	0	0	0	0	0	0	0	218	0	0	0	0	0	0	0	268	0	0	0	0	0	0	0	0	0	0	0	0	0	0	0	0	0	0	0	0	0	0	0	0	0	0	0	
617216	Cingulum_Mid_R	8464	228	12094	18426	138	0	7052	4104	0	0	1078	8532	470	6428	242	2180	482	3096	18304	61648	0	0	12592	43730	0	0	0	0	1270	6414	7112	24906	9610	0	1132	6160	0	454	0	316	0	0	0	818	0	1572	0	768	0	748	0	1214	0	0	0	158	1360	284	0	0	658	0	0	0	0	0	1586	6954	6226	6288	7642	1840	356	840	0	0	0	0	0	0	336	500	134	516	0	478	0	0	0	368	0	0	0	0	0	0	0	98	0	0	0	0	0	0	0	0	0	0	0	0	204	0	0	0	0	0	
92264	Cingulum_Post_L	2152	0	0	0	0	0	0	0	0	0	0	0	0	0	0	0	0	0	102	456	0	0	0	0	0	0	0	0	0	0	0	0	628	1132	0	11894	2516	2344	1302	0	0	0	1994	548	362	124	1548	456	204	0	1266	160	864	0	0	0	460	244	0	0	130	0	0	0	256	0	4502	2664	4486	1068	0	0	0	0	0	0	0	312	0	0	0	0	0	0	198	654	0	0	274	394	0	0	0	0	0	0	0	178	0	0	0	0	0	0	0	0	0	0	0	0	260	0	0	0	0	0	
148308	Cingulum_Post_R	0	0	0	286	0	0	0	0	0	0	0	0	0	0	0	0	0	0	0	2372	0	0	0	0	0	0	0	0	0	0	0	0	594	6160	11894	0	2554	2508	1156	136	0	0	0	4560	0	1524	148	6876	0	258	0	990	0	0	0	102	0	992	0	0	0	0	0	0	0	620	3292	15102	166	4184	0	0	0	0	0	0	0	616	0	0	0	0	0	0	0	2744	0	0	0	1000	0	0	0	0	0	0	0	1378	0	0	0	0	0	0	0	0	0	0	0	0	1942	0	0	0	0	0	
178868	Hippocampus_L	3046	0	2766	0	0	0	750	0	0	0	1504	0	0	0	202	0	2052	0	2208	152	1188	0	0	0	0	0	0	0	15458	0	0	0	0	0	2516	2554	0	2348	6094	0	5122	0	124	0	0	0	472	306	0	0	0	0	0	0	7150	0	372	0	0	0	0	0	0	0	0	0	662	928	0	0	514	230	9266	0	2040	0	4102	924	1790	0	1870	0	2052	0	720	0	0	0	7358	0	0	0	0	0	0	0	0	170	100	0	0	0	0	0	0	0	0	0	0	156	168	0	0	0	0	0	
225976	Hippocampus_R	210	1502	0	1678	0	0	0	414	0	0	0	1184	0	0	0	100	0	1332	0	2470	0	358	0	586	0	0	0	0	106	6302	0	330	0	454	2344	2508	2348	0	1166	20548	0	11114	0	156	0	0	0	1220	0	0	0	0	0	0	0	20190	0	0	0	0	0	0	0	0	0	0	160	1320	374	0	426	810	0	13870	0	398	182	2380	0	314	0	1964	0	696	0	1834	0	0	0	9392	0	0	0	0	0	0	0	126	0	0	0	0	0	0	0	0	0	0	0	0	122	0	0	0	0	0	
47772	ParaHippocampal_L	234	0	0	0	0	0	0	0	0	0	0	0	0	0	132	0	0	0	0	0	650	0	0	0	0	0	0	0	562	0	0	0	0	0	1302	1156	6094	1166	0	0	806	0	458	0	0	0	2458	150	0	0	222	0	1196	0	2160	0	0	0	0	0	0	0	0	0	0	0	1180	664	0	0	0	0	546	0	0	0	496	710	0	0	0	0	168	0	0	0	174	0	846	0	0	0	0	0	114	0	134	0	0	0	0	0	0	0	0	0	0	0	0	108	0	0	0	0	0	0	
133128	ParaHippocampal_R	0	312	0	698	0	0	0	198	0	0	0	764	0	0	0	0	0	464	0	690	0	164	0	394	0	0	0	0	0	2884	0	118	0	316	0	136	0	20548	0	0	0	4692	0	380	0	0	0	2562	0	0	0	0	0	0	0	16414	0	0	0	0	0	0	0	0	0	0	0	1536	0	0	98	584	0	7308	0	366	0	186	0	0	0	436	0	310	0	274	0	0	0	3028	0	0	0	0	0	0	0	578	0	0	0	0	0	0	0	0	0	0	0	0	126	0	0	0	0	0	
24428	Amygdala_L	0	0	0	0	0	0	0	0	0	0	0	0	0	0	182	0	0	0	0	0	762	0	0	0	0	0	0	0	1724	0	0	0	0	0	0	0	5122	0	806	0	0	0	0	0	0	0	0	0	0	0	0	0	0	0	1738	0	0	0	0	0	0	0	0	0	0	0	0	0	0	0	0	0	502	0	0	0	0	0	0	0	0	0	244	0	0	0	0	0	1134	0	0	0	0	0	0	0	0	0	0	0	0	0	0	0	0	0	0	0	0	0	0	0	0	0	0	0	
54308	Amygdala_R	0	0	0	0	0	100	0	0	0	0	0	0	0	0	0	126	0	0	0	116	0	944	0	0	0	0	0	118	0	1260	0	0	0	0	0	0	0	11114	0	4692	0	0	0	0	0	0	0	0	0	0	0	0	0	0	0	4758	0	0	0	0	0	0	0	0	0	0	0	0	0	0	0	118	0	1988	0	0	0	94	0	0	0	0	0	1190	0	118	0	0	0	418	0	0	0	0	0	0	0	0	0	0	0	0	0	0	0	0	0	0	0	0	0	0	0	0	0	0	
219356	Calcarine_L	0	0	0	0	0	0	0	0	0	0	0	0	0	0	0	0	0	0	0	0	0	0	0	0	0	0	0	0	0	0	0	0	308	0	1994	0	124	0	458	0	0	0	0	7160	17956	4718	13102	2200	10976	2056	19108	1058	6214	138	1154	0	0	0	1300	0	544	0	0	0	218	0	15172	394	2272	0	0	0	0	0	0	0	0	0	0	0	0	0	0	0	1054	0	0	0	0	0	0	0	0	0	0	0	0	0	0	0	0	0	0	0	0	0	0	0	0	0	0	0	0	0	0	0	
336360	Calcarine_R	0	0	0	0	0	0	0	0	0	0	0	0	0	0	0	0	0	0	0	654	0	0	0	0	0	0	0	0	0	0	0	0	0	818	548	4560	0	156	0	380	0	0	7160	0	10656	29064	3284	24198	172	21850	260	16784	96	9254	0	5612	0	354	0	0	0	0	0	0	0	224	504	15550	0	744	0	0	0	0	0	0	0	292	0	0	0	0	0	0	0	10388	0	0	0	3692	0	0	0	0	0	0	0	234	0	0	0	0	0	0	0	0	0	0	0	0	692	0	0	0	0	0	
196760	Cuneus_L	0	0	0	0	0	0	0	0	0	0	0	0	0	0	0	0	0	0	0	0	0	0	0	0	0	0	0	0	0	0	0	0	572	0	362	0	0	0	0	0	0	0	17956	10656	0	12198	2278	1128	20630	3630	12392	464	988	96	112	0	0	0	1736	0	476	0	0	0	0	0	9876	722	1768	0	0	0	0	0	0	0	0	0	0	0	0	0	0	0	226	0	0	0	0	0	0	0	0	0	0	0	0	0	0	0	0	0	0	0	0	0	0	0	0	0	114	0	0	0	0	0	
311340	Cuneus_R	328	0	0	0	0	0	0	0	0	0	0	0	0	0	0	0	0	0	0	0	0	0	0	0	0	0	0	0	0	0	0	0	0	1572	124	1524	0	0	0	0	0	0	4718	29064	12198	0	564	5304	188	40268	0	19670	0	2384	0	308	0	3096	100	4410	0	0	0	0	0	504	2046	21626	358	3722	0	0	0	0	0	0	0	0	0	0	0	0	0	0	0	876	0	0	0	304	0	0	0	0	0	0	0	0	0	0	0	0	0	0	0	0	0	0	0	0	414	0	0	0	0	0	
239432	Lingual_L	0	0	0	0	0	0	0	0	0	0	0	0	0	0	0	0	0	0	0	0	0	0	0	0	0	0	0	0	0	0	0	0	0	0	1548	148	472	0	2458	0	0	0	13102	3284	2278	564	0	3334	3140	948	21984	766	14094	178	14608	274	0	0	186	0	94	0	0	0	168	0	7812	158	376	0	0	0	0	0	0	0	0	0	0	0	0	0	0	0	486	0	0	0	260	0	5818	198	262	0	0	0	5738	492	10318	604	0	0	0	0	0	0	0	0	0	0	1542	1658	366	0	0	0	
219280	Lingual_R	0	0	0	0	0	0	0	0	0	0	0	0	0	0	0	0	0	0	0	0	0	0	0	0	0	0	0	0	0	0	0	0	0	768	456	6876	306	1220	150	2562	0	0	2200	24198	1128	5304	3334	0	0	6754	0	5896	0	5714	0	16276	0	230	0	0	0	0	0	0	0	222	182	12528	0	528	0	0	0	0	0	0	0	250	0	0	0	0	0	0	0	1566	0	0	0	1446	0	1004	0	0	0	0	0	3014	180	2878	0	0	0	0	0	0	0	0	0	0	2204	266	0	0	0	0	
212476	Occipital_Sup_L	424	0	0	0	0	0	0	0	0	0	0	0	0	0	0	0	0	0	0	0	0	0	0	0	0	0	0	0	0	0	0	0	1360	0	204	0	0	0	0	0	0	0	10976	172	20630	188	3140	0	0	0	34040	0	2766	0	166	0	152	0	7682	0	6544	0	0	0	5206	0	8486	264	1192	0	0	0	0	0	0	0	0	0	250	0	406	0	0	0	1484	0	0	0	506	0	0	0	0	0	0	0	0	0	0	0	0	0	0	0	0	0	0	0	0	0	0	0	0	0	0	0	
301272	Occipital_Sup_R	0	0	0	0	0	0	0	0	0	0	0	0	0	0	0	0	0	0	0	0	0	0	0	0	0	0	0	0	0	0	0	0	0	748	0	258	0	0	0	0	0	0	2056	21850	3630	40268	948	6754	0	0	0	30758	0	4848	0	500	0	3512	0	7702	0	454	0	0	0	4500	1046	16790	112	3370	0	0	0	0	0	0	0	0	0	0	0	0	0	0	0	394	0	0	0	138	0	0	0	0	0	0	0	0	0	0	0	0	0	0	0	0	0	0	0	0	0	0	0	0	0	0	
489272	Occipital_Mid_L	2742	0	136	0	0	0	184	0	0	0	0	0	0	0	0	0	2912	0	0	0	0	0	0	0	0	0	0	0	788	0	0	0	2026	0	1266	0	0	0	222	0	0	0	19108	260	12392	0	21984	0	34040	0	0	0	27988	0	5704	0	2560	0	10820	0	16410	0	1328	0	28578	0	14396	0	6264	0	0	0	126	0	122	0	0	0	1536	0	4750	0	0	0	17212	0	0	0	8676	0	0	0	0	0	0	0	0	0	106	0	0	0	0	0	0	0	0	0	0	0	0	0	0	0	0	0	
288000	Occipital_Mid_R	362	0	0	0	0	0	0	0	0	0	0	0	0	0	0	0	0	0	0	198	0	0	0	0	0	0	0	0	0	0	0	0	0	1214	160	990	0	0	0	0	0	0	1058	16784	464	19670	766	5896	0	30758	0	0	0	9216	0	846	0	4644	0	3118	0	502	0	0	0	10506	774	14736	390	3748	0	0	0	0	0	0	0	112	0	0	0	0	0	0	0	15500	0	0	0	1494	0	0	0	0	0	0	0	0	0	0	0	0	0	0	0	0	0	0	0	0	94	0	0	0	0	0	
160916	Occipital_Inf_L	976	0	0	0	0	0	94	0	0	0	0	0	0	0	0	0	1164	0	0	0	0	0	0	0	0	0	0	0	482	0	0	0	0	0	864	0	0	0	1196	0	0	0	6214	96	988	0	14094	0	2766	0	27988	0	0	0	7808	0	254	0	252	0	750	0	0	0	1272	0	2920	0	760	0	0	0	114	0	108	0	0	0	634	0	1344	0	0	0	2684	0	0	0	4636	0	0	0	0	0	0	0	0	0	0	0	0	0	0	0	0	0	0	0	0	0	0	0	0	0	0	0	
86316	Occipital_Inf_R	0	0	0	0	0	0	0	0	0	0	0	0	0	0	0	0	0	0	0	0	0	0	0	0	0	0	0	0	0	0	0	0	0	0	0	0	0	0	0	0	0	0	138	9254	96	2384	178	5714	0	4848	0	9216	0	0	0	5928	0	0	0	0	0	0	0	0	0	0	0	536	0	0	0	0	0	0	0	0	0	0	0	0	0	0	0	0	0	1410	0	0	0	3296	0	0	0	0	0	0	0	0	0	160	0	0	0	0	0	0	0	0	0	0	0	0	0	0	0	0	
175692	Fusiform_L	190	0	332	0	0	0	120	0	0	0	0	0	0	0	0	0	210	0	204	0	0	0	0	0	0	0	0	0	2560	0	0	0	0	0	0	0	7150	0	2160	0	1738	0	1154	0	112	0	14608	0	166	0	5704	0	7808	0	0	0	0	0	0	0	0	0	0	0	110	0	806	0	0	0	0	0	636	0	0	0	0	0	406	0	1246	0	702	0	658	0	246	0	9368	0	9936	0	248	0	0	0	4394	0	12904	0	0	0	0	0	0	0	0	0	0	0	726	980	264	0	0	0	
259904	Fusiform_R	0	328	0	550	0	0	0	192	0	0	0	536	0	0	0	0	0	430	0	382	0	0	0	198	0	0	0	0	0	2412	0	0	0	158	0	102	0	20190	0	16414	0	4758	0	5612	0	308	274	16276	0	500	0	846	0	5928	0	0	0	0	0	0	0	0	0	0	0	0	0	3542	0	0	108	376	0	6394	0	224	0	0	0	0	0	1056	0	1524	0	1496	0	452	0	10868	490	8894	0	0	0	0	0	4260	950	11364	0	0	0	0	0	0	0	0	0	0	176	1278	106	0	0	0	
254512	Postcentral_L	22722	0	5272	0	0	0	3152	0	0	0	2922	0	858	0	0	0	10158	0	3264	1424	0	0	0	1314	0	0	0	0	2418	0	198	134	428	1360	460	0	372	0	0	0	0	0	0	0	0	0	0	0	152	0	2560	0	254	0	0	0	0	0	4746	0	25154	0	14790	0	3848	0	2726	0	6810	0	948	304	1018	0	394	0	1594	0	1676	0	3008	0	0	0	614	0	0	0	204	0	0	0	0	0	0	0	0	0	0	0	0	0	0	0	0	0	0	0	0	0	0	0	0	0	0	0	
157080	Postcentral_R	0	8342	0	1180	0	0	0	976	0	0	0	748	0	0	0	0	0	4108	0	3564	0	0	0	0	0	0	0	0	0	0	0	0	0	284	244	992	0	0	0	0	0	0	0	354	0	3096	0	230	0	3512	0	4644	0	0	0	0	0	0	0	5702	0	10062	0	12606	0	2094	0	4966	0	8222	308	0	0	0	0	0	0	154	0	120	0	386	0	0	0	480	0	0	0	1166	0	0	0	0	0	0	0	0	0	0	0	0	0	0	0	0	0	0	0	0	0	0	0	0	0	0	
130456	Parietal_Sup_L	0	0	0	0	0	0	0	0	0	0	0	0	0	0	0	0	480	0	0	0	0	0	0	0	0	0	0	0	0	0	0	0	152	0	0	0	0	0	0	0	0	0	1300	0	1736	100	186	0	7682	0	10820	0	252	0	0	0	4746	0	0	0	13568	0	710	0	7660	0	11702	322	1658	0	0	0	0	0	0	0	0	0	0	0	500	0	0	0	782	0	0	0	872	0	0	0	0	0	0	0	0	0	0	0	0	0	0	0	0	0	0	0	0	0	0	0	0	0	0	0	
110796	Parietal_Sup_R	0	232	0	96	0	0	0	114	0	0	0	0	0	0	0	0	0	0	0	108	0	0	0	0	0	0	0	0	0	128	0	0	0	0	0	0	0	0	0	0	0	0	0	0	0	4410	0	0	0	7702	0	3118	0	0	0	0	0	5702	0	0	0	10666	0	3748	0	8170	504	8688	0	492	0	0	0	0	0	0	0	0	0	0	0	388	0	0	0	518	0	0	0	614	0	0	0	0	0	0	0	0	0	0	0	0	0	0	0	0	0	0	0	0	0	0	0	0	0	0	
287468	Parietal_Inf_L	2942	0	0	0	0	0	524	0	0	0	0	0	0	0	0	0	900	0	0	662	0	0	0	662	0	0	0	0	138	0	0	0	126	658	130	0	0	0	0	0	0	0	544	0	476	0	94	0	6544	0	16410	0	750	0	0	0	25154	0	13568	0	0	0	17512	0	29118	0	5926	0	3308	0	0	0	106	0	0	0	0	0	220	0	3928	0	0	0	9768	0	0	0	3566	0	0	0	0	0	0	0	0	0	0	0	0	0	0	0	0	0	0	0	0	0	0	0	0	0	0	0	
151292	Parietal_Inf_R	296	1434	142	324	0	0	0	296	0	0	0	0	0	0	0	0	0	304	152	882	0	0	0	0	0	0	0	0	0	380	0	0	0	0	0	0	0	0	0	0	0	0	0	0	0	0	0	0	0	454	0	502	0	0	0	0	0	10062	0	10666	0	0	0	21110	0	18842	0	102	0	232	180	152	0	0	0	0	0	0	0	294	0	1770	0	0	0	4888	0	0	0	2182	0	0	0	0	0	0	0	0	0	0	0	0	0	0	0	0	0	0	0	0	0	0	0	0	0	0	
117324	SupraMarginal_L	642	0	0	0	0	0	0	0	0	0	158	0	0	0	0	0	1722	0	0	0	0	0	0	0	0	0	0	0	790	0	0	0	98	0	0	0	0	0	0	0	0	0	0	0	0	0	0	0	0	0	1328	0	0	0	0	0	14790	0	710	0	17512	0	0	0	5598	0	680	0	420	0	0	0	0	0	0	0	0	0	0	0	7674	0	0	0	5796	0	0	0	744	0	0	0	0	0	0	0	0	0	0	0	0	0	0	0	0	0	0	0	0	0	0	0	0	0	0	0	
134928	SupraMarginal_R	280	1830	144	310	0	0	0	216	0	0	0	0	0	0	0	0	0	4956	152	790	0	0	0	0	0	0	0	0	0	230	0	0	0	0	0	0	0	0	0	0	0	0	0	0	0	0	0	0	0	0	0	0	0	0	0	0	0	12606	0	3748	0	21110	0	0	0	11106	0	0	0	0	122	146	0	0	0	0	0	0	0	228	0	4638	0	0	0	3792	0	0	0	1060	0	0	0	0	0	0	0	0	0	0	0	0	0	0	0	0	0	0	0	0	0	0	0	0	0	0	
228212	Angular_L	700	0	0	0	0	0	0	0	0	0	0	0	0	0	0	0	932	0	0	0	0	0	0	0	0	0	0	0	0	0	0	0	0	0	256	0	0	0	0	0	0	0	218	0	0	0	168	0	5206	0	28578	0	1272	0	110	0	3848	0	7660	0	29118	0	5598	0	0	0	3562	0	2726	0	0	0	0	0	0	0	0	0	448	0	4914	0	0	0	14246	0	0	0	4546	0	0	0	0	0	0	0	0	0	0	0	0	0	0	0	0	0	0	0	0	0	0	0	0	0	0	0	
158292	Angular_R	0	324	0	214	0	0	0	176	0	0	0	0	0	0	0	0	0	504	0	458	0	0	0	0	0	0	0	0	0	518	0	0	0	0	0	620	0	0	0	0	0	0	0	224	0	504	0	222	0	4500	0	10506	0	0	0	0	0	2094	0	8170	0	18842	0	11106	0	0	0	932	0	140	0	0	0	0	0	0	0	132	0	118	0	4610	0	0	0	11586	0	0	0	2646	0	0	0	0	0	0	0	0	0	0	0	0	0	0	0	0	0	0	0	0	0	0	0	0	0	0	
245648	Precuneus_L	128	0	0	0	0	0	0	0	0	0	0	0	0	0	0	0	468	0	0	252	0	0	0	0	0	0	0	0	0	0	0	0	3226	1586	4502	3292	662	160	1180	0	0	0	15172	504	9876	2046	7812	182	8486	1046	14396	774	2920	0	806	0	2726	0	11702	504	5926	0	680	0	3562	0	0	8128	5056	284	0	0	0	0	0	0	0	134	0	0	1256	0	0	0	1770	0	0	0	1484	0	0	0	0	0	0	0	0	0	0	0	0	0	0	0	0	0	0	0	0	0	136	0	0	0	0	0	
318536	Precuneus_R	558	0	0	0	0	0	0	0	0	0	0	0	0	0	0	0	0	0	0	272	0	0	0	0	0	0	0	0	0	0	0	0	404	6954	2664	15102	928	1320	664	1536	0	0	394	15550	722	21626	158	12528	264	16790	0	14736	0	536	0	3542	0	4966	322	8688	0	102	0	0	0	932	8128	0	658	7150	0	0	0	0	0	0	0	640	0	0	0	0	0	0	0	4710	0	0	0	1488	0	0	0	0	0	0	0	1702	0	0	0	0	0	0	0	0	0	0	0	0	2534	0	0	0	0	0	
174468	Paracentral_Lobule_L	19836	0	2254	1084	0	0	102	0	0	0	0	0	0	0	0	0	246	0	4654	7040	0	0	0	0	0	0	0	0	0	0	0	0	2584	6226	4486	166	0	374	0	0	0	0	2272	0	1768	358	376	0	1192	112	6264	390	760	0	0	0	6810	0	1658	0	3308	0	420	0	2726	0	5056	658	0	224	0	1194	0	0	0	0	0	934	0	0	412	0	0	0	976	0	0	0	314	0	0	0	0	0	0	0	0	0	0	0	0	0	0	0	0	0	0	0	0	0	0	0	0	0	0	0	
102868	Paracentral_Lobule_R	0	1566	0	0	0	0	0	0	0	0	0	0	0	0	0	0	0	0	0	7906	0	0	0	0	0	0	0	0	0	0	0	0	0	6288	1068	4184	0	0	0	0	0	0	0	744	0	3722	0	528	0	3370	0	3748	0	0	0	0	0	8222	0	492	0	232	0	0	0	140	284	7150	224	0	0	0	0	0	0	0	0	164	0	0	0	134	0	0	0	532	0	0	0	594	0	0	0	0	0	0	0	0	0	0	0	0	0	0	0	0	0	0	0	0	142	0	0	0	0	0	
347636	Caudate_L	2494	476	10398	3968	2490	918	314	262	340	0	4058	7478	1384	3190	1192	1354	2924	470	13626	11948	9040	7680	956	3984	1024	306	7554	1988	5290	7676	6596	5436	146	7642	0	0	514	426	0	98	0	0	0	0	0	0	0	0	0	0	0	0	0	0	0	108	948	308	0	0	0	180	0	122	0	0	0	0	0	0	0	10788	15516	2146	1478	0	3934	0	0	0	2072	126	344	108	0	0	0	0	0	0	0	0	0	0	0	0	0	0	0	0	0	0	0	0	0	0	0	0	0	0	0	0	0	0	0	0	
452120	Caudate_R	3120	752	5462	14166	450	3784	0	1088	0	98	546	9708	384	4722	0	8062	290	2476	7484	30384	3828	5644	1018	11316	0	1472	3278	3278	824	13034	4420	25508	468	1840	0	0	230	810	0	584	0	118	0	0	0	0	0	0	0	0	0	0	0	0	0	376	304	0	0	0	0	152	0	146	0	0	0	0	1194	0	10788	0	4376	20008	408	1926	542	13766	0	0	214	452	0	762	0	0	0	0	0	0	0	0	0	0	0	0	0	0	0	0	0	0	0	0	0	0	0	0	0	0	0	0	0	0	0	0	
314444	Putamen_L	4606	262	18892	664	302	210	978	110	0	0	1062	3688	676	1682	742	358	1162	116	19090	1526	1812	1910	396	490	174	0	812	218	16810	3724	7754	2444	0	356	0	0	9266	0	546	0	502	0	0	0	0	0	0	0	0	0	126	0	114	0	636	0	1018	0	0	0	106	0	0	0	0	0	0	0	0	0	15516	4376	0	556	16768	0	13382	132	118	0	450	0	0	0	0	0	0	0	584	0	0	0	0	0	0	0	0	0	0	0	0	0	0	0	0	0	0	0	0	0	0	0	0	0	0	0	
368576	Putamen_R	0	3960	524	21634	138	5866	0	2328	0	176	184	4106	0	1902	0	5098	154	3992	594	10970	950	2266	692	7870	0	2574	1004	2766	256	21752	2134	15396	0	840	0	0	0	13870	0	7308	0	1988	0	0	0	0	0	0	0	0	0	0	0	0	0	6394	0	0	0	0	0	0	0	0	0	0	0	0	0	0	2146	20008	556	0	0	3788	0	2210	0	0	136	1204	0	2372	0	276	0	0	0	1906	0	0	0	0	0	0	0	0	0	0	0	0	0	0	0	0	0	0	0	0	0	0	0	0	0	0	
82532	Pallidum_L	1098	0	3392	0	0	0	314	0	0	0	0	0	0	0	0	0	634	0	3180	100	0	0	0	0	0	0	0	0	420	0	0	122	0	0	0	0	2040	0	0	0	0	0	0	0	0	0	0	0	0	0	122	0	108	0	0	0	394	0	0	0	0	0	0	0	0	0	0	0	0	0	1478	408	16768	0	0	0	10688	0	0	0	0	0	0	0	0	0	0	0	0	0	0	0	0	0	0	0	0	0	0	0	0	0	0	0	0	0	0	0	0	0	0	0	0	0	0	0	
28868	Pallidum_R	0	278	400	3686	0	0	0	646	0	0	0	0	0	0	0	0	0	0	410	2312	0	0	0	0	0	0	0	0	0	0	0	0	0	0	0	0	0	398	0	366	0	0	0	0	0	0	0	0	0	0	0	0	0	0	0	224	0	0	0	0	0	0	0	0	0	0	0	0	0	0	0	1926	0	3788	0	0	0	0	0	0	0	0	0	0	0	0	0	0	0	0	0	0	0	0	0	0	0	0	0	0	0	0	0	0	0	0	0	0	0	0	0	0	0	0	0	0	
106784	Thalamus_L	5608	0	1328	0	0	0	578	0	0	0	0	0	0	0	0	174	4632	0	800	0	0	0	0	124	0	0	0	0	4094	0	0	260	0	0	0	0	4102	182	496	0	0	0	0	0	0	0	0	0	0	0	0	0	0	0	0	0	1594	0	0	0	0	0	0	0	0	0	0	0	0	0	3934	542	13382	0	10688	0	0	250	624	0	0	0	0	0	0	0	0	0	0	0	0	0	0	0	0	0	0	0	0	0	0	0	0	0	0	0	0	0	0	0	0	0	0	0	0	0	
149152	Thalamus_R	1418	3366	996	11492	0	0	0	518	0	0	0	666	0	0	0	0	0	876	950	26796	0	0	0	122	0	0	0	0	114	1462	0	258	0	0	312	616	924	2380	710	186	0	94	0	292	0	0	0	250	0	0	0	112	0	0	0	0	0	154	0	0	0	0	0	0	0	132	134	640	934	164	0	13766	132	2210	0	0	250	0	0	0	0	420	0	0	0	398	0	0	0	236	0	0	0	0	0	0	0	0	0	0	0	0	0	0	0	0	0	0	0	0	96	0	0	0	0	0	
75848	Heschl_L	2460	0	1022	0	0	0	746	0	0	0	758	0	0	0	0	0	5204	0	634	0	0	0	0	0	0	0	0	0	5754	0	0	0	0	0	0	0	1790	0	0	0	0	0	0	0	0	0	0	0	250	0	1536	0	634	0	406	0	1676	0	0	0	220	0	0	0	448	0	0	0	0	0	0	0	118	0	0	0	624	0	0	0	6242	0	0	0	4042	0	0	0	3360	0	0	0	0	0	0	0	0	0	0	0	0	0	0	0	0	0	0	0	0	0	0	0	0	0	0	0	
32748	Heschl_R	0	190	0	122	0	0	0	118	0	0	0	334	0	0	0	0	0	2158	0	220	0	0	0	0	0	0	0	0	0	2474	0	0	0	0	0	0	0	314	0	0	0	0	0	0	0	0	0	0	0	0	0	0	0	0	0	0	0	120	0	0	0	294	0	228	0	118	0	0	0	0	0	0	0	0	0	0	0	0	0	0	0	6150	0	298	0	1904	0	0	0	1332	0	0	0	0	0	0	0	0	0	0	0	0	0	0	0	0	0	0	0	0	0	0	0	0	0	0	
312568	Temporal_Sup_L	5064	112	6576	452	0	0	1852	0	0	0	11676	198	438	0	0	0	20196	0	6308	1104	0	0	718	344	0	0	0	0	15632	186	564	96	218	336	0	0	1870	0	0	0	0	0	0	0	0	0	0	0	406	0	4750	0	1344	0	1246	0	3008	0	500	0	3928	0	7674	0	4914	0	1256	0	412	0	2072	214	450	136	0	0	0	0	6242	0	0	0	5748	0	27268	0	0	0	10776	0	0	0	0	0	0	0	0	0	0	0	0	0	0	0	0	0	0	0	0	0	0	0	0	0	0	0	
154172	Temporal_Sup_R	0	626	0	1978	0	0	0	558	0	0	0	2304	0	0	0	0	0	7644	0	1974	0	0	0	352	0	0	0	0	0	7016	0	0	0	500	0	0	0	1964	0	436	0	0	0	0	0	0	0	0	0	0	0	0	0	0	0	1056	0	386	0	388	0	1770	0	4638	0	4610	0	0	0	134	126	452	0	1204	0	0	0	420	0	6150	0	0	0	6468	0	18916	0	588	0	4428	0	0	0	0	0	0	0	0	0	0	0	0	0	0	0	0	0	0	0	0	0	0	0	0	0	0	
74760	Temporal_Pole_Sup_L	134	0	1122	142	1048	0	234	0	588	0	2636	0	1196	0	3000	0	1308	0	922	216	622	0	242	244	0	0	0	0	5794	0	1224	130	0	134	0	0	2052	0	168	0	244	0	0	0	0	0	0	0	0	0	0	0	0	0	702	0	0	0	0	0	0	0	0	0	0	0	0	0	0	0	344	0	0	0	0	0	0	0	0	0	5748	0	0	0	3242	0	1108	0	2836	0	0	0	0	0	0	0	0	0	0	0	0	0	0	0	0	0	0	0	0	0	0	0	0	0	0	0	
85588	Temporal_Pole_Sup_R	0	244	0	2400	0	1466	0	272	0	0	0	2492	0	126	0	3240	0	3488	0	1722	0	830	0	886	0	100	0	1122	0	5756	0	296	0	516	0	0	0	696	0	310	0	1190	0	0	0	0	0	0	0	0	0	0	0	0	0	1524	0	0	0	0	0	0	0	0	0	0	0	0	0	0	108	762	0	2372	0	0	0	0	0	298	0	6468	0	0	0	2260	0	1400	0	450	0	0	0	0	0	0	0	0	0	0	0	0	0	0	0	0	0	0	0	0	0	0	0	0	0	0	
251208	Temporal_Mid_L	802	0	102	0	0	0	94	0	0	0	0	0	0	0	0	0	2654	0	0	0	0	0	0	0	0	0	0	0	1824	0	0	0	0	0	198	0	720	0	0	0	0	0	1054	0	226	0	486	0	1484	0	17212	0	2684	0	658	0	614	0	782	0	9768	0	5796	0	14246	0	1770	0	976	0	0	0	0	0	0	0	0	0	4042	0	27268	0	3242	0	0	0	1168	0	25734	0	0	0	0	0	0	0	0	0	0	0	0	0	0	0	0	0	0	0	0	0	0	0	0	0	0	0	
241548	Temporal_Mid_R	0	532	0	398	0	0	0	158	0	0	0	0	0	0	0	0	0	328	0	1770	0	0	0	0	0	0	0	0	0	3062	0	0	0	478	654	2744	0	1834	0	274	0	118	0	10388	0	876	0	1566	0	394	0	15500	0	1410	0	1496	0	480	0	518	0	4888	0	3792	0	11586	0	4710	0	532	0	0	0	276	0	0	0	398	0	1904	0	18916	0	2260	0	0	0	1110	0	24960	0	0	0	0	0	0	0	238	0	0	0	0	0	0	0	0	0	0	0	0	226	0	0	0	0	0	
8308	Temporal_Pole_Mid_L	0	0	0	0	0	0	0	0	0	0	0	0	0	0	0	0	0	0	0	0	0	0	0	0	0	0	0	0	0	0	0	0	0	0	0	0	0	0	174	0	0	0	0	0	0	0	0	0	0	0	0	0	0	0	246	0	0	0	0	0	0	0	0	0	0	0	0	0	0	0	0	0	0	0	0	0	0	0	0	0	0	0	1108	0	1168	0	0	0	1458	0	0	0	0	0	0	0	0	0	0	0	0	0	0	0	0	0	0	0	0	0	0	0	0	0	0	0	
7952	Temporal_Pole_Mid_R	0	0	0	0	0	0	0	0	0	0	0	0	0	0	0	0	0	0	0	0	0	0	0	0	0	0	0	0	0	0	0	0	0	0	0	0	0	0	0	0	0	0	0	0	0	0	0	0	0	0	0	0	0	0	0	452	0	0	0	0	0	0	0	0	0	0	0	0	0	0	0	0	0	0	0	0	0	0	0	0	0	588	0	1400	0	1110	0	0	0	426	0	0	0	0	0	0	0	0	0	0	0	0	0	0	0	0	0	0	0	0	0	0	0	0	0	0	
196916	Temporal_Inf_L	616	0	290	0	0	0	194	0	0	0	0	0	0	0	0	0	3124	0	142	0	0	0	0	0	0	0	0	0	3726	0	0	0	268	0	274	0	7358	0	846	0	1134	0	0	0	0	0	260	0	506	0	8676	0	4636	0	9368	0	204	0	872	0	3566	0	744	0	4546	0	1484	0	314	0	0	0	584	0	0	0	0	0	3360	0	10776	0	2836	0	25734	0	1458	0	0	0	462	0	0	0	0	0	0	0	100	0	0	0	0	0	0	0	0	0	0	0	0	0	0	0	0	0	
172564	Temporal_Inf_R	0	1004	0	490	0	0	0	158	0	0	0	0	0	0	0	0	0	230	0	1814	0	0	0	0	0	0	0	0	0	2182	0	0	0	368	394	1000	0	9392	0	3028	0	418	0	3692	0	304	0	1446	0	138	0	1494	0	3296	0	10868	0	1166	0	614	0	2182	0	1060	0	2646	0	1488	0	594	0	0	0	1906	0	0	0	236	0	1332	0	4428	0	450	0	24960	0	426	0	0	0	746	0	0	0	0	0	0	0	332	0	0	0	0	0	0	0	0	0	0	0	0	0	0	0	0	
241184	Cerebelum_Crus1_L	0	0	0	0	0	0	0	0	0	0	0	0	0	0	0	0	0	0	0	0	0	0	0	0	0	0	0	0	0	0	0	0	0	0	0	0	0	0	0	0	0	0	0	0	0	0	5818	0	0	0	0	0	0	0	9936	490	0	0	0	0	0	0	0	0	0	0	0	0	0	0	0	0	0	0	0	0	0	0	0	0	0	0	0	0	0	0	0	0	462	0	0	2348	19002	1072	402	0	10698	148	37826	2264	4910	0	12002	98	1436	200	806	0	0	0	854	5028	3990	416	386	0	
269408	Cerebelum_Crus1_R	0	0	0	0	0	0	0	0	0	0	0	0	0	0	0	0	0	0	0	0	0	0	0	0	0	0	0	0	0	0	0	0	0	0	0	0	0	0	0	0	0	0	0	0	0	0	198	1004	0	0	0	0	0	0	0	8894	0	0	0	0	0	0	0	0	0	0	0	0	0	0	0	0	0	0	0	0	0	0	0	0	0	0	0	0	0	0	0	0	0	746	2348	0	1130	25762	0	402	0	9418	2412	38622	662	3122	298	21196	0	2312	0	334	0	0	0	4062	7450	2294	2038	0	
157572	Cerebelum_Crus2_L	0	0	0	0	0	0	0	0	0	0	0	0	0	0	0	0	0	0	0	0	0	0	0	0	0	0	0	0	0	0	0	0	0	0	0	0	0	0	0	0	0	0	0	0	0	0	262	0	0	0	0	0	0	0	248	0	0	0	0	0	0	0	0	0	0	0	0	0	0	0	0	0	0	0	0	0	0	0	0	0	0	0	0	0	0	0	0	0	0	0	19002	1130	0	3920	0	0	130	0	1994	336	18126	1312	19286	932	3892	0	1482	0	0	0	0	866	5424	444	0	0	
172640	Cerebelum_Crus2_R	0	0	0	0	0	0	0	0	0	0	0	0	0	0	0	0	0	0	0	0	0	0	0	0	0	0	0	0	0	0	0	0	0	0	0	0	0	0	0	0	0	0	0	0	0	0	0	0	0	0	0	0	0	0	0	0	0	0	0	0	0	0	0	0	0	0	0	0	0	0	0	0	0	0	0	0	0	0	0	0	0	0	0	0	0	0	0	0	0	0	1072	25762	3920	0	0	0	0	100	532	4630	3180	10826	992	23926	0	2284	0	108	0	0	0	708	7150	744	386	0	
10552	Cerebelum_3_L	0	0	0	0	0	0	0	0	0	0	0	0	0	0	0	0	0	0	0	0	0	0	0	0	0	0	0	0	0	0	0	0	0	0	0	0	0	0	114	0	0	0	0	0	0	0	0	0	0	0	0	0	0	0	0	0	0	0	0	0	0	0	0	0	0	0	0	0	0	0	0	0	0	0	0	0	0	0	0	0	0	0	0	0	0	0	0	0	0	0	402	0	0	0	0	0	3110	0	702	0	0	0	0	0	388	0	0	0	174	216	170	0	0	0	0	0	
8352	Cerebelum_3_R	0	0	0	0	0	0	0	0	0	0	0	0	0	0	0	0	0	0	0	0	0	0	0	0	0	0	0	0	0	0	0	0	0	0	0	0	0	0	0	0	0	0	0	0	0	0	0	0	0	0	0	0	0	0	0	0	0	0	0	0	0	0	0	0	0	0	0	0	0	0	0	0	0	0	0	0	0	0	0	0	0	0	0	0	0	0	0	0	0	0	0	402	0	0	0	0	0	1154	0	1072	0	0	0	102	0	510	0	0	414	522	0	0	0	0	0	0	
110660	Cerebelum_4_5_L	0	0	0	0	0	0	0	0	0	0	0	0	0	0	0	0	0	0	0	0	0	0	0	0	0	0	0	0	0	0	0	0	0	0	0	0	0	0	134	0	0	0	0	0	0	0	5738	0	0	0	0	0	0	0	4394	0	0	0	0	0	0	0	0	0	0	0	0	0	0	0	0	0	0	0	0	0	0	0	0	0	0	0	0	0	0	0	0	0	0	0	10698	0	130	0	3110	0	0	1138	20068	402	144	0	1226	0	1250	104	310	0	0	0	5218	852	0	0	264	150	
94600	Cerebelum_4_5_R	0	0	0	0	0	0	0	0	0	0	0	0	0	0	0	0	0	0	0	0	0	0	0	0	0	0	0	0	0	0	0	0	0	98	178	1378	170	126	0	578	0	0	0	234	0	0	492	3014	0	0	0	0	0	0	0	4260	0	0	0	0	0	0	0	0	0	0	0	1702	0	0	0	0	0	0	0	0	0	0	0	0	0	0	0	0	0	238	0	0	0	0	148	9418	0	100	0	1154	1138	0	638	16488	0	0	0	198	0	196	0	188	0	112	3332	500	550	304	368	0	
221356	Cerebelum_6_L	0	0	0	0	0	0	0	0	0	0	0	0	0	0	0	0	0	0	0	0	0	0	0	0	0	0	0	0	0	0	0	0	0	0	0	0	100	0	0	0	0	0	0	0	0	0	10318	180	0	0	106	0	0	0	12904	950	0	0	0	0	0	0	0	0	0	0	0	0	0	0	0	0	0	0	0	0	0	0	0	0	0	0	0	0	0	0	0	0	100	0	37826	2412	1994	532	702	0	20068	638	0	3422	1444	0	3144	0	810	104	1090	0	0	0	3758	5836	1818	204	218	0	
212844	Cerebelum_6_R	0	0	0	0	0	0	0	0	0	0	0	0	0	0	0	0	0	0	0	0	0	0	0	0	0	0	0	0	0	0	0	0	0	0	0	0	0	0	0	0	0	0	0	0	0	0	604	2878	0	0	0	0	0	160	0	11364	0	0	0	0	0	0	0	0	0	0	0	0	0	0	0	0	0	0	0	0	0	0	0	0	0	0	0	0	0	0	0	0	0	332	2264	38622	336	4630	0	1072	402	16488	3422	0	0	256	0	5366	0	1010	0	532	0	112	1492	5642	4846	2400	2192	0	
107600	Cerebelum_7b_L	0	0	0	0	0	0	0	0	0	0	0	0	0	0	0	0	0	0	0	0	0	0	0	0	0	0	0	0	0	0	0	0	0	0	0	0	0	0	0	0	0	0	0	0	0	0	0	0	0	0	0	0	0	0	0	0	0	0	0	0	0	0	0	0	0	0	0	0	0	0	0	0	0	0	0	0	0	0	0	0	0	0	0	0	0	0	0	0	0	0	4910	662	18126	3180	0	0	144	0	1444	0	0	1164	14732	994	1738	0	942	0	0	0	0	338	4526	794	106	0	
56160	Cerebelum_7b_R	0	0	0	0	0	0	0	0	0	0	0	0	0	0	0	0	0	0	0	0	0	0	0	0	0	0	0	0	0	0	0	0	0	0	0	0	0	0	0	0	0	0	0	0	0	0	0	0	0	0	0	0	0	0	0	0	0	0	0	0	0	0	0	0	0	0	0	0	0	0	0	0	0	0	0	0	0	0	0	0	0	0	0	0	0	0	0	0	0	0	0	3122	1312	10826	0	0	0	0	0	256	1164	0	206	9344	0	0	0	0	0	0	0	0	1712	138	0	0	
147016	Cerebelum_8_L	0	0	0	0	0	0	0	0	0	0	0	0	0	0	0	0	0	0	0	0	0	0	0	0	0	0	0	0	0	0	0	0	0	0	0	0	0	0	0	0	0	0	0	0	0	0	0	0	0	0	0	0	0	0	0	0	0	0	0	0	0	0	0	0	0	0	0	0	0	0	0	0	0	0	0	0	0	0	0	0	0	0	0	0	0	0	0	0	0	0	12002	298	19286	992	0	0	1226	0	3144	0	14732	206	0	812	11370	214	3566	0	0	0	0	850	2966	1462	382	0	
150984	Cerebelum_8_R	0	0	0	0	0	0	0	0	0	0	0	0	0	0	0	0	0	0	0	0	0	0	0	0	0	0	0	0	0	0	0	0	0	0	0	0	0	0	0	0	0	0	0	0	0	0	0	0	0	0	0	0	0	0	0	0	0	0	0	0	0	0	0	0	0	0	0	0	0	0	0	0	0	0	0	0	0	0	0	0	0	0	0	0	0	0	0	0	0	0	98	21196	932	23926	0	102	0	198	0	5366	994	9344	812	0	0	6764	0	248	0	0	0	166	3436	1502	408	0	
56312	Cerebelum_9_L	0	0	0	0	0	0	0	0	0	0	0	0	0	0	0	0	0	0	0	0	0	0	0	0	0	0	0	0	0	0	0	0	0	0	0	0	0	0	0	0	0	0	0	0	0	0	0	0	0	0	0	0	0	0	0	0	0	0	0	0	0	0	0	0	0	0	0	0	0	0	0	0	0	0	0	0	0	0	0	0	0	0	0	0	0	0	0	0	0	0	1436	0	3892	0	388	0	1250	0	810	0	1738	0	11370	0	0	96	4856	0	0	0	170	276	428	536	654	256	
44188	Cerebelum_9_R	0	0	0	0	0	0	0	0	0	0	0	0	0	0	0	0	0	0	0	0	0	0	0	0	0	0	0	0	0	0	0	0	0	0	0	0	0	0	0	0	0	0	0	0	0	0	0	0	0	0	0	0	0	0	0	0	0	0	0	0	0	0	0	0	0	0	0	0	0	0	0	0	0	0	0	0	0	0	0	0	0	0	0	0	0	0	0	0	0	0	200	2312	0	2284	0	510	104	196	104	1010	0	0	214	6764	96	0	0	838	0	96	128	690	1768	2156	2126	498	
27232	Cerebelum_10_L	0	0	0	0	0	0	0	0	0	0	0	0	0	0	0	0	0	0	0	0	0	0	0	0	0	0	0	0	0	0	0	0	0	0	0	0	0	0	0	0	0	0	0	0	0	0	0	0	0	0	0	0	0	0	0	0	0	0	0	0	0	0	0	0	0	0	0	0	0	0	0	0	0	0	0	0	0	0	0	0	0	0	0	0	0	0	0	0	0	0	806	0	1482	0	0	0	310	0	1090	0	942	0	3566	0	4856	0	0	0	0	0	186	196	182	0	0	0	
7552	Cerebelum_10_R	0	0	0	0	0	0	0	0	0	0	0	0	0	0	0	0	0	0	0	0	0	0	0	0	0	0	0	0	0	0	0	0	0	0	0	0	0	0	0	0	0	0	0	0	0	0	0	0	0	0	0	0	0	0	0	0	0	0	0	0	0	0	0	0	0	0	0	0	0	0	0	0	0	0	0	0	0	0	0	0	0	0	0	0	0	0	0	0	0	0	0	334	0	108	0	0	0	188	0	532	0	0	0	248	0	838	0	0	0	0	140	136	386	446	420	0	
4904	Vermis_1_2	0	0	0	0	0	0	0	0	0	0	0	0	0	0	0	0	0	0	0	0	0	0	0	0	0	0	0	0	0	0	0	0	0	0	0	0	0	0	0	0	0	0	0	0	0	0	0	0	0	0	0	0	0	0	0	0	0	0	0	0	0	0	0	0	0	0	0	0	0	0	0	0	0	0	0	0	0	0	0	0	0	0	0	0	0	0	0	0	0	0	0	0	0	0	174	414	0	0	0	0	0	0	0	0	0	0	0	0	0	1864	0	0	0	0	0	0	
6804	Vermis_3	0	0	0	0	0	0	0	0	0	0	0	0	0	0	0	0	0	0	0	0	0	0	0	0	0	0	0	0	0	0	0	0	0	0	0	0	156	0	108	0	0	0	0	0	0	0	0	0	0	0	0	0	0	0	0	0	0	0	0	0	0	0	0	0	0	0	0	0	0	0	0	0	0	0	0	0	0	0	0	0	0	0	0	0	0	0	0	0	0	0	0	0	0	0	216	522	0	112	0	112	0	0	0	0	0	96	0	0	1864	0	216	0	0	0	0	0	
59916	Vermis_4_5	0	0	0	0	0	0	0	0	0	0	0	0	0	0	0	0	0	0	0	0	0	0	0	0	0	0	0	0	0	0	0	0	0	204	260	1942	168	122	0	126	0	0	0	692	114	414	1542	2204	0	0	0	94	0	0	726	176	0	0	0	0	0	0	0	0	0	0	136	2534	0	142	0	0	0	0	0	0	0	96	0	0	0	0	0	0	0	226	0	0	0	0	854	0	0	0	170	0	5218	3332	3758	1492	0	0	0	0	170	128	186	140	0	216	0	1338	0	142	568	328	
77072	Vermis_6	0	0	0	0	0	0	0	0	0	0	0	0	0	0	0	0	0	0	0	0	0	0	0	0	0	0	0	0	0	0	0	0	0	0	0	0	0	0	0	0	0	0	0	0	0	0	1658	266	0	0	0	0	0	0	980	1278	0	0	0	0	0	0	0	0	0	0	0	0	0	0	0	0	0	0	0	0	0	0	0	0	0	0	0	0	0	0	0	0	0	0	5028	4062	866	708	0	0	852	500	5836	5642	338	0	850	166	276	690	196	136	0	0	1338	0	3458	1230	1670	512	
115208	Vermis_7	0	0	0	0	0	0	0	0	0	0	0	0	0	0	0	0	0	0	0	0	0	0	0	0	0	0	0	0	0	0	0	0	0	0	0	0	0	0	0	0	0	0	0	0	0	0	366	0	0	0	0	0	0	0	264	106	0	0	0	0	0	0	0	0	0	0	0	0	0	0	0	0	0	0	0	0	0	0	0	0	0	0	0	0	0	0	0	0	0	0	3990	7450	5424	7150	0	0	0	550	1818	4846	4526	1712	2966	3436	428	1768	182	386	0	0	0	3458	0	3682	2978	118	
47112	Vermis_8	0	0	0	0	0	0	0	0	0	0	0	0	0	0	0	0	0	0	0	0	0	0	0	0	0	0	0	0	0	0	0	0	0	0	0	0	0	0	0	0	0	0	0	0	0	0	0	0	0	0	0	0	0	0	0	0	0	0	0	0	0	0	0	0	0	0	0	0	0	0	0	0	0	0	0	0	0	0	0	0	0	0	0	0	0	0	0	0	0	0	416	2294	444	744	0	0	0	304	204	2400	794	138	1462	1502	536	2156	0	446	0	0	142	1230	3682	0	4266	396	
40224	Vermis_9	0	0	0	0	0	0	0	0	0	0	0	0	0	0	0	0	0	0	0	0	0	0	0	0	0	0	0	0	0	0	0	0	0	0	0	0	0	0	0	0	0	0	0	0	0	0	0	0	0	0	0	0	0	0	0	0	0	0	0	0	0	0	0	0	0	0	0	0	0	0	0	0	0	0	0	0	0	0	0	0	0	0	0	0	0	0	0	0	0	0	386	2038	0	386	0	0	264	368	218	2192	106	0	382	408	654	2126	0	420	0	0	568	1670	2978	4266	0	682	
