data	data	511464	220940	805360	828100	162980	99276	488412	245676	61284	52176	192392	272424	218836	155148	167608	100480	207452	136192	656860	753812	89020	87172	318832	446168	35576	101764	68504	96720	475280	470788	368300	530768	181640	539384	144380	181596	189472	250112	75548	152384	27792	53244	290088	352072	218056	359016	313372	285216	188704	273364	559328	250340	190168	69936	394808	343480	314580	187132	119244	98092	198872	107116	107676	108376	118008	124476	373064	412724	310204	140956	162712	388008	202848	297392	43420	28576	111880	81436	62676	42792	144092	97152	65732	66892	304824	196616	13872	28316	205108	121984	368900	308212	240164	263552	21780	35512	251924	200944	389032	322300	195440	148264	240804	243484	124108	110148	15004	1680	12004	40052	196848	152240	199492	113064	91956	20260	
data	data	Precentral_L	Precentral_R	Frontal_Sup_L	Frontal_Sup_R	Frontal_Sup_Orb_L	Frontal_Sup_Orb_R	Frontal_Mid_L	Frontal_Mid_R	Frontal_Mid_Orb_L	Frontal_Mid_Orb_R	Frontal_Inf_Oper_L	Frontal_Inf_Oper_R	Frontal_Inf_Tri_L	Frontal_Inf_Tri_R	Frontal_Inf_Orb_L	Frontal_Inf_Orb_R	Rolandic_Oper_L	Rolandic_Oper_R	Supp_Motor_Area_L	Supp_Motor_Area_R	Olfactory_L	Olfactory_R	Frontal_Sup_Medial_L	Frontal_Sup_Medial_R	Frontal_Med_Orb_L	Frontal_Med_Orb_R	Rectus_L	Rectus_R	Insula_L	Insula_R	Cingulum_Ant_L	Cingulum_Ant_R	Cingulum_Mid_L	Cingulum_Mid_R	Cingulum_Post_L	Cingulum_Post_R	Hippocampus_L	Hippocampus_R	ParaHippocampal_L	ParaHippocampal_R	Amygdala_L	Amygdala_R	Calcarine_L	Calcarine_R	Cuneus_L	Cuneus_R	Lingual_L	Lingual_R	Occipital_Sup_L	Occipital_Sup_R	Occipital_Mid_L	Occipital_Mid_R	Occipital_Inf_L	Occipital_Inf_R	Fusiform_L	Fusiform_R	Postcentral_L	Postcentral_R	Parietal_Sup_L	Parietal_Sup_R	Parietal_Inf_L	Parietal_Inf_R	SupraMarginal_L	SupraMarginal_R	Angular_L	Angular_R	Precuneus_L	Precuneus_R	Paracentral_Lobule_L	Paracentral_Lobule_R	Caudate_L	Caudate_R	Putamen_L	Putamen_R	Pallidum_L	Pallidum_R	Thalamus_L	Thalamus_R	Heschl_L	Heschl_R	Temporal_Sup_L	Temporal_Sup_R	Temporal_Pole_Sup_L	Temporal_Pole_Sup_R	Temporal_Mid_L	Temporal_Mid_R	Temporal_Pole_Mid_L	Temporal_Pole_Mid_R	Temporal_Inf_L	Temporal_Inf_R	Cerebelum_Crus1_L	Cerebelum_Crus1_R	Cerebelum_Crus2_L	Cerebelum_Crus2_R	Cerebelum_3_L	Cerebelum_3_R	Cerebelum_4_5_L	Cerebelum_4_5_R	Cerebelum_6_L	Cerebelum_6_R	Cerebelum_7b_L	Cerebelum_7b_R	Cerebelum_8_L	Cerebelum_8_R	Cerebelum_9_L	Cerebelum_9_R	Cerebelum_10_L	Cerebelum_10_R	Vermis_1_2	Vermis_3	Vermis_4_5	Vermis_6	Vermis_7	Vermis_8	Vermis_9	Vermis_10	
511464	Precentral_L	0	5100	23020	2930	0	0	29932	130	0	0	16746	202	3072	0	96	0	10464	132	22388	7472	0	0	148	372	0	0	0	0	9702	230	1386	726	634	1718	6026	2670	4594	1020	600	266	74	0	190	0	720	0	120	0	74	0	1016	0	0	0	1254	240	23226	0	414	0	4912	0	2680	0	886	0	2092	682	27462	416	5702	2186	4788	178	3578	0	14646	424	1338	0	1682	0	996	0	774	0	0	0	1206	0	0	0	0	0	0	0	0	0	0	0	0	0	0	0	0	0	0	0	0	0	0	0	0	0	0	0	
220940	Precentral_R	5100	0	2742	6340	0	0	578	4276	0	0	74	9100	100	632	0	0	82	1186	5138	17396	0	0	0	0	0	0	0	0	190	1688	0	512	132	2140	120	656	382	3394	82	1402	0	88	0	462	0	734	0	244	0	0	82	352	0	0	0	1790	702	11350	0	0	0	278	0	414	0	0	0	1908	8534	3664	982	2924	536	4424	154	978	474	4818	0	0	0	100	0	0	96	630	0	0	0	310	0	0	0	0	0	0	0	0	0	0	0	0	0	0	0	0	0	0	0	0	0	0	0	0	0	0	
805360	Frontal_Sup_L	23020	2742	0	11614	9748	0	66166	2004	2968	0	5318	712	14388	0	8696	0	3718	526	70942	13790	220	0	38028	6062	558	0	0	0	24762	1104	23134	5868	7498	4484	116	86	1956	248	120	116	166	0	0	0	0	0	0	0	0	0	132	0	0	0	252	0	3932	450	0	0	1144	0	556	0	0	0	162	0	10752	0	6414	3804	13408	910	3992	114	2572	406	810	0	668	0	964	0	154	0	0	0	206	0	0	0	0	0	0	0	0	0	0	0	0	0	0	0	0	0	0	0	0	0	0	0	0	0	0	0	
828100	Frontal_Sup_R	2930	6340	11614	0	174	6048	1614	31796	0	2990	190	12236	476	7876	90	4564	0	9232	15754	62300	766	920	12018	50336	0	4296	598	2250	292	22392	9422	41784	1700	22886	0	334	78	2476	0	1380	0	0	0	0	0	0	0	0	0	0	0	0	0	0	0	452	432	1844	0	0	0	122	0	174	0	0	0	400	1684	440	1382	29976	270	19406	0	1586	0	3484	0	450	0	326	0	1470	0	0	0	0	0	0	0	0	0	0	0	0	0	0	0	0	0	0	0	0	0	0	0	0	0	0	0	0	0	0	0	0	
162980	Frontal_Sup_Orb_L	0	0	9748	174	0	154	4040	0	8950	0	194	0	2624	0	12878	0	0	0	216	0	4048	1704	4398	0	2326	622	4986	924	10962	0	7324	1536	0	0	0	0	0	0	272	0	508	0	0	0	0	0	0	0	0	0	0	0	0	0	0	0	0	0	0	0	0	0	0	0	0	0	0	0	0	0	948	198	1340	0	0	0	0	0	0	0	0	0	416	0	0	0	0	0	0	0	0	0	0	0	0	0	0	0	0	0	0	0	0	0	0	0	0	0	0	0	0	0	0	0	0	0	
99276	Frontal_Sup_Orb_R	0	0	0	6048	154	0	0	1120	0	4816	0	116	0	238	0	2106	0	0	0	1180	968	2200	0	1872	0	7124	656	8432	0	874	148	2586	0	0	0	0	0	0	0	0	0	0	0	0	0	0	0	0	0	0	0	0	0	0	0	0	0	0	0	0	0	0	0	0	0	0	0	0	0	0	858	4178	134	3552	0	278	0	0	0	0	0	0	0	0	0	0	0	0	0	0	0	0	0	0	0	0	0	0	0	0	0	0	0	0	0	0	0	0	0	0	0	0	0	0	0	0	
488412	Frontal_Mid_L	29932	578	66166	1614	4040	0	0	660	4148	0	12570	178	25484	0	10052	0	4084	132	9226	1412	0	0	12234	1484	102	0	0	0	16218	214	9492	1348	4668	1154	282	460	2052	166	274	0	0	0	0	0	0	0	0	0	0	0	0	0	0	0	190	0	2646	0	80	0	1576	0	94	0	0	0	84	0	1698	0	4028	1950	2020	174	318	0	6784	224	322	0	256	0	1172	0	0	0	0	0	166	0	0	0	0	0	0	0	0	0	0	0	0	0	0	0	0	0	0	0	0	0	0	0	0	0	0	0	
245676	Frontal_Mid_R	130	4276	2004	31796	0	1120	660	0	0	2810	112	9804	224	11506	0	7758	0	2528	3066	5490	0	0	1028	5560	0	0	0	0	0	11008	1026	3622	780	6042	0	0	0	920	0	286	0	0	0	0	0	0	0	0	0	0	0	0	0	0	0	0	0	364	0	0	0	0	0	0	0	0	0	90	0	0	0	3676	0	1574	0	0	0	2780	0	0	0	0	0	798	0	0	0	0	0	0	0	0	0	0	0	0	0	0	0	0	0	0	0	0	0	0	0	0	0	0	0	0	0	0	0	0	
61284	Frontal_Mid_Orb_L	0	0	2968	0	8950	0	4148	0	0	0	0	0	984	0	9638	0	0	0	0	0	136	0	146	0	248	0	500	0	1936	0	516	124	0	0	0	0	0	0	0	0	0	0	0	0	0	0	0	0	0	0	0	0	0	0	0	0	0	0	0	0	0	0	0	0	0	0	0	0	0	0	0	0	136	0	0	0	0	0	0	0	0	0	212	0	0	0	0	0	0	0	0	0	0	0	0	0	0	0	0	0	0	0	0	0	0	0	0	0	0	0	0	0	0	0	0	0	
52176	Frontal_Mid_Orb_R	0	0	0	2990	0	4816	0	2810	0	0	0	812	0	1536	0	6056	0	0	0	302	0	96	0	192	0	0	0	634	0	2278	0	344	0	140	0	0	0	0	0	0	0	0	0	0	0	0	0	0	0	0	0	0	0	0	0	0	0	0	0	0	0	0	0	0	0	0	0	0	0	0	0	1200	0	1882	0	0	0	0	0	0	0	0	0	0	0	0	0	0	0	0	0	0	0	0	0	0	0	0	0	0	0	0	0	0	0	0	0	0	0	0	0	0	0	0	0	0	
192392	Frontal_Inf_Oper_L	16746	74	5318	190	194	0	12570	112	0	0	0	0	9592	0	946	0	11982	0	4478	194	0	0	440	0	0	0	0	0	15764	82	2772	72	0	0	0	0	1172	0	0	0	0	0	0	0	0	0	0	0	0	0	0	0	0	0	214	0	2810	0	0	0	0	0	0	0	0	0	0	0	0	0	1398	1368	1004	0	0	0	116	0	904	0	1080	0	4252	0	130	0	0	0	222	0	0	0	0	0	0	0	0	0	0	0	0	0	0	0	0	0	0	0	0	0	0	0	0	0	0	0	
272424	Frontal_Inf_Oper_R	202	9100	712	12236	0	116	178	9804	0	812	0	0	0	13266	0	2128	0	3724	4276	10318	0	0	312	4004	0	0	0	0	0	28430	450	9568	280	10170	0	0	0	1268	0	448	0	0	0	0	0	0	0	0	0	0	0	0	0	0	0	192	0	1230	0	0	0	0	0	0	0	0	0	124	0	0	0	5146	0	3612	0	528	0	1634	0	0	0	0	0	1944	0	0	0	0	0	0	0	0	0	0	0	0	0	0	0	0	0	0	0	0	0	0	0	0	0	0	0	0	0	0	0	0	
218836	Frontal_Inf_Tri_L	3072	100	14388	476	2624	0	25484	224	984	0	9592	0	0	0	10564	0	1174	0	3224	438	0	0	2734	100	0	0	0	0	23396	0	6698	274	128	0	0	0	96	0	0	0	0	0	0	0	0	0	0	0	0	0	0	0	0	0	0	0	0	0	0	0	0	0	0	0	0	0	0	0	0	0	368	934	1406	0	0	0	0	0	300	0	0	0	640	0	0	0	0	0	0	0	0	0	0	0	0	0	0	0	0	0	0	0	0	0	0	0	0	0	0	0	0	0	0	0	0	0	
155148	Frontal_Inf_Tri_R	0	632	0	7876	0	238	0	11506	0	1536	0	13266	0	0	0	7694	0	492	1796	3182	0	0	166	2272	0	0	0	0	0	15238	0	3314	108	3920	0	0	0	0	0	0	0	0	0	0	0	0	0	0	0	0	0	0	0	0	0	0	0	0	0	0	0	0	0	0	0	0	0	0	0	0	0	2756	0	1582	0	0	0	0	0	0	0	0	0	0	0	0	0	0	0	0	0	0	0	0	0	0	0	0	0	0	0	0	0	0	0	0	0	0	0	0	0	0	0	0	0	0	
167608	Frontal_Inf_Orb_L	96	0	8696	90	12878	0	10052	0	9638	0	946	0	10564	0	0	0	174	0	520	86	1646	122	762	0	1446	0	1488	0	15736	0	3886	464	0	0	0	0	0	0	166	0	196	0	0	0	0	0	0	0	0	0	0	0	0	0	0	0	0	0	0	0	0	0	0	0	0	0	0	0	0	0	174	0	1326	0	0	0	0	0	0	0	0	0	2652	0	0	0	0	0	0	0	0	0	0	0	0	0	0	0	0	0	0	0	0	0	0	0	0	0	0	0	0	0	0	0	0	0	
100480	Frontal_Inf_Orb_R	0	0	0	4564	0	2106	0	7758	0	6056	0	2128	0	7694	0	0	0	0	242	908	136	1042	0	594	0	0	0	1300	0	7876	0	992	0	1040	0	0	0	0	0	0	0	0	0	0	0	0	0	0	0	0	0	0	0	0	0	0	0	0	0	0	0	0	0	0	0	0	0	0	0	0	72	2366	0	3208	0	0	0	0	0	0	0	0	0	158	0	0	0	0	0	0	0	0	0	0	0	0	0	0	0	0	0	0	0	0	0	0	0	0	0	0	0	0	0	0	0	0	
207452	Rolandic_Oper_L	10464	82	3718	0	0	0	4084	0	0	0	11982	0	1174	0	174	0	0	0	7256	88	0	0	0	0	0	0	0	0	20910	0	238	0	120	0	316	0	1446	0	0	0	0	0	94	0	188	0	0	0	0	0	2154	0	76	0	2638	0	7084	0	294	0	800	0	1050	0	766	0	658	0	910	0	1044	98	1210	0	0	0	174	0	5900	0	8256	0	3300	0	2202	0	0	0	2778	0	0	0	0	0	0	0	0	0	0	0	0	0	0	0	0	0	0	0	0	0	0	0	0	0	0	0	
136192	Rolandic_Oper_R	132	1186	526	9232	0	0	132	2528	0	0	0	3724	0	492	0	0	0	0	1158	7052	0	0	0	788	0	0	0	0	0	16960	78	460	0	1428	0	0	0	1660	0	838	0	0	0	0	0	90	0	0	0	0	0	90	0	0	0	944	0	2110	0	0	0	0	0	1622	0	0	0	324	0	0	226	610	0	4292	0	348	0	292	0	2682	0	3030	0	2642	0	268	0	0	0	152	0	0	0	0	0	0	0	0	0	0	0	0	0	0	0	0	0	0	0	0	0	0	0	0	0	0	
656860	Supp_Motor_Area_L	22388	5138	70942	15754	216	0	9226	3066	0	0	4478	4276	3224	1796	520	242	7256	1158	0	42370	0	0	4246	7480	0	0	0	0	10622	4260	6886	5720	7810	21582	392	0	1582	482	0	194	0	0	202	0	0	0	0	0	0	0	168	0	0	0	282	0	6216	902	0	0	1054	0	754	0	74	0	376	0	15836	0	7856	4346	14948	1532	4492	228	818	540	1934	0	1410	0	548	120	256	0	0	0	232	0	0	0	0	0	0	0	0	0	0	0	0	0	0	0	0	0	0	0	0	0	0	0	0	0	0	0	
753812	Supp_Motor_Area_R	7472	17396	13790	62300	0	1180	1412	5490	0	302	194	10318	438	3182	86	908	88	7052	42370	0	136	174	2420	16846	0	640	96	524	270	14534	3014	14454	4534	50280	482	9618	112	2208	0	1208	0	0	0	1038	0	2026	0	382	0	0	0	294	0	0	0	986	556	4252	0	0	0	124	0	186	0	0	0	8556	13606	12738	782	17812	334	11094	0	1148	284	2244	0	488	0	312	0	994	0	800	0	0	0	342	0	0	0	0	0	0	0	0	0	0	0	0	0	0	0	0	0	0	0	0	0	0	0	0	0	0	
89020	Olfactory_L	0	0	220	766	4048	968	0	0	136	0	0	0	0	0	1646	136	0	0	0	136	0	6926	0	0	580	1062	6088	2950	2200	132	2942	2288	0	0	0	0	354	0	556	0	898	0	0	0	0	0	0	0	0	0	0	0	0	0	0	0	0	0	0	0	0	0	0	0	0	0	0	0	0	0	5772	1492	1552	310	0	0	0	0	0	0	0	0	352	0	0	0	0	0	0	0	0	0	0	0	0	0	0	0	0	0	0	0	0	0	0	0	0	0	0	0	0	0	0	0	0	0	
87172	Olfactory_R	0	0	0	920	1704	2200	0	0	0	96	0	0	0	0	122	1042	0	0	0	174	6926	0	0	0	250	1694	4450	5256	0	1984	2602	3168	0	0	0	0	0	0	0	0	0	480	0	0	0	0	0	0	0	0	0	0	0	0	0	0	0	0	0	0	0	0	0	0	0	0	0	0	0	0	5896	2750	1300	442	0	0	0	0	0	0	0	0	0	130	0	0	0	0	0	0	0	0	0	0	0	0	0	0	0	0	0	0	0	0	0	0	0	0	0	0	0	0	0	0	0	0	
318832	Frontal_Sup_Medial_L	148	0	38028	12018	4398	0	12234	1028	146	0	440	312	2734	166	762	0	0	0	4246	2420	0	0	0	22226	1286	374	0	0	4324	338	21418	13372	5214	9864	0	0	0	0	0	0	0	0	0	0	0	0	0	0	0	0	0	0	0	0	0	0	0	0	0	0	0	0	0	0	0	0	0	0	0	0	0	588	1002	256	0	0	0	0	0	0	0	0	74	0	0	0	0	0	0	0	0	0	0	0	0	0	0	0	0	0	0	0	0	0	0	0	0	0	0	0	0	0	0	0	0	0	
446168	Frontal_Sup_Medial_R	372	0	6062	50336	0	1872	1484	5560	0	192	0	4004	100	2272	0	594	0	788	7480	16846	0	0	22226	0	290	5014	0	648	138	5488	8966	35496	1356	20044	0	0	0	338	0	186	0	0	0	0	0	0	0	0	0	0	0	0	0	0	0	0	0	0	0	0	0	0	0	0	0	0	0	0	0	0	378	16082	0	7808	0	158	0	412	0	0	0	0	0	94	0	0	0	0	0	0	0	0	0	0	0	0	0	0	0	0	0	0	0	0	0	0	0	0	0	0	0	0	0	0	0	0	
35576	Frontal_Med_Orb_L	0	0	558	0	2326	0	102	0	248	0	0	0	0	0	1446	0	0	0	0	0	580	250	1286	290	0	764	1644	312	1414	0	4636	876	0	0	0	0	0	0	0	0	0	0	0	0	0	0	0	0	0	0	0	0	0	0	0	0	0	0	0	0	0	0	0	0	0	0	0	0	0	0	560	0	412	0	0	0	0	0	0	0	0	0	84	0	0	0	0	0	0	0	0	0	0	0	0	0	0	0	0	0	0	0	0	0	0	0	0	0	0	0	0	0	0	0	0	0	
101764	Frontal_Med_Orb_R	0	0	0	4296	622	7124	0	0	0	0	0	0	0	0	0	0	0	0	0	640	1062	1694	374	5014	764	0	996	8850	0	0	2530	8316	0	0	0	0	0	0	0	0	0	0	0	0	0	0	0	0	0	0	0	0	0	0	0	0	0	0	0	0	0	0	0	0	0	0	0	0	0	0	420	4882	0	3024	0	274	0	0	0	0	0	0	0	0	0	0	0	0	0	0	0	0	0	0	0	0	0	0	0	0	0	0	0	0	0	0	0	0	0	0	0	0	0	0	0	0	
68504	Rectus_L	0	0	0	598	4986	656	0	0	500	0	0	0	0	0	1488	0	0	0	0	96	6088	4450	0	0	1644	996	0	2112	422	0	3028	1732	0	0	0	0	0	0	0	0	0	0	0	0	0	0	0	0	0	0	0	0	0	0	0	0	0	0	0	0	0	0	0	0	0	0	0	0	0	0	3952	680	580	244	0	0	0	0	0	0	0	0	0	0	0	0	0	0	0	0	0	0	0	0	0	0	0	0	0	0	0	0	0	0	0	0	0	0	0	0	0	0	0	0	0	0	
96720	Rectus_R	0	0	0	2250	924	8432	0	0	0	634	0	0	0	0	0	1300	0	0	0	524	2950	5256	0	648	312	8850	2112	0	0	1240	1194	4490	0	0	0	0	0	0	0	0	0	78	0	0	0	0	0	0	0	0	0	0	0	0	0	0	0	0	0	0	0	0	0	0	0	0	0	0	0	0	2150	2776	496	1744	0	0	0	0	0	0	0	0	0	0	0	0	0	0	0	0	0	0	0	0	0	0	0	0	0	0	0	0	0	0	0	0	0	0	0	0	0	0	0	0	0	0	
475280	Insula_L	9702	190	24762	292	10962	0	16218	0	1936	0	15764	0	23396	0	15736	0	20910	0	10622	270	2200	0	4324	138	1414	0	422	0	0	0	12410	838	90	0	668	0	10032	0	702	0	1764	0	272	0	74	0	0	0	0	0	582	0	0	0	3986	0	1746	0	118	0	218	0	126	0	84	0	810	0	1312	0	1578	724	15346	0	0	0	142	0	7714	0	6616	0	5256	0	1538	0	0	0	3636	0	0	0	0	0	0	0	0	0	0	0	0	0	0	0	0	0	0	0	0	0	0	0	0	0	0	0	
470788	Insula_R	230	1688	1104	22392	0	874	214	11008	0	2278	82	28430	0	15238	0	7876	0	16960	4260	14534	132	1984	338	5488	0	0	0	1240	0	0	550	11210	188	10124	0	234	0	8458	0	4486	0	1300	0	174	0	440	0	0	0	338	0	708	0	0	0	7106	0	2088	0	548	0	776	0	566	0	282	0	1288	0	280	84	7570	0	17354	0	692	114	1376	0	6000	0	4868	0	3942	0	3660	0	0	0	2240	0	0	0	0	0	0	0	0	0	0	0	0	0	0	0	0	0	0	0	0	0	0	0	0	0	0	
368300	Cingulum_Ant_L	1386	0	23134	9422	7324	148	9492	1026	516	0	2772	450	6698	0	3886	0	238	78	6886	3014	2942	2602	21418	8966	4636	2530	3028	1194	12410	550	0	21286	6002	6722	0	0	0	0	0	0	74	0	0	0	0	0	0	0	0	0	0	0	0	0	0	0	0	0	0	0	0	0	0	0	0	0	0	0	0	0	2320	2656	6776	962	0	0	0	0	0	0	0	0	606	0	0	0	0	0	0	0	0	0	0	0	0	0	0	0	0	0	0	0	0	0	0	0	0	0	0	0	0	0	0	0	0	0	
530768	Cingulum_Ant_R	726	512	5868	41784	1536	2586	1348	3622	124	344	72	9568	274	3314	464	992	0	460	5720	14454	2288	3168	13372	35496	876	8316	1732	4490	838	11210	21286	0	3730	18204	0	0	0	302	0	182	0	0	0	0	0	0	0	0	0	0	0	0	0	0	0	0	0	162	0	0	0	0	0	0	0	0	0	0	0	0	1452	28384	590	13854	0	1016	0	450	0	0	0	0	0	218	0	0	0	0	0	0	0	0	0	0	0	0	0	0	0	0	0	0	0	0	0	0	0	0	0	0	0	0	0	0	0	0	
181640	Cingulum_Mid_L	634	132	7498	1700	0	0	4668	780	0	0	0	280	128	108	0	0	120	0	7810	4534	0	0	5214	1356	0	0	0	0	90	188	6002	3730	0	11466	2746	1128	0	0	0	0	0	0	1108	128	904	0	200	120	336	0	6128	0	622	0	686	0	1708	0	1542	0	634	0	0	0	0	0	6756	1794	6432	1000	0	124	0	0	0	0	0	0	0	0	0	0	0	0	286	0	0	0	0	0	0	0	0	0	0	0	0	0	0	0	0	0	0	0	0	0	0	0	0	0	0	0	0	0	0	0	
539384	Cingulum_Mid_R	1718	2140	4484	22886	0	0	1154	6042	0	140	0	10170	0	3920	0	1040	0	1428	21582	50280	0	0	9864	20044	0	0	0	0	0	10124	6722	18204	11466	0	598	12510	0	584	0	222	0	0	0	1922	0	4644	0	682	0	164	0	776	0	266	0	438	0	3354	0	0	0	158	0	426	0	0	166	14350	5000	12894	0	3348	0	1448	0	0	0	172	0	0	0	114	0	298	0	1276	0	0	0	474	0	0	0	0	0	0	0	0	0	0	0	0	0	0	0	0	0	0	0	0	0	0	0	0	0	0	
144380	Cingulum_Post_L	6026	120	116	0	0	0	282	0	0	0	0	0	0	0	0	0	316	0	392	482	0	0	0	0	0	0	0	0	668	0	0	0	2746	598	0	4534	5666	1544	1946	0	0	0	5414	0	4436	340	1682	102	106	0	1378	0	484	0	2082	0	984	0	0	0	0	0	0	0	0	0	14786	1180	6926	260	0	0	0	0	0	0	3302	134	622	0	98	0	0	0	1010	0	0	0	1428	0	0	0	0	0	0	0	0	0	0	0	0	0	0	0	0	0	0	0	0	0	0	0	0	0	0	0	
181596	Cingulum_Post_R	2670	656	86	334	0	0	460	0	0	0	0	0	0	0	0	0	0	0	0	9618	0	0	0	0	0	0	0	0	0	234	0	0	1128	12510	4534	0	614	6672	0	986	0	0	0	1780	0	3988	0	2148	0	0	0	166	0	0	0	1646	0	2294	0	0	0	0	0	0	0	0	318	18066	1970	7844	302	0	0	0	0	0	6382	1982	0	86	0	0	0	0	0	720	0	0	0	356	0	0	0	0	0	0	0	0	0	0	0	0	0	0	0	0	0	0	0	0	248	0	0	0	0	0	
189472	Hippocampus_L	4594	382	1956	78	0	0	2052	0	0	0	1172	0	96	0	0	0	1446	0	1582	112	354	0	0	0	0	0	0	0	10032	0	0	0	0	0	5666	614	0	494	10532	0	5416	0	3550	0	102	0	4016	110	72	0	724	0	1066	0	10780	0	444	0	0	0	0	0	0	0	0	0	7150	0	944	0	308	0	6534	0	454	0	2322	0	1804	0	1396	0	878	0	444	0	0	0	4868	0	0	0	0	0	0	0	98	0	94	0	0	0	0	0	0	0	0	0	0	0	0	0	0	0	0	0	
250112	Hippocampus_R	1020	3394	248	2476	0	0	166	920	0	0	0	1268	0	0	0	0	0	1660	482	2208	0	0	0	338	0	0	0	0	0	8458	0	302	0	584	1544	6672	494	0	0	23870	0	9050	0	874	0	234	0	2416	0	128	0	258	0	0	0	22030	0	1128	0	208	0	422	0	956	0	110	0	4484	254	266	0	488	0	8846	0	406	3422	4424	0	950	0	1084	0	1436	0	980	0	464	0	2904	0	0	0	0	0	0	0	566	0	0	0	0	0	0	0	0	0	0	0	0	164	0	0	0	0	0	
75548	ParaHippocampal_L	600	82	120	0	272	0	274	0	0	0	0	0	0	0	166	0	0	0	0	0	556	0	0	0	0	0	0	0	702	0	0	0	0	0	1946	0	10532	0	0	0	1298	0	1862	0	164	0	5504	72	108	0	910	0	1168	0	5192	0	134	0	0	0	0	0	0	0	0	0	3710	0	84	0	0	0	394	0	0	0	86	0	0	0	0	0	288	0	120	0	162	0	542	0	104	0	0	0	0	0	314	0	308	0	0	0	0	0	0	0	0	0	0	0	0	0	0	0	0	0	
152384	ParaHippocampal_R	266	1402	116	1380	0	0	0	286	0	0	0	448	0	0	0	0	0	838	194	1208	0	0	0	186	0	0	0	0	0	4486	0	182	0	222	0	986	0	23870	0	0	0	6198	0	532	0	96	0	2278	0	0	0	0	0	96	0	16006	0	458	0	160	0	192	0	108	0	0	0	1258	182	156	0	302	0	4970	0	270	146	1174	0	670	0	312	0	1384	0	316	0	988	0	742	0	0	0	0	0	0	0	1128	0	0	0	0	0	0	0	0	0	0	0	0	0	0	0	0	0	0	
27792	Amygdala_L	74	0	166	0	508	0	0	0	0	0	0	0	0	0	196	0	0	0	0	0	898	0	0	0	0	0	0	0	1764	0	74	0	0	0	0	0	5416	0	1298	0	0	0	0	0	0	0	0	0	0	0	0	0	0	0	2114	0	0	0	0	0	0	0	0	0	0	0	0	0	0	0	0	0	196	0	0	0	148	0	0	0	0	0	238	0	0	0	0	0	806	0	0	0	0	0	0	0	0	0	0	0	0	0	0	0	0	0	0	0	0	0	0	0	0	0	0	0	
53244	Amygdala_R	0	88	0	0	0	0	0	0	0	0	0	0	0	0	0	0	0	0	0	0	0	480	0	0	0	0	0	78	0	1300	0	0	0	0	0	0	0	9050	0	6198	0	0	0	0	0	0	0	0	0	0	0	0	0	0	0	4546	0	0	0	0	0	0	0	0	0	0	0	0	0	0	0	0	0	1118	0	0	0	0	0	0	0	0	0	2290	0	0	0	558	0	640	0	0	0	0	0	0	0	276	0	0	0	0	0	0	0	0	0	0	0	0	0	0	0	0	0	0	
290088	Calcarine_L	190	0	0	0	0	0	0	0	0	0	0	0	0	0	0	0	94	0	202	0	0	0	0	0	0	0	0	0	272	0	0	0	1108	0	5414	0	3550	0	1862	0	0	0	0	11238	16344	8242	12796	3152	9582	2962	23332	1112	6266	228	4672	404	996	0	126	0	0	0	0	0	0	0	20798	606	954	0	0	0	0	0	0	0	0	0	338	0	0	0	0	0	3830	0	0	0	2432	0	710	294	0	0	0	0	202	0	182	398	0	0	0	0	0	0	0	0	0	0	156	0	0	0	0	0	
352072	Calcarine_R	0	462	0	0	0	0	0	0	0	0	0	0	0	0	0	0	0	0	0	1038	0	0	0	0	0	0	0	0	0	174	0	0	128	1922	0	1780	0	874	0	532	0	0	11238	0	4962	28836	1966	25144	1034	22430	398	12940	0	6194	0	8070	0	1010	0	152	0	0	0	0	0	0	3014	24750	0	866	0	0	0	0	0	0	0	0	0	0	0	316	0	0	0	8414	0	0	0	4978	0	788	0	0	0	0	0	0	0	1312	0	0	0	0	0	0	0	0	0	0	216	98	0	0	0	0	
218056	Cuneus_L	720	0	0	0	0	0	0	0	0	0	0	0	0	0	0	0	188	0	0	0	0	0	0	0	0	0	0	0	74	0	0	0	904	0	4436	0	102	0	164	0	0	0	16344	4962	0	9546	2234	114	21412	2060	17792	276	1466	136	1136	90	1382	0	1658	0	0	0	0	0	0	0	16004	1166	1416	0	0	0	0	0	0	0	0	0	0	0	98	0	0	0	2186	0	0	0	802	0	160	0	0	0	0	0	0	0	0	0	0	0	0	0	0	0	0	0	0	0	0	0	0	0	0	0	
359016	Cuneus_R	0	734	0	0	0	0	0	0	0	0	0	0	0	0	0	0	0	90	0	2026	0	0	0	0	0	0	0	0	0	440	0	0	0	4644	340	3988	0	234	0	96	0	0	8242	28836	9546	0	430	5548	2762	35364	1122	14298	162	1842	102	2988	0	2708	0	2664	0	0	0	0	0	640	6032	33902	104	5114	0	0	0	0	0	0	0	0	0	0	0	366	0	0	0	2782	0	0	0	526	0	328	0	0	0	0	0	0	0	508	0	0	0	0	0	0	0	0	0	0	0	0	0	0	0	0	
313372	Lingual_L	120	0	0	0	0	0	0	0	0	0	0	0	0	0	0	0	0	0	0	0	0	0	0	0	0	0	0	0	0	0	0	0	200	0	1682	0	4016	0	5504	0	0	0	12796	1966	2234	430	0	4662	3648	196	23130	0	13284	116	21480	868	1062	0	108	0	94	0	0	0	0	0	5732	0	176	0	0	0	0	0	0	0	0	0	0	0	0	0	0	0	608	0	0	0	480	0	6126	2010	1306	0	0	98	8908	2290	15012	4016	0	0	0	0	0	330	0	0	0	306	4368	4954	1498	384	390	98	
285216	Lingual_R	0	244	0	0	0	0	0	0	0	0	0	0	0	0	0	0	0	0	0	382	0	0	0	0	0	0	0	0	0	0	0	0	120	682	102	2148	110	2416	72	2278	0	0	3152	25144	114	5548	4662	0	0	5660	94	4266	112	5174	578	15166	0	452	0	0	0	0	0	0	0	0	684	11220	0	344	0	0	0	0	0	0	282	0	0	0	0	0	0	0	0	548	0	0	0	582	1038	5034	0	0	0	114	4688	9564	3416	11628	0	0	0	0	388	0	0	0	0	0	9228	4126	488	0	178	382	
188704	Occipital_Sup_L	74	0	0	0	0	0	0	0	0	0	0	0	0	0	0	0	0	0	0	0	0	0	0	0	0	0	0	0	0	0	0	0	336	0	106	0	72	0	108	0	0	0	9582	1034	21412	2762	3648	0	0	172	29900	0	1374	0	500	0	544	0	8740	0	668	0	0	0	238	0	12544	0	118	0	0	0	0	0	0	0	0	0	0	0	0	0	0	0	232	0	0	0	0	0	106	0	0	0	0	0	0	0	82	0	0	0	0	0	0	0	0	0	0	0	0	0	0	0	0	0	
273364	Occipital_Sup_R	0	0	0	0	0	0	0	0	0	0	0	0	0	0	0	0	0	0	0	0	0	0	0	0	0	0	0	0	0	338	0	0	0	164	0	0	0	128	0	0	0	0	2962	22430	2060	35364	196	5660	172	0	102	23164	0	2232	0	3810	0	648	0	6922	0	150	0	0	0	5710	3678	18360	0	1142	0	0	0	0	0	0	0	0	0	0	0	116	0	0	0	254	0	0	0	82	0	270	0	0	0	0	0	0	0	486	0	0	0	0	0	0	0	0	0	0	0	82	0	0	0	0	
559328	Occipital_Mid_L	1016	82	132	0	0	0	0	0	0	0	0	0	0	0	0	0	2154	0	168	0	0	0	0	0	0	0	0	0	582	0	0	0	6128	0	1378	0	724	0	910	0	0	0	23332	398	17792	1122	23130	94	29900	102	0	0	30718	0	16618	0	14496	0	12654	0	8928	0	430	0	12588	0	25716	0	3584	0	0	0	0	0	0	0	0	0	198	0	2048	0	0	0	35022	0	0	0	4668	0	1256	0	0	0	0	0	364	0	866	90	0	0	0	0	0	0	0	0	0	0	0	276	0	0	0	0	
250340	Occipital_Mid_R	0	352	0	0	0	0	0	0	0	0	0	0	0	0	0	0	0	90	0	294	0	0	0	0	0	0	0	0	0	708	0	0	0	776	0	166	0	258	0	0	0	0	1112	12940	276	14298	0	4266	0	23164	0	0	0	5120	0	3804	0	1588	0	3358	0	1684	0	1104	0	16250	146	10816	0	1596	0	0	0	0	0	0	0	0	0	164	0	1898	0	0	0	16114	0	0	0	2196	0	172	0	0	0	0	0	0	0	342	0	0	0	0	0	0	0	0	0	0	0	118	0	0	0	0	
190168	Occipital_Inf_L	0	0	0	0	0	0	0	0	0	0	0	0	0	0	0	0	76	0	0	0	0	0	0	0	0	0	0	0	0	0	0	0	622	0	484	0	1066	0	1168	0	0	0	6266	0	1466	162	13284	112	1374	0	30718	0	0	0	21558	0	1510	0	120	0	0	0	0	0	0	0	1986	0	252	0	0	0	0	0	0	0	0	0	0	0	0	0	0	0	2134	0	0	0	4324	0	2798	84	100	0	0	0	864	0	1828	166	0	0	0	0	0	0	0	0	0	0	114	368	80	0	0	0	
69936	Occipital_Inf_R	0	0	0	0	0	0	0	0	0	0	0	0	0	0	0	0	0	0	0	0	0	0	0	0	0	0	0	0	0	0	0	0	0	266	0	0	0	0	0	96	0	0	228	6194	136	1842	116	5174	0	2232	0	5120	0	0	0	8342	0	0	0	0	0	0	0	0	0	0	0	766	0	0	0	0	0	0	0	0	0	0	0	0	0	0	0	0	0	734	0	0	0	2800	0	0	0	0	0	0	0	222	0	414	0	0	0	0	0	0	0	0	0	0	180	106	0	0	0	0	
394808	Fusiform_L	1254	0	252	0	0	0	190	0	0	0	214	0	0	0	0	0	2638	0	282	0	0	0	0	0	0	0	0	0	3986	0	0	0	686	0	2082	0	10780	0	5192	0	2114	0	4672	0	1136	102	21480	578	500	0	16618	0	21558	0	0	96	2266	0	266	0	296	0	78	0	166	0	4400	0	1166	0	0	0	1272	0	0	0	0	0	1992	0	2294	0	1146	0	4234	0	1990	0	23046	0	14694	436	636	0	0	0	12546	568	22158	822	118	0	0	0	184	248	0	0	0	338	1426	1364	334	246	264	0	
343480	Fusiform_R	240	1790	0	452	0	0	0	0	0	0	0	192	0	0	0	0	0	944	0	986	0	0	0	0	0	0	0	0	0	7106	0	0	0	438	0	1646	0	22030	0	16006	0	4546	404	8070	90	2988	868	15166	0	3810	0	3804	0	8342	96	0	0	538	0	160	0	200	0	126	0	0	272	2454	190	342	0	0	0	1372	0	0	0	502	0	2240	0	1296	0	6074	0	1918	0	4076	0	10674	328	8284	0	492	0	174	774	8518	936	13542	0	194	0	574	0	0	0	0	0	0	3866	1124	486	0	0	0	
314580	Postcentral_L	23226	702	3932	432	0	0	2646	0	0	0	2810	0	0	0	0	0	7084	0	6216	556	0	0	0	0	0	0	0	0	1746	0	0	0	1708	0	984	0	444	0	134	0	0	0	996	0	1382	0	1062	0	544	0	14496	0	1510	0	2266	0	0	0	7734	0	23188	0	9290	0	3814	0	10418	0	12140	0	588	0	434	0	160	0	450	0	940	0	2426	0	0	0	9606	0	0	0	1226	0	0	0	0	0	0	0	0	0	0	0	0	0	0	0	0	0	0	0	0	0	0	0	0	0	0	0	
187132	Postcentral_R	0	11350	450	1844	0	0	0	364	0	0	0	1230	0	0	0	0	0	2110	902	4252	0	0	0	0	0	0	0	0	0	2088	0	162	0	3354	0	2294	0	1128	0	458	0	0	0	1010	0	2708	0	452	0	648	0	1588	0	0	0	538	0	0	0	7706	0	13558	0	14348	0	2738	0	7396	110	6236	0	326	0	516	0	0	0	174	0	0	0	378	0	0	0	978	0	0	0	172	0	0	0	0	0	0	0	0	0	0	0	0	0	0	0	0	0	0	0	0	0	0	0	0	0	0	
119244	Parietal_Sup_L	414	0	0	0	0	0	80	0	0	0	0	0	0	0	0	0	294	0	0	0	0	0	0	0	0	0	0	0	118	0	0	0	1542	0	0	0	0	0	0	0	0	0	126	0	1658	0	108	0	8740	0	12654	0	120	0	266	0	7734	0	0	0	10154	0	568	0	1022	0	12488	0	862	0	0	0	0	0	0	0	0	0	0	0	142	0	0	0	532	0	0	0	0	0	0	0	0	0	0	0	0	0	0	0	0	0	0	0	0	0	0	0	0	0	0	0	0	0	0	0	
98092	Parietal_Sup_R	0	0	0	0	0	0	0	0	0	0	0	0	0	0	0	0	0	0	0	0	0	0	0	0	0	0	0	0	0	548	0	0	0	0	0	0	0	208	0	160	0	0	0	152	0	2664	0	0	0	6922	0	3358	0	0	0	160	0	7706	0	0	0	8952	0	3504	0	6860	266	6798	0	218	0	0	0	0	0	0	0	0	0	0	0	202	0	0	0	368	0	0	0	0	0	0	0	0	0	0	0	0	0	0	0	0	0	0	0	0	0	0	0	0	0	0	0	0	0	0	
198872	Parietal_Inf_L	4912	0	1144	0	0	0	1576	0	0	0	0	0	0	0	0	0	800	0	1054	0	0	0	0	0	0	0	0	0	218	0	0	0	634	0	0	0	0	0	0	0	0	0	0	0	0	0	94	0	668	0	8928	0	0	0	296	0	23188	0	10154	0	0	0	12646	0	17530	0	1408	0	5750	0	100	0	134	0	0	0	78	0	0	0	1856	0	0	0	6044	0	0	0	224	0	0	0	0	0	0	0	0	0	0	0	0	0	0	0	0	0	0	0	0	0	0	0	0	0	0	0	
107116	Parietal_Inf_R	0	278	0	122	0	0	0	0	0	0	0	0	0	0	0	0	0	0	0	124	0	0	0	0	0	0	0	0	0	776	0	0	0	158	0	0	0	422	0	192	0	0	0	0	0	0	0	0	0	150	0	1684	0	0	0	200	0	13558	0	8952	0	0	0	15000	0	10346	0	286	0	0	0	0	0	0	0	0	0	0	0	0	0	420	0	0	0	890	0	0	0	0	0	0	0	0	0	0	0	0	0	0	0	0	0	0	0	0	0	0	0	0	0	0	0	0	0	0	
107676	SupraMarginal_L	2680	0	556	0	0	0	94	0	0	0	0	0	0	0	0	0	1050	0	754	0	0	0	0	0	0	0	0	0	126	0	0	0	0	0	0	0	0	0	0	0	0	0	0	0	0	0	0	0	0	0	430	0	0	0	78	0	9290	0	568	0	12646	0	0	0	7424	0	282	0	2860	0	0	0	0	0	0	0	0	0	0	0	5194	0	0	0	9332	0	0	0	474	0	0	0	0	0	0	0	0	0	0	0	0	0	0	0	0	0	0	0	0	0	0	0	0	0	0	0	
108376	SupraMarginal_R	0	414	0	174	0	0	0	0	0	0	0	0	0	0	0	0	0	1622	0	186	0	0	0	0	0	0	0	0	0	566	0	0	0	426	0	0	0	956	0	108	0	0	0	0	0	0	0	0	0	0	0	1104	0	0	0	126	0	14348	0	3504	0	15000	0	0	0	6638	0	1220	0	0	0	0	0	0	0	0	0	0	0	74	0	4490	0	0	0	3232	0	0	0	0	0	0	0	0	0	0	0	0	0	0	0	0	0	0	0	0	0	0	0	0	0	0	0	0	0	0	
118008	Angular_L	886	0	0	0	0	0	0	0	0	0	0	0	0	0	0	0	766	0	74	0	0	0	0	0	0	0	0	0	84	0	0	0	0	0	0	0	0	0	0	0	0	0	0	0	0	0	0	0	238	0	12588	0	0	0	166	0	3814	0	1022	0	17530	0	7424	0	0	0	118	0	1794	0	0	0	0	0	0	0	0	0	0	0	1444	0	0	0	10902	0	0	0	154	0	0	0	0	0	0	0	0	0	0	0	0	0	0	0	0	0	0	0	0	0	0	0	0	0	0	0	
124476	Angular_R	0	0	0	0	0	0	0	0	0	0	0	0	0	0	0	0	0	0	0	0	0	0	0	0	0	0	0	0	0	282	0	0	0	0	0	0	0	110	0	0	0	0	0	0	0	640	0	0	0	5710	0	16250	0	0	0	0	0	2738	0	6860	0	10346	0	6638	0	0	0	1870	0	404	0	0	0	0	0	0	0	0	0	0	0	3484	0	0	0	6906	0	0	0	0	0	0	0	0	0	0	0	0	0	0	0	0	0	0	0	0	0	0	0	0	0	0	0	0	0	0	
373064	Precuneus_L	2092	0	162	0	0	0	84	0	0	0	0	0	0	0	0	0	658	0	376	0	0	0	0	0	0	0	0	0	810	0	0	0	6756	166	14786	318	7150	0	3710	0	0	0	20798	3014	16004	6032	5732	684	12544	3678	25716	146	1986	0	4400	272	10418	0	12488	266	1408	0	282	0	118	0	0	6764	5580	0	0	0	0	0	0	0	378	0	700	0	270	0	0	0	7208	0	0	0	2578	0	0	0	0	0	0	0	0	0	0	0	0	0	0	0	0	0	0	0	0	0	0	0	0	0	0	0	
412724	Precuneus_R	682	1908	0	400	0	0	0	90	0	0	0	124	0	0	0	0	0	324	0	8556	0	0	0	0	0	0	0	0	0	1288	0	0	1794	14350	1180	18066	0	4484	0	1258	0	0	606	24750	1166	33902	0	11220	0	18360	0	10816	0	766	0	2454	0	7396	0	6798	0	286	0	1220	0	1870	6764	0	1400	10840	0	0	0	0	0	0	540	106	0	90	0	2558	0	0	0	6188	0	0	0	1328	0	0	0	0	0	0	0	154	0	0	0	0	0	0	0	0	0	0	0	0	280	0	0	0	0	0	
310204	Paracentral_Lobule_L	27462	8534	10752	1684	0	0	1698	0	0	0	0	0	0	0	0	0	910	0	15836	13606	0	0	0	0	0	0	0	0	1312	0	0	0	6432	5000	6926	1970	944	254	84	182	0	0	954	0	1416	104	176	0	118	0	3584	0	252	0	1166	190	12140	110	862	0	5750	0	2860	0	1794	0	5580	1400	0	2414	926	0	2054	0	1460	0	1626	0	304	0	404	0	0	0	2810	0	0	0	1062	0	0	0	0	0	0	0	0	0	0	0	0	0	0	0	0	0	0	0	0	0	0	0	0	0	0	0	
140956	Paracentral_Lobule_R	416	3664	0	440	0	0	0	0	0	0	0	0	0	0	0	0	0	0	0	12738	0	0	0	0	0	0	0	0	0	280	0	0	1000	12894	260	7844	0	266	0	156	0	0	0	866	0	5114	0	344	0	1142	0	1596	0	0	0	342	0	6236	0	218	0	0	0	0	0	404	0	10840	2414	0	0	0	0	0	0	0	96	0	0	0	0	92	0	0	0	590	0	0	0	226	0	0	0	0	0	0	0	0	0	0	0	0	0	0	0	0	0	0	0	0	0	0	0	0	0	0	
162712	Caudate_L	5702	982	6414	1382	948	858	4028	0	0	0	1398	0	368	0	174	72	1044	226	7856	782	5772	5896	0	378	560	420	3952	2150	1578	84	2320	1452	0	0	0	302	308	0	0	0	0	0	0	0	0	0	0	0	0	0	0	0	0	0	0	0	588	0	0	0	100	0	0	0	0	0	0	0	926	0	0	4338	11382	582	1210	0	4350	0	0	0	132	0	342	0	0	0	0	0	0	0	0	0	0	0	0	0	0	0	0	0	0	0	0	0	0	0	0	0	0	0	0	0	0	0	0	0	
388008	Caudate_R	2186	2924	3804	29976	198	4178	1950	3676	0	1200	1368	5146	934	2756	0	2366	98	610	4346	17812	1492	2750	588	16082	0	4882	680	2776	724	7570	2656	28384	124	3348	0	0	0	488	0	302	0	0	0	0	0	0	0	0	0	0	0	0	0	0	0	0	0	326	0	0	0	0	0	0	0	0	0	0	0	0	4338	0	880	19126	0	2556	1058	7346	0	0	0	0	0	0	0	0	0	0	0	0	0	0	0	0	0	0	0	0	0	0	0	0	0	0	0	0	0	0	0	0	0	0	0	0	0	0	
202848	Putamen_L	4788	536	13408	270	1340	134	2020	0	136	0	1004	0	1406	0	1326	0	1210	0	14948	334	1552	1300	1002	0	412	0	580	496	15346	0	6776	590	0	0	0	0	6534	0	394	0	196	0	0	0	0	0	0	0	0	0	0	0	0	0	1272	0	434	0	0	0	134	0	0	0	0	0	0	0	2054	0	11382	880	0	126	4052	0	1008	0	236	0	656	0	322	0	128	0	0	0	702	0	0	0	0	0	0	0	0	0	0	0	0	0	0	0	0	0	0	0	0	0	0	0	0	0	0	0	
297392	Putamen_R	178	4424	910	19406	0	3552	174	1574	0	1882	0	3612	0	1582	0	3208	0	4292	1532	11094	310	442	256	7808	0	3024	244	1744	0	17354	962	13854	0	1448	0	0	0	8846	0	4970	0	1118	0	0	0	0	0	0	0	0	0	0	0	0	0	1372	0	516	0	0	0	0	0	0	0	0	0	0	0	0	582	19126	126	0	0	3576	0	3082	0	76	0	156	0	180	0	0	0	0	0	104	0	0	0	0	0	0	0	0	0	0	0	0	0	0	0	0	0	0	0	0	0	0	0	0	0	0	
43420	Pallidum_L	3578	154	3992	0	0	0	318	0	0	0	0	0	0	0	0	0	0	0	4492	0	0	0	0	0	0	0	0	0	0	0	0	0	0	0	0	0	454	0	0	0	0	0	0	0	0	0	0	0	0	0	0	0	0	0	0	0	160	0	0	0	0	0	0	0	0	0	0	0	1460	0	1210	0	4052	0	0	0	1840	0	0	0	0	0	0	0	0	0	0	0	0	0	0	0	0	0	0	0	0	0	0	0	0	0	0	0	0	0	0	0	0	0	0	0	0	0	0	0	
28576	Pallidum_R	0	978	114	1586	0	278	0	0	0	0	0	528	0	0	0	0	0	348	228	1148	0	0	0	158	0	274	0	0	0	692	0	1016	0	0	0	0	0	406	0	270	0	0	0	0	0	0	0	0	0	0	0	0	0	0	0	0	0	0	0	0	0	0	0	0	0	0	0	0	0	0	0	2556	0	3576	0	0	0	132	0	0	0	0	0	0	0	0	0	0	0	0	0	0	0	0	0	0	0	0	0	0	0	0	0	0	0	0	0	0	0	0	0	0	0	0	0	0	
111880	Thalamus_L	14646	474	2572	0	0	0	6784	0	0	0	116	0	0	0	0	0	174	0	818	284	0	0	0	0	0	0	0	0	142	114	0	0	0	0	3302	6382	2322	3422	86	146	148	0	0	0	0	0	0	282	0	0	0	0	0	0	0	0	450	0	0	0	78	0	0	0	0	0	378	540	1626	96	4350	1058	1008	0	1840	0	0	2302	0	0	0	0	0	0	0	0	0	0	0	0	0	0	0	0	0	0	0	0	0	0	0	0	0	0	0	0	0	0	0	0	0	0	0	0	0	0	
81436	Thalamus_R	424	4818	406	3484	0	0	224	2780	0	0	0	1634	0	0	0	0	0	292	540	2244	0	0	0	412	0	0	0	0	0	1376	0	450	0	172	134	1982	0	4424	0	1174	0	0	0	0	0	0	0	0	0	0	0	0	0	0	0	502	0	174	0	0	0	0	0	0	0	0	0	106	0	0	0	7346	0	3082	0	132	2302	0	0	0	0	0	0	0	0	104	0	0	0	0	0	0	0	0	0	0	0	0	0	0	0	0	0	0	0	0	0	0	0	0	0	0	0	0	0	0	
62676	Heschl_L	1338	0	810	0	0	0	322	0	0	0	904	0	300	0	0	0	5900	0	1934	0	0	0	0	0	0	0	0	0	7714	0	0	0	0	0	622	0	1804	0	0	0	0	0	338	0	0	0	0	0	0	0	198	0	0	0	1992	0	940	0	0	0	0	0	0	0	0	0	700	0	304	0	0	0	236	0	0	0	0	0	0	0	2184	0	0	0	806	0	0	0	1992	0	0	0	0	0	0	0	0	0	0	0	0	0	0	0	0	0	0	0	0	0	0	0	0	0	0	0	
42792	Heschl_R	0	0	0	450	0	0	0	0	0	0	0	0	0	0	0	0	0	2682	0	488	0	0	0	0	0	0	0	0	0	6000	0	0	0	0	0	86	0	950	0	670	0	0	0	0	0	0	0	0	0	0	0	164	0	0	0	2240	0	0	0	0	0	0	0	74	0	0	0	90	0	0	0	0	0	76	0	0	0	0	0	0	0	5024	0	0	0	1368	0	0	0	1034	0	0	0	0	0	0	0	0	0	0	0	0	0	0	0	0	0	0	0	0	0	0	0	0	0	0	
144092	Temporal_Sup_L	1682	0	668	0	0	0	256	0	0	0	1080	0	0	0	0	0	8256	0	1410	0	0	0	0	0	0	0	0	0	6616	0	0	0	0	0	98	0	1396	0	0	0	0	0	0	0	98	0	0	0	0	0	2048	0	0	0	2294	0	2426	0	142	0	1856	0	5194	0	1444	0	270	0	404	0	132	0	656	0	0	0	0	0	2184	0	0	0	2876	0	19560	0	0	0	9000	0	0	0	0	0	0	0	0	0	0	0	0	0	0	0	0	0	0	0	0	0	0	0	0	0	0	0	
97152	Temporal_Sup_R	0	100	0	326	0	0	0	0	0	0	0	0	0	0	0	0	0	3030	0	312	0	0	0	0	0	0	0	0	0	4868	0	0	0	114	0	0	0	1084	0	312	0	0	0	316	0	366	0	0	0	116	0	1898	0	0	0	1296	0	378	0	202	0	420	0	4490	0	3484	0	2558	0	92	0	0	0	156	0	0	0	0	0	5024	0	0	0	1434	0	13794	0	242	0	2164	0	0	0	0	0	0	0	0	0	0	0	0	0	0	0	0	0	0	0	0	0	0	0	0	0	0	
65732	Temporal_Pole_Sup_L	996	0	964	0	416	0	1172	0	212	0	4252	0	640	0	2652	0	3300	0	548	0	352	0	74	0	84	0	0	0	5256	0	606	0	0	0	0	0	878	0	288	0	238	0	0	0	0	0	0	0	0	0	0	0	0	0	1146	0	0	0	0	0	0	0	0	0	0	0	0	0	0	0	342	0	322	0	0	0	0	0	0	0	2876	0	0	0	2254	0	1206	0	1792	0	0	0	0	0	0	0	0	0	0	0	0	0	0	0	0	0	0	0	0	0	0	0	0	0	0	0	
66892	Temporal_Pole_Sup_R	0	0	0	1470	0	0	0	798	0	0	0	1944	0	0	0	158	0	2642	120	994	0	130	0	94	0	0	0	0	0	3942	0	218	0	298	0	0	0	1436	0	1384	0	2290	0	0	0	0	0	0	0	0	0	0	0	0	0	6074	0	0	0	0	0	0	0	0	0	0	0	0	0	0	0	0	0	180	0	0	0	0	0	0	0	1434	0	0	0	1298	0	4720	0	1822	0	0	0	0	0	0	0	0	0	0	0	0	0	0	0	0	0	0	0	0	0	0	0	0	0	0	
304824	Temporal_Mid_L	774	96	154	0	0	0	0	0	0	0	130	0	0	0	0	0	2202	0	256	0	0	0	0	0	0	0	0	0	1538	0	0	0	286	0	1010	0	444	0	120	0	0	0	3830	0	2186	0	608	0	232	0	35022	0	2134	0	4234	0	9606	0	532	0	6044	0	9332	0	10902	0	7208	0	2810	0	0	0	128	0	0	0	0	0	806	0	19560	0	2254	0	0	0	1236	0	26738	0	0	0	0	0	0	0	0	0	0	0	0	0	0	0	0	0	0	0	0	0	0	0	0	0	0	0	
196616	Temporal_Mid_R	0	630	0	0	0	0	0	0	0	0	0	0	0	0	0	0	0	268	0	800	0	0	0	0	0	0	0	0	0	3660	0	0	0	1276	0	720	0	980	0	316	0	0	0	8414	0	2782	0	548	0	254	0	16114	0	734	0	1918	0	978	0	368	0	890	0	3232	0	6906	0	6188	0	590	0	0	0	0	0	0	0	104	0	1368	0	13794	0	1298	0	0	0	1544	0	21634	0	0	0	0	0	0	0	0	0	0	0	0	0	0	0	0	0	0	0	0	0	0	0	0	0	0	
13872	Temporal_Pole_Mid_L	0	0	0	0	0	0	0	0	0	0	0	0	0	0	0	0	0	0	0	0	0	0	0	0	0	0	0	0	0	0	0	0	0	0	0	0	0	0	162	0	0	0	0	0	0	0	0	0	0	0	0	0	0	0	1990	0	0	0	0	0	0	0	0	0	0	0	0	0	0	0	0	0	0	0	0	0	0	0	0	0	0	0	1206	0	1236	0	0	0	2342	0	0	0	0	0	0	0	0	0	0	0	0	0	0	0	0	0	0	0	0	0	0	0	0	0	0	0	
28316	Temporal_Pole_Mid_R	0	0	0	0	0	0	0	0	0	0	0	0	0	0	0	0	0	0	0	0	0	0	0	0	0	0	0	0	0	0	0	0	0	0	0	0	0	464	0	988	0	558	0	0	0	0	0	0	0	0	0	0	0	0	0	4076	0	0	0	0	0	0	0	0	0	0	0	0	0	0	0	0	0	0	0	0	0	0	0	0	0	242	0	4720	0	1544	0	0	0	1566	0	0	0	0	0	0	0	0	0	0	0	0	0	0	0	0	0	0	0	0	0	0	0	0	0	0	
205108	Temporal_Inf_L	1206	0	206	0	0	0	166	0	0	0	222	0	0	0	0	0	2778	0	232	0	0	0	0	0	0	0	0	0	3636	0	0	0	0	0	1428	0	4868	0	542	0	806	0	2432	0	802	0	480	0	0	0	4668	0	4324	0	23046	0	1226	0	0	0	224	0	474	0	154	0	2578	0	1062	0	0	0	702	0	0	0	0	0	1992	0	9000	0	1792	0	26738	0	2342	0	0	0	1726	0	0	0	0	0	100	0	404	0	78	0	120	0	0	0	0	0	0	0	0	0	0	0	0	0	
121984	Temporal_Inf_R	0	310	0	0	0	0	0	0	0	0	0	0	0	0	0	0	0	152	0	342	0	0	0	0	0	0	0	0	0	2240	0	0	0	474	0	356	0	2904	0	742	0	640	0	4978	0	526	0	582	0	82	0	2196	0	2800	0	10674	0	172	0	0	0	0	0	0	0	0	0	1328	0	226	0	0	0	104	0	0	0	0	0	1034	0	2164	0	1822	0	21634	0	1566	0	0	0	862	0	0	0	0	0	0	0	82	0	0	0	0	0	0	0	0	0	0	0	0	0	0	0	0	
368900	Cerebelum_Crus1_L	0	0	0	0	0	0	0	0	0	0	0	0	0	0	0	0	0	0	0	0	0	0	0	0	0	0	0	0	0	0	0	0	0	0	0	0	0	0	104	0	0	0	710	0	160	0	6126	1038	106	0	1256	0	2798	0	14694	328	0	0	0	0	0	0	0	0	0	0	0	0	0	0	0	0	0	0	0	0	0	0	0	0	0	0	0	0	0	0	0	0	1726	0	0	5076	23432	4238	468	104	15344	914	44530	4512	11202	356	14866	2944	6020	1346	168	0	0	402	2084	3334	10066	2086	1912	0	
308212	Cerebelum_Crus1_R	0	0	0	0	0	0	0	0	0	0	0	0	0	0	0	0	0	0	0	0	0	0	0	0	0	0	0	0	0	0	0	0	0	0	0	0	0	0	0	0	0	0	294	788	0	328	2010	5034	0	270	0	172	84	0	436	8284	0	0	0	0	0	0	0	0	0	0	0	0	0	0	0	0	0	0	0	0	0	0	0	0	0	0	0	0	0	0	0	0	0	862	5076	0	1832	24116	276	1690	1464	12808	4520	40120	0	5436	338	18114	206	1064	0	0	0	1206	4474	4250	7190	792	572	0	
240164	Cerebelum_Crus2_L	0	0	0	0	0	0	0	0	0	0	0	0	0	0	0	0	0	0	0	0	0	0	0	0	0	0	0	0	0	0	0	0	0	0	0	0	0	0	0	0	0	0	0	0	0	0	1306	0	0	0	0	0	100	0	636	0	0	0	0	0	0	0	0	0	0	0	0	0	0	0	0	0	0	0	0	0	0	0	0	0	0	0	0	0	0	0	0	0	0	0	23432	1832	0	8744	0	0	0	0	3916	1144	30194	4762	24980	3152	3900	166	0	0	0	0	0	146	9236	2192	244	0	
263552	Cerebelum_Crus2_R	0	0	0	0	0	0	0	0	0	0	0	0	0	0	0	0	0	0	0	0	0	0	0	0	0	0	0	0	0	0	0	0	0	0	0	0	0	0	0	0	0	0	0	0	0	0	0	0	0	0	0	0	0	0	0	492	0	0	0	0	0	0	0	0	0	0	0	0	0	0	0	0	0	0	0	0	0	0	0	0	0	0	0	0	0	0	0	0	0	0	4238	24116	8744	0	0	88	0	1344	1172	5664	6716	22570	7304	30498	1792	1784	0	0	0	0	0	134	11620	2934	566	0	
21780	Cerebelum_3_L	0	0	0	0	0	0	0	0	0	0	0	0	0	0	0	0	0	0	0	0	0	0	0	0	0	0	0	0	0	0	0	0	0	0	0	0	0	0	0	0	0	0	0	0	0	0	0	0	0	0	0	0	0	0	0	0	0	0	0	0	0	0	0	0	0	0	0	0	0	0	0	0	0	0	0	0	0	0	0	0	0	0	0	0	0	0	0	0	0	0	468	276	0	0	0	294	4548	314	804	294	0	0	0	0	214	100	0	0	502	1180	1644	126	0	0	126	0	
35512	Cerebelum_3_R	0	0	0	0	0	0	0	0	0	0	0	0	0	0	0	0	0	0	0	0	0	0	0	0	0	0	0	0	0	0	0	0	0	0	0	0	0	0	0	0	0	0	0	0	0	0	98	114	0	0	0	0	0	0	0	174	0	0	0	0	0	0	0	0	0	0	0	0	0	0	0	0	0	0	0	0	0	0	0	0	0	0	0	0	0	0	0	0	0	0	104	1690	0	88	294	0	1070	3602	604	3008	0	0	0	164	386	930	126	0	270	1960	1428	720	0	238	688	0	
251924	Cerebelum_4_5_L	0	0	0	0	0	0	0	0	0	0	0	0	0	0	0	0	0	0	0	0	0	0	0	0	0	0	0	0	0	0	0	0	0	0	0	0	98	0	314	0	0	0	202	0	0	0	8908	4688	0	0	364	0	864	0	12546	774	0	0	0	0	0	0	0	0	0	0	0	0	0	0	0	0	0	0	0	0	0	0	0	0	0	0	0	0	0	0	0	0	100	0	15344	1464	0	0	4548	1070	0	7320	29400	3512	488	0	158	0	3012	2516	606	0	268	1788	15366	4220	0	1604	3158	1262	
200944	Cerebelum_4_5_R	0	0	0	0	0	0	0	0	0	0	0	0	0	0	0	0	0	0	0	0	0	0	0	0	0	0	0	0	0	0	0	0	0	0	0	0	0	566	0	1128	0	276	0	0	0	0	2290	9564	0	0	0	0	0	222	568	8518	0	0	0	0	0	0	0	0	0	0	0	154	0	0	0	0	0	0	0	0	0	0	0	0	0	0	0	0	0	0	0	0	0	0	914	12808	0	1344	314	3602	7320	0	2522	24010	0	462	0	1938	748	638	74	0	0	1744	15974	1096	148	282	696	552	
389032	Cerebelum_6_L	0	0	0	0	0	0	0	0	0	0	0	0	0	0	0	0	0	0	0	0	0	0	0	0	0	0	0	0	0	0	0	0	0	0	0	0	94	0	308	0	0	0	182	0	0	0	15012	3416	82	0	866	0	1828	0	22158	936	0	0	0	0	0	0	0	0	0	0	0	0	0	0	0	0	0	0	0	0	0	0	0	0	0	0	0	0	0	0	0	0	404	0	44530	4520	3916	1172	804	604	29400	2522	0	7046	3198	108	3934	1066	5730	3808	930	0	76	952	7278	11590	6876	3910	4804	456	
322300	Cerebelum_6_R	0	0	0	0	0	0	0	0	0	0	0	0	0	0	0	0	0	0	0	0	0	0	0	0	0	0	0	0	0	0	0	0	0	0	0	0	0	0	0	0	0	0	398	1312	0	508	4016	11628	0	486	90	342	166	414	822	13542	0	0	0	0	0	0	0	0	0	0	0	0	0	0	0	0	0	0	0	0	0	0	0	0	0	0	0	0	0	0	0	0	0	82	4512	40120	1144	5664	294	3008	3512	24010	7046	0	0	1502	360	6150	506	1078	0	0	0	1368	10526	7778	6524	1132	972	138	
195440	Cerebelum_7b_L	0	0	0	0	0	0	0	0	0	0	0	0	0	0	0	0	0	0	0	0	0	0	0	0	0	0	0	0	0	0	0	0	0	0	0	0	0	0	0	0	0	0	0	0	0	0	0	0	0	0	0	0	0	0	118	0	0	0	0	0	0	0	0	0	0	0	0	0	0	0	0	0	0	0	0	0	0	0	0	0	0	0	0	0	0	0	0	0	78	0	11202	0	30194	6716	0	0	488	0	3198	0	0	4660	26644	2112	3862	80	0	0	0	0	0	0	5852	2356	160	0	
148264	Cerebelum_7b_R	0	0	0	0	0	0	0	0	0	0	0	0	0	0	0	0	0	0	0	0	0	0	0	0	0	0	0	0	0	0	0	0	0	0	0	0	0	0	0	0	0	0	0	0	0	0	0	0	0	0	0	0	0	0	0	194	0	0	0	0	0	0	0	0	0	0	0	0	0	0	0	0	0	0	0	0	0	0	0	0	0	0	0	0	0	0	0	0	0	0	356	5436	4762	22570	0	0	0	462	108	1502	4660	0	3916	19912	518	2348	0	0	0	0	0	0	4586	2802	0	0	
240804	Cerebelum_8_L	0	0	0	0	0	0	0	0	0	0	0	0	0	0	0	0	0	0	0	0	0	0	0	0	0	0	0	0	0	0	0	0	0	0	0	0	0	0	0	0	0	0	0	0	0	0	0	0	0	0	0	0	0	0	0	0	0	0	0	0	0	0	0	0	0	0	0	0	0	0	0	0	0	0	0	0	0	0	0	0	0	0	0	0	0	0	0	0	120	0	14866	338	24980	7304	0	0	158	0	3934	360	26644	3916	0	6490	16040	734	236	0	0	0	0	206	7708	5496	872	0	
243484	Cerebelum_8_R	0	0	0	0	0	0	0	0	0	0	0	0	0	0	0	0	0	0	0	0	0	0	0	0	0	0	0	0	0	0	0	0	0	0	0	0	0	0	0	0	0	0	0	0	0	0	0	0	0	0	0	0	0	0	0	574	0	0	0	0	0	0	0	0	0	0	0	0	0	0	0	0	0	0	0	0	0	0	0	0	0	0	0	0	0	0	0	0	0	0	2944	18114	3152	30498	0	164	0	1938	1066	6150	2112	19912	6490	0	2174	12222	0	138	0	130	78	250	7526	4746	1292	72	
124108	Cerebelum_9_L	0	0	0	0	0	0	0	0	0	0	0	0	0	0	0	0	0	0	0	0	0	0	0	0	0	0	0	0	0	0	0	0	0	0	0	0	0	0	0	0	0	0	0	0	0	0	0	388	0	0	0	0	0	0	184	0	0	0	0	0	0	0	0	0	0	0	0	0	0	0	0	0	0	0	0	0	0	0	0	0	0	0	0	0	0	0	0	0	0	0	6020	206	3900	1792	214	386	3012	748	5730	506	3862	518	16040	2174	0	1864	2568	0	0	242	1964	2008	2658	2282	2182	606	
110148	Cerebelum_9_R	0	0	0	0	0	0	0	0	0	0	0	0	0	0	0	0	0	0	0	0	0	0	0	0	0	0	0	0	0	0	0	0	0	0	0	0	0	0	0	0	0	0	0	0	0	0	330	0	0	0	0	0	0	0	248	0	0	0	0	0	0	0	0	0	0	0	0	0	0	0	0	0	0	0	0	0	0	0	0	0	0	0	0	0	0	0	0	0	0	0	1346	1064	166	1784	100	930	2516	638	3808	1078	80	2348	734	12222	1864	0	500	702	300	750	2056	4960	2688	4892	6054	916	
15004	Cerebelum_10_L	0	0	0	0	0	0	0	0	0	0	0	0	0	0	0	0	0	0	0	0	0	0	0	0	0	0	0	0	0	0	0	0	0	0	0	0	0	0	0	0	0	0	0	0	0	0	0	0	0	0	0	0	0	0	0	0	0	0	0	0	0	0	0	0	0	0	0	0	0	0	0	0	0	0	0	0	0	0	0	0	0	0	0	0	0	0	0	0	0	0	168	0	0	0	0	126	606	74	930	0	0	0	236	0	2568	500	0	0	0	76	400	608	192	382	558	78	
1680	Cerebelum_10_R	0	0	0	0	0	0	0	0	0	0	0	0	0	0	0	0	0	0	0	0	0	0	0	0	0	0	0	0	0	0	0	0	0	0	0	0	0	0	0	0	0	0	0	0	0	0	0	0	0	0	0	0	0	0	0	0	0	0	0	0	0	0	0	0	0	0	0	0	0	0	0	0	0	0	0	0	0	0	0	0	0	0	0	0	0	0	0	0	0	0	0	0	0	0	0	0	0	0	0	0	0	0	0	138	0	702	0	0	0	0	0	0	0	0	0	0	
12004	Vermis_1_2	0	0	0	0	0	0	0	0	0	0	0	0	0	0	0	0	0	0	0	0	0	0	0	0	0	0	0	0	0	0	0	0	0	0	0	0	0	0	0	0	0	0	0	0	0	0	0	0	0	0	0	0	0	0	0	0	0	0	0	0	0	0	0	0	0	0	0	0	0	0	0	0	0	0	0	0	0	0	0	0	0	0	0	0	0	0	0	0	0	0	0	0	0	0	502	270	268	0	76	0	0	0	0	0	0	300	0	0	0	3346	1076	76	0	0	88	0	
40052	Vermis_3	0	0	0	0	0	0	0	0	0	0	0	0	0	0	0	0	0	0	0	0	0	0	0	0	0	0	0	0	0	0	0	0	0	0	0	0	0	0	0	0	0	0	0	0	0	0	306	0	0	0	0	0	0	0	338	0	0	0	0	0	0	0	0	0	0	0	0	0	0	0	0	0	0	0	0	0	0	0	0	0	0	0	0	0	0	0	0	0	0	0	402	1206	0	0	1180	1960	1788	1744	952	1368	0	0	0	130	242	750	76	0	3346	0	3262	416	0	124	436	0	
196848	Vermis_4_5	0	0	0	0	0	0	0	0	0	0	0	0	0	0	0	0	0	0	0	0	0	0	0	0	0	0	0	0	0	0	0	0	0	0	0	248	0	164	0	0	0	0	156	216	0	0	4368	9228	0	0	0	0	114	180	1426	3866	0	0	0	0	0	0	0	0	0	0	0	280	0	0	0	0	0	0	0	0	0	0	0	0	0	0	0	0	0	0	0	0	0	0	2084	4474	0	0	1644	1428	15366	15974	7278	10526	0	0	0	78	1964	2056	400	0	1076	3262	0	4998	0	790	2596	2184	
152240	Vermis_6	0	0	0	0	0	0	0	0	0	0	0	0	0	0	0	0	0	0	0	0	0	0	0	0	0	0	0	0	0	0	0	0	0	0	0	0	0	0	0	0	0	0	0	98	0	0	4954	4126	0	82	276	118	368	106	1364	1124	0	0	0	0	0	0	0	0	0	0	0	0	0	0	0	0	0	0	0	0	0	0	0	0	0	0	0	0	0	0	0	0	0	0	3334	4250	146	134	126	720	4220	1096	11590	7778	0	0	206	250	2008	4960	608	0	76	416	4998	0	4396	4194	5888	2110	
199492	Vermis_7	0	0	0	0	0	0	0	0	0	0	0	0	0	0	0	0	0	0	0	0	0	0	0	0	0	0	0	0	0	0	0	0	0	0	0	0	0	0	0	0	0	0	0	0	0	0	1498	488	0	0	0	0	80	0	334	486	0	0	0	0	0	0	0	0	0	0	0	0	0	0	0	0	0	0	0	0	0	0	0	0	0	0	0	0	0	0	0	0	0	0	10066	7190	9236	11620	0	0	0	148	6876	6524	5852	4586	7708	7526	2658	2688	192	0	0	0	0	4396	0	5926	3668	0	
113064	Vermis_8	0	0	0	0	0	0	0	0	0	0	0	0	0	0	0	0	0	0	0	0	0	0	0	0	0	0	0	0	0	0	0	0	0	0	0	0	0	0	0	0	0	0	0	0	0	0	384	0	0	0	0	0	0	0	246	0	0	0	0	0	0	0	0	0	0	0	0	0	0	0	0	0	0	0	0	0	0	0	0	0	0	0	0	0	0	0	0	0	0	0	2086	792	2192	2934	0	238	1604	282	3910	1132	2356	2802	5496	4746	2282	4892	382	0	0	124	790	4194	5926	0	6540	202	
