data	data	639008	291748	889432	777644	211800	147912	518704	289556	110360	13376	420072	196112	292940	117872	150444	108504	404752	126288	655916	645012	105472	126496	318548	254420	45320	73764	97256	104428	840792	365232	262080	313252	184692	392972	72216	123776	313068	386240	187508	277712	25516	69544	326572	393580	205304	440440	320388	417120	218588	398556	537724	338312	167576	205456	552728	582652	297488	286088	158024	172764	272528	139224	128660	149920	173916	148976	283872	468320	298444	151400	411400	360012	347684	401012	42620	24376	110372	156244	161200	52408	341008	161944	130688	61920	303364	257068	31032	22956	356668	249724	573984	430948	340580	306704	37772	106656	364484	291604	569156	500852	322580	234356	359784	315556	164696	218712	41896	5968	45036	75148	288576	353380	277820	183208	148520	36116	
data	data	Precentral_L	Precentral_R	Frontal_Sup_L	Frontal_Sup_R	Frontal_Sup_Orb_L	Frontal_Sup_Orb_R	Frontal_Mid_L	Frontal_Mid_R	Frontal_Mid_Orb_L	Frontal_Mid_Orb_R	Frontal_Inf_Oper_L	Frontal_Inf_Oper_R	Frontal_Inf_Tri_L	Frontal_Inf_Tri_R	Frontal_Inf_Orb_L	Frontal_Inf_Orb_R	Rolandic_Oper_L	Rolandic_Oper_R	Supp_Motor_Area_L	Supp_Motor_Area_R	Olfactory_L	Olfactory_R	Frontal_Sup_Medial_L	Frontal_Sup_Medial_R	Frontal_Med_Orb_L	Frontal_Med_Orb_R	Rectus_L	Rectus_R	Insula_L	Insula_R	Cingulum_Ant_L	Cingulum_Ant_R	Cingulum_Mid_L	Cingulum_Mid_R	Cingulum_Post_L	Cingulum_Post_R	Hippocampus_L	Hippocampus_R	ParaHippocampal_L	ParaHippocampal_R	Amygdala_L	Amygdala_R	Calcarine_L	Calcarine_R	Cuneus_L	Cuneus_R	Lingual_L	Lingual_R	Occipital_Sup_L	Occipital_Sup_R	Occipital_Mid_L	Occipital_Mid_R	Occipital_Inf_L	Occipital_Inf_R	Fusiform_L	Fusiform_R	Postcentral_L	Postcentral_R	Parietal_Sup_L	Parietal_Sup_R	Parietal_Inf_L	Parietal_Inf_R	SupraMarginal_L	SupraMarginal_R	Angular_L	Angular_R	Precuneus_L	Precuneus_R	Paracentral_Lobule_L	Paracentral_Lobule_R	Caudate_L	Caudate_R	Putamen_L	Putamen_R	Pallidum_L	Pallidum_R	Thalamus_L	Thalamus_R	Heschl_L	Heschl_R	Temporal_Sup_L	Temporal_Sup_R	Temporal_Pole_Sup_L	Temporal_Pole_Sup_R	Temporal_Mid_L	Temporal_Mid_R	Temporal_Pole_Mid_L	Temporal_Pole_Mid_R	Temporal_Inf_L	Temporal_Inf_R	Cerebelum_Crus1_L	Cerebelum_Crus1_R	Cerebelum_Crus2_L	Cerebelum_Crus2_R	Cerebelum_3_L	Cerebelum_3_R	Cerebelum_4_5_L	Cerebelum_4_5_R	Cerebelum_6_L	Cerebelum_6_R	Cerebelum_7b_L	Cerebelum_7b_R	Cerebelum_8_L	Cerebelum_8_R	Cerebelum_9_L	Cerebelum_9_R	Cerebelum_10_L	Cerebelum_10_R	Vermis_1_2	Vermis_3	Vermis_4_5	Vermis_6	Vermis_7	Vermis_8	Vermis_9	Vermis_10	
639008	Precentral_L	0	4316	25314	2412	0	0	23488	0	0	0	15726	0	1014	0	0	0	15332	0	25568	11320	0	0	0	0	0	0	0	0	16360	0	112	0	352	5784	0	200	10462	0	1784	0	0	0	214	128	120	72	260	0	282	0	3576	0	1234	0	4430	0	26052	718	1742	0	11564	0	10134	254	2168	0	552	420	36002	4376	4088	1468	7798	0	2290	0	12330	1618	10972	0	6400	0	124	0	3166	0	0	0	5240	0	84	0	0	0	0	0	0	0	84	0	0	0	0	0	0	0	0	0	0	0	0	0	0	0	0	0	
291748	Precentral_R	4316	0	1138	24570	0	0	178	4230	0	0	82	4650	0	252	0	272	76	1124	3974	9912	0	0	0	0	0	0	0	0	412	4040	0	0	74	426	88	286	226	8198	0	2340	0	0	0	208	0	604	0	90	0	548	0	254	0	388	126	1724	458	14160	0	1810	0	2306	0	3814	0	1130	0	838	4978	6306	842	8264	1318	3470	1106	78	756	17608	0	304	0	278	0	0	0	704	0	0	0	540	0	0	0	0	0	0	0	0	0	0	0	0	0	0	0	0	0	0	0	0	0	0	0	0	0	0	
889432	Frontal_Sup_L	25314	1138	0	9680	10874	0	66404	1742	2992	0	22616	392	17718	94	3504	118	19464	0	67612	11740	78	0	38504	1468	934	0	230	0	40662	284	13618	3684	6844	3966	0	0	4116	828	708	274	0	0	0	0	0	0	346	0	0	0	130	0	178	0	2324	126	7584	0	0	0	288	0	80	0	124	0	0	0	3222	0	12406	1516	17356	660	1572	0	1610	344	2464	0	10000	0	1572	0	268	0	0	0	2372	0	160	0	0	0	0	0	180	0	234	0	0	0	0	0	0	0	0	0	0	0	0	0	0	0	0	0	
777644	Frontal_Sup_R	2412	24570	9680	0	68	3360	1064	35288	0	0	1590	7752	754	5050	0	3310	1028	4352	15390	56894	0	192	12798	37050	0	1686	0	428	3522	11632	3434	25282	1436	21906	0	0	266	6120	0	2120	0	0	0	0	0	0	0	0	0	0	0	0	0	0	190	928	200	1540	0	0	0	0	0	300	0	0	0	0	2172	0	6896	26262	3750	21426	1056	2232	390	18706	238	0	288	212	484	550	0	0	0	0	104	170	0	0	0	0	0	0	0	294	0	0	0	0	0	0	0	0	0	0	0	0	0	0	0	0	0	0	
211800	Frontal_Sup_Orb_L	0	0	10874	68	0	734	5104	0	13370	0	252	0	5854	0	13018	78	0	0	1374	0	3714	1628	3884	0	3346	246	8356	914	12326	0	3352	352	104	0	0	0	0	0	0	0	108	0	0	0	0	0	0	0	0	0	0	0	0	0	0	0	0	0	0	0	0	0	0	0	0	0	0	0	0	0	4088	950	9934	70	0	0	0	0	0	0	0	0	1366	0	0	0	436	0	0	0	0	0	0	0	0	0	0	0	0	0	0	0	0	0	0	0	0	0	0	0	0	0	0	0	0	0	
147912	Frontal_Sup_Orb_R	0	0	0	3360	734	0	0	354	258	2332	0	0	0	228	280	5820	0	0	0	100	2450	5490	332	4438	398	7154	1598	11218	120	1690	726	4598	0	0	0	0	0	0	0	82	0	0	0	0	0	0	0	0	0	0	0	0	0	0	0	0	0	0	0	0	0	0	0	0	0	0	0	0	0	0	2316	9724	568	7292	0	0	0	0	0	0	0	0	0	296	0	0	0	0	0	0	0	0	0	0	0	0	0	0	0	0	0	0	0	0	0	0	0	0	0	0	0	0	0	0	0	0	
518704	Frontal_Mid_L	23488	178	66404	1064	5104	0	0	578	3034	0	18170	174	33492	0	4688	0	4982	0	14116	1008	0	0	16528	312	0	0	0	0	23068	130	6050	422	6068	288	0	0	3120	164	686	86	0	0	0	0	0	0	0	0	122	0	400	0	292	0	1620	0	2404	0	172	0	1260	0	350	0	564	0	200	0	96	0	5942	110	3870	76	156	0	1898	220	2718	0	1976	0	370	0	278	0	0	0	856	0	0	0	0	0	0	0	0	0	0	0	0	0	0	0	0	0	0	0	0	0	0	0	0	0	0	0	
289556	Frontal_Mid_R	0	4230	1742	35288	0	354	578	0	0	388	3230	13938	678	9740	0	1446	2610	4066	1240	7216	0	0	1262	6674	0	0	0	0	4878	8856	300	558	0	5106	0	0	0	3798	0	1208	0	0	0	0	0	0	0	0	0	0	0	0	0	0	0	818	0	742	0	74	0	80	0	150	0	0	0	0	0	0	5898	3950	440	8290	0	1284	0	762	0	282	982	386	658	456	0	0	0	0	0	142	0	0	0	0	0	0	0	0	0	0	0	0	0	0	0	0	0	0	0	0	0	0	0	0	0	0	
110360	Frontal_Mid_Orb_L	0	0	2992	0	13370	258	3034	0	0	0	86	0	4252	0	11566	0	0	0	306	0	782	674	90	0	614	70	4438	366	5510	0	330	158	72	0	0	0	0	0	0	0	0	0	0	0	0	0	0	0	0	0	0	0	0	0	0	0	0	0	0	0	0	0	0	0	0	0	0	0	0	0	1436	378	3874	0	0	0	0	0	0	0	0	0	422	0	0	0	102	0	0	0	0	0	0	0	0	0	0	0	0	0	0	0	0	0	0	0	0	0	0	0	0	0	0	0	0	0	
13376	Frontal_Mid_Orb_R	0	0	0	0	0	2332	0	388	0	0	0	0	0	338	0	2316	0	0	0	0	0	0	0	0	0	314	0	468	0	0	0	0	0	0	0	0	0	0	0	0	0	0	0	0	0	0	0	0	0	0	0	0	0	0	0	0	0	0	0	0	0	0	0	0	0	0	0	0	0	0	0	142	0	390	0	0	0	0	0	0	0	0	0	0	0	0	0	0	0	0	0	0	0	0	0	0	0	0	0	0	0	0	0	0	0	0	0	0	0	0	0	0	0	0	0	0	
420072	Frontal_Inf_Oper_L	15726	82	22616	1590	252	0	18170	3230	86	0	0	380	12750	260	0	68	27352	0	13928	1184	0	0	1936	0	0	0	0	0	34294	430	2518	1012	3548	418	0	0	976	706	248	264	0	0	0	0	0	0	0	0	110	0	298	0	386	0	882	208	4008	0	88	0	938	0	636	0	692	0	152	0	152	0	12042	180	3292	952	0	0	268	568	1598	0	11230	0	6376	0	304	0	0	0	652	0	0	0	0	0	0	0	0	0	0	0	0	0	0	0	0	0	0	0	0	0	0	0	0	0	0	0	
196112	Frontal_Inf_Oper_R	0	4650	392	7752	0	0	174	13938	0	0	380	0	226	7770	0	300	270	6732	434	6350	0	0	0	0	0	0	0	0	592	19802	98	212	0	1162	0	0	0	5376	0	2162	0	0	0	0	0	0	0	0	0	0	0	0	0	0	0	1628	0	2016	0	120	0	130	0	170	0	84	0	0	0	0	1114	176	98	10614	0	138	0	268	0	582	94	496	152	1122	0	0	0	0	0	282	0	0	0	0	0	0	0	0	0	0	0	0	0	0	0	0	0	0	0	0	0	0	0	0	0	0	
292940	Frontal_Inf_Tri_L	1014	0	17718	754	5854	0	33492	678	4252	0	12750	226	0	106	9256	0	1172	0	3110	434	0	0	2552	0	0	0	0	0	30560	176	6750	460	3446	0	0	0	0	106	0	0	0	0	0	0	0	0	0	0	0	0	0	0	0	0	0	0	0	0	0	0	0	0	0	0	0	0	0	0	0	0	6398	112	3100	90	0	0	68	0	0	0	652	0	1184	0	0	0	0	0	0	0	0	0	0	0	0	0	0	0	0	0	0	0	0	0	0	0	0	0	0	0	0	0	0	0	0	0	
117872	Frontal_Inf_Tri_R	0	252	94	5050	0	228	0	9740	0	338	260	7770	106	0	0	5200	178	248	358	4872	0	0	68	292	0	0	0	0	382	13370	228	464	0	2258	0	0	0	162	0	126	0	0	0	0	0	0	0	0	0	0	0	0	0	0	0	0	0	0	0	0	0	0	0	0	0	0	0	0	0	0	1100	2394	114	3080	0	0	0	94	0	0	0	0	110	0	0	0	0	0	0	0	0	0	0	0	0	0	0	0	0	0	0	0	0	0	0	0	0	0	0	0	0	0	0	0	0	0	
150444	Frontal_Inf_Orb_L	0	0	3504	0	13018	280	4688	0	11566	0	0	0	9256	0	0	0	0	0	306	0	2912	726	628	0	82	0	3116	362	12850	0	620	218	460	0	0	0	126	0	194	0	130	0	0	0	0	0	0	0	0	0	0	0	0	0	0	0	0	0	0	0	0	0	0	0	0	0	0	0	0	0	2070	454	4996	0	0	0	0	0	0	0	0	0	1920	0	0	0	740	0	0	0	0	0	0	0	0	0	0	0	0	0	0	0	0	0	0	0	0	0	0	0	0	0	0	0	0	0	
108504	Frontal_Inf_Orb_R	0	272	118	3310	78	5820	0	1446	0	2316	68	300	0	5200	0	0	0	144	210	2152	292	3214	0	122	0	0	192	3764	170	8474	86	262	0	564	0	0	0	130	0	226	0	224	0	0	0	0	0	0	0	0	0	0	0	0	0	98	0	0	0	0	0	0	0	0	0	0	0	0	0	0	642	5846	178	6756	0	0	0	82	0	0	0	148	0	1348	0	0	0	0	0	0	0	0	0	0	0	0	0	0	0	0	0	0	0	0	0	0	0	0	0	0	0	0	0	0	0	0	
404752	Rolandic_Oper_L	15332	76	19464	1028	0	0	4982	2610	0	0	27352	270	1172	178	0	0	0	0	14140	808	0	0	602	0	0	0	0	0	35412	322	288	550	1414	302	0	0	1448	614	522	228	0	0	0	0	0	0	304	0	0	0	1788	0	800	0	2000	186	12038	0	112	0	738	0	2108	0	522	0	104	0	572	0	7844	138	1466	818	0	0	378	544	6072	0	23296	0	4184	0	3422	0	0	0	3828	0	0	0	0	0	0	0	0	0	0	0	0	0	0	0	0	0	0	0	0	0	0	0	0	0	0	0	
126288	Rolandic_Oper_R	0	1124	0	4352	0	0	0	4066	0	0	0	6732	0	248	0	144	0	0	0	2920	0	0	0	0	0	0	0	0	76	12152	0	0	0	84	0	0	0	2140	0	932	0	0	0	114	0	224	0	72	0	180	0	192	0	190	0	1220	0	4448	0	134	0	398	0	2244	0	200	0	224	0	0	160	96	0	4072	0	404	0	116	0	3886	0	5734	0	1498	0	1324	0	0	0	1044	0	0	0	0	0	0	0	0	0	0	0	0	0	0	0	0	0	0	0	0	0	0	0	0	0	0	
655916	Supp_Motor_Area_L	25568	3974	67612	15390	1374	0	14116	1240	306	0	13928	434	3110	358	306	210	14140	0	0	32624	0	0	7342	200	84	0	0	0	19762	202	5540	3342	7718	12206	442	312	1568	328	232	94	0	0	0	0	0	0	0	0	0	0	0	0	0	0	576	0	5348	150	0	0	92	0	0	0	0	0	0	284	23416	1594	8200	1770	13424	978	1784	0	5742	748	1198	0	6796	0	1436	0	0	0	0	0	194	0	0	0	0	0	0	0	72	0	94	0	0	0	0	0	0	0	0	0	0	0	0	0	0	0	0	0	
645012	Supp_Motor_Area_R	11320	9912	11740	56894	0	100	1008	7216	0	0	1184	6350	434	4872	0	2152	808	2920	32624	0	0	0	1156	6334	0	0	0	0	2680	10204	1954	11868	6466	44586	1284	2356	272	2772	0	1770	0	0	0	164	0	390	0	0	0	330	0	202	0	280	184	982	468	4414	0	78	0	102	0	600	0	0	104	1206	15304	13624	4464	13118	2088	10424	652	338	654	6138	116	0	230	234	306	484	0	754	0	0	0	560	0	0	0	0	0	0	0	278	0	0	0	0	0	0	0	0	0	0	0	0	0	0	0	0	0	0	
105472	Olfactory_L	0	0	78	0	3714	2450	0	0	782	0	0	0	0	0	2912	292	0	0	0	0	0	6918	264	110	692	696	4992	3322	2804	0	2510	2030	0	0	0	0	282	0	728	0	660	0	0	0	0	0	0	0	0	0	0	0	0	0	0	0	0	0	0	0	0	0	0	0	0	0	0	0	0	0	8090	4102	2340	406	0	0	0	0	0	0	0	0	1358	0	0	0	204	0	0	0	0	0	0	0	0	0	0	0	0	0	0	0	0	0	0	0	0	0	0	0	0	0	0	0	0	0	
126496	Olfactory_R	0	0	0	192	1628	5490	0	0	674	0	0	0	0	0	726	3214	0	0	0	0	6918	0	128	336	258	2070	4018	8548	220	1880	2054	3678	0	0	0	0	0	112	0	606	0	1252	0	0	0	0	0	0	0	0	0	0	0	0	0	0	0	0	0	0	0	0	0	0	0	0	0	0	0	0	7386	7590	2638	802	0	114	0	0	0	0	0	0	0	716	0	0	0	0	0	0	0	0	0	0	0	0	0	0	0	0	0	0	0	0	0	0	0	0	0	0	0	0	0	0	0	0	
318548	Frontal_Sup_Medial_L	0	0	38504	12798	3884	332	16528	1262	90	0	1936	0	2552	68	628	0	602	0	7342	1156	264	128	0	17394	4534	620	586	84	5066	0	17486	8896	3438	6978	0	0	0	0	0	0	0	0	0	0	0	0	0	0	0	0	0	0	0	0	0	0	0	0	0	0	0	0	0	0	0	0	0	0	0	0	1880	262	3326	136	0	0	0	0	0	0	340	0	174	0	0	0	0	0	0	0	0	0	0	0	0	0	0	0	0	0	0	0	0	0	0	0	0	0	0	0	0	0	0	0	0	0	
254420	Frontal_Sup_Medial_R	0	0	1468	37050	0	4438	312	6674	0	0	0	0	0	292	0	122	0	0	200	6334	110	336	17394	0	164	4030	114	746	0	308	3238	19696	0	11224	0	0	0	0	0	0	0	0	0	0	0	0	0	0	0	0	0	0	0	0	0	0	0	0	0	0	0	0	0	0	0	0	0	0	0	0	166	7478	82	5234	0	0	0	0	0	0	0	0	0	0	0	0	0	0	0	0	0	0	0	0	0	0	0	0	0	0	0	0	0	0	0	0	0	0	0	0	0	0	0	0	0	0	
45320	Frontal_Med_Orb_L	0	0	934	0	3346	398	0	0	614	0	0	0	0	0	82	0	0	0	84	0	692	258	4534	164	0	962	1450	302	0	0	5328	602	0	0	0	0	0	0	0	0	0	0	0	0	0	0	0	0	0	0	0	0	0	0	0	0	0	0	0	0	0	0	0	0	0	0	0	0	0	0	1324	224	1362	0	0	0	0	0	0	0	0	0	0	0	0	0	0	0	0	0	0	0	0	0	0	0	0	0	0	0	0	0	0	0	0	0	0	0	0	0	0	0	0	0	0	0	
73764	Frontal_Med_Orb_R	0	0	0	1686	246	7154	0	0	70	314	0	0	0	0	0	0	0	0	0	0	696	2070	620	4030	962	0	622	4798	0	0	872	5170	0	0	0	0	0	0	0	0	0	0	0	0	0	0	0	0	0	0	0	0	0	0	0	0	0	0	0	0	0	0	0	0	0	0	0	0	0	0	668	4260	276	2368	0	0	0	0	0	0	0	0	0	0	0	0	0	0	0	0	0	0	0	0	0	0	0	0	0	0	0	0	0	0	0	0	0	0	0	0	0	0	0	0	0	0	
97256	Rectus_L	0	0	230	0	8356	1598	0	0	4438	0	0	0	0	0	3116	192	0	0	0	0	4992	4018	586	114	1450	622	0	2332	1268	0	2872	1238	0	0	0	0	0	0	0	0	0	0	0	0	0	0	0	0	0	0	0	0	0	0	0	0	0	0	0	0	0	0	0	0	0	0	0	0	0	0	6088	2136	2626	148	0	0	0	0	0	0	0	0	140	0	0	0	68	0	0	0	0	0	0	0	0	0	0	0	0	0	0	0	0	0	0	0	0	0	0	0	0	0	0	0	0	0	
104428	Rectus_R	0	0	0	428	914	11218	0	0	366	468	0	0	0	0	362	3764	0	0	0	0	3322	8548	84	746	302	4798	2332	0	138	1588	702	2436	0	0	0	0	0	0	0	0	0	216	0	0	0	0	0	0	0	0	0	0	0	0	0	0	0	0	0	0	0	0	0	0	0	0	0	0	0	0	3128	4162	980	964	0	0	0	0	0	0	0	0	0	248	0	0	0	0	0	0	0	0	0	0	0	0	0	0	0	0	0	0	0	0	0	0	0	0	0	0	0	0	0	0	0	0	
840792	Insula_L	16360	412	40662	3522	12326	120	23068	4878	5510	0	34294	592	30560	382	12850	170	35412	76	19762	2680	2804	220	5066	0	0	0	1268	138	0	698	10170	1624	3234	852	0	0	16282	1376	3080	520	2298	0	0	0	0	0	832	0	0	0	1720	0	1724	0	11672	320	7104	0	0	0	370	0	2466	0	154	0	74	0	418	0	19952	712	17116	1306	0	0	1040	830	13610	0	17134	0	10654	0	3606	0	762	0	12060	0	422	0	0	0	0	0	388	0	684	0	0	0	0	0	0	0	0	0	0	0	0	0	0	0	0	0	
365232	Insula_R	0	4040	284	11632	0	1690	130	8856	0	0	430	19802	176	13370	0	8474	322	12152	202	10204	0	1880	0	308	0	0	0	1588	698	0	224	670	0	2052	0	0	0	11472	0	6810	0	2420	0	92	0	86	0	128	0	0	0	0	0	200	0	7344	0	2814	0	68	0	136	0	102	0	0	0	128	0	0	1338	1984	86	22670	0	226	0	94	0	3642	86	7070	160	3500	0	3636	0	0	0	6834	0	0	0	0	0	0	0	306	0	0	0	0	0	0	0	0	0	0	0	0	0	0	0	0	0	0	
262080	Cingulum_Ant_L	112	0	13618	3434	3352	726	6050	300	330	0	2518	98	6750	228	620	86	288	0	5540	1954	2510	2054	17486	3238	5328	872	2872	702	10170	224	0	12410	5104	1760	0	0	0	0	0	0	0	0	0	0	0	0	0	0	0	0	0	0	0	0	0	0	0	0	0	0	0	0	0	0	0	0	0	0	0	0	10210	2568	6360	800	0	90	0	0	0	0	78	0	200	0	0	0	0	0	0	0	0	0	0	0	0	0	0	0	0	0	0	0	0	0	0	0	0	0	0	0	0	0	0	0	0	0	
313252	Cingulum_Ant_R	0	0	3684	25282	352	4598	422	558	158	0	1012	212	460	464	218	262	550	0	3342	11868	2030	3678	8896	19696	602	5170	1238	2436	1624	670	12410	0	2440	17150	0	0	0	0	0	0	0	0	0	0	0	0	0	0	0	0	0	0	0	0	0	0	0	0	0	0	0	0	0	0	0	0	0	0	0	0	4122	12408	786	7152	0	282	0	0	0	0	134	0	260	0	0	0	0	0	0	0	0	0	0	0	0	0	0	0	0	0	0	0	0	0	0	0	0	0	0	0	0	0	0	0	0	0	
184692	Cingulum_Mid_L	352	74	6844	1436	104	0	6068	0	72	0	3548	0	3446	0	460	0	1414	0	7718	6466	0	0	3438	0	0	0	0	0	3234	0	5104	2440	0	15336	2824	1396	0	0	0	0	0	0	1548	216	1444	286	110	0	1596	250	882	234	0	144	0	0	0	276	286	160	0	0	0	0	0	0	5286	1892	4010	748	234	0	86	0	0	0	0	0	0	0	656	0	228	0	0	0	0	0	0	0	0	0	0	0	0	0	0	0	0	0	0	0	0	0	0	0	0	0	0	0	0	0	0	0	0	0	
392972	Cingulum_Mid_R	5784	426	3966	21906	0	0	288	5106	0	0	418	1162	0	2258	0	564	302	84	12206	44586	0	0	6978	11224	0	0	0	0	852	2052	1760	17150	15336	0	2320	4742	0	90	0	0	0	0	0	722	0	1256	0	76	0	572	0	348	0	164	0	70	0	1774	0	70	0	0	0	0	0	0	848	5998	9862	9928	1238	624	0	874	0	0	0	0	0	0	102	0	0	0	0	218	0	0	0	182	0	0	0	0	0	0	0	0	0	0	0	0	0	0	0	0	0	0	0	0	0	0	0	0	0	0	
72216	Cingulum_Post_L	0	88	0	0	0	0	0	0	0	0	0	0	0	0	0	0	0	0	442	1284	0	0	0	0	0	0	0	0	0	0	0	0	2824	2320	0	6250	1838	1612	638	410	0	0	1432	0	1718	172	802	98	588	0	282	0	0	286	572	392	746	424	0	0	0	0	0	0	0	0	4004	2272	3472	830	0	0	0	0	0	0	0	0	0	0	0	0	0	0	74	0	0	0	0	238	0	0	0	0	0	0	0	0	0	0	0	0	0	0	0	0	0	0	0	0	0	0	0	0	0	0	
123776	Cingulum_Post_R	200	286	0	0	0	0	0	0	0	0	0	0	0	0	0	0	0	0	312	2356	0	0	0	0	0	0	0	0	0	0	0	0	1396	4742	6250	0	1550	3918	360	1556	0	0	0	3230	122	2616	0	2218	0	2130	0	1364	0	1894	80	1622	350	2238	0	186	0	0	0	0	0	0	736	12688	1196	2544	0	0	0	0	0	0	0	0	0	0	0	0	0	0	0	1296	0	0	0	2100	0	0	0	0	0	0	0	78	0	0	0	0	0	0	0	0	0	0	0	0	274	0	0	0	0	0	
313068	Hippocampus_L	10462	226	4116	266	0	0	3120	0	0	0	976	0	0	0	126	0	1448	0	1568	272	282	0	0	0	0	0	0	0	16282	0	0	0	0	0	1838	1550	0	2116	18682	566	4368	0	1418	0	100	0	6502	304	0	0	1124	0	1590	0	24150	0	1324	0	0	0	190	0	348	0	214	0	2966	380	1022	0	566	178	9640	0	852	0	4032	1206	5790	0	3348	0	1594	0	1604	0	274	0	12576	0	1170	0	74	0	114	0	1544	0	1762	0	0	0	0	0	0	0	0	0	0	88	78	148	0	0	0	0	
386240	Hippocampus_R	0	8198	828	6120	0	0	164	3798	0	0	706	5376	106	162	0	130	614	2140	328	2772	0	112	0	0	0	0	0	0	1376	11472	0	0	0	90	1612	3918	2116	0	930	37934	0	11556	0	1870	0	804	144	4022	0	590	0	252	0	682	214	29374	80	2136	0	70	0	0	0	110	0	0	0	4332	458	558	1324	168	82	20854	0	930	190	2976	0	1740	178	4158	0	650	0	1438	0	240	0	7644	0	0	0	0	0	0	0	2126	0	0	0	0	0	0	0	0	0	0	0	0	168	0	0	0	0	0	
187508	ParaHippocampal_L	1784	0	708	0	0	0	686	0	0	0	248	0	0	0	194	0	522	0	232	0	728	0	0	0	0	0	0	0	3080	0	0	0	0	0	638	360	18682	930	0	176	1906	0	1800	0	110	0	9300	372	0	0	2104	0	2400	0	17802	0	308	0	0	0	140	0	0	0	364	0	3234	158	230	0	102	0	1530	0	110	0	1520	650	2316	0	1398	0	704	0	1988	0	882	0	5014	0	1712	122	126	70	168	0	2298	130	2246	112	78	0	100	0	158	0	0	0	112	330	152	322	108	0	0	0	
277712	ParaHippocampal_R	0	2340	274	2120	0	82	86	1208	0	0	264	2162	0	126	0	226	228	932	94	1770	0	606	0	0	0	0	0	0	520	6810	0	0	0	0	410	1556	566	37934	176	0	0	9376	0	1130	0	422	0	4588	0	246	0	124	0	164	90	27518	0	1330	0	0	0	0	0	0	0	0	0	3326	0	0	504	68	0	11808	0	682	126	1056	0	626	68	1884	0	2908	0	838	0	2102	0	3280	0	282	0	0	0	0	0	3216	0	450	0	0	0	0	0	0	0	0	0	0	154	0	0	0	0	0	
25516	Amygdala_L	0	0	0	0	108	0	0	0	0	0	0	0	0	0	130	0	0	0	0	0	660	0	0	0	0	0	0	0	2298	0	0	0	0	0	0	0	4368	0	1906	0	0	0	0	0	0	0	0	0	0	0	0	0	0	0	1498	0	0	0	0	0	0	0	0	0	0	0	0	0	0	0	0	0	372	0	0	0	0	0	0	0	0	0	1170	0	0	0	172	0	76	0	0	0	0	0	0	0	0	0	0	0	0	0	0	0	0	0	0	0	0	0	0	0	0	0	0	0	
69544	Amygdala_R	0	0	0	0	0	0	0	0	0	0	0	0	0	0	0	224	0	0	0	0	0	1252	0	0	0	0	0	216	0	2420	0	0	0	0	0	0	0	11556	0	9376	0	0	0	0	0	0	0	88	0	0	0	0	0	0	0	4850	0	0	0	0	0	0	0	0	0	0	0	0	0	0	0	0	0	2180	0	0	0	0	0	0	0	0	0	1772	0	0	0	838	0	0	0	0	0	0	0	0	0	0	0	0	0	0	0	0	0	0	0	0	0	0	0	0	0	0	0	0	
326572	Calcarine_L	214	0	0	0	0	0	0	0	0	0	0	0	0	0	0	0	0	0	0	0	0	0	0	0	0	0	0	0	0	0	0	0	1548	0	1432	0	1418	0	1800	0	0	0	0	8442	18144	7166	19248	3278	12790	2764	26694	808	4080	286	4784	618	304	0	552	0	716	0	0	0	278	0	21558	1402	390	0	0	0	0	0	0	0	0	0	0	0	110	0	0	0	2894	0	0	0	458	0	720	328	0	0	178	308	4542	650	2262	1078	0	0	0	0	430	578	0	0	136	338	4482	1880	0	0	596	604	
393580	Calcarine_R	128	208	0	0	0	0	0	0	0	0	0	0	0	0	0	0	0	114	0	164	0	0	0	0	0	0	0	0	0	92	0	0	216	722	0	3230	0	1870	0	1130	0	0	8442	0	4318	33988	1238	27286	662	25516	276	21168	0	15090	72	10988	0	1614	0	950	0	0	0	0	0	184	786	27822	152	724	0	0	0	0	0	0	0	0	0	0	0	112	0	0	0	3642	0	0	0	2160	74	128	0	0	0	0	0	70	148	536	0	0	0	0	0	0	0	0	0	0	464	226	80	0	0	0	
205304	Cuneus_L	120	0	0	0	0	0	0	0	0	0	0	0	0	0	0	0	0	0	0	0	0	0	0	0	0	0	0	0	0	0	0	0	1444	0	1718	122	100	0	110	0	0	0	18144	4318	0	8404	4424	402	24798	1644	13848	294	224	84	462	0	124	0	2032	86	358	0	0	0	120	0	15346	2178	578	0	0	0	0	0	0	0	0	0	0	0	0	0	0	0	924	0	0	0	96	0	0	0	0	0	0	0	0	0	0	0	0	0	0	0	0	0	0	0	0	0	150	0	0	0	0	0	
440440	Cuneus_R	72	604	0	0	0	0	0	0	0	0	0	0	0	0	0	0	0	224	0	390	0	0	0	0	0	0	0	0	0	86	0	0	286	1256	172	2616	0	804	0	422	0	0	7166	33988	8404	0	734	11042	1774	49972	440	20414	0	5818	0	4096	0	7070	0	5466	0	794	0	244	0	808	3292	41426	98	1598	0	0	0	0	0	0	0	0	0	0	0	922	0	0	0	5284	0	0	0	1884	0	0	0	0	0	0	0	0	0	114	0	0	0	0	0	0	0	0	0	0	368	72	0	0	0	0	
320388	Lingual_L	260	0	346	0	0	0	0	0	0	0	0	0	0	0	0	0	304	0	0	0	0	0	0	0	0	0	0	0	832	0	0	0	110	0	802	0	6502	144	9300	0	0	0	19248	1238	4424	734	0	2224	7430	274	19190	120	6912	236	21830	838	180	0	70	0	138	0	70	0	192	0	7672	92	0	0	0	0	250	0	0	0	782	258	212	0	590	0	0	0	1642	0	0	0	2766	0	4702	308	138	0	314	208	11768	978	11012	860	0	0	0	0	454	518	0	0	110	316	6194	2812	198	0	486	606	
417120	Lingual_R	0	90	0	0	0	0	0	0	0	0	0	0	0	0	0	0	0	72	0	0	0	0	0	0	0	0	0	0	0	128	0	0	0	76	98	2218	304	4022	372	4588	0	88	3278	27286	402	11042	2224	0	0	10412	0	8706	140	12112	2618	27176	0	208	0	162	0	0	0	0	0	0	226	14284	0	74	0	0	0	0	0	0	0	90	0	0	0	0	0	0	0	958	0	0	0	1102	6878	5224	542	170	132	0	2422	8632	10026	12702	336	74	660	92	108	0	0	0	0	204	9836	13834	2132	0	0	0	
218588	Occipital_Sup_L	282	0	0	0	0	0	122	0	0	0	110	0	0	0	0	0	0	0	0	0	0	0	0	0	0	0	0	0	0	0	0	0	1596	0	588	0	0	0	0	0	0	0	12790	662	24798	1774	7430	0	0	208	30912	96	832	78	350	0	572	0	5920	110	2088	0	142	0	614	0	14338	994	494	0	0	0	0	0	0	0	0	0	0	0	0	0	0	0	1216	0	0	0	178	0	0	0	0	0	0	0	0	0	0	0	0	0	0	0	0	0	0	0	0	0	0	0	0	0	0	0	
398556	Occipital_Sup_R	0	548	0	0	0	0	0	0	0	0	0	0	0	0	0	0	0	180	0	330	0	0	0	0	0	0	0	0	0	0	0	0	250	572	0	2130	0	590	0	246	0	0	2764	25516	1644	49972	274	10412	208	0	124	30382	0	6764	0	3298	0	5016	0	8764	0	702	0	348	0	5256	974	31708	0	1340	0	0	0	0	0	0	0	0	0	0	0	1012	0	0	0	5620	0	0	0	2126	0	0	0	0	0	0	0	0	0	138	0	0	0	0	0	0	0	0	0	0	0	70	0	0	0	0	
537724	Occipital_Mid_L	3576	0	130	0	0	0	400	0	0	0	298	0	0	0	0	0	1788	0	0	0	0	0	0	0	0	0	0	0	1720	0	0	0	882	0	282	0	1124	0	2104	0	0	0	26694	276	13848	440	19190	0	30912	124	0	86	17346	74	9702	0	8978	0	18686	0	25720	0	2166	0	25668	0	20520	496	2098	0	0	0	146	0	0	0	0	0	680	0	1658	0	0	0	24210	0	0	0	5442	0	0	0	0	0	0	0	462	0	526	0	0	0	0	0	0	0	0	0	0	0	410	0	0	0	0	0	
338312	Occipital_Mid_R	0	254	0	0	0	0	0	0	0	0	0	0	0	0	0	0	0	192	0	202	0	0	0	0	0	0	0	0	0	0	0	0	234	348	0	1364	0	252	0	124	0	0	808	21168	294	20414	120	8706	96	30382	86	0	0	13688	0	2802	0	1620	0	4328	0	1418	0	316	0	18262	644	16076	0	670	0	0	0	0	0	0	0	0	0	0	0	1688	0	0	0	17790	0	0	0	4614	0	0	0	0	0	0	0	0	0	112	0	0	0	0	0	0	0	0	0	0	0	84	0	0	0	0	
167576	Occipital_Inf_L	1234	0	178	0	0	0	292	0	0	0	386	0	0	0	0	0	800	0	0	0	0	0	0	0	0	0	0	0	1724	0	0	0	0	0	0	0	1590	0	2400	0	0	0	4080	0	224	0	6912	140	832	0	17346	0	0	0	14668	112	332	0	112	0	362	0	220	0	778	0	3006	0	0	0	0	0	196	0	0	0	0	0	2300	0	1598	0	0	0	5780	0	0	0	11452	0	0	82	0	0	0	0	1486	124	1654	104	0	0	0	0	0	0	0	0	0	0	1146	138	0	0	0	0	
205456	Occipital_Inf_R	0	388	0	0	0	0	0	0	0	0	0	0	0	0	0	0	0	190	0	280	0	0	0	0	0	0	0	0	0	200	0	0	144	164	286	1894	0	682	0	164	0	0	286	15090	84	5818	236	12112	78	6764	74	13688	0	0	202	12986	0	696	0	408	0	0	0	0	0	0	350	7584	144	640	0	0	0	0	0	0	0	0	0	216	0	328	0	0	0	2868	0	0	0	5842	908	734	76	0	0	0	292	1066	1096	3494	0	0	0	0	0	0	0	0	0	0	1346	2180	650	0	0	0	
552728	Fusiform_L	4430	126	2324	190	0	0	1620	0	0	0	882	0	0	0	0	0	2000	0	576	184	0	0	0	0	0	0	0	0	11672	0	0	0	0	0	572	80	24150	214	17802	90	1498	0	4784	72	462	0	21830	2618	350	0	9702	0	14668	202	0	696	986	0	76	0	272	0	268	0	508	0	5046	68	286	0	304	118	3288	0	0	0	928	292	8210	0	5852	0	870	0	4530	0	1376	0	25610	0	24896	830	1970	220	0	196	16944	940	33492	1372	1008	118	1048	156	810	202	0	0	92	142	4088	4142	708	166	142	0	
582652	Fusiform_R	0	1724	126	928	0	0	0	818	0	0	208	1628	0	0	0	98	186	1220	0	982	0	0	0	0	0	0	0	0	320	7344	0	0	0	70	392	1622	0	29374	0	27518	0	4850	618	10988	0	4096	838	27176	0	3298	0	2802	112	12986	696	0	0	1294	0	0	0	0	0	0	0	0	0	7624	156	622	344	0	0	7594	0	422	0	410	0	1682	0	4584	0	5256	0	2398	0	1612	0	15296	2662	17790	270	376	198	2370	2516	19380	4390	29666	0	122	0	298	178	546	0	0	112	322	9238	5962	1942	254	422	0	
297488	Postcentral_L	26052	458	7584	200	0	0	2404	0	0	0	4008	0	0	0	0	0	12038	0	5348	468	0	0	0	0	0	0	0	0	7104	0	0	0	0	0	746	350	1324	80	308	0	0	0	304	0	124	0	180	0	572	0	8978	0	332	0	986	0	0	138	10382	0	22288	0	12284	0	3834	0	2688	88	5494	138	210	0	134	0	0	0	240	0	2544	0	5260	0	0	0	1690	0	0	0	1384	0	0	0	0	0	0	0	0	0	0	0	0	0	0	0	0	0	0	0	0	0	0	0	0	0	0	0	
286088	Postcentral_R	718	14160	0	1540	0	0	0	742	0	0	0	2016	0	0	0	0	0	4448	150	4414	0	0	0	0	0	0	0	0	0	2814	0	0	276	1774	424	2238	0	2136	0	1330	0	0	0	1614	0	7070	0	208	0	5016	0	1620	0	696	0	1294	138	0	0	15848	0	16248	0	17648	0	4486	0	9086	2420	13100	0	0	0	2066	0	0	0	0	0	392	0	890	0	0	0	2434	0	0	0	1590	0	0	0	0	0	0	0	0	0	0	0	0	0	0	0	0	0	0	0	0	0	0	0	0	0	0	
158024	Parietal_Sup_L	1742	0	0	0	0	0	172	0	0	0	88	0	0	0	0	0	112	0	0	0	0	0	0	0	0	0	0	0	0	0	0	0	286	0	0	0	0	0	0	0	0	0	552	0	2032	0	70	0	5920	0	18686	0	112	0	76	0	10382	0	0	0	20650	0	328	0	6062	0	10322	268	932	0	0	0	0	0	0	0	0	0	0	0	68	0	0	0	152	0	0	0	0	0	0	0	0	0	0	0	0	0	0	0	0	0	0	0	0	0	0	0	0	0	0	0	0	0	0	0	
172764	Parietal_Sup_R	0	1810	0	0	0	0	0	74	0	0	0	120	0	0	0	0	0	134	0	78	0	0	0	0	0	0	0	0	0	68	0	0	160	70	0	186	0	70	0	0	0	0	0	950	86	5466	0	162	110	8764	0	4328	0	408	0	0	0	15848	0	0	0	14678	0	8574	0	9300	920	11072	0	792	0	0	0	0	0	0	0	0	0	0	0	202	0	0	0	688	0	0	0	1264	0	0	0	0	0	0	0	0	0	0	0	0	0	0	0	0	0	0	0	0	0	0	0	0	0	0	
272528	Parietal_Inf_L	11564	0	288	0	0	0	1260	0	0	0	938	0	0	0	0	0	738	0	92	0	0	0	0	0	0	0	0	0	370	0	0	0	0	0	0	0	190	0	140	0	0	0	716	0	358	0	138	0	2088	0	25720	0	362	0	272	0	22288	0	20650	0	0	0	15638	0	25536	0	2572	0	838	0	162	0	0	0	0	0	0	0	0	0	1086	0	0	0	1848	0	0	0	412	0	0	0	0	0	0	0	0	0	0	0	0	0	0	0	0	0	0	0	0	0	0	0	0	0	0	0	
139224	Parietal_Inf_R	0	2306	0	0	0	0	0	80	0	0	0	130	0	0	0	0	0	398	0	102	0	0	0	0	0	0	0	0	0	136	0	0	0	0	0	0	0	0	0	0	0	0	0	0	0	794	0	0	0	702	0	1418	0	0	0	0	0	16248	0	14678	0	0	0	15764	0	11298	0	536	0	450	0	0	0	0	0	0	0	0	0	0	0	640	0	0	0	1534	0	0	0	2398	0	0	0	0	0	0	0	0	0	0	0	0	0	0	0	0	0	0	0	0	0	0	0	0	0	0	
128660	SupraMarginal_L	10134	0	80	0	0	0	350	0	0	0	636	0	0	0	0	0	2108	0	0	0	0	0	0	0	0	0	0	0	2466	0	0	0	0	0	0	0	348	0	0	0	0	0	0	0	0	0	70	0	142	0	2166	0	220	0	268	0	12284	0	328	0	15638	0	0	0	6590	0	202	0	188	0	0	0	0	0	0	0	0	0	294	0	5746	0	0	0	3206	0	0	0	866	0	0	0	0	0	0	0	0	0	0	0	0	0	0	0	0	0	0	0	0	0	0	0	0	0	0	0	
149920	SupraMarginal_R	254	3814	0	300	0	0	0	150	0	0	0	170	0	0	0	0	0	2244	0	600	0	0	0	0	0	0	0	0	0	102	0	0	0	0	0	0	0	110	0	0	0	0	0	0	0	244	0	0	0	348	0	316	0	0	0	0	0	17648	0	8574	0	15764	0	0	0	8110	0	260	376	622	0	0	0	0	0	0	0	0	0	76	0	4708	0	0	0	5486	0	0	0	4684	0	0	0	0	0	0	0	0	0	0	0	0	0	0	0	0	0	0	0	0	0	0	0	0	0	0	
173916	Angular_L	2168	0	124	0	0	0	564	0	0	0	692	0	0	0	0	0	522	0	0	0	0	0	0	0	0	0	0	0	154	0	0	0	0	0	0	0	214	0	364	0	0	0	278	0	120	0	192	0	614	0	25668	0	778	0	508	0	3834	0	6062	0	25536	0	6590	0	0	0	750	0	340	0	0	0	0	0	0	0	0	0	0	0	1542	0	0	0	8304	0	0	0	1040	0	0	0	0	0	0	0	0	0	0	0	0	0	0	0	0	0	0	0	0	0	0	0	0	0	0	0	
148976	Angular_R	0	1130	0	0	0	0	0	0	0	0	0	84	0	0	0	0	0	200	0	0	0	0	0	0	0	0	0	0	0	0	0	0	0	0	0	0	0	0	0	0	0	0	0	184	0	808	0	0	0	5256	0	18262	0	0	0	0	0	4486	0	9300	0	11298	0	8110	0	0	0	776	0	136	0	0	0	0	0	0	0	0	0	0	0	3382	0	0	0	7148	0	0	0	3928	0	0	0	0	0	0	0	0	0	0	0	0	0	0	0	0	0	0	0	0	0	0	0	0	0	0	
283872	Precuneus_L	552	0	0	0	0	0	200	0	0	0	152	0	0	0	0	0	104	0	0	104	0	0	0	0	0	0	0	0	74	0	0	0	5286	848	4004	736	2966	0	3234	0	0	0	21558	786	15346	3292	7672	226	14338	974	20520	644	3006	350	5046	0	2688	0	10322	920	2572	0	202	0	750	0	0	7686	1456	86	0	0	0	0	0	0	0	0	0	0	142	0	0	0	2152	134	0	0	506	108	0	0	0	0	0	0	110	0	0	0	0	0	0	0	0	0	0	0	0	0	84	0	0	0	0	0	
468320	Precuneus_R	420	838	0	0	0	0	0	0	0	0	0	0	0	0	0	0	0	224	284	1206	0	0	0	0	0	0	0	0	0	128	0	0	1892	5998	2272	12688	380	4332	158	3326	0	0	1402	27822	2178	41426	92	14284	994	31708	496	16076	0	7584	68	7624	88	9086	268	11072	0	536	0	260	0	776	7686	0	684	3488	0	0	0	0	0	0	0	0	0	192	0	1102	0	0	0	6252	0	0	0	5370	0	0	0	0	0	0	0	346	0	0	0	0	0	0	0	0	0	0	0	0	1054	0	0	0	0	0	
298444	Paracentral_Lobule_L	36002	4978	3222	2172	0	0	96	0	0	0	152	0	0	0	0	0	572	0	23416	15304	0	0	0	0	0	0	0	0	418	0	0	0	4010	9862	3472	1196	1022	458	230	0	0	0	390	152	578	98	0	0	494	0	2098	0	0	144	286	156	5494	2420	932	0	838	0	188	376	340	0	1456	684	0	8194	2340	1798	2996	0	1672	0	5858	1588	130	0	438	0	0	0	410	0	0	0	92	0	0	0	0	0	0	0	0	0	0	0	0	0	0	0	0	0	0	0	0	0	0	0	0	0	0	0	
151400	Paracentral_Lobule_R	4376	6306	0	0	0	0	0	0	0	0	0	0	0	0	0	0	0	0	1594	13624	0	0	0	0	0	0	0	0	0	0	0	0	748	9928	830	2544	0	558	0	0	0	0	0	724	0	1598	0	74	0	1340	0	670	0	640	0	622	138	13100	0	792	0	450	0	622	0	136	86	3488	8194	0	0	82	0	0	0	0	0	178	0	0	0	68	0	0	0	1456	0	0	0	734	0	0	0	0	0	0	0	0	0	0	0	0	0	0	0	0	0	0	0	0	0	0	0	0	0	0	
411400	Caudate_L	4088	842	12406	6896	4088	2316	5942	5898	1436	0	12042	1114	6398	1100	2070	642	7844	160	8200	4464	8090	7386	1880	166	1324	668	6088	3128	19952	1338	10210	4122	234	1238	0	0	566	1324	102	504	0	0	0	0	0	0	0	0	0	0	0	0	0	0	304	344	210	0	0	0	162	0	0	0	0	0	0	0	2340	0	0	7066	21008	1898	1632	0	7820	1172	192	0	2568	0	2538	0	0	0	0	0	180	0	0	0	0	0	0	0	0	0	0	0	0	0	0	0	0	0	0	0	0	0	0	0	0	0	0	0	
360012	Caudate_R	1468	8264	1516	26262	950	9724	110	3950	378	142	180	176	112	2394	454	5846	138	96	1770	13118	4102	7590	262	7478	224	4260	2136	4162	712	1984	2568	12408	0	624	0	0	178	168	0	68	0	0	0	0	0	0	0	0	0	0	0	0	0	0	118	0	0	0	0	0	0	0	0	0	0	0	0	0	1798	82	7066	0	3308	22684	1068	1788	712	15334	0	0	0	0	0	76	0	0	0	0	0	0	0	0	0	0	0	0	0	0	0	0	0	0	0	0	0	0	0	0	0	0	0	0	0	0	0	0	
347684	Putamen_L	7798	1318	17356	3750	9934	568	3870	440	3874	0	3292	98	3100	114	4996	178	1466	0	13424	2088	2340	2638	3326	82	1362	276	2626	980	17116	86	6360	786	86	0	0	0	9640	82	1530	0	372	0	0	0	0	0	250	0	0	0	146	0	196	0	3288	0	134	0	0	0	0	0	0	0	0	0	0	0	2996	0	21008	3308	0	156	5792	0	3204	406	288	0	404	0	1360	0	180	0	0	0	1768	0	420	0	0	0	0	0	530	0	656	0	0	0	0	0	0	0	0	0	0	0	0	0	0	0	0	0	
401012	Putamen_R	0	3470	660	21426	70	7292	76	8290	0	390	952	10614	90	3080	0	6756	818	4072	978	10424	406	802	136	5234	0	2368	148	964	1306	22670	800	7152	0	874	0	0	0	20854	0	11808	0	2180	0	0	0	0	0	0	0	0	0	0	0	0	0	7594	0	2066	0	0	0	0	0	0	0	0	0	0	0	0	1898	22684	156	0	0	2660	0	1588	0	740	212	940	0	432	0	268	0	0	0	1012	0	0	0	0	0	0	0	1096	0	0	0	0	0	0	0	0	0	0	0	0	0	0	0	0	0	0	
42620	Pallidum_L	2290	1106	1572	1056	0	0	156	0	0	0	0	0	0	0	0	0	0	0	1784	652	0	0	0	0	0	0	0	0	0	0	0	0	0	0	0	0	852	0	110	0	0	0	0	0	0	0	0	0	0	0	0	0	0	0	0	0	0	0	0	0	0	0	0	0	0	0	0	0	1672	0	1632	1068	5792	0	0	0	1568	0	0	0	0	0	0	0	0	0	0	0	0	0	0	0	0	0	0	0	0	0	0	0	0	0	0	0	0	0	0	0	0	0	0	0	0	0	0	0	
24376	Pallidum_R	0	78	0	2232	0	0	0	1284	0	0	0	138	0	0	0	0	0	404	0	338	0	114	0	0	0	0	0	0	0	226	90	282	0	0	0	0	0	930	0	682	0	0	0	0	0	0	0	0	0	0	0	0	0	0	0	422	0	0	0	0	0	0	0	0	0	0	0	0	0	0	0	1788	0	2660	0	0	0	0	0	202	0	68	0	0	0	0	0	0	0	0	0	0	0	0	0	0	0	250	0	0	0	0	0	0	0	0	0	0	0	0	0	0	0	0	0	0	
110372	Thalamus_L	12330	756	1610	390	0	0	1898	0	0	0	268	0	68	0	0	0	378	0	5742	654	0	0	0	0	0	0	0	0	1040	0	0	0	0	0	0	0	4032	190	1520	126	0	0	0	0	0	0	782	0	0	0	0	0	0	0	928	0	240	0	0	0	0	0	0	0	0	0	0	0	5858	0	7820	712	3204	0	1568	0	0	1796	322	0	422	0	0	0	164	0	0	0	368	0	0	0	0	0	0	0	0	0	0	0	0	0	0	0	0	0	0	0	0	0	0	0	0	0	0	0	
156244	Thalamus_R	1618	17608	344	18706	0	0	220	762	0	0	568	268	0	94	0	82	544	116	748	6138	0	0	0	0	0	0	0	0	830	94	0	0	0	0	0	0	1206	2976	650	1056	0	0	0	0	0	0	258	90	0	0	0	0	0	0	292	410	0	0	0	0	0	0	0	0	0	0	0	0	1588	178	1172	15334	406	1588	0	0	1796	0	0	0	204	0	0	0	80	0	0	0	98	0	0	0	0	0	0	0	0	0	0	0	0	0	0	0	0	0	0	0	0	0	0	0	0	0	0	0	
161200	Heschl_L	10972	0	2464	238	0	0	2718	0	0	0	1598	0	0	0	0	0	6072	0	1198	116	0	0	0	0	0	0	0	0	13610	0	0	0	0	0	0	0	5790	0	2316	0	0	0	0	0	0	0	212	0	0	0	680	0	2300	0	8210	0	2544	0	0	0	0	0	294	0	0	0	0	0	130	0	192	0	288	0	0	0	322	0	0	0	5644	0	0	0	3562	0	0	0	8494	0	246	0	110	0	0	0	0	0	76	0	100	0	104	0	0	0	0	0	0	0	0	0	0	0	0	0	
52408	Heschl_R	0	304	0	0	0	0	0	282	0	0	0	582	0	0	0	0	0	3886	0	0	0	0	0	0	0	0	0	0	0	3642	0	0	0	0	0	0	0	1740	0	626	0	0	0	0	0	0	0	0	0	0	0	0	0	216	0	1682	0	392	0	0	0	0	0	76	0	0	0	192	0	0	0	0	0	740	0	202	0	0	0	0	0	7026	0	72	0	1686	0	0	0	2858	0	0	0	0	0	0	0	0	0	0	0	0	0	0	0	0	0	0	0	0	0	0	0	0	0	0	
341008	Temporal_Sup_L	6400	0	10000	288	0	0	1976	982	0	0	11230	94	652	0	0	0	23296	0	6796	230	0	0	340	0	0	0	0	0	17134	86	78	134	656	102	0	0	3348	178	1398	68	0	0	110	0	0	0	590	0	0	0	1658	0	1598	0	5852	0	5260	0	68	0	1086	0	5746	0	1542	0	142	0	438	0	2568	0	404	212	0	0	422	204	5644	0	0	0	6232	0	26004	0	84	0	18360	0	294	0	84	0	0	0	70	0	204	0	80	0	82	0	0	0	0	0	0	0	0	0	0	0	0	0	
161944	Temporal_Sup_R	0	278	0	212	0	0	0	386	0	0	0	496	0	0	0	148	0	5734	0	234	0	0	0	0	0	0	0	0	0	7070	0	0	0	0	0	0	0	4158	0	1884	0	0	0	112	0	922	0	0	0	1012	0	1688	0	328	0	4584	0	890	0	202	0	640	0	4708	0	3382	0	1102	0	68	0	0	0	940	0	68	0	0	0	7026	0	0	0	2038	0	20524	0	424	0	9714	0	0	0	0	0	0	0	0	0	0	0	0	0	0	0	0	0	0	0	0	0	0	0	0	0	0	
130688	Temporal_Pole_Sup_L	124	0	1572	484	1366	0	370	658	422	0	6376	152	1184	110	1920	0	4184	0	1436	306	1358	0	174	0	0	0	140	0	10654	160	200	260	228	0	0	0	1594	0	704	0	1170	0	0	0	0	0	0	0	0	0	0	0	0	0	870	0	0	0	0	0	0	0	0	0	0	0	0	0	0	0	2538	0	1360	0	0	0	0	0	0	0	6232	0	0	0	8470	0	3128	0	5440	0	0	0	0	0	0	0	0	0	0	0	0	0	0	0	0	0	0	0	0	0	0	0	0	0	0	0	
61920	Temporal_Pole_Sup_R	0	0	0	550	0	296	0	456	0	0	0	1122	0	0	0	1348	0	1498	0	484	0	716	0	0	0	0	0	248	0	3500	0	0	0	0	0	0	0	650	0	2908	0	1772	0	0	0	0	0	0	0	0	0	0	0	0	0	5256	0	0	0	0	0	0	0	0	0	0	0	0	0	0	0	76	0	432	0	0	0	0	0	72	0	2038	0	0	0	1418	0	3370	0	2750	0	0	0	0	0	0	0	0	0	0	0	0	0	0	0	0	0	0	0	0	0	0	0	0	0	0	
303364	Temporal_Mid_L	3166	0	268	0	0	0	278	0	0	0	304	0	0	0	0	0	3422	0	0	0	0	0	0	0	0	0	0	0	3606	0	0	0	0	0	74	0	1604	0	1988	0	0	0	2894	0	924	0	1642	0	1216	0	24210	0	5780	0	4530	0	1690	0	152	0	1848	0	3206	0	8304	0	2152	0	410	0	0	0	180	0	0	0	164	80	3562	0	26004	0	8470	0	0	0	3732	0	35592	0	230	0	0	0	0	0	0	0	0	0	0	0	0	0	0	0	0	0	0	0	0	0	0	0	0	0	
257068	Temporal_Mid_R	0	704	0	0	0	0	0	0	0	0	0	0	0	0	0	0	0	1324	0	754	0	0	0	0	0	0	0	0	0	3636	0	0	0	218	0	1296	0	1438	0	838	0	0	0	3642	0	5284	0	958	0	5620	0	17790	0	2868	0	2398	0	2434	0	688	0	1534	0	5486	0	7148	134	6252	0	1456	0	0	0	268	0	0	0	0	0	1686	0	20524	0	1418	0	0	0	1390	0	29348	0	0	0	0	0	0	0	0	0	0	0	0	0	0	0	0	0	0	0	0	0	0	0	0	0	0	
31032	Temporal_Pole_Mid_L	0	0	0	0	436	0	0	0	102	0	0	0	0	0	740	0	0	0	0	0	204	0	0	0	0	0	68	0	762	0	0	0	0	0	0	0	274	0	882	0	172	0	0	0	0	0	0	0	0	0	0	0	0	0	1376	0	0	0	0	0	0	0	0	0	0	0	0	0	0	0	0	0	0	0	0	0	0	0	0	0	84	0	3128	0	3732	0	0	0	3556	0	0	0	0	0	0	0	0	0	0	0	0	0	0	0	0	0	0	0	0	0	0	0	0	0	0	0	
22956	Temporal_Pole_Mid_R	0	0	0	0	0	0	0	0	0	0	0	0	0	0	0	0	0	0	0	0	0	0	0	0	0	0	0	0	0	0	0	0	0	0	0	0	0	240	0	2102	0	838	0	0	0	0	0	0	0	0	0	0	0	0	0	1612	0	0	0	0	0	0	0	0	0	0	0	0	0	0	0	0	0	0	0	0	0	0	0	0	0	424	0	3370	0	1390	0	0	0	1502	0	0	0	0	0	0	0	0	0	0	0	0	0	0	0	0	0	0	0	0	0	0	0	0	0	0	
356668	Temporal_Inf_L	5240	0	2372	104	0	0	856	0	0	0	652	0	0	0	0	0	3828	0	194	0	0	0	0	0	0	0	0	0	12060	0	0	0	0	0	0	0	12576	0	5014	0	76	0	458	0	96	0	2766	0	178	0	5442	0	11452	0	25610	0	1384	0	0	0	412	0	866	0	1040	0	506	0	92	0	180	0	1768	0	0	0	368	98	8494	0	18360	0	5440	0	35592	0	3556	0	0	0	4840	0	2126	0	0	0	392	0	1364	0	1346	0	1136	0	0	0	0	0	0	0	0	0	0	0	0	0	
249724	Temporal_Inf_R	0	540	0	170	0	0	0	142	0	0	0	282	0	0	0	0	0	1044	0	560	0	0	0	0	0	0	0	0	0	6834	0	0	0	182	238	2100	0	7644	0	3280	0	0	0	2160	0	1884	0	1102	0	2126	0	4614	0	5842	0	15296	0	1590	0	1264	0	2398	0	4684	0	3928	108	5370	0	734	0	0	0	1012	0	0	0	0	0	2858	0	9714	0	2750	0	29348	0	1502	0	0	0	1170	0	110	0	0	0	118	0	164	0	0	0	0	0	0	0	0	0	0	0	0	0	0	0	0	
573984	Cerebelum_Crus1_L	84	0	160	0	0	0	0	0	0	0	0	0	0	0	0	0	0	0	0	0	0	0	0	0	0	0	0	0	422	0	0	0	0	0	0	0	1170	0	1712	0	0	0	720	74	0	0	4702	6878	0	0	0	0	0	908	24896	2662	0	0	0	0	0	0	0	0	0	0	0	0	0	0	0	0	420	0	0	0	0	0	246	0	294	0	0	0	230	0	0	0	4840	0	0	6354	40128	4014	1048	986	21858	2460	61360	8290	21216	2014	21114	2170	4972	1248	1096	0	606	440	5656	15014	10230	1734	1638	928	
430948	Cerebelum_Crus1_R	0	0	0	0	0	0	0	0	0	0	0	0	0	0	0	0	0	0	0	0	0	0	0	0	0	0	0	0	0	0	0	0	0	0	0	0	0	0	122	282	0	0	328	128	0	0	308	5224	0	0	0	0	82	734	830	17790	0	0	0	0	0	0	0	0	0	0	0	0	0	0	0	0	0	0	0	0	0	0	0	0	0	0	0	0	0	0	0	0	0	1170	6354	0	2540	25956	406	2324	2404	16462	7784	53086	1062	5906	1348	15968	932	6786	0	182	412	828	5300	14016	11896	3276	3112	136	
340580	Cerebelum_Crus2_L	0	0	0	0	0	0	0	0	0	0	0	0	0	0	0	0	0	0	0	0	0	0	0	0	0	0	0	0	0	0	0	0	0	0	0	0	74	0	126	0	0	0	0	0	0	0	138	542	0	0	0	0	0	76	1970	270	0	0	0	0	0	0	0	0	0	0	0	0	0	0	0	0	0	0	0	0	0	0	110	0	84	0	0	0	0	0	0	0	2126	0	40128	2540	0	9872	120	308	1550	76	8790	2198	34026	7680	27890	4520	4506	464	1940	0	192	0	88	3042	11240	2790	570	244	
306704	Cerebelum_Crus2_R	0	0	0	0	0	0	0	0	0	0	0	0	0	0	0	0	0	0	0	0	0	0	0	0	0	0	0	0	0	0	0	0	0	0	0	0	0	0	70	0	0	0	0	0	0	0	0	170	0	0	0	0	0	0	220	376	0	0	0	0	0	0	0	0	0	0	0	0	0	0	0	0	0	0	0	0	0	0	0	0	0	0	0	0	0	0	0	0	0	110	4014	25956	9872	0	0	450	626	698	1960	5820	7728	26626	5732	31248	888	5890	0	102	0	88	86	1912	15938	5388	1384	0	
37772	Cerebelum_3_L	0	0	0	0	0	0	0	0	0	0	0	0	0	0	0	0	0	0	0	0	0	0	0	0	0	0	0	0	0	0	0	0	0	0	0	0	114	0	168	0	0	0	178	0	0	0	314	132	0	0	0	0	0	0	0	198	0	0	0	0	0	0	0	0	0	0	0	0	0	0	0	0	0	0	0	0	0	0	0	0	0	0	0	0	0	0	0	0	0	0	1048	406	120	0	0	160	5174	90	2076	622	0	0	184	0	1402	348	0	0	1022	1664	1306	1038	316	144	408	254	
106656	Cerebelum_3_R	0	0	0	0	0	0	0	0	0	0	0	0	0	0	0	0	0	0	0	0	0	0	0	0	0	0	0	0	0	0	0	0	0	0	0	0	0	0	0	0	0	0	308	0	0	0	208	0	0	0	0	0	0	0	196	2370	0	0	0	0	0	0	0	0	0	0	0	0	0	0	0	0	0	0	0	0	0	0	0	0	0	0	0	0	0	0	0	0	0	0	986	2324	308	450	160	0	1896	7734	1906	8088	334	190	462	614	266	5320	0	0	1796	3960	3038	3518	930	2336	3480	150	
364484	Cerebelum_4_5_L	0	0	180	0	0	0	0	0	0	0	0	0	0	0	0	0	0	0	72	0	0	0	0	0	0	0	0	0	388	0	0	0	0	0	0	0	1544	0	2298	0	0	0	4542	0	0	0	11768	2422	0	0	462	0	1486	292	16944	2516	0	0	0	0	0	0	0	0	0	0	110	0	0	0	0	0	530	0	0	0	0	0	0	0	70	0	0	0	0	0	0	0	392	0	21858	2404	1550	626	5174	1896	0	5280	39076	4356	1170	368	2586	922	8268	2860	196	0	1646	4050	18310	6244	1516	1162	2744	1964	
291604	Cerebelum_4_5_R	0	0	0	294	0	0	0	0	0	0	0	0	0	0	0	0	0	0	0	278	0	0	0	0	0	0	0	0	0	306	0	0	0	0	0	78	0	2126	130	3216	0	0	650	70	0	0	978	8632	0	0	0	0	124	1066	940	19380	0	0	0	0	0	0	0	0	0	0	0	346	0	0	0	0	0	1096	0	250	0	0	0	0	0	0	0	0	0	0	0	0	0	118	2460	16462	76	698	90	7734	5280	0	5090	32570	330	308	644	972	134	3766	0	0	464	3364	16854	4000	1116	1354	1848	110	
569156	Cerebelum_6_L	84	0	234	0	0	0	0	0	0	0	0	0	0	0	0	0	0	0	94	0	0	0	0	0	0	0	0	0	684	0	0	0	0	0	0	0	1762	0	2246	0	0	0	2262	148	0	0	11012	10026	0	0	526	0	1654	1096	33492	4390	0	0	0	0	0	0	0	0	0	0	0	0	0	0	0	0	656	0	0	0	0	0	76	0	204	0	0	0	0	0	0	0	1364	0	61360	7784	8790	1960	2076	1906	39076	5090	0	11758	4680	696	6320	1124	5274	2338	356	0	1774	2302	14642	20974	6770	1774	2568	1176	
500852	Cerebelum_6_R	0	0	0	0	0	0	0	0	0	0	0	0	0	0	0	0	0	0	0	0	0	0	0	0	0	0	0	0	0	0	0	0	0	0	0	0	0	0	112	450	0	0	1078	536	0	114	860	12702	0	138	0	112	104	3494	1372	29666	0	0	0	0	0	0	0	0	0	0	0	0	0	0	0	0	0	0	0	0	0	0	0	0	0	0	0	0	0	0	0	0	0	164	8290	53086	2198	5820	622	8088	4356	32570	11758	0	590	1748	968	4130	844	6398	0	166	674	2906	13288	21336	10420	4144	4964	160	
322580	Cerebelum_7b_L	0	0	0	0	0	0	0	0	0	0	0	0	0	0	0	0	0	0	0	0	0	0	0	0	0	0	0	0	0	0	0	0	0	0	0	0	0	0	78	0	0	0	0	0	0	0	0	336	0	0	0	0	0	0	1008	0	0	0	0	0	0	0	0	0	0	0	0	0	0	0	0	0	0	0	0	0	0	0	100	0	80	0	0	0	0	0	0	0	1346	0	21216	1062	34026	7728	0	334	1170	330	4680	590	0	8120	40658	7480	8522	746	3562	0	206	0	324	1588	8184	6702	962	152	
234356	Cerebelum_7b_R	0	0	0	0	0	0	0	0	0	0	0	0	0	0	0	0	0	0	0	0	0	0	0	0	0	0	0	0	0	0	0	0	0	0	0	0	0	0	0	0	0	0	0	0	0	0	0	74	0	0	0	0	0	0	118	122	0	0	0	0	0	0	0	0	0	0	0	0	0	0	0	0	0	0	0	0	0	0	0	0	0	0	0	0	0	0	0	0	0	0	2014	5906	7680	26626	0	190	368	308	696	1748	8120	0	7098	31020	926	6502	0	0	0	0	142	392	9528	6578	1022	0	
359784	Cerebelum_8_L	0	0	0	0	0	0	0	0	0	0	0	0	0	0	0	0	0	0	0	0	0	0	0	0	0	0	0	0	0	0	0	0	0	0	0	0	0	0	100	0	0	0	0	0	0	0	0	660	0	0	0	0	0	0	1048	0	0	0	0	0	0	0	0	0	0	0	0	0	0	0	0	0	0	0	0	0	0	0	104	0	82	0	0	0	0	0	0	0	1136	0	21114	1348	27890	5732	184	462	2586	644	6320	968	40658	7098	0	9388	19732	2008	6606	0	276	0	642	2638	7076	10144	3002	246	
315556	Cerebelum_8_R	0	0	0	0	0	0	0	0	0	0	0	0	0	0	0	0	0	0	0	0	0	0	0	0	0	0	0	0	0	0	0	0	0	0	0	0	0	0	0	0	0	0	0	0	0	0	0	92	0	0	0	0	0	0	156	298	0	0	0	0	0	0	0	0	0	0	0	0	0	0	0	0	0	0	0	0	0	0	0	0	0	0	0	0	0	0	0	0	0	0	2170	15968	4520	31248	0	614	922	972	1124	4130	7480	31020	9388	0	2256	21752	0	356	72	68	362	1000	9146	10068	2596	0	
164696	Cerebelum_9_L	0	0	0	0	0	0	0	0	0	0	0	0	0	0	0	0	0	0	0	0	0	0	0	0	0	0	0	0	0	0	0	0	0	0	0	0	0	0	158	0	0	0	430	0	0	0	454	108	0	0	0	0	0	0	810	178	0	0	0	0	0	0	0	0	0	0	0	0	0	0	0	0	0	0	0	0	0	0	0	0	0	0	0	0	0	0	0	0	0	0	4972	932	4506	888	1402	266	8268	134	5274	844	8522	926	19732	2256	0	1842	7028	0	318	432	1034	2126	1936	3118	2934	520	
218712	Cerebelum_9_R	0	0	0	0	0	0	0	0	0	0	0	0	0	0	0	0	0	0	0	0	0	0	0	0	0	0	0	0	0	0	0	0	0	0	0	0	0	0	0	0	0	0	578	0	0	0	518	0	0	0	0	0	0	0	202	546	0	0	0	0	0	0	0	0	0	0	0	0	0	0	0	0	0	0	0	0	0	0	0	0	0	0	0	0	0	0	0	0	0	0	1248	6786	464	5890	348	5320	2860	3766	2338	6398	746	6502	2008	21752	1842	0	0	1762	2054	2694	3074	7332	3338	6556	10812	1622	
41896	Cerebelum_10_L	0	0	0	0	0	0	0	0	0	0	0	0	0	0	0	0	0	0	0	0	0	0	0	0	0	0	0	0	0	0	0	0	0	0	0	0	0	0	0	0	0	0	0	0	0	0	0	0	0	0	0	0	0	0	0	0	0	0	0	0	0	0	0	0	0	0	0	0	0	0	0	0	0	0	0	0	0	0	0	0	0	0	0	0	0	0	0	0	0	0	1096	0	1940	0	0	0	196	0	356	0	3562	0	6606	0	7028	0	0	0	0	0	0	164	0	0	0	0	
5968	Cerebelum_10_R	0	0	0	0	0	0	0	0	0	0	0	0	0	0	0	0	0	0	0	0	0	0	0	0	0	0	0	0	0	0	0	0	0	0	0	0	0	0	0	0	0	0	0	0	0	0	0	0	0	0	0	0	0	0	0	0	0	0	0	0	0	0	0	0	0	0	0	0	0	0	0	0	0	0	0	0	0	0	0	0	0	0	0	0	0	0	0	0	0	0	0	182	0	102	0	0	0	0	0	166	0	0	0	356	0	1762	0	0	0	0	0	0	114	116	186	0	
45036	Vermis_1_2	0	0	0	0	0	0	0	0	0	0	0	0	0	0	0	0	0	0	0	0	0	0	0	0	0	0	0	0	0	0	0	0	0	0	0	0	0	0	112	0	0	0	136	0	0	0	110	0	0	0	0	0	0	0	92	112	0	0	0	0	0	0	0	0	0	0	0	0	0	0	0	0	0	0	0	0	0	0	0	0	0	0	0	0	0	0	0	0	0	0	606	412	192	0	1022	1796	1646	464	1774	674	206	0	276	72	318	2054	0	0	0	3398	1850	1850	246	1118	1754	228	
