data	data	552828	294212	1.40961e+06	1.02159e+06	171084	147276	636900	377176	143540	46792	475316	301732	458152	236164	200360	122252	317780	127504	928884	921340	72932	95468	616060	671848	38552	137980	61512	94976	761312	466088	454700	753164	282740	678280	83632	107048	279636	256960	102716	167940	55868	48444	142220	294144	153176	292356	226244	311712	200124	328252	501328	176580	144548	128732	403796	420576	341400	254872	261500	96160	255624	87224	110336	130672	149628	128304	358288	366132	255748	236884	222816	376464	366740	299400	111964	26556	127944	142772	116672	47516	303892	93900	190928	46236	351076	220756	50652	29740	306808	230856	559800	440392	324844	266116	52364	55636	289012	247196	499812	432312	211508	107480	264612	253740	103720	76620	12524	5060	34044	70948	228856	281516	353540	122780	66024	46616	
data	data	Precentral_L	Precentral_R	Frontal_Sup_L	Frontal_Sup_R	Frontal_Sup_Orb_L	Frontal_Sup_Orb_R	Frontal_Mid_L	Frontal_Mid_R	Frontal_Mid_Orb_L	Frontal_Mid_Orb_R	Frontal_Inf_Oper_L	Frontal_Inf_Oper_R	Frontal_Inf_Tri_L	Frontal_Inf_Tri_R	Frontal_Inf_Orb_L	Frontal_Inf_Orb_R	Rolandic_Oper_L	Rolandic_Oper_R	Supp_Motor_Area_L	Supp_Motor_Area_R	Olfactory_L	Olfactory_R	Frontal_Sup_Medial_L	Frontal_Sup_Medial_R	Frontal_Med_Orb_L	Frontal_Med_Orb_R	Rectus_L	Rectus_R	Insula_L	Insula_R	Cingulum_Ant_L	Cingulum_Ant_R	Cingulum_Mid_L	Cingulum_Mid_R	Cingulum_Post_L	Cingulum_Post_R	Hippocampus_L	Hippocampus_R	ParaHippocampal_L	ParaHippocampal_R	Amygdala_L	Amygdala_R	Calcarine_L	Calcarine_R	Cuneus_L	Cuneus_R	Lingual_L	Lingual_R	Occipital_Sup_L	Occipital_Sup_R	Occipital_Mid_L	Occipital_Mid_R	Occipital_Inf_L	Occipital_Inf_R	Fusiform_L	Fusiform_R	Postcentral_L	Postcentral_R	Parietal_Sup_L	Parietal_Sup_R	Parietal_Inf_L	Parietal_Inf_R	SupraMarginal_L	SupraMarginal_R	Angular_L	Angular_R	Precuneus_L	Precuneus_R	Paracentral_Lobule_L	Paracentral_Lobule_R	Caudate_L	Caudate_R	Putamen_L	Putamen_R	Pallidum_L	Pallidum_R	Thalamus_L	Thalamus_R	Heschl_L	Heschl_R	Temporal_Sup_L	Temporal_Sup_R	Temporal_Pole_Sup_L	Temporal_Pole_Sup_R	Temporal_Mid_L	Temporal_Mid_R	Temporal_Pole_Mid_L	Temporal_Pole_Mid_R	Temporal_Inf_L	Temporal_Inf_R	Cerebelum_Crus1_L	Cerebelum_Crus1_R	Cerebelum_Crus2_L	Cerebelum_Crus2_R	Cerebelum_3_L	Cerebelum_3_R	Cerebelum_4_5_L	Cerebelum_4_5_R	Cerebelum_6_L	Cerebelum_6_R	Cerebelum_7b_L	Cerebelum_7b_R	Cerebelum_8_L	Cerebelum_8_R	Cerebelum_9_L	Cerebelum_9_R	Cerebelum_10_L	Cerebelum_10_R	Vermis_1_2	Vermis_3	Vermis_4_5	Vermis_6	Vermis_7	Vermis_8	Vermis_9	Vermis_10	
552828	Precentral_L	0	3546	22390	252	174	0	25772	0	0	0	27746	284	11352	0	0	0	18834	0	6178	7578	0	0	340	0	0	0	0	0	18056	0	294	144	228	2998	1994	2486	8250	1698	1024	742	0	0	0	0	0	0	0	120	0	0	2010	0	304	0	648	242	33616	1088	2406	0	7154	0	2016	0	932	0	1878	212	18406	7836	3218	714	6826	0	1808	0	7890	438	5582	0	5716	0	1266	0	798	0	0	0	670	0	0	0	0	0	0	0	0	0	0	0	0	0	0	0	0	0	0	0	0	260	0	0	0	0	0	0	
294212	Precentral_R	3546	0	5444	5724	0	0	0	7744	0	0	0	8480	0	754	0	0	0	2196	6740	12252	0	0	0	128	0	0	0	0	0	4894	244	578	1014	550	156	702	162	6856	0	552	0	0	0	1176	0	704	0	214	0	958	0	398	0	776	0	2456	114	21784	0	724	0	820	0	1826	0	424	0	2282	6818	19734	2508	2258	726	1946	714	180	1264	4880	0	472	0	608	0	0	0	500	0	0	0	1126	0	0	0	0	0	0	0	0	0	0	0	0	0	0	0	0	0	0	0	0	0	0	0	0	0	0	
1.40961e+06	Frontal_Sup_L	22390	5444	0	26824	12376	0	90486	5872	9724	0	29284	1118	40462	686	14670	162	9820	440	104260	23580	202	0	57664	17542	1458	394	482	0	58226	1148	26238	18992	11470	13302	110	164	3798	380	422	138	384	0	0	0	0	0	0	0	0	0	0	0	0	0	340	148	5156	1242	0	240	116	0	128	194	0	0	0	272	2824	820	14652	5642	27966	432	15068	150	7496	1038	572	0	4980	0	4080	0	1020	0	0	0	118	0	0	0	0	0	0	0	0	0	0	0	0	0	0	0	0	0	0	0	0	0	0	0	0	0	0	0	
1.02159e+06	Frontal_Sup_R	252	5724	26824	0	0	7196	4512	46906	0	1364	152	15408	338	10890	0	6550	0	6880	28804	77978	0	908	24126	62158	0	5876	0	1654	464	22244	11068	42708	4258	25538	0	114	0	2678	0	1328	0	0	0	0	0	0	0	362	0	0	0	0	0	0	0	600	0	2026	0	0	0	0	0	0	0	0	0	172	0	0	1318	30298	378	14000	0	1518	136	14246	0	544	0	298	0	0	0	0	0	0	0	0	0	0	0	0	0	0	0	0	0	0	0	0	0	0	0	0	0	0	0	0	0	0	0	0	0	0	
171084	Frontal_Sup_Orb_L	174	0	12376	0	0	0	1658	0	19340	0	0	0	1150	0	12308	0	0	0	2002	0	1716	256	2552	0	3496	108	6626	0	4624	0	4414	128	0	0	0	0	0	0	0	0	854	0	0	0	0	0	0	0	0	0	0	0	0	0	0	0	0	0	0	0	0	0	0	0	0	0	0	0	0	0	854	0	9088	0	980	0	0	0	0	0	0	0	838	0	0	0	0	0	0	0	0	0	0	0	0	0	0	0	0	0	0	0	0	0	0	0	0	0	0	0	0	0	0	0	0	0	
147276	Frontal_Sup_Orb_R	0	0	0	7196	0	0	0	2758	0	6364	0	324	0	398	0	6260	0	0	0	422	914	3754	294	4554	290	10772	212	10400	0	1878	988	1318	0	0	0	0	0	0	0	0	0	0	0	0	0	0	0	0	0	0	0	0	0	0	0	0	0	0	0	0	0	0	0	0	0	0	0	0	0	0	1620	4472	1200	7250	0	0	0	0	0	0	0	0	0	0	0	0	0	0	0	0	0	0	0	0	0	0	0	0	0	0	0	0	0	0	0	0	0	0	0	0	0	0	0	0	0	0	
636900	Frontal_Mid_L	25772	0	90486	4512	1658	0	0	792	4474	0	27548	156	47744	282	8400	0	3606	0	16202	1946	0	0	14980	5984	0	0	0	0	29114	330	2366	4158	6780	4906	0	0	1680	0	214	0	0	0	0	0	0	0	0	0	0	0	0	0	0	0	134	0	2346	0	0	0	122	0	0	0	0	0	0	0	136	0	2992	600	3038	0	386	0	690	0	666	0	1496	0	1390	0	364	0	0	0	0	0	0	0	0	0	0	0	0	0	0	0	0	0	0	0	0	0	0	0	0	0	0	0	0	0	0	0	
377176	Frontal_Mid_R	0	7744	5872	46906	0	2758	792	0	0	1732	0	13856	0	18008	0	7108	0	1754	5760	8972	0	750	2860	14846	0	418	0	966	0	13404	1108	5652	732	5036	0	0	0	2872	0	1766	0	0	0	0	0	0	0	234	0	0	0	0	0	0	0	660	0	220	0	0	0	0	0	0	0	0	0	0	0	0	812	4490	352	5136	0	170	134	4502	0	0	0	206	0	0	0	0	0	0	0	0	0	0	0	0	0	0	0	0	0	0	0	0	0	0	0	0	0	0	0	0	0	0	0	0	0	0	
143540	Frontal_Mid_Orb_L	0	0	9724	0	19340	0	4474	0	0	0	0	0	3674	0	17392	0	0	0	264	0	552	118	0	0	478	0	4504	0	3702	0	664	0	0	0	0	0	152	0	0	0	386	0	0	0	0	0	0	0	0	0	0	0	0	0	0	0	0	0	0	0	0	0	0	0	0	0	0	0	0	0	428	0	4640	0	0	0	0	0	0	0	0	0	1278	0	0	0	0	0	0	0	0	0	0	0	0	0	0	0	0	0	0	0	0	0	0	0	0	0	0	0	0	0	0	0	0	0	
46792	Frontal_Mid_Orb_R	0	0	0	1364	0	6364	0	1732	0	0	0	0	0	270	0	6748	0	0	0	0	138	498	0	432	0	992	0	1680	0	656	0	0	0	0	0	0	0	0	0	0	0	0	0	0	0	0	0	0	0	0	0	0	0	0	0	0	0	0	0	0	0	0	0	0	0	0	0	0	0	0	332	430	222	1538	0	0	0	0	0	0	0	0	0	0	0	0	0	0	0	0	0	0	0	0	0	0	0	0	0	0	0	0	0	0	0	0	0	0	0	0	0	0	0	0	0	0	
475316	Frontal_Inf_Oper_L	27746	0	29284	152	0	0	27548	0	0	0	0	0	35102	0	404	0	17400	0	14596	204	0	0	2138	188	0	0	132	0	37784	0	888	376	150	146	0	0	4938	0	700	0	0	0	0	0	0	0	0	0	0	0	414	0	222	0	666	0	9812	0	446	0	572	0	224	0	0	0	254	0	400	0	126	124	4456	0	482	0	608	0	3116	0	6644	0	6326	0	2236	0	0	0	530	0	0	0	0	0	0	0	0	0	0	0	0	0	0	0	0	0	0	0	0	124	0	0	0	0	0	0	
301732	Frontal_Inf_Oper_R	284	8480	1118	15408	0	324	156	13856	0	0	0	0	0	15012	0	1300	0	8062	2310	12388	0	0	520	3650	0	252	0	0	0	27628	1876	9316	332	3292	0	382	116	3646	0	1720	0	0	0	0	0	0	0	0	0	0	0	0	0	0	0	690	0	3420	0	0	0	0	0	154	0	0	0	0	0	0	122	2670	0	8034	0	166	438	1924	0	184	0	1288	0	140	0	0	0	0	0	208	0	0	0	0	0	0	0	0	0	0	0	0	0	0	0	0	0	0	0	0	0	0	0	0	0	0	
458152	Frontal_Inf_Tri_L	11352	0	40462	338	1150	0	47744	0	3674	0	35102	0	0	0	15206	0	3284	0	12558	376	0	0	3086	492	0	0	220	0	38084	0	1824	750	514	400	0	0	1020	0	170	0	0	0	0	0	0	0	0	0	0	0	0	0	0	0	156	0	3218	0	0	0	0	0	0	0	0	0	0	0	0	0	0	0	2772	0	248	0	0	0	0	0	952	0	3526	0	398	0	0	0	0	0	0	0	0	0	0	0	0	0	0	0	0	0	0	0	0	0	0	0	0	0	0	0	0	0	0	0	
236164	Frontal_Inf_Tri_R	0	754	686	10890	0	398	282	18008	0	270	0	15012	0	0	0	8146	0	1306	1732	6478	0	0	1530	8450	0	414	0	0	0	24490	606	8094	236	6746	0	0	0	204	0	0	0	0	0	0	0	0	0	0	0	0	0	0	0	0	0	0	0	0	0	0	0	0	0	0	0	0	0	0	0	0	0	1184	0	1754	0	0	0	156	0	0	0	256	0	0	0	0	0	0	0	0	0	0	0	0	0	0	0	0	0	0	0	0	0	0	0	0	0	0	0	0	0	0	0	0	0	0	
200360	Frontal_Inf_Orb_L	0	0	14670	0	12308	0	8400	0	17392	0	404	0	15206	0	0	0	0	0	880	0	1598	162	586	0	0	0	598	0	14644	0	648	108	176	0	0	0	600	0	180	0	1258	0	0	0	0	0	0	0	0	0	0	0	0	0	0	0	0	0	0	0	0	0	0	0	0	0	0	0	0	0	726	0	4812	0	150	0	0	0	0	0	0	0	4674	0	0	0	0	0	0	0	0	0	0	0	0	0	0	0	0	0	0	0	0	0	0	0	0	0	0	0	0	0	0	0	0	0	
122252	Frontal_Inf_Orb_R	0	0	162	6550	0	6260	0	7108	0	6748	0	1300	0	8146	0	0	0	0	310	1102	146	1228	532	3342	0	0	0	1334	0	9838	240	1944	0	1370	0	0	0	0	0	0	0	0	0	0	0	0	0	0	0	0	0	0	0	0	0	0	0	0	0	0	0	0	0	0	0	0	0	0	0	0	414	880	298	1386	0	0	0	0	0	0	0	0	0	488	0	0	0	0	0	0	0	0	0	0	0	0	0	0	0	0	0	0	0	0	0	0	0	0	0	0	0	0	0	0	0	0	
317780	Rolandic_Oper_L	18834	0	9820	0	0	0	3606	0	0	0	17400	0	3284	0	0	0	0	0	3350	0	0	0	156	0	0	0	0	0	20784	0	0	0	0	0	150	0	4784	0	564	0	0	0	0	0	0	0	0	0	0	0	3150	0	2400	0	1714	0	16176	0	2248	0	998	0	4204	0	140	0	1804	0	1188	0	0	0	4770	0	1808	0	1016	0	8638	0	16100	0	4464	0	3376	0	0	0	1820	0	0	0	0	0	0	0	0	0	0	0	0	0	0	0	0	0	0	0	0	144	0	0	0	0	0	0	
127504	Rolandic_Oper_R	0	2196	440	6880	0	0	0	1754	0	0	0	8062	0	1306	0	0	0	0	1026	6690	0	0	0	260	0	0	0	0	0	10330	0	280	0	128	0	0	0	1098	0	550	0	0	0	0	0	0	0	0	0	0	0	0	0	0	0	254	0	3252	0	188	0	0	0	2390	0	0	0	138	0	0	0	1050	0	3638	0	882	0	182	0	4504	0	5262	0	208	0	488	0	0	0	316	0	0	0	0	0	0	0	0	0	0	0	0	0	0	0	0	0	0	0	0	0	0	0	0	0	0	
928884	Supp_Motor_Area_L	6178	6740	104260	28804	2002	0	16202	5760	264	0	14596	2310	12558	1732	880	310	3350	1026	0	61628	0	0	19468	8650	136	0	236	0	24634	2750	14238	18740	14398	32014	530	652	956	456	0	186	0	0	0	0	0	0	0	0	0	0	0	0	0	0	0	154	540	1192	0	224	0	0	0	196	0	0	0	308	4410	5850	11980	7400	13124	1076	4046	140	1990	932	190	110	1832	0	1582	0	522	0	0	0	0	0	0	0	0	0	0	0	0	0	0	0	0	0	0	0	0	0	0	0	0	0	0	0	0	0	0	0	
921340	Supp_Motor_Area_R	7578	12252	23580	77978	0	422	1946	8972	0	0	204	12388	376	6478	0	1102	0	6690	61628	0	0	0	8614	20182	0	686	0	0	608	12662	8700	27786	13402	54786	630	2826	0	1038	0	622	0	0	0	0	0	0	0	0	0	0	0	0	0	0	0	212	0	3982	0	0	0	0	0	0	0	0	0	326	11532	24514	948	23656	180	9230	0	1446	598	9020	0	574	0	316	0	0	0	0	0	0	0	0	0	0	0	0	0	0	0	0	0	0	0	0	0	0	0	0	0	0	0	0	0	0	0	0	0	0	
72932	Olfactory_L	0	0	202	0	1716	914	0	0	552	138	0	0	0	0	1598	146	0	0	0	0	0	5196	0	0	0	876	2298	1690	3046	0	1936	1606	0	0	0	0	160	0	488	0	1746	0	0	0	0	0	0	0	0	0	0	0	0	0	0	0	0	0	0	0	0	0	0	0	0	0	0	0	0	0	6410	1564	2626	0	0	0	0	0	0	0	0	0	1558	0	0	0	0	0	0	0	0	0	0	0	0	0	0	0	0	0	0	0	0	0	0	0	0	0	0	0	0	0	0	0	0	0	
95468	Olfactory_R	0	0	0	908	256	3754	0	750	118	498	0	0	0	0	162	1228	0	0	0	0	5196	0	0	200	0	2200	1466	5482	370	2002	1846	2310	0	0	0	0	0	0	0	220	248	164	0	0	0	0	0	0	0	0	0	0	0	0	0	0	0	0	0	0	0	0	0	0	0	0	0	0	0	0	8156	4918	4262	456	0	0	0	0	0	0	0	0	196	368	0	0	0	0	0	0	0	0	0	0	0	0	0	0	0	0	0	0	0	0	0	0	0	0	0	0	0	0	0	0	0	0	
616060	Frontal_Sup_Medial_L	340	0	57664	24126	2552	294	14980	2860	0	0	2138	520	3086	1530	586	532	156	0	19468	8614	0	0	0	45804	2452	1678	586	0	4076	2022	34616	31460	14942	26322	0	0	0	0	0	0	0	0	0	0	0	0	0	0	0	0	0	0	0	0	0	0	0	0	0	0	0	0	0	0	0	0	0	0	0	0	478	904	2216	412	408	0	0	0	0	0	0	0	208	0	0	0	0	0	0	0	0	0	0	0	0	0	0	0	0	0	0	0	0	0	0	0	0	0	0	0	0	0	0	0	0	0	
671848	Frontal_Sup_Medial_R	0	128	17542	62158	0	4554	5984	14846	0	432	188	3650	492	8450	0	3342	0	260	8650	20182	0	200	45804	0	698	10506	0	1288	638	9548	17078	43960	6400	31682	0	0	0	270	0	126	0	0	0	0	0	0	0	0	0	0	0	0	0	0	0	0	0	0	0	0	0	0	0	0	0	0	0	0	0	0	146	8510	242	7830	0	0	0	140	0	0	0	0	0	0	0	0	0	0	0	0	0	0	0	0	0	0	0	0	0	0	0	0	0	0	0	0	0	0	0	0	0	0	0	0	0	0	
38552	Frontal_Med_Orb_L	0	0	1458	0	3496	290	0	0	478	0	0	0	0	0	0	0	0	0	136	0	0	0	2452	698	0	2290	2802	0	192	0	4166	232	0	0	0	0	0	0	0	0	0	0	0	0	0	0	0	0	0	0	0	0	0	0	0	0	0	0	0	0	0	0	0	0	0	0	0	0	0	0	170	0	416	0	0	0	0	0	0	0	0	0	0	0	0	0	0	0	0	0	0	0	0	0	0	0	0	0	0	0	0	0	0	0	0	0	0	0	0	0	0	0	0	0	0	0	
137980	Frontal_Med_Orb_R	0	0	394	5876	108	10772	0	418	0	992	0	252	0	414	0	0	0	0	0	686	876	2200	1678	10506	2290	0	526	8406	0	416	4666	8372	0	404	0	0	0	0	0	0	0	0	0	0	0	0	0	0	0	0	0	0	0	0	0	0	0	0	0	0	0	0	0	0	0	0	0	0	0	0	948	3634	682	3474	0	0	0	0	0	0	0	0	0	0	0	0	0	0	0	0	0	0	0	0	0	0	0	0	0	0	0	0	0	0	0	0	0	0	0	0	0	0	0	0	0	0	
61512	Rectus_L	0	0	482	0	6626	212	0	0	4504	0	132	0	220	0	598	0	0	0	236	0	2298	1466	586	0	2802	526	0	490	630	0	4152	906	0	0	0	0	0	0	0	0	172	0	0	0	0	0	0	0	0	0	0	0	0	0	0	0	0	0	0	0	0	0	0	0	0	0	0	0	0	0	2458	0	1074	0	0	0	0	0	0	0	0	0	186	0	0	0	0	0	0	0	0	0	0	0	0	0	0	0	0	0	0	0	0	0	0	0	0	0	0	0	0	0	0	0	0	0	
94976	Rectus_R	0	0	0	1654	0	10400	0	966	0	1680	0	0	0	0	0	1334	0	0	0	0	1690	5482	0	1288	0	8406	490	0	0	998	1160	3700	0	204	0	0	0	0	0	0	0	0	0	0	0	0	0	0	0	0	0	0	0	0	0	0	0	0	0	0	0	0	0	0	0	0	0	0	0	0	2722	2858	1670	608	0	0	0	0	0	0	0	0	0	178	0	0	0	0	0	0	0	0	0	0	0	0	0	0	0	0	0	0	0	0	0	0	0	0	0	0	0	0	0	0	0	0	
761312	Insula_L	18056	0	58226	464	4624	0	29114	0	3702	0	37784	0	38084	0	14644	0	20784	0	24634	608	3046	370	4076	638	192	0	630	0	0	0	3350	1086	620	516	114	0	20052	0	3158	0	5350	0	0	0	0	0	0	0	0	0	406	0	770	0	4484	0	5988	0	210	0	268	0	1028	0	108	0	156	0	158	0	1556	550	19796	0	4050	0	2040	0	9650	0	13484	0	12408	0	4190	0	224	0	4880	0	0	0	0	0	0	0	0	0	0	0	0	0	0	0	0	0	0	0	0	330	0	0	0	0	0	0	
466088	Insula_R	0	4894	1148	22244	0	1878	330	13404	0	656	0	27628	0	24490	0	9838	0	10330	2750	12662	0	2002	2022	9548	0	416	0	998	0	0	1100	11558	284	6672	0	0	0	9198	0	3874	0	476	0	0	0	0	0	0	0	0	0	0	0	222	0	7452	0	4174	0	112	0	0	0	368	0	0	0	156	0	0	160	3458	0	16900	0	374	0	1030	0	3454	0	2992	0	1444	0	3498	0	0	0	6850	0	0	0	0	0	0	0	0	0	0	0	0	0	0	0	0	0	0	0	0	0	0	0	0	0	0	
454700	Cingulum_Ant_L	294	244	26238	11068	4414	988	2366	1108	664	0	888	1876	1824	606	648	240	0	0	14238	8700	1936	1846	34616	17078	4166	4666	4152	1160	3350	1100	0	37098	10244	14850	0	130	0	226	0	0	0	0	0	0	0	0	0	0	0	0	0	0	0	0	0	0	0	0	0	0	0	0	0	0	0	0	0	0	0	106	4060	2636	5150	818	724	0	154	354	0	0	0	0	326	0	0	0	0	0	0	0	0	0	0	0	0	0	0	0	0	0	0	0	0	0	0	0	0	0	0	0	0	0	0	0	0	0	
753164	Cingulum_Ant_R	144	578	18992	42708	128	1318	4158	5652	0	0	376	9316	750	8094	108	1944	0	280	18740	27786	1606	2310	31460	43960	232	8372	906	3700	1086	11558	37098	0	10122	43830	0	258	0	562	0	118	0	0	0	0	0	0	0	0	0	0	0	0	0	0	0	0	0	0	0	0	0	0	0	0	0	0	0	0	0	124	3504	21574	1414	10682	118	0	174	742	0	0	0	0	0	0	0	0	0	0	0	0	0	0	0	0	0	0	0	0	0	0	0	0	0	0	0	0	0	0	0	0	0	0	0	0	0	0	
282740	Cingulum_Mid_L	228	1014	11470	4258	0	0	6780	732	0	0	150	332	514	236	176	0	0	0	14398	13402	0	0	14942	6400	0	0	0	0	620	284	10244	10122	0	21620	5284	686	0	0	0	0	0	0	216	0	476	0	0	0	1734	0	1812	0	0	0	0	0	130	0	596	0	0	0	0	0	304	0	3680	214	4720	2606	0	176	360	0	0	0	0	0	0	0	0	0	0	0	288	0	0	0	166	0	0	0	0	0	0	0	0	0	0	0	0	0	0	0	0	0	0	0	0	0	0	0	0	0	0	0	
678280	Cingulum_Mid_R	2998	550	13302	25538	0	0	4906	5036	0	0	146	3292	400	6746	0	1370	0	128	32014	54786	0	0	26322	31682	0	404	0	204	516	6672	14850	43830	21620	0	778	7812	0	142	0	0	0	0	0	326	0	532	0	0	0	150	0	138	0	0	0	0	0	3178	0	0	0	0	0	0	0	0	122	3730	5866	11852	252	4454	202	2174	0	0	0	120	0	0	0	0	0	0	0	0	0	0	0	0	0	0	0	0	0	0	0	0	0	0	0	0	0	0	0	0	0	0	0	0	0	0	0	0	0	0	
83632	Cingulum_Post_L	1994	156	110	0	0	0	0	0	0	0	0	0	0	0	0	0	150	0	530	630	0	0	0	0	0	0	0	0	114	0	0	0	5284	778	0	4436	3722	1316	996	776	0	0	2134	0	1136	0	676	268	606	0	554	0	0	0	650	238	304	158	0	0	0	0	0	0	198	0	5050	420	6648	506	0	0	0	0	0	0	896	0	126	0	0	0	0	0	150	0	0	0	106	0	0	0	0	0	0	0	0	0	0	0	0	0	0	0	0	0	0	0	0	0	0	0	0	0	0	0	
107048	Cingulum_Post_R	2486	702	164	114	0	0	0	0	0	0	0	382	0	0	0	0	0	0	652	2826	0	0	0	0	0	0	0	0	0	0	130	258	686	7812	4436	0	1786	4290	0	2484	0	0	0	722	0	288	0	2608	0	330	0	108	0	504	0	1118	230	3028	0	0	0	0	0	0	0	0	162	6444	922	4324	0	0	0	0	0	0	2598	586	0	0	0	0	0	0	0	0	0	0	0	156	0	0	0	0	0	0	0	0	0	0	0	0	0	0	0	0	0	0	0	0	188	0	0	0	0	0	
279636	Hippocampus_L	8250	162	3798	0	0	0	1680	0	152	0	4938	116	1020	0	600	0	4784	0	956	0	160	0	0	0	0	0	0	0	20052	0	0	0	0	0	3722	1786	0	1388	14738	812	6768	0	874	0	0	0	3308	340	0	0	0	0	170	0	15264	304	1880	0	0	0	0	0	114	0	0	0	1918	218	212	0	860	0	9426	0	1062	0	4250	0	5312	0	4966	0	3130	0	920	0	164	0	7328	0	0	0	0	0	152	114	412	0	230	0	0	0	0	0	0	0	0	0	132	876	0	0	0	0	0	0	
256960	Hippocampus_R	1698	6856	380	2678	0	0	0	2872	0	0	0	3646	0	204	0	0	0	1098	456	1038	0	0	0	270	0	0	0	0	0	9198	226	562	0	142	1316	4290	1388	0	0	25376	0	6552	0	656	0	0	0	3694	0	0	0	0	0	0	0	19698	250	1230	0	0	0	0	0	176	0	0	0	3758	0	0	160	312	0	13474	0	1434	2750	3930	0	350	0	294	0	938	0	338	0	1328	0	2610	0	192	0	0	0	0	0	252	0	180	0	0	0	0	0	0	0	0	0	0	230	0	0	0	0	0	
102716	ParaHippocampal_L	1024	0	422	0	0	0	214	0	0	0	700	0	170	0	180	0	564	0	0	0	488	0	0	0	0	0	0	0	3158	0	0	0	0	0	996	0	14738	0	0	0	2838	0	616	0	0	0	3432	0	0	0	0	0	0	0	8222	0	148	0	0	0	0	0	0	0	0	0	1702	0	0	0	328	0	3196	0	262	0	784	0	438	0	452	0	1758	0	114	0	922	0	584	0	212	0	0	0	190	174	762	0	634	0	0	0	0	0	0	0	0	0	280	656	0	0	0	0	0	0	
167940	ParaHippocampal_R	742	552	138	1328	0	0	0	1766	0	0	0	1720	0	0	0	0	0	550	186	622	0	220	0	126	0	0	0	0	0	3874	0	118	0	0	776	2484	812	25376	0	0	0	4340	0	822	0	0	0	3910	0	0	0	0	0	0	0	13222	0	142	0	0	0	0	0	0	0	0	0	3908	0	0	0	240	0	8720	0	1290	872	1618	0	0	0	0	0	1228	0	0	0	628	0	406	0	308	0	0	0	0	0	466	0	224	0	0	0	0	0	0	0	0	0	0	236	0	0	0	0	0	
55868	Amygdala_L	0	0	384	0	854	0	0	0	386	0	0	0	0	0	1258	0	0	0	0	0	1746	248	0	0	0	0	172	0	5350	0	0	0	0	0	0	0	6768	0	2838	0	0	0	0	0	0	0	0	0	0	0	0	0	0	0	2686	0	0	0	0	0	0	0	0	0	0	0	0	0	0	0	526	0	986	0	0	0	0	0	0	0	0	0	2886	0	0	0	298	0	548	0	0	0	0	0	0	0	0	0	0	0	0	0	0	0	0	0	0	0	0	0	0	0	0	0	0	0	
48444	Amygdala_R	0	0	0	0	0	0	0	0	0	0	0	0	0	0	0	0	0	0	0	0	0	164	0	0	0	0	0	0	0	476	0	0	0	0	0	0	0	6552	0	4340	0	0	0	0	0	0	0	0	0	0	0	0	0	0	0	4284	0	0	0	0	0	0	0	0	0	0	0	0	0	0	0	160	0	682	0	0	0	0	0	0	0	0	0	2152	0	168	0	2340	0	2904	0	0	0	0	0	0	0	0	0	0	0	0	0	0	0	0	0	0	0	0	0	0	0	0	0	0	
142220	Calcarine_L	0	0	0	0	0	0	0	0	0	0	0	0	0	0	0	0	0	0	0	0	0	0	0	0	0	0	0	0	0	0	0	0	216	0	2134	0	874	0	616	0	0	0	0	6490	12056	4802	8234	2170	7586	1212	8492	0	1808	0	1546	0	0	0	128	0	0	0	0	0	0	0	11552	210	0	0	0	0	0	0	0	0	0	0	0	0	0	0	0	0	160	0	0	0	0	0	390	0	0	0	0	0	174	0	260	0	0	0	0	0	0	0	0	0	0	0	0	0	0	0	0	0	
294144	Calcarine_R	0	1176	0	0	0	0	0	0	0	0	0	0	0	0	0	0	0	0	0	0	0	0	0	0	0	0	0	0	0	0	0	0	0	326	0	722	0	656	0	822	0	0	6490	0	3050	30824	974	21176	130	25464	0	8114	0	7076	0	8050	0	2236	0	110	0	0	0	820	0	1560	1340	17940	0	754	0	0	0	0	0	0	0	0	0	0	0	174	0	0	0	4188	0	0	0	2900	0	0	0	0	0	0	0	0	0	0	0	0	0	0	0	0	0	0	0	0	0	0	0	0	0	0	
153176	Cuneus_L	0	0	0	0	0	0	0	0	0	0	0	0	0	0	0	0	0	0	0	0	0	0	0	0	0	0	0	0	0	0	0	0	476	0	1136	0	0	0	0	0	0	0	12056	3050	0	5372	934	110	21214	1232	11174	0	2486	0	506	0	0	0	3642	0	126	0	0	0	292	0	11716	590	160	0	0	0	0	0	0	0	0	0	0	0	0	0	0	0	316	0	0	0	0	0	0	0	0	0	0	0	0	0	0	0	0	0	0	0	0	0	0	0	0	0	0	0	0	0	0	0	
292356	Cuneus_R	0	704	0	0	0	0	0	0	0	0	0	0	0	0	0	0	0	0	0	0	0	0	0	0	0	0	0	0	0	0	0	0	0	532	0	288	0	0	0	0	0	0	4802	30824	5372	0	126	5530	180	44194	0	10050	0	4632	0	2474	0	1448	0	3586	0	0	0	370	0	1308	2372	19864	0	648	0	0	0	0	0	0	0	0	0	0	0	134	0	0	0	3740	0	0	0	3000	0	0	0	0	0	0	0	0	0	0	0	0	0	0	0	0	0	0	0	0	0	0	0	0	0	0	
226244	Lingual_L	0	0	0	0	0	0	0	0	0	0	0	0	0	0	0	0	0	0	0	0	0	0	0	0	0	0	0	0	0	0	0	0	0	0	676	0	3308	0	3432	0	0	0	8234	974	934	126	0	2666	2176	184	9326	0	3414	174	17196	514	0	0	0	0	0	0	0	0	0	0	4208	0	0	0	0	0	0	0	0	0	404	0	256	0	0	0	0	0	122	0	0	0	168	0	11626	1166	340	0	282	0	13434	316	16894	1718	0	0	0	0	124	0	0	0	0	0	3450	3818	1286	0	0	176	
311712	Lingual_R	120	214	0	362	0	0	0	234	0	0	0	0	0	0	0	0	0	0	0	0	0	0	0	0	0	0	0	0	0	0	0	0	0	0	268	2608	340	3694	0	3910	0	0	2170	21176	110	5530	2666	0	0	5836	0	1192	0	7580	492	19756	0	216	0	0	0	0	0	0	0	0	0	11194	0	0	0	0	0	0	0	0	236	438	0	0	0	0	0	0	0	0	0	0	0	696	4278	5296	1054	0	192	268	2224	10192	7164	13702	0	0	0	266	0	0	0	0	0	0	7774	10498	1910	0	0	0	
200124	Occipital_Sup_L	0	0	0	0	0	0	0	0	0	0	0	0	0	0	0	0	0	0	0	0	0	0	0	0	0	0	0	0	0	0	0	0	1734	0	606	0	0	0	0	0	0	0	7586	130	21214	180	2176	0	0	0	29520	0	6366	0	324	0	0	0	9682	0	1002	0	0	0	1446	0	14546	130	0	0	0	0	0	0	0	0	0	0	0	0	0	0	0	0	1962	0	0	0	1458	0	0	0	0	0	0	0	0	0	0	0	0	0	0	0	0	0	0	0	0	0	0	0	0	0	0	0	
328252	Occipital_Sup_R	0	958	0	0	0	0	0	0	0	0	0	0	0	0	0	0	0	0	0	0	0	0	0	0	0	0	0	0	0	0	0	0	0	150	0	330	0	0	0	0	0	0	1212	25464	1232	44194	184	5836	0	0	0	19900	0	6100	0	3126	0	2412	0	5400	0	1482	0	1922	0	7726	566	21648	0	1078	0	0	0	0	0	0	0	0	0	0	0	304	0	0	0	8136	0	0	0	4766	0	0	0	0	0	0	0	0	0	0	0	0	0	0	0	0	0	0	0	0	0	0	0	0	0	0	
501328	Occipital_Mid_L	2010	0	0	0	0	0	0	0	0	0	414	0	0	0	0	0	3150	0	0	0	0	0	0	0	0	0	0	0	406	0	0	0	1812	0	554	0	0	0	0	0	0	0	8492	0	11174	0	9326	0	29520	0	0	0	22896	0	9230	0	6828	0	27106	0	16806	0	3092	0	22192	0	30590	0	6520	0	0	0	0	0	0	0	116	0	358	0	3496	0	0	0	24702	0	0	0	9028	0	154	0	0	0	0	0	292	0	164	0	0	0	0	0	0	0	0	0	0	0	236	0	0	0	0	0	
176580	Occipital_Mid_R	0	398	0	0	0	0	0	0	0	0	0	0	0	0	0	0	0	0	0	0	0	0	0	0	0	0	0	0	0	0	0	0	0	138	0	108	0	0	0	0	0	0	0	8114	0	10050	0	1192	0	19900	0	0	0	3538	0	1680	0	904	0	1396	0	1364	0	734	0	15660	226	9576	0	578	0	0	0	0	0	0	0	0	0	0	0	488	0	0	0	11676	0	0	0	570	0	0	0	0	0	0	0	0	0	0	0	0	0	0	0	0	0	0	0	0	0	0	0	0	0	0	
144548	Occipital_Inf_L	304	0	0	0	0	0	0	0	0	0	222	0	0	0	0	0	2400	0	0	0	0	0	0	0	0	0	0	0	770	0	0	0	0	0	0	0	170	0	0	0	0	0	1808	0	2486	0	3414	0	6366	0	22896	0	0	0	9844	0	1344	0	2064	0	820	0	524	0	0	0	2366	0	728	0	0	0	0	0	0	0	0	0	1340	0	2424	0	0	0	3202	0	0	0	6128	0	256	0	0	0	0	0	0	0	398	0	0	0	0	0	0	0	0	0	0	0	0	0	0	0	0	0	
128732	Occipital_Inf_R	0	776	0	0	0	0	0	0	0	0	0	0	0	0	0	0	0	0	0	0	0	0	0	0	0	0	0	0	0	222	0	0	0	0	0	504	0	0	0	0	0	0	0	7076	0	4632	174	7580	0	6100	0	3538	0	0	0	13376	0	556	0	0	0	0	0	224	0	200	150	3780	0	238	0	0	0	0	0	0	0	0	0	114	0	208	0	0	0	1328	0	0	0	5318	110	386	0	0	0	0	136	1424	460	3096	0	0	0	112	0	0	0	0	0	0	638	1610	300	0	0	0	
403796	Fusiform_L	648	0	340	0	0	0	134	0	0	0	666	0	156	0	0	0	1714	0	0	0	0	0	0	0	0	0	0	0	4484	0	0	0	0	0	650	0	15264	0	8222	0	2686	0	1546	0	506	0	17196	492	324	0	9230	0	9844	0	0	0	886	0	472	0	186	0	702	0	0	0	3186	0	376	0	0	0	1278	0	0	0	482	0	2928	0	5250	0	4602	0	4322	0	2914	0	19576	0	23490	974	510	0	468	0	14932	290	30606	746	208	0	370	0	186	0	0	0	0	296	3530	2910	1120	0	0	0	
420576	Fusiform_R	242	2456	148	600	0	0	0	660	0	0	0	690	0	0	0	0	0	254	154	212	0	0	0	0	0	0	0	0	0	7452	0	0	0	0	238	1118	304	19698	0	13222	0	4284	0	8050	0	2474	514	19756	0	3126	0	1680	0	13376	0	0	0	2046	0	0	0	0	0	0	0	114	0	6228	0	406	0	0	0	4892	0	700	324	968	0	772	0	724	0	3824	0	2116	0	2496	0	13706	784	16130	596	1446	0	290	606	11020	1860	24894	190	240	598	1868	0	310	0	0	0	0	3092	4660	1680	0	0	0	
341400	Postcentral_L	33616	114	5156	0	0	0	2346	0	0	0	9812	0	3218	0	0	0	16176	0	540	0	0	0	0	0	0	0	0	0	5988	0	0	0	130	0	304	230	1880	250	148	0	0	0	0	0	0	0	0	0	0	0	6828	0	1344	0	886	0	0	0	11062	0	22746	0	8536	0	2890	0	7526	0	9972	0	578	278	1032	0	368	0	3058	384	4178	0	7320	0	372	0	772	0	0	0	662	0	0	0	0	0	0	0	0	0	0	0	0	0	0	0	0	0	0	0	0	0	0	0	0	0	0	0	
254872	Postcentral_R	1088	21784	1242	2026	0	0	0	220	0	0	0	3420	0	0	0	0	0	3252	1192	3982	0	0	0	0	0	0	0	0	0	4174	0	0	0	3178	158	3028	0	1230	0	142	0	0	0	2236	0	1448	0	216	0	2412	0	904	0	556	0	2046	0	0	0	10390	0	8638	0	13368	0	2674	0	11174	1560	10884	988	146	0	1370	0	108	0	358	0	516	0	1324	0	0	0	1878	0	0	0	2126	0	0	0	0	0	0	0	0	0	0	0	0	0	0	0	0	0	0	0	0	0	0	0	0	0	0	
261500	Parietal_Sup_L	2406	0	0	0	0	0	0	0	0	0	446	0	0	0	0	0	2248	0	0	0	0	0	0	0	0	0	0	0	210	0	0	0	596	0	0	0	0	0	0	0	0	0	128	0	3642	0	0	0	9682	0	27106	0	2064	0	472	0	11062	0	0	0	16506	0	2150	0	4656	0	28976	128	6974	0	0	0	0	0	0	0	134	0	198	0	2214	0	0	0	5860	0	0	0	2892	0	0	0	0	0	0	0	0	0	0	0	0	0	0	0	0	0	0	0	0	0	0	0	0	0	0	0	
96160	Parietal_Sup_R	0	724	240	0	0	0	0	0	0	0	0	0	0	0	0	0	0	188	224	0	0	0	0	0	0	0	0	0	0	112	0	0	0	0	0	0	0	0	0	0	0	0	0	110	0	3586	0	0	0	5400	0	1396	0	0	0	0	0	10390	0	0	0	5942	0	3648	0	1694	0	9352	0	148	184	0	0	0	0	0	0	0	0	0	0	480	0	0	0	2006	0	0	0	2256	0	0	0	0	0	0	0	0	0	0	0	0	0	0	0	0	0	0	0	0	0	0	0	0	0	0	
255624	Parietal_Inf_L	7154	0	116	0	0	0	122	0	0	0	572	0	0	0	0	0	998	0	0	0	0	0	0	0	0	0	0	0	268	0	0	0	0	0	0	0	0	0	0	0	0	0	0	0	126	0	0	0	1002	0	16806	0	820	0	186	0	22746	0	16506	0	0	0	14678	0	19438	0	7826	0	6468	0	0	0	0	0	0	0	808	106	292	0	1784	0	0	0	7608	0	0	0	1382	0	0	0	0	0	0	0	0	0	0	0	0	0	0	0	0	0	0	0	0	0	0	0	0	0	0	0	
87224	Parietal_Inf_R	0	820	0	0	0	0	0	0	0	0	0	0	0	0	0	0	0	0	0	0	0	0	0	0	0	0	0	0	0	0	0	0	0	0	0	0	0	0	0	0	0	0	0	0	0	0	0	0	0	1482	0	1364	0	0	0	0	0	8638	0	5942	0	0	0	10962	0	6656	0	5998	0	0	0	0	0	0	0	0	0	0	0	0	0	178	0	0	0	1168	0	0	0	404	0	0	0	0	0	0	0	0	0	0	0	0	0	0	0	0	0	0	0	0	0	0	0	0	0	0	
110336	SupraMarginal_L	2016	0	128	0	0	0	0	0	0	0	224	0	0	0	0	0	4204	0	0	0	0	0	0	0	0	0	0	0	1028	0	0	0	0	0	0	0	114	0	0	0	0	0	0	0	0	0	0	0	0	0	3092	0	524	0	702	0	8536	0	2150	0	14678	0	0	0	2546	0	1874	0	480	0	0	0	0	0	0	0	854	0	192	0	5864	0	0	0	4454	0	0	0	1508	0	0	0	0	0	0	0	0	0	0	0	0	0	0	0	0	0	0	0	0	0	0	0	0	0	0	0	
130672	SupraMarginal_R	0	1826	194	0	0	0	0	0	0	0	0	154	0	0	0	0	0	2390	196	0	0	0	0	0	0	0	0	0	0	368	0	0	0	0	0	0	0	176	0	0	0	0	0	820	0	370	0	0	0	1922	0	734	0	224	0	0	0	13368	0	3648	0	10962	0	0	0	7434	0	6274	0	0	0	0	0	0	0	0	0	0	0	108	0	3850	0	0	0	7106	0	0	0	3212	0	0	0	0	0	0	0	0	0	0	0	0	0	0	0	0	0	0	0	0	0	0	0	0	0	0	
149628	Angular_L	932	0	0	0	0	0	0	0	0	0	0	0	0	0	0	0	140	0	0	0	0	0	0	0	0	0	0	0	108	0	0	0	304	0	198	0	0	0	0	0	0	0	0	0	292	0	0	0	1446	0	22192	0	0	0	0	0	2890	0	4656	0	19438	0	2546	0	0	0	4222	0	2158	0	0	0	0	0	0	0	0	0	0	0	1244	0	0	0	10904	0	0	0	1144	0	0	0	0	0	0	0	0	0	0	0	0	0	0	0	0	0	0	0	0	0	0	0	0	0	0	0	
128304	Angular_R	0	424	0	0	0	0	0	0	0	0	0	0	0	0	0	0	0	0	0	0	0	0	0	0	0	0	0	0	0	0	0	0	0	0	0	0	0	0	0	0	0	0	0	1560	0	1308	0	0	0	7726	0	15660	0	200	0	114	0	2674	0	1694	0	6656	0	7434	0	0	0	7482	0	652	0	0	0	0	0	0	0	0	0	0	0	1626	0	0	0	6888	0	0	0	2054	0	0	0	0	0	0	0	0	0	0	0	0	0	0	0	0	0	0	0	0	0	0	0	0	0	0	
358288	Precuneus_L	1878	0	0	0	0	0	0	0	0	0	254	0	0	0	0	0	1804	0	0	0	0	0	0	0	0	0	0	0	156	0	0	0	3680	122	5050	162	1918	0	1702	0	0	0	11552	1340	11716	2372	4208	0	14546	566	30590	226	2366	150	3186	0	7526	0	28976	0	7826	0	1874	0	4222	0	0	2578	9586	0	0	0	0	0	0	0	0	0	242	0	2226	0	0	0	10078	0	0	0	4466	0	0	0	0	0	0	0	0	0	0	0	0	0	0	0	0	0	0	0	0	0	0	0	0	0	0	0	
366132	Precuneus_R	212	2282	272	172	0	0	0	0	0	0	0	0	0	0	0	0	0	138	308	326	0	0	0	0	0	0	0	0	0	156	0	0	214	3730	420	6444	218	3758	0	3908	0	0	210	17940	590	19864	0	11194	130	21648	0	9576	0	3780	0	6228	0	11174	128	9352	0	5998	0	6274	0	7482	2578	0	0	4628	150	0	0	0	0	0	276	0	0	126	0	746	0	0	0	12056	0	0	0	8112	0	0	0	0	0	0	0	0	0	0	0	0	0	0	0	0	0	0	0	0	268	0	0	0	0	0	
255748	Paracentral_Lobule_L	18406	6818	2824	0	0	0	136	0	0	0	400	0	0	0	0	0	1188	0	4410	11532	0	0	0	0	0	0	0	0	158	0	0	0	4720	5866	6648	922	212	0	0	0	0	0	0	0	160	0	0	0	0	0	6520	0	728	0	376	0	9972	1560	6974	0	6468	0	480	0	2158	0	9586	0	0	14546	262	274	222	0	174	0	1880	176	198	0	690	0	0	0	230	0	0	0	0	0	0	0	0	0	0	0	0	0	0	0	0	0	0	0	0	0	0	0	0	0	0	0	0	0	0	0	
236884	Paracentral_Lobule_R	7836	19734	820	0	0	0	0	0	0	0	0	0	0	0	0	0	0	0	5850	24514	0	0	0	0	0	0	0	0	0	0	106	124	2606	11852	506	4324	0	0	0	0	0	0	0	754	0	648	0	0	0	1078	0	578	0	238	0	406	0	10884	0	148	0	0	0	0	0	652	0	4628	14546	0	288	1878	0	0	0	0	658	2316	0	0	0	0	0	0	0	264	0	0	0	206	0	0	0	0	0	0	0	0	0	0	0	0	0	0	0	0	0	0	0	0	0	0	0	0	0	0	
222816	Caudate_L	3218	2508	14652	1318	854	1620	2992	812	428	332	126	122	0	0	726	414	0	0	11980	948	6410	8156	478	146	170	948	2458	2722	1556	160	4060	3504	0	252	0	0	860	160	328	0	526	0	0	0	0	0	0	0	0	0	0	0	0	0	0	0	578	988	0	184	0	0	0	0	0	0	0	150	262	288	0	8162	11850	958	2430	0	8836	478	0	0	0	0	300	0	0	0	0	0	0	0	0	0	0	0	0	0	0	0	0	0	0	0	0	0	0	0	0	0	0	0	0	0	0	0	0	0	
376464	Caudate_R	714	2258	5642	30298	0	4472	600	4490	0	430	124	2670	0	1184	0	880	0	1050	7400	23656	1564	4918	904	8510	0	3634	0	2858	550	3458	2636	21574	176	4454	0	0	0	312	0	240	0	160	0	0	0	0	0	0	0	0	0	0	0	0	0	0	278	146	0	0	0	0	0	0	0	0	0	0	274	1878	8162	0	3096	14602	130	1350	166	15938	0	238	0	158	0	0	0	0	0	0	0	0	0	0	0	0	0	0	0	0	0	0	0	0	0	0	0	0	0	0	0	0	0	0	0	0	0	0	
366740	Putamen_L	6826	726	27966	378	9088	1200	3038	352	4640	222	4456	0	2772	0	4812	298	4770	0	13124	180	2626	4262	2216	242	416	682	1074	1670	19796	0	5150	1414	360	202	0	0	9426	0	3196	0	986	0	0	0	0	0	0	0	0	0	0	0	0	0	1278	0	1032	0	0	0	0	0	0	0	0	0	0	0	222	0	11850	3096	0	152	16048	0	3472	238	604	0	2980	0	2582	0	484	0	0	0	492	0	0	0	0	0	0	0	0	0	0	0	0	0	0	0	0	0	0	0	0	274	0	0	0	0	0	0	
299400	Putamen_R	0	1946	432	14000	0	7250	0	5136	0	1538	0	8034	0	1754	0	1386	0	3638	1076	9230	0	456	412	7830	0	3474	0	608	0	16900	818	10682	0	2174	0	0	0	13474	0	8720	0	682	0	0	0	0	0	0	0	0	0	0	0	0	0	4892	0	1370	0	0	0	0	0	0	0	0	0	0	0	0	958	14602	152	0	0	2854	0	1542	0	670	0	480	0	0	0	0	0	0	0	530	0	0	0	0	0	0	0	0	0	0	0	0	0	0	0	0	0	0	0	0	0	0	0	0	0	0	
111964	Pallidum_L	1808	714	15068	0	980	0	386	0	0	0	482	0	248	0	150	0	1808	0	4046	0	0	0	408	0	0	0	0	0	4050	0	724	118	0	0	0	0	1062	0	262	0	0	0	0	0	0	0	0	0	0	0	0	0	0	0	0	0	368	0	0	0	0	0	0	0	0	0	0	0	174	0	2430	130	16048	0	0	0	1920	238	0	0	1552	0	528	0	280	0	0	0	0	0	0	0	0	0	0	0	0	0	0	0	0	0	0	0	0	0	0	0	0	0	0	0	0	0	0	0	
26556	Pallidum_R	0	180	150	1518	0	0	0	170	0	0	0	166	0	0	0	0	0	882	140	1446	0	0	0	0	0	0	0	0	0	374	0	0	0	0	0	0	0	1434	0	1290	0	0	0	0	0	0	0	0	0	0	0	0	0	0	0	700	0	108	0	0	0	0	0	0	0	0	0	0	0	0	0	1350	0	2854	0	0	0	0	0	366	0	150	0	0	0	0	0	0	0	0	0	0	0	0	0	0	0	0	0	0	0	0	0	0	0	0	0	0	0	0	0	0	0	0	0	0	
127944	Thalamus_L	7890	1264	7496	136	0	0	690	134	0	0	608	438	0	0	0	0	1016	0	1990	598	0	0	0	0	0	0	0	0	2040	0	154	174	0	0	896	2598	4250	2750	784	872	0	0	0	0	0	0	404	236	0	0	116	0	0	0	482	324	3058	0	134	0	808	0	854	0	0	0	0	276	1880	658	8836	166	3472	0	1920	0	0	2100	390	0	324	0	0	0	0	0	0	0	236	0	0	0	0	0	0	0	170	0	0	0	0	0	0	0	0	0	0	0	0	350	0	0	0	0	0	0	
142772	Thalamus_R	438	4880	1038	14246	0	0	0	4502	0	0	0	1924	0	156	0	0	0	182	932	9020	0	0	0	140	0	0	0	0	0	1030	354	742	0	120	0	586	0	3930	0	1618	0	0	0	0	0	0	0	438	0	0	0	0	0	0	0	968	384	358	0	0	106	0	0	0	0	0	0	0	176	2316	478	15938	238	1542	238	0	2100	0	0	0	0	0	0	0	0	0	0	0	0	0	0	0	0	0	0	0	0	0	0	0	0	0	0	0	0	0	0	0	128	140	0	0	0	0	0	0	
116672	Heschl_L	5582	0	572	0	0	0	666	0	0	0	3116	0	0	0	0	0	8638	0	190	0	0	0	0	0	0	0	0	0	9650	0	0	0	0	0	126	0	5312	0	438	0	0	0	0	0	0	0	256	0	0	0	358	0	1340	0	2928	0	4178	0	198	0	292	0	192	0	0	0	242	0	198	0	0	0	604	0	0	0	390	0	0	0	5208	0	0	0	1804	0	0	0	5858	0	0	0	0	0	0	0	0	0	0	0	0	0	0	0	0	0	0	0	0	0	0	0	0	0	0	0	
47516	Heschl_R	0	472	0	544	0	0	0	0	0	0	0	184	0	0	0	0	0	4504	110	574	0	0	0	0	0	0	0	0	0	3454	0	0	0	0	0	0	0	350	0	0	0	0	0	0	0	0	0	0	0	0	0	0	0	114	0	772	0	516	0	0	0	0	0	108	0	0	0	126	0	0	0	238	0	670	0	366	0	0	0	0	0	3552	0	0	0	2514	0	0	0	4590	0	0	0	0	0	0	0	0	0	0	0	0	0	0	0	0	0	0	0	0	0	0	0	0	0	0	
303892	Temporal_Sup_L	5716	0	4980	0	0	0	1496	0	0	0	6644	0	952	0	0	0	16100	0	1832	0	0	0	0	0	0	0	0	0	13484	0	0	0	0	0	0	0	4966	0	452	0	0	0	0	0	0	0	0	0	0	0	3496	0	2424	0	5250	0	7320	0	2214	0	1784	0	5864	0	1244	0	2226	0	690	0	0	0	2980	0	1552	0	324	0	5208	0	0	0	8226	0	26426	0	0	0	17970	0	0	0	0	0	0	0	0	0	0	0	0	0	0	0	0	0	0	0	0	126	0	0	0	0	0	0	
93900	Temporal_Sup_R	0	608	0	298	0	0	0	206	0	0	0	1288	0	256	0	0	0	5262	0	316	0	0	0	0	0	0	0	0	0	2992	0	0	0	0	0	0	0	294	0	0	0	0	0	174	0	134	0	0	0	304	0	488	0	208	0	724	0	1324	0	480	0	178	0	3850	0	1626	0	746	0	0	0	158	0	480	0	150	0	0	0	3552	0	0	0	2614	0	12338	0	0	0	5902	0	0	0	0	0	0	0	0	0	0	0	0	0	0	0	0	0	0	0	0	0	0	0	0	0	0	
190928	Temporal_Pole_Sup_L	1266	0	4080	0	838	0	1390	0	1278	0	6326	0	3526	0	4674	0	4464	0	1582	0	1558	196	208	0	0	0	186	0	12408	0	326	0	0	0	0	0	3130	0	1758	0	2886	0	0	0	0	0	0	0	0	0	0	0	0	0	4602	0	372	0	0	0	0	0	0	0	0	0	0	0	0	0	300	0	2582	0	528	0	0	0	0	0	8226	0	0	0	11390	0	7920	0	7464	0	0	0	0	0	0	0	0	0	0	0	0	0	0	0	0	0	0	0	0	0	0	0	0	0	0	0	
46236	Temporal_Pole_Sup_R	0	0	0	0	0	0	0	0	0	0	0	140	0	0	0	488	0	208	0	0	0	368	0	0	0	0	0	178	0	1444	0	0	0	0	0	0	0	938	0	1228	0	2152	0	0	0	0	0	0	0	0	0	0	0	0	0	3824	0	0	0	0	0	0	0	0	0	0	0	0	0	0	0	0	0	0	0	0	0	0	0	0	0	2614	0	0	0	1648	0	3788	0	4100	0	0	0	0	0	0	0	0	0	0	0	0	0	0	0	0	0	0	0	0	0	0	0	0	0	0	
351076	Temporal_Mid_L	798	0	1020	0	0	0	364	0	0	0	2236	0	398	0	0	0	3376	0	522	0	0	0	0	0	0	0	0	0	4190	0	0	0	288	0	150	0	920	0	114	0	0	0	160	0	316	0	122	0	1962	0	24702	0	3202	0	4322	0	772	0	5860	0	7608	0	4454	0	10904	0	10078	0	230	0	0	0	484	0	280	0	0	0	1804	0	26426	0	11390	0	0	0	6526	0	39560	0	0	0	0	0	0	0	0	0	0	0	0	0	0	0	0	0	0	0	0	0	0	0	0	0	0	0	
220756	Temporal_Mid_R	0	500	0	0	0	0	0	0	0	0	0	0	0	0	0	0	0	488	0	0	0	0	0	0	0	0	0	0	0	3498	0	0	0	0	0	0	0	338	0	0	0	168	0	4188	0	3740	0	0	0	8136	0	11676	0	1328	0	2116	0	1878	0	2006	0	1168	0	7106	0	6888	0	12056	0	264	0	0	0	0	0	0	0	0	0	2514	0	12338	0	1648	0	0	0	1178	0	25158	0	0	0	0	0	0	0	0	0	0	0	0	0	0	0	0	0	0	0	0	0	0	0	0	0	0	
50652	Temporal_Pole_Mid_L	0	0	0	0	0	0	0	0	0	0	0	0	0	0	0	0	0	0	0	0	0	0	0	0	0	0	0	0	224	0	0	0	0	0	0	0	164	0	922	0	298	0	0	0	0	0	0	0	0	0	0	0	0	0	2914	0	0	0	0	0	0	0	0	0	0	0	0	0	0	0	0	0	0	0	0	0	0	0	0	0	0	0	7920	0	6526	0	0	0	6358	0	0	0	0	0	0	0	0	0	0	0	0	0	0	0	0	0	0	0	0	0	0	0	0	0	0	0	
29740	Temporal_Pole_Mid_R	0	0	0	0	0	0	0	0	0	0	0	0	0	0	0	0	0	0	0	0	0	0	0	0	0	0	0	0	0	0	0	0	0	0	0	0	0	1328	0	628	0	2340	0	0	0	0	0	0	0	0	0	0	0	0	0	2496	0	0	0	0	0	0	0	0	0	0	0	0	0	0	0	0	0	0	0	0	0	0	0	0	0	0	0	3788	0	1178	0	0	0	3112	0	0	0	0	0	0	0	0	0	0	0	0	0	0	0	0	0	0	0	0	0	0	0	0	0	0	
306808	Temporal_Inf_L	670	0	118	0	0	0	0	0	0	0	530	0	0	0	0	0	1820	0	0	0	0	0	0	0	0	0	0	0	4880	0	0	0	166	0	106	0	7328	0	584	0	548	0	0	0	0	0	168	0	1458	0	9028	0	6128	0	19576	0	662	0	2892	0	1382	0	1508	0	1144	0	4466	0	0	0	0	0	492	0	0	0	236	0	5858	0	17970	0	7464	0	39560	0	6358	0	0	0	6426	0	496	0	0	0	490	0	2778	0	0	0	114	0	0	0	0	0	0	0	0	0	0	0	0	0	
230856	Temporal_Inf_R	0	1126	0	0	0	0	0	0	0	0	0	208	0	0	0	0	0	316	0	0	0	0	0	0	0	0	0	0	0	6850	0	0	0	0	0	156	0	2610	0	406	0	2904	0	2900	0	3000	0	696	0	4766	0	570	0	5318	0	13706	0	2126	0	2256	0	404	0	3212	0	2054	0	8112	0	206	0	0	0	530	0	0	0	0	0	4590	0	5902	0	4100	0	25158	0	3112	0	0	0	4496	0	412	0	118	0	452	0	2010	0	0	0	498	0	0	0	0	0	0	148	0	0	0	0	0	
559800	Cerebelum_Crus1_L	0	0	0	0	0	0	0	0	0	0	0	0	0	0	0	0	0	0	0	0	0	0	0	0	0	0	0	0	0	0	0	0	0	0	0	0	0	0	212	0	0	0	390	0	0	0	11626	4278	0	0	154	0	256	110	23490	784	0	0	0	0	0	0	0	0	0	0	0	0	0	0	0	0	0	0	0	0	0	0	0	0	0	0	0	0	0	0	0	0	6426	0	0	15538	36932	8076	696	514	19632	4290	57644	10654	14186	1772	10476	3082	1164	214	0	0	180	586	7302	17568	19570	1506	408	184	
440392	Cerebelum_Crus1_R	0	0	0	0	0	0	0	0	0	0	0	0	0	0	0	0	0	0	0	0	0	0	0	0	0	0	0	0	0	0	0	0	0	0	0	0	0	192	0	308	0	0	0	0	0	0	1166	5296	0	0	0	0	0	386	974	16130	0	0	0	0	0	0	0	0	0	0	0	0	0	0	0	0	0	0	0	0	0	0	0	0	0	0	0	0	0	0	0	0	0	4496	15538	0	9096	26360	0	1156	1382	13580	11750	47706	2098	6722	1066	16252	0	290	0	0	154	582	5420	13160	18142	624	170	0	
324844	Cerebelum_Crus2_L	0	0	0	0	0	0	0	0	0	0	0	0	0	0	0	0	0	0	0	0	0	0	0	0	0	0	0	0	0	0	0	0	0	0	0	0	0	0	0	0	0	0	0	0	0	0	340	1054	0	0	0	0	0	0	510	596	0	0	0	0	0	0	0	0	0	0	0	0	0	0	0	0	0	0	0	0	0	0	0	0	0	0	0	0	0	0	0	0	496	0	36932	9096	0	11808	154	426	544	2266	7224	4544	30302	3332	22666	4112	1226	140	0	0	0	356	1166	4818	16198	1932	184	0	
266116	Cerebelum_Crus2_R	0	0	0	0	0	0	0	0	0	0	0	0	0	0	0	0	0	0	0	0	0	0	0	0	0	0	0	0	0	0	0	0	0	0	0	0	0	0	0	0	0	0	0	0	0	0	0	0	0	0	0	0	0	0	0	1446	0	0	0	0	0	0	0	0	0	0	0	0	0	0	0	0	0	0	0	0	0	0	0	0	0	0	0	0	0	0	0	0	0	412	8076	26360	11808	0	0	702	126	2604	1046	6532	5868	17126	4818	25542	0	1008	0	132	148	556	672	1674	13896	2370	136	0	
52364	Cerebelum_3_L	0	0	0	0	0	0	0	0	0	0	0	0	0	0	0	0	0	0	0	0	0	0	0	0	0	0	0	0	0	0	0	0	0	0	0	0	152	0	190	0	0	0	0	0	0	0	282	192	0	0	0	0	0	0	468	0	0	0	0	0	0	0	0	0	0	0	0	0	0	0	0	0	0	0	0	0	0	0	0	0	0	0	0	0	0	0	0	0	0	0	696	0	154	0	0	164	7212	386	1930	416	108	0	1214	350	2174	274	0	0	974	2274	1952	648	1094	1326	786	766	
55636	Cerebelum_3_R	0	0	0	0	0	0	0	0	0	0	0	0	0	0	0	0	0	0	0	0	0	0	0	0	0	0	0	0	0	0	0	0	0	0	0	0	114	0	174	0	0	0	0	0	0	0	0	268	0	0	0	0	0	0	0	290	0	0	0	0	0	0	0	0	0	0	0	0	0	0	0	0	0	0	0	0	0	0	0	0	0	0	0	0	0	0	0	0	0	118	514	1156	426	702	164	0	458	3104	148	2404	280	0	824	1334	348	2244	0	0	1900	4562	1388	428	1552	1470	1448	0	
289012	Cerebelum_4_5_L	0	0	0	0	0	0	0	0	0	0	0	0	0	0	0	0	0	0	0	0	0	0	0	0	0	0	0	0	0	0	0	0	0	0	0	0	412	0	762	0	0	0	174	0	0	0	13434	2224	0	0	292	0	0	136	14932	606	0	0	0	0	0	0	0	0	0	0	0	0	0	0	0	0	0	0	0	0	170	0	0	0	0	0	0	0	0	0	0	0	490	0	19632	1382	544	126	7212	458	0	2824	34772	2816	458	0	2954	794	5758	652	534	0	788	2086	13672	4958	3012	2418	1316	1708	
247196	Cerebelum_4_5_R	0	0	0	0	0	0	0	0	0	0	0	0	0	0	0	0	0	0	0	0	0	0	0	0	0	0	0	0	0	0	0	0	0	0	0	0	0	252	0	466	0	0	0	0	0	0	316	10192	0	0	0	0	0	1424	290	11020	0	0	0	0	0	0	0	0	0	0	0	0	0	0	0	0	0	0	0	0	0	0	0	0	0	0	0	0	0	0	0	0	0	452	4290	13580	2266	2604	386	3104	2824	0	4788	26810	1076	0	2778	4444	322	1486	0	0	254	1498	14412	5108	5380	1050	726	0	
499812	Cerebelum_6_L	0	0	0	0	0	0	0	0	0	0	0	0	0	0	0	0	0	0	0	0	0	0	0	0	0	0	0	0	0	0	0	0	0	0	0	0	230	0	634	0	0	0	260	0	0	0	16894	7164	0	0	164	0	398	460	30606	1860	0	0	0	0	0	0	0	0	0	0	0	0	0	0	0	0	0	0	0	0	0	0	0	0	0	0	0	0	0	0	0	0	2778	0	57644	11750	7224	1046	1930	148	34772	4788	0	13182	1694	0	2570	1404	1332	0	230	0	146	592	11442	23262	12494	314	184	310	
432312	Cerebelum_6_R	0	0	0	0	0	0	0	0	0	0	0	0	0	0	0	0	0	0	0	0	0	0	0	0	0	0	0	0	0	0	0	0	0	0	0	0	0	180	0	224	0	0	0	0	0	0	1718	13702	0	0	0	0	0	3096	746	24894	0	0	0	0	0	0	0	0	0	0	0	0	0	0	0	0	0	0	0	0	0	0	0	0	0	0	0	0	0	0	0	0	0	2010	10654	47706	4544	6532	416	2404	2816	26810	13182	0	730	482	1900	7762	210	240	0	0	228	1002	10750	17860	12698	298	242	120	
211508	Cerebelum_7b_L	0	0	0	0	0	0	0	0	0	0	0	0	0	0	0	0	0	0	0	0	0	0	0	0	0	0	0	0	0	0	0	0	0	0	0	0	0	0	0	0	0	0	0	0	0	0	0	0	0	0	0	0	0	0	208	190	0	0	0	0	0	0	0	0	0	0	0	0	0	0	0	0	0	0	0	0	0	0	0	0	0	0	0	0	0	0	0	0	0	0	14186	2098	30302	5868	108	280	458	1076	1694	730	0	2334	27136	3162	2902	330	290	0	0	246	660	778	7160	2784	616	158	
107480	Cerebelum_7b_R	0	0	0	0	0	0	0	0	0	0	0	0	0	0	0	0	0	0	0	0	0	0	0	0	0	0	0	0	0	0	0	0	0	0	0	0	0	0	0	0	0	0	0	0	0	0	0	0	0	0	0	0	0	0	0	240	0	0	0	0	0	0	0	0	0	0	0	0	0	0	0	0	0	0	0	0	0	0	0	0	0	0	0	0	0	0	0	0	0	0	1772	6722	3332	17126	0	0	0	0	0	482	2334	0	1302	14058	0	1472	0	154	0	0	0	216	3072	1458	0	0	
264612	Cerebelum_8_L	0	0	0	0	0	0	0	0	0	0	0	0	0	0	0	0	0	0	0	0	0	0	0	0	0	0	0	0	0	0	0	0	0	0	0	0	0	0	0	0	0	0	0	0	0	0	0	0	0	0	0	0	0	0	370	598	0	0	0	0	0	0	0	0	0	0	0	0	0	0	0	0	0	0	0	0	0	0	0	0	0	0	0	0	0	0	0	0	114	0	10476	1066	22666	4818	1214	824	2954	2778	2570	1900	27136	1302	0	6042	15848	1376	1800	0	310	834	1442	1480	9660	7720	3380	1628	
253740	Cerebelum_8_R	0	0	0	0	0	0	0	0	0	0	0	0	0	0	0	0	0	0	0	0	0	0	0	0	0	0	0	0	0	0	0	0	0	0	0	0	0	0	0	0	0	0	0	0	0	0	0	266	0	0	0	0	0	112	0	1868	0	0	0	0	0	0	0	0	0	0	0	0	0	0	0	0	0	0	0	0	0	0	0	0	0	0	0	0	0	0	0	0	0	498	3082	16252	4112	25542	350	1334	794	4444	1404	7762	3162	14058	6042	0	700	12754	0	998	568	1330	1596	1840	9086	4328	1952	636	
103720	Cerebelum_9_L	0	0	0	0	0	0	0	0	0	0	0	0	0	0	0	0	0	0	0	0	0	0	0	0	0	0	0	0	0	0	0	0	0	0	0	0	0	0	0	0	0	0	0	0	0	0	124	0	0	0	0	0	0	0	186	0	0	0	0	0	0	0	0	0	0	0	0	0	0	0	0	0	0	0	0	0	0	0	0	0	0	0	0	0	0	0	0	0	0	0	1164	0	1226	0	2174	348	5758	322	1332	210	2902	0	15848	700	0	790	2936	0	328	500	976	218	3162	5250	3002	2404	
76620	Cerebelum_9_R	0	0	0	0	0	0	0	0	0	0	0	0	0	0	0	0	0	0	0	0	0	0	0	0	0	0	0	0	0	0	0	0	0	0	0	0	0	0	0	0	0	0	0	0	0	0	0	0	0	0	0	0	0	0	0	310	0	0	0	0	0	0	0	0	0	0	0	0	0	0	0	0	0	0	0	0	0	0	0	0	0	0	0	0	0	0	0	0	0	0	214	290	140	1008	274	2244	652	1486	0	240	330	1472	1376	12754	790	0	0	1246	1298	1880	1090	0	1938	3084	3446	748	
12524	Cerebelum_10_L	0	0	0	0	0	0	0	0	0	0	0	0	0	0	0	0	0	0	0	0	0	0	0	0	0	0	0	0	0	0	0	0	0	0	0	0	0	0	0	0	0	0	0	0	0	0	0	0	0	0	0	0	0	0	0	0	0	0	0	0	0	0	0	0	0	0	0	0	0	0	0	0	0	0	0	0	0	0	0	0	0	0	0	0	0	0	0	0	0	0	0	0	0	0	0	0	534	0	230	0	290	0	1800	0	2936	0	0	0	0	0	0	0	150	170	0	152	
5060	Cerebelum_10_R	0	0	0	0	0	0	0	0	0	0	0	0	0	0	0	0	0	0	0	0	0	0	0	0	0	0	0	0	0	0	0	0	0	0	0	0	0	0	0	0	0	0	0	0	0	0	0	0	0	0	0	0	0	0	0	0	0	0	0	0	0	0	0	0	0	0	0	0	0	0	0	0	0	0	0	0	0	0	0	0	0	0	0	0	0	0	0	0	0	0	0	0	0	132	0	0	0	0	0	0	0	154	0	998	0	1246	0	0	0	0	0	0	0	0	0	0	
34044	Vermis_1_2	0	0	0	0	0	0	0	0	0	0	0	0	0	0	0	0	0	0	0	0	0	0	0	0	0	0	0	0	0	0	0	0	0	0	0	0	132	0	280	0	0	0	0	0	0	0	0	0	0	0	0	0	0	0	0	0	0	0	0	0	0	0	0	0	0	0	0	0	0	0	0	0	0	0	0	0	0	128	0	0	0	0	0	0	0	0	0	0	0	0	180	154	0	148	974	1900	788	254	146	228	0	0	310	568	328	1298	0	0	0	4952	1552	134	668	812	762	326	
70948	Vermis_3	260	0	0	0	0	0	0	0	0	0	124	0	0	0	0	0	144	0	0	0	0	0	0	0	0	0	0	0	330	0	0	0	0	0	0	0	876	0	656	0	0	0	0	0	0	0	0	0	0	0	0	0	0	0	296	0	0	0	0	0	0	0	0	0	0	0	0	0	0	0	0	0	274	0	0	0	350	140	0	0	126	0	0	0	0	0	0	0	0	0	586	582	356	556	2274	4562	2086	1498	592	1002	246	0	834	1330	500	1880	0	0	4952	0	2658	408	1564	1570	1492	370	
228856	Vermis_4_5	0	0	0	0	0	0	0	0	0	0	0	0	0	0	0	0	0	0	0	0	0	0	0	0	0	0	0	0	0	0	0	0	0	0	0	188	0	230	0	236	0	0	0	0	0	0	3450	7774	0	0	236	0	0	638	3530	3092	0	0	0	0	0	0	0	0	0	0	0	268	0	0	0	0	0	0	0	0	0	0	0	0	0	0	0	0	0	0	0	0	0	148	7302	5420	1166	672	1952	1388	13672	14412	11442	10750	660	0	1442	1596	976	1090	0	0	1552	2658	0	7940	3292	2046	1488	1722	
281516	Vermis_6	0	0	0	0	0	0	0	0	0	0	0	0	0	0	0	0	0	0	0	0	0	0	0	0	0	0	0	0	0	0	0	0	0	0	0	0	0	0	0	0	0	0	0	0	0	0	3818	10498	0	0	0	0	0	1610	2910	4660	0	0	0	0	0	0	0	0	0	0	0	0	0	0	0	0	0	0	0	0	0	0	0	0	0	0	0	0	0	0	0	0	0	0	17568	13160	4818	1674	648	428	4958	5108	23262	17860	778	216	1480	1840	218	0	0	0	134	408	7940	0	11944	454	226	2140	
