data	data	428780	379576	813536	746268	75072	80136	438632	218768	57788	21256	269208	154504	167304	90696	119976	138632	290732	151872	587508	717152	70200	87444	293464	298460	29716	84568	33648	36696	643652	386248	279464	348352	130484	484420	120052	168152	386948	410648	143060	290040	39252	76336	339276	424440	196604	335624	499864	414328	225636	343524	498520	269256	166640	129880	644828	694840	316576	269296	223556	86752	196920	93020	74244	97728	143848	95324	320364	424664	145696	236132	416340	479172	365836	450084	63880	33248	140436	192836	124036	44272	300248	107008	86660	63312	320960	169284	34428	13248	333912	235284	680592	564256	349468	358544	101936	112336	543336	462616	750304	678436	366504	232228	479632	414864	236880	225584	53396	11528	59152	122752	445156	316100	280696	236612	177084	49300	
data	data	Precentral_L	Precentral_R	Frontal_Sup_L	Frontal_Sup_R	Frontal_Sup_Orb_L	Frontal_Sup_Orb_R	Frontal_Mid_L	Frontal_Mid_R	Frontal_Mid_Orb_L	Frontal_Mid_Orb_R	Frontal_Inf_Oper_L	Frontal_Inf_Oper_R	Frontal_Inf_Tri_L	Frontal_Inf_Tri_R	Frontal_Inf_Orb_L	Frontal_Inf_Orb_R	Rolandic_Oper_L	Rolandic_Oper_R	Supp_Motor_Area_L	Supp_Motor_Area_R	Olfactory_L	Olfactory_R	Frontal_Sup_Medial_L	Frontal_Sup_Medial_R	Frontal_Med_Orb_L	Frontal_Med_Orb_R	Rectus_L	Rectus_R	Insula_L	Insula_R	Cingulum_Ant_L	Cingulum_Ant_R	Cingulum_Mid_L	Cingulum_Mid_R	Cingulum_Post_L	Cingulum_Post_R	Hippocampus_L	Hippocampus_R	ParaHippocampal_L	ParaHippocampal_R	Amygdala_L	Amygdala_R	Calcarine_L	Calcarine_R	Cuneus_L	Cuneus_R	Lingual_L	Lingual_R	Occipital_Sup_L	Occipital_Sup_R	Occipital_Mid_L	Occipital_Mid_R	Occipital_Inf_L	Occipital_Inf_R	Fusiform_L	Fusiform_R	Postcentral_L	Postcentral_R	Parietal_Sup_L	Parietal_Sup_R	Parietal_Inf_L	Parietal_Inf_R	SupraMarginal_L	SupraMarginal_R	Angular_L	Angular_R	Precuneus_L	Precuneus_R	Paracentral_Lobule_L	Paracentral_Lobule_R	Caudate_L	Caudate_R	Putamen_L	Putamen_R	Pallidum_L	Pallidum_R	Thalamus_L	Thalamus_R	Heschl_L	Heschl_R	Temporal_Sup_L	Temporal_Sup_R	Temporal_Pole_Sup_L	Temporal_Pole_Sup_R	Temporal_Mid_L	Temporal_Mid_R	Temporal_Pole_Mid_L	Temporal_Pole_Mid_R	Temporal_Inf_L	Temporal_Inf_R	Cerebelum_Crus1_L	Cerebelum_Crus1_R	Cerebelum_Crus2_L	Cerebelum_Crus2_R	Cerebelum_3_L	Cerebelum_3_R	Cerebelum_4_5_L	Cerebelum_4_5_R	Cerebelum_6_L	Cerebelum_6_R	Cerebelum_7b_L	Cerebelum_7b_R	Cerebelum_8_L	Cerebelum_8_R	Cerebelum_9_L	Cerebelum_9_R	Cerebelum_10_L	Cerebelum_10_R	Vermis_1_2	Vermis_3	Vermis_4_5	Vermis_6	Vermis_7	Vermis_8	Vermis_9	Vermis_10	
428780	Precentral_L	0	1210	12792	1052	0	0	20534	0	0	0	20068	0	3726	0	298	0	15604	0	4150	1940	0	0	86	0	0	0	0	0	24284	142	0	0	96	1508	1402	660	8850	652	1012	142	0	0	1156	0	0	0	470	94	0	0	2066	0	1086	0	4552	76	30370	0	394	0	6646	0	726	0	156	0	764	0	12326	284	602	280	1386	96	0	0	3498	1130	8146	0	8526	0	0	0	5712	0	0	0	3640	0	0	0	0	0	0	0	0	0	0	0	0	0	0	0	0	0	0	0	0	0	0	0	0	0	0	0	
379576	Precentral_R	1210	0	198	14842	0	0	182	10242	0	0	0	3308	0	162	0	0	0	1954	1288	16192	0	0	0	0	0	0	0	0	124	4606	0	0	244	12090	2136	4818	2272	14218	656	3144	0	0	0	3270	0	748	0	1012	0	458	0	1176	0	820	374	6622	0	22372	0	1060	0	1012	0	3324	0	378	344	6520	1324	21514	738	890	614	2750	736	160	1828	4676	174	342	190	1144	0	0	0	3252	0	0	340	4704	0	316	0	0	0	0	0	200	0	520	0	0	0	0	0	0	0	0	0	0	0	0	0	0	0	0	
813536	Frontal_Sup_L	12792	198	0	13902	6260	118	58050	2386	1902	0	14264	420	5962	136	3328	356	15884	448	58652	15254	178	158	40870	7946	902	116	1192	0	30106	2414	17358	7288	1996	7222	206	228	5466	356	356	112	0	0	0	0	0	0	0	0	0	0	0	0	0	0	1702	0	4644	0	0	0	876	0	142	0	0	0	0	0	188	0	19954	6094	15880	4536	2638	86	3526	578	820	0	7416	0	1512	96	0	0	0	0	1298	0	0	0	0	0	0	0	0	0	0	0	0	0	0	0	0	0	0	0	0	0	0	0	0	0	0	0	
746268	Frontal_Sup_R	1052	14842	13902	0	482	2598	1722	27866	0	608	184	8476	436	3378	116	6340	0	12634	15400	63158	0	102	9254	33402	0	1894	86	404	1466	16014	10750	21730	2738	18818	1156	1322	1780	4342	504	1070	0	0	0	0	0	0	0	0	0	0	0	0	0	0	320	810	206	3022	0	240	0	296	0	162	0	0	0	0	786	0	8302	18108	1848	20408	630	2512	1706	7728	84	1396	180	2128	0	1336	0	320	0	0	286	208	0	0	0	0	0	0	0	0	0	86	0	0	0	0	0	0	0	0	0	0	0	0	0	0	0	0	
75072	Frontal_Sup_Orb_L	0	0	6260	482	0	0	1024	0	6744	0	124	0	152	0	3774	0	0	0	0	0	414	0	2288	474	2228	0	3056	0	896	0	2794	552	0	0	0	0	0	0	0	0	0	0	0	0	0	0	0	0	0	0	0	0	0	0	0	0	0	0	0	0	0	0	0	0	0	0	0	0	0	0	3060	482	2390	142	0	0	0	0	0	0	0	0	200	0	0	0	0	0	0	0	0	0	0	0	0	0	0	0	0	0	0	0	0	0	0	0	0	0	0	0	0	0	0	0	0	0	
80136	Frontal_Sup_Orb_R	0	0	118	2598	0	0	0	1106	0	1990	0	0	0	490	0	4636	0	0	152	368	362	666	0	1694	764	7788	244	5418	0	590	550	2896	0	0	0	0	0	0	0	0	0	0	0	0	0	0	0	0	0	0	0	0	0	0	0	0	0	0	0	0	0	0	0	0	0	0	0	0	0	0	422	3574	290	3104	0	0	0	248	0	0	0	0	0	0	0	0	0	0	0	0	0	0	0	0	0	0	0	0	0	0	0	0	0	0	0	0	0	0	0	0	0	0	0	0	0	0	
438632	Frontal_Mid_L	20534	182	58050	1722	1024	0	0	0	2466	0	12782	0	22602	0	5888	122	9492	0	8832	1520	0	0	18924	872	0	0	210	0	15746	86	6288	1036	1290	218	542	534	4882	580	1034	228	0	0	0	0	0	0	0	154	0	0	0	0	0	0	916	150	3042	0	0	0	450	0	98	0	0	0	0	0	0	0	2490	604	4812	234	0	0	2890	476	1234	0	3302	0	0	0	0	0	0	0	648	0	0	0	0	0	0	0	0	130	0	0	0	0	0	0	0	0	0	0	0	0	0	0	0	0	0	0	
218768	Frontal_Mid_R	0	10242	2386	27866	0	1106	0	0	0	518	0	5578	144	5040	0	2906	0	2606	2956	5896	0	0	782	6124	0	0	0	0	694	3716	898	1816	0	5848	220	228	198	2566	0	1086	0	0	0	88	0	0	0	124	0	0	0	192	0	0	0	976	0	1812	0	0	0	156	0	442	0	0	0	0	0	70	3720	3164	462	2756	352	0	110	1110	0	274	0	684	0	666	0	384	0	0	0	334	0	0	0	0	0	0	0	0	0	88	0	0	0	0	0	0	0	0	0	0	0	0	0	0	0	0	
57788	Frontal_Mid_Orb_L	0	0	1902	0	6744	0	2466	0	0	0	0	0	978	0	9286	0	0	0	0	0	104	0	0	0	700	0	868	0	852	0	378	0	0	0	0	0	0	0	0	0	0	0	0	0	0	0	0	0	0	0	0	0	0	0	0	0	0	0	0	0	0	0	0	0	0	0	0	0	0	0	1726	246	2542	102	0	0	0	0	0	0	0	0	0	0	0	0	0	0	0	0	0	0	0	0	0	0	0	0	0	0	0	0	0	0	0	0	0	0	0	0	0	0	0	0	0	0	
21256	Frontal_Mid_Orb_R	0	0	0	608	0	1990	0	518	0	0	0	0	0	322	0	3984	0	0	0	142	0	0	0	0	0	0	0	190	0	460	0	0	0	0	0	0	0	0	0	0	0	0	0	0	0	0	0	0	0	0	0	0	0	0	0	0	0	0	0	0	0	0	0	0	0	0	0	0	0	0	0	1080	0	1334	0	0	0	0	0	0	0	0	0	0	0	0	0	0	0	0	0	0	0	0	0	0	0	0	0	0	0	0	0	0	0	0	0	0	0	0	0	0	0	0	0	0	
269208	Frontal_Inf_Oper_L	20068	0	14264	184	124	0	12782	0	0	0	0	0	10388	0	438	0	19916	0	8868	164	0	0	308	0	0	0	74	0	24616	154	186	0	0	70	0	0	760	0	0	0	0	0	0	0	0	0	0	0	0	0	0	0	0	0	0	0	5522	0	0	0	776	0	132	0	0	0	0	0	0	0	1140	488	2448	192	0	0	358	210	1744	0	6382	0	1848	0	0	0	0	0	0	0	0	0	0	0	0	0	0	0	0	0	0	0	0	0	0	0	0	0	0	0	0	0	0	0	0	0	
154504	Frontal_Inf_Oper_R	0	3308	420	8476	0	0	0	5578	0	0	0	0	0	2824	0	0	0	7490	726	7856	0	0	0	0	0	0	0	0	102	18836	0	0	0	540	0	0	0	1462	0	800	0	0	0	0	0	0	0	0	0	0	0	0	0	0	0	894	0	176	0	0	0	0	0	0	0	0	0	0	0	0	630	3776	140	8814	0	398	0	220	0	114	0	234	0	3198	0	0	0	0	0	240	0	0	0	0	0	0	0	0	0	0	0	0	0	0	0	0	0	0	0	0	0	0	0	0	0	0	
167304	Frontal_Inf_Tri_L	3726	0	5962	436	152	0	22602	144	978	0	10388	0	0	0	6384	0	2086	0	1826	476	0	0	1456	124	0	0	0	0	15526	128	712	140	98	172	0	0	152	76	0	0	0	0	0	0	0	0	0	0	0	0	0	0	0	0	0	0	728	0	0	0	0	0	0	0	0	0	0	0	0	0	3020	884	3734	178	0	0	96	234	192	0	472	0	370	0	0	0	0	0	0	0	0	0	0	0	0	0	0	0	0	0	0	0	0	0	0	0	0	0	0	0	0	0	0	0	0	0	
90696	Frontal_Inf_Tri_R	0	162	136	3378	0	490	0	5040	0	322	0	2824	0	0	0	4368	0	304	444	2510	0	0	0	664	0	484	0	0	200	10000	74	630	0	596	0	0	0	196	0	122	0	0	0	0	0	0	0	0	0	0	0	0	0	0	0	92	0	0	0	0	0	0	0	0	0	0	0	0	0	0	404	6252	94	3896	0	0	0	1666	0	0	0	0	0	0	0	0	0	0	0	0	0	0	0	0	0	0	0	0	0	0	0	0	0	0	0	0	0	0	0	0	0	0	0	0	0	0	
119976	Frontal_Inf_Orb_L	298	0	3328	116	3774	0	5888	0	9286	0	438	0	6384	0	0	0	0	0	368	124	856	106	0	0	0	0	862	0	9294	0	388	88	0	0	0	0	0	0	96	0	152	0	0	0	0	0	0	0	0	0	0	0	0	0	0	0	0	0	0	0	0	0	0	0	0	0	0	0	0	0	4808	1054	10444	500	0	0	0	0	0	0	0	0	1336	0	0	0	0	0	0	0	0	0	0	0	0	0	0	0	0	0	0	0	0	0	0	0	0	0	0	0	0	0	0	0	0	0	
138632	Frontal_Inf_Orb_R	0	0	356	6340	0	4636	122	2906	0	3984	0	0	0	4368	0	0	0	0	1004	1762	90	540	1400	6038	0	2440	0	726	0	5092	1316	7974	0	4326	0	0	0	0	0	0	0	0	0	0	0	0	0	0	0	0	0	0	0	0	0	0	0	0	0	0	0	0	0	0	0	0	0	0	0	0	250	6522	86	6556	0	0	0	316	0	0	0	0	0	166	0	0	0	0	0	0	0	0	0	0	0	0	0	0	0	0	0	0	0	0	0	0	0	0	0	0	0	0	0	0	0	0	
290732	Rolandic_Oper_L	15604	0	15884	0	0	0	9492	0	0	0	19916	0	2086	0	0	0	0	0	8660	96	0	0	82	0	0	0	0	0	25090	0	0	0	0	0	82	0	950	0	0	0	0	0	0	0	0	0	0	0	0	0	2892	0	0	0	164	0	12616	0	1342	0	2406	0	900	0	820	0	216	0	300	0	392	132	1184	84	0	0	274	140	2730	0	15172	0	1700	0	3098	0	0	0	862	0	0	0	0	0	0	0	0	0	0	0	0	0	0	0	0	0	0	0	0	0	0	0	0	0	0	0	
151872	Rolandic_Oper_R	0	1954	448	12634	0	0	0	2606	0	0	0	7490	0	304	0	0	0	0	586	10504	0	0	0	0	0	0	0	0	0	15866	0	0	0	222	0	0	0	1428	0	102	0	0	0	0	0	0	0	0	0	0	0	0	0	0	0	132	0	3082	0	0	0	0	0	1564	0	0	0	0	0	0	494	2234	72	3750	0	734	0	218	0	3382	0	3678	0	2354	0	0	0	0	0	98	0	0	0	0	0	0	0	0	0	0	0	0	0	0	0	0	0	0	0	0	0	0	0	0	0	0	
587508	Supp_Motor_Area_L	4150	1288	58652	15400	0	152	8832	2956	0	0	8868	726	1826	444	368	1004	8660	586	0	38996	0	0	4162	2140	0	146	0	0	19228	3080	1386	3682	8890	25810	516	686	2836	392	156	106	0	0	0	0	0	0	0	0	0	0	0	0	0	0	1342	0	1224	88	0	0	256	0	0	0	0	0	0	156	12200	0	14580	5956	11028	5590	3242	354	3980	898	226	0	3952	0	1454	168	0	0	0	0	936	0	0	0	0	0	0	0	0	0	0	0	0	0	0	0	0	0	0	0	0	0	0	0	0	0	0	0	
717152	Supp_Motor_Area_R	1940	16192	15254	63158	0	368	1520	5896	0	142	164	7856	476	2510	124	1762	96	10504	38996	0	0	0	2016	6620	0	282	0	0	1418	15318	4560	6706	6148	52174	568	3886	482	1518	0	996	0	0	0	336	0	0	0	324	0	0	0	254	0	340	0	3514	386	1452	0	0	0	0	0	112	0	108	0	1022	6872	15818	7278	16470	3126	14530	1012	1660	926	6054	0	1008	0	1674	0	1256	0	962	0	0	0	2330	0	0	0	0	0	0	0	0	0	102	0	0	0	0	0	0	0	0	0	0	0	0	0	0	0	0	
70200	Olfactory_L	0	0	178	0	414	362	0	0	104	0	0	0	0	0	856	90	0	0	0	0	0	6074	0	0	184	122	438	854	1750	0	1894	1286	0	0	0	0	158	0	332	0	604	0	0	0	0	0	0	0	0	0	0	0	0	0	0	0	0	0	0	0	0	0	0	0	0	0	0	0	0	0	7026	4656	5480	1328	632	0	0	0	0	0	0	0	278	0	0	0	0	0	0	0	0	0	0	0	0	0	0	0	0	0	0	0	0	0	0	0	0	0	0	0	0	0	0	0	0	0	
87444	Olfactory_R	0	0	158	102	0	666	0	0	0	0	0	0	0	0	106	540	0	0	0	0	6074	0	0	0	104	454	264	1924	86	1854	2686	2686	0	0	0	0	0	0	0	476	0	1260	0	0	0	0	0	0	0	0	0	0	0	0	0	0	0	0	0	0	0	0	0	0	0	0	0	0	0	0	7962	7550	5288	1972	882	74	0	0	0	0	0	0	0	554	0	0	0	0	0	0	0	0	0	0	0	0	0	0	0	0	0	0	0	0	0	0	0	0	0	0	0	0	0	0	0	0	
293464	Frontal_Sup_Medial_L	86	0	40870	9254	2288	0	18924	782	0	0	308	0	1456	0	0	1400	82	0	4162	2016	0	0	0	17816	1352	122	358	0	824	0	20262	12394	3608	6992	0	0	0	0	0	0	0	0	0	0	0	0	0	0	0	0	0	0	0	0	0	0	0	0	0	0	0	0	0	0	0	0	0	0	0	0	398	464	222	292	0	0	0	0	0	0	0	0	0	0	0	0	0	0	0	0	0	0	0	0	0	0	0	0	0	0	0	0	0	0	0	0	0	0	0	0	0	0	0	0	0	0	
298460	Frontal_Sup_Medial_R	0	0	7946	33402	474	1694	872	6124	0	0	0	0	124	664	0	6038	0	0	2140	6620	0	0	17816	0	170	3828	116	0	310	618	8742	25286	102	15472	0	0	0	0	0	0	0	0	0	0	0	0	0	0	0	0	0	0	0	0	0	0	0	0	0	0	0	0	0	0	0	0	0	0	0	0	724	5366	184	4320	0	0	0	78	0	0	0	0	0	0	0	0	0	0	0	0	0	0	0	0	0	0	0	0	0	0	0	0	0	0	0	0	0	0	0	0	0	0	0	0	0	0	
29716	Frontal_Med_Orb_L	0	0	902	0	2228	764	0	0	700	0	0	0	0	0	0	0	0	0	0	0	184	104	1352	170	0	1606	1644	338	0	0	2746	514	0	0	0	0	0	0	0	0	0	0	0	0	0	0	0	0	0	0	0	0	0	0	0	0	0	0	0	0	0	0	0	0	0	0	0	0	0	0	852	92	662	0	0	0	0	0	0	0	0	0	0	0	0	0	0	0	0	0	0	0	0	0	0	0	0	0	0	0	0	0	0	0	0	0	0	0	0	0	0	0	0	0	0	0	
84568	Frontal_Med_Orb_R	0	0	116	1894	0	7788	0	0	0	0	0	0	0	484	0	2440	0	0	146	282	122	454	122	3828	1606	0	490	3958	0	900	1444	7430	0	88	0	0	0	0	0	0	0	0	0	0	0	0	0	0	0	0	0	0	0	0	0	0	0	0	0	0	0	0	0	0	0	0	0	0	0	0	196	4292	78	3860	0	0	0	266	0	0	0	0	0	0	0	0	0	0	0	0	0	0	0	0	0	0	0	0	0	0	0	0	0	0	0	0	0	0	0	0	0	0	0	0	0	0	
33648	Rectus_L	0	0	1192	86	3056	244	210	0	868	0	74	0	0	0	862	0	0	0	0	0	438	264	358	116	1644	490	0	332	148	0	1722	376	0	0	0	0	0	0	0	0	0	0	0	0	0	0	0	0	0	0	0	0	0	0	0	0	0	0	0	0	0	0	0	0	0	0	0	0	0	0	2288	268	1788	0	0	0	0	0	0	0	0	0	0	0	0	0	0	0	0	0	0	0	0	0	0	0	0	0	0	0	0	0	0	0	0	0	0	0	0	0	0	0	0	0	0	0	
36696	Rectus_R	0	0	0	404	0	5418	0	0	0	190	0	0	0	0	0	726	0	0	0	0	854	1924	0	0	338	3958	332	0	0	0	560	1120	0	0	0	0	0	0	0	0	0	0	0	0	0	0	0	0	0	0	0	0	0	0	0	0	0	0	0	0	0	0	0	0	0	0	0	0	0	0	746	934	684	160	0	0	0	0	0	0	0	0	0	0	0	0	0	0	0	0	0	0	0	0	0	0	0	0	0	0	0	0	0	0	0	0	0	0	0	0	0	0	0	0	0	0	
643652	Insula_L	24284	124	30106	1466	896	0	15746	694	852	0	24616	102	15526	200	9294	0	25090	0	19228	1418	1750	86	824	310	0	0	148	0	0	392	1234	200	0	482	590	400	19188	450	882	194	3048	0	1142	0	0	0	492	122	0	0	214	0	958	0	12376	134	13144	0	0	0	390	0	74	0	0	0	738	0	304	0	11680	3026	23760	966	196	72	1444	670	12304	0	15096	0	7540	0	5278	0	192	0	9156	0	160	0	0	0	0	0	0	100	194	0	0	0	84	0	0	0	0	0	0	0	0	0	0	0	0	0	
386248	Insula_R	142	4606	2414	16014	0	590	86	3716	0	460	154	18836	128	10000	0	5092	0	15866	3080	15318	0	1854	0	618	0	900	0	0	392	0	0	958	0	1604	382	450	256	10514	0	4438	0	2960	0	106	0	0	0	86	0	0	0	0	0	210	0	4794	0	1862	0	0	0	0	0	358	0	0	0	0	0	92	2038	14946	294	26322	0	162	198	3286	78	2548	0	5136	0	3944	0	688	0	0	0	3002	0	354	0	0	0	0	0	312	0	480	0	0	0	0	0	0	0	0	0	0	0	0	0	0	0	0	
279464	Cingulum_Ant_L	0	0	17358	10750	2794	550	6288	898	378	0	186	0	712	74	388	1316	0	0	1386	4560	1894	2686	20262	8742	2746	1444	1722	560	1234	0	0	23232	4168	5800	0	0	0	0	0	0	0	0	0	0	0	0	0	0	0	0	0	0	0	0	0	0	0	0	0	0	0	0	0	0	0	0	0	0	0	0	8578	3846	3944	1164	0	0	0	0	0	0	0	0	72	0	0	0	0	0	0	0	0	0	0	0	0	0	0	0	0	0	0	0	0	0	0	0	0	0	0	0	0	0	0	0	0	0	
348352	Cingulum_Ant_R	0	0	7288	21730	552	2896	1036	1816	0	0	0	0	140	630	88	7974	0	0	3682	6706	1286	2686	12394	25286	514	7430	376	1120	200	958	23232	0	2086	16304	0	0	0	0	0	0	0	0	0	0	0	0	0	0	0	0	0	0	0	0	0	0	0	0	0	0	0	0	0	0	0	0	0	0	0	0	2828	12758	1032	8870	0	0	0	278	0	0	0	0	0	0	0	0	0	0	0	0	0	0	0	0	0	0	0	0	0	0	0	0	0	0	0	0	0	0	0	0	0	0	0	0	0	0	
130484	Cingulum_Mid_L	96	244	1996	2738	0	0	1290	0	0	0	0	0	98	0	0	0	0	0	8890	6148	0	0	3608	102	0	0	0	0	0	0	4168	2086	0	10120	1840	662	0	0	0	0	0	0	418	0	356	0	122	0	362	0	3756	0	178	0	0	0	512	0	2654	0	252	0	0	0	512	0	3620	758	4366	936	210	296	0	252	0	0	0	0	0	0	0	0	0	0	1482	0	0	0	114	0	0	0	0	0	0	0	0	0	0	0	0	0	0	0	0	0	0	0	0	0	0	0	0	0	0	0	
484420	Cingulum_Mid_R	1508	12090	7222	18818	0	0	218	5848	0	0	70	540	172	596	0	4326	0	222	25810	52174	0	0	6992	15472	0	88	0	0	482	1604	5800	16304	10120	0	960	6486	124	652	0	454	0	0	0	2022	0	0	0	1524	0	0	0	154	0	194	0	2958	0	2426	0	0	0	0	0	0	0	0	300	4934	7956	14890	1758	2328	782	1866	262	0	0	148	0	0	0	78	0	194	0	680	0	0	0	1604	0	0	0	0	0	0	0	0	0	0	0	0	0	0	0	0	0	0	0	0	0	0	0	0	0	0	
120052	Cingulum_Post_L	1402	2136	206	1156	0	0	542	220	0	0	0	0	0	0	0	0	82	0	516	568	0	0	0	0	0	0	0	0	590	382	0	0	1840	960	0	8746	5930	5104	2500	1526	0	0	3148	0	128	0	1324	1050	0	0	282	0	354	0	3024	936	264	0	78	0	0	0	0	0	0	0	5066	856	2124	366	74	0	0	0	0	0	352	2358	914	0	576	0	0	0	230	0	0	0	1266	0	0	0	0	0	0	0	0	850	0	0	0	0	0	0	0	0	0	0	0	0	0	0	0	0	0	0	
168152	Cingulum_Post_R	660	4818	228	1322	0	0	534	228	0	0	0	0	0	0	0	0	0	0	686	3886	0	0	0	0	0	0	0	0	400	450	0	0	662	6486	8746	0	4154	8430	1220	3296	0	0	92	3292	0	0	74	5834	0	0	0	0	0	144	1192	5070	114	586	0	0	0	0	0	0	0	0	830	8350	514	4190	0	0	0	0	0	0	622	2902	828	0	456	0	0	0	0	0	0	0	662	480	0	188	0	0	0	0	0	930	0	278	0	0	0	0	0	0	0	0	0	0	242	0	0	0	0	0	
386948	Hippocampus_L	8850	2272	5466	1780	0	0	4882	198	0	0	760	0	152	0	0	0	950	0	2836	482	158	0	0	0	0	0	0	0	19188	256	0	0	0	124	5930	4154	0	5572	18428	1760	6788	0	2428	0	0	0	4220	1118	0	0	154	0	762	0	29168	878	2972	0	0	0	0	0	0	0	0	0	4464	728	162	0	2102	492	10460	376	552	158	5814	4642	5226	0	4504	0	2632	0	1424	0	406	0	13970	0	442	0	0	0	0	0	696	952	508	0	0	0	78	0	0	0	0	0	0	0	0	0	0	0	0	0	
410648	Hippocampus_R	652	14218	356	4342	0	0	580	2566	0	0	0	1462	76	196	0	0	0	1428	392	1518	0	0	0	0	0	0	0	0	450	10514	0	0	0	652	5104	8430	5572	0	2034	36692	0	11766	0	2228	0	150	82	8020	0	0	0	0	0	0	1408	30002	122	1092	0	0	0	0	0	312	0	0	664	6020	130	748	740	410	152	11696	72	424	1742	7754	870	1544	538	1880	0	1542	0	996	0	0	756	4088	0	2012	0	0	0	0	74	4344	0	2986	0	0	0	0	0	0	0	0	0	0	726	0	0	0	0	0	
143060	ParaHippocampal_L	1012	656	356	504	0	0	1034	0	0	0	0	0	0	0	96	0	0	0	156	0	332	0	0	0	0	0	0	0	882	0	0	0	0	0	2500	1220	18428	2034	0	638	1712	0	1390	0	0	0	6106	518	0	0	0	0	0	0	13658	258	0	0	0	0	0	0	0	0	0	0	3730	318	0	0	214	0	968	0	0	0	2334	1848	158	0	346	0	360	0	0	0	298	0	3672	0	202	0	0	0	976	0	1808	352	244	0	0	0	0	0	0	0	0	0	76	136	0	0	0	0	0	0	
290040	ParaHippocampal_R	142	3144	112	1070	0	0	228	1086	0	0	0	800	0	122	0	0	0	102	106	996	0	476	0	0	0	0	0	0	194	4438	0	0	0	454	1526	3296	1760	36692	638	0	0	8416	0	1830	0	0	0	8574	0	0	0	0	0	0	468	29282	76	186	0	0	0	0	0	102	0	0	240	3730	0	466	108	366	76	7608	0	336	372	2492	388	786	172	832	0	3034	0	610	0	1284	180	1992	0	2410	0	154	0	76	130	6564	96	3790	0	0	0	172	0	0	0	0	0	0	240	0	0	0	0	0	
39252	Amygdala_L	0	0	0	0	0	0	0	0	0	0	0	0	0	0	152	0	0	0	0	0	604	0	0	0	0	0	0	0	3048	0	0	0	0	0	0	0	6788	0	1712	0	0	0	0	0	0	0	0	0	0	0	0	0	0	0	3070	0	0	0	0	0	0	0	0	0	0	0	0	0	0	0	144	0	518	0	0	0	100	0	0	0	172	0	1624	0	0	0	430	0	1264	0	0	0	0	0	0	0	0	0	0	0	0	0	0	0	0	0	0	0	0	0	0	0	0	0	0	0	
76336	Amygdala_R	0	0	0	0	0	0	0	0	0	0	0	0	0	0	0	0	0	0	0	0	0	1260	0	0	0	0	0	0	0	2960	0	0	0	0	0	0	0	11766	0	8416	0	0	0	0	0	0	0	0	0	0	0	0	0	0	0	6040	0	0	0	0	0	0	0	0	0	0	0	0	0	0	0	458	0	3254	0	0	0	358	0	0	0	0	0	2680	0	72	0	220	0	592	0	0	0	0	0	0	0	92	0	0	0	0	0	0	0	0	0	0	0	0	0	0	0	0	0	0	
339276	Calcarine_L	1156	0	0	0	0	0	0	0	0	0	0	0	0	0	0	0	0	0	0	0	0	0	0	0	0	0	0	0	1142	0	0	0	418	0	3148	92	2428	0	1390	0	0	0	0	12060	16142	11870	20684	2576	14564	6868	23664	1336	8456	258	8240	550	524	0	2898	132	238	0	0	0	176	0	18076	4080	74	0	0	0	0	0	0	0	0	0	580	0	112	0	0	0	3624	124	0	0	1840	0	0	0	0	0	0	0	118	0	0	0	0	0	0	0	0	0	0	0	0	0	0	0	0	0	0	0	
424440	Calcarine_R	0	3270	0	0	0	0	0	88	0	0	0	0	0	0	0	0	0	0	0	336	0	0	0	0	0	0	0	0	0	106	0	0	0	2022	0	3292	0	2228	0	1830	0	0	12060	0	3886	31518	7572	23832	520	30560	116	17224	0	5938	80	16748	0	4152	0	788	0	0	0	0	0	116	2828	26618	0	4864	0	0	0	0	0	0	0	0	0	0	0	0	0	0	0	2482	0	0	0	6048	0	158	0	0	0	0	0	578	0	258	0	0	0	0	0	0	0	0	0	0	104	0	0	0	0	0	
196604	Cuneus_L	0	0	0	0	0	0	0	0	0	0	0	0	0	0	0	0	0	0	0	0	0	0	0	0	0	0	0	0	0	0	0	0	356	0	128	0	0	0	0	0	0	0	16142	3886	0	9622	3166	312	21668	4180	12976	668	1472	0	394	0	0	0	7150	292	80	0	0	0	0	0	12620	2840	70	0	0	0	0	0	0	0	0	0	0	0	0	0	0	0	280	0	0	0	0	0	0	0	0	0	0	0	0	0	0	0	0	0	0	0	0	0	0	0	0	0	0	0	0	0	0	0	
335624	Cuneus_R	0	748	0	0	0	0	0	0	0	0	0	0	0	0	0	0	0	0	0	0	0	0	0	0	0	0	0	0	0	0	0	0	0	0	0	0	0	150	0	0	0	0	11870	31518	9622	0	6560	6830	2692	39414	468	14694	0	2710	0	5020	0	1310	0	2796	0	0	0	0	0	0	6218	20956	0	1960	0	0	0	0	0	0	0	0	0	0	0	0	0	0	0	464	0	0	0	1812	0	0	0	0	0	0	0	0	0	0	0	0	0	0	0	0	0	0	0	0	0	0	0	0	0	0	
499864	Lingual_L	470	0	0	0	0	0	0	0	0	0	0	0	0	0	0	0	0	0	0	0	0	0	0	0	0	0	0	0	492	0	0	0	122	0	1324	74	4220	82	6106	0	0	0	20684	7572	3166	6560	0	9912	2854	5586	15678	1502	10616	270	27324	4658	164	142	606	380	0	0	0	0	0	0	10048	1974	0	126	0	0	0	0	0	0	248	0	202	0	114	0	0	0	718	0	0	0	648	0	14742	4480	816	290	330	0	18306	4404	26326	6458	492	0	598	88	822	696	0	0	0	104	9048	9844	4314	160	1326	1646	
414328	Lingual_R	94	1012	0	0	0	0	154	124	0	0	0	0	0	0	0	0	0	0	0	324	0	0	0	0	0	0	0	0	122	86	0	0	0	1524	1050	5834	1118	8020	518	8574	0	0	2576	23832	312	6830	9912	0	112	8916	116	6744	192	3756	2852	25938	0	698	0	278	0	0	0	0	0	0	794	12948	0	1438	0	0	0	190	0	0	166	1064	246	0	104	0	0	0	0	664	0	0	104	952	2648	4992	88	244	216	156	4770	13858	10924	10634	0	0	0	106	150	0	0	0	0	156	7642	8786	1336	170	0	0	
225636	Occipital_Sup_L	0	0	0	0	0	0	0	0	0	0	0	0	0	0	0	0	0	0	0	0	0	0	0	0	0	0	0	0	0	0	0	0	362	0	0	0	0	0	0	0	0	0	14564	520	21668	2692	2854	112	0	394	29666	0	2840	0	150	0	202	0	15998	0	1100	0	130	0	474	0	15538	1836	132	0	0	0	0	0	0	0	0	0	0	0	138	0	0	0	1448	0	0	0	0	0	0	0	0	0	0	0	0	0	0	0	0	0	0	0	0	0	0	0	0	0	0	0	0	0	0	0	
343524	Occipital_Sup_R	0	458	0	0	0	0	0	0	0	0	0	0	0	0	0	0	0	0	0	0	0	0	0	0	0	0	0	0	0	0	0	0	0	0	0	0	0	0	0	0	0	0	6868	30560	4180	39414	5586	8916	394	0	0	24320	0	3608	0	7114	0	3946	0	6148	0	786	0	126	0	908	4428	19080	0	1952	0	0	0	0	0	0	0	0	0	0	0	0	0	0	0	1072	0	0	0	1898	0	0	0	0	0	0	0	0	0	0	0	0	0	0	0	0	0	0	0	0	0	0	0	0	0	0	
498520	Occipital_Mid_L	2066	0	0	0	0	0	0	0	0	0	0	0	0	0	0	0	2892	0	0	0	0	0	0	0	0	0	0	0	214	0	0	0	3756	0	282	0	154	0	0	0	0	0	23664	116	12976	468	15678	116	29666	0	0	0	26566	0	7900	0	9884	0	24830	0	13026	0	1274	0	15596	0	14070	568	5652	290	0	0	0	0	0	0	0	0	90	0	5078	0	0	0	27666	0	0	0	4596	0	0	0	0	0	0	0	0	0	126	0	0	0	0	0	0	0	0	0	0	0	0	0	0	0	0	0	
269256	Occipital_Mid_R	0	1176	0	0	0	0	0	192	0	0	0	0	0	0	0	0	0	0	0	254	0	0	0	0	0	0	0	0	0	0	0	0	0	154	0	0	0	0	0	0	0	0	1336	17224	668	14694	1502	6744	0	24320	0	0	0	10050	0	10308	0	3112	0	818	0	3228	0	848	0	8334	794	9998	0	2036	0	0	0	0	0	0	0	0	0	138	0	332	0	0	0	9612	0	0	0	6632	0	0	0	0	0	0	0	124	0	0	0	0	0	0	0	0	0	0	0	0	0	0	0	0	0	0	
166640	Occipital_Inf_L	1086	0	0	0	0	0	0	0	0	0	0	0	0	0	0	0	0	0	0	0	0	0	0	0	0	0	0	0	958	0	0	0	178	0	354	0	762	0	0	0	0	0	8456	0	1472	0	10616	192	2840	0	26566	0	0	0	13566	136	422	0	790	0	0	0	0	0	118	0	2364	0	814	0	0	0	0	0	0	0	0	0	882	0	100	0	0	0	4886	0	0	0	3966	0	280	0	0	0	0	0	458	184	682	0	0	0	0	0	0	0	0	0	0	0	192	0	0	0	0	0	
129880	Occipital_Inf_R	0	820	0	0	0	0	0	0	0	0	0	0	0	0	0	0	0	0	0	340	0	0	0	0	0	0	0	0	0	210	0	0	0	194	0	144	0	0	0	0	0	0	258	5938	0	2710	270	3756	0	3608	0	10050	0	0	0	11330	0	1702	0	232	0	0	0	0	0	0	266	4736	0	1318	0	0	0	0	0	0	0	0	0	0	0	0	0	0	0	3466	0	0	0	12280	0	0	0	0	0	0	0	240	222	426	0	0	0	0	0	0	0	0	0	0	0	352	72	0	0	0	
644828	Fusiform_L	4552	374	1702	320	0	0	916	0	0	0	0	0	0	0	0	0	164	0	1342	0	0	0	0	0	0	0	0	0	12376	0	0	0	0	0	3024	1192	29168	1408	13658	468	3070	0	8240	80	394	0	27324	2852	150	0	7900	0	13566	0	0	2286	2404	0	72	0	0	0	0	0	0	0	6492	290	584	0	822	246	4006	142	0	0	1258	980	4156	0	5504	0	3112	0	5004	0	2490	0	25408	0	31012	3046	3754	258	236	0	17144	3958	35674	3526	3472	0	3808	110	486	342	118	0	78	92	5756	4988	3792	124	490	654	
694840	Fusiform_R	76	6622	0	810	0	0	150	976	0	0	0	894	0	92	0	0	0	132	0	3514	0	0	0	0	0	0	0	0	134	4794	0	0	0	2958	936	5070	878	30002	258	29282	0	6040	550	16748	0	5020	4658	25938	0	7114	0	10308	136	11330	2286	0	0	2660	0	102	0	74	0	306	0	118	678	12498	0	4480	0	180	0	5454	0	236	88	1358	250	976	84	1756	0	3958	0	3486	0	1192	0	19738	2858	18316	308	608	178	1854	5320	20844	10676	29506	282	136	488	768	630	172	82	0	0	342	7544	7556	1094	204	188	88	
316576	Postcentral_L	30370	0	4644	206	0	0	3042	0	0	0	5522	0	728	0	0	0	12616	0	1224	386	0	0	0	0	0	0	0	0	13144	0	0	0	512	0	264	114	2972	122	0	76	0	0	524	0	0	0	164	0	202	0	9884	0	422	0	2404	0	0	0	9362	0	20340	0	7372	0	3772	0	2512	0	3518	82	72	116	186	0	0	0	88	232	5508	0	9920	0	0	0	3766	0	0	0	1900	0	0	0	0	0	0	0	0	0	0	0	0	0	0	0	0	0	0	0	0	0	0	0	0	0	0	0	
269296	Postcentral_R	0	22372	0	3022	0	0	0	1812	0	0	0	176	0	0	0	0	0	3082	88	1452	0	0	0	0	0	0	0	0	0	1862	0	0	0	2426	0	586	0	1092	0	186	0	0	0	4152	0	1310	142	698	0	3946	0	3112	0	1702	0	2660	0	0	0	10078	0	9906	0	13200	0	3462	968	14504	0	13354	74	0	158	150	152	0	72	0	0	804	0	1790	0	0	0	4982	0	0	0	4840	0	178	0	0	0	0	0	0	0	98	0	0	0	0	0	0	0	0	0	0	0	0	0	0	0	0	
223556	Parietal_Sup_L	394	0	0	0	0	0	0	0	0	0	0	0	0	0	0	0	1342	0	0	0	0	0	0	0	0	0	0	0	0	0	0	0	2654	0	78	0	0	0	0	0	0	0	2898	0	7150	0	606	0	15998	0	24830	0	790	0	72	0	9362	0	0	0	12348	0	900	0	5288	0	18280	940	1946	366	0	0	0	0	0	0	0	0	0	0	3520	0	0	0	1704	0	0	0	312	0	0	0	0	0	0	0	0	0	0	0	0	0	0	0	0	0	0	0	0	0	0	0	0	0	0	0	
86752	Parietal_Sup_R	0	1060	0	240	0	0	0	0	0	0	0	0	0	0	0	0	0	0	0	0	0	0	0	0	0	0	0	0	0	0	0	0	0	0	0	0	0	0	0	0	0	0	132	788	292	2796	380	278	0	6148	0	818	0	232	0	102	0	10078	0	0	0	8148	0	824	0	3898	0	5610	0	704	0	0	0	0	0	0	0	0	0	0	0	140	0	0	0	420	0	0	0	288	0	0	0	0	0	0	0	0	0	0	0	0	0	0	0	0	0	0	0	0	0	0	0	0	0	0	
196920	Parietal_Inf_L	6646	0	876	0	0	0	450	0	0	0	776	0	0	0	0	0	2406	0	256	0	0	0	0	0	0	0	0	0	390	0	0	0	252	0	0	0	0	0	0	0	0	0	238	0	80	0	0	0	1100	0	13026	0	0	0	0	0	20340	0	12348	0	0	0	8960	0	18740	0	532	0	650	0	0	0	0	0	0	0	0	0	0	0	3560	0	0	0	4874	0	0	0	1960	0	0	0	0	0	0	0	0	0	0	0	0	0	0	0	0	0	0	0	0	0	0	0	0	0	0	0	
93020	Parietal_Inf_R	0	1012	0	296	0	0	0	156	0	0	0	0	0	0	0	0	0	0	0	0	0	0	0	0	0	0	0	0	0	0	0	0	0	0	0	0	0	0	0	0	0	0	0	0	0	0	0	0	0	786	0	3228	0	0	0	74	0	9906	0	8148	0	0	0	7364	0	13702	0	0	0	116	0	0	0	0	0	0	0	0	0	0	0	224	0	0	0	1262	0	0	0	236	0	0	0	0	0	0	0	0	0	0	0	0	0	0	0	0	0	0	0	0	0	0	0	0	0	0	
74244	SupraMarginal_L	726	0	142	0	0	0	98	0	0	0	132	0	0	0	0	0	900	0	0	0	0	0	0	0	0	0	0	0	74	0	0	0	0	0	0	0	0	0	0	0	0	0	0	0	0	0	0	0	130	0	1274	0	0	0	0	0	7372	0	900	0	8960	0	0	0	6110	0	0	0	0	0	0	0	0	0	0	0	0	0	70	0	3964	0	0	0	2800	0	0	0	3470	0	0	0	0	0	0	0	0	0	0	0	0	0	0	0	0	0	0	0	0	0	0	0	0	0	0	0	
97728	SupraMarginal_R	0	3324	0	162	0	0	0	442	0	0	0	0	0	0	0	0	0	1564	0	112	0	0	0	0	0	0	0	0	0	358	0	0	0	0	0	0	0	312	0	102	0	0	0	0	0	0	0	0	0	126	0	848	0	0	0	306	0	13200	0	824	0	7364	0	0	0	6004	0	138	0	244	0	0	188	0	132	0	0	0	0	294	0	7096	0	0	0	4912	0	0	0	696	0	0	0	0	0	0	0	0	0	116	0	0	0	0	0	0	0	0	0	0	0	0	0	0	0	0	
143848	Angular_L	156	0	0	0	0	0	0	0	0	0	0	0	0	0	0	0	820	0	0	0	0	0	0	0	0	0	0	0	0	0	0	0	512	0	0	0	0	0	0	0	0	0	176	0	0	0	0	0	474	0	15596	0	118	0	0	0	3772	0	5288	0	18740	0	6110	0	0	0	398	0	390	76	0	0	0	0	0	0	0	0	0	0	3220	0	0	0	11612	0	0	0	4466	0	0	0	0	0	0	0	0	0	0	0	0	0	0	0	0	0	0	0	0	0	0	0	0	0	0	0	
95324	Angular_R	0	378	0	0	0	0	0	0	0	0	0	0	0	0	0	0	0	0	0	108	0	0	0	0	0	0	0	0	0	0	0	0	0	0	0	0	0	0	0	0	0	0	0	116	0	0	0	0	0	908	0	8334	0	0	0	118	0	3462	0	3898	0	13702	0	6004	0	0	0	0	0	242	0	0	0	0	0	0	0	0	0	0	0	3010	0	0	0	7114	0	0	0	268	0	0	0	0	0	0	0	0	0	0	0	0	0	0	0	0	0	0	0	0	0	0	0	0	0	0	
320364	Precuneus_L	764	344	0	0	0	0	0	0	0	0	0	0	0	0	0	0	216	0	0	0	0	0	0	0	0	0	0	0	738	0	0	0	3620	300	5066	830	4464	664	3730	240	0	0	18076	2828	12620	6218	10048	794	15538	4428	14070	794	2364	266	6492	678	2512	968	18280	0	532	0	0	0	398	0	0	11752	2004	2326	0	0	0	0	0	0	0	356	354	0	568	0	0	0	2158	0	0	0	1078	186	0	0	0	0	0	0	354	166	0	0	0	0	0	0	0	0	0	0	0	0	0	0	0	0	0	0	
424664	Precuneus_R	0	6520	0	0	0	0	0	0	0	0	0	0	0	0	0	0	0	0	156	1022	0	0	0	0	0	0	0	0	0	0	0	0	758	4934	856	8350	728	6020	318	3730	0	0	4080	26618	2840	20956	1974	12948	1836	19080	568	9998	0	4736	290	12498	0	14504	940	5610	0	0	0	138	0	0	11752	0	76	15930	0	0	0	0	0	0	0	744	166	80	106	154	0	0	74	1034	0	0	116	6484	0	290	0	0	0	0	0	1246	0	408	0	0	0	0	0	0	0	0	0	0	666	0	0	0	0	0	
145696	Paracentral_Lobule_L	12326	1324	188	786	0	0	0	0	0	0	0	0	0	0	0	0	300	0	12200	6872	0	0	0	0	0	0	0	0	304	0	0	0	4366	7956	2124	514	162	130	0	0	0	0	74	0	70	0	0	0	132	0	5652	0	814	0	584	0	3518	0	1946	0	650	0	0	0	390	0	2004	76	0	830	82	0	318	0	412	0	196	204	214	0	486	0	0	0	3842	0	0	0	802	0	0	0	0	0	0	0	0	0	0	0	0	0	0	0	0	0	0	0	0	0	0	0	0	0	0	0	
236132	Paracentral_Lobule_R	284	21514	0	0	0	0	0	70	0	0	0	0	0	0	0	0	0	0	0	15818	0	0	0	0	0	0	0	0	0	92	0	0	936	14890	366	4190	0	748	0	466	0	0	0	4864	0	1960	126	1438	0	1952	290	2036	0	1318	0	4480	82	13354	366	704	0	116	0	244	76	242	2326	15930	830	0	0	0	0	0	0	0	0	0	0	136	0	252	0	0	0	1472	0	0	0	4098	0	0	0	0	0	0	0	0	0	0	0	0	0	0	0	0	0	0	0	0	0	0	0	0	0	0	
416340	Caudate_L	602	738	19954	8302	3060	422	2490	3720	1726	0	1140	630	3020	404	4808	250	392	494	14580	7278	7026	7962	398	724	852	196	2288	746	11680	2038	8578	2828	210	1758	74	0	2102	740	214	108	144	0	0	0	0	0	0	0	0	0	0	0	0	0	822	0	72	74	0	0	0	0	0	0	0	0	0	0	82	0	0	21078	26280	6882	4500	562	18966	2930	0	0	388	0	356	106	0	0	0	0	396	0	0	0	0	0	0	0	0	0	0	0	0	0	0	0	0	0	0	0	0	0	0	0	0	0	0	0	
479172	Caudate_R	280	890	6094	18108	482	3574	604	3164	246	1080	488	3776	884	6252	1054	6522	132	2234	5956	16470	4656	7550	464	5366	92	4292	268	934	3026	14946	3846	12758	296	2328	0	0	492	410	0	366	0	458	0	0	0	0	0	0	0	0	0	0	0	0	246	180	116	0	0	0	0	0	0	0	0	0	0	0	0	0	21078	0	8552	39568	1868	2940	2362	20106	0	320	80	148	72	1026	0	0	0	0	86	0	0	0	0	0	0	0	0	0	0	0	0	0	0	0	0	0	0	0	0	0	0	0	0	0	0	0	
365836	Putamen_L	1386	614	15880	1848	2390	290	4812	462	2542	0	2448	140	3734	94	10444	86	1184	72	11028	3126	5480	5288	222	184	662	78	1788	684	23760	294	3944	1032	0	782	0	0	10460	152	968	76	518	0	0	0	0	0	0	0	0	0	0	0	0	0	4006	0	186	158	0	0	0	0	0	188	0	0	0	0	318	0	26280	8552	0	3150	10366	280	3046	1032	0	0	1188	0	2512	0	0	0	0	0	2196	0	156	0	0	0	0	0	170	0	182	0	0	0	0	0	0	0	0	0	0	0	0	0	0	0	0	0	
450084	Putamen_R	96	2750	4536	20408	142	3104	234	2756	102	1334	192	8814	178	3896	500	6556	84	3750	5590	14530	1328	1972	292	4320	0	3860	0	160	966	26322	1164	8870	252	1866	0	0	376	11696	0	7608	0	3254	0	0	0	0	0	190	0	0	0	0	0	0	142	5454	0	150	0	0	0	0	0	0	0	0	0	0	0	0	6882	39568	3150	0	360	4794	984	3934	0	918	0	1182	0	426	0	0	0	0	0	1118	0	434	0	0	0	0	0	912	0	586	0	0	0	0	0	0	0	0	0	0	0	0	0	0	0	0	
63880	Pallidum_L	0	736	2638	630	0	0	0	352	0	0	0	0	0	0	0	0	0	0	3242	1012	632	882	0	0	0	0	0	0	196	0	0	0	0	262	0	0	552	72	0	0	0	0	0	0	0	0	0	0	0	0	0	0	0	0	0	0	0	152	0	0	0	0	0	132	0	0	0	0	412	0	4500	1868	10366	360	0	0	1872	1072	0	0	0	0	0	0	0	0	0	0	0	0	0	0	0	0	0	0	0	0	0	0	0	0	0	0	0	0	0	0	0	0	0	0	0	0	0	0	
33248	Pallidum_R	0	160	86	2512	0	0	0	0	0	0	0	398	0	0	0	0	0	734	354	1660	0	74	0	0	0	0	0	0	72	162	0	0	0	0	0	0	158	424	0	336	0	0	0	0	0	0	0	0	0	0	0	0	0	0	0	236	0	0	0	0	0	0	0	0	0	0	0	0	0	0	562	2940	280	4794	0	0	386	0	0	296	0	0	0	0	0	0	0	0	0	0	0	0	0	0	0	0	0	0	0	0	0	0	0	0	0	0	0	0	0	0	0	0	0	0	0	0	
140436	Thalamus_L	3498	1828	3526	1706	0	0	2890	110	0	0	358	0	96	0	0	0	274	0	3980	926	0	0	0	0	0	0	0	0	1444	198	0	0	0	0	352	622	5814	1742	2334	372	100	0	0	0	0	0	248	166	0	0	0	0	0	0	1258	88	88	72	0	0	0	0	0	0	0	0	0	0	196	0	18966	2362	3046	984	1872	386	0	7114	0	0	266	0	74	0	0	0	0	0	740	0	0	0	0	0	0	0	0	122	0	0	0	0	0	0	0	0	0	0	0	0	0	0	0	0	0	0	
192836	Thalamus_R	1130	4676	578	7728	0	248	476	1110	0	0	210	220	234	1666	0	316	140	218	898	6054	0	0	0	78	0	266	0	0	670	3286	0	278	0	148	2358	2902	4642	7754	1848	2492	0	358	0	0	0	0	0	1064	0	0	0	0	0	0	980	1358	232	0	0	0	0	0	0	0	0	0	356	744	204	0	2930	20106	1032	3934	1072	0	7114	0	576	0	420	0	0	0	0	0	0	0	522	0	0	0	0	0	0	0	0	792	0	0	0	0	0	0	0	0	0	0	0	0	0	0	0	0	0	0	
124036	Heschl_L	8146	174	820	84	0	0	1234	0	0	0	1744	0	192	0	0	0	2730	0	226	0	0	0	0	0	0	0	0	0	12304	78	0	0	0	0	914	828	5226	870	158	388	0	0	580	0	0	0	202	246	0	0	90	0	882	0	4156	250	5508	0	0	0	0	0	70	0	0	0	354	166	214	0	0	0	0	0	0	0	0	576	0	0	5300	0	0	0	4224	0	0	0	2870	0	0	0	0	0	0	0	0	214	0	0	0	0	0	0	0	0	0	0	0	0	0	0	0	0	0	0	
44272	Heschl_R	0	342	0	1396	0	0	0	274	0	0	0	114	0	0	0	0	0	3382	0	1008	0	0	0	0	0	0	0	0	0	2548	0	0	0	0	0	0	0	1544	0	786	0	0	0	0	0	0	0	0	0	0	0	138	0	0	0	976	0	804	0	0	0	0	0	294	0	0	0	80	0	136	0	320	0	918	0	296	0	0	0	0	0	5070	0	0	0	874	0	0	0	360	0	214	0	0	0	0	0	0	0	262	0	0	0	0	0	0	0	0	0	0	0	0	0	0	0	0	
300248	Temporal_Sup_L	8526	190	7416	180	0	0	3302	0	0	0	6382	0	472	0	0	0	15172	0	3952	0	0	0	0	0	0	0	0	0	15096	0	0	0	0	0	576	456	4504	538	346	172	172	0	112	0	0	0	114	104	138	0	5078	0	100	0	5504	84	9920	0	3520	0	3560	0	3964	0	3220	0	568	106	486	0	388	80	1188	0	0	0	266	420	5300	0	0	0	2950	0	20540	0	110	0	14542	0	88	0	0	0	0	0	0	94	128	0	0	0	0	0	0	0	0	0	0	0	0	0	0	0	0	0	
107008	Temporal_Sup_R	0	1144	0	2128	0	0	0	684	0	0	0	234	0	0	0	0	0	3678	0	1674	0	0	0	0	0	0	0	0	0	5136	0	0	0	78	0	0	0	1880	0	832	0	0	0	0	0	0	0	0	0	0	0	332	0	0	0	1756	0	1790	0	140	0	224	0	7096	0	3010	0	154	0	252	0	148	0	1182	0	0	0	0	0	5070	0	0	0	768	0	10036	0	338	0	3214	0	226	0	0	0	0	0	0	0	300	0	0	0	0	0	0	0	0	0	0	0	0	0	0	0	0	
86660	Temporal_Pole_Sup_L	0	0	1512	0	200	0	0	0	0	0	1848	0	370	0	1336	0	1700	0	1454	0	278	0	0	0	0	0	0	0	7540	0	72	0	0	0	0	0	2632	0	360	0	1624	0	0	0	0	0	0	0	0	0	0	0	0	0	3112	0	0	0	0	0	0	0	0	0	0	0	0	0	0	0	356	72	2512	0	0	0	74	0	0	0	2950	0	0	0	4684	0	4638	0	4006	0	0	0	0	0	0	0	0	0	0	0	0	0	0	0	0	0	0	0	0	0	0	0	0	0	0	0	
63312	Temporal_Pole_Sup_R	0	0	96	1336	0	0	0	666	0	0	0	3198	0	0	0	166	0	2354	168	1256	0	554	0	0	0	0	0	0	0	3944	0	0	0	194	0	0	0	1542	0	3034	0	2680	0	0	0	0	0	0	0	0	0	0	0	0	0	3958	0	0	0	0	0	0	0	0	0	0	0	0	0	0	106	1026	0	426	0	0	0	0	0	0	0	768	0	0	0	910	0	1942	0	1332	0	0	0	0	0	0	0	0	0	0	0	0	0	0	0	0	0	0	0	0	0	0	0	0	0	0	
320960	Temporal_Mid_L	5712	0	0	0	0	0	0	0	0	0	0	0	0	0	0	0	3098	0	0	0	0	0	0	0	0	0	0	0	5278	0	0	0	1482	0	230	0	1424	0	0	0	0	0	3624	0	280	0	718	0	1448	0	27666	0	4886	0	5004	0	3766	0	1704	0	4874	0	2800	0	11612	0	2158	74	3842	0	0	0	0	0	0	0	0	0	4224	0	20540	0	4684	0	0	0	4110	0	35150	0	92	0	0	0	0	0	0	0	0	0	0	0	0	0	0	0	0	0	0	0	0	0	0	0	0	0	
169284	Temporal_Mid_R	0	3252	0	320	0	0	0	384	0	0	0	0	0	0	0	0	0	0	0	962	0	0	0	0	0	0	0	0	0	688	0	0	0	680	0	0	0	996	0	610	0	72	124	2482	0	464	0	664	0	1072	0	9612	0	3466	0	3486	0	4982	0	420	0	1262	0	4912	0	7114	0	1034	0	1472	0	0	0	0	0	0	0	0	0	874	0	10036	0	910	0	0	0	1244	0	20074	0	570	0	0	0	0	0	0	0	404	0	0	0	0	0	0	0	0	0	0	0	0	0	0	0	0	
34428	Temporal_Pole_Mid_L	0	0	0	0	0	0	0	0	0	0	0	0	0	0	0	0	0	0	0	0	0	0	0	0	0	0	0	0	192	0	0	0	0	0	0	0	406	0	298	0	430	0	0	0	0	0	0	0	0	0	0	0	0	0	2490	0	0	0	0	0	0	0	0	0	0	0	0	0	0	0	0	0	0	0	0	0	0	0	0	0	110	0	4638	0	4110	0	0	0	4540	0	0	0	0	0	0	0	0	0	0	0	0	0	0	0	0	0	0	0	0	0	0	0	0	0	0	0	
13248	Temporal_Pole_Mid_R	0	0	0	0	0	0	0	0	0	0	0	0	0	0	0	0	0	0	0	0	0	0	0	0	0	0	0	0	0	0	0	0	0	0	0	0	0	0	0	1284	0	220	0	0	0	0	0	0	0	0	0	0	0	0	0	1192	0	0	0	0	0	0	0	0	0	0	0	0	0	0	0	0	0	0	0	0	0	0	0	0	0	338	0	1942	0	1244	0	0	0	404	0	0	0	0	0	0	0	0	0	0	0	0	0	0	0	0	0	0	0	0	0	0	0	0	0	0	
333912	Temporal_Inf_L	3640	340	1298	286	0	0	648	0	0	0	0	0	0	0	0	0	862	0	936	0	0	0	0	0	0	0	0	0	9156	0	0	0	114	0	1266	662	13970	756	3672	180	1264	0	1840	0	0	0	648	104	0	0	4596	0	3966	0	25408	0	1900	0	312	0	1960	0	3470	0	4466	0	1078	116	802	0	396	86	2196	0	0	0	740	522	2870	0	14542	0	4006	0	35150	0	4540	0	0	0	5526	0	652	0	74	0	1486	120	3036	0	578	0	720	0	0	0	0	0	0	0	0	0	0	0	0	0	
235284	Temporal_Inf_R	0	4704	0	208	0	0	0	334	0	0	0	240	0	0	0	0	0	98	0	2330	0	0	0	0	0	0	0	0	0	3002	0	0	0	1604	0	480	0	4088	0	1992	0	592	0	6048	0	1812	0	952	0	1898	0	6632	0	12280	0	19738	0	4840	0	288	0	236	0	696	0	268	186	6484	0	4098	0	0	0	1118	0	0	0	0	0	360	0	3214	0	1332	0	20074	0	404	0	0	0	2504	0	156	0	0	106	368	0	1574	0	0	0	164	0	0	0	0	0	0	140	0	0	0	0	0	
680592	Cerebelum_Crus1_L	0	0	0	0	0	0	0	0	0	0	0	0	0	0	0	0	0	0	0	0	0	0	0	0	0	0	0	0	160	0	0	0	0	0	0	0	442	0	202	0	0	0	0	0	0	0	14742	2648	0	0	0	0	280	0	31012	2858	0	0	0	0	0	0	0	0	0	0	0	0	0	0	0	0	156	0	0	0	0	0	0	0	88	0	0	0	92	0	0	0	5526	0	0	8982	35706	2026	2652	832	33304	6830	69962	12336	22244	448	29968	1024	8340	1130	3144	0	420	1360	12644	10170	14054	2434	1340	740	
564256	Cerebelum_Crus1_R	0	316	0	0	0	0	0	0	0	0	0	0	0	0	0	0	0	0	0	0	0	0	0	0	0	0	0	0	0	354	0	0	0	0	0	188	0	2012	0	2410	0	0	0	158	0	0	4480	4992	0	0	0	0	0	0	3046	18316	0	178	0	0	0	0	0	0	0	0	0	290	0	0	0	0	0	434	0	0	0	0	0	214	0	226	0	0	0	570	0	0	0	2504	8982	0	3080	37534	974	3380	6846	22342	12342	63042	780	10076	1204	26224	1362	3420	214	422	648	1430	11650	10036	11060	2142	1838	412	
349468	Cerebelum_Crus2_L	0	0	0	0	0	0	0	0	0	0	0	0	0	0	0	0	0	0	0	0	0	0	0	0	0	0	0	0	0	0	0	0	0	0	0	0	0	0	0	0	0	0	0	0	0	0	816	88	0	0	0	0	0	0	3754	308	0	0	0	0	0	0	0	0	0	0	0	0	0	0	0	0	0	0	0	0	0	0	0	0	0	0	0	0	0	0	0	0	652	0	35706	3080	0	8386	302	204	2136	632	7680	2864	42138	3820	34348	3054	5224	246	1164	0	200	418	1154	1632	10618	3850	260	0	
358544	Cerebelum_Crus2_R	0	0	0	0	0	0	0	0	0	0	0	0	0	0	0	0	0	0	0	0	0	0	0	0	0	0	0	0	0	0	0	0	0	0	0	0	0	0	0	154	0	0	0	0	0	0	290	244	0	0	0	0	0	0	258	608	0	0	0	0	0	0	0	0	0	0	0	0	0	0	0	0	0	0	0	0	0	0	0	0	0	0	0	0	0	0	0	0	0	156	2026	37534	8386	0	206	440	772	1626	1418	8204	9124	30838	7276	42026	368	2920	0	404	174	236	1580	1268	10614	8758	1364	0	
101936	Cerebelum_3_L	0	0	0	0	0	0	0	0	0	0	0	0	0	0	0	0	0	0	0	0	0	0	0	0	0	0	0	0	0	0	0	0	0	0	0	0	0	0	976	0	0	0	0	0	0	0	330	216	0	0	0	0	0	0	236	178	0	0	0	0	0	0	0	0	0	0	0	0	0	0	0	0	0	0	0	0	0	0	0	0	0	0	0	0	0	0	0	0	74	0	2652	974	302	206	0	1526	11006	1210	4004	2104	310	0	1130	680	4256	1700	340	0	2908	5560	3636	1418	604	826	1380	226	
112336	Cerebelum_3_R	0	0	0	0	0	0	0	0	0	0	0	0	0	0	0	0	0	0	0	0	0	0	0	0	0	0	0	0	0	0	0	0	0	0	0	0	0	0	0	76	0	0	0	0	0	0	0	156	0	0	0	0	0	0	0	1854	0	0	0	0	0	0	0	0	0	0	0	0	0	0	0	0	0	0	0	0	0	0	0	0	0	0	0	0	0	0	0	0	0	0	832	3380	204	440	1526	0	2162	7732	1298	8806	250	208	910	1712	1136	3382	160	104	2146	5666	3710	1696	1710	2150	2684	78	
543336	Cerebelum_4_5_L	0	0	0	0	0	0	0	0	0	0	0	0	0	0	0	0	0	0	0	0	0	0	0	0	0	0	0	0	0	0	0	0	0	0	0	0	696	74	1808	130	0	0	118	0	0	0	18306	4770	0	0	0	0	458	0	17144	5320	0	0	0	0	0	0	0	0	0	0	354	0	0	0	0	0	170	0	0	0	0	0	0	0	0	0	0	0	0	0	0	0	1486	106	33304	6846	2136	772	11006	2162	0	16716	53512	13082	3996	248	7504	1416	8794	3290	1574	0	1380	4496	31726	6550	1248	1490	4316	3164	
462616	Cerebelum_4_5_R	0	200	0	0	0	0	130	0	0	0	0	0	0	0	0	0	0	0	0	0	0	0	0	0	0	0	0	0	100	312	0	0	0	0	850	930	952	4344	352	6564	0	92	0	578	0	0	4404	13858	0	0	0	124	184	240	3958	20844	0	0	0	0	0	0	0	0	0	0	166	1246	0	0	0	0	0	912	0	0	122	792	214	0	94	0	0	0	0	0	0	0	120	368	6830	22342	632	1626	1210	7732	16716	0	15058	43426	1144	980	2272	2796	1818	2532	462	136	450	3770	26942	3492	1528	1662	2334	368	
750304	Cerebelum_6_L	0	0	0	0	0	0	0	0	0	0	0	0	0	0	0	0	0	0	0	0	0	0	0	0	0	0	0	0	194	0	0	0	0	0	0	0	508	0	244	96	0	0	0	0	0	0	26326	10924	0	0	126	0	682	222	35674	10676	0	0	0	0	0	0	0	0	0	0	0	0	0	0	0	0	182	0	0	0	0	0	0	0	128	0	0	0	0	0	0	0	3036	0	69962	12342	7680	1418	4004	1298	53512	15058	0	21542	9064	314	14520	1100	7720	1936	2242	0	642	2110	24390	20430	8814	2480	2268	1288	
678436	Cerebelum_6_R	0	520	0	86	0	0	0	88	0	0	0	0	0	0	0	0	0	0	0	102	0	0	0	0	0	0	0	0	0	480	0	0	0	0	0	278	0	2986	0	3790	0	0	0	258	0	0	6458	10634	0	0	0	0	0	426	3526	29506	0	98	0	0	0	0	0	116	0	0	0	408	0	0	0	0	0	586	0	0	0	0	0	262	0	300	0	0	0	404	0	0	0	1574	12336	63042	2864	8204	2104	8806	13082	43426	21542	0	1552	2238	2994	11174	2974	6660	496	766	1492	4362	22962	19110	11582	5916	6022	626	
366504	Cerebelum_7b_L	0	0	0	0	0	0	0	0	0	0	0	0	0	0	0	0	0	0	0	0	0	0	0	0	0	0	0	0	0	0	0	0	0	0	0	0	0	0	0	0	0	0	0	0	0	0	492	0	0	0	0	0	0	0	3472	282	0	0	0	0	0	0	0	0	0	0	0	0	0	0	0	0	0	0	0	0	0	0	0	0	0	0	0	0	0	0	0	0	578	0	22244	780	42138	9124	310	250	3996	1144	9064	1552	0	6074	46358	6646	9700	440	1152	0	202	290	1812	704	5916	8142	390	0	
232228	Cerebelum_7b_R	0	0	0	0	0	0	0	0	0	0	0	0	0	0	0	0	0	0	0	0	0	0	0	0	0	0	0	0	0	0	0	0	0	0	0	0	0	0	0	0	0	0	0	0	0	0	0	0	0	0	0	0	0	0	0	136	0	0	0	0	0	0	0	0	0	0	0	0	0	0	0	0	0	0	0	0	0	0	0	0	0	0	0	0	0	0	0	0	0	0	448	10076	3820	30838	0	208	248	980	314	2238	6074	0	4980	37190	262	5708	0	110	0	104	486	270	3114	6942	1568	0	
479632	Cerebelum_8_L	0	0	0	0	0	0	0	0	0	0	0	0	0	0	0	0	0	0	0	0	0	0	0	0	0	0	0	0	84	0	0	0	0	0	0	0	78	0	0	0	0	0	0	0	0	0	598	0	0	0	0	0	0	0	3808	488	0	0	0	0	0	0	0	0	0	0	0	0	0	0	0	0	0	0	0	0	0	0	0	0	0	0	0	0	0	0	0	0	720	0	29968	1204	34348	7276	1130	910	7504	2272	14520	2994	46358	4980	0	9600	29956	2832	5846	0	654	1480	4244	1582	7122	14008	3150	102	
414864	Cerebelum_8_R	0	0	0	0	0	0	0	0	0	0	0	0	0	0	0	0	0	0	0	0	0	0	0	0	0	0	0	0	0	0	0	0	0	0	0	0	0	0	0	172	0	0	0	0	0	0	88	106	0	0	0	0	0	0	110	768	0	0	0	0	0	0	0	0	0	0	0	0	0	0	0	0	0	0	0	0	0	0	0	0	0	0	0	0	0	0	0	0	0	164	1024	26224	3054	42026	680	1712	1416	2796	1100	11174	6646	37190	9600	0	1660	25084	108	932	538	1250	2930	1354	7252	14296	5774	204	
236880	Cerebelum_9_L	0	0	0	0	0	0	0	0	0	0	0	0	0	0	0	0	0	0	0	0	0	0	0	0	0	0	0	0	0	0	0	0	0	0	0	0	0	0	0	0	0	0	0	0	0	0	822	150	0	0	0	0	0	0	486	630	0	0	0	0	0	0	0	0	0	0	0	0	0	0	0	0	0	0	0	0	0	0	0	0	0	0	0	0	0	0	0	0	0	0	8340	1362	5224	368	4256	1136	8794	1818	7720	2974	9700	262	29956	1660	0	3584	7698	0	1468	2838	5552	2940	924	2922	3940	916	
225584	Cerebelum_9_R	0	0	0	0	0	0	0	0	0	0	0	0	0	0	0	0	0	0	0	0	0	0	0	0	0	0	0	0	0	0	0	0	0	0	0	0	0	0	0	0	0	0	0	0	0	0	696	0	0	0	0	0	0	0	342	172	0	0	0	0	0	0	0	0	0	0	0	0	0	0	0	0	0	0	0	0	0	0	0	0	0	0	0	0	0	0	0	0	0	0	1130	3420	246	2920	1700	3382	3290	2532	1936	6660	440	5708	2832	25084	3584	0	132	2030	2476	3684	4728	5822	4188	8340	12560	2758	
53396	Cerebelum_10_L	0	0	0	0	0	0	0	0	0	0	0	0	0	0	0	0	0	0	0	0	0	0	0	0	0	0	0	0	0	0	0	0	0	0	0	0	0	0	0	0	0	0	0	0	0	0	0	0	0	0	0	0	0	0	118	82	0	0	0	0	0	0	0	0	0	0	0	0	0	0	0	0	0	0	0	0	0	0	0	0	0	0	0	0	0	0	0	0	0	0	3144	214	1164	0	340	160	1574	462	2242	496	1152	0	5846	108	7698	132	0	0	0	278	876	148	166	162	136	0	
11528	Cerebelum_10_R	0	0	0	0	0	0	0	0	0	0	0	0	0	0	0	0	0	0	0	0	0	0	0	0	0	0	0	0	0	0	0	0	0	0	0	0	0	0	0	0	0	0	0	0	0	0	0	0	0	0	0	0	0	0	0	0	0	0	0	0	0	0	0	0	0	0	0	0	0	0	0	0	0	0	0	0	0	0	0	0	0	0	0	0	0	0	0	0	0	0	0	422	0	404	0	104	0	136	0	766	0	110	0	932	0	2030	0	0	96	70	112	0	156	178	248	0	
59152	Vermis_1_2	0	0	0	0	0	0	0	0	0	0	0	0	0	0	0	0	0	0	0	0	0	0	0	0	0	0	0	0	0	0	0	0	0	0	0	0	0	0	76	0	0	0	0	0	0	0	0	0	0	0	0	0	0	0	78	0	0	0	0	0	0	0	0	0	0	0	0	0	0	0	0	0	0	0	0	0	0	0	0	0	0	0	0	0	0	0	0	0	0	0	420	648	200	174	2908	2146	1380	450	642	1492	202	0	654	538	1468	2476	0	96	0	6658	1732	1562	532	816	1904	324	
122752	Vermis_3	0	0	0	0	0	0	0	0	0	0	0	0	0	0	0	0	0	0	0	0	0	0	0	0	0	0	0	0	0	0	0	0	0	0	0	0	0	0	136	0	0	0	0	0	0	0	104	156	0	0	0	0	0	0	92	342	0	0	0	0	0	0	0	0	0	0	0	0	0	0	0	0	0	0	0	0	0	0	0	0	0	0	0	0	0	0	0	0	0	0	1360	1430	418	236	5560	5666	4496	3770	2110	4362	290	104	1480	1250	2838	3684	278	70	6658	0	5188	2504	1426	1938	3094	336	
