data	data	413272	197128	1.18277e+06	828480	189328	88652	506100	239816	88248	21080	230148	107144	225028	122596	217180	95304	235620	133256	912548	786076	82032	110264	476860	449044	101192	123100	56148	83540	728612	346396	471812	500168	154960	686048	200780	243532	380056	450976	180688	309264	55888	96504	292496	487232	275544	464488	311176	388776	202908	410308	444252	277740	125952	151832	440284	552144	288768	205232	116488	77212	163360	97712	112248	89104	128080	136048	313592	574784	181636	145912	428364	355440	460276	366792	83580	54660	242868	218960	153888	51132	225856	162388	93416	85436	395780	291008	17024	42324	298896	390940	538568	508516	306368	319732	64304	102428	333640	303104	485780	530928	243980	193312	357600	398408	115980	137688	17420	12544	47136	102180	251932	285036	273476	139172	78704	28000	
data	data	Precentral_L	Precentral_R	Frontal_Sup_L	Frontal_Sup_R	Frontal_Sup_Orb_L	Frontal_Sup_Orb_R	Frontal_Mid_L	Frontal_Mid_R	Frontal_Mid_Orb_L	Frontal_Mid_Orb_R	Frontal_Inf_Oper_L	Frontal_Inf_Oper_R	Frontal_Inf_Tri_L	Frontal_Inf_Tri_R	Frontal_Inf_Orb_L	Frontal_Inf_Orb_R	Rolandic_Oper_L	Rolandic_Oper_R	Supp_Motor_Area_L	Supp_Motor_Area_R	Olfactory_L	Olfactory_R	Frontal_Sup_Medial_L	Frontal_Sup_Medial_R	Frontal_Med_Orb_L	Frontal_Med_Orb_R	Rectus_L	Rectus_R	Insula_L	Insula_R	Cingulum_Ant_L	Cingulum_Ant_R	Cingulum_Mid_L	Cingulum_Mid_R	Cingulum_Post_L	Cingulum_Post_R	Hippocampus_L	Hippocampus_R	ParaHippocampal_L	ParaHippocampal_R	Amygdala_L	Amygdala_R	Calcarine_L	Calcarine_R	Cuneus_L	Cuneus_R	Lingual_L	Lingual_R	Occipital_Sup_L	Occipital_Sup_R	Occipital_Mid_L	Occipital_Mid_R	Occipital_Inf_L	Occipital_Inf_R	Fusiform_L	Fusiform_R	Postcentral_L	Postcentral_R	Parietal_Sup_L	Parietal_Sup_R	Parietal_Inf_L	Parietal_Inf_R	SupraMarginal_L	SupraMarginal_R	Angular_L	Angular_R	Precuneus_L	Precuneus_R	Paracentral_Lobule_L	Paracentral_Lobule_R	Caudate_L	Caudate_R	Putamen_L	Putamen_R	Pallidum_L	Pallidum_R	Thalamus_L	Thalamus_R	Heschl_L	Heschl_R	Temporal_Sup_L	Temporal_Sup_R	Temporal_Pole_Sup_L	Temporal_Pole_Sup_R	Temporal_Mid_L	Temporal_Mid_R	Temporal_Pole_Mid_L	Temporal_Pole_Mid_R	Temporal_Inf_L	Temporal_Inf_R	Cerebelum_Crus1_L	Cerebelum_Crus1_R	Cerebelum_Crus2_L	Cerebelum_Crus2_R	Cerebelum_3_L	Cerebelum_3_R	Cerebelum_4_5_L	Cerebelum_4_5_R	Cerebelum_6_L	Cerebelum_6_R	Cerebelum_7b_L	Cerebelum_7b_R	Cerebelum_8_L	Cerebelum_8_R	Cerebelum_9_L	Cerebelum_9_R	Cerebelum_10_L	Cerebelum_10_R	Vermis_1_2	Vermis_3	Vermis_4_5	Vermis_6	Vermis_7	Vermis_8	Vermis_9	Vermis_10	
413272	Precentral_L	0	936	14702	3852	0	0	19762	820	0	0	13678	174	1990	172	0	0	8126	0	9766	7798	0	0	332	448	0	0	0	0	15892	0	3344	822	2002	3902	1604	148	1858	0	366	0	0	0	1204	0	1568	0	316	0	872	0	3736	0	290	0	1864	0	28952	0	1978	0	5992	0	2662	0	952	0	1358	136	18630	612	5056	320	3154	296	1588	0	586	308	3334	0	3170	0	0	0	3680	0	0	0	1528	0	0	0	0	0	0	0	0	0	0	0	0	0	0	0	0	0	0	0	0	0	0	0	0	0	0	0	
197128	Precentral_R	936	0	912	11118	0	0	500	6684	0	0	0	5180	0	0	0	0	0	2054	652	3510	0	0	0	0	0	0	0	0	0	3374	216	0	0	3702	0	488	0	1486	0	0	0	0	0	3120	0	1956	0	0	0	1430	0	1194	0	482	0	410	0	17582	0	268	0	744	0	2214	0	498	0	3154	584	2596	1142	782	0	136	0	0	262	882	0	1158	0	5242	0	0	0	5634	0	0	0	6282	0	0	0	0	0	0	0	0	0	0	0	0	0	0	0	0	0	0	0	0	0	0	0	0	0	0	
1.18277e+06	Frontal_Sup_L	14702	912	0	14806	11418	0	72342	1440	2060	0	12462	324	17902	528	7994	126	13914	0	118404	20802	150	0	45398	8016	3536	0	416	0	51970	342	27748	6460	2792	7594	1392	1730	7482	1770	1814	848	0	0	240	0	164	0	374	334	0	0	632	0	0	0	1584	248	6832	152	0	0	380	0	396	0	0	0	0	332	974	0	20138	1604	29270	1306	6970	264	21622	2468	6954	0	4642	0	252	0	1752	0	0	0	1908	0	0	0	0	0	0	0	0	0	0	0	0	0	0	0	0	0	0	0	0	0	0	0	0	0	0	0	
828480	Frontal_Sup_R	3852	11118	14806	0	178	3716	3506	36054	0	502	778	4722	0	6404	0	3842	358	9738	18356	72668	0	498	14160	37336	182	3372	0	746	1614	12340	6376	27054	476	22080	1164	1346	904	6892	0	1570	0	0	0	574	0	242	0	236	0	192	234	312	0	220	0	1014	158	4844	0	0	0	204	0	550	0	0	0	350	2056	0	10454	19644	1094	21854	150	3776	1868	11686	0	602	0	472	0	0	354	330	0	0	220	1842	0	0	0	0	0	0	0	0	0	0	0	0	0	0	0	0	0	0	0	0	0	0	0	0	0	0	
189328	Frontal_Sup_Orb_L	0	0	11418	178	0	0	660	0	11672	0	342	0	2814	0	16924	0	0	0	1798	184	3356	0	3338	0	5002	122	6656	0	11210	0	5248	214	0	0	0	0	158	0	0	0	0	0	0	0	0	0	0	0	0	0	0	0	0	0	0	0	0	0	0	0	0	0	0	0	0	0	0	0	0	0	4922	0	6846	0	0	0	0	0	0	0	0	0	1602	0	0	0	0	0	0	0	0	0	0	0	0	0	0	0	0	0	0	0	0	0	0	0	0	0	0	0	0	0	0	0	0	0	
88652	Frontal_Sup_Orb_R	0	0	0	3716	0	0	0	418	0	2158	0	0	0	276	0	4498	0	0	0	0	0	4556	428	2166	254	6964	0	8284	0	1978	588	2226	0	124	0	0	0	0	0	0	0	0	0	0	0	0	0	0	0	0	0	0	0	0	0	0	0	0	0	0	0	0	0	0	0	0	0	0	0	0	0	3596	0	2096	0	0	0	0	0	0	0	0	0	0	0	0	0	0	0	0	0	0	0	0	0	0	0	0	0	0	0	0	0	0	0	0	0	0	0	0	0	0	0	0	0	0	
506100	Frontal_Mid_L	19762	500	72342	3506	660	0	0	258	2328	0	14230	0	24276	0	5292	0	3150	0	12518	2164	0	0	19956	2206	0	0	0	0	26208	0	8396	1968	1466	1466	158	0	2312	0	394	0	0	0	138	0	146	0	0	0	0	0	364	0	0	0	316	0	4138	0	0	0	174	0	216	0	0	0	0	0	348	0	4908	250	6014	164	3038	0	942	236	3808	0	998	0	0	0	810	0	0	0	526	0	0	0	0	0	0	0	0	0	0	0	0	0	0	0	0	0	0	0	0	0	0	0	0	0	0	0	
239816	Frontal_Mid_R	820	6684	1440	36054	0	418	258	0	0	432	842	3644	0	9904	0	3032	222	1794	2260	3362	0	0	4522	8218	0	0	0	0	548	4592	4496	5334	0	5472	0	0	0	916	0	122	0	0	0	238	0	0	0	0	0	0	0	0	0	0	0	0	0	1132	0	0	0	0	0	308	0	0	0	142	0	0	5442	1604	522	3396	0	604	0	212	0	130	0	0	0	0	0	170	0	0	0	622	0	0	0	0	0	0	0	0	0	0	0	0	0	0	0	0	0	0	0	0	0	0	0	0	0	0	
88248	Frontal_Mid_Orb_L	0	0	2060	0	11672	0	2328	0	0	0	0	0	1634	0	15396	0	0	0	240	0	588	0	268	0	520	0	2084	0	3578	0	742	0	0	0	0	0	0	0	0	0	0	0	0	0	0	0	0	0	0	0	0	0	0	0	0	0	0	0	0	0	0	0	0	0	0	0	0	0	0	0	1008	0	1412	0	0	0	0	0	0	0	0	0	594	0	0	0	0	0	0	0	0	0	0	0	0	0	0	0	0	0	0	0	0	0	0	0	0	0	0	0	0	0	0	0	0	0	
21080	Frontal_Mid_Orb_R	0	0	0	502	0	2158	0	432	0	0	0	0	0	192	0	5090	0	0	0	0	0	230	0	0	0	0	0	274	0	960	0	0	0	0	0	0	0	0	0	0	0	0	0	0	0	0	0	0	0	0	0	0	0	0	0	0	0	0	0	0	0	0	0	0	0	0	0	0	0	0	0	228	0	474	0	0	0	0	0	0	0	0	0	0	0	0	0	0	0	0	0	0	0	0	0	0	0	0	0	0	0	0	0	0	0	0	0	0	0	0	0	0	0	0	0	0	
230148	Frontal_Inf_Oper_L	13678	0	12462	778	342	0	14230	842	0	0	0	194	13052	182	456	0	6820	0	7790	278	0	0	1516	528	0	0	0	0	21308	0	6326	908	214	218	0	0	1280	0	188	0	0	0	0	0	0	0	0	0	0	0	0	0	0	0	0	0	2570	0	0	0	0	0	0	0	0	0	0	0	0	0	3580	338	1618	136	0	0	0	0	1690	0	1188	0	0	0	214	0	0	0	150	0	0	0	0	0	0	0	0	0	0	0	0	0	0	0	0	0	0	0	0	0	0	0	0	0	0	0	
107144	Frontal_Inf_Oper_R	174	5180	324	4722	0	0	0	3644	0	0	194	0	0	5756	0	326	0	5322	1006	3362	0	0	178	324	0	0	0	0	338	8394	240	242	0	1080	0	0	0	1224	0	584	0	0	0	298	0	0	0	0	0	0	0	122	0	0	0	408	0	1650	0	0	0	0	0	270	0	0	0	156	0	0	1484	914	0	3756	0	212	0	0	0	142	0	214	0	0	0	436	0	0	0	896	0	0	0	0	0	0	0	0	0	0	0	0	0	0	0	0	0	0	0	0	0	0	0	0	0	0	
225028	Frontal_Inf_Tri_L	1990	0	17902	0	2814	0	24276	0	1634	0	13052	0	0	0	14370	0	698	0	2692	0	0	0	2370	250	0	0	0	0	22520	0	3928	150	324	222	0	0	226	0	0	0	0	0	0	0	0	0	0	0	0	0	0	0	0	0	0	0	674	0	0	0	0	0	0	0	0	0	0	0	0	0	0	0	1170	0	0	0	0	0	564	0	266	0	422	0	0	0	0	0	0	0	0	0	0	0	0	0	0	0	0	0	0	0	0	0	0	0	0	0	0	0	0	0	0	0	0	0	
122596	Frontal_Inf_Tri_R	172	0	528	6404	0	276	0	9904	0	192	182	5756	0	0	0	6756	0	0	1668	2860	0	0	1546	3630	0	0	0	0	306	8838	596	3290	0	3334	0	0	0	0	0	0	0	0	0	0	0	0	0	0	0	0	0	0	0	0	0	0	0	0	0	0	0	0	0	0	0	0	0	0	0	0	1366	2692	0	1002	0	0	0	0	0	0	0	0	0	0	0	0	0	0	0	0	0	0	0	0	0	0	0	0	0	0	0	0	0	0	0	0	0	0	0	0	0	0	0	0	0	0	
217180	Frontal_Inf_Orb_L	0	0	7994	0	16924	0	5292	0	15396	0	456	0	14370	0	0	0	0	0	804	0	2462	0	2380	0	1964	0	2898	0	16728	0	4064	162	0	0	0	0	124	0	0	0	190	0	0	0	0	0	0	0	0	0	0	0	0	0	0	0	0	0	0	0	0	0	0	0	0	0	0	0	0	0	5278	0	8276	0	0	0	0	0	0	0	0	0	2828	0	0	0	0	0	0	0	0	0	0	0	0	0	0	0	0	0	0	0	0	0	0	0	0	0	0	0	0	0	0	0	0	0	
95304	Frontal_Inf_Orb_R	0	0	126	3842	0	4498	0	3032	0	5090	0	326	0	6756	0	0	0	0	226	884	0	2020	0	834	0	336	0	1622	0	8248	172	1130	0	310	0	0	0	0	0	450	0	400	0	0	0	0	0	0	0	0	0	0	0	0	0	572	0	0	0	0	0	0	0	0	0	0	0	0	0	0	476	3398	0	1950	0	0	0	0	0	0	0	0	0	954	0	0	0	0	0	0	0	0	0	0	0	0	0	0	0	0	0	0	0	0	0	0	0	0	0	0	0	0	0	0	0	0	
235620	Rolandic_Oper_L	8126	0	13914	358	0	0	3150	222	0	0	6820	0	698	0	0	0	0	0	12918	260	0	0	424	152	0	0	0	0	21178	0	2390	348	0	196	0	0	2132	0	322	0	0	0	0	0	0	0	0	0	124	0	310	0	0	0	168	0	10166	0	270	0	2300	0	4126	0	156	0	160	0	592	0	1514	0	1458	0	0	0	0	0	7216	0	10760	0	488	0	3646	0	0	0	748	0	0	0	0	0	0	0	0	0	0	0	0	0	0	0	0	0	0	0	0	0	0	0	0	0	0	0	
133256	Rolandic_Oper_R	0	2054	0	9738	0	0	0	1794	0	0	0	5322	0	0	0	0	0	0	308	5784	0	0	0	0	0	0	0	0	0	13930	0	0	0	368	0	0	0	1534	0	624	0	0	0	246	0	0	0	0	0	0	0	168	0	0	0	354	0	4556	0	0	0	0	0	2986	0	252	0	0	0	0	452	218	0	6018	0	334	0	550	0	3474	0	4234	0	0	0	476	0	0	0	854	0	0	0	0	0	0	0	0	0	0	0	0	0	0	0	0	0	0	0	0	0	0	0	0	0	0	
912548	Supp_Motor_Area_L	9766	652	118404	18356	1798	0	12518	2260	240	0	7790	1006	2692	1668	804	226	12918	308	0	42644	0	0	11358	8988	1690	0	184	0	29692	1752	14706	10124	9470	23368	2034	1008	5172	1032	1308	402	0	0	288	0	250	0	308	218	0	0	260	0	0	0	1294	142	5790	172	0	0	324	0	306	0	0	0	394	268	4392	0	18080	3334	22306	2424	5776	264	20038	2344	4208	0	4084	0	132	0	998	0	0	0	1542	0	0	0	0	0	0	0	0	0	0	0	0	0	0	0	0	0	0	0	0	0	0	0	0	0	0	0	
786076	Supp_Motor_Area_R	7798	3510	20802	72668	184	0	2164	3362	0	0	278	3362	0	2860	0	884	260	5784	42644	0	0	0	4236	11730	170	0	0	0	1064	7342	5472	13598	4278	50968	3068	7368	898	6194	0	1520	0	0	0	1554	0	2086	0	684	0	1212	164	622	0	242	148	1070	0	4190	0	966	0	1326	0	418	0	156	178	5500	8924	13664	6074	18344	954	12192	170	2764	1354	19558	0	302	0	408	0	0	244	1312	0	0	208	1584	0	0	0	0	0	0	0	0	0	0	0	0	0	0	0	0	0	0	0	0	0	0	0	0	0	0	
82032	Olfactory_L	0	0	150	0	3356	0	0	0	588	0	0	0	0	0	2462	0	0	0	0	0	0	3802	200	236	1182	340	2454	236	2630	700	3592	1342	0	0	0	0	690	0	310	0	728	0	0	0	0	0	0	0	0	0	0	0	0	0	168	0	0	0	0	0	0	0	0	0	0	0	0	0	0	0	7494	3052	3528	1194	0	0	0	0	0	0	0	0	582	0	0	0	0	0	0	0	0	0	0	0	0	0	0	0	0	0	0	0	0	0	0	0	0	0	0	0	0	0	0	0	0	0	
110264	Olfactory_R	0	0	0	498	0	4556	0	0	0	230	0	0	0	0	0	2020	0	0	0	0	3802	0	138	978	208	4338	0	6672	0	3330	2688	5426	0	0	0	0	0	0	0	398	0	434	0	0	0	0	0	0	0	0	0	0	0	0	0	196	0	0	0	0	0	0	0	0	0	0	0	0	0	0	4612	8592	2750	2906	0	122	0	0	0	0	0	0	0	238	0	0	0	0	0	0	0	0	0	0	0	0	0	0	0	0	0	0	0	0	0	0	0	0	0	0	0	0	0	0	0	0	
476860	Frontal_Sup_Medial_L	332	0	45398	14160	3338	428	19956	4522	268	0	1516	178	2370	1546	2380	0	424	0	11358	4236	200	138	0	31714	7184	1290	528	218	4622	796	24642	20728	3790	20770	0	0	0	0	0	0	0	0	0	0	0	0	0	0	0	0	0	0	0	0	0	0	0	0	0	0	0	0	0	0	0	0	0	0	0	0	2928	804	4392	896	0	0	0	0	380	0	0	0	0	0	0	0	0	0	0	0	0	0	0	0	0	0	0	0	0	0	0	0	0	0	0	0	0	0	0	0	0	0	0	0	0	0	
449044	Frontal_Sup_Medial_R	448	0	8016	37336	0	2166	2206	8218	0	0	528	324	250	3630	0	834	152	0	8988	11730	236	978	31714	0	930	8974	120	1504	996	3054	5286	37130	782	27010	0	0	0	0	0	0	0	0	0	0	0	0	0	0	0	0	0	0	0	0	0	0	0	0	0	0	0	0	0	0	0	0	0	0	0	0	3436	9544	244	7758	0	0	0	0	0	0	0	0	0	0	0	0	0	0	0	0	0	0	0	0	0	0	0	0	0	0	0	0	0	0	0	0	0	0	0	0	0	0	0	0	0	0	
101192	Frontal_Med_Orb_L	0	0	3536	182	5002	254	0	0	520	0	0	0	0	0	1964	0	0	0	1690	170	1182	208	7184	930	0	2484	3642	414	458	0	11438	852	0	0	0	0	0	0	0	0	0	0	0	0	0	0	0	0	0	0	0	0	0	0	0	0	0	0	0	0	0	0	0	0	0	0	0	0	0	0	3898	126	4462	0	0	0	0	0	0	0	0	0	0	0	0	0	0	0	0	0	0	0	0	0	0	0	0	0	0	0	0	0	0	0	0	0	0	0	0	0	0	0	0	0	0	0	
123100	Frontal_Med_Orb_R	0	0	0	3372	122	6964	0	0	0	0	0	0	0	0	0	336	0	0	0	0	340	4338	1290	8974	2484	0	348	8704	0	342	2864	9782	0	326	0	0	0	0	0	0	0	0	0	0	0	0	0	0	0	0	0	0	0	0	0	0	0	0	0	0	0	0	0	0	0	0	0	0	0	0	214	5604	176	4970	0	0	0	0	0	0	0	0	0	0	0	0	0	0	0	0	0	0	0	0	0	0	0	0	0	0	0	0	0	0	0	0	0	0	0	0	0	0	0	0	0	0	
56148	Rectus_L	0	0	416	0	6656	0	0	0	2084	0	0	0	0	0	2898	0	0	0	184	0	2454	0	528	120	3642	348	0	176	920	0	3134	244	0	0	0	0	0	0	0	0	0	0	0	0	0	0	0	0	0	0	0	0	0	0	0	0	0	0	0	0	0	0	0	0	0	0	0	0	0	0	3162	0	918	0	0	0	0	0	0	0	0	0	190	0	0	0	0	0	0	0	0	0	0	0	0	0	0	0	0	0	0	0	0	0	0	0	0	0	0	0	0	0	0	0	0	0	
83540	Rectus_R	0	0	0	746	0	8284	0	0	0	274	0	0	0	0	0	1622	0	0	0	0	236	6672	218	1504	414	8704	176	0	0	1102	888	4358	0	0	0	0	0	0	0	0	0	0	0	0	0	0	0	0	0	0	0	0	0	0	0	0	0	0	0	0	0	0	0	0	0	0	0	0	0	0	152	4828	0	1592	0	0	0	0	0	0	0	0	0	0	0	0	0	0	0	0	0	0	0	0	0	0	0	0	0	0	0	0	0	0	0	0	0	0	0	0	0	0	0	0	0	0	
728612	Insula_L	15892	0	51970	1614	11210	0	26208	548	3578	0	21308	338	22520	306	16728	0	21178	0	29692	1064	2630	0	4622	996	458	0	920	0	0	186	11010	1688	552	746	284	282	12638	300	2854	184	2108	0	836	0	482	0	460	0	0	0	1984	0	476	0	5362	0	5474	0	0	0	382	0	342	0	0	0	368	0	192	0	6708	536	19220	210	0	0	1140	138	16488	0	12628	0	4632	0	10674	0	120	0	8504	0	210	0	0	0	0	0	128	0	0	0	0	0	0	0	0	0	0	0	0	0	0	0	0	0	0	0	
346396	Insula_R	0	3374	342	12340	0	1978	0	4592	0	960	0	8394	0	8838	0	8248	0	13930	1752	7342	700	3330	796	3054	0	342	0	1102	186	0	568	2820	0	2446	378	554	252	7804	0	1608	0	464	0	1262	0	408	0	0	0	350	0	716	0	480	0	3988	0	3426	0	0	0	410	0	800	0	142	0	506	0	0	1160	1520	346	17426	0	432	468	2776	0	6016	0	12658	0	1194	0	6326	0	0	0	11894	0	0	0	0	0	0	0	0	0	0	0	0	0	0	0	0	0	0	0	0	0	0	0	0	0	0	
471812	Cingulum_Ant_L	3344	216	27748	6376	5248	588	8396	4496	742	0	6326	240	3928	596	4064	172	2390	0	14706	5472	3592	2688	24642	5286	11438	2864	3134	888	11010	568	0	18488	4878	5526	160	0	0	0	0	0	0	0	0	0	0	0	0	0	0	0	0	0	0	0	0	0	0	0	0	0	0	0	0	0	0	0	0	0	0	0	20964	6310	13514	3574	0	0	238	0	1096	0	0	0	0	0	0	0	0	0	0	0	0	0	0	0	0	0	0	0	0	0	0	0	0	0	0	0	0	0	0	0	0	0	0	0	0	0	
500168	Cingulum_Ant_R	822	0	6460	27054	214	2226	1968	5334	0	0	908	242	150	3290	162	1130	348	0	10124	13598	1342	5426	20728	37130	852	9782	244	4358	1688	2820	18488	0	2914	29042	0	0	0	0	0	0	0	0	0	0	0	0	0	0	0	0	0	0	0	0	0	0	0	0	0	0	0	0	0	0	0	0	0	0	0	0	6414	20070	1832	12924	0	0	0	0	0	0	0	0	0	0	0	0	0	0	0	0	0	0	0	0	0	0	0	0	0	0	0	0	0	0	0	0	0	0	0	0	0	0	0	0	0	0	
154960	Cingulum_Mid_L	2002	0	2792	476	0	0	1466	0	0	0	214	0	324	0	0	0	0	0	9470	4278	0	0	3790	782	0	0	0	0	552	0	4878	2914	0	11950	5332	1160	0	0	0	0	0	0	610	290	2888	522	0	0	1436	356	926	332	0	0	0	0	274	0	412	0	0	0	0	0	0	0	7096	1582	7728	324	130	0	0	0	0	0	0	0	0	0	0	0	0	0	194	0	0	0	0	0	0	0	0	0	0	0	0	0	0	0	0	0	0	0	0	0	0	0	0	0	0	0	0	0	0	0	
686048	Cingulum_Mid_R	3902	3702	7594	22080	0	124	1466	5472	0	0	218	1080	222	3334	0	310	196	368	23368	50968	0	0	20770	27010	0	326	0	0	746	2446	5526	29042	11950	0	2886	11710	0	356	0	0	0	0	0	8334	226	14332	0	1726	0	9412	0	3654	0	892	0	584	0	7070	0	1162	0	1276	0	0	0	448	1430	24914	5752	16288	1526	914	0	1816	0	0	0	266	0	0	0	138	0	0	0	2432	0	0	0	1260	0	0	0	0	0	0	0	0	0	0	0	0	0	0	0	0	0	0	0	0	0	0	0	0	0	0	
200780	Cingulum_Post_L	1604	0	1392	1164	0	0	158	0	0	0	0	0	0	0	0	0	0	0	2034	3068	0	0	0	0	0	0	0	0	284	378	160	0	5332	2886	0	11780	9118	6484	4572	2652	0	0	3600	454	3554	394	2496	554	190	142	1028	160	172	0	1516	852	0	0	0	0	0	0	0	0	0	0	8802	3502	4890	914	0	0	2124	538	636	0	4120	4202	214	0	0	192	0	0	774	274	0	0	438	592	0	0	0	0	0	0	0	0	0	0	0	0	0	0	0	0	0	0	0	0	0	0	0	0	0	0	
243532	Cingulum_Post_R	148	488	1730	1346	0	0	0	0	0	0	0	0	0	0	0	0	0	0	1008	7368	0	0	0	0	0	0	0	0	282	554	0	0	1160	11710	11780	0	6796	10464	2322	4610	0	0	388	3200	200	3474	1036	2438	0	1408	314	938	0	442	832	1464	0	1432	0	158	0	204	0	0	0	0	2140	14184	968	3940	0	0	2708	736	898	170	6058	5072	220	0	0	226	0	0	524	1080	0	0	500	2512	0	0	0	0	0	0	0	0	0	0	0	0	0	0	0	0	0	0	0	0	136	0	0	0	0	0	
380056	Hippocampus_L	1858	0	7482	904	158	0	2312	0	0	0	1280	0	226	0	124	0	2132	0	5172	898	690	0	0	0	0	0	0	0	12638	252	0	0	0	0	9118	6796	0	6196	24604	2990	9936	0	3896	0	1242	0	7548	1010	0	0	2858	0	864	0	19130	978	616	0	0	0	0	0	0	0	0	0	5364	1306	244	0	142	0	11110	374	1336	0	7002	3100	2440	0	1994	132	1142	0	5672	140	0	0	12430	262	746	0	0	0	0	0	562	138	258	0	0	0	0	0	0	0	0	0	0	226	0	0	0	0	0	0	
450976	Hippocampus_R	0	1486	1770	6892	0	0	0	916	0	0	0	1224	0	0	0	0	0	1534	1032	6194	0	0	0	0	0	0	0	0	300	7804	0	0	0	356	6484	10464	6196	0	2286	35570	0	12376	144	3820	0	612	1030	6486	0	460	290	1264	0	1490	770	28772	0	996	0	0	0	0	0	126	0	0	578	6940	0	128	0	0	2642	10944	696	2530	6304	9740	214	1478	0	1322	0	1812	514	1968	0	206	492	15414	316	1778	182	278	0	382	0	5040	0	2810	0	0	0	778	0	0	0	0	0	278	0	252	328	0	0	0	
180688	ParaHippocampal_L	366	0	1814	0	0	0	394	0	0	0	188	0	0	0	0	0	322	0	1308	0	310	0	0	0	0	0	0	0	2854	0	0	0	0	0	4572	2322	24604	2286	0	1520	4912	0	3032	0	356	0	8712	650	0	0	564	0	366	0	11346	634	138	0	0	0	0	0	0	0	0	0	4290	920	0	0	0	0	4662	0	540	0	1760	258	0	0	0	0	456	0	324	0	268	0	2128	0	186	0	0	0	0	0	548	0	238	0	0	0	0	0	0	0	0	0	0	196	0	0	0	0	0	0	
309264	ParaHippocampal_R	0	0	848	1570	0	0	0	122	0	0	0	584	0	0	0	450	0	624	402	1520	0	398	0	0	0	0	0	0	184	1608	0	0	0	0	2652	4610	2990	35570	1520	0	0	12126	0	1736	0	0	622	7836	0	0	0	0	0	490	408	26810	0	0	0	0	0	0	0	0	0	0	140	4338	0	0	0	0	826	4288	280	1732	2430	2948	126	0	0	138	0	5106	124	356	0	2508	126	3662	624	2674	260	400	0	476	188	7704	320	3906	0	0	140	1234	128	144	0	0	0	188	138	596	704	0	0	0	
55888	Amygdala_L	0	0	0	0	0	0	0	0	0	0	0	0	0	0	190	0	0	0	0	0	728	0	0	0	0	0	0	0	2108	0	0	0	0	0	0	0	9936	0	4912	0	0	0	0	0	0	0	0	0	0	0	0	0	0	0	5348	0	0	0	0	0	0	0	0	0	0	0	0	0	0	0	130	0	1820	0	0	0	0	0	0	0	0	0	782	0	0	0	124	0	1740	0	0	0	0	0	0	0	126	0	0	0	0	0	0	0	0	0	0	0	0	0	0	0	0	0	0	0	
96504	Amygdala_R	0	0	0	0	0	0	0	0	0	0	0	0	0	0	0	400	0	0	0	0	0	434	0	0	0	0	0	0	0	464	0	0	0	0	0	0	0	12376	0	12126	0	0	0	0	0	0	0	0	0	0	0	0	0	0	0	9554	0	0	0	0	0	0	0	0	0	0	0	0	0	0	0	0	0	918	0	0	0	0	0	0	0	0	0	4556	0	346	0	1030	0	1258	224	756	128	0	0	206	0	1768	0	966	0	0	0	310	0	0	0	0	0	0	0	200	232	0	0	0	
292496	Calcarine_L	1204	0	240	0	0	0	138	0	0	0	0	0	0	0	0	0	0	0	288	0	0	0	0	0	0	0	0	0	836	0	0	0	610	0	3600	388	3896	144	3032	0	0	0	0	4688	22344	2526	14310	1606	12474	612	25884	168	5520	0	3790	0	1344	0	306	0	190	0	0	0	570	0	19692	912	1918	0	0	0	170	0	0	0	656	0	922	0	0	0	0	0	4646	0	0	0	1430	0	540	0	0	0	0	0	1562	0	976	0	0	0	0	0	0	0	0	0	0	0	1620	496	0	0	0	0	
487232	Calcarine_R	0	3120	0	574	0	0	0	238	0	0	0	298	0	0	0	0	0	246	0	1554	0	0	0	0	0	0	0	0	0	1262	0	0	290	8334	454	3200	0	3820	0	1736	0	0	4688	0	2342	41458	2334	22842	0	32074	0	19570	0	10974	0	11470	0	1796	0	334	0	428	0	0	0	1570	2936	39670	178	1740	0	0	0	0	0	0	0	0	0	278	0	136	0	0	0	8628	0	0	0	12282	0	0	0	0	0	0	0	132	0	124	0	0	0	0	0	0	0	0	0	0	292	214	0	0	0	0	
275544	Cuneus_L	1568	0	164	0	0	0	146	0	0	0	0	0	0	0	0	0	0	0	250	0	0	0	0	0	0	0	0	0	482	0	0	0	2888	226	3554	200	1242	0	356	0	0	0	22344	2342	0	5232	2886	172	25590	1768	22284	242	2094	0	842	0	1598	0	1546	0	964	0	472	0	2160	0	21332	2104	4594	0	0	0	0	0	0	0	422	0	548	0	0	0	0	0	4136	0	0	0	1024	0	0	0	0	0	0	0	0	0	0	0	0	0	0	0	0	0	0	0	0	0	0	0	0	0	0	0	
464488	Cuneus_R	0	1956	0	242	0	0	0	0	0	0	0	0	0	0	0	0	0	0	0	2086	0	0	0	0	0	0	0	0	0	408	0	0	522	14332	394	3474	0	612	0	0	0	0	2526	41458	5232	0	648	7186	0	50212	0	20412	0	3486	0	3850	0	2282	0	4870	0	566	0	0	0	3354	5638	43812	206	3256	0	0	0	0	0	0	0	0	0	0	0	0	0	0	0	5424	0	0	0	3800	0	0	0	0	0	0	0	0	0	0	0	0	0	0	0	0	0	0	0	0	0	0	0	0	0	0	
311176	Lingual_L	316	0	374	0	0	0	0	0	0	0	0	0	0	0	0	0	0	0	308	0	0	0	0	0	0	0	0	0	460	0	0	0	0	0	2496	1036	7548	1030	8712	622	0	0	14310	2334	2886	648	0	5658	3226	446	11822	566	7722	258	24334	1782	146	0	0	0	0	0	0	0	0	0	5064	778	122	0	0	0	794	0	0	0	604	0	134	0	0	0	0	0	284	0	0	0	734	0	7838	1898	206	0	0	0	10520	1084	13048	2428	0	0	0	0	0	0	0	0	0	196	6104	4508	204	0	0	0	
388776	Lingual_R	0	0	334	236	0	0	0	0	0	0	0	0	0	0	0	0	0	0	218	684	0	0	0	0	0	0	0	0	0	0	0	0	0	1726	554	2438	1010	6486	650	7836	0	0	1606	22842	172	7186	5658	0	0	5244	258	3806	128	7104	3640	23536	0	298	0	0	0	0	0	0	0	306	390	11480	0	388	0	0	398	218	144	0	1304	672	0	0	0	0	0	0	0	994	0	0	0	1494	4606	7866	0	0	432	482	6714	7856	8548	14726	0	0	164	176	0	0	0	0	0	376	11758	8752	362	0	0	132	
202908	Occipital_Sup_L	872	0	0	0	0	0	0	0	0	0	0	0	0	0	0	0	124	0	0	0	0	0	0	0	0	0	0	0	0	0	0	0	1436	0	190	0	0	0	0	0	0	0	12474	0	25590	0	3226	0	0	0	29444	0	1176	0	478	0	1004	0	5688	0	2254	0	502	0	3420	0	10724	0	1008	0	0	0	0	0	0	0	0	0	0	0	0	0	0	0	1560	0	0	0	284	0	0	0	0	0	0	0	0	0	0	0	0	0	0	0	0	0	0	0	0	0	0	0	0	0	0	0	
410308	Occipital_Sup_R	0	1430	0	192	0	0	0	0	0	0	0	0	0	0	0	0	0	0	0	1212	0	0	0	0	0	0	0	0	0	350	0	0	356	9412	142	1408	0	460	0	0	0	0	612	32074	1768	50212	446	5244	0	0	0	28900	0	3344	0	2868	0	842	0	6954	0	3334	0	0	0	8986	2100	31760	190	1636	0	0	0	0	0	0	0	0	0	0	0	0	0	0	0	5606	0	0	0	3316	0	0	0	0	0	0	0	0	0	0	0	0	0	0	0	0	0	0	0	0	0	0	0	0	0	0	
444252	Occipital_Mid_L	3736	0	632	234	0	0	364	0	0	0	0	0	0	0	0	0	310	0	260	164	0	0	0	0	0	0	0	0	1984	0	0	0	926	0	1028	314	2858	290	564	0	0	0	25884	0	22284	0	11822	258	29444	0	0	0	17598	0	7368	0	6360	0	9958	0	9242	0	1534	0	16718	0	12428	0	3830	0	0	0	308	0	0	0	1434	0	1944	0	152	0	0	0	21922	0	0	0	5494	0	162	164	0	0	0	0	604	0	410	216	0	0	0	0	0	0	0	0	0	0	546	378	0	0	0	0	
277740	Occipital_Mid_R	0	1194	0	312	0	0	0	0	0	0	0	122	0	0	0	0	0	168	0	622	0	0	0	0	0	0	0	0	0	716	0	0	332	3654	160	938	0	1264	0	0	0	0	168	19570	242	20412	566	3806	0	28900	0	0	0	4978	0	1260	0	656	0	740	0	2692	0	0	0	12142	1400	14358	136	860	0	0	0	0	0	0	0	0	0	190	0	234	0	0	0	11418	0	0	0	4660	0	0	0	0	0	0	0	0	0	0	0	0	0	0	0	0	0	0	0	0	0	0	0	0	0	0	
125952	Occipital_Inf_L	290	0	0	0	0	0	0	0	0	0	0	0	0	0	0	0	0	0	0	0	0	0	0	0	0	0	0	0	476	0	0	0	0	0	172	0	864	0	366	0	0	0	5520	0	2094	0	7722	128	1176	0	17598	0	0	0	11042	0	188	0	0	0	0	0	122	0	168	0	1122	0	366	0	0	0	0	0	0	0	0	0	266	0	0	0	0	0	4146	0	0	0	5058	0	1504	254	0	0	0	0	350	0	994	258	0	0	0	0	0	0	0	0	0	0	150	582	0	0	0	0	
151832	Occipital_Inf_R	0	482	0	220	0	0	0	0	0	0	0	0	0	0	0	0	0	0	0	242	0	0	0	0	0	0	0	0	0	480	0	0	0	892	0	442	0	1490	0	490	0	0	0	10974	0	3486	258	7104	0	3344	0	4978	0	0	508	11028	0	134	0	0	0	0	0	0	0	304	0	7578	0	0	0	0	0	0	0	0	0	0	0	198	0	0	0	0	0	2504	0	0	0	10258	542	260	0	0	0	0	622	940	950	2348	0	0	0	0	0	0	0	0	0	0	1160	1700	0	0	0	0	
440284	Fusiform_L	1864	0	1584	0	0	0	316	0	0	0	0	0	0	0	0	0	168	0	1294	148	168	0	0	0	0	0	0	0	5362	0	0	0	0	0	1516	832	19130	770	11346	408	5348	0	3790	0	842	0	24334	3640	478	0	7368	0	11042	508	0	1564	488	0	0	0	0	0	0	0	0	0	1950	380	232	0	0	0	4518	0	0	0	672	132	1308	0	512	0	2386	0	1680	0	816	0	17814	0	21124	1690	938	0	314	0	13832	1752	27834	3162	1272	0	1102	0	0	0	0	0	0	140	5244	4778	252	0	0	0	
552144	Fusiform_R	0	410	248	1014	0	0	0	0	0	0	0	408	0	0	0	572	0	354	142	1070	0	196	0	0	0	0	0	0	0	3988	0	0	0	584	852	1464	978	28772	634	26810	0	9554	0	11470	0	3850	1782	23536	0	2868	0	1260	0	11028	1564	0	0	376	0	0	0	0	0	0	0	170	0	7036	0	0	0	0	362	5378	0	1284	946	1302	0	188	0	3268	0	7930	0	3852	0	3550	0	21662	2244	18320	214	816	172	842	2292	15880	3310	26070	0	262	166	2056	126	140	0	0	0	138	4956	4628	728	0	0	0	
288768	Postcentral_L	28952	0	6832	158	0	0	4138	0	0	0	2570	0	674	0	0	0	10166	0	5790	0	0	0	0	0	0	0	0	0	5474	0	0	0	274	0	0	0	616	0	138	0	0	0	1344	0	1598	0	146	0	1004	0	6360	0	188	0	488	0	0	0	10918	0	20702	0	8752	0	3624	0	3800	0	3368	0	154	0	222	0	0	0	0	160	4520	0	6258	0	0	0	3964	0	0	0	1032	0	0	0	0	0	0	0	0	0	0	0	0	0	0	0	0	0	0	0	0	0	0	0	0	0	0	0	
205232	Postcentral_R	0	17582	152	4844	0	0	0	1132	0	0	0	1650	0	0	0	0	0	4556	172	4190	0	0	0	0	0	0	0	0	0	3426	0	0	0	7070	0	1432	0	996	0	0	0	0	0	1796	0	2282	0	298	0	842	0	656	0	134	0	376	0	0	0	3560	0	4588	0	12498	0	1906	0	7450	0	8810	0	0	0	798	0	0	134	460	0	996	0	3248	0	0	0	2012	0	0	0	2570	0	0	0	0	0	0	0	0	0	0	0	0	0	0	0	0	0	0	0	0	0	0	0	0	0	0	
116488	Parietal_Sup_L	1978	0	0	0	0	0	0	0	0	0	0	0	0	0	0	0	270	0	0	0	0	0	0	0	0	0	0	0	0	0	0	0	412	0	0	0	0	0	0	0	0	0	306	0	1546	0	0	0	5688	0	9958	0	0	0	0	0	10918	0	0	0	9666	0	394	0	2586	0	11292	0	1382	0	0	0	0	0	0	0	0	0	0	0	532	0	0	0	1094	0	0	0	222	0	0	0	0	0	0	0	0	0	0	0	0	0	0	0	0	0	0	0	0	0	0	0	0	0	0	0	
77212	Parietal_Sup_R	0	268	0	0	0	0	0	0	0	0	0	0	0	0	0	0	0	0	0	966	0	0	0	0	0	0	0	0	0	0	0	0	0	1162	0	158	0	0	0	0	0	0	0	334	0	4870	0	0	0	6954	0	740	0	0	0	0	0	3560	0	0	0	5478	0	184	0	3128	0	8560	0	1976	0	0	0	0	0	0	0	0	0	0	0	0	0	0	0	268	0	0	0	0	0	0	0	0	0	0	0	0	0	0	0	0	0	0	0	0	0	0	0	0	0	0	0	0	0	0	
163360	Parietal_Inf_L	5992	0	380	0	0	0	174	0	0	0	0	0	0	0	0	0	2300	0	324	0	0	0	0	0	0	0	0	0	382	0	0	0	0	0	0	0	0	0	0	0	0	0	190	0	964	0	0	0	2254	0	9242	0	0	0	0	0	20702	0	9666	0	0	0	10212	0	12316	0	1408	0	1116	0	0	0	0	0	0	0	0	0	174	0	1012	0	0	0	2120	0	0	0	752	0	0	0	0	0	0	0	0	0	0	0	0	0	0	0	0	0	0	0	0	0	0	0	0	0	0	0	
97712	Parietal_Inf_R	0	744	0	204	0	0	0	0	0	0	0	0	0	0	0	0	0	0	0	1326	0	0	0	0	0	0	0	0	0	410	0	0	0	1276	0	204	0	0	0	0	0	0	0	428	0	566	0	0	0	3334	0	2692	0	0	0	0	0	4588	0	5478	0	0	0	6854	0	13104	0	1300	0	1292	0	0	0	0	0	0	0	0	0	0	0	626	0	0	0	3394	0	0	0	1036	0	0	0	0	0	0	0	0	0	0	0	0	0	0	0	0	0	0	0	0	0	0	0	0	0	0	
112248	SupraMarginal_L	2662	0	396	0	0	0	216	0	0	0	0	0	0	0	0	0	4126	0	306	0	0	0	0	0	0	0	0	0	342	0	0	0	0	0	0	0	0	0	0	0	0	0	0	0	472	0	0	0	502	0	1534	0	122	0	0	0	8752	0	394	0	10212	0	0	0	6446	0	314	0	710	0	0	0	0	0	0	0	0	0	904	0	5530	0	0	0	9672	0	0	0	2512	0	0	0	0	0	0	0	0	0	0	0	0	0	0	0	0	0	0	0	0	0	0	0	0	0	0	0	
89104	SupraMarginal_R	0	2214	0	550	0	0	0	308	0	0	0	270	0	0	0	0	0	2986	0	418	0	0	0	0	0	0	0	0	0	800	0	0	0	0	0	0	0	126	0	0	0	0	0	0	0	0	0	0	0	0	0	0	0	0	0	0	0	12498	0	184	0	6854	0	0	0	7556	0	0	0	0	0	0	0	154	0	0	0	222	0	334	0	6142	0	0	0	2404	0	0	0	532	0	0	0	0	0	0	0	0	0	0	0	0	0	0	0	0	0	0	0	0	0	0	0	0	0	0	
128080	Angular_L	952	0	0	0	0	0	0	0	0	0	0	0	0	0	0	0	156	0	0	0	0	0	0	0	0	0	0	0	0	0	0	0	0	0	0	0	0	0	0	0	0	0	570	0	2160	0	0	0	3420	0	16718	0	168	0	0	0	3624	0	2586	0	12316	0	6446	0	0	0	718	0	812	0	0	0	0	0	0	0	0	0	0	0	2090	0	0	0	10882	0	0	0	422	0	0	0	0	0	0	0	0	0	0	0	0	0	0	0	0	0	0	0	0	0	0	0	0	0	0	0	
136048	Angular_R	0	498	0	0	0	0	0	0	0	0	0	0	0	0	0	0	0	252	0	156	0	0	0	0	0	0	0	0	0	142	0	0	0	448	0	0	0	0	0	0	0	0	0	1570	0	3354	0	306	0	8986	0	12142	0	304	0	170	0	1906	0	3128	0	13104	0	7556	0	0	0	2624	0	154	0	0	0	0	0	0	0	0	0	0	0	3400	0	0	0	6924	0	0	0	900	0	0	0	0	0	0	0	0	0	0	0	0	0	0	0	0	0	0	0	0	0	0	0	0	0	0	
313592	Precuneus_L	1358	0	0	0	0	0	0	0	0	0	0	0	0	0	0	0	160	0	394	178	0	0	0	0	0	0	0	0	368	0	0	0	7096	1430	8802	2140	5364	578	4290	140	0	0	19692	2936	21332	5638	5064	390	10724	2100	12428	1400	1122	0	1950	0	3800	0	11292	0	1408	0	314	0	718	0	0	9440	6858	134	0	0	0	0	0	0	500	0	322	0	0	0	0	0	3688	0	0	0	1248	0	0	0	0	0	0	0	0	0	0	0	0	0	0	0	0	0	0	0	0	0	0	0	0	0	0	0	
574784	Precuneus_R	136	3154	332	350	0	0	0	142	0	0	0	156	0	0	0	0	0	0	268	5500	0	0	0	0	0	0	0	0	0	506	0	0	1582	24914	3502	14184	1306	6940	920	4338	0	0	912	39670	2104	43812	778	11480	0	31760	0	14358	0	7578	380	7036	0	7450	0	8560	0	1300	0	0	0	2624	9440	0	758	10600	0	0	162	0	0	0	1042	434	0	0	0	228	0	0	0	6944	0	0	0	9202	0	0	0	0	0	0	0	186	0	0	0	0	0	0	0	0	0	0	0	0	364	0	0	0	0	0	
181636	Paracentral_Lobule_L	18630	584	974	2056	0	0	348	0	0	0	0	0	0	0	0	0	592	0	4392	8924	0	0	0	0	0	0	0	0	192	0	0	0	7728	5752	4890	968	244	0	0	0	0	0	1918	178	4594	206	122	0	1008	190	3830	136	366	0	232	0	3368	0	1382	0	1116	0	710	0	812	0	6858	758	0	2182	0	0	0	0	0	0	140	0	316	0	508	0	0	0	2702	0	0	0	912	0	0	0	0	0	0	0	0	0	0	0	0	0	0	0	0	0	0	0	0	0	0	0	0	0	0	0	
145912	Paracentral_Lobule_R	612	2596	0	0	0	0	0	0	0	0	0	0	0	0	0	0	0	0	0	13664	0	0	0	0	0	0	0	0	0	0	0	0	324	16288	914	3940	0	128	0	0	0	0	0	1740	0	3256	0	388	0	1636	0	860	0	0	0	0	0	8810	0	1976	0	1292	0	0	0	154	134	10600	2182	0	0	0	0	0	0	0	0	0	0	0	0	0	0	0	0	1030	0	0	0	432	0	0	0	0	0	0	0	0	0	0	0	0	0	0	0	0	0	0	0	0	0	0	0	0	0	0	
428364	Caudate_L	5056	1142	20138	10454	4922	0	4908	5442	1008	0	3580	1484	0	1366	5278	476	1514	452	18080	6074	7494	4612	2928	3436	3898	214	3162	152	6708	1160	20964	6414	130	1526	0	0	142	0	0	0	130	0	0	0	0	0	0	0	0	0	0	0	0	0	0	0	154	0	0	0	0	0	0	0	0	0	0	0	0	0	0	16134	22780	5962	3568	1482	8822	398	130	0	0	0	308	0	0	0	0	0	0	0	0	0	0	0	0	0	0	0	0	0	0	0	0	0	0	0	0	0	0	0	0	0	0	0	0	0	
355440	Caudate_R	320	782	1604	19644	0	3596	250	1604	0	228	338	914	0	2692	0	3398	0	218	3334	18344	3052	8592	804	9544	126	5604	0	4828	536	1520	6310	20070	0	914	0	0	0	0	0	0	0	0	0	0	0	0	0	0	0	0	0	0	0	0	0	0	0	0	0	0	0	0	0	0	0	0	0	0	0	0	16134	0	5832	19422	492	2580	1200	12894	0	0	0	0	0	0	0	0	0	0	0	0	0	0	0	0	0	0	0	0	0	0	0	0	0	0	0	0	0	0	0	0	0	0	0	0	0	0	
460276	Putamen_L	3154	0	29270	1094	6846	0	6014	522	1412	0	1618	0	1170	0	8276	0	1458	0	22306	954	3528	2750	4392	244	4462	176	918	0	19220	346	13514	1832	0	0	2124	2708	11110	2642	4662	826	1820	0	170	0	0	0	794	398	0	0	308	0	0	0	4518	362	222	0	0	0	0	0	0	0	0	0	0	162	0	0	22780	5832	0	3540	9884	1154	7916	3128	432	0	978	0	1072	0	860	0	0	0	3952	166	142	0	0	0	0	0	0	0	0	0	0	0	0	0	0	0	0	0	0	0	0	0	0	0	0	0	
366792	Putamen_R	296	136	1306	21854	0	2096	164	3396	0	474	136	3756	0	1002	0	1950	0	6018	2424	12192	1194	2906	896	7758	0	4970	0	1592	210	17426	3574	12924	0	1816	538	736	374	10944	0	4288	0	918	0	0	0	0	0	218	0	0	0	0	0	0	0	5378	0	798	0	0	0	0	0	154	0	0	0	0	0	0	5962	19422	3540	0	322	6010	972	5644	0	228	0	1230	0	340	0	296	0	0	0	2318	0	0	0	0	0	0	0	146	0	154	0	0	0	0	0	0	0	0	0	0	0	0	0	0	0	0	
83580	Pallidum_L	1588	0	6970	150	0	0	3038	0	0	0	0	0	0	0	0	0	0	0	5776	170	0	0	0	0	0	0	0	0	0	0	0	0	0	0	636	898	1336	696	540	280	0	0	0	0	0	0	0	144	0	0	0	0	0	0	0	0	0	0	0	0	0	0	0	0	0	0	0	0	0	0	3568	492	9884	322	0	262	3612	1064	0	0	0	0	0	0	190	0	0	0	174	0	0	0	0	0	0	0	0	0	0	0	0	0	0	0	0	0	0	0	0	0	0	0	0	0	0	0	
54660	Pallidum_R	0	0	264	3776	0	0	0	604	0	0	0	212	0	0	0	0	0	334	264	2764	0	122	0	0	0	0	0	0	0	432	0	0	0	0	0	170	0	2530	0	1732	0	0	0	0	0	0	0	0	0	0	0	0	0	0	0	1284	0	0	0	0	0	0	0	0	0	0	0	0	0	0	1482	2580	1154	6010	262	0	312	920	0	0	0	0	0	0	0	0	0	0	0	122	0	0	0	0	0	0	0	0	0	0	0	0	0	0	0	0	0	0	0	0	0	0	0	0	0	0	
242868	Thalamus_L	586	262	21622	1868	0	0	942	0	0	0	0	0	0	0	0	0	0	0	20038	1354	0	0	0	0	0	0	0	0	1140	468	238	0	0	0	4120	6058	7002	6304	1760	2430	0	0	656	0	422	0	604	1304	0	0	1434	0	0	0	672	946	0	134	0	0	0	0	0	0	0	0	500	1042	140	0	8822	1200	7916	972	3612	312	0	10002	488	0	278	130	0	0	1948	130	0	0	1036	216	0	0	0	0	0	0	0	0	0	0	0	0	0	0	0	0	0	0	0	326	0	0	0	0	0	0	
218960	Thalamus_R	308	882	2468	11686	0	0	236	212	0	0	0	0	0	0	0	0	0	550	2344	19558	0	0	0	0	0	0	0	0	138	2776	0	0	0	266	4202	5072	3100	9740	258	2948	0	0	0	0	0	0	0	672	0	0	0	0	0	0	132	1302	160	460	0	0	0	0	0	222	0	0	0	434	0	0	398	12894	3128	5644	1064	920	10002	0	0	184	0	928	0	0	172	1070	0	0	194	2114	0	0	0	0	0	0	0	0	0	0	0	0	0	0	0	0	0	0	0	642	0	0	0	0	0	0	
153888	Heschl_L	3334	0	6954	0	0	0	3808	0	0	0	1690	0	564	0	0	0	7216	0	4208	0	0	0	380	0	0	0	0	0	16488	0	1096	0	0	0	214	220	2440	214	0	126	0	0	922	0	548	0	134	0	0	0	1944	0	266	0	1308	0	4520	0	0	0	174	0	904	0	0	0	322	0	316	0	130	0	432	0	0	0	488	0	0	0	7848	0	0	0	5964	0	0	0	1772	0	0	0	0	0	0	0	0	0	0	0	0	0	0	0	0	0	0	0	0	0	0	0	0	0	0	0	
51132	Heschl_R	0	1158	0	602	0	0	0	130	0	0	0	142	0	0	0	0	0	3474	0	302	0	0	0	0	0	0	0	0	0	6016	0	0	0	0	0	0	0	1478	0	0	0	0	0	278	0	0	0	0	0	0	0	190	0	198	0	188	0	996	0	0	0	0	0	334	0	0	0	0	0	0	0	0	0	228	0	0	0	184	0	0	0	6880	0	0	0	916	0	0	0	1872	0	0	0	0	0	0	0	0	0	0	0	0	0	0	0	0	0	0	0	0	0	0	0	0	0	0	
225856	Temporal_Sup_L	3170	0	4642	0	0	0	998	0	0	0	1188	0	266	0	0	0	10760	0	4084	0	0	0	0	0	0	0	0	0	12628	0	0	0	0	0	0	0	1994	0	0	0	0	0	0	0	0	0	0	0	0	0	152	0	0	0	512	0	6258	0	532	0	1012	0	5530	0	2090	0	0	0	508	0	0	0	978	0	0	0	278	0	7848	0	0	0	5062	0	32238	0	0	0	10200	0	0	0	0	0	0	0	0	0	0	0	0	0	0	0	0	0	0	0	0	0	0	0	0	0	0	0	
162388	Temporal_Sup_R	0	5242	0	472	0	0	0	0	0	0	0	214	0	0	0	0	0	4234	0	408	0	0	0	0	0	0	0	0	0	12658	0	0	0	138	192	226	132	1322	0	138	0	0	0	136	0	0	0	0	0	0	0	234	0	0	0	3268	0	3248	0	0	0	626	0	6142	0	3400	0	228	0	0	0	0	0	1230	0	0	130	928	0	6880	0	0	0	2348	0	16576	0	232	0	10212	0	0	0	0	0	0	0	0	0	0	0	0	0	0	0	0	0	0	0	0	0	0	0	0	0	0	
93416	Temporal_Pole_Sup_L	0	0	252	0	1602	0	0	0	594	0	0	0	422	0	2828	0	488	0	132	0	582	0	0	0	0	0	190	0	4632	0	0	0	0	0	0	0	1142	0	456	0	782	0	0	0	0	0	0	0	0	0	0	0	0	0	2386	0	0	0	0	0	0	0	0	0	0	0	0	0	0	0	308	0	1072	0	0	0	0	0	0	0	5062	0	0	0	9822	0	2870	0	11086	0	0	0	0	0	0	0	0	0	0	0	0	0	0	0	0	0	0	0	0	0	0	0	0	0	0	0	
85436	Temporal_Pole_Sup_R	0	0	0	0	0	0	0	0	0	0	0	0	0	0	0	954	0	0	0	0	0	238	0	0	0	0	0	0	0	1194	0	0	0	0	0	0	0	1812	0	5106	0	4556	0	0	0	0	0	0	0	0	0	0	0	0	0	7930	0	0	0	0	0	0	0	0	0	0	0	0	0	0	0	0	0	340	0	0	0	0	0	0	0	2348	0	0	0	4424	0	6448	0	6592	0	196	0	0	0	0	0	334	0	246	0	0	0	0	0	0	0	0	0	0	0	0	0	0	0	0	
395780	Temporal_Mid_L	3680	0	1752	354	0	0	810	0	0	0	214	0	0	0	0	0	3646	0	998	244	0	0	0	0	0	0	0	0	10674	0	0	0	194	0	774	524	5672	514	324	124	0	0	4646	0	4136	0	284	0	1560	0	21922	0	4146	0	1680	0	3964	0	1094	0	2120	0	9672	0	10882	0	3688	0	2702	0	0	0	860	0	190	0	1948	172	5964	0	32238	0	9822	0	0	0	2266	0	41436	0	0	0	0	0	0	0	0	0	0	0	0	0	0	0	0	0	0	0	0	0	0	0	0	0	0	0	
291008	Temporal_Mid_R	0	5634	0	330	0	0	0	170	0	0	0	436	0	0	0	0	0	476	0	1312	0	0	0	0	0	0	0	0	0	6326	0	0	0	2432	274	1080	140	1968	0	356	0	346	0	8628	0	5424	0	994	0	5606	0	11418	0	2504	0	3852	0	2012	0	268	0	3394	0	2404	0	6924	0	6944	0	1030	0	0	0	296	0	0	130	1070	0	916	0	16576	0	4424	0	0	0	2970	0	36298	0	0	0	0	0	0	0	142	0	0	0	0	0	0	0	0	0	0	0	0	0	0	0	0	0	0	
17024	Temporal_Pole_Mid_L	0	0	0	0	0	0	0	0	0	0	0	0	0	0	0	0	0	0	0	0	0	0	0	0	0	0	0	0	120	0	0	0	0	0	0	0	0	0	268	0	124	0	0	0	0	0	0	0	0	0	0	0	0	0	816	0	0	0	0	0	0	0	0	0	0	0	0	0	0	0	0	0	0	0	0	0	0	0	0	0	0	0	2870	0	2266	0	0	0	2048	0	0	0	0	0	0	0	0	0	0	0	0	0	0	0	0	0	0	0	0	0	0	0	0	0	0	0	
42324	Temporal_Pole_Mid_R	0	0	0	0	0	0	0	0	0	0	0	0	0	0	0	0	0	0	0	0	0	0	0	0	0	0	0	0	0	0	0	0	0	0	0	0	0	206	0	2508	0	1030	0	0	0	0	0	0	0	0	0	0	0	0	0	3550	0	0	0	0	0	0	0	0	0	0	0	0	0	0	0	0	0	0	0	0	0	0	0	0	0	232	0	6448	0	2970	0	0	0	4218	0	0	0	0	0	0	0	0	0	0	0	0	0	0	0	0	0	0	0	0	0	0	0	0	0	0	
298896	Temporal_Inf_L	1528	0	1908	220	0	0	526	0	0	0	150	0	0	0	0	0	748	0	1542	208	0	0	0	0	0	0	0	0	8504	0	0	0	0	0	438	500	12430	492	2128	126	1740	0	1430	0	1024	0	734	0	284	0	5494	0	5058	0	17814	0	1032	0	222	0	752	0	2512	0	422	0	1248	0	912	0	0	0	3952	0	174	0	1036	194	1772	0	10200	0	11086	0	41436	0	2048	0	0	0	4302	0	362	0	0	0	174	0	586	0	0	0	0	0	0	0	0	0	0	0	0	0	0	0	0	0	
390940	Temporal_Inf_R	0	6282	0	1842	0	0	0	622	0	0	0	896	0	0	0	0	0	854	0	1584	0	0	0	0	0	0	0	0	0	11894	0	0	0	1260	592	2512	262	15414	0	3662	0	1258	0	12282	0	3800	0	1494	0	3316	0	4660	0	10258	0	21662	0	2570	0	0	0	1036	0	532	0	900	0	9202	0	432	0	0	166	2318	0	122	216	2114	0	1872	0	10212	0	6592	0	36298	0	4218	0	0	0	3884	0	694	0	320	0	2218	0	2654	0	0	0	494	0	0	0	0	0	0	0	0	0	0	0	0	
538568	Cerebelum_Crus1_L	0	0	0	0	0	0	0	0	0	0	0	0	0	0	0	0	0	0	0	0	0	0	0	0	0	0	0	0	210	0	0	0	0	0	0	0	746	316	186	624	0	224	540	0	0	0	7838	4606	0	0	162	0	1504	542	21124	2244	0	0	0	0	0	0	0	0	0	0	0	0	0	0	0	0	142	0	0	0	0	0	0	0	0	0	0	0	0	0	0	0	4302	0	0	4884	30590	2844	2752	1624	22782	3276	53910	10256	16286	1236	22058	6050	2646	1718	162	226	968	2582	8236	13742	10728	2858	1342	218	
508516	Cerebelum_Crus1_R	0	0	0	0	0	0	0	0	0	0	0	0	0	0	0	0	0	0	0	0	0	0	0	0	0	0	0	0	0	0	0	0	0	0	0	0	0	1778	0	2674	0	756	0	0	0	0	1898	7866	0	0	164	0	254	260	1690	18320	0	0	0	0	0	0	0	0	0	0	0	0	0	0	0	0	0	0	0	0	0	0	0	0	0	0	0	196	0	0	0	0	0	3884	4884	0	1606	36956	358	4986	1660	20970	5554	58150	876	10646	1766	32902	388	3590	0	568	516	2126	5696	10070	8414	1370	466	0	
306368	Cerebelum_Crus2_L	0	0	0	0	0	0	0	0	0	0	0	0	0	0	0	0	0	0	0	0	0	0	0	0	0	0	0	0	0	0	0	0	0	0	0	0	0	182	0	260	0	128	0	0	0	0	206	0	0	0	0	0	0	0	938	214	0	0	0	0	0	0	0	0	0	0	0	0	0	0	0	0	0	0	0	0	0	0	0	0	0	0	0	0	0	0	0	0	362	0	30590	1606	0	10296	282	640	704	510	4366	2018	33860	5892	29700	7422	3918	528	0	0	340	524	206	1996	10884	4198	414	0	
319732	Cerebelum_Crus2_R	0	0	0	0	0	0	0	0	0	0	0	0	0	0	0	0	0	0	0	0	0	0	0	0	0	0	0	0	0	0	0	0	0	0	0	0	0	278	0	400	0	0	0	0	0	0	0	0	0	0	0	0	0	0	0	816	0	0	0	0	0	0	0	0	0	0	0	0	0	0	0	0	0	0	0	0	0	0	0	0	0	0	0	0	0	0	0	0	0	694	2844	36956	10296	0	0	470	130	1350	196	5406	3598	27560	4260	43102	0	3918	0	300	0	210	198	386	11562	4524	412	0	
64304	Cerebelum_3_L	0	0	0	0	0	0	0	0	0	0	0	0	0	0	0	0	0	0	0	0	0	0	0	0	0	0	0	0	0	0	0	0	0	0	0	0	0	0	0	0	0	0	0	0	0	0	0	432	0	0	0	0	0	0	314	172	0	0	0	0	0	0	0	0	0	0	0	0	0	0	0	0	0	0	0	0	0	0	0	0	0	0	0	0	0	0	0	0	0	0	2752	358	282	0	0	178	8552	328	5238	988	336	0	1954	136	1062	250	0	0	880	2722	1240	1674	1564	312	228	200	
102428	Cerebelum_3_R	0	0	0	0	0	0	0	0	0	0	0	0	0	0	0	0	0	0	0	0	0	0	0	0	0	0	0	0	0	0	0	0	0	0	0	0	0	382	0	476	0	206	0	0	0	0	0	482	0	0	0	0	0	0	0	842	0	0	0	0	0	0	0	0	0	0	0	0	0	0	0	0	0	0	0	0	0	0	0	0	0	0	0	0	0	0	0	0	0	320	1624	4986	640	470	178	0	1170	7222	924	9086	500	0	1310	1862	460	1228	0	0	2790	6486	1230	2130	2202	1080	742	186	
333640	Cerebelum_4_5_L	0	0	0	0	0	0	0	0	0	0	0	0	0	0	0	0	0	0	0	0	0	0	0	0	0	0	0	0	128	0	0	0	0	0	0	0	562	0	548	188	126	0	1562	0	0	0	10520	6714	0	0	604	0	350	622	13832	2292	0	0	0	0	0	0	0	0	0	0	0	0	0	0	0	0	0	0	0	0	0	0	0	0	0	0	0	0	0	0	0	0	174	0	22782	1660	704	130	8552	1170	0	4472	37208	6464	1178	0	3782	450	2746	1034	242	0	798	4074	18270	6878	3056	864	792	1292	
303104	Cerebelum_4_5_R	0	0	0	0	0	0	0	0	0	0	0	0	0	0	0	0	0	0	0	0	0	0	0	0	0	0	0	0	0	0	0	0	0	0	0	0	138	5040	0	7704	0	1768	0	132	0	0	1084	7856	0	0	0	0	0	940	1752	15880	0	0	0	0	0	0	0	0	0	0	0	186	0	0	0	0	0	146	0	0	0	0	0	0	0	0	0	334	0	142	0	0	0	2218	3276	20970	510	1350	328	7222	4472	0	4754	33918	164	268	508	3950	176	458	0	170	728	3912	13568	3358	1638	282	252	0	
485780	Cerebelum_6_L	0	0	0	0	0	0	0	0	0	0	0	0	0	0	0	0	0	0	0	0	0	0	0	0	0	0	0	0	0	0	0	0	0	0	0	0	258	0	238	320	0	0	976	0	0	0	13048	8548	0	0	410	0	994	950	27834	3310	0	0	0	0	0	0	0	0	0	0	0	0	0	0	0	0	0	0	0	0	0	0	0	0	0	0	0	0	0	0	0	0	586	0	53910	5554	4366	196	5238	924	37208	4754	0	12498	4866	154	8318	854	1904	932	136	0	526	2444	14264	18314	5794	788	880	596	
530928	Cerebelum_6_R	0	0	0	0	0	0	0	0	0	0	0	0	0	0	0	0	0	0	0	0	0	0	0	0	0	0	0	0	0	0	0	0	0	0	0	0	0	2810	0	3906	0	966	0	124	0	0	2428	14726	0	0	216	0	258	2348	3162	26070	0	0	0	0	0	0	0	0	0	0	0	0	0	0	0	0	0	154	0	0	0	0	0	0	0	0	0	246	0	0	0	0	0	2654	10256	58150	2018	5406	988	9086	6464	33918	12498	0	614	2188	1570	10568	658	916	0	412	1708	5486	14346	18958	7454	954	500	280	
243980	Cerebelum_7b_L	0	0	0	0	0	0	0	0	0	0	0	0	0	0	0	0	0	0	0	0	0	0	0	0	0	0	0	0	0	0	0	0	0	0	0	0	0	0	0	0	0	0	0	0	0	0	0	0	0	0	0	0	0	0	1272	0	0	0	0	0	0	0	0	0	0	0	0	0	0	0	0	0	0	0	0	0	0	0	0	0	0	0	0	0	0	0	0	0	0	0	16286	876	33860	3598	336	500	1178	164	4866	614	0	2358	32510	4614	5700	578	446	0	300	566	182	1140	5682	3952	412	0	
193312	Cerebelum_7b_R	0	0	0	0	0	0	0	0	0	0	0	0	0	0	0	0	0	0	0	0	0	0	0	0	0	0	0	0	0	0	0	0	0	0	0	0	0	0	0	0	0	0	0	0	0	0	0	0	0	0	0	0	0	0	0	262	0	0	0	0	0	0	0	0	0	0	0	0	0	0	0	0	0	0	0	0	0	0	0	0	0	0	0	0	0	0	0	0	0	0	1236	10646	5892	27560	0	0	0	268	154	2188	2358	0	2426	29902	0	4542	0	0	0	0	0	288	6006	2928	0	0	
357600	Cerebelum_8_L	0	0	0	0	0	0	0	0	0	0	0	0	0	0	0	0	0	0	0	0	0	0	0	0	0	0	0	0	0	0	0	0	0	0	0	0	0	0	0	140	0	0	0	0	0	0	0	164	0	0	0	0	0	0	1102	166	0	0	0	0	0	0	0	0	0	0	0	0	0	0	0	0	0	0	0	0	0	0	0	0	0	0	0	0	0	0	0	0	0	0	22058	1766	29700	4260	1954	1310	3782	508	8318	1570	32510	2426	0	8016	17944	4052	2148	198	866	1198	552	4350	12862	10056	4252	572	
398408	Cerebelum_8_R	0	0	0	0	0	0	0	0	0	0	0	0	0	0	0	0	0	0	0	0	0	0	0	0	0	0	0	0	0	0	0	0	0	0	0	0	0	778	0	1234	0	310	0	0	0	0	0	176	0	0	0	0	0	0	0	2056	0	0	0	0	0	0	0	0	0	0	0	0	0	0	0	0	0	0	0	0	0	0	0	0	0	0	0	0	0	0	0	0	0	494	6050	32902	7422	43102	136	1862	450	3950	854	10568	4614	29902	8016	0	520	16486	0	1380	742	1184	590	2320	12016	6924	2036	130	
115980	Cerebelum_9_L	0	0	0	0	0	0	0	0	0	0	0	0	0	0	0	0	0	0	0	0	0	0	0	0	0	0	0	0	0	0	0	0	0	0	0	0	0	0	0	128	0	0	0	0	0	0	0	0	0	0	0	0	0	0	0	126	0	0	0	0	0	0	0	0	0	0	0	0	0	0	0	0	0	0	0	0	0	0	0	0	0	0	0	0	0	0	0	0	0	0	2646	388	3918	0	1062	460	2746	176	1904	658	5700	0	17944	520	0	2526	3584	0	308	334	260	1470	3434	3582	3318	798	
137688	Cerebelum_9_R	0	0	0	0	0	0	0	0	0	0	0	0	0	0	0	0	0	0	0	0	0	0	0	0	0	0	0	0	0	0	0	0	0	0	0	0	0	0	0	144	0	0	0	0	0	0	0	0	0	0	0	0	0	0	0	140	0	0	0	0	0	0	0	0	0	0	0	0	0	0	0	0	0	0	0	0	0	0	0	0	0	0	0	0	0	0	0	0	0	0	1718	3590	528	3918	250	1228	1034	458	932	916	578	4542	4052	16486	2526	0	286	1914	1124	764	940	2754	4204	5086	6758	1974	
17420	Cerebelum_10_L	0	0	0	0	0	0	0	0	0	0	0	0	0	0	0	0	0	0	0	0	0	0	0	0	0	0	0	0	0	0	0	0	0	0	0	0	0	0	0	0	0	0	0	0	0	0	0	0	0	0	0	0	0	0	0	0	0	0	0	0	0	0	0	0	0	0	0	0	0	0	0	0	0	0	0	0	0	0	0	0	0	0	0	0	0	0	0	0	0	0	162	0	0	0	0	0	242	0	136	0	446	0	2148	0	3584	286	0	0	0	0	0	0	574	572	560	0	
12544	Cerebelum_10_R	0	0	0	0	0	0	0	0	0	0	0	0	0	0	0	0	0	0	0	0	0	0	0	0	0	0	0	0	0	0	0	0	0	0	0	0	0	0	0	0	0	0	0	0	0	0	0	0	0	0	0	0	0	0	0	0	0	0	0	0	0	0	0	0	0	0	0	0	0	0	0	0	0	0	0	0	0	0	0	0	0	0	0	0	0	0	0	0	0	0	226	568	0	300	0	0	0	170	0	412	0	0	198	1380	0	1914	0	0	0	0	0	122	294	166	522	0	
47136	Vermis_1_2	0	0	0	0	0	0	0	0	0	0	0	0	0	0	0	0	0	0	0	0	0	0	0	0	0	0	0	0	0	0	0	0	0	0	0	0	0	0	0	0	0	0	0	0	0	0	0	0	0	0	0	0	0	0	0	0	0	0	0	0	0	0	0	0	0	0	0	0	0	0	0	0	0	0	0	0	0	0	0	0	0	0	0	0	0	0	0	0	0	0	968	516	340	0	880	2790	798	728	526	1708	300	0	866	742	308	1124	0	0	0	6088	898	1226	1324	652	608	178	
102180	Vermis_3	0	0	0	0	0	0	0	0	0	0	0	0	0	0	0	0	0	0	0	0	0	0	0	0	0	0	0	0	0	0	0	0	0	0	0	0	226	278	196	188	0	0	0	0	0	0	196	376	0	0	0	0	0	0	140	138	0	0	0	0	0	0	0	0	0	0	0	0	0	0	0	0	0	0	0	0	326	642	0	0	0	0	0	0	0	0	0	0	0	0	2582	2126	524	210	2722	6486	4074	3912	2444	5486	566	0	1198	1184	334	764	0	0	6088	0	3024	1922	1804	590	344	0	
