data	data	509212	294208	584932	615552	80940	51616	547496	274636	56112	19636	288440	286360	255996	210504	115384	72476	226156	134628	553364	947772	74100	73384	388712	329056	49136	67216	43708	37444	562236	483972	304660	461892	146804	630488	84264	121288	224800	248368	68320	214140	36348	50904	210428	326260	138756	245804	241284	263072	190284	229800	478136	200392	241644	125376	346796	424756	443676	210176	271840	123492	281436	67148	135656	79436	175788	86304	337136	344816	313664	239832	309780	430768	267692	401536	49132	27256	129808	209892	105672	16768	212340	102680	111860	57436	324372	215160	29776	22928	389916	163196	528576	472152	381064	276184	42944	53180	314488	197696	499512	457260	285336	133016	402492	321080	213756	185900	14144	28856	31372	82196	244220	226888	201024	175128	143172	75692	
data	data	Precentral_L	Precentral_R	Frontal_Sup_L	Frontal_Sup_R	Frontal_Sup_Orb_L	Frontal_Sup_Orb_R	Frontal_Mid_L	Frontal_Mid_R	Frontal_Mid_Orb_L	Frontal_Mid_Orb_R	Frontal_Inf_Oper_L	Frontal_Inf_Oper_R	Frontal_Inf_Tri_L	Frontal_Inf_Tri_R	Frontal_Inf_Orb_L	Frontal_Inf_Orb_R	Rolandic_Oper_L	Rolandic_Oper_R	Supp_Motor_Area_L	Supp_Motor_Area_R	Olfactory_L	Olfactory_R	Frontal_Sup_Medial_L	Frontal_Sup_Medial_R	Frontal_Med_Orb_L	Frontal_Med_Orb_R	Rectus_L	Rectus_R	Insula_L	Insula_R	Cingulum_Ant_L	Cingulum_Ant_R	Cingulum_Mid_L	Cingulum_Mid_R	Cingulum_Post_L	Cingulum_Post_R	Hippocampus_L	Hippocampus_R	ParaHippocampal_L	ParaHippocampal_R	Amygdala_L	Amygdala_R	Calcarine_L	Calcarine_R	Cuneus_L	Cuneus_R	Lingual_L	Lingual_R	Occipital_Sup_L	Occipital_Sup_R	Occipital_Mid_L	Occipital_Mid_R	Occipital_Inf_L	Occipital_Inf_R	Fusiform_L	Fusiform_R	Postcentral_L	Postcentral_R	Parietal_Sup_L	Parietal_Sup_R	Parietal_Inf_L	Parietal_Inf_R	SupraMarginal_L	SupraMarginal_R	Angular_L	Angular_R	Precuneus_L	Precuneus_R	Paracentral_Lobule_L	Paracentral_Lobule_R	Caudate_L	Caudate_R	Putamen_L	Putamen_R	Pallidum_L	Pallidum_R	Thalamus_L	Thalamus_R	Heschl_L	Heschl_R	Temporal_Sup_L	Temporal_Sup_R	Temporal_Pole_Sup_L	Temporal_Pole_Sup_R	Temporal_Mid_L	Temporal_Mid_R	Temporal_Pole_Mid_L	Temporal_Pole_Mid_R	Temporal_Inf_L	Temporal_Inf_R	Cerebelum_Crus1_L	Cerebelum_Crus1_R	Cerebelum_Crus2_L	Cerebelum_Crus2_R	Cerebelum_3_L	Cerebelum_3_R	Cerebelum_4_5_L	Cerebelum_4_5_R	Cerebelum_6_L	Cerebelum_6_R	Cerebelum_7b_L	Cerebelum_7b_R	Cerebelum_8_L	Cerebelum_8_R	Cerebelum_9_L	Cerebelum_9_R	Cerebelum_10_L	Cerebelum_10_R	Vermis_1_2	Vermis_3	Vermis_4_5	Vermis_6	Vermis_7	Vermis_8	Vermis_9	Vermis_10	
509212	Precentral_L	0	1706	13906	1794	0	0	26670	186	0	0	17082	768	3632	492	0	128	14456	0	7776	10052	0	0	1554	240	0	0	0	0	15430	910	798	112	210	7894	0	92	6912	0	174	0	0	0	0	110	0	106	0	0	0	0	1258	0	1198	0	1180	0	33690	1420	1056	140	4546	0	5430	0	1190	0	770	690	23742	4208	4616	1302	5454	84	3004	0	9922	730	6204	0	4428	0	504	0	1812	164	0	0	2354	0	102	0	0	0	0	0	0	0	86	0	0	0	0	0	0	0	0	0	0	132	0	0	0	0	0	0	
294208	Precentral_R	1706	0	0	13738	0	0	132	9826	0	0	0	5128	0	0	0	0	0	3978	1340	15564	0	0	0	0	0	0	0	0	122	9060	0	0	424	7340	0	540	102	1850	0	384	0	0	0	816	0	134	0	194	0	0	0	440	0	1278	0	894	0	21370	0	386	0	258	0	1212	0	206	0	2166	1484	8342	1804	1166	248	2732	376	0	2548	16898	0	632	0	1752	0	0	0	5362	0	0	0	3172	0	0	0	0	0	0	0	0	0	0	0	0	0	0	0	0	0	0	0	0	0	0	0	0	0	0	
584932	Frontal_Sup_L	13906	0	0	2158	4332	0	73382	200	2268	0	14916	308	15132	146	3014	0	6240	0	31562	4446	0	0	42766	4506	1160	0	538	0	23330	298	16338	2226	5100	1656	0	0	1248	0	0	0	0	0	0	0	0	0	0	0	0	0	0	0	0	0	682	0	3470	0	0	0	156	0	200	0	0	0	0	0	340	0	2754	490	7312	0	178	0	752	116	958	0	1636	0	2148	0	0	0	0	0	98	0	0	0	0	0	0	0	0	0	0	0	0	0	0	0	0	0	0	0	0	0	0	0	0	0	0	0	
615552	Frontal_Sup_R	1794	13738	2158	0	0	1606	1784	30856	0	688	0	17090	0	9938	0	1208	0	8618	9374	45716	0	0	10736	29352	316	2106	0	0	260	20892	2720	18486	1178	14848	0	0	242	3462	0	2122	0	0	0	0	0	0	0	0	0	0	0	0	0	0	0	1642	168	972	0	92	0	0	0	396	0	188	0	192	100	98	5290	13758	294	13342	86	1642	1268	15174	0	114	0	342	0	746	0	168	0	0	0	0	0	0	0	0	0	0	0	150	0	266	0	0	0	0	0	0	0	0	0	0	0	0	0	0	0	0	
80940	Frontal_Sup_Orb_L	0	0	4332	0	0	0	994	0	7512	0	0	0	154	0	6578	0	0	0	0	0	1262	420	2056	0	3052	0	4558	0	2352	0	2704	0	0	0	0	0	0	0	0	0	212	0	0	0	0	0	0	0	0	0	0	0	0	0	0	0	0	0	0	0	0	0	0	0	0	0	0	0	0	0	902	398	2790	0	0	0	0	0	0	0	0	0	194	0	0	0	0	0	0	0	0	0	0	0	0	0	0	0	0	0	0	0	0	0	0	0	0	0	0	0	0	0	0	0	0	0	
51616	Frontal_Sup_Orb_R	0	0	0	1606	0	0	0	642	0	1580	0	0	0	0	0	1874	0	0	0	0	0	800	96	1786	694	5872	0	5432	0	640	182	2764	0	0	0	0	0	0	0	0	0	0	0	0	0	0	0	0	0	0	0	0	0	0	0	0	0	0	0	0	0	0	0	0	0	0	0	0	0	0	0	1068	0	772	0	0	0	0	0	0	0	0	0	0	0	0	0	0	0	0	0	0	0	0	0	0	0	0	0	0	0	0	0	0	0	0	0	0	0	0	0	0	0	0	0	0	
547496	Frontal_Mid_L	26670	132	73382	1784	994	0	0	116	4500	0	9796	766	31210	504	9584	134	1914	0	11754	3260	0	0	23076	1346	0	0	0	0	21620	898	9470	690	2912	826	0	0	2358	0	82	0	0	0	0	0	0	0	0	0	0	0	0	0	0	0	0	0	5376	0	0	0	386	0	504	0	0	0	0	0	2414	0	6082	1264	10056	0	1874	0	2200	344	2116	0	698	0	564	0	0	0	0	0	0	0	0	0	0	0	0	0	0	0	0	0	0	0	0	0	0	0	0	0	0	92	0	0	0	0	0	0	
274636	Frontal_Mid_R	186	9826	200	30856	0	642	116	0	0	742	0	14060	0	11388	0	1934	0	3604	3392	8290	0	0	1540	5608	0	0	0	0	0	11592	152	4874	286	4912	0	0	0	148	0	86	0	0	0	0	0	0	0	0	0	0	0	0	0	0	0	140	0	830	0	0	0	0	0	344	0	288	0	116	0	0	576	6756	0	12730	114	376	0	232	0	0	0	206	0	0	0	176	0	0	0	0	0	0	0	0	0	0	0	0	0	0	0	0	0	0	0	0	0	0	0	0	0	0	0	0	0	0	
56112	Frontal_Mid_Orb_L	0	0	2268	0	7512	0	4500	0	0	0	0	0	1818	0	8712	0	0	0	0	0	0	0	0	0	104	0	1166	0	812	0	0	0	0	0	0	0	0	0	0	0	0	0	0	0	0	0	0	0	0	0	0	0	0	0	0	0	0	0	0	0	0	0	0	0	0	0	0	0	0	0	0	0	1164	0	0	0	0	0	0	0	0	0	0	0	0	0	0	0	0	0	0	0	0	0	0	0	0	0	0	0	0	0	0	0	0	0	0	0	0	0	0	0	0	0	0	0	
19636	Frontal_Mid_Orb_R	0	0	0	688	0	1580	0	742	0	0	0	0	0	202	0	1922	0	0	0	0	0	0	0	722	0	744	0	596	0	0	0	1058	0	0	0	0	0	0	0	0	0	0	0	0	0	0	0	0	0	0	0	0	0	0	0	0	0	0	0	0	0	0	0	0	0	0	0	0	0	0	0	1210	0	354	0	0	0	0	0	0	0	0	0	0	0	0	0	0	0	0	0	0	0	0	0	0	0	0	0	0	0	0	0	0	0	0	0	0	0	0	0	0	0	0	0	0	
288440	Frontal_Inf_Oper_L	17082	0	14916	0	0	0	9796	0	0	0	0	0	18358	0	246	0	12932	0	6860	1166	0	0	3172	112	0	0	0	0	24934	0	1632	136	172	0	0	0	1522	0	0	0	0	0	0	0	0	0	0	0	0	0	210	0	114	0	1296	0	10632	0	246	0	1600	0	1126	0	194	0	184	0	434	0	1194	0	1808	0	0	0	82	0	958	0	3816	0	5534	0	696	0	0	0	1060	0	0	0	0	0	0	0	0	0	0	0	0	0	0	0	0	0	0	0	0	0	0	0	0	0	0	0	
286360	Frontal_Inf_Oper_R	768	5128	308	17090	0	0	766	14060	0	0	0	0	0	16244	0	282	0	7328	2742	15290	0	0	1168	3870	0	0	0	0	0	26798	572	3006	0	4080	0	0	0	294	0	182	0	0	0	0	0	0	0	0	0	0	0	0	0	0	0	142	0	1032	0	0	0	0	0	0	0	0	0	0	0	0	3458	9200	0	7928	0	0	0	0	0	80	0	216	0	1148	0	0	0	0	0	0	0	0	0	0	0	0	0	0	0	0	0	0	0	0	0	0	0	0	0	0	0	0	0	0	0	0	
255996	Frontal_Inf_Tri_L	3632	0	15132	0	154	0	31210	0	1818	0	18358	0	0	0	7248	0	3554	0	4322	868	0	0	5322	112	0	0	0	0	21234	0	3234	112	802	0	0	0	882	0	0	0	0	0	0	0	0	0	0	0	0	0	0	0	0	0	534	0	842	0	0	0	0	0	0	0	0	0	0	0	0	0	1868	116	3116	0	0	0	0	84	0	0	1136	0	1996	0	0	0	0	0	312	0	0	0	0	0	0	0	0	0	0	0	0	0	0	0	0	0	0	0	0	0	0	0	0	0	0	0	
210504	Frontal_Inf_Tri_R	492	0	146	9938	0	0	504	11388	0	202	0	16244	0	0	0	3552	0	666	2650	8900	0	0	706	3166	0	0	0	0	0	19434	786	4040	0	4190	0	0	0	166	0	128	0	0	0	0	0	0	0	0	0	0	0	0	0	0	0	116	0	0	0	0	0	0	0	0	0	0	0	0	0	0	3376	8764	0	5552	0	0	0	0	0	0	0	0	0	146	0	0	0	0	0	0	0	0	0	0	0	0	0	0	0	0	0	0	0	0	0	0	0	0	0	0	0	0	0	0	0	0	
115384	Frontal_Inf_Orb_L	0	0	3014	0	6578	0	9584	0	8712	0	246	0	7248	0	0	0	0	0	88	190	1892	156	386	0	0	0	850	0	9522	0	430	0	0	0	0	0	310	0	370	0	518	0	0	0	0	0	0	0	0	0	0	0	0	0	0	0	0	0	0	0	0	0	0	0	0	0	0	0	0	0	998	94	5194	0	0	0	0	0	0	0	0	0	1312	0	0	0	0	0	0	0	0	0	0	0	0	0	0	0	0	0	0	0	0	0	0	0	0	0	0	0	0	0	0	0	0	0	
72476	Frontal_Inf_Orb_R	128	0	0	1208	0	1874	134	1934	0	1922	0	282	0	3552	0	0	0	0	0	422	0	1364	0	362	0	84	0	1070	0	7428	166	2496	0	0	0	0	0	0	0	226	0	0	0	0	0	0	0	0	0	0	0	0	0	0	0	0	0	0	0	0	0	0	0	0	0	0	0	0	0	0	1308	5760	0	4316	0	0	0	0	0	0	0	0	0	202	0	0	0	0	0	0	0	0	0	0	0	0	0	0	0	0	0	0	0	0	0	0	0	0	0	0	0	0	0	0	0	0	
226156	Rolandic_Oper_L	14456	0	6240	0	0	0	1914	0	0	0	12932	0	3554	0	0	0	0	0	6002	594	0	0	0	0	0	0	0	0	20750	0	0	0	0	118	0	0	1256	0	0	0	0	0	0	0	0	0	0	0	0	0	0	0	0	0	926	0	15066	0	704	0	2482	0	4930	0	944	0	462	0	1162	0	584	0	550	0	0	0	0	0	2862	0	8546	0	4850	0	322	0	0	0	872	0	0	0	0	0	0	0	0	0	0	0	0	0	0	0	0	0	0	0	0	0	0	0	0	0	0	0	
134628	Rolandic_Oper_R	0	3978	0	8618	0	0	0	3604	0	0	0	7328	0	666	0	0	0	0	530	7784	0	0	0	0	0	0	0	0	0	17684	0	0	0	228	0	0	0	596	0	202	0	0	0	0	0	0	0	0	0	0	0	0	0	0	0	252	0	3930	0	96	0	0	0	2352	0	298	0	254	0	0	0	524	0	1684	0	0	0	476	0	2014	0	2668	0	1078	0	312	0	0	0	158	0	0	0	0	0	0	0	0	0	0	0	0	0	0	0	0	0	0	0	0	0	0	0	0	0	0	
553364	Supp_Motor_Area_L	7776	1340	31562	9374	0	0	11754	3392	0	0	6860	2742	4322	2650	88	0	6002	530	0	49362	0	0	9832	6384	0	0	0	0	12848	2920	6816	14482	8028	39324	462	328	2528	0	0	0	0	0	0	0	0	0	0	0	0	0	0	0	0	0	1150	0	2194	318	0	0	0	0	0	0	0	0	420	246	4922	2422	3002	4150	4322	2310	1054	0	4524	778	356	0	1276	0	728	96	0	300	0	0	328	80	0	0	0	0	0	0	0	0	0	0	0	0	0	0	0	0	0	0	0	0	0	0	0	0	0	0	
947772	Supp_Motor_Area_R	10052	15564	4446	45716	0	0	3260	8290	0	0	1166	15290	868	8900	190	422	594	7784	49362	0	0	0	3838	10218	0	0	0	0	4832	21896	2988	18590	5776	78044	284	1318	1064	4114	0	2602	0	0	0	994	0	490	0	304	0	0	0	304	228	648	1114	2710	474	4124	0	342	0	0	0	110	0	0	0	3072	9502	19390	13744	27312	5134	23940	1020	1852	6740	16124	0	0	688	330	444	874	0	2102	0	0	486	1244	0	0	0	0	0	0	0	166	0	412	0	0	0	0	0	0	0	0	0	0	0	0	0	0	0	0	
74100	Olfactory_L	0	0	0	0	1262	0	0	0	0	0	0	0	0	0	1892	0	0	0	0	0	0	4816	0	0	572	0	2302	0	2280	134	3840	2016	0	0	0	0	388	0	788	0	934	0	0	0	0	0	0	0	0	0	0	0	0	0	0	0	0	0	0	0	0	0	0	0	0	0	0	0	0	0	6754	4300	2448	1088	0	0	0	0	0	0	0	0	1236	0	0	0	0	0	0	0	0	0	0	0	0	0	0	0	0	0	0	0	0	0	0	0	0	0	0	0	0	0	0	0	0	0	
73384	Olfactory_R	0	0	0	0	420	800	0	0	0	0	0	0	0	0	156	1364	0	0	0	0	4816	0	0	0	214	354	1624	1548	0	1940	2322	2484	0	0	0	0	0	112	0	492	0	568	0	0	0	0	0	0	0	0	0	0	0	0	0	0	0	0	0	0	0	0	0	0	0	0	0	0	0	0	5548	7074	2428	1590	300	332	0	0	0	0	0	0	0	206	0	0	0	0	0	0	0	0	0	0	0	0	0	0	0	0	0	0	0	0	0	0	0	0	0	0	0	0	0	0	0	0	
388712	Frontal_Sup_Medial_L	1554	0	42766	10736	2056	96	23076	1540	0	0	3172	1168	5322	706	386	0	0	0	9832	3838	0	0	0	24400	2900	1184	134	0	2746	654	22312	17308	4642	8418	0	0	0	0	0	0	0	0	0	0	0	0	0	0	0	0	0	0	0	0	0	0	0	0	0	0	0	0	0	0	0	0	0	0	0	0	1714	424	1272	0	0	0	0	0	0	0	0	0	0	0	0	0	0	0	0	0	0	0	0	0	0	0	0	0	0	0	0	0	0	0	0	0	0	0	0	0	0	0	0	0	0	0	
329056	Frontal_Sup_Medial_R	240	0	4506	29352	0	1786	1346	5608	0	722	112	3870	112	3166	0	362	0	0	6384	10218	0	0	24400	0	1986	5694	0	334	0	3324	6080	29952	1202	13202	0	0	0	0	0	0	0	0	0	0	0	0	0	0	0	0	0	0	0	0	0	0	0	0	0	0	0	0	0	0	0	0	0	0	0	0	1796	6156	0	2618	0	0	0	0	0	0	0	0	0	0	0	0	0	0	0	0	0	0	0	0	0	0	0	0	0	0	0	0	0	0	0	0	0	0	0	0	0	0	0	0	0	0	
49136	Frontal_Med_Orb_L	0	0	1160	316	3052	694	0	0	104	0	0	0	0	0	0	0	0	0	0	0	572	214	2900	1986	0	3002	1740	96	0	0	4848	2292	0	0	0	0	0	0	0	0	0	0	0	0	0	0	0	0	0	0	0	0	0	0	0	0	0	0	0	0	0	0	0	0	0	0	0	0	0	0	668	278	550	96	0	0	0	0	0	0	0	0	0	0	0	0	0	0	0	0	0	0	0	0	0	0	0	0	0	0	0	0	0	0	0	0	0	0	0	0	0	0	0	0	0	0	
67216	Frontal_Med_Orb_R	0	0	0	2106	0	5872	0	0	0	744	0	0	0	0	0	84	0	0	0	0	0	354	1184	5694	3002	0	0	4830	0	0	1208	7280	0	0	0	0	0	0	0	0	0	0	0	0	0	0	0	0	0	0	0	0	0	0	0	0	0	0	0	0	0	0	0	0	0	0	0	0	0	0	0	1250	0	0	0	0	0	0	0	0	0	0	0	0	0	0	0	0	0	0	0	0	0	0	0	0	0	0	0	0	0	0	0	0	0	0	0	0	0	0	0	0	0	0	0	0	
43708	Rectus_L	0	0	538	0	4558	0	0	0	1166	0	0	0	0	0	850	0	0	0	0	0	2302	1624	134	0	1740	0	0	0	322	0	2994	704	0	0	0	0	0	0	0	0	0	0	0	0	0	0	0	0	0	0	0	0	0	0	0	0	0	0	0	0	0	0	0	0	0	0	0	0	0	0	2250	1598	760	314	0	0	0	0	0	0	0	0	0	0	0	0	0	0	0	0	0	0	0	0	0	0	0	0	0	0	0	0	0	0	0	0	0	0	0	0	0	0	0	0	0	0	
37444	Rectus_R	0	0	0	0	0	5432	0	0	0	596	0	0	0	0	0	1070	0	0	0	0	0	1548	0	334	96	4830	0	0	0	642	84	1700	0	0	0	0	0	0	0	0	0	0	0	0	0	0	0	0	0	0	0	0	0	0	0	0	0	0	0	0	0	0	0	0	0	0	0	0	0	0	0	1688	0	702	0	0	0	0	0	0	0	0	0	0	0	0	0	0	0	0	0	0	0	0	0	0	0	0	0	0	0	0	0	0	0	0	0	0	0	0	0	0	0	0	0	0	
562236	Insula_L	15430	122	23330	260	2352	0	21620	0	812	0	24934	0	21234	0	9522	0	20750	0	12848	4832	2280	0	2746	0	0	0	322	0	0	0	2880	94	702	324	0	0	14908	0	1216	0	2214	0	0	0	0	0	0	0	0	0	372	0	212	0	7520	0	7620	0	1322	0	3486	0	4822	0	714	0	932	0	2926	0	7996	396	18432	0	0	0	2856	326	8766	0	9134	0	8970	0	1990	0	0	0	6008	0	228	0	0	0	0	0	0	0	214	0	0	0	0	0	0	0	0	0	0	144	0	0	0	0	0	0	
483972	Insula_R	910	9060	298	20892	0	640	898	11592	0	0	0	26798	0	19434	0	7428	0	17684	2920	21896	134	1940	654	3324	0	0	0	642	0	0	682	4386	0	4752	0	0	0	5620	0	3558	0	838	0	0	0	0	0	120	0	0	0	0	0	0	0	4676	0	3624	0	252	0	112	0	540	0	260	0	532	0	118	4384	13024	0	32006	0	0	0	3726	0	1896	0	4412	0	1570	0	1002	0	0	0	2236	0	0	0	0	0	0	0	234	0	282	0	0	0	0	0	0	0	0	0	0	0	0	0	0	0	0	
304660	Cingulum_Ant_L	798	0	16338	2720	2704	182	9470	152	0	0	1632	572	3234	786	430	166	0	0	6816	2988	3840	2322	22312	6080	4848	1208	2994	84	2880	682	0	18194	7462	4458	298	0	0	0	0	0	0	0	0	0	0	0	0	0	0	0	0	0	0	0	0	0	132	0	0	0	0	0	0	0	0	0	288	0	0	0	13162	3856	7004	1146	92	0	0	0	0	0	0	0	0	0	0	0	0	0	0	0	0	0	0	0	0	0	0	0	0	0	0	0	0	0	0	0	0	0	0	0	0	0	0	0	0	0	
461892	Cingulum_Ant_R	112	0	2226	18486	0	2764	690	4874	0	1058	136	3006	112	4040	0	2496	0	0	14482	18590	2016	2484	17308	29952	2292	7280	704	1700	94	4386	18194	0	4678	27820	0	180	0	0	0	0	0	0	0	0	0	0	0	0	0	0	0	0	0	0	0	0	0	0	0	0	0	0	0	0	0	0	0	166	0	0	4746	19532	1516	12634	104	88	0	0	0	0	0	0	0	0	0	0	0	0	0	0	0	0	0	0	0	0	0	0	0	0	0	0	0	0	0	0	0	0	0	0	0	0	0	0	0	0	
146804	Cingulum_Mid_L	210	424	5100	1178	0	0	2912	286	0	0	172	0	802	0	0	0	0	0	8028	5776	0	0	4642	1202	0	0	0	0	702	0	7462	4678	0	12766	4116	1314	0	0	0	0	0	0	0	90	250	0	0	0	118	0	442	0	314	0	0	0	114	102	362	0	0	0	0	0	0	0	4684	1248	2510	1040	216	0	142	0	0	0	0	0	0	0	0	0	0	0	0	0	0	0	0	0	0	0	0	0	0	0	0	0	0	0	0	0	0	0	0	0	0	0	0	0	0	0	0	0	0	0	
630488	Cingulum_Mid_R	7894	7340	1656	14848	0	0	826	4912	0	0	0	4080	0	4190	0	0	118	228	39324	78044	0	0	8418	13202	0	0	0	0	324	4752	4458	27820	12766	0	1180	6886	106	506	0	0	0	0	0	1142	0	526	0	376	0	0	80	282	292	504	792	348	210	5992	0	406	0	0	0	0	0	0	706	7826	9220	20844	3364	4880	298	2044	202	0	2252	5422	0	0	0	0	0	0	0	2394	0	0	194	770	0	0	0	0	0	0	0	0	0	0	0	0	0	0	0	0	0	0	0	0	0	0	0	0	0	0	
84264	Cingulum_Post_L	0	0	0	0	0	0	0	0	0	0	0	0	0	0	0	0	0	0	462	284	0	0	0	0	0	0	0	0	0	0	298	0	4116	1180	0	5966	2524	1860	928	698	0	0	2862	0	180	0	574	0	142	0	1556	0	2000	178	2010	892	86	354	0	0	0	0	0	0	0	0	7382	1124	1340	576	0	0	0	0	0	0	0	818	0	0	0	0	0	0	546	0	0	0	960	236	0	0	0	0	0	0	0	0	0	0	0	0	0	0	0	0	0	0	0	0	0	0	0	0	0	0	
121288	Cingulum_Post_R	92	540	0	0	0	0	0	0	0	0	0	0	0	0	0	0	0	0	328	1318	0	0	0	0	0	0	0	0	0	0	0	180	1314	6886	5966	0	1994	3224	458	1236	0	0	82	2118	0	208	0	1884	0	168	0	492	0	1328	0	2282	0	2642	0	2760	0	0	0	0	0	0	1220	12204	462	3832	0	0	0	0	0	0	112	1270	0	0	0	0	0	0	0	1672	0	0	0	2220	0	0	0	0	0	0	0	0	0	0	0	0	0	0	0	0	0	0	0	0	152	0	0	0	0	0	
224800	Hippocampus_L	6912	102	1248	242	0	0	2358	0	0	0	1522	0	882	0	310	0	1256	0	2528	1064	388	0	0	0	0	0	0	0	14908	0	0	0	0	106	2524	1994	0	2006	10966	1172	6396	0	768	0	0	0	2184	150	0	0	0	0	0	0	11674	878	904	0	0	0	0	0	0	0	0	0	1502	492	1826	0	1170	262	8900	94	1844	0	5632	1696	3124	0	3002	0	666	0	0	0	0	0	6022	0	0	0	0	0	108	0	98	0	92	0	0	0	0	0	0	0	0	0	0	428	0	0	0	0	0	0	
248368	Hippocampus_R	0	1850	0	3462	0	0	0	148	0	0	0	294	0	166	0	0	0	596	0	4114	0	112	0	0	0	0	0	0	0	5620	0	0	0	506	1860	3224	2006	0	746	30648	0	8444	0	310	0	0	0	2136	0	0	0	0	0	0	212	26314	0	358	0	0	0	0	0	158	0	272	328	2484	286	756	188	688	138	11814	0	1298	358	5970	0	156	0	480	0	634	0	478	0	0	0	1256	0	178	0	0	0	0	0	1818	0	1144	0	0	0	0	0	0	0	0	0	0	176	0	0	0	0	0	
68320	ParaHippocampal_L	174	0	0	0	0	0	82	0	0	0	0	0	0	0	370	0	0	0	0	0	788	0	0	0	0	0	0	0	1216	0	0	0	0	0	928	458	10966	746	0	614	2076	0	536	0	0	0	2924	166	0	0	0	0	0	0	3992	386	0	0	0	0	0	0	0	0	0	0	1070	356	94	0	0	0	710	0	0	0	1384	650	0	0	0	0	1684	0	0	0	704	0	210	0	0	0	0	0	194	0	322	0	0	0	0	0	0	0	0	0	0	0	100	260	0	0	0	0	0	0	
214140	ParaHippocampal_R	0	384	0	2122	0	0	0	86	0	0	0	182	0	128	0	226	0	202	0	2602	0	492	0	0	0	0	0	0	0	3558	0	0	0	0	698	1236	1172	30648	614	0	0	7544	0	0	0	0	0	4122	0	0	0	0	0	0	0	25026	0	0	0	0	0	0	0	0	0	0	120	1900	0	0	0	406	0	9604	0	1272	256	3890	0	0	0	194	0	3020	0	0	0	1258	0	544	0	198	0	0	0	0	0	2072	0	1110	0	0	0	0	0	0	0	0	0	0	184	0	0	0	0	0	
36348	Amygdala_L	0	0	0	0	212	0	0	0	0	0	0	0	0	0	518	0	0	0	0	0	934	0	0	0	0	0	0	0	2214	0	0	0	0	0	0	0	6396	0	2076	0	0	0	0	0	0	0	0	0	0	0	0	0	0	0	2730	0	0	0	0	0	0	0	0	0	0	0	0	0	0	0	0	0	812	0	0	0	0	0	0	0	0	0	968	0	0	0	0	0	1314	0	0	0	0	0	0	0	0	0	0	0	0	0	0	0	0	0	0	0	0	0	0	0	0	0	0	0	
50904	Amygdala_R	0	0	0	0	0	0	0	0	0	0	0	0	0	0	0	0	0	0	0	0	0	568	0	0	0	0	0	0	0	838	0	0	0	0	0	0	0	8444	0	7544	0	0	0	0	0	0	0	0	0	0	0	0	0	0	0	4704	0	0	0	0	0	0	0	0	0	0	0	0	0	0	0	0	0	1052	0	0	0	0	0	0	0	0	0	2302	0	0	0	0	0	0	0	0	0	0	0	0	0	0	0	0	0	0	0	0	0	0	0	0	0	0	0	0	0	0	0	0	
210428	Calcarine_L	0	0	0	0	0	0	0	0	0	0	0	0	0	0	0	0	0	0	0	0	0	0	0	0	0	0	0	0	0	0	0	0	0	0	2862	82	768	0	536	0	0	0	0	8718	9796	6014	9022	1768	7228	4974	23266	1306	12510	108	2090	130	248	0	132	0	0	0	0	0	266	0	10248	502	434	0	0	0	0	0	0	0	0	0	0	0	0	0	0	0	1222	0	0	0	904	0	0	0	0	0	0	0	0	0	80	0	0	0	0	0	0	0	0	0	0	0	0	0	0	0	0	0	
326260	Calcarine_R	110	816	0	0	0	0	0	0	0	0	0	0	0	0	0	0	0	0	0	994	0	0	0	0	0	0	0	0	0	0	0	0	90	1142	0	2118	0	310	0	0	0	0	8718	0	5036	30464	1836	16634	0	24640	0	15010	0	8138	0	5426	0	672	0	3684	0	0	0	0	0	328	1712	24040	146	3052	0	0	0	0	0	0	0	0	0	0	0	322	0	0	0	4752	0	0	0	1606	0	0	0	0	0	0	0	0	0	1334	0	0	0	0	0	0	0	0	0	0	0	0	0	0	0	0	
138756	Cuneus_L	0	0	0	0	0	0	0	0	0	0	0	0	0	0	0	0	0	0	0	0	0	0	0	0	0	0	0	0	0	0	0	0	250	0	180	0	0	0	0	0	0	0	9796	5036	0	6262	1494	0	16448	3698	13186	156	2466	0	282	0	194	0	1332	432	154	0	0	0	0	0	6352	654	220	0	0	0	0	0	0	0	0	0	0	0	0	0	0	0	232	0	0	0	554	0	0	0	0	0	0	0	0	0	0	0	0	0	0	0	0	0	0	0	0	0	0	0	0	0	0	0	
245804	Cuneus_R	106	134	0	0	0	0	0	0	0	0	0	0	0	0	0	0	0	0	0	490	0	0	0	0	0	0	0	0	0	0	0	0	0	526	0	208	0	0	0	0	0	0	6014	30464	6262	0	142	4110	0	31926	0	10764	0	514	0	1128	0	516	0	5556	0	0	0	0	0	0	2646	18552	122	1200	0	0	0	0	0	0	0	0	0	0	0	184	0	0	0	754	0	0	0	266	0	0	0	0	0	0	0	0	0	318	0	0	0	0	0	0	0	0	0	0	0	0	0	0	0	0	
241284	Lingual_L	0	0	0	0	0	0	0	0	0	0	0	0	0	0	0	0	0	0	0	0	0	0	0	0	0	0	0	0	0	0	0	0	0	0	574	0	2184	0	2924	0	0	0	9022	1836	1494	142	0	1874	2036	100	9258	130	4610	0	12660	322	0	0	0	0	0	0	0	0	0	0	2386	0	0	0	0	0	0	0	0	0	444	0	0	0	0	0	0	0	0	0	0	0	0	0	17166	362	2760	0	506	0	14870	454	23580	620	0	0	0	0	1046	0	0	0	0	330	4360	2128	464	0	0	0	
263072	Lingual_R	0	194	0	0	0	0	0	0	0	0	0	0	0	0	0	0	0	0	0	304	0	0	0	0	0	0	0	0	0	120	0	0	0	376	0	1884	150	2136	166	4122	0	0	1768	16634	0	4110	1874	0	0	3616	0	4558	0	10064	104	18970	0	372	0	440	0	0	0	0	0	0	82	6820	0	592	0	88	0	184	0	0	0	572	0	0	0	236	0	0	0	1636	0	0	0	1694	1222	6906	1314	240	124	0	1218	5700	2786	12102	0	0	128	0	666	0	0	0	82	156	4532	7914	2580	0	0	0	
190284	Occipital_Sup_L	0	0	0	0	0	0	0	0	0	0	0	0	0	0	0	0	0	0	0	0	0	0	0	0	0	0	0	0	0	0	0	0	118	0	142	0	0	0	0	0	0	0	7228	0	16448	0	2036	0	0	0	33696	0	1400	0	0	0	2680	0	13966	0	8398	0	118	0	1932	0	6578	0	90	0	0	0	0	0	0	0	0	0	0	0	0	0	0	0	200	0	0	0	112	0	0	0	0	0	0	0	0	0	0	0	0	0	0	0	0	0	0	0	0	0	0	0	0	0	0	0	
229800	Occipital_Sup_R	0	0	0	0	0	0	0	0	0	0	0	0	0	0	0	0	0	0	0	0	0	0	0	0	0	0	0	0	0	0	0	0	0	0	0	168	0	0	0	0	0	0	4974	24640	3698	31926	100	3616	0	0	0	15840	0	370	0	710	0	710	0	8812	0	608	0	0	0	1234	1164	15344	0	484	0	0	0	0	0	0	0	0	0	0	0	0	0	0	0	188	0	0	0	116	0	0	0	0	0	0	0	0	0	198	0	0	0	0	0	0	0	0	0	0	0	0	0	0	0	0	
478136	Occipital_Mid_L	1258	0	0	0	0	0	0	0	0	0	210	0	0	0	0	0	0	0	0	0	0	0	0	0	0	0	0	0	372	0	0	0	442	80	1556	0	0	0	0	0	0	0	23266	0	13186	0	9258	0	33696	0	0	0	38970	0	3978	0	7188	0	20362	0	15996	0	2930	0	14892	0	13742	0	5346	80	0	0	0	0	0	0	0	0	410	0	246	0	0	0	19426	0	0	0	11498	0	222	0	138	0	0	0	0	0	320	0	0	0	0	0	0	0	0	0	0	0	0	0	0	0	0	0	
200392	Occipital_Mid_R	0	440	0	0	0	0	0	0	0	0	0	0	0	0	0	0	0	0	0	304	0	0	0	0	0	0	0	0	0	0	0	0	0	282	0	492	0	0	0	0	0	0	1306	15010	156	10764	130	4558	0	15840	0	0	0	6090	0	2342	0	564	0	2908	0	4266	0	154	0	8588	554	11672	0	1196	0	0	0	0	0	0	0	0	0	0	0	184	0	0	0	11290	0	0	0	846	0	0	0	0	0	0	0	0	0	260	0	0	0	0	0	0	0	0	0	0	0	0	0	0	0	0	
241644	Occipital_Inf_L	1198	0	0	0	0	0	0	0	0	0	114	0	0	0	0	0	0	0	0	228	0	0	0	0	0	0	0	0	212	0	0	0	314	292	2000	0	0	0	0	0	0	0	12510	0	2466	0	4610	0	1400	0	38970	0	0	0	7016	108	3242	92	2048	0	1916	0	1374	0	2912	0	7326	0	4362	294	0	0	0	0	0	0	0	0	394	0	344	0	0	0	9188	0	0	0	13976	0	796	0	258	0	0	0	0	0	862	0	0	0	0	0	0	0	0	0	0	0	0	0	0	0	0	0	
125376	Occipital_Inf_R	0	1278	0	0	0	0	0	0	0	0	0	0	0	0	0	0	0	0	0	648	0	0	0	0	0	0	0	0	0	0	0	0	0	504	178	1328	0	0	0	0	0	0	108	8138	0	514	0	10064	0	370	0	6090	0	0	146	11162	0	180	0	0	0	0	0	96	0	220	0	2184	104	858	0	0	0	0	0	0	0	0	0	0	0	92	0	0	0	3720	0	0	0	8484	0	554	334	0	0	0	0	362	194	2212	0	0	0	0	0	0	0	0	0	0	342	1506	718	0	0	0	
346796	Fusiform_L	1180	0	682	0	0	0	0	0	0	0	1296	0	534	0	0	0	926	0	1150	1114	0	0	0	0	0	0	0	0	7520	0	0	0	0	792	2010	0	11674	212	3992	0	2730	0	2090	0	282	0	12660	104	0	0	3978	0	7016	146	0	410	1162	0	782	0	1138	0	498	0	126	0	2216	0	1290	796	560	0	1848	0	0	0	316	0	850	0	3960	0	2370	0	1874	0	1542	0	16488	188	24120	0	2410	0	286	0	12590	128	28128	94	1028	0	1814	0	172	0	0	0	0	158	1692	276	0	0	0	0	
424756	Fusiform_R	0	894	0	1642	0	0	0	140	0	0	0	142	0	116	0	0	0	252	0	2710	0	0	0	0	0	0	0	0	0	4676	0	0	0	348	892	2282	878	26314	386	25026	0	4704	130	5426	0	1128	322	18970	0	710	0	2342	108	11162	410	0	0	230	0	0	0	0	0	316	0	364	92	2330	140	566	0	240	0	8968	0	930	224	3198	0	0	0	1684	0	7292	0	2368	0	2522	0	18156	336	14278	412	286	0	328	0	7514	684	20510	0	0	0	372	106	0	0	0	0	0	1856	3154	812	0	0	0	
443676	Postcentral_L	33690	0	3470	168	0	0	5376	0	0	0	10632	0	842	0	0	0	15066	0	2194	474	0	0	0	0	0	0	0	0	7620	0	132	0	114	210	86	0	904	0	0	0	0	0	248	0	194	0	0	0	2680	0	7188	0	3242	0	1162	0	0	0	19058	0	28416	0	13752	0	8378	0	16202	0	13888	0	218	0	978	0	552	0	332	0	2958	0	6008	0	184	0	7296	0	0	0	7696	0	118	0	0	0	0	0	0	0	112	0	0	0	0	0	0	0	0	0	0	0	0	0	0	0	0	0	
210176	Postcentral_R	1420	21370	0	972	0	0	0	830	0	0	0	1032	0	0	0	0	0	3930	318	4124	0	0	0	0	0	0	0	0	0	3624	0	0	102	5992	354	2642	0	358	0	0	0	0	0	672	0	516	0	372	0	710	0	564	92	180	0	230	0	0	0	7024	0	4352	0	9176	0	782	0	6274	1772	14228	0	0	0	1774	0	0	0	520	0	328	0	994	0	0	0	5052	0	0	0	2408	0	0	0	0	0	0	0	0	0	0	0	0	0	0	0	0	0	0	0	0	0	0	0	0	0	0	
271840	Parietal_Sup_L	1056	0	0	0	0	0	0	0	0	0	246	0	0	0	0	0	704	0	0	0	0	0	0	0	0	0	0	0	1322	0	0	0	362	0	0	0	0	0	0	0	0	0	132	0	1332	0	0	0	13966	0	20362	0	2048	0	782	0	19058	0	0	0	22414	0	592	0	8200	0	20570	0	7260	0	0	0	0	0	0	0	0	0	604	0	1406	0	0	0	7326	0	0	0	6016	0	82	0	0	0	0	0	0	0	80	0	0	0	0	0	0	0	0	0	0	0	0	0	0	0	0	0	
123492	Parietal_Sup_R	140	386	0	92	0	0	0	0	0	0	0	0	0	0	0	0	0	96	0	342	0	0	0	0	0	0	0	0	0	252	0	0	0	406	0	2760	0	0	0	0	0	0	0	3684	432	5556	0	440	0	8812	0	2908	0	0	0	0	0	7024	0	0	0	4302	0	3022	0	1474	0	14182	148	1594	0	0	0	0	0	0	0	0	0	0	0	204	0	0	0	2434	0	0	0	1056	0	0	0	0	0	0	0	0	0	0	0	0	0	0	0	0	0	0	0	0	0	0	0	0	0	0	
281436	Parietal_Inf_L	4546	0	156	0	0	0	386	0	0	0	1600	0	0	0	0	0	2482	0	0	0	0	0	0	0	0	0	0	0	3486	0	0	0	0	0	0	0	0	0	0	0	0	0	0	0	154	0	0	0	8398	0	15996	0	1916	0	1138	0	28416	0	22414	0	0	0	11298	0	15786	0	8734	0	3440	0	0	0	0	0	0	0	0	0	686	0	1682	0	0	0	3466	0	0	0	4318	0	110	0	0	0	0	0	0	0	110	0	0	0	0	0	0	0	0	0	0	0	0	0	0	0	0	0	
67148	Parietal_Inf_R	0	258	0	0	0	0	0	0	0	0	0	0	0	0	0	0	0	0	0	0	0	0	0	0	0	0	0	0	0	112	0	0	0	0	0	0	0	0	0	0	0	0	0	0	0	0	0	0	0	608	0	4266	0	0	0	0	0	4352	0	4302	0	0	0	7900	0	10248	0	1036	0	124	0	0	0	0	0	0	0	0	0	0	0	234	0	0	0	134	0	0	0	0	0	0	0	0	0	0	0	0	0	0	0	0	0	0	0	0	0	0	0	0	0	0	0	0	0	0	
135656	SupraMarginal_L	5430	0	200	0	0	0	504	0	0	0	1126	0	0	0	0	0	4930	0	0	0	0	0	0	0	0	0	0	0	4822	0	0	0	0	0	0	0	0	0	0	0	0	0	0	0	0	0	0	0	118	0	2930	0	1374	0	498	0	13752	0	592	0	11298	0	0	0	7098	0	690	0	868	0	0	0	0	0	0	0	0	0	454	0	4928	0	0	0	4326	0	0	0	1890	0	0	0	0	0	0	0	0	0	0	0	0	0	0	0	0	0	0	0	0	0	0	0	0	0	0	0	
79436	SupraMarginal_R	0	1212	0	396	0	0	0	344	0	0	0	0	0	0	0	0	0	2352	0	110	0	0	0	0	0	0	0	0	0	540	0	0	0	0	0	0	0	158	0	0	0	0	0	0	0	0	0	0	0	0	0	154	0	96	0	316	0	9176	0	3022	0	7900	0	0	0	3818	0	544	0	526	0	0	0	0	0	0	0	0	0	0	0	5470	0	0	0	3152	0	0	0	432	0	0	0	0	0	0	0	0	0	0	0	0	0	0	0	0	0	0	0	0	0	0	0	0	0	0	
175788	Angular_L	1190	0	0	0	0	0	0	0	0	0	194	0	0	0	0	0	944	0	0	0	0	0	0	0	0	0	0	0	714	0	0	0	0	0	0	0	0	0	0	0	0	0	266	0	0	0	0	0	1932	0	14892	0	2912	0	126	0	8378	0	8200	0	15786	0	7098	0	0	0	6450	0	5144	0	0	0	0	0	0	0	0	0	92	0	990	0	0	0	8912	0	0	0	3674	0	0	0	0	0	0	0	0	0	0	0	0	0	0	0	0	0	0	0	0	0	0	0	0	0	0	0	
86304	Angular_R	0	206	0	188	0	0	0	288	0	0	0	0	0	0	0	0	0	298	0	0	0	0	0	0	0	0	0	0	0	260	0	0	0	0	0	0	0	272	0	0	0	0	0	328	0	0	0	0	0	1234	0	8588	0	220	0	364	0	782	0	1474	0	10248	0	3818	0	0	0	1178	0	166	0	0	0	0	0	0	0	0	0	82	0	4876	0	0	0	7844	0	0	0	438	0	0	0	0	0	0	0	0	0	0	0	0	0	0	0	0	0	0	0	0	0	0	0	0	0	0	
337136	Precuneus_L	770	0	0	0	0	0	0	0	0	0	184	0	0	0	0	0	462	0	420	0	0	0	0	0	0	0	0	0	932	0	288	0	4684	706	7382	1220	1502	328	1070	120	0	0	10248	1712	6352	2646	2386	82	6578	1164	13742	554	7326	0	2216	92	16202	0	20570	0	8734	0	690	0	6450	0	0	5614	12650	168	0	0	0	0	0	0	0	120	672	0	1582	0	0	0	10718	92	0	0	9050	0	90	0	0	0	0	0	0	0	0	0	0	0	0	0	0	0	0	0	0	0	0	0	0	0	0	0	
344816	Precuneus_R	690	2166	0	192	0	0	0	116	0	0	0	0	0	0	0	0	0	254	246	3072	0	0	0	0	0	0	0	0	0	532	0	166	1248	7826	1124	12204	492	2484	356	1900	0	0	502	24040	654	18552	0	6820	0	15344	0	11672	0	2184	0	2330	0	6274	0	14182	0	1036	0	544	0	1178	5614	0	960	12090	0	0	0	120	0	0	0	1164	0	146	0	1800	0	0	0	7150	0	0	0	2340	0	0	0	0	0	0	0	178	0	190	0	0	0	0	0	0	0	0	0	0	276	0	0	0	0	0	
313664	Paracentral_Lobule_L	23742	1484	340	100	0	0	2414	0	0	0	434	0	0	0	0	0	1162	0	4922	9502	0	0	0	0	0	0	0	0	2926	0	0	0	2510	9220	1340	462	1826	286	94	0	0	0	434	146	220	122	0	0	90	0	5346	0	4362	104	1290	140	13888	1772	7260	148	3440	0	868	0	5144	0	12650	960	0	7320	528	190	3734	0	2190	0	3050	516	836	0	1820	0	0	0	8384	254	0	0	6672	190	0	0	0	0	0	0	0	0	0	0	0	0	0	0	0	0	0	0	0	0	0	0	0	0	0	0	
239832	Paracentral_Lobule_R	4208	8342	0	98	0	0	0	0	0	0	0	0	0	0	0	0	0	0	2422	19390	0	0	0	0	0	0	0	0	0	118	0	0	1040	20844	576	3832	0	756	0	0	0	0	0	3052	0	1200	0	592	0	484	80	1196	294	858	796	566	0	14228	0	1594	0	124	0	526	0	166	168	12090	7320	0	176	0	0	0	0	0	410	870	0	102	0	964	0	0	0	6996	0	0	164	3274	0	0	0	0	0	0	0	0	0	0	0	0	0	0	0	0	0	0	0	0	0	0	0	0	0	0	
309780	Caudate_L	4616	1804	2754	5290	902	0	6082	576	0	0	1194	3458	1868	3376	998	1308	584	0	3002	13744	6754	5548	1714	1796	668	0	2250	0	7996	4384	13162	4746	216	3364	0	0	1170	188	0	0	0	0	0	0	0	0	0	0	0	0	0	0	0	0	560	0	218	0	0	0	0	0	0	0	0	0	0	0	528	176	0	14386	17212	1374	1704	354	8634	2302	0	0	784	0	746	0	0	0	0	0	400	0	0	0	0	0	0	0	0	0	0	0	0	0	0	0	0	0	0	0	0	0	0	0	0	0	0	0	
430768	Caudate_R	1302	1166	490	13758	398	1068	1264	6756	0	1210	0	9200	116	8764	94	5760	0	524	4150	27312	4300	7074	424	6156	278	1250	1598	1688	396	13024	3856	19532	0	4880	0	0	262	688	0	406	0	0	0	0	0	0	0	88	0	0	0	0	0	0	0	240	0	0	0	0	0	0	0	0	0	0	0	0	190	0	14386	0	3546	28060	614	1986	2138	14872	0	0	0	0	0	120	0	0	0	0	0	0	0	0	0	0	0	0	0	0	0	0	0	0	0	0	0	0	0	0	0	0	0	0	0	0	0	0	
267692	Putamen_L	5454	248	7312	294	2790	0	10056	0	1164	0	1808	0	3116	0	5194	0	550	0	4322	5134	2448	2428	1272	0	550	0	760	0	18432	0	7004	1516	142	298	0	0	8900	138	710	0	812	0	0	0	0	0	0	0	0	0	0	0	0	0	1848	0	978	0	0	0	0	0	0	0	0	0	0	0	3734	0	17212	3546	0	538	6584	234	1852	808	96	0	662	0	1726	0	0	0	0	0	1068	0	0	0	0	0	0	0	0	0	0	0	0	0	0	0	0	0	0	0	0	108	0	0	0	0	0	0	
401536	Putamen_R	84	2732	0	13342	0	772	0	12730	0	354	0	7928	0	5552	0	4316	0	1684	2310	23940	1088	1590	0	2618	96	0	314	702	0	32006	1146	12634	0	2044	0	0	94	11814	0	9604	0	1052	0	0	0	0	0	184	0	0	0	0	0	0	0	8968	0	1774	0	0	0	0	0	0	0	0	0	120	0	0	1374	28060	538	0	0	2892	0	1524	0	0	0	652	0	300	0	0	0	0	0	96	0	114	0	0	0	0	0	688	0	938	0	0	0	0	0	0	0	0	0	0	0	0	0	0	0	0	
49132	Pallidum_L	3004	376	178	86	0	0	1874	114	0	0	0	0	0	0	0	0	0	0	1054	1020	0	300	0	0	0	0	0	0	0	0	92	104	0	202	0	0	1844	0	0	0	0	0	0	0	0	0	0	0	0	0	0	0	0	0	0	0	552	0	0	0	0	0	0	0	0	0	0	0	2190	0	1704	614	6584	0	0	162	2352	160	0	0	0	0	0	0	0	0	0	0	0	0	0	0	0	0	0	0	0	0	0	0	0	0	0	0	0	0	0	0	0	0	0	0	0	0	0	0	
27256	Pallidum_R	0	0	0	1642	0	0	0	376	0	0	0	0	0	0	0	0	0	0	0	1852	0	332	0	0	0	0	0	0	0	0	0	88	0	0	0	0	0	1298	0	1272	0	0	0	0	0	0	0	0	0	0	0	0	0	0	0	930	0	0	0	0	0	0	0	0	0	0	0	0	0	0	354	1986	234	2892	162	0	0	0	0	0	0	0	0	0	0	0	0	0	0	0	0	0	0	0	0	0	0	210	0	0	0	0	0	0	0	0	0	0	0	0	0	0	0	0	0	0	
129808	Thalamus_L	9922	2548	752	1268	0	0	2200	0	0	0	82	0	0	0	0	0	0	0	4524	6740	0	0	0	0	0	0	0	0	2856	0	0	0	0	2252	0	112	5632	358	1384	256	0	0	0	0	0	0	444	0	0	0	0	0	0	0	316	224	332	0	0	0	0	0	0	0	0	0	0	0	3050	410	8634	2138	1852	0	2352	0	0	2990	1106	0	170	0	0	0	0	0	0	0	0	0	0	0	0	0	0	0	0	0	0	0	0	0	0	0	0	0	0	0	0	0	0	0	0	0	0	0	
209892	Thalamus_R	730	16898	116	15174	0	0	344	232	0	0	0	0	84	0	0	0	0	476	778	16124	0	0	0	0	0	0	0	0	326	3726	0	0	0	5422	818	1270	1696	5970	650	3890	0	0	0	0	0	0	0	572	0	0	0	0	0	0	0	3198	0	520	0	0	0	0	0	0	0	0	120	1164	516	870	2302	14872	808	1524	160	0	2990	0	0	154	0	0	0	0	0	0	0	0	0	262	0	0	0	0	0	0	0	190	0	0	0	0	0	0	0	0	0	0	0	0	0	0	0	0	0	0	
105672	Heschl_L	6204	0	958	0	0	0	2116	0	0	0	958	0	0	0	0	0	2862	0	356	0	0	0	0	0	0	0	0	0	8766	0	0	0	0	0	0	0	3124	0	0	0	0	0	0	0	0	0	0	0	0	0	410	0	394	0	850	0	2958	0	604	0	686	0	454	0	92	0	672	0	836	0	0	0	96	0	0	0	1106	0	0	0	6640	0	0	0	4656	0	0	0	6728	0	182	0	0	0	0	0	0	0	128	0	0	0	0	0	0	0	0	0	0	0	0	0	0	0	0	0	
16768	Heschl_R	0	632	0	114	0	0	0	0	0	0	0	80	0	0	0	0	0	2014	0	0	0	0	0	0	0	0	0	0	0	1896	0	0	0	0	0	0	0	156	0	0	0	0	0	0	0	0	0	0	0	0	0	0	0	0	0	0	0	328	0	0	0	0	0	0	0	82	0	146	0	102	0	0	0	0	0	0	0	154	0	0	0	2516	0	0	0	164	0	0	0	0	0	0	0	0	0	0	0	0	0	0	0	0	0	0	0	0	0	0	0	0	0	0	0	0	0	0	
212340	Temporal_Sup_L	4428	0	1636	0	0	0	698	0	0	0	3816	0	1136	0	0	0	8546	0	1276	688	0	0	0	0	0	0	0	0	9134	0	0	0	0	0	0	0	3002	0	0	0	0	0	0	0	0	0	0	0	0	0	246	0	344	0	3960	0	6008	0	1406	0	1682	0	4928	0	990	0	1582	0	1820	0	784	0	662	0	0	0	170	0	6640	0	0	0	6416	0	17602	0	102	0	16468	0	0	0	0	0	0	0	0	0	0	0	0	0	0	0	0	0	0	0	0	0	0	0	0	0	0	0	
102680	Temporal_Sup_R	0	1752	0	342	0	0	0	206	0	0	0	216	0	0	0	0	0	2668	0	330	0	0	0	0	0	0	0	0	0	4412	0	0	0	0	0	0	0	480	0	194	0	0	0	322	0	184	0	236	0	0	0	184	0	92	0	1684	0	994	0	204	0	234	0	5470	0	4876	0	1800	0	964	0	0	0	652	0	0	0	0	0	2516	0	0	0	2930	0	13494	0	574	0	3330	0	0	0	0	0	0	0	0	0	0	0	0	0	0	0	0	0	0	0	0	0	0	0	0	0	0	
111860	Temporal_Pole_Sup_L	504	0	2148	0	194	0	564	0	0	0	5534	0	1996	0	1312	0	4850	0	728	444	1236	0	0	0	0	0	0	0	8970	0	0	0	0	0	0	0	666	0	1684	0	968	0	0	0	0	0	0	0	0	0	0	0	0	0	2370	0	184	0	0	0	0	0	0	0	0	0	0	0	0	0	746	0	1726	0	0	0	0	0	0	0	6416	0	0	0	4638	0	3916	0	4136	0	0	0	0	0	0	0	0	0	0	0	0	0	0	0	0	0	0	0	0	0	0	0	0	0	0	0	
57436	Temporal_Pole_Sup_R	0	0	0	746	0	0	0	0	0	0	0	1148	0	146	0	202	0	1078	96	874	0	206	0	0	0	0	0	0	0	1570	0	0	0	0	0	0	0	634	0	3020	0	2302	0	0	0	0	0	0	0	0	0	0	0	0	0	7292	0	0	0	0	0	0	0	0	0	0	0	0	0	0	0	120	0	300	0	0	0	0	0	0	0	2930	0	0	0	1082	0	3530	0	1442	0	0	0	0	0	0	0	0	0	0	0	0	0	0	0	0	0	0	0	0	0	0	0	0	0	0	
324372	Temporal_Mid_L	1812	0	0	0	0	0	0	0	0	0	696	0	0	0	0	0	322	0	0	0	0	0	0	0	0	0	0	0	1990	0	0	0	0	0	546	0	0	0	0	0	0	0	1222	0	232	0	0	0	200	0	19426	0	9188	0	1874	0	7296	0	7326	0	3466	0	4326	0	8912	0	10718	0	8384	0	0	0	0	0	0	0	0	0	4656	0	17602	0	4638	0	0	0	3870	0	43484	0	0	0	0	0	0	0	0	0	0	0	0	0	0	0	0	0	0	0	0	0	0	0	0	0	0	0	
215160	Temporal_Mid_R	164	5362	0	168	0	0	0	176	0	0	0	0	0	0	0	0	0	312	300	2102	0	0	0	0	0	0	0	0	0	1002	0	0	0	2394	0	1672	0	478	0	0	0	0	0	4752	0	754	0	1636	0	188	0	11290	0	3720	0	2368	0	5052	0	2434	0	134	0	3152	0	7844	92	7150	254	6996	0	0	0	0	0	0	0	0	0	164	0	13494	0	1082	0	0	0	2566	0	18328	0	0	0	0	0	0	0	0	0	0	0	0	0	0	0	0	0	0	0	0	0	0	0	0	0	0	
29776	Temporal_Pole_Mid_L	0	0	0	0	0	0	0	0	0	0	0	0	0	0	0	0	0	0	0	0	0	0	0	0	0	0	0	0	0	0	0	0	0	0	0	0	0	0	704	0	0	0	0	0	0	0	0	0	0	0	0	0	0	0	1542	0	0	0	0	0	0	0	0	0	0	0	0	0	0	0	0	0	0	0	0	0	0	0	0	0	102	0	3916	0	3870	0	0	0	4754	0	0	0	0	0	0	0	0	0	0	0	0	0	0	0	0	0	0	0	0	0	0	0	0	0	0	0	
22928	Temporal_Pole_Mid_R	0	0	0	0	0	0	0	0	0	0	0	0	0	0	0	0	0	0	0	0	0	0	0	0	0	0	0	0	0	0	0	0	0	0	0	0	0	0	0	1258	0	0	0	0	0	0	0	0	0	0	0	0	0	0	0	2522	0	0	0	0	0	0	0	0	0	0	0	0	0	0	0	0	0	0	0	0	0	0	0	0	0	574	0	3530	0	2566	0	0	0	1014	0	0	0	0	0	0	0	0	0	0	0	0	0	0	0	0	0	0	0	0	0	0	0	0	0	0	
389916	Temporal_Inf_L	2354	0	98	0	0	0	0	0	0	0	1060	0	312	0	0	0	872	0	328	486	0	0	0	0	0	0	0	0	6008	0	0	0	0	194	960	0	6022	0	210	0	1314	0	904	0	554	0	0	0	112	0	11498	0	13976	0	16488	0	7696	0	6016	0	4318	0	1890	0	3674	0	9050	0	6672	164	400	0	1068	0	0	0	0	0	6728	0	16468	0	4136	0	43484	0	4754	0	0	0	7222	0	1012	0	0	0	1006	0	3292	0	470	0	1376	0	112	0	0	0	0	0	200	0	0	0	0	0	
163196	Temporal_Inf_R	0	3172	0	0	0	0	0	0	0	0	0	0	0	0	0	0	0	158	80	1244	0	0	0	0	0	0	0	0	0	2236	0	0	0	770	236	2220	0	1256	0	544	0	0	0	1606	0	266	0	1694	0	116	0	846	0	8484	188	18156	0	2408	0	1056	0	0	0	432	0	438	0	2340	190	3274	0	0	0	96	0	0	0	262	0	0	0	3330	0	1442	0	18328	0	1014	0	0	0	2210	0	352	0	0	0	0	0	582	0	202	0	370	0	0	0	0	0	0	0	0	0	0	0	0	
528576	Cerebelum_Crus1_L	102	0	0	0	0	0	0	0	0	0	0	0	0	0	0	0	0	0	0	0	0	0	0	0	0	0	0	0	228	0	0	0	0	0	0	0	0	0	0	0	0	0	0	0	0	0	17166	1222	0	0	222	0	796	0	24120	336	118	0	82	0	110	0	0	0	0	0	90	0	0	0	0	0	0	0	0	0	0	0	182	0	0	0	0	0	0	0	0	0	7222	0	0	2238	38238	290	1208	0	28792	488	66080	2990	14646	0	28758	236	9336	304	650	0	142	638	5638	4624	3158	1324	1280	1234	
472152	Cerebelum_Crus1_R	0	0	0	0	0	0	0	0	0	0	0	0	0	0	0	0	0	0	0	0	0	0	0	0	0	0	0	0	0	0	0	0	0	0	0	0	0	178	0	198	0	0	0	0	0	0	362	6906	0	0	0	0	0	554	0	14278	0	0	0	0	0	0	0	0	0	0	0	0	0	0	0	0	0	114	0	0	0	0	0	0	0	0	0	0	0	0	0	0	0	2210	2238	0	2766	36536	210	2548	1130	16268	4594	59378	562	5830	1232	28564	2130	5646	0	2280	528	1808	6172	11386	9764	4278	3990	1438	
381064	Cerebelum_Crus2_L	0	0	0	0	0	0	0	0	0	0	0	0	0	0	0	0	0	0	0	0	0	0	0	0	0	0	0	0	0	0	0	0	0	0	0	0	0	0	0	0	0	0	0	0	0	0	2760	1314	0	0	138	0	258	334	2410	412	0	0	0	0	0	0	0	0	0	0	0	0	0	0	0	0	0	0	0	0	0	0	0	0	0	0	0	0	0	0	0	0	1012	0	38238	2766	0	6308	334	0	2464	86	8876	2012	43912	1972	43008	3284	8460	594	94	0	0	146	398	2482	10126	5218	952	164	
276184	Cerebelum_Crus2_R	0	0	0	0	0	0	0	0	0	0	0	0	0	0	0	0	0	0	0	0	0	0	0	0	0	0	0	0	0	0	0	0	0	0	0	0	0	0	0	0	0	0	0	0	0	0	0	240	0	0	0	0	0	0	0	286	0	0	0	0	0	0	0	0	0	0	0	0	0	0	0	0	0	0	0	0	0	0	0	0	0	0	0	0	0	0	0	0	0	352	290	36536	6308	0	0	162	0	340	84	4662	4378	22814	3480	38858	364	3500	0	1652	84	188	240	466	7356	3692	1380	380	
42944	Cerebelum_3_L	0	0	0	0	0	0	0	0	0	0	0	0	0	0	0	0	0	0	0	0	0	0	0	0	0	0	0	0	0	0	0	0	0	0	0	0	108	0	194	0	0	0	0	0	0	0	506	124	0	0	0	0	0	0	286	0	0	0	0	0	0	0	0	0	0	0	0	0	0	0	0	0	0	0	0	0	0	0	0	0	0	0	0	0	0	0	0	0	0	0	1208	210	334	0	0	0	5850	142	3120	298	0	0	540	0	1608	0	0	0	506	3290	2334	814	0	0	0	0	
53180	Cerebelum_3_R	0	0	0	0	0	0	0	0	0	0	0	0	0	0	0	0	0	0	0	0	0	0	0	0	0	0	0	0	0	0	0	0	0	0	0	0	0	0	0	0	0	0	0	0	0	0	0	0	0	0	0	0	0	0	0	328	0	0	0	0	0	0	0	0	0	0	0	0	0	0	0	0	0	0	0	0	0	0	0	0	0	0	0	0	0	0	0	0	0	0	0	2548	0	162	0	0	358	5618	90	6638	0	0	0	168	86	1202	0	0	556	4108	1564	532	802	806	1024	0	
314488	Cerebelum_4_5_L	0	0	0	0	0	0	0	0	0	0	0	0	0	0	0	0	0	0	0	0	0	0	0	0	0	0	0	0	0	0	0	0	0	0	0	0	98	0	322	0	0	0	0	0	0	0	14870	1218	0	0	0	0	0	0	12590	0	0	0	0	0	0	0	0	0	0	0	0	0	0	0	0	0	0	0	0	0	0	0	0	0	0	0	0	0	0	0	0	0	1006	0	28792	1130	2464	0	5850	358	0	2272	43682	1968	1296	0	3326	0	5052	972	114	86	1000	3866	17552	5182	146	140	864	1028	
197696	Cerebelum_4_5_R	0	0	0	150	0	0	0	0	0	0	0	0	0	0	0	0	0	0	0	166	0	0	0	0	0	0	0	0	0	234	0	0	0	0	0	0	0	1818	0	2072	0	0	0	0	0	0	454	5700	0	0	0	0	0	362	128	7514	0	0	0	0	0	0	0	0	0	0	0	178	0	0	0	0	0	688	0	210	0	190	0	0	0	0	0	0	0	0	0	0	0	0	488	16268	86	340	142	5618	2272	0	1636	30142	0	0	214	204	732	954	0	88	322	1946	13090	2062	424	600	976	380	
499512	Cerebelum_6_L	86	0	0	0	0	0	0	0	0	0	0	0	0	0	0	0	0	0	0	0	0	0	0	0	0	0	0	0	214	0	0	0	0	0	0	0	92	0	0	0	0	0	80	0	0	0	23580	2786	0	0	320	0	862	194	28128	684	112	0	80	0	110	0	0	0	0	0	0	0	0	0	0	0	0	0	0	0	0	0	128	0	0	0	0	0	0	0	0	0	3292	0	66080	4594	8876	84	3120	90	43682	1636	0	5884	4616	0	9654	0	9452	202	650	0	220	1628	13164	10344	2168	636	932	1296	
457260	Cerebelum_6_R	0	0	0	266	0	0	0	0	0	0	0	0	0	0	0	0	0	0	0	412	0	0	0	0	0	0	0	0	0	282	0	0	0	0	0	0	0	1144	0	1110	0	0	0	1334	0	318	620	12102	0	198	0	260	0	2212	94	20510	0	0	0	0	0	0	0	0	0	0	0	190	0	0	0	0	0	938	0	0	0	0	0	0	0	0	0	0	0	0	0	0	0	582	2990	59378	2012	4662	298	6638	1968	30142	5884	0	102	990	574	5432	2478	5238	0	1756	988	3498	11786	17394	9360	5104	5384	2002	
285336	Cerebelum_7b_L	0	0	0	0	0	0	0	0	0	0	0	0	0	0	0	0	0	0	0	0	0	0	0	0	0	0	0	0	0	0	0	0	0	0	0	0	0	0	0	0	0	0	0	0	0	0	0	0	0	0	0	0	0	0	1028	0	0	0	0	0	0	0	0	0	0	0	0	0	0	0	0	0	0	0	0	0	0	0	0	0	0	0	0	0	0	0	0	0	470	0	14646	562	43912	4378	0	0	1296	0	4616	102	0	1790	40126	5022	7396	862	430	0	0	0	266	202	6498	7696	1032	338	
133016	Cerebelum_7b_R	0	0	0	0	0	0	0	0	0	0	0	0	0	0	0	0	0	0	0	0	0	0	0	0	0	0	0	0	0	0	0	0	0	0	0	0	0	0	0	0	0	0	0	0	0	0	0	0	0	0	0	0	0	0	0	0	0	0	0	0	0	0	0	0	0	0	0	0	0	0	0	0	0	0	0	0	0	0	0	0	0	0	0	0	0	0	0	0	0	202	0	5830	1972	22814	0	0	0	0	0	990	1790	0	1370	24358	0	3590	0	0	0	0	0	100	952	2232	164	144	
402492	Cerebelum_8_L	0	0	0	0	0	0	0	0	0	0	0	0	0	0	0	0	0	0	0	0	0	0	0	0	0	0	0	0	0	0	0	0	0	0	0	0	0	0	0	0	0	0	0	0	0	0	0	128	0	0	0	0	0	0	1814	0	0	0	0	0	0	0	0	0	0	0	0	0	0	0	0	0	0	0	0	0	0	0	0	0	0	0	0	0	0	0	0	0	1376	0	28758	1232	43008	3480	540	0	3326	214	9654	574	40126	1370	0	7484	28086	2338	1760	0	0	238	944	802	7318	11824	3682	1170	
321080	Cerebelum_8_R	0	0	0	0	0	0	0	0	0	0	0	0	0	0	0	0	0	0	0	0	0	0	0	0	0	0	0	0	0	0	0	0	0	0	0	0	0	0	0	0	0	0	0	0	0	0	0	0	0	0	0	0	0	0	0	372	0	0	0	0	0	0	0	0	0	0	0	0	0	0	0	0	0	0	0	0	0	0	0	0	0	0	0	0	0	0	0	0	0	370	236	28564	3284	38858	0	168	0	204	0	5432	5022	24358	7484	0	696	23138	0	2278	242	410	696	754	4510	8318	3732	1414	
213756	Cerebelum_9_L	0	0	0	0	0	0	0	0	0	0	0	0	0	0	0	0	0	0	0	0	0	0	0	0	0	0	0	0	0	0	0	0	0	0	0	0	0	0	0	0	0	0	0	0	0	0	1046	666	0	0	0	0	0	0	172	106	0	0	0	0	0	0	0	0	0	0	0	0	0	0	0	0	0	0	0	0	0	0	0	0	0	0	0	0	0	0	0	0	112	0	9336	2130	8460	364	1608	86	5052	732	9452	2478	7396	0	28086	696	0	3026	2688	0	0	822	4796	5824	2272	2376	4528	2568	
185900	Cerebelum_9_R	0	0	0	0	0	0	0	0	0	0	0	0	0	0	0	0	0	0	0	0	0	0	0	0	0	0	0	0	0	0	0	0	0	0	0	0	0	0	0	0	0	0	0	0	0	0	0	0	0	0	0	0	0	0	0	0	0	0	0	0	0	0	0	0	0	0	0	0	0	0	0	0	0	0	0	0	0	0	0	0	0	0	0	0	0	0	0	0	0	0	304	5646	594	3500	0	1202	972	954	202	5238	862	3590	2338	23138	3026	0	0	3052	736	1390	3178	5008	4624	6464	11586	5346	
14144	Cerebelum_10_L	0	0	0	0	0	0	0	0	0	0	0	0	0	0	0	0	0	0	0	0	0	0	0	0	0	0	0	0	0	0	0	0	0	0	0	0	0	0	0	0	0	0	0	0	0	0	0	0	0	0	0	0	0	0	0	0	0	0	0	0	0	0	0	0	0	0	0	0	0	0	0	0	0	0	0	0	0	0	0	0	0	0	0	0	0	0	0	0	0	0	650	0	94	0	0	0	114	0	650	0	430	0	1760	0	2688	0	0	0	0	0	0	82	0	152	216	236	
28856	Cerebelum_10_R	0	0	0	0	0	0	0	0	0	0	0	0	0	0	0	0	0	0	0	0	0	0	0	0	0	0	0	0	0	0	0	0	0	0	0	0	0	0	0	0	0	0	0	0	0	0	0	0	0	0	0	0	0	0	0	0	0	0	0	0	0	0	0	0	0	0	0	0	0	0	0	0	0	0	0	0	0	0	0	0	0	0	0	0	0	0	0	0	0	0	0	2280	0	1652	0	0	86	88	0	1756	0	0	0	2278	0	3052	0	0	0	0	160	484	928	634	1030	0	
31372	Vermis_1_2	0	0	0	0	0	0	0	0	0	0	0	0	0	0	0	0	0	0	0	0	0	0	0	0	0	0	0	0	0	0	0	0	0	0	0	0	0	0	100	0	0	0	0	0	0	0	0	82	0	0	0	0	0	0	0	0	0	0	0	0	0	0	0	0	0	0	0	0	0	0	0	0	0	0	0	0	0	0	0	0	0	0	0	0	0	0	0	0	0	0	142	528	0	84	506	556	1000	322	220	988	0	0	0	242	0	736	0	0	0	5610	2228	490	558	548	406	340	
82196	Vermis_3	132	0	0	0	0	0	92	0	0	0	0	0	0	0	0	0	0	0	0	0	0	0	0	0	0	0	0	0	144	0	0	0	0	0	0	0	428	0	260	0	0	0	0	0	0	0	330	156	0	0	0	0	0	0	158	0	0	0	0	0	0	0	0	0	0	0	0	0	0	0	0	0	108	0	0	0	0	0	0	0	0	0	0	0	0	0	0	0	0	0	638	1808	146	188	3290	4108	3866	1946	1628	3498	0	0	238	410	822	1390	0	0	5610	0	5348	1098	984	974	898	402	
244220	Vermis_4_5	0	0	0	0	0	0	0	0	0	0	0	0	0	0	0	0	0	0	0	0	0	0	0	0	0	0	0	0	0	0	0	0	0	0	0	152	0	176	0	184	0	0	0	0	0	0	4360	4532	0	0	0	0	0	342	1692	1856	0	0	0	0	0	0	0	0	0	0	0	276	0	0	0	0	0	0	0	0	0	0	0	0	0	0	0	0	0	0	0	0	200	0	5638	6172	398	240	2334	1564	17552	13090	13164	11786	266	0	944	696	4796	3178	0	160	2228	5348	0	10716	808	948	2702	3612	
226888	Vermis_6	0	0	0	0	0	0	0	0	0	0	0	0	0	0	0	0	0	0	0	0	0	0	0	0	0	0	0	0	0	0	0	0	0	0	0	0	0	0	0	0	0	0	0	0	0	0	2128	7914	0	0	0	0	0	1506	276	3154	0	0	0	0	0	0	0	0	0	0	0	0	0	0	0	0	0	0	0	0	0	0	0	0	0	0	0	0	0	0	0	0	0	0	4624	11386	2482	466	814	532	5182	2062	10344	17394	202	100	802	754	5824	5008	82	484	490	1098	10716	0	5554	2174	5138	4754	
201024	Vermis_7	0	0	0	0	0	0	0	0	0	0	0	0	0	0	0	0	0	0	0	0	0	0	0	0	0	0	0	0	0	0	0	0	0	0	0	0	0	0	0	0	0	0	0	0	0	0	464	2580	0	0	0	0	0	718	0	812	0	0	0	0	0	0	0	0	0	0	0	0	0	0	0	0	0	0	0	0	0	0	0	0	0	0	0	0	0	0	0	0	0	0	3158	9764	10126	7356	0	802	146	424	2168	9360	6498	952	7318	4510	2272	4624	0	928	558	984	808	5554	0	10074	5986	1568	
175128	Vermis_8	0	0	0	0	0	0	0	0	0	0	0	0	0	0	0	0	0	0	0	0	0	0	0	0	0	0	0	0	0	0	0	0	0	0	0	0	0	0	0	0	0	0	0	0	0	0	0	0	0	0	0	0	0	0	0	0	0	0	0	0	0	0	0	0	0	0	0	0	0	0	0	0	0	0	0	0	0	0	0	0	0	0	0	0	0	0	0	0	0	0	1324	4278	5218	3692	0	806	140	600	636	5104	7696	2232	11824	8318	2376	6464	152	634	548	974	948	2174	10074	0	8512	2840	
