data	data	626848	237572	1.21141e+06	919408	174028	178448	529708	283748	131180	38152	372836	310708	344108	229924	216272	103468	224196	188440	806136	899912	77764	96824	475680	466128	55764	131828	82804	81824	520024	443808	430988	752272	222064	483432	203052	252232	283760	321480	112728	160564	54548	53112	237384	298272	177008	313576	220020	257544	173824	300460	508296	275500	175336	163940	353020	407580	316008	233304	238592	114452	253624	102344	88652	71028	148776	109316	302416	355708	242256	78184	370176	469344	340396	359740	72420	103152	220760	190768	56524	30352	301236	139832	93580	76640	413468	194440	61680	47480	279112	222232	408924	373224	232920	326776	21064	39280	226896	194364	385932	324776	209788	163284	299916	229612	147128	135896	27168	15224	15296	30500	162376	149484	213076	136932	92052	44508	
data	data	Precentral_L	Precentral_R	Frontal_Sup_L	Frontal_Sup_R	Frontal_Sup_Orb_L	Frontal_Sup_Orb_R	Frontal_Mid_L	Frontal_Mid_R	Frontal_Mid_Orb_L	Frontal_Mid_Orb_R	Frontal_Inf_Oper_L	Frontal_Inf_Oper_R	Frontal_Inf_Tri_L	Frontal_Inf_Tri_R	Frontal_Inf_Orb_L	Frontal_Inf_Orb_R	Rolandic_Oper_L	Rolandic_Oper_R	Supp_Motor_Area_L	Supp_Motor_Area_R	Olfactory_L	Olfactory_R	Frontal_Sup_Medial_L	Frontal_Sup_Medial_R	Frontal_Med_Orb_L	Frontal_Med_Orb_R	Rectus_L	Rectus_R	Insula_L	Insula_R	Cingulum_Ant_L	Cingulum_Ant_R	Cingulum_Mid_L	Cingulum_Mid_R	Cingulum_Post_L	Cingulum_Post_R	Hippocampus_L	Hippocampus_R	ParaHippocampal_L	ParaHippocampal_R	Amygdala_L	Amygdala_R	Calcarine_L	Calcarine_R	Cuneus_L	Cuneus_R	Lingual_L	Lingual_R	Occipital_Sup_L	Occipital_Sup_R	Occipital_Mid_L	Occipital_Mid_R	Occipital_Inf_L	Occipital_Inf_R	Fusiform_L	Fusiform_R	Postcentral_L	Postcentral_R	Parietal_Sup_L	Parietal_Sup_R	Parietal_Inf_L	Parietal_Inf_R	SupraMarginal_L	SupraMarginal_R	Angular_L	Angular_R	Precuneus_L	Precuneus_R	Paracentral_Lobule_L	Paracentral_Lobule_R	Caudate_L	Caudate_R	Putamen_L	Putamen_R	Pallidum_L	Pallidum_R	Thalamus_L	Thalamus_R	Heschl_L	Heschl_R	Temporal_Sup_L	Temporal_Sup_R	Temporal_Pole_Sup_L	Temporal_Pole_Sup_R	Temporal_Mid_L	Temporal_Mid_R	Temporal_Pole_Mid_L	Temporal_Pole_Mid_R	Temporal_Inf_L	Temporal_Inf_R	Cerebelum_Crus1_L	Cerebelum_Crus1_R	Cerebelum_Crus2_L	Cerebelum_Crus2_R	Cerebelum_3_L	Cerebelum_3_R	Cerebelum_4_5_L	Cerebelum_4_5_R	Cerebelum_6_L	Cerebelum_6_R	Cerebelum_7b_L	Cerebelum_7b_R	Cerebelum_8_L	Cerebelum_8_R	Cerebelum_9_L	Cerebelum_9_R	Cerebelum_10_L	Cerebelum_10_R	Vermis_1_2	Vermis_3	Vermis_4_5	Vermis_6	Vermis_7	Vermis_8	Vermis_9	Vermis_10	
626848	Precentral_L	0	2816	46944	6604	0	0	14506	950	0	0	10778	672	1882	0	0	0	9568	0	38380	22324	0	0	478	0	0	0	0	0	5882	1150	1168	2538	1468	5204	9156	5942	10066	3800	648	788	0	0	0	0	0	0	164	206	0	0	0	0	0	0	260	184	22370	722	736	348	990	764	170	320	0	0	1074	470	25882	392	8358	3184	8944	172	5620	0	19564	1584	2844	176	3930	0	0	0	130	0	0	0	0	0	0	0	0	0	0	0	0	0	0	0	0	0	0	0	0	0	0	0	0	0	154	0	0	0	0	0	
237572	Precentral_R	2816	0	1418	11812	0	0	144	10604	0	0	114	14000	0	2546	0	0	0	4730	1168	7592	108	232	0	448	0	0	0	0	0	5704	370	936	622	654	914	2482	280	5676	0	130	0	0	0	144	0	0	0	0	0	0	0	0	0	1136	0	1178	1008	13606	0	1068	0	1344	0	430	0	144	0	918	708	908	490	2312	194	4212	0	634	1726	9682	0	280	0	170	0	0	0	0	0	0	0	994	0	0	0	0	0	0	0	0	0	0	0	0	0	0	0	0	0	0	0	0	0	0	0	0	0	0	
1.21141e+06	Frontal_Sup_L	46944	1418	0	16458	9646	732	93608	672	5808	0	22154	2718	19614	1226	9166	0	8646	994	101220	36718	108	0	44692	8498	2186	194	0	0	32500	2602	15488	12118	7152	13430	1170	348	3090	214	372	0	0	0	0	0	0	0	0	0	0	0	0	0	0	0	286	0	4778	620	0	292	0	616	0	242	0	0	0	0	14402	0	14352	5448	21448	756	4540	0	6768	344	1322	0	5746	0	722	0	538	0	0	0	580	0	0	0	0	0	0	0	0	0	0	0	0	0	0	0	0	0	0	0	0	0	0	0	0	0	0	0	
919408	Frontal_Sup_R	6604	11812	16458	0	0	12080	4996	39352	0	1250	5042	11582	2168	11990	132	5448	174	6438	14538	79828	0	578	14000	45236	146	2810	0	414	1424	13210	10510	46408	4074	18834	1386	2026	556	3724	156	1262	0	0	0	0	0	0	0	0	0	0	0	0	0	0	0	176	1118	1062	0	334	0	356	0	0	0	0	0	0	1538	0	2062	17996	254	16836	0	4596	1426	15304	0	0	0	0	0	0	0	0	0	0	0	0	0	0	0	0	0	0	0	0	0	0	0	0	0	0	0	0	0	0	0	0	0	0	0	0	0	0	
174028	Frontal_Sup_Orb_L	0	0	9646	0	0	0	3876	0	17444	0	742	112	5178	0	16384	0	0	0	456	152	1416	0	2688	334	3354	168	9042	134	7416	0	3136	122	0	0	0	0	0	0	0	0	178	0	0	0	0	0	0	0	0	0	0	0	0	0	0	0	0	0	0	0	0	0	0	0	0	0	0	0	0	0	394	110	4036	0	0	0	0	0	0	0	0	0	496	0	0	0	0	0	0	0	0	0	0	0	0	0	0	0	0	0	0	0	0	0	0	0	0	0	0	0	0	0	0	0	0	0	
178448	Frontal_Sup_Orb_R	0	0	732	12080	0	0	140	5436	0	6260	0	0	0	1304	0	7990	0	0	0	206	112	1330	2650	6244	430	13902	332	8726	0	4580	2150	4740	0	172	0	0	0	118	0	0	0	0	0	0	0	0	0	0	0	0	0	0	0	0	0	0	0	0	0	0	0	0	0	0	0	0	0	0	0	0	132	2010	128	6788	0	532	0	0	0	0	0	0	0	0	0	0	0	0	0	0	0	0	0	0	0	0	0	0	0	0	0	0	0	0	0	0	0	0	0	0	0	0	0	0	0	0	
529708	Frontal_Mid_L	14506	144	93608	4996	3876	140	0	192	6324	0	24196	2332	32066	1622	5706	0	536	1014	12580	6688	0	0	18186	2780	0	0	0	0	8202	1836	3398	3198	2792	2536	172	132	356	124	0	0	0	0	0	0	0	0	0	0	0	0	0	0	0	0	0	0	658	0	0	0	0	0	0	0	0	0	0	0	526	0	3446	3002	1304	494	214	0	400	0	134	0	438	0	0	0	0	0	0	0	0	0	0	0	0	0	0	0	0	0	0	0	0	0	0	0	0	0	0	0	0	0	0	0	0	0	0	0	
283748	Frontal_Mid_R	950	10604	672	39352	0	5436	192	0	0	1722	158	10748	0	19874	0	4886	0	4494	730	6024	0	120	1378	8350	0	0	0	0	0	8562	586	4708	310	1772	0	0	0	990	0	964	0	0	0	0	0	0	0	0	0	0	0	0	0	0	0	0	414	510	0	0	0	0	0	0	0	0	0	0	0	0	164	674	0	5576	0	954	0	0	0	0	0	0	0	0	0	0	0	0	0	0	0	0	0	0	0	0	0	0	0	0	0	0	0	0	0	0	0	0	0	0	0	0	0	0	0	0	
131180	Frontal_Mid_Orb_L	0	0	5808	0	17444	0	6324	0	0	0	484	0	5914	0	18156	0	0	0	368	0	0	0	0	0	164	0	4256	0	4584	0	0	0	0	0	0	0	0	0	0	0	0	0	0	0	0	0	0	0	0	0	0	0	0	0	0	0	0	0	0	0	0	0	0	0	0	0	0	0	0	0	198	0	1528	0	0	0	0	0	0	0	0	0	362	0	0	0	0	0	0	0	0	0	0	0	0	0	0	0	0	0	0	0	0	0	0	0	0	0	0	0	0	0	0	0	0	0	
38152	Frontal_Mid_Orb_R	0	0	0	1250	0	6260	0	1722	0	0	0	0	0	410	0	7108	0	0	0	0	0	106	0	0	0	348	0	864	0	840	0	0	0	0	0	0	0	0	0	0	0	0	0	0	0	0	0	0	0	0	0	0	0	0	0	0	0	0	0	0	0	0	0	0	0	0	0	0	0	0	0	0	0	168	0	0	0	0	0	0	0	0	0	0	0	0	0	0	0	0	0	0	0	0	0	0	0	0	0	0	0	0	0	0	0	0	0	0	0	0	0	0	0	0	0	0	
372836	Frontal_Inf_Oper_L	10778	114	22154	5042	742	0	24196	158	484	0	0	7362	19362	1228	2302	0	8770	2894	8444	8086	0	0	2578	198	0	0	0	0	14934	5810	2724	4620	890	160	0	0	408	0	0	0	0	0	0	0	0	0	0	0	0	0	0	0	0	0	0	0	1506	0	0	0	0	0	0	0	0	0	0	0	0	0	14596	8424	1504	316	0	0	0	278	214	0	2302	0	2840	0	0	0	0	0	0	0	0	0	0	0	0	0	0	0	0	0	0	0	0	0	0	0	0	0	0	0	0	0	0	0	0	0	
310708	Frontal_Inf_Oper_R	672	14000	2718	11582	112	0	2332	10748	0	0	7362	0	2754	16020	238	1286	220	10142	1202	7850	0	0	830	2768	0	0	0	0	1298	20062	1816	7708	0	448	0	0	0	420	0	322	0	0	0	0	0	0	0	0	0	0	0	0	0	628	0	742	210	4334	0	296	0	330	0	0	0	0	0	0	0	0	5836	9284	0	6886	0	414	0	568	0	152	0	118	0	0	0	0	0	0	0	646	0	0	0	0	0	0	0	0	0	0	0	0	0	0	0	0	0	0	0	0	0	0	0	0	0	0	
344108	Frontal_Inf_Tri_L	1882	0	19614	2168	5178	0	32066	0	5914	0	19362	2754	0	286	18786	0	1368	848	2642	5242	0	0	2270	374	0	0	124	0	25856	2834	2634	1540	476	0	0	0	104	0	0	0	0	0	0	0	0	0	0	0	0	0	0	0	0	0	0	0	136	0	0	0	0	0	0	0	0	0	0	0	0	0	6836	4788	4346	148	0	0	0	158	0	0	174	0	1146	0	0	0	0	0	0	0	0	0	0	0	0	0	0	0	0	0	0	0	0	0	0	0	0	0	0	0	0	0	0	0	0	0	
229924	Frontal_Inf_Tri_R	0	2546	1226	11990	0	1304	1622	19874	0	410	1228	16020	286	0	0	5188	0	5326	370	3864	0	0	570	4262	0	0	0	0	0	17112	2010	8936	130	914	0	0	0	448	0	434	0	0	0	0	0	0	0	0	0	0	0	0	0	0	0	0	0	538	0	0	0	0	0	0	0	0	0	0	0	0	328	4742	0	2854	0	430	0	0	0	0	0	0	0	0	0	0	0	0	0	0	0	0	0	0	0	0	0	0	0	0	0	0	0	0	0	0	0	0	0	0	0	0	0	0	0	0	
216272	Frontal_Inf_Orb_L	0	0	9166	132	16384	0	5706	0	18156	0	2302	238	18786	0	0	0	204	0	962	206	2008	0	196	0	0	0	3284	0	19910	0	252	122	0	0	0	0	440	0	0	0	756	0	0	0	0	0	0	0	0	0	0	0	0	0	0	0	0	0	0	0	0	0	0	0	0	0	0	0	0	0	548	208	6108	0	0	0	0	0	0	0	0	0	2062	0	0	0	0	0	0	0	0	0	0	0	0	0	0	0	0	0	0	0	0	0	0	0	0	0	0	0	0	0	0	0	0	0	
103468	Frontal_Inf_Orb_R	0	0	0	5448	0	7990	0	4886	0	7108	0	1286	0	5188	0	0	0	0	0	106	0	604	0	850	0	1354	0	1036	0	10136	222	1624	0	0	0	0	0	188	0	172	0	0	0	0	0	0	0	0	0	0	0	0	0	0	0	482	0	0	0	0	0	0	0	0	0	0	0	0	0	0	0	900	0	702	0	0	0	0	0	0	0	0	0	844	0	194	0	140	0	274	0	0	0	0	0	0	0	0	0	0	0	0	0	0	0	0	0	0	0	0	0	0	0	0	0	0	
224196	Rolandic_Oper_L	9568	0	8646	174	0	0	536	0	0	0	8770	220	1368	0	204	0	0	0	7874	238	0	0	0	0	0	0	0	0	16162	228	384	908	0	0	0	0	1442	0	122	0	0	0	0	0	0	0	0	0	210	0	1782	0	668	0	0	0	10554	0	3352	0	3152	0	1918	0	0	0	1114	0	0	0	2160	1090	2092	0	462	0	154	0	3068	0	17238	0	1920	0	3382	0	0	0	938	0	0	0	0	0	0	0	0	0	0	0	0	0	0	0	0	0	0	0	0	0	0	0	0	0	0	0	
188440	Rolandic_Oper_R	0	4730	994	6438	0	0	1014	4494	0	0	2894	10142	848	5326	0	0	0	0	212	4956	0	0	330	764	0	0	0	0	382	20460	746	2494	126	198	0	0	0	360	0	128	0	0	0	0	0	128	0	0	0	130	0	104	0	450	0	582	0	3500	0	208	0	246	0	1822	0	192	0	262	0	0	2060	1624	0	6368	0	1050	0	970	0	2498	0	2698	0	446	0	266	0	0	0	580	0	0	0	0	0	0	0	0	0	0	0	0	0	0	0	0	0	0	0	0	0	0	0	0	0	0	
806136	Supp_Motor_Area_L	38380	1168	101220	14538	456	0	12580	730	368	0	8444	1202	2642	370	962	0	7874	212	0	48942	0	0	12140	5764	0	0	0	0	14748	896	6328	10214	11218	22974	2738	358	2242	102	188	0	0	0	0	0	0	0	0	0	0	0	0	0	0	0	218	0	4634	474	0	218	0	476	0	194	0	0	0	0	18264	0	12144	2704	15648	378	4094	0	5668	302	1052	0	5238	0	376	0	466	0	0	0	522	0	0	0	0	0	0	0	0	0	0	0	0	0	0	0	0	0	0	0	0	0	0	0	0	0	0	0	
899912	Supp_Motor_Area_R	22324	7592	36718	79828	152	206	6688	6024	0	0	8086	7850	5242	3864	206	106	238	4956	48942	0	0	384	7048	11358	0	196	0	0	1878	8786	9392	26902	11012	42652	2158	7660	0	780	0	322	0	0	222	0	346	0	0	0	106	0	668	0	116	172	0	212	1116	1054	0	0	0	0	0	0	0	0	448	960	13778	6790	4982	25252	320	9388	108	3388	492	9820	0	0	0	0	0	0	508	0	0	0	0	160	0	0	0	0	0	0	0	0	0	0	0	0	0	0	0	0	0	0	0	0	0	0	0	0	0	0	
77764	Olfactory_L	0	108	108	0	1416	112	0	0	0	0	0	0	0	0	2008	0	0	0	0	0	0	4774	0	0	540	208	2758	1196	2858	122	2382	1134	0	0	0	0	878	0	488	0	1390	0	0	0	0	0	0	0	0	0	0	0	0	0	200	0	0	0	0	0	0	0	0	0	0	0	0	0	0	0	6344	2690	4468	1288	336	226	0	174	0	0	0	0	676	0	0	0	0	0	0	0	0	0	0	0	0	0	0	0	0	0	0	0	0	0	0	0	0	0	0	0	0	0	0	0	0	0	
96824	Olfactory_R	0	232	0	578	0	1330	0	120	0	106	0	0	0	0	0	604	0	0	0	384	4774	0	0	0	194	2062	1742	3214	0	2092	2398	2720	0	0	0	0	0	276	0	174	0	402	0	0	0	0	0	0	0	0	0	0	0	0	0	0	0	0	0	0	0	0	0	0	0	0	0	0	0	0	7094	7866	4402	2818	668	1096	0	932	0	0	0	0	0	134	0	0	0	0	0	0	0	0	0	0	0	0	0	0	0	0	0	0	0	0	0	0	0	0	0	0	0	0	0	0	0	0	
475680	Frontal_Sup_Medial_L	478	0	44692	14000	2688	2650	18186	1378	0	0	2578	830	2270	570	196	0	0	330	12140	7048	0	0	0	30536	4524	2256	720	300	2994	754	26540	26026	8574	17088	0	0	0	0	0	0	0	0	0	0	0	0	0	0	0	0	0	0	0	0	0	0	0	0	0	0	0	0	0	0	0	0	0	0	0	0	2360	956	3652	404	0	0	0	122	0	0	0	0	0	0	0	0	0	0	0	0	0	0	0	0	0	0	0	0	0	0	0	0	0	0	0	0	0	0	0	0	0	0	0	0	0	0	
466128	Frontal_Sup_Medial_R	0	448	8498	45236	334	6244	2780	8350	0	0	198	2768	374	4262	0	850	0	764	5764	11358	0	0	30536	0	1726	5618	256	590	292	3968	14060	42830	4134	23586	0	0	0	166	0	162	0	0	0	0	0	0	0	0	0	0	0	0	0	0	0	0	0	146	0	0	0	0	0	0	0	0	0	0	0	0	322	1712	312	3838	0	582	0	0	0	0	0	0	0	0	0	0	0	0	0	0	0	0	0	0	0	0	0	0	0	0	0	0	0	0	0	0	0	0	0	0	0	0	0	0	0	0	
55764	Frontal_Med_Orb_L	0	0	2186	146	3354	430	0	0	164	0	0	0	0	0	0	0	0	0	0	0	540	194	4524	1726	0	1466	4256	406	108	0	5418	304	0	0	0	0	0	0	0	0	0	0	0	0	0	0	0	0	0	0	0	0	0	0	0	0	0	0	0	0	0	0	0	0	0	0	0	0	0	0	1102	198	1360	0	0	0	0	0	0	0	0	0	0	0	0	0	0	0	0	0	0	0	0	0	0	0	0	0	0	0	0	0	0	0	0	0	0	0	0	0	0	0	0	0	0	0	
131828	Frontal_Med_Orb_R	0	0	194	2810	168	13902	0	0	0	348	0	0	0	0	0	1354	0	0	0	196	208	2062	2256	5618	1466	0	616	8840	0	2426	4864	6608	0	0	0	0	0	0	0	0	0	0	0	0	0	0	0	0	0	0	0	0	0	0	0	0	0	0	0	0	0	0	0	0	0	0	0	0	0	0	336	3834	276	6964	0	568	0	0	0	0	0	0	0	0	0	0	0	0	0	0	0	0	0	0	0	0	0	0	0	0	0	0	0	0	0	0	0	0	0	0	0	0	0	0	0	0	
82804	Rectus_L	0	0	0	0	9042	332	0	0	4256	0	0	0	124	0	3284	0	0	0	0	0	2758	1742	720	256	4256	616	0	978	854	0	4462	772	0	0	0	0	0	0	0	0	0	0	0	0	0	0	0	0	0	0	0	0	0	0	0	0	0	0	0	0	0	0	0	0	0	0	0	0	0	0	3138	972	2392	448	0	0	0	0	0	0	0	0	0	0	0	0	0	0	0	0	0	0	0	0	0	0	0	0	0	0	0	0	0	0	0	0	0	0	0	0	0	0	0	0	0	0	
81824	Rectus_R	0	0	0	414	134	8726	0	0	0	864	0	0	0	0	0	1036	0	0	0	0	1196	3214	300	590	406	8840	978	0	0	842	1738	3252	0	0	0	0	0	0	0	0	0	0	0	0	0	0	0	0	0	0	0	0	0	0	0	0	0	0	0	0	0	0	0	0	0	0	0	0	0	0	1524	2650	1084	3124	0	0	0	0	0	0	0	0	0	0	0	0	0	0	0	0	0	0	0	0	0	0	0	0	0	0	0	0	0	0	0	0	0	0	0	0	0	0	0	0	0	0	
520024	Insula_L	5882	0	32500	1424	7416	0	8202	0	4584	0	14934	1298	25856	0	19910	0	16162	382	14748	1878	2858	0	2994	292	108	0	854	0	0	896	3690	1466	0	0	550	160	11222	144	2158	0	2400	0	0	0	0	0	336	0	0	0	156	0	342	0	3630	0	4756	0	808	0	1148	0	1164	0	0	0	318	0	0	0	3494	1770	21074	0	394	0	2110	0	5938	0	13222	0	4420	0	3966	0	324	0	5674	0	0	0	0	0	0	0	0	0	0	0	0	0	0	0	0	0	0	0	0	0	0	0	0	0	0	0	
443808	Insula_R	1150	5704	2602	13210	0	4580	1836	8562	0	840	5810	20062	2834	17112	0	10136	228	20460	896	8786	122	2092	754	3968	0	2426	0	842	896	0	2610	14652	160	742	936	1004	718	4426	0	1462	0	598	0	0	0	0	0	0	0	0	0	0	0	640	0	2162	210	1670	0	0	0	106	0	140	0	132	0	176	0	0	4168	11478	124	22540	0	2238	520	1960	0	2298	0	4216	0	1372	0	754	0	102	0	1682	0	0	0	0	0	0	0	0	0	0	0	0	0	0	0	0	0	0	0	0	0	0	0	0	0	0	
430988	Cingulum_Ant_L	1168	370	15488	10510	3136	2150	3398	586	0	0	2724	1816	2634	2010	252	222	384	746	6328	9392	2382	2398	26540	14060	5418	4864	4462	1738	3690	2610	0	35592	6268	5666	0	0	0	0	0	0	0	0	0	0	0	0	0	0	0	0	0	0	0	0	0	0	512	158	0	0	0	0	0	0	0	0	0	0	0	0	9194	12562	8872	4306	0	630	0	258	0	0	0	0	0	0	0	0	0	0	0	0	0	0	0	0	0	0	0	0	0	0	0	0	0	0	0	0	0	0	0	0	0	0	0	0	0	0	
752272	Cingulum_Ant_R	2538	936	12118	46408	122	4740	3198	4708	0	0	4620	7708	1540	8936	122	1624	908	2494	10214	26902	1134	2720	26026	42830	304	6608	772	3252	1466	14652	35592	0	8190	30516	0	0	0	344	0	312	0	0	0	0	0	0	0	0	0	0	0	0	0	0	0	0	1128	404	0	178	0	188	0	0	0	0	0	0	0	0	5964	34994	1416	14428	0	2092	0	662	0	0	128	0	0	0	0	0	0	0	0	0	0	0	0	0	0	0	0	0	0	0	0	0	0	0	0	0	0	0	0	0	0	0	0	0	0	0	
222064	Cingulum_Mid_L	1468	622	7152	4074	0	0	2792	310	0	0	890	0	476	130	0	0	0	126	11218	11012	0	0	8574	4134	0	0	0	0	0	160	6268	8190	0	20014	4844	4632	0	0	0	0	0	0	122	0	704	0	0	0	0	0	128	0	0	0	0	0	696	1194	154	0	0	0	0	0	0	0	3132	3288	3094	1434	0	0	0	0	0	0	0	0	0	0	0	0	0	0	0	0	0	0	0	0	0	0	0	0	0	0	0	0	0	0	0	0	0	0	0	0	0	0	0	0	0	0	0	0	0	0	
483432	Cingulum_Mid_R	5204	654	13430	18834	0	172	2536	1772	0	0	160	448	0	914	0	0	0	198	22974	42652	0	0	17088	23586	0	0	0	0	0	742	5666	30516	20014	0	1730	9878	0	0	0	0	0	0	0	0	222	348	0	130	0	108	114	108	0	0	0	0	0	2032	0	0	0	0	0	0	0	0	1042	6086	5956	5962	0	122	0	216	0	0	0	0	0	0	0	0	0	0	102	0	0	0	0	0	0	0	0	0	0	0	0	0	0	0	0	0	0	0	0	0	0	0	0	0	0	0	0	0	0	0	
203052	Cingulum_Post_L	9156	914	1170	1386	0	0	172	0	0	0	0	0	0	0	0	0	0	0	2738	2158	0	0	0	0	0	0	0	0	550	936	0	0	4844	1730	0	11382	8116	6240	2528	1176	0	0	2842	0	2198	0	2100	498	0	0	354	0	170	0	1070	202	4898	110	0	0	2782	0	178	0	0	0	9126	2084	7072	660	0	0	214	240	0	0	5976	2386	0	206	130	0	0	0	352	0	0	0	204	0	0	0	0	0	0	0	0	0	0	0	0	0	0	0	0	0	0	0	0	0	278	0	0	0	0	0	
252232	Cingulum_Post_R	5942	2482	348	2026	0	0	132	0	0	0	0	0	0	0	0	0	0	0	358	7660	0	0	0	0	0	0	0	0	160	1004	0	0	4632	9878	11382	0	4476	11916	750	2342	0	0	0	1774	0	540	0	5214	0	124	0	894	0	906	394	1446	196	6076	0	216	0	464	0	0	0	0	620	13890	1886	5288	436	0	0	408	148	0	9340	6052	0	220	0	184	0	0	0	952	0	0	124	982	0	0	0	0	0	0	0	0	0	0	0	0	0	0	0	0	0	0	0	0	1854	0	0	0	0	0	
283760	Hippocampus_L	10066	280	3090	556	0	0	356	0	0	0	408	0	104	0	440	0	1442	0	2242	0	878	0	0	0	0	0	0	0	11222	718	0	0	0	0	8116	4476	0	3780	14164	858	6816	0	1538	0	252	0	3032	332	0	0	112	0	278	0	13492	154	1556	0	190	0	172	0	0	0	0	0	3770	368	1104	0	710	0	6618	0	984	0	6912	636	3720	198	4884	0	2244	0	4454	0	2016	0	11918	0	0	0	0	0	0	0	0	0	0	0	0	0	0	0	0	0	0	0	0	0	224	0	0	0	0	0	
321480	Hippocampus_R	3800	5676	214	3724	0	118	124	990	0	0	0	420	0	448	0	188	0	360	102	780	0	276	0	166	0	0	0	0	144	4426	0	344	0	0	6240	11916	3780	0	548	21484	0	8320	0	1070	0	104	0	5158	0	0	0	122	0	2358	282	20334	164	1084	0	140	0	194	0	142	0	0	0	5328	392	136	372	152	0	8358	134	5242	7050	7728	0	1128	0	4032	0	3424	0	2446	0	1266	108	5648	0	0	0	0	0	0	0	468	0	0	0	0	0	0	0	0	0	0	0	0	1588	0	0	0	0	0	
112728	ParaHippocampal_L	648	0	372	156	0	0	0	0	0	0	0	0	0	0	0	0	122	0	188	0	488	0	0	0	0	0	0	0	2158	0	0	0	0	0	2528	750	14164	548	0	108	2106	0	1146	0	242	0	3458	0	0	0	0	0	912	0	9264	0	0	0	0	0	0	0	0	0	0	0	1902	0	0	0	0	0	1358	0	0	0	1228	198	0	0	1800	0	1642	0	1164	0	2108	0	4878	0	0	0	0	0	164	0	268	0	148	0	0	0	0	0	0	0	0	0	0	148	0	0	0	0	0	0	
160564	ParaHippocampal_R	788	130	0	1262	0	0	0	964	0	0	0	322	0	434	0	172	0	128	0	322	0	174	0	162	0	0	0	0	0	1462	0	312	0	0	1176	2342	858	21484	108	0	0	5822	0	636	0	0	0	3532	0	0	0	0	0	392	0	12776	0	0	0	0	0	0	0	0	0	0	0	2014	0	0	0	0	0	5206	0	4290	1444	1766	0	0	0	314	0	3962	0	412	0	2866	0	1056	0	0	0	0	0	0	0	1042	0	0	0	0	0	0	0	0	0	0	0	0	152	0	0	0	0	0	
54548	Amygdala_L	0	0	0	0	178	0	0	0	0	0	0	0	0	0	756	0	0	0	0	0	1390	0	0	0	0	0	0	0	2400	0	0	0	0	0	0	0	6816	0	2106	0	0	0	0	0	0	0	0	0	0	0	0	0	0	0	4420	0	0	0	0	0	0	0	0	0	0	0	0	0	0	0	0	0	284	0	0	0	0	0	0	0	144	0	1766	0	2324	0	1622	0	3068	0	0	0	0	0	0	0	0	0	0	0	0	0	0	0	0	0	0	0	0	0	0	0	0	0	0	0	
53112	Amygdala_R	0	0	0	0	0	0	0	0	0	0	0	0	0	0	0	0	0	0	0	0	0	402	0	0	0	0	0	0	0	598	0	0	0	0	0	0	0	8320	0	5822	0	0	0	0	0	0	0	0	0	0	0	0	0	0	0	5080	0	0	0	0	0	0	0	0	0	0	0	0	0	0	0	158	0	342	0	124	0	0	0	0	0	0	0	3252	0	156	0	1332	0	970	0	0	0	0	0	0	0	0	0	0	0	0	0	0	0	0	0	0	0	0	0	0	0	0	0	0	
237384	Calcarine_L	0	0	0	0	0	0	0	0	0	0	0	0	0	0	0	0	0	0	0	222	0	0	0	0	0	0	0	0	0	0	0	0	122	0	2842	0	1538	0	1146	0	0	0	0	5986	12474	4794	17142	2372	9280	3156	24220	698	9324	278	2472	514	394	0	290	0	0	0	0	0	0	0	12340	172	374	0	0	0	0	0	0	0	0	0	0	0	0	0	0	0	5668	0	0	0	434	0	0	0	0	0	0	0	154	0	138	0	0	0	0	0	0	0	0	0	0	0	148	0	0	0	0	0	
298272	Calcarine_R	0	144	0	0	0	0	0	0	0	0	0	0	0	0	0	0	0	0	0	0	0	0	0	0	0	0	0	0	0	0	0	0	0	0	0	1774	0	1070	0	636	0	0	5986	0	3462	26684	1810	20246	396	22676	324	15414	0	9692	0	10826	0	2644	0	0	0	240	0	184	0	168	418	14222	0	962	0	0	0	0	0	0	0	0	0	0	0	212	0	0	0	5836	0	0	0	2724	0	0	0	0	0	0	0	0	0	0	0	0	0	0	0	0	0	0	0	0	386	0	0	0	0	0	
177008	Cuneus_L	0	0	0	0	0	0	0	0	0	0	0	0	0	0	0	0	0	0	0	346	0	0	0	0	0	0	0	0	0	0	0	0	704	222	2198	0	252	0	242	0	0	0	12474	3462	0	5128	3170	228	17546	3430	14568	1006	1274	0	142	0	1532	0	2678	0	226	0	0	0	0	0	12584	668	1684	0	0	0	0	0	0	0	0	0	0	0	0	0	0	0	2740	0	0	0	0	0	0	0	0	0	0	0	0	0	0	0	0	0	0	0	0	0	0	0	0	0	0	0	0	0	0	0	
313576	Cuneus_R	0	0	0	0	0	0	0	0	0	0	0	0	0	0	0	0	0	128	0	0	0	0	0	0	0	0	0	0	0	0	0	0	0	348	0	540	0	104	0	0	0	0	4794	26684	5128	0	976	5304	574	42502	374	24394	0	1752	0	2150	0	5304	0	4592	0	690	0	248	0	1400	1612	22760	0	924	0	0	0	0	0	0	0	0	0	0	0	418	0	0	0	1654	0	0	0	1158	0	0	0	0	0	0	0	0	0	0	0	0	0	0	0	0	0	0	0	0	276	0	0	0	0	0	
220020	Lingual_L	164	0	0	0	0	0	0	0	0	0	0	0	0	0	0	0	0	0	0	0	0	0	0	0	0	0	0	0	336	0	0	0	0	0	2100	0	3032	0	3458	0	0	0	17142	1810	3170	976	0	2688	3564	886	16072	218	8694	326	10822	682	152	0	120	0	0	0	0	0	0	0	5144	0	0	0	0	0	120	0	0	0	1232	0	0	0	162	0	0	0	1112	0	0	0	1420	0	3220	398	194	126	0	0	5644	268	7800	1010	0	0	156	0	372	0	0	0	0	0	2638	1962	620	0	0	0	
257544	Lingual_R	206	0	0	0	0	0	0	0	0	0	0	0	0	0	0	0	0	0	0	0	0	0	0	0	0	0	0	0	0	0	0	0	0	130	498	5214	332	5158	0	3532	0	0	2372	20246	228	5304	2688	0	0	5742	0	2814	0	6730	218	17260	0	1678	0	0	0	296	0	0	0	0	0	10160	0	210	0	0	0	0	0	0	390	416	0	0	0	0	0	0	0	666	0	0	0	666	1430	5976	146	238	0	0	1202	4292	2784	8136	0	0	0	0	226	0	0	0	0	0	5090	5424	674	0	0	0	
173824	Occipital_Sup_L	0	0	0	0	0	0	0	0	0	0	0	0	0	0	0	0	210	0	0	106	0	0	0	0	0	0	0	0	0	0	0	0	0	0	0	0	0	0	0	0	0	0	9280	396	17546	574	3564	0	0	364	30382	110	864	0	0	0	1906	0	7728	0	1074	0	0	0	528	0	9632	0	466	0	0	0	0	0	0	0	0	0	0	0	596	0	0	0	1484	0	0	0	102	0	0	0	0	0	0	0	0	0	0	0	0	0	0	0	0	0	0	0	0	0	0	0	0	0	0	0	
300460	Occipital_Sup_R	0	0	0	0	0	0	0	0	0	0	0	0	0	0	0	0	0	130	0	0	0	0	0	0	0	0	0	0	0	0	0	0	0	108	0	124	0	0	0	0	0	0	3156	22676	3430	42502	886	5742	364	0	318	28894	0	1410	0	2208	0	5120	0	7402	0	914	0	400	0	3722	382	18386	0	222	0	0	0	0	0	0	0	0	0	0	0	332	0	0	0	1098	0	0	0	304	0	0	0	0	0	0	0	0	0	0	0	0	0	0	0	0	0	0	0	0	0	0	0	0	0	0	
508296	Occipital_Mid_L	0	0	0	0	0	0	0	0	0	0	0	0	0	0	0	0	1782	0	0	668	0	0	0	0	0	0	0	0	156	0	0	0	128	114	354	0	112	0	0	0	0	0	24220	324	14568	374	16072	0	30382	318	0	0	28130	0	6096	0	6190	0	20804	0	15830	0	930	0	21490	0	21890	0	1408	0	0	0	0	0	0	0	0	0	198	0	4472	0	0	0	34124	0	0	0	3014	0	0	0	0	0	0	0	0	0	0	0	0	0	0	0	0	0	0	0	0	0	0	0	0	0	0	0	
275500	Occipital_Mid_R	0	0	0	0	0	0	0	0	0	0	0	0	0	0	0	0	0	104	0	0	0	0	0	0	0	0	0	0	0	0	0	0	0	108	0	894	0	122	0	0	0	0	698	15414	1006	24394	218	2814	110	28894	0	0	0	5102	0	3062	0	3228	0	4672	0	2662	0	486	0	12194	172	15806	0	218	0	0	0	0	0	0	0	0	0	0	0	598	0	0	0	12212	0	0	0	2562	0	0	0	0	0	0	0	0	0	0	0	0	0	0	0	0	0	0	0	0	0	0	0	0	0	0	
175336	Occipital_Inf_L	0	0	0	0	0	0	0	0	0	0	0	0	0	0	0	0	668	0	0	116	0	0	0	0	0	0	0	0	342	0	0	0	0	0	170	0	278	0	912	0	0	0	9324	0	1274	0	8694	0	864	0	28130	0	0	0	8332	0	1008	0	374	0	506	0	0	0	0	0	3002	0	106	0	0	0	0	0	0	0	0	0	584	0	914	0	0	0	14686	0	0	0	7264	0	0	0	0	0	0	0	0	0	120	0	0	0	0	0	0	0	0	0	0	0	0	0	0	0	0	0	
163940	Occipital_Inf_R	0	1136	0	0	0	0	0	0	0	0	0	628	0	0	0	0	0	450	0	172	0	0	0	0	0	0	0	0	0	640	0	0	0	0	0	906	0	2358	0	392	0	0	278	9692	0	1752	326	6730	0	1410	0	5102	0	0	0	23506	0	1302	0	0	0	0	0	116	0	106	0	5592	0	470	0	0	0	0	0	0	0	0	0	510	0	2772	0	0	0	1896	0	0	0	12668	0	0	0	0	0	0	0	0	0	174	0	0	0	0	0	0	0	0	0	0	738	148	0	0	0	0	
353020	Fusiform_L	260	0	286	0	0	0	0	0	0	0	0	0	0	0	0	0	0	0	218	0	200	0	0	0	0	0	0	0	3630	0	0	0	0	0	1070	394	13492	282	9264	0	4420	0	2472	0	142	0	10822	218	0	0	6096	0	8332	0	0	0	0	0	0	0	0	0	0	0	0	0	796	0	0	0	0	0	556	0	0	0	904	0	0	0	4652	0	4222	0	12654	0	5484	0	25826	0	19008	0	2940	0	0	0	9822	0	22092	142	2420	0	2248	0	0	0	0	0	0	0	594	404	148	0	0	0	
407580	Fusiform_R	184	1178	0	176	0	0	0	0	0	0	0	742	0	0	0	482	0	582	0	212	0	0	0	0	0	0	0	0	0	2162	0	0	0	0	202	1446	154	20334	0	12776	0	5080	514	10826	0	2150	682	17260	0	2208	0	3062	0	23506	0	0	0	1330	0	154	0	138	0	282	0	236	0	6064	0	470	0	0	0	1660	0	1056	274	1624	0	766	0	8470	0	7766	0	4910	0	4680	0	25636	298	9590	0	1714	0	216	166	5222	628	10618	0	0	0	0	0	0	0	0	0	0	1900	1602	402	0	0	0	
316008	Postcentral_L	22370	1008	4778	1118	0	0	658	414	0	0	1506	210	136	0	0	0	10554	0	4634	1116	0	0	0	0	0	0	0	0	4756	210	512	1128	696	0	4898	196	1556	164	0	0	0	0	394	0	1532	0	152	0	1906	0	6190	0	1008	0	0	0	0	0	14996	0	26638	0	8660	0	2252	0	9668	0	2794	0	386	1344	1956	0	538	0	1004	0	2378	0	7458	0	0	0	3352	0	0	0	780	0	0	0	0	0	0	0	0	0	0	0	0	0	0	0	0	0	0	0	0	0	0	0	0	0	0	0	
233304	Postcentral_R	722	13606	620	1062	0	0	0	510	0	0	0	4334	0	538	0	0	0	3500	474	1054	0	0	0	146	0	0	0	0	0	1670	158	404	1194	2032	110	6076	0	1084	0	0	0	0	0	2644	0	5304	0	1678	0	5120	0	3228	0	1302	0	1330	0	0	0	10046	0	9192	0	5542	0	1486	488	14202	774	6472	0	1242	0	1932	0	684	0	600	0	328	0	686	0	0	0	1492	0	0	0	1074	0	0	0	0	0	0	0	0	0	0	0	0	0	0	0	0	0	0	0	0	512	0	0	0	0	0	
238592	Parietal_Sup_L	736	0	0	0	0	0	0	0	0	0	0	0	0	0	0	0	3352	0	0	0	0	0	0	0	0	0	0	0	808	0	0	0	154	0	0	0	190	0	0	0	0	0	290	0	2678	0	120	0	7728	0	20804	0	374	0	0	0	14996	0	0	0	23860	0	5652	0	10290	0	17478	0	406	0	0	0	336	0	202	0	104	0	0	0	5042	0	0	0	3272	0	0	0	424	0	0	0	0	0	0	0	0	0	0	0	0	0	0	0	0	0	0	0	0	0	0	0	0	0	0	0	
114452	Parietal_Sup_R	348	1068	292	334	0	0	0	0	0	0	0	296	0	0	0	0	0	208	218	0	0	0	0	0	0	0	0	0	0	0	0	178	0	0	0	216	0	140	0	0	0	0	0	0	0	4592	0	0	0	7402	0	4672	0	0	0	154	0	10046	0	0	0	11084	0	2734	0	3974	548	7342	280	0	0	480	0	132	0	0	0	0	0	0	0	262	0	0	0	114	0	0	0	112	0	0	0	0	0	0	0	0	0	0	0	0	0	0	0	0	0	0	0	0	0	0	0	0	0	0	
253624	Parietal_Inf_L	990	0	0	0	0	0	0	0	0	0	0	0	0	0	0	0	3152	0	0	0	0	0	0	0	0	0	0	0	1148	0	0	0	0	0	2782	0	172	0	0	0	0	0	0	0	226	0	0	0	1074	0	15830	0	506	0	0	0	26638	0	23860	0	0	0	11380	0	20614	0	6624	0	0	0	0	0	280	0	190	0	0	0	130	0	5852	0	0	0	4686	0	0	0	678	0	0	0	0	0	0	0	0	0	0	0	0	0	0	0	0	0	0	0	0	0	0	0	0	0	0	0	
102344	Parietal_Inf_R	764	1344	616	356	0	0	0	0	0	0	0	330	0	0	0	0	0	246	476	0	0	0	0	0	0	0	0	0	0	106	0	188	0	0	0	464	0	194	0	0	0	0	0	240	0	690	0	296	0	914	0	2662	0	0	0	138	0	9192	0	11084	0	0	0	7862	0	8562	0	1276	634	0	0	610	0	138	0	154	0	0	0	0	0	340	0	0	0	1296	0	0	0	0	0	0	0	0	0	0	0	0	0	0	0	0	0	0	0	0	0	0	0	0	0	0	0	0	0	0	
88652	SupraMarginal_L	170	0	0	0	0	0	0	0	0	0	0	0	0	0	0	0	1918	0	0	0	0	0	0	0	0	0	0	0	1164	0	0	0	0	0	178	0	0	0	0	0	0	0	0	0	0	0	0	0	0	0	930	0	0	0	0	0	8660	0	5652	0	11380	0	0	0	3712	0	1960	0	0	0	0	0	0	0	0	0	0	0	0	0	6184	0	0	0	2418	0	0	0	0	0	0	0	0	0	0	0	0	0	0	0	0	0	0	0	0	0	0	0	0	0	0	0	0	0	0	0	
71028	SupraMarginal_R	320	430	242	0	0	0	0	0	0	0	0	0	0	0	0	0	0	1822	194	0	0	0	0	0	0	0	0	0	0	140	0	0	0	0	0	0	0	142	0	0	0	0	0	184	0	248	0	0	0	400	0	486	0	116	0	282	0	5542	0	2734	0	7862	0	0	0	5780	0	1012	264	0	0	104	0	0	0	0	0	0	0	312	0	4448	0	0	0	2188	0	0	0	262	0	0	0	0	0	0	0	0	0	0	0	0	0	0	0	0	0	0	0	0	0	0	0	0	0	0	
148776	Angular_L	0	0	0	0	0	0	0	0	0	0	0	0	0	0	0	0	0	0	0	0	0	0	0	0	0	0	0	0	0	0	0	0	0	0	0	0	0	0	0	0	0	0	0	0	0	0	0	0	528	0	21490	0	0	0	0	0	2252	0	10290	0	20614	0	3712	0	0	0	3308	0	0	0	0	0	0	0	0	0	0	0	0	0	2968	0	0	0	9040	0	0	0	186	0	0	0	0	0	0	0	0	0	0	0	0	0	0	0	0	0	0	0	0	0	0	0	0	0	0	0	
109316	Angular_R	0	144	0	0	0	0	0	0	0	0	0	0	0	0	0	0	0	192	0	0	0	0	0	0	0	0	0	0	0	132	0	0	0	0	0	0	0	0	0	0	0	0	0	168	0	1400	0	0	0	3722	0	12194	0	106	0	236	0	1486	0	3974	0	8562	0	5780	0	0	0	1390	0	0	0	0	0	0	0	0	0	0	0	174	0	4862	0	0	0	9742	0	0	0	394	0	0	0	0	0	0	0	0	0	0	0	0	0	0	0	0	0	0	0	0	0	0	0	0	0	0	
302416	Precuneus_L	1074	0	0	0	0	0	0	0	0	0	0	0	0	0	0	0	1114	0	0	448	0	0	0	0	0	0	0	0	318	0	0	0	3132	1042	9126	620	3770	0	1902	0	0	0	12340	418	12584	1612	5144	0	9632	382	21890	172	3002	0	796	0	9668	488	17478	548	6624	0	1960	0	3308	0	0	4738	3822	0	0	0	108	0	0	0	174	0	0	0	2648	0	0	0	8492	0	0	0	634	0	0	0	0	0	0	0	0	0	0	0	0	0	0	0	0	0	0	0	0	0	0	0	0	0	0	0	
355708	Precuneus_R	470	918	0	0	0	0	0	0	0	0	0	0	0	0	0	0	0	262	0	960	0	0	0	0	0	0	0	0	0	176	0	0	3288	6086	2084	13890	368	5328	0	2014	0	0	172	14222	668	22760	0	10160	0	18386	0	15806	0	5592	0	6064	0	14202	0	7342	0	1276	0	1012	0	1390	4738	0	284	5630	0	0	0	154	0	0	856	548	0	0	0	828	0	0	0	2516	0	0	0	4338	0	0	0	0	0	0	0	0	0	0	0	0	0	0	0	0	0	0	0	0	3066	0	0	0	0	0	
242256	Paracentral_Lobule_L	25882	708	14402	1538	0	0	526	0	0	0	0	0	0	0	0	0	0	0	18264	13778	0	0	0	0	0	0	0	0	0	0	0	0	3094	5956	7072	1886	1104	392	0	0	0	0	374	0	1684	0	0	0	466	0	1408	0	106	0	0	0	2794	774	406	280	0	634	0	264	0	0	3822	284	0	1376	2368	110	230	0	1472	0	6910	208	0	0	0	0	0	0	556	0	0	0	0	0	0	0	0	0	0	0	0	0	0	0	0	0	0	0	0	0	0	0	0	0	0	0	0	0	0	0	
78184	Paracentral_Lobule_R	392	908	0	0	0	0	0	0	0	0	0	0	0	0	0	0	0	0	0	6790	0	0	0	0	0	0	0	0	0	0	0	0	1434	5962	660	5288	0	136	0	0	0	0	0	962	0	924	0	210	0	222	0	218	0	470	0	470	0	6472	0	0	0	0	0	0	0	0	0	5630	1376	0	0	0	0	0	0	0	0	0	0	0	0	0	0	0	0	0	0	0	0	426	0	0	0	0	0	0	0	0	0	0	0	0	0	0	0	0	0	0	0	0	142	0	0	0	0	0	
370176	Caudate_L	8358	490	14352	2062	394	132	3446	164	198	0	14596	5836	6836	328	548	0	2160	2060	12144	4982	6344	7094	2360	322	1102	336	3138	1524	3494	4168	9194	5964	0	0	0	436	710	372	0	0	0	0	0	0	0	0	0	0	0	0	0	0	0	0	0	0	386	0	0	0	0	0	0	0	0	0	0	0	2368	0	0	14894	19310	3950	4990	1452	9088	2024	0	0	294	0	688	0	0	0	0	0	0	0	0	0	0	0	0	0	0	0	0	0	0	0	0	0	0	0	0	0	0	0	0	0	0	0	0	0	
469344	Caudate_R	3184	2312	5448	17996	110	2010	3002	674	0	0	8424	9284	4788	4742	208	900	1090	1624	2704	25252	2690	7866	956	1712	198	3834	972	2650	1770	11478	12562	34994	0	122	0	0	0	152	0	0	0	158	0	0	0	0	0	0	0	0	0	0	0	0	0	0	1344	1242	0	480	0	610	0	104	0	0	0	0	110	0	14894	0	4206	17522	550	5738	510	10854	0	200	132	194	116	0	0	0	0	0	0	0	0	0	0	0	0	0	0	0	0	0	0	0	0	0	0	0	0	0	0	0	0	0	0	0	0	0	
340396	Putamen_L	8944	194	21448	254	4036	128	1304	0	1528	0	1504	0	4346	0	6108	0	2092	0	15648	320	4468	4402	3652	312	1360	276	2392	1084	21074	124	8872	1416	0	0	214	0	6618	0	1358	0	284	0	0	0	0	0	120	0	0	0	0	0	0	0	556	0	1956	0	336	0	280	0	0	0	0	0	108	0	230	0	19310	4206	0	1878	7612	1276	2484	212	326	0	1382	0	848	0	468	0	0	0	850	0	0	0	0	0	0	0	0	0	0	0	0	0	0	0	0	0	0	0	0	0	0	0	0	0	0	0	
359740	Putamen_R	172	4212	756	16836	0	6788	494	5576	0	168	316	6886	148	2854	0	702	0	6368	378	9388	1288	2818	404	3838	0	6964	448	3124	0	22540	4306	14428	0	216	240	408	0	8358	0	5206	0	342	0	0	0	0	0	0	0	0	0	0	0	0	0	1660	0	1932	0	132	0	138	0	0	0	0	0	154	0	0	3950	17522	1878	0	140	10178	348	4052	0	232	0	368	0	0	0	0	0	0	0	216	0	0	0	0	0	0	0	0	0	0	0	0	0	0	0	0	0	0	0	0	0	0	0	0	0	0	
72420	Pallidum_L	5620	0	4540	0	0	0	214	0	0	0	0	0	0	0	0	0	462	0	4094	108	336	668	0	0	0	0	0	0	394	0	0	0	0	0	0	148	984	134	0	0	0	0	0	0	0	0	0	0	0	0	0	0	0	0	0	0	538	0	202	0	190	0	0	0	0	0	0	0	1472	0	4990	550	7612	140	0	434	1996	176	208	0	0	0	0	0	0	0	0	0	0	0	0	0	0	0	0	0	0	0	0	0	0	0	0	0	0	0	0	0	0	0	0	0	0	0	0	0	
103152	Pallidum_R	0	634	0	4596	0	532	0	954	0	0	0	414	0	430	0	0	0	1050	0	3388	226	1096	0	582	0	568	0	0	0	2238	630	2092	0	0	0	0	0	5242	0	4290	0	124	0	0	0	0	0	0	0	0	0	0	0	0	0	1056	0	684	0	0	0	154	0	0	0	0	0	0	0	0	1452	5738	1276	10178	434	0	0	758	0	154	0	270	0	0	0	148	0	0	0	188	0	0	0	0	0	0	0	0	0	0	0	0	0	0	0	0	0	0	0	0	0	0	0	0	0	0	
220760	Thalamus_L	19564	1726	6768	1426	0	0	400	0	0	0	0	0	0	0	0	0	154	0	5668	492	0	0	0	0	0	0	0	0	2110	520	0	0	0	0	5976	9340	6912	7050	1228	1444	0	0	0	0	0	0	1232	390	0	0	0	0	0	0	904	274	1004	0	104	0	0	0	0	0	0	0	174	856	6910	0	9088	510	2484	348	1996	0	0	11670	0	0	374	0	0	0	270	0	0	0	840	0	0	0	0	0	0	0	0	0	0	0	0	0	0	0	0	0	0	0	0	0	174	0	0	0	0	0	
190768	Thalamus_R	1584	9682	344	15304	0	0	0	0	0	0	278	568	158	0	0	0	0	970	302	9820	174	932	122	0	0	0	0	0	0	1960	258	662	0	0	2386	6052	636	7728	198	1766	0	0	0	0	0	0	0	416	0	0	0	0	0	0	0	1624	0	600	0	0	0	0	0	0	0	0	0	548	208	0	2024	10854	212	4052	176	758	11670	0	0	0	0	162	0	0	0	0	0	0	0	196	0	0	0	0	0	0	0	0	0	0	0	0	0	0	0	0	0	0	0	0	0	0	0	0	0	0	
56524	Heschl_L	2844	0	1322	0	0	0	134	0	0	0	214	0	0	0	0	0	3068	0	1052	0	0	0	0	0	0	0	0	0	5938	0	0	0	0	0	0	0	3720	0	0	0	0	0	0	0	0	0	0	0	0	0	198	0	584	0	0	0	2378	0	0	0	130	0	0	0	0	0	0	0	0	0	0	0	326	0	208	0	0	0	0	0	3924	0	0	0	1338	0	0	0	884	0	0	0	0	0	0	0	0	0	0	0	0	0	0	0	0	0	0	0	0	0	0	0	0	0	0	0	
30352	Heschl_R	176	280	0	0	0	0	0	0	0	0	0	152	0	0	0	0	0	2498	0	0	0	0	0	0	0	0	0	0	0	2298	0	0	0	0	206	220	198	1128	0	0	0	0	0	0	0	0	0	0	0	0	0	0	0	510	0	766	0	328	0	0	0	0	0	312	0	174	0	0	0	0	0	200	0	232	0	154	0	0	0	0	0	3618	0	142	0	874	0	0	0	710	0	0	0	0	0	0	0	0	0	0	0	0	0	0	0	0	0	0	0	0	0	0	0	0	0	0	
301236	Temporal_Sup_L	3930	0	5746	0	0	0	438	0	0	0	2302	0	174	0	0	0	17238	0	5238	0	0	0	0	0	0	0	0	0	13222	0	0	128	0	0	130	0	4884	0	1800	0	144	0	0	0	0	0	162	0	596	0	4472	0	914	0	4652	0	7458	0	5042	0	5852	0	6184	0	2968	0	2648	0	0	0	294	132	1382	0	0	0	374	0	3924	0	0	0	5214	0	29164	0	682	0	12754	0	116	0	0	0	0	0	130	0	130	0	0	0	0	0	0	0	0	0	0	0	0	0	0	0	0	0	
139832	Temporal_Sup_R	0	170	0	0	0	0	0	0	0	0	0	118	0	0	0	0	0	2698	0	0	0	0	0	0	0	0	0	0	0	4216	0	0	0	0	0	184	0	4032	0	314	0	0	0	212	0	418	0	0	0	332	0	598	0	2772	0	8470	0	686	0	262	0	340	0	4448	0	4862	0	828	0	0	0	194	0	368	0	270	0	162	0	3618	0	0	0	2692	0	16982	0	762	0	8908	0	0	0	0	0	0	0	0	0	0	0	0	0	0	0	0	0	0	0	0	0	0	0	0	0	0	
93580	Temporal_Pole_Sup_L	0	0	722	0	496	0	0	0	362	0	2840	0	1146	0	2062	0	1920	0	376	0	676	0	0	0	0	0	0	0	4420	0	0	0	0	0	0	0	2244	0	1642	0	1766	0	0	0	0	0	0	0	0	0	0	0	0	0	4222	0	0	0	0	0	0	0	0	0	0	0	0	0	0	0	688	116	848	0	0	0	0	0	0	0	5214	0	0	0	6020	0	4648	0	4362	0	0	0	0	0	0	0	0	0	0	0	0	0	0	0	0	0	0	0	0	0	0	0	0	0	0	0	
76640	Temporal_Pole_Sup_R	0	0	0	0	0	0	0	0	0	0	0	0	0	0	0	844	0	446	0	0	0	134	0	0	0	0	0	0	0	1372	0	0	0	0	0	0	0	3424	0	3962	0	3252	0	0	0	0	0	0	0	0	0	0	0	0	0	7766	0	0	0	0	0	0	0	0	0	0	0	0	0	0	0	0	0	0	0	0	0	0	0	142	0	2692	0	0	0	3200	0	5856	0	5230	0	0	0	0	0	0	0	0	0	0	0	0	0	0	0	0	0	0	0	0	0	0	0	0	0	0	
413468	Temporal_Mid_L	130	0	538	0	0	0	0	0	0	0	0	0	0	0	0	0	3382	0	466	508	0	0	0	0	0	0	0	0	3966	0	0	0	0	102	352	0	4454	0	1164	0	2324	0	5668	0	2740	0	1112	0	1484	0	34124	0	14686	0	12654	0	3352	0	3272	0	4686	0	2418	0	9040	0	8492	0	556	0	0	0	468	0	0	0	270	0	1338	0	29164	0	6020	0	0	0	7756	0	40048	0	0	0	0	0	0	0	0	0	0	0	0	0	0	0	0	0	0	0	0	0	0	0	0	0	0	0	
194440	Temporal_Mid_R	0	0	0	0	0	0	0	0	0	0	0	0	0	0	0	194	0	266	0	0	0	0	0	0	0	0	0	0	0	754	0	0	0	0	0	952	0	2446	0	412	0	156	0	5836	0	1654	0	666	0	1098	0	12212	0	1896	0	4910	0	1492	0	114	0	1296	0	2188	0	9742	0	2516	0	0	0	0	0	0	0	148	0	0	0	874	0	16982	0	3200	0	0	0	2696	0	22410	0	0	0	0	0	0	0	0	0	0	0	0	0	0	0	0	0	0	0	0	110	0	0	0	0	0	
61680	Temporal_Pole_Mid_L	0	0	0	0	0	0	0	0	0	0	0	0	0	0	0	0	0	0	0	0	0	0	0	0	0	0	0	0	324	0	0	0	0	0	0	0	2016	0	2108	0	1622	0	0	0	0	0	0	0	0	0	0	0	0	0	5484	0	0	0	0	0	0	0	0	0	0	0	0	0	0	0	0	0	0	0	0	0	0	0	0	0	682	0	4648	0	7756	0	0	0	6200	0	0	0	0	0	0	0	0	0	0	0	0	0	0	0	0	0	0	0	0	0	0	0	0	0	0	0	
47480	Temporal_Pole_Mid_R	0	0	0	0	0	0	0	0	0	0	0	0	0	0	0	140	0	0	0	0	0	0	0	0	0	0	0	0	0	102	0	0	0	0	0	0	0	1266	0	2866	0	1332	0	0	0	0	0	0	0	0	0	0	0	0	0	4680	0	0	0	0	0	0	0	0	0	0	0	0	0	0	0	0	0	0	0	0	0	0	0	0	0	762	0	5856	0	2696	0	0	0	4040	0	0	0	0	0	0	0	0	0	0	0	0	0	0	0	0	0	0	0	0	0	0	0	0	0	0	
279112	Temporal_Inf_L	0	0	580	0	0	0	0	0	0	0	0	0	0	0	0	0	938	0	522	0	0	0	0	0	0	0	0	0	5674	0	0	0	0	0	204	124	11918	108	4878	0	3068	0	434	0	0	0	1420	0	102	0	3014	0	7264	0	25826	0	780	0	424	0	678	0	0	0	186	0	634	0	0	0	0	0	850	0	0	0	840	0	884	0	12754	0	4362	0	40048	0	6200	0	0	0	2272	0	1668	0	0	0	278	0	624	0	0	0	0	0	0	0	0	0	0	0	0	0	0	0	0	0	
222232	Temporal_Inf_R	0	994	0	0	0	0	0	0	0	0	0	646	0	0	0	274	0	580	0	160	0	0	0	0	0	0	0	0	0	1682	0	0	0	0	0	982	0	5648	0	1056	0	970	0	2724	0	1158	0	666	0	304	0	2562	0	12668	0	25636	0	1074	0	112	0	0	0	262	0	394	0	4338	0	426	0	0	0	216	0	188	0	196	0	710	0	8908	0	5230	0	22410	0	4040	0	0	0	2494	0	834	0	0	0	0	0	180	0	0	0	0	0	0	0	0	0	0	394	0	0	0	0	0	
408924	Cerebelum_Crus1_L	0	0	0	0	0	0	0	0	0	0	0	0	0	0	0	0	0	0	0	0	0	0	0	0	0	0	0	0	0	0	0	0	0	0	0	0	0	0	0	0	0	0	0	0	0	0	3220	1430	0	0	0	0	0	0	19008	298	0	0	0	0	0	0	0	0	0	0	0	0	0	0	0	0	0	0	0	0	0	0	0	0	116	0	0	0	0	0	0	0	2272	0	0	1952	35496	4462	0	0	16386	584	48184	2420	16718	1616	22268	3046	4408	1648	780	102	0	0	1102	4992	8686	2060	1006	202	
373224	Cerebelum_Crus1_R	0	0	0	0	0	0	0	0	0	0	0	0	0	0	0	0	0	0	0	0	0	0	0	0	0	0	0	0	0	0	0	0	0	0	0	0	0	0	0	0	0	0	0	0	0	0	398	5976	0	0	0	0	0	0	0	9590	0	0	0	0	0	0	0	0	0	0	0	0	0	0	0	0	0	0	0	0	0	0	0	0	0	0	0	0	0	0	0	0	0	2494	1952	0	0	42402	206	3104	920	20966	2176	48826	418	9520	916	11878	598	2136	0	244	436	1202	5976	5706	5180	1500	1310	582	
232920	Cerebelum_Crus2_L	0	0	0	0	0	0	0	0	0	0	0	0	0	0	0	0	0	0	0	0	0	0	0	0	0	0	0	0	0	0	0	0	0	0	0	0	0	0	0	0	0	0	0	0	0	0	194	146	0	0	0	0	0	0	2940	0	0	0	0	0	0	0	0	0	0	0	0	0	0	0	0	0	0	0	0	0	0	0	0	0	0	0	0	0	0	0	0	0	1668	0	35496	0	0	3218	0	0	1672	0	6890	0	29232	2294	24748	1360	1700	0	372	0	0	0	266	460	2628	1176	0	0	
326776	Cerebelum_Crus2_R	0	0	0	0	0	0	0	0	0	0	0	0	0	0	0	0	0	0	0	0	0	0	0	0	0	0	0	0	0	0	0	0	0	0	0	0	0	0	0	0	0	0	0	0	0	0	126	238	0	0	0	0	0	0	0	1714	0	0	0	0	0	0	0	0	0	0	0	0	0	0	0	0	0	0	0	0	0	0	0	0	0	0	0	0	0	0	0	0	0	834	4462	42402	3218	0	0	594	254	4492	1730	14060	1724	25644	7354	28398	2020	4054	342	188	0	114	374	1490	10904	4358	1938	362	
21064	Cerebelum_3_L	0	0	0	0	0	0	0	0	0	0	0	0	0	0	0	0	0	0	0	0	0	0	0	0	0	0	0	0	0	0	0	0	0	0	0	0	0	0	164	0	0	0	0	0	0	0	0	0	0	0	0	0	0	0	0	0	0	0	0	0	0	0	0	0	0	0	0	0	0	0	0	0	0	0	0	0	0	0	0	0	0	0	0	0	0	0	0	0	0	0	0	206	0	0	0	0	4084	506	330	668	0	0	0	0	230	0	0	0	736	1616	1650	232	110	0	0	0	
39280	Cerebelum_3_R	0	0	0	0	0	0	0	0	0	0	0	0	0	0	0	0	0	0	0	0	0	0	0	0	0	0	0	0	0	0	0	0	0	0	0	0	0	0	0	0	0	0	0	0	0	0	0	0	0	0	0	0	0	0	0	216	0	0	0	0	0	0	0	0	0	0	0	0	0	0	0	0	0	0	0	0	0	0	0	0	0	0	0	0	0	0	0	0	0	0	0	3104	0	594	0	0	0	6064	0	5544	0	0	0	0	0	270	0	0	546	2366	824	0	0	0	112	0	
226896	Cerebelum_4_5_L	0	0	0	0	0	0	0	0	0	0	0	0	0	0	0	0	0	0	0	0	0	0	0	0	0	0	0	0	0	0	0	0	0	0	0	0	0	0	268	0	0	0	154	0	0	0	5644	1202	0	0	0	0	0	0	9822	166	0	0	0	0	0	0	0	0	0	0	0	0	0	0	0	0	0	0	0	0	0	0	0	0	130	0	0	0	0	0	0	0	278	0	16386	920	1672	254	4084	0	0	1926	29840	1968	1490	0	2262	376	6242	2162	1120	180	334	892	11132	4322	2946	1896	1758	1622	
194364	Cerebelum_4_5_R	0	0	0	0	0	0	0	0	0	0	0	0	0	0	0	0	0	0	0	0	0	0	0	0	0	0	0	0	0	0	0	0	0	0	0	0	0	468	0	1042	0	0	0	0	0	0	268	4292	0	0	0	0	0	0	0	5222	0	0	0	0	0	0	0	0	0	0	0	0	0	0	0	0	0	0	0	0	0	0	0	0	0	0	0	0	0	0	0	0	0	0	584	20966	0	4492	506	6064	1926	0	1588	29474	210	0	524	826	818	1110	0	0	442	1632	9876	1014	1812	1518	320	188	
385932	Cerebelum_6_L	0	0	0	0	0	0	0	0	0	0	0	0	0	0	0	0	0	0	0	0	0	0	0	0	0	0	0	0	0	0	0	0	0	0	0	0	0	0	148	0	0	0	138	0	0	0	7800	2784	0	0	0	0	120	0	22092	628	0	0	0	0	0	0	0	0	0	0	0	0	0	0	0	0	0	0	0	0	0	0	0	0	130	0	0	0	0	0	0	0	624	0	48184	2176	6890	1730	330	0	29840	1588	0	4004	8894	418	9166	1414	6042	3338	718	324	0	128	6792	9844	8898	3660	2662	1462	
324776	Cerebelum_6_R	0	0	0	0	0	0	0	0	0	0	0	0	0	0	0	0	0	0	0	0	0	0	0	0	0	0	0	0	0	0	0	0	0	0	0	0	0	0	0	0	0	0	0	0	0	0	1010	8136	0	0	0	0	0	174	142	10618	0	0	0	0	0	0	0	0	0	0	0	0	0	0	0	0	0	0	0	0	0	0	0	0	0	0	0	0	0	0	0	0	0	180	2420	48826	0	14060	668	5544	1968	29474	4004	0	544	580	522	2184	660	1950	0	308	536	1490	9330	8478	5022	1418	1458	684	
209788	Cerebelum_7b_L	0	0	0	0	0	0	0	0	0	0	0	0	0	0	0	0	0	0	0	0	0	0	0	0	0	0	0	0	0	0	0	0	0	0	0	0	0	0	0	0	0	0	0	0	0	0	0	0	0	0	0	0	0	0	2420	0	0	0	0	0	0	0	0	0	0	0	0	0	0	0	0	0	0	0	0	0	0	0	0	0	0	0	0	0	0	0	0	0	0	0	16718	418	29232	1724	0	0	1490	210	8894	544	0	1634	32470	936	1622	450	246	0	0	0	0	424	2696	2460	306	0	
163284	Cerebelum_7b_R	0	0	0	0	0	0	0	0	0	0	0	0	0	0	0	0	0	0	0	0	0	0	0	0	0	0	0	0	0	0	0	0	0	0	0	0	0	0	0	0	0	0	0	0	0	0	0	0	0	0	0	0	0	0	0	0	0	0	0	0	0	0	0	0	0	0	0	0	0	0	0	0	0	0	0	0	0	0	0	0	0	0	0	0	0	0	0	0	0	0	1616	9520	2294	25644	0	0	0	0	418	580	1634	0	4402	24168	964	2064	280	0	0	0	0	0	4050	3548	460	0	
299916	Cerebelum_8_L	0	0	0	0	0	0	0	0	0	0	0	0	0	0	0	0	0	0	0	0	0	0	0	0	0	0	0	0	0	0	0	0	0	0	0	0	0	0	0	0	0	0	0	0	0	0	156	0	0	0	0	0	0	0	2248	0	0	0	0	0	0	0	0	0	0	0	0	0	0	0	0	0	0	0	0	0	0	0	0	0	0	0	0	0	0	0	0	0	0	0	22268	916	24748	7354	0	0	2262	524	9166	522	32470	4402	0	6660	14542	2360	1534	0	0	0	158	322	8438	6942	1966	0	
229612	Cerebelum_8_R	0	0	0	0	0	0	0	0	0	0	0	0	0	0	0	0	0	0	0	0	0	0	0	0	0	0	0	0	0	0	0	0	0	0	0	0	0	0	0	0	0	0	0	0	0	0	0	0	0	0	0	0	0	0	0	0	0	0	0	0	0	0	0	0	0	0	0	0	0	0	0	0	0	0	0	0	0	0	0	0	0	0	0	0	0	0	0	0	0	0	3046	11878	1360	28398	0	0	376	826	1414	2184	936	24168	6660	0	2878	12836	178	756	0	0	0	280	7506	6142	2844	140	
147128	Cerebelum_9_L	0	0	0	0	0	0	0	0	0	0	0	0	0	0	0	0	0	0	0	0	0	0	0	0	0	0	0	0	0	0	0	0	0	0	0	0	0	0	0	0	0	0	0	0	0	0	372	226	0	0	0	0	0	0	0	0	0	0	0	0	0	0	0	0	0	0	0	0	0	0	0	0	0	0	0	0	0	0	0	0	0	0	0	0	0	0	0	0	0	0	4408	598	1700	2020	230	0	6242	818	6042	660	1622	964	14542	2878	0	3500	4834	204	0	0	1478	3320	6596	5120	3870	1320	
135896	Cerebelum_9_R	0	0	0	0	0	0	0	0	0	0	0	0	0	0	0	0	0	0	0	0	0	0	0	0	0	0	0	0	0	0	0	0	0	0	0	0	0	0	0	0	0	0	0	0	0	0	0	0	0	0	0	0	0	0	0	0	0	0	0	0	0	0	0	0	0	0	0	0	0	0	0	0	0	0	0	0	0	0	0	0	0	0	0	0	0	0	0	0	0	0	1648	2136	0	4054	0	270	2162	1110	3338	1950	450	2064	2360	12836	3500	0	366	2106	134	280	1548	3828	6006	6316	6380	3106	
27168	Cerebelum_10_L	0	0	0	0	0	0	0	0	0	0	0	0	0	0	0	0	0	0	0	0	0	0	0	0	0	0	0	0	0	0	0	0	0	0	0	0	0	0	0	0	0	0	0	0	0	0	0	0	0	0	0	0	0	0	0	0	0	0	0	0	0	0	0	0	0	0	0	0	0	0	0	0	0	0	0	0	0	0	0	0	0	0	0	0	0	0	0	0	0	0	780	0	372	342	0	0	1120	0	718	0	246	280	1534	178	4834	366	0	0	0	0	170	378	1012	448	568	238	
15224	Cerebelum_10_R	0	0	0	0	0	0	0	0	0	0	0	0	0	0	0	0	0	0	0	0	0	0	0	0	0	0	0	0	0	0	0	0	0	0	0	0	0	0	0	0	0	0	0	0	0	0	0	0	0	0	0	0	0	0	0	0	0	0	0	0	0	0	0	0	0	0	0	0	0	0	0	0	0	0	0	0	0	0	0	0	0	0	0	0	0	0	0	0	0	0	102	244	0	188	0	0	180	0	324	308	0	0	0	756	204	2106	0	0	0	0	0	426	576	758	750	690	
15296	Vermis_1_2	0	0	0	0	0	0	0	0	0	0	0	0	0	0	0	0	0	0	0	0	0	0	0	0	0	0	0	0	0	0	0	0	0	0	0	0	0	0	0	0	0	0	0	0	0	0	0	0	0	0	0	0	0	0	0	0	0	0	0	0	0	0	0	0	0	0	0	0	0	0	0	0	0	0	0	0	0	0	0	0	0	0	0	0	0	0	0	0	0	0	0	436	0	0	736	546	334	442	0	536	0	0	0	0	0	134	0	0	0	3718	766	0	0	0	0	0	
30500	Vermis_3	0	0	0	0	0	0	0	0	0	0	0	0	0	0	0	0	0	0	0	0	0	0	0	0	0	0	0	0	0	0	0	0	0	0	0	0	0	0	148	0	0	0	0	0	0	0	0	0	0	0	0	0	0	0	0	0	0	0	0	0	0	0	0	0	0	0	0	0	0	0	0	0	0	0	0	0	0	0	0	0	0	0	0	0	0	0	0	0	0	0	0	1202	0	114	1616	2366	892	1632	128	1490	0	0	0	0	0	280	0	0	3718	0	1446	114	0	0	104	0	
162376	Vermis_4_5	154	0	0	0	0	0	0	0	0	0	0	0	0	0	0	0	0	0	0	0	0	0	0	0	0	0	0	0	0	0	0	0	0	0	278	1854	224	1588	0	152	0	0	148	386	0	276	2638	5090	0	0	0	0	0	738	594	1900	0	512	0	0	0	0	0	0	0	0	0	3066	0	142	0	0	0	0	0	0	174	0	0	0	0	0	0	0	0	110	0	0	0	394	1102	5976	266	374	1650	824	11132	9876	6792	9330	0	0	158	0	1478	1548	170	0	766	1446	0	4246	338	226	884	2188	
149484	Vermis_6	0	0	0	0	0	0	0	0	0	0	0	0	0	0	0	0	0	0	0	0	0	0	0	0	0	0	0	0	0	0	0	0	0	0	0	0	0	0	0	0	0	0	0	0	0	0	1962	5424	0	0	0	0	0	148	404	1602	0	0	0	0	0	0	0	0	0	0	0	0	0	0	0	0	0	0	0	0	0	0	0	0	0	0	0	0	0	0	0	0	0	0	4992	5706	460	1490	232	0	4322	1014	9844	8478	424	0	322	280	3320	3828	378	426	0	114	4246	0	6382	2410	3326	3208	
