data	data	607276	202208	760296	909088	193820	130400	420636	249216	38604	23320	245864	208048	284804	193660	77336	43144	203956	196884	598972	902468	54524	63848	378788	322164	39340	90616	21748	47412	649240	385984	311736	392452	132792	472436	256448	297724	344416	457456	67960	284292	21500	68020	373896	399488	297708	310060	437484	464516	231704	281896	684308	300180	268368	161964	559972	727064	347972	207688	130268	108304	234184	103240	161980	85464	180376	153496	466624	430372	234732	245300	250192	441880	234944	350484	29100	32436	172076	271888	67320	56708	190132	122504	91448	69592	449576	218992	44260	34044	348380	299100	489416	531584	301200	308808	59428	68532	387856	359932	576960	660124	254264	142628	301984	307820	137560	145676	28132	15208	62708	102800	339412	323640	215296	153800	121068	52236	
data	data	Precentral_L	Precentral_R	Frontal_Sup_L	Frontal_Sup_R	Frontal_Sup_Orb_L	Frontal_Sup_Orb_R	Frontal_Mid_L	Frontal_Mid_R	Frontal_Mid_Orb_L	Frontal_Mid_Orb_R	Frontal_Inf_Oper_L	Frontal_Inf_Oper_R	Frontal_Inf_Tri_L	Frontal_Inf_Tri_R	Frontal_Inf_Orb_L	Frontal_Inf_Orb_R	Rolandic_Oper_L	Rolandic_Oper_R	Supp_Motor_Area_L	Supp_Motor_Area_R	Olfactory_L	Olfactory_R	Frontal_Sup_Medial_L	Frontal_Sup_Medial_R	Frontal_Med_Orb_L	Frontal_Med_Orb_R	Rectus_L	Rectus_R	Insula_L	Insula_R	Cingulum_Ant_L	Cingulum_Ant_R	Cingulum_Mid_L	Cingulum_Mid_R	Cingulum_Post_L	Cingulum_Post_R	Hippocampus_L	Hippocampus_R	ParaHippocampal_L	ParaHippocampal_R	Amygdala_L	Amygdala_R	Calcarine_L	Calcarine_R	Cuneus_L	Cuneus_R	Lingual_L	Lingual_R	Occipital_Sup_L	Occipital_Sup_R	Occipital_Mid_L	Occipital_Mid_R	Occipital_Inf_L	Occipital_Inf_R	Fusiform_L	Fusiform_R	Postcentral_L	Postcentral_R	Parietal_Sup_L	Parietal_Sup_R	Parietal_Inf_L	Parietal_Inf_R	SupraMarginal_L	SupraMarginal_R	Angular_L	Angular_R	Precuneus_L	Precuneus_R	Paracentral_Lobule_L	Paracentral_Lobule_R	Caudate_L	Caudate_R	Putamen_L	Putamen_R	Pallidum_L	Pallidum_R	Thalamus_L	Thalamus_R	Heschl_L	Heschl_R	Temporal_Sup_L	Temporal_Sup_R	Temporal_Pole_Sup_L	Temporal_Pole_Sup_R	Temporal_Mid_L	Temporal_Mid_R	Temporal_Pole_Mid_L	Temporal_Pole_Mid_R	Temporal_Inf_L	Temporal_Inf_R	Cerebelum_Crus1_L	Cerebelum_Crus1_R	Cerebelum_Crus2_L	Cerebelum_Crus2_R	Cerebelum_3_L	Cerebelum_3_R	Cerebelum_4_5_L	Cerebelum_4_5_R	Cerebelum_6_L	Cerebelum_6_R	Cerebelum_7b_L	Cerebelum_7b_R	Cerebelum_8_L	Cerebelum_8_R	Cerebelum_9_L	Cerebelum_9_R	Cerebelum_10_L	Cerebelum_10_R	Vermis_1_2	Vermis_3	Vermis_4_5	Vermis_6	Vermis_7	Vermis_8	Vermis_9	Vermis_10	
607276	Precentral_L	0	3058	17696	6502	0	1006	16090	2122	0	0	9384	446	1654	790	0	90	13288	208	8748	11582	0	0	226	200	0	0	0	0	15514	1510	286	1742	1294	5366	10786	11616	12536	7756	540	2868	0	0	1844	0	804	0	910	0	124	0	9642	108	1030	0	2512	1462	30626	162	0	0	824	0	1722	0	2742	0	2364	292	14970	2418	6844	2998	2422	186	392	0	18092	11290	2590	222	4856	214	0	0	10150	158	0	0	3296	468	0	0	0	0	0	0	0	0	0	0	0	0	0	0	0	0	0	0	0	0	0	0	0	0	0	0	
202208	Precentral_R	3058	0	488	6042	0	0	0	7384	0	0	0	5526	0	0	0	0	0	5220	780	14120	0	0	0	0	0	0	0	0	398	1692	0	0	206	146	1072	1240	756	3490	0	268	0	0	180	846	120	280	86	172	0	424	0	1562	0	222	0	1992	642	15794	0	0	0	88	0	2710	0	822	292	2040	3064	3942	1122	1954	188	362	0	230	1374	3838	0	1128	0	1582	0	0	0	966	0	0	0	1196	0	0	0	0	0	0	0	0	0	0	0	0	0	0	0	0	0	0	0	0	0	0	0	0	0	0	
760296	Frontal_Sup_L	17696	488	0	9722	19510	0	56390	2102	418	0	12858	146	21592	136	2754	0	9024	338	47668	12522	488	0	47566	2968	1808	0	0	0	31766	558	19908	2934	2498	3132	900	946	4618	1122	264	598	0	0	602	150	270	80	262	0	0	0	1836	210	136	0	1340	322	5674	278	0	0	0	0	1088	0	192	0	382	332	1036	0	1888	830	9704	1286	4082	0	1976	1204	1582	218	2672	210	1072	0	2246	272	0	0	1166	112	0	0	0	0	0	0	0	0	0	0	0	0	0	0	0	0	0	0	0	0	0	0	0	0	0	0	
909088	Frontal_Sup_R	6502	6042	9722	0	140	9216	5778	37202	0	588	2700	12254	2428	16252	0	1508	562	13088	24032	76610	0	0	8298	40690	0	4880	0	344	7670	22914	4666	36136	1156	21820	350	446	754	4962	0	2242	0	0	0	0	0	0	0	128	0	0	0	0	0	0	156	738	1654	1928	0	0	0	0	0	672	0	0	0	116	314	0	8820	24510	1426	15836	140	2152	808	9330	0	1412	220	1524	0	468	0	0	0	0	0	240	0	0	0	0	0	0	0	0	0	0	0	0	0	0	0	0	0	0	0	0	0	0	0	0	0	0	
193820	Frontal_Sup_Orb_L	0	0	19510	140	0	0	8592	0	6548	0	286	0	8544	0	9182	0	0	0	378	0	848	0	11890	122	3578	0	2100	0	11112	0	7542	0	388	0	0	0	390	0	0	0	0	0	0	0	0	0	0	0	0	0	0	0	0	0	256	0	0	0	0	0	0	0	0	0	0	0	0	0	0	0	86	0	4642	0	0	0	0	0	0	0	0	0	520	0	136	0	0	0	120	0	0	0	0	0	0	0	0	0	0	0	0	0	0	0	0	0	0	0	0	0	0	0	0	0	0	0	
130400	Frontal_Sup_Orb_R	1006	0	0	9216	0	0	1104	950	0	2762	86	0	0	280	0	1888	0	0	160	246	0	1020	0	4500	0	7672	0	6082	344	230	130	5982	0	0	0	0	0	0	0	0	0	0	0	0	0	0	0	0	0	0	0	0	0	0	0	0	0	0	0	0	0	0	0	0	0	0	0	0	0	0	1262	11004	0	8044	0	0	0	1232	0	0	0	0	0	0	0	0	0	0	0	0	0	0	0	0	0	0	0	0	0	0	0	0	0	0	0	0	0	0	0	0	0	0	0	0	0	0	
420636	Frontal_Mid_L	16090	0	56390	5778	8592	1104	0	1232	1656	202	13952	314	29248	588	1808	212	3462	162	5116	2990	0	0	14926	994	546	0	0	0	19918	748	4902	2580	302	802	300	284	816	176	0	0	0	0	204	0	100	0	96	0	0	0	570	0	0	0	260	0	1460	0	0	0	0	0	82	0	0	0	114	0	94	0	4328	3714	552	168	94	0	78	164	420	0	762	0	0	0	612	0	0	0	256	0	0	0	0	0	0	0	0	0	0	0	0	0	0	0	0	0	0	0	0	0	0	0	0	0	0	0	
249216	Frontal_Mid_R	2122	7384	2102	37202	0	950	1232	0	0	740	382	9840	284	10410	0	1486	196	2954	4214	10432	0	0	606	3624	0	0	0	0	2480	6206	350	3016	0	3970	0	0	194	840	0	302	0	0	0	0	0	0	0	0	0	0	0	0	0	0	108	212	858	840	0	0	0	0	0	114	0	0	0	0	0	0	3326	2594	488	1220	0	540	0	0	0	256	106	286	0	142	0	0	0	0	0	0	0	0	0	0	0	0	0	0	0	0	0	0	0	0	0	0	0	0	0	0	0	0	0	0	0	0	
38604	Frontal_Mid_Orb_L	0	0	418	0	6548	0	1656	0	0	0	0	0	1170	0	6704	0	0	0	0	0	0	0	0	0	0	0	962	0	622	0	0	0	0	0	0	0	0	0	0	0	0	0	0	0	0	0	0	0	0	0	0	0	0	0	0	0	0	0	0	0	0	0	0	0	0	0	0	0	0	0	0	0	1222	0	0	0	0	0	0	0	0	0	0	0	0	0	0	0	0	0	0	0	0	0	0	0	0	0	0	0	0	0	0	0	0	0	0	0	0	0	0	0	0	0	0	0	
23320	Frontal_Mid_Orb_R	0	0	0	588	0	2762	202	740	0	0	0	0	0	262	0	3766	0	0	0	90	0	0	0	0	0	490	0	1054	0	178	0	0	0	0	0	0	0	0	0	0	0	0	0	0	0	0	0	0	0	0	0	0	0	0	0	0	0	0	0	0	0	0	0	0	0	0	0	0	0	0	86	946	0	404	0	0	0	92	0	0	0	0	0	0	0	0	0	0	0	0	0	0	0	0	0	0	0	0	0	0	0	0	0	0	0	0	0	0	0	0	0	0	0	0	0	0	
245864	Frontal_Inf_Oper_L	9384	0	12858	2700	286	86	13952	382	0	0	0	0	17640	102	92	0	12172	0	10258	2582	0	0	1202	0	0	0	0	0	23298	108	2836	304	136	232	0	0	282	0	0	0	0	0	0	0	0	0	0	0	0	0	0	0	0	0	156	0	2486	0	0	0	0	0	0	0	0	0	0	0	0	0	914	496	1046	0	0	0	0	0	354	0	4462	0	2126	0	0	0	0	0	0	0	0	0	0	0	0	0	0	0	0	0	0	0	0	0	0	0	0	0	0	0	0	0	0	0	0	0	
208048	Frontal_Inf_Oper_R	446	5526	146	12254	0	0	314	9840	0	0	0	0	0	10282	0	0	0	13026	2210	9078	0	0	0	462	0	0	0	0	496	15916	102	692	0	830	0	0	106	1116	0	254	0	0	0	96	0	0	0	0	0	0	0	216	0	0	0	432	178	1768	0	0	0	0	0	448	0	200	0	268	0	0	964	4774	206	5040	0	158	0	234	0	2148	0	2250	0	786	0	456	0	0	0	306	0	0	0	0	0	0	0	0	0	0	0	0	0	0	0	0	0	0	0	0	0	0	0	0	0	0	
284804	Frontal_Inf_Tri_L	1654	0	21592	2428	8544	0	29248	284	1170	0	17640	0	0	0	6890	0	852	0	4502	2224	0	0	6496	0	792	0	0	0	27136	0	7784	246	206	198	0	0	0	0	0	0	0	0	0	0	0	0	0	0	0	0	0	0	0	0	0	0	274	0	0	0	0	0	0	0	0	0	0	0	0	0	262	326	674	0	0	0	0	0	0	0	396	0	584	0	0	0	0	0	0	0	0	0	0	0	0	0	0	0	0	0	0	0	0	0	0	0	0	0	0	0	0	0	0	0	0	0	
193660	Frontal_Inf_Tri_R	790	0	136	16252	0	280	588	10410	0	262	102	10282	0	0	0	2702	0	208	3720	13242	0	0	134	1006	0	0	0	0	246	20100	0	712	0	5272	0	0	0	396	0	114	0	0	0	0	0	0	0	0	0	0	0	0	0	0	0	84	924	0	0	0	0	0	0	0	0	0	0	0	0	0	2496	3494	90	2616	0	0	0	172	0	0	0	0	0	0	0	0	0	0	0	0	0	0	0	0	0	0	0	0	0	0	0	0	0	0	0	0	0	0	0	0	0	0	0	0	0	0	
77336	Frontal_Inf_Orb_L	0	0	2754	0	9182	0	1808	0	6704	0	92	0	6890	0	0	0	0	0	456	0	242	0	1106	0	210	0	0	0	5200	0	1362	0	0	0	0	0	144	0	0	0	0	0	0	0	0	0	0	0	0	0	0	0	0	0	100	0	0	0	0	0	0	0	0	0	0	0	0	0	0	0	0	0	2030	0	0	0	0	0	0	0	0	0	388	0	0	0	0	0	0	0	0	0	0	0	0	0	0	0	0	0	0	0	0	0	0	0	0	0	0	0	0	0	0	0	0	0	
43144	Frontal_Inf_Orb_R	90	0	0	1508	0	1888	212	1486	0	3766	0	0	0	2702	0	0	0	0	0	222	0	1038	0	0	0	0	0	1054	82	4236	0	0	0	0	0	0	0	0	0	0	0	0	0	0	0	0	0	0	0	0	0	0	0	0	0	0	0	0	0	0	0	0	0	0	0	0	0	0	0	0	122	1446	0	1598	0	0	0	122	0	0	0	0	0	0	0	0	0	0	0	0	0	0	0	0	0	0	0	0	0	0	0	0	0	0	0	0	0	0	0	0	0	0	0	0	0	0	
203956	Rolandic_Oper_L	13288	0	9024	562	0	0	3462	196	0	0	12172	0	852	0	0	0	0	0	5762	578	0	0	0	0	0	0	0	0	18636	0	116	0	0	0	0	0	856	0	0	0	0	0	286	0	0	0	104	0	0	0	948	0	146	0	598	0	11148	0	0	0	0	0	3840	0	234	0	264	0	152	0	692	148	504	0	0	0	0	0	2280	0	11408	0	1272	0	1772	0	0	0	678	0	0	0	0	0	0	0	0	0	0	0	0	0	0	0	0	0	0	0	0	0	0	0	0	0	0	0	
196884	Rolandic_Oper_R	208	5220	338	13088	0	0	162	2954	0	0	0	13026	0	208	0	0	0	0	4198	11718	0	0	0	0	0	0	0	0	256	18180	0	0	0	202	0	0	0	652	0	134	0	0	0	106	0	0	0	0	0	0	0	210	0	0	0	392	0	2804	0	0	0	0	0	2514	0	222	0	252	0	110	350	942	124	2946	0	178	0	0	0	5918	0	8682	0	784	0	688	0	0	0	676	0	0	0	0	0	0	0	0	0	0	0	0	0	0	0	0	0	0	0	0	0	0	0	0	0	0	
598972	Supp_Motor_Area_L	8748	780	47668	24032	378	160	5116	4214	0	0	10258	2210	4502	3720	456	0	5762	4198	0	52158	0	0	7066	5896	0	0	0	0	13496	6468	5298	7588	7974	19518	1026	272	314	2468	0	1190	0	0	484	146	410	86	222	0	0	0	264	174	0	0	206	844	2356	242	0	0	0	0	486	0	96	0	970	310	5028	1584	4926	8282	4140	7074	1382	1186	144	502	128	542	2130	560	758	114	224	242	0	0	188	122	0	0	0	0	0	0	0	0	0	0	0	0	0	0	0	0	0	0	0	0	0	0	0	0	0	0	
902468	Supp_Motor_Area_R	11582	14120	12522	76610	0	246	2990	10432	0	90	2582	9078	2224	13242	0	222	578	11718	52158	0	0	0	2784	10400	0	0	0	0	5092	20884	2192	10694	4618	51770	2422	4526	824	5478	0	2040	0	0	338	806	278	252	160	526	0	266	0	142	0	536	78	2746	2026	4806	0	0	0	0	0	686	0	0	824	2454	11262	24478	6364	16278	1346	11728	0	3158	1588	7060	0	1388	252	1872	0	474	0	684	0	0	0	2260	0	0	0	0	0	0	0	0	0	0	0	0	0	0	0	0	0	0	0	0	0	0	0	0	0	0	
54524	Olfactory_L	0	0	488	0	848	0	0	0	0	0	0	0	0	0	242	0	0	0	0	0	0	4168	546	0	228	0	688	308	1834	0	2416	1900	0	0	0	0	188	0	0	0	300	0	0	0	0	0	0	0	0	0	0	0	0	0	150	0	0	0	0	0	0	0	0	0	0	0	0	0	0	0	4882	4172	2936	648	0	0	0	0	0	0	0	0	228	0	0	0	0	0	92	0	0	0	0	0	0	0	0	0	0	0	0	0	0	0	0	0	0	0	0	0	0	0	0	0	0	0	
63848	Olfactory_R	0	0	0	0	0	1020	0	0	0	0	0	0	0	0	0	1038	0	0	0	0	4168	0	0	0	0	1084	360	2506	0	1932	1410	2830	0	0	0	0	0	0	0	0	0	116	0	0	0	0	0	0	0	0	0	0	0	0	0	0	0	0	0	0	0	0	0	0	0	0	0	0	0	0	5220	6594	2700	946	0	0	0	0	0	0	0	0	0	0	0	0	0	0	0	0	0	0	0	0	0	0	0	0	0	0	0	0	0	0	0	0	0	0	0	0	0	0	0	0	0	0	
378788	Frontal_Sup_Medial_L	226	0	47566	8298	11890	0	14926	606	0	0	1202	0	6496	134	1106	0	0	0	7066	2784	546	0	0	16480	2408	88	0	0	14164	102	26158	10088	2208	7368	0	0	396	0	0	0	0	0	0	0	0	0	0	0	0	0	0	0	0	0	262	0	132	0	0	0	0	0	0	0	0	0	0	0	0	0	540	214	5328	0	0	0	0	0	0	0	0	0	356	0	136	0	0	0	120	0	0	0	0	0	0	0	0	0	0	0	0	0	0	0	0	0	0	0	0	0	0	0	0	0	0	0	
322164	Frontal_Sup_Medial_R	200	0	2968	40690	122	4500	994	3624	0	0	0	462	0	1006	0	0	0	0	5896	10400	0	0	16480	0	0	5604	0	372	382	746	4104	32358	266	14446	0	0	0	0	0	0	0	0	0	0	0	0	0	0	0	0	0	0	0	0	0	0	0	0	0	0	0	0	0	0	0	0	0	0	0	0	602	8052	0	5996	0	0	0	812	0	0	0	0	0	0	0	0	0	0	0	0	0	0	0	0	0	0	0	0	0	0	0	0	0	0	0	0	0	0	0	0	0	0	0	0	0	0	
39340	Frontal_Med_Orb_L	0	0	1808	0	3578	0	546	0	0	0	0	0	792	0	210	0	0	0	0	0	228	0	2408	0	0	360	1766	0	1016	0	4822	0	0	0	0	0	0	0	0	0	0	0	0	0	0	0	0	0	0	0	0	0	0	0	0	0	0	0	0	0	0	0	0	0	0	0	0	0	0	0	874	0	1262	0	0	0	0	0	0	0	0	0	0	0	0	0	0	0	0	0	0	0	0	0	0	0	0	0	0	0	0	0	0	0	0	0	0	0	0	0	0	0	0	0	0	0	
90616	Frontal_Med_Orb_R	0	0	0	4880	0	7672	0	0	0	490	0	0	0	0	0	0	0	0	0	0	0	1084	88	5604	360	0	0	4578	0	0	638	5604	0	0	0	0	0	0	0	0	0	0	0	0	0	0	0	0	0	0	0	0	0	0	0	0	0	0	0	0	0	0	0	0	0	0	0	0	0	0	0	8028	0	6282	0	0	0	0	0	0	0	0	0	0	0	0	0	0	0	0	0	0	0	0	0	0	0	0	0	0	0	0	0	0	0	0	0	0	0	0	0	0	0	0	0	0	
21748	Rectus_L	0	0	0	0	2100	0	0	0	962	0	0	0	0	0	0	0	0	0	0	0	688	360	0	0	1766	0	0	94	0	0	1950	382	0	0	0	0	0	0	0	0	0	0	0	0	0	0	0	0	0	0	0	0	0	0	0	0	0	0	0	0	0	0	0	0	0	0	0	0	0	0	1034	344	1194	0	0	0	0	0	0	0	0	0	0	0	0	0	0	0	0	0	0	0	0	0	0	0	0	0	0	0	0	0	0	0	0	0	0	0	0	0	0	0	0	0	0	0	
47412	Rectus_R	0	0	0	344	0	6082	0	0	0	1054	0	0	0	0	0	1054	0	0	0	0	308	2506	0	372	0	4578	94	0	0	804	294	1322	0	0	0	0	0	0	0	0	0	0	0	0	0	0	0	0	0	0	0	0	0	0	0	0	0	0	0	0	0	0	0	0	0	0	0	0	0	0	230	3504	256	904	0	0	0	0	0	0	0	0	0	0	0	0	0	0	0	0	0	0	0	0	0	0	0	0	0	0	0	0	0	0	0	0	0	0	0	0	0	0	0	0	0	0	
649240	Insula_L	15514	398	31766	7670	11112	344	19918	2480	622	0	23298	496	27136	246	5200	82	18636	256	13496	5092	1834	0	14164	382	1016	0	0	0	0	730	17752	1260	130	526	514	570	13910	628	632	82	1072	0	284	0	0	0	264	0	0	0	1560	0	462	0	8610	0	6400	0	0	0	102	0	244	0	1580	0	248	0	452	0	11036	3066	15110	744	0	0	602	524	5704	0	10374	0	4676	0	5006	0	98	0	8510	0	0	0	0	0	0	0	0	0	0	0	0	0	0	0	0	0	0	0	0	0	0	0	0	0	0	0	
385984	Insula_R	1510	1692	558	22914	0	230	748	6206	0	178	108	15916	0	20100	0	4236	0	18180	6468	20884	0	1932	102	746	0	0	0	804	730	0	0	452	0	3790	786	824	940	5766	0	1960	0	324	0	144	0	0	0	0	0	0	0	0	0	0	156	3032	960	1648	0	0	0	0	0	328	0	0	0	112	0	0	3166	8648	320	19890	0	288	166	2188	126	2788	0	5206	0	1406	0	894	0	0	0	2176	0	0	0	0	0	0	0	104	0	162	0	0	0	0	0	0	0	0	0	0	0	0	0	0	0	0	
311736	Cingulum_Ant_L	286	0	19908	4666	7542	130	4902	350	0	0	2836	102	7784	0	1362	0	116	0	5298	2192	2416	1410	26158	4104	4822	638	1950	294	17752	0	0	10790	3774	2150	236	0	406	0	0	0	0	0	0	0	0	0	0	0	0	0	0	0	0	0	270	0	170	0	0	0	0	0	0	0	0	0	0	0	0	0	3972	2750	12480	1234	0	0	0	0	0	0	0	0	358	0	136	0	0	0	124	0	0	0	0	0	0	0	0	0	0	0	0	0	0	0	0	0	0	0	0	0	0	0	0	0	0	0	
392452	Cingulum_Ant_R	1742	0	2934	36136	0	5982	2580	3016	0	0	304	692	246	712	0	0	0	0	7588	10694	1900	2830	10088	32358	0	5604	382	1322	1260	452	10790	0	1696	20372	0	0	0	0	0	0	0	0	0	0	0	0	0	0	0	0	0	0	0	0	0	0	108	0	0	0	0	0	0	0	0	0	0	0	0	0	5134	18426	1784	8074	0	0	0	1020	0	0	0	0	0	0	0	0	0	0	0	0	0	0	0	0	0	0	0	0	0	0	0	0	0	0	0	0	0	0	0	0	0	0	0	0	0	0	
132792	Cingulum_Mid_L	1294	206	2498	1156	388	0	302	0	0	0	136	0	206	0	0	0	0	0	7974	4618	0	0	2208	266	0	0	0	0	130	0	3774	1696	0	10406	4732	1268	0	0	0	0	0	0	2558	0	3352	0	1700	0	214	0	484	0	0	0	0	0	208	114	302	0	206	0	0	0	0	0	5646	1802	4942	1482	0	0	0	0	0	0	128	0	0	0	0	0	0	0	0	0	0	0	0	0	0	0	0	0	0	0	0	0	0	0	0	0	0	0	0	0	0	0	0	0	0	0	0	0	0	0	
472436	Cingulum_Mid_R	5366	146	3132	21820	0	0	802	3970	0	0	232	830	198	5272	0	0	0	202	19518	51770	0	0	7368	14446	0	0	0	0	526	3790	2150	20372	10406	0	2162	8402	0	900	0	0	0	0	126	1312	114	346	0	794	0	240	0	354	0	710	0	2216	584	4888	0	0	0	0	0	0	0	0	814	7832	5794	21220	1444	0	0	126	0	0	0	0	0	136	0	348	0	0	0	1008	0	0	0	2032	0	0	0	0	0	0	0	0	0	0	0	0	0	0	0	0	0	0	0	0	0	0	0	0	0	0	
256448	Cingulum_Post_L	10786	1072	900	350	0	0	300	0	0	0	0	0	0	0	0	0	0	0	1026	2422	0	0	0	0	0	0	0	0	514	786	236	0	4732	2162	0	18160	12974	10740	1750	3874	0	0	4598	220	1890	0	2960	140	496	0	598	0	302	174	1682	2754	148	130	0	0	0	0	0	0	0	0	9430	2228	5034	1406	266	206	0	0	0	0	5822	10282	856	308	188	258	0	0	626	146	0	0	934	998	0	0	0	0	0	0	0	106	0	138	0	0	0	0	0	0	0	0	0	0	116	0	0	0	0	0	
297724	Cingulum_Post_R	11616	1240	946	446	0	0	284	0	0	0	0	0	0	0	0	0	0	0	272	4526	0	0	0	0	0	0	0	0	570	824	0	0	1268	8402	18160	0	12288	15030	306	5008	0	0	0	2214	286	394	88	4926	0	226	0	168	0	492	938	5338	0	1434	0	0	0	0	0	0	0	0	1464	14234	530	6344	354	272	0	0	0	0	8244	12944	1030	342	250	270	0	0	150	316	0	0	746	2108	0	0	0	0	0	0	0	166	0	176	0	0	0	0	0	0	0	0	0	0	1232	0	0	0	0	0	
344416	Hippocampus_L	12536	756	4618	754	390	0	816	194	0	0	282	106	0	0	144	0	856	0	314	824	188	0	396	0	0	0	0	0	13910	940	406	0	0	0	12974	12288	0	9662	9402	3670	3756	0	2084	154	0	0	3110	164	0	0	0	0	0	174	15758	2826	322	0	0	0	300	0	344	0	174	0	3676	720	336	0	2030	372	8444	210	324	0	7616	9756	3700	314	2502	266	1172	0	1614	158	0	0	12006	1040	0	0	0	0	0	0	0	110	0	142	0	0	0	0	0	0	0	0	0	0	108	0	0	0	0	0	
457456	Hippocampus_R	7756	3490	1122	4962	0	0	176	840	0	0	0	1116	0	396	0	0	0	652	2468	5478	0	0	0	0	0	0	0	0	628	5766	0	0	0	900	10740	15030	9662	0	548	34454	0	9532	0	2720	0	196	108	6570	0	290	0	482	0	842	702	32636	0	202	0	0	0	0	0	264	0	0	358	7980	0	1172	462	2654	0	13766	0	2138	5952	12604	854	1258	236	1284	0	3302	142	380	0	854	594	6822	0	372	0	0	0	104	0	1816	0	1764	0	0	0	0	0	0	0	0	0	0	1132	0	0	0	0	0	
67960	ParaHippocampal_L	540	0	264	0	0	0	0	0	0	0	0	0	0	0	0	0	0	0	0	0	0	0	0	0	0	0	0	0	632	0	0	0	0	0	1750	306	9402	548	0	330	1690	0	1492	0	0	0	3174	418	0	0	0	0	0	0	5616	0	0	0	0	0	0	0	0	0	0	0	2466	0	0	0	0	0	1110	0	0	0	542	182	0	0	0	0	254	0	0	0	272	0	2182	0	0	0	0	0	0	268	280	0	112	0	0	0	0	0	0	0	0	0	0	150	0	0	0	0	0	0	
284292	ParaHippocampal_R	2868	268	598	2242	0	0	0	302	0	0	0	254	0	114	0	0	0	134	1190	2040	0	0	0	0	0	0	0	0	82	1960	0	0	0	0	3874	5008	3670	34454	330	0	0	8906	0	1296	0	0	82	6492	0	0	0	0	0	94	248	26592	0	0	0	0	0	0	0	0	0	0	230	3788	0	0	0	916	0	7764	0	1360	2494	5230	294	462	98	372	0	5126	0	0	0	3186	220	2530	0	272	0	0	0	146	78	2594	0	1570	0	0	0	0	0	0	0	0	0	0	318	0	0	0	0	0	
21500	Amygdala_L	0	0	0	0	0	0	0	0	0	0	0	0	0	0	0	0	0	0	0	0	300	0	0	0	0	0	0	0	1072	0	0	0	0	0	0	0	3756	0	1690	0	0	0	0	0	0	0	0	0	0	0	0	0	0	0	1980	0	0	0	0	0	0	0	0	0	0	0	0	0	0	0	0	0	686	0	0	0	0	0	0	0	0	0	494	0	0	0	144	0	628	0	0	0	0	0	0	0	0	0	0	0	0	0	0	0	0	0	0	0	0	0	0	0	0	0	0	0	
68020	Amygdala_R	0	0	0	0	0	0	0	0	0	0	0	0	0	0	0	0	0	0	0	0	0	116	0	0	0	0	0	0	0	324	0	0	0	0	0	0	0	9532	0	8906	0	0	0	0	0	0	0	0	0	0	0	0	0	0	0	7568	0	0	0	0	0	0	0	0	0	0	0	0	0	0	0	0	0	812	0	0	0	0	0	0	0	0	0	3584	0	0	0	1670	0	1240	0	0	0	0	0	0	0	178	0	80	0	0	0	0	0	0	0	0	0	0	0	0	0	0	0	0	
373896	Calcarine_L	1844	180	602	0	0	0	204	0	0	0	0	0	0	0	0	0	286	0	484	338	0	0	0	0	0	0	0	0	284	0	0	0	2558	126	4598	0	2084	0	1492	0	0	0	0	13172	21812	10120	22414	3340	10580	2534	28456	78	8126	200	4650	0	2370	0	88	0	818	0	890	0	502	0	24376	946	2896	230	0	0	0	0	0	0	0	0	78	0	204	0	0	0	10428	0	0	0	2152	0	168	0	0	0	0	0	0	0	240	0	0	0	0	0	0	0	0	0	0	0	0	0	0	0	0	0	
399488	Calcarine_R	0	846	150	0	0	0	0	0	0	0	0	96	0	0	0	0	0	106	146	806	0	0	0	0	0	0	0	0	0	144	0	0	0	1312	220	2214	154	2720	0	1296	0	0	13172	0	6460	30904	2020	32538	472	19200	144	10060	0	9716	0	15834	0	1460	0	1170	0	1716	0	216	0	1314	1988	20144	0	3158	0	0	0	0	0	0	0	144	0	110	0	0	0	0	0	6672	0	0	0	10112	0	94	0	0	0	0	0	0	0	286	0	0	0	0	0	0	0	0	0	0	164	266	0	0	0	0	
297708	Cuneus_L	804	120	270	0	0	0	100	0	0	0	0	0	0	0	0	0	0	0	410	278	0	0	0	0	0	0	0	0	0	0	0	0	3352	114	1890	286	0	0	0	0	0	0	21812	6460	0	8458	7958	958	25438	1022	21742	0	6034	0	3440	0	590	0	2184	0	0	0	0	0	0	0	26006	2824	2958	178	0	0	0	0	0	0	0	0	0	0	0	0	0	0	2748	0	0	0	308	0	0	0	0	0	0	0	0	0	112	0	0	0	0	0	0	0	0	0	0	0	0	0	0	0	0	0	
310060	Cuneus_R	0	280	80	0	0	0	0	0	0	0	0	0	0	0	0	0	0	0	86	252	0	0	0	0	0	0	0	0	0	0	0	0	0	346	0	394	0	196	0	0	0	0	10120	30904	8458	0	782	10802	698	38554	216	13372	0	3034	0	2222	0	884	0	2714	0	920	0	0	0	752	3994	18398	0	1280	0	0	0	0	0	0	0	0	0	0	0	0	0	0	0	3448	0	0	0	1844	0	0	0	0	0	0	0	0	0	0	0	0	0	0	0	0	0	0	0	0	0	0	0	0	0	0	
437484	Lingual_L	910	86	262	0	0	0	96	0	0	0	0	0	0	0	0	0	104	0	222	160	0	0	0	0	0	0	0	0	264	0	0	0	1700	0	2960	88	3110	108	3174	82	0	0	22414	2020	7958	782	0	4628	6100	612	24544	78	22076	464	34050	2166	1550	0	114	0	0	0	0	0	0	0	17760	120	2238	122	0	0	0	0	0	0	188	0	84	0	92	0	0	0	3474	0	0	0	1716	0	5860	1178	570	0	1284	296	11308	1606	13628	2298	130	0	324	0	278	150	0	0	730	1184	4062	4154	458	130	106	332	
464516	Lingual_R	0	172	0	128	0	0	0	0	0	0	0	0	0	0	0	0	0	0	0	526	0	0	0	0	0	0	0	0	0	0	0	0	0	794	140	4926	164	6570	418	6492	0	0	3340	32538	958	10802	4628	0	0	9202	0	4902	360	10678	2230	38170	0	726	0	0	0	0	0	0	0	0	666	16774	0	2178	0	0	0	312	0	0	0	150	0	102	0	0	0	0	0	1662	0	0	0	4538	3410	6424	550	162	290	508	3948	10722	8642	11250	0	0	0	0	252	150	0	0	134	214	9736	9034	946	0	170	470	
231704	Occipital_Sup_L	124	0	0	0	0	0	0	0	0	0	0	0	0	0	0	0	0	0	0	0	0	0	0	0	0	0	0	0	0	0	0	0	214	0	496	0	0	0	0	0	0	0	10580	472	25438	698	6100	0	0	0	32396	0	6510	0	2580	0	376	0	6752	0	380	0	0	0	216	0	19322	0	724	0	0	0	0	0	0	0	0	0	0	0	0	0	0	0	2366	0	0	0	0	0	0	0	0	0	0	0	0	0	108	0	0	0	0	0	0	0	0	0	0	0	0	0	0	0	0	0	
281896	Occipital_Sup_R	0	424	0	0	0	0	0	0	0	0	0	0	0	0	0	0	0	0	0	266	0	0	0	0	0	0	0	0	0	0	0	0	0	240	0	226	0	290	0	0	0	0	2534	19200	1022	38554	612	9202	0	0	0	22718	0	3786	0	2290	0	1058	0	6314	0	1618	0	148	0	3830	2600	18398	0	574	0	0	0	0	0	0	0	0	0	0	0	0	0	0	0	3062	0	0	0	1982	0	0	0	0	0	0	0	0	0	0	0	0	0	0	0	0	0	0	0	0	0	0	0	0	0	0	
684308	Occipital_Mid_L	9642	0	1836	0	0	0	570	0	0	0	0	0	0	0	0	0	948	0	264	0	0	0	0	0	0	0	0	0	1560	0	0	0	484	0	598	0	0	0	0	0	0	0	28456	144	21742	216	24544	0	32396	0	0	0	34056	0	16636	110	19646	0	16768	0	18760	0	2170	0	20040	0	31176	0	11106	0	0	0	0	0	0	0	0	0	308	0	734	0	0	0	40096	0	0	0	5458	0	240	102	0	0	0	0	0	0	834	118	0	0	0	0	0	0	0	0	0	0	0	396	0	0	0	0	
300180	Occipital_Mid_R	108	1562	210	0	0	0	0	0	0	0	0	216	0	0	0	0	0	210	174	142	0	0	0	0	0	0	0	0	0	0	0	0	0	354	0	168	0	482	0	0	0	0	78	10060	0	13372	78	4902	0	22718	0	0	0	7654	0	4398	0	6162	0	7234	0	7100	0	510	0	16910	448	16468	0	3300	0	0	0	0	0	0	0	0	0	0	0	224	0	0	0	19364	0	0	0	5484	0	0	0	0	0	0	0	0	0	0	0	0	0	0	0	0	0	0	0	0	0	0	0	0	0	0	
268368	Occipital_Inf_L	1030	0	136	0	0	0	0	0	0	0	0	0	0	0	0	0	146	0	0	0	0	0	0	0	0	0	0	0	462	0	0	0	0	0	302	0	0	0	0	0	0	0	8126	0	6034	0	22076	360	6510	0	34056	0	0	0	23316	362	1980	0	300	0	108	0	0	0	0	0	6128	0	1880	0	0	0	0	0	0	0	0	0	0	0	106	0	0	0	6088	0	0	0	5274	0	640	198	0	0	0	0	1824	496	3558	386	0	0	0	0	0	0	0	0	134	188	1074	906	0	0	0	0	
161964	Occipital_Inf_R	0	222	0	0	0	0	0	0	0	0	0	0	0	0	0	0	0	0	0	536	0	0	0	0	0	0	0	0	0	0	0	0	0	710	174	492	174	842	0	94	0	0	200	9716	0	3034	464	10678	0	3786	0	7654	0	0	0	14624	0	484	0	102	0	0	0	0	0	0	332	3436	0	1038	0	0	0	0	0	0	0	168	0	0	0	0	0	0	0	6866	0	0	0	10854	256	446	128	0	0	0	0	110	588	1230	0	0	0	0	0	0	0	0	0	0	138	1040	366	0	0	0	
559972	Fusiform_L	2512	0	1340	156	256	0	260	108	0	0	156	0	0	0	100	0	598	0	206	78	150	0	262	0	0	0	0	0	8610	156	270	0	0	0	1682	938	15758	702	5616	248	1980	0	4650	0	3440	0	34050	2230	2580	0	16636	0	23316	0	0	1922	1728	0	80	0	78	0	0	0	0	0	6642	0	1746	0	1188	218	4232	140	0	0	806	766	1902	0	2280	0	2728	0	5402	0	2484	0	23848	160	21128	1052	1214	0	776	194	17514	2744	31566	2568	696	0	886	0	270	0	0	0	758	1190	5978	3602	208	80	0	168	
727064	Fusiform_R	1462	1992	322	738	0	0	0	212	0	0	0	432	0	84	0	0	0	392	844	2746	0	0	0	0	0	0	0	0	0	3032	0	0	0	2216	2754	5338	2826	32636	0	26592	0	7568	0	15834	0	2222	2166	38170	0	2290	110	4398	362	14624	1922	0	0	1736	0	0	0	0	0	2248	0	1154	218	11280	0	3788	0	654	0	5256	0	404	822	2850	124	1052	0	3736	0	5012	0	6930	0	3150	166	28960	5142	23592	982	1662	142	342	2162	13774	9404	29674	0	0	150	404	370	218	0	0	0	130	6318	11842	2526	134	266	474	
347972	Postcentral_L	30626	642	5674	1654	0	0	1460	858	0	0	2486	178	274	924	0	0	11148	0	2356	2026	0	0	132	0	0	0	0	0	6400	960	170	108	208	584	148	0	322	0	0	0	0	0	2370	0	590	0	1550	0	376	0	19646	0	1980	0	1728	0	0	0	7152	0	18286	0	10894	0	5306	0	8848	0	6282	0	1318	218	0	0	0	0	0	0	1024	0	5082	0	0	0	9916	0	0	0	2082	0	0	0	0	0	0	0	0	0	0	0	0	0	0	0	0	0	0	0	0	0	0	0	0	0	0	0	
207688	Postcentral_R	162	15794	278	1928	0	0	0	840	0	0	0	1768	0	0	0	0	0	2804	242	4806	0	0	0	0	0	0	0	0	0	1648	0	0	114	4888	130	1434	0	202	0	0	0	0	0	1460	0	884	0	726	0	1058	0	6162	0	484	0	1736	0	0	0	5068	0	4984	0	10144	0	2628	136	12118	222	13488	0	0	0	224	0	0	0	0	0	272	0	1650	0	0	0	2262	0	0	0	1100	0	0	0	0	0	0	0	0	0	0	0	0	0	0	0	0	0	0	0	0	0	0	0	0	0	0	
130268	Parietal_Sup_L	0	0	0	0	0	0	0	0	0	0	0	0	0	0	0	0	0	0	0	0	0	0	0	0	0	0	0	0	0	0	0	0	302	0	0	0	0	0	0	0	0	0	88	0	2184	0	114	0	6752	0	16768	0	300	0	80	0	7152	0	0	0	11862	0	0	0	3288	0	12912	0	3122	0	0	0	0	0	0	0	0	0	0	0	0	0	0	0	210	0	0	0	0	0	0	0	0	0	0	0	0	0	0	0	0	0	0	0	0	0	0	0	0	0	0	0	0	0	0	0	
108304	Parietal_Sup_R	0	0	0	0	0	0	0	0	0	0	0	0	0	0	0	0	0	0	0	0	0	0	0	0	0	0	0	0	0	0	0	0	0	0	0	0	0	0	0	0	0	0	0	1170	0	2714	0	0	0	6314	0	7234	0	102	0	0	0	5068	0	0	0	10982	0	98	0	12306	126	6976	0	240	0	0	0	0	0	0	0	0	0	0	0	0	0	0	0	714	0	0	0	108	0	0	0	0	0	0	0	0	0	0	0	0	0	0	0	0	0	0	0	0	0	0	0	0	0	0	
234184	Parietal_Inf_L	824	0	0	0	0	0	0	0	0	0	0	0	0	0	0	0	0	0	0	0	0	0	0	0	0	0	0	0	102	0	0	0	206	0	0	0	300	0	0	0	0	0	818	0	0	0	0	0	380	0	18760	0	108	0	78	0	18286	0	11862	0	0	0	19010	0	20906	0	6552	0	2530	0	0	0	0	0	0	0	0	0	202	0	1602	0	0	0	7628	0	0	0	6938	0	0	0	0	0	0	0	0	0	0	0	0	0	0	0	0	0	0	0	0	0	0	0	0	0	0	0	
103240	Parietal_Inf_R	0	88	0	0	0	0	0	0	0	0	0	0	0	0	0	0	0	0	0	0	0	0	0	0	0	0	0	0	0	0	0	0	0	0	0	0	0	0	0	0	0	0	0	1716	0	920	0	0	0	1618	0	7100	0	0	0	0	0	4984	0	10982	0	0	0	3328	0	16922	0	2134	0	0	0	0	0	0	0	0	0	0	0	0	0	256	0	0	0	1446	0	0	0	126	0	0	0	0	0	0	0	0	0	0	0	0	0	0	0	0	0	0	0	0	0	0	0	0	0	0	
161980	SupraMarginal_L	1722	0	1088	0	0	0	82	0	0	0	0	0	0	0	0	0	3840	0	486	0	0	0	0	0	0	0	0	0	244	0	0	0	0	0	0	0	344	0	0	0	0	0	890	0	0	0	0	0	0	0	2170	0	0	0	0	0	10894	0	0	0	19010	0	0	0	11194	0	804	0	0	0	0	0	0	0	0	0	0	0	248	0	5996	0	0	0	12058	0	0	0	9920	0	0	0	0	0	0	0	0	0	0	0	0	0	0	0	0	0	0	0	0	0	0	0	0	0	0	0	
85464	SupraMarginal_R	0	2710	0	672	0	0	0	114	0	0	0	448	0	0	0	0	0	2514	0	686	0	0	0	0	0	0	0	0	0	328	0	0	0	0	0	0	0	264	0	0	0	0	0	216	0	0	0	0	0	148	0	510	0	0	0	2248	0	10144	0	98	0	3328	0	0	0	6664	0	420	0	0	0	0	0	0	0	0	0	0	0	394	0	7292	0	0	0	1138	0	0	0	2396	0	0	0	0	0	0	0	0	0	0	0	0	0	0	0	0	0	0	0	0	0	0	0	0	0	0	
180376	Angular_L	2742	0	192	0	0	0	0	0	0	0	0	0	0	0	0	0	234	0	96	0	0	0	0	0	0	0	0	0	1580	0	0	0	0	0	0	0	174	0	0	0	0	0	502	0	0	0	0	0	216	0	20040	0	0	0	0	0	5306	0	3288	0	20906	0	11194	0	0	0	2090	0	726	0	0	0	0	0	0	0	0	0	102	0	1578	0	0	0	13250	0	0	0	5972	0	0	0	0	0	0	0	0	0	0	0	0	0	0	0	0	0	0	0	0	0	0	0	0	0	0	0	
153496	Angular_R	0	822	0	0	0	0	0	0	0	0	0	200	0	0	0	0	0	222	0	0	0	0	0	0	0	0	0	0	0	0	0	0	0	0	0	0	0	0	0	0	0	0	0	1314	0	752	0	0	0	3830	0	16910	0	0	0	1154	0	2628	0	12306	0	16922	0	6664	0	0	0	2282	0	86	0	0	0	0	0	0	0	0	0	0	0	2878	0	0	0	6594	0	0	0	1184	0	0	0	0	0	0	0	0	0	0	0	0	0	0	0	0	0	0	0	0	0	0	0	0	0	0	
466624	Precuneus_L	2364	292	382	0	0	0	114	0	0	0	0	0	0	0	0	0	264	0	970	824	0	0	0	0	0	0	0	0	248	0	0	0	5646	814	9430	1464	3676	358	2466	230	0	0	24376	1988	26006	3994	17760	666	19322	2600	31176	448	6128	332	6642	218	8848	136	12912	126	6552	0	804	0	2090	0	0	8434	10962	1126	0	0	0	0	0	0	0	124	0	0	156	0	0	0	7800	176	0	0	1284	132	0	0	0	0	0	0	128	0	206	0	0	0	0	0	0	0	0	0	0	0	118	0	0	0	0	0	
430372	Precuneus_R	292	2040	332	116	0	0	0	0	0	0	0	268	0	0	0	0	0	252	310	2454	0	0	0	0	0	0	0	0	0	112	0	0	1802	7832	2228	14234	720	7980	0	3788	0	0	946	20144	2824	18398	120	16774	0	18398	0	16468	0	3436	0	11280	0	12118	0	6976	0	2134	0	420	0	2282	8434	0	244	14966	0	0	0	0	0	0	104	572	0	128	0	0	0	0	0	4842	0	0	0	5818	0	106	0	0	0	0	0	332	0	408	0	0	0	0	0	0	0	0	0	0	1754	0	0	0	0	0	
234732	Paracentral_Lobule_L	14970	3064	1036	314	0	0	94	0	0	0	0	0	0	0	0	0	152	0	5028	11262	0	0	0	0	0	0	0	0	452	0	0	0	4942	5794	5034	530	336	0	0	0	0	0	2896	0	2958	0	2238	0	724	0	11106	0	1880	0	1746	0	6282	222	3122	0	2530	0	0	0	726	0	10962	244	0	6026	770	0	258	0	146	0	2062	256	0	0	488	0	0	0	6100	0	0	0	616	0	0	0	0	0	0	0	0	0	0	0	0	0	0	0	0	0	0	0	0	0	0	0	0	0	0	0	
245300	Paracentral_Lobule_R	2418	3942	0	0	0	0	0	0	0	0	0	0	0	0	0	0	0	110	1584	24478	0	0	0	0	0	0	0	0	0	0	0	0	1482	21220	1406	6344	0	1172	0	0	0	0	230	3158	178	1280	122	2178	0	574	0	3300	0	1038	0	3788	0	13488	0	240	0	0	0	0	0	86	1126	14966	6026	0	838	170	0	0	0	0	120	164	0	0	0	346	0	0	0	2196	0	0	0	2746	0	0	0	0	0	0	0	0	0	0	0	0	0	0	0	0	0	0	0	0	136	0	0	0	0	0	
250192	Caudate_L	6844	1122	1888	8820	86	1262	4328	3326	0	86	914	964	262	2496	0	122	692	350	4926	6364	4882	5220	540	602	874	0	1034	230	11036	3166	3972	5134	0	1444	266	354	2030	462	0	0	0	0	0	0	0	0	0	0	0	0	0	0	0	0	1188	0	1318	0	0	0	0	0	0	0	0	0	0	0	770	838	0	13580	10850	2068	1394	0	5086	904	0	0	396	0	0	0	0	0	0	0	606	0	0	0	0	0	0	0	0	0	0	0	0	0	0	0	0	0	0	0	0	0	0	0	0	0	0	0	
441880	Caudate_R	2998	1954	830	24510	0	11004	3714	2594	0	946	496	4774	326	3494	0	1446	148	942	8282	16278	4172	6594	214	8052	0	8028	344	3504	3066	8648	2750	18426	0	0	206	272	372	2654	0	916	0	0	0	0	0	0	0	0	0	0	0	0	0	0	218	654	218	0	0	0	0	0	0	0	0	0	0	0	0	170	13580	0	5830	28284	0	1110	1200	16250	0	0	0	104	0	272	0	0	0	0	96	0	0	0	0	0	0	0	0	0	0	0	0	0	0	0	0	0	0	0	0	0	0	0	0	0	0	0	
234944	Putamen_L	2422	188	9704	1426	4642	0	552	488	1222	0	1046	206	674	90	2030	0	504	124	4140	1346	2936	2700	5328	0	1262	0	1194	256	15110	320	12480	1784	0	0	0	0	8444	0	1110	0	686	0	0	0	0	0	0	0	0	0	0	0	0	0	4232	0	0	0	0	0	0	0	0	0	0	0	0	0	258	0	10850	5830	0	1708	4518	0	1644	0	0	0	510	0	624	0	216	0	0	0	2668	0	0	0	0	0	0	0	0	0	0	0	0	0	0	0	0	0	0	0	0	0	0	0	0	0	0	0	
350484	Putamen_R	186	362	1286	15836	0	8044	168	1220	0	404	0	5040	0	2616	0	1598	0	2946	7074	11728	648	946	0	5996	0	6282	0	904	744	19890	1234	8074	0	126	0	0	210	13766	0	7764	0	812	0	0	0	0	0	312	0	0	0	0	0	0	140	5256	0	224	0	0	0	0	0	0	0	0	0	0	0	0	2068	28284	1708	0	0	3316	0	4764	0	352	0	1052	0	948	0	122	0	0	0	448	0	0	0	0	0	0	0	122	0	222	0	0	0	0	0	0	0	0	0	0	0	0	0	0	0	0	
29100	Pallidum_L	392	0	4082	140	0	0	94	0	0	0	0	0	0	0	0	0	0	0	1382	0	0	0	0	0	0	0	0	0	0	0	0	0	0	0	0	0	324	0	0	0	0	0	0	0	0	0	0	0	0	0	0	0	0	0	0	0	0	0	0	0	0	0	0	0	0	0	0	0	146	0	1394	0	4518	0	0	0	1990	88	0	0	0	0	0	0	0	0	0	0	0	0	0	0	0	0	0	0	0	0	0	0	0	0	0	0	0	0	0	0	0	0	0	0	0	0	0	0	
32436	Pallidum_R	0	230	0	2152	0	0	0	540	0	0	0	158	0	0	0	0	0	178	1186	3158	0	0	0	0	0	0	0	0	0	288	0	0	0	0	0	0	0	2138	0	1360	0	0	0	0	0	0	0	0	0	0	0	0	0	0	0	404	0	0	0	0	0	0	0	0	0	0	0	0	0	0	0	1110	0	3316	0	0	0	0	0	0	0	0	0	0	0	0	0	0	0	0	0	0	0	0	0	0	0	0	0	0	0	0	0	0	0	0	0	0	0	0	0	0	0	0	0	0	
172076	Thalamus_L	18092	1374	1976	808	0	0	78	0	0	0	0	0	0	0	0	0	0	0	144	1588	0	0	0	0	0	0	0	0	602	166	0	0	128	0	5822	8244	7616	5952	542	2494	0	0	0	0	0	0	188	0	0	0	0	0	0	0	806	822	0	0	0	0	0	0	0	0	0	0	0	104	2062	120	5086	1200	1644	0	1990	0	0	13820	1008	0	332	0	0	0	184	0	0	0	678	368	0	0	0	0	0	0	0	0	0	0	0	0	0	0	0	0	0	0	0	0	0	0	0	0	0	0	
271888	Thalamus_R	11290	3838	1204	9330	0	1232	164	0	0	92	0	234	0	172	0	122	0	0	502	7060	0	0	0	812	0	0	0	0	524	2188	0	1020	0	0	10282	12944	9756	12604	182	5230	0	0	0	144	0	0	0	150	0	0	0	0	0	168	766	2850	0	0	0	0	0	0	0	0	0	0	124	572	256	164	904	16250	0	4764	88	0	13820	0	986	216	288	228	0	0	168	180	0	0	668	1142	0	0	0	0	0	0	0	110	0	156	0	0	0	0	0	0	0	0	0	0	0	0	0	0	0	0	
67320	Heschl_L	2590	0	1582	0	0	0	420	0	0	0	354	0	0	0	0	0	2280	0	128	0	0	0	0	0	0	0	0	0	5704	126	0	0	0	0	856	1030	3700	854	0	294	0	0	78	0	0	0	84	0	0	0	308	0	0	0	1902	124	1024	0	0	0	202	0	248	0	102	0	0	0	0	0	0	0	0	0	0	0	1008	986	0	0	3610	0	0	0	2058	0	0	0	2008	0	0	0	0	0	0	0	0	0	0	0	0	0	0	0	0	0	0	0	0	0	0	0	0	0	0	0	
56708	Heschl_R	222	1128	218	1412	0	0	0	256	0	0	0	2148	0	0	0	0	0	5918	542	1388	0	0	0	0	0	0	0	0	0	2788	0	0	0	136	308	342	314	1258	0	462	0	0	0	110	0	0	0	102	0	0	0	0	0	0	0	1052	0	272	0	0	0	0	0	394	0	0	0	128	0	0	0	0	0	352	0	0	0	216	0	0	0	4866	0	0	0	672	0	0	0	1054	0	0	0	0	0	0	0	194	0	102	0	0	0	0	0	0	0	0	0	0	0	0	0	0	0	0	
190132	Temporal_Sup_L	4856	0	2672	220	0	0	762	106	0	0	4462	0	396	0	0	0	11408	0	2130	252	0	0	0	0	0	0	0	0	10374	0	0	0	0	0	188	250	2502	236	0	98	0	0	204	0	0	0	92	0	0	0	734	0	106	0	2280	0	5082	0	0	0	1602	0	5996	0	1578	0	156	0	488	0	396	0	510	0	0	0	332	288	3610	0	0	0	3696	0	18244	0	0	0	8760	0	0	0	0	0	0	0	0	0	0	0	0	0	0	0	0	0	0	0	0	0	0	0	0	0	0	0	
122504	Temporal_Sup_R	214	1582	210	1524	0	0	0	286	0	0	0	2250	0	0	0	0	0	8682	560	1872	0	0	0	0	0	0	0	0	0	5206	0	0	0	348	258	270	266	1284	0	372	0	0	0	0	0	0	0	0	0	0	0	224	0	0	0	3736	0	1650	0	0	0	256	0	7292	0	2878	0	0	0	346	0	104	0	1052	0	0	0	228	0	4866	0	0	0	1484	0	6950	0	198	0	4572	0	0	0	0	0	0	0	232	0	0	0	0	0	0	0	0	0	0	0	0	0	0	0	0	0	0	
91448	Temporal_Pole_Sup_L	0	0	1072	0	520	0	0	0	0	0	2126	0	584	0	388	0	1272	0	758	0	228	0	356	0	0	0	0	0	4676	0	358	0	0	0	0	0	1172	0	254	0	494	0	0	0	0	0	0	0	0	0	0	0	0	0	2728	0	0	0	0	0	0	0	0	0	0	0	0	0	0	0	0	0	624	0	0	0	0	0	0	0	3696	0	0	0	9018	0	6026	0	9374	0	0	0	0	0	0	0	0	0	0	0	0	0	0	0	0	0	0	0	0	0	0	0	0	0	0	0	
69592	Temporal_Pole_Sup_R	0	0	0	468	0	0	0	142	0	0	0	786	0	0	0	0	0	784	114	474	0	0	0	0	0	0	0	0	0	1406	0	0	0	0	0	0	0	3302	0	5126	0	3584	0	0	0	0	0	0	0	0	0	0	0	0	0	5012	0	0	0	0	0	0	0	0	0	0	0	0	0	0	0	272	0	948	0	0	0	0	0	0	0	1484	0	0	0	2192	0	5086	0	3616	0	0	0	0	0	0	0	0	0	0	0	0	0	0	0	0	0	0	0	0	0	0	0	0	0	0	
449576	Temporal_Mid_L	10150	0	2246	0	136	0	612	0	0	0	0	0	0	0	0	0	1772	0	224	0	0	0	136	0	0	0	0	0	5006	0	136	0	0	0	626	150	1614	142	0	0	0	0	10428	0	2748	0	3474	0	2366	0	40096	0	6088	0	5402	0	9916	0	210	0	7628	0	12058	0	13250	0	7800	0	6100	0	0	0	216	0	0	0	184	168	2058	0	18244	0	9018	0	0	0	6128	0	38258	0	0	0	0	0	0	0	0	0	0	0	0	0	0	0	0	0	0	0	0	0	0	0	0	0	0	0	
218992	Temporal_Mid_R	158	966	272	0	0	0	0	0	0	0	0	456	0	0	0	0	0	688	242	684	0	0	0	0	0	0	0	0	0	894	0	0	0	1008	146	316	158	380	0	0	0	0	0	6672	0	3448	0	1662	0	3062	0	19364	0	6866	0	6930	0	2262	0	714	0	1446	0	1138	0	6594	176	4842	0	2196	0	0	0	122	0	0	0	180	0	672	0	6950	0	2192	0	0	0	882	0	24758	0	0	0	0	0	0	0	0	0	0	0	0	0	0	0	0	0	0	0	0	0	0	0	0	0	0	
44260	Temporal_Pole_Mid_L	0	0	0	0	0	0	0	0	0	0	0	0	0	0	0	0	0	0	0	0	0	0	0	0	0	0	0	0	98	0	0	0	0	0	0	0	0	0	272	0	144	0	0	0	0	0	0	0	0	0	0	0	0	0	2484	0	0	0	0	0	0	0	0	0	0	0	0	0	0	0	0	0	0	0	0	0	0	0	0	0	0	0	6026	0	6128	0	0	0	6978	0	0	0	0	0	0	0	0	0	0	0	0	0	0	0	0	0	0	0	0	0	0	0	0	0	0	0	
34044	Temporal_Pole_Mid_R	0	0	0	0	0	0	0	0	0	0	0	0	0	0	0	0	0	0	0	0	0	0	0	0	0	0	0	0	0	0	0	0	0	0	0	0	0	854	0	3186	0	1670	0	0	0	0	0	0	0	0	0	0	0	0	0	3150	0	0	0	0	0	0	0	0	0	0	0	0	0	0	0	0	0	0	0	0	0	0	0	0	0	198	0	5086	0	882	0	0	0	1996	0	0	0	0	0	0	0	0	0	0	0	0	0	0	0	0	0	0	0	0	0	0	0	0	0	0	
348380	Temporal_Inf_L	3296	0	1166	0	120	0	256	0	0	0	0	0	0	0	0	0	678	0	188	0	92	0	120	0	0	0	0	0	8510	0	124	0	0	0	934	746	12006	594	2182	220	628	0	2152	0	308	0	1716	0	0	0	5458	0	5274	0	23848	166	2082	0	0	0	6938	0	9920	0	5972	0	1284	0	616	0	606	96	2668	0	0	0	678	668	2008	0	8760	0	9374	0	38258	0	6978	0	0	136	4112	0	1296	0	0	0	218	0	740	0	0	0	0	0	0	0	0	0	0	0	0	0	0	0	0	0	
299100	Temporal_Inf_R	468	1196	112	240	0	0	0	0	0	0	0	306	0	0	0	0	0	676	122	2260	0	0	0	0	0	0	0	0	0	2176	0	0	0	2032	998	2108	1040	6822	0	2530	0	1240	0	10112	0	1844	0	4538	0	1982	0	5484	0	10854	160	28960	0	1100	0	108	0	126	0	2396	0	1184	132	5818	0	2746	0	0	0	448	0	0	368	1142	0	1054	0	4572	0	3616	0	24758	0	1996	136	0	0	3922	80	1508	0	0	0	1710	0	1878	0	0	0	296	0	0	0	0	0	0	0	0	196	0	0	0	
489416	Cerebelum_Crus1_L	0	0	0	0	0	0	0	0	0	0	0	0	0	0	0	0	0	0	0	0	0	0	0	0	0	0	0	0	0	0	0	0	0	0	0	0	0	0	0	0	0	0	168	0	0	0	5860	3410	0	0	240	0	640	256	21128	5142	0	0	0	0	0	0	0	0	0	0	0	0	0	0	0	0	0	0	0	0	0	0	0	0	0	0	0	0	0	0	0	0	4112	0	0	5892	32858	654	1338	414	23466	4732	56266	11704	11492	92	15606	534	3392	630	780	0	1164	1824	8658	13998	4536	1704	1736	282	
531584	Cerebelum_Crus1_R	0	0	0	0	0	0	0	0	0	0	0	0	0	0	0	0	0	0	0	0	0	0	0	0	0	0	0	0	0	0	0	0	0	0	0	0	0	372	0	272	0	0	0	94	0	0	1178	6424	0	0	102	0	198	446	1052	23592	0	0	0	0	0	0	0	0	0	0	0	106	0	0	0	0	0	0	0	0	0	0	0	0	0	0	0	0	0	0	0	0	0	3922	5892	0	2624	42104	532	1832	4212	20606	9096	67982	650	4736	844	18068	944	4590	86	1000	592	1262	8672	12852	12218	2930	2998	712	
301200	Cerebelum_Crus2_L	0	0	0	0	0	0	0	0	0	0	0	0	0	0	0	0	0	0	0	0	0	0	0	0	0	0	0	0	0	0	0	0	0	0	0	0	0	0	0	0	0	0	0	0	0	0	570	550	0	0	0	0	0	128	1214	982	0	0	0	0	0	0	0	0	0	0	0	0	0	0	0	0	0	0	0	0	0	0	0	0	0	0	0	0	0	0	0	0	1296	80	32858	2624	0	5462	0	0	378	238	4616	2784	33650	1636	31848	5568	5506	892	1346	0	0	0	148	2226	7368	4528	2104	0	
308808	Cerebelum_Crus2_R	0	0	0	0	0	0	0	0	0	0	0	0	0	0	0	0	0	0	0	0	0	0	0	0	0	0	0	0	0	0	0	0	0	0	0	0	0	0	0	0	0	0	0	0	0	0	0	162	0	0	0	0	0	0	0	1662	0	0	0	0	0	0	0	0	0	0	0	0	0	0	0	0	0	0	0	0	0	0	0	0	0	0	0	0	0	0	0	0	0	1508	654	42104	5462	0	0	176	128	2234	634	17016	2828	23074	2502	31106	258	3210	0	680	0	0	476	1346	12640	2884	1660	0	
59428	Cerebelum_3_L	0	0	0	0	0	0	0	0	0	0	0	0	0	0	0	0	0	0	0	0	0	0	0	0	0	0	0	0	0	0	0	0	0	0	0	0	0	0	0	0	0	0	0	0	0	0	1284	290	0	0	0	0	0	0	776	142	0	0	0	0	0	0	0	0	0	0	0	0	0	0	0	0	0	0	0	0	0	0	0	0	0	0	0	0	0	0	0	0	0	0	1338	532	0	0	0	552	8938	776	3598	1402	140	0	316	0	1358	150	282	0	1154	2712	2614	1014	130	0	120	96	
68532	Cerebelum_3_R	0	0	0	0	0	0	0	0	0	0	0	0	0	0	0	0	0	0	0	0	0	0	0	0	0	0	0	0	0	0	0	0	0	0	0	0	0	104	268	146	0	0	0	0	0	0	296	508	0	0	0	0	0	0	194	342	0	0	0	0	0	0	0	0	0	0	0	0	0	0	0	0	0	0	0	0	0	0	0	0	0	0	0	0	0	0	0	0	0	0	414	1832	0	176	552	0	1800	6212	676	7504	0	0	0	144	100	1260	0	0	2018	4850	2196	552	364	488	824	446	
387856	Cerebelum_4_5_L	0	0	0	0	0	0	0	0	0	0	0	0	0	0	0	0	0	0	0	0	0	0	0	0	0	0	0	0	0	0	0	0	0	0	0	0	0	0	280	78	0	0	0	0	0	0	11308	3948	0	0	0	0	1824	0	17514	2162	0	0	0	0	0	0	0	0	0	0	128	0	0	0	0	0	0	0	0	0	0	0	0	0	0	0	0	0	0	0	0	0	218	0	23466	4212	378	128	8938	1800	0	10098	45636	10098	1496	0	2074	94	4736	804	742	0	3390	6550	22470	6216	662	268	438	1774	
359932	Cerebelum_4_5_R	0	0	0	0	0	0	0	0	0	0	0	0	0	0	0	0	0	0	0	0	0	0	0	0	0	0	0	0	0	104	0	0	0	0	106	166	110	1816	0	2594	0	178	0	0	0	0	1606	10722	0	0	0	0	496	110	2744	13774	0	0	0	0	0	0	0	0	0	0	0	332	0	0	0	0	0	122	0	0	0	110	0	194	0	232	0	0	0	0	0	0	0	1710	4732	20606	238	2234	776	6212	10098	0	11376	39482	202	0	302	1480	1392	2590	222	214	1372	3038	20120	7680	2716	1978	2298	1382	
576960	Cerebelum_6_L	0	0	0	0	0	0	0	0	0	0	0	0	0	0	0	0	0	0	0	0	0	0	0	0	0	0	0	0	0	0	0	0	0	0	0	0	0	0	112	0	0	0	240	0	112	0	13628	8642	108	0	834	0	3558	588	31566	9404	0	0	0	0	0	0	0	0	0	0	206	0	0	0	0	0	0	0	0	0	0	0	0	0	0	0	0	0	0	0	0	0	740	0	56266	9096	4616	634	3598	676	45636	11376	0	18268	3852	0	4906	392	4224	562	726	0	2204	3702	20626	21492	3572	860	824	634	
660124	Cerebelum_6_R	0	0	0	0	0	0	0	0	0	0	0	0	0	0	0	0	0	0	0	0	0	0	0	0	0	0	0	0	0	162	0	0	0	0	138	176	142	1764	0	1570	0	80	0	286	0	0	2298	11250	0	0	118	0	386	1230	2568	29674	0	0	0	0	0	0	0	0	0	0	0	408	0	0	0	0	0	222	0	0	0	156	0	102	0	0	0	0	0	0	0	0	0	1878	11704	67982	2784	17016	1402	7504	10098	39482	18268	0	506	678	932	9360	2538	6008	230	780	2896	5418	18942	23260	14432	5236	5878	2120	
254264	Cerebelum_7b_L	0	0	0	0	0	0	0	0	0	0	0	0	0	0	0	0	0	0	0	0	0	0	0	0	0	0	0	0	0	0	0	0	0	0	0	0	0	0	0	0	0	0	0	0	0	0	130	0	0	0	0	0	0	0	696	0	0	0	0	0	0	0	0	0	0	0	0	0	0	0	0	0	0	0	0	0	0	0	0	0	0	0	0	0	0	0	0	0	0	0	11492	650	33650	2828	140	0	1496	202	3852	506	0	1672	41086	8030	7032	550	1574	0	0	84	294	190	3258	6750	970	0	
142628	Cerebelum_7b_R	0	0	0	0	0	0	0	0	0	0	0	0	0	0	0	0	0	0	0	0	0	0	0	0	0	0	0	0	0	0	0	0	0	0	0	0	0	0	0	0	0	0	0	0	0	0	0	0	0	0	0	0	0	0	0	0	0	0	0	0	0	0	0	0	0	0	0	0	0	0	0	0	0	0	0	0	0	0	0	0	0	0	0	0	0	0	0	0	0	0	92	4736	1636	23074	0	0	0	0	0	678	1672	0	2262	27784	128	3846	0	114	0	0	0	0	1978	2418	896	0	
301984	Cerebelum_8_L	0	0	0	0	0	0	0	0	0	0	0	0	0	0	0	0	0	0	0	0	0	0	0	0	0	0	0	0	0	0	0	0	0	0	0	0	0	0	0	0	0	0	0	0	0	0	324	0	0	0	0	0	0	0	886	150	0	0	0	0	0	0	0	0	0	0	0	0	0	0	0	0	0	0	0	0	0	0	0	0	0	0	0	0	0	0	0	0	0	0	15606	844	31848	2502	316	0	2074	302	4906	932	41086	2262	0	9788	14950	1426	3268	0	108	174	522	644	3470	9758	2846	0	
307820	Cerebelum_8_R	0	0	0	0	0	0	0	0	0	0	0	0	0	0	0	0	0	0	0	0	0	0	0	0	0	0	0	0	0	0	0	0	0	0	0	0	0	0	0	0	0	0	0	0	0	0	0	0	0	0	0	0	0	0	0	404	0	0	0	0	0	0	0	0	0	0	0	0	0	0	0	0	0	0	0	0	0	0	0	0	0	0	0	0	0	0	0	0	0	296	534	18068	5568	31106	0	144	94	1480	392	9360	8030	27784	9788	0	732	14600	0	1308	0	152	196	478	8600	10538	4178	80	
137560	Cerebelum_9_L	0	0	0	0	0	0	0	0	0	0	0	0	0	0	0	0	0	0	0	0	0	0	0	0	0	0	0	0	0	0	0	0	0	0	0	0	0	0	0	0	0	0	0	0	0	0	278	252	0	0	0	0	0	0	270	370	0	0	0	0	0	0	0	0	0	0	0	0	0	0	0	0	0	0	0	0	0	0	0	0	0	0	0	0	0	0	0	0	0	0	3392	944	5506	258	1358	100	4736	1392	4224	2538	7032	128	14950	732	0	1672	4402	0	356	718	2400	4244	1458	1646	2168	1256	
145676	Cerebelum_9_R	0	0	0	0	0	0	0	0	0	0	0	0	0	0	0	0	0	0	0	0	0	0	0	0	0	0	0	0	0	0	0	0	0	0	0	0	0	0	0	0	0	0	0	0	0	0	150	150	0	0	0	0	0	0	0	218	0	0	0	0	0	0	0	0	0	0	0	0	0	0	0	0	0	0	0	0	0	0	0	0	0	0	0	0	0	0	0	0	0	0	630	4590	892	3210	150	1260	804	2590	562	6008	550	3846	1426	14600	1672	0	0	2466	790	1156	1184	3014	4126	5760	8316	2718	
28132	Cerebelum_10_L	0	0	0	0	0	0	0	0	0	0	0	0	0	0	0	0	0	0	0	0	0	0	0	0	0	0	0	0	0	0	0	0	0	0	0	0	0	0	0	0	0	0	0	0	0	0	0	0	0	0	0	0	0	0	0	0	0	0	0	0	0	0	0	0	0	0	0	0	0	0	0	0	0	0	0	0	0	0	0	0	0	0	0	0	0	0	0	0	0	0	780	86	1346	0	282	0	742	222	726	230	1574	0	3268	0	4402	0	0	0	0	0	320	88	0	0	0	0	
15208	Cerebelum_10_R	0	0	0	0	0	0	0	0	0	0	0	0	0	0	0	0	0	0	0	0	0	0	0	0	0	0	0	0	0	0	0	0	0	0	0	0	0	0	0	0	0	0	0	0	0	0	0	0	0	0	0	0	0	0	0	0	0	0	0	0	0	0	0	0	0	0	0	0	0	0	0	0	0	0	0	0	0	0	0	0	0	0	0	0	0	0	0	0	0	0	0	1000	0	680	0	0	0	214	0	780	0	114	0	1308	0	2466	0	0	0	0	0	0	316	320	406	0	
62708	Vermis_1_2	0	0	0	0	0	0	0	0	0	0	0	0	0	0	0	0	0	0	0	0	0	0	0	0	0	0	0	0	0	0	0	0	0	0	0	0	0	0	0	0	0	0	0	0	0	0	730	134	0	0	0	0	134	0	758	0	0	0	0	0	0	0	0	0	0	0	0	0	0	0	0	0	0	0	0	0	0	0	0	0	0	0	0	0	0	0	0	0	0	0	1164	592	0	0	1154	2018	3390	1372	2204	2896	0	0	108	0	356	790	0	0	0	6308	4112	1292	282	298	742	520	
102800	Vermis_3	0	0	0	0	0	0	0	0	0	0	0	0	0	0	0	0	0	0	0	0	0	0	0	0	0	0	0	0	0	0	0	0	0	0	0	0	0	0	150	0	0	0	0	0	0	0	1184	214	0	0	0	0	188	0	1190	130	0	0	0	0	0	0	0	0	0	0	0	0	0	0	0	0	0	0	0	0	0	0	0	0	0	0	0	0	0	0	0	0	0	0	1824	1262	0	0	2712	4850	6550	3038	3702	5418	84	0	174	152	718	1156	0	0	6308	0	6462	1548	454	422	912	598	
339412	Vermis_4_5	0	0	0	0	0	0	0	0	0	0	0	0	0	0	0	0	0	0	0	0	0	0	0	0	0	0	0	0	0	0	0	0	0	0	116	1232	108	1132	0	318	0	0	0	164	0	0	4062	9736	0	0	0	0	1074	138	5978	6318	0	0	0	0	0	0	0	0	0	0	118	1754	0	136	0	0	0	0	0	0	0	0	0	0	0	0	0	0	0	0	0	0	0	0	8658	8672	148	476	2614	2196	22470	20120	20626	18942	294	0	522	196	2400	1184	320	0	4112	6462	0	12056	574	308	846	3126	
