data	data	494460	181308	1.35151e+06	946744	214792	111496	739716	351728	136612	38416	383192	215024	337168	171808	231436	123808	265564	72448	708652	797408	130956	128464	557168	442860	93312	157492	127988	123264	699736	381108	521564	636484	198220	572908	117264	165616	181884	193668	70524	103708	36608	48840	190148	237888	187460	272032	198220	217196	164044	277728	401252	255936	90584	44204	270008	183292	296440	133324	137792	99736	297908	111456	118588	88020	212424	139384	265480	337984	145148	151624	511936	363728	531092	282032	74260	69788	155140	164876	60440	29716	228568	115356	105144	37876	307344	187640	20556	15388	240240	146736	379612	341072	285920	210796	18444	42800	246220	202384	358764	297004	178688	109924	198932	214104	85968	75544	6548	2972	11880	37780	178424	103388	134896	67532	47892	15060	
data	data	Precentral_L	Precentral_R	Frontal_Sup_L	Frontal_Sup_R	Frontal_Sup_Orb_L	Frontal_Sup_Orb_R	Frontal_Mid_L	Frontal_Mid_R	Frontal_Mid_Orb_L	Frontal_Mid_Orb_R	Frontal_Inf_Oper_L	Frontal_Inf_Oper_R	Frontal_Inf_Tri_L	Frontal_Inf_Tri_R	Frontal_Inf_Orb_L	Frontal_Inf_Orb_R	Rolandic_Oper_L	Rolandic_Oper_R	Supp_Motor_Area_L	Supp_Motor_Area_R	Olfactory_L	Olfactory_R	Frontal_Sup_Medial_L	Frontal_Sup_Medial_R	Frontal_Med_Orb_L	Frontal_Med_Orb_R	Rectus_L	Rectus_R	Insula_L	Insula_R	Cingulum_Ant_L	Cingulum_Ant_R	Cingulum_Mid_L	Cingulum_Mid_R	Cingulum_Post_L	Cingulum_Post_R	Hippocampus_L	Hippocampus_R	ParaHippocampal_L	ParaHippocampal_R	Amygdala_L	Amygdala_R	Calcarine_L	Calcarine_R	Cuneus_L	Cuneus_R	Lingual_L	Lingual_R	Occipital_Sup_L	Occipital_Sup_R	Occipital_Mid_L	Occipital_Mid_R	Occipital_Inf_L	Occipital_Inf_R	Fusiform_L	Fusiform_R	Postcentral_L	Postcentral_R	Parietal_Sup_L	Parietal_Sup_R	Parietal_Inf_L	Parietal_Inf_R	SupraMarginal_L	SupraMarginal_R	Angular_L	Angular_R	Precuneus_L	Precuneus_R	Paracentral_Lobule_L	Paracentral_Lobule_R	Caudate_L	Caudate_R	Putamen_L	Putamen_R	Pallidum_L	Pallidum_R	Thalamus_L	Thalamus_R	Heschl_L	Heschl_R	Temporal_Sup_L	Temporal_Sup_R	Temporal_Pole_Sup_L	Temporal_Pole_Sup_R	Temporal_Mid_L	Temporal_Mid_R	Temporal_Pole_Mid_L	Temporal_Pole_Mid_R	Temporal_Inf_L	Temporal_Inf_R	Cerebelum_Crus1_L	Cerebelum_Crus1_R	Cerebelum_Crus2_L	Cerebelum_Crus2_R	Cerebelum_3_L	Cerebelum_3_R	Cerebelum_4_5_L	Cerebelum_4_5_R	Cerebelum_6_L	Cerebelum_6_R	Cerebelum_7b_L	Cerebelum_7b_R	Cerebelum_8_L	Cerebelum_8_R	Cerebelum_9_L	Cerebelum_9_R	Cerebelum_10_L	Cerebelum_10_R	Vermis_1_2	Vermis_3	Vermis_4_5	Vermis_6	Vermis_7	Vermis_8	Vermis_9	Vermis_10	
494460	Precentral_L	0	1710	28206	5670	0	0	36608	1226	0	0	13464	0	2464	0	0	0	11366	0	9752	4746	0	0	598	130	0	0	0	0	12524	118	706	232	738	566	4424	186	3454	0	446	0	134	0	150	0	246	0	0	0	0	0	978	0	0	0	0	0	31782	0	1770	0	11938	0	3428	0	1344	0	1668	0	13618	424	3132	796	4962	0	1994	0	24740	460	2628	0	820	0	0	0	606	0	0	0	278	0	0	0	0	0	0	0	0	0	0	0	0	0	0	0	0	0	0	0	0	0	0	0	0	0	0	0	
181308	Precentral_R	1710	0	400	10880	0	0	610	7220	0	0	0	8456	0	786	0	0	0	838	150	5450	0	0	0	0	0	0	0	0	0	1682	0	0	0	2282	822	1640	580	5272	308	798	0	0	0	180	0	480	0	0	0	444	0	682	0	0	0	0	0	18336	0	178	0	554	0	1586	0	260	150	892	962	2942	0	1986	0	4132	0	630	0	5830	0	0	0	118	0	0	0	174	0	0	0	0	0	0	0	0	0	0	254	0	0	0	0	0	0	0	0	0	0	0	0	0	0	0	0	0	0	0	
1.35151e+06	Frontal_Sup_L	28206	400	0	12538	14602	0	104894	690	9148	0	29886	180	22750	158	17516	112	17304	0	80800	21260	2242	298	57572	4898	5112	542	3220	174	51546	854	30672	8036	12364	12772	288	0	2970	0	468	0	726	0	0	0	0	0	0	0	0	0	0	0	0	0	526	0	2998	0	130	0	802	0	430	0	0	0	0	0	676	164	31972	614	50750	876	8734	344	12860	0	440	0	3314	0	3314	0	452	0	0	0	1162	0	0	0	0	0	0	0	0	0	0	0	0	0	0	0	0	0	0	0	0	0	0	0	0	0	0	0	
946744	Frontal_Sup_R	5670	10880	12538	0	0	4452	4418	52414	0	1310	508	11684	248	10260	0	5914	180	3902	14444	84804	0	146	10988	50110	0	3426	0	274	436	23636	4686	41856	902	31716	452	558	704	1514	0	458	0	0	0	0	0	0	0	0	0	0	0	0	0	0	0	0	132	586	0	0	0	0	0	0	0	0	0	0	1846	144	16090	24882	1960	10074	384	3608	1866	15248	0	212	0	580	0	0	0	0	0	0	0	0	0	0	0	0	0	0	272	0	0	0	0	0	0	0	0	0	0	0	0	0	0	0	0	0	0	0	
214792	Frontal_Sup_Orb_L	0	0	14602	0	0	0	4612	0	16150	0	476	0	1946	0	16076	0	228	0	764	0	4558	534	6496	0	7694	224	11746	272	6640	0	6390	244	0	0	0	0	0	0	0	0	402	0	0	0	0	0	0	0	0	0	0	0	0	0	0	0	0	0	0	0	0	0	0	0	0	0	0	0	0	0	4118	400	2316	0	0	0	0	0	0	0	0	0	508	0	0	0	0	0	0	0	0	0	0	0	0	0	0	0	0	0	0	0	0	0	0	0	0	0	0	0	0	0	0	0	0	0	
111496	Frontal_Sup_Orb_R	0	0	0	4452	0	0	0	218	0	2152	0	0	0	108	0	4946	0	0	0	0	0	3724	704	6164	122	12722	0	10026	0	2700	352	3940	0	0	0	0	0	0	0	0	0	294	0	0	0	0	0	0	0	0	0	0	0	0	0	0	0	0	0	0	0	0	0	0	0	0	0	0	0	0	120	1712	0	1292	0	0	0	0	0	0	0	0	0	0	0	0	0	0	0	0	0	0	0	0	0	0	0	0	0	0	0	0	0	0	0	0	0	0	0	0	0	0	0	0	0	0	
739716	Frontal_Mid_L	36608	610	104894	4418	4612	0	0	600	8108	0	23332	0	50194	0	12840	0	4292	0	14006	4196	0	0	20750	896	130	0	0	0	21284	0	6856	1472	6218	2782	208	0	1596	0	0	0	132	0	0	0	0	0	0	0	0	0	0	0	0	0	0	0	1540	0	292	0	462	0	142	0	0	0	126	0	250	0	7296	368	10588	0	1666	0	12536	0	186	0	756	0	2026	0	254	0	0	0	336	0	0	0	0	0	0	0	0	0	0	0	0	0	0	0	0	0	0	0	0	0	0	0	0	0	0	0	
351728	Frontal_Mid_R	1226	7220	690	52414	0	218	600	0	0	2178	0	15164	0	14918	0	5334	0	580	740	10900	0	0	1028	6008	0	0	0	0	0	10964	818	6902	0	6756	0	0	0	1080	0	356	0	0	0	0	0	0	0	0	0	0	0	0	0	0	0	0	0	842	0	0	0	0	0	0	0	0	0	0	0	264	558	9476	0	7666	0	2916	0	8048	0	0	0	0	0	0	0	0	0	0	0	0	0	0	0	0	0	0	0	0	0	0	0	0	0	0	0	0	0	0	0	0	0	0	0	0	0	0	
136612	Frontal_Mid_Orb_L	0	0	9148	0	16150	0	8108	0	0	0	224	0	4464	0	20950	0	0	0	462	0	382	0	0	0	264	0	1924	0	4360	0	144	0	0	0	0	0	0	0	0	0	0	0	0	0	0	0	0	0	0	0	0	0	0	0	0	0	0	0	0	0	0	0	0	0	0	0	0	0	0	0	570	0	504	0	0	0	0	0	0	0	0	0	652	0	0	0	0	0	0	0	0	0	0	0	0	0	0	0	0	0	0	0	0	0	0	0	0	0	0	0	0	0	0	0	0	0	
38416	Frontal_Mid_Orb_R	0	0	0	1310	0	2152	0	2178	0	0	0	0	0	656	0	9034	0	0	0	1024	0	126	0	0	0	246	0	548	0	908	0	106	0	920	0	0	0	0	0	0	0	0	0	0	0	0	0	0	0	0	0	0	0	0	0	0	0	0	0	0	0	0	0	0	0	0	0	0	0	0	0	0	0	0	0	0	0	0	0	0	0	0	0	0	0	0	0	0	0	0	0	0	0	0	0	0	0	0	0	0	0	0	0	0	0	0	0	0	0	0	0	0	0	0	0	0	
383192	Frontal_Inf_Oper_L	13464	0	29886	508	476	0	23332	0	224	0	0	0	24730	0	540	0	15972	0	12406	860	0	0	4356	340	418	0	0	0	26908	0	6436	526	830	430	0	0	508	0	0	0	0	0	0	0	0	0	0	0	0	0	0	0	0	0	142	0	4348	0	0	0	180	0	0	0	0	0	0	0	0	0	4676	0	8050	0	0	0	0	0	626	0	3302	0	5886	0	510	0	0	0	726	0	0	0	0	0	0	0	0	0	0	0	0	0	0	0	0	0	0	0	0	0	0	0	0	0	0	0	
215024	Frontal_Inf_Oper_R	0	8456	180	11684	0	0	0	15164	0	0	0	0	0	12790	0	274	0	4472	138	10046	0	0	372	626	0	0	0	0	0	16864	456	1718	0	2580	172	220	138	1806	124	450	0	0	0	0	0	0	0	0	0	0	0	0	0	0	0	0	0	2958	0	0	0	394	0	194	0	0	0	118	0	938	854	2084	0	7436	0	816	0	1850	0	138	0	840	0	162	0	0	0	0	0	0	0	0	0	0	0	0	0	0	0	0	0	0	0	0	0	0	0	0	0	0	0	0	0	0	0	0	
337168	Frontal_Inf_Tri_L	2464	0	22750	248	1946	0	50194	0	4464	0	24730	0	0	0	14124	0	1302	0	6038	664	0	0	2168	276	0	0	0	0	24578	0	2104	134	1144	332	0	0	0	0	0	0	0	0	0	0	0	0	0	0	0	0	0	0	0	0	0	0	966	0	0	0	0	0	0	0	0	0	0	0	0	0	2632	0	2410	0	0	0	0	0	0	0	320	0	2596	0	0	0	0	0	0	0	0	0	0	0	0	0	0	0	0	0	0	0	0	0	0	0	0	0	0	0	0	0	0	0	0	0	
171808	Frontal_Inf_Tri_R	0	786	158	10260	0	108	0	14918	0	656	0	12790	0	0	0	9178	0	316	238	7384	0	0	332	1322	0	0	0	0	0	17518	250	2974	0	4204	0	0	0	0	0	0	0	0	0	0	0	0	0	0	0	0	0	0	0	0	0	0	0	0	0	0	0	0	0	0	0	0	0	0	0	0	394	1496	0	622	0	0	0	0	0	0	0	0	0	0	0	0	0	0	0	0	0	0	0	0	0	0	0	0	0	0	0	0	0	0	0	0	0	0	0	0	0	0	0	0	0	0	
231436	Frontal_Inf_Orb_L	0	0	17516	0	16076	0	12840	0	20950	0	540	0	14124	0	0	0	186	0	1058	0	2958	0	968	0	0	0	2836	0	16990	0	1242	0	122	0	0	0	0	0	0	0	204	0	0	0	0	0	0	0	0	0	0	0	0	0	0	0	0	0	0	0	0	0	0	0	0	0	0	0	0	0	2872	0	1586	0	0	0	0	0	0	0	0	0	2650	0	0	0	0	0	0	0	0	0	0	0	0	0	0	0	0	0	0	0	0	0	0	0	0	0	0	0	0	0	0	0	0	0	
123808	Frontal_Inf_Orb_R	0	0	112	5914	0	4946	0	5334	0	9034	0	274	0	9178	0	0	0	0	126	2542	0	1396	260	1750	0	960	0	1212	0	11854	342	2088	0	2484	0	0	0	0	0	0	0	0	0	0	0	0	0	0	0	0	0	0	0	0	0	0	0	0	0	0	0	0	0	0	0	0	0	0	0	0	0	210	0	346	0	0	0	0	0	0	0	766	0	574	0	202	0	0	0	0	0	0	0	0	0	0	0	0	0	0	0	0	0	0	0	0	0	0	0	0	0	0	0	0	0	0	
265564	Rolandic_Oper_L	11366	0	17304	180	228	0	4292	0	0	0	15972	0	1302	0	186	0	0	0	9666	242	120	0	1150	0	194	0	0	0	24406	0	2148	380	0	146	0	0	1356	0	208	0	250	0	160	0	0	0	0	0	0	0	954	0	368	0	488	0	8190	0	0	0	2022	0	2698	0	510	0	0	0	0	0	2408	0	8632	0	0	0	0	0	4982	0	6460	0	2264	0	848	0	0	0	702	0	0	0	0	0	0	0	0	0	0	0	0	0	0	0	0	0	0	0	0	0	0	0	0	0	0	0	
72448	Rolandic_Oper_R	0	838	0	3902	0	0	0	580	0	0	0	4472	0	316	0	0	0	0	0	3986	0	0	0	0	0	0	0	0	0	6936	0	0	0	328	0	0	0	294	0	0	0	0	0	0	0	0	0	0	0	0	0	0	0	0	0	0	0	1696	0	0	0	234	0	2820	0	108	0	0	0	238	0	282	0	1132	0	228	0	386	0	2200	0	4738	0	304	0	206	0	0	0	0	0	0	0	0	0	0	0	0	0	0	0	0	0	0	0	0	0	0	0	0	0	0	0	0	0	0	
708652	Supp_Motor_Area_L	9752	150	80800	14444	764	0	14006	740	462	0	12406	138	6038	238	1058	126	9666	0	0	39862	124	0	13760	6238	546	0	0	0	17516	782	7810	4136	16094	19074	1666	0	1022	0	164	0	252	0	144	0	352	0	0	0	0	0	276	0	0	0	202	0	1076	120	364	0	116	0	0	0	0	0	402	156	5082	472	21172	240	31338	702	7266	324	1802	0	198	0	1286	0	1132	0	0	0	0	0	270	0	0	0	0	0	0	0	0	0	0	0	0	0	0	0	0	0	0	0	0	0	0	0	0	0	0	0	
797408	Supp_Motor_Area_R	4746	5450	21260	84804	0	0	4196	10900	0	1024	860	10046	664	7384	0	2542	242	3986	39862	0	0	0	3892	17654	0	0	0	0	746	15808	2918	18024	4794	55834	0	5408	0	220	0	0	0	0	0	404	0	806	0	0	0	660	0	310	0	0	0	0	0	2190	106	874	0	450	0	376	0	266	172	2764	2294	13162	18088	17832	3110	5284	390	1646	114	3112	0	218	0	656	0	0	0	156	0	0	0	0	0	0	0	0	0	0	0	0	0	0	0	0	0	0	0	0	0	0	0	0	0	0	0	0	0	0	
130956	Olfactory_L	0	0	2242	0	4558	0	0	0	382	0	0	0	0	0	2958	0	120	0	124	0	0	4700	1096	0	1852	308	7438	2528	6054	0	5430	3566	0	0	0	0	106	0	680	0	1352	0	0	0	0	0	0	0	0	0	0	0	0	0	264	0	0	0	0	0	0	0	0	0	0	0	0	0	0	0	9580	4004	4246	1226	0	0	0	0	0	0	0	0	664	0	0	0	0	0	0	0	0	0	0	0	0	0	0	0	0	0	0	0	0	0	0	0	0	0	0	0	0	0	0	0	0	0	
128464	Olfactory_R	0	0	298	146	534	3724	0	0	0	126	0	0	0	0	0	1396	0	0	0	0	4700	0	202	464	450	5492	2782	8872	714	2532	2540	6844	0	0	0	0	0	0	0	170	0	1086	0	0	0	0	0	0	0	0	0	0	0	0	0	0	0	0	0	0	0	0	0	0	0	0	0	0	0	0	5908	10238	2642	2130	242	0	0	0	0	0	0	0	0	0	0	0	0	0	0	0	0	0	0	0	0	0	0	0	0	0	0	0	0	0	0	0	0	0	0	0	0	0	0	0	0	0	
557168	Frontal_Sup_Medial_L	598	0	57572	10988	6496	704	20750	1028	0	0	4356	372	2168	332	968	260	1150	0	13760	3892	1096	202	0	25724	7054	2658	1732	198	5062	504	41646	24770	10622	15722	0	0	0	0	0	0	0	0	0	0	0	0	0	0	0	0	0	0	0	0	0	0	0	0	0	0	0	0	0	0	0	0	0	0	0	0	6950	814	6268	790	0	0	0	0	0	0	496	0	774	0	0	0	0	0	108	0	0	0	0	0	0	0	0	0	0	0	0	0	0	0	0	0	0	0	0	0	0	0	0	0	0	0	
442860	Frontal_Sup_Medial_R	130	0	4898	50110	0	6164	896	6008	0	0	340	626	276	1322	0	1750	0	0	6238	17654	0	464	25724	0	370	11328	0	1508	392	4274	10818	41512	696	19610	0	0	0	0	0	0	0	0	0	0	0	0	0	0	0	0	0	0	0	0	0	0	0	0	0	0	0	0	0	0	0	0	0	0	0	0	1100	1660	524	4400	0	354	0	284	0	0	0	0	0	0	0	0	0	0	0	0	0	0	0	0	0	0	0	0	0	0	0	0	0	0	0	0	0	0	0	0	0	0	0	0	0	0	
93312	Frontal_Med_Orb_L	0	0	5112	0	7694	122	130	0	264	0	418	0	0	0	0	0	194	0	546	0	1852	450	7054	370	0	1184	6556	354	708	0	9110	538	0	0	0	0	0	0	0	0	0	0	0	0	0	0	0	0	0	0	0	0	0	0	0	0	0	0	0	0	0	0	0	0	0	0	0	0	0	0	1406	380	2080	134	0	0	0	0	0	0	0	0	0	0	0	0	0	0	0	0	0	0	0	0	0	0	0	0	0	0	0	0	0	0	0	0	0	0	0	0	0	0	0	0	0	0	
157492	Frontal_Med_Orb_R	0	0	542	3426	224	12722	0	0	0	246	0	0	0	0	0	960	0	0	0	0	308	5492	2658	11328	1184	0	224	11708	208	1542	3476	12934	0	0	0	0	0	0	0	0	0	172	0	0	0	0	0	0	0	0	0	0	0	0	0	0	0	0	0	0	0	0	0	0	0	0	0	0	0	0	404	5188	298	3502	0	0	0	0	0	0	0	0	0	0	0	0	0	0	0	0	0	0	0	0	0	0	0	0	0	0	0	0	0	0	0	0	0	0	0	0	0	0	0	0	0	0	
127988	Rectus_L	0	0	3220	0	11746	0	0	0	1924	0	0	0	0	0	2836	0	0	0	0	0	7438	2782	1732	0	6556	224	0	1596	3192	0	7040	1562	0	0	0	0	0	0	0	0	294	0	0	0	0	0	0	0	0	0	0	0	0	0	0	0	0	0	0	0	0	0	0	0	0	0	0	0	0	0	6992	2006	2562	292	0	0	0	0	0	0	0	0	0	0	0	0	0	0	0	0	0	0	0	0	0	0	0	0	0	0	0	0	0	0	0	0	0	0	0	0	0	0	0	0	0	0	
123264	Rectus_R	0	0	174	274	272	10026	0	0	0	548	0	0	0	0	0	1212	0	0	0	0	2528	8872	198	1508	354	11708	1596	0	302	860	1376	6394	0	0	0	0	0	0	0	0	0	336	0	0	0	0	0	0	0	0	0	0	0	0	0	0	0	0	0	0	0	0	0	0	0	0	0	0	0	0	3086	7074	1342	1592	0	0	0	0	0	0	0	0	0	0	0	0	0	0	0	0	0	0	0	0	0	0	0	0	0	0	0	0	0	0	0	0	0	0	0	0	0	0	0	0	0	0	
699736	Insula_L	12524	0	51546	436	6640	0	21284	0	4360	0	26908	0	24578	0	16990	0	24406	0	17516	746	6054	714	5062	392	708	208	3192	302	0	0	10292	1108	1786	608	124	128	9486	0	1096	0	3120	0	0	0	0	0	0	0	0	0	0	0	0	0	2712	0	6572	0	0	0	2782	0	1122	0	484	0	0	0	126	0	11918	550	32882	156	160	0	1800	244	5596	0	11782	0	5702	0	3920	0	0	0	9046	0	0	0	0	0	0	0	0	0	0	0	0	0	0	0	0	0	0	0	0	0	0	0	0	0	0	0	
381108	Insula_R	118	1682	854	23636	0	2700	0	10964	0	908	0	16864	0	17518	0	11854	0	6936	782	15808	0	2532	504	4274	0	1542	0	860	0	0	738	7324	0	2166	0	0	0	4978	0	1046	0	1418	0	0	0	0	0	0	0	0	0	0	0	0	0	2874	0	820	0	0	0	0	0	0	0	0	0	0	0	274	2302	8094	120	17884	0	4678	0	994	0	1384	0	7418	0	1122	0	1332	0	0	0	3252	0	0	0	0	0	0	0	0	0	0	0	0	0	0	0	0	0	0	0	0	0	0	0	0	0	0	
521564	Cingulum_Ant_L	706	0	30672	4686	6390	352	6856	818	144	0	6436	456	2104	250	1242	342	2148	0	7810	2918	5430	2540	41646	10818	9110	3476	7040	1376	10292	738	0	26892	7026	7738	0	0	0	0	0	0	302	0	0	0	0	0	0	0	0	0	0	0	0	0	0	0	140	0	0	0	152	0	144	0	0	0	112	0	0	0	23550	4130	17130	2456	0	168	0	0	0	0	1286	0	1990	0	366	0	0	0	404	0	0	0	0	0	0	0	0	0	0	0	0	0	0	0	0	0	0	0	0	0	0	0	0	0	0	0	
636484	Cingulum_Ant_R	232	0	8036	41856	244	3940	1472	6902	0	106	526	1718	134	2974	0	2088	380	0	4136	18024	3566	6844	24770	41512	538	12934	1562	6394	1108	7324	26892	0	2510	34548	0	0	0	0	0	0	0	0	0	0	0	0	0	0	0	0	0	0	0	0	0	0	0	0	0	0	0	0	0	0	0	0	0	0	0	0	8050	24824	3364	16118	0	1392	0	1224	0	0	0	0	0	0	0	0	0	0	0	0	0	0	0	0	0	0	0	0	0	0	0	0	0	0	0	0	0	0	0	0	0	0	0	0	0	0	
198220	Cingulum_Mid_L	738	0	12364	902	0	0	6218	0	0	0	830	0	1144	0	122	0	0	0	16094	4794	0	0	10622	696	0	0	0	0	1786	0	7026	2510	0	10230	3608	380	0	0	0	0	0	0	402	176	1436	298	0	0	1382	280	2390	190	0	0	0	0	248	0	1224	0	0	0	0	0	0	0	3954	826	3402	552	656	0	1630	0	0	0	0	0	0	0	0	0	0	0	0	0	0	0	0	0	0	0	0	0	0	0	0	0	0	0	0	0	0	0	0	0	0	0	0	0	0	0	0	0	0	0	
572908	Cingulum_Mid_R	566	2282	12772	31716	0	0	2782	6756	0	920	430	2580	332	4204	0	2484	146	328	19074	55834	0	0	15722	19610	0	0	0	0	608	2166	7738	34548	10230	0	116	6760	0	0	0	0	0	0	0	1646	0	2122	0	136	0	2226	0	1482	0	0	0	0	0	3836	0	1220	0	824	0	452	0	564	476	6930	538	13718	5812	502	1576	698	132	0	0	114	0	110	0	120	0	0	0	352	0	0	0	164	0	0	0	0	0	0	0	0	0	0	0	0	0	0	0	0	0	0	0	0	0	0	0	0	0	0	
117264	Cingulum_Post_L	4424	822	288	452	0	0	208	0	0	0	0	172	0	0	0	0	0	0	1666	0	0	0	0	0	0	0	0	0	124	0	0	0	3608	116	0	6902	5134	3390	3264	258	0	0	2586	0	1704	0	752	0	284	0	756	0	106	0	480	0	892	0	152	0	0	0	0	0	132	0	5742	786	6884	0	0	314	152	372	0	0	164	5346	0	0	0	0	0	0	200	0	0	0	0	0	0	0	0	0	0	0	0	0	0	0	0	0	0	0	0	0	0	0	0	0	0	0	0	0	0	0	
165616	Cingulum_Post_R	186	1640	0	558	0	0	0	0	0	0	0	220	0	0	0	0	0	0	0	5408	0	0	0	0	0	0	0	0	128	0	0	0	380	6760	6902	0	3600	6240	2100	982	0	0	0	2110	0	3972	0	2138	0	2394	0	1868	0	0	130	0	0	1664	0	298	0	186	0	234	0	218	1884	14894	0	7748	0	274	118	476	0	0	116	5240	0	0	0	0	0	0	0	766	0	0	0	0	0	0	0	0	0	0	0	132	0	0	0	0	0	0	0	0	0	0	0	0	844	0	0	0	0	0	
181884	Hippocampus_L	3454	580	2970	704	0	0	1596	0	0	0	508	138	0	0	0	0	1356	0	1022	0	106	0	0	0	0	0	0	0	9486	0	0	0	0	0	5134	3600	0	1948	10284	114	3588	0	1222	0	0	0	1110	0	0	0	0	0	262	0	9708	0	1184	0	0	0	126	0	0	0	0	0	1762	544	0	0	328	194	7424	290	454	0	4350	4062	1828	0	3228	0	328	0	388	0	0	0	5562	0	0	0	0	0	0	0	0	0	0	0	0	0	0	0	0	0	0	0	0	0	0	0	0	0	0	0	
193668	Hippocampus_R	0	5272	0	1514	0	0	0	1080	0	0	0	1806	0	0	0	0	0	294	0	220	0	0	0	0	0	0	0	0	0	4978	0	0	0	0	3390	6240	1948	0	1488	17050	0	7034	0	624	0	0	0	2024	0	0	0	258	0	278	122	17140	0	864	0	0	0	0	0	0	0	0	800	3284	0	0	0	260	0	7706	0	1262	0	4318	0	200	0	1494	0	114	0	244	0	0	0	3072	0	0	0	0	0	0	0	150	0	0	0	0	0	0	0	0	0	0	0	0	306	0	0	0	0	0	
70524	ParaHippocampal_L	446	308	468	0	0	0	0	0	0	0	0	124	0	0	0	0	208	0	164	0	680	0	0	0	0	0	0	0	1096	0	0	0	0	0	3264	2100	10284	1488	0	0	822	0	1018	0	0	0	1418	0	0	0	162	0	670	0	3500	0	0	0	0	0	0	0	0	0	0	0	1472	530	0	0	132	0	986	208	0	0	1360	1662	0	0	0	0	144	0	0	0	0	0	202	0	0	0	0	0	0	0	114	0	232	0	0	0	0	0	0	0	0	0	0	0	0	0	0	0	0	0	
103708	ParaHippocampal_R	0	798	0	458	0	0	0	356	0	0	0	450	0	0	0	0	0	0	0	0	0	170	0	0	0	0	0	0	0	1046	0	0	0	0	258	982	114	17050	0	0	0	5764	0	552	0	0	0	2134	0	0	0	0	0	0	0	12420	0	132	0	0	0	0	0	0	0	0	0	1428	0	0	0	0	0	2194	0	898	0	956	0	0	0	0	0	1412	0	0	0	548	0	496	0	0	0	0	0	0	0	960	0	0	0	0	0	0	0	0	0	0	0	0	278	0	0	0	0	0	
36608	Amygdala_L	134	0	726	0	402	0	132	0	0	0	0	0	0	0	204	0	250	0	252	0	1352	0	0	0	0	0	294	0	3120	0	302	0	0	0	0	0	3588	0	822	0	0	0	0	0	0	0	0	0	0	0	0	0	0	0	3104	0	0	0	0	0	0	0	0	0	0	0	0	0	0	0	434	0	1392	0	0	0	192	0	0	0	270	0	618	0	0	0	0	0	716	0	0	0	0	0	0	0	0	0	0	0	0	0	0	0	0	0	0	0	0	0	0	0	0	0	0	0	
48840	Amygdala_R	0	0	0	0	0	294	0	0	0	0	0	0	0	0	0	0	0	0	0	0	0	1086	0	0	0	172	0	336	0	1418	0	0	0	0	0	0	0	7034	0	5764	0	0	0	0	0	0	0	0	0	0	0	0	0	0	0	5492	0	0	0	0	0	0	0	0	0	0	0	0	0	0	0	0	0	476	0	0	0	0	0	0	0	0	0	948	0	0	0	166	0	1234	0	0	0	0	0	0	0	0	0	0	0	0	0	0	0	0	0	0	0	0	0	0	0	0	0	0	
190148	Calcarine_L	150	0	0	0	0	0	0	0	0	0	0	0	0	0	0	0	160	0	144	0	0	0	0	0	0	0	0	0	0	0	0	0	402	0	2586	0	1222	0	1018	0	0	0	0	4370	14286	3400	8998	1588	8416	1060	20812	566	4042	338	4882	158	1076	0	328	0	478	0	126	0	840	0	9888	0	1612	0	0	0	0	0	0	0	0	0	144	0	378	0	0	0	1500	0	0	0	0	0	0	0	0	0	0	0	0	0	106	0	0	0	0	0	0	0	0	0	0	0	0	0	0	0	0	0	
237888	Calcarine_R	0	180	0	0	0	0	0	0	0	0	0	0	0	0	0	0	0	0	0	404	0	0	0	0	0	0	0	0	0	0	0	0	176	1646	0	2110	0	624	0	552	0	0	4370	0	4862	20410	486	18704	0	13250	0	12078	0	3052	0	4782	0	1572	0	306	0	560	0	0	0	260	1096	19268	0	2246	0	0	0	0	0	0	0	0	0	106	0	0	0	0	0	4702	0	0	0	460	0	0	0	0	0	0	0	208	0	0	0	0	0	0	0	0	0	0	0	0	474	0	0	0	0	0	
187460	Cuneus_L	246	0	0	0	0	0	0	0	0	0	0	0	0	0	0	0	0	0	352	0	0	0	0	0	0	0	0	0	0	0	0	0	1436	0	1704	0	0	0	0	0	0	0	14286	4862	0	6898	1054	718	17370	2582	17976	586	1364	0	742	114	1646	0	2062	0	370	0	0	0	804	0	12318	396	1982	0	0	0	0	0	0	0	0	0	0	0	106	0	0	0	1756	0	0	0	0	0	0	0	0	0	0	0	0	0	0	0	0	0	0	0	0	0	0	0	0	0	0	0	0	0	0	0	
272032	Cuneus_R	0	480	0	0	0	0	0	0	0	0	0	0	0	0	0	0	0	0	0	806	0	0	0	0	0	0	0	0	0	0	0	0	298	2122	0	3972	0	0	0	0	0	0	3400	20410	6898	0	0	3588	106	34410	130	15694	0	266	0	254	0	1338	0	3222	0	600	0	0	0	644	5528	25850	0	3384	0	0	0	0	0	0	0	0	0	0	0	0	0	0	0	2340	0	0	0	0	0	0	0	0	0	0	0	0	0	0	0	0	0	0	0	0	0	0	0	0	276	0	0	0	0	0	
198220	Lingual_L	0	0	0	0	0	0	0	0	0	0	0	0	0	0	0	0	0	0	0	0	0	0	0	0	0	0	0	0	0	0	0	0	0	0	752	0	1110	0	1418	0	0	0	8998	486	1054	0	0	1908	1342	0	13130	204	5206	158	12274	434	0	0	0	0	0	0	0	0	0	0	2674	0	0	0	0	0	0	0	0	0	122	106	0	0	122	0	0	0	288	0	0	0	130	0	7916	2422	2368	380	0	0	8746	1548	12364	2628	0	0	0	0	0	0	0	0	0	0	3270	2432	2954	0	0	166	
217196	Lingual_R	0	0	0	0	0	0	0	0	0	0	0	0	0	0	0	0	0	0	0	0	0	0	0	0	0	0	0	0	0	0	0	0	0	136	0	2138	0	2024	0	2134	0	0	1588	18704	718	3588	1908	0	0	4088	0	7408	0	5276	480	7028	0	118	0	0	0	0	0	0	0	244	206	9906	0	438	0	0	0	0	0	0	0	0	0	0	0	0	0	0	0	2404	0	0	0	298	1778	1736	564	0	0	0	2146	6022	4222	4008	150	0	566	164	1178	0	0	0	0	0	8350	5476	1050	106	106	144	
164044	Occipital_Sup_L	0	0	0	0	0	0	0	0	0	0	0	0	0	0	0	0	0	0	0	0	0	0	0	0	0	0	0	0	0	0	0	0	1382	0	284	0	0	0	0	0	0	0	8416	0	17370	106	1342	0	0	0	26260	0	1962	0	1056	0	580	0	6994	0	1944	0	0	0	2190	0	10482	408	604	0	0	0	0	0	0	0	0	0	0	0	0	0	0	0	534	0	0	0	108	0	0	0	0	0	0	0	0	0	0	0	0	0	0	0	0	0	0	0	0	0	0	0	0	0	0	0	
277728	Occipital_Sup_R	0	444	0	0	0	0	0	0	0	0	0	0	0	0	0	0	0	0	0	660	0	0	0	0	0	0	0	0	0	0	0	0	280	2226	0	2394	0	0	0	0	0	0	1060	13250	2582	34410	0	4088	0	0	106	27634	0	570	0	568	0	1298	0	6774	0	3080	0	170	0	5762	3756	19464	0	2944	0	0	0	0	0	0	0	0	0	0	0	0	0	0	0	3866	0	0	0	1218	0	0	0	0	0	0	0	0	0	0	0	0	0	0	0	0	0	0	0	0	260	0	0	0	0	0	
401252	Occipital_Mid_L	978	0	0	0	0	0	0	0	0	0	0	0	0	0	0	0	954	0	276	0	0	0	0	0	0	0	0	0	0	0	0	0	2390	0	756	0	0	0	162	0	0	0	20812	0	17976	130	13130	0	26260	106	0	0	13058	0	9800	0	4796	0	10884	0	13564	0	1462	0	19404	0	15804	384	4732	0	0	0	0	0	0	0	0	0	1346	0	2456	0	0	0	16862	0	0	0	1946	0	0	0	0	0	0	0	0	0	198	0	0	0	0	0	0	0	0	0	0	0	0	0	0	0	0	0	
255936	Occipital_Mid_R	0	682	0	0	0	0	0	0	0	0	0	0	0	0	0	0	0	0	0	310	0	0	0	0	0	0	0	0	0	0	0	0	190	1482	0	1868	0	258	0	0	0	0	566	12078	586	15694	204	7408	0	27634	0	0	0	3912	0	3160	0	658	0	1972	0	2758	0	334	0	10896	1946	13476	0	1348	0	0	0	0	0	0	0	0	0	298	0	346	0	0	0	14308	0	0	0	2898	0	0	0	0	0	0	0	0	0	0	0	0	0	0	0	0	0	0	0	0	698	0	0	0	0	0	
90584	Occipital_Inf_L	0	0	0	0	0	0	0	0	0	0	0	0	0	0	0	0	368	0	0	0	0	0	0	0	0	0	0	0	0	0	0	0	0	0	106	0	262	0	670	0	0	0	4042	0	1364	0	5206	0	1962	0	13058	0	0	0	9396	0	336	0	130	0	826	0	466	0	546	0	1058	0	0	0	0	0	0	0	0	0	0	0	838	0	784	0	0	0	1482	0	0	0	1756	0	174	0	0	0	0	0	112	0	232	0	0	0	0	0	0	0	0	0	0	0	118	0	0	0	0	0	
44204	Occipital_Inf_R	0	0	0	0	0	0	0	0	0	0	0	0	0	0	0	0	0	0	0	0	0	0	0	0	0	0	0	0	0	0	0	0	0	0	0	0	0	278	0	0	0	0	338	3052	0	266	158	5276	0	570	0	3912	0	0	0	5170	0	0	0	0	0	0	0	0	0	0	0	0	0	0	0	0	0	0	0	0	0	0	0	326	0	268	0	0	0	350	0	0	0	2138	0	0	0	0	0	0	0	0	0	0	0	0	0	0	0	0	0	0	0	0	0	0	0	0	0	0	
270008	Fusiform_L	0	0	526	0	0	0	0	0	0	0	142	0	0	0	0	0	488	0	202	0	264	0	0	0	0	0	0	0	2712	0	0	0	0	0	480	130	9708	122	3500	0	3104	0	4882	0	742	0	12274	480	1056	0	9800	0	9396	0	0	0	150	0	0	0	196	0	106	0	124	0	1584	0	0	0	0	0	1204	0	0	0	290	126	596	0	3140	0	1110	0	1742	0	1264	0	8624	0	15720	1270	2262	152	0	0	9998	324	19204	1034	602	0	600	0	0	0	0	0	0	0	1430	644	1386	0	0	114	
183292	Fusiform_R	0	0	0	0	0	0	0	0	0	0	0	0	0	0	0	0	0	0	0	0	0	0	0	0	0	0	0	0	0	2874	0	0	0	0	0	0	0	17140	0	12420	0	5492	158	4782	114	254	434	7028	0	568	0	3160	0	5170	0	0	0	0	0	0	0	0	0	0	0	0	0	578	0	0	0	0	0	670	0	182	0	0	0	542	0	2152	0	3786	0	1526	0	1042	0	7824	130	1962	108	0	0	0	456	3072	334	4598	0	0	118	0	150	0	0	0	0	0	1642	830	350	0	0	0	
296440	Postcentral_L	31782	0	2998	132	0	0	1540	0	0	0	4348	0	966	0	0	0	8190	0	1076	0	0	0	0	0	0	0	0	0	6572	0	140	0	248	0	892	0	1184	0	0	0	0	0	1076	0	1646	0	0	0	580	0	4796	0	336	0	150	0	0	0	9330	0	26204	0	9822	0	4436	0	7666	0	10556	0	484	0	1464	0	204	0	2504	124	3104	0	2668	0	0	0	748	0	0	0	254	0	0	0	0	0	0	0	0	0	0	0	0	0	0	0	0	0	0	0	0	0	0	0	0	0	0	0	
133324	Postcentral_R	0	18336	0	586	0	0	0	842	0	0	0	2958	0	0	0	0	0	1696	120	2190	0	0	0	0	0	0	0	0	0	820	0	0	0	3836	0	1664	0	864	0	132	0	0	0	1572	0	1338	0	118	0	1298	0	658	0	0	0	0	0	0	0	2960	0	1936	0	7578	0	390	0	5426	0	6908	0	0	0	1326	0	0	0	576	0	0	0	324	0	0	0	210	0	0	0	0	0	0	0	0	0	0	0	0	0	0	0	0	0	0	0	0	0	0	0	0	0	0	0	0	0	0	
137792	Parietal_Sup_L	1770	0	130	0	0	0	292	0	0	0	0	0	0	0	0	0	0	0	364	106	0	0	0	0	0	0	0	0	0	0	0	0	1224	0	152	0	0	0	0	0	0	0	328	0	2062	0	0	0	6994	0	10884	0	130	0	0	0	9330	0	0	0	8172	0	232	0	4924	0	16058	0	4642	0	0	0	0	0	0	0	0	0	0	0	0	0	0	0	690	0	0	0	412	0	0	0	0	0	0	0	0	0	0	0	0	0	0	0	0	0	0	0	0	0	0	0	0	0	0	0	
99736	Parietal_Sup_R	0	178	0	0	0	0	0	0	0	0	0	0	0	0	0	0	0	0	0	874	0	0	0	0	0	0	0	0	0	0	0	0	0	1220	0	298	0	0	0	0	0	0	0	306	0	3222	0	0	0	6774	0	1972	0	0	0	0	0	2960	0	0	0	8284	0	1202	0	7722	258	8158	0	2994	0	0	0	0	0	0	0	0	0	0	0	328	0	0	0	1292	0	0	0	1826	0	0	0	0	0	0	0	0	0	0	0	0	0	0	0	0	0	0	0	0	0	0	0	0	0	0	
297908	Parietal_Inf_L	11938	0	802	0	0	0	462	0	0	0	180	0	0	0	0	0	2022	0	116	0	0	0	0	0	0	0	0	0	2782	0	152	0	0	0	0	0	126	0	0	0	0	0	478	0	370	0	0	0	1944	0	13564	0	826	0	196	0	26204	0	8172	0	0	0	16584	0	30340	0	1278	0	2202	0	136	0	0	0	0	0	108	0	862	0	2876	0	0	0	16900	0	0	0	7334	0	0	0	0	0	0	0	0	0	0	0	0	0	0	0	0	0	0	0	0	0	0	0	0	0	0	0	
111456	Parietal_Inf_R	0	554	0	0	0	0	0	0	0	0	0	394	0	0	0	0	0	234	0	450	0	0	0	0	0	0	0	0	0	0	0	0	0	824	0	186	0	0	0	0	0	0	0	560	0	600	0	0	0	3080	0	2758	0	0	0	0	0	1936	0	8284	0	0	0	7068	0	16596	242	2066	0	746	0	0	0	0	0	0	0	0	0	0	0	798	0	0	0	3786	0	0	0	4566	0	0	0	0	0	0	0	0	0	0	0	0	0	0	0	0	0	0	0	0	0	0	0	0	0	0	
118588	SupraMarginal_L	3428	0	430	0	0	0	142	0	0	0	0	0	0	0	0	0	2698	0	0	0	0	0	0	0	0	0	0	0	1122	0	144	0	0	0	0	0	0	0	0	0	0	0	126	0	0	0	0	0	0	0	1462	0	466	0	106	0	9822	0	232	0	16584	0	0	0	6442	0	0	0	812	0	0	0	0	0	0	0	0	0	286	0	6176	0	0	0	7050	0	0	0	1766	0	0	0	0	0	0	0	0	0	0	0	0	0	0	0	0	0	0	0	0	0	0	0	0	0	0	0	
88020	SupraMarginal_R	0	1586	0	0	0	0	0	0	0	0	0	194	0	0	0	0	0	2820	0	376	0	0	0	0	0	0	0	0	0	0	0	0	0	452	0	234	0	0	0	0	0	0	0	0	0	0	0	0	0	170	0	334	0	0	0	0	0	7578	0	1202	0	7068	0	0	0	7886	0	140	0	580	0	0	0	0	0	0	0	0	0	0	0	4584	0	0	0	5670	0	0	0	3136	0	0	0	0	0	0	0	0	0	0	0	0	0	0	0	0	0	0	0	0	0	0	0	0	0	0	
212424	Angular_L	1344	0	0	0	0	0	0	0	0	0	0	0	0	0	0	0	510	0	0	0	0	0	0	0	0	0	0	0	484	0	0	0	0	0	132	0	0	0	0	0	0	0	840	0	804	0	0	0	2190	0	19404	0	546	0	124	0	4436	0	4924	0	30340	0	6442	0	0	0	2126	0	920	0	0	0	0	0	0	0	0	0	170	0	2060	0	0	0	21104	0	0	0	7312	0	0	0	0	0	0	0	0	0	0	0	0	0	0	0	0	0	0	0	0	0	0	0	0	0	0	0	
139384	Angular_R	0	260	0	0	0	0	0	0	0	0	0	0	0	0	0	0	0	108	0	266	0	0	0	0	0	0	0	0	0	0	0	0	0	564	0	218	0	0	0	0	0	0	0	260	0	644	0	244	0	5762	0	10896	0	0	0	0	0	390	0	7722	0	16596	0	7886	0	0	254	2116	0	532	0	0	0	0	0	0	0	0	0	0	0	2418	0	0	0	7640	0	0	0	4916	0	0	0	0	0	0	0	0	0	0	0	0	0	0	0	0	0	0	0	0	0	0	0	0	0	0	
265480	Precuneus_L	1668	150	0	0	0	0	126	0	0	0	0	0	0	0	0	0	0	0	402	172	0	0	0	0	0	0	0	0	0	0	112	0	3954	476	5742	1884	1762	800	1472	0	0	0	9888	1096	12318	5528	2674	206	10482	3756	15804	1946	1058	0	1584	0	7666	0	16058	258	1278	242	0	0	2126	254	0	9354	7330	588	0	0	0	0	0	0	0	434	0	0	132	0	0	0	1786	0	0	0	174	0	0	0	0	0	0	0	0	0	0	0	0	0	0	0	0	0	0	0	0	0	0	0	0	0	0	0	
337984	Precuneus_R	0	892	0	0	0	0	0	0	0	0	0	118	0	0	0	0	0	0	156	2764	0	0	0	0	0	0	0	0	0	0	0	0	826	6930	786	14894	544	3284	530	1428	0	0	0	19268	396	25850	0	9906	408	19464	384	13476	0	0	0	578	0	5426	0	8158	0	2066	0	140	0	2116	9354	0	0	10796	0	0	0	106	0	0	0	198	0	0	0	0	0	0	0	4458	0	0	0	376	0	0	0	0	0	0	0	442	0	0	0	0	0	0	0	0	0	0	0	0	2474	0	0	0	0	0	
145148	Paracentral_Lobule_L	13618	962	676	1846	0	0	250	0	0	0	0	0	0	0	0	0	0	0	5082	2294	0	0	0	0	0	0	0	0	126	0	0	0	3402	538	6884	0	0	0	0	0	0	0	1612	0	1982	0	0	0	604	0	4732	0	0	0	0	0	10556	0	4642	0	2202	0	812	0	920	0	7330	0	0	402	0	0	0	0	0	0	0	0	0	0	0	0	0	0	752	0	0	0	350	0	0	0	0	0	0	0	0	0	0	0	0	0	0	0	0	0	0	0	0	0	0	0	0	0	0	0	
151624	Paracentral_Lobule_R	424	2942	164	144	0	0	0	264	0	0	0	938	0	0	0	0	0	238	472	13162	0	0	0	0	0	0	0	0	0	274	0	0	552	13718	0	7748	0	0	0	0	0	0	0	2246	0	3384	0	438	0	2944	0	1348	0	0	0	0	0	6908	0	2994	0	746	0	580	0	532	588	10796	402	0	0	236	0	142	0	0	0	0	0	0	0	168	0	0	0	320	0	0	0	0	0	0	0	0	0	0	0	0	0	0	0	0	0	0	0	0	0	0	0	0	0	0	0	0	0	0	
511936	Caudate_L	3132	0	31972	16090	4118	120	7296	558	570	0	4676	854	2632	394	2872	0	2408	0	21172	18088	9580	5908	6950	1100	1406	404	6992	3086	11918	2302	23550	8050	656	5812	0	0	328	0	132	0	434	0	0	0	0	0	0	0	0	0	0	0	0	0	0	0	484	0	0	0	136	0	0	0	0	0	0	0	0	0	0	9672	25684	3346	4130	536	4340	0	0	0	708	0	928	0	150	0	0	0	294	0	0	0	0	0	0	0	0	0	0	0	0	0	0	0	0	0	0	0	0	0	0	0	0	0	0	0	
363728	Caudate_R	796	1986	614	24882	400	1712	368	9476	0	0	0	2084	0	1496	0	210	0	282	240	17832	4004	10238	814	1660	380	5188	2006	7074	550	8094	4130	24824	0	502	314	274	194	260	0	0	0	0	0	0	0	0	0	0	0	0	0	0	0	0	0	0	0	0	0	0	0	0	0	0	0	0	0	0	0	236	9672	0	2530	17106	286	4148	0	15002	0	0	0	0	0	0	0	0	0	0	0	0	0	0	0	0	0	0	0	0	0	0	0	0	0	0	0	0	0	0	0	0	0	0	0	0	0	0	
531092	Putamen_L	4962	0	50750	1960	2316	0	10588	0	504	0	8050	0	2410	0	1586	0	8632	0	31338	3110	4246	2642	6268	524	2080	298	2562	1342	32882	120	17130	3364	1630	1576	152	118	7424	0	986	0	1392	0	0	0	0	0	0	0	0	0	0	0	0	0	1204	0	1464	0	0	0	0	0	0	0	0	0	0	0	0	0	25684	2530	0	1110	8730	0	4278	294	344	0	3102	0	1536	0	452	0	0	0	1876	0	0	0	0	0	0	0	0	0	0	0	0	0	0	0	0	0	0	0	0	0	0	0	0	0	0	0	
282032	Putamen_R	0	4132	876	10074	0	1292	0	7666	0	0	0	7436	0	622	0	346	0	1132	702	5284	1226	2130	790	4400	134	3502	292	1592	156	17884	2456	16118	0	698	372	476	290	7706	208	2194	0	476	0	0	0	0	0	0	0	0	0	0	0	0	0	670	0	1326	0	0	0	0	0	0	0	0	0	106	0	142	3346	17106	1110	0	0	10568	0	3980	0	0	0	0	0	0	0	0	0	0	0	0	0	0	0	0	0	0	0	0	0	0	0	0	0	0	0	0	0	0	0	0	0	0	0	0	0	0	
74260	Pallidum_L	1994	0	8734	384	0	0	1666	0	0	0	0	0	0	0	0	0	0	0	7266	390	0	242	0	0	0	0	0	0	160	0	0	0	0	132	0	0	454	0	0	0	0	0	0	0	0	0	0	0	0	0	0	0	0	0	0	0	204	0	0	0	0	0	0	0	0	0	0	0	0	0	4130	286	8730	0	0	0	2358	0	0	0	0	0	0	0	0	0	0	0	0	0	0	0	0	0	0	0	0	0	0	0	0	0	0	0	0	0	0	0	0	0	0	0	0	0	0	0	
69788	Pallidum_R	0	630	344	3608	0	0	0	2916	0	0	0	816	0	0	0	0	0	228	324	1646	0	0	0	354	0	0	0	0	0	4678	168	1392	0	0	0	0	0	1262	0	898	0	0	0	0	0	0	0	0	0	0	0	0	0	0	0	182	0	0	0	0	0	0	0	0	0	0	0	0	0	0	536	4148	0	10568	0	0	0	196	0	0	0	0	0	0	0	0	0	0	0	0	0	0	0	0	0	0	0	0	0	0	0	0	0	0	0	0	0	0	0	0	0	0	0	0	0	0	
155140	Thalamus_L	24740	0	12860	1866	0	0	12536	0	0	0	0	0	0	0	0	0	0	0	1802	114	0	0	0	0	0	0	0	0	1800	0	0	0	0	0	164	116	4350	0	1360	0	192	0	0	0	0	0	122	0	0	0	0	0	0	0	290	0	2504	0	0	0	108	0	0	0	0	0	0	0	0	0	4340	0	4278	0	2358	0	0	1412	142	0	116	0	0	0	0	0	0	0	0	0	0	0	0	0	0	0	0	0	0	0	0	0	0	0	0	0	0	0	0	0	0	0	0	0	0	0	
164876	Thalamus_R	460	5830	0	15248	0	0	0	8048	0	0	0	1850	0	0	0	0	0	386	0	3112	0	0	0	284	0	0	0	0	244	994	0	1224	0	114	5346	5240	4062	4318	1662	956	0	0	0	0	0	0	106	0	0	0	0	0	0	0	126	0	124	576	0	0	0	0	0	0	0	0	434	198	0	0	0	15002	294	3980	0	196	1412	0	108	0	0	0	0	0	0	0	0	0	0	0	0	0	0	0	0	0	504	0	0	0	0	0	0	0	0	0	0	0	0	0	0	0	0	0	0	0	
60440	Heschl_L	2628	0	440	0	0	0	186	0	0	0	626	0	0	0	0	0	4982	0	198	0	0	0	0	0	0	0	0	0	5596	0	0	0	0	0	0	0	1828	0	0	0	0	0	144	0	0	0	0	0	0	0	1346	0	838	0	596	0	3104	0	0	0	862	0	286	0	170	0	0	0	0	0	0	0	344	0	0	0	142	108	0	0	3752	0	0	0	1420	0	0	0	624	0	0	0	0	0	0	0	0	0	0	0	0	0	0	0	0	0	0	0	0	0	0	0	0	0	0	0	
29716	Heschl_R	0	0	0	212	0	0	0	0	0	0	0	138	0	0	0	0	0	2200	0	218	0	0	0	0	0	0	0	0	0	1384	0	0	0	110	0	0	0	200	0	0	0	0	0	106	0	0	0	0	0	0	0	298	0	326	0	542	0	0	0	0	0	0	0	0	0	0	0	0	0	0	0	0	0	0	0	0	0	0	0	0	0	4030	0	0	0	2974	0	0	0	2120	0	0	0	0	0	0	0	0	0	0	0	0	0	0	0	0	0	0	0	0	0	0	0	0	0	0	
228568	Temporal_Sup_L	820	0	3314	0	0	0	756	0	0	0	3302	0	320	0	0	0	6460	0	1286	0	0	0	496	0	0	0	0	0	11782	0	1286	0	0	0	0	0	3228	0	0	0	270	0	378	0	106	0	122	0	0	0	2456	0	784	0	3140	0	2668	0	0	0	2876	0	6176	0	2060	0	132	0	0	0	708	0	3102	0	0	0	116	0	3752	0	0	0	4148	0	25984	0	0	0	22256	0	0	0	0	0	0	0	0	0	0	0	0	0	0	0	0	0	0	0	0	0	0	0	0	0	0	0	
115356	Temporal_Sup_R	0	118	0	580	0	0	0	0	0	0	0	840	0	0	0	766	0	4738	0	656	0	0	0	0	0	0	0	0	0	7418	0	0	0	120	0	0	0	1494	0	0	0	0	0	0	0	0	0	0	0	0	0	346	0	268	0	2152	0	324	0	328	0	798	0	4584	0	2418	0	0	0	168	0	0	0	0	0	0	0	0	0	4030	0	0	0	2396	0	12738	0	444	0	9954	0	0	0	0	0	0	0	0	0	0	0	0	0	0	0	0	0	0	0	0	0	0	0	0	0	0	
105144	Temporal_Pole_Sup_L	0	0	3314	0	508	0	2026	0	652	0	5886	0	2596	0	2650	0	2264	0	1132	0	664	0	774	0	0	0	0	0	5702	0	1990	0	0	0	0	0	328	0	144	0	618	0	0	0	0	0	0	0	0	0	0	0	0	0	1110	0	0	0	0	0	0	0	0	0	0	0	0	0	0	0	928	0	1536	0	0	0	0	0	0	0	4148	0	0	0	5926	0	2554	0	5122	0	0	0	0	0	0	0	0	0	0	0	0	0	0	0	0	0	0	0	0	0	0	0	0	0	0	0	
37876	Temporal_Pole_Sup_R	0	0	0	0	0	0	0	0	0	0	0	162	0	0	0	574	0	304	0	0	0	0	0	0	0	0	0	0	0	1122	0	0	0	0	0	0	0	114	0	1412	0	948	0	0	0	0	0	0	0	0	0	0	0	0	0	3786	0	0	0	0	0	0	0	0	0	0	0	0	0	0	0	0	0	0	0	0	0	0	0	0	0	2396	0	0	0	2028	0	2952	0	3140	0	0	0	0	0	0	0	0	0	0	0	0	0	0	0	0	0	0	0	0	0	0	0	0	0	0	
307344	Temporal_Mid_L	606	0	452	0	0	0	254	0	0	0	510	0	0	0	0	0	848	0	0	0	0	0	0	0	0	0	0	0	3920	0	366	0	0	0	200	0	388	0	0	0	0	0	1500	0	1756	0	288	0	534	0	16862	0	1482	0	1742	0	748	0	690	0	16900	0	7050	0	21104	0	1786	0	752	0	150	0	452	0	0	0	0	0	1420	0	25984	0	5926	0	0	0	3100	0	35902	0	0	0	0	0	0	0	0	0	0	0	0	0	0	0	0	0	0	0	0	0	0	0	0	0	0	0	
187640	Temporal_Mid_R	0	174	0	0	0	0	0	0	0	0	0	0	0	0	0	202	0	206	0	156	0	0	0	0	0	0	0	0	0	1332	0	0	0	352	0	766	0	244	0	0	0	0	0	4702	0	2340	0	2404	0	3866	0	14308	0	350	0	1526	0	210	0	1292	0	3786	0	5670	0	7640	0	4458	0	320	0	0	0	0	0	0	0	0	0	2974	0	12738	0	2028	0	0	0	828	0	18566	0	0	0	0	0	0	0	0	0	0	0	0	0	0	0	0	0	0	0	0	382	0	0	0	0	0	
20556	Temporal_Pole_Mid_L	0	0	0	0	0	0	0	0	0	0	0	0	0	0	0	0	0	0	0	0	0	0	0	0	0	0	0	0	0	0	0	0	0	0	0	0	0	0	0	0	0	0	0	0	0	0	0	0	0	0	0	0	0	0	1264	0	0	0	0	0	0	0	0	0	0	0	0	0	0	0	0	0	0	0	0	0	0	0	0	0	0	0	2554	0	3100	0	0	0	3360	0	0	0	0	0	0	0	0	0	0	0	0	0	0	0	0	0	0	0	0	0	0	0	0	0	0	0	
15388	Temporal_Pole_Mid_R	0	0	0	0	0	0	0	0	0	0	0	0	0	0	0	0	0	0	0	0	0	0	0	0	0	0	0	0	0	0	0	0	0	0	0	0	0	0	0	548	0	166	0	0	0	0	0	0	0	0	0	0	0	0	0	1042	0	0	0	0	0	0	0	0	0	0	0	0	0	0	0	0	0	0	0	0	0	0	0	0	0	444	0	2952	0	828	0	0	0	1714	0	0	0	0	0	0	0	0	0	0	0	0	0	0	0	0	0	0	0	0	0	0	0	0	0	0	
240240	Temporal_Inf_L	278	0	1162	0	0	0	336	0	0	0	726	0	0	0	0	0	702	0	270	0	0	0	108	0	0	0	0	0	9046	0	404	0	0	0	0	0	5562	0	202	0	716	0	0	0	0	0	130	0	108	0	1946	0	1756	0	8624	0	254	0	412	0	7334	0	1766	0	7312	0	174	0	350	0	294	0	1876	0	0	0	0	0	624	0	22256	0	5122	0	35902	0	3360	0	0	0	898	0	0	0	0	0	0	0	110	0	0	0	0	0	0	0	0	0	0	0	0	0	0	0	0	0	
146736	Temporal_Inf_R	0	0	0	0	0	0	0	0	0	0	0	0	0	0	0	0	0	0	0	0	0	0	0	0	0	0	0	0	0	3252	0	0	0	164	0	0	0	3072	0	496	0	1234	0	460	0	0	0	298	0	1218	0	2898	0	2138	0	7824	0	0	0	1826	0	4566	0	3136	0	4916	0	376	0	0	0	0	0	0	0	0	0	0	0	2120	0	9954	0	3140	0	18566	0	1714	0	0	0	0	0	0	0	0	0	0	0	0	0	0	0	0	0	0	0	0	0	0	0	0	0	0	0	0	
379612	Cerebelum_Crus1_L	0	0	0	0	0	0	0	0	0	0	0	0	0	0	0	0	0	0	0	0	0	0	0	0	0	0	0	0	0	0	0	0	0	0	0	0	0	0	0	0	0	0	0	0	0	0	7916	1778	0	0	0	0	174	0	15720	130	0	0	0	0	0	0	0	0	0	0	0	0	0	0	0	0	0	0	0	0	0	0	0	0	0	0	0	0	0	0	0	0	898	0	0	4018	30014	1278	880	0	28968	974	54974	3142	10710	0	12468	274	2790	0	214	0	0	340	3026	3298	5266	332	224	0	
341072	Cerebelum_Crus1_R	0	0	0	0	0	0	0	0	0	0	0	0	0	0	0	0	0	0	0	0	0	0	0	0	0	0	0	0	0	0	0	0	0	0	0	0	0	0	0	0	0	0	0	0	0	0	2422	1736	0	0	0	0	0	0	1270	1962	0	0	0	0	0	0	0	0	0	0	0	0	0	0	0	0	0	0	0	0	0	0	0	0	0	0	0	0	0	0	0	0	0	0	4018	0	3732	21618	0	5702	1166	23590	2862	46962	0	6170	312	19176	800	3602	0	0	244	2228	6516	2618	8394	1844	1432	160	
285920	Cerebelum_Crus2_L	0	0	0	0	0	0	0	0	0	0	0	0	0	0	0	0	0	0	0	0	0	0	0	0	0	0	0	0	0	0	0	0	0	0	0	0	0	0	0	0	0	0	0	0	0	0	2368	564	0	0	0	0	0	0	2262	108	0	0	0	0	0	0	0	0	0	0	0	0	0	0	0	0	0	0	0	0	0	0	0	0	0	0	0	0	0	0	0	0	0	0	30014	3732	0	7846	126	0	4080	172	9914	1952	28666	2108	27280	2734	4402	868	0	0	0	0	506	1180	8794	2278	1006	0	
210796	Cerebelum_Crus2_R	0	0	0	0	0	0	0	0	0	0	0	0	0	0	0	0	0	0	0	0	0	0	0	0	0	0	0	0	0	0	0	0	0	0	0	0	0	0	0	0	0	0	0	0	0	0	380	0	0	0	0	0	0	0	152	0	0	0	0	0	0	0	0	0	0	0	0	0	0	0	0	0	0	0	0	0	0	0	0	0	0	0	0	0	0	0	0	0	0	0	1278	21618	7846	0	0	112	0	806	444	2146	2772	22104	892	31122	0	5470	0	0	0	0	0	0	5442	1700	1114	0	
18444	Cerebelum_3_L	0	0	0	0	0	0	0	0	0	0	0	0	0	0	0	0	0	0	0	0	0	0	0	0	0	0	0	0	0	0	0	0	0	0	0	0	0	0	0	0	0	0	0	0	0	0	0	0	0	0	0	0	0	0	0	0	0	0	0	0	0	0	0	0	0	0	0	0	0	0	0	0	0	0	0	0	0	0	0	0	0	0	0	0	0	0	0	0	0	0	880	0	126	0	0	0	3868	0	978	0	0	0	0	0	1302	0	128	0	396	1034	510	0	0	0	0	0	
42800	Cerebelum_3_R	0	0	0	0	0	0	0	0	0	0	0	0	0	0	0	0	0	0	0	0	0	0	0	0	0	0	0	0	0	0	0	0	0	0	0	0	0	0	0	0	0	0	0	0	0	0	0	0	0	0	0	0	0	0	0	0	0	0	0	0	0	0	0	0	0	0	0	0	0	0	0	0	0	0	0	0	0	0	0	0	0	0	0	0	0	0	0	0	0	0	0	5702	0	112	0	0	116	5748	0	6006	0	0	0	252	0	140	0	0	284	2228	812	0	0	0	0	0	
246220	Cerebelum_4_5_L	0	254	0	272	0	0	0	0	0	0	0	0	0	0	0	0	0	0	0	0	0	0	0	0	0	0	0	0	0	0	0	0	0	0	0	0	0	0	114	0	0	0	0	0	0	0	8746	2146	0	0	0	0	112	0	9998	456	0	0	0	0	0	0	0	0	0	0	0	0	0	0	0	0	0	0	0	0	0	504	0	0	0	0	0	0	0	0	0	0	0	0	28968	1166	4080	0	3868	116	0	3660	36238	2648	2116	0	1820	108	1316	246	0	0	230	798	9294	2274	138	178	318	928	
202384	Cerebelum_4_5_R	0	0	0	0	0	0	0	0	0	0	0	0	0	0	0	0	0	0	0	0	0	0	0	0	0	0	0	0	0	0	0	0	0	0	0	132	0	150	0	960	0	0	0	208	0	0	1548	6022	0	0	0	0	0	0	324	3072	0	0	0	0	0	0	0	0	0	0	0	442	0	0	0	0	0	0	0	0	0	0	0	0	0	0	0	0	0	0	0	0	0	0	974	23590	172	806	0	5748	3660	0	2694	28642	130	0	460	1274	1142	254	0	0	0	2584	12310	2934	476	218	132	134	
358764	Cerebelum_6_L	0	0	0	0	0	0	0	0	0	0	0	0	0	0	0	0	0	0	0	0	0	0	0	0	0	0	0	0	0	0	0	0	0	0	0	0	0	0	232	0	0	0	106	0	0	0	12364	4222	0	0	198	0	232	0	19204	334	0	0	0	0	0	0	0	0	0	0	0	0	0	0	0	0	0	0	0	0	0	0	0	0	0	0	0	0	0	0	0	0	110	0	54974	2862	9914	444	978	0	36238	2694	0	3506	4404	0	4822	0	3012	112	144	0	0	354	7090	6962	3442	0	140	288	
297004	Cerebelum_6_R	0	0	0	0	0	0	0	0	0	0	0	0	0	0	0	0	0	0	0	0	0	0	0	0	0	0	0	0	0	0	0	0	0	0	0	0	0	0	0	0	0	0	0	0	0	0	2628	4008	0	0	0	0	0	0	1034	4598	0	0	0	0	0	0	0	0	0	0	0	0	0	0	0	0	0	0	0	0	0	0	0	0	0	0	0	0	0	0	0	0	0	0	3142	46962	1952	2146	0	6006	2648	28642	3506	0	154	0	578	5862	1490	1938	0	238	328	2806	10652	5202	7774	2218	1690	300	
178688	Cerebelum_7b_L	0	0	0	0	0	0	0	0	0	0	0	0	0	0	0	0	0	0	0	0	0	0	0	0	0	0	0	0	0	0	0	0	0	0	0	0	0	0	0	0	0	0	0	0	0	0	0	150	0	0	0	0	0	0	602	0	0	0	0	0	0	0	0	0	0	0	0	0	0	0	0	0	0	0	0	0	0	0	0	0	0	0	0	0	0	0	0	0	0	0	10710	0	28666	2772	0	0	2116	130	4404	154	0	1490	26304	1986	3946	380	282	0	0	0	268	244	2290	2188	262	0	
109924	Cerebelum_7b_R	0	0	0	0	0	0	0	0	0	0	0	0	0	0	0	0	0	0	0	0	0	0	0	0	0	0	0	0	0	0	0	0	0	0	0	0	0	0	0	0	0	0	0	0	0	0	0	0	0	0	0	0	0	0	0	0	0	0	0	0	0	0	0	0	0	0	0	0	0	0	0	0	0	0	0	0	0	0	0	0	0	0	0	0	0	0	0	0	0	0	0	6170	2108	22104	0	0	0	0	0	0	1490	0	658	19252	0	1164	0	0	0	0	0	0	846	1170	0	0	
198932	Cerebelum_8_L	0	0	0	0	0	0	0	0	0	0	0	0	0	0	0	0	0	0	0	0	0	0	0	0	0	0	0	0	0	0	0	0	0	0	0	0	0	0	0	0	0	0	0	0	0	0	0	566	0	0	0	0	0	0	600	118	0	0	0	0	0	0	0	0	0	0	0	0	0	0	0	0	0	0	0	0	0	0	0	0	0	0	0	0	0	0	0	0	0	0	12468	312	27280	892	0	0	1820	460	4822	578	26304	658	0	1666	11562	568	798	0	0	0	968	1058	1266	3408	1294	0	
214104	Cerebelum_8_R	0	0	0	0	0	0	0	0	0	0	0	0	0	0	0	0	0	0	0	0	0	0	0	0	0	0	0	0	0	0	0	0	0	0	0	0	0	0	0	0	0	0	0	0	0	0	0	164	0	0	0	0	0	0	0	0	0	0	0	0	0	0	0	0	0	0	0	0	0	0	0	0	0	0	0	0	0	0	0	0	0	0	0	0	0	0	0	0	0	0	274	19176	2734	31122	0	252	108	1274	0	5862	1986	19252	1666	0	290	11100	0	198	146	138	342	436	3936	4042	2400	154	
85968	Cerebelum_9_L	0	0	0	0	0	0	0	0	0	0	0	0	0	0	0	0	0	0	0	0	0	0	0	0	0	0	0	0	0	0	0	0	0	0	0	0	0	0	0	0	0	0	0	0	0	0	0	1178	0	0	0	0	0	0	0	150	0	0	0	0	0	0	0	0	0	0	0	0	0	0	0	0	0	0	0	0	0	0	0	0	0	0	0	0	0	0	0	0	0	0	2790	800	4402	0	1302	0	1316	1142	3012	1490	3946	0	11562	290	0	156	1708	0	284	602	2216	2442	390	1018	588	200	
75544	Cerebelum_9_R	0	0	0	0	0	0	0	0	0	0	0	0	0	0	0	0	0	0	0	0	0	0	0	0	0	0	0	0	0	0	0	0	0	0	0	0	0	0	0	0	0	0	0	0	0	0	0	0	0	0	0	0	0	0	0	0	0	0	0	0	0	0	0	0	0	0	0	0	0	0	0	0	0	0	0	0	0	0	0	0	0	0	0	0	0	0	0	0	0	0	0	3602	868	5470	0	140	246	254	112	1938	380	1164	568	11100	156	0	0	1050	158	146	448	706	2554	2846	3226	640	
6548	Cerebelum_10_L	0	0	0	0	0	0	0	0	0	0	0	0	0	0	0	0	0	0	0	0	0	0	0	0	0	0	0	0	0	0	0	0	0	0	0	0	0	0	0	0	0	0	0	0	0	0	0	0	0	0	0	0	0	0	0	0	0	0	0	0	0	0	0	0	0	0	0	0	0	0	0	0	0	0	0	0	0	0	0	0	0	0	0	0	0	0	0	0	0	0	214	0	0	0	128	0	0	0	144	0	282	0	798	0	1708	0	0	0	0	0	0	0	0	0	0	0	
2972	Cerebelum_10_R	0	0	0	0	0	0	0	0	0	0	0	0	0	0	0	0	0	0	0	0	0	0	0	0	0	0	0	0	0	0	0	0	0	0	0	0	0	0	0	0	0	0	0	0	0	0	0	0	0	0	0	0	0	0	0	0	0	0	0	0	0	0	0	0	0	0	0	0	0	0	0	0	0	0	0	0	0	0	0	0	0	0	0	0	0	0	0	0	0	0	0	0	0	0	0	0	0	0	0	238	0	0	0	198	0	1050	0	0	0	0	0	0	0	0	0	0	
11880	Vermis_1_2	0	0	0	0	0	0	0	0	0	0	0	0	0	0	0	0	0	0	0	0	0	0	0	0	0	0	0	0	0	0	0	0	0	0	0	0	0	0	0	0	0	0	0	0	0	0	0	0	0	0	0	0	0	0	0	0	0	0	0	0	0	0	0	0	0	0	0	0	0	0	0	0	0	0	0	0	0	0	0	0	0	0	0	0	0	0	0	0	0	0	0	244	0	0	396	284	230	0	0	328	0	0	0	146	284	158	0	0	0	2496	822	0	204	216	132	0	
37780	Vermis_3	0	0	0	0	0	0	0	0	0	0	0	0	0	0	0	0	0	0	0	0	0	0	0	0	0	0	0	0	0	0	0	0	0	0	0	0	0	0	0	0	0	0	0	0	0	0	0	0	0	0	0	0	0	0	0	0	0	0	0	0	0	0	0	0	0	0	0	0	0	0	0	0	0	0	0	0	0	0	0	0	0	0	0	0	0	0	0	0	0	0	340	2228	0	0	1034	2228	798	2584	354	2806	0	0	0	138	602	146	0	0	2496	0	2628	0	190	202	116	0	
178424	Vermis_4_5	0	0	0	0	0	0	0	0	0	0	0	0	0	0	0	0	0	0	0	0	0	0	0	0	0	0	0	0	0	0	0	0	0	0	0	844	0	306	0	278	0	0	0	474	0	276	3270	8350	0	260	0	698	118	0	1430	1642	0	0	0	0	0	0	0	0	0	0	0	2474	0	0	0	0	0	0	0	0	0	0	0	0	0	0	0	0	0	382	0	0	0	0	3026	6516	506	0	510	812	9294	12310	7090	10652	268	0	968	342	2216	448	0	0	822	2628	0	6602	568	626	854	1352	
103388	Vermis_6	0	0	0	0	0	0	0	0	0	0	0	0	0	0	0	0	0	0	0	0	0	0	0	0	0	0	0	0	0	0	0	0	0	0	0	0	0	0	0	0	0	0	0	0	0	0	2432	5476	0	0	0	0	0	0	644	830	0	0	0	0	0	0	0	0	0	0	0	0	0	0	0	0	0	0	0	0	0	0	0	0	0	0	0	0	0	0	0	0	0	0	3298	2618	1180	0	0	0	2274	2934	6962	5202	244	0	1058	436	2442	706	0	0	0	0	6602	0	2776	942	1190	1448	
134896	Vermis_7	0	0	0	0	0	0	0	0	0	0	0	0	0	0	0	0	0	0	0	0	0	0	0	0	0	0	0	0	0	0	0	0	0	0	0	0	0	0	0	0	0	0	0	0	0	0	2954	1050	0	0	0	0	0	0	1386	350	0	0	0	0	0	0	0	0	0	0	0	0	0	0	0	0	0	0	0	0	0	0	0	0	0	0	0	0	0	0	0	0	0	0	5266	8394	8794	5442	0	0	138	476	3442	7774	2290	846	1266	3936	390	2554	0	0	204	190	568	2776	0	3792	2952	218	
67532	Vermis_8	0	0	0	0	0	0	0	0	0	0	0	0	0	0	0	0	0	0	0	0	0	0	0	0	0	0	0	0	0	0	0	0	0	0	0	0	0	0	0	0	0	0	0	0	0	0	0	106	0	0	0	0	0	0	0	0	0	0	0	0	0	0	0	0	0	0	0	0	0	0	0	0	0	0	0	0	0	0	0	0	0	0	0	0	0	0	0	0	0	0	332	1844	2278	1700	0	0	178	218	0	2218	2188	1170	3408	4042	1018	2846	0	0	216	202	626	942	3792	0	3964	478	
47892	Vermis_9	0	0	0	0	0	0	0	0	0	0	0	0	0	0	0	0	0	0	0	0	0	0	0	0	0	0	0	0	0	0	0	0	0	0	0	0	0	0	0	0	0	0	0	0	0	0	0	106	0	0	0	0	0	0	0	0	0	0	0	0	0	0	0	0	0	0	0	0	0	0	0	0	0	0	0	0	0	0	0	0	0	0	0	0	0	0	0	0	0	0	224	1432	1006	1114	0	0	318	132	140	1690	262	0	1294	2400	588	3226	0	0	132	116	854	1190	2952	3964	0	806	
