data	data	765768	424100	1.01272e+06	652636	106636	73916	406192	278996	52736	12704	177304	132416	195680	133816	143736	46460	180268	119560	867620	901344	75584	83956	274036	328704	15964	78704	47724	67156	450360	220232	201424	504732	126096	509688	218708	312840	288692	384256	87516	215336	41600	43168	398324	410796	237088	495680	400832	426644	266032	501348	654112	298324	200568	171880	459600	598232	360716	170368	200752	76344	216344	125840	161264	99572	262848	162960	390988	548232	379704	283336	263156	361944	298376	282984	57964	20316	199396	286888	57152	22768	180296	104596	70952	35848	375244	248296	20148	22292	288460	219460	446100	384756	326872	320128	28128	52024	301124	252600	385076	320304	308024	127260	364648	314564	90568	142436	15788	5628	16516	35424	224616	168648	250036	233044	126212	57484	
data	data	Precentral_L	Precentral_R	Frontal_Sup_L	Frontal_Sup_R	Frontal_Sup_Orb_L	Frontal_Sup_Orb_R	Frontal_Mid_L	Frontal_Mid_R	Frontal_Mid_Orb_L	Frontal_Mid_Orb_R	Frontal_Inf_Oper_L	Frontal_Inf_Oper_R	Frontal_Inf_Tri_L	Frontal_Inf_Tri_R	Frontal_Inf_Orb_L	Frontal_Inf_Orb_R	Rolandic_Oper_L	Rolandic_Oper_R	Supp_Motor_Area_L	Supp_Motor_Area_R	Olfactory_L	Olfactory_R	Frontal_Sup_Medial_L	Frontal_Sup_Medial_R	Frontal_Med_Orb_L	Frontal_Med_Orb_R	Rectus_L	Rectus_R	Insula_L	Insula_R	Cingulum_Ant_L	Cingulum_Ant_R	Cingulum_Mid_L	Cingulum_Mid_R	Cingulum_Post_L	Cingulum_Post_R	Hippocampus_L	Hippocampus_R	ParaHippocampal_L	ParaHippocampal_R	Amygdala_L	Amygdala_R	Calcarine_L	Calcarine_R	Cuneus_L	Cuneus_R	Lingual_L	Lingual_R	Occipital_Sup_L	Occipital_Sup_R	Occipital_Mid_L	Occipital_Mid_R	Occipital_Inf_L	Occipital_Inf_R	Fusiform_L	Fusiform_R	Postcentral_L	Postcentral_R	Parietal_Sup_L	Parietal_Sup_R	Parietal_Inf_L	Parietal_Inf_R	SupraMarginal_L	SupraMarginal_R	Angular_L	Angular_R	Precuneus_L	Precuneus_R	Paracentral_Lobule_L	Paracentral_Lobule_R	Caudate_L	Caudate_R	Putamen_L	Putamen_R	Pallidum_L	Pallidum_R	Thalamus_L	Thalamus_R	Heschl_L	Heschl_R	Temporal_Sup_L	Temporal_Sup_R	Temporal_Pole_Sup_L	Temporal_Pole_Sup_R	Temporal_Mid_L	Temporal_Mid_R	Temporal_Pole_Mid_L	Temporal_Pole_Mid_R	Temporal_Inf_L	Temporal_Inf_R	Cerebelum_Crus1_L	Cerebelum_Crus1_R	Cerebelum_Crus2_L	Cerebelum_Crus2_R	Cerebelum_3_L	Cerebelum_3_R	Cerebelum_4_5_L	Cerebelum_4_5_R	Cerebelum_6_L	Cerebelum_6_R	Cerebelum_7b_L	Cerebelum_7b_R	Cerebelum_8_L	Cerebelum_8_R	Cerebelum_9_L	Cerebelum_9_R	Cerebelum_10_L	Cerebelum_10_R	Vermis_1_2	Vermis_3	Vermis_4_5	Vermis_6	Vermis_7	Vermis_8	Vermis_9	Vermis_10	
765768	Precentral_L	0	7904	45634	686	0	0	23600	1226	0	0	12250	182	3834	0	0	0	11980	372	44244	18970	0	0	368	0	0	0	0	0	13970	444	1086	1042	330	6664	2120	3354	11538	1968	886	268	352	0	1472	0	0	0	188	160	682	0	4578	0	772	164	2602	862	34456	178	1674	0	2126	0	772	0	1110	0	2576	640	37832	5458	12444	4996	14460	454	5270	666	11650	2836	3098	0	4242	0	0	0	6038	0	0	0	2734	422	0	0	0	0	0	0	0	0	0	0	0	0	0	0	0	0	0	0	0	0	0	0	0	0	0	0	
424100	Precentral_R	7904	0	6158	16802	0	0	1028	26078	0	0	0	2864	0	122	0	0	0	2502	8828	29810	0	0	0	0	0	0	0	0	0	2364	412	2700	448	4088	2474	2770	716	5422	0	1292	0	0	146	188	0	782	0	218	0	854	296	0	0	120	0	2216	512	12544	0	0	0	946	0	2270	0	214	148	956	7424	20104	2896	9294	0	1402	0	0	1806	16890	0	544	0	1144	0	0	0	1282	0	0	0	1948	0	0	0	0	0	0	0	124	0	0	0	0	0	0	0	0	0	0	0	0	0	0	0	0	0	0	
1.01272e+06	Frontal_Sup_L	45634	6158	0	5946	3794	0	56382	4736	2270	0	12606	432	16124	0	7724	0	14324	176	117358	19504	0	0	36180	3208	698	160	0	0	40664	296	13334	2834	1972	4122	0	0	3442	284	138	0	128	0	130	0	0	0	0	0	0	0	506	0	0	0	610	0	8444	412	400	0	340	0	0	0	294	0	266	0	17076	180	13010	2172	25358	636	4864	0	950	410	1516	0	5120	0	1946	0	262	0	0	0	832	0	0	0	0	0	0	0	0	0	0	0	0	0	0	0	0	0	0	0	0	0	0	0	0	0	0	0	
652636	Frontal_Sup_R	686	16802	5946	0	0	1830	442	30134	0	0	0	6506	0	15758	0	1480	0	6562	6458	64836	0	0	8020	37476	0	2498	0	0	118	11866	1866	37952	464	25298	168	292	124	3056	0	690	0	0	0	0	0	404	0	0	0	404	0	0	0	0	0	734	0	1064	0	0	0	120	0	288	0	0	0	714	356	616	498	10898	174	13730	0	818	158	6968	0	200	0	366	0	0	0	224	0	0	0	256	0	0	0	0	0	0	0	0	0	0	0	0	0	0	0	0	0	0	0	0	0	0	0	0	0	0	
106636	Frontal_Sup_Orb_L	0	0	3794	0	0	414	988	0	7346	0	0	0	796	0	10742	0	0	0	416	0	2572	1348	1426	0	1504	332	5130	804	6600	0	642	270	0	0	0	0	0	0	178	0	234	0	0	0	0	0	0	0	0	0	0	0	0	0	0	0	0	0	0	0	0	0	0	0	0	0	0	0	0	0	1760	522	5050	0	0	0	0	0	0	0	0	0	450	0	0	0	0	0	0	0	0	0	0	0	0	0	0	0	0	0	0	0	0	0	0	0	0	0	0	0	0	0	0	0	0	0	
73916	Frontal_Sup_Orb_R	0	0	0	1830	414	0	0	494	0	2680	0	0	0	0	264	1460	0	0	0	0	912	1464	450	3352	0	7292	584	7402	0	498	264	1226	0	0	0	0	0	0	0	0	0	0	0	0	0	0	0	0	0	0	0	0	0	0	0	0	0	0	0	0	0	0	0	0	0	0	0	0	0	0	840	2504	0	3028	0	0	0	0	0	0	0	0	0	0	0	0	0	0	0	0	0	0	0	0	0	0	0	0	0	0	0	0	0	0	0	0	0	0	0	0	0	0	0	0	0	0	
406192	Frontal_Mid_L	23600	1028	56382	442	988	0	0	720	2704	0	10240	148	29792	0	8940	0	2664	0	17190	712	0	0	12696	180	0	0	0	0	15598	0	3470	820	1496	0	0	0	1452	0	214	0	0	0	392	0	0	0	0	0	0	0	0	0	0	0	0	0	1210	0	0	0	472	0	320	0	0	0	410	0	0	0	4736	1092	902	156	0	0	482	0	290	0	932	0	226	0	0	0	0	0	0	0	0	0	0	0	0	0	0	0	0	0	0	0	0	0	0	0	0	0	0	0	0	0	0	0	0	0	
278996	Frontal_Mid_R	1226	26078	4736	30134	0	494	720	0	0	450	0	9082	0	12452	0	1200	0	1038	5984	8508	0	0	350	7610	0	202	0	0	0	2420	312	9708	0	4562	328	456	184	1282	0	180	0	0	0	0	0	0	0	0	0	120	0	0	0	0	0	850	0	126	0	0	0	0	0	120	0	0	0	0	154	0	1954	570	0	3180	0	0	424	616	0	0	0	494	0	0	0	410	0	0	0	784	0	0	0	0	0	0	0	0	0	0	0	0	0	0	0	0	0	0	0	0	0	0	0	0	0	0	
52736	Frontal_Mid_Orb_L	0	0	2270	0	7346	0	2704	0	0	0	0	0	1052	0	8862	0	0	0	0	0	140	124	0	0	0	0	1588	0	1482	0	0	0	0	0	0	0	0	0	0	0	0	0	0	0	0	0	0	0	0	0	0	0	0	0	0	0	0	0	0	0	0	0	0	0	0	0	0	0	0	0	128	0	672	0	0	0	0	0	0	0	0	0	0	0	0	0	0	0	0	0	0	0	0	0	0	0	0	0	0	0	0	0	0	0	0	0	0	0	0	0	0	0	0	0	0	0	
12704	Frontal_Mid_Orb_R	0	0	0	0	0	2680	0	450	0	0	0	0	0	358	0	2446	0	0	0	0	0	0	0	0	0	0	0	124	0	156	0	0	0	0	0	0	0	0	0	0	0	0	0	0	0	0	0	0	0	0	0	0	0	0	0	0	0	0	0	0	0	0	0	0	0	0	0	0	0	0	0	0	0	138	0	0	0	0	0	0	0	0	0	0	0	0	0	0	0	0	0	0	0	0	0	0	0	0	0	0	0	0	0	0	0	0	0	0	0	0	0	0	0	0	0	0	
177304	Frontal_Inf_Oper_L	12250	0	12606	0	0	0	10240	0	0	0	0	0	7390	0	426	0	8466	0	9628	0	0	0	654	0	0	0	0	0	11488	0	552	0	0	0	0	0	130	0	0	0	0	0	0	0	0	0	0	0	0	0	0	0	0	0	0	0	5980	0	0	0	276	0	0	0	0	0	0	0	0	0	384	118	1324	0	0	0	0	0	896	0	3784	0	2060	0	0	0	0	0	0	0	0	0	0	0	0	0	0	0	0	0	0	0	0	0	0	0	0	0	0	0	0	0	0	0	0	0	
132416	Frontal_Inf_Oper_R	182	2864	432	6506	0	0	148	9082	0	0	0	0	0	7258	0	0	0	5128	546	3920	0	0	498	3144	0	0	0	0	0	9074	478	6082	0	2184	0	0	0	448	0	124	0	0	0	0	0	0	0	0	0	0	0	0	0	0	0	0	0	792	0	0	0	0	0	0	0	0	0	0	0	0	312	2300	0	3764	0	0	0	126	0	430	0	122	0	264	0	0	0	0	0	0	0	0	0	0	0	0	0	0	0	0	0	0	0	0	0	0	0	0	0	0	0	0	0	0	0	0	
195680	Frontal_Inf_Tri_L	3834	0	16124	0	796	0	29792	0	1052	0	7390	0	0	0	10944	0	510	0	4826	0	0	0	1970	0	0	0	0	0	16378	0	730	0	178	0	0	0	586	0	0	0	0	0	0	0	0	0	0	0	0	0	0	0	0	0	0	0	454	0	0	0	150	0	0	0	0	0	0	0	0	0	0	0	1430	0	0	0	0	0	142	0	196	0	358	0	0	0	0	0	0	0	0	0	0	0	0	0	0	0	0	0	0	0	0	0	0	0	0	0	0	0	0	0	0	0	0	0	
133816	Frontal_Inf_Tri_R	0	122	0	15758	0	0	0	12452	0	358	0	7258	0	0	0	2790	0	0	232	4814	0	0	422	6180	0	0	0	0	0	2530	144	7426	0	5928	0	0	0	0	0	0	0	0	0	0	0	0	0	0	0	0	0	0	0	0	0	0	0	0	0	0	0	0	0	0	0	0	0	0	0	0	0	494	0	0	0	0	0	0	0	0	0	0	0	0	0	0	0	0	0	0	0	0	0	0	0	0	0	0	0	0	0	0	0	0	0	0	0	0	0	0	0	0	0	0	0	0	
143736	Frontal_Inf_Orb_L	0	0	7724	0	10742	264	8940	0	8862	0	426	0	10944	0	0	0	0	0	610	0	2140	986	338	0	0	228	1566	556	10744	0	0	210	0	0	0	0	0	0	152	0	194	0	0	0	0	0	0	0	0	0	0	0	0	0	0	0	0	0	0	0	0	0	0	0	0	0	0	0	0	0	1146	404	3892	0	0	0	0	0	0	0	0	0	800	0	0	0	0	0	0	0	0	0	0	0	0	0	0	0	0	0	0	0	0	0	0	0	0	0	0	0	0	0	0	0	0	0	
46460	Frontal_Inf_Orb_R	0	0	0	1480	0	1460	0	1200	0	2446	0	0	0	2790	0	0	0	0	0	342	222	1004	0	0	0	0	0	1214	0	5298	0	130	0	330	0	0	0	0	0	0	0	268	0	0	0	0	0	0	0	0	0	0	0	0	0	0	0	0	0	0	0	0	0	0	0	0	0	0	0	0	168	438	0	4440	0	0	0	0	0	0	0	0	0	0	0	0	0	0	0	0	0	0	0	0	0	0	0	0	0	0	0	0	0	0	0	0	0	0	0	0	0	0	0	0	0	0	
180268	Rolandic_Oper_L	11980	0	14324	0	0	0	2664	0	0	0	8466	0	510	0	0	0	0	0	13174	0	0	0	0	0	0	0	0	0	9150	0	0	0	0	0	0	0	0	0	0	0	0	0	0	0	0	0	0	0	128	0	514	0	0	0	138	0	10970	0	188	0	162	0	1882	0	956	0	260	0	440	0	0	0	190	0	0	0	0	0	1834	0	9194	0	1466	0	1276	0	0	0	268	0	0	0	0	0	0	0	0	0	0	0	0	0	0	0	0	0	0	0	0	0	0	0	0	0	0	0	
119560	Rolandic_Oper_R	372	2502	176	6562	0	0	0	1038	0	0	0	5128	0	0	0	0	0	0	190	7284	0	0	0	266	0	0	0	0	0	13494	230	934	0	0	0	398	0	818	0	222	0	0	0	304	0	1626	0	382	0	1738	0	208	0	124	0	740	0	3190	0	0	0	0	0	904	0	0	0	2110	158	714	0	982	0	1668	0	0	0	0	0	2190	0	2196	0	216	0	156	0	0	0	244	0	0	0	0	0	0	0	158	0	0	0	0	0	0	0	0	0	0	0	0	158	0	0	0	0	0	
867620	Supp_Motor_Area_L	44244	8828	117358	6458	416	0	17190	5984	0	0	9628	546	4826	232	610	0	13174	190	0	38898	0	0	8706	1642	0	0	0	0	24742	308	8928	3164	5910	18074	216	270	3704	318	208	0	340	0	190	0	134	0	0	0	0	0	208	0	0	0	600	0	7422	472	138	0	0	0	0	0	0	0	370	148	25928	608	11424	1782	21024	668	4910	0	3698	574	1282	0	4554	0	1546	0	224	0	0	0	794	0	0	0	0	0	0	0	0	0	0	0	0	0	0	0	0	0	0	0	0	0	0	0	0	0	0	0	
901344	Supp_Motor_Area_R	18970	29810	19504	64836	0	0	712	8508	0	0	0	3920	0	4814	0	342	0	7284	38898	0	0	0	2400	14468	0	234	0	0	582	8354	4544	30226	5228	56724	1682	3790	0	3158	0	1252	0	0	194	482	152	1286	0	618	0	786	0	0	0	0	0	1308	0	1154	0	0	0	0	0	264	0	0	228	3366	23240	28630	1120	24388	148	13980	0	1880	606	15094	0	184	0	320	0	0	0	234	0	0	0	566	0	0	0	0	0	0	0	204	0	0	0	0	0	0	0	0	0	0	0	0	0	0	0	0	0	0	
75584	Olfactory_L	0	0	0	0	2572	912	0	0	140	0	0	0	0	0	2140	222	0	0	0	0	0	5786	0	0	640	720	2882	2218	1980	272	2042	1862	0	0	0	0	0	0	470	0	538	0	0	0	0	0	0	0	0	0	0	0	0	0	0	0	0	0	0	0	0	0	0	0	0	0	0	0	0	0	6600	3462	1420	612	0	0	0	0	0	0	0	0	302	0	0	0	0	0	0	0	0	0	0	0	0	0	0	0	0	0	0	0	0	0	0	0	0	0	0	0	0	0	0	0	0	0	
83956	Olfactory_R	0	0	0	0	1348	1464	0	0	124	0	0	0	0	0	986	1004	0	0	0	0	5786	0	0	0	0	1404	2356	3734	0	1720	2374	3612	0	0	0	0	0	0	0	0	0	118	0	0	0	0	0	0	0	0	0	0	0	0	0	0	0	0	0	0	0	0	0	0	0	0	0	0	0	0	7140	6092	1672	920	0	0	0	0	0	0	0	0	0	124	0	0	0	0	0	0	0	0	0	0	0	0	0	0	0	0	0	0	0	0	0	0	0	0	0	0	0	0	0	0	0	0	
274036	Frontal_Sup_Medial_L	368	0	36180	8020	1426	450	12696	350	0	0	654	498	1970	422	338	0	0	0	8706	2400	0	0	0	16968	1394	1312	148	0	3576	0	13476	9558	1860	7044	0	0	0	0	0	0	0	0	0	0	0	0	0	0	0	0	0	0	0	0	0	0	0	0	0	0	0	0	0	0	0	0	0	0	0	0	880	450	5688	186	0	0	0	0	0	0	0	0	0	0	0	0	0	0	0	0	0	0	0	0	0	0	0	0	0	0	0	0	0	0	0	0	0	0	0	0	0	0	0	0	0	0	
328704	Frontal_Sup_Medial_R	0	0	3208	37476	0	3352	180	7610	0	0	0	3144	0	6180	0	0	0	266	1642	14468	0	0	16968	0	0	5668	0	190	0	3460	1524	29680	258	21128	0	0	0	0	0	0	0	0	0	0	0	0	0	0	0	0	0	0	0	0	0	0	0	0	0	0	0	0	0	0	0	0	0	0	0	0	154	2694	306	4796	0	0	0	0	0	0	0	0	0	0	0	0	0	0	0	0	0	0	0	0	0	0	0	0	0	0	0	0	0	0	0	0	0	0	0	0	0	0	0	0	0	0	
15964	Frontal_Med_Orb_L	0	0	698	0	1504	0	0	0	0	0	0	0	0	0	0	0	0	0	0	0	640	0	1394	0	0	200	886	0	0	0	1772	0	0	0	0	0	0	0	0	0	0	0	0	0	0	0	0	0	0	0	0	0	0	0	0	0	0	0	0	0	0	0	0	0	0	0	0	0	0	0	698	0	190	0	0	0	0	0	0	0	0	0	0	0	0	0	0	0	0	0	0	0	0	0	0	0	0	0	0	0	0	0	0	0	0	0	0	0	0	0	0	0	0	0	0	0	
78704	Frontal_Med_Orb_R	0	0	160	2498	332	7292	0	202	0	0	0	0	0	0	228	0	0	0	0	234	720	1404	1312	5668	200	0	500	5910	0	0	814	4574	0	0	0	0	0	0	0	0	0	0	0	0	0	0	0	0	0	0	0	0	0	0	0	0	0	0	0	0	0	0	0	0	0	0	0	0	0	0	720	3464	0	3120	0	0	0	0	0	0	0	0	0	0	0	0	0	0	0	0	0	0	0	0	0	0	0	0	0	0	0	0	0	0	0	0	0	0	0	0	0	0	0	0	0	0	
47724	Rectus_L	0	0	0	0	5130	584	0	0	1588	0	0	0	0	0	1566	0	0	0	0	0	2882	2356	148	0	886	500	0	1404	270	0	1400	732	0	0	0	0	0	0	0	0	0	0	0	0	0	0	0	0	0	0	0	0	0	0	0	0	0	0	0	0	0	0	0	0	0	0	0	0	0	0	3018	1012	386	0	0	0	0	0	0	0	0	0	0	0	0	0	0	0	0	0	0	0	0	0	0	0	0	0	0	0	0	0	0	0	0	0	0	0	0	0	0	0	0	0	0	0	
67156	Rectus_R	0	0	0	0	804	7402	0	0	0	124	0	0	0	0	556	1214	0	0	0	0	2218	3734	0	190	0	5910	1404	0	0	936	746	3562	0	0	0	0	0	0	0	0	0	0	0	0	0	0	0	0	0	0	0	0	0	0	0	0	0	0	0	0	0	0	0	0	0	0	0	0	0	0	2168	1810	136	664	0	0	0	0	0	0	0	0	0	0	0	0	0	0	0	0	0	0	0	0	0	0	0	0	0	0	0	0	0	0	0	0	0	0	0	0	0	0	0	0	0	0	
450360	Insula_L	13970	0	40664	118	6600	0	15598	0	1482	0	11488	0	16378	0	10744	0	9150	0	24742	582	1980	0	3576	0	0	0	270	0	0	0	1754	0	258	0	930	838	12244	566	1154	248	2426	0	168	0	0	0	0	152	0	0	696	0	126	0	2764	0	5160	0	308	0	130	0	0	0	0	0	538	120	1462	0	606	162	18218	0	0	0	588	0	4718	0	3618	0	4010	0	846	0	0	0	2912	0	0	0	0	0	0	0	0	0	0	0	0	0	0	0	0	0	0	0	0	0	118	0	0	0	0	0	
220232	Insula_R	444	2364	296	11866	0	498	0	2420	0	156	0	9074	0	2530	0	5298	0	13494	308	8354	272	1720	0	3460	0	0	0	936	0	0	550	5812	0	202	876	1230	720	3816	0	730	0	526	0	162	0	770	0	230	0	784	0	0	0	0	0	1458	0	586	0	0	0	144	0	224	0	0	0	1126	0	410	316	2934	0	13012	0	0	762	1128	0	1736	0	3230	0	510	0	1946	0	0	0	696	0	0	0	0	0	0	0	0	0	0	0	0	0	0	0	0	0	0	0	0	0	0	0	0	0	0	
201424	Cingulum_Ant_L	1086	412	13334	1866	642	264	3470	312	0	0	552	478	730	144	0	0	0	230	8928	4544	2042	2374	13476	1524	1772	814	1400	746	1754	550	0	11992	3492	2608	0	0	0	0	0	0	0	0	0	0	0	0	0	0	0	0	0	0	0	0	0	0	0	0	0	0	0	0	0	0	0	0	0	0	0	0	5598	6442	4460	2676	0	0	0	0	0	0	0	0	0	0	0	0	0	0	0	0	0	0	0	0	0	0	0	0	0	0	0	0	0	0	0	0	0	0	0	0	0	0	0	0	0	0	
504732	Cingulum_Ant_R	1042	2700	2834	37952	270	1226	820	9708	0	0	0	6082	0	7426	210	130	0	934	3164	30226	1862	3612	9558	29680	0	4574	732	3562	0	5812	11992	0	670	25568	0	0	0	206	0	0	0	0	0	0	0	0	0	0	0	0	0	0	0	0	0	166	0	0	0	0	0	0	0	0	0	0	0	0	372	0	4342	26018	1312	15142	0	0	0	2320	0	0	0	0	0	142	0	0	0	0	0	0	0	0	0	0	0	0	0	0	0	0	0	0	0	0	0	0	0	0	0	0	0	0	0	0	0	0	
126096	Cingulum_Mid_L	330	448	1972	464	0	0	1496	0	0	0	0	0	178	0	0	0	0	0	5910	5228	0	0	1860	258	0	0	0	0	258	0	3492	670	0	7672	4848	424	0	0	0	0	0	0	3044	0	2956	0	938	0	1632	0	2100	0	0	0	0	0	650	0	1114	0	342	0	0	0	424	0	8088	520	3672	674	0	0	0	0	0	0	0	0	0	0	0	0	0	0	1034	0	0	0	352	0	0	0	0	0	0	0	0	0	0	0	0	0	0	0	0	0	0	0	0	0	0	0	0	0	0	0	
509688	Cingulum_Mid_R	6664	4088	4122	25298	0	0	0	4562	0	0	0	2184	0	5928	0	330	0	0	18074	56724	0	0	7044	21128	0	0	0	0	0	202	2608	25568	7672	0	2774	12210	0	438	0	192	0	0	224	1606	140	1772	0	1238	0	572	310	176	0	148	0	548	478	1934	0	0	0	0	0	0	0	0	466	8478	12058	15078	0	260	0	0	0	0	140	236	0	0	0	0	0	0	0	420	0	0	0	752	0	0	0	0	0	0	0	0	0	0	0	0	0	0	0	0	0	0	0	0	0	0	0	0	0	0	
218708	Cingulum_Post_L	2120	2474	0	168	0	0	0	328	0	0	0	0	0	0	0	0	0	0	216	1682	0	0	0	0	0	0	0	0	930	876	0	0	4848	2774	0	19172	10006	7302	1892	1938	0	0	4388	286	2470	318	2286	1348	768	336	4842	0	280	0	1158	2268	1644	274	482	0	0	0	214	0	642	0	8242	2740	2178	2078	0	0	0	0	0	0	5380	2426	1156	0	0	198	0	0	2018	218	0	0	412	1132	0	0	0	0	0	0	0	0	0	0	0	0	0	0	0	0	0	0	0	0	446	0	0	0	0	0	
312840	Cingulum_Post_R	3354	2770	0	292	0	0	0	456	0	0	0	0	0	0	0	0	0	398	270	3790	0	0	0	0	0	0	0	0	838	1230	0	0	424	12210	19172	0	7296	13836	350	5146	0	0	320	2388	0	3650	200	9424	194	2040	1440	894	0	744	442	7858	1486	2090	122	0	0	0	182	0	268	0	932	19136	2250	5606	0	0	0	0	0	0	7954	5066	1018	0	0	838	0	0	696	1146	0	0	356	4012	0	0	0	0	0	0	0	330	0	0	0	0	0	0	0	0	0	0	0	0	1506	0	0	0	0	0	
288692	Hippocampus_L	11538	716	3442	124	0	0	1452	184	0	0	130	0	586	0	0	0	0	0	3704	0	0	0	0	0	0	0	0	0	12244	720	0	0	0	0	10006	7296	0	6072	12774	1766	8036	0	2562	0	0	0	3890	1468	0	0	0	0	0	0	11452	670	1146	0	0	0	0	0	170	0	208	0	4682	1320	1590	0	746	0	6122	0	224	0	8518	1604	2242	0	1138	128	1928	0	1198	124	132	0	9782	0	0	0	0	0	0	0	0	0	188	0	0	0	0	0	0	0	0	0	0	0	324	0	0	0	0	0	
384256	Hippocampus_R	1968	5422	284	3056	0	0	0	1282	0	0	0	448	0	0	0	0	0	818	318	3158	0	0	0	0	0	0	0	0	566	3816	0	206	0	438	7302	13836	6072	0	290	29564	0	6726	0	1974	0	678	0	8590	0	782	0	216	0	134	140	28374	186	890	0	0	0	130	128	0	164	124	142	8014	428	624	206	576	0	11838	0	490	8802	15740	734	216	0	1026	0	1214	408	1580	0	822	284	8858	0	0	0	0	0	0	0	1102	0	0	0	0	0	0	0	0	0	0	0	0	944	0	0	0	0	0	
87516	ParaHippocampal_L	886	0	138	0	178	0	214	0	0	0	0	0	0	0	152	0	0	0	208	0	470	0	0	0	0	0	0	0	1154	0	0	0	0	0	1892	350	12774	290	0	0	2358	0	1534	0	0	0	3702	178	0	0	0	0	136	0	7660	0	0	0	0	0	0	0	0	0	0	0	2914	244	240	0	268	0	694	0	0	0	1670	0	0	0	0	0	830	0	0	0	258	0	1532	0	0	0	0	0	0	0	438	0	396	0	0	0	0	0	0	0	0	0	0	0	0	0	0	0	0	0	
215336	ParaHippocampal_R	268	1292	0	690	0	0	0	180	0	0	0	124	0	0	0	0	0	222	0	1252	0	0	0	0	0	0	0	0	248	730	0	0	0	192	1938	5146	1766	29564	0	0	0	3534	0	2112	0	360	0	9850	0	278	0	126	0	0	0	19062	0	770	0	0	0	122	0	0	0	0	0	5894	0	454	0	368	0	4708	0	284	1978	6148	338	0	0	226	0	1768	0	392	0	714	0	2504	0	0	0	0	0	0	0	1708	0	0	0	0	0	0	0	0	0	0	0	0	358	0	0	0	0	0	
41600	Amygdala_L	352	0	128	0	234	0	0	0	0	0	0	0	0	0	194	0	0	0	340	0	538	0	0	0	0	0	0	0	2426	0	0	0	0	0	0	0	8036	0	2358	0	0	0	0	0	0	0	0	0	0	0	0	0	0	0	2462	0	0	0	0	0	0	0	0	0	0	0	0	0	332	0	0	0	922	0	0	0	230	0	0	0	0	0	1122	0	0	0	134	0	992	0	0	0	0	0	0	0	0	0	0	0	0	0	0	0	0	0	0	0	0	0	0	0	0	0	0	0	
43168	Amygdala_R	0	0	0	0	0	0	0	0	0	0	0	0	0	0	0	268	0	0	0	0	0	118	0	0	0	0	0	0	0	526	0	0	0	0	0	0	0	6726	0	3534	0	0	0	0	0	0	0	0	0	0	0	0	0	0	0	4646	0	0	0	0	0	0	0	0	0	0	0	0	0	0	0	126	0	304	0	0	0	0	0	0	0	0	0	2196	0	138	0	996	0	2006	0	0	0	0	0	0	0	0	0	0	0	0	0	0	0	0	0	0	0	0	0	0	0	0	0	0	
398324	Calcarine_L	1472	146	130	0	0	0	392	0	0	0	0	0	0	0	0	0	0	0	190	194	0	0	0	0	0	0	0	0	168	0	0	0	3044	224	4388	320	2562	0	1534	0	0	0	0	9924	20594	8326	27308	4220	14458	4860	32688	726	9552	1412	11242	1262	1156	0	1722	0	232	0	0	0	956	0	26354	668	524	0	0	0	0	0	0	0	0	0	0	0	0	0	0	0	4164	124	0	0	1536	390	0	0	0	0	0	0	0	0	0	0	0	0	0	0	0	0	0	0	0	0	0	0	0	0	0	0	
410796	Calcarine_R	0	188	0	0	0	0	0	0	0	0	0	0	0	0	0	0	0	304	0	482	0	0	0	0	0	0	0	0	0	162	0	0	0	1606	286	2388	0	1974	0	2112	0	0	9924	0	2938	33692	1548	29538	130	26950	0	12970	0	12998	0	18178	0	5232	0	988	0	1662	0	0	0	266	2894	23960	0	2086	0	0	0	0	0	0	0	394	0	0	0	694	0	0	0	2708	0	0	0	4414	0	0	0	0	0	0	0	864	0	0	0	0	0	0	0	0	0	0	0	0	868	0	0	0	0	0	
237088	Cuneus_L	0	0	0	0	0	0	0	0	0	0	0	0	0	0	0	0	0	0	134	152	0	0	0	0	0	0	0	0	0	0	0	0	2956	140	2470	0	0	0	0	0	0	0	20594	2938	0	5194	5292	670	27676	876	23342	0	2938	0	2284	0	0	0	1742	0	0	0	0	0	2298	0	14300	452	576	0	0	0	0	0	0	0	0	0	0	0	0	0	0	0	1294	0	0	0	226	0	0	0	0	0	0	0	0	0	0	0	0	0	0	0	0	0	0	0	0	0	0	0	0	0	0	0	
495680	Cuneus_R	0	782	0	404	0	0	0	0	0	0	0	0	0	0	0	0	0	1626	0	1286	0	0	0	0	0	0	0	0	0	770	0	0	0	1772	318	3650	0	678	0	360	0	0	8326	33692	5194	0	860	12556	168	57502	202	18656	0	6922	0	10122	0	2378	0	2720	0	5144	0	2246	0	6002	4018	38514	0	3924	0	0	0	0	0	0	0	584	0	0	0	2682	0	0	0	7982	0	0	0	2316	0	0	0	0	0	0	0	1744	0	0	0	0	0	0	0	0	0	0	0	0	1740	0	0	0	0	0	
400832	Lingual_L	188	0	0	0	0	0	0	0	0	0	0	0	0	0	0	0	0	0	0	0	0	0	0	0	0	0	0	0	0	0	0	0	938	0	2286	200	3890	0	3702	0	0	0	27308	1548	5292	860	0	2672	4818	938	27220	536	11142	438	21610	974	122	0	898	0	0	0	0	0	234	0	14688	226	138	0	0	0	0	0	0	0	0	0	0	0	0	0	0	0	2646	0	0	0	1404	130	9934	848	264	0	0	0	18650	1644	17858	1268	0	0	124	0	718	480	0	0	0	0	5630	3540	202	302	604	1304	
426644	Lingual_R	160	218	0	0	0	0	0	0	0	0	0	0	0	0	0	0	0	382	0	618	0	0	0	0	0	0	0	0	152	230	0	0	0	1238	1348	9424	1468	8590	178	9850	0	0	4220	29538	670	12556	2672	0	0	11890	596	6622	386	6968	222	29858	0	2916	0	244	0	440	0	0	0	250	712	22032	0	1890	0	0	0	0	0	0	1366	1882	218	0	0	1014	0	0	0	2776	0	0	0	2864	0	4154	0	322	0	0	0	10326	530	6138	0	0	0	0	0	0	0	0	0	0	9232	3568	394	0	0	0	
266032	Occipital_Sup_L	682	0	0	0	0	0	0	0	0	0	0	0	0	0	0	0	128	0	0	0	0	0	0	0	0	0	0	0	0	0	0	0	1632	0	768	194	0	0	0	0	0	0	14458	130	27676	168	4818	0	0	0	38802	0	3940	0	2656	0	2024	0	9708	0	962	0	320	0	5532	0	12828	0	280	0	0	0	0	0	0	0	0	0	0	0	256	0	0	0	3978	0	0	0	1076	0	0	0	0	0	0	0	0	0	0	0	0	0	0	0	0	0	0	0	0	0	0	0	0	0	0	0	
501348	Occipital_Sup_R	0	854	0	404	0	0	0	120	0	0	0	0	0	0	0	0	0	1738	0	786	0	0	0	0	0	0	0	0	0	784	0	0	0	572	336	2040	0	782	0	278	0	0	4860	26950	876	57502	938	11890	0	0	0	30994	0	9554	0	12594	0	1660	0	4930	0	7442	0	2644	0	12006	2786	30166	0	3220	0	0	0	0	0	0	0	832	0	0	0	3228	0	0	0	10556	0	0	0	2596	0	0	0	0	0	0	0	1880	0	0	0	0	0	0	0	0	0	0	0	0	1876	0	0	0	0	0	
654112	Occipital_Mid_L	4578	296	506	0	0	0	0	0	0	0	0	0	0	0	0	0	514	0	208	0	0	0	0	0	0	0	0	0	696	0	0	0	2100	310	4842	1440	0	0	0	0	0	0	32688	0	23342	202	27220	596	38802	0	0	0	28328	0	21874	180	10542	0	21958	0	12922	0	1626	0	29824	0	26292	118	2644	292	0	0	0	0	0	0	0	0	0	0	674	0	0	0	21200	0	0	0	8936	204	0	0	0	0	0	0	326	0	776	0	0	0	0	0	0	0	0	0	0	0	0	0	0	0	0	0	
298324	Occipital_Mid_R	0	0	0	0	0	0	0	0	0	0	0	0	0	0	0	0	0	208	0	0	0	0	0	0	0	0	0	0	0	0	0	0	0	176	0	894	0	216	0	126	0	0	726	12970	0	18656	536	6622	0	30994	0	0	0	13210	0	9562	0	560	0	2544	0	4410	0	240	0	14178	474	9230	0	1264	0	0	0	0	0	0	0	120	0	0	0	568	0	0	0	17896	0	0	0	1130	0	0	0	0	0	0	0	828	0	0	0	0	0	0	0	0	0	0	0	0	824	0	0	0	0	0	
200568	Occipital_Inf_L	772	0	0	0	0	0	0	0	0	0	0	0	0	0	0	0	0	0	0	0	0	0	0	0	0	0	0	0	126	0	0	0	0	0	280	0	0	0	136	0	0	0	9552	0	2938	0	11142	386	3940	0	28328	0	0	0	19270	0	846	0	916	0	180	0	0	0	2204	0	3724	0	320	0	0	0	0	0	0	0	0	0	202	0	0	0	0	0	5572	0	0	0	6698	0	226	0	0	0	0	0	912	0	1614	0	0	0	0	0	0	0	0	0	0	0	0	0	0	0	0	0	
171880	Occipital_Inf_R	164	120	0	0	0	0	0	0	0	0	0	0	0	0	0	0	0	124	0	0	0	0	0	0	0	0	0	0	0	0	0	0	0	148	0	744	0	134	0	0	0	0	1412	12998	0	6922	438	6968	0	9554	0	13210	0	0	0	18450	0	384	0	0	0	0	0	0	0	0	430	4586	142	918	0	0	0	0	0	0	0	0	0	0	0	0	0	0	0	2518	0	0	0	5202	0	0	0	0	0	0	0	188	0	0	0	0	0	0	0	0	0	0	0	0	186	0	0	0	0	0	
459600	Fusiform_L	2602	0	610	0	0	0	0	0	0	0	0	0	0	0	0	0	138	0	600	0	0	0	0	0	0	0	0	0	2764	0	0	0	0	0	1158	442	11452	140	7660	0	2462	0	11242	0	2284	0	21610	222	2656	0	21874	0	19270	0	0	0	1360	0	1138	0	132	0	0	0	1982	0	6688	138	412	0	0	0	1720	0	0	0	356	0	1606	0	812	0	2706	0	6952	0	2154	0	20812	0	17434	0	2620	0	118	0	16812	0	27950	0	1856	0	2476	0	438	156	0	0	0	0	168	732	338	264	166	118	
598232	Fusiform_R	862	2216	0	734	0	0	0	850	0	0	0	0	0	0	0	0	0	740	0	1308	0	0	0	0	0	0	0	0	0	1458	0	166	0	548	2268	7858	670	28374	0	19062	0	4646	1262	18178	0	10122	974	29858	0	12594	180	9562	0	18450	0	0	136	1040	0	0	0	152	0	128	0	388	534	15498	758	1736	0	406	0	4058	0	0	1056	8208	136	0	0	1076	0	4472	0	6094	0	4024	0	24544	0	10200	0	406	0	990	0	15026	180	14658	0	0	0	328	0	0	0	0	0	0	8094	1700	150	0	0	0	
360716	Postcentral_L	34456	512	8444	0	0	0	1210	0	0	0	5980	0	454	0	0	0	10970	0	7422	0	0	0	0	0	0	0	0	0	5160	0	0	0	650	478	1644	1486	1146	186	0	0	0	0	1156	0	0	0	122	0	2024	0	10542	0	846	0	1360	136	0	0	10788	0	23320	0	16014	0	6982	0	6484	0	3692	452	1414	148	152	0	0	0	164	0	1976	0	4232	0	0	0	5818	0	0	0	2206	132	0	0	0	0	0	0	0	0	0	0	0	0	0	0	0	0	0	0	0	0	0	0	0	0	0	0	
170368	Postcentral_R	178	12544	412	1064	0	0	0	126	0	0	0	792	0	0	0	0	0	3190	472	1154	0	0	0	0	0	0	0	0	0	586	0	0	0	1934	274	2090	0	890	0	770	0	0	0	5232	0	2378	0	2916	0	1660	0	560	0	384	0	1040	0	0	0	2884	0	5924	0	9220	0	2634	0	10270	0	10378	200	234	0	168	0	0	0	224	0	310	0	266	0	0	0	1170	0	0	0	368	0	0	0	0	0	0	0	146	0	0	0	0	0	0	0	0	0	0	0	0	142	0	0	0	0	0	
200752	Parietal_Sup_L	1674	0	400	0	0	0	0	0	0	0	0	0	0	0	0	0	188	0	138	0	0	0	0	0	0	0	0	0	308	0	0	0	1114	0	482	122	0	0	0	0	0	0	1722	0	1742	0	898	0	9708	0	21958	0	916	0	1138	0	10788	0	0	0	10504	0	990	0	9290	0	17674	0	1540	0	0	0	0	0	0	0	0	0	0	0	200	0	0	0	4564	0	0	0	2318	0	0	0	0	0	0	0	0	0	0	0	0	0	0	0	0	0	0	0	0	0	0	0	0	0	0	0	
76344	Parietal_Sup_R	0	0	0	0	0	0	0	0	0	0	0	0	0	0	0	0	0	0	0	0	0	0	0	0	0	0	0	0	0	0	0	0	0	0	0	0	0	0	0	0	0	0	0	988	0	2720	0	244	0	4930	0	2544	0	0	0	0	0	2884	0	0	0	6838	0	502	0	7060	330	8416	0	716	0	0	0	0	0	0	0	0	0	0	0	0	0	0	0	0	0	0	0	0	0	0	0	0	0	0	0	0	0	0	0	0	0	0	0	0	0	0	0	0	0	0	0	0	0	0	
216344	Parietal_Inf_L	2126	0	340	0	0	0	472	0	0	0	276	0	150	0	0	0	162	0	0	0	0	0	0	0	0	0	0	0	130	0	0	0	342	0	0	0	0	0	0	0	0	0	232	0	0	0	0	0	962	0	12922	0	180	0	132	0	23320	0	10504	0	0	0	18840	0	23916	0	2100	0	318	0	0	0	0	0	0	0	0	0	0	0	1784	0	0	0	6974	0	0	0	1990	0	0	0	0	0	0	0	0	0	0	0	0	0	0	0	0	0	0	0	0	0	0	0	0	0	0	0	
125840	Parietal_Inf_R	0	946	0	120	0	0	0	0	0	0	0	0	0	0	0	0	0	0	0	0	0	0	0	0	0	0	0	0	0	144	0	0	0	0	0	0	0	130	0	122	0	0	0	1662	0	5144	0	440	0	7442	0	4410	0	0	0	152	0	5924	0	6838	0	0	0	7024	0	14122	0	7534	0	766	0	0	0	0	0	0	0	0	0	0	0	0	0	0	0	0	0	0	0	0	0	0	0	0	0	0	0	0	0	0	0	0	0	0	0	0	0	0	0	0	0	0	0	0	0	0	
161264	SupraMarginal_L	772	0	0	0	0	0	320	0	0	0	0	0	0	0	0	0	1882	0	0	0	0	0	0	0	0	0	0	0	0	0	0	0	0	0	214	182	170	128	0	0	0	0	0	0	0	0	0	0	320	0	1626	0	0	0	0	0	16014	0	990	0	18840	0	0	0	13432	0	608	0	0	0	0	0	0	0	0	0	0	0	0	0	9332	0	0	0	13020	0	0	0	2782	0	0	0	0	0	0	0	0	0	0	0	0	0	0	0	0	0	0	0	0	0	0	0	0	0	0	0	
99572	SupraMarginal_R	0	2270	0	288	0	0	0	120	0	0	0	0	0	0	0	0	0	904	0	264	0	0	0	0	0	0	0	0	0	224	0	0	0	0	0	0	0	0	0	0	0	0	0	0	0	2246	0	0	0	2644	0	240	0	0	0	128	0	9220	0	502	0	7024	0	0	0	4828	0	2466	0	1136	0	0	0	0	0	0	0	0	0	0	0	4562	0	0	0	8506	0	0	0	2214	0	0	0	0	0	0	0	0	0	0	0	0	0	0	0	0	0	0	0	0	0	0	0	0	0	0	
262848	Angular_L	1110	0	294	0	0	0	0	0	0	0	0	0	0	0	0	0	956	0	0	0	0	0	0	0	0	0	0	0	0	0	0	0	424	0	642	268	208	164	0	0	0	0	956	0	2298	0	234	0	5532	0	29824	0	2204	0	1982	0	6982	0	9290	0	23916	0	13432	0	0	0	4880	0	508	0	0	0	0	0	0	0	0	0	0	0	5692	0	0	0	15724	0	0	0	3904	0	0	0	0	0	0	0	0	0	0	0	0	0	0	0	0	0	0	0	0	0	0	0	0	0	0	0	
162960	Angular_R	0	214	0	0	0	0	0	0	0	0	0	0	0	0	0	0	0	0	0	0	0	0	0	0	0	0	0	0	0	0	0	0	0	0	0	0	0	124	0	0	0	0	0	266	0	6002	0	250	0	12006	0	14178	0	0	0	388	0	2634	0	7060	0	14122	0	4828	0	0	0	6904	0	1012	0	0	0	0	0	0	0	184	0	0	0	2380	0	0	0	7260	0	0	0	1380	0	0	0	0	0	0	0	144	0	0	0	0	0	0	0	0	0	0	0	0	144	0	0	0	0	0	
390988	Precuneus_L	2576	148	266	0	0	0	410	0	0	0	0	0	0	0	0	0	260	0	370	228	0	0	0	0	0	0	0	0	538	0	0	0	8088	466	8242	932	4682	142	2914	0	0	0	26354	2894	14300	4018	14688	712	12828	2786	26292	474	3724	430	6688	534	6484	0	17674	330	2100	0	608	0	4880	0	0	1824	4804	0	0	0	0	0	0	0	0	0	0	0	290	0	0	0	6968	0	0	0	2548	0	0	0	0	0	0	0	0	0	0	0	0	0	0	0	0	0	0	0	0	0	0	0	0	0	0	0	
548232	Precuneus_R	640	956	0	714	0	0	0	0	0	0	0	0	0	0	0	0	0	2110	148	3366	0	0	0	0	0	0	0	0	120	1126	0	0	520	8478	2740	19136	1320	8014	244	5894	0	0	668	23960	452	38514	226	22032	0	30166	118	9230	0	4586	138	15498	0	10270	0	8416	0	7534	0	2466	0	6904	1824	0	506	12218	0	0	0	0	0	0	1390	1642	148	0	0	3950	0	0	0	5150	0	0	0	5124	0	0	0	0	0	0	0	2280	0	0	0	0	0	0	0	0	0	0	0	0	3180	0	0	0	0	0	
379704	Paracentral_Lobule_L	37832	7424	17076	356	0	0	0	154	0	0	0	0	0	0	0	0	440	158	25928	23240	0	0	0	0	0	0	0	0	1462	0	0	372	3672	12058	2178	2250	1590	428	240	0	332	0	524	0	576	0	138	0	280	0	2644	0	320	142	412	758	3692	0	1540	0	318	0	0	0	508	0	4804	506	0	7568	3500	2648	8318	198	4634	562	5000	972	338	0	138	0	0	0	786	0	0	0	274	564	0	0	0	0	0	0	0	0	0	0	0	0	0	0	0	0	0	0	0	0	0	0	0	0	0	0	
283336	Paracentral_Lobule_R	5458	20104	180	616	0	0	0	0	0	0	0	0	0	0	0	0	0	714	608	28630	0	0	0	0	0	0	0	0	0	410	0	0	674	15078	2078	5606	0	624	0	454	0	0	0	2086	0	3924	0	1890	0	3220	292	1264	0	918	0	1736	452	10378	0	716	0	766	0	1136	0	1012	0	12218	7568	0	128	2908	0	190	0	0	496	5116	0	0	0	686	0	0	0	404	0	0	0	592	0	0	0	0	0	0	0	188	0	0	0	0	0	0	0	0	0	0	0	0	150	0	0	0	0	0	
263156	Caudate_L	12444	2896	13010	498	1760	840	4736	1954	128	0	384	312	0	0	1146	168	0	0	11424	1120	6600	7140	880	154	698	720	3018	2168	606	316	5598	4342	0	0	0	0	746	206	268	0	0	0	0	0	0	0	0	0	0	0	0	0	0	0	0	0	1414	200	0	0	0	0	0	0	0	0	0	0	3500	128	0	12488	8860	1970	2008	0	14404	326	0	0	0	0	0	0	0	0	0	0	0	0	0	0	0	0	0	0	0	0	0	0	0	0	0	0	0	0	0	0	0	0	0	0	0	0	0	0	
361944	Caudate_R	4996	9294	2172	10898	522	2504	1092	570	0	0	118	2300	0	494	404	438	0	982	1782	24388	3462	6092	450	2694	0	3464	1012	1810	162	2934	6442	26018	0	260	0	0	0	576	0	368	0	126	0	0	0	0	0	0	0	0	0	0	0	0	0	406	148	234	0	0	0	0	0	0	0	0	0	0	2648	2908	12488	0	2532	18866	0	2340	1430	18008	0	0	0	0	0	140	0	0	0	0	0	0	0	0	0	0	0	0	0	0	0	0	0	0	0	0	0	0	0	0	0	0	0	0	0	0	0	0	
298376	Putamen_L	14460	0	25358	174	5050	0	902	0	672	0	1324	0	1430	0	3892	0	190	0	21024	148	1420	1672	5688	306	190	0	386	136	18218	0	4460	1312	0	0	0	0	6122	0	694	0	922	0	0	0	0	0	0	0	0	0	0	0	0	0	1720	0	152	0	0	0	0	0	0	0	0	0	0	0	8318	0	8860	2532	0	920	4896	0	1618	0	0	0	426	0	1524	0	132	0	0	0	1940	0	0	0	0	0	0	0	0	0	0	0	0	0	0	0	0	0	0	0	0	0	0	0	0	0	0	0	
282984	Putamen_R	454	1402	636	13730	0	3028	156	3180	0	138	0	3764	0	0	0	4440	0	1668	668	13980	612	920	186	4796	0	3120	0	664	0	13012	2676	15142	0	0	0	0	0	11838	0	4708	0	304	0	0	0	0	0	0	0	0	0	0	0	0	0	4058	0	168	0	0	0	0	0	0	0	0	0	0	198	190	1970	18866	920	0	0	2138	178	6298	0	0	0	230	0	176	0	0	0	0	0	880	0	0	0	0	0	0	0	0	0	0	0	0	0	0	0	0	0	0	0	0	0	0	0	0	0	0	
57964	Pallidum_L	5270	0	4864	0	0	0	0	0	0	0	0	0	0	0	0	0	0	0	4910	0	0	0	0	0	0	0	0	0	0	0	0	0	0	0	0	0	224	0	0	0	0	0	0	0	0	0	0	0	0	0	0	0	0	0	0	0	0	0	0	0	0	0	0	0	0	0	0	0	4634	0	2008	0	4896	0	0	0	2176	0	0	0	0	0	0	0	0	0	0	0	0	0	0	0	0	0	0	0	0	0	0	0	0	0	0	0	0	0	0	0	0	0	0	0	0	0	0	0	
20316	Pallidum_R	666	0	0	818	0	0	0	0	0	0	0	0	0	0	0	0	0	0	0	1880	0	0	0	0	0	0	0	0	0	0	0	0	0	0	0	0	0	490	0	284	0	0	0	0	0	0	0	0	0	0	0	0	0	0	0	0	0	0	0	0	0	0	0	0	0	0	0	0	562	0	0	2340	0	2138	0	0	0	980	0	0	0	0	0	0	0	0	0	0	0	0	0	0	0	0	0	0	0	0	0	0	0	0	0	0	0	0	0	0	0	0	0	0	0	0	0	0	
199396	Thalamus_L	11650	1806	950	158	0	0	482	424	0	0	0	0	0	0	0	0	0	0	3698	606	0	0	0	0	0	0	0	0	588	762	0	0	0	140	5380	7954	8518	8802	1670	1978	230	0	0	0	0	0	0	1366	0	0	0	0	0	0	356	1056	164	0	0	0	0	0	0	0	0	0	0	1390	5000	496	14404	1430	1618	178	2176	0	0	12380	424	0	0	238	0	0	338	330	0	0	262	296	0	0	0	0	0	0	0	0	0	0	0	0	0	0	0	0	0	0	0	0	0	0	0	0	0	0	
286888	Thalamus_R	2836	16890	410	6968	0	0	0	616	0	0	0	126	0	0	0	0	0	0	574	15094	0	0	0	0	0	0	0	0	0	1128	0	2320	0	236	2426	5066	1604	15740	0	6148	0	0	0	394	0	584	0	1882	0	832	0	120	0	0	0	8208	0	224	0	0	0	0	0	0	0	184	0	1642	972	5116	326	18008	0	6298	0	980	12380	0	0	0	0	850	0	0	0	1716	0	0	0	3930	0	0	0	0	0	0	0	452	0	0	0	0	0	0	0	0	0	0	0	0	164	0	0	0	0	0	
57152	Heschl_L	3098	0	1516	0	0	0	290	0	0	0	896	0	142	0	0	0	1834	0	1282	0	0	0	0	0	0	0	0	0	4718	0	0	0	0	0	1156	1018	2242	734	0	338	0	0	0	0	0	0	0	218	0	0	0	0	202	0	1606	136	1976	0	0	0	0	0	0	0	0	0	0	148	338	0	0	0	0	0	0	0	424	0	0	0	1184	0	0	0	1062	0	0	0	1892	0	0	0	0	0	0	0	0	0	0	0	0	0	0	0	0	0	0	0	0	0	126	0	0	0	0	0	
22768	Heschl_R	0	544	0	200	0	0	0	0	0	0	0	430	0	0	0	0	0	2190	0	184	0	0	0	0	0	0	0	0	0	1736	0	0	0	0	0	0	0	216	0	0	0	0	0	0	0	0	0	0	0	0	0	0	0	0	0	0	0	310	0	0	0	0	0	0	0	0	0	0	0	0	0	0	0	0	0	0	0	0	0	0	0	4062	0	0	0	1512	0	0	0	0	0	0	0	0	0	0	0	0	0	0	0	0	0	0	0	0	0	0	0	0	0	0	0	0	0	0	
180296	Temporal_Sup_L	4242	0	5120	0	0	0	932	0	0	0	3784	0	196	0	0	0	9194	0	4554	0	0	0	0	0	0	0	0	0	3618	0	0	0	0	0	0	0	1138	0	0	0	0	0	0	0	0	0	0	0	256	0	674	0	0	0	812	0	4232	0	200	0	1784	0	9332	0	5692	0	290	0	138	0	0	0	426	0	0	0	0	0	1184	0	0	0	3164	0	22536	0	0	0	6650	0	0	0	0	0	0	0	0	0	0	0	0	0	0	0	0	0	0	0	0	0	0	0	0	0	0	0	
104596	Temporal_Sup_R	0	1144	0	366	0	0	0	494	0	0	0	122	0	0	0	0	0	2196	0	320	0	0	0	0	0	0	0	0	0	3230	0	0	0	0	198	838	128	1026	0	226	0	0	0	694	0	2682	0	1014	0	3228	0	568	0	0	0	1076	0	266	0	0	0	0	0	4562	0	2380	0	3950	0	686	0	0	0	230	0	0	238	850	0	4062	0	0	0	1536	0	12050	0	128	0	1138	0	0	0	0	0	0	0	336	0	0	0	0	0	0	0	0	0	0	0	0	336	0	0	0	0	0	
70952	Temporal_Pole_Sup_L	0	0	1946	0	450	0	226	0	0	0	2060	0	358	0	800	0	1466	0	1546	0	302	0	0	0	0	0	0	0	4010	0	0	0	0	0	0	0	1928	0	830	0	1122	0	0	0	0	0	0	0	0	0	0	0	0	0	2706	0	0	0	0	0	0	0	0	0	0	0	0	0	0	0	0	0	1524	0	0	0	0	0	0	0	3164	0	0	0	4586	0	2040	0	4412	0	0	0	0	0	0	0	0	0	0	0	0	0	0	0	0	0	0	0	0	0	0	0	0	0	0	0	
35848	Temporal_Pole_Sup_R	0	0	0	0	0	0	0	0	0	0	0	264	0	0	0	0	0	216	0	0	0	124	0	0	0	0	0	0	0	510	0	142	0	0	0	0	0	1214	0	1768	0	2196	0	0	0	0	0	0	0	0	0	0	0	0	0	4472	0	0	0	0	0	0	0	0	0	0	0	0	0	0	0	140	0	176	0	0	0	0	0	0	0	1536	0	0	0	1822	0	2660	0	684	0	0	0	0	0	0	0	0	0	0	0	0	0	0	0	0	0	0	0	0	0	0	0	0	0	0	
375244	Temporal_Mid_L	6038	0	262	0	0	0	0	0	0	0	0	0	0	0	0	0	1276	0	224	0	0	0	0	0	0	0	0	0	846	0	0	0	1034	0	2018	696	1198	408	0	0	0	0	4164	0	1294	0	2646	0	3978	0	21200	0	5572	0	6952	0	5818	0	4564	0	6974	0	13020	0	15724	0	6968	0	786	0	0	0	132	0	0	0	338	0	1062	0	22536	0	4586	0	0	0	2406	0	42902	0	0	0	0	0	0	0	0	0	0	0	0	0	0	0	0	0	0	0	0	0	0	0	0	0	0	0	
248296	Temporal_Mid_R	0	1282	0	224	0	0	0	410	0	0	0	0	0	0	0	0	0	156	0	234	0	0	0	0	0	0	0	0	0	1946	0	0	0	420	218	1146	124	1580	0	392	0	138	124	2708	0	7982	0	2776	0	10556	0	17896	0	2518	0	6094	0	1170	0	0	0	0	0	8506	0	7260	0	5150	0	404	0	0	0	0	0	0	330	1716	0	1512	0	12050	0	1822	0	0	0	638	0	21156	0	0	0	0	0	0	0	1756	0	0	0	0	0	0	0	0	0	0	0	0	1754	0	0	0	0	0	
20148	Temporal_Pole_Mid_L	0	0	0	0	0	0	0	0	0	0	0	0	0	0	0	0	0	0	0	0	0	0	0	0	0	0	0	0	0	0	0	0	0	0	0	0	132	0	258	0	134	0	0	0	0	0	0	0	0	0	0	0	0	0	2154	0	0	0	0	0	0	0	0	0	0	0	0	0	0	0	0	0	0	0	0	0	0	0	0	0	0	0	2040	0	2406	0	0	0	2950	0	0	0	0	0	0	0	0	0	0	0	0	0	0	0	0	0	0	0	0	0	0	0	0	0	0	0	
22292	Temporal_Pole_Mid_R	0	0	0	0	0	0	0	0	0	0	0	0	0	0	0	0	0	0	0	0	0	0	0	0	0	0	0	0	0	0	0	0	0	0	0	0	0	822	0	714	0	996	0	0	0	0	0	0	0	0	0	0	0	0	0	4024	0	0	0	0	0	0	0	0	0	0	0	0	0	0	0	0	0	0	0	0	0	0	0	0	0	128	0	2660	0	638	0	0	0	1164	0	0	0	0	0	0	0	0	0	0	0	0	0	0	0	0	0	0	0	0	0	0	0	0	0	0	
288460	Temporal_Inf_L	2734	0	832	0	0	0	0	0	0	0	0	0	0	0	0	0	268	0	794	0	0	0	0	0	0	0	0	0	2912	0	0	0	352	0	412	356	9782	284	1532	0	992	0	1536	0	226	0	1404	0	1076	0	8936	0	6698	0	20812	0	2206	0	2318	0	1990	0	2782	0	3904	0	2548	0	274	0	0	0	1940	0	0	0	262	0	1892	0	6650	0	4412	0	42902	0	2950	0	0	0	2212	0	878	0	0	0	178	0	758	0	742	0	494	0	0	0	0	0	0	0	0	0	0	0	0	0	
219460	Temporal_Inf_R	422	1948	0	256	0	0	0	784	0	0	0	0	0	0	0	0	0	244	0	566	0	0	0	0	0	0	0	0	0	696	0	0	0	752	1132	4012	0	8858	0	2504	0	2006	390	4414	0	2316	130	2864	0	2596	204	1130	0	5202	0	24544	132	368	0	0	0	0	0	2214	0	1380	0	5124	564	592	0	0	0	880	0	0	296	3930	0	0	0	1138	0	684	0	21156	0	1164	0	0	0	584	0	0	0	0	0	700	0	178	0	0	0	0	0	0	0	0	0	0	676	0	0	0	0	0	
446100	Cerebelum_Crus1_L	0	0	0	0	0	0	0	0	0	0	0	0	0	0	0	0	0	0	0	0	0	0	0	0	0	0	0	0	0	0	0	0	0	0	0	0	0	0	0	0	0	0	0	0	0	0	9934	0	0	0	0	0	226	0	17434	0	0	0	0	0	0	0	0	0	0	0	0	0	0	0	0	0	0	0	0	0	0	0	0	0	0	0	0	0	0	0	0	0	2212	0	0	1582	33926	3174	1344	0	30038	126	52886	374	17188	326	20654	1584	2038	2504	0	0	0	0	1728	6024	8846	4572	2762	1568	
384756	Cerebelum_Crus1_R	0	0	0	0	0	0	0	0	0	0	0	0	0	0	0	0	0	0	0	0	0	0	0	0	0	0	0	0	0	0	0	0	0	0	0	0	0	0	0	0	0	0	0	0	0	0	848	4154	0	0	0	0	0	0	0	10200	0	0	0	0	0	0	0	0	0	0	0	0	0	0	0	0	0	0	0	0	0	0	0	0	0	0	0	0	0	0	0	0	0	584	1582	0	1304	35514	0	1990	358	20036	826	52172	198	5422	372	23998	0	1942	0	304	0	244	8988	10764	6756	2518	1304	0	
326872	Cerebelum_Crus2_L	0	0	0	0	0	0	0	0	0	0	0	0	0	0	0	0	0	0	0	0	0	0	0	0	0	0	0	0	0	0	0	0	0	0	0	0	0	0	0	0	0	0	0	0	0	0	264	0	0	0	0	0	0	0	2620	0	0	0	0	0	0	0	0	0	0	0	0	0	0	0	0	0	0	0	0	0	0	0	0	0	0	0	0	0	0	0	0	0	878	0	33926	1304	0	10800	484	0	2552	0	8728	182	34550	3264	31016	4474	1314	1474	0	0	0	0	0	2732	14808	5606	1618	842	
320128	Cerebelum_Crus2_R	0	0	0	0	0	0	0	0	0	0	0	0	0	0	0	0	0	0	0	0	0	0	0	0	0	0	0	0	0	0	0	0	0	0	0	0	0	0	0	0	0	0	0	0	0	0	0	322	0	0	0	0	0	0	0	406	0	0	0	0	0	0	0	0	0	0	0	0	0	0	0	0	0	0	0	0	0	0	0	0	0	0	0	0	0	0	0	0	0	0	3174	35514	10800	0	0	852	0	1210	664	9532	6158	18010	4296	35196	0	2662	0	460	0	242	398	3530	16386	7918	2152	182	
28128	Cerebelum_3_L	0	0	0	0	0	0	0	0	0	0	0	0	0	0	0	0	0	0	0	0	0	0	0	0	0	0	0	0	0	0	0	0	0	0	0	0	0	0	0	0	0	0	0	0	0	0	0	0	0	0	0	0	0	0	118	0	0	0	0	0	0	0	0	0	0	0	0	0	0	0	0	0	0	0	0	0	0	0	0	0	0	0	0	0	0	0	0	0	0	0	1344	0	484	0	0	146	5332	0	1440	0	318	0	698	136	702	124	132	0	198	2126	156	0	186	224	200	0	
52024	Cerebelum_3_R	0	0	0	0	0	0	0	0	0	0	0	0	0	0	0	0	0	0	0	0	0	0	0	0	0	0	0	0	0	0	0	0	0	0	0	0	0	0	0	0	0	0	0	0	0	0	0	0	0	0	0	0	0	0	0	990	0	0	0	0	0	0	0	0	0	0	0	0	0	0	0	0	0	0	0	0	0	0	0	0	0	0	0	0	0	0	0	0	0	0	0	1990	0	852	146	0	272	6652	0	4938	0	132	0	1016	0	1738	0	0	450	2996	2098	134	398	642	568	0	
301124	Cerebelum_4_5_L	0	0	0	0	0	0	0	0	0	0	0	0	0	0	0	0	0	0	0	0	0	0	0	0	0	0	0	0	0	0	0	0	0	0	0	0	0	0	438	0	0	0	0	0	0	0	18650	0	0	0	326	0	912	0	16812	0	0	0	0	0	0	0	0	0	0	0	0	0	0	0	0	0	0	0	0	0	0	0	0	0	0	0	0	0	0	0	0	0	178	0	30038	358	2552	0	5332	272	0	744	44202	814	1382	0	3326	418	4102	1040	626	0	316	1216	7700	3746	660	1130	1348	1924	
252600	Cerebelum_4_5_R	0	124	0	0	0	0	0	0	0	0	0	0	0	0	0	0	0	158	0	204	0	0	0	0	0	0	0	0	0	0	0	0	0	0	0	330	0	1102	0	1708	0	0	0	864	0	1744	1644	10326	0	1880	0	828	0	188	0	15026	0	146	0	0	0	0	0	0	0	144	0	2280	0	188	0	0	0	0	0	0	0	452	0	0	0	336	0	0	0	1756	0	0	0	700	126	20036	0	1210	0	6652	744	0	154	31172	0	268	0	1576	0	1440	0	0	0	556	17948	620	344	674	652	0	
385076	Cerebelum_6_L	0	0	0	0	0	0	0	0	0	0	0	0	0	0	0	0	0	0	0	0	0	0	0	0	0	0	0	0	0	0	0	0	0	0	0	0	188	0	396	0	0	0	0	0	0	0	17858	530	0	0	776	0	1614	0	27950	180	0	0	0	0	0	0	0	0	0	0	0	0	0	0	0	0	0	0	0	0	0	0	0	0	0	0	0	0	0	0	0	0	758	0	52886	826	8728	664	1440	0	44202	154	0	568	5592	0	7744	578	2696	1116	298	0	0	0	2850	5452	2686	1868	1304	636	
320304	Cerebelum_6_R	0	0	0	0	0	0	0	0	0	0	0	0	0	0	0	0	0	0	0	0	0	0	0	0	0	0	0	0	0	0	0	0	0	0	0	0	0	0	0	0	0	0	0	0	0	0	1268	6138	0	0	0	0	0	0	0	14658	0	0	0	0	0	0	0	0	0	0	0	0	0	0	0	0	0	0	0	0	0	0	0	0	0	0	0	0	0	0	0	0	0	178	374	52172	182	9532	0	4938	814	31172	568	0	118	1312	208	7294	0	834	0	328	0	0	12180	11172	3194	1132	386	0	
308024	Cerebelum_7b_L	0	0	0	0	0	0	0	0	0	0	0	0	0	0	0	0	0	0	0	0	0	0	0	0	0	0	0	0	0	0	0	0	0	0	0	0	0	0	0	0	0	0	0	0	0	0	0	0	0	0	0	0	0	0	1856	0	0	0	0	0	0	0	0	0	0	0	0	0	0	0	0	0	0	0	0	0	0	0	0	0	0	0	0	0	0	0	0	0	742	0	17188	198	34550	6158	318	0	1382	0	5592	118	0	4494	43216	7670	5304	1124	656	0	0	0	0	592	9186	10772	1914	982	
127260	Cerebelum_7b_R	0	0	0	0	0	0	0	0	0	0	0	0	0	0	0	0	0	0	0	0	0	0	0	0	0	0	0	0	0	0	0	0	0	0	0	0	0	0	0	0	0	0	0	0	0	0	0	0	0	0	0	0	0	0	0	0	0	0	0	0	0	0	0	0	0	0	0	0	0	0	0	0	0	0	0	0	0	0	0	0	0	0	0	0	0	0	0	0	0	0	326	5422	3264	18010	0	132	0	268	0	1312	4494	0	3852	16406	0	612	0	0	0	0	0	130	3868	5000	534	0	
364648	Cerebelum_8_L	0	0	0	0	0	0	0	0	0	0	0	0	0	0	0	0	0	0	0	0	0	0	0	0	0	0	0	0	0	0	0	0	0	0	0	0	0	0	0	0	0	0	0	0	0	0	124	0	0	0	0	0	0	0	2476	0	0	0	0	0	0	0	0	0	0	0	0	0	0	0	0	0	0	0	0	0	0	0	0	0	0	0	0	0	0	0	0	0	494	0	20654	372	31016	4296	698	0	3326	0	7744	208	43216	3852	0	9046	16746	3288	2290	0	0	0	274	1082	10036	14704	4282	2100	
314564	Cerebelum_8_R	0	0	0	0	0	0	0	0	0	0	0	0	0	0	0	0	0	0	0	0	0	0	0	0	0	0	0	0	0	0	0	0	0	0	0	0	0	0	0	0	0	0	0	0	0	0	0	0	0	0	0	0	0	0	0	328	0	0	0	0	0	0	0	0	0	0	0	0	0	0	0	0	0	0	0	0	0	0	0	0	0	0	0	0	0	0	0	0	0	0	1584	23998	4474	35196	136	1016	418	1576	578	7294	7670	16406	9046	0	242	14912	0	634	246	566	1146	1464	8450	14506	5076	320	
90568	Cerebelum_9_L	0	0	0	0	0	0	0	0	0	0	0	0	0	0	0	0	0	0	0	0	0	0	0	0	0	0	0	0	0	0	0	0	0	0	0	0	0	0	0	0	0	0	0	0	0	0	718	0	0	0	0	0	0	0	438	0	0	0	0	0	0	0	0	0	0	0	0	0	0	0	0	0	0	0	0	0	0	0	0	0	0	0	0	0	0	0	0	0	0	0	2038	0	1314	0	702	0	4102	0	2696	0	5304	0	16746	242	0	776	3892	0	0	0	876	894	1266	1412	1272	596	
142436	Cerebelum_9_R	0	0	0	0	0	0	0	0	0	0	0	0	0	0	0	0	0	0	0	0	0	0	0	0	0	0	0	0	0	0	0	0	0	0	0	0	0	0	0	0	0	0	0	0	0	0	480	0	0	0	0	0	0	0	156	0	0	0	0	0	0	0	0	0	0	0	0	0	0	0	0	0	0	0	0	0	0	0	0	0	0	0	0	0	0	0	0	0	0	0	2504	1942	1474	2662	124	1738	1040	1440	1116	834	1124	612	3288	14912	776	0	0	432	672	1642	1802	3192	6068	8852	8814	3522	
15788	Cerebelum_10_L	0	0	0	0	0	0	0	0	0	0	0	0	0	0	0	0	0	0	0	0	0	0	0	0	0	0	0	0	0	0	0	0	0	0	0	0	0	0	0	0	0	0	0	0	0	0	0	0	0	0	0	0	0	0	0	0	0	0	0	0	0	0	0	0	0	0	0	0	0	0	0	0	0	0	0	0	0	0	0	0	0	0	0	0	0	0	0	0	0	0	0	0	0	0	132	0	626	0	298	0	656	0	2290	0	3892	0	0	0	0	0	0	0	0	0	0	0	
5628	Cerebelum_10_R	0	0	0	0	0	0	0	0	0	0	0	0	0	0	0	0	0	0	0	0	0	0	0	0	0	0	0	0	0	0	0	0	0	0	0	0	0	0	0	0	0	0	0	0	0	0	0	0	0	0	0	0	0	0	0	0	0	0	0	0	0	0	0	0	0	0	0	0	0	0	0	0	0	0	0	0	0	0	0	0	0	0	0	0	0	0	0	0	0	0	0	304	0	460	0	0	0	0	0	328	0	0	0	634	0	432	0	0	0	0	0	0	152	194	310	0	
16516	Vermis_1_2	0	0	0	0	0	0	0	0	0	0	0	0	0	0	0	0	0	0	0	0	0	0	0	0	0	0	0	0	0	0	0	0	0	0	0	0	0	0	0	0	0	0	0	0	0	0	0	0	0	0	0	0	0	0	0	0	0	0	0	0	0	0	0	0	0	0	0	0	0	0	0	0	0	0	0	0	0	0	0	0	0	0	0	0	0	0	0	0	0	0	0	0	0	0	198	450	316	0	0	0	0	0	0	246	0	672	0	0	0	4600	1132	0	0	308	336	0	
35424	Vermis_3	0	0	0	0	0	0	0	0	0	0	0	0	0	0	0	0	0	0	0	0	0	0	0	0	0	0	0	0	0	0	0	0	0	0	0	0	0	0	0	0	0	0	0	0	0	0	0	0	0	0	0	0	0	0	0	0	0	0	0	0	0	0	0	0	0	0	0	0	0	0	0	0	0	0	0	0	0	0	0	0	0	0	0	0	0	0	0	0	0	0	0	244	0	242	2126	2996	1216	556	0	0	0	0	0	566	0	1642	0	0	4600	0	1824	0	242	718	740	0	
224616	Vermis_4_5	0	0	0	0	0	0	0	0	0	0	0	0	0	0	0	0	0	158	0	0	0	0	0	0	0	0	0	0	118	0	0	0	0	0	446	1506	324	944	0	358	0	0	0	868	0	1740	5630	9232	0	1876	0	824	0	186	168	8094	0	142	0	0	0	0	0	0	0	144	0	3180	0	150	0	0	0	0	0	0	0	164	126	0	0	336	0	0	0	1754	0	0	0	676	1728	8988	0	398	156	2098	7700	17948	2850	12180	0	0	274	1146	876	1802	0	0	1132	1824	0	5546	386	1672	2362	2098	
168648	Vermis_6	0	0	0	0	0	0	0	0	0	0	0	0	0	0	0	0	0	0	0	0	0	0	0	0	0	0	0	0	0	0	0	0	0	0	0	0	0	0	0	0	0	0	0	0	0	0	3540	3568	0	0	0	0	0	0	732	1700	0	0	0	0	0	0	0	0	0	0	0	0	0	0	0	0	0	0	0	0	0	0	0	0	0	0	0	0	0	0	0	0	0	0	6024	10764	2732	3530	0	134	3746	620	5452	11172	592	130	1082	1464	894	3192	0	0	0	0	5546	0	7054	4248	3478	2930	
250036	Vermis_7	0	0	0	0	0	0	0	0	0	0	0	0	0	0	0	0	0	0	0	0	0	0	0	0	0	0	0	0	0	0	0	0	0	0	0	0	0	0	0	0	0	0	0	0	0	0	202	394	0	0	0	0	0	0	338	150	0	0	0	0	0	0	0	0	0	0	0	0	0	0	0	0	0	0	0	0	0	0	0	0	0	0	0	0	0	0	0	0	0	0	8846	6756	14808	16386	186	398	660	344	2686	3194	9186	3868	10036	8450	1266	6068	0	152	0	242	386	7054	0	13554	6688	2720	
