data	data	601548	269548	1.271e+06	821276	220416	58072	650288	221480	48420	41744	351572	121012	339196	159704	155340	99904	259832	82604	781840	1.01348e+06	51904	52264	535472	490368	46428	88120	46576	77152	666172	278900	464992	673404	223224	594464	147736	224340	322044	309236	89592	134436	34356	64920	125044	235944	103796	184948	160468	262968	125252	236816	388364	142064	156620	104940	290596	288660	325104	220348	143296	168012	191908	178564	104572	106916	132988	81932	192220	376744	316904	346888	266568	662268	355720	320960	50904	23612	148740	261460	82896	5084	203808	54824	78264	30944	190880	102636	18448	34196	246156	155716	284216	223080	112756	129268	21304	26560	154936	83724	266956	219196	96364	42164	122812	141416	52296	86492	14880	9472	20744	25224	136048	88936	116104	73252	66260	25436	
data	data	Precentral_L	Precentral_R	Frontal_Sup_L	Frontal_Sup_R	Frontal_Sup_Orb_L	Frontal_Sup_Orb_R	Frontal_Mid_L	Frontal_Mid_R	Frontal_Mid_Orb_L	Frontal_Mid_Orb_R	Frontal_Inf_Oper_L	Frontal_Inf_Oper_R	Frontal_Inf_Tri_L	Frontal_Inf_Tri_R	Frontal_Inf_Orb_L	Frontal_Inf_Orb_R	Rolandic_Oper_L	Rolandic_Oper_R	Supp_Motor_Area_L	Supp_Motor_Area_R	Olfactory_L	Olfactory_R	Frontal_Sup_Medial_L	Frontal_Sup_Medial_R	Frontal_Med_Orb_L	Frontal_Med_Orb_R	Rectus_L	Rectus_R	Insula_L	Insula_R	Cingulum_Ant_L	Cingulum_Ant_R	Cingulum_Mid_L	Cingulum_Mid_R	Cingulum_Post_L	Cingulum_Post_R	Hippocampus_L	Hippocampus_R	ParaHippocampal_L	ParaHippocampal_R	Amygdala_L	Amygdala_R	Calcarine_L	Calcarine_R	Cuneus_L	Cuneus_R	Lingual_L	Lingual_R	Occipital_Sup_L	Occipital_Sup_R	Occipital_Mid_L	Occipital_Mid_R	Occipital_Inf_L	Occipital_Inf_R	Fusiform_L	Fusiform_R	Postcentral_L	Postcentral_R	Parietal_Sup_L	Parietal_Sup_R	Parietal_Inf_L	Parietal_Inf_R	SupraMarginal_L	SupraMarginal_R	Angular_L	Angular_R	Precuneus_L	Precuneus_R	Paracentral_Lobule_L	Paracentral_Lobule_R	Caudate_L	Caudate_R	Putamen_L	Putamen_R	Pallidum_L	Pallidum_R	Thalamus_L	Thalamus_R	Heschl_L	Heschl_R	Temporal_Sup_L	Temporal_Sup_R	Temporal_Pole_Sup_L	Temporal_Pole_Sup_R	Temporal_Mid_L	Temporal_Mid_R	Temporal_Pole_Mid_L	Temporal_Pole_Mid_R	Temporal_Inf_L	Temporal_Inf_R	Cerebelum_Crus1_L	Cerebelum_Crus1_R	Cerebelum_Crus2_L	Cerebelum_Crus2_R	Cerebelum_3_L	Cerebelum_3_R	Cerebelum_4_5_L	Cerebelum_4_5_R	Cerebelum_6_L	Cerebelum_6_R	Cerebelum_7b_L	Cerebelum_7b_R	Cerebelum_8_L	Cerebelum_8_R	Cerebelum_9_L	Cerebelum_9_R	Cerebelum_10_L	Cerebelum_10_R	Vermis_1_2	Vermis_3	Vermis_4_5	Vermis_6	Vermis_7	Vermis_8	Vermis_9	Vermis_10	
601548	Precentral_L	0	3432	28812	680	1178	0	34750	0	0	0	19838	0	4676	0	170	0	18406	0	9546	10656	0	0	920	0	198	0	0	0	18950	0	992	0	1594	3360	388	360	11110	150	1678	0	0	0	0	0	0	0	0	0	0	0	1562	0	818	0	2612	0	35770	0	100	0	1600	0	416	0	896	0	0	0	31008	4572	6174	298	9512	116	3628	0	19586	144	4002	0	3656	0	984	0	662	0	0	0	814	0	0	0	0	0	0	0	0	0	0	0	0	0	0	0	0	0	0	0	0	0	0	0	0	0	0	0	
269548	Precentral_R	3432	0	1050	4050	0	0	0	5580	0	0	118	2082	0	230	0	0	0	1382	1572	21636	0	0	124	276	0	0	0	0	138	1666	380	694	772	6932	1904	2996	268	6594	200	672	0	0	0	0	0	142	0	416	0	910	0	556	0	468	0	960	0	13628	0	1540	0	1948	0	4126	0	186	164	4008	7156	21144	112	3302	0	1420	0	0	374	2942	0	0	0	1164	0	0	0	1054	0	0	0	2098	0	0	0	0	0	0	0	0	0	0	0	0	0	0	0	0	0	0	0	0	208	0	0	0	0	0	
1.271e+06	Frontal_Sup_L	28812	1050	0	15882	20878	0	89632	2070	686	0	16890	0	21396	134	7268	0	11882	0	89546	28062	270	0	63644	14542	4074	0	396	0	53496	92	35080	9486	10730	10218	304	286	7040	840	242	180	0	0	0	0	0	0	0	0	0	0	100	0	106	0	3796	0	2564	0	0	0	740	0	1626	0	636	0	0	0	4774	416	16562	6960	27926	1100	2098	0	5994	716	1288	0	5782	0	1998	0	578	0	0	0	4630	0	0	0	0	0	0	0	0	0	0	0	0	0	0	0	0	0	0	0	0	0	0	0	0	0	0	0	
821276	Frontal_Sup_R	680	4050	15882	0	0	892	1158	37200	0	892	476	3732	160	10394	176	4306	0	2174	23818	55468	0	0	11270	41712	0	3248	0	1736	624	13914	7290	49636	2768	26804	0	0	0	2848	0	418	0	94	0	0	0	0	0	0	0	0	0	0	0	0	0	110	138	0	0	0	0	0	0	0	0	0	0	0	1086	892	7722	44198	1946	22114	0	2758	102	5752	0	0	0	0	0	0	0	0	0	0	0	0	0	0	0	0	0	0	0	0	0	0	0	0	0	0	0	0	0	0	0	0	0	0	0	0	0	0	
220416	Frontal_Sup_Orb_L	1178	0	20878	0	0	0	4426	0	8282	0	1378	0	3672	0	10258	0	192	0	2862	196	850	582	11460	1102	5932	0	5390	134	12956	0	4358	1126	230	166	0	0	270	0	0	0	0	0	0	0	0	0	0	0	0	0	0	0	0	0	0	0	0	0	0	0	0	0	0	0	0	0	0	0	0	0	1632	208	10356	0	0	0	0	0	0	0	0	0	134	0	0	0	0	0	0	0	0	0	0	0	0	0	0	0	0	0	0	0	0	0	0	0	0	0	0	0	0	0	0	0	0	0	
58072	Frontal_Sup_Orb_R	0	0	0	892	0	0	0	250	0	2970	0	0	0	0	0	2824	0	0	0	0	0	248	110	1834	0	5038	0	6358	0	336	100	1270	0	0	0	0	0	0	0	0	0	0	0	0	0	0	0	0	0	0	0	0	0	0	0	0	0	0	0	0	0	0	0	0	0	0	0	0	0	0	0	3730	0	3076	0	0	0	0	0	0	0	0	0	0	0	0	0	0	0	0	0	0	0	0	0	0	0	0	0	0	0	0	0	0	0	0	0	0	0	0	0	0	0	0	0	0	
650288	Frontal_Mid_L	34750	0	89632	1158	4426	0	0	148	2384	0	28074	0	45912	0	7872	0	7944	0	9246	1410	0	0	23580	3344	1034	0	0	0	21830	0	13972	1844	10088	3064	244	244	3056	0	216	0	0	0	0	0	0	0	0	0	0	0	0	0	0	0	242	0	886	0	0	0	0	0	0	0	0	0	0	0	0	0	0	218	2176	98	0	0	3392	0	648	0	414	0	1404	0	0	0	0	0	194	0	0	0	0	0	0	0	0	0	0	0	0	0	0	0	0	0	0	0	0	0	0	0	0	0	0	0	
221480	Frontal_Mid_R	0	5580	2070	37200	0	250	148	0	0	2636	112	6182	0	12582	0	5388	0	152	3392	6392	0	0	1386	4172	0	96	0	0	124	5716	710	6250	0	3656	0	0	0	258	0	0	0	0	0	0	0	0	0	0	0	0	0	0	0	0	0	0	0	0	0	0	0	0	0	0	0	0	0	0	0	104	412	3978	0	1566	0	0	0	228	0	0	0	0	0	0	0	0	0	0	0	0	0	0	0	0	0	0	0	0	0	0	0	0	0	0	0	0	0	0	0	0	0	0	0	0	0	0	
48420	Frontal_Mid_Orb_L	0	0	686	0	8282	0	2384	0	0	0	0	0	376	0	8680	0	0	0	0	0	0	0	0	0	882	0	2236	0	208	0	0	0	0	0	0	0	0	0	0	0	0	0	0	0	0	0	0	0	0	0	0	0	0	0	0	0	0	0	0	0	0	0	0	0	0	0	0	0	0	0	0	0	476	0	0	0	0	0	0	0	0	0	0	0	0	0	0	0	0	0	0	0	0	0	0	0	0	0	0	0	0	0	0	0	0	0	0	0	0	0	0	0	0	0	0	0	
41744	Frontal_Mid_Orb_R	0	0	0	892	0	2970	0	2636	0	0	0	0	0	1186	0	9704	0	0	0	250	0	0	0	130	0	0	0	212	0	1252	0	266	0	134	0	0	0	0	0	0	0	0	0	0	0	0	0	0	0	0	0	0	0	0	0	0	0	0	0	0	0	0	0	0	0	0	0	0	0	0	0	318	0	922	0	0	0	0	0	0	0	0	0	0	0	0	0	0	0	0	0	0	0	0	0	0	0	0	0	0	0	0	0	0	0	0	0	0	0	0	0	0	0	0	0	0	
351572	Frontal_Inf_Oper_L	19838	118	16890	476	1378	0	28074	112	0	0	0	0	27678	0	2936	0	22014	0	4478	558	0	0	2052	186	200	0	0	0	25460	0	3344	340	412	450	122	122	1708	120	0	0	0	0	0	0	0	0	0	0	0	0	330	0	260	0	460	0	3496	0	0	0	90	0	0	0	0	0	0	0	0	0	256	288	2416	0	0	0	250	0	1508	0	3046	0	3430	0	276	0	0	0	614	0	0	0	0	0	0	0	0	0	0	0	0	0	0	0	0	0	0	0	0	0	0	0	0	0	0	0	
121012	Frontal_Inf_Oper_R	0	2082	0	3732	0	0	0	6182	0	0	0	0	0	4314	0	292	0	5264	268	2328	0	0	120	1226	0	0	0	0	0	11132	470	6700	0	670	0	0	0	1080	0	110	0	0	0	0	0	0	0	0	0	0	0	0	0	0	0	0	0	842	0	0	0	0	0	0	0	0	0	0	0	0	0	8420	0	2680	0	0	0	2594	0	0	0	0	0	0	0	0	0	0	0	0	0	0	0	0	0	0	0	0	0	0	0	0	0	0	0	0	0	0	0	0	0	0	0	0	0	0	
339196	Frontal_Inf_Tri_L	4676	0	21396	160	3672	0	45912	0	376	0	27678	0	0	0	15766	0	3304	0	2564	334	0	0	3026	176	682	0	0	0	27086	0	5818	330	2898	384	0	0	0	0	0	0	0	0	0	0	0	0	0	0	0	0	0	0	0	0	0	0	266	0	0	0	0	0	0	0	0	0	0	0	0	0	126	174	792	0	0	0	0	0	0	0	324	0	1678	0	0	0	0	0	0	0	0	0	0	0	0	0	0	0	0	0	0	0	0	0	0	0	0	0	0	0	0	0	0	0	0	0	
159704	Frontal_Inf_Tri_R	0	230	134	10394	0	0	0	12582	0	1186	0	4314	0	0	0	6226	0	222	1020	3788	0	0	448	4694	0	282	0	92	0	15390	662	8168	98	2184	0	0	0	406	0	0	0	0	0	0	0	0	0	0	0	0	0	0	0	0	0	0	0	0	0	0	0	0	0	0	0	0	0	0	0	96	0	5624	0	1476	0	0	0	136	0	0	0	0	0	0	0	0	0	0	0	0	0	0	0	0	0	0	0	0	0	0	0	0	0	0	0	0	0	0	0	0	0	0	0	0	0	0	
155340	Frontal_Inf_Orb_L	170	0	7268	176	10258	0	7872	0	8680	0	2936	0	15766	0	0	0	110	0	454	134	1234	0	638	0	424	0	562	0	11574	0	1152	0	1054	0	0	0	876	0	134	0	780	0	0	0	0	0	0	0	0	0	0	0	0	0	0	0	0	0	0	0	0	0	0	0	0	0	0	0	0	0	516	274	4360	0	0	0	0	0	0	0	0	0	268	0	0	0	0	0	0	0	0	0	0	0	0	0	0	0	0	0	0	0	0	0	0	0	0	0	0	0	0	0	0	0	0	0	
99904	Frontal_Inf_Orb_R	0	0	0	4306	0	2824	0	5388	0	9704	0	292	0	6226	0	0	0	0	104	948	0	240	0	1436	0	194	0	692	0	7152	0	1592	0	290	0	0	0	576	0	210	0	150	0	0	0	0	0	0	0	0	0	0	0	0	0	0	0	0	0	0	0	0	0	0	0	0	0	0	0	0	0	2438	0	4694	0	0	0	0	0	0	0	166	0	198	0	132	0	0	0	0	0	0	0	0	0	0	0	0	0	0	0	0	0	0	0	0	0	0	0	0	0	0	0	0	0	0	
259832	Rolandic_Oper_L	18406	0	11882	0	192	0	7944	0	0	0	22014	0	3304	0	110	0	0	0	4106	0	0	0	180	0	0	0	0	0	23530	0	204	0	0	0	0	0	374	0	0	0	0	0	0	0	0	0	0	0	0	0	98	0	130	0	450	0	13570	0	0	0	236	0	3106	0	838	0	0	0	0	0	0	0	424	0	0	0	0	0	4642	0	11030	0	2446	0	126	0	0	0	574	0	0	0	0	0	0	0	0	0	0	0	0	0	0	0	0	0	0	0	0	0	0	0	0	0	0	0	
82604	Rolandic_Oper_R	0	1382	0	2174	0	0	0	152	0	0	0	5264	0	222	0	0	0	0	0	1954	0	0	0	0	0	0	0	0	0	10476	0	0	0	0	0	0	0	932	0	156	0	0	0	0	0	0	0	0	0	0	0	0	0	0	0	124	0	3038	0	202	0	272	0	1852	0	0	0	0	0	0	0	4174	0	3834	0	202	0	2244	0	406	0	2242	0	0	0	0	0	0	0	0	0	0	0	0	0	0	0	0	0	0	0	0	0	0	0	0	0	0	0	0	0	0	0	0	0	0	
781840	Supp_Motor_Area_L	9546	1572	89546	23818	2862	0	9246	3392	0	0	4478	268	2564	1020	454	104	4106	0	0	55212	186	0	9952	4100	368	204	0	202	20688	672	10482	14480	11078	27544	0	0	5332	898	0	180	0	0	0	0	0	0	0	0	0	0	0	0	0	0	4008	0	1578	0	0	0	676	0	1602	0	584	0	0	0	6154	810	13788	7614	19812	2020	3152	136	896	902	526	0	5136	0	1404	0	528	0	0	0	5040	0	0	0	0	0	0	0	0	0	0	0	0	0	0	0	0	0	0	0	0	0	0	0	0	0	0	0	
1.01348e+06	Supp_Motor_Area_R	10656	21636	28062	55468	196	0	1410	6392	0	250	558	2328	334	3788	134	948	0	1954	55212	0	0	0	2790	9978	0	498	0	452	856	9560	3112	27628	10442	59646	4254	9160	0	2488	0	568	0	102	0	110	0	96	0	1642	0	208	0	0	0	350	92	678	138	982	0	736	0	870	0	1446	0	0	178	5012	16970	49196	8066	46444	1284	16102	0	396	406	22260	0	0	0	300	0	0	0	0	0	0	0	1200	0	0	0	0	0	0	0	0	0	0	0	0	0	0	0	0	0	0	0	0	716	0	0	0	0	0	
51904	Olfactory_L	0	0	270	0	850	0	0	0	0	0	0	0	0	0	1234	0	0	0	186	0	0	5106	124	0	326	218	2508	1190	1344	0	1406	1352	0	0	0	0	868	0	538	0	1044	0	0	0	0	0	0	0	0	0	0	0	0	0	0	0	0	0	0	0	0	0	0	0	0	0	0	0	0	0	5186	988	1066	0	0	0	0	0	0	0	0	0	148	0	0	0	0	0	0	0	0	0	0	0	0	0	0	0	0	0	0	0	0	0	0	0	0	0	0	0	0	0	0	0	0	0	
52264	Olfactory_R	0	0	0	0	582	248	0	0	0	0	0	0	0	0	0	240	0	0	0	0	5106	0	134	194	258	686	2356	1894	0	668	1628	2118	0	0	0	0	0	0	0	0	0	0	0	0	0	0	0	0	0	0	0	0	0	0	0	0	0	0	0	0	0	0	0	0	0	0	0	0	0	0	6302	2256	1214	248	0	0	0	0	0	0	0	0	0	0	0	0	0	0	0	0	0	0	0	0	0	0	0	0	0	0	0	0	0	0	0	0	0	0	0	0	0	0	0	0	0	0	
535472	Frontal_Sup_Medial_L	920	124	63644	11270	11460	110	23580	1386	0	0	2052	120	3026	448	638	0	180	0	9952	2790	124	134	0	37222	2500	768	496	164	7330	242	39470	19048	5814	12116	0	0	248	0	0	0	0	0	0	0	0	0	0	0	0	0	0	0	0	0	0	0	258	0	0	0	0	0	0	0	0	0	0	0	0	0	1450	1162	6836	352	0	0	0	0	102	0	0	0	200	0	0	0	0	0	0	0	0	0	0	0	0	0	0	0	0	0	0	0	0	0	0	0	0	0	0	0	0	0	0	0	0	0	
490368	Frontal_Sup_Medial_R	0	276	14542	41712	1102	1834	3344	4172	0	130	186	1226	176	4694	0	1436	0	0	4100	9978	0	194	37222	0	652	8000	0	3708	154	4006	17332	45204	1390	20898	0	0	0	496	0	0	0	0	0	0	0	0	0	0	0	0	0	0	0	0	0	0	0	0	0	0	0	0	0	0	0	0	0	0	0	0	0	11634	464	4622	0	0	0	300	0	0	0	0	0	0	0	0	0	0	0	0	0	0	0	0	0	0	0	0	0	0	0	0	0	0	0	0	0	0	0	0	0	0	0	0	0	0	
46428	Frontal_Med_Orb_L	198	0	4074	0	5932	0	1034	0	882	0	200	0	682	0	424	0	0	0	368	0	326	258	2500	652	0	248	1070	126	1152	0	1958	312	0	0	0	0	0	0	0	0	0	0	0	0	0	0	0	0	0	0	0	0	0	0	0	0	0	0	0	0	0	0	0	0	0	0	0	0	0	0	448	0	370	0	0	0	0	0	0	0	0	0	0	0	0	0	0	0	0	0	0	0	0	0	0	0	0	0	0	0	0	0	0	0	0	0	0	0	0	0	0	0	0	0	0	0	
88120	Frontal_Med_Orb_R	0	0	0	3248	0	5038	0	96	0	0	0	0	0	282	0	194	0	0	204	498	218	686	768	8000	248	0	124	8362	0	310	1514	7002	114	540	0	0	0	0	0	0	0	0	0	0	0	0	0	0	0	0	0	0	0	0	0	0	0	0	0	0	0	0	0	0	0	0	0	0	0	0	210	4416	0	1988	0	0	0	0	0	0	0	0	0	0	0	0	0	0	0	0	0	0	0	0	0	0	0	0	0	0	0	0	0	0	0	0	0	0	0	0	0	0	0	0	0	0	
46576	Rectus_L	0	0	396	0	5390	0	0	0	2236	0	0	0	0	0	562	0	0	0	0	0	2508	2356	496	0	1070	124	0	700	178	0	1722	682	0	0	0	0	0	0	0	0	0	0	0	0	0	0	0	0	0	0	0	0	0	0	0	0	0	0	0	0	0	0	0	0	0	0	0	0	0	0	3202	292	1374	0	0	0	0	0	0	0	0	0	0	0	0	0	0	0	0	0	0	0	0	0	0	0	0	0	0	0	0	0	0	0	0	0	0	0	0	0	0	0	0	0	0	0	
77152	Rectus_R	0	0	0	1736	134	6358	0	0	0	212	0	0	0	92	0	692	0	0	202	452	1190	1894	164	3708	126	8362	700	0	0	476	324	4962	114	530	0	0	0	0	0	0	0	0	0	0	0	0	0	0	0	0	0	0	0	0	0	0	0	0	0	0	0	0	0	0	0	0	0	0	0	0	1150	3896	202	900	0	0	0	0	0	0	0	0	0	0	0	0	0	0	0	0	0	0	0	0	0	0	0	0	0	0	0	0	0	0	0	0	0	0	0	0	0	0	0	0	0	0	
666172	Insula_L	18950	138	53496	624	12956	0	21830	124	208	0	25460	0	27086	0	11574	0	23530	0	20688	856	1344	0	7330	154	1152	0	178	0	0	0	6996	398	1012	564	140	140	14996	116	866	0	868	0	130	0	138	0	126	0	0	0	1806	0	1168	0	9270	0	7220	0	0	0	294	0	0	0	396	0	110	0	330	0	1450	584	18688	0	0	0	238	102	7714	0	11078	0	6502	0	2558	0	212	0	9198	0	0	0	0	0	0	0	0	0	0	0	0	0	0	0	0	0	0	0	0	0	0	0	0	0	0	0	
278900	Insula_R	0	1666	92	13914	0	336	0	5716	0	1252	0	11132	0	15390	0	7152	0	10476	672	9560	0	668	242	4006	0	310	0	476	0	0	238	4396	0	1426	0	0	0	4848	0	1098	0	514	0	0	0	0	0	0	0	0	0	0	0	0	0	650	0	760	0	152	0	154	0	148	0	0	0	0	0	0	0	19748	0	16132	0	0	0	4356	0	300	0	726	0	218	0	0	0	0	0	526	0	0	0	0	0	0	0	0	0	0	0	0	0	0	0	0	0	0	0	0	0	0	0	0	0	0	
464992	Cingulum_Ant_L	992	380	35080	7290	4358	100	13972	710	0	0	3344	470	5818	662	1152	0	204	0	10482	3112	1406	1628	39470	17332	1958	1514	1722	324	6996	238	0	28124	12724	8554	372	0	142	358	0	0	0	0	0	0	0	0	0	0	0	0	0	0	0	0	0	0	940	0	0	0	0	0	0	0	0	0	0	0	0	0	6404	5274	6504	1738	0	106	0	130	0	0	0	0	412	0	0	0	0	0	0	0	0	0	0	0	0	0	0	0	0	0	0	0	0	0	0	0	0	0	0	0	0	0	0	0	0	0	
673404	Cingulum_Ant_R	0	694	9486	49636	1126	1270	1844	6250	0	266	340	6700	330	8168	0	1592	0	0	14480	27628	1352	2118	19048	45204	312	7002	682	4962	398	4396	28124	0	5844	38668	0	0	0	1332	0	168	0	0	0	0	0	0	0	0	0	0	0	0	0	0	0	0	0	0	0	0	0	0	0	0	0	0	0	0	264	308	3358	28976	1350	12088	0	158	0	780	0	0	0	0	0	0	0	0	0	0	0	0	0	0	0	0	0	0	0	0	0	0	0	0	0	0	0	0	0	0	0	0	0	0	0	0	0	0	
223224	Cingulum_Mid_L	1594	772	10730	2768	230	0	10088	0	0	0	412	0	2898	98	1054	0	0	0	11078	10442	0	0	5814	1390	0	114	0	114	1012	0	12724	5844	0	17004	1852	706	0	0	0	0	0	0	612	0	336	0	0	0	154	0	112	0	0	0	0	0	0	0	0	0	0	0	0	0	0	0	2378	618	6568	1494	0	320	154	128	0	0	0	0	0	0	0	0	0	0	0	0	0	0	0	0	0	0	0	0	0	0	0	0	0	0	0	0	0	0	0	0	0	0	0	0	0	0	0	0	0	0	
594464	Cingulum_Mid_R	3360	6932	10218	26804	166	0	3064	3656	0	134	450	670	384	2184	0	290	0	0	27544	59646	0	0	12116	20898	0	540	0	530	564	1426	8554	38668	17004	0	3086	9058	0	118	0	0	0	0	0	194	0	192	0	1590	0	132	0	0	0	0	92	0	0	354	0	114	0	114	0	0	0	0	176	7716	8154	15700	212	2542	118	870	0	0	0	124	0	0	0	0	0	0	0	0	0	0	0	0	0	0	0	0	0	0	0	0	0	0	0	0	0	0	0	0	0	0	0	0	774	0	0	0	0	0	
147736	Cingulum_Post_L	388	1904	304	0	0	0	244	0	0	0	122	0	0	0	0	0	0	0	0	4254	0	0	0	0	0	0	0	0	140	0	372	0	1852	3086	0	16252	9050	4128	3690	1168	0	0	3870	0	672	0	1784	480	430	0	0	0	0	0	970	0	102	0	0	0	0	0	0	0	0	0	4962	1164	4758	3240	0	0	0	0	0	0	1176	2144	394	0	0	0	0	0	0	0	0	0	0	0	0	0	0	0	0	0	168	0	0	0	0	0	0	0	0	0	0	0	0	0	600	0	0	0	0	0	
224340	Cingulum_Post_R	360	2996	286	0	0	0	244	0	0	0	122	0	0	0	0	0	0	0	0	9160	0	0	0	0	0	0	0	0	140	0	0	0	706	9058	16252	0	7650	7974	3502	2710	0	0	114	560	0	106	0	10190	0	0	0	0	0	686	230	1326	0	180	0	0	0	0	0	0	0	0	1002	14062	2682	6508	0	0	0	0	0	0	1988	3346	394	0	0	0	0	0	0	0	0	0	0	2288	0	0	0	0	0	0	0	610	0	0	0	0	0	0	0	0	0	0	0	0	4738	0	0	0	0	0	
322044	Hippocampus_L	11110	268	7040	0	270	0	3056	0	0	0	1708	0	0	0	876	0	374	0	5332	0	868	0	248	0	0	0	0	0	14996	0	142	0	0	0	9050	7650	0	5716	13456	1836	6476	0	3106	0	0	0	3240	748	0	0	586	0	404	0	12956	0	4244	0	0	0	188	0	0	0	0	0	4140	1008	1106	0	94	0	10138	0	1050	0	4882	3926	2570	0	1952	0	1422	0	1368	0	326	0	10220	0	0	0	0	0	0	0	214	0	0	0	0	0	0	0	0	0	0	0	0	114	548	0	0	0	0	0	
309236	Hippocampus_R	150	6594	840	2848	0	0	0	258	0	0	120	1080	0	406	0	576	0	932	898	2488	0	0	0	496	0	0	0	0	116	4848	358	1332	0	118	4128	7974	5716	0	3254	19364	0	10002	0	108	0	0	0	3816	0	0	0	0	0	0	0	19252	0	1668	0	0	0	90	0	0	0	0	680	4078	0	756	508	6048	0	10056	0	178	2656	8464	0	0	0	820	0	2480	0	1570	0	3354	0	11140	0	0	0	0	0	0	0	642	0	0	0	0	0	0	0	0	0	0	0	0	1358	0	0	0	0	0	
89592	ParaHippocampal_L	1678	200	242	0	0	0	216	0	0	0	0	0	0	0	134	0	0	0	0	0	538	0	0	0	0	0	0	0	866	0	0	0	0	0	3690	3502	13456	3254	0	480	1446	0	482	0	0	0	1438	170	0	0	0	0	0	0	3112	0	464	0	0	0	0	0	0	0	0	0	660	140	0	0	0	0	708	0	0	0	2416	2390	0	0	0	0	586	0	0	0	420	0	710	0	0	0	0	0	424	138	532	0	0	0	0	0	0	0	0	0	0	0	0	198	106	0	0	0	0	0	
134436	ParaHippocampal_R	0	672	180	418	0	0	0	0	0	0	0	110	0	0	0	210	0	156	180	568	0	0	0	0	0	0	0	0	0	1098	0	168	0	0	1168	2710	1836	19364	480	0	0	4508	0	302	0	0	0	3476	0	0	0	0	0	808	0	11978	0	476	0	0	0	0	0	0	0	0	566	2016	0	218	174	1114	0	2148	0	0	430	2752	0	0	0	104	0	2284	0	0	0	1852	0	1774	0	0	0	0	0	0	0	436	0	0	0	0	0	0	0	0	0	0	0	0	484	0	0	0	0	0	
34356	Amygdala_L	0	0	0	0	0	0	0	0	0	0	0	0	0	0	780	0	0	0	0	0	1044	0	0	0	0	0	0	0	868	0	0	0	0	0	0	0	6476	0	1446	0	0	0	0	0	0	0	0	0	0	0	0	0	0	0	2806	0	0	0	0	0	0	0	0	0	0	0	0	0	0	0	0	0	300	0	0	0	0	0	0	0	0	0	874	0	422	0	412	0	1750	0	0	0	0	0	0	0	0	0	0	0	0	0	0	0	0	0	0	0	0	0	0	0	0	0	0	0	
64920	Amygdala_R	0	0	0	94	0	0	0	0	0	0	0	0	0	0	0	150	0	0	0	102	0	0	0	0	0	0	0	0	0	514	0	0	0	0	0	0	0	10002	0	4508	0	0	0	0	0	0	0	0	0	0	0	0	0	0	0	5888	0	0	0	0	0	0	0	0	0	0	0	0	0	0	0	120	0	790	0	0	0	0	0	0	0	0	0	3746	0	0	0	4016	0	2530	0	0	0	0	0	0	0	0	0	0	0	0	0	0	0	0	0	0	0	0	0	0	0	0	0	0	
125044	Calcarine_L	0	0	0	0	0	0	0	0	0	0	0	0	0	0	0	0	0	0	0	0	0	0	0	0	0	0	0	0	130	0	0	0	612	0	3870	114	3106	0	482	0	0	0	0	2482	7350	1052	5454	960	5956	380	6618	0	3324	0	3044	142	212	0	0	0	102	0	0	0	0	0	15404	0	806	0	0	0	0	0	0	0	0	0	126	0	0	0	0	0	588	0	0	0	0	0	0	0	0	0	0	0	208	0	0	0	0	0	0	0	0	0	0	0	0	0	0	0	0	0	0	0	
235944	Calcarine_R	0	0	0	0	0	0	0	0	0	0	0	0	0	0	0	0	0	0	0	110	0	0	0	0	0	0	0	0	0	0	0	0	0	194	0	560	0	108	0	302	0	0	2482	0	962	21094	0	19972	0	23258	0	11428	0	11414	0	10596	0	566	0	298	0	230	0	0	0	0	586	9570	0	150	0	0	0	0	0	0	0	0	0	0	0	0	0	0	0	1788	0	0	0	2304	0	0	0	0	0	0	0	0	0	0	0	0	0	0	0	0	0	0	0	0	0	0	0	0	0	0	
103796	Cuneus_L	0	0	0	0	0	0	0	0	0	0	0	0	0	0	0	0	0	0	0	0	0	0	0	0	0	0	0	0	138	0	0	0	336	0	672	0	0	0	0	0	0	0	7350	962	0	1440	1374	438	16046	416	10580	158	2732	0	502	0	282	0	320	0	0	0	0	0	90	0	6670	324	338	0	0	0	0	0	0	0	0	0	138	0	0	0	0	0	592	0	0	0	0	0	0	0	0	0	0	0	0	0	0	0	0	0	0	0	0	0	0	0	0	0	0	0	0	0	0	0	
184948	Cuneus_R	0	142	0	0	0	0	0	0	0	0	0	0	0	0	0	0	0	0	0	96	0	0	0	0	0	0	0	0	0	0	0	0	0	192	0	106	0	0	0	0	0	0	1052	21094	1440	0	0	6492	0	25480	0	8336	0	2796	0	3298	0	1754	0	1222	0	540	0	0	0	0	1974	15604	0	200	0	0	0	0	0	0	0	0	0	0	0	0	0	0	0	486	0	0	0	170	0	0	0	0	0	0	0	0	0	0	0	0	0	0	0	0	0	0	0	0	0	0	0	0	0	0	
160468	Lingual_L	0	0	0	0	0	0	0	0	0	0	0	0	0	0	0	0	0	0	0	0	0	0	0	0	0	0	0	0	126	0	0	0	0	0	1784	0	3240	0	1438	0	0	0	5454	0	1374	0	0	238	3166	0	16470	0	11496	0	7206	90	100	0	0	0	0	0	0	0	330	0	3194	0	0	0	0	0	0	0	0	0	0	0	0	0	0	0	0	0	872	0	0	0	0	0	5594	0	0	0	252	0	6292	0	9344	92	232	0	342	0	0	0	0	0	0	114	930	314	150	0	0	0	
262968	Lingual_R	0	416	0	0	0	0	0	0	0	0	0	0	0	0	0	0	0	0	0	1642	0	0	0	0	0	0	0	0	0	0	0	0	0	1590	480	10190	748	3816	170	3476	0	0	960	19972	438	6492	238	0	0	8296	0	3762	0	8528	0	19180	0	190	0	92	0	92	0	0	0	0	524	15088	128	1536	0	0	0	0	0	0	0	430	0	0	0	0	0	0	0	514	0	0	0	3398	204	1916	0	184	0	126	228	2290	382	4800	0	0	0	0	0	404	0	0	0	122	5056	1812	592	410	424	148	
125252	Occipital_Sup_L	0	0	0	0	0	0	0	0	0	0	0	0	0	0	0	0	0	0	0	0	0	0	0	0	0	0	0	0	0	0	0	0	154	0	430	0	0	0	0	0	0	0	5956	0	16046	0	3166	0	0	0	20456	0	3934	0	118	0	102	0	3902	0	342	0	0	0	114	0	7404	0	320	0	0	0	0	0	0	0	0	0	0	0	0	0	0	0	182	0	0	0	0	0	0	0	0	0	0	0	0	0	0	0	0	0	0	0	0	0	0	0	0	0	0	0	0	0	0	0	
236816	Occipital_Sup_R	0	910	0	0	0	0	0	0	0	0	0	0	0	0	0	0	0	0	0	208	0	0	0	0	0	0	0	0	0	0	0	0	0	132	0	0	0	0	0	0	0	0	380	23258	416	25480	0	8296	0	0	0	14974	0	4286	0	5456	0	4144	0	3964	0	3754	0	198	0	3076	1166	16490	0	752	0	0	0	0	0	0	0	0	0	0	0	0	0	0	0	856	0	0	0	212	0	0	0	0	0	0	0	0	0	0	0	0	0	0	0	0	0	0	0	0	0	0	0	0	0	0	
388364	Occipital_Mid_L	1562	0	100	0	0	0	0	0	0	0	330	0	0	0	0	0	98	0	0	0	0	0	0	0	0	0	0	0	1806	0	0	0	112	0	0	0	586	0	0	0	0	0	6618	0	10580	0	16470	0	20456	0	0	0	29988	0	3092	0	10870	0	21606	0	14808	0	408	0	13236	0	7974	0	6346	0	0	0	0	0	0	0	0	0	1506	0	1494	0	0	0	18920	0	0	0	5216	0	0	0	0	0	0	0	0	0	0	0	0	0	0	0	0	0	0	0	0	0	0	0	0	0	0	0	
142064	Occipital_Mid_R	0	556	0	0	0	0	0	0	0	0	0	0	0	0	0	0	0	0	0	0	0	0	0	0	0	0	0	0	0	0	0	0	0	0	0	0	0	0	0	0	0	0	0	11428	158	8336	0	3762	0	14974	0	0	0	3488	0	2030	0	2632	0	862	0	1610	0	422	0	5148	276	8156	0	388	0	0	0	0	0	0	0	0	0	0	0	684	0	0	0	5874	0	0	0	248	0	0	0	0	0	0	0	0	0	0	0	0	0	0	0	0	0	0	0	0	0	0	0	0	0	0	
156620	Occipital_Inf_L	818	0	106	0	0	0	0	0	0	0	260	0	0	0	0	0	130	0	0	0	0	0	0	0	0	0	0	0	1168	0	0	0	0	0	0	0	404	0	0	0	0	0	3324	0	2732	0	11496	0	3934	0	29988	0	0	0	5122	0	1014	0	0	0	0	0	0	0	2364	0	2446	0	1712	0	112	0	0	0	0	0	92	0	856	0	286	0	0	0	8664	0	0	0	1282	0	0	0	0	0	0	0	0	0	0	0	0	0	0	0	0	0	0	0	0	0	0	0	0	0	0	0	
104940	Occipital_Inf_R	0	468	0	0	0	0	0	0	0	0	0	0	0	0	0	0	0	0	0	350	0	0	0	0	0	0	0	0	0	0	0	0	0	0	0	686	0	0	0	808	0	0	0	11414	0	2796	0	8528	0	4286	0	3488	0	0	0	7662	0	614	0	328	0	332	0	0	0	0	0	3346	0	298	0	0	0	0	0	0	0	0	0	0	0	0	0	0	0	670	0	0	0	6396	0	0	0	0	0	0	0	0	0	0	0	0	0	0	0	0	0	0	0	0	0	0	0	0	0	0	
290596	Fusiform_L	2612	0	3796	0	0	0	242	0	0	0	460	0	0	0	0	0	450	0	4008	92	0	0	0	0	0	0	0	0	9270	0	0	0	0	92	970	230	12956	0	3112	0	2806	0	3044	0	502	0	7206	0	118	0	3092	0	5122	0	0	0	1184	0	0	0	196	0	0	0	0	0	3792	0	1952	0	0	0	3160	0	0	0	222	0	1240	0	3618	0	3194	0	3030	0	1742	0	16486	0	15314	0	0	0	100	0	8212	0	20118	0	276	0	286	0	0	0	0	0	0	0	996	0	0	0	0	0	
288660	Fusiform_R	0	960	0	110	0	0	0	0	0	0	0	0	0	0	0	0	0	124	0	678	0	0	0	0	0	0	0	0	0	650	0	0	0	0	0	1326	0	19252	0	11978	0	5888	142	10596	0	3298	90	19180	0	5456	0	2030	0	7662	0	0	0	134	0	102	0	120	0	0	0	0	0	1772	0	448	0	0	0	380	0	0	0	320	0	0	0	592	0	2092	0	1166	0	3796	0	13634	256	6614	0	234	0	192	0	4290	400	11476	0	0	0	228	0	680	0	0	0	0	1332	2220	1084	666	682	0	
325104	Postcentral_L	35770	0	2564	138	0	0	886	0	0	0	3496	0	266	0	0	0	13570	0	1578	138	0	0	258	0	0	0	0	0	7220	0	940	0	0	0	102	0	4244	0	464	0	0	0	212	0	282	0	100	0	102	0	10870	0	1014	0	1184	0	0	0	8484	0	20594	0	8564	0	2326	0	3316	0	7818	0	3396	234	5020	0	422	0	876	0	5356	0	7058	0	0	0	1712	0	0	0	1978	0	0	0	0	0	0	0	0	0	0	0	0	0	0	0	0	0	0	0	0	0	0	0	0	0	0	0	
220348	Postcentral_R	0	13628	0	0	0	0	0	0	0	0	0	842	0	0	0	0	0	3038	0	982	0	0	0	0	0	0	0	0	0	760	0	0	0	354	0	180	0	1668	0	476	0	0	0	566	0	1754	0	190	0	4144	0	2632	0	614	0	134	0	0	0	16576	0	18824	0	10928	0	1482	0	16990	0	5116	0	0	0	856	0	0	0	1242	0	0	0	1786	0	0	0	2818	0	0	0	1594	0	0	0	0	0	0	0	0	0	0	0	0	0	0	0	0	0	0	0	0	0	0	0	0	0	0	
143296	Parietal_Sup_L	100	0	0	0	0	0	0	0	0	0	0	0	0	0	0	0	0	0	0	0	0	0	0	0	0	0	0	0	0	0	0	0	0	0	0	0	0	0	0	0	0	0	0	0	320	0	0	0	3902	0	21606	0	0	0	0	0	8484	0	0	0	16468	0	268	0	4472	0	9516	0	2382	0	0	0	0	0	0	0	0	0	0	0	112	0	0	0	832	0	0	0	3186	0	0	0	0	0	0	0	0	0	0	0	0	0	0	0	0	0	0	0	0	0	0	0	0	0	0	0	
168012	Parietal_Sup_R	0	1540	0	0	0	0	0	0	0	0	0	0	0	0	0	0	0	202	0	736	0	0	0	0	0	0	0	0	0	152	0	0	0	114	0	0	0	0	0	0	0	0	0	298	0	1222	0	92	0	3964	0	862	0	328	0	102	0	16576	0	0	0	27308	0	8212	0	5180	1264	11382	0	1472	0	0	0	0	0	0	0	0	0	0	0	1174	0	0	0	972	0	0	0	854	0	0	0	0	0	0	0	0	0	0	0	0	0	0	0	0	0	0	0	0	0	0	0	0	0	0	
191908	Parietal_Inf_L	1600	0	740	0	0	0	0	0	0	0	90	0	0	0	0	0	236	0	676	0	0	0	0	0	0	0	0	0	294	0	0	0	0	0	0	0	188	0	0	0	0	0	102	0	0	0	0	0	342	0	14808	0	0	0	196	0	20594	0	16468	0	0	0	11344	0	17128	0	2072	0	1800	0	0	0	0	0	0	0	0	0	108	0	526	0	0	0	936	0	0	0	5706	0	0	0	0	0	0	0	0	0	0	0	0	0	0	0	0	0	0	0	0	0	0	0	0	0	0	0	
178564	Parietal_Inf_R	0	1948	0	0	0	0	0	0	0	0	0	0	0	0	0	0	0	272	0	870	0	0	0	0	0	0	0	0	0	154	0	0	0	114	0	0	0	90	0	0	0	0	0	230	0	540	0	92	0	3754	0	1610	0	332	0	120	0	18824	0	27308	0	0	0	13840	0	7742	0	6514	0	1354	0	0	0	0	0	0	0	0	0	0	0	1374	0	0	0	1128	0	0	0	1072	0	0	0	0	0	0	0	0	0	0	0	0	0	0	0	0	0	0	0	0	0	0	0	0	0	0	
104572	SupraMarginal_L	416	0	1626	0	0	0	0	0	0	0	0	0	0	0	0	0	3106	0	1602	0	0	0	0	0	0	0	0	0	0	0	0	0	0	0	0	0	0	0	0	0	0	0	0	0	0	0	0	0	0	0	408	0	0	0	0	0	8564	0	268	0	11344	0	0	0	9296	0	0	0	0	0	0	0	0	0	0	0	0	0	0	0	8392	0	0	0	3160	0	0	0	4104	0	0	0	0	0	0	0	0	0	0	0	0	0	0	0	0	0	0	0	0	0	0	0	0	0	0	0	
106916	SupraMarginal_R	0	4126	0	0	0	0	0	0	0	0	0	0	0	0	0	0	0	1852	0	1446	0	0	0	0	0	0	0	0	0	148	0	0	0	0	0	0	0	0	0	0	0	0	0	0	0	0	0	0	0	198	0	422	0	0	0	0	0	10928	0	8212	0	13840	0	0	0	6870	0	2126	0	0	0	0	0	0	0	0	0	0	0	0	0	1978	0	0	0	1170	0	0	0	142	0	0	0	0	0	0	0	0	0	0	0	0	0	0	0	0	0	0	0	0	0	0	0	0	0	0	
132988	Angular_L	896	0	636	0	0	0	0	0	0	0	0	0	0	0	0	0	838	0	584	0	0	0	0	0	0	0	0	0	396	0	0	0	0	0	0	0	0	0	0	0	0	0	0	0	90	0	330	0	114	0	13236	0	2364	0	0	0	2326	0	4472	0	17128	0	9296	0	0	0	166	0	176	0	0	0	0	0	0	0	0	0	618	0	3118	0	0	0	5012	0	0	0	4698	0	0	0	0	0	0	0	0	0	0	0	0	0	0	0	0	0	0	0	0	0	0	0	0	0	0	0	
81932	Angular_R	0	186	0	0	0	0	0	0	0	0	0	0	0	0	0	0	0	0	0	0	0	0	0	0	0	0	0	0	0	0	0	0	0	0	0	0	0	0	0	0	0	0	0	0	0	0	0	0	0	3076	0	5148	0	0	0	0	0	1482	0	5180	0	7742	0	6870	0	0	0	4080	0	108	0	0	0	0	0	0	0	0	0	0	0	2232	0	0	0	4862	0	0	0	0	0	0	0	0	0	0	0	0	0	0	0	0	0	0	0	0	0	0	0	0	0	0	0	0	0	0	
192220	Precuneus_L	0	164	0	0	0	0	0	0	0	0	0	0	0	0	0	0	0	0	0	178	0	0	0	0	0	0	0	0	110	0	0	0	2378	176	4962	1002	4140	680	660	566	0	0	15404	586	6670	1974	3194	524	7404	1166	7974	276	2446	0	3792	0	3316	0	9516	1264	2072	0	0	0	166	0	0	4746	6044	262	0	0	0	0	0	0	0	486	116	0	0	0	0	0	1022	0	0	0	266	0	0	0	0	0	0	0	166	0	0	0	0	0	0	0	0	0	0	0	0	0	242	0	0	0	0	0	
376744	Precuneus_R	0	4008	0	0	0	0	0	0	0	0	0	0	0	0	0	0	0	0	0	5012	0	0	0	0	0	0	0	0	0	0	0	0	618	7716	1164	14062	1008	4078	140	2016	0	0	0	9570	324	15604	0	15088	0	16490	0	8156	0	3346	0	1772	0	16990	0	11382	0	6514	0	2126	0	4080	4746	0	378	8792	0	0	0	0	0	0	0	844	0	0	0	2124	0	0	0	9110	0	0	0	6064	0	0	0	0	0	0	0	580	0	0	0	0	0	0	0	0	0	0	0	0	4470	0	0	0	0	0	
316904	Paracentral_Lobule_L	31008	7156	4774	1086	0	0	0	0	0	0	0	0	0	0	0	0	0	0	6154	16970	0	0	0	0	0	0	0	0	330	0	0	264	6568	8154	4758	2682	1106	0	0	0	0	0	806	0	338	0	0	128	320	0	6346	0	1712	0	1952	0	7818	0	2382	0	1800	0	0	0	176	0	6044	378	0	9380	3714	448	3856	382	2862	0	14080	0	242	0	226	0	0	0	1384	0	0	0	570	0	0	0	0	0	0	0	0	0	0	0	0	0	0	0	0	0	0	0	0	0	98	0	0	0	0	0	
346888	Paracentral_Lobule_R	4572	21144	416	892	0	0	0	104	0	0	0	0	0	96	0	0	0	0	810	49196	0	0	0	0	0	0	0	0	0	0	0	308	1494	15700	3240	6508	0	756	0	218	0	0	0	150	0	200	0	1536	0	752	0	388	0	298	0	448	0	5116	0	1472	0	1354	0	0	0	108	262	8792	9380	0	110	16016	0	484	0	0	292	18674	0	0	0	106	0	0	0	336	0	0	0	1080	0	0	0	0	0	0	0	0	0	0	0	0	0	0	0	0	0	0	0	0	636	0	0	0	0	0	
266568	Caudate_L	6174	112	16562	7722	1632	0	0	412	0	0	256	0	126	0	516	0	0	0	13788	8066	5186	6302	1450	0	448	210	3202	1150	1450	0	6404	3358	0	212	0	0	94	508	0	174	0	0	0	0	0	0	0	0	0	0	0	0	112	0	0	0	3396	0	0	0	0	0	0	0	0	0	0	0	3714	110	0	14986	13734	2512	1230	524	5536	1430	316	0	0	0	0	0	0	0	0	0	170	0	0	0	0	0	0	0	0	0	0	0	0	0	0	0	0	0	0	0	0	0	0	0	0	0	0	0	
662268	Caudate_R	298	3302	6960	44198	208	3730	218	3978	0	318	288	8420	174	5624	274	2438	0	4174	7614	46444	988	2256	1162	11634	0	4416	292	3896	584	19748	5274	28976	320	2542	0	0	0	6048	0	1114	0	120	0	0	0	0	0	0	0	0	0	0	0	0	0	0	234	0	0	0	0	0	0	0	0	0	0	0	448	16016	14986	0	2908	33962	0	2820	400	31330	0	0	0	0	0	0	0	0	0	0	0	0	0	0	0	0	0	0	0	0	0	0	0	0	0	0	0	0	0	0	0	0	0	0	0	0	0	0	
355720	Putamen_L	9512	0	27926	1946	10356	0	2176	0	476	0	2416	0	792	0	4360	0	424	0	19812	1284	1066	1214	6836	464	370	0	1374	202	18688	0	6504	1350	154	118	0	0	10138	0	708	0	300	0	0	0	0	0	0	0	0	0	0	0	0	0	3160	0	5020	0	0	0	0	0	0	0	0	0	0	0	3856	0	13734	2908	0	1206	8892	0	1106	0	348	0	1808	0	1586	0	326	0	0	0	2944	0	0	0	0	0	0	0	0	0	0	0	0	0	0	0	0	0	0	0	0	0	0	0	0	0	0	0	
320960	Putamen_R	116	1420	1100	22114	0	3076	98	1566	0	922	0	2680	0	1476	0	4694	0	3834	2020	16102	0	248	352	4622	0	1988	0	900	0	16132	1738	12088	128	870	0	0	0	10056	0	2148	0	790	0	0	0	0	0	0	0	0	0	0	0	0	0	380	0	856	0	0	0	0	0	0	0	0	0	0	382	484	2512	33962	1206	0	0	3784	0	3636	0	0	0	0	0	0	0	0	0	0	0	0	0	0	0	0	0	0	0	0	0	0	0	0	0	0	0	0	0	0	0	0	0	0	0	0	0	0	
50904	Pallidum_L	3628	0	2098	0	0	0	0	0	0	0	0	0	0	0	0	0	0	0	3152	0	0	0	0	0	0	0	0	0	0	0	0	0	0	0	0	0	1050	0	0	0	0	0	0	0	0	0	0	0	0	0	0	0	0	0	0	0	422	0	0	0	0	0	0	0	0	0	0	0	2862	0	1230	0	8892	0	0	0	2118	0	0	0	0	0	0	0	0	0	0	0	0	0	0	0	0	0	0	0	0	0	0	0	0	0	0	0	0	0	0	0	0	0	0	0	0	0	0	0	
23612	Pallidum_R	0	0	0	2758	0	0	0	0	0	0	0	0	0	0	0	0	0	202	136	396	0	0	0	0	0	0	0	0	0	0	106	158	0	0	0	0	0	178	0	0	0	0	0	0	0	0	0	0	0	0	0	0	0	0	0	0	0	0	0	0	0	0	0	0	0	0	0	0	0	0	524	2820	0	3784	0	0	0	744	0	0	0	0	0	0	0	0	0	0	0	0	0	0	0	0	0	0	0	0	0	0	0	0	0	0	0	0	0	0	0	0	0	0	0	0	0	0	
148740	Thalamus_L	19586	374	5994	102	0	0	3392	0	0	0	250	0	0	0	0	0	0	0	896	406	0	0	0	0	0	0	0	0	238	0	0	0	0	0	1176	1988	4882	2656	2416	430	0	0	0	0	0	0	0	0	0	0	0	0	92	0	222	0	876	0	0	0	0	0	0	0	0	0	0	0	14080	292	5536	400	1106	0	2118	0	0	4862	0	0	0	0	0	0	0	0	0	0	0	0	0	0	0	0	0	0	0	0	0	0	0	0	0	0	0	0	0	0	0	0	0	0	0	0	0	0	
261460	Thalamus_R	144	2942	716	5752	0	0	0	228	0	0	0	2594	0	136	0	0	0	2244	902	22260	0	0	0	300	0	0	0	0	102	4356	130	780	0	124	2144	3346	3926	8464	2390	2752	0	0	0	0	0	0	0	430	0	0	0	0	0	0	0	320	0	1242	0	0	0	0	0	0	0	0	486	844	0	18674	1430	31330	0	3636	0	744	4862	0	0	0	0	0	0	0	0	0	0	0	0	0	0	0	0	0	0	0	0	0	0	0	0	0	0	0	0	0	0	0	0	0	0	0	0	0	0	0	
82896	Heschl_L	4002	0	1288	0	0	0	648	0	0	0	1508	0	0	0	0	0	4642	0	526	0	0	0	102	0	0	0	0	0	7714	0	0	0	0	0	394	394	2570	0	0	0	0	0	126	0	138	0	0	0	0	0	1506	0	856	0	1240	0	5356	0	0	0	108	0	0	0	618	0	116	0	242	0	316	0	348	0	0	0	0	0	0	0	3232	0	0	0	410	0	0	0	3048	0	0	0	0	0	0	0	0	0	0	0	0	0	0	0	0	0	0	0	0	0	0	0	0	0	0	0	
5084	Heschl_R	0	0	0	0	0	0	0	0	0	0	0	0	0	0	0	0	0	406	0	0	0	0	0	0	0	0	0	0	0	300	0	0	0	0	0	0	0	0	0	0	0	0	0	0	0	0	0	0	0	0	0	0	0	0	0	0	0	0	0	0	0	0	0	0	0	0	0	0	0	0	0	0	0	0	0	0	0	0	0	0	0	1612	0	0	0	0	0	0	0	224	0	0	0	0	0	0	0	0	0	0	0	0	0	0	0	0	0	0	0	0	0	0	0	0	0	0	
203808	Temporal_Sup_L	3656	0	5782	0	0	0	414	0	0	0	3046	0	324	0	0	0	11030	0	5136	0	0	0	0	0	0	0	0	0	11078	0	0	0	0	0	0	0	1952	0	0	0	0	0	0	0	0	0	0	0	0	0	1494	0	286	0	3618	0	7058	0	112	0	526	0	8392	0	3118	0	0	0	226	0	0	0	1808	0	0	0	0	0	3232	0	0	0	2770	0	14468	0	238	0	12140	0	0	0	0	0	0	0	0	0	0	0	0	0	0	0	0	0	0	0	0	0	0	0	0	0	0	0	
54824	Temporal_Sup_R	0	1164	0	0	0	0	0	0	0	0	0	0	0	0	0	166	0	2242	0	300	0	0	0	0	0	0	0	0	0	726	0	0	0	0	0	0	0	820	0	104	0	0	0	0	0	0	0	0	0	0	0	684	0	0	0	592	0	1786	0	1174	0	1374	0	1978	0	2232	0	2124	0	106	0	0	0	0	0	0	0	0	0	1612	0	0	0	1500	0	4390	0	0	0	2338	0	0	0	0	0	0	0	0	0	0	0	0	0	0	0	0	0	0	0	0	0	0	0	0	0	0	
78264	Temporal_Pole_Sup_L	984	0	1998	0	134	0	1404	0	0	0	3430	0	1678	0	268	0	2446	0	1404	0	148	0	200	0	0	0	0	0	6502	0	412	0	0	0	0	0	1422	0	586	0	874	0	0	0	0	0	0	0	0	0	0	0	0	0	3194	0	0	0	0	0	0	0	0	0	0	0	0	0	0	0	0	0	1586	0	0	0	0	0	0	0	2770	0	0	0	3414	0	2342	0	1936	0	0	0	0	0	0	0	0	0	0	0	0	0	0	0	0	0	0	0	0	0	0	0	0	0	0	0	
30944	Temporal_Pole_Sup_R	0	0	0	0	0	0	0	0	0	0	0	0	0	0	0	198	0	0	0	0	0	0	0	0	0	0	0	0	0	218	0	0	0	0	0	0	0	2480	0	2284	0	3746	0	0	0	0	0	0	0	0	0	0	0	0	0	2092	0	0	0	0	0	0	0	0	0	0	0	0	0	0	0	0	0	0	0	0	0	0	0	0	0	1500	0	0	0	1076	0	1878	0	0	0	0	0	0	0	0	0	0	0	0	0	0	0	0	0	0	0	0	0	0	0	0	0	0	0	0	
190880	Temporal_Mid_L	662	0	578	0	0	0	0	0	0	0	276	0	0	0	0	0	126	0	528	0	0	0	0	0	0	0	0	0	2558	0	0	0	0	0	0	0	1368	0	0	0	422	0	588	0	592	0	872	0	182	0	18920	0	8664	0	3030	0	1712	0	832	0	936	0	3160	0	5012	0	1022	0	1384	0	0	0	326	0	0	0	0	0	410	0	14468	0	3414	0	0	0	2038	0	21360	0	0	0	0	0	0	0	0	0	0	0	0	0	0	0	0	0	0	0	0	0	0	0	0	0	0	0	
102636	Temporal_Mid_R	0	1054	0	0	0	0	0	0	0	0	0	0	0	0	0	132	0	0	0	0	0	0	0	0	0	0	0	0	0	0	0	0	0	0	0	0	0	1570	0	0	0	0	0	1788	0	486	0	514	0	856	0	5874	0	670	0	1166	0	2818	0	972	0	1128	0	1170	0	4862	0	9110	0	336	0	0	0	0	0	0	0	0	0	0	0	4390	0	1076	0	0	0	378	0	10968	0	0	0	0	0	0	0	0	0	0	0	0	0	0	0	0	0	0	0	0	0	0	0	0	0	0	
18448	Temporal_Pole_Mid_L	0	0	0	0	0	0	0	0	0	0	0	0	0	0	0	0	0	0	0	0	0	0	0	0	0	0	0	0	212	0	0	0	0	0	0	0	326	0	420	0	412	0	0	0	0	0	0	0	0	0	0	0	0	0	1742	0	0	0	0	0	0	0	0	0	0	0	0	0	0	0	0	0	0	0	0	0	0	0	0	0	238	0	2342	0	2038	0	0	0	1494	0	0	0	0	0	0	0	0	0	0	0	0	0	0	0	0	0	0	0	0	0	0	0	0	0	0	0	
34196	Temporal_Pole_Mid_R	0	0	0	0	0	0	0	0	0	0	0	0	0	0	0	0	0	0	0	0	0	0	0	0	0	0	0	0	0	0	0	0	0	0	0	0	0	3354	0	1852	0	4016	0	0	0	0	0	0	0	0	0	0	0	0	0	3796	0	0	0	0	0	0	0	0	0	0	0	0	0	0	0	0	0	0	0	0	0	0	0	0	0	0	0	1878	0	378	0	0	0	1824	0	0	0	0	0	0	0	0	0	0	0	0	0	0	0	0	0	0	0	0	0	0	0	0	0	0	
246156	Temporal_Inf_L	814	0	4630	0	0	0	194	0	0	0	614	0	0	0	0	0	574	0	5040	0	0	0	0	0	0	0	0	0	9198	0	0	0	0	0	0	0	10220	0	710	0	1750	0	0	0	0	0	0	0	0	0	5216	0	1282	0	16486	0	1978	0	3186	0	5706	0	4104	0	4698	0	266	0	570	0	170	0	2944	0	0	0	0	0	3048	0	12140	0	1936	0	21360	0	1494	0	0	0	1686	0	918	0	0	0	0	0	146	0	0	0	0	0	0	0	0	0	0	0	0	0	0	0	0	0	
155716	Temporal_Inf_R	0	2098	0	0	0	0	0	0	0	0	0	0	0	0	0	0	0	0	0	1200	0	0	0	0	0	0	0	0	0	526	0	0	0	0	0	2288	0	11140	0	1774	0	2530	0	2304	0	170	0	3398	0	212	0	248	0	6396	0	13634	0	1594	0	854	0	1072	0	142	0	0	0	6064	0	1080	0	0	0	0	0	0	0	0	0	224	0	2338	0	0	0	10968	0	1824	0	0	0	2398	0	308	0	0	0	0	0	854	0	0	0	0	0	0	0	0	0	0	220	0	0	0	0	0	
284216	Cerebelum_Crus1_L	0	0	0	0	0	0	0	0	0	0	0	0	0	0	0	0	0	0	0	0	0	0	0	0	0	0	0	0	0	0	0	0	0	0	0	0	0	0	0	0	0	0	0	0	0	0	5594	204	0	0	0	0	0	0	15314	256	0	0	0	0	0	0	0	0	0	0	0	0	0	0	0	0	0	0	0	0	0	0	0	0	0	0	0	0	0	0	0	0	1686	0	0	146	23474	98	400	0	13954	0	48970	348	10292	0	12688	116	2824	0	668	0	0	0	1676	1472	1576	0	216	136	
223080	Cerebelum_Crus1_R	0	0	0	0	0	0	0	0	0	0	0	0	0	0	0	0	0	0	0	0	0	0	0	0	0	0	0	0	0	0	0	0	0	0	0	0	0	0	0	0	0	0	0	0	0	0	0	1916	0	0	0	0	0	0	0	6614	0	0	0	0	0	0	0	0	0	0	0	0	0	0	0	0	0	0	0	0	0	0	0	0	0	0	0	0	0	0	0	0	0	2398	146	0	0	19084	0	856	0	6446	220	35570	0	2074	0	14002	0	2924	0	346	262	170	3598	3954	5404	2688	2574	294	
112756	Cerebelum_Crus2_L	0	0	0	0	0	0	0	0	0	0	0	0	0	0	0	0	0	0	0	0	0	0	0	0	0	0	0	0	0	0	0	0	0	0	0	0	0	0	0	0	0	0	0	0	0	0	0	0	0	0	0	0	0	0	0	0	0	0	0	0	0	0	0	0	0	0	0	0	0	0	0	0	0	0	0	0	0	0	0	0	0	0	0	0	0	0	0	0	918	0	23474	0	0	1390	0	0	184	0	2858	0	12464	392	9182	800	344	0	0	0	0	0	0	0	3268	1104	0	0	
129268	Cerebelum_Crus2_R	0	0	0	0	0	0	0	0	0	0	0	0	0	0	0	0	0	0	0	0	0	0	0	0	0	0	0	0	0	0	0	0	0	0	0	0	0	0	0	0	0	0	0	0	0	0	0	184	0	0	0	0	0	0	0	234	0	0	0	0	0	0	0	0	0	0	0	0	0	0	0	0	0	0	0	0	0	0	0	0	0	0	0	0	0	0	0	0	0	308	98	19084	1390	0	0	116	0	136	106	4168	468	8960	712	17156	126	1306	0	126	0	0	152	1050	6368	1532	854	0	
21304	Cerebelum_3_L	0	0	0	0	0	0	0	0	0	0	0	0	0	0	0	0	0	0	0	0	0	0	0	0	0	0	0	0	0	0	0	0	0	0	0	0	0	0	424	0	0	0	0	0	0	0	252	0	0	0	0	0	0	0	100	0	0	0	0	0	0	0	0	0	0	0	0	0	0	0	0	0	0	0	0	0	0	0	0	0	0	0	0	0	0	0	0	0	0	0	400	0	0	0	0	0	6034	0	910	0	234	0	392	0	716	0	0	0	466	724	0	0	0	0	0	0	
26560	Cerebelum_3_R	0	0	0	0	0	0	0	0	0	0	0	0	0	0	0	0	0	0	0	0	0	0	0	0	0	0	0	0	0	0	0	0	0	0	0	0	0	0	138	0	0	0	0	0	0	0	0	126	0	0	0	0	0	0	0	192	0	0	0	0	0	0	0	0	0	0	0	0	0	0	0	0	0	0	0	0	0	0	0	0	0	0	0	0	0	0	0	0	0	0	0	856	0	116	0	0	148	1538	0	1420	0	0	0	240	0	1436	0	0	774	2654	1348	442	516	536	702	98	
154936	Cerebelum_4_5_L	0	0	0	0	0	0	0	0	0	0	0	0	0	0	0	0	0	0	0	0	0	0	0	0	0	0	0	0	0	0	0	0	0	0	168	0	214	0	532	0	0	0	208	0	0	0	6292	228	0	0	0	0	0	0	8212	0	0	0	0	0	0	0	0	0	0	0	166	0	0	0	0	0	0	0	0	0	0	0	0	0	0	0	0	0	0	0	0	0	0	0	13954	0	184	0	6034	148	0	234	27772	0	812	0	2044	0	2284	0	100	0	148	480	6200	632	118	0	0	304	
83724	Cerebelum_4_5_R	0	0	0	0	0	0	0	0	0	0	0	0	0	0	0	0	0	0	0	0	0	0	0	0	0	0	0	0	0	0	0	0	0	0	0	610	0	642	0	436	0	0	0	0	0	0	0	2290	0	0	0	0	0	0	0	4290	0	0	0	0	0	0	0	0	0	0	0	580	0	0	0	0	0	0	0	0	0	0	0	0	0	0	0	0	0	0	0	0	0	0	0	6446	0	136	0	1538	234	0	138	16238	0	0	0	206	0	410	0	0	210	374	5952	472	124	156	276	104	
266956	Cerebelum_6_L	0	0	0	0	0	0	0	0	0	0	0	0	0	0	0	0	0	0	0	0	0	0	0	0	0	0	0	0	0	0	0	0	0	0	0	0	0	0	0	0	0	0	0	0	0	0	9344	382	0	0	0	0	0	0	20118	400	0	0	0	0	0	0	0	0	0	0	0	0	0	0	0	0	0	0	0	0	0	0	0	0	0	0	0	0	0	0	0	0	146	0	48970	220	2858	106	910	0	27772	138	0	578	3308	0	5234	0	3434	0	466	0	0	0	5350	2458	796	0	170	320	
219196	Cerebelum_6_R	0	0	0	0	0	0	0	0	0	0	0	0	0	0	0	0	0	0	0	0	0	0	0	0	0	0	0	0	0	0	0	0	0	0	0	0	0	0	0	0	0	0	0	0	0	0	92	4800	0	0	0	0	0	0	0	11476	0	0	0	0	0	0	0	0	0	0	0	0	0	0	0	0	0	0	0	0	0	0	0	0	0	0	0	0	0	0	0	0	0	854	348	35570	0	4168	0	1420	0	16238	578	0	0	0	0	5248	0	3234	0	258	504	240	6372	6086	4932	3114	3250	816	
96364	Cerebelum_7b_L	0	0	0	0	0	0	0	0	0	0	0	0	0	0	0	0	0	0	0	0	0	0	0	0	0	0	0	0	0	0	0	0	0	0	0	0	0	0	0	0	0	0	0	0	0	0	232	0	0	0	0	0	0	0	276	0	0	0	0	0	0	0	0	0	0	0	0	0	0	0	0	0	0	0	0	0	0	0	0	0	0	0	0	0	0	0	0	0	0	0	10292	0	12464	468	234	0	812	0	3308	0	0	242	12882	608	2408	0	692	0	0	0	96	106	2090	972	0	0	
42164	Cerebelum_7b_R	0	0	0	0	0	0	0	0	0	0	0	0	0	0	0	0	0	0	0	0	0	0	0	0	0	0	0	0	0	0	0	0	0	0	0	0	0	0	0	0	0	0	0	0	0	0	0	0	0	0	0	0	0	0	0	0	0	0	0	0	0	0	0	0	0	0	0	0	0	0	0	0	0	0	0	0	0	0	0	0	0	0	0	0	0	0	0	0	0	0	0	2074	392	8960	0	0	0	0	0	0	242	0	100	7710	0	308	0	0	0	0	0	0	1170	126	0	0	
122812	Cerebelum_8_L	0	0	0	0	0	0	0	0	0	0	0	0	0	0	0	0	0	0	0	0	0	0	0	0	0	0	0	0	0	0	0	0	0	0	0	0	0	0	0	0	0	0	0	0	0	0	342	0	0	0	0	0	0	0	286	0	0	0	0	0	0	0	0	0	0	0	0	0	0	0	0	0	0	0	0	0	0	0	0	0	0	0	0	0	0	0	0	0	0	0	12688	0	9182	712	392	0	2044	0	5234	0	12882	100	0	1224	7966	232	2178	0	0	0	450	132	2910	1948	504	0	
141416	Cerebelum_8_R	0	0	0	0	0	0	0	0	0	0	0	0	0	0	0	0	0	0	0	0	0	0	0	0	0	0	0	0	0	0	0	0	0	0	0	0	0	0	0	0	0	0	0	0	0	0	0	0	0	0	0	0	0	0	0	228	0	0	0	0	0	0	0	0	0	0	0	0	0	0	0	0	0	0	0	0	0	0	0	0	0	0	0	0	0	0	0	0	0	0	116	14002	800	17156	0	240	0	206	0	5248	608	7710	1224	0	146	9566	0	474	96	94	338	1316	6178	3050	1816	96	
52296	Cerebelum_9_L	0	0	0	0	0	0	0	0	0	0	0	0	0	0	0	0	0	0	0	0	0	0	0	0	0	0	0	0	0	0	0	0	0	0	0	0	0	0	0	0	0	0	0	0	0	0	0	0	0	0	0	0	0	0	0	0	0	0	0	0	0	0	0	0	0	0	0	0	0	0	0	0	0	0	0	0	0	0	0	0	0	0	0	0	0	0	0	0	0	0	2824	0	344	126	716	0	2284	0	3434	0	2408	0	7966	146	0	220	3160	0	0	0	366	272	996	142	388	356	
86492	Cerebelum_9_R	0	0	0	0	0	0	0	0	0	0	0	0	0	0	0	0	0	0	0	0	0	0	0	0	0	0	0	0	0	0	0	0	0	0	0	0	0	0	0	0	0	0	0	0	0	0	0	404	0	0	0	0	0	0	0	680	0	0	0	0	0	0	0	0	0	0	0	0	0	0	0	0	0	0	0	0	0	0	0	0	0	0	0	0	0	0	0	0	0	0	0	2924	0	1306	0	1436	0	410	0	3234	0	308	232	9566	220	0	0	1534	424	770	1130	4036	3842	4374	4516	1900	
14880	Cerebelum_10_L	0	0	0	0	0	0	0	0	0	0	0	0	0	0	0	0	0	0	0	0	0	0	0	0	0	0	0	0	0	0	0	0	0	0	0	0	0	0	0	0	0	0	0	0	0	0	0	0	0	0	0	0	0	0	0	0	0	0	0	0	0	0	0	0	0	0	0	0	0	0	0	0	0	0	0	0	0	0	0	0	0	0	0	0	0	0	0	0	0	0	668	0	0	0	0	0	100	0	466	0	692	0	2178	0	3160	0	0	0	0	0	0	0	176	0	0	0	
9472	Cerebelum_10_R	0	0	0	0	0	0	0	0	0	0	0	0	0	0	0	0	0	0	0	0	0	0	0	0	0	0	0	0	0	0	0	0	0	0	0	0	0	0	0	0	0	0	0	0	0	0	0	0	0	0	0	0	0	0	0	0	0	0	0	0	0	0	0	0	0	0	0	0	0	0	0	0	0	0	0	0	0	0	0	0	0	0	0	0	0	0	0	0	0	0	0	346	0	126	0	0	0	0	0	258	0	0	0	474	0	1534	0	0	0	0	0	286	514	572	626	0	
20744	Vermis_1_2	0	0	0	0	0	0	0	0	0	0	0	0	0	0	0	0	0	0	0	0	0	0	0	0	0	0	0	0	0	0	0	0	0	0	0	0	0	0	0	0	0	0	0	0	0	0	0	0	0	0	0	0	0	0	0	0	0	0	0	0	0	0	0	0	0	0	0	0	0	0	0	0	0	0	0	0	0	0	0	0	0	0	0	0	0	0	0	0	0	0	0	262	0	0	466	774	148	210	0	504	0	0	0	96	0	424	0	0	0	3820	2924	120	122	100	284	118	
25224	Vermis_3	0	0	0	0	0	0	0	0	0	0	0	0	0	0	0	0	0	0	0	0	0	0	0	0	0	0	0	0	0	0	0	0	0	0	0	0	114	0	198	0	0	0	0	0	0	0	114	122	0	0	0	0	0	0	0	0	0	0	0	0	0	0	0	0	0	0	0	0	0	0	0	0	0	0	0	0	0	0	0	0	0	0	0	0	0	0	0	0	0	0	0	170	0	0	724	2654	480	374	0	240	0	0	0	94	0	770	0	0	3820	0	2100	116	158	162	202	0	
136048	Vermis_4_5	0	208	0	0	0	0	0	0	0	0	0	0	0	0	0	0	0	0	0	716	0	0	0	0	0	0	0	0	0	0	0	0	0	774	600	4738	548	1358	106	484	0	0	0	0	0	0	930	5056	0	0	0	0	0	0	996	1332	0	0	0	0	0	0	0	0	0	0	242	4470	98	636	0	0	0	0	0	0	0	0	0	0	0	0	0	0	0	0	0	0	0	220	1676	3598	0	152	0	1348	6200	5952	5350	6372	96	0	450	338	366	1130	0	0	2924	2100	0	2928	260	392	996	1884	
88936	Vermis_6	0	0	0	0	0	0	0	0	0	0	0	0	0	0	0	0	0	0	0	0	0	0	0	0	0	0	0	0	0	0	0	0	0	0	0	0	0	0	0	0	0	0	0	0	0	0	314	1812	0	0	0	0	0	0	0	2220	0	0	0	0	0	0	0	0	0	0	0	0	0	0	0	0	0	0	0	0	0	0	0	0	0	0	0	0	0	0	0	0	0	0	1472	3954	0	1050	0	442	632	472	2458	6086	106	0	132	1316	272	4036	0	286	120	116	2928	0	4084	3194	3706	3260	
116104	Vermis_7	0	0	0	0	0	0	0	0	0	0	0	0	0	0	0	0	0	0	0	0	0	0	0	0	0	0	0	0	0	0	0	0	0	0	0	0	0	0	0	0	0	0	0	0	0	0	150	592	0	0	0	0	0	0	0	1084	0	0	0	0	0	0	0	0	0	0	0	0	0	0	0	0	0	0	0	0	0	0	0	0	0	0	0	0	0	0	0	0	0	0	1576	5404	3268	6368	0	516	118	124	796	4932	2090	1170	2910	6178	996	3842	176	514	122	158	260	4084	0	5596	4392	636	
73252	Vermis_8	0	0	0	0	0	0	0	0	0	0	0	0	0	0	0	0	0	0	0	0	0	0	0	0	0	0	0	0	0	0	0	0	0	0	0	0	0	0	0	0	0	0	0	0	0	0	0	410	0	0	0	0	0	0	0	666	0	0	0	0	0	0	0	0	0	0	0	0	0	0	0	0	0	0	0	0	0	0	0	0	0	0	0	0	0	0	0	0	0	0	0	2688	1104	1532	0	536	0	156	0	3114	972	126	1948	3050	142	4374	0	572	100	162	392	3194	5596	0	5048	744	
66260	Vermis_9	0	0	0	0	0	0	0	0	0	0	0	0	0	0	0	0	0	0	0	0	0	0	0	0	0	0	0	0	0	0	0	0	0	0	0	0	0	0	0	0	0	0	0	0	0	0	0	424	0	0	0	0	0	0	0	682	0	0	0	0	0	0	0	0	0	0	0	0	0	0	0	0	0	0	0	0	0	0	0	0	0	0	0	0	0	0	0	0	0	0	216	2574	0	854	0	702	0	276	170	3250	0	0	504	1816	388	4516	0	626	284	202	996	3706	4392	5048	0	1504	
25436	Vermis_10	0	0	0	0	0	0	0	0	0	0	0	0	0	0	0	0	0	0	0	0	0	0	0	0	0	0	0	0	0	0	0	0	0	0	0	0	0	0	0	0	0	0	0	0	0	0	0	148	0	0	0	0	0	0	0	0	0	0	0	0	0	0	0	0	0	0	0	0	0	0	0	0	0	0	0	0	0	0	0	0	0	0	0	0	0	0	0	0	0	0	136	294	0	0	0	98	304	104	320	816	0	0	0	96	356	1900	0	0	118	0	1884	3260	636	744	1504	0	
