data	data	393512	346144	1.07972e+06	963976	215416	123324	541056	272760	79644	30868	287904	247452	284812	149396	222636	105572	285188	125196	992736	918760	75560	78060	400332	342036	29200	69316	28992	47896	820088	372372	328644	355928	305200	513272	147368	176656	347720	375112	167412	197016	55128	57716	273152	393088	245032	394680	294352	241300	315836	494708	546296	394508	239444	148460	403884	381064	339752	328916	290200	219572	249572	205396	133556	196212	147052	294036	525232	540968	317532	232232	235812	379828	345616	402700	39076	20288	155356	229820	146264	41164	337140	220312	125336	72388	427848	287036	27132	16976	361600	218192	403812	389864	284488	298716	63632	70060	240448	217608	360976	367576	232612	190960	293228	268608	126228	116408	20264	4164	21072	53044	162260	173540	199780	108200	80404	37120	
data	data	Precentral_L	Precentral_R	Frontal_Sup_L	Frontal_Sup_R	Frontal_Sup_Orb_L	Frontal_Sup_Orb_R	Frontal_Mid_L	Frontal_Mid_R	Frontal_Mid_Orb_L	Frontal_Mid_Orb_R	Frontal_Inf_Oper_L	Frontal_Inf_Oper_R	Frontal_Inf_Tri_L	Frontal_Inf_Tri_R	Frontal_Inf_Orb_L	Frontal_Inf_Orb_R	Rolandic_Oper_L	Rolandic_Oper_R	Supp_Motor_Area_L	Supp_Motor_Area_R	Olfactory_L	Olfactory_R	Frontal_Sup_Medial_L	Frontal_Sup_Medial_R	Frontal_Med_Orb_L	Frontal_Med_Orb_R	Rectus_L	Rectus_R	Insula_L	Insula_R	Cingulum_Ant_L	Cingulum_Ant_R	Cingulum_Mid_L	Cingulum_Mid_R	Cingulum_Post_L	Cingulum_Post_R	Hippocampus_L	Hippocampus_R	ParaHippocampal_L	ParaHippocampal_R	Amygdala_L	Amygdala_R	Calcarine_L	Calcarine_R	Cuneus_L	Cuneus_R	Lingual_L	Lingual_R	Occipital_Sup_L	Occipital_Sup_R	Occipital_Mid_L	Occipital_Mid_R	Occipital_Inf_L	Occipital_Inf_R	Fusiform_L	Fusiform_R	Postcentral_L	Postcentral_R	Parietal_Sup_L	Parietal_Sup_R	Parietal_Inf_L	Parietal_Inf_R	SupraMarginal_L	SupraMarginal_R	Angular_L	Angular_R	Precuneus_L	Precuneus_R	Paracentral_Lobule_L	Paracentral_Lobule_R	Caudate_L	Caudate_R	Putamen_L	Putamen_R	Pallidum_L	Pallidum_R	Thalamus_L	Thalamus_R	Heschl_L	Heschl_R	Temporal_Sup_L	Temporal_Sup_R	Temporal_Pole_Sup_L	Temporal_Pole_Sup_R	Temporal_Mid_L	Temporal_Mid_R	Temporal_Pole_Mid_L	Temporal_Pole_Mid_R	Temporal_Inf_L	Temporal_Inf_R	Cerebelum_Crus1_L	Cerebelum_Crus1_R	Cerebelum_Crus2_L	Cerebelum_Crus2_R	Cerebelum_3_L	Cerebelum_3_R	Cerebelum_4_5_L	Cerebelum_4_5_R	Cerebelum_6_L	Cerebelum_6_R	Cerebelum_7b_L	Cerebelum_7b_R	Cerebelum_8_L	Cerebelum_8_R	Cerebelum_9_L	Cerebelum_9_R	Cerebelum_10_L	Cerebelum_10_R	Vermis_1_2	Vermis_3	Vermis_4_5	Vermis_6	Vermis_7	Vermis_8	Vermis_9	Vermis_10	
393512	Precentral_L	0	240	25090	1634	0	0	19158	0	0	0	15090	0	3120	0	0	0	13394	0	18042	2862	0	0	396	156	0	0	0	0	12506	96	2574	1172	376	162	748	510	6382	1126	714	0	0	0	364	0	296	0	150	0	616	0	1786	0	936	0	2288	0	24460	0	788	0	2050	0	838	0	0	0	1428	0	5826	0	3940	0	2634	102	1106	0	10030	1294	5214	0	3638	0	0	0	826	0	0	0	598	0	0	0	0	0	0	0	0	0	0	0	0	0	0	0	0	0	0	0	0	0	0	0	0	0	0	0	
346144	Precentral_R	240	0	332	20734	0	0	0	10364	0	0	0	5408	0	782	0	298	0	3450	224	3492	0	0	0	0	0	0	0	0	106	4610	0	0	136	1078	100	854	358	4298	0	100	0	0	0	3448	0	3778	0	180	0	12066	0	7348	0	468	0	438	0	35406	0	4712	0	3166	0	4904	0	2740	248	10204	112	13672	284	1298	0	2640	0	568	268	3094	0	350	0	762	0	0	0	2350	0	0	0	1604	0	0	0	0	0	0	0	0	0	0	0	0	0	0	0	0	0	0	0	0	0	0	0	0	0	0	
1.07972e+06	Frontal_Sup_L	25090	332	0	13362	17784	0	72668	544	3398	0	15082	452	15994	506	9850	182	15644	128	94296	21334	0	0	43026	9550	1142	0	0	0	45612	536	11938	4862	8990	6570	318	612	11072	1570	1908	0	204	0	246	0	0	0	210	0	148	0	600	0	360	0	1844	0	4202	0	354	0	422	0	358	0	0	0	454	0	1408	0	7964	852	27688	208	6176	0	8386	1758	5420	0	8862	0	2806	0	1636	0	0	0	2940	0	0	0	0	0	0	0	0	0	0	0	0	0	0	0	0	0	0	0	0	0	0	0	0	0	0	0	
963976	Frontal_Sup_R	1634	20734	13362	0	418	6704	2388	43646	0	562	264	12176	484	8822	222	3806	150	5614	29634	91666	0	220	8928	34746	0	2692	0	186	1664	16314	5644	23912	1970	20292	2144	2844	4352	12376	1390	686	0	0	0	0	0	386	764	330	0	606	0	192	0	334	144	836	256	3460	0	908	0	234	0	896	0	342	0	724	5724	260	2392	27012	288	18258	0	1040	2700	26492	1074	650	174	922	0	306	0	144	0	0	0	1226	0	0	0	0	128	0	0	0	0	0	0	0	0	0	0	0	0	0	0	140	0	0	0	0	0	0	
215416	Frontal_Sup_Orb_L	0	0	17784	418	0	136	6854	124	11776	0	276	0	2198	0	14476	0	0	0	2862	0	1694	642	9030	1356	3572	112	2918	150	9902	0	6016	822	1506	614	0	0	0	0	0	0	188	0	0	0	0	0	0	0	0	0	0	0	0	0	0	0	0	0	0	0	0	0	0	0	0	0	0	0	0	0	1976	512	8560	274	0	0	0	0	0	0	0	0	960	0	0	0	0	0	0	0	0	0	0	0	0	0	0	0	0	0	0	0	0	0	0	0	0	0	0	0	0	0	0	0	0	0	
123324	Frontal_Sup_Orb_R	0	0	0	6704	136	0	0	2756	0	3230	0	0	0	472	106	4184	0	0	186	234	798	2190	322	4586	0	6914	342	5894	0	1224	1080	3948	0	0	0	0	0	162	0	122	0	0	0	0	0	0	0	0	0	0	0	0	0	0	0	0	0	0	0	0	0	0	0	0	0	0	0	0	0	0	666	7858	400	6798	0	0	0	0	0	0	0	0	0	350	0	0	0	0	0	0	0	0	0	0	0	0	0	0	0	0	0	0	0	0	0	0	0	0	0	0	0	0	0	0	0	0	
541056	Frontal_Mid_L	19158	0	72668	2388	6854	0	0	292	2746	0	9284	138	32298	228	12226	0	4352	0	16312	1916	0	0	18466	3746	636	0	0	0	25434	132	8382	3460	3804	1644	0	0	3362	0	288	0	0	0	0	0	0	0	0	0	0	0	528	0	374	0	714	0	2284	0	366	0	432	0	148	0	0	0	246	0	156	0	1468	522	3594	0	220	0	504	0	3504	0	2334	0	1032	0	1036	0	0	0	852	0	0	0	0	0	0	0	0	0	0	0	0	0	0	0	0	0	0	0	0	0	0	0	0	0	0	0	
272760	Frontal_Mid_R	0	10364	544	43646	124	2756	292	0	0	988	116	10560	0	16768	0	3746	116	1100	2668	4612	0	0	1260	5482	0	0	0	0	232	5432	840	3354	216	4498	0	0	0	1320	0	316	0	0	0	0	0	0	0	0	0	0	0	0	0	0	0	196	0	886	0	0	0	0	0	0	0	0	0	0	0	0	1788	2328	0	7986	0	876	232	618	0	120	0	0	0	0	0	0	0	0	0	0	0	0	0	0	0	0	0	0	0	0	0	0	0	0	0	0	0	0	0	0	0	0	0	0	0	0	
79644	Frontal_Mid_Orb_L	0	0	3398	0	11776	0	2746	0	0	0	0	0	1554	0	12960	0	0	0	0	0	234	214	322	0	606	0	1290	0	1292	0	798	172	0	0	0	0	0	0	0	0	0	0	0	0	0	0	0	0	0	0	0	0	0	0	0	0	0	0	0	0	0	0	0	0	0	0	0	0	0	0	380	180	1510	100	0	0	0	0	0	0	0	0	290	0	0	0	0	0	0	0	0	0	0	0	0	0	0	0	0	0	0	0	0	0	0	0	0	0	0	0	0	0	0	0	0	0	
30868	Frontal_Mid_Orb_R	0	0	0	562	0	3230	0	988	0	0	0	0	0	138	0	5132	0	0	460	446	0	0	0	0	0	0	0	202	0	286	0	148	0	0	0	0	0	230	0	0	0	0	0	0	0	0	0	0	0	0	0	0	0	0	0	0	0	0	0	0	0	0	0	0	0	0	0	0	0	0	0	1902	0	1710	0	0	0	0	0	0	0	0	0	0	0	0	0	0	0	0	0	0	0	0	0	0	0	0	0	0	0	0	0	0	0	0	0	0	0	0	0	0	0	0	0	0	
287904	Frontal_Inf_Oper_L	15090	0	15082	264	276	0	9284	116	0	0	0	0	12940	0	316	0	18676	0	13598	342	0	0	574	250	0	0	0	0	25758	0	1320	498	502	0	0	0	1404	0	550	0	0	0	0	0	0	0	0	0	0	0	0	0	0	0	274	0	5804	0	194	0	270	0	0	0	0	0	188	0	160	0	1618	0	1586	0	0	0	596	0	1330	0	10150	0	3170	0	1066	0	0	0	706	0	0	0	0	0	0	0	0	0	0	0	0	0	0	0	0	0	0	0	0	0	0	0	0	0	0	0	
247452	Frontal_Inf_Oper_R	0	5408	452	12176	0	0	138	10560	0	0	0	0	0	13456	0	246	0	4794	3900	9486	0	0	0	780	0	0	0	0	126	21282	236	800	102	2574	0	0	0	3866	0	2548	0	176	0	0	0	118	0	0	0	190	0	0	0	0	0	2044	0	3382	0	258	0	350	0	1056	0	0	0	250	0	0	434	1690	0	12874	0	590	0	542	0	108	0	3572	0	2672	0	0	0	0	0	490	0	0	0	0	0	0	0	0	0	0	0	0	0	0	0	0	0	0	0	0	0	0	0	0	0	0	
284812	Frontal_Inf_Tri_L	3120	0	15994	484	2198	0	32298	0	1554	0	12940	0	0	0	14020	0	1838	0	6588	602	0	0	5046	740	0	0	0	0	27898	0	4190	954	2990	642	0	0	190	0	96	0	0	0	0	0	0	0	0	0	0	0	0	0	0	0	0	0	1338	0	0	0	0	0	0	0	0	0	0	0	0	0	1068	120	1654	0	0	0	0	0	198	0	1160	0	2012	0	202	0	0	0	272	0	0	0	0	0	0	0	0	0	0	0	0	0	0	0	0	0	0	0	0	0	0	0	0	0	0	0	
149396	Frontal_Inf_Tri_R	0	782	506	8822	0	472	228	16768	0	138	0	13456	0	0	136	2946	0	144	2046	4616	0	0	200	1262	0	0	0	0	266	7022	1268	2888	216	2940	0	0	0	614	0	306	0	0	0	0	0	0	0	0	0	0	0	0	0	0	0	268	0	140	0	0	0	0	0	0	0	0	0	0	0	0	744	1158	0	4020	0	0	0	0	0	0	0	200	0	126	0	0	0	0	0	0	0	0	0	0	0	0	0	0	0	0	0	0	0	0	0	0	0	0	0	0	0	0	0	0	0	0	
222636	Frontal_Inf_Orb_L	0	0	9850	222	14476	106	12226	0	12960	0	316	0	14020	136	0	0	0	0	2926	210	1070	256	1112	116	126	0	998	110	20682	136	1268	308	1676	0	0	0	0	0	0	0	116	0	0	0	0	0	0	0	0	0	0	0	0	0	0	0	0	0	0	0	0	0	0	0	0	0	0	0	0	0	2956	502	7500	0	0	0	0	0	0	0	0	0	4938	0	0	0	0	0	0	0	0	0	0	0	0	0	0	0	0	0	0	0	0	0	0	0	0	0	0	0	0	0	0	0	0	0	
105572	Frontal_Inf_Orb_R	0	298	182	3806	0	4184	0	3746	0	5132	0	246	0	2946	0	0	0	0	1844	1852	166	896	0	400	0	0	0	1186	0	6448	0	810	0	232	0	0	0	346	0	224	0	194	0	0	0	0	0	0	0	0	0	0	0	0	0	0	0	264	0	0	0	0	0	134	0	0	0	0	0	0	348	9284	96	6878	0	0	0	0	0	0	0	0	0	644	0	0	0	0	0	0	0	0	0	0	0	0	0	0	0	0	0	0	0	0	0	0	0	0	0	0	0	0	0	0	0	0	
285188	Rolandic_Oper_L	13394	0	15644	150	0	0	4352	116	0	0	18676	0	1838	0	0	0	0	0	12872	630	0	0	100	0	0	0	0	0	28166	0	208	0	470	130	0	0	862	0	130	0	0	0	148	0	0	0	0	0	246	0	542	0	106	0	430	0	11062	0	324	0	488	0	1934	0	0	0	454	0	160	0	1480	0	354	0	0	0	686	0	5796	0	16784	0	1754	0	1598	0	0	0	510	0	0	0	0	0	0	0	0	0	0	0	0	0	0	0	0	0	0	0	0	0	0	0	0	0	0	0	
125196	Rolandic_Oper_R	0	3450	128	5614	0	0	0	1100	0	0	0	4794	0	144	0	0	0	0	978	4060	0	0	0	168	0	0	0	0	0	11800	0	120	0	422	0	0	0	524	0	0	0	0	0	0	0	160	0	0	0	808	0	792	0	294	0	148	0	5008	0	0	0	0	0	3566	0	356	0	136	0	130	0	302	0	2238	0	578	0	0	0	5064	0	7734	0	556	0	852	0	0	0	574	0	0	0	0	0	0	0	0	0	0	0	0	0	0	0	0	0	0	0	0	0	0	0	0	0	0	
992736	Supp_Motor_Area_L	18042	224	94296	29634	2862	186	16312	2668	0	460	13598	3900	6588	2046	2926	1844	12872	978	0	69936	0	0	8776	6620	0	0	0	0	28568	4630	5834	4936	16948	31288	1428	1320	5024	930	1274	136	192	0	170	0	158	0	162	0	0	0	178	0	0	0	998	156	2618	166	0	0	0	0	234	0	0	0	644	562	18440	862	12774	4474	19480	3968	4020	0	13832	808	1060	0	7936	582	2430	414	804	0	0	0	1162	0	0	0	0	0	0	0	0	0	0	0	0	0	0	0	0	0	0	0	0	0	0	0	0	0	0	0	
918760	Supp_Motor_Area_R	2862	3492	21334	91666	0	234	1916	4612	0	446	342	9486	602	4616	210	1852	630	4060	69936	0	0	0	2158	7564	0	0	0	0	4180	10820	3074	6250	7524	48032	3122	8962	4690	9178	1646	516	110	0	152	960	0	444	826	418	0	606	0	644	0	816	394	764	610	2352	0	432	0	158	0	700	0	214	670	4018	16676	15552	3566	25400	3428	8302	0	416	2446	25038	1032	546	1316	1110	120	430	0	612	0	0	638	1188	0	0	0	0	124	0	0	0	0	0	0	0	0	0	0	0	0	0	0	140	0	0	0	0	0	0	
75560	Olfactory_L	0	0	0	0	1694	798	0	0	234	0	0	0	0	0	1070	166	0	0	0	0	0	5746	0	0	158	0	1532	1186	2796	96	2826	1424	0	0	0	0	0	0	972	0	514	0	0	0	0	0	0	0	0	0	0	0	0	0	0	0	0	0	0	0	0	0	0	0	0	0	0	0	0	0	6468	4000	3790	1028	0	0	0	0	0	0	0	0	1282	0	0	0	0	0	0	0	0	0	0	0	0	0	0	0	0	0	0	0	0	0	0	0	0	0	0	0	0	0	0	0	0	0	
78060	Olfactory_R	0	0	0	220	642	2190	0	0	214	0	0	0	0	0	256	896	0	0	0	0	5746	0	0	0	0	522	850	3038	0	1832	2332	1574	0	0	0	0	0	0	0	588	0	430	0	0	0	0	0	0	0	0	0	0	0	0	0	0	0	0	0	0	0	0	0	0	0	0	0	0	0	0	5680	5798	3178	2756	0	0	0	0	0	0	0	0	0	288	0	0	0	0	0	0	0	0	0	0	0	0	0	0	0	0	0	0	0	0	0	0	0	0	0	0	0	0	0	0	0	0	
400332	Frontal_Sup_Medial_L	396	0	43026	8928	9030	322	18466	1260	322	0	574	0	5046	200	1112	0	100	0	8776	2158	0	0	0	27628	1752	362	0	0	5792	0	22904	15784	8512	11712	0	0	0	0	0	0	0	0	0	0	0	0	0	0	0	0	0	0	0	0	0	0	0	0	0	0	0	0	0	0	0	0	0	0	0	0	1216	358	4228	202	0	0	0	0	0	0	0	0	0	0	0	0	0	0	0	0	0	0	0	0	0	0	0	0	0	0	0	0	0	0	0	0	0	0	0	0	0	0	0	0	0	0	
342036	Frontal_Sup_Medial_R	156	0	9550	34746	1356	4586	3746	5482	0	0	250	780	740	1262	116	400	0	168	6620	7564	0	0	27628	0	362	4708	0	102	764	586	10286	25140	408	12662	0	0	0	100	0	0	0	0	0	0	0	0	0	0	0	0	0	0	0	0	0	0	0	0	0	0	0	0	0	0	0	0	0	0	0	0	296	5248	562	4644	0	0	0	0	0	0	0	0	0	0	0	0	0	0	0	0	0	0	0	0	0	0	0	0	0	0	0	0	0	0	0	0	0	0	0	0	0	0	0	0	0	0	
29200	Frontal_Med_Orb_L	0	0	1142	0	3572	0	636	0	606	0	0	0	0	0	126	0	0	0	0	0	158	0	1752	362	0	856	844	0	0	0	2662	244	144	98	0	0	0	0	0	0	0	0	0	0	0	0	0	0	0	0	0	0	0	0	0	0	0	0	0	0	0	0	0	0	0	0	0	0	0	0	590	0	808	0	0	0	0	0	0	0	0	0	0	0	0	0	0	0	0	0	0	0	0	0	0	0	0	0	0	0	0	0	0	0	0	0	0	0	0	0	0	0	0	0	0	0	
69316	Frontal_Med_Orb_R	0	0	0	2692	112	6914	0	0	0	0	0	0	0	0	0	0	0	0	0	0	0	522	362	4708	856	0	172	3692	0	0	2022	3970	0	0	0	0	0	0	0	0	0	0	0	0	0	0	0	0	0	0	0	0	0	0	0	0	0	0	0	0	0	0	0	0	0	0	0	0	0	0	0	5336	114	3186	0	0	0	0	0	0	0	0	0	0	0	0	0	0	0	0	0	0	0	0	0	0	0	0	0	0	0	0	0	0	0	0	0	0	0	0	0	0	0	0	0	0	
28992	Rectus_L	0	0	0	0	2918	342	0	0	1290	0	0	0	0	0	998	0	0	0	0	0	1532	850	0	0	844	172	0	636	318	0	1282	190	0	0	0	0	0	0	0	0	0	0	0	0	0	0	0	0	0	0	0	0	0	0	0	0	0	0	0	0	0	0	0	0	0	0	0	0	0	0	1748	326	952	98	0	0	0	0	0	0	0	0	0	0	0	0	0	0	0	0	0	0	0	0	0	0	0	0	0	0	0	0	0	0	0	0	0	0	0	0	0	0	0	0	0	0	
47896	Rectus_R	0	0	0	186	150	5894	0	0	0	202	0	0	0	0	110	1186	0	0	0	0	1186	3038	0	102	0	3692	636	0	0	560	334	452	0	0	0	0	0	0	0	0	0	0	0	0	0	0	0	0	0	0	0	0	0	0	0	0	0	0	0	0	0	0	0	0	0	0	0	0	0	0	944	2426	602	2116	0	0	0	0	0	0	0	0	0	132	0	0	0	0	0	0	0	0	0	0	0	0	0	0	0	0	0	0	0	0	0	0	0	0	0	0	0	0	0	0	0	0	
820088	Insula_L	12506	106	45612	1664	9902	0	25434	232	1292	0	25758	126	27898	266	20682	0	28166	0	28568	4180	2796	0	5792	764	0	0	318	0	0	312	5762	1524	5592	782	342	752	15120	1104	4224	0	3628	0	312	0	142	0	0	0	382	0	1164	0	974	0	4342	0	7288	0	834	0	1002	0	1324	0	0	0	920	0	438	0	6676	1064	21342	166	132	0	2380	1070	13842	0	26806	0	11390	0	11264	0	0	0	13474	0	0	0	0	0	0	0	112	0	0	0	0	0	0	0	0	0	0	0	0	0	0	0	0	0	0	0	
372372	Insula_R	96	4610	536	16314	0	1224	132	5432	0	286	0	21282	0	7022	136	6448	0	11800	4630	10820	96	1832	0	586	0	0	0	560	312	0	114	776	0	1362	214	296	386	8436	146	3970	0	1836	0	0	0	0	0	104	0	146	0	366	0	358	0	5232	0	3900	0	0	0	0	0	478	0	0	0	0	0	0	936	5706	0	28288	0	302	212	1096	0	4162	0	11852	0	4996	0	1012	0	108	0	5242	0	0	0	0	0	0	0	0	0	0	0	0	0	0	0	0	0	0	0	0	0	0	0	0	0	0	
328644	Cingulum_Ant_L	2574	0	11938	5644	6016	1080	8382	840	798	0	1320	236	4190	1268	1268	0	208	0	5834	3074	2826	2332	22904	10286	2662	2022	1282	334	5762	114	0	24088	7096	6852	174	0	132	0	0	0	0	0	0	0	0	0	0	0	0	0	0	0	0	0	0	0	584	0	0	0	0	0	0	0	0	0	96	0	0	0	6670	4352	6774	2138	0	0	0	0	172	0	0	0	0	0	0	0	0	0	0	0	0	0	0	0	0	0	0	0	0	0	0	0	0	0	0	0	0	0	0	0	0	0	0	0	0	0	
355928	Cingulum_Ant_R	1172	0	4862	23912	822	3948	3460	3354	172	148	498	800	954	2888	308	810	0	120	4936	6250	1424	1574	15784	25140	244	3970	190	452	1524	776	24088	0	4510	19050	0	0	0	158	0	0	0	0	0	0	0	0	0	0	0	0	0	0	0	0	0	0	292	0	0	0	0	0	0	0	0	0	0	0	0	0	2532	9688	606	6548	0	0	0	0	0	0	0	0	0	0	0	0	0	0	0	0	0	0	0	0	0	0	0	0	0	0	0	0	0	0	0	0	0	0	0	0	0	0	0	0	0	0	
305200	Cingulum_Mid_L	376	136	8990	1970	1506	0	3804	216	0	0	502	102	2990	216	1676	0	470	0	16948	7524	0	0	8512	408	144	0	0	0	5592	0	7096	4510	0	16950	4168	704	276	0	186	0	0	0	1632	504	4302	1640	454	0	5214	1448	3868	902	1088	0	262	0	2412	132	730	0	626	0	328	0	0	174	11772	3690	6044	630	2638	0	4828	0	0	0	120	0	0	0	272	0	248	0	232	156	0	0	282	0	0	0	0	0	0	0	0	0	0	0	0	0	0	0	0	0	0	0	0	0	0	0	0	0	0	0	
513272	Cingulum_Mid_R	162	1078	6570	20292	614	0	1644	4498	0	0	0	2574	642	2940	0	232	130	422	31288	48032	0	0	11712	12662	98	0	0	0	782	1362	6852	19050	16950	0	1402	9912	0	418	0	114	0	0	108	3576	168	2736	0	374	0	2060	0	1408	0	722	0	292	0	1178	0	106	0	0	0	0	0	244	2032	12156	9072	14554	228	306	182	1060	0	0	0	0	0	0	0	190	0	0	0	908	0	0	0	544	0	0	0	0	0	0	0	0	0	0	0	0	0	0	0	0	0	0	0	0	0	0	0	0	0	0	
147368	Cingulum_Post_L	748	100	318	2144	0	0	0	0	0	0	0	0	0	0	0	0	0	0	1428	3122	0	0	0	0	0	0	0	0	342	214	174	0	4168	1402	0	7062	4432	4400	2830	1244	0	0	7996	0	3028	202	5954	208	188	0	476	0	260	0	404	0	956	0	0	0	0	0	0	0	0	0	10950	1440	4606	524	0	0	0	276	0	0	398	1230	326	0	0	0	0	0	134	0	0	0	0	0	0	0	0	0	0	0	0	0	0	0	0	0	0	0	0	0	0	0	0	0	0	0	0	0	0	0	
176656	Cingulum_Post_R	510	854	612	2844	0	0	0	0	0	0	0	0	0	0	0	0	0	0	1320	8962	0	0	0	0	0	0	0	0	752	296	0	0	704	9912	7062	0	4172	8112	2060	2740	0	0	0	4818	104	1348	1510	2266	0	1128	0	480	0	712	0	376	0	608	0	0	0	0	0	0	0	0	1568	11780	542	5374	0	0	0	292	0	0	562	2514	748	0	0	0	0	0	0	258	0	0	0	212	0	0	0	0	0	0	0	0	0	0	0	0	0	0	0	0	0	0	0	0	216	0	0	0	0	0	
347720	Hippocampus_L	6382	358	11072	4352	0	0	3362	0	0	0	1404	0	190	0	0	0	862	0	5024	4690	0	0	0	0	0	0	0	0	15120	386	132	0	276	0	4432	4172	0	6448	21588	970	8560	0	1294	0	0	0	5352	238	0	0	170	0	2320	0	16428	188	676	0	0	0	0	0	0	0	0	0	1878	340	656	0	678	158	8142	494	422	0	7020	4578	8416	0	2036	0	1398	0	906	0	220	0	9448	0	154	0	0	0	0	0	302	0	168	0	0	0	0	0	0	0	0	0	0	0	0	0	0	0	0	0	
375112	Hippocampus_R	1126	4298	1570	12376	0	162	0	1320	0	230	0	3866	0	614	0	346	0	524	930	9178	0	0	0	100	0	0	0	0	1104	8436	0	158	0	418	4400	8112	6448	0	2786	26786	0	8870	124	1022	0	344	1826	5284	0	440	0	140	0	114	188	21922	0	592	0	0	0	0	0	146	0	0	480	4930	214	438	0	840	214	14050	0	744	2774	8166	1364	348	116	3182	0	1442	0	1084	0	0	126	8574	0	100	0	0	114	0	140	984	0	168	0	0	0	0	0	0	0	0	0	0	664	0	0	0	0	0	
167412	ParaHippocampal_L	714	0	1908	1390	0	0	288	0	0	0	550	0	96	0	0	0	130	0	1274	1646	972	0	0	0	0	0	0	0	4224	146	0	0	186	0	2830	2060	21588	2786	0	790	4106	0	806	0	0	0	5258	246	0	0	0	0	1216	0	11822	0	152	0	0	0	0	0	0	0	0	0	1200	302	298	0	0	0	3148	346	0	0	2034	1166	0	0	440	0	962	0	310	0	168	0	3506	0	720	0	0	0	106	0	614	0	790	0	0	0	246	0	0	0	0	0	0	166	0	0	0	0	0	0	
197016	ParaHippocampal_R	0	100	0	686	0	122	0	316	0	0	0	2548	0	306	0	224	0	0	136	516	0	588	0	0	0	0	0	0	0	3970	0	0	0	114	1244	2740	970	26786	790	0	0	7714	0	682	0	124	566	5328	0	106	0	0	0	206	0	18208	0	0	0	0	0	0	0	0	0	0	254	3258	0	0	0	318	0	7256	0	272	0	1982	0	0	0	1168	0	1550	0	928	0	506	0	2810	0	194	0	0	0	0	0	2044	0	472	0	0	0	0	0	0	0	0	0	0	406	0	0	0	0	0	
55128	Amygdala_L	0	0	204	0	188	0	0	0	0	0	0	0	0	0	116	0	0	0	192	110	514	0	0	0	0	0	0	0	3628	0	0	0	0	0	0	0	8560	0	4106	0	0	0	0	0	0	0	0	0	0	0	0	0	0	0	4174	0	0	0	0	0	0	0	0	0	0	0	0	0	0	0	206	0	1126	0	0	0	0	0	0	0	152	0	2262	0	334	0	278	0	1414	0	0	0	0	0	0	0	0	0	0	0	0	0	0	0	0	0	0	0	0	0	0	0	0	0	0	0	
57716	Amygdala_R	0	0	0	0	0	0	0	0	0	0	0	176	0	0	0	194	0	0	0	0	0	430	0	0	0	0	0	0	0	1836	0	0	0	0	0	0	0	8870	0	7714	0	0	0	0	0	0	0	0	0	0	0	0	0	0	0	5262	0	0	0	0	0	0	0	0	0	0	0	0	0	0	0	0	0	2648	0	0	0	0	0	0	0	120	0	1608	0	0	0	0	0	0	0	0	0	0	0	0	0	0	0	0	0	0	0	0	0	0	0	0	0	0	0	0	0	0	0	0	
273152	Calcarine_L	364	0	246	0	0	0	0	0	0	0	0	0	0	0	0	0	148	0	170	152	0	0	0	0	0	0	0	0	312	0	0	0	1632	108	7996	0	1294	124	806	0	0	0	0	6582	16426	4228	17196	3422	8990	848	11764	0	6180	0	5736	220	4358	0	1510	0	1118	0	234	0	268	0	25902	1688	4746	0	0	0	0	0	0	0	160	0	0	0	0	0	0	0	1028	0	0	0	492	0	0	0	0	0	0	0	0	0	0	0	0	0	0	0	0	0	0	0	0	0	128	0	0	0	0	0	
393088	Calcarine_R	0	3448	0	0	0	0	0	0	0	0	0	0	0	0	0	0	0	0	0	960	0	0	0	0	0	0	0	0	0	0	0	0	504	3576	0	4818	0	1022	0	682	0	0	6582	0	6494	31096	1792	18614	178	26072	0	13502	0	12220	0	5748	0	5360	0	832	0	352	0	332	0	1012	2286	36032	328	5500	0	0	0	0	0	0	0	0	0	0	0	630	0	0	0	3522	0	0	0	2126	0	556	0	0	0	0	0	0	0	196	0	0	0	0	0	0	0	0	0	0	172	0	0	0	0	0	
245032	Cuneus_L	296	0	0	0	0	0	0	0	0	0	0	0	0	0	0	0	0	0	158	0	0	0	0	0	0	0	0	0	142	0	0	0	4302	168	3028	104	0	0	0	0	0	0	16426	6494	0	11376	3656	798	23562	3122	12160	436	1842	0	646	0	1878	0	2016	0	444	0	214	0	120	0	23120	2770	2630	0	0	0	0	0	0	0	0	0	0	0	0	0	0	0	608	0	0	0	0	0	0	0	0	0	0	0	0	0	0	0	0	0	0	0	0	0	0	0	0	0	0	0	0	0	0	0	
394680	Cuneus_R	0	3778	0	386	0	0	0	0	0	0	0	118	0	0	0	0	0	160	0	444	0	0	0	0	0	0	0	0	0	0	0	0	1640	2736	202	1348	0	344	0	124	0	0	4228	31096	11376	0	490	3604	1812	47926	522	17194	0	2998	0	1470	0	3878	254	6144	0	428	0	186	0	2592	8014	37038	0	2206	0	0	0	0	0	0	0	0	0	0	0	156	0	0	0	2022	0	0	0	202	0	106	0	0	0	0	0	0	0	0	0	0	0	0	0	0	0	0	0	0	118	0	0	0	0	0	
294352	Lingual_L	150	0	210	764	0	0	0	0	0	0	0	0	0	0	0	0	0	0	162	826	0	0	0	0	0	0	0	0	0	0	0	0	454	0	5954	1510	5352	1826	5258	566	0	0	17196	1792	3656	490	0	4372	1988	188	7600	0	9160	200	23056	1320	360	0	108	0	0	0	0	0	0	0	10890	784	1088	0	0	0	0	170	0	0	686	536	0	0	0	0	0	0	258	0	0	0	448	0	8292	692	0	0	372	0	6718	1384	11904	1938	0	0	0	0	0	0	0	0	126	166	2384	3236	586	0	0	0	
241300	Lingual_R	0	180	0	330	0	0	0	0	0	0	0	0	0	0	0	0	0	0	0	418	0	0	0	0	0	0	0	0	0	104	0	0	0	374	208	2266	238	5284	246	5328	0	0	3422	18614	798	3604	4372	0	0	4082	0	2602	0	8496	1098	15198	0	134	0	0	0	0	0	0	0	0	340	10968	0	230	0	0	0	350	0	0	0	1594	0	0	0	0	0	0	0	226	0	0	0	1864	2224	2482	0	0	248	288	960	3590	3490	6436	0	0	0	0	0	0	0	0	0	114	3232	4450	168	0	0	0	
315836	Occipital_Sup_L	616	0	148	0	0	0	0	0	0	0	0	0	0	0	0	0	246	0	0	0	0	0	0	0	0	0	0	0	382	0	0	0	5214	0	188	0	0	0	0	0	0	0	8990	178	23562	1812	1988	0	0	244	35556	0	6094	0	656	0	6758	0	16016	0	4398	0	1160	0	2720	0	29676	230	5412	0	130	0	0	0	0	0	0	0	0	0	190	0	0	0	4280	0	0	0	1074	0	0	0	0	0	0	0	0	0	0	0	0	0	0	0	0	0	0	0	0	0	0	0	0	0	0	0	
494708	Occipital_Sup_R	0	12066	0	606	0	0	0	0	0	0	0	190	0	0	0	0	0	808	0	606	0	0	0	0	0	0	0	0	0	146	0	0	1448	2060	0	1128	0	440	0	106	0	0	848	26072	3122	47926	188	4082	244	0	0	42360	0	4170	0	2162	0	12714	0	14786	0	3858	0	3182	0	11988	3632	33718	0	7300	0	0	0	0	0	0	0	0	0	142	0	884	0	0	0	3762	0	0	0	610	0	0	0	0	0	0	0	0	0	0	0	0	0	0	0	0	0	0	0	0	0	0	0	0	0	0	
546296	Occipital_Mid_L	1786	0	600	0	0	0	528	0	0	0	0	0	0	0	0	0	542	0	178	0	0	0	0	0	0	0	0	0	1164	0	0	0	3868	0	476	0	170	0	0	0	0	0	11764	0	12160	522	7600	0	35556	0	0	0	29020	0	7836	0	14824	0	28246	0	18280	0	4220	0	20312	0	27440	0	12552	0	208	0	0	0	0	0	0	0	520	0	998	0	0	0	26128	0	0	0	5650	0	0	0	0	0	0	0	0	0	0	0	0	0	0	0	0	0	0	0	0	0	0	0	0	0	0	0	
394508	Occipital_Mid_R	0	7348	0	192	0	0	0	0	0	0	0	0	0	0	0	0	0	792	0	644	0	0	0	0	0	0	0	0	0	366	0	0	902	1408	0	480	0	140	0	0	0	0	0	13502	436	17194	0	2602	0	42360	0	0	0	9182	0	3476	0	8264	0	9404	0	6446	0	3028	0	23232	1186	15902	0	5810	0	0	0	0	0	0	0	0	0	100	0	2186	0	0	0	18828	0	0	0	1844	0	0	0	0	0	0	0	0	0	0	0	0	0	0	0	0	0	0	0	0	0	0	0	0	0	0	
239444	Occipital_Inf_L	936	0	360	0	0	0	374	0	0	0	0	0	0	0	0	0	106	0	0	0	0	0	0	0	0	0	0	0	974	0	0	0	1088	0	260	0	2320	0	1216	0	0	0	6180	0	1842	0	9160	0	6094	0	29020	0	0	0	17776	0	3376	0	3152	0	1720	0	860	0	894	0	6432	0	3728	0	0	0	0	0	0	0	96	0	962	0	938	0	0	0	8896	0	0	0	10740	0	222	0	0	0	0	0	0	0	0	0	0	0	0	0	0	0	0	0	0	0	0	0	0	0	0	0	
148460	Occipital_Inf_R	0	468	0	334	0	0	0	0	0	0	0	0	0	0	0	0	0	294	0	816	0	0	0	0	0	0	0	0	0	358	0	0	0	722	0	712	0	114	0	206	0	0	0	12220	0	2998	200	8496	0	4170	0	9182	0	0	0	11944	0	264	0	0	0	0	0	110	0	200	0	6888	0	840	0	0	0	0	0	0	0	0	0	0	0	228	0	0	0	3536	0	0	0	5836	244	116	0	0	0	0	108	126	438	1038	0	0	0	0	0	0	0	0	0	0	196	828	0	0	0	0	
403884	Fusiform_L	2288	0	1844	144	0	0	714	0	0	0	274	0	0	0	0	0	430	0	998	394	0	0	0	0	0	0	0	0	4342	0	0	0	262	0	404	0	16428	188	11822	0	4174	0	5736	0	646	0	23056	1098	656	0	7836	0	17776	0	0	338	1340	0	146	0	184	0	278	0	98	0	2264	0	1764	0	0	0	2306	0	0	0	776	180	1986	0	1736	0	2400	0	4706	0	2928	0	20208	0	17370	492	650	0	250	0	7806	1248	21286	1242	278	0	686	0	0	0	0	0	0	0	2282	2820	384	0	0	0	
381064	Fusiform_R	0	438	0	836	0	0	0	196	0	0	0	2044	0	268	0	0	0	148	156	764	0	0	0	0	0	0	0	0	0	5232	0	0	0	292	0	376	188	21922	0	18208	0	5262	220	5748	0	1470	1320	15198	0	2162	0	3476	0	11944	338	0	0	120	0	0	0	0	0	0	0	0	0	2118	0	312	0	134	0	5730	0	162	0	748	0	254	0	4672	0	4580	0	2418	0	1374	0	16856	1246	13324	0	1352	0	464	662	8192	2026	17258	0	670	0	788	0	0	0	0	0	0	3054	3526	286	0	0	0	
339752	Postcentral_L	24460	0	4202	256	0	0	2284	0	0	0	5804	0	1338	0	0	0	11062	0	2618	610	0	0	0	0	0	0	0	0	7288	0	584	292	2412	0	956	0	676	0	152	0	0	0	4358	0	1878	0	360	0	6758	0	14824	0	3376	0	1340	0	0	0	12494	0	16522	0	7312	0	3040	0	9810	0	9560	0	862	0	100	0	0	0	188	0	3618	0	2592	0	0	0	4250	0	0	0	1640	0	0	0	0	0	0	0	0	0	0	0	0	0	0	0	0	0	0	0	0	0	0	0	0	0	0	0	
328916	Postcentral_R	0	35406	0	3460	0	0	0	886	0	0	0	3382	0	140	0	264	0	5008	166	2352	0	0	0	0	0	0	0	0	0	3900	0	0	132	1178	0	608	0	592	0	0	0	0	0	5360	0	3878	0	134	0	12714	0	8264	0	264	0	120	0	0	0	10394	0	8678	0	14770	0	5696	210	14482	0	14312	110	414	0	1580	0	324	0	248	0	482	0	1198	0	0	0	2446	0	0	0	906	0	0	0	0	0	0	0	0	0	0	0	0	0	0	0	0	0	0	0	0	0	0	0	0	0	0	
290200	Parietal_Sup_L	788	0	354	0	0	0	366	0	0	0	194	0	0	0	0	0	324	0	0	0	0	0	0	0	0	0	0	0	834	0	0	0	730	0	0	0	0	0	0	0	0	0	1510	0	2016	254	108	0	16016	0	28246	0	3152	0	146	0	12494	0	0	0	17894	0	2376	0	11092	0	22966	122	7912	0	0	0	0	0	0	0	0	0	508	0	696	0	0	0	10034	0	0	0	3968	0	0	0	0	0	0	0	0	0	0	0	0	0	0	0	0	0	0	0	0	0	0	0	0	0	0	0	
219572	Parietal_Sup_R	0	4712	0	908	0	0	0	0	0	0	0	258	0	0	0	0	0	0	0	432	0	0	0	0	0	0	0	0	0	0	0	0	0	106	0	0	0	0	0	0	0	0	0	832	0	6144	0	0	0	14786	0	9404	0	0	0	0	0	10394	0	0	0	15532	0	5452	0	18868	0	13050	0	2534	0	0	0	0	0	0	0	0	0	0	0	384	0	0	0	4726	0	0	0	1264	0	0	0	0	0	0	0	0	0	0	0	0	0	0	0	0	0	0	0	0	0	0	0	0	0	0	
249572	Parietal_Inf_L	2050	0	422	0	0	0	432	0	0	0	270	0	0	0	0	0	488	0	0	0	0	0	0	0	0	0	0	0	1002	0	0	0	626	0	0	0	0	0	0	0	0	0	1118	0	444	0	0	0	4398	0	18280	0	1720	0	184	0	16522	0	17894	0	0	0	16254	0	18424	0	4434	0	2226	0	0	0	0	0	0	0	0	0	514	0	1538	0	0	0	10966	0	0	0	4580	0	0	0	0	0	0	0	0	0	0	0	0	0	0	0	0	0	0	0	0	0	0	0	0	0	0	0	
205396	Parietal_Inf_R	0	3166	0	234	0	0	0	0	0	0	0	350	0	0	0	0	0	0	0	158	0	0	0	0	0	0	0	0	0	0	0	0	0	0	0	0	0	0	0	0	0	0	0	352	0	428	0	0	0	3858	0	6446	0	0	0	0	0	8678	0	15532	0	0	0	16108	0	30396	0	830	0	1334	0	0	0	0	0	0	0	0	0	0	0	1720	0	0	0	10606	0	0	0	2502	0	0	0	0	0	0	0	0	0	0	0	0	0	0	0	0	0	0	0	0	0	0	0	0	0	0	
133556	SupraMarginal_L	838	0	358	0	0	0	148	0	0	0	0	0	0	0	0	0	1934	0	234	0	0	0	0	0	0	0	0	0	1324	0	0	0	328	0	0	0	0	0	0	0	0	0	234	0	214	0	0	0	1160	0	4220	0	860	0	278	0	7312	0	2376	0	16254	0	0	0	5162	0	2246	0	1076	0	0	0	0	0	0	0	0	0	280	0	5634	0	0	0	10958	0	0	0	3350	0	0	0	0	0	0	0	0	0	0	0	0	0	0	0	0	0	0	0	0	0	0	0	0	0	0	0	
196212	SupraMarginal_R	0	4904	0	896	0	0	0	0	0	0	0	1056	0	0	0	134	0	3566	0	700	0	0	0	0	0	0	0	0	0	478	0	0	0	0	0	0	0	146	0	0	0	0	0	332	0	186	0	0	0	3182	0	3028	0	110	0	0	0	14770	0	5452	0	16108	0	0	0	13354	0	728	0	1806	0	168	0	162	0	0	0	0	0	262	0	11896	0	0	0	11902	0	0	0	2780	0	0	0	0	0	0	0	0	0	0	0	0	0	0	0	0	0	0	0	0	0	0	0	0	0	0	
147052	Angular_L	0	0	0	0	0	0	0	0	0	0	0	0	0	0	0	0	0	0	0	0	0	0	0	0	0	0	0	0	0	0	0	0	0	0	0	0	0	0	0	0	0	0	268	0	120	0	0	0	2720	0	20312	0	894	0	98	0	3040	0	11092	0	18424	0	5162	0	0	0	1638	0	754	0	0	0	0	0	0	0	0	0	0	0	928	0	0	0	7212	0	0	0	864	0	0	0	0	0	0	0	0	0	0	0	0	0	0	0	0	0	0	0	0	0	0	0	0	0	0	0	
294036	Angular_R	0	2740	0	342	0	0	0	0	0	0	0	0	0	0	0	0	0	356	0	214	0	0	0	0	0	0	0	0	0	0	0	0	174	244	0	0	0	0	0	0	0	0	0	1012	0	2592	0	0	0	11988	0	23232	0	200	0	0	0	5696	0	18868	0	30396	0	13354	0	0	142	3226	0	1428	0	0	0	0	0	0	0	0	0	110	0	6942	0	0	0	21112	0	0	0	2650	0	0	0	0	0	0	0	0	0	0	0	0	0	0	0	0	0	0	0	0	0	0	0	0	0	0	
525232	Precuneus_L	1428	248	454	0	0	0	246	0	0	0	188	0	0	0	0	0	454	0	644	670	0	0	0	0	0	0	0	0	920	0	96	0	11772	2032	10950	1568	1878	480	1200	254	0	0	25902	2286	23120	8014	10890	340	29676	3632	27440	1186	6432	0	2264	0	9810	210	22966	0	4434	0	2246	0	1638	142	0	12902	17008	444	244	0	0	0	0	0	164	98	158	0	776	0	0	0	9072	96	0	0	3544	0	0	0	0	0	0	0	0	0	0	0	0	0	0	0	0	0	0	0	0	0	0	0	0	0	0	0	
540968	Precuneus_R	0	10204	0	724	0	0	0	0	0	0	0	250	0	0	0	0	0	136	562	4018	0	0	0	0	0	0	0	0	0	0	0	0	3690	12156	1440	11780	340	4930	302	3258	0	0	1688	36032	2770	37038	784	10968	230	33718	0	15902	0	6888	0	2118	0	14482	122	13050	0	830	0	728	0	3226	12902	0	866	12646	0	0	0	0	0	0	0	898	0	0	0	816	0	0	0	4478	0	0	0	2298	0	0	0	0	0	0	0	288	0	0	0	0	0	0	0	0	0	0	0	0	928	0	0	0	0	0	
317532	Paracentral_Lobule_L	5826	112	1408	5724	0	0	156	0	0	0	160	0	0	0	0	0	160	0	18440	16676	0	0	0	0	0	0	0	0	438	0	0	0	6044	9072	4606	542	656	214	298	0	0	0	4746	328	2630	0	1088	0	5412	0	12552	0	3728	0	1764	0	9560	0	7912	0	2226	0	1076	0	754	0	17008	866	0	3712	998	558	216	0	0	0	2164	186	0	0	270	0	0	0	6050	0	0	0	2430	0	0	0	0	0	0	0	0	0	0	0	0	0	0	0	0	0	0	0	0	0	0	0	0	0	0	0	
232232	Paracentral_Lobule_R	0	13672	0	260	0	0	0	0	0	0	0	0	0	0	0	0	0	130	862	15552	0	0	0	0	0	0	0	0	0	0	0	0	630	14554	524	5374	0	438	0	0	0	0	0	5500	0	2206	0	230	0	7300	0	5810	0	840	0	312	0	14312	0	2534	0	1334	0	1806	0	1428	444	12646	3712	0	0	0	0	0	0	0	0	0	0	0	0	512	0	0	0	2276	0	0	0	918	0	0	0	0	0	0	0	0	0	0	0	0	0	0	0	0	0	0	0	0	0	0	0	0	0	0	
235812	Caudate_L	3940	284	7964	2392	1976	666	1468	1788	380	0	1618	434	1068	744	2956	348	1480	0	12774	3566	6468	5680	1216	296	590	0	1748	944	6676	936	6670	2532	2638	228	0	0	678	0	0	0	206	0	0	0	0	0	0	0	130	0	208	0	0	0	0	0	862	110	0	0	0	0	0	0	0	0	244	0	998	0	0	9108	12286	1266	856	0	6686	0	0	0	1266	0	534	0	0	0	0	0	0	0	0	0	0	0	0	0	0	0	0	0	0	0	0	0	0	0	0	0	0	0	0	0	0	0	0	0	
379828	Caudate_R	0	1298	852	27012	512	7858	522	2328	180	1902	0	1690	120	1158	502	9284	0	302	4474	25400	4000	5798	358	5248	0	5336	326	2426	1064	5706	4352	9688	0	306	0	0	158	840	0	318	0	0	0	0	0	0	0	0	0	0	0	0	0	0	0	134	0	414	0	0	0	0	0	168	0	0	0	0	558	0	9108	0	2914	23932	96	736	562	19108	0	0	0	140	0	470	0	0	0	0	0	0	0	0	0	0	120	0	0	0	0	0	0	0	0	0	0	0	0	0	0	136	0	0	0	0	0	0	
345616	Putamen_L	2634	0	27688	288	8560	400	3594	0	1510	0	1586	0	1654	0	7500	96	354	0	19480	3428	3790	3178	4228	562	808	114	952	602	21342	0	6774	606	4828	182	0	0	8142	214	3148	0	1126	0	0	0	0	0	0	0	0	0	0	0	0	0	2306	0	100	0	0	0	0	0	0	0	0	0	0	0	216	0	12286	2914	0	470	5502	0	1846	114	142	0	1866	0	3274	0	190	0	0	0	2214	0	0	0	0	0	0	0	0	0	0	0	0	0	0	0	0	0	0	0	0	0	0	0	0	0	0	0	
402700	Putamen_R	102	2640	208	18258	274	6798	0	7986	100	1710	0	12874	0	4020	0	6878	0	2238	3968	8302	1028	2756	202	4644	0	3186	98	2116	166	28288	2138	6548	0	1060	276	292	494	14050	346	7256	0	2648	0	0	0	0	170	350	0	0	0	0	0	0	0	5730	0	1580	0	0	0	0	0	162	0	0	0	0	0	0	1266	23932	470	0	0	3224	242	2226	0	850	0	2920	0	3378	0	0	0	0	0	722	0	0	0	0	0	0	0	180	0	0	0	0	0	0	0	0	0	0	0	0	0	0	0	0	0	0	
39076	Pallidum_L	1106	0	6176	0	0	0	220	0	0	0	0	0	0	0	0	0	0	0	4020	0	0	0	0	0	0	0	0	0	132	0	0	0	0	0	0	0	422	0	0	0	0	0	0	0	0	0	0	0	0	0	0	0	0	0	0	0	0	0	0	0	0	0	0	0	0	0	0	0	0	0	856	96	5502	0	0	0	1008	0	0	0	0	0	0	0	0	0	0	0	0	0	0	0	0	0	0	0	0	0	0	0	0	0	0	0	0	0	0	0	0	0	0	0	0	0	0	0	
20288	Pallidum_R	0	568	0	1040	0	0	0	876	0	0	0	590	0	0	0	0	0	578	0	416	0	0	0	0	0	0	0	0	0	302	0	0	0	0	0	0	0	744	0	272	0	0	0	0	0	0	0	0	0	0	0	0	0	0	0	162	0	324	0	0	0	0	0	0	0	0	0	0	0	0	0	736	0	3224	0	0	0	0	0	312	0	0	0	0	0	0	0	0	0	0	0	0	0	0	0	0	0	0	0	0	0	0	0	0	0	0	0	0	0	0	0	0	0	0	0	0	
155356	Thalamus_L	10030	268	8386	2700	0	0	504	232	0	0	596	0	0	0	0	0	686	0	13832	2446	0	0	0	0	0	0	0	0	2380	212	0	0	120	0	398	562	7020	2774	2034	0	0	0	160	0	0	0	686	0	0	0	0	0	96	0	776	0	188	0	0	0	0	0	0	0	0	0	164	0	2164	0	6686	562	1846	242	1008	0	0	4330	2502	0	650	0	0	0	0	0	0	0	438	0	0	0	0	0	0	0	0	0	0	0	0	0	0	0	0	0	0	0	0	0	0	0	0	0	0	0	
229820	Thalamus_R	1294	3094	1758	26492	0	0	0	618	0	0	0	542	0	0	0	0	0	0	808	25038	0	0	0	0	0	0	0	0	1070	1096	0	0	0	0	1230	2514	4578	8166	1166	1982	0	0	0	0	0	0	536	1594	0	0	0	0	0	0	180	748	0	248	0	0	0	0	0	0	0	0	98	898	186	0	0	19108	114	2226	0	0	4330	0	1430	0	126	0	0	0	0	0	0	0	102	530	0	0	0	0	184	0	96	284	0	0	0	0	0	0	0	0	0	0	0	180	266	0	0	0	0	0	
146264	Heschl_L	5214	0	5420	1074	0	0	3504	0	0	0	1330	0	198	0	0	0	5796	0	1060	1032	0	0	0	0	0	0	0	0	13842	0	172	0	0	0	326	748	8416	1364	0	0	0	0	0	0	0	0	0	0	0	0	520	0	962	0	1986	0	3618	0	508	0	514	0	280	0	0	0	158	0	0	0	0	0	142	0	0	0	2502	1430	0	0	4068	0	0	0	2524	0	0	0	4424	0	0	0	0	0	0	0	0	0	0	0	0	0	0	0	0	0	0	0	0	0	0	0	0	0	0	0	
41164	Heschl_R	0	350	0	650	0	0	0	120	0	0	0	108	0	0	0	0	0	5064	0	546	0	0	0	0	0	0	0	0	0	4162	0	0	0	0	0	0	0	348	0	0	0	0	0	0	0	0	0	0	0	142	0	100	0	0	0	254	0	482	0	0	0	0	0	262	0	110	0	0	0	0	0	0	0	850	0	312	0	0	0	0	0	5226	0	0	0	354	0	0	0	1142	0	0	0	0	0	0	0	0	0	0	0	0	0	0	0	0	0	0	0	0	0	0	0	0	0	0	
337140	Temporal_Sup_L	3638	0	8862	174	0	0	2334	0	0	0	10150	0	1160	0	0	0	16784	0	7936	1316	0	0	0	0	0	0	0	0	26806	0	0	0	272	0	0	0	2036	116	440	0	152	0	0	0	0	0	0	0	190	0	998	0	938	0	1736	0	2592	0	696	0	1538	0	5634	0	928	0	776	0	270	0	1266	0	1866	0	0	0	650	126	4068	0	0	0	4264	0	35770	0	0	0	22088	0	0	0	0	0	0	0	0	0	0	0	0	0	0	0	0	0	0	0	0	0	0	0	0	0	0	0	
220312	Temporal_Sup_R	0	762	0	922	0	0	0	0	0	0	0	3572	0	200	0	0	0	7734	582	1110	0	0	0	0	0	0	0	0	0	11852	0	0	0	190	0	0	0	3182	0	1168	0	120	0	630	0	156	0	0	0	884	0	2186	0	228	0	4672	0	1198	0	384	0	1720	0	11896	0	6942	0	816	0	512	0	140	0	2920	0	0	0	0	0	5226	0	0	0	4634	0	20142	0	462	0	13014	0	0	0	0	0	0	0	0	0	0	0	0	0	0	0	0	0	0	0	0	0	0	0	0	0	0	
125336	Temporal_Pole_Sup_L	0	0	2806	0	960	0	1032	0	290	0	3170	0	2012	0	4938	0	1754	0	2430	120	1282	0	0	0	0	0	0	0	11390	0	0	0	248	0	0	0	1398	0	962	0	2262	0	0	0	0	0	0	0	0	0	0	0	0	0	2400	0	0	0	0	0	0	0	0	0	0	0	0	0	0	0	534	0	3274	0	0	0	0	0	0	0	4264	0	0	0	6484	0	3236	0	5422	0	0	0	0	0	0	0	0	0	0	0	0	0	0	0	0	0	0	0	0	0	0	0	0	0	0	0	
72388	Temporal_Pole_Sup_R	0	0	0	306	0	350	0	0	0	0	0	2672	0	126	0	644	0	556	414	430	0	288	0	0	0	0	0	132	0	4996	0	0	0	0	0	0	0	1442	0	1550	0	1608	0	0	0	0	0	0	0	0	0	0	0	0	0	4580	0	0	0	0	0	0	0	0	0	0	0	0	0	0	0	470	0	3378	0	0	0	0	0	0	0	4634	0	0	0	1220	0	2506	0	3892	0	0	0	0	0	0	0	0	0	0	0	0	0	0	0	0	0	0	0	0	0	0	0	0	0	0	
427848	Temporal_Mid_L	826	0	1636	0	0	0	1036	0	0	0	1066	0	202	0	0	0	1598	0	804	0	0	0	0	0	0	0	0	0	11264	0	0	0	232	0	134	0	906	0	310	0	334	0	1028	0	608	0	258	0	4280	0	26128	0	8896	0	4706	0	4250	0	10034	0	10966	0	10958	0	7212	0	9072	0	6050	0	0	0	190	0	0	0	0	0	2524	0	35770	0	6484	0	0	0	2514	0	41648	0	0	0	0	0	0	0	0	0	0	0	0	0	0	0	0	0	0	0	0	0	0	0	0	0	0	0	
287036	Temporal_Mid_R	0	2350	0	144	0	0	0	0	0	0	0	0	0	0	0	0	0	852	0	612	0	0	0	0	0	0	0	0	0	1012	0	0	156	908	0	258	0	1084	0	928	0	0	0	3522	0	2022	0	226	0	3762	0	18828	0	3536	0	2418	0	2446	0	4726	0	10606	0	11902	0	21112	96	4478	0	2276	0	0	0	0	0	0	0	0	0	354	0	20142	0	1220	0	0	0	1404	0	20138	0	0	0	0	0	0	0	0	0	0	0	0	0	0	0	0	0	0	0	0	0	0	0	0	0	0	
27132	Temporal_Pole_Mid_L	0	0	0	0	0	0	0	0	0	0	0	0	0	0	0	0	0	0	0	0	0	0	0	0	0	0	0	0	0	0	0	0	0	0	0	0	220	0	168	0	278	0	0	0	0	0	0	0	0	0	0	0	0	0	2928	0	0	0	0	0	0	0	0	0	0	0	0	0	0	0	0	0	0	0	0	0	0	0	0	0	0	0	3236	0	2514	0	0	0	4222	0	0	0	0	0	0	0	0	0	0	0	0	0	0	0	0	0	0	0	0	0	0	0	0	0	0	0	
16976	Temporal_Pole_Mid_R	0	0	0	0	0	0	0	0	0	0	0	0	0	0	0	0	0	0	0	0	0	0	0	0	0	0	0	0	0	108	0	0	0	0	0	0	0	0	0	506	0	0	0	0	0	0	0	0	0	0	0	0	0	0	0	1374	0	0	0	0	0	0	0	0	0	0	0	0	0	0	0	0	0	0	0	0	0	0	0	0	0	462	0	2506	0	1404	0	0	0	2128	0	0	0	0	0	0	0	0	0	0	0	0	0	0	0	0	0	0	0	0	0	0	0	0	0	0	
361600	Temporal_Inf_L	598	0	2940	0	0	0	852	0	0	0	706	0	272	0	0	0	510	0	1162	638	0	0	0	0	0	0	0	0	13474	0	0	0	282	0	0	0	9448	126	3506	0	1414	0	492	0	0	0	448	0	1074	0	5650	0	10740	0	20208	0	1640	0	3968	0	4580	0	3350	0	864	0	3544	0	2430	0	0	0	2214	0	0	0	438	102	4424	0	22088	0	5422	0	41648	0	4222	0	0	0	2840	0	380	0	0	0	204	0	1308	0	292	0	302	0	0	0	0	0	0	0	0	0	0	0	0	0	
218192	Temporal_Inf_R	0	1604	0	1226	0	0	0	0	0	0	0	490	0	0	0	0	0	574	0	1188	0	0	0	0	0	0	0	0	0	5242	0	0	0	544	0	212	0	8574	0	2810	0	0	0	2126	0	202	0	1864	0	610	0	1844	0	5836	0	16856	0	906	0	1264	0	2502	0	2780	0	2650	0	2298	0	918	0	0	0	722	0	0	0	530	0	1142	0	13014	0	3892	0	20138	0	2128	0	0	0	2008	0	216	0	0	0	0	0	0	0	186	0	0	0	0	0	0	0	0	0	0	0	0	0	0	
403812	Cerebelum_Crus1_L	0	0	0	0	0	0	0	0	0	0	0	0	0	0	0	0	0	0	0	0	0	0	0	0	0	0	0	0	0	0	0	0	0	0	0	0	154	0	720	0	0	0	0	0	0	0	8292	2224	0	0	0	0	222	244	17370	1246	0	0	0	0	0	0	0	0	0	0	0	0	0	0	0	0	0	0	0	0	0	0	0	0	0	0	0	0	0	0	0	0	2840	0	0	4466	28170	2326	3254	236	20368	3646	50540	6394	9454	430	10852	528	2064	412	264	0	362	672	6406	10466	5972	494	494	324	
389864	Cerebelum_Crus1_R	0	0	0	0	0	0	0	0	0	0	0	0	0	0	0	0	0	0	0	0	0	0	0	0	0	0	0	0	0	0	0	0	0	0	0	0	0	100	0	194	0	0	0	556	0	106	692	2482	0	0	0	0	0	116	492	13324	0	0	0	0	0	0	0	0	0	0	0	0	0	0	0	0	0	0	0	0	0	0	0	0	0	0	0	0	0	0	0	0	0	2008	4466	0	908	32192	462	5562	1914	16758	4564	46302	540	12460	932	17656	188	2260	0	0	192	1514	5156	8714	9066	1370	1282	404	
284488	Cerebelum_Crus2_L	0	0	0	0	0	0	0	0	0	0	0	0	0	0	0	0	0	0	0	0	0	0	0	0	0	0	0	0	0	0	0	0	0	0	0	0	0	0	0	0	0	0	0	0	0	0	0	0	0	0	0	0	0	0	650	0	0	0	0	0	0	0	0	0	0	0	0	0	0	0	0	0	0	0	0	0	0	0	0	0	0	0	0	0	0	0	0	0	380	0	28170	908	0	7008	1290	0	3484	634	5004	608	36166	3922	32234	2436	7384	268	852	0	0	0	800	614	6770	2224	316	122	
298716	Cerebelum_Crus2_R	0	0	0	0	0	0	0	0	0	0	0	0	0	0	0	0	0	0	0	0	0	0	0	0	0	0	0	0	0	0	0	0	0	0	0	0	0	0	0	0	0	0	0	0	0	0	0	0	0	0	0	0	0	0	0	1352	0	0	0	0	0	0	0	0	0	0	0	0	0	0	0	0	0	0	0	0	0	0	0	0	0	0	0	0	0	0	0	0	0	216	2326	32192	7008	0	292	978	262	1676	854	7274	5020	27164	5382	31932	930	3688	0	198	0	118	0	1672	12422	4344	1772	286	
63632	Cerebelum_3_L	0	0	0	128	0	0	0	0	0	0	0	0	0	0	0	0	0	0	0	124	0	0	0	0	0	0	0	0	0	0	0	0	0	0	0	0	0	114	106	0	0	0	0	0	0	0	372	248	0	0	0	0	0	0	250	0	0	0	0	0	0	0	0	0	0	0	0	0	0	0	0	120	0	0	0	0	0	184	0	0	0	0	0	0	0	0	0	0	0	0	3254	462	1290	292	0	412	9270	678	3512	848	370	0	1844	380	1308	346	0	0	1010	1854	1044	462	778	314	442	0	
70060	Cerebelum_3_R	0	0	0	0	0	0	0	0	0	0	0	0	0	0	0	0	0	0	0	0	0	0	0	0	0	0	0	0	0	0	0	0	0	0	0	0	0	0	0	0	0	0	0	0	0	0	0	288	0	0	0	0	0	0	0	464	0	0	0	0	0	0	0	0	0	0	0	0	0	0	0	0	0	0	0	0	0	0	0	0	0	0	0	0	0	0	0	0	0	0	236	5562	0	978	412	0	610	6550	168	7802	0	118	448	1208	440	1332	0	0	190	2878	630	280	1510	1276	1394	256	
240448	Cerebelum_4_5_L	0	0	0	0	0	0	0	0	0	0	0	0	0	0	0	0	0	0	0	0	0	0	0	0	0	0	0	0	112	0	0	0	0	0	0	0	302	140	614	0	0	0	0	0	0	0	6718	960	0	0	0	0	0	108	7806	662	0	0	0	0	0	0	0	0	0	0	0	0	0	0	0	0	0	0	0	0	0	96	0	0	0	0	0	0	0	0	0	0	204	0	20368	1914	3484	262	9270	610	0	6178	27228	4504	1478	0	3814	290	2468	658	0	0	1322	2352	11018	2580	744	372	760	828	
217608	Cerebelum_4_5_R	0	0	0	0	0	0	0	0	0	0	0	0	0	0	0	0	0	0	0	0	0	0	0	0	0	0	0	0	0	0	0	0	0	0	0	0	0	984	0	2044	0	0	0	0	0	0	1384	3590	0	0	0	0	0	126	1248	8192	0	0	0	0	0	0	0	0	0	0	0	288	0	0	0	0	0	180	0	0	0	284	0	0	0	0	0	0	0	0	0	0	0	0	3646	16758	634	1676	678	6550	6178	0	4802	26504	466	206	818	1538	312	614	0	0	800	1804	12382	1518	1332	398	584	286	
360976	Cerebelum_6_L	0	0	0	0	0	0	0	0	0	0	0	0	0	0	0	0	0	0	0	0	0	0	0	0	0	0	0	0	0	0	0	0	0	0	0	0	168	0	790	0	0	0	0	0	0	0	11904	3490	0	0	0	0	0	438	21286	2026	0	0	0	0	0	0	0	0	0	0	0	0	0	0	0	0	0	0	0	0	0	0	0	0	0	0	0	0	0	0	0	0	1308	0	50540	4564	5004	854	3512	168	27228	4802	0	8366	1806	0	2986	0	518	568	0	0	440	742	8310	13298	3782	272	620	698	
367576	Cerebelum_6_R	0	0	0	0	0	0	0	0	0	0	0	0	0	0	0	0	0	0	0	0	0	0	0	0	0	0	0	0	0	0	0	0	0	0	0	0	0	168	0	472	0	0	0	196	0	0	1938	6436	0	0	0	0	0	1038	1242	17258	0	0	0	0	0	0	0	0	0	0	0	0	0	0	0	0	0	0	0	0	0	0	0	0	0	0	0	0	0	0	0	0	0	0	6394	46302	608	7274	848	7802	4504	26504	8366	0	298	2262	874	4470	252	1786	0	0	936	2550	10118	12650	6328	1442	1754	718	
232612	Cerebelum_7b_L	0	0	0	0	0	0	0	0	0	0	0	0	0	0	0	0	0	0	0	0	0	0	0	0	0	0	0	0	0	0	0	0	0	0	0	0	0	0	0	0	0	0	0	0	0	0	0	0	0	0	0	0	0	0	278	0	0	0	0	0	0	0	0	0	0	0	0	0	0	0	0	0	0	0	0	0	0	0	0	0	0	0	0	0	0	0	0	0	292	0	9454	540	36166	5020	370	0	1478	466	1806	298	0	3594	33010	2880	9764	238	1610	0	0	0	528	100	4906	3254	254	0	
190960	Cerebelum_7b_R	0	0	0	0	0	0	0	0	0	0	0	0	0	0	0	0	0	0	0	0	0	0	0	0	0	0	0	0	0	0	0	0	0	0	0	0	0	0	0	0	0	0	0	0	0	0	0	0	0	0	0	0	0	0	0	670	0	0	0	0	0	0	0	0	0	0	0	0	0	0	0	0	0	0	0	0	0	0	0	0	0	0	0	0	0	0	0	0	0	186	430	12460	3922	27164	0	118	0	206	0	2262	3594	0	3182	27952	134	5334	0	198	0	0	0	144	4302	2904	318	0	
293228	Cerebelum_8_L	0	0	0	0	0	0	0	0	0	0	0	0	0	0	0	0	0	0	0	0	0	0	0	0	0	0	0	0	0	0	0	0	0	0	0	0	0	0	246	0	0	0	0	0	0	0	0	0	0	0	0	0	0	0	686	0	0	0	0	0	0	0	0	0	0	0	0	0	0	0	0	0	0	0	0	0	0	0	0	0	0	0	0	0	0	0	0	0	302	0	10852	932	32234	5382	1844	448	3814	818	2986	874	33010	3182	0	5662	20326	1760	3228	0	0	408	634	740	6964	6522	2336	424	
268608	Cerebelum_8_R	0	0	0	0	0	0	0	0	0	0	0	0	0	0	0	0	0	0	0	0	0	0	0	0	0	0	0	0	0	0	0	0	0	0	0	0	0	0	0	0	0	0	0	0	0	0	0	0	0	0	0	0	0	0	0	788	0	0	0	0	0	0	0	0	0	0	0	0	0	0	0	0	0	0	0	0	0	0	0	0	0	0	0	0	0	0	0	0	0	0	528	17656	2436	31932	380	1208	290	1538	0	4470	2880	27952	5662	0	1998	16082	0	626	0	570	0	444	6856	6018	3460	530	
126228	Cerebelum_9_L	0	0	0	0	0	0	0	0	0	0	0	0	0	0	0	0	0	0	0	0	0	0	0	0	0	0	0	0	0	0	0	0	0	0	0	0	0	0	0	0	0	0	0	0	0	0	0	0	0	0	0	0	0	0	0	0	0	0	0	0	0	0	0	0	0	0	0	0	0	0	0	0	0	0	0	0	0	0	0	0	0	0	0	0	0	0	0	0	0	0	2064	188	7384	930	1308	440	2468	312	518	252	9764	134	20326	1998	0	1952	3942	0	0	388	0	162	2798	2672	2432	682	
116408	Cerebelum_9_R	0	0	0	0	0	0	0	0	0	0	0	0	0	0	0	0	0	0	0	0	0	0	0	0	0	0	0	0	0	0	0	0	0	0	0	0	0	0	0	0	0	0	0	0	0	0	0	0	0	0	0	0	0	0	0	0	0	0	0	0	0	0	0	0	0	0	0	0	0	0	0	0	0	0	0	0	0	0	0	0	0	0	0	0	0	0	0	0	0	0	412	2260	268	3688	346	1332	658	614	568	1786	238	5334	1760	16082	1952	0	236	1060	108	808	490	1974	3766	3918	5966	2580	
20264	Cerebelum_10_L	0	0	0	0	0	0	0	0	0	0	0	0	0	0	0	0	0	0	0	0	0	0	0	0	0	0	0	0	0	0	0	0	0	0	0	0	0	0	0	0	0	0	0	0	0	0	0	0	0	0	0	0	0	0	0	0	0	0	0	0	0	0	0	0	0	0	0	0	0	0	0	0	0	0	0	0	0	0	0	0	0	0	0	0	0	0	0	0	0	0	264	0	852	0	0	0	0	0	0	0	1610	0	3228	0	3942	236	0	0	0	0	0	0	0	0	0	0	
4164	Cerebelum_10_R	0	0	0	0	0	0	0	0	0	0	0	0	0	0	0	0	0	0	0	0	0	0	0	0	0	0	0	0	0	0	0	0	0	0	0	0	0	0	0	0	0	0	0	0	0	0	0	0	0	0	0	0	0	0	0	0	0	0	0	0	0	0	0	0	0	0	0	0	0	0	0	0	0	0	0	0	0	0	0	0	0	0	0	0	0	0	0	0	0	0	0	0	0	198	0	0	0	0	0	0	0	198	0	626	0	1060	0	0	0	0	0	0	0	0	0	0	
21072	Vermis_1_2	0	0	0	0	0	0	0	0	0	0	0	0	0	0	0	0	0	0	0	0	0	0	0	0	0	0	0	0	0	0	0	0	0	0	0	0	0	0	0	0	0	0	0	0	0	0	126	0	0	0	0	0	0	0	0	0	0	0	0	0	0	0	0	0	0	0	0	0	0	0	0	0	0	0	0	0	0	0	0	0	0	0	0	0	0	0	0	0	0	0	362	192	0	0	1010	190	1322	800	440	936	0	0	0	0	0	108	0	0	0	3316	1500	0	0	114	120	0	
53044	Vermis_3	0	0	0	140	0	0	0	0	0	0	0	0	0	0	0	0	0	0	0	140	0	0	0	0	0	0	0	0	0	0	0	0	0	0	0	0	0	0	166	0	0	0	0	0	0	0	166	114	0	0	0	0	0	0	0	0	0	0	0	0	0	0	0	0	0	0	0	0	0	0	0	136	0	0	0	0	0	180	0	0	0	0	0	0	0	0	0	0	0	0	672	1514	0	118	1854	2878	2352	1804	742	2550	0	0	408	570	388	808	0	0	3316	0	2422	0	870	984	1000	230	
162260	Vermis_4_5	0	0	0	0	0	0	0	0	0	0	0	0	0	0	0	0	0	0	0	0	0	0	0	0	0	0	0	0	0	0	0	0	0	0	0	216	0	664	0	406	0	0	128	172	0	118	2384	3232	0	0	0	0	0	196	2282	3054	0	0	0	0	0	0	0	0	0	0	0	928	0	0	0	0	0	0	0	0	0	266	0	0	0	0	0	0	0	0	0	0	0	0	6406	5156	800	0	1044	630	11018	12382	8310	10118	528	0	634	0	0	490	0	0	1500	2422	0	3602	246	160	446	1192	
