data	data	460372	336296	821716	719832	132456	95368	396784	316620	40300	19760	213920	145176	295276	107248	113184	85536	156032	78068	713060	777576	71028	71476	437228	271332	25232	72112	37180	54012	547648	284080	278824	463540	146280	450420	165376	193412	233616	311448	112484	234020	36080	76396	266208	362732	228308	248140	313520	349192	225128	259568	513464	210652	161752	131820	481292	477816	345964	308396	186576	176936	282944	192356	157880	140668	160328	100716	398760	400760	371480	223904	298524	341480	344528	323324	70128	18032	129996	175024	50348	42536	196184	124800	94680	49528	321464	187988	5636	12040	246340	225320	613228	360620	310220	348820	35724	56960	359232	217296	550208	382176	229128	154464	262996	201256	89972	120696	20528	7304	28572	59744	368380	278192	255836	170832	94880	49908	
data	data	Precentral_L	Precentral_R	Frontal_Sup_L	Frontal_Sup_R	Frontal_Sup_Orb_L	Frontal_Sup_Orb_R	Frontal_Mid_L	Frontal_Mid_R	Frontal_Mid_Orb_L	Frontal_Mid_Orb_R	Frontal_Inf_Oper_L	Frontal_Inf_Oper_R	Frontal_Inf_Tri_L	Frontal_Inf_Tri_R	Frontal_Inf_Orb_L	Frontal_Inf_Orb_R	Rolandic_Oper_L	Rolandic_Oper_R	Supp_Motor_Area_L	Supp_Motor_Area_R	Olfactory_L	Olfactory_R	Frontal_Sup_Medial_L	Frontal_Sup_Medial_R	Frontal_Med_Orb_L	Frontal_Med_Orb_R	Rectus_L	Rectus_R	Insula_L	Insula_R	Cingulum_Ant_L	Cingulum_Ant_R	Cingulum_Mid_L	Cingulum_Mid_R	Cingulum_Post_L	Cingulum_Post_R	Hippocampus_L	Hippocampus_R	ParaHippocampal_L	ParaHippocampal_R	Amygdala_L	Amygdala_R	Calcarine_L	Calcarine_R	Cuneus_L	Cuneus_R	Lingual_L	Lingual_R	Occipital_Sup_L	Occipital_Sup_R	Occipital_Mid_L	Occipital_Mid_R	Occipital_Inf_L	Occipital_Inf_R	Fusiform_L	Fusiform_R	Postcentral_L	Postcentral_R	Parietal_Sup_L	Parietal_Sup_R	Parietal_Inf_L	Parietal_Inf_R	SupraMarginal_L	SupraMarginal_R	Angular_L	Angular_R	Precuneus_L	Precuneus_R	Paracentral_Lobule_L	Paracentral_Lobule_R	Caudate_L	Caudate_R	Putamen_L	Putamen_R	Pallidum_L	Pallidum_R	Thalamus_L	Thalamus_R	Heschl_L	Heschl_R	Temporal_Sup_L	Temporal_Sup_R	Temporal_Pole_Sup_L	Temporal_Pole_Sup_R	Temporal_Mid_L	Temporal_Mid_R	Temporal_Pole_Mid_L	Temporal_Pole_Mid_R	Temporal_Inf_L	Temporal_Inf_R	Cerebelum_Crus1_L	Cerebelum_Crus1_R	Cerebelum_Crus2_L	Cerebelum_Crus2_R	Cerebelum_3_L	Cerebelum_3_R	Cerebelum_4_5_L	Cerebelum_4_5_R	Cerebelum_6_L	Cerebelum_6_R	Cerebelum_7b_L	Cerebelum_7b_R	Cerebelum_8_L	Cerebelum_8_R	Cerebelum_9_L	Cerebelum_9_R	Cerebelum_10_L	Cerebelum_10_R	Vermis_1_2	Vermis_3	Vermis_4_5	Vermis_6	Vermis_7	Vermis_8	Vermis_9	Vermis_10	
460372	Precentral_L	0	12760	19116	5706	96	0	21046	4592	0	0	10698	90	1632	0	0	0	5394	228	8680	7962	0	0	780	0	0	0	0	0	6102	0	424	1418	94	2794	466	498	4354	0	666	0	84	0	0	0	0	0	0	0	0	0	1202	0	0	0	200	0	31984	1256	250	144	3998	234	1088	230	0	0	1244	0	37474	652	3122	2530	5470	254	2622	100	15556	1520	1000	0	1170	0	912	0	150	0	0	0	144	0	0	0	0	0	0	0	0	0	0	0	0	0	0	0	0	0	0	0	0	0	0	0	0	0	0	0	
336296	Precentral_R	12760	0	1550	10530	0	0	1116	15332	0	0	576	2314	846	126	0	0	564	1066	2634	7580	0	0	468	0	0	0	0	0	2414	164	238	316	678	2332	736	886	1652	2152	402	534	0	0	0	218	0	0	98	0	0	434	150	424	0	398	84	1180	7078	16544	0	2098	488	3434	272	5028	0	0	194	474	9564	4618	5148	8412	4294	444	734	120	1928	20012	308	238	138	638	114	0	0	1084	0	0	0	1792	0	0	0	0	0	0	0	0	0	0	0	0	0	0	0	0	0	0	0	0	0	0	0	0	0	0	
821716	Frontal_Sup_L	19116	1550	0	8134	12468	0	69756	2226	568	0	17834	1006	27238	0	5606	0	4192	0	57940	10076	118	0	53262	2186	1812	140	98	0	38538	0	17956	8038	5932	2338	0	0	1982	0	0	0	0	0	0	0	0	0	0	0	0	0	242	0	0	0	146	0	2648	272	0	0	358	0	188	0	0	0	254	0	3916	0	5044	2334	16676	494	2656	142	190	174	408	0	1276	0	3192	0	0	0	0	0	138	0	0	0	0	0	0	0	0	0	0	0	0	0	0	0	0	0	0	0	0	0	0	0	0	0	0	0	
719832	Frontal_Sup_R	5706	10530	8134	0	336	3300	1708	30334	0	270	416	6594	766	3562	88	1836	636	2434	31078	78188	0	0	9104	33480	220	2624	0	0	2040	10228	3092	30844	1376	24112	160	124	658	808	0	94	0	108	0	0	0	0	0	0	0	0	0	0	0	0	0	104	800	1198	0	0	160	152	0	178	0	0	0	0	4950	136	3472	15564	3378	13842	886	414	1084	8052	82	0	92	0	256	0	0	0	0	0	0	128	0	0	0	0	0	0	0	0	0	0	0	0	0	0	0	0	0	0	0	0	0	0	0	0	0	0	
132456	Frontal_Sup_Orb_L	96	0	12468	336	0	0	1464	190	7210	0	0	0	1914	0	9984	0	0	0	440	0	1766	458	5730	398	3214	0	3404	238	7226	0	2190	842	0	0	0	0	86	0	110	0	198	0	0	0	0	0	0	0	0	0	0	0	0	0	0	0	0	0	0	0	0	0	0	0	0	0	0	0	0	0	630	202	4318	112	238	0	0	0	0	0	0	0	766	0	0	0	0	0	0	0	0	0	0	0	0	0	0	0	0	0	0	0	0	0	0	0	0	0	0	0	0	0	0	0	0	0	
95368	Frontal_Sup_Orb_R	0	0	0	3300	0	0	0	2066	0	3520	0	0	0	1278	0	4874	0	0	344	484	116	1380	178	3310	182	7614	100	7158	0	1474	174	2612	0	0	0	0	0	0	0	0	0	264	0	0	0	0	0	0	0	0	0	0	0	0	0	0	0	0	0	0	0	0	0	0	0	0	0	0	0	0	136	2196	0	4924	0	0	0	0	0	0	0	0	0	0	0	0	0	0	0	0	0	0	0	0	0	0	0	0	0	0	0	0	0	0	0	0	0	0	0	0	0	0	0	0	0	0	
396784	Frontal_Mid_L	21046	1116	69756	1708	1464	0	0	2194	1176	0	6142	488	26768	0	4280	0	512	0	13950	1132	0	0	15390	416	0	0	0	0	10116	0	1376	638	108	178	0	0	622	0	0	0	0	0	0	0	0	0	0	0	0	0	0	0	0	0	0	0	1820	460	0	0	92	0	0	0	0	0	0	0	222	0	3918	1560	7536	304	810	0	112	240	0	0	160	0	476	0	0	0	0	0	0	106	0	0	0	0	0	0	0	0	0	0	0	0	0	0	0	0	0	0	0	0	0	0	0	0	0	0	
316620	Frontal_Mid_R	4592	15332	2226	30334	190	2066	2194	0	0	1224	1322	10542	3194	10600	268	3118	448	1234	3510	11048	0	0	2800	3286	0	0	0	0	3668	7422	1740	4790	0	2522	0	0	176	490	0	0	0	0	0	0	0	0	0	0	0	0	0	0	0	0	0	96	5306	1706	0	0	256	158	0	174	0	0	0	0	354	0	7636	734	5116	5132	322	0	0	704	0	0	0	0	142	0	0	0	0	0	0	138	0	0	0	0	0	0	0	0	0	0	0	0	0	0	0	0	0	0	0	0	0	0	0	0	0	0	
40300	Frontal_Mid_Orb_L	0	0	568	0	7210	0	1176	0	0	0	0	0	618	0	8358	0	0	0	0	0	0	0	0	0	0	0	1224	0	458	0	0	0	0	0	0	0	0	0	0	0	0	0	0	0	0	0	0	0	0	0	0	0	0	0	0	0	0	0	0	0	0	0	0	0	0	0	0	0	0	0	0	0	152	0	0	0	0	0	0	0	0	0	386	0	0	0	0	0	0	0	0	0	0	0	0	0	0	0	0	0	0	0	0	0	0	0	0	0	0	0	0	0	0	0	0	0	
19760	Frontal_Mid_Orb_R	0	0	0	270	0	3520	0	1224	0	0	0	0	0	1152	0	3634	0	0	0	0	0	0	0	0	0	0	0	0	0	80	0	0	0	0	0	0	0	0	0	0	0	0	0	0	0	0	0	0	0	0	0	0	0	0	0	0	0	0	0	0	0	0	0	0	0	0	0	0	0	0	0	0	0	0	0	0	0	0	0	0	0	0	0	0	0	0	0	0	0	0	0	0	0	0	0	0	0	0	0	0	0	0	0	0	0	0	0	0	0	0	0	0	0	0	0	0	
213920	Frontal_Inf_Oper_L	10698	576	17834	416	0	0	6142	1322	0	0	0	1198	12016	0	218	0	8334	0	8394	482	0	0	1792	0	0	0	0	0	18076	0	460	470	0	110	0	0	400	0	0	0	0	0	0	0	0	0	0	0	0	0	190	0	0	0	0	0	4870	0	0	0	890	0	302	0	0	0	186	0	786	0	900	382	1584	88	802	0	226	0	358	0	2118	0	4340	0	0	0	0	0	0	0	0	0	0	0	0	0	0	0	0	0	0	0	0	0	0	0	0	0	0	0	0	0	0	0	0	0	
145176	Frontal_Inf_Oper_R	90	2314	1006	6594	0	0	488	10542	0	0	1198	0	1930	5094	242	0	0	4228	728	6010	0	0	1836	200	0	0	0	0	3044	12082	1112	1360	0	0	0	0	0	0	0	0	0	0	0	0	0	0	0	0	0	0	0	0	0	0	0	0	0	690	0	106	0	226	0	224	0	0	0	0	0	0	4354	3188	734	2880	0	0	0	0	0	88	0	0	0	0	0	0	0	0	0	0	0	0	0	0	0	0	0	0	0	0	0	0	0	0	0	0	0	0	0	0	0	0	0	0	0	0	
295276	Frontal_Inf_Tri_L	1632	846	27238	766	1914	0	26768	3194	618	0	12016	1930	0	0	10692	0	1082	0	10664	190	0	0	9168	0	0	0	0	0	23578	0	1672	542	0	86	0	0	0	0	0	0	0	0	0	0	0	0	0	0	0	0	0	0	0	0	0	0	650	188	0	0	0	0	0	0	0	0	0	0	0	0	4246	470	5214	84	0	0	0	0	0	0	158	0	1930	0	0	0	0	0	0	102	0	0	0	0	0	0	0	0	0	0	0	0	0	0	0	0	0	0	0	0	0	0	0	0	0	0	
107248	Frontal_Inf_Tri_R	0	126	0	3562	0	1278	0	10600	0	1152	0	5094	0	0	0	8266	0	292	136	1566	0	0	114	1098	0	0	0	0	0	14362	0	2380	0	0	0	0	0	0	0	0	0	0	0	0	0	0	0	0	0	0	0	0	0	0	0	0	0	122	0	0	0	0	0	0	0	0	0	0	0	0	646	1096	90	1644	0	0	0	0	0	0	0	0	0	0	0	0	0	0	0	0	0	0	0	0	0	0	0	0	0	0	0	0	0	0	0	0	0	0	0	0	0	0	0	0	0	0	
113184	Frontal_Inf_Orb_L	0	0	5606	88	9984	0	4280	268	8358	0	218	242	10692	0	0	0	0	0	146	0	1142	0	476	0	0	0	286	0	8542	0	0	0	0	0	0	0	0	0	0	0	112	0	0	0	0	0	0	0	0	0	0	0	0	0	0	0	0	0	0	0	0	0	0	0	0	0	0	0	0	0	264	0	1774	0	0	0	0	0	0	0	0	0	4114	0	0	0	0	0	0	0	0	0	0	0	0	0	0	0	0	0	0	0	0	0	0	0	0	0	0	0	0	0	0	0	0	0	
85536	Frontal_Inf_Orb_R	0	0	0	1836	0	4874	0	3118	0	3634	0	0	0	8266	0	0	0	410	0	90	0	862	0	978	0	0	0	648	0	9288	0	1992	0	0	0	0	0	0	0	258	0	498	0	0	0	0	0	0	0	0	0	0	0	0	0	0	0	0	0	0	0	0	0	0	0	0	0	0	0	0	0	236	0	1268	0	0	0	0	0	202	0	1914	0	2198	0	198	0	0	0	0	0	0	0	0	0	0	0	0	0	0	0	0	0	0	0	0	0	0	0	0	0	0	0	0	0	0	
156032	Rolandic_Oper_L	5394	564	4192	636	0	0	512	448	0	0	8334	0	1082	0	0	0	0	0	1388	462	0	0	0	0	0	0	0	0	15888	0	0	770	0	0	0	0	1332	0	0	0	0	0	270	0	108	0	0	0	130	0	1600	0	306	0	548	0	9876	208	122	0	502	0	1484	0	0	0	1334	0	836	0	922	1500	1036	284	714	100	106	120	2814	0	6560	0	4316	0	686	0	0	0	532	0	0	0	0	0	0	0	0	0	0	0	0	0	0	0	0	0	0	0	0	0	0	0	0	0	0	0	
78068	Rolandic_Oper_R	228	1066	0	2434	0	0	0	1234	0	0	0	4228	0	292	0	410	0	0	100	2180	0	0	0	0	0	0	0	0	0	11174	0	86	0	0	0	0	0	436	0	0	0	0	0	0	0	0	0	0	0	0	0	0	0	0	0	0	0	4410	0	194	0	230	0	2252	0	0	0	80	162	0	170	798	0	3034	0	332	0	0	0	1688	0	1330	0	486	0	0	0	0	0	0	0	0	0	0	0	0	0	0	0	0	0	0	0	0	0	0	0	0	0	0	0	0	0	0	0	0	
713060	Supp_Motor_Area_L	8680	2634	57940	31078	440	344	13950	3510	0	0	8394	728	10664	136	146	0	1388	100	0	58320	0	0	17352	8994	0	0	0	0	13510	1874	11148	12880	13478	26294	1070	896	1676	384	0	0	0	0	0	0	0	0	0	0	0	0	120	0	0	0	0	0	1016	614	0	0	194	0	90	100	0	0	274	0	10342	522	4078	9778	8832	7656	1282	906	780	512	268	0	392	0	766	0	0	0	0	0	0	0	0	0	0	0	0	0	0	0	0	0	0	0	0	0	0	0	0	0	0	0	0	0	0	0	0	0	
777576	Supp_Motor_Area_R	7962	7580	10076	78188	0	484	1132	11048	0	0	482	6010	190	1566	0	90	462	2180	58320	0	0	0	3602	12270	0	0	0	0	1600	8004	1876	23486	7166	51524	1426	2138	492	846	0	286	0	0	0	118	0	320	0	0	0	258	0	94	0	100	108	516	2348	7380	0	0	0	122	0	142	0	0	258	1024	19322	16492	2004	19258	1752	10326	1048	1136	206	2148	130	0	160	80	290	82	0	312	0	0	140	628	0	0	0	0	0	0	0	0	0	0	0	0	0	0	0	0	0	0	0	0	0	0	0	0	0	0	
71028	Olfactory_L	0	0	118	0	1766	116	0	0	0	0	0	0	0	0	1142	0	0	0	0	0	0	4954	0	0	196	342	2716	1524	2474	0	2682	3220	0	0	0	0	220	0	606	0	746	0	0	0	0	0	0	0	0	0	0	0	0	0	0	0	0	0	0	0	0	0	0	0	0	0	0	0	0	0	6004	2860	1218	1790	0	0	0	0	0	0	0	0	820	0	0	0	0	0	0	0	0	0	0	0	0	0	0	0	0	0	0	0	0	0	0	0	0	0	0	0	0	0	0	0	0	0	
71476	Olfactory_R	0	0	0	0	458	1380	0	0	0	0	0	0	0	0	0	862	0	0	0	0	4954	0	0	0	80	700	2098	2534	0	2800	1616	2700	0	0	0	0	0	0	0	546	0	1986	0	0	0	0	0	0	0	0	0	0	0	0	0	0	0	0	0	0	0	0	0	0	0	0	0	0	0	0	5906	3440	1112	2296	0	0	0	0	0	0	0	0	0	270	0	0	0	0	0	0	0	0	0	0	0	0	0	0	0	0	0	0	0	0	0	0	0	0	0	0	0	0	0	0	0	0	
437228	Frontal_Sup_Medial_L	780	468	53262	9104	5730	178	15390	2800	0	0	1792	1836	9168	114	476	0	0	0	17352	3602	0	0	0	14812	2322	1118	136	0	16138	264	22582	12396	2870	5314	0	0	110	0	0	0	0	0	0	0	0	0	0	0	0	0	0	0	0	0	0	0	0	362	0	0	0	0	0	0	0	0	0	0	432	0	5332	808	10362	444	512	0	0	150	0	0	0	0	98	0	0	0	0	0	0	0	0	0	0	0	0	0	0	0	0	0	0	0	0	0	0	0	0	0	0	0	0	0	0	0	0	0	
271332	Frontal_Sup_Medial_R	0	0	2186	33480	398	3310	416	3286	0	0	0	200	0	1098	0	978	0	0	8994	12270	0	0	14812	0	690	5792	0	0	96	1204	3866	21144	520	13388	0	0	0	0	0	0	0	0	0	0	0	0	0	0	0	0	0	0	0	0	0	0	0	90	0	0	0	0	0	0	0	0	0	0	0	0	0	3158	0	4290	0	0	0	0	0	0	0	0	0	0	0	0	0	0	0	0	0	0	0	0	0	0	0	0	0	0	0	0	0	0	0	0	0	0	0	0	0	0	0	0	0	0	
25232	Frontal_Med_Orb_L	0	0	1812	220	3214	182	0	0	0	0	0	0	0	0	0	0	0	0	0	0	196	80	2322	690	0	956	624	0	158	0	1292	452	0	0	0	0	0	0	0	0	0	0	0	0	0	0	0	0	0	0	0	0	0	0	0	0	0	0	0	0	0	0	0	0	0	0	0	0	0	0	274	0	144	0	0	0	0	0	0	0	0	0	0	0	0	0	0	0	0	0	0	0	0	0	0	0	0	0	0	0	0	0	0	0	0	0	0	0	0	0	0	0	0	0	0	0	
72112	Frontal_Med_Orb_R	0	0	140	2624	0	7614	0	0	0	0	0	0	0	0	0	0	0	0	0	0	342	700	1118	5792	956	0	198	4844	0	0	1030	5032	0	0	0	0	0	0	0	0	0	0	0	0	0	0	0	0	0	0	0	0	0	0	0	0	0	0	0	0	0	0	0	0	0	0	0	0	0	0	340	1704	0	3622	0	0	0	0	0	0	0	0	0	0	0	0	0	0	0	0	0	0	0	0	0	0	0	0	0	0	0	0	0	0	0	0	0	0	0	0	0	0	0	0	0	0	
37180	Rectus_L	0	0	98	0	3404	100	0	0	1224	0	0	0	0	0	286	0	0	0	0	0	2716	2098	136	0	624	198	0	916	82	0	1640	1144	0	0	0	0	0	0	0	0	0	0	0	0	0	0	0	0	0	0	0	0	0	0	0	0	0	0	0	0	0	0	0	0	0	0	0	0	0	0	2412	540	598	374	0	0	0	0	0	0	0	0	0	0	0	0	0	0	0	0	0	0	0	0	0	0	0	0	0	0	0	0	0	0	0	0	0	0	0	0	0	0	0	0	0	0	
54012	Rectus_R	0	0	0	0	238	7158	0	0	0	0	0	0	0	0	0	648	0	0	0	0	1524	2534	0	0	0	4844	916	0	0	352	512	2336	0	0	0	0	0	0	0	0	0	0	0	0	0	0	0	0	0	0	0	0	0	0	0	0	0	0	0	0	0	0	0	0	0	0	0	0	0	0	1518	1530	308	2588	0	0	0	0	0	0	0	0	0	0	0	0	0	0	0	0	0	0	0	0	0	0	0	0	0	0	0	0	0	0	0	0	0	0	0	0	0	0	0	0	0	0	
547648	Insula_L	6102	2414	38538	2040	7226	0	10116	3668	458	0	18076	3044	23578	0	8542	0	15888	0	13510	1600	2474	0	16138	96	158	0	82	0	0	180	6114	1592	346	290	128	0	9582	0	908	0	2856	0	248	0	110	0	0	0	172	0	1170	0	622	0	2734	0	7954	798	110	0	728	0	252	106	0	0	572	0	1842	0	6418	2844	21618	696	2242	254	1778	418	5648	0	5846	0	8820	0	1266	0	0	0	2814	0	0	0	0	0	0	0	0	0	0	0	0	0	0	0	0	0	0	0	0	0	0	0	0	0	0	0	
284080	Insula_R	0	164	0	10228	0	1474	0	7422	0	80	0	12082	0	14362	0	9288	0	11174	1874	8004	0	2800	264	1204	0	0	0	352	180	0	234	2176	0	254	216	264	0	5088	0	2628	0	3426	0	0	0	0	0	0	0	0	0	0	0	0	0	2586	0	1204	0	204	0	254	0	226	0	0	0	172	0	126	1780	3428	0	21470	0	0	0	1316	0	2950	0	6514	0	2468	0	992	0	0	0	1112	0	0	0	0	0	0	0	0	0	0	0	0	0	0	0	0	0	0	0	0	0	0	0	0	0	0	
278824	Cingulum_Ant_L	424	238	17956	3092	2190	174	1376	1740	0	0	460	1112	1672	0	0	0	0	0	11148	1876	2682	1616	22582	3866	1292	1030	1640	512	6114	234	0	17816	8172	3022	190	0	0	0	0	0	0	0	0	0	0	0	0	0	0	0	0	0	0	0	0	0	0	392	0	0	0	0	0	0	0	0	0	0	424	0	9062	2912	10046	2002	238	0	0	110	0	0	0	0	0	0	0	0	0	0	0	0	0	0	0	0	0	0	0	0	0	0	0	0	0	0	0	0	0	0	0	0	0	0	0	0	0	0	
463540	Cingulum_Ant_R	1418	316	8038	30844	842	2612	638	4790	0	0	470	1360	542	2380	0	1992	770	86	12880	23486	3220	2700	12396	21144	452	5032	1144	2336	1592	2176	17816	0	2780	18146	0	0	110	162	0	0	0	0	0	0	0	0	0	0	0	0	0	0	0	0	0	0	740	1006	0	0	0	0	0	0	0	0	0	0	674	0	6386	22598	1928	13312	82	0	106	0	0	0	186	0	82	0	0	0	0	0	0	0	0	0	0	0	0	0	0	0	0	0	0	0	0	0	0	0	0	0	0	0	0	0	0	0	0	0	
146280	Cingulum_Mid_L	94	678	5932	1376	0	0	108	0	0	0	0	0	0	0	0	0	0	0	13478	7166	0	0	2870	520	0	0	0	0	346	0	8172	2780	0	11982	4234	568	0	0	0	0	0	0	0	0	732	0	0	0	1450	0	790	0	0	0	92	0	294	136	720	0	0	0	0	0	86	0	3426	474	2826	604	0	240	282	0	0	0	0	0	0	0	286	0	0	0	398	0	0	0	0	0	0	0	0	0	0	0	0	0	0	0	0	0	0	0	0	0	0	0	0	0	0	0	0	0	0	0	
450420	Cingulum_Mid_R	2794	2332	2338	24112	0	0	178	2522	0	0	110	0	86	0	0	0	0	0	26294	51524	0	0	5314	13388	0	0	0	0	290	254	3022	18146	11982	0	1722	5460	0	150	0	142	0	0	0	254	130	2898	0	0	0	1802	0	0	0	0	0	230	1108	3468	0	182	0	0	0	0	0	0	1372	5940	17052	16054	114	1108	98	724	0	0	0	0	0	0	0	0	0	0	0	140	0	0	84	292	0	0	0	0	0	0	0	0	0	0	0	0	0	0	0	0	0	0	0	0	0	0	0	0	0	0	
165376	Cingulum_Post_L	466	736	0	160	0	0	0	0	0	0	0	0	0	0	0	0	0	0	1070	1426	0	0	0	0	0	0	0	0	128	216	190	0	4234	1722	0	10892	5738	5018	2862	818	0	0	2486	0	1702	194	2176	110	870	0	1670	0	638	0	4864	770	2244	700	578	0	176	0	134	0	124	0	10098	1442	3986	888	0	0	0	178	0	0	0	3270	234	118	1244	164	0	0	1848	0	0	0	3332	774	0	0	0	0	0	0	0	0	0	0	0	0	0	0	0	0	0	0	0	0	0	0	0	0	0	0	
193412	Cingulum_Post_R	498	886	0	124	0	0	0	0	0	0	0	0	0	0	0	0	0	0	896	2138	0	0	0	0	0	0	0	0	0	264	0	0	568	5460	10892	0	2552	7584	2068	3348	0	0	386	4798	586	3160	1072	1410	0	1456	234	638	122	534	1258	4452	136	2170	0	368	0	402	0	168	0	0	3156	16802	1816	4010	0	0	0	504	0	0	0	2724	98	180	588	392	0	0	544	934	0	0	330	3670	0	0	0	0	0	0	0	0	0	0	0	0	0	0	0	0	0	0	0	0	330	0	0	0	0	0	
233616	Hippocampus_L	4354	1652	1982	658	86	0	622	176	0	0	400	0	0	0	0	0	1332	0	1676	492	220	0	110	0	0	0	0	0	9582	0	0	110	0	0	5738	2552	0	3230	14580	102	7108	0	2004	0	0	0	4346	92	0	0	384	0	458	0	10606	0	1228	102	0	0	106	0	0	0	0	0	3120	204	2126	0	764	244	8848	98	4566	0	4356	3748	1860	0	2102	0	1462	0	434	0	0	0	4916	0	190	0	0	0	582	0	692	0	226	0	0	0	0	0	0	0	0	0	0	182	0	0	0	0	0	0	
311448	Hippocampus_R	0	2152	0	808	0	0	0	490	0	0	0	0	0	0	0	0	0	436	384	846	0	0	0	0	0	0	0	0	0	5088	0	162	0	150	5018	7584	3230	0	2368	32778	0	12894	98	2058	0	276	1422	4406	0	254	0	110	0	276	1478	25478	86	1406	0	212	0	264	0	570	0	0	928	6896	106	410	154	230	184	8432	0	314	0	6478	82	1044	304	4026	0	530	234	1798	0	218	100	8538	0	0	0	0	0	288	0	786	0	160	0	0	0	0	0	0	0	0	188	260	254	0	0	0	0	0	
112484	ParaHippocampal_L	666	402	0	0	110	0	0	0	0	0	0	0	0	0	0	0	0	0	0	0	606	0	0	0	0	0	0	0	908	0	0	0	0	0	2862	2068	14580	2368	0	88	1104	0	1202	0	0	0	5148	82	0	0	882	0	1140	0	8340	0	206	0	0	0	0	0	0	0	0	0	1896	196	472	0	0	0	494	0	0	0	1752	1838	0	0	218	0	308	0	152	0	0	0	1308	0	570	0	0	0	892	0	1696	0	1012	0	0	0	0	0	0	0	0	0	138	538	0	0	0	0	0	0	
234020	ParaHippocampal_R	0	534	0	94	0	0	0	0	0	0	0	0	0	0	0	258	0	0	0	286	0	546	0	0	0	0	0	0	0	2628	0	0	0	142	818	3348	102	32778	88	0	0	8996	0	2998	0	304	0	6778	0	344	0	398	0	896	90	26902	0	610	0	0	0	0	0	0	0	0	386	5434	0	470	0	0	0	3368	0	188	0	1246	0	248	300	1374	0	984	230	878	0	0	94	7280	0	144	0	0	0	1024	0	2050	0	832	0	0	0	0	0	182	0	0	84	160	116	0	0	0	0	0	
36080	Amygdala_L	84	0	0	0	198	0	0	0	0	0	0	0	0	0	112	0	0	0	0	0	746	0	0	0	0	0	0	0	2856	0	0	0	0	0	0	0	7108	0	1104	0	0	0	0	0	0	0	0	0	0	0	0	0	0	0	2718	0	0	0	0	0	0	0	0	0	0	0	0	0	96	0	0	0	274	0	0	0	228	0	0	0	0	0	1502	0	0	0	0	0	1014	0	0	0	0	0	0	0	0	0	0	0	0	0	0	0	0	0	0	0	0	0	0	0	0	0	0	0	
76396	Amygdala_R	0	0	0	108	0	264	0	0	0	0	0	0	0	0	0	498	0	0	0	0	0	1986	0	0	0	0	0	0	0	3426	0	0	0	0	0	0	0	12894	0	8996	0	0	0	0	0	0	0	0	0	0	0	0	0	0	0	4846	0	0	0	0	0	0	0	0	0	0	0	0	0	0	0	130	0	2348	0	0	0	174	0	0	0	0	0	1462	0	0	0	490	0	576	0	0	0	0	0	0	0	0	0	0	0	0	0	0	0	0	0	0	0	0	0	0	0	0	0	0	
266208	Calcarine_L	0	0	0	0	0	0	0	0	0	0	0	0	0	0	0	0	270	0	0	0	0	0	0	0	0	0	0	0	248	0	0	0	0	0	2486	386	2004	98	1202	0	0	0	0	6924	15608	3054	13562	3338	10126	1422	20778	326	7846	174	6682	830	446	0	1126	0	492	0	352	0	368	0	13936	1530	84	0	0	0	0	0	0	0	0	0	0	0	232	0	0	0	3230	0	0	0	2200	0	890	128	0	88	0	0	2606	672	1658	358	0	0	120	0	168	210	0	0	0	0	3704	506	82	112	200	242	
362732	Calcarine_R	0	218	0	0	0	0	0	0	0	0	0	0	0	0	0	0	0	0	0	118	0	0	0	0	0	0	0	0	0	0	0	0	0	254	0	4798	0	2058	0	2998	0	0	6924	0	5238	27478	620	20030	0	22132	0	15388	0	10894	0	15446	0	1746	0	786	0	906	0	912	0	592	180	30352	0	1464	0	0	0	590	0	0	0	0	0	138	0	236	0	0	0	2584	0	0	0	4884	0	0	0	0	0	0	124	426	126	246	0	0	0	0	0	0	0	0	0	0	480	0	0	0	0	0	
228308	Cuneus_L	0	0	0	0	0	0	0	0	0	0	0	0	0	0	0	0	108	0	0	0	0	0	0	0	0	0	0	0	110	0	0	0	732	130	1702	586	0	0	0	0	0	0	15608	5238	0	6068	1350	540	25398	1950	16476	482	996	0	1056	100	374	0	7170	0	284	0	204	0	1134	0	16578	5338	418	0	0	0	0	0	0	0	0	0	0	0	646	0	0	0	2430	0	0	0	768	0	0	0	0	0	0	0	0	0	0	0	0	0	0	0	0	0	0	0	0	0	180	0	0	0	0	0	
248140	Cuneus_R	0	0	0	0	0	0	0	0	0	0	0	0	0	0	0	0	0	0	0	320	0	0	0	0	0	0	0	0	0	0	0	0	0	2898	194	3160	0	276	0	304	0	0	3054	27478	6068	0	104	3340	0	29302	0	9772	0	978	0	784	0	928	0	1632	0	676	0	298	0	306	3972	23028	728	3198	0	0	0	134	0	0	0	0	0	0	0	0	0	0	0	642	0	0	0	306	0	0	0	0	0	0	0	0	0	0	0	0	0	0	0	0	0	0	0	0	190	0	0	0	0	0	
313520	Lingual_L	0	98	0	0	0	0	0	0	0	0	0	0	0	0	0	0	0	0	0	0	0	0	0	0	0	0	0	0	0	0	0	0	0	0	2176	1072	4346	1422	5148	0	0	0	13562	620	1350	104	0	3966	2906	0	7212	0	5998	144	21910	614	0	0	0	0	0	0	0	0	0	0	6324	294	0	0	0	0	0	0	0	0	402	932	0	0	0	0	0	0	330	0	0	0	1602	0	14438	1472	710	784	386	0	17812	804	21644	2164	0	0	294	100	92	126	0	0	0	0	8236	4344	408	134	146	134	
349192	Lingual_R	0	0	0	0	0	0	0	0	0	0	0	0	0	0	0	0	0	0	0	0	0	0	0	0	0	0	0	0	0	0	0	0	0	0	110	1410	92	4406	82	6778	0	0	3338	20030	540	3340	3966	0	0	3964	0	5714	0	9282	2440	22586	0	160	0	116	0	100	0	0	0	98	214	8336	0	136	0	0	0	920	0	0	0	0	0	0	0	0	0	0	0	582	0	0	0	764	4566	10364	886	1526	0	0	4026	9716	7906	13706	366	0	462	0	0	0	0	0	0	0	11812	8408	1348	0	0	0	
225128	Occipital_Sup_L	0	0	0	0	0	0	0	0	0	0	0	0	0	0	0	0	130	0	0	0	0	0	0	0	0	0	0	0	172	0	0	0	1450	0	870	0	0	0	0	0	0	0	10126	0	25398	0	2906	0	0	0	33572	0	1706	0	712	0	500	0	14532	0	1752	0	118	0	1802	0	13740	0	392	0	0	0	0	0	0	0	0	0	0	0	274	0	0	0	2188	0	0	0	224	0	0	0	0	0	0	0	0	0	0	0	0	0	0	0	0	0	0	0	0	0	0	0	0	0	0	0	
259568	Occipital_Sup_R	0	434	0	0	0	0	0	0	0	0	0	0	0	0	0	0	0	0	0	258	0	0	0	0	0	0	0	0	0	0	0	0	0	1802	0	1456	0	254	0	344	0	0	1422	22132	1950	29302	0	3964	0	0	0	21814	0	1616	0	1172	0	2452	0	7964	0	4842	0	314	0	7356	798	10728	544	2944	0	0	0	124	0	0	0	0	0	152	0	208	0	0	0	2522	0	0	0	916	0	0	0	0	0	0	0	0	0	0	0	0	0	0	0	0	0	0	0	0	0	0	0	0	0	0	
513464	Occipital_Mid_L	1202	150	242	0	0	0	0	0	0	0	190	0	0	0	0	0	1600	0	120	0	0	0	0	0	0	0	0	0	1170	0	0	0	790	0	1670	234	384	0	882	0	0	0	20778	0	16476	0	7212	0	33572	0	0	0	23788	0	8758	0	8634	0	18428	0	18600	0	5766	0	21524	0	27906	0	1310	100	0	0	160	0	114	0	0	0	378	0	2046	0	0	0	28192	0	0	0	4356	0	0	0	0	0	0	0	0	0	0	0	0	0	0	0	0	0	0	0	0	0	0	0	0	0	0	0	
210652	Occipital_Mid_R	0	424	0	0	0	0	0	0	0	0	0	0	0	0	0	0	0	0	0	94	0	0	0	0	0	0	0	0	0	0	0	0	0	0	0	638	0	110	0	398	0	0	326	15388	482	9772	0	5714	0	21814	0	0	0	7196	0	2604	0	1080	0	1810	0	1964	0	448	0	14370	0	4524	0	852	0	0	0	0	0	0	0	0	0	116	0	428	0	0	0	12364	0	0	0	2410	0	0	0	0	0	0	0	0	0	0	0	0	0	0	0	0	0	0	0	0	0	0	0	0	0	0	
161752	Occipital_Inf_L	0	0	0	0	0	0	0	0	0	0	0	0	0	0	0	0	306	0	0	0	0	0	0	0	0	0	0	0	622	0	0	0	0	0	638	122	458	0	1140	0	0	0	7846	0	996	0	5998	0	1706	0	23788	0	0	0	15652	0	1366	0	194	0	1206	0	948	0	408	0	3708	0	524	0	0	0	0	0	0	0	0	0	370	0	260	0	0	0	5638	0	0	0	6470	0	226	0	0	0	0	0	106	0	180	0	0	0	0	0	0	0	0	0	0	0	0	0	0	0	0	0	
131820	Occipital_Inf_R	0	398	0	0	0	0	0	0	0	0	0	0	0	0	0	0	0	0	0	100	0	0	0	0	0	0	0	0	0	0	0	0	0	0	0	534	0	276	0	896	0	0	174	10894	0	978	144	9282	0	1616	0	7196	0	0	0	13670	0	366	0	84	0	0	0	0	0	118	0	5208	0	396	0	0	84	94	0	0	0	0	0	0	0	0	0	0	0	3414	0	0	0	7964	0	310	0	0	0	0	100	430	88	650	0	0	0	0	0	0	0	0	0	0	290	156	0	0	0	0	
481292	Fusiform_L	200	84	146	0	0	0	0	0	0	0	0	0	0	0	0	0	548	0	0	108	0	0	0	0	0	0	0	0	2734	0	0	0	92	0	4864	1258	10606	1478	8340	90	2718	0	6682	0	1056	0	21910	2440	712	0	8758	0	15652	0	0	182	2206	104	240	0	1330	0	1064	0	272	0	8418	204	1020	150	0	0	256	0	90	0	854	836	2246	0	3596	0	112	0	6334	0	0	0	30268	0	25994	982	5012	278	90	0	13236	180	31326	1206	2262	0	2790	0	178	0	0	0	0	0	4192	2432	230	0	0	0	
477816	Fusiform_R	0	1180	0	104	0	0	0	96	0	0	0	0	0	0	0	0	0	0	0	516	0	0	0	0	0	0	0	0	0	2586	0	0	0	230	770	4452	0	25478	0	26902	0	4846	830	15446	100	784	614	22586	0	1172	0	2604	0	13670	182	0	94	1326	0	98	0	158	0	104	0	0	450	9078	102	1156	154	0	174	1922	0	0	0	1104	0	474	300	2888	0	2664	230	4644	0	730	96	24540	318	19068	0	1126	0	1070	818	9948	976	22436	0	146	0	372	0	452	0	0	0	0	3080	1004	0	240	220	0	
345964	Postcentral_L	31984	7078	2648	800	0	0	1820	5306	0	0	4870	0	650	0	0	0	9876	0	1016	2348	0	0	0	0	0	0	0	0	7954	0	0	740	294	1108	2244	136	1228	86	206	0	0	0	446	0	374	0	0	0	500	0	8634	0	1366	0	2206	94	0	1590	6790	0	23310	0	8608	0	1498	0	8124	0	9448	1952	500	1088	1600	118	498	0	738	132	1884	0	4318	0	134	0	2772	0	0	0	1784	84	0	0	0	0	0	0	0	0	0	0	0	0	0	0	0	0	0	0	0	0	0	0	0	0	0	0	
308396	Postcentral_R	1256	16544	272	1198	0	0	460	1706	0	0	0	690	188	122	0	0	208	4410	614	7380	0	0	362	90	0	0	0	0	798	1204	392	1006	136	3468	700	2170	102	1406	0	610	0	0	0	1746	0	928	0	160	0	2452	0	1080	0	366	104	1326	1590	0	0	15990	0	16874	0	16800	0	508	94	9036	4624	20686	1258	894	1100	1994	0	266	88	866	90	482	162	798	0	0	104	2094	0	0	176	1970	0	0	0	0	0	0	0	0	0	0	0	0	0	0	0	0	0	0	0	0	0	0	0	0	0	0	
186576	Parietal_Sup_L	250	0	0	0	0	0	0	0	0	0	0	0	0	0	0	0	122	0	0	0	0	0	0	0	0	0	0	0	110	0	0	0	720	0	578	0	0	0	0	0	0	0	1126	0	7170	0	0	0	14532	0	18428	0	194	0	240	0	6790	0	0	0	13216	0	806	0	4562	0	20346	108	1082	0	0	0	0	0	0	0	0	0	0	0	562	0	0	0	2154	0	0	0	192	0	0	0	0	0	0	0	0	0	0	0	0	0	0	0	0	0	0	0	0	0	0	0	0	0	0	0	
176936	Parietal_Sup_R	144	2098	0	0	0	0	0	0	0	0	0	106	0	0	0	0	0	194	0	0	0	0	0	0	0	0	0	0	0	204	0	0	0	182	0	368	0	212	0	0	0	0	0	786	0	1632	0	116	0	7964	0	1810	0	84	0	98	0	15990	0	0	0	26066	0	8718	0	5970	662	10546	0	1960	0	0	0	842	0	0	0	372	0	0	0	468	0	0	0	476	0	0	0	400	0	0	0	0	0	0	0	0	0	0	0	0	0	0	0	0	0	0	0	0	0	0	0	0	0	0	
282944	Parietal_Inf_L	3998	488	358	160	0	0	92	256	0	0	890	0	0	0	0	0	502	0	194	0	0	0	0	0	0	0	0	0	728	0	0	0	0	0	176	0	106	0	0	0	0	0	492	0	284	0	0	0	1752	0	18600	0	1206	0	1330	0	23310	0	13216	0	0	0	23680	0	22676	0	5402	0	1400	0	214	0	132	0	0	0	0	0	130	0	4514	0	0	0	12422	0	0	0	2764	0	0	0	0	0	0	0	0	0	0	0	0	0	0	0	0	0	0	0	0	0	0	0	0	0	0	0	
192356	Parietal_Inf_R	234	3434	0	152	0	0	0	158	0	0	0	226	0	0	0	0	0	230	0	122	0	0	0	0	0	0	0	0	0	254	0	0	0	0	0	402	0	264	0	0	0	0	0	906	0	676	0	100	0	4842	0	1964	0	0	0	158	0	16874	0	26066	0	0	0	19174	0	10968	86	3078	0	836	96	88	0	1142	0	0	0	490	0	0	0	562	0	0	0	1684	0	0	0	912	0	0	0	0	0	0	0	0	0	0	0	0	0	0	0	0	0	0	0	0	0	0	0	0	0	0	
157880	SupraMarginal_L	1088	272	188	0	0	0	0	0	0	0	302	0	0	0	0	0	1484	0	90	0	0	0	0	0	0	0	0	0	252	0	0	0	0	0	134	0	0	0	0	0	0	0	352	0	204	0	0	0	118	0	5766	0	948	0	1064	0	8608	0	806	0	23680	0	0	0	5856	0	4386	0	418	0	0	0	0	0	0	0	0	0	0	0	7700	0	0	0	12576	0	0	0	2648	0	0	0	0	0	0	0	0	0	0	0	0	0	0	0	0	0	0	0	0	0	0	0	0	0	0	0	
140668	SupraMarginal_R	230	5028	0	178	0	0	0	174	0	0	0	224	0	0	0	0	0	2252	100	142	0	0	0	0	0	0	0	0	106	226	0	0	0	0	0	168	0	570	0	0	0	0	0	912	0	298	0	0	0	314	0	448	0	0	0	104	0	16800	0	8718	0	19174	0	0	0	2482	0	2704	0	812	118	0	100	1112	0	0	0	436	0	122	0	2446	0	0	0	2432	0	0	0	1404	0	0	0	0	0	0	0	0	0	0	0	0	0	0	0	0	0	0	0	0	0	0	0	0	0	0	
160328	Angular_L	0	0	0	0	0	0	0	0	0	0	0	0	0	0	0	0	0	0	0	0	0	0	0	0	0	0	0	0	0	0	0	0	86	0	124	0	0	0	0	0	0	0	368	0	1134	0	0	0	1802	0	21524	0	408	0	272	0	1498	0	4562	0	22676	0	5856	0	0	0	3614	0	232	0	0	0	0	0	0	0	0	0	0	0	2104	0	0	0	13720	0	0	0	184	0	0	0	0	0	0	0	0	0	0	0	0	0	0	0	0	0	0	0	0	0	0	0	0	0	0	0	
100716	Angular_R	0	0	0	0	0	0	0	0	0	0	0	0	0	0	0	0	0	0	0	0	0	0	0	0	0	0	0	0	0	0	0	0	0	0	0	0	0	0	0	0	0	0	0	592	0	306	0	98	0	7356	0	14370	0	118	0	0	0	508	0	5970	0	10968	0	2482	0	0	0	480	0	192	0	0	0	0	0	0	0	0	0	0	0	1528	0	0	0	5244	0	0	0	146	0	0	0	0	0	0	0	0	0	0	0	0	0	0	0	0	0	0	0	0	0	0	0	0	0	0	
398760	Precuneus_L	1244	194	254	0	0	0	0	0	0	0	186	0	0	0	0	0	1334	0	274	258	0	0	0	0	0	0	0	0	572	0	0	0	3426	1372	10098	3156	3120	928	1896	386	0	0	13936	180	16578	3972	6324	214	13740	798	27906	0	3708	0	8418	450	8124	94	20346	662	5402	86	4386	0	3614	0	0	10732	2686	612	0	0	162	0	110	0	0	232	178	0	3696	0	0	0	7086	0	0	0	5886	280	0	0	0	0	0	0	0	0	0	0	0	0	0	0	0	0	0	0	0	0	84	0	0	0	0	0	
400760	Precuneus_R	0	474	0	0	0	0	0	0	0	0	0	0	0	0	0	0	0	80	0	1024	0	0	0	0	0	0	0	0	0	172	0	0	474	5940	1442	16802	204	6896	196	5434	0	0	1530	30352	5338	23028	294	8336	0	10728	0	4524	0	5208	204	9078	0	9036	108	10546	0	3078	0	2704	0	480	10732	0	1852	12194	0	94	0	1142	0	0	0	128	0	212	0	550	0	0	0	2312	0	0	0	6248	0	0	0	0	0	0	0	220	0	96	0	0	0	0	0	0	0	0	0	0	890	0	0	0	0	0	
371480	Paracentral_Lobule_L	37474	9564	3916	4950	0	0	222	354	0	0	786	0	0	0	0	0	836	162	10342	19322	0	0	432	0	0	0	0	0	1842	0	424	674	2826	17052	3986	1816	2126	106	472	0	96	0	84	0	418	728	0	0	392	544	1310	0	524	0	1020	102	9448	4624	1082	0	1400	0	418	0	232	0	2686	1852	0	11964	3300	958	1172	0	720	0	16330	1200	438	0	862	0	434	0	774	0	0	0	838	106	0	0	0	0	0	0	0	0	0	0	0	0	0	0	0	0	0	0	0	0	0	0	0	0	0	0	
223904	Paracentral_Lobule_R	652	4618	0	136	0	0	0	0	0	0	0	0	0	0	0	0	0	0	522	16492	0	0	0	0	0	0	0	0	0	126	0	0	604	16054	888	4010	0	410	0	470	0	0	0	1464	0	3198	0	136	0	2944	100	852	0	396	150	1156	1952	20686	0	1960	0	836	0	812	0	192	612	12194	11964	0	452	0	0	0	0	0	120	0	86	222	142	434	0	0	142	1692	0	0	218	1858	0	0	0	0	0	0	0	0	0	0	0	0	0	0	0	0	0	0	0	0	0	0	0	0	0	0	
298524	Caudate_L	3122	5148	5044	3472	630	136	3918	7636	0	0	900	4354	4246	646	264	0	922	170	4078	2004	6004	5906	5332	0	274	340	2412	1518	6418	1780	9062	6386	0	114	0	0	764	154	0	0	0	0	0	0	0	0	0	0	0	0	0	0	0	0	0	154	500	1258	0	0	214	96	0	118	0	0	0	0	3300	452	0	11074	21108	4068	2194	322	9524	646	0	0	178	180	244	0	0	178	0	0	0	300	0	0	0	0	0	0	0	0	0	0	0	0	0	0	0	0	0	0	0	0	0	0	0	0	0	0	
341480	Caudate_R	2530	8412	2334	15564	202	2196	1560	734	0	0	382	3188	470	1096	0	236	1500	798	9778	19258	2860	3440	808	3158	0	1704	540	1530	2844	3428	2912	22598	240	1108	0	0	244	230	0	0	0	130	0	0	0	0	0	0	0	0	0	0	0	0	0	0	1088	894	0	0	0	88	0	0	0	0	0	94	958	0	11074	0	3856	16420	0	1272	310	16080	0	0	396	0	198	0	0	0	0	0	0	0	0	0	0	0	0	0	0	0	0	0	0	0	0	0	0	0	0	0	0	0	0	0	0	0	0	0	
344528	Putamen_L	5470	4294	16676	3378	4318	0	7536	5116	152	0	1584	734	5214	90	1774	0	1036	0	8832	1752	1218	1112	10362	0	144	0	598	308	21618	0	10046	1928	282	98	0	0	8848	184	494	0	274	0	0	0	0	0	0	0	0	0	160	0	0	84	256	174	1600	1100	0	0	132	0	0	100	0	0	162	0	1172	0	21108	3856	0	1274	9050	296	1710	650	130	0	678	188	1600	0	394	180	0	0	424	316	0	0	0	0	0	0	0	0	0	0	0	0	0	0	0	0	0	0	0	0	0	0	0	0	0	0	
323324	Putamen_R	254	444	494	13842	112	4924	304	5132	0	0	88	2880	84	1644	0	1268	284	3034	7656	10326	1790	2296	444	4290	0	3622	374	2588	696	21470	2002	13312	0	724	178	504	98	8432	0	3368	0	2348	0	590	0	134	0	920	0	124	0	0	0	94	0	1922	118	1994	0	842	0	1142	0	1112	0	0	0	1142	0	0	4068	16420	1274	0	0	2748	0	2820	0	148	0	626	0	348	0	378	0	0	0	1392	0	0	0	0	0	0	0	0	0	0	0	0	0	0	0	0	0	0	0	0	0	0	0	0	0	0	
70128	Pallidum_L	2622	734	2656	886	238	0	810	322	0	0	802	0	0	0	0	0	714	0	1282	1048	0	0	512	0	0	0	0	0	2242	0	238	82	0	0	0	0	4566	0	0	0	0	0	0	0	0	0	0	0	0	0	114	0	0	0	90	0	498	0	0	0	0	0	0	0	0	0	110	0	720	0	2194	0	9050	0	0	0	1600	0	0	0	252	0	590	0	0	0	0	0	92	0	0	0	0	0	0	0	0	0	0	0	0	0	0	0	0	0	0	0	0	0	0	0	0	0	0	0	
18032	Pallidum_R	100	120	142	414	0	0	0	0	0	0	0	0	0	0	0	0	100	332	906	1136	0	0	0	0	0	0	0	0	254	0	0	0	0	0	0	0	0	314	0	188	0	0	0	0	0	0	0	0	0	0	0	0	0	0	0	0	0	266	0	0	0	0	0	0	0	0	0	0	0	0	322	1272	296	2748	0	0	0	106	0	0	0	0	0	0	0	0	0	0	0	0	0	0	0	0	0	0	0	0	0	0	0	0	0	0	0	0	0	0	0	0	0	0	0	0	0	0	
129996	Thalamus_L	15556	1928	190	1084	0	0	112	0	0	0	226	0	0	0	0	0	106	0	780	206	0	0	0	0	0	0	0	0	1778	0	0	106	0	0	0	0	4356	0	1752	0	228	0	0	0	0	0	402	0	0	0	0	0	0	0	854	0	738	88	0	0	0	0	0	0	0	0	0	0	16330	120	9524	310	1710	0	1600	0	0	1308	1064	0	818	0	92	0	906	0	0	0	726	0	0	0	0	0	0	0	0	0	0	0	0	0	0	0	0	0	0	0	0	0	0	0	0	0	0	0	
175024	Thalamus_R	1520	20012	174	8052	0	0	240	704	0	0	0	0	0	0	0	0	120	0	512	2148	0	0	150	0	0	0	0	0	418	1316	110	0	0	0	3270	2724	3748	6478	1838	1246	0	174	0	0	0	0	932	0	0	0	0	0	0	0	836	1104	132	866	0	372	0	490	0	436	0	0	232	128	1200	0	646	16080	650	2820	0	106	1308	0	242	774	0	1704	0	0	0	462	0	0	0	1038	0	0	0	0	0	0	0	0	0	0	0	0	0	0	0	0	0	0	0	0	0	0	0	0	0	0	
50348	Heschl_L	1000	308	408	82	0	0	0	0	0	0	358	0	0	0	0	0	2814	0	268	130	0	0	0	0	0	0	0	0	5648	0	0	0	0	0	234	98	1860	82	0	0	0	0	0	0	0	0	0	0	0	0	378	0	370	0	2246	0	1884	90	0	0	130	0	0	0	0	0	178	0	438	86	0	0	130	0	0	0	1064	242	0	0	2090	0	0	0	780	0	0	0	1778	0	0	0	0	0	0	0	0	0	0	0	0	0	0	0	0	0	0	0	0	0	0	0	0	0	0	0	
42536	Heschl_R	0	238	0	0	0	0	0	0	0	0	0	88	0	0	0	202	0	1688	0	0	0	0	0	0	0	0	0	0	0	2950	0	0	0	0	118	180	0	1044	0	248	0	0	0	138	0	0	0	0	0	152	0	116	0	0	0	474	0	482	0	0	0	0	0	122	0	0	0	212	0	222	0	0	0	148	0	0	0	774	0	0	0	6006	0	202	0	3914	0	0	0	1550	0	0	0	0	0	0	0	0	0	0	0	0	0	0	0	0	0	0	0	0	0	0	0	0	0	0	
196184	Temporal_Sup_L	1170	138	1276	92	0	0	160	0	0	0	2118	0	158	0	0	0	6560	0	392	160	0	0	0	0	0	0	0	0	5846	0	0	186	286	0	1244	588	2102	304	218	300	0	0	232	0	646	0	0	0	274	0	2046	0	260	0	3596	300	4318	162	562	0	4514	0	7700	0	2104	0	3696	0	862	142	178	396	678	0	252	0	818	0	2090	0	0	0	3016	0	27174	0	0	0	8306	292	82	0	0	0	0	0	0	0	98	0	0	0	0	0	0	0	0	0	0	0	0	0	0	0	0	0	
124800	Temporal_Sup_R	0	638	0	0	0	0	0	0	0	0	0	0	0	0	0	1914	0	1330	0	80	0	0	0	0	0	0	0	0	0	6514	0	0	0	0	164	392	0	4026	0	1374	0	0	0	236	0	0	0	0	0	208	0	428	0	0	0	2888	0	798	0	468	0	562	0	2446	0	1528	0	550	0	434	180	0	188	626	0	0	0	1704	0	6006	0	0	0	4758	0	16982	0	90	0	4888	0	0	0	0	0	0	0	0	0	0	0	0	0	0	0	0	0	0	0	0	0	0	0	0	0	0	
94680	Temporal_Pole_Sup_L	912	114	3192	256	766	0	476	142	386	0	4340	0	1930	0	4114	0	4316	0	766	290	820	0	98	0	0	0	0	0	8820	0	0	82	0	0	0	0	1462	0	308	0	1502	0	0	0	0	0	0	0	0	0	0	0	0	0	112	0	134	0	0	0	0	0	0	0	0	0	0	0	434	0	244	198	1600	0	590	0	92	0	0	0	3016	0	0	0	2576	0	840	0	2412	0	0	0	0	0	0	0	0	0	0	0	0	0	0	0	0	0	0	0	0	0	0	0	0	0	0	0	
49528	Temporal_Pole_Sup_R	0	0	0	0	0	0	0	0	0	0	0	0	0	0	0	2198	0	486	0	82	0	270	0	0	0	0	0	0	0	2468	0	0	0	0	0	0	0	530	0	984	0	1462	0	0	0	0	0	0	0	0	0	0	0	0	0	2664	0	0	0	0	0	0	0	0	0	0	0	0	0	0	0	0	0	348	0	0	0	0	0	202	0	4758	0	0	0	4628	0	1750	0	1934	0	0	0	0	0	0	0	0	0	0	0	0	0	0	0	0	0	0	0	0	0	0	0	0	0	0	
321464	Temporal_Mid_L	150	0	0	0	0	0	0	0	0	0	0	0	0	0	0	0	686	0	0	0	0	0	0	0	0	0	0	0	1266	0	0	0	398	0	1848	544	434	234	152	230	0	0	3230	0	2430	0	330	0	2188	0	28192	0	5638	0	6334	230	2772	104	2154	0	12422	0	12576	0	13720	0	7086	0	774	142	0	0	394	0	0	0	906	0	780	0	27174	0	2576	0	0	0	952	0	21116	224	164	0	0	0	0	0	0	0	182	0	0	0	0	0	0	0	0	0	0	0	0	0	0	0	0	0	
187988	Temporal_Mid_R	0	1084	0	0	0	0	0	0	0	0	0	0	0	0	0	198	0	0	0	312	0	0	0	0	0	0	0	0	0	992	0	0	0	140	0	934	0	1798	0	878	0	0	0	2584	0	642	0	582	0	2522	0	12364	0	3414	0	4644	0	2094	0	476	0	1684	0	2432	0	5244	0	2312	0	1692	178	0	180	378	0	0	0	462	0	3914	0	16982	0	4628	0	0	0	1308	0	16942	0	0	0	0	0	0	0	0	0	0	0	0	0	0	0	0	0	0	0	0	0	0	0	0	0	0	
5636	Temporal_Pole_Mid_L	0	0	0	0	0	0	0	0	0	0	0	0	0	0	0	0	0	0	0	0	0	0	0	0	0	0	0	0	0	0	0	0	0	0	0	0	0	0	0	0	0	0	0	0	0	0	0	0	0	0	0	0	0	0	0	0	0	0	0	0	0	0	0	0	0	0	0	0	0	0	0	0	0	0	0	0	0	0	0	0	0	0	840	0	952	0	0	0	1026	0	0	0	0	0	0	0	0	0	0	0	0	0	0	0	0	0	0	0	0	0	0	0	0	0	0	0	
12040	Temporal_Pole_Mid_R	0	0	0	0	0	0	0	0	0	0	0	0	0	0	0	0	0	0	0	0	0	0	0	0	0	0	0	0	0	0	0	0	0	0	0	0	0	218	0	0	0	490	0	0	0	0	0	0	0	0	0	0	0	0	0	730	0	0	0	0	0	0	0	0	0	0	0	0	0	0	0	0	0	0	0	0	0	0	0	0	0	90	0	1750	0	1308	0	0	0	1434	0	0	0	0	0	0	0	0	0	0	0	0	0	0	0	0	0	0	0	0	0	0	0	0	0	0	
246340	Temporal_Inf_L	144	0	138	0	0	0	0	0	0	0	0	0	0	0	0	0	532	0	0	140	0	0	0	0	0	0	0	0	2814	0	0	0	0	84	3332	330	4916	100	1308	94	1014	0	2200	0	768	0	1602	0	224	0	4356	0	6470	0	30268	96	1784	176	192	0	2764	0	2648	0	184	0	5886	0	838	218	0	0	424	0	92	0	726	0	1778	0	8306	0	2412	0	21116	0	1026	0	0	92	3914	0	1812	0	0	0	966	0	3208	0	950	0	728	0	0	0	0	0	0	0	0	0	0	0	0	0	
225320	Temporal_Inf_R	0	1792	0	128	0	0	106	138	0	0	0	0	102	0	0	0	0	0	0	628	0	0	0	0	0	0	0	0	0	1112	0	0	0	292	774	3670	0	8538	0	7280	0	576	0	4884	0	306	0	764	0	916	0	2410	0	7964	0	24540	84	1970	0	400	0	912	0	1404	0	146	280	6248	106	1858	300	0	316	1392	0	0	0	1038	0	1550	292	4888	0	1934	224	16942	0	1434	92	0	0	1406	0	0	0	0	0	114	0	410	0	0	0	0	0	0	0	0	0	0	0	0	0	0	0	0	
613228	Cerebelum_Crus1_L	0	0	0	0	0	0	0	0	0	0	0	0	0	0	0	0	0	0	0	0	0	0	0	0	0	0	0	0	0	0	0	0	0	0	0	0	190	0	570	0	0	0	890	0	0	0	14438	4566	0	0	0	0	226	0	25994	318	0	0	0	0	0	0	0	0	0	0	0	0	0	0	0	0	0	0	0	0	0	0	0	0	82	0	0	0	164	0	0	0	3914	0	0	4068	43738	13864	1032	322	25576	1622	63408	4624	20136	6172	19156	4310	1476	456	300	0	0	254	12064	11832	15148	4850	658	196	
360620	Cerebelum_Crus1_R	0	0	0	0	0	0	0	0	0	0	0	0	0	0	0	0	0	0	0	0	0	0	0	0	0	0	0	0	0	0	0	0	0	0	0	0	0	0	0	144	0	0	128	0	0	0	1472	10364	0	0	0	0	0	310	982	19068	0	0	0	0	0	0	0	0	0	0	0	0	0	0	0	0	0	0	0	0	0	0	0	0	0	0	0	0	0	0	0	0	0	1406	4068	0	1662	28926	0	740	1680	12920	3992	49718	400	4722	282	8490	0	694	0	0	106	234	9526	10210	5810	1016	874	366	
310220	Cerebelum_Crus2_L	0	0	0	0	0	0	0	0	0	0	0	0	0	0	0	0	0	0	0	0	0	0	0	0	0	0	0	0	0	0	0	0	0	0	0	0	0	0	0	0	0	0	0	0	0	0	710	886	0	0	0	0	0	0	5012	0	0	0	0	0	0	0	0	0	0	0	0	0	0	0	0	0	0	0	0	0	0	0	0	0	0	0	0	0	0	0	0	0	1812	0	43738	1662	0	10354	306	0	2738	536	13532	1434	26106	4086	19854	1588	848	0	300	0	0	0	2026	4076	10506	2860	140	0	
348820	Cerebelum_Crus2_R	0	0	0	0	0	0	0	0	0	0	0	0	0	0	0	0	0	0	0	0	0	0	0	0	0	0	0	0	0	0	0	0	0	0	0	0	0	0	0	0	0	0	88	0	0	0	784	1526	0	0	0	0	0	0	278	1126	0	0	0	0	0	0	0	0	0	0	0	0	0	0	0	0	0	0	0	0	0	0	0	0	0	0	0	0	0	0	0	0	0	0	13864	28926	10354	0	310	90	2234	1640	6180	15194	7050	15484	7202	17526	254	1330	0	0	144	266	4258	9204	20246	7272	1152	428	
35724	Cerebelum_3_L	0	0	0	0	0	0	0	0	0	0	0	0	0	0	0	0	0	0	0	0	0	0	0	0	0	0	0	0	0	0	0	0	0	0	0	0	582	0	892	0	0	0	0	0	0	0	386	0	0	0	0	0	0	0	90	0	0	0	0	0	0	0	0	0	0	0	0	0	0	0	0	0	0	0	0	0	0	0	0	0	0	0	0	0	0	0	0	0	0	0	1032	0	306	310	0	0	4828	0	1458	0	248	172	488	320	1142	296	128	0	946	1710	460	540	644	494	242	148	
56960	Cerebelum_3_R	0	0	0	0	0	0	0	0	0	0	0	0	0	0	0	0	0	0	0	0	0	0	0	0	0	0	0	0	0	0	0	0	0	0	0	0	0	288	0	1024	0	0	0	0	0	0	0	0	0	0	0	0	0	0	0	1070	0	0	0	0	0	0	0	0	0	0	0	0	0	0	0	0	0	0	0	0	0	0	0	0	0	0	0	0	0	0	0	0	0	0	322	740	0	90	0	0	558	5314	350	3464	0	0	184	480	0	2890	0	0	730	3370	3268	448	188	1798	1904	0	
359232	Cerebelum_4_5_L	0	0	0	0	0	0	0	0	0	0	0	0	0	0	0	0	0	0	0	0	0	0	0	0	0	0	0	0	0	0	0	0	0	0	0	0	692	0	1696	0	0	0	2606	124	0	0	17812	4026	0	0	0	0	106	100	13236	818	0	0	0	0	0	0	0	0	0	0	0	0	0	0	0	0	0	0	0	0	0	0	0	0	0	0	0	0	0	0	0	0	966	0	25576	1680	2738	2234	4828	558	0	2738	38384	2928	1260	854	3936	1702	6264	2044	706	0	378	1626	19824	7114	3452	2598	1940	2072	
217296	Cerebelum_4_5_R	0	0	0	0	0	0	0	0	0	0	0	0	0	0	0	0	0	0	0	0	0	0	0	0	0	0	0	0	0	0	0	0	0	0	0	0	0	786	0	2050	0	0	672	426	0	0	804	9716	0	0	0	0	0	430	180	9948	0	0	0	0	0	0	0	0	0	0	0	220	0	0	0	0	0	0	0	0	0	0	0	0	0	0	0	0	0	0	0	0	0	114	1622	12920	536	1640	0	5314	2738	0	2930	26488	244	200	466	1296	278	2090	0	322	0	624	16434	3210	688	1724	1538	0	
550208	Cerebelum_6_L	0	0	0	0	0	0	0	0	0	0	0	0	0	0	0	0	0	0	0	0	0	0	0	0	0	0	0	0	0	0	0	0	0	0	0	0	226	0	1012	0	0	0	1658	126	0	0	21644	7906	0	0	0	0	180	88	31326	976	0	0	0	0	0	0	0	0	0	0	0	0	0	0	0	0	0	0	0	0	0	0	0	0	98	0	0	0	182	0	0	0	3208	0	63408	3992	13532	6180	1458	350	38384	2930	0	5804	5824	2362	8716	2946	3888	740	602	0	0	336	17528	14928	7506	3144	1180	736	
382176	Cerebelum_6_R	0	0	0	0	0	0	0	0	0	0	0	0	0	0	0	0	0	0	0	0	0	0	0	0	0	0	0	0	0	0	0	0	0	0	0	0	0	160	0	832	0	0	358	246	0	0	2164	13706	0	0	0	0	0	650	1206	22436	0	0	0	0	0	0	0	0	0	0	0	96	0	0	0	0	0	0	0	0	0	0	0	0	0	0	0	0	0	0	0	0	0	410	4624	49718	1434	15194	0	3464	2928	26488	5804	0	226	1020	328	2728	122	490	0	150	0	206	16358	11888	4202	722	616	114	
229128	Cerebelum_7b_L	0	0	0	0	0	0	0	0	0	0	0	0	0	0	0	0	0	0	0	0	0	0	0	0	0	0	0	0	0	0	0	0	0	0	0	0	0	0	0	0	0	0	0	0	0	0	0	366	0	0	0	0	0	0	2262	0	0	0	0	0	0	0	0	0	0	0	0	0	0	0	0	0	0	0	0	0	0	0	0	0	0	0	0	0	0	0	0	0	950	0	20136	400	26106	7050	248	0	1260	244	5824	226	0	4132	24130	2114	3508	158	896	0	0	0	694	962	7362	4996	396	144	
154464	Cerebelum_7b_R	0	0	0	0	0	0	0	0	0	0	0	0	0	0	0	0	0	0	0	0	0	0	0	0	0	0	0	0	0	0	0	0	0	0	0	0	0	0	0	0	0	0	0	0	0	0	0	0	0	0	0	0	0	0	0	146	0	0	0	0	0	0	0	0	0	0	0	0	0	0	0	0	0	0	0	0	0	0	0	0	0	0	0	0	0	0	0	0	0	0	6172	4722	4086	15484	172	0	854	200	2362	1020	4132	0	4984	15122	160	2586	0	102	0	0	784	1586	7606	4846	106	0	
262996	Cerebelum_8_L	0	0	0	0	0	0	0	0	0	0	0	0	0	0	0	0	0	0	0	0	0	0	0	0	0	0	0	0	0	0	0	0	0	0	0	0	0	0	0	0	0	0	120	0	0	0	294	462	0	0	0	0	0	0	2790	0	0	0	0	0	0	0	0	0	0	0	0	0	0	0	0	0	0	0	0	0	0	0	0	0	0	0	0	0	0	0	0	0	728	0	19156	282	19854	7202	488	184	3936	466	8716	328	24130	4984	0	3604	10454	590	2520	0	0	212	2002	1252	7680	7714	1176	174	
201256	Cerebelum_8_R	0	0	0	0	0	0	0	0	0	0	0	0	0	0	0	0	0	0	0	0	0	0	0	0	0	0	0	0	0	0	0	0	0	0	0	0	0	0	0	0	0	0	0	0	0	0	100	0	0	0	0	0	0	0	0	372	0	0	0	0	0	0	0	0	0	0	0	0	0	0	0	0	0	0	0	0	0	0	0	0	0	0	0	0	0	0	0	0	0	0	4310	8490	1588	17526	320	480	1702	1296	2946	2728	2114	15122	3604	0	906	13686	0	764	226	344	2494	2176	6038	8534	2504	258	
89972	Cerebelum_9_L	0	0	0	0	0	0	0	0	0	0	0	0	0	0	0	0	0	0	0	0	0	0	0	0	0	0	0	0	0	0	0	0	0	0	0	0	0	0	0	0	0	0	168	0	0	0	92	0	0	0	0	0	0	0	178	0	0	0	0	0	0	0	0	0	0	0	0	0	0	0	0	0	0	0	0	0	0	0	0	0	0	0	0	0	0	0	0	0	0	0	1476	0	848	254	1142	0	6264	278	3888	122	3508	160	10454	906	0	1232	4730	0	80	188	2556	1988	1004	1068	1292	1110	
120696	Cerebelum_9_R	0	0	0	0	0	0	0	0	0	0	0	0	0	0	0	0	0	0	0	0	0	0	0	0	0	0	0	0	0	0	0	0	0	0	0	0	0	0	0	182	0	0	210	0	0	0	126	0	0	0	0	0	0	0	0	452	0	0	0	0	0	0	0	0	0	0	0	0	0	0	0	0	0	0	0	0	0	0	0	0	0	0	0	0	0	0	0	0	0	0	456	694	0	1330	296	2890	2044	2090	740	490	158	2586	590	13686	1232	0	82	1908	1230	3004	4478	3300	1132	4682	6870	3410	
20528	Cerebelum_10_L	0	0	0	0	0	0	0	0	0	0	0	0	0	0	0	0	0	0	0	0	0	0	0	0	0	0	0	0	0	0	0	0	0	0	0	0	0	0	0	0	0	0	0	0	0	0	0	0	0	0	0	0	0	0	0	0	0	0	0	0	0	0	0	0	0	0	0	0	0	0	0	0	0	0	0	0	0	0	0	0	0	0	0	0	0	0	0	0	0	0	300	0	300	0	128	0	706	0	602	0	896	0	2520	0	4730	82	0	0	0	0	0	0	0	0	0	0	
7304	Cerebelum_10_R	0	0	0	0	0	0	0	0	0	0	0	0	0	0	0	0	0	0	0	0	0	0	0	0	0	0	0	0	0	0	0	0	0	0	0	0	0	0	0	0	0	0	0	0	0	0	0	0	0	0	0	0	0	0	0	0	0	0	0	0	0	0	0	0	0	0	0	0	0	0	0	0	0	0	0	0	0	0	0	0	0	0	0	0	0	0	0	0	0	0	0	0	0	0	0	0	0	322	0	150	0	102	0	764	0	1908	0	0	0	0	0	0	0	200	206	0	
28572	Vermis_1_2	0	0	0	0	0	0	0	0	0	0	0	0	0	0	0	0	0	0	0	0	0	0	0	0	0	0	0	0	0	0	0	0	0	0	0	0	0	188	138	84	0	0	0	0	0	0	0	0	0	0	0	0	0	0	0	0	0	0	0	0	0	0	0	0	0	0	0	0	0	0	0	0	0	0	0	0	0	0	0	0	0	0	0	0	0	0	0	0	0	0	0	106	0	144	946	730	378	0	0	0	0	0	0	226	80	1230	0	0	0	4816	1604	742	372	744	944	814	
59744	Vermis_3	0	0	0	0	0	0	0	0	0	0	0	0	0	0	0	0	0	0	0	0	0	0	0	0	0	0	0	0	0	0	0	0	0	0	0	0	182	260	538	160	0	0	0	0	0	0	0	0	0	0	0	0	0	0	0	0	0	0	0	0	0	0	0	0	0	0	0	0	0	0	0	0	0	0	0	0	0	0	0	0	0	0	0	0	0	0	0	0	0	0	254	234	0	266	1710	3370	1626	624	336	206	0	0	212	344	188	3004	0	0	4816	0	3968	1342	752	1972	2412	1096	
368380	Vermis_4_5	0	0	0	0	0	0	0	0	0	0	0	0	0	0	0	0	0	0	0	0	0	0	0	0	0	0	0	0	0	0	0	0	0	0	0	330	0	254	0	116	0	0	3704	480	180	190	8236	11812	0	0	0	0	0	290	4192	3080	0	0	0	0	0	0	0	0	0	0	84	890	0	0	0	0	0	0	0	0	0	0	0	0	0	0	0	0	0	0	0	0	0	0	12064	9526	2026	4258	460	3268	19824	16434	17528	16358	694	784	2002	2494	2556	4478	0	0	1604	3968	0	14152	4024	4214	4354	3282	
