data	data	388888	297032	820600	585468	161988	80252	438544	285288	47632	13824	197604	170128	296456	212564	185300	60816	171828	114772	611612	560968	78532	97436	311228	336172	32636	99424	23120	64860	621208	338476	262752	348628	135080	419220	156520	214540	277944	422496	152636	264556	46724	54700	243936	396440	227012	354904	316248	421708	226844	327800	519348	273488	151412	193716	520872	571932	261532	177696	178968	100520	315732	101672	151924	86796	215728	130144	293648	462268	130300	259348	269780	346016	291500	378092	37248	16160	151696	190404	106784	20820	251772	126752	129596	50728	406728	243672	28060	15808	343372	372088	606384	502212	347212	357684	62308	87772	406740	367484	625576	529144	301888	184680	358964	322508	174664	131556	10052	12532	41708	77308	265232	194960	224296	129848	80660	33700	
data	data	Precentral_L	Precentral_R	Frontal_Sup_L	Frontal_Sup_R	Frontal_Sup_Orb_L	Frontal_Sup_Orb_R	Frontal_Mid_L	Frontal_Mid_R	Frontal_Mid_Orb_L	Frontal_Mid_Orb_R	Frontal_Inf_Oper_L	Frontal_Inf_Oper_R	Frontal_Inf_Tri_L	Frontal_Inf_Tri_R	Frontal_Inf_Orb_L	Frontal_Inf_Orb_R	Rolandic_Oper_L	Rolandic_Oper_R	Supp_Motor_Area_L	Supp_Motor_Area_R	Olfactory_L	Olfactory_R	Frontal_Sup_Medial_L	Frontal_Sup_Medial_R	Frontal_Med_Orb_L	Frontal_Med_Orb_R	Rectus_L	Rectus_R	Insula_L	Insula_R	Cingulum_Ant_L	Cingulum_Ant_R	Cingulum_Mid_L	Cingulum_Mid_R	Cingulum_Post_L	Cingulum_Post_R	Hippocampus_L	Hippocampus_R	ParaHippocampal_L	ParaHippocampal_R	Amygdala_L	Amygdala_R	Calcarine_L	Calcarine_R	Cuneus_L	Cuneus_R	Lingual_L	Lingual_R	Occipital_Sup_L	Occipital_Sup_R	Occipital_Mid_L	Occipital_Mid_R	Occipital_Inf_L	Occipital_Inf_R	Fusiform_L	Fusiform_R	Postcentral_L	Postcentral_R	Parietal_Sup_L	Parietal_Sup_R	Parietal_Inf_L	Parietal_Inf_R	SupraMarginal_L	SupraMarginal_R	Angular_L	Angular_R	Precuneus_L	Precuneus_R	Paracentral_Lobule_L	Paracentral_Lobule_R	Caudate_L	Caudate_R	Putamen_L	Putamen_R	Pallidum_L	Pallidum_R	Thalamus_L	Thalamus_R	Heschl_L	Heschl_R	Temporal_Sup_L	Temporal_Sup_R	Temporal_Pole_Sup_L	Temporal_Pole_Sup_R	Temporal_Mid_L	Temporal_Mid_R	Temporal_Pole_Mid_L	Temporal_Pole_Mid_R	Temporal_Inf_L	Temporal_Inf_R	Cerebelum_Crus1_L	Cerebelum_Crus1_R	Cerebelum_Crus2_L	Cerebelum_Crus2_R	Cerebelum_3_L	Cerebelum_3_R	Cerebelum_4_5_L	Cerebelum_4_5_R	Cerebelum_6_L	Cerebelum_6_R	Cerebelum_7b_L	Cerebelum_7b_R	Cerebelum_8_L	Cerebelum_8_R	Cerebelum_9_L	Cerebelum_9_R	Cerebelum_10_L	Cerebelum_10_R	Vermis_1_2	Vermis_3	Vermis_4_5	Vermis_6	Vermis_7	Vermis_8	Vermis_9	Vermis_10	
388888	Precentral_L	0	4198	16108	1320	204	0	14876	454	0	0	11092	0	1596	84	148	0	8498	0	13134	3506	0	0	174	0	0	0	0	0	16868	0	338	86	200	1014	2904	2698	3956	2204	362	1000	0	0	200	0	204	0	208	836	0	0	3566	0	182	0	662	626	28088	0	2498	0	5148	0	1346	0	1542	0	784	170	6220	2436	1396	218	2556	436	1224	0	9036	3046	4772	0	3654	0	126	0	3904	0	0	0	2126	112	0	0	0	0	0	0	0	100	0	0	0	0	0	0	0	0	0	0	0	0	0	0	0	0	0	0	
297032	Precentral_R	4198	0	926	9578	0	0	1356	11036	0	0	0	4562	0	366	0	0	0	2442	1852	15344	0	0	0	0	0	0	0	0	336	2616	0	0	740	1576	2018	1854	538	6334	102	714	0	0	0	954	0	362	94	794	0	244	0	376	0	3648	0	2980	520	12160	0	204	0	672	0	3590	0	546	162	810	2592	16500	2562	1746	276	2584	442	134	7394	6248	0	98	0	1820	0	0	0	3334	0	0	0	6182	0	0	0	0	0	0	0	0	0	0	0	0	0	0	0	0	0	0	0	0	0	0	0	0	0	0	
820600	Frontal_Sup_L	16108	926	0	6950	15944	122	61306	2214	3376	0	9604	486	27388	314	10558	0	5864	98	80338	10978	154	0	42826	5822	1344	2722	92	0	34390	188	12796	3746	1794	2550	174	104	3114	226	578	0	0	0	0	0	0	0	0	150	0	0	522	0	0	0	882	100	4718	0	604	0	778	0	480	0	248	0	0	0	1276	118	9232	974	9912	170	552	0	1858	2550	2516	0	2970	0	2450	0	818	0	0	0	1228	0	0	0	0	0	0	0	0	0	0	0	0	0	0	0	0	0	0	0	0	0	0	0	0	0	0	0	
585468	Frontal_Sup_R	1320	9578	6950	0	0	4304	1736	27242	0	108	196	5534	164	10738	0	680	0	4078	11360	31416	0	144	10238	37294	274	2438	0	1058	382	11356	3130	28534	1032	18896	506	224	146	5374	0	712	0	0	0	0	0	0	0	106	0	0	0	0	0	622	0	2040	816	1152	0	0	330	0	0	122	0	0	0	0	806	650	4048	14324	258	15412	100	586	1000	9330	0	90	0	676	0	428	0	318	0	0	0	2378	0	0	0	0	0	0	0	0	0	0	0	0	0	0	0	0	0	0	0	0	0	0	0	0	0	0	
161988	Frontal_Sup_Orb_L	204	0	15944	0	0	0	2662	0	7236	0	552	0	1786	0	9878	0	252	0	1930	0	2506	324	4282	368	2958	546	2602	92	11678	0	2824	358	0	0	0	0	324	0	506	0	560	0	0	0	0	0	0	0	0	0	0	0	0	0	186	0	0	0	0	0	0	0	0	0	0	0	0	0	0	0	1462	170	6964	0	0	0	0	0	0	0	364	0	1476	0	0	0	0	0	0	0	0	0	0	0	0	0	0	0	0	0	0	0	0	0	0	0	0	0	0	0	0	0	0	0	0	0	
80252	Frontal_Sup_Orb_R	0	0	122	4304	0	0	0	636	0	1428	0	0	0	0	88	1716	0	0	0	0	316	1382	490	3636	854	7166	90	6746	0	528	562	1538	0	0	0	0	0	0	0	0	0	0	0	0	0	0	0	0	0	0	0	0	0	0	0	0	0	0	0	0	0	0	0	0	0	0	0	0	0	0	210	4122	132	4060	0	0	0	0	0	0	0	0	0	0	0	0	0	0	0	0	0	0	0	0	0	0	0	0	0	0	0	0	0	0	0	0	0	0	0	0	0	0	0	0	0	0	
438544	Frontal_Mid_L	14876	1356	61306	1736	2662	0	0	2810	1544	0	4454	1066	36640	246	13876	0	236	104	16922	2334	0	0	16434	974	0	302	0	0	19540	112	4208	1362	196	618	0	0	296	0	0	0	0	0	0	0	0	0	0	0	0	0	134	0	0	0	92	0	706	0	118	0	142	0	128	0	0	0	0	0	306	2108	3234	0	2042	0	190	0	2202	0	358	0	384	0	338	0	238	0	0	0	342	0	0	0	0	0	0	0	0	0	0	0	0	0	0	0	0	0	0	0	0	0	0	0	0	0	0	0	
285288	Frontal_Mid_R	454	11036	2214	27242	0	636	2810	0	0	342	0	13242	230	18912	0	2992	0	3420	3962	4460	0	0	432	6012	0	0	0	0	500	8624	166	3524	0	3190	0	0	0	2416	0	410	0	0	0	122	0	0	0	0	0	0	0	0	0	406	0	886	312	750	0	0	0	0	0	356	0	90	0	118	0	0	4976	3292	224	8030	0	166	272	2716	0	86	0	520	0	350	0	460	0	0	0	1286	0	0	0	0	0	0	0	0	0	0	0	0	0	0	0	0	0	0	0	0	0	0	0	0	0	0	
47632	Frontal_Mid_Orb_L	0	0	3376	0	7236	0	1544	0	0	0	0	0	282	0	8520	0	0	0	94	0	0	0	0	0	142	0	572	0	1180	0	0	0	0	0	0	0	0	0	0	0	0	0	0	0	0	0	0	0	0	0	0	0	0	0	0	0	0	0	0	0	0	0	0	0	0	0	0	0	0	0	0	0	770	0	0	0	0	0	0	0	0	0	100	0	0	0	0	0	0	0	0	0	0	0	0	0	0	0	0	0	0	0	0	0	0	0	0	0	0	0	0	0	0	0	0	0	
13824	Frontal_Mid_Orb_R	0	0	0	108	0	1428	0	342	0	0	0	0	0	184	0	3118	0	0	0	0	0	134	0	0	0	84	0	262	0	0	0	0	0	0	0	0	0	0	0	0	0	0	0	0	0	0	0	0	0	0	0	0	0	0	0	0	0	0	0	0	0	0	0	0	0	0	0	0	0	0	0	596	0	656	0	0	0	0	0	0	0	0	0	0	0	0	0	0	0	0	0	0	0	0	0	0	0	0	0	0	0	0	0	0	0	0	0	0	0	0	0	0	0	0	0	0	
197604	Frontal_Inf_Oper_L	11092	0	9604	196	552	0	4454	0	0	0	0	0	11914	202	1180	0	10050	0	7460	0	0	0	1034	280	0	0	0	0	15106	218	3136	830	90	98	0	0	518	0	0	0	0	0	0	0	0	0	0	0	0	0	450	0	0	0	116	0	5380	0	518	0	620	0	0	0	400	0	0	0	0	0	194	256	740	140	0	0	0	0	1090	0	5832	0	4602	0	354	0	0	0	96	0	0	0	0	0	0	0	0	0	0	0	0	0	0	0	0	0	0	0	0	0	0	0	0	0	0	0	
170128	Frontal_Inf_Oper_R	0	4562	486	5534	0	0	1066	13242	0	0	0	0	126	11516	0	200	0	9280	1716	3486	0	0	100	1502	0	0	0	0	650	14772	170	1500	0	1206	0	0	166	758	0	242	0	0	0	0	0	0	0	0	0	0	0	0	0	116	162	342	0	1752	0	0	0	0	0	118	0	0	0	0	0	0	2572	912	916	3134	0	0	0	0	0	102	296	202	0	1724	0	0	0	0	108	328	0	0	0	0	0	0	0	0	0	0	0	0	0	0	0	0	0	0	0	0	0	0	0	0	0	0	
296456	Frontal_Inf_Tri_L	1596	0	27388	164	1786	0	36640	230	282	0	11914	126	0	214	15624	0	574	0	14100	0	0	0	6172	430	0	84	0	0	20920	248	4468	764	182	0	0	0	142	0	0	0	0	0	0	0	0	0	0	0	0	0	0	0	0	0	0	0	346	0	0	0	0	0	0	0	0	0	0	0	0	0	382	270	802	160	0	0	0	0	120	0	950	0	1016	0	134	0	0	0	0	0	0	0	0	0	0	0	0	0	0	0	0	0	0	0	0	0	0	0	0	0	0	0	0	0	0	0	
212564	Frontal_Inf_Tri_R	84	366	314	10738	0	0	246	18912	0	184	202	11516	214	0	0	2330	0	1062	3046	5586	0	0	226	4850	0	0	0	0	774	19524	378	6510	0	3644	0	0	210	240	0	82	0	0	0	0	0	0	0	0	0	0	0	0	0	0	174	0	0	188	0	0	0	0	0	0	0	0	0	0	0	0	2676	5554	1228	4572	0	0	0	0	0	0	302	0	0	236	0	0	0	0	114	0	0	0	0	0	0	0	0	0	0	0	0	0	0	0	0	0	0	0	0	0	0	0	0	0	0	0	
185300	Frontal_Inf_Orb_L	148	0	10558	0	9878	88	13876	0	8520	0	1180	0	15624	0	0	0	0	0	1332	0	2138	740	308	0	0	0	730	250	15352	0	1148	696	0	0	0	0	140	0	230	0	748	0	0	0	0	0	0	0	0	0	0	0	0	0	0	0	0	0	0	0	0	0	0	0	0	0	0	0	0	0	1398	610	4016	434	0	0	0	0	0	0	0	0	2410	0	0	0	98	0	0	0	0	0	0	0	0	0	0	0	0	0	0	0	0	0	0	0	0	0	0	0	0	0	0	0	0	0	
60816	Frontal_Inf_Orb_R	0	0	0	680	0	1716	0	2992	0	3118	0	200	0	2330	0	0	0	0	0	0	84	1676	0	0	0	96	0	1324	0	6392	0	244	0	0	0	0	0	0	0	172	0	548	0	0	0	0	0	0	0	0	0	0	0	0	0	138	0	0	0	0	0	0	0	0	0	0	0	0	0	0	0	2504	0	5708	0	0	0	0	0	0	0	0	0	400	0	0	0	86	0	0	0	0	0	0	0	0	0	0	0	0	0	0	0	0	0	0	0	0	0	0	0	0	0	0	0	0	
171828	Rolandic_Oper_L	8498	0	5864	0	252	0	236	0	0	0	10050	0	574	0	0	0	0	0	5388	0	0	0	0	0	0	0	0	0	13332	0	282	0	0	0	174	0	582	0	216	0	0	0	0	0	0	0	0	0	0	0	1108	0	128	0	566	0	8428	0	624	0	656	0	1992	0	216	0	164	0	202	0	90	0	384	0	0	0	0	0	6304	0	11236	0	3982	0	2988	0	0	0	1398	0	0	0	0	0	0	0	0	0	0	0	0	0	0	0	0	0	0	0	0	0	0	0	0	0	0	0	
114772	Rolandic_Oper_R	0	2442	98	4078	0	0	104	3420	0	0	0	9280	0	1062	0	0	0	0	424	2446	0	0	0	344	0	0	0	0	0	13776	0	146	0	524	0	0	0	404	0	0	0	0	0	314	0	160	0	0	0	128	0	0	0	90	0	510	0	3676	0	0	0	0	0	2316	0	90	0	158	0	90	124	284	0	2168	0	0	0	0	0	1384	0	4338	0	2274	0	384	0	0	0	350	0	0	0	0	0	0	0	0	0	0	0	0	0	0	0	0	0	0	0	0	0	0	0	0	0	0	
611612	Supp_Motor_Area_L	13134	1852	80338	11360	1930	0	16922	3962	94	0	7460	1716	14100	3046	1332	0	5388	424	0	29494	0	0	7464	4488	0	390	0	0	21552	1182	5162	4332	6570	11836	382	202	4298	374	370	138	0	0	0	0	0	0	0	244	0	0	116	0	136	0	732	158	3486	0	276	0	396	0	164	0	126	0	150	0	4022	240	12146	1432	7170	466	1942	0	2396	2652	1494	0	2240	0	1192	164	230	0	0	0	744	0	0	0	0	0	0	0	0	0	0	0	0	0	0	0	0	0	0	0	0	0	0	0	0	0	0	0	
560968	Supp_Motor_Area_R	3506	15344	10978	31416	0	0	2334	4460	0	0	0	3486	0	5586	0	0	0	2446	29494	0	0	0	836	8230	0	0	0	0	402	7402	666	7988	5502	37152	3508	7112	440	5352	0	616	0	0	0	1200	0	1132	0	758	0	254	0	176	0	886	0	3348	452	1464	0	0	0	116	0	562	0	300	234	2780	5472	27110	3118	9922	258	11638	140	640	3612	4304	160	0	0	908	0	472	0	2082	0	0	0	2730	0	0	0	0	0	0	0	0	0	0	0	0	0	0	0	0	0	0	0	0	0	0	0	0	0	0	
78532	Olfactory_L	0	0	154	0	2506	316	0	0	0	0	0	0	0	0	2138	84	0	0	0	0	0	4986	0	0	0	100	780	814	3268	0	3172	1394	0	0	0	0	216	0	776	0	1014	0	0	0	0	0	0	0	0	0	0	0	0	0	92	0	0	0	0	0	0	0	0	0	0	0	0	0	0	0	6160	4114	4774	1546	0	0	0	0	0	0	0	0	862	0	0	0	0	0	0	0	0	0	0	0	0	0	0	0	0	0	0	0	0	0	0	0	0	0	0	0	0	0	0	0	0	0	
97436	Olfactory_R	0	0	0	144	324	1382	0	0	0	134	0	0	0	0	740	1676	0	0	0	0	4986	0	0	0	0	586	158	2642	524	2056	4112	3112	0	0	0	0	0	288	0	462	212	972	0	0	0	0	0	0	0	0	0	0	0	0	0	130	0	0	0	0	0	0	0	0	0	0	0	0	0	0	7156	7856	5488	3152	182	0	0	0	0	0	0	0	0	244	0	0	0	0	0	0	0	0	0	0	0	0	0	0	0	0	0	0	0	0	0	0	0	0	0	0	0	0	0	0	0	0	
311228	Frontal_Sup_Medial_L	174	0	42826	10238	4282	490	16434	432	0	0	1034	100	6172	226	308	0	0	0	7464	836	0	0	0	20066	2090	3614	0	124	3458	198	14970	9936	2164	5718	0	0	0	0	0	0	0	0	0	0	0	0	0	0	0	0	0	0	0	0	0	0	0	0	0	0	0	0	0	0	0	0	0	0	0	0	182	0	1994	0	0	0	0	0	0	0	84	0	0	0	0	0	0	0	0	0	0	0	0	0	0	0	0	0	0	0	0	0	0	0	0	0	0	0	0	0	0	0	0	0	0	0	
336172	Frontal_Sup_Medial_R	0	0	5822	37294	368	3636	974	6012	0	0	280	1502	430	4850	0	0	0	344	4488	8230	0	0	20066	0	1252	8230	220	2074	932	2784	7870	24698	202	12046	0	0	0	112	0	0	0	0	0	0	0	0	0	0	0	0	0	0	0	0	0	0	0	0	0	0	0	0	0	0	0	0	0	0	0	0	294	6190	706	6018	0	0	0	0	0	0	0	0	0	162	0	0	0	0	0	0	0	0	0	0	0	0	0	0	0	0	0	0	0	0	0	0	0	0	0	0	0	0	0	0	0	0	
32636	Frontal_Med_Orb_L	0	0	1344	274	2958	854	0	0	142	0	0	0	0	0	0	0	0	0	0	0	0	0	2090	1252	0	2072	1358	470	0	0	2026	774	0	0	0	0	0	0	0	0	0	0	0	0	0	0	0	0	0	0	0	0	0	0	0	0	0	0	0	0	0	0	0	0	0	0	0	0	0	0	136	218	260	90	0	0	0	0	0	0	0	0	0	0	0	0	0	0	0	0	0	0	0	0	0	0	0	0	0	0	0	0	0	0	0	0	0	0	0	0	0	0	0	0	0	0	
99424	Frontal_Med_Orb_R	0	0	2722	2438	546	7166	302	0	0	84	0	0	84	0	0	96	0	0	390	0	100	586	3614	8230	2072	0	202	6734	938	0	4054	4028	0	0	0	0	0	0	0	0	0	0	0	0	0	0	0	0	0	0	0	0	0	0	0	0	0	0	0	0	0	0	0	0	0	0	0	0	0	0	108	2570	592	2056	0	0	0	0	0	0	0	0	0	0	0	0	0	0	0	0	0	0	0	0	0	0	0	0	0	0	0	0	0	0	0	0	0	0	0	0	0	0	0	0	0	0	
23120	Rectus_L	0	0	92	0	2602	90	0	0	572	0	0	0	0	0	730	0	0	0	0	0	780	158	0	220	1358	202	0	206	258	0	2116	526	0	0	0	0	0	0	0	0	0	0	0	0	0	0	0	0	0	0	0	0	0	0	0	0	0	0	0	0	0	0	0	0	0	0	0	0	0	0	810	228	612	0	0	0	0	0	0	0	0	0	0	0	0	0	0	0	0	0	0	0	0	0	0	0	0	0	0	0	0	0	0	0	0	0	0	0	0	0	0	0	0	0	0	0	
64860	Rectus_R	0	0	0	1058	92	6746	0	0	0	262	0	0	0	0	250	1324	0	0	0	0	814	2642	124	2074	470	6734	206	0	128	1106	986	2532	0	0	0	0	0	0	0	90	0	178	0	0	0	0	0	0	0	0	0	0	0	0	0	0	0	0	0	0	0	0	0	0	0	0	0	0	0	0	562	1754	462	1672	0	0	0	0	0	0	0	0	0	164	0	0	0	0	0	0	0	0	0	0	0	0	0	0	0	0	0	0	0	0	0	0	0	0	0	0	0	0	0	0	0	0	
621208	Insula_L	16868	336	34390	382	11678	0	19540	500	1180	0	15106	650	20920	774	15352	0	13332	0	21552	402	3268	524	3458	932	0	938	258	128	0	818	6406	1646	164	96	762	654	15742	342	2920	252	3844	0	110	0	92	0	104	390	0	0	2142	0	394	0	6130	124	6062	0	2382	0	2360	0	2262	0	780	0	402	0	906	0	3604	914	18196	638	134	0	2550	320	8680	0	13116	0	8712	0	4334	0	100	0	7436	0	240	0	158	0	0	0	176	0	358	0	92	0	92	0	0	0	0	0	0	0	0	0	0	0	0	0	
338476	Insula_R	0	2616	188	11356	0	528	112	8624	0	0	218	14772	248	19524	0	6392	0	13776	1182	7402	0	2056	198	2784	0	0	0	1106	818	0	280	4430	0	1512	0	0	202	5664	0	1814	0	1444	0	508	0	0	0	342	0	0	0	470	0	1232	178	3150	0	1646	0	0	0	0	0	248	0	0	0	158	0	0	2106	7476	1070	20988	0	0	0	260	0	2268	310	6140	102	2376	0	2692	0	96	120	5858	0	0	0	0	0	0	0	114	0	84	0	0	0	0	0	0	0	0	0	0	0	0	0	0	0	0	
262752	Cingulum_Ant_L	338	0	12796	3130	2824	562	4208	166	0	0	3136	170	4468	378	1148	0	282	0	5162	666	3172	4112	14970	7870	2026	4054	2116	986	6406	280	0	17486	3552	2492	0	0	214	0	0	0	210	0	0	0	0	0	0	0	0	0	0	0	0	0	98	0	114	0	112	0	112	0	98	0	0	0	0	0	0	0	6252	4792	6902	2110	0	0	0	0	94	0	762	0	458	0	0	0	0	0	92	0	0	0	0	0	0	0	0	0	0	0	0	0	0	0	0	0	0	0	0	0	0	0	0	0	0	0	
348628	Cingulum_Ant_R	86	0	3746	28534	358	1538	1362	3524	0	0	830	1500	764	6510	696	244	0	146	4332	7988	1394	3112	9936	24698	774	4028	526	2532	1646	4430	17486	0	1658	14640	0	0	0	216	0	0	154	0	0	0	0	0	0	0	0	0	0	0	0	0	0	0	0	0	0	0	0	0	0	0	0	0	0	0	0	0	3580	10932	2224	8074	0	0	0	0	0	0	116	0	0	0	0	0	0	0	0	0	0	0	0	0	0	0	0	0	0	0	0	0	0	0	0	0	0	0	0	0	0	0	0	0	0	0	
135080	Cingulum_Mid_L	200	740	1794	1032	0	0	196	0	0	0	90	0	182	0	0	0	0	0	6570	5502	0	0	2164	202	0	0	0	0	164	0	3552	1658	0	9952	3966	1410	150	0	0	0	0	0	590	114	1962	218	92	0	3188	0	2674	0	0	0	0	0	246	0	1104	0	164	0	0	0	108	0	7318	1620	6762	1226	0	0	302	0	182	0	0	0	0	0	0	0	0	0	146	0	0	0	0	0	0	0	0	0	0	0	0	0	0	0	0	0	0	0	0	0	0	0	0	0	0	0	0	0	0	0	
419220	Cingulum_Mid_R	1014	1576	2550	18896	0	0	618	3190	0	0	98	1206	0	3644	0	0	0	524	11836	37152	0	0	5718	12046	0	0	0	0	96	1512	2492	14640	9952	0	3742	8888	0	182	0	0	0	0	0	4402	0	8526	0	930	0	3040	0	2682	0	416	0	1062	0	3722	0	0	0	298	0	202	0	346	2102	17884	2102	17934	154	96	0	206	0	0	0	0	0	0	0	170	0	154	0	844	0	0	0	766	0	0	0	0	0	0	0	0	0	0	0	0	0	0	0	0	0	0	0	0	0	0	0	0	0	0	
156520	Cingulum_Post_L	2904	2018	174	506	0	0	0	0	0	0	0	0	0	0	0	0	174	0	382	3508	0	0	0	0	0	0	0	0	762	0	0	0	3966	3742	0	11536	6106	3012	1216	1488	0	0	1924	196	1546	418	784	1710	832	0	308	0	0	380	316	508	620	0	326	0	164	0	0	0	0	0	7738	5434	5694	1872	0	0	212	0	156	0	490	412	480	0	1110	0	0	0	1252	0	0	0	1050	438	0	0	0	0	0	0	0	174	0	0	0	0	0	0	0	0	0	0	0	0	222	0	0	0	0	0	
214540	Cingulum_Post_R	2698	1854	104	224	0	0	0	0	0	0	0	0	0	0	0	0	0	0	202	7112	0	0	0	0	0	0	0	0	654	0	0	0	1410	8888	11536	0	6018	7932	1462	3880	0	0	0	4140	146	1402	818	6894	0	216	0	308	0	2114	264	2406	0	1210	0	0	0	638	0	242	0	646	1704	12816	628	6774	0	0	136	100	0	0	2202	2706	196	0	190	0	0	0	138	372	0	0	156	2840	0	0	0	0	0	0	0	264	0	0	0	0	0	0	0	0	0	0	0	0	630	0	0	0	0	0	
277944	Hippocampus_L	3956	538	3114	146	324	0	296	0	0	0	518	166	142	210	140	0	582	0	4298	440	216	0	0	0	0	0	0	0	15742	202	214	0	150	0	6106	6018	0	4146	14246	2704	6946	0	2916	186	136	0	5190	3376	0	0	372	0	548	0	13096	634	262	0	0	0	82	0	0	0	0	0	3862	1128	674	324	1188	120	9724	138	1056	0	4980	1968	1936	0	3076	0	802	0	500	0	0	0	5982	0	714	0	84	0	0	0	808	284	1058	0	0	0	0	0	0	0	0	0	0	0	208	0	0	0	0	0	
422496	Hippocampus_R	2204	6334	226	5374	0	0	0	2416	0	0	0	758	0	240	0	0	0	404	374	5352	0	288	0	112	0	0	0	0	342	5664	0	216	0	182	3012	7932	4146	0	1290	29930	0	8364	0	1284	0	118	680	9078	0	108	0	86	0	7708	160	31382	0	660	0	0	0	138	0	276	0	0	216	4754	0	690	202	3338	140	17502	0	1000	3502	9484	0	172	0	1140	0	344	0	3840	0	86	0	22764	0	656	0	160	0	0	0	2598	0	1272	0	0	0	126	0	0	0	0	0	0	424	0	0	0	0	0	
152636	ParaHippocampal_L	362	102	578	0	506	0	0	0	0	0	0	0	0	0	230	0	216	0	370	0	776	0	0	0	0	0	0	0	2920	0	0	0	0	0	1216	1462	14246	1290	0	776	1878	0	478	132	0	0	5580	1552	0	0	862	0	2480	0	13512	122	88	0	0	0	0	0	0	0	0	0	308	358	144	0	274	0	3290	0	298	0	1574	486	410	0	284	0	882	0	232	0	242	0	2266	0	3078	0	88	0	104	172	4500	230	5038	100	0	0	0	0	0	0	0	0	0	226	0	0	0	0	0	0	
264556	ParaHippocampal_R	1000	714	0	712	0	0	0	410	0	0	0	242	0	82	0	172	0	0	138	616	0	462	0	0	0	0	0	90	252	1814	0	0	0	0	1488	3880	2704	29930	776	0	0	6916	0	614	0	82	376	9124	0	84	0	0	0	1400	98	24816	0	0	0	0	0	0	0	0	0	0	0	2108	0	142	0	638	96	3740	0	568	1862	5866	0	0	0	420	0	1886	0	1456	0	528	0	4974	0	3418	0	824	0	250	0	7708	106	4794	0	0	224	786	196	0	0	148	0	0	322	0	226	0	0	0	
46724	Amygdala_L	0	0	0	0	560	0	0	0	0	0	0	0	0	0	748	0	0	0	0	0	1014	212	0	0	0	0	0	0	3844	0	210	154	0	0	0	0	6946	0	1878	0	0	0	0	0	0	0	0	0	0	0	0	0	0	0	3478	0	0	0	0	0	0	0	0	0	0	0	0	0	0	0	296	224	2122	106	0	0	118	0	0	0	90	0	802	0	0	0	104	0	456	0	0	0	0	0	0	0	0	0	0	0	0	0	0	0	0	0	0	0	0	0	0	0	0	0	0	0	
54700	Amygdala_R	0	0	0	0	0	0	0	0	0	0	0	0	0	0	0	548	0	0	0	0	0	972	0	0	0	0	0	178	0	1444	0	0	0	0	0	0	0	8364	0	6916	0	0	0	0	0	0	0	0	0	0	0	0	0	0	0	3688	0	0	0	0	0	0	0	0	0	0	0	0	0	0	0	310	0	1096	0	180	0	236	0	0	0	264	0	1516	0	0	0	296	0	416	0	234	0	0	0	0	0	364	0	328	0	0	0	0	0	0	0	0	0	0	0	0	0	0	0	0	
243936	Calcarine_L	200	0	0	0	0	0	0	0	0	0	0	0	0	0	0	0	0	0	0	0	0	0	0	0	0	0	0	0	110	0	0	0	590	0	1924	0	2916	0	478	0	0	0	0	6408	19392	5530	10432	1950	11080	2342	26688	208	4344	92	2422	0	714	0	544	0	894	0	0	0	1238	0	15116	980	286	0	0	0	0	0	0	0	0	0	126	0	0	0	0	0	4152	0	0	0	812	0	0	0	0	0	0	0	0	0	0	0	0	0	0	0	0	0	0	0	0	0	0	0	0	0	0	0	
396440	Calcarine_R	0	954	0	0	0	0	0	122	0	0	0	0	0	0	0	0	0	314	0	1200	0	0	0	0	0	0	0	0	0	508	0	0	114	4402	196	4140	186	1284	132	614	0	0	6408	0	4058	27344	1768	25054	294	24282	0	11850	0	10560	0	16070	0	1180	0	154	0	128	0	574	0	272	508	25686	0	4320	0	0	0	102	0	0	0	254	0	0	0	1384	0	0	0	7084	0	0	0	12634	0	0	0	0	0	0	206	162	164	246	0	0	0	0	0	0	0	0	0	0	572	736	0	0	0	0	
227012	Cuneus_L	204	0	0	0	0	0	0	0	0	0	0	0	0	0	0	0	0	0	0	0	0	0	0	0	0	0	0	0	92	0	0	0	1962	0	1546	146	136	0	0	0	0	0	19392	4058	0	9350	2306	232	25808	3254	18358	108	386	0	1070	0	996	0	1024	0	720	0	0	0	494	0	14270	4320	1146	0	0	0	0	0	0	0	0	0	0	0	0	0	0	0	1764	0	0	0	280	84	0	0	0	0	0	0	0	0	0	0	0	0	0	0	0	0	0	0	0	0	0	0	0	0	0	0	
354904	Cuneus_R	0	362	0	0	0	0	0	0	0	0	0	0	0	0	0	0	0	160	0	1132	0	0	0	0	0	0	0	0	0	0	0	0	218	8526	418	1402	0	118	0	82	0	0	5530	27344	9350	0	744	7590	924	38652	0	13704	0	2498	0	4912	0	3112	120	2960	0	132	0	328	0	276	5080	31930	0	4104	0	0	0	0	0	0	0	0	0	0	0	346	0	0	0	2388	0	0	0	2476	0	0	0	0	0	0	0	0	0	282	0	0	0	0	0	0	0	0	0	0	132	120	0	0	0	0	
316248	Lingual_L	208	94	0	0	0	0	0	0	0	0	0	0	0	0	0	0	0	0	0	0	0	0	0	0	0	0	0	0	104	0	0	0	92	0	784	818	5190	680	5580	376	0	0	10432	1768	2306	744	0	8090	2202	680	14550	122	8412	0	21900	1836	0	0	146	0	0	0	0	0	96	0	4170	366	120	0	0	0	0	0	0	0	1004	330	0	0	0	0	0	0	1308	0	0	0	652	0	5270	2516	96	124	1148	0	14280	3452	15200	5814	0	0	0	0	0	0	0	0	250	174	6678	6758	1204	0	0	0	
421708	Lingual_R	836	794	150	106	0	0	0	0	0	0	0	0	0	0	0	0	0	0	244	758	0	0	0	0	0	0	0	0	390	342	0	0	0	930	1710	6894	3376	9078	1552	9124	0	0	1950	25054	232	7590	8090	0	0	8450	130	1674	240	4420	2444	22306	0	584	0	0	0	0	0	0	0	122	0	11968	0	1210	0	0	330	0	0	0	2386	4510	0	0	0	182	0	0	0	728	0	0	0	2360	3458	3264	0	258	452	1056	8284	9754	8330	10168	0	0	0	122	544	144	0	0	124	486	11644	7696	1246	90	110	380	
226844	Occipital_Sup_L	0	0	0	0	0	0	0	0	0	0	0	0	0	0	0	0	0	0	0	0	0	0	0	0	0	0	0	0	0	0	0	0	3188	0	832	0	0	0	0	0	0	0	11080	294	25808	924	2202	0	0	0	32086	0	548	0	508	0	714	0	9938	0	1590	0	0	0	808	0	18314	2444	728	0	0	0	0	0	0	0	0	0	0	0	0	0	0	0	1330	0	0	0	86	0	0	0	0	0	0	0	0	0	0	0	0	0	0	0	0	0	0	0	0	0	0	0	0	0	0	0	
327800	Occipital_Sup_R	0	244	0	0	0	0	0	0	0	0	0	0	0	0	0	0	0	128	0	254	0	0	0	0	0	0	0	0	0	0	0	0	0	3040	0	216	0	108	0	84	0	0	2342	24282	3254	38652	680	8450	0	0	0	24102	0	3368	0	5258	0	4158	0	9968	0	1670	0	266	0	5274	1544	18674	0	2762	0	0	0	0	0	0	0	0	0	0	0	248	0	0	0	1940	0	0	0	2384	0	0	0	0	0	0	0	0	0	322	0	0	0	0	0	0	0	0	0	0	88	140	0	0	0	0	
519348	Occipital_Mid_L	3566	0	522	0	0	0	134	0	0	0	450	0	0	0	0	0	1108	0	116	0	0	0	0	0	0	0	0	0	2142	0	0	0	2674	0	308	0	372	0	862	0	0	0	26688	0	18358	0	14550	130	32086	0	0	0	16566	0	9936	0	3932	0	14570	0	22954	0	4248	0	23158	0	15842	282	2472	0	0	0	0	0	0	0	0	0	1786	0	2394	0	0	0	29276	0	0	0	7346	0	0	0	0	0	0	0	0	0	466	0	0	0	0	0	0	0	0	0	0	0	92	288	0	0	0	0	
273488	Occipital_Mid_R	0	376	0	0	0	0	0	0	0	0	0	0	0	0	0	0	0	0	0	176	0	0	0	0	0	0	0	0	0	470	0	0	0	2682	0	308	0	86	0	0	0	0	208	11850	108	13704	122	1674	0	24102	0	0	0	6856	0	1558	0	4826	0	6184	0	6778	0	432	0	13002	286	12266	0	3334	0	0	0	0	0	0	0	0	0	0	0	832	0	0	0	15726	0	0	0	8712	0	0	0	0	0	0	0	0	0	86	0	0	0	0	0	0	0	0	0	0	0	0	0	0	0	0	
151412	Occipital_Inf_L	182	0	0	0	0	0	0	0	0	0	0	0	0	0	0	0	128	0	136	0	0	0	0	0	0	0	0	0	394	0	0	0	0	0	0	0	548	0	2480	0	0	0	4344	0	386	0	8412	240	548	0	16566	0	0	0	13602	0	310	0	0	0	1402	0	1580	0	790	0	402	0	0	0	0	0	0	0	0	0	0	0	462	0	1284	0	0	0	6876	0	0	0	10500	0	678	166	0	0	0	0	878	194	1248	280	0	0	0	0	0	0	0	0	0	0	436	254	0	0	0	0	
193716	Occipital_Inf_R	0	3648	0	622	0	0	0	406	0	0	0	116	0	0	0	0	0	90	0	886	0	0	0	0	0	0	0	0	0	1232	0	0	0	416	380	2114	0	7708	0	1400	0	0	92	10560	0	2498	0	4420	0	3368	0	6856	0	0	0	11030	0	444	0	0	0	0	0	122	0	0	158	5734	0	944	0	0	0	874	0	0	0	0	0	0	0	998	0	0	0	5462	0	0	0	23012	0	198	0	0	0	0	0	240	0	604	0	0	0	0	0	0	0	0	0	0	226	0	0	0	0	0	
520872	Fusiform_L	662	0	882	0	186	0	92	0	0	0	116	162	0	174	0	0	566	0	732	0	92	0	0	0	0	0	0	0	6130	178	98	0	0	0	316	264	13096	160	13512	98	3478	0	2422	0	1070	0	21900	2444	508	0	9936	0	13602	0	0	664	246	0	102	0	98	0	82	0	128	0	1892	112	390	0	674	0	3070	0	0	0	304	94	1338	0	3196	0	2838	0	6366	0	2238	0	19434	0	31950	1892	3768	84	474	0	22796	1782	43742	3842	2190	0	2554	0	0	0	0	0	624	156	3588	4372	480	0	0	0	
571932	Fusiform_R	626	2980	100	2040	0	0	0	886	0	0	0	342	0	0	0	138	0	510	158	3348	0	130	0	0	0	0	0	0	124	3150	0	0	0	1062	508	2406	634	31382	122	24816	0	3688	0	16070	0	4912	1836	22306	0	5258	0	1558	0	11030	664	0	0	840	0	0	0	108	0	786	0	102	0	7424	0	1666	0	770	0	7146	0	258	894	2492	0	110	0	2002	0	4264	0	6004	0	2384	0	26576	2048	17530	222	1884	0	1198	1638	15436	2756	25398	0	90	206	1296	190	86	0	148	90	402	3516	3438	1784	0	0	0	
261532	Postcentral_L	28088	520	4718	816	0	0	706	312	0	0	5380	0	346	0	0	0	8428	0	3486	452	0	0	0	0	0	0	0	0	6062	0	114	0	246	0	620	0	262	0	88	0	0	0	714	0	996	0	0	0	714	0	3932	0	310	0	246	0	0	0	9194	0	22114	0	9342	0	2366	0	2694	0	5500	0	542	118	210	0	98	0	92	98	3296	0	4446	0	0	0	2188	0	0	0	912	0	0	0	0	0	0	0	0	0	0	0	0	0	0	0	0	0	0	0	0	0	0	0	0	0	0	0	
177696	Postcentral_R	0	12160	0	1152	0	0	0	750	0	0	0	1752	0	188	0	0	0	3676	0	1464	0	0	0	0	0	0	0	0	0	1646	0	0	0	3722	0	1210	0	660	0	0	0	0	0	1180	0	3112	0	584	0	4158	0	4826	0	444	0	840	0	0	0	5016	0	4478	0	10086	0	2978	202	7444	0	7198	0	0	0	576	0	0	0	160	0	106	0	2342	0	0	0	2712	0	0	0	2026	0	0	0	0	0	0	0	0	0	0	0	0	0	0	0	0	0	0	0	0	0	0	0	0	0	0	
178968	Parietal_Sup_L	2498	0	604	0	0	0	118	0	0	0	518	0	0	0	0	0	624	0	276	0	0	0	0	0	0	0	0	0	2382	0	112	0	1104	0	326	0	0	0	0	0	0	0	544	0	1024	120	146	0	9938	0	14570	0	0	0	102	0	9194	0	0	0	19184	0	1284	0	6780	0	14818	864	1402	0	0	0	0	0	0	0	0	0	182	0	454	0	0	0	316	0	0	0	0	0	0	0	0	0	0	0	0	0	0	0	0	0	0	0	0	0	0	0	0	0	0	0	0	0	0	0	
100520	Parietal_Sup_R	0	204	0	0	0	0	0	0	0	0	0	0	0	0	0	0	0	0	0	0	0	0	0	0	0	0	0	0	0	0	0	0	0	0	0	0	0	0	0	0	0	0	0	154	0	2960	0	0	0	9968	0	6184	0	0	0	0	0	5016	0	0	0	8162	0	1280	0	9484	568	5780	0	500	0	0	0	0	0	0	0	0	0	0	0	0	0	0	0	0	0	0	0	0	0	0	0	0	0	0	0	0	0	0	0	0	0	0	0	0	0	0	0	0	0	0	0	0	0	0	
315732	Parietal_Inf_L	5148	0	778	330	0	0	142	0	0	0	620	0	0	0	0	0	656	0	396	0	0	0	0	0	0	0	0	0	2360	0	112	0	164	0	164	0	82	0	0	0	0	0	894	0	720	0	0	0	1590	0	22954	0	1402	0	98	0	22114	0	19184	0	0	0	21726	0	33984	0	2032	0	1328	0	0	86	0	0	0	0	0	98	262	0	1124	0	0	0	12754	0	0	0	4564	0	0	0	0	0	0	0	0	0	0	0	0	0	0	0	0	0	0	0	0	0	0	0	0	0	0	0	
101672	Parietal_Inf_R	0	672	0	0	0	0	0	0	0	0	0	0	0	0	0	0	0	0	0	116	0	0	0	0	0	0	0	0	0	0	0	0	0	298	0	638	0	138	0	0	0	0	0	128	0	132	0	0	0	1670	0	6778	0	0	0	108	0	4478	0	8162	0	0	0	8118	0	16796	0	604	0	432	0	0	0	0	0	0	0	0	0	0	0	124	0	0	0	1334	0	0	0	110	0	0	0	0	0	0	0	0	0	0	0	0	0	0	0	0	0	0	0	0	0	0	0	0	0	0	
151924	SupraMarginal_L	1346	0	480	0	0	0	128	0	0	0	0	0	0	0	0	0	1992	0	164	0	0	0	0	0	0	0	0	0	2262	0	98	0	0	0	0	0	0	0	0	0	0	0	0	0	0	0	0	0	0	0	4248	0	1580	0	82	0	9342	0	1284	0	21726	0	0	0	9348	0	0	0	126	0	0	0	0	0	0	0	0	0	412	0	4982	0	0	0	10374	0	0	0	5988	0	0	0	0	0	0	0	0	0	0	0	0	0	0	0	0	0	0	0	0	0	0	0	0	0	0	0	
86796	SupraMarginal_R	0	3590	0	122	0	0	0	356	0	0	0	118	0	0	0	0	0	2316	0	562	0	0	0	0	0	0	0	0	0	248	0	0	0	202	0	242	0	276	0	0	0	0	0	574	0	328	0	0	0	266	0	432	0	122	0	786	0	10086	0	1280	0	8118	0	0	0	4896	0	896	0	718	0	0	0	0	0	0	0	0	0	0	0	4384	0	0	0	2128	0	0	0	352	0	0	0	0	0	0	0	0	0	0	0	0	0	0	0	0	0	0	0	0	0	0	0	0	0	0	
215728	Angular_L	1542	0	248	0	0	0	0	0	0	0	400	0	0	0	0	0	216	0	126	0	0	0	0	0	0	0	0	0	780	0	0	0	108	0	0	0	0	0	0	0	0	0	1238	0	494	0	96	0	808	0	23158	0	790	0	128	0	2366	0	6780	0	33984	0	9348	0	0	0	576	0	476	0	0	0	0	0	0	0	0	0	294	0	2502	0	0	0	17176	0	0	0	4230	0	0	0	0	0	0	0	0	0	0	0	0	0	0	0	0	0	0	0	0	0	0	0	0	0	0	0	
130144	Angular_R	0	546	0	0	0	0	0	90	0	0	0	0	0	0	0	0	0	90	0	300	0	0	0	0	0	0	0	0	0	0	0	0	0	346	0	646	0	0	0	0	0	0	0	272	0	276	0	122	0	5274	0	13002	0	0	0	102	0	2978	0	9484	0	16796	0	4896	0	0	0	902	0	452	0	0	0	0	0	0	0	0	0	0	0	1578	0	0	0	6920	0	0	0	0	0	0	0	0	0	0	0	0	0	0	0	0	0	0	0	0	0	0	0	0	0	0	0	0	0	0	
293648	Precuneus_L	784	162	0	0	0	0	0	0	0	0	0	0	0	0	0	0	164	0	150	234	0	0	0	0	0	0	0	0	402	0	0	0	7318	2102	7738	1704	3862	216	308	0	0	0	15116	508	14270	5080	4170	0	18314	1544	15842	286	402	158	1892	0	2694	202	14818	568	2032	0	0	0	576	0	0	14906	3140	348	0	0	0	0	0	0	84	0	310	0	174	0	0	0	3012	0	0	0	956	166	0	0	0	0	0	0	0	0	0	0	0	0	0	0	0	0	0	0	0	0	112	0	0	0	0	0	
462268	Precuneus_R	170	810	0	0	0	0	0	118	0	0	0	0	0	0	0	0	0	158	0	2780	0	0	0	0	0	0	0	0	0	158	0	0	1620	17884	5434	12816	1128	4754	358	2108	0	0	980	25686	4320	31930	366	11968	2444	18674	282	12266	0	5734	112	7424	0	7444	864	5780	0	604	0	896	0	902	14906	0	866	10496	0	0	0	0	0	0	92	930	0	0	294	1162	0	0	372	4302	0	0	292	7280	0	0	0	0	0	0	0	172	0	104	0	0	0	0	0	0	0	0	0	0	894	0	0	0	0	0	
130300	Paracentral_Lobule_L	6220	2592	1276	806	0	0	306	0	0	0	0	0	0	0	0	0	202	0	4022	5472	0	0	0	0	0	0	0	0	906	0	0	0	6762	2102	5694	628	674	0	144	0	0	0	286	0	1146	0	120	0	728	0	2472	0	0	0	390	0	5500	0	1402	0	1328	0	126	0	476	0	3140	866	0	2356	238	142	1466	92	974	0	840	84	274	0	230	0	0	0	1492	0	0	0	1176	0	0	0	0	0	0	0	0	0	0	0	0	0	0	0	0	0	0	0	0	0	0	0	0	0	0	0	
259348	Paracentral_Lobule_R	2436	16500	118	650	0	0	2108	0	0	0	0	0	0	0	0	0	0	90	240	27110	0	0	0	0	0	0	0	0	0	0	0	0	1226	17934	1872	6774	324	690	0	142	0	0	0	4320	0	4104	0	1210	0	2762	0	3334	0	944	0	1666	0	7198	0	500	0	432	0	718	0	452	348	10496	2356	0	1234	0	0	0	0	0	3962	336	0	0	0	656	0	0	0	2882	0	0	0	1550	0	0	0	0	0	0	0	0	0	0	0	0	0	0	0	0	0	0	0	0	0	0	0	0	0	0	
269780	Caudate_L	1396	2562	9232	4048	1462	210	3234	4976	0	0	194	2572	382	2676	1398	0	90	124	12146	3118	6160	7156	182	294	136	108	810	562	3604	2106	6252	3580	0	154	0	0	1188	202	274	0	296	0	0	0	0	0	0	0	0	0	0	0	0	0	674	0	542	0	0	0	0	0	0	0	0	0	0	0	238	1234	0	17312	17038	3450	2336	576	5476	1790	0	0	516	0	578	0	0	0	0	0	246	0	0	0	0	0	0	0	0	0	0	0	0	0	0	0	0	0	0	0	0	0	0	0	0	0	0	0	
346016	Caudate_R	218	1746	974	14324	170	4122	0	3292	0	596	256	912	270	5554	610	2504	0	284	1432	9922	4114	7856	0	6190	218	2570	228	1754	914	7476	4792	10932	0	96	0	0	120	3338	0	638	224	310	0	0	0	0	0	0	0	0	0	0	0	0	0	770	118	0	0	0	86	0	0	0	0	0	0	0	142	0	17312	0	8102	28438	962	1556	740	14918	0	0	0	330	84	116	0	0	0	0	0	170	0	0	0	0	0	0	0	120	0	88	0	0	0	0	0	0	0	0	0	0	0	0	0	0	0	0	
291500	Putamen_L	2556	276	9912	258	6964	132	2042	224	770	0	740	916	802	1228	4016	0	384	0	7170	258	4774	5488	1994	706	260	592	612	462	18196	1070	6902	2224	302	0	212	136	9724	140	3290	96	2122	0	0	0	0	0	0	330	0	0	0	0	0	0	3070	0	210	0	0	0	0	0	0	0	0	0	0	0	1466	0	17038	8102	0	2542	5810	234	2360	312	86	0	2250	0	1998	0	118	0	0	0	1140	0	178	0	100	0	0	0	172	0	284	0	0	0	0	0	0	0	0	0	0	0	0	0	0	0	0	0	
378092	Putamen_R	436	2584	170	15412	0	4060	0	8030	0	656	140	3134	160	4572	434	5708	0	2168	466	11638	1546	3152	0	6018	90	2056	0	1672	638	20988	2110	8074	0	206	0	100	138	17502	0	3740	106	1096	0	102	0	0	0	0	0	0	0	0	0	874	0	7146	0	576	0	0	0	0	0	0	0	0	0	0	92	0	3450	28438	2542	0	150	1992	520	4156	0	0	0	1592	0	220	0	1178	0	0	0	6324	0	114	0	0	0	0	0	318	0	262	0	0	0	0	0	0	0	0	0	0	0	0	0	0	0	0	
37248	Pallidum_L	1224	442	552	100	0	0	190	0	0	0	0	0	0	0	0	0	0	0	1942	140	0	182	0	0	0	0	0	0	134	0	0	0	182	0	156	0	1056	0	298	0	0	0	0	0	0	0	0	0	0	0	0	0	0	0	0	0	98	0	0	0	0	0	0	0	0	0	0	0	974	0	2336	962	5810	150	0	92	1510	94	0	0	0	0	0	0	0	0	0	0	0	0	0	0	0	0	0	0	0	0	0	0	0	0	0	0	0	0	0	0	0	0	0	0	0	0	0	0	
16160	Pallidum_R	0	134	0	586	0	0	0	166	0	0	0	0	0	0	0	0	0	0	0	640	0	0	0	0	0	0	0	0	0	0	0	0	0	0	0	0	0	1000	0	568	0	180	0	0	0	0	0	0	0	0	0	0	0	0	0	258	0	0	0	0	0	0	0	0	0	0	0	0	0	0	576	1556	234	1992	92	0	0	98	0	0	0	0	0	0	0	0	0	0	0	0	0	0	0	0	0	0	0	0	0	0	0	0	0	0	0	0	0	0	0	0	0	0	0	0	0	0	
151696	Thalamus_L	9036	7394	1858	1000	0	0	2202	272	0	0	0	0	0	0	0	0	0	0	2396	3612	0	0	0	0	0	0	0	0	2550	0	0	0	0	0	490	2202	4980	3502	1574	1862	118	0	0	0	0	0	1004	2386	0	0	0	0	0	0	304	894	92	0	0	0	0	0	0	0	0	0	84	92	840	3962	5476	740	2360	520	1510	0	0	9810	146	0	0	0	0	0	0	0	0	0	150	188	0	0	0	0	0	0	0	242	0	0	0	0	0	0	0	0	0	0	0	0	0	0	0	0	0	0	
190404	Thalamus_R	3046	6248	2550	9330	0	0	0	2716	0	0	0	0	0	0	0	0	0	0	2652	4304	0	0	0	0	0	0	0	0	320	260	0	0	0	0	412	2706	1968	9484	486	5866	0	236	0	254	0	0	330	4510	0	0	0	0	0	0	94	2492	98	160	0	0	98	0	0	0	0	0	0	930	84	336	1790	14918	312	4156	94	98	9810	0	0	0	0	0	0	0	0	162	0	0	0	986	0	0	0	0	0	0	0	820	0	0	0	0	0	0	0	0	0	0	0	86	0	0	0	0	0	0	
106784	Heschl_L	4772	0	2516	0	0	0	358	0	0	0	1090	0	120	0	0	0	6304	0	1494	160	0	0	0	0	0	0	0	0	8680	0	94	0	0	0	480	196	1936	0	410	0	0	0	126	0	0	0	0	0	0	0	1786	0	462	0	1338	0	3296	0	182	0	262	0	412	0	294	0	310	0	274	0	0	0	86	0	0	0	146	0	0	0	5750	0	0	0	5508	0	0	0	4550	0	0	0	0	0	0	0	0	0	0	0	0	0	0	0	0	0	0	0	0	0	0	0	0	0	0	0	
20820	Heschl_R	0	98	0	90	0	0	0	86	0	0	0	102	0	0	0	0	0	1384	0	0	0	0	0	0	0	0	0	0	0	2268	0	0	0	0	0	0	0	172	0	0	0	0	0	0	0	0	0	0	0	0	0	0	0	0	0	110	0	106	0	0	0	0	0	0	0	0	0	0	0	0	0	0	0	0	0	0	0	0	0	0	0	4314	0	384	0	1070	0	0	0	226	0	0	0	0	0	0	0	0	0	0	0	0	0	0	0	0	0	0	0	0	0	0	0	0	0	0	
251772	Temporal_Sup_L	3654	0	2970	0	364	0	384	0	0	0	5832	296	950	302	0	0	11236	0	2240	0	0	0	84	0	0	0	0	0	13116	310	762	116	0	0	1110	190	3076	0	284	0	90	0	0	0	0	0	0	0	0	0	2394	0	1284	0	3196	0	4446	0	454	0	1124	0	4982	0	2502	0	174	294	230	0	516	0	2250	0	0	0	0	0	5750	0	0	0	8038	0	25612	0	0	0	14172	0	336	0	228	0	0	0	0	0	282	0	128	0	128	0	0	0	0	0	0	0	0	0	0	0	0	0	
126752	Temporal_Sup_R	0	1820	0	676	0	0	0	520	0	0	0	202	0	0	0	0	0	4338	0	908	0	0	0	0	0	0	0	0	0	6140	0	0	0	170	0	0	0	1140	0	420	0	264	0	1384	0	346	0	182	0	248	0	832	0	998	0	2002	0	2342	0	0	0	124	0	4384	0	1578	0	1162	0	656	0	330	0	1592	0	0	0	0	0	4314	0	0	0	2632	0	15826	0	126	0	5720	0	0	0	0	0	0	0	0	0	0	0	0	0	0	0	0	0	0	0	0	0	0	0	0	0	0	
129596	Temporal_Pole_Sup_L	126	0	2450	0	1476	0	338	0	100	0	4602	0	1016	0	2410	0	3982	0	1192	0	862	0	0	0	0	0	0	0	8712	102	458	0	0	0	0	0	802	0	882	0	802	0	0	0	0	0	0	0	0	0	0	0	0	0	2838	0	0	0	0	0	0	0	0	0	0	0	0	0	0	0	578	84	1998	0	0	0	0	0	0	0	8038	0	0	0	10334	0	3628	0	6988	0	0	0	0	0	0	0	0	0	0	0	0	0	0	0	0	0	0	0	0	0	0	0	0	0	0	0	
50728	Temporal_Pole_Sup_R	0	0	0	428	0	0	0	350	0	0	0	1724	0	236	0	400	0	2274	164	472	0	244	0	162	0	0	0	164	0	2376	0	0	0	154	0	0	0	344	0	1886	0	1516	0	0	0	0	0	0	0	0	0	0	0	0	0	4264	0	0	0	0	0	0	0	0	0	0	0	0	0	0	0	116	0	220	0	0	0	0	0	384	0	2632	0	0	0	1302	0	2036	0	1516	0	0	0	0	0	0	0	0	0	0	0	0	0	0	0	0	0	0	0	0	0	0	0	0	0	0	
406728	Temporal_Mid_L	3904	0	818	0	0	0	238	0	0	0	354	0	134	0	0	0	2988	0	230	0	0	0	0	0	0	0	0	0	4334	0	0	0	146	0	1252	138	500	0	232	0	0	0	4152	0	1764	0	1308	0	1330	0	29276	0	6876	0	6366	0	2188	0	316	0	12754	0	10374	0	17176	0	3012	372	1492	0	0	0	118	0	0	0	0	0	5508	0	25612	0	10334	0	0	0	3736	0	43756	0	276	0	0	0	0	0	0	0	0	0	0	0	0	0	0	0	0	0	0	0	0	0	0	0	0	0	
243672	Temporal_Mid_R	0	3334	0	318	0	0	0	460	0	0	0	0	0	0	0	0	0	384	0	2082	0	0	0	0	0	0	0	0	0	2692	0	0	0	844	0	372	0	3840	0	1456	0	0	0	7084	0	2388	0	728	0	1940	0	15726	0	5462	0	6004	0	2712	0	0	0	1334	0	2128	0	6920	0	4302	0	2882	0	0	0	1178	0	0	0	162	0	1070	0	15826	0	1302	0	0	0	1218	0	25688	0	0	0	0	0	0	0	0	0	0	0	0	0	0	0	0	0	0	0	0	0	0	0	0	0	0	
28060	Temporal_Pole_Mid_L	0	0	0	0	0	0	0	0	0	0	0	0	0	0	98	0	0	0	0	0	0	0	0	0	0	0	0	0	100	0	0	0	0	0	0	0	0	0	242	0	104	0	0	0	0	0	0	0	0	0	0	0	0	0	2238	0	0	0	0	0	0	0	0	0	0	0	0	0	0	0	0	0	0	0	0	0	0	0	0	0	0	0	3628	0	3736	0	0	0	3884	0	0	0	0	0	0	0	0	0	0	0	0	0	0	0	0	0	0	0	0	0	0	0	0	0	0	0	
15808	Temporal_Pole_Mid_R	0	0	0	0	0	0	0	0	0	0	0	0	0	0	0	86	0	0	0	0	0	0	0	0	0	0	0	0	0	96	0	0	0	0	0	0	0	86	0	528	0	296	0	0	0	0	0	0	0	0	0	0	0	0	0	2384	0	0	0	0	0	0	0	0	0	0	0	0	0	0	0	0	0	0	0	0	0	0	0	0	0	126	0	2036	0	1218	0	0	0	1048	0	0	0	0	0	0	0	0	0	0	0	0	0	0	0	0	0	0	0	0	0	0	0	0	0	0	
343372	Temporal_Inf_L	2126	0	1228	0	0	0	342	0	0	0	96	108	0	114	0	0	1398	0	744	0	0	0	0	0	0	0	0	0	7436	120	92	0	0	0	1050	156	5982	0	2266	0	456	0	812	0	280	0	652	0	86	0	7346	0	10500	0	19434	0	912	0	0	0	4564	0	5988	0	4230	0	956	292	1176	0	246	0	1140	0	0	0	150	0	4550	0	14172	0	6988	0	43756	0	3884	0	0	0	8076	0	2138	0	0	0	154	0	3742	0	1074	0	674	0	0	0	0	0	0	0	0	0	0	0	0	0	
372088	Temporal_Inf_R	112	6182	0	2378	0	0	0	1286	0	0	0	328	0	0	0	0	0	350	0	2730	0	0	0	0	0	0	0	0	0	5858	0	0	0	766	438	2840	0	22764	0	4974	0	416	0	12634	84	2476	0	2360	0	2384	0	8712	0	23012	0	26576	0	2026	0	0	0	110	0	352	0	0	166	7280	0	1550	0	170	0	6324	0	0	188	986	0	226	0	5720	0	1516	0	25688	0	1048	0	0	0	2192	0	324	0	0	0	0	0	400	0	0	0	118	0	0	0	0	0	0	0	0	0	0	0	0	
606384	Cerebelum_Crus1_L	0	0	0	0	0	0	0	0	0	0	0	0	0	0	0	0	0	0	0	0	0	0	0	0	0	0	0	0	240	0	0	0	0	0	0	0	714	0	3078	0	0	0	0	0	0	0	5270	3458	0	0	0	0	678	0	31950	2048	0	0	0	0	0	0	0	0	0	0	0	0	0	0	0	0	178	0	0	0	0	0	0	0	336	0	0	0	276	0	0	0	8076	0	0	7172	36244	4808	4992	140	31550	3674	71332	7528	18656	1208	19586	868	6190	1062	548	0	912	844	6418	7422	11464	1998	1514	760	
502212	Cerebelum_Crus1_R	0	0	0	0	0	0	0	0	0	0	0	0	0	0	0	0	0	0	0	0	0	0	0	0	0	0	0	0	0	0	0	0	0	0	0	0	0	656	0	3418	0	234	0	0	0	0	2516	3264	0	0	0	0	166	198	1892	17530	0	0	0	0	0	0	0	0	0	0	0	0	0	0	0	0	0	114	0	0	0	0	0	0	0	0	0	0	0	0	0	0	0	2192	7172	0	3430	33992	304	6846	6138	30192	6066	63172	870	4404	1014	19388	498	1184	0	0	1250	4500	12578	5794	7434	1286	1180	234	
347212	Cerebelum_Crus2_L	0	0	0	0	0	0	0	0	0	0	0	0	0	0	0	0	0	0	0	0	0	0	0	0	0	0	0	0	158	0	0	0	0	0	0	0	84	0	88	0	0	0	0	0	0	0	96	0	0	0	0	0	0	0	3768	222	0	0	0	0	0	0	0	0	0	0	0	0	0	0	0	0	100	0	0	0	0	0	0	0	228	0	0	0	0	0	0	0	2138	0	36244	3430	0	11102	100	0	800	0	6412	594	44702	4040	35070	2438	6322	142	0	0	0	0	0	312	12160	2648	208	0	
357684	Cerebelum_Crus2_R	0	0	0	0	0	0	0	0	0	0	0	0	0	0	0	0	0	0	0	0	0	0	0	0	0	0	0	0	0	0	0	0	0	0	0	0	0	160	0	824	0	0	0	0	0	0	124	258	0	0	0	0	0	0	84	1884	0	0	0	0	0	0	0	0	0	0	0	0	0	0	0	0	0	0	0	0	0	0	0	0	0	0	0	0	0	0	0	0	0	324	4808	33992	11102	0	0	782	116	3164	2520	7540	6996	25620	8560	39380	3138	4290	0	302	174	154	460	1154	15184	4006	1544	198	
62308	Cerebelum_3_L	0	0	0	0	0	0	0	0	0	0	0	0	0	0	0	0	0	0	0	0	0	0	0	0	0	0	0	0	0	0	0	0	0	0	0	0	0	0	104	0	0	0	0	0	0	0	1148	452	0	0	0	0	0	0	474	0	0	0	0	0	0	0	0	0	0	0	0	0	0	0	0	0	0	0	0	0	0	0	0	0	0	0	0	0	0	0	0	0	0	0	4992	304	100	0	0	94	9528	358	7104	486	0	0	0	0	1288	272	82	0	688	1388	1090	442	0	278	288	194	
87772	Cerebelum_3_R	0	0	0	0	0	0	0	0	0	0	0	0	0	0	0	0	0	0	0	0	0	0	0	0	0	0	0	0	0	0	0	0	0	0	0	0	0	0	172	250	0	0	0	0	0	0	0	1056	0	0	0	0	0	0	0	1198	0	0	0	0	0	0	0	0	0	0	0	0	0	0	0	0	0	0	0	0	0	0	0	0	0	0	0	0	0	0	0	0	0	0	140	6846	0	782	94	0	136	10774	266	12516	0	0	170	662	210	362	0	0	1826	4744	216	232	558	308	278	90	
406740	Cerebelum_4_5_L	0	0	0	0	0	0	0	0	0	0	0	0	0	0	0	0	0	0	0	0	0	0	0	0	0	0	0	0	176	0	0	0	0	0	0	0	808	0	4500	0	0	0	0	206	0	0	14280	8284	0	0	0	0	878	0	22796	1638	0	0	0	0	0	0	0	0	0	0	0	0	0	0	0	0	172	0	0	0	0	0	0	0	0	0	0	0	0	0	0	0	154	0	31550	6138	800	116	9528	136	0	9156	49494	8942	436	0	1022	0	3230	522	318	0	910	1466	18970	4768	172	512	496	796	
367484	Cerebelum_4_5_R	100	0	0	0	0	0	0	0	0	0	0	0	0	0	0	0	0	0	0	0	0	0	0	0	0	0	0	0	0	114	0	0	0	0	174	264	284	2598	230	7708	0	364	0	162	0	0	3452	9754	0	0	0	0	194	240	1782	15436	0	0	0	0	0	0	0	0	0	0	0	172	0	0	0	120	0	318	0	0	242	820	0	0	0	0	0	0	0	0	0	0	0	0	3674	30192	0	3164	358	10774	9156	0	6336	43952	0	262	724	3140	792	282	0	396	990	6418	16792	636	774	126	178	98	
625576	Cerebelum_6_L	0	0	0	0	0	0	0	0	0	0	0	0	0	0	0	0	0	0	0	0	0	0	0	0	0	0	0	0	358	0	0	0	0	0	0	0	1058	0	5038	106	0	0	0	164	0	0	15200	8330	0	0	466	0	1248	0	43742	2756	0	0	0	0	0	0	0	0	0	0	0	0	0	0	0	0	284	0	0	0	0	0	0	0	282	0	0	0	0	0	0	0	3742	0	71332	6066	6412	2520	7104	266	49494	6336	0	12076	5642	542	8668	2190	7188	2040	544	148	1674	1250	12768	14174	5768	2494	2182	1136	
529144	Cerebelum_6_R	0	0	0	0	0	0	0	0	0	0	0	0	0	0	0	0	0	0	0	0	0	0	0	0	0	0	0	0	0	84	0	0	0	0	0	0	0	1272	100	4794	0	328	0	246	0	282	5814	10168	0	322	0	86	280	604	3842	25398	0	0	0	0	0	0	0	0	0	0	0	104	0	0	0	88	0	262	0	0	0	0	0	0	0	0	0	0	0	0	0	0	0	400	7528	63172	594	7540	486	12516	8942	43952	12076	0	0	344	554	5100	530	596	0	658	3078	7344	17260	12218	4442	610	466	92	
301888	Cerebelum_7b_L	0	0	0	0	0	0	0	0	0	0	0	0	0	0	0	0	0	0	0	0	0	0	0	0	0	0	0	0	92	0	0	0	0	0	0	0	0	0	0	0	0	0	0	0	0	0	0	0	0	0	0	0	0	0	2190	0	0	0	0	0	0	0	0	0	0	0	0	0	0	0	0	0	0	0	0	0	0	0	0	0	128	0	0	0	0	0	0	0	1074	0	18656	870	44702	6996	0	0	436	0	5642	0	0	5080	41454	3352	8324	112	290	0	0	0	0	0	6902	4510	134	0	
184680	Cerebelum_7b_R	0	0	0	0	0	0	0	0	0	0	0	0	0	0	0	0	0	0	0	0	0	0	0	0	0	0	0	0	0	0	0	0	0	0	0	0	0	0	0	0	0	0	0	0	0	0	0	0	0	0	0	0	0	0	0	90	0	0	0	0	0	0	0	0	0	0	0	0	0	0	0	0	0	0	0	0	0	0	0	0	0	0	0	0	0	0	0	0	0	0	1208	4404	4040	25620	0	0	0	262	542	344	5080	0	5030	29660	726	6696	0	0	0	0	0	0	4256	4042	340	0	
358964	Cerebelum_8_L	0	0	0	0	0	0	0	0	0	0	0	0	0	0	0	0	0	0	0	0	0	0	0	0	0	0	0	0	92	0	0	0	0	0	0	0	0	0	0	224	0	0	0	0	0	0	0	0	0	0	0	0	0	0	2554	206	0	0	0	0	0	0	0	0	0	0	0	0	0	0	0	0	0	0	0	0	0	0	0	0	128	0	0	0	0	0	0	0	674	0	19586	1014	35070	8560	0	170	1022	724	8668	554	41454	5030	0	7942	24404	1184	942	242	0	0	0	128	9430	7762	1602	116	
322508	Cerebelum_8_R	0	0	0	0	0	0	0	0	0	0	0	0	0	0	0	0	0	0	0	0	0	0	0	0	0	0	0	0	0	0	0	0	0	0	0	0	0	126	0	786	0	0	0	0	0	0	0	122	0	0	0	0	0	0	0	1296	0	0	0	0	0	0	0	0	0	0	0	0	0	0	0	0	0	0	0	0	0	0	0	0	0	0	0	0	0	0	0	0	0	118	868	19388	2438	39380	0	662	0	3140	2190	5100	3352	29660	7942	0	3924	22070	0	840	122	150	346	148	6472	6882	3570	162	
174664	Cerebelum_9_L	0	0	0	0	0	0	0	0	0	0	0	0	0	0	0	0	0	0	0	0	0	0	0	0	0	0	0	0	0	0	0	0	0	0	0	0	0	0	0	196	0	0	0	0	0	0	0	544	0	0	0	0	0	0	0	190	0	0	0	0	0	0	0	0	0	0	0	0	0	0	0	0	0	0	0	0	0	0	0	0	0	0	0	0	0	0	0	0	0	0	6190	498	6322	3138	1288	210	3230	792	7188	530	8324	726	24404	3924	0	2940	2302	208	90	112	838	1230	4676	3368	2922	952	
131556	Cerebelum_9_R	0	0	0	0	0	0	0	0	0	0	0	0	0	0	0	0	0	0	0	0	0	0	0	0	0	0	0	0	0	0	0	0	0	0	0	0	0	0	0	0	0	0	0	0	0	0	0	144	0	0	0	0	0	0	0	86	0	0	0	0	0	0	0	0	0	0	0	0	0	0	0	0	0	0	0	0	0	0	0	0	0	0	0	0	0	0	0	0	0	0	1062	1184	142	4290	272	362	522	282	2040	596	112	6696	1184	22070	2940	0	0	2262	230	168	708	3006	2122	4816	6772	1710	
10052	Cerebelum_10_L	0	0	0	0	0	0	0	0	0	0	0	0	0	0	0	0	0	0	0	0	0	0	0	0	0	0	0	0	0	0	0	0	0	0	0	0	0	0	0	0	0	0	0	0	0	0	0	0	0	0	0	0	0	0	0	0	0	0	0	0	0	0	0	0	0	0	0	0	0	0	0	0	0	0	0	0	0	0	0	0	0	0	0	0	0	0	0	0	0	0	548	0	0	0	82	0	318	0	544	0	290	0	942	0	2302	0	0	0	0	0	0	0	0	0	0	0	
12532	Cerebelum_10_R	0	0	0	0	0	0	0	0	0	0	0	0	0	0	0	0	0	0	0	0	0	0	0	0	0	0	0	0	0	0	0	0	0	0	0	0	0	0	0	148	0	0	0	0	0	0	0	0	0	0	0	0	0	0	0	148	0	0	0	0	0	0	0	0	0	0	0	0	0	0	0	0	0	0	0	0	0	0	0	0	0	0	0	0	0	0	0	0	0	0	0	0	0	302	0	0	0	396	148	658	0	0	242	840	208	2262	0	0	0	0	0	0	398	274	242	0	
41708	Vermis_1_2	0	0	0	0	0	0	0	0	0	0	0	0	0	0	0	0	0	0	0	0	0	0	0	0	0	0	0	0	0	0	0	0	0	0	0	0	0	0	0	0	0	0	0	0	0	0	250	124	0	0	0	0	0	0	624	90	0	0	0	0	0	0	0	0	0	0	0	0	0	0	0	0	0	0	0	0	0	0	0	0	0	0	0	0	0	0	0	0	0	0	912	1250	0	174	688	1826	910	990	1674	3078	0	0	0	122	90	230	0	0	0	4224	1160	1762	268	224	184	0	
77308	Vermis_3	0	0	0	0	0	0	0	0	0	0	0	0	0	0	0	0	0	0	0	0	0	0	0	0	0	0	0	0	0	0	0	0	0	0	0	0	0	0	226	0	0	0	0	0	0	0	174	486	0	0	0	0	0	0	156	402	0	0	0	0	0	0	0	0	0	0	0	0	0	0	0	0	0	0	0	0	0	86	0	0	0	0	0	0	0	0	0	0	0	0	844	4500	0	154	1388	4744	1466	6418	1250	7344	0	0	0	150	112	168	0	0	4224	0	3342	434	208	234	144	0	
