data	data	552208	332348	1.02026e+06	962404	120036	126904	638928	365960	64792	32064	293400	144640	372784	133276	255184	81512	246892	162384	941876	942772	103276	109964	378952	343448	46756	91256	73172	88868	789876	422664	375392	457256	235268	600940	153308	137052	296464	401960	119204	286580	64120	80084	190200	291516	124156	261056	188840	283264	174184	348980	381648	306416	64864	86824	354660	511836	256444	159632	139572	167260	203364	151924	102544	124020	132600	160936	291012	444372	222144	330552	365688	441440	334244	493132	66352	34344	226768	176160	63060	38640	246204	142860	125196	69672	378004	278764	30000	25180	343576	248572	502932	504136	315844	290376	40336	73792	364892	228152	499548	542772	211596	160760	295484	285680	142448	174032	9188	5168	44756	85412	272484	239000	192208	117904	97668	32484	
data	data	Precentral_L	Precentral_R	Frontal_Sup_L	Frontal_Sup_R	Frontal_Sup_Orb_L	Frontal_Sup_Orb_R	Frontal_Mid_L	Frontal_Mid_R	Frontal_Mid_Orb_L	Frontal_Mid_Orb_R	Frontal_Inf_Oper_L	Frontal_Inf_Oper_R	Frontal_Inf_Tri_L	Frontal_Inf_Tri_R	Frontal_Inf_Orb_L	Frontal_Inf_Orb_R	Rolandic_Oper_L	Rolandic_Oper_R	Supp_Motor_Area_L	Supp_Motor_Area_R	Olfactory_L	Olfactory_R	Frontal_Sup_Medial_L	Frontal_Sup_Medial_R	Frontal_Med_Orb_L	Frontal_Med_Orb_R	Rectus_L	Rectus_R	Insula_L	Insula_R	Cingulum_Ant_L	Cingulum_Ant_R	Cingulum_Mid_L	Cingulum_Mid_R	Cingulum_Post_L	Cingulum_Post_R	Hippocampus_L	Hippocampus_R	ParaHippocampal_L	ParaHippocampal_R	Amygdala_L	Amygdala_R	Calcarine_L	Calcarine_R	Cuneus_L	Cuneus_R	Lingual_L	Lingual_R	Occipital_Sup_L	Occipital_Sup_R	Occipital_Mid_L	Occipital_Mid_R	Occipital_Inf_L	Occipital_Inf_R	Fusiform_L	Fusiform_R	Postcentral_L	Postcentral_R	Parietal_Sup_L	Parietal_Sup_R	Parietal_Inf_L	Parietal_Inf_R	SupraMarginal_L	SupraMarginal_R	Angular_L	Angular_R	Precuneus_L	Precuneus_R	Paracentral_Lobule_L	Paracentral_Lobule_R	Caudate_L	Caudate_R	Putamen_L	Putamen_R	Pallidum_L	Pallidum_R	Thalamus_L	Thalamus_R	Heschl_L	Heschl_R	Temporal_Sup_L	Temporal_Sup_R	Temporal_Pole_Sup_L	Temporal_Pole_Sup_R	Temporal_Mid_L	Temporal_Mid_R	Temporal_Pole_Mid_L	Temporal_Pole_Mid_R	Temporal_Inf_L	Temporal_Inf_R	Cerebelum_Crus1_L	Cerebelum_Crus1_R	Cerebelum_Crus2_L	Cerebelum_Crus2_R	Cerebelum_3_L	Cerebelum_3_R	Cerebelum_4_5_L	Cerebelum_4_5_R	Cerebelum_6_L	Cerebelum_6_R	Cerebelum_7b_L	Cerebelum_7b_R	Cerebelum_8_L	Cerebelum_8_R	Cerebelum_9_L	Cerebelum_9_R	Cerebelum_10_L	Cerebelum_10_R	Vermis_1_2	Vermis_3	Vermis_4_5	Vermis_6	Vermis_7	Vermis_8	Vermis_9	Vermis_10	
552208	Precentral_L	0	7612	16184	2290	0	0	21428	378	0	0	17276	0	6840	226	0	0	14604	0	11084	7332	0	0	0	0	0	0	0	0	17838	448	140	198	662	3972	8572	4086	6816	3284	564	1346	0	0	530	0	338	0	414	248	0	0	1316	0	200	0	336	538	27040	0	1148	0	7530	0	5004	0	2216	0	2998	678	14840	4020	5004	1096	6100	418	2950	0	17736	4118	4768	0	4102	0	0	0	4470	0	0	0	2768	0	0	0	0	0	0	0	0	0	0	0	0	0	0	0	0	0	0	0	0	0	0	0	0	0	0	0	
332348	Precentral_R	7612	0	5770	17776	0	0	296	12908	0	0	0	7448	134	838	130	0	174	1578	7014	9370	0	0	0	0	0	0	0	0	792	1926	0	0	0	496	1168	1732	758	10446	0	4184	0	0	0	774	0	118	0	176	0	502	0	124	0	772	0	3494	5574	7564	0	1036	136	1560	0	4330	0	374	278	1892	1306	7404	1226	4494	1334	742	668	120	2452	20116	0	264	0	1382	0	0	0	1646	0	0	0	1766	0	0	0	0	0	0	0	0	0	0	0	0	0	0	0	0	0	0	0	0	0	0	0	0	0	0	
1.02026e+06	Frontal_Sup_L	16184	5770	0	14874	5712	106	70604	5510	2826	0	11862	832	16794	2130	11024	456	12974	632	100630	26180	424	158	39512	6534	818	0	608	0	45184	3774	17234	6078	5878	10472	368	0	3144	350	1332	0	198	0	0	0	0	0	516	0	0	0	0	0	0	0	2596	274	5978	196	0	0	0	0	0	0	0	0	168	0	2032	1072	9992	4006	16890	2568	1056	202	3120	312	686	0	6586	0	992	0	422	0	0	0	3298	0	0	0	0	0	0	0	0	0	0	0	0	0	0	0	0	0	0	0	0	0	0	0	0	0	0	0	
962404	Frontal_Sup_R	2290	17776	14874	0	0	10258	3714	36080	0	1904	1876	4042	1872	3156	588	2830	874	11620	25906	77100	0	308	12124	37894	446	7256	118	2508	2542	19718	8808	31582	6856	27776	262	278	208	9214	0	4976	0	114	0	390	0	0	0	348	0	0	0	0	0	254	0	4498	632	3602	0	128	0	132	0	2160	0	0	0	512	602	1038	2212	23296	284	35648	0	2698	412	6724	0	912	0	1494	0	192	0	720	0	0	0	1816	0	156	0	0	0	0	0	220	0	374	0	0	0	0	0	0	0	0	0	0	0	0	0	0	0	0	
120036	Frontal_Sup_Orb_L	0	0	5712	0	0	146	322	0	9404	0	0	0	178	0	10126	0	0	0	182	0	2588	432	4518	0	3460	112	6524	204	4382	0	5418	208	0	0	0	0	0	0	0	0	0	0	0	0	0	0	0	0	0	0	0	0	0	0	0	0	0	0	0	0	0	0	0	0	0	0	0	0	0	0	1638	290	2732	156	0	0	0	0	0	0	0	0	1286	0	0	0	0	0	0	0	0	0	0	0	0	0	0	0	0	0	0	0	0	0	0	0	0	0	0	0	0	0	0	0	0	0	
126904	Frontal_Sup_Orb_R	0	0	106	10258	146	0	0	1412	0	3818	0	0	0	214	158	1896	0	0	104	182	1102	2776	0	4240	442	9196	590	9916	0	466	1080	2688	0	156	0	0	0	0	0	184	0	202	0	0	0	0	0	0	0	0	0	0	0	0	0	0	0	0	0	0	0	0	0	0	0	0	0	0	0	0	892	5748	424	5056	0	0	0	0	0	0	0	0	0	0	0	0	0	0	0	0	0	0	0	0	0	0	0	0	0	0	0	0	0	0	0	0	0	0	0	0	0	0	0	0	0	0	
638928	Frontal_Mid_L	21428	296	70604	3714	322	0	0	1680	3544	0	28082	184	40226	810	17196	0	8668	348	27574	3720	196	0	14108	2844	0	0	110	0	36214	826	4030	1884	2846	2160	460	128	844	182	0	0	0	0	0	0	0	0	0	0	0	0	0	0	0	0	0	130	2136	0	0	0	286	0	282	0	1160	0	378	0	288	458	6326	2378	3072	716	336	0	1138	270	1666	0	1990	0	1032	0	194	0	0	0	0	0	0	0	0	0	0	0	0	0	0	0	0	0	0	0	0	0	0	0	0	0	0	0	0	0	0	0	
365960	Frontal_Mid_R	378	12908	5510	36080	0	1412	1680	0	0	1160	472	14084	1582	8778	1326	3240	220	4618	7620	11168	0	0	1236	3762	0	0	0	0	2482	13174	896	4506	2012	5598	0	0	0	634	0	290	0	0	0	332	0	0	0	104	0	0	0	0	0	142	0	722	0	2946	0	486	0	914	0	3070	0	106	0	716	0	224	2496	8876	206	9034	0	460	188	434	0	502	0	1614	0	0	0	1204	0	0	0	1378	0	0	0	0	0	0	0	0	0	0	0	0	0	0	0	0	0	0	0	0	0	0	0	0	0	0	
64792	Frontal_Mid_Orb_L	0	0	2826	0	9404	0	3544	0	0	0	0	0	1476	0	10294	0	0	0	0	0	0	0	478	0	500	0	2326	0	492	0	518	0	0	0	0	0	0	0	0	0	0	0	0	0	0	0	0	0	0	0	0	0	0	0	0	0	0	0	0	0	0	0	0	0	0	0	0	0	0	0	0	0	402	0	0	0	0	0	0	0	0	0	136	0	0	0	0	0	0	0	0	0	0	0	0	0	0	0	0	0	0	0	0	0	0	0	0	0	0	0	0	0	0	0	0	0	
32064	Frontal_Mid_Orb_R	0	0	0	1904	0	3818	0	1160	0	0	0	0	0	534	0	3296	0	0	0	186	0	0	0	0	0	0	0	234	0	114	0	0	0	0	0	0	0	0	0	0	0	0	0	0	0	0	0	0	0	0	0	0	0	0	0	0	0	0	0	0	0	0	0	0	0	0	0	0	0	0	0	2084	0	2702	0	0	0	0	0	0	0	0	0	0	0	0	0	0	0	0	0	0	0	0	0	0	0	0	0	0	0	0	0	0	0	0	0	0	0	0	0	0	0	0	0	0	
293400	Frontal_Inf_Oper_L	17276	0	11862	1876	0	0	28082	472	0	0	0	102	24846	476	106	0	12472	0	8290	2140	0	0	280	106	0	0	0	0	19770	566	584	454	0	2108	168	0	504	0	0	0	0	0	0	0	0	0	0	0	0	0	0	0	0	0	0	0	1564	0	0	0	390	0	366	0	1474	0	218	0	208	0	428	398	574	762	0	0	212	0	982	0	3152	0	3120	0	210	0	0	0	102	0	0	0	0	0	0	0	0	0	0	0	0	0	0	0	0	0	0	0	0	0	0	0	0	0	0	0	
144640	Frontal_Inf_Oper_R	0	7448	832	4042	0	0	184	14084	0	0	102	0	154	7304	0	0	0	4916	1304	3496	0	0	0	0	0	0	0	0	300	13022	0	0	0	830	0	0	0	512	0	310	0	0	0	286	0	0	0	0	0	0	0	0	0	112	0	440	0	1320	0	168	0	464	0	1098	0	0	0	464	0	104	244	378	0	4474	0	0	0	0	0	484	0	1680	0	182	0	900	0	0	0	556	0	0	0	0	0	0	0	0	0	126	0	0	0	0	0	0	0	0	0	0	0	0	0	0	0	0	
372784	Frontal_Inf_Tri_L	6840	134	16794	1872	178	0	40226	1582	1476	0	24846	154	0	700	20316	0	3418	150	8306	1468	0	0	2660	240	0	0	116	0	29482	588	3630	872	126	1226	0	0	164	0	0	0	0	0	0	0	0	0	0	0	0	0	0	0	0	0	0	0	126	0	0	0	0	0	0	0	440	0	0	0	0	0	6886	2232	4144	780	0	0	116	200	620	0	862	0	2282	0	140	0	0	0	0	0	0	0	0	0	0	0	0	0	0	0	0	0	0	0	0	0	0	0	0	0	0	0	0	0	0	0	
133276	Frontal_Inf_Tri_R	226	838	2130	3156	0	214	810	8778	0	534	476	7304	700	0	306	4784	218	0	2758	4196	0	0	176	142	0	0	0	0	1940	9822	422	952	0	2116	0	0	0	0	0	0	0	0	0	0	0	0	0	0	0	0	0	0	0	0	0	0	0	0	0	0	0	0	0	0	0	0	0	0	0	0	1084	8618	0	3174	0	0	110	654	0	0	0	0	0	0	0	0	0	0	0	0	0	0	0	0	0	0	0	0	0	0	0	0	0	0	0	0	0	0	0	0	0	0	0	0	0	0	
255184	Frontal_Inf_Orb_L	0	130	11024	588	10126	158	17196	1326	10294	0	106	0	20316	306	0	0	0	136	2542	266	2856	420	798	0	664	0	3056	250	21336	204	1734	270	0	136	0	0	940	0	128	0	1000	0	0	0	0	0	0	0	0	0	0	0	0	0	166	0	0	0	0	0	0	0	0	0	0	0	0	0	0	0	6892	1910	6236	420	0	0	0	194	0	0	0	0	3360	0	108	0	0	0	0	0	0	0	0	0	0	0	0	0	0	0	0	0	0	0	0	0	0	0	0	0	0	0	0	0	0	0	
81512	Frontal_Inf_Orb_R	0	0	456	2830	0	1896	0	3240	0	3296	0	0	0	4784	0	0	0	0	856	1646	192	1084	136	122	0	0	0	1156	118	6038	236	724	168	694	0	0	0	0	0	418	0	438	0	0	0	0	0	0	0	0	0	0	0	0	0	0	0	0	0	0	0	0	0	0	0	0	0	0	0	0	198	4390	0	5324	0	0	0	0	0	0	0	0	0	316	0	0	0	0	0	0	0	0	0	0	0	0	0	0	0	0	0	0	0	0	0	0	0	0	0	0	0	0	0	0	0	0	
246892	Rolandic_Oper_L	14604	174	12974	874	0	0	8668	220	0	0	12472	0	3418	218	0	0	0	0	7292	1554	0	0	0	0	0	0	0	0	21674	274	0	222	0	1394	152	0	904	308	0	0	0	0	0	0	0	0	0	0	0	0	612	0	0	0	0	272	12610	0	278	0	642	0	1650	0	1274	0	166	0	422	250	106	158	1868	320	580	0	422	0	2254	0	8266	0	2792	0	950	0	0	0	158	0	0	0	0	0	0	0	0	0	0	0	0	0	0	0	0	0	0	0	0	0	0	0	0	0	0	0	
162384	Rolandic_Oper_R	0	1578	632	11620	0	0	348	4618	0	0	0	4916	150	0	136	0	0	0	858	7246	0	0	0	0	0	0	0	0	322	16082	0	0	0	0	0	0	0	1356	0	644	0	0	0	262	0	0	0	0	0	192	0	0	0	122	0	1266	0	3976	0	520	0	1138	0	5860	0	574	114	706	0	106	386	310	0	2128	0	0	0	0	0	3266	0	6026	0	642	0	1872	0	0	0	1220	0	0	0	0	0	0	0	0	0	0	0	0	0	0	0	0	0	0	0	0	0	0	0	0	0	0	
941876	Supp_Motor_Area_L	11084	7014	100630	25906	182	104	27574	7620	0	0	8290	1304	8306	2758	2542	856	7292	858	0	57768	0	0	11234	6030	0	0	0	0	29474	5476	9258	8160	14626	26784	688	0	3196	140	1316	0	106	0	0	0	0	0	516	0	0	0	134	0	0	0	2564	106	2388	184	0	0	0	0	0	0	0	0	166	0	21812	4606	9696	5032	13844	4748	4152	284	3766	272	232	0	5358	106	684	0	430	0	0	0	3282	0	0	0	0	0	0	0	0	0	0	0	0	0	0	0	0	0	0	0	0	0	0	0	0	0	0	0	
942772	Supp_Motor_Area_R	7332	9370	26180	77100	0	182	3720	11168	0	186	2140	3496	1468	4196	266	1646	1554	7246	57768	0	0	0	3928	8596	0	0	0	0	2788	14508	4316	9828	7398	52550	1034	4412	566	5646	0	2950	108	110	0	948	0	2188	0	338	0	2764	0	2070	0	770	0	3450	566	4242	0	806	0	1130	0	1382	0	470	582	5422	6964	37686	7068	14396	538	25168	754	2330	6230	852	0	1032	0	2244	0	166	0	2080	0	0	0	2222	0	180	0	0	0	0	0	234	0	358	0	0	0	0	0	0	0	0	0	0	0	0	0	0	0	0	
103276	Olfactory_L	0	0	424	0	2588	1102	196	0	0	0	0	0	0	0	2856	192	0	0	0	0	0	6504	186	0	1076	274	3034	2032	4168	606	4156	1830	0	0	0	0	1084	0	250	0	1164	0	0	0	0	0	0	0	0	0	0	0	0	0	348	0	0	0	0	0	0	0	0	0	0	0	0	0	0	0	7828	3388	4420	1008	104	0	0	0	0	0	0	0	698	0	0	0	0	0	122	0	0	0	0	0	0	0	0	0	0	0	0	0	0	0	0	0	0	0	0	0	0	0	0	0	0	0	
109964	Olfactory_R	0	0	158	308	432	2776	0	0	0	0	0	0	0	0	420	1084	0	0	0	0	6504	0	112	0	138	830	1248	4870	162	3132	3100	3246	0	0	0	0	0	650	0	936	0	1644	0	0	0	0	0	0	0	0	0	0	0	0	0	168	0	0	0	0	0	0	0	0	0	0	0	0	0	0	7428	6752	5208	2500	528	0	0	0	0	0	0	0	0	534	0	0	0	114	0	0	0	0	0	0	0	0	0	0	0	0	0	0	0	0	0	0	0	0	0	0	0	0	0	0	0	0	
378952	Frontal_Sup_Medial_L	0	0	39512	12124	4518	0	14108	1236	478	0	280	0	2660	176	798	136	0	0	11234	3928	186	112	0	21800	2934	294	732	0	3640	388	27008	15944	7804	12632	0	0	0	0	0	0	0	0	0	0	0	0	0	0	0	0	0	0	0	0	0	0	0	0	0	0	0	0	0	0	0	0	0	0	0	0	984	782	2232	816	0	0	0	0	0	0	0	0	0	0	0	0	0	0	0	0	0	0	0	0	0	0	0	0	0	0	0	0	0	0	0	0	0	0	0	0	0	0	0	0	0	0	
343448	Frontal_Sup_Medial_R	0	0	6534	37894	0	4240	2844	3762	0	0	106	0	240	142	0	122	0	0	6030	8596	0	0	21800	0	370	5530	0	792	412	1424	9432	29660	2896	15974	0	0	0	0	0	0	0	0	0	0	0	0	0	0	0	0	0	0	0	0	0	0	0	0	0	0	0	0	0	0	0	0	0	0	0	0	288	7004	0	5632	0	0	0	0	0	0	0	0	0	0	0	0	0	0	0	0	0	0	0	0	0	0	0	0	0	0	0	0	0	0	0	0	0	0	0	0	0	0	0	0	0	0	
46756	Frontal_Med_Orb_L	0	0	818	446	3460	442	0	0	500	0	0	0	0	0	664	0	0	0	0	0	1076	138	2934	370	0	1286	2282	308	398	0	5278	766	0	0	0	0	0	0	0	0	0	0	0	0	0	0	0	0	0	0	0	0	0	0	0	0	0	0	0	0	0	0	0	0	0	0	0	0	0	0	1038	508	234	206	0	0	0	0	0	0	0	0	226	0	0	0	0	0	0	0	0	0	0	0	0	0	0	0	0	0	0	0	0	0	0	0	0	0	0	0	0	0	0	0	0	0	
91256	Frontal_Med_Orb_R	0	0	0	7256	112	9196	0	0	0	0	0	0	0	0	0	0	0	0	0	0	274	830	294	5530	1286	0	556	7876	0	126	2072	5780	0	0	0	0	0	0	0	0	0	0	0	0	0	0	0	0	0	0	0	0	0	0	0	0	0	0	0	0	0	0	0	0	0	0	0	0	0	0	0	2850	0	1590	0	0	0	0	0	0	0	0	0	0	0	0	0	0	0	0	0	0	0	0	0	0	0	0	0	0	0	0	0	0	0	0	0	0	0	0	0	0	0	0	0	0	
73172	Rectus_L	0	0	608	118	6524	590	110	0	2326	0	0	0	116	0	3056	0	0	0	0	0	3034	1248	732	0	2282	556	0	1050	2340	0	4444	1036	0	0	0	0	0	0	0	0	0	0	0	0	0	0	0	0	0	0	0	0	0	0	0	0	0	0	0	0	0	0	0	0	0	0	0	0	0	0	2598	974	1250	530	0	0	0	0	0	0	0	0	1064	0	0	0	0	0	0	0	0	0	0	0	0	0	0	0	0	0	0	0	0	0	0	0	0	0	0	0	0	0	0	0	0	0	
88868	Rectus_R	0	0	0	2508	204	9916	0	0	0	234	0	0	0	0	250	1156	0	0	0	0	2032	4870	0	792	308	7876	1050	0	110	1208	1366	3854	0	0	0	0	0	0	0	0	0	0	0	0	0	0	0	0	0	0	0	0	0	0	0	0	0	0	0	0	0	0	0	0	0	0	0	0	0	0	1530	2278	768	2124	0	0	0	0	0	0	0	0	0	0	0	0	0	0	0	0	0	0	0	0	0	0	0	0	0	0	0	0	0	0	0	0	0	0	0	0	0	0	0	0	0	0	
789876	Insula_L	17838	792	45184	2542	4382	0	36214	2482	492	0	19770	300	29482	1940	21336	118	21674	322	29474	2788	4168	162	3640	412	398	0	2340	110	0	1016	6810	1928	196	2156	1160	0	17226	344	3226	0	4534	0	0	0	0	0	740	0	0	0	372	0	166	0	8848	320	4064	0	0	0	376	0	842	0	1710	0	1356	0	1092	400	13434	4570	22662	1264	722	0	3056	338	6540	0	13144	0	6788	0	3590	0	0	0	10234	0	376	0	0	0	0	0	426	0	552	0	0	0	0	0	0	0	0	0	0	0	0	0	0	0	0	0	
422664	Insula_R	448	1926	3774	19718	0	466	826	13174	0	114	566	13022	588	9822	204	6038	274	16082	5476	14508	606	3132	388	1424	0	126	0	1208	1016	0	690	3080	200	2838	0	178	122	7300	0	3844	0	2552	0	1536	0	0	0	670	0	232	0	152	0	694	0	5500	0	924	0	550	0	954	0	706	0	188	128	2256	0	406	1554	9276	268	28146	0	0	592	658	0	2278	0	6774	0	808	0	3606	0	0	0	5628	0	198	0	0	0	0	0	174	0	746	0	0	0	0	0	0	0	0	0	0	0	0	0	0	0	0	
375392	Cingulum_Ant_L	140	0	17234	8808	5418	1080	4030	896	518	0	584	0	3630	422	1734	236	0	0	9258	4316	4156	3100	27008	9432	5278	2072	4444	1366	6810	690	0	25436	6926	10746	0	0	0	0	0	0	0	0	0	0	0	0	0	0	0	0	0	0	0	0	0	0	0	0	0	0	0	0	0	0	0	0	0	0	0	0	7878	4636	6396	2428	0	244	0	0	0	0	0	0	346	0	0	0	0	0	0	0	0	0	0	0	0	0	0	0	0	0	0	0	0	0	0	0	0	0	0	0	0	0	0	0	0	0	
457256	Cingulum_Ant_R	198	0	6078	31582	208	2688	1884	4506	0	0	454	0	872	952	270	724	222	0	8160	9828	1830	3246	15944	29660	766	5780	1036	3854	1928	3080	25436	0	9818	27544	0	0	0	0	0	0	0	0	0	0	0	0	0	0	0	0	0	0	0	0	0	0	0	0	0	0	0	0	0	0	0	0	0	0	0	0	3658	13992	1710	10598	0	122	0	0	0	0	0	0	0	0	0	0	0	0	0	0	0	0	0	0	0	0	0	0	0	0	0	0	0	0	0	0	0	0	0	0	0	0	0	0	0	0	
235268	Cingulum_Mid_L	662	0	5878	6856	0	0	2846	2012	0	0	0	0	126	0	0	168	0	0	14626	7398	0	0	7804	2896	0	0	0	0	196	200	6926	9818	0	19686	2258	418	0	0	0	0	0	0	396	134	288	542	0	0	844	404	2116	398	0	0	0	0	264	0	366	0	168	0	0	0	320	0	3604	1070	8150	1426	140	1006	0	1310	0	0	0	0	0	0	244	0	0	0	3452	0	0	0	218	0	0	0	0	0	0	0	0	0	0	0	0	0	0	0	0	0	0	0	0	0	0	0	0	0	0	0	
600940	Cingulum_Mid_R	3972	496	10472	27776	0	156	2160	5598	0	0	2108	830	1226	2116	136	694	1394	0	26784	52550	0	0	12632	15974	0	0	0	0	2156	2838	10746	27544	19686	0	640	5410	0	186	0	0	0	0	0	2024	0	4236	0	450	0	4178	0	3652	0	326	0	236	212	2136	0	270	0	124	0	0	0	212	558	8916	3722	20208	916	2730	286	5118	238	0	712	0	0	132	0	640	0	0	0	1234	0	0	0	724	0	0	0	0	0	0	0	0	0	0	0	0	0	0	0	0	0	0	0	0	0	0	0	0	0	0	
153308	Cingulum_Post_L	8572	1168	368	262	0	0	460	0	0	0	168	0	0	0	0	0	152	0	688	1034	0	0	0	0	0	0	0	0	1160	0	0	0	2258	640	0	6992	7058	3722	1116	1404	0	0	1204	0	926	0	664	0	2240	0	2522	0	0	0	208	232	542	0	876	0	0	0	0	0	0	0	10476	788	4294	1004	1052	0	0	0	0	0	7830	3252	428	0	182	0	0	0	470	0	0	0	242	0	0	0	0	0	0	0	0	0	0	0	0	0	0	0	0	0	0	0	0	0	0	0	0	0	0	0	
137052	Cingulum_Post_R	4086	1732	0	278	0	0	128	0	0	0	0	0	0	0	0	0	0	0	0	4412	0	0	0	0	0	0	0	0	0	178	0	0	418	5410	6992	0	1968	6630	0	3114	0	0	0	356	0	448	0	698	0	196	0	178	0	242	0	972	0	1056	0	0	0	0	0	0	0	0	752	6952	126	6036	1054	0	0	124	0	0	8110	5626	0	0	0	0	0	0	0	0	0	0	0	254	0	0	0	0	0	0	0	0	0	0	0	0	0	0	0	0	0	0	0	0	0	0	0	0	0	0	
296464	Hippocampus_L	6816	758	3144	208	0	0	844	0	0	0	504	0	164	0	940	0	904	0	3196	566	1084	0	0	0	0	0	0	0	17226	122	0	0	0	0	7058	1968	0	2042	13426	998	10746	0	1338	0	0	0	2570	408	0	0	0	0	0	0	18086	278	408	0	0	0	0	0	0	0	0	0	6068	0	894	480	766	0	6964	178	1200	0	6058	1430	2412	0	3098	0	1468	0	3472	0	450	0	13580	0	808	0	102	0	180	164	1048	0	1376	0	0	0	0	0	0	0	0	0	0	234	0	0	0	0	0	0	
401960	Hippocampus_R	3284	10446	350	9214	0	0	182	634	0	0	0	512	0	0	0	0	308	1356	140	5646	0	650	0	0	0	0	0	0	344	7300	0	0	0	186	3722	6630	2042	0	0	37320	0	9590	0	2182	0	0	0	3772	0	0	0	174	0	1428	0	36586	220	176	0	0	0	0	0	478	0	0	194	5720	0	540	444	0	606	16384	260	738	4806	6580	0	940	0	1876	0	1824	0	736	0	218	0	7100	0	1300	0	0	0	0	0	1734	0	4108	0	0	0	0	0	0	0	0	0	0	0	0	0	0	0	0	
119204	ParaHippocampal_L	564	0	1332	0	0	0	0	0	0	0	0	0	0	0	128	0	0	0	1316	0	250	0	0	0	0	0	0	0	3226	0	0	0	0	0	1116	0	13426	0	0	0	4044	0	1182	0	0	0	4144	0	0	0	332	0	244	0	10916	0	0	0	0	0	0	0	0	0	0	0	2450	0	0	0	0	0	896	0	0	0	324	0	0	0	1532	0	1368	0	162	0	1446	0	3230	0	1232	0	224	0	552	114	1688	0	1690	0	0	0	0	0	0	0	0	0	0	474	0	0	0	0	0	0	
286580	ParaHippocampal_R	1346	4184	0	4976	0	184	0	290	0	0	0	310	0	0	0	418	0	644	0	2950	0	936	0	0	0	0	0	0	0	3844	0	0	0	0	1404	3114	998	37320	0	0	0	10640	0	760	0	0	0	2936	0	0	0	0	0	518	0	28474	0	0	0	0	0	0	0	340	0	0	130	3230	0	172	0	0	244	8784	0	480	1668	3256	0	332	0	586	0	3598	0	318	0	2134	0	2400	0	1776	0	0	0	166	0	3226	0	4204	0	0	0	0	0	0	0	0	0	0	0	0	0	0	0	0	
64120	Amygdala_L	0	0	198	0	0	0	0	0	0	0	0	0	0	0	1000	0	0	0	106	108	1164	0	0	0	0	0	0	0	4534	0	0	0	0	0	0	0	10746	0	4044	0	0	0	0	0	0	0	0	0	0	0	0	0	0	0	4648	0	0	0	0	0	0	0	0	0	0	0	0	0	0	102	130	0	412	0	0	0	234	0	0	0	0	0	1072	0	178	0	740	0	2644	0	0	0	0	0	0	0	0	0	0	0	0	0	0	0	0	0	0	0	0	0	0	0	0	0	0	0	
80084	Amygdala_R	0	0	0	114	0	202	0	0	0	0	0	0	0	0	0	438	0	0	0	110	0	1644	0	0	0	0	0	0	0	2552	0	0	0	0	0	0	0	9590	0	10640	0	0	0	0	0	0	0	0	0	0	0	0	0	0	0	8134	0	0	0	0	0	0	0	0	0	0	0	0	0	0	0	0	0	972	0	0	0	0	0	0	0	0	0	3490	0	0	0	920	0	938	0	0	0	0	0	0	0	0	0	298	0	0	0	0	0	0	0	0	0	0	0	0	0	0	0	0	
190200	Calcarine_L	530	0	0	0	0	0	0	0	0	0	0	0	0	0	0	0	0	0	0	0	0	0	0	0	0	0	0	0	0	0	0	0	396	0	1204	0	1338	0	1182	0	0	0	0	6248	13166	5092	7144	1840	7452	3234	17012	2684	1152	0	960	0	262	0	242	0	0	0	0	0	0	0	10436	212	1248	0	0	0	0	0	0	0	0	0	0	0	0	0	0	0	7294	276	0	0	4496	0	0	0	0	0	0	0	0	0	0	0	0	0	0	0	0	0	0	0	0	0	0	0	0	0	0	0	
291516	Calcarine_R	0	774	0	390	0	0	0	332	0	0	0	286	0	0	0	0	0	262	0	948	0	0	0	0	0	0	0	0	0	1536	0	0	134	2024	0	356	0	2182	0	760	0	0	6248	0	2512	19622	824	15906	0	18402	0	22336	0	4608	0	4108	0	1958	0	538	0	122	0	122	0	180	972	21042	0	4462	0	0	0	0	0	0	0	0	0	426	0	566	0	0	0	6614	0	0	0	4074	0	0	0	0	0	0	0	0	0	0	0	0	0	0	0	0	0	0	0	0	132	0	0	0	0	0	
124156	Cuneus_L	338	0	0	0	0	0	0	0	0	0	0	0	0	0	0	0	0	0	0	0	0	0	0	0	0	0	0	0	0	0	0	0	288	0	926	0	0	0	0	0	0	0	13166	2512	0	3688	812	176	12520	1364	9046	850	312	0	114	0	160	0	1862	0	0	0	0	0	0	0	8244	566	1108	0	0	0	0	0	0	0	0	0	0	0	0	0	0	0	2308	288	0	0	1430	0	0	0	0	0	0	0	0	0	0	0	0	0	0	0	0	0	0	0	0	0	0	0	0	0	0	0	
261056	Cuneus_R	0	118	0	0	0	0	0	0	0	0	0	0	0	0	0	0	0	0	0	2188	0	0	0	0	0	0	0	0	0	0	0	0	542	4236	0	448	0	0	0	0	0	0	5092	19622	3688	0	446	2940	0	30418	0	17480	0	404	0	372	0	1654	0	5264	0	376	0	0	0	744	3812	22976	188	3954	0	0	0	0	0	0	0	0	0	0	0	0	0	0	0	3306	0	0	0	132	0	0	0	0	0	0	0	0	0	0	0	0	0	0	0	0	0	0	0	0	128	0	0	0	0	0	
188840	Lingual_L	414	0	516	0	0	0	0	0	0	0	0	0	0	0	0	0	0	0	516	0	0	0	0	0	0	0	0	0	740	0	0	0	0	0	664	0	2570	0	4144	0	0	0	7144	824	812	446	0	3428	2258	334	8096	342	3148	132	12552	1044	0	0	0	0	0	0	0	0	0	0	2974	0	114	0	0	0	106	0	0	0	450	0	0	0	466	0	0	0	858	0	0	0	1566	0	4822	1124	168	0	116	118	8840	558	10390	2874	0	0	0	0	0	128	0	0	180	710	3694	3456	366	0	0	218	
283264	Lingual_R	248	176	0	348	0	0	0	104	0	0	0	0	0	0	0	0	0	0	0	338	0	0	0	0	0	0	0	0	0	670	0	0	0	450	0	698	408	3772	0	2936	0	0	1840	15906	176	2940	3428	0	0	4832	0	7168	0	3694	578	16342	0	796	0	250	0	0	0	0	0	0	236	9254	0	1446	0	0	316	202	0	0	148	286	0	148	0	166	0	0	0	818	0	0	0	1338	2664	3160	0	104	418	348	5892	4988	6936	11888	0	0	0	0	602	598	0	0	150	514	9662	8502	1426	230	416	678	
174184	Occipital_Sup_L	0	0	0	0	0	0	0	0	0	0	0	0	0	0	0	0	0	0	0	0	0	0	0	0	0	0	0	0	0	0	0	0	844	0	2240	0	0	0	0	0	0	0	7452	0	12520	0	2258	0	0	0	28002	0	402	0	192	0	140	0	11518	0	680	0	0	0	496	0	12642	1936	190	0	0	0	0	0	0	0	0	0	0	0	0	0	0	0	5092	0	0	0	488	0	0	0	0	0	0	0	0	0	0	0	0	0	0	0	0	0	0	0	0	0	0	0	0	0	0	0	
348980	Occipital_Sup_R	0	502	0	0	0	0	0	0	0	0	0	0	0	0	0	0	0	192	0	2764	0	0	0	0	0	0	0	0	0	232	0	0	404	4178	0	196	0	0	0	0	0	0	3234	18402	1364	30418	334	4832	0	0	0	25518	0	866	0	902	0	6288	0	12734	0	6430	0	296	0	8064	3192	23770	160	6580	0	0	0	0	0	0	0	0	0	0	0	872	0	0	0	7758	0	0	0	4008	0	0	0	0	0	0	0	0	0	0	0	0	0	0	0	0	0	0	0	0	0	0	0	0	0	0	
381648	Occipital_Mid_L	1316	0	0	0	0	0	0	0	0	0	0	0	0	0	0	0	612	0	134	0	0	0	0	0	0	0	0	0	372	0	0	0	2116	0	2522	0	0	0	332	0	0	0	17012	0	9046	0	8096	0	28002	0	0	0	8698	0	2612	0	3006	0	14864	0	16282	0	1724	0	13820	0	13450	1306	4584	0	0	0	0	0	0	0	0	0	0	0	1486	0	0	0	29656	0	0	0	9654	0	0	0	0	0	0	0	0	0	122	0	0	0	0	0	0	0	0	0	0	0	0	0	0	0	0	0	
306416	Occipital_Mid_R	0	124	0	0	0	0	0	0	0	0	0	0	0	0	0	0	0	0	0	2070	0	0	0	0	0	0	0	0	0	152	0	0	398	3652	0	178	0	174	0	0	0	0	2684	22336	850	17480	342	7168	0	25518	0	0	0	6176	0	3118	0	1504	0	4386	0	6564	0	758	0	13854	1306	13636	160	3342	0	0	0	0	0	0	0	0	0	0	0	394	0	0	0	13722	0	0	0	1162	0	0	0	0	0	0	0	0	0	0	0	0	0	0	0	0	0	0	0	0	0	0	0	0	0	0	
64864	Occipital_Inf_L	200	0	0	0	0	0	0	0	0	0	0	0	0	0	0	0	0	0	0	0	0	0	0	0	0	0	0	0	166	0	0	0	0	0	0	0	0	0	244	0	0	0	1152	0	312	0	3148	0	402	0	8698	0	0	0	5782	0	176	0	0	0	0	0	0	0	0	0	354	0	234	0	0	0	0	0	0	0	0	0	0	0	312	0	0	0	4308	0	0	0	6334	0	248	0	0	0	0	0	148	0	214	0	0	0	0	0	0	0	0	0	0	0	0	0	0	0	0	0	
86824	Occipital_Inf_R	0	772	0	254	0	0	0	142	0	0	0	112	0	0	0	0	0	122	0	770	0	0	0	0	0	0	0	0	0	694	0	0	0	326	0	242	0	1428	0	518	0	0	0	4608	0	404	132	3694	0	866	0	6176	0	0	0	8050	0	356	0	142	0	0	0	0	0	132	0	1758	0	668	0	0	0	0	0	0	0	0	0	0	0	180	0	0	0	2976	0	0	0	4864	238	108	0	0	0	0	104	304	436	826	0	0	0	0	0	0	0	0	0	0	338	494	178	0	0	0	
354660	Fusiform_L	336	0	2596	0	0	0	0	0	0	0	0	0	0	0	166	0	0	0	2564	0	348	0	0	0	0	0	0	0	8848	0	0	0	0	0	208	0	18086	0	10916	0	4648	0	960	0	114	0	12552	578	192	0	2612	0	5782	0	0	244	0	0	0	0	0	0	0	0	0	0	736	0	0	0	164	0	3196	0	0	0	0	0	306	0	5130	0	2904	0	3964	0	1378	0	21640	0	20860	734	742	0	0	0	14552	118	25464	1118	266	0	156	0	0	0	0	0	0	0	806	1226	120	0	0	0	
511836	Fusiform_R	538	3494	274	4498	0	0	130	722	0	0	0	440	0	0	0	0	272	1266	106	3450	0	168	0	0	0	0	0	0	320	5500	0	0	0	236	232	972	278	36586	0	28474	0	8134	0	4108	0	372	1044	16342	0	902	0	3118	0	8050	244	0	168	274	0	144	0	0	0	478	0	0	0	2812	0	692	0	0	572	10884	250	178	632	850	0	386	0	1850	0	4924	0	5150	0	2220	0	16604	1636	14864	0	962	218	284	3210	11482	4078	24244	0	0	0	0	464	552	0	0	0	322	7086	4996	996	204	382	600	
256444	Postcentral_L	27040	5574	5978	632	0	0	2136	0	0	0	1564	0	126	0	0	0	12610	0	2388	566	0	0	0	0	0	0	0	0	4064	0	0	0	264	212	542	0	408	220	0	0	0	0	262	0	160	0	0	0	140	0	3006	0	176	0	0	168	0	0	6598	0	19318	0	9966	0	2684	0	4074	0	4490	356	0	814	830	0	342	0	158	1214	1088	0	5686	0	0	0	1836	0	0	0	532	0	0	0	0	0	0	0	0	0	0	0	0	0	0	0	0	0	0	0	0	0	0	0	0	0	0	0	
159632	Postcentral_R	0	7564	196	3602	0	0	0	2946	0	0	0	1320	0	0	0	0	0	3976	184	4242	0	0	0	0	0	0	0	0	0	924	0	0	0	2136	0	1056	0	176	0	0	0	0	0	1958	0	1654	0	796	0	6288	0	1504	0	356	0	274	0	0	0	7190	0	2590	0	7520	0	1108	1558	7834	0	8620	0	0	0	0	0	0	0	0	0	284	0	624	0	0	0	780	0	0	0	556	0	0	0	0	0	0	0	0	0	0	0	0	0	0	0	0	0	0	0	0	0	0	0	0	0	0	
139572	Parietal_Sup_L	1148	0	0	0	0	0	0	0	0	0	0	0	0	0	0	0	278	0	0	0	0	0	0	0	0	0	0	0	0	0	0	0	366	0	876	0	0	0	0	0	0	0	242	0	1862	0	0	0	11518	0	14864	0	0	0	0	0	6598	0	0	0	11994	0	0	0	1196	0	14026	454	846	0	0	0	0	0	0	0	0	0	0	0	600	0	0	0	2680	0	0	0	238	0	0	0	0	0	0	0	0	0	0	0	0	0	0	0	0	0	0	0	0	0	0	0	0	0	0	0	
167260	Parietal_Sup_R	0	1036	0	128	0	0	0	486	0	0	0	168	0	0	0	0	0	520	0	806	0	0	0	0	0	0	0	0	0	550	0	0	0	270	0	0	0	0	0	0	0	0	0	538	0	5264	0	250	0	12734	0	4386	0	142	0	144	0	7190	0	0	0	4820	0	3824	0	4118	3074	21892	0	4968	0	0	0	0	0	0	0	0	0	306	0	1642	0	0	0	3084	0	0	0	1290	0	0	0	0	0	0	0	0	0	0	0	0	0	0	0	0	0	0	0	0	0	0	0	0	0	0	
203364	Parietal_Inf_L	7530	136	0	0	0	0	286	0	0	0	390	0	0	0	0	0	642	0	0	0	0	0	0	0	0	0	0	0	376	0	0	0	168	0	0	0	0	0	0	0	0	0	0	0	0	0	0	0	680	0	16282	0	0	0	0	0	19318	0	11994	0	0	0	14784	0	19514	0	2824	0	1568	0	0	0	0	0	0	0	0	0	0	0	1640	0	0	0	3550	0	0	0	0	0	0	0	0	0	0	0	0	0	0	0	0	0	0	0	0	0	0	0	0	0	0	0	0	0	0	0	
151924	Parietal_Inf_R	0	1560	0	132	0	0	0	914	0	0	0	464	0	0	0	0	0	1138	0	1130	0	0	0	0	0	0	0	0	0	954	0	0	0	124	0	0	0	0	0	0	0	0	0	122	0	376	0	0	0	6430	0	6564	0	0	0	0	0	2590	0	4820	0	0	0	9498	0	22076	250	2438	0	1514	0	0	0	0	0	0	0	0	0	250	0	1798	0	0	0	7242	0	0	0	3578	0	0	0	0	0	0	0	0	0	0	0	0	0	0	0	0	0	0	0	0	0	0	0	0	0	0	
102544	SupraMarginal_L	5004	0	0	0	0	0	282	0	0	0	366	0	0	0	0	0	1650	0	0	0	0	0	0	0	0	0	0	0	842	0	0	0	0	0	0	0	0	0	0	0	0	0	0	0	0	0	0	0	0	0	1724	0	0	0	0	0	9966	0	0	0	14784	0	0	0	7272	0	0	0	346	0	0	0	0	0	0	0	0	0	154	0	4894	0	0	0	3988	0	0	0	0	0	0	0	0	0	0	0	0	0	0	0	0	0	0	0	0	0	0	0	0	0	0	0	0	0	0	0	
124020	SupraMarginal_R	0	4330	0	2160	0	0	0	3070	0	0	0	1098	0	0	0	0	0	5860	0	1382	0	0	0	0	0	0	0	0	0	706	0	0	0	0	0	0	0	478	0	340	0	0	0	122	0	0	0	0	0	296	0	758	0	0	0	478	0	7520	0	3824	0	9498	0	0	0	5830	0	2338	0	1180	0	0	0	0	0	0	0	0	0	0	0	4380	0	0	0	4008	0	0	0	2354	0	0	0	0	0	0	0	0	0	0	0	0	0	0	0	0	0	0	0	0	0	0	0	0	0	0	
132600	Angular_L	2216	0	0	0	0	0	1160	0	0	0	1474	0	440	0	0	0	1274	0	0	0	0	0	0	0	0	0	0	0	1710	0	0	0	320	0	0	0	0	0	0	0	0	0	0	0	0	0	0	0	496	0	13820	0	0	0	0	0	2684	0	1196	0	19514	0	7272	0	0	0	652	0	1808	0	0	0	0	0	0	0	0	0	110	0	2412	0	0	0	7440	0	0	0	302	0	0	0	0	0	0	0	0	0	0	0	0	0	0	0	0	0	0	0	0	0	0	0	0	0	0	0	
160936	Angular_R	0	374	0	0	0	0	0	106	0	0	0	0	0	0	0	0	0	574	0	470	0	0	0	0	0	0	0	0	0	188	0	0	0	212	0	0	0	0	0	0	0	0	0	180	0	744	0	0	0	8064	0	13854	0	132	0	0	0	1108	0	4118	0	22076	0	5830	0	0	220	2806	0	1132	0	0	0	0	0	0	0	0	0	0	0	3282	0	0	0	10430	0	0	0	4568	0	0	0	0	0	0	0	0	0	0	0	0	0	0	0	0	0	0	0	0	0	0	0	0	0	0	
291012	Precuneus_L	2998	278	168	0	0	0	378	0	0	0	218	0	0	0	0	0	166	114	166	582	0	0	0	0	0	0	0	0	1356	128	0	0	3604	558	10476	752	6068	194	2450	130	0	0	10436	972	8244	3812	2974	236	12642	3192	13450	1306	354	0	736	0	4074	1558	14026	3074	2824	250	0	0	652	220	0	11360	6160	1278	0	0	0	0	0	0	816	110	690	110	222	152	0	0	5262	1126	0	0	1822	582	0	0	0	0	0	0	0	0	0	0	0	0	0	0	0	0	0	0	0	0	0	0	0	0	0	0	
444372	Precuneus_R	678	1892	0	512	0	0	0	716	0	0	0	464	0	0	0	0	0	706	0	5422	0	0	0	0	0	0	0	0	0	2256	0	0	1070	8916	788	6952	0	5720	0	3230	0	0	212	21042	566	22976	0	9254	1936	23770	1306	13636	0	1758	0	2812	0	7834	454	21892	0	2438	0	2338	0	2806	11360	0	306	15062	0	0	0	0	0	0	772	470	0	786	0	2320	0	0	710	7324	0	0	0	6356	0	0	0	0	0	0	0	0	0	0	0	0	0	0	0	0	0	0	0	0	368	0	0	0	0	0	
222144	Paracentral_Lobule_L	14840	1306	2032	602	0	0	288	0	0	0	208	0	0	0	0	0	422	0	21812	6964	0	0	0	0	0	0	0	0	1092	0	0	0	8150	3722	4294	126	894	0	0	0	0	0	1248	0	1108	188	114	0	190	160	4584	160	234	0	0	0	4490	0	846	0	1568	0	346	0	1808	0	6160	306	0	3660	1710	0	3638	0	4024	0	1630	0	0	0	856	0	0	0	3880	0	0	0	1412	0	0	0	0	0	0	0	0	0	0	0	0	0	0	0	0	0	0	0	0	0	0	0	0	0	0	0	
330552	Paracentral_Lobule_R	4020	7404	1072	1038	0	0	458	224	0	0	0	104	0	0	0	0	250	106	4606	37686	0	0	0	0	0	0	0	0	400	406	0	0	1426	20208	1004	6036	480	540	0	172	102	0	0	4462	0	3954	0	1446	0	6580	0	3342	0	668	0	692	356	8620	0	4968	0	1514	0	1180	0	1132	1278	15062	3660	0	5308	122	234	0	602	0	5872	420	0	246	0	1536	0	0	0	2662	0	0	0	1618	0	0	0	0	0	0	0	0	0	0	0	0	0	0	0	0	0	0	0	0	0	0	0	0	0	0	
365688	Caudate_L	5004	1226	9992	2212	1638	892	6326	2496	0	0	428	244	6886	1084	6892	198	106	386	9696	7068	7828	7428	984	288	1038	0	2598	1530	13434	1554	7878	3658	140	916	1052	1054	766	444	0	0	130	0	0	0	0	0	0	0	0	0	0	0	0	0	164	0	0	0	0	0	0	0	0	0	0	0	0	0	1710	5308	0	16048	20100	2366	3014	1968	13768	2126	0	0	0	110	558	0	0	0	0	0	110	0	0	0	0	0	0	0	0	0	0	0	0	0	0	0	0	0	0	0	0	0	0	0	0	0	0	0	
441440	Caudate_R	1096	4494	4006	23296	290	5748	2378	8876	0	2084	398	378	2232	8618	1910	4390	158	310	5032	14396	3388	6752	782	7004	508	2850	974	2278	4570	9276	4636	13992	1006	2730	0	0	0	0	0	0	0	0	0	0	0	0	0	0	0	0	0	0	0	0	0	0	814	0	0	0	0	0	0	0	0	0	0	0	0	122	16048	0	6660	28042	534	4198	1014	12452	0	0	0	0	0	0	0	0	0	0	0	0	0	0	0	0	0	0	0	0	0	0	0	0	0	0	0	0	0	0	0	0	0	0	0	0	0	0	
334244	Putamen_L	6100	1334	16890	284	2732	424	3072	206	402	0	574	0	4144	0	6236	0	1868	0	13844	538	4420	5208	2232	0	234	0	1250	768	22662	268	6396	1710	0	286	0	0	6964	606	896	244	412	0	0	0	0	0	106	316	0	0	0	0	0	0	3196	572	830	0	0	0	0	0	0	0	0	0	0	0	3638	234	20100	6660	0	576	8148	228	1822	538	190	0	1558	0	1520	0	482	0	0	0	2304	0	254	0	0	0	0	0	280	0	366	0	0	0	0	0	0	0	0	0	0	0	0	0	0	0	0	0	
493132	Putamen_R	418	742	2568	35648	156	5056	716	9034	0	2702	762	4474	780	3174	420	5324	320	2128	4748	25168	1008	2500	816	5632	206	1590	530	2124	1264	28146	2428	10598	1310	5118	0	124	178	16384	0	8784	0	972	0	0	0	0	0	202	0	0	0	0	0	0	0	10884	0	0	0	0	0	0	0	0	0	0	0	0	0	0	2366	28042	576	0	0	2814	306	846	0	0	0	446	0	290	0	550	0	0	0	2008	0	678	0	0	0	0	0	592	0	1916	0	0	0	0	0	0	0	0	0	0	0	0	0	0	0	0	
66352	Pallidum_L	2950	668	1056	0	0	0	336	0	0	0	0	0	0	0	0	0	580	0	4152	754	104	528	0	0	0	0	0	0	722	0	0	0	0	238	0	0	1200	260	0	0	0	0	0	0	0	0	0	0	0	0	0	0	0	0	0	250	342	0	0	0	0	0	0	0	0	0	0	0	4024	602	3014	534	8148	0	0	0	2480	234	0	0	0	0	0	0	0	0	0	0	0	0	0	0	0	0	0	0	0	0	0	0	0	0	0	0	0	0	0	0	0	0	0	0	0	0	0	0	
34344	Pallidum_R	0	120	202	2698	0	0	0	460	0	0	0	0	0	0	0	0	0	0	284	2330	0	0	0	0	0	0	0	0	0	0	244	122	0	0	0	0	0	738	0	480	0	0	0	0	0	0	0	0	0	0	0	0	0	0	0	178	0	0	0	0	0	0	0	0	0	0	0	0	0	0	1968	4198	228	2814	0	0	0	108	0	0	0	0	0	0	0	0	0	0	0	0	0	0	0	0	0	0	0	0	0	0	0	0	0	0	0	0	0	0	0	0	0	0	0	0	0	0	
226768	Thalamus_L	17736	2452	3120	412	0	0	1138	188	0	0	212	0	116	110	0	0	422	0	3766	6230	0	0	0	0	0	0	0	0	3056	592	0	0	0	712	7830	8110	6058	4806	324	1668	234	0	0	0	0	0	450	148	0	0	0	0	0	0	0	632	158	0	0	0	0	0	0	0	0	0	816	772	1630	5872	13768	1014	1822	306	2480	0	0	13140	0	0	520	0	0	0	250	0	0	0	314	0	0	0	0	0	0	0	0	0	0	0	0	0	0	0	0	0	0	0	0	0	0	0	0	0	0	0	
176160	Thalamus_R	4118	20116	312	6724	0	0	270	434	0	0	0	0	200	654	194	0	0	0	272	852	0	0	0	0	0	0	0	0	338	658	0	0	0	0	3252	5626	1430	6580	0	3256	0	0	0	0	0	0	0	286	0	0	0	0	0	0	0	850	1214	0	0	0	0	0	0	0	0	0	110	470	0	420	2126	12452	538	846	234	108	13140	0	0	0	0	0	0	0	0	0	0	0	0	0	0	0	0	0	0	0	0	0	0	0	0	0	0	0	0	0	0	0	0	0	0	0	0	0	0	0	
63060	Heschl_L	4768	0	686	0	0	0	1666	0	0	0	982	0	620	0	0	0	2254	0	232	0	0	0	0	0	0	0	0	0	6540	0	0	0	0	0	428	0	2412	0	0	0	0	0	0	0	0	0	0	0	0	0	0	0	0	0	306	0	1088	0	0	0	0	0	154	0	110	0	690	0	0	0	0	0	190	0	0	0	0	0	0	0	3576	0	0	0	3098	0	0	0	1730	0	0	0	0	0	0	0	0	0	0	0	0	0	0	0	0	0	0	0	0	0	0	0	0	0	0	0	
38640	Heschl_R	0	264	0	912	0	0	0	502	0	0	0	484	0	0	0	0	0	3266	0	1032	0	0	0	0	0	0	0	0	0	2278	0	0	0	132	0	0	0	940	0	332	0	0	0	426	0	0	0	148	0	0	0	0	0	0	0	386	0	284	0	306	0	250	0	0	0	0	110	786	0	246	0	0	0	0	0	0	0	0	0	0	0	4576	0	0	0	818	0	0	0	842	0	0	0	0	0	0	0	0	0	0	0	0	0	0	0	0	0	0	0	0	0	0	0	0	0	0	
246204	Temporal_Sup_L	4102	0	6586	0	0	0	1990	0	0	0	3152	0	862	0	0	0	8266	0	5358	0	0	0	0	0	0	0	0	0	13144	0	0	0	244	0	182	0	3098	0	1532	0	0	0	0	0	0	0	466	0	0	0	1486	0	312	0	5130	0	5686	0	600	0	1640	0	4894	0	2412	0	222	0	856	0	0	0	1558	0	0	0	520	0	3576	0	0	0	4672	0	24346	0	0	0	16210	0	0	0	0	0	0	0	0	0	0	0	0	0	0	0	0	0	0	0	0	0	0	0	0	0	0	0	
142860	Temporal_Sup_R	0	1382	0	1494	0	0	0	1614	0	0	0	1680	0	0	0	0	0	6026	106	2244	0	0	0	0	0	0	0	0	0	6774	0	0	0	640	0	0	0	1876	0	586	0	0	0	566	0	0	0	166	0	872	0	394	0	180	0	1850	0	624	0	1642	0	1798	0	4380	0	3282	152	2320	0	1536	110	0	0	446	0	0	0	0	0	4576	0	0	0	3782	0	12102	0	376	0	5854	0	0	0	0	0	0	0	0	0	0	0	0	0	0	0	0	0	0	0	0	0	0	0	0	0	0	
125196	Temporal_Pole_Sup_L	0	0	992	0	1286	0	1032	0	136	0	3120	0	2282	0	3360	0	2792	0	684	0	698	0	0	0	226	0	1064	0	6788	0	346	0	0	0	0	0	1468	0	1368	0	1072	0	0	0	0	0	0	0	0	0	0	0	0	0	2904	0	0	0	0	0	0	0	0	0	0	0	0	0	0	0	558	0	1520	0	0	0	0	0	0	0	4672	0	0	0	10578	0	4316	0	9336	0	0	0	0	0	0	0	0	0	0	0	0	0	0	0	0	0	0	0	0	0	0	0	0	0	0	0	
69672	Temporal_Pole_Sup_R	0	0	0	192	0	0	0	0	0	0	0	182	0	0	0	316	0	642	0	166	0	534	0	0	0	0	0	0	0	808	0	0	0	0	0	0	0	1824	0	3598	0	3490	0	0	0	0	0	0	0	0	0	0	0	0	0	4924	0	0	0	0	0	0	0	0	0	0	0	0	0	0	0	0	0	290	0	0	0	0	0	0	0	3782	0	0	0	4388	0	4460	0	5240	0	0	0	0	0	0	0	0	0	0	0	0	0	0	0	0	0	0	0	0	0	0	0	0	0	0	
378004	Temporal_Mid_L	4470	0	422	0	0	0	194	0	0	0	210	0	140	0	108	0	950	0	430	0	0	0	0	0	0	0	0	0	3590	0	0	0	3452	0	470	0	3472	0	162	0	178	0	7294	0	2308	0	858	0	5092	0	29656	0	4308	0	3964	0	1836	0	2680	0	3550	0	3988	0	7440	0	5262	710	3880	0	0	0	482	0	0	0	250	0	3098	0	24346	0	10578	0	0	0	3610	0	45564	0	0	0	0	0	0	0	0	0	0	0	0	0	0	0	0	0	0	0	0	0	0	0	0	0	0	0	
278764	Temporal_Mid_R	0	1646	0	720	0	0	0	1204	0	0	0	900	0	0	0	0	0	1872	0	2080	0	0	0	0	0	0	0	0	0	3606	0	0	0	1234	0	0	0	736	0	318	0	0	276	6614	288	3306	0	818	0	7758	0	13722	0	2976	0	5150	0	780	0	3084	0	7242	0	4008	0	10430	1126	7324	0	2662	0	0	0	550	0	0	0	0	0	818	0	12102	0	4388	0	0	0	942	0	28580	0	0	0	0	0	0	0	0	0	122	0	0	0	0	0	0	0	0	0	0	0	0	0	0	0	0	
30000	Temporal_Pole_Mid_L	0	0	0	0	0	0	0	0	0	0	0	0	0	0	0	0	0	0	0	0	0	0	0	0	0	0	0	0	0	0	0	0	0	0	0	0	450	0	1446	0	740	0	0	0	0	0	0	0	0	0	0	0	0	0	1378	0	0	0	0	0	0	0	0	0	0	0	0	0	0	0	0	0	0	0	0	0	0	0	0	0	0	0	4316	0	3610	0	0	0	3060	0	0	0	0	0	0	0	0	0	0	0	0	0	0	0	0	0	0	0	0	0	0	0	0	0	0	0	
25180	Temporal_Pole_Mid_R	0	0	0	0	0	0	0	0	0	0	0	0	0	0	0	0	0	0	0	0	0	114	0	0	0	0	0	0	0	0	0	0	0	0	0	0	0	218	0	2134	0	920	0	0	0	0	0	0	0	0	0	0	0	0	0	2220	0	0	0	0	0	0	0	0	0	0	0	0	0	0	0	0	0	0	0	0	0	0	0	0	0	376	0	4460	0	942	0	0	0	1206	0	0	0	0	0	0	0	0	0	0	0	0	0	0	0	0	0	0	0	0	0	0	0	0	0	0	
343576	Temporal_Inf_L	2768	0	3298	0	0	0	0	0	0	0	102	0	0	0	0	0	158	0	3282	0	122	0	0	0	0	0	0	0	10234	0	0	0	218	0	242	0	13580	0	3230	0	2644	0	4496	0	1430	0	1566	0	488	0	9654	0	6334	0	21640	0	532	0	238	0	0	0	0	0	302	0	1822	0	1412	0	110	0	2304	0	0	0	314	0	1730	0	16210	0	9336	0	45564	0	3060	0	0	0	1566	0	158	0	0	0	238	0	1406	0	0	0	0	0	0	0	0	0	0	0	0	0	0	0	0	0	
248572	Temporal_Inf_R	0	1766	0	1816	0	0	0	1378	0	0	0	556	0	0	0	0	0	1220	0	2222	0	0	0	0	0	0	0	0	0	5628	0	0	0	724	0	254	0	7100	0	2400	0	938	0	4074	0	132	0	1338	0	4008	0	1162	0	4864	0	16604	0	556	0	1290	0	3578	0	2354	0	4568	582	6356	0	1618	0	0	0	2008	0	0	0	0	0	842	0	5854	0	5240	0	28580	0	1206	0	0	0	596	0	224	0	0	0	0	0	650	0	0	0	0	0	0	0	0	0	0	0	0	0	0	0	0	
502932	Cerebelum_Crus1_L	0	0	0	0	0	0	0	0	0	0	0	0	0	0	0	0	0	0	0	0	0	0	0	0	0	0	0	0	376	0	0	0	0	0	0	0	808	0	1232	0	0	0	0	0	0	0	4822	2664	0	0	0	0	248	238	20860	1636	0	0	0	0	0	0	0	0	0	0	0	0	0	0	0	0	254	0	0	0	0	0	0	0	0	0	0	0	0	0	0	0	1566	0	0	8110	36344	2938	430	0	31100	870	64702	8664	10310	0	19044	840	5730	1046	428	0	152	288	3974	7744	9676	1998	2116	258	
504136	Cerebelum_Crus1_R	0	0	0	156	0	0	0	0	0	0	0	0	0	0	0	0	0	0	0	180	0	0	0	0	0	0	0	0	0	198	0	0	0	0	0	0	0	1300	0	1776	0	0	0	0	0	0	1124	3160	0	0	0	0	0	108	734	14864	0	0	0	0	0	0	0	0	0	0	0	0	0	0	0	0	0	678	0	0	0	0	0	0	0	0	0	0	0	0	0	0	0	596	8110	0	2166	33496	666	5030	4550	27748	11014	66536	0	4048	174	18954	1022	2676	0	162	242	2312	11124	13100	10206	1882	1856	120	
315844	Cerebelum_Crus2_L	0	0	0	0	0	0	0	0	0	0	0	0	0	0	0	0	0	0	0	0	0	0	0	0	0	0	0	0	0	0	0	0	0	0	0	0	102	0	224	0	0	0	0	0	0	0	168	0	0	0	0	0	0	0	742	0	0	0	0	0	0	0	0	0	0	0	0	0	0	0	0	0	0	0	0	0	0	0	0	0	0	0	0	0	0	0	0	0	158	0	36344	2166	0	9348	0	0	2102	0	5264	1302	36758	4600	33864	2686	6050	956	0	0	0	0	0	320	9782	3194	1792	0	
290376	Cerebelum_Crus2_R	0	0	0	0	0	0	0	0	0	0	0	0	0	0	0	0	0	0	0	0	0	0	0	0	0	0	0	0	0	0	0	0	0	0	0	0	0	0	0	0	0	0	0	0	0	0	0	104	0	0	0	0	0	0	0	962	0	0	0	0	0	0	0	0	0	0	0	0	0	0	0	0	0	0	0	0	0	0	0	0	0	0	0	0	0	0	0	0	0	224	2938	33496	9348	0	0	692	132	2038	1692	8510	2262	23346	3484	33270	266	5582	0	0	0	0	150	898	11394	3214	1186	0	
40336	Cerebelum_3_L	0	0	0	0	0	0	0	0	0	0	0	0	0	0	0	0	0	0	0	0	0	0	0	0	0	0	0	0	0	0	0	0	0	0	0	0	180	0	552	0	0	0	0	0	0	0	116	418	0	0	0	0	0	0	0	218	0	0	0	0	0	0	0	0	0	0	0	0	0	0	0	0	0	0	0	0	0	0	0	0	0	0	0	0	0	0	0	0	0	0	430	666	0	0	0	468	6168	736	542	914	0	0	0	0	200	352	0	0	1718	2568	2666	428	170	288	370	0	
73792	Cerebelum_3_R	0	0	0	0	0	0	0	0	0	0	0	0	0	0	0	0	0	0	0	0	0	0	0	0	0	0	0	0	0	0	0	0	0	0	0	0	164	0	114	166	0	0	0	0	0	0	118	348	0	0	0	0	0	0	0	284	0	0	0	0	0	0	0	0	0	0	0	0	0	0	0	0	0	0	0	0	0	0	0	0	0	0	0	0	0	0	0	0	0	0	0	5030	0	692	468	0	1370	4280	320	6102	0	0	0	404	210	1932	0	0	1490	5832	2642	1670	692	966	1500	102	
364892	Cerebelum_4_5_L	0	0	0	0	0	0	0	0	0	0	0	0	0	0	0	0	0	0	0	0	0	0	0	0	0	0	0	0	426	0	0	0	0	0	0	0	1048	0	1688	0	0	0	0	0	0	0	8840	5892	0	0	0	0	148	104	14552	3210	0	0	0	0	0	0	0	0	0	0	0	0	0	0	0	0	280	0	0	0	0	0	0	0	0	0	0	0	0	0	0	0	238	0	31100	4550	2102	132	6168	1370	0	3396	42100	8734	1158	0	2530	232	3538	2322	250	146	2100	2670	19880	7350	348	394	1432	2018	
228152	Cerebelum_4_5_R	0	0	0	220	0	0	0	0	0	0	0	0	0	0	0	0	0	0	0	234	0	0	0	0	0	0	0	0	0	174	0	0	0	0	0	0	0	1734	0	3226	0	0	0	0	0	0	558	4988	0	0	0	0	0	304	118	11482	0	0	0	0	0	0	0	0	0	0	0	0	0	0	0	0	0	592	0	0	0	0	0	0	0	0	0	0	0	0	0	0	0	0	870	27748	0	2038	736	4280	3396	0	1650	33178	0	0	0	748	186	380	0	0	474	1914	11874	420	104	150	300	0	
499548	Cerebelum_6_L	0	0	0	0	0	0	0	0	0	0	0	0	0	0	0	0	0	0	0	0	0	0	0	0	0	0	0	0	552	0	0	0	0	0	0	0	1376	0	1690	0	0	0	0	0	0	0	10390	6936	0	0	122	0	214	436	25464	4078	0	0	0	0	0	0	0	0	0	0	0	0	0	0	0	0	366	0	0	0	0	0	0	0	0	0	0	0	0	0	0	0	1406	0	64702	11014	5264	1692	542	320	42100	1650	0	15998	3586	0	6230	0	5318	996	468	0	448	694	10708	16500	5920	516	1182	896	
542772	Cerebelum_6_R	0	0	0	374	0	0	0	0	0	0	0	126	0	0	0	0	0	0	0	358	0	0	0	0	0	0	0	0	0	746	0	0	0	0	0	0	0	4108	0	4204	0	298	0	0	0	0	2874	11888	0	0	0	0	0	826	1118	24244	0	0	0	0	0	0	0	0	0	0	0	0	0	0	0	0	0	1916	0	0	0	0	0	0	0	0	0	0	0	122	0	0	0	650	8664	66536	1302	8510	914	6102	8734	33178	15998	0	0	238	124	5466	1760	2962	0	290	328	2978	18786	20374	8422	2424	2642	802	
211596	Cerebelum_7b_L	0	0	0	0	0	0	0	0	0	0	0	0	0	0	0	0	0	0	0	0	0	0	0	0	0	0	0	0	0	0	0	0	0	0	0	0	0	0	0	0	0	0	0	0	0	0	0	0	0	0	0	0	0	0	266	0	0	0	0	0	0	0	0	0	0	0	0	0	0	0	0	0	0	0	0	0	0	0	0	0	0	0	0	0	0	0	0	0	0	0	10310	0	36758	2262	0	0	1158	0	3586	0	0	1508	34480	2378	6776	220	304	0	0	0	0	0	2484	3154	154	0	
160760	Cerebelum_7b_R	0	0	0	0	0	0	0	0	0	0	0	0	0	0	0	0	0	0	0	0	0	0	0	0	0	0	0	0	0	0	0	0	0	0	0	0	0	0	0	0	0	0	0	0	0	0	0	0	0	0	0	0	0	0	0	0	0	0	0	0	0	0	0	0	0	0	0	0	0	0	0	0	0	0	0	0	0	0	0	0	0	0	0	0	0	0	0	0	0	0	0	4048	4600	23346	0	0	0	0	0	238	1508	0	1574	31028	0	9232	0	0	0	0	0	0	2788	1880	138	0	
295484	Cerebelum_8_L	0	0	0	0	0	0	0	0	0	0	0	0	0	0	0	0	0	0	0	0	0	0	0	0	0	0	0	0	0	0	0	0	0	0	0	0	0	0	0	0	0	0	0	0	0	0	0	0	0	0	0	0	0	0	156	0	0	0	0	0	0	0	0	0	0	0	0	0	0	0	0	0	0	0	0	0	0	0	0	0	0	0	0	0	0	0	0	0	0	0	19044	174	33864	3484	0	0	2530	0	6230	124	34480	1574	0	6160	22824	1648	1078	0	0	0	184	0	4664	7370	2154	0	
285680	Cerebelum_8_R	0	0	0	0	0	0	0	0	0	0	0	0	0	0	0	0	0	0	0	0	0	0	0	0	0	0	0	0	0	0	0	0	0	0	0	0	0	0	0	0	0	0	0	0	0	0	0	0	0	0	0	0	0	0	0	0	0	0	0	0	0	0	0	0	0	0	0	0	0	0	0	0	0	0	0	0	0	0	0	0	0	0	0	0	0	0	0	0	0	0	840	18954	2686	33270	0	404	232	748	0	5466	2378	31028	6160	0	1324	23536	0	670	262	342	404	126	4748	7012	2250	0	
142448	Cerebelum_9_L	0	0	0	0	0	0	0	0	0	0	0	0	0	0	0	0	0	0	0	0	0	0	0	0	0	0	0	0	0	0	0	0	0	0	0	0	0	0	0	0	0	0	0	0	0	0	0	602	0	0	0	0	0	0	0	464	0	0	0	0	0	0	0	0	0	0	0	0	0	0	0	0	0	0	0	0	0	0	0	0	0	0	0	0	0	0	0	0	0	0	5730	1022	6050	266	200	210	3538	186	5318	1760	6776	0	22824	1324	0	1908	2066	0	276	356	1798	2212	1000	1990	2712	636	
174032	Cerebelum_9_R	0	0	0	0	0	0	0	0	0	0	0	0	0	0	0	0	0	0	0	0	0	0	0	0	0	0	0	0	0	0	0	0	0	0	0	0	0	0	0	0	0	0	0	0	0	0	128	598	0	0	0	0	0	0	0	552	0	0	0	0	0	0	0	0	0	0	0	0	0	0	0	0	0	0	0	0	0	0	0	0	0	0	0	0	0	0	0	0	0	0	1046	2676	956	5582	352	1932	2322	380	996	2962	220	9232	1648	23536	1908	0	0	848	1242	2298	3838	3902	3522	5622	6720	1998	
9188	Cerebelum_10_L	0	0	0	0	0	0	0	0	0	0	0	0	0	0	0	0	0	0	0	0	0	0	0	0	0	0	0	0	0	0	0	0	0	0	0	0	0	0	0	0	0	0	0	0	0	0	0	0	0	0	0	0	0	0	0	0	0	0	0	0	0	0	0	0	0	0	0	0	0	0	0	0	0	0	0	0	0	0	0	0	0	0	0	0	0	0	0	0	0	0	428	0	0	0	0	0	250	0	468	0	304	0	1078	0	2066	0	0	0	0	0	0	0	0	0	0	0	
5168	Cerebelum_10_R	0	0	0	0	0	0	0	0	0	0	0	0	0	0	0	0	0	0	0	0	0	0	0	0	0	0	0	0	0	0	0	0	0	0	0	0	0	0	0	0	0	0	0	0	0	0	0	0	0	0	0	0	0	0	0	0	0	0	0	0	0	0	0	0	0	0	0	0	0	0	0	0	0	0	0	0	0	0	0	0	0	0	0	0	0	0	0	0	0	0	0	162	0	0	0	0	146	0	0	290	0	0	0	670	0	848	0	0	156	136	176	0	0	0	0	0	
44756	Vermis_1_2	0	0	0	0	0	0	0	0	0	0	0	0	0	0	0	0	0	0	0	0	0	0	0	0	0	0	0	0	0	0	0	0	0	0	0	0	0	0	0	0	0	0	0	0	0	0	180	150	0	0	0	0	0	0	0	0	0	0	0	0	0	0	0	0	0	0	0	0	0	0	0	0	0	0	0	0	0	0	0	0	0	0	0	0	0	0	0	0	0	0	152	242	0	0	1718	1490	2100	474	448	328	0	0	0	262	276	1242	0	156	0	7646	3820	640	0	222	548	284	
85412	Vermis_3	0	0	0	0	0	0	0	0	0	0	0	0	0	0	0	0	0	0	0	0	0	0	0	0	0	0	0	0	0	0	0	0	0	0	0	0	234	0	474	0	0	0	0	0	0	0	710	514	0	0	0	0	0	0	0	322	0	0	0	0	0	0	0	0	0	0	0	0	0	0	0	0	0	0	0	0	0	0	0	0	0	0	0	0	0	0	0	0	0	0	288	2312	0	0	2568	5832	2670	1914	694	2978	0	0	0	342	356	2298	0	136	7646	0	5102	1708	686	1076	1612	234	
272484	Vermis_4_5	0	0	0	0	0	0	0	0	0	0	0	0	0	0	0	0	0	0	0	0	0	0	0	0	0	0	0	0	0	0	0	0	0	0	0	0	0	0	0	0	0	0	0	132	0	128	3694	9662	0	0	0	0	0	338	806	7086	0	0	0	0	0	0	0	0	0	0	0	368	0	0	0	0	0	0	0	0	0	0	0	0	0	0	0	0	0	0	0	0	0	0	3974	11124	0	150	2666	2642	19880	11874	10708	18786	0	0	184	404	1798	3838	0	176	3820	5102	0	10200	592	888	2348	2874	
