data	data	715448	318496	752096	737288	134044	63588	419580	225400	84064	18024	332832	314392	235260	254732	157468	88392	210776	126120	522136	582640	99912	109904	215232	202252	11588	55692	37204	58384	624492	452740	182280	322364	117364	423396	159852	249804	334492	474412	123696	334208	53332	69212	299032	450864	256660	364028	309000	448240	243300	345976	533536	265056	225932	153196	486992	690456	366088	268256	194336	97708	251884	109788	183384	111972	196692	110588	421728	657412	244180	226072	242852	406616	283284	488756	46732	38036	222864	198268	49128	25868	190204	119792	127928	59560	368736	196472	35204	41184	235792	342316	636176	479648	350856	371448	53336	70084	414236	331924	646044	569564	237328	160344	340544	336792	126016	176384	18704	14256	38048	139792	354520	334608	275768	259500	204076	124916	
data	data	Precentral_L	Precentral_R	Frontal_Sup_L	Frontal_Sup_R	Frontal_Sup_Orb_L	Frontal_Sup_Orb_R	Frontal_Mid_L	Frontal_Mid_R	Frontal_Mid_Orb_L	Frontal_Mid_Orb_R	Frontal_Inf_Oper_L	Frontal_Inf_Oper_R	Frontal_Inf_Tri_L	Frontal_Inf_Tri_R	Frontal_Inf_Orb_L	Frontal_Inf_Orb_R	Rolandic_Oper_L	Rolandic_Oper_R	Supp_Motor_Area_L	Supp_Motor_Area_R	Olfactory_L	Olfactory_R	Frontal_Sup_Medial_L	Frontal_Sup_Medial_R	Frontal_Med_Orb_L	Frontal_Med_Orb_R	Rectus_L	Rectus_R	Insula_L	Insula_R	Cingulum_Ant_L	Cingulum_Ant_R	Cingulum_Mid_L	Cingulum_Mid_R	Cingulum_Post_L	Cingulum_Post_R	Hippocampus_L	Hippocampus_R	ParaHippocampal_L	ParaHippocampal_R	Amygdala_L	Amygdala_R	Calcarine_L	Calcarine_R	Cuneus_L	Cuneus_R	Lingual_L	Lingual_R	Occipital_Sup_L	Occipital_Sup_R	Occipital_Mid_L	Occipital_Mid_R	Occipital_Inf_L	Occipital_Inf_R	Fusiform_L	Fusiform_R	Postcentral_L	Postcentral_R	Parietal_Sup_L	Parietal_Sup_R	Parietal_Inf_L	Parietal_Inf_R	SupraMarginal_L	SupraMarginal_R	Angular_L	Angular_R	Precuneus_L	Precuneus_R	Paracentral_Lobule_L	Paracentral_Lobule_R	Caudate_L	Caudate_R	Putamen_L	Putamen_R	Pallidum_L	Pallidum_R	Thalamus_L	Thalamus_R	Heschl_L	Heschl_R	Temporal_Sup_L	Temporal_Sup_R	Temporal_Pole_Sup_L	Temporal_Pole_Sup_R	Temporal_Mid_L	Temporal_Mid_R	Temporal_Pole_Mid_L	Temporal_Pole_Mid_R	Temporal_Inf_L	Temporal_Inf_R	Cerebelum_Crus1_L	Cerebelum_Crus1_R	Cerebelum_Crus2_L	Cerebelum_Crus2_R	Cerebelum_3_L	Cerebelum_3_R	Cerebelum_4_5_L	Cerebelum_4_5_R	Cerebelum_6_L	Cerebelum_6_R	Cerebelum_7b_L	Cerebelum_7b_R	Cerebelum_8_L	Cerebelum_8_R	Cerebelum_9_L	Cerebelum_9_R	Cerebelum_10_L	Cerebelum_10_R	Vermis_1_2	Vermis_3	Vermis_4_5	Vermis_6	Vermis_7	Vermis_8	Vermis_9	Vermis_10	
715448	Precentral_L	0	7388	29326	8764	208	0	22326	1448	0	0	22536	1048	3860	128	0	0	9680	0	7978	20978	0	0	138	160	0	0	0	0	13924	264	104	724	326	10260	5752	5356	6926	2788	696	438	0	0	1014	2208	308	1164	530	1164	194	368	5190	332	6224	142	3094	784	36268	1500	522	0	4122	0	4258	0	1106	0	2618	3486	19934	11534	11486	1546	7128	412	1540	144	24360	3146	2778	0	3168	136	396	0	7624	124	0	0	970	428	132	0	0	0	0	0	184	0	232	0	0	0	0	0	0	0	0	0	0	202	0	0	0	0	0	0	
318496	Precentral_R	7388	0	2448	15948	0	0	814	10614	0	0	140	12736	0	1004	0	0	0	4596	1928	5294	0	0	0	0	0	0	0	0	88	3954	0	178	0	6460	1760	3072	0	8128	0	3300	0	0	0	936	0	1642	0	410	0	2216	0	520	0	202	0	3610	2464	15880	0	638	142	188	0	662	0	418	148	5304	4212	8340	810	2204	0	7940	0	1042	1788	4322	0	82	0	302	0	0	0	388	0	0	0	2588	0	0	0	0	0	0	0	0	0	0	0	0	0	0	0	0	0	0	0	0	0	0	0	0	0	0	
752096	Frontal_Sup_L	29326	2448	0	12712	6684	0	41962	3284	2864	0	13060	2304	15414	630	4670	0	5378	390	62916	19636	398	0	25450	570	246	0	0	0	32088	1236	11960	2958	3332	5530	194	278	2726	582	96	240	276	0	0	0	0	0	0	0	0	0	88	0	0	0	0	186	2718	82	0	0	168	0	124	0	0	0	0	184	1542	132	11166	2934	15268	2560	4390	548	16824	618	298	0	824	0	3432	0	0	0	0	0	0	124	0	0	0	0	0	0	0	0	0	0	0	0	0	0	0	0	0	0	0	0	0	0	0	0	0	0	
737288	Frontal_Sup_R	8764	15948	12712	0	0	3120	2672	19924	0	752	1068	13150	0	19138	0	2702	108	3664	15154	44484	0	218	6038	26704	0	1694	0	650	632	19992	1004	27366	434	14640	0	300	0	4302	0	1236	0	0	80	138	0	84	0	0	0	156	0	0	0	106	0	1090	4182	620	0	0	116	0	0	138	0	0	0	468	640	0	3174	39808	248	14146	0	1746	1912	30906	0	0	0	0	0	0	0	0	0	0	0	316	0	0	0	0	0	0	0	0	0	0	0	0	0	0	0	0	0	0	0	0	0	0	0	0	0	0	
134044	Frontal_Sup_Orb_L	208	0	6684	0	0	0	2096	264	6924	0	704	344	2328	0	13006	0	0	0	1002	0	3792	662	2088	0	874	0	2822	0	11888	0	2298	92	0	0	0	0	396	0	204	0	766	0	0	0	0	0	0	0	0	0	0	0	0	0	0	0	0	0	0	0	0	0	0	0	0	0	0	0	0	0	1138	424	5606	0	0	0	0	0	0	0	0	0	412	0	0	0	0	0	0	0	0	0	0	0	0	0	0	0	0	0	0	0	0	0	0	0	0	0	0	0	0	0	0	0	0	0	
63588	Frontal_Sup_Orb_R	0	0	0	3120	0	0	0	618	0	1830	0	260	0	272	0	2752	0	190	0	0	0	1984	0	1592	0	4370	0	5306	0	982	280	2232	0	0	0	0	0	0	0	0	0	0	0	0	0	0	0	0	0	0	0	0	0	0	0	0	0	0	0	0	0	0	0	0	0	0	0	0	0	0	0	2462	0	3544	0	0	0	0	0	0	0	0	0	0	0	0	0	0	0	0	0	0	0	0	0	0	0	0	0	0	0	0	0	0	0	0	0	0	0	0	0	0	0	0	0	0	
419580	Frontal_Mid_L	22326	814	41962	2672	2096	0	0	1456	5716	0	17124	1146	23738	130	10076	0	1730	0	13438	1582	474	0	6610	232	0	0	0	0	15618	184	1842	832	772	202	164	102	2046	106	124	0	366	0	0	0	0	0	0	0	0	0	324	0	82	0	134	0	5538	0	88	0	2838	0	1386	0	80	0	214	0	202	0	6752	964	7168	662	1828	124	3552	232	276	0	380	0	1194	0	92	0	0	0	0	0	0	0	0	0	0	0	0	0	0	0	0	0	0	0	0	0	0	0	0	0	0	0	0	0	0	0	
225400	Frontal_Mid_R	1448	10614	3284	19924	264	618	1456	0	0	842	688	11480	154	15608	0	3052	0	812	2584	2184	0	0	156	1968	0	0	0	0	1096	7574	250	2228	0	1022	0	94	0	2940	0	1958	0	0	0	178	0	286	0	82	0	274	0	138	0	84	0	1826	298	712	0	124	0	0	0	0	0	0	0	764	0	124	1534	2732	0	5868	0	248	668	1628	0	0	0	0	0	0	0	0	0	0	0	756	0	78	0	0	0	0	0	0	0	0	0	0	0	0	0	0	0	0	0	0	0	0	0	0	0	0	
84064	Frontal_Mid_Orb_L	0	0	2864	0	6924	0	5716	0	0	0	146	0	4908	0	12612	0	0	0	134	0	802	0	0	0	0	0	446	0	4476	0	72	0	0	0	0	0	170	0	0	0	404	0	0	0	0	0	0	0	0	0	0	0	0	0	0	0	0	0	0	0	0	0	0	0	0	0	0	0	0	0	100	0	2040	0	0	0	0	0	0	0	0	0	218	0	0	0	0	0	0	0	0	0	0	0	0	0	0	0	0	0	0	0	0	0	0	0	0	0	0	0	0	0	0	0	0	0	
18024	Frontal_Mid_Orb_R	0	0	0	752	0	1830	0	842	0	0	0	102	0	462	0	3744	0	0	0	0	0	0	0	0	0	218	0	170	0	260	0	0	0	0	0	0	0	0	0	0	0	0	0	0	0	0	0	0	0	0	0	0	0	0	0	0	0	0	0	0	0	0	0	0	0	0	0	0	0	0	0	0	0	632	0	0	0	0	0	0	0	0	0	0	0	0	0	0	0	0	0	0	0	0	0	0	0	0	0	0	0	0	0	0	0	0	0	0	0	0	0	0	0	0	0	0	
332832	Frontal_Inf_Oper_L	22536	140	13060	1068	704	0	17124	688	146	0	0	662	15208	416	214	0	10960	0	9046	210	0	0	1908	246	0	0	0	0	24460	376	1274	592	652	84	0	0	2830	218	606	0	0	0	0	0	0	0	0	0	0	0	194	0	0	0	1166	0	10546	0	0	0	1196	0	2682	0	0	0	0	0	104	0	5332	822	6532	574	446	94	1110	194	124	0	2304	0	6606	0	0	0	0	0	420	0	102	0	0	0	0	0	214	0	226	0	0	0	0	0	0	0	0	0	0	0	0	0	0	0	0	0	
314392	Frontal_Inf_Oper_R	1048	12736	2304	13150	344	260	1146	11480	0	102	662	0	166	14212	0	1240	0	8446	2454	5866	0	72	142	1758	0	0	0	110	1350	22410	494	4392	0	1428	0	76	0	6366	0	4560	0	0	0	200	0	516	0	106	0	750	0	238	0	0	0	3642	84	1316	0	218	0	0	0	82	0	94	0	1440	0	94	954	5180	0	17822	0	1694	404	1140	0	0	0	190	0	114	0	82	0	0	0	2062	0	0	0	0	0	0	0	0	0	0	0	0	0	0	0	0	0	0	0	0	0	0	0	0	0	0	
235260	Frontal_Inf_Tri_L	3860	0	15414	0	2328	0	23738	154	4908	0	15208	166	0	252	9866	0	2284	0	4288	0	378	0	2536	0	0	0	0	0	22660	178	2186	0	690	0	0	0	460	0	92	0	320	0	0	0	0	0	0	0	0	0	0	0	0	0	172	0	708	0	0	0	0	0	374	0	0	0	0	0	0	0	736	148	1506	180	0	0	74	0	0	0	208	0	1558	0	0	0	0	0	0	0	0	0	0	0	0	0	0	0	0	0	0	0	0	0	0	0	0	0	0	0	0	0	0	0	0	0	
254732	Frontal_Inf_Tri_R	128	1004	630	19138	0	272	130	15608	0	462	416	14212	252	0	0	6544	0	728	2032	7622	0	72	754	3544	0	0	0	132	434	29590	152	4076	0	4106	0	0	0	988	0	802	0	0	0	0	0	0	0	0	0	72	0	0	0	0	0	694	0	150	0	0	0	0	0	0	0	0	0	148	0	0	1050	3530	156	6372	0	622	74	368	0	0	0	0	0	0	0	0	0	0	0	302	0	0	0	0	0	0	0	0	0	0	0	0	0	0	0	0	0	0	0	0	0	0	0	0	0	0	
157468	Frontal_Inf_Orb_L	0	0	4670	0	13006	0	10076	0	12612	0	214	0	9866	0	0	0	0	0	186	0	3704	512	306	0	432	0	1874	0	11432	0	646	0	0	0	0	0	430	0	302	0	876	0	0	0	0	0	0	0	0	0	0	0	0	0	0	0	0	0	0	0	0	0	0	0	0	0	0	0	0	0	906	322	5374	0	0	0	0	0	0	0	0	0	988	0	0	0	0	0	0	0	0	0	0	0	0	0	0	0	0	0	0	0	0	0	0	0	0	0	0	0	0	0	0	0	0	0	
88392	Frontal_Inf_Orb_R	0	0	0	2702	0	2752	0	3052	0	3744	0	1240	0	6544	0	0	0	152	0	106	0	2988	0	374	0	524	0	2490	0	10402	186	914	0	0	0	0	0	78	0	170	0	518	0	0	0	0	0	0	0	0	0	0	0	0	0	0	0	0	0	0	0	0	0	0	0	0	0	0	0	0	0	714	0	4174	0	0	0	0	0	0	0	120	0	178	0	74	0	0	0	0	0	0	0	0	0	0	0	0	0	0	0	0	0	0	0	0	0	0	0	0	0	0	0	0	0	0	
210776	Rolandic_Oper_L	9680	0	5378	108	0	0	1730	0	0	0	10960	0	2284	0	0	0	0	0	3508	86	0	0	226	0	0	0	0	0	20636	0	0	0	140	0	482	0	1630	374	158	0	0	0	496	0	0	0	0	0	0	0	582	0	594	0	570	0	12370	0	0	0	1496	0	3872	0	682	0	1012	0	214	0	1864	76	2916	0	174	0	1310	376	2908	0	7606	0	6322	0	1932	0	0	0	636	0	0	0	0	0	0	0	0	0	0	0	0	0	0	0	0	0	0	0	0	0	0	0	0	0	0	0	
126120	Rolandic_Oper_R	0	4596	390	3664	0	190	0	812	0	0	0	8446	0	728	0	152	0	0	668	2134	0	0	0	570	0	0	0	80	0	12166	138	1394	0	268	0	78	0	3394	0	1502	0	0	0	0	0	0	0	0	0	0	0	0	0	94	0	1200	0	3866	0	0	0	0	0	1594	0	0	0	260	0	0	0	2146	0	6736	0	442	0	154	0	1182	0	2718	0	156	0	230	0	0	0	912	0	0	0	0	0	0	0	0	0	0	0	0	0	0	0	0	0	0	0	0	0	0	0	0	0	0	
522136	Supp_Motor_Area_L	7978	1928	62916	15154	1002	0	13438	2584	134	0	9046	2454	4288	2032	186	0	3508	668	0	33164	0	0	10054	2178	0	0	0	0	14938	2568	6348	3694	8214	16118	786	516	270	156	0	114	0	0	0	0	1208	104	0	0	0	0	0	0	0	0	0	134	1288	0	0	0	78	0	0	0	0	0	444	396	5498	1830	4410	3888	6192	2802	1182	408	1568	126	90	0	642	0	2346	0	0	0	0	0	0	0	0	0	0	0	0	0	0	0	0	0	0	0	0	0	0	0	0	0	0	0	0	0	0	0	0	0	
582640	Supp_Motor_Area_R	20978	5294	19636	44484	0	0	1582	2184	0	0	210	5866	0	7622	0	106	86	2134	33164	0	0	0	570	5692	0	0	0	0	478	8804	2454	10982	4108	43828	1174	2990	0	1268	0	556	0	0	0	270	594	500	0	168	0	334	0	256	0	200	0	1624	2506	916	0	0	0	0	0	0	0	0	458	2270	12268	19956	1252	13158	212	5388	0	602	0	1254	0	0	0	0	0	0	0	0	0	0	0	884	0	0	0	0	0	0	0	0	0	0	0	0	0	0	0	0	0	0	0	0	0	0	0	0	0	0	
99912	Olfactory_L	0	0	398	0	3792	0	474	0	802	0	0	0	378	0	3704	0	0	0	0	0	0	6366	0	0	344	94	3172	212	4274	0	3306	1958	0	0	0	0	1162	0	592	0	2336	0	0	0	0	0	0	0	0	0	0	0	0	0	378	0	0	0	0	0	0	0	0	0	0	0	0	0	0	0	6990	5130	2320	1452	0	0	0	0	0	0	0	0	322	0	0	0	0	0	0	0	0	0	0	0	0	0	0	0	0	0	0	0	0	0	0	0	0	0	0	0	0	0	0	0	0	0	
109904	Olfactory_R	0	0	0	218	662	1984	0	0	0	0	0	72	0	72	512	2988	0	0	0	0	6366	0	0	0	0	1764	2100	4170	264	3980	3498	4124	0	0	0	0	0	288	0	434	0	698	0	0	0	0	0	0	0	0	0	0	0	0	0	0	0	0	0	0	0	0	0	0	0	0	0	0	0	0	6888	7812	3036	2830	116	0	0	0	0	0	0	0	0	76	0	0	0	0	0	0	0	0	0	0	0	0	0	0	0	0	0	0	0	0	0	0	0	0	0	0	0	0	0	0	0	0	
215232	Frontal_Sup_Medial_L	138	0	25450	6038	2088	0	6610	156	0	0	1908	142	2536	754	306	0	226	0	10054	570	0	0	0	9974	708	90	102	0	9170	88	10656	6416	3354	5436	0	0	0	0	0	0	0	0	0	0	0	0	0	0	0	0	0	0	0	0	0	0	0	0	0	0	0	0	0	0	0	0	0	0	0	0	770	90	3296	88	166	0	0	0	0	0	0	0	236	0	0	0	0	0	0	0	0	0	0	0	0	0	0	0	0	0	0	0	0	0	0	0	0	0	0	0	0	0	0	0	0	0	
202252	Frontal_Sup_Medial_R	160	0	570	26704	0	1592	232	1968	0	0	246	1758	0	3544	0	374	0	570	2178	5692	0	0	9974	0	0	2394	0	402	0	2678	408	18222	0	9664	0	0	0	222	0	188	0	0	0	0	0	0	0	0	0	0	0	0	0	0	0	162	0	0	0	0	0	0	0	0	0	0	0	0	0	0	378	4938	0	5834	0	0	0	0	0	0	0	0	0	0	0	0	0	0	0	74	0	0	0	0	0	0	0	0	0	0	0	0	0	0	0	0	0	0	0	0	0	0	0	0	0	0	
11588	Frontal_Med_Orb_L	0	0	246	0	874	0	0	0	0	0	0	0	0	0	432	0	0	0	0	0	344	0	708	0	0	162	402	0	380	0	1316	158	0	0	0	0	0	0	0	0	0	0	0	0	0	0	0	0	0	0	0	0	0	0	0	0	0	0	0	0	0	0	0	0	0	0	0	0	0	0	304	122	346	0	0	0	0	0	0	0	0	0	0	0	0	0	0	0	0	0	0	0	0	0	0	0	0	0	0	0	0	0	0	0	0	0	0	0	0	0	0	0	0	0	0	0	
55692	Frontal_Med_Orb_R	0	0	0	1694	0	4370	0	0	0	218	0	0	0	0	0	524	0	0	0	0	94	1764	90	2394	162	0	94	4638	0	102	468	3706	0	0	0	0	0	0	0	0	0	0	0	0	0	0	0	0	0	0	0	0	0	0	0	0	0	0	0	0	0	0	0	0	0	0	0	0	0	0	86	4044	0	3398	0	0	0	0	0	0	0	0	0	0	0	0	0	0	0	0	0	0	0	0	0	0	0	0	0	0	0	0	0	0	0	0	0	0	0	0	0	0	0	0	0	0	
37204	Rectus_L	0	0	0	0	2822	0	0	0	446	0	0	0	0	0	1874	0	0	0	0	0	3172	2100	102	0	402	94	0	180	476	0	1724	732	0	0	0	0	94	0	0	0	72	0	0	0	0	0	0	0	0	0	0	0	0	0	0	0	0	0	0	0	0	0	0	0	0	0	0	0	0	0	2122	1290	500	400	0	0	0	0	0	0	0	0	0	0	0	0	0	0	0	0	0	0	0	0	0	0	0	0	0	0	0	0	0	0	0	0	0	0	0	0	0	0	0	0	0	0	
58384	Rectus_R	0	0	0	650	0	5306	0	0	0	170	0	110	0	132	0	2490	0	80	0	0	212	4170	0	402	0	4638	180	0	0	1754	478	2756	0	0	0	0	0	0	0	0	0	0	0	0	0	0	0	0	0	0	0	0	0	0	0	0	0	0	0	0	0	0	0	0	0	0	0	0	0	0	154	2890	74	2546	0	0	0	0	0	0	0	0	0	0	0	0	0	0	0	0	0	0	0	0	0	0	0	0	0	0	0	0	0	0	0	0	0	0	0	0	0	0	0	0	0	0	
624492	Insula_L	13924	88	32088	632	11888	0	15618	1096	4476	0	24460	1350	22660	434	11432	0	20636	0	14938	478	4274	264	9170	0	380	0	476	0	0	408	7130	214	830	224	1018	164	15520	1358	2860	218	4772	0	728	0	0	0	120	0	0	0	996	0	1720	0	6212	196	10454	0	216	0	384	0	2428	0	110	0	2080	176	496	180	3812	776	21278	1064	630	360	4158	980	4974	0	7438	0	6904	0	1966	0	0	0	4122	136	346	0	0	0	0	0	568	0	572	0	0	0	0	0	0	0	0	0	0	188	0	0	0	0	0	0	
452740	Insula_R	264	3954	1236	19992	0	982	184	7574	0	260	376	22410	178	29590	0	10402	0	12166	2568	8804	0	3980	88	2678	0	102	0	1754	408	0	314	4002	0	2932	72	924	0	14098	0	5852	0	3334	0	940	0	194	0	474	0	154	0	164	0	560	0	7402	0	3564	0	0	0	104	0	1628	0	0	0	1494	0	238	1092	5282	148	24764	0	802	112	1060	0	1282	0	4714	0	800	0	1736	0	0	0	6106	0	0	0	0	0	0	0	78	0	0	0	0	0	0	0	0	0	0	0	0	0	0	0	0	0	0	
182280	Cingulum_Ant_L	104	0	11960	1004	2298	280	1842	250	72	0	1274	494	2186	152	646	186	0	138	6348	2454	3306	3498	10656	408	1316	468	1724	478	7130	314	0	7790	1864	1770	0	0	0	0	0	0	0	0	0	0	0	0	0	0	0	0	0	0	0	0	0	0	0	0	0	0	0	0	0	0	0	0	0	0	0	0	3750	4770	7304	2644	172	0	90	0	0	0	0	0	0	0	0	0	0	0	0	0	0	0	0	0	0	0	0	0	0	0	0	0	0	0	0	0	0	0	0	0	0	0	0	0	0	0	
322364	Cingulum_Ant_R	724	178	2958	27366	92	2232	832	2228	0	0	592	4392	0	4076	0	914	0	1394	3694	10982	1958	4124	6416	18222	158	3706	732	2756	214	4002	7790	0	634	15390	0	0	0	164	0	84	0	0	0	0	0	0	0	0	0	0	0	0	0	0	0	114	128	0	0	0	0	0	0	0	0	0	0	146	0	0	2580	15632	484	12676	0	302	116	0	0	0	0	0	0	0	0	0	0	0	0	0	0	0	0	0	0	0	0	0	0	0	0	0	0	0	0	0	0	0	0	0	0	0	0	0	0	0	
117364	Cingulum_Mid_L	326	0	3332	434	0	0	772	0	0	0	652	0	690	0	0	0	140	0	8214	4108	0	0	3354	0	0	0	0	0	830	0	1864	634	0	7670	4438	728	0	0	0	0	0	0	100	0	5850	204	0	0	744	78	566	0	0	0	0	0	658	0	138	0	190	0	0	0	0	0	5864	1644	2930	1032	0	0	374	0	0	0	0	0	0	0	0	0	124	0	0	0	0	0	0	0	0	0	0	0	0	0	0	0	0	0	0	0	0	0	0	0	0	0	0	0	0	0	0	0	0	0	
423396	Cingulum_Mid_R	10260	6460	5530	14640	0	0	202	1022	0	0	84	1428	0	4106	0	0	0	268	16118	43828	0	0	5436	9664	0	0	0	0	224	2932	1770	15390	7670	0	3298	7950	0	220	0	0	0	0	0	832	742	1972	0	316	0	752	0	540	0	92	0	588	108	2884	0	110	0	82	0	0	0	0	1576	7522	12458	19690	0	744	0	1700	0	0	0	0	0	0	0	0	0	0	0	0	0	0	0	490	0	0	0	0	0	0	0	0	0	0	0	0	0	0	0	0	0	0	0	0	0	0	0	0	0	0	
159852	Cingulum_Post_L	5752	1760	194	0	0	0	164	0	0	0	0	0	0	0	0	0	482	0	786	1174	0	0	0	0	0	0	0	0	1018	72	0	0	4438	3298	0	11268	6748	2518	1782	2126	0	0	4044	234	2326	348	1176	282	802	102	470	94	322	0	292	768	752	858	0	0	0	0	640	0	0	0	10406	2148	7432	1714	0	0	0	0	0	0	276	114	0	0	266	122	0	0	0	0	0	0	0	358	0	0	0	0	0	0	0	0	0	0	0	0	0	0	0	0	0	0	0	0	0	0	0	0	0	0	
249804	Cingulum_Post_R	5356	3072	278	300	0	0	102	94	0	0	0	76	0	0	0	0	0	78	516	2990	0	0	0	0	0	0	0	0	164	924	0	0	728	7950	11268	0	4568	6930	468	4888	0	0	78	8636	286	3084	0	6666	72	988	0	984	86	866	222	5268	0	2284	0	346	0	182	0	180	0	0	2212	23314	2824	7260	0	0	0	112	0	0	1284	960	86	104	0	242	0	0	0	492	0	0	0	4548	0	0	0	0	0	0	0	114	0	0	0	0	0	0	0	0	0	0	0	0	372	0	0	0	0	0	
334492	Hippocampus_L	6926	0	2726	0	396	0	2046	0	170	0	2830	0	460	0	430	0	1630	0	270	0	1162	0	0	0	0	0	94	0	15520	0	0	0	0	0	6748	4568	0	5166	14874	2960	8064	0	3530	0	526	0	4444	358	0	0	490	0	1900	0	19058	286	2804	0	0	0	1068	0	1064	0	626	0	5218	538	344	0	240	0	7836	0	884	0	8478	2000	1812	0	3942	0	1008	0	3888	0	192	0	10808	0	2166	0	0	0	232	0	1944	0	2022	0	0	0	0	0	0	0	0	0	0	500	0	0	0	0	0	0	
474412	Hippocampus_R	2788	8128	582	4302	0	0	106	2940	0	0	218	6366	0	988	0	78	374	3394	156	1268	0	288	0	222	0	0	0	0	1358	14098	0	164	0	220	2518	6930	5166	0	454	43852	0	10752	0	1462	0	122	104	5882	0	116	0	138	0	1366	214	36120	444	2794	0	0	0	0	0	1522	0	0	404	6132	112	522	0	436	182	22744	0	1034	4666	8350	166	276	230	1634	0	432	0	1612	0	0	88	16778	0	536	0	0	0	128	0	1468	0	884	0	0	0	0	0	0	0	0	0	0	398	0	0	0	0	0	
123696	ParaHippocampal_L	696	0	96	0	204	0	124	0	0	0	606	0	92	0	302	0	158	0	0	0	592	0	0	0	0	0	0	0	2860	0	0	0	0	0	1782	468	14874	454	0	288	2536	0	1922	0	270	0	3396	176	0	0	394	0	416	0	9266	0	622	0	0	0	0	0	0	0	0	0	2426	0	164	0	0	0	1608	0	0	0	1360	164	0	0	234	0	2438	0	170	0	1942	0	1260	0	1326	0	0	0	246	0	2692	0	2226	0	0	0	248	0	222	0	0	0	0	528	0	0	0	0	0	0	
334208	ParaHippocampal_R	438	3300	240	1236	0	0	0	1958	0	0	0	4560	0	802	0	170	0	1502	114	556	0	434	0	188	0	0	0	0	218	5852	0	84	0	0	2126	4888	2960	43852	288	0	0	8902	0	1968	0	0	72	6444	0	76	0	94	0	614	0	26894	0	552	0	0	0	0	0	0	0	0	338	5798	0	0	0	300	0	15608	0	822	770	3012	0	88	0	522	0	2750	0	408	0	1946	0	8728	0	584	0	0	0	156	0	2346	0	1172	0	0	0	0	0	0	0	0	0	0	374	0	0	0	0	0	
53332	Amygdala_L	0	0	276	0	766	0	366	0	404	0	0	0	320	0	876	0	0	0	0	0	2336	0	0	0	0	0	72	0	4772	0	0	0	0	0	0	0	8064	0	2536	0	0	0	0	0	0	0	0	0	0	0	0	0	0	0	3246	0	0	0	0	0	0	0	0	0	0	0	0	0	0	0	78	0	298	0	0	0	0	0	0	0	0	0	830	0	90	0	322	0	790	0	0	0	0	0	0	0	224	0	0	0	0	0	0	0	0	0	0	0	0	0	0	0	0	0	0	0	
69212	Amygdala_R	0	0	0	0	0	0	0	0	0	0	0	0	0	0	0	518	0	0	0	0	0	698	0	0	0	0	0	0	0	3334	0	0	0	0	0	0	0	10752	0	8902	0	0	0	0	0	0	0	0	0	0	0	0	0	0	0	5204	0	0	0	0	0	0	0	0	0	0	0	0	0	0	0	0	0	2750	0	0	0	0	0	0	0	0	0	1740	0	0	0	634	0	0	0	0	0	0	0	0	0	74	0	0	0	0	0	0	0	0	0	0	0	0	0	0	0	0	0	0	
299032	Calcarine_L	1014	0	0	80	0	0	0	0	0	0	0	0	0	0	0	0	496	0	0	0	0	0	0	0	0	0	0	0	728	0	0	0	100	0	4044	78	3530	0	1922	0	0	0	0	7008	18448	7528	16794	1978	11962	2048	27946	222	6666	0	3974	92	1606	0	378	0	216	0	160	0	1942	0	21016	2362	2340	0	0	0	0	0	0	0	0	0	226	0	238	0	0	0	2090	0	0	0	134	0	0	0	0	0	0	0	0	0	150	0	0	0	0	0	0	0	0	0	0	0	0	0	0	0	0	0	
450864	Calcarine_R	2208	936	0	138	0	0	0	178	0	0	0	200	0	0	0	0	0	0	0	270	0	0	0	0	0	0	0	0	0	940	0	0	0	832	234	8636	0	1462	0	1968	0	0	7008	0	4568	28916	1646	34382	0	22188	0	14492	0	6814	0	23080	0	4850	0	350	0	1396	0	1218	0	236	1646	45048	670	1268	0	0	0	152	0	0	0	0	0	0	0	0	0	0	0	1348	0	0	0	3212	116	112	0	0	0	0	0	296	396	976	0	0	0	0	0	0	0	0	0	0	148	756	142	0	0	0	
256660	Cuneus_L	308	0	0	0	0	0	0	0	0	0	0	0	0	0	0	0	0	0	1208	594	0	0	0	0	0	0	0	0	0	0	0	0	5850	742	2326	286	526	0	270	0	0	0	18448	4568	0	8354	1674	370	25604	1904	9834	172	550	0	162	0	1234	0	5154	0	294	0	0	0	80	0	28362	6174	3282	0	0	0	0	0	0	0	0	0	0	0	0	0	0	0	0	0	0	0	0	0	0	0	0	0	0	0	0	0	0	0	0	0	0	0	0	0	0	0	0	0	0	0	0	0	0	0	
364028	Cuneus_R	1164	1642	0	84	0	0	0	286	0	0	0	516	0	0	0	0	0	0	104	500	0	0	0	0	0	0	0	0	0	194	0	0	204	1972	348	3084	0	122	0	0	0	0	7528	28916	8354	0	662	5260	178	40786	0	12696	0	888	0	3674	0	7072	0	3714	0	1708	0	1494	0	1326	4486	38242	380	2214	0	144	0	146	0	0	0	0	0	0	0	126	0	0	0	906	0	0	0	894	0	0	0	0	0	0	0	0	0	0	0	0	0	0	0	0	0	0	0	0	0	0	0	0	0	0	
309000	Lingual_L	530	0	0	0	0	0	0	0	0	0	0	0	0	0	0	0	0	0	0	0	0	0	0	0	0	0	0	0	120	0	0	0	0	0	1176	0	4444	104	3396	72	0	0	16794	1646	1674	662	0	4898	3480	76	14578	102	6642	94	20754	520	668	0	148	0	86	0	0	0	434	0	8232	482	466	0	0	0	0	0	0	0	468	0	0	0	0	0	0	0	1040	0	0	0	314	0	12450	766	846	104	462	0	12038	1902	20054	1650	102	0	88	0	0	0	0	0	0	184	4686	4280	788	0	0	0	
448240	Lingual_R	1164	410	0	0	0	0	0	82	0	0	0	106	0	0	0	0	0	0	0	168	0	0	0	0	0	0	0	0	0	474	0	0	0	316	282	6666	358	5882	176	6444	0	0	1978	34382	370	5260	4898	0	0	6670	0	6786	292	6662	2962	24938	0	2704	0	156	0	644	0	586	0	0	266	24626	500	632	0	0	0	76	0	0	72	804	0	0	0	0	0	0	0	734	0	0	0	1542	6006	3292	1324	186	0	86	2550	11512	10696	12904	0	0	0	0	0	0	0	0	0	194	11188	11756	1064	80	98	116	
243300	Occipital_Sup_L	194	0	0	0	0	0	0	0	0	0	0	0	0	0	0	0	0	0	0	0	0	0	0	0	0	0	0	0	0	0	0	0	744	0	802	72	0	0	0	0	0	0	11962	0	25604	178	3480	0	0	0	31990	0	546	0	0	0	2096	0	13418	0	1994	0	142	0	172	0	24756	2538	962	0	0	0	0	0	0	0	0	0	0	0	0	0	0	0	0	0	0	0	0	0	0	0	0	0	0	0	0	0	0	0	0	0	0	0	0	0	0	0	0	0	0	0	0	0	0	0	
345976	Occipital_Sup_R	368	2216	0	156	0	0	0	274	0	0	0	750	0	72	0	0	0	0	0	334	0	0	0	0	0	0	0	0	0	154	0	0	78	752	102	988	0	116	0	76	0	0	2048	22188	1904	40786	76	6670	0	0	0	25818	0	1970	0	2606	0	7642	0	6682	0	3124	0	1972	0	6702	1018	29980	254	1190	0	272	0	212	0	92	0	80	0	0	0	606	0	0	0	1536	0	0	0	1124	0	0	0	0	0	0	0	0	0	0	0	0	0	0	0	0	0	0	0	0	0	0	0	0	0	0	
533536	Occipital_Mid_L	5190	0	88	0	0	0	324	0	0	0	194	0	0	0	0	0	582	0	0	0	0	0	0	0	0	0	0	0	996	0	0	0	566	0	470	0	490	0	394	0	0	0	27946	0	9834	0	14578	0	31990	0	0	0	27492	0	8216	0	11460	0	23782	0	15280	0	2792	0	26368	0	22702	598	3866	0	0	0	0	0	0	0	0	0	264	0	1214	0	0	0	26068	0	0	0	2484	0	84	0	0	0	0	0	72	0	254	0	0	0	0	0	0	0	0	0	0	0	130	0	0	0	0	0	
265056	Occipital_Mid_R	332	520	0	0	0	0	0	138	0	0	0	238	0	0	0	0	0	0	0	256	0	0	0	0	0	0	0	0	0	164	0	0	0	540	94	984	0	138	0	94	0	0	222	14492	172	12696	102	6786	0	25818	0	0	0	9948	0	8200	0	3056	0	2558	0	3030	0	698	0	12830	246	12830	244	738	0	0	0	0	0	0	0	0	0	0	0	278	0	0	0	9048	0	0	0	4294	0	0	0	0	0	0	0	0	146	320	0	0	0	0	0	0	0	0	0	0	0	278	0	0	0	0	
225932	Occipital_Inf_L	6224	0	0	0	0	0	82	0	0	0	0	0	0	0	0	0	594	0	0	0	0	0	0	0	0	0	0	0	1720	0	0	0	0	0	322	86	1900	0	416	0	0	0	6666	0	550	0	6642	292	546	0	27492	0	0	0	13430	0	3568	0	372	0	318	0	278	0	2112	0	3920	0	3758	0	0	0	0	0	0	0	204	0	1688	0	1878	0	0	0	17666	0	0	0	6864	0	1062	0	0	0	0	0	316	264	1062	0	0	0	0	0	0	0	0	0	0	0	520	154	0	0	0	0	
153196	Occipital_Inf_R	142	202	0	106	0	0	0	84	0	0	0	0	0	0	0	0	0	94	0	200	0	0	0	0	0	0	0	0	0	560	0	0	0	92	0	866	0	1366	0	614	0	0	0	6814	0	888	94	6662	0	1970	0	9948	0	0	0	12742	0	346	0	0	0	108	0	246	0	0	0	3270	0	172	0	0	0	0	0	0	0	0	0	102	0	642	0	0	0	3958	0	0	0	11224	1632	522	358	0	0	0	248	724	1838	3596	0	0	0	0	0	0	0	0	0	0	920	2942	306	0	0	0	
486992	Fusiform_L	3094	0	0	0	0	0	134	0	0	0	1166	0	172	0	0	0	570	0	0	0	378	0	0	0	0	0	0	0	6212	0	0	0	0	0	292	222	19058	214	9266	0	3246	0	3974	0	162	0	20754	2962	0	0	8216	0	13430	0	0	182	2500	0	140	0	146	0	108	0	464	0	4834	0	940	0	0	0	2246	0	0	0	2064	156	1598	0	3768	0	3586	0	7268	0	2288	0	20320	0	28402	508	1936	104	420	0	16352	2030	33206	938	1452	0	2090	112	566	100	0	0	0	400	4508	3034	548	268	232	160	
690456	Fusiform_R	784	3610	186	1090	0	0	0	1826	0	0	0	3642	0	694	0	0	0	1200	134	1624	0	0	0	162	0	0	0	0	196	7402	0	114	0	588	768	5268	286	36120	0	26894	0	5204	92	23080	0	3674	520	24938	0	2606	0	8200	0	12742	182	0	0	2000	0	184	0	476	0	622	0	1052	88	18268	294	1352	0	292	0	14256	0	412	0	764	0	498	0	2064	0	6924	0	6922	0	3698	0	27858	3772	14948	770	1942	0	728	1048	13320	4742	25832	0	436	0	2400	0	74	0	0	0	202	5386	6796	810	172	0	0	
366088	Postcentral_L	36268	2464	2718	4182	0	0	5538	298	0	0	10546	84	708	0	0	0	12370	0	1288	2506	0	0	0	0	0	0	0	0	10454	0	0	128	658	108	752	0	2804	444	622	0	0	0	1606	0	1234	0	668	0	2096	0	11460	0	3568	0	2500	0	0	0	8428	0	15800	0	9882	0	1040	0	4546	0	5868	0	2642	162	3830	98	340	0	1566	442	1456	0	3802	0	154	0	4104	0	0	0	448	0	102	0	0	0	0	0	118	0	144	0	0	0	0	0	0	0	0	0	0	0	0	0	0	0	0	0	
268256	Postcentral_R	1500	15880	82	620	0	0	0	712	0	0	0	1316	0	150	0	0	0	3866	0	916	0	0	0	0	0	0	0	0	0	3564	0	0	0	2884	858	2284	0	2794	0	552	0	0	0	4850	0	7072	0	2704	0	7642	0	3056	0	346	0	2000	0	0	0	8372	0	10678	0	14086	0	2942	386	19378	1826	6000	0	84	0	750	0	72	0	140	0	254	0	450	0	0	0	1418	0	0	0	1644	0	0	0	0	0	0	0	0	0	0	0	0	0	0	0	0	0	0	0	0	0	0	0	0	0	0	
194336	Parietal_Sup_L	522	0	0	0	0	0	88	0	0	0	0	0	0	0	0	0	0	0	0	0	0	0	0	0	0	0	0	0	216	0	0	0	138	0	0	0	0	0	0	0	0	0	378	0	5154	0	148	0	13418	0	23782	0	372	0	140	0	8428	0	0	0	15296	0	1636	0	6960	0	18792	770	498	0	0	0	0	0	0	0	0	0	0	0	0	0	0	0	432	0	0	0	0	0	0	0	0	0	0	0	0	0	0	0	0	0	0	0	0	0	0	0	0	0	0	0	0	0	0	0	
97708	Parietal_Sup_R	0	638	0	0	0	0	0	124	0	0	0	218	0	0	0	0	0	0	0	0	0	0	0	0	0	0	0	0	0	0	0	0	0	110	0	346	0	0	0	0	0	0	0	350	0	3714	0	156	0	6682	0	2558	0	0	0	184	0	8372	0	0	0	7334	0	1422	0	5896	330	9510	0	596	0	0	0	0	0	0	0	0	0	0	0	162	0	0	0	0	0	0	0	152	0	0	0	0	0	0	0	0	0	0	0	0	0	0	0	0	0	0	0	0	0	0	0	0	0	0	
251884	Parietal_Inf_L	4122	142	168	116	0	0	2838	0	0	0	1196	0	0	0	0	0	1496	0	78	0	0	0	0	0	0	0	0	0	384	0	0	0	190	0	0	0	1068	0	0	0	0	0	216	0	294	0	86	0	1994	0	15280	0	318	0	146	0	15800	0	15296	0	0	0	23438	0	24096	0	3840	0	588	0	362	0	0	0	0	0	0	0	74	0	2566	0	0	0	8190	0	0	0	1560	0	0	0	0	0	0	0	0	0	0	0	0	0	0	0	0	0	0	0	0	0	0	0	0	0	0	0	
109788	Parietal_Inf_R	0	188	0	0	0	0	0	0	0	0	0	0	0	0	0	0	0	0	0	0	0	0	0	0	0	0	0	0	0	104	0	0	0	82	0	182	0	0	0	0	0	0	0	1396	0	1708	0	644	0	3124	0	3030	0	108	0	476	0	10678	0	7334	0	0	0	10242	0	9620	0	4778	0	210	0	0	0	0	0	0	0	0	0	0	0	386	0	0	0	198	0	0	0	406	0	0	0	0	0	0	0	0	0	0	0	0	0	0	0	0	0	0	0	0	0	0	0	0	0	0	
183384	SupraMarginal_L	4258	0	124	0	0	0	1386	0	0	0	2682	0	374	0	0	0	3872	0	0	0	0	0	0	0	0	0	0	0	2428	0	0	0	0	0	640	0	1064	0	0	0	0	0	160	0	0	0	0	0	142	0	2792	0	278	0	108	0	9882	0	1636	0	23438	0	0	0	11258	0	1684	0	190	0	0	0	0	0	0	0	0	0	266	0	8636	0	0	0	12960	0	0	0	1434	0	0	0	0	0	0	0	0	0	0	0	0	0	0	0	0	0	0	0	0	0	0	0	0	0	0	0	
111972	SupraMarginal_R	0	662	0	138	0	0	0	0	0	0	0	82	0	0	0	0	0	1594	0	0	0	0	0	0	0	0	0	0	0	1628	0	0	0	0	0	180	0	1522	0	0	0	0	0	1218	0	1494	0	586	0	1972	0	698	0	246	0	622	0	14086	0	1422	0	10242	0	0	0	4948	0	4156	0	208	0	0	0	0	0	0	0	0	0	352	0	4796	0	0	0	1966	0	0	0	1168	0	0	0	0	0	0	0	0	0	0	0	0	0	0	0	0	0	0	0	0	0	0	0	0	0	0	
196692	Angular_L	1106	0	0	0	0	0	80	0	0	0	0	0	0	0	0	0	682	0	0	0	0	0	0	0	0	0	0	0	110	0	0	0	0	0	0	0	626	0	0	0	0	0	1942	0	80	0	434	0	172	0	26368	0	2112	0	464	0	1040	0	6960	0	24096	0	11258	0	0	0	1450	0	536	0	0	0	0	0	0	0	0	0	0	0	2548	0	0	0	14660	0	0	0	1622	0	0	0	0	0	0	0	0	0	0	0	0	0	0	0	0	0	0	0	0	0	0	0	0	0	0	0	
110588	Angular_R	0	418	0	0	0	0	0	0	0	0	0	94	0	0	0	0	0	0	0	0	0	0	0	0	0	0	0	0	0	0	0	0	0	0	0	0	0	0	0	0	0	0	0	236	0	1326	0	0	0	6702	0	12830	0	0	0	1052	0	2942	0	5896	0	9620	0	4948	0	0	0	3130	0	0	0	0	0	0	0	0	0	0	0	0	0	2980	0	0	0	2768	0	0	0	352	0	0	0	0	0	0	0	0	0	0	0	0	0	0	0	0	0	0	0	0	0	0	0	0	0	0	
421728	Precuneus_L	2618	148	0	0	0	0	214	0	0	0	0	0	0	0	0	0	1012	0	444	458	0	0	0	0	0	0	0	0	2080	0	0	0	5864	1576	10406	2212	5218	404	2426	338	0	0	21016	1646	28362	4486	8232	266	24756	1018	22702	246	3920	0	4834	88	4546	386	18792	330	3840	0	1684	0	1450	0	0	12994	5084	1638	0	0	0	0	0	0	126	0	266	0	534	0	0	0	1528	0	0	0	140	0	94	0	0	0	0	0	82	0	270	0	0	0	0	0	0	0	0	0	0	0	90	0	0	0	0	0	
657412	Precuneus_R	3486	5304	184	468	0	0	0	764	0	0	0	1440	0	148	0	0	0	260	396	2270	0	0	0	0	0	0	0	0	176	1494	0	146	1644	7522	2148	23314	538	6132	0	5798	0	0	2362	45048	6174	38242	482	24626	2538	29980	598	12830	0	3270	0	18268	0	19378	770	9510	0	4778	0	4156	0	3130	12994	0	1728	12296	0	428	0	520	0	164	0	242	0	188	0	538	0	0	0	2608	0	0	0	6194	0	0	0	0	0	0	0	350	0	248	0	0	0	0	0	0	0	0	0	0	436	0	0	0	0	0	
244180	Paracentral_Lobule_L	19934	4212	1542	640	0	0	202	0	0	0	104	0	0	0	0	0	214	0	5498	12268	0	0	0	0	0	0	0	0	496	0	0	0	2930	12458	7432	2824	344	112	164	0	0	0	2340	670	3282	380	466	500	962	254	3866	244	3758	0	940	294	5868	1826	498	0	588	0	190	0	536	0	5084	1728	0	10976	128	0	0	0	116	0	274	0	402	0	294	98	0	0	3564	0	0	0	360	230	0	0	0	0	0	0	0	0	0	0	0	0	0	0	0	0	0	0	0	0	0	0	0	0	0	0	
226072	Paracentral_Lobule_R	11534	8340	132	0	0	0	0	124	0	0	0	94	0	0	0	0	0	0	1830	19956	0	0	0	0	0	0	0	0	180	238	0	0	1032	19690	1714	7260	0	522	0	0	0	0	0	1268	0	2214	0	632	0	1190	0	738	0	172	0	1352	0	6000	0	596	0	210	0	208	0	0	1638	12296	10976	0	0	80	0	0	0	0	0	0	0	0	0	0	0	0	0	0	0	0	0	820	0	0	0	0	0	0	0	0	0	0	0	0	0	0	0	0	0	0	0	0	0	0	0	0	0	0	
242852	Caudate_L	11486	810	11166	3174	1138	0	6752	1534	100	0	5332	954	736	1050	906	0	1864	0	4410	1252	6990	6888	770	378	304	86	2122	154	3812	1092	3750	2580	0	0	0	0	240	0	0	0	78	0	0	0	0	0	0	0	0	0	0	0	0	0	0	0	2642	0	0	0	362	0	0	0	0	0	0	0	128	0	0	10892	8970	2460	2454	120	9026	1464	110	0	460	0	430	0	0	0	0	0	0	0	0	0	0	0	0	0	0	0	0	0	0	0	0	0	0	0	0	0	0	0	0	0	0	0	0	0	
406616	Caudate_R	1546	2204	2934	39808	424	2462	964	2732	0	0	822	5180	148	3530	322	714	76	2146	3888	13158	5130	7812	90	4938	122	4044	1290	2890	776	5282	4770	15632	0	744	0	0	0	436	0	300	0	0	0	0	0	144	0	0	0	272	0	0	0	0	0	292	162	84	0	0	0	0	0	0	0	0	0	428	0	80	10892	0	3070	26254	186	2984	534	20514	0	0	0	0	0	0	0	0	0	0	0	98	0	0	0	0	0	0	0	0	0	0	0	0	0	0	0	0	0	0	0	0	0	0	0	0	0	0	
283284	Putamen_L	7128	0	15268	248	5606	0	7168	0	2040	0	6532	0	1506	156	5374	0	2916	0	6192	212	2320	3036	3296	0	346	0	500	74	21278	148	7304	484	374	0	0	0	7836	182	1608	0	298	0	0	0	0	0	0	0	0	0	0	0	0	0	2246	0	3830	0	0	0	0	0	0	0	0	0	0	0	0	0	8970	3070	0	1240	4968	0	4274	164	0	0	760	0	960	0	0	0	0	0	792	0	194	0	0	0	0	0	300	0	332	0	0	0	0	0	0	0	0	0	0	112	0	0	0	0	0	0	
488756	Putamen_R	412	7940	2560	14146	0	3544	662	5868	0	632	574	17822	180	6372	0	4174	0	6736	2802	5388	1452	2830	88	5834	0	3398	400	2546	1064	24764	2644	12676	0	1700	0	112	0	22744	0	15608	0	2750	0	152	0	146	0	76	0	212	0	0	0	0	0	14256	98	750	0	0	0	0	0	0	0	0	0	520	0	0	2460	26254	1240	0	0	3934	82	1956	0	0	0	650	0	112	0	804	0	0	0	9514	0	268	0	0	0	0	0	258	0	214	0	0	0	0	0	0	0	0	0	0	0	0	0	0	0	0	
46732	Pallidum_L	1540	0	4390	0	0	0	1828	0	0	0	446	0	0	0	0	0	174	0	1182	0	0	116	166	0	0	0	0	0	630	0	172	0	0	0	0	0	884	0	0	0	0	0	0	0	0	0	0	0	0	0	0	0	0	0	0	0	340	0	0	0	0	0	0	0	0	0	0	0	116	0	2454	186	4968	0	0	0	3098	574	0	0	102	0	0	0	0	0	0	0	0	0	0	0	0	0	0	0	0	0	0	0	0	0	0	0	0	0	0	0	0	0	0	0	0	0	0	0	
38036	Pallidum_R	144	1042	548	1746	0	0	124	248	0	0	94	1694	0	622	0	0	0	442	408	602	0	0	0	0	0	0	0	0	360	802	0	302	0	0	0	0	0	1034	0	822	0	0	0	0	0	0	0	0	0	92	0	0	0	0	0	412	0	72	0	0	0	0	0	0	0	0	0	164	0	0	120	2984	0	3934	0	0	0	78	0	0	0	0	0	0	0	0	0	0	0	128	0	0	0	0	0	0	0	0	0	0	0	0	0	0	0	0	0	0	0	0	0	0	0	0	0	0	
222864	Thalamus_L	24360	1788	16824	1912	0	0	3552	668	0	0	1110	404	74	74	0	0	1310	0	1568	0	0	0	0	0	0	0	0	0	4158	112	90	116	0	0	276	1284	8478	4666	1360	770	0	0	0	0	0	0	468	72	0	0	0	0	204	0	2064	0	1566	0	0	0	0	0	0	0	0	0	126	0	274	0	9026	534	4274	82	3098	0	0	10130	382	0	1318	0	0	0	226	0	0	0	1146	0	300	0	0	0	212	0	0	0	216	0	0	0	0	0	0	0	0	0	0	760	0	0	0	0	0	0	
198268	Thalamus_R	3146	4322	618	30906	0	0	232	1628	0	0	194	1140	0	368	0	0	376	154	126	1254	0	0	0	0	0	0	0	0	980	1060	0	0	0	0	114	960	2000	8350	164	3012	0	0	0	0	0	0	0	804	0	80	0	0	0	0	156	764	442	140	0	0	0	0	0	0	0	0	0	242	0	0	1464	20514	164	1956	574	78	10130	0	140	0	228	0	0	0	0	0	0	0	78	76	0	0	0	0	0	0	0	0	0	0	0	0	0	0	0	0	0	0	0	0	0	0	0	0	0	0	
49128	Heschl_L	2778	0	298	0	0	0	276	0	0	0	124	0	0	0	0	0	2908	0	90	0	0	0	0	0	0	0	0	0	4974	0	0	0	0	0	0	86	1812	166	0	0	0	0	226	0	0	0	0	0	0	0	264	0	1688	0	1598	0	1456	0	0	0	74	0	266	0	0	0	266	0	402	0	110	0	0	0	0	0	382	140	0	0	1500	0	0	0	1274	0	0	0	1170	0	236	0	0	0	0	0	0	0	0	0	0	0	0	0	0	0	0	0	0	0	0	0	0	0	0	0	
25868	Heschl_R	0	82	0	0	0	0	0	0	0	0	0	0	0	0	0	0	0	1182	0	0	0	0	0	0	0	0	0	0	0	1282	0	0	0	0	0	104	0	276	0	88	0	0	0	0	0	0	0	0	0	0	0	0	0	102	0	498	0	254	0	0	0	0	0	352	0	0	0	188	0	0	0	0	0	0	0	0	0	0	0	0	0	5816	0	114	0	1524	0	0	0	1072	0	0	0	0	0	0	0	0	0	0	0	0	0	0	0	0	0	0	0	0	0	0	0	0	0	0	
190204	Temporal_Sup_L	3168	0	824	0	0	0	380	0	0	0	2304	0	208	0	0	0	7606	0	642	0	0	0	0	0	0	0	0	0	7438	0	0	0	0	0	266	0	3942	230	234	0	0	0	238	0	0	0	0	0	0	0	1214	0	1878	0	3768	0	3802	0	0	0	2566	0	8636	0	2548	0	534	0	294	0	460	0	760	0	102	0	1318	228	1500	0	0	0	5040	0	22890	0	0	0	9424	0	542	0	0	0	0	0	0	0	118	0	0	0	0	0	0	0	0	0	0	0	0	0	0	0	0	0	
119792	Temporal_Sup_R	136	302	0	0	0	0	0	0	0	0	0	190	0	0	0	120	0	2718	0	0	0	0	0	0	0	0	0	0	0	4714	0	0	0	0	122	242	0	1634	0	522	0	0	0	0	0	126	0	0	0	606	0	278	0	642	0	2064	0	450	0	162	0	386	0	4796	0	2980	0	538	98	0	0	0	0	650	0	0	0	0	0	5816	0	0	0	2608	0	17794	0	486	0	8716	0	0	0	0	0	0	0	0	0	0	0	0	0	0	0	0	0	0	0	0	0	0	0	0	0	0	
127928	Temporal_Pole_Sup_L	396	0	3432	0	412	0	1194	0	218	0	6606	0	1558	0	988	0	6322	0	2346	0	322	0	236	0	0	0	0	0	6904	0	0	0	124	0	0	0	1008	0	2438	0	830	0	0	0	0	0	0	0	0	0	0	0	0	0	3586	0	154	0	0	0	0	0	0	0	0	0	0	0	0	0	430	0	960	0	0	0	0	0	0	0	5040	0	0	0	7156	0	5430	0	5874	0	0	0	0	0	0	0	0	0	0	0	0	0	0	0	0	0	0	0	0	0	0	0	0	0	0	0	
59560	Temporal_Pole_Sup_R	0	0	0	0	0	0	0	0	0	0	0	114	0	0	0	178	0	156	0	0	0	76	0	0	0	0	0	0	0	800	0	0	0	0	0	0	0	432	0	2750	0	1740	0	0	0	0	0	0	0	0	0	0	0	0	0	6924	0	0	0	0	0	0	0	0	0	0	0	0	0	0	0	0	0	112	0	0	0	0	0	114	0	2608	0	0	0	2950	0	6176	0	4650	0	0	0	0	0	0	0	0	0	0	0	0	0	0	0	0	0	0	0	0	0	0	0	0	0	0	
368736	Temporal_Mid_L	7624	0	0	0	0	0	92	0	0	0	0	0	0	0	0	0	1932	0	0	0	0	0	0	0	0	0	0	0	1966	0	0	0	0	0	0	0	3888	0	170	0	90	0	2090	0	0	0	1040	0	0	0	26068	0	17666	0	7268	0	4104	0	432	0	8190	0	12960	0	14660	0	1528	0	3564	0	0	0	0	0	0	0	226	0	1274	0	22890	0	7156	0	0	0	3704	0	32986	0	706	0	0	0	0	0	0	0	94	0	0	0	0	0	0	0	0	0	0	0	0	0	0	0	0	0	
196472	Temporal_Mid_R	124	388	0	0	0	0	0	0	0	0	0	82	0	0	0	74	0	230	0	0	0	0	0	0	0	0	0	0	0	1736	0	0	0	0	0	492	0	1612	0	408	0	0	0	1348	0	906	0	734	0	1536	0	9048	0	3958	0	6922	0	1418	0	0	0	198	0	1966	0	2768	0	2608	0	0	0	0	0	804	0	0	0	0	0	1524	0	17794	0	2950	0	0	0	3582	0	33026	0	0	0	0	0	0	0	0	0	0	0	0	0	0	0	0	0	0	0	0	0	0	0	0	0	0	
35204	Temporal_Pole_Mid_L	0	0	0	0	0	0	0	0	0	0	0	0	0	0	0	0	0	0	0	0	0	0	0	0	0	0	0	0	0	0	0	0	0	0	0	0	192	0	1942	0	322	0	0	0	0	0	0	0	0	0	0	0	0	0	2288	0	0	0	0	0	0	0	0	0	0	0	0	0	0	0	0	0	0	0	0	0	0	0	0	0	0	0	5430	0	3704	0	0	0	3724	0	0	0	0	0	0	0	0	0	0	0	0	0	0	0	0	0	0	0	0	0	0	0	0	0	0	0	
41184	Temporal_Pole_Mid_R	0	0	0	0	0	0	0	0	0	0	0	0	0	0	0	0	0	0	0	0	0	0	0	0	0	0	0	0	0	0	0	0	0	0	0	0	0	0	0	1946	0	634	0	0	0	0	0	0	0	0	0	0	0	0	0	3698	0	0	0	0	0	0	0	0	0	0	0	0	0	0	0	0	0	0	0	0	0	0	0	0	0	486	0	6176	0	3582	0	0	0	4070	0	0	0	0	0	0	0	0	0	0	0	0	0	0	0	0	0	0	0	0	0	0	0	0	0	0	
235792	Temporal_Inf_L	970	0	0	0	0	0	0	0	0	0	420	0	0	0	0	0	636	0	0	0	0	0	0	0	0	0	0	0	4122	0	0	0	0	0	0	0	10808	88	1260	0	790	0	134	0	0	0	314	0	0	0	2484	0	6864	0	20320	0	448	0	0	0	1560	0	1434	0	1622	0	140	0	360	0	0	0	792	0	0	0	1146	78	1170	0	9424	0	5874	0	32986	0	3724	0	0	0	5462	0	402	0	0	0	554	0	1330	0	80	0	100	0	0	0	0	0	0	0	0	0	0	0	0	0	
342316	Temporal_Inf_R	428	2588	124	316	0	0	0	756	0	0	0	2062	0	302	0	0	0	912	0	884	0	0	0	74	0	0	0	0	136	6106	0	0	0	490	358	4548	0	16778	0	8728	0	0	0	3212	0	894	0	1542	0	1124	0	4294	0	11224	0	27858	0	1644	0	152	0	406	0	1168	0	352	0	6194	230	820	0	98	0	9514	0	128	0	76	0	1072	0	8716	0	4650	0	33026	0	4070	0	0	0	2198	0	188	0	0	0	150	0	406	0	0	0	162	0	0	0	0	0	0	0	0	0	0	0	0	
636176	Cerebelum_Crus1_L	132	0	0	0	0	0	0	0	0	0	102	0	0	0	0	0	0	0	0	0	0	0	0	0	0	0	0	0	346	0	0	0	0	0	0	0	2166	0	1326	0	0	0	0	116	0	0	12450	6006	0	0	84	0	1062	1632	28402	3772	102	0	0	0	0	0	0	0	0	0	94	0	0	0	0	0	194	0	0	0	300	0	236	0	542	0	0	0	706	0	0	0	5462	0	0	8062	35458	4974	1122	234	35054	6478	71358	12778	9964	528	15724	1686	1176	712	98	0	466	2500	13502	14136	9658	3264	2208	1716	
479648	Cerebelum_Crus1_R	0	0	0	0	0	0	0	78	0	0	0	0	0	0	0	0	0	0	0	0	0	0	0	0	0	0	0	0	0	0	0	0	0	0	0	0	0	536	0	584	0	0	0	112	0	0	766	3292	0	0	0	0	0	522	508	14948	0	0	0	0	0	0	0	0	0	0	0	0	0	0	0	0	0	268	0	0	0	0	0	0	0	0	0	0	0	0	0	0	0	2198	8062	0	4034	32216	108	3090	4068	19590	11134	53072	192	4656	688	18764	0	1866	0	118	186	3518	11992	14738	14262	3796	3062	2800	
350856	Cerebelum_Crus2_L	0	0	0	0	0	0	0	0	0	0	0	0	0	0	0	0	0	0	0	0	0	0	0	0	0	0	0	0	0	0	0	0	0	0	0	0	0	0	0	0	0	0	0	0	0	0	846	1324	0	0	0	0	0	358	1936	770	0	0	0	0	0	0	0	0	0	0	0	0	0	0	0	0	0	0	0	0	0	0	0	0	0	0	0	0	0	0	0	0	402	0	35458	4034	0	13758	1190	0	5420	1110	11444	5026	27818	3794	26516	874	968	314	270	0	256	1090	2678	6090	15340	4654	852	838	
371448	Cerebelum_Crus2_R	0	0	0	0	0	0	0	0	0	0	0	0	0	0	0	0	0	0	0	0	0	0	0	0	0	0	0	0	0	0	0	0	0	0	0	0	0	0	0	0	0	0	0	0	0	0	104	186	0	0	0	0	0	0	104	1942	0	0	0	0	0	0	0	0	0	0	0	0	0	0	0	0	0	0	0	0	0	0	0	0	0	0	0	0	0	0	0	0	0	188	4974	32216	13758	0	204	1656	1352	2582	2922	11794	7340	21664	3278	34360	298	2488	0	372	252	2642	2558	4354	15650	9942	4424	2120	
53336	Cerebelum_3_L	0	0	0	0	0	0	0	0	0	0	0	0	0	0	0	0	0	0	0	0	0	0	0	0	0	0	0	0	0	0	0	0	0	0	0	0	232	0	246	0	0	0	0	0	0	0	462	0	0	0	0	0	0	0	420	0	0	0	0	0	0	0	0	0	0	0	0	0	0	0	0	0	0	0	0	0	212	0	0	0	0	0	0	0	0	0	0	0	0	0	1122	108	1190	204	0	0	7488	144	1176	196	758	0	2086	440	1998	392	0	0	854	3020	1256	86	224	912	984	458	
70084	Cerebelum_3_R	0	0	0	0	0	0	0	0	0	0	0	0	0	0	0	0	0	0	0	0	0	0	0	0	0	0	0	0	0	0	0	0	0	0	0	0	0	128	0	156	0	0	0	0	0	0	0	86	0	0	0	0	0	0	0	728	0	0	0	0	0	0	0	0	0	0	0	0	0	0	0	0	0	0	0	0	0	0	0	0	0	0	0	0	0	0	0	0	0	0	234	3090	0	1656	0	0	236	6404	226	6098	0	292	106	2560	0	1060	0	80	868	5564	1020	84	692	1980	1610	84	
414236	Cerebelum_4_5_L	184	0	0	0	0	0	0	0	0	0	214	0	0	0	0	0	0	0	0	0	0	0	0	0	0	0	0	0	568	0	0	0	0	0	0	0	1944	0	2692	0	224	0	0	0	0	0	12038	2550	0	0	72	0	316	248	16352	1048	118	0	0	0	0	0	0	0	0	0	82	0	0	0	0	0	300	0	0	0	0	0	0	0	0	0	0	0	0	0	0	0	554	0	35054	4068	5420	1352	7488	236	0	6480	43860	5754	3758	210	9534	2262	6144	1340	0	0	750	4514	17098	3280	744	3474	2992	1802	
331924	Cerebelum_4_5_R	0	0	0	0	0	0	0	0	0	0	0	0	0	0	0	0	0	0	0	0	0	0	0	0	0	0	0	0	0	78	0	0	0	0	0	114	0	1468	0	2346	0	74	0	296	0	0	1902	11512	0	0	0	0	264	724	2030	13320	0	0	0	0	0	0	0	0	0	0	0	350	0	0	0	0	0	258	0	0	0	0	0	0	0	0	0	0	0	0	0	0	0	150	6478	19590	1110	2582	144	6404	6480	0	8900	36338	214	394	696	3334	102	1080	0	0	190	4582	22266	6214	1358	1162	1074	384	
646044	Cerebelum_6_L	232	0	0	0	0	0	0	0	0	0	226	0	0	0	0	0	0	0	0	0	0	0	0	0	0	0	0	0	572	0	0	0	0	0	0	0	2022	0	2226	0	0	0	150	396	0	0	20054	10696	0	0	254	146	1062	1838	33206	4742	144	0	0	0	0	0	0	0	0	0	270	0	0	0	0	0	332	0	0	0	216	0	0	0	118	0	0	0	94	0	0	0	1330	0	71358	11134	11444	2922	1176	226	43860	8900	0	17728	5236	154	6712	1580	1116	734	162	0	446	2362	18392	21880	9050	2524	2146	1454	
569564	Cerebelum_6_R	0	0	0	0	0	0	0	0	0	0	0	0	0	0	0	0	0	0	0	0	0	0	0	0	0	0	0	0	0	0	0	0	0	0	0	0	0	884	0	1172	0	0	0	976	0	0	1650	12904	0	0	0	320	0	3596	938	25832	0	0	0	0	0	0	0	0	0	0	0	248	0	0	0	0	0	214	0	0	0	0	0	0	0	0	0	0	0	0	0	0	0	406	12778	53072	5026	11794	196	6098	5754	36338	17728	0	274	1704	962	8524	88	1932	0	274	310	4870	19436	23182	13504	4360	3932	3506	
237328	Cerebelum_7b_L	0	0	0	0	0	0	0	0	0	0	0	0	0	0	0	0	0	0	0	0	0	0	0	0	0	0	0	0	0	0	0	0	0	0	0	0	0	0	0	0	0	0	0	0	0	0	102	0	0	0	0	0	0	0	1452	0	0	0	0	0	0	0	0	0	0	0	0	0	0	0	0	0	0	0	0	0	0	0	0	0	0	0	0	0	0	0	0	0	80	0	9964	192	27818	7340	758	0	3758	214	5236	274	0	3864	35122	1308	3738	696	858	0	178	636	1010	86	6766	5680	960	574	
160344	Cerebelum_7b_R	0	0	0	0	0	0	0	0	0	0	0	0	0	0	0	0	0	0	0	0	0	0	0	0	0	0	0	0	0	0	0	0	0	0	0	0	0	0	0	0	0	0	0	0	0	0	0	0	0	0	0	0	0	0	0	436	0	0	0	0	0	0	0	0	0	0	0	0	0	0	0	0	0	0	0	0	0	0	0	0	0	0	0	0	0	0	0	0	0	0	528	4656	3794	21664	0	292	210	394	154	1704	3864	0	1732	26156	0	4402	0	0	92	490	466	0	2824	4882	1234	198	
340544	Cerebelum_8_L	0	0	0	0	0	0	0	0	0	0	0	0	0	0	0	0	0	0	0	0	0	0	0	0	0	0	0	0	0	0	0	0	0	0	0	0	0	0	248	0	0	0	0	0	0	0	88	0	0	0	0	0	0	0	2090	0	0	0	0	0	0	0	0	0	0	0	0	0	0	0	0	0	0	0	0	0	0	0	0	0	0	0	0	0	0	0	0	0	100	0	15724	688	26516	3278	2086	106	9534	696	6712	962	35122	1732	0	3208	25102	4260	3676	0	448	1610	2908	396	4724	9622	5528	3108	
336792	Cerebelum_8_R	0	0	0	0	0	0	0	0	0	0	0	0	0	0	0	0	0	0	0	0	0	0	0	0	0	0	0	0	0	0	0	0	0	0	0	0	0	0	0	0	0	0	0	0	0	0	0	0	0	0	0	0	0	0	112	2400	0	0	0	0	0	0	0	0	0	0	0	0	0	0	0	0	0	0	0	0	0	0	0	0	0	0	0	0	0	0	0	0	0	162	1686	18764	874	34360	440	2560	2262	3334	1580	8524	1308	26156	3208	0	1512	23442	0	1838	1386	4362	3148	394	1960	11886	8966	1772	
126016	Cerebelum_9_L	0	0	0	0	0	0	0	0	0	0	0	0	0	0	0	0	0	0	0	0	0	0	0	0	0	0	0	0	0	0	0	0	0	0	0	0	0	0	222	0	0	0	0	0	0	0	0	0	0	0	0	0	0	0	566	0	0	0	0	0	0	0	0	0	0	0	0	0	0	0	0	0	0	0	0	0	0	0	0	0	0	0	0	0	0	0	0	0	0	0	1176	0	968	298	1998	0	6144	102	1116	88	3738	0	25102	1512	0	3984	4138	0	150	430	422	134	688	2542	4604	2886	
176384	Cerebelum_9_R	0	0	0	0	0	0	0	0	0	0	0	0	0	0	0	0	0	0	0	0	0	0	0	0	0	0	0	0	0	0	0	0	0	0	0	0	0	0	0	0	0	0	0	0	0	0	0	0	0	0	0	0	0	0	100	74	0	0	0	0	0	0	0	0	0	0	0	0	0	0	0	0	0	0	0	0	0	0	0	0	0	0	0	0	0	0	0	0	0	0	712	1866	314	2488	392	1060	1340	1080	734	1932	696	4402	4260	23442	3984	0	76	2658	1172	1604	760	2132	2254	10092	12336	6232	
18704	Cerebelum_10_L	0	0	0	0	0	0	0	0	0	0	0	0	0	0	0	0	0	0	0	0	0	0	0	0	0	0	0	0	0	0	0	0	0	0	0	0	0	0	0	0	0	0	0	0	0	0	0	0	0	0	0	0	0	0	0	0	0	0	0	0	0	0	0	0	0	0	0	0	0	0	0	0	0	0	0	0	0	0	0	0	0	0	0	0	0	0	0	0	0	0	98	0	270	0	0	0	0	0	162	0	858	0	3676	0	4138	76	0	0	0	0	0	0	0	74	0	0	
14256	Cerebelum_10_R	0	0	0	0	0	0	0	0	0	0	0	0	0	0	0	0	0	0	0	0	0	0	0	0	0	0	0	0	0	0	0	0	0	0	0	0	0	0	0	0	0	0	0	0	0	0	0	0	0	0	0	0	0	0	0	0	0	0	0	0	0	0	0	0	0	0	0	0	0	0	0	0	0	0	0	0	0	0	0	0	0	0	0	0	0	0	0	0	0	0	0	118	0	372	0	80	0	0	0	274	0	0	0	1838	0	2658	0	0	0	78	84	0	0	802	824	0	
38048	Vermis_1_2	0	0	0	0	0	0	0	0	0	0	0	0	0	0	0	0	0	0	0	0	0	0	0	0	0	0	0	0	0	0	0	0	0	0	0	0	0	0	0	0	0	0	0	0	0	0	0	0	0	0	0	0	0	0	0	0	0	0	0	0	0	0	0	0	0	0	0	0	0	0	0	0	0	0	0	0	0	0	0	0	0	0	0	0	0	0	0	0	0	0	466	186	256	252	854	868	750	190	446	310	178	92	448	1386	150	1172	0	0	0	5708	1210	248	132	1570	1644	508	
139792	Vermis_3	202	0	0	0	0	0	0	0	0	0	0	0	0	0	0	0	0	0	0	0	0	0	0	0	0	0	0	0	188	0	0	0	0	0	0	0	500	0	528	0	0	0	0	0	0	0	184	194	0	0	0	0	0	0	400	202	0	0	0	0	0	0	0	0	0	0	0	0	0	0	0	0	112	0	0	0	760	0	0	0	0	0	0	0	0	0	0	0	0	0	2500	3518	1090	2642	3020	5564	4514	4582	2362	4870	636	490	1610	4362	430	1604	0	78	5708	0	6552	420	1076	4322	3766	910	
