data	data	475176	395496	785920	698884	172356	118024	340476	235176	61508	49492	186148	238384	194576	166776	207680	169532	234188	177788	686460	657772	106780	133144	204160	202744	27612	69420	94084	87604	591824	534172	259868	338264	201416	593988	213316	210716	337368	389440	121816	250276	59844	100472	301364	365040	289356	472692	311944	431316	207644	608300	588092	364152	226900	225752	482736	491180	304028	410124	124196	135392	204516	123588	142064	109732	143952	164272	361440	663964	115364	354212	269216	498096	291812	423292	47136	29184	194896	158768	75008	40316	254832	210388	96620	112372	289036	371464	20740	38688	269628	236064	387988	421764	254580	329304	43852	39296	274828	242572	447516	421856	195600	235188	278432	345176	143184	147052	20764	14372	13208	41368	218736	238112	224728	111256	116072	45172	
data	data	Precentral_L	Precentral_R	Frontal_Sup_L	Frontal_Sup_R	Frontal_Sup_Orb_L	Frontal_Sup_Orb_R	Frontal_Mid_L	Frontal_Mid_R	Frontal_Mid_Orb_L	Frontal_Mid_Orb_R	Frontal_Inf_Oper_L	Frontal_Inf_Oper_R	Frontal_Inf_Tri_L	Frontal_Inf_Tri_R	Frontal_Inf_Orb_L	Frontal_Inf_Orb_R	Rolandic_Oper_L	Rolandic_Oper_R	Supp_Motor_Area_L	Supp_Motor_Area_R	Olfactory_L	Olfactory_R	Frontal_Sup_Medial_L	Frontal_Sup_Medial_R	Frontal_Med_Orb_L	Frontal_Med_Orb_R	Rectus_L	Rectus_R	Insula_L	Insula_R	Cingulum_Ant_L	Cingulum_Ant_R	Cingulum_Mid_L	Cingulum_Mid_R	Cingulum_Post_L	Cingulum_Post_R	Hippocampus_L	Hippocampus_R	ParaHippocampal_L	ParaHippocampal_R	Amygdala_L	Amygdala_R	Calcarine_L	Calcarine_R	Cuneus_L	Cuneus_R	Lingual_L	Lingual_R	Occipital_Sup_L	Occipital_Sup_R	Occipital_Mid_L	Occipital_Mid_R	Occipital_Inf_L	Occipital_Inf_R	Fusiform_L	Fusiform_R	Postcentral_L	Postcentral_R	Parietal_Sup_L	Parietal_Sup_R	Parietal_Inf_L	Parietal_Inf_R	SupraMarginal_L	SupraMarginal_R	Angular_L	Angular_R	Precuneus_L	Precuneus_R	Paracentral_Lobule_L	Paracentral_Lobule_R	Caudate_L	Caudate_R	Putamen_L	Putamen_R	Pallidum_L	Pallidum_R	Thalamus_L	Thalamus_R	Heschl_L	Heschl_R	Temporal_Sup_L	Temporal_Sup_R	Temporal_Pole_Sup_L	Temporal_Pole_Sup_R	Temporal_Mid_L	Temporal_Mid_R	Temporal_Pole_Mid_L	Temporal_Pole_Mid_R	Temporal_Inf_L	Temporal_Inf_R	Cerebelum_Crus1_L	Cerebelum_Crus1_R	Cerebelum_Crus2_L	Cerebelum_Crus2_R	Cerebelum_3_L	Cerebelum_3_R	Cerebelum_4_5_L	Cerebelum_4_5_R	Cerebelum_6_L	Cerebelum_6_R	Cerebelum_7b_L	Cerebelum_7b_R	Cerebelum_8_L	Cerebelum_8_R	Cerebelum_9_L	Cerebelum_9_R	Cerebelum_10_L	Cerebelum_10_R	Vermis_1_2	Vermis_3	Vermis_4_5	Vermis_6	Vermis_7	Vermis_8	Vermis_9	Vermis_10	
475176	Precentral_L	0	6056	22430	1518	0	0	25978	262	0	0	16998	120	280	0	0	0	6488	1182	17438	6572	0	0	0	0	0	0	0	0	11928	394	150	0	3694	4592	4476	1412	4110	554	590	98	0	0	688	0	1882	364	220	400	1190	144	4950	0	1166	150	1258	182	23346	1552	1910	0	9682	0	10870	154	678	0	4264	1326	7258	3118	3252	670	3326	192	608	0	3392	478	2700	128	5104	0	158	0	852	164	0	0	2094	280	118	0	0	0	0	0	0	0	0	0	0	0	0	0	0	0	0	0	0	0	0	0	0	0	0	0	
395496	Precentral_R	6056	0	8214	10174	0	0	4778	7066	0	0	530	6582	224	0	114	0	1904	2234	7018	3128	0	0	0	0	0	0	0	0	3224	3940	0	0	0	4324	146	2118	736	3700	112	0	0	0	0	1852	0	12404	0	2048	0	14488	0	3186	0	1292	0	930	1772	24348	0	1162	0	1376	0	2256	0	1082	0	18424	0	7120	2670	1596	2652	1792	1470	224	2214	4570	100	314	248	804	186	0	0	6624	0	0	0	2222	0	0	0	0	0	0	0	0	0	0	0	0	0	0	0	0	0	0	0	0	0	0	0	0	0	0	
785920	Frontal_Sup_L	22430	8214	0	11936	9478	0	43950	6042	1292	0	5482	1538	9220	240	6518	242	7192	1604	96154	17542	164	0	21002	124	210	0	994	0	20330	1768	7226	1716	6648	5102	3664	930	4548	3998	674	322	380	0	122	0	296	0	310	492	366	148	346	0	174	0	560	410	4410	706	0	0	172	154	1036	398	0	174	1670	338	2658	2110	4374	3532	14138	1550	3476	170	9306	3970	996	230	2332	540	680	264	108	340	0	0	364	666	0	0	0	0	0	0	0	0	0	0	0	0	0	0	0	0	0	0	0	0	0	0	0	0	0	0	
698884	Frontal_Sup_R	1518	10174	11936	0	0	2524	1036	27792	0	320	236	13320	660	9536	102	4814	344	10136	18138	44998	0	122	10138	28692	116	1900	0	448	1742	23590	7554	27508	654	26064	0	0	372	2044	0	1316	0	484	0	0	0	250	0	0	0	374	0	0	0	0	0	1030	824	630	0	0	0	0	0	106	0	0	0	406	0	146	454	23678	904	15556	214	326	870	7556	0	526	114	2378	0	1884	0	300	0	0	0	104	0	106	0	0	0	0	0	270	0	108	0	0	0	0	0	0	0	0	0	0	0	0	0	0	0	0	
172356	Frontal_Sup_Orb_L	0	0	9478	0	0	242	594	0	8982	0	0	0	2216	0	17360	240	0	0	0	0	4372	2120	1158	0	2054	134	8256	424	10164	104	3048	666	0	0	0	0	246	0	240	0	472	320	0	0	0	0	0	0	0	0	0	0	0	0	0	0	0	0	0	0	0	0	0	0	0	0	0	0	0	0	3962	1988	4622	690	0	0	0	0	0	0	0	0	1734	0	0	0	292	0	0	0	0	0	0	0	0	0	0	0	0	0	0	0	0	0	0	0	0	0	0	0	0	0	0	0	0	0	
118024	Frontal_Sup_Orb_R	0	0	0	2524	242	0	0	958	0	9622	0	0	0	0	208	8446	0	0	0	0	798	2688	102	2344	1362	6774	1310	8488	0	570	1106	2944	0	0	0	0	0	0	0	1056	0	188	0	0	0	0	0	0	0	0	0	0	0	0	0	0	0	0	0	0	0	0	0	0	0	0	0	0	0	0	450	3450	0	2588	0	0	0	0	0	0	0	0	0	794	0	0	0	0	0	0	0	0	0	0	0	0	0	0	0	0	0	0	0	0	0	0	0	0	0	0	0	0	0	0	0	0	
340476	Frontal_Mid_L	25978	4778	43950	1036	594	0	0	336	850	0	3404	242	18350	0	3594	0	1148	2066	9142	2646	0	0	8026	0	0	0	0	0	10130	674	2274	0	2450	936	1290	118	1898	418	190	0	0	0	0	0	0	0	0	152	0	0	158	0	0	0	0	0	2580	1598	0	0	0	0	0	278	0	0	666	0	1076	450	6734	1158	3400	394	416	0	2146	932	702	142	178	156	202	0	0	0	0	0	0	202	0	0	0	0	0	0	0	0	0	0	0	0	0	0	0	0	0	0	0	0	0	0	0	0	0	0	
235176	Frontal_Mid_R	262	7066	6042	27792	0	958	336	0	0	1132	0	9470	230	8940	0	4272	106	3488	6494	3040	0	0	600	1418	0	0	0	0	356	10204	390	1546	0	2716	0	0	0	990	0	452	0	206	0	0	0	0	0	0	0	276	0	146	0	0	0	368	0	516	0	192	0	574	0	1154	0	298	0	152	0	104	134	7504	0	5834	0	0	0	0	0	274	0	792	0	192	0	216	0	0	0	228	0	0	0	0	0	0	0	128	0	0	0	0	0	0	0	0	0	0	0	0	0	0	0	0	0	0	
61508	Frontal_Mid_Orb_L	0	0	1292	0	8982	0	850	0	0	0	0	0	1582	0	12020	0	0	0	0	0	264	0	172	0	146	0	1224	0	1744	0	132	0	0	0	0	0	0	0	0	0	0	0	0	0	0	0	0	0	0	0	0	0	0	0	0	0	0	0	0	0	0	0	0	0	0	0	0	0	0	0	160	0	1408	0	0	0	0	0	0	0	0	0	670	0	0	0	108	0	0	0	0	0	0	0	0	0	0	0	0	0	0	0	0	0	0	0	0	0	0	0	0	0	0	0	0	0	
49492	Frontal_Mid_Orb_R	0	0	0	320	0	9622	0	1132	0	0	0	0	0	110	0	7678	0	0	0	0	0	112	0	0	0	890	116	2054	0	476	0	118	0	0	0	0	0	0	0	0	0	102	0	0	0	0	0	0	0	0	0	0	0	0	0	0	0	0	0	0	0	0	0	0	0	0	0	0	0	0	0	798	0	1218	0	0	0	0	0	0	0	0	0	0	0	0	0	0	0	0	0	0	0	0	0	0	0	0	0	0	0	0	0	0	0	0	0	0	0	0	0	0	0	0	0	0	
186148	Frontal_Inf_Oper_L	16998	530	5482	236	0	0	3404	0	0	0	0	0	5240	0	348	0	8084	206	5100	594	0	0	344	0	0	0	0	0	16968	0	754	0	2202	186	0	0	806	168	198	0	0	0	0	0	0	0	0	0	0	0	1116	0	206	0	362	0	2334	406	258	0	4470	0	4212	0	284	0	620	0	158	0	2162	660	1066	274	0	0	140	0	1082	0	1802	0	2596	0	244	0	0	0	774	0	0	0	0	0	0	0	0	0	0	0	0	0	0	0	0	0	0	0	0	0	0	0	0	0	0	0	
238384	Frontal_Inf_Oper_R	120	6582	1538	13320	0	0	242	9470	0	0	0	0	1090	8092	0	742	178	5544	3120	6902	0	0	268	508	0	0	0	0	1274	22194	2160	3936	0	5198	0	0	0	1886	0	1026	0	120	0	0	0	0	0	102	0	350	0	204	0	0	0	906	0	756	0	228	0	654	0	1260	0	342	0	154	0	106	236	7544	0	6978	0	202	0	170	0	134	0	720	0	2228	0	132	0	0	0	276	0	0	0	0	0	0	0	0	0	0	0	0	0	0	0	0	0	0	0	0	0	0	0	0	0	0	
194576	Frontal_Inf_Tri_L	280	224	9220	660	2216	0	18350	230	1582	0	5240	1090	0	250	12018	242	1112	98	1752	410	0	0	1340	0	0	0	284	0	24660	1154	2304	0	958	0	0	0	0	0	0	0	0	0	0	0	0	0	0	0	0	0	0	0	0	0	0	0	126	140	0	0	0	0	0	0	0	0	0	0	0	0	4464	3902	2524	278	0	0	0	0	0	0	0	0	180	0	0	0	0	0	0	0	0	0	0	0	0	0	0	0	0	0	0	0	0	0	0	0	0	0	0	0	0	0	0	0	0	0	
166776	Frontal_Inf_Tri_R	0	0	240	9536	0	0	0	8940	0	110	0	8092	250	0	0	7434	0	362	1278	5546	0	0	1722	2832	0	0	0	0	266	19480	804	2638	260	6970	0	0	0	316	0	166	0	0	0	0	0	0	0	0	0	0	0	0	0	0	0	0	0	0	0	0	0	0	0	0	0	0	0	0	0	0	0	4032	0	1850	0	0	0	0	0	0	0	0	0	264	0	0	0	0	0	0	0	0	0	0	0	0	0	0	0	0	0	0	0	0	0	0	0	0	0	0	0	0	0	0	0	0	
207680	Frontal_Inf_Orb_L	0	114	6518	102	17360	208	3594	0	12020	0	348	0	12018	0	0	230	0	0	272	0	4846	2008	1100	0	486	0	5272	336	15884	98	2488	534	156	0	0	0	0	0	180	0	436	250	0	0	0	0	0	0	0	0	0	0	0	0	0	0	0	0	0	0	0	0	0	0	0	0	0	0	0	0	5750	2104	4936	560	0	0	0	0	0	0	0	0	3202	0	0	0	430	0	0	0	0	0	0	0	0	0	0	0	0	0	0	0	0	0	0	0	0	0	0	0	0	0	0	0	0	0	
169532	Frontal_Inf_Orb_R	0	0	242	4814	240	8446	0	4272	0	7678	0	742	242	7434	230	0	0	0	398	1104	856	4296	148	346	0	322	672	3792	262	12640	802	1826	0	872	0	0	0	216	0	1914	0	588	0	0	0	0	0	0	0	0	0	0	0	0	0	0	0	0	0	0	0	0	0	0	0	0	0	0	0	0	516	8844	0	7838	0	0	0	0	0	0	0	0	0	2174	0	0	0	0	0	0	0	0	0	0	0	0	0	0	0	0	0	0	0	0	0	0	0	0	0	0	0	0	0	0	0	0	
234188	Rolandic_Oper_L	6488	1904	7192	344	0	0	1148	106	0	0	8084	178	1112	0	0	0	0	100	7256	634	0	0	180	0	0	0	0	0	25448	188	610	0	1406	110	0	0	1238	120	132	0	0	0	126	0	0	0	0	0	142	0	2306	0	518	0	690	0	11116	352	414	0	860	258	3728	522	660	224	1020	0	0	0	1550	804	1134	222	128	0	0	152	4332	0	14546	0	3422	0	2614	0	0	0	1276	0	0	0	0	0	0	0	0	0	0	0	0	0	0	0	0	0	0	0	0	0	0	0	0	0	0	0	
177788	Rolandic_Oper_R	1182	2234	1604	10136	0	0	2066	3488	0	0	206	5544	98	362	0	0	100	0	2212	5080	0	0	0	0	0	0	0	0	282	19634	0	100	0	1406	0	0	0	1434	0	152	0	0	0	0	0	0	0	0	0	212	0	118	0	0	0	154	0	2626	0	0	0	0	0	3976	0	162	0	0	0	0	126	2170	0	4530	0	394	0	776	0	3800	0	7856	0	3624	0	606	0	0	0	444	0	0	0	0	0	0	0	0	0	0	0	0	0	0	0	0	0	0	0	0	0	0	0	0	0	0	
686460	Supp_Motor_Area_L	17438	7018	96154	18138	0	0	9142	6494	0	0	5100	3120	1752	1278	272	398	7256	2212	0	34914	0	0	1670	488	0	0	0	0	10026	4256	3148	3758	14954	18100	6230	1264	3388	3942	520	292	116	0	428	0	1166	0	330	352	336	158	360	0	182	0	596	420	3510	646	0	0	156	150	1032	382	0	160	2454	486	5540	2044	2338	3520	9806	1758	3392	150	7704	4306	788	208	2264	628	554	634	104	334	0	0	346	670	0	0	0	0	0	0	0	0	0	0	0	0	0	0	0	0	0	0	0	0	0	0	0	0	0	0	
657772	Supp_Motor_Area_R	6572	3128	17542	44998	0	0	2646	3040	0	0	594	6902	410	5546	0	1104	634	5080	34914	0	0	0	1262	3652	0	0	0	0	1880	12750	2176	10102	2954	56716	2288	5692	946	1898	0	680	0	0	0	188	0	1736	154	756	0	6722	0	854	0	700	0	476	2362	2644	0	0	0	212	0	166	0	804	376	8736	2216	25942	1994	9154	1502	3732	356	322	3780	6644	236	0	162	2154	212	1260	0	4564	0	0	0	1358	0	0	0	0	0	0	0	306	0	0	0	0	0	0	0	0	0	0	0	0	0	0	0	0	0	0	
106780	Olfactory_L	0	0	164	0	4372	798	0	0	264	0	0	0	0	0	4846	856	0	0	0	0	0	7620	0	0	332	0	5142	1174	2496	142	2682	1256	0	0	0	0	0	0	488	194	982	520	0	0	0	0	0	0	0	0	0	0	0	0	0	0	0	0	0	0	0	0	0	0	0	0	0	0	0	0	8790	6172	2256	1292	0	0	0	0	0	0	0	0	552	0	0	0	0	0	0	0	0	0	0	0	0	0	0	0	0	0	0	0	0	0	0	0	0	0	0	0	0	0	0	0	0	0	
133144	Olfactory_R	0	0	0	122	2120	2688	0	0	0	112	0	0	0	0	2008	4296	0	0	0	0	7620	0	0	0	136	602	3592	4202	242	1706	3690	3054	0	0	0	0	0	0	250	1540	418	1428	0	0	0	0	0	0	0	0	0	0	0	0	0	0	0	0	0	0	0	0	0	0	0	0	0	0	0	0	8194	9924	2794	5114	0	0	0	0	0	0	0	0	0	720	0	0	0	0	0	0	0	0	0	0	0	0	0	0	0	0	0	0	0	0	0	0	0	0	0	0	0	0	0	0	0	0	
204160	Frontal_Sup_Medial_L	0	0	21002	10138	1158	102	8026	600	172	0	344	268	1340	1722	1100	148	180	0	1670	1262	0	0	0	11940	960	436	280	0	2426	1882	12026	7774	4706	8124	0	0	0	0	0	0	0	0	0	0	0	0	0	0	0	0	0	0	0	0	0	0	0	0	0	0	0	0	0	0	0	0	0	0	0	0	260	1066	530	438	0	0	0	0	0	0	0	0	0	0	0	0	0	0	0	0	0	0	0	0	0	0	0	0	0	0	0	0	0	0	0	0	0	0	0	0	0	0	0	0	0	0	
202744	Frontal_Sup_Medial_R	0	0	124	28692	0	2344	0	1418	0	0	0	508	0	2832	0	346	0	0	488	3652	0	0	11940	0	348	4584	0	1344	0	3352	5366	15586	0	9758	0	0	0	0	0	0	0	0	0	0	0	0	0	0	0	0	0	0	0	0	0	0	0	0	0	0	0	0	0	0	0	0	0	0	0	0	0	5112	0	3578	0	0	0	0	0	0	0	0	0	0	0	0	0	0	0	0	0	0	0	0	0	0	0	0	0	0	0	0	0	0	0	0	0	0	0	0	0	0	0	0	0	0	
27612	Frontal_Med_Orb_L	0	0	210	116	2054	1362	0	0	146	0	0	0	0	0	486	0	0	0	0	0	332	136	960	348	0	1838	1850	326	184	0	2452	336	0	0	0	0	0	0	0	0	0	0	0	0	0	0	0	0	0	0	0	0	0	0	0	0	0	0	0	0	0	0	0	0	0	0	0	0	0	0	286	132	252	0	0	0	0	0	0	0	0	0	0	0	0	0	0	0	0	0	0	0	0	0	0	0	0	0	0	0	0	0	0	0	0	0	0	0	0	0	0	0	0	0	0	0	
69420	Frontal_Med_Orb_R	0	0	0	1900	134	6774	0	0	0	890	0	0	0	0	0	322	0	0	0	0	0	602	436	4584	1838	0	848	6398	0	0	1486	4970	0	0	0	0	0	0	0	0	0	0	0	0	0	0	0	0	0	0	0	0	0	0	0	0	0	0	0	0	0	0	0	0	0	0	0	0	0	0	0	2760	0	768	0	0	0	0	0	0	0	0	0	0	0	0	0	0	0	0	0	0	0	0	0	0	0	0	0	0	0	0	0	0	0	0	0	0	0	0	0	0	0	0	0	0	
94084	Rectus_L	0	0	994	0	8256	1310	0	0	1224	116	0	0	284	0	5272	672	0	0	0	0	5142	3592	280	0	1850	848	0	1912	1144	0	3302	646	0	0	0	0	0	0	230	146	410	230	0	0	0	0	0	0	0	0	0	0	0	0	0	0	0	0	0	0	0	0	0	0	0	0	0	0	0	0	4184	2920	1322	576	0	0	0	0	0	0	0	0	180	0	0	0	0	0	0	0	0	0	0	0	0	0	0	0	0	0	0	0	0	0	0	0	0	0	0	0	0	0	0	0	0	0	
87604	Rectus_R	0	0	0	448	424	8488	0	0	0	2054	0	0	0	0	336	3792	0	0	0	0	1174	4202	0	1344	326	6398	1912	0	0	312	970	3164	0	0	0	0	0	0	0	1196	0	0	0	0	0	0	0	0	0	0	0	0	0	0	0	0	0	0	0	0	0	0	0	0	0	0	0	0	0	0	762	3712	0	2292	0	0	0	0	0	0	0	0	0	496	0	0	0	0	0	0	0	0	0	0	0	0	0	0	0	0	0	0	0	0	0	0	0	0	0	0	0	0	0	0	0	0	
591824	Insula_L	11928	3224	20330	1742	10164	0	10130	356	1744	0	16968	1274	24660	266	15884	262	25448	282	10026	1880	2496	242	2426	0	184	0	1144	0	0	1364	4600	134	3582	190	406	0	15704	324	4100	0	4998	0	348	0	0	0	466	0	106	0	4140	0	1904	0	5662	0	7244	846	252	0	1510	422	1970	878	404	292	1346	104	194	150	10874	5770	14800	684	158	110	514	506	9046	0	11556	0	5178	0	2410	0	348	0	6940	0	318	0	0	0	0	0	0	0	0	0	0	0	0	0	0	0	0	0	0	0	0	0	0	0	0	0	
534172	Insula_R	394	3940	1768	23590	104	570	674	10204	0	476	0	22194	1154	19480	98	12640	188	19634	4256	12750	142	1706	1882	3352	0	0	0	312	1364	0	2928	6574	280	9608	0	144	0	8980	0	2654	0	3972	0	0	0	106	0	0	0	264	0	118	0	0	0	2586	0	874	0	0	0	0	0	594	0	98	0	238	0	308	432	15046	222	28074	0	360	122	1948	0	5238	0	13596	0	6646	0	7450	0	0	0	4540	0	0	0	0	0	0	0	214	0	0	0	0	0	0	0	0	0	0	0	0	0	0	0	0	0	0	
259868	Cingulum_Ant_L	150	0	7226	7554	3048	1106	2274	390	132	0	754	2160	2304	804	2488	802	610	0	3148	2176	2682	3690	12026	5366	2452	1486	3302	970	4600	2928	0	17454	6462	2608	0	0	0	134	0	158	0	812	0	0	0	0	0	0	0	0	0	0	0	0	0	0	134	0	0	0	0	0	0	0	0	0	0	0	0	0	5222	9462	5344	4562	0	322	0	0	190	0	146	0	296	0	0	0	0	0	0	0	0	0	0	0	0	0	0	0	0	0	0	0	0	0	0	0	0	0	0	0	0	0	0	0	0	0	
338264	Cingulum_Ant_R	0	0	1716	27508	666	2944	0	1546	0	118	0	3936	0	2638	534	1826	0	100	3758	10102	1256	3054	7774	15586	336	4970	646	3164	134	6574	17454	0	1018	17716	0	0	0	102	0	202	0	720	0	0	0	0	0	0	0	0	0	0	0	0	0	0	0	0	0	0	0	0	0	0	0	0	0	0	0	0	1158	19054	734	10088	0	0	0	0	0	0	0	0	0	0	0	0	0	0	0	0	0	0	0	0	0	0	0	0	0	0	0	0	0	0	0	0	0	0	0	0	0	0	0	0	0	0	
201416	Cingulum_Mid_L	3694	0	6648	654	0	0	2450	0	0	0	2202	0	958	260	156	0	1406	0	14954	2954	0	0	4706	0	0	0	0	0	3582	280	6462	1018	0	9782	10834	586	502	292	0	0	0	0	698	0	2174	654	106	0	508	290	886	232	0	0	0	0	1018	196	520	0	124	0	0	0	108	0	6668	1780	7988	794	104	0	150	0	0	0	0	178	116	0	550	0	382	0	104	0	0	0	0	0	0	0	0	0	0	0	0	0	0	0	0	0	0	0	0	0	0	0	0	0	0	0	0	0	0	0	
593988	Cingulum_Mid_R	4592	4324	5102	26064	0	0	936	2716	0	0	186	5198	0	6970	0	872	110	1406	18100	56716	0	0	8124	9758	0	0	0	0	190	9608	2608	17716	9782	0	3094	12712	326	1126	0	496	0	0	0	606	0	5546	116	1792	0	6414	0	1628	0	1482	0	1014	1514	6280	0	212	0	118	0	0	0	396	2036	17368	1810	25400	1180	2916	208	748	0	0	2882	108	0	0	0	646	0	554	0	3536	0	0	0	1354	0	0	0	0	0	0	0	298	0	0	0	0	0	0	0	0	0	0	0	0	0	0	0	0	0	0	
213316	Cingulum_Post_L	4476	146	3664	0	0	0	1290	0	0	0	0	0	0	0	0	0	0	0	6230	2288	0	0	0	0	0	0	0	0	406	0	0	0	10834	3094	0	9550	8092	3078	136	1656	0	0	4078	0	2924	224	1482	1722	398	0	898	0	124	0	230	114	334	0	162	0	118	0	0	0	110	0	12898	2580	9592	2094	732	0	1648	114	0	0	7568	360	0	0	310	0	0	0	0	0	0	0	196	0	0	0	0	0	0	0	0	708	0	0	0	0	0	0	0	0	0	0	0	0	0	0	0	0	0	0	
210716	Cingulum_Post_R	1412	2118	930	0	0	0	118	0	0	0	0	0	0	0	0	0	0	0	1264	5692	0	0	0	0	0	0	0	0	0	144	0	0	586	12712	9550	0	2078	5742	0	2548	0	0	0	1790	136	3590	0	5300	0	1874	100	1168	0	482	0	312	536	4216	0	256	0	0	0	0	0	0	2746	16304	516	8304	1720	0	0	134	0	0	7342	1266	0	0	0	0	0	0	0	266	0	0	0	752	0	0	0	0	0	0	0	1144	0	0	0	0	0	0	0	0	0	0	0	0	210	0	0	0	0	0	
337368	Hippocampus_L	4110	736	4548	372	246	0	1898	0	0	0	806	0	0	0	0	0	1238	0	3388	946	0	0	0	0	0	0	0	0	15704	0	0	0	502	326	8092	2078	0	1146	15430	460	8636	0	5152	0	2224	0	5250	740	136	0	6610	0	2460	0	18072	0	1208	0	124	0	108	0	124	0	116	0	9858	592	1002	322	778	288	11142	0	1492	0	5206	278	3454	0	4538	0	350	0	3624	0	130	0	10440	0	1012	0	0	0	444	0	390	106	252	0	0	0	0	0	0	0	0	0	0	0	0	0	0	0	0	0	
389440	Hippocampus_R	554	3700	3998	2044	0	0	418	990	0	0	168	1886	0	316	0	216	120	1434	3942	1898	0	0	0	0	0	0	0	0	324	8980	134	102	292	1126	3078	5742	1146	0	0	33052	0	12354	0	400	0	214	0	6180	0	1030	0	220	0	252	0	26522	0	638	0	0	0	0	0	1638	0	266	0	3528	0	1882	1120	1986	108	16972	0	2062	4368	8840	0	594	0	7218	0	940	0	5474	0	0	0	8778	0	610	0	0	0	0	0	4042	0	824	0	0	0	0	0	0	0	0	0	0	0	0	0	0	0	0	
121816	ParaHippocampal_L	590	112	674	0	240	0	190	0	0	0	198	0	0	0	180	0	132	0	520	0	488	250	0	0	0	0	230	0	4100	0	0	0	0	0	136	0	15430	0	0	0	3336	0	674	0	242	0	5150	0	0	0	1292	0	1458	0	10762	0	188	0	0	0	0	0	0	0	0	0	1036	0	0	0	640	230	4750	0	1542	0	446	0	0	0	1124	0	302	0	310	0	0	0	2412	0	360	0	0	0	438	0	432	0	314	0	0	0	0	0	0	0	0	0	0	0	0	0	0	0	0	0	
250276	ParaHippocampal_R	98	0	322	1316	0	1056	0	452	0	0	0	1026	0	166	0	1914	0	152	292	680	194	1540	0	0	0	0	146	1196	0	2654	158	202	0	496	1656	2548	460	33052	0	0	0	9144	0	292	0	0	0	6306	0	0	0	0	0	196	0	22024	0	0	0	0	0	0	0	0	0	0	0	1082	0	462	666	1198	0	11014	0	1784	2410	2510	0	0	0	364	0	2402	0	246	0	1052	0	3042	0	898	0	0	0	110	0	4952	0	1208	0	0	0	0	0	0	0	0	0	0	0	0	0	0	0	0	
59844	Amygdala_L	0	0	380	0	472	0	0	0	0	0	0	0	0	0	436	0	0	0	116	0	982	418	0	0	0	0	410	0	4998	0	0	0	0	0	0	0	8636	0	3336	0	0	0	0	0	0	0	0	0	0	0	0	0	0	0	4554	0	0	0	0	0	0	0	0	0	0	0	0	0	0	0	528	376	1482	0	0	0	0	0	0	0	0	0	714	0	114	0	150	0	1820	0	0	0	0	0	0	0	0	0	0	0	0	0	0	0	0	0	0	0	0	0	0	0	0	0	0	0	
100472	Amygdala_R	0	0	0	484	320	188	0	206	0	102	0	120	0	0	250	588	0	0	0	0	520	1428	0	0	0	0	230	0	0	3972	812	720	0	0	0	0	0	12354	0	9144	0	0	0	0	0	0	0	0	0	0	0	0	0	0	0	6800	0	0	0	0	0	0	0	0	0	0	0	0	0	0	508	1820	240	6700	0	0	0	0	0	0	0	0	0	1440	0	138	0	292	0	488	0	0	0	0	0	0	0	372	0	0	0	0	0	0	0	0	0	0	0	0	0	0	0	0	0	0	
301364	Calcarine_L	688	0	122	0	0	0	0	0	0	0	0	0	0	0	0	0	126	0	428	0	0	0	0	0	0	0	0	0	348	0	0	0	698	0	4078	0	5152	0	674	0	0	0	0	10442	23108	5232	16414	3662	13576	3140	28878	170	6018	0	1332	0	586	0	0	0	0	0	0	0	492	0	20756	550	1508	0	0	0	0	0	0	0	0	0	300	0	0	0	0	0	1088	0	0	0	516	0	144	0	0	0	0	0	234	0	0	222	0	0	0	0	0	0	0	0	0	0	0	0	0	0	0	0	
365040	Calcarine_R	0	1852	0	0	0	0	0	0	0	0	0	0	0	0	0	0	0	0	0	188	0	0	0	0	0	0	0	0	0	0	0	0	0	606	0	1790	0	400	0	292	0	0	10442	0	8626	27644	3418	27260	0	28242	0	22622	0	12342	0	5484	0	2852	0	808	0	370	0	0	0	434	600	16766	0	1638	0	0	0	0	0	0	0	0	0	0	0	0	0	0	0	2276	0	0	0	1840	0	356	0	0	0	0	0	410	0	1918	0	0	0	0	0	0	0	0	0	0	750	294	0	0	0	0	
289356	Cuneus_L	1882	0	296	0	0	0	0	0	0	0	0	0	0	0	0	0	0	0	1166	0	0	0	0	0	0	0	0	0	0	0	0	0	2174	0	2924	136	2224	0	242	0	0	0	23108	8626	0	9320	4688	946	27182	4156	24062	102	1700	0	700	0	2528	0	974	0	150	0	0	0	360	0	17962	1822	2906	0	0	0	0	0	0	0	0	0	124	0	472	0	0	0	562	0	0	0	860	0	324	0	0	0	0	0	0	0	0	0	0	0	0	0	0	0	0	0	0	0	0	0	0	0	0	0	
472692	Cuneus_R	364	12404	0	250	0	0	0	0	0	0	0	0	0	0	0	0	0	0	0	1736	0	0	0	0	0	0	0	0	0	106	0	0	654	5546	224	3590	0	214	0	0	0	0	5232	27644	9320	0	618	6208	0	50558	0	16064	0	3642	0	1826	328	17192	0	4178	0	1394	0	202	0	1328	6198	38944	0	6744	0	0	0	0	0	0	0	0	0	0	0	1540	0	0	0	9698	0	0	0	1242	0	144	0	0	0	0	0	0	0	622	0	0	0	0	0	0	0	0	0	0	214	178	0	0	0	0	
311944	Lingual_L	220	0	310	0	0	0	0	0	0	0	0	0	0	0	0	0	0	0	330	154	0	0	0	0	0	0	0	0	466	0	0	0	106	116	1482	0	5250	0	5150	0	0	0	16414	3418	4688	618	0	4710	5582	644	18668	172	15928	0	20438	822	204	0	0	0	0	0	0	0	196	0	7066	0	202	140	0	0	1170	0	0	0	1186	0	98	0	98	0	0	0	404	0	0	0	178	0	830	3120	106	216	0	0	7164	676	11354	4028	0	0	0	0	540	0	0	0	0	0	3338	6078	1894	0	0	0	
431316	Lingual_R	400	2048	492	0	0	0	152	0	0	0	0	102	0	0	0	0	0	0	352	756	0	0	0	0	0	0	0	0	0	0	0	0	0	1792	1722	5300	740	6180	0	6306	0	0	3662	27260	946	6208	4710	0	0	11374	0	9272	160	19528	666	27150	202	5902	0	1064	0	1314	0	210	0	200	152	18446	0	3770	560	0	458	774	0	0	2738	1026	0	0	0	0	0	0	0	1014	0	0	0	3888	244	2878	0	0	0	1186	1928	8230	1194	9392	0	0	0	0	0	106	0	0	0	128	7196	3926	254	0	0	0	
207644	Occipital_Sup_L	1190	0	366	0	0	0	0	0	0	0	0	0	0	0	0	0	142	0	336	0	0	0	0	0	0	0	0	0	106	0	0	0	508	0	398	0	136	0	0	0	0	0	13576	0	27182	0	5582	0	0	0	31616	0	598	0	154	0	3308	0	6280	0	1462	0	0	0	308	0	8720	146	874	0	0	0	0	0	0	0	0	0	144	0	528	0	0	0	162	0	0	0	0	0	0	0	0	0	0	0	0	0	0	0	0	0	0	0	0	0	0	0	0	0	0	0	0	0	0	0	
608300	Occipital_Sup_R	144	14488	148	374	0	0	0	276	0	0	0	350	0	0	0	0	0	212	158	6722	0	0	0	0	0	0	0	0	0	264	0	0	290	6414	0	1874	0	1030	0	0	0	0	3140	28242	4156	50558	644	11374	0	0	0	39718	0	6364	0	5026	108	20928	0	11374	0	4596	0	1064	0	10388	1330	39160	0	11610	184	0	0	0	0	0	104	320	0	0	0	2886	0	0	0	13906	0	0	0	2092	0	300	0	0	0	0	0	106	0	1146	0	0	0	0	0	0	0	0	0	0	262	320	0	0	0	0	
588092	Occipital_Mid_L	4950	0	346	0	0	0	158	0	0	0	1116	0	0	0	0	0	2306	0	360	0	0	0	0	0	0	0	0	0	4140	0	0	0	886	0	898	100	6610	0	1292	0	0	0	28878	0	24062	0	18668	0	31616	0	0	0	31742	0	12822	0	8836	0	10664	0	14584	0	1056	0	24588	0	16460	0	1320	0	0	0	0	0	0	0	0	0	868	0	3348	0	0	0	27666	0	0	0	10840	0	2014	112	0	0	0	0	0	0	408	120	0	0	0	0	0	0	0	0	0	0	0	212	0	0	0	0	
364152	Occipital_Mid_R	0	3186	0	0	0	0	0	146	0	0	0	204	0	0	0	0	0	118	0	854	0	0	0	0	0	0	0	0	0	118	0	0	232	1628	0	1168	0	220	0	0	0	0	170	22622	102	16064	172	9272	0	39718	0	0	0	11868	0	4976	0	6096	0	3102	0	4280	0	628	0	20038	546	14352	0	3386	0	0	0	0	0	0	0	0	0	0	0	996	0	0	0	13998	0	0	0	872	0	144	0	0	0	0	0	0	0	540	0	0	0	0	0	0	0	0	0	0	132	128	0	0	0	0	
226900	Occipital_Inf_L	1166	0	174	0	0	0	0	0	0	0	206	0	0	0	0	0	518	0	182	0	0	0	0	0	0	0	0	0	1904	0	0	0	0	0	124	0	2460	0	1458	0	0	0	6018	0	1700	0	15928	160	598	0	31742	0	0	0	19686	170	292	0	0	0	0	0	0	0	494	0	3252	0	208	0	0	0	270	0	0	0	118	0	0	0	692	0	0	0	5884	0	0	0	8110	0	1920	758	0	146	0	0	356	0	2898	890	0	0	0	0	0	0	0	0	0	0	388	1968	612	0	0	0	
225752	Occipital_Inf_R	150	1292	0	0	0	0	0	0	0	0	0	0	0	0	0	0	0	0	0	700	0	0	0	0	0	0	0	0	0	0	0	0	0	1482	0	482	0	252	0	196	0	0	0	12342	0	3642	0	19528	0	6364	0	11868	0	0	0	19286	142	5416	0	1324	0	1542	0	240	0	926	148	12014	0	3196	0	0	0	0	0	0	0	0	0	0	0	0	0	0	0	2746	0	0	0	5494	0	538	0	0	0	0	0	326	0	640	0	0	0	0	0	0	0	0	0	0	314	286	0	0	0	0	
482736	Fusiform_L	1258	0	560	0	0	0	0	0	0	0	362	0	0	0	0	0	690	0	596	0	0	0	0	0	0	0	0	0	5662	0	0	0	0	0	230	0	18072	0	10762	0	4554	0	1332	0	700	0	20438	666	154	0	12822	0	19686	0	0	746	286	0	0	0	0	0	158	0	270	0	1730	0	222	0	184	0	1906	0	0	0	434	0	848	0	5544	0	1406	0	5746	0	632	0	20264	0	15290	2836	202	500	1890	274	24516	1258	34978	3554	0	0	0	110	338	508	0	104	0	336	6634	6134	2022	0	398	566	
491180	Fusiform_R	182	930	410	1030	0	0	0	368	0	0	0	906	0	0	0	0	0	154	420	476	0	0	0	0	0	0	0	0	0	2586	0	0	0	1014	114	312	0	26522	0	22024	0	6800	0	5484	0	1826	822	27150	0	5026	0	4976	170	19286	746	0	126	4402	0	932	0	1192	0	228	0	184	0	8750	0	2362	0	350	0	8980	0	668	138	1826	0	0	0	1518	0	4038	0	2210	0	2224	0	20588	364	8008	0	0	0	168	1528	14712	1456	18392	0	0	0	0	0	0	0	0	0	318	6168	3706	320	0	0	0	
304028	Postcentral_L	23346	1772	4410	824	0	0	2580	0	0	0	2334	0	126	0	0	0	11116	0	3510	2362	0	0	0	0	0	0	0	0	7244	0	134	0	1018	1514	334	536	1208	0	188	0	0	0	586	0	2528	328	204	202	3308	108	8836	0	292	142	286	126	0	278	12048	0	20818	0	12176	0	1604	0	8302	970	2398	1082	0	364	732	0	144	0	180	144	2336	0	5756	0	180	0	444	0	0	0	556	0	0	0	0	0	0	0	0	0	0	0	0	0	0	0	0	0	0	0	0	0	0	0	0	0	0	0	
410124	Postcentral_R	1552	24348	706	630	0	0	1598	516	0	0	406	756	140	0	0	0	352	2626	646	2644	0	0	0	0	0	0	0	0	846	874	0	0	196	6280	0	4216	0	638	0	0	0	0	0	2852	0	17192	0	5902	0	20928	0	6096	0	5416	0	4402	278	0	0	10028	0	8764	0	8338	0	2198	566	32698	0	18512	1222	0	204	248	0	0	0	216	0	0	0	864	150	0	0	6396	0	0	0	1622	0	0	0	0	0	0	0	0	0	0	0	0	0	0	0	0	0	0	0	0	0	0	0	0	0	0	
124196	Parietal_Sup_L	1910	0	0	0	0	0	0	0	0	0	258	0	0	0	0	0	414	0	0	0	0	0	0	0	0	0	0	0	252	0	0	0	520	0	162	0	124	0	0	0	0	0	0	0	974	0	0	0	6280	0	10664	0	0	0	0	0	12048	0	0	0	12132	0	270	0	2648	0	10836	0	806	0	0	0	0	0	0	0	0	0	280	0	1170	0	0	0	190	0	0	0	160	0	0	0	0	0	0	0	0	0	0	0	0	0	0	0	0	0	0	0	0	0	0	0	0	0	0	0	
135392	Parietal_Sup_R	0	1162	0	0	0	0	0	192	0	0	0	228	0	0	0	0	0	0	0	0	0	0	0	0	0	0	0	0	0	0	0	0	0	212	0	256	0	0	0	0	0	0	0	808	0	4178	0	1064	0	11374	0	3102	0	1324	0	932	0	10028	0	0	0	12562	0	1566	0	6890	526	9578	0	1608	0	0	0	0	0	0	0	0	0	0	0	0	0	0	0	106	0	0	0	0	0	0	0	0	0	0	0	0	0	0	0	0	0	0	0	0	0	0	0	0	0	0	0	0	0	0	
204516	Parietal_Inf_L	9682	0	172	0	0	0	0	0	0	0	4470	0	0	0	0	0	860	0	156	0	0	0	0	0	0	0	0	0	1510	0	0	0	124	0	118	0	108	0	0	0	0	0	0	0	150	0	0	0	1462	0	14584	0	0	0	0	0	20818	0	12132	0	0	0	17022	0	16054	0	1780	0	136	0	0	0	0	0	0	0	0	0	158	0	584	0	0	0	178	0	0	0	0	0	0	0	0	0	0	0	0	0	0	0	0	0	0	0	0	0	0	0	0	0	0	0	0	0	0	0	
123588	Parietal_Inf_R	0	1376	154	0	0	0	0	574	0	0	0	654	0	0	0	0	258	0	150	212	0	0	0	0	0	0	0	0	422	0	0	0	0	118	0	0	0	0	0	0	0	0	0	370	0	1394	0	1314	0	4596	0	4280	0	1542	0	1192	0	8764	0	12562	0	0	0	6720	0	10022	0	3644	0	990	278	0	0	0	0	0	0	0	0	0	0	0	0	0	0	208	0	0	0	0	0	0	0	0	0	0	0	0	0	0	0	0	0	0	0	0	0	0	0	0	0	0	0	0	0	0	
142064	SupraMarginal_L	10870	0	1036	0	0	0	0	0	0	0	4212	0	0	0	0	0	3728	0	1032	0	0	0	0	0	0	0	0	0	1970	0	0	0	0	0	0	0	124	0	0	0	0	0	0	0	0	0	0	0	0	0	1056	0	0	0	158	0	12176	0	270	0	17022	0	0	0	5880	0	376	0	0	0	0	0	0	0	0	0	0	0	246	0	5278	0	0	0	4286	0	0	0	1312	0	0	0	0	0	0	0	0	0	0	0	0	0	0	0	0	0	0	0	0	0	0	0	0	0	0	0	
109732	SupraMarginal_R	154	2256	398	106	0	0	278	1154	0	0	0	1260	0	0	0	0	522	3976	382	166	0	0	0	0	0	0	0	0	878	594	0	0	0	0	0	0	0	1638	0	0	0	0	0	0	0	202	0	210	0	1064	0	628	0	240	0	228	0	8338	0	1566	0	6720	0	0	0	7434	0	546	0	362	708	0	190	0	0	0	0	124	0	268	0	8368	0	0	0	3650	0	0	0	258	0	0	0	0	0	0	0	0	0	0	0	0	0	0	0	0	0	0	0	0	0	0	0	0	0	0	
143952	Angular_L	678	0	0	0	0	0	0	0	0	0	284	0	0	0	0	0	660	0	0	0	0	0	0	0	0	0	0	0	404	0	0	0	108	0	110	0	116	0	0	0	0	0	492	0	360	0	196	0	308	0	24588	0	494	0	270	0	1604	0	2648	0	16054	0	5880	0	0	0	792	0	0	0	0	0	0	0	0	0	0	0	0	0	1792	0	0	0	13498	0	0	0	640	0	0	0	0	0	0	0	0	0	0	0	0	0	0	0	0	0	0	0	0	0	0	0	0	0	0	0	
164272	Angular_R	0	1082	174	0	0	0	0	298	0	0	0	342	0	0	0	0	224	162	160	804	0	0	0	0	0	0	0	0	292	98	0	0	0	396	0	0	0	266	0	0	0	0	0	434	0	1328	0	200	0	10388	0	20038	0	926	0	184	0	2198	0	6890	0	10022	0	7434	0	0	0	2608	0	1070	134	0	0	0	0	0	0	0	0	0	0	4594	0	0	0	9198	0	0	0	192	0	0	0	0	0	0	0	0	0	0	0	0	0	0	0	0	0	0	0	0	0	0	0	0	0	0	
361440	Precuneus_L	4264	0	1670	0	0	0	666	0	0	0	620	0	0	0	0	0	1020	0	2454	376	0	0	0	0	0	0	0	0	1346	0	0	0	6668	2036	12898	2746	9858	0	1036	0	0	0	20756	600	17962	6198	7066	152	8720	1330	16460	546	3252	148	1730	0	8302	566	10836	526	1780	0	376	0	792	0	0	10792	5130	1328	0	0	1146	0	0	0	1782	0	792	0	1734	0	0	0	852	0	0	0	986	0	228	0	0	0	0	0	194	0	0	0	0	0	0	0	0	0	0	0	0	0	0	0	0	0	0	0	
663964	Precuneus_R	1326	18424	338	406	0	0	0	152	0	0	0	154	0	0	0	0	0	0	486	8736	0	0	0	0	0	0	0	0	104	238	0	0	1780	17368	2580	16304	592	3528	0	1082	0	0	550	16766	1822	38944	0	18446	146	39160	0	14352	0	12014	0	8750	970	32698	0	9578	0	3644	0	546	0	2608	10792	0	154	22168	302	0	180	188	0	0	1198	634	0	0	0	2150	0	0	0	14574	0	0	0	4492	0	0	0	0	0	0	0	106	0	0	0	0	0	0	0	0	0	0	0	0	452	0	0	0	0	0	
115364	Paracentral_Lobule_L	7258	0	2658	0	0	0	1076	0	0	0	158	0	0	0	0	0	0	0	5540	2216	0	0	0	0	0	0	0	0	194	0	0	0	7988	1810	9592	516	1002	0	0	0	0	0	1508	0	2906	0	202	0	874	0	1320	0	208	0	222	0	2398	0	806	0	136	0	0	0	0	0	5130	154	0	990	0	0	182	0	0	0	140	0	0	0	160	0	0	0	128	0	0	0	210	0	0	0	0	0	0	0	0	0	0	0	0	0	0	0	0	0	0	0	0	0	0	0	0	0	0	0	
354212	Paracentral_Lobule_R	3118	7120	2110	146	0	0	450	104	0	0	0	106	0	0	0	0	0	0	2044	25942	0	0	0	0	0	0	0	0	150	308	0	0	794	25400	2094	8304	322	1882	0	462	0	0	0	1638	0	6744	140	3770	0	11610	0	3386	0	3196	0	2362	1082	18512	0	1608	0	990	0	362	0	1070	1328	22168	990	0	1550	0	308	0	190	0	3150	278	0	0	0	1614	0	0	0	5750	0	0	0	2156	0	0	0	0	0	0	0	298	0	0	0	0	0	0	0	0	0	0	0	0	0	0	0	0	0	0	
269216	Caudate_L	3252	2670	4374	454	3962	450	6734	134	160	0	2162	236	4464	0	5750	516	1550	126	2338	1994	8790	8194	260	0	286	0	4184	762	10874	432	5222	1158	104	1180	732	1720	778	1120	640	666	528	508	0	0	0	0	0	560	0	184	0	0	0	0	184	0	0	1222	0	0	0	278	0	708	0	134	0	302	0	1550	0	9650	14418	1784	904	440	10726	798	0	0	214	0	838	0	0	0	0	0	0	0	0	0	0	0	0	0	0	250	0	0	0	0	0	0	0	0	0	0	0	0	0	0	0	0	0	0	
498096	Caudate_R	670	1596	3532	23678	1988	3450	1158	7504	0	798	660	7544	3902	4032	2104	8844	804	2170	3520	9154	6172	9924	1066	5112	132	2760	2920	3712	5770	15046	9462	19054	0	2916	0	0	288	1986	230	1198	376	1820	0	0	0	0	0	0	0	0	0	0	0	0	0	350	364	0	0	0	0	0	0	0	0	0	0	0	0	0	9650	0	5488	31314	0	2806	680	18950	160	200	0	204	206	1240	0	144	0	0	0	118	0	0	0	0	0	0	0	122	0	0	0	0	0	0	0	0	0	0	0	0	0	0	0	0	0	0	
291812	Putamen_L	3326	2652	14138	904	4622	0	3400	0	1408	0	1066	0	2524	0	4936	0	1134	0	9806	1502	2256	2794	530	0	252	0	1322	0	14800	222	5344	734	150	208	1648	0	11142	108	4750	0	1482	240	0	0	0	0	1170	458	0	0	0	0	270	0	1906	0	732	204	0	0	0	0	0	190	0	0	1146	180	182	308	14418	5488	0	1574	6488	782	8102	244	206	0	1054	0	250	0	98	0	0	0	408	0	0	0	0	0	218	0	148	0	0	0	0	0	0	0	0	0	0	0	0	282	0	0	0	0	0	0	
423292	Putamen_R	192	1792	1550	15556	690	2588	394	5834	0	1218	274	6978	278	1850	560	7838	222	4530	1758	3732	1292	5114	438	3578	0	768	576	2292	684	28074	4562	10088	0	748	114	134	0	16972	0	11014	0	6700	0	0	0	0	0	774	0	0	0	0	0	0	0	8980	0	248	0	0	0	0	0	0	0	0	0	188	0	0	1784	31314	1574	0	0	3202	134	3608	0	532	0	864	106	2510	0	766	0	0	0	2676	0	244	0	0	0	0	0	884	0	276	0	0	0	0	0	0	0	0	0	0	0	0	0	0	0	0	
47136	Pallidum_L	608	1470	3476	214	0	0	416	0	0	0	0	0	0	0	0	0	128	0	3392	356	0	0	0	0	0	0	0	0	158	0	0	0	0	0	0	0	1492	0	1542	0	0	0	0	0	0	0	0	0	0	0	0	0	0	0	0	0	144	0	0	0	0	0	0	0	0	0	0	0	0	190	904	0	6488	0	0	0	2468	0	0	0	122	0	0	0	0	0	0	0	0	0	0	0	0	0	0	0	0	0	0	0	0	0	0	0	0	0	0	0	0	0	0	0	0	0	0	0	
29184	Pallidum_R	0	224	170	326	0	0	0	0	0	0	0	202	0	0	0	0	0	394	150	322	0	0	0	0	0	0	0	0	110	360	322	0	0	0	0	0	0	2062	0	1784	0	0	0	0	0	0	0	0	0	0	0	0	0	0	0	668	0	0	0	0	0	0	0	0	0	0	0	0	0	0	440	2806	782	3202	0	0	0	150	0	118	0	0	0	0	0	0	0	0	0	0	0	0	0	0	0	0	0	0	0	0	0	0	0	0	0	0	0	0	0	0	0	0	0	0	0	0	
194896	Thalamus_L	3392	2214	9306	870	0	0	2146	0	0	0	140	0	0	0	0	0	0	0	7704	3780	0	0	0	0	0	0	0	0	514	122	0	0	0	2882	7568	7342	5206	4368	446	2410	0	0	0	0	0	0	1186	2738	0	104	0	0	118	0	434	138	180	0	0	0	0	0	0	0	0	0	1782	1198	140	3150	10726	680	8102	134	2468	0	0	2284	0	0	118	0	0	0	0	0	0	0	140	0	0	0	0	0	0	0	126	1092	0	0	0	0	0	0	0	0	0	0	0	0	0	0	0	0	0	0	
158768	Thalamus_R	478	4570	3970	7556	0	0	932	0	0	0	0	170	0	0	0	0	152	776	4306	6644	0	0	0	0	0	0	0	0	506	1948	0	0	178	108	360	1266	278	8840	0	2510	0	0	0	0	0	0	0	1026	0	320	0	0	0	0	0	1826	144	216	0	0	0	0	0	124	0	0	0	634	0	278	798	18950	244	3608	0	150	2284	0	160	322	0	950	0	0	0	568	0	0	0	1066	0	0	0	0	0	0	0	168	0	0	0	0	0	0	0	0	0	0	0	0	0	0	0	0	0	0	
75008	Heschl_L	2700	100	996	0	0	0	702	0	0	0	1082	0	0	0	0	0	4332	0	788	236	0	0	0	0	0	0	0	0	9046	0	190	0	116	0	0	0	3454	0	0	0	0	0	300	0	124	0	98	0	144	0	868	0	0	0	848	0	2336	0	280	0	158	0	246	0	0	0	792	0	0	0	0	160	206	0	0	0	0	160	0	0	4660	0	0	0	778	0	0	0	1604	0	0	0	0	0	0	0	0	0	0	0	0	0	0	0	0	0	0	0	0	0	0	0	0	0	0	0	
40316	Heschl_R	128	314	230	526	0	0	142	274	0	0	0	134	0	0	0	0	0	3800	208	0	0	0	0	0	0	0	0	0	0	5238	0	0	0	0	0	0	0	594	0	0	0	0	0	0	0	0	0	0	0	0	0	0	0	0	0	0	0	0	0	0	0	0	0	268	0	0	0	0	0	0	0	200	0	532	0	118	0	322	0	0	0	5032	0	0	0	1938	0	0	0	160	0	0	0	0	0	0	0	0	0	0	0	0	0	0	0	0	0	0	0	0	0	0	0	0	0	0	
254832	Temporal_Sup_L	5104	248	2332	114	0	0	178	0	0	0	1802	0	0	0	0	0	14546	0	2264	162	0	0	0	0	0	0	0	0	11556	0	146	0	550	0	310	0	4538	0	1124	0	0	0	0	0	472	0	98	0	528	0	3348	0	692	0	5544	0	5756	0	1170	0	584	0	5278	0	1792	0	1734	0	160	0	214	0	1054	0	122	0	118	0	4660	0	0	0	4954	0	28358	0	0	0	14842	0	964	0	0	0	0	0	0	0	0	0	0	0	0	0	0	0	0	0	0	0	0	0	0	0	0	0	
210388	Temporal_Sup_R	0	804	540	2378	0	0	156	792	0	0	0	720	0	0	0	0	0	7856	628	2154	0	0	0	0	0	0	0	0	0	13596	0	0	0	646	0	0	0	7218	0	364	0	0	0	0	0	1540	0	0	0	2886	0	996	0	0	0	1518	0	864	0	0	0	0	0	8368	0	4594	0	2150	0	1614	0	204	0	864	0	0	0	950	0	5032	0	0	0	2740	0	27420	0	288	0	5314	0	0	0	0	0	0	0	0	0	0	0	0	0	0	0	0	0	0	0	0	0	0	0	0	0	0	
96620	Temporal_Pole_Sup_L	158	186	680	0	1734	0	202	0	670	0	2596	0	180	0	3202	0	3422	0	554	212	552	0	0	0	0	0	180	0	5178	0	296	0	382	0	0	0	350	0	302	0	714	0	0	0	0	0	0	0	0	0	0	0	0	0	1406	0	180	150	0	0	0	0	0	0	0	0	0	0	0	0	838	206	250	106	0	0	0	0	0	0	4954	0	0	0	8778	0	3164	0	6528	0	0	0	0	0	0	0	0	0	0	0	0	0	0	0	0	0	0	0	0	0	0	0	0	0	0	0	
112372	Temporal_Pole_Sup_R	0	0	264	1884	0	794	0	192	0	0	0	2228	0	264	0	2174	0	3624	634	1260	0	720	0	0	0	0	0	496	0	6646	0	0	0	554	0	0	0	940	0	2402	0	1440	0	0	0	0	0	0	0	0	0	0	0	0	0	4038	0	0	0	0	0	0	0	0	0	0	0	0	0	0	0	1240	0	2510	0	0	0	0	0	0	0	2740	0	0	0	6750	0	6456	0	5936	0	0	0	0	0	0	0	0	0	0	0	0	0	0	0	0	0	0	0	0	0	0	0	0	0	0	
289036	Temporal_Mid_L	852	0	108	0	0	0	0	0	0	0	244	0	0	0	0	0	2614	0	104	0	0	0	0	0	0	0	0	0	2410	0	0	0	104	0	0	0	3624	0	310	0	114	0	1088	0	562	0	404	0	162	0	27666	0	5884	0	5746	0	444	0	190	0	178	0	4286	0	13498	0	852	0	128	0	0	0	98	0	0	0	0	0	778	0	28358	0	8778	0	0	0	2682	0	30798	0	1454	0	0	0	0	0	0	0	0	0	0	0	0	0	0	0	0	0	0	0	0	0	0	0	0	0	
371464	Temporal_Mid_R	164	6624	340	300	0	0	0	216	0	0	0	132	0	0	0	0	0	606	334	4564	0	0	0	0	0	0	0	0	0	7450	0	0	0	3536	0	266	0	5474	0	246	0	138	0	2276	0	9698	0	1014	0	13906	0	13998	0	2746	0	2210	0	6396	0	106	0	208	0	3650	0	9198	0	14574	0	5750	0	144	0	766	0	0	0	568	0	1938	0	27420	0	6750	0	0	0	4626	0	27400	0	0	0	0	0	0	0	0	0	0	0	0	0	0	0	0	0	0	0	0	0	0	0	0	0	0	
20740	Temporal_Pole_Mid_L	0	0	0	0	292	0	0	0	108	0	0	0	0	0	430	0	0	0	0	0	0	0	0	0	0	0	0	0	348	0	0	0	0	0	0	0	130	0	0	0	150	0	0	0	0	0	0	0	0	0	0	0	0	0	632	0	0	0	0	0	0	0	0	0	0	0	0	0	0	0	0	0	0	0	0	0	0	0	0	0	0	0	3164	0	2682	0	0	0	2434	0	0	0	0	0	0	0	0	0	0	0	0	0	0	0	0	0	0	0	0	0	0	0	0	0	0	0	
38688	Temporal_Pole_Mid_R	0	0	0	0	0	0	0	0	0	0	0	0	0	0	0	0	0	0	0	0	0	0	0	0	0	0	0	0	0	0	0	0	0	0	0	0	0	0	0	1052	0	292	0	0	0	0	0	0	0	0	0	0	0	0	0	2224	0	0	0	0	0	0	0	0	0	0	0	0	0	0	0	0	0	0	0	0	0	0	0	0	0	288	0	6456	0	4626	0	0	0	4406	0	0	0	0	0	0	0	0	0	0	0	0	0	0	0	0	0	0	0	0	0	0	0	0	0	0	
269628	Temporal_Inf_L	2094	0	364	0	0	0	0	0	0	0	774	0	0	0	0	0	1276	0	346	0	0	0	0	0	0	0	0	0	6940	0	0	0	0	0	196	0	10440	0	2412	0	1820	0	516	0	860	0	178	0	0	0	10840	0	8110	0	20264	0	556	0	160	0	0	0	1312	0	640	0	986	0	210	0	0	0	408	0	0	0	140	0	1604	0	14842	0	6528	0	30798	0	2434	0	0	0	6326	0	0	0	0	0	0	0	440	0	0	0	0	0	0	0	0	0	0	0	0	0	0	0	0	0	
236064	Temporal_Inf_R	280	2222	666	104	0	0	202	228	0	0	0	276	0	0	0	0	0	444	670	1358	0	0	0	0	0	0	0	0	0	4540	0	0	0	1354	0	752	0	8778	0	3042	0	488	0	1840	0	1242	0	3888	0	2092	0	872	0	5494	0	20588	0	1622	0	0	0	0	0	258	0	192	0	4492	0	2156	0	118	0	2676	0	0	0	1066	0	160	0	5314	0	5936	0	27400	0	4406	0	0	0	178	0	0	0	0	0	284	0	354	0	0	0	0	0	0	0	0	0	0	0	0	0	0	0	0	
387988	Cerebelum_Crus1_L	118	0	0	0	0	0	0	0	0	0	0	0	0	0	0	0	0	0	0	0	0	0	0	0	0	0	0	0	318	0	0	0	0	0	0	0	1012	0	360	0	0	0	144	0	324	0	830	244	0	0	2014	0	1920	0	15290	364	0	0	0	0	0	0	0	0	0	0	228	0	0	0	0	0	0	0	0	0	0	0	0	0	964	0	0	0	1454	0	0	0	6326	0	0	3900	25870	5448	1030	0	13460	236	43374	2536	9270	2520	17028	3068	7662	888	2180	0	0	0	1570	7556	9236	1852	2242	1158	
421764	Cerebelum_Crus1_R	0	0	0	106	0	0	0	0	0	0	0	0	0	0	0	0	0	0	0	0	0	0	0	0	0	0	0	0	0	0	0	0	0	0	0	0	0	610	0	898	0	0	0	356	0	144	3120	2878	0	300	112	144	758	538	2836	8008	0	0	0	0	0	0	0	0	0	0	0	0	0	0	0	0	0	244	0	0	0	0	0	0	0	0	0	0	0	0	0	0	0	178	3900	0	1860	24906	200	3100	1260	18748	7570	51944	1126	8118	1740	22706	858	6422	0	224	170	858	5682	10710	11032	2840	3036	642	
254580	Cerebelum_Crus2_L	0	0	0	0	0	0	0	0	0	0	0	0	0	0	0	0	0	0	0	0	0	0	0	0	0	0	0	0	0	0	0	0	0	0	0	0	0	0	0	0	0	0	0	0	0	0	106	0	0	0	0	0	0	0	202	0	0	0	0	0	0	0	0	0	0	0	0	0	0	0	0	0	0	0	0	0	0	0	0	0	0	0	0	0	0	0	0	0	0	0	25870	1860	0	6614	0	0	120	0	4916	570	28054	4024	32380	2818	7308	0	480	0	0	0	0	294	8044	2920	554	156	
329304	Cerebelum_Crus2_R	0	0	0	0	0	0	0	0	0	0	0	0	0	0	0	0	0	0	0	0	0	0	0	0	0	0	0	0	0	0	0	0	0	0	0	0	0	0	0	0	0	0	0	0	0	0	216	0	0	0	0	0	146	0	500	0	0	0	0	0	0	0	0	0	0	0	0	0	0	0	0	0	0	0	0	0	0	0	0	0	0	0	0	0	0	0	0	0	0	0	5448	24906	6614	0	0	0	168	124	3986	4266	4156	31462	4942	40722	1320	9940	0	558	0	0	330	3188	14196	4236	2804	424	
43852	Cerebelum_3_L	0	0	0	0	0	0	0	0	0	0	0	0	0	0	0	0	0	0	0	0	0	0	0	0	0	0	0	0	0	0	0	0	0	0	0	0	444	0	438	0	0	0	0	0	0	0	0	0	0	0	0	0	0	0	1890	0	0	0	0	0	0	0	0	0	0	0	0	0	0	0	0	0	218	0	0	0	0	0	0	0	0	0	0	0	0	0	0	0	0	0	1030	200	0	0	0	612	5366	1188	3660	1480	0	0	0	0	246	244	0	0	1078	2230	1602	0	0	0	0	0	
39296	Cerebelum_3_R	0	0	0	0	0	0	0	0	0	0	0	0	0	0	0	0	0	0	0	0	0	0	0	0	0	0	0	0	0	0	0	0	0	0	0	0	0	0	0	110	0	0	0	0	0	0	0	1186	0	0	0	0	0	0	274	168	0	0	0	0	0	0	0	0	0	0	0	0	0	0	0	0	0	0	0	0	0	0	0	0	0	0	0	0	0	0	0	0	0	0	0	3100	0	0	612	0	666	4180	418	5114	0	0	0	114	0	212	0	0	512	2144	838	0	0	0	0	0	
274828	Cerebelum_4_5_L	0	0	0	0	0	0	0	0	0	0	0	0	0	0	0	0	0	0	0	0	0	0	0	0	0	0	0	0	0	0	0	0	0	0	0	0	390	0	432	0	0	0	234	0	0	0	7164	1928	0	0	0	0	356	0	24516	1528	0	0	0	0	0	0	0	0	0	0	194	0	0	0	0	0	148	0	0	0	126	0	0	0	0	0	0	0	0	0	0	0	0	0	13460	1260	120	168	5366	666	0	3828	35914	4354	396	290	580	490	5236	2068	608	384	180	1088	14850	4870	118	124	2252	1728	
242572	Cerebelum_4_5_R	0	0	0	270	0	0	0	128	0	0	0	0	0	0	0	0	0	0	0	306	0	0	0	0	0	0	0	0	0	214	0	0	0	298	708	1144	106	4042	0	4952	0	372	0	410	0	0	676	8230	0	106	0	0	0	326	1258	14712	0	0	0	0	0	0	0	0	0	0	0	106	0	298	250	122	0	884	0	0	1092	168	0	0	0	0	0	0	0	0	0	0	0	284	236	18748	0	124	1188	4180	3828	0	1884	29790	0	242	0	244	0	596	0	0	0	2766	13952	1488	0	0	302	256	
447516	Cerebelum_6_L	0	0	0	0	0	0	0	0	0	0	0	0	0	0	0	0	0	0	0	0	0	0	0	0	0	0	0	0	0	0	0	0	0	0	0	0	252	0	314	0	0	0	0	0	0	0	11354	1194	0	0	408	0	2898	0	34978	1456	0	0	0	0	0	0	0	0	0	0	0	0	0	0	0	0	0	0	0	0	0	0	0	0	0	0	0	0	0	0	0	0	440	0	43374	7570	4916	3986	3660	418	35914	1884	0	7718	3590	1712	5690	1812	4588	1430	2170	144	206	720	9174	15700	8842	976	2504	1766	
421856	Cerebelum_6_R	0	0	0	108	0	0	0	0	0	0	0	0	0	0	0	0	0	0	0	0	0	0	0	0	0	0	0	0	0	0	0	0	0	0	0	0	0	824	0	1208	0	0	222	1918	0	622	4028	9392	0	1146	120	540	890	640	3554	18392	0	0	0	0	0	0	0	0	0	0	0	0	0	0	0	0	0	276	0	0	0	0	0	0	0	0	0	0	0	0	0	0	0	354	2536	51944	570	4266	1480	5114	4354	29790	7718	0	514	3554	1124	7740	532	2754	0	144	426	3616	14048	13720	5824	1810	2576	540	
195600	Cerebelum_7b_L	0	0	0	0	0	0	0	0	0	0	0	0	0	0	0	0	0	0	0	0	0	0	0	0	0	0	0	0	0	0	0	0	0	0	0	0	0	0	0	0	0	0	0	0	0	0	0	0	0	0	0	0	0	0	0	0	0	0	0	0	0	0	0	0	0	0	0	0	0	0	0	0	0	0	0	0	0	0	0	0	0	0	0	0	0	0	0	0	0	0	9270	1126	28054	4156	0	0	396	0	3590	514	0	2988	30028	2652	5414	0	1412	0	0	0	0	134	4974	2784	308	0	
235188	Cerebelum_7b_R	0	0	0	0	0	0	0	0	0	0	0	0	0	0	0	0	0	0	0	0	0	0	0	0	0	0	0	0	0	0	0	0	0	0	0	0	0	0	0	0	0	0	0	0	0	0	0	0	0	0	0	0	0	0	0	0	0	0	0	0	0	0	0	0	0	0	0	0	0	0	0	0	0	0	0	0	0	0	0	0	0	0	0	0	0	0	0	0	0	0	2520	8118	4024	31462	0	0	290	242	1712	3554	2988	0	4382	35606	506	6086	0	678	0	0	588	2268	6756	3932	1650	232	
278432	Cerebelum_8_L	0	0	0	0	0	0	0	0	0	0	0	0	0	0	0	0	0	0	0	0	0	0	0	0	0	0	0	0	0	0	0	0	0	0	0	0	0	0	0	0	0	0	0	0	0	0	0	0	0	0	0	0	0	0	0	0	0	0	0	0	0	0	0	0	0	0	0	0	0	0	0	0	0	0	0	0	0	0	0	0	0	0	0	0	0	0	0	0	0	0	17028	1740	32380	4942	0	0	580	0	5690	1124	30028	4382	0	6814	15374	390	1716	0	0	0	164	544	7274	6914	1850	282	
345176	Cerebelum_8_R	0	0	0	0	0	0	0	0	0	0	0	0	0	0	0	0	0	0	0	0	0	0	0	0	0	0	0	0	0	0	0	0	0	0	0	0	0	0	0	0	0	0	0	0	0	0	0	0	0	0	0	0	0	0	110	0	0	0	0	0	0	0	0	0	0	0	0	0	0	0	0	0	0	0	0	0	0	0	0	0	0	0	0	0	0	0	0	0	0	0	3068	22706	2818	40722	0	114	490	244	1812	7740	2652	35606	6814	0	2288	16806	0	1282	0	0	782	3034	8692	8824	5284	700	
143184	Cerebelum_9_L	0	0	0	0	0	0	0	0	0	0	0	0	0	0	0	0	0	0	0	0	0	0	0	0	0	0	0	0	0	0	0	0	0	0	0	0	0	0	0	0	0	0	0	0	0	0	540	0	0	0	0	0	0	0	338	0	0	0	0	0	0	0	0	0	0	0	0	0	0	0	0	0	0	0	0	0	0	0	0	0	0	0	0	0	0	0	0	0	0	0	7662	858	7308	1320	246	0	5236	0	4588	532	5414	506	15374	2288	0	2320	1716	250	0	0	1846	2530	1602	2290	5222	1606	
147052	Cerebelum_9_R	0	0	0	0	0	0	0	0	0	0	0	0	0	0	0	0	0	0	0	0	0	0	0	0	0	0	0	0	0	0	0	0	0	0	0	0	0	0	0	0	0	0	0	0	0	0	0	106	0	0	0	0	0	0	508	0	0	0	0	0	0	0	0	0	0	0	0	0	0	0	0	0	0	0	0	0	0	0	0	0	0	0	0	0	0	0	0	0	0	0	888	6422	0	9940	244	212	2068	596	1430	2754	0	6086	390	16806	2320	0	0	1648	274	360	2960	4478	1620	2136	6912	2368	
20764	Cerebelum_10_L	0	0	0	0	0	0	0	0	0	0	0	0	0	0	0	0	0	0	0	0	0	0	0	0	0	0	0	0	0	0	0	0	0	0	0	0	0	0	0	0	0	0	0	0	0	0	0	0	0	0	0	0	0	0	0	0	0	0	0	0	0	0	0	0	0	0	0	0	0	0	0	0	0	0	0	0	0	0	0	0	0	0	0	0	0	0	0	0	0	0	2180	0	480	0	0	0	608	0	2170	0	1412	0	1716	0	1716	0	0	0	0	0	0	100	0	0	0	0	
14372	Cerebelum_10_R	0	0	0	0	0	0	0	0	0	0	0	0	0	0	0	0	0	0	0	0	0	0	0	0	0	0	0	0	0	0	0	0	0	0	0	0	0	0	0	0	0	0	0	0	0	0	0	0	0	0	0	0	0	0	104	0	0	0	0	0	0	0	0	0	0	0	0	0	0	0	0	0	0	0	0	0	0	0	0	0	0	0	0	0	0	0	0	0	0	0	0	224	0	558	0	0	384	0	144	144	0	678	0	1282	250	1648	0	0	0	0	416	482	0	0	466	406	
13208	Vermis_1_2	0	0	0	0	0	0	0	0	0	0	0	0	0	0	0	0	0	0	0	0	0	0	0	0	0	0	0	0	0	0	0	0	0	0	0	0	0	0	0	0	0	0	0	0	0	0	0	0	0	0	0	0	0	0	0	0	0	0	0	0	0	0	0	0	0	0	0	0	0	0	0	0	0	0	0	0	0	0	0	0	0	0	0	0	0	0	0	0	0	0	0	170	0	0	1078	512	180	0	206	426	0	0	0	0	0	274	0	0	0	3528	230	0	0	0	0	0	
