data	data	520740	254308	1.00519e+06	618348	242776	127028	511268	222456	80576	109480	281972	213612	214268	122828	157488	141732	204340	125832	832120	865948	80936	99552	509996	449944	79448	119444	62152	117476	583556	302680	309424	497696	168616	594592	146944	194640	254296	256424	69532	145640	34516	45692	216716	311244	164084	381608	278860	295036	180664	449948	466108	261224	78448	53496	331320	314712	338268	222308	167284	138936	223844	151440	113520	115524	184912	146484	267788	466020	148600	137680	219960	322976	320312	323296	39756	17612	157288	176760	86728	18136	252248	69572	81044	43280	329164	195040	38432	22728	332460	166368	425940	389464	251248	236908	55416	55184	265820	219052	421368	391984	187528	90700	235296	259764	100152	107740	13864	9984	25376	48688	243376	187348	176268	106576	65316	41356	
data	data	Precentral_L	Precentral_R	Frontal_Sup_L	Frontal_Sup_R	Frontal_Sup_Orb_L	Frontal_Sup_Orb_R	Frontal_Mid_L	Frontal_Mid_R	Frontal_Mid_Orb_L	Frontal_Mid_Orb_R	Frontal_Inf_Oper_L	Frontal_Inf_Oper_R	Frontal_Inf_Tri_L	Frontal_Inf_Tri_R	Frontal_Inf_Orb_L	Frontal_Inf_Orb_R	Rolandic_Oper_L	Rolandic_Oper_R	Supp_Motor_Area_L	Supp_Motor_Area_R	Olfactory_L	Olfactory_R	Frontal_Sup_Medial_L	Frontal_Sup_Medial_R	Frontal_Med_Orb_L	Frontal_Med_Orb_R	Rectus_L	Rectus_R	Insula_L	Insula_R	Cingulum_Ant_L	Cingulum_Ant_R	Cingulum_Mid_L	Cingulum_Mid_R	Cingulum_Post_L	Cingulum_Post_R	Hippocampus_L	Hippocampus_R	ParaHippocampal_L	ParaHippocampal_R	Amygdala_L	Amygdala_R	Calcarine_L	Calcarine_R	Cuneus_L	Cuneus_R	Lingual_L	Lingual_R	Occipital_Sup_L	Occipital_Sup_R	Occipital_Mid_L	Occipital_Mid_R	Occipital_Inf_L	Occipital_Inf_R	Fusiform_L	Fusiform_R	Postcentral_L	Postcentral_R	Parietal_Sup_L	Parietal_Sup_R	Parietal_Inf_L	Parietal_Inf_R	SupraMarginal_L	SupraMarginal_R	Angular_L	Angular_R	Precuneus_L	Precuneus_R	Paracentral_Lobule_L	Paracentral_Lobule_R	Caudate_L	Caudate_R	Putamen_L	Putamen_R	Pallidum_L	Pallidum_R	Thalamus_L	Thalamus_R	Heschl_L	Heschl_R	Temporal_Sup_L	Temporal_Sup_R	Temporal_Pole_Sup_L	Temporal_Pole_Sup_R	Temporal_Mid_L	Temporal_Mid_R	Temporal_Pole_Mid_L	Temporal_Pole_Mid_R	Temporal_Inf_L	Temporal_Inf_R	Cerebelum_Crus1_L	Cerebelum_Crus1_R	Cerebelum_Crus2_L	Cerebelum_Crus2_R	Cerebelum_3_L	Cerebelum_3_R	Cerebelum_4_5_L	Cerebelum_4_5_R	Cerebelum_6_L	Cerebelum_6_R	Cerebelum_7b_L	Cerebelum_7b_R	Cerebelum_8_L	Cerebelum_8_R	Cerebelum_9_L	Cerebelum_9_R	Cerebelum_10_L	Cerebelum_10_R	Vermis_1_2	Vermis_3	Vermis_4_5	Vermis_6	Vermis_7	Vermis_8	Vermis_9	Vermis_10	
520740	Precentral_L	0	8396	12068	986	222	0	26520	144	0	0	20482	0	1612	0	0	0	8152	0	6408	11926	0	0	302	0	126	0	0	0	11070	144	412	176	1068	5828	5320	6752	10698	1732	658	446	0	0	400	258	104	246	134	324	244	186	3836	0	166	0	1182	284	33916	746	2770	0	3614	0	748	0	1360	0	1490	1448	13912	3242	3062	2936	4862	416	1352	150	15960	4616	4382	0	4348	0	0	0	3334	0	0	0	2694	0	0	0	0	0	0	0	0	0	0	0	0	0	0	0	0	0	0	0	0	0	0	0	0	0	0	0	
254308	Precentral_R	8396	0	1920	3174	0	0	928	9568	0	0	138	5872	0	0	0	0	162	2270	2300	9100	0	0	0	0	0	0	0	0	786	2994	142	198	140	1154	1396	5294	704	4660	0	104	0	0	0	0	0	376	0	0	0	550	0	0	0	0	0	0	454	25176	0	436	0	512	0	4060	0	0	86	1384	3500	1616	1070	5954	1186	1730	1242	0	2362	13288	0	114	196	216	0	0	0	100	0	0	0	146	0	0	0	0	0	0	0	0	0	0	0	0	0	0	0	0	0	0	0	0	0	0	0	0	0	0	
1.00519e+06	Frontal_Sup_L	12068	1920	0	8130	23430	0	75280	720	4088	0	18710	658	15110	478	8200	0	10946	0	83042	16736	0	0	62446	8564	6442	506	3730	110	43548	370	22840	5212	4076	6786	210	104	2156	174	0	0	0	0	0	0	0	0	0	0	0	0	0	0	0	0	950	0	4166	0	0	0	0	0	0	0	0	0	0	0	448	0	10296	3510	21344	902	2160	0	764	1690	1716	0	5976	0	482	0	254	0	0	0	1146	0	0	0	0	0	0	0	0	0	0	0	0	0	0	0	0	0	0	0	0	0	0	0	0	0	0	0	
618348	Frontal_Sup_R	986	3174	8130	0	110	7340	608	22198	0	6374	368	13304	0	7060	0	6892	0	4882	17940	51048	336	728	9368	36854	196	6930	0	5028	468	14002	1448	27142	1100	22692	0	0	0	800	0	170	0	0	0	0	0	0	0	0	0	0	0	0	0	0	0	126	394	760	0	0	0	0	0	344	0	0	0	106	0	0	2452	7858	360	15922	126	574	182	1588	0	0	0	320	0	386	0	0	0	0	0	0	0	0	0	0	0	0	0	0	0	0	0	0	0	0	0	0	0	0	0	0	0	0	0	0	0	0	
242776	Frontal_Sup_Orb_L	222	0	23430	110	0	0	7608	0	11152	0	642	0	3470	0	11904	0	138	0	5930	132	412	0	11932	356	7006	266	6994	0	13444	0	5014	0	0	0	0	0	0	0	0	0	0	0	0	0	0	0	0	0	0	0	0	0	0	0	0	0	0	0	0	0	0	0	0	0	0	0	0	0	0	0	1052	0	9692	0	0	0	0	0	0	0	0	0	482	0	0	0	0	0	0	0	0	0	0	0	0	0	0	0	0	0	0	0	0	0	0	0	0	0	0	0	0	0	0	0	0	0	
127028	Frontal_Sup_Orb_R	0	0	0	7340	0	0	0	98	0	3414	0	0	0	128	0	2478	0	0	524	644	1942	3382	0	6844	174	9278	266	11880	0	1208	722	2612	0	550	0	0	0	106	0	0	0	158	0	0	0	0	0	0	0	0	0	0	0	0	0	0	0	0	0	0	0	0	0	0	0	0	0	0	0	0	1906	2520	1688	3652	0	0	0	0	0	0	0	0	0	0	0	0	0	0	0	0	0	0	0	0	0	0	0	0	0	0	0	0	0	0	0	0	0	0	0	0	0	0	0	0	0	0	
511268	Frontal_Mid_L	26520	928	75280	608	7608	0	0	0	3580	0	17920	0	28560	0	8226	0	1124	0	13290	1484	0	0	22134	1328	876	0	1020	0	11528	0	5764	618	1680	726	102	282	2066	96	308	0	0	0	0	0	0	0	0	0	0	0	0	0	0	0	178	0	2532	0	0	0	230	0	0	0	0	0	0	0	0	0	3102	1894	5390	90	628	0	4258	1950	710	0	550	0	182	0	0	0	0	0	284	0	0	0	0	0	0	0	0	0	0	0	0	0	0	0	0	0	0	0	0	0	0	0	0	0	0	0	
222456	Frontal_Mid_R	144	9568	720	22198	0	98	0	0	0	5714	0	9526	0	11446	0	7582	0	4454	2646	5782	0	0	1454	5486	0	0	0	0	0	7938	0	3840	84	4288	0	0	0	1032	0	0	0	0	0	0	0	0	0	0	0	146	0	0	0	0	0	0	0	1256	0	320	0	0	0	304	0	0	0	398	0	0	376	1586	0	2724	0	0	0	118	0	0	0	0	0	0	0	0	0	0	0	0	0	0	0	0	0	0	0	0	0	0	0	0	0	0	0	0	0	0	0	0	0	0	0	0	0	0	
80576	Frontal_Mid_Orb_L	0	0	4088	0	11152	0	3580	0	0	0	0	0	2192	0	11074	0	0	0	746	0	0	0	910	0	0	0	1454	0	3346	0	0	0	0	0	0	0	0	0	0	0	0	0	0	0	0	0	0	0	0	0	0	0	0	0	0	0	0	0	0	0	0	0	0	0	0	0	0	0	0	0	164	0	1328	0	0	0	0	0	0	0	0	0	254	0	0	0	0	0	0	0	0	0	0	0	0	0	0	0	0	0	0	0	0	0	0	0	0	0	0	0	0	0	0	0	0	0	
109480	Frontal_Mid_Orb_R	0	0	0	6374	0	3414	0	5714	0	0	0	558	0	2672	0	18590	0	0	768	3100	0	0	1204	4544	0	0	0	460	0	1202	118	2218	132	3102	0	0	0	0	0	0	0	0	0	0	0	0	0	0	0	0	0	0	0	0	0	0	0	0	0	0	0	0	0	0	0	0	0	0	0	0	0	90	0	480	0	0	0	0	0	0	0	0	0	0	0	0	0	0	0	0	0	0	0	0	0	0	0	0	0	0	0	0	0	0	0	0	0	0	0	0	0	0	0	0	0	0	
281972	Frontal_Inf_Oper_L	20482	138	18710	368	642	0	17920	0	0	0	0	0	16454	0	136	0	12434	0	10852	1124	0	0	880	0	292	0	0	0	17342	0	846	0	0	194	0	0	410	0	0	0	0	0	0	0	0	0	0	0	0	0	240	0	0	0	0	0	6154	0	198	0	0	0	0	0	0	0	0	0	0	0	926	494	1850	0	392	0	2602	252	1528	0	4892	0	2082	0	152	0	0	0	0	0	0	0	0	0	0	0	0	0	0	0	0	0	0	0	0	0	0	0	0	0	0	0	0	0	0	0	
213612	Frontal_Inf_Oper_R	0	5872	658	13304	0	0	0	9526	0	558	0	0	0	11614	0	586	0	8472	4682	15398	0	0	0	170	0	0	0	0	0	17578	0	426	0	3548	0	0	0	808	0	0	0	0	0	0	0	0	0	0	0	0	0	0	0	0	0	0	0	4082	0	556	0	0	0	782	0	0	0	418	0	0	102	0	0	6154	0	0	0	104	0	180	0	248	0	980	0	0	0	0	0	0	0	0	0	0	0	0	0	0	0	0	0	0	0	0	0	0	0	0	0	0	0	0	0	0	0	0	
214268	Frontal_Inf_Tri_L	1612	0	15110	0	3470	0	28560	0	2192	0	16454	0	0	0	10726	0	378	0	3880	0	0	0	3772	0	914	0	654	0	13688	0	2082	0	0	0	0	0	0	0	0	0	0	0	0	0	0	0	0	0	0	0	0	0	0	0	0	0	0	0	0	0	0	0	0	0	0	0	0	0	0	0	518	0	592	0	0	0	0	0	0	0	1134	0	1274	0	124	0	0	0	0	0	0	0	0	0	0	0	0	0	0	0	0	0	0	0	0	0	0	0	0	0	0	0	0	0	0	0	
122828	Frontal_Inf_Tri_R	0	0	478	7060	0	128	0	11446	0	2672	0	11614	0	0	0	4048	0	0	2598	6822	0	0	0	532	0	0	0	0	0	7944	0	434	0	3204	0	0	0	186	0	0	0	0	0	0	0	0	0	0	0	0	0	0	0	0	0	0	0	0	0	0	0	0	0	0	0	0	0	0	0	0	0	0	0	2116	0	0	0	0	0	0	0	0	0	132	0	0	0	0	0	0	0	0	0	0	0	0	0	0	0	0	0	0	0	0	0	0	0	0	0	0	0	0	0	0	0	0	
157488	Frontal_Inf_Orb_L	0	0	8200	0	11904	0	8226	0	11074	0	136	0	10726	0	0	0	0	0	2146	0	1884	0	2314	0	0	0	944	0	12910	0	112	0	0	0	0	0	578	0	140	0	308	0	0	0	0	0	0	0	0	0	0	0	0	0	236	0	0	0	0	0	0	0	0	0	0	0	0	0	0	0	354	0	4334	0	0	0	0	0	0	0	0	0	2090	0	0	0	0	0	128	0	0	0	0	0	0	0	0	0	0	0	0	0	0	0	0	0	0	0	0	0	0	0	0	0	0	0	
141732	Frontal_Inf_Orb_R	0	0	0	6892	0	2478	0	7582	0	18590	0	586	0	4048	0	0	0	0	960	3554	492	1980	1308	4950	0	0	0	1260	0	5100	176	2584	200	3512	0	0	0	222	0	242	0	320	0	0	0	0	0	0	0	0	0	0	0	0	0	0	0	0	0	0	0	0	0	0	0	0	0	0	0	0	496	660	460	1724	0	0	0	0	0	0	0	0	0	290	0	112	0	88	0	0	0	0	0	0	0	0	0	0	0	0	0	0	0	0	0	0	0	0	0	0	0	0	0	0	0	0	
204340	Rolandic_Oper_L	8152	162	10946	0	138	0	1124	0	0	0	12434	0	378	0	0	0	0	0	9176	186	0	0	146	0	0	0	0	0	19844	0	114	0	0	0	0	0	1928	0	0	0	0	0	0	0	0	0	0	0	0	0	736	0	0	0	380	0	10048	0	618	0	192	0	2832	0	164	0	98	0	0	0	0	610	726	0	0	0	312	628	5696	0	12822	0	920	0	476	0	0	0	184	0	0	0	0	0	0	0	0	0	0	0	0	0	0	0	0	0	0	0	0	0	0	0	0	0	0	0	
125832	Rolandic_Oper_R	0	2270	0	4882	0	0	0	4454	0	0	0	8472	0	0	0	0	0	0	1290	7460	0	0	0	0	0	0	0	0	0	16676	0	0	0	0	0	0	0	1052	0	0	0	0	0	0	0	0	0	0	0	0	0	0	0	0	0	0	0	5140	0	0	0	0	0	2894	0	0	0	0	0	0	0	0	0	3386	0	126	0	0	0	1896	0	1976	0	728	0	86	0	0	0	128	0	0	0	0	0	0	0	0	0	0	0	0	0	0	0	0	0	0	0	0	0	0	0	0	0	0	
832120	Supp_Motor_Area_L	6408	2300	83042	17940	5930	524	13290	2646	746	768	10852	4682	3880	2598	2146	960	9176	1290	0	61978	0	0	18780	8172	1222	614	330	432	28964	3726	8216	17564	11534	31732	4928	240	1570	240	0	0	0	0	0	0	0	0	0	0	0	0	0	0	0	0	872	0	2476	88	0	0	0	0	0	0	0	0	252	0	1402	286	8418	5556	12538	2706	1484	0	468	610	1230	0	6312	0	316	274	240	0	0	0	1112	0	0	0	0	0	0	0	0	0	0	0	0	0	0	0	0	0	0	0	0	0	0	0	0	0	0	0	
865948	Supp_Motor_Area_R	11926	9100	16736	51048	132	644	1484	5782	0	3100	1124	15398	0	6822	0	3554	186	7460	61978	0	0	0	2220	15090	0	742	0	574	3098	19518	4856	24716	7646	60864	794	7380	194	2062	0	622	0	0	0	700	0	244	0	650	0	270	0	0	0	0	0	426	1142	3328	0	0	0	136	0	668	0	0	0	4516	5668	12910	2182	18886	198	20222	222	3442	168	6204	142	154	2164	334	0	652	0	112	0	0	0	170	0	0	0	0	0	0	0	0	0	0	0	0	0	0	0	0	0	0	0	0	214	0	0	0	0	0	
80936	Olfactory_L	0	0	0	336	412	1942	0	0	0	0	0	0	0	0	1884	492	0	0	0	0	0	5084	0	204	702	246	1176	2244	2468	254	2566	2026	0	0	0	0	570	0	510	0	482	0	0	0	0	0	0	0	0	0	0	0	0	0	230	0	0	0	0	0	0	0	0	0	0	0	0	0	0	0	5756	3246	4854	1540	100	0	0	0	0	0	0	0	1144	0	0	0	0	0	0	0	0	0	0	0	0	0	0	0	0	0	0	0	0	0	0	0	0	0	0	0	0	0	0	0	0	0	
99552	Olfactory_R	0	0	0	728	0	3382	0	0	0	0	0	0	0	0	0	1980	0	0	0	0	5084	0	0	460	142	1020	700	3900	0	2682	2116	2624	0	0	0	0	0	302	0	268	0	760	0	0	0	0	0	0	0	0	0	0	0	0	0	0	0	0	0	0	0	0	0	0	0	0	0	0	0	0	7440	6914	5838	2512	496	90	0	178	0	0	0	0	0	160	0	0	0	0	0	0	0	0	0	0	0	0	0	0	0	0	0	0	0	0	0	0	0	0	0	0	0	0	0	0	0	0	
509996	Frontal_Sup_Medial_L	302	0	62446	9368	11932	0	22134	1454	910	1204	880	0	3772	0	2314	1308	146	0	18780	2220	0	0	0	26260	7460	1440	1002	278	9864	0	24294	15602	6074	13300	0	0	0	0	0	0	0	0	0	0	0	0	0	0	0	0	0	0	0	0	0	0	0	0	0	0	0	0	0	0	0	0	0	0	0	0	1892	156	8032	0	0	0	0	0	0	0	0	0	174	0	0	0	0	0	0	0	0	0	0	0	0	0	0	0	0	0	0	0	0	0	0	0	0	0	0	0	0	0	0	0	0	0	
449944	Frontal_Sup_Medial_R	0	0	8564	36854	356	6844	1328	5486	0	4544	0	170	0	532	0	4950	0	0	8172	15090	204	460	26260	0	1156	11924	86	6820	170	748	4944	36352	1722	25734	0	0	0	0	0	0	0	0	0	0	0	0	0	0	0	0	0	0	0	0	0	0	0	0	0	0	0	0	0	0	0	0	0	0	0	0	1142	8672	196	5492	0	0	0	0	0	0	0	0	0	0	0	0	0	0	0	0	0	0	0	0	0	0	0	0	0	0	0	0	0	0	0	0	0	0	0	0	0	0	0	0	0	0	
79448	Frontal_Med_Orb_L	126	0	6442	196	7006	174	876	0	0	0	292	0	914	0	0	0	0	0	1222	0	702	142	7460	1156	0	1614	1704	420	1998	0	4954	600	0	0	0	0	0	0	0	0	0	0	0	0	0	0	0	0	0	0	0	0	0	0	0	0	0	0	0	0	0	0	0	0	0	0	0	0	0	0	726	236	642	122	0	0	0	0	0	0	0	0	0	0	0	0	0	0	0	0	0	0	0	0	0	0	0	0	0	0	0	0	0	0	0	0	0	0	0	0	0	0	0	0	0	0	
119444	Frontal_Med_Orb_R	0	0	506	6930	266	9278	0	0	0	0	0	0	0	0	0	0	0	0	614	742	246	1020	1440	11924	1614	0	0	10346	0	0	1590	5302	0	554	0	0	0	0	0	0	0	0	0	0	0	0	0	0	0	0	0	0	0	0	0	0	0	0	0	0	0	0	0	0	0	0	0	0	0	0	212	3518	204	3416	0	0	0	0	0	0	0	0	0	0	0	0	0	0	0	0	0	0	0	0	0	0	0	0	0	0	0	0	0	0	0	0	0	0	0	0	0	0	0	0	0	0	
62152	Rectus_L	0	0	3730	0	6994	266	1020	0	1454	0	0	0	654	0	944	0	0	0	330	0	1176	700	1002	86	1704	0	0	326	960	0	2750	770	0	0	0	0	0	0	0	0	0	0	0	0	0	0	0	0	0	0	0	0	0	0	0	0	0	0	0	0	0	0	0	0	0	0	0	0	0	0	1748	388	3816	258	0	0	0	0	0	0	0	0	0	0	0	0	0	0	0	0	0	0	0	0	0	0	0	0	0	0	0	0	0	0	0	0	0	0	0	0	0	0	0	0	0	0	
117476	Rectus_R	0	0	110	5028	0	11880	0	0	0	460	0	0	0	0	0	1260	0	0	432	574	2244	3900	278	6820	420	10346	326	0	0	1034	950	3526	0	432	0	0	0	0	0	0	0	0	0	0	0	0	0	0	0	0	0	0	0	0	0	0	0	0	0	0	0	0	0	0	0	0	0	0	0	0	2182	2474	1944	2118	0	0	0	0	0	0	0	0	0	0	0	0	0	0	0	0	0	0	0	0	0	0	0	0	0	0	0	0	0	0	0	0	0	0	0	0	0	0	0	0	0	0	
583556	Insula_L	11070	786	43548	468	13444	0	11528	0	3346	0	17342	0	13688	0	12910	0	19844	0	28964	3098	2468	0	9864	170	1998	0	960	0	0	0	3534	150	390	2242	726	594	13210	478	1016	300	602	0	0	0	0	0	166	100	0	0	1298	0	0	0	5608	178	6408	0	920	0	0	0	904	0	144	0	190	112	0	0	950	1908	14812	0	224	0	2708	1986	6618	0	15562	0	4390	0	2118	0	136	0	5600	0	0	0	0	0	0	0	0	0	0	0	0	0	0	0	0	0	0	0	0	0	0	0	0	0	0	0	
302680	Insula_R	144	2994	370	14002	0	1208	0	7938	0	1202	0	17578	0	7944	0	5100	0	16676	3726	19518	254	2682	0	748	0	0	0	1034	0	0	0	584	0	3400	116	228	110	3394	0	506	0	1026	0	0	0	0	0	0	0	0	0	0	0	0	0	636	0	2370	0	0	0	0	0	526	0	0	0	0	0	0	332	526	256	27134	0	0	86	838	0	872	0	1976	0	1994	0	730	0	308	0	274	0	0	0	0	0	0	0	0	0	0	0	0	0	0	0	0	0	0	0	0	0	0	0	0	0	0	
309424	Cingulum_Ant_L	412	142	22840	1448	5014	722	5764	0	0	118	846	0	2082	0	112	176	114	0	8216	4856	2566	2116	24294	4944	4954	1590	2750	950	3534	0	0	17090	9260	6332	182	0	0	0	0	0	0	0	0	0	0	0	0	0	0	0	0	0	0	0	0	0	0	0	0	0	0	0	0	0	0	0	0	0	0	0	8578	2664	8554	1492	0	0	0	0	0	0	0	0	0	0	0	0	0	0	0	0	0	0	0	0	0	0	0	0	0	0	0	0	0	0	0	0	0	0	0	0	0	0	0	0	0	0	
497696	Cingulum_Ant_R	176	198	5212	27142	0	2612	618	3840	0	2218	0	426	0	434	0	2584	0	0	17564	24716	2026	2624	15602	36352	600	5302	770	3526	150	584	17090	0	4586	36296	0	0	0	0	0	0	0	0	0	0	0	0	0	0	0	0	0	0	0	0	0	0	0	100	0	0	0	0	0	0	0	0	0	0	0	0	4376	19696	1872	9556	0	0	0	0	0	0	0	0	0	0	0	0	0	0	0	0	0	0	0	0	0	0	0	0	0	0	0	0	0	0	0	0	0	0	0	0	0	0	0	0	0	0	
168616	Cingulum_Mid_L	1068	140	4076	1100	0	0	1680	84	0	132	0	0	0	0	0	200	0	0	11534	7646	0	0	6074	1722	0	0	0	0	390	0	9260	4586	0	12168	7282	734	0	0	0	0	0	0	550	0	566	244	0	0	320	262	716	116	0	0	0	0	280	170	152	0	0	0	0	0	0	104	3560	982	4370	1196	0	0	0	0	0	0	0	0	0	0	270	0	0	0	366	0	0	0	208	0	0	0	0	0	0	0	0	0	0	0	0	0	0	0	0	0	0	0	0	0	0	0	0	0	0	0	
594592	Cingulum_Mid_R	5828	1154	6786	22692	0	550	726	4288	0	3102	194	3548	0	3204	0	3512	0	0	31732	60864	0	0	13300	25734	0	554	0	432	2242	3400	6332	36296	12168	0	1420	7838	0	0	0	0	0	0	0	1108	0	1308	0	578	0	1422	0	464	0	0	0	0	198	1464	0	300	0	122	0	0	0	0	588	8788	4624	11768	296	3272	0	630	0	0	0	0	0	0	1946	0	0	0	0	0	0	0	0	0	0	0	0	0	0	0	0	0	0	0	0	0	0	0	0	0	0	0	0	0	524	0	0	0	0	0	
146944	Cingulum_Post_L	5320	1396	210	0	0	0	102	0	0	0	0	0	0	0	0	0	0	0	4928	794	0	0	0	0	0	0	0	0	726	116	182	0	7282	1420	0	9568	5260	4658	696	1230	0	0	1236	98	1332	214	226	518	488	152	222	92	0	0	220	748	892	220	0	0	0	0	0	0	0	0	5946	2242	5592	586	0	0	108	0	0	0	4410	3454	0	0	228	0	0	0	116	0	0	0	244	0	0	0	0	0	0	0	0	0	0	0	0	0	0	0	0	0	0	0	0	0	0	0	0	0	0	0	
194640	Cingulum_Post_R	6752	5294	104	0	0	0	282	0	0	0	0	0	0	0	0	0	0	0	240	7380	0	0	0	0	0	0	0	0	594	228	0	0	734	7838	9568	0	3786	8146	0	2864	0	0	0	1778	0	500	0	3334	0	362	0	0	0	0	152	1564	88	2746	0	0	0	0	0	504	0	0	536	8414	4284	6958	90	0	0	0	0	0	6046	5490	0	0	202	0	0	0	0	0	0	0	176	124	0	0	0	0	0	0	0	0	0	0	0	0	0	0	0	0	0	0	0	0	162	0	0	0	0	0	
254296	Hippocampus_L	10698	704	2156	0	0	0	2066	0	0	0	410	0	0	0	578	0	1928	0	1570	194	570	0	0	0	0	0	0	0	13210	110	0	0	0	0	5260	3786	0	3356	10562	1212	6326	0	1276	0	0	0	2394	662	0	0	192	0	0	0	14668	726	1392	0	158	0	0	0	344	0	0	0	3110	598	0	0	254	162	5644	0	182	0	6444	2200	2852	0	3698	0	1050	0	1344	0	144	0	11994	0	0	0	0	0	0	0	514	0	450	0	0	0	0	0	0	0	0	0	0	0	0	0	0	0	0	0	
256424	Hippocampus_R	1732	4660	174	800	0	106	96	1032	0	0	0	808	0	186	0	222	0	1052	240	2062	0	302	0	0	0	0	0	0	478	3394	0	0	0	0	4658	8146	3356	0	0	18680	0	7892	0	1496	0	0	162	5704	0	110	0	0	0	394	150	23376	0	288	0	0	0	0	0	516	0	0	0	5222	0	0	0	0	0	8338	0	210	4910	6086	0	260	172	330	0	782	0	1724	0	0	160	6836	0	0	0	0	0	0	86	576	0	0	0	0	0	0	0	0	0	0	0	0	248	0	0	0	0	0	
69532	ParaHippocampal_L	658	0	0	0	0	0	308	0	0	0	0	0	0	0	140	0	0	0	0	0	510	0	0	0	0	0	0	0	1016	0	0	0	0	0	696	0	10562	0	0	0	2634	0	1200	0	0	0	3664	182	0	0	0	0	0	0	5686	0	88	0	0	0	0	0	0	0	0	0	2750	0	0	0	0	0	1062	0	0	0	0	100	0	0	136	0	696	0	0	0	298	0	1216	0	0	0	0	0	92	0	660	0	214	0	0	0	0	0	88	0	110	0	0	0	0	0	0	0	0	0	
145640	ParaHippocampal_R	446	104	0	170	0	0	0	0	0	0	0	0	0	0	0	242	0	0	0	622	0	268	0	0	0	0	0	0	300	506	0	0	0	0	1230	2864	1212	18680	0	0	0	4572	0	906	0	0	0	6204	0	0	0	0	0	0	0	18164	0	0	0	0	0	0	0	0	0	0	0	3568	0	0	0	0	0	3082	0	188	1242	2002	0	0	0	0	0	1874	0	314	0	1124	0	1198	0	92	0	0	0	0	0	1344	0	106	0	0	0	0	0	0	0	0	0	0	196	0	0	0	0	0	
34516	Amygdala_L	0	0	0	0	0	0	0	0	0	0	0	0	0	0	308	0	0	0	0	0	482	0	0	0	0	0	0	0	602	0	0	0	0	0	0	0	6326	0	2634	0	0	0	0	0	0	0	0	0	0	0	0	0	0	0	4068	0	0	0	0	0	0	0	0	0	0	0	0	0	0	0	0	0	0	0	0	0	406	0	0	0	0	0	970	0	0	0	240	0	1222	0	0	0	0	0	0	0	0	0	0	0	0	0	0	0	0	0	0	0	0	0	0	0	0	0	0	0	
45692	Amygdala_R	0	0	0	0	0	158	0	0	0	0	0	0	0	0	0	320	0	0	0	0	0	760	0	0	0	0	0	0	0	1026	0	0	0	0	0	0	0	7892	0	4572	0	0	0	0	0	0	0	0	0	0	0	0	0	0	0	4686	0	0	0	0	0	0	0	0	0	0	0	0	0	0	0	0	0	1664	0	0	0	0	0	0	0	0	0	1250	0	0	0	110	0	408	0	0	0	0	0	0	0	0	0	0	0	0	0	0	0	0	0	0	0	0	0	0	0	0	0	0	
216716	Calcarine_L	400	0	0	0	0	0	0	0	0	0	0	0	0	0	0	0	0	0	0	0	0	0	0	0	0	0	0	0	0	0	0	0	550	0	1236	0	1276	0	1200	0	0	0	0	7422	11336	5712	10972	2846	10420	3428	22326	766	3582	84	2862	338	2212	0	774	114	406	0	0	0	1396	0	10834	278	1178	0	0	0	0	0	0	0	0	0	0	0	0	0	0	0	2258	0	0	0	2152	0	0	0	0	0	0	0	0	0	0	0	0	0	0	0	0	0	0	0	0	0	0	0	0	0	0	0	
311244	Calcarine_R	258	0	0	0	0	0	0	0	0	0	0	0	0	0	0	0	0	0	0	700	0	0	0	0	0	0	0	0	0	0	0	0	0	1108	98	1778	0	1496	0	906	0	0	7422	0	3654	29892	4340	21408	0	25212	0	18664	0	4656	0	8762	0	466	0	420	0	0	0	0	0	0	1800	17530	254	1290	0	0	0	0	0	0	0	0	0	0	0	0	0	0	0	1978	0	0	0	1078	0	0	0	0	0	0	0	84	0	88	0	0	0	0	0	0	0	0	0	0	168	112	0	0	0	0	
164084	Cuneus_L	104	0	0	0	0	0	0	0	0	0	0	0	0	0	0	0	0	0	0	0	0	0	0	0	0	0	0	0	0	0	0	0	566	0	1332	0	0	0	0	0	0	0	11336	3654	0	5482	1654	490	17984	1950	12332	532	1894	0	324	320	1114	0	4474	86	148	0	0	0	238	0	13630	922	370	0	0	0	0	0	0	0	0	0	0	0	0	0	0	0	596	0	0	0	510	0	0	0	0	0	0	0	0	0	0	0	0	0	0	0	0	0	0	0	0	0	0	0	0	0	0	0	
381608	Cuneus_R	246	376	0	0	0	0	0	0	0	0	0	0	0	0	0	0	0	0	0	244	0	0	0	0	0	0	0	0	0	0	0	0	244	1308	214	500	0	0	0	0	0	0	5712	29892	5482	0	1864	4718	0	54168	0	14458	0	1256	0	2206	0	2684	0	5088	0	2326	0	280	0	1644	5370	38012	246	2072	0	0	0	0	0	0	0	0	0	0	0	404	0	0	0	7634	0	0	0	2156	0	0	0	0	0	0	0	0	0	0	0	0	0	0	0	0	0	0	0	0	0	0	0	0	0	0	
278860	Lingual_L	134	0	0	0	0	0	0	0	0	0	0	0	0	0	0	0	0	0	0	0	0	0	0	0	0	0	0	0	166	0	0	0	0	0	226	0	2394	162	3664	0	0	0	10972	4340	1654	1864	0	5928	3634	846	10668	892	2588	498	19856	778	0	0	90	0	0	0	0	0	238	0	2982	0	0	0	0	0	0	0	0	0	0	0	422	0	176	0	0	0	644	0	0	0	880	0	13076	1390	616	256	292	0	13302	2060	19404	2644	310	0	612	162	88	0	0	0	0	0	4870	3246	276	0	0	130	
295036	Lingual_R	324	0	0	0	0	0	0	0	0	0	0	0	0	0	0	0	0	0	0	650	0	0	0	0	0	0	0	0	100	0	0	0	0	578	518	3334	662	5704	182	6204	0	0	2846	21408	490	4718	5928	0	0	4038	0	3156	0	3560	954	18220	0	162	0	0	0	0	0	0	0	0	96	8496	118	936	0	0	0	110	0	0	484	186	0	0	0	0	0	0	0	0	0	0	0	256	3130	6062	500	198	112	260	2478	6936	6816	9954	198	0	224	0	268	0	0	0	0	150	7728	7318	570	0	0	198	
180664	Occipital_Sup_L	244	0	0	0	0	0	0	0	0	0	0	0	0	0	0	0	0	0	0	0	0	0	0	0	0	0	0	0	0	0	0	0	320	0	488	0	0	0	0	0	0	0	10420	0	17984	0	3634	0	0	0	29620	0	3254	0	174	0	282	0	8786	0	740	0	0	0	226	0	13032	424	0	0	0	0	0	0	0	0	0	0	0	0	0	0	0	0	394	0	0	0	310	0	0	0	0	0	0	0	0	0	0	0	0	0	0	0	0	0	0	0	0	0	0	0	0	0	0	0	
449948	Occipital_Sup_R	186	550	0	0	0	0	0	146	0	0	0	0	0	0	0	0	0	0	0	270	0	0	0	0	0	0	0	0	0	0	0	0	262	1422	152	362	0	110	0	0	0	0	3428	25212	1950	54168	846	4038	0	0	0	28414	0	1590	0	1282	0	6236	0	11908	0	7386	0	512	0	7098	3526	44256	186	2852	0	0	0	0	0	0	0	0	0	174	0	772	0	0	0	10824	0	0	0	4856	0	0	0	0	0	0	0	0	0	0	0	0	0	0	0	0	0	0	0	0	0	0	0	0	0	0	
466108	Occipital_Mid_L	3836	0	0	0	0	0	0	0	0	0	240	0	0	0	0	0	736	0	0	0	0	0	0	0	0	0	0	0	1298	0	0	0	716	0	222	0	192	0	0	0	0	0	22326	0	12332	0	10668	0	29620	0	0	0	15430	0	6690	0	10750	0	18830	0	15086	0	1164	0	22550	0	16164	326	2094	0	0	0	0	0	0	0	0	0	600	0	650	0	0	0	26418	0	0	0	14116	0	0	0	0	0	0	0	0	0	0	0	0	0	0	0	0	0	0	0	0	0	0	0	0	0	0	0	
261224	Occipital_Mid_R	0	0	0	0	0	0	0	0	0	0	0	0	0	0	0	0	0	0	0	0	0	0	0	0	0	0	0	0	0	0	0	0	116	464	92	0	0	0	0	0	0	0	766	18664	532	14458	892	3156	0	28414	0	0	0	3402	0	1610	0	1386	0	4764	0	6706	0	138	0	18200	1366	12096	0	532	0	0	0	0	0	0	0	0	0	0	0	162	0	0	0	11438	0	0	0	1258	0	0	0	0	0	0	0	0	0	0	0	0	0	0	0	0	0	0	0	0	0	0	0	0	0	0	
78448	Occipital_Inf_L	166	0	0	0	0	0	0	0	0	0	0	0	0	0	0	0	0	0	0	0	0	0	0	0	0	0	0	0	0	0	0	0	0	0	0	0	0	0	0	0	0	0	3582	0	1894	0	2588	0	3254	0	15430	0	0	0	5308	0	0	0	86	0	0	0	0	0	262	0	398	0	0	0	0	0	0	0	0	0	0	0	0	0	0	0	0	0	2644	0	0	0	3612	0	0	0	0	0	0	0	0	0	0	0	0	0	0	0	0	0	0	0	0	0	0	0	0	0	0	0	
53496	Occipital_Inf_R	0	0	0	0	0	0	0	0	0	0	0	0	0	0	0	0	0	0	0	0	0	0	0	0	0	0	0	0	0	0	0	0	0	0	0	0	0	394	0	0	0	0	84	4656	0	1256	498	3560	0	1590	0	3402	0	0	0	4420	0	0	0	0	0	0	0	92	0	0	0	436	0	0	0	0	0	0	0	0	0	0	0	0	0	0	0	0	0	1010	0	0	0	4944	0	0	0	0	0	0	0	0	0	290	0	0	0	0	0	0	0	0	0	0	0	116	0	0	0	0	
331320	Fusiform_L	1182	0	950	0	0	0	178	0	0	0	0	0	0	0	236	0	380	0	872	0	230	0	0	0	0	0	0	0	5608	0	0	0	0	0	220	152	14668	150	5686	0	4068	0	2862	0	324	0	19856	954	174	0	6690	0	5308	0	0	86	226	0	368	0	0	0	0	0	268	0	1480	0	230	0	0	0	2338	0	0	0	200	178	2688	0	3166	0	3870	0	4584	0	2672	0	19890	0	15192	86	762	0	344	0	10490	0	22594	510	232	0	170	0	0	0	0	0	0	0	668	1620	0	0	0	0	
314712	Fusiform_R	284	0	0	126	0	0	0	0	0	0	0	0	0	0	0	0	0	0	0	426	0	0	0	0	0	0	0	0	178	636	0	0	0	0	748	1564	726	23376	0	18164	0	4686	338	8762	320	2206	778	18220	0	1282	0	1610	0	4420	86	0	0	0	0	0	0	0	0	0	0	0	112	2096	0	0	0	0	0	3524	0	0	786	1648	0	124	0	140	0	3226	0	3882	0	2572	0	13462	402	7402	0	390	0	298	614	7966	1728	10494	0	0	0	422	0	0	0	0	0	0	4398	2490	244	0	0	0	
338268	Postcentral_L	33916	454	4166	394	0	0	2532	0	0	0	6154	0	0	0	0	0	10048	0	2476	1142	0	0	0	0	0	0	0	0	6408	0	0	0	280	198	892	88	1392	0	88	0	0	0	2212	0	1114	0	0	0	282	0	10750	0	0	0	226	0	0	0	9376	0	20680	0	8432	0	4810	0	7464	0	7974	0	310	512	738	0	644	0	2148	484	5064	0	6938	0	0	0	5006	0	0	0	3342	0	0	0	0	0	0	0	0	0	0	0	0	0	0	0	0	0	0	0	0	0	0	0	0	0	0	0	
222308	Postcentral_R	746	25176	0	760	0	0	0	1256	0	0	0	4082	0	0	0	0	0	5140	88	3328	0	0	0	0	0	0	0	0	0	2370	0	100	170	1464	220	2746	0	288	0	0	0	0	0	466	0	2684	0	162	0	6236	0	1386	0	0	0	0	0	0	0	9980	0	7646	0	12396	0	2126	308	9602	762	5300	0	298	0	1690	0	0	0	260	0	608	0	564	0	0	0	304	0	0	0	442	0	0	0	0	0	0	0	0	0	0	0	0	0	0	0	0	0	0	0	0	0	0	0	0	0	0	
167284	Parietal_Sup_L	2770	0	0	0	0	0	0	0	0	0	198	0	0	0	0	0	618	0	0	0	0	0	0	0	0	0	0	0	920	0	0	0	152	0	0	0	158	0	0	0	0	0	774	0	4474	0	90	0	8786	0	18830	0	86	0	368	0	9376	0	0	0	12502	0	278	0	6556	0	13734	192	1672	0	0	0	0	0	0	0	0	0	416	0	350	0	0	0	178	0	0	0	164	0	0	0	0	0	0	0	0	0	0	0	0	0	0	0	0	0	0	0	0	0	0	0	0	0	0	0	
138936	Parietal_Sup_R	0	436	0	0	0	0	0	320	0	0	0	556	0	0	0	0	0	0	0	0	0	0	0	0	0	0	0	0	0	0	0	0	0	300	0	0	0	0	0	0	0	0	114	420	86	5088	0	0	0	11908	0	4764	0	0	0	0	0	9980	0	0	0	12682	0	212	0	7466	372	13858	0	294	0	0	0	0	0	0	0	0	0	204	0	408	0	0	0	0	0	0	0	0	0	0	0	0	0	0	0	0	0	0	0	0	0	0	0	0	0	0	0	0	0	0	0	0	0	0	
223844	Parietal_Inf_L	3614	0	0	0	0	0	230	0	0	0	0	0	0	0	0	0	192	0	0	0	0	0	0	0	0	0	0	0	0	0	0	0	0	0	0	0	0	0	0	0	0	0	406	0	148	0	0	0	740	0	15086	0	0	0	0	0	20680	0	12502	0	0	0	16136	0	24900	0	2358	0	1966	0	0	0	0	0	0	0	0	0	0	0	1756	0	0	0	7372	0	0	0	3836	0	0	0	0	0	0	0	0	0	0	0	0	0	0	0	0	0	0	0	0	0	0	0	0	0	0	0	
151440	Parietal_Inf_R	0	512	0	0	0	0	0	0	0	0	0	0	0	0	0	0	0	0	0	136	0	0	0	0	0	0	0	0	0	0	0	0	0	122	0	0	0	0	0	0	0	0	0	0	0	2326	0	0	0	7386	0	6706	0	0	0	0	0	7646	0	12682	0	0	0	9174	0	18254	0	4572	0	162	0	0	0	0	0	0	0	0	0	0	0	818	0	0	0	3010	0	0	0	2214	0	0	0	0	0	0	0	0	0	0	0	0	0	0	0	0	0	0	0	0	0	0	0	0	0	0	
113520	SupraMarginal_L	748	0	0	0	0	0	0	0	0	0	0	0	0	0	0	0	2832	0	0	0	0	0	0	0	0	0	0	0	904	0	0	0	0	0	0	0	344	0	0	0	0	0	0	0	0	0	0	0	0	0	1164	0	0	0	0	0	8432	0	278	0	16136	0	0	0	8846	0	190	0	0	0	0	0	0	0	0	0	0	0	0	0	6388	0	0	0	7398	0	0	0	3100	0	0	0	0	0	0	0	0	0	0	0	0	0	0	0	0	0	0	0	0	0	0	0	0	0	0	0	
115524	SupraMarginal_R	0	4060	0	344	0	0	0	304	0	0	0	782	0	0	0	0	0	2894	0	668	0	0	0	0	0	0	0	0	0	526	0	0	0	0	0	504	0	516	0	0	0	0	0	0	0	280	0	0	0	512	0	138	0	92	0	0	0	12396	0	212	0	9174	0	0	0	6760	0	616	0	0	0	244	0	530	0	0	0	88	0	336	0	5512	0	0	0	5042	0	0	0	5232	0	0	0	0	0	0	0	0	0	0	0	0	0	0	0	0	0	0	0	0	0	0	0	0	0	0	
184912	Angular_L	1360	0	0	0	0	0	0	0	0	0	0	0	0	0	0	0	164	0	0	0	0	0	0	0	0	0	0	0	144	0	0	0	0	0	0	0	0	0	0	0	0	0	1396	0	238	0	238	0	226	0	22550	0	262	0	268	0	4810	0	6556	0	24900	0	8846	0	0	0	932	0	650	0	0	0	0	0	0	0	0	0	0	0	2552	0	0	0	12346	0	0	0	4018	0	0	0	0	0	0	0	0	0	0	0	0	0	0	0	0	0	0	0	0	0	0	0	0	0	0	0	
146484	Angular_R	0	0	0	0	0	0	0	0	0	0	0	0	0	0	0	0	0	0	0	0	0	0	0	0	0	0	0	0	0	0	0	0	104	0	0	0	0	0	0	0	0	0	0	0	0	1644	0	0	0	7098	0	18200	0	0	0	0	0	2126	0	7466	0	18254	0	6760	0	0	166	2258	0	0	0	0	0	0	0	0	0	0	0	0	0	1728	0	0	0	5214	0	0	0	2224	0	0	0	0	0	0	0	0	0	0	0	0	0	0	0	0	0	0	0	0	0	0	0	0	0	0	
267788	Precuneus_L	1490	86	0	0	0	0	0	0	0	0	0	0	0	0	0	0	98	0	252	0	0	0	0	0	0	0	0	0	190	0	0	0	3560	588	5946	536	3110	0	2750	0	0	0	10834	1800	13630	5370	2982	96	13032	3526	16164	1366	398	0	1480	112	7464	308	13734	372	2358	0	190	0	932	166	0	8182	5634	338	0	0	0	0	0	0	0	0	0	0	0	0	0	0	2868	0	0	0	1798	0	0	0	0	0	0	0	154	0	0	0	0	0	0	0	0	0	0	0	0	0	0	0	0	0	0	0	
466020	Precuneus_R	1448	1384	0	106	0	0	0	398	0	0	0	418	0	0	0	0	0	0	0	4516	0	0	0	0	0	0	0	0	112	0	0	0	982	8788	2242	8414	598	5222	0	3568	0	0	278	17530	922	38012	0	8496	424	44256	326	12096	0	436	0	2096	0	9602	192	13858	0	4572	0	616	0	2258	8182	0	1292	12086	0	0	0	0	0	0	582	114	0	264	0	890	0	0	0	9364	0	0	0	4712	0	0	0	0	0	0	0	222	0	0	0	0	0	0	0	0	0	0	0	0	1136	0	0	0	0	0	
148600	Paracentral_Lobule_L	13912	3500	448	0	0	0	0	0	0	0	0	0	0	0	0	0	0	0	1402	5668	0	0	0	0	0	0	0	0	0	0	0	0	4370	4624	5592	4284	0	0	0	0	0	0	1178	254	370	246	0	118	0	186	2094	0	0	0	230	0	7974	762	1672	0	1966	0	0	0	650	0	5634	1292	0	3500	0	0	0	0	0	0	0	0	0	0	108	0	0	0	1258	0	0	0	1008	0	0	0	0	0	0	0	0	0	0	0	0	0	0	0	0	0	0	0	0	0	0	0	0	0	0	0	
137680	Paracentral_Lobule_R	3242	1616	0	0	0	0	0	0	0	0	0	0	0	0	0	0	0	0	286	12910	0	0	0	0	0	0	0	0	0	0	0	0	1196	11768	586	6958	0	0	0	0	0	0	0	1290	0	2072	0	936	0	2852	0	532	0	0	0	0	0	5300	0	294	0	162	0	0	0	0	338	12086	3500	0	0	0	0	0	0	0	0	0	0	0	0	0	0	0	0	260	0	0	0	238	0	0	0	0	0	0	0	0	0	0	0	0	0	0	0	0	0	0	0	0	418	0	0	0	0	0	
219960	Caudate_L	3062	1070	10296	2452	1052	1906	3102	376	164	0	926	102	518	0	354	496	0	0	8418	2182	5756	7440	1892	1142	726	212	1748	2182	950	332	8578	4376	0	296	0	90	254	0	0	0	0	0	0	0	0	0	0	0	0	0	0	0	0	0	0	0	310	0	0	0	0	0	0	0	0	0	0	0	0	0	0	9332	14782	2200	2898	88	7250	670	0	0	0	0	0	0	0	0	0	0	0	0	0	0	0	0	0	0	0	0	0	0	0	0	0	0	0	0	0	0	0	0	0	0	0	0	0	0	
322976	Caudate_R	2936	5954	3510	7858	0	2520	1894	1586	0	90	494	0	0	0	0	660	610	0	5556	18886	3246	6914	156	8672	236	3518	388	2474	1908	526	2664	19696	0	3272	0	0	162	0	0	0	0	0	0	0	0	0	0	0	0	0	0	0	0	0	0	0	512	298	0	0	0	0	0	244	0	0	0	0	0	0	9332	0	4732	16864	518	1690	660	18922	384	0	724	0	0	0	222	0	0	0	0	0	0	0	0	0	0	0	0	0	0	0	0	0	0	0	0	0	0	0	0	0	0	0	0	0	0	0	
320312	Putamen_L	4862	1186	21344	360	9692	1688	5390	0	1328	0	1850	0	592	0	4334	460	726	0	12538	198	4854	5838	8032	196	642	204	3816	1944	14812	256	8554	1872	0	0	108	0	5644	0	1062	0	0	0	0	0	0	0	0	0	0	0	0	0	0	0	2338	0	738	0	0	0	0	0	0	0	0	0	0	0	0	0	14782	4732	0	1712	5356	0	862	0	0	0	1200	0	618	0	364	0	0	0	2818	0	0	0	0	0	0	0	92	0	162	0	0	0	0	0	0	0	0	0	0	0	0	0	0	0	0	0	
323296	Putamen_R	416	1730	902	15922	0	3652	90	2724	0	480	0	6154	0	2116	0	1724	0	3386	2706	20222	1540	2512	0	5492	122	3416	258	2118	0	27134	1492	9556	0	630	0	0	0	8338	0	3082	0	1664	0	0	0	0	0	110	0	0	0	0	0	0	0	3524	0	1690	0	0	0	0	0	530	0	0	0	0	0	0	2200	16864	1712	0	0	2248	126	1314	0	0	0	748	0	448	0	198	0	0	0	358	0	0	0	0	0	0	0	0	0	0	0	0	0	0	0	0	0	0	0	0	0	0	0	0	0	0	
39756	Pallidum_L	1352	1242	2160	126	0	0	628	0	0	0	392	0	0	0	0	0	0	0	1484	222	100	496	0	0	0	0	0	0	224	0	0	0	0	0	0	0	182	0	0	0	0	0	0	0	0	0	0	0	0	0	0	0	0	0	0	0	644	0	0	0	0	0	0	0	0	0	0	0	0	0	2898	518	5356	0	0	0	1854	0	0	0	0	0	0	0	0	0	0	0	0	0	0	0	0	0	0	0	0	0	0	0	0	0	0	0	0	0	0	0	0	0	0	0	0	0	0	0	
17612	Pallidum_R	150	0	0	574	0	0	0	0	0	0	0	0	0	0	0	0	0	126	0	3442	0	90	0	0	0	0	0	0	0	0	0	0	0	0	0	0	0	210	0	188	0	0	0	0	0	0	0	0	0	0	0	0	0	0	0	0	0	0	0	0	0	0	0	0	0	0	0	0	0	0	88	1690	0	2248	0	0	0	0	0	0	0	0	0	0	0	0	0	0	0	0	0	0	0	0	0	0	0	0	0	0	0	0	0	0	0	0	0	0	0	0	0	0	0	0	0	0	
157288	Thalamus_L	15960	2362	764	182	0	0	4258	0	0	0	2602	0	0	0	0	0	312	0	468	168	0	0	0	0	0	0	0	0	2708	86	0	0	0	0	4410	6046	6444	4910	0	1242	406	0	0	0	0	0	0	484	0	0	0	0	0	0	200	786	2148	0	0	0	0	0	0	0	0	0	0	582	0	0	7250	660	862	126	1854	0	0	9368	214	0	574	0	0	0	0	0	0	0	208	0	0	0	0	0	0	0	0	0	0	0	0	0	0	0	0	0	0	0	0	0	0	0	0	0	0	0	
176760	Thalamus_R	4616	13288	1690	1588	0	0	1950	118	0	0	252	104	0	0	0	0	628	0	610	6204	0	178	0	0	0	0	0	0	1986	838	0	0	0	0	3454	5490	2200	6086	100	2002	0	0	0	0	0	0	0	186	0	0	0	0	0	0	178	1648	484	260	0	0	0	0	0	88	0	0	0	114	0	0	670	18922	0	1314	0	0	9368	0	388	0	768	0	0	0	246	0	0	0	178	186	0	0	0	0	0	0	0	0	0	0	0	0	0	0	0	0	0	0	0	0	0	0	0	0	0	0	
86728	Heschl_L	4382	0	1716	0	0	0	710	0	0	0	1528	0	0	0	0	0	5696	0	1230	142	0	0	0	0	0	0	0	0	6618	0	0	0	0	0	0	0	2852	0	0	0	0	0	0	0	0	0	422	0	0	0	600	0	0	0	2688	0	5064	0	416	0	0	0	0	0	0	0	0	0	0	0	0	384	0	0	0	0	214	388	0	0	6428	0	0	0	568	0	0	0	1318	0	0	0	0	0	0	0	0	0	0	0	0	0	0	0	0	0	0	0	0	0	0	0	0	0	0	0	
18136	Heschl_R	0	114	0	0	0	0	0	0	0	0	0	180	0	0	0	0	0	1896	0	154	0	0	0	0	0	0	0	0	0	872	0	0	0	0	0	0	0	260	0	0	0	0	0	0	0	0	0	0	0	174	0	0	0	0	0	124	0	608	0	204	0	0	0	336	0	0	0	264	0	0	0	0	0	0	0	0	0	0	0	0	0	3504	0	0	0	180	0	0	0	198	0	0	0	0	0	0	0	0	0	0	0	0	0	0	0	0	0	0	0	0	0	0	0	0	0	0	
252248	Temporal_Sup_L	4348	196	5976	0	0	0	550	0	0	0	4892	0	1134	0	0	0	12822	0	6312	2164	0	0	0	0	0	0	0	0	15562	0	0	0	270	1946	228	202	3698	172	136	0	0	0	0	0	0	0	176	0	0	0	650	0	0	0	3166	0	6938	0	350	0	1756	0	6388	0	2552	0	0	0	108	0	0	724	1200	0	0	0	574	768	6428	0	0	0	4240	0	19524	0	0	0	9974	0	0	0	0	0	0	0	0	0	0	0	0	0	0	0	0	0	0	0	0	0	0	0	0	0	0	0	
69572	Temporal_Sup_R	0	216	0	320	0	0	0	0	0	0	0	248	0	0	0	0	0	1976	0	334	0	0	0	0	0	0	0	0	0	1976	0	0	0	0	0	0	0	330	0	0	0	0	0	0	0	404	0	0	0	772	0	162	0	0	0	140	0	564	0	408	0	818	0	5512	0	1728	0	890	0	0	0	0	0	748	0	0	0	0	0	3504	0	0	0	1794	0	7974	0	366	0	3602	0	0	0	0	0	0	0	0	0	0	0	0	0	0	0	0	0	0	0	0	0	0	0	0	0	0	
81044	Temporal_Pole_Sup_L	0	0	482	0	482	0	182	0	254	0	2082	0	1274	0	2090	0	920	0	316	0	1144	0	174	0	0	0	0	0	4390	0	0	0	0	0	0	0	1050	0	696	0	970	0	0	0	0	0	0	0	0	0	0	0	0	0	3870	0	0	0	0	0	0	0	0	0	0	0	0	0	0	0	0	0	618	0	0	0	0	0	0	0	4240	0	0	0	5498	0	4746	0	5044	0	0	0	0	0	0	0	0	0	0	0	0	0	0	0	0	0	0	0	0	0	0	0	0	0	0	0	
43280	Temporal_Pole_Sup_R	0	0	0	386	0	0	0	0	0	0	0	980	0	132	0	290	0	728	274	652	0	160	0	0	0	0	0	0	0	1994	0	0	0	0	0	0	0	782	0	1874	0	1250	0	0	0	0	0	0	0	0	0	0	0	0	0	3226	0	0	0	0	0	0	0	0	0	0	0	0	0	0	0	0	0	448	0	0	0	0	0	0	0	1794	0	0	0	1788	0	3458	0	1424	0	0	0	0	0	0	0	0	0	0	0	0	0	0	0	0	0	0	0	0	0	0	0	0	0	0	
329164	Temporal_Mid_L	3334	0	254	0	0	0	0	0	0	0	152	0	124	0	0	0	476	0	240	0	0	0	0	0	0	0	0	0	2118	0	0	0	366	0	116	0	1344	0	0	0	0	0	2258	0	596	0	644	0	394	0	26418	0	2644	0	4584	0	5006	0	178	0	7372	0	7398	0	12346	0	2868	0	1258	0	0	222	364	0	0	0	0	246	568	0	19524	0	5498	0	0	0	5322	0	50258	0	0	0	0	0	0	0	0	0	92	0	0	0	0	0	0	0	0	0	0	0	0	0	0	0	0	0	
195040	Temporal_Mid_R	0	100	0	0	0	0	0	0	0	0	0	0	0	0	0	112	0	86	0	112	0	0	0	0	0	0	0	0	0	730	0	0	0	0	0	0	0	1724	0	314	0	0	0	1978	0	7634	0	0	0	10824	0	11438	0	1010	0	3882	0	304	0	0	0	3010	0	5042	0	5214	0	9364	0	260	0	0	0	198	0	0	0	0	0	180	0	7974	0	1788	0	0	0	1782	0	22460	0	0	0	0	0	0	0	0	0	0	0	0	0	0	0	0	0	0	0	0	0	0	0	0	0	0	
38432	Temporal_Pole_Mid_L	0	0	0	0	0	0	0	0	0	0	0	0	0	0	0	0	0	0	0	0	0	0	0	0	0	0	0	0	136	0	0	0	0	0	0	0	144	0	298	0	240	0	0	0	0	0	0	0	0	0	0	0	0	0	2672	0	0	0	0	0	0	0	0	0	0	0	0	0	0	0	0	0	0	0	0	0	0	0	0	0	0	0	4746	0	5322	0	0	0	5658	0	0	0	0	0	0	0	0	0	0	0	0	0	0	0	0	0	0	0	0	0	0	0	0	0	0	0	
22728	Temporal_Pole_Mid_R	0	0	0	0	0	0	0	0	0	0	0	0	0	0	0	88	0	0	0	0	0	0	0	0	0	0	0	0	0	308	0	0	0	0	0	0	0	0	0	1124	0	110	0	0	0	0	0	0	0	0	0	0	0	0	0	2572	0	0	0	0	0	0	0	0	0	0	0	0	0	0	0	0	0	0	0	0	0	0	0	0	0	366	0	3458	0	1782	0	0	0	1556	0	0	0	0	0	0	0	0	0	0	0	0	0	0	0	0	0	0	0	0	0	0	0	0	0	0	
332460	Temporal_Inf_L	2694	0	1146	0	0	0	284	0	0	0	0	0	0	0	128	0	184	0	1112	0	0	0	0	0	0	0	0	0	5600	0	0	0	208	0	244	176	11994	160	1216	0	1222	0	2152	0	510	0	880	0	310	0	14116	0	3612	0	19890	0	3342	0	164	0	3836	0	3100	0	4018	0	1798	0	1008	0	0	0	2818	0	0	0	208	178	1318	0	9974	0	5044	0	50258	0	5658	0	0	0	2820	0	390	0	94	0	580	0	1686	0	100	0	0	0	0	0	0	0	0	0	0	0	0	0	0	0	
166368	Temporal_Inf_R	0	146	0	0	0	0	0	0	0	0	0	0	0	0	0	0	0	128	0	170	0	0	0	0	0	0	0	0	0	274	0	0	0	0	0	124	0	6836	0	1198	0	408	0	1078	0	2156	0	256	0	4856	0	1258	0	4944	0	13462	0	442	0	0	0	2214	0	5232	0	2224	0	4712	0	238	0	0	0	358	0	0	0	186	0	198	0	3602	0	1424	0	22460	0	1556	0	0	0	830	0	214	0	0	0	0	0	0	0	0	0	0	0	0	0	0	0	0	0	0	0	0	0	0	
425940	Cerebelum_Crus1_L	0	0	0	0	0	0	0	0	0	0	0	0	0	0	0	0	0	0	0	0	0	0	0	0	0	0	0	0	0	0	0	0	0	0	0	0	0	0	0	0	0	0	0	0	0	0	13076	3130	0	0	0	0	0	0	15192	402	0	0	0	0	0	0	0	0	0	0	0	0	0	0	0	0	0	0	0	0	0	0	0	0	0	0	0	0	0	0	0	0	2820	0	0	3710	35496	4054	2344	296	17534	888	50472	4594	12674	968	13638	2786	2124	770	0	0	126	568	6256	7648	8448	1916	756	284	
389464	Cerebelum_Crus1_R	0	0	0	0	0	0	0	0	0	0	0	0	0	0	0	0	0	0	0	0	0	0	0	0	0	0	0	0	0	0	0	0	0	0	0	0	0	0	0	92	0	0	0	0	0	0	1390	6062	0	0	0	0	0	0	86	7402	0	0	0	0	0	0	0	0	0	0	0	0	0	0	0	0	0	0	0	0	0	0	0	0	0	0	0	0	0	0	0	0	0	830	3710	0	996	31996	664	2538	3462	16872	4408	48948	752	3084	1098	26872	576	2880	0	348	258	952	12108	6294	6146	2134	1032	742	
251248	Cerebelum_Crus2_L	0	0	0	0	0	0	0	0	0	0	0	0	0	0	0	0	0	0	0	0	0	0	0	0	0	0	0	0	0	0	0	0	0	0	0	0	0	0	0	0	0	0	0	0	0	0	616	500	0	0	0	0	0	0	762	0	0	0	0	0	0	0	0	0	0	0	0	0	0	0	0	0	0	0	0	0	0	0	0	0	0	0	0	0	0	0	0	0	390	0	35496	996	0	7008	772	0	1846	0	6840	874	28042	3890	22342	1640	3502	190	0	0	0	160	546	1256	5986	1674	204	92	
236908	Cerebelum_Crus2_R	0	0	0	0	0	0	0	0	0	0	0	0	0	0	0	0	0	0	0	0	0	0	0	0	0	0	0	0	0	0	0	0	0	0	0	0	0	0	0	0	0	0	0	0	0	0	256	198	0	0	0	0	0	0	0	390	0	0	0	0	0	0	0	0	0	0	0	0	0	0	0	0	0	0	0	0	0	0	0	0	0	0	0	0	0	0	0	0	0	214	4054	31996	7008	0	274	870	890	2286	1102	10350	2194	13854	2350	25424	336	1956	0	0	0	308	2308	1052	6730	1482	336	236	
55416	Cerebelum_3_L	0	0	0	0	0	0	0	0	0	0	0	0	0	0	0	0	0	0	0	0	0	0	0	0	0	0	0	0	0	0	0	0	0	0	0	0	0	0	92	0	0	0	0	0	0	0	292	112	0	0	0	0	0	0	344	0	0	0	0	0	0	0	0	0	0	0	0	0	0	0	0	0	0	0	0	0	0	0	0	0	0	0	0	0	0	0	0	0	94	0	2344	664	772	274	0	124	6702	202	3662	772	128	0	428	482	2182	216	602	0	848	3218	1570	558	628	294	104	0	
55184	Cerebelum_3_R	0	0	0	0	0	0	0	0	0	0	0	0	0	0	0	0	0	0	0	0	0	0	0	0	0	0	0	0	0	0	0	0	0	0	0	0	0	0	0	0	0	0	0	0	0	0	0	260	0	0	0	0	0	0	0	298	0	0	0	0	0	0	0	0	0	0	0	0	0	0	0	0	0	0	0	0	0	0	0	0	0	0	0	0	0	0	0	0	0	0	296	2538	0	870	124	0	382	4710	318	5366	0	0	102	1686	0	1106	0	192	2052	3682	1920	236	380	510	480	84	
265820	Cerebelum_4_5_L	0	0	0	0	0	0	0	0	0	0	0	0	0	0	0	0	0	0	0	0	0	0	0	0	0	0	0	0	0	0	0	0	0	0	0	0	514	86	660	0	0	0	0	0	0	0	13302	2478	0	0	0	0	0	0	10490	614	0	0	0	0	0	0	0	0	0	0	154	0	0	0	0	0	92	0	0	0	0	0	0	0	0	0	0	0	0	0	0	0	580	0	17534	3462	1846	890	6702	382	0	4860	33442	4836	946	0	1478	1010	3278	218	1410	0	0	1484	14508	3350	864	328	146	966	
219052	Cerebelum_4_5_R	0	0	0	0	0	0	0	0	0	0	0	0	0	0	0	0	0	0	0	0	0	0	0	0	0	0	0	0	0	0	0	0	0	0	0	0	0	576	0	1344	0	0	0	84	0	0	2060	6936	0	0	0	0	0	0	0	7966	0	0	0	0	0	0	0	0	0	0	0	222	0	0	0	0	0	0	0	0	0	0	0	0	0	0	0	0	0	0	0	0	0	0	888	16872	0	2286	202	4710	4860	0	3648	29616	0	0	96	3110	332	472	0	488	204	750	17120	3446	464	266	122	386	
421368	Cerebelum_6_L	0	0	0	0	0	0	0	0	0	0	0	0	0	0	0	0	0	0	0	0	0	0	0	0	0	0	0	0	0	0	0	0	0	0	0	0	450	0	214	0	0	0	0	0	0	0	19404	6816	0	0	0	0	0	0	22594	1728	0	0	0	0	0	0	0	0	0	0	0	0	0	0	0	0	162	0	0	0	0	0	0	0	0	0	0	0	92	0	0	0	1686	0	50472	4408	6840	1102	3662	318	33442	3648	0	7406	2412	0	4164	1662	3524	906	90	0	154	668	11966	13628	3812	1370	900	984	
391984	Cerebelum_6_R	0	0	0	0	0	0	0	0	0	0	0	0	0	0	0	0	0	0	0	0	0	0	0	0	0	0	0	0	0	0	0	0	0	0	0	0	0	0	0	106	0	0	0	88	0	0	2644	9954	0	0	0	0	0	290	510	10494	0	0	0	0	0	0	0	0	0	0	0	0	0	0	0	0	0	0	0	0	0	0	0	0	0	0	0	0	0	0	0	0	0	0	4594	48948	874	10350	772	5366	4836	29616	7406	0	596	694	978	12966	704	2544	0	582	506	1306	16896	11128	5872	1872	1458	1042	
187528	Cerebelum_7b_L	0	0	0	0	0	0	0	0	0	0	0	0	0	0	0	0	0	0	0	0	0	0	0	0	0	0	0	0	0	0	0	0	0	0	0	0	0	0	0	0	0	0	0	0	0	0	310	198	0	0	0	0	0	0	232	0	0	0	0	0	0	0	0	0	0	0	0	0	0	0	0	0	0	0	0	0	0	0	0	0	0	0	0	0	0	0	0	0	100	0	12674	752	28042	2194	128	0	946	0	2412	596	0	1298	27564	1174	3732	624	90	0	0	0	298	922	5006	3630	688	154	
90700	Cerebelum_7b_R	0	0	0	0	0	0	0	0	0	0	0	0	0	0	0	0	0	0	0	0	0	0	0	0	0	0	0	0	0	0	0	0	0	0	0	0	0	0	0	0	0	0	0	0	0	0	0	0	0	0	0	0	0	0	0	0	0	0	0	0	0	0	0	0	0	0	0	0	0	0	0	0	0	0	0	0	0	0	0	0	0	0	0	0	0	0	0	0	0	0	968	3084	3890	13854	0	0	0	0	0	694	1298	0	1142	13378	0	3158	0	0	0	0	0	0	2702	1182	0	0	
235296	Cerebelum_8_L	0	0	0	0	0	0	0	0	0	0	0	0	0	0	0	0	0	0	0	0	0	0	0	0	0	0	0	0	0	0	0	0	0	0	0	0	0	0	0	0	0	0	0	0	0	0	612	224	0	0	0	0	0	0	170	0	0	0	0	0	0	0	0	0	0	0	0	0	0	0	0	0	0	0	0	0	0	0	0	0	0	0	0	0	0	0	0	0	0	0	13638	1098	22342	2350	428	102	1478	96	4164	978	27564	1142	0	3652	13278	2112	688	86	0	118	580	2454	7866	7048	2662	718	
259764	Cerebelum_8_R	0	0	0	0	0	0	0	0	0	0	0	0	0	0	0	0	0	0	0	0	0	0	0	0	0	0	0	0	0	0	0	0	0	0	0	0	0	0	0	0	0	0	0	0	0	0	162	0	0	0	0	0	0	0	0	422	0	0	0	0	0	0	0	0	0	0	0	0	0	0	0	0	0	0	0	0	0	0	0	0	0	0	0	0	0	0	0	0	0	0	2786	26872	1640	25424	482	1686	1010	3110	1662	12966	1174	13378	3652	0	736	13262	0	416	210	678	2274	1798	6198	5378	2110	396	
100152	Cerebelum_9_L	0	0	0	0	0	0	0	0	0	0	0	0	0	0	0	0	0	0	0	0	0	0	0	0	0	0	0	0	0	0	0	0	0	0	0	0	0	0	88	0	0	0	0	0	0	0	88	268	0	0	0	0	0	0	0	0	0	0	0	0	0	0	0	0	0	0	0	0	0	0	0	0	0	0	0	0	0	0	0	0	0	0	0	0	0	0	0	0	0	0	2124	576	3502	336	2182	0	3278	332	3524	704	3732	0	13278	736	0	1568	3626	0	88	268	902	2124	2334	1636	1518	1264	
107740	Cerebelum_9_R	0	0	0	0	0	0	0	0	0	0	0	0	0	0	0	0	0	0	0	0	0	0	0	0	0	0	0	0	0	0	0	0	0	0	0	0	0	0	0	0	0	0	0	0	0	0	0	0	0	0	0	0	0	0	0	0	0	0	0	0	0	0	0	0	0	0	0	0	0	0	0	0	0	0	0	0	0	0	0	0	0	0	0	0	0	0	0	0	0	0	770	2880	190	1956	216	1106	218	472	906	2544	624	3158	2112	13262	1568	0	0	1820	1070	1196	332	1990	3182	5274	5102	1922	
13864	Cerebelum_10_L	0	0	0	0	0	0	0	0	0	0	0	0	0	0	0	0	0	0	0	0	0	0	0	0	0	0	0	0	0	0	0	0	0	0	0	0	0	0	110	0	0	0	0	0	0	0	0	0	0	0	0	0	0	0	0	0	0	0	0	0	0	0	0	0	0	0	0	0	0	0	0	0	0	0	0	0	0	0	0	0	0	0	0	0	0	0	0	0	0	0	0	0	0	0	602	0	1410	0	90	0	90	0	688	0	3626	0	0	0	0	90	0	0	142	0	84	0	
9984	Cerebelum_10_R	0	0	0	0	0	0	0	0	0	0	0	0	0	0	0	0	0	0	0	0	0	0	0	0	0	0	0	0	0	0	0	0	0	0	0	0	0	0	0	0	0	0	0	0	0	0	0	0	0	0	0	0	0	0	0	0	0	0	0	0	0	0	0	0	0	0	0	0	0	0	0	0	0	0	0	0	0	0	0	0	0	0	0	0	0	0	0	0	0	0	0	348	0	0	0	192	0	488	0	582	0	0	86	416	0	1820	0	0	158	140	84	110	164	166	238	0	
25376	Vermis_1_2	0	0	0	0	0	0	0	0	0	0	0	0	0	0	0	0	0	0	0	0	0	0	0	0	0	0	0	0	0	0	0	0	0	0	0	0	0	0	0	0	0	0	0	0	0	0	0	0	0	0	0	0	0	0	0	0	0	0	0	0	0	0	0	0	0	0	0	0	0	0	0	0	0	0	0	0	0	0	0	0	0	0	0	0	0	0	0	0	0	0	126	258	0	0	848	2052	0	204	154	506	0	0	0	210	88	1070	0	158	0	5330	306	208	312	382	386	90	
48688	Vermis_3	0	0	0	0	0	0	0	0	0	0	0	0	0	0	0	0	0	0	0	0	0	0	0	0	0	0	0	0	0	0	0	0	0	0	0	0	0	0	0	0	0	0	0	0	0	0	0	150	0	0	0	0	0	0	0	0	0	0	0	0	0	0	0	0	0	0	0	0	0	0	0	0	0	0	0	0	0	0	0	0	0	0	0	0	0	0	0	0	0	0	568	952	160	308	3218	3682	1484	750	668	1306	0	0	118	678	268	1196	90	140	5330	0	1436	286	404	514	512	126	
243376	Vermis_4_5	0	0	0	0	0	0	0	0	0	0	0	0	0	0	0	0	0	0	0	214	0	0	0	0	0	0	0	0	0	0	0	0	0	524	0	162	0	248	0	196	0	0	0	168	0	0	4870	7728	0	0	0	0	0	0	668	4398	0	0	0	0	0	0	0	0	0	0	0	1136	0	418	0	0	0	0	0	0	0	0	0	0	0	0	0	0	0	0	0	0	0	0	6256	12108	546	2308	1570	1920	14508	17120	11966	16896	298	0	580	2274	902	332	0	84	306	1436	0	6904	748	284	212	1400	
187348	Vermis_6	0	0	0	0	0	0	0	0	0	0	0	0	0	0	0	0	0	0	0	0	0	0	0	0	0	0	0	0	0	0	0	0	0	0	0	0	0	0	0	0	0	0	0	112	0	0	3246	7318	0	0	0	0	0	116	1620	2490	0	0	0	0	0	0	0	0	0	0	0	0	0	0	0	0	0	0	0	0	0	0	0	0	0	0	0	0	0	0	0	0	0	0	7648	6294	1256	1052	558	236	3350	3446	13628	11128	922	0	2454	1798	2124	1990	0	110	208	286	6904	0	6174	1798	2060	3348	
176268	Vermis_7	0	0	0	0	0	0	0	0	0	0	0	0	0	0	0	0	0	0	0	0	0	0	0	0	0	0	0	0	0	0	0	0	0	0	0	0	0	0	0	0	0	0	0	0	0	0	276	570	0	0	0	0	0	0	0	244	0	0	0	0	0	0	0	0	0	0	0	0	0	0	0	0	0	0	0	0	0	0	0	0	0	0	0	0	0	0	0	0	0	0	8448	6146	5986	6730	628	380	864	464	3812	5872	5006	2702	7866	6198	2334	3182	142	164	312	404	748	6174	0	7212	3682	1588	
106576	Vermis_8	0	0	0	0	0	0	0	0	0	0	0	0	0	0	0	0	0	0	0	0	0	0	0	0	0	0	0	0	0	0	0	0	0	0	0	0	0	0	0	0	0	0	0	0	0	0	0	0	0	0	0	0	0	0	0	0	0	0	0	0	0	0	0	0	0	0	0	0	0	0	0	0	0	0	0	0	0	0	0	0	0	0	0	0	0	0	0	0	0	0	1916	2134	1674	1482	294	510	328	266	1370	1872	3630	1182	7048	5378	1636	5274	0	166	382	514	284	1798	7212	0	5138	1800	
