data	data	905020	362936	861892	636016	101192	43360	526020	206104	68060	12544	327572	109388	205536	61944	179612	97980	338164	70192	720140	462120	44604	49240	299408	253028	25132	60436	24476	34936	627368	241316	259220	383900	135572	425908	246684	209044	232832	259748	97296	157068	26740	42032	350604	438076	134560	472884	424140	290664	215592	425548	548996	277896	174640	183564	545944	485048	363916	261180	236352	103640	249084	89424	126932	84260	140800	106260	306900	584148	571436	286768	268012	234888	280316	299952	70192	20712	250360	169692	169508	15696	159940	75104	91728	24620	386516	162216	20056	12824	319656	301756	870656	554416	506628	426476	42784	85060	391336	259264	692672	498320	251668	178044	389764	360080	232736	175784	41572	33028	51612	103888	287000	249040	349364	186940	133996	64820	
data	data	Precentral_L	Precentral_R	Frontal_Sup_L	Frontal_Sup_R	Frontal_Sup_Orb_L	Frontal_Sup_Orb_R	Frontal_Mid_L	Frontal_Mid_R	Frontal_Mid_Orb_L	Frontal_Mid_Orb_R	Frontal_Inf_Oper_L	Frontal_Inf_Oper_R	Frontal_Inf_Tri_L	Frontal_Inf_Tri_R	Frontal_Inf_Orb_L	Frontal_Inf_Orb_R	Rolandic_Oper_L	Rolandic_Oper_R	Supp_Motor_Area_L	Supp_Motor_Area_R	Olfactory_L	Olfactory_R	Frontal_Sup_Medial_L	Frontal_Sup_Medial_R	Frontal_Med_Orb_L	Frontal_Med_Orb_R	Rectus_L	Rectus_R	Insula_L	Insula_R	Cingulum_Ant_L	Cingulum_Ant_R	Cingulum_Mid_L	Cingulum_Mid_R	Cingulum_Post_L	Cingulum_Post_R	Hippocampus_L	Hippocampus_R	ParaHippocampal_L	ParaHippocampal_R	Amygdala_L	Amygdala_R	Calcarine_L	Calcarine_R	Cuneus_L	Cuneus_R	Lingual_L	Lingual_R	Occipital_Sup_L	Occipital_Sup_R	Occipital_Mid_L	Occipital_Mid_R	Occipital_Inf_L	Occipital_Inf_R	Fusiform_L	Fusiform_R	Postcentral_L	Postcentral_R	Parietal_Sup_L	Parietal_Sup_R	Parietal_Inf_L	Parietal_Inf_R	SupraMarginal_L	SupraMarginal_R	Angular_L	Angular_R	Precuneus_L	Precuneus_R	Paracentral_Lobule_L	Paracentral_Lobule_R	Caudate_L	Caudate_R	Putamen_L	Putamen_R	Pallidum_L	Pallidum_R	Thalamus_L	Thalamus_R	Heschl_L	Heschl_R	Temporal_Sup_L	Temporal_Sup_R	Temporal_Pole_Sup_L	Temporal_Pole_Sup_R	Temporal_Mid_L	Temporal_Mid_R	Temporal_Pole_Mid_L	Temporal_Pole_Mid_R	Temporal_Inf_L	Temporal_Inf_R	Cerebelum_Crus1_L	Cerebelum_Crus1_R	Cerebelum_Crus2_L	Cerebelum_Crus2_R	Cerebelum_3_L	Cerebelum_3_R	Cerebelum_4_5_L	Cerebelum_4_5_R	Cerebelum_6_L	Cerebelum_6_R	Cerebelum_7b_L	Cerebelum_7b_R	Cerebelum_8_L	Cerebelum_8_R	Cerebelum_9_L	Cerebelum_9_R	Cerebelum_10_L	Cerebelum_10_R	Vermis_1_2	Vermis_3	Vermis_4_5	Vermis_6	Vermis_7	Vermis_8	Vermis_9	Vermis_10	
905020	Precentral_L	0	2904	34674	22858	0	0	30634	7186	0	0	25690	3932	1542	1032	170	3190	22438	2726	34024	12248	0	0	886	5038	0	0	0	0	23870	5608	722	9594	1194	4688	2298	0	4386	306	382	96	0	0	692	0	130	0	206	0	0	0	1506	0	146	0	816	268	24388	0	386	0	2378	0	2348	0	448	0	716	0	79044	450	3782	8328	6594	5470	3268	0	20940	2682	10834	0	2730	0	0	230	5314	0	0	0	3280	162	658	0	0	0	0	0	0	0	0	0	0	0	0	0	0	0	0	0	0	0	0	0	0	0	0	0	
362936	Precentral_R	2904	0	988	20434	0	0	866	9194	0	0	0	7528	0	550	0	102	0	3512	1802	3596	0	0	0	0	0	0	0	0	308	4936	0	218	454	6452	2912	4398	660	5908	0	216	0	0	120	566	0	4506	0	168	116	2148	824	0	0	2006	0	5072	536	23698	742	726	510	586	0	4020	0	136	616	7294	4514	14848	722	2016	646	6656	330	1716	1570	7420	110	260	0	1228	0	0	0	732	0	0	0	6142	0	230	0	0	0	0	0	0	0	0	0	0	0	0	0	0	0	0	0	0	0	0	0	0	0	0	
861892	Frontal_Sup_L	34674	988	0	6400	8214	0	54706	726	2010	0	19656	248	8094	0	5688	176	17890	182	89098	8182	0	0	45240	1166	818	0	90	0	25992	232	21046	2826	10346	1592	448	0	3418	134	188	0	178	0	140	0	102	0	0	0	0	0	0	0	0	0	404	154	3876	0	0	0	220	0	1136	0	0	0	204	0	15308	0	10228	1306	12484	280	1996	148	7484	272	1498	0	1546	0	840	0	164	0	0	0	378	132	0	0	0	0	0	0	0	0	0	0	0	0	0	0	0	0	0	0	0	0	0	0	0	0	0	0	
636016	Frontal_Sup_R	22858	20434	6400	0	0	2052	4610	30172	0	0	1294	438	362	2466	212	6406	582	500	9970	39692	0	0	7850	31804	0	3036	0	0	6678	4426	1698	30474	690	16458	544	902	332	4652	0	398	0	0	0	110	0	132	0	0	0	0	0	0	0	266	0	1876	0	806	0	0	0	0	0	436	0	0	130	300	18642	162	6076	4266	890	11732	0	1360	1770	4876	2680	0	90	266	166	0	0	332	0	0	0	2254	0	0	0	0	0	0	0	0	0	0	0	0	0	0	0	0	0	0	0	0	0	0	0	0	0	0	
101192	Frontal_Sup_Orb_L	0	0	8214	0	0	0	710	0	10994	0	0	0	598	0	7502	0	0	0	0	0	892	0	5212	174	2614	0	3548	0	912	0	2822	804	0	0	0	0	0	0	0	0	0	0	0	0	0	0	0	0	0	0	0	0	0	0	0	0	0	0	0	0	0	0	0	0	0	0	0	0	0	0	914	0	4686	0	0	0	0	0	0	0	0	0	0	0	0	0	0	0	0	0	0	0	0	0	0	0	0	0	0	0	0	0	0	0	0	0	0	0	0	0	0	0	0	0	0	0	
43360	Frontal_Sup_Orb_R	0	0	0	2052	0	0	0	0	0	1496	0	0	0	0	0	872	0	0	0	0	0	324	0	1692	0	6344	0	4250	0	230	0	324	0	0	0	0	0	0	0	0	0	214	0	0	0	0	0	0	0	0	0	0	0	0	0	0	0	0	0	0	0	0	0	0	0	0	0	0	0	0	0	1352	0	2530	0	0	0	0	0	0	0	0	0	0	0	0	0	0	0	0	0	0	0	0	0	0	0	0	0	0	0	0	0	0	0	0	0	0	0	0	0	0	0	0	0	0	
526020	Frontal_Mid_L	30634	866	54706	4610	710	0	0	1158	2016	0	18956	482	23908	0	7492	0	12000	552	20108	1910	0	0	14320	1666	0	0	0	0	22986	498	5590	1970	5552	1248	482	0	1966	0	162	0	0	0	176	0	0	0	0	0	0	0	144	0	0	0	176	0	1276	0	0	0	0	0	0	0	0	0	170	0	2648	0	494	146	6308	118	1852	0	5444	246	5946	0	310	0	266	0	480	0	0	0	262	0	0	0	0	0	0	0	0	0	0	0	0	0	0	0	0	0	0	0	0	0	0	0	0	0	0	0	
206104	Frontal_Mid_R	7186	9194	726	30172	0	0	1158	0	0	594	0	2442	0	6932	0	5532	0	490	1372	2338	0	0	256	3962	0	0	0	0	998	3840	0	2970	0	966	0	0	136	862	0	0	0	0	0	0	0	0	0	0	0	0	0	0	0	0	0	1484	0	706	0	0	0	0	0	446	0	0	0	126	5850	0	190	552	174	4120	0	1436	454	316	654	332	0	1014	0	0	0	668	0	0	0	2404	0	0	0	0	0	0	0	0	0	0	0	0	0	0	0	0	0	0	0	0	0	0	0	0	0	0	
68060	Frontal_Mid_Orb_L	0	0	2010	0	10994	0	2016	0	0	0	0	0	1868	0	12330	0	0	0	0	0	0	0	154	0	394	0	1464	0	204	0	288	0	0	0	0	0	0	0	0	0	0	0	0	0	0	0	0	0	0	0	0	0	0	0	0	0	0	0	0	0	0	0	0	0	0	0	0	0	0	0	118	0	2190	0	0	0	0	0	0	0	0	0	0	0	0	0	0	0	0	0	0	0	0	0	0	0	0	0	0	0	0	0	0	0	0	0	0	0	0	0	0	0	0	0	0	0	
12544	Frontal_Mid_Orb_R	0	0	0	0	0	1496	0	594	0	0	0	0	0	0	0	2738	0	0	0	0	0	166	0	0	0	222	0	112	0	364	0	0	0	0	0	0	0	0	0	0	0	0	0	0	0	0	0	0	0	0	0	0	0	0	0	0	0	0	0	0	0	0	0	0	0	0	0	0	0	0	0	0	0	580	0	0	0	0	0	0	0	0	0	0	0	0	0	0	0	0	0	0	0	0	0	0	0	0	0	0	0	0	0	0	0	0	0	0	0	0	0	0	0	0	0	0	
327572	Frontal_Inf_Oper_L	25690	0	19656	1294	0	0	18956	0	0	0	0	0	8060	0	610	0	28380	0	12736	1310	0	0	142	0	0	0	0	0	25580	0	994	0	106	0	122	0	154	0	0	0	0	0	0	0	0	0	0	0	0	0	0	0	0	0	0	0	7552	0	0	0	188	0	464	0	0	0	0	0	158	0	1660	0	1516	0	546	0	574	0	3372	0	2314	0	1394	0	258	0	0	0	0	0	0	0	0	0	0	0	0	0	0	0	0	0	0	0	0	0	0	0	0	0	0	0	0	0	0	0	
109388	Frontal_Inf_Oper_R	3932	7528	248	438	0	0	482	2442	0	0	0	0	0	2234	0	300	0	4386	0	188	0	0	0	0	0	0	0	0	440	13120	0	548	0	450	0	0	0	472	0	0	0	0	0	200	0	250	0	0	0	182	0	0	0	840	0	1138	0	610	0	0	0	0	0	196	0	0	0	426	3212	372	0	838	0	4068	0	0	160	0	294	314	0	396	0	232	0	918	0	0	0	2840	0	0	0	0	0	0	0	0	0	0	0	0	0	0	0	0	0	0	0	0	0	0	0	0	0	0	
205536	Frontal_Inf_Tri_L	1542	0	8094	362	598	0	23908	0	1868	0	8060	0	0	0	23922	0	1162	0	4360	362	0	0	1294	0	0	0	0	0	20280	0	1308	0	1470	0	0	0	0	0	0	0	0	0	0	0	0	0	0	0	0	0	0	0	0	0	0	0	0	0	0	0	0	0	0	0	0	0	0	0	0	0	1004	0	2330	0	136	0	0	0	118	0	216	0	222	0	0	0	0	0	152	0	0	0	0	0	0	0	0	0	0	0	0	0	0	0	0	0	0	0	0	0	0	0	0	0	0	0	
61944	Frontal_Inf_Tri_R	1032	550	0	2466	0	0	0	6932	0	0	0	2234	0	0	0	2380	0	128	0	252	0	0	0	880	0	0	0	0	0	8156	0	1108	0	172	0	0	0	232	0	0	0	0	0	0	0	0	0	0	0	0	0	0	0	0	0	102	0	0	0	0	0	0	0	0	0	0	0	0	976	0	0	576	0	2696	0	0	0	0	0	0	0	0	0	0	0	0	0	0	0	100	0	0	0	0	0	0	0	0	0	0	0	0	0	0	0	0	0	0	0	0	0	0	0	0	0	0	
179612	Frontal_Inf_Orb_L	170	0	5688	212	7502	0	7492	0	12330	0	610	0	23922	0	0	0	0	0	2078	212	680	0	716	0	0	0	286	0	16694	0	872	0	982	0	0	0	142	0	0	0	208	0	0	0	0	0	0	0	0	0	0	0	0	0	0	0	0	0	0	0	0	0	0	0	0	0	0	0	0	0	524	0	7786	0	96	0	0	0	0	0	0	0	604	0	0	0	0	0	0	0	0	0	0	0	0	0	0	0	0	0	0	0	0	0	0	0	0	0	0	0	0	0	0	0	0	0	
97980	Frontal_Inf_Orb_R	3190	102	176	6406	0	872	0	5532	0	2738	0	300	0	2380	0	0	0	0	252	3106	0	510	0	384	0	0	0	354	0	3898	130	754	0	0	0	0	0	490	0	174	0	210	0	0	0	0	0	0	0	0	0	0	0	0	0	342	0	0	0	0	0	0	0	0	0	0	0	0	2998	0	634	4956	0	6840	0	148	0	858	0	0	0	0	0	0	0	0	0	0	0	256	0	0	0	0	0	0	0	0	0	0	0	0	0	0	0	0	0	0	0	0	0	0	0	0	0	0	
338164	Rolandic_Oper_L	22438	0	17890	582	0	0	12000	0	0	0	28380	0	1162	0	0	0	0	0	11874	606	0	0	0	0	0	0	0	0	25802	0	320	0	0	0	256	0	144	0	0	0	0	0	126	0	0	0	0	0	106	0	344	0	0	0	0	0	13558	0	1448	0	3632	0	3980	0	974	0	94	0	658	0	596	0	1258	0	542	0	654	0	6332	0	7802	0	1130	0	1876	0	0	0	2026	0	492	0	0	0	0	0	0	0	0	0	0	0	0	0	0	0	0	0	0	0	0	0	0	0	0	0	
70192	Rolandic_Oper_R	2726	3512	182	500	0	0	552	490	0	0	0	4386	0	128	0	0	0	0	0	0	0	0	0	0	0	0	0	0	526	6172	0	0	0	170	0	0	0	332	0	0	0	0	0	0	0	0	0	0	0	0	0	0	0	0	0	148	0	4416	0	140	0	0	0	2270	0	0	0	406	1966	268	0	0	0	1096	0	0	208	0	348	1146	0	2136	0	384	0	0	0	0	0	488	0	0	0	0	0	0	0	0	0	0	0	0	0	0	0	0	0	0	0	0	0	0	0	0	0	0	
720140	Supp_Motor_Area_L	34024	1802	89098	9970	0	0	20108	1372	0	0	12736	0	4360	0	2078	252	11874	0	0	24964	0	0	8646	1894	0	0	0	0	22762	0	9068	5274	9696	11316	552	144	3966	140	202	0	248	0	152	0	140	0	0	0	0	0	0	0	0	0	440	168	4056	0	0	0	274	0	1018	0	0	0	226	0	22846	0	11446	1304	11342	184	5408	150	10160	274	1234	0	1286	0	820	0	108	0	0	0	328	160	0	0	0	0	0	0	0	0	0	0	0	0	0	0	0	0	0	0	0	0	0	0	0	0	0	0	
462120	Supp_Motor_Area_R	12248	3596	8182	39692	0	0	1910	2338	0	0	1310	188	362	252	212	3106	606	0	24964	0	0	0	698	6590	0	0	0	0	4404	1344	1402	13050	2576	37712	1156	4262	112	344	0	0	0	0	238	104	0	0	0	0	240	0	1682	0	192	190	0	702	2070	1984	1016	0	542	0	0	0	94	0	640	1918	17238	16226	6280	784	500	572	0	0	726	922	1168	96	106	172	166	0	688	154	0	0	0	1034	0	0	0	0	0	0	0	0	0	0	0	0	0	0	0	0	0	0	0	0	0	0	0	0	0	0	
44604	Olfactory_L	0	0	0	0	892	0	0	0	0	0	0	0	0	0	680	0	0	0	0	0	0	3534	0	0	180	0	524	832	1668	0	2466	1284	0	0	0	0	154	0	0	0	196	0	0	0	0	0	0	0	0	0	0	0	0	0	0	0	0	0	0	0	0	0	0	0	0	0	0	0	0	0	4954	2522	2172	116	128	0	0	0	0	0	0	0	0	0	0	0	0	0	0	0	0	0	0	0	0	0	0	0	0	0	0	0	0	0	0	0	0	0	0	0	0	0	0	0	0	0	
49240	Olfactory_R	0	0	0	0	0	324	0	0	0	166	0	0	0	0	0	510	0	0	0	0	3534	0	0	0	0	194	0	1292	0	1530	1860	1872	0	0	0	0	0	0	0	112	0	670	0	0	0	0	0	0	0	0	0	0	0	0	0	0	0	0	0	0	0	0	0	0	0	0	0	0	0	0	5606	4440	1084	1062	194	170	0	0	0	0	0	0	0	0	0	0	0	0	0	0	0	0	0	0	0	0	0	0	0	0	0	0	0	0	0	0	0	0	0	0	0	0	0	0	0	0	
299408	Frontal_Sup_Medial_L	886	0	45240	7850	5212	0	14320	256	154	0	142	0	1294	0	716	0	0	0	8646	698	0	0	0	13062	1412	698	146	0	2308	0	18464	8008	5796	5940	0	0	0	0	0	0	0	0	0	0	0	0	0	0	0	0	0	0	0	0	0	0	0	0	0	0	0	0	0	0	0	0	0	0	360	0	2886	330	3712	726	0	0	168	0	274	0	0	0	0	0	0	0	0	0	0	0	0	0	0	0	0	0	0	0	0	0	0	0	0	0	0	0	0	0	0	0	0	0	0	0	0	0	
253028	Frontal_Sup_Medial_R	5038	0	1166	31804	174	1692	1666	3962	0	0	0	0	0	880	0	384	0	0	1894	6590	0	0	13062	0	0	5808	0	98	1362	1892	1890	21602	0	10266	0	0	0	0	0	0	0	0	0	0	0	0	0	0	0	0	0	0	0	0	0	0	0	0	0	0	0	0	0	0	0	0	0	0	3120	0	0	3022	154	7276	0	0	578	0	1020	0	0	0	0	0	0	0	0	0	0	114	0	0	0	0	0	0	0	0	0	0	0	0	0	0	0	0	0	0	0	0	0	0	0	0	0	0	
25132	Frontal_Med_Orb_L	0	0	818	0	2614	0	0	0	394	0	0	0	0	0	0	0	0	0	0	0	180	0	1412	0	0	184	1558	0	0	0	3368	168	0	0	0	0	0	0	0	0	0	0	0	0	0	0	0	0	0	0	0	0	0	0	0	0	0	0	0	0	0	0	0	0	0	0	0	0	0	0	818	0	1052	0	0	0	0	0	0	0	0	0	0	0	0	0	0	0	0	0	0	0	0	0	0	0	0	0	0	0	0	0	0	0	0	0	0	0	0	0	0	0	0	0	0	0	
60436	Frontal_Med_Orb_R	0	0	0	3036	0	6344	0	0	0	222	0	0	0	0	0	0	0	0	0	0	0	194	698	5808	184	0	0	3892	0	0	734	3702	0	0	0	0	0	0	0	0	0	0	0	0	0	0	0	0	0	0	0	0	0	0	0	0	0	0	0	0	0	0	0	0	0	0	0	0	0	0	0	2184	0	3220	0	0	0	0	0	0	0	0	0	0	0	0	0	0	0	0	0	0	0	0	0	0	0	0	0	0	0	0	0	0	0	0	0	0	0	0	0	0	0	0	0	0	
24476	Rectus_L	0	0	90	0	3548	0	0	0	1464	0	0	0	0	0	286	0	0	0	0	0	524	0	146	0	1558	0	0	0	0	0	2592	266	0	0	0	0	0	0	0	0	0	0	0	0	0	0	0	0	0	0	0	0	0	0	0	0	0	0	0	0	0	0	0	0	0	0	0	0	0	0	782	0	982	0	0	0	0	0	0	0	0	0	0	0	0	0	0	0	0	0	0	0	0	0	0	0	0	0	0	0	0	0	0	0	0	0	0	0	0	0	0	0	0	0	0	0	
34936	Rectus_R	0	0	0	0	0	4250	0	0	0	112	0	0	0	0	0	354	0	0	0	0	832	1292	0	98	0	3892	0	0	0	162	1084	2424	0	0	0	0	0	0	0	0	0	262	0	0	0	0	0	0	0	0	0	0	0	0	0	0	0	0	0	0	0	0	0	0	0	0	0	0	0	0	1070	430	510	696	0	0	0	0	0	0	0	0	0	0	0	0	0	0	0	0	0	0	0	0	0	0	0	0	0	0	0	0	0	0	0	0	0	0	0	0	0	0	0	0	0	0	
627368	Insula_L	23870	308	25992	6678	912	0	22986	998	204	0	25580	440	20280	0	16694	0	25802	526	22762	4404	1668	0	2308	1362	0	0	0	0	0	444	4186	1750	1532	1144	1880	0	6264	0	1296	0	1706	0	770	0	0	0	228	0	0	0	1072	0	128	0	3316	0	7402	0	482	0	1568	0	930	0	560	0	760	0	1982	0	4896	0	16852	0	648	0	10180	386	16482	0	5780	0	3830	0	3990	0	0	0	6396	0	1070	0	0	0	0	0	0	0	0	0	0	0	0	0	0	0	0	0	0	0	0	0	0	0	0	0	
241316	Insula_R	5608	4936	232	4426	0	230	498	3840	0	364	0	13120	0	8156	0	3898	0	6172	0	1344	0	1530	0	1892	0	0	0	162	444	0	0	2566	0	1420	188	170	132	3464	0	1124	0	1936	0	252	0	410	0	0	0	216	0	0	0	1046	0	2780	0	892	0	0	0	110	0	220	0	0	0	842	4848	900	0	2736	0	22054	0	0	180	596	306	1388	0	3414	0	744	0	2094	0	0	0	6778	0	0	0	0	0	0	0	0	0	0	0	0	0	0	0	0	0	0	0	0	0	0	0	0	0	0	
259220	Cingulum_Ant_L	722	0	21046	1698	2822	0	5590	0	288	0	994	0	1308	0	872	130	320	0	9068	1402	2466	1860	18464	1890	3368	734	2592	1084	4186	0	0	9710	5624	1050	0	0	0	0	0	0	0	0	0	0	0	0	0	0	0	0	0	0	0	0	0	0	0	0	0	0	0	0	0	0	0	0	0	0	192	0	16756	2322	8554	1810	530	0	0	0	0	0	0	0	158	0	0	0	0	0	0	0	0	0	0	0	0	0	0	0	0	0	0	0	0	0	0	0	0	0	0	0	0	0	0	0	0	0	
383900	Cingulum_Ant_R	9594	218	2826	30474	804	324	1970	2970	0	0	0	548	0	1108	0	754	0	0	5274	13050	1284	1872	8008	21602	168	3702	266	2424	1750	2566	9710	0	1730	20836	734	530	430	930	96	0	0	0	0	0	0	0	0	0	0	0	0	0	0	0	168	336	0	0	0	0	0	0	0	0	0	0	170	0	7122	0	3974	12440	2010	12480	506	116	768	1760	1196	0	0	0	0	0	0	0	0	0	0	352	0	0	0	0	0	0	0	0	0	0	0	0	0	0	0	0	0	0	0	0	0	0	0	0	0	0	
135572	Cingulum_Mid_L	1194	454	10346	690	0	0	5552	0	0	0	106	0	1470	0	982	0	0	0	9696	2576	0	0	5796	0	0	0	0	0	1532	0	5624	1730	0	5012	3004	0	0	0	0	0	0	0	1372	0	1138	0	0	0	98	0	1054	0	194	0	0	0	0	110	0	0	0	0	0	0	0	0	3382	576	3698	268	0	0	0	0	0	0	0	0	0	0	0	0	0	0	0	0	0	0	132	0	0	0	0	0	0	0	0	0	0	0	0	0	0	0	0	0	0	0	0	0	0	0	0	0	0	0	
425908	Cingulum_Mid_R	4688	6452	1592	16458	0	0	1248	966	0	0	0	450	0	172	0	0	0	170	11316	37712	0	0	5940	10266	0	0	0	0	1144	1420	1050	20836	5012	0	3964	9948	0	108	0	0	0	0	182	3186	0	1296	0	380	192	366	1274	288	0	1764	0	1090	2500	6778	1002	0	656	328	0	360	0	0	1628	11098	10046	22156	252	0	132	302	0	0	502	230	784	122	0	468	0	0	288	522	0	0	0	1870	0	0	0	0	0	0	0	0	0	0	0	0	0	0	0	0	0	0	0	0	0	0	0	0	0	0	
246684	Cingulum_Post_L	2298	2912	448	544	0	0	482	0	0	0	122	0	0	0	0	0	256	0	552	1156	0	0	0	0	0	0	0	0	1880	188	0	734	3004	3964	0	13538	4264	2226	1204	466	0	0	5422	0	638	0	2870	0	854	0	10056	0	692	0	3540	1572	5248	2154	5974	0	3948	0	0	0	104	0	10606	1860	2854	4132	0	0	0	332	0	0	90	4888	1782	0	294	188	0	0	9944	0	0	0	790	1152	102	0	0	0	0	0	636	0	0	0	0	0	0	0	0	0	0	0	0	0	382	0	0	0	0	0	
209044	Cingulum_Post_R	0	4398	0	902	0	0	0	0	0	0	0	0	0	0	0	0	0	0	144	4262	0	0	0	0	0	0	0	0	0	170	0	530	0	9948	13538	0	1566	4616	526	1464	0	0	444	1210	130	600	194	1518	340	0	1946	0	94	188	1956	4436	2354	4902	1598	0	1120	0	0	118	0	0	3876	14482	1258	8558	0	0	0	242	0	0	0	3708	148	0	0	352	0	0	1706	160	0	0	0	4344	0	0	0	0	0	0	0	0	0	0	0	0	0	0	0	0	0	0	0	0	476	0	0	0	0	0	
232832	Hippocampus_L	4386	660	3418	332	0	0	1966	136	0	0	154	0	0	0	142	0	144	0	3966	112	154	0	0	0	0	0	0	0	6264	132	0	430	0	0	4264	1566	0	1382	13904	316	5822	0	814	0	0	0	3672	0	0	0	0	0	154	0	14596	464	0	0	0	0	0	0	0	0	0	0	1818	0	3146	0	650	154	7080	198	994	0	11540	4056	318	0	1008	0	1750	0	2874	0	0	0	8934	118	248	0	0	0	0	0	1336	0	204	0	0	0	0	0	0	0	0	0	0	0	640	0	0	0	0	0	
259748	Hippocampus_R	306	5908	134	4652	0	0	0	862	0	0	0	472	0	232	0	490	0	332	140	344	0	0	0	0	0	0	0	0	0	3464	0	930	0	108	2226	4616	1382	0	516	23980	0	6050	0	1148	0	236	236	3492	0	90	0	0	0	856	420	26814	0	200	0	0	0	0	0	0	0	0	558	4716	316	278	132	866	0	9348	0	476	0	8868	0	0	0	436	0	1076	0	662	0	0	0	9232	0	386	0	0	0	0	0	214	0	1062	0	0	0	0	0	0	0	0	0	0	612	0	0	0	0	0	
97296	ParaHippocampal_L	382	0	188	0	0	0	162	0	0	0	0	0	0	0	0	0	0	0	202	0	0	0	0	0	0	0	0	0	1296	0	0	96	0	0	1204	526	13904	516	0	158	1876	0	276	0	0	0	4160	0	0	0	0	0	0	0	8170	214	0	0	0	0	0	0	0	0	0	0	364	0	272	0	0	0	1304	0	0	0	3394	1150	0	0	198	0	1282	0	0	0	588	0	2632	0	1310	0	0	0	112	0	1052	0	1356	0	0	0	0	0	0	0	0	0	0	0	214	90	0	0	0	0	
157068	ParaHippocampal_R	96	216	0	398	0	0	0	0	0	0	0	0	0	0	0	174	0	0	0	0	0	112	0	0	0	0	0	0	0	1124	0	0	0	0	466	1464	316	23980	158	0	0	5094	0	260	0	0	102	4138	0	0	0	0	0	0	0	18658	0	0	0	0	0	0	0	0	0	0	124	2116	96	0	0	472	0	4324	0	442	0	3874	0	0	0	0	0	2734	0	228	0	1618	0	1172	0	928	0	0	0	244	0	1376	0	1678	0	0	0	0	0	0	0	0	0	0	352	0	0	0	0	0	
26740	Amygdala_L	0	0	178	0	0	0	0	0	0	0	0	0	0	0	208	0	0	0	248	0	196	0	0	0	0	0	0	0	1706	0	0	0	0	0	0	0	5822	0	1876	0	0	0	0	0	0	0	0	0	0	0	0	0	0	0	1300	0	0	0	0	0	0	0	0	0	0	0	0	0	0	0	0	0	728	0	0	0	92	0	0	0	0	0	694	0	0	0	0	0	322	0	0	0	0	0	0	0	0	0	0	0	0	0	0	0	0	0	0	0	0	0	0	0	0	0	0	0	
42032	Amygdala_R	0	0	0	0	0	214	0	0	0	0	0	0	0	0	0	210	0	0	0	0	0	670	0	0	0	0	0	262	0	1936	0	0	0	0	0	0	0	6050	0	5094	0	0	0	0	0	0	0	0	0	0	0	0	0	0	0	3146	0	0	0	0	0	0	0	0	0	0	0	0	0	0	0	0	0	962	0	0	0	210	0	0	0	0	0	1930	0	0	0	332	0	0	0	0	0	0	0	0	0	0	0	0	0	0	0	0	0	0	0	0	0	0	0	0	0	0	0	0	
350604	Calcarine_L	692	120	140	0	0	0	176	0	0	0	0	0	0	0	0	0	126	0	152	238	0	0	0	0	0	0	0	0	770	0	0	0	1372	182	5422	444	814	0	276	0	0	0	0	10480	12978	7404	15344	5184	13582	4076	33802	416	9336	322	6112	552	1352	0	4570	0	2718	0	100	0	390	0	17818	1284	1608	282	0	0	0	0	0	0	0	0	1046	0	242	0	0	0	7826	0	0	0	4230	222	186	0	0	0	0	0	336	0	0	0	0	0	0	0	0	0	0	0	0	0	580	0	0	0	0	0	
438076	Calcarine_R	0	566	0	110	0	0	0	0	0	0	0	200	0	0	0	0	0	0	0	104	0	0	0	0	0	0	0	0	0	252	0	0	0	3186	0	1210	0	1148	0	260	0	0	10480	0	2460	38686	4534	24136	1166	32260	378	14354	0	16770	0	14316	162	340	0	2882	0	0	0	0	0	846	1414	29784	410	1664	0	0	0	0	0	0	0	144	0	0	0	0	0	0	0	1518	0	0	0	11346	96	780	0	0	0	0	0	0	244	136	0	0	0	0	0	0	0	0	0	0	404	292	0	0	0	0	
134560	Cuneus_L	130	0	102	0	0	0	0	0	0	0	0	0	0	0	0	0	0	0	140	0	0	0	0	0	0	0	0	0	0	0	0	0	1138	0	638	130	0	0	0	0	0	0	12978	2460	0	4322	662	370	16568	622	10224	0	534	0	138	0	162	0	976	0	484	0	0	0	398	0	10404	852	1956	0	0	0	0	0	0	0	0	0	0	0	0	0	0	0	446	0	0	0	274	0	0	0	0	0	0	0	0	0	0	0	0	0	0	0	0	0	0	0	0	0	172	0	0	0	0	0	
472884	Cuneus_R	0	4506	0	132	0	0	0	0	0	0	0	250	0	0	0	0	0	0	0	0	0	0	0	0	0	0	0	0	0	410	0	0	0	1296	0	600	0	236	0	0	0	0	7404	38686	4322	0	2486	8656	1214	53642	412	18148	0	5454	0	3740	0	11990	0	7440	0	1050	0	438	0	1056	3454	46076	112	4918	0	0	0	0	0	0	0	0	0	0	0	94	0	0	0	4026	0	0	0	3754	0	440	0	0	0	0	0	0	0	0	0	0	0	0	0	0	0	0	0	0	0	0	0	0	0	0	
424140	Lingual_L	206	0	0	0	0	0	0	0	0	0	0	0	0	0	0	0	0	0	0	0	0	0	0	0	0	0	0	0	228	0	0	0	0	0	2870	194	3672	236	4160	102	0	0	15344	4534	662	2486	0	7466	2206	2096	12726	314	11196	0	29030	1078	380	0	102	0	102	0	0	0	0	0	8748	428	154	0	0	0	0	0	0	0	640	546	182	0	0	0	0	0	1940	0	0	0	1104	0	16962	4120	740	340	968	382	18324	3370	24720	5886	0	0	0	0	94	340	0	0	356	802	11140	5858	1626	0	0	910	
290664	Lingual_R	0	168	0	0	0	0	0	0	0	0	0	0	0	0	0	0	0	0	0	0	0	0	0	0	0	0	0	0	0	0	0	0	0	380	0	1518	0	3492	0	4138	0	0	5184	24136	370	8656	7466	0	134	9716	0	3152	0	3194	1184	18884	0	198	0	0	0	0	0	0	0	0	144	12818	0	280	0	0	0	0	0	0	0	1130	0	0	0	0	0	0	0	0	0	0	0	1420	2976	4474	274	200	0	670	1192	4434	5434	6950	0	0	0	0	0	0	0	0	0	0	4824	5736	406	0	0	0	
215592	Occipital_Sup_L	0	116	0	0	0	0	0	0	0	0	0	0	0	0	0	0	106	0	0	240	0	0	0	0	0	0	0	0	0	0	0	0	98	192	854	340	0	0	0	0	0	0	13582	1166	16568	1214	2206	134	0	214	32896	0	1462	0	348	0	2140	0	12976	0	6310	0	244	0	2810	0	8036	154	142	328	0	0	0	0	0	0	0	0	0	0	164	0	0	0	1344	0	0	0	1020	0	392	0	0	0	0	0	0	0	0	0	0	0	0	0	0	0	0	0	0	0	0	0	0	0	0	0	
425548	Occipital_Sup_R	0	2148	0	0	0	0	0	0	0	0	0	182	0	0	0	0	0	0	0	0	0	0	0	0	0	0	0	0	0	216	0	0	0	366	0	0	0	90	0	0	0	0	4076	32260	622	53642	2096	9716	214	0	0	32980	0	4514	0	3854	0	5936	0	10696	0	1918	0	0	0	3186	1514	32772	0	3142	0	0	0	0	0	0	0	0	0	0	0	0	0	0	0	3810	0	0	0	2304	0	328	0	0	0	0	0	0	0	0	0	0	0	0	0	0	0	0	0	0	92	100	0	0	0	0	
548996	Occipital_Mid_L	1506	824	0	0	0	0	144	0	0	0	0	0	0	0	0	0	344	0	0	1682	0	0	0	0	0	0	0	0	1072	0	0	0	1054	1274	10056	1946	0	0	0	0	0	0	33802	378	10224	412	12726	0	32896	0	0	0	29872	0	10082	266	14018	416	26834	0	17420	0	1046	0	9956	0	17726	276	1956	2334	0	0	0	0	0	0	0	0	868	0	496	0	0	0	21110	0	0	0	8038	270	1174	0	0	0	0	0	0	0	0	0	0	0	0	0	0	0	0	0	0	0	0	0	0	0	0	0	
277896	Occipital_Mid_R	0	0	0	0	0	0	0	0	0	0	0	0	0	0	0	0	0	0	0	0	0	0	0	0	0	0	0	0	0	0	0	0	0	288	0	0	0	0	0	0	0	0	416	14354	0	18148	314	3152	0	32980	0	0	0	8030	0	3064	0	268	0	8394	0	6086	0	176	0	13620	974	14724	0	396	0	0	0	0	0	0	0	0	0	0	0	200	0	0	0	11608	0	0	0	1634	0	122	0	0	0	0	0	0	0	0	0	0	0	0	0	0	0	0	0	0	0	0	0	0	0	0	
174640	Occipital_Inf_L	146	0	0	0	0	0	0	0	0	0	0	0	0	0	0	0	0	0	0	192	0	0	0	0	0	0	0	0	128	0	0	0	194	0	692	94	154	0	0	0	0	0	9336	0	534	0	11196	0	1462	0	29872	0	0	0	12992	0	1036	0	364	0	354	0	0	0	340	0	2804	0	186	198	0	0	0	0	0	0	0	0	116	0	0	0	0	0	7700	0	0	0	6112	0	644	0	0	0	0	0	0	0	474	0	0	0	0	0	0	0	0	0	0	0	0	0	0	0	0	0	
183564	Occipital_Inf_R	0	2006	0	266	0	0	0	0	0	0	0	840	0	0	0	0	0	0	0	190	0	0	0	0	0	0	0	0	0	1046	0	0	0	1764	0	188	0	856	0	0	0	0	322	16770	0	5454	0	3194	0	4514	0	8030	0	0	0	12996	0	2704	0	506	0	416	0	0	0	384	618	11460	174	5050	0	0	0	0	0	0	0	0	0	0	0	0	0	0	0	2926	0	0	0	7712	0	1396	0	0	0	0	0	0	0	0	0	0	0	0	0	0	0	0	0	0	0	0	0	0	0	0	
545944	Fusiform_L	816	0	404	0	0	0	176	0	0	0	0	0	0	0	0	0	0	0	440	0	0	0	0	0	0	0	0	0	3316	0	0	168	0	0	3540	1956	14596	420	8170	0	1300	0	6112	0	138	0	29030	1184	348	0	10082	0	12992	0	0	158	366	0	94	0	98	0	0	0	0	0	3264	0	610	0	0	0	2284	0	0	0	3856	806	802	0	2012	0	8476	0	7132	0	2354	0	22346	0	38968	1000	7484	1298	316	296	17244	1022	41048	2026	1312	0	792	1422	448	102	454	124	210	360	2484	2310	2078	126	94	108	
485048	Fusiform_R	268	5072	154	1876	0	0	0	1484	0	0	0	1138	0	102	0	342	0	148	168	702	0	0	0	0	0	0	0	0	0	2780	0	336	0	1090	1572	4436	464	26814	214	18658	0	3146	552	14316	0	3740	1078	18884	0	3854	266	3064	0	12996	158	0	204	2108	220	342	134	316	0	0	0	224	1032	15754	322	2782	128	554	0	5884	0	264	0	3978	0	0	0	472	0	1754	168	1490	0	1736	0	29094	748	14770	0	1318	0	428	300	5432	1248	14584	0	282	0	312	0	0	0	0	0	0	2736	1440	94	0	0	0	
363916	Postcentral_L	24388	536	3876	0	0	0	1276	0	0	0	7552	0	0	0	0	0	13558	0	4056	2070	0	0	0	0	0	0	0	0	7402	0	0	0	0	2500	5248	2354	0	0	0	0	0	0	1352	162	162	0	380	0	2140	0	14018	0	1036	0	366	204	0	406	14598	0	26158	0	9410	0	6176	0	3172	1070	5906	2614	166	0	0	0	0	0	96	94	3696	0	3912	0	0	0	6004	0	0	0	2520	238	1086	0	0	0	0	0	0	0	0	0	0	0	0	0	0	0	0	0	0	0	0	0	0	0	0	0	
261180	Postcentral_R	0	23698	0	806	0	0	0	706	0	0	0	610	0	0	0	0	0	4416	0	1984	0	0	0	0	0	0	0	0	0	892	0	0	110	6778	2154	4902	0	200	0	0	0	0	0	340	0	11990	0	198	0	5936	416	268	0	2704	0	2108	406	0	378	4528	224	1626	0	10326	0	740	762	17458	852	17288	262	0	0	314	0	0	546	0	0	0	0	1212	0	0	0	370	0	0	0	1708	0	374	0	0	0	0	0	0	0	0	0	0	0	0	0	0	0	0	0	0	0	0	0	0	0	0	
236352	Parietal_Sup_L	386	742	0	0	0	0	0	0	0	0	0	0	0	0	0	0	1448	0	0	1016	0	0	0	0	0	0	0	0	482	0	0	0	0	1002	5974	1598	0	0	0	0	0	0	4570	0	976	0	102	0	12976	0	26834	0	364	0	94	220	14598	378	0	0	20140	0	220	0	4492	0	14236	296	318	1650	0	0	0	0	0	0	0	0	156	0	296	0	0	0	1154	0	0	0	804	224	430	0	0	0	0	0	0	0	0	0	0	0	0	0	0	0	0	0	0	0	0	0	0	0	0	0	
103640	Parietal_Sup_R	0	726	0	0	0	0	0	0	0	0	0	0	0	0	0	0	0	140	0	0	0	0	0	0	0	0	0	0	0	0	0	0	0	0	0	0	0	0	0	0	0	0	0	2882	0	7440	0	0	0	10696	0	8394	0	506	0	342	0	4528	0	0	0	1686	0	0	0	3056	0	10480	0	738	0	0	0	0	0	0	0	0	0	0	0	0	0	0	0	206	0	0	0	0	0	0	0	0	0	0	0	0	0	0	0	0	0	0	0	0	0	0	0	0	0	0	0	0	0	0	
249084	Parietal_Inf_L	2378	510	220	0	0	0	0	0	0	0	188	0	0	0	0	0	3632	0	274	542	0	0	0	0	0	0	0	0	1568	0	0	0	0	656	3948	1120	0	0	0	0	0	0	2718	0	484	0	102	0	6310	0	17420	0	354	0	98	134	26158	224	20140	0	0	0	12812	0	12088	0	1636	120	322	980	0	0	0	0	0	0	0	0	306	0	1270	0	0	0	2970	0	0	0	1892	136	832	0	0	0	0	0	0	0	0	0	0	0	0	0	0	0	0	0	0	0	0	0	0	0	0	0	
89424	Parietal_Inf_R	0	586	0	0	0	0	0	0	0	0	0	0	0	0	0	0	0	0	0	0	0	0	0	0	0	0	0	0	0	110	0	0	0	328	0	0	0	0	0	0	0	0	0	0	0	1050	0	0	0	1918	0	6086	0	416	0	316	0	1626	0	1686	0	0	0	4810	0	14056	0	1510	0	588	0	0	0	0	0	0	0	0	0	0	0	942	0	0	0	7176	0	0	0	1508	0	0	0	0	0	0	0	0	0	0	0	0	0	0	0	0	0	0	0	0	0	0	0	0	0	0	
126932	SupraMarginal_L	2348	0	1136	0	0	0	0	0	0	0	464	0	0	0	0	0	3980	0	1018	0	0	0	0	0	0	0	0	0	930	0	0	0	0	0	0	0	0	0	0	0	0	0	100	0	0	0	0	0	244	0	1046	0	0	0	0	0	9410	0	220	0	12812	0	0	0	9506	0	0	0	314	0	0	0	0	0	0	0	0	0	206	0	5198	0	0	0	11360	0	0	0	2764	0	410	0	0	0	0	0	0	0	0	0	0	0	0	0	0	0	0	0	0	0	0	0	0	0	0	0	
84260	SupraMarginal_R	0	4020	0	436	0	0	0	446	0	0	0	196	0	0	0	0	0	2270	0	0	0	0	0	0	0	0	0	0	0	220	0	0	0	360	0	118	0	0	0	0	0	0	0	0	0	438	0	0	0	0	0	176	0	0	0	0	0	10326	0	0	0	4810	0	0	0	4660	0	630	0	1492	0	0	0	0	0	0	0	0	0	0	0	5274	0	0	0	4250	0	0	0	2008	0	0	0	0	0	0	0	0	0	0	0	0	0	0	0	0	0	0	0	0	0	0	0	0	0	0	
140800	Angular_L	448	0	0	0	0	0	0	0	0	0	0	0	0	0	0	0	974	0	0	94	0	0	0	0	0	0	0	0	560	0	0	0	0	0	104	0	0	0	0	0	0	0	390	0	398	0	0	0	2810	0	9956	0	340	0	0	0	6176	0	4492	0	12088	0	9506	0	0	0	366	0	320	0	0	0	0	0	0	0	0	0	150	0	2866	0	0	0	13098	0	0	0	3566	0	1698	0	0	0	0	0	0	0	0	0	0	0	0	0	0	0	0	0	0	0	0	0	0	0	0	0	
106260	Angular_R	0	136	0	0	0	0	0	0	0	0	0	0	0	0	0	0	0	0	0	0	0	0	0	0	0	0	0	0	0	0	0	0	0	0	0	0	0	0	0	0	0	0	0	846	0	1056	0	0	0	3186	0	13620	0	384	0	224	0	740	0	3056	0	14056	0	4660	0	0	0	692	0	94	0	0	0	0	0	0	0	0	0	0	0	2616	0	0	0	7286	0	0	0	478	0	0	0	0	0	0	0	0	0	0	0	0	0	0	0	0	0	0	0	0	0	0	0	0	0	0	
306900	Precuneus_L	716	616	204	130	0	0	170	0	0	0	0	0	0	0	0	0	94	0	226	640	0	0	0	0	0	0	0	0	760	0	0	170	3382	1628	10606	3876	1818	558	364	124	0	0	17818	1414	10404	3454	8748	144	8036	1514	17726	974	2804	618	3264	1032	3172	762	14236	0	1636	0	0	0	366	0	0	9296	3010	2100	0	0	0	0	0	0	0	602	1092	0	192	0	0	0	5692	538	0	0	2540	862	0	0	0	0	0	0	2062	0	0	0	0	0	0	0	0	0	0	0	0	0	1260	0	0	0	0	0	
584148	Precuneus_R	0	7294	0	300	0	0	0	126	0	0	0	426	0	0	0	0	0	406	0	1918	0	0	0	0	0	0	0	0	0	842	0	0	576	11098	1860	14482	0	4716	0	2116	0	0	1284	29784	852	46076	428	12818	154	32772	276	14724	0	11460	0	15754	1070	17458	296	10480	120	1510	0	630	0	692	9296	0	1588	14596	0	0	0	0	0	0	0	826	0	0	0	156	0	0	272	4766	0	0	0	13232	0	1288	0	0	0	0	0	336	0	0	0	0	0	0	0	0	0	0	0	0	920	0	0	0	0	0	
571436	Paracentral_Lobule_L	79044	4514	15308	18642	0	0	2648	5850	0	0	158	3212	0	976	0	2998	658	1966	22846	17238	0	0	360	3120	0	0	0	0	1982	4848	192	7122	3698	10046	2854	1258	3146	316	272	96	0	0	1608	410	1956	112	154	0	142	0	1956	0	186	174	610	322	5906	852	318	0	322	0	314	0	320	0	3010	1588	0	5666	3298	8220	2532	5266	1654	0	14198	2062	1302	0	542	0	0	170	3434	0	0	0	1160	336	250	0	0	0	0	0	0	0	0	0	0	0	0	0	0	0	0	0	0	0	0	0	0	0	0	0	
286768	Paracentral_Lobule_R	450	14848	0	162	0	0	0	0	0	0	0	372	0	0	0	0	0	268	0	16226	0	0	0	0	0	0	0	0	0	900	0	0	268	22156	4132	8558	0	278	0	0	0	0	282	1664	0	4918	0	280	328	3142	2334	396	198	5050	0	2782	2614	17288	1650	738	980	588	0	1492	0	94	2100	14596	5666	0	0	0	0	0	0	0	0	448	0	146	0	626	0	0	654	802	0	0	0	2518	0	392	0	0	0	0	0	0	0	0	0	0	0	0	0	0	0	0	0	0	0	0	0	0	0	0	
268012	Caudate_L	3782	722	10228	6076	914	0	494	190	118	0	1660	0	1004	0	524	634	596	0	11446	6280	4954	5606	2886	0	818	0	782	1070	4896	0	16756	3974	0	252	0	0	650	132	0	0	0	0	0	0	0	0	0	0	0	0	0	0	0	0	0	128	166	262	0	0	0	0	0	0	0	0	0	0	3298	0	0	11372	15114	1440	4076	380	9472	544	0	0	0	0	204	0	0	0	0	0	0	106	0	0	0	0	0	0	0	0	0	0	0	0	0	0	0	0	0	0	0	0	0	0	0	0	0	0	
234888	Caudate_R	8328	2016	1306	4266	0	1352	146	552	0	0	0	838	0	576	0	4956	0	0	1304	784	2522	4440	330	3022	0	2184	0	430	0	2736	2322	12440	0	0	0	0	154	866	0	472	0	0	0	0	0	0	0	0	0	0	0	0	0	0	0	554	0	0	0	0	0	0	0	0	0	0	0	0	8220	0	11372	0	1210	16094	490	1344	686	18988	0	0	0	0	0	0	0	0	0	0	0	144	0	0	0	0	0	0	0	0	0	0	0	0	0	0	0	0	0	0	0	0	0	0	0	0	0	0	
280316	Putamen_L	6594	646	12484	890	4686	0	6308	174	2190	0	1516	0	2330	0	7786	0	1258	0	11342	500	2172	1084	3712	154	1052	0	982	510	16852	0	8554	2010	0	132	0	0	7080	0	1304	0	728	0	0	0	0	0	0	0	0	0	0	0	0	0	2284	0	0	0	0	0	0	0	0	0	0	0	0	0	2532	0	15114	1210	0	156	8802	0	2732	0	108	0	584	0	886	0	0	0	0	0	720	0	0	0	0	0	0	0	0	0	0	0	0	0	0	0	0	0	0	0	0	0	0	0	0	0	0	0	
299952	Putamen_R	5470	6656	280	11732	0	2530	118	4120	0	580	0	4068	0	2696	0	6840	0	1096	184	572	116	1062	726	7276	0	3220	0	696	0	22054	1810	12480	0	302	332	242	198	9348	0	4324	0	962	0	0	0	0	0	0	0	0	0	0	0	0	0	5884	0	314	0	0	0	0	0	0	0	0	0	0	5266	0	1440	16094	156	0	106	2206	0	2250	0	0	0	820	0	350	0	102	0	0	0	2556	0	0	0	0	0	0	0	0	0	342	0	0	0	0	0	0	0	0	0	0	0	0	0	0	0	0	
70192	Pallidum_L	3268	330	1996	0	0	0	1852	0	0	0	546	0	136	0	96	0	542	0	5408	0	128	194	0	0	0	0	0	0	648	0	530	506	0	0	0	0	994	0	0	0	0	0	0	0	0	0	0	0	0	0	0	0	0	0	0	0	0	0	0	0	0	0	0	0	0	0	0	0	1654	0	4076	490	8802	106	0	0	2794	0	0	0	0	0	0	0	0	0	0	0	0	0	0	0	0	0	0	0	0	0	0	0	0	0	0	0	0	0	0	0	0	0	0	0	0	0	0	0	
20712	Pallidum_R	0	1716	148	1360	0	0	0	1436	0	0	0	0	0	0	0	148	0	0	150	0	0	170	0	0	0	0	0	0	0	0	0	116	0	0	0	0	0	476	0	442	0	0	0	0	0	0	0	0	0	0	0	0	0	0	0	264	0	0	0	0	0	0	0	0	0	0	0	0	0	0	380	1344	0	2206	0	0	0	0	0	0	0	0	0	0	0	0	0	0	0	0	0	0	0	0	0	0	0	0	0	0	0	0	0	0	0	0	0	0	0	0	0	0	0	0	0	0	
250360	Thalamus_L	20940	1570	7484	1770	0	0	5444	454	0	0	574	160	0	0	0	0	654	208	10160	726	0	0	168	578	0	0	0	0	10180	180	0	768	0	502	90	0	11540	0	3394	0	92	0	0	0	0	0	640	0	0	0	0	0	0	0	3856	0	96	546	0	0	0	0	0	0	0	0	0	0	14198	0	9472	686	2732	0	2794	0	0	3318	3620	0	406	0	0	0	1100	0	0	0	3720	0	218	0	0	0	0	0	0	0	142	0	0	0	0	0	0	0	0	0	0	0	0	0	0	0	0	0	
169692	Thalamus_R	2682	7420	272	4876	0	0	246	316	0	0	0	0	0	0	0	858	0	0	274	922	0	0	0	0	0	0	0	0	386	596	0	1760	0	230	4888	3708	4056	8868	1150	3874	0	210	0	144	0	0	546	1130	0	0	0	0	0	0	806	3978	94	0	0	0	0	0	0	0	0	0	602	826	2062	448	544	18988	0	2250	0	0	3318	0	132	0	0	0	0	0	0	0	0	0	0	782	0	190	0	0	0	0	0	0	0	218	0	0	0	0	0	0	0	0	0	0	196	0	0	0	0	0	
169508	Heschl_L	10834	110	1498	2680	0	0	5946	654	0	0	3372	294	118	0	0	0	6332	348	1234	1168	0	0	274	1020	0	0	0	0	16482	306	0	1196	0	784	1782	148	318	0	0	0	0	0	1046	0	0	0	182	0	0	0	868	0	116	0	802	0	3696	0	156	0	306	0	206	0	150	0	1092	0	1302	0	0	0	108	0	0	0	3620	132	0	0	3608	0	0	0	4620	0	0	0	5344	0	502	0	0	0	0	0	0	0	0	0	0	0	0	0	0	0	0	0	0	0	0	0	0	0	0	0	
15696	Heschl_R	0	260	0	0	0	0	0	332	0	0	0	314	0	0	0	0	0	1146	0	96	0	0	0	0	0	0	0	0	0	1388	0	0	0	122	0	0	0	0	0	0	0	0	0	0	0	0	0	0	0	0	0	0	0	0	0	0	0	0	0	0	0	0	0	0	0	0	0	0	0	146	0	0	0	0	0	0	0	0	0	0	0	3684	0	0	0	170	0	0	0	190	0	0	0	0	0	0	0	0	0	0	0	0	0	0	0	0	0	0	0	0	0	0	0	0	0	0	
159940	Temporal_Sup_L	2730	0	1546	90	0	0	310	0	0	0	2314	0	216	0	0	0	7802	0	1286	106	0	0	0	0	0	0	0	0	5780	0	0	0	0	0	294	0	1008	0	198	0	0	0	242	0	0	0	0	0	164	0	496	0	0	0	2012	0	3912	0	296	0	1270	0	5198	0	2866	0	192	0	542	0	0	0	584	0	0	0	406	0	3608	0	0	0	5362	0	20702	0	0	0	7536	0	902	0	0	0	0	0	0	0	0	0	0	0	0	0	0	0	0	0	0	0	0	0	0	0	0	0	
75104	Temporal_Sup_R	0	1228	0	266	0	0	0	1014	0	0	0	396	0	0	0	0	0	2136	0	172	0	0	0	0	0	0	0	0	0	3414	0	0	0	468	188	352	0	436	0	0	0	0	0	0	0	94	0	0	0	0	0	200	0	0	0	472	0	1212	0	0	0	942	0	5274	0	2616	0	156	0	626	0	0	0	820	0	0	0	0	0	3684	0	0	0	212	0	7082	0	102	0	3990	0	0	0	0	0	0	0	0	0	0	0	0	0	0	0	0	0	0	0	0	0	0	0	0	0	0	
91728	Temporal_Pole_Sup_L	0	0	840	166	0	0	266	0	0	0	1394	0	222	0	604	0	1130	0	820	166	0	0	0	0	0	0	0	0	3830	0	158	0	0	0	0	0	1750	0	1282	0	694	0	0	0	0	0	0	0	0	0	0	0	0	0	8476	0	0	0	0	0	0	0	0	0	0	0	0	0	0	0	204	0	886	0	0	0	0	0	0	0	5362	0	0	0	7820	0	2868	0	6556	0	106	0	0	0	0	0	154	0	110	0	0	0	0	0	0	0	0	0	0	0	0	0	0	0	0	0	
24620	Temporal_Pole_Sup_R	230	0	0	0	0	0	0	0	0	0	0	232	0	0	0	0	0	384	0	0	0	0	0	0	0	0	0	0	0	744	0	0	0	0	0	0	0	1076	0	2734	0	1930	0	0	0	0	0	0	0	0	0	0	0	0	0	1754	0	0	0	0	0	0	0	0	0	0	0	0	170	0	0	0	0	350	0	0	0	0	0	0	0	212	0	0	0	284	0	2068	0	142	0	0	0	0	0	0	0	0	0	0	0	0	0	0	0	0	0	0	0	0	0	0	0	0	0	0	
386516	Temporal_Mid_L	5314	0	164	0	0	0	480	0	0	0	258	0	0	0	0	0	1876	0	108	688	0	0	0	0	0	0	0	0	3990	0	0	0	0	288	9944	1706	2874	0	0	0	0	0	7826	0	446	0	1940	0	1344	0	21110	0	7700	0	7132	168	6004	0	1154	0	2970	0	11360	0	13098	0	5692	272	3434	654	0	0	0	0	0	0	1100	0	4620	0	20702	0	7820	0	0	0	2552	0	34696	168	1606	0	0	0	0	0	0	0	0	0	0	0	0	0	0	0	0	0	0	0	0	0	0	0	0	0	
162216	Temporal_Mid_R	0	732	0	332	0	0	0	668	0	0	0	918	0	0	0	0	0	0	0	154	0	0	0	0	0	0	0	0	0	2094	0	0	0	522	0	160	0	662	0	228	0	0	0	1518	0	4026	0	0	0	3810	0	11608	0	2926	0	1490	0	370	0	206	0	7176	0	4250	0	7286	538	4766	0	802	0	0	0	102	0	0	0	0	0	170	0	7082	0	284	0	0	0	222	0	16006	0	0	0	0	0	0	0	0	0	0	0	0	0	0	0	0	0	0	0	0	0	0	0	0	0	0	
20056	Temporal_Pole_Mid_L	0	0	0	0	0	0	0	0	0	0	0	0	0	0	0	0	0	0	0	0	0	0	0	0	0	0	0	0	0	0	0	0	0	0	0	0	0	0	588	0	0	0	0	0	0	0	0	0	0	0	0	0	0	0	2354	0	0	0	0	0	0	0	0	0	0	0	0	0	0	0	0	0	0	0	0	0	0	0	0	0	0	0	2868	0	2552	0	0	0	1666	0	0	0	0	0	0	0	0	0	0	0	0	0	0	0	0	0	0	0	0	0	0	0	0	0	0	0	
12824	Temporal_Pole_Mid_R	0	0	0	0	0	0	0	0	0	0	0	0	0	0	0	0	0	0	0	0	0	0	0	0	0	0	0	0	0	0	0	0	0	0	0	0	0	0	0	1618	0	332	0	0	0	0	0	0	0	0	0	0	0	0	0	1736	0	0	0	0	0	0	0	0	0	0	0	0	0	0	0	0	0	0	0	0	0	0	0	0	0	102	0	2068	0	222	0	0	0	334	0	0	0	0	0	0	0	0	0	0	0	0	0	0	0	0	0	0	0	0	0	0	0	0	0	0	
319656	Temporal_Inf_L	3280	0	378	0	0	0	262	0	0	0	0	0	152	0	0	0	2026	0	328	0	0	0	0	0	0	0	0	0	6396	0	0	0	132	0	790	0	8934	0	2632	0	322	0	4230	0	274	0	1104	0	1020	0	8038	0	6112	0	22346	0	2520	0	804	0	1892	0	2764	0	3566	0	2540	0	1160	0	0	0	720	0	0	0	3720	0	5344	0	7536	0	6556	0	34696	0	1666	0	0	0	12486	0	938	0	0	0	384	0	1780	0	0	0	0	0	0	0	0	0	0	0	0	0	0	0	0	0	
301756	Temporal_Inf_R	162	6142	132	2254	0	0	0	2404	0	0	0	2840	0	100	0	256	0	488	160	1034	0	0	0	114	0	0	0	0	0	6778	0	352	0	1870	1152	4344	118	9232	0	1172	0	0	222	11346	0	3754	0	1420	0	2304	270	1634	0	7712	0	29094	238	1708	224	0	136	1508	0	2008	0	478	862	13232	336	2518	106	144	0	2556	0	0	0	782	0	190	0	3990	0	142	168	16006	0	334	0	0	0	3410	0	392	0	0	0	0	0	550	0	0	0	0	0	0	0	0	0	0	0	0	0	0	0	0	
870656	Cerebelum_Crus1_L	658	0	0	0	0	0	0	0	0	0	0	0	0	0	0	0	492	0	0	0	0	0	0	0	0	0	0	0	1070	0	0	0	0	0	102	0	248	0	1310	0	0	0	186	96	0	0	16962	2976	392	0	1174	0	644	0	38968	748	1086	0	430	0	832	0	410	0	1698	0	0	0	250	0	0	0	0	0	0	0	218	0	502	0	902	0	106	0	1606	0	0	0	12486	0	0	15698	56950	16534	2264	1238	33582	3826	86048	15400	11024	4620	18312	9634	6800	2260	1354	786	1584	2864	9924	14652	23738	4694	3296	1694	
554416	Cerebelum_Crus1_R	0	230	0	0	0	0	0	0	0	0	0	0	0	0	0	0	0	0	0	0	0	0	0	0	0	0	0	0	0	0	0	0	0	0	0	0	0	386	0	928	0	0	0	780	0	440	4120	4474	0	328	0	122	0	1396	1000	14770	0	374	0	0	0	0	0	0	0	0	0	1288	0	392	0	0	0	0	0	0	0	190	0	0	0	0	0	0	0	0	0	0	0	3410	15698	0	3216	42720	0	3544	2894	23272	15260	64094	568	6790	952	18458	660	1716	110	102	262	1922	12232	14524	10702	1672	1022	190	
506628	Cerebelum_Crus2_L	0	0	0	0	0	0	0	0	0	0	0	0	0	0	0	0	0	0	0	0	0	0	0	0	0	0	0	0	0	0	0	0	0	0	0	0	0	0	0	0	0	0	0	0	0	0	740	274	0	0	0	0	0	0	7484	0	0	0	0	0	0	0	0	0	0	0	0	0	0	0	0	0	0	0	0	0	0	0	0	0	0	0	0	0	0	0	0	0	938	0	56950	3216	0	12568	606	426	7656	1194	18564	1942	37318	5854	41188	6882	11886	1846	3162	644	294	624	1248	2316	15058	8468	2944	1024	
426476	Cerebelum_Crus2_R	0	0	0	0	0	0	0	0	0	0	0	0	0	0	0	0	0	0	0	0	0	0	0	0	0	0	0	0	0	0	0	0	0	0	0	0	0	0	0	0	0	0	0	0	0	0	340	200	0	0	0	0	0	0	1298	1318	0	0	0	0	0	0	0	0	0	0	0	0	0	0	0	0	0	0	0	0	0	0	0	0	0	0	0	0	0	0	0	0	0	392	16534	42720	12568	0	0	1500	1834	2498	5680	13008	3804	23776	6098	37320	2054	4620	194	658	178	816	730	2752	21962	6282	1580	524	
42784	Cerebelum_3_L	0	0	0	0	0	0	0	0	0	0	0	0	0	0	0	0	0	0	0	0	0	0	0	0	0	0	0	0	0	0	0	0	0	0	0	0	0	0	112	0	0	0	0	0	0	0	968	0	0	0	0	0	0	0	316	0	0	0	0	0	0	0	0	0	0	0	0	0	0	0	0	0	0	0	0	0	0	0	0	0	0	0	0	0	0	0	0	0	0	0	2264	0	606	0	0	0	8864	0	2412	0	92	0	222	0	532	0	120	0	1522	1848	1408	0	106	0	0	0	
85060	Cerebelum_3_R	0	0	0	0	0	0	0	0	0	0	0	0	0	0	0	0	0	0	0	0	0	0	0	0	0	0	0	0	0	0	0	0	0	0	0	0	0	0	0	244	0	0	0	0	0	0	382	670	0	0	0	0	0	0	296	428	0	0	0	0	0	0	0	0	0	0	0	0	0	0	0	0	0	0	0	0	0	0	0	0	0	0	0	0	0	0	0	0	0	0	1238	3544	426	1500	0	0	1242	5848	1586	6802	178	134	706	1222	710	1026	0	0	808	5182	2756	1218	2004	1150	1004	226	
391336	Cerebelum_4_5_L	0	0	0	0	0	0	0	0	0	0	0	0	0	0	0	0	0	0	0	0	0	0	0	0	0	0	0	0	0	0	0	0	0	0	636	0	1336	0	1052	0	0	0	336	0	0	0	18324	1192	0	0	0	0	0	0	17244	300	0	0	0	0	0	0	0	0	0	0	2062	0	0	0	0	0	0	0	0	0	0	0	0	0	0	0	154	0	0	0	0	0	384	0	33582	2894	7656	1834	8864	1242	0	4360	44020	4696	1448	0	1486	2092	2946	788	860	280	2802	5378	16370	3562	3304	818	614	752	
259264	Cerebelum_4_5_R	0	0	0	0	0	0	0	0	0	0	0	0	0	0	0	0	0	0	0	0	0	0	0	0	0	0	0	0	0	0	0	0	0	0	0	0	0	214	0	1376	0	0	0	0	0	0	3370	4434	0	0	0	0	0	0	1022	5432	0	0	0	0	0	0	0	0	0	0	0	336	0	0	0	0	0	0	0	0	0	0	0	0	0	0	0	0	0	0	0	0	0	0	3826	23272	1194	2498	0	5848	4360	0	4818	32484	326	276	1274	2492	852	1270	0	694	660	2872	16546	2154	2578	1580	1446	128	
692672	Cerebelum_6_L	0	0	0	0	0	0	0	0	0	0	0	0	0	0	0	0	0	0	0	0	0	0	0	0	0	0	0	0	0	0	0	0	0	0	0	0	204	0	1356	0	0	0	0	244	0	0	24720	5434	0	0	0	0	474	0	41048	1248	0	0	0	0	0	0	0	0	0	0	0	0	0	0	0	0	0	0	0	0	142	0	0	0	0	0	110	0	0	0	0	0	1780	0	86048	15260	18564	5680	2412	1586	44020	4818	0	18774	2562	104	2366	3108	4898	1788	752	344	2282	3758	14818	21250	9716	1070	1582	2016	
498320	Cerebelum_6_R	0	0	0	0	0	0	0	0	0	0	0	0	0	0	0	0	0	0	0	0	0	0	0	0	0	0	0	0	0	0	0	0	0	0	0	0	0	1062	0	1678	0	0	0	136	0	0	5886	6950	0	0	0	0	0	0	2026	14584	0	0	0	0	0	0	0	0	0	0	0	0	0	0	0	0	0	342	0	0	0	218	0	0	0	0	0	0	0	0	0	0	0	550	15400	64094	1942	13008	0	6802	4696	32484	18774	0	416	1642	672	5326	598	636	0	716	586	3722	16948	17782	7712	810	858	104	
251668	Cerebelum_7b_L	0	0	0	0	0	0	0	0	0	0	0	0	0	0	0	0	0	0	0	0	0	0	0	0	0	0	0	0	0	0	0	0	0	0	0	0	0	0	0	0	0	0	0	0	0	0	0	0	0	0	0	0	0	0	1312	0	0	0	0	0	0	0	0	0	0	0	0	0	0	0	0	0	0	0	0	0	0	0	0	0	0	0	0	0	0	0	0	0	0	0	11024	568	37318	3804	92	178	1448	326	2562	416	0	2310	35890	2880	11246	394	2844	92	0	0	118	528	4318	5400	552	214	
178044	Cerebelum_7b_R	0	0	0	0	0	0	0	0	0	0	0	0	0	0	0	0	0	0	0	0	0	0	0	0	0	0	0	0	0	0	0	0	0	0	0	0	0	0	0	0	0	0	0	0	0	0	0	0	0	0	0	0	0	0	0	282	0	0	0	0	0	0	0	0	0	0	0	0	0	0	0	0	0	0	0	0	0	0	0	0	0	0	0	0	0	0	0	0	0	0	4620	6790	5854	23776	0	134	0	276	104	1642	2310	0	1850	26604	528	5098	0	0	0	0	0	0	6458	2190	376	130	
389764	Cerebelum_8_L	0	0	0	0	0	0	0	0	0	0	0	0	0	0	0	0	0	0	0	0	0	0	0	0	0	0	0	0	0	0	0	0	0	0	0	0	0	0	0	0	0	0	0	0	0	0	0	0	0	0	0	0	0	0	792	0	0	0	0	0	0	0	0	0	0	0	0	0	0	0	0	0	0	0	0	0	0	0	0	0	0	0	0	0	0	0	0	0	0	0	18312	952	41188	6098	222	706	1486	1274	2366	672	35890	1850	0	8810	29678	4608	4604	1118	226	508	426	406	10550	14030	6236	1874	
360080	Cerebelum_8_R	0	0	0	0	0	0	0	0	0	0	0	0	0	0	0	0	0	0	0	0	0	0	0	0	0	0	0	0	0	0	0	0	0	0	0	0	0	0	0	0	0	0	0	0	0	0	0	0	0	0	0	0	0	0	1422	312	0	0	0	0	0	0	0	0	0	0	0	0	0	0	0	0	0	0	0	0	0	0	0	0	0	0	0	0	0	0	0	0	0	0	9634	18458	6882	37320	0	1222	2092	2492	3108	5326	2880	26604	8810	0	3344	19296	200	2188	126	584	940	188	12914	8904	4274	520	
232736	Cerebelum_9_L	0	0	0	0	0	0	0	0	0	0	0	0	0	0	0	0	0	0	0	0	0	0	0	0	0	0	0	0	0	0	0	0	0	0	0	0	0	0	0	0	0	0	0	0	0	0	94	0	0	0	0	0	0	0	448	0	0	0	0	0	0	0	0	0	0	0	0	0	0	0	0	0	0	0	0	0	0	0	0	0	0	0	0	0	0	0	0	0	0	0	6800	660	11886	2054	532	710	2946	852	4898	598	11246	528	29678	3344	0	6970	5148	870	512	818	894	1538	6276	5734	6742	3592	
175784	Cerebelum_9_R	0	0	0	0	0	0	0	0	0	0	0	0	0	0	0	0	0	0	0	0	0	0	0	0	0	0	0	0	0	0	0	0	0	0	0	0	0	0	0	0	0	0	0	0	0	0	340	0	0	0	0	0	0	0	102	0	0	0	0	0	0	0	0	0	0	0	0	0	0	0	0	0	0	0	0	0	0	0	0	0	0	0	0	0	0	0	0	0	0	0	2260	1716	1846	4620	0	1026	788	1270	1788	636	394	5098	4608	19296	6970	0	134	3354	746	1640	832	3066	4664	5952	10410	4336	
41572	Cerebelum_10_L	0	0	0	0	0	0	0	0	0	0	0	0	0	0	0	0	0	0	0	0	0	0	0	0	0	0	0	0	0	0	0	0	0	0	0	0	0	0	0	0	0	0	0	0	0	0	0	0	0	0	0	0	0	0	454	0	0	0	0	0	0	0	0	0	0	0	0	0	0	0	0	0	0	0	0	0	0	0	0	0	0	0	0	0	0	0	0	0	0	0	1354	110	3162	194	120	0	860	0	752	0	2844	0	4604	200	5148	134	0	0	0	0	0	0	460	242	148	0	
33028	Cerebelum_10_R	0	0	0	0	0	0	0	0	0	0	0	0	0	0	0	0	0	0	0	0	0	0	0	0	0	0	0	0	0	0	0	0	0	0	0	0	0	0	0	0	0	0	0	0	0	0	0	0	0	0	0	0	0	0	124	0	0	0	0	0	0	0	0	0	0	0	0	0	0	0	0	0	0	0	0	0	0	0	0	0	0	0	0	0	0	0	0	0	0	0	786	102	644	658	0	0	280	694	344	716	92	0	1118	2188	870	3354	0	0	0	0	0	0	1632	1336	1382	194	
51612	Vermis_1_2	0	0	0	0	0	0	0	0	0	0	0	0	0	0	0	0	0	0	0	0	0	0	0	0	0	0	0	0	0	0	0	0	0	0	0	0	0	0	0	0	0	0	0	0	0	0	356	0	0	0	0	0	0	0	210	0	0	0	0	0	0	0	0	0	0	0	0	0	0	0	0	0	0	0	0	0	0	0	0	0	0	0	0	0	0	0	0	0	0	0	1584	262	294	178	1522	808	2802	660	2282	586	0	0	226	126	512	746	0	0	0	5610	3652	1600	406	390	712	282	
103888	Vermis_3	0	0	0	0	0	0	0	0	0	0	0	0	0	0	0	0	0	0	0	0	0	0	0	0	0	0	0	0	0	0	0	0	0	0	0	0	0	0	0	0	0	0	0	0	0	0	802	0	0	0	0	0	0	0	360	0	0	0	0	0	0	0	0	0	0	0	0	0	0	0	0	0	0	0	0	0	0	0	0	0	0	0	0	0	0	0	0	0	0	0	2864	1922	624	816	1848	5182	5378	2872	3758	3722	0	0	508	584	818	1640	0	0	5610	0	5712	2716	1196	1028	1462	522	
287000	Vermis_4_5	0	0	0	0	0	0	0	0	0	0	0	0	0	0	0	0	0	0	0	0	0	0	0	0	0	0	0	0	0	0	0	0	0	0	382	476	640	612	214	352	0	0	580	404	172	0	11140	4824	0	92	0	0	0	0	2484	2736	0	0	0	0	0	0	0	0	0	0	1260	920	0	0	0	0	0	0	0	0	0	196	0	0	0	0	0	0	0	0	0	0	0	0	9924	12232	1248	730	1408	2756	16370	16546	14818	16948	118	0	426	940	894	832	0	0	3652	5712	0	6550	1298	646	380	1588	
