data	data	534640	179084	978544	1.05402e+06	155280	106272	644608	370060	183184	49936	204972	185740	326404	129108	276220	245476	262020	154320	1.11435e+06	1.20551e+06	102988	122392	566576	515216	63708	116456	94952	116156	932324	379864	440720	667868	340832	842480	94672	134896	309068	272984	113788	216352	38484	77716	225252	307520	196608	245712	330360	417556	154928	240340	434352	220400	172992	108864	444944	528852	265220	287712	223596	145320	326432	86240	108808	106704	201588	119556	267112	309396	273648	199656	308816	673676	531168	482668	51120	51224	214928	220024	83020	35020	272244	119944	145068	74816	272124	175108	16096	21792	315896	211612	642340	550648	512200	425012	51448	85808	343624	267880	620544	609892	357280	187120	403884	406716	136252	169760	38852	32100	26840	99968	282504	338528	420948	197368	130804	82164	
data	data	Precentral_L	Precentral_R	Frontal_Sup_L	Frontal_Sup_R	Frontal_Sup_Orb_L	Frontal_Sup_Orb_R	Frontal_Mid_L	Frontal_Mid_R	Frontal_Mid_Orb_L	Frontal_Mid_Orb_R	Frontal_Inf_Oper_L	Frontal_Inf_Oper_R	Frontal_Inf_Tri_L	Frontal_Inf_Tri_R	Frontal_Inf_Orb_L	Frontal_Inf_Orb_R	Rolandic_Oper_L	Rolandic_Oper_R	Supp_Motor_Area_L	Supp_Motor_Area_R	Olfactory_L	Olfactory_R	Frontal_Sup_Medial_L	Frontal_Sup_Medial_R	Frontal_Med_Orb_L	Frontal_Med_Orb_R	Rectus_L	Rectus_R	Insula_L	Insula_R	Cingulum_Ant_L	Cingulum_Ant_R	Cingulum_Mid_L	Cingulum_Mid_R	Cingulum_Post_L	Cingulum_Post_R	Hippocampus_L	Hippocampus_R	ParaHippocampal_L	ParaHippocampal_R	Amygdala_L	Amygdala_R	Calcarine_L	Calcarine_R	Cuneus_L	Cuneus_R	Lingual_L	Lingual_R	Occipital_Sup_L	Occipital_Sup_R	Occipital_Mid_L	Occipital_Mid_R	Occipital_Inf_L	Occipital_Inf_R	Fusiform_L	Fusiform_R	Postcentral_L	Postcentral_R	Parietal_Sup_L	Parietal_Sup_R	Parietal_Inf_L	Parietal_Inf_R	SupraMarginal_L	SupraMarginal_R	Angular_L	Angular_R	Precuneus_L	Precuneus_R	Paracentral_Lobule_L	Paracentral_Lobule_R	Caudate_L	Caudate_R	Putamen_L	Putamen_R	Pallidum_L	Pallidum_R	Thalamus_L	Thalamus_R	Heschl_L	Heschl_R	Temporal_Sup_L	Temporal_Sup_R	Temporal_Pole_Sup_L	Temporal_Pole_Sup_R	Temporal_Mid_L	Temporal_Mid_R	Temporal_Pole_Mid_L	Temporal_Pole_Mid_R	Temporal_Inf_L	Temporal_Inf_R	Cerebelum_Crus1_L	Cerebelum_Crus1_R	Cerebelum_Crus2_L	Cerebelum_Crus2_R	Cerebelum_3_L	Cerebelum_3_R	Cerebelum_4_5_L	Cerebelum_4_5_R	Cerebelum_6_L	Cerebelum_6_R	Cerebelum_7b_L	Cerebelum_7b_R	Cerebelum_8_L	Cerebelum_8_R	Cerebelum_9_L	Cerebelum_9_R	Cerebelum_10_L	Cerebelum_10_R	Vermis_1_2	Vermis_3	Vermis_4_5	Vermis_6	Vermis_7	Vermis_8	Vermis_9	Vermis_10	
534640	Precentral_L	0	222	37430	684	0	0	29910	0	274	0	8934	0	5296	0	354	0	10814	0	24860	3066	0	0	0	0	0	0	0	0	23236	0	0	0	188	1142	0	0	13676	122	1458	0	0	0	0	0	0	0	0	0	0	0	448	0	100	0	756	0	29424	0	2026	0	8056	0	920	0	858	0	182	0	24656	356	660	286	12688	0	654	0	14594	464	3258	0	3508	0	568	0	482	0	0	0	710	0	0	0	0	0	0	0	0	0	0	0	0	0	0	0	0	0	0	0	0	0	0	0	0	0	0	0	
179084	Precentral_R	222	0	100	6412	0	0	0	9460	0	0	0	6206	0	660	0	822	0	4870	740	6066	0	0	0	0	0	0	0	0	248	3922	0	0	0	3650	0	0	512	3440	0	820	0	0	0	0	0	0	0	0	0	0	0	0	0	166	0	890	0	15002	0	250	0	152	0	2348	0	0	0	184	508	3094	336	2430	222	3220	134	910	2088	6708	0	836	0	698	0	0	0	282	0	0	0	934	0	0	0	0	0	0	0	0	0	0	0	0	0	0	0	0	0	0	0	0	0	0	0	0	0	0	
978544	Frontal_Sup_L	37430	100	0	7412	8324	0	79522	1252	4640	0	11124	0	23578	0	8490	176	8298	0	72722	11136	0	0	43268	14096	832	208	418	136	33224	0	18570	14064	8590	10992	0	0	8706	0	870	0	0	0	0	0	0	0	0	0	0	0	0	0	0	0	760	0	4146	0	468	0	1066	0	294	0	138	0	110	0	14194	0	2000	1590	17042	218	1156	0	10710	296	626	0	3128	0	2350	0	194	0	0	0	608	0	0	0	0	0	0	0	0	0	0	0	0	0	0	0	0	0	0	0	0	0	0	0	0	0	0	0	
1.05402e+06	Frontal_Sup_R	684	6412	7412	0	0	2476	4184	45014	1172	1330	408	7220	1234	4572	1356	10352	760	6422	37956	98074	0	0	18488	37856	100	2452	0	792	14806	14624	5552	31764	10388	44576	0	0	336	4158	0	1730	0	642	0	0	0	0	0	0	0	0	0	0	0	0	0	1034	0	950	0	0	0	0	0	0	0	0	0	0	470	318	4100	36374	10412	27510	388	4850	1952	10748	0	310	270	262	280	528	0	194	0	0	186	572	0	0	0	0	0	0	0	0	0	0	0	0	0	0	0	0	0	0	0	0	0	0	0	0	0	0	
155280	Frontal_Sup_Orb_L	0	0	8324	0	0	314	2002	0	11486	0	0	0	282	0	11392	0	0	0	0	0	1922	616	5810	186	5408	420	8218	488	5224	0	3484	606	0	0	0	0	0	0	0	0	0	0	0	0	0	0	0	0	0	0	0	0	0	0	0	0	0	0	0	0	0	0	0	0	0	0	0	0	0	0	2992	252	6844	0	104	0	0	0	0	0	0	0	1266	0	0	0	0	0	0	0	0	0	0	0	0	0	0	0	0	0	0	0	0	0	0	0	0	0	0	0	0	0	0	0	0	0	
106272	Frontal_Sup_Orb_R	0	0	0	2476	314	0	0	3610	0	5858	0	0	0	682	220	4794	0	0	0	174	926	2332	192	1692	250	6422	766	9504	144	1514	604	2362	0	0	0	0	0	0	0	0	0	0	0	0	0	0	0	0	0	0	0	0	0	0	0	0	0	0	0	0	0	0	0	0	0	0	0	0	0	0	1090	3474	430	2932	234	140	0	0	0	0	0	0	0	0	0	0	0	0	0	0	0	0	0	0	0	0	0	0	0	0	0	0	0	0	0	0	0	0	0	0	0	0	0	0	0	0	
644608	Frontal_Mid_L	29910	0	79522	4184	2002	0	0	450	5742	0	8670	0	42652	252	8154	632	2352	0	25414	5278	0	0	15856	4976	0	0	0	0	28848	334	8074	6814	5940	6694	0	0	2506	0	150	0	0	0	0	0	0	0	0	0	0	0	0	0	0	0	136	0	3400	0	394	0	1002	0	154	0	0	0	104	0	1122	104	5446	2426	5552	140	0	0	4596	282	296	0	738	0	814	0	0	0	0	0	192	0	0	0	0	0	0	0	0	0	0	0	0	0	0	0	0	0	0	0	0	0	0	0	0	0	0	0	
370060	Frontal_Mid_R	0	9460	1252	45014	0	3610	450	0	208	3562	0	7306	242	15026	216	9642	0	3554	12662	17152	0	0	2568	6758	0	0	0	0	756	6090	734	5002	2388	10604	0	0	0	716	0	314	0	0	0	0	0	0	0	0	0	0	0	0	0	0	0	114	0	1688	0	0	0	0	0	0	0	0	0	0	0	0	996	7246	472	6666	0	1756	0	240	0	308	0	100	0	158	0	0	0	0	0	0	0	0	0	0	0	0	0	0	0	0	0	0	0	0	0	0	0	0	0	0	0	0	0	0	0	0	
183184	Frontal_Mid_Orb_L	274	0	4640	1172	11486	0	5742	208	0	108	0	274	2464	0	26156	1226	0	148	634	2714	222	0	350	0	1644	0	3368	0	9854	394	1188	444	0	532	0	0	0	0	0	0	0	0	0	0	0	0	0	0	0	0	0	0	0	0	0	0	150	0	0	0	0	0	0	0	0	0	0	0	0	0	4508	3374	6216	1154	0	0	0	286	0	0	0	0	662	0	0	0	0	0	0	0	0	0	0	0	0	0	0	0	0	0	0	0	0	0	0	0	0	0	0	0	0	0	0	0	0	0	
49936	Frontal_Mid_Orb_R	0	0	0	1330	0	5858	0	3562	108	0	0	0	0	772	116	6230	0	0	0	746	0	0	0	262	0	204	0	622	120	216	0	0	0	0	0	0	0	0	0	0	0	0	0	0	0	0	0	0	0	0	0	0	0	0	0	0	0	0	0	0	0	0	0	0	0	0	0	0	0	0	0	2246	102	2336	0	138	0	0	0	0	0	0	0	0	0	0	0	0	0	0	0	0	0	0	0	0	0	0	0	0	0	0	0	0	0	0	0	0	0	0	0	0	0	0	0	0	
204972	Frontal_Inf_Oper_L	8934	0	11124	408	0	0	8670	0	0	0	0	0	11948	0	324	0	11708	0	11432	1380	0	0	0	0	0	0	0	0	17016	0	108	0	0	0	0	0	834	0	0	0	0	0	0	0	0	0	0	0	0	0	0	0	0	0	336	0	2860	0	0	0	0	0	0	0	0	0	0	0	110	0	0	0	1430	0	0	0	402	0	176	0	5364	0	6750	0	314	0	0	0	858	0	0	0	0	0	0	0	0	0	0	0	0	0	0	0	0	0	0	0	0	0	0	0	0	0	0	0	
185740	Frontal_Inf_Oper_R	0	6206	0	7220	0	0	0	7306	274	0	0	0	0	6520	276	1934	0	6610	1552	8600	0	0	0	0	0	0	0	0	310	16392	0	0	0	1168	0	0	0	1484	0	418	0	0	0	0	0	0	0	0	0	0	0	0	0	0	0	230	0	3872	0	0	0	0	0	0	0	0	0	0	0	0	186	8612	242	11332	0	118	0	132	0	346	0	364	0	1166	0	0	0	0	0	0	0	0	0	0	0	0	0	0	0	0	0	0	0	0	0	0	0	0	0	0	0	0	0	0	0	0	
326404	Frontal_Inf_Tri_L	5296	0	23578	1234	282	0	42652	242	2464	0	11948	0	0	0	13666	128	1596	0	10516	2432	0	0	2944	708	0	0	0	0	28222	0	3246	1696	1784	1470	0	0	270	0	0	0	0	0	0	0	0	0	0	0	0	0	0	0	0	0	158	0	640	0	0	0	102	0	0	0	0	0	0	0	0	0	496	418	1132	0	0	0	148	0	0	0	1272	0	2058	0	140	0	0	0	264	0	0	0	0	0	0	0	0	0	0	0	0	0	0	0	0	0	0	0	0	0	0	0	0	0	0	0	
129108	Frontal_Inf_Tri_R	0	660	0	4572	0	682	252	15026	0	772	0	6520	0	0	0	3930	0	350	3676	5274	0	0	0	122	0	0	0	0	204	11072	0	664	0	3892	0	0	0	0	0	0	0	0	0	0	0	0	0	0	0	0	0	0	0	0	0	0	0	204	0	0	0	0	0	0	0	0	0	0	0	0	638	3130	0	2676	0	0	0	0	0	0	0	0	0	238	0	0	0	0	0	0	0	0	0	0	0	0	0	0	0	0	0	0	0	0	0	0	0	0	0	0	0	0	0	0	0	0	
276220	Frontal_Inf_Orb_L	354	0	8490	1356	11392	220	8154	216	26156	116	324	276	13666	0	0	1310	0	148	1302	3034	1568	586	1988	196	138	0	2430	344	21158	420	2736	1382	502	734	0	0	0	0	0	0	0	0	0	0	0	0	0	0	0	0	0	0	0	0	0	0	162	0	0	0	0	0	0	0	0	0	0	0	0	0	6884	3784	11908	1268	0	0	0	296	0	0	0	0	3112	0	0	0	0	0	0	0	0	0	0	0	0	0	0	0	0	0	0	0	0	0	0	0	0	0	0	0	0	0	0	0	0	0	
245476	Frontal_Inf_Orb_R	0	822	176	10352	0	4794	632	9642	1226	6230	0	1934	128	3930	1310	0	108	0	3174	8674	0	1170	0	1422	0	316	0	1186	3676	9588	216	624	0	3682	0	0	0	0	0	256	0	0	0	0	0	0	0	0	0	0	0	0	0	0	0	176	0	0	0	0	0	0	0	0	0	0	0	0	0	0	3430	24516	3610	12944	0	530	0	650	0	0	0	392	116	642	0	322	0	0	142	0	0	0	0	0	0	0	0	0	0	0	0	0	0	0	0	0	0	0	0	0	0	0	0	0	0	0	
262020	Rolandic_Oper_L	10814	0	8298	760	0	0	2352	0	0	0	11708	0	1596	0	0	108	0	0	10222	2030	0	0	0	0	0	0	0	0	21520	0	0	0	0	170	0	0	3336	0	0	0	0	0	0	0	0	0	0	0	0	0	738	0	236	0	498	0	9734	0	2510	0	3692	0	1700	0	712	0	556	0	3412	0	0	320	2428	0	0	0	1762	532	4922	0	14540	0	4590	0	2830	0	0	0	2216	0	168	0	0	0	0	0	0	0	0	0	0	0	0	0	0	0	0	0	0	0	0	0	0	0	0	0	
154320	Rolandic_Oper_R	0	4870	0	6422	0	0	0	3554	148	0	0	6610	0	350	148	0	0	0	0	5178	0	0	0	0	0	0	0	0	156	14272	0	0	0	202	0	0	0	1732	0	318	0	0	0	0	0	0	0	0	0	0	0	0	0	0	0	446	0	6858	0	1412	0	128	0	3624	0	116	0	290	0	340	0	1546	154	5268	0	0	0	1226	0	4038	0	5212	0	1354	0	312	0	0	0	876	0	0	0	0	0	0	0	0	0	0	0	0	0	0	0	0	0	0	0	0	0	0	0	0	0	0	
1.11435e+06	Supp_Motor_Area_L	24860	740	72722	37956	0	0	25414	12662	634	0	11432	1552	10516	3676	1302	3174	10222	0	0	65448	0	0	20260	16458	0	0	0	0	32228	2708	11714	20530	22716	54426	186	382	9134	266	994	134	140	0	0	0	0	0	0	0	0	0	204	0	0	0	1260	0	2380	182	288	0	330	0	148	0	224	0	0	200	21198	630	5388	4972	22670	1442	3386	0	5716	544	384	0	4532	0	4668	0	460	0	0	0	1382	0	0	0	0	0	0	0	0	0	0	0	0	0	0	0	0	0	0	0	0	0	0	0	0	0	0	0	
1.20551e+06	Supp_Motor_Area_R	3066	6066	11136	98074	0	174	5278	17152	2714	746	1380	8600	2432	5274	3034	8674	2030	5178	65448	0	0	0	14404	18706	0	0	0	0	24606	15370	4950	19782	16022	70586	266	222	1030	3996	376	1398	134	384	0	0	0	0	0	126	0	0	422	0	174	1342	554	2404	0	9784	0	198	0	0	0	520	0	148	0	568	8108	17950	5066	37708	15384	18928	530	2474	9950	22112	0	444	650	712	742	570	382	2674	0	0	756	2686	0	0	0	0	0	0	0	0	0	0	0	0	0	0	0	0	0	0	0	0	0	0	0	0	0	0	
102988	Olfactory_L	0	0	0	0	1922	926	0	0	222	0	0	0	0	0	1568	0	0	0	0	0	0	6018	300	0	1392	766	3598	2226	3060	0	4518	3156	0	0	0	0	730	0	656	0	938	0	0	0	0	0	0	0	0	0	0	0	0	0	234	0	0	0	0	0	0	0	0	0	0	0	0	0	0	0	7968	4336	3676	2190	802	0	0	0	0	0	0	0	292	0	0	0	0	0	0	0	0	0	0	0	0	0	0	0	0	0	0	0	0	0	0	0	0	0	0	0	0	0	0	0	0	0	
122392	Olfactory_R	0	0	0	0	616	2332	0	0	0	0	0	0	0	0	586	1170	0	0	0	0	6018	0	242	112	426	2212	2102	5248	340	2988	3390	4966	0	0	0	0	0	0	0	330	0	504	0	0	0	0	0	0	0	0	0	0	0	0	0	102	0	0	0	0	0	0	0	0	0	0	0	0	0	0	7586	10178	2522	5530	878	216	0	0	0	0	0	0	182	420	0	0	0	0	0	0	0	0	0	0	0	0	0	0	0	0	0	0	0	0	0	0	0	0	0	0	0	0	0	0	0	0	
566576	Frontal_Sup_Medial_L	0	0	43268	18488	5810	192	15856	2568	350	0	0	0	2944	0	1988	0	0	0	20260	14404	300	242	0	38426	3256	980	1196	426	3534	0	26706	32122	18202	25642	0	304	0	0	0	0	0	0	0	0	0	0	0	0	0	0	0	0	0	0	0	0	0	0	0	0	0	0	0	0	0	0	0	184	0	0	1314	1856	2122	348	0	0	0	0	0	0	0	0	0	0	0	0	0	0	0	0	0	0	0	0	0	0	0	0	0	0	0	0	0	0	0	0	0	0	0	0	0	0	0	0	0	0	
515216	Frontal_Sup_Medial_R	0	0	14096	37856	186	1692	4976	6758	0	262	0	0	708	122	196	1422	0	0	16458	18706	0	112	38426	0	498	5262	0	1058	2632	1168	12184	40422	10186	26570	0	0	0	0	0	0	0	0	0	0	0	0	0	0	0	0	0	0	0	0	0	0	0	0	0	0	0	0	0	0	0	0	0	0	0	0	1872	8378	198	4680	0	524	0	0	0	0	0	0	0	0	0	0	0	0	0	0	0	0	0	0	0	0	0	0	0	0	0	0	0	0	0	0	0	0	0	0	0	0	0	0	0	0	
63708	Frontal_Med_Orb_L	0	0	832	100	5408	250	0	0	1644	0	0	0	0	0	138	0	0	0	0	0	1392	426	3256	498	0	2578	3610	1098	142	0	6532	1510	0	0	0	0	0	0	0	0	0	0	0	0	0	0	0	0	0	0	0	0	0	0	0	0	0	0	0	0	0	0	0	0	0	0	0	0	0	0	1258	348	690	144	0	0	0	0	0	0	0	0	0	0	0	0	0	0	0	0	0	0	0	0	0	0	0	0	0	0	0	0	0	0	0	0	0	0	0	0	0	0	0	0	0	0	
116456	Frontal_Med_Orb_R	0	0	208	2452	420	6422	0	0	0	204	0	0	0	0	0	316	0	0	0	0	766	2212	980	5262	2578	0	1234	11300	0	200	4728	10456	0	0	0	0	0	0	0	0	0	0	0	0	0	0	0	0	0	0	0	0	0	0	0	0	0	0	0	0	0	0	0	0	0	0	0	0	0	0	636	4800	208	2706	0	140	0	0	0	0	0	0	0	0	0	0	0	0	0	0	0	0	0	0	0	0	0	0	0	0	0	0	0	0	0	0	0	0	0	0	0	0	0	0	0	0	
94952	Rectus_L	0	0	418	0	8218	766	0	0	3368	0	0	0	0	0	2430	0	0	0	0	0	3598	2102	1196	0	3610	1234	0	2154	1290	0	5188	2086	0	0	0	0	0	0	0	0	0	0	0	0	0	0	0	0	0	0	0	0	0	0	0	0	0	0	0	0	0	0	0	0	0	0	0	0	0	0	4866	1348	2328	490	218	0	0	0	0	0	0	0	568	0	0	0	0	0	0	0	0	0	0	0	0	0	0	0	0	0	0	0	0	0	0	0	0	0	0	0	0	0	0	0	0	0	
116156	Rectus_R	0	0	136	792	488	9504	0	0	0	622	0	0	0	0	344	1186	0	0	0	0	2226	5248	426	1058	1098	11300	2154	0	168	962	2740	6888	0	0	0	0	0	0	0	0	0	0	0	0	0	0	0	0	0	0	0	0	0	0	0	0	0	0	0	0	0	0	0	0	0	0	0	0	0	0	2324	4928	858	2204	322	0	0	0	0	0	0	0	102	0	0	0	0	0	0	0	0	0	0	0	0	0	0	0	0	0	0	0	0	0	0	0	0	0	0	0	0	0	0	0	0	0	
932324	Insula_L	23236	248	33224	14806	5224	144	28848	756	9854	120	17016	310	28222	204	21158	3676	21520	156	32228	24606	3060	340	3534	2632	142	0	1290	168	0	1176	7968	6112	2540	6910	0	0	19192	110	1224	0	2120	236	0	0	0	0	0	0	0	0	280	0	154	0	4062	0	8378	0	1918	0	3214	0	0	0	192	0	446	0	3598	0	10452	11660	40752	2478	248	0	5654	9000	5864	0	10588	0	12080	0	2474	0	0	0	7870	0	268	0	0	0	0	0	0	0	222	0	0	0	0	0	0	0	0	0	0	0	0	0	0	0	0	0	
379864	Insula_R	0	3922	0	14624	0	1514	334	6090	394	216	0	16392	0	11072	420	9588	0	14272	2708	15370	0	2988	0	1168	0	200	0	962	1176	0	154	1072	132	3442	0	0	0	5440	0	1678	0	1854	0	0	0	0	0	0	0	0	0	0	0	0	0	2852	0	4096	0	156	0	0	0	362	0	0	0	0	222	1120	1380	13116	840	26048	0	104	0	3310	0	2454	0	5730	0	2452	0	3876	0	0	0	4632	0	0	0	0	0	0	0	0	0	0	0	0	0	0	0	0	0	0	0	0	0	0	0	0	0	0	
440720	Cingulum_Ant_L	0	0	18570	5552	3484	604	8074	734	1188	0	108	0	3246	0	2736	216	0	0	11714	4950	4518	3390	26706	12184	6532	4728	5188	2740	7968	154	0	41730	13062	11334	416	270	0	0	0	0	0	0	0	0	0	0	0	0	0	0	0	0	0	0	0	0	0	0	0	0	0	0	0	0	0	0	0	0	0	0	7258	5422	3010	2464	110	0	0	0	0	0	0	0	0	0	0	0	0	0	0	0	0	0	0	0	0	0	0	0	0	0	0	0	0	0	0	0	0	0	0	0	0	0	0	0	0	0	
667868	Cingulum_Ant_R	0	0	14064	31764	606	2362	6814	5002	444	0	0	0	1696	664	1382	624	0	0	20530	19782	3156	4966	32122	40422	1510	10456	2086	6888	6112	1072	41730	0	11552	36708	0	0	0	0	0	0	0	0	0	0	0	0	0	0	0	0	0	0	0	0	0	0	0	0	0	0	0	0	0	0	0	0	0	0	0	0	5892	15352	1470	6198	0	508	0	0	0	0	0	0	0	0	0	0	0	0	0	0	0	0	0	0	0	0	0	0	0	0	0	0	0	0	0	0	0	0	0	0	0	0	0	0	0	0	
340832	Cingulum_Mid_L	188	0	8590	10388	0	0	5940	2388	0	0	0	0	1784	0	502	0	0	0	22716	16022	0	0	18202	10186	0	0	0	0	2540	132	13062	11552	0	29106	2602	812	0	0	0	0	0	0	548	0	460	0	190	0	624	0	1442	0	0	0	130	0	364	544	866	0	262	0	0	0	302	0	3724	782	1640	894	194	310	120	0	0	0	0	0	0	0	0	0	0	0	196	0	0	0	112	0	0	0	0	0	0	0	0	0	0	0	0	0	0	0	0	0	0	0	0	0	0	0	0	0	0	0	
842480	Cingulum_Mid_R	1142	3650	10992	44576	0	0	6694	10604	532	0	0	1168	1470	3892	734	3682	170	202	54426	70586	0	0	25642	26570	0	0	0	0	6910	3442	11334	36708	29106	0	1996	5502	462	1090	350	312	0	0	150	686	0	774	0	394	144	244	1264	0	604	230	1006	708	0	5866	0	186	0	0	0	0	0	0	1096	6172	6218	13078	3818	6468	646	752	356	0	2386	828	0	0	0	0	0	0	816	412	0	0	1010	542	0	0	0	0	0	0	0	0	0	0	0	0	0	0	0	0	0	0	0	0	442	0	0	0	0	0	
94672	Cingulum_Post_L	0	0	0	0	0	0	0	0	0	0	0	0	0	0	0	0	0	0	186	266	0	0	0	0	0	0	0	0	0	0	416	0	2602	1996	0	6660	2164	748	1092	0	0	0	3336	0	728	0	2880	432	742	0	2784	0	1236	0	1760	424	222	140	594	0	588	0	0	0	0	0	7326	1938	616	534	0	0	0	0	0	0	242	0	0	0	0	0	0	0	1152	0	0	0	1782	390	0	0	0	0	0	0	358	0	0	0	0	0	0	0	0	0	0	0	0	0	1002	0	0	0	0	0	
134896	Cingulum_Post_R	0	0	0	0	0	0	0	0	0	0	0	0	0	0	0	0	0	0	382	222	0	0	304	0	0	0	0	0	0	0	270	0	812	5502	6660	0	2060	2568	1604	430	0	0	678	3456	222	684	1600	4060	188	988	388	356	194	1522	432	2448	0	1442	0	114	0	132	0	0	0	288	3304	14236	260	1222	0	0	0	0	0	0	288	420	0	0	0	0	0	0	240	800	0	0	332	1318	0	0	0	0	0	0	272	0	0	0	0	0	0	0	0	0	0	0	0	0	4750	0	0	0	0	0	
309068	Hippocampus_L	13676	512	8706	336	0	0	2506	0	0	0	834	0	270	0	0	0	3336	0	9134	1030	730	0	0	0	0	0	0	0	19192	0	0	0	0	462	2164	2060	0	1482	14200	170	7164	0	378	0	0	0	2072	280	0	0	0	0	0	0	10140	478	3188	526	170	0	622	0	0	0	0	0	1118	736	5210	354	0	304	13192	0	690	0	8660	484	4044	0	2658	0	1224	0	972	0	582	0	6912	494	140	0	0	0	0	0	472	0	208	0	0	0	0	0	0	0	0	0	0	0	262	0	0	0	0	0	
272984	Hippocampus_R	122	3440	0	4158	0	0	0	716	0	0	0	1484	0	0	0	0	0	1732	266	3996	0	0	0	0	0	0	0	0	110	5440	0	0	0	1090	748	2568	1482	0	988	29248	0	11242	0	0	0	0	290	1632	0	0	0	0	0	0	276	23738	0	2880	0	0	0	0	0	0	0	0	0	1032	706	2346	0	310	144	14864	0	1228	138	3992	0	446	0	558	0	1010	0	472	0	0	246	8760	0	452	0	0	0	120	0	1222	0	800	0	0	0	0	0	0	0	0	0	0	0	0	0	0	0	0	
113788	ParaHippocampal_L	1458	0	870	0	0	0	150	0	0	0	0	0	0	0	0	0	0	0	994	376	656	0	0	0	0	0	0	0	1224	0	0	0	0	350	1092	1604	14200	988	0	102	3620	0	284	0	0	0	5094	294	0	0	138	0	140	0	9184	334	238	304	0	0	110	0	0	0	0	0	858	644	1206	226	0	108	1860	0	0	0	1478	204	0	0	0	0	778	0	0	0	864	0	1076	340	316	0	0	0	128	0	2220	0	406	0	0	0	0	0	0	0	0	0	0	128	250	0	0	0	0	0	
216352	ParaHippocampal_R	0	820	0	1730	0	0	0	314	0	0	0	418	0	0	0	256	0	318	134	1398	0	330	0	0	0	0	0	0	0	1678	0	0	0	312	0	430	170	29248	102	0	0	10592	0	270	0	0	0	6570	0	0	0	0	0	522	0	24194	0	658	0	0	0	0	0	0	0	0	0	778	116	508	0	148	0	5116	0	1042	0	1864	0	0	0	0	0	4024	0	176	0	1928	0	5760	0	1350	0	134	0	340	0	2690	0	1242	0	0	0	0	0	0	0	0	0	218	278	0	0	0	0	0	
38484	Amygdala_L	0	0	0	0	0	0	0	0	0	0	0	0	0	0	0	0	0	0	140	134	938	0	0	0	0	0	0	0	2120	0	0	0	0	0	0	0	7164	0	3620	0	0	0	0	0	0	0	0	0	0	0	0	0	0	0	2642	0	0	0	0	0	0	0	0	0	0	0	0	0	0	0	0	0	322	0	0	0	380	0	0	0	0	0	816	0	0	0	522	0	444	0	0	0	0	0	0	0	0	0	0	0	0	0	0	0	0	0	0	0	0	0	0	0	0	0	0	0	
77716	Amygdala_R	0	0	0	642	0	0	0	0	0	0	0	0	0	0	0	0	0	0	0	384	0	504	0	0	0	0	0	0	236	1854	0	0	0	0	0	0	0	11242	0	10592	0	0	0	0	0	0	0	0	0	0	0	0	0	0	0	6096	0	0	0	0	0	0	0	0	0	0	0	0	0	0	0	172	240	2898	0	0	0	328	0	0	0	0	0	3132	0	0	0	280	0	112	0	0	0	0	0	0	0	146	0	0	0	0	0	0	0	0	0	0	0	0	0	0	0	0	0	0	
225252	Calcarine_L	0	0	0	0	0	0	0	0	0	0	0	0	0	0	0	0	0	0	0	0	0	0	0	0	0	0	0	0	0	0	0	0	548	150	3336	678	378	0	284	0	0	0	0	5750	15810	3414	14772	3812	10836	1748	17272	720	4798	192	2828	642	166	0	1472	0	1182	0	0	0	0	0	16914	2476	0	0	0	0	0	0	0	0	0	0	0	0	0	0	0	0	602	0	0	0	738	0	452	0	0	0	0	0	234	0	222	0	0	0	0	0	0	0	0	0	0	0	200	0	0	0	0	0	
307520	Calcarine_R	0	0	0	0	0	0	0	0	0	0	0	0	0	0	0	0	0	0	0	0	0	0	0	0	0	0	0	0	0	0	0	0	0	686	0	3456	0	0	0	270	0	0	5750	0	6460	25734	186	27104	106	20522	0	16342	0	6620	0	11716	0	656	0	1932	0	0	0	0	0	456	2816	19440	0	574	0	0	0	0	0	0	0	0	0	0	0	0	0	0	0	1590	0	0	0	1098	0	0	0	0	0	0	0	0	0	0	0	0	0	0	0	0	0	0	0	0	246	0	0	0	0	0	
196608	Cuneus_L	0	0	0	0	0	0	0	0	0	0	0	0	0	0	0	0	0	0	0	0	0	0	0	0	0	0	0	0	0	0	0	0	460	0	728	222	0	0	0	0	0	0	15810	6460	0	8620	3148	3836	18856	3882	15012	1214	504	0	174	440	106	0	2088	0	1450	0	0	0	0	0	12476	2202	0	0	0	0	0	0	0	0	0	0	0	0	0	0	0	0	432	0	0	0	184	0	0	0	0	0	0	0	0	0	0	0	0	0	0	0	0	0	0	0	0	0	0	0	0	0	0	0	
245712	Cuneus_R	0	0	0	0	0	0	0	0	0	0	0	0	0	0	0	0	0	0	0	0	0	0	0	0	0	0	0	0	0	0	0	0	0	774	0	684	0	0	0	0	0	0	3414	25734	8620	0	0	9680	202	28878	0	14172	0	2782	0	4206	0	224	0	4808	0	0	0	0	0	510	2862	14718	0	164	0	0	0	0	0	0	0	0	0	0	0	0	0	0	0	128	0	0	0	158	0	0	0	0	0	0	0	0	0	0	0	0	0	0	0	0	0	0	0	0	138	0	0	0	0	0	
330360	Lingual_L	0	0	0	0	0	0	0	0	0	0	0	0	0	0	0	0	0	0	0	0	0	0	0	0	0	0	0	0	0	0	0	0	190	0	2880	1600	2072	290	5094	0	0	0	14772	186	3148	0	0	2294	1982	0	16820	0	10678	0	24188	1066	106	0	430	0	642	0	0	0	0	0	8816	702	0	0	0	0	0	0	0	0	0	120	0	0	0	0	0	0	342	0	0	0	594	0	11624	3222	1586	1014	0	100	10056	1058	18546	3680	502	144	586	296	586	496	0	0	0	102	2624	5336	3004	498	456	652	
417556	Lingual_R	0	0	0	0	0	0	0	0	0	0	0	0	0	0	0	0	0	0	0	126	0	0	0	0	0	0	0	0	0	0	0	0	0	394	432	4060	280	1632	294	6570	0	0	3812	27104	3836	9680	2294	0	0	6736	0	8176	0	5446	674	29750	0	354	0	0	0	0	0	0	0	106	2368	13028	0	378	0	0	0	0	0	0	0	0	0	0	0	0	0	0	0	780	0	0	0	2448	3008	13060	1130	2266	0	494	3392	7728	4966	17114	198	0	442	1764	924	214	0	282	0	572	7414	8794	3466	318	264	210	
154928	Occipital_Sup_L	0	0	0	0	0	0	0	0	0	0	0	0	0	0	0	0	0	0	0	0	0	0	0	0	0	0	0	0	0	0	0	0	624	144	742	188	0	0	0	0	0	0	10836	106	18856	202	1982	0	0	0	23654	0	1774	0	814	0	0	0	4646	0	1534	0	0	0	0	0	9710	1082	0	0	0	0	0	0	0	0	0	0	0	0	0	0	0	0	120	0	0	0	0	0	248	0	0	0	0	0	0	0	202	0	0	0	0	0	0	0	0	0	0	0	0	0	0	0	0	0	
240340	Occipital_Sup_R	0	0	0	0	0	0	0	0	0	0	0	0	0	0	0	0	0	0	0	0	0	0	0	0	0	0	0	0	0	0	0	0	0	244	0	988	0	0	0	0	0	0	1748	20522	3882	28878	0	6736	0	0	0	24018	0	3358	0	4022	0	1476	0	8710	0	962	0	170	0	3282	1378	7820	0	326	0	0	0	0	0	0	0	0	0	0	0	0	0	0	0	1096	0	0	0	248	0	0	0	0	0	0	0	0	0	0	0	0	0	0	0	0	0	0	0	0	306	0	0	0	0	0	
434352	Occipital_Mid_L	448	0	0	0	0	0	0	0	0	0	0	0	0	0	0	0	738	0	204	422	0	0	0	0	0	0	0	0	280	0	0	0	1442	1264	2784	388	0	0	138	0	0	0	17272	0	15012	0	16820	0	23654	0	0	0	21974	0	9730	0	4162	270	17478	0	18770	0	1190	0	18430	0	13180	718	2266	894	0	0	0	0	0	0	0	0	666	0	1330	0	0	0	15788	0	0	0	7488	0	862	0	120	0	0	0	0	0	714	0	0	0	0	0	0	0	0	0	0	0	0	106	174	0	0	0	
220400	Occipital_Mid_R	0	0	0	0	0	0	0	0	0	0	0	0	0	0	0	0	0	0	0	0	0	0	0	0	0	0	0	0	0	0	0	0	0	0	0	356	0	0	0	0	0	0	720	16342	1214	14172	0	8176	0	24018	0	0	0	5554	0	4796	0	0	0	5854	0	3506	0	0	0	11396	806	5126	0	0	0	0	0	0	0	0	0	0	0	0	0	0	0	0	0	7556	0	0	0	482	0	0	0	0	0	0	0	0	0	0	0	0	0	0	0	0	0	0	0	0	126	0	0	0	0	0	
172992	Occipital_Inf_L	100	0	0	0	0	0	0	0	0	0	0	0	0	0	0	0	236	0	0	174	0	0	0	0	0	0	0	0	154	0	0	0	0	604	1236	194	0	0	140	0	0	0	4798	0	504	0	10678	0	1774	0	21974	0	0	0	17186	0	454	194	754	0	1174	0	350	0	958	0	2608	434	750	458	0	0	0	0	0	0	0	0	536	0	404	0	0	0	4334	0	0	0	9312	0	1382	136	138	136	0	0	0	0	1374	136	0	0	0	0	0	0	0	0	0	0	0	326	396	0	0	0	
108864	Occipital_Inf_R	0	166	0	0	0	0	0	0	0	0	0	0	0	0	0	0	0	0	0	1342	0	0	0	0	0	0	0	0	0	0	0	0	0	230	0	1522	0	0	0	522	0	0	192	6620	0	2782	0	5446	0	3358	0	5554	0	0	0	8514	0	1808	0	440	0	110	0	106	0	332	182	4128	0	1766	0	0	0	0	0	0	0	0	0	0	0	0	0	0	0	4182	0	0	0	4166	0	212	0	0	0	0	0	0	0	406	0	0	0	0	0	0	0	0	0	0	346	0	0	0	0	0	
444944	Fusiform_L	756	0	760	0	0	0	136	0	0	0	336	0	158	0	0	0	498	0	1260	554	234	0	0	0	0	0	0	0	4062	0	0	0	130	1006	1760	432	10140	276	9184	0	2642	0	2828	0	174	0	24188	674	814	0	9730	0	17186	0	0	588	410	360	874	0	920	0	224	0	968	0	1796	256	1650	738	0	176	1890	0	0	0	840	0	1554	0	3884	0	2790	0	3518	0	432	0	26134	300	23652	1092	2878	674	426	0	12738	362	27644	1316	1400	158	1796	246	234	198	172	0	0	100	1452	3100	1932	204	176	302	
528852	Fusiform_R	0	890	0	1034	0	0	0	114	0	0	0	230	0	0	0	176	0	446	0	2404	0	102	0	0	0	0	0	0	0	2852	0	0	0	708	424	2448	478	23738	334	24194	0	6096	642	11716	440	4206	1066	29750	0	4022	0	4796	0	8514	588	0	0	2752	0	464	0	0	0	0	0	0	186	4128	142	2750	0	0	0	3518	0	274	0	368	0	458	0	1476	0	5180	0	1896	0	1792	296	21610	1608	18362	528	2608	0	690	3236	12074	3184	23624	158	0	386	2430	912	340	0	434	0	434	6312	3990	2584	338	296	200	
265220	Postcentral_L	29424	0	4146	0	0	0	3400	0	150	0	2860	0	640	0	162	0	9734	0	2380	0	0	0	0	0	0	0	0	0	8378	0	0	0	364	0	222	0	3188	0	238	0	0	0	166	0	106	0	106	0	0	0	4162	0	454	0	410	0	0	0	12710	0	23800	0	4474	0	6176	0	2456	0	2238	0	0	0	336	0	0	0	776	0	2118	0	4744	0	0	0	1144	0	0	0	948	0	0	0	0	0	0	0	0	0	0	0	0	0	0	0	0	0	0	0	0	0	0	0	0	0	0	0	
287712	Postcentral_R	0	15002	0	950	0	0	0	1688	0	0	0	3872	0	204	0	0	0	6858	182	9784	0	0	0	0	0	0	0	0	0	4096	0	0	544	5866	140	1442	526	2880	304	658	0	0	0	656	0	224	0	354	0	1476	270	0	194	1808	360	2752	0	0	0	12802	0	3340	0	12360	0	1670	446	10312	1638	21490	0	0	0	2104	0	0	206	1350	0	1058	0	2802	0	138	296	3866	0	0	402	4140	0	0	0	0	0	0	0	0	0	0	0	0	0	0	0	0	0	0	0	0	346	0	0	0	0	0	
223596	Parietal_Sup_L	2026	0	468	0	0	0	394	0	0	0	0	0	0	0	0	0	2510	0	288	0	0	0	0	0	0	0	0	0	1918	0	0	0	866	0	594	0	170	0	0	0	0	0	1472	0	2088	0	430	0	4646	0	17478	0	754	0	874	0	12710	0	0	0	25602	0	3876	0	14636	0	10054	0	1046	0	0	0	0	0	0	0	0	0	144	0	3108	0	0	0	1458	0	0	0	2188	0	0	0	0	0	0	0	0	0	0	0	0	0	0	0	0	0	0	0	0	0	0	0	0	0	0	0	
145320	Parietal_Sup_R	0	250	0	0	0	0	0	0	0	0	0	0	0	0	0	0	0	1412	0	198	0	0	0	0	0	0	0	0	0	156	0	0	0	186	0	114	0	0	0	0	0	0	0	1932	0	4808	0	0	0	8710	0	5854	0	440	0	464	0	12802	0	0	0	7548	0	5206	0	7646	334	9034	0	1036	0	0	0	0	0	0	0	0	0	202	0	1578	0	0	0	1664	0	0	0	1086	0	0	0	0	0	0	0	0	0	0	0	0	0	0	0	0	0	0	0	0	0	0	0	0	0	0	
326432	Parietal_Inf_L	8056	0	1066	0	0	0	1002	0	0	0	0	0	102	0	0	0	3692	0	330	0	0	0	0	0	0	0	0	0	3214	0	0	0	262	0	588	0	622	0	110	0	0	0	1182	0	1450	0	642	0	1534	0	18770	0	1174	0	920	0	23800	0	25602	0	0	0	15642	0	28124	0	3206	0	512	0	0	0	0	0	0	0	102	0	244	0	5984	0	0	0	10478	0	0	0	4692	0	114	0	0	0	0	0	0	0	0	0	0	0	0	0	0	0	0	0	0	0	0	0	0	0	0	0	
86240	Parietal_Inf_R	0	152	0	0	0	0	0	0	0	0	0	0	0	0	0	0	0	128	0	0	0	0	0	0	0	0	0	0	0	0	0	0	0	0	0	132	0	0	0	0	0	0	0	0	0	0	0	0	0	962	0	3506	0	110	0	0	0	3340	0	7548	0	0	0	5548	0	16416	200	664	0	0	0	0	0	0	0	0	0	0	0	0	0	808	0	0	0	3020	0	0	0	586	0	0	0	0	0	0	0	0	0	0	0	0	0	0	0	0	0	0	0	0	0	0	0	0	0	0	
108808	SupraMarginal_L	920	0	294	0	0	0	154	0	0	0	0	0	0	0	0	0	1700	0	148	0	0	0	0	0	0	0	0	0	0	0	0	0	0	0	0	0	0	0	0	0	0	0	0	0	0	0	0	0	0	0	1190	0	350	0	224	0	4474	0	3876	0	15642	0	0	0	9022	0	0	0	450	0	0	0	0	0	0	0	0	0	0	0	8046	0	0	0	6176	0	0	0	1738	0	0	0	0	0	0	0	0	0	0	0	0	0	0	0	0	0	0	0	0	0	0	0	0	0	0	0	
106704	SupraMarginal_R	0	2348	0	0	0	0	0	0	0	0	0	0	0	0	0	0	0	3624	0	520	0	0	0	0	0	0	0	0	0	362	0	0	0	0	0	0	0	0	0	0	0	0	0	0	0	0	0	0	0	170	0	0	0	106	0	0	0	12360	0	5206	0	5548	0	0	0	6544	0	778	0	948	0	0	0	120	0	0	0	0	0	186	0	6830	0	0	0	3578	0	0	0	4124	0	0	0	0	0	0	0	0	0	0	0	0	0	0	0	0	0	0	0	0	0	0	0	0	0	0	
201588	Angular_L	858	0	138	0	0	0	0	0	0	0	0	0	0	0	0	0	712	0	224	0	0	0	0	0	0	0	0	0	192	0	0	0	302	0	0	0	0	0	0	0	0	0	0	0	0	0	0	0	0	0	18430	0	958	0	968	0	6176	0	14636	0	28124	0	9022	0	0	0	462	0	880	0	0	0	0	0	0	0	0	0	0	0	3870	0	0	0	10626	0	0	0	4216	0	0	0	0	0	0	0	0	0	0	0	0	0	0	0	0	0	0	0	0	0	0	0	0	0	0	0	
119556	Angular_R	0	0	0	0	0	0	0	0	0	0	0	0	0	0	0	0	0	116	0	148	0	0	0	0	0	0	0	0	0	0	0	0	0	0	0	288	0	0	0	0	0	0	0	456	0	510	0	106	0	3282	0	11396	0	332	0	0	0	1670	0	7646	0	16416	0	6544	0	0	268	934	0	244	0	0	0	0	0	0	0	0	0	0	0	2432	0	0	0	5704	0	0	0	1286	0	0	0	0	0	0	0	0	0	0	0	0	0	0	0	0	0	0	0	0	0	0	0	0	0	0	
267112	Precuneus_L	182	0	110	0	0	0	104	0	0	0	0	0	0	0	0	0	556	0	0	0	0	0	0	0	0	0	0	0	446	0	0	0	3724	1096	7326	3304	1118	0	858	0	0	0	16914	2816	12476	2862	8816	2368	9710	1378	13180	806	2608	182	1796	186	2456	446	10054	334	3206	200	0	0	462	268	0	12522	2376	258	0	0	0	0	0	0	0	0	0	0	580	116	0	0	994	1004	0	0	980	936	176	0	0	0	0	0	456	0	154	0	0	0	0	0	0	0	0	0	0	0	656	0	0	0	0	0	
309396	Precuneus_R	0	184	0	0	0	0	0	0	0	0	0	0	0	0	0	0	0	290	200	568	0	0	184	0	0	0	0	0	0	0	0	0	782	6172	1938	14236	736	1032	644	778	0	0	2476	19440	2202	14718	702	13028	1082	7820	718	5126	434	4128	256	4128	0	10312	0	9034	0	664	0	778	0	934	12522	0	452	5190	0	0	0	0	0	0	110	448	0	0	0	454	0	0	0	2500	0	0	124	2268	0	0	0	0	0	0	0	430	0	0	0	0	0	0	0	0	0	0	0	100	4376	0	0	0	0	0	
273648	Paracentral_Lobule_L	24656	508	14194	470	0	0	1122	0	0	0	110	0	0	0	0	0	3412	0	21198	8108	0	0	0	0	0	0	0	0	3598	222	0	0	1640	6218	616	260	5210	706	1206	116	0	0	0	0	0	0	0	0	0	0	2266	0	750	0	1650	142	2238	1638	1046	0	512	0	450	0	880	0	2376	452	0	4960	396	236	6788	0	656	0	8108	988	882	0	1864	0	0	0	1796	0	0	0	2180	0	0	0	0	0	0	0	0	0	0	0	0	0	0	0	0	0	0	0	0	0	0	0	0	0	0	0	
199656	Paracentral_Lobule_R	356	3094	0	318	0	0	104	0	0	0	0	0	0	0	0	0	0	340	630	17950	0	0	0	0	0	0	0	0	0	1120	0	0	894	13078	534	1222	354	2346	226	508	0	0	0	574	0	164	0	378	0	326	894	0	458	1766	738	2750	0	21490	0	1036	0	0	0	948	0	244	258	5190	4960	0	0	498	0	0	0	0	2256	1750	0	628	0	1022	0	0	556	3482	0	0	780	3396	0	0	0	0	0	0	0	0	0	0	0	0	0	0	0	0	0	0	0	0	212	0	0	0	0	0	
308816	Caudate_L	660	336	2000	4100	2992	1090	5446	996	4508	0	0	186	496	638	6884	3430	0	0	5388	5066	7968	7586	1314	1872	1258	636	4866	2324	10452	1380	7258	5892	194	3818	0	0	0	0	0	0	0	0	0	0	0	0	0	0	0	0	0	0	0	0	0	0	0	0	0	0	0	0	0	0	0	0	0	0	396	0	0	18746	16446	4636	2946	166	7174	2248	0	0	0	0	616	0	0	0	0	0	0	0	0	0	0	0	0	0	0	0	0	0	0	0	0	0	0	0	0	0	0	0	0	0	0	0	0	0	
673676	Caudate_R	286	2430	1590	36374	252	3474	2426	7246	3374	2246	0	8612	418	3130	3784	24516	320	1546	4972	37708	4336	10178	1856	8378	348	4800	1348	4928	11660	13116	5422	15352	310	6468	0	0	304	310	108	148	0	172	0	0	0	0	0	0	0	0	0	0	0	0	176	0	0	0	0	0	0	0	0	0	0	0	0	0	236	498	18746	0	14364	37610	1378	4742	3076	20096	0	0	128	0	266	624	196	0	0	0	456	0	0	0	0	0	0	0	0	0	0	0	0	0	0	0	0	0	0	0	0	0	0	0	0	0	0	0	
531168	Putamen_L	12688	222	17042	10412	6844	430	5552	472	6216	102	1430	242	1132	0	11908	3610	2428	154	22670	15384	3676	2522	2122	198	690	208	2328	858	40752	840	3010	1470	120	646	0	0	13192	144	1860	0	322	240	0	0	0	0	0	0	0	0	0	0	0	0	1890	0	336	0	0	0	0	0	0	0	0	0	0	0	6788	0	16446	14364	0	3992	6954	0	4268	9548	234	0	966	0	2434	0	718	0	0	0	2510	0	0	0	0	0	0	0	0	0	0	0	0	0	0	0	0	0	0	0	0	0	0	0	0	0	0	0	
482668	Putamen_R	0	3220	218	27510	0	2932	140	6666	1154	2336	0	11332	0	2676	1268	12944	0	5268	1442	18928	2190	5530	348	4680	144	2706	490	2204	2478	26048	2464	6198	0	752	0	0	0	14864	0	5116	0	2898	0	0	0	0	0	0	0	0	0	0	0	0	0	3518	0	2104	0	0	0	0	0	120	0	0	0	0	0	0	4636	37610	3992	0	390	5630	0	1302	0	504	0	1082	0	782	0	624	0	0	0	1352	0	0	0	0	0	0	0	178	0	366	0	0	0	0	0	0	0	0	0	0	0	0	0	0	0	0	
51120	Pallidum_L	654	134	1156	388	104	234	0	0	0	0	0	0	0	0	0	0	0	0	3386	530	802	878	0	0	0	0	218	322	248	0	110	0	0	356	0	0	690	0	0	0	0	0	0	0	0	0	0	0	0	0	0	0	0	0	0	0	0	0	0	0	0	0	0	0	0	0	0	0	656	0	2946	1378	6954	390	0	0	2294	732	0	0	0	0	0	0	0	0	0	0	0	0	0	0	0	0	0	0	0	0	0	0	0	0	0	0	0	0	0	0	0	0	0	0	0	0	0	0	
51224	Pallidum_R	0	910	0	4850	0	140	0	1756	0	138	0	118	0	0	0	530	0	0	0	2474	0	216	0	524	0	140	0	0	0	104	0	508	0	0	0	0	0	1228	0	1042	0	0	0	0	0	0	0	0	0	0	0	0	0	0	0	274	0	0	0	0	0	0	0	0	0	0	0	0	0	0	166	4742	0	5630	0	0	0	122	0	0	0	0	0	0	0	0	0	0	0	0	0	0	0	0	0	0	0	0	0	0	0	0	0	0	0	0	0	0	0	0	0	0	0	0	0	0	
214928	Thalamus_L	14594	2088	10710	1952	0	0	4596	0	0	0	402	0	148	0	0	0	1762	0	5716	9950	0	0	0	0	0	0	0	0	5654	0	0	0	0	2386	242	288	8660	138	1478	0	380	0	0	0	0	0	0	0	0	0	0	0	0	0	840	0	776	206	0	0	102	0	0	0	0	0	0	110	8108	2256	7174	3076	4268	0	2294	0	0	5684	534	0	318	0	0	0	148	0	0	0	426	0	0	0	0	0	0	0	0	0	0	0	0	0	0	0	0	0	0	0	0	0	0	0	0	0	0	0	
220024	Thalamus_R	464	6708	296	10748	0	0	282	240	286	0	0	132	0	0	296	650	532	1226	544	22112	0	0	0	0	0	0	0	0	9000	3310	0	0	0	828	0	420	484	3992	204	1864	0	328	0	0	0	0	120	0	0	0	0	0	0	0	0	368	0	1350	0	0	0	0	0	0	0	0	0	448	988	1750	2248	20096	9548	1302	732	122	5684	0	0	180	0	0	0	0	0	0	0	0	130	0	0	0	0	0	0	0	0	0	0	0	0	0	0	0	0	0	0	0	0	0	0	0	0	0	0	0	
83020	Heschl_L	3258	0	626	0	0	0	296	0	0	0	176	0	0	0	0	0	4922	0	384	0	0	0	0	0	0	0	0	0	5864	0	0	0	0	0	0	0	4044	0	0	0	0	0	0	0	0	0	0	0	0	0	666	0	536	0	1554	0	2118	0	144	0	244	0	0	0	0	0	0	0	882	0	0	0	234	0	0	0	534	0	0	0	6082	0	0	0	4218	0	0	0	4350	0	378	0	0	0	0	0	0	0	0	0	0	0	0	0	0	0	0	0	0	0	0	0	0	0	0	0	
35020	Heschl_R	0	836	0	310	0	0	0	308	0	0	0	346	0	0	0	0	0	4038	0	444	0	0	0	0	0	0	0	0	0	2454	0	0	0	0	0	0	0	446	0	0	0	0	0	0	0	0	0	0	0	0	0	0	0	0	0	458	0	1058	0	202	0	0	0	186	0	0	0	0	0	628	0	0	0	504	0	0	0	180	0	0	0	3066	0	474	0	904	0	0	0	668	0	0	0	0	0	0	0	0	0	0	0	0	0	0	0	0	0	0	0	0	0	0	0	0	0	0	
272244	Temporal_Sup_L	3508	0	3128	270	0	0	738	0	0	0	5364	0	1272	0	0	0	14540	0	4532	650	0	0	0	0	0	0	0	0	10588	0	0	0	0	0	0	0	2658	0	0	0	0	0	0	0	0	0	0	0	0	0	1330	0	404	0	3884	0	4744	0	3108	0	5984	0	8046	0	3870	0	580	0	1864	0	0	128	966	0	0	0	318	0	6082	0	0	0	7384	0	23126	0	0	0	15784	0	1046	0	0	0	0	0	0	0	226	0	0	0	0	0	0	0	0	0	0	0	0	0	0	0	0	0	
119944	Temporal_Sup_R	0	698	0	262	0	0	0	100	0	0	0	364	0	0	0	392	0	5212	0	712	0	0	0	0	0	0	0	0	0	5730	0	0	0	0	0	0	0	558	0	0	0	0	0	0	0	0	0	0	0	0	0	0	0	0	0	1476	0	2802	0	1578	0	808	0	6830	0	2432	116	454	0	1022	0	0	0	1082	0	0	0	0	0	3066	0	0	0	4484	0	14130	0	102	0	5562	0	0	0	0	0	0	0	0	0	0	0	0	0	0	0	0	0	0	0	0	0	0	0	0	0	0	
145068	Temporal_Pole_Sup_L	568	0	2350	280	1266	0	814	0	662	0	6750	0	2058	0	3112	116	4590	0	4668	742	292	182	0	0	0	0	568	102	12080	0	0	0	0	0	0	0	1224	0	778	0	816	0	0	0	0	0	0	0	0	0	0	0	0	0	2790	0	0	0	0	0	0	0	0	0	0	0	0	0	0	0	616	266	2434	0	0	0	0	0	0	0	7384	0	0	0	6280	0	2610	0	6136	0	0	0	0	0	0	0	0	0	0	0	0	0	0	0	0	0	0	0	0	0	0	0	0	0	0	0	
74816	Temporal_Pole_Sup_R	0	0	0	528	0	0	0	158	0	0	0	1166	0	238	0	642	0	1354	0	570	0	420	0	0	0	0	0	0	0	2452	0	0	0	0	0	0	0	1010	0	4024	0	3132	0	0	0	0	0	0	0	0	0	0	0	0	0	5180	0	138	0	0	0	0	0	0	0	0	0	0	0	0	0	624	0	782	0	0	0	0	0	474	0	4484	0	0	0	3260	0	4476	0	2296	0	0	0	0	0	0	0	0	0	0	0	0	0	0	0	0	0	0	0	0	0	0	0	0	0	0	
272124	Temporal_Mid_L	482	0	194	0	0	0	0	0	0	0	314	0	140	0	0	0	2830	0	460	382	0	0	0	0	0	0	0	0	2474	0	0	0	196	816	1152	240	972	0	0	0	0	0	602	0	432	0	342	0	120	0	15788	0	4334	0	3518	0	1144	296	1458	0	10478	0	6176	0	10626	0	994	0	1796	556	0	196	718	0	0	0	148	0	4218	0	23126	0	6280	0	0	0	1456	0	30472	0	136	0	0	0	0	0	0	0	0	0	0	0	0	0	0	0	0	0	0	0	0	0	0	0	0	0	
175108	Temporal_Mid_R	0	282	0	194	0	0	0	0	0	0	0	0	0	0	0	322	0	312	0	2674	0	0	0	0	0	0	0	0	0	3876	0	0	0	412	0	800	0	472	0	176	0	0	0	1590	0	128	0	780	0	1096	0	7556	0	4182	0	1896	0	3866	0	1664	0	3020	0	3578	0	5704	1004	2500	0	3482	0	0	0	624	0	0	0	0	0	904	0	14130	0	3260	0	0	0	1304	0	15618	0	0	0	0	0	0	0	0	0	0	0	0	0	0	0	0	0	0	0	0	148	0	0	0	0	0	
16096	Temporal_Pole_Mid_L	0	0	0	0	0	0	0	0	0	0	0	0	0	0	0	0	0	0	0	0	0	0	0	0	0	0	0	0	0	0	0	0	0	0	0	0	582	0	864	0	522	0	0	0	0	0	0	0	0	0	0	0	0	0	432	0	0	0	0	0	0	0	0	0	0	0	0	0	0	0	0	0	0	0	0	0	0	0	0	0	0	0	2610	0	1456	0	0	0	1582	0	0	0	0	0	0	0	0	0	0	0	0	0	0	0	0	0	0	0	0	0	0	0	0	0	0	0	
21792	Temporal_Pole_Mid_R	0	0	0	0	0	0	0	0	0	0	0	0	0	0	0	0	0	0	0	0	0	0	0	0	0	0	0	0	0	0	0	0	0	0	0	0	0	0	0	1928	0	280	0	0	0	0	0	0	0	0	0	0	0	0	0	1792	0	0	0	0	0	0	0	0	0	0	0	0	0	0	0	0	0	0	0	0	0	0	0	0	0	102	0	4476	0	1304	0	0	0	1014	0	0	0	0	0	0	0	0	0	0	0	0	0	0	0	0	0	0	0	0	0	0	0	0	0	0	
315896	Temporal_Inf_L	710	0	608	186	0	0	192	0	0	0	858	0	264	0	0	142	2216	0	1382	756	0	0	0	0	0	0	0	0	7870	0	0	0	112	1010	1782	332	6912	246	1076	0	444	0	738	0	184	0	594	0	0	0	7488	0	9312	0	26134	296	948	402	2188	0	4692	0	1738	0	4216	0	980	124	2180	780	0	456	2510	0	0	0	426	130	4350	0	15784	0	6136	0	30472	0	1582	0	0	302	4284	0	254	0	0	0	148	0	736	0	152	0	134	0	0	0	0	0	0	0	0	0	0	0	0	0	
211612	Temporal_Inf_R	0	934	0	572	0	0	0	0	0	0	0	0	0	0	0	0	0	876	0	2686	0	0	0	0	0	0	0	0	0	4632	0	0	0	542	390	1318	494	8760	340	5760	0	112	0	1098	0	158	0	2448	0	248	0	482	0	4166	300	21610	0	4140	0	1086	0	586	0	4124	0	1286	936	2268	0	3396	0	0	0	1352	0	0	0	0	0	668	0	5562	0	2296	0	15618	0	1014	302	0	0	2186	0	266	0	0	0	294	0	338	0	0	0	0	0	0	0	0	0	0	162	0	0	0	0	0	
642340	Cerebelum_Crus1_L	0	0	0	0	0	0	0	0	0	0	0	0	0	0	0	0	168	0	0	0	0	0	0	0	0	0	0	0	268	0	0	0	0	0	0	0	140	0	316	0	0	0	452	0	0	0	11624	3008	248	0	862	0	1382	0	23652	1608	0	0	0	0	114	0	0	0	0	0	176	0	0	0	0	0	0	0	0	0	0	0	378	0	1046	0	0	0	136	0	0	0	4284	0	0	10044	43732	10308	2220	506	23616	1608	63114	10610	18036	2226	22216	5420	4152	2296	2502	246	280	1148	5766	12562	20182	3822	2370	2326	
550648	Cerebelum_Crus1_R	0	0	0	0	0	0	0	0	0	0	0	0	0	0	0	0	0	0	0	0	0	0	0	0	0	0	0	0	0	0	0	0	0	0	0	0	0	452	0	1350	0	0	0	0	0	0	3222	13060	0	0	0	0	136	212	1092	18362	0	0	0	0	0	0	0	0	0	0	0	0	0	0	0	0	0	0	0	0	0	0	0	0	0	0	0	0	0	0	0	0	0	2186	10044	0	4548	39876	384	3722	3640	19094	11674	63488	1214	2878	1986	17036	1014	1946	0	876	320	2316	8182	17774	18008	2532	1918	782	
512200	Cerebelum_Crus2_L	0	0	0	0	0	0	0	0	0	0	0	0	0	0	0	0	0	0	0	0	0	0	0	0	0	0	0	0	0	0	0	0	0	0	0	0	0	0	0	0	0	0	0	0	0	0	1586	1130	0	0	120	0	138	0	2878	528	0	0	0	0	0	0	0	0	0	0	0	0	0	0	0	0	0	0	0	0	0	0	0	0	0	0	0	0	0	0	0	0	254	0	43732	4548	0	14004	546	258	5376	544	18090	4394	46958	9734	42698	12242	7742	1534	2744	116	116	422	1858	4654	16144	7664	2306	1042	
425012	Cerebelum_Crus2_R	0	0	0	0	0	0	0	0	0	0	0	0	0	0	0	0	0	0	0	0	0	0	0	0	0	0	0	0	0	0	0	0	0	0	0	0	0	0	0	134	0	0	0	0	0	0	1014	2266	0	0	0	0	136	0	674	2608	0	0	0	0	0	0	0	0	0	0	0	0	0	0	0	0	0	0	0	0	0	0	0	0	0	0	0	0	0	0	0	0	0	266	10308	39876	14004	0	220	1148	1106	3988	6650	22220	3650	24128	3320	32436	174	3664	0	1002	134	982	1432	7786	21430	3930	1416	404	
51448	Cerebelum_3_L	0	0	0	0	0	0	0	0	0	0	0	0	0	0	0	0	0	0	0	0	0	0	0	0	0	0	0	0	0	0	0	0	0	0	0	0	0	0	128	0	0	0	0	0	0	0	0	0	0	0	0	0	0	0	426	0	0	0	0	0	0	0	0	0	0	0	0	0	0	0	0	0	0	0	0	0	0	0	0	0	0	0	0	0	0	0	0	0	0	0	2220	384	546	220	0	168	6734	334	4006	884	564	0	804	310	1140	152	0	0	1174	2344	1724	518	504	190	250	0	
85808	Cerebelum_3_R	0	0	0	0	0	0	0	0	0	0	0	0	0	0	0	0	0	0	0	0	0	0	0	0	0	0	0	0	0	0	0	0	0	0	0	0	0	120	0	340	0	0	0	0	0	0	100	494	0	0	0	0	0	0	0	690	0	0	0	0	0	0	0	0	0	0	0	0	0	0	0	0	0	0	0	0	0	0	0	0	0	0	0	0	0	0	0	0	0	0	506	3722	258	1148	168	0	422	7086	594	7326	130	0	158	2284	0	1446	0	114	676	5574	1856	1892	2484	1370	1774	172	
343624	Cerebelum_4_5_L	0	0	0	0	0	0	0	0	0	0	0	0	0	0	0	0	0	0	0	0	0	0	0	0	0	0	0	0	0	0	0	0	0	0	358	272	472	0	2220	0	0	0	234	0	0	0	10056	3392	0	0	0	0	0	0	12738	3236	0	0	0	0	0	0	0	0	0	0	456	0	0	0	0	0	0	0	0	0	0	0	0	0	0	0	0	0	0	0	0	0	148	0	23616	3640	5376	1106	6734	422	0	4534	38082	7008	3738	172	4554	1124	3702	1418	594	226	572	2388	14520	6440	3392	1206	1142	2524	
267880	Cerebelum_4_5_R	0	0	0	0	0	0	0	0	0	0	0	0	0	0	0	0	0	0	0	0	0	0	0	0	0	0	0	0	0	0	0	0	0	0	0	0	0	1222	0	2690	0	146	0	0	0	0	1058	7728	0	0	0	0	0	0	362	12074	0	0	0	0	0	0	0	0	0	0	0	430	0	0	0	0	0	178	0	0	0	0	0	0	0	0	0	0	0	0	0	0	0	294	1608	19094	544	3988	334	7086	4534	0	3690	33130	252	140	478	3688	1218	926	0	488	312	4596	13740	2988	2728	910	948	338	
620544	Cerebelum_6_L	0	0	0	0	0	0	0	0	0	0	0	0	0	0	0	0	0	0	0	0	0	0	0	0	0	0	0	0	222	0	0	0	0	0	0	0	208	0	406	0	0	0	222	0	0	0	18546	4966	202	0	714	0	1374	0	27644	3184	0	0	0	0	0	0	0	0	0	0	154	0	0	0	0	0	0	0	0	0	0	0	0	0	226	0	0	0	0	0	0	0	736	0	63114	11674	18090	6650	4006	594	38082	3690	0	14156	9128	518	12198	3170	5026	3070	898	344	382	1496	10606	17748	16074	3764	3202	3788	
609892	Cerebelum_6_R	0	0	0	0	0	0	0	0	0	0	0	0	0	0	0	0	0	0	0	0	0	0	0	0	0	0	0	0	0	0	0	0	0	0	0	0	0	800	0	1242	0	0	0	0	0	0	3680	17114	0	0	0	0	136	406	1316	23624	0	0	0	0	0	0	0	0	0	0	0	0	0	0	0	0	0	366	0	0	0	0	0	0	0	0	0	0	0	0	0	0	0	338	10610	63488	4394	22220	884	7326	7008	33130	14156	0	1332	738	2212	13056	1486	2428	140	1096	750	5380	17472	20928	17896	3546	2972	1276	
357280	Cerebelum_7b_L	0	0	0	0	0	0	0	0	0	0	0	0	0	0	0	0	0	0	0	0	0	0	0	0	0	0	0	0	0	0	0	0	0	0	0	0	0	0	0	0	0	0	0	0	0	0	502	198	0	0	0	0	0	0	1400	158	0	0	0	0	0	0	0	0	0	0	0	0	0	0	0	0	0	0	0	0	0	0	0	0	0	0	0	0	0	0	0	0	152	0	18036	1214	46958	3650	564	130	3738	252	9128	1332	0	4454	44990	8392	8794	1222	2682	0	0	494	1496	1266	6220	8594	2116	508	
187120	Cerebelum_7b_R	0	0	0	0	0	0	0	0	0	0	0	0	0	0	0	0	0	0	0	0	0	0	0	0	0	0	0	0	0	0	0	0	0	0	0	0	0	0	0	0	0	0	0	0	0	0	144	0	0	0	0	0	0	0	158	0	0	0	0	0	0	0	0	0	0	0	0	0	0	0	0	0	0	0	0	0	0	0	0	0	0	0	0	0	0	0	0	0	0	0	2226	2878	9734	24128	0	0	172	140	518	738	4454	0	3294	27462	0	5084	0	298	0	0	230	132	6880	4592	298	0	
403884	Cerebelum_8_L	0	0	0	0	0	0	0	0	0	0	0	0	0	0	0	0	0	0	0	0	0	0	0	0	0	0	0	0	0	0	0	0	0	0	0	0	0	0	0	0	0	0	0	0	0	0	586	442	0	0	0	0	0	0	1796	386	0	0	0	0	0	0	0	0	0	0	0	0	0	0	0	0	0	0	0	0	0	0	0	0	0	0	0	0	0	0	0	0	134	0	22216	1986	42698	3320	804	158	4554	478	12198	2212	44990	3294	0	8928	17246	3228	4504	164	0	436	1930	2216	6782	9256	4218	782	
406716	Cerebelum_8_R	0	0	0	0	0	0	0	0	0	0	0	0	0	0	0	0	0	0	0	0	0	0	0	0	0	0	0	0	0	0	0	0	0	0	0	0	0	0	0	0	0	0	0	0	0	0	296	1764	0	0	0	0	0	0	246	2430	0	0	0	0	0	0	0	0	0	0	0	0	0	0	0	0	0	0	0	0	0	0	0	0	0	0	0	0	0	0	0	0	0	0	5420	17036	12242	32436	310	2284	1124	3688	3170	13056	8392	27462	8928	0	668	18894	0	3386	258	2216	2572	5136	15194	11104	3126	520	
136252	Cerebelum_9_L	0	0	0	0	0	0	0	0	0	0	0	0	0	0	0	0	0	0	0	0	0	0	0	0	0	0	0	0	0	0	0	0	0	0	0	0	0	0	0	0	0	0	0	0	0	0	586	924	0	0	0	0	0	0	234	912	0	0	0	0	0	0	0	0	0	0	0	0	0	0	0	0	0	0	0	0	0	0	0	0	0	0	0	0	0	0	0	0	0	0	4152	1014	7742	174	1140	0	3702	1218	5026	1486	8794	0	17246	668	0	2134	4884	0	0	0	1938	702	244	584	2128	494	
169760	Cerebelum_9_R	0	0	0	0	0	0	0	0	0	0	0	0	0	0	0	0	0	0	0	0	0	0	0	0	0	0	0	0	0	0	0	0	0	0	0	0	0	0	0	0	0	0	0	0	0	0	496	214	0	0	0	0	0	0	198	340	0	0	0	0	0	0	0	0	0	0	0	0	0	0	0	0	0	0	0	0	0	0	0	0	0	0	0	0	0	0	0	0	0	0	2296	1946	1534	3664	152	1446	1418	926	3070	2428	1222	5084	3228	18894	2134	0	0	3230	760	1592	1528	4186	4516	5540	8586	4252	
38852	Cerebelum_10_L	0	0	0	0	0	0	0	0	0	0	0	0	0	0	0	0	0	0	0	0	0	0	0	0	0	0	0	0	0	0	0	0	0	0	0	0	0	0	0	0	0	0	0	0	0	0	0	0	0	0	0	0	0	0	172	0	0	0	0	0	0	0	0	0	0	0	0	0	0	0	0	0	0	0	0	0	0	0	0	0	0	0	0	0	0	0	0	0	0	0	2502	0	2744	0	0	0	594	0	898	140	2682	0	4504	0	4884	0	0	0	0	0	306	0	0	0	0	0	
32100	Cerebelum_10_R	0	0	0	0	0	0	0	0	0	0	0	0	0	0	0	0	0	0	0	0	0	0	0	0	0	0	0	0	0	0	0	0	0	0	0	0	0	0	0	0	0	0	0	0	0	0	0	282	0	0	0	0	0	0	0	434	0	0	0	0	0	0	0	0	0	0	0	0	0	0	0	0	0	0	0	0	0	0	0	0	0	0	0	0	0	0	0	0	0	0	246	876	116	1002	0	114	226	488	344	1096	0	298	164	3386	0	3230	0	0	0	162	476	974	690	454	508	484	
26840	Vermis_1_2	0	0	0	0	0	0	0	0	0	0	0	0	0	0	0	0	0	0	0	0	0	0	0	0	0	0	0	0	0	0	0	0	0	0	0	0	0	0	0	0	0	0	0	0	0	0	0	0	0	0	0	0	0	0	0	0	0	0	0	0	0	0	0	0	0	0	0	0	0	0	0	0	0	0	0	0	0	0	0	0	0	0	0	0	0	0	0	0	0	0	280	320	116	134	1174	676	572	312	382	750	0	0	0	258	0	760	0	0	0	3538	1166	570	610	592	810	400	
99968	Vermis_3	0	0	0	0	0	0	0	0	0	0	0	0	0	0	0	0	0	0	0	0	0	0	0	0	0	0	0	0	0	0	0	0	0	0	0	0	0	0	128	218	0	0	0	0	0	0	102	572	0	0	0	0	0	0	100	434	0	0	0	0	0	0	0	0	0	0	0	100	0	0	0	0	0	0	0	0	0	0	0	0	0	0	0	0	0	0	0	0	0	0	1148	2316	422	982	2344	5574	2388	4596	1496	5380	494	0	436	2216	0	1592	0	162	3538	0	4630	2282	2584	1488	1954	308	
