data	data	619352	304920	854856	948220	144184	103472	475428	165512	66636	42464	157948	131964	223068	104372	187628	65424	230504	112208	569180	799760	45200	59748	255284	241788	24292	65776	30072	32236	462640	261960	253620	402044	120080	497228	149016	220952	219080	348820	66512	231940	23596	37400	279824	364152	208408	362140	291744	376364	212756	380804	589160	236256	178560	98488	356120	500400	375744	233224	226056	98580	205004	103360	79912	87772	115324	76624	307980	480752	279940	160060	247600	368308	352704	360176	61904	34056	166920	234736	77672	31676	147212	73584	43644	51516	268356	188884	21212	22080	246452	211088	540236	477092	352168	282428	38500	69144	314708	255484	506096	483868	215868	119392	258896	231784	92420	143988	23172	12588	22004	66784	276324	294852	201940	146376	115112	67064	
data	data	Precentral_L	Precentral_R	Frontal_Sup_L	Frontal_Sup_R	Frontal_Sup_Orb_L	Frontal_Sup_Orb_R	Frontal_Mid_L	Frontal_Mid_R	Frontal_Mid_Orb_L	Frontal_Mid_Orb_R	Frontal_Inf_Oper_L	Frontal_Inf_Oper_R	Frontal_Inf_Tri_L	Frontal_Inf_Tri_R	Frontal_Inf_Orb_L	Frontal_Inf_Orb_R	Rolandic_Oper_L	Rolandic_Oper_R	Supp_Motor_Area_L	Supp_Motor_Area_R	Olfactory_L	Olfactory_R	Frontal_Sup_Medial_L	Frontal_Sup_Medial_R	Frontal_Med_Orb_L	Frontal_Med_Orb_R	Rectus_L	Rectus_R	Insula_L	Insula_R	Cingulum_Ant_L	Cingulum_Ant_R	Cingulum_Mid_L	Cingulum_Mid_R	Cingulum_Post_L	Cingulum_Post_R	Hippocampus_L	Hippocampus_R	ParaHippocampal_L	ParaHippocampal_R	Amygdala_L	Amygdala_R	Calcarine_L	Calcarine_R	Cuneus_L	Cuneus_R	Lingual_L	Lingual_R	Occipital_Sup_L	Occipital_Sup_R	Occipital_Mid_L	Occipital_Mid_R	Occipital_Inf_L	Occipital_Inf_R	Fusiform_L	Fusiform_R	Postcentral_L	Postcentral_R	Parietal_Sup_L	Parietal_Sup_R	Parietal_Inf_L	Parietal_Inf_R	SupraMarginal_L	SupraMarginal_R	Angular_L	Angular_R	Precuneus_L	Precuneus_R	Paracentral_Lobule_L	Paracentral_Lobule_R	Caudate_L	Caudate_R	Putamen_L	Putamen_R	Pallidum_L	Pallidum_R	Thalamus_L	Thalamus_R	Heschl_L	Heschl_R	Temporal_Sup_L	Temporal_Sup_R	Temporal_Pole_Sup_L	Temporal_Pole_Sup_R	Temporal_Mid_L	Temporal_Mid_R	Temporal_Pole_Mid_L	Temporal_Pole_Mid_R	Temporal_Inf_L	Temporal_Inf_R	Cerebelum_Crus1_L	Cerebelum_Crus1_R	Cerebelum_Crus2_L	Cerebelum_Crus2_R	Cerebelum_3_L	Cerebelum_3_R	Cerebelum_4_5_L	Cerebelum_4_5_R	Cerebelum_6_L	Cerebelum_6_R	Cerebelum_7b_L	Cerebelum_7b_R	Cerebelum_8_L	Cerebelum_8_R	Cerebelum_9_L	Cerebelum_9_R	Cerebelum_10_L	Cerebelum_10_R	Vermis_1_2	Vermis_3	Vermis_4_5	Vermis_6	Vermis_7	Vermis_8	Vermis_9	Vermis_10	
619352	Precentral_L	0	750	21494	7852	84	0	31050	244	0	0	7022	132	1460	0	326	0	13004	0	16588	17126	0	0	396	0	0	0	0	0	14734	0	2594	244	252	6270	5364	3856	10576	1866	1202	0	0	0	2660	0	2016	0	354	0	3192	0	11742	0	2454	0	1564	0	32012	0	4508	0	3624	0	2488	0	536	0	5734	0	25346	650	5146	1566	7138	200	1286	92	11390	3726	2852	0	5096	0	0	0	4556	0	0	0	3262	0	0	0	0	0	0	0	0	0	0	0	0	0	0	0	0	0	0	0	0	0	0	0	0	0	0	0	
304920	Precentral_R	750	0	894	20592	0	0	944	4822	0	0	0	2370	0	0	0	0	0	1660	634	936	0	0	0	0	0	0	0	0	0	1930	0	0	0	1302	104	3102	150	6114	0	2392	0	0	0	3556	0	6050	0	1284	0	4722	174	2894	0	1054	0	2874	90	27732	0	1426	0	2592	0	3918	0	0	334	13176	156	4844	150	4266	0	1096	0	152	188	9252	0	250	0	1470	0	0	134	6874	0	0	0	2798	0	0	0	0	0	0	0	0	0	0	0	0	0	0	0	0	0	0	0	0	258	0	0	0	0	0	
854856	Frontal_Sup_L	21494	894	0	14510	10288	0	62986	2246	1994	0	10122	1382	16194	0	11866	0	6586	0	75760	26306	120	0	36920	2092	558	138	116	0	23836	226	16010	5188	5972	7986	508	516	2634	96	270	0	0	0	734	0	356	0	0	0	274	0	1444	0	284	0	306	0	4130	0	170	0	0	0	0	0	0	0	782	0	4396	0	9834	2480	23092	910	3922	232	4156	502	144	0	1908	0	190	0	872	0	0	0	496	0	0	0	0	0	0	0	0	0	0	0	0	0	0	0	0	0	0	0	0	0	0	0	0	0	0	0	
948220	Frontal_Sup_R	7852	20592	14510	0	94	7492	3522	23948	0	4350	0	8312	256	5642	332	4824	0	6270	13022	82936	0	0	6846	29760	0	3204	0	474	266	15224	3850	32550	450	32484	2838	6176	1770	13164	0	6892	0	116	0	0	0	2370	0	396	0	2556	114	280	0	344	0	1508	110	1296	0	602	0	470	0	170	0	0	0	5174	3798	414	3192	27982	518	23334	98	2662	4660	29514	0	262	0	462	0	316	84	766	0	0	0	640	0	0	0	0	0	0	0	0	0	0	0	0	0	0	0	0	0	0	0	0	0	0	0	0	0	0	
144184	Frontal_Sup_Orb_L	84	0	10288	94	0	0	2632	0	10034	0	166	0	1248	0	10308	0	88	0	1294	0	220	0	4960	242	2152	0	4546	0	7626	0	4648	284	0	0	0	0	162	0	0	0	0	0	0	0	0	0	0	0	0	0	0	0	0	0	0	0	0	0	0	0	0	0	0	0	0	0	0	0	0	0	432	0	10416	0	0	0	0	0	0	0	0	0	168	0	0	0	0	0	0	0	0	0	0	0	0	0	0	0	0	0	0	0	0	0	0	0	0	0	0	0	0	0	0	0	0	0	
103472	Frontal_Sup_Orb_R	0	0	0	7492	0	0	0	2178	0	4950	0	0	0	118	0	3360	0	0	0	626	0	828	0	3552	0	7580	0	6406	0	1104	380	2336	0	534	0	0	0	0	0	0	0	0	0	0	0	0	0	0	0	0	0	0	0	0	0	0	0	0	0	0	0	0	0	0	0	0	0	0	0	0	0	3954	0	6338	0	0	0	0	0	0	0	0	0	0	0	0	0	0	0	0	0	0	0	0	0	0	0	0	0	0	0	0	0	0	0	0	0	0	0	0	0	0	0	0	0	0	
475428	Frontal_Mid_L	31050	944	62986	3522	2632	0	0	508	2520	0	9508	250	27208	0	7044	0	2338	0	9194	4400	0	0	14830	234	0	0	0	0	11672	152	5748	892	2082	940	446	90	4106	86	1200	0	0	0	602	0	0	0	178	0	96	0	2134	0	426	0	564	0	2892	0	414	0	206	0	0	0	0	0	754	0	542	0	3108	1022	8300	304	948	90	5966	154	302	0	470	0	126	0	1054	0	0	0	480	0	0	0	0	0	0	0	0	0	0	0	0	0	0	0	0	0	0	0	0	0	0	0	0	0	0	0	
165512	Frontal_Mid_R	244	4822	2246	23948	0	2178	508	0	0	3512	0	6326	106	8850	182	3008	0	876	798	4988	0	0	0	754	0	0	0	0	0	5112	86	362	0	3090	0	0	0	1060	0	896	0	0	0	0	0	112	0	0	0	332	0	0	0	0	0	346	0	148	0	0	0	252	0	114	0	0	0	904	0	0	542	160	124	5302	0	150	0	318	0	0	0	0	0	0	0	0	0	0	0	0	0	0	0	0	0	0	0	0	0	0	0	0	0	0	0	0	0	0	0	0	0	0	0	0	0	0	
66636	Frontal_Mid_Orb_L	0	0	1994	0	10034	0	2520	0	0	0	0	0	1554	0	10022	0	0	0	0	0	0	0	0	0	0	0	1930	0	2662	0	0	0	0	0	0	0	0	0	0	0	0	0	0	0	0	0	0	0	0	0	0	0	0	0	0	0	0	0	0	0	0	0	0	0	0	0	0	0	0	0	0	0	2506	0	0	0	0	0	0	0	0	0	96	0	0	0	0	0	0	0	0	0	0	0	0	0	0	0	0	0	0	0	0	0	0	0	0	0	0	0	0	0	0	0	0	0	
42464	Frontal_Mid_Orb_R	0	0	0	4350	0	4950	0	3512	0	0	0	0	0	220	0	3060	0	0	0	1146	0	0	0	124	0	294	0	1058	0	240	0	186	0	892	0	0	0	0	0	0	0	0	0	0	0	0	0	0	0	0	0	0	0	0	0	0	0	0	0	0	0	0	0	0	0	0	0	0	0	0	0	0	0	1200	0	0	0	0	0	0	0	0	0	0	0	0	0	0	0	0	0	0	0	0	0	0	0	0	0	0	0	0	0	0	0	0	0	0	0	0	0	0	0	0	0	0	
157948	Frontal_Inf_Oper_L	7022	0	10122	0	166	0	9508	0	0	0	0	0	14878	0	1262	0	6736	0	5780	0	0	0	1548	0	0	0	0	0	12560	0	1908	0	300	0	0	0	202	0	0	0	0	0	0	0	0	0	0	0	0	0	0	0	0	0	0	0	2762	0	0	0	0	0	0	0	0	0	0	0	0	0	538	0	2066	0	520	0	0	0	218	0	630	0	248	0	0	0	0	0	0	0	0	0	0	0	0	0	0	0	0	0	0	0	0	0	0	0	0	0	0	0	0	0	0	0	0	0	
131964	Frontal_Inf_Oper_R	132	2370	1382	8312	0	0	250	6326	0	0	0	0	0	8322	0	364	0	4578	378	6672	0	0	0	578	0	0	0	0	0	14922	226	672	0	1868	0	0	0	800	0	684	0	0	0	0	0	118	0	0	0	164	0	0	0	0	0	242	0	842	0	0	0	0	0	0	0	0	0	290	0	0	336	138	0	4250	0	260	0	224	0	162	0	0	0	120	0	0	0	0	0	0	0	0	0	0	0	0	0	0	0	0	0	0	0	0	0	0	0	0	0	0	0	0	0	0	0	0	
223068	Frontal_Inf_Tri_L	1460	0	16194	256	1248	0	27208	106	1554	0	14878	0	0	0	15038	0	520	0	5322	232	0	0	1668	0	0	0	0	0	18234	0	1734	216	344	0	0	0	186	0	0	0	0	0	0	0	0	0	0	0	0	0	0	0	0	0	0	0	270	0	0	0	0	0	0	0	0	0	0	0	0	0	1152	594	2548	0	180	0	0	0	0	0	94	0	298	0	0	0	0	0	0	0	0	0	0	0	0	0	0	0	0	0	0	0	0	0	0	0	0	0	0	0	0	0	0	0	0	0	
104372	Frontal_Inf_Tri_R	0	0	0	5642	0	118	0	8850	0	220	0	8322	0	0	0	3072	0	110	0	2916	0	0	0	1072	0	0	0	0	0	11948	166	1670	0	2166	0	0	0	1050	0	1024	0	0	0	0	0	0	0	0	0	0	0	0	0	0	0	282	0	0	0	0	0	0	0	0	0	0	0	0	0	0	0	0	0	3404	0	154	0	0	0	0	0	0	0	0	0	0	0	0	0	0	0	0	0	0	0	0	0	0	0	0	0	0	0	0	0	0	0	0	0	0	0	0	0	0	0	0	
187628	Frontal_Inf_Orb_L	326	0	11866	332	10308	0	7044	182	10022	0	1262	0	15038	0	0	0	120	0	3234	280	550	0	0	0	0	0	516	0	16916	0	228	212	0	0	0	0	472	0	0	0	282	0	0	0	0	0	0	0	0	0	0	0	0	0	0	0	0	0	0	0	0	0	0	0	0	0	0	0	0	0	1442	676	11470	98	114	0	0	0	0	0	0	0	824	0	0	0	0	0	0	0	0	0	0	0	0	0	0	0	0	0	0	0	0	0	0	0	0	0	0	0	0	0	0	0	0	0	
65424	Frontal_Inf_Orb_R	0	0	0	4824	0	3360	0	3008	0	3060	0	364	0	3072	0	0	0	0	0	966	0	936	0	294	0	0	0	776	0	6680	0	390	0	710	0	0	0	84	0	88	0	294	0	0	0	0	0	0	0	0	0	0	0	0	0	0	0	0	0	0	0	0	0	0	0	0	0	0	0	0	0	202	0	2864	0	0	0	0	0	0	0	232	0	412	0	96	0	0	0	0	0	0	0	0	0	0	0	0	0	0	0	0	0	0	0	0	0	0	0	0	0	0	0	0	0	0	
230504	Rolandic_Oper_L	13004	0	6586	0	88	0	2338	0	0	0	6736	0	520	0	120	0	0	0	5348	0	0	0	0	0	0	0	0	0	19582	0	0	0	0	0	0	0	468	0	0	0	0	0	246	0	184	0	0	0	0	0	3786	0	846	0	754	0	13618	0	2380	0	4530	0	5410	0	814	0	1234	0	1064	0	396	0	1028	0	312	0	0	0	4964	0	10614	0	194	0	2676	0	0	0	5412	0	0	0	0	0	0	0	0	0	0	0	0	0	0	0	0	0	0	0	0	0	0	0	0	0	0	0	
112208	Rolandic_Oper_R	0	1660	0	6270	0	0	0	876	0	0	0	4578	0	110	0	0	0	0	0	5172	0	0	0	0	0	0	0	0	0	14588	0	116	0	204	0	0	0	1834	0	354	0	0	0	164	0	296	0	0	0	184	0	0	0	0	0	478	0	3174	0	0	0	0	0	1970	0	0	0	596	0	108	102	898	0	3426	0	174	0	828	0	3656	0	2968	0	616	0	522	0	0	0	182	0	0	0	0	0	0	0	0	0	0	0	0	0	0	0	0	0	0	0	0	0	0	0	0	0	0	
569180	Supp_Motor_Area_L	16588	634	75760	13022	1294	0	9194	798	0	0	5780	378	5322	0	3234	0	5348	0	0	37300	0	0	5116	1020	0	0	0	0	14120	176	7080	3856	8310	14150	1416	270	1726	0	0	0	0	0	284	0	1028	0	0	0	824	0	664	0	0	0	168	0	3896	0	280	0	0	0	0	0	0	0	1640	0	9374	400	7526	1836	16128	790	5192	304	126	92	106	0	1598	0	0	0	206	0	0	0	236	0	0	0	0	0	0	0	0	0	0	0	0	0	0	0	0	0	0	0	0	0	0	0	0	0	0	0	
799760	Supp_Motor_Area_R	17126	936	26306	82936	0	626	4400	4988	0	1146	0	6672	232	2916	280	966	0	5172	37300	0	0	0	1462	11294	0	130	0	0	218	9692	2064	24796	4978	61584	2140	8246	194	4120	0	2742	0	0	0	304	0	736	0	662	0	554	0	190	0	98	0	1568	0	396	0	136	0	0	0	0	0	0	92	3618	14364	8260	2510	18558	388	13434	0	2632	760	3896	0	378	0	162	0	306	0	0	0	0	0	216	0	0	0	0	0	0	0	0	0	0	0	0	0	0	0	0	0	0	0	0	0	0	0	0	0	0	
45200	Olfactory_L	0	0	120	0	220	0	0	0	0	0	0	0	0	0	550	0	0	0	0	0	0	2576	0	0	216	0	128	0	1722	0	2880	1350	0	0	0	0	576	0	126	0	980	0	0	0	0	0	0	0	0	0	0	0	0	0	0	0	0	0	0	0	0	0	0	0	0	0	0	0	0	0	4094	2478	3126	1010	0	0	0	0	0	0	0	0	448	0	0	0	0	0	0	0	0	0	0	0	0	0	0	0	0	0	0	0	0	0	0	0	0	0	0	0	0	0	0	0	0	0	
59748	Olfactory_R	0	0	0	0	0	828	0	0	0	0	0	0	0	0	0	936	0	0	0	0	2576	0	0	0	0	1634	0	1444	0	1768	2266	2306	0	0	0	0	0	318	0	308	0	808	0	0	0	0	0	0	0	0	0	0	0	0	0	0	0	0	0	0	0	0	0	0	0	0	0	0	0	0	4298	5286	2576	1384	238	560	0	0	0	0	0	0	0	340	0	0	0	0	0	0	0	0	0	0	0	0	0	0	0	0	0	0	0	0	0	0	0	0	0	0	0	0	0	0	0	0	
255284	Frontal_Sup_Medial_L	396	0	36920	6846	4960	0	14830	0	0	0	1548	0	1668	0	0	0	0	0	5116	1462	0	0	0	13152	2508	1076	284	0	128	0	15212	10438	3876	5580	0	0	0	0	0	0	0	0	0	0	0	0	0	0	0	0	0	0	0	0	0	0	0	0	0	0	0	0	0	0	0	0	0	0	0	0	364	0	866	412	0	0	0	0	0	0	0	0	0	0	0	0	0	0	0	0	0	0	0	0	0	0	0	0	0	0	0	0	0	0	0	0	0	0	0	0	0	0	0	0	0	0	
241788	Frontal_Sup_Medial_R	0	0	2092	29760	242	3552	234	754	0	124	0	578	0	1072	0	294	0	0	1020	11294	0	0	13152	0	0	3906	0	0	0	1720	3804	23558	0	12146	0	0	0	100	0	100	0	0	0	0	0	0	0	0	0	0	0	0	0	0	0	0	0	0	0	0	0	0	0	0	0	0	0	0	0	0	580	5774	118	4552	0	0	0	368	0	0	0	0	0	0	0	0	0	0	0	0	0	0	0	0	0	0	0	0	0	0	0	0	0	0	0	0	0	0	0	0	0	0	0	0	0	0	
24292	Frontal_Med_Orb_L	0	0	558	0	2152	0	0	0	0	0	0	0	0	0	0	0	0	0	0	0	216	0	2508	0	0	536	1832	0	0	0	2912	138	0	0	0	0	0	0	0	0	0	0	0	0	0	0	0	0	0	0	0	0	0	0	0	0	0	0	0	0	0	0	0	0	0	0	0	0	0	0	584	168	542	0	0	0	0	0	0	0	0	0	0	0	0	0	0	0	0	0	0	0	0	0	0	0	0	0	0	0	0	0	0	0	0	0	0	0	0	0	0	0	0	0	0	0	
65776	Frontal_Med_Orb_R	0	0	138	3204	0	7580	0	0	0	294	0	0	0	0	0	0	0	0	0	130	0	1634	1076	3906	536	0	0	3280	0	0	632	3628	0	0	0	0	0	0	0	0	0	0	0	0	0	0	0	0	0	0	0	0	0	0	0	0	0	0	0	0	0	0	0	0	0	0	0	0	0	0	0	3810	0	3040	0	0	0	0	0	0	0	0	0	0	0	0	0	0	0	0	0	0	0	0	0	0	0	0	0	0	0	0	0	0	0	0	0	0	0	0	0	0	0	0	0	0	
30072	Rectus_L	0	0	116	0	4546	0	0	0	1930	0	0	0	0	0	516	0	0	0	0	0	128	0	284	0	1832	0	0	92	180	0	2846	102	0	0	0	0	0	0	0	0	0	0	0	0	0	0	0	0	0	0	0	0	0	0	0	0	0	0	0	0	0	0	0	0	0	0	0	0	0	0	600	142	1722	0	0	0	0	0	0	0	0	0	0	0	0	0	0	0	0	0	0	0	0	0	0	0	0	0	0	0	0	0	0	0	0	0	0	0	0	0	0	0	0	0	0	0	
32236	Rectus_R	0	0	0	474	0	6406	0	0	0	1058	0	0	0	0	0	776	0	0	0	0	0	1444	0	0	0	3280	92	0	0	542	0	366	0	0	0	0	0	0	0	0	0	0	0	0	0	0	0	0	0	0	0	0	0	0	0	0	0	0	0	0	0	0	0	0	0	0	0	0	0	0	0	846	0	834	0	0	0	0	0	0	0	0	0	0	0	0	0	0	0	0	0	0	0	0	0	0	0	0	0	0	0	0	0	0	0	0	0	0	0	0	0	0	0	0	0	0	
462640	Insula_L	14734	0	23836	266	7626	0	11672	0	2662	0	12560	0	18234	0	16916	0	19582	0	14120	218	1722	0	128	0	0	0	180	0	0	0	1144	184	0	0	270	0	10110	0	818	0	1148	0	424	0	140	0	0	0	0	0	3028	0	1068	0	2238	0	8412	0	1696	0	1982	0	1030	0	396	0	1226	0	808	0	1950	486	22430	0	544	0	698	0	8330	0	4766	0	1652	0	2734	0	0	0	7152	0	0	0	0	0	0	0	0	0	0	0	0	0	0	0	0	0	0	0	0	0	0	0	0	0	0	0	
261960	Insula_R	0	1930	226	15224	0	1104	152	5112	0	240	0	14922	0	11948	0	6680	0	14588	176	9692	0	1768	0	1720	0	0	0	542	0	0	172	2952	0	2064	0	0	0	5492	0	2086	0	1088	0	0	0	130	0	212	0	134	0	0	0	108	0	2414	0	814	0	0	0	0	0	0	0	0	0	350	0	102	446	1638	0	16600	0	220	0	1436	0	2696	0	1536	0	850	0	262	0	0	0	1044	0	110	0	0	0	0	0	0	0	0	0	0	0	0	0	0	0	0	0	0	0	0	0	0	0	0	
253620	Cingulum_Ant_L	2594	0	16010	3850	4648	380	5748	86	0	0	1908	226	1734	166	228	0	0	0	7080	2064	2880	2266	15212	3804	2912	632	2846	0	1144	172	0	12766	5988	2262	276	0	0	0	0	0	0	0	0	0	0	0	0	0	0	0	142	0	0	0	0	0	764	0	88	0	0	0	0	0	0	0	0	0	0	0	8590	5006	9680	2424	234	0	0	0	0	0	0	0	0	0	0	0	0	0	0	0	0	0	0	0	0	0	0	0	0	0	0	0	0	0	0	0	0	0	0	0	0	0	0	0	0	0	
402044	Cingulum_Ant_R	244	0	5188	32550	284	2336	892	362	0	186	0	672	216	1670	212	390	0	116	3856	24796	1350	2306	10438	23558	138	3628	102	366	184	2952	12766	0	890	21102	132	0	0	1518	0	1476	0	0	0	0	0	0	0	0	0	0	0	0	0	0	0	404	0	0	0	0	0	0	0	0	0	0	0	0	0	0	3944	22788	1772	14494	0	192	0	552	0	0	0	0	0	0	0	0	0	0	0	0	0	0	0	0	0	0	0	0	0	0	0	0	0	0	0	0	0	0	0	0	0	0	0	0	0	0	
120080	Cingulum_Mid_L	252	0	5972	450	0	0	2082	0	0	0	300	0	344	0	0	0	0	0	8310	4978	0	0	3876	0	0	0	0	0	0	0	5988	890	0	7622	6184	1720	0	0	0	0	0	0	0	0	710	118	0	0	1090	0	824	0	0	0	0	0	190	160	404	0	0	0	0	0	0	0	3714	846	1838	972	0	122	84	0	0	0	0	0	0	0	0	0	0	0	0	0	0	0	0	0	0	0	0	0	0	0	0	0	0	0	0	0	0	0	0	0	0	0	0	0	0	0	0	0	0	0	
497228	Cingulum_Mid_R	6270	1302	7986	32484	0	534	940	3090	0	892	0	1868	0	2166	0	710	0	204	14150	61584	0	0	5580	12146	0	0	0	0	0	2064	2262	21102	7622	0	1484	13456	0	1420	0	788	0	0	0	774	0	2398	0	772	0	1842	0	784	0	162	0	1076	0	3216	0	96	0	0	0	0	0	0	524	9286	6688	12396	220	2548	0	2840	0	188	0	104	0	210	0	168	0	0	0	0	0	0	0	218	0	0	0	0	0	0	0	0	0	0	0	0	0	0	0	0	0	0	0	0	0	0	0	0	0	0	
149016	Cingulum_Post_L	5364	104	508	2838	0	0	446	0	0	0	0	0	0	0	0	0	0	0	1416	2140	0	0	0	0	0	0	0	0	270	0	276	132	6184	1484	0	6708	7132	2212	2328	0	0	0	3722	0	1438	88	2806	0	136	0	308	0	226	0	288	0	132	0	0	0	0	0	0	0	0	0	8462	476	5330	490	218	572	0	0	0	0	5488	3990	632	0	0	0	0	0	164	0	0	0	0	0	0	0	0	0	0	0	0	0	0	0	0	0	0	0	0	0	0	0	0	0	0	0	0	0	0	0	
220952	Cingulum_Post_R	3856	3102	516	6176	0	0	90	0	0	0	0	0	0	0	0	0	0	0	270	8246	0	0	0	0	0	0	0	0	0	0	0	0	1720	13456	6708	0	1976	7764	0	2082	0	0	0	2636	0	1620	0	4664	0	86	0	284	0	564	0	1432	0	3644	0	0	0	0	0	0	0	0	566	13518	584	8474	340	838	0	0	0	0	5736	7938	0	0	0	0	0	0	0	116	0	0	0	1038	0	0	0	0	0	0	0	0	0	0	0	0	0	0	0	0	0	0	0	0	436	0	0	0	0	0	
219080	Hippocampus_L	10576	150	2634	1770	162	0	4106	0	0	0	202	0	186	0	472	0	468	0	1726	194	576	0	0	0	0	0	0	0	10110	0	0	0	0	0	7132	1976	0	1738	10318	0	4522	0	2856	0	0	0	4116	0	0	0	86	0	226	0	7600	0	708	0	0	0	0	0	0	0	0	0	5154	0	0	0	1138	298	9890	0	718	0	5592	2150	1844	0	1136	0	410	0	92	0	146	0	6362	0	0	0	0	0	0	0	0	0	0	0	0	0	0	0	0	0	0	0	0	0	0	0	0	0	0	0	
348820	Hippocampus_R	1866	6114	96	13164	0	0	86	1060	0	0	0	800	0	1050	0	84	0	1834	0	4120	0	318	0	100	0	0	0	0	0	5492	0	1518	0	1420	2212	7764	1738	0	0	34534	0	5336	0	1328	0	218	0	6926	0	182	0	0	0	370	0	25734	0	1258	0	0	0	0	0	0	0	0	0	6822	0	660	98	676	0	16620	0	1334	1976	6208	0	1508	0	718	0	630	0	626	0	110	0	6950	0	1204	0	188	0	0	0	642	0	416	0	0	0	0	0	0	0	0	0	0	302	0	0	0	0	0	
66512	ParaHippocampal_L	1202	0	270	0	0	0	1200	0	0	0	0	0	0	0	0	0	0	0	0	0	126	0	0	0	0	0	0	0	818	0	0	0	0	0	2328	0	10318	0	0	0	1106	0	2050	0	0	0	4000	0	0	0	0	0	108	0	3834	0	0	0	0	0	0	0	0	0	0	0	2820	0	0	0	0	0	1212	0	0	0	418	0	0	0	94	0	576	0	0	0	440	0	0	0	0	0	0	0	130	0	206	0	0	0	0	0	0	0	0	0	0	0	0	0	0	0	0	0	0	0	
231940	ParaHippocampal_R	0	2392	0	6892	0	0	0	896	0	0	0	684	0	1024	0	88	0	354	0	2742	0	308	0	100	0	0	0	0	0	2086	0	1476	0	788	0	2082	0	34534	0	0	0	4140	0	288	0	0	0	5370	0	0	0	0	0	250	0	17254	0	92	0	0	0	0	0	0	0	0	0	3974	0	0	96	652	0	13246	0	1276	0	2038	0	172	0	144	0	2658	0	170	0	1280	0	2510	0	1168	0	394	0	0	0	1482	0	708	0	0	0	0	0	0	0	0	0	0	162	0	0	0	0	0	
23596	Amygdala_L	0	0	0	0	0	0	0	0	0	0	0	0	0	0	282	0	0	0	0	0	980	0	0	0	0	0	0	0	1148	0	0	0	0	0	0	0	4522	0	1106	0	0	0	0	0	0	0	0	0	0	0	0	0	0	0	1996	0	0	0	0	0	0	0	0	0	0	0	0	0	0	0	0	0	0	0	0	0	0	0	0	0	0	0	334	0	0	0	124	0	1306	0	0	0	0	0	0	0	0	0	0	0	0	0	0	0	0	0	0	0	0	0	0	0	0	0	0	0	
37400	Amygdala_R	0	0	0	116	0	0	0	0	0	0	0	0	0	0	0	294	0	0	0	0	0	808	0	0	0	0	0	0	0	1088	0	0	0	0	0	0	0	5336	0	4140	0	0	0	0	0	0	0	0	0	0	0	0	0	0	0	4150	0	0	0	0	0	0	0	0	0	0	0	0	0	0	0	140	0	522	0	0	0	170	0	0	0	0	0	1842	0	0	0	94	0	0	0	0	0	0	0	0	0	0	0	0	0	0	0	0	0	0	0	0	0	0	0	0	0	0	0	0	
279824	Calcarine_L	2660	0	734	0	0	0	602	0	0	0	0	0	0	0	0	0	246	0	284	0	0	0	0	0	0	0	0	0	424	0	0	0	0	0	3722	0	2856	0	2050	0	0	0	0	8150	14004	4824	17570	2678	8752	3080	22372	130	10306	0	4050	118	3684	0	138	0	0	0	0	0	0	0	17816	290	2976	0	0	0	0	0	0	0	0	0	170	0	118	0	0	0	3180	0	0	0	1720	0	208	0	0	0	0	0	0	0	0	0	0	0	0	0	0	0	0	0	0	0	0	0	0	0	0	0	
364152	Calcarine_R	0	3556	0	0	0	0	0	0	0	0	0	0	0	0	0	0	0	164	0	304	0	0	0	0	0	0	0	0	0	0	0	0	0	774	0	2636	0	1328	0	288	0	0	8150	0	7576	29746	5414	22058	538	26972	412	10566	0	9506	0	9218	0	4940	0	96	0	504	0	128	0	0	546	24904	0	3408	0	0	0	0	0	0	0	0	0	0	0	0	0	0	0	4412	0	0	0	3636	0	0	0	0	0	0	0	84	0	0	0	0	0	0	0	0	0	0	0	0	212	0	0	0	0	0	
208408	Cuneus_L	2016	0	356	0	0	0	0	0	0	0	0	0	0	0	0	0	184	0	1028	0	0	0	0	0	0	0	0	0	140	0	0	0	710	0	1438	0	0	0	0	0	0	0	14004	7576	0	11692	2690	878	22316	6838	12100	126	620	0	272	150	1994	0	1604	0	88	0	0	0	0	0	10102	1072	3818	0	0	0	0	0	0	0	0	0	0	0	128	0	0	0	264	0	0	0	0	0	0	0	0	0	0	0	0	0	0	0	0	0	0	0	0	0	0	0	0	0	0	0	0	0	0	0	
362140	Cuneus_R	0	6050	0	2370	0	0	0	112	0	0	0	118	0	0	0	0	0	296	0	736	0	0	0	0	0	0	0	0	0	130	0	0	118	2398	88	1620	0	218	0	0	0	0	4824	29746	11692	0	2558	4790	854	44424	554	13518	0	2636	0	1956	0	4300	0	3148	0	782	0	416	0	246	2294	32142	0	3970	0	0	0	0	0	0	0	0	0	0	0	110	0	0	0	1632	0	0	0	224	0	0	0	0	0	0	0	0	0	0	0	0	0	0	0	0	0	0	0	0	0	0	0	0	0	0	
291744	Lingual_L	354	0	0	0	0	0	178	0	0	0	0	0	0	0	0	0	0	0	0	0	0	0	0	0	0	0	0	0	0	0	0	0	0	0	2806	0	4116	0	4000	0	0	0	17570	5414	2690	2558	0	4202	2934	2502	13240	0	7574	0	15734	938	302	0	0	0	0	0	0	0	0	0	6856	150	286	0	0	0	138	0	0	0	166	0	0	0	0	0	0	0	656	0	0	0	88	0	7344	1138	610	0	200	172	12680	3024	13236	1722	0	0	0	0	264	234	0	0	0	256	7074	2036	0	0	0	430	
376364	Lingual_R	0	1284	0	396	0	0	0	0	0	0	0	0	0	0	0	0	0	0	0	662	0	0	0	0	0	0	0	0	0	212	0	0	0	772	0	4664	0	6926	0	5370	0	0	2678	22058	878	4790	4202	0	0	7096	0	3184	190	2782	1226	25974	0	1108	0	0	0	0	0	0	0	0	268	13940	0	1440	0	110	0	0	0	0	0	778	0	98	0	0	0	0	0	1086	0	0	0	2492	5428	11658	2176	1844	0	0	1794	7548	7236	14816	0	554	0	718	0	112	0	0	0	162	6878	8202	2020	266	106	0	
212756	Occipital_Sup_L	3192	0	274	0	0	0	96	0	0	0	0	0	0	0	0	0	0	0	824	0	0	0	0	0	0	0	0	0	0	0	0	0	1090	0	136	0	0	0	0	0	0	0	8752	538	22316	854	2934	0	0	506	33908	0	1424	0	396	0	3494	0	8442	0	2510	0	0	0	370	0	9728	0	3230	0	0	0	0	0	0	0	0	0	0	0	0	0	0	0	748	0	0	0	616	0	0	0	0	0	0	0	0	0	0	0	0	0	0	0	0	0	0	0	0	0	0	0	0	0	0	0	
380804	Occipital_Sup_R	0	4722	0	2556	0	0	0	332	0	0	0	164	0	0	0	0	0	184	0	554	0	0	0	0	0	0	0	0	0	134	0	0	0	1842	0	86	0	182	0	0	0	0	3080	26972	6838	44424	2502	7096	506	0	384	26298	0	5036	0	3632	0	3108	0	9684	0	4518	0	1700	0	3814	1036	21734	0	2240	0	0	0	0	0	0	0	0	0	0	0	602	0	0	0	3032	0	0	0	1410	0	0	0	0	0	0	0	0	0	0	0	0	0	0	0	0	0	0	0	0	0	0	0	0	0	0	
589160	Occipital_Mid_L	11742	174	1444	114	0	0	2134	0	0	0	0	0	0	0	0	0	3786	0	664	0	0	0	0	0	0	0	0	0	3028	0	142	0	824	0	308	0	86	0	0	0	0	0	22372	412	12100	554	13240	0	33908	384	0	0	26788	0	4054	0	19600	0	28842	0	19914	0	632	0	19446	0	14178	0	11868	0	852	0	0	0	0	0	0	0	1108	0	1152	0	0	0	30306	0	0	0	7884	0	0	0	0	0	0	0	178	0	186	0	0	0	0	0	0	0	0	0	0	0	176	0	0	0	0	0	
236256	Occipital_Mid_R	0	2894	0	280	0	0	0	0	0	0	0	0	0	0	0	0	0	0	0	190	0	0	0	0	0	0	0	0	0	0	0	0	0	784	0	284	0	0	0	0	0	0	130	10566	126	13518	0	3184	0	26298	0	0	0	4638	0	3340	0	2022	0	1812	0	4596	0	1648	0	12238	0	12472	0	810	0	0	0	0	0	0	0	0	0	0	0	694	0	0	0	13318	0	0	0	2286	0	0	0	0	0	0	0	0	0	0	0	0	0	0	0	0	0	0	0	0	0	0	0	0	0	0	
178560	Occipital_Inf_L	2454	0	284	0	0	0	426	0	0	0	0	0	0	0	0	0	846	0	0	0	0	0	0	0	0	0	0	0	1068	0	0	0	0	0	226	0	226	0	108	0	0	0	10306	0	620	0	7574	190	1424	0	26788	0	0	0	11622	0	2372	0	476	0	190	0	108	0	542	0	3920	0	1554	0	104	0	0	0	0	0	0	0	1070	0	280	0	0	0	5906	0	0	0	6938	0	136	0	0	0	0	0	434	198	464	0	0	0	0	0	0	0	0	0	0	0	426	0	0	0	0	0	
98488	Occipital_Inf_R	0	1054	0	344	0	0	0	0	0	0	0	0	0	0	0	0	0	0	0	98	0	0	0	0	0	0	0	0	0	108	0	0	0	162	0	564	0	370	0	250	0	0	0	9506	0	2636	0	2782	0	5036	0	4638	0	0	0	7488	0	852	0	0	0	0	0	0	0	0	0	3050	0	364	0	0	0	0	0	0	0	0	0	88	0	0	0	0	0	2392	0	0	0	7192	0	0	0	0	0	0	0	0	0	156	0	0	0	0	0	0	0	0	0	0	114	0	0	0	0	0	
356120	Fusiform_L	1564	0	306	0	0	0	564	0	0	0	0	0	0	0	0	0	754	0	168	0	0	0	0	0	0	0	0	0	2238	0	0	0	0	0	288	0	7600	0	3834	0	1996	0	4050	0	272	0	15734	1226	396	0	4054	0	11622	0	0	286	660	0	86	0	0	0	86	0	0	0	2754	0	394	0	102	0	1282	0	0	0	0	0	2598	0	870	0	2776	0	2144	0	1866	0	11060	0	29388	414	6594	0	0	0	14976	1358	34398	832	228	0	258	0	252	112	0	0	0	0	3910	1392	206	0	112	0	
500400	Fusiform_R	0	2874	0	1508	0	0	0	346	0	0	0	242	0	282	0	0	0	478	0	1568	0	0	0	0	0	0	0	0	0	2414	0	404	0	1076	0	1432	0	25734	0	17254	0	4150	118	9218	150	1956	938	25974	0	3632	0	3340	0	7488	286	0	0	2106	0	0	0	0	0	118	0	0	0	6370	0	1312	0	220	0	4478	0	84	0	356	0	1068	0	2076	0	6168	0	2346	0	2654	0	25414	1044	26456	716	1974	0	632	626	11864	1754	27880	0	0	0	130	0	0	0	0	0	228	6218	2754	292	0	0	0	
375744	Postcentral_L	32012	90	4130	110	0	0	2892	0	0	0	2762	0	270	0	0	0	13618	0	3896	0	0	0	0	0	0	0	0	0	8412	0	764	0	190	0	132	0	708	0	0	0	0	0	3684	0	1994	0	302	0	3494	0	19600	0	2372	0	660	0	0	0	15454	0	14992	0	7098	0	1060	0	10444	0	14510	0	1828	0	1512	0	612	0	92	0	2860	0	7784	0	0	0	3774	0	0	0	3760	0	0	0	0	0	0	0	0	0	0	0	0	0	0	0	0	0	0	0	0	0	0	0	0	0	0	0	
233224	Postcentral_R	0	27732	0	1296	0	0	0	148	0	0	0	842	0	0	0	0	0	3174	0	396	0	0	0	0	0	0	0	0	0	814	0	0	160	3216	0	3644	0	1258	0	92	0	0	0	4940	0	4300	0	1108	0	3108	0	2022	0	852	0	2106	0	0	0	5324	0	7738	0	11434	0	122	240	13080	0	8894	0	218	0	328	0	0	0	210	0	128	0	1044	0	0	0	4624	0	0	0	1676	0	0	0	0	0	0	0	0	0	0	0	0	0	0	0	0	0	0	0	0	344	0	0	0	0	0	
226056	Parietal_Sup_L	4508	0	170	0	0	0	414	0	0	0	0	0	0	0	0	0	2380	0	280	0	0	0	0	0	0	0	0	0	1696	0	88	0	404	0	0	0	0	0	0	0	0	0	138	0	1604	0	0	0	8442	0	28842	0	476	0	86	0	15454	0	0	0	16234	0	554	0	5112	0	12510	112	5954	0	604	0	0	0	0	0	0	0	586	0	818	0	0	0	2576	0	0	0	2986	0	0	0	0	0	0	0	0	0	0	0	0	0	0	0	0	0	0	0	0	0	0	0	0	0	0	0	
98580	Parietal_Sup_R	0	1426	0	602	0	0	0	0	0	0	0	0	0	0	0	0	0	0	0	136	0	0	0	0	0	0	0	0	0	0	0	0	0	96	0	0	0	0	0	0	0	0	0	96	0	3148	0	0	0	9684	0	1812	0	0	0	0	0	5324	0	0	0	8924	0	1474	0	4332	288	9896	0	140	0	0	0	0	0	0	0	0	0	0	0	122	0	0	0	1204	0	0	0	586	0	0	0	0	0	0	0	0	0	0	0	0	0	0	0	0	0	0	0	0	0	0	0	0	0	0	
205004	Parietal_Inf_L	3624	0	0	0	0	0	206	0	0	0	0	0	0	0	0	0	4530	0	0	0	0	0	0	0	0	0	0	0	1982	0	0	0	0	0	0	0	0	0	0	0	0	0	0	0	88	0	0	0	2510	0	19914	0	190	0	0	0	14992	0	16234	0	0	0	12240	0	14296	0	2028	0	1204	0	436	0	0	0	0	0	0	0	712	0	3076	0	0	0	1610	0	0	0	2630	0	0	0	0	0	0	0	0	0	0	0	0	0	0	0	0	0	0	0	0	0	0	0	0	0	0	0	
103360	Parietal_Inf_R	0	2592	0	470	0	0	0	252	0	0	0	0	0	0	0	0	0	0	0	0	0	0	0	0	0	0	0	0	0	0	0	0	0	0	0	0	0	0	0	0	0	0	0	504	0	782	0	0	0	4518	0	4596	0	0	0	0	0	7738	0	8924	0	0	0	7514	0	9276	0	2134	0	0	0	144	0	0	0	0	0	0	0	0	0	158	0	0	0	1748	0	0	0	330	0	0	0	0	0	0	0	0	0	0	0	0	0	0	0	0	0	0	0	0	0	0	0	0	0	0	
79912	SupraMarginal_L	2488	0	0	0	0	0	0	0	0	0	0	0	0	0	0	0	5410	0	0	0	0	0	0	0	0	0	0	0	1030	0	0	0	0	0	0	0	0	0	0	0	0	0	0	0	0	0	0	0	0	0	632	0	108	0	86	0	7098	0	554	0	12240	0	0	0	1918	0	156	0	238	0	0	0	0	0	0	0	0	0	228	0	5614	0	0	0	514	0	0	0	1642	0	0	0	0	0	0	0	0	0	0	0	0	0	0	0	0	0	0	0	0	0	0	0	0	0	0	0	
87772	SupraMarginal_R	0	3918	0	170	0	0	0	114	0	0	0	0	0	0	0	0	0	1970	0	0	0	0	0	0	0	0	0	0	0	0	0	0	0	0	0	0	0	0	0	0	0	0	0	128	0	416	0	0	0	1700	0	1648	0	0	0	118	0	11434	0	1474	0	7514	0	0	0	3324	0	3082	0	0	0	150	0	0	0	0	0	0	0	0	0	3498	0	0	0	3090	0	0	0	138	0	0	0	0	0	0	0	0	0	0	0	0	0	0	0	0	0	0	0	0	0	0	0	0	0	0	
115324	Angular_L	536	0	0	0	0	0	0	0	0	0	0	0	0	0	0	0	814	0	0	0	0	0	0	0	0	0	0	0	396	0	0	0	0	0	0	0	0	0	0	0	0	0	0	0	0	0	0	0	370	0	19446	0	542	0	0	0	1060	0	5112	0	14296	0	1918	0	0	0	238	0	298	0	0	0	0	0	0	0	0	0	0	0	386	0	0	0	11442	0	0	0	808	0	0	0	0	0	0	0	0	0	0	0	0	0	0	0	0	0	0	0	0	0	0	0	0	0	0	0	
76624	Angular_R	0	0	0	0	0	0	0	0	0	0	0	0	0	0	0	0	0	0	0	0	0	0	0	0	0	0	0	0	0	0	0	0	0	0	0	0	0	0	0	0	0	0	0	0	0	246	0	0	0	3814	0	12238	0	0	0	0	0	122	0	4332	0	9276	0	3324	0	0	0	236	0	0	0	0	0	0	0	0	0	0	0	0	0	1000	0	0	0	3724	0	0	0	0	0	0	0	0	0	0	0	0	0	0	0	0	0	0	0	0	0	0	0	0	0	0	0	0	0	0	
307980	Precuneus_L	5734	334	782	0	0	0	754	0	0	0	0	0	0	0	0	0	1234	0	1640	92	0	0	0	0	0	0	0	0	1226	0	0	0	3714	524	8462	566	5154	0	2820	0	0	0	17816	546	10102	2294	6856	268	9728	1036	14178	0	3920	0	2754	0	10444	240	12510	288	2028	0	156	0	238	0	0	7440	11058	1070	174	0	0	0	0	0	156	0	846	0	336	0	0	0	2240	0	0	0	2016	0	128	0	0	0	0	0	0	0	0	0	0	0	0	0	0	0	0	0	0	0	88	0	0	0	0	0	
480752	Precuneus_R	0	13176	0	5174	0	0	0	904	0	0	0	290	0	0	0	0	0	596	0	3618	0	0	0	0	0	0	0	0	0	350	0	0	846	9286	476	13518	0	6822	0	3974	0	0	290	24904	1072	32142	150	13940	0	21734	0	12472	0	3050	0	6370	0	13080	112	9896	0	2134	0	3082	0	236	7440	0	180	15882	0	88	0	178	0	0	160	1062	0	0	0	1210	0	0	0	4298	0	0	0	4618	0	0	0	0	0	0	0	198	0	0	0	0	0	0	0	0	0	0	0	0	1368	0	0	0	0	0	
279940	Paracentral_Lobule_L	25346	156	4396	3798	0	0	542	0	0	0	0	0	0	0	0	0	1064	0	9374	14364	0	0	0	0	0	0	0	0	808	0	0	0	1838	6688	5330	584	0	0	0	0	0	0	2976	0	3818	0	286	0	3230	0	11868	0	1554	0	394	0	14510	0	5954	0	1204	0	238	0	298	0	11058	180	0	1286	650	596	0	92	0	0	186	174	256	0	396	0	0	0	3124	0	0	0	1354	0	0	0	0	0	0	0	0	0	0	0	0	0	0	0	0	0	0	0	0	0	0	0	0	0	0	0	
160060	Paracentral_Lobule_R	650	4844	0	414	0	0	0	0	0	0	0	0	0	0	0	0	0	108	400	8260	0	0	0	0	0	0	0	0	0	102	0	0	972	12396	490	8474	0	660	0	0	0	0	0	3408	0	3970	0	1440	0	2240	0	810	0	364	0	1312	0	8894	0	140	0	0	0	0	0	0	1070	15882	1286	0	0	0	0	0	0	0	0	0	0	200	0	160	0	0	0	86	0	0	0	544	0	0	0	0	0	0	0	0	0	0	0	0	0	0	0	0	0	0	0	0	454	0	0	0	0	0	
247600	Caudate_L	5146	150	9834	3192	432	0	3108	542	0	0	538	336	1152	0	1442	0	396	102	7526	2510	4094	4298	364	580	584	0	600	0	1950	446	8590	3944	0	220	218	340	1138	98	0	96	0	0	0	0	0	0	0	0	0	0	852	0	104	0	102	0	1828	0	604	0	436	0	0	0	0	0	174	0	650	0	0	13706	16912	3132	4770	626	12804	2762	180	0	0	0	0	0	88	0	0	0	104	0	0	0	0	0	0	0	0	0	0	0	0	0	0	0	0	0	0	0	0	0	0	0	0	0	0	0	
368308	Caudate_R	1566	4266	2480	27982	0	3954	1022	160	0	0	0	138	594	0	676	202	0	898	1836	18558	2478	5286	0	5774	168	3810	142	846	486	1638	5006	22788	122	2548	572	838	298	676	0	652	0	140	0	0	0	0	0	110	0	0	0	0	0	0	0	220	0	218	0	0	0	144	0	150	0	0	0	88	596	0	13706	0	3514	19194	558	2904	3462	20690	0	0	0	0	0	0	0	0	0	0	0	0	0	0	0	0	0	0	0	0	0	0	0	0	0	0	0	0	0	0	0	0	0	0	0	0	0	0	
352704	Putamen_L	7138	0	23092	518	10416	0	8300	124	2506	0	2066	0	2548	0	11470	0	1028	0	16128	388	3126	2576	866	118	542	0	1722	0	22430	0	9680	1772	84	0	0	0	9890	0	1212	0	0	0	0	0	0	0	138	0	0	0	0	0	0	0	1282	0	1512	0	0	0	0	0	0	0	0	0	0	0	0	0	16912	3514	0	1554	8198	104	1508	0	112	0	696	0	222	0	0	0	0	0	860	0	0	0	0	0	0	0	0	0	0	0	0	0	0	0	0	0	0	0	0	0	0	0	0	0	0	0	
360176	Putamen_R	200	1096	910	23334	0	6338	304	5302	0	1200	0	4250	0	3404	98	2864	0	3426	790	13434	1010	1384	412	4552	0	3040	0	834	0	16600	2424	14494	0	2840	0	0	0	16620	0	13246	0	522	0	0	0	0	0	0	0	0	0	0	0	0	0	4478	0	328	0	0	0	0	0	0	0	0	0	178	92	0	3132	19194	1554	0	0	2448	164	2064	0	386	0	0	0	134	0	0	0	0	0	548	0	288	0	86	0	0	0	0	0	86	0	0	0	0	0	0	0	0	0	0	0	0	0	0	0	0	
61904	Pallidum_L	1286	0	3922	98	0	0	948	0	0	0	520	0	180	0	114	0	312	0	5192	0	0	238	0	0	0	0	0	0	544	0	234	0	0	0	0	0	718	0	0	0	0	0	0	0	0	0	0	0	0	0	0	0	0	0	0	0	612	0	0	0	0	0	0	0	0	0	0	0	0	0	4770	558	8198	0	0	0	2124	384	0	0	0	0	0	0	0	0	0	0	0	0	0	0	0	0	0	0	0	0	0	0	0	0	0	0	0	0	0	0	0	0	0	0	0	0	0	0	
34056	Pallidum_R	92	152	232	2662	0	0	90	150	0	0	0	260	0	154	0	0	0	174	304	2632	0	560	0	0	0	0	0	0	0	220	0	192	0	188	0	0	0	1334	0	1276	0	0	0	0	0	0	0	0	0	0	0	0	0	0	0	84	0	0	0	0	0	0	0	0	0	0	0	0	0	0	626	2904	104	2448	0	0	0	190	0	0	0	0	0	0	0	0	0	0	0	0	0	0	0	0	0	0	0	0	0	0	0	0	0	0	0	0	0	0	0	0	0	0	0	0	0	0	
166920	Thalamus_L	11390	188	4156	4660	0	0	5966	0	0	0	0	0	0	0	0	0	0	0	126	760	0	0	0	0	0	0	0	0	698	0	0	0	0	0	5488	5736	5592	1976	418	0	0	0	0	0	0	0	166	0	0	0	0	0	0	0	0	0	92	0	0	0	0	0	0	0	0	0	156	160	186	0	12804	3462	1508	164	2124	0	0	15238	246	0	0	0	0	0	0	0	0	0	0	0	0	0	0	0	0	0	0	0	0	0	0	0	0	0	0	0	0	0	0	0	0	0	0	0	0	0	
234736	Thalamus_R	3726	9252	502	29514	0	0	154	318	0	0	0	224	0	0	0	0	0	828	92	3896	0	0	0	368	0	0	0	0	0	1436	0	552	0	104	3990	7938	2150	6208	0	2038	0	170	0	0	0	0	0	778	0	0	0	0	0	0	0	356	0	210	0	0	0	0	0	0	0	0	0	1062	174	0	2762	20690	0	2064	384	190	15238	0	0	0	0	0	0	0	0	0	0	0	0	0	0	0	0	0	0	0	0	0	0	0	0	0	0	0	0	0	0	0	0	0	0	0	0	0	0	0	
77672	Heschl_L	2852	0	144	0	0	0	302	0	0	0	218	0	0	0	0	0	4964	0	106	0	0	0	0	0	0	0	0	0	8330	0	0	0	0	0	632	0	1844	0	0	0	0	0	170	0	0	0	0	0	0	0	1108	0	1070	0	2598	0	2860	0	586	0	712	0	228	0	0	0	846	0	256	0	180	0	112	0	0	0	246	0	0	0	2274	0	0	0	1954	0	0	0	4244	0	0	0	0	0	0	0	0	0	0	0	0	0	0	0	0	0	0	0	0	0	0	0	0	0	0	0	
31676	Heschl_R	0	250	0	262	0	0	0	0	0	0	0	162	0	0	0	0	0	3656	0	378	0	0	0	0	0	0	0	0	0	2696	0	0	0	210	0	0	0	1508	0	172	0	0	0	0	0	0	0	98	0	0	0	0	0	88	0	1068	0	128	0	0	0	0	0	0	0	0	0	0	0	200	0	0	0	386	0	0	0	0	0	0	0	3298	0	0	0	702	0	0	0	576	0	0	0	0	0	0	0	0	0	0	0	0	0	0	0	0	0	0	0	0	0	0	0	0	0	0	
147212	Temporal_Sup_L	5096	0	1908	0	0	0	470	0	0	0	630	0	94	0	0	0	10614	0	1598	0	0	0	0	0	0	0	0	0	4766	0	0	0	0	0	0	0	1136	0	94	0	0	0	118	0	128	0	0	0	0	0	1152	0	280	0	870	0	7784	0	818	0	3076	0	5614	0	386	0	336	0	396	0	0	0	696	0	0	0	0	0	2274	0	0	0	586	0	13468	0	0	0	9218	0	0	0	0	0	0	0	0	0	0	0	0	0	0	0	0	0	0	0	0	0	0	0	0	0	0	0	
73584	Temporal_Sup_R	0	1470	0	462	0	0	0	0	0	0	0	0	0	0	0	232	0	2968	0	162	0	0	0	0	0	0	0	0	0	1536	0	0	0	168	0	0	0	718	0	144	0	0	0	0	0	110	0	0	0	602	0	694	0	0	0	2076	0	1044	0	122	0	158	0	3498	0	1000	0	1210	0	160	0	0	0	0	0	0	0	0	0	3298	0	0	0	1858	0	10804	0	0	0	2298	0	0	0	0	0	0	0	0	0	0	0	0	0	0	0	0	0	0	0	0	0	0	0	0	0	0	
43644	Temporal_Pole_Sup_L	0	0	190	0	168	0	126	0	96	0	248	0	298	0	824	0	194	0	0	0	448	0	0	0	0	0	0	0	1652	0	0	0	0	0	0	0	410	0	576	0	334	0	0	0	0	0	0	0	0	0	0	0	0	0	2776	0	0	0	0	0	0	0	0	0	0	0	0	0	0	0	0	0	222	0	0	0	0	0	0	0	586	0	0	0	5004	0	2998	0	4672	0	0	0	0	0	0	0	0	0	0	0	0	0	0	0	0	0	0	0	0	0	0	0	0	0	0	0	
51516	Temporal_Pole_Sup_R	0	0	0	316	0	0	0	0	0	0	0	120	0	0	0	412	0	616	0	306	0	340	0	0	0	0	0	0	0	850	0	0	0	0	0	0	0	630	0	2658	0	1842	0	0	0	0	0	0	0	0	0	0	0	0	0	6168	0	0	0	0	0	0	0	0	0	0	0	0	0	0	0	0	0	134	0	0	0	0	0	0	0	1858	0	0	0	2312	0	3680	0	3516	0	0	0	0	0	0	0	0	0	0	0	0	0	0	0	0	0	0	0	0	0	0	0	0	0	0	
268356	Temporal_Mid_L	4556	134	872	84	0	0	1054	0	0	0	0	0	0	0	0	0	2676	0	206	0	0	0	0	0	0	0	0	0	2734	0	0	0	0	0	164	0	92	0	0	0	0	0	3180	0	264	0	656	0	748	0	30306	0	5906	0	2144	0	3774	0	2576	0	1610	0	514	0	11442	0	2240	0	3124	0	88	0	0	0	0	0	0	0	1954	0	13468	0	5004	0	0	0	2722	0	29886	0	0	0	0	0	0	0	0	0	0	0	0	0	0	0	0	0	0	0	0	0	0	0	0	0	0	0	
188884	Temporal_Mid_R	0	6874	0	766	0	0	0	0	0	0	0	0	0	0	0	96	0	522	0	0	0	0	0	0	0	0	0	0	0	262	0	0	0	0	0	116	0	626	0	170	0	0	0	4412	0	1632	0	1086	0	3032	0	13318	0	2392	0	2346	0	4624	0	1204	0	1748	0	3090	0	3724	0	4298	0	86	0	0	0	0	0	0	0	0	0	702	0	10804	0	2312	0	0	0	1050	0	23150	0	0	0	0	0	0	0	0	0	0	0	0	0	0	0	0	0	0	0	0	0	0	0	0	0	0	
21212	Temporal_Pole_Mid_L	0	0	0	0	0	0	0	0	0	0	0	0	0	0	0	0	0	0	0	0	0	0	0	0	0	0	0	0	0	0	0	0	0	0	0	0	146	0	440	0	124	0	0	0	0	0	0	0	0	0	0	0	0	0	1866	0	0	0	0	0	0	0	0	0	0	0	0	0	0	0	0	0	0	0	0	0	0	0	0	0	0	0	2998	0	2722	0	0	0	2310	0	0	0	0	0	0	0	0	0	0	0	0	0	0	0	0	0	0	0	0	0	0	0	0	0	0	0	
22080	Temporal_Pole_Mid_R	0	0	0	0	0	0	0	0	0	0	0	0	0	0	0	0	0	0	0	0	0	0	0	0	0	0	0	0	0	0	0	0	0	0	0	0	0	110	0	1280	0	94	0	0	0	0	0	0	0	0	0	0	0	0	0	2654	0	0	0	0	0	0	0	0	0	0	0	0	0	0	0	0	0	0	0	0	0	0	0	0	0	0	0	3680	0	1050	0	0	0	2172	0	0	0	0	0	0	0	0	0	0	0	0	0	0	0	0	0	0	0	0	0	0	0	0	0	0	
246452	Temporal_Inf_L	3262	0	496	0	0	0	480	0	0	0	0	0	0	0	0	0	5412	0	236	0	0	0	0	0	0	0	0	0	7152	0	0	0	0	0	0	0	6362	0	0	0	1306	0	1720	0	0	0	88	0	616	0	7884	0	6938	0	11060	0	3760	0	2986	0	2630	0	1642	0	808	0	2016	0	1354	0	104	0	860	0	0	0	0	0	4244	0	9218	0	4672	0	29886	0	2310	0	0	0	2584	0	672	0	0	0	0	0	204	0	168	0	96	0	0	0	0	0	0	0	0	0	0	0	0	0	
211088	Temporal_Inf_R	0	2798	0	640	0	0	0	0	0	0	0	0	0	0	0	0	0	182	0	216	0	0	0	0	0	0	0	0	0	1044	0	0	0	218	0	1038	0	6950	0	2510	0	0	0	3636	0	224	0	2492	0	1410	0	2286	0	7192	0	25414	0	1676	0	586	0	330	0	138	0	0	0	4618	0	544	0	0	0	548	0	0	0	0	0	576	0	2298	0	3516	0	23150	0	2172	0	0	0	4488	0	1102	0	0	0	184	0	1210	0	0	0	0	0	0	0	0	0	0	158	0	0	0	0	0	
540236	Cerebelum_Crus1_L	0	0	0	0	0	0	0	0	0	0	0	0	0	0	0	0	0	0	0	0	0	0	0	0	0	0	0	0	0	0	0	0	0	0	0	0	0	0	0	0	0	0	208	0	0	0	7344	5428	0	0	0	0	136	0	29388	1044	0	0	0	0	0	0	0	0	0	0	128	0	0	0	0	0	0	0	0	0	0	0	0	0	0	0	0	0	0	0	0	0	2584	0	0	4044	48092	3496	1038	536	20772	1986	62888	8516	14976	1704	16460	3414	944	2322	88	252	136	770	5300	12444	7912	3190	2236	342	
477092	Cerebelum_Crus1_R	0	0	0	0	0	0	0	0	0	0	0	0	0	0	0	0	0	0	0	0	0	0	0	0	0	0	0	0	0	110	0	0	0	0	0	0	0	1204	0	1168	0	0	0	0	0	0	1138	11658	0	0	0	0	0	0	414	26456	0	0	0	0	0	0	0	0	0	0	0	0	0	0	0	0	0	288	0	0	0	0	0	0	0	0	0	0	0	0	0	0	0	4488	4044	0	1586	40088	0	3694	1294	19394	3890	62016	702	5886	782	16378	0	1710	0	294	0	1284	9708	8998	7072	1590	1104	108	
352168	Cerebelum_Crus2_L	0	0	0	0	0	0	0	0	0	0	0	0	0	0	0	0	0	0	0	0	0	0	0	0	0	0	0	0	0	0	0	0	0	0	0	0	0	0	0	0	0	0	0	0	0	0	610	2176	0	0	0	0	0	0	6594	716	0	0	0	0	0	0	0	0	0	0	0	0	0	0	0	0	0	0	0	0	0	0	0	0	0	0	0	0	0	0	0	0	672	0	48092	1586	0	4652	424	254	5450	308	21280	3004	29448	2816	27712	1984	1812	1026	560	88	104	292	756	4864	3628	3500	1232	444	
282428	Cerebelum_Crus2_R	0	0	0	0	0	0	0	0	0	0	0	0	0	0	0	0	0	0	0	0	0	0	0	0	0	0	0	0	0	0	0	0	0	0	0	0	0	188	0	394	0	0	0	0	0	0	0	1844	0	0	0	0	0	0	0	1974	0	0	0	0	0	0	0	0	0	0	0	0	0	0	0	0	0	86	0	0	0	0	0	0	0	0	0	0	0	0	0	0	0	1102	3496	40088	4652	0	0	1270	108	3774	1582	14406	2986	15860	3064	26628	0	1694	0	368	0	206	510	2660	7794	3736	744	0	
38500	Cerebelum_3_L	0	0	0	0	0	0	0	0	0	0	0	0	0	0	0	0	0	0	0	0	0	0	0	0	0	0	0	0	0	0	0	0	0	0	0	0	0	0	130	0	0	0	0	0	0	0	200	0	0	0	0	0	0	0	0	0	0	0	0	0	0	0	0	0	0	0	0	0	0	0	0	0	0	0	0	0	0	0	0	0	0	0	0	0	0	0	0	0	0	0	1038	0	424	0	0	0	6302	202	1766	150	0	0	174	0	1772	368	302	0	702	1460	1668	1144	496	160	348	444	
69144	Cerebelum_3_R	0	0	0	0	0	0	0	0	0	0	0	0	0	0	0	0	0	0	0	0	0	0	0	0	0	0	0	0	0	0	0	0	0	0	0	0	0	0	0	0	0	0	0	0	0	0	172	0	0	0	0	0	0	0	0	632	0	0	0	0	0	0	0	0	0	0	0	0	0	0	0	0	0	0	0	0	0	0	0	0	0	0	0	0	0	0	0	0	0	0	536	3694	254	1270	0	0	878	6340	942	6334	218	0	300	600	94	1402	0	102	512	2952	2140	1532	828	1100	1430	310	
314708	Cerebelum_4_5_L	0	0	0	0	0	0	0	0	0	0	0	0	0	0	0	0	0	0	0	0	0	0	0	0	0	0	0	0	0	0	0	0	0	0	0	0	0	0	206	0	0	0	0	0	0	0	12680	1794	0	0	178	0	434	0	14976	626	0	0	0	0	0	0	0	0	0	0	0	0	0	0	0	0	0	0	0	0	0	0	0	0	0	0	0	0	0	0	0	0	0	0	20772	1294	5450	108	6302	878	0	4680	35238	3102	346	0	1030	0	5146	2178	520	0	948	3130	18292	8248	2006	998	2240	3554	
255484	Cerebelum_4_5_R	0	0	0	0	0	0	0	0	0	0	0	0	0	0	0	0	0	0	0	0	0	0	0	0	0	0	0	0	0	0	0	0	0	0	0	0	0	642	0	1482	0	0	0	84	0	0	3024	7548	0	0	0	0	198	0	1358	11864	0	0	0	0	0	0	0	0	0	0	0	198	0	0	0	0	0	0	0	0	0	0	0	0	0	0	0	0	0	0	0	0	0	184	1986	19394	308	3774	202	6340	4680	0	3412	29400	536	92	572	2100	276	1320	0	168	0	2126	16576	3604	1876	1070	1130	218	
506096	Cerebelum_6_L	0	0	0	0	0	0	0	0	0	0	0	0	0	0	0	0	0	0	0	0	0	0	0	0	0	0	0	0	0	0	0	0	0	0	0	0	0	0	0	0	0	0	0	0	0	0	13236	7236	0	0	186	0	464	0	34398	1754	0	0	0	0	0	0	0	0	0	0	0	0	0	0	0	0	0	0	0	0	0	0	0	0	0	0	0	0	0	0	0	0	204	0	62888	3890	21280	1582	1766	942	35238	3412	0	9180	2474	678	2676	1054	2550	2262	84	0	380	1748	12474	17804	5062	1982	2702	1462	
483868	Cerebelum_6_R	0	0	0	0	0	0	0	0	0	0	0	0	0	0	0	0	0	0	0	0	0	0	0	0	0	0	0	0	0	0	0	0	0	0	0	0	0	416	0	708	0	0	0	0	0	0	1722	14816	0	0	0	0	0	156	832	27880	0	0	0	0	0	0	0	0	0	0	0	0	0	0	0	0	0	86	0	0	0	0	0	0	0	0	0	0	0	0	0	0	0	1210	8516	62016	3004	14406	150	6334	3102	29400	9180	0	1514	1120	1726	4692	186	2428	0	238	126	2366	14586	15978	7690	2604	2494	252	
215868	Cerebelum_7b_L	0	0	0	0	0	0	0	0	0	0	0	0	0	0	0	0	0	0	0	0	0	0	0	0	0	0	0	0	0	0	0	0	0	0	0	0	0	0	0	0	0	0	0	0	0	0	0	0	0	0	0	0	0	0	228	0	0	0	0	0	0	0	0	0	0	0	0	0	0	0	0	0	0	0	0	0	0	0	0	0	0	0	0	0	0	0	0	0	168	0	14976	702	29448	2986	0	218	346	536	2474	1514	0	2656	29580	4236	1848	1274	960	248	0	160	124	1338	4714	5438	1380	382	
119392	Cerebelum_7b_R	0	0	0	0	0	0	0	0	0	0	0	0	0	0	0	0	0	0	0	0	0	0	0	0	0	0	0	0	0	0	0	0	0	0	0	0	0	0	0	0	0	0	0	0	0	0	0	554	0	0	0	0	0	0	0	0	0	0	0	0	0	0	0	0	0	0	0	0	0	0	0	0	0	0	0	0	0	0	0	0	0	0	0	0	0	0	0	0	0	0	1704	5886	2816	15860	0	0	0	92	678	1120	2656	0	2656	17338	0	1180	0	92	0	0	0	772	3230	3062	0	0	
258896	Cerebelum_8_L	0	0	0	0	0	0	0	0	0	0	0	0	0	0	0	0	0	0	0	0	0	0	0	0	0	0	0	0	0	0	0	0	0	0	0	0	0	0	0	0	0	0	0	0	0	0	0	0	0	0	0	0	0	0	258	0	0	0	0	0	0	0	0	0	0	0	0	0	0	0	0	0	0	0	0	0	0	0	0	0	0	0	0	0	0	0	0	0	96	0	16460	782	27712	3064	174	300	1030	572	2676	1726	29580	2656	0	5584	12404	2076	3768	246	120	214	180	1806	5362	7390	2432	780	
231784	Cerebelum_8_R	0	0	0	0	0	0	0	0	0	0	0	0	0	0	0	0	0	0	0	0	0	0	0	0	0	0	0	0	0	0	0	0	0	0	0	0	0	0	0	0	0	0	0	0	0	0	0	718	0	0	0	0	0	0	0	130	0	0	0	0	0	0	0	0	0	0	0	0	0	0	0	0	0	0	0	0	0	0	0	0	0	0	0	0	0	0	0	0	0	0	3414	16378	1984	26628	0	600	0	2100	1054	4692	4236	17338	5584	0	170	14104	0	1818	130	0	0	1938	5468	5698	1348	362	
92420	Cerebelum_9_L	0	0	0	0	0	0	0	0	0	0	0	0	0	0	0	0	0	0	0	0	0	0	0	0	0	0	0	0	0	0	0	0	0	0	0	0	0	0	0	0	0	0	0	0	0	0	264	0	0	0	0	0	0	0	252	0	0	0	0	0	0	0	0	0	0	0	0	0	0	0	0	0	0	0	0	0	0	0	0	0	0	0	0	0	0	0	0	0	0	0	944	0	1812	0	1772	94	5146	276	2550	186	1848	0	12404	170	0	1538	4452	0	110	238	1518	3068	2340	1408	1868	1952	
143988	Cerebelum_9_R	0	0	0	0	0	0	0	0	0	0	0	0	0	0	0	0	0	0	0	0	0	0	0	0	0	0	0	0	0	0	0	0	0	0	0	0	0	0	0	0	0	0	0	0	0	0	234	112	0	0	0	0	0	0	112	0	0	0	0	0	0	0	0	0	0	0	0	0	0	0	0	0	0	0	0	0	0	0	0	0	0	0	0	0	0	0	0	0	0	0	2322	1710	1026	1694	368	1402	2178	1320	2262	2428	1274	1180	2076	14104	1538	0	134	2100	650	1146	2140	6268	5206	5800	7208	4002	
23172	Cerebelum_10_L	0	0	0	0	0	0	0	0	0	0	0	0	0	0	0	0	0	0	0	0	0	0	0	0	0	0	0	0	0	0	0	0	0	0	0	0	0	0	0	0	0	0	0	0	0	0	0	0	0	0	0	0	0	0	0	0	0	0	0	0	0	0	0	0	0	0	0	0	0	0	0	0	0	0	0	0	0	0	0	0	0	0	0	0	0	0	0	0	0	0	88	0	560	0	302	0	520	0	84	0	960	0	3768	0	4452	134	0	0	0	0	0	114	148	144	168	144	
12588	Cerebelum_10_R	0	0	0	0	0	0	0	0	0	0	0	0	0	0	0	0	0	0	0	0	0	0	0	0	0	0	0	0	0	0	0	0	0	0	0	0	0	0	0	0	0	0	0	0	0	0	0	0	0	0	0	0	0	0	0	0	0	0	0	0	0	0	0	0	0	0	0	0	0	0	0	0	0	0	0	0	0	0	0	0	0	0	0	0	0	0	0	0	0	0	252	294	88	368	0	102	0	168	0	238	248	92	246	1818	0	2100	0	0	0	0	0	0	280	0	0	0	
22004	Vermis_1_2	0	0	0	0	0	0	0	0	0	0	0	0	0	0	0	0	0	0	0	0	0	0	0	0	0	0	0	0	0	0	0	0	0	0	0	0	0	0	0	0	0	0	0	0	0	0	0	0	0	0	0	0	0	0	0	0	0	0	0	0	0	0	0	0	0	0	0	0	0	0	0	0	0	0	0	0	0	0	0	0	0	0	0	0	0	0	0	0	0	0	136	0	104	0	702	512	948	0	380	126	0	0	120	130	110	650	0	0	0	2984	1266	666	316	514	708	630	
66784	Vermis_3	0	0	0	0	0	0	0	0	0	0	0	0	0	0	0	0	0	0	0	0	0	0	0	0	0	0	0	0	0	0	0	0	0	0	0	0	0	0	0	0	0	0	0	0	0	0	256	162	0	0	0	0	0	0	0	228	0	0	0	0	0	0	0	0	0	0	0	0	0	0	0	0	0	0	0	0	0	0	0	0	0	0	0	0	0	0	0	0	0	0	770	1284	292	206	1460	2952	3130	2126	1748	2366	160	0	214	0	238	1146	0	0	2984	0	4090	2942	988	1032	1598	1020	
276324	Vermis_4_5	0	258	0	0	0	0	0	0	0	0	0	0	0	0	0	0	0	0	0	0	0	0	0	0	0	0	0	0	0	0	0	0	0	0	0	436	0	302	0	162	0	0	0	212	0	0	7074	6878	0	0	176	0	426	114	3910	6218	0	344	0	0	0	0	0	0	0	0	88	1368	0	454	0	0	0	0	0	0	0	0	0	0	0	0	0	0	0	0	0	0	0	158	5300	9708	756	510	1668	2140	18292	16576	12474	14586	124	0	180	0	1518	2140	0	0	1266	4090	0	10436	1192	892	2350	3386	
294852	Vermis_6	0	0	0	0	0	0	0	0	0	0	0	0	0	0	0	0	0	0	0	0	0	0	0	0	0	0	0	0	0	0	0	0	0	0	0	0	0	0	0	0	0	0	0	0	0	0	2036	8202	0	0	0	0	0	0	1392	2754	0	0	0	0	0	0	0	0	0	0	0	0	0	0	0	0	0	0	0	0	0	0	0	0	0	0	0	0	0	0	0	0	0	0	12444	8998	4864	2660	1144	1532	8248	3604	17804	15978	1338	772	1806	1938	3068	6268	114	0	666	2942	10436	0	9568	5112	6698	5040	
201940	Vermis_7	0	0	0	0	0	0	0	0	0	0	0	0	0	0	0	0	0	0	0	0	0	0	0	0	0	0	0	0	0	0	0	0	0	0	0	0	0	0	0	0	0	0	0	0	0	0	0	2020	0	0	0	0	0	0	206	292	0	0	0	0	0	0	0	0	0	0	0	0	0	0	0	0	0	0	0	0	0	0	0	0	0	0	0	0	0	0	0	0	0	0	7912	7072	3628	7794	496	828	2006	1876	5062	7690	4714	3230	5362	5468	2340	5206	148	280	316	988	1192	9568	0	7564	5544	2168	
146376	Vermis_8	0	0	0	0	0	0	0	0	0	0	0	0	0	0	0	0	0	0	0	0	0	0	0	0	0	0	0	0	0	0	0	0	0	0	0	0	0	0	0	0	0	0	0	0	0	0	0	266	0	0	0	0	0	0	0	0	0	0	0	0	0	0	0	0	0	0	0	0	0	0	0	0	0	0	0	0	0	0	0	0	0	0	0	0	0	0	0	0	0	0	3190	1590	3500	3736	160	1100	998	1070	1982	2604	5438	3062	7390	5698	1408	5800	144	0	514	1032	892	5112	7564	0	6606	2332	
