data	data	373212	229180	740004	592484	135428	192952	459356	250156	72200	49368	218668	119568	259732	163824	181808	129304	260772	123380	655900	587644	68372	94700	294344	334176	26164	107168	50580	91948	537660	303392	280460	437504	175812	454688	120756	153476	250948	308372	100388	190376	39920	81124	206936	268096	145716	265648	265960	302380	154084	261040	460656	237556	114768	113676	342152	435732	287476	174524	105640	38268	214484	92128	129312	106720	159364	117428	276632	264696	166532	148720	239020	325648	350232	363944	63916	15144	100372	144544	82400	20616	241260	122300	143144	100432	389840	207484	64528	44768	257024	180868	394824	527420	262792	337676	46676	82148	252112	270464	453528	481816	257916	124720	363260	369248	165404	236172	30240	43568	29764	64836	297252	286136	234532	137904	103480	63332	
data	data	Precentral_L	Precentral_R	Frontal_Sup_L	Frontal_Sup_R	Frontal_Sup_Orb_L	Frontal_Sup_Orb_R	Frontal_Mid_L	Frontal_Mid_R	Frontal_Mid_Orb_L	Frontal_Mid_Orb_R	Frontal_Inf_Oper_L	Frontal_Inf_Oper_R	Frontal_Inf_Tri_L	Frontal_Inf_Tri_R	Frontal_Inf_Orb_L	Frontal_Inf_Orb_R	Rolandic_Oper_L	Rolandic_Oper_R	Supp_Motor_Area_L	Supp_Motor_Area_R	Olfactory_L	Olfactory_R	Frontal_Sup_Medial_L	Frontal_Sup_Medial_R	Frontal_Med_Orb_L	Frontal_Med_Orb_R	Rectus_L	Rectus_R	Insula_L	Insula_R	Cingulum_Ant_L	Cingulum_Ant_R	Cingulum_Mid_L	Cingulum_Mid_R	Cingulum_Post_L	Cingulum_Post_R	Hippocampus_L	Hippocampus_R	ParaHippocampal_L	ParaHippocampal_R	Amygdala_L	Amygdala_R	Calcarine_L	Calcarine_R	Cuneus_L	Cuneus_R	Lingual_L	Lingual_R	Occipital_Sup_L	Occipital_Sup_R	Occipital_Mid_L	Occipital_Mid_R	Occipital_Inf_L	Occipital_Inf_R	Fusiform_L	Fusiform_R	Postcentral_L	Postcentral_R	Parietal_Sup_L	Parietal_Sup_R	Parietal_Inf_L	Parietal_Inf_R	SupraMarginal_L	SupraMarginal_R	Angular_L	Angular_R	Precuneus_L	Precuneus_R	Paracentral_Lobule_L	Paracentral_Lobule_R	Caudate_L	Caudate_R	Putamen_L	Putamen_R	Pallidum_L	Pallidum_R	Thalamus_L	Thalamus_R	Heschl_L	Heschl_R	Temporal_Sup_L	Temporal_Sup_R	Temporal_Pole_Sup_L	Temporal_Pole_Sup_R	Temporal_Mid_L	Temporal_Mid_R	Temporal_Pole_Mid_L	Temporal_Pole_Mid_R	Temporal_Inf_L	Temporal_Inf_R	Cerebelum_Crus1_L	Cerebelum_Crus1_R	Cerebelum_Crus2_L	Cerebelum_Crus2_R	Cerebelum_3_L	Cerebelum_3_R	Cerebelum_4_5_L	Cerebelum_4_5_R	Cerebelum_6_L	Cerebelum_6_R	Cerebelum_7b_L	Cerebelum_7b_R	Cerebelum_8_L	Cerebelum_8_R	Cerebelum_9_L	Cerebelum_9_R	Cerebelum_10_L	Cerebelum_10_R	Vermis_1_2	Vermis_3	Vermis_4_5	Vermis_6	Vermis_7	Vermis_8	Vermis_9	Vermis_10	
373212	Precentral_L	0	2748	13924	1798	0	466	15740	524	0	0	13992	350	2842	274	0	222	11102	238	12682	2006	0	0	0	426	0	82	0	72	6582	544	462	914	596	344	6506	984	6522	226	192	0	0	0	78	0	78	0	332	232	0	0	2302	0	0	0	0	0	24724	0	274	0	5860	0	1346	0	670	0	1124	0	16154	92	2164	2776	2562	1344	818	0	10940	1344	2068	0	2994	0	1392	0	1354	0	0	0	224	0	0	0	0	0	0	0	0	0	0	0	0	0	0	0	0	0	0	0	0	0	0	0	0	0	0	0	
229180	Precentral_R	2748	0	1392	7828	0	0	0	6538	0	0	0	5428	0	264	0	0	364	1638	1642	12016	0	0	0	0	0	0	0	0	382	2368	0	84	136	2476	1338	7220	314	5208	0	116	0	0	0	124	0	154	0	80	0	228	0	328	0	180	0	308	688	14226	0	0	0	428	0	1724	0	226	0	1884	2942	9174	486	4452	712	1572	614	92	1996	11032	110	84	78	512	0	94	0	370	0	0	0	192	0	0	0	0	0	0	0	0	0	0	0	0	0	0	0	0	0	0	0	0	0	0	0	0	0	0	
740004	Frontal_Sup_L	13924	1392	0	4550	8712	258	71062	636	3000	0	14152	550	14286	656	7982	324	12322	664	62152	5532	0	0	35248	1488	572	0	0	0	27212	992	15470	3010	4018	1928	0	0	3444	84	378	0	206	0	0	0	0	0	0	0	0	0	0	0	0	0	0	0	5830	0	0	0	368	0	0	0	0	0	0	0	1252	0	6800	2920	23842	1554	4202	0	314	354	1190	0	2688	0	2356	0	0	0	0	0	128	0	0	0	0	0	0	0	0	0	0	0	0	0	0	0	0	0	0	0	0	0	0	0	0	0	0	0	
592484	Frontal_Sup_R	1798	7828	4550	0	0	12042	1192	34002	0	612	150	2690	128	5840	0	3792	616	2276	14502	49772	0	478	7616	34252	0	2972	0	1084	786	5630	3328	31776	1936	25744	88	652	166	1714	0	282	0	630	0	0	0	0	0	0	0	0	0	0	0	0	0	104	1238	2046	0	0	0	0	114	78	0	0	0	508	270	0	916	10594	1476	10876	1160	244	180	4872	196	180	118	148	0	0	0	0	0	0	0	0	0	0	0	0	0	0	0	0	0	0	0	0	0	0	0	0	0	0	0	0	0	0	0	0	0	0	
135428	Frontal_Sup_Orb_L	0	0	8712	0	0	0	1692	0	11396	0	78	0	528	0	13330	0	0	0	112	0	2164	170	2286	0	2938	0	4834	0	4688	0	3760	190	0	0	0	0	74	0	0	0	132	0	0	0	0	0	0	0	0	0	0	0	0	0	0	0	0	0	0	0	0	0	0	0	0	0	0	0	0	0	2006	142	7192	0	528	0	0	0	0	0	0	0	762	0	0	0	0	0	0	0	0	0	0	0	0	0	0	0	0	0	0	0	0	0	0	0	0	0	0	0	0	0	0	0	0	0	
192952	Frontal_Sup_Orb_R	466	0	258	12042	0	0	470	4812	0	7316	0	80	0	932	0	8612	0	0	222	138	256	3754	686	8716	142	11586	188	10886	0	4390	526	4456	0	0	0	0	0	450	0	384	0	2052	0	0	0	0	0	0	0	0	0	0	0	0	0	0	0	0	0	0	0	0	0	0	0	0	0	0	0	0	344	3890	190	7872	0	0	0	96	0	0	0	0	0	264	0	0	0	0	0	0	0	0	0	0	0	0	0	0	0	0	0	0	0	0	0	0	0	0	0	0	0	0	0	0	0	0	
459356	Frontal_Mid_L	15740	0	71062	1192	1692	470	0	562	3354	0	6834	410	27502	606	6436	478	922	300	12910	792	0	0	17172	856	0	84	0	72	16156	588	11754	2364	4376	998	0	0	466	0	124	0	0	0	0	0	0	0	0	0	0	0	0	0	0	0	0	0	1974	0	0	0	2608	0	0	0	0	0	0	0	166	0	5236	4028	6304	1454	204	0	258	260	138	0	196	0	580	0	0	0	0	0	0	0	0	0	0	0	0	0	0	0	0	0	0	0	0	0	0	0	0	0	0	0	0	0	0	0	0	0	
250156	Frontal_Mid_R	524	6538	636	34002	0	4812	562	0	0	2828	0	4630	86	16834	0	5898	0	186	3214	13088	0	226	678	4074	0	0	0	0	134	3518	494	6030	562	6728	0	206	84	1260	0	240	0	166	0	0	0	0	0	0	0	0	0	0	0	0	0	106	0	410	0	0	0	0	0	0	0	0	0	216	0	0	230	770	120	2894	288	0	270	1360	0	0	0	80	0	0	0	0	0	0	0	96	0	0	0	0	0	0	0	0	0	0	0	0	0	0	0	0	0	0	0	0	0	0	0	0	0	0	
72200	Frontal_Mid_Orb_L	0	0	3000	0	11396	0	3354	0	0	0	0	0	1902	0	13250	0	0	0	0	0	0	0	0	0	98	0	768	0	722	0	578	0	0	0	0	0	0	0	0	0	0	0	0	0	0	0	0	0	0	0	0	0	0	0	0	0	0	0	0	0	0	0	0	0	0	0	0	0	0	0	0	0	802	0	0	0	0	0	0	0	0	0	230	0	0	0	0	0	0	0	0	0	0	0	0	0	0	0	0	0	0	0	0	0	0	0	0	0	0	0	0	0	0	0	0	0	
49368	Frontal_Mid_Orb_R	0	0	0	612	0	7316	0	2828	0	0	0	0	0	858	0	9212	0	0	116	226	0	216	0	92	0	1028	0	932	0	354	0	162	0	246	0	0	0	0	0	0	0	104	0	0	0	0	0	0	0	0	0	0	0	0	0	0	0	0	0	0	0	0	0	0	0	0	0	0	0	0	0	168	0	214	0	0	0	0	0	0	0	0	0	0	0	0	0	0	0	0	0	0	0	0	0	0	0	0	0	0	0	0	0	0	0	0	0	0	0	0	0	0	0	0	0	0	
218668	Frontal_Inf_Oper_L	13992	0	14152	150	78	0	6834	0	0	0	0	0	12702	84	152	0	10214	0	13600	0	0	0	292	0	0	0	0	0	18390	0	398	172	1716	0	0	0	714	0	0	0	0	0	0	0	0	0	0	0	0	0	0	0	0	0	106	0	3468	0	0	0	752	0	0	0	0	0	0	0	0	0	1184	1026	5706	0	140	0	0	0	706	0	1038	0	1164	0	140	0	80	0	184	0	0	0	0	0	0	0	0	0	0	0	0	0	0	0	0	0	0	0	0	0	0	0	0	0	0	0	
119568	Frontal_Inf_Oper_R	350	5428	550	2690	0	80	410	4630	0	0	0	0	0	9074	0	222	0	5220	1396	5450	0	0	0	208	0	0	0	0	0	10400	204	2190	0	1204	0	0	0	1460	0	608	0	0	0	0	0	0	0	0	0	0	0	0	0	0	0	298	0	2228	0	0	0	0	0	0	0	0	0	76	0	0	254	504	148	3668	0	0	0	552	0	0	0	0	0	198	0	0	0	0	0	84	0	0	0	0	0	0	0	0	0	0	0	0	0	0	0	0	0	0	0	0	0	0	0	0	0	0	
259732	Frontal_Inf_Tri_L	2842	0	14286	128	528	0	27502	86	1902	0	12702	0	0	388	12874	258	1036	0	5054	262	0	0	2212	242	0	0	0	0	25126	114	3376	960	3848	472	0	0	124	0	0	0	0	0	0	0	0	0	0	0	0	0	0	0	0	0	0	0	194	0	0	0	0	0	0	0	0	0	0	0	0	0	4868	2194	5370	0	0	0	0	0	0	0	0	0	918	0	0	0	0	0	0	0	0	0	0	0	0	0	0	0	0	0	0	0	0	0	0	0	0	0	0	0	0	0	0	0	0	0	
163824	Frontal_Inf_Tri_R	274	264	656	5840	0	932	606	16834	0	858	84	9074	388	0	0	6236	0	346	1972	5380	0	0	202	1320	0	114	0	0	764	11948	474	4904	268	3858	0	0	0	330	0	258	0	0	0	0	0	0	0	0	0	0	0	0	0	0	0	140	0	98	0	0	0	0	0	0	0	0	0	0	0	0	1190	3682	260	2244	0	0	0	114	0	0	0	0	0	0	0	0	0	0	0	0	0	0	0	0	0	0	0	0	0	0	0	0	0	0	0	0	0	0	0	0	0	0	0	0	0	0	
181808	Frontal_Inf_Orb_L	0	0	7982	0	13330	0	6436	0	13250	0	152	0	12874	0	0	0	0	0	738	0	2678	0	404	132	0	0	1366	0	13874	0	1536	338	630	200	0	0	230	0	98	0	468	0	0	0	0	0	0	0	0	0	0	0	0	0	0	0	0	0	0	0	0	0	0	0	0	0	0	0	0	0	1856	164	7364	0	664	0	0	0	0	0	0	0	4140	0	0	0	0	0	0	0	0	0	0	0	0	0	0	0	0	0	0	0	0	0	0	0	0	0	0	0	0	0	0	0	0	0	
129304	Frontal_Inf_Orb_R	222	0	324	3792	0	8612	478	5898	0	9212	0	222	258	6236	0	0	0	0	774	1928	0	3110	0	374	0	0	0	1810	552	8720	0	452	100	1122	0	0	0	604	0	560	0	2000	0	0	0	0	0	0	0	0	0	0	0	0	0	0	0	0	0	0	0	0	0	0	0	0	0	0	0	0	614	2816	0	2384	0	0	0	92	0	0	0	0	0	1152	0	0	0	234	0	0	0	0	0	0	0	0	0	0	0	0	0	0	0	0	0	0	0	0	0	0	0	0	0	0	0	0	
260772	Rolandic_Oper_L	11102	364	12322	616	0	0	922	0	0	0	10214	0	1036	0	0	0	0	0	11238	0	0	0	0	0	0	0	0	0	19534	0	0	0	262	0	0	0	1146	0	312	0	0	0	0	0	0	0	76	0	118	0	5286	0	208	0	78	0	14106	0	1974	0	2458	0	3810	0	2178	0	1400	0	194	0	206	156	2258	0	880	0	124	0	5200	0	10464	0	3180	0	5588	0	0	0	1376	0	0	0	0	0	0	0	0	0	0	0	0	0	0	0	0	0	0	0	0	0	0	0	0	0	0	0	
123380	Rolandic_Oper_R	238	1638	664	2276	0	0	300	186	0	0	0	5220	0	346	0	0	0	0	1122	7306	0	0	0	0	0	0	0	0	84	10792	0	182	0	146	0	298	0	3162	0	858	0	0	0	0	0	0	0	0	0	80	0	0	0	0	0	352	0	3516	0	0	0	0	0	3476	0	0	0	376	0	0	0	1256	82	8330	0	638	0	650	0	2264	0	3578	0	1798	0	306	0	0	0	170	0	0	0	0	0	0	0	0	0	0	0	0	0	0	0	0	0	0	0	0	0	0	0	0	0	0	
655900	Supp_Motor_Area_L	12682	1642	62152	14502	112	222	12910	3214	0	116	13600	1396	5054	1972	738	774	11238	1122	0	36952	0	0	6644	8656	0	0	0	0	19258	1544	4282	9456	10358	25004	1928	0	3774	170	206	72	200	0	0	0	0	0	0	0	0	0	0	0	0	0	0	0	6264	0	0	0	308	0	0	0	0	0	214	0	11744	290	4886	4536	14188	2134	2846	0	3436	508	1276	0	1990	0	1380	0	0	0	0	0	0	0	0	0	0	0	0	0	0	0	0	0	0	0	0	0	0	0	0	0	0	0	0	0	0	0	0	0	
587644	Supp_Motor_Area_R	2006	12016	5532	49772	0	138	792	13088	0	226	0	5450	262	5380	0	1928	0	7306	36952	0	0	0	3242	12402	0	0	0	0	702	5706	2970	16514	5856	47044	244	6790	280	1608	0	630	0	0	0	110	0	224	0	0	0	224	0	198	0	128	0	452	0	3250	0	0	0	0	0	292	0	84	0	2016	5556	9986	1358	12040	792	6350	526	366	220	3924	0	322	0	290	0	112	0	166	0	0	0	0	0	0	0	0	0	0	0	0	0	0	0	0	0	0	0	0	0	0	0	0	0	0	0	0	0	0	
68372	Olfactory_L	0	0	0	0	2164	256	0	0	0	0	0	0	0	0	2678	0	0	0	0	0	0	4122	0	0	394	0	2814	1002	4246	0	1654	1216	0	0	0	0	620	0	734	0	1274	0	0	0	0	0	0	0	0	0	0	0	0	0	0	0	0	0	0	0	0	0	0	0	0	0	0	0	0	0	5280	2654	1504	310	0	0	0	226	0	0	0	0	1038	0	0	0	0	0	0	0	0	0	0	0	0	0	0	0	0	0	0	0	0	0	0	0	0	0	0	0	0	0	0	0	0	0	
94700	Olfactory_R	0	0	0	478	170	3754	0	226	0	216	0	0	0	0	0	3110	0	0	0	0	4122	0	0	134	132	318	1518	4940	0	3330	956	1156	0	0	0	0	0	160	0	470	0	2750	0	0	0	0	0	0	0	0	0	0	0	0	0	0	0	0	0	0	0	0	0	0	0	0	0	0	0	0	6444	7410	2360	1782	212	0	0	624	0	0	0	0	0	578	0	0	0	0	0	0	0	0	0	0	0	0	0	0	0	0	0	0	0	0	0	0	0	0	0	0	0	0	0	0	0	0	
294344	Frontal_Sup_Medial_L	0	0	35248	7616	2286	686	17172	678	0	0	292	0	2212	202	404	0	0	0	6644	3242	0	0	0	15648	1520	1126	118	0	1600	82	20920	11402	5588	8568	0	0	0	0	0	0	0	0	0	0	0	0	0	0	0	0	0	0	0	0	0	0	0	0	0	0	0	0	0	0	0	0	0	0	0	0	998	182	2554	184	0	0	0	0	0	0	0	0	0	0	0	0	0	0	0	0	0	0	0	0	0	0	0	0	0	0	0	0	0	0	0	0	0	0	0	0	0	0	0	0	0	0	
334176	Frontal_Sup_Medial_R	426	0	1488	34252	0	8716	856	4074	0	92	0	208	242	1320	132	374	0	0	8656	12402	0	134	15648	0	294	9414	0	1522	104	1588	4868	26774	1592	18808	0	0	0	122	0	0	0	0	0	0	0	0	0	0	0	0	0	0	0	0	0	0	0	0	0	0	0	0	0	0	0	0	0	0	0	0	264	4480	186	7948	0	104	0	0	0	0	0	0	0	0	0	0	0	0	0	0	0	0	0	0	0	0	0	0	0	0	0	0	0	0	0	0	0	0	0	0	0	0	0	0	0	0	
26164	Frontal_Med_Orb_L	0	0	572	0	2938	142	0	0	98	0	0	0	0	0	0	0	0	0	0	0	394	132	1520	294	0	1286	1460	134	0	0	2744	332	0	0	0	0	0	0	0	0	0	0	0	0	0	0	0	0	0	0	0	0	0	0	0	0	0	0	0	0	0	0	0	0	0	0	0	0	0	0	380	132	524	0	0	0	0	0	0	0	0	0	0	0	0	0	0	0	0	0	0	0	0	0	0	0	0	0	0	0	0	0	0	0	0	0	0	0	0	0	0	0	0	0	0	0	
107168	Frontal_Med_Orb_R	82	0	0	2972	0	11586	84	0	0	1028	0	0	0	114	0	0	0	0	0	0	0	318	1126	9414	1286	0	204	7352	0	156	1448	6356	0	0	0	0	0	0	0	0	0	0	0	0	0	0	0	0	0	0	0	0	0	0	0	0	0	0	0	0	0	0	0	0	0	0	0	0	0	0	0	3988	0	5962	0	108	0	0	0	0	0	0	0	0	0	0	0	0	0	0	0	0	0	0	0	0	0	0	0	0	0	0	0	0	0	0	0	0	0	0	0	0	0	0	0	0	
50580	Rectus_L	0	0	0	0	4834	188	0	0	768	0	0	0	0	0	1366	0	0	0	0	0	2814	1518	118	0	1460	204	0	696	366	0	3506	1280	0	0	0	0	0	0	0	0	0	0	0	0	0	0	0	0	0	0	0	0	0	0	0	0	0	0	0	0	0	0	0	0	0	0	0	0	0	0	3436	942	1460	334	0	0	0	0	0	0	0	0	0	0	0	0	0	0	0	0	0	0	0	0	0	0	0	0	0	0	0	0	0	0	0	0	0	0	0	0	0	0	0	0	0	0	
91948	Rectus_R	72	0	0	1084	0	10886	72	0	0	932	0	0	0	0	0	1810	0	0	0	0	1002	4940	0	1522	134	7352	696	0	0	802	652	2454	0	0	0	0	0	0	0	0	0	844	0	0	0	0	0	0	0	0	0	0	0	0	0	0	0	0	0	0	0	0	0	0	0	0	0	0	0	0	1798	4640	978	2980	106	0	0	100	0	0	0	0	0	118	0	0	0	0	0	0	0	0	0	0	0	0	0	0	0	0	0	0	0	0	0	0	0	0	0	0	0	0	0	0	0	0	
537660	Insula_L	6582	382	27212	786	4688	0	16156	134	722	0	18390	0	25126	764	13874	552	19534	84	19258	702	4246	0	1600	104	0	0	366	0	0	186	2880	826	2590	190	202	0	11312	0	1072	0	3770	0	0	0	0	0	0	0	0	0	462	0	0	0	1848	0	8254	0	100	0	2354	0	3480	0	842	0	264	0	0	0	9756	4300	22942	200	1418	0	148	234	8878	0	7632	0	5776	0	2138	0	1050	0	2464	0	0	0	0	0	0	0	0	0	0	0	0	0	0	0	0	0	0	0	0	0	0	0	0	0	0	0	
303392	Insula_R	544	2368	992	5630	0	4390	588	3518	0	354	0	10400	114	11948	0	8720	0	10792	1544	5706	0	3330	82	1588	0	156	0	802	186	0	228	3134	0	632	0	820	122	13118	0	5334	0	3408	0	0	0	0	0	112	0	0	0	0	0	130	0	4042	0	1542	0	0	0	0	0	174	0	92	0	686	0	0	596	2932	256	23002	0	166	0	1638	0	942	0	5498	0	3486	0	1840	0	376	0	2056	0	216	0	0	0	0	0	700	0	400	0	0	0	0	0	94	0	0	0	0	0	90	82	0	0	0	
280460	Cingulum_Ant_L	462	0	15470	3328	3760	526	11754	494	578	0	398	204	3376	474	1536	0	0	0	4282	2970	1654	956	20920	4868	2744	1448	3506	652	2880	228	0	19746	8016	5378	0	0	98	0	0	0	0	0	0	0	0	0	0	0	0	0	0	0	0	0	0	0	150	0	0	0	542	0	0	0	0	0	0	0	0	0	7068	1982	6414	1258	110	0	0	0	0	0	0	0	0	0	0	0	0	0	0	0	0	0	0	0	0	0	0	0	0	0	0	0	0	0	0	0	0	0	0	0	0	0	0	0	0	0	
437504	Cingulum_Ant_R	914	84	3010	31776	190	4456	2364	6030	0	162	172	2190	960	4904	338	452	0	182	9456	16514	1216	1156	11402	26774	332	6356	1280	2454	826	3134	19746	0	5122	24906	0	0	0	268	0	176	0	0	0	0	0	0	0	0	0	0	0	0	0	0	0	76	0	0	0	0	210	0	0	0	0	0	0	0	0	0	3214	11848	1424	12464	0	134	0	80	0	0	0	0	0	0	0	0	0	0	0	0	0	0	0	0	0	0	0	0	0	0	0	0	0	0	0	0	0	0	0	0	0	0	0	0	0	0	
175812	Cingulum_Mid_L	596	136	4018	1936	0	0	4376	562	0	0	1716	0	3848	268	630	100	262	0	10358	5856	0	0	5588	1592	0	0	0	0	2590	0	8016	5122	0	13490	3918	510	0	0	0	0	0	0	0	0	0	354	0	0	666	278	892	0	0	0	0	0	508	124	110	0	180	0	0	0	0	0	2538	1844	3224	962	224	0	514	0	0	0	0	0	0	0	0	0	0	0	0	0	0	0	0	0	0	0	0	0	0	0	0	0	0	0	0	0	0	0	0	0	0	0	0	0	0	0	0	0	0	0	
454688	Cingulum_Mid_R	344	2476	1928	25744	0	0	998	6728	0	246	0	1204	472	3858	200	1122	0	146	25004	47044	0	0	8568	18808	0	0	0	0	190	632	5378	24906	13490	0	960	7844	0	214	0	120	0	0	0	362	0	1228	0	282	0	930	0	404	0	0	0	106	0	3718	0	0	0	0	0	0	0	0	320	6850	3008	9458	100	728	140	518	0	0	0	302	0	0	0	74	0	0	0	84	0	0	0	0	0	0	0	0	0	0	0	0	0	0	0	0	0	0	0	0	0	0	0	0	108	0	0	0	0	0	
120756	Cingulum_Post_L	6506	1338	0	88	0	0	0	0	0	0	0	0	0	0	0	0	0	0	1928	244	0	0	0	0	0	0	0	0	202	0	0	0	3918	960	0	4470	4888	468	2726	0	0	0	2764	0	1612	0	1462	0	908	0	1650	0	0	0	362	0	984	0	126	0	202	0	0	0	0	0	8326	628	7938	196	0	0	128	0	0	0	2948	1652	136	0	182	0	0	0	438	0	0	0	0	0	0	0	0	0	0	0	0	0	0	0	0	0	0	0	0	0	0	0	0	0	0	0	0	0	0	0	
153476	Cingulum_Post_R	984	7220	0	652	0	0	0	206	0	0	0	0	0	0	0	0	0	298	0	6790	0	0	0	0	0	0	0	0	0	820	0	0	510	7844	4470	0	246	5736	0	742	0	0	0	712	0	434	0	1650	0	158	0	462	0	166	0	182	0	2824	0	0	0	0	0	0	0	102	280	9988	542	8166	110	606	0	1090	0	0	4550	7138	0	0	0	360	0	0	0	224	0	0	0	0	0	0	0	0	0	0	0	160	0	0	0	0	0	0	0	0	0	0	0	0	316	0	0	0	0	0	
250948	Hippocampus_L	6522	314	3444	166	74	0	466	84	0	0	714	0	124	0	230	0	1146	0	3774	280	620	0	0	0	0	0	0	0	11312	122	98	0	0	0	4888	246	0	658	12928	190	6366	0	2636	0	118	0	2650	528	0	0	646	0	212	0	10984	0	1148	0	0	0	0	0	0	0	86	0	5172	0	1216	0	136	0	10972	112	1500	0	2118	672	4602	0	5852	0	2346	0	5200	0	1408	0	10042	0	88	0	0	0	90	0	0	0	88	0	0	0	0	0	0	0	0	0	0	86	0	0	0	0	0	0	
308372	Hippocampus_R	226	5208	84	1714	0	450	0	1260	0	0	0	1460	0	330	0	604	0	3162	170	1608	0	160	0	122	0	0	0	0	0	13118	0	268	0	214	468	5736	658	0	184	26496	0	10706	0	696	0	202	136	3520	0	328	0	0	0	732	0	18122	0	840	0	0	0	0	0	100	0	0	0	5752	0	180	0	136	86	15984	0	1084	634	6170	0	736	0	4252	0	764	0	4272	0	274	0	8846	0	588	0	98	0	112	0	2156	0	1130	0	0	0	100	170	288	0	0	0	88	226	284	320	140	234	0	
100388	ParaHippocampal_L	192	0	378	0	0	0	124	0	0	0	0	0	0	0	98	0	312	0	206	0	734	0	0	0	0	0	0	0	1072	0	0	0	0	0	2726	0	12928	184	0	0	2928	0	2396	0	110	0	3514	324	0	0	932	0	1754	0	6068	0	254	0	0	0	96	0	0	0	0	0	3486	0	0	0	422	0	2046	0	148	0	0	78	498	0	192	0	732	0	1714	0	524	0	1264	0	124	0	0	0	642	0	376	0	186	0	0	0	96	0	0	0	0	0	96	240	0	0	0	0	0	0	
190376	ParaHippocampal_R	0	116	0	282	0	384	0	240	0	0	0	608	0	258	0	560	0	858	72	630	0	470	0	0	0	0	0	0	0	5334	0	176	0	120	0	742	190	26496	0	0	0	7526	0	268	0	0	0	3812	0	84	0	0	0	868	0	16796	0	132	0	0	0	0	0	0	0	0	0	954	0	0	0	78	0	8178	0	964	0	860	0	78	0	1226	0	1520	0	690	0	908	0	3766	0	876	0	156	0	174	0	3564	74	1458	0	0	0	166	276	468	0	0	0	0	116	474	528	234	380	0	
39920	Amygdala_L	0	0	206	0	132	0	0	0	0	0	0	0	0	0	468	0	0	0	200	0	1274	0	0	0	0	0	0	0	3770	0	0	0	0	0	0	0	6366	0	2928	0	0	0	0	0	0	0	0	0	0	0	0	0	0	0	2590	0	0	0	0	0	0	0	0	0	0	0	0	0	0	0	80	0	848	0	0	0	0	0	0	0	0	0	584	0	0	0	250	0	264	0	0	0	0	0	0	0	0	0	0	0	0	0	0	0	0	0	0	0	0	0	0	0	0	0	0	0	
81124	Amygdala_R	0	0	0	630	0	2052	0	166	0	104	0	0	0	0	0	2000	0	0	0	0	0	2750	0	0	0	0	0	844	0	3408	0	0	0	0	0	0	0	10706	0	7526	0	0	0	0	0	0	0	0	0	0	0	0	0	0	0	5594	0	0	0	0	0	0	0	0	0	0	0	0	0	0	0	408	0	1204	0	0	0	0	0	0	0	0	0	1746	0	0	0	560	0	756	0	0	0	0	0	0	0	108	0	0	0	0	0	0	0	0	0	0	0	0	0	0	0	0	0	0	
206936	Calcarine_L	78	0	0	0	0	0	0	0	0	0	0	0	0	0	0	0	0	0	0	0	0	0	0	0	0	0	0	0	0	0	0	0	0	0	2764	0	2636	0	2396	0	0	0	0	5482	13754	5374	16362	1350	12144	572	23392	168	1328	0	702	142	374	0	0	0	0	0	0	0	94	0	11514	182	146	0	0	0	0	0	0	0	0	0	0	0	0	0	0	0	1202	0	0	0	0	0	88	0	0	0	0	0	492	0	266	0	0	0	0	0	0	0	0	0	0	0	466	0	0	0	0	0	
268096	Calcarine_R	0	124	0	0	0	0	0	0	0	0	0	0	0	0	0	0	0	0	0	110	0	0	0	0	0	0	0	0	0	0	0	0	0	362	0	712	0	696	0	268	0	0	5482	0	3068	26040	536	18810	348	20520	72	16670	0	7410	0	8836	0	768	0	0	0	84	0	176	0	236	2090	12176	0	1452	0	0	0	0	0	0	0	0	0	0	0	92	0	0	0	4508	0	0	0	640	0	148	0	0	0	0	0	620	0	338	0	0	0	0	0	0	0	0	0	0	656	0	0	0	0	0	
145716	Cuneus_L	78	0	0	0	0	0	0	0	0	0	0	0	0	0	0	0	0	0	0	0	0	0	0	0	0	0	0	0	0	0	0	0	0	0	1612	0	118	0	110	0	0	0	13754	3068	0	7398	4676	80	12902	350	12538	276	174	0	112	0	1168	0	192	0	0	0	0	0	282	0	11824	466	254	0	0	0	0	0	0	0	0	0	0	0	0	0	0	0	1354	0	0	0	72	0	0	0	0	0	0	0	0	0	0	0	0	0	0	0	0	0	0	0	0	0	0	0	0	0	0	0	
265648	Cuneus_R	0	154	0	0	0	0	0	0	0	0	0	0	0	0	0	0	0	0	0	224	0	0	0	0	0	0	0	0	0	0	0	0	354	1228	0	434	0	202	0	0	0	0	5374	26040	7398	0	88	5616	950	35398	0	13920	0	1386	0	1526	0	1832	0	2358	0	620	0	258	0	758	4032	17132	0	2432	0	0	0	0	0	0	0	0	0	0	0	306	0	0	0	2296	0	0	0	160	0	0	0	0	0	0	0	0	0	86	0	0	0	0	0	0	0	0	0	0	262	0	0	0	0	0	
265960	Lingual_L	332	0	0	0	0	0	0	0	0	0	0	0	0	0	0	0	76	0	0	0	0	0	0	0	0	0	0	0	0	0	0	0	0	0	1462	0	2650	136	3514	0	0	0	16362	536	4676	88	0	2412	3840	0	22184	0	10706	0	12934	92	280	0	0	0	76	0	0	0	82	0	5764	0	102	0	0	0	114	0	0	0	360	0	314	0	96	0	0	0	2036	0	0	0	84	0	5898	76	918	0	754	0	9128	198	14830	148	766	0	1948	0	642	0	196	0	0	186	4538	1446	0	0	0	0	
302380	Lingual_R	232	80	0	0	0	0	0	0	0	0	0	0	0	0	0	0	0	0	0	0	0	0	0	0	0	0	0	0	0	112	0	0	0	282	0	1650	528	3520	324	3812	0	0	1350	18810	80	5616	2412	0	0	6098	0	5262	0	7912	758	23750	0	482	0	0	0	0	0	0	0	0	350	6004	0	500	0	0	80	122	0	0	320	244	0	100	0	0	0	0	0	938	0	0	0	2414	1754	4924	258	122	672	424	2258	9206	5810	8882	350	0	730	0	678	230	0	0	0	368	11726	8068	324	0	86	178	
154084	Occipital_Sup_L	0	0	0	0	0	0	0	0	0	0	0	0	0	0	0	0	118	0	0	0	0	0	0	0	0	0	0	0	0	0	0	0	666	0	908	0	0	0	0	0	0	0	12144	348	12902	950	3840	0	0	0	25442	0	206	0	106	0	1320	0	4550	0	470	0	0	0	282	0	11206	172	896	0	0	0	0	0	0	0	0	0	0	0	0	0	0	0	516	0	0	0	0	0	0	0	0	0	0	0	0	0	0	0	0	0	0	0	0	0	0	0	0	0	0	0	0	0	0	0	
261040	Occipital_Sup_R	0	228	0	0	0	0	0	0	0	0	0	0	0	0	0	0	0	80	0	224	0	0	0	0	0	0	0	0	0	0	0	0	278	930	0	158	0	328	0	84	0	0	572	20520	350	35398	0	6098	0	0	0	23234	0	1992	0	1816	0	3196	0	3944	0	2932	0	438	0	4102	2294	15076	0	2958	0	0	0	0	0	0	0	0	0	0	0	770	0	0	0	2104	0	0	0	230	0	0	0	0	0	0	0	0	0	86	0	0	0	0	0	0	0	0	0	0	100	0	0	0	0	0	
460656	Occipital_Mid_L	2302	0	0	0	0	0	0	0	0	0	0	0	0	0	0	0	5286	0	0	0	0	0	0	0	0	0	0	0	462	0	0	0	892	0	1650	0	646	0	932	0	0	0	23392	72	12538	0	22184	0	25442	0	0	0	16772	0	7984	0	6884	0	11232	0	11082	0	1568	0	21566	0	21878	142	3692	0	0	0	0	0	0	0	0	0	1160	0	3548	0	0	0	22594	0	0	0	4036	0	122	0	0	0	0	0	0	0	270	0	0	0	0	0	0	0	0	0	0	0	0	0	0	0	0	0	
237556	Occipital_Mid_R	0	328	0	0	0	0	0	0	0	0	0	0	0	0	0	0	0	0	0	198	0	0	0	0	0	0	0	0	0	0	0	0	0	404	0	462	0	0	0	0	0	0	168	16670	276	13920	0	5262	0	23234	0	0	0	6104	0	3056	0	2024	0	1086	0	6222	0	1004	0	16712	634	4958	0	2344	0	0	0	0	0	0	0	0	0	0	0	568	0	0	0	12020	0	0	0	528	0	0	0	0	0	0	0	132	0	156	0	0	0	0	0	0	0	0	0	0	226	82	0	0	0	0	
114768	Occipital_Inf_L	0	0	0	0	0	0	0	0	0	0	0	0	0	0	0	0	208	0	0	0	0	0	0	0	0	0	0	0	0	0	0	0	0	0	0	0	212	0	1754	0	0	0	1328	0	174	0	10706	0	206	0	16772	0	0	0	15174	0	0	0	0	0	106	0	0	0	250	0	232	0	0	0	0	0	0	0	0	0	0	0	204	0	238	0	0	0	3326	0	0	0	4778	0	610	0	0	0	0	0	282	0	752	0	0	0	0	0	0	0	0	0	0	0	72	0	0	0	0	0	
113676	Occipital_Inf_R	0	180	0	0	0	0	0	0	0	0	0	0	0	0	0	0	0	0	0	128	0	0	0	0	0	0	0	0	0	130	0	0	0	0	0	166	0	732	0	868	0	0	0	7410	0	1386	0	7912	0	1992	0	6104	0	0	0	16402	0	86	0	0	0	0	0	0	0	112	0	1554	0	238	0	0	0	0	0	0	0	0	0	0	0	120	0	0	0	2778	0	0	0	4300	0	556	0	0	0	0	0	872	94	1654	0	0	0	0	0	0	0	0	0	0	902	162	0	0	0	0	
342152	Fusiform_L	0	0	0	0	0	0	0	0	0	0	106	0	0	0	0	0	78	0	0	0	0	0	0	0	0	0	0	0	1848	0	0	0	0	0	362	0	10984	0	6068	0	2590	0	702	0	112	0	12934	758	106	0	7984	0	15174	0	0	0	0	0	0	0	0	0	0	0	0	0	628	0	0	0	0	0	1112	0	0	0	0	0	166	0	1624	0	3340	0	3834	0	2820	0	14372	0	23744	0	2828	0	680	0	14156	0	33648	102	1616	0	3292	0	476	0	184	0	0	0	1554	1094	0	0	0	0	
435732	Fusiform_R	0	308	0	104	0	0	0	106	0	0	0	298	0	140	0	0	0	352	0	452	0	0	0	0	0	0	0	0	0	4042	0	76	0	106	0	182	0	18122	0	16796	0	5594	142	8836	0	1526	92	23750	0	1816	0	3056	0	16402	0	0	0	152	0	0	0	76	0	112	0	130	0	1784	0	330	0	0	0	4330	0	528	0	312	0	142	0	1688	0	7558	0	5990	0	3324	0	21358	620	14960	76	666	0	914	86	13094	1660	22056	192	198	346	850	310	894	0	0	0	190	5616	3212	984	214	444	172	
287476	Postcentral_L	24724	688	5830	1238	0	0	1974	0	0	0	3468	0	194	0	0	0	14106	0	6264	0	0	0	0	0	0	0	0	0	8254	0	150	0	508	0	984	0	1148	0	254	0	0	0	374	0	1168	0	280	0	1320	0	6884	0	0	0	0	0	0	0	5008	0	19922	0	12082	0	1560	0	7526	0	5258	0	212	114	1322	0	534	0	196	0	3430	0	4532	0	1552	0	556	0	0	0	124	0	0	0	0	0	0	0	0	0	0	0	0	0	0	0	0	0	0	0	0	0	0	0	0	0	0	0	
174524	Postcentral_R	0	14226	0	2046	0	0	0	410	0	0	0	2228	0	98	0	0	0	3516	0	3250	0	0	0	0	0	0	0	0	0	1542	0	0	124	3718	0	2824	0	840	0	132	0	0	0	768	0	1832	0	482	0	3196	0	2024	0	86	0	152	0	0	0	2410	0	4428	0	11150	0	892	0	9490	0	11502	0	328	0	1764	0	106	0	590	0	160	0	398	0	86	0	262	0	0	0	0	0	0	0	0	0	0	0	0	0	0	0	0	0	0	0	0	0	0	0	0	202	0	0	0	0	0	
105640	Parietal_Sup_L	274	0	0	0	0	0	0	0	0	0	0	0	0	0	0	0	1974	0	0	0	0	0	0	0	0	0	0	0	100	0	0	0	110	0	126	0	0	0	0	0	0	0	0	0	192	0	0	0	4550	0	11232	0	0	0	0	0	5008	0	0	0	7970	0	0	0	3634	0	13604	126	1440	0	0	0	0	0	0	0	0	0	0	0	976	0	0	0	1276	0	0	0	228	0	0	0	0	0	0	0	0	0	0	0	0	0	0	0	0	0	0	0	0	0	0	0	0	0	0	0	
38268	Parietal_Sup_R	0	0	0	0	0	0	0	0	0	0	0	0	0	0	0	0	0	0	0	0	0	0	0	0	0	0	0	0	0	0	0	0	0	0	0	0	0	0	0	0	0	0	0	0	0	2358	0	0	0	3944	0	1086	0	0	0	0	0	2410	0	0	0	1806	0	586	0	1484	384	4636	0	352	0	0	0	0	0	0	0	0	0	0	0	88	0	0	0	0	0	0	0	0	0	0	0	0	0	0	0	0	0	0	0	0	0	0	0	0	0	0	0	0	0	0	0	0	0	0	
214484	Parietal_Inf_L	5860	0	368	0	0	0	2608	0	0	0	752	0	0	0	0	0	2458	0	308	0	0	0	0	0	0	0	0	0	2354	0	542	210	180	0	202	0	0	0	96	0	0	0	0	0	0	0	76	0	470	0	11082	0	106	0	0	0	19922	0	7970	0	0	0	15458	0	15336	0	5012	0	1520	0	94	124	0	74	0	0	0	0	228	0	2284	0	0	0	8592	0	0	0	2956	0	0	0	0	0	0	0	0	0	0	0	0	0	0	0	0	0	0	0	0	0	0	0	0	0	0	0	
92128	Parietal_Inf_R	0	428	0	0	0	0	0	0	0	0	0	0	0	0	0	0	0	0	0	0	0	0	0	0	0	0	0	0	0	0	0	0	0	0	0	0	0	0	0	0	0	0	0	84	0	620	0	0	0	2932	0	6222	0	0	0	76	0	4428	0	1806	0	0	0	9874	0	15886	0	1400	0	294	0	0	0	0	0	0	0	0	0	0	0	388	0	0	0	1500	0	0	0	126	0	0	0	0	0	0	0	0	0	0	0	0	0	0	0	0	0	0	0	0	0	0	0	0	0	0	
129312	SupraMarginal_L	1346	0	0	114	0	0	0	0	0	0	0	0	0	0	0	0	3810	0	0	0	0	0	0	0	0	0	0	0	3480	0	0	0	0	0	0	0	0	0	0	0	0	0	0	0	0	0	0	0	0	0	1568	0	0	0	0	0	12082	0	0	0	15458	0	0	0	7836	0	0	0	0	0	0	0	0	0	0	0	0	0	258	0	6012	0	0	0	9998	0	0	0	2694	0	0	0	0	0	0	0	0	0	0	0	0	0	0	0	0	0	0	0	0	0	0	0	0	0	0	0	
106720	SupraMarginal_R	0	1724	0	78	0	0	0	0	0	0	0	0	0	0	0	0	0	3476	0	292	0	0	0	0	0	0	0	0	0	174	0	0	0	0	0	0	0	100	0	0	0	0	0	176	0	258	0	0	0	438	0	1004	0	0	0	112	0	11150	0	586	0	9874	0	0	0	7390	0	564	0	340	0	0	0	0	0	0	0	0	0	612	0	3592	0	0	0	7692	0	0	0	3728	0	0	0	0	0	0	0	0	0	0	0	0	0	0	0	0	0	0	0	0	0	0	0	0	0	0	
159364	Angular_L	670	0	0	0	0	0	0	0	0	0	0	0	0	0	0	0	2178	0	0	0	0	0	0	0	0	0	0	0	842	0	0	0	0	0	0	0	86	0	0	0	0	0	94	0	282	0	82	0	282	0	21566	0	250	0	0	0	1560	0	3634	0	15336	0	7836	0	0	0	1896	0	148	0	0	0	0	0	0	0	0	0	284	0	3102	0	0	0	13490	0	0	0	6064	0	0	0	0	0	0	0	0	0	0	0	0	0	0	0	0	0	0	0	0	0	0	0	0	0	0	0	
117428	Angular_R	0	226	0	0	0	0	0	0	0	0	0	0	0	0	0	0	0	0	0	84	0	0	0	0	0	0	0	0	0	92	0	0	0	0	0	102	0	0	0	0	0	0	0	236	0	758	0	0	0	4102	0	16712	0	112	0	130	0	892	0	1484	0	15886	0	7390	0	0	0	1364	0	650	0	0	0	0	0	0	0	0	0	0	0	1988	0	0	0	6084	0	0	0	422	0	0	0	0	0	0	0	0	0	0	0	0	0	0	0	0	0	0	0	0	0	0	0	0	0	0	
276632	Precuneus_L	1124	0	0	0	0	0	0	0	0	0	0	0	0	0	0	0	1400	0	214	0	0	0	0	0	0	0	0	0	264	0	0	0	2538	320	8326	280	5172	0	3486	0	0	0	11514	2090	11824	4032	5764	350	11206	2294	21878	634	232	0	628	0	7526	0	13604	384	5012	0	0	0	1896	0	0	4866	4626	140	0	0	132	0	0	0	366	0	192	0	916	0	0	0	2716	0	0	0	370	0	0	0	0	0	0	0	0	0	0	0	0	0	0	0	0	0	0	0	0	0	0	0	0	0	0	0	
264696	Precuneus_R	0	1884	0	508	0	0	0	216	0	0	0	76	0	0	0	0	0	376	0	2016	0	0	0	0	0	0	0	0	0	686	0	0	1844	6850	628	9988	0	5752	0	954	0	0	182	12176	466	17132	0	6004	172	15076	142	4958	0	1554	0	1784	0	9490	126	4636	0	1400	0	564	0	1364	4866	0	72	10538	0	0	0	1014	0	0	0	1608	0	116	0	806	0	0	0	2084	0	0	0	280	0	0	0	0	0	0	0	396	0	72	0	0	0	0	0	0	0	0	0	0	1492	0	0	0	0	0	
166532	Paracentral_Lobule_L	16154	2942	1252	270	0	0	166	0	0	0	0	0	0	0	0	0	194	0	11744	5556	0	0	0	0	0	0	0	0	0	0	0	0	3224	3008	7938	542	1216	0	0	0	0	0	146	0	254	0	102	0	896	0	3692	0	0	0	0	0	5258	0	1440	0	1520	0	0	0	148	0	4626	72	0	616	1156	484	956	0	1056	0	5570	430	0	0	72	0	0	0	494	0	0	0	72	0	0	0	0	0	0	0	0	0	0	0	0	0	0	0	0	0	0	0	0	0	0	0	0	0	0	0	
148720	Paracentral_Lobule_R	92	9174	0	0	0	0	0	0	0	0	0	0	0	0	0	0	0	0	290	9986	0	0	0	0	0	0	0	0	0	0	0	0	962	9458	196	8166	0	180	0	0	0	0	0	1452	0	2432	0	500	0	2958	0	2344	0	238	0	330	0	11502	0	352	0	294	0	340	0	650	140	10538	616	0	0	0	0	0	0	0	0	0	0	0	0	272	0	0	0	546	0	0	0	150	0	0	0	0	0	0	0	0	0	0	0	0	0	0	0	0	0	0	0	0	202	0	0	0	0	0	
239020	Caudate_L	2164	486	6800	916	2006	344	5236	230	0	0	1184	254	4868	1190	1856	614	206	0	4886	1358	5280	6444	998	264	380	0	3436	1798	9756	596	7068	3214	224	100	0	110	136	0	422	0	80	0	0	0	0	0	0	0	0	0	0	0	0	0	0	0	212	0	0	0	94	0	0	0	0	0	0	0	1156	0	0	14076	17296	3192	2400	0	5302	878	0	0	0	0	0	0	0	0	0	0	0	0	0	0	0	0	0	0	0	0	0	0	0	0	0	0	0	0	0	0	0	0	0	0	0	0	0	0	
325648	Caudate_R	2776	4452	2920	10594	142	3890	4028	770	0	168	1026	504	2194	3682	164	2816	156	1256	4536	12040	2654	7410	182	4480	132	3988	942	4640	4300	2932	1982	11848	0	728	0	606	0	136	0	78	0	408	0	0	0	0	0	0	0	0	0	0	0	0	0	0	114	328	0	0	124	0	0	0	0	0	0	0	484	0	14076	0	3424	22782	312	878	666	14076	0	0	0	0	0	0	0	0	0	0	0	0	0	0	0	0	0	0	0	0	0	0	0	0	0	0	0	0	0	0	0	0	0	0	0	0	0	0	
350232	Putamen_L	2562	712	23842	1476	7192	190	6304	120	802	0	5706	148	5370	260	7364	0	2258	82	14188	792	1504	2360	2554	186	524	0	1460	978	22942	256	6414	1424	514	140	128	0	10972	86	2046	0	848	0	0	0	0	0	114	80	0	0	0	0	0	0	1112	0	1322	0	0	0	0	0	0	0	0	0	132	0	956	0	17296	3424	0	1340	8600	0	1996	292	226	0	934	0	1020	0	298	0	164	0	1106	0	0	0	0	0	0	0	0	0	0	0	0	0	0	0	0	0	0	0	0	0	0	0	0	0	0	0	
363944	Putamen_R	1344	1572	1554	10876	0	7872	1454	2894	0	214	0	3668	0	2244	0	2384	0	8330	2134	6350	310	1782	184	7948	0	5962	334	2980	200	23002	1258	12464	0	518	0	1090	112	15984	0	8178	0	1204	0	0	0	0	0	122	0	0	0	0	0	0	0	4330	0	1764	0	0	74	0	0	0	0	0	0	1014	0	0	3192	22782	1340	0	138	1736	202	2640	0	750	0	2088	0	964	0	198	0	0	0	740	0	160	0	0	0	0	0	690	0	412	0	0	0	0	0	80	0	0	0	0	0	74	82	0	0	0	
63916	Pallidum_L	818	614	4202	1160	528	0	204	288	0	0	140	0	0	0	664	0	880	0	2846	526	0	212	0	0	0	0	0	106	1418	0	110	0	0	0	0	0	1500	0	148	0	0	0	0	0	0	0	0	0	0	0	0	0	0	0	0	0	534	0	0	0	0	0	0	0	0	0	0	0	1056	0	2400	312	8600	138	0	0	1982	104	0	0	300	0	168	0	0	0	0	0	0	0	0	0	0	0	0	0	0	0	0	0	0	0	0	0	0	0	0	0	0	0	0	0	0	0	0	0	
15144	Pallidum_R	0	92	0	244	0	0	0	0	0	0	0	0	0	0	0	0	0	638	0	366	0	0	0	104	0	108	0	0	0	166	0	134	0	0	0	0	0	1084	0	964	0	0	0	0	0	0	0	0	0	0	0	0	0	0	0	528	0	106	0	0	0	0	0	0	0	0	0	0	0	0	0	878	0	1736	0	0	0	108	0	0	0	74	0	0	0	0	0	0	0	242	0	0	0	0	0	0	0	0	0	0	0	0	0	0	0	0	0	0	0	0	0	0	0	0	0	0	
100372	Thalamus_L	10940	1996	314	180	0	0	258	270	0	0	0	0	0	0	0	0	124	0	3436	220	0	0	0	0	0	0	0	0	148	0	0	0	0	0	2948	4550	2118	634	0	0	0	0	0	0	0	0	360	320	0	0	0	0	0	0	0	0	196	0	0	0	0	0	0	0	0	0	366	0	5570	0	5302	666	1996	202	1982	0	0	5090	0	0	0	0	0	0	0	0	0	0	0	0	0	0	0	0	0	0	0	0	0	0	0	0	0	0	0	0	0	0	0	0	0	0	0	0	0	0	
144544	Thalamus_R	1344	11032	354	4872	0	96	260	1360	0	0	0	552	0	114	0	92	0	650	508	3924	226	624	0	0	0	0	0	100	234	1638	0	80	0	302	1652	7138	672	6170	78	860	0	0	0	0	0	0	0	244	0	0	0	0	0	0	0	312	0	590	0	0	0	0	0	0	0	0	0	1608	430	0	878	14076	292	2640	104	108	5090	0	0	176	0	374	0	0	0	104	0	0	0	314	0	0	0	0	0	0	0	0	0	0	0	0	0	0	0	0	0	0	0	0	0	0	0	0	0	0	
82400	Heschl_L	2068	110	1190	196	0	0	138	0	0	0	706	0	0	0	0	0	5200	0	1276	0	0	0	0	0	0	0	0	0	8878	0	0	0	0	0	136	0	4602	0	498	0	0	0	0	0	0	0	314	0	0	0	1160	0	204	0	166	0	3430	0	0	0	228	0	258	0	284	0	192	0	0	0	0	0	226	0	0	0	0	0	0	0	4076	0	202	0	4090	0	0	0	1372	0	0	0	0	0	0	0	0	0	0	0	0	0	0	0	0	0	0	0	0	0	0	0	0	0	0	0	
20616	Heschl_R	0	84	0	180	0	0	0	0	0	0	0	0	0	0	0	0	0	2264	0	322	0	0	0	0	0	0	0	0	0	942	0	0	0	0	0	0	0	736	0	78	0	0	0	0	0	0	0	100	0	0	0	0	0	0	0	142	0	160	0	0	0	0	0	612	0	0	0	116	0	0	0	0	0	750	0	0	0	176	0	0	0	2890	0	0	0	372	0	0	0	384	0	0	0	0	0	0	0	0	0	0	0	0	0	0	0	0	0	0	0	0	0	0	0	0	0	0	
241260	Temporal_Sup_L	2994	78	2688	118	0	0	196	0	0	0	1038	0	0	0	0	0	10464	0	1990	0	0	0	0	0	0	0	0	0	7632	0	0	0	0	0	182	0	5852	0	192	0	0	0	0	0	0	0	96	0	0	0	3548	0	238	0	1624	0	4532	0	976	0	2284	0	6012	0	3102	0	916	0	72	0	0	0	934	0	300	0	0	0	4076	0	0	0	10268	0	35452	0	1320	0	11456	0	0	0	0	0	0	0	0	0	0	0	0	0	0	0	0	0	0	0	0	0	0	0	0	0	0	0	
122300	Temporal_Sup_R	0	512	0	148	0	0	0	80	0	0	0	0	0	0	0	0	0	3578	0	290	0	0	0	0	0	0	0	0	0	5498	0	0	0	74	0	360	0	4252	0	1226	0	0	0	92	0	306	0	0	0	770	0	568	0	120	0	1688	0	398	0	88	0	388	0	3592	0	1988	0	806	0	272	0	0	0	2088	0	74	0	374	0	2890	0	0	0	8964	0	15530	0	1072	0	2834	0	0	0	0	0	0	0	128	0	102	0	0	0	0	0	0	0	0	0	0	0	0	0	0	0	0	
143144	Temporal_Pole_Sup_L	1392	0	2356	0	762	0	580	0	230	0	1164	0	918	0	4140	0	3180	0	1380	0	1038	0	0	0	0	0	0	0	5776	0	0	0	0	0	0	0	2346	0	732	0	584	0	0	0	0	0	0	0	0	0	0	0	0	0	3340	0	1552	0	0	0	0	0	0	0	0	0	0	0	0	0	0	0	1020	0	168	0	0	0	202	0	10268	0	0	0	12764	0	9464	0	6216	0	0	0	0	0	0	0	0	0	0	0	0	0	0	0	0	0	0	0	0	0	0	0	0	0	0	0	
100432	Temporal_Pole_Sup_R	0	94	0	0	0	264	0	0	0	0	0	198	0	0	0	1152	0	1798	0	112	0	578	0	0	0	0	0	118	0	3486	0	0	0	0	0	0	0	764	0	1520	0	1746	0	0	0	0	0	0	0	0	0	0	0	0	0	7558	0	86	0	0	0	0	0	0	0	0	0	0	0	0	0	0	0	964	0	0	0	0	0	0	0	8964	0	0	0	5760	0	7012	0	8042	0	0	0	0	0	0	0	0	0	0	0	0	0	0	0	0	0	0	0	0	0	0	0	0	0	0	
389840	Temporal_Mid_L	1354	0	0	0	0	0	0	0	0	0	140	0	0	0	0	0	5588	0	0	0	0	0	0	0	0	0	0	0	2138	0	0	0	0	0	438	0	5200	0	1714	0	0	0	1202	0	1354	0	2036	0	516	0	22594	0	3326	0	3834	0	556	0	1276	0	8592	0	9998	0	13490	0	2716	0	494	0	0	0	298	0	0	0	0	0	4090	0	35452	0	12764	0	0	0	8546	0	45214	0	0	0	0	0	0	0	0	0	0	0	0	0	0	0	0	0	0	0	0	0	0	0	0	0	0	0	
207484	Temporal_Mid_R	0	370	0	0	0	0	0	0	0	0	0	0	0	0	0	0	0	306	0	166	0	0	0	0	0	0	0	0	0	1840	0	0	0	84	0	224	0	4272	0	690	0	0	0	4508	0	2296	0	938	0	2104	0	12020	0	2778	0	5990	0	262	0	0	0	1500	0	7692	0	6084	0	2084	0	546	0	0	0	198	0	0	0	104	0	372	0	15530	0	5760	0	0	0	3310	0	21630	0	0	0	0	0	0	0	0	0	0	0	0	0	0	0	0	0	0	0	0	84	0	0	0	0	0	
64528	Temporal_Pole_Mid_L	0	0	0	0	0	0	0	0	0	0	80	0	0	0	0	0	0	0	0	0	0	0	0	0	0	0	0	0	1050	0	0	0	0	0	0	0	1408	0	524	0	250	0	0	0	0	0	0	0	0	0	0	0	0	0	2820	0	0	0	0	0	0	0	0	0	0	0	0	0	0	0	0	0	164	0	0	0	0	0	0	0	1320	0	9464	0	8546	0	0	0	6638	0	0	0	0	0	0	0	0	0	0	0	0	0	0	0	0	0	0	0	0	0	0	0	0	0	0	0	
44768	Temporal_Pole_Mid_R	0	0	0	0	0	0	0	0	0	0	0	0	0	0	0	234	0	0	0	0	0	0	0	0	0	0	0	0	0	376	0	0	0	0	0	0	0	274	0	908	0	560	0	0	0	0	0	0	0	0	0	0	0	0	0	3324	0	0	0	0	0	0	0	0	0	0	0	0	0	0	0	0	0	0	0	0	0	0	0	0	0	1072	0	7012	0	3310	0	0	0	5314	0	0	0	0	0	0	0	0	0	0	0	0	0	0	0	0	0	0	0	0	0	0	0	0	0	0	
257024	Temporal_Inf_L	224	0	128	0	0	0	0	0	0	0	184	0	0	0	0	0	1376	0	0	0	0	0	0	0	0	0	0	0	2464	0	0	0	0	0	0	0	10042	0	1264	0	264	0	0	0	72	0	84	0	0	0	4036	0	4778	0	14372	0	124	0	228	0	2956	0	2694	0	6064	0	370	0	72	0	0	0	1106	0	0	0	0	0	1372	0	11456	0	6216	0	45214	0	6638	0	0	0	3156	0	456	0	0	0	0	0	714	0	0	0	388	0	0	0	0	0	0	0	0	0	0	0	0	0	
180868	Temporal_Inf_R	0	192	0	0	0	0	0	96	0	0	0	84	0	0	0	0	0	170	0	0	0	0	0	0	0	0	0	0	0	2056	0	0	0	0	0	0	0	8846	0	3766	0	756	0	640	0	160	0	2414	0	230	0	528	0	4300	0	21358	0	0	0	0	0	126	0	3728	0	422	0	280	0	150	0	0	0	740	0	242	0	314	0	384	0	2834	0	8042	0	21630	0	5314	0	0	0	398	0	0	0	0	0	0	0	234	0	0	0	0	0	0	0	0	0	0	0	0	0	0	0	0	
394824	Cerebelum_Crus1_L	0	0	0	0	0	0	0	0	0	0	0	0	0	0	0	0	0	0	0	0	0	0	0	0	0	0	0	0	0	0	0	0	0	0	0	0	88	0	124	0	0	0	88	0	0	0	5898	1754	0	0	122	0	610	0	23744	620	0	0	0	0	0	0	0	0	0	0	0	0	0	0	0	0	0	0	0	0	0	0	0	0	0	0	0	0	0	0	0	0	3156	0	0	2122	31488	3922	166	0	9264	224	46800	2478	15542	232	25372	3718	2068	814	960	0	160	294	2204	6254	4474	2312	340	0	
527420	Cerebelum_Crus1_R	0	0	0	0	0	0	0	0	0	0	0	0	0	0	0	0	0	0	0	0	0	0	0	0	0	0	0	0	0	216	0	0	0	0	0	0	0	588	0	876	0	0	0	148	0	0	76	4924	0	0	0	0	0	556	0	14960	0	0	0	0	0	0	0	0	0	0	0	0	0	0	0	0	0	160	0	0	0	0	0	0	0	0	0	0	0	0	0	0	0	398	2122	0	870	36304	258	5718	1680	18824	4132	58944	1218	7878	2554	30142	1900	13776	0	3910	752	2216	10646	14782	12782	3386	3560	2454	
262792	Cerebelum_Crus2_L	0	0	0	0	0	0	0	0	0	0	0	0	0	0	0	0	0	0	0	0	0	0	0	0	0	0	0	0	0	0	0	0	0	0	0	0	0	0	0	0	0	0	0	0	0	0	918	258	0	0	0	0	0	0	2828	76	0	0	0	0	0	0	0	0	0	0	0	0	0	0	0	0	0	0	0	0	0	0	0	0	0	0	0	0	0	0	0	0	456	0	31488	870	0	4830	0	0	2270	86	10182	742	28692	1818	29578	3548	1352	412	604	0	0	0	598	2356	4766	2502	166	0	
337676	Cerebelum_Crus2_R	0	0	0	0	0	0	0	0	0	0	0	0	0	0	0	0	0	0	0	0	0	0	0	0	0	0	0	0	0	0	0	0	0	0	0	0	0	98	0	156	0	0	0	0	0	0	0	122	0	0	0	0	0	0	0	666	0	0	0	0	0	0	0	0	0	0	0	0	0	0	0	0	0	0	0	0	0	0	0	0	0	0	0	0	0	0	0	0	0	0	3922	36304	4830	0	0	462	92	1012	1424	8920	4900	20798	5816	41830	1536	8882	0	2574	0	262	552	2810	12952	6102	1596	220	
46676	Cerebelum_3_L	0	0	0	0	0	0	0	0	0	0	0	0	0	0	0	0	0	0	0	0	0	0	0	0	0	0	0	0	0	0	0	0	0	0	0	0	90	0	642	0	0	0	0	0	0	0	754	672	0	0	0	0	0	0	680	0	0	0	0	0	0	0	0	0	0	0	0	0	0	0	0	0	0	0	0	0	0	0	0	0	0	0	0	0	0	0	0	0	0	0	166	258	0	0	0	0	6566	862	1356	354	0	0	100	0	2018	232	0	0	1234	2864	3476	634	0	0	90	290	
82148	Cerebelum_3_R	0	0	0	0	0	0	0	0	0	0	0	0	0	0	0	0	0	0	0	0	0	0	0	0	0	0	0	0	0	0	0	0	0	0	0	0	0	112	0	174	0	0	0	0	0	0	0	424	0	0	0	0	0	0	0	914	0	0	0	0	0	0	0	0	0	0	0	0	0	0	0	0	0	0	0	0	0	0	0	0	0	0	0	0	0	0	0	0	0	0	0	5718	0	462	0	0	376	7740	238	8282	0	92	0	302	114	2848	0	0	380	2128	4786	2766	1130	0	530	1558	
252112	Cerebelum_4_5_L	0	0	0	0	0	0	0	0	0	0	0	0	0	0	0	0	0	0	0	0	0	0	0	0	0	0	0	0	0	0	0	0	0	0	0	0	0	0	376	0	0	0	492	0	0	0	9128	2258	0	0	0	0	282	0	14156	86	0	0	0	0	0	0	0	0	0	0	0	0	0	0	0	0	0	0	0	0	0	0	0	0	0	0	0	0	0	0	0	0	0	0	9264	1680	2270	92	6566	376	0	3050	28566	2262	2214	0	4428	100	6326	1418	1666	0	1396	3618	17576	3482	308	0	262	2358	
270464	Cerebelum_4_5_R	0	0	0	0	0	0	0	0	0	0	0	0	0	0	0	0	0	0	0	0	0	0	0	0	0	0	0	0	0	700	0	0	0	0	0	160	0	2156	0	3564	0	108	0	620	0	0	198	9206	0	0	0	132	0	872	0	13094	0	0	0	0	0	0	0	0	0	0	0	396	0	0	0	0	0	690	0	0	0	0	0	0	0	128	0	0	0	0	0	0	0	0	224	18824	86	1012	862	7740	3050	0	1670	31630	194	278	368	802	1718	3146	0	106	550	1886	19028	4208	2978	562	1484	802	
453528	Cerebelum_6_L	0	0	0	0	0	0	0	0	0	0	0	0	0	0	0	0	0	0	0	0	0	0	0	0	0	0	0	0	0	0	0	0	0	0	0	0	88	0	186	74	0	0	266	0	0	0	14830	5810	0	0	270	0	752	94	33648	1660	0	0	0	0	0	0	0	0	0	0	0	0	0	0	0	0	0	0	0	0	0	0	0	0	0	0	0	0	0	0	0	0	714	0	46800	4132	10182	1424	1356	238	28566	1670	0	5612	8196	0	17046	1872	4780	1086	2768	0	718	1600	11446	12886	2930	1408	978	678	
481816	Cerebelum_6_R	0	0	0	0	0	0	0	0	0	0	0	0	0	0	0	0	0	0	0	0	0	0	0	0	0	0	0	0	0	400	0	0	0	0	0	0	0	1130	0	1458	0	0	0	338	0	86	148	8882	0	86	0	156	0	1654	102	22056	0	0	0	0	0	0	0	0	0	0	0	72	0	0	0	0	0	412	0	0	0	0	0	0	0	102	0	0	0	0	0	0	0	234	2478	58944	742	8920	354	8282	2262	31630	5612	0	804	2548	1488	9792	1248	8746	0	2908	796	2462	17840	17310	10490	2042	3234	2660	
257916	Cerebelum_7b_L	0	0	0	0	0	0	0	0	0	0	0	0	0	0	0	0	0	0	0	0	0	0	0	0	0	0	0	0	0	0	0	0	0	0	0	0	0	0	0	0	0	0	0	0	0	0	766	350	0	0	0	0	0	0	1616	192	0	0	0	0	0	0	0	0	0	0	0	0	0	0	0	0	0	0	0	0	0	0	0	0	0	0	0	0	0	0	0	0	0	0	15542	1218	28692	4900	0	0	2214	194	8196	804	0	720	37130	4734	5520	882	1012	0	0	76	764	2786	5368	4442	672	168	
124720	Cerebelum_7b_R	0	0	0	0	0	0	0	0	0	0	0	0	0	0	0	0	0	0	0	0	0	0	0	0	0	0	0	0	0	0	0	0	0	0	0	0	0	0	0	0	0	0	0	0	0	0	0	0	0	0	0	0	0	0	0	198	0	0	0	0	0	0	0	0	0	0	0	0	0	0	0	0	0	0	0	0	0	0	0	0	0	0	0	0	0	0	0	0	0	0	232	7878	1818	20798	0	92	0	278	0	2548	720	0	482	20082	104	2684	0	232	0	0	132	94	2994	816	178	0	
363260	Cerebelum_8_L	0	0	0	0	0	0	0	0	0	0	0	0	0	0	0	0	0	0	0	0	0	0	0	0	0	0	0	0	0	0	0	0	0	0	0	0	0	0	96	0	0	0	0	0	0	0	1948	730	0	0	0	0	0	0	3292	346	0	0	0	0	0	0	0	0	0	0	0	0	0	0	0	0	0	0	0	0	0	0	0	0	0	0	0	0	0	0	0	0	388	0	25372	2554	29578	5816	100	0	4428	368	17046	1488	37130	482	0	7712	15554	1898	3116	0	0	118	1282	4368	6028	8004	2150	238	
369248	Cerebelum_8_R	0	0	0	0	0	0	0	0	0	0	0	0	0	0	0	0	0	0	0	0	0	0	0	0	0	0	0	0	0	0	0	0	0	0	0	0	0	100	0	166	0	0	0	0	0	0	0	0	0	0	0	0	0	0	0	850	0	0	0	0	0	0	0	0	0	0	0	0	0	0	0	0	0	0	0	0	0	0	0	0	0	0	0	0	0	0	0	0	0	0	3718	30142	3548	41830	0	302	100	802	1872	9792	4734	20082	7712	0	2892	23464	0	4840	0	102	274	3388	12024	8456	3094	340	
165404	Cerebelum_9_L	0	0	0	0	0	0	0	0	0	0	0	0	0	0	0	0	0	0	0	0	0	0	0	0	0	0	0	0	0	0	0	0	0	0	0	0	0	170	0	276	0	0	0	0	0	0	642	678	0	0	0	0	0	0	476	310	0	0	0	0	0	0	0	0	0	0	0	0	0	0	0	0	0	0	0	0	0	0	0	0	0	0	0	0	0	0	0	0	0	0	2068	1900	1352	1536	2018	114	6326	1718	4780	1248	5520	104	15554	2892	0	5390	4268	244	72	172	3946	4942	2798	4394	4904	1890	
236172	Cerebelum_9_R	0	0	0	0	0	0	0	0	0	0	0	0	0	0	0	0	0	0	0	0	0	0	0	0	0	0	0	0	0	94	0	0	0	0	0	0	0	288	0	468	0	0	0	0	0	0	0	230	0	0	0	0	0	0	0	894	0	0	0	0	0	0	0	0	0	0	0	0	0	0	0	0	0	80	0	0	0	0	0	0	0	0	0	0	0	0	0	0	0	0	814	13776	412	8882	232	2848	1418	3146	1086	8746	882	2684	1898	23464	5390	0	0	3708	438	1024	3504	8708	6012	4438	7876	4646	
30240	Cerebelum_10_L	0	0	0	0	0	0	0	0	0	0	0	0	0	0	0	0	0	0	0	0	0	0	0	0	0	0	0	0	0	0	0	0	0	0	0	0	0	0	0	0	0	0	0	0	0	0	196	0	0	0	0	0	0	0	184	0	0	0	0	0	0	0	0	0	0	0	0	0	0	0	0	0	0	0	0	0	0	0	0	0	0	0	0	0	0	0	0	0	0	0	960	0	604	0	0	0	1666	0	2768	0	1012	0	3116	0	4268	0	0	0	0	0	218	128	0	0	0	0	
43568	Cerebelum_10_R	0	0	0	0	0	0	0	0	0	0	0	0	0	0	0	0	0	0	0	0	0	0	0	0	0	0	0	0	0	0	0	0	0	0	0	0	0	0	0	0	0	0	0	0	0	0	0	0	0	0	0	0	0	0	0	0	0	0	0	0	0	0	0	0	0	0	0	0	0	0	0	0	0	0	0	0	0	0	0	0	0	0	0	0	0	0	0	0	0	0	0	3910	0	2574	0	0	0	106	0	2908	0	232	0	4840	244	3708	0	0	0	0	110	782	1140	648	474	108	
29764	Vermis_1_2	0	0	0	0	0	0	0	0	0	0	0	0	0	0	0	0	0	0	0	0	0	0	0	0	0	0	0	0	0	0	0	0	0	0	0	0	0	0	96	0	0	0	0	0	0	0	0	0	0	0	0	0	0	0	0	0	0	0	0	0	0	0	0	0	0	0	0	0	0	0	0	0	0	0	0	0	0	0	0	0	0	0	0	0	0	0	0	0	0	0	160	752	0	0	1234	380	1396	550	718	796	0	0	0	0	72	438	0	0	0	5240	1926	412	150	0	90	472	
64836	Vermis_3	0	0	0	0	0	0	0	0	0	0	0	0	0	0	0	0	0	0	0	0	0	0	0	0	0	0	0	0	0	0	0	0	0	0	0	0	86	88	240	0	0	0	0	0	0	0	186	368	0	0	0	0	0	0	0	190	0	0	0	0	0	0	0	0	0	0	0	0	0	0	0	0	0	0	0	0	0	0	0	0	0	0	0	0	0	0	0	0	0	0	294	2216	0	262	2864	2128	3618	1886	1600	2462	76	0	118	102	172	1024	0	0	5240	0	4540	1124	594	0	222	718	
297252	Vermis_4_5	0	0	0	0	0	0	0	0	0	0	0	0	0	0	0	0	0	0	0	0	0	0	0	0	0	0	0	0	0	0	0	0	0	108	0	316	0	226	0	116	0	0	466	656	0	262	4538	11726	0	100	0	226	72	902	1554	5616	0	202	0	0	0	0	0	0	0	0	0	1492	0	202	0	0	0	0	0	0	0	0	0	0	0	0	0	0	0	84	0	0	0	0	2204	10646	598	552	3476	4786	17576	19028	11446	17840	764	132	1282	274	3946	3504	218	110	1926	4540	0	9028	1828	0	676	3382	
286136	Vermis_6	0	0	0	0	0	0	0	0	0	0	0	0	0	0	0	0	0	0	0	0	0	0	0	0	0	0	0	0	0	90	0	0	0	0	0	0	0	284	0	474	0	0	0	0	0	0	1446	8068	0	0	0	82	0	162	1094	3212	0	0	0	0	0	0	0	0	0	0	0	0	0	0	0	0	0	74	0	0	0	0	0	0	0	0	0	0	0	0	0	0	0	0	6254	14782	2356	2810	634	2766	3482	4208	12886	17310	2786	94	4368	3388	4942	8708	128	782	412	1124	9028	0	9434	4598	6230	4572	
234532	Vermis_7	0	0	0	0	0	0	0	0	0	0	0	0	0	0	0	0	0	0	0	0	0	0	0	0	0	0	0	0	0	82	0	0	0	0	0	0	0	320	0	528	0	0	0	0	0	0	0	324	0	0	0	0	0	0	0	984	0	0	0	0	0	0	0	0	0	0	0	0	0	0	0	0	0	82	0	0	0	0	0	0	0	0	0	0	0	0	0	0	0	0	4474	12782	4766	12952	0	1130	308	2978	2930	10490	5368	2994	6028	12024	2798	6012	0	1140	150	594	1828	9434	0	8474	4274	1018	
