data	data	315244	245160	1.17832e+06	988804	174916	112028	537400	332120	66744	28424	177748	140864	325424	186908	136544	79844	159012	122580	726196	808008	70276	82148	476700	560796	27336	135996	54260	79008	601336	351212	367604	649668	173684	531824	165264	190156	289240	234248	80064	102068	39848	40032	171820	240132	97212	272640	197740	201312	124452	243876	353648	148512	182068	61052	317728	345940	219660	275740	104176	52172	160204	64716	103040	97672	100624	70720	172284	248976	156552	96800	270396	527480	413300	398356	81420	59604	187348	150688	100956	18244	199636	78216	104048	28636	327728	172712	46040	16368	317272	144764	395304	232224	311588	185336	16368	33576	229948	166748	379240	299596	253484	135868	276076	213660	71616	83616	18708	4648	24252	31236	223980	119120	112136	79244	42740	16512	
data	data	Precentral_L	Precentral_R	Frontal_Sup_L	Frontal_Sup_R	Frontal_Sup_Orb_L	Frontal_Sup_Orb_R	Frontal_Mid_L	Frontal_Mid_R	Frontal_Mid_Orb_L	Frontal_Mid_Orb_R	Frontal_Inf_Oper_L	Frontal_Inf_Oper_R	Frontal_Inf_Tri_L	Frontal_Inf_Tri_R	Frontal_Inf_Orb_L	Frontal_Inf_Orb_R	Rolandic_Oper_L	Rolandic_Oper_R	Supp_Motor_Area_L	Supp_Motor_Area_R	Olfactory_L	Olfactory_R	Frontal_Sup_Medial_L	Frontal_Sup_Medial_R	Frontal_Med_Orb_L	Frontal_Med_Orb_R	Rectus_L	Rectus_R	Insula_L	Insula_R	Cingulum_Ant_L	Cingulum_Ant_R	Cingulum_Mid_L	Cingulum_Mid_R	Cingulum_Post_L	Cingulum_Post_R	Hippocampus_L	Hippocampus_R	ParaHippocampal_L	ParaHippocampal_R	Amygdala_L	Amygdala_R	Calcarine_L	Calcarine_R	Cuneus_L	Cuneus_R	Lingual_L	Lingual_R	Occipital_Sup_L	Occipital_Sup_R	Occipital_Mid_L	Occipital_Mid_R	Occipital_Inf_L	Occipital_Inf_R	Fusiform_L	Fusiform_R	Postcentral_L	Postcentral_R	Parietal_Sup_L	Parietal_Sup_R	Parietal_Inf_L	Parietal_Inf_R	SupraMarginal_L	SupraMarginal_R	Angular_L	Angular_R	Precuneus_L	Precuneus_R	Paracentral_Lobule_L	Paracentral_Lobule_R	Caudate_L	Caudate_R	Putamen_L	Putamen_R	Pallidum_L	Pallidum_R	Thalamus_L	Thalamus_R	Heschl_L	Heschl_R	Temporal_Sup_L	Temporal_Sup_R	Temporal_Pole_Sup_L	Temporal_Pole_Sup_R	Temporal_Mid_L	Temporal_Mid_R	Temporal_Pole_Mid_L	Temporal_Pole_Mid_R	Temporal_Inf_L	Temporal_Inf_R	Cerebelum_Crus1_L	Cerebelum_Crus1_R	Cerebelum_Crus2_L	Cerebelum_Crus2_R	Cerebelum_3_L	Cerebelum_3_R	Cerebelum_4_5_L	Cerebelum_4_5_R	Cerebelum_6_L	Cerebelum_6_R	Cerebelum_7b_L	Cerebelum_7b_R	Cerebelum_8_L	Cerebelum_8_R	Cerebelum_9_L	Cerebelum_9_R	Cerebelum_10_L	Cerebelum_10_R	Vermis_1_2	Vermis_3	Vermis_4_5	Vermis_6	Vermis_7	Vermis_8	Vermis_9	Vermis_10	
315244	Precentral_L	0	776	9072	986	0	0	17392	234	0	0	9958	134	3312	0	0	0	9932	0	4794	1258	0	0	0	0	0	0	0	0	10730	0	196	182	154	1062	2818	1244	2824	326	106	0	0	0	188	0	0	0	0	0	0	0	3844	0	2612	0	674	0	27220	0	298	0	2758	0	1878	0	682	0	134	0	12056	0	1466	682	9032	308	1352	0	1376	278	3752	0	2948	0	138	0	3622	0	0	0	2834	0	0	0	0	0	0	0	0	0	0	0	0	0	0	0	0	0	0	0	0	0	0	0	0	0	0	0	
245160	Precentral_R	776	0	530	5278	0	0	0	10786	0	0	0	4316	0	0	0	0	0	1920	1856	7202	0	0	0	0	0	0	0	0	0	4006	0	0	0	2322	1714	3922	122	3502	176	1732	0	0	0	614	0	766	0	372	0	444	0	144	0	1398	0	5492	0	30556	0	0	0	1080	0	1708	0	0	0	3754	4238	3110	904	2632	0	5688	0	412	1434	2000	0	996	0	1146	0	0	0	2074	0	0	0	1458	0	0	0	0	0	0	0	0	0	0	0	0	0	0	0	0	0	0	0	0	0	0	0	0	0	0	
1.17832e+06	Frontal_Sup_L	9072	530	0	17696	19738	0	74980	994	3038	0	7290	348	27076	424	9012	0	4790	0	96896	34514	490	0	55050	13852	1490	108	1754	0	46432	424	23292	10572	7740	11374	3090	602	7014	494	286	0	238	0	0	0	0	0	0	0	0	0	340	0	180	0	928	108	2024	0	0	0	164	0	0	0	0	0	0	0	3330	0	17716	3852	36944	1050	8508	354	16194	550	1874	0	2664	0	398	0	286	0	0	0	996	0	0	0	0	0	0	0	0	0	0	0	0	0	0	0	0	0	0	0	0	0	0	0	0	0	0	0	
988804	Frontal_Sup_R	986	5278	17696	0	0	4604	6026	44670	0	212	1080	10272	606	15080	0	4936	642	10726	11500	78928	128	300	11702	51406	0	6588	0	1088	974	28862	5242	52208	944	28466	0	110	100	1224	172	126	0	0	0	0	0	0	0	0	0	0	0	0	0	0	0	132	0	3282	0	0	0	0	0	124	0	0	0	0	520	0	6516	38894	1214	29930	0	5128	374	5210	0	0	196	0	0	0	0	0	0	0	0	0	0	0	0	0	0	0	0	0	0	0	0	0	0	0	0	0	0	0	0	0	0	0	0	0	0	0	
174916	Frontal_Sup_Orb_L	0	0	19738	0	0	0	2150	0	10198	0	464	0	1900	0	10244	0	194	0	482	0	1900	0	5398	278	2360	0	9030	0	10846	0	3078	0	0	0	0	0	0	0	0	0	306	0	0	0	0	0	0	0	0	0	0	0	0	0	0	0	0	0	0	0	0	0	0	0	0	0	0	0	0	0	202	0	8198	0	0	0	0	0	0	0	0	0	492	0	0	0	0	0	0	0	0	0	0	0	0	0	0	0	0	0	0	0	0	0	0	0	0	0	0	0	0	0	0	0	0	0	
112028	Frontal_Sup_Orb_R	0	0	0	4604	0	0	0	848	0	6258	0	0	0	538	0	4354	0	0	0	768	616	2280	228	5484	660	9726	0	8762	0	1210	556	1990	0	170	0	0	0	0	0	0	0	0	0	0	0	0	0	0	0	0	0	0	0	0	0	0	0	0	0	0	0	0	0	0	0	0	0	0	0	0	698	2870	494	2900	0	0	0	0	0	0	0	0	0	0	0	0	0	0	0	0	0	0	0	0	0	0	0	0	0	0	0	0	0	0	0	0	0	0	0	0	0	0	0	0	0	0	
537400	Frontal_Mid_L	17392	0	74980	6026	2150	0	0	450	3084	0	14218	108	39396	102	9800	0	2850	0	6042	7532	104	0	13424	1982	0	0	0	0	30972	0	5728	3142	1786	3500	178	178	1432	112	0	0	122	0	0	0	0	0	0	0	0	0	118	0	122	0	238	0	3068	0	0	0	380	0	0	0	230	0	0	0	1002	0	3512	1166	5772	460	160	0	370	0	2328	0	1936	0	154	0	394	0	0	0	500	0	0	0	0	0	0	0	0	0	0	0	0	0	0	0	0	0	0	0	0	0	0	0	0	0	0	0	
332120	Frontal_Mid_R	234	10786	994	44670	0	848	450	0	0	1446	0	6694	0	18418	0	5934	0	4530	610	5852	0	0	1472	5578	0	190	0	0	0	12742	410	5312	574	4294	98	158	0	1720	0	312	0	0	0	0	0	0	0	0	0	0	0	0	0	234	0	812	0	1324	0	0	0	150	0	200	0	0	0	0	0	0	632	8126	564	16170	0	1486	0	368	0	552	0	638	0	0	0	310	0	0	0	168	0	0	0	0	0	0	0	0	0	0	0	0	0	0	0	0	0	0	0	0	0	0	0	0	0	0	
66744	Frontal_Mid_Orb_L	0	0	3038	0	10198	0	3084	0	0	0	0	0	388	0	10766	0	0	0	0	0	264	0	0	0	328	0	2974	0	1266	0	286	0	0	0	0	0	0	0	0	0	0	0	0	0	0	0	0	0	0	0	0	0	0	0	0	0	0	0	0	0	0	0	0	0	0	0	0	0	0	0	0	0	648	0	0	0	0	0	0	0	0	0	132	0	0	0	0	0	0	0	0	0	0	0	0	0	0	0	0	0	0	0	0	0	0	0	0	0	0	0	0	0	0	0	0	0	
28424	Frontal_Mid_Orb_R	0	0	0	212	0	6258	0	1446	0	0	0	0	0	1148	0	4844	0	0	0	0	0	0	0	0	0	0	0	0	0	184	0	0	0	0	0	0	0	0	0	0	0	0	0	0	0	0	0	0	0	0	0	0	0	0	0	0	0	0	0	0	0	0	0	0	0	0	0	0	0	0	0	0	0	120	0	0	0	0	0	0	0	0	0	0	0	0	0	0	0	0	0	0	0	0	0	0	0	0	0	0	0	0	0	0	0	0	0	0	0	0	0	0	0	0	0	0	
177748	Frontal_Inf_Oper_L	9958	0	7290	1080	464	0	14218	0	0	0	0	176	13264	0	0	0	8610	0	3508	1710	0	0	888	0	0	0	0	0	8494	0	2318	474	0	110	0	0	132	0	0	0	0	0	0	0	0	0	0	0	0	0	0	0	0	0	0	0	2710	0	0	0	0	0	0	0	0	0	0	0	0	0	1826	2648	774	0	0	0	0	0	2018	0	3758	0	2338	0	0	0	0	0	108	0	0	0	0	0	0	0	0	0	0	0	0	0	0	0	0	0	0	0	0	0	0	0	0	0	0	0	
140864	Frontal_Inf_Oper_R	134	4316	348	10272	0	0	108	6694	0	0	176	0	218	8790	0	334	198	4742	268	7268	0	0	294	1636	0	0	0	0	354	9224	406	3246	0	1308	0	0	0	578	0	176	0	0	0	0	0	0	0	0	0	0	0	0	0	0	0	106	0	3036	0	0	0	0	0	0	0	0	0	0	0	0	388	2956	0	2482	0	140	0	0	0	0	102	0	0	134	0	0	0	0	0	0	0	0	0	0	0	0	0	0	0	0	0	0	0	0	0	0	0	0	0	0	0	0	0	0	0	0	
325424	Frontal_Inf_Tri_L	3312	0	27076	606	1900	0	39396	0	388	0	13264	218	0	184	7044	0	1410	0	4142	1012	0	0	8588	804	0	0	0	0	40832	134	4158	608	846	874	0	0	0	0	0	0	0	0	0	0	0	0	0	0	0	0	0	0	0	0	0	0	98	0	0	0	0	0	0	0	0	0	0	0	0	0	242	738	1578	0	0	0	0	0	146	0	1312	0	1802	0	0	0	0	0	0	0	0	0	0	0	0	0	0	0	0	0	0	0	0	0	0	0	0	0	0	0	0	0	0	0	0	0	
186908	Frontal_Inf_Tri_R	0	0	424	15080	0	538	102	18418	0	1148	0	8790	184	0	0	5588	0	764	724	2802	0	0	746	5446	0	340	0	166	188	15334	260	5300	940	4940	0	0	0	0	0	0	0	0	0	0	0	0	0	0	0	0	0	0	0	0	0	0	0	0	0	0	0	0	0	0	0	0	0	0	0	0	182	2646	0	2404	0	0	0	0	0	0	0	0	0	0	0	0	0	0	0	0	0	0	0	0	0	0	0	0	0	0	0	0	0	0	0	0	0	0	0	0	0	0	0	0	0	0	
136544	Frontal_Inf_Orb_L	0	0	9012	0	10244	0	9800	0	10766	0	0	0	7044	0	0	0	0	0	0	0	2036	0	0	0	0	0	1098	0	12434	0	0	0	0	0	0	0	400	0	504	0	644	0	0	0	0	0	0	0	0	0	0	0	0	0	160	0	0	0	0	0	0	0	0	0	0	0	0	0	0	0	0	0	2360	0	0	0	0	0	0	0	0	0	1770	0	0	0	0	0	0	0	0	0	0	0	0	0	0	0	0	0	0	0	0	0	0	0	0	0	0	0	0	0	0	0	0	0	
79844	Frontal_Inf_Orb_R	0	0	0	4936	0	4354	0	5934	0	4844	0	334	0	5588	0	0	0	0	0	0	168	1428	0	738	0	0	0	1716	0	5982	0	630	0	326	0	0	0	0	0	0	0	0	0	0	0	0	0	0	0	0	0	0	0	0	0	0	0	0	0	0	0	0	0	0	0	0	0	0	0	0	168	1188	102	1486	0	0	0	0	0	0	0	0	0	0	0	0	0	0	0	0	0	0	0	0	0	0	0	0	0	0	0	0	0	0	0	0	0	0	0	0	0	0	0	0	0	0	
159012	Rolandic_Oper_L	9932	0	4790	642	194	0	2850	0	0	0	8610	198	1410	0	0	0	0	0	1418	690	0	0	192	0	0	0	0	0	13840	0	462	322	0	0	0	0	266	0	0	0	0	0	0	0	0	0	0	0	0	0	276	0	624	0	156	0	9184	0	0	0	594	0	1452	0	120	0	0	0	0	0	1274	1056	1266	0	156	0	0	0	4712	0	9158	0	1710	0	934	0	0	0	1018	0	0	0	0	0	0	0	0	0	0	0	0	0	0	0	0	0	0	0	0	0	0	0	0	0	0	0	
122580	Rolandic_Oper_R	0	1920	0	10726	0	0	0	4530	0	0	0	4742	0	764	0	0	0	0	0	8678	0	0	0	102	0	0	0	0	0	12454	0	256	0	106	0	0	0	672	0	238	0	0	0	0	0	0	0	0	0	0	0	0	0	116	0	312	0	5264	0	0	0	520	0	1554	0	0	0	0	0	0	0	934	0	3788	0	484	0	0	0	744	0	1554	0	128	0	378	0	0	0	326	0	0	0	0	0	0	0	0	0	0	0	0	0	0	0	0	0	0	0	0	0	0	0	0	0	0	
726196	Supp_Motor_Area_L	4794	1856	96896	11500	482	0	6042	610	0	0	3508	268	4142	724	0	0	1418	0	0	51996	0	0	8996	3782	0	0	0	0	12132	1808	8238	5592	15766	21934	4046	560	8938	420	208	0	0	0	0	0	0	0	0	0	0	0	314	0	196	0	730	104	150	0	0	0	0	0	0	0	0	0	0	0	9786	0	15100	4330	21064	824	9358	990	20446	524	418	0	984	0	0	0	280	0	0	0	844	0	0	0	0	0	0	0	0	0	0	0	0	0	0	0	0	0	0	0	0	0	0	0	0	0	0	0	
808008	Supp_Motor_Area_R	1258	7202	34514	78928	0	768	7532	5852	0	0	1710	7268	1012	2802	0	0	690	8678	51996	0	0	0	3526	11928	0	1190	0	160	1626	10684	5030	18846	6180	44390	408	5876	544	1176	170	238	0	0	0	0	0	0	0	130	0	0	0	0	0	134	0	526	0	2780	0	0	0	0	0	110	0	0	0	1746	4728	7716	7494	29982	1674	7464	434	4302	426	11198	0	0	324	0	144	0	0	208	0	0	104	198	0	0	0	0	0	0	0	0	0	0	0	0	0	0	0	0	0	0	0	0	0	0	0	0	0	0	
70276	Olfactory_L	0	0	490	128	1900	616	104	0	264	0	0	0	0	0	2036	168	0	0	0	0	0	4084	0	208	172	1104	1914	1384	2498	0	2090	1604	0	0	0	0	324	0	398	0	948	0	0	0	0	0	0	0	0	0	0	0	0	0	154	0	0	0	0	0	0	0	0	0	0	0	0	0	0	0	5826	1724	4522	244	0	0	0	0	0	0	0	0	234	0	0	0	0	0	0	0	0	0	0	0	0	0	0	0	0	0	0	0	0	0	0	0	0	0	0	0	0	0	0	0	0	0	
82148	Olfactory_R	0	0	0	300	0	2280	0	0	0	0	0	0	0	0	0	1428	0	0	0	0	4084	0	0	472	0	1920	0	3782	0	1658	1822	3174	0	0	0	0	0	0	0	0	0	0	0	0	0	0	0	0	0	0	0	0	0	0	0	0	0	0	0	0	0	0	0	0	0	0	0	0	0	0	6884	5316	5848	2106	0	0	0	0	0	0	0	0	0	0	0	0	0	0	0	0	0	0	0	0	0	0	0	0	0	0	0	0	0	0	0	0	0	0	0	0	0	0	0	0	0	0	
476700	Frontal_Sup_Medial_L	0	0	55050	11702	5398	228	13424	1472	0	0	888	294	8588	746	0	0	192	0	8996	3526	0	0	0	31152	2052	550	720	0	10146	1404	30030	21104	7766	16638	0	0	0	0	0	0	0	0	0	0	0	0	0	0	0	0	0	0	0	0	0	0	0	0	0	0	0	0	0	0	0	0	0	0	0	0	576	2310	2572	826	0	0	0	0	0	0	0	0	0	0	0	0	0	0	0	0	0	0	0	0	0	0	0	0	0	0	0	0	0	0	0	0	0	0	0	0	0	0	0	0	0	0	
560796	Frontal_Sup_Medial_R	0	0	13852	51406	278	5484	1982	5578	0	0	0	1636	804	5446	0	738	0	102	3782	11928	208	472	31152	0	402	11474	0	1994	864	10938	9424	49132	360	29142	0	0	0	0	0	0	0	0	0	0	0	0	0	0	0	0	0	0	0	0	0	0	0	0	0	0	0	0	0	0	0	0	0	0	0	0	550	18130	218	12922	0	0	0	0	0	0	0	0	0	0	0	0	0	0	0	0	0	0	0	0	0	0	0	0	0	0	0	0	0	0	0	0	0	0	0	0	0	0	0	0	0	0	
27336	Frontal_Med_Orb_L	0	0	1490	0	2360	660	0	0	328	0	0	0	0	0	0	0	0	0	0	0	172	0	2052	402	0	846	1826	102	0	0	2870	124	0	0	0	0	0	0	0	0	0	0	0	0	0	0	0	0	0	0	0	0	0	0	0	0	0	0	0	0	0	0	0	0	0	0	0	0	0	0	236	0	200	0	0	0	0	0	0	0	0	0	0	0	0	0	0	0	0	0	0	0	0	0	0	0	0	0	0	0	0	0	0	0	0	0	0	0	0	0	0	0	0	0	0	0	
135996	Frontal_Med_Orb_R	0	0	108	6588	0	9726	0	190	0	0	0	0	0	340	0	0	0	0	0	1190	1104	1920	550	11474	846	0	124	7634	0	566	2664	9902	0	372	0	0	0	0	0	0	0	0	0	0	0	0	0	0	0	0	0	0	0	0	0	0	0	0	0	0	0	0	0	0	0	0	0	0	0	0	1074	5360	716	5550	0	0	0	0	0	0	0	0	0	0	0	0	0	0	0	0	0	0	0	0	0	0	0	0	0	0	0	0	0	0	0	0	0	0	0	0	0	0	0	0	0	0	
54260	Rectus_L	0	0	1754	0	9030	0	0	0	2974	0	0	0	0	0	1098	0	0	0	0	0	1914	0	720	0	1826	124	0	0	886	0	3956	212	0	0	0	0	0	0	0	0	0	0	0	0	0	0	0	0	0	0	0	0	0	0	0	0	0	0	0	0	0	0	0	0	0	0	0	0	0	0	812	0	1824	0	0	0	0	0	0	0	0	0	0	0	0	0	0	0	0	0	0	0	0	0	0	0	0	0	0	0	0	0	0	0	0	0	0	0	0	0	0	0	0	0	0	0	
79008	Rectus_R	0	0	0	1088	0	8762	0	0	0	0	0	0	0	166	0	1716	0	0	0	160	1384	3782	0	1994	102	7634	0	0	0	1338	770	3246	0	0	0	0	0	0	0	0	0	0	0	0	0	0	0	0	0	0	0	0	0	0	0	0	0	0	0	0	0	0	0	0	0	0	0	0	0	0	1796	2340	1394	1832	0	0	0	0	0	0	0	0	0	0	0	0	0	0	0	0	0	0	0	0	0	0	0	0	0	0	0	0	0	0	0	0	0	0	0	0	0	0	0	0	0	0	
601336	Insula_L	10730	0	46432	974	10846	0	30972	0	1266	0	8494	354	40832	188	12434	0	13840	0	12132	1626	2498	0	10146	864	0	0	886	0	0	150	7858	770	952	904	948	880	9852	720	1140	0	2654	0	224	0	0	0	120	0	0	0	984	0	1154	0	5980	0	6094	0	0	0	184	0	200	0	100	0	204	0	0	0	1296	1118	21798	0	138	0	1604	608	7418	0	7690	0	2538	0	1286	0	0	0	7588	0	0	0	0	0	0	0	0	0	0	0	0	0	0	0	0	0	0	0	0	0	0	0	0	0	0	0	
351212	Insula_R	0	4006	424	28862	0	1210	0	12742	0	184	0	9224	134	15334	0	5982	0	12454	1808	10684	0	1658	1404	10938	0	566	0	1338	150	0	196	8390	888	7292	0	0	0	3728	0	810	0	266	0	0	0	0	0	0	0	0	0	0	0	0	0	2306	0	3990	0	0	0	0	0	0	0	0	0	0	0	0	0	6032	0	18230	0	160	0	780	0	184	0	1824	0	190	0	472	0	0	0	766	0	0	0	0	0	0	0	0	0	0	0	0	0	0	0	0	0	0	0	0	0	0	0	0	0	0	
367604	Cingulum_Ant_L	196	0	23292	5242	3078	556	5728	410	286	0	2318	406	4158	260	0	0	462	0	8238	5030	2090	1822	30030	9424	2870	2664	3956	770	7858	196	0	23644	5308	8514	0	0	0	0	0	0	0	0	0	0	0	0	0	0	0	0	0	0	0	0	0	0	0	0	0	0	0	0	0	0	0	0	0	0	0	0	7448	3722	11110	2286	0	0	0	0	0	0	274	0	156	0	0	0	0	0	0	0	0	0	0	0	0	0	0	0	0	0	0	0	0	0	0	0	0	0	0	0	0	0	0	0	0	0	
649668	Cingulum_Ant_R	182	0	10572	52208	0	1990	3142	5312	0	0	474	3246	608	5300	0	630	322	256	5592	18846	1604	3174	21104	49132	124	9902	212	3246	770	8390	23644	0	3774	32376	0	0	0	0	0	0	0	0	0	0	0	0	0	0	0	0	0	0	0	0	0	0	0	0	0	0	0	0	0	0	0	0	0	0	0	0	5882	31850	3786	17072	0	0	0	0	0	0	112	0	0	0	0	0	0	0	0	0	0	0	0	0	0	0	0	0	0	0	0	0	0	0	0	0	0	0	0	0	0	0	0	0	0	0	
173684	Cingulum_Mid_L	154	0	7740	944	0	0	1786	574	0	0	0	0	846	940	0	0	0	0	15766	6180	0	0	7766	360	0	0	0	0	952	888	5308	3774	0	14194	4024	380	0	0	0	0	0	0	276	0	108	0	0	0	700	0	1482	0	0	0	0	0	144	124	918	0	112	0	0	0	100	0	2622	352	6606	412	114	0	0	0	0	0	0	0	0	0	0	0	0	0	196	0	0	0	0	0	0	0	0	0	0	0	0	0	0	0	0	0	0	0	0	0	0	0	0	0	0	0	0	0	0	0	
531824	Cingulum_Mid_R	1062	2322	11374	28466	0	170	3500	4294	0	0	110	1308	874	4940	0	326	0	106	21934	44390	0	0	16638	29142	0	372	0	0	904	7292	8514	32376	14194	0	272	6670	226	0	0	0	0	0	0	0	0	0	0	0	0	0	0	0	0	0	0	0	0	812	0	0	0	0	0	0	0	0	324	3626	5104	6116	1044	4652	0	1856	182	214	104	102	0	0	0	0	0	0	0	0	0	0	0	0	0	0	0	0	0	0	0	0	0	0	0	0	0	0	0	0	0	0	0	0	0	0	0	0	0	0	
165264	Cingulum_Post_L	2818	1714	3090	0	0	0	178	98	0	0	0	0	0	0	0	0	0	0	4046	408	0	0	0	0	0	0	0	0	948	0	0	0	4024	272	0	13290	9356	6338	2452	246	0	0	2514	0	654	0	2754	150	0	0	734	0	584	0	378	114	102	0	0	0	0	0	0	0	0	0	3998	982	7956	0	0	566	134	138	0	0	4722	4326	1198	0	0	0	0	0	792	0	0	0	558	0	0	0	0	0	0	0	0	0	0	0	0	0	0	0	0	0	0	0	0	0	0	0	0	0	0	0	
190156	Cingulum_Post_R	1244	3922	602	110	0	0	178	158	0	0	0	0	0	0	0	0	0	0	560	5876	0	0	0	0	0	0	0	0	880	0	0	0	380	6670	13290	0	7310	9204	1720	1360	0	0	0	800	0	0	226	3746	0	0	0	0	0	240	322	2472	0	1934	0	0	0	0	0	0	0	0	1252	10678	1114	5984	0	570	118	148	0	0	4984	4688	1164	0	0	0	0	0	0	0	0	0	0	0	0	0	0	0	0	0	0	0	0	0	0	0	0	0	0	0	0	0	0	0	1174	0	0	0	0	0	
289240	Hippocampus_L	2824	122	7014	100	0	0	1432	0	0	0	132	0	0	0	400	0	266	0	8938	544	324	0	0	0	0	0	0	0	9852	0	0	0	0	226	9356	7310	0	5472	10498	196	6364	0	1828	0	222	0	3308	166	0	0	250	0	292	0	15862	0	666	0	0	0	0	0	0	0	0	0	2928	430	0	0	558	512	9326	146	5712	0	11068	3810	3220	0	1336	0	538	0	184	0	0	0	10240	0	204	0	0	0	0	0	220	0	224	0	0	0	0	0	0	0	0	0	0	0	0	0	0	0	0	0	
234248	Hippocampus_R	326	3502	494	1224	0	0	112	1720	0	0	0	578	0	0	0	0	0	672	420	1176	0	0	0	0	0	0	0	0	720	3728	0	0	0	0	6338	9204	5472	0	1450	14660	0	6112	0	562	0	0	156	2478	0	0	0	0	0	420	248	20666	0	1478	0	0	0	0	0	0	0	0	424	3530	0	0	0	1204	0	7838	0	102	3912	5406	870	208	0	2038	0	552	0	1082	0	0	0	4896	0	0	0	0	0	0	0	170	0	0	0	0	0	0	0	0	0	0	0	0	976	0	0	0	0	0	
80064	ParaHippocampal_L	106	176	286	172	0	0	0	0	0	0	0	0	0	0	504	0	0	0	208	170	398	0	0	0	0	0	0	0	1140	0	0	0	0	0	2452	1720	10498	1450	0	134	1090	0	586	0	0	0	2472	238	0	0	0	0	0	0	6072	0	0	140	0	0	0	0	0	0	0	0	1396	0	0	0	0	100	956	288	0	0	1634	818	0	0	0	0	1950	0	0	0	1114	0	302	0	474	0	122	0	0	0	228	0	526	0	0	0	112	0	0	0	0	0	0	0	0	0	0	0	0	0	
102068	ParaHippocampal_R	0	1732	0	126	0	0	0	312	0	0	0	176	0	0	0	0	0	238	0	238	0	0	0	0	0	0	0	0	0	810	0	0	0	0	246	1360	196	14660	134	0	0	4466	0	222	0	0	0	1578	0	0	0	0	0	0	0	16646	0	458	0	0	0	0	0	0	0	0	0	1378	0	218	0	0	0	1622	0	0	0	310	0	0	0	406	0	1112	0	332	0	550	0	920	0	0	0	0	0	0	0	588	0	0	0	0	0	0	0	0	0	0	0	0	0	0	0	0	0	0	
39848	Amygdala_L	0	0	238	0	306	0	122	0	0	0	0	0	0	0	644	0	0	0	0	0	948	0	0	0	0	0	0	0	2654	0	0	0	0	0	0	0	6364	0	1090	0	0	0	0	0	0	0	0	0	0	0	0	0	0	0	3808	0	0	0	0	0	0	0	0	0	0	0	0	0	0	0	0	0	450	0	0	0	132	0	0	0	0	0	738	0	0	0	0	0	2430	0	0	0	0	0	0	0	0	0	0	0	0	0	0	0	0	0	0	0	0	0	0	0	0	0	0	0	
40032	Amygdala_R	0	0	0	0	0	0	0	0	0	0	0	0	0	0	0	0	0	0	0	0	0	0	0	0	0	0	0	0	0	266	0	0	0	0	0	0	0	6112	0	4466	0	0	0	0	0	0	0	0	0	0	0	0	0	0	0	6284	0	0	0	0	0	0	0	0	0	0	0	0	0	0	0	0	0	322	0	0	0	0	0	0	0	0	0	1982	0	0	0	144	0	440	0	0	0	0	0	0	0	0	0	0	0	0	0	0	0	0	0	0	0	0	0	0	0	0	0	0	
171820	Calcarine_L	188	0	0	0	0	0	0	0	0	0	0	0	0	0	0	0	0	0	0	0	0	0	0	0	0	0	0	0	224	0	0	0	276	0	2514	0	1828	0	586	0	0	0	0	4860	10424	3648	11278	2792	3956	840	12510	112	11070	0	444	220	0	0	326	0	0	0	0	0	0	0	10838	134	486	0	0	0	0	0	0	0	0	0	322	0	138	0	0	0	2996	0	0	0	2900	0	0	0	0	0	0	0	0	0	0	0	0	0	0	0	0	0	0	0	0	0	0	0	0	0	0	0	
240132	Calcarine_R	0	614	0	0	0	0	0	0	0	0	0	0	0	0	0	0	0	0	0	0	0	0	0	0	0	0	0	0	0	0	0	0	0	0	0	800	0	562	0	222	0	0	4860	0	2726	31004	1324	16580	0	23552	0	10824	0	3364	0	10196	0	1210	0	0	0	0	0	100	0	0	602	7208	0	202	0	0	0	0	0	0	0	0	0	0	0	0	0	0	0	2696	0	0	0	1214	0	0	0	0	0	0	0	0	0	0	0	0	0	0	0	0	0	0	0	0	206	0	0	0	0	0	
97212	Cuneus_L	0	0	0	0	0	0	0	0	0	0	0	0	0	0	0	0	0	0	0	0	0	0	0	0	0	0	0	0	0	0	0	0	108	0	654	0	222	0	0	0	0	0	10424	2726	0	4398	2318	170	11278	692	5862	106	1384	0	0	152	0	0	958	0	0	0	0	0	0	0	5888	614	332	0	0	0	0	0	0	0	0	0	0	0	0	0	0	0	174	0	0	0	146	0	0	0	0	0	0	0	0	0	0	0	0	0	0	0	0	0	0	0	0	0	0	0	0	0	0	0	
272640	Cuneus_R	0	766	0	0	0	0	0	0	0	0	0	0	0	0	0	0	0	0	0	0	0	0	0	0	0	0	0	0	0	0	0	0	0	0	0	0	0	0	0	0	0	0	3648	31004	4398	0	318	5564	0	34900	0	14644	0	1012	0	3090	0	8724	0	3918	0	146	0	108	0	0	1382	16068	0	1756	0	0	0	0	0	0	0	0	0	0	0	0	0	0	0	4298	0	0	0	576	0	0	0	0	0	0	0	0	0	0	0	0	0	0	0	0	0	0	0	0	0	0	0	0	0	0	
197740	Lingual_L	0	0	0	0	0	0	0	0	0	0	0	0	0	0	0	0	0	0	0	0	0	0	0	0	0	0	0	0	120	0	0	0	0	0	2754	226	3308	156	2472	0	0	0	11278	1324	2318	318	0	1778	2080	196	12610	0	5418	0	10294	258	0	0	218	0	0	0	0	0	0	0	7338	0	244	0	0	0	0	0	0	0	384	0	210	0	0	0	0	0	1334	0	0	0	1560	0	6582	368	902	0	0	0	5788	552	10214	946	0	108	0	128	0	0	0	0	0	0	2374	1568	1144	0	0	0	
201312	Lingual_R	0	372	0	0	0	0	0	0	0	0	0	0	0	0	0	0	0	0	0	130	0	0	0	0	0	0	0	0	0	0	0	0	0	0	150	3746	166	2478	238	1578	0	0	2792	16580	170	5564	1778	0	0	3984	0	1972	0	2202	274	19270	0	652	0	0	0	0	0	0	0	0	280	9322	0	706	0	0	0	0	0	0	0	0	0	0	0	0	0	0	0	272	0	0	0	210	706	2586	210	0	0	0	708	3276	1162	6678	0	0	0	356	0	102	0	0	0	0	4230	4392	1364	0	0	0	
124452	Occipital_Sup_L	0	0	0	0	0	0	0	0	0	0	0	0	0	0	0	0	0	0	0	0	0	0	0	0	0	0	0	0	0	0	0	0	700	0	0	0	0	0	0	0	0	0	3956	0	11278	0	2080	0	0	0	22840	0	318	0	164	0	172	0	9606	0	736	0	0	0	2328	0	7466	0	0	0	0	0	0	0	0	0	0	0	0	0	0	0	0	0	348	0	0	0	234	0	0	0	0	0	0	0	0	0	0	0	0	0	0	0	0	0	0	0	0	0	0	0	0	0	0	0	
243876	Occipital_Sup_R	0	444	0	0	0	0	0	0	0	0	0	0	0	0	0	0	0	0	0	0	0	0	0	0	0	0	0	0	0	0	0	0	0	0	0	0	0	0	0	0	0	0	840	23552	692	34900	196	3984	0	0	0	20966	0	1086	0	2816	0	5742	0	2816	0	1218	0	614	0	4182	556	9858	0	522	0	0	0	0	0	0	0	0	0	0	0	102	0	0	0	5054	0	0	0	1798	0	0	0	0	0	0	0	0	0	0	0	0	0	0	0	0	0	0	0	0	0	0	0	0	0	0	
353648	Occipital_Mid_L	3844	0	340	0	0	0	118	0	0	0	0	0	0	0	0	0	276	0	314	0	0	0	0	0	0	0	0	0	984	0	0	0	1482	0	734	0	250	0	0	0	0	0	12510	0	5862	0	12610	0	22840	0	0	0	33510	0	3444	0	4626	0	13244	0	6646	0	2326	0	13446	0	11634	0	6672	0	0	0	0	0	0	0	0	0	526	0	496	0	0	0	14190	0	0	0	3900	0	0	0	0	0	0	0	0	0	0	0	0	0	0	0	0	0	0	0	0	0	0	0	0	0	0	0	
148512	Occipital_Mid_R	0	144	0	0	0	0	0	0	0	0	0	0	0	0	0	0	0	0	0	0	0	0	0	0	0	0	0	0	0	0	0	0	0	0	0	0	0	0	0	0	0	0	112	10824	106	14644	0	1972	0	20966	0	0	0	2364	0	2668	0	1482	0	568	0	1434	0	582	0	8626	0	3024	0	100	0	0	0	0	0	0	0	0	0	0	0	212	0	0	0	3946	0	0	0	482	0	0	0	0	0	0	0	0	0	0	0	0	0	0	0	0	0	0	0	0	0	0	0	0	0	0	
182068	Occipital_Inf_L	2612	0	180	0	0	0	122	0	0	0	0	0	0	0	0	0	624	0	196	0	0	0	0	0	0	0	0	0	1154	0	0	0	0	0	584	0	292	0	0	0	0	0	11070	0	1384	0	5418	0	318	0	33510	0	0	0	5208	0	644	0	128	0	1340	0	2440	0	510	0	4484	0	2550	0	0	0	0	0	0	0	0	0	1494	0	952	0	0	0	6796	0	0	0	7024	0	0	0	0	0	0	0	0	0	0	0	0	0	0	0	0	0	0	0	0	0	0	0	0	0	0	0	
61052	Occipital_Inf_R	0	1398	0	0	0	0	0	234	0	0	0	0	0	0	0	0	0	116	0	134	0	0	0	0	0	0	0	0	0	0	0	0	0	0	0	240	0	420	0	0	0	0	0	3364	0	1012	0	2202	0	1086	0	2364	0	0	0	9966	0	990	0	0	0	0	0	360	0	214	0	2216	0	146	0	0	0	150	0	0	0	0	0	122	0	186	0	0	0	1616	0	0	0	1990	0	0	0	0	0	0	0	0	0	0	0	0	0	0	0	0	0	0	0	0	0	0	0	0	0	0	
317728	Fusiform_L	674	0	928	0	0	0	238	0	0	0	0	0	0	0	160	0	156	0	730	0	154	0	0	0	0	0	0	0	5980	0	0	0	0	0	378	322	15862	248	6072	0	3808	0	444	0	0	0	10294	274	164	0	3444	0	5208	0	0	0	0	0	0	0	0	0	0	0	0	0	482	0	0	0	0	0	3230	0	0	0	712	240	2070	0	2034	0	3978	0	1534	0	1916	0	14286	0	23736	120	4082	0	0	0	10316	216	26812	370	1396	0	2074	0	272	0	0	0	0	0	2598	554	298	0	0	0	
345940	Fusiform_R	0	5492	108	132	0	0	0	812	0	0	0	106	0	0	0	0	0	312	104	526	0	0	0	0	0	0	0	0	0	2306	0	0	0	0	114	2472	0	20666	0	16646	0	6284	220	10196	152	3090	258	19270	0	2816	0	2668	0	9966	0	0	0	2754	0	0	0	126	0	468	0	214	0	6490	0	846	0	0	0	1342	0	0	0	300	0	418	0	2976	0	4772	0	2740	0	3062	0	13160	230	5334	140	108	0	132	118	3414	420	10820	0	0	0	136	0	0	0	0	0	0	2530	4166	1038	0	0	0	
219660	Postcentral_L	27220	0	2024	0	0	0	3068	0	0	0	2710	0	98	0	0	0	9184	0	150	0	0	0	0	0	0	0	0	0	6094	0	0	0	144	0	102	0	666	0	0	0	0	0	0	0	0	0	0	0	172	0	4626	0	644	0	0	0	0	0	7552	0	20340	0	6258	0	1004	0	2848	0	1854	0	292	0	2574	0	410	0	670	0	2850	0	1138	0	0	0	2996	0	0	0	2142	0	0	0	0	0	0	0	0	0	0	0	0	0	0	0	0	0	0	0	0	0	0	0	0	0	0	0	
275740	Postcentral_R	0	30556	0	3282	0	0	0	1324	0	0	0	3036	0	0	0	0	0	5264	0	2780	0	0	0	0	0	0	0	0	0	3990	0	0	124	812	0	1934	0	1478	140	458	0	0	0	1210	0	8724	0	652	0	5742	0	1482	0	990	0	2754	0	0	0	5368	0	5048	0	6680	0	190	296	16678	0	8248	0	608	0	4012	0	124	0	1106	0	692	0	836	0	0	0	6034	0	0	0	5218	0	0	0	0	0	0	0	0	0	0	0	0	0	0	0	0	0	0	0	0	0	0	0	0	0	0	
104176	Parietal_Sup_L	298	0	0	0	0	0	0	0	0	0	0	0	0	0	0	0	0	0	0	0	0	0	0	0	0	0	0	0	0	0	0	0	918	0	0	0	0	0	0	0	0	0	326	0	958	0	218	0	9606	0	13244	0	128	0	0	0	7552	0	0	0	9148	0	0	0	1186	0	7840	0	666	0	0	0	0	0	0	0	0	0	0	0	0	0	0	0	0	0	0	0	0	0	0	0	0	0	0	0	0	0	0	0	0	0	0	0	0	0	0	0	0	0	0	0	0	0	0	0	
52172	Parietal_Sup_R	0	0	0	0	0	0	0	0	0	0	0	0	0	0	0	0	0	0	0	0	0	0	0	0	0	0	0	0	0	0	0	0	0	0	0	0	0	0	0	0	0	0	0	0	0	3918	0	0	0	2816	0	568	0	0	0	0	0	5368	0	0	0	3248	0	282	0	1696	140	6702	0	1060	0	0	0	0	0	0	0	0	0	0	0	0	0	0	0	0	0	0	0	288	0	0	0	0	0	0	0	0	0	0	0	0	0	0	0	0	0	0	0	0	0	0	0	0	0	0	
160204	Parietal_Inf_L	2758	0	164	0	0	0	380	0	0	0	0	0	0	0	0	0	594	0	0	0	0	0	0	0	0	0	0	0	184	0	0	0	112	0	0	0	0	0	0	0	0	0	0	0	0	0	0	0	736	0	6646	0	1340	0	0	0	20340	0	9148	0	0	0	19148	0	7650	0	670	0	382	0	0	0	0	0	0	0	0	0	240	0	1714	0	0	0	6730	0	0	0	1166	0	0	0	0	0	0	0	0	0	0	0	0	0	0	0	0	0	0	0	0	0	0	0	0	0	0	0	
64716	Parietal_Inf_R	0	1080	0	0	0	0	0	150	0	0	0	0	0	0	0	0	0	520	0	0	0	0	0	0	0	0	0	0	0	0	0	0	0	0	0	0	0	0	0	0	0	0	0	0	0	146	0	0	0	1218	0	1434	0	0	0	126	0	5048	0	3248	0	0	0	10610	0	6832	0	530	0	0	0	0	0	0	0	0	0	0	0	0	0	322	0	0	0	232	0	0	0	862	0	0	0	0	0	0	0	0	0	0	0	0	0	0	0	0	0	0	0	0	0	0	0	0	0	0	
103040	SupraMarginal_L	1878	0	0	0	0	0	0	0	0	0	0	0	0	0	0	0	1452	0	0	0	0	0	0	0	0	0	0	0	200	0	0	0	0	0	0	0	0	0	0	0	0	0	0	0	0	0	0	0	0	0	2326	0	2440	0	0	0	6258	0	0	0	19148	0	0	0	5026	0	0	0	684	0	0	0	0	0	0	0	0	0	246	0	3806	0	0	0	7024	0	0	0	1032	0	0	0	0	0	0	0	0	0	0	0	0	0	0	0	0	0	0	0	0	0	0	0	0	0	0	0	
97672	SupraMarginal_R	0	1708	0	124	0	0	0	200	0	0	0	0	0	0	0	0	0	1554	0	110	0	0	0	0	0	0	0	0	0	0	0	0	0	0	0	0	0	0	0	0	0	0	0	100	0	108	0	0	0	614	0	582	0	360	0	468	0	6680	0	282	0	10610	0	0	0	7206	0	102	0	0	0	0	0	0	0	0	0	0	0	0	0	5314	0	0	0	8590	0	0	0	4124	0	0	0	0	0	0	0	0	0	0	0	0	0	0	0	0	0	0	0	0	0	0	0	0	0	0	
100624	Angular_L	682	0	0	0	0	0	230	0	0	0	0	0	0	0	0	0	120	0	0	0	0	0	0	0	0	0	0	0	100	0	0	0	100	0	0	0	0	0	0	0	0	0	0	0	0	0	0	0	2328	0	13446	0	510	0	0	0	1004	0	1186	0	7650	0	5026	0	0	0	594	0	126	0	0	0	0	0	0	0	0	0	1444	0	704	0	0	0	13572	0	0	0	1490	0	0	0	0	0	0	0	0	0	0	0	0	0	0	0	0	0	0	0	0	0	0	0	0	0	0	0	
70720	Angular_R	0	0	0	0	0	0	0	0	0	0	0	0	0	0	0	0	0	0	0	0	0	0	0	0	0	0	0	0	0	0	0	0	0	0	0	0	0	0	0	0	0	0	0	0	0	0	0	0	0	4182	0	8626	0	214	0	214	0	190	0	1696	0	6832	0	7206	0	0	0	0	0	0	0	0	0	0	0	0	0	0	0	0	0	1610	0	0	0	3732	0	0	0	858	0	0	0	0	0	0	0	0	0	0	0	0	0	0	0	0	0	0	0	0	0	0	0	0	0	0	
172284	Precuneus_L	134	0	0	0	0	0	0	0	0	0	0	0	0	0	0	0	0	0	0	0	0	0	0	0	0	0	0	0	204	0	0	0	2622	324	3998	1252	2928	424	1396	0	0	0	10838	602	5888	1382	7338	280	7466	556	11634	0	4484	0	482	0	2848	296	7840	140	670	0	0	0	594	0	0	2130	2492	124	0	0	0	0	0	0	112	0	196	0	0	0	0	0	2156	0	0	0	2312	0	0	0	0	0	0	0	0	0	0	0	0	0	0	0	0	0	0	0	0	0	0	0	0	0	0	0	
248976	Precuneus_R	0	3754	0	0	0	0	0	0	0	0	0	0	0	0	0	0	0	0	0	1746	0	0	0	0	0	0	0	0	0	0	0	0	352	3626	982	10678	430	3530	0	1378	0	0	134	7208	614	16068	0	9322	0	9858	0	3024	0	2216	0	6490	0	16678	0	6702	0	530	0	102	0	0	2130	0	180	7280	0	0	0	0	0	0	0	0	0	0	0	0	0	0	0	6046	0	0	0	2060	0	0	0	0	0	0	0	172	0	0	0	0	0	0	0	0	0	0	0	0	1198	0	0	0	0	0	
156552	Paracentral_Lobule_L	12056	4238	3330	520	0	0	1002	0	0	0	0	0	0	0	0	0	0	0	9786	4728	0	0	0	0	0	0	0	0	0	0	0	0	6606	5104	7956	1114	0	0	0	0	0	0	486	0	332	0	244	0	0	0	6672	0	2550	0	0	0	1854	0	666	0	382	0	684	0	126	0	2492	180	0	672	0	124	0	0	0	124	0	0	0	0	0	0	0	0	3394	0	0	0	854	0	0	0	0	0	0	0	0	0	0	0	0	0	0	0	0	0	0	0	0	0	0	0	0	0	0	0	
96800	Paracentral_Lobule_R	0	3110	0	0	0	0	0	0	0	0	0	0	0	0	0	0	0	0	0	7716	0	0	0	0	0	0	0	0	0	0	0	0	412	6116	0	5984	0	0	0	218	0	0	0	202	0	1756	0	706	0	522	0	100	0	146	0	846	0	8248	0	1060	0	0	0	0	0	0	124	7280	672	0	0	0	0	0	0	0	0	0	0	0	0	0	0	0	0	2026	0	0	0	1156	0	0	0	0	0	0	0	0	0	0	0	0	0	0	0	0	0	0	0	0	0	0	0	0	0	0	
270396	Caudate_L	1466	904	17716	6516	202	698	3512	632	0	0	1826	388	242	182	0	168	1274	0	15100	7494	5826	6884	576	550	236	1074	812	1796	1296	0	7448	5882	114	1044	0	0	558	0	0	0	0	0	0	0	0	0	0	0	0	0	0	0	0	0	0	0	292	0	0	0	0	0	0	0	0	0	0	0	0	0	0	11462	19240	4848	1588	264	4402	0	0	0	502	0	184	0	0	0	0	0	0	0	0	0	0	0	0	0	0	0	0	0	0	0	0	0	0	0	0	0	0	0	0	0	0	0	0	0	
527480	Caudate_R	682	2632	3852	38894	0	2870	1166	8126	0	0	2648	2956	738	2646	0	1188	1056	934	4330	29982	1724	5316	2310	18130	0	5360	0	2340	1118	6032	3722	31850	0	4652	566	570	512	1204	100	0	0	0	0	0	0	0	0	0	0	0	0	0	0	0	0	0	0	608	0	0	0	0	0	0	0	0	0	0	124	0	11462	0	6814	28772	242	6344	980	17486	0	0	500	0	202	0	0	0	0	0	0	0	0	0	0	0	0	0	0	0	0	0	0	0	0	0	0	0	0	0	0	0	0	0	0	0	0	0	
413300	Putamen_L	9032	0	36944	1214	8198	494	5772	564	648	0	774	0	1578	0	2360	102	1266	0	21064	1674	4522	5848	2572	218	200	716	1824	1394	21798	0	11110	3786	0	0	134	118	9326	0	956	0	450	0	0	0	0	0	0	0	0	0	0	0	0	0	3230	0	2574	0	0	0	0	0	0	0	0	0	0	0	0	0	19240	6814	0	3780	7234	0	3282	98	320	0	714	0	320	0	0	0	0	0	2388	0	0	0	0	0	0	0	0	0	0	0	0	0	0	0	0	0	0	0	0	0	0	0	0	0	0	0	
398356	Putamen_R	308	5688	1050	29930	0	2900	460	16170	0	120	0	2482	0	2404	0	1486	0	3788	824	7464	244	2106	826	12922	0	5550	0	1832	0	18230	2286	17072	0	1856	138	148	146	7838	288	1622	0	322	0	0	0	0	0	0	0	0	0	0	0	150	0	1342	0	4012	0	0	0	0	0	0	0	0	0	0	0	0	4848	28772	3780	0	0	5016	144	2448	0	0	0	166	0	0	0	0	0	0	0	0	0	0	0	0	0	0	0	0	0	0	0	0	0	0	0	0	0	0	0	0	0	0	0	0	0	0	
81420	Pallidum_L	1352	0	8508	0	0	0	160	0	0	0	0	0	0	0	0	0	156	0	9358	434	0	0	0	0	0	0	0	0	138	0	0	0	0	182	0	0	5712	0	0	0	0	0	0	0	0	0	0	0	0	0	0	0	0	0	0	0	410	0	0	0	0	0	0	0	0	0	0	0	0	0	1588	242	7234	0	0	0	5236	0	0	0	0	0	0	0	0	0	0	0	0	0	0	0	0	0	0	0	0	0	0	0	0	0	0	0	0	0	0	0	0	0	0	0	0	0	0	0	
59604	Pallidum_R	0	412	354	5128	0	0	0	1486	0	0	0	140	0	0	0	0	0	484	990	4302	0	0	0	0	0	0	0	0	0	160	0	0	0	214	0	0	0	102	0	0	0	0	0	0	0	0	0	0	0	0	0	0	0	0	0	0	0	124	0	0	0	0	0	0	0	0	0	0	124	0	264	6344	0	5016	0	0	0	4158	0	0	0	0	0	0	0	0	0	0	0	0	0	0	0	0	0	0	0	0	0	0	0	0	0	0	0	0	0	0	0	0	0	0	0	0	0	0	
187348	Thalamus_L	1376	1434	16194	374	0	0	370	0	0	0	0	0	0	0	0	0	0	0	20446	426	0	0	0	0	0	0	0	0	1604	0	0	0	0	104	4722	4984	11068	3912	1634	0	132	0	0	0	0	0	384	0	0	0	0	0	0	0	712	0	670	0	0	0	0	0	0	0	0	0	112	0	0	0	4402	980	3282	144	5236	0	0	7778	678	0	0	0	0	0	0	0	0	0	516	0	0	0	0	0	0	0	0	0	0	0	0	0	0	0	0	0	0	0	0	0	0	0	0	0	0	0	
150688	Thalamus_R	278	2000	550	5210	0	0	0	368	0	0	0	0	0	0	0	0	0	0	524	11198	0	0	0	0	0	0	0	0	608	780	0	0	0	102	4326	4688	3810	5406	818	310	0	0	0	0	0	0	0	0	0	0	0	0	0	0	240	300	0	1106	0	0	0	0	0	0	0	0	0	0	0	0	0	17486	98	2448	0	4158	7778	0	754	0	0	0	0	0	0	0	0	0	0	0	0	0	0	0	0	0	0	0	0	0	0	0	0	0	0	0	0	0	0	0	0	0	0	0	0	0	
100956	Heschl_L	3752	0	1874	0	0	0	2328	0	0	0	2018	0	146	0	0	0	4712	0	418	0	0	0	0	0	0	0	0	0	7418	0	0	0	0	0	1198	1164	3220	870	0	0	0	0	322	0	0	0	210	0	0	0	526	0	1494	0	2070	0	2850	0	0	0	240	0	246	0	1444	0	196	0	0	0	0	0	320	0	0	0	678	754	0	0	2996	0	0	0	4542	0	0	0	2472	0	0	0	0	0	0	0	0	0	0	0	0	0	0	0	0	0	0	0	0	0	0	0	0	0	0	0	
18244	Heschl_R	0	996	0	0	0	0	0	552	0	0	0	0	0	0	0	0	0	744	0	0	0	0	0	0	0	0	0	0	0	184	0	0	0	0	0	0	0	208	0	0	0	0	0	0	0	0	0	0	0	0	0	0	0	122	0	418	0	692	0	0	0	0	0	0	0	0	0	0	0	0	0	0	0	0	0	0	0	0	0	0	0	3402	0	0	0	1184	0	0	0	620	0	0	0	0	0	0	0	0	0	0	0	0	0	0	0	0	0	0	0	0	0	0	0	0	0	0	
199636	Temporal_Sup_L	2948	0	2664	196	0	0	1936	0	0	0	3758	102	1312	0	0	0	9158	0	984	324	0	0	0	0	0	0	0	0	7690	0	274	112	0	0	0	0	1336	0	0	0	0	0	138	0	0	0	0	0	0	0	496	0	952	0	2034	0	1138	0	0	0	1714	0	3806	0	704	0	0	0	0	0	502	500	714	0	0	0	0	0	2996	0	0	0	5172	0	25586	0	98	0	20474	0	0	0	0	0	0	0	0	0	0	0	0	0	0	0	0	0	0	0	0	0	0	0	0	0	0	0	
78216	Temporal_Sup_R	0	1146	0	0	0	0	0	638	0	0	0	0	0	0	0	0	0	1554	0	0	0	0	0	0	0	0	0	0	0	1824	0	0	0	0	0	0	0	2038	0	406	0	0	0	0	0	0	0	0	0	102	0	212	0	186	0	2976	0	836	0	0	0	322	0	5314	0	1610	0	0	0	0	0	0	0	166	0	0	0	0	0	3402	0	0	0	682	0	10350	0	0	0	5344	0	0	0	0	0	0	0	0	0	0	0	0	0	0	0	0	0	0	0	0	0	0	0	0	0	0	
104048	Temporal_Pole_Sup_L	138	0	398	0	492	0	154	0	132	0	2338	0	1802	0	1770	0	1710	0	0	144	234	0	0	0	0	0	0	0	2538	0	156	0	0	0	0	0	538	0	1950	0	738	0	0	0	0	0	0	0	0	0	0	0	0	0	3978	0	0	0	0	0	0	0	0	0	0	0	0	0	0	0	184	202	320	0	0	0	0	0	0	0	5172	0	0	0	9332	0	6874	0	10730	0	0	0	0	0	0	0	0	0	0	0	0	0	0	0	0	0	0	0	0	0	0	0	0	0	0	0	
28636	Temporal_Pole_Sup_R	0	0	0	0	0	0	0	0	0	0	0	134	0	0	0	0	0	128	0	0	0	0	0	0	0	0	0	0	0	190	0	0	0	0	0	0	0	552	0	1112	0	1982	0	0	0	0	0	0	0	0	0	0	0	0	0	4772	0	0	0	0	0	0	0	0	0	0	0	0	0	0	0	0	0	0	0	0	0	0	0	0	0	682	0	0	0	1004	0	2732	0	1030	0	0	0	0	0	0	0	0	0	0	0	0	0	0	0	0	0	0	0	0	0	0	0	0	0	0	
327728	Temporal_Mid_L	3622	0	286	0	0	0	394	0	0	0	0	0	0	0	0	0	934	0	280	0	0	0	0	0	0	0	0	0	1286	0	0	0	196	0	792	0	184	0	0	0	0	0	2996	0	174	0	1334	0	348	0	14190	0	6796	0	1534	0	2996	0	0	0	6730	0	7024	0	13572	0	2156	0	3394	0	0	0	0	0	0	0	0	0	4542	0	25586	0	9332	0	0	0	6732	0	46454	0	0	0	0	0	0	0	0	0	0	0	0	0	0	0	0	0	0	0	0	0	0	0	0	0	0	0	
172712	Temporal_Mid_R	0	2074	0	0	0	0	0	310	0	0	0	0	0	0	0	0	0	378	0	208	0	0	0	0	0	0	0	0	0	472	0	0	0	0	0	0	0	1082	0	332	0	0	0	2696	0	4298	0	272	0	5054	0	3946	0	1616	0	2740	0	6034	0	0	0	232	0	8590	0	3732	0	6046	0	2026	0	0	0	0	0	0	0	0	0	1184	0	10350	0	1004	0	0	0	578	0	21102	0	0	0	0	0	0	0	0	0	0	0	0	0	0	0	0	0	0	0	0	0	0	0	0	0	0	
46040	Temporal_Pole_Mid_L	0	0	0	0	0	0	0	0	0	0	0	0	0	0	0	0	0	0	0	0	0	0	0	0	0	0	0	0	0	0	0	0	0	0	0	0	0	0	1114	0	0	0	0	0	0	0	0	0	0	0	0	0	0	0	1916	0	0	0	0	0	0	0	0	0	0	0	0	0	0	0	0	0	0	0	0	0	0	0	0	0	98	0	6874	0	6732	0	0	0	6286	0	0	0	0	0	0	0	0	0	0	0	0	0	0	0	0	0	0	0	0	0	0	0	0	0	0	0	
16368	Temporal_Pole_Mid_R	0	0	0	0	0	0	0	0	0	0	0	0	0	0	0	0	0	0	0	0	0	0	0	0	0	0	0	0	0	0	0	0	0	0	0	0	0	0	0	550	0	144	0	0	0	0	0	0	0	0	0	0	0	0	0	3062	0	0	0	0	0	0	0	0	0	0	0	0	0	0	0	0	0	0	0	0	0	0	0	0	0	0	0	2732	0	578	0	0	0	1118	0	0	0	0	0	0	0	0	0	0	0	0	0	0	0	0	0	0	0	0	0	0	0	0	0	0	
317272	Temporal_Inf_L	2834	0	996	0	0	0	500	0	0	0	108	0	0	0	0	0	1018	0	844	104	0	0	0	0	0	0	0	0	7588	0	0	0	0	0	558	0	10240	0	302	0	2430	0	2900	0	146	0	1560	0	234	0	3900	0	7024	0	14286	0	2142	0	0	0	1166	0	1032	0	1490	0	2312	0	854	0	0	0	2388	0	0	0	516	0	2472	0	20474	0	10730	0	46454	0	6286	0	0	0	1886	0	278	0	0	0	0	0	106	0	240	0	238	0	0	0	0	0	0	0	0	0	0	0	0	0	
144764	Temporal_Inf_R	0	1458	0	0	0	0	0	168	0	0	0	0	0	0	0	0	0	326	0	198	0	0	0	0	0	0	0	0	0	766	0	0	0	0	0	0	0	4896	0	920	0	440	0	1214	0	576	0	210	0	1798	0	482	0	1990	0	13160	0	5218	0	288	0	862	0	4124	0	858	0	2060	0	1156	0	0	0	0	0	0	0	0	0	620	0	5344	0	1030	0	21102	0	1118	0	0	0	0	0	0	0	0	0	0	0	0	0	0	0	0	0	0	0	0	0	0	0	0	0	0	0	0	
395304	Cerebelum_Crus1_L	0	0	0	0	0	0	0	0	0	0	0	0	0	0	0	0	0	0	0	0	0	0	0	0	0	0	0	0	0	0	0	0	0	0	0	0	204	0	474	0	0	0	0	0	0	0	6582	706	0	0	0	0	0	0	23736	230	0	0	0	0	0	0	0	0	0	0	0	0	0	0	0	0	0	0	0	0	0	0	0	0	0	0	0	0	0	0	0	0	1886	0	0	1418	33966	410	352	0	19538	542	54500	2242	15888	402	19362	616	1842	0	608	0	0	0	4714	3214	3620	334	266	0	
232224	Cerebelum_Crus1_R	0	0	0	0	0	0	0	0	0	0	0	0	0	0	0	0	0	0	0	0	0	0	0	0	0	0	0	0	0	0	0	0	0	0	0	0	0	0	0	0	0	0	0	0	0	0	368	2586	0	0	0	0	0	0	120	5334	0	0	0	0	0	0	0	0	0	0	0	0	0	0	0	0	0	0	0	0	0	0	0	0	0	0	0	0	0	0	0	0	0	0	1418	0	1244	18306	0	1042	232	13188	700	34622	0	4322	176	12192	0	2064	0	0	0	0	5674	3454	7374	984	712	0	
311588	Cerebelum_Crus2_L	0	0	0	0	0	0	0	0	0	0	0	0	0	0	0	0	0	0	0	0	0	0	0	0	0	0	0	0	0	0	0	0	0	0	0	0	0	0	122	0	0	0	0	0	0	0	902	210	0	0	0	0	0	0	4082	140	0	0	0	0	0	0	0	0	0	0	0	0	0	0	0	0	0	0	0	0	0	0	0	0	0	0	0	0	0	0	0	0	278	0	33966	1244	0	5562	0	0	3758	102	11828	1222	37434	3868	32424	1622	3644	0	752	0	0	0	794	1474	7502	2588	276	0	
185336	Cerebelum_Crus2_R	0	0	0	0	0	0	0	0	0	0	0	0	0	0	0	0	0	0	0	0	0	0	0	0	0	0	0	0	0	0	0	0	0	0	0	0	0	0	0	0	0	0	0	0	0	0	0	0	0	0	0	0	0	0	0	108	0	0	0	0	0	0	0	0	0	0	0	0	0	0	0	0	0	0	0	0	0	0	0	0	0	0	0	0	0	0	0	0	0	0	410	18306	5562	0	0	408	402	1770	392	4672	3454	21034	1270	23844	0	2836	0	0	0	132	1326	372	4008	1954	408	0	
16368	Cerebelum_3_L	0	0	0	0	0	0	0	0	0	0	0	0	0	0	0	0	0	0	0	0	0	0	0	0	0	0	0	0	0	0	0	0	0	0	0	0	0	0	0	0	0	0	0	0	0	0	0	0	0	0	0	0	0	0	0	0	0	0	0	0	0	0	0	0	0	0	0	0	0	0	0	0	0	0	0	0	0	0	0	0	0	0	0	0	0	0	0	0	0	0	352	0	0	0	0	0	5514	0	876	0	0	0	146	0	128	0	0	0	282	546	340	0	0	0	0	0	
33576	Cerebelum_3_R	0	0	0	0	0	0	0	0	0	0	0	0	0	0	0	0	0	0	0	0	0	0	0	0	0	0	0	0	0	0	0	0	0	0	0	0	0	0	0	0	0	0	0	0	0	0	0	0	0	0	0	0	0	0	0	132	0	0	0	0	0	0	0	0	0	0	0	0	0	0	0	0	0	0	0	0	0	0	0	0	0	0	0	0	0	0	0	0	0	0	0	1042	0	408	0	0	104	4928	0	4382	0	394	0	698	0	230	0	0	982	2250	1238	0	0	0	0	0	
229948	Cerebelum_4_5_L	0	0	0	0	0	0	0	0	0	0	0	0	0	0	0	0	0	0	0	0	0	0	0	0	0	0	0	0	0	0	0	0	0	0	0	0	220	0	228	0	0	0	0	0	0	0	5788	708	0	0	0	0	0	0	10316	118	0	0	0	0	0	0	0	0	0	0	0	0	0	0	0	0	0	0	0	0	0	0	0	0	0	0	0	0	0	0	0	0	0	0	19538	232	3758	402	5514	104	0	1362	34414	1466	3604	606	4910	856	2824	428	536	0	572	736	12924	1588	0	278	558	386	
166748	Cerebelum_4_5_R	0	0	0	0	0	0	0	0	0	0	0	0	0	0	0	0	0	0	0	0	0	0	0	0	0	0	0	0	0	0	0	0	0	0	0	0	0	170	0	588	0	0	0	0	0	0	552	3276	0	0	0	0	0	0	216	3414	0	0	0	0	0	0	0	0	0	0	0	172	0	0	0	0	0	0	0	0	0	0	0	0	0	0	0	0	0	0	0	0	0	0	542	13188	102	1770	0	4928	1362	0	1040	29408	0	1552	150	3702	0	1286	0	144	240	790	14130	318	116	108	110	0	
379240	Cerebelum_6_L	0	0	0	0	0	0	0	0	0	0	0	0	0	0	0	0	0	0	0	0	0	0	0	0	0	0	0	0	0	0	0	0	0	0	0	0	224	0	526	0	0	0	0	0	0	0	10214	1162	0	0	0	0	0	0	26812	420	0	0	0	0	0	0	0	0	0	0	0	0	0	0	0	0	0	0	0	0	0	0	0	0	0	0	0	0	0	0	0	0	106	0	54500	700	11828	392	876	0	34414	1040	0	2296	8704	570	11296	772	2762	434	958	0	0	0	9584	5170	2322	734	676	128	
299596	Cerebelum_6_R	0	0	0	0	0	0	0	0	0	0	0	0	0	0	0	0	0	0	0	0	0	0	0	0	0	0	0	0	0	0	0	0	0	0	0	0	0	0	0	0	0	0	0	0	0	0	946	6678	0	0	0	0	0	0	370	10820	0	0	0	0	0	0	0	0	0	0	0	0	0	0	0	0	0	0	0	0	0	0	0	0	0	0	0	0	0	0	0	0	0	0	2242	34622	1222	4672	0	4382	1466	29408	2296	0	102	3540	206	10416	0	3142	0	0	104	290	16306	8710	5906	1030	804	118	
253484	Cerebelum_7b_L	0	0	0	0	0	0	0	0	0	0	0	0	0	0	0	0	0	0	0	0	0	0	0	0	0	0	0	0	0	0	0	0	0	0	0	0	0	0	0	0	0	0	0	0	0	0	0	0	0	0	0	0	0	0	1396	0	0	0	0	0	0	0	0	0	0	0	0	0	0	0	0	0	0	0	0	0	0	0	0	0	0	0	0	0	0	0	0	0	240	0	15888	0	37434	3454	0	0	3604	0	8704	102	0	3306	37480	1986	3664	0	846	0	0	0	748	268	3356	4138	128	0	
135868	Cerebelum_7b_R	0	0	0	0	0	0	0	0	0	0	0	0	0	0	0	0	0	0	0	0	0	0	0	0	0	0	0	0	0	0	0	0	0	0	0	0	0	0	0	0	0	0	0	0	0	0	108	0	0	0	0	0	0	0	0	0	0	0	0	0	0	0	0	0	0	0	0	0	0	0	0	0	0	0	0	0	0	0	0	0	0	0	0	0	0	0	0	0	0	0	402	4322	3868	21034	0	394	606	1552	570	3540	3306	0	1250	20288	0	1878	0	0	0	132	1724	334	724	1802	0	100	
276076	Cerebelum_8_L	0	0	0	0	0	0	0	0	0	0	0	0	0	0	0	0	0	0	0	0	0	0	0	0	0	0	0	0	0	0	0	0	0	0	0	0	0	0	112	0	0	0	0	0	0	0	0	0	0	0	0	0	0	0	2074	0	0	0	0	0	0	0	0	0	0	0	0	0	0	0	0	0	0	0	0	0	0	0	0	0	0	0	0	0	0	0	0	0	238	0	19362	176	32424	1270	146	0	4910	150	11296	206	37480	1250	0	2924	10738	350	1724	0	0	0	1108	486	2378	6478	758	0	
213660	Cerebelum_8_R	0	0	0	0	0	0	0	0	0	0	0	0	0	0	0	0	0	0	0	0	0	0	0	0	0	0	0	0	0	0	0	0	0	0	0	0	0	0	0	0	0	0	0	0	0	0	128	356	0	0	0	0	0	0	0	136	0	0	0	0	0	0	0	0	0	0	0	0	0	0	0	0	0	0	0	0	0	0	0	0	0	0	0	0	0	0	0	0	0	0	616	12192	1622	23844	0	698	856	3702	772	10416	1986	20288	2924	0	180	12738	0	160	166	290	3998	744	2294	4624	922	178	
71616	Cerebelum_9_L	0	0	0	0	0	0	0	0	0	0	0	0	0	0	0	0	0	0	0	0	0	0	0	0	0	0	0	0	0	0	0	0	0	0	0	0	0	0	0	0	0	0	0	0	0	0	0	0	0	0	0	0	0	0	272	0	0	0	0	0	0	0	0	0	0	0	0	0	0	0	0	0	0	0	0	0	0	0	0	0	0	0	0	0	0	0	0	0	0	0	1842	0	3644	0	128	0	2824	0	2762	0	3664	0	10738	180	0	630	3146	0	0	0	1424	1774	362	820	1160	438	
83616	Cerebelum_9_R	0	0	0	0	0	0	0	0	0	0	0	0	0	0	0	0	0	0	0	0	0	0	0	0	0	0	0	0	0	0	0	0	0	0	0	0	0	0	0	0	0	0	0	0	0	0	0	102	0	0	0	0	0	0	0	0	0	0	0	0	0	0	0	0	0	0	0	0	0	0	0	0	0	0	0	0	0	0	0	0	0	0	0	0	0	0	0	0	0	0	0	2064	0	2836	0	230	428	1286	434	3142	0	1878	350	12738	630	0	102	1602	706	798	2980	2214	1012	2174	2586	1516	
18708	Cerebelum_10_L	0	0	0	0	0	0	0	0	0	0	0	0	0	0	0	0	0	0	0	0	0	0	0	0	0	0	0	0	0	0	0	0	0	0	0	0	0	0	0	0	0	0	0	0	0	0	0	0	0	0	0	0	0	0	0	0	0	0	0	0	0	0	0	0	0	0	0	0	0	0	0	0	0	0	0	0	0	0	0	0	0	0	0	0	0	0	0	0	0	0	608	0	752	0	0	0	536	0	958	0	846	0	1724	0	3146	102	0	0	0	0	98	372	0	106	106	0	
4648	Cerebelum_10_R	0	0	0	0	0	0	0	0	0	0	0	0	0	0	0	0	0	0	0	0	0	0	0	0	0	0	0	0	0	0	0	0	0	0	0	0	0	0	0	0	0	0	0	0	0	0	0	0	0	0	0	0	0	0	0	0	0	0	0	0	0	0	0	0	0	0	0	0	0	0	0	0	0	0	0	0	0	0	0	0	0	0	0	0	0	0	0	0	0	0	0	0	0	0	0	0	0	144	0	0	0	0	0	160	0	1602	0	0	0	0	120	98	0	100	100	0	
24252	Vermis_1_2	0	0	0	0	0	0	0	0	0	0	0	0	0	0	0	0	0	0	0	0	0	0	0	0	0	0	0	0	0	0	0	0	0	0	0	0	0	0	0	0	0	0	0	0	0	0	0	0	0	0	0	0	0	0	0	0	0	0	0	0	0	0	0	0	0	0	0	0	0	0	0	0	0	0	0	0	0	0	0	0	0	0	0	0	0	0	0	0	0	0	0	0	0	0	282	982	572	240	0	104	0	0	0	166	0	706	0	0	0	5546	3156	122	0	120	130	0	
31236	Vermis_3	0	0	0	0	0	0	0	0	0	0	0	0	0	0	0	0	0	0	0	0	0	0	0	0	0	0	0	0	0	0	0	0	0	0	0	0	0	0	0	0	0	0	0	0	0	0	0	0	0	0	0	0	0	0	0	0	0	0	0	0	0	0	0	0	0	0	0	0	0	0	0	0	0	0	0	0	0	0	0	0	0	0	0	0	0	0	0	0	0	0	0	0	0	132	546	2250	736	790	0	290	0	132	0	290	0	798	0	0	5546	0	3714	130	0	128	136	0	
223980	Vermis_4_5	0	0	0	0	0	0	0	0	0	0	0	0	0	0	0	0	0	0	0	0	0	0	0	0	0	0	0	0	0	0	0	0	0	0	0	1174	0	976	0	0	0	0	0	206	0	0	2374	4230	0	0	0	0	0	0	2598	2530	0	0	0	0	0	0	0	0	0	0	0	1198	0	0	0	0	0	0	0	0	0	0	0	0	0	0	0	0	0	0	0	0	0	0	4714	5674	794	1326	340	1238	12924	14130	9584	16306	748	1724	1108	3998	1424	2980	98	120	3156	3714	0	5810	222	980	1718	1874	
119120	Vermis_6	0	0	0	0	0	0	0	0	0	0	0	0	0	0	0	0	0	0	0	0	0	0	0	0	0	0	0	0	0	0	0	0	0	0	0	0	0	0	0	0	0	0	0	0	0	0	1568	4392	0	0	0	0	0	0	554	4166	0	0	0	0	0	0	0	0	0	0	0	0	0	0	0	0	0	0	0	0	0	0	0	0	0	0	0	0	0	0	0	0	0	0	3214	3454	1474	372	0	0	1588	318	5170	8710	268	334	486	744	1774	2214	372	98	122	130	5810	0	5316	2198	2896	1818	
112136	Vermis_7	0	0	0	0	0	0	0	0	0	0	0	0	0	0	0	0	0	0	0	0	0	0	0	0	0	0	0	0	0	0	0	0	0	0	0	0	0	0	0	0	0	0	0	0	0	0	1144	1364	0	0	0	0	0	0	298	1038	0	0	0	0	0	0	0	0	0	0	0	0	0	0	0	0	0	0	0	0	0	0	0	0	0	0	0	0	0	0	0	0	0	0	3620	7374	7502	4008	0	0	0	116	2322	5906	3356	724	2378	2294	362	1012	0	0	0	0	222	5316	0	3692	2020	0	
79244	Vermis_8	0	0	0	0	0	0	0	0	0	0	0	0	0	0	0	0	0	0	0	0	0	0	0	0	0	0	0	0	0	0	0	0	0	0	0	0	0	0	0	0	0	0	0	0	0	0	0	0	0	0	0	0	0	0	0	0	0	0	0	0	0	0	0	0	0	0	0	0	0	0	0	0	0	0	0	0	0	0	0	0	0	0	0	0	0	0	0	0	0	0	334	984	2588	1954	0	0	278	108	734	1030	4138	1802	6478	4624	820	2174	106	100	120	128	980	2198	3692	0	3726	526	
42740	Vermis_9	0	0	0	0	0	0	0	0	0	0	0	0	0	0	0	0	0	0	0	0	0	0	0	0	0	0	0	0	0	0	0	0	0	0	0	0	0	0	0	0	0	0	0	0	0	0	0	0	0	0	0	0	0	0	0	0	0	0	0	0	0	0	0	0	0	0	0	0	0	0	0	0	0	0	0	0	0	0	0	0	0	0	0	0	0	0	0	0	0	0	266	712	276	408	0	0	558	110	676	804	128	0	758	922	1160	2586	106	100	130	136	1718	2896	2020	3726	0	1174	
16512	Vermis_10	0	0	0	0	0	0	0	0	0	0	0	0	0	0	0	0	0	0	0	0	0	0	0	0	0	0	0	0	0	0	0	0	0	0	0	0	0	0	0	0	0	0	0	0	0	0	0	0	0	0	0	0	0	0	0	0	0	0	0	0	0	0	0	0	0	0	0	0	0	0	0	0	0	0	0	0	0	0	0	0	0	0	0	0	0	0	0	0	0	0	0	0	0	0	0	0	386	0	128	118	0	100	0	178	438	1516	0	0	0	0	1874	1818	0	526	1174	0	
