data	data	574376	313464	1.10128e+06	949488	195848	151840	647980	362988	88944	69988	186600	297780	286744	191004	196896	113464	215056	172108	670640	802836	134124	170828	349100	355132	68088	150420	110916	140036	557284	372368	597844	607044	269644	549804	133352	207104	208376	264212	59464	88328	37556	43812	215016	291684	207352	267356	259048	233584	219032	293572	559780	201980	207324	100056	326244	309024	335740	206032	178860	91152	297608	100848	173956	129632	294256	135004	355036	395600	236460	187264	440324	351520	415248	345680	79040	34508	180164	192868	80056	21180	250768	112488	126084	138276	389956	163424	39252	20372	364196	183536	329332	155464	150400	57404	16032	37116	195036	102620	385992	256380	76300	2716	99124	33328	23556	47164	9296	1968	11496	45896	159880	194856	87060	47048	48236	36832	
data	data	Precentral_L	Precentral_R	Frontal_Sup_L	Frontal_Sup_R	Frontal_Sup_Orb_L	Frontal_Sup_Orb_R	Frontal_Mid_L	Frontal_Mid_R	Frontal_Mid_Orb_L	Frontal_Mid_Orb_R	Frontal_Inf_Oper_L	Frontal_Inf_Oper_R	Frontal_Inf_Tri_L	Frontal_Inf_Tri_R	Frontal_Inf_Orb_L	Frontal_Inf_Orb_R	Rolandic_Oper_L	Rolandic_Oper_R	Supp_Motor_Area_L	Supp_Motor_Area_R	Olfactory_L	Olfactory_R	Frontal_Sup_Medial_L	Frontal_Sup_Medial_R	Frontal_Med_Orb_L	Frontal_Med_Orb_R	Rectus_L	Rectus_R	Insula_L	Insula_R	Cingulum_Ant_L	Cingulum_Ant_R	Cingulum_Mid_L	Cingulum_Mid_R	Cingulum_Post_L	Cingulum_Post_R	Hippocampus_L	Hippocampus_R	ParaHippocampal_L	ParaHippocampal_R	Amygdala_L	Amygdala_R	Calcarine_L	Calcarine_R	Cuneus_L	Cuneus_R	Lingual_L	Lingual_R	Occipital_Sup_L	Occipital_Sup_R	Occipital_Mid_L	Occipital_Mid_R	Occipital_Inf_L	Occipital_Inf_R	Fusiform_L	Fusiform_R	Postcentral_L	Postcentral_R	Parietal_Sup_L	Parietal_Sup_R	Parietal_Inf_L	Parietal_Inf_R	SupraMarginal_L	SupraMarginal_R	Angular_L	Angular_R	Precuneus_L	Precuneus_R	Paracentral_Lobule_L	Paracentral_Lobule_R	Caudate_L	Caudate_R	Putamen_L	Putamen_R	Pallidum_L	Pallidum_R	Thalamus_L	Thalamus_R	Heschl_L	Heschl_R	Temporal_Sup_L	Temporal_Sup_R	Temporal_Pole_Sup_L	Temporal_Pole_Sup_R	Temporal_Mid_L	Temporal_Mid_R	Temporal_Pole_Mid_L	Temporal_Pole_Mid_R	Temporal_Inf_L	Temporal_Inf_R	Cerebelum_Crus1_L	Cerebelum_Crus1_R	Cerebelum_Crus2_L	Cerebelum_Crus2_R	Cerebelum_3_L	Cerebelum_3_R	Cerebelum_4_5_L	Cerebelum_4_5_R	Cerebelum_6_L	Cerebelum_6_R	Cerebelum_7b_L	Cerebelum_7b_R	Cerebelum_8_L	Cerebelum_8_R	Cerebelum_9_L	Cerebelum_9_R	Cerebelum_10_L	Cerebelum_10_R	Vermis_1_2	Vermis_3	Vermis_4_5	Vermis_6	Vermis_7	Vermis_8	Vermis_9	Vermis_10	
574376	Precentral_L	0	3664	28556	2218	0	0	36310	382	0	0	10480	238	2344	194	196	0	8016	0	9492	6678	0	0	424	376	0	118	0	0	14108	0	1966	916	4246	1836	9550	1032	9142	0	330	0	0	0	2136	0	284	0	1028	0	176	0	1918	0	748	0	384	0	36700	0	1694	0	4114	0	2536	0	782	0	5706	0	22358	0	6722	184	11384	0	5982	0	19698	740	3758	0	3112	0	0	0	1294	0	0	0	938	0	0	0	0	0	0	0	0	0	0	0	0	0	0	0	0	0	0	0	0	0	0	0	0	0	0	0	
313464	Precentral_R	3664	0	2916	10746	0	0	2928	24020	0	0	204	14040	0	380	0	0	136	6390	2310	4926	0	0	0	0	0	0	0	0	224	5602	112	132	596	1380	1254	7632	0	9148	0	260	0	104	0	444	0	136	0	184	0	472	0	594	0	664	0	1486	0	10290	0	0	0	254	0	1042	108	100	286	4892	772	4244	1808	2346	354	4922	0	1312	804	15638	0	118	0	768	0	1954	0	530	0	0	0	1106	0	0	0	0	0	0	0	0	0	0	0	0	0	0	0	0	0	0	0	0	0	0	0	0	0	0	
1.10128e+06	Frontal_Sup_L	28556	2916	0	26878	12912	176	98976	4024	4328	0	7002	2932	28638	2812	13708	380	3070	124	76272	26514	794	116	35590	4516	332	244	210	0	29950	754	35370	12560	13210	11142	804	286	2146	0	0	0	0	0	0	0	0	0	0	0	0	0	264	0	0	0	0	0	1564	0	204	0	260	0	0	0	286	0	424	0	13942	100	13906	1026	16330	276	2596	0	9378	424	160	0	450	0	708	102	0	0	0	0	0	0	0	0	0	0	0	0	0	0	0	0	0	0	0	0	0	0	0	0	0	0	0	0	0	0	0	0	
949488	Frontal_Sup_R	2218	10746	26878	0	138	3274	5034	41782	0	684	518	15088	214	9582	188	4494	0	6626	27484	91894	224	236	12882	42548	0	3350	0	164	820	15920	24434	48304	4206	31802	536	1408	0	540	0	0	0	0	0	0	0	0	0	0	0	0	276	0	0	0	0	106	0	0	0	0	0	0	0	0	334	0	0	546	300	992	7318	10366	2066	9480	692	226	348	2424	0	0	0	0	0	5054	0	0	0	0	0	0	0	0	0	0	0	0	0	0	0	0	0	0	0	0	0	0	0	0	0	0	0	0	0	0	0	0	
195848	Frontal_Sup_Orb_L	0	0	12912	138	0	326	5604	0	14530	0	0	0	4676	0	15968	0	0	0	882	0	5374	204	4276	310	3424	196	8514	352	6716	0	5472	744	0	0	0	0	0	0	0	0	0	0	0	0	0	0	0	0	0	0	0	0	0	0	0	0	0	0	0	0	0	0	0	0	0	0	0	0	0	0	4558	0	2290	0	0	0	0	0	0	0	0	0	458	0	0	0	0	0	0	0	0	0	0	0	0	0	0	0	0	0	0	0	0	0	0	0	0	0	0	0	0	0	0	0	0	0	
151840	Frontal_Sup_Orb_R	0	0	176	3274	326	0	212	1194	0	10168	108	0	0	642	0	4756	0	0	254	1090	548	4600	492	5030	986	9414	1218	9690	0	1678	3606	7012	0	568	0	0	0	228	0	0	0	0	0	0	0	0	0	0	0	0	0	0	0	0	0	0	0	0	0	0	0	0	0	0	0	0	0	0	0	0	918	4620	374	2738	0	0	0	0	0	0	0	0	0	0	0	0	0	0	0	0	0	0	0	0	0	0	0	0	0	0	0	0	0	0	0	0	0	0	0	0	0	0	0	0	0	0	
647980	Frontal_Mid_L	36310	2928	98976	5034	5604	212	0	1718	3704	0	10090	662	41810	784	7972	0	666	0	15684	1466	0	0	13936	1962	0	466	0	0	18310	244	14742	3920	2222	612	112	0	1252	0	100	0	0	0	0	0	0	0	0	0	0	0	470	0	0	0	0	0	2318	0	360	0	666	0	0	0	416	0	202	0	2336	0	6280	256	9406	0	4902	0	3938	0	148	0	406	0	130	0	138	0	0	0	120	0	0	0	0	0	0	0	0	0	0	0	0	0	0	0	0	0	0	0	0	0	0	0	0	0	0	0	
362988	Frontal_Mid_R	382	24020	4024	41782	0	1194	1718	0	0	2450	214	18714	0	16254	0	4226	154	5752	4566	11468	140	0	952	4050	0	0	0	0	328	6178	1488	4510	670	6506	0	0	0	486	0	0	0	0	0	0	0	0	0	0	0	0	304	0	0	0	0	0	0	148	0	0	0	0	0	0	386	0	0	0	0	0	5380	1892	900	5824	280	1380	200	302	0	0	0	196	0	2076	0	0	0	0	0	0	0	0	0	0	0	0	0	0	0	0	0	0	0	0	0	0	0	0	0	0	0	0	0	0	0	0	
88944	Frontal_Mid_Orb_L	0	0	4328	0	14530	0	3704	0	0	0	0	0	3448	0	13124	0	0	0	0	0	456	0	512	0	344	0	1396	0	1096	0	814	0	0	0	0	0	0	0	0	0	0	0	0	0	0	0	0	0	0	0	0	0	0	0	0	0	0	0	0	0	0	0	0	0	0	0	0	0	0	0	472	0	0	0	0	0	0	0	0	0	0	0	248	0	0	0	0	0	0	0	0	0	0	0	0	0	0	0	0	0	0	0	0	0	0	0	0	0	0	0	0	0	0	0	0	0	
69988	Frontal_Mid_Orb_R	0	0	0	684	0	10168	0	2450	0	0	0	0	0	2360	0	7630	0	0	0	440	0	1092	0	484	0	2428	0	3172	0	524	144	828	0	0	0	0	0	0	0	0	0	0	0	0	0	0	0	0	0	0	0	0	0	0	0	0	0	0	0	0	0	0	0	0	0	0	0	0	0	0	0	1702	0	888	0	0	0	0	0	0	0	0	0	0	0	0	0	0	0	0	0	0	0	0	0	0	0	0	0	0	0	0	0	0	0	0	0	0	0	0	0	0	0	0	0	0	
186600	Frontal_Inf_Oper_L	10480	204	7002	518	0	108	10090	214	0	0	0	0	13930	0	478	0	7508	0	6566	0	0	0	216	544	0	192	0	0	18026	0	742	580	0	0	0	0	350	0	0	0	0	0	0	0	0	0	0	0	0	0	102	0	0	0	0	0	4516	0	0	0	134	0	124	0	112	0	0	0	0	0	402	0	6308	0	0	0	0	0	412	0	1010	0	2316	0	116	0	0	0	0	0	0	0	0	0	0	0	0	0	0	0	0	0	0	0	0	0	0	0	0	0	0	0	0	0	0	0	
297780	Frontal_Inf_Oper_R	238	14040	2932	15088	0	0	662	18714	0	0	0	0	0	14544	0	702	0	14530	1150	11436	0	0	0	178	0	0	0	0	0	24150	572	1324	402	1060	0	156	0	878	0	110	0	0	0	0	0	0	0	0	0	0	220	0	0	0	0	0	0	1030	0	0	0	0	0	0	240	0	0	168	0	0	3374	848	248	9006	148	1676	0	442	0	0	0	250	0	8374	0	0	0	0	0	0	0	0	0	0	0	0	0	0	0	0	0	0	0	0	0	0	0	0	0	0	0	0	0	0	0	0	
286744	Frontal_Inf_Tri_L	2344	0	28638	214	4676	0	41810	0	3448	0	13930	0	0	0	14818	0	568	0	3322	0	0	0	648	220	0	0	0	0	21878	0	522	240	0	0	0	0	0	0	0	0	0	0	0	0	0	0	0	0	0	0	130	0	0	0	0	0	664	0	0	0	0	0	0	0	142	0	0	0	0	0	932	0	2912	0	134	0	0	0	0	0	162	0	1020	0	0	0	0	0	0	0	0	0	0	0	0	0	0	0	0	0	0	0	0	0	0	0	0	0	0	0	0	0	0	0	0	0	
191004	Frontal_Inf_Tri_R	194	380	2812	9582	0	642	784	16254	0	2360	0	14544	0	0	0	5752	0	576	1110	7306	0	0	316	630	0	0	0	0	0	12916	616	2120	350	2540	0	0	0	0	0	0	0	0	0	0	0	0	0	0	0	0	230	0	0	0	0	0	0	0	0	0	0	0	0	0	286	0	0	0	0	0	4222	1770	312	6264	178	164	0	0	0	0	0	0	0	292	0	0	0	0	0	0	0	0	0	0	0	0	0	0	0	0	0	0	0	0	0	0	0	0	0	0	0	0	0	0	0	0	
196896	Frontal_Inf_Orb_L	196	0	13708	188	15968	0	7972	0	13124	0	478	0	14818	0	0	0	0	0	534	0	2868	0	2504	250	526	0	1848	0	13122	0	2972	458	0	0	0	0	0	0	0	0	0	0	0	0	0	0	0	0	0	0	0	0	0	0	0	0	0	0	0	0	0	0	0	0	0	0	0	0	0	0	1284	0	3344	0	0	0	0	0	0	0	0	0	2286	0	0	0	0	0	0	0	0	0	0	0	0	0	0	0	0	0	0	0	0	0	0	0	0	0	0	0	0	0	0	0	0	0	
113464	Frontal_Inf_Orb_R	0	0	380	4494	0	4756	0	4226	0	7630	0	702	0	5752	0	0	0	572	524	5324	0	1528	0	0	0	0	0	778	0	8378	0	0	0	430	0	0	0	0	0	0	0	0	0	0	0	0	0	0	0	0	0	0	0	0	0	0	0	0	0	0	0	0	0	0	0	0	0	0	0	0	404	6056	0	4132	0	0	0	0	0	0	0	0	0	666	0	0	0	0	0	0	0	0	0	0	0	0	0	0	0	0	0	0	0	0	0	0	0	0	0	0	0	0	0	0	0	0	
215056	Rolandic_Oper_L	8016	136	3070	0	0	0	666	154	0	0	7508	0	568	0	0	0	0	0	4142	132	0	0	0	0	0	0	0	0	19948	0	0	0	276	0	0	0	1022	0	0	0	0	0	336	0	192	0	0	0	0	0	3306	0	1220	0	1500	0	12968	0	2096	0	2758	0	2512	0	1310	0	1326	0	460	0	342	0	4570	0	386	0	0	0	4234	0	11912	0	2148	0	4452	0	0	0	3862	0	0	0	0	0	0	0	0	0	0	0	0	0	0	0	0	0	0	0	0	0	0	0	0	0	0	0	
172108	Rolandic_Oper_R	0	6390	124	6626	0	0	0	5752	0	0	0	14530	0	576	0	572	0	0	422	4742	0	0	0	0	0	0	0	0	0	18550	0	0	0	256	0	256	0	1714	0	186	0	0	0	0	0	0	0	0	0	0	0	0	0	0	0	0	0	3166	0	0	0	0	0	2100	0	0	0	322	0	0	0	168	0	4886	0	728	0	412	0	764	0	2412	0	10400	0	0	0	0	0	0	0	0	0	0	0	0	0	0	0	0	0	0	0	0	0	0	0	0	0	0	0	0	0	0	0	0	
670640	Supp_Motor_Area_L	9492	2310	76272	27484	882	254	15684	4566	0	0	6566	1150	3322	1110	534	524	4142	422	0	44018	0	0	8784	3378	0	0	0	0	14418	646	15970	8238	18828	21700	374	162	722	0	0	0	0	0	0	0	0	0	0	0	0	0	0	0	0	0	0	0	1354	0	0	0	208	0	0	0	0	0	660	120	9868	128	7086	1656	16524	1238	1044	104	1262	0	0	0	562	0	1200	254	100	0	0	0	0	0	0	0	0	0	0	0	0	0	0	0	0	0	0	0	0	0	0	0	0	0	0	0	0	0	0	0	
802836	Supp_Motor_Area_R	6678	4926	26514	91894	0	1090	1466	11468	0	440	0	11436	0	7306	0	5324	132	4742	44018	0	0	190	994	9470	0	286	0	122	146	14188	3578	14236	9296	51048	2302	8648	0	520	0	0	0	0	0	174	0	940	0	0	0	736	156	140	0	180	0	350	242	1410	0	0	0	0	0	206	178	556	866	5754	10090	11004	3860	14210	1098	11060	504	748	0	606	0	0	0	202	0	3476	0	0	0	0	0	214	0	0	0	0	0	0	0	0	0	0	0	0	0	0	0	0	0	0	0	0	0	0	0	0	0	0	
134124	Olfactory_L	0	0	794	224	5374	548	0	140	456	0	0	0	0	0	2868	0	0	0	0	0	0	6962	828	302	2240	1406	7312	3180	3956	0	6368	3838	0	0	0	0	352	0	0	0	882	0	0	0	0	0	0	0	0	0	0	0	0	0	0	0	0	0	0	0	0	0	0	0	0	0	0	0	0	0	12158	3530	2682	278	0	0	0	0	0	0	0	0	276	0	0	0	0	0	108	0	0	0	0	0	0	0	0	0	0	0	0	0	0	0	0	0	0	0	0	0	0	0	0	0	0	0	
170828	Olfactory_R	0	0	116	236	204	4600	0	0	0	1092	0	0	0	0	0	1528	0	0	0	190	6962	0	996	548	622	5782	2932	12612	0	3258	4482	8228	0	0	0	0	0	620	0	0	0	388	0	0	0	0	0	0	0	0	0	0	0	0	0	0	0	0	0	0	0	0	0	0	0	0	0	0	0	0	9760	13490	3644	2480	386	0	0	0	0	0	0	0	0	258	0	0	0	0	0	0	0	0	0	0	0	0	0	0	0	0	0	0	0	0	0	0	0	0	0	0	0	0	0	0	0	0	
349100	Frontal_Sup_Medial_L	424	0	35590	12882	4276	492	13936	952	512	0	216	0	648	316	2504	0	0	0	8784	994	828	996	0	16540	1990	1558	792	504	4086	0	29450	15864	8200	7900	0	0	0	0	0	0	0	0	0	0	0	0	0	0	0	0	0	0	0	0	0	0	0	0	0	0	0	0	0	0	0	0	0	0	0	0	820	258	1786	108	0	0	0	0	0	0	0	0	344	0	0	0	0	0	0	0	0	0	0	0	0	0	0	0	0	0	0	0	0	0	0	0	0	0	0	0	0	0	0	0	0	0	
355132	Frontal_Sup_Medial_R	376	0	4516	42548	310	5030	1962	4050	0	484	544	178	220	630	250	0	0	0	3378	9470	302	548	16540	0	250	8138	376	736	632	0	17680	31860	2932	12684	0	0	0	0	0	0	0	0	0	0	0	0	0	0	0	0	0	0	0	0	0	0	0	0	0	0	0	0	0	0	0	0	0	0	0	0	1864	4192	1614	3272	0	0	0	0	0	0	0	0	0	0	0	0	0	0	0	0	0	0	0	0	0	0	0	0	0	0	0	0	0	0	0	0	0	0	0	0	0	0	0	0	0	0	
68088	Frontal_Med_Orb_L	0	0	332	0	3424	986	0	0	344	0	0	0	0	0	526	0	0	0	0	0	2240	622	1990	250	0	1916	5446	1196	150	0	8224	1360	0	0	0	0	0	0	0	0	0	0	0	0	0	0	0	0	0	0	0	0	0	0	0	0	0	0	0	0	0	0	0	0	0	0	0	0	0	0	3320	242	1476	0	0	0	0	0	0	0	0	0	0	0	0	0	0	0	0	0	0	0	0	0	0	0	0	0	0	0	0	0	0	0	0	0	0	0	0	0	0	0	0	0	0	0	
150420	Frontal_Med_Orb_R	118	0	244	3350	196	9414	466	0	0	2428	192	0	0	0	0	0	0	0	0	286	1406	5782	1558	8138	1916	0	1368	8124	0	0	8608	13946	0	138	0	0	0	0	0	0	0	0	0	0	0	0	0	0	0	0	0	0	0	0	0	0	0	0	0	0	0	0	0	0	0	0	0	0	0	0	2000	3496	896	1140	0	0	0	0	0	0	0	0	0	0	0	0	0	0	0	0	0	0	0	0	0	0	0	0	0	0	0	0	0	0	0	0	0	0	0	0	0	0	0	0	0	0	
110916	Rectus_L	0	0	210	0	8514	1218	0	0	1396	0	0	0	0	0	1848	0	0	0	0	0	7312	2932	792	376	5446	1368	0	2798	440	0	6908	2298	0	0	0	0	0	0	0	0	0	0	0	0	0	0	0	0	0	0	0	0	0	0	0	0	0	0	0	0	0	0	0	0	0	0	0	0	0	0	8826	1584	1192	0	0	0	0	0	0	0	0	0	0	0	0	0	0	0	0	0	0	0	0	0	0	0	0	0	0	0	0	0	0	0	0	0	0	0	0	0	0	0	0	0	0	0	
140036	Rectus_R	0	0	0	164	352	9690	0	0	0	3172	0	0	0	0	0	778	0	0	0	122	3180	12612	504	736	1196	8124	2798	0	0	1340	2622	5876	0	0	0	0	0	110	0	0	0	0	0	0	0	0	0	0	0	0	0	0	0	0	0	0	0	0	0	0	0	0	0	0	0	0	0	0	0	0	4136	9252	1650	1604	0	0	0	0	0	0	0	0	0	0	0	0	0	0	0	0	0	0	0	0	0	0	0	0	0	0	0	0	0	0	0	0	0	0	0	0	0	0	0	0	0	0	
557284	Insula_L	14108	224	29950	820	6716	0	18310	328	1096	0	18026	0	21878	0	13122	0	19948	0	14418	146	3956	0	4086	632	150	0	440	0	0	0	3918	1158	236	0	284	0	13526	0	556	0	3112	0	348	0	0	0	122	0	0	0	1450	0	1038	0	5766	0	9288	0	718	0	1082	0	522	0	832	0	766	0	220	0	1884	0	28620	0	322	0	158	0	5426	0	8266	0	8064	0	4382	0	142	0	8082	0	0	0	0	0	0	0	0	0	0	0	0	0	0	0	0	0	0	0	0	0	0	0	0	0	0	0	
372368	Insula_R	0	5602	754	15920	0	1678	244	6178	0	524	0	24150	0	12916	0	8378	0	18550	646	14188	0	3258	0	0	0	0	0	1340	0	0	0	282	0	572	0	614	0	7424	0	1158	0	268	0	0	0	0	0	0	0	0	132	0	0	0	0	1662	0	1644	0	0	0	0	0	338	184	0	0	774	0	0	1708	2802	172	26780	112	418	0	1764	0	1586	0	7250	0	10846	0	1148	0	0	0	2220	0	0	0	0	0	0	0	0	0	0	0	0	0	0	0	0	0	0	0	0	0	0	0	0	0	0	
597844	Cingulum_Ant_L	1966	112	35370	24434	5472	3606	14742	1488	814	144	742	572	522	616	2972	0	0	0	15970	3578	6368	4482	29450	17680	8224	8608	6908	2622	3918	0	0	45858	12354	10564	370	0	0	0	0	0	0	0	0	0	0	0	0	0	0	0	0	0	0	0	0	0	110	0	0	0	0	0	0	0	0	0	0	0	202	0	13422	2648	10262	894	384	0	138	0	0	0	0	0	336	0	0	0	0	0	0	0	0	0	0	0	0	0	0	0	0	0	0	0	0	0	0	0	0	0	0	0	0	0	0	0	0	0	
607044	Cingulum_Ant_R	916	132	12560	48304	744	7012	3920	4510	0	828	580	1324	240	2120	458	0	0	0	8238	14236	3838	8228	15864	31860	1360	13946	2298	5876	1158	282	45858	0	3616	26230	0	0	0	0	0	0	0	0	0	0	0	0	0	0	0	0	0	0	0	0	0	0	0	0	0	0	0	0	0	0	0	0	0	0	0	0	7602	14454	4520	10296	114	0	0	0	0	0	0	0	0	0	0	0	0	0	0	0	0	0	0	0	0	0	0	0	0	0	0	0	0	0	0	0	0	0	0	0	0	0	0	0	0	0	
269644	Cingulum_Mid_L	4246	596	13210	4206	0	0	2222	670	0	0	0	402	0	350	0	0	276	0	18828	9296	0	0	8200	2932	0	0	0	0	236	0	12354	3616	0	17054	5302	2500	0	0	0	0	0	0	426	0	426	124	0	0	452	0	1220	0	0	0	0	0	1088	244	420	0	546	0	0	0	354	0	7010	1384	10090	2278	960	0	634	0	0	0	0	0	128	0	228	0	0	0	0	0	0	0	314	0	0	0	0	0	0	0	0	0	0	0	0	0	0	0	0	0	0	0	0	0	0	0	0	0	0	0	
549804	Cingulum_Mid_R	1836	1380	11142	31802	0	568	612	6506	0	0	0	1060	0	2540	0	430	0	256	21700	51048	0	0	7900	12684	0	138	0	0	0	572	10564	26230	17054	0	2898	8220	0	614	0	0	0	0	0	1796	0	4082	0	528	0	4654	0	2516	0	128	0	0	0	2606	0	462	0	0	0	0	0	1768	1858	15352	6084	10762	410	1254	122	1008	0	412	0	478	0	0	0	0	0	194	0	204	0	0	0	214	0	0	0	0	0	0	0	0	0	0	0	0	0	0	0	0	0	0	0	0	256	0	0	0	0	0	
133352	Cingulum_Post_L	9550	1254	804	536	0	0	112	0	0	0	0	0	0	0	0	0	0	0	374	2302	0	0	0	0	0	0	0	0	284	0	370	0	5302	2898	0	7338	3636	318	598	0	0	0	2700	0	130	0	2316	0	0	0	108	0	0	0	0	0	290	300	0	0	0	0	0	0	0	0	8414	1732	3032	1536	1610	290	184	0	0	0	5868	2490	0	0	0	0	0	0	0	0	0	0	0	0	0	0	0	0	0	0	0	0	0	0	0	0	0	0	0	0	0	0	0	0	0	0	0	0	0	0	
207104	Cingulum_Post_R	1032	7632	286	1408	0	0	0	0	0	0	0	156	0	0	0	0	0	256	162	8648	0	0	0	0	0	0	0	0	0	614	0	0	2500	8220	7338	0	0	10766	0	426	0	0	0	1262	0	302	0	1096	0	800	0	380	0	276	0	1038	0	2102	0	0	0	0	0	132	0	150	1898	17250	1584	6220	942	988	0	0	0	0	4220	12212	0	102	0	0	0	0	0	0	0	0	0	752	0	0	0	0	0	0	0	0	0	0	0	0	0	0	0	0	0	0	0	0	402	0	0	0	0	0	
208376	Hippocampus_L	9142	0	2146	0	0	0	1252	0	0	0	350	0	0	0	0	0	1022	0	722	0	352	0	0	0	0	0	0	0	13526	0	0	0	0	0	3636	0	0	0	9130	0	7136	0	3958	0	0	0	4058	0	0	0	138	0	0	0	11078	0	2334	0	0	0	0	0	0	0	0	0	7572	0	1404	0	550	0	7254	0	222	0	2286	0	2712	0	2554	0	1296	0	708	0	368	0	7282	0	0	0	0	0	0	0	0	0	0	0	0	0	0	0	0	0	0	0	0	0	0	0	0	0	0	0	
264212	Hippocampus_R	0	9148	0	540	0	228	0	486	0	0	0	878	0	0	0	0	0	1714	0	520	0	620	0	0	0	0	0	110	0	7424	0	0	0	614	318	10766	0	0	0	13504	0	7104	0	2178	0	200	0	2456	0	554	0	294	0	528	0	18920	0	1666	0	0	0	0	0	362	0	0	570	13526	0	1118	0	0	0	13546	0	118	0	8130	0	986	0	2286	0	1044	0	1170	0	122	0	7610	0	0	0	0	0	0	0	316	0	0	0	0	0	0	0	0	0	0	0	0	432	0	0	0	0	0	
59464	ParaHippocampal_L	330	0	0	0	0	0	100	0	0	0	0	0	0	0	0	0	0	0	0	0	0	0	0	0	0	0	0	0	556	0	0	0	0	0	598	0	9130	0	0	0	1702	0	1872	0	0	0	3608	0	0	0	0	0	206	0	4104	0	0	0	0	0	0	0	0	0	0	0	2910	0	0	0	0	0	910	0	0	0	0	0	202	0	0	0	842	0	0	0	866	0	836	0	166	0	0	0	188	0	242	0	170	0	0	0	0	0	0	0	0	0	0	194	0	0	0	0	0	0	
88328	ParaHippocampal_R	0	260	0	0	0	0	0	0	0	0	0	110	0	0	0	0	0	186	0	0	0	0	0	0	0	0	0	0	0	1158	0	0	0	0	0	426	0	13504	0	0	0	5282	0	660	0	0	0	1300	0	0	0	0	0	478	0	10826	0	0	0	0	0	0	0	0	0	0	0	1136	0	0	0	0	0	3704	0	0	0	404	0	0	0	238	0	1654	0	100	0	760	0	984	0	0	0	0	0	0	0	564	0	326	0	0	0	0	0	0	0	0	0	0	104	0	0	0	0	0	
37556	Amygdala_L	0	0	0	0	0	0	0	0	0	0	0	0	0	0	0	0	0	0	0	0	882	0	0	0	0	0	0	0	3112	0	0	0	0	0	0	0	7136	0	1702	0	0	0	0	0	0	0	0	0	0	0	0	0	0	0	2694	0	0	0	0	0	0	0	0	0	0	0	0	0	0	0	0	0	774	0	0	0	0	0	0	0	0	0	1216	0	134	0	492	0	636	0	0	0	0	0	0	0	0	0	0	0	0	0	0	0	0	0	0	0	0	0	0	0	0	0	0	0	
43812	Amygdala_R	0	104	0	0	0	0	0	0	0	0	0	0	0	0	0	0	0	0	0	0	0	388	0	0	0	0	0	0	0	268	0	0	0	0	0	0	0	7104	0	5282	0	0	0	0	0	0	0	0	0	0	0	0	0	0	0	5626	0	102	0	0	0	0	0	0	0	0	0	0	0	0	0	0	0	1174	0	0	0	268	0	0	0	0	0	978	0	0	0	194	0	418	0	0	0	0	0	0	0	0	0	0	0	0	0	0	0	0	0	0	0	0	0	0	0	0	0	0	
215016	Calcarine_L	2136	0	0	0	0	0	0	0	0	0	0	0	0	0	0	0	336	0	0	0	0	0	0	0	0	0	0	0	348	0	0	0	426	0	2700	0	3958	0	1872	0	0	0	0	5756	15412	4086	11472	2558	8746	1080	13602	0	5484	0	2284	0	544	0	246	0	242	0	0	0	1062	0	17662	152	870	0	0	0	0	0	0	0	318	0	218	0	176	0	0	0	1838	0	0	0	1596	0	0	0	0	0	0	0	0	0	0	328	0	0	0	0	0	0	0	0	0	0	0	0	0	0	0	0	
291684	Calcarine_R	0	444	0	0	0	0	0	0	0	0	0	0	0	0	0	0	0	0	0	174	0	0	0	0	0	0	0	0	0	0	0	0	0	1796	0	1262	0	2178	0	660	0	0	5756	0	3656	27092	1430	19576	0	22410	0	10908	0	8790	0	4198	0	2600	0	1184	0	482	0	578	0	1456	310	16298	0	2610	0	0	0	0	0	0	0	536	0	0	0	0	0	0	0	2828	0	0	0	5546	0	0	0	0	0	0	0	0	0	824	0	0	0	0	0	0	0	0	0	0	260	0	0	0	0	0	
207352	Cuneus_L	284	0	0	0	0	0	0	0	0	0	0	0	0	0	0	0	192	0	0	0	0	0	0	0	0	0	0	0	0	0	0	0	426	0	130	0	0	0	0	0	0	0	15412	3656	0	5236	7024	482	26066	1450	16924	0	3954	0	1214	0	150	0	3038	0	0	0	0	0	376	0	14766	636	626	0	0	0	0	0	0	0	0	0	0	0	0	0	0	0	1114	0	0	0	416	0	0	0	0	0	0	0	0	0	0	104	0	0	0	0	0	0	0	0	0	0	0	0	0	0	0	0	
267356	Cuneus_R	0	136	0	0	0	0	0	0	0	0	0	0	0	0	0	0	0	0	0	940	0	0	0	0	0	0	0	0	0	0	0	0	124	4082	0	302	0	200	0	0	0	0	4086	27092	5236	0	250	6572	0	34814	0	11716	0	4542	0	1286	0	272	0	3456	0	108	0	122	0	3928	2888	15900	288	2676	0	0	0	0	0	0	0	144	0	0	0	0	0	0	0	872	0	0	0	1376	0	0	0	0	0	0	0	0	0	270	0	0	0	0	0	0	0	0	0	0	0	0	0	0	0	0	
259048	Lingual_L	1028	0	0	0	0	0	0	0	0	0	0	0	0	0	0	0	0	0	0	0	0	0	0	0	0	0	0	0	122	0	0	0	0	0	2316	0	4058	0	3608	0	0	0	11472	1430	7024	250	0	4136	10726	262	21470	0	7764	0	11710	742	208	0	796	0	0	0	0	0	228	0	7700	0	0	0	0	0	0	0	0	0	386	0	110	0	0	0	0	0	484	0	0	0	288	0	3078	1172	222	0	134	0	6942	1068	7904	2480	0	0	124	0	0	0	0	0	0	0	4138	3374	570	0	0	0	
233584	Lingual_R	0	184	0	0	0	0	0	0	0	0	0	0	0	0	0	0	0	0	0	0	0	0	0	0	0	0	0	0	0	0	0	0	0	528	0	1096	0	2456	0	1300	0	0	2558	19576	482	6572	4136	0	0	8612	0	3262	0	1580	1094	11176	0	310	0	354	0	0	0	0	0	0	120	7352	0	608	0	0	0	0	0	0	0	296	0	0	0	0	0	0	0	142	0	0	0	2844	5044	1104	1498	312	0	0	1428	2176	8134	6810	188	0	218	0	0	0	0	0	0	306	2808	9082	1046	0	0	0	
219032	Occipital_Sup_L	176	0	0	0	0	0	0	0	0	0	0	0	0	0	0	0	0	0	0	0	0	0	0	0	0	0	0	0	0	0	0	0	452	0	0	0	0	0	0	0	0	0	8746	0	26066	0	10726	0	0	0	32858	0	6894	0	1980	0	128	0	6760	0	1646	0	0	0	564	0	11086	0	538	0	0	0	0	0	0	0	0	0	0	0	0	0	0	0	630	0	0	0	266	0	0	0	0	0	0	0	0	0	0	0	0	0	0	0	0	0	0	0	0	0	0	0	0	0	0	0	
293572	Occipital_Sup_R	0	472	0	0	0	0	0	0	0	0	0	0	0	0	0	0	0	0	0	736	0	0	0	0	0	0	0	0	0	0	0	0	0	4654	0	800	0	554	0	0	0	0	1080	22410	1450	34814	262	8612	0	0	0	21944	0	5752	0	2360	0	2938	0	5990	0	796	0	310	0	5852	948	14852	246	5272	0	0	0	0	0	0	0	420	0	0	0	0	0	0	0	1330	0	0	0	1770	0	0	0	0	0	0	0	0	0	0	0	0	0	0	0	0	0	0	0	0	162	0	0	0	0	0	
559780	Occipital_Mid_L	1918	0	264	276	0	0	470	304	0	0	102	220	130	230	0	0	3306	0	0	156	0	0	0	0	0	0	0	0	1450	132	0	0	1220	0	108	0	138	0	0	0	0	0	13602	0	16924	0	21470	0	32858	0	0	0	31062	0	8754	0	3406	0	14170	0	18922	0	2994	0	36340	0	20648	0	2212	0	994	158	0	0	0	0	0	0	1500	0	3338	0	0	0	25012	0	0	0	15102	0	0	0	0	0	0	0	0	0	0	0	0	0	0	0	0	0	0	0	0	0	0	0	0	0	0	0	
201980	Occipital_Mid_R	0	594	0	0	0	0	0	0	0	0	0	0	0	0	0	0	0	0	0	140	0	0	0	0	0	0	0	0	0	0	0	0	0	2516	0	380	0	294	0	0	0	0	0	10908	0	11716	0	3262	0	21944	0	0	0	7130	0	1556	0	1072	0	668	0	3682	0	1842	0	13536	242	6852	0	2094	0	0	0	0	0	0	0	192	0	0	0	320	0	0	0	8148	0	0	0	1902	0	0	0	0	0	0	0	0	0	0	0	0	0	0	0	0	0	0	0	0	0	0	0	0	0	0	
207324	Occipital_Inf_L	748	0	0	0	0	0	0	0	0	0	0	0	0	0	0	0	1220	0	0	0	0	0	0	0	0	0	0	0	1038	0	0	0	0	0	0	0	0	0	206	0	0	0	5484	0	3954	0	7764	0	6894	0	31062	0	0	0	9630	0	558	0	556	0	830	0	260	0	6026	0	4714	0	562	0	0	0	0	0	0	0	0	0	1388	0	1104	0	0	0	10764	0	0	0	8668	0	110	0	0	0	0	0	0	0	122	0	0	0	0	0	0	0	0	0	0	0	0	0	0	0	0	0	
100056	Occipital_Inf_R	0	664	0	0	0	0	0	0	0	0	0	0	0	0	0	0	0	0	0	180	0	0	0	0	0	0	0	0	0	0	0	0	0	128	0	276	0	528	0	478	0	0	0	8790	0	4542	0	1580	0	5752	0	7130	0	0	0	10868	0	866	0	368	0	122	0	126	0	254	148	2052	0	638	0	0	0	0	0	0	0	188	0	104	0	0	0	0	0	638	0	0	0	3386	0	0	0	0	0	0	0	0	0	0	0	0	0	0	0	0	0	0	0	0	222	0	0	0	0	0	
326244	Fusiform_L	384	0	0	0	0	0	0	0	0	0	0	0	0	0	0	0	1500	0	0	0	0	0	0	0	0	0	0	0	5766	0	0	0	0	0	0	0	11078	0	4104	0	2694	0	2284	0	1214	0	11710	1094	1980	0	8754	0	9630	0	0	296	440	0	112	0	322	0	260	0	1660	0	1784	0	122	0	0	0	924	0	0	0	0	0	2574	0	4530	0	2452	0	5090	0	1450	0	23396	0	16292	216	2638	0	0	0	9092	140	21332	442	424	0	1480	0	0	0	0	0	0	0	1702	1760	0	0	0	0	
309024	Fusiform_R	0	1486	0	106	0	0	0	0	0	0	0	0	0	0	0	0	0	0	0	350	0	0	0	0	0	0	0	0	0	1662	0	0	0	0	0	1038	0	18920	0	10826	0	5626	0	4198	0	1286	742	11176	0	2360	0	1556	0	10868	296	0	0	1228	0	398	0	190	0	202	0	150	0	3602	0	1056	0	0	0	4704	0	0	0	1040	0	1002	0	1110	0	3506	0	2954	0	1850	0	18532	3476	4128	1380	232	0	0	416	3710	4996	10884	222	0	272	0	0	120	0	0	0	144	3050	6502	744	0	0	216	
335740	Postcentral_L	36700	0	1564	0	0	0	2318	0	0	0	4516	0	664	0	0	0	12968	0	1354	242	0	0	0	0	0	0	0	0	9288	0	110	0	1088	0	290	0	2334	0	0	0	0	0	544	0	150	0	208	0	128	0	3406	0	558	0	440	0	0	0	11878	0	27618	0	17622	0	3620	0	4522	0	5966	0	330	0	1700	0	314	0	350	0	3414	0	7312	0	0	0	1758	0	0	0	2596	0	0	0	0	0	0	0	0	0	0	0	0	0	0	0	0	0	0	0	0	0	0	0	0	0	0	0	
206032	Postcentral_R	0	10290	0	0	0	0	0	148	0	0	0	1030	0	0	0	0	0	3166	0	1410	0	0	0	0	0	0	0	0	0	1644	0	0	244	2606	300	2102	0	1666	0	0	0	102	0	2600	0	272	0	310	0	2938	0	1072	0	866	0	1228	0	0	0	11902	0	8444	0	14114	0	1906	112	11164	134	13824	0	0	0	1344	0	0	0	874	0	170	0	1254	0	0	0	1118	0	0	0	2496	0	0	0	0	0	0	0	0	0	0	0	0	0	0	0	0	0	0	0	0	166	0	0	0	0	0	
178860	Parietal_Sup_L	1694	0	204	0	0	0	360	0	0	0	0	0	0	0	0	0	2096	0	0	0	0	0	0	0	0	0	0	0	718	0	0	0	420	0	0	0	0	0	0	0	0	0	246	0	3038	0	796	0	6760	0	14170	0	556	0	112	0	11878	0	0	0	17446	0	3542	0	6118	0	13118	112	886	0	0	0	0	0	0	0	0	0	0	0	2782	0	0	0	1054	0	0	0	1324	0	0	0	0	0	0	0	0	0	0	0	0	0	0	0	0	0	0	0	0	0	0	0	0	0	0	0	
91152	Parietal_Sup_R	0	0	0	0	0	0	0	0	0	0	0	0	0	0	0	0	0	0	0	0	0	0	0	0	0	0	0	0	0	0	0	0	0	462	0	0	0	0	0	0	0	0	0	1184	0	3456	0	354	0	5990	0	668	0	368	0	398	0	11902	0	0	0	4640	0	2446	0	1840	888	8200	0	1636	0	0	0	0	0	0	0	0	0	0	0	0	0	0	0	364	0	0	0	780	0	0	0	0	0	0	0	0	0	0	0	0	0	0	0	0	0	0	0	0	0	0	0	0	0	0	
297608	Parietal_Inf_L	4114	0	260	0	0	0	666	0	0	0	134	0	0	0	0	0	2758	0	208	0	0	0	0	0	0	0	0	0	1082	0	0	0	546	0	0	0	0	0	0	0	0	0	242	0	0	0	0	0	1646	0	18922	0	830	0	322	0	27618	0	17446	0	0	0	25220	0	25098	0	4360	0	1696	0	264	0	0	0	0	0	0	0	268	0	3282	0	0	0	6730	0	0	0	5092	0	0	0	0	0	0	0	0	0	0	0	0	0	0	0	0	0	0	0	0	0	0	0	0	0	0	0	
100848	Parietal_Inf_R	0	254	0	0	0	0	0	0	0	0	0	0	0	0	0	0	0	0	0	0	0	0	0	0	0	0	0	0	0	0	0	0	0	0	0	0	0	0	0	0	0	0	0	482	0	108	0	0	0	796	0	3682	0	122	0	190	0	8444	0	4640	0	0	0	13566	0	9580	0	1306	0	1004	0	0	0	0	0	0	0	0	0	0	0	414	0	0	0	3792	0	0	0	2044	0	0	0	0	0	0	0	0	0	0	0	0	0	0	0	0	0	0	0	0	0	0	0	0	0	0	
173956	SupraMarginal_L	2536	0	0	0	0	0	0	0	0	0	124	0	0	0	0	0	2512	0	0	0	0	0	0	0	0	0	0	0	522	0	0	0	0	0	0	0	0	0	0	0	0	0	0	0	0	0	0	0	0	0	2994	0	260	0	260	0	17622	0	3542	0	25220	0	0	0	8826	0	1532	0	938	0	0	0	0	0	0	0	0	0	350	0	7838	0	0	0	8476	0	0	0	3426	0	0	0	0	0	0	0	0	0	0	0	0	0	0	0	0	0	0	0	0	0	0	0	0	0	0	0	
129632	SupraMarginal_R	0	1042	0	0	0	0	0	0	0	0	0	0	0	0	0	0	0	2100	0	206	0	0	0	0	0	0	0	0	0	338	0	0	0	0	0	132	0	362	0	0	0	0	0	578	0	122	0	0	0	310	0	1842	0	126	0	202	0	14114	0	2446	0	13566	0	0	0	9558	0	1516	0	1302	0	0	0	0	0	0	0	0	0	0	0	3594	0	0	0	8834	0	0	0	2526	0	0	0	0	0	0	0	0	0	0	0	0	0	0	0	0	0	0	0	0	0	0	0	0	0	0	
294256	Angular_L	782	108	286	334	0	0	416	386	0	0	112	240	142	286	0	0	1310	0	0	178	0	0	0	0	0	0	0	0	832	184	0	0	354	0	0	0	0	0	0	0	0	0	1062	0	376	0	228	0	564	0	36340	0	6026	0	1660	0	3620	0	6118	0	25098	0	8826	0	0	0	4250	0	1062	0	1208	210	0	0	0	0	0	0	906	0	3738	0	0	0	23808	0	0	0	16078	0	0	0	0	0	0	0	0	0	0	0	0	0	0	0	0	0	0	0	0	0	0	0	0	0	0	0	
135004	Angular_R	0	100	0	0	0	0	0	0	0	0	0	0	0	0	0	0	0	0	0	556	0	0	0	0	0	0	0	0	0	0	0	0	0	1768	0	150	0	0	0	0	0	0	0	1456	0	3928	0	0	0	5852	0	13536	0	254	0	150	0	1906	0	1840	0	9580	0	9558	0	0	404	5080	174	1190	0	0	0	0	0	0	0	0	0	0	0	1916	0	0	0	6770	0	0	0	1334	0	0	0	0	0	0	0	0	0	0	0	0	0	0	0	0	0	0	0	0	0	0	0	0	0	0	
355036	Precuneus_L	5706	286	424	0	0	0	202	0	0	0	0	0	0	0	0	0	1326	0	660	866	0	0	0	0	0	0	0	0	766	0	0	0	7010	1858	8414	1898	7572	570	2910	0	0	0	17662	310	14766	2888	7700	120	11086	948	20648	242	4714	148	1784	0	4522	112	13118	888	4360	0	1532	0	4250	404	0	9282	4886	610	0	0	184	0	0	0	1424	194	464	0	1398	0	0	0	2998	0	0	0	3408	0	0	0	0	0	0	0	0	0	0	0	0	0	0	0	0	0	0	0	0	0	0	0	0	0	0	0	
395600	Precuneus_R	0	4892	0	546	0	0	0	0	0	0	0	168	0	0	0	0	0	322	120	5754	0	0	0	0	0	0	0	0	0	774	0	0	1384	15352	1732	17250	0	13526	0	1136	0	0	152	16298	636	15900	0	7352	0	14852	0	6852	0	2052	0	3602	0	11164	112	8200	0	1306	0	1516	0	5080	9282	0	1766	16236	0	0	0	0	0	0	0	5666	0	116	0	0	0	0	0	1280	0	0	0	3332	0	0	0	0	0	0	0	0	0	0	0	0	0	0	0	0	0	0	0	0	2092	0	0	0	0	0	
236460	Paracentral_Lobule_L	22358	772	13942	300	0	0	2336	0	0	0	0	0	0	0	0	0	460	0	9868	10090	0	0	0	0	0	0	0	0	220	0	202	0	10090	6084	3032	1584	1404	0	0	0	0	0	870	0	626	288	0	0	538	246	2212	0	562	0	122	0	5966	134	886	0	1696	0	938	0	1062	174	4886	1766	0	1792	2382	0	978	0	470	0	4022	160	164	0	530	0	0	0	534	0	0	0	1484	0	0	0	0	0	0	0	0	0	0	0	0	0	0	0	0	0	0	0	0	0	0	0	0	0	0	0	
187264	Paracentral_Lobule_R	0	4244	100	992	0	0	0	0	0	0	0	0	0	0	0	0	0	0	128	11004	0	0	0	0	0	0	0	0	0	0	0	0	2278	10762	1536	6220	0	1118	0	0	0	0	0	2610	0	2676	0	608	0	5272	0	2094	0	638	0	1056	0	13824	0	1636	0	1004	0	1302	0	1190	610	16236	1792	0	0	0	0	0	0	0	0	794	0	0	0	240	0	0	0	324	0	0	0	1036	0	0	0	0	0	0	0	0	0	0	0	0	0	0	0	0	0	0	0	0	308	0	0	0	0	0	
440324	Caudate_L	6722	1808	13906	7318	4558	918	6280	5380	472	0	402	3374	932	4222	1284	404	342	0	7086	3860	12158	9760	820	1864	3320	2000	8826	4136	1884	1708	13422	7602	960	410	1610	942	550	0	0	0	0	0	0	0	0	0	0	0	0	0	994	0	0	0	0	0	330	0	0	0	264	0	0	0	1208	0	0	0	2382	0	0	19090	27670	2758	5816	1800	12508	3864	0	0	238	0	0	0	0	0	0	0	0	0	0	0	0	0	0	0	0	0	0	0	0	0	0	0	0	0	0	0	0	0	0	0	0	0	0	0	
351520	Caudate_R	184	2346	1026	10366	0	4620	256	1892	0	1702	0	848	0	1770	0	6056	0	168	1656	14210	3530	13490	258	4192	242	3496	1584	9252	0	2802	2648	14454	0	1254	290	988	0	0	0	0	0	0	0	0	0	0	0	0	0	0	158	0	0	0	0	0	0	0	0	0	0	0	0	0	210	0	0	0	0	0	19090	0	8154	21208	1040	2654	2560	14944	0	0	0	0	0	162	0	0	0	0	0	0	0	0	0	0	0	0	0	0	0	0	0	0	0	0	0	0	0	0	0	0	0	0	0	0	0	0	
415248	Putamen_L	11384	354	16330	2066	2290	374	9406	900	0	0	6308	248	2912	312	3344	0	4570	0	16524	1098	2682	3644	1786	1614	1476	896	1192	1650	28620	172	10262	4520	634	122	184	0	7254	0	910	0	774	0	0	0	0	0	0	0	0	0	0	0	0	0	924	0	1700	0	0	0	0	0	0	0	0	0	184	0	978	0	27670	8154	0	1714	10868	976	1526	0	210	0	1094	0	3084	0	746	0	0	0	984	0	0	0	0	0	0	0	0	0	0	0	0	0	0	0	0	0	0	0	0	0	0	0	0	0	0	0	
345680	Putamen_R	0	4922	276	9480	0	2738	0	5824	0	888	0	9006	0	6264	0	4132	0	4886	1238	11060	278	2480	108	3272	0	1140	0	1604	0	26780	894	10296	0	1008	0	0	0	13546	0	3704	0	1174	0	0	0	0	0	0	0	0	0	0	0	0	0	4704	0	1344	0	0	0	0	0	0	0	0	0	0	0	0	2758	21208	1714	0	0	3896	0	1750	0	166	0	2996	0	2708	0	510	0	102	0	1986	0	0	0	0	0	0	0	0	0	0	0	0	0	0	0	0	0	0	0	0	0	0	0	0	0	0	
79040	Pallidum_L	5982	0	2596	692	0	0	4902	280	0	0	0	148	134	178	0	0	386	0	1044	504	0	386	0	0	0	0	0	0	322	112	384	114	0	0	0	0	222	0	0	0	0	0	0	0	0	0	0	0	0	0	0	0	0	0	0	0	314	0	0	0	0	0	0	0	0	0	0	0	470	0	5816	1040	10868	0	0	282	2156	0	0	0	188	0	0	0	0	0	0	0	0	0	0	0	0	0	0	0	0	0	0	0	0	0	0	0	0	0	0	0	0	0	0	0	0	0	0	0	
34508	Pallidum_R	0	1312	0	226	0	0	0	1380	0	0	0	1676	0	164	0	0	0	728	104	748	0	0	0	0	0	0	0	0	0	418	0	0	0	412	0	0	0	118	0	0	0	0	0	0	0	0	0	0	0	0	0	0	0	0	0	0	0	0	0	0	0	0	0	0	0	0	0	0	0	0	1800	2654	976	3896	282	0	0	0	0	0	0	0	0	360	0	0	0	0	0	0	0	0	0	0	0	0	0	0	0	0	0	0	0	0	0	0	0	0	0	0	0	0	0	0	0	0	
180164	Thalamus_L	19698	804	9378	348	0	0	3938	200	0	0	0	0	0	0	0	0	0	0	1262	0	0	0	0	0	0	0	0	0	158	0	138	0	0	0	5868	4220	2286	0	0	0	0	0	318	0	0	0	386	0	0	0	0	0	0	0	0	0	350	0	0	0	0	0	0	0	0	0	1424	0	4022	0	12508	2560	1526	0	2156	0	0	16534	0	0	0	0	0	0	0	0	0	0	0	0	0	0	0	0	0	0	0	0	0	0	0	0	0	0	0	0	0	0	0	0	0	0	0	0	0	0	
192868	Thalamus_R	740	15638	424	2424	0	0	0	302	0	0	0	442	0	0	0	0	0	412	0	606	0	0	0	0	0	0	0	0	0	1764	0	0	0	478	2490	12212	0	8130	0	404	0	268	0	536	0	144	0	296	0	420	0	192	0	188	0	1040	0	874	0	0	0	0	0	0	0	0	194	5666	160	794	3864	14944	0	1750	0	0	16534	0	0	138	0	748	0	298	0	136	0	0	0	660	0	0	0	0	0	0	0	0	0	0	0	0	0	0	0	0	0	0	0	0	124	0	0	0	0	0	
80056	Heschl_L	3758	0	160	0	0	0	148	0	0	0	412	0	0	0	0	0	4234	0	0	0	0	0	0	0	0	0	0	0	5426	0	0	0	128	0	0	0	2712	0	202	0	0	0	218	0	0	0	110	0	0	0	1500	0	1388	0	2574	0	3414	0	0	0	268	0	350	0	906	0	464	0	164	0	0	0	210	0	0	0	0	0	0	0	5066	0	0	0	2504	0	0	0	3712	0	0	0	0	0	0	0	0	0	0	0	0	0	0	0	0	0	0	0	0	0	0	0	0	0	0	0	
21180	Heschl_R	0	118	0	0	0	0	0	0	0	0	0	0	0	0	0	0	0	764	0	0	0	0	0	0	0	0	0	0	0	1586	0	0	0	0	0	102	0	986	0	0	0	0	0	0	0	0	0	0	0	0	0	0	0	104	0	1002	0	170	0	0	0	0	0	0	0	0	0	116	0	0	0	0	0	166	0	0	0	138	0	0	0	3558	0	458	0	346	0	0	0	976	0	0	0	0	0	0	0	0	0	0	0	0	0	0	0	0	0	0	0	0	0	0	0	0	0	0	
250768	Temporal_Sup_L	3112	0	450	0	0	0	406	0	0	0	1010	0	162	0	0	0	11912	0	562	0	0	0	0	0	0	0	0	0	8266	0	0	0	228	0	0	0	2554	0	0	0	0	0	176	0	0	0	0	0	0	0	3338	0	1104	0	4530	0	7312	0	2782	0	3282	0	7838	0	3738	0	1398	0	530	0	238	0	1094	0	188	0	0	0	5066	0	0	0	8354	0	29778	0	362	0	15614	0	0	0	0	0	0	0	0	0	0	0	0	0	0	0	0	0	0	0	0	0	0	0	0	0	0	0	
112488	Temporal_Sup_R	0	768	0	0	0	0	0	196	0	0	0	250	0	0	0	0	0	2412	0	202	0	0	0	0	0	0	0	0	0	7250	0	0	0	0	0	0	0	2286	0	238	0	0	0	0	0	0	0	0	0	0	0	320	0	0	0	1110	0	1254	0	0	0	414	0	3594	0	1916	0	0	0	240	0	0	0	2996	0	0	0	748	0	3558	0	0	0	4760	0	15742	0	690	0	5300	0	0	0	0	0	0	0	0	0	0	0	0	0	0	0	0	0	0	0	0	0	0	0	0	0	0	
126084	Temporal_Pole_Sup_L	0	0	708	0	458	0	130	0	248	0	2316	0	1020	0	2286	0	2148	0	1200	0	276	0	344	0	0	0	0	0	8064	0	336	0	0	0	0	0	1296	0	842	0	1216	0	0	0	0	0	0	0	0	0	0	0	0	0	2452	0	0	0	0	0	0	0	0	0	0	0	0	0	0	0	0	0	3084	0	0	0	0	0	0	0	8354	0	0	0	11904	0	6470	0	7890	0	0	0	0	0	0	0	0	0	0	0	0	0	0	0	0	0	0	0	0	0	0	0	0	0	0	0	
138276	Temporal_Pole_Sup_R	0	1954	102	5054	0	0	0	2076	0	0	0	8374	0	292	0	666	0	10400	254	3476	0	258	0	0	0	0	0	0	0	10846	0	0	0	194	0	0	0	1044	0	1654	0	978	0	0	0	0	0	0	0	0	0	0	0	0	0	3506	0	0	0	0	0	0	0	0	0	0	0	0	0	0	0	162	0	2708	0	360	0	298	0	458	0	4760	0	0	0	3304	0	3906	0	2054	0	0	0	0	0	0	0	0	0	0	0	0	0	0	0	0	0	0	0	0	0	0	0	0	0	0	
389956	Temporal_Mid_L	1294	0	0	0	0	0	138	0	0	0	116	0	0	0	0	0	4452	0	100	0	0	0	0	0	0	0	0	0	4382	0	0	0	0	0	0	0	708	0	0	0	134	0	1838	0	1114	0	484	0	630	0	25012	0	10764	0	5090	0	1758	0	1054	0	6730	0	8476	0	23808	0	2998	0	534	0	0	0	746	0	0	0	0	0	2504	0	29778	0	11904	0	0	0	5160	0	43272	0	0	0	0	0	0	0	0	0	0	0	0	0	0	0	0	0	0	0	0	0	0	0	0	0	0	0	
163424	Temporal_Mid_R	0	530	0	0	0	0	0	0	0	0	0	0	0	0	0	0	0	0	0	0	0	0	0	0	0	0	0	0	0	1148	0	0	0	204	0	0	0	1170	0	100	0	0	0	2828	0	872	0	142	0	1330	0	8148	0	638	0	2954	0	1118	0	364	0	3792	0	8834	0	6770	0	1280	0	324	0	0	0	510	0	0	0	136	0	346	0	15742	0	3304	0	0	0	1916	0	17212	0	0	0	0	0	0	0	0	0	0	0	0	0	0	0	0	0	0	0	0	0	0	0	0	0	0	
39252	Temporal_Pole_Mid_L	0	0	0	0	0	0	0	0	0	0	0	0	0	0	0	0	0	0	0	0	0	0	0	0	0	0	0	0	142	0	0	0	0	0	0	0	368	0	866	0	492	0	0	0	0	0	0	0	0	0	0	0	0	0	1450	0	0	0	0	0	0	0	0	0	0	0	0	0	0	0	0	0	0	0	0	0	0	0	0	0	362	0	6470	0	5160	0	0	0	4316	0	0	0	0	0	0	0	0	0	0	0	0	0	0	0	0	0	0	0	0	0	0	0	0	0	0	0	
20372	Temporal_Pole_Mid_R	0	0	0	0	0	0	0	0	0	0	0	0	0	0	0	0	0	0	0	0	0	0	0	0	0	0	0	0	0	0	0	0	0	0	0	0	0	122	0	760	0	194	0	0	0	0	0	0	0	0	0	0	0	0	0	1850	0	0	0	0	0	0	0	0	0	0	0	0	0	0	0	0	0	102	0	0	0	0	0	0	0	690	0	3906	0	1916	0	0	0	646	0	0	0	0	0	0	0	0	0	0	0	0	0	0	0	0	0	0	0	0	0	0	0	0	0	0	
364196	Temporal_Inf_L	938	0	0	0	0	0	120	0	0	0	0	0	0	0	0	0	3862	0	0	0	108	0	0	0	0	0	0	0	8082	0	0	0	314	0	0	0	7282	0	836	0	636	0	1596	0	416	0	288	0	266	0	15102	0	8668	0	23396	0	2596	0	1324	0	5092	0	3426	0	16078	0	3408	0	1484	0	0	0	984	0	0	0	0	0	3712	0	15614	0	7890	0	43272	0	4316	0	0	0	690	0	100	0	0	0	0	0	202	0	0	0	0	0	0	0	0	0	0	0	0	0	0	0	0	0	
183536	Temporal_Inf_R	0	1106	0	0	0	0	0	0	0	0	0	0	0	0	0	0	0	0	0	214	0	0	0	0	0	0	0	0	0	2220	0	0	0	214	0	752	0	7610	0	984	0	418	0	5546	0	1376	0	2844	0	1770	0	1902	0	3386	0	18532	0	2496	0	780	0	2044	0	2526	0	1334	0	3332	0	1036	0	0	0	1986	0	0	0	660	0	976	0	5300	0	2054	0	17212	0	646	0	0	0	338	0	0	0	0	0	0	0	0	0	0	0	0	0	0	0	0	0	0	174	0	0	0	0	0	
329332	Cerebelum_Crus1_L	0	0	0	0	0	0	0	0	0	0	0	0	0	0	0	0	0	0	0	0	0	0	0	0	0	0	0	0	0	0	0	0	0	0	0	0	0	0	166	0	0	0	0	0	0	0	3078	5044	0	0	0	0	110	0	16292	3476	0	0	0	0	0	0	0	0	0	0	0	0	0	0	0	0	0	0	0	0	0	0	0	0	0	0	0	0	0	0	0	0	690	0	0	2242	20432	1468	110	278	15676	160	51530	4466	6640	0	9850	0	1156	558	830	0	0	290	4028	9658	4472	768	674	524	
155464	Cerebelum_Crus1_R	0	0	0	0	0	0	0	0	0	0	0	0	0	0	0	0	0	0	0	0	0	0	0	0	0	0	0	0	0	0	0	0	0	0	0	0	0	0	0	0	0	0	0	0	0	0	1172	1104	0	0	0	0	0	0	216	4128	0	0	0	0	0	0	0	0	0	0	0	0	0	0	0	0	0	0	0	0	0	0	0	0	0	0	0	0	0	0	0	0	0	338	2242	0	668	8940	0	1298	838	5614	4208	26430	0	0	102	3232	0	164	0	0	0	810	3164	7722	4894	338	110	0	
150400	Cerebelum_Crus2_L	0	0	0	0	0	0	0	0	0	0	0	0	0	0	0	0	0	0	0	0	0	0	0	0	0	0	0	0	0	0	0	0	0	0	0	0	0	0	0	0	0	0	0	0	0	0	222	1498	0	0	0	0	0	0	2638	1380	0	0	0	0	0	0	0	0	0	0	0	0	0	0	0	0	0	0	0	0	0	0	0	0	0	0	0	0	0	0	0	0	100	0	20432	668	0	1120	0	154	2738	0	10364	2070	10990	128	12012	0	312	316	0	0	0	152	938	3080	2734	498	358	298	
57404	Cerebelum_Crus2_R	0	0	0	0	0	0	0	0	0	0	0	0	0	0	0	0	0	0	0	0	0	0	0	0	0	0	0	0	0	0	0	0	0	0	0	0	0	0	0	0	0	0	0	0	0	0	0	312	0	0	0	0	0	0	0	232	0	0	0	0	0	0	0	0	0	0	0	0	0	0	0	0	0	0	0	0	0	0	0	0	0	0	0	0	0	0	0	0	0	0	1468	8940	1120	0	0	340	0	596	1136	4718	268	598	0	2658	0	108	0	0	0	266	134	1720	3560	428	100	0	
16032	Cerebelum_3_L	0	0	0	0	0	0	0	0	0	0	0	0	0	0	0	0	0	0	0	0	0	0	0	0	0	0	0	0	0	0	0	0	0	0	0	0	0	0	188	0	0	0	0	0	0	0	134	0	0	0	0	0	0	0	0	0	0	0	0	0	0	0	0	0	0	0	0	0	0	0	0	0	0	0	0	0	0	0	0	0	0	0	0	0	0	0	0	0	0	0	110	0	0	0	0	0	4354	0	290	0	0	0	0	0	0	0	0	0	336	2110	494	0	0	0	0	0	
37116	Cerebelum_3_R	0	0	0	0	0	0	0	0	0	0	0	0	0	0	0	0	0	0	0	0	0	0	0	0	0	0	0	0	0	0	0	0	0	0	0	0	0	0	0	0	0	0	0	0	0	0	0	0	0	0	0	0	0	0	0	0	0	0	0	0	0	0	0	0	0	0	0	0	0	0	0	0	0	0	0	0	0	0	0	0	0	0	0	0	0	0	0	0	0	0	278	1298	154	340	0	0	148	2824	354	2650	0	0	0	514	0	1382	0	0	630	3694	360	384	578	1150	1428	392	
195036	Cerebelum_4_5_L	0	0	0	0	0	0	0	0	0	0	0	0	0	0	0	0	0	0	0	0	0	0	0	0	0	0	0	0	0	0	0	0	0	0	0	0	0	0	242	0	0	0	0	0	0	0	6942	1428	0	0	0	0	0	0	9092	416	0	0	0	0	0	0	0	0	0	0	0	0	0	0	0	0	0	0	0	0	0	0	0	0	0	0	0	0	0	0	0	0	0	0	15676	838	2738	0	4354	148	0	1800	27618	2802	1204	0	1930	228	862	140	358	0	132	1328	14020	2242	0	204	428	348	
102620	Cerebelum_4_5_R	0	0	0	0	0	0	0	0	0	0	0	0	0	0	0	0	0	0	0	0	0	0	0	0	0	0	0	0	0	0	0	0	0	0	0	0	0	316	0	564	0	0	0	0	0	0	1068	2176	0	0	0	0	0	0	140	3710	0	0	0	0	0	0	0	0	0	0	0	0	0	0	0	0	0	0	0	0	0	0	0	0	0	0	0	0	0	0	0	0	0	0	160	5614	0	596	0	2824	1800	0	644	16800	0	0	0	964	0	1062	0	0	0	1486	8744	1320	0	270	464	588	
385992	Cerebelum_6_L	0	0	0	0	0	0	0	0	0	0	0	0	0	0	0	0	0	0	0	0	0	0	0	0	0	0	0	0	0	0	0	0	0	0	0	0	0	0	170	0	0	0	0	0	0	0	7904	8134	0	0	0	0	122	0	21332	4996	0	0	0	0	0	0	0	0	0	0	0	0	0	0	0	0	0	0	0	0	0	0	0	0	0	0	0	0	0	0	0	0	202	0	51530	4208	10364	1136	290	354	27618	644	0	8506	4076	0	6422	130	1990	708	730	0	0	384	9400	15486	3666	942	828	724	
256380	Cerebelum_6_R	0	0	0	0	0	0	0	0	0	0	0	0	0	0	0	0	0	0	0	0	0	0	0	0	0	0	0	0	0	0	0	0	0	0	0	0	0	0	0	326	0	0	328	824	104	270	2480	6810	0	0	0	0	0	0	442	10884	0	0	0	0	0	0	0	0	0	0	0	0	0	0	0	0	0	0	0	0	0	0	0	0	0	0	0	0	0	0	0	0	0	0	4466	26430	2070	4718	0	2650	2802	16800	8506	0	468	0	560	2686	152	672	0	148	0	1350	10530	14736	4626	256	348	748	
76300	Cerebelum_7b_L	0	0	0	0	0	0	0	0	0	0	0	0	0	0	0	0	0	0	0	0	0	0	0	0	0	0	0	0	0	0	0	0	0	0	0	0	0	0	0	0	0	0	0	0	0	0	0	188	0	0	0	0	0	0	424	222	0	0	0	0	0	0	0	0	0	0	0	0	0	0	0	0	0	0	0	0	0	0	0	0	0	0	0	0	0	0	0	0	0	0	6640	0	10990	268	0	0	1204	0	4076	468	0	0	9952	202	286	126	358	0	0	0	600	626	820	470	126	104	
2716	Cerebelum_7b_R	0	0	0	0	0	0	0	0	0	0	0	0	0	0	0	0	0	0	0	0	0	0	0	0	0	0	0	0	0	0	0	0	0	0	0	0	0	0	0	0	0	0	0	0	0	0	0	0	0	0	0	0	0	0	0	0	0	0	0	0	0	0	0	0	0	0	0	0	0	0	0	0	0	0	0	0	0	0	0	0	0	0	0	0	0	0	0	0	0	0	0	0	128	598	0	0	0	0	0	0	0	0	0	524	0	0	0	0	0	0	0	0	108	0	0	0	
99124	Cerebelum_8_L	0	0	0	0	0	0	0	0	0	0	0	0	0	0	0	0	0	0	0	0	0	0	0	0	0	0	0	0	0	0	0	0	0	0	0	0	0	0	0	0	0	0	0	0	0	0	124	218	0	0	0	0	0	0	1480	272	0	0	0	0	0	0	0	0	0	0	0	0	0	0	0	0	0	0	0	0	0	0	0	0	0	0	0	0	0	0	0	0	0	0	9850	102	12012	0	0	0	1930	0	6422	560	9952	0	0	250	1182	270	420	0	0	100	724	780	1058	906	590	360	
33328	Cerebelum_8_R	0	0	0	0	0	0	0	0	0	0	0	0	0	0	0	0	0	0	0	0	0	0	0	0	0	0	0	0	0	0	0	0	0	0	0	0	0	0	0	0	0	0	0	0	0	0	0	0	0	0	0	0	0	0	0	0	0	0	0	0	0	0	0	0	0	0	0	0	0	0	0	0	0	0	0	0	0	0	0	0	0	0	0	0	0	0	0	0	0	0	0	3232	0	2658	0	514	228	964	130	2686	202	524	250	0	0	950	0	230	0	442	752	424	968	942	568	0	
23556	Cerebelum_9_L	0	0	0	0	0	0	0	0	0	0	0	0	0	0	0	0	0	0	0	0	0	0	0	0	0	0	0	0	0	0	0	0	0	0	0	0	0	0	0	0	0	0	0	0	0	0	0	0	0	0	0	0	0	0	0	0	0	0	0	0	0	0	0	0	0	0	0	0	0	0	0	0	0	0	0	0	0	0	0	0	0	0	0	0	0	0	0	0	0	0	1156	0	312	0	0	0	862	0	1990	152	286	0	1182	0	0	530	1952	0	0	0	562	684	472	582	624	432	
47164	Cerebelum_9_R	0	0	0	0	0	0	0	0	0	0	0	0	0	0	0	0	0	0	0	0	0	0	0	0	0	0	0	0	0	0	0	0	0	0	0	0	0	0	0	0	0	0	0	0	0	0	0	0	0	0	0	0	0	0	0	120	0	0	0	0	0	0	0	0	0	0	0	0	0	0	0	0	0	0	0	0	0	0	0	0	0	0	0	0	0	0	0	0	0	0	558	164	316	108	0	1382	140	1062	708	672	126	0	270	950	530	0	0	606	358	1268	762	1746	1542	3404	3930	2860	
9296	Cerebelum_10_L	0	0	0	0	0	0	0	0	0	0	0	0	0	0	0	0	0	0	0	0	0	0	0	0	0	0	0	0	0	0	0	0	0	0	0	0	0	0	0	0	0	0	0	0	0	0	0	0	0	0	0	0	0	0	0	0	0	0	0	0	0	0	0	0	0	0	0	0	0	0	0	0	0	0	0	0	0	0	0	0	0	0	0	0	0	0	0	0	0	0	830	0	0	0	0	0	358	0	730	0	358	0	420	0	1952	0	0	0	0	0	0	0	0	0	0	0	
1968	Cerebelum_10_R	0	0	0	0	0	0	0	0	0	0	0	0	0	0	0	0	0	0	0	0	0	0	0	0	0	0	0	0	0	0	0	0	0	0	0	0	0	0	0	0	0	0	0	0	0	0	0	0	0	0	0	0	0	0	0	0	0	0	0	0	0	0	0	0	0	0	0	0	0	0	0	0	0	0	0	0	0	0	0	0	0	0	0	0	0	0	0	0	0	0	0	0	0	0	0	0	0	0	0	148	0	0	0	230	0	606	0	0	0	0	0	0	0	0	0	0	
11496	Vermis_1_2	0	0	0	0	0	0	0	0	0	0	0	0	0	0	0	0	0	0	0	0	0	0	0	0	0	0	0	0	0	0	0	0	0	0	0	0	0	0	0	0	0	0	0	0	0	0	0	0	0	0	0	0	0	0	0	0	0	0	0	0	0	0	0	0	0	0	0	0	0	0	0	0	0	0	0	0	0	0	0	0	0	0	0	0	0	0	0	0	0	0	0	0	0	0	336	630	132	0	0	0	0	0	0	0	0	358	0	0	0	3488	0	0	100	286	418	0	
45896	Vermis_3	0	0	0	0	0	0	0	0	0	0	0	0	0	0	0	0	0	0	0	0	0	0	0	0	0	0	0	0	0	0	0	0	0	0	0	0	0	0	194	0	0	0	0	0	0	0	0	306	0	0	0	0	0	0	0	144	0	0	0	0	0	0	0	0	0	0	0	0	0	0	0	0	0	0	0	0	0	0	0	0	0	0	0	0	0	0	0	0	0	0	290	810	152	266	2110	3694	1328	1486	384	1350	0	0	100	442	0	1268	0	0	3488	0	1084	384	574	1130	1552	412	
159880	Vermis_4_5	0	0	0	0	0	0	0	0	0	0	0	0	0	0	0	0	0	0	0	0	0	0	0	0	0	0	0	0	0	0	0	0	0	256	0	402	0	432	0	104	0	0	0	260	0	0	4138	2808	0	162	0	0	0	222	1702	3050	0	166	0	0	0	0	0	0	0	0	0	2092	0	308	0	0	0	0	0	0	0	124	0	0	0	0	0	0	0	0	0	0	0	174	4028	3164	938	134	494	360	14020	8744	9400	10530	600	0	724	752	562	762	0	0	0	1084	0	4290	0	562	980	1412	
194856	Vermis_6	0	0	0	0	0	0	0	0	0	0	0	0	0	0	0	0	0	0	0	0	0	0	0	0	0	0	0	0	0	0	0	0	0	0	0	0	0	0	0	0	0	0	0	0	0	0	3374	9082	0	0	0	0	0	0	1760	6502	0	0	0	0	0	0	0	0	0	0	0	0	0	0	0	0	0	0	0	0	0	0	0	0	0	0	0	0	0	0	0	0	0	0	9658	7722	3080	1720	0	384	2242	1320	15486	14736	626	0	780	424	684	1746	0	0	0	384	4290	0	5704	1750	1742	2232	
87060	Vermis_7	0	0	0	0	0	0	0	0	0	0	0	0	0	0	0	0	0	0	0	0	0	0	0	0	0	0	0	0	0	0	0	0	0	0	0	0	0	0	0	0	0	0	0	0	0	0	570	1046	0	0	0	0	0	0	0	744	0	0	0	0	0	0	0	0	0	0	0	0	0	0	0	0	0	0	0	0	0	0	0	0	0	0	0	0	0	0	0	0	0	0	4472	4894	2734	3560	0	578	0	0	3666	4626	820	108	1058	968	472	1542	0	0	100	574	0	5704	0	2230	1822	1242	
47048	Vermis_8	0	0	0	0	0	0	0	0	0	0	0	0	0	0	0	0	0	0	0	0	0	0	0	0	0	0	0	0	0	0	0	0	0	0	0	0	0	0	0	0	0	0	0	0	0	0	0	0	0	0	0	0	0	0	0	0	0	0	0	0	0	0	0	0	0	0	0	0	0	0	0	0	0	0	0	0	0	0	0	0	0	0	0	0	0	0	0	0	0	0	768	338	498	428	0	1150	204	270	942	256	470	0	906	942	582	3404	0	0	286	1130	562	1750	2230	0	3956	2452	
