data	data	347632	104372	1.14066e+06	968244	231896	248152	468872	187596	146388	97296	261108	159600	305100	156820	224644	152432	173552	149112	926764	903772	69056	97468	363136	404080	49180	172104	42988	46652	560380	338676	295904	519640	164988	651300	144976	156560	212276	287456	144744	224544	42564	66176	305308	314284	292472	336748	359156	330776	280668	339336	570528	240892	204176	130448	409272	516304	337936	175876	100076	62268	182000	59204	114024	113120	96768	82584	348728	397516	190996	70264	364724	545768	378292	369044	107212	50812	126392	142992	133492	9816	279936	109476	136648	108252	377860	310068	76808	82120	313264	312764	388172	438952	360404	361316	41792	68056	355180	274432	466300	498168	293180	231632	459420	411532	179836	221912	78040	73272	20636	81488	317744	224272	222164	236436	137144	20140	
data	data	Precentral_L	Precentral_R	Frontal_Sup_L	Frontal_Sup_R	Frontal_Sup_Orb_L	Frontal_Sup_Orb_R	Frontal_Mid_L	Frontal_Mid_R	Frontal_Mid_Orb_L	Frontal_Mid_Orb_R	Frontal_Inf_Oper_L	Frontal_Inf_Oper_R	Frontal_Inf_Tri_L	Frontal_Inf_Tri_R	Frontal_Inf_Orb_L	Frontal_Inf_Orb_R	Rolandic_Oper_L	Rolandic_Oper_R	Supp_Motor_Area_L	Supp_Motor_Area_R	Olfactory_L	Olfactory_R	Frontal_Sup_Medial_L	Frontal_Sup_Medial_R	Frontal_Med_Orb_L	Frontal_Med_Orb_R	Rectus_L	Rectus_R	Insula_L	Insula_R	Cingulum_Ant_L	Cingulum_Ant_R	Cingulum_Mid_L	Cingulum_Mid_R	Cingulum_Post_L	Cingulum_Post_R	Hippocampus_L	Hippocampus_R	ParaHippocampal_L	ParaHippocampal_R	Amygdala_L	Amygdala_R	Calcarine_L	Calcarine_R	Cuneus_L	Cuneus_R	Lingual_L	Lingual_R	Occipital_Sup_L	Occipital_Sup_R	Occipital_Mid_L	Occipital_Mid_R	Occipital_Inf_L	Occipital_Inf_R	Fusiform_L	Fusiform_R	Postcentral_L	Postcentral_R	Parietal_Sup_L	Parietal_Sup_R	Parietal_Inf_L	Parietal_Inf_R	SupraMarginal_L	SupraMarginal_R	Angular_L	Angular_R	Precuneus_L	Precuneus_R	Paracentral_Lobule_L	Paracentral_Lobule_R	Caudate_L	Caudate_R	Putamen_L	Putamen_R	Pallidum_L	Pallidum_R	Thalamus_L	Thalamus_R	Heschl_L	Heschl_R	Temporal_Sup_L	Temporal_Sup_R	Temporal_Pole_Sup_L	Temporal_Pole_Sup_R	Temporal_Mid_L	Temporal_Mid_R	Temporal_Pole_Mid_L	Temporal_Pole_Mid_R	Temporal_Inf_L	Temporal_Inf_R	Cerebelum_Crus1_L	Cerebelum_Crus1_R	Cerebelum_Crus2_L	Cerebelum_Crus2_R	Cerebelum_3_L	Cerebelum_3_R	Cerebelum_4_5_L	Cerebelum_4_5_R	Cerebelum_6_L	Cerebelum_6_R	Cerebelum_7b_L	Cerebelum_7b_R	Cerebelum_8_L	Cerebelum_8_R	Cerebelum_9_L	Cerebelum_9_R	Cerebelum_10_L	Cerebelum_10_R	Vermis_1_2	Vermis_3	Vermis_4_5	Vermis_6	Vermis_7	Vermis_8	Vermis_9	Vermis_10	
347632	Precentral_L	0	1656	11860	1706	0	704	16082	234	0	0	14062	0	968	0	0	266	4026	0	6972	1484	254	546	0	596	0	790	0	116	2536	228	354	1580	3438	342	1126	0	600	1002	162	148	0	0	334	242	374	0	190	0	196	0	4622	0	770	0	0	0	33824	0	0	0	5716	0	2338	0	434	0	540	0	9974	0	4650	16404	3190	1228	444	572	1410	8116	1406	0	912	0	0	0	962	0	0	0	1130	0	0	0	0	0	0	0	0	0	0	0	0	0	0	0	0	0	0	0	0	0	0	0	0	0	0	0	
104372	Precentral_R	1656	0	1820	10182	0	0	562	6202	0	0	332	1834	0	170	0	0	0	1212	2148	10234	0	0	0	0	0	0	0	0	0	464	0	0	0	182	0	166	0	516	0	178	0	0	0	308	0	0	0	0	0	128	0	458	0	0	0	0	190	8054	0	0	0	120	0	458	0	0	0	218	0	1564	114	188	484	580	424	0	0	438	0	0	0	158	0	0	0	300	0	0	0	144	0	0	0	0	0	0	0	0	0	0	0	0	0	0	0	0	0	0	0	0	0	0	0	0	0	0	
1.14066e+06	Frontal_Sup_L	11860	1820	0	17188	19104	836	66206	632	5902	214	11950	1576	23676	1106	11646	566	9252	324	112714	29324	750	1208	44730	4596	1114	872	0	0	34932	794	13446	6516	3814	19488	0	0	3308	542	364	0	0	0	594	0	680	0	480	0	0	0	2078	0	384	0	306	0	8590	1724	0	0	2144	0	2294	1098	354	0	554	0	928	0	9780	7106	26698	2448	8810	636	6794	2308	9162	0	6480	0	1900	0	2498	0	0	0	1130	0	0	0	0	0	0	0	0	0	0	0	0	0	0	0	0	0	0	0	0	0	0	0	0	0	0	0	
968244	Frontal_Sup_R	1706	10182	17188	0	694	17320	2340	25546	226	2278	2046	8338	544	12314	570	6686	444	11272	19962	94354	336	694	11222	40994	0	8924	0	784	1838	19566	5030	32218	1974	37624	382	1116	0	3508	0	686	0	0	0	1344	0	1030	0	464	0	1358	122	1182	0	0	0	626	724	9126	0	0	0	960	0	4764	0	674	0	2470	394	360	3722	18754	1128	18430	688	3262	320	4358	0	262	0	1608	0	226	0	3068	0	0	0	1792	0	0	0	0	0	0	0	0	0	0	0	0	0	0	0	0	0	0	0	0	0	0	0	0	0	0	
231896	Frontal_Sup_Orb_L	0	0	19104	694	0	188	10496	0	12962	0	818	0	6136	0	7114	0	0	0	4774	254	298	126	9986	846	3830	408	3680	0	7114	0	6572	1828	0	786	0	0	0	0	0	0	0	0	0	0	0	0	0	0	0	0	0	0	0	0	0	0	0	0	0	0	0	0	0	0	0	0	0	0	0	0	9040	796	6492	354	618	0	0	0	0	0	0	0	634	0	0	0	0	0	0	0	0	0	0	0	0	0	0	0	0	0	0	0	0	0	0	0	0	0	0	0	0	0	0	0	0	0	
248152	Frontal_Sup_Orb_R	704	0	836	17320	188	0	212	3174	282	8986	1730	378	184	2728	594	4986	454	0	2568	5082	0	198	1472	13972	0	12074	0	4728	1888	2702	1474	13362	520	5010	0	0	0	0	0	0	0	0	0	0	0	0	0	0	0	0	0	0	0	0	0	0	382	0	0	0	0	0	0	0	0	0	0	0	0	0	2796	11004	280	1462	0	134	212	0	0	0	0	0	0	0	0	0	0	0	0	0	0	0	0	0	0	0	0	0	0	0	0	0	0	0	0	0	0	0	0	0	0	0	0	0	0	0	
468872	Frontal_Mid_L	16082	562	66206	2340	10496	212	0	192	3130	0	10578	0	33440	0	7246	226	1174	0	11034	1370	230	574	23174	2024	0	376	0	0	11890	438	2092	1978	156	1618	0	0	456	0	0	0	0	0	0	0	0	0	0	0	0	0	238	0	0	0	0	0	1396	0	0	0	168	0	0	0	0	0	0	0	0	0	6310	5464	2880	3120	972	512	312	1006	1942	0	438	0	0	0	182	0	0	0	202	0	0	0	0	0	0	0	0	0	0	0	0	0	0	0	0	0	0	0	0	0	0	0	0	0	0	0	
187596	Frontal_Mid_R	234	6202	632	25546	0	3174	192	0	0	2032	116	8650	0	13268	0	3318	0	6266	660	1446	0	0	892	3198	0	0	0	0	0	4754	0	2876	0	3100	0	0	0	146	0	0	0	0	0	0	0	0	0	0	0	0	0	0	0	0	0	0	0	860	0	0	0	0	0	340	0	0	0	0	0	0	454	180	866	1428	774	626	0	902	0	0	0	274	0	0	0	392	0	0	0	0	0	0	0	0	0	0	0	0	0	0	0	0	0	0	0	0	0	0	0	0	0	0	0	0	0	0	
146388	Frontal_Mid_Orb_L	0	0	5902	226	12962	282	3130	0	0	0	190	0	4350	0	17080	0	0	0	2576	140	0	0	1598	114	1228	472	1982	0	4908	0	2488	680	0	0	0	0	0	0	0	0	0	0	0	0	0	0	0	0	0	0	0	0	0	0	0	0	0	0	0	0	0	0	0	0	0	0	0	0	0	0	6056	1092	5016	296	426	0	0	0	0	0	0	0	0	0	0	0	0	0	0	0	0	0	0	0	0	0	0	0	0	0	0	0	0	0	0	0	0	0	0	0	0	0	0	0	0	0	
97296	Frontal_Mid_Orb_R	0	0	214	2278	0	8986	0	2032	0	0	0	2276	0	1452	0	10966	0	622	400	1162	0	116	190	1008	0	1406	0	1972	0	3498	228	1456	0	594	0	0	0	0	0	0	0	0	0	0	0	0	0	0	0	0	0	0	0	0	0	0	0	0	0	0	0	0	0	0	0	0	0	0	0	0	260	3088	0	3796	0	0	0	0	0	0	0	278	0	370	0	0	0	0	0	0	0	0	0	0	0	0	0	0	0	0	0	0	0	0	0	0	0	0	0	0	0	0	0	0	0	0	
261108	Frontal_Inf_Oper_L	14062	332	11950	2046	818	1730	10578	116	190	0	0	0	16634	0	720	0	7498	0	11842	1934	0	128	216	1270	0	1830	0	0	14218	0	1322	812	0	2088	0	0	0	0	0	0	0	0	0	0	0	0	0	0	0	0	116	0	0	0	0	0	5072	0	0	0	892	0	632	0	0	0	0	0	0	0	4300	5282	1658	0	360	0	594	1560	1086	0	3728	0	2940	0	0	0	0	0	0	0	0	0	0	0	0	0	0	0	0	0	0	0	0	0	0	0	0	0	0	0	0	0	0	0	0	0	
159600	Frontal_Inf_Oper_R	0	1834	1576	8338	0	378	0	8650	0	2276	0	0	0	11156	0	3212	0	9082	1198	3554	0	0	0	494	0	248	0	0	0	11388	0	1370	0	2288	0	0	0	0	0	0	0	0	0	0	0	0	0	0	0	0	0	0	0	0	0	0	0	782	0	0	0	0	0	430	0	0	0	0	0	0	0	1208	0	6928	0	0	0	0	0	0	0	1286	0	1930	0	194	0	0	0	0	0	0	0	0	0	0	0	0	0	0	0	0	0	0	0	0	0	0	0	0	0	0	0	0	0	0	
305100	Frontal_Inf_Tri_L	968	0	23676	544	6136	184	33440	0	4350	0	16634	0	0	0	14666	0	578	0	9622	1548	0	0	5854	190	0	188	0	0	22386	0	3878	1228	0	1884	0	0	0	0	0	0	0	0	0	0	0	0	0	0	0	0	0	0	0	0	0	0	204	0	0	0	0	0	0	0	0	0	0	0	0	0	1998	590	862	0	0	0	0	0	0	0	406	0	536	0	0	0	0	0	0	0	0	0	0	0	0	0	0	0	0	0	0	0	0	0	0	0	0	0	0	0	0	0	0	0	0	0	
156820	Frontal_Inf_Tri_R	0	170	1106	12314	0	2728	0	13268	0	1452	0	11156	0	0	0	4486	0	826	1398	2984	0	0	0	3156	0	870	0	170	0	11554	328	5410	0	1880	0	0	0	0	0	0	0	0	0	0	0	0	0	0	0	0	0	0	0	0	0	0	0	0	0	0	0	0	0	0	0	0	0	0	0	0	0	1198	0	1160	0	0	0	0	0	0	0	192	0	604	0	0	0	0	0	0	0	0	0	0	0	0	0	0	0	0	0	0	0	0	0	0	0	0	0	0	0	0	0	0	0	0	
224644	Frontal_Inf_Orb_L	0	0	11646	570	7114	594	7246	0	17080	0	720	0	14666	0	0	0	0	0	5600	258	478	0	3540	326	122	732	378	0	21604	0	1330	678	0	232	0	0	0	0	0	0	240	0	0	0	0	0	0	0	0	0	0	0	0	0	0	0	0	0	0	0	0	0	0	0	0	0	0	0	0	0	4466	1294	9098	228	0	0	0	0	0	0	0	0	1836	0	0	0	246	0	0	0	0	0	0	0	0	0	0	0	0	0	0	0	0	0	0	0	0	0	0	0	0	0	0	0	0	0	
152432	Frontal_Inf_Orb_R	266	0	566	6686	0	4986	226	3318	0	10966	0	3212	0	4486	0	0	0	916	1160	4472	0	878	166	1526	0	288	0	1456	0	12548	0	1582	0	1262	0	0	0	0	0	0	0	0	0	0	0	0	0	0	0	0	0	0	0	0	0	0	464	0	0	0	0	0	0	0	0	0	0	0	0	0	530	4734	146	8404	0	0	120	0	0	0	0	354	0	498	0	0	0	0	0	0	0	0	0	0	0	0	0	0	0	0	0	0	0	0	0	0	0	0	0	0	0	0	0	0	0	0	
173552	Rolandic_Oper_L	4026	0	9252	444	0	454	1174	0	0	0	7498	0	578	0	0	0	0	0	6970	0	0	0	0	338	0	494	0	0	17528	0	0	0	0	0	118	0	166	0	194	0	0	0	302	0	332	0	270	0	0	0	706	0	0	0	0	0	7838	0	0	0	2786	0	3608	0	596	0	220	0	370	0	692	686	718	0	210	0	0	0	6450	0	8304	0	2764	0	516	0	0	0	174	0	0	0	0	0	0	0	0	0	0	0	0	0	0	0	0	0	0	0	0	0	0	0	0	0	0	0	
149112	Rolandic_Oper_R	0	1212	324	11272	0	0	0	6266	0	622	0	9082	0	826	0	916	0	0	260	6210	0	0	0	0	0	0	0	0	0	15056	0	134	0	232	0	0	0	310	0	0	0	0	0	0	0	0	0	0	0	0	0	0	0	0	0	0	0	2184	0	0	0	0	0	1068	0	0	0	0	0	0	0	588	0	8640	0	516	0	1434	0	1206	0	3090	0	1750	0	1204	0	0	0	154	0	0	0	0	0	0	0	0	0	0	0	0	0	0	0	0	0	0	0	0	0	0	0	0	0	0	
926764	Supp_Motor_Area_L	6972	2148	112714	19962	4774	2568	11034	660	2576	400	11842	1198	9622	1398	5600	1160	6970	260	0	49952	668	1040	9878	8292	0	1656	0	0	23202	1090	8494	12094	10464	31502	258	0	2802	1136	374	260	0	0	682	0	724	434	506	146	156	448	1920	126	284	0	316	0	7268	1104	0	0	2080	0	2882	556	352	0	770	544	4212	0	6776	8444	17974	2162	5248	482	11554	2646	6836	0	5574	0	1756	0	2232	0	0	0	978	190	0	0	0	0	0	0	0	0	0	0	0	0	0	0	0	0	0	0	0	0	0	0	0	0	0	0	
903772	Supp_Motor_Area_R	1484	10234	29324	94354	254	5082	1370	1446	140	1162	1934	3554	1548	2984	258	4472	0	6210	49952	0	336	668	2188	12464	0	2728	0	148	770	11688	3158	14876	5198	57580	414	2808	134	7962	0	1744	0	0	0	2994	0	3788	0	1382	0	5026	120	2472	0	0	0	1100	440	11306	0	0	0	800	0	4406	0	654	136	9084	6570	5608	1890	16458	742	16938	406	3062	328	6646	128	296	0	1712	0	176	0	3596	0	0	0	2996	0	0	0	0	0	0	0	0	0	0	0	0	0	0	0	0	0	0	0	0	0	0	0	0	0	0	
69056	Olfactory_L	254	0	750	336	298	0	230	0	0	0	0	0	0	0	478	0	0	0	668	336	0	5542	0	0	216	138	526	246	914	0	3066	2006	0	0	0	0	0	0	0	0	802	0	0	0	0	0	0	0	0	0	0	0	0	0	0	0	0	0	0	0	0	0	0	0	0	0	0	0	0	0	6666	5020	4112	0	1356	208	0	0	0	0	0	0	360	0	0	0	0	0	0	0	0	0	0	0	0	0	0	0	0	0	0	0	0	0	0	0	0	0	0	0	0	0	0	0	0	0	
97468	Olfactory_R	546	0	1208	694	126	198	574	0	0	116	128	0	0	0	0	878	0	0	1040	668	5542	0	0	0	506	1580	652	2206	0	2038	3782	4028	0	0	0	0	0	0	0	0	0	142	0	0	0	0	0	0	0	0	0	0	0	0	0	0	0	0	0	0	0	0	0	0	0	0	0	0	0	0	6490	8370	3972	702	1808	314	0	426	0	0	0	0	0	0	0	0	0	0	0	0	0	0	0	0	0	0	0	0	0	0	0	0	0	0	0	0	0	0	0	0	0	0	0	0	0	0	
363136	Frontal_Sup_Medial_L	0	0	44730	11222	9986	1472	23174	892	1598	190	216	0	5854	0	3540	166	0	0	9878	2188	0	0	0	17304	2012	842	0	0	2848	0	14554	11796	1498	12392	0	0	0	0	0	0	0	0	0	0	0	0	0	0	0	0	0	0	0	0	0	0	0	0	0	0	0	0	0	0	0	0	0	0	0	0	1308	434	1266	208	0	0	0	0	0	0	0	0	0	0	0	0	0	0	0	0	0	0	0	0	0	0	0	0	0	0	0	0	0	0	0	0	0	0	0	0	0	0	0	0	0	0	
404080	Frontal_Sup_Medial_R	596	0	4596	40994	846	13972	2024	3198	114	1008	1270	494	190	3156	326	1526	338	0	8292	12464	0	0	17304	0	0	9360	140	920	1290	3662	6184	32552	692	23100	0	0	0	0	0	0	0	0	0	0	0	0	0	0	0	0	0	0	0	0	0	0	376	0	0	0	0	0	0	0	0	0	0	0	0	0	1754	7716	284	988	0	0	314	0	0	0	0	0	0	0	0	0	0	0	0	0	0	0	0	0	0	0	0	0	0	0	0	0	0	0	0	0	0	0	0	0	0	0	0	0	0	0	
49180	Frontal_Med_Orb_L	0	0	1114	0	3830	0	0	0	1228	0	0	0	0	0	122	0	0	0	0	0	216	506	2012	0	0	1214	2490	184	0	0	4578	1412	0	0	0	0	0	0	0	0	0	0	0	0	0	0	0	0	0	0	0	0	0	0	0	0	0	0	0	0	0	0	0	0	0	0	0	0	0	0	2924	470	1796	0	494	0	0	0	0	0	0	0	0	0	0	0	0	0	0	0	0	0	0	0	0	0	0	0	0	0	0	0	0	0	0	0	0	0	0	0	0	0	0	0	0	0	
172104	Frontal_Med_Orb_R	790	0	872	8924	408	12074	376	0	472	1406	1830	248	188	870	732	288	494	0	1656	2728	138	1580	842	9360	1214	0	746	3526	2070	740	2746	9780	0	2212	0	0	0	0	0	0	0	0	0	0	0	0	0	0	0	0	0	0	0	0	0	0	436	0	0	0	0	0	0	0	0	0	0	0	0	0	3388	11018	340	1198	0	156	206	0	0	0	0	0	0	0	0	0	0	0	0	0	0	0	0	0	0	0	0	0	0	0	0	0	0	0	0	0	0	0	0	0	0	0	0	0	0	0	
42988	Rectus_L	0	0	0	0	3680	0	0	0	1982	0	0	0	0	0	378	0	0	0	0	0	526	652	0	140	2490	746	0	362	0	0	1576	714	0	0	0	0	0	0	0	0	0	0	0	0	0	0	0	0	0	0	0	0	0	0	0	0	0	0	0	0	0	0	0	0	0	0	0	0	0	0	3692	526	3158	0	872	0	0	0	0	0	0	0	0	0	0	0	0	0	0	0	0	0	0	0	0	0	0	0	0	0	0	0	0	0	0	0	0	0	0	0	0	0	0	0	0	0	
46652	Rectus_R	116	0	0	784	0	4728	0	0	0	1972	0	0	0	170	0	1456	0	0	0	148	246	2206	0	920	184	3526	362	0	0	1208	380	1334	0	158	0	0	0	0	0	0	0	0	0	0	0	0	0	0	0	0	0	0	0	0	0	0	0	0	0	0	0	0	0	0	0	0	0	0	0	0	338	2210	212	322	0	152	0	194	0	0	0	0	0	0	0	0	0	0	0	0	0	0	0	0	0	0	0	0	0	0	0	0	0	0	0	0	0	0	0	0	0	0	0	0	0	0	
560380	Insula_L	2536	0	34932	1838	7114	1888	11890	0	4908	0	14218	0	22386	0	21604	0	17528	0	23202	770	914	0	2848	1290	0	2070	0	0	0	0	4160	1778	0	764	0	0	2538	0	700	0	1290	0	450	0	506	0	406	0	0	0	3064	0	1152	0	1042	0	5358	0	0	0	1550	0	3560	0	252	0	342	0	0	0	5956	3050	15984	316	0	0	264	120	15296	0	16492	0	9326	0	4488	0	418	0	7632	0	0	0	0	0	0	0	0	0	0	0	0	0	0	0	0	0	0	0	0	0	0	0	0	0	0	0	
338676	Insula_R	228	464	794	19566	0	2702	438	4754	0	3498	0	11388	0	11554	0	12548	0	15056	1090	11688	0	2038	0	3662	0	740	0	1208	0	0	164	4264	0	1028	0	118	0	4680	0	590	0	284	0	266	0	0	0	0	0	0	0	222	0	126	0	1772	400	318	0	0	0	0	0	308	0	0	0	126	0	0	702	4484	124	29010	0	456	142	976	0	568	0	3684	0	3660	0	3364	0	0	0	4086	0	0	0	0	0	0	0	0	0	0	0	0	0	0	0	0	0	0	0	0	0	0	0	0	0	0	
295904	Cingulum_Ant_L	354	0	13446	5030	6572	1474	2092	0	2488	228	1322	0	3878	328	1330	0	0	0	8494	3158	3066	3782	14554	6184	4578	2746	1576	380	4160	164	0	21038	2800	5286	0	0	0	0	0	0	0	0	0	0	0	0	0	0	0	0	0	0	0	0	0	0	0	0	0	0	0	0	0	0	0	0	0	0	0	0	12342	6746	6024	854	1064	230	184	0	0	0	0	0	0	0	0	0	0	0	0	0	0	0	0	0	0	0	0	0	0	0	0	0	0	0	0	0	0	0	0	0	0	0	0	0	0	0	
519640	Cingulum_Ant_R	1580	0	6516	32218	1828	13362	1978	2876	680	1456	812	1370	1228	5410	678	1582	0	134	12094	14876	2006	4028	11796	32552	1412	9780	714	1334	1778	4264	21038	0	4022	29078	0	0	152	0	0	0	0	0	0	0	0	0	0	0	0	0	0	0	0	0	0	0	1526	0	0	0	0	0	0	0	0	0	0	0	0	0	6678	18876	2396	3368	296	340	1708	0	0	0	0	0	0	0	0	0	0	0	0	0	0	0	0	0	0	0	0	0	0	0	0	0	0	0	0	0	0	0	0	0	0	0	0	0	0	0	
164988	Cingulum_Mid_L	3438	0	3814	1974	0	520	156	0	0	0	0	0	0	0	0	0	0	0	10464	5198	0	0	1498	692	0	0	0	0	0	0	2800	4022	0	12798	5624	204	0	0	0	0	0	0	670	126	1478	1272	154	0	2398	860	2508	330	372	0	0	0	846	0	622	0	0	0	0	0	116	0	6144	2420	7788	228	0	156	0	0	0	0	0	0	0	0	116	0	0	0	304	0	0	0	384	0	0	0	0	0	0	0	0	0	0	0	0	0	0	0	0	0	0	0	0	0	0	0	0	0	0	0	
651300	Cingulum_Mid_R	342	182	19488	37624	786	5010	1618	3100	0	594	2088	2288	1884	1880	232	1262	0	232	31502	57580	0	0	12392	23100	0	2212	0	158	764	1028	5286	29078	12798	0	386	4034	0	796	0	1230	0	0	0	2832	182	8346	0	1156	244	8452	194	2848	0	0	0	190	0	1450	0	0	0	136	0	1160	0	232	1348	15344	6500	5062	1070	5380	118	1390	0	0	0	0	134	0	0	294	0	0	0	460	0	0	0	174	0	0	0	0	0	0	0	0	0	0	0	0	0	0	0	0	0	0	0	0	0	0	0	0	0	0	
144976	Cingulum_Post_L	1126	0	0	382	0	0	0	0	0	0	0	0	0	0	0	0	118	0	258	414	0	0	0	0	0	0	0	0	0	0	0	0	5624	386	0	6784	3798	2070	3980	952	0	0	4868	458	4982	0	3588	446	3176	0	6558	220	1204	0	0	0	662	0	358	0	122	0	138	0	160	0	9588	1568	2652	0	0	0	0	0	0	0	0	0	134	0	452	0	0	0	3004	154	0	0	1336	0	0	0	0	0	0	0	460	0	0	0	0	0	0	0	0	0	0	0	0	0	308	0	0	0	0	0	
156560	Cingulum_Post_R	0	166	0	1116	0	0	0	0	0	0	0	0	0	0	0	0	0	0	0	2808	0	0	0	0	0	0	0	0	0	118	0	0	204	4034	6784	0	3136	8236	2640	9092	0	0	0	1860	334	2406	0	4790	0	432	0	1476	0	0	0	532	0	0	0	0	0	0	0	676	0	494	1988	16354	782	624	0	0	0	0	0	0	150	176	0	0	0	350	0	0	0	4772	0	0	0	1512	0	0	0	0	0	0	0	0	0	0	0	0	0	0	0	0	0	0	0	0	238	0	0	0	0	0	
212276	Hippocampus_L	600	0	3308	0	0	0	456	0	0	0	0	0	0	0	0	0	166	0	2802	134	0	0	0	0	0	0	0	0	2538	0	0	152	0	0	3798	3136	0	2840	14706	1072	5754	0	1234	0	710	0	1840	500	218	0	1330	0	964	0	10894	0	382	0	0	0	0	0	0	0	0	0	2162	1112	0	0	0	700	5574	160	2050	0	5066	1220	242	0	4612	0	1332	0	5780	0	656	0	15066	0	0	0	0	0	0	0	584	0	0	0	0	0	0	0	0	0	0	0	0	0	288	0	0	0	0	0	
287456	Hippocampus_R	1002	516	542	3508	0	0	0	146	0	0	0	0	0	0	0	0	0	310	1136	7962	0	0	0	0	0	0	0	0	0	4680	0	0	0	796	2070	8236	2840	0	2524	20984	0	10182	0	2068	0	196	0	4886	0	0	0	506	0	878	0	16988	626	148	0	0	0	0	0	456	0	308	234	6872	282	352	0	918	0	11278	0	1152	360	3908	0	0	0	1446	0	488	0	6352	0	364	0	14906	0	0	0	0	0	0	0	322	0	0	0	0	0	0	0	0	0	0	0	0	0	0	0	0	0	0	
144744	ParaHippocampal_L	162	0	364	0	0	0	0	0	0	0	0	0	0	0	0	0	194	0	374	0	0	0	0	0	0	0	0	0	700	0	0	0	0	0	3980	2640	14706	2524	0	914	1912	0	3012	0	1710	0	7138	388	572	0	3360	0	816	0	6306	0	0	0	0	0	0	0	0	0	0	0	3266	948	136	0	0	0	514	0	0	0	1486	714	492	0	1462	0	780	0	1902	0	1016	0	4134	0	0	0	0	0	252	0	2718	0	0	0	0	0	0	0	0	0	0	0	0	0	780	0	0	0	0	0	
224544	ParaHippocampal_R	148	178	0	686	0	0	0	0	0	0	0	0	0	0	0	0	0	0	260	1744	0	0	0	0	0	0	0	0	0	590	0	0	0	1230	952	9092	1072	20984	914	0	0	6302	0	2246	0	594	0	11454	0	126	0	520	0	1862	0	18554	154	0	0	0	0	0	0	494	0	352	304	10746	316	458	0	246	0	1300	0	284	138	872	0	0	0	556	0	2176	0	3392	0	2294	0	4416	0	0	0	0	0	496	0	2574	0	216	0	0	0	0	0	0	0	0	0	328	652	0	0	0	0	0	
42564	Amygdala_L	0	0	0	0	0	0	0	0	0	0	0	0	0	0	240	0	0	0	0	0	802	0	0	0	0	0	0	0	1290	0	0	0	0	0	0	0	5754	0	1912	0	0	0	0	0	0	0	0	0	0	0	0	0	0	0	4784	0	0	0	0	0	0	0	0	0	0	0	0	0	0	0	550	0	864	0	0	0	126	0	0	0	0	0	846	0	122	0	612	0	3380	0	0	0	0	0	0	0	0	0	0	0	0	0	0	0	0	0	0	0	0	0	0	0	0	0	0	0	
66176	Amygdala_R	0	0	0	0	0	0	0	0	0	0	0	0	0	0	0	0	0	0	0	0	0	142	0	0	0	0	0	0	0	284	0	0	0	0	0	0	0	10182	0	6302	0	0	0	0	0	0	0	130	0	0	0	0	0	312	0	9702	0	0	0	0	0	0	0	0	0	0	0	0	0	0	0	0	0	1820	0	458	0	0	0	0	0	0	0	1100	0	134	0	524	0	1998	0	0	0	0	0	0	0	0	0	0	0	0	0	0	0	0	0	0	0	0	0	0	0	0	0	0	
305308	Calcarine_L	334	0	594	0	0	0	0	0	0	0	0	0	0	0	0	0	302	0	682	0	0	0	0	0	0	0	0	0	450	0	0	0	670	0	4868	0	1234	0	3012	0	0	0	0	8702	23822	7134	17912	3966	16758	3300	19658	454	2788	114	1322	208	168	0	140	0	0	0	0	0	196	0	21786	590	3128	0	0	0	0	0	0	0	0	0	818	0	1518	0	0	0	3728	0	0	0	838	0	0	0	0	0	0	0	570	0	0	0	0	0	0	0	0	0	0	0	0	0	890	0	0	0	0	0	
314284	Calcarine_R	242	308	0	1344	0	0	0	0	0	0	0	0	0	0	0	0	0	0	0	2994	0	0	0	0	0	0	0	0	0	266	0	0	126	2832	458	1860	0	2068	0	2246	0	0	8702	0	2746	24442	1316	22478	260	27178	154	18510	0	4514	0	4246	0	590	0	230	0	178	0	0	0	236	216	12078	800	922	0	0	0	0	0	0	0	0	0	0	0	236	0	0	0	5200	0	0	0	4220	0	126	0	0	0	0	0	622	156	626	0	0	0	0	0	0	0	0	0	0	608	522	286	0	0	0	
292472	Cuneus_L	374	0	680	0	0	0	0	0	0	0	0	0	0	0	0	0	332	0	724	0	0	0	0	0	0	0	0	0	506	0	0	0	1478	182	4982	334	710	0	1710	0	0	0	23822	2746	0	7210	7416	114	28786	1894	15862	0	308	0	1006	0	1884	0	3688	0	664	0	0	0	290	0	25646	3040	2848	0	0	0	0	0	0	0	0	0	902	0	1446	0	0	0	3634	0	0	0	578	0	0	0	0	0	0	0	210	0	0	0	0	0	0	0	0	0	0	0	0	0	230	0	0	0	0	0	
336748	Cuneus_R	0	0	0	1030	0	0	0	0	0	0	0	0	0	0	0	0	0	0	434	3788	0	0	0	0	0	0	0	0	0	0	0	0	1272	8346	0	2406	0	196	0	594	0	0	7134	24442	7210	0	496	10122	624	38248	160	9782	0	1606	0	2384	0	4018	0	3534	0	658	0	0	0	594	5594	28956	994	2550	0	0	0	0	0	0	0	0	0	0	0	0	0	0	0	146	0	0	0	216	0	0	0	0	0	0	0	0	0	342	0	0	0	0	0	0	0	0	0	0	138	218	142	0	0	0	
359156	Lingual_L	190	0	480	0	0	0	0	0	0	0	0	0	0	0	0	0	270	0	506	0	0	0	0	0	0	0	0	0	406	0	0	0	154	0	3588	0	1840	0	7138	0	0	0	17912	1316	7416	496	0	2984	5888	254	27326	0	11426	216	19488	524	0	0	0	0	0	0	0	0	624	0	9038	0	762	0	0	0	0	0	0	0	0	0	796	0	1562	0	0	0	6210	0	0	0	1908	150	4394	876	2720	680	200	0	10640	1466	11098	2462	0	0	440	0	496	628	172	312	0	0	5264	3874	1884	492	612	0	
330776	Lingual_R	0	0	0	464	0	0	0	0	0	0	0	0	0	0	0	0	0	0	146	1382	0	0	0	0	0	0	0	0	0	0	0	0	0	1156	446	4790	500	4886	388	11454	0	130	3966	22478	114	10122	2984	0	0	9664	0	8568	0	8958	662	18370	0	0	0	0	0	0	0	114	0	128	504	8478	282	360	0	0	0	462	0	0	0	646	0	0	0	150	0	0	0	2532	0	0	0	4182	1286	1404	990	886	0	584	2302	6046	2978	6010	0	0	490	0	238	0	220	0	0	416	4748	4414	2910	0	0	0	
280668	Occipital_Sup_L	196	0	0	0	0	0	0	0	0	0	0	0	0	0	0	0	0	0	156	0	0	0	0	0	0	0	0	0	0	0	0	0	2398	244	3176	0	218	0	572	0	0	0	16758	260	28786	624	5888	0	0	168	35074	0	448	0	1680	0	4718	0	7990	0	3126	0	0	0	374	0	19154	1302	5626	0	0	0	0	0	0	0	0	0	0	0	238	0	0	0	866	0	0	0	150	0	0	0	0	0	0	0	144	0	0	0	0	0	0	0	0	0	0	0	0	0	0	0	0	0	0	0	
339336	Occipital_Sup_R	0	128	0	1358	0	0	0	0	0	0	0	0	0	0	0	0	0	0	448	5026	0	0	0	0	0	0	0	0	0	0	0	0	860	8452	0	432	0	0	0	126	0	0	3300	27178	1894	38248	254	9664	168	0	0	22518	0	2236	0	2760	0	5820	0	5630	0	2402	0	0	0	2790	1106	19656	1690	3552	0	0	0	0	0	0	0	0	0	0	0	0	0	0	0	682	0	0	0	552	0	0	0	0	0	0	0	0	0	364	0	0	0	0	0	0	0	0	0	0	0	226	148	0	0	0	
570528	Occipital_Mid_L	4622	0	2078	122	0	0	238	0	0	0	116	0	0	0	0	0	706	0	1920	120	0	0	0	0	0	0	0	0	3064	0	0	0	2508	194	6558	0	1330	0	3360	0	0	0	19658	154	15862	160	27326	0	35074	0	0	0	25948	0	13562	0	9988	0	8482	0	11262	0	1162	0	13136	0	16630	638	9376	0	0	0	838	0	0	0	0	0	2594	0	4484	0	0	0	28202	0	0	0	10872	0	648	0	180	0	0	0	686	0	1176	0	0	0	0	0	0	0	0	0	0	0	230	0	0	0	0	0	
240892	Occipital_Mid_R	0	458	0	1182	0	0	0	0	0	0	0	0	0	0	0	0	0	0	126	2472	0	0	0	0	0	0	0	0	0	222	0	0	330	2848	220	1476	0	506	0	520	0	0	454	18510	0	9782	0	8568	0	22518	0	0	0	6104	0	3666	0	1094	0	546	0	894	0	234	0	9582	0	7674	674	936	0	0	0	0	0	0	0	0	0	0	0	402	0	0	0	13834	0	0	0	4054	0	0	0	0	0	0	0	282	0	116	0	0	0	0	0	0	0	0	0	0	162	0	0	0	0	0	
204176	Occipital_Inf_L	770	0	384	0	0	0	0	0	0	0	0	0	0	0	0	0	0	0	284	0	0	0	0	0	0	0	0	0	1152	0	0	0	372	0	1204	0	964	0	816	0	0	0	2788	0	308	0	11426	0	448	0	25948	0	0	0	16784	0	156	0	0	0	160	0	148	0	344	0	898	0	126	0	0	0	304	0	0	0	0	0	662	0	898	0	0	0	6344	0	0	0	10984	0	2308	0	376	0	0	0	3746	228	7776	170	430	0	682	0	114	0	214	0	0	0	1052	320	0	0	0	0	
130448	Occipital_Inf_R	0	0	0	0	0	0	0	0	0	0	0	0	0	0	0	0	0	0	0	0	0	0	0	0	0	0	0	0	0	126	0	0	0	0	0	0	0	878	0	1862	0	312	114	4514	0	1606	216	8958	0	2236	0	6104	0	0	190	14492	0	0	0	0	0	0	0	0	0	0	0	342	0	0	0	0	0	0	0	0	0	0	0	0	0	0	0	0	0	1410	0	0	0	10922	398	556	434	388	0	0	0	980	788	3414	0	0	0	0	0	0	0	0	0	212	318	2216	1238	0	0	0	
409272	Fusiform_L	0	0	306	0	0	0	0	0	0	0	0	0	0	0	0	0	0	0	316	0	0	0	0	0	0	0	0	0	1042	0	0	0	0	0	0	0	10894	0	6306	0	4784	0	1322	0	1006	0	19488	662	1680	0	13562	0	16784	190	0	782	0	0	0	0	0	0	0	0	476	0	486	0	0	0	0	0	958	0	160	0	426	0	0	0	1394	0	1836	0	5838	0	3388	0	22546	124	15684	1258	2354	408	592	142	18374	892	32488	2128	1206	0	3068	0	272	206	898	0	0	456	3614	1802	1854	0	0	184	
516304	Fusiform_R	0	0	0	626	0	0	0	0	0	0	0	0	0	0	0	0	0	0	0	1100	0	0	0	0	0	0	0	0	0	1772	0	0	0	190	0	532	0	16988	0	18554	0	9702	208	4246	0	2384	524	18370	0	2760	0	3666	0	14492	782	0	0	322	0	0	0	492	0	2086	0	650	0	1698	0	0	0	122	0	4952	0	570	0	266	0	0	0	1272	0	6240	0	7618	0	6994	0	23364	1798	12852	692	702	358	1794	2406	18460	4662	30416	0	0	922	1042	1120	1430	290	1726	0	3494	7882	7146	3288	922	984	224	
337936	Postcentral_L	33824	190	8590	724	0	382	1396	0	0	0	5072	0	204	0	0	464	7838	0	7268	440	0	0	0	376	0	436	0	0	5358	400	0	1526	846	0	662	0	382	626	0	154	0	0	168	0	1884	0	0	0	4718	0	9988	0	156	0	0	0	0	0	8554	0	19606	0	8546	0	558	0	3874	0	7600	0	1494	11336	1672	1270	218	124	878	3466	3184	0	1832	0	0	0	388	0	0	0	296	0	0	0	0	0	0	0	0	0	0	0	0	0	0	0	0	0	0	0	0	0	0	0	0	0	0	0	
175876	Postcentral_R	0	8054	1724	9126	0	0	0	860	0	0	0	782	0	0	0	0	0	2184	1104	11306	0	0	0	0	0	0	0	0	0	318	0	0	0	1450	0	0	0	148	0	0	0	0	0	590	0	4018	0	0	0	5820	0	1094	0	0	0	322	0	0	0	6366	0	5500	0	11258	0	530	0	6714	0	5244	0	0	150	232	144	0	0	186	0	0	0	1122	0	0	0	1204	0	0	0	388	0	0	0	0	0	0	0	0	0	0	0	0	0	0	0	0	0	0	0	0	0	0	0	0	0	0	
100076	Parietal_Sup_L	0	0	0	0	0	0	0	0	0	0	0	0	0	0	0	0	0	0	0	0	0	0	0	0	0	0	0	0	0	0	0	0	622	0	358	0	0	0	0	0	0	0	140	0	3688	0	0	0	7990	0	8482	0	0	0	0	0	8554	0	0	0	7466	0	0	0	162	0	9698	246	2632	0	0	0	0	0	0	0	0	0	0	0	0	0	0	0	0	0	0	0	0	0	0	0	0	0	0	0	0	0	0	0	0	0	0	0	0	0	0	0	0	0	0	0	0	0	0	0	
62268	Parietal_Sup_R	0	0	0	0	0	0	0	0	0	0	0	0	0	0	0	0	0	0	0	0	0	0	0	0	0	0	0	0	0	0	0	0	0	0	0	0	0	0	0	0	0	0	0	230	0	3534	0	0	0	5630	0	546	0	0	0	0	0	6366	0	0	0	3708	0	0	0	1528	414	8558	0	620	0	0	0	0	0	0	0	0	0	0	0	0	0	0	0	0	0	0	0	0	0	0	0	0	0	0	0	0	0	0	0	0	0	0	0	0	0	0	0	0	0	0	0	0	0	0	
182000	Parietal_Inf_L	5716	0	2144	0	0	0	168	0	0	0	892	0	0	0	0	0	2786	0	2080	0	0	0	0	0	0	0	0	0	1550	0	0	0	0	0	122	0	0	0	0	0	0	0	0	0	664	0	0	0	3126	0	11262	0	160	0	0	0	19606	0	7466	0	0	0	14762	0	10424	0	790	0	1768	0	0	472	0	134	0	0	0	0	504	0	1582	0	0	0	2438	0	0	0	384	0	0	0	0	0	0	0	0	0	0	0	0	0	0	0	0	0	0	0	0	0	0	0	0	0	0	0	
59204	Parietal_Inf_R	0	120	0	960	0	0	0	0	0	0	0	0	0	0	0	0	0	0	0	800	0	0	0	0	0	0	0	0	0	0	0	0	0	136	0	0	0	0	0	0	0	0	0	178	0	658	0	0	0	2402	0	894	0	0	0	492	0	5500	0	3708	0	0	0	4582	0	5524	0	1250	0	194	0	0	0	0	0	0	0	0	0	0	0	0	0	0	0	1484	0	0	0	720	0	0	0	0	0	0	0	0	0	0	0	0	0	0	0	0	0	0	0	0	0	0	0	0	0	0	
114024	SupraMarginal_L	2338	0	2294	0	0	0	0	0	0	0	632	0	0	0	0	0	3608	0	2882	0	0	0	0	0	0	0	0	0	3560	0	0	0	0	0	138	0	0	0	0	0	0	0	0	0	0	0	0	0	0	0	1162	0	148	0	0	0	8546	0	0	0	14762	0	0	0	5502	0	0	0	414	0	0	0	0	0	0	0	0	0	1026	0	5592	0	0	0	4072	0	0	0	336	0	0	0	0	0	0	0	0	0	0	0	0	0	0	0	0	0	0	0	0	0	0	0	0	0	0	0	
113120	SupraMarginal_R	0	458	1098	4764	0	0	0	340	0	0	0	430	0	0	0	0	0	1068	556	4406	0	0	0	0	0	0	0	0	0	308	0	0	0	1160	0	676	0	456	0	494	0	0	0	0	0	0	0	114	0	0	0	234	0	0	0	2086	0	11258	0	0	0	4582	0	0	0	3638	0	784	0	0	0	0	0	160	0	0	0	0	0	0	0	3452	0	0	0	10058	0	0	0	3980	0	0	0	0	0	0	0	0	0	0	0	0	0	0	0	0	0	0	0	0	0	0	0	0	0	0	
96768	Angular_L	434	0	354	0	0	0	0	0	0	0	0	0	0	0	0	0	596	0	352	0	0	0	0	0	0	0	0	0	252	0	0	0	116	0	160	0	0	0	0	0	0	0	196	0	290	0	624	0	374	0	13136	0	344	0	476	0	558	0	162	0	10424	0	5502	0	0	0	238	0	654	0	0	0	0	0	0	0	0	0	454	0	2320	0	0	0	9438	0	0	0	930	0	0	0	0	0	0	0	0	0	0	0	0	0	0	0	0	0	0	0	0	0	0	0	0	0	0	0	
82584	Angular_R	0	0	0	674	0	0	0	0	0	0	0	0	0	0	0	0	0	0	0	654	0	0	0	0	0	0	0	0	0	0	0	0	0	232	0	494	0	308	0	352	0	0	0	236	0	594	0	128	0	2790	0	9582	0	0	0	650	0	530	0	1528	0	5524	0	3638	0	0	0	776	0	180	0	0	0	0	0	0	0	0	0	0	0	1842	0	0	0	7916	0	0	0	2664	0	0	0	0	0	0	0	0	0	0	0	0	0	0	0	0	0	0	0	0	0	0	0	0	0	0	
348728	Precuneus_L	540	0	554	0	0	0	0	0	0	0	0	0	0	0	0	0	220	0	770	136	0	0	0	0	0	0	0	0	342	0	0	0	6144	1348	9588	1988	2162	234	3266	304	0	0	21786	216	25646	5594	9038	504	19154	1106	16630	0	898	0	486	0	3874	0	9698	414	790	0	0	0	238	0	0	11934	9102	142	0	0	0	0	0	0	0	0	730	0	1502	0	0	0	4952	0	0	0	898	0	0	0	0	0	0	0	590	0	0	0	0	0	0	0	0	0	0	0	0	0	846	0	0	0	0	0	
397516	Precuneus_R	0	218	0	2470	0	0	0	0	0	0	0	0	0	0	0	0	0	0	544	9084	0	0	0	0	0	0	0	0	0	126	0	0	2420	15344	1568	16354	1112	6872	948	10746	0	0	590	12078	3040	28956	0	8478	1302	19656	638	7674	0	342	0	1698	0	6714	246	8558	0	1250	0	784	0	776	11934	0	2872	4386	0	0	0	0	0	0	0	0	0	0	0	418	0	0	0	5816	0	0	0	1684	0	0	0	0	0	0	0	390	0	0	0	0	0	0	0	0	0	0	0	0	672	0	0	0	0	0	
190996	Paracentral_Lobule_L	9974	0	928	394	0	0	0	0	0	0	0	0	0	0	0	0	370	0	4212	6570	0	0	0	0	0	0	0	0	0	0	0	0	7788	6500	2652	782	0	282	136	316	0	0	3128	800	2848	994	762	282	5626	1690	9376	674	126	0	0	0	7600	0	2632	0	1768	0	414	0	654	0	9102	2872	0	1790	0	0	0	0	0	0	0	0	0	0	542	0	0	0	460	250	0	0	204	0	0	0	0	0	0	0	0	0	0	0	0	0	0	0	0	0	0	0	0	0	0	0	0	0	0	0	
70264	Paracentral_Lobule_R	0	1564	0	360	0	0	0	0	0	0	0	0	0	0	0	0	0	0	0	5608	0	0	0	0	0	0	0	0	0	0	0	0	228	5062	0	624	0	352	0	458	0	0	0	922	0	2550	0	360	0	3552	0	936	0	0	0	0	0	5244	0	620	0	194	0	0	0	180	142	4386	1790	0	0	0	0	0	0	0	0	0	0	0	0	0	0	0	0	0	0	0	0	0	0	0	0	0	0	0	0	0	0	0	0	0	0	0	0	0	0	0	0	0	0	0	0	0	0	0	
364724	Caudate_L	4650	114	9780	3722	9040	2796	6310	454	6056	260	4300	0	1998	0	4466	530	692	0	6776	1890	6666	6490	1308	1754	2924	3388	3692	338	5956	702	12342	6678	0	1070	0	0	0	0	0	0	550	0	0	0	0	0	0	0	0	0	0	0	0	0	0	0	1494	0	0	0	0	0	0	0	0	0	0	0	0	0	0	21778	19298	4406	5122	578	11572	270	0	0	0	0	152	0	0	0	0	0	0	0	0	0	0	0	0	0	0	0	0	0	0	0	0	0	0	0	0	0	0	0	0	0	0	0	0	0	
545768	Caudate_R	16404	188	7106	18754	796	11004	5464	180	1092	3088	5282	1208	590	1198	1294	4734	686	588	8444	16458	5020	8370	434	7716	470	11018	526	2210	3050	4484	6746	18876	156	5380	0	0	700	918	0	246	0	0	0	0	0	0	0	0	0	0	0	0	0	0	0	122	11336	0	0	0	472	0	0	0	0	0	0	0	0	0	21778	0	8068	19216	2818	3588	5060	19300	130	0	0	0	0	0	0	0	0	0	0	118	0	0	0	0	0	0	0	0	0	0	0	0	0	0	0	0	0	0	0	0	0	0	0	0	0	0	
378292	Putamen_L	3190	484	26698	1128	6492	280	2880	866	5016	0	1658	0	862	0	9098	146	718	0	17974	742	4112	3972	1266	284	1796	340	3158	212	15984	124	6024	2396	0	118	0	0	5574	0	514	0	864	0	0	0	0	0	0	0	0	0	838	0	304	0	958	0	1672	150	0	0	0	0	0	0	0	0	0	0	0	0	19298	8068	0	1466	14578	306	7010	844	1044	0	1824	0	2316	0	1204	0	0	0	2296	0	0	0	0	0	0	0	0	0	0	0	0	0	0	0	0	0	0	0	0	0	0	0	0	0	0	0	
369044	Putamen_R	1228	580	2448	18430	354	1462	3120	1428	296	3796	0	6928	0	1160	228	8404	0	8640	2162	16938	0	702	208	988	0	1198	0	322	316	29010	854	3368	0	1390	0	0	160	11278	0	1300	0	1820	0	0	0	0	0	462	0	0	0	0	0	0	0	4952	1270	232	0	0	134	0	0	160	0	0	0	0	0	0	4406	19216	1466	0	158	5360	592	4700	0	0	0	1366	0	1320	0	1884	0	0	0	6328	0	0	0	0	0	0	0	0	0	0	0	0	0	0	0	0	0	0	0	0	0	0	0	0	0	0	
107212	Pallidum_L	444	424	8810	688	618	0	972	774	426	0	360	0	0	0	0	0	210	0	5248	406	1356	1808	0	0	494	0	872	0	0	0	1064	296	0	0	0	0	2050	0	0	0	0	0	0	0	0	0	0	0	0	0	0	0	0	0	160	0	218	144	0	0	0	0	0	0	0	0	0	0	0	0	5122	2818	14578	158	0	174	2210	544	0	0	0	0	0	0	0	0	0	0	160	0	0	0	0	0	0	0	0	0	0	0	0	0	0	0	0	0	0	0	0	0	0	0	0	0	0	0	
50812	Pallidum_R	572	0	636	3262	0	134	512	626	0	0	0	0	0	0	0	0	0	516	482	3062	208	314	0	0	0	156	0	152	0	456	230	340	0	0	0	0	0	1152	0	284	0	458	0	0	0	0	0	0	0	0	0	0	0	0	0	570	124	0	0	0	0	0	0	0	0	0	0	0	0	0	578	3588	306	5360	174	0	0	818	0	0	0	0	0	0	0	0	0	0	0	336	0	0	0	0	0	0	0	0	0	0	0	0	0	0	0	0	0	0	0	0	0	0	0	0	0	0	
126392	Thalamus_L	1410	0	6794	320	0	212	312	0	0	0	594	0	0	0	0	120	0	0	11554	328	0	0	0	314	0	206	0	0	264	142	184	1708	0	0	0	150	5066	360	1486	138	126	0	0	0	0	0	0	0	0	0	0	0	0	0	426	0	878	0	0	0	0	0	0	0	0	0	0	0	0	0	11572	5060	7010	592	2210	0	0	2002	0	0	304	0	0	0	454	0	0	0	900	0	0	0	0	0	0	0	0	0	0	0	0	0	0	0	0	0	0	0	0	0	0	0	0	0	0	0	
142992	Thalamus_R	8116	438	2308	4358	0	0	1006	902	0	0	1560	0	0	0	0	0	0	1434	2646	6646	0	426	0	0	0	0	0	194	120	976	0	0	0	0	0	176	1220	3908	714	872	0	0	0	0	0	0	0	646	0	0	0	0	0	0	0	266	3466	186	0	0	0	0	0	0	0	0	0	0	0	0	270	19300	844	4700	544	818	2002	0	0	0	0	0	0	0	0	170	0	0	0	264	0	0	0	0	0	0	0	0	0	0	0	0	0	0	0	0	0	0	0	0	0	0	0	0	0	0	
133492	Heschl_L	1406	0	9162	0	0	0	1942	0	0	0	1086	0	0	0	0	0	6450	0	6836	128	0	0	0	0	0	0	0	0	15296	0	0	0	0	134	134	0	242	0	492	0	0	0	818	0	902	0	796	0	0	0	2594	0	662	0	0	0	3184	0	0	0	504	0	1026	0	454	0	730	0	0	0	0	130	1044	0	0	0	0	0	0	0	5796	0	212	0	3448	0	0	0	1138	0	0	0	0	0	0	0	0	0	0	0	0	0	0	0	0	0	0	0	0	0	0	0	0	0	0	0	
9816	Heschl_R	0	0	0	262	0	0	0	0	0	0	0	0	0	0	0	0	0	1206	0	296	0	0	0	0	0	0	0	0	0	568	0	0	0	0	0	0	0	0	0	0	0	0	0	0	0	0	0	0	0	0	0	0	0	0	0	0	0	0	0	0	0	0	0	0	0	0	0	0	0	0	0	0	0	0	0	0	0	0	0	0	0	2022	0	0	0	438	0	0	0	116	0	0	0	0	0	0	0	0	0	0	0	0	0	0	0	0	0	0	0	0	0	0	0	0	0	0	
279936	Temporal_Sup_L	912	0	6480	0	0	0	438	0	0	0	3728	0	406	0	0	0	8304	0	5574	0	0	0	0	0	0	0	0	0	16492	0	0	0	116	0	452	0	4612	0	1462	0	0	0	1518	0	1446	0	1562	0	238	0	4484	0	898	0	1394	0	1832	0	0	0	1582	0	5592	0	2320	0	1502	0	542	0	0	0	1824	0	0	0	304	0	5796	0	0	0	11544	0	29872	0	3020	0	13722	0	0	0	0	0	0	0	0	0	0	0	0	0	0	0	0	0	0	0	0	0	0	0	0	0	0	0	
109476	Temporal_Sup_R	0	158	0	1608	0	0	0	274	0	278	0	1286	0	192	0	354	0	3090	0	1712	0	0	0	0	0	0	0	0	0	3684	0	0	0	294	0	350	0	1446	0	556	0	0	0	236	0	0	0	150	0	0	0	402	0	0	0	1272	0	1122	0	0	0	0	0	3452	0	1842	0	418	0	0	0	0	0	1366	0	0	0	0	0	2022	0	0	0	7212	0	14532	0	1888	0	3542	0	0	0	0	0	0	0	0	0	0	0	0	0	0	0	0	0	0	0	0	0	0	0	0	0	0	
136648	Temporal_Pole_Sup_L	0	0	1900	0	634	0	0	0	0	0	2940	0	536	0	1836	0	2764	0	1756	0	360	0	0	0	0	0	0	0	9326	0	0	0	0	0	0	0	1332	0	780	0	846	0	0	0	0	0	0	0	0	0	0	0	0	0	1836	0	0	0	0	0	0	0	0	0	0	0	0	0	0	0	152	0	2316	0	0	0	0	0	212	0	11544	0	0	0	10126	0	8742	0	8386	0	0	0	0	0	0	0	0	0	0	0	0	0	0	0	0	0	0	0	0	0	0	0	0	0	0	0	
108252	Temporal_Pole_Sup_R	0	0	0	226	0	0	0	0	0	370	0	1930	0	604	0	498	0	1750	0	176	0	0	0	0	0	0	0	0	0	3660	0	0	0	0	0	0	0	488	0	2176	0	1100	0	0	0	0	0	0	0	0	0	0	0	0	0	6240	0	0	0	0	0	0	0	0	0	0	0	0	0	0	0	0	0	1320	0	0	0	0	0	0	0	7212	0	0	0	7088	0	12656	0	6632	0	0	0	0	0	0	0	0	0	0	0	0	0	0	0	0	0	0	0	0	0	0	0	0	0	0	
377860	Temporal_Mid_L	962	0	2498	0	0	0	182	0	0	0	0	0	0	0	0	0	516	0	2232	0	0	0	0	0	0	0	0	0	4488	0	0	0	304	0	3004	0	5780	0	1902	0	122	0	3728	0	3634	0	6210	0	866	0	28202	0	6344	0	5838	0	388	0	0	0	2438	0	4072	0	9438	0	4952	0	460	0	0	0	1204	0	0	0	454	0	3448	0	29872	0	10126	0	0	0	11494	0	33772	0	0	0	0	0	0	0	0	0	0	0	0	0	0	0	0	0	0	0	0	0	0	0	0	0	0	0	
310068	Temporal_Mid_R	0	300	0	3068	0	0	0	392	0	0	0	194	0	0	0	0	0	1204	0	3596	0	0	0	0	0	0	0	0	0	3364	0	0	0	460	154	4772	0	6352	0	3392	0	134	0	5200	0	146	0	2532	0	682	0	13834	0	1410	0	7618	0	1204	0	0	0	1484	0	10058	0	7916	0	5816	250	0	0	0	0	1884	0	0	0	170	0	438	0	14532	0	7088	0	0	0	8346	0	37044	0	0	0	0	0	0	0	0	0	0	0	0	0	0	0	0	0	0	0	0	0	0	0	0	0	0	
76808	Temporal_Pole_Mid_L	0	0	0	0	0	0	0	0	0	0	0	0	0	0	246	0	0	0	0	0	0	0	0	0	0	0	0	0	418	0	0	0	0	0	0	0	656	0	1016	0	612	0	0	0	0	0	0	0	0	0	0	0	0	0	3388	0	0	0	0	0	0	0	0	0	0	0	0	0	0	0	0	0	0	0	0	0	0	0	0	0	3020	0	8742	0	11494	0	0	0	8812	0	0	0	0	0	0	0	0	0	0	0	0	0	0	0	0	0	0	0	0	0	0	0	0	0	0	0	
82120	Temporal_Pole_Mid_R	0	0	0	0	0	0	0	0	0	0	0	0	0	0	0	0	0	0	0	0	0	0	0	0	0	0	0	0	0	0	0	0	0	0	0	0	0	364	0	2294	0	524	0	0	0	0	0	0	0	0	0	0	0	0	0	6994	0	0	0	0	0	0	0	0	0	0	0	0	0	0	0	0	0	0	0	0	0	0	0	0	0	1888	0	12656	0	8346	0	0	0	7994	0	0	0	0	0	0	0	0	0	0	0	0	0	0	0	0	0	0	0	0	0	0	0	0	0	0	
313264	Temporal_Inf_L	1130	0	1130	0	0	0	202	0	0	0	0	0	0	0	0	0	174	0	978	0	0	0	0	0	0	0	0	0	7632	0	0	0	384	0	1336	0	15066	0	4134	0	3380	0	838	0	578	0	1908	0	150	0	10872	0	10984	0	22546	0	296	0	0	0	384	0	336	0	930	0	898	0	204	0	0	0	2296	0	160	0	900	0	1138	0	13722	0	8386	0	33772	0	8812	0	0	0	602	0	0	0	0	0	130	0	244	0	0	0	0	0	0	0	0	0	0	0	0	0	0	0	0	0	
312764	Temporal_Inf_R	0	144	0	1792	0	0	0	0	0	0	0	0	0	0	0	0	0	154	190	2996	0	0	0	0	0	0	0	0	0	4086	0	0	0	174	0	1512	0	14906	0	4416	0	1998	0	4220	0	216	150	4182	0	552	0	4054	0	10922	124	23364	0	388	0	0	0	720	0	3980	0	2664	0	1684	0	0	0	118	0	6328	0	336	0	264	0	116	0	3542	0	6632	0	37044	0	7994	0	0	244	576	0	0	0	0	0	440	416	1394	0	0	0	0	0	0	0	0	0	0	166	808	376	0	0	0	
388172	Cerebelum_Crus1_L	0	0	0	0	0	0	0	0	0	0	0	0	0	0	0	0	0	0	0	0	0	0	0	0	0	0	0	0	0	0	0	0	0	0	0	0	0	0	0	0	0	0	0	0	0	0	4394	1286	0	0	648	0	2308	398	15684	1798	0	0	0	0	0	0	0	0	0	0	0	0	0	0	0	0	0	0	0	0	0	0	0	0	0	0	0	0	0	0	0	0	602	244	0	4122	34628	3074	834	0	10872	692	40592	5276	16194	564	26718	2302	3876	316	534	0	0	196	2080	3510	6234	3180	756	174	
438952	Cerebelum_Crus1_R	0	0	0	0	0	0	0	0	0	0	0	0	0	0	0	0	0	0	0	0	0	0	0	0	0	0	0	0	0	0	0	0	0	0	0	0	0	0	0	0	0	0	0	126	0	0	876	1404	0	0	0	0	0	556	1258	12852	0	0	0	0	0	0	0	0	0	0	0	0	0	0	0	0	0	0	0	0	0	0	0	0	0	0	0	0	0	0	0	0	0	576	4122	0	7118	35698	124	5660	552	16240	3026	46378	1720	10122	4592	29188	390	8308	0	2026	0	1796	1906	2602	11858	6478	1714	210	
360404	Cerebelum_Crus2_L	0	0	0	0	0	0	0	0	0	0	0	0	0	0	0	0	0	0	0	0	0	0	0	0	0	0	0	0	0	0	0	0	0	0	0	0	0	0	0	0	0	0	0	0	0	0	2720	990	0	0	180	0	376	434	2354	692	0	0	0	0	0	0	0	0	0	0	0	0	0	0	0	0	0	0	0	0	0	0	0	0	0	0	0	0	0	0	0	0	0	0	34628	7118	0	15904	0	0	0	0	5036	3542	40280	7982	26920	6834	452	160	0	0	0	0	0	1552	12050	9134	864	0	
361316	Cerebelum_Crus2_R	0	0	0	0	0	0	0	0	0	0	0	0	0	0	0	0	0	0	0	0	0	0	0	0	0	0	0	0	0	0	0	0	0	0	0	0	0	0	0	0	0	0	0	0	0	0	680	886	0	0	0	0	0	388	408	702	0	0	0	0	0	0	0	0	0	0	0	0	0	0	0	0	0	0	0	0	0	0	0	0	0	0	0	0	0	0	0	0	0	0	3074	35698	15904	0	0	0	0	0	968	6358	6690	32518	5908	42742	0	3860	0	0	0	0	0	1284	13010	9282	298	0	
41792	Cerebelum_3_L	0	0	0	0	0	0	0	0	0	0	0	0	0	0	0	0	0	0	0	0	0	0	0	0	0	0	0	0	0	0	0	0	0	0	0	0	0	0	252	0	0	0	0	0	0	0	200	0	0	0	0	0	0	0	592	358	0	0	0	0	0	0	0	0	0	0	0	0	0	0	0	0	0	0	0	0	0	0	0	0	0	0	0	0	0	0	0	0	0	0	834	124	0	0	0	748	6358	550	972	376	0	0	0	0	498	810	884	0	1760	2866	2714	0	0	0	0	0	
68056	Cerebelum_3_R	0	0	0	0	0	0	0	0	0	0	0	0	0	0	0	0	0	0	0	0	0	0	0	0	0	0	0	0	0	0	0	0	0	0	0	0	0	0	0	496	0	0	0	0	0	0	0	584	0	0	0	0	0	0	142	1794	0	0	0	0	0	0	0	0	0	0	0	0	0	0	0	0	0	0	0	0	0	0	0	0	0	0	0	0	0	0	0	0	0	0	0	5660	0	0	748	0	1288	7136	158	5982	0	0	0	0	480	1410	182	172	1150	4542	2104	0	0	0	0	0	
355180	Cerebelum_4_5_L	0	0	0	0	0	0	0	0	0	0	0	0	0	0	0	0	0	0	0	0	0	0	0	0	0	0	0	0	0	0	0	0	0	0	460	0	584	0	2718	0	0	0	570	0	210	0	10640	2302	144	0	686	0	3746	0	18374	2406	0	0	0	0	0	0	0	0	0	0	590	0	0	0	0	0	0	0	0	0	0	0	0	0	0	0	0	0	0	0	0	0	130	0	10872	552	0	0	6358	1288	0	8506	29940	4738	736	0	7232	176	7662	5510	7374	2834	868	3448	24104	6436	0	918	3292	1186	
274432	Cerebelum_4_5_R	0	0	0	0	0	0	0	0	0	0	0	0	0	0	0	0	0	0	0	0	0	0	0	0	0	0	0	0	0	0	0	0	0	0	0	0	0	322	0	2574	0	0	0	622	0	0	1466	6046	0	0	0	282	228	980	892	18460	0	0	0	0	0	0	0	0	0	0	0	390	0	0	0	0	0	0	0	0	0	0	0	0	0	0	0	0	0	0	0	0	0	440	692	16240	0	0	550	7136	8506	0	4462	29250	0	0	2094	230	1912	1806	1122	4834	0	5252	17236	1662	0	136	718	676	
466300	Cerebelum_6_L	0	0	0	0	0	0	0	0	0	0	0	0	0	0	0	0	0	0	0	0	0	0	0	0	0	0	0	0	0	0	0	0	0	0	0	0	0	0	0	0	0	0	0	156	0	0	11098	2978	0	0	1176	0	7776	788	32488	4662	0	0	0	0	0	0	0	0	0	0	0	0	0	0	0	0	0	0	0	0	0	0	0	0	0	0	0	0	0	0	0	0	244	416	40592	3026	5036	968	972	158	29940	4462	0	10470	5568	0	24442	390	9192	1470	2560	734	0	492	10994	11036	6092	1072	1264	438	
498168	Cerebelum_6_R	0	0	0	0	0	0	0	0	0	0	0	0	0	0	0	0	0	0	0	0	0	0	0	0	0	0	0	0	0	0	0	0	0	0	0	0	0	0	0	216	0	0	0	626	0	342	2462	6010	0	364	0	116	170	3414	2128	30416	0	0	0	0	0	0	0	0	0	0	0	0	0	0	0	0	0	0	0	0	0	0	0	0	0	0	0	0	0	0	0	0	0	1394	5276	46378	3542	6358	376	5982	4738	29250	10470	0	610	1902	3428	15642	2458	10274	496	5532	0	3824	11148	12592	13718	3704	3408	320	
293180	Cerebelum_7b_L	0	0	0	0	0	0	0	0	0	0	0	0	0	0	0	0	0	0	0	0	0	0	0	0	0	0	0	0	0	0	0	0	0	0	0	0	0	0	0	0	0	0	0	0	0	0	0	0	0	0	0	0	430	0	1206	0	0	0	0	0	0	0	0	0	0	0	0	0	0	0	0	0	0	0	0	0	0	0	0	0	0	0	0	0	0	0	0	0	0	0	16194	1720	40280	6690	0	0	736	0	5568	610	0	8490	37632	8414	736	218	486	0	0	0	256	154	4324	11554	892	0	
231632	Cerebelum_7b_R	0	0	0	0	0	0	0	0	0	0	0	0	0	0	0	0	0	0	0	0	0	0	0	0	0	0	0	0	0	0	0	0	0	0	0	0	0	0	0	0	0	0	0	0	0	0	0	0	0	0	0	0	0	0	0	0	0	0	0	0	0	0	0	0	0	0	0	0	0	0	0	0	0	0	0	0	0	0	0	0	0	0	0	0	0	0	0	0	0	0	564	10122	7982	32518	0	0	0	0	0	1902	8490	0	5986	33896	0	1662	0	0	0	0	0	0	3690	8748	256	0	
459420	Cerebelum_8_L	0	0	0	0	0	0	0	0	0	0	0	0	0	0	0	0	0	0	0	0	0	0	0	0	0	0	0	0	0	0	0	0	0	0	0	0	0	0	0	0	0	0	0	0	0	0	440	490	0	0	0	0	682	0	3068	922	0	0	0	0	0	0	0	0	0	0	0	0	0	0	0	0	0	0	0	0	0	0	0	0	0	0	0	0	0	0	0	0	0	0	26718	4592	26920	5908	0	0	7232	2094	24442	3428	37632	5986	0	14260	17392	4994	3412	1372	0	0	6500	4328	2662	17532	6304	400	
411532	Cerebelum_8_R	0	0	0	0	0	0	0	0	0	0	0	0	0	0	0	0	0	0	0	0	0	0	0	0	0	0	0	0	0	0	0	0	0	0	0	0	0	0	0	0	0	0	0	0	0	0	0	0	0	0	0	0	0	0	0	1042	0	0	0	0	0	0	0	0	0	0	0	0	0	0	0	0	0	0	0	0	0	0	0	0	0	0	0	0	0	0	0	0	0	0	2302	29188	6834	42742	0	0	176	230	390	15642	8414	33896	14260	0	1024	19900	0	774	0	0	286	498	5656	17786	4726	0	
179836	Cerebelum_9_L	0	0	0	0	0	0	0	0	0	0	0	0	0	0	0	0	0	0	0	0	0	0	0	0	0	0	0	0	0	0	0	0	0	0	0	0	0	0	0	0	0	0	0	0	0	0	496	238	0	0	0	0	114	0	272	1120	0	0	0	0	0	0	0	0	0	0	0	0	0	0	0	0	0	0	0	0	0	0	0	0	0	0	0	0	0	0	0	0	0	0	3876	390	452	0	498	480	7662	1912	9192	2458	736	0	17392	1024	0	6436	5004	1794	0	746	9002	7362	1384	2802	6268	808	
221912	Cerebelum_9_R	0	0	0	0	0	0	0	0	0	0	0	0	0	0	0	0	0	0	0	0	0	0	0	0	0	0	0	0	0	0	0	0	0	0	0	0	0	0	0	0	0	0	0	0	0	0	628	0	0	0	0	0	0	0	206	1430	0	0	0	0	0	0	0	0	0	0	0	0	0	0	0	0	0	0	0	0	0	0	0	0	0	0	0	0	0	0	0	0	0	0	316	8308	160	3860	810	1410	5510	1806	1470	10274	218	1662	4994	19900	6436	0	2430	3682	596	1830	7600	6798	2770	5620	9166	1066	
78040	Cerebelum_10_L	0	0	0	0	0	0	0	0	0	0	0	0	0	0	0	0	0	0	0	0	0	0	0	0	0	0	0	0	0	0	0	0	0	0	0	0	0	0	0	0	0	0	0	0	0	0	172	220	0	0	0	0	214	0	898	290	0	0	0	0	0	0	0	0	0	0	0	0	0	0	0	0	0	0	0	0	0	0	0	0	0	0	0	0	0	0	0	0	0	0	534	0	0	0	884	182	7374	1122	2560	496	486	0	3412	0	5004	2430	0	1124	0	422	5548	2480	0	374	2230	564	
73272	Cerebelum_10_R	0	0	0	0	0	0	0	0	0	0	0	0	0	0	0	0	0	0	0	0	0	0	0	0	0	0	0	0	0	0	0	0	0	0	0	0	0	0	0	0	0	0	0	0	0	0	312	0	0	0	0	0	0	0	0	1726	0	0	0	0	0	0	0	0	0	0	0	0	0	0	0	0	0	0	0	0	0	0	0	0	0	0	0	0	0	0	0	0	0	0	0	2026	0	0	0	172	2834	4834	734	5532	0	0	1372	774	1794	3682	1124	0	0	278	4580	2090	0	238	2144	390	
20636	Vermis_1_2	0	0	0	0	0	0	0	0	0	0	0	0	0	0	0	0	0	0	0	0	0	0	0	0	0	0	0	0	0	0	0	0	0	0	0	0	0	0	0	0	0	0	0	0	0	0	0	0	0	0	0	0	0	0	0	0	0	0	0	0	0	0	0	0	0	0	0	0	0	0	0	0	0	0	0	0	0	0	0	0	0	0	0	0	0	0	0	0	0	0	0	0	0	0	1760	1150	868	0	0	0	0	0	0	0	0	596	0	0	0	4516	1428	0	0	0	0	0	
81488	Vermis_3	0	0	0	0	0	0	0	0	0	0	0	0	0	0	0	0	0	0	0	0	0	0	0	0	0	0	0	0	0	0	0	0	0	0	0	0	0	0	0	328	0	0	0	0	0	0	0	416	0	0	0	0	0	212	456	3494	0	0	0	0	0	0	0	0	0	0	0	0	0	0	0	0	0	0	0	0	0	0	0	0	0	0	0	0	0	0	0	0	0	0	196	1796	0	0	2866	4542	3448	5252	492	3824	0	0	0	0	746	1830	422	278	4516	0	5630	0	0	0	0	0	
317744	Vermis_4_5	0	0	0	0	0	0	0	0	0	0	0	0	0	0	0	0	0	0	0	0	0	0	0	0	0	0	0	0	0	0	0	0	0	0	308	238	288	0	780	652	0	0	890	608	230	138	5264	4748	0	0	230	162	1052	318	3614	7882	0	0	0	0	0	0	0	0	0	0	846	672	0	0	0	0	0	0	0	0	0	0	0	0	0	0	0	0	0	0	0	0	0	166	2080	1906	0	0	2714	2104	24104	17236	10994	11148	256	0	6500	286	9002	7600	5548	4580	1428	5630	0	8656	0	936	4844	2234	
