data	data	367176	264756	840700	786064	128084	99936	362136	215028	65904	34488	225824	169660	228892	99884	152272	79260	186260	120660	746844	808228	53464	103132	326240	354368	54212	119648	22236	80144	524648	260504	242476	424040	108376	498280	133132	185564	252604	314596	90240	190260	24580	56840	263736	298816	183076	304364	206780	284348	186388	277160	415024	302124	179244	117904	281304	388896	302380	248196	136724	81924	153272	121884	117296	123064	101756	90156	290464	329636	160872	209408	229112	336656	291764	333232	51908	52916	105988	174764	57184	42380	176744	118176	61728	56772	258476	288500	28280	27864	256632	277524	455232	467072	342068	317984	66480	59344	259436	229128	420124	430432	249068	179216	318988	376992	111728	146084	22572	19720	37240	71440	193012	183572	229540	154156	102384	23008	
data	data	Precentral_L	Precentral_R	Frontal_Sup_L	Frontal_Sup_R	Frontal_Sup_Orb_L	Frontal_Sup_Orb_R	Frontal_Mid_L	Frontal_Mid_R	Frontal_Mid_Orb_L	Frontal_Mid_Orb_R	Frontal_Inf_Oper_L	Frontal_Inf_Oper_R	Frontal_Inf_Tri_L	Frontal_Inf_Tri_R	Frontal_Inf_Orb_L	Frontal_Inf_Orb_R	Rolandic_Oper_L	Rolandic_Oper_R	Supp_Motor_Area_L	Supp_Motor_Area_R	Olfactory_L	Olfactory_R	Frontal_Sup_Medial_L	Frontal_Sup_Medial_R	Frontal_Med_Orb_L	Frontal_Med_Orb_R	Rectus_L	Rectus_R	Insula_L	Insula_R	Cingulum_Ant_L	Cingulum_Ant_R	Cingulum_Mid_L	Cingulum_Mid_R	Cingulum_Post_L	Cingulum_Post_R	Hippocampus_L	Hippocampus_R	ParaHippocampal_L	ParaHippocampal_R	Amygdala_L	Amygdala_R	Calcarine_L	Calcarine_R	Cuneus_L	Cuneus_R	Lingual_L	Lingual_R	Occipital_Sup_L	Occipital_Sup_R	Occipital_Mid_L	Occipital_Mid_R	Occipital_Inf_L	Occipital_Inf_R	Fusiform_L	Fusiform_R	Postcentral_L	Postcentral_R	Parietal_Sup_L	Parietal_Sup_R	Parietal_Inf_L	Parietal_Inf_R	SupraMarginal_L	SupraMarginal_R	Angular_L	Angular_R	Precuneus_L	Precuneus_R	Paracentral_Lobule_L	Paracentral_Lobule_R	Caudate_L	Caudate_R	Putamen_L	Putamen_R	Pallidum_L	Pallidum_R	Thalamus_L	Thalamus_R	Heschl_L	Heschl_R	Temporal_Sup_L	Temporal_Sup_R	Temporal_Pole_Sup_L	Temporal_Pole_Sup_R	Temporal_Mid_L	Temporal_Mid_R	Temporal_Pole_Mid_L	Temporal_Pole_Mid_R	Temporal_Inf_L	Temporal_Inf_R	Cerebelum_Crus1_L	Cerebelum_Crus1_R	Cerebelum_Crus2_L	Cerebelum_Crus2_R	Cerebelum_3_L	Cerebelum_3_R	Cerebelum_4_5_L	Cerebelum_4_5_R	Cerebelum_6_L	Cerebelum_6_R	Cerebelum_7b_L	Cerebelum_7b_R	Cerebelum_8_L	Cerebelum_8_R	Cerebelum_9_L	Cerebelum_9_R	Cerebelum_10_L	Cerebelum_10_R	Vermis_1_2	Vermis_3	Vermis_4_5	Vermis_6	Vermis_7	Vermis_8	Vermis_9	Vermis_10	
367176	Precentral_L	0	1536	26218	3502	0	0	12852	248	0	0	10576	178	2124	0	0	0	6974	0	28412	5982	0	0	0	124	0	0	0	0	8160	0	214	170	230	674	1250	960	6778	604	984	0	0	0	406	0	464	0	0	0	0	0	756	0	428	0	146	0	30018	144	164	0	2122	0	556	0	336	0	668	140	6392	0	2104	580	5214	118	554	0	5976	1360	1298	0	1908	0	0	0	1118	0	0	0	1868	0	0	0	0	0	0	0	0	0	0	0	0	0	0	0	0	0	0	0	0	0	0	0	0	0	0	0	
264756	Precentral_R	1536	0	378	10770	0	0	134	5356	0	0	0	6396	0	0	0	0	0	2342	1388	4774	0	0	0	0	0	0	0	0	0	1766	0	0	0	3080	536	2634	492	4464	0	508	0	0	0	1352	0	1358	0	984	0	700	0	1388	0	362	0	588	496	31096	0	650	0	2320	0	4608	0	752	284	5354	310	15198	480	3442	802	1142	346	234	242	4826	0	622	0	1616	0	0	0	2794	0	0	0	1478	0	0	0	0	0	0	0	0	0	0	0	0	0	0	0	0	0	0	0	0	0	0	0	0	0	0	
840700	Frontal_Sup_L	26218	378	0	8596	8162	0	61186	1092	2554	0	22016	0	16334	0	6514	0	11524	0	89718	13100	0	0	41298	1430	2972	0	0	0	41952	0	9776	2136	2680	4150	310	166	3576	118	348	0	0	0	0	0	0	0	0	0	0	0	118	0	0	0	214	0	5828	0	110	0	416	0	264	0	0	0	0	0	2274	0	5902	284	14298	142	2058	0	2120	588	2058	0	2484	0	784	0	986	0	0	0	1118	0	0	0	0	0	0	0	0	0	0	0	0	0	0	0	0	0	0	0	0	0	0	0	0	0	0	0	
786064	Frontal_Sup_R	3502	10770	8596	0	616	3010	1216	29366	0	432	418	11462	642	6744	278	1546	214	4134	11884	80844	0	260	12510	44196	0	5266	0	578	2640	8950	6762	33726	620	30058	1946	2228	1582	5198	246	1134	0	0	0	0	0	0	0	0	0	0	0	0	0	0	0	618	148	804	0	0	0	92	0	136	0	0	162	0	1356	128	5842	17370	662	14612	0	1116	2292	13130	0	0	132	272	0	0	0	158	0	0	0	428	0	0	0	0	0	0	0	0	0	0	0	0	0	0	0	0	0	0	0	0	0	0	0	0	0	0	
128084	Frontal_Sup_Orb_L	0	0	8162	616	0	0	1602	298	10470	0	0	0	926	0	8734	0	0	0	920	372	454	0	6728	0	5008	0	3688	0	3174	0	4184	178	0	92	0	0	0	0	0	0	0	0	0	0	0	0	0	0	0	0	0	0	0	0	0	0	0	0	0	0	0	0	0	0	0	0	0	0	0	0	3214	0	5104	0	0	0	0	0	0	0	0	0	118	0	0	0	0	0	0	0	0	0	0	0	0	0	0	0	0	0	0	0	0	0	0	0	0	0	0	0	0	0	0	0	0	0	
99936	Frontal_Sup_Orb_R	0	0	0	3010	0	0	0	2126	0	3448	0	0	0	166	0	3550	0	0	0	1506	120	2632	0	2466	472	7718	362	9046	0	1448	1114	2438	0	256	0	0	0	0	0	0	0	110	0	0	0	0	0	0	0	0	0	0	0	0	0	0	0	0	0	0	0	0	0	0	0	0	0	0	0	0	298	4306	98	3278	0	0	0	0	0	0	0	0	0	0	0	0	0	0	0	0	0	0	0	0	0	0	0	0	0	0	0	0	0	0	0	0	0	0	0	0	0	0	0	0	0	0	
362136	Frontal_Mid_L	12852	134	61186	1216	1602	0	0	136	3026	0	8324	0	25910	0	6768	0	652	0	20688	700	0	0	16536	872	136	0	0	0	13946	0	1080	298	1316	358	0	0	0	0	0	0	0	0	0	0	0	0	0	0	0	0	0	0	0	0	0	0	1562	100	0	0	0	0	0	0	0	0	0	0	0	0	376	242	396	128	154	0	258	0	116	0	0	0	0	0	0	0	0	0	0	0	0	0	0	0	0	0	0	0	0	0	0	0	0	0	0	0	0	0	0	0	0	0	0	0	0	0	
215028	Frontal_Mid_R	248	5356	1092	29366	298	2126	136	0	0	1120	144	12848	276	12188	136	2472	0	1164	658	8878	0	0	628	4320	0	200	0	0	1120	3562	384	3230	0	3428	162	388	142	1544	0	188	0	0	0	0	0	0	0	0	0	0	0	356	0	0	0	126	100	482	0	0	0	278	0	448	0	278	130	0	0	0	3686	1342	346	658	0	0	0	1482	0	0	0	0	0	0	0	0	0	0	0	0	0	0	0	0	0	0	0	0	0	0	0	0	0	0	0	0	0	0	0	0	0	0	0	0	0	0	
65904	Frontal_Mid_Orb_L	0	0	2554	0	10470	0	3026	0	0	0	0	0	2086	0	9790	0	0	0	0	0	0	0	348	0	438	0	1360	0	1316	0	318	0	0	0	0	0	0	0	0	0	0	0	0	0	0	0	0	0	0	0	0	0	0	0	0	0	0	0	0	0	0	0	0	0	0	0	0	0	0	0	112	0	1134	0	0	0	0	0	0	0	0	0	0	0	0	0	0	0	0	0	0	0	0	0	0	0	0	0	0	0	0	0	0	0	0	0	0	0	0	0	0	0	0	0	0	0	
34488	Frontal_Mid_Orb_R	0	0	0	432	0	3448	0	1120	0	0	0	0	0	0	0	5156	0	0	0	412	0	210	0	96	0	638	0	1104	0	1382	0	200	0	0	0	0	0	0	0	0	0	0	0	0	0	0	0	0	0	0	0	0	0	0	0	0	0	0	0	0	0	0	0	0	0	0	0	0	0	0	0	1340	0	1706	0	0	0	0	0	0	0	0	0	0	0	0	0	0	0	0	0	0	0	0	0	0	0	0	0	0	0	0	0	0	0	0	0	0	0	0	0	0	0	0	0	0	
225824	Frontal_Inf_Oper_L	10576	0	22016	418	0	0	8324	144	0	0	0	0	15210	0	0	0	10616	96	18660	428	0	0	160	0	0	0	0	0	15350	0	344	112	0	0	0	0	396	0	0	0	0	0	0	0	0	0	0	0	0	0	0	0	0	0	0	0	5312	0	0	0	0	0	0	0	0	0	0	0	0	0	382	96	1474	0	0	0	0	0	632	0	1258	0	908	0	0	0	0	0	0	0	0	0	0	0	0	0	0	0	0	0	0	0	0	0	0	0	0	0	0	0	0	0	0	0	0	0	
169660	Frontal_Inf_Oper_R	178	6396	0	11462	0	0	0	12848	0	0	0	0	0	10300	0	1384	0	6872	156	7184	0	0	0	632	0	106	0	0	0	10876	134	458	0	454	114	318	94	1690	0	284	0	0	0	0	0	0	0	0	0	0	0	304	0	0	0	264	0	2954	0	160	0	334	0	634	0	224	0	0	0	0	104	98	188	4686	0	0	0	1116	0	254	0	718	0	636	0	0	0	0	0	216	0	0	0	0	0	0	0	0	0	0	0	0	0	0	0	0	0	0	0	0	0	0	0	0	0	0	
228892	Frontal_Inf_Tri_L	2124	0	16334	642	926	0	25910	276	2086	0	15210	0	0	0	13302	0	266	0	9096	466	0	0	1536	0	164	0	0	0	22260	0	446	150	222	132	0	0	0	0	0	0	0	0	0	0	0	0	0	0	0	0	0	0	0	0	0	0	858	0	0	0	0	0	0	0	0	0	0	0	0	0	662	0	834	0	0	0	0	0	0	0	156	0	388	0	0	0	0	0	0	0	0	0	0	0	0	0	0	0	0	0	0	0	0	0	0	0	0	0	0	0	0	0	0	0	0	0	
99884	Frontal_Inf_Tri_R	0	0	0	6744	0	166	0	12188	0	0	0	10300	0	0	0	4202	0	200	0	4980	0	0	0	872	0	116	0	0	0	6088	132	1086	0	1860	0	0	0	134	0	0	0	0	0	0	0	0	0	0	0	0	0	0	0	0	0	0	0	0	0	0	0	0	0	0	0	0	0	0	0	0	0	178	0	572	0	0	0	0	0	0	0	0	0	124	0	0	0	0	0	0	0	0	0	0	0	0	0	0	0	0	0	0	0	0	0	0	0	0	0	0	0	0	0	0	0	0	
152272	Frontal_Inf_Orb_L	0	0	6514	278	8734	0	6768	136	9790	0	0	0	13302	0	0	0	0	0	1540	192	920	0	990	0	684	0	542	0	16920	0	590	0	0	0	0	0	110	0	0	0	0	0	0	0	0	0	0	0	0	0	0	0	0	0	0	0	0	0	0	0	0	0	0	0	0	0	0	0	0	0	882	0	5968	0	0	0	0	0	0	0	0	0	1276	0	0	0	0	0	0	0	0	0	0	0	0	0	0	0	0	0	0	0	0	0	0	0	0	0	0	0	0	0	0	0	0	0	
79260	Frontal_Inf_Orb_R	0	0	0	1546	0	3550	0	2472	0	5156	0	1384	0	4202	0	0	0	0	0	1762	0	1410	0	0	0	0	0	2076	0	9118	0	198	0	148	0	0	0	0	0	92	0	116	0	0	0	0	0	0	0	0	0	0	0	0	0	0	0	0	0	0	0	0	0	0	0	0	0	0	0	0	0	2502	0	3688	0	0	0	0	0	0	0	0	0	210	0	0	0	0	0	0	0	0	0	0	0	0	0	0	0	0	0	0	0	0	0	0	0	0	0	0	0	0	0	0	0	0	
186260	Rolandic_Oper_L	6974	0	11524	214	0	0	652	0	0	0	10616	0	266	0	0	0	0	0	9438	296	0	0	0	0	0	0	0	0	18178	0	90	0	0	0	0	0	712	0	0	0	0	0	0	0	0	0	0	0	0	0	0	0	0	0	0	0	12350	0	160	0	1152	0	5508	0	0	0	0	0	274	0	354	0	770	0	0	0	0	0	3380	0	7200	0	932	0	1004	0	0	0	1086	0	0	0	0	0	0	0	0	0	0	0	0	0	0	0	0	0	0	0	0	0	0	0	0	0	0	0	
120660	Rolandic_Oper_R	0	2342	0	4134	0	0	0	1164	0	0	96	6872	0	200	0	0	0	0	0	6164	0	0	0	0	0	0	0	0	0	15252	0	0	0	122	0	0	0	1408	0	120	0	0	0	0	0	0	0	0	0	0	0	0	0	452	0	760	0	3352	0	0	0	0	0	2188	0	0	0	90	0	888	616	410	880	4652	0	334	0	146	0	2162	0	2834	0	980	0	522	0	0	0	1190	0	0	0	0	0	0	0	0	0	0	0	0	0	0	0	0	0	0	0	0	0	0	0	0	0	0	
746844	Supp_Motor_Area_L	28412	1388	89718	11884	920	0	20688	658	0	0	18660	156	9096	0	1540	0	9438	0	0	41816	0	0	7012	3468	244	374	0	0	30680	0	3656	6348	6290	22466	1698	716	3382	0	242	0	0	0	0	0	0	0	0	0	0	0	94	0	0	0	202	0	4914	272	0	0	136	0	154	0	0	0	154	94	11530	188	4728	2586	12956	662	4856	108	3488	690	1024	0	2130	0	762	0	244	0	0	0	500	0	0	0	0	0	0	0	0	0	0	0	0	0	0	0	0	0	0	0	0	0	0	0	0	0	0	0	
808228	Supp_Motor_Area_R	5982	4774	13100	80844	372	1506	700	8878	0	412	428	7184	466	4980	192	1762	296	6164	41816	0	0	316	5912	20350	0	2208	0	448	2154	9180	2222	25232	4978	57840	3406	5550	534	2722	0	984	0	0	0	116	0	192	0	312	0	0	0	0	0	144	0	762	132	3114	0	0	0	0	0	528	0	0	312	1458	6430	5398	4458	17310	680	15614	0	1966	1486	15588	0	164	320	896	0	0	0	1980	0	0	0	862	0	0	0	0	0	0	0	0	0	0	0	0	0	0	0	0	0	0	0	0	0	0	0	0	0	0	
53464	Olfactory_L	0	0	0	0	454	120	0	0	0	0	0	0	0	0	920	0	0	0	0	0	0	3014	0	0	314	0	290	170	2286	0	2398	1458	0	0	0	0	684	0	472	0	840	0	0	0	0	0	0	0	0	0	0	0	0	0	160	0	0	0	0	0	0	0	0	0	0	0	0	0	0	0	3896	3078	3424	1182	746	528	0	0	0	0	0	0	206	0	0	0	0	0	92	0	0	0	0	0	0	0	0	0	0	0	0	0	0	0	0	0	0	0	0	0	0	0	0	0	0	0	
103132	Olfactory_R	0	0	0	260	0	2632	0	0	0	210	0	0	0	0	0	1410	0	0	0	316	3014	0	0	216	98	1458	108	5082	0	2918	2660	4498	0	0	0	0	0	364	0	388	0	822	0	0	0	0	0	0	0	0	0	0	0	0	0	142	0	0	0	0	0	0	0	0	0	0	0	0	0	0	5230	9016	3080	4050	1262	2108	0	110	0	0	0	0	0	114	0	0	0	0	0	0	0	0	0	0	0	0	0	0	0	0	0	0	0	0	0	0	0	0	0	0	0	0	0	0	0	0	
326240	Frontal_Sup_Medial_L	0	0	41298	12510	6728	0	16536	628	348	0	160	0	1536	0	990	0	0	0	7012	5912	0	0	0	17536	4716	598	0	0	5734	0	13564	9428	3648	9514	0	0	0	0	0	0	0	0	0	0	0	0	0	0	0	0	0	0	0	0	0	0	0	0	0	0	0	0	0	0	0	0	0	0	0	0	2760	0	1964	0	0	0	0	0	0	0	0	0	0	0	0	0	0	0	0	0	0	0	0	0	0	0	0	0	0	0	0	0	0	0	0	0	0	0	0	0	0	0	0	0	0	0	
354368	Frontal_Sup_Medial_R	124	0	1430	44196	0	2466	872	4320	0	96	0	632	0	872	0	0	0	0	3468	20350	0	216	17536	0	438	7624	94	630	196	116	6756	28306	458	22096	0	0	0	0	0	0	0	0	0	0	0	0	0	0	0	0	0	0	0	0	0	0	0	0	0	0	0	0	0	0	0	0	0	0	0	0	200	9578	0	3990	0	0	0	124	0	0	0	0	0	0	0	0	0	0	0	0	0	0	0	0	0	0	0	0	0	0	0	0	0	0	0	0	0	0	0	0	0	0	0	0	0	0	
54212	Frontal_Med_Orb_L	0	0	2972	0	5008	472	136	0	438	0	0	0	164	0	684	0	0	0	244	0	314	98	4716	438	0	1612	868	304	680	0	4718	396	0	0	0	0	0	0	0	0	0	0	0	0	0	0	0	0	0	0	0	0	0	0	0	0	0	0	0	0	0	0	0	0	0	0	0	0	0	0	1108	306	1234	196	0	0	0	0	0	0	0	0	0	0	0	0	0	0	0	0	0	0	0	0	0	0	0	0	0	0	0	0	0	0	0	0	0	0	0	0	0	0	0	0	0	0	
119648	Frontal_Med_Orb_R	0	0	0	5266	0	7718	0	200	0	638	0	106	0	116	0	0	0	0	374	2208	0	1458	598	7624	1612	0	630	7374	0	0	5082	7138	0	1770	0	0	0	0	0	0	0	0	0	0	0	0	0	0	0	0	0	0	0	0	0	0	0	0	0	0	0	0	0	0	0	0	0	0	0	0	0	5966	0	3946	0	0	0	0	0	0	0	0	0	0	0	0	0	0	0	0	0	0	0	0	0	0	0	0	0	0	0	0	0	0	0	0	0	0	0	0	0	0	0	0	0	0	
22236	Rectus_L	0	0	0	0	3688	362	0	0	1360	0	0	0	0	0	542	0	0	0	0	0	290	108	0	94	868	630	0	436	0	0	982	0	0	0	0	0	0	0	0	0	0	0	0	0	0	0	0	0	0	0	0	0	0	0	0	0	0	0	0	0	0	0	0	0	0	0	0	0	0	0	890	132	736	0	0	0	0	0	0	0	0	0	0	0	0	0	0	0	0	0	0	0	0	0	0	0	0	0	0	0	0	0	0	0	0	0	0	0	0	0	0	0	0	0	0	0	
80144	Rectus_R	0	0	0	578	0	9046	0	0	0	1104	0	0	0	0	0	2076	0	0	0	448	170	5082	0	630	304	7374	436	0	0	1896	680	2736	0	0	0	0	0	0	0	0	0	104	0	0	0	0	0	0	0	0	0	0	0	0	0	0	0	0	0	0	0	0	0	0	0	0	0	0	0	0	156	3798	126	3232	0	0	0	0	0	0	0	0	0	96	0	0	0	0	0	0	0	0	0	0	0	0	0	0	0	0	0	0	0	0	0	0	0	0	0	0	0	0	0	0	0	0	
524648	Insula_L	8160	0	41952	2640	3174	0	13946	1120	1316	0	15350	0	22260	0	16920	0	18178	0	30680	2154	2286	0	5734	196	680	0	0	0	0	0	1414	918	0	416	182	0	8908	112	1008	0	964	0	92	0	0	0	0	0	0	0	276	0	338	0	1888	0	7782	0	260	0	832	0	1442	0	0	0	226	0	526	0	4568	0	17836	0	0	0	224	274	7048	0	9414	0	2396	0	2056	0	0	0	4178	0	0	0	0	0	0	0	0	0	0	0	0	0	0	0	0	0	0	0	0	0	0	0	0	0	0	0	
260504	Insula_R	0	1766	0	8950	0	1448	0	3562	0	1382	0	10876	0	6088	0	9118	0	15252	0	9180	0	2918	0	116	0	0	0	1896	0	0	0	900	0	824	0	270	0	6692	0	1294	0	848	0	0	0	0	0	0	0	0	0	0	0	296	0	2368	0	644	0	0	0	0	0	240	0	0	0	0	0	230	240	1718	252	22878	0	192	0	694	0	3474	0	7552	0	1918	0	1298	0	0	0	2878	0	0	0	0	0	0	0	0	0	0	0	0	0	0	0	0	0	0	0	0	0	0	0	0	0	0	
242476	Cingulum_Ant_L	214	0	9776	6762	4184	1114	1080	384	318	0	344	134	446	132	590	0	90	0	3656	2222	2398	2660	13564	6756	4718	5082	982	680	1414	0	0	16364	4570	3640	1274	0	0	0	0	0	0	0	0	0	0	0	0	0	0	0	0	0	0	0	0	0	0	0	0	0	0	0	0	0	0	0	0	0	0	0	8346	5930	6472	3246	642	1054	0	0	0	0	0	0	0	0	0	0	0	0	0	0	0	0	0	0	0	0	0	0	0	0	0	0	0	0	0	0	0	0	0	0	0	0	0	0	0	0	
424040	Cingulum_Ant_R	170	0	2136	33726	178	2438	298	3230	0	200	112	458	150	1086	0	198	0	0	6348	25232	1458	4498	9428	28306	396	7138	0	2736	918	900	16364	0	1276	27532	0	0	0	0	0	0	0	0	0	0	0	0	0	0	0	0	0	0	0	0	0	0	0	0	0	0	0	0	0	0	0	0	0	0	0	0	3368	18504	2306	9310	518	974	0	130	0	0	0	0	0	0	0	0	0	0	0	0	0	0	0	0	0	0	0	0	0	0	0	0	0	0	0	0	0	0	0	0	0	0	0	0	0	0	
108376	Cingulum_Mid_L	230	0	2680	620	0	0	1316	0	0	0	0	0	222	0	0	0	0	0	6290	4978	0	0	3648	458	0	0	0	0	0	0	4570	1276	0	10996	4732	1808	0	0	0	0	0	0	466	0	402	364	0	0	616	130	856	110	110	0	0	0	0	0	0	0	0	0	0	0	0	0	3266	794	2926	116	0	0	94	0	0	0	0	0	0	0	0	0	0	0	0	0	0	0	114	0	0	0	0	0	0	0	0	0	0	0	0	0	0	0	0	0	0	0	0	0	0	0	0	0	0	0	
498280	Cingulum_Mid_R	674	3080	4150	30058	92	256	358	3428	0	0	0	454	132	1860	0	148	0	122	22466	57840	0	0	9514	22096	0	1770	0	0	416	824	3640	27532	10996	0	2504	8864	0	180	0	0	0	0	0	576	0	1410	0	1252	0	358	0	376	0	120	0	0	0	2518	0	186	0	230	0	332	0	0	680	7558	3394	8916	640	3686	0	1726	0	0	0	344	0	114	0	172	0	0	0	696	0	0	0	402	0	0	0	0	0	0	0	0	0	0	0	0	0	0	0	0	0	0	0	0	0	0	0	0	0	0	
133132	Cingulum_Post_L	1250	536	310	1946	0	0	0	162	0	0	0	114	0	0	0	0	0	0	1698	3406	0	0	0	0	0	0	0	0	182	0	1274	0	4732	2504	0	9372	6554	3356	2698	274	0	0	2326	116	1140	116	1164	112	180	0	640	0	500	0	446	0	306	0	0	0	0	0	0	0	0	0	6246	858	2776	542	0	0	158	0	0	0	2784	4016	108	0	112	0	0	0	484	0	0	0	628	0	0	0	0	0	0	0	118	0	0	0	0	0	0	0	0	0	0	0	0	0	322	0	0	0	0	0	
185564	Cingulum_Post_R	960	2634	166	2228	0	0	0	388	0	0	0	318	0	0	0	0	0	0	716	5550	0	0	0	0	0	0	0	0	0	270	0	0	1808	8864	9372	0	3500	6780	554	1280	0	0	0	3150	616	2396	0	6006	0	196	0	162	0	158	0	516	144	1660	0	0	0	0	0	0	0	0	1984	14026	274	5090	0	90	0	198	0	0	2740	5364	0	0	0	164	0	0	0	820	0	0	0	494	0	0	0	0	0	0	0	0	0	0	0	0	0	0	0	0	0	0	0	0	1146	0	0	0	0	0	
252604	Hippocampus_L	6778	492	3576	1582	0	0	0	142	0	0	396	94	0	0	110	0	712	0	3382	534	684	0	0	0	0	0	0	0	8908	0	0	0	0	0	6554	3500	0	2762	14200	162	5384	0	1588	0	0	0	5186	140	0	0	476	0	1166	0	11748	0	1318	0	0	0	0	0	90	0	0	0	4730	320	394	0	734	0	9294	0	550	0	4338	3130	2402	0	4088	0	372	0	4352	0	0	0	8716	0	240	0	0	0	0	0	278	0	394	0	0	0	0	0	0	0	0	0	0	0	306	0	0	0	0	0	
314596	Hippocampus_R	604	4464	118	5198	0	0	0	1544	0	0	0	1690	0	134	0	0	0	1408	0	2722	0	364	0	0	0	0	0	0	112	6692	0	0	0	180	3356	6780	2762	0	530	24416	0	8376	0	646	0	0	0	2700	0	0	0	0	0	1410	0	26776	110	528	0	0	0	0	0	0	0	0	376	3462	0	218	202	110	134	10982	0	2144	1438	6270	0	1442	0	2874	0	1040	0	3774	0	0	0	17316	0	158	0	0	0	0	0	738	0	0	0	0	0	0	0	0	0	0	0	0	1000	0	0	0	0	0	
90240	ParaHippocampal_L	984	0	348	246	0	0	0	0	0	0	0	0	0	0	0	0	0	0	242	0	472	0	0	0	0	0	0	0	1008	0	0	0	0	0	2698	554	14200	530	0	0	1200	0	1078	0	0	0	4506	168	0	0	330	0	872	0	4638	0	130	0	0	0	0	0	0	0	0	0	3358	124	0	0	0	0	1244	0	0	0	1138	452	178	0	0	0	974	0	146	0	702	0	1436	0	256	0	0	0	0	0	166	0	320	0	0	0	0	0	0	0	0	0	0	204	218	0	0	0	0	0	
190260	ParaHippocampal_R	0	508	0	1134	0	0	0	188	0	0	0	284	0	0	0	92	0	120	0	984	0	388	0	0	0	0	0	0	0	1294	0	0	0	0	274	1280	162	24416	0	0	0	7336	0	564	0	0	0	3476	0	0	0	0	0	1620	0	24660	0	0	0	0	0	0	0	0	0	0	0	1930	0	0	0	0	0	4820	0	1970	148	1336	0	192	0	474	0	3688	0	998	0	1706	0	6522	0	156	0	0	0	0	0	1768	0	110	0	0	0	0	0	0	0	0	0	0	532	0	0	0	0	0	
24580	Amygdala_L	0	0	0	0	0	0	0	0	0	0	0	0	0	0	0	0	0	0	0	0	840	0	0	0	0	0	0	0	964	0	0	0	0	0	0	0	5384	0	1200	0	0	0	0	0	0	0	0	0	0	0	0	0	0	0	2374	0	0	0	0	0	0	0	0	0	0	0	0	0	0	0	300	0	284	0	0	0	340	0	0	0	0	0	308	0	0	0	126	0	170	0	0	0	0	0	0	0	0	0	0	0	0	0	0	0	0	0	0	0	0	0	0	0	0	0	0	0	
56840	Amygdala_R	0	0	0	0	0	110	0	0	0	0	0	0	0	0	0	116	0	0	0	0	0	822	0	0	0	0	0	104	0	848	0	0	0	0	0	0	0	8376	0	7336	0	0	0	0	0	0	0	0	0	0	0	0	0	0	0	5090	0	0	0	0	0	0	0	0	0	0	0	0	0	0	0	0	0	1728	0	0	0	302	0	0	0	0	0	2736	0	356	0	296	0	200	0	0	0	0	0	0	0	0	0	0	0	0	0	0	0	0	0	0	0	0	0	0	0	0	0	0	
263736	Calcarine_L	406	0	0	0	0	0	0	0	0	0	0	0	0	0	0	0	0	0	0	0	0	0	0	0	0	0	0	0	92	0	0	0	466	0	2326	0	1588	0	1078	0	0	0	0	6372	12194	5254	14240	2778	7862	2158	26638	1240	12744	536	3170	838	2636	0	798	0	646	0	130	0	170	0	18000	710	2348	0	0	0	0	0	0	0	0	0	0	0	0	0	0	0	1800	104	0	0	2036	0	0	0	0	0	0	0	230	0	0	0	0	0	0	0	0	0	0	0	0	0	280	0	0	0	0	0	
298816	Calcarine_R	0	1352	0	0	0	0	0	0	0	0	0	0	0	0	0	0	0	0	0	116	0	0	0	0	0	0	0	0	0	0	0	0	0	576	116	3150	0	646	0	564	0	0	6372	0	5174	26870	1004	17428	0	20596	0	21524	0	5338	0	4810	0	1284	0	0	0	216	0	204	0	646	1778	16726	0	2194	0	0	0	0	0	0	0	0	0	0	0	0	0	0	0	9152	0	0	0	1572	0	0	0	0	0	0	0	0	0	0	0	0	0	0	0	0	0	0	0	0	0	0	0	0	0	0	
183076	Cuneus_L	464	0	0	0	0	0	0	0	0	0	0	0	0	0	0	0	0	0	0	0	0	0	0	0	0	0	0	0	0	0	0	0	402	0	1140	616	0	0	0	0	0	0	12194	5174	0	6560	752	350	18522	908	9936	600	984	144	0	142	3238	0	3582	0	962	0	0	0	96	0	19728	3150	924	0	0	0	0	0	0	0	0	0	0	0	0	0	0	0	128	204	0	0	638	0	0	0	0	0	0	0	0	0	0	0	0	0	0	0	0	0	0	0	0	0	0	0	0	0	0	0	
304364	Cuneus_R	0	1358	0	0	0	0	0	0	0	0	0	0	0	0	0	0	0	0	0	192	0	0	0	0	0	0	0	0	0	0	0	0	364	1410	116	2396	0	0	0	0	0	0	5254	26870	6560	0	374	6310	0	33768	0	19592	0	1348	0	1450	0	2324	0	2038	0	258	0	256	0	232	3946	24356	0	5336	0	0	0	0	0	0	0	0	0	0	0	0	0	0	0	4858	0	0	0	1216	0	0	0	0	0	0	0	0	0	0	0	0	0	0	0	0	0	0	0	0	0	0	0	0	0	0	
206780	Lingual_L	0	0	0	0	0	0	0	0	0	0	0	0	0	0	0	0	0	0	0	0	0	0	0	0	0	0	0	0	0	0	0	0	0	0	1164	0	5186	0	4506	0	0	0	14240	1004	752	374	0	2300	2806	232	15490	186	10968	360	13272	846	0	0	0	0	0	0	0	0	0	0	4820	0	0	0	0	0	0	0	0	0	294	0	0	0	0	0	0	0	142	0	0	0	1326	0	3736	658	952	0	106	0	3600	206	8204	1002	0	0	0	0	128	158	0	0	0	122	902	2440	670	90	148	0	
284348	Lingual_R	0	984	0	0	0	0	0	0	0	0	0	0	0	0	0	0	0	0	0	312	0	0	0	0	0	0	0	0	0	0	0	0	0	1252	112	6006	140	2700	168	3476	0	0	2778	17428	350	6310	2300	0	0	5820	0	5778	0	7934	116	19178	0	846	0	0	0	0	0	0	0	0	160	10520	0	1986	0	0	0	0	0	236	0	200	0	0	0	0	0	0	0	3390	0	0	0	1646	914	5540	244	244	92	140	1258	4260	2682	8024	0	0	0	124	226	490	0	90	0	242	4564	9000	948	164	458	344	
186388	Occipital_Sup_L	0	0	0	0	0	0	0	0	0	0	0	0	0	0	0	0	0	0	0	0	0	0	0	0	0	0	0	0	0	0	0	0	616	0	180	0	0	0	0	0	0	0	7862	0	18522	0	2806	0	0	0	28884	0	1484	0	202	0	0	0	11820	0	3262	0	110	0	764	0	15058	0	466	0	0	0	0	0	0	0	0	0	0	0	0	0	0	0	984	0	0	0	174	0	0	0	0	0	0	0	0	0	0	0	0	0	0	0	0	0	0	0	0	0	0	0	0	0	0	0	
277160	Occipital_Sup_R	0	700	0	0	0	0	0	0	0	0	0	0	0	0	0	0	0	0	0	0	0	0	0	0	0	0	0	0	0	0	0	0	130	358	0	196	0	0	0	0	0	0	2158	20596	908	33768	232	5820	0	0	0	33036	0	1120	0	1290	0	4420	0	4746	0	910	0	468	0	1314	588	13454	0	5422	0	0	0	0	0	0	0	0	0	0	0	0	0	0	0	5640	0	0	0	1306	0	0	0	0	0	0	0	0	0	0	0	0	0	0	0	0	0	0	0	0	0	0	0	0	0	0	
415024	Occipital_Mid_L	756	0	118	0	0	0	0	0	0	0	0	0	0	0	0	0	0	0	94	0	0	0	0	0	0	0	0	0	276	0	0	0	856	0	640	0	476	0	330	0	0	0	26638	0	9936	0	15490	0	28884	0	0	0	30176	0	5432	0	3498	0	9210	0	8054	0	4220	0	16940	0	13604	0	7684	0	0	0	0	0	0	0	0	0	150	0	408	0	0	0	18988	0	0	0	4378	0	0	0	0	0	0	0	120	0	156	0	0	0	0	0	0	0	0	0	0	0	0	0	0	0	0	0	
302124	Occipital_Mid_R	0	1388	0	0	0	0	0	356	0	0	0	304	0	0	0	0	0	0	0	0	0	0	0	0	0	0	0	0	0	0	0	0	110	376	0	162	0	0	0	0	0	0	1240	21524	600	19592	186	5778	0	33036	0	0	0	5592	0	1684	0	3818	0	1568	0	6050	0	3822	0	12292	330	6998	0	2646	0	0	0	0	0	0	0	0	0	0	0	322	0	0	0	18336	0	0	0	2952	0	0	0	0	0	0	0	0	0	0	0	0	0	0	0	0	0	0	0	0	0	0	0	0	0	0	
179244	Occipital_Inf_L	428	0	0	0	0	0	0	0	0	0	0	0	0	0	0	0	0	0	0	0	0	0	0	0	0	0	0	0	338	0	0	0	110	0	500	0	1166	0	872	0	0	0	12744	0	984	0	10968	0	1484	0	30176	0	0	0	10724	0	334	0	172	0	0	0	310	0	334	0	2664	0	2002	0	0	0	0	0	0	0	0	0	194	0	0	0	0	0	4200	0	0	0	7016	0	338	0	0	0	0	0	662	0	902	0	0	0	0	0	0	0	0	0	0	0	0	0	0	0	0	0	
117904	Occipital_Inf_R	0	362	0	0	0	0	0	0	0	0	0	0	0	0	0	0	0	452	0	144	0	0	0	0	0	0	0	0	0	296	0	0	0	120	0	158	0	1410	0	1620	0	0	536	5338	144	1348	360	7934	0	1120	0	5592	0	0	0	13772	0	358	0	0	0	0	0	0	0	0	0	1162	0	332	0	0	0	0	0	246	0	0	0	196	0	190	0	0	0	5070	0	0	0	10530	0	162	0	0	0	0	0	0	0	0	0	0	0	0	0	0	0	0	0	0	0	0	0	0	0	0	
281304	Fusiform_L	146	0	214	0	0	0	0	0	0	0	0	0	0	0	0	0	0	0	202	0	160	0	0	0	0	0	0	0	1888	0	0	0	0	0	446	0	11748	0	4638	0	2374	0	3170	0	0	0	13272	116	202	0	5432	0	10724	0	0	0	0	0	0	0	0	0	0	0	0	0	1516	0	0	0	162	0	852	0	0	0	122	0	0	0	2500	0	1498	0	2924	0	1090	0	15426	0	19582	142	2344	0	116	0	8964	92	24762	200	1044	0	1350	0	148	0	0	0	0	0	316	584	186	0	0	0	
388896	Fusiform_R	0	588	0	618	0	0	0	126	0	0	0	264	0	0	0	0	0	760	0	762	0	142	0	0	0	0	0	0	0	2368	0	0	0	0	0	516	0	26776	0	24660	0	5090	838	4810	142	1450	846	19178	0	1290	0	1684	0	13772	0	0	0	308	0	0	0	0	0	0	0	0	0	2324	0	154	0	0	0	5236	0	1034	0	600	0	712	0	1618	0	6452	0	5556	0	3240	0	26174	184	8238	0	232	0	0	492	7060	680	10038	0	0	0	496	0	0	0	0	0	0	3664	2894	382	0	0	0	
302380	Postcentral_L	30018	496	5828	148	0	0	1562	100	0	0	5312	0	858	0	0	0	12350	0	4914	132	0	0	0	0	0	0	0	0	7782	0	0	0	0	0	306	144	1318	110	130	0	0	0	2636	0	3238	0	0	0	0	0	3498	0	334	0	0	0	0	0	11358	0	23324	0	10522	0	2058	0	5038	0	3868	0	0	0	1586	0	0	0	874	162	2086	0	4546	0	0	0	972	0	0	0	3582	0	0	0	0	0	0	0	0	0	0	0	0	0	0	0	0	0	0	0	0	0	0	0	0	0	0	0	
248196	Postcentral_R	144	31096	0	804	0	0	100	482	0	0	0	2954	0	0	0	0	0	3352	272	3114	0	0	0	0	0	0	0	0	0	644	0	0	0	2518	0	1660	0	528	0	0	0	0	0	1284	0	2324	0	846	0	4420	0	3818	0	358	0	308	0	0	0	6064	0	6988	0	9476	0	2938	0	8402	0	19432	288	116	576	536	100	144	0	0	0	750	0	1812	0	0	0	3164	0	0	0	2286	0	0	0	0	0	0	0	0	0	0	0	0	0	0	0	0	0	0	0	0	0	0	0	0	0	0	
136724	Parietal_Sup_L	164	0	110	0	0	0	0	0	0	0	0	0	0	0	0	0	160	0	0	0	0	0	0	0	0	0	0	0	260	0	0	0	0	0	0	0	0	0	0	0	0	0	798	0	3582	0	0	0	11820	0	9210	0	172	0	0	0	11358	0	0	0	11408	0	118	0	1268	0	16344	0	814	0	0	0	0	0	0	0	0	0	0	0	0	0	0	0	318	0	0	0	458	0	0	0	0	0	0	0	0	0	0	0	0	0	0	0	0	0	0	0	0	0	0	0	0	0	0	0	
81924	Parietal_Sup_R	0	650	0	0	0	0	0	0	0	0	0	160	0	0	0	0	0	0	0	0	0	0	0	0	0	0	0	0	0	0	0	0	0	186	0	0	0	0	0	0	0	0	0	0	0	2038	0	0	0	4746	0	1568	0	0	0	0	0	6064	0	0	0	7676	0	2376	0	4772	458	8640	0	1146	0	0	0	0	0	0	0	0	0	0	0	0	0	0	0	280	0	0	0	202	0	0	0	0	0	0	0	0	0	0	0	0	0	0	0	0	0	0	0	0	0	0	0	0	0	0	
153272	Parietal_Inf_L	2122	0	416	0	0	0	0	0	0	0	0	0	0	0	0	0	1152	0	136	0	0	0	0	0	0	0	0	0	832	0	0	0	0	0	0	0	0	0	0	0	0	0	646	0	962	0	0	0	3262	0	8054	0	0	0	0	0	23324	0	11408	0	0	0	8460	0	9508	0	1152	0	1300	0	0	0	0	0	0	0	0	0	96	0	2186	0	0	0	276	0	0	0	1344	0	0	0	0	0	0	0	0	0	0	0	0	0	0	0	0	0	0	0	0	0	0	0	0	0	0	0	
121884	Parietal_Inf_R	0	2320	0	92	0	0	0	278	0	0	0	334	0	0	0	0	0	0	0	0	0	0	0	0	0	0	0	0	0	0	0	0	0	230	0	0	0	0	0	0	0	0	0	216	0	258	0	0	0	910	0	6050	0	0	0	0	0	6988	0	7676	0	0	0	14020	0	11482	0	596	0	1466	0	0	0	0	0	0	0	0	0	0	0	928	0	0	0	4512	0	0	0	2586	0	0	0	0	0	0	0	0	0	0	0	0	0	0	0	0	0	0	0	0	0	0	0	0	0	0	
117296	SupraMarginal_L	556	0	264	0	0	0	0	0	0	0	0	0	0	0	0	0	5508	0	154	0	0	0	0	0	0	0	0	0	1442	0	0	0	0	0	0	0	90	0	0	0	0	0	130	0	0	0	0	0	110	0	4220	0	310	0	0	0	10522	0	118	0	8460	0	0	0	8926	0	112	0	1426	0	0	0	0	0	0	0	0	0	318	0	9122	0	0	0	5746	0	0	0	1114	0	0	0	0	0	0	0	0	0	0	0	0	0	0	0	0	0	0	0	0	0	0	0	0	0	0	0	
123064	SupraMarginal_R	0	4608	0	136	0	0	0	448	0	0	0	634	0	0	0	0	0	2188	0	528	0	0	0	0	0	0	0	0	0	240	0	0	0	332	0	0	0	0	0	0	0	0	0	204	0	256	0	0	0	468	0	3822	0	0	0	0	0	9476	0	2376	0	14020	0	0	0	4042	0	556	0	2058	140	0	180	0	0	0	0	0	0	334	0	5118	0	0	0	6538	0	0	0	2830	0	0	0	0	0	0	0	0	0	0	0	0	0	0	0	0	0	0	0	0	0	0	0	0	0	0	
101756	Angular_L	336	0	0	0	0	0	0	0	0	0	0	0	0	0	0	0	0	0	0	0	0	0	0	0	0	0	0	0	0	0	0	0	0	0	0	0	0	0	0	0	0	0	170	0	96	0	0	0	764	0	16940	0	334	0	0	0	2058	0	1268	0	9508	0	8926	0	0	0	284	0	562	0	0	0	0	0	0	0	0	0	0	0	532	0	0	0	7974	0	0	0	1126	0	0	0	0	0	0	0	0	0	0	0	0	0	0	0	0	0	0	0	0	0	0	0	0	0	0	0	
90156	Angular_R	0	752	0	0	0	0	0	278	0	0	0	224	0	0	0	0	0	0	0	0	0	0	0	0	0	0	0	0	0	0	0	0	0	0	0	0	0	0	0	0	0	0	0	646	0	232	0	0	0	1314	0	12292	0	0	0	0	0	2938	0	4772	0	11482	0	4042	0	0	0	144	0	466	0	0	0	0	0	0	0	0	0	0	0	970	0	0	0	3732	0	0	0	794	0	0	0	0	0	0	0	0	0	0	0	0	0	0	0	0	0	0	0	0	0	0	0	0	0	0	
290464	Precuneus_L	668	284	0	162	0	0	0	130	0	0	0	0	0	0	0	0	0	0	154	312	0	0	0	0	0	0	0	0	226	0	0	0	3266	680	6246	1984	4730	376	3358	0	0	0	18000	1778	19728	3946	4820	160	15058	588	13604	330	2664	0	1516	0	5038	0	16344	458	1152	0	112	0	284	0	0	6898	4736	200	0	0	0	0	0	0	156	0	118	0	154	0	0	0	1672	150	0	0	2516	0	0	0	0	0	0	0	206	0	0	0	0	0	0	0	0	0	0	0	0	0	270	0	0	0	0	0	
329636	Precuneus_R	140	5354	0	0	0	0	0	0	0	0	0	0	0	0	0	0	0	90	94	1458	0	0	0	0	0	0	0	0	0	0	0	0	794	7558	858	14026	320	3462	124	1930	0	0	710	16726	3150	24356	0	10520	0	13454	0	6998	0	1162	0	2324	0	8402	0	8640	0	596	0	556	0	144	6898	0	90	15844	0	0	0	0	0	0	254	532	0	0	0	194	0	0	0	3824	0	0	0	1820	0	0	0	0	0	0	0	158	0	0	0	0	0	0	0	0	0	0	0	0	1258	0	0	0	0	0	
160872	Paracentral_Lobule_L	6392	310	2274	1356	0	0	0	0	0	0	0	0	0	0	0	0	274	0	11530	6430	0	0	0	0	0	0	0	0	526	0	0	0	2926	3394	2776	274	394	0	0	0	0	0	2348	0	924	0	0	0	466	0	7684	0	2002	0	0	0	3868	0	814	0	1300	0	1426	0	562	0	4736	90	0	272	388	0	360	0	0	0	1424	568	372	0	1640	0	0	0	4612	0	0	0	5724	0	0	0	0	0	0	0	0	0	0	0	0	0	0	0	0	0	0	0	0	0	0	0	0	0	0	0	
209408	Paracentral_Lobule_R	0	15198	0	128	0	0	0	0	0	0	0	0	0	0	0	0	0	888	188	5398	0	0	0	0	0	0	0	0	0	230	0	0	116	8916	542	5090	0	218	0	0	0	0	0	2194	0	5336	0	1986	0	5422	0	2646	0	332	0	154	0	19432	0	1146	0	1466	0	2058	0	466	200	15844	272	0	0	0	0	0	0	0	0	0	0	440	0	1706	0	0	0	4224	0	0	0	2468	0	0	0	0	0	0	0	0	0	0	0	0	0	0	0	0	0	0	0	0	0	0	0	0	0	0	
229112	Caudate_L	2104	480	5902	5842	3214	298	376	3686	112	0	382	104	662	0	882	0	354	616	4728	4458	3896	5230	2760	200	1108	0	890	156	4568	240	8346	3368	0	640	0	0	734	202	0	0	300	0	0	0	0	0	0	0	0	0	0	0	0	0	162	0	0	288	0	0	0	0	0	140	0	0	0	0	388	0	0	9506	16546	2570	3340	2764	9574	1724	0	0	626	0	0	0	0	0	0	0	90	0	0	0	0	0	0	0	0	0	0	0	0	0	0	0	0	0	0	0	0	0	0	0	0	0	0	0	
336656	Caudate_R	580	3442	284	17370	0	4306	242	1342	0	1340	96	98	0	178	0	2502	0	410	2586	17310	3078	9016	0	9578	306	5966	132	3798	0	1718	5930	18504	0	3686	0	90	0	110	0	0	0	0	0	0	0	0	0	0	0	0	0	0	0	0	0	0	0	116	0	0	0	0	0	0	0	0	0	0	0	0	9506	0	4568	20740	1634	4080	338	13348	0	0	0	0	0	0	0	0	0	0	0	0	0	0	0	0	0	0	0	0	0	0	0	0	0	0	0	0	0	0	0	0	0	0	0	0	0	0	
291764	Putamen_L	5214	802	14298	662	5104	98	396	346	1134	0	1474	188	834	0	5968	0	770	880	12956	680	3424	3080	1964	0	1234	0	736	126	17836	252	6472	2306	94	0	158	0	9294	134	1244	0	284	0	0	0	0	0	0	0	0	0	0	0	0	0	852	0	1586	576	0	0	0	0	0	180	0	0	0	0	360	0	16546	4568	0	1748	6958	1234	3360	322	262	118	1704	0	672	0	2368	0	0	0	2026	0	0	0	0	0	0	0	0	0	0	0	0	0	0	0	0	0	0	0	0	0	0	0	0	0	0	0	
333232	Putamen_R	118	1142	142	14612	0	3278	128	658	0	1706	0	4686	0	572	0	3688	0	4652	662	15614	1182	4050	0	3990	196	3946	0	3232	0	22878	3246	9310	0	1726	0	198	0	10982	0	4820	0	1728	0	0	0	0	0	0	0	0	0	0	0	0	0	5236	0	536	0	0	0	0	0	0	0	0	0	0	0	0	2570	20740	1748	0	318	3006	0	1408	0	228	0	2318	0	712	0	866	0	0	0	3788	0	0	0	0	0	0	0	0	0	0	0	0	0	0	0	0	0	0	0	0	0	0	0	0	0	0	
51908	Pallidum_L	554	346	2058	0	0	0	154	0	0	0	0	0	0	0	0	0	0	0	4856	0	746	1262	0	0	0	0	0	0	0	0	642	518	0	0	0	0	550	0	0	0	0	0	0	0	0	0	0	0	0	0	0	0	0	0	0	0	0	100	0	0	0	0	0	0	0	0	0	0	0	0	3340	1634	6958	318	0	732	1186	0	0	0	0	0	0	0	0	0	0	0	0	0	0	0	0	0	0	0	0	0	0	0	0	0	0	0	0	0	0	0	0	0	0	0	0	0	0	0	
52916	Pallidum_R	0	234	0	1116	0	0	0	0	0	0	0	0	0	0	0	0	0	334	108	1966	528	2108	0	0	0	0	0	0	0	192	1054	974	0	0	0	0	0	2144	0	1970	0	0	0	0	0	0	0	236	0	0	0	0	0	246	0	1034	0	144	0	0	0	0	0	0	0	0	0	0	0	0	2764	4080	1234	3006	732	0	0	0	0	0	0	0	0	0	0	0	0	0	0	254	0	0	0	0	0	0	0	0	0	0	0	0	0	0	0	0	0	0	0	0	0	0	0	0	0	0	
105988	Thalamus_L	5976	242	2120	2292	0	0	258	0	0	0	0	0	0	0	0	0	0	0	3488	1486	0	0	0	0	0	0	0	0	224	0	0	0	0	0	2784	2740	4338	1438	1138	148	340	0	0	0	0	0	294	0	0	0	0	0	0	0	122	0	874	0	0	0	0	0	0	0	0	0	156	254	1424	0	9574	338	3360	0	1186	0	0	6400	0	0	0	0	0	0	0	0	0	0	0	0	0	0	0	0	0	0	0	0	0	0	0	0	0	0	0	0	0	0	0	0	0	0	0	0	0	0	
174764	Thalamus_R	1360	4826	588	13130	0	0	0	1482	0	0	0	1116	0	0	0	0	0	146	690	15588	0	110	0	124	0	0	0	0	274	694	0	130	0	344	4016	5364	3130	6270	452	1336	0	302	0	0	0	0	0	200	0	0	0	0	0	0	0	600	162	0	0	0	0	0	0	0	0	0	0	532	568	0	1724	13348	322	1408	0	0	6400	0	0	0	0	234	0	0	0	0	0	0	0	254	0	0	0	0	0	0	0	0	0	0	0	0	0	0	0	0	0	0	0	0	158	0	0	0	0	0	
57184	Heschl_L	1298	0	2058	0	0	0	116	0	0	0	632	0	0	0	0	0	3380	0	1024	0	0	0	0	0	0	0	0	0	7048	0	0	0	0	0	108	0	2402	0	178	0	0	0	0	0	0	0	0	0	0	0	150	0	194	0	0	0	2086	0	0	0	96	0	318	0	0	0	118	0	372	0	0	0	262	0	0	0	0	0	0	0	2468	0	0	0	1760	0	0	0	2524	0	0	0	0	0	0	0	0	0	0	0	0	0	0	0	0	0	0	0	0	0	0	0	0	0	0	0	
42380	Heschl_R	0	622	0	0	0	0	0	0	0	0	0	254	0	0	0	0	0	2162	0	164	0	0	0	0	0	0	0	0	0	3474	0	0	0	114	0	0	0	1442	0	192	0	0	0	0	0	0	0	0	0	0	0	0	0	196	0	712	0	750	0	0	0	0	0	334	0	0	0	0	0	440	0	0	118	228	0	0	0	0	0	0	0	7300	0	0	0	1030	0	0	0	1658	0	0	0	0	0	0	0	0	0	0	0	0	0	0	0	0	0	0	0	0	0	0	0	0	0	0	
176744	Temporal_Sup_L	1908	0	2484	132	0	0	0	0	0	0	1258	0	156	0	0	0	7200	0	2130	320	0	0	0	0	0	0	0	0	9414	0	0	0	0	0	112	0	4088	0	0	0	0	0	0	0	0	0	0	0	0	0	408	0	0	0	2500	0	4546	0	0	0	2186	0	9122	0	532	0	154	0	1640	0	626	0	1704	0	0	0	0	0	2468	0	0	0	3774	0	19258	0	0	0	10252	0	0	0	0	0	0	0	0	0	0	0	0	0	0	0	0	0	0	0	0	0	0	0	0	0	0	0	
118176	Temporal_Sup_R	0	1616	0	272	0	0	0	0	0	0	0	718	0	0	0	0	0	2834	0	896	0	0	0	0	0	0	0	0	0	7552	0	0	0	172	0	164	0	2874	0	474	0	0	0	0	0	0	0	0	0	0	0	322	0	190	0	1618	0	1812	0	0	0	928	0	5118	0	970	0	194	0	1706	0	0	0	2318	0	0	0	234	0	7300	0	0	0	2748	0	11692	0	352	0	4014	0	0	0	0	0	0	0	0	0	0	0	0	0	0	0	0	0	0	0	0	0	0	0	0	0	0	
61728	Temporal_Pole_Sup_L	0	0	784	0	118	0	0	0	0	0	908	0	388	0	1276	0	932	0	762	0	206	0	0	0	0	0	0	0	2396	0	0	0	0	0	0	0	372	0	974	0	308	0	0	0	0	0	0	0	0	0	0	0	0	0	1498	0	0	0	0	0	0	0	0	0	0	0	0	0	0	0	0	0	672	0	0	0	0	0	0	0	3774	0	0	0	6092	0	4932	0	4472	0	0	0	0	0	0	0	0	0	0	0	0	0	0	0	0	0	0	0	0	0	0	0	0	0	0	0	
56772	Temporal_Pole_Sup_R	0	0	0	0	0	0	0	0	0	0	0	636	0	124	0	210	0	980	0	0	0	114	0	0	0	0	0	96	0	1918	0	0	0	0	0	0	0	1040	0	3688	0	2736	0	0	0	0	0	0	0	0	0	0	0	0	0	6452	0	0	0	0	0	0	0	0	0	0	0	0	0	0	0	0	0	712	0	0	0	0	0	0	0	2748	0	0	0	1316	0	4188	0	1428	0	0	0	0	0	0	0	0	0	0	0	0	0	0	0	0	0	0	0	0	0	0	0	0	0	0	
258476	Temporal_Mid_L	1118	0	986	0	0	0	0	0	0	0	0	0	0	0	0	0	1004	0	244	0	0	0	0	0	0	0	0	0	2056	0	0	0	0	0	484	0	4352	0	146	0	0	0	1800	0	128	0	142	0	984	0	18988	0	4200	0	2924	0	972	0	318	0	276	0	5746	0	7974	0	1672	0	4612	0	0	0	2368	0	0	0	0	0	1760	0	19258	0	6092	0	0	0	3806	0	34828	0	0	0	0	0	0	0	0	0	0	0	0	0	0	0	0	0	0	0	0	0	0	0	0	0	0	0	
288500	Temporal_Mid_R	0	2794	0	158	0	0	0	0	0	0	0	0	0	0	0	0	0	522	0	1980	0	0	0	0	0	0	0	0	0	1298	0	0	0	696	0	820	0	3774	0	998	0	356	104	9152	204	4858	0	3390	0	5640	0	18336	0	5070	0	5556	0	3164	0	280	0	4512	0	6538	0	3732	150	3824	0	4224	0	0	0	866	0	0	0	0	0	1030	0	11692	0	1316	0	0	0	2386	0	34280	0	156	0	0	0	0	0	0	0	154	0	0	0	0	0	0	0	0	0	0	0	240	0	0	0	0	
28280	Temporal_Pole_Mid_L	0	0	0	0	0	0	0	0	0	0	0	0	0	0	0	0	0	0	0	0	0	0	0	0	0	0	0	0	0	0	0	0	0	0	0	0	0	0	702	0	126	0	0	0	0	0	0	0	0	0	0	0	0	0	1090	0	0	0	0	0	0	0	0	0	0	0	0	0	0	0	0	0	0	0	0	0	0	0	0	0	0	0	4932	0	3806	0	0	0	3484	0	0	0	0	0	0	0	0	0	0	0	0	0	0	0	0	0	0	0	0	0	0	0	0	0	0	0	
27864	Temporal_Pole_Mid_R	0	0	0	0	0	0	0	0	0	0	0	0	0	0	0	0	0	0	0	0	0	0	0	0	0	0	0	0	0	0	0	0	0	0	0	0	0	0	0	1706	0	296	0	0	0	0	0	0	0	0	0	0	0	0	0	3240	0	0	0	0	0	0	0	0	0	0	0	0	0	0	0	0	0	0	0	0	0	0	0	0	0	352	0	4188	0	2386	0	0	0	1764	0	0	0	0	0	0	0	0	0	0	0	0	0	0	0	0	0	0	0	0	0	0	0	0	0	0	
256632	Temporal_Inf_L	1868	0	1118	0	0	0	0	0	0	0	0	0	0	0	0	0	1086	0	500	0	92	0	0	0	0	0	0	0	4178	0	0	0	114	0	628	0	8716	0	1436	0	170	0	2036	0	638	0	1326	0	174	0	4378	0	7016	0	15426	0	3582	0	458	0	1344	0	1114	0	1126	0	2516	0	5724	0	90	0	2026	0	0	0	0	0	2524	0	10252	0	4472	0	34828	0	3484	0	0	0	2560	0	258	0	0	0	0	0	1058	0	0	0	0	0	0	0	0	0	0	0	0	0	0	0	0	0	
277524	Temporal_Inf_R	0	1478	0	428	0	0	0	0	0	0	0	216	0	0	0	0	0	1190	0	862	0	0	0	0	0	0	0	0	0	2878	0	0	0	402	0	494	0	17316	0	6522	0	200	0	1572	0	1216	0	1646	0	1306	0	2952	0	10530	0	26174	0	2286	0	202	0	2586	0	2830	0	794	0	1820	0	2468	0	0	0	3788	0	254	0	254	0	1658	0	4014	0	1428	0	34280	0	1764	0	0	0	500	0	0	0	0	0	102	0	164	0	0	0	0	0	0	0	0	0	0	0	188	0	0	0	0	
455232	Cerebelum_Crus1_L	0	0	0	0	0	0	0	0	0	0	0	0	0	0	0	0	0	0	0	0	0	0	0	0	0	0	0	0	0	0	0	0	0	0	0	0	240	0	256	0	0	0	0	0	0	0	3736	914	0	0	0	0	338	0	19582	184	0	0	0	0	0	0	0	0	0	0	0	0	0	0	0	0	0	0	0	0	0	0	0	0	0	0	0	0	0	0	0	0	2560	0	0	3016	36970	4782	4394	0	22602	1414	60874	3132	13978	2322	18878	3932	3764	1010	412	0	144	298	3306	3962	7594	1700	1322	0	
467072	Cerebelum_Crus1_R	0	0	0	0	0	0	0	0	0	0	0	0	0	0	0	0	0	0	0	0	0	0	0	0	0	0	0	0	0	0	0	0	0	0	0	0	0	158	0	156	0	0	0	0	0	0	658	5540	0	0	0	0	0	162	142	8238	0	0	0	0	0	0	0	0	0	0	0	0	0	0	0	0	0	0	0	0	0	0	0	0	0	0	0	0	0	156	0	0	0	500	3016	0	752	29272	828	3642	3848	27206	4248	68280	256	4618	618	27512	436	2986	0	794	442	3078	11670	12120	7018	2828	2358	0	
342068	Cerebelum_Crus2_L	0	0	0	0	0	0	0	0	0	0	0	0	0	0	0	0	0	0	0	0	0	0	0	0	0	0	0	0	0	0	0	0	0	0	0	0	0	0	0	0	0	0	0	0	0	0	952	244	0	0	0	0	0	0	2344	0	0	0	0	0	0	0	0	0	0	0	0	0	0	0	0	0	0	0	0	0	0	0	0	0	0	0	0	0	0	0	0	0	258	0	36970	752	0	12898	856	0	2998	268	11418	732	31038	8988	28224	9642	1982	524	400	0	0	0	558	850	13020	4606	512	0	
317984	Cerebelum_Crus2_R	0	0	0	0	0	0	0	0	0	0	0	0	0	0	0	0	0	0	0	0	0	0	0	0	0	0	0	0	0	0	0	0	0	0	0	0	0	0	0	0	0	0	0	0	0	0	0	244	0	0	0	0	0	0	0	232	0	0	0	0	0	0	0	0	0	0	0	0	0	0	0	0	0	0	0	0	0	0	0	0	0	0	0	0	0	0	0	0	0	0	4782	29272	12898	0	992	506	584	1796	996	10874	6946	20774	6896	36064	298	1112	0	352	184	766	752	830	16510	3802	530	0	
66480	Cerebelum_3_L	0	0	0	0	0	0	0	0	0	0	0	0	0	0	0	0	0	0	0	0	0	0	0	0	0	0	0	0	0	0	0	0	0	0	0	0	0	0	0	0	0	0	0	0	0	0	106	92	0	0	0	0	0	0	116	0	0	0	0	0	0	0	0	0	0	0	0	0	0	0	0	0	0	0	0	0	0	0	0	0	0	0	0	0	0	0	0	0	0	0	4394	828	856	992	0	0	7000	284	4748	838	252	448	1084	1132	1768	600	214	0	1348	1666	1844	408	1380	560	282	0	
59344	Cerebelum_3_R	0	0	0	0	0	0	0	0	0	0	0	0	0	0	0	0	0	0	0	0	0	0	0	0	0	0	0	0	0	0	0	0	0	0	0	0	0	0	0	0	0	0	0	0	0	0	0	140	0	0	0	0	0	0	0	0	0	0	0	0	0	0	0	0	0	0	0	0	0	0	0	0	0	0	0	0	0	0	0	0	0	0	0	0	0	0	0	0	0	0	0	3642	0	506	0	0	470	5166	556	5444	0	0	0	718	162	2350	0	250	2056	4456	616	1250	110	388	1198	194	
259436	Cerebelum_4_5_L	0	0	0	0	0	0	0	0	0	0	0	0	0	0	0	0	0	0	0	0	0	0	0	0	0	0	0	0	0	0	0	0	0	0	118	0	278	0	166	0	0	0	230	0	0	0	3600	1258	0	0	120	0	662	0	8964	492	0	0	0	0	0	0	0	0	0	0	206	0	0	0	0	0	0	0	0	0	0	0	0	0	0	0	0	0	0	0	0	0	0	0	22602	3848	2998	584	7000	470	0	3310	35674	4790	1166	122	2328	818	5230	1946	1126	252	1050	1362	9616	3290	804	808	1488	942	
229128	Cerebelum_4_5_R	0	0	0	0	0	0	0	0	0	0	0	0	0	0	0	0	0	0	0	0	0	0	0	0	0	0	0	0	0	0	0	0	0	0	0	0	0	738	0	1768	0	0	0	0	0	0	206	4260	0	0	0	0	0	0	92	7060	0	0	0	0	0	0	0	0	0	0	0	158	0	0	0	0	0	0	0	0	0	0	0	0	0	0	0	0	0	0	0	0	0	102	1414	27206	268	1796	284	5166	3310	0	1680	33062	0	0	162	3258	646	1456	108	182	0	2584	13516	1810	272	352	736	912	
420124	Cerebelum_6_L	0	0	0	0	0	0	0	0	0	0	0	0	0	0	0	0	0	0	0	0	0	0	0	0	0	0	0	0	0	0	0	0	0	0	0	0	394	0	320	0	0	0	0	0	0	0	8204	2682	0	0	156	0	902	0	24762	680	0	0	0	0	0	0	0	0	0	0	0	0	0	0	0	0	0	0	0	0	0	0	0	0	0	0	0	0	0	0	0	0	1058	0	60874	4248	11418	996	4748	556	35674	1680	0	5100	5290	370	7794	988	4774	2040	770	384	580	700	5266	9266	3458	1564	2098	268	
430432	Cerebelum_6_R	0	0	0	0	0	0	0	0	0	0	0	0	0	0	0	0	0	0	0	0	0	0	0	0	0	0	0	0	0	0	0	0	0	0	0	0	0	0	0	110	0	0	0	0	0	0	1002	8024	0	0	0	0	0	0	200	10038	0	0	0	0	0	0	0	0	0	0	0	0	0	0	0	0	0	0	0	0	0	0	0	0	0	0	0	0	0	154	0	0	0	164	3132	68280	732	10874	838	5444	4790	33062	5100	0	210	1442	542	14964	486	2688	0	764	636	3680	14106	14360	4846	2356	2192	0	
249068	Cerebelum_7b_L	0	0	0	0	0	0	0	0	0	0	0	0	0	0	0	0	0	0	0	0	0	0	0	0	0	0	0	0	0	0	0	0	0	0	0	0	0	0	0	0	0	0	0	0	0	0	0	0	0	0	0	0	0	0	1044	0	0	0	0	0	0	0	0	0	0	0	0	0	0	0	0	0	0	0	0	0	0	0	0	0	0	0	0	0	0	0	0	0	0	0	13978	256	31038	6946	252	0	1166	0	5290	210	0	6246	32508	8752	2674	380	516	0	0	0	0	0	7252	5820	206	0	
179216	Cerebelum_7b_R	0	0	0	0	0	0	0	0	0	0	0	0	0	0	0	0	0	0	0	0	0	0	0	0	0	0	0	0	0	0	0	0	0	0	0	0	0	0	0	0	0	0	0	0	0	0	0	0	0	0	0	0	0	0	0	0	0	0	0	0	0	0	0	0	0	0	0	0	0	0	0	0	0	0	0	0	0	0	0	0	0	0	0	0	0	0	0	0	0	0	2322	4618	8988	20774	448	0	122	0	370	1442	6246	0	5970	24312	146	828	0	0	0	0	0	0	9096	3646	280	0	
318988	Cerebelum_8_L	0	0	0	0	0	0	0	0	0	0	0	0	0	0	0	0	0	0	0	0	0	0	0	0	0	0	0	0	0	0	0	0	0	0	0	0	0	0	0	0	0	0	0	0	0	0	0	0	0	0	0	0	0	0	1350	0	0	0	0	0	0	0	0	0	0	0	0	0	0	0	0	0	0	0	0	0	0	0	0	0	0	0	0	0	0	0	0	0	0	0	18878	618	28224	6896	1084	0	2328	162	7794	542	32508	5970	0	11154	15696	2502	2116	0	0	0	390	196	8344	9788	2954	0	
376992	Cerebelum_8_R	0	0	0	0	0	0	0	0	0	0	0	0	0	0	0	0	0	0	0	0	0	0	0	0	0	0	0	0	0	0	0	0	0	0	0	0	0	0	0	0	0	0	0	0	0	0	0	124	0	0	0	0	0	0	0	496	0	0	0	0	0	0	0	0	0	0	0	0	0	0	0	0	0	0	0	0	0	0	0	0	0	0	0	0	0	0	0	0	0	0	3932	27512	9642	36064	1132	718	818	3258	988	14964	8752	24312	11154	0	840	14890	0	950	242	954	1028	438	13420	9510	2182	176	
111728	Cerebelum_9_L	0	0	0	0	0	0	0	0	0	0	0	0	0	0	0	0	0	0	0	0	0	0	0	0	0	0	0	0	0	0	0	0	0	0	0	0	0	0	0	0	0	0	0	0	0	0	128	226	0	0	0	0	0	0	148	0	0	0	0	0	0	0	0	0	0	0	0	0	0	0	0	0	0	0	0	0	0	0	0	0	0	0	0	0	0	0	0	0	0	0	3764	436	1982	298	1768	162	5230	646	4774	486	2674	146	15696	840	0	2292	4820	0	126	128	2084	726	1030	2282	2360	612	
146084	Cerebelum_9_R	0	0	0	0	0	0	0	0	0	0	0	0	0	0	0	0	0	0	0	0	0	0	0	0	0	0	0	0	0	0	0	0	0	0	0	0	0	0	0	0	0	0	0	0	0	0	158	490	0	0	0	0	0	0	0	0	0	0	0	0	0	0	0	0	0	0	0	0	0	0	0	0	0	0	0	0	0	0	0	0	0	0	0	0	0	0	0	0	0	0	1010	2986	524	1112	600	2350	1946	1456	2040	2688	380	828	2502	14890	2292	0	142	2010	2052	2846	3046	5438	2680	6328	8236	2012	
22572	Cerebelum_10_L	0	0	0	0	0	0	0	0	0	0	0	0	0	0	0	0	0	0	0	0	0	0	0	0	0	0	0	0	0	0	0	0	0	0	0	0	0	0	0	0	0	0	0	0	0	0	0	0	0	0	0	0	0	0	0	0	0	0	0	0	0	0	0	0	0	0	0	0	0	0	0	0	0	0	0	0	0	0	0	0	0	0	0	0	0	0	0	0	0	0	412	0	400	0	214	0	1126	108	770	0	516	0	2116	0	4820	142	0	0	0	0	284	164	0	104	110	0	
19720	Cerebelum_10_R	0	0	0	0	0	0	0	0	0	0	0	0	0	0	0	0	0	0	0	0	0	0	0	0	0	0	0	0	0	0	0	0	0	0	0	0	0	0	0	0	0	0	0	0	0	0	0	90	0	0	0	0	0	0	0	0	0	0	0	0	0	0	0	0	0	0	0	0	0	0	0	0	0	0	0	0	0	0	0	0	0	0	0	0	0	0	0	0	0	0	0	794	0	352	0	250	252	182	384	764	0	0	0	950	0	2010	0	0	0	166	122	854	332	966	1086	306	
37240	Vermis_1_2	0	0	0	0	0	0	0	0	0	0	0	0	0	0	0	0	0	0	0	0	0	0	0	0	0	0	0	0	0	0	0	0	0	0	0	0	0	0	0	0	0	0	0	0	0	0	0	0	0	0	0	0	0	0	0	0	0	0	0	0	0	0	0	0	0	0	0	0	0	0	0	0	0	0	0	0	0	0	0	0	0	0	0	0	0	0	0	0	0	0	144	442	0	184	1348	2056	1050	0	580	636	0	0	0	242	126	2052	0	0	0	6486	1538	818	0	0	710	208	
71440	Vermis_3	0	0	0	0	0	0	0	0	0	0	0	0	0	0	0	0	0	0	0	0	0	0	0	0	0	0	0	0	0	0	0	0	0	0	0	0	0	0	204	0	0	0	0	0	0	0	122	242	0	0	0	0	0	0	0	0	0	0	0	0	0	0	0	0	0	0	0	0	0	0	0	0	0	0	0	0	0	0	0	0	0	0	0	0	0	0	0	0	0	0	298	3078	0	766	1666	4456	1362	2584	700	3680	0	0	0	954	128	2846	0	166	6486	0	3374	1070	112	320	942	164	
193012	Vermis_4_5	0	0	0	0	0	0	0	0	0	0	0	0	0	0	0	0	0	0	0	0	0	0	0	0	0	0	0	0	0	0	0	0	0	0	322	1146	306	1000	218	532	0	0	280	0	0	0	902	4564	0	0	0	0	0	0	316	3664	0	0	0	0	0	0	0	0	0	0	270	1258	0	0	0	0	0	0	0	0	0	158	0	0	0	0	0	0	0	0	0	0	0	0	3306	11670	558	752	1844	616	9616	13516	5266	14106	0	0	390	1028	2084	3046	284	122	1538	3374	0	4594	170	238	1462	1990	
183572	Vermis_6	0	0	0	0	0	0	0	0	0	0	0	0	0	0	0	0	0	0	0	0	0	0	0	0	0	0	0	0	0	0	0	0	0	0	0	0	0	0	0	0	0	0	0	0	0	0	2440	9000	0	0	0	0	0	0	584	2894	0	0	0	0	0	0	0	0	0	0	0	0	0	0	0	0	0	0	0	0	0	0	0	0	0	0	0	0	0	240	0	0	0	188	3962	12120	850	830	408	1250	3290	1810	9266	14360	0	0	196	438	726	5438	164	854	818	1070	4594	0	4210	3080	4790	1916	
229540	Vermis_7	0	0	0	0	0	0	0	0	0	0	0	0	0	0	0	0	0	0	0	0	0	0	0	0	0	0	0	0	0	0	0	0	0	0	0	0	0	0	0	0	0	0	0	0	0	0	670	948	0	0	0	0	0	0	186	382	0	0	0	0	0	0	0	0	0	0	0	0	0	0	0	0	0	0	0	0	0	0	0	0	0	0	0	0	0	0	0	0	0	0	7594	7018	13020	16510	1380	110	804	272	3458	4846	7252	9096	8344	13420	1030	2680	0	332	0	112	170	4210	0	7452	3474	0	
154156	Vermis_8	0	0	0	0	0	0	0	0	0	0	0	0	0	0	0	0	0	0	0	0	0	0	0	0	0	0	0	0	0	0	0	0	0	0	0	0	0	0	0	0	0	0	0	0	0	0	90	164	0	0	0	0	0	0	0	0	0	0	0	0	0	0	0	0	0	0	0	0	0	0	0	0	0	0	0	0	0	0	0	0	0	0	0	0	0	0	0	0	0	0	1700	2828	4606	3802	560	388	808	352	1564	2356	5820	3646	9788	9510	2282	6328	104	966	0	320	238	3080	7452	0	7972	354	
