data	data	389444	249640	796444	699156	94500	89188	532168	351232	33416	25464	123512	149432	216584	136796	88100	97084	124700	119764	569956	572136	67744	83388	239724	221120	30984	60892	36692	61468	504556	314284	158736	298596	170864	374784	226280	211108	295636	450208	113248	298952	50624	82196	325880	501552	230220	353616	377408	424544	220744	369236	597432	396972	252456	185436	511944	572396	211960	205468	149232	149380	209108	78920	100260	78696	149860	120112	382308	633156	171344	152952	178028	318528	318060	368200	52236	18560	191100	240108	54536	55828	211236	132380	52660	52144	349256	346284	13516	20724	349784	412064	592280	502428	381772	414544	76052	53764	348192	258944	618584	518612	268368	219728	290368	329116	114424	196756	19296	25272	28976	79648	283488	301024	307996	173732	158036	58632	
data	data	Precentral_L	Precentral_R	Frontal_Sup_L	Frontal_Sup_R	Frontal_Sup_Orb_L	Frontal_Sup_Orb_R	Frontal_Mid_L	Frontal_Mid_R	Frontal_Mid_Orb_L	Frontal_Mid_Orb_R	Frontal_Inf_Oper_L	Frontal_Inf_Oper_R	Frontal_Inf_Tri_L	Frontal_Inf_Tri_R	Frontal_Inf_Orb_L	Frontal_Inf_Orb_R	Rolandic_Oper_L	Rolandic_Oper_R	Supp_Motor_Area_L	Supp_Motor_Area_R	Olfactory_L	Olfactory_R	Frontal_Sup_Medial_L	Frontal_Sup_Medial_R	Frontal_Med_Orb_L	Frontal_Med_Orb_R	Rectus_L	Rectus_R	Insula_L	Insula_R	Cingulum_Ant_L	Cingulum_Ant_R	Cingulum_Mid_L	Cingulum_Mid_R	Cingulum_Post_L	Cingulum_Post_R	Hippocampus_L	Hippocampus_R	ParaHippocampal_L	ParaHippocampal_R	Amygdala_L	Amygdala_R	Calcarine_L	Calcarine_R	Cuneus_L	Cuneus_R	Lingual_L	Lingual_R	Occipital_Sup_L	Occipital_Sup_R	Occipital_Mid_L	Occipital_Mid_R	Occipital_Inf_L	Occipital_Inf_R	Fusiform_L	Fusiform_R	Postcentral_L	Postcentral_R	Parietal_Sup_L	Parietal_Sup_R	Parietal_Inf_L	Parietal_Inf_R	SupraMarginal_L	SupraMarginal_R	Angular_L	Angular_R	Precuneus_L	Precuneus_R	Paracentral_Lobule_L	Paracentral_Lobule_R	Caudate_L	Caudate_R	Putamen_L	Putamen_R	Pallidum_L	Pallidum_R	Thalamus_L	Thalamus_R	Heschl_L	Heschl_R	Temporal_Sup_L	Temporal_Sup_R	Temporal_Pole_Sup_L	Temporal_Pole_Sup_R	Temporal_Mid_L	Temporal_Mid_R	Temporal_Pole_Mid_L	Temporal_Pole_Mid_R	Temporal_Inf_L	Temporal_Inf_R	Cerebelum_Crus1_L	Cerebelum_Crus1_R	Cerebelum_Crus2_L	Cerebelum_Crus2_R	Cerebelum_3_L	Cerebelum_3_R	Cerebelum_4_5_L	Cerebelum_4_5_R	Cerebelum_6_L	Cerebelum_6_R	Cerebelum_7b_L	Cerebelum_7b_R	Cerebelum_8_L	Cerebelum_8_R	Cerebelum_9_L	Cerebelum_9_R	Cerebelum_10_L	Cerebelum_10_R	Vermis_1_2	Vermis_3	Vermis_4_5	Vermis_6	Vermis_7	Vermis_8	Vermis_9	Vermis_10	
389444	Precentral_L	0	3446	8852	780	0	0	27946	1104	0	0	11908	286	3412	0	0	0	5724	186	4916	682	0	0	0	0	0	0	0	0	15540	324	0	0	3934	0	6592	422	4314	0	304	0	0	0	446	0	666	0	0	0	254	0	3610	0	3492	0	3544	0	21608	522	1000	0	7182	0	1504	0	838	0	3702	0	11570	332	4110	156	8218	260	2260	98	676	0	4170	0	1604	0	0	0	5746	0	0	0	6482	0	0	0	0	0	0	0	0	0	0	0	0	0	0	0	0	0	0	0	0	0	0	0	0	0	0	0	
249640	Precentral_R	3446	0	3696	9230	0	0	5692	14330	0	0	0	5408	0	0	0	0	0	1454	2970	5334	0	0	0	140	0	0	0	0	0	2958	116	662	0	816	2382	3526	132	4808	0	996	0	0	0	846	0	318	0	376	0	426	0	490	0	0	0	1234	0	16334	0	604	0	756	0	726	0	150	240	3004	770	7118	1676	950	366	5656	288	766	1698	6132	0	228	0	462	0	0	0	1578	0	0	0	3532	0	0	0	0	0	0	0	0	0	0	0	0	0	0	0	0	0	0	0	0	0	0	0	0	0	0	
796444	Frontal_Sup_L	8852	3696	0	8154	6674	0	54974	5024	1234	0	3612	928	18470	278	5102	0	228	352	89556	17756	262	0	31156	150	1014	0	0	0	30078	1226	8162	2566	4344	1766	2576	3106	4018	2268	574	566	0	0	0	0	0	0	362	258	0	0	150	0	0	0	100	104	1692	134	0	0	264	0	278	0	0	0	666	398	1714	570	8554	5734	24068	4182	5188	300	22130	1972	0	0	0	0	200	0	0	0	0	0	98	94	0	0	0	0	0	0	0	0	0	0	0	0	0	0	0	0	0	0	0	96	194	0	0	0	0	0	
699156	Frontal_Sup_R	780	9230	8154	0	0	6566	3884	49254	0	1746	0	8486	0	13640	0	9542	0	3492	9516	53310	686	1614	8284	26960	0	2072	260	1466	486	13384	2512	20098	2144	22404	314	1056	0	4002	0	1766	0	208	0	0	0	0	0	186	0	0	0	0	0	0	0	602	128	268	0	0	0	0	0	0	0	0	0	230	196	370	1318	18536	172	20228	0	546	996	18166	0	98	0	0	0	0	0	0	0	0	0	0	0	0	0	0	0	0	0	126	0	0	0	0	0	0	0	0	0	0	0	96	0	0	0	0	0	0	
94500	Frontal_Sup_Orb_L	0	0	6674	0	0	0	394	0	6968	0	0	0	356	0	7510	0	0	0	246	0	2254	114	3896	0	2254	0	3048	0	3474	0	3374	0	0	0	0	0	0	0	0	0	0	0	0	0	0	0	0	0	0	0	0	0	0	0	0	0	0	0	0	0	0	0	0	0	0	0	0	0	0	0	990	0	5608	0	0	0	0	0	0	0	0	0	90	0	0	0	0	0	0	0	0	0	0	0	0	0	0	0	0	0	0	0	0	0	0	0	0	0	0	0	0	0	0	0	0	0	
89188	Frontal_Sup_Orb_R	0	0	0	6566	0	0	0	1702	0	5256	0	0	0	370	0	5626	0	0	0	0	696	2418	0	298	0	5898	298	7762	0	1422	454	734	0	0	0	0	0	0	0	0	0	0	0	0	0	0	0	0	0	0	0	0	0	0	0	0	0	0	0	0	0	0	0	0	0	0	0	0	0	0	514	2450	120	2010	0	0	0	0	0	0	0	0	0	0	0	0	0	0	0	0	0	0	0	0	0	0	0	0	0	0	0	0	0	0	0	0	0	0	0	0	0	0	0	0	0	0	
532168	Frontal_Mid_L	27946	5692	54974	3884	394	0	0	2628	540	0	8996	1036	26466	96	5758	0	2542	170	8938	4210	0	0	7512	0	0	0	0	0	37242	508	1578	280	1380	0	2778	968	6912	106	788	0	0	0	0	0	0	0	0	0	114	0	302	0	0	0	1726	0	1474	464	0	0	374	0	0	0	0	0	1138	160	414	226	6294	970	26922	896	4090	264	1874	168	908	0	816	0	448	0	272	0	0	0	1332	0	0	0	0	0	0	0	0	0	116	0	0	0	0	0	0	0	0	0	0	0	0	0	0	0	0	0	
351232	Frontal_Mid_R	1104	14330	5024	49254	0	1702	2628	0	0	2040	0	8104	0	10898	0	4262	0	4714	5046	7124	0	0	2954	7688	0	0	0	0	0	8584	334	1550	350	4904	138	792	0	3426	0	1016	0	0	0	0	0	0	0	100	0	0	0	0	0	0	0	356	144	788	0	0	0	0	0	0	0	0	0	0	98	0	870	3156	0	10274	0	716	788	9784	0	262	0	112	0	0	0	0	0	0	0	202	0	0	0	0	0	0	0	0	0	0	0	0	0	0	0	0	0	0	0	0	0	0	0	0	0	0	
33416	Frontal_Mid_Orb_L	0	0	1234	0	6968	0	540	0	0	0	0	0	188	0	6536	0	0	0	0	0	0	0	0	0	0	0	548	0	0	0	126	0	0	0	0	0	0	0	0	0	0	0	0	0	0	0	0	0	0	0	0	0	0	0	0	0	0	0	0	0	0	0	0	0	0	0	0	0	0	0	0	0	568	0	0	0	0	0	0	0	0	0	0	0	0	0	0	0	0	0	0	0	0	0	0	0	0	0	0	0	0	0	0	0	0	0	0	0	0	0	0	0	0	0	0	0	
25464	Frontal_Mid_Orb_R	0	0	0	1746	0	5256	0	2040	0	0	0	0	0	246	0	3242	0	0	0	0	0	0	0	0	0	0	0	0	0	202	0	0	0	0	0	0	0	0	0	0	0	0	0	0	0	0	0	0	0	0	0	0	0	0	0	0	0	0	0	0	0	0	0	0	0	0	0	0	0	0	0	0	0	0	0	0	0	0	0	0	0	0	0	0	0	0	0	0	0	0	0	0	0	0	0	0	0	0	0	0	0	0	0	0	0	0	0	0	0	0	0	0	0	0	0	0	
123512	Frontal_Inf_Oper_L	11908	0	3612	0	0	0	8996	0	0	0	0	0	7768	0	0	0	6902	0	1748	0	0	0	130	0	0	0	0	0	10160	0	234	118	0	0	0	0	568	0	0	0	0	0	0	0	0	0	0	0	0	0	0	0	0	0	494	0	1774	0	0	0	788	0	0	0	0	0	0	0	0	0	370	344	592	0	0	0	0	0	1830	0	2256	0	604	0	0	0	0	0	560	0	0	0	0	0	0	0	0	0	0	0	0	0	0	0	0	0	0	0	0	0	0	0	0	0	0	0	
149432	Frontal_Inf_Oper_R	286	5408	928	8486	0	0	1036	8104	0	0	0	0	0	8888	0	0	0	4772	616	5344	0	0	448	1200	0	0	0	0	0	9568	0	1096	0	1600	0	0	0	1580	0	1112	0	0	0	0	0	0	0	0	0	0	0	0	0	0	0	574	0	582	0	0	0	0	0	0	0	0	0	0	0	0	494	426	0	9302	0	964	90	1242	0	176	0	126	0	138	0	0	0	0	0	0	0	0	0	0	0	0	0	130	0	0	0	0	0	0	0	0	0	0	0	0	0	0	0	0	0	0	
216584	Frontal_Inf_Tri_L	3412	0	18470	0	356	0	26466	0	188	0	7768	0	0	0	5540	0	566	0	4364	0	0	0	4140	0	0	0	0	0	31782	0	1564	106	314	0	0	0	0	0	0	0	0	0	0	0	0	0	0	0	0	0	0	0	0	0	0	0	202	0	0	0	0	0	0	0	0	0	0	0	0	0	360	340	1128	0	0	0	0	0	764	0	90	0	372	0	0	0	0	0	0	0	0	0	0	0	0	0	0	0	0	0	0	0	0	0	0	0	0	0	0	0	0	0	0	0	0	0	
136796	Frontal_Inf_Tri_R	0	0	278	13640	0	370	96	10898	0	246	0	8888	0	0	0	6540	0	246	362	4184	0	0	554	2222	0	0	0	0	0	12214	98	3592	0	1876	0	0	0	0	0	0	0	0	0	0	0	0	0	0	0	0	0	0	0	0	0	0	0	0	0	0	0	0	0	0	0	0	0	0	0	0	216	1066	0	812	0	0	0	0	0	0	0	0	0	0	0	0	0	0	0	0	0	0	0	0	0	0	0	0	0	0	0	0	0	0	0	0	0	0	0	0	0	0	0	0	0	0	
88100	Frontal_Inf_Orb_L	0	0	5102	0	7510	0	5758	0	6536	0	0	0	5540	0	0	0	0	0	216	0	1226	288	0	0	402	0	968	90	5014	0	610	0	0	0	0	0	0	0	0	0	0	0	0	0	0	0	0	0	0	0	0	0	0	0	0	0	0	0	0	0	0	0	0	0	0	0	0	0	0	0	908	94	2892	0	0	0	0	0	0	0	0	0	896	0	0	0	0	0	0	0	0	0	0	0	0	0	0	0	0	0	0	0	0	0	0	0	0	0	0	0	0	0	0	0	0	0	
97084	Frontal_Inf_Orb_R	0	0	0	9542	0	5626	0	4262	0	3242	0	0	0	6540	0	0	0	94	0	164	90	1086	0	286	0	0	0	1304	0	7222	0	752	0	0	0	0	0	0	0	174	0	156	0	0	0	0	0	0	0	0	0	0	0	0	0	268	0	0	0	0	0	0	0	0	0	0	0	0	0	0	118	1872	0	2150	0	0	0	0	0	178	0	1264	0	1980	0	172	0	0	0	0	0	0	0	0	0	0	0	0	0	0	0	0	0	0	0	0	0	0	0	0	0	0	0	0	0	0	
124700	Rolandic_Oper_L	5724	0	228	0	0	0	2542	0	0	0	6902	0	566	0	0	0	0	0	112	0	0	0	0	0	0	0	0	0	13028	0	0	0	0	0	0	0	2680	0	108	0	0	0	0	0	0	0	0	0	150	0	1586	0	592	0	2576	0	5520	0	1188	0	650	0	1024	0	274	0	400	0	0	0	0	0	1050	0	0	0	0	0	1744	0	6114	0	574	0	2660	0	0	0	4268	0	90	0	0	0	0	0	0	0	0	0	0	0	0	0	0	0	0	0	0	0	0	0	0	0	0	0	
119764	Rolandic_Oper_R	186	1454	352	3492	0	0	170	4714	0	0	0	4772	0	246	0	94	0	0	408	1110	0	0	0	0	0	0	0	0	0	16834	0	0	0	0	0	252	0	2208	0	1202	0	0	0	140	0	0	0	0	0	0	0	0	0	0	0	538	0	6692	0	0	0	0	0	2162	0	0	0	144	0	272	0	0	0	4956	0	0	152	1238	0	2608	0	2480	0	304	0	284	0	0	0	248	0	0	0	0	0	0	0	170	0	0	0	0	0	0	0	0	0	0	0	0	0	0	0	0	0	0	
569956	Supp_Motor_Area_L	4916	2970	89556	9516	246	0	8938	5046	0	0	1748	616	4364	362	216	0	112	408	0	29448	0	0	5680	316	0	0	0	0	9146	1758	4044	3470	10952	9620	6196	3312	2780	2404	222	644	0	0	0	0	0	0	332	248	0	0	0	0	0	0	0	136	1310	102	0	0	214	0	224	0	0	0	834	438	7904	836	6058	4896	9800	4052	3516	184	22754	1954	0	0	0	0	0	0	0	0	0	0	0	0	0	0	0	0	0	0	0	0	0	0	0	0	0	0	0	0	0	0	0	0	180	0	0	0	0	0	
572136	Supp_Motor_Area_R	682	5334	17756	53310	0	0	4210	7124	0	0	0	5344	0	4184	0	164	0	1110	29448	0	0	0	732	8988	0	0	0	0	324	5652	2248	10382	5830	36184	5240	9410	0	2988	0	1530	0	290	0	662	0	264	0	286	0	0	0	190	0	92	0	670	0	1812	0	0	0	0	0	0	0	0	302	6424	696	9292	692	19038	212	10122	122	180	632	15068	0	0	0	0	0	0	0	228	0	0	0	384	0	0	0	0	0	0	0	236	0	0	0	0	0	0	0	0	0	0	0	0	0	0	0	0	0	0	
67744	Olfactory_L	0	0	262	686	2254	696	0	0	0	0	0	0	0	0	1226	90	0	0	0	0	0	4468	0	0	1376	516	2596	444	2978	222	3614	1238	0	0	0	0	200	0	512	0	880	0	0	0	0	0	0	0	0	0	0	0	0	0	392	0	0	0	0	0	0	0	0	0	0	0	0	0	0	0	4534	2730	1694	144	0	0	0	0	0	0	0	0	120	0	0	0	0	0	0	0	0	0	0	0	0	0	0	0	0	0	0	0	0	0	0	0	0	0	0	0	0	0	0	0	0	0	
83388	Olfactory_R	0	0	0	1614	114	2418	0	0	0	0	0	0	0	0	288	1086	0	0	0	0	4468	0	0	0	302	2568	1050	4174	0	2072	3244	4390	0	0	0	0	0	0	0	106	0	178	0	0	0	0	0	0	0	0	0	0	0	0	0	0	0	0	0	0	0	0	0	0	0	0	0	0	0	0	5292	5570	2192	568	0	0	0	0	0	0	0	0	0	0	0	0	0	0	0	0	0	0	0	0	0	0	0	0	0	0	0	0	0	0	0	0	0	0	0	0	0	0	0	0	0	0	
239724	Frontal_Sup_Medial_L	0	0	31156	8284	3896	0	7512	2954	0	0	130	448	4140	554	0	0	0	0	5680	732	0	0	0	14550	1108	96	0	0	4946	182	8110	9302	3838	8970	0	0	0	0	0	0	0	0	0	0	0	0	0	0	0	0	0	0	0	0	0	0	0	0	0	0	0	0	0	0	0	0	0	0	0	0	574	274	2292	134	0	0	0	0	0	0	0	0	0	0	0	0	0	0	0	0	0	0	0	0	0	0	0	0	0	0	0	0	0	0	0	0	0	0	0	0	0	0	0	0	0	0	
221120	Frontal_Sup_Medial_R	0	140	150	26960	0	298	0	7688	0	0	0	1200	0	2222	0	286	0	0	316	8988	0	0	14550	0	0	1796	0	0	0	2114	1946	17954	0	14824	0	0	0	0	0	0	0	0	0	0	0	0	0	0	0	0	0	0	0	0	0	0	0	0	0	0	0	0	0	0	0	0	0	0	0	0	174	4626	0	4328	0	0	0	0	0	0	0	0	0	0	0	0	0	0	0	0	0	0	0	0	0	0	0	0	0	0	0	0	0	0	0	0	0	0	0	0	0	0	0	0	0	0	
30984	Frontal_Med_Orb_L	0	0	1014	0	2254	0	0	0	0	0	0	0	0	0	402	0	0	0	0	0	1376	302	1108	0	0	662	1762	102	172	0	3770	504	0	0	0	0	0	0	0	0	0	0	0	0	0	0	0	0	0	0	0	0	0	0	0	0	0	0	0	0	0	0	0	0	0	0	0	0	0	0	1396	236	432	0	0	0	0	0	0	0	0	0	0	0	0	0	0	0	0	0	0	0	0	0	0	0	0	0	0	0	0	0	0	0	0	0	0	0	0	0	0	0	0	0	0	0	
60892	Frontal_Med_Orb_R	0	0	0	2072	0	5898	0	0	0	0	0	0	0	0	0	0	0	0	0	0	516	2568	96	1796	662	0	648	7842	0	0	1034	3622	0	0	0	0	0	0	0	0	0	0	0	0	0	0	0	0	0	0	0	0	0	0	0	0	0	0	0	0	0	0	0	0	0	0	0	0	0	0	310	2246	0	1136	0	0	0	0	0	0	0	0	0	0	0	0	0	0	0	0	0	0	0	0	0	0	0	0	0	0	0	0	0	0	0	0	0	0	0	0	0	0	0	0	0	0	
36692	Rectus_L	0	0	0	260	3048	298	0	0	548	0	0	0	0	0	968	0	0	0	0	0	2596	1050	0	0	1762	648	0	452	562	0	2746	918	0	0	0	0	0	0	0	0	0	0	0	0	0	0	0	0	0	0	0	0	0	0	0	0	0	0	0	0	0	0	0	0	0	0	0	0	0	0	1514	538	438	0	0	0	0	0	0	0	0	0	0	0	0	0	0	0	0	0	0	0	0	0	0	0	0	0	0	0	0	0	0	0	0	0	0	0	0	0	0	0	0	0	0	0	
61468	Rectus_R	0	0	0	1466	0	7762	0	0	0	0	0	0	0	0	90	1304	0	0	0	0	444	4174	0	0	102	7842	452	0	0	922	378	3154	0	0	0	0	0	0	0	0	0	0	0	0	0	0	0	0	0	0	0	0	0	0	0	0	0	0	0	0	0	0	0	0	0	0	0	0	0	0	332	1550	0	762	0	0	0	0	0	0	0	0	0	0	0	0	0	0	0	0	0	0	0	0	0	0	0	0	0	0	0	0	0	0	0	0	0	0	0	0	0	0	0	0	0	0	
504556	Insula_L	15540	0	30078	486	3474	0	37242	0	0	0	10160	0	31782	0	5014	0	13028	0	9146	324	2978	0	4946	0	172	0	562	0	0	112	2918	610	288	0	436	302	13912	0	1332	0	2320	0	114	0	0	0	0	0	0	0	924	0	802	0	8376	0	2922	0	276	0	554	0	582	0	100	0	214	0	0	0	1914	1634	18098	214	0	0	592	0	6296	0	7340	0	2698	0	2848	0	0	0	7998	0	150	0	0	0	0	0	0	0	374	0	0	0	0	0	0	0	0	0	0	0	96	0	0	0	0	0	
314284	Insula_R	324	2958	1226	13384	0	1422	508	8584	0	202	0	9568	0	12214	0	7222	0	16834	1758	5652	222	2072	182	2114	0	0	0	922	112	0	144	4420	0	2184	0	454	0	7142	0	4198	0	1582	0	274	0	0	0	448	0	0	0	0	0	0	0	2674	0	3274	0	0	0	0	0	348	0	0	0	614	0	104	436	1824	0	22994	0	162	308	3456	0	4038	0	3620	0	512	0	1090	0	0	0	2784	0	0	0	0	0	0	0	432	0	0	0	0	0	0	0	0	0	0	0	146	0	0	0	0	0	0	
158736	Cingulum_Ant_L	0	116	8162	2512	3374	454	1578	334	126	0	234	0	1564	98	610	0	0	0	4044	2248	3614	3244	8110	1946	3770	1034	2746	378	2918	144	0	7618	2216	1648	0	0	0	0	0	0	0	0	0	0	0	0	0	0	0	0	0	0	0	0	0	0	0	0	0	0	0	0	0	0	0	0	0	0	0	0	5270	3516	4962	780	0	0	0	0	0	0	0	0	0	0	0	0	0	0	0	0	0	0	0	0	0	0	0	0	0	0	0	0	0	0	0	0	0	0	0	0	0	0	0	0	0	0	
298596	Cingulum_Ant_R	0	662	2566	20098	0	734	280	1550	0	0	118	1096	106	3592	0	752	0	0	3470	10382	1238	4390	9302	17954	504	3622	918	3154	610	4420	7618	0	1024	15644	0	0	0	0	0	0	0	0	0	0	0	0	0	0	0	0	0	0	0	0	0	0	0	0	0	0	0	0	0	0	0	0	0	0	0	0	3114	19340	546	9072	0	0	654	768	0	0	0	0	0	0	0	0	0	0	0	0	0	0	0	0	0	0	0	0	0	0	0	0	0	0	0	0	0	0	0	0	0	0	0	0	0	0	
170864	Cingulum_Mid_L	3934	0	4344	2144	0	0	1380	350	0	0	0	0	314	0	0	0	0	0	10952	5830	0	0	3838	0	0	0	0	0	288	0	2216	1024	0	8534	9930	938	0	0	0	0	0	0	1360	192	3088	136	94	0	1388	108	2488	138	366	0	0	0	186	0	810	0	172	0	0	0	0	0	7708	990	9526	230	0	0	0	102	0	0	0	0	0	0	0	0	0	0	334	0	0	0	0	0	0	0	0	0	0	0	0	0	0	0	0	0	0	0	0	0	0	0	0	0	0	0	0	0	0	0	
374784	Cingulum_Mid_R	0	816	1766	22404	0	0	0	4904	0	0	0	1600	0	1876	0	0	0	0	9620	36184	0	0	8970	14824	0	0	0	0	0	2184	1648	15644	8534	0	4048	8584	0	232	0	126	0	0	0	3436	0	1780	0	1152	0	1142	0	2004	0	492	0	0	0	4678	0	474	0	114	0	0	0	368	1596	13022	658	10222	0	206	0	314	0	0	0	102	0	0	0	0	0	0	0	1016	0	0	0	652	0	0	0	0	0	0	0	0	0	0	0	0	0	0	0	0	0	0	0	0	0	0	0	0	0	0	
226280	Cingulum_Post_L	6592	2382	2576	314	0	0	2778	138	0	0	0	0	0	0	0	0	0	0	6196	5240	0	0	0	0	0	0	0	0	436	0	0	0	9930	4048	0	13098	6400	1348	2316	480	0	0	4394	350	2572	490	2108	330	686	94	966	0	92	0	584	0	210	310	138	0	110	0	0	0	0	0	11574	8102	7724	3232	168	0	360	0	212	0	2394	128	356	0	194	0	0	0	176	0	0	0	128	0	0	0	0	0	0	0	0	0	0	0	0	0	0	0	0	0	0	0	0	0	686	0	0	0	0	0	
211108	Cingulum_Post_R	422	3526	3106	1056	0	0	968	792	0	0	0	0	0	0	0	0	0	252	3312	9410	0	0	0	0	0	0	0	0	302	454	0	0	938	8584	13098	0	2564	7434	216	1904	0	0	0	1570	0	318	0	4658	0	174	0	314	0	0	0	414	0	1508	0	0	0	0	0	0	0	0	1494	16290	200	6246	512	122	220	0	120	0	6092	2778	170	106	0	108	0	0	0	422	0	0	0	1376	0	0	0	0	0	0	0	200	0	0	0	0	0	0	0	0	0	0	0	0	1804	0	0	0	0	0	
295636	Hippocampus_L	4314	132	4018	0	0	0	6912	0	0	0	568	0	0	0	0	0	2680	0	2780	0	200	0	0	0	0	0	0	0	13912	0	0	0	0	0	6400	2564	0	1414	17470	406	9690	0	3276	0	0	0	5636	420	0	0	278	0	164	0	20546	0	0	0	0	0	0	0	0	0	0	0	4788	396	0	0	0	0	10488	0	734	0	4236	110	2164	0	4588	0	406	0	1836	0	0	0	9894	0	778	0	236	0	160	0	1006	0	1308	0	0	0	0	0	0	0	0	0	0	228	580	102	0	0	0	0	
450208	Hippocampus_R	0	4808	2268	4002	0	0	106	3426	0	0	0	1580	0	0	0	0	0	2208	2404	2988	0	0	0	0	0	0	0	0	0	7142	0	0	0	232	1348	7434	1414	0	200	40678	0	14262	0	3880	0	0	0	10608	0	0	0	102	0	110	0	32498	0	656	0	0	0	0	0	126	0	0	0	11892	0	886	124	246	0	15906	0	642	3848	8134	0	2988	0	4658	0	1106	0	6686	0	0	0	19586	0	0	0	0	0	0	0	2804	0	0	0	0	0	0	0	0	0	0	0	256	862	0	0	0	0	0	
113248	ParaHippocampal_L	304	0	574	0	0	0	788	0	0	0	0	0	0	0	0	0	108	0	222	0	512	0	0	0	0	0	0	0	1332	0	0	0	0	0	2316	216	17470	200	0	0	3542	0	2118	0	0	0	4558	246	0	0	226	0	192	0	9478	0	0	0	0	0	0	0	0	0	0	0	2714	0	0	0	0	0	2408	0	278	0	554	0	0	0	298	0	544	0	156	0	232	0	584	0	622	0	236	0	552	0	1338	0	1192	0	0	0	0	0	0	0	0	0	0	412	0	102	0	0	0	0	
298952	ParaHippocampal_R	0	996	566	1766	0	0	0	1016	0	0	0	1112	0	0	0	174	0	1202	644	1530	0	106	0	0	0	0	0	0	0	4198	0	0	0	126	480	1904	406	40678	0	0	0	8246	0	3122	0	0	0	8930	0	0	0	0	0	104	0	24522	0	198	0	0	0	0	0	0	0	0	0	8638	0	312	0	144	0	10800	0	428	634	3062	0	1372	0	2222	0	568	0	4254	0	220	0	9888	0	300	0	0	0	0	0	3676	0	378	0	0	0	0	0	0	0	0	0	164	390	0	0	0	0	0	
50624	Amygdala_L	0	0	0	0	0	0	0	0	0	0	0	0	0	0	0	0	0	0	0	0	880	0	0	0	0	0	0	0	2320	0	0	0	0	0	0	0	9690	0	3542	0	0	0	0	0	0	0	0	0	0	0	0	0	0	0	5262	0	0	0	0	0	0	0	0	0	0	0	0	0	0	0	0	0	794	0	0	0	0	0	0	0	0	0	740	0	104	0	0	0	1980	0	0	0	0	0	0	0	0	0	0	0	0	0	0	0	0	0	0	0	0	0	0	0	0	0	0	0	
82196	Amygdala_R	0	0	0	208	0	0	0	0	0	0	0	0	0	0	0	156	0	0	0	290	0	178	0	0	0	0	0	0	0	1582	0	0	0	0	0	0	0	14262	0	8246	0	0	0	0	0	0	0	0	0	0	0	0	0	0	0	8484	0	0	0	0	0	0	0	0	0	0	0	0	0	0	0	240	0	3468	0	0	0	0	0	0	0	0	0	1932	0	464	0	0	0	1588	0	0	0	0	0	0	0	0	0	0	0	0	0	0	0	0	0	0	0	0	0	0	0	0	0	0	
325880	Calcarine_L	446	0	0	0	0	0	0	0	0	0	0	0	0	0	0	0	0	0	0	0	0	0	0	0	0	0	0	0	114	0	0	0	1360	0	4394	0	3276	0	2118	0	0	0	0	9094	19220	4986	18642	6056	13030	2744	32320	1750	9746	570	3262	304	346	0	140	0	214	0	180	0	128	0	17268	870	2408	0	0	0	0	0	0	0	0	0	180	0	140	0	0	0	4226	0	0	0	3232	0	0	0	0	0	0	0	0	0	176	0	0	0	0	0	0	0	0	0	0	0	0	0	0	0	0	0	
501552	Calcarine_R	0	846	0	0	0	0	0	0	0	0	0	0	0	0	0	0	0	140	0	662	0	0	0	0	0	0	0	0	0	274	0	0	192	3436	350	1570	0	3880	0	3122	0	0	9094	0	7376	32404	2462	24110	174	22104	166	26496	0	14226	0	5364	0	2848	0	2588	0	628	0	684	0	804	3884	44624	92	2244	0	0	0	0	0	0	0	126	0	360	0	666	0	0	0	17084	0	0	0	15696	0	0	0	0	0	0	0	0	0	0	0	0	0	0	0	0	0	0	0	0	0	0	0	0	0	0	
230220	Cuneus_L	666	0	0	0	0	0	0	0	0	0	0	0	0	0	0	0	0	0	0	0	0	0	0	0	0	0	0	0	0	0	0	0	3088	0	2572	0	0	0	0	0	0	0	19220	7376	0	8306	3844	516	21966	1980	16598	556	1746	0	250	0	198	0	984	0	0	0	106	0	0	0	17448	2062	3380	0	0	0	0	0	0	0	0	0	0	0	0	0	0	0	1532	126	0	0	484	106	0	0	0	0	0	0	0	0	0	0	0	0	0	0	0	0	0	0	0	0	0	0	0	0	0	0	
353616	Cuneus_R	0	318	0	0	0	0	0	0	0	0	0	0	0	0	0	0	0	0	0	264	0	0	0	0	0	0	0	0	0	0	0	0	136	1780	490	318	0	0	0	0	0	0	4986	32404	8306	0	798	3770	178	42910	146	19746	0	2268	0	550	0	1428	0	7654	0	198	0	184	0	498	8036	32510	0	1014	0	0	0	0	0	0	0	0	0	0	0	0	0	0	0	3656	0	0	0	2262	0	0	0	0	0	0	0	0	0	0	0	0	0	0	0	0	0	0	0	0	0	0	0	0	0	0	
377408	Lingual_L	0	0	362	0	0	0	0	0	0	0	0	0	0	0	0	0	0	0	332	0	0	0	0	0	0	0	0	0	0	0	0	0	94	0	2108	0	5636	0	4558	0	0	0	18642	2462	3844	798	0	5098	7210	468	24438	652	13960	996	23178	3392	0	0	0	0	0	0	0	0	0	0	4208	194	0	0	0	0	0	0	0	0	510	0	0	0	0	0	0	0	422	0	0	0	622	0	11000	2442	832	1010	204	0	11594	1186	19660	4374	0	0	0	0	0	0	0	0	0	206	5258	5022	1732	0	0	0	
424544	Lingual_R	0	376	258	186	0	0	0	100	0	0	0	0	0	0	0	0	0	0	248	286	0	0	0	0	0	0	0	0	0	448	0	0	0	1152	330	4658	420	10608	246	8930	0	0	6056	24110	516	3770	5098	0	0	4776	164	7330	826	11460	2000	27218	0	346	0	204	0	0	0	0	0	0	494	20820	0	1160	0	0	94	118	0	0	396	1378	0	612	0	1014	0	0	0	3946	0	0	0	10666	2158	4782	1366	582	0	0	1498	5646	5750	11622	0	0	0	0	0	0	0	0	0	112	5766	8526	1646	0	0	0	
220744	Occipital_Sup_L	254	0	0	0	0	0	114	0	0	0	0	0	0	0	0	0	150	0	0	0	0	0	0	0	0	0	0	0	0	0	0	0	1388	0	686	0	0	0	0	0	0	0	13030	174	21966	178	7210	0	0	160	34036	0	1150	0	186	0	438	0	7518	0	1036	0	0	0	650	0	17050	978	678	0	0	0	0	0	0	0	0	0	0	0	156	0	0	0	842	0	0	0	344	0	0	0	0	0	0	0	0	0	0	0	0	0	0	0	0	0	0	0	0	0	0	0	0	0	0	0	
369236	Occipital_Sup_R	0	426	0	0	0	0	0	0	0	0	0	0	0	0	0	0	0	0	0	0	0	0	0	0	0	0	0	0	0	0	0	0	108	1142	94	174	0	0	0	0	0	0	2744	22104	1980	42910	468	4776	160	0	128	38098	0	1970	0	906	0	1866	0	13096	0	1534	0	1066	0	6614	7518	27592	0	862	0	0	0	0	0	0	0	0	0	0	0	216	0	0	0	3552	0	0	0	2514	0	0	0	0	0	0	0	0	0	0	0	0	0	0	0	0	0	0	0	0	0	0	0	0	0	0	
597432	Occipital_Mid_L	3610	0	150	0	0	0	302	0	0	0	0	0	0	0	0	0	1586	0	0	0	0	0	0	0	0	0	0	0	924	0	0	0	2488	0	966	0	278	0	226	0	0	0	32320	166	16598	146	24438	164	34036	128	0	0	31628	0	8396	112	8528	0	15634	0	20980	0	2134	0	22858	0	19124	820	7626	0	0	0	0	0	0	0	0	0	136	0	2534	0	0	0	27434	0	0	0	9382	0	142	0	0	0	0	0	180	0	1882	208	0	0	0	0	0	0	0	0	0	0	170	282	0	0	0	0	
396972	Occipital_Mid_R	0	490	0	0	0	0	0	0	0	0	0	0	0	0	0	0	0	0	0	190	0	0	0	0	0	0	0	0	0	0	0	0	138	2004	0	314	0	102	0	0	0	0	1750	26496	556	19746	652	7330	0	38098	0	0	0	11308	0	2400	0	2284	0	6776	0	3894	0	2128	0	18542	3286	21074	0	1160	0	0	0	0	0	0	0	0	0	0	0	592	0	0	0	18648	0	0	0	8528	0	0	0	0	0	0	0	0	0	0	0	0	0	0	0	0	0	0	0	0	0	0	0	0	0	0	
252456	Occipital_Inf_L	3492	0	0	0	0	0	0	0	0	0	0	0	0	0	0	0	592	0	0	0	0	0	0	0	0	0	0	0	802	0	0	0	366	0	92	0	164	0	192	0	0	0	9746	0	1746	0	13960	826	1150	0	31628	0	0	268	17448	812	584	0	164	0	216	0	840	0	630	0	4578	0	1008	0	0	0	0	0	0	0	0	0	574	0	1370	0	0	0	10550	0	0	0	14156	0	426	246	0	92	0	0	490	0	3938	950	0	0	0	0	0	0	0	0	0	0	790	1178	164	0	0	0	
185436	Occipital_Inf_R	0	0	0	0	0	0	0	0	0	0	0	0	0	0	0	0	0	0	0	92	0	0	0	0	0	0	0	0	0	0	0	0	0	492	0	0	0	110	0	104	0	0	570	14226	0	2268	996	11460	0	1970	0	11308	268	0	518	10696	0	184	0	0	0	0	0	0	0	0	298	7446	0	194	0	0	0	0	0	0	0	0	0	0	0	0	0	0	0	7836	0	0	0	11982	552	542	428	124	0	0	326	646	1348	2734	0	0	0	0	0	0	0	0	0	0	892	1852	256	0	0	0	
511944	Fusiform_L	3544	0	100	0	0	0	1726	0	0	0	494	0	0	0	0	0	2576	0	0	0	392	0	0	0	0	0	0	0	8376	0	0	0	0	0	584	0	20546	0	9478	0	5262	0	3262	0	250	0	23178	2000	186	0	8396	0	17448	518	0	2414	270	0	0	0	0	0	0	0	0	0	1264	0	366	0	0	0	3650	0	0	0	144	0	980	0	4456	0	1724	0	3160	0	722	0	24228	0	25816	2412	1864	840	882	0	17426	930	37182	4160	210	0	418	0	102	188	0	0	0	194	5426	4722	1384	0	122	0	
572396	Fusiform_R	0	1234	104	602	0	0	0	356	0	0	0	574	0	0	0	268	0	538	136	670	0	0	0	0	0	0	0	0	0	2674	0	0	0	0	0	414	0	32498	0	24522	0	8484	304	5364	0	550	3392	27218	0	906	112	2400	812	10696	2414	0	0	180	0	0	0	0	0	0	0	0	0	7944	0	310	0	0	0	5738	0	196	0	1252	0	1436	0	2062	0	6382	0	5414	0	1998	0	24278	2604	22792	1398	2470	98	1740	2086	15110	6332	27408	0	250	0	1716	0	132	0	0	0	592	6652	8522	1648	0	106	110	
211960	Postcentral_L	21608	0	1692	128	0	0	1474	144	0	0	1774	0	202	0	0	0	5520	0	1310	0	0	0	0	0	0	0	0	0	2922	0	0	0	186	0	210	0	0	0	0	0	0	0	346	0	198	0	0	0	438	0	8528	0	584	0	270	0	0	0	10364	0	18674	0	9474	0	2406	0	3028	0	7712	0	284	0	0	0	0	0	130	0	690	0	2672	0	0	0	1614	0	0	0	1398	0	0	0	0	0	0	0	0	0	0	0	0	0	0	0	0	0	0	0	0	0	0	0	0	0	0	0	
205468	Postcentral_R	522	16334	134	268	0	0	464	788	0	0	0	582	0	0	0	0	0	6692	102	1812	0	0	0	0	0	0	0	0	0	3274	0	0	0	4678	310	1508	0	656	0	198	0	0	0	2848	0	1428	0	346	0	1866	0	2284	0	184	0	180	0	0	0	8450	0	6630	0	10270	0	1624	464	6466	0	10766	168	346	0	754	0	0	0	1060	0	258	0	644	0	0	0	3792	0	0	0	3488	0	0	0	0	0	0	0	0	0	0	0	0	0	0	0	0	0	0	0	96	0	0	0	0	0	0	
149232	Parietal_Sup_L	1000	0	0	0	0	0	0	0	0	0	0	0	0	0	0	0	1188	0	0	0	0	0	0	0	0	0	0	0	276	0	0	0	810	0	138	0	0	0	0	0	0	0	140	0	984	0	0	0	7518	0	15634	0	164	0	0	0	10364	0	0	0	10718	0	174	0	4552	0	11000	100	5280	0	0	0	0	0	0	0	0	0	0	0	1052	0	0	0	1938	0	0	0	1586	0	0	0	0	0	0	0	0	0	0	0	0	0	0	0	0	0	0	0	0	0	0	0	0	0	0	0	
149380	Parietal_Sup_R	0	604	0	0	0	0	0	0	0	0	0	0	0	0	0	0	0	0	0	0	0	0	0	0	0	0	0	0	0	0	0	0	0	474	0	0	0	0	0	0	0	0	0	2588	0	7654	0	204	0	13096	0	6776	0	0	0	0	0	8450	0	0	0	10802	0	1086	0	7294	3076	11156	0	874	0	0	0	0	0	0	0	0	0	0	0	0	0	0	0	280	0	0	0	276	0	0	0	0	0	0	0	0	0	0	0	0	0	0	0	0	0	0	0	0	0	0	0	0	0	0	
209108	Parietal_Inf_L	7182	0	264	0	0	0	374	0	0	0	788	0	0	0	0	0	650	0	214	0	0	0	0	0	0	0	0	0	554	0	0	0	172	0	110	0	0	0	0	0	0	0	214	0	0	0	0	0	1036	0	20980	0	216	0	0	0	18674	0	10718	0	0	0	10906	0	23030	0	808	0	3204	0	0	0	0	0	0	0	0	0	0	0	1252	0	0	0	2508	0	0	0	700	0	0	0	0	0	0	0	0	0	0	0	0	0	0	0	0	0	0	0	0	0	0	0	0	0	0	0	
78920	Parietal_Inf_R	0	756	0	0	0	0	0	0	0	0	0	0	0	0	0	0	0	0	0	0	0	0	0	0	0	0	0	0	0	0	0	0	0	114	0	0	0	0	0	0	0	0	0	628	0	198	0	0	0	1534	0	3894	0	0	0	0	0	6630	0	10802	0	0	0	5106	0	8622	0	676	0	0	0	0	0	0	0	0	0	0	0	0	0	0	0	0	0	250	0	0	0	250	0	0	0	0	0	0	0	0	0	0	0	0	0	0	0	0	0	0	0	0	0	0	0	0	0	0	
100260	SupraMarginal_L	1504	0	278	0	0	0	0	0	0	0	0	0	0	0	0	0	1024	0	224	0	0	0	0	0	0	0	0	0	582	0	0	0	0	0	0	0	0	0	0	0	0	0	180	0	106	0	0	0	0	0	2134	0	840	0	0	0	9474	0	174	0	10906	0	0	0	6852	0	100	0	0	0	0	0	0	0	0	0	0	0	0	0	8226	0	0	0	6868	0	0	0	658	0	0	0	0	0	0	0	0	0	0	0	0	0	0	0	0	0	0	0	0	0	0	0	0	0	0	0	
78696	SupraMarginal_R	0	726	0	0	0	0	0	0	0	0	0	0	0	0	0	0	0	2162	0	0	0	0	0	0	0	0	0	0	0	348	0	0	0	0	0	0	0	126	0	0	0	0	0	684	0	184	0	0	0	1066	0	2128	0	0	0	0	0	10270	0	1086	0	5106	0	0	0	3398	90	826	0	496	0	0	0	0	0	0	0	0	0	154	0	5514	0	0	0	3616	0	0	0	1368	0	0	0	0	0	0	0	0	0	0	0	0	0	0	0	0	0	0	0	0	0	0	0	0	0	0	
149860	Angular_L	838	0	0	0	0	0	0	0	0	0	0	0	0	0	0	0	274	0	0	0	0	0	0	0	0	0	0	0	100	0	0	0	0	0	0	0	0	0	0	0	0	0	128	0	0	0	0	0	650	0	22858	0	630	0	0	0	2406	0	4552	0	23030	0	6852	0	0	0	564	0	610	0	0	0	0	0	0	0	0	0	0	0	3082	0	0	0	7974	0	0	0	382	0	0	0	0	0	0	0	0	0	0	0	0	0	0	0	0	0	0	0	0	0	0	0	0	0	0	0	
120112	Angular_R	0	150	0	0	0	0	0	0	0	0	0	0	0	0	0	0	0	0	0	0	0	0	0	0	0	0	0	0	0	0	0	0	0	368	0	0	0	0	0	0	0	0	0	804	0	498	0	0	0	6614	0	18542	0	0	0	0	0	1624	0	7294	0	8622	0	3398	0	0	0	608	0	386	0	0	0	0	0	0	0	0	0	0	0	2496	0	0	0	7290	0	0	0	1362	0	0	0	0	0	0	0	0	0	0	0	0	0	0	0	0	0	0	0	0	0	0	0	0	0	0	
382308	Precuneus_L	3702	240	666	0	0	0	1138	0	0	0	0	0	0	0	0	0	400	0	834	302	0	0	0	0	0	0	0	0	214	0	0	0	7708	1596	11574	1494	4788	0	2714	0	0	0	17268	3884	17448	8036	4208	494	17050	7518	19124	3286	4578	298	1264	0	3028	464	11000	3076	808	0	100	90	564	0	0	15572	7256	388	0	0	0	0	0	0	0	0	282	0	756	0	0	0	2708	412	0	0	2428	280	0	0	0	0	0	0	0	0	0	0	0	0	0	0	0	0	0	0	0	0	116	0	0	0	0	0	
633156	Precuneus_R	0	3004	398	230	0	0	160	0	0	0	0	0	0	0	0	0	0	144	438	6424	0	0	0	0	0	0	0	0	0	614	0	0	990	13022	8102	16290	396	11892	0	8638	0	0	870	44624	2062	32510	194	20820	978	27592	820	21074	0	7446	0	7944	0	6466	100	11156	0	676	0	826	0	608	15572	0	252	8220	0	0	0	0	0	0	780	1342	0	750	0	1370	0	0	0	13210	0	0	0	15932	0	0	0	0	0	0	0	458	0	0	0	0	0	0	0	0	0	0	0	0	1184	0	0	0	0	0	
171344	Paracentral_Lobule_L	11570	770	1714	196	0	0	414	98	0	0	0	0	0	0	0	0	0	0	7904	696	0	0	0	0	0	0	0	0	0	0	0	0	9526	658	7724	200	0	0	0	0	0	0	2408	92	3380	0	0	0	678	0	7626	0	1008	0	366	0	7712	0	5280	0	3204	0	0	0	610	0	7256	252	0	274	0	0	0	0	0	0	0	0	0	0	0	0	0	0	2476	0	0	0	1580	0	0	0	0	0	0	0	0	0	0	0	0	0	0	0	0	0	0	0	0	0	0	0	0	0	0	0	
152952	Paracentral_Lobule_R	332	7118	570	370	0	0	226	0	0	0	0	0	0	0	0	0	0	272	836	9292	0	0	0	0	0	0	0	0	0	104	0	0	230	10222	3232	6246	0	886	0	312	0	0	0	2244	0	1014	0	1160	0	862	0	1160	0	194	0	310	0	10766	0	874	0	0	0	496	0	386	388	8220	274	0	130	524	236	0	198	0	190	564	0	0	0	588	0	0	0	2484	0	0	0	2966	0	0	0	0	0	0	0	0	0	0	0	0	0	0	0	0	0	0	0	0	0	0	0	0	0	0	
178028	Caudate_L	4110	1676	8554	1318	990	514	6294	870	0	0	370	494	360	216	908	118	0	0	6058	692	4534	5292	574	174	1396	310	1514	332	1914	436	5270	3114	0	0	168	512	0	124	0	0	0	0	0	0	0	0	0	0	0	0	0	0	0	0	0	0	284	168	0	0	0	0	0	0	0	0	0	0	0	130	0	9970	9914	1440	874	0	5970	1058	0	0	0	0	0	0	0	0	0	0	0	0	0	0	0	0	0	0	0	0	0	0	0	0	0	0	0	0	0	0	0	0	0	0	0	0	0	0	
318528	Caudate_R	156	950	5734	18536	0	2450	970	3156	0	0	344	426	340	1066	94	1872	0	0	4896	19038	2730	5570	274	4626	236	2246	538	1550	1634	1824	3516	19340	0	206	0	122	0	246	0	144	0	240	0	0	0	0	0	0	0	0	0	0	0	0	0	0	0	346	0	0	0	0	0	0	0	0	0	0	0	524	9970	0	3850	16330	0	1250	3064	18860	0	0	0	0	0	0	0	0	0	0	0	0	0	0	0	0	0	0	0	0	0	0	0	0	0	0	0	0	0	0	0	0	0	0	0	0	0	0	
318060	Putamen_L	8218	366	24068	172	5608	120	26922	0	568	0	592	0	1128	0	2892	0	1050	0	9800	212	1694	2192	2292	0	432	0	438	0	18098	0	4962	546	0	0	360	220	10488	0	2408	0	794	0	0	0	0	0	0	94	0	0	0	0	0	0	3650	0	0	0	0	0	0	0	0	0	0	0	0	0	0	236	9914	3850	0	754	6682	0	3446	0	0	0	624	0	1432	0	144	0	0	0	1428	0	0	0	0	0	0	0	0	0	136	0	0	0	0	0	0	0	0	0	0	0	0	0	0	0	0	0	
368200	Putamen_R	260	5656	4182	20228	0	2010	896	10274	0	0	0	9302	0	812	0	2150	0	4956	4052	10122	144	568	134	4328	0	1136	0	762	214	22994	780	9072	102	314	0	0	0	15906	0	10800	0	3468	0	0	0	0	0	118	0	0	0	0	0	0	0	5738	0	754	0	0	0	0	0	0	0	0	0	0	0	0	1440	16330	754	0	0	2484	154	7762	0	218	0	180	0	142	0	162	0	0	0	934	0	0	0	0	0	0	0	1128	0	0	0	0	0	0	0	0	0	0	0	180	0	0	0	0	0	0	
52236	Pallidum_L	2260	288	5188	0	0	0	4090	0	0	0	0	0	0	0	0	0	0	0	3516	122	0	0	0	0	0	0	0	0	0	0	0	0	0	0	212	120	734	0	278	0	0	0	0	0	0	0	0	0	0	0	0	0	0	0	0	0	0	0	0	0	0	0	0	0	0	0	0	0	0	198	874	0	6682	0	0	0	1556	0	0	0	0	0	0	0	0	0	0	0	0	0	0	0	0	0	0	0	0	0	0	0	0	0	0	0	0	0	0	0	0	0	0	0	0	0	0	0	
18560	Pallidum_R	98	766	300	546	0	0	264	716	0	0	0	964	0	0	0	0	0	0	184	180	0	0	0	0	0	0	0	0	0	162	0	0	0	0	0	0	0	642	0	428	0	0	0	0	0	0	0	0	0	0	0	0	0	0	0	196	0	0	0	0	0	0	0	0	0	0	0	0	0	0	0	1250	0	2484	0	0	0	100	0	0	0	0	0	0	0	0	0	0	0	0	0	0	0	0	0	0	0	0	0	0	0	0	0	0	0	0	0	0	0	0	0	0	0	0	0	0	
191100	Thalamus_L	676	1698	22130	996	0	0	1874	788	0	0	0	90	0	0	0	0	0	152	22754	632	0	0	0	0	0	0	0	0	592	308	0	654	0	0	2394	6092	4236	3848	554	634	0	0	0	0	0	0	510	396	0	0	0	0	0	0	144	0	130	0	0	0	0	0	0	0	0	0	0	780	0	190	5970	3064	3446	154	1556	0	0	7388	166	0	0	0	0	0	0	0	0	0	0	0	0	0	0	0	0	0	0	0	0	0	0	0	0	0	0	0	0	0	0	112	442	0	0	0	0	0	
240108	Thalamus_R	0	6132	1972	18166	0	0	168	9784	0	0	0	1242	0	0	0	0	0	1238	1954	15068	0	0	0	0	0	0	0	0	0	3456	0	768	0	102	128	2778	110	8134	0	3062	0	0	0	126	0	0	0	1378	0	0	0	0	0	0	0	1252	0	1060	0	0	0	0	0	0	0	0	0	1342	0	564	1058	18860	0	7762	0	100	7388	0	0	148	0	654	0	0	0	680	0	0	0	2632	0	0	0	0	0	0	0	0	0	0	0	0	0	0	0	0	0	0	0	672	116	0	0	0	0	0	
54536	Heschl_L	4170	0	0	0	0	0	908	0	0	0	1830	0	764	0	0	0	1744	0	0	0	0	0	0	0	0	0	0	0	6296	0	0	0	0	0	356	170	2164	0	0	0	0	0	180	0	0	0	0	0	0	0	136	0	574	0	980	0	690	0	0	0	0	0	0	0	0	0	282	0	0	0	0	0	0	0	0	0	166	0	0	0	1752	0	0	0	2702	0	0	0	1404	0	0	0	0	0	0	0	0	0	0	0	0	0	0	0	0	0	0	0	0	0	0	0	0	0	0	0	
55828	Heschl_R	0	228	0	98	0	0	0	262	0	0	0	176	0	0	0	178	0	2608	0	0	0	0	0	0	0	0	0	0	0	4038	0	0	0	0	0	106	0	2988	0	1372	0	0	0	360	0	0	0	612	0	0	0	0	0	0	0	1436	0	258	0	0	0	0	0	154	0	0	0	750	0	0	0	0	0	218	0	0	0	148	0	0	0	8734	0	252	0	1258	0	0	0	1680	0	0	0	0	0	0	0	0	0	0	0	0	0	0	0	0	0	0	0	0	0	0	0	0	0	0	
211236	Temporal_Sup_L	1604	0	0	0	0	0	816	0	0	0	2256	0	90	0	0	0	6114	0	0	0	0	0	0	0	0	0	0	0	7340	0	0	0	0	0	194	0	4588	0	298	0	0	0	140	0	0	0	0	0	156	0	2534	0	1370	0	4456	0	2672	0	1052	0	1252	0	8226	0	3082	0	756	0	0	0	0	0	624	0	0	0	0	0	1752	0	0	0	2248	0	31156	0	0	0	20620	0	222	0	0	0	0	0	0	0	0	0	0	0	0	0	0	0	0	0	0	0	0	0	0	0	0	0	
132380	Temporal_Sup_R	0	462	0	0	0	0	0	112	0	0	0	126	0	0	0	1264	0	2480	0	0	0	0	0	0	0	0	0	0	0	3620	0	0	0	0	0	108	0	4658	0	2222	0	0	0	666	0	0	0	1014	0	216	0	592	0	0	0	2062	0	644	0	0	0	0	0	5514	0	2496	0	1370	0	588	0	0	0	180	0	0	0	654	0	8734	0	0	0	3484	0	15258	0	564	0	7102	0	0	0	0	0	0	0	0	0	0	0	0	0	0	0	0	0	0	0	0	0	0	0	0	0	0	
52660	Temporal_Pole_Sup_L	0	0	200	0	90	0	448	0	0	0	604	0	372	0	896	0	574	0	0	0	120	0	0	0	0	0	0	0	2698	0	0	0	0	0	0	0	406	0	544	0	740	0	0	0	0	0	0	0	0	0	0	0	0	0	1724	0	0	0	0	0	0	0	0	0	0	0	0	0	0	0	0	0	1432	0	0	0	0	0	0	0	2248	0	0	0	6408	0	1872	0	4954	0	0	0	0	0	0	0	0	0	0	0	0	0	0	0	0	0	0	0	0	0	0	0	0	0	0	0	
52144	Temporal_Pole_Sup_R	0	0	0	0	0	0	0	0	0	0	0	138	0	0	0	1980	0	304	0	0	0	0	0	0	0	0	0	0	0	512	0	0	0	0	0	0	0	1106	0	568	0	1932	0	0	0	0	0	0	0	0	0	0	0	0	0	6382	0	0	0	0	0	0	0	0	0	0	0	0	0	0	0	0	0	142	0	0	0	0	0	252	0	3484	0	0	0	2346	0	3704	0	3222	0	0	0	0	0	0	0	0	0	0	0	0	0	0	0	0	0	0	0	0	0	0	0	0	0	0	
349256	Temporal_Mid_L	5746	0	0	0	0	0	272	0	0	0	0	0	0	0	0	0	2660	0	0	0	0	0	0	0	0	0	0	0	2848	0	0	0	334	0	176	0	1836	0	156	0	104	0	4226	0	1532	0	422	0	842	0	27434	0	10550	0	3160	0	1614	0	1938	0	2508	0	6868	0	7974	0	2708	0	2476	0	0	0	144	0	0	0	0	0	2702	0	31156	0	6408	0	0	0	2056	0	43778	0	0	0	0	0	0	0	0	0	0	0	0	0	0	0	0	0	0	0	0	0	0	0	0	0	0	0	
346284	Temporal_Mid_R	0	1578	0	0	0	0	0	0	0	0	0	0	0	0	0	172	0	284	0	228	0	0	0	0	0	0	0	0	0	1090	0	0	0	1016	0	422	0	6686	0	4254	0	464	0	17084	126	3656	0	3946	0	3552	0	18648	0	7836	0	5414	0	3792	0	280	0	250	0	3616	0	7290	412	13210	0	2484	0	0	0	162	0	0	0	680	0	1258	0	15258	0	2346	0	0	0	2038	0	43610	0	0	0	0	0	0	0	0	0	0	0	0	0	0	0	0	0	0	0	0	0	0	0	0	0	0	
13516	Temporal_Pole_Mid_L	0	0	0	0	0	0	0	0	0	0	0	0	0	0	0	0	0	0	0	0	0	0	0	0	0	0	0	0	0	0	0	0	0	0	0	0	0	0	232	0	0	0	0	0	0	0	0	0	0	0	0	0	0	0	722	0	0	0	0	0	0	0	0	0	0	0	0	0	0	0	0	0	0	0	0	0	0	0	0	0	0	0	1872	0	2056	0	0	0	1876	0	0	0	0	0	0	0	0	0	0	0	0	0	0	0	0	0	0	0	0	0	0	0	0	0	0	0	
20724	Temporal_Pole_Mid_R	0	0	0	0	0	0	0	0	0	0	0	0	0	0	0	0	0	0	0	0	0	0	0	0	0	0	0	0	0	0	0	0	0	0	0	0	0	0	0	220	0	0	0	0	0	0	0	0	0	0	0	0	0	0	0	1998	0	0	0	0	0	0	0	0	0	0	0	0	0	0	0	0	0	0	0	0	0	0	0	0	0	564	0	3704	0	2038	0	0	0	1838	0	0	0	0	0	0	0	0	0	0	0	0	0	0	0	0	0	0	0	0	0	0	0	0	0	0	
349784	Temporal_Inf_L	6482	0	98	0	0	0	1332	0	0	0	560	0	0	0	0	0	4268	0	0	0	0	0	0	0	0	0	0	0	7998	0	0	0	0	0	128	0	9894	0	584	0	1980	0	3232	0	484	0	622	0	344	0	9382	0	14156	0	24228	0	1398	0	1586	0	700	0	658	0	382	0	2428	0	1580	0	0	0	1428	0	0	0	0	0	1404	0	20620	0	4954	0	43778	0	1876	0	0	0	3858	0	156	0	0	0	362	0	1072	0	504	0	376	0	0	0	0	0	0	0	0	0	0	0	0	0	
412064	Temporal_Inf_R	0	3532	94	0	0	0	0	202	0	0	0	0	0	0	0	0	0	248	0	384	0	0	0	0	0	0	0	0	0	2784	0	0	0	652	0	1376	0	19586	0	9888	0	1588	0	15696	106	2262	0	10666	0	2514	0	8528	0	11982	0	24278	0	3488	0	276	0	250	0	1368	0	1362	280	15932	0	2966	0	0	0	934	0	0	0	2632	0	1680	0	7102	0	3222	0	43610	0	1838	0	0	0	1880	0	222	0	0	0	0	0	402	0	0	0	130	0	0	0	0	0	92	0	0	0	0	0	0	
592280	Cerebelum_Crus1_L	0	0	0	0	0	0	0	0	0	0	0	0	0	0	0	0	90	0	0	0	0	0	0	0	0	0	0	0	150	0	0	0	0	0	0	0	778	0	622	0	0	0	0	0	0	0	11000	2158	0	0	142	0	426	552	25816	2604	0	0	0	0	0	0	0	0	0	0	0	0	0	0	0	0	0	0	0	0	0	0	0	0	222	0	0	0	0	0	0	0	3858	0	0	6854	44914	9646	3392	0	25156	1634	62554	6864	19388	1518	20180	4034	2642	2118	712	236	226	634	6964	9542	12324	2738	2504	948	
502428	Cerebelum_Crus1_R	0	0	0	0	0	0	0	0	0	0	0	0	0	0	0	0	0	0	0	0	0	0	0	0	0	0	0	0	0	0	0	0	0	0	0	0	0	0	0	300	0	0	0	0	0	0	2442	4782	0	0	0	0	246	542	2412	22792	0	0	0	0	0	0	0	0	0	0	0	0	0	0	0	0	0	0	0	0	0	0	0	0	0	0	0	0	0	0	0	0	0	1880	6854	0	2984	32468	738	4530	5322	22320	8888	54516	806	8422	1190	18628	392	3652	0	634	784	3940	11202	9546	10754	3182	3366	700	
381772	Cerebelum_Crus2_L	0	0	0	0	0	0	0	0	0	0	0	0	0	0	0	0	0	0	0	0	0	0	0	0	0	0	0	0	0	0	0	0	0	0	0	0	236	0	236	0	0	0	0	0	0	0	832	1366	0	0	0	0	0	428	1864	1398	0	0	0	0	0	0	0	0	0	0	0	0	0	0	0	0	0	0	0	0	0	0	0	0	0	0	0	0	0	0	0	0	156	0	44914	2984	0	17758	712	0	3022	364	13940	3468	29828	7568	21622	4652	1812	1578	244	176	114	252	996	5668	15714	4658	1780	546	
414544	Cerebelum_Crus2_R	0	0	0	0	0	0	0	0	0	0	0	0	0	0	0	0	0	0	0	0	0	0	0	0	0	0	0	0	0	0	0	0	0	0	0	0	0	0	0	0	0	0	0	0	0	0	1010	582	0	0	0	0	92	124	840	2470	0	0	0	0	0	0	0	0	0	0	0	0	0	0	0	0	0	0	0	0	0	0	0	0	0	0	0	0	0	0	0	0	0	222	9646	32468	17758	0	0	158	372	616	4888	7772	12090	29376	7988	33810	1312	4748	178	380	94	92	172	3422	25056	6086	2612	838	
76052	Cerebelum_3_L	0	0	0	0	0	0	0	0	0	0	0	0	0	0	0	0	0	0	0	0	0	0	0	0	0	0	0	0	0	0	0	0	0	0	0	0	160	0	552	0	0	0	0	0	0	0	204	0	0	0	0	0	0	0	882	98	0	0	0	0	0	0	0	0	0	0	0	0	0	0	0	0	0	0	0	0	0	0	0	0	0	0	0	0	0	0	0	0	0	0	3392	738	712	0	0	94	9476	650	7606	1580	116	0	242	0	1074	792	236	0	1262	2642	2520	1482	0	142	690	684	
53764	Cerebelum_3_R	0	0	0	0	0	0	0	0	0	0	0	0	0	0	0	0	0	0	0	0	0	0	0	0	0	0	0	0	0	0	0	0	0	0	0	0	0	0	0	0	0	0	0	0	0	0	0	0	0	0	0	0	0	0	0	1740	0	0	0	0	0	0	0	0	0	0	0	0	0	0	0	0	0	0	0	0	0	0	0	0	0	0	0	0	0	0	0	0	0	0	0	4530	0	158	94	0	236	6342	158	8100	0	0	0	110	0	120	0	0	688	3574	666	248	0	0	118	0	
348192	Cerebelum_4_5_L	0	0	0	0	0	0	0	0	0	0	0	0	0	0	0	0	0	0	0	0	0	0	0	0	0	0	0	0	0	0	0	0	0	0	0	0	1006	0	1338	0	0	0	0	0	0	0	11594	1498	0	0	180	0	490	326	17426	2086	0	0	0	0	0	0	0	0	0	0	0	0	0	0	0	0	0	0	0	0	0	0	0	0	0	0	0	0	0	0	0	0	362	0	25156	5322	3022	372	9476	236	0	6318	42114	8704	276	0	508	306	1816	2168	488	0	866	2300	18402	5508	480	376	1900	1676	
258944	Cerebelum_4_5_R	0	0	0	126	0	0	0	0	0	0	0	130	0	0	0	0	0	170	0	236	0	0	0	0	0	0	0	0	0	432	0	0	0	0	0	200	0	2804	0	3676	0	0	0	0	0	0	1186	5646	0	0	0	0	0	646	930	15110	0	0	0	0	0	0	0	0	0	0	0	458	0	0	0	0	0	1128	0	0	0	0	0	0	0	0	0	0	0	0	0	0	0	0	1634	22320	364	616	650	6342	6318	0	3778	32504	0	0	0	414	0	378	0	0	324	3932	15166	1266	0	0	340	248	
618584	Cerebelum_6_L	0	0	0	0	0	0	116	0	0	0	0	0	0	0	0	0	0	0	0	0	0	0	0	0	0	0	0	0	374	0	0	0	0	0	0	0	1308	0	1192	0	0	0	176	0	0	0	19660	5750	0	0	1882	0	3938	1348	37182	6332	0	0	0	0	0	0	0	0	0	0	0	0	0	0	0	0	136	0	0	0	0	0	0	0	0	0	0	0	0	0	0	0	1072	0	62554	8888	13940	4888	7606	158	42114	3778	0	14060	2834	522	3546	2242	3640	4716	508	222	848	1944	14860	18204	6792	2408	4758	2796	
518612	Cerebelum_6_R	0	0	0	0	0	0	0	0	0	0	0	0	0	0	0	0	0	0	0	0	0	0	0	0	0	0	0	0	0	0	0	0	0	0	0	0	0	0	0	378	0	0	0	0	0	0	4374	11622	0	0	208	0	950	2734	4160	27408	0	0	0	0	0	0	0	0	0	0	0	0	0	0	0	0	0	0	0	0	0	0	0	0	0	0	0	0	0	0	0	0	0	402	6864	54516	3468	7772	1580	8100	8704	32504	14060	0	0	1184	104	5864	166	3808	0	576	1894	6726	19006	18192	5684	2404	3366	528	
268368	Cerebelum_7b_L	0	0	0	0	0	0	0	0	0	0	0	0	0	0	0	0	0	0	0	0	0	0	0	0	0	0	0	0	0	0	0	0	0	0	0	0	0	0	0	0	0	0	0	0	0	0	0	0	0	0	0	0	0	0	210	0	0	0	0	0	0	0	0	0	0	0	0	0	0	0	0	0	0	0	0	0	0	0	0	0	0	0	0	0	0	0	0	0	504	0	19388	806	29828	12090	116	0	276	0	2834	0	0	7934	31320	6482	3404	600	268	0	0	0	0	138	11070	6194	722	0	
219728	Cerebelum_7b_R	0	0	0	0	0	0	0	0	0	0	0	0	0	0	0	0	0	0	0	0	0	0	0	0	0	0	0	0	0	0	0	0	0	0	0	0	0	0	0	0	0	0	0	0	0	0	0	0	0	0	0	0	0	0	0	250	0	0	0	0	0	0	0	0	0	0	0	0	0	0	0	0	0	0	0	0	0	0	0	0	0	0	0	0	0	0	0	0	0	0	1518	8422	7568	29376	0	0	0	0	522	1184	7934	0	4886	28750	428	5842	0	0	0	0	0	150	7332	4870	832	0	
290368	Cerebelum_8_L	0	0	0	0	0	0	0	0	0	0	0	0	0	0	0	0	0	0	0	0	0	0	0	0	0	0	0	0	0	0	0	0	0	0	0	0	0	0	0	0	0	0	0	0	0	0	0	0	0	0	0	0	0	0	418	0	0	0	0	0	0	0	0	0	0	0	0	0	0	0	0	0	0	0	0	0	0	0	0	0	0	0	0	0	0	0	0	0	376	0	20180	1190	21622	7988	242	0	508	0	3546	104	31320	4886	0	8388	17680	2776	2552	530	0	0	0	0	9552	8246	3080	0	
329116	Cerebelum_8_R	0	0	0	0	0	0	0	0	0	0	0	0	0	0	0	0	0	0	0	0	0	0	0	0	0	0	0	0	0	0	0	0	0	0	0	0	0	0	0	0	0	0	0	0	0	0	0	0	0	0	0	0	0	0	0	1716	0	0	0	0	0	0	0	0	0	0	0	0	0	0	0	0	0	0	0	0	0	0	0	0	0	0	0	0	0	0	0	0	0	130	4034	18628	4652	33810	0	110	306	414	2242	5864	6482	28750	8388	0	2156	19032	124	580	158	146	264	1296	11246	8638	4608	784	
114424	Cerebelum_9_L	0	0	0	0	0	0	0	0	0	0	0	0	0	0	0	0	0	0	0	0	0	0	0	0	0	0	0	0	0	0	0	0	0	0	0	0	0	0	0	0	0	0	0	0	0	0	0	0	0	0	0	0	0	0	102	0	0	0	0	0	0	0	0	0	0	0	0	0	0	0	0	0	0	0	0	0	0	0	0	0	0	0	0	0	0	0	0	0	0	0	2642	392	1812	1312	1074	0	1816	0	3640	166	3404	428	17680	2156	0	3776	4022	746	0	0	196	1736	2402	2442	3866	1402	
196756	Cerebelum_9_R	0	0	0	0	0	0	0	0	0	0	0	0	0	0	0	0	0	0	0	0	0	0	0	0	0	0	0	0	0	0	0	0	0	0	0	0	0	0	0	0	0	0	0	0	0	0	0	0	0	0	0	0	0	0	188	132	0	0	0	0	0	0	0	0	0	0	0	0	0	0	0	0	0	0	0	0	0	0	0	0	0	0	0	0	0	0	0	0	0	0	2118	3652	1578	4748	792	120	2168	378	4716	3808	600	5842	2776	19032	3776	0	0	3174	356	280	1984	7732	4406	7862	12848	3312	
19296	Cerebelum_10_L	0	0	0	0	0	0	0	0	0	0	0	0	0	0	0	0	0	0	0	0	0	0	0	0	0	0	0	0	0	0	0	0	0	0	0	0	0	0	0	0	0	0	0	0	0	0	0	0	0	0	0	0	0	0	0	0	0	0	0	0	0	0	0	0	0	0	0	0	0	0	0	0	0	0	0	0	0	0	0	0	0	0	0	0	0	0	0	0	0	0	712	0	244	178	236	0	488	0	508	0	268	0	2552	124	4022	0	0	0	0	0	0	0	316	0	0	0	
25272	Cerebelum_10_R	0	0	0	0	0	0	0	0	0	0	0	0	0	0	0	0	0	0	0	0	0	0	0	0	0	0	0	0	0	0	0	0	0	0	0	0	0	0	0	0	0	0	0	0	0	0	0	0	0	0	0	0	0	0	0	0	0	0	0	0	0	0	0	0	0	0	0	0	0	0	0	0	0	0	0	0	0	0	0	0	0	0	0	0	0	0	0	0	0	0	236	634	176	380	0	0	0	0	222	576	0	0	530	580	746	3174	0	0	0	0	0	370	1224	1614	2174	0	
28976	Vermis_1_2	0	0	0	0	0	0	0	0	0	0	0	0	0	0	0	0	0	0	0	0	0	0	0	0	0	0	0	0	0	0	0	0	0	0	0	0	0	0	0	0	0	0	0	0	0	0	0	0	0	0	0	0	0	0	0	0	0	0	0	0	0	0	0	0	0	0	0	0	0	0	0	0	0	0	0	0	0	0	0	0	0	0	0	0	0	0	0	0	0	0	226	784	114	94	1262	688	866	324	848	1894	0	0	0	158	0	356	0	0	0	4120	1514	1078	0	0	162	0	
79648	Vermis_3	0	0	96	96	0	0	0	0	0	0	0	0	0	0	0	0	0	0	0	0	0	0	0	0	0	0	0	0	0	146	0	0	0	0	0	0	228	256	412	164	0	0	0	0	0	0	206	112	0	0	0	0	0	0	194	592	0	96	0	0	0	0	0	0	0	0	0	0	0	0	0	0	0	180	0	0	112	672	0	0	0	0	0	0	0	0	0	0	0	92	634	3940	252	92	2642	3574	2300	3932	1944	6726	0	0	0	146	0	280	0	0	4120	0	4096	1202	0	0	194	96	
283488	Vermis_4_5	0	0	194	0	0	0	0	0	0	0	0	0	0	0	0	0	0	0	180	0	0	0	0	0	0	0	0	0	96	0	0	0	0	0	686	1804	580	862	0	390	0	0	0	0	0	0	5258	5766	0	0	170	0	790	892	5426	6652	0	0	0	0	0	0	0	0	0	0	116	1184	0	0	0	0	0	0	0	0	442	116	0	0	0	0	0	0	0	0	0	0	0	0	6964	11202	996	172	2520	666	18402	15166	14860	19006	0	0	0	264	196	1984	0	0	1514	4096	0	8844	0	134	1296	1858	
301024	Vermis_6	0	0	0	0	0	0	0	0	0	0	0	0	0	0	0	0	0	0	0	0	0	0	0	0	0	0	0	0	0	0	0	0	0	0	0	0	102	0	102	0	0	0	0	0	0	0	5022	8526	0	0	282	0	1178	1852	4722	8522	0	0	0	0	0	0	0	0	0	0	0	0	0	0	0	0	0	0	0	0	0	0	0	0	0	0	0	0	0	0	0	0	0	0	9542	9546	5668	3422	1482	248	5508	1266	18204	18192	138	150	0	1296	1736	7732	0	370	1078	1202	8844	0	6742	4394	8048	5396	
307996	Vermis_7	0	0	0	0	0	0	0	0	0	0	0	0	0	0	0	0	0	0	0	0	0	0	0	0	0	0	0	0	0	0	0	0	0	0	0	0	0	0	0	0	0	0	0	0	0	0	1732	1646	0	0	0	0	164	256	1384	1648	0	0	0	0	0	0	0	0	0	0	0	0	0	0	0	0	0	0	0	0	0	0	0	0	0	0	0	0	0	0	0	0	0	0	12324	10754	15714	25056	0	0	480	0	6792	5684	11070	7332	9552	11246	2402	4406	316	1224	0	0	0	6742	0	8790	5848	1436	
