data	data	458944	303052	1.18537e+06	996404	166244	127596	602508	278452	118620	23184	343476	190408	400284	145972	240060	135064	212996	84380	813960	890808	59312	69468	412080	323712	34688	142240	46712	46612	730904	378120	431656	638200	186468	747432	129212	150740	226188	277720	47608	90152	21956	48172	180484	270620	134948	300132	151048	217504	146236	320116	469768	227416	142260	53888	282928	229084	311712	200876	195512	137016	239788	142528	101708	111596	174108	114216	296708	388000	199076	329684	306184	511524	475796	370360	75076	26764	108580	157604	45728	18344	221132	74664	132684	33020	281208	230624	30976	18812	201348	169044	446372	381508	442876	533248	30600	42448	203628	130028	509904	376340	192032	177080	360996	385612	75488	121776	19656	9292	18904	53784	153188	165852	430068	180376	80880	21216	
data	data	Precentral_L	Precentral_R	Frontal_Sup_L	Frontal_Sup_R	Frontal_Sup_Orb_L	Frontal_Sup_Orb_R	Frontal_Mid_L	Frontal_Mid_R	Frontal_Mid_Orb_L	Frontal_Mid_Orb_R	Frontal_Inf_Oper_L	Frontal_Inf_Oper_R	Frontal_Inf_Tri_L	Frontal_Inf_Tri_R	Frontal_Inf_Orb_L	Frontal_Inf_Orb_R	Rolandic_Oper_L	Rolandic_Oper_R	Supp_Motor_Area_L	Supp_Motor_Area_R	Olfactory_L	Olfactory_R	Frontal_Sup_Medial_L	Frontal_Sup_Medial_R	Frontal_Med_Orb_L	Frontal_Med_Orb_R	Rectus_L	Rectus_R	Insula_L	Insula_R	Cingulum_Ant_L	Cingulum_Ant_R	Cingulum_Mid_L	Cingulum_Mid_R	Cingulum_Post_L	Cingulum_Post_R	Hippocampus_L	Hippocampus_R	ParaHippocampal_L	ParaHippocampal_R	Amygdala_L	Amygdala_R	Calcarine_L	Calcarine_R	Cuneus_L	Cuneus_R	Lingual_L	Lingual_R	Occipital_Sup_L	Occipital_Sup_R	Occipital_Mid_L	Occipital_Mid_R	Occipital_Inf_L	Occipital_Inf_R	Fusiform_L	Fusiform_R	Postcentral_L	Postcentral_R	Parietal_Sup_L	Parietal_Sup_R	Parietal_Inf_L	Parietal_Inf_R	SupraMarginal_L	SupraMarginal_R	Angular_L	Angular_R	Precuneus_L	Precuneus_R	Paracentral_Lobule_L	Paracentral_Lobule_R	Caudate_L	Caudate_R	Putamen_L	Putamen_R	Pallidum_L	Pallidum_R	Thalamus_L	Thalamus_R	Heschl_L	Heschl_R	Temporal_Sup_L	Temporal_Sup_R	Temporal_Pole_Sup_L	Temporal_Pole_Sup_R	Temporal_Mid_L	Temporal_Mid_R	Temporal_Pole_Mid_L	Temporal_Pole_Mid_R	Temporal_Inf_L	Temporal_Inf_R	Cerebelum_Crus1_L	Cerebelum_Crus1_R	Cerebelum_Crus2_L	Cerebelum_Crus2_R	Cerebelum_3_L	Cerebelum_3_R	Cerebelum_4_5_L	Cerebelum_4_5_R	Cerebelum_6_L	Cerebelum_6_R	Cerebelum_7b_L	Cerebelum_7b_R	Cerebelum_8_L	Cerebelum_8_R	Cerebelum_9_L	Cerebelum_9_R	Cerebelum_10_L	Cerebelum_10_R	Vermis_1_2	Vermis_3	Vermis_4_5	Vermis_6	Vermis_7	Vermis_8	Vermis_9	Vermis_10	
458944	Precentral_L	0	6380	21350	2550	0	0	24178	124	0	0	11990	0	3872	0	0	0	10292	0	4868	7584	0	172	584	0	0	0	0	0	14310	0	1514	206	2334	4540	1752	876	7778	842	250	0	0	0	0	0	0	0	132	0	176	0	2772	0	148	0	448	0	35510	0	2498	0	3396	0	698	0	184	0	1002	0	15144	544	4792	1372	7976	0	2660	0	12894	1848	2130	0	3072	0	802	0	298	0	0	0	630	0	0	0	0	0	0	0	0	0	0	0	0	0	0	0	0	0	0	0	0	0	0	0	0	0	0	0	
303052	Precentral_R	6380	0	1448	15192	0	0	504	9206	0	0	0	2134	0	0	0	0	0	2516	2202	10204	0	0	0	0	0	0	0	0	144	3092	0	118	112	4334	1424	2714	1570	9802	0	794	0	0	0	826	0	884	0	394	0	930	342	226	0	196	0	2584	92	12032	0	710	0	512	0	1118	0	352	232	2590	4184	19514	1180	5314	0	1590	0	250	1376	12048	0	458	0	2358	0	0	162	1812	0	0	0	3370	0	0	0	0	0	0	0	0	0	0	0	0	0	0	0	0	0	0	0	0	0	0	0	0	0	0	
1.18537e+06	Frontal_Sup_L	21350	1448	0	15418	10596	0	82388	912	2390	0	25198	678	28390	164	13158	0	12596	0	78022	21804	0	274	51526	6698	402	324	0	0	58750	468	27658	12136	7012	11776	0	178	5706	252	200	0	0	0	0	0	0	0	0	0	0	0	214	0	0	0	108	0	2142	0	154	0	0	0	0	0	0	0	0	0	460	0	17090	4046	36652	360	6234	0	12214	646	0	0	7866	0	6516	0	0	0	0	0	112	0	0	0	0	0	0	0	0	0	0	0	0	0	0	0	0	0	0	0	0	0	0	0	0	0	0	0	
996404	Frontal_Sup_R	2550	15192	15418	0	414	5800	1642	37482	0	438	1402	12824	1834	6346	632	11120	180	8106	25734	72672	0	714	10808	37178	88	6392	714	1002	2068	27698	8430	43130	1414	38006	396	394	536	8422	0	1100	0	644	0	0	0	0	0	266	0	0	0	0	0	0	0	196	378	260	0	0	0	0	0	0	0	0	0	0	584	348	5028	31754	662	30190	0	3270	298	15108	0	348	98	158	88	248	0	0	0	0	0	0	0	0	0	0	0	0	0	0	0	0	0	0	0	0	0	0	0	0	0	0	0	0	0	0	0	0	
166244	Frontal_Sup_Orb_L	0	0	10596	414	0	0	3230	172	14502	0	588	0	2730	0	7530	0	0	0	2822	382	686	0	4430	90	2728	84	5356	0	4296	0	5522	966	0	288	0	0	0	0	0	0	0	0	0	0	0	0	0	0	0	0	0	0	0	0	0	0	0	0	0	0	0	0	0	0	0	0	0	0	0	0	3370	966	11374	0	0	0	0	0	0	0	0	0	0	0	0	0	0	0	0	0	0	0	0	0	0	0	0	0	0	0	0	0	0	0	0	0	0	0	0	0	0	0	0	0	0	0	
127596	Frontal_Sup_Orb_R	0	0	0	5800	0	0	0	404	0	4100	0	360	0	464	0	1048	0	0	136	978	0	464	348	4974	0	12458	274	6496	0	1338	202	5430	0	170	0	0	0	0	0	0	0	0	0	0	0	0	0	0	0	0	0	0	0	0	0	0	0	0	0	0	0	0	0	0	0	0	0	0	0	0	0	9470	0	8884	0	0	0	0	0	0	0	0	0	0	0	0	0	0	0	0	0	0	0	0	0	0	0	0	0	0	0	0	0	0	0	0	0	0	0	0	0	0	0	0	0	0	
602508	Frontal_Mid_L	24178	504	82388	1642	3230	0	0	112	2686	0	22672	0	42838	0	6752	0	5946	0	4616	1532	0	178	15730	662	0	0	0	0	35006	0	8552	1838	2520	1744	0	172	4746	126	246	0	0	0	0	0	0	0	128	0	0	0	446	0	0	0	0	0	2776	0	246	0	344	0	0	0	0	0	162	0	420	0	1750	574	13392	0	2462	0	3394	344	0	0	2648	0	1552	0	0	0	0	0	0	0	0	0	0	0	0	0	0	0	0	0	0	0	0	0	0	0	0	0	0	0	0	0	0	0	0	0	
278452	Frontal_Mid_R	124	9206	912	37482	172	404	112	0	0	556	136	7184	0	10178	0	8732	0	2100	2062	3768	0	474	606	4596	0	0	0	0	424	13568	902	4008	158	4198	88	90	112	4100	0	400	0	488	0	0	0	0	0	92	0	0	0	0	0	0	0	0	0	564	0	0	0	0	0	0	0	0	0	126	0	216	3396	1858	310	10942	0	1244	0	3024	0	114	0	0	0	0	0	0	0	0	0	0	0	0	0	0	0	0	0	0	0	0	0	0	0	0	0	0	0	0	0	0	0	0	0	0	0	0	
118620	Frontal_Mid_Orb_L	0	0	2390	0	14502	0	2686	0	0	0	312	0	2684	0	14652	0	0	0	958	0	746	0	0	0	1248	0	3678	0	5096	0	818	86	0	0	0	0	188	0	0	0	100	0	0	0	0	0	0	0	0	0	0	0	0	0	0	0	0	0	0	0	0	0	0	0	0	0	0	0	0	0	782	98	7838	0	0	0	0	0	0	0	0	0	448	0	0	0	0	0	0	0	0	0	0	0	0	0	0	0	0	0	0	0	0	0	0	0	0	0	0	0	0	0	0	0	0	0	
23184	Frontal_Mid_Orb_R	0	0	0	438	0	4100	0	556	0	0	0	0	0	202	0	2852	0	0	0	0	0	0	0	0	0	382	0	420	0	240	0	0	0	124	0	0	0	0	0	0	0	0	0	0	0	0	0	0	0	0	0	0	0	0	0	0	0	0	0	0	0	0	0	0	0	0	0	0	0	0	0	1028	0	1250	0	0	0	0	0	0	0	0	0	0	0	0	0	0	0	0	0	0	0	0	0	0	0	0	0	0	0	0	0	0	0	0	0	0	0	0	0	0	0	0	0	0	
343476	Frontal_Inf_Oper_L	11990	0	25198	1402	588	0	22672	136	312	0	0	0	24314	0	1952	0	14908	0	4650	1406	0	0	1984	0	0	0	0	0	28290	0	3574	556	376	1082	0	0	794	0	0	0	0	0	0	0	0	0	0	0	0	0	0	0	0	0	0	0	3610	0	0	0	0	0	0	0	0	0	0	0	0	0	574	144	5000	0	0	0	0	0	316	0	8258	0	7652	0	0	0	0	0	0	0	0	0	0	0	0	0	0	0	0	0	0	0	0	0	0	0	0	0	0	0	0	0	0	0	0	0	
190408	Frontal_Inf_Oper_R	0	2134	678	12824	0	360	0	7184	0	0	0	0	0	10090	0	378	0	4278	2088	7060	0	0	292	1412	0	316	0	0	0	21328	388	4084	132	4420	0	0	0	1040	0	0	0	0	0	0	0	0	0	0	0	0	0	0	0	0	0	0	0	674	0	0	0	0	0	0	0	0	0	0	0	200	826	4708	0	7562	0	438	0	0	0	0	0	0	0	310	0	0	0	0	0	0	0	0	0	0	0	0	0	0	0	0	0	0	0	0	0	0	0	0	0	0	0	0	0	0	0	0	
400284	Frontal_Inf_Tri_L	3872	0	28390	1834	2730	0	42838	0	2684	0	24314	0	0	0	20700	0	1426	0	4198	1068	0	0	7422	1168	0	0	0	0	38984	0	4962	1346	1556	1936	0	0	492	0	0	0	0	0	0	0	0	0	0	0	0	0	0	0	0	0	0	0	408	0	0	0	0	0	0	0	0	0	0	0	0	0	1088	114	4690	0	0	0	0	0	0	0	636	0	1286	0	0	0	0	0	0	0	0	0	0	0	0	0	0	0	0	0	0	0	0	0	0	0	0	0	0	0	0	0	0	0	0	0	
145972	Frontal_Inf_Tri_R	0	0	164	6346	0	464	0	10178	0	202	0	10090	0	0	0	5276	0	0	1878	4162	0	0	306	1652	0	364	0	0	0	14706	414	4516	98	4386	0	0	0	718	0	0	0	0	0	0	0	0	0	0	0	0	0	0	0	0	0	0	0	0	0	0	0	0	0	0	0	0	0	0	0	0	0	3868	0	3104	0	94	0	0	0	0	0	0	0	0	0	0	0	0	0	0	0	0	0	0	0	0	0	0	0	0	0	0	0	0	0	0	0	0	0	0	0	0	0	0	0	0	
240060	Frontal_Inf_Orb_L	0	0	13158	632	7530	0	6752	0	14652	0	1952	0	20700	0	0	0	220	0	5630	118	1158	0	2950	670	0	0	0	0	26470	0	1514	718	448	724	0	0	548	0	0	0	174	0	0	0	0	0	0	0	0	0	0	0	0	0	0	0	0	0	0	0	0	0	0	0	0	0	0	0	0	0	1060	174	10598	0	0	0	0	0	0	0	188	0	1292	0	0	0	0	0	0	0	0	0	0	0	0	0	0	0	0	0	0	0	0	0	0	0	0	0	0	0	0	0	0	0	0	0	
135064	Frontal_Inf_Orb_R	0	0	0	11120	0	1048	0	8732	0	2852	0	378	0	5276	0	0	0	0	3064	3998	0	678	240	1754	0	286	0	216	0	12054	244	2852	238	5804	0	0	0	1016	0	112	0	546	0	0	0	0	0	0	0	0	0	0	0	0	0	0	0	0	0	0	0	0	0	0	0	0	0	0	0	0	0	1172	0	3852	0	0	0	0	0	0	0	0	0	0	0	0	0	0	0	0	0	0	0	0	0	0	0	0	0	0	0	0	0	0	0	0	0	0	0	0	0	0	0	0	0	0	
212996	Rolandic_Oper_L	10292	0	12596	180	0	0	5946	0	0	0	14908	0	1426	0	220	0	0	0	2920	182	0	0	342	0	0	0	0	0	18240	0	182	0	0	166	0	0	696	0	0	0	0	0	0	0	0	0	0	0	0	0	208	0	0	0	108	0	8218	0	186	0	446	0	2578	0	0	0	0	0	158	0	258	0	1404	0	0	0	126	0	3094	0	13614	0	6394	0	816	0	0	0	594	0	0	0	0	0	0	0	0	0	0	0	0	0	0	0	0	0	0	0	0	0	0	0	0	0	0	0	
84380	Rolandic_Oper_R	0	2516	0	8106	0	0	0	2100	0	0	0	4278	0	0	0	0	0	0	230	3544	0	0	0	0	0	0	0	0	0	9426	0	100	0	290	0	0	0	1278	0	0	0	0	0	0	0	0	0	0	0	0	0	0	0	0	0	0	0	3254	0	120	0	0	0	1412	0	0	0	304	0	530	0	132	0	1402	0	0	0	0	0	1748	0	1104	0	316	0	0	0	0	0	0	0	0	0	0	0	0	0	0	0	0	0	0	0	0	0	0	0	0	0	0	0	0	0	0	0	0	
813960	Supp_Motor_Area_L	4868	2202	78022	25734	2822	136	4616	2062	958	0	4650	2088	4198	1878	5630	3064	2920	230	0	69970	0	84	7274	2260	0	182	0	0	21672	3784	12986	15782	11072	42558	1418	424	2508	772	0	0	0	0	0	0	0	0	0	0	0	0	0	0	0	0	0	0	224	0	0	0	0	0	0	0	0	0	126	152	5720	1822	12542	7600	23548	3652	3738	0	3940	182	0	0	2444	0	2466	0	0	0	0	0	0	0	0	0	0	0	0	0	0	0	0	0	0	0	0	0	0	0	0	0	0	0	0	0	0	0	0	0	
890808	Supp_Motor_Area_R	7584	10204	21804	72672	382	978	1532	3768	0	0	1406	7060	1068	4162	118	3998	182	3544	69970	0	0	0	944	5796	0	1032	0	0	1474	13232	3306	22718	5712	67656	1684	4240	144	2970	0	106	0	0	0	1026	0	634	0	580	0	308	348	426	0	174	0	1404	360	2332	0	0	0	0	0	0	0	144	326	5576	9542	19710	5232	28632	642	15380	0	2356	108	6418	0	222	96	362	88	0	190	644	0	0	0	698	0	0	0	0	0	0	0	0	0	0	0	0	0	0	0	0	0	0	0	0	0	0	0	0	0	0	
59312	Olfactory_L	0	0	0	0	686	0	0	0	746	0	0	0	0	0	1158	0	0	0	0	0	0	5088	0	0	436	0	592	0	1520	0	3578	2404	0	0	0	0	0	0	0	0	256	0	0	0	0	0	0	0	0	0	0	0	0	0	0	0	0	0	0	0	0	0	0	0	0	0	0	0	0	0	5590	4066	3170	366	0	0	0	0	0	0	0	0	0	0	0	0	0	0	0	0	0	0	0	0	0	0	0	0	0	0	0	0	0	0	0	0	0	0	0	0	0	0	0	0	0	0	
69468	Olfactory_R	172	0	274	714	0	464	178	474	0	0	0	0	0	0	0	678	0	0	84	0	5088	0	0	0	246	134	378	846	0	1636	2922	2104	0	0	0	0	0	0	0	0	0	420	0	0	0	0	0	0	0	0	0	0	0	0	0	0	0	0	0	0	0	0	0	0	0	0	0	0	0	0	6442	5656	4138	556	1130	0	0	0	0	0	0	0	0	0	0	0	0	0	0	0	0	0	0	0	0	0	0	0	0	0	0	0	0	0	0	0	0	0	0	0	0	0	0	0	0	0	
412080	Frontal_Sup_Medial_L	584	0	51526	10808	4430	348	15730	606	0	0	1984	292	7422	306	2950	240	342	0	7274	944	0	0	0	20562	1980	1344	130	136	10392	410	24938	16274	7756	11518	0	0	372	0	0	0	0	0	0	0	0	0	0	0	0	0	0	0	0	0	0	0	110	0	0	0	0	0	0	0	0	0	0	0	0	0	906	696	2518	212	0	0	0	0	0	0	0	0	0	0	0	0	0	0	0	0	0	0	0	0	0	0	0	0	0	0	0	0	0	0	0	0	0	0	0	0	0	0	0	0	0	0	
323712	Frontal_Sup_Medial_R	0	0	6698	37178	90	4974	662	4596	0	0	0	1412	1168	1652	670	1754	0	0	2260	5796	0	0	20562	0	128	8232	834	1146	1002	2742	8066	25386	732	14186	0	0	0	0	0	0	0	0	0	0	0	0	0	0	0	0	0	0	0	0	0	0	0	0	0	0	0	0	0	0	0	0	0	0	0	0	0	5520	86	4324	0	0	0	0	0	0	0	0	0	0	0	0	0	0	0	0	0	0	0	0	0	0	0	0	0	0	0	0	0	0	0	0	0	0	0	0	0	0	0	0	0	0	
34688	Frontal_Med_Orb_L	0	0	402	88	2728	0	0	0	1248	0	0	0	0	0	0	0	0	0	0	0	436	246	1980	128	0	836	1942	174	0	0	4782	1044	0	0	0	0	0	0	0	0	0	0	0	0	0	0	0	0	0	0	0	0	0	0	0	0	0	0	0	0	0	0	0	0	0	0	0	0	0	0	396	426	488	0	0	0	0	0	0	0	0	0	0	0	0	0	0	0	0	0	0	0	0	0	0	0	0	0	0	0	0	0	0	0	0	0	0	0	0	0	0	0	0	0	0	0	
142240	Frontal_Med_Orb_R	0	0	324	6392	84	12458	0	0	0	382	0	316	0	364	0	286	0	0	182	1032	0	134	1344	8232	836	0	968	6730	0	768	2908	11000	0	192	0	0	0	0	0	0	0	0	0	0	0	0	0	0	0	0	0	0	0	0	0	0	0	0	0	0	0	0	0	0	0	0	0	0	0	0	106	9456	0	6626	0	0	0	0	0	0	0	0	0	0	0	0	0	0	0	0	0	0	0	0	0	0	0	0	0	0	0	0	0	0	0	0	0	0	0	0	0	0	0	0	0	0	
46712	Rectus_L	0	0	0	714	5356	274	0	0	3678	0	0	0	0	0	0	0	0	0	0	0	592	378	130	834	1942	968	0	978	0	0	1906	1024	0	0	0	0	0	0	0	0	0	0	0	0	0	0	0	0	0	0	0	0	0	0	0	0	0	0	0	0	0	0	0	0	0	0	0	0	0	0	1522	660	2084	316	0	0	0	0	0	0	0	0	0	0	0	0	0	0	0	0	0	0	0	0	0	0	0	0	0	0	0	0	0	0	0	0	0	0	0	0	0	0	0	0	0	0	
46612	Rectus_R	0	0	0	1002	0	6496	0	0	0	420	0	0	0	0	0	216	0	0	0	0	0	846	136	1146	174	6730	978	0	0	504	166	1772	0	0	0	0	0	0	0	0	0	0	0	0	0	0	0	0	0	0	0	0	0	0	0	0	0	0	0	0	0	0	0	0	0	0	0	0	0	0	0	1718	0	1002	0	0	0	0	0	0	0	0	0	0	0	0	0	0	0	0	0	0	0	0	0	0	0	0	0	0	0	0	0	0	0	0	0	0	0	0	0	0	0	0	0	0	
730904	Insula_L	14310	144	58750	2068	4296	0	35006	424	5096	0	28290	0	38984	0	26470	0	18240	0	21672	1474	1520	0	10392	1002	0	0	0	0	0	0	5616	1508	638	1876	328	220	14514	260	372	0	896	0	0	0	0	0	0	0	0	0	564	0	0	0	1372	0	8994	0	464	0	106	0	1186	0	0	0	182	0	398	0	1970	262	29482	0	0	0	386	222	3216	0	10264	0	9438	0	902	0	96	0	1582	0	0	0	0	0	0	0	0	0	0	0	0	0	0	0	0	0	0	0	0	0	0	0	0	0	0	0	
378120	Insula_R	0	3092	468	27698	0	1338	0	13568	0	240	0	21328	0	14706	0	12054	0	9426	3784	13232	0	1636	410	2742	0	768	0	504	0	0	644	6720	262	7692	0	0	0	6658	0	302	0	916	0	0	0	84	0	0	0	90	0	0	0	0	0	202	0	588	0	114	0	0	0	0	0	0	0	330	0	1680	282	7452	0	21584	0	0	0	202	0	1132	0	2628	0	632	0	1080	0	0	0	792	0	0	0	0	0	0	0	0	0	0	0	0	0	0	0	0	0	0	0	0	0	0	0	0	0	0	
431656	Cingulum_Ant_L	1514	0	27658	8430	5522	202	8552	902	818	0	3574	388	4962	414	1514	244	182	0	12986	3306	3578	2922	24938	8066	4782	2908	1906	166	5616	644	0	30526	7700	10482	632	0	178	0	0	0	0	0	0	0	0	0	0	0	0	0	0	0	0	0	0	0	112	0	0	0	0	0	0	0	0	0	0	0	0	0	11266	5418	11380	1148	0	0	0	292	0	0	0	0	0	0	0	0	0	0	0	0	0	0	0	0	0	0	0	0	0	0	0	0	0	0	0	0	0	0	0	0	0	0	0	0	0	0	
638200	Cingulum_Ant_R	206	118	12136	43130	966	5430	1838	4008	86	0	556	4084	1346	4516	718	2852	0	100	15782	22718	2404	2104	16274	25386	1044	11000	1024	1772	1508	6720	30526	0	5258	38288	0	0	0	250	0	0	0	0	0	0	0	0	0	0	0	0	0	0	0	0	0	0	0	0	0	0	0	0	0	0	0	0	0	0	0	0	6324	33548	2966	11550	0	0	0	564	0	0	0	0	0	0	0	0	0	0	0	0	0	0	0	0	0	0	0	0	0	0	0	0	0	0	0	0	0	0	0	0	0	0	0	0	0	0	
186468	Cingulum_Mid_L	2334	112	7012	1414	0	0	2520	158	0	0	376	132	1556	98	448	238	0	0	11072	5712	0	0	7756	732	0	0	0	0	638	262	7700	5258	0	15842	5942	976	0	0	0	0	0	0	320	0	674	0	0	0	530	0	2060	0	0	0	0	0	102	0	760	0	284	0	0	0	254	0	3616	644	4326	648	0	88	0	0	0	0	0	0	0	0	0	0	0	0	640	0	0	0	0	0	0	0	0	0	0	0	0	0	0	0	0	0	0	0	0	0	0	0	0	0	0	0	0	0	0	0	
747432	Cingulum_Mid_R	4540	4334	11776	38006	288	170	1744	4198	0	124	1082	4420	1936	4386	724	5804	166	290	42558	67656	0	0	11518	14186	0	192	0	0	1876	7692	10482	38288	15842	0	2058	5904	110	1296	0	0	0	0	0	1548	0	1468	0	774	0	710	338	964	0	196	0	966	0	6868	0	1280	0	0	0	0	0	144	1448	10434	7780	16912	1484	9984	450	4756	0	0	0	114	0	0	92	0	84	0	182	816	0	0	0	278	0	0	0	0	0	0	0	0	0	0	0	0	0	0	0	0	0	0	0	0	0	0	0	0	0	0	
129212	Cingulum_Post_L	1752	1424	0	396	0	0	0	88	0	0	0	0	0	0	0	0	0	0	1418	1684	0	0	0	0	0	0	0	0	328	0	632	0	5942	2058	0	10680	4702	3776	1110	504	0	0	3616	430	1334	0	1228	0	422	0	1160	0	460	0	744	0	214	0	0	0	0	0	94	0	86	0	5716	1894	5082	1514	0	0	0	0	0	0	0	2780	158	0	0	0	0	0	768	0	0	0	412	0	0	0	0	0	0	0	0	0	0	0	0	0	0	0	0	0	0	0	0	0	0	0	0	0	0	0	
150740	Cingulum_Post_R	876	2714	178	394	0	0	172	90	0	0	0	0	0	0	0	0	0	0	424	4240	0	0	0	0	0	0	0	0	220	0	0	0	976	5904	10680	0	4864	7204	1222	784	0	0	0	2314	0	450	0	2960	0	364	84	654	0	88	0	2322	152	1288	0	114	0	0	0	0	0	0	906	10754	778	4186	0	0	0	112	0	0	1066	4374	114	0	0	0	0	0	0	658	0	0	0	276	0	0	0	0	0	0	0	0	0	0	0	0	0	0	0	0	0	0	0	0	414	0	0	0	0	0	
226188	Hippocampus_L	7778	1570	5706	536	0	0	4746	112	188	0	794	0	492	0	548	0	696	0	2508	144	0	0	372	0	0	0	0	0	14514	0	178	0	0	110	4702	4864	0	4138	7418	520	5328	0	1114	0	0	0	2522	0	0	0	122	0	0	0	4298	0	3602	0	0	0	0	0	0	0	0	0	2956	828	244	0	650	0	9458	0	1070	0	2774	3282	1800	0	1902	0	1436	0	2392	0	200	0	4482	0	0	0	0	0	0	0	0	0	0	0	0	0	0	0	0	0	0	0	0	0	0	0	0	0	0	0	
277720	Hippocampus_R	842	9802	252	8422	0	0	126	4100	0	0	0	1040	0	718	0	1016	0	1278	772	2970	0	0	0	0	0	0	0	0	260	6658	0	250	0	1296	3776	7204	4138	0	1200	16600	0	9276	0	276	0	0	0	2470	0	0	0	0	0	0	0	17464	148	1486	0	134	0	0	0	0	0	0	300	3788	0	1274	182	402	0	12860	0	436	754	4832	110	564	0	750	0	1356	0	3010	0	264	0	3408	0	0	0	0	0	0	0	136	0	0	0	0	0	0	0	0	0	0	0	0	460	0	0	0	0	0	
47608	ParaHippocampal_L	250	0	200	0	0	0	246	0	0	0	0	0	0	0	0	0	0	0	0	0	0	0	0	0	0	0	0	0	372	0	0	0	0	0	1110	1222	7418	1200	0	254	1098	0	424	0	0	0	2134	92	0	0	284	0	242	0	2286	0	0	0	0	0	0	0	0	0	0	0	1768	752	0	0	0	0	554	0	0	0	166	780	0	0	0	0	0	0	0	0	0	0	676	0	0	0	0	0	86	0	0	0	0	0	0	0	0	0	0	0	0	0	0	190	0	0	0	0	0	0	
90152	ParaHippocampal_R	0	794	0	1100	0	0	0	400	0	0	0	0	0	0	0	112	0	0	0	106	0	0	0	0	0	0	0	0	0	302	0	0	0	0	504	784	520	16600	254	0	0	5616	0	132	0	0	0	1340	0	0	0	0	0	0	0	9976	0	0	0	0	0	0	0	0	0	0	0	822	0	0	0	0	0	1090	0	246	0	396	0	150	0	252	0	1332	0	384	0	1058	0	572	0	0	0	0	0	0	0	142	0	0	0	0	0	0	0	0	0	0	0	0	92	0	0	0	0	0	
21956	Amygdala_L	0	0	0	0	0	0	0	0	100	0	0	0	0	0	174	0	0	0	0	0	256	0	0	0	0	0	0	0	896	0	0	0	0	0	0	0	5328	0	1098	0	0	0	0	0	0	0	0	0	0	0	0	0	0	0	1618	0	0	0	0	0	0	0	0	0	0	0	0	0	0	0	0	0	136	0	0	0	0	0	0	0	0	0	476	0	0	0	170	0	726	0	0	0	0	0	0	0	0	0	0	0	0	0	0	0	0	0	0	0	0	0	0	0	0	0	0	0	
48172	Amygdala_R	0	0	0	644	0	0	0	488	0	0	0	0	0	0	0	546	0	0	0	0	0	420	0	0	0	0	0	0	0	916	0	0	0	0	0	0	0	9276	0	5616	0	0	0	0	0	0	0	0	0	0	0	0	0	0	0	4096	0	0	0	0	0	0	0	0	0	0	0	0	0	0	0	0	0	86	0	0	0	0	0	0	0	0	0	1630	0	0	0	368	0	0	0	0	0	0	0	0	0	0	0	0	0	0	0	0	0	0	0	0	0	0	0	0	0	0	0	0	
180484	Calcarine_L	0	0	0	0	0	0	0	0	0	0	0	0	0	0	0	0	0	0	0	0	0	0	0	0	0	0	0	0	0	0	0	0	320	0	3616	0	1114	0	424	0	0	0	0	2422	9434	2084	6858	896	6832	1064	22058	272	8166	0	4526	0	0	0	0	0	0	0	0	0	168	0	14210	0	370	0	0	0	0	0	0	0	0	0	0	0	0	0	0	0	4496	0	0	0	912	0	0	0	0	0	0	0	0	0	0	0	0	0	0	0	0	0	0	0	0	0	0	0	0	0	0	0	
270620	Calcarine_R	0	826	0	0	0	0	0	0	0	0	0	0	0	0	0	0	0	0	0	1026	0	0	0	0	0	0	0	0	0	0	0	0	0	1548	430	2314	0	276	0	132	0	0	2422	0	2104	21040	0	19630	0	21586	0	18066	0	4760	0	5936	0	2324	0	438	0	0	0	0	0	806	588	16978	0	4780	0	0	0	0	0	0	0	0	0	0	0	0	0	0	0	4368	0	0	0	2932	0	0	0	0	0	0	0	0	0	0	0	0	0	0	0	0	0	0	0	0	0	0	0	0	0	0	
134948	Cuneus_L	0	0	0	0	0	0	0	0	0	0	0	0	0	0	0	0	0	0	0	0	0	0	0	0	0	0	0	0	0	0	0	0	674	0	1334	0	0	0	0	0	0	0	9434	2104	0	3368	396	272	15318	1100	13028	338	3294	0	824	0	0	0	456	0	0	0	0	0	0	0	12964	160	620	0	0	0	0	0	0	0	0	0	0	0	0	0	0	0	1790	0	0	0	0	0	0	0	0	0	0	0	0	0	0	0	0	0	0	0	0	0	0	0	0	0	0	0	0	0	0	0	
300132	Cuneus_R	0	884	0	0	0	0	0	0	0	0	0	0	0	0	0	0	0	0	0	634	0	0	0	0	0	0	0	0	0	84	0	0	0	1468	0	450	0	0	0	0	0	0	2084	21040	3368	0	0	5680	0	41006	0	14062	0	634	0	1700	0	4454	0	1624	0	1096	0	1856	0	256	4466	26714	0	9248	0	0	0	0	0	0	0	0	0	0	0	744	0	0	0	4964	0	0	0	1550	0	0	0	0	0	0	0	0	0	0	0	0	0	0	0	0	0	0	0	0	0	0	0	0	0	0	
151048	Lingual_L	132	0	0	0	0	0	128	0	0	0	0	0	0	0	0	0	0	0	0	0	0	0	0	0	0	0	0	0	0	0	0	0	0	0	1228	0	2522	0	2134	0	0	0	6858	0	396	0	0	1346	1834	0	5628	0	4246	0	12108	0	0	0	0	0	0	0	0	0	0	0	4792	0	124	0	0	0	118	0	0	0	204	0	0	0	0	0	0	0	552	0	0	0	584	0	7046	2482	244	532	0	0	2462	368	8974	2862	0	0	84	122	0	0	0	0	0	0	930	3642	842	0	0	0	
217504	Lingual_R	0	394	0	266	0	0	0	92	0	0	0	0	0	0	0	0	0	0	0	580	0	0	0	0	0	0	0	0	0	0	0	0	0	774	0	2960	0	2470	92	1340	0	0	896	19630	272	5680	1346	0	0	8388	0	8466	0	4662	1442	11974	0	814	0	168	0	0	0	0	0	0	100	7570	0	1566	0	0	0	98	0	0	0	162	0	0	0	0	0	0	0	424	0	0	0	586	1600	6980	0	400	0	104	368	1264	3114	6612	0	0	0	0	0	0	0	0	0	0	1376	3604	118	0	0	0	
146236	Occipital_Sup_L	176	0	0	0	0	0	0	0	0	0	0	0	0	0	0	0	0	0	0	0	0	0	0	0	0	0	0	0	0	0	0	0	530	0	422	0	0	0	0	0	0	0	6832	0	15318	0	1834	0	0	0	22086	0	3372	0	260	0	406	0	5330	0	666	0	0	0	804	0	12450	0	718	0	0	0	0	0	0	0	0	0	0	0	0	0	0	0	1768	0	0	0	146	0	0	0	0	0	0	0	0	0	0	0	0	0	0	0	0	0	0	0	0	0	0	0	0	0	0	0	
320116	Occipital_Sup_R	0	930	0	0	0	0	0	0	0	0	0	0	0	0	0	0	0	0	0	308	0	0	0	0	0	0	0	0	0	90	0	0	0	710	0	364	0	0	0	0	0	0	1064	21586	1100	41006	0	8388	0	0	0	22998	0	1238	0	1772	0	3952	0	3614	0	2242	0	1762	0	3030	4398	24302	0	7684	0	0	0	0	0	0	0	0	0	0	0	784	0	0	0	5204	0	0	0	1532	0	0	0	0	0	0	0	0	0	0	0	0	0	0	0	0	0	0	0	0	0	0	0	0	0	0	
469768	Occipital_Mid_L	2772	342	214	0	0	0	446	0	0	0	0	0	0	0	0	0	208	0	0	348	0	0	0	0	0	0	0	0	564	0	0	0	2060	338	1160	84	122	0	284	0	0	0	22058	0	13028	0	5628	0	22086	0	0	0	24724	0	7206	0	10628	0	27222	0	17394	0	2132	0	18138	0	21106	0	8314	346	0	0	0	0	0	0	0	0	110	0	254	0	0	0	22446	0	0	0	3122	0	0	0	0	0	0	0	0	0	0	0	0	0	0	0	0	0	0	0	0	0	0	0	0	0	0	0	
227416	Occipital_Mid_R	0	226	0	0	0	0	0	0	0	0	0	0	0	0	0	0	0	0	0	426	0	0	0	0	0	0	0	0	0	0	0	0	0	964	0	654	0	0	0	0	0	0	272	18066	338	14062	0	8466	0	22998	0	0	0	3960	0	3116	0	886	0	1734	0	2848	0	0	0	9590	1642	8176	0	2038	0	0	0	0	0	0	0	0	0	0	0	0	0	0	0	11656	0	0	0	1590	0	0	0	0	0	0	0	0	0	0	0	0	0	0	0	0	0	0	0	0	0	0	0	0	0	0	
142260	Occipital_Inf_L	148	0	0	0	0	0	0	0	0	0	0	0	0	0	0	0	0	0	0	0	0	0	0	0	0	0	0	0	0	0	0	0	0	0	460	0	0	0	242	0	0	0	8166	0	3294	0	4246	0	3372	0	24724	0	0	0	11122	0	1962	0	0	0	246	0	0	0	454	0	3372	0	3092	0	0	0	0	0	0	0	0	0	0	0	0	0	0	0	3944	0	0	0	2286	0	0	0	0	0	0	0	0	0	0	0	0	0	0	0	0	0	0	0	0	0	0	0	0	0	0	0	
53888	Occipital_Inf_R	0	196	0	0	0	0	0	0	0	0	0	0	0	0	0	0	0	0	0	174	0	0	0	0	0	0	0	0	0	0	0	0	0	196	0	88	0	0	0	0	0	0	0	4760	0	634	0	4662	0	1238	0	3960	0	0	0	4962	0	84	0	0	0	0	0	0	0	0	0	1970	0	394	0	0	0	0	0	0	0	0	0	0	0	0	0	0	0	852	0	0	0	2442	0	332	0	0	0	0	0	0	0	0	0	0	0	0	0	0	0	0	0	0	0	0	0	0	0	0	
282928	Fusiform_L	448	0	108	0	0	0	0	0	0	0	0	0	0	0	0	0	108	0	0	0	0	0	0	0	0	0	0	0	1372	0	0	0	0	0	744	0	4298	0	2286	0	1618	0	4526	0	824	0	12108	1442	260	0	7206	0	11122	0	0	0	1790	0	0	0	136	0	182	0	200	0	2984	0	2718	0	0	0	502	0	0	0	0	0	478	0	1272	0	1154	0	4310	0	924	0	9834	0	17344	3068	3522	2152	124	0	6276	708	20030	3430	104	0	298	468	102	0	0	0	0	0	1226	4344	3204	110	0	0	
229084	Fusiform_R	0	2584	0	196	0	0	0	0	0	0	0	0	0	0	0	0	0	0	0	1404	0	0	0	0	0	0	0	0	0	202	0	0	0	966	0	2322	0	17464	0	9976	0	4096	0	5936	0	1700	0	11974	0	1772	0	3116	0	4962	0	0	0	1102	0	0	0	0	0	0	0	344	174	5454	0	3680	0	0	0	708	0	122	0	192	0	142	0	1002	0	3726	0	4108	0	2950	0	9062	0	6388	0	488	0	0	0	294	0	5936	0	0	0	0	0	0	0	0	0	0	0	0	0	0	0	0	
311712	Postcentral_L	35510	92	2142	378	0	0	2776	0	0	0	3610	0	408	0	0	0	8218	0	224	360	0	0	110	0	0	0	0	0	8994	0	112	0	102	0	214	152	3602	148	0	0	0	0	0	0	0	0	0	0	406	0	10628	0	1962	0	1790	0	0	0	11212	0	22292	0	10178	0	3436	0	4260	0	9638	0	904	0	1724	0	260	0	0	154	2598	0	2606	0	0	0	2136	0	0	0	2520	0	0	0	0	0	0	0	0	0	0	0	0	0	0	0	0	0	0	0	0	0	0	0	0	0	0	0	
200876	Postcentral_R	0	12032	0	260	0	0	0	564	0	0	0	674	0	0	0	0	0	3254	0	2332	0	0	0	0	0	0	0	0	0	588	0	0	0	6868	0	1288	0	1486	0	0	0	0	0	2324	0	4454	0	814	0	3952	0	886	0	84	0	1102	0	0	0	5982	0	2896	0	6444	0	1902	1140	11846	0	20668	0	0	0	220	0	0	0	0	0	314	0	742	0	0	0	2704	0	0	0	2618	0	0	0	0	0	0	0	0	0	0	0	0	0	0	0	0	0	0	0	0	0	0	0	0	0	0	
195512	Parietal_Sup_L	2498	0	154	0	0	0	246	0	0	0	0	0	0	0	0	0	186	0	0	0	0	0	0	0	0	0	0	0	464	0	0	0	760	0	0	0	0	0	0	0	0	0	0	0	456	0	0	0	5330	0	27222	0	0	0	0	0	11212	0	0	0	16848	0	2272	0	9796	0	14204	0	2320	0	0	0	0	0	0	0	0	0	102	0	142	0	0	0	1970	0	0	0	1574	0	0	0	0	0	0	0	0	0	0	0	0	0	0	0	0	0	0	0	0	0	0	0	0	0	0	0	
137016	Parietal_Sup_R	0	710	0	0	0	0	0	0	0	0	0	0	0	0	0	0	0	120	0	0	0	0	0	0	0	0	0	0	0	114	0	0	0	1280	0	114	0	134	0	0	0	0	0	438	0	1624	0	168	0	3614	0	1734	0	0	0	0	0	5982	0	0	0	16236	0	8504	0	7734	306	7148	0	3432	0	0	0	0	0	0	0	0	0	0	0	1894	0	0	0	5554	0	0	0	1668	0	0	0	0	0	0	0	0	0	0	0	0	0	0	0	0	0	0	0	0	0	0	0	0	0	0	
239788	Parietal_Inf_L	3396	0	0	0	0	0	344	0	0	0	0	0	0	0	0	0	446	0	0	0	0	0	0	0	0	0	0	0	106	0	0	0	284	0	0	0	0	0	0	0	0	0	0	0	0	0	0	0	666	0	17394	0	246	0	136	0	22292	0	16848	0	0	0	14760	0	24522	0	3724	0	532	0	0	0	0	0	0	0	0	0	0	0	2060	0	0	0	7494	0	0	0	4644	0	0	0	0	0	0	0	0	0	0	0	0	0	0	0	0	0	0	0	0	0	0	0	0	0	0	0	
142528	Parietal_Inf_R	0	512	0	0	0	0	0	0	0	0	0	0	0	0	0	0	0	0	0	0	0	0	0	0	0	0	0	0	0	0	0	0	0	0	0	0	0	0	0	0	0	0	0	0	0	1096	0	0	0	2242	0	2848	0	0	0	0	0	2896	0	16236	0	0	0	14144	0	16188	164	2032	0	1626	0	0	0	0	0	0	0	0	0	0	0	2074	0	0	0	6542	0	0	0	2664	0	0	0	0	0	0	0	0	0	0	0	0	0	0	0	0	0	0	0	0	0	0	0	0	0	0	
101708	SupraMarginal_L	698	0	0	0	0	0	0	0	0	0	0	0	0	0	0	0	2578	0	0	0	0	0	0	0	0	0	0	0	1186	0	0	0	0	0	94	0	0	0	0	0	0	0	0	0	0	0	0	0	0	0	2132	0	0	0	182	0	10178	0	2272	0	14760	0	0	0	2454	0	976	0	500	0	0	0	0	0	0	0	0	0	482	0	6186	0	0	0	1572	0	0	0	4604	0	0	0	0	0	0	0	0	0	0	0	0	0	0	0	0	0	0	0	0	0	0	0	0	0	0	0	
111596	SupraMarginal_R	0	1118	0	0	0	0	0	0	0	0	0	0	0	0	0	0	0	1412	0	0	0	0	0	0	0	0	0	0	0	0	0	0	0	0	0	0	0	0	0	0	0	0	0	0	0	1856	0	0	0	1762	0	0	0	0	0	0	0	6444	0	8504	0	14144	0	0	0	5466	506	1948	0	752	0	0	0	0	0	0	0	0	0	0	0	4880	0	0	0	5628	0	0	0	1378	0	0	0	0	0	0	0	0	0	0	0	0	0	0	0	0	0	0	0	0	0	0	0	0	0	0	
174108	Angular_L	184	0	0	0	0	0	0	0	0	0	0	0	0	0	0	0	0	0	0	0	0	0	0	0	0	0	0	0	0	0	0	0	254	0	86	0	0	0	0	0	0	0	168	0	0	0	0	0	804	0	18138	0	454	0	200	0	3436	0	9796	0	24522	0	2454	0	0	0	1812	0	264	0	0	0	0	0	0	0	0	0	0	0	3914	0	0	0	15184	0	0	0	5384	0	0	0	0	0	0	0	0	0	0	0	0	0	0	0	0	0	0	0	0	0	0	0	0	0	0	0	
114216	Angular_R	0	352	0	0	0	0	0	0	0	0	0	0	0	0	0	0	0	0	0	144	0	0	0	0	0	0	0	0	0	0	0	0	0	144	0	0	0	0	0	0	0	0	0	806	0	256	0	0	0	3030	0	9590	0	0	0	344	0	1902	0	7734	0	16188	0	5466	0	0	0	890	0	1564	0	0	0	0	0	0	0	0	0	0	0	686	0	0	0	5674	0	0	0	2338	0	0	0	0	0	0	0	0	0	0	0	0	0	0	0	0	0	0	0	0	0	0	0	0	0	0	
296708	Precuneus_L	1002	232	0	0	0	0	162	0	0	0	0	0	0	0	0	0	0	0	126	326	0	0	0	0	0	0	0	0	182	0	0	0	3616	1448	5716	906	2956	300	1768	0	0	0	14210	588	12964	4466	4792	100	12450	4398	21106	1642	3372	0	2984	174	4260	1140	14204	306	3724	164	976	506	1812	0	0	6530	5544	1434	0	0	0	0	0	0	0	0	0	0	0	150	0	0	4200	146	0	0	1272	0	0	0	0	0	0	0	0	0	0	0	0	0	0	0	0	0	0	0	0	0	0	0	0	0	0	0	
388000	Precuneus_R	0	2590	0	0	0	0	0	126	0	0	0	0	0	0	0	0	0	304	152	5576	0	0	0	0	0	0	0	0	0	330	0	0	644	10434	1894	10754	828	3788	752	822	0	0	0	16978	160	26714	0	7570	0	24302	0	8176	0	1970	0	5454	0	11846	0	7148	0	2032	0	1948	0	890	6530	0	152	22300	0	0	0	0	0	0	0	362	0	152	0	758	0	0	0	5324	0	0	0	3668	0	0	0	0	0	0	0	120	0	0	0	0	0	0	0	0	0	0	0	0	452	0	0	0	0	0	
199076	Paracentral_Lobule_L	15144	4184	460	584	0	0	420	0	0	0	0	0	0	0	0	0	158	0	5720	9542	0	0	0	0	0	0	0	0	398	0	0	0	4326	7780	5082	778	244	0	0	0	0	0	370	0	620	0	124	0	718	0	8314	0	3092	0	2718	0	9638	0	2320	0	532	0	500	0	264	0	5544	152	0	4498	0	134	0	0	0	0	136	142	0	0	204	0	0	0	2878	0	0	0	1820	0	0	0	0	0	0	0	0	0	0	0	0	0	0	0	0	0	0	0	0	0	0	0	0	0	0	0	
329684	Paracentral_Lobule_R	544	19514	0	348	0	0	0	216	0	0	0	200	0	0	0	0	0	530	1822	19710	0	0	0	0	0	0	0	0	0	1680	0	0	648	16912	1514	4186	0	1274	0	0	0	0	0	4780	0	9248	0	1566	0	7684	346	2038	0	394	0	3680	0	20668	0	3432	0	1626	0	752	0	1564	1434	22300	4498	0	0	0	0	0	0	0	0	0	0	294	0	2242	0	0	190	3014	0	0	0	3994	0	0	0	0	0	0	0	0	0	0	0	0	0	0	0	0	0	0	0	0	0	0	0	0	0	0	
306184	Caudate_L	4792	1180	17090	5028	3370	0	1750	3396	782	0	574	826	1088	0	1060	0	258	0	12542	5232	5590	6442	906	0	396	106	1522	0	1970	282	11266	6324	0	1484	0	0	650	182	0	0	0	0	0	0	0	0	0	0	0	0	0	0	0	0	0	0	904	0	0	0	0	0	0	0	0	0	0	0	0	0	0	18036	21870	1402	6368	0	8004	420	0	0	0	0	0	0	0	0	0	0	0	0	0	0	0	0	0	0	0	0	0	0	0	0	0	0	0	0	0	0	0	0	0	0	0	0	0	0	
511524	Caudate_R	1372	5314	4046	31754	966	9470	574	1858	98	1028	144	4708	114	3868	174	1172	0	132	7600	28632	4066	5656	696	5520	426	9456	660	1718	262	7452	5418	33548	88	9984	0	0	0	402	0	0	0	0	0	0	0	0	0	0	0	0	0	0	0	0	0	0	0	0	0	0	0	0	0	0	0	0	0	0	134	0	18036	0	6002	22862	1528	1402	390	17032	0	0	0	0	0	0	0	0	0	0	0	0	0	0	0	0	0	0	0	0	0	0	0	0	0	0	0	0	0	0	0	0	0	0	0	0	0	0	
475796	Putamen_L	7976	0	36652	662	11374	0	13392	310	7838	0	5000	0	4690	0	10598	0	1404	0	23548	642	3170	4138	2518	86	488	0	2084	0	29482	0	11380	2966	0	450	0	0	9458	0	554	0	136	0	0	0	0	0	118	0	0	0	0	0	0	0	502	0	1724	0	0	0	0	0	0	0	0	0	0	0	0	0	21870	6002	0	492	10160	0	2272	0	0	0	848	0	2736	0	0	0	0	0	178	0	0	0	0	0	0	0	0	0	0	0	0	0	0	0	0	0	0	0	0	0	0	0	0	0	0	0	
370360	Putamen_R	0	1590	360	30190	0	8884	0	10942	0	1250	0	7562	0	3104	0	3852	0	1402	3652	15380	366	556	212	4324	0	6626	316	1002	0	21584	1148	11550	0	4756	0	112	0	12860	0	1090	0	86	0	0	0	0	0	98	0	0	0	0	0	0	0	708	0	220	0	0	0	0	0	0	0	0	0	0	0	0	1402	22862	492	0	0	3524	0	730	0	0	0	0	0	110	0	128	0	0	0	150	0	0	0	0	0	0	0	0	0	0	0	0	0	0	0	0	0	0	0	0	0	0	0	0	0	0	
75076	Pallidum_L	2660	0	6234	0	0	0	2462	0	0	0	0	0	0	0	0	0	0	0	3738	0	0	1130	0	0	0	0	0	0	0	0	0	0	0	0	0	0	1070	0	0	0	0	0	0	0	0	0	0	0	0	0	0	0	0	0	0	0	260	0	0	0	0	0	0	0	0	0	0	0	0	0	6368	1528	10160	0	0	0	1928	0	0	0	0	0	0	0	0	0	0	0	0	0	0	0	0	0	0	0	0	0	0	0	0	0	0	0	0	0	0	0	0	0	0	0	0	0	0	0	
26764	Pallidum_R	0	250	0	3270	0	0	0	1244	0	0	0	438	0	94	0	0	0	0	0	2356	0	0	0	0	0	0	0	0	0	0	0	0	0	0	0	0	0	436	0	246	0	0	0	0	0	0	0	0	0	0	0	0	0	0	0	122	0	0	0	0	0	0	0	0	0	0	0	0	0	0	0	1402	0	3524	0	0	0	0	0	0	0	0	0	0	0	0	0	0	0	0	0	0	0	0	0	0	0	0	0	0	0	0	0	0	0	0	0	0	0	0	0	0	0	0	0	0	
108580	Thalamus_L	12894	1376	12214	298	0	0	3394	0	0	0	0	0	0	0	0	0	126	0	3940	108	0	0	0	0	0	0	0	0	386	0	0	0	0	0	0	1066	2774	754	166	0	0	0	0	0	0	0	204	0	0	0	0	0	0	0	0	0	0	0	0	0	0	0	0	0	0	0	0	0	136	0	8004	390	2272	0	1928	0	0	1860	0	0	0	0	0	0	0	0	0	0	0	0	0	0	0	0	0	0	0	0	0	0	0	0	0	0	0	0	0	0	0	0	0	0	0	0	0	0	
157604	Thalamus_R	1848	12048	646	15108	0	0	344	3024	0	0	0	0	0	0	0	0	0	0	182	6418	0	0	0	0	0	0	0	0	222	202	292	564	0	114	2780	4374	3282	4832	780	396	0	0	0	0	0	0	0	162	0	0	0	0	0	0	0	192	154	0	0	0	0	0	0	0	0	0	0	362	142	0	420	17032	0	730	0	0	1860	0	112	0	0	0	0	0	0	180	0	0	0	0	0	0	0	0	0	0	0	0	0	0	0	0	0	0	0	0	0	0	0	0	0	0	0	0	0	0	
45728	Heschl_L	2130	0	0	0	0	0	0	0	0	0	316	0	0	0	0	0	3094	0	0	0	0	0	0	0	0	0	0	0	3216	0	0	0	0	0	158	114	1800	110	0	0	0	0	0	0	0	0	0	0	0	0	110	0	0	0	478	0	2598	0	102	0	0	0	482	0	0	0	0	0	0	0	0	0	0	0	0	0	0	112	0	0	3980	0	0	0	2436	0	0	0	1628	0	0	0	0	0	0	0	0	0	0	0	0	0	0	0	0	0	0	0	0	0	0	0	0	0	0	0	
18344	Heschl_R	0	458	0	348	0	0	0	114	0	0	0	0	0	0	0	0	0	1748	0	222	0	0	0	0	0	0	0	0	0	1132	0	0	0	0	0	0	0	564	0	150	0	0	0	0	0	0	0	0	0	0	0	0	0	0	0	142	0	314	0	0	0	0	0	0	0	0	0	152	0	294	0	0	0	0	0	0	0	0	0	0	0	2856	0	0	0	678	0	0	0	0	0	0	0	0	0	0	0	0	0	0	0	0	0	0	0	0	0	0	0	0	0	0	0	0	0	0	
221132	Temporal_Sup_L	3072	0	7866	98	0	0	2648	0	0	0	8258	0	636	0	188	0	13614	0	2444	96	0	0	0	0	0	0	0	0	10264	0	0	0	0	92	0	0	1902	0	0	0	0	0	0	0	0	0	0	0	0	0	254	0	0	0	1272	0	2606	0	142	0	2060	0	6186	0	3914	0	0	0	204	0	0	0	848	0	0	0	0	0	3980	0	0	0	7058	0	18856	0	254	0	11754	0	0	0	0	0	0	0	0	0	0	0	0	0	0	0	0	0	0	0	0	0	0	0	0	0	0	0	
74664	Temporal_Sup_R	0	2358	0	158	0	0	0	0	0	0	0	0	0	0	0	0	0	1104	0	362	0	0	0	0	0	0	0	0	0	2628	0	0	0	0	0	0	0	750	0	252	0	0	0	0	0	744	0	0	0	784	0	0	0	0	0	1002	0	742	0	1894	0	2074	0	4880	0	686	150	758	0	2242	0	0	0	0	0	0	0	0	0	2856	0	0	0	1500	0	6984	0	0	0	2424	0	0	0	0	0	0	0	0	0	0	0	0	0	0	0	0	0	0	0	0	0	0	0	0	0	0	
132684	Temporal_Pole_Sup_L	802	0	6516	88	0	0	1552	0	448	0	7652	0	1286	0	1292	0	6394	0	2466	88	0	0	0	0	0	0	0	0	9438	0	0	0	0	84	0	0	1436	0	0	0	476	0	0	0	0	0	0	0	0	0	0	0	0	0	1154	0	0	0	0	0	0	0	0	0	0	0	0	0	0	0	0	0	2736	0	0	0	0	0	0	0	7058	0	0	0	6098	0	4426	0	4852	0	0	0	0	0	0	0	0	0	0	0	0	0	0	0	0	0	0	0	0	0	0	0	0	0	0	0	
33020	Temporal_Pole_Sup_R	0	0	0	248	0	0	0	0	0	0	0	310	0	0	0	0	0	316	0	0	0	0	0	0	0	0	0	0	0	632	0	0	0	0	0	0	0	1356	0	1332	0	1630	0	0	0	0	0	0	0	0	0	0	0	0	0	3726	0	0	0	0	0	0	0	0	0	0	0	0	0	0	0	0	0	110	0	0	0	0	0	0	0	1500	0	0	0	1322	0	2690	0	1338	0	0	0	0	0	0	0	0	0	0	0	0	0	0	0	0	0	0	0	0	0	0	0	0	0	0	
281208	Temporal_Mid_L	298	162	0	0	0	0	0	0	0	0	0	0	0	0	0	0	816	0	0	190	0	0	0	0	0	0	0	0	902	0	0	0	640	182	768	0	2392	0	0	0	0	0	4496	0	1790	0	552	0	1768	0	22446	0	3944	0	4310	0	2136	0	1970	0	7494	0	1572	0	15184	0	4200	0	2878	190	0	0	0	0	0	0	0	0	2436	0	18856	0	6098	0	0	0	4828	0	27106	0	0	0	0	0	0	0	0	0	0	0	0	0	0	0	0	0	0	0	0	0	0	0	0	0	0	0	
230624	Temporal_Mid_R	0	1812	0	0	0	0	0	0	0	0	0	0	0	0	0	0	0	0	0	644	0	0	0	0	0	0	0	0	0	1080	0	0	0	816	0	658	0	3010	0	384	0	0	0	4368	0	4964	0	424	0	5204	0	11656	0	852	0	4108	0	2704	0	5554	0	6542	0	5628	0	5674	146	5324	0	3014	0	0	0	128	0	0	0	180	0	678	0	6984	0	1322	0	0	0	774	0	30680	0	0	0	0	0	0	0	0	0	0	0	0	0	0	0	0	0	0	0	0	0	0	0	0	0	0	
30976	Temporal_Pole_Mid_L	0	0	0	0	0	0	0	0	0	0	0	0	0	0	0	0	0	0	0	0	0	0	0	0	0	0	0	0	96	0	0	0	0	0	0	0	200	0	0	0	170	0	0	0	0	0	0	0	0	0	0	0	0	0	924	0	0	0	0	0	0	0	0	0	0	0	0	0	0	0	0	0	0	0	0	0	0	0	0	0	254	0	4426	0	4828	0	0	0	4590	0	0	0	0	0	0	0	0	0	0	0	0	0	0	0	0	0	0	0	0	0	0	0	0	0	0	0	
18812	Temporal_Pole_Mid_R	0	0	0	0	0	0	0	0	0	0	0	0	0	0	0	0	0	0	0	0	0	0	0	0	0	0	0	0	0	0	0	0	0	0	0	0	0	264	0	1058	0	368	0	0	0	0	0	0	0	0	0	0	0	0	0	2950	0	0	0	0	0	0	0	0	0	0	0	0	0	0	0	0	0	0	0	0	0	0	0	0	0	0	0	2690	0	774	0	0	0	1302	0	0	0	0	0	0	0	0	0	0	0	0	0	0	0	0	0	0	0	0	0	0	0	0	0	0	
201348	Temporal_Inf_L	630	0	112	0	0	0	0	0	0	0	0	0	0	0	0	0	594	0	0	0	0	0	0	0	0	0	0	0	1582	0	0	0	0	0	412	0	4482	0	676	0	726	0	912	0	0	0	584	0	146	0	3122	0	2286	0	9834	0	2520	0	1574	0	4644	0	4604	0	5384	0	1272	0	1820	0	0	0	178	0	0	0	0	0	1628	0	11754	0	4852	0	27106	0	4590	0	0	0	1522	0	1128	0	0	0	0	0	0	0	0	0	0	0	0	0	0	0	0	0	0	0	0	0	0	0	
169044	Temporal_Inf_R	0	3370	0	0	0	0	0	0	0	0	0	0	0	0	0	0	0	0	0	698	0	0	0	0	0	0	0	0	0	792	0	0	0	278	0	276	0	3408	0	572	0	0	0	2932	0	1550	0	586	0	1532	0	1590	0	2442	0	9062	0	2618	0	1668	0	2664	0	1378	0	2338	0	3668	0	3994	0	0	0	150	0	0	0	0	0	0	0	2424	0	1338	0	30680	0	1302	0	0	0	846	0	136	0	0	0	0	0	230	0	0	0	0	0	0	0	0	0	0	0	0	0	0	0	0	
446372	Cerebelum_Crus1_L	0	0	0	0	0	0	0	0	0	0	0	0	0	0	0	0	0	0	0	0	0	0	0	0	0	0	0	0	0	0	0	0	0	0	0	0	0	0	0	0	0	0	0	0	0	0	7046	1600	0	0	0	0	0	0	17344	0	0	0	0	0	0	0	0	0	0	0	0	0	0	0	0	0	0	0	0	0	0	0	0	0	0	0	0	0	0	0	0	0	1522	0	0	10840	44138	19000	330	144	7872	1144	41290	9258	7276	4252	10354	9174	260	1108	0	106	0	100	2274	6224	19650	516	364	0	
381508	Cerebelum_Crus1_R	0	0	0	0	0	0	0	0	0	0	0	0	0	0	0	0	0	0	0	0	0	0	0	0	0	0	0	0	0	0	0	0	0	0	0	0	0	0	0	0	0	0	0	0	0	0	2482	6980	0	0	0	0	0	332	3068	6388	0	0	0	0	0	0	0	0	0	0	0	0	0	0	0	0	0	0	0	0	0	0	0	0	0	0	0	0	0	0	0	0	0	846	10840	0	5150	37212	540	0	3212	6334	13758	45344	546	2600	4238	10276	488	616	0	0	0	234	3788	8478	15246	1446	312	0	
442876	Cerebelum_Crus2_L	0	0	0	0	0	0	0	0	0	0	0	0	0	0	0	0	0	0	0	0	0	0	0	0	0	0	0	0	0	0	0	0	0	0	0	0	0	0	0	0	0	0	0	0	0	0	244	0	0	0	0	0	0	0	3522	0	0	0	0	0	0	0	0	0	0	0	0	0	0	0	0	0	0	0	0	0	0	0	0	0	0	0	0	0	0	0	0	0	1128	0	44138	5150	0	27168	314	372	3130	384	18614	2510	25878	9488	27542	18570	1308	2686	228	198	0	290	596	274	21420	5220	1066	0	
533248	Cerebelum_Crus2_R	0	0	0	0	0	0	0	0	0	0	0	0	0	0	0	0	0	0	0	0	0	0	0	0	0	0	0	0	0	0	0	0	0	0	0	0	0	0	0	0	0	0	0	0	0	0	532	400	0	0	0	0	0	0	2152	488	0	0	0	0	0	0	0	0	0	0	0	0	0	0	0	0	0	0	0	0	0	0	0	0	0	0	0	0	0	0	0	0	0	136	19000	37212	27168	0	634	478	4888	840	19284	14962	9250	25426	19854	37730	1484	2996	412	316	118	410	1148	1944	29694	6460	1208	0	
30600	Cerebelum_3_L	0	0	0	0	0	0	0	0	0	0	0	0	0	0	0	0	0	0	0	0	0	0	0	0	0	0	0	0	0	0	0	0	0	0	0	0	0	0	86	0	0	0	0	0	0	0	0	0	0	0	0	0	0	0	124	0	0	0	0	0	0	0	0	0	0	0	0	0	0	0	0	0	0	0	0	0	0	0	0	0	0	0	0	0	0	0	0	0	0	0	330	540	314	634	0	286	4448	148	1106	888	0	0	716	322	358	120	0	0	430	832	876	764	1464	362	152	0	
42448	Cerebelum_3_R	0	0	0	0	0	0	0	0	0	0	0	0	0	0	0	0	0	0	0	0	0	0	0	0	0	0	0	0	0	0	0	0	0	0	0	0	0	0	0	0	0	0	0	0	0	0	0	104	0	0	0	0	0	0	0	0	0	0	0	0	0	0	0	0	0	0	0	0	0	0	0	0	0	0	0	0	0	0	0	0	0	0	0	0	0	0	0	0	0	0	144	0	372	478	286	0	626	4324	558	3368	128	0	478	742	90	744	0	0	902	4438	1022	130	720	810	760	0	
203628	Cerebelum_4_5_L	0	0	0	0	0	0	0	0	0	0	0	0	0	0	0	0	0	0	0	0	0	0	0	0	0	0	0	0	0	0	0	0	0	0	0	0	0	0	0	0	0	0	0	0	0	0	2462	368	0	0	0	0	0	0	6276	0	0	0	0	0	0	0	0	0	0	0	0	0	0	0	0	0	0	0	0	0	0	0	0	0	0	0	0	0	0	0	0	0	0	0	7872	3212	3130	4888	4448	626	0	2556	24564	5146	0	0	3622	2088	1664	1288	112	154	294	1246	9494	4330	6970	2702	1682	620	
130028	Cerebelum_4_5_R	0	0	0	0	0	0	0	0	0	0	0	0	0	0	0	0	0	0	0	0	0	0	0	0	0	0	0	0	0	0	0	0	0	0	0	0	0	136	0	142	0	0	0	0	0	0	368	1264	0	0	0	0	0	0	708	294	0	0	0	0	0	0	0	0	0	0	0	120	0	0	0	0	0	0	0	0	0	0	0	0	0	0	0	0	0	0	0	0	0	0	1144	6334	384	840	148	4324	2556	0	3456	20516	140	0	434	1552	122	796	0	0	96	2818	10298	2000	2000	1290	734	0	
509904	Cerebelum_6_L	0	0	0	0	0	0	0	0	0	0	0	0	0	0	0	0	0	0	0	0	0	0	0	0	0	0	0	0	0	0	0	0	0	0	0	0	0	0	0	0	0	0	0	0	0	0	8974	3114	0	0	0	0	0	0	20030	0	0	0	0	0	0	0	0	0	0	0	0	0	0	0	0	0	0	0	0	0	0	0	0	0	0	0	0	0	0	0	0	0	0	0	41290	13758	18614	19284	1106	558	24564	3456	0	15566	4496	1620	9280	10860	636	3010	382	416	132	638	7848	12502	25018	5180	2362	258	
376340	Cerebelum_6_R	0	0	0	0	0	0	0	0	0	0	0	0	0	0	0	0	0	0	0	0	0	0	0	0	0	0	0	0	0	0	0	0	0	0	0	0	0	0	0	0	0	0	0	0	0	0	2862	6612	0	0	0	0	0	0	3430	5936	0	0	0	0	0	0	0	0	0	0	0	0	0	0	0	0	0	0	0	0	0	0	0	0	0	0	0	0	0	0	0	0	0	230	9258	45344	2510	14962	888	3368	5146	20516	15566	0	414	474	3356	4228	816	682	0	0	0	2286	9616	11470	15326	2520	354	0	
192032	Cerebelum_7b_L	0	0	0	0	0	0	0	0	0	0	0	0	0	0	0	0	0	0	0	0	0	0	0	0	0	0	0	0	0	0	0	0	0	0	0	0	0	0	0	0	0	0	0	0	0	0	0	0	0	0	0	0	0	0	104	0	0	0	0	0	0	0	0	0	0	0	0	0	0	0	0	0	0	0	0	0	0	0	0	0	0	0	0	0	0	0	0	0	0	0	7276	546	25878	9250	0	128	0	140	4496	414	0	6008	23680	6892	344	936	154	174	0	110	154	0	5064	3782	486	0	
177080	Cerebelum_7b_R	0	0	0	0	0	0	0	0	0	0	0	0	0	0	0	0	0	0	0	0	0	0	0	0	0	0	0	0	0	0	0	0	0	0	0	0	0	0	0	0	0	0	0	0	0	0	0	0	0	0	0	0	0	0	0	0	0	0	0	0	0	0	0	0	0	0	0	0	0	0	0	0	0	0	0	0	0	0	0	0	0	0	0	0	0	0	0	0	0	0	4252	2600	9488	25426	0	0	0	0	1620	474	6008	0	7906	23768	436	564	0	0	0	0	0	0	3806	2192	0	0	
360996	Cerebelum_8_L	0	0	0	0	0	0	0	0	0	0	0	0	0	0	0	0	0	0	0	0	0	0	0	0	0	0	0	0	0	0	0	0	0	0	0	0	0	0	0	0	0	0	0	0	0	0	84	0	0	0	0	0	0	0	298	0	0	0	0	0	0	0	0	0	0	0	0	0	0	0	0	0	0	0	0	0	0	0	0	0	0	0	0	0	0	0	0	0	0	0	10354	4238	27542	19854	716	478	3622	434	9280	3356	23680	7906	0	16684	12396	4842	2650	394	178	602	604	364	15994	10932	3016	0	
385612	Cerebelum_8_R	0	0	0	0	0	0	0	0	0	0	0	0	0	0	0	0	0	0	0	0	0	0	0	0	0	0	0	0	0	0	0	0	0	0	0	0	0	0	0	0	0	0	0	0	0	0	122	0	0	0	0	0	0	0	468	0	0	0	0	0	0	0	0	0	0	0	0	0	0	0	0	0	0	0	0	0	0	0	0	0	0	0	0	0	0	0	0	0	0	0	9174	10276	18570	37730	322	742	2088	1552	10860	4228	6892	23768	16684	0	1564	14450	556	712	230	796	1410	648	18592	8398	1974	0	
75488	Cerebelum_9_L	0	0	0	0	0	0	0	0	0	0	0	0	0	0	0	0	0	0	0	0	0	0	0	0	0	0	0	0	0	0	0	0	0	0	0	0	0	0	0	0	0	0	0	0	0	0	0	0	0	0	0	0	0	0	102	0	0	0	0	0	0	0	0	0	0	0	0	0	0	0	0	0	0	0	0	0	0	0	0	0	0	0	0	0	0	0	0	0	0	0	260	488	1308	1484	358	90	1664	122	636	816	344	436	12396	1564	0	1404	4074	0	0	96	628	1414	2442	3186	1666	766	
121776	Cerebelum_9_R	0	0	0	0	0	0	0	0	0	0	0	0	0	0	0	0	0	0	0	0	0	0	0	0	0	0	0	0	0	0	0	0	0	0	0	0	0	0	0	0	0	0	0	0	0	0	0	0	0	0	0	0	0	0	0	0	0	0	0	0	0	0	0	0	0	0	0	0	0	0	0	0	0	0	0	0	0	0	0	0	0	0	0	0	0	0	0	0	0	0	1108	616	2686	2996	120	744	1288	796	3010	682	936	564	4842	14450	1404	0	172	938	532	1400	1894	1170	4000	7396	5918	1226	
19656	Cerebelum_10_L	0	0	0	0	0	0	0	0	0	0	0	0	0	0	0	0	0	0	0	0	0	0	0	0	0	0	0	0	0	0	0	0	0	0	0	0	0	0	0	0	0	0	0	0	0	0	0	0	0	0	0	0	0	0	0	0	0	0	0	0	0	0	0	0	0	0	0	0	0	0	0	0	0	0	0	0	0	0	0	0	0	0	0	0	0	0	0	0	0	0	0	0	228	412	0	0	112	0	382	0	154	0	2650	556	4074	172	0	0	0	0	0	0	496	472	120	0	
9292	Cerebelum_10_R	0	0	0	0	0	0	0	0	0	0	0	0	0	0	0	0	0	0	0	0	0	0	0	0	0	0	0	0	0	0	0	0	0	0	0	0	0	0	0	0	0	0	0	0	0	0	0	0	0	0	0	0	0	0	0	0	0	0	0	0	0	0	0	0	0	0	0	0	0	0	0	0	0	0	0	0	0	0	0	0	0	0	0	0	0	0	0	0	0	0	106	0	198	316	0	0	154	0	416	0	174	0	394	712	0	938	0	0	0	0	0	0	402	476	360	0	
18904	Vermis_1_2	0	0	0	0	0	0	0	0	0	0	0	0	0	0	0	0	0	0	0	0	0	0	0	0	0	0	0	0	0	0	0	0	0	0	0	0	0	0	0	0	0	0	0	0	0	0	0	0	0	0	0	0	0	0	0	0	0	0	0	0	0	0	0	0	0	0	0	0	0	0	0	0	0	0	0	0	0	0	0	0	0	0	0	0	0	0	0	0	0	0	0	0	0	118	430	902	294	96	132	0	0	0	178	230	0	532	0	0	0	5098	748	0	188	244	262	0	
53784	Vermis_3	0	0	0	0	0	0	0	0	0	0	0	0	0	0	0	0	0	0	0	0	0	0	0	0	0	0	0	0	0	0	0	0	0	0	0	0	0	0	190	0	0	0	0	0	0	0	0	0	0	0	0	0	0	0	0	0	0	0	0	0	0	0	0	0	0	0	0	0	0	0	0	0	0	0	0	0	0	0	0	0	0	0	0	0	0	0	0	0	0	0	100	234	290	410	832	4438	1246	2818	638	2286	110	0	602	796	96	1400	0	0	5098	0	2586	150	860	852	860	0	
153188	Vermis_4_5	0	0	0	0	0	0	0	0	0	0	0	0	0	0	0	0	0	0	0	0	0	0	0	0	0	0	0	0	0	0	0	0	0	0	0	414	0	460	0	92	0	0	0	0	0	0	930	1376	0	0	0	0	0	0	1226	0	0	0	0	0	0	0	0	0	0	0	0	452	0	0	0	0	0	0	0	0	0	0	0	0	0	0	0	0	0	0	0	0	0	0	2274	3788	596	1148	876	1022	9494	10298	7848	9616	154	0	604	1410	628	1894	0	0	748	2586	0	6144	3404	3572	2334	1206	
165852	Vermis_6	0	0	0	0	0	0	0	0	0	0	0	0	0	0	0	0	0	0	0	0	0	0	0	0	0	0	0	0	0	0	0	0	0	0	0	0	0	0	0	0	0	0	0	0	0	0	3642	3604	0	0	0	0	0	0	4344	0	0	0	0	0	0	0	0	0	0	0	0	0	0	0	0	0	0	0	0	0	0	0	0	0	0	0	0	0	0	0	0	0	0	0	6224	8478	274	1944	764	130	4330	2000	12502	11470	0	0	364	648	1414	1170	0	0	0	150	6144	0	5792	3390	2132	2016	
430068	Vermis_7	0	0	0	0	0	0	0	0	0	0	0	0	0	0	0	0	0	0	0	0	0	0	0	0	0	0	0	0	0	0	0	0	0	0	0	0	0	0	0	0	0	0	0	0	0	0	842	118	0	0	0	0	0	0	3204	0	0	0	0	0	0	0	0	0	0	0	0	0	0	0	0	0	0	0	0	0	0	0	0	0	0	0	0	0	0	0	0	0	0	0	19650	15246	21420	29694	1464	720	6970	2000	25018	15326	5064	3806	15994	18592	2442	4000	496	402	188	860	3404	5792	0	9028	2904	390	
180376	Vermis_8	0	0	0	0	0	0	0	0	0	0	0	0	0	0	0	0	0	0	0	0	0	0	0	0	0	0	0	0	0	0	0	0	0	0	0	0	0	0	0	0	0	0	0	0	0	0	0	0	0	0	0	0	0	0	110	0	0	0	0	0	0	0	0	0	0	0	0	0	0	0	0	0	0	0	0	0	0	0	0	0	0	0	0	0	0	0	0	0	0	0	516	1446	5220	6460	362	810	2702	1290	5180	2520	3782	2192	10932	8398	3186	7396	472	476	244	852	3572	3390	9028	0	7470	2182	
80880	Vermis_9	0	0	0	0	0	0	0	0	0	0	0	0	0	0	0	0	0	0	0	0	0	0	0	0	0	0	0	0	0	0	0	0	0	0	0	0	0	0	0	0	0	0	0	0	0	0	0	0	0	0	0	0	0	0	0	0	0	0	0	0	0	0	0	0	0	0	0	0	0	0	0	0	0	0	0	0	0	0	0	0	0	0	0	0	0	0	0	0	0	0	364	312	1066	1208	152	760	1682	734	2362	354	486	0	3016	1974	1666	5918	120	360	262	860	2334	2132	2904	7470	0	1944	
