data	data	484640	278300	931940	783660	123260	97248	429488	295832	55220	33728	261068	208320	308924	222660	141540	149480	226364	134996	728972	775244	66036	83968	334188	301328	9080	50800	24464	64060	644460	374608	166544	359068	115472	521352	162280	195464	243744	323996	93552	145616	33152	65356	195672	274572	131644	285004	235428	238424	139284	307936	342796	169456	170780	60456	339612	296508	259632	189564	128072	81312	197940	99324	141616	139752	136096	77080	273312	326092	282424	142172	201252	391432	304416	367440	65992	10472	100416	197680	71360	19912	139316	137600	148704	48676	262380	192808	36420	16760	262664	199664	429612	438468	311756	369352	21620	56932	297416	192756	438108	379260	205388	114652	185756	210748	57600	70520	11760	9228	24224	55860	211104	187328	256804	141308	69936	20820	
data	data	Precentral_L	Precentral_R	Frontal_Sup_L	Frontal_Sup_R	Frontal_Sup_Orb_L	Frontal_Sup_Orb_R	Frontal_Mid_L	Frontal_Mid_R	Frontal_Mid_Orb_L	Frontal_Mid_Orb_R	Frontal_Inf_Oper_L	Frontal_Inf_Oper_R	Frontal_Inf_Tri_L	Frontal_Inf_Tri_R	Frontal_Inf_Orb_L	Frontal_Inf_Orb_R	Rolandic_Oper_L	Rolandic_Oper_R	Supp_Motor_Area_L	Supp_Motor_Area_R	Olfactory_L	Olfactory_R	Frontal_Sup_Medial_L	Frontal_Sup_Medial_R	Frontal_Med_Orb_L	Frontal_Med_Orb_R	Rectus_L	Rectus_R	Insula_L	Insula_R	Cingulum_Ant_L	Cingulum_Ant_R	Cingulum_Mid_L	Cingulum_Mid_R	Cingulum_Post_L	Cingulum_Post_R	Hippocampus_L	Hippocampus_R	ParaHippocampal_L	ParaHippocampal_R	Amygdala_L	Amygdala_R	Calcarine_L	Calcarine_R	Cuneus_L	Cuneus_R	Lingual_L	Lingual_R	Occipital_Sup_L	Occipital_Sup_R	Occipital_Mid_L	Occipital_Mid_R	Occipital_Inf_L	Occipital_Inf_R	Fusiform_L	Fusiform_R	Postcentral_L	Postcentral_R	Parietal_Sup_L	Parietal_Sup_R	Parietal_Inf_L	Parietal_Inf_R	SupraMarginal_L	SupraMarginal_R	Angular_L	Angular_R	Precuneus_L	Precuneus_R	Paracentral_Lobule_L	Paracentral_Lobule_R	Caudate_L	Caudate_R	Putamen_L	Putamen_R	Pallidum_L	Pallidum_R	Thalamus_L	Thalamus_R	Heschl_L	Heschl_R	Temporal_Sup_L	Temporal_Sup_R	Temporal_Pole_Sup_L	Temporal_Pole_Sup_R	Temporal_Mid_L	Temporal_Mid_R	Temporal_Pole_Mid_L	Temporal_Pole_Mid_R	Temporal_Inf_L	Temporal_Inf_R	Cerebelum_Crus1_L	Cerebelum_Crus1_R	Cerebelum_Crus2_L	Cerebelum_Crus2_R	Cerebelum_3_L	Cerebelum_3_R	Cerebelum_4_5_L	Cerebelum_4_5_R	Cerebelum_6_L	Cerebelum_6_R	Cerebelum_7b_L	Cerebelum_7b_R	Cerebelum_8_L	Cerebelum_8_R	Cerebelum_9_L	Cerebelum_9_R	Cerebelum_10_L	Cerebelum_10_R	Vermis_1_2	Vermis_3	Vermis_4_5	Vermis_6	Vermis_7	Vermis_8	Vermis_9	Vermis_10	
484640	Precentral_L	0	2072	13586	4090	0	0	10200	1706	0	0	14530	0	1668	104	0	0	13060	0	14324	11276	0	0	0	0	0	0	0	0	19528	180	0	0	370	2592	3066	2300	13640	610	2992	0	0	0	0	0	232	0	456	0	226	0	3160	0	2280	0	784	0	25462	154	1166	100	5176	0	3480	0	0	0	2126	170	22064	1144	1452	3006	9120	0	3968	0	9572	5140	4576	0	2248	0	938	0	1474	0	0	0	752	0	0	0	0	0	0	0	0	0	0	0	0	0	0	0	0	0	0	0	0	0	0	0	0	0	0	0	
278300	Precentral_R	2072	0	1452	11278	0	0	190	13248	0	0	178	3682	0	244	0	0	158	3772	1780	1630	0	0	0	0	0	0	0	0	422	6710	0	0	0	3550	1242	4174	776	12032	240	1088	0	0	0	360	0	896	0	884	0	1098	0	298	0	0	0	1180	758	27594	0	876	0	306	0	2198	0	0	0	4758	400	8810	0	452	0	6348	0	236	202	4946	0	384	0	1620	0	0	0	2396	0	0	0	2232	0	0	0	0	0	0	0	0	0	0	0	0	0	0	0	0	0	0	0	0	0	0	0	0	0	0	
931940	Frontal_Sup_L	13586	1452	0	15118	8012	0	66978	3096	2250	0	14372	1232	28310	1880	8332	670	11866	240	94618	22750	0	0	41888	1454	456	0	0	0	41294	1938	7492	2884	4188	3612	0	0	2502	172	526	0	0	0	0	0	0	0	0	0	0	0	0	0	0	0	0	0	930	114	0	0	0	0	140	0	0	0	0	0	694	0	10040	7118	24460	1836	6524	0	1924	606	0	0	2546	0	5766	0	0	0	0	0	104	0	0	0	0	0	0	0	0	0	0	0	0	0	0	0	0	0	0	0	0	0	0	0	0	0	0	0	
783660	Frontal_Sup_R	4090	11278	15118	0	0	2172	798	31744	0	1460	252	10232	252	9294	0	9992	162	5290	18018	73890	0	100	8958	30006	0	1376	0	0	1606	16660	2416	21754	746	20784	2772	5700	3596	10328	1674	1082	0	0	0	0	0	0	130	828	0	0	0	0	0	0	132	150	0	522	0	0	0	0	0	0	0	0	0	2242	1374	0	2312	22752	968	19230	0	1136	1826	12908	148	166	134	542	0	730	0	0	0	0	0	0	0	0	0	0	0	0	0	0	0	0	0	0	0	0	0	0	0	0	0	0	0	0	0	0	0	0	
123260	Frontal_Sup_Orb_L	0	0	8012	0	0	392	2686	0	9316	0	0	0	2924	0	11716	0	0	0	0	0	1450	1160	1214	0	1024	108	3990	762	2734	0	2586	268	0	0	0	0	0	0	0	0	0	0	0	0	0	0	0	0	0	0	0	0	0	0	0	0	0	0	0	0	0	0	0	0	0	0	0	0	0	0	2056	392	8610	230	0	0	0	0	0	0	0	0	0	0	0	0	0	0	0	0	0	0	0	0	0	0	0	0	0	0	0	0	0	0	0	0	0	0	0	0	0	0	0	0	0	0	
97248	Frontal_Sup_Orb_R	0	0	0	2172	392	0	0	672	144	5894	0	0	0	606	164	4494	0	0	0	0	914	2106	148	2602	186	5960	274	5726	0	1334	312	2134	0	0	0	0	0	0	0	0	0	118	0	0	0	0	0	0	0	0	0	0	0	0	0	0	0	0	0	0	0	0	0	0	0	0	0	0	0	0	866	6186	130	5090	0	0	0	0	0	0	0	0	0	0	0	0	0	0	0	0	0	0	0	0	0	0	0	0	0	0	0	0	0	0	0	0	0	0	0	0	0	0	0	0	0	0	
429488	Frontal_Mid_L	10200	190	66978	798	2686	0	0	530	1206	0	10554	456	32094	676	5372	168	3914	0	14432	544	0	0	19246	0	0	0	0	0	28362	642	1276	0	1852	0	0	0	878	0	234	0	0	0	0	0	0	0	0	0	0	0	0	0	0	0	240	0	156	0	0	0	0	0	0	0	0	0	0	0	0	0	1166	414	3800	0	894	0	212	0	196	0	1628	0	2432	0	0	0	0	0	318	0	0	0	0	0	0	0	0	0	0	0	0	0	0	0	0	0	0	0	0	0	0	0	0	0	0	0	
295832	Frontal_Mid_R	1706	13248	3096	31744	0	672	530	0	0	1050	162	13616	192	19892	0	4960	0	568	3960	15144	0	100	446	2126	0	0	0	0	810	5448	2020	3856	0	6902	0	116	0	1756	0	318	0	0	0	0	0	178	0	108	0	198	0	148	0	0	0	410	576	1074	0	102	0	0	0	302	0	0	0	332	352	0	772	1100	338	5474	0	200	0	974	0	126	0	280	0	0	0	104	0	0	0	330	0	0	0	0	0	0	0	0	0	0	0	0	0	0	0	0	0	0	0	0	0	0	0	0	0	0	
55220	Frontal_Mid_Orb_L	0	0	2250	0	9316	144	1206	0	0	0	0	0	994	0	8648	0	0	0	0	0	292	284	0	0	0	0	1170	212	874	0	112	0	0	0	0	0	0	0	0	0	0	0	0	0	0	0	0	0	0	0	0	0	0	0	0	0	0	0	0	0	0	0	0	0	0	0	0	0	0	0	450	0	1658	0	0	0	0	0	0	0	0	0	0	0	0	0	0	0	0	0	0	0	0	0	0	0	0	0	0	0	0	0	0	0	0	0	0	0	0	0	0	0	0	0	0	0	
33728	Frontal_Mid_Orb_R	0	0	0	1460	0	5894	0	1050	0	0	0	0	0	904	0	4866	0	0	0	0	0	114	0	0	0	218	0	754	0	140	0	154	0	0	0	0	0	0	0	0	0	0	0	0	0	0	0	0	0	0	0	0	0	0	0	0	0	0	0	0	0	0	0	0	0	0	0	0	0	0	0	706	0	604	0	0	0	0	0	0	0	0	0	0	0	0	0	0	0	0	0	0	0	0	0	0	0	0	0	0	0	0	0	0	0	0	0	0	0	0	0	0	0	0	0	0	
261068	Frontal_Inf_Oper_L	14530	178	14372	252	0	0	10554	162	0	0	0	0	12448	214	256	0	17316	0	10154	134	0	0	342	0	0	0	0	0	28228	196	542	0	0	0	0	0	806	0	238	0	0	0	0	0	0	0	0	0	0	0	0	0	0	0	0	0	1810	0	0	0	0	0	0	0	0	0	0	0	0	0	982	180	2826	0	1576	0	192	0	728	0	2202	0	9116	0	0	0	0	0	0	0	0	0	0	0	0	0	0	0	0	0	0	0	0	0	0	0	0	0	0	0	0	0	0	0	0	0	
208320	Frontal_Inf_Oper_R	0	3682	1232	10232	0	0	456	13616	0	0	0	0	122	17988	0	0	0	2770	1492	11952	0	0	170	636	0	0	0	0	374	19622	964	1620	0	4874	0	0	0	460	0	0	0	0	0	0	0	0	0	0	0	0	0	0	0	0	0	0	0	1722	0	0	0	0	0	0	0	0	0	0	0	0	772	2286	338	5376	0	0	0	444	0	0	0	196	0	764	0	0	0	0	0	0	0	0	0	0	0	0	0	0	0	0	0	0	0	0	0	0	0	0	0	0	0	0	0	0	0	0	
308924	Frontal_Inf_Tri_L	1668	0	28310	252	2924	0	32094	192	994	0	12448	122	0	620	11468	156	2924	0	13048	0	0	0	3294	0	0	0	0	0	32070	576	1798	0	0	0	0	0	0	0	0	0	0	0	0	0	0	0	0	0	0	0	0	0	0	0	0	0	140	0	0	0	0	0	0	0	0	0	0	0	0	0	782	234	3280	0	0	0	0	0	0	0	414	0	4654	0	0	0	0	0	0	0	0	0	0	0	0	0	0	0	0	0	0	0	0	0	0	0	0	0	0	0	0	0	0	0	0	0	
222660	Frontal_Inf_Tri_R	104	244	1880	9294	0	606	676	19892	0	904	214	17988	620	0	0	9436	0	122	2310	5792	0	108	410	1252	0	0	0	0	1054	17436	1618	3684	0	5424	0	0	0	278	0	0	0	0	0	0	0	0	0	0	0	0	0	0	0	0	0	0	0	138	0	0	0	0	0	0	0	0	0	0	0	0	1560	2918	474	4894	0	0	0	0	0	0	0	0	0	0	0	0	0	0	0	0	0	0	0	0	0	0	0	0	0	0	0	0	0	0	0	0	0	0	0	0	0	0	0	0	0	0	
141540	Frontal_Inf_Orb_L	0	0	8332	0	11716	164	5372	0	8648	0	256	0	11468	0	0	0	0	0	1802	0	992	472	260	0	0	0	686	290	11136	0	354	106	0	0	0	0	0	0	194	0	0	0	0	0	0	0	0	0	0	0	0	0	0	0	0	0	0	0	0	0	0	0	0	0	0	0	0	0	0	0	926	150	6060	0	0	0	0	0	0	0	0	0	1386	0	0	0	0	0	0	0	0	0	0	0	0	0	0	0	0	0	0	0	0	0	0	0	0	0	0	0	0	0	0	0	0	0	
149480	Frontal_Inf_Orb_R	0	0	670	9992	0	4494	168	4960	0	4866	0	0	156	9436	0	0	0	0	690	562	0	1742	3888	4242	0	130	0	2326	266	6480	418	6848	0	5764	0	0	0	0	0	96	0	330	0	0	0	0	0	0	0	0	0	0	0	0	0	0	0	0	0	0	0	0	0	0	0	0	0	0	0	0	782	2670	130	2634	0	0	0	0	0	0	0	0	0	0	0	0	0	0	0	0	0	0	0	0	0	0	0	0	0	0	0	0	0	0	0	0	0	0	0	0	0	0	0	0	0	0	
226364	Rolandic_Oper_L	13060	158	11866	162	0	0	3914	0	0	0	17316	0	2924	0	0	0	0	0	9858	162	0	0	0	0	0	0	0	0	23440	0	110	0	0	0	0	0	496	0	0	0	0	0	0	0	0	0	0	0	0	0	128	0	796	0	528	0	6396	0	152	0	0	0	1614	0	0	0	102	0	124	0	384	0	1588	0	1294	0	0	0	3220	0	7234	0	4628	0	484	0	0	0	1044	0	0	0	0	0	0	0	0	0	0	0	0	0	0	0	0	0	0	0	0	0	0	0	0	0	0	0	
134996	Rolandic_Oper_R	0	3772	240	5290	0	0	0	568	0	0	0	2770	0	122	0	0	0	0	126	4474	0	0	0	0	0	0	0	0	0	15174	0	0	0	166	0	546	0	1366	0	0	0	0	0	122	0	302	0	176	0	358	0	180	0	0	0	374	0	3780	0	110	0	808	0	5732	0	176	0	876	0	160	0	102	0	3966	0	0	0	270	0	2282	0	6958	0	804	0	1960	0	0	0	3388	0	0	0	0	0	0	0	0	0	0	0	0	0	0	0	0	0	0	0	0	0	0	0	0	0	0	
728972	Supp_Motor_Area_L	14324	1780	94618	18018	0	0	14432	3960	0	0	10154	1492	13048	2310	1802	690	9858	126	0	45014	0	0	9180	4926	0	0	0	0	28346	1762	4050	5192	7510	17750	336	0	630	114	0	0	0	0	0	0	0	0	0	0	0	0	0	0	0	0	0	0	878	0	0	0	0	0	140	0	0	0	182	0	13210	0	7538	7994	11436	1872	2656	0	230	1160	0	0	2232	0	3536	0	0	0	0	0	0	0	0	0	0	0	0	0	0	0	0	0	0	0	0	0	0	0	0	0	0	0	0	0	0	0	0	0	
775244	Supp_Motor_Area_R	11276	1630	22750	73890	0	0	544	15144	0	0	134	11952	0	5792	0	562	162	4474	45014	0	0	0	1346	8628	0	0	0	0	872	12872	1992	8746	6022	51744	2260	3736	410	4090	0	660	0	0	0	0	0	0	0	420	0	0	0	0	170	0	332	100	0	872	0	0	0	0	0	0	0	0	248	370	29810	13694	972	19684	462	13518	0	1086	192	7452	0	0	138	506	0	728	0	0	0	0	166	0	0	0	0	0	0	0	0	0	0	0	0	0	0	0	0	0	0	0	0	0	0	0	0	0	0	0	
66036	Olfactory_L	0	0	0	0	1450	914	0	0	292	0	0	0	0	0	992	0	0	0	0	0	0	5578	0	0	0	266	1214	2100	1470	0	3100	1360	0	0	0	0	118	0	362	0	758	0	0	0	0	0	0	0	0	0	0	0	0	0	0	0	0	0	0	0	0	0	0	0	0	0	0	0	0	0	6462	2710	2302	878	0	0	0	0	0	0	0	0	692	0	0	0	0	0	0	0	0	0	0	0	0	0	0	0	0	0	0	0	0	0	0	0	0	0	0	0	0	0	0	0	0	0	
83968	Olfactory_R	0	0	0	100	1160	2106	0	100	284	114	0	0	0	108	472	1742	0	0	0	0	5578	0	0	172	0	586	1172	4694	0	3274	2184	1996	0	0	0	0	0	724	0	436	0	1876	0	0	0	0	0	0	0	0	0	0	0	0	0	0	0	0	0	0	0	0	0	0	0	0	0	0	0	0	6034	3794	1644	1444	0	0	0	0	0	0	0	0	0	190	0	0	0	0	0	0	0	0	0	0	0	0	0	0	0	0	0	0	0	0	0	0	0	0	0	0	0	0	0	0	0	0	
334188	Frontal_Sup_Medial_L	0	0	41888	8958	1214	148	19246	446	0	0	342	170	3294	410	260	3888	0	0	9180	1346	0	0	0	17508	916	324	0	0	4090	438	9000	15884	5066	15618	0	0	0	0	0	0	0	0	0	0	0	0	0	0	0	0	0	0	0	0	0	0	0	0	0	0	0	0	0	0	0	0	0	0	0	0	506	2480	1830	2530	0	0	0	0	0	0	0	0	114	0	0	0	0	0	0	0	0	0	0	0	0	0	0	0	0	0	0	0	0	0	0	0	0	0	0	0	0	0	0	0	0	0	
301328	Frontal_Sup_Medial_R	0	0	1454	30006	0	2602	0	2126	0	0	0	636	0	1252	0	4242	0	0	4926	8628	0	172	17508	0	182	3202	0	228	0	560	2442	29448	172	22880	0	0	0	0	0	0	0	0	0	0	0	0	0	0	0	0	0	0	0	0	0	0	0	0	0	0	0	0	0	0	0	0	0	0	0	0	214	8608	0	9176	0	0	0	0	0	0	0	0	0	0	0	0	0	0	0	0	0	0	0	0	0	0	0	0	0	0	0	0	0	0	0	0	0	0	0	0	0	0	0	0	0	0	
9080	Frontal_Med_Orb_L	0	0	456	0	1024	186	0	0	0	0	0	0	0	0	0	0	0	0	0	0	0	0	916	182	0	470	272	0	0	0	1034	0	0	0	0	0	0	0	0	0	0	0	0	0	0	0	0	0	0	0	0	0	0	0	0	0	0	0	0	0	0	0	0	0	0	0	0	0	0	0	0	0	0	0	0	0	0	0	0	0	0	0	0	0	0	0	0	0	0	0	0	0	0	0	0	0	0	0	0	0	0	0	0	0	0	0	0	0	0	0	0	0	0	0	0	0	
50800	Frontal_Med_Orb_R	0	0	0	1376	108	5960	0	0	0	218	0	0	0	0	0	130	0	0	0	0	266	586	324	3202	470	0	0	3694	0	0	570	3320	0	0	0	0	0	0	0	0	0	0	0	0	0	0	0	0	0	0	0	0	0	0	0	0	0	0	0	0	0	0	0	0	0	0	0	0	0	0	198	3144	0	1834	0	0	0	0	0	0	0	0	0	0	0	0	0	0	0	0	0	0	0	0	0	0	0	0	0	0	0	0	0	0	0	0	0	0	0	0	0	0	0	0	0	0	
24464	Rectus_L	0	0	0	0	3990	274	0	0	1170	0	0	0	0	0	686	0	0	0	0	0	1214	1172	0	0	272	0	0	450	0	0	676	200	0	0	0	0	0	0	0	0	0	0	0	0	0	0	0	0	0	0	0	0	0	0	0	0	0	0	0	0	0	0	0	0	0	0	0	0	0	0	1276	512	340	0	0	0	0	0	0	0	0	0	0	0	0	0	0	0	0	0	0	0	0	0	0	0	0	0	0	0	0	0	0	0	0	0	0	0	0	0	0	0	0	0	0	0	
64060	Rectus_R	0	0	0	0	762	5726	0	0	212	754	0	0	0	0	290	2326	0	0	0	0	2100	4694	0	228	0	3694	450	0	0	2236	692	1402	0	0	0	0	0	0	0	0	0	300	0	0	0	0	0	0	0	0	0	0	0	0	0	0	0	0	0	0	0	0	0	0	0	0	0	0	0	0	1874	2206	374	1710	0	0	0	0	0	0	0	0	0	0	0	0	0	0	0	0	0	0	0	0	0	0	0	0	0	0	0	0	0	0	0	0	0	0	0	0	0	0	0	0	0	0	
644460	Insula_L	19528	422	41294	1606	2734	0	28362	810	874	0	28228	374	32070	1054	11136	266	23440	0	28346	872	1470	0	4090	0	0	0	0	0	0	1004	2708	96	250	0	342	154	11096	0	1190	0	1840	0	0	0	0	0	104	0	0	0	898	0	2498	0	2862	0	3664	0	338	0	0	0	196	0	0	0	810	0	768	0	5688	1096	21034	254	494	0	1948	204	7066	0	8968	0	13102	0	968	0	0	0	3614	0	0	0	0	0	0	0	0	0	0	0	0	0	0	0	0	0	0	0	0	0	0	0	0	0	0	0	
374608	Insula_R	180	6710	1938	16660	0	1334	642	5448	0	140	196	19622	576	17436	0	6480	0	15174	1762	12872	0	3274	438	560	0	0	0	2236	1004	0	352	1478	0	3496	0	1748	0	6110	0	984	0	2720	0	144	0	226	0	518	0	256	0	278	0	0	0	1296	0	3838	0	178	0	634	0	1576	0	142	0	2046	0	190	1588	4676	654	21866	0	0	0	540	0	2086	0	3920	0	1254	0	3146	0	0	0	4682	0	0	0	0	0	0	0	0	0	0	0	0	0	0	0	0	0	0	0	0	0	0	0	0	0	0	
166544	Cingulum_Ant_L	0	0	7492	2416	2586	312	1276	2020	112	0	542	964	1798	1618	354	418	110	0	4050	1992	3100	2184	9000	2442	1034	570	676	692	2708	352	0	12306	3090	2626	0	0	0	0	0	0	128	0	0	0	0	0	0	0	0	0	0	0	0	0	0	0	0	0	0	0	0	0	0	0	0	0	0	0	0	0	4444	2244	5922	1510	0	0	0	0	0	0	0	0	184	0	0	0	0	0	0	0	0	0	0	0	0	0	0	0	0	0	0	0	0	0	0	0	0	0	0	0	0	0	0	0	0	0	
359068	Cingulum_Ant_R	0	0	2884	21754	268	2134	0	3856	0	154	0	1620	0	3684	106	6848	0	0	5192	8746	1360	1996	15884	29448	0	3320	200	1402	96	1478	12306	0	1146	25646	0	0	0	0	0	0	0	116	0	0	0	0	0	0	0	0	0	0	0	0	0	0	0	0	0	0	0	0	0	0	0	0	0	0	0	0	2498	13380	642	11370	0	0	0	0	0	0	0	0	0	0	0	0	0	0	0	0	0	0	0	0	0	0	0	0	0	0	0	0	0	0	0	0	0	0	0	0	0	0	0	0	0	0	
115472	Cingulum_Mid_L	370	0	4188	746	0	0	1852	0	0	0	0	0	0	0	0	0	0	0	7510	6022	0	0	5066	172	0	0	0	0	250	0	3090	1146	0	9170	4072	882	0	0	0	0	0	0	762	0	306	0	0	0	244	0	522	0	1164	0	1040	0	136	0	0	0	0	0	0	0	0	0	4378	244	3592	184	0	0	194	0	0	0	0	0	0	0	0	0	0	0	0	0	0	0	434	0	0	0	0	0	0	0	0	0	0	0	0	0	0	0	0	0	0	0	0	0	0	0	0	0	0	0	
521352	Cingulum_Mid_R	2592	3550	3612	20784	0	0	0	6902	0	0	0	4874	0	5424	0	5764	0	166	17750	51744	0	0	15618	22880	0	0	0	0	0	3496	2626	25646	9170	0	1430	7730	0	158	0	0	0	0	0	1034	0	552	0	0	0	456	0	150	0	0	0	230	0	3166	0	0	0	0	0	0	0	0	1400	5580	18016	13000	0	1300	0	2368	0	0	0	0	0	0	0	0	0	0	0	742	0	0	0	766	0	0	0	0	0	0	0	0	0	0	0	0	0	0	0	0	0	0	0	0	0	0	0	0	0	0	
162280	Cingulum_Post_L	3066	1242	0	2772	0	0	0	0	0	0	0	0	0	0	0	0	0	0	336	2260	0	0	0	0	0	0	0	0	342	0	0	0	4072	1430	0	9012	8976	1250	3398	0	0	0	5538	0	1308	0	592	0	0	0	376	0	3512	0	3998	0	284	178	0	0	0	0	0	0	0	0	10024	736	4656	1944	0	1826	0	0	0	0	1638	4512	536	0	0	0	0	0	0	0	0	0	1326	0	0	0	0	0	0	0	0	0	0	0	0	0	0	0	0	0	0	0	0	0	0	0	0	0	0	0	
195464	Cingulum_Post_R	2300	4174	0	5700	0	0	0	116	0	0	0	0	0	0	0	0	0	546	0	3736	0	0	0	0	0	0	0	0	154	1748	0	0	882	7730	9012	0	4544	9288	2030	1328	0	0	0	3120	0	814	142	2170	0	512	0	210	0	0	236	824	0	1234	0	0	0	0	0	0	0	0	1368	14222	852	4308	0	2048	0	858	0	0	2324	8110	174	0	0	0	0	0	0	512	0	0	0	406	0	0	0	0	0	0	0	0	0	0	0	0	0	0	0	0	0	0	0	0	0	0	0	0	0	0	
243744	Hippocampus_L	13640	776	2502	3596	0	0	878	0	0	0	806	0	0	0	0	0	496	0	630	410	118	0	0	0	0	0	0	0	11096	0	0	0	0	0	8976	4544	0	1076	14548	0	6934	0	2906	0	334	0	3154	0	0	0	0	0	264	0	8040	0	1950	0	0	0	0	0	0	0	0	0	6212	444	0	0	318	1620	6924	0	0	0	5580	4906	3362	0	836	0	938	0	0	0	0	0	3058	0	0	0	0	0	0	0	0	0	0	0	0	0	0	0	0	0	0	0	0	0	0	0	0	0	0	0	
323996	Hippocampus_R	610	12032	172	10328	0	0	0	1756	0	0	0	460	0	278	0	0	0	1366	114	4090	0	724	0	0	0	0	0	0	0	6110	0	0	0	158	1250	9288	1076	0	676	22396	0	12174	0	1620	0	96	138	6674	0	0	0	0	0	366	0	20920	0	1362	0	150	0	0	0	146	0	0	0	10216	226	0	0	1874	0	13708	0	144	0	6378	0	218	0	3466	0	692	0	1168	0	0	0	6332	0	126	0	124	0	0	0	486	0	310	0	0	0	0	0	0	0	0	0	0	0	0	0	0	0	0	
93552	ParaHippocampal_L	2992	240	526	1674	0	0	234	0	0	0	238	0	0	0	194	0	0	0	0	0	362	0	0	0	0	0	0	0	1190	0	0	0	0	0	3398	2030	14548	676	0	0	970	0	542	0	0	0	3194	218	0	0	0	0	0	0	3302	0	288	0	0	0	0	0	0	0	0	0	1662	312	0	0	0	816	2104	0	0	0	1266	2210	438	0	0	0	402	0	0	0	174	0	576	0	0	0	0	0	0	0	0	0	0	0	0	0	0	0	0	0	0	0	0	0	0	0	0	0	0	0	
145616	ParaHippocampal_R	0	1088	0	1082	0	0	0	318	0	0	0	0	0	0	0	96	0	0	0	660	0	436	0	0	0	0	0	0	0	984	0	0	0	0	0	1328	0	22396	0	0	0	5784	0	1502	0	0	0	4576	0	0	0	0	0	584	0	16208	0	0	0	0	0	0	0	108	0	0	0	3514	0	0	0	214	0	1810	0	0	0	754	0	112	0	1942	0	1966	0	138	0	1108	0	2622	0	108	0	106	0	0	0	670	0	594	0	0	0	0	0	0	0	0	0	0	0	0	0	0	0	0	
33152	Amygdala_L	0	0	0	0	0	0	0	0	0	0	0	0	0	0	0	0	0	0	0	0	758	0	0	0	0	0	0	0	1840	0	128	0	0	0	0	0	6934	0	970	0	0	0	0	0	0	0	0	0	0	0	0	0	0	0	3226	0	0	0	0	0	0	0	0	0	0	0	0	0	0	0	318	0	448	0	0	0	0	0	0	0	0	0	1072	0	0	0	100	0	782	0	0	0	0	0	0	0	0	0	0	0	0	0	0	0	0	0	0	0	0	0	0	0	0	0	0	0	
65356	Amygdala_R	0	0	0	0	0	118	0	0	0	0	0	0	0	0	0	330	0	0	0	0	0	1876	0	0	0	0	0	300	0	2720	0	116	0	0	0	0	0	12174	0	5784	0	0	0	0	0	0	0	0	0	0	0	0	0	0	0	5024	0	0	0	0	0	0	0	0	0	0	0	0	0	0	0	0	0	3046	0	0	0	0	0	0	0	0	0	1190	0	0	0	0	0	0	0	0	0	0	0	0	0	0	0	0	0	0	0	0	0	0	0	0	0	0	0	0	0	0	0	0	
195672	Calcarine_L	0	0	0	0	0	0	0	0	0	0	0	0	0	0	0	0	0	0	0	0	0	0	0	0	0	0	0	0	0	0	0	0	762	0	5538	0	2906	0	542	0	0	0	0	9112	10174	7550	6822	1308	6380	4144	14356	252	6186	270	2816	0	430	0	0	0	0	0	0	0	0	0	15268	152	1244	0	0	0	0	0	0	0	0	0	0	0	0	0	0	0	834	0	0	0	790	0	0	0	0	0	0	0	0	0	0	0	0	0	0	0	0	0	0	0	0	0	0	0	0	0	0	0	
274572	Calcarine_R	0	360	0	0	0	0	0	0	0	0	0	0	0	0	0	0	0	122	0	0	0	0	0	0	0	0	0	0	0	144	0	0	0	1034	0	3120	0	1620	0	1502	0	0	9112	0	4096	28964	396	20820	0	22988	106	8906	0	4036	0	7494	0	284	0	0	0	0	0	0	0	0	1538	15090	0	648	0	0	0	0	0	0	0	0	0	0	0	264	0	0	0	1912	0	0	0	2730	0	0	0	0	0	0	0	0	0	0	0	0	0	0	0	0	0	0	0	0	0	0	0	0	0	0	
131644	Cuneus_L	232	0	0	0	0	0	0	0	0	0	0	0	0	0	0	0	0	0	0	0	0	0	0	0	0	0	0	0	0	0	0	0	306	0	1308	0	334	0	0	0	0	0	10174	4096	0	5608	384	102	16872	1240	5910	0	950	0	264	0	1362	0	1754	0	0	0	0	0	0	0	13958	166	622	0	0	0	0	0	0	0	0	0	0	0	0	0	0	0	180	0	0	0	0	0	0	0	0	0	0	0	0	0	0	0	0	0	0	0	0	0	0	0	0	0	0	0	0	0	0	0	
285004	Cuneus_R	0	896	0	0	0	0	0	178	0	0	0	0	0	0	0	0	0	302	0	0	0	0	0	0	0	0	0	0	0	226	0	0	0	552	0	814	0	96	0	0	0	0	7550	28964	5608	0	100	7140	0	42746	0	8646	0	1060	0	1584	0	866	0	2348	0	0	0	0	0	0	5346	21790	0	914	0	0	0	0	0	0	0	0	0	0	0	132	0	0	0	3594	0	0	0	1050	0	0	0	0	0	0	0	0	0	0	0	0	0	0	0	0	0	0	0	0	0	0	0	0	0	0	
235428	Lingual_L	456	0	0	130	0	0	0	0	0	0	0	0	0	0	0	0	0	0	0	0	0	0	0	0	0	0	0	0	104	0	0	0	0	0	592	142	3154	138	3194	0	0	0	6822	396	384	100	0	1946	2384	0	9392	0	4280	0	14736	180	0	0	0	0	0	0	0	0	0	0	3246	0	0	0	0	0	0	0	0	0	378	392	0	0	0	0	0	0	0	0	0	0	928	0	14060	2104	2724	576	0	0	12664	1318	19346	2828	0	0	0	132	0	0	0	0	0	0	4004	2706	1778	0	0	0	
238424	Lingual_R	0	884	0	828	0	0	0	108	0	0	0	0	0	0	0	0	0	176	0	420	0	0	0	0	0	0	0	0	0	518	0	0	0	0	0	2170	0	6674	218	4576	0	0	1308	20820	102	7140	1946	0	0	10248	0	6356	0	4604	216	14722	0	226	0	0	0	0	0	0	0	0	0	5694	0	0	0	0	0	948	0	0	0	2356	0	0	0	0	0	0	0	0	0	0	0	1036	1544	2094	666	924	120	290	1060	1984	2390	4602	0	0	0	144	0	130	0	0	0	0	2534	3846	1942	388	260	0	
139284	Occipital_Sup_L	226	0	0	0	0	0	0	0	0	0	0	0	0	0	0	0	0	0	0	0	0	0	0	0	0	0	0	0	0	0	0	0	244	0	0	0	0	0	0	0	0	0	6380	0	16872	0	2384	0	0	0	22898	0	1614	0	230	0	676	0	5502	0	120	0	0	0	150	0	11490	0	394	0	0	0	0	0	0	0	0	0	0	0	0	0	0	0	462	0	0	0	0	0	0	0	0	0	0	0	0	0	0	0	0	0	0	0	0	0	0	0	0	0	0	0	0	0	0	0	
307936	Occipital_Sup_R	0	1098	0	0	0	0	0	198	0	0	0	0	0	0	0	0	0	358	0	0	0	0	0	0	0	0	0	0	0	256	0	0	0	456	0	512	0	0	0	0	0	0	4144	22988	1240	42746	0	10248	0	0	0	21210	0	1504	0	3468	0	3164	0	6642	0	466	0	142	0	1252	4130	22186	0	1188	0	0	0	0	0	0	0	0	0	0	0	202	0	0	0	3248	0	0	0	922	0	0	0	0	0	0	0	0	0	0	0	0	0	0	0	0	0	0	0	0	0	0	0	0	0	0	
342796	Occipital_Mid_L	3160	0	0	0	0	0	0	0	0	0	0	0	0	0	0	0	128	0	0	0	0	0	0	0	0	0	0	0	898	0	0	0	522	0	376	0	0	0	0	0	0	0	14356	106	5910	0	9392	0	22898	0	0	0	24408	0	2764	0	11296	0	12100	0	9848	0	2334	0	16544	0	9316	0	5632	0	0	0	0	0	0	0	0	0	0	0	710	0	0	0	16594	0	0	0	2106	0	0	0	0	0	0	0	0	0	0	0	0	0	0	0	0	0	0	0	0	0	0	0	0	0	0	0	
169456	Occipital_Mid_R	0	298	0	0	0	0	0	148	0	0	0	0	0	0	0	0	0	180	0	0	0	0	0	0	0	0	0	0	0	278	0	0	0	150	0	210	0	0	0	0	0	0	252	8906	0	8646	0	6356	0	21210	0	0	0	4614	0	5454	0	322	0	1200	0	4438	0	1230	0	6052	610	5090	0	96	0	0	0	0	0	0	0	0	0	0	0	106	0	0	0	6142	0	0	0	2740	0	0	0	0	0	0	0	0	0	0	0	0	0	0	0	0	0	0	0	0	0	0	0	0	0	0	
170780	Occipital_Inf_L	2280	0	0	0	0	0	0	0	0	0	0	0	0	0	0	0	796	0	0	170	0	0	0	0	0	0	0	0	2498	0	0	0	1164	0	3512	0	264	0	0	0	0	0	6186	0	950	0	4280	0	1614	0	24408	0	0	0	11024	0	1674	0	154	0	114	0	0	0	96	0	3962	0	5198	152	0	0	0	0	0	0	0	0	870	0	188	0	0	0	5812	0	0	0	7828	0	0	0	0	0	0	0	0	0	196	0	0	0	0	0	0	0	0	0	0	0	0	0	0	0	0	0	
60456	Occipital_Inf_R	0	0	0	0	0	0	0	0	0	0	0	0	0	0	0	0	0	0	0	0	0	0	0	0	0	0	0	0	0	0	0	0	0	0	0	0	0	366	0	584	0	0	270	4036	0	1060	0	4604	0	1504	0	4614	0	0	0	7832	0	0	0	0	0	0	0	0	0	0	0	1360	0	0	0	0	0	0	0	0	0	0	0	0	0	0	0	0	0	144	0	0	0	3752	0	0	0	0	0	0	0	0	0	102	0	0	0	0	0	0	0	0	0	0	0	0	0	0	0	0	
339612	Fusiform_L	784	0	0	132	0	0	240	0	0	0	0	0	0	0	0	0	528	0	0	332	0	0	0	0	0	0	0	0	2862	0	0	0	1040	0	3998	236	8040	0	3302	0	3226	0	2816	0	264	0	14736	216	230	0	2764	0	11024	0	0	0	608	0	420	0	258	0	158	0	0	0	3940	0	1864	282	0	0	348	0	0	0	152	172	2306	0	2108	0	2962	0	1386	0	2100	0	19594	0	23562	226	3018	106	0	0	14614	0	30450	184	352	0	172	0	0	0	0	0	0	0	662	618	414	0	0	0	
296508	Fusiform_R	0	1180	0	150	0	0	0	410	0	0	0	0	0	0	0	0	0	374	0	100	0	0	0	0	0	0	0	0	0	1296	0	0	0	230	0	824	0	20920	0	16208	0	5024	0	7494	0	1584	180	14722	0	3468	0	5454	0	7832	0	0	0	186	0	0	0	196	0	336	0	0	0	2872	0	310	0	0	0	660	0	0	0	228	0	240	0	4290	0	4588	0	3100	0	1662	0	17764	378	6296	222	1240	0	0	0	3630	326	8954	0	0	0	190	0	0	0	0	0	0	1406	882	490	246	112	0	
259632	Postcentral_L	25462	758	930	0	0	0	156	576	0	0	1810	0	140	0	0	0	6396	0	878	0	0	0	0	0	0	0	0	0	3664	0	0	0	136	0	284	0	1950	0	288	0	0	0	430	0	1362	0	0	0	676	0	11296	0	1674	0	608	0	0	0	13904	0	19868	0	8366	0	770	0	6366	0	7572	0	0	0	1614	0	322	0	664	0	1366	0	2436	0	0	0	4774	0	0	0	2320	0	0	0	0	0	0	0	0	0	0	0	0	0	0	0	0	0	0	0	0	0	0	0	0	0	0	0	
189564	Postcentral_R	154	27594	114	522	0	0	0	1074	0	0	0	1722	0	138	0	0	0	3780	0	872	0	0	0	0	0	0	0	0	0	3838	0	0	0	3166	178	1234	0	1362	0	0	0	0	0	284	0	866	0	226	0	3164	0	322	0	0	0	186	0	0	0	8680	0	1600	0	8432	0	0	0	7820	148	8432	0	0	0	3706	0	0	0	338	0	0	0	1764	0	0	0	1666	0	0	0	1400	0	0	0	0	0	0	0	0	0	0	0	0	0	0	0	0	0	0	0	0	0	0	0	0	0	0	
128072	Parietal_Sup_L	1166	0	0	0	0	0	0	0	0	0	0	0	0	0	0	0	152	0	0	0	0	0	0	0	0	0	0	0	338	0	0	0	0	0	0	0	0	0	0	0	0	0	0	0	1754	0	0	0	5502	0	12100	0	154	0	420	0	13904	0	0	0	7430	0	2696	0	2732	0	12720	0	690	0	0	0	0	0	0	0	0	0	0	0	834	0	0	0	666	0	0	0	778	0	0	0	0	0	0	0	0	0	0	0	0	0	0	0	0	0	0	0	0	0	0	0	0	0	0	0	
81312	Parietal_Sup_R	100	876	0	0	0	0	0	102	0	0	0	0	0	0	0	0	0	110	0	0	0	0	0	0	0	0	0	0	0	178	0	0	0	0	0	0	0	150	0	0	0	0	0	0	0	2348	0	0	0	6642	0	1200	0	0	0	0	0	8680	0	0	0	2428	0	798	0	2006	756	12486	138	1114	0	0	0	0	0	0	0	0	0	0	0	272	0	0	0	132	0	0	0	140	0	0	0	0	0	0	0	0	0	0	0	0	0	0	0	0	0	0	0	0	0	0	0	0	0	0	
197940	Parietal_Inf_L	5176	0	0	0	0	0	0	0	0	0	0	0	0	0	0	0	0	0	0	0	0	0	0	0	0	0	0	0	0	0	0	0	0	0	0	0	0	0	0	0	0	0	0	0	0	0	0	0	120	0	9848	0	114	0	258	0	19868	0	7430	0	0	0	16864	0	23966	0	414	0	300	0	0	0	140	0	0	0	0	0	0	0	200	0	0	0	8576	0	0	0	5696	0	0	0	0	0	0	0	0	0	0	0	0	0	0	0	0	0	0	0	0	0	0	0	0	0	0	0	
99324	Parietal_Inf_R	0	306	0	0	0	0	0	0	0	0	0	0	0	0	0	0	0	808	0	0	0	0	0	0	0	0	0	0	0	634	0	0	0	0	0	0	0	0	0	0	0	0	0	0	0	0	0	0	0	466	0	4438	0	0	0	196	0	1600	0	2428	0	0	0	17974	0	12000	0	98	0	0	0	0	0	0	0	0	0	0	0	0	0	1824	0	0	0	4596	0	0	0	2294	0	0	0	0	0	0	0	0	0	0	0	0	0	0	0	0	0	0	0	0	0	0	0	0	0	0	
141616	SupraMarginal_L	3480	0	140	0	0	0	0	0	0	0	0	0	0	0	0	0	1614	0	140	0	0	0	0	0	0	0	0	0	196	0	0	0	0	0	0	0	0	0	0	0	0	0	0	0	0	0	0	0	0	0	2334	0	0	0	158	0	8366	0	2696	0	16864	0	0	0	10542	0	410	0	0	0	0	0	146	0	0	0	0	0	0	0	3688	0	0	0	11950	0	0	0	8084	0	0	0	0	0	0	0	0	0	0	0	0	0	0	0	0	0	0	0	0	0	0	0	0	0	0	0	
139752	SupraMarginal_R	0	2198	0	0	0	0	0	302	0	0	0	0	0	0	0	0	0	5732	0	0	0	0	0	0	0	0	0	0	0	1576	0	0	0	0	0	0	0	146	0	108	0	0	0	0	0	0	0	0	0	142	0	1230	0	0	0	336	0	8432	0	798	0	17974	0	0	0	10476	0	164	0	116	0	0	0	0	0	0	0	0	0	0	0	9938	0	0	0	6444	0	0	0	3764	0	0	0	0	0	0	0	0	0	0	0	0	0	0	0	0	0	0	0	0	0	0	0	0	0	0	
136096	Angular_L	0	0	0	0	0	0	0	0	0	0	0	0	0	0	0	0	0	0	0	0	0	0	0	0	0	0	0	0	0	0	0	0	0	0	0	0	0	0	0	0	0	0	0	0	0	0	0	0	150	0	16544	0	96	0	0	0	770	0	2732	0	23966	0	10542	0	0	0	166	0	188	0	0	0	0	0	0	0	0	0	0	0	394	0	0	0	9264	0	0	0	3236	0	0	0	0	0	0	0	0	0	0	0	0	0	0	0	0	0	0	0	0	0	0	0	0	0	0	0	
77080	Angular_R	0	0	0	0	0	0	0	0	0	0	0	0	0	0	0	0	0	176	0	0	0	0	0	0	0	0	0	0	0	142	0	0	0	0	0	0	0	0	0	0	0	0	0	0	0	0	0	0	0	1252	0	6052	0	0	0	0	0	0	0	2006	0	12000	0	10476	0	0	0	0	0	0	0	0	0	0	0	0	0	0	0	0	0	3332	0	0	0	2770	0	0	0	334	0	0	0	0	0	0	0	0	0	0	0	0	0	0	0	0	0	0	0	0	0	0	0	0	0	0	
273312	Precuneus_L	2126	0	0	0	0	0	0	0	0	0	0	0	0	0	0	0	102	0	182	248	0	0	0	0	0	0	0	0	810	0	0	0	4378	1400	10024	1368	6212	0	1662	0	0	0	15268	1538	13958	5346	3246	0	11490	4130	9316	610	3962	0	3940	0	6366	0	12720	756	414	0	410	0	166	0	0	6194	5112	152	0	0	0	0	0	0	0	0	406	0	244	0	0	0	726	0	0	0	1674	0	0	0	0	0	0	0	0	0	0	0	0	0	0	0	0	0	0	0	0	0	0	0	0	0	0	0	
326092	Precuneus_R	170	4758	0	2242	0	0	0	332	0	0	0	0	0	0	0	0	0	876	0	370	0	0	0	0	0	0	0	0	0	2046	0	0	244	5580	736	14222	444	10216	312	3514	0	0	152	15090	166	21790	0	5694	0	22186	0	5090	0	1360	0	2872	0	7820	0	12486	0	98	0	164	0	0	6194	0	176	4222	0	0	0	916	0	0	0	2676	0	0	0	688	0	0	0	4174	0	0	0	2864	0	0	0	0	0	0	0	106	0	0	0	0	0	0	0	0	0	0	0	0	0	0	0	0	0	0	
282424	Paracentral_Lobule_L	22064	400	694	1374	0	0	0	352	0	0	0	0	0	0	0	0	124	0	13210	29810	0	0	0	0	0	0	0	0	768	0	0	0	3592	18016	4656	852	0	226	0	0	0	0	1244	0	622	0	0	0	394	0	5632	0	5198	0	1864	0	7572	148	690	138	300	0	0	0	188	0	5112	176	0	6344	304	1204	0	0	150	0	224	1158	0	0	594	0	0	0	3736	0	0	0	2082	0	0	0	0	0	0	0	0	0	0	0	0	0	0	0	0	0	0	0	0	0	0	0	0	0	0	0	
142172	Paracentral_Lobule_R	1144	8810	0	0	0	0	0	0	0	0	0	0	0	0	0	0	0	160	0	13694	0	0	0	0	0	0	0	0	0	190	0	0	184	13000	1944	4308	0	0	0	0	0	0	0	648	0	914	0	0	0	1188	0	96	152	0	282	310	0	8432	0	1114	0	0	0	116	0	0	152	4222	6344	0	0	0	0	0	0	0	0	0	0	0	0	408	0	0	0	1774	0	0	132	1368	0	0	0	0	0	0	0	0	0	0	0	0	0	0	0	0	0	0	0	0	0	0	0	0	0	0	
201252	Caudate_L	1452	0	10040	2312	2056	866	1166	772	450	0	982	772	782	1560	926	782	384	0	7538	972	6462	6034	506	214	0	198	1276	1874	5688	1588	4444	2498	0	0	0	0	318	0	0	0	318	0	0	0	0	0	0	0	0	0	0	0	0	0	0	0	0	0	0	0	0	0	0	0	0	0	0	0	304	0	0	8016	13298	1294	2300	0	9428	182	0	0	216	0	358	0	0	0	0	0	0	0	0	0	0	0	0	0	0	0	0	0	0	0	0	0	0	0	0	0	0	0	0	0	0	0	0	0	
391432	Caudate_R	3006	452	7118	22752	392	6186	414	1100	0	706	180	2286	234	2918	150	2670	0	102	7994	19684	2710	3794	2480	8608	0	3144	512	2206	1096	4676	2244	13380	0	1300	1826	2048	1620	1874	816	214	0	0	0	0	0	0	0	0	0	0	0	0	0	0	0	0	0	0	0	0	0	0	0	0	0	0	0	0	1204	0	8016	0	1936	27026	0	968	2004	21484	0	0	0	0	0	186	0	0	0	0	0	0	0	0	0	0	0	0	0	0	0	0	0	0	0	0	0	0	0	0	0	0	0	0	0	0	0	0	
304416	Putamen_L	9120	0	24460	968	8610	130	3800	338	1658	0	2826	338	3280	474	6060	130	1588	0	11436	462	2302	1644	1830	0	0	0	340	374	21034	654	5922	642	194	0	0	0	6924	0	2104	0	448	0	0	0	0	0	0	0	0	0	0	0	0	0	348	0	1614	0	0	0	140	0	146	0	0	0	0	0	0	0	13298	1936	0	544	10490	0	796	0	0	0	324	0	2214	0	0	0	0	0	268	0	0	0	0	0	0	0	0	0	0	0	0	0	0	0	0	0	0	0	0	0	0	0	0	0	0	0	
367440	Putamen_R	0	6348	1836	19230	230	5090	0	5474	0	604	0	5376	0	4894	0	2634	0	3966	1872	13518	878	1444	2530	9176	0	1834	0	1710	254	21866	1510	11370	0	2368	0	858	0	13708	0	1810	0	3046	0	0	0	0	0	948	0	0	0	0	0	0	0	660	0	3706	0	0	0	0	0	0	0	0	0	916	0	0	1294	27026	544	0	0	1466	0	1354	0	0	0	372	0	0	0	0	0	0	0	0	0	0	0	0	0	0	0	0	0	0	0	0	0	0	0	0	0	0	0	0	0	0	0	0	0	0	
65992	Pallidum_L	3968	0	6524	0	0	0	894	0	0	0	1576	0	0	0	0	0	1294	0	2656	0	0	0	0	0	0	0	0	0	494	0	0	0	0	0	0	0	0	0	0	0	0	0	0	0	0	0	0	0	0	0	0	0	0	0	0	0	322	0	0	0	0	0	0	0	0	0	0	0	150	0	2300	0	10490	0	0	0	2180	0	0	0	0	0	148	0	0	0	0	0	0	0	0	0	0	0	0	0	0	0	0	0	0	0	0	0	0	0	0	0	0	0	0	0	0	0	0	0	
10472	Pallidum_R	0	236	0	1136	0	0	0	200	0	0	0	0	0	0	0	0	0	0	0	1086	0	0	0	0	0	0	0	0	0	0	0	0	0	0	0	0	0	144	0	0	0	0	0	0	0	0	0	0	0	0	0	0	0	0	0	0	0	0	0	0	0	0	0	0	0	0	0	0	0	0	0	968	0	1466	0	0	0	0	0	0	0	0	0	0	0	0	0	0	0	0	0	0	0	0	0	0	0	0	0	0	0	0	0	0	0	0	0	0	0	0	0	0	0	0	0	0	
100416	Thalamus_L	9572	202	1924	1826	0	0	212	0	0	0	192	0	0	0	0	0	0	0	230	192	0	0	0	0	0	0	0	0	1948	0	0	0	0	0	1638	2324	5580	0	1266	0	0	0	0	0	0	0	378	0	0	0	0	0	0	0	152	0	664	0	0	0	0	0	0	0	0	0	0	0	224	0	9428	2004	796	0	2180	0	0	6818	458	0	0	0	0	0	0	0	0	0	0	0	0	0	0	0	0	0	0	0	0	0	0	0	0	0	0	0	0	0	0	0	0	0	0	0	0	0	
197680	Thalamus_R	5140	4946	606	12908	0	0	0	974	0	0	0	444	0	0	0	0	0	270	1160	7452	0	0	0	0	0	0	0	0	204	540	0	0	0	0	4512	8110	4906	6378	2210	754	0	0	0	0	0	0	392	2356	0	0	0	0	0	0	172	228	0	338	0	0	0	0	0	0	0	0	0	2676	1158	0	182	21484	0	1354	0	0	6818	0	168	0	0	0	0	0	0	0	0	0	0	0	0	0	0	0	0	0	0	0	0	0	0	0	0	0	0	0	0	0	0	0	0	0	0	0	0	0	
71360	Heschl_L	4576	0	0	148	0	0	196	0	0	0	728	0	0	0	0	0	3220	0	0	0	0	0	0	0	0	0	0	0	7066	0	0	0	0	0	536	174	3362	0	438	0	0	0	0	0	0	0	0	0	0	0	0	0	870	0	2306	0	1366	0	0	0	0	0	0	0	0	0	406	0	0	0	0	0	0	0	0	0	458	168	0	0	3234	0	0	0	3344	0	0	0	3084	0	0	0	0	0	0	0	0	0	0	0	0	0	0	0	0	0	0	0	0	0	0	0	0	0	0	0	
19912	Heschl_R	0	384	0	166	0	0	0	126	0	0	0	0	0	0	0	0	0	2282	0	0	0	0	0	0	0	0	0	0	0	2086	0	0	0	0	0	0	0	218	0	112	0	0	0	0	0	0	0	0	0	0	0	0	0	0	0	240	0	0	0	0	0	0	0	0	0	0	0	0	0	0	0	0	0	0	0	0	0	0	0	0	0	2804	0	0	0	1064	0	0	0	474	0	0	0	0	0	0	0	0	0	0	0	0	0	0	0	0	0	0	0	0	0	0	0	0	0	0	
139316	Temporal_Sup_L	2248	0	2546	134	0	0	1628	0	0	0	2202	0	414	0	0	0	7234	0	2232	138	0	0	0	0	0	0	0	0	8968	0	0	0	0	0	0	0	836	0	0	0	0	0	0	0	0	0	0	0	0	0	710	0	188	0	2108	0	2436	0	834	0	200	0	3688	0	394	0	244	0	594	0	216	0	324	0	0	0	0	0	3234	0	0	0	1958	0	14976	0	0	0	8974	0	0	0	0	0	0	0	0	0	0	0	0	0	0	0	0	0	0	0	0	0	0	0	0	0	0	0	
137600	Temporal_Sup_R	0	1620	0	542	0	0	0	280	0	0	0	196	0	0	0	0	0	6958	0	506	0	0	0	0	0	0	0	0	0	3920	0	0	0	0	0	0	0	3466	0	1942	0	0	0	264	0	132	0	0	0	202	0	106	0	0	0	4290	0	1764	0	272	0	1824	0	9938	0	3332	0	688	0	408	0	0	0	372	0	0	0	0	0	2804	0	0	0	2536	0	14656	0	468	0	5314	0	0	0	0	0	0	0	0	0	0	0	0	0	0	0	0	0	0	0	0	0	0	0	0	0	0	
148704	Temporal_Pole_Sup_L	938	0	5766	0	0	0	2432	0	0	0	9116	0	4654	0	1386	0	4628	0	3536	0	692	0	114	0	0	0	0	0	13102	0	184	0	0	0	0	0	938	0	402	0	1072	0	0	0	0	0	0	0	0	0	0	0	0	0	2962	0	0	0	0	0	0	0	0	0	0	0	0	0	0	0	358	0	2214	0	148	0	0	0	0	0	1958	0	0	0	5666	0	5378	0	6708	0	0	0	0	0	0	0	0	0	0	0	0	0	0	0	0	0	0	0	0	0	0	0	0	0	0	0	
48676	Temporal_Pole_Sup_R	0	0	0	730	0	0	0	0	0	0	0	764	0	0	0	0	0	804	0	728	0	190	0	0	0	0	0	0	0	1254	0	0	0	0	0	0	0	692	0	1966	0	1190	0	0	0	0	0	0	0	0	0	0	0	0	0	4588	0	0	0	0	0	0	0	0	0	0	0	0	0	0	0	186	0	0	0	0	0	0	0	0	0	2536	0	0	0	3120	0	2730	0	2860	0	0	0	0	0	0	0	0	0	0	0	0	0	0	0	0	0	0	0	0	0	0	0	0	0	0	
262380	Temporal_Mid_L	1474	0	0	0	0	0	0	0	0	0	0	0	0	0	0	0	484	0	0	0	0	0	0	0	0	0	0	0	968	0	0	0	0	0	0	0	0	0	0	0	0	0	834	0	180	0	0	0	462	0	16594	0	5812	0	1386	0	4774	0	666	0	8576	0	11950	0	9264	0	726	0	3736	0	0	0	0	0	0	0	0	0	3344	0	14976	0	5666	0	0	0	4842	0	34476	0	0	0	0	0	0	0	0	0	0	0	0	0	0	0	0	0	0	0	0	0	0	0	0	0	0	0	
192808	Temporal_Mid_R	0	2396	0	0	0	0	0	104	0	0	0	0	0	0	0	0	0	1960	0	0	0	0	0	0	0	0	0	0	0	3146	0	0	0	742	0	512	0	1168	0	138	0	0	0	1912	0	3594	0	0	0	3248	0	6142	0	144	0	3100	0	1666	0	132	0	4596	0	6444	0	2770	0	4174	0	1774	0	0	0	0	0	0	0	0	0	1064	0	14656	0	3120	0	0	0	1558	0	26144	0	0	0	0	0	0	0	0	0	0	0	0	0	0	0	0	0	0	0	0	0	0	0	0	0	0	
36420	Temporal_Pole_Mid_L	0	0	0	0	0	0	0	0	0	0	0	0	0	0	0	0	0	0	0	0	0	0	0	0	0	0	0	0	0	0	0	0	0	0	0	0	0	0	174	0	100	0	0	0	0	0	0	0	0	0	0	0	0	0	2100	0	0	0	0	0	0	0	0	0	0	0	0	0	0	0	0	0	0	0	0	0	0	0	0	0	0	0	5378	0	4842	0	0	0	5616	0	0	0	0	0	0	0	0	0	0	0	0	0	0	0	0	0	0	0	0	0	0	0	0	0	0	0	
16760	Temporal_Pole_Mid_R	0	0	0	0	0	0	0	0	0	0	0	0	0	0	0	0	0	0	0	0	0	0	0	0	0	0	0	0	0	0	0	0	0	0	0	0	0	0	0	1108	0	0	0	0	0	0	0	0	0	0	0	0	0	0	0	1662	0	0	0	0	0	0	0	0	0	0	0	0	0	0	0	0	0	0	0	0	0	0	0	0	0	468	0	2730	0	1558	0	0	0	854	0	0	0	0	0	0	0	0	0	0	0	0	0	0	0	0	0	0	0	0	0	0	0	0	0	0	
262664	Temporal_Inf_L	752	0	104	0	0	0	318	0	0	0	0	0	0	0	0	0	1044	0	0	166	0	0	0	0	0	0	0	0	3614	0	0	0	434	0	1326	0	3058	0	576	0	782	0	790	0	0	0	928	0	0	0	2106	0	7828	0	19594	0	2320	0	778	0	5696	0	8084	0	3236	0	1674	0	2082	132	0	0	268	0	0	0	0	0	3084	0	8974	0	6708	0	34476	0	5616	0	0	0	2822	0	550	0	0	0	308	0	1104	0	0	0	0	0	0	0	0	0	0	0	0	0	0	0	0	0	
199664	Temporal_Inf_R	0	2232	0	0	0	0	0	330	0	0	0	0	0	0	0	0	0	3388	0	0	0	0	0	0	0	0	0	0	0	4682	0	0	0	766	0	406	0	6332	0	2622	0	0	0	2730	0	1050	0	1036	0	922	0	2740	0	3752	0	17764	0	1400	0	140	0	2294	0	3764	0	334	0	2864	0	1368	0	0	0	0	0	0	0	0	0	474	0	5314	0	2860	0	26144	0	854	0	0	0	1160	0	0	0	0	0	0	0	110	0	0	0	0	0	0	0	0	0	0	0	0	0	0	0	0	
429612	Cerebelum_Crus1_L	0	0	0	0	0	0	0	0	0	0	0	0	0	0	0	0	0	0	0	0	0	0	0	0	0	0	0	0	0	0	0	0	0	0	0	0	0	0	0	0	0	0	0	0	0	0	14060	1544	0	0	0	0	0	0	23562	378	0	0	0	0	0	0	0	0	0	0	0	0	0	0	0	0	0	0	0	0	0	0	0	0	0	0	0	0	0	0	0	0	2822	0	0	6456	35250	7274	116	0	23604	0	57234	3244	10340	564	7530	470	794	0	0	0	100	122	1510	6080	9778	1220	754	0	
438468	Cerebelum_Crus1_R	0	0	0	0	0	0	0	0	0	0	0	0	0	0	0	0	0	0	0	0	0	0	0	0	0	0	0	0	0	0	0	0	0	0	0	0	0	126	0	108	0	0	0	0	0	0	2104	2094	0	0	0	0	0	0	226	6296	0	0	0	0	0	0	0	0	0	0	0	0	0	0	0	0	0	0	0	0	0	0	0	0	0	0	0	0	0	0	0	0	0	1160	6456	0	5616	43052	146	4904	2242	23618	4120	57104	2904	4954	2068	13540	348	614	0	594	0	2016	10364	7752	11398	2232	1078	0	
311756	Cerebelum_Crus2_L	0	0	0	0	0	0	0	0	0	0	0	0	0	0	0	0	0	0	0	0	0	0	0	0	0	0	0	0	0	0	0	0	0	0	0	0	0	0	0	0	0	0	0	0	0	0	2724	666	0	0	0	0	0	0	3018	222	0	0	0	0	0	0	0	0	0	0	0	0	0	0	0	0	0	0	0	0	0	0	0	0	0	0	0	0	0	0	0	0	550	0	35250	5616	0	14426	0	0	5396	0	14594	1798	23476	4252	15792	3740	758	0	0	0	0	0	446	3422	14982	4098	652	0	
369352	Cerebelum_Crus2_R	0	0	0	0	0	0	0	0	0	0	0	0	0	0	0	0	0	0	0	0	0	0	0	0	0	0	0	0	0	0	0	0	0	0	0	0	0	124	0	106	0	0	0	0	0	0	576	924	0	0	0	0	0	0	106	1240	0	0	0	0	0	0	0	0	0	0	0	0	0	0	0	0	0	0	0	0	0	0	0	0	0	0	0	0	0	0	0	0	0	0	7274	43052	14426	0	138	1190	706	3770	3426	17642	9648	16892	5884	22654	366	978	0	150	0	762	2584	5380	19116	4368	1194	0	
21620	Cerebelum_3_L	0	0	0	0	0	0	0	0	0	0	0	0	0	0	0	0	0	0	0	0	0	0	0	0	0	0	0	0	0	0	0	0	0	0	0	0	0	0	0	0	0	0	0	0	0	0	0	120	0	0	0	0	0	0	0	0	0	0	0	0	0	0	0	0	0	0	0	0	0	0	0	0	0	0	0	0	0	0	0	0	0	0	0	0	0	0	0	0	0	0	116	146	0	138	0	0	4104	0	906	150	0	0	0	0	980	0	260	0	512	1372	978	522	172	228	106	0	
56932	Cerebelum_3_R	0	0	0	0	0	0	0	0	0	0	0	0	0	0	0	0	0	0	0	0	0	0	0	0	0	0	0	0	0	0	0	0	0	0	0	0	0	0	0	0	0	0	0	0	0	0	0	290	0	0	0	0	0	0	0	0	0	0	0	0	0	0	0	0	0	0	0	0	0	0	0	0	0	0	0	0	0	0	0	0	0	0	0	0	0	0	0	0	0	0	0	4904	0	1190	0	0	366	6108	126	7700	0	0	0	290	0	830	0	0	846	3924	950	262	168	258	254	0	
297416	Cerebelum_4_5_L	0	0	0	0	0	0	0	0	0	0	0	0	0	0	0	0	0	0	0	0	0	0	0	0	0	0	0	0	0	0	0	0	0	0	0	0	0	0	0	0	0	0	0	0	0	0	12664	1060	0	0	0	0	0	0	14614	0	0	0	0	0	0	0	0	0	0	0	0	0	0	0	0	0	0	0	0	0	0	0	0	0	0	0	0	0	0	0	0	0	308	0	23604	2242	5396	706	4104	366	0	2258	40758	3380	508	0	252	544	2656	2262	402	124	856	1828	14074	6120	1304	2114	2480	1724	
192756	Cerebelum_4_5_R	0	0	0	0	0	0	0	0	0	0	0	0	0	0	0	0	0	0	0	0	0	0	0	0	0	0	0	0	0	0	0	0	0	0	0	0	0	486	0	670	0	0	0	0	0	0	1318	1984	0	0	0	0	0	0	0	3630	0	0	0	0	0	0	0	0	0	0	0	106	0	0	0	0	0	0	0	0	0	0	0	0	0	0	0	0	0	0	0	0	0	0	0	23618	0	3770	0	6108	2258	0	300	33138	0	640	0	942	246	0	0	630	0	2028	13264	702	290	148	102	0	
438108	Cerebelum_6_L	0	0	0	0	0	0	0	0	0	0	0	0	0	0	0	0	0	0	0	0	0	0	0	0	0	0	0	0	0	0	0	0	0	0	0	0	0	0	0	0	0	0	0	0	0	0	19346	2390	0	0	0	0	196	0	30450	326	0	0	0	0	0	0	0	0	0	0	0	0	0	0	0	0	0	0	0	0	0	0	0	0	0	0	0	0	0	0	0	0	1104	0	57234	4120	14594	3426	906	126	40758	300	0	4024	2340	226	952	658	1620	1506	130	96	392	574	8804	11948	5862	1970	1700	976	
379260	Cerebelum_6_R	0	0	0	0	0	0	0	0	0	0	0	0	0	0	0	0	0	0	0	0	0	0	0	0	0	0	0	0	0	0	0	0	0	0	0	0	0	310	0	594	0	0	0	0	0	0	2828	4602	0	0	0	0	0	102	184	8954	0	0	0	0	0	0	0	0	0	0	0	0	0	0	0	0	0	0	0	0	0	0	0	0	0	0	0	0	0	0	0	0	0	110	3244	57104	1798	17642	150	7700	3380	33138	4024	0	0	1606	0	5366	368	498	0	1026	0	2314	15050	8930	5608	2134	866	0	
205388	Cerebelum_7b_L	0	0	0	0	0	0	0	0	0	0	0	0	0	0	0	0	0	0	0	0	0	0	0	0	0	0	0	0	0	0	0	0	0	0	0	0	0	0	0	0	0	0	0	0	0	0	0	0	0	0	0	0	0	0	352	0	0	0	0	0	0	0	0	0	0	0	0	0	0	0	0	0	0	0	0	0	0	0	0	0	0	0	0	0	0	0	0	0	0	0	10340	2904	23476	9648	0	0	508	0	2340	0	0	3844	23620	5402	2042	140	182	0	0	0	124	310	10886	6106	470	0	
114652	Cerebelum_7b_R	0	0	0	0	0	0	0	0	0	0	0	0	0	0	0	0	0	0	0	0	0	0	0	0	0	0	0	0	0	0	0	0	0	0	0	0	0	0	0	0	0	0	0	0	0	0	0	0	0	0	0	0	0	0	0	0	0	0	0	0	0	0	0	0	0	0	0	0	0	0	0	0	0	0	0	0	0	0	0	0	0	0	0	0	0	0	0	0	0	0	564	4954	4252	16892	0	0	0	640	226	1606	3844	0	2422	14220	0	296	0	0	0	264	506	0	4258	2224	158	0	
185756	Cerebelum_8_L	0	0	0	0	0	0	0	0	0	0	0	0	0	0	0	0	0	0	0	0	0	0	0	0	0	0	0	0	0	0	0	0	0	0	0	0	0	0	0	0	0	0	0	0	0	0	0	0	0	0	0	0	0	0	172	0	0	0	0	0	0	0	0	0	0	0	0	0	0	0	0	0	0	0	0	0	0	0	0	0	0	0	0	0	0	0	0	0	0	0	7530	2068	15792	5884	0	0	252	0	952	0	23620	2422	0	7280	8066	584	1290	0	0	0	0	184	7980	7816	986	0	
210748	Cerebelum_8_R	0	0	0	0	0	0	0	0	0	0	0	0	0	0	0	0	0	0	0	0	0	0	0	0	0	0	0	0	0	0	0	0	0	0	0	0	0	0	0	0	0	0	0	0	0	0	132	144	0	0	0	0	0	0	0	190	0	0	0	0	0	0	0	0	0	0	0	0	0	0	0	0	0	0	0	0	0	0	0	0	0	0	0	0	0	0	0	0	0	0	470	13540	3740	22654	0	290	544	942	658	5366	5402	14220	7280	0	120	8816	0	354	0	334	1160	1176	7184	9000	1658	0	
57600	Cerebelum_9_L	0	0	0	0	0	0	0	0	0	0	0	0	0	0	0	0	0	0	0	0	0	0	0	0	0	0	0	0	0	0	0	0	0	0	0	0	0	0	0	0	0	0	0	0	0	0	0	0	0	0	0	0	0	0	0	0	0	0	0	0	0	0	0	0	0	0	0	0	0	0	0	0	0	0	0	0	0	0	0	0	0	0	0	0	0	0	0	0	0	0	794	348	758	366	980	0	2656	246	1620	368	2042	0	8066	120	0	130	3616	0	0	0	1620	1482	896	1260	1048	384	
70520	Cerebelum_9_R	0	0	0	0	0	0	0	0	0	0	0	0	0	0	0	0	0	0	0	0	0	0	0	0	0	0	0	0	0	0	0	0	0	0	0	0	0	0	0	0	0	0	0	0	0	0	0	130	0	0	0	0	0	0	0	0	0	0	0	0	0	0	0	0	0	0	0	0	0	0	0	0	0	0	0	0	0	0	0	0	0	0	0	0	0	0	0	0	0	0	0	614	0	978	0	830	2262	0	1506	498	140	296	584	8816	130	0	0	980	752	1286	2744	3200	1346	2854	3442	1872	
11760	Cerebelum_10_L	0	0	0	0	0	0	0	0	0	0	0	0	0	0	0	0	0	0	0	0	0	0	0	0	0	0	0	0	0	0	0	0	0	0	0	0	0	0	0	0	0	0	0	0	0	0	0	0	0	0	0	0	0	0	0	0	0	0	0	0	0	0	0	0	0	0	0	0	0	0	0	0	0	0	0	0	0	0	0	0	0	0	0	0	0	0	0	0	0	0	0	0	0	0	260	0	402	0	130	0	182	0	1290	0	3616	0	0	0	0	0	0	0	0	0	0	0	
9228	Cerebelum_10_R	0	0	0	0	0	0	0	0	0	0	0	0	0	0	0	0	0	0	0	0	0	0	0	0	0	0	0	0	0	0	0	0	0	0	0	0	0	0	0	0	0	0	0	0	0	0	0	0	0	0	0	0	0	0	0	0	0	0	0	0	0	0	0	0	0	0	0	0	0	0	0	0	0	0	0	0	0	0	0	0	0	0	0	0	0	0	0	0	0	0	0	594	0	150	0	0	124	630	96	1026	0	0	0	354	0	980	0	0	0	0	204	208	116	132	0	0	
24224	Vermis_1_2	0	0	0	0	0	0	0	0	0	0	0	0	0	0	0	0	0	0	0	0	0	0	0	0	0	0	0	0	0	0	0	0	0	0	0	0	0	0	0	0	0	0	0	0	0	0	0	0	0	0	0	0	0	0	0	0	0	0	0	0	0	0	0	0	0	0	0	0	0	0	0	0	0	0	0	0	0	0	0	0	0	0	0	0	0	0	0	0	0	0	100	0	0	0	512	846	856	0	392	0	0	0	0	0	0	752	0	0	0	5514	1666	430	222	374	448	0	
55860	Vermis_3	0	0	0	0	0	0	0	0	0	0	0	0	0	0	0	0	0	0	0	0	0	0	0	0	0	0	0	0	0	0	0	0	0	0	0	0	0	0	0	0	0	0	0	0	0	0	0	0	0	0	0	0	0	0	0	0	0	0	0	0	0	0	0	0	0	0	0	0	0	0	0	0	0	0	0	0	0	0	0	0	0	0	0	0	0	0	0	0	0	0	122	2016	0	762	1372	3924	1828	2028	574	2314	0	264	0	334	0	1286	0	0	5514	0	3208	678	360	636	710	0	
211104	Vermis_4_5	0	0	0	0	0	0	0	0	0	0	0	0	0	0	0	0	0	0	0	0	0	0	0	0	0	0	0	0	0	0	0	0	0	0	0	0	0	0	0	0	0	0	0	0	0	0	4004	2534	0	0	0	0	0	0	662	1406	0	0	0	0	0	0	0	0	0	0	0	0	0	0	0	0	0	0	0	0	0	0	0	0	0	0	0	0	0	0	0	0	0	0	1510	10364	446	2584	978	950	14074	13264	8804	15050	124	506	0	1160	1620	2744	0	204	1666	3208	0	8164	1708	2676	3138	2004	
187328	Vermis_6	0	0	0	0	0	0	0	0	0	0	0	0	0	0	0	0	0	0	0	0	0	0	0	0	0	0	0	0	0	0	0	0	0	0	0	0	0	0	0	0	0	0	0	0	0	0	2706	3846	0	0	0	0	0	0	618	882	0	0	0	0	0	0	0	0	0	0	0	0	0	0	0	0	0	0	0	0	0	0	0	0	0	0	0	0	0	0	0	0	0	0	6080	7752	3422	5380	522	262	6120	702	11948	8930	310	0	184	1176	1482	3200	0	208	430	678	8164	0	8688	4142	3830	2002	
256804	Vermis_7	0	0	0	0	0	0	0	0	0	0	0	0	0	0	0	0	0	0	0	0	0	0	0	0	0	0	0	0	0	0	0	0	0	0	0	0	0	0	0	0	0	0	0	0	0	0	1778	1942	0	0	0	0	0	0	414	490	0	0	0	0	0	0	0	0	0	0	0	0	0	0	0	0	0	0	0	0	0	0	0	0	0	0	0	0	0	0	0	0	0	0	9778	11398	14982	19116	172	168	1304	290	5862	5608	10886	4258	7980	7184	896	1346	0	116	222	360	1708	8688	0	8416	3040	0	
141308	Vermis_8	0	0	0	0	0	0	0	0	0	0	0	0	0	0	0	0	0	0	0	0	0	0	0	0	0	0	0	0	0	0	0	0	0	0	0	0	0	0	0	0	0	0	0	0	0	0	0	388	0	0	0	0	0	0	0	246	0	0	0	0	0	0	0	0	0	0	0	0	0	0	0	0	0	0	0	0	0	0	0	0	0	0	0	0	0	0	0	0	0	0	1220	2232	4098	4368	228	258	2114	148	1970	2134	6106	2224	7816	9000	1260	2854	0	132	374	636	2676	4142	8416	0	5324	290	
69936	Vermis_9	0	0	0	0	0	0	0	0	0	0	0	0	0	0	0	0	0	0	0	0	0	0	0	0	0	0	0	0	0	0	0	0	0	0	0	0	0	0	0	0	0	0	0	0	0	0	0	260	0	0	0	0	0	0	0	112	0	0	0	0	0	0	0	0	0	0	0	0	0	0	0	0	0	0	0	0	0	0	0	0	0	0	0	0	0	0	0	0	0	0	754	1078	652	1194	106	254	2480	102	1700	866	470	158	986	1658	1048	3442	0	0	448	710	3138	3830	3040	5324	0	1158	
20820	Vermis_10	0	0	0	0	0	0	0	0	0	0	0	0	0	0	0	0	0	0	0	0	0	0	0	0	0	0	0	0	0	0	0	0	0	0	0	0	0	0	0	0	0	0	0	0	0	0	0	0	0	0	0	0	0	0	0	0	0	0	0	0	0	0	0	0	0	0	0	0	0	0	0	0	0	0	0	0	0	0	0	0	0	0	0	0	0	0	0	0	0	0	0	0	0	0	0	0	1724	0	976	0	0	0	0	0	384	1872	0	0	0	0	2004	2002	0	290	1158	0	
