data	data	315088	201132	1.14053e+06	859064	131504	106004	416896	213584	56860	15304	259176	248968	311592	180444	161576	79516	142916	151696	863040	825988	48172	52384	295380	424192	26896	117552	42744	60400	716780	519908	198800	438408	144512	538612	127036	97632	266788	259516	60896	74320	28968	60248	225828	265048	135124	200228	229080	180276	149428	242772	420984	215820	144904	57232	301256	248700	231996	143348	125688	86716	229096	67436	100308	82172	114788	86428	250556	323460	122708	135340	394236	677364	435552	455272	56700	67772	171100	160008	45836	21628	138264	58728	69916	29364	223468	160544	46060	16772	211616	147532	311276	396724	255408	259812	2352	7536	152908	158048	296896	360700	169192	99508	187008	202436	33688	35312	5236	2152	2264	3464	120028	124936	112348	66408	26992	12604	
data	data	Precentral_L	Precentral_R	Frontal_Sup_L	Frontal_Sup_R	Frontal_Sup_Orb_L	Frontal_Sup_Orb_R	Frontal_Mid_L	Frontal_Mid_R	Frontal_Mid_Orb_L	Frontal_Mid_Orb_R	Frontal_Inf_Oper_L	Frontal_Inf_Oper_R	Frontal_Inf_Tri_L	Frontal_Inf_Tri_R	Frontal_Inf_Orb_L	Frontal_Inf_Orb_R	Rolandic_Oper_L	Rolandic_Oper_R	Supp_Motor_Area_L	Supp_Motor_Area_R	Olfactory_L	Olfactory_R	Frontal_Sup_Medial_L	Frontal_Sup_Medial_R	Frontal_Med_Orb_L	Frontal_Med_Orb_R	Rectus_L	Rectus_R	Insula_L	Insula_R	Cingulum_Ant_L	Cingulum_Ant_R	Cingulum_Mid_L	Cingulum_Mid_R	Cingulum_Post_L	Cingulum_Post_R	Hippocampus_L	Hippocampus_R	ParaHippocampal_L	ParaHippocampal_R	Amygdala_L	Amygdala_R	Calcarine_L	Calcarine_R	Cuneus_L	Cuneus_R	Lingual_L	Lingual_R	Occipital_Sup_L	Occipital_Sup_R	Occipital_Mid_L	Occipital_Mid_R	Occipital_Inf_L	Occipital_Inf_R	Fusiform_L	Fusiform_R	Postcentral_L	Postcentral_R	Parietal_Sup_L	Parietal_Sup_R	Parietal_Inf_L	Parietal_Inf_R	SupraMarginal_L	SupraMarginal_R	Angular_L	Angular_R	Precuneus_L	Precuneus_R	Paracentral_Lobule_L	Paracentral_Lobule_R	Caudate_L	Caudate_R	Putamen_L	Putamen_R	Pallidum_L	Pallidum_R	Thalamus_L	Thalamus_R	Heschl_L	Heschl_R	Temporal_Sup_L	Temporal_Sup_R	Temporal_Pole_Sup_L	Temporal_Pole_Sup_R	Temporal_Mid_L	Temporal_Mid_R	Temporal_Pole_Mid_L	Temporal_Pole_Mid_R	Temporal_Inf_L	Temporal_Inf_R	Cerebelum_Crus1_L	Cerebelum_Crus1_R	Cerebelum_Crus2_L	Cerebelum_Crus2_R	Cerebelum_3_L	Cerebelum_3_R	Cerebelum_4_5_L	Cerebelum_4_5_R	Cerebelum_6_L	Cerebelum_6_R	Cerebelum_7b_L	Cerebelum_7b_R	Cerebelum_8_L	Cerebelum_8_R	Cerebelum_9_L	Cerebelum_9_R	Cerebelum_10_L	Cerebelum_10_R	Vermis_1_2	Vermis_3	Vermis_4_5	Vermis_6	Vermis_7	Vermis_8	Vermis_9	Vermis_10	
315088	Precentral_L	0	252	8014	232	0	0	19954	0	0	0	9308	0	2736	0	0	0	5314	0	1824	1966	0	0	0	0	0	0	0	0	14478	0	0	0	316	942	196	0	7374	0	142	0	0	0	0	0	154	0	0	0	0	0	472	0	1528	0	926	0	29710	0	0	0	6496	0	4546	0	736	0	310	0	8212	704	6946	1816	8234	118	346	0	7254	1764	1944	0	912	0	0	0	644	0	0	0	724	0	0	0	0	0	0	0	0	0	0	0	0	0	0	0	0	0	0	0	0	0	0	0	0	0	0	0	
201132	Precentral_R	252	0	3190	5892	0	0	0	5908	0	0	0	2746	0	0	0	0	0	564	3694	14164	0	0	0	0	0	0	0	0	0	5000	0	0	0	450	118	196	0	4542	0	324	0	0	0	848	0	456	0	116	0	694	0	1610	0	788	0	1288	0	15796	0	0	0	524	0	1214	0	320	240	1208	868	8146	1568	6390	0	2108	0	558	184	3106	0	230	0	432	0	0	0	2210	0	0	0	2624	0	0	0	0	0	0	0	0	0	0	0	0	0	0	0	0	0	0	0	0	0	0	0	0	0	0	
1.14053e+06	Frontal_Sup_L	8014	3190	0	15642	11816	366	55972	2312	4184	0	19330	3992	19224	2348	10466	0	7662	3114	109684	30620	0	0	41038	6090	1554	326	0	0	45306	4590	16310	5902	6140	14646	0	130	7492	2348	0	180	306	0	0	0	0	0	0	0	0	0	0	0	0	0	0	0	1306	2006	0	0	116	0	158	144	0	0	0	150	136	0	25882	15904	41800	3200	8494	776	4284	2682	148	232	2354	0	200	0	0	0	0	0	0	0	0	0	0	0	0	0	0	0	0	0	0	0	0	0	0	0	0	0	0	0	0	0	0	0	0	0	
859064	Frontal_Sup_R	232	5892	15642	0	0	6984	550	32802	0	168	330	12214	140	7352	0	3554	0	9432	19824	59880	0	0	9138	48000	0	5264	0	1686	472	23138	1698	35980	2376	29504	0	0	0	6022	0	602	0	476	0	0	0	0	0	0	0	0	0	0	0	0	0	172	0	1974	0	0	0	0	0	0	0	0	0	0	506	0	1938	42464	132	27942	0	7054	298	7544	0	0	0	0	0	0	0	0	0	0	0	156	0	0	0	0	0	0	0	0	0	0	0	0	0	0	0	0	0	0	0	0	0	0	0	0	0	0	
131504	Frontal_Sup_Orb_L	0	0	11816	0	0	0	3308	0	9392	0	0	0	2472	0	11676	0	0	0	350	0	692	0	2078	0	1726	150	4894	0	5670	0	2130	0	0	0	0	0	510	0	124	0	370	0	0	0	0	0	0	0	0	0	0	0	0	0	0	0	0	0	0	0	0	0	0	0	0	0	0	0	0	0	1328	0	6922	0	0	0	0	0	0	0	0	0	144	0	0	0	0	0	0	0	0	0	0	0	0	0	0	0	0	0	0	0	0	0	0	0	0	0	0	0	0	0	0	0	0	0	
106004	Frontal_Sup_Orb_R	0	0	366	6984	0	0	0	768	0	2502	0	466	0	688	0	1652	0	0	350	1182	0	362	600	6214	320	6794	0	6238	0	1568	466	5786	0	130	0	0	0	0	0	0	0	0	0	0	0	0	0	0	0	0	0	0	0	0	0	0	0	0	0	0	0	0	0	0	0	0	0	0	0	0	132	5936	0	3498	0	0	0	0	0	0	0	0	0	0	0	0	0	0	0	0	0	0	0	0	0	0	0	0	0	0	0	0	0	0	0	0	0	0	0	0	0	0	0	0	0	0	
416896	Frontal_Mid_L	19954	0	55972	550	3308	0	0	0	2162	0	13020	606	24362	0	6578	0	2964	456	4106	460	0	0	12050	432	0	0	0	0	22950	904	3780	424	1838	428	264	322	6744	566	0	114	0	0	0	0	0	0	0	0	0	0	0	0	138	0	0	0	914	0	0	0	504	0	608	0	126	0	0	270	0	0	4624	812	7944	806	384	120	5020	242	118	0	504	0	0	0	0	0	0	0	0	0	0	0	0	0	0	0	0	0	0	0	0	0	0	0	0	0	0	0	0	0	0	0	0	0	0	0	
213584	Frontal_Mid_R	0	5908	2312	32802	0	768	0	0	0	1510	192	6194	0	7372	0	2134	0	2924	2164	684	0	0	1128	4770	0	0	0	0	264	5488	0	2264	132	4486	0	0	0	2858	0	284	0	0	0	0	0	0	0	0	0	0	0	0	0	0	0	0	0	0	0	0	0	118	0	152	0	0	0	0	0	0	842	9238	0	7694	0	976	0	1134	0	0	0	0	0	0	0	0	0	0	0	0	0	0	0	0	0	0	0	0	0	0	0	0	0	0	0	0	0	0	0	0	0	0	0	0	0	0	
56860	Frontal_Mid_Orb_L	0	0	4184	0	9392	0	2162	0	0	0	0	0	1496	0	8464	0	0	0	0	0	0	0	0	0	186	0	828	0	954	0	222	0	0	0	0	0	0	0	0	0	0	0	0	0	0	0	0	0	0	0	0	0	0	0	0	0	0	0	0	0	0	0	0	0	0	0	0	0	0	0	0	0	542	0	0	0	0	0	0	0	0	0	0	0	0	0	0	0	0	0	0	0	0	0	0	0	0	0	0	0	0	0	0	0	0	0	0	0	0	0	0	0	0	0	0	0	
15304	Frontal_Mid_Orb_R	0	0	0	168	0	2502	0	1510	0	0	0	0	0	168	0	2432	0	0	0	0	0	0	0	0	0	0	0	266	0	138	0	0	0	0	0	0	0	0	0	0	0	0	0	0	0	0	0	0	0	0	0	0	0	0	0	0	0	0	0	0	0	0	0	0	0	0	0	0	0	0	0	184	0	284	0	0	0	0	0	0	0	0	0	0	0	0	0	0	0	0	0	0	0	0	0	0	0	0	0	0	0	0	0	0	0	0	0	0	0	0	0	0	0	0	0	0	
259176	Frontal_Inf_Oper_L	9308	0	19330	330	0	0	13020	192	0	0	0	650	12264	0	0	0	6974	246	11070	564	0	0	340	0	0	0	0	0	32142	1738	158	152	0	242	0	0	514	968	0	0	0	0	0	0	0	0	0	0	0	0	0	0	0	0	0	0	2254	0	0	0	0	0	0	0	0	0	0	0	0	0	5194	1324	4912	2620	0	114	238	212	0	0	2138	0	380	0	0	0	0	0	0	0	0	0	0	0	0	0	0	0	0	0	0	0	0	0	0	0	0	0	0	0	0	0	0	0	0	0	
248968	Frontal_Inf_Oper_R	0	2746	3992	12214	0	466	606	6194	0	0	650	0	3772	12264	318	250	0	5872	3744	6294	0	0	1076	4556	0	130	0	0	4720	23886	264	1972	0	3006	0	0	0	680	0	0	0	0	0	0	0	0	0	0	0	0	0	0	0	0	0	0	0	1284	0	0	0	0	0	0	0	0	0	0	0	0	5944	11440	488	5492	0	164	0	0	0	0	0	0	0	0	0	0	0	0	0	0	0	0	0	0	0	0	0	0	0	0	0	0	0	0	0	0	0	0	0	0	0	0	0	0	0	0	
311592	Frontal_Inf_Tri_L	2736	0	19224	140	2472	0	24362	0	1496	0	12264	3772	0	2396	16646	176	740	196	5078	0	0	0	1410	0	0	0	0	0	38062	5180	2760	382	128	0	0	0	208	726	0	0	0	0	0	0	0	0	0	0	0	0	0	0	0	0	0	0	530	0	0	0	0	0	0	0	0	0	0	0	0	0	7178	3194	2518	1684	0	138	0	0	0	0	0	0	0	0	0	0	0	0	0	0	0	0	0	0	0	0	0	0	0	0	0	0	0	0	0	0	0	0	0	0	0	0	0	0	0	0	
180444	Frontal_Inf_Tri_R	0	0	2348	7352	0	688	0	7372	0	168	0	12264	2396	0	0	7648	0	0	2396	2384	0	0	814	4492	0	0	0	124	2690	19184	324	3024	174	3572	0	0	0	0	0	0	0	0	0	0	0	0	0	0	0	0	0	0	0	0	0	0	0	0	0	0	0	0	0	0	0	0	0	0	0	0	2070	6218	184	2336	0	0	0	0	0	0	0	0	0	0	0	0	0	0	0	0	0	0	0	0	0	0	0	0	0	0	0	0	0	0	0	0	0	0	0	0	0	0	0	0	0	0	
161576	Frontal_Inf_Orb_L	0	0	10466	0	11676	0	6578	0	8464	0	0	318	16646	0	0	0	0	0	178	0	784	0	200	0	0	0	124	0	16742	488	1294	0	0	0	0	0	580	0	156	0	406	0	0	0	0	0	0	0	0	0	0	0	0	0	0	0	0	0	0	0	0	0	0	0	0	0	0	0	0	0	892	248	4088	216	0	0	0	0	0	0	0	0	244	0	0	0	0	0	0	0	0	0	0	0	0	0	0	0	0	0	0	0	0	0	0	0	0	0	0	0	0	0	0	0	0	0	
79516	Frontal_Inf_Orb_R	0	0	0	3554	0	1652	0	2134	0	2432	0	250	176	7648	0	0	0	0	138	786	0	654	0	1642	0	0	0	940	202	8790	0	1656	122	1134	0	0	0	122	0	0	0	134	0	0	0	0	0	0	0	0	0	0	0	0	0	0	0	0	0	0	0	0	0	0	0	0	0	0	0	0	206	2364	0	2838	0	0	0	0	0	0	0	0	0	184	0	0	0	0	0	0	0	0	0	0	0	0	0	0	0	0	0	0	0	0	0	0	0	0	0	0	0	0	0	0	0	0	
142916	Rolandic_Oper_L	5314	0	7662	0	0	0	2964	0	0	0	6974	0	740	0	0	0	0	0	3688	0	0	0	0	0	0	0	0	0	18714	0	0	0	0	0	0	0	1024	154	0	0	0	0	0	0	0	0	0	0	0	0	140	0	312	0	146	0	5702	0	170	0	526	0	1926	0	158	0	0	0	0	0	528	0	4638	242	0	0	432	0	1478	0	6590	0	404	0	638	0	0	0	194	0	0	0	0	0	0	0	0	0	0	0	0	0	0	0	0	0	0	0	0	0	0	0	0	0	0	0	
151696	Rolandic_Oper_R	0	564	3114	9432	0	0	456	2924	0	0	246	5872	196	0	0	0	0	0	2810	5542	0	0	0	238	0	0	0	0	460	16688	0	222	0	1916	0	0	0	508	0	0	0	0	0	0	0	0	0	0	0	0	0	0	0	0	0	0	0	3590	0	0	0	0	0	1500	0	0	0	0	0	0	2060	8662	162	5208	0	130	0	118	0	1936	0	1294	0	0	0	0	0	0	0	0	0	0	0	0	0	0	0	0	0	0	0	0	0	0	0	0	0	0	0	0	0	0	0	0	0	0	
863040	Supp_Motor_Area_L	1824	3694	109684	19824	350	350	4106	2164	0	0	11070	3744	5078	2396	178	138	3688	2810	0	51648	0	0	6776	4610	0	266	0	0	21674	3944	2994	6776	6054	29976	356	598	5916	1780	0	134	0	0	0	160	0	0	0	120	0	0	0	0	0	0	0	176	554	2228	0	0	0	0	154	150	0	0	0	532	8714	294	21520	19756	29298	2086	6560	680	14298	7352	0	232	1796	0	150	0	0	0	0	0	0	110	0	0	0	0	0	0	0	0	0	0	0	0	0	0	0	0	0	0	0	0	0	0	0	0	0	0	
825988	Supp_Motor_Area_R	1966	14164	30620	59880	0	1182	460	684	0	0	564	6294	0	2384	0	786	0	5542	51648	0	0	0	2710	14824	0	1914	0	158	602	12878	592	14914	3896	48304	308	3620	380	3104	0	294	0	462	0	3010	0	530	0	1104	0	294	0	1122	0	734	0	1146	0	2666	0	0	0	0	0	160	0	0	262	5706	6570	19388	2886	37954	510	17560	0	4718	1136	13102	0	320	0	368	0	0	0	3122	0	0	0	3492	0	0	0	0	0	0	0	0	0	0	0	0	0	0	0	0	0	0	0	0	0	0	0	0	0	0	
48172	Olfactory_L	0	0	0	0	692	0	0	0	0	0	0	0	0	0	784	0	0	0	0	0	0	4508	0	0	288	0	2898	1442	1024	0	3886	2696	0	0	0	0	504	0	350	0	472	0	0	0	0	0	0	0	0	0	0	0	0	0	170	0	0	0	0	0	0	0	0	0	0	0	0	0	0	0	3632	356	0	0	0	0	0	0	0	0	0	0	384	0	0	0	0	0	0	0	0	0	0	0	0	0	0	0	0	0	0	0	0	0	0	0	0	0	0	0	0	0	0	0	0	0	
52384	Olfactory_R	0	0	0	0	0	362	0	0	0	0	0	0	0	0	0	654	0	0	0	0	4508	0	0	0	170	0	2666	1614	0	2676	3182	2078	0	0	0	0	0	1214	0	402	0	1430	0	0	0	0	0	0	0	0	0	0	0	0	0	132	0	0	0	0	0	0	0	0	0	0	0	0	0	0	3542	418	0	228	0	0	0	0	0	0	0	0	0	760	0	0	0	156	0	0	0	0	0	0	0	0	0	0	0	0	0	0	0	0	0	0	0	0	0	0	0	0	0	0	0	0	
295380	Frontal_Sup_Medial_L	0	0	41038	9138	2078	600	12050	1128	0	0	340	1076	1410	814	200	0	0	0	6776	2710	0	0	0	18620	2554	1000	0	0	1126	422	17284	10874	5112	8172	0	0	0	120	0	0	0	0	0	0	0	0	0	0	0	0	0	0	0	0	0	0	0	0	0	0	0	0	0	0	0	0	0	0	0	0	884	902	748	514	0	0	0	0	0	0	0	0	0	0	0	0	0	0	0	0	0	0	0	0	0	0	0	0	0	0	0	0	0	0	0	0	0	0	0	0	0	0	0	0	0	0	
424192	Frontal_Sup_Medial_R	0	0	6090	48000	0	6214	432	4770	0	0	0	4556	0	4492	0	1642	0	238	4610	14824	0	0	18620	0	210	7182	0	1894	120	7030	2920	32050	1008	24188	0	0	0	432	0	0	0	0	0	0	0	0	0	0	0	0	0	0	0	0	0	0	0	0	0	0	0	0	0	0	0	0	0	0	0	0	254	12106	0	7992	0	222	0	0	0	0	0	0	0	0	0	0	0	0	0	0	0	0	0	0	0	0	0	0	0	0	0	0	0	0	0	0	0	0	0	0	0	0	0	0	0	0	
26896	Frontal_Med_Orb_L	0	0	1554	0	1726	320	0	0	186	0	0	0	0	0	0	0	0	0	0	0	288	170	2554	210	0	690	1776	138	0	0	3526	310	0	0	0	0	0	0	0	0	0	0	0	0	0	0	0	0	0	0	0	0	0	0	0	0	0	0	0	0	0	0	0	0	0	0	0	0	0	0	0	0	0	0	0	0	0	0	0	0	0	0	0	0	0	0	0	0	0	0	0	0	0	0	0	0	0	0	0	0	0	0	0	0	0	0	0	0	0	0	0	0	0	0	0	0	
117552	Frontal_Med_Orb_R	0	0	326	5264	150	6794	0	0	0	0	0	130	0	0	0	0	0	0	266	1914	0	0	1000	7182	690	0	0	4864	156	394	1350	9466	0	474	0	0	0	0	0	0	0	0	0	0	0	0	0	0	0	0	0	0	0	0	0	0	0	0	0	0	0	0	0	0	0	0	0	0	0	0	512	9322	206	8154	0	162	0	0	0	0	0	0	0	0	0	0	0	0	0	0	0	0	0	0	0	0	0	0	0	0	0	0	0	0	0	0	0	0	0	0	0	0	0	0	0	0	
42744	Rectus_L	0	0	0	0	4894	0	0	0	828	0	0	0	0	0	124	0	0	0	0	0	2898	2666	0	0	1776	0	0	1050	0	0	3506	936	0	0	0	0	0	0	0	0	0	0	0	0	0	0	0	0	0	0	0	0	0	0	0	0	0	0	0	0	0	0	0	0	0	0	0	0	0	0	2380	170	144	0	0	0	0	0	0	0	0	0	0	0	0	0	0	0	0	0	0	0	0	0	0	0	0	0	0	0	0	0	0	0	0	0	0	0	0	0	0	0	0	0	0	0	
60400	Rectus_R	0	0	0	1686	0	6238	0	0	0	266	0	0	0	124	0	940	0	0	0	158	1442	1614	0	1894	138	4864	1050	0	0	792	1522	2920	0	0	0	0	0	0	0	0	0	0	0	0	0	0	0	0	0	0	0	0	0	0	0	0	0	0	0	0	0	0	0	0	0	0	0	0	0	0	1034	1998	0	1520	0	0	0	0	0	0	0	0	0	0	0	0	0	0	0	0	0	0	0	0	0	0	0	0	0	0	0	0	0	0	0	0	0	0	0	0	0	0	0	0	0	0	
716780	Insula_L	14478	0	45306	472	5670	0	22950	264	954	0	32142	4720	38062	2690	16742	202	18714	460	21674	602	1024	0	1126	120	0	156	0	0	0	6968	2886	532	0	262	0	0	17148	1818	1074	0	1308	0	0	0	0	0	0	0	0	0	0	0	1522	0	2192	0	5768	0	0	0	2278	0	2248	0	276	0	0	0	0	0	17276	4680	31770	4360	138	288	6572	428	5040	0	7352	0	2290	0	1434	0	458	0	1496	0	0	0	0	0	0	0	0	0	0	0	0	0	0	0	0	0	0	0	0	0	0	0	0	0	0	0	
519908	Insula_R	0	5000	4590	23138	0	1568	904	5488	0	138	1738	23886	5180	19184	488	8790	0	16688	3944	12878	0	2676	422	7030	0	394	0	792	6968	0	472	5674	180	5134	0	0	192	8752	0	1032	0	2796	0	932	0	570	0	184	0	824	0	578	0	726	0	4388	0	3776	0	0	0	0	0	158	0	0	158	1450	0	360	8506	23226	852	26870	0	506	0	444	0	1278	0	3114	0	896	0	574	0	192	0	3276	0	0	0	0	0	0	0	0	0	0	0	0	0	0	0	0	0	0	0	0	0	0	0	0	0	0	
198800	Cingulum_Ant_L	0	0	16310	1698	2130	466	3780	0	222	0	158	264	2760	324	1294	0	0	0	2994	592	3886	3182	17284	2920	3526	1350	3506	1522	2886	472	0	9486	4424	1094	772	0	0	0	0	0	0	0	0	0	0	0	0	0	0	0	0	0	0	0	0	0	0	0	0	0	0	0	0	0	0	0	0	0	0	0	6050	1292	2268	488	0	0	0	0	0	0	0	0	0	0	0	0	0	0	0	0	0	0	0	0	0	0	0	0	0	0	0	0	0	0	0	0	0	0	0	0	0	0	0	0	0	0	
438408	Cingulum_Ant_R	0	0	5902	35980	0	5786	424	2264	0	0	152	1972	382	3024	0	1656	0	222	6776	14914	2696	2078	10874	32050	310	9466	936	2920	532	5674	9486	0	1966	26802	0	0	0	0	0	0	0	0	0	0	0	0	0	0	0	0	0	0	0	0	0	0	0	0	0	0	0	0	0	0	0	0	0	0	0	0	2946	19450	468	10884	0	212	0	0	0	0	0	0	0	0	0	0	0	0	0	0	0	0	0	0	0	0	0	0	0	0	0	0	0	0	0	0	0	0	0	0	0	0	0	0	0	0	
144512	Cingulum_Mid_L	316	0	6140	2376	0	0	1838	132	0	0	0	0	128	174	0	122	0	0	6054	3896	0	0	5112	1008	0	0	0	0	0	180	4424	1966	0	10558	4406	804	0	0	0	0	0	0	988	418	298	0	0	0	622	0	2298	0	186	0	0	0	982	0	918	0	446	0	0	0	0	0	7690	1098	5408	620	0	0	0	0	0	0	0	0	0	0	0	0	0	0	386	0	0	0	264	0	0	0	0	0	0	0	0	0	0	0	0	0	0	0	0	0	0	0	0	0	0	0	0	0	0	0	
538612	Cingulum_Mid_R	942	450	14646	29504	0	130	428	4486	0	0	242	3006	0	3572	0	1134	0	1916	29976	48304	0	0	8172	24188	0	474	0	0	262	5134	1094	26802	10558	0	508	6222	0	920	0	0	0	0	0	3832	0	1090	0	1234	0	248	0	178	0	144	0	220	0	1852	0	0	0	0	0	466	0	0	850	13976	3930	9986	366	2870	0	2738	0	206	158	256	0	620	0	248	0	0	0	392	0	0	0	376	0	0	0	0	0	0	0	0	0	0	0	0	0	0	0	0	0	0	0	0	0	0	0	0	0	0	
127036	Cingulum_Post_L	196	118	0	0	0	0	264	0	0	0	0	0	0	0	0	0	0	0	356	308	0	0	0	0	0	0	0	0	0	0	772	0	4406	508	0	5712	3804	2112	868	162	0	0	5956	0	2948	0	1178	380	880	0	3838	0	1180	0	404	0	1378	0	2836	0	2804	0	0	0	582	0	10348	1392	2604	304	0	0	342	0	0	0	1618	170	0	0	0	0	0	0	1214	0	0	0	1196	0	0	0	0	0	0	0	0	0	0	0	0	0	0	0	0	0	0	0	0	0	380	0	0	0	0	0	
97632	Cingulum_Post_R	0	196	130	0	0	0	322	0	0	0	0	0	0	0	0	0	0	0	598	3620	0	0	0	0	0	0	0	0	0	0	0	0	804	6222	5712	0	1994	3758	0	368	0	0	0	2382	0	268	0	3200	0	0	0	770	0	236	0	1188	0	0	0	0	0	0	0	0	0	0	466	10152	204	2004	0	0	438	0	0	0	2386	932	0	0	0	0	0	0	0	0	0	0	0	0	0	0	0	0	0	0	0	0	0	0	0	0	0	0	0	0	0	0	0	0	466	0	0	0	0	0	
266788	Hippocampus_L	7374	0	7492	0	510	0	6744	0	0	0	514	0	208	0	580	0	1024	0	5916	380	504	0	0	0	0	0	0	0	17148	192	0	0	0	0	3804	1994	0	1504	4992	328	5414	0	2132	0	0	0	810	408	0	0	376	0	0	0	6170	0	1984	0	152	0	344	0	206	0	0	0	2644	1202	552	0	2134	242	21666	266	636	0	12692	1362	2364	0	1152	0	1620	0	498	0	1032	0	3874	0	0	0	0	0	0	0	0	0	0	0	0	0	0	0	0	0	0	0	0	0	254	0	0	0	0	0	
259516	Hippocampus_R	0	4542	2348	6022	0	0	566	2858	0	0	968	680	726	0	0	122	154	508	1780	3104	0	1214	120	432	0	0	0	0	1818	8752	0	0	0	920	2112	3758	1504	0	0	11314	0	10546	0	0	0	0	0	514	0	0	0	0	0	0	0	16518	0	734	0	0	0	0	0	0	0	0	0	1588	0	112	2434	4704	632	17490	0	2460	1772	5544	0	210	0	912	0	2642	0	0	0	1226	0	3398	0	0	0	0	0	0	0	0	0	0	0	0	0	0	0	0	0	0	0	0	0	0	0	0	0	0	
60896	ParaHippocampal_L	142	0	0	0	124	0	0	0	0	0	0	0	0	0	156	0	0	0	0	0	350	0	0	0	0	0	0	0	1074	0	0	0	0	0	868	0	4992	0	0	0	1560	0	674	0	0	0	3618	0	0	0	1188	0	2028	0	4960	0	132	0	0	0	0	0	0	0	0	0	1282	0	0	0	0	0	228	0	134	0	414	0	360	0	114	0	2194	0	0	0	2146	0	956	0	0	0	0	0	216	130	0	0	0	0	0	0	0	0	0	0	0	0	0	408	0	0	0	0	0	0	
74320	ParaHippocampal_R	0	324	180	602	0	0	114	284	0	0	0	0	0	0	0	0	0	0	134	294	0	402	0	0	0	0	0	0	0	1032	0	0	0	0	162	368	328	11314	0	0	0	3434	0	0	0	0	0	1578	0	0	0	0	0	0	0	8070	0	0	0	0	0	0	0	0	0	0	0	776	0	0	0	248	194	2014	0	492	394	524	0	110	0	342	0	1818	0	0	0	1230	0	398	0	0	0	0	0	0	0	0	0	0	0	0	0	0	0	0	0	0	0	0	0	0	0	0	0	0	
28968	Amygdala_L	0	0	306	0	370	0	0	0	0	0	0	0	0	0	406	0	0	0	0	0	472	0	0	0	0	0	0	0	1308	0	0	0	0	0	0	0	5414	0	1560	0	0	0	0	0	0	0	0	0	0	0	0	0	0	0	1866	0	0	0	0	0	0	0	0	0	0	0	0	0	0	0	0	0	250	0	0	0	0	0	0	0	0	0	1090	0	186	0	784	0	472	0	0	0	0	0	0	0	0	0	0	0	0	0	0	0	0	0	0	0	0	0	0	0	0	0	0	0	
60248	Amygdala_R	0	0	0	476	0	0	0	0	0	0	0	0	0	0	0	134	0	0	0	462	0	1430	0	0	0	0	0	0	0	2796	0	0	0	0	0	0	0	10546	0	3434	0	0	0	0	0	0	0	0	0	0	0	0	0	0	0	3114	0	0	0	0	0	0	0	0	0	0	0	0	0	0	0	484	0	1858	0	0	0	0	0	0	0	0	0	3270	0	0	0	1482	0	638	0	0	0	0	0	0	0	0	0	0	0	0	0	0	0	0	0	0	0	0	0	0	0	0	0	0	
225828	Calcarine_L	0	0	0	0	0	0	0	0	0	0	0	0	0	0	0	0	0	0	0	0	0	0	0	0	0	0	0	0	0	0	0	0	988	0	5956	0	2132	0	674	0	0	0	0	3498	10854	3222	12480	414	14866	1756	21308	126	5654	0	802	0	874	0	2500	0	2372	0	0	0	588	0	15778	688	898	0	0	0	0	0	0	0	0	0	0	0	0	0	0	0	2356	0	0	0	2130	0	0	0	0	0	0	0	0	0	0	0	0	0	0	0	0	0	0	0	0	0	0	0	0	0	0	0	
265048	Calcarine_R	0	848	0	0	0	0	0	0	0	0	0	0	0	0	0	0	0	0	160	3010	0	0	0	0	0	0	0	0	0	932	0	0	418	3832	0	2382	0	0	0	0	0	0	3498	0	1678	19094	4282	16668	0	17192	0	14152	0	4346	0	9198	0	980	0	0	0	0	0	0	0	178	296	20794	298	2618	0	0	0	0	0	0	0	0	0	0	0	0	0	0	0	4356	0	0	0	1314	0	0	0	0	0	0	0	0	0	0	0	0	0	0	0	0	0	0	0	0	0	0	0	0	0	0	
135124	Cuneus_L	154	0	0	0	0	0	0	0	0	0	0	0	0	0	0	0	0	0	0	0	0	0	0	0	0	0	0	0	0	0	0	0	298	0	2948	0	0	0	0	0	0	0	10854	1678	0	3492	272	0	14582	794	7864	0	446	0	0	0	1734	0	5230	0	3398	0	0	0	800	0	8726	1472	700	0	0	0	0	0	0	0	0	0	0	0	0	0	0	0	1064	0	0	0	1056	0	0	0	0	0	0	0	0	0	0	0	0	0	0	0	0	0	0	0	0	0	0	0	0	0	0	0	
200228	Cuneus_R	0	456	0	0	0	0	0	0	0	0	0	0	0	0	0	0	0	0	0	530	0	0	0	0	0	0	0	0	0	570	0	0	0	1090	0	268	0	0	0	0	0	0	3222	19094	3492	0	1094	4492	0	26946	0	9584	0	528	0	1000	0	558	0	2478	0	0	0	0	0	0	2958	20516	0	542	0	0	0	0	0	0	0	0	0	0	0	0	0	0	0	244	0	0	0	452	0	0	0	0	0	0	0	0	0	0	0	0	0	0	0	0	0	0	0	0	0	0	0	0	0	0	
229080	Lingual_L	0	0	0	0	0	0	0	0	0	0	0	0	0	0	0	0	0	0	0	0	0	0	0	0	0	0	0	0	0	0	0	0	0	0	1178	0	810	0	3618	0	0	0	12480	4282	272	1094	0	3584	5076	1334	18838	448	11100	0	14474	424	212	0	756	0	526	0	0	0	0	0	2768	238	0	0	0	0	0	0	0	0	0	0	0	0	0	0	0	0	402	0	0	0	1414	0	5702	140	146	0	0	0	7058	134	12070	400	0	0	0	0	0	0	0	0	0	0	1372	1912	278	0	0	0	
180276	Lingual_R	0	116	0	0	0	0	0	0	0	0	0	0	0	0	0	0	0	0	120	1104	0	0	0	0	0	0	0	0	0	184	0	0	0	1234	380	3200	408	514	0	1578	0	0	414	16668	0	4492	3584	0	0	5402	0	4570	0	2480	0	13482	0	0	0	0	0	0	0	0	0	0	116	8362	0	592	0	0	0	0	0	0	352	0	0	0	0	0	0	0	0	0	0	0	0	290	372	4294	0	0	0	0	0	3062	576	5804	0	0	0	0	0	0	0	0	0	0	2380	3530	478	0	0	0	
149428	Occipital_Sup_L	0	0	0	0	0	0	0	0	0	0	0	0	0	0	0	0	0	0	0	0	0	0	0	0	0	0	0	0	0	0	0	0	622	0	880	0	0	0	0	0	0	0	14866	0	14582	0	5076	0	0	0	26678	0	3160	0	316	0	0	0	1830	0	750	0	0	0	0	0	5954	0	0	0	0	0	0	0	0	0	0	0	0	0	0	0	0	0	0	0	0	0	0	0	0	0	0	0	0	0	0	0	0	0	0	0	0	0	0	0	0	0	0	0	0	0	0	0	0	0	
242772	Occipital_Sup_R	0	694	0	0	0	0	0	0	0	0	0	0	0	0	0	0	0	0	0	294	0	0	0	0	0	0	0	0	0	824	0	0	0	248	0	0	0	0	0	0	0	0	1756	17192	794	26946	1334	5402	0	0	0	22868	0	1682	0	1700	0	720	0	10500	0	1628	0	612	0	3618	3146	17790	0	304	0	0	0	0	0	0	0	0	0	0	0	0	0	0	0	564	0	0	0	770	0	0	0	0	0	0	0	0	0	0	0	0	0	0	0	0	0	0	0	0	0	0	0	0	0	0	
420984	Occipital_Mid_L	472	0	0	0	0	0	0	0	0	0	0	0	0	0	0	0	140	0	0	0	0	0	0	0	0	0	0	0	0	0	0	0	2298	0	3838	0	376	0	1188	0	0	0	21308	0	7864	0	18838	0	26678	0	0	0	24434	0	6198	0	1356	0	9618	0	17196	0	1488	0	18318	0	13014	0	2138	0	0	0	0	0	0	0	0	0	0	0	620	0	0	0	21342	0	0	0	11770	0	0	0	0	0	0	0	0	0	0	0	0	0	0	0	0	0	0	0	0	0	0	0	0	0	0	0	
215820	Occipital_Mid_R	0	1610	0	0	0	0	0	0	0	0	0	0	0	0	0	0	0	0	0	1122	0	0	0	0	0	0	0	0	0	578	0	0	0	178	0	770	0	0	0	0	0	0	126	14152	0	9584	448	4570	0	22868	0	0	0	6174	0	3100	0	988	0	4464	0	3834	0	1464	0	10750	1144	7694	0	658	0	0	0	0	0	0	0	0	0	0	0	116	0	0	0	9648	0	0	0	1870	0	0	0	0	0	0	0	0	0	0	0	0	0	0	0	0	0	0	0	0	0	0	0	0	0	0	
144904	Occipital_Inf_L	1528	0	0	0	0	0	138	0	0	0	0	0	0	0	0	0	312	0	0	0	0	0	0	0	0	0	0	0	1522	0	0	0	186	0	1180	0	0	0	2028	0	0	0	5654	0	446	0	11100	0	3160	0	24434	0	0	0	9782	0	394	0	0	0	0	0	0	0	426	0	1292	0	962	0	0	0	0	0	0	0	0	0	1250	0	218	0	0	0	2278	0	0	0	3746	0	216	0	0	0	0	0	0	0	200	0	0	0	0	0	0	0	0	0	0	0	0	0	0	0	0	0	
57232	Occipital_Inf_R	0	788	0	0	0	0	0	0	0	0	0	0	0	0	0	0	0	0	0	734	0	0	0	0	0	0	0	0	0	726	0	0	0	144	0	236	0	0	0	0	0	0	0	4346	0	528	0	2480	0	1682	0	6174	0	0	0	4554	0	144	0	0	0	0	0	0	0	0	122	1066	0	374	0	0	0	0	0	0	0	0	0	0	0	0	0	0	0	1228	0	0	0	2970	0	0	0	0	0	0	0	0	0	162	0	0	0	0	0	0	0	0	0	0	0	158	0	0	0	0	
301256	Fusiform_L	926	0	0	0	0	0	0	0	0	0	0	0	0	0	0	0	146	0	0	0	170	0	0	0	0	0	0	0	2192	0	0	0	0	0	404	0	6170	0	4960	0	1866	0	802	0	0	0	14474	0	316	0	6198	0	9782	0	0	0	356	0	0	0	0	0	0	0	0	0	296	0	248	0	0	0	156	0	0	0	0	0	2024	0	1210	0	4378	0	2316	0	3364	0	14710	0	24938	0	2210	0	0	0	11612	0	33154	112	0	0	124	0	0	0	0	0	0	0	674	340	0	0	0	0	
248700	Fusiform_R	0	1288	0	172	0	0	0	0	0	0	0	0	0	0	0	0	0	0	176	1146	0	132	0	0	0	0	0	0	0	4388	0	0	0	220	0	1188	0	16518	0	8070	0	3114	0	9198	0	1000	424	13482	0	1700	0	3100	0	4554	0	0	0	536	0	0	0	0	0	0	0	0	0	2912	0	552	0	0	0	474	0	0	0	0	0	296	0	1382	0	922	0	1188	0	718	0	10434	144	11974	0	0	0	0	0	5414	264	13134	0	0	0	0	0	0	0	0	0	0	1974	1922	240	0	0	0	
231996	Postcentral_L	29710	0	1306	0	0	0	914	0	0	0	2254	0	530	0	0	0	5702	0	554	0	0	0	0	0	0	0	0	0	5768	0	0	0	982	0	1378	0	1984	0	132	0	0	0	874	0	1734	0	212	0	0	0	1356	0	394	0	356	0	0	0	7530	0	20426	0	9574	0	1326	0	3770	0	3134	0	4608	1494	1186	0	0	0	1194	1478	1782	0	1396	0	0	0	518	0	0	0	442	0	0	0	0	0	0	0	0	0	0	0	0	0	0	0	0	0	0	0	0	0	0	0	0	0	0	0	
143348	Postcentral_R	0	15796	2006	1974	0	0	0	0	0	0	0	1284	0	0	0	0	0	3590	2228	2666	0	0	0	0	0	0	0	0	0	3776	0	0	0	1852	0	0	0	734	0	0	0	0	0	980	0	558	0	0	0	720	0	988	0	144	0	536	0	0	0	4194	0	2496	0	6540	0	294	734	5142	0	6408	644	1868	0	792	0	150	0	154	0	342	0	218	0	0	0	790	0	0	0	1076	0	0	0	0	0	0	0	0	0	0	0	0	0	0	0	0	0	0	0	0	0	0	0	0	0	0	
125688	Parietal_Sup_L	0	0	0	0	0	0	0	0	0	0	0	0	0	0	0	0	170	0	0	0	0	0	0	0	0	0	0	0	0	0	0	0	918	0	2836	0	152	0	0	0	0	0	2500	0	5230	0	756	0	1830	0	9618	0	0	0	0	0	7530	0	0	118	14324	0	356	0	1634	0	13204	630	610	0	0	0	0	0	0	0	0	0	0	0	282	0	0	0	146	0	0	0	0	0	0	0	0	0	0	0	0	0	0	0	0	0	0	0	0	0	0	0	0	0	0	0	0	0	0	0	
86716	Parietal_Sup_R	0	0	0	0	0	0	0	0	0	0	0	0	0	0	0	0	0	0	0	0	0	0	0	0	0	0	0	0	0	0	0	0	0	0	0	0	0	0	0	0	0	0	0	0	0	2478	0	0	0	10500	0	4464	0	0	0	0	0	4194	118	0	0	4322	0	832	0	4686	1476	10008	0	132	0	0	0	0	0	0	0	0	0	0	0	0	0	0	0	0	0	0	0	148	0	0	0	0	0	0	0	0	0	0	0	0	0	0	0	0	0	0	0	0	0	0	0	0	0	0	
229096	Parietal_Inf_L	6496	0	116	0	0	0	504	0	0	0	0	0	0	0	0	0	526	0	0	0	0	0	0	0	0	0	0	0	2278	0	0	0	446	0	2804	0	344	0	0	0	0	0	2372	0	3398	0	526	0	750	0	17196	0	0	0	0	0	20426	0	14324	0	0	0	16412	0	17142	0	5188	0	560	0	362	0	202	0	0	0	198	0	0	0	872	0	0	0	752	0	0	0	354	0	0	0	0	0	0	0	0	0	0	0	0	0	0	0	0	0	0	0	0	0	0	0	0	0	0	0	
67436	Parietal_Inf_R	0	524	0	0	0	0	0	118	0	0	0	0	0	0	0	0	0	0	0	0	0	0	0	0	0	0	0	0	0	0	0	0	0	0	0	0	0	0	0	0	0	0	0	0	0	0	0	0	0	1628	0	3834	0	0	0	0	0	2496	0	4322	0	0	0	6954	0	11718	0	238	0	0	0	0	0	0	0	0	0	0	0	0	0	0	0	0	0	1110	0	0	0	776	0	0	0	0	0	0	0	0	0	0	0	0	0	0	0	0	0	0	0	0	0	0	0	0	0	0	
100308	SupraMarginal_L	4546	0	158	0	0	0	608	0	0	0	0	0	0	0	0	0	1926	0	154	0	0	0	0	0	0	0	0	0	2248	0	0	0	0	0	0	0	206	0	0	0	0	0	0	0	0	0	0	0	0	0	1488	0	0	0	0	0	9574	0	356	0	16412	0	0	0	4276	0	0	0	0	0	774	0	200	0	0	0	212	0	0	0	3900	0	0	0	2852	0	0	0	264	0	0	0	0	0	0	0	0	0	0	0	0	0	0	0	0	0	0	0	0	0	0	0	0	0	0	0	
82172	SupraMarginal_R	0	1214	144	0	0	0	0	152	0	0	0	0	0	0	0	0	0	1500	150	160	0	0	0	0	0	0	0	0	0	158	0	0	0	466	0	0	0	0	0	0	0	0	0	0	0	0	0	0	0	612	0	1464	0	0	0	0	0	6540	0	832	0	6954	0	0	0	3694	0	240	0	0	0	154	0	0	0	0	0	0	0	226	0	2454	0	0	0	9046	0	0	0	4926	0	0	0	0	0	0	0	0	0	0	0	0	0	0	0	0	0	0	0	0	0	0	0	0	0	0	
114788	Angular_L	736	0	0	0	0	0	126	0	0	0	0	0	0	0	0	0	158	0	0	0	0	0	0	0	0	0	0	0	276	0	0	0	0	0	582	0	0	0	0	0	0	0	588	0	800	0	0	0	0	0	18318	0	426	0	0	0	1326	0	1634	0	17142	0	4276	0	0	0	1020	0	334	0	0	0	0	0	0	0	0	0	0	0	2218	0	0	0	6114	0	0	0	1320	0	0	0	0	0	0	0	0	0	0	0	0	0	0	0	0	0	0	0	0	0	0	0	0	0	0	0	
86428	Angular_R	0	320	0	0	0	0	0	0	0	0	0	0	0	0	0	0	0	0	0	0	0	0	0	0	0	0	0	0	0	0	0	0	0	0	0	0	0	0	0	0	0	0	0	178	0	0	0	0	0	3618	0	10750	0	0	0	0	0	294	0	4686	0	11718	0	3694	0	0	0	0	0	0	0	0	0	0	0	0	0	0	0	0	0	3036	0	0	0	4680	0	0	0	240	0	0	0	0	0	0	0	0	0	0	0	0	0	0	0	0	0	0	0	0	0	0	0	0	0	0	
250556	Precuneus_L	310	240	0	0	0	0	0	0	0	0	0	0	0	0	0	0	0	0	0	262	0	0	0	0	0	0	0	0	0	158	0	0	7690	850	10348	466	2644	0	1282	0	0	0	15778	296	8726	2958	2768	116	5954	3146	13014	1144	1292	122	296	0	3770	734	13204	1476	5188	0	0	0	1020	0	0	10170	3328	648	0	0	0	0	0	0	0	0	0	0	0	0	0	0	2658	346	0	0	2466	410	0	0	0	0	0	0	0	0	0	0	0	0	0	0	0	0	0	0	0	0	0	0	0	0	0	0	
323460	Precuneus_R	0	1208	150	0	0	0	270	0	0	0	0	0	0	0	0	0	0	0	532	5706	0	0	0	0	0	0	0	0	0	1450	0	0	1098	13976	1392	10152	1202	1588	0	776	0	0	688	20794	1472	20516	238	8362	0	17790	0	7694	0	1066	0	2912	0	5142	630	10008	0	238	0	240	0	0	10170	0	422	6646	0	158	270	0	0	0	1122	494	0	0	0	414	0	0	0	2552	0	0	0	1888	0	0	0	0	0	0	0	0	0	0	0	0	0	0	0	0	0	0	0	0	304	0	0	0	0	0	
122708	Paracentral_Lobule_L	8212	868	136	506	0	0	0	0	0	0	0	0	0	0	0	0	0	0	8714	6570	0	0	0	0	0	0	0	0	0	0	0	0	5408	3930	2604	204	552	0	0	0	0	0	898	298	700	0	0	0	0	0	2138	0	962	0	248	0	3134	0	610	0	560	0	0	0	334	0	3328	422	0	3412	620	294	610	0	0	0	2054	788	0	0	0	0	0	0	1090	0	0	0	1150	0	0	0	0	0	0	0	0	0	0	0	0	0	0	0	0	0	0	0	0	0	0	0	0	0	0	0	
135340	Paracentral_Lobule_R	704	8146	0	0	0	0	0	0	0	0	0	0	0	0	0	0	0	0	294	19388	0	0	0	0	0	0	0	0	0	360	0	0	620	9986	304	2004	0	112	0	0	0	0	0	2618	0	542	0	592	0	304	0	658	0	374	0	552	0	6408	0	132	0	0	0	0	0	0	648	6646	3412	0	486	0	0	0	0	0	0	0	0	0	0	136	0	0	0	1120	0	0	0	1124	0	0	0	0	0	0	0	0	0	0	0	0	0	0	0	0	0	0	0	0	0	0	0	0	0	0	
394236	Caudate_L	6946	1568	25882	1938	1328	132	4624	842	0	0	5194	5944	7178	2070	892	206	528	2060	21520	2886	3632	3542	884	254	0	512	2380	1034	17276	8506	6050	2946	0	366	0	0	2134	2434	0	0	0	0	0	0	0	0	0	0	0	0	0	0	0	0	0	0	4608	644	0	0	362	0	774	0	0	0	0	0	620	486	0	12714	17576	5666	1450	478	4980	2070	152	0	592	0	136	0	0	0	0	0	122	0	0	0	0	0	0	0	0	0	0	0	0	0	0	0	0	0	0	0	0	0	0	0	0	0	0	0	
677364	Caudate_R	1816	6390	15904	42464	0	5936	812	9238	0	184	1324	11440	3194	6218	248	2364	0	8662	19756	37954	356	418	902	12106	0	9322	170	1998	4680	23226	1292	19450	0	2870	0	0	242	4704	0	248	0	484	0	0	0	0	0	0	0	0	0	0	0	0	0	0	1494	1868	0	0	0	0	0	154	0	0	0	158	294	0	12714	0	1048	37566	122	4262	772	21612	0	246	0	0	0	0	0	0	0	0	0	0	0	0	0	0	0	0	0	0	0	0	0	0	0	0	0	0	0	0	0	0	0	0	0	0	0	0	
435552	Putamen_L	8234	0	41800	132	6922	0	7944	0	542	0	4912	488	2518	184	4088	0	4638	162	29298	510	0	0	748	0	0	206	144	0	31770	852	2268	468	0	0	342	438	21666	632	228	194	250	0	0	0	0	0	0	0	0	0	0	0	0	0	156	0	1186	0	0	0	202	0	200	0	0	0	0	270	610	0	17576	1048	0	874	8886	0	10438	632	362	0	2094	0	664	0	0	0	0	0	0	0	0	0	0	0	0	0	0	0	0	0	0	0	0	0	0	0	0	0	0	0	0	0	0	0	0	0	
455272	Putamen_R	118	2108	3200	27942	0	3498	806	7694	0	284	2620	5492	1684	2336	216	2838	242	5208	2086	17560	0	228	514	7992	0	8154	0	1520	4360	26870	488	10884	0	2738	0	0	266	17490	0	2014	0	1858	0	0	0	0	0	0	0	0	0	0	0	0	0	474	0	792	0	0	0	0	0	0	0	0	0	0	0	0	5666	37566	874	0	0	8648	128	1686	0	0	0	0	0	378	0	0	0	116	0	0	0	0	0	0	0	0	0	0	0	0	0	0	0	0	0	0	0	0	0	0	0	0	0	0	0	0	
56700	Pallidum_L	346	0	8494	0	0	0	384	0	0	0	0	0	0	0	0	0	0	0	6560	0	0	0	0	0	0	0	0	0	138	0	0	0	0	0	0	0	636	0	134	0	0	0	0	0	0	0	0	0	0	0	0	0	0	0	0	0	0	0	0	0	0	0	0	0	0	0	0	0	0	0	1450	122	8886	0	0	0	1086	114	0	0	0	0	0	0	0	0	0	0	0	0	0	0	0	0	0	0	0	0	0	0	0	0	0	0	0	0	0	0	0	0	0	0	0	0	0	0	
67772	Pallidum_R	0	558	776	7054	0	0	120	976	0	0	114	164	138	0	0	0	0	130	680	4718	0	0	0	222	0	162	0	0	288	506	0	212	0	206	0	0	0	2460	0	492	0	0	0	0	0	0	0	0	0	0	0	0	0	0	0	0	0	150	0	0	0	0	0	0	0	0	0	0	0	0	478	4262	0	8648	0	0	0	372	0	0	0	0	0	0	0	0	0	0	0	0	0	0	0	0	0	0	0	0	0	0	0	0	0	0	0	0	0	0	0	0	0	0	0	0	0	0	
171100	Thalamus_L	7254	184	4284	298	0	0	5020	0	0	0	238	0	0	0	0	0	432	0	14298	1136	0	0	0	0	0	0	0	0	6572	0	0	0	0	158	1618	2386	12692	1772	414	394	0	0	0	0	0	0	0	352	0	0	0	0	0	0	0	0	1194	0	0	0	198	0	212	0	0	0	0	1122	2054	0	4980	772	10438	128	1086	0	0	3688	0	0	0	0	0	0	0	0	0	0	0	0	0	0	0	0	0	0	0	0	0	0	0	0	0	0	0	0	0	0	0	0	176	0	0	0	0	0	
160008	Thalamus_R	1764	3106	2682	7544	0	0	242	1134	0	0	212	0	0	0	0	0	0	118	7352	13102	0	0	0	0	0	0	0	0	428	444	0	0	0	256	170	932	1362	5544	0	524	0	0	0	0	0	0	0	0	0	0	0	0	0	0	0	0	1478	154	0	0	0	0	0	0	0	0	0	494	788	0	2070	21612	632	1686	114	372	3688	0	0	0	0	0	0	0	0	0	0	0	0	0	0	0	0	0	0	0	0	0	0	0	0	0	0	0	0	0	0	0	0	0	0	0	0	0	0	0	
45836	Heschl_L	1944	0	148	0	0	0	118	0	0	0	0	0	0	0	0	0	1478	0	0	0	0	0	0	0	0	0	0	0	5040	0	0	0	0	0	0	0	2364	0	360	0	0	0	0	0	0	0	0	0	0	0	0	0	1250	0	2024	0	1782	0	0	0	0	0	0	0	0	0	0	0	0	0	152	0	362	0	0	0	0	0	0	0	2638	0	0	0	1354	0	0	0	1904	0	0	0	0	0	0	0	0	0	0	0	0	0	0	0	0	0	0	0	0	0	0	0	0	0	0	0	
21628	Heschl_R	0	230	232	0	0	0	0	0	0	0	0	0	0	0	0	0	0	1936	232	320	0	0	0	0	0	0	0	0	0	1278	0	0	0	620	0	0	0	210	0	110	0	0	0	0	0	0	0	0	0	0	0	0	0	0	0	296	0	342	0	0	0	0	0	226	0	0	0	0	0	0	0	246	0	0	0	0	0	0	0	0	0	2282	0	0	0	1180	0	0	0	1074	0	0	0	0	0	0	0	0	0	0	0	0	0	0	0	0	0	0	0	0	0	0	0	0	0	0	
138264	Temporal_Sup_L	912	0	2354	0	0	0	504	0	0	0	2138	0	0	0	0	0	6590	0	1796	0	0	0	0	0	0	0	0	0	7352	0	0	0	0	0	0	0	1152	0	114	0	0	0	0	0	0	0	0	0	0	0	620	0	218	0	1210	0	1396	0	282	0	872	0	3900	0	2218	0	0	0	0	0	592	0	2094	0	0	0	0	0	2638	0	0	0	2738	0	17362	0	0	0	10080	0	0	0	0	0	0	0	0	0	0	0	0	0	0	0	0	0	0	0	0	0	0	0	0	0	0	0	
58728	Temporal_Sup_R	0	432	0	0	0	0	0	0	0	0	0	0	0	0	0	0	0	1294	0	368	0	0	0	0	0	0	0	0	0	3114	0	0	0	248	0	0	0	912	0	342	0	0	0	0	0	0	0	0	0	0	0	116	0	0	0	1382	0	218	0	0	0	0	0	2454	0	3036	0	414	0	136	0	0	0	0	0	0	0	0	0	2282	0	0	0	458	0	9098	0	0	0	3060	0	0	0	0	0	0	0	0	0	0	0	0	0	0	0	0	0	0	0	0	0	0	0	0	0	0	
69916	Temporal_Pole_Sup_L	0	0	200	0	144	0	0	0	0	0	380	0	0	0	244	0	404	0	150	0	384	0	0	0	0	0	0	0	2290	0	0	0	0	0	0	0	1620	0	2194	0	1090	0	0	0	0	0	0	0	0	0	0	0	0	0	4378	0	0	0	0	0	0	0	0	0	0	0	0	0	0	0	136	0	664	0	0	0	0	0	0	0	2738	0	0	0	6378	0	6678	0	4886	0	0	0	0	0	0	0	0	0	0	0	0	0	0	0	0	0	0	0	0	0	0	0	0	0	0	0	
29364	Temporal_Pole_Sup_R	0	0	0	0	0	0	0	0	0	0	0	0	0	0	0	184	0	0	0	0	0	760	0	0	0	0	0	0	0	896	0	0	0	0	0	0	0	2642	0	1818	0	3270	0	0	0	0	0	0	0	0	0	0	0	0	0	922	0	0	0	0	0	0	0	0	0	0	0	0	0	0	0	0	0	378	0	0	0	0	0	0	0	458	0	0	0	540	0	2560	0	254	0	0	0	0	0	0	0	0	0	0	0	0	0	0	0	0	0	0	0	0	0	0	0	0	0	0	
223468	Temporal_Mid_L	644	0	0	0	0	0	0	0	0	0	0	0	0	0	0	0	638	0	0	0	0	0	0	0	0	0	0	0	1434	0	0	0	386	0	1214	0	498	0	0	0	186	0	2356	0	1064	0	402	0	0	0	21342	0	2278	0	2316	0	518	0	146	0	752	0	2852	0	6114	0	2658	0	1090	0	0	0	0	0	0	0	0	0	1354	0	17362	0	6378	0	0	0	4584	0	33168	0	0	0	0	0	0	0	0	0	0	0	0	0	0	0	0	0	0	0	0	0	0	0	0	0	0	0	
160544	Temporal_Mid_R	0	2210	0	0	0	0	0	0	0	0	0	0	0	0	0	0	0	0	0	3122	0	0	0	0	0	0	0	0	0	574	0	0	0	392	0	0	0	0	0	0	0	0	0	4356	0	244	0	0	0	564	0	9648	0	1228	0	1188	0	790	0	0	0	1110	0	9046	0	4680	346	2552	0	1120	0	0	0	0	0	0	0	0	0	1180	0	9098	0	540	0	0	0	522	0	25762	0	0	0	0	0	0	0	0	0	0	0	0	0	0	0	0	0	0	0	0	0	0	0	0	0	0	
46060	Temporal_Pole_Mid_L	0	0	0	0	0	0	0	0	0	0	0	0	0	0	0	0	0	0	0	0	0	0	0	0	0	0	0	0	458	0	0	0	0	0	0	0	1032	0	2146	0	784	0	0	0	0	0	0	0	0	0	0	0	0	0	3364	0	0	0	0	0	0	0	0	0	0	0	0	0	0	0	0	0	0	0	0	0	0	0	0	0	0	0	6678	0	4584	0	0	0	3984	0	0	0	0	0	0	0	0	0	0	0	0	0	0	0	0	0	0	0	0	0	0	0	0	0	0	0	
16772	Temporal_Pole_Mid_R	0	0	0	0	0	0	0	0	0	0	0	0	0	0	0	0	0	0	0	0	0	156	0	0	0	0	0	0	0	192	0	0	0	0	0	0	0	1226	0	1230	0	1482	0	0	0	0	0	0	0	0	0	0	0	0	0	718	0	0	0	0	0	0	0	0	0	0	0	0	0	0	0	0	0	116	0	0	0	0	0	0	0	0	0	2560	0	522	0	0	0	184	0	0	0	0	0	0	0	0	0	0	0	0	0	0	0	0	0	0	0	0	0	0	0	0	0	0	
211616	Temporal_Inf_L	724	0	0	0	0	0	0	0	0	0	0	0	0	0	0	0	194	0	0	0	0	0	0	0	0	0	0	0	1496	0	0	0	264	0	1196	0	3874	0	956	0	472	0	2130	0	1056	0	1414	0	0	0	11770	0	3746	0	14710	0	442	0	0	0	354	0	264	0	1320	0	2466	0	1150	0	122	0	0	0	0	0	0	0	1904	0	10080	0	4886	0	33168	0	3984	0	0	0	1338	0	112	0	0	0	0	0	216	0	0	0	0	0	0	0	0	0	0	0	0	0	0	0	0	0	
147532	Temporal_Inf_R	0	2624	0	156	0	0	0	0	0	0	0	0	0	0	0	0	0	0	110	3492	0	0	0	0	0	0	0	0	0	3276	0	0	0	376	0	0	0	3398	0	398	0	638	0	1314	0	452	0	290	0	770	0	1870	0	2970	0	10434	0	1076	0	148	0	776	0	4926	0	240	410	1888	0	1124	0	0	0	0	0	0	0	0	0	1074	0	3060	0	254	0	25762	0	184	0	0	0	276	0	0	0	0	0	0	0	0	0	0	0	0	0	0	0	0	0	0	0	0	0	0	0	0	
311276	Cerebelum_Crus1_L	0	0	0	0	0	0	0	0	0	0	0	0	0	0	0	0	0	0	0	0	0	0	0	0	0	0	0	0	0	0	0	0	0	0	0	0	0	0	0	0	0	0	0	0	0	0	5702	372	0	0	0	0	216	0	24938	144	0	0	0	0	0	0	0	0	0	0	0	0	0	0	0	0	0	0	0	0	0	0	0	0	0	0	0	0	0	0	0	0	1338	0	0	1550	29324	544	0	0	13256	0	50960	1870	6370	0	11476	238	632	0	0	0	0	0	816	2508	3120	152	112	0	
396724	Cerebelum_Crus1_R	0	0	0	0	0	0	0	0	0	0	0	0	0	0	0	0	0	0	0	0	0	0	0	0	0	0	0	0	0	0	0	0	0	0	0	0	0	0	0	0	0	0	0	0	0	0	140	4294	0	0	0	0	0	0	0	11974	0	0	0	0	0	0	0	0	0	0	0	0	0	0	0	0	0	0	0	0	0	0	0	0	0	0	0	0	0	0	0	0	0	276	1550	0	410	35782	0	312	310	22114	506	68750	0	1142	0	18624	0	768	0	0	0	0	8340	13164	9336	370	200	0	
255408	Cerebelum_Crus2_L	0	0	0	0	0	0	0	0	0	0	0	0	0	0	0	0	0	0	0	0	0	0	0	0	0	0	0	0	0	0	0	0	0	0	0	0	0	0	0	0	0	0	0	0	0	0	146	0	0	0	0	0	0	0	2210	0	0	0	0	0	0	0	0	0	0	0	0	0	0	0	0	0	0	0	0	0	0	0	0	0	0	0	0	0	0	0	0	0	112	0	29324	410	0	5542	0	0	1896	0	8928	466	32096	2758	30290	2496	682	0	0	0	0	0	364	528	5862	3594	0	0	
259812	Cerebelum_Crus2_R	0	0	0	0	0	0	0	0	0	0	0	0	0	0	0	0	0	0	0	0	0	0	0	0	0	0	0	0	0	0	0	0	0	0	0	0	0	0	0	0	0	0	0	0	0	0	0	0	0	0	0	0	0	0	0	0	0	0	0	0	0	0	0	0	0	0	0	0	0	0	0	0	0	0	0	0	0	0	0	0	0	0	0	0	0	0	0	0	0	0	544	35782	5542	0	0	0	138	1388	154	13912	1306	17782	778	33988	0	1028	0	0	0	0	802	2036	10106	4048	572	0	
2352	Cerebelum_3_L	0	0	0	0	0	0	0	0	0	0	0	0	0	0	0	0	0	0	0	0	0	0	0	0	0	0	0	0	0	0	0	0	0	0	0	0	0	0	216	0	0	0	0	0	0	0	0	0	0	0	0	0	0	0	0	0	0	0	0	0	0	0	0	0	0	0	0	0	0	0	0	0	0	0	0	0	0	0	0	0	0	0	0	0	0	0	0	0	0	0	0	0	0	0	0	0	826	0	0	0	0	0	0	0	0	0	0	0	134	0	0	0	0	0	0	0	
7536	Cerebelum_3_R	0	0	0	0	0	0	0	0	0	0	0	0	0	0	0	0	0	0	0	0	0	0	0	0	0	0	0	0	0	0	0	0	0	0	0	0	0	0	130	0	0	0	0	0	0	0	0	0	0	0	0	0	0	0	0	0	0	0	0	0	0	0	0	0	0	0	0	0	0	0	0	0	0	0	0	0	0	0	0	0	0	0	0	0	0	0	0	0	0	0	0	312	0	0	0	0	0	1680	0	1646	0	0	0	0	0	0	0	0	0	0	0	0	0	0	0	0	
152908	Cerebelum_4_5_L	0	0	0	0	0	0	0	0	0	0	0	0	0	0	0	0	0	0	0	0	0	0	0	0	0	0	0	0	0	0	0	0	0	0	0	0	0	0	0	0	0	0	0	0	0	0	7058	0	0	0	0	0	0	0	11612	0	0	0	0	0	0	0	0	0	0	0	0	0	0	0	0	0	0	0	0	0	0	0	0	0	0	0	0	0	0	0	0	0	0	0	13256	310	1896	138	826	0	0	564	26678	680	360	0	1012	0	2020	356	0	0	0	0	6012	2012	0	164	686	814	
158048	Cerebelum_4_5_R	0	0	0	0	0	0	0	0	0	0	0	0	0	0	0	0	0	0	0	0	0	0	0	0	0	0	0	0	0	0	0	0	0	0	0	0	0	0	0	0	0	0	0	0	0	0	134	3062	0	0	0	0	0	0	0	5414	0	0	0	0	0	0	0	0	0	0	0	0	0	0	0	0	0	0	0	0	0	0	0	0	0	0	0	0	0	0	0	0	0	0	0	22114	0	1388	0	1680	564	0	138	31560	0	0	0	870	0	0	0	0	0	164	10956	656	324	0	0	0	
296896	Cerebelum_6_L	0	0	0	0	0	0	0	0	0	0	0	0	0	0	0	0	0	0	0	0	0	0	0	0	0	0	0	0	0	0	0	0	0	0	0	0	0	0	0	0	0	0	0	0	0	0	12070	576	0	0	0	0	200	0	33154	264	0	0	0	0	0	0	0	0	0	0	0	0	0	0	0	0	0	0	0	0	0	0	0	0	0	0	0	0	0	0	0	0	216	0	50960	506	8928	154	0	0	26678	138	0	954	1974	0	3534	0	954	0	120	0	0	0	3016	3116	936	0	0	0	
360700	Cerebelum_6_R	0	0	0	0	0	0	0	0	0	0	0	0	0	0	0	0	0	0	0	0	0	0	0	0	0	0	0	0	0	0	0	0	0	0	0	0	0	0	0	0	0	0	0	0	0	0	400	5804	0	0	0	0	0	162	112	13134	0	0	0	0	0	0	0	0	0	0	0	0	0	0	0	0	0	0	0	0	0	0	0	0	0	0	0	0	0	0	0	0	0	0	1870	68750	466	13912	0	1646	680	31560	954	0	0	0	0	5228	0	530	0	0	0	162	11688	15052	7440	494	306	0	
169192	Cerebelum_7b_L	0	0	0	0	0	0	0	0	0	0	0	0	0	0	0	0	0	0	0	0	0	0	0	0	0	0	0	0	0	0	0	0	0	0	0	0	0	0	0	0	0	0	0	0	0	0	0	0	0	0	0	0	0	0	0	0	0	0	0	0	0	0	0	0	0	0	0	0	0	0	0	0	0	0	0	0	0	0	0	0	0	0	0	0	0	0	0	0	0	0	6370	0	32096	1306	0	0	360	0	1974	0	0	1448	33130	2144	500	0	234	0	0	0	0	0	1448	3586	0	0	
99508	Cerebelum_7b_R	0	0	0	0	0	0	0	0	0	0	0	0	0	0	0	0	0	0	0	0	0	0	0	0	0	0	0	0	0	0	0	0	0	0	0	0	0	0	0	0	0	0	0	0	0	0	0	0	0	0	0	0	0	0	0	0	0	0	0	0	0	0	0	0	0	0	0	0	0	0	0	0	0	0	0	0	0	0	0	0	0	0	0	0	0	0	0	0	0	0	0	1142	2758	17782	0	0	0	0	0	0	1448	0	446	20168	0	310	0	0	0	0	0	0	1980	3720	0	0	
187008	Cerebelum_8_L	0	0	0	0	0	0	0	0	0	0	0	0	0	0	0	0	0	0	0	0	0	0	0	0	0	0	0	0	0	0	0	0	0	0	0	0	0	0	0	0	0	0	0	0	0	0	0	0	0	0	0	0	0	0	124	0	0	0	0	0	0	0	0	0	0	0	0	0	0	0	0	0	0	0	0	0	0	0	0	0	0	0	0	0	0	0	0	0	0	0	11476	0	30290	778	0	0	1012	0	3534	0	33130	446	0	1860	4966	0	320	0	0	0	0	0	1454	3784	330	0	
202436	Cerebelum_8_R	0	0	0	0	0	0	0	0	0	0	0	0	0	0	0	0	0	0	0	0	0	0	0	0	0	0	0	0	0	0	0	0	0	0	0	0	0	0	0	0	0	0	0	0	0	0	0	0	0	0	0	0	0	0	0	0	0	0	0	0	0	0	0	0	0	0	0	0	0	0	0	0	0	0	0	0	0	0	0	0	0	0	0	0	0	0	0	0	0	0	238	18624	2496	33988	0	0	0	870	0	5228	2144	20168	1860	0	0	5760	0	320	0	0	0	188	3722	4766	846	0	
33688	Cerebelum_9_L	0	0	0	0	0	0	0	0	0	0	0	0	0	0	0	0	0	0	0	0	0	0	0	0	0	0	0	0	0	0	0	0	0	0	0	0	0	0	0	0	0	0	0	0	0	0	0	0	0	0	0	0	0	0	0	0	0	0	0	0	0	0	0	0	0	0	0	0	0	0	0	0	0	0	0	0	0	0	0	0	0	0	0	0	0	0	0	0	0	0	632	0	682	0	0	0	2020	0	954	0	500	0	4966	0	0	356	1944	0	0	0	1694	1530	0	204	696	666	
35312	Cerebelum_9_R	0	0	0	0	0	0	0	0	0	0	0	0	0	0	0	0	0	0	0	0	0	0	0	0	0	0	0	0	0	0	0	0	0	0	0	0	0	0	0	0	0	0	0	0	0	0	0	0	0	0	0	0	0	0	0	0	0	0	0	0	0	0	0	0	0	0	0	0	0	0	0	0	0	0	0	0	0	0	0	0	0	0	0	0	0	0	0	0	0	0	0	768	0	1028	0	0	356	0	0	530	0	310	0	5760	356	0	0	756	0	0	638	1056	1006	1754	2608	730	
5236	Cerebelum_10_L	0	0	0	0	0	0	0	0	0	0	0	0	0	0	0	0	0	0	0	0	0	0	0	0	0	0	0	0	0	0	0	0	0	0	0	0	0	0	0	0	0	0	0	0	0	0	0	0	0	0	0	0	0	0	0	0	0	0	0	0	0	0	0	0	0	0	0	0	0	0	0	0	0	0	0	0	0	0	0	0	0	0	0	0	0	0	0	0	0	0	0	0	0	0	0	0	0	0	120	0	234	0	320	0	1944	0	0	0	0	0	0	0	0	0	0	0	
2152	Cerebelum_10_R	0	0	0	0	0	0	0	0	0	0	0	0	0	0	0	0	0	0	0	0	0	0	0	0	0	0	0	0	0	0	0	0	0	0	0	0	0	0	0	0	0	0	0	0	0	0	0	0	0	0	0	0	0	0	0	0	0	0	0	0	0	0	0	0	0	0	0	0	0	0	0	0	0	0	0	0	0	0	0	0	0	0	0	0	0	0	0	0	0	0	0	0	0	0	0	0	0	0	0	0	0	0	0	320	0	756	0	0	0	0	0	0	0	0	0	0	
2264	Vermis_1_2	0	0	0	0	0	0	0	0	0	0	0	0	0	0	0	0	0	0	0	0	0	0	0	0	0	0	0	0	0	0	0	0	0	0	0	0	0	0	0	0	0	0	0	0	0	0	0	0	0	0	0	0	0	0	0	0	0	0	0	0	0	0	0	0	0	0	0	0	0	0	0	0	0	0	0	0	0	0	0	0	0	0	0	0	0	0	0	0	0	0	0	0	0	0	134	0	0	0	0	0	0	0	0	0	0	0	0	0	0	998	0	0	0	0	0	0	
3464	Vermis_3	0	0	0	0	0	0	0	0	0	0	0	0	0	0	0	0	0	0	0	0	0	0	0	0	0	0	0	0	0	0	0	0	0	0	0	0	0	0	408	0	0	0	0	0	0	0	0	0	0	0	0	0	0	0	0	0	0	0	0	0	0	0	0	0	0	0	0	0	0	0	0	0	0	0	0	0	0	0	0	0	0	0	0	0	0	0	0	0	0	0	0	0	0	0	0	0	0	164	0	162	0	0	0	0	0	0	0	0	998	0	0	0	0	0	0	0	
120028	Vermis_4_5	0	0	0	0	0	0	0	0	0	0	0	0	0	0	0	0	0	0	0	0	0	0	0	0	0	0	0	0	0	0	0	0	0	0	380	466	254	0	0	0	0	0	0	0	0	0	1372	2380	0	0	0	0	0	0	674	1974	0	0	0	0	0	0	0	0	0	0	0	304	0	0	0	0	0	0	0	0	176	0	0	0	0	0	0	0	0	0	0	0	0	0	816	8340	364	802	0	0	6012	10956	3016	11688	0	0	0	0	1694	638	0	0	0	0	0	4708	158	372	1078	1392	
124936	Vermis_6	0	0	0	0	0	0	0	0	0	0	0	0	0	0	0	0	0	0	0	0	0	0	0	0	0	0	0	0	0	0	0	0	0	0	0	0	0	0	0	0	0	0	0	0	0	0	1912	3530	0	0	0	0	0	158	340	1922	0	0	0	0	0	0	0	0	0	0	0	0	0	0	0	0	0	0	0	0	0	0	0	0	0	0	0	0	0	0	0	0	0	0	2508	13164	528	2036	0	0	2012	656	3116	15052	0	0	0	188	1530	1056	0	0	0	0	4708	0	4148	940	1520	1444	
112348	Vermis_7	0	0	0	0	0	0	0	0	0	0	0	0	0	0	0	0	0	0	0	0	0	0	0	0	0	0	0	0	0	0	0	0	0	0	0	0	0	0	0	0	0	0	0	0	0	0	278	478	0	0	0	0	0	0	0	240	0	0	0	0	0	0	0	0	0	0	0	0	0	0	0	0	0	0	0	0	0	0	0	0	0	0	0	0	0	0	0	0	0	0	3120	9336	5862	10106	0	0	0	324	936	7440	1448	1980	1454	3722	0	1006	0	0	0	0	158	4148	0	2902	1236	0	
66408	Vermis_8	0	0	0	0	0	0	0	0	0	0	0	0	0	0	0	0	0	0	0	0	0	0	0	0	0	0	0	0	0	0	0	0	0	0	0	0	0	0	0	0	0	0	0	0	0	0	0	0	0	0	0	0	0	0	0	0	0	0	0	0	0	0	0	0	0	0	0	0	0	0	0	0	0	0	0	0	0	0	0	0	0	0	0	0	0	0	0	0	0	0	152	370	3594	4048	0	0	164	0	0	494	3586	3720	3784	4766	204	1754	0	0	0	0	372	940	2902	0	2202	152	
26992	Vermis_9	0	0	0	0	0	0	0	0	0	0	0	0	0	0	0	0	0	0	0	0	0	0	0	0	0	0	0	0	0	0	0	0	0	0	0	0	0	0	0	0	0	0	0	0	0	0	0	0	0	0	0	0	0	0	0	0	0	0	0	0	0	0	0	0	0	0	0	0	0	0	0	0	0	0	0	0	0	0	0	0	0	0	0	0	0	0	0	0	0	0	112	200	0	572	0	0	686	0	0	306	0	0	330	846	696	2608	0	0	0	0	1078	1520	1236	2202	0	1104	
12604	Vermis_10	0	0	0	0	0	0	0	0	0	0	0	0	0	0	0	0	0	0	0	0	0	0	0	0	0	0	0	0	0	0	0	0	0	0	0	0	0	0	0	0	0	0	0	0	0	0	0	0	0	0	0	0	0	0	0	0	0	0	0	0	0	0	0	0	0	0	0	0	0	0	0	0	0	0	0	0	0	0	0	0	0	0	0	0	0	0	0	0	0	0	0	0	0	0	0	0	814	0	0	0	0	0	0	0	666	730	0	0	0	0	1392	1444	0	152	1104	0	
