data	data	457400	473668	917636	875752	148868	98592	518812	365876	97340	29208	219544	136920	274144	113532	180932	63108	208108	77440	704988	607608	105972	101780	436816	447872	34432	89716	103808	132028	521832	217884	393232	515324	217528	570504	116568	159904	209888	228172	66580	195984	34304	54572	214696	294964	180440	338136	278608	296288	176332	339700	494988	194648	139216	138396	458892	464180	289112	367336	217424	90164	191424	114628	112244	123972	158516	90060	292740	407156	153652	332924	335944	343408	352580	258564	68084	23592	120200	144856	42712	13896	182852	69720	99952	49388	246760	139196	25820	17548	244572	139504	541044	437216	309740	248412	35360	83432	395872	271836	577872	437168	245940	132828	343528	282808	149416	117476	21180	5332	20728	77552	333324	211376	202068	135912	95536	67812	
data	data	Precentral_L	Precentral_R	Frontal_Sup_L	Frontal_Sup_R	Frontal_Sup_Orb_L	Frontal_Sup_Orb_R	Frontal_Mid_L	Frontal_Mid_R	Frontal_Mid_Orb_L	Frontal_Mid_Orb_R	Frontal_Inf_Oper_L	Frontal_Inf_Oper_R	Frontal_Inf_Tri_L	Frontal_Inf_Tri_R	Frontal_Inf_Orb_L	Frontal_Inf_Orb_R	Rolandic_Oper_L	Rolandic_Oper_R	Supp_Motor_Area_L	Supp_Motor_Area_R	Olfactory_L	Olfactory_R	Frontal_Sup_Medial_L	Frontal_Sup_Medial_R	Frontal_Med_Orb_L	Frontal_Med_Orb_R	Rectus_L	Rectus_R	Insula_L	Insula_R	Cingulum_Ant_L	Cingulum_Ant_R	Cingulum_Mid_L	Cingulum_Mid_R	Cingulum_Post_L	Cingulum_Post_R	Hippocampus_L	Hippocampus_R	ParaHippocampal_L	ParaHippocampal_R	Amygdala_L	Amygdala_R	Calcarine_L	Calcarine_R	Cuneus_L	Cuneus_R	Lingual_L	Lingual_R	Occipital_Sup_L	Occipital_Sup_R	Occipital_Mid_L	Occipital_Mid_R	Occipital_Inf_L	Occipital_Inf_R	Fusiform_L	Fusiform_R	Postcentral_L	Postcentral_R	Parietal_Sup_L	Parietal_Sup_R	Parietal_Inf_L	Parietal_Inf_R	SupraMarginal_L	SupraMarginal_R	Angular_L	Angular_R	Precuneus_L	Precuneus_R	Paracentral_Lobule_L	Paracentral_Lobule_R	Caudate_L	Caudate_R	Putamen_L	Putamen_R	Pallidum_L	Pallidum_R	Thalamus_L	Thalamus_R	Heschl_L	Heschl_R	Temporal_Sup_L	Temporal_Sup_R	Temporal_Pole_Sup_L	Temporal_Pole_Sup_R	Temporal_Mid_L	Temporal_Mid_R	Temporal_Pole_Mid_L	Temporal_Pole_Mid_R	Temporal_Inf_L	Temporal_Inf_R	Cerebelum_Crus1_L	Cerebelum_Crus1_R	Cerebelum_Crus2_L	Cerebelum_Crus2_R	Cerebelum_3_L	Cerebelum_3_R	Cerebelum_4_5_L	Cerebelum_4_5_R	Cerebelum_6_L	Cerebelum_6_R	Cerebelum_7b_L	Cerebelum_7b_R	Cerebelum_8_L	Cerebelum_8_R	Cerebelum_9_L	Cerebelum_9_R	Cerebelum_10_L	Cerebelum_10_R	Vermis_1_2	Vermis_3	Vermis_4_5	Vermis_6	Vermis_7	Vermis_8	Vermis_9	Vermis_10	
457400	Precentral_L	0	11280	17898	4888	0	0	21492	2386	0	0	13312	880	3662	1152	98	0	7870	252	13264	12972	0	0	392	308	0	0	0	0	10960	1182	2394	718	1466	11210	4168	3506	2040	1672	186	1314	0	0	190	0	144	0	0	220	132	0	3016	0	0	0	330	302	25426	632	1514	0	1744	0	1680	0	1474	0	1796	0	7498	5012	6570	460	1322	178	226	0	10182	772	894	0	2112	0	0	0	1216	0	0	0	736	0	0	0	0	0	0	0	0	0	0	0	0	0	0	0	0	0	0	0	0	0	0	0	0	0	0	0	
473668	Precentral_R	11280	0	6900	24754	0	0	2290	10600	0	0	0	2556	362	414	0	0	150	1760	3822	12566	0	0	82	342	0	0	0	0	908	2474	294	722	156	10726	1588	3208	434	6050	0	3050	0	0	0	1240	0	2892	0	966	0	2826	100	2484	0	480	130	4984	1766	23472	0	1298	250	3236	122	4360	84	302	0	5028	3796	16018	5112	14556	1954	4228	826	968	1918	19422	94	212	0	696	0	0	0	1510	0	0	0	2016	0	0	0	0	0	0	0	0	0	0	0	0	0	0	0	0	0	0	0	0	0	0	0	0	0	0	
917636	Frontal_Sup_L	17898	6900	0	19558	6168	0	75470	4308	2202	0	8800	0	16432	98	7048	0	8656	0	78492	20986	192	0	47592	16728	452	0	388	0	22694	0	20520	6696	12190	13784	694	272	392	0	0	0	0	0	0	146	0	0	0	0	0	0	306	0	0	0	0	0	4394	0	80	0	344	0	2506	0	196	0	508	304	2962	644	7120	1886	10346	118	5766	134	2680	0	534	0	1854	0	128	0	132	0	0	0	120	0	0	0	0	0	0	0	0	0	0	0	0	0	0	0	0	0	0	0	0	0	0	0	0	0	0	0	
875752	Frontal_Sup_R	4888	24754	19558	0	0	4472	7970	59142	156	896	114	8492	964	6992	336	3040	122	4010	23018	41204	0	354	15588	51188	108	2852	0	1236	1922	10040	7306	38534	4660	23050	0	0	226	1364	0	752	0	0	0	0	0	0	0	190	0	0	84	0	0	0	184	528	1866	538	0	0	242	358	116	546	90	0	0	192	0	0	11732	26110	2062	14232	140	1070	318	7776	0	0	102	0	0	0	0	0	0	0	92	0	0	0	0	0	0	0	0	0	0	0	0	0	0	0	0	0	0	0	0	0	0	0	0	0	0	0	
148868	Frontal_Sup_Orb_L	0	0	6168	0	0	0	1512	0	16690	0	140	0	2936	0	16876	0	0	0	144	0	2450	220	3186	0	2382	0	6878	128	5504	0	3622	182	0	0	0	0	0	0	0	0	0	0	0	0	0	0	0	0	0	0	0	0	0	0	0	0	0	0	0	0	0	0	0	0	0	0	0	0	0	0	434	0	3514	0	0	0	0	0	0	0	0	0	1468	0	0	0	0	0	0	0	0	0	0	0	0	0	0	0	0	0	0	0	0	0	0	0	0	0	0	0	0	0	0	0	0	0	
98592	Frontal_Sup_Orb_R	0	0	0	4472	0	0	0	3710	0	6160	0	0	0	488	0	5032	0	0	0	0	146	2392	0	2156	0	8040	116	11196	0	716	0	1222	0	0	0	0	0	0	0	0	0	0	0	0	0	0	0	0	0	0	0	0	0	0	0	0	0	0	0	0	0	0	0	0	0	0	0	0	0	0	0	1376	0	2074	0	0	0	0	0	0	0	0	0	0	0	0	0	0	0	0	0	0	0	0	0	0	0	0	0	0	0	0	0	0	0	0	0	0	0	0	0	0	0	0	0	0	
518812	Frontal_Mid_L	21492	2290	75470	7970	1512	0	0	3076	2968	0	11372	0	30530	0	5108	0	2040	0	11676	3524	0	0	19890	7682	0	0	0	0	17324	0	11572	2750	5056	5948	0	0	116	0	0	0	0	0	0	0	0	0	0	0	0	0	194	0	0	0	0	0	1956	0	0	0	0	0	0	0	0	0	0	0	0	104	3134	754	1786	0	0	0	1898	0	0	0	214	0	0	0	0	0	0	0	0	0	0	0	0	0	0	0	0	0	0	0	0	0	0	0	0	0	0	0	0	0	0	0	0	0	0	0	
365876	Frontal_Mid_R	2386	10600	4308	59142	0	3710	3076	0	226	2160	0	12324	838	11696	460	3018	0	3652	4772	4716	0	0	636	5568	0	0	0	0	1760	9448	1002	3774	448	1316	0	0	184	720	0	674	0	0	0	0	0	0	0	0	0	0	0	0	0	0	168	692	118	226	0	0	0	190	0	280	82	0	0	0	0	0	10618	8962	2228	5404	0	1054	212	0	0	0	90	0	0	0	0	0	0	0	0	0	0	0	0	0	0	0	0	0	0	0	0	0	0	0	0	0	0	0	0	0	0	0	0	0	0	0	
97340	Frontal_Mid_Orb_L	0	0	2202	156	16690	0	2968	226	0	0	0	0	4674	0	14376	0	0	0	164	0	238	0	122	0	344	0	2412	0	1156	0	296	0	0	0	0	0	0	0	0	0	0	0	0	0	0	0	0	0	0	0	0	0	0	0	0	0	0	0	0	0	0	0	0	0	0	0	0	0	0	0	1078	0	1164	0	0	0	212	0	0	0	0	0	192	0	0	0	0	0	0	0	0	0	0	0	0	0	0	0	0	0	0	0	0	0	0	0	0	0	0	0	0	0	0	0	0	0	
29208	Frontal_Mid_Orb_R	0	0	0	896	0	6160	0	2160	0	0	0	0	0	412	0	4374	0	0	0	0	0	0	0	0	0	140	0	462	0	0	0	0	0	0	0	0	0	0	0	0	0	0	0	0	0	0	0	0	0	0	0	0	0	0	0	0	0	0	0	0	0	0	0	0	0	0	0	0	0	0	0	0	0	0	0	0	0	0	0	0	0	0	0	0	0	0	0	0	0	0	0	0	0	0	0	0	0	0	0	0	0	0	0	0	0	0	0	0	0	0	0	0	0	0	0	0	
219544	Frontal_Inf_Oper_L	13312	0	8800	114	140	0	11372	0	0	0	0	0	14850	0	606	0	10860	0	7388	190	0	0	498	98	0	0	0	0	22508	0	484	0	222	130	0	0	232	0	0	0	0	0	0	0	0	0	0	0	0	0	0	0	0	0	214	0	3882	0	0	0	124	0	0	0	0	0	0	0	0	0	108	0	6064	0	0	0	0	0	118	0	3704	0	2376	0	1186	0	0	0	192	0	0	0	0	0	0	0	0	0	0	0	0	0	0	0	0	0	0	0	0	0	0	0	0	0	0	0	
136920	Frontal_Inf_Oper_R	880	2556	0	8492	0	0	0	12324	0	0	0	0	0	9990	0	330	0	4672	276	496	100	0	0	220	0	0	0	0	0	13598	0	274	0	0	0	0	0	1034	0	782	0	0	0	0	0	0	0	0	0	0	0	0	0	0	0	774	0	658	0	0	0	248	0	470	0	88	0	0	0	0	860	2068	86	5624	0	738	0	184	0	0	0	302	0	336	0	0	0	0	0	0	0	0	0	0	0	0	0	0	0	0	0	0	0	0	0	0	0	0	0	0	0	0	0	0	0	0	
274144	Frontal_Inf_Tri_L	3662	362	16432	964	2936	0	30530	838	4674	0	14850	0	0	0	14752	0	762	0	1280	128	0	0	4012	574	0	0	0	0	26802	0	4140	312	504	422	0	0	0	0	0	0	0	0	0	0	0	0	0	0	0	0	0	0	0	0	0	0	710	0	0	0	0	0	0	0	0	0	0	0	0	0	2450	0	2424	0	0	0	276	0	0	0	778	0	1104	0	394	0	0	0	0	0	0	0	0	0	0	0	0	0	0	0	0	0	0	0	0	0	0	0	0	0	0	0	0	0	0	0	
113532	Frontal_Inf_Tri_R	1152	414	98	6992	0	488	0	11696	0	412	0	9990	0	0	0	4330	0	84	162	500	0	0	98	1112	0	0	0	0	0	11706	0	1056	0	112	0	0	0	0	0	0	0	0	0	0	0	0	0	0	0	0	0	0	0	0	0	0	0	0	0	0	0	0	0	80	82	0	0	0	0	0	1096	2118	0	2712	0	276	0	0	0	0	0	0	0	0	0	0	0	0	0	0	0	0	0	0	0	0	0	0	0	0	0	0	0	0	0	0	0	0	0	0	0	0	0	0	0	0	
180932	Frontal_Inf_Orb_L	98	0	7048	336	16876	0	5108	460	14376	0	606	0	14752	0	0	0	0	0	506	0	2132	0	1090	0	256	0	1804	0	10714	0	1614	0	0	0	0	0	812	0	142	0	536	0	0	0	0	0	0	0	0	0	0	0	0	0	98	0	0	0	0	0	0	0	0	0	0	0	0	0	0	0	1862	0	4846	0	0	0	272	0	0	0	0	0	4034	0	88	0	0	0	0	0	0	0	0	0	0	0	0	0	0	0	0	0	0	0	0	0	0	0	0	0	0	0	0	0	0	0	
63108	Frontal_Inf_Orb_R	0	0	0	3040	0	5032	0	3018	0	4374	0	330	0	4330	0	0	0	0	0	102	0	1262	0	154	0	108	0	946	0	6226	0	152	0	0	0	0	0	0	0	0	0	0	0	0	0	0	0	0	0	0	0	0	0	0	0	0	0	0	0	0	0	0	0	0	0	0	0	0	0	0	0	518	0	530	0	0	0	0	0	0	0	688	0	744	0	0	0	0	0	0	0	0	0	0	0	0	0	0	0	0	0	0	0	0	0	0	0	0	0	0	0	0	0	0	0	0	
208108	Rolandic_Oper_L	7870	150	8656	122	0	0	2040	0	0	0	10860	0	762	0	0	0	0	0	10758	308	0	0	104	0	0	0	0	0	21414	0	176	0	254	82	0	0	200	0	92	0	0	0	0	0	0	0	0	0	0	0	3478	0	178	0	256	0	7876	0	1902	0	856	0	2744	0	418	0	852	0	0	0	0	0	2806	0	0	0	0	0	2294	0	11884	0	984	0	2616	0	0	0	1062	0	0	0	0	0	0	0	0	0	0	0	0	0	0	0	0	0	0	0	0	0	0	0	0	0	0	0	
77440	Rolandic_Oper_R	252	1760	0	4010	0	0	0	3652	0	0	0	4672	0	84	0	0	0	0	166	456	0	0	0	0	0	0	0	0	0	8748	0	0	0	0	0	0	0	250	0	188	0	0	0	0	0	344	0	0	0	354	0	0	0	0	0	198	0	2064	0	0	0	0	0	946	0	0	0	448	0	180	1478	478	1340	2524	1104	378	0	0	0	1470	0	922	0	174	0	80	0	0	0	0	0	0	0	0	0	0	0	0	0	0	0	0	0	0	0	0	0	0	0	0	0	0	0	0	0	0	
704988	Supp_Motor_Area_L	13264	3822	78492	23018	144	0	11676	4772	164	0	7388	276	1280	162	506	0	10758	166	0	46374	0	0	7352	4280	144	0	122	0	18160	352	7586	7622	13588	21726	1208	462	2126	0	0	0	0	0	0	146	190	0	0	0	170	0	518	0	0	0	1864	0	4848	230	216	0	340	82	2494	120	192	0	1380	382	6252	2626	10298	2124	17920	580	5894	114	902	0	570	0	3238	0	84	0	412	0	0	0	1318	0	0	0	0	0	0	0	0	0	0	0	0	0	0	0	0	0	0	0	0	0	0	0	0	0	0	0	
607608	Supp_Motor_Area_R	12972	12566	20986	41204	0	0	3524	4716	0	0	190	496	128	500	0	102	308	456	46374	0	0	0	3072	9526	0	0	0	0	900	716	3602	17226	9210	50942	1424	3966	86	338	0	162	0	0	0	828	168	588	0	190	140	92	0	154	0	150	0	1510	374	3964	0	0	80	0	0	112	0	0	580	2688	11564	23912	2842	3798	516	1800	106	120	104	212	0	0	168	162	0	0	0	456	0	0	0	734	0	0	0	0	0	0	0	0	0	0	0	0	0	0	0	0	0	0	0	0	0	0	0	0	0	0	
105972	Olfactory_L	0	0	192	0	2450	146	0	0	238	0	0	100	0	0	2132	0	0	0	0	0	0	7072	206	0	554	882	6758	5702	2896	0	4880	5316	0	0	0	0	532	0	630	0	704	0	0	0	0	0	0	0	0	0	0	0	0	0	0	0	0	0	0	0	0	0	0	0	0	0	0	0	0	0	7032	2138	1448	0	0	0	0	0	0	0	0	0	978	0	0	0	0	0	0	0	0	0	0	0	0	0	0	0	0	0	0	0	0	0	0	0	0	0	0	0	0	0	0	0	0	0	
101780	Olfactory_R	0	0	0	354	220	2392	0	0	0	0	0	0	0	0	0	1262	0	0	0	0	7072	0	0	0	0	1690	4550	9632	0	3168	3082	5000	0	0	0	0	0	0	0	114	0	1082	0	0	0	0	0	0	0	0	0	0	0	0	0	0	0	0	0	0	0	0	0	0	0	0	0	0	0	0	6878	2666	1256	116	0	0	0	356	0	0	0	0	0	0	0	0	0	0	0	0	0	0	0	0	0	0	0	0	0	0	0	0	0	0	0	0	0	0	0	0	0	0	0	0	0	0	
436816	Frontal_Sup_Medial_L	392	82	47592	15588	3186	0	19890	636	122	0	498	0	4012	98	1090	0	104	0	7352	3072	206	0	0	34570	2680	1096	1068	0	4160	0	26968	14288	9010	15428	0	0	0	0	0	0	0	0	0	0	0	0	0	0	0	0	0	0	0	0	0	0	0	0	0	0	0	0	0	0	0	0	0	0	0	0	1080	902	2474	616	0	0	148	0	0	0	0	0	0	0	0	0	0	0	0	0	0	0	0	0	0	0	0	0	0	0	0	0	0	0	0	0	0	0	0	0	0	0	0	0	0	0	
447872	Frontal_Sup_Medial_R	308	342	16728	51188	0	2156	7682	5568	0	0	98	220	574	1112	0	154	0	0	4280	9526	0	0	34570	0	250	4796	0	902	560	934	8418	33476	3026	18556	0	0	0	0	0	0	0	0	0	0	0	0	0	0	0	0	0	0	0	0	0	0	0	0	0	0	0	0	0	0	0	0	0	0	0	0	268	10856	0	7298	0	90	0	0	0	0	0	0	0	0	0	0	0	0	0	0	0	0	0	0	0	0	0	0	0	0	0	0	0	0	0	0	0	0	0	0	0	0	0	0	0	0	
34432	Frontal_Med_Orb_L	0	0	452	108	2382	0	0	0	344	0	0	0	0	0	256	0	0	0	144	0	554	0	2680	250	0	1052	2688	232	122	0	4088	326	0	0	0	0	0	0	0	0	0	0	0	0	0	0	0	0	0	0	0	0	0	0	0	0	0	0	0	0	0	0	0	0	0	0	0	0	0	0	456	0	1082	0	0	0	0	0	0	0	0	0	0	0	0	0	0	0	0	0	0	0	0	0	0	0	0	0	0	0	0	0	0	0	0	0	0	0	0	0	0	0	0	0	0	0	
89716	Frontal_Med_Orb_R	0	0	0	2852	0	8040	0	0	0	140	0	0	0	0	0	108	0	0	0	0	882	1690	1096	4796	1052	0	974	9784	0	0	2350	6110	0	0	0	0	0	0	0	0	0	0	0	0	0	0	0	0	0	0	0	0	0	0	0	0	0	0	0	0	0	0	0	0	0	0	0	0	0	0	530	2040	0	2414	0	0	0	0	0	0	0	0	0	0	0	0	0	0	0	0	0	0	0	0	0	0	0	0	0	0	0	0	0	0	0	0	0	0	0	0	0	0	0	0	0	0	
103808	Rectus_L	0	0	388	0	6878	116	0	0	2412	0	0	0	0	0	1804	0	0	0	122	0	6758	4550	1068	0	2688	974	0	4004	420	0	7200	4624	0	0	0	0	0	0	0	0	0	0	0	0	0	0	0	0	0	0	0	0	0	0	0	0	0	0	0	0	0	0	0	0	0	0	0	0	0	0	4356	946	2596	0	0	0	0	0	0	0	0	0	0	0	0	0	0	0	0	0	0	0	0	0	0	0	0	0	0	0	0	0	0	0	0	0	0	0	0	0	0	0	0	0	0	0	
132028	Rectus_R	0	0	0	1236	128	11196	0	0	0	462	0	0	0	0	0	946	0	0	0	0	5702	9632	0	902	232	9784	4004	0	0	960	3192	7576	0	0	0	0	0	0	0	0	0	112	0	0	0	0	0	0	0	0	0	0	0	0	0	0	0	0	0	0	0	0	0	0	0	0	0	0	0	0	4876	2728	1032	1314	0	0	0	0	0	0	0	0	0	0	0	0	0	0	0	0	0	0	0	0	0	0	0	0	0	0	0	0	0	0	0	0	0	0	0	0	0	0	0	0	0	0	
521832	Insula_L	10960	908	22694	1922	5504	0	17324	1760	1156	0	22508	0	26802	0	10714	0	21414	0	18160	900	2896	0	4160	560	122	0	420	0	0	0	4218	386	1004	622	126	128	7554	0	1312	0	2016	0	146	0	86	0	0	0	0	0	2042	0	0	0	5638	0	5864	94	890	0	1164	0	934	82	1006	0	530	0	0	0	2906	106	22950	0	102	0	766	0	4756	0	9214	0	5708	0	3106	0	0	0	4464	0	0	0	0	0	0	0	0	0	112	0	0	0	0	0	0	0	0	0	0	0	0	0	0	0	0	0	
217884	Insula_R	1182	2474	0	10040	0	716	0	9448	0	0	0	13598	0	11706	0	6226	0	8748	352	716	0	3168	0	934	0	0	0	960	0	0	0	1174	0	0	0	0	0	2814	0	1728	0	2552	0	0	0	310	0	0	0	314	0	0	0	0	0	1764	0	1144	0	0	0	0	0	158	0	0	0	398	0	178	1292	2654	264	16748	116	494	0	310	0	1254	0	2184	0	590	0	80	0	0	0	154	0	0	0	0	0	0	0	0	0	0	0	0	0	0	0	0	0	0	0	0	0	0	0	0	0	0	
393232	Cingulum_Ant_L	2394	294	20520	7306	3622	0	11572	1002	296	0	484	0	4140	0	1614	0	176	0	7586	3602	4880	3082	26968	8418	4088	2350	7200	3192	4218	0	0	23332	10816	6202	626	0	0	0	0	0	0	0	0	0	0	0	0	0	0	0	0	0	0	0	0	0	124	0	0	0	0	0	0	0	0	0	0	0	0	0	10706	4676	8978	1214	130	0	808	0	0	0	0	0	0	0	0	0	0	0	0	0	0	0	0	0	0	0	0	0	0	0	0	0	0	0	0	0	0	0	0	0	0	0	0	0	0	0	
515324	Cingulum_Ant_R	718	722	6696	38534	182	1222	2750	3774	0	0	0	274	312	1056	0	152	0	0	7622	17226	5316	5000	14288	33476	326	6110	4624	7576	386	1174	23332	0	5754	23882	0	0	0	0	0	0	0	0	0	0	0	0	0	0	0	0	0	0	0	0	0	0	0	0	0	0	0	0	0	0	80	0	0	0	0	0	5508	25348	1474	12554	0	0	0	214	0	0	0	0	0	0	0	0	0	0	0	0	0	0	0	0	0	0	0	0	0	0	0	0	0	0	0	0	0	0	0	0	0	0	0	0	0	0	
217528	Cingulum_Mid_L	1466	156	12190	4660	0	0	5056	448	0	0	222	0	504	0	0	0	254	0	13588	9210	0	0	9010	3026	0	0	0	0	1004	0	10816	5754	0	13820	3806	338	0	0	0	0	0	0	100	0	930	0	0	0	608	0	462	0	164	0	84	0	0	188	118	0	0	0	0	0	0	0	4316	532	3728	1518	0	222	172	0	0	0	0	0	0	0	164	0	0	0	0	0	0	0	130	0	0	0	0	0	0	0	0	0	0	0	0	0	0	0	0	0	0	0	0	0	0	0	0	0	0	0	
570504	Cingulum_Mid_R	11210	10726	13784	23050	0	0	5948	1316	0	0	130	0	422	112	0	0	82	0	21726	50942	0	0	15428	18556	0	0	0	0	622	0	6202	23882	13820	0	3026	9030	0	294	0	144	0	0	0	420	170	520	0	120	142	130	0	146	0	0	0	1342	110	6106	0	0	0	0	0	0	0	0	1108	4190	12226	24956	750	956	0	574	0	0	134	0	0	0	0	0	0	0	0	82	0	0	0	618	0	0	0	0	0	0	0	0	0	0	0	0	0	0	0	0	0	0	0	0	0	0	0	0	0	0	
116568	Cingulum_Post_L	4168	1588	694	0	0	0	0	0	0	0	0	0	0	0	0	0	0	0	1208	1424	0	0	0	0	0	0	0	0	126	0	626	0	3806	3026	0	9420	4860	1804	1056	1654	0	0	2094	0	370	0	412	154	188	0	212	0	0	0	408	818	2184	1576	0	0	0	0	0	0	0	0	4886	756	4642	2416	0	0	0	0	0	0	622	122	294	0	140	0	0	0	236	0	0	0	294	0	0	0	0	0	0	0	0	0	0	0	0	0	0	0	0	0	0	0	0	0	0	0	0	0	0	0	
159904	Cingulum_Post_R	3506	3208	272	0	0	0	0	0	0	0	0	0	0	0	0	0	0	0	462	3966	0	0	0	0	0	0	0	0	128	0	0	0	338	9030	9420	0	3738	5148	286	3546	0	0	0	2122	0	588	0	1484	0	0	0	0	0	0	218	4004	262	3714	0	0	0	0	0	0	0	0	764	10004	1058	6026	0	0	0	0	0	0	2654	1650	340	0	138	0	0	0	188	0	0	0	222	1144	0	0	0	0	0	0	0	0	0	0	0	0	0	0	0	0	0	0	0	0	324	0	0	0	0	0	
209888	Hippocampus_L	2040	434	392	226	0	0	116	184	0	0	232	0	0	0	812	0	200	0	2126	86	532	0	0	0	0	0	0	0	7554	0	0	0	0	0	4860	3738	0	2084	8040	1490	6848	0	1598	0	0	0	2906	464	0	0	0	0	0	0	17874	686	1022	0	0	0	0	0	0	0	0	0	2766	436	0	0	702	0	10380	0	378	0	4040	348	1236	0	1516	0	1266	0	1200	0	0	0	10118	0	668	0	0	0	0	0	1156	0	2102	0	0	0	88	0	0	0	0	0	0	0	0	0	0	0	0	0	
228172	Hippocampus_R	1672	6050	0	1364	0	0	0	720	0	0	0	1034	0	0	0	0	0	250	0	338	0	0	0	0	0	0	0	0	0	2814	0	0	0	294	1804	5148	2084	0	112	27050	0	7486	0	506	0	140	0	2810	0	84	0	0	0	138	104	25372	92	496	0	0	0	0	0	146	0	0	0	3112	0	510	0	128	0	8122	0	234	2022	6770	166	98	0	322	0	1846	0	0	0	410	0	1106	0	0	0	0	0	0	0	514	0	220	0	0	0	0	0	0	0	0	0	0	398	0	0	0	0	0	
66580	ParaHippocampal_L	186	0	0	0	0	0	0	0	0	0	0	0	0	0	142	0	92	0	0	0	630	0	0	0	0	0	0	0	1312	0	0	0	0	0	1056	286	8040	112	0	0	1712	0	732	0	0	0	2558	236	0	0	0	0	0	0	5288	0	86	0	0	0	0	0	0	0	0	0	1754	0	0	0	0	0	958	0	0	0	638	0	202	0	0	0	1246	0	80	0	868	0	136	0	1112	0	0	0	286	0	1788	0	1500	0	0	0	132	0	0	0	0	0	0	122	0	0	0	0	0	0	
195984	ParaHippocampal_R	1314	3050	0	752	0	0	0	674	0	0	0	782	0	0	0	0	0	188	0	162	0	114	0	0	0	0	0	0	0	1728	0	0	0	144	1654	3546	1490	27050	0	0	0	5448	0	694	0	134	0	2876	0	94	0	0	0	126	92	21488	0	230	0	0	0	0	0	0	0	0	0	2502	0	220	0	92	0	7306	0	234	1278	4108	140	0	0	0	0	2722	0	0	0	1502	0	364	0	262	0	158	0	0	0	2150	0	526	0	0	0	164	0	0	0	0	0	0	350	84	0	0	0	0	
34304	Amygdala_L	0	0	0	0	0	0	0	0	0	0	0	0	0	0	536	0	0	0	0	0	704	0	0	0	0	0	0	0	2016	0	0	0	0	0	0	0	6848	0	1712	0	0	0	0	0	0	0	0	0	0	0	0	0	0	0	3294	0	0	0	0	0	0	0	0	0	0	0	0	0	0	0	0	0	418	0	0	0	0	0	0	0	0	0	610	0	0	0	0	0	1014	0	0	0	0	0	0	0	0	0	0	0	0	0	0	0	0	0	0	0	0	0	0	0	0	0	0	0	
54572	Amygdala_R	0	0	0	0	0	0	0	0	0	0	0	0	0	0	0	0	0	0	0	0	0	1082	0	0	0	0	0	112	0	2552	0	0	0	0	0	0	0	7486	0	5448	0	0	0	0	0	0	0	0	0	0	0	0	0	0	0	4850	0	0	0	0	0	0	0	0	0	0	0	0	0	0	0	0	0	918	0	0	0	282	0	0	0	0	0	3020	0	0	0	1016	0	520	0	0	0	0	0	0	0	0	0	0	0	0	0	0	0	0	0	0	0	0	0	0	0	0	0	0	
214696	Calcarine_L	190	0	0	0	0	0	0	0	0	0	0	0	0	0	0	0	0	0	0	0	0	0	0	0	0	0	0	0	146	0	0	0	100	0	2094	0	1598	0	732	0	0	0	0	3136	15466	2532	11546	1520	10412	548	20058	0	3732	0	5678	238	1092	0	1988	0	942	0	0	0	1088	0	17772	142	0	0	0	0	0	0	0	0	304	0	336	0	0	0	0	0	1062	0	0	0	988	0	0	190	0	0	0	0	192	0	448	360	0	0	0	0	0	0	0	0	0	0	302	416	0	0	0	0	
294964	Calcarine_R	0	1240	146	0	0	0	0	0	0	0	0	0	0	0	0	0	0	0	146	828	0	0	0	0	0	0	0	0	0	0	0	0	0	420	0	2122	0	506	0	694	0	0	3136	0	2536	22060	1632	21182	0	18196	0	6536	0	14830	0	15256	0	4336	0	114	0	82	0	226	0	0	856	21206	0	2858	0	0	0	0	0	0	0	262	0	0	0	206	0	0	0	1722	0	0	0	3176	0	0	0	0	0	0	0	0	0	572	0	0	0	0	0	0	0	0	0	0	242	158	0	0	0	0	
180440	Cuneus_L	144	0	0	0	0	0	0	0	0	0	0	0	0	0	0	0	0	0	190	168	0	0	0	0	0	0	0	0	86	0	0	0	930	170	370	0	0	0	0	0	0	0	15466	2536	0	5258	1032	1212	17716	2976	11600	342	628	588	712	846	1924	0	4172	0	1632	0	0	0	2000	0	14256	642	788	164	0	0	0	0	0	0	0	0	188	0	0	0	0	0	832	0	0	0	652	0	0	0	0	0	0	0	0	0	0	0	0	0	0	0	0	0	0	0	0	0	0	0	0	0	0	0	
338136	Cuneus_R	0	2892	0	0	0	0	0	0	0	0	0	0	0	0	0	0	0	344	0	588	0	0	0	0	0	0	0	0	0	310	0	0	0	520	0	588	0	140	0	134	0	0	2532	22060	5258	0	194	8110	0	37298	0	10356	0	6942	0	6132	0	14874	0	2896	0	310	0	1610	0	372	1482	26362	92	8280	0	0	0	0	0	0	0	0	0	144	0	1270	0	0	0	4158	0	0	0	2642	0	0	0	0	0	0	0	0	0	178	0	0	0	0	0	0	0	0	0	0	0	0	0	0	0	0	
278608	Lingual_L	0	0	0	0	0	0	0	0	0	0	0	0	0	0	0	0	0	0	0	0	0	0	0	0	0	0	0	0	0	0	0	0	0	0	412	0	2906	0	2558	0	0	0	11546	1632	1032	194	0	5212	4340	252	14686	0	9464	0	16478	1590	0	0	0	0	0	0	0	0	0	0	5286	0	0	0	0	0	124	0	0	0	428	0	0	0	0	0	0	0	528	0	0	0	422	0	8388	2764	0	0	1016	110	12468	2666	16758	3816	0	0	0	0	0	0	0	0	0	214	6988	4250	696	80	0	0	
296288	Lingual_R	220	966	0	190	0	0	0	0	0	0	0	0	0	0	0	0	0	0	0	190	0	0	0	0	0	0	0	0	0	0	0	0	0	120	154	1484	464	2810	236	2876	0	0	1520	21182	1212	8110	5212	0	0	8312	176	2456	728	5426	1562	20682	0	660	0	0	0	0	0	0	0	0	536	8150	0	478	0	0	0	0	0	0	192	1314	0	0	0	0	0	0	0	448	0	0	0	976	1328	6100	0	0	150	1354	2604	5990	4584	9816	0	0	0	0	0	196	0	0	0	404	8830	6428	608	398	224	88	
176332	Occipital_Sup_L	132	0	0	0	0	0	0	0	0	0	0	0	0	0	0	0	0	0	170	140	0	0	0	0	0	0	0	0	0	0	0	0	608	142	188	0	0	0	0	0	0	0	10412	0	17716	0	4340	0	0	0	26178	0	1436	0	576	0	332	0	11680	0	798	0	0	0	370	0	11280	80	566	136	0	0	0	0	0	0	0	0	0	0	0	0	0	0	326	0	0	0	560	0	0	0	0	0	0	0	0	0	0	0	0	0	0	0	0	0	0	0	0	0	0	0	0	0	0	0	
339700	Occipital_Sup_R	0	2826	0	0	0	0	0	0	0	0	0	0	0	0	0	0	0	354	0	92	0	0	0	0	0	0	0	0	0	314	0	0	0	130	0	0	0	84	0	94	0	0	548	18196	2976	37298	252	8312	0	0	0	15626	0	8488	0	5562	0	14160	0	9020	0	2538	0	2234	0	3962	914	20860	0	6302	0	0	0	0	0	0	0	0	0	142	0	1648	0	0	0	3460	0	0	0	3290	0	0	0	0	0	0	0	0	0	168	0	0	0	0	0	0	0	0	0	0	0	0	0	0	0	0	
494988	Occipital_Mid_L	3016	100	306	84	0	0	194	0	0	0	0	0	0	0	0	0	3478	0	518	0	0	0	0	0	0	0	0	0	2042	0	0	0	462	0	212	0	0	0	0	0	0	0	20058	0	11600	0	14686	176	26178	0	0	0	16106	0	8066	88	11752	0	31302	0	15686	0	1558	0	23452	0	22474	0	906	0	206	0	0	0	0	0	0	0	434	0	3160	0	0	0	20472	0	0	0	7730	0	0	0	0	0	0	0	106	0	434	148	0	0	0	0	0	0	0	0	0	0	124	180	0	0	0	0	
194648	Occipital_Mid_R	0	2484	0	0	0	0	0	0	0	0	0	0	0	0	0	0	0	0	0	154	0	0	0	0	0	0	0	0	0	0	0	0	0	146	0	0	0	0	0	0	0	0	0	6536	342	10356	0	2456	0	15626	0	0	0	6564	0	2206	0	4202	0	2020	0	5574	0	2832	0	13068	96	7656	0	2220	0	0	0	0	0	0	0	0	0	0	0	1442	0	0	0	9188	0	0	0	2156	0	0	0	0	0	0	0	0	0	0	0	0	0	0	0	0	0	0	0	0	0	0	0	0	0	0	
139216	Occipital_Inf_L	0	0	0	0	0	0	0	0	0	0	0	0	0	0	0	0	178	0	0	0	0	0	0	0	0	0	0	0	0	0	0	0	164	0	0	0	0	0	0	0	0	0	3732	0	628	0	9464	728	1436	0	16106	0	0	0	12888	434	0	0	340	0	0	0	0	0	0	0	2156	0	0	0	0	0	0	0	0	0	0	0	0	0	126	0	0	0	2510	0	0	0	5700	0	1018	254	0	0	0	0	3352	896	4752	366	0	0	0	0	0	0	0	0	0	0	2380	0	0	0	0	0	
138396	Occipital_Inf_R	0	480	0	0	0	0	0	0	0	0	0	0	0	0	0	0	0	0	0	150	0	0	0	0	0	0	0	0	0	0	0	0	0	0	0	0	0	138	0	126	0	0	0	14830	588	6942	0	5426	0	8488	0	6564	0	0	0	8862	0	1310	0	126	0	0	0	0	0	0	212	6808	0	564	0	0	0	0	0	0	0	0	0	0	0	138	0	0	0	1826	0	0	0	5304	0	0	0	0	0	0	0	0	0	176	0	0	0	0	0	0	0	0	0	0	0	140	0	0	0	0	
458892	Fusiform_L	330	130	0	184	0	0	0	168	0	0	214	0	0	0	98	0	256	0	1864	0	0	0	0	0	0	0	0	0	5638	0	0	0	84	0	408	218	17874	104	5288	92	3294	0	5678	0	712	0	16478	1562	576	0	8066	0	12888	0	0	814	406	0	206	0	0	0	0	0	0	0	5410	0	0	0	380	0	6890	0	0	0	650	0	646	0	1726	0	3718	0	2588	0	1386	0	17472	0	27510	1190	770	0	86	0	22038	2234	37798	1668	708	0	1028	0	120	222	0	0	0	0	6880	1616	508	0	0	574	
464180	Fusiform_R	302	4984	0	528	0	0	0	692	0	0	0	774	0	0	0	0	0	198	0	1510	0	0	0	0	0	0	0	0	0	1764	0	0	0	1342	818	4004	686	25372	0	21488	0	4850	238	15256	846	6132	1590	20682	0	5562	88	2206	434	8862	814	0	0	2886	0	0	0	0	0	0	0	0	308	12676	0	3166	0	0	0	7076	0	172	118	1466	0	216	0	834	0	4860	0	1372	0	2000	0	11980	426	11948	0	286	0	278	1268	8212	2386	15978	0	0	0	262	0	374	0	0	0	298	4294	3206	678	468	434	142	
289112	Postcentral_L	25426	1766	4394	1866	0	0	1956	118	0	0	3882	0	710	0	0	0	7876	0	4848	374	0	0	0	0	0	0	0	0	5864	0	124	0	0	110	2184	262	1022	92	86	0	0	0	1092	0	1924	0	0	0	332	0	11752	0	0	0	406	0	0	0	10914	0	16516	0	10416	0	7956	0	5238	0	2910	0	290	0	1558	0	0	0	806	0	2110	0	4496	0	0	0	1748	0	0	0	1132	0	0	0	0	0	0	0	0	0	0	0	0	0	0	0	0	0	0	0	0	0	0	0	0	0	0	0	
367336	Postcentral_R	632	23472	0	538	0	0	0	226	0	0	0	658	0	0	0	0	0	2064	230	3964	0	0	0	0	0	0	0	0	94	1144	0	0	188	6106	1576	3714	0	496	0	230	0	0	0	4336	0	14874	0	660	0	14160	0	4202	0	1310	0	2886	0	0	0	8206	0	10036	0	14808	0	828	0	24172	3052	22224	608	314	734	502	468	98	0	696	0	222	0	1610	0	0	0	4454	0	0	0	2876	0	0	0	0	0	0	0	0	0	0	0	0	0	0	0	0	0	0	0	0	0	0	0	0	0	0	
217424	Parietal_Sup_L	1514	0	80	0	0	0	0	0	0	0	0	0	0	0	0	0	1902	0	216	0	0	0	0	0	0	0	0	0	890	0	0	0	118	0	0	0	0	0	0	0	0	0	1988	0	4172	0	0	0	11680	0	31302	0	340	0	206	0	10914	0	0	0	12406	0	94	0	8574	0	18852	102	674	0	0	0	0	0	0	0	0	0	0	0	1234	0	0	0	876	0	0	0	578	0	0	0	0	0	0	0	0	0	0	0	0	0	0	0	0	0	0	0	0	0	0	0	0	0	0	0	
90164	Parietal_Sup_R	0	1298	0	0	0	0	0	0	0	0	0	0	0	0	0	0	0	0	0	0	0	0	0	0	0	0	0	0	0	0	0	0	0	0	0	0	0	0	0	0	0	0	0	114	0	2896	0	0	0	9020	0	2020	0	126	0	0	0	8206	0	0	0	6902	0	1796	0	4924	114	5066	0	1468	0	0	0	0	0	0	0	0	0	0	0	162	0	0	0	672	0	0	0	298	0	0	0	0	0	0	0	0	0	0	0	0	0	0	0	0	0	0	0	0	0	0	0	0	0	0	
191424	Parietal_Inf_L	1744	250	344	242	0	0	0	0	0	0	124	0	0	0	0	0	856	0	340	80	0	0	0	0	0	0	0	0	1164	0	0	0	0	0	0	0	0	0	0	0	0	0	942	0	1632	0	0	0	798	0	15686	0	0	0	0	0	16516	0	12406	0	0	0	16240	0	18222	0	3078	0	122	0	274	0	0	0	0	0	0	0	0	0	1194	0	0	0	2770	0	0	0	688	0	0	0	0	0	0	0	0	0	0	0	0	0	0	0	0	0	0	0	0	0	0	0	0	0	0	0	
114628	Parietal_Inf_R	0	3236	0	358	0	0	0	190	0	0	0	248	0	0	0	0	0	0	82	0	0	0	0	0	0	0	0	0	0	0	0	0	0	0	0	0	0	0	0	0	0	0	0	82	0	310	0	0	0	2538	0	5574	0	0	0	0	0	10036	0	6902	0	0	0	14316	0	10190	0	586	0	120	322	402	460	0	264	160	0	340	0	0	0	106	0	0	0	350	0	0	0	142	0	0	0	0	0	0	0	0	0	0	0	0	0	0	0	0	0	0	0	0	0	0	0	0	0	0	
112244	SupraMarginal_L	1680	122	2506	116	0	0	0	0	0	0	0	0	0	0	0	0	2744	0	2494	0	0	0	0	0	0	0	0	0	934	0	0	0	0	0	0	0	0	0	0	0	0	0	0	0	0	0	0	0	0	0	1558	0	0	0	0	0	10416	0	94	0	16240	0	0	0	4476	0	0	0	0	0	178	0	0	0	0	0	0	0	258	0	6860	0	0	0	4360	0	0	0	1086	0	0	0	0	0	0	0	0	0	0	0	0	0	0	0	0	0	0	0	0	0	0	0	0	0	0	0	
123972	SupraMarginal_R	0	4360	0	546	0	0	0	280	0	0	0	470	0	80	0	0	0	946	120	112	0	0	0	0	0	0	0	0	82	158	0	0	0	0	0	0	0	146	0	0	0	0	0	226	0	1610	0	0	0	2234	0	2832	0	0	0	0	0	14808	0	1796	0	14316	0	0	0	2460	0	2836	0	688	632	420	816	86	560	162	0	504	0	0	0	4332	0	0	0	2526	0	0	0	842	0	0	0	0	0	0	0	0	0	0	0	0	0	0	0	0	0	0	0	0	0	0	0	0	0	0	
158516	Angular_L	1474	84	196	90	0	0	0	82	0	0	0	0	0	82	0	0	418	0	192	0	0	0	0	0	0	0	0	0	1006	0	0	80	0	0	0	0	0	0	0	0	0	0	1088	0	2000	0	0	0	370	0	23452	0	0	0	0	0	7956	0	8574	0	18222	0	4476	0	0	0	2950	0	494	0	454	0	0	0	0	0	0	0	0	0	1560	0	0	0	3774	0	0	0	184	0	0	0	0	0	0	0	0	0	0	0	0	0	0	0	0	0	0	0	0	0	0	0	0	0	0	0	
90060	Angular_R	0	302	0	0	0	0	0	0	0	0	0	88	0	0	0	0	0	0	0	0	0	0	0	0	0	0	0	0	0	0	0	0	0	0	0	0	0	0	0	0	0	0	0	0	0	372	0	0	0	3962	0	13068	0	0	0	0	0	828	0	4924	0	10190	0	2460	0	0	0	842	0	202	0	0	0	0	0	0	0	0	0	0	0	2302	0	0	0	4726	0	0	0	764	0	0	0	0	0	0	0	0	0	0	0	0	0	0	0	0	0	0	0	0	0	0	0	0	0	0	
292740	Precuneus_L	1796	0	508	0	0	0	0	0	0	0	0	0	0	0	0	0	852	0	1380	580	0	0	0	0	0	0	0	0	530	0	0	0	4316	1108	4886	764	2766	0	1754	0	0	0	17772	856	14256	1482	5286	536	11280	914	22474	96	2156	212	5410	308	5238	0	18852	114	3078	0	0	0	2950	0	0	3748	2528	650	0	0	0	0	0	0	390	0	306	0	574	0	0	0	1510	0	0	0	1646	0	0	0	0	0	0	0	174	0	200	0	0	0	0	0	0	0	0	0	0	0	134	0	0	0	0	0	
407156	Precuneus_R	0	5028	304	192	0	0	0	0	0	0	0	0	0	0	0	0	0	448	382	2688	0	0	0	0	0	0	0	0	0	398	0	0	532	4190	756	10004	436	3112	0	2502	0	0	142	21206	642	26362	0	8150	80	20860	0	7656	0	6808	0	12676	0	24172	102	5066	0	586	0	2836	0	842	3748	0	252	17080	0	0	0	0	0	0	112	1230	0	160	0	1434	0	0	0	5222	0	0	0	4352	0	0	0	0	0	0	0	210	0	0	0	0	0	0	0	0	0	0	0	0	620	0	0	0	0	0	
153652	Paracentral_Lobule_L	7498	3796	2962	0	0	0	0	0	0	0	0	0	0	0	0	0	0	0	6252	11564	0	0	0	0	0	0	0	0	0	0	0	0	3728	12226	4642	1058	0	0	0	0	0	0	0	0	788	92	0	0	566	0	906	0	0	0	0	0	2910	3052	674	0	122	0	0	0	494	0	2528	252	0	10716	0	0	0	0	0	0	0	0	0	0	0	0	0	0	0	0	0	0	0	0	0	0	0	0	0	0	0	0	0	0	0	0	0	0	0	0	0	0	0	0	0	0	0	0	0	0	
332924	Paracentral_Lobule_R	5012	16018	644	0	0	0	104	0	0	0	0	0	0	0	0	0	0	180	2626	23912	0	0	0	0	0	0	0	0	0	178	0	0	1518	24956	2416	6026	0	510	0	220	0	0	0	2858	164	8280	0	478	136	6302	0	2220	0	564	0	3166	0	22224	0	1468	0	120	0	688	0	202	650	17080	10716	0	406	0	0	0	0	0	0	80	0	0	0	792	0	0	0	1752	0	0	0	1796	0	0	0	0	0	0	0	0	0	0	0	0	0	0	0	0	0	0	0	0	0	0	0	0	0	0	
335944	Caudate_L	6570	5112	7120	11732	434	0	3134	10618	1078	0	108	860	2450	1096	1862	0	0	1478	10298	2842	7032	6878	1080	268	456	530	4356	4876	2906	1292	10706	5508	0	750	0	0	702	0	0	0	0	0	0	0	0	0	0	0	0	0	206	0	0	0	380	0	290	608	0	0	274	322	178	632	454	0	0	0	0	406	0	8058	21086	1242	6726	0	12710	0	0	0	132	0	0	0	0	0	0	0	136	0	0	0	0	0	0	0	0	0	0	0	0	0	0	0	0	0	0	0	0	0	0	0	0	0	0	0	
343408	Caudate_R	460	14556	1886	26110	0	1376	754	8962	0	0	0	2068	0	2118	0	518	0	478	2124	3798	2138	2666	902	10856	0	2040	946	2728	106	2654	4676	25348	222	956	0	0	0	128	0	92	0	0	0	0	0	0	0	0	0	0	0	0	0	0	0	0	0	314	0	0	0	402	0	420	0	0	0	0	0	0	8058	0	2300	17162	0	2630	264	18488	0	0	0	0	0	0	0	0	0	0	0	0	0	0	0	0	0	0	0	0	0	0	0	0	0	0	0	0	0	0	0	0	0	0	0	0	0	0	
352580	Putamen_L	1322	1954	10346	2062	3514	0	1786	2228	1164	0	6064	86	2424	0	4846	0	2806	1340	17920	516	1448	1256	2474	0	1082	0	2596	1032	22950	264	8978	1474	172	0	0	0	10380	0	958	0	418	0	0	0	0	0	124	0	0	0	0	0	0	0	6890	0	1558	734	0	0	0	460	0	816	0	0	0	0	0	0	21086	2300	0	610	9190	0	3336	0	212	0	3732	0	2422	0	834	0	0	0	4618	0	376	0	0	0	0	0	354	0	692	0	0	0	86	0	0	0	0	0	0	0	0	0	0	0	0	0	
258564	Putamen_R	178	4228	118	14232	0	2074	0	5404	0	0	0	5624	0	2712	0	530	0	2524	580	1800	0	116	616	7298	0	2414	0	1314	0	16748	1214	12554	0	574	0	0	0	8122	0	7306	0	918	0	0	0	0	0	0	0	0	0	0	0	0	0	7076	0	502	0	0	0	0	0	86	0	0	0	0	0	0	1242	17162	610	0	0	2670	0	368	0	158	0	102	0	0	0	0	0	0	0	0	0	0	0	0	0	0	0	108	0	0	0	0	0	0	0	0	0	0	0	0	0	0	0	0	0	0	
68084	Pallidum_L	226	826	5766	140	0	0	0	0	0	0	0	0	0	0	0	0	0	1104	5894	106	0	0	0	0	0	0	0	0	102	116	130	0	0	0	0	0	378	0	0	0	0	0	0	0	0	0	0	0	0	0	0	0	0	0	0	0	0	468	0	0	0	264	0	560	0	0	0	0	0	0	6726	0	9190	0	0	0	2046	0	0	0	0	0	0	0	0	0	0	0	0	0	0	0	0	0	0	0	0	0	0	0	0	0	0	0	0	0	0	0	0	0	0	0	0	0	0	0	
23592	Pallidum_R	0	968	134	1070	0	0	0	1054	0	0	0	738	0	276	0	0	0	378	114	120	0	0	0	90	0	0	0	0	0	494	0	0	0	0	0	0	0	234	0	234	0	0	0	0	0	0	0	0	0	0	0	0	0	0	0	172	0	98	0	0	0	160	0	162	0	0	0	0	0	0	0	2630	0	2670	0	0	0	0	0	0	0	0	0	0	0	0	0	0	0	0	0	0	0	0	0	0	0	0	0	0	0	0	0	0	0	0	0	0	0	0	0	0	0	0	0	0	
120200	Thalamus_L	10182	1918	2680	318	0	0	1898	212	212	0	0	0	276	0	272	0	0	0	902	104	0	0	148	0	0	0	0	0	766	0	808	0	0	134	622	2654	4040	2022	638	1278	0	0	304	0	0	0	428	192	0	0	0	0	0	0	650	118	806	0	0	0	0	0	0	0	0	0	390	112	0	0	12710	264	3336	0	2046	0	0	5046	354	0	238	0	0	0	210	0	0	0	670	0	0	0	0	0	0	0	0	0	142	0	0	0	0	0	0	0	0	0	0	0	0	0	0	0	0	0	
144856	Thalamus_R	772	19422	0	7776	0	0	0	0	0	0	0	184	0	0	0	0	0	0	0	212	0	356	0	0	0	0	0	0	0	310	0	214	0	0	122	1650	348	6770	0	4108	0	282	0	262	0	0	0	1314	0	0	0	0	0	0	0	1466	0	696	0	0	0	340	0	504	0	0	0	1230	0	80	0	18488	0	368	0	0	5046	0	0	0	0	0	0	0	0	0	0	0	0	0	0	0	0	0	0	0	0	0	0	0	0	0	0	0	0	0	0	0	0	0	108	0	0	0	0	0	
42712	Heschl_L	894	94	534	0	0	0	0	0	0	0	118	0	0	0	0	0	2294	0	570	0	0	0	0	0	0	0	0	0	4756	0	0	0	0	0	294	340	1236	166	202	140	0	0	336	0	188	0	0	0	0	0	434	0	0	0	646	0	2110	0	0	0	0	0	258	0	0	0	306	0	0	0	0	0	212	0	0	0	354	0	0	0	2054	0	0	0	1390	0	0	0	1322	0	0	0	0	0	0	0	0	0	108	0	0	0	0	0	0	0	0	0	0	0	0	0	0	0	0	0	
13896	Heschl_R	0	212	0	0	0	0	0	0	0	0	0	0	0	0	0	0	0	1470	0	0	0	0	0	0	0	0	0	0	0	1254	0	0	0	0	0	0	0	98	0	0	0	0	0	0	0	144	0	0	0	142	0	0	0	0	0	216	0	222	0	0	0	0	0	0	0	0	0	160	0	0	0	0	0	158	0	0	0	0	0	0	0	2688	0	0	0	0	0	0	0	184	0	0	0	0	0	0	0	0	0	0	0	0	0	0	0	0	0	0	0	0	0	0	0	0	0	0	
182852	Temporal_Sup_L	2112	0	1854	102	0	0	214	90	0	0	3704	0	778	0	0	0	11884	0	3238	168	0	0	0	0	0	0	0	0	9214	0	0	0	164	0	140	138	1516	0	0	0	0	0	0	0	0	0	0	0	0	0	3160	0	126	0	1726	0	4496	0	1234	0	1194	0	6860	0	1560	0	574	0	0	0	132	0	3732	0	0	0	238	0	2054	0	0	0	3316	0	18630	0	0	0	6938	0	0	0	0	0	0	0	0	0	140	0	0	0	0	0	0	0	0	0	0	0	0	0	0	0	0	0	
69720	Temporal_Sup_R	0	696	0	0	0	0	0	0	0	0	0	302	0	0	0	688	0	922	0	162	0	0	0	0	0	0	0	0	0	2184	0	0	0	0	0	0	0	322	0	0	0	0	0	206	0	1270	0	0	0	1648	0	1442	0	138	0	834	0	1610	0	162	0	106	0	4332	0	2302	0	1434	0	792	0	0	0	102	0	0	0	0	0	2688	0	0	0	2008	0	6820	0	116	0	1574	0	0	0	0	0	0	0	0	0	0	0	0	0	0	0	0	0	0	0	0	0	0	0	0	0	0	
99952	Temporal_Pole_Sup_L	0	0	128	0	1468	0	0	0	192	0	2376	0	1104	0	4034	0	984	0	84	0	978	0	0	0	0	0	0	0	5708	0	0	0	0	0	0	0	1266	0	1246	0	610	0	0	0	0	0	0	0	0	0	0	0	0	0	3718	0	0	0	0	0	0	0	0	0	0	0	0	0	0	0	0	0	2422	0	0	0	0	0	0	0	3316	0	0	0	8862	0	5188	0	6292	0	0	0	0	0	0	0	0	0	0	0	0	0	0	0	0	0	0	0	0	0	0	0	0	0	0	0	
49388	Temporal_Pole_Sup_R	0	0	0	0	0	0	0	0	0	0	0	336	0	0	0	744	0	174	0	0	0	0	0	0	0	0	0	0	0	590	0	0	0	0	0	0	0	1846	0	2722	0	3020	0	0	0	0	0	0	0	0	0	0	0	0	0	4860	0	0	0	0	0	0	0	0	0	0	0	0	0	0	0	0	0	0	0	0	0	0	0	0	0	2008	0	0	0	2222	0	2780	0	3392	0	0	0	0	0	0	0	0	0	0	0	0	0	0	0	0	0	0	0	0	0	0	0	0	0	0	
246760	Temporal_Mid_L	1216	0	132	0	0	0	0	0	0	0	1186	0	394	0	88	0	2616	0	412	0	0	0	0	0	0	0	0	0	3106	0	0	0	0	0	236	188	1200	0	80	0	0	0	1062	0	832	0	528	0	326	0	20472	0	2510	0	2588	0	1748	0	876	0	2770	0	4360	0	3774	0	1510	0	0	0	0	0	834	0	0	0	210	0	1390	0	18630	0	8862	0	0	0	3650	0	35514	0	0	0	0	0	0	0	0	0	80	0	0	0	0	0	0	0	0	0	0	0	0	0	0	0	0	0	
139196	Temporal_Mid_R	0	1510	0	0	0	0	0	0	0	0	0	0	0	0	0	0	0	80	0	456	0	0	0	0	0	0	0	0	0	80	0	0	0	82	0	0	0	0	0	0	0	0	0	1722	0	4158	0	448	0	3460	0	9188	0	1826	0	1372	0	4454	0	672	0	350	0	2526	0	4726	0	5222	0	1752	0	0	0	0	0	0	0	0	0	0	0	6820	0	2222	0	0	0	336	0	16136	0	0	0	0	0	0	0	0	0	0	0	0	0	0	0	0	0	0	0	0	0	0	0	0	0	0	
25820	Temporal_Pole_Mid_L	0	0	0	0	0	0	0	0	0	0	0	0	0	0	0	0	0	0	0	0	0	0	0	0	0	0	0	0	0	0	0	0	0	0	0	0	0	0	868	0	0	0	0	0	0	0	0	0	0	0	0	0	0	0	1386	0	0	0	0	0	0	0	0	0	0	0	0	0	0	0	0	0	0	0	0	0	0	0	0	0	0	0	5188	0	3650	0	0	0	1818	0	0	0	0	0	0	0	0	0	0	0	0	0	0	0	0	0	0	0	0	0	0	0	0	0	0	0	
17548	Temporal_Pole_Mid_R	0	0	0	0	0	0	0	0	0	0	0	0	0	0	0	0	0	0	0	0	0	0	0	0	0	0	0	0	0	0	0	0	0	0	0	0	0	410	0	1502	0	1016	0	0	0	0	0	0	0	0	0	0	0	0	0	2000	0	0	0	0	0	0	0	0	0	0	0	0	0	0	0	0	0	0	0	0	0	0	0	0	0	116	0	2780	0	336	0	0	0	614	0	0	0	0	0	0	0	0	0	0	0	0	0	0	0	0	0	0	0	0	0	0	0	0	0	0	
244572	Temporal_Inf_L	736	0	120	92	0	0	0	0	0	0	192	0	0	0	0	0	1062	0	1318	0	0	0	0	0	0	0	0	0	4464	0	0	0	130	0	294	222	10118	0	136	0	1014	0	988	0	652	0	422	0	560	0	7730	0	5700	0	17472	0	1132	0	578	0	688	0	1086	0	184	0	1646	0	0	0	136	0	4618	0	0	0	670	0	1322	0	6938	0	6292	0	35514	0	1818	0	0	0	3024	0	478	0	0	0	548	0	2076	0	0	0	0	0	0	0	0	0	0	0	116	0	0	0	0	0	
139504	Temporal_Inf_R	0	2016	0	0	0	0	0	0	0	0	0	0	0	0	0	0	0	0	0	734	0	0	0	0	0	0	0	0	0	154	0	0	0	618	0	1144	0	1106	0	364	0	520	0	3176	0	2642	0	976	0	3290	0	2156	0	5304	0	11980	0	2876	0	298	0	142	0	842	0	764	0	4352	0	1796	0	0	0	0	0	0	0	0	0	184	0	1574	0	3392	0	16136	0	614	0	0	0	352	0	0	0	0	0	0	0	250	0	0	0	0	0	0	0	0	0	0	0	0	0	0	0	0	
541044	Cerebelum_Crus1_L	0	0	0	0	0	0	0	0	0	0	0	0	0	0	0	0	0	0	0	0	0	0	0	0	0	0	0	0	0	0	0	0	0	0	0	0	668	0	1112	0	0	0	0	0	0	0	8388	1328	0	0	0	0	1018	0	27510	426	0	0	0	0	0	0	0	0	0	0	0	0	0	0	0	0	376	0	0	0	0	0	0	0	0	0	0	0	0	0	0	0	3024	0	0	3894	34858	3730	1552	804	31354	2546	66658	3556	12480	842	18412	4446	5838	1534	1784	0	546	1428	9190	6814	7002	2846	2256	2302	
437216	Cerebelum_Crus1_R	0	0	0	0	0	0	0	0	0	0	0	0	0	0	0	0	0	0	0	0	0	0	0	0	0	0	0	0	0	0	0	0	0	0	0	0	0	0	0	262	0	0	190	0	0	0	2764	6100	0	0	0	0	254	0	1190	11948	0	0	0	0	0	0	0	0	0	0	0	0	0	0	0	0	0	0	0	0	0	0	0	0	0	0	0	0	0	0	0	0	0	352	3894	0	1814	33564	142	4382	4896	23700	5208	59470	900	5180	886	14788	104	1150	0	354	0	1788	15186	8494	8286	854	352	156	
309740	Cerebelum_Crus2_L	0	0	0	0	0	0	0	0	0	0	0	0	0	0	0	0	0	0	0	0	0	0	0	0	0	0	0	0	0	0	0	0	0	0	0	0	0	0	0	0	0	0	0	0	0	0	0	0	0	0	0	0	0	0	770	0	0	0	0	0	0	0	0	0	0	0	0	0	0	0	0	0	0	0	0	0	0	0	0	0	0	0	0	0	0	0	0	0	478	0	34858	1814	0	5824	382	102	1064	88	7128	244	35002	3322	34864	5682	7852	526	1918	0	0	110	146	1116	6906	3550	870	254	
248412	Cerebelum_Crus2_R	0	0	0	0	0	0	0	0	0	0	0	0	0	0	0	0	0	0	0	0	0	0	0	0	0	0	0	0	0	0	0	0	0	0	0	0	0	0	0	158	0	0	0	0	0	0	0	0	0	0	0	0	0	0	0	286	0	0	0	0	0	0	0	0	0	0	0	0	0	0	0	0	0	0	0	0	0	0	0	0	0	0	0	0	0	0	0	0	0	0	3730	33564	5824	0	0	802	170	1442	816	11628	2898	17962	3114	26424	0	1470	0	422	0	410	300	874	9260	2414	238	0	
35360	Cerebelum_3_L	0	0	0	0	0	0	0	0	0	0	0	0	0	0	0	0	0	0	0	0	0	0	0	0	0	0	0	0	0	0	0	0	0	0	0	0	0	0	286	0	0	0	0	0	0	0	1016	150	0	0	0	0	0	0	86	0	0	0	0	0	0	0	0	0	0	0	0	0	0	0	0	0	0	0	0	0	0	0	0	0	0	0	0	0	0	0	0	0	0	0	1552	142	382	0	0	202	6078	146	1730	220	174	0	894	0	1628	130	110	0	584	1246	440	134	108	116	126	0	
83432	Cerebelum_3_R	0	0	0	0	0	0	0	0	0	0	0	0	0	0	0	0	0	0	0	0	0	0	0	0	0	0	0	0	0	0	0	0	0	0	0	0	0	0	0	0	0	0	0	0	0	0	110	1354	0	0	0	0	0	0	0	278	0	0	0	0	0	0	0	0	0	0	0	0	0	0	0	0	0	0	0	0	0	0	0	0	0	0	0	0	0	0	0	0	0	0	804	4382	102	802	202	0	1540	6784	1482	6854	0	116	234	1138	302	1336	0	0	304	5192	2452	1348	1540	1650	1298	112	
395872	Cerebelum_4_5_L	0	0	0	0	0	0	0	0	0	0	0	0	0	0	0	0	0	0	0	0	0	0	0	0	0	0	0	0	0	0	0	0	0	0	0	0	1156	0	1788	0	0	0	192	0	0	0	12468	2604	0	0	106	0	3352	0	22038	1268	0	0	0	0	0	0	0	0	0	0	174	0	0	0	0	0	354	0	0	0	0	0	0	0	0	0	0	0	0	0	0	0	548	0	31354	4896	1064	170	6078	1540	0	7994	46594	7350	986	0	2298	166	3794	1672	160	0	988	2596	21892	4678	928	574	1354	2762	
271836	Cerebelum_4_5_R	0	0	0	0	0	0	0	0	0	0	0	0	0	0	0	0	0	0	0	0	0	0	0	0	0	0	0	0	0	0	0	0	0	0	0	0	0	514	0	2150	0	0	0	0	0	0	2666	5990	0	0	0	0	896	0	2234	8212	0	0	0	0	0	0	0	0	0	0	0	210	0	0	0	0	0	108	0	0	0	0	0	0	0	0	0	0	0	0	0	0	0	0	2546	23700	88	1442	146	6784	7994	0	5694	34492	0	0	136	1330	144	528	0	0	0	2988	20074	1730	1328	934	606	254	
577872	Cerebelum_6_L	0	0	0	0	0	0	0	0	0	0	0	0	0	0	0	0	0	0	0	0	0	0	0	0	0	0	0	0	112	0	0	0	0	0	0	0	2102	0	1500	0	0	0	448	0	0	0	16758	4584	0	0	434	0	4752	0	37798	2386	0	0	0	0	0	0	0	0	0	0	200	0	0	0	0	0	692	0	0	0	142	0	108	0	140	0	0	0	80	0	0	0	2076	0	66658	5208	7128	816	1730	1482	46594	5694	0	7808	4756	126	8352	2270	4196	2194	152	0	736	2102	18714	13042	6012	2790	2868	3196	
437168	Cerebelum_6_R	0	0	0	0	0	0	0	0	0	0	0	0	0	0	0	0	0	0	0	0	0	0	0	0	0	0	0	0	0	0	0	0	0	0	0	0	0	220	0	526	0	0	360	572	0	178	3816	9816	0	168	148	0	366	176	1668	15978	0	0	0	0	0	0	0	0	0	0	0	0	0	0	0	0	0	0	0	0	0	0	0	0	0	0	0	0	0	0	0	0	0	250	3556	59470	244	11628	220	6854	7350	34492	7808	0	0	1576	144	4696	186	856	0	264	192	2840	21796	12348	5444	976	876	526	
245940	Cerebelum_7b_L	0	0	0	0	0	0	0	0	0	0	0	0	0	0	0	0	0	0	0	0	0	0	0	0	0	0	0	0	0	0	0	0	0	0	0	0	0	0	0	0	0	0	0	0	0	0	0	0	0	0	0	0	0	0	708	0	0	0	0	0	0	0	0	0	0	0	0	0	0	0	0	0	0	0	0	0	0	0	0	0	0	0	0	0	0	0	0	0	0	0	12480	900	35002	2898	174	0	986	0	4756	0	0	1896	38268	5480	8822	118	354	0	0	0	106	522	4872	4310	228	90	
132828	Cerebelum_7b_R	0	0	0	0	0	0	0	0	0	0	0	0	0	0	0	0	0	0	0	0	0	0	0	0	0	0	0	0	0	0	0	0	0	0	0	0	0	0	0	0	0	0	0	0	0	0	0	0	0	0	0	0	0	0	0	0	0	0	0	0	0	0	0	0	0	0	0	0	0	0	0	0	0	0	0	0	0	0	0	0	0	0	0	0	0	0	0	0	0	0	842	5180	3322	17962	0	116	0	0	126	1576	1896	0	2028	22720	0	3960	0	412	0	114	0	226	3266	2266	402	0	
343528	Cerebelum_8_L	0	0	0	0	0	0	0	0	0	0	0	0	0	0	0	0	0	0	0	0	0	0	0	0	0	0	0	0	0	0	0	0	0	0	0	0	88	0	132	0	0	0	0	0	0	0	0	0	0	0	0	0	0	0	1028	0	0	0	0	0	0	0	0	0	0	0	0	0	0	0	0	0	86	0	0	0	0	0	0	0	0	0	0	0	0	0	0	0	0	0	18412	886	34864	3114	894	234	2298	136	8352	144	38268	2028	0	8630	24184	1514	3176	0	0	308	380	2100	7796	8500	2822	1390	
282808	Cerebelum_8_R	0	0	0	0	0	0	0	0	0	0	0	0	0	0	0	0	0	0	0	0	0	0	0	0	0	0	0	0	0	0	0	0	0	0	0	0	0	0	0	164	0	0	0	0	0	0	0	0	0	0	0	0	0	0	0	262	0	0	0	0	0	0	0	0	0	0	0	0	0	0	0	0	0	0	0	0	0	0	0	0	0	0	0	0	0	0	0	0	0	0	4446	14788	5682	26424	0	1138	166	1330	2270	4696	5480	22720	8630	0	636	14028	0	702	0	816	586	2432	11278	8916	3394	420	
149416	Cerebelum_9_L	0	0	0	0	0	0	0	0	0	0	0	0	0	0	0	0	0	0	0	0	0	0	0	0	0	0	0	0	0	0	0	0	0	0	0	0	0	0	0	0	0	0	0	0	0	0	0	0	0	0	0	0	0	0	120	0	0	0	0	0	0	0	0	0	0	0	0	0	0	0	0	0	0	0	0	0	0	0	0	0	0	0	0	0	0	0	0	0	0	0	5838	104	7852	0	1628	302	3794	144	4196	186	8822	0	24184	636	0	2050	2936	0	320	830	1030	750	542	1616	3316	3512	
117476	Cerebelum_9_R	0	0	0	0	0	0	0	0	0	0	0	0	0	0	0	0	0	0	0	0	0	0	0	0	0	0	0	0	0	0	0	0	0	0	0	0	0	0	0	0	0	0	0	0	0	0	0	196	0	0	0	0	0	0	222	374	0	0	0	0	0	0	0	0	0	0	0	0	0	0	0	0	0	0	0	0	0	0	0	0	0	0	0	0	0	0	0	0	0	0	1534	1150	526	1470	130	1336	1672	528	2194	856	118	3960	1514	14028	2050	0	0	512	368	1704	1770	3246	2002	3684	6928	4666	
21180	Cerebelum_10_L	0	0	0	0	0	0	0	0	0	0	0	0	0	0	0	0	0	0	0	0	0	0	0	0	0	0	0	0	0	0	0	0	0	0	0	0	0	0	0	0	0	0	0	0	0	0	0	0	0	0	0	0	0	0	0	0	0	0	0	0	0	0	0	0	0	0	0	0	0	0	0	0	0	0	0	0	0	0	0	0	0	0	0	0	0	0	0	0	0	0	1784	0	1918	0	110	0	160	0	152	0	354	0	3176	0	2936	0	0	0	0	0	0	0	0	0	0	0	
5332	Cerebelum_10_R	0	0	0	0	0	0	0	0	0	0	0	0	0	0	0	0	0	0	0	0	0	0	0	0	0	0	0	0	0	0	0	0	0	0	0	0	0	0	0	0	0	0	0	0	0	0	0	0	0	0	0	0	0	0	0	0	0	0	0	0	0	0	0	0	0	0	0	0	0	0	0	0	0	0	0	0	0	0	0	0	0	0	0	0	0	0	0	0	0	0	0	354	0	422	0	0	0	0	0	264	0	412	0	702	0	512	0	0	0	0	0	0	0	0	0	0	
20728	Vermis_1_2	0	0	0	0	0	0	0	0	0	0	0	0	0	0	0	0	0	0	0	0	0	0	0	0	0	0	0	0	0	0	0	0	0	0	0	0	0	0	0	0	0	0	0	0	0	0	0	0	0	0	0	0	0	0	0	0	0	0	0	0	0	0	0	0	0	0	0	0	0	0	0	0	0	0	0	0	0	0	0	0	0	0	0	0	0	0	0	0	0	0	546	0	0	0	584	304	988	0	736	192	0	0	0	0	320	368	0	0	0	3802	890	544	156	214	518	202	
77552	Vermis_3	0	0	0	0	0	0	0	0	0	0	0	0	0	0	0	0	0	0	0	0	0	0	0	0	0	0	0	0	0	0	0	0	0	0	0	0	0	0	122	0	0	0	0	0	0	0	214	404	0	0	0	0	0	0	0	298	0	0	0	0	0	0	0	0	0	0	0	0	0	0	0	0	0	0	0	0	0	0	0	0	0	0	0	0	0	0	0	0	0	0	1428	1788	110	410	1246	5192	2596	2988	2102	2840	0	114	308	816	830	1704	0	0	3802	0	2870	1594	1436	1628	1638	298	
333324	Vermis_4_5	0	0	0	0	0	0	0	0	0	0	0	0	0	0	0	0	0	0	0	0	0	0	0	0	0	0	0	0	0	0	0	0	0	0	0	324	0	398	0	350	0	0	302	242	0	0	6988	8830	0	0	124	0	2380	0	6880	4294	0	0	0	0	0	0	0	0	0	0	134	620	0	0	0	0	0	0	0	0	0	108	0	0	0	0	0	0	0	0	0	0	116	0	9190	15186	146	300	440	2452	21892	20074	18714	21796	106	0	380	586	1030	1770	0	0	890	2870	0	9542	1684	1174	1388	2962	
211376	Vermis_6	0	0	0	0	0	0	0	0	0	0	0	0	0	0	0	0	0	0	0	0	0	0	0	0	0	0	0	0	0	0	0	0	0	0	0	0	0	0	0	84	0	0	416	158	0	0	4250	6428	0	0	180	0	0	140	1616	3206	0	0	0	0	0	0	0	0	0	0	0	0	0	0	0	0	0	0	0	0	0	0	0	0	0	0	0	0	0	0	0	0	0	0	6814	8494	1116	874	134	1348	4678	1730	13042	12348	522	226	2100	2432	750	3246	0	0	544	1594	9542	0	7050	3262	3464	3900	
202068	Vermis_7	0	0	0	0	0	0	0	0	0	0	0	0	0	0	0	0	0	0	0	0	0	0	0	0	0	0	0	0	0	0	0	0	0	0	0	0	0	0	0	0	0	0	0	0	0	0	696	608	0	0	0	0	0	0	508	678	0	0	0	0	0	0	0	0	0	0	0	0	0	0	0	0	0	0	0	0	0	0	0	0	0	0	0	0	0	0	0	0	0	0	7002	8286	6906	9260	108	1540	928	1328	6012	5444	4872	3266	7796	11278	542	2002	0	0	156	1436	1684	7050	0	7980	2886	782	
