data	data	509736	269928	924692	974040	113032	119588	399336	324048	47580	26648	279572	232096	324792	234720	109504	138872	340556	112812	689792	941132	71552	85020	350800	283528	37504	97964	58160	69596	741480	410088	335360	397460	163600	650612	157076	200360	263232	493380	148008	390416	30024	58512	328364	358848	265484	363688	443892	311916	254920	339456	590144	321768	307796	279688	558584	787700	287924	230260	138452	155324	231028	173176	198996	122088	138412	101676	368640	537996	292520	196436	244492	302920	289248	417040	41656	27020	142868	175688	159048	25440	321900	137752	96812	69168	535724	317980	31672	29564	309568	462800	484912	432328	375548	297976	32456	43012	345340	273052	576548	479180	279036	167920	326716	269908	132700	161296	18460	4020	19124	34260	264404	326484	259972	114996	81040	19472	
data	data	Precentral_L	Precentral_R	Frontal_Sup_L	Frontal_Sup_R	Frontal_Sup_Orb_L	Frontal_Sup_Orb_R	Frontal_Mid_L	Frontal_Mid_R	Frontal_Mid_Orb_L	Frontal_Mid_Orb_R	Frontal_Inf_Oper_L	Frontal_Inf_Oper_R	Frontal_Inf_Tri_L	Frontal_Inf_Tri_R	Frontal_Inf_Orb_L	Frontal_Inf_Orb_R	Rolandic_Oper_L	Rolandic_Oper_R	Supp_Motor_Area_L	Supp_Motor_Area_R	Olfactory_L	Olfactory_R	Frontal_Sup_Medial_L	Frontal_Sup_Medial_R	Frontal_Med_Orb_L	Frontal_Med_Orb_R	Rectus_L	Rectus_R	Insula_L	Insula_R	Cingulum_Ant_L	Cingulum_Ant_R	Cingulum_Mid_L	Cingulum_Mid_R	Cingulum_Post_L	Cingulum_Post_R	Hippocampus_L	Hippocampus_R	ParaHippocampal_L	ParaHippocampal_R	Amygdala_L	Amygdala_R	Calcarine_L	Calcarine_R	Cuneus_L	Cuneus_R	Lingual_L	Lingual_R	Occipital_Sup_L	Occipital_Sup_R	Occipital_Mid_L	Occipital_Mid_R	Occipital_Inf_L	Occipital_Inf_R	Fusiform_L	Fusiform_R	Postcentral_L	Postcentral_R	Parietal_Sup_L	Parietal_Sup_R	Parietal_Inf_L	Parietal_Inf_R	SupraMarginal_L	SupraMarginal_R	Angular_L	Angular_R	Precuneus_L	Precuneus_R	Paracentral_Lobule_L	Paracentral_Lobule_R	Caudate_L	Caudate_R	Putamen_L	Putamen_R	Pallidum_L	Pallidum_R	Thalamus_L	Thalamus_R	Heschl_L	Heschl_R	Temporal_Sup_L	Temporal_Sup_R	Temporal_Pole_Sup_L	Temporal_Pole_Sup_R	Temporal_Mid_L	Temporal_Mid_R	Temporal_Pole_Mid_L	Temporal_Pole_Mid_R	Temporal_Inf_L	Temporal_Inf_R	Cerebelum_Crus1_L	Cerebelum_Crus1_R	Cerebelum_Crus2_L	Cerebelum_Crus2_R	Cerebelum_3_L	Cerebelum_3_R	Cerebelum_4_5_L	Cerebelum_4_5_R	Cerebelum_6_L	Cerebelum_6_R	Cerebelum_7b_L	Cerebelum_7b_R	Cerebelum_8_L	Cerebelum_8_R	Cerebelum_9_L	Cerebelum_9_R	Cerebelum_10_L	Cerebelum_10_R	Vermis_1_2	Vermis_3	Vermis_4_5	Vermis_6	Vermis_7	Vermis_8	Vermis_9	Vermis_10	
509736	Precentral_L	0	5396	22824	10694	0	0	11634	1258	0	0	9406	688	984	0	0	208	10484	916	12038	17300	0	0	0	0	0	0	0	0	12544	550	184	0	498	4746	1828	470	2128	874	446	670	0	0	474	0	536	0	332	0	652	0	9320	0	1914	0	1644	642	23924	940	176	0	4492	0	2066	0	1492	0	590	126	29320	2320	2752	4244	2252	2408	412	652	5700	2714	4386	94	4820	234	0	96	11964	0	0	0	2102	310	0	0	0	0	0	0	0	0	0	0	0	0	0	0	0	0	0	0	0	0	0	0	0	0	0	0	
269928	Precentral_R	5396	0	3082	16628	0	0	366	10510	0	0	0	4342	0	0	0	0	88	1524	1538	6892	0	0	0	0	0	0	0	0	0	4552	0	0	0	1540	0	160	0	6244	0	3332	0	0	0	780	0	642	0	0	0	796	0	844	0	5080	0	5548	122	19270	0	678	0	3262	0	3302	0	130	0	1274	3880	4292	136	2258	156	1330	0	0	0	3316	0	626	0	2112	0	134	0	2068	0	0	0	6734	0	0	0	0	0	0	0	0	0	0	0	0	0	0	0	0	0	0	0	0	0	0	0	0	0	0	
924692	Frontal_Sup_L	22824	3082	0	15320	7480	0	54116	1808	2148	0	16760	672	25068	0	5122	472	14412	844	83510	17534	566	0	39892	916	1202	0	536	0	41814	586	15356	4026	4488	3506	164	0	4576	810	528	566	86	0	0	0	0	0	0	0	0	0	136	0	0	90	1242	710	5904	776	0	0	0	0	162	0	0	0	0	0	5346	96	6244	3374	19382	2596	3824	650	7724	1040	2454	0	7148	230	504	96	670	0	0	0	804	354	0	0	0	0	0	0	0	0	0	0	0	0	0	0	0	0	0	0	0	0	0	0	0	0	0	0	
974040	Frontal_Sup_R	10694	16628	15320	0	0	7734	1582	41748	0	142	550	20196	306	18152	0	4702	542	5552	10162	84094	160	256	8528	31770	0	4516	0	908	1668	19110	4530	27152	842	29272	0	336	1220	9832	248	5954	0	92	0	380	0	494	0	104	0	622	0	616	0	3790	230	6718	382	2944	0	142	0	778	0	802	0	0	0	542	3368	438	5666	17870	1964	19810	210	764	1526	19184	296	528	328	3500	0	456	108	1740	0	0	118	6104	0	0	0	0	0	0	0	0	0	0	0	0	0	0	0	0	0	0	0	0	0	0	0	0	0	0	
113032	Frontal_Sup_Orb_L	0	0	7480	0	0	0	1398	0	7020	0	0	0	4282	0	6900	0	0	0	172	0	1716	268	4054	0	3126	0	4966	90	5564	0	4894	334	0	0	0	0	0	0	0	0	0	0	0	0	0	0	0	0	0	0	0	0	0	0	0	0	0	0	0	0	0	0	0	0	0	0	0	0	0	0	1304	152	2606	0	0	0	0	0	0	0	0	0	190	0	0	0	0	0	0	0	0	0	0	0	0	0	0	0	0	0	0	0	0	0	0	0	0	0	0	0	0	0	0	0	0	0	
119588	Frontal_Sup_Orb_R	0	0	0	7734	0	0	0	2826	0	3584	0	0	0	842	0	5706	0	0	0	848	222	1020	776	5258	266	7816	380	6128	0	620	578	5272	0	414	0	0	0	0	0	0	0	0	0	0	0	0	0	0	0	0	0	0	0	0	0	0	0	0	0	0	0	0	0	0	0	0	0	0	0	0	362	4586	254	4302	0	0	0	0	0	0	0	0	0	0	0	0	0	0	0	0	0	0	0	0	0	0	0	0	0	0	0	0	0	0	0	0	0	0	0	0	0	0	0	0	0	0	
399336	Frontal_Mid_L	11634	366	54116	1582	1398	0	0	248	1682	0	13634	128	31614	0	2780	0	3312	0	15016	1544	466	0	14318	0	0	0	0	0	21524	0	4686	1326	1662	1248	0	140	988	0	124	0	0	0	0	0	0	0	0	0	0	0	296	0	0	0	172	0	1786	0	0	0	244	0	174	0	0	0	0	0	1054	0	1140	148	3156	0	396	0	2412	452	858	0	904	0	302	0	500	0	0	0	138	0	0	0	0	0	0	0	0	0	0	0	0	0	0	0	0	0	0	0	0	0	0	0	0	0	0	0	
324048	Frontal_Mid_R	1258	10510	1808	41748	0	2826	248	0	0	1622	156	8136	90	17192	0	5030	118	1002	2570	11216	94	0	152	2514	0	656	0	0	448	5362	640	1698	0	5840	0	0	100	4910	0	2812	0	0	0	192	0	266	0	0	0	330	0	328	0	2222	0	3948	94	1406	0	0	0	364	0	364	0	0	0	314	270	250	2788	2984	890	5280	194	764	88	1882	0	282	92	1118	0	0	0	1040	0	0	0	3518	0	0	0	0	0	0	0	0	0	0	0	0	0	0	0	0	0	0	0	0	0	0	0	0	0	0	
47580	Frontal_Mid_Orb_L	0	0	2148	0	7020	0	1682	0	0	0	0	0	3122	0	6186	0	0	0	0	0	0	0	390	0	502	0	792	0	1008	0	706	0	0	0	0	0	0	0	0	0	0	0	0	0	0	0	0	0	0	0	0	0	0	0	0	0	0	0	0	0	0	0	0	0	0	0	0	0	0	0	0	0	234	0	0	0	0	0	0	0	0	0	0	0	0	0	0	0	0	0	0	0	0	0	0	0	0	0	0	0	0	0	0	0	0	0	0	0	0	0	0	0	0	0	0	0	
26648	Frontal_Mid_Orb_R	0	0	0	142	0	3584	0	1622	0	0	0	0	0	786	0	4844	0	0	0	0	86	224	0	0	0	206	0	854	0	184	0	0	0	0	0	0	0	0	0	0	0	0	0	0	0	0	0	0	0	0	0	0	0	0	0	0	0	0	0	0	0	0	0	0	0	0	0	0	0	0	100	272	0	420	0	0	0	0	0	0	0	0	0	0	0	0	0	0	0	0	0	0	0	0	0	0	0	0	0	0	0	0	0	0	0	0	0	0	0	0	0	0	0	0	0	0	
279572	Frontal_Inf_Oper_L	9406	0	16760	550	0	0	13634	156	0	0	0	0	16916	96	738	0	12106	0	11216	774	0	0	928	0	0	0	0	0	26386	0	4898	1094	0	464	0	0	1300	0	204	0	0	0	0	0	0	0	0	0	0	0	0	0	0	0	998	0	3210	0	0	0	0	0	88	0	0	0	0	0	0	0	1680	0	2200	0	0	0	1854	128	1270	0	5994	0	3186	0	780	0	0	0	772	0	0	0	0	0	0	0	0	0	0	0	0	0	0	0	0	0	0	0	0	0	0	0	0	0	0	0	
232096	Frontal_Inf_Oper_R	688	4342	672	20196	0	0	128	8136	0	0	0	0	0	18252	0	472	0	4268	498	17628	0	0	0	460	0	0	0	0	162	15942	166	220	0	5228	0	0	0	1324	0	984	0	0	0	0	0	0	0	0	0	0	0	0	0	582	0	1200	0	2960	0	0	0	662	0	704	0	0	0	0	88	0	498	130	264	5506	0	0	132	0	0	142	0	1816	0	470	0	168	0	0	0	960	0	0	0	0	0	0	0	0	0	0	0	0	0	0	0	0	0	0	0	0	0	0	0	0	0	0	
324792	Frontal_Inf_Tri_L	984	0	25068	306	4282	0	31614	90	3122	0	16916	0	0	0	13014	0	866	0	8482	360	466	0	4172	0	346	0	454	0	30658	0	9918	916	388	316	0	0	110	0	0	0	0	0	0	0	0	0	0	0	0	0	0	0	0	0	0	0	0	0	0	0	0	0	0	0	0	0	0	0	0	0	1760	0	4258	0	0	0	0	0	0	0	976	0	2384	0	170	0	0	0	0	0	0	0	0	0	0	0	0	0	0	0	0	0	0	0	0	0	0	0	0	0	0	0	0	0	0	0	
234720	Frontal_Inf_Tri_R	0	0	0	18152	0	842	0	17192	0	786	96	18252	0	0	0	3662	0	630	1370	13732	0	0	276	4742	0	142	0	0	132	18742	410	2826	0	7454	0	0	0	368	0	244	0	0	0	0	0	0	0	0	0	0	0	0	0	0	0	278	0	0	0	0	0	0	0	0	0	0	0	0	0	0	1694	520	98	4106	0	0	0	0	0	0	0	520	0	0	0	0	0	0	0	94	0	0	0	0	0	0	0	0	0	0	0	0	0	0	0	0	0	0	0	0	0	0	0	0	0	0	
109504	Frontal_Inf_Orb_L	0	0	5122	0	6900	0	2780	0	6186	0	738	0	13014	0	0	0	162	0	360	0	1264	156	1216	0	178	0	1360	0	11014	0	1030	118	0	0	0	0	0	0	0	0	0	0	0	0	0	0	0	0	0	0	0	0	0	0	0	0	0	0	0	0	0	0	0	0	0	0	0	0	0	0	820	0	1630	0	0	0	0	0	0	0	124	0	580	0	0	0	0	0	0	0	0	0	0	0	0	0	0	0	0	0	0	0	0	0	0	0	0	0	0	0	0	0	0	0	0	0	
138872	Frontal_Inf_Orb_R	208	0	472	4702	0	5706	0	5030	0	4844	0	472	0	3662	0	0	0	0	814	3032	402	2438	0	1258	0	416	0	3152	0	6884	246	1252	0	854	0	0	0	170	0	168	0	334	0	0	0	0	0	0	0	0	0	0	0	0	0	104	0	0	0	0	0	0	0	0	0	0	0	0	210	0	2362	10034	852	8864	122	0	0	198	0	0	0	0	0	174	0	0	0	0	0	0	0	0	0	0	0	0	0	0	0	0	0	0	0	0	0	0	0	0	0	0	0	0	0	0	0	0	
340556	Rolandic_Oper_L	10484	88	14412	542	0	0	3312	118	0	0	12106	0	866	0	162	0	0	0	9446	610	0	0	182	0	0	0	0	0	35616	0	716	122	0	190	250	0	796	0	162	0	0	0	270	0	0	0	126	0	0	0	2096	0	980	0	1740	0	12886	0	0	0	2322	0	8702	0	1018	0	92	0	486	0	528	0	526	0	0	0	468	0	11158	0	18516	0	1532	0	11766	0	0	0	4886	0	0	0	0	0	0	0	0	0	0	0	0	0	0	0	0	0	0	0	0	0	0	0	0	0	0	0	
112812	Rolandic_Oper_R	916	1524	844	5552	0	0	0	1002	0	0	0	4268	0	630	0	0	0	0	0	4638	0	0	0	0	0	0	0	0	0	11608	0	0	0	536	0	0	0	1020	0	938	0	0	0	132	0	110	0	0	0	0	0	0	0	892	0	1084	0	4136	0	0	0	0	0	2498	0	0	0	238	0	0	0	144	0	3110	0	108	0	0	0	2310	0	5444	0	1264	0	230	0	0	0	1230	0	0	0	0	0	0	0	0	0	0	0	0	0	0	0	0	0	0	0	0	0	0	0	0	0	0	
689792	Supp_Motor_Area_L	12038	1538	83510	10162	172	0	15016	2570	0	0	11216	498	8482	1370	360	814	9446	0	0	31804	0	0	12970	782	120	0	0	0	23328	478	10930	6206	10548	18196	846	1316	4612	436	478	282	0	0	0	0	120	146	0	0	176	0	0	0	0	0	1068	392	2602	0	0	0	0	0	0	0	0	0	744	856	11190	718	6432	2284	17476	1148	4050	0	5712	690	1734	0	5204	0	164	0	486	0	0	0	770	210	0	0	0	0	0	0	0	0	0	0	0	0	0	0	0	0	0	0	0	0	0	0	0	0	0	0	
941132	Supp_Motor_Area_R	17300	6892	17534	84094	0	848	1544	11216	0	0	774	17628	360	13732	0	3032	610	4638	31804	0	0	0	3398	10136	0	306	0	0	1964	14990	3696	13840	2236	64810	2038	7056	968	5486	130	3572	0	0	0	1056	0	1154	0	90	0	976	142	1114	0	2856	234	5258	380	3170	0	398	128	894	0	592	86	132	1012	7336	14188	18288	5640	14560	1566	14914	124	716	1198	12786	304	404	342	2870	0	428	212	3082	0	0	136	4734	0	0	0	0	0	0	0	268	0	166	0	0	0	0	0	0	0	0	0	0	0	0	0	0	0	0	
71552	Olfactory_L	0	0	566	160	1716	222	466	94	0	86	0	0	466	0	1264	402	0	0	0	0	0	5040	0	0	734	172	2646	908	1394	0	2668	2566	0	0	0	0	0	0	88	0	478	0	0	0	0	0	0	0	0	0	0	0	0	0	0	0	0	0	0	0	0	0	0	0	0	0	0	0	0	0	7276	2386	3586	230	0	0	0	0	0	0	0	0	162	0	0	0	0	0	0	0	0	0	0	0	0	0	0	0	0	0	0	0	0	0	0	0	0	0	0	0	0	0	0	0	0	0	
85020	Olfactory_R	0	0	0	256	268	1020	0	0	0	224	0	0	0	0	156	2438	0	0	0	0	5040	0	0	0	152	1006	1118	3150	118	1992	1902	3248	0	0	0	0	0	0	0	188	172	666	0	0	0	0	0	0	0	0	0	0	0	0	0	0	0	0	0	0	0	0	0	0	0	0	0	0	0	0	7318	5710	5294	1074	0	0	0	0	0	0	0	0	0	0	0	0	0	0	0	0	0	0	0	0	0	0	0	0	0	0	0	0	0	0	0	0	0	0	0	0	0	0	0	0	0	0	
350800	Frontal_Sup_Medial_L	0	0	39892	8528	4054	776	14318	152	390	0	928	0	4172	276	1216	0	182	0	12970	3398	0	0	0	16062	1966	1552	842	92	5762	196	20842	14988	8776	10194	284	378	0	0	0	0	0	0	0	0	0	0	0	0	0	0	0	0	0	0	0	0	0	0	0	0	0	0	0	0	0	0	0	276	0	0	558	214	970	196	0	0	0	0	0	0	0	0	0	0	0	0	0	0	0	0	0	0	0	0	0	0	0	0	0	0	0	0	0	0	0	0	0	0	0	0	0	0	0	0	0	0	
283528	Frontal_Sup_Medial_R	0	0	916	31770	0	5258	0	2514	0	0	0	460	0	4742	0	1258	0	0	782	10136	0	0	16062	0	86	6582	128	1150	0	3598	3786	26544	368	11280	0	0	0	0	0	0	0	0	0	0	0	0	0	0	0	0	0	0	0	0	0	0	0	0	0	0	0	0	0	0	0	0	0	0	0	0	932	6744	98	6440	0	0	0	130	0	0	0	0	0	0	0	0	0	0	0	0	0	0	0	0	0	0	0	0	0	0	0	0	0	0	0	0	0	0	0	0	0	0	0	0	0	0	
37504	Frontal_Med_Orb_L	0	0	1202	0	3126	266	0	0	502	0	0	0	346	0	178	0	0	0	120	0	734	152	1966	86	0	638	1982	298	878	0	4668	432	0	0	0	0	0	0	0	0	0	0	0	0	0	0	0	0	0	0	0	0	0	0	0	0	0	0	0	0	0	0	0	0	0	0	0	0	0	0	636	124	418	0	0	0	0	0	0	0	0	0	0	0	0	0	0	0	0	0	0	0	0	0	0	0	0	0	0	0	0	0	0	0	0	0	0	0	0	0	0	0	0	0	0	0	
97964	Frontal_Med_Orb_R	0	0	0	4516	0	7816	0	656	0	206	0	0	0	142	0	416	0	0	0	306	172	1006	1552	6582	638	0	950	6454	0	98	1476	8318	0	366	0	0	0	0	0	0	0	0	0	0	0	0	0	0	0	0	0	0	0	0	0	0	0	0	0	0	0	0	0	0	0	0	0	0	0	0	314	3992	264	2742	0	0	0	0	0	0	0	0	0	0	0	0	0	0	0	0	0	0	0	0	0	0	0	0	0	0	0	0	0	0	0	0	0	0	0	0	0	0	0	0	0	0	
58160	Rectus_L	0	0	536	0	4966	380	0	0	792	0	0	0	454	0	1360	0	0	0	0	0	2646	1118	842	128	1982	950	0	1176	1478	0	4054	1626	0	0	0	0	0	0	0	0	0	0	0	0	0	0	0	0	0	0	0	0	0	0	0	0	0	0	0	0	0	0	0	0	0	0	0	0	0	0	2412	496	1522	162	0	0	0	0	0	0	0	0	0	0	0	0	0	0	0	0	0	0	0	0	0	0	0	0	0	0	0	0	0	0	0	0	0	0	0	0	0	0	0	0	0	0	
69596	Rectus_R	0	0	0	908	90	6128	0	0	0	854	0	0	0	0	0	3152	0	0	0	0	908	3150	92	1150	298	6454	1176	0	0	1066	582	3470	0	0	0	0	0	0	0	0	0	126	0	0	0	0	0	0	0	0	0	0	0	0	0	0	0	0	0	0	0	0	0	0	0	0	0	0	0	0	1014	2264	728	1188	0	0	0	0	0	0	0	0	0	0	0	0	0	0	0	0	0	0	0	0	0	0	0	0	0	0	0	0	0	0	0	0	0	0	0	0	0	0	0	0	0	0	
741480	Insula_L	12544	0	41814	1668	5564	0	21524	448	1008	0	26386	162	30658	132	11014	0	35616	0	23328	1964	1394	118	5762	0	878	0	1478	0	0	0	12896	1440	362	1002	698	116	10014	0	1498	0	968	0	292	0	0	0	136	0	0	0	2252	0	1166	0	7060	0	8378	0	0	0	2018	0	7984	0	844	0	100	0	652	0	3870	162	15530	90	92	0	4712	448	13664	0	22034	0	4832	0	13538	0	0	0	8264	0	0	0	0	0	0	0	168	0	0	0	0	0	0	0	0	0	0	0	0	0	0	0	0	0	0	0	
410088	Insula_R	550	4552	586	19110	0	620	0	5362	0	184	0	15942	0	18742	0	6884	0	11608	478	14990	0	1992	196	3598	0	98	0	1066	0	0	226	2310	0	4258	0	88	0	8318	0	6140	0	1618	0	644	0	796	0	0	0	1062	0	658	0	3738	0	8966	0	3302	0	254	0	390	0	738	0	0	0	880	102	320	1318	1466	194	25156	0	0	0	0	0	1230	0	7482	0	2202	0	4088	0	0	0	9836	0	106	0	0	0	0	0	376	0	224	0	0	0	0	0	0	0	0	0	0	0	0	0	0	0	0	
335360	Cingulum_Ant_L	184	0	15356	4530	4894	578	4686	640	706	0	4898	166	9918	410	1030	246	716	0	10930	3696	2668	1902	20842	3786	4668	1476	4054	582	12896	226	0	18352	6756	6876	230	172	0	0	0	0	0	0	0	0	0	0	0	0	0	0	0	0	0	0	0	0	0	0	0	0	0	0	0	0	0	0	0	122	0	0	8722	1724	6238	874	0	0	0	0	98	0	408	0	424	0	0	0	0	0	0	0	0	0	0	0	0	0	0	0	0	0	0	0	0	0	0	0	0	0	0	0	0	0	0	0	0	0	
397460	Cingulum_Ant_R	0	0	4026	27152	334	5272	1326	1698	0	0	1094	220	916	2826	118	1252	122	0	6206	13840	2566	3248	14988	26544	432	8318	1626	3470	1440	2310	18352	0	1226	22492	0	276	0	0	0	0	0	0	0	0	0	0	0	0	0	0	0	0	0	0	0	0	0	0	0	0	0	0	0	0	0	0	0	236	0	0	4758	9794	2496	7756	0	0	0	0	0	0	0	0	0	0	0	0	0	0	0	0	0	0	0	0	0	0	0	0	0	0	0	0	0	0	0	0	0	0	0	0	0	0	0	0	0	0	
163600	Cingulum_Mid_L	498	0	4488	842	0	0	1662	0	0	0	0	0	388	0	0	0	0	0	10548	2236	0	0	8776	368	0	0	0	0	362	0	6756	1226	0	11858	2926	1924	0	0	0	0	0	0	110	384	1066	1332	0	0	1218	738	2050	474	156	0	0	108	446	0	574	114	426	0	212	0	214	0	4808	4738	4174	148	0	0	0	0	0	0	0	0	0	0	0	0	0	0	2510	492	0	0	120	330	0	0	0	0	0	0	0	0	0	0	0	0	0	0	0	0	0	0	0	0	0	0	0	0	0	0	
650612	Cingulum_Mid_R	4746	1540	3506	29272	0	414	1248	5840	0	0	464	5228	316	7454	0	854	190	536	18196	64810	0	0	10194	11280	0	366	0	0	1002	4258	6876	22492	11858	0	4230	11492	0	1102	0	240	0	0	0	2600	188	5812	0	0	0	4200	86	2958	0	1974	0	1640	128	3022	0	744	128	898	0	496	0	262	2750	23072	9954	17042	3432	734	388	1688	0	0	96	146	120	132	104	1502	0	0	134	4822	0	0	0	4050	0	0	0	0	0	0	0	0	0	0	0	0	0	0	0	0	0	0	0	0	0	0	0	0	0	0	
157076	Cingulum_Post_L	1828	0	164	0	0	0	0	0	0	0	0	0	0	0	0	0	250	0	846	2038	0	0	284	0	0	0	0	0	698	0	230	0	2926	4230	0	10858	4974	4010	4096	2650	0	0	1656	304	2538	632	830	958	750	0	1654	0	1164	314	3208	1702	406	0	164	0	480	0	240	0	202	0	8974	4550	2492	632	0	0	0	0	0	0	480	1730	0	0	160	0	0	0	1556	0	0	0	356	324	0	0	0	0	0	0	0	0	0	0	0	0	0	0	0	0	0	0	0	0	0	0	0	0	0	0	
200360	Cingulum_Post_R	470	160	0	336	0	0	140	0	0	0	0	0	0	0	0	0	0	0	1316	7056	0	0	378	0	0	0	0	0	116	88	172	276	1924	11492	10858	0	4432	7064	3364	3020	0	0	0	1914	188	2834	154	1708	0	972	200	1174	94	2548	338	4124	0	126	0	104	0	138	0	0	0	0	2728	15868	1268	2714	0	0	0	0	0	0	1164	2146	168	0	0	0	0	0	250	1246	0	0	0	3350	0	0	0	0	0	0	0	0	0	0	0	0	0	0	0	0	0	0	0	0	0	0	0	0	0	0	
263232	Hippocampus_L	2128	0	4576	1220	0	0	988	100	0	0	1300	0	110	0	0	0	796	0	4612	968	0	0	0	0	0	0	0	0	10014	0	0	0	0	0	4974	4432	0	4420	19562	3224	5980	0	1108	0	0	0	4742	830	116	0	650	0	290	0	15016	1574	250	0	0	0	0	0	0	0	0	0	2704	1446	684	0	828	202	7392	218	630	0	6148	3692	1746	0	2192	0	836	0	876	0	0	0	6006	0	582	0	0	0	0	0	554	0	900	0	0	0	0	0	0	0	0	0	0	0	0	0	0	0	0	0	
493380	Hippocampus_R	874	6244	810	9832	0	0	0	4910	0	0	0	1324	0	368	0	170	0	1020	436	5486	0	0	0	0	0	0	0	0	0	8318	0	0	0	1102	4010	7064	4420	0	3592	41738	0	8010	0	1242	0	260	424	3876	0	184	0	704	0	11228	128	46978	0	760	0	0	0	120	0	296	0	0	424	5822	202	934	104	282	148	17716	0	1768	1190	4414	0	166	0	1000	0	686	0	3344	0	0	0	21484	0	1462	0	106	138	206	254	4568	0	2808	0	0	0	160	0	302	0	0	0	96	132	284	88	228	246	0	
148008	ParaHippocampal_L	446	0	528	248	0	0	124	0	0	0	204	0	0	0	0	0	162	0	478	130	88	0	0	0	0	0	0	0	1498	0	0	0	0	0	4096	3364	19562	3592	0	2580	2024	0	1240	0	0	0	6414	682	86	0	332	0	348	0	8538	1330	0	0	0	0	0	0	0	0	0	0	2600	1090	90	0	0	0	1016	0	0	0	3724	2366	0	0	248	0	478	0	0	0	96	0	532	0	916	0	0	0	176	0	876	0	1494	0	108	0	0	0	0	0	0	0	0	0	100	0	0	0	0	0	
390416	ParaHippocampal_R	670	3332	566	5954	0	0	0	2812	0	0	0	984	0	244	0	168	0	938	282	3572	0	188	0	0	0	0	0	0	0	6140	0	0	0	240	2650	3020	3224	41738	2580	0	0	7764	0	1322	0	0	246	4744	0	0	0	406	0	7276	0	38030	0	538	0	0	0	0	0	194	0	0	218	3224	146	150	0	240	0	12550	0	1736	964	3012	0	126	0	430	0	2714	0	1826	0	574	0	12792	0	2164	0	104	0	94	120	6136	0	3916	0	0	0	120	0	466	0	0	0	0	178	484	106	384	412	0	
30024	Amygdala_L	0	0	86	0	0	0	0	0	0	0	0	0	0	0	0	0	0	0	0	0	478	172	0	0	0	0	0	0	968	0	0	0	0	0	0	0	5980	0	2024	0	0	0	0	0	0	0	0	0	0	0	0	0	0	0	3026	0	0	0	0	0	0	0	0	0	0	0	0	0	0	0	274	124	440	0	0	0	0	0	0	0	0	0	338	0	0	0	0	0	1102	0	0	0	0	0	0	0	0	0	0	0	0	0	0	0	0	0	0	0	0	0	0	0	0	0	0	0	
58512	Amygdala_R	0	0	0	92	0	0	0	0	0	0	0	0	0	0	0	334	0	0	0	0	0	666	0	0	0	0	0	126	0	1618	0	0	0	0	0	0	0	8010	0	7764	0	0	0	0	0	0	0	0	0	0	0	0	0	0	0	5276	0	0	0	0	0	0	0	0	0	0	0	0	0	0	0	306	0	1916	0	0	0	162	0	0	0	0	0	2382	0	0	0	0	0	0	0	0	0	0	0	0	0	604	0	0	0	0	0	0	0	0	0	0	0	0	0	0	0	0	0	0	
328364	Calcarine_L	474	0	0	0	0	0	0	0	0	0	0	0	0	0	0	0	270	0	0	0	0	0	0	0	0	0	0	0	292	0	0	0	110	0	1656	0	1108	0	1240	0	0	0	0	8570	17258	7514	20784	3320	12978	2532	30052	260	14106	0	5022	240	276	0	546	90	242	0	172	0	98	0	19288	2654	724	0	0	0	0	0	0	0	0	0	378	0	90	0	0	0	4046	0	0	0	608	0	534	0	0	0	0	0	1808	430	1576	416	0	0	0	0	0	114	0	0	0	0	1646	422	142	0	96	0	
358848	Calcarine_R	0	780	0	380	0	0	0	192	0	0	0	0	0	0	0	0	0	132	0	1056	0	0	0	0	0	0	0	0	0	644	0	0	384	2600	304	1914	0	1242	0	1322	0	0	8570	0	5602	31622	3486	21302	590	21970	252	12908	0	6388	88	9416	0	840	0	844	0	1208	0	506	0	746	2180	28910	236	1270	0	0	0	0	0	0	0	0	0	0	0	336	0	0	0	4130	0	0	0	2868	0	206	0	0	0	0	0	0	144	940	0	0	0	0	0	0	0	0	0	0	166	606	144	0	0	0	
265484	Cuneus_L	536	0	0	0	0	0	0	0	0	0	0	0	0	0	0	0	0	0	120	0	0	0	0	0	0	0	0	0	0	0	0	0	1066	188	2538	188	0	0	0	0	0	0	17258	5602	0	11078	4324	324	24244	3490	14274	298	3104	108	1328	120	646	0	5868	280	684	0	122	0	168	0	23332	6360	1288	0	0	0	0	0	0	0	0	0	92	0	0	0	0	0	2974	0	0	0	266	0	0	0	0	0	0	0	146	0	232	0	0	0	0	0	0	0	0	0	0	0	96	0	0	0	0	0	
363688	Cuneus_R	0	642	0	494	0	0	0	266	0	0	0	0	0	0	0	0	0	110	146	1154	0	0	0	0	0	0	0	0	0	796	0	0	1332	5812	632	2834	0	260	0	0	0	0	7514	31622	11078	0	1078	4508	1824	35664	456	15446	100	1744	0	2610	0	820	306	3300	0	502	0	224	0	326	6370	33378	382	1890	0	0	0	0	0	0	0	0	0	0	0	108	0	0	0	2892	0	0	0	2998	0	0	0	0	0	0	0	0	0	226	0	0	0	0	0	0	0	0	0	0	0	0	0	0	0	0	
443892	Lingual_L	332	0	0	0	0	0	0	0	0	0	0	0	0	0	0	0	126	0	0	0	0	0	0	0	0	0	0	0	136	0	0	0	0	0	830	154	4742	424	6414	246	0	0	20784	3486	4324	1078	0	6664	5280	672	22066	222	15906	0	31926	766	110	0	0	0	136	0	96	0	142	0	9520	716	448	0	0	0	0	0	0	0	1222	168	164	0	0	0	0	0	1678	0	0	0	566	0	10694	422	2530	162	478	234	15462	3286	24780	2442	508	0	842	0	260	288	0	0	132	466	8474	5858	2526	168	264	126	
311916	Lingual_R	0	0	0	104	0	0	0	0	0	0	0	0	0	0	0	0	0	0	0	90	0	0	0	0	0	0	0	0	0	0	0	0	0	0	958	1708	830	3876	682	4744	0	0	3320	21302	324	4508	6664	0	136	4394	740	2750	1202	5436	3272	21582	0	0	0	0	0	92	0	0	0	0	606	8316	0	0	0	0	0	0	0	0	152	252	0	0	0	0	0	0	0	1614	0	0	0	1742	1216	3508	678	278	328	90	4432	6228	6932	11900	190	0	202	274	1150	136	0	0	0	0	6288	8348	2084	142	158	0	
254920	Occipital_Sup_L	652	0	0	0	0	0	0	0	0	0	0	0	0	0	0	0	0	0	176	0	0	0	0	0	0	0	0	0	0	0	0	0	1218	0	750	0	116	0	86	0	0	0	12978	590	24244	1824	5280	136	0	332	28456	0	2882	0	974	0	558	0	13184	0	4582	0	0	0	760	0	18626	2770	2306	0	0	0	0	0	0	0	0	0	124	0	0	0	0	0	2748	0	0	0	316	0	0	0	0	0	0	0	154	0	240	0	0	0	0	0	0	0	0	0	0	0	138	138	122	0	0	0	
339456	Occipital_Sup_R	0	796	0	622	0	0	0	330	0	0	0	0	0	0	0	0	0	0	0	976	0	0	0	0	0	0	0	0	0	1062	0	0	738	4200	0	972	0	184	0	0	0	0	2532	21970	3490	35664	672	4394	332	0	0	33338	0	1508	0	3026	0	3358	0	7508	0	2488	0	318	0	3006	1620	19698	276	3654	0	0	0	0	0	0	0	0	0	0	0	0	0	0	0	6316	0	0	0	4418	0	0	0	0	0	0	0	0	0	262	0	0	0	0	0	0	0	0	0	0	0	0	0	0	0	0	
590144	Occipital_Mid_L	9320	0	136	0	0	0	296	0	0	0	0	0	0	0	0	0	2096	0	0	142	0	0	0	0	0	0	0	0	2252	0	0	0	2050	86	1654	200	650	0	332	0	0	0	30052	252	14274	456	22066	740	28456	0	0	0	35976	0	13826	0	3398	0	7516	0	13038	0	2114	0	18036	0	15888	1750	6180	0	0	0	0	0	0	0	132	0	2928	0	808	0	0	0	38528	0	0	0	4054	0	674	0	418	0	0	0	2756	678	5358	154	0	0	0	0	0	0	0	0	0	0	2010	2106	1236	0	0	0	
321768	Occipital_Mid_R	0	844	0	616	0	0	0	328	0	0	0	0	0	0	0	0	0	0	0	1114	0	0	0	0	0	0	0	0	0	658	0	0	474	2958	0	1174	0	704	0	406	0	0	260	12908	298	15446	222	2750	0	33338	0	0	0	5926	0	4884	0	3558	0	8578	0	9598	0	1126	0	11090	356	13354	222	3126	0	0	0	0	0	0	0	0	0	0	0	136	0	0	0	18680	0	0	0	5752	0	0	0	0	0	0	0	0	0	0	0	0	0	0	0	0	0	0	0	0	0	0	0	0	0	0	
307796	Occipital_Inf_L	1914	0	0	0	0	0	0	0	0	0	0	0	0	0	0	0	980	0	0	0	0	0	0	0	0	0	0	0	1166	0	0	0	156	0	1164	94	290	0	348	0	0	0	14106	0	3104	100	15906	1202	2882	0	35976	0	0	0	19456	136	372	0	98	0	428	0	484	0	386	0	5290	586	984	0	0	0	0	0	0	0	108	0	1062	0	564	0	0	0	11060	0	0	0	6750	0	2770	0	1006	0	0	0	3804	1096	9904	528	118	0	190	0	0	0	0	0	0	0	2502	3166	1662	0	0	0	
279688	Occipital_Inf_R	0	5080	90	3790	0	0	0	2222	0	0	0	582	0	0	0	0	0	892	0	2856	0	0	0	0	0	0	0	0	0	3738	0	0	0	1974	314	2548	0	11228	0	7276	0	0	0	6388	108	1744	0	5436	0	1508	0	5926	0	0	0	29604	0	1320	0	0	0	208	0	422	0	280	184	4212	128	2036	0	0	0	1968	0	0	0	0	0	276	0	690	0	0	0	4256	0	0	0	23912	0	324	0	0	102	0	232	1100	496	2064	0	0	0	0	338	0	0	0	0	0	788	992	212	0	0	0	
558584	Fusiform_L	1644	0	1242	230	0	0	172	0	0	0	998	0	0	0	0	0	1740	0	1068	234	0	0	0	0	0	0	0	0	7060	0	0	0	0	0	3208	338	15016	128	8538	0	3026	0	5022	88	1328	0	31926	3272	974	0	13826	0	19456	0	0	492	450	0	0	0	208	0	612	0	200	0	3774	758	712	0	198	0	1260	0	0	0	978	202	1386	0	4172	0	3680	0	4344	0	1580	0	21474	0	26698	324	2594	120	286	0	18624	2782	42086	1536	1260	0	1898	0	766	0	108	0	0	0	5936	5194	2066	0	0	0	
787700	Fusiform_R	642	5548	710	6718	0	0	0	3948	0	0	0	1200	0	278	0	104	0	1084	392	5258	0	0	0	0	0	0	0	0	0	8966	0	0	108	1640	1702	4124	1574	46978	1330	38030	0	5276	240	9416	120	2610	766	21582	0	3026	0	4884	136	29604	492	0	0	986	0	0	0	290	0	430	0	374	392	7458	164	1240	90	230	90	14634	0	1442	404	1128	0	326	0	1800	0	6272	0	7514	0	3790	0	39764	1010	19788	630	768	284	894	1152	17538	3440	32128	284	276	210	1388	1288	1170	98	0	0	0	3502	7584	1918	606	590	0	
287924	Postcentral_L	23924	122	5904	382	0	0	1786	94	0	0	3210	0	0	0	0	0	12886	0	2602	380	0	0	0	0	0	0	0	0	8378	0	0	0	446	128	406	0	250	0	0	0	0	0	276	0	646	0	110	0	558	0	3398	0	372	0	450	0	0	0	7222	0	20274	0	14570	0	1414	0	2160	0	5554	0	148	0	560	0	0	0	902	0	4550	0	9318	0	0	0	7908	0	0	0	2674	0	0	0	0	0	0	0	0	0	0	0	0	0	0	0	0	0	0	0	0	0	0	0	0	0	0	0	
230260	Postcentral_R	940	19270	776	2944	0	0	0	1406	0	0	0	2960	0	0	0	0	0	4136	0	3170	0	0	0	0	0	0	0	0	0	3302	0	0	0	3022	0	126	0	760	0	538	0	0	0	840	0	820	0	0	0	3358	0	3558	0	1320	0	986	0	0	0	6802	0	13168	0	17190	0	1470	0	5088	316	10132	0	0	0	700	0	0	0	0	0	538	0	1252	0	154	0	2284	0	0	0	1804	0	0	0	0	0	0	0	0	0	0	0	0	0	0	0	0	0	0	0	0	0	0	0	0	0	0	
138452	Parietal_Sup_L	176	0	0	0	0	0	0	0	0	0	0	0	0	0	0	0	0	0	0	0	0	0	0	0	0	0	0	0	0	0	0	0	574	0	164	0	0	0	0	0	0	0	546	0	5868	306	0	0	13184	0	7516	0	98	0	0	0	7222	0	0	142	11420	0	0	0	1564	0	13854	850	4804	0	0	0	0	0	0	0	0	0	0	0	0	0	0	0	806	0	0	0	132	0	0	0	0	0	0	0	0	0	0	0	0	0	0	0	0	0	0	0	0	0	0	0	0	0	0	0	
155324	Parietal_Sup_R	0	678	0	142	0	0	0	0	0	0	0	0	0	0	0	0	0	0	0	398	0	0	0	0	0	0	0	0	0	254	0	0	114	744	0	104	0	0	0	0	0	0	90	844	280	3300	0	0	0	7508	0	8578	0	0	0	0	0	6802	142	0	0	14736	0	1462	0	5960	3528	14120	0	3104	0	0	0	0	0	0	0	0	0	0	0	0	0	0	0	4130	0	0	0	644	0	0	0	0	0	0	0	0	0	0	0	0	0	0	0	0	0	0	0	0	0	0	0	0	0	0	
231028	Parietal_Inf_L	4492	0	0	0	0	0	244	0	0	0	0	0	0	0	0	0	2322	0	0	128	0	0	0	0	0	0	0	0	2018	0	0	0	426	128	480	0	0	0	0	0	0	0	242	0	684	0	136	0	4582	0	13038	0	428	0	208	0	20274	0	11420	0	0	0	17414	0	14740	0	1100	0	3136	0	0	0	0	0	0	0	0	0	828	0	1522	0	0	0	12194	0	0	0	3330	0	0	0	0	0	0	0	0	0	0	0	0	0	0	0	0	0	0	0	0	0	0	0	0	0	0	0	
173176	Parietal_Inf_R	0	3262	0	778	0	0	0	364	0	0	0	662	0	0	0	0	0	0	0	894	0	0	0	0	0	0	0	0	0	390	0	0	0	898	0	138	0	120	0	0	0	0	0	1208	0	502	0	92	0	2488	0	9598	0	208	0	290	0	13168	0	14736	0	0	0	13628	0	10616	0	1620	0	1000	0	0	0	124	0	0	0	0	0	0	0	132	0	0	0	7840	0	0	0	1832	0	0	0	0	0	0	0	0	0	0	0	0	0	0	0	0	0	0	0	0	0	0	0	0	0	0	
198996	SupraMarginal_L	2066	0	162	0	0	0	174	0	0	0	88	0	0	0	0	0	8702	0	0	0	0	0	0	0	0	0	0	0	7984	0	0	0	212	0	240	0	0	0	0	0	0	0	172	0	122	0	96	0	0	0	2114	0	484	0	612	0	14570	0	0	0	17414	0	0	0	6434	0	114	0	634	0	0	0	0	0	0	0	0	0	5354	0	11762	0	0	0	16000	0	0	0	3988	0	0	0	0	0	0	0	0	0	0	0	0	0	0	0	0	0	0	0	0	0	0	0	0	0	0	0	
122088	SupraMarginal_R	0	3302	0	802	0	0	0	364	0	0	0	704	0	0	0	0	0	2498	0	592	0	0	0	0	0	0	0	0	0	738	0	0	0	496	0	0	0	296	0	194	0	0	0	506	0	224	0	0	0	318	0	1126	0	422	0	430	0	17190	0	1462	0	13628	0	0	0	3882	0	608	0	262	0	0	0	124	0	0	0	0	0	662	0	3516	0	0	0	3356	0	0	0	3342	0	0	0	0	0	0	0	0	0	0	0	0	0	0	0	0	0	0	0	0	0	0	0	0	0	0	
138412	Angular_L	1492	0	0	0	0	0	0	0	0	0	0	0	0	0	0	0	1018	0	0	86	0	0	0	0	0	0	0	0	844	0	0	0	214	0	202	0	0	0	0	0	0	0	98	0	168	0	142	0	760	0	18036	0	386	0	200	0	1414	0	1564	0	14740	0	6434	0	0	0	174	0	650	0	0	0	0	0	0	0	0	0	276	0	3724	0	0	0	14764	0	0	0	1820	0	0	0	0	0	0	0	0	0	0	0	0	0	0	0	0	0	0	0	0	0	0	0	0	0	0	0	
101676	Angular_R	0	130	0	0	0	0	0	0	0	0	0	0	0	0	0	0	0	0	0	132	0	0	0	0	0	0	0	0	0	0	0	0	0	262	0	0	0	0	0	0	0	0	0	746	0	326	0	0	0	3006	0	11090	0	280	0	374	0	1470	0	5960	0	10616	0	3882	0	0	0	388	0	220	0	0	0	0	0	0	0	0	0	0	0	2096	0	0	0	7594	0	0	0	2266	0	0	0	0	0	0	0	0	0	0	0	0	0	0	0	0	0	0	0	0	0	0	0	0	0	0	
368640	Precuneus_L	590	0	0	0	0	0	0	0	0	0	0	0	0	0	0	0	92	0	744	1012	0	0	0	0	0	0	0	0	100	0	0	0	4808	2750	8974	2728	2704	424	2600	218	0	0	19288	2180	23332	6370	9520	606	18626	1620	15888	356	5290	184	3774	392	2160	0	13854	3528	1100	0	114	0	174	0	0	16366	4302	534	0	0	0	0	0	0	0	0	146	0	0	0	0	0	3682	132	0	0	452	208	536	0	0	0	0	0	478	92	936	0	0	0	0	0	0	0	0	0	0	0	356	0	0	0	0	0	
537996	Precuneus_R	126	1274	0	542	0	0	0	314	0	0	0	0	0	0	0	0	0	238	856	7336	0	0	276	0	0	0	0	0	0	880	122	236	4738	23072	4550	15868	1446	5822	1090	3224	0	0	2654	28910	6360	33378	716	8316	2770	19698	1750	13354	586	4212	758	7458	0	5088	850	14120	0	1620	0	608	0	388	16366	0	2060	9348	0	0	0	0	0	0	326	252	0	0	0	880	0	0	98	6964	0	0	0	6876	0	0	0	0	0	0	0	0	0	94	0	0	0	0	0	0	0	0	0	0	130	0	0	0	0	0	
292520	Paracentral_Lobule_L	29320	3880	5346	3368	0	0	1054	270	0	0	0	88	0	0	0	210	486	0	11190	14188	0	0	0	0	0	0	0	0	652	102	0	0	4174	9954	2492	1268	684	202	90	146	0	0	724	236	1288	382	448	0	2306	276	6180	222	984	128	712	164	5554	316	4804	0	3136	0	634	0	650	0	4302	2060	0	4220	822	2554	0	336	0	0	1950	2548	420	0	356	0	0	0	6824	298	0	0	1028	234	0	0	0	0	0	0	0	0	0	0	0	0	0	0	0	0	0	0	0	0	0	0	0	0	0	0	
196436	Paracentral_Lobule_R	2320	4292	96	438	0	0	0	250	0	0	0	0	0	0	0	0	0	0	718	18288	0	0	0	0	0	0	0	0	0	320	0	0	148	17042	632	2714	0	934	0	150	0	0	0	1270	0	1890	0	0	0	3654	0	3126	0	2036	0	1240	0	10132	0	3104	0	1000	0	262	0	220	534	9348	4220	0	0	0	0	0	0	0	0	184	0	196	0	1024	0	0	0	3672	0	0	0	2764	0	0	0	0	0	0	0	0	0	0	0	0	0	0	0	0	0	0	0	0	0	0	0	0	0	0	
244492	Caudate_L	2752	136	6244	5666	1304	362	1140	2788	0	100	1680	498	1760	1694	820	2362	528	0	6432	5640	7276	7318	558	932	636	314	2412	1014	3870	1318	8722	4758	0	3432	0	0	828	104	0	0	274	0	0	0	0	0	0	0	0	0	0	0	0	0	198	90	148	0	0	0	0	0	0	0	0	0	0	0	822	0	0	6986	17486	1798	1990	342	6268	110	0	0	250	0	0	0	0	0	0	0	0	86	0	0	0	0	0	0	0	0	0	0	0	0	0	0	0	0	0	0	0	0	0	0	0	0	0	0	
302920	Caudate_R	4244	2258	3374	17870	152	4586	148	2984	0	272	0	130	0	520	0	10034	0	144	2284	14560	2386	5710	214	6744	124	3992	496	2264	162	1466	1724	9794	0	734	0	0	202	282	0	240	124	306	0	0	0	0	0	0	0	0	0	0	0	0	0	230	0	0	0	0	0	0	0	0	0	0	0	0	2554	0	6986	0	4854	18948	544	1702	188	14930	0	0	0	0	0	0	0	0	0	0	0	0	0	0	0	0	0	0	0	0	0	0	0	0	0	0	0	0	0	0	0	0	0	0	0	0	0	0	
289248	Putamen_L	2252	156	19382	1964	2606	254	3156	890	234	0	2200	264	4258	98	1630	852	526	0	17476	1566	3586	5294	970	98	418	264	1522	728	15530	194	6238	2496	0	388	0	0	7392	148	1016	0	440	0	0	0	0	0	0	0	0	0	0	0	0	0	1260	90	560	0	0	0	0	0	0	0	0	0	0	0	0	0	17486	4854	0	1324	6902	126	3576	0	120	0	1068	0	364	0	102	0	0	0	306	0	0	0	0	0	0	0	0	0	0	0	0	0	0	0	0	0	0	0	0	0	0	0	0	0	0	0	
417040	Putamen_R	2408	1330	2596	19810	0	4302	0	5280	0	420	0	5506	0	4106	0	8864	0	3110	1148	14914	230	1074	196	6440	0	2742	162	1188	90	25156	874	7756	0	1688	0	0	218	17716	0	12550	0	1916	0	0	0	0	0	0	0	0	0	0	0	1968	0	14634	0	700	0	0	0	124	0	124	0	0	0	0	336	0	1798	18948	1324	0	128	2528	112	732	0	164	0	1778	0	588	0	762	0	0	0	5594	0	228	0	0	0	0	0	1618	0	542	0	0	0	0	0	0	0	0	0	0	0	0	0	0	0	0	
41656	Pallidum_L	412	0	3824	210	0	0	396	194	0	0	0	0	0	0	0	122	0	0	4050	124	0	0	0	0	0	0	0	0	92	0	0	0	0	0	0	0	630	0	0	0	0	0	0	0	0	0	0	0	0	0	0	0	0	0	0	0	0	0	0	0	0	0	0	0	0	0	0	0	0	0	1990	544	6902	128	0	0	1210	0	0	0	0	0	0	0	0	0	0	0	0	0	0	0	0	0	0	0	0	0	0	0	0	0	0	0	0	0	0	0	0	0	0	0	0	0	0	0	
27020	Pallidum_R	652	0	650	764	0	0	0	764	0	0	0	0	0	0	0	0	0	108	0	716	0	0	0	0	0	0	0	0	0	0	0	0	0	0	0	0	0	1768	0	1736	0	0	0	0	0	0	0	0	0	0	0	0	0	0	0	1442	0	0	0	0	0	0	0	0	0	0	0	0	0	0	342	1702	126	2528	0	0	0	0	0	0	0	0	0	0	0	0	0	0	0	86	0	0	0	0	0	0	0	126	0	0	0	0	0	0	0	0	0	0	0	0	0	0	0	0	0	0	
142868	Thalamus_L	5700	0	7724	1526	0	0	2412	88	0	0	1854	132	0	0	0	0	468	0	5712	1198	0	0	0	0	0	0	0	0	4712	0	0	0	0	96	480	1164	6148	1190	3724	964	0	0	0	0	0	0	1222	152	0	0	132	0	108	0	978	404	902	0	0	0	0	0	0	0	0	0	0	326	1950	0	6268	188	3576	112	1210	0	0	6388	628	0	442	0	0	0	300	0	0	0	596	0	120	0	0	0	0	0	0	0	140	0	0	0	0	0	0	0	0	0	0	0	0	0	0	0	0	0	
175688	Thalamus_R	2714	3316	1040	19184	0	0	452	1882	0	0	128	0	0	0	0	198	0	0	690	12786	0	0	0	130	0	0	0	0	448	0	0	0	0	146	1730	2146	3692	4414	2366	3012	0	162	0	0	0	0	168	252	0	0	0	0	0	0	202	1128	0	0	0	0	0	0	0	0	0	0	0	252	2548	184	110	14930	0	732	0	0	6388	0	134	0	0	0	0	0	92	0	0	0	88	0	0	0	0	0	0	0	0	0	0	0	0	0	0	0	0	0	0	0	0	0	0	0	0	0	0	0	
159048	Heschl_L	4386	0	2454	296	0	0	858	0	0	0	1270	0	0	0	0	0	11158	0	1734	304	0	0	0	0	0	0	0	0	13664	0	98	0	0	120	0	168	1746	0	0	0	0	0	378	0	92	0	164	0	124	0	2928	0	1062	0	1386	0	4550	0	0	0	828	0	5354	0	276	0	146	0	420	0	0	0	120	0	0	0	628	134	0	0	7772	0	0	0	10076	0	0	0	4830	0	0	0	0	0	0	0	0	0	0	0	0	0	0	0	0	0	0	0	0	0	0	0	0	0	0	0	
25440	Heschl_R	94	626	0	528	0	0	0	282	0	0	0	142	0	0	0	0	0	2310	0	404	0	0	0	0	0	0	0	0	0	1230	0	0	0	132	0	0	0	166	0	126	0	0	0	0	0	0	0	0	0	0	0	0	0	276	0	326	0	538	0	0	0	0	0	662	0	0	0	0	0	196	0	0	0	164	0	0	0	0	0	0	0	3210	0	142	0	606	0	0	0	560	0	0	0	0	0	0	0	0	0	0	0	0	0	0	0	0	0	0	0	0	0	0	0	0	0	0	
321900	Temporal_Sup_L	4820	0	7148	328	0	0	904	92	0	0	5994	0	976	0	124	0	18516	0	5204	342	0	0	0	0	0	0	0	0	22034	0	408	0	0	104	160	0	2192	0	248	0	0	0	90	0	0	0	0	0	0	0	808	0	564	0	4172	0	9318	0	0	0	1522	0	11762	0	3724	0	0	0	356	0	250	0	1068	0	0	0	442	0	7772	0	0	0	5424	0	29740	0	0	0	14180	0	0	0	0	0	0	0	164	0	0	0	0	0	0	0	0	0	0	0	0	0	0	0	0	0	0	0	
137752	Temporal_Sup_R	234	2112	230	3500	0	0	0	1118	0	0	0	1816	0	520	0	0	0	5444	0	2870	0	0	0	0	0	0	0	0	0	7482	0	0	0	1502	0	0	0	1000	0	430	0	0	0	336	0	108	0	0	0	0	0	136	0	690	0	1800	0	1252	0	0	0	132	0	3516	0	2096	0	880	0	1024	0	0	0	1778	0	0	0	0	0	3210	0	0	0	4976	0	14098	0	268	0	4318	0	0	0	0	0	0	0	0	0	0	0	0	0	0	0	0	0	0	0	0	0	0	0	0	0	0	
96812	Temporal_Pole_Sup_L	0	0	504	0	190	0	302	0	0	0	3186	0	2384	0	580	0	1532	0	164	0	162	0	0	0	0	0	0	0	4832	0	424	0	0	0	0	0	836	0	478	0	338	0	0	0	0	0	0	0	0	0	0	0	0	0	3680	0	0	0	0	0	0	0	0	0	0	0	0	0	0	0	0	0	364	0	0	0	0	0	0	0	5424	0	0	0	9956	0	4536	0	8534	0	0	0	0	0	0	0	0	0	0	0	0	0	0	0	0	0	0	0	0	0	0	0	0	0	0	0	
69168	Temporal_Pole_Sup_R	96	134	96	456	0	0	0	0	0	0	0	470	0	0	0	174	0	1264	0	428	0	0	0	0	0	0	0	0	0	2202	0	0	0	0	0	0	0	686	0	2714	0	2382	0	0	0	0	0	0	0	0	0	0	0	0	0	6272	0	154	0	0	0	0	0	0	0	0	0	0	0	0	0	0	0	588	0	0	0	0	0	142	0	4976	0	0	0	3162	0	4554	0	3500	0	0	0	0	0	0	0	134	0	0	0	0	0	0	0	0	0	0	0	0	0	0	0	0	0	0	
535724	Temporal_Mid_L	11964	0	670	108	0	0	500	0	0	0	780	0	170	0	0	0	11766	0	486	212	0	0	0	0	0	0	0	0	13538	0	0	0	2510	134	1556	250	876	0	0	0	0	0	4046	0	2974	0	1678	0	2748	0	38528	0	11060	0	4344	0	7908	0	806	0	12194	0	16000	0	14764	0	3682	98	6824	0	0	0	102	0	0	0	300	92	10076	0	29740	0	9956	0	0	0	4896	0	38912	0	94	0	0	0	0	0	166	0	216	0	0	0	0	0	0	0	0	0	0	0	138	0	0	0	0	0	
317980	Temporal_Mid_R	0	2068	0	1740	0	0	0	1040	0	0	0	168	0	0	0	0	0	230	0	3082	0	0	0	0	0	0	0	0	0	4088	0	0	492	4822	0	1246	0	3344	0	1826	0	0	0	4130	0	2892	0	1614	0	6316	0	18680	0	4256	0	7514	0	2284	0	4130	0	7840	0	3356	0	7594	132	6964	298	3672	0	0	0	762	0	0	0	0	0	606	0	14098	0	3162	0	0	0	2112	0	32432	0	0	0	0	0	0	0	0	0	0	0	0	0	0	0	0	0	0	0	0	0	0	0	0	0	0	
31672	Temporal_Pole_Mid_L	0	0	0	0	0	0	0	0	0	0	0	0	0	0	0	0	0	0	0	0	0	0	0	0	0	0	0	0	0	0	0	0	0	0	0	0	0	0	96	0	0	0	0	0	0	0	0	0	0	0	0	0	0	0	1580	0	0	0	0	0	0	0	0	0	0	0	0	0	0	0	0	0	0	0	0	0	0	0	0	0	0	0	4536	0	4896	0	0	0	4728	0	0	0	0	0	0	0	0	0	0	0	0	0	0	0	0	0	0	0	0	0	0	0	0	0	0	0	
29564	Temporal_Pole_Mid_R	0	0	0	0	0	0	0	0	0	0	0	0	0	0	0	0	0	0	0	0	0	0	0	0	0	0	0	0	0	0	0	0	0	0	0	0	0	0	0	574	0	0	0	0	0	0	0	0	0	0	0	0	0	0	0	3790	0	0	0	0	0	0	0	0	0	0	0	0	0	0	0	0	0	0	0	0	0	0	0	0	0	268	0	4554	0	2112	0	0	0	3484	0	0	0	0	0	0	0	0	0	0	0	0	0	0	0	0	0	0	0	0	0	0	0	0	0	0	
309568	Temporal_Inf_L	2102	0	804	118	0	0	138	0	0	0	772	0	0	0	0	0	4886	0	770	136	0	0	0	0	0	0	0	0	8264	0	0	0	120	0	356	0	6006	0	532	0	1102	0	608	0	266	0	566	0	316	0	4054	0	6750	0	21474	0	2674	0	132	0	3330	0	3988	0	1820	0	452	0	1028	0	0	0	306	0	0	0	596	88	4830	0	14180	0	8534	0	38912	0	4728	0	0	0	4800	0	430	0	0	0	564	0	2218	0	314	0	720	0	0	0	0	0	0	0	0	0	0	0	0	0	
462800	Temporal_Inf_R	310	6734	354	6104	0	0	0	3518	0	0	0	960	0	94	0	0	0	1230	210	4734	0	0	0	0	0	0	0	0	0	9836	0	0	330	4050	324	3350	0	21484	0	12792	0	0	0	2868	0	2998	0	1742	0	4418	0	5752	0	23912	0	39764	0	1804	0	644	0	1832	0	3342	0	2266	208	6876	234	2764	86	0	0	5594	0	86	0	0	0	560	0	4318	0	3500	0	32432	0	3484	0	0	0	2186	0	0	0	0	0	164	0	490	0	250	0	412	0	0	0	0	0	0	0	0	0	0	0	0	
484912	Cerebelum_Crus1_L	0	0	0	0	0	0	0	0	0	0	0	0	0	0	0	0	0	0	0	0	0	0	0	0	0	0	0	0	0	0	0	0	0	0	0	0	582	0	916	0	0	0	534	0	0	0	10694	1216	0	0	674	0	2770	0	26698	1010	0	0	0	0	0	0	0	0	0	0	536	0	0	0	0	0	0	0	0	0	120	0	0	0	0	0	0	0	94	0	0	0	4800	0	0	4288	39398	2694	844	120	16360	1620	52562	4616	18090	384	24158	348	3272	520	134	0	220	438	4582	7830	7652	712	636	334	
432328	Cerebelum_Crus1_R	0	0	0	0	0	0	0	0	0	0	0	0	0	0	0	0	0	0	0	0	0	0	0	0	0	0	0	0	0	106	0	0	0	0	0	0	0	1462	0	2164	0	0	0	206	0	0	422	3508	0	0	0	0	0	324	324	19788	0	0	0	0	0	0	0	0	0	0	0	0	0	0	0	0	0	228	0	0	0	0	0	0	0	0	0	0	0	0	0	0	0	2186	4288	0	2642	30450	0	1526	860	12604	5088	46008	1492	9508	1226	28076	904	11814	0	0	0	164	2004	10618	13156	1910	1108	0	
375548	Cerebelum_Crus2_L	0	0	0	0	0	0	0	0	0	0	0	0	0	0	0	0	0	0	0	0	0	0	0	0	0	0	0	0	0	0	0	0	0	0	0	0	0	0	0	0	0	0	0	0	0	0	2530	678	0	0	418	0	1006	0	2594	630	0	0	0	0	0	0	0	0	0	0	0	0	0	0	0	0	0	0	0	0	0	0	0	0	0	0	0	0	0	0	0	0	430	0	39398	2642	0	8230	228	0	3022	608	12058	2504	37272	5298	36254	1902	5242	616	728	0	0	0	1646	5196	12620	2782	922	320	
297976	Cerebelum_Crus2_R	0	0	0	0	0	0	0	0	0	0	0	0	0	0	0	0	0	0	0	0	0	0	0	0	0	0	0	0	0	0	0	0	0	0	0	0	0	106	0	104	0	0	0	0	0	0	162	278	0	0	0	0	0	0	120	768	0	0	0	0	0	0	0	0	0	0	0	0	0	0	0	0	0	0	0	0	0	0	0	0	0	0	0	0	0	0	0	0	0	0	2694	30450	8230	0	0	142	236	1114	2248	6984	4188	26418	2470	29662	196	8674	0	0	0	0	704	3274	16264	2844	658	0	
32456	Cerebelum_3_L	0	0	0	0	0	0	0	0	0	0	0	0	0	0	0	0	0	0	0	0	0	0	0	0	0	0	0	0	0	0	0	0	0	0	0	0	0	138	176	0	0	0	0	0	0	0	478	328	0	0	0	0	0	102	286	284	0	0	0	0	0	0	0	0	0	0	0	0	0	0	0	0	0	0	0	0	0	0	0	0	0	0	0	0	0	0	0	0	0	0	844	0	228	0	0	0	5280	0	2234	374	104	0	244	0	930	0	0	0	1056	1328	1024	790	0	0	0	0	
43012	Cerebelum_3_R	0	0	0	0	0	0	0	0	0	0	0	0	0	0	0	0	0	0	0	0	0	0	0	0	0	0	0	0	0	0	0	0	0	0	0	0	0	206	0	94	0	0	0	0	0	0	234	90	0	0	0	0	0	0	0	894	0	0	0	0	0	0	0	0	0	0	0	0	0	0	0	0	0	0	0	0	0	0	0	0	0	0	0	0	0	0	0	0	0	0	120	1526	0	142	0	0	474	5100	142	4984	0	0	0	128	0	1280	0	116	332	1780	1338	1038	184	526	778	0	
345340	Cerebelum_4_5_L	0	0	0	0	0	0	0	0	0	0	0	0	0	0	0	0	0	0	0	0	0	0	0	0	0	0	0	0	168	0	0	0	0	0	0	0	554	254	876	120	0	0	1808	0	146	0	15462	4432	154	0	2756	0	3804	232	18624	1152	0	0	0	0	0	0	0	0	0	0	478	0	0	0	0	0	0	0	0	0	0	0	0	0	164	0	0	0	166	0	0	0	564	0	16360	860	3022	236	5280	474	0	5510	36478	4230	2344	0	3782	254	5456	1266	634	0	1076	1984	20422	6740	662	968	1680	1038	
273052	Cerebelum_4_5_R	0	0	0	0	0	0	0	0	0	0	0	0	0	0	0	0	0	0	0	268	0	0	0	0	0	0	0	0	0	376	0	0	0	0	0	0	0	4568	0	6136	0	604	430	0	0	0	3286	6228	0	0	678	0	1096	1100	2782	17538	0	0	0	0	0	0	0	0	0	0	92	0	0	0	0	0	0	1618	0	126	0	0	0	0	0	0	0	134	0	0	0	0	0	164	1620	12604	608	1114	0	5100	5510	0	5186	29594	374	0	410	374	570	2300	0	236	96	890	12350	5432	1704	1312	1708	210	
576548	Cerebelum_6_L	0	0	0	0	0	0	0	0	0	0	0	0	0	0	0	0	0	0	0	0	0	0	0	0	0	0	0	0	0	0	0	0	0	0	0	0	900	0	1494	0	0	0	1576	144	232	0	24780	6932	240	0	5358	0	9904	496	42086	3440	0	0	0	0	0	0	0	0	0	0	936	0	0	0	0	0	0	0	0	0	140	0	0	0	0	0	0	0	216	0	0	0	2218	0	52562	5088	12058	2248	2234	142	36478	5186	0	9150	5678	0	8144	268	6002	548	458	0	282	578	14064	17028	7370	524	700	392	
479180	Cerebelum_6_R	0	0	0	0	0	0	0	0	0	0	0	0	0	0	0	0	0	0	0	166	0	0	0	0	0	0	0	0	0	224	0	0	0	0	0	0	0	2808	0	3916	0	0	416	940	0	226	2442	11900	0	262	154	0	528	2064	1536	32128	0	0	0	0	0	0	0	0	0	0	0	94	0	0	0	0	0	542	0	0	0	0	0	0	0	0	0	0	0	0	0	0	0	490	4616	46008	2504	6984	374	4984	4230	29594	9150	0	1254	1770	1020	6146	2466	5324	156	152	274	1262	10898	20904	11418	3140	3474	652	
279036	Cerebelum_7b_L	0	0	0	0	0	0	0	0	0	0	0	0	0	0	0	0	0	0	0	0	0	0	0	0	0	0	0	0	0	0	0	0	0	0	0	0	0	0	108	0	0	0	0	0	0	0	508	190	0	0	0	0	118	0	1260	284	0	0	0	0	0	0	0	0	0	0	0	0	0	0	0	0	0	0	0	0	0	0	0	0	0	0	0	0	0	0	0	0	314	0	18090	1492	37272	4188	104	0	2344	374	5678	1254	0	3030	35488	3080	4546	694	612	0	0	0	1248	2768	8028	5190	964	292	
167920	Cerebelum_7b_R	0	0	0	0	0	0	0	0	0	0	0	0	0	0	0	0	0	0	0	0	0	0	0	0	0	0	0	0	0	0	0	0	0	0	0	0	0	0	0	0	0	0	0	0	0	0	0	0	0	0	0	0	0	0	0	276	0	0	0	0	0	0	0	0	0	0	0	0	0	0	0	0	0	0	0	0	0	0	0	0	0	0	0	0	0	0	0	0	0	250	384	9508	5298	26418	0	0	0	0	0	1770	3030	0	1708	23546	0	2678	0	0	0	0	0	176	6558	2360	0	0	
326716	Cerebelum_8_L	0	0	0	0	0	0	0	0	0	0	0	0	0	0	0	0	0	0	0	0	0	0	0	0	0	0	0	0	0	0	0	0	0	0	0	0	0	0	0	0	0	0	0	0	0	0	842	202	0	0	0	0	190	0	1898	210	0	0	0	0	0	0	0	0	0	0	0	0	0	0	0	0	0	0	0	0	0	0	0	0	0	0	0	0	0	0	0	0	720	0	24158	1226	36254	2470	244	0	3782	410	8144	1020	35488	1708	0	3954	17184	1404	2272	0	0	114	1800	2466	5992	6824	2068	314	
269908	Cerebelum_8_R	0	0	0	0	0	0	0	0	0	0	0	0	0	0	0	0	0	0	0	0	0	0	0	0	0	0	0	0	0	0	0	0	0	0	0	0	0	160	0	120	0	0	0	0	0	0	0	274	0	0	0	0	0	0	0	1388	0	0	0	0	0	0	0	0	0	0	0	0	0	0	0	0	0	0	0	0	0	0	0	0	0	0	0	0	0	0	0	0	0	412	348	28076	1902	29662	0	128	254	374	268	6146	3080	23546	3954	0	390	20890	0	438	0	0	368	1236	5032	5314	1194	0	
132700	Cerebelum_9_L	0	0	0	0	0	0	0	0	0	0	0	0	0	0	0	0	0	0	0	0	0	0	0	0	0	0	0	0	0	0	0	0	0	0	0	0	0	0	0	0	0	0	0	0	0	0	260	1150	0	0	0	0	0	338	766	1288	0	0	0	0	0	0	0	0	0	0	0	0	0	0	0	0	0	0	0	0	0	0	0	0	0	0	0	0	0	0	0	0	0	0	3272	904	5242	196	930	0	5456	570	6002	2466	4546	0	17184	390	0	850	3778	0	0	0	2510	4212	726	1456	1716	142	
161296	Cerebelum_9_R	0	0	0	0	0	0	0	0	0	0	0	0	0	0	0	0	0	0	0	0	0	0	0	0	0	0	0	0	0	0	0	0	0	0	0	0	0	302	0	466	0	0	114	0	0	0	288	136	0	0	0	0	0	0	0	1170	0	0	0	0	0	0	0	0	0	0	0	0	0	0	0	0	0	0	0	0	0	0	0	0	0	0	0	0	0	0	0	0	0	0	520	11814	616	8674	0	1280	1266	2300	548	5324	694	2678	1404	20890	850	0	0	978	172	212	2770	4720	1098	3562	4640	1162	
18460	Cerebelum_10_L	0	0	0	0	0	0	0	0	0	0	0	0	0	0	0	0	0	0	0	0	0	0	0	0	0	0	0	0	0	0	0	0	0	0	0	0	0	0	0	0	0	0	0	0	0	0	0	0	0	0	0	0	0	0	108	98	0	0	0	0	0	0	0	0	0	0	0	0	0	0	0	0	0	0	0	0	0	0	0	0	0	0	0	0	0	0	0	0	0	0	134	0	728	0	0	0	634	0	458	156	612	0	2272	0	3778	0	0	0	0	0	0	252	0	0	0	0	
4020	Cerebelum_10_R	0	0	0	0	0	0	0	0	0	0	0	0	0	0	0	0	0	0	0	0	0	0	0	0	0	0	0	0	0	0	0	0	0	0	0	0	0	0	0	0	0	0	0	0	0	0	0	0	0	0	0	0	0	0	0	0	0	0	0	0	0	0	0	0	0	0	0	0	0	0	0	0	0	0	0	0	0	0	0	0	0	0	0	0	0	0	0	0	0	0	0	0	0	0	0	116	0	236	0	152	0	0	0	438	0	978	0	0	0	0	0	90	0	0	0	0	
19124	Vermis_1_2	0	0	0	0	0	0	0	0	0	0	0	0	0	0	0	0	0	0	0	0	0	0	0	0	0	0	0	0	0	0	0	0	0	0	0	0	0	0	0	0	0	0	0	0	0	0	132	0	0	0	0	0	0	0	0	0	0	0	0	0	0	0	0	0	0	0	0	0	0	0	0	0	0	0	0	0	0	0	0	0	0	0	0	0	0	0	0	0	0	0	220	0	0	0	1056	332	1076	96	282	274	0	0	0	0	0	172	0	0	0	3856	1370	318	0	86	184	108	
