data	data	540984	372952	1.01989e+06	1.08332e+06	183336	196912	583172	466740	85144	32812	345220	341212	372620	213440	224956	103400	221472	209744	717716	888552	81264	91212	445480	560388	45024	114004	69364	125744	495152	437792	375780	685312	290600	629808	97020	151572	251884	306248	106560	193468	42016	75880	175936	313400	116652	307552	247604	309416	166912	408316	416984	311060	104404	102816	315244	448992	365196	274872	210456	175820	295276	117360	152544	99516	234840	152344	246384	409812	174128	240860	316264	547608	415080	352768	84432	52064	94652	176452	111284	29832	249860	149012	111132	70900	418964	187416	26236	14576	319104	201176	399836	366160	330816	267588	23016	32228	274804	229208	350164	340432	212036	91180	344648	203296	96728	84400	15000	6360	18744	19320	198456	221184	170900	135200	66792	36168	
data	data	Precentral_L	Precentral_R	Frontal_Sup_L	Frontal_Sup_R	Frontal_Sup_Orb_L	Frontal_Sup_Orb_R	Frontal_Mid_L	Frontal_Mid_R	Frontal_Mid_Orb_L	Frontal_Mid_Orb_R	Frontal_Inf_Oper_L	Frontal_Inf_Oper_R	Frontal_Inf_Tri_L	Frontal_Inf_Tri_R	Frontal_Inf_Orb_L	Frontal_Inf_Orb_R	Rolandic_Oper_L	Rolandic_Oper_R	Supp_Motor_Area_L	Supp_Motor_Area_R	Olfactory_L	Olfactory_R	Frontal_Sup_Medial_L	Frontal_Sup_Medial_R	Frontal_Med_Orb_L	Frontal_Med_Orb_R	Rectus_L	Rectus_R	Insula_L	Insula_R	Cingulum_Ant_L	Cingulum_Ant_R	Cingulum_Mid_L	Cingulum_Mid_R	Cingulum_Post_L	Cingulum_Post_R	Hippocampus_L	Hippocampus_R	ParaHippocampal_L	ParaHippocampal_R	Amygdala_L	Amygdala_R	Calcarine_L	Calcarine_R	Cuneus_L	Cuneus_R	Lingual_L	Lingual_R	Occipital_Sup_L	Occipital_Sup_R	Occipital_Mid_L	Occipital_Mid_R	Occipital_Inf_L	Occipital_Inf_R	Fusiform_L	Fusiform_R	Postcentral_L	Postcentral_R	Parietal_Sup_L	Parietal_Sup_R	Parietal_Inf_L	Parietal_Inf_R	SupraMarginal_L	SupraMarginal_R	Angular_L	Angular_R	Precuneus_L	Precuneus_R	Paracentral_Lobule_L	Paracentral_Lobule_R	Caudate_L	Caudate_R	Putamen_L	Putamen_R	Pallidum_L	Pallidum_R	Thalamus_L	Thalamus_R	Heschl_L	Heschl_R	Temporal_Sup_L	Temporal_Sup_R	Temporal_Pole_Sup_L	Temporal_Pole_Sup_R	Temporal_Mid_L	Temporal_Mid_R	Temporal_Pole_Mid_L	Temporal_Pole_Mid_R	Temporal_Inf_L	Temporal_Inf_R	Cerebelum_Crus1_L	Cerebelum_Crus1_R	Cerebelum_Crus2_L	Cerebelum_Crus2_R	Cerebelum_3_L	Cerebelum_3_R	Cerebelum_4_5_L	Cerebelum_4_5_R	Cerebelum_6_L	Cerebelum_6_R	Cerebelum_7b_L	Cerebelum_7b_R	Cerebelum_8_L	Cerebelum_8_R	Cerebelum_9_L	Cerebelum_9_R	Cerebelum_10_L	Cerebelum_10_R	Vermis_1_2	Vermis_3	Vermis_4_5	Vermis_6	Vermis_7	Vermis_8	Vermis_9	Vermis_10	
540984	Precentral_L	0	3934	18356	3976	204	0	30144	1618	0	0	25868	930	10302	100	118	0	14074	876	8516	6508	0	0	306	110	0	0	0	0	13406	850	1606	498	274	1904	642	180	10152	202	468	0	0	0	0	0	0	0	0	0	218	0	1026	0	496	0	620	0	41080	100	226	0	8872	0	4264	0	1406	0	172	0	8232	1802	4372	1128	11902	302	2680	0	9836	1028	5578	0	3952	0	142	0	2728	0	0	0	2208	0	0	0	0	0	0	0	0	0	0	0	0	0	0	0	0	0	0	0	0	0	0	0	0	0	0	0	
372952	Precentral_R	3934	0	392	9188	0	0	0	17332	0	0	0	5664	0	1100	0	0	0	1464	3684	9148	0	0	0	0	0	0	0	0	0	4404	0	262	444	7726	1050	1700	870	10900	508	1026	0	0	0	460	0	458	0	176	0	1338	0	1264	0	398	166	1884	92	20032	0	1692	0	2472	0	2884	0	2460	0	2132	7332	9396	850	18452	358	3880	900	458	932	20354	0	486	0	1494	0	0	0	1478	0	0	90	1312	0	0	0	0	0	0	0	0	0	0	0	0	0	0	0	0	0	0	0	0	0	0	0	0	0	0	
1.01989e+06	Frontal_Sup_L	18356	392	0	16996	14580	0	72824	3660	3636	0	15176	2042	24346	228	12664	0	6046	1926	83440	23860	358	0	44324	11894	3020	0	1322	0	21838	1582	19416	13330	10418	14094	0	0	824	0	0	0	0	0	0	0	0	0	0	0	0	0	0	0	0	0	458	0	1334	0	0	0	0	0	0	0	0	0	0	0	3366	0	21434	710	25148	388	5132	0	1840	890	572	0	3122	0	976	0	974	0	0	0	1008	0	0	0	0	0	0	0	0	0	0	0	0	0	0	0	0	0	0	0	0	0	0	0	0	0	0	0	
1.08332e+06	Frontal_Sup_R	3976	9188	16996	0	182	13994	3272	59494	0	2164	370	23326	274	14542	282	6444	96	12476	23120	86762	0	2150	12928	51438	174	4152	0	4384	242	19478	4718	47734	4572	28916	0	0	0	2582	0	410	0	334	0	0	0	0	0	0	0	148	0	140	0	200	0	1310	0	638	0	210	0	316	0	100	0	166	0	174	1164	0	7666	43576	426	14790	338	2444	320	4866	0	176	0	398	0	368	0	0	0	0	0	556	0	0	0	0	0	0	0	0	0	0	0	0	0	0	0	0	0	0	0	0	0	0	0	0	0	0	
183336	Frontal_Sup_Orb_L	204	0	14580	182	0	0	6360	0	12600	0	350	0	4436	0	14754	0	108	0	516	0	3274	0	7064	984	3276	108	6272	0	6400	0	4458	382	0	246	0	0	0	0	0	0	248	0	0	0	0	0	0	0	0	0	0	0	0	0	0	0	0	0	0	0	0	0	0	0	0	0	0	0	0	0	0	0	4150	0	0	0	0	0	0	0	0	0	716	0	0	0	0	0	0	0	0	0	0	0	0	0	0	0	0	0	0	0	0	0	0	0	0	0	0	0	0	0	0	0	0	0	
196912	Frontal_Sup_Orb_R	0	0	0	13994	0	0	0	3756	0	5692	0	1124	0	1378	0	5960	0	0	248	1606	0	3800	868	11004	324	10704	0	11472	0	3124	376	7720	0	0	0	0	0	384	0	0	0	482	0	0	0	0	0	0	0	0	0	0	0	0	0	192	0	0	0	0	0	0	0	0	0	0	0	0	0	0	0	6682	0	6558	0	856	0	152	0	0	0	0	0	0	0	0	0	0	0	0	0	0	0	0	0	0	0	0	0	0	0	0	0	0	0	0	0	0	0	0	0	0	0	0	0	0	
583172	Frontal_Mid_L	30144	0	72824	3272	6360	0	0	620	5068	0	26666	966	48036	0	11968	0	1368	936	7628	2070	246	0	22140	5492	188	0	836	0	11828	826	7950	3456	4446	4564	0	0	614	0	0	0	0	0	0	0	0	0	0	0	0	0	0	0	0	0	0	0	2426	0	0	0	0	0	232	0	0	0	0	0	0	0	2196	92	3818	0	212	0	1388	0	294	0	200	0	216	0	0	0	0	0	0	0	0	0	0	0	0	0	0	0	0	0	0	0	0	0	0	0	0	0	0	0	0	0	0	0	0	0	
466740	Frontal_Mid_R	1618	17332	3660	59494	0	3756	620	0	0	3368	0	14112	0	21630	0	5826	0	2390	4216	20550	0	0	1500	10916	0	0	0	114	0	8992	466	10142	810	7250	0	0	0	2672	0	544	0	0	0	0	0	0	0	0	0	204	0	110	0	256	0	1022	0	334	0	102	0	150	0	0	0	138	0	94	204	0	5502	11908	326	6214	186	1320	0	2112	0	0	0	270	0	184	0	164	0	0	0	592	0	0	0	0	0	0	0	0	0	0	0	0	0	0	0	0	0	0	0	0	0	0	0	0	0	0	
85144	Frontal_Mid_Orb_L	0	0	3636	0	12600	0	5068	0	0	0	0	0	3890	0	11144	0	0	0	0	0	686	0	494	180	172	0	2114	0	352	0	928	0	268	190	0	0	0	0	0	0	0	0	0	0	0	0	0	0	0	0	0	0	0	0	0	0	0	0	0	0	0	0	0	0	0	0	0	0	0	0	0	0	648	0	0	0	0	0	0	0	0	0	202	0	0	0	0	0	0	0	0	0	0	0	0	0	0	0	0	0	0	0	0	0	0	0	0	0	0	0	0	0	0	0	0	0	
32812	Frontal_Mid_Orb_R	0	0	0	2164	0	5692	0	3368	0	0	0	122	0	446	0	3352	0	0	0	242	0	0	0	260	0	0	0	0	0	298	0	226	0	0	0	0	0	0	0	0	0	0	0	0	0	0	0	0	0	0	0	0	0	0	0	0	0	0	0	0	0	0	0	0	0	0	0	0	0	0	0	236	0	0	0	0	0	0	0	0	0	0	0	0	0	0	0	0	0	0	0	0	0	0	0	0	0	0	0	0	0	0	0	0	0	0	0	0	0	0	0	0	0	0	0	0	
345220	Frontal_Inf_Oper_L	25868	0	15176	370	350	0	26666	0	0	0	0	240	34076	0	1066	0	13728	232	7780	366	0	0	2010	634	0	0	0	0	17934	188	5408	364	128	198	0	0	706	0	0	0	0	0	0	0	0	0	0	0	0	0	0	0	0	0	0	0	4112	0	0	0	0	0	0	0	0	0	0	0	0	0	1160	0	6222	0	816	0	0	0	2490	0	3204	0	746	0	266	0	0	0	106	0	0	0	0	0	0	0	0	0	0	0	0	0	0	0	0	0	0	0	0	0	0	0	0	0	0	0	
341212	Frontal_Inf_Oper_R	930	5664	2042	23326	0	1124	966	14112	0	122	240	0	102	16316	0	852	0	16766	1680	16272	0	136	948	4536	0	0	0	166	110	19746	738	10362	246	4704	0	0	0	1240	0	712	0	0	0	0	0	0	0	0	0	0	0	0	0	0	0	992	0	1536	0	0	0	192	0	228	0	0	0	0	0	0	2724	11656	116	6092	0	790	136	104	0	252	0	826	0	684	0	0	0	0	0	120	0	0	0	0	0	0	0	0	0	0	0	0	0	0	0	0	0	0	0	0	0	0	0	0	0	0	
372620	Frontal_Inf_Tri_L	10302	0	24346	274	4436	0	48036	0	3890	0	34076	102	0	0	16342	0	1114	102	5768	234	190	0	2932	720	0	0	208	0	22116	88	4110	394	700	322	0	0	130	0	0	0	0	0	0	0	0	0	0	0	0	0	0	0	0	0	0	0	844	0	0	0	0	0	0	0	0	0	0	0	0	0	194	0	3188	0	0	0	0	0	0	0	278	0	874	0	0	0	0	0	0	0	0	0	0	0	0	0	0	0	0	0	0	0	0	0	0	0	0	0	0	0	0	0	0	0	0	0	
213440	Frontal_Inf_Tri_R	100	1100	228	14542	0	1378	0	21630	0	446	0	16316	0	0	0	5222	0	1004	270	5604	0	168	0	4076	0	0	0	192	0	10620	0	6558	0	816	0	0	0	194	0	0	0	0	0	0	0	0	0	0	0	0	0	0	0	0	0	134	0	362	0	0	0	238	0	242	0	0	0	0	0	0	1712	10986	0	2352	0	0	0	230	0	0	0	0	0	0	0	0	0	0	0	0	0	0	0	0	0	0	0	0	0	0	0	0	0	0	0	0	0	0	0	0	0	0	0	0	0	0	
224956	Frontal_Inf_Orb_L	118	0	12664	282	14754	0	11968	0	11144	0	1066	0	16342	0	0	0	156	0	998	0	3668	0	3484	1094	0	0	2424	0	16454	0	3010	660	1704	1278	0	0	612	0	230	0	556	0	0	0	0	0	0	0	0	0	0	0	0	0	240	0	0	0	0	0	0	0	0	0	0	0	0	0	0	0	0	0	5518	0	0	0	0	0	0	0	0	0	2054	0	0	0	0	0	0	0	0	0	0	0	0	0	0	0	0	0	0	0	0	0	0	0	0	0	0	0	0	0	0	0	0	0	
103400	Frontal_Inf_Orb_R	0	0	0	6444	0	5960	0	5826	0	3352	0	852	0	5222	0	0	0	104	92	1364	0	1534	0	2164	0	1504	0	1910	0	7694	0	1584	0	0	0	0	0	0	0	0	0	396	0	0	0	0	0	0	0	0	0	0	0	0	0	0	0	0	0	0	0	0	0	0	0	0	0	0	0	0	0	1388	0	2362	0	128	0	0	0	0	0	768	0	916	0	136	0	0	0	0	0	0	0	0	0	0	0	0	0	0	0	0	0	0	0	0	0	0	0	0	0	0	0	0	0	0	
221472	Rolandic_Oper_L	14074	0	6046	96	108	0	1368	0	0	0	13728	0	1114	0	156	0	0	0	4464	156	0	0	0	0	0	0	0	0	18964	0	814	0	0	0	0	0	590	0	0	0	0	0	0	0	0	0	0	0	0	0	1226	0	310	0	486	0	9588	0	98	0	688	0	3802	0	856	0	0	0	0	0	1092	0	6376	0	1074	0	0	0	4654	0	12440	0	1574	0	3926	0	0	0	868	0	0	0	0	0	0	0	0	0	0	0	0	0	0	0	0	0	0	0	0	0	0	0	0	0	0	0	
209744	Rolandic_Oper_R	876	1464	1926	12476	0	0	936	2390	0	0	232	16766	102	1004	0	104	0	0	1472	11724	0	0	936	1806	0	0	0	0	102	18696	722	4884	246	4190	0	0	0	980	0	304	0	0	0	0	0	0	0	0	0	0	0	0	0	0	0	636	0	2044	0	0	0	0	0	2196	0	290	0	0	0	0	1158	1554	108	3160	0	0	0	732	0	2022	0	4912	0	1116	0	382	0	0	0	224	0	0	0	0	0	0	0	0	0	0	0	0	0	0	0	0	0	0	0	0	0	0	0	0	0	0	
717716	Supp_Motor_Area_L	8516	3684	83440	23120	516	248	7628	4216	0	0	7780	1680	5768	270	998	92	4464	1472	0	48800	0	0	7020	6934	0	0	114	0	9992	1248	8694	10698	17804	23166	1332	0	454	0	0	0	0	0	0	0	0	0	0	0	0	0	0	0	0	0	370	0	890	0	0	0	0	0	0	0	0	0	0	0	12602	1564	19990	1870	18756	762	3852	0	1726	926	476	0	2608	0	750	0	800	0	0	0	768	0	0	0	0	0	0	0	0	0	0	0	0	0	0	0	0	0	0	0	0	0	0	0	0	0	0	0	
888552	Supp_Motor_Area_R	6508	9148	23860	86762	0	1606	2070	20550	0	242	366	16272	234	5604	0	1364	156	11724	48800	0	0	408	3644	14968	0	0	0	550	216	11200	2730	24314	14880	51132	2658	3864	0	694	0	150	0	0	244	0	0	170	0	0	0	122	248	116	0	0	0	430	1142	3414	0	0	0	0	0	0	0	0	416	1556	10974	18224	7208	23416	474	5588	470	622	348	1752	0	160	0	102	0	156	0	0	0	0	0	250	0	0	0	0	0	0	0	0	0	0	0	0	0	0	0	0	0	0	0	0	0	0	0	0	0	0	
81264	Olfactory_L	0	0	358	0	3274	0	246	0	686	0	0	0	190	0	3668	0	0	0	0	0	0	3180	88	0	390	126	4332	1738	3088	0	2698	2018	0	0	0	0	932	0	308	0	1506	0	0	0	0	0	0	0	0	0	0	0	0	0	518	0	0	0	0	0	0	0	0	0	0	0	0	0	0	0	4430	2830	2514	286	164	0	0	0	0	0	0	0	934	0	0	0	0	0	130	0	0	0	0	0	0	0	0	0	0	0	0	0	0	0	0	0	0	0	0	0	0	0	0	0	0	0	
91212	Olfactory_R	0	0	0	2150	0	3800	0	0	0	0	0	136	0	168	0	1534	0	0	0	408	3180	0	0	1178	0	1706	460	6196	0	2840	1130	2906	0	0	0	0	0	144	0	146	0	1172	0	0	0	0	0	0	0	0	0	0	0	0	0	0	0	0	0	0	0	0	0	0	0	0	0	0	0	0	5036	5746	2824	1916	830	0	0	0	0	0	0	0	0	0	0	0	0	0	0	0	0	0	0	0	0	0	0	0	0	0	0	0	0	0	0	0	0	0	0	0	0	0	0	0	0	0	
445480	Frontal_Sup_Medial_L	306	0	44324	12928	7064	868	22140	1500	494	0	2010	948	2932	0	3484	0	0	936	7020	3644	88	0	0	29992	4746	1742	660	0	1932	714	23648	19402	9942	16830	0	0	0	0	0	0	0	0	0	0	0	0	0	0	0	0	0	0	0	0	0	0	0	0	0	0	0	0	0	0	0	0	0	0	0	0	190	236	1924	96	0	0	0	0	0	0	0	0	0	0	0	0	0	0	0	0	0	0	0	0	0	0	0	0	0	0	0	0	0	0	0	0	0	0	0	0	0	0	0	0	0	0	
560388	Frontal_Sup_Medial_R	110	0	11894	51438	984	11004	5492	10916	180	260	634	4536	720	4076	1094	2164	0	1806	6934	14968	0	1178	29992	0	828	6994	0	3688	552	5428	10444	38846	4438	22762	0	0	0	470	0	0	0	132	0	0	0	0	0	0	0	0	0	0	0	0	0	240	0	108	0	0	0	0	0	0	0	0	0	0	0	0	402	14556	210	8392	0	1126	0	198	0	0	0	0	0	0	0	0	0	0	0	0	0	0	0	0	0	0	0	0	0	0	0	0	0	0	0	0	0	0	0	0	0	0	0	0	0	0	
45024	Frontal_Med_Orb_L	0	0	3020	174	3276	324	188	0	172	0	0	0	0	0	0	0	0	0	0	0	390	0	4746	828	0	1124	2450	210	0	0	4356	684	0	0	0	0	0	0	0	0	0	0	0	0	0	0	0	0	0	0	0	0	0	0	0	0	0	0	0	0	0	0	0	0	0	0	0	0	0	0	402	0	168	0	0	0	0	0	0	0	0	0	0	0	0	0	0	0	0	0	0	0	0	0	0	0	0	0	0	0	0	0	0	0	0	0	0	0	0	0	0	0	0	0	0	0	
114004	Frontal_Med_Orb_R	0	0	0	4152	108	10704	0	0	0	0	0	0	0	0	0	1504	0	0	0	0	126	1706	1742	6994	1124	0	112	11352	0	680	1226	6002	0	0	0	0	0	0	0	0	0	0	0	0	0	0	0	0	0	0	0	0	0	0	0	0	0	0	0	0	0	0	0	0	0	0	0	0	0	0	176	3730	0	5194	0	370	0	0	0	0	0	0	0	0	0	0	0	0	0	0	0	0	0	0	0	0	0	0	0	0	0	0	0	0	0	0	0	0	0	0	0	0	0	0	0	0	
69364	Rectus_L	0	0	1322	0	6272	0	836	0	2114	0	0	0	208	0	2424	0	0	0	114	0	4332	460	660	0	2450	112	0	544	868	0	5886	902	0	0	0	0	0	0	0	0	128	0	0	0	0	0	0	0	0	0	0	0	0	0	0	0	0	0	0	0	0	0	0	0	0	0	0	0	0	0	2176	636	1968	0	0	0	0	0	0	0	0	0	270	0	0	0	0	0	0	0	0	0	0	0	0	0	0	0	0	0	0	0	0	0	0	0	0	0	0	0	0	0	0	0	0	0	
125744	Rectus_R	0	0	0	4384	0	11472	0	114	0	0	0	166	0	192	0	1910	0	0	0	550	1738	6196	0	3688	210	11352	544	0	0	1898	954	5590	0	0	0	0	0	96	0	0	0	536	0	0	0	0	0	0	0	0	0	0	0	0	0	0	0	0	0	0	0	0	0	0	0	0	0	0	0	0	1814	4590	736	3830	0	312	0	0	0	0	0	0	0	0	0	0	0	0	0	0	0	0	0	0	0	0	0	0	0	0	0	0	0	0	0	0	0	0	0	0	0	0	0	0	0	0	
495152	Insula_L	13406	0	21838	242	6400	0	11828	0	352	0	17934	110	22116	0	16454	0	18964	102	9992	216	3088	0	1932	552	0	0	868	0	0	0	3550	350	734	354	0	0	9682	0	1064	0	1820	0	0	0	0	0	0	0	0	0	350	0	216	0	4134	0	5080	0	0	0	350	0	3370	0	262	0	0	0	0	0	1368	0	28620	0	1074	0	224	0	9240	0	13584	0	6148	0	4370	0	0	0	5238	0	0	0	0	0	0	0	0	0	0	0	0	0	0	0	0	0	0	0	0	0	0	0	0	0	0	0	
437792	Insula_R	850	4404	1582	19478	0	3124	826	8992	0	298	188	19746	88	10620	0	7694	0	18696	1248	11200	0	2840	714	5428	0	680	0	1898	0	0	514	8304	186	3024	0	0	0	10242	0	3780	0	2970	0	166	0	0	0	160	0	90	0	116	0	488	0	8006	0	2512	0	0	0	0	0	164	0	0	0	232	0	0	1100	5928	0	28450	0	628	150	560	0	1626	0	5708	0	4012	0	2814	0	0	0	5966	0	116	0	0	0	0	0	168	0	122	0	0	0	0	0	0	0	0	0	0	0	0	0	0	0	0	
375780	Cingulum_Ant_L	1606	0	19416	4718	4458	376	7950	466	928	0	5408	738	4110	0	3010	0	814	722	8694	2730	2698	1130	23648	10444	4356	1226	5886	954	3550	514	0	21346	15846	11132	0	0	0	0	0	0	0	0	0	0	0	0	0	0	0	0	0	0	0	0	0	0	310	0	0	0	0	0	0	0	0	0	0	0	0	0	6418	2084	9264	844	96	0	0	0	0	0	0	0	0	0	0	0	0	0	0	0	0	0	0	0	0	0	0	0	0	0	0	0	0	0	0	0	0	0	0	0	0	0	0	0	0	0	
685312	Cingulum_Ant_R	498	262	13330	47734	382	7720	3456	10142	0	226	364	10362	394	6558	660	1584	0	4884	10698	24314	2018	2906	19402	38846	684	6002	902	5590	350	8304	21346	0	7244	33130	106	0	0	610	0	120	0	0	0	0	0	0	0	0	0	0	0	0	0	0	0	262	0	362	0	0	0	0	0	0	0	0	0	0	0	414	4908	29974	2726	10772	0	1352	0	432	0	126	0	88	0	0	0	0	0	0	0	112	0	0	0	0	0	0	0	0	0	0	0	0	0	0	0	0	0	0	0	0	0	0	0	0	0	0	
290600	Cingulum_Mid_L	274	444	10418	4572	0	0	4446	810	268	0	128	246	700	0	1704	0	0	246	17804	14880	0	0	9942	4438	0	0	0	0	734	186	15846	7244	0	24504	3792	1068	0	0	0	0	0	0	2184	0	1330	0	0	0	206	0	662	0	112	0	0	0	760	264	210	0	0	0	0	0	0	0	6448	1542	3646	1950	1106	0	0	0	0	0	0	0	0	0	0	0	0	0	186	0	0	0	0	0	0	0	0	0	0	0	0	0	0	0	0	0	0	0	0	0	0	0	0	0	0	0	0	0	0	0	
629808	Cingulum_Mid_R	1904	7726	14094	28916	246	0	4564	7250	190	0	198	4704	322	816	1278	0	0	4190	23166	51132	0	0	16830	22762	0	0	0	0	354	3024	11132	33130	24504	0	2674	8638	0	120	0	0	0	0	172	274	0	204	0	280	0	110	112	96	0	0	0	0	628	2720	0	0	0	0	0	0	0	0	1166	5388	5464	13518	2462	5612	116	386	124	0	0	2066	0	142	0	0	0	0	0	0	0	0	0	0	0	0	0	0	0	0	0	0	0	0	0	0	0	0	0	0	0	0	0	0	0	0	0	0	0	0	
97020	Cingulum_Post_L	642	1050	0	0	0	0	0	0	0	0	0	0	0	0	0	0	0	0	1332	2658	0	0	0	0	0	0	0	0	0	0	0	106	3792	2674	0	7478	2402	2884	798	1828	0	0	1060	0	528	118	1008	0	0	0	0	0	0	0	266	664	2556	724	0	0	0	0	0	0	0	0	4434	926	2788	2958	0	192	0	0	0	0	0	2532	0	0	0	0	0	0	0	0	0	0	112	0	0	0	0	0	0	0	0	0	0	0	0	0	0	0	0	0	0	0	0	0	0	0	0	0	0	0	
151572	Cingulum_Post_R	180	1700	0	0	0	0	0	0	0	0	0	0	0	0	0	0	0	0	0	3864	0	0	0	0	0	0	0	0	0	0	0	0	1068	8638	7478	0	1304	3346	188	2370	0	0	0	2046	0	1426	288	2796	0	868	0	100	0	0	0	580	206	4874	0	224	0	0	0	0	0	0	2248	15306	846	11180	0	134	0	0	0	0	0	1804	0	0	0	0	0	0	0	0	0	0	0	0	0	0	0	0	0	0	0	130	0	0	0	0	0	0	0	0	0	0	0	0	594	0	0	0	0	0	
251884	Hippocampus_L	10152	870	824	0	0	0	614	0	0	0	706	0	130	0	612	0	590	0	454	0	932	0	0	0	0	0	0	0	9682	0	0	0	0	0	2402	1304	0	2632	14160	1602	7026	0	0	0	0	0	2314	0	0	0	128	0	330	0	17190	622	3252	0	0	0	388	0	366	0	0	0	1362	188	0	0	686	262	11514	0	974	0	4006	2966	3860	0	2536	0	1928	0	1480	0	0	0	13922	0	0	0	0	0	0	0	770	0	206	0	0	0	0	0	0	0	0	0	0	0	0	0	0	0	0	0	
306248	Hippocampus_R	202	10900	0	2582	0	384	0	2672	0	0	0	1240	0	194	0	0	0	980	0	694	0	144	0	470	0	0	0	96	0	10242	0	610	0	120	2884	3346	2632	0	1022	26042	0	11420	0	160	0	0	552	2662	0	0	0	0	0	1058	282	28212	0	314	0	0	0	0	0	0	0	0	426	2344	0	0	0	1220	0	13390	0	2172	390	6568	0	452	0	984	0	1320	0	442	0	0	120	8718	0	0	0	0	0	0	104	1630	0	0	0	0	0	0	0	0	0	0	0	0	728	0	0	0	0	0	
106560	ParaHippocampal_L	468	508	0	0	0	0	0	0	0	0	0	0	0	0	230	0	0	0	0	0	308	0	0	0	0	0	0	0	1064	0	0	0	0	0	798	188	14160	1022	0	622	1864	0	0	0	0	0	3434	220	0	0	510	0	864	0	11358	232	0	0	0	0	0	0	0	0	0	0	1008	0	0	0	0	146	2402	0	0	0	1686	1386	0	0	0	0	1228	0	200	0	822	0	2886	0	316	0	106	0	762	0	1550	0	612	0	0	0	0	0	0	0	0	0	88	232	0	0	0	0	0	0	
193468	ParaHippocampal_R	0	1026	0	410	0	0	0	544	0	0	0	712	0	0	0	0	0	304	0	150	0	146	0	0	0	0	0	0	0	3780	0	120	0	0	1828	2370	1602	26042	622	0	0	8562	0	532	0	0	468	4210	0	0	0	0	0	892	202	17984	0	0	0	0	0	0	0	0	0	0	310	2284	0	0	0	164	0	7110	0	1918	0	3936	0	0	0	242	0	1700	0	250	0	310	0	2908	0	0	0	0	0	152	0	2192	0	108	0	0	0	0	0	0	0	0	0	0	644	0	0	0	0	0	
42016	Amygdala_L	0	0	0	0	248	0	0	0	0	0	0	0	0	0	556	0	0	0	0	0	1506	0	0	0	0	0	128	0	1820	0	0	0	0	0	0	0	7026	0	1864	0	0	0	0	0	0	0	0	0	0	0	0	0	0	0	3770	0	0	0	0	0	0	0	0	0	0	0	0	0	0	0	0	0	478	0	0	0	0	0	0	0	0	0	972	0	0	0	160	0	2480	0	0	0	0	0	0	0	0	0	0	0	0	0	0	0	0	0	0	0	0	0	0	0	0	0	0	0	
75880	Amygdala_R	0	0	0	334	0	482	0	0	0	0	0	0	0	0	0	396	0	0	0	0	0	1172	0	132	0	0	0	536	0	2970	0	0	0	0	0	0	0	11420	0	8562	0	0	0	0	0	0	0	0	0	0	0	0	0	0	0	6620	0	0	0	0	0	0	0	0	0	0	0	0	0	0	0	90	0	1260	0	0	0	0	0	0	0	92	0	1550	0	0	0	0	0	1896	0	0	0	0	0	0	0	428	0	0	0	0	0	0	0	0	0	0	0	0	0	0	0	0	0	0	
175936	Calcarine_L	0	0	0	0	0	0	0	0	0	0	0	0	0	0	0	0	0	0	0	244	0	0	0	0	0	0	0	0	0	0	0	0	2184	172	1060	0	0	0	0	0	0	0	0	8114	7110	3662	10238	5174	7556	1312	15934	774	2552	0	1018	0	2726	0	742	0	324	0	0	0	482	0	11898	156	1778	224	0	0	0	0	0	0	0	0	0	0	0	0	0	0	1468	98	0	0	652	0	0	0	0	0	0	0	92	0	132	0	0	0	0	0	0	0	0	0	0	0	0	92	0	0	0	0	
313400	Calcarine_R	0	460	0	0	0	0	0	0	0	0	0	0	0	0	0	0	0	0	0	0	0	0	0	0	0	0	0	0	0	166	0	0	0	274	0	2046	0	160	0	532	0	0	8114	0	6726	31156	412	25054	0	28576	0	10376	0	7332	0	6462	0	1458	0	508	0	168	0	0	0	140	222	18136	168	3068	0	0	0	0	0	0	0	0	0	194	0	0	0	0	0	2154	0	0	0	2246	0	0	0	0	0	0	0	0	0	0	0	0	0	0	0	0	0	0	0	0	254	138	0	0	0	0	
116652	Cuneus_L	0	0	0	0	0	0	0	0	0	0	0	0	0	0	0	0	0	0	0	0	0	0	0	0	0	0	0	0	0	0	0	0	1330	0	528	0	0	0	0	0	0	0	7110	6726	0	7008	534	1520	11660	2018	7350	306	0	0	0	0	808	0	1158	0	96	0	0	0	102	0	8316	1314	442	0	0	0	0	0	0	0	0	0	0	0	0	0	0	0	0	0	0	0	0	0	0	0	0	0	0	0	0	0	0	0	0	0	0	0	0	0	0	0	0	0	0	0	0	0	0	0	
307552	Cuneus_R	0	458	0	0	0	0	0	0	0	0	0	0	0	0	0	0	0	0	0	170	0	0	0	0	0	0	0	0	0	0	0	0	0	204	118	1426	0	0	0	0	0	0	3662	31156	7008	0	0	6790	0	40958	0	12786	0	1684	0	1216	0	5170	0	5794	0	280	0	0	0	522	3110	26914	0	3154	0	88	0	0	0	0	0	0	0	0	0	158	0	0	0	696	0	0	0	254	0	0	0	0	0	0	0	0	0	0	0	0	0	0	0	0	0	0	0	0	0	0	0	0	0	0	
247604	Lingual_L	0	0	0	0	0	0	0	0	0	0	0	0	0	0	0	0	0	0	0	0	0	0	0	0	0	0	0	0	0	0	0	0	0	0	1008	288	2314	552	3434	468	0	0	10238	412	534	0	0	2142	2604	0	11684	0	7102	0	9560	1582	266	0	0	0	0	0	0	0	0	0	2596	98	0	0	0	0	0	0	0	0	218	500	0	0	0	0	0	0	248	0	0	0	256	0	7284	4890	2008	1190	602	0	14782	3080	12758	4882	448	0	1032	0	0	0	0	0	98	0	5294	5234	2116	0	0	0	
309416	Lingual_R	0	176	0	0	0	0	0	0	0	0	0	0	0	0	0	0	0	0	0	0	0	0	0	0	0	0	0	0	0	160	0	0	0	280	0	2796	0	2662	220	4210	0	0	5174	25054	1520	6790	2142	0	0	9350	0	4920	0	7414	0	21528	0	546	0	0	0	0	0	0	0	0	108	8834	156	2230	0	0	0	188	0	0	0	826	0	0	0	0	0	0	0	430	0	0	0	1652	836	7618	506	1640	0	420	1834	8866	1356	10156	0	0	0	0	0	0	0	0	128	242	4610	6374	756	0	0	0	
166912	Occipital_Sup_L	218	0	0	0	0	0	0	0	0	0	0	0	0	0	0	0	0	0	0	0	0	0	0	0	0	0	0	0	0	0	0	0	206	0	0	0	0	0	0	0	0	0	7556	0	11660	0	2604	0	0	0	26666	0	206	0	0	0	1964	0	11448	0	4426	0	0	0	2590	0	12042	882	642	0	0	0	0	0	0	0	0	0	0	0	0	0	0	0	346	0	0	0	0	0	0	0	0	0	0	0	0	0	0	0	0	0	0	0	0	0	0	0	0	0	0	0	0	0	0	0	
408316	Occipital_Sup_R	0	1338	0	148	0	0	0	204	0	0	0	0	0	0	0	0	0	0	0	122	0	0	0	0	0	0	0	0	0	90	0	0	0	110	0	868	0	0	0	0	0	0	1312	28576	2018	40958	0	9350	0	0	0	39234	0	3304	0	2404	0	5718	0	13256	0	4236	0	646	0	7534	2358	28496	0	3044	0	140	0	0	0	0	0	98	0	346	0	1620	0	0	0	5510	0	0	0	1120	0	0	0	0	0	0	0	0	0	0	0	0	0	0	0	0	0	0	0	0	0	0	0	0	0	0	
416984	Occipital_Mid_L	1026	0	0	0	0	0	0	0	0	0	0	0	0	0	0	0	1226	0	0	248	0	0	0	0	0	0	0	0	350	0	0	0	662	112	0	0	128	0	510	0	0	0	15934	0	7350	0	11684	0	26666	0	0	0	16324	0	5114	0	10258	106	22266	0	20196	0	462	0	22664	0	14846	472	2808	222	0	0	0	0	0	0	0	0	178	0	392	0	0	0	23596	0	0	0	1614	0	0	0	0	0	0	0	300	0	522	0	0	0	0	0	0	0	0	0	0	0	130	126	0	0	0	0	
311060	Occipital_Mid_R	0	1264	0	140	0	0	0	110	0	0	0	0	0	0	0	0	0	0	0	116	0	0	0	0	0	0	0	0	0	116	0	0	0	96	0	100	0	0	0	0	0	0	774	10376	306	12786	0	4920	0	39234	0	0	0	3444	0	1812	0	4394	0	10764	0	4410	0	2736	0	16134	794	14168	0	1842	0	138	0	0	0	0	0	0	0	510	0	2366	0	0	0	18052	0	0	0	3628	0	0	0	0	0	0	0	0	0	0	0	0	0	0	0	0	0	0	0	0	0	0	0	0	0	0	
104404	Occipital_Inf_L	496	0	0	0	0	0	0	0	0	0	0	0	0	0	0	0	310	0	0	0	0	0	0	0	0	0	0	0	216	0	0	0	112	0	0	0	330	0	864	0	0	0	2552	0	0	0	7102	0	206	0	16324	0	0	0	8748	0	1876	0	202	0	644	0	838	0	1004	0	934	0	260	0	0	0	0	0	0	0	0	0	312	0	426	0	0	0	3566	0	0	0	4058	0	0	0	0	0	0	0	262	0	464	0	0	0	0	0	0	0	0	0	0	0	96	0	0	0	0	0	
102816	Occipital_Inf_R	0	398	0	200	0	0	0	256	0	0	0	0	0	0	0	0	0	0	0	0	0	0	0	0	0	0	0	0	0	488	0	0	0	0	0	0	0	1058	0	892	0	0	0	7332	0	1684	0	7414	0	3304	0	3444	0	0	0	12952	0	166	0	190	0	0	0	0	0	0	0	2322	0	0	0	0	0	108	0	0	0	0	0	338	0	136	0	0	0	610	0	0	0	6154	0	216	0	90	0	0	0	338	0	850	0	0	0	0	0	0	0	0	0	0	150	318	0	0	0	0	
315244	Fusiform_L	620	166	458	0	0	0	0	0	0	0	0	0	0	0	240	0	486	0	370	0	518	0	0	0	0	0	0	0	4134	0	0	0	0	0	266	0	17190	282	11358	202	3770	0	1018	0	0	0	9560	0	0	0	5114	0	8748	0	0	96	988	0	0	0	274	0	342	0	350	0	1026	0	0	0	0	0	3826	0	0	0	566	428	1526	0	2682	0	3736	0	3440	0	2192	0	22902	0	11614	226	4058	226	214	0	8340	0	17352	112	1266	0	2930	0	0	0	0	0	0	0	860	1222	328	0	0	0	
448992	Fusiform_R	0	1884	0	1310	0	192	0	1022	0	0	0	992	0	134	0	0	0	636	0	430	0	0	0	240	0	0	0	0	0	8006	0	262	0	0	664	580	622	28212	232	17984	0	6620	0	6462	0	1216	1582	21528	0	2404	0	1812	0	12952	96	0	0	638	0	220	0	88	0	0	0	124	0	3218	0	156	0	494	0	8860	0	1056	0	1314	0	402	0	1306	0	5462	0	2504	0	2222	0	20022	580	14344	294	1480	0	548	1680	10420	914	18390	0	106	0	626	0	0	0	0	0	0	3662	4432	646	214	0	0	
365196	Postcentral_L	41080	92	1334	0	0	0	2426	0	0	0	4112	0	844	0	0	0	9588	0	890	1142	0	0	0	0	0	0	0	0	5080	0	310	0	760	628	2556	206	3252	0	0	0	0	0	2726	0	808	0	266	0	1964	0	10258	0	1876	0	988	0	0	280	7972	0	25388	0	14102	0	2642	0	8136	0	5808	1026	386	0	4710	0	1160	0	166	0	3930	0	4728	0	0	0	5658	0	0	0	3320	0	0	0	0	0	0	0	0	0	0	0	0	0	0	0	0	0	0	0	0	0	0	0	0	0	0	0	
274872	Postcentral_R	100	20032	0	638	0	0	0	334	0	0	0	1536	0	362	0	0	0	2044	0	3414	0	0	0	108	0	0	0	0	0	2512	0	362	264	2720	724	4874	0	314	0	0	0	0	0	1458	0	5170	0	546	0	5718	106	4394	0	166	0	638	280	0	0	10684	0	8654	0	11476	0	2792	520	16866	524	17134	0	3068	0	338	0	0	0	642	0	492	0	2434	0	0	0	1760	0	0	0	1108	0	0	0	0	0	0	0	0	0	0	0	0	0	0	0	0	0	0	0	0	130	0	0	0	0	0	
210456	Parietal_Sup_L	226	0	0	0	0	0	0	0	0	0	0	0	0	0	0	0	98	0	0	0	0	0	0	0	0	0	0	0	0	0	0	0	210	0	0	0	0	0	0	0	0	0	742	0	1158	0	0	0	11448	0	22266	0	202	0	0	0	7972	0	0	0	22164	0	0	0	14610	0	14076	496	1052	0	0	0	0	0	0	0	0	0	0	0	0	0	0	0	8154	0	0	0	354	0	0	0	0	0	0	0	0	0	0	0	0	0	0	0	0	0	0	0	0	0	0	0	0	0	0	0	
175820	Parietal_Sup_R	0	1692	0	210	0	0	0	102	0	0	0	0	0	0	0	0	0	0	0	0	0	0	0	0	0	0	0	0	0	0	0	0	0	0	0	224	0	0	0	0	0	0	0	508	0	5794	0	0	0	13256	0	10764	0	190	0	220	0	10684	0	0	0	11520	0	2492	0	13170	194	13082	0	2196	0	254	0	0	0	0	0	130	0	0	0	474	0	0	0	656	0	0	0	98	0	0	0	0	0	0	0	0	0	0	0	0	0	0	0	0	0	0	0	0	0	0	0	0	0	0	
295276	Parietal_Inf_L	8872	0	0	0	0	0	0	0	0	0	0	0	0	0	0	0	688	0	0	0	0	0	0	0	0	0	0	0	350	0	0	0	0	0	0	0	388	0	0	0	0	0	324	0	96	0	0	0	4426	0	20196	0	644	0	274	0	25388	0	22164	0	0	0	12762	0	27710	0	2994	0	712	0	0	0	0	0	0	0	0	0	646	0	372	0	0	0	15774	0	0	0	2858	0	0	0	0	0	0	0	0	0	0	0	0	0	0	0	0	0	0	0	0	0	0	0	0	0	0	0	
117360	Parietal_Inf_R	0	2472	0	316	0	0	0	150	0	0	0	192	0	238	0	0	0	0	0	0	0	0	0	0	0	0	0	0	0	0	0	0	0	0	0	0	0	0	0	0	0	0	0	168	0	280	0	0	0	4236	0	4410	0	0	0	88	0	8654	0	11520	0	0	0	8218	0	11150	0	1768	0	196	0	1228	0	0	0	0	0	128	0	0	0	1608	0	0	0	1550	0	0	0	110	0	0	0	0	0	0	0	0	0	0	0	0	0	0	0	0	0	0	0	0	0	0	0	0	0	0	
152544	SupraMarginal_L	4264	0	0	0	0	0	232	0	0	0	0	0	0	0	0	0	3802	0	0	0	0	0	0	0	0	0	0	0	3370	0	0	0	0	0	0	0	366	0	0	0	0	0	0	0	0	0	0	0	0	0	462	0	838	0	342	0	14102	0	0	0	12762	0	0	0	5590	0	0	0	0	0	0	0	994	0	184	0	0	0	2496	0	8742	0	0	0	10484	0	0	0	7242	0	0	0	0	0	0	0	0	0	0	0	0	0	0	0	0	0	0	0	0	0	0	0	0	0	0	0	
99516	SupraMarginal_R	0	2884	0	100	0	0	0	0	0	0	0	228	0	242	0	0	0	2196	0	0	0	0	0	0	0	0	0	0	0	164	0	0	0	0	0	0	0	0	0	0	0	0	0	0	0	0	0	0	0	646	0	2736	0	0	0	0	0	11476	0	2492	0	8218	0	0	0	6746	0	0	0	0	0	1216	0	0	0	0	0	574	0	0	0	7028	0	0	0	2812	0	0	0	0	0	0	0	0	0	0	0	0	0	0	0	0	0	0	0	0	0	0	0	0	0	0	0	0	0	0	
234840	Angular_L	1406	0	0	0	0	0	0	0	0	0	0	0	0	0	0	0	856	0	0	0	0	0	0	0	0	0	0	0	262	0	0	0	0	0	0	0	0	0	0	0	0	0	482	0	102	0	0	0	2590	0	22664	0	1004	0	350	0	2642	0	14610	0	27710	0	5590	0	0	0	2162	0	416	0	0	0	0	0	0	0	0	0	654	0	1750	0	0	0	26962	0	0	0	5208	0	0	0	0	0	0	0	0	0	0	0	0	0	0	0	0	0	0	0	0	0	0	0	0	0	0	0	
152344	Angular_R	0	2460	0	166	0	0	0	138	0	0	0	0	0	0	0	0	0	290	0	0	0	0	0	0	0	0	0	0	0	0	0	0	0	0	0	0	0	0	0	0	0	0	0	140	0	522	0	0	0	7534	0	16134	0	0	0	124	0	2792	0	13170	0	11150	0	6746	0	0	0	1890	0	360	0	318	0	0	0	0	0	160	0	0	0	4704	0	0	0	7124	0	0	0	250	0	0	0	0	0	0	0	0	0	0	0	0	0	0	0	0	0	0	0	0	0	0	0	0	0	0	
246384	Precuneus_L	172	0	0	0	0	0	0	0	0	0	0	0	0	0	0	0	0	0	0	416	0	0	0	0	0	0	0	0	0	0	0	0	6448	1166	4434	2248	1362	426	1008	310	0	0	11898	222	8316	3110	2596	108	12042	2358	14846	794	934	0	1026	0	8136	520	14076	194	2994	0	0	0	2162	0	0	8518	6490	1066	0	0	0	0	0	0	0	294	0	0	0	0	0	0	1422	0	0	0	712	0	0	0	0	0	0	0	368	0	0	0	0	0	0	0	0	0	0	0	0	0	0	0	0	0	0	0	
409812	Precuneus_R	0	2132	0	174	0	0	0	94	0	0	0	0	0	0	0	0	0	0	0	1556	0	0	0	0	0	0	0	0	0	232	0	0	1542	5388	926	15306	188	2344	0	2284	0	0	156	18136	1314	26914	98	8834	882	28496	472	14168	0	2322	0	3218	0	16866	496	13082	0	1768	0	0	0	1890	8518	0	400	16276	0	212	0	142	0	0	0	838	0	166	0	306	0	0	0	1928	0	0	0	2400	0	0	0	0	0	0	0	766	0	0	0	0	0	0	0	0	0	0	0	0	1676	0	0	0	0	0	
174128	Paracentral_Lobule_L	8232	7332	3366	1164	0	0	0	204	0	0	0	0	0	0	0	0	0	0	12602	10974	0	0	0	0	0	0	0	0	0	0	0	0	3646	5464	2788	846	0	0	0	0	0	0	1778	168	442	0	0	156	642	0	2808	0	260	0	0	0	5808	524	1052	0	712	0	0	0	416	0	6490	400	0	6056	356	442	592	0	558	0	108	308	0	0	0	0	0	0	370	0	0	0	0	0	0	0	0	0	0	0	0	0	0	0	0	0	0	0	0	0	0	0	0	0	0	0	0	0	0	0	
240860	Paracentral_Lobule_R	1802	9396	0	0	0	0	0	0	0	0	0	0	0	0	0	0	0	0	1564	18224	0	0	0	0	0	0	0	0	0	0	0	414	1950	13518	2958	11180	0	0	0	0	0	0	224	3068	0	3154	0	2230	0	3044	222	1842	0	0	0	156	1026	17134	0	2196	0	196	0	0	0	360	1066	16276	6056	0	0	378	0	0	0	0	0	146	0	0	0	0	0	0	0	212	0	0	0	258	0	0	0	0	0	0	0	0	0	0	0	0	0	0	0	0	0	0	0	0	180	0	0	0	0	0	
316264	Caudate_L	4372	850	21434	7666	0	0	2196	5502	0	0	1160	2724	194	1712	0	0	1092	1158	19990	7208	4430	5036	190	402	402	176	2176	1814	1368	1100	6418	4908	1106	2462	0	0	686	0	0	0	0	0	0	0	0	0	0	0	0	0	0	0	0	0	0	0	386	0	0	0	0	0	0	0	0	0	0	0	356	0	0	7096	15276	1642	6522	206	15724	824	0	0	168	0	0	0	0	0	0	0	0	0	0	0	0	0	0	0	0	0	0	0	0	0	0	0	0	0	0	0	0	0	0	0	0	0	0	0	
547608	Caudate_R	1128	18452	710	43576	0	6682	92	11908	0	236	0	11656	0	10986	0	1388	0	1554	1870	23416	2830	5746	236	14556	0	3730	636	4590	0	5928	2084	29974	0	5612	192	134	262	1220	146	164	0	90	0	0	0	88	0	0	0	140	0	138	0	0	0	494	0	3068	0	254	0	1228	0	1216	0	318	0	212	442	378	7096	0	2882	17546	878	3378	904	20748	0	156	0	224	0	0	0	0	0	0	0	232	0	0	0	0	0	0	0	0	0	0	0	0	0	0	0	0	0	0	0	0	0	0	0	0	0	0	
415080	Putamen_L	11902	358	25148	426	4150	0	3818	326	648	0	6222	116	3188	0	5518	0	6376	108	18756	474	2514	2824	1924	210	168	0	1968	736	28620	0	9264	2726	0	116	0	0	11514	0	2402	0	478	0	0	0	0	0	0	0	0	0	0	0	0	0	3826	0	4710	0	0	0	0	0	994	0	0	0	0	0	592	0	15276	2882	0	776	10024	0	1362	98	402	0	4968	0	2854	0	2132	0	0	0	3646	0	0	0	0	0	0	0	0	0	0	0	0	0	0	0	0	0	0	0	0	0	0	0	0	0	0	0	
352768	Putamen_R	302	3880	388	14790	0	6558	0	6214	0	0	0	6092	0	2352	0	2362	0	3160	762	5588	286	1916	96	8392	0	5194	0	3830	0	28450	844	10772	0	386	0	0	0	13390	0	7110	0	1260	0	0	0	0	0	188	0	0	0	0	0	108	0	8860	0	338	0	0	0	0	0	0	0	0	0	142	0	0	1642	17546	776	0	352	6294	0	1234	0	118	0	1780	0	1472	0	126	0	0	0	806	0	0	0	0	0	0	0	228	0	0	0	0	0	0	0	0	0	0	0	0	0	0	0	0	0	0	
84432	Pallidum_L	2680	900	5132	338	0	0	212	186	0	0	816	0	0	0	0	0	1074	0	3852	470	164	830	0	0	0	0	0	0	1074	0	96	0	0	124	0	0	974	0	0	0	0	0	0	0	0	0	0	0	0	0	0	0	0	0	0	0	1160	0	0	0	0	0	184	0	0	0	0	0	558	0	6522	878	10024	352	0	0	2732	0	108	0	454	0	0	0	208	0	0	0	114	0	0	0	0	0	0	0	0	0	0	0	0	0	0	0	0	0	0	0	0	0	0	0	0	0	0	0	
52064	Pallidum_R	0	458	0	2444	0	856	0	1320	0	0	0	790	0	0	0	128	0	0	0	622	0	0	0	1126	0	370	0	312	0	628	0	1352	0	0	0	0	0	2172	0	1918	0	0	0	0	0	0	0	0	0	0	0	0	0	0	0	1056	0	0	0	0	0	0	0	0	0	0	0	0	0	0	206	3378	0	6294	0	0	0	372	0	0	0	116	0	114	0	0	0	0	0	0	0	0	0	0	0	0	0	0	0	0	0	0	0	0	0	0	0	0	0	0	0	0	0	0	0	0	
94652	Thalamus_L	9836	932	1840	320	0	0	1388	0	0	0	0	136	0	0	0	0	0	0	1726	348	0	0	0	0	0	0	0	0	224	150	0	0	0	0	0	0	4006	390	1686	0	0	0	0	0	0	0	218	0	0	0	0	0	0	0	566	0	166	0	0	0	0	0	0	0	0	0	0	0	108	0	15724	904	1362	0	2732	0	0	2280	0	0	0	0	0	0	0	0	0	0	284	0	0	0	0	0	0	0	0	0	0	0	0	0	0	0	0	0	0	0	0	0	0	0	0	0	0	0	
176452	Thalamus_R	1028	20354	890	4866	0	152	0	2112	0	0	0	104	0	230	0	0	0	732	926	1752	0	0	0	198	0	0	0	0	0	560	0	432	0	2066	2532	1804	2966	6568	1386	3936	0	0	0	0	0	0	500	826	0	98	0	0	0	0	428	1314	0	642	0	130	0	128	0	574	0	160	294	838	308	146	824	20748	98	1234	0	372	2280	0	0	0	0	204	0	0	0	0	0	0	202	0	0	0	0	0	0	0	0	0	0	0	0	0	0	0	0	0	0	0	0	0	284	0	0	0	0	0	
111284	Heschl_L	5578	0	572	0	0	0	294	0	0	0	2490	0	0	0	0	0	4654	0	476	0	0	0	0	0	0	0	0	0	9240	0	0	0	0	0	0	0	3860	0	0	0	0	0	0	0	0	0	0	0	0	0	178	0	312	0	1526	0	3930	0	0	0	646	0	2496	0	654	0	0	0	0	0	0	0	402	0	108	0	0	0	0	0	4822	0	0	0	6398	0	0	0	7006	0	0	0	0	0	0	0	0	0	0	0	0	0	0	0	0	0	0	0	0	0	0	0	0	0	0	0	
29832	Heschl_R	0	486	0	176	0	0	0	0	0	0	0	252	0	0	0	0	0	2022	0	160	0	0	0	0	0	0	0	0	0	1626	0	126	0	142	0	0	0	452	0	0	0	0	0	194	0	0	0	0	0	346	0	510	0	338	0	402	0	492	0	0	0	0	0	0	0	0	0	166	0	0	0	156	0	118	0	0	0	0	0	0	0	3694	0	0	0	1492	0	0	0	1566	0	0	0	0	0	0	0	0	0	0	0	0	0	0	0	0	0	0	0	0	0	0	0	0	0	0	
249860	Temporal_Sup_L	3952	0	3122	0	0	0	200	0	0	0	3204	0	278	0	0	0	12440	0	2608	0	0	0	0	0	0	0	0	0	13584	0	0	0	0	0	0	0	2536	0	0	0	0	0	0	0	0	0	0	0	0	0	392	0	426	0	2682	0	4728	0	0	0	372	0	8742	0	1750	0	0	0	0	0	168	0	4968	0	454	0	0	0	4822	0	0	0	7810	0	29918	0	172	0	15602	0	0	0	0	0	0	0	0	0	0	0	0	0	0	0	0	0	0	0	0	0	0	0	0	0	0	0	
149012	Temporal_Sup_R	0	1494	0	398	0	0	0	270	0	0	0	826	0	0	0	768	0	4912	0	102	0	0	0	0	0	0	0	0	0	5708	0	88	0	0	0	0	0	984	0	242	0	92	0	0	0	158	0	0	0	1620	0	2366	0	136	0	1306	0	2434	0	474	0	1608	0	7028	0	4704	0	306	0	0	0	224	0	1780	0	116	0	204	0	3694	0	0	0	7224	0	17660	0	190	0	5390	0	0	0	0	0	0	0	0	0	0	0	0	0	0	0	0	0	0	0	0	0	0	0	0	0	0	
111132	Temporal_Pole_Sup_L	142	0	976	0	716	0	216	0	202	0	746	0	874	0	2054	0	1574	0	750	0	934	0	0	0	0	0	270	0	6148	0	0	0	0	0	0	0	1928	0	1228	0	972	0	0	0	0	0	0	0	0	0	0	0	0	0	3736	0	0	0	0	0	0	0	0	0	0	0	0	0	0	0	0	0	2854	0	0	0	0	0	0	0	7810	0	0	0	10728	0	3420	0	7288	0	0	0	0	0	0	0	0	0	0	0	0	0	0	0	0	0	0	0	0	0	0	0	0	0	0	0	
70900	Temporal_Pole_Sup_R	0	0	0	368	0	0	0	184	0	0	0	684	0	0	0	916	0	1116	0	156	0	0	0	0	0	0	0	0	0	4012	0	0	0	0	0	0	0	1320	0	1700	0	1550	0	0	0	0	0	0	0	0	0	0	0	0	0	5462	0	0	0	0	0	0	0	0	0	0	0	0	0	0	0	0	0	1472	0	114	0	0	0	0	0	7224	0	0	0	2210	0	2596	0	4366	0	0	0	0	0	0	0	0	0	0	0	0	0	0	0	0	0	0	0	0	0	0	0	0	0	0	
418964	Temporal_Mid_L	2728	0	974	0	0	0	0	0	0	0	266	0	0	0	0	0	3926	0	800	0	0	0	0	0	0	0	0	0	4370	0	0	0	186	0	0	0	1480	0	200	0	0	0	1468	0	0	0	248	0	346	0	23596	0	3566	0	3440	0	5658	0	8154	0	15774	0	10484	0	26962	0	1422	0	370	0	0	0	2132	0	208	0	0	0	6398	0	29918	0	10728	0	0	0	3042	0	40638	0	0	0	0	0	0	0	0	0	0	0	0	0	0	0	0	0	0	0	0	0	0	0	0	0	0	0	
187416	Temporal_Mid_R	0	1478	0	0	0	0	0	164	0	0	0	0	0	0	0	136	0	382	0	0	0	0	0	0	0	0	0	0	0	2814	0	0	0	0	0	0	0	442	0	250	0	0	98	2154	0	696	0	430	0	5510	0	18052	0	610	0	2504	0	1760	0	656	0	1550	0	2812	0	7124	0	1928	0	212	0	0	0	126	0	0	0	0	0	1492	0	17660	0	2210	0	0	0	376	0	19988	0	0	0	0	0	0	0	0	0	94	0	0	0	0	0	0	0	0	0	0	0	0	0	0	0	0	
26236	Temporal_Pole_Mid_L	0	0	0	0	0	0	0	0	0	0	0	0	0	0	0	0	0	0	0	0	0	0	0	0	0	0	0	0	0	0	0	0	0	0	0	0	0	0	822	0	160	0	0	0	0	0	0	0	0	0	0	0	0	0	2192	0	0	0	0	0	0	0	0	0	0	0	0	0	0	0	0	0	0	0	0	0	0	0	0	0	172	0	3420	0	3042	0	0	0	3310	0	0	0	0	0	0	0	0	0	0	0	0	0	0	0	0	0	0	0	0	0	0	0	0	0	0	0	
14576	Temporal_Pole_Mid_R	0	0	0	0	0	0	0	0	0	0	0	0	0	0	0	0	0	0	0	0	0	0	0	0	0	0	0	0	0	0	0	0	0	0	0	0	0	0	0	310	0	0	0	0	0	0	0	0	0	0	0	0	0	0	0	2222	0	0	0	0	0	0	0	0	0	0	0	0	0	0	0	0	0	0	0	0	0	0	0	0	0	190	0	2596	0	376	0	0	0	1594	0	0	0	0	0	0	0	0	0	0	0	0	0	0	0	0	0	0	0	0	0	0	0	0	0	0	
319104	Temporal_Inf_L	2208	90	1008	0	0	0	0	0	0	0	106	0	0	0	0	0	868	0	768	0	130	0	0	0	0	0	0	0	5238	0	0	0	0	0	112	0	13922	120	2886	0	2480	0	652	0	0	0	256	0	0	0	1614	0	4058	0	22902	0	3320	0	354	0	2858	0	7242	0	5208	0	712	0	0	0	0	0	3646	0	114	0	284	202	7006	0	15602	0	7288	0	40638	0	3310	0	0	0	1002	0	448	0	0	0	136	0	536	0	0	0	228	0	0	0	0	0	0	0	0	0	0	0	0	0	
201176	Temporal_Inf_R	0	1312	0	556	0	0	0	592	0	0	0	120	0	0	0	0	0	224	0	250	0	0	0	0	0	0	0	0	0	5966	0	112	0	0	0	0	0	8718	0	2908	0	1896	0	2246	0	254	0	1652	0	1120	0	3628	0	6154	0	20022	0	1108	0	98	0	110	0	0	0	250	0	2400	0	258	0	232	0	806	0	0	0	0	0	1566	0	5390	0	4366	0	19988	0	1594	0	0	0	2676	0	328	0	0	0	362	0	900	0	0	0	254	0	0	0	0	0	0	0	172	0	0	0	0	
399836	Cerebelum_Crus1_L	0	0	0	0	0	0	0	0	0	0	0	0	0	0	0	0	0	0	0	0	0	0	0	0	0	0	0	0	0	0	0	0	0	0	0	0	0	0	316	0	0	0	0	0	0	0	7284	836	0	0	0	0	0	0	11614	580	0	0	0	0	0	0	0	0	0	0	0	0	0	0	0	0	0	0	0	0	0	0	0	0	0	0	0	0	0	0	0	0	1002	0	0	4718	37942	4876	798	0	19666	1150	43710	2900	12952	524	22900	284	1188	134	240	0	312	284	3478	11056	6776	1504	354	540	
366160	Cerebelum_Crus1_R	0	0	0	0	0	0	0	0	0	0	0	0	0	0	0	0	0	0	0	0	0	0	0	0	0	0	0	0	0	116	0	0	0	0	0	0	0	0	0	0	0	0	0	0	0	0	4890	7618	0	0	0	0	0	216	226	14344	0	0	0	0	0	0	0	0	0	0	0	0	0	0	0	0	0	0	0	0	0	0	0	0	0	0	0	0	0	0	0	0	0	2676	4718	0	2524	28828	0	1210	4124	17542	3528	40706	932	2330	1754	10368	402	410	0	0	234	230	9562	11818	9318	2042	290	124	
330816	Cerebelum_Crus2_L	0	0	0	0	0	0	0	0	0	0	0	0	0	0	0	0	0	0	0	0	0	0	0	0	0	0	0	0	0	0	0	0	0	0	0	0	0	0	106	0	0	0	0	0	0	0	2008	506	0	0	0	0	0	0	4058	294	0	0	0	0	0	0	0	0	0	0	0	0	0	0	0	0	0	0	0	0	0	0	0	0	0	0	0	0	0	0	0	0	448	0	37942	2524	0	5316	142	0	5736	506	14326	1222	34544	802	36792	454	2532	0	150	0	88	0	1004	4310	7180	2216	96	106	
267588	Cerebelum_Crus2_R	0	0	0	0	0	0	0	0	0	0	0	0	0	0	0	0	0	0	0	0	0	0	0	0	0	0	0	0	0	0	0	0	0	0	0	0	0	0	0	0	0	0	0	0	0	0	1190	1640	0	0	0	0	0	90	226	1480	0	0	0	0	0	0	0	0	0	0	0	0	0	0	0	0	0	0	0	0	0	0	0	0	0	0	0	0	0	0	0	0	0	328	4876	28828	5316	0	0	786	828	2346	1720	8292	3006	16338	4156	22302	868	1114	0	122	404	338	1622	5378	11684	6820	1104	592	
23016	Cerebelum_3_L	0	0	0	0	0	0	0	0	0	0	0	0	0	0	0	0	0	0	0	0	0	0	0	0	0	0	0	0	0	0	0	0	0	0	0	0	0	0	762	0	0	0	0	0	0	0	602	0	0	0	0	0	0	0	214	0	0	0	0	0	0	0	0	0	0	0	0	0	0	0	0	0	0	0	0	0	0	0	0	0	0	0	0	0	0	0	0	0	0	0	798	0	142	0	0	0	4490	0	792	0	0	0	804	0	740	104	0	0	410	410	580	284	284	92	0	0	
32228	Cerebelum_3_R	0	0	0	0	0	0	0	0	0	0	0	0	0	0	0	0	0	0	0	0	0	0	0	0	0	0	0	0	0	0	0	0	0	0	0	0	0	0	0	152	0	0	0	0	0	0	0	420	0	0	0	0	0	0	0	548	0	0	0	0	0	0	0	0	0	0	0	0	0	0	0	0	0	0	0	0	0	0	0	0	0	0	0	0	0	0	0	0	0	0	0	1210	0	786	0	0	256	5166	0	3292	0	0	108	766	0	294	0	0	146	770	778	98	350	692	282	0	
274804	Cerebelum_4_5_L	0	0	0	0	0	0	0	0	0	0	0	0	0	0	0	0	0	0	0	0	0	0	0	0	0	0	0	0	0	0	0	0	0	0	0	0	770	104	1550	0	0	0	92	0	0	0	14782	1834	0	0	300	0	262	0	8340	1680	0	0	0	0	0	0	0	0	0	0	368	0	0	0	0	0	0	0	0	0	0	0	0	0	0	0	0	0	0	0	0	0	136	0	19666	4124	5736	828	4490	256	0	5358	29460	5010	2304	0	6536	292	2430	384	0	0	316	584	12462	3934	1214	792	596	412	
229208	Cerebelum_4_5_R	0	0	0	0	0	0	0	0	0	0	0	0	0	0	0	0	0	0	0	0	0	0	0	0	0	0	0	0	0	168	0	0	0	0	0	130	0	1630	0	2192	0	428	0	0	0	0	3080	8866	0	0	0	0	0	338	0	10420	0	0	0	0	0	0	0	0	0	0	0	766	0	0	0	0	0	228	0	0	0	0	0	0	0	0	0	0	0	0	0	0	0	362	1150	17542	506	2346	0	5166	5358	0	1882	27446	0	342	270	2262	0	604	0	120	0	376	13906	3918	874	1488	440	0	
350164	Cerebelum_6_L	0	0	0	0	0	0	0	0	0	0	0	0	0	0	0	0	0	0	0	0	0	0	0	0	0	0	0	0	0	0	0	0	0	0	0	0	206	0	612	0	0	0	132	0	0	0	12758	1356	0	0	522	0	464	0	17352	914	0	0	0	0	0	0	0	0	0	0	0	0	0	0	0	0	0	0	0	0	0	0	0	0	0	0	0	0	0	0	0	0	536	0	43710	3528	14326	1720	792	0	29460	1882	0	3702	5020	122	10788	294	1030	214	134	0	268	230	6612	12248	2438	806	436	470	
340432	Cerebelum_6_R	0	0	0	0	0	0	0	0	0	0	0	0	0	0	0	0	0	0	0	0	0	0	0	0	0	0	0	0	0	122	0	0	0	0	0	0	0	0	0	108	0	0	0	0	0	0	4882	10156	0	0	0	0	0	850	112	18390	0	0	0	0	0	0	0	0	0	0	0	0	0	0	0	0	0	0	0	0	0	0	0	0	0	0	0	0	0	94	0	0	0	900	2900	40706	1222	8292	0	3292	5010	27446	3702	0	0	1412	304	4910	90	1596	0	254	96	180	12704	12960	5314	1652	436	124	
212036	Cerebelum_7b_L	0	0	0	0	0	0	0	0	0	0	0	0	0	0	0	0	0	0	0	0	0	0	0	0	0	0	0	0	0	0	0	0	0	0	0	0	0	0	0	0	0	0	0	0	0	0	448	0	0	0	0	0	0	0	1266	0	0	0	0	0	0	0	0	0	0	0	0	0	0	0	0	0	0	0	0	0	0	0	0	0	0	0	0	0	0	0	0	0	0	0	12952	932	34544	3006	0	0	2304	0	5020	0	0	266	32694	528	4190	0	760	0	0	0	318	754	4086	1950	0	0	
91180	Cerebelum_7b_R	0	0	0	0	0	0	0	0	0	0	0	0	0	0	0	0	0	0	0	0	0	0	0	0	0	0	0	0	0	0	0	0	0	0	0	0	0	0	0	0	0	0	0	0	0	0	0	0	0	0	0	0	0	0	0	106	0	0	0	0	0	0	0	0	0	0	0	0	0	0	0	0	0	0	0	0	0	0	0	0	0	0	0	0	0	0	0	0	0	0	524	2330	802	16338	0	0	0	342	122	1412	266	0	340	16880	152	1660	0	0	0	0	118	244	1358	2400	102	94	
344648	Cerebelum_8_L	0	0	0	0	0	0	0	0	0	0	0	0	0	0	0	0	0	0	0	0	0	0	0	0	0	0	0	0	0	0	0	0	0	0	0	0	0	0	0	0	0	0	0	0	0	0	1032	0	0	0	0	0	0	0	2930	0	0	0	0	0	0	0	0	0	0	0	0	0	0	0	0	0	0	0	0	0	0	0	0	0	0	0	0	0	0	0	0	0	228	0	22900	1754	36792	4156	804	108	6536	270	10788	304	32694	340	0	2594	21456	1952	3034	0	248	226	1356	2766	6938	5920	2776	1422	
203296	Cerebelum_8_R	0	0	0	0	0	0	0	0	0	0	0	0	0	0	0	0	0	0	0	0	0	0	0	0	0	0	0	0	0	0	0	0	0	0	0	0	0	0	0	0	0	0	0	0	0	0	0	0	0	0	0	0	0	0	0	626	0	0	0	0	0	0	0	0	0	0	0	0	0	0	0	0	0	0	0	0	0	0	0	0	0	0	0	0	0	0	0	0	0	254	284	10368	454	22302	0	766	292	2262	294	4910	528	16880	2594	0	1060	15970	0	1122	252	228	886	584	2794	11712	3362	864	
96728	Cerebelum_9_L	0	0	0	0	0	0	0	0	0	0	0	0	0	0	0	0	0	0	0	0	0	0	0	0	0	0	0	0	0	0	0	0	0	0	0	0	0	0	0	0	0	0	0	0	0	0	0	0	0	0	0	0	0	0	0	0	0	0	0	0	0	0	0	0	0	0	0	0	0	0	0	0	0	0	0	0	0	0	0	0	0	0	0	0	0	0	0	0	0	0	1188	402	2532	868	740	0	2430	0	1030	90	4190	152	21456	1060	0	1602	3182	0	0	0	578	748	1490	1706	1904	1016	
84400	Cerebelum_9_R	0	0	0	0	0	0	0	0	0	0	0	0	0	0	0	0	0	0	0	0	0	0	0	0	0	0	0	0	0	0	0	0	0	0	0	0	0	0	0	0	0	0	0	0	0	0	0	0	0	0	0	0	0	0	0	0	0	0	0	0	0	0	0	0	0	0	0	0	0	0	0	0	0	0	0	0	0	0	0	0	0	0	0	0	0	0	0	0	0	0	134	410	0	1114	104	294	384	604	214	1596	0	1660	1952	15970	1602	0	0	1562	378	194	720	322	650	5004	5790	1542	
15000	Cerebelum_10_L	0	0	0	0	0	0	0	0	0	0	0	0	0	0	0	0	0	0	0	0	0	0	0	0	0	0	0	0	0	0	0	0	0	0	0	0	0	0	0	0	0	0	0	0	0	0	0	0	0	0	0	0	0	0	0	0	0	0	0	0	0	0	0	0	0	0	0	0	0	0	0	0	0	0	0	0	0	0	0	0	0	0	0	0	0	0	0	0	0	0	240	0	150	0	0	0	0	0	134	0	760	0	3034	0	3182	0	0	0	0	0	0	0	0	0	0	0	
6360	Cerebelum_10_R	0	0	0	0	0	0	0	0	0	0	0	0	0	0	0	0	0	0	0	0	0	0	0	0	0	0	0	0	0	0	0	0	0	0	0	0	0	0	0	0	0	0	0	0	0	0	0	0	0	0	0	0	0	0	0	0	0	0	0	0	0	0	0	0	0	0	0	0	0	0	0	0	0	0	0	0	0	0	0	0	0	0	0	0	0	0	0	0	0	0	0	0	0	122	0	0	0	120	0	254	0	0	0	1122	0	1562	0	0	0	0	0	0	0	0	0	0	
18744	Vermis_1_2	0	0	0	0	0	0	0	0	0	0	0	0	0	0	0	0	0	0	0	0	0	0	0	0	0	0	0	0	0	0	0	0	0	0	0	0	0	0	88	0	0	0	0	0	0	0	98	128	0	0	0	0	0	0	0	0	0	0	0	0	0	0	0	0	0	0	0	0	0	0	0	0	0	0	0	0	0	0	0	0	0	0	0	0	0	0	0	0	0	0	312	234	88	404	410	146	316	0	268	96	0	0	248	252	0	378	0	0	0	2882	676	684	536	530	420	178	
19320	Vermis_3	0	0	0	0	0	0	0	0	0	0	0	0	0	0	0	0	0	0	0	0	0	0	0	0	0	0	0	0	0	0	0	0	0	0	0	0	0	0	232	0	0	0	0	0	0	0	0	242	0	0	0	0	0	0	0	0	0	0	0	0	0	0	0	0	0	0	0	0	0	0	0	0	0	0	0	0	0	0	0	0	0	0	0	0	0	0	0	0	0	0	284	230	0	338	410	770	584	376	230	180	0	0	226	228	0	194	0	0	2882	0	828	428	442	314	242	0	
198456	Vermis_4_5	0	0	0	0	0	0	0	0	0	0	0	0	0	0	0	0	0	0	0	0	0	0	0	0	0	0	0	0	0	0	0	0	0	0	0	594	0	728	0	644	0	0	0	254	0	0	5294	4610	0	0	130	0	96	150	860	3662	0	130	0	0	0	0	0	0	0	0	0	1676	0	180	0	0	0	0	0	0	0	284	0	0	0	0	0	0	0	0	0	0	0	0	3478	9562	1004	1622	580	778	12462	13906	6612	12704	318	118	1356	886	578	720	0	0	676	828	0	6538	1628	1740	1146	696	
221184	Vermis_6	0	0	0	0	0	0	0	0	0	0	0	0	0	0	0	0	0	0	0	0	0	0	0	0	0	0	0	0	0	0	0	0	0	0	0	0	0	0	0	0	0	0	92	138	0	0	5234	6374	0	0	126	0	0	318	1222	4432	0	0	0	0	0	0	0	0	0	0	0	0	0	0	0	0	0	0	0	0	0	0	0	0	0	0	0	0	0	0	0	0	0	172	11056	11818	4310	5378	284	98	3934	3918	12248	12960	754	244	2766	584	748	322	0	0	684	428	6538	0	7890	2230	1434	1858	
