data	data	544580	337296	823332	768144	91048	127076	583020	226132	42632	27916	195132	219504	207100	155728	128520	122600	238208	84784	574972	787016	85284	103680	310632	360460	42548	80184	58796	67292	505716	281796	355984	545716	108056	423424	140908	184456	308272	415872	87972	319308	44284	61780	303452	418920	241860	403048	348956	532248	260988	388288	543600	276872	196332	86048	470208	737552	343804	182888	143020	81096	253220	85356	162064	146356	179232	111996	254888	503276	259104	149136	252004	346736	349060	391332	35912	32500	166708	222780	84428	44596	234504	118664	86432	29280	291252	208424	28956	17768	287620	275852	728196	641148	492312	453944	63488	84008	463040	427264	569192	652508	334584	127116	540064	512924	181992	213608	21160	26036	58492	107912	464868	244696	436776	250856	187432	140160	
data	data	Precentral_L	Precentral_R	Frontal_Sup_L	Frontal_Sup_R	Frontal_Sup_Orb_L	Frontal_Sup_Orb_R	Frontal_Mid_L	Frontal_Mid_R	Frontal_Mid_Orb_L	Frontal_Mid_Orb_R	Frontal_Inf_Oper_L	Frontal_Inf_Oper_R	Frontal_Inf_Tri_L	Frontal_Inf_Tri_R	Frontal_Inf_Orb_L	Frontal_Inf_Orb_R	Rolandic_Oper_L	Rolandic_Oper_R	Supp_Motor_Area_L	Supp_Motor_Area_R	Olfactory_L	Olfactory_R	Frontal_Sup_Medial_L	Frontal_Sup_Medial_R	Frontal_Med_Orb_L	Frontal_Med_Orb_R	Rectus_L	Rectus_R	Insula_L	Insula_R	Cingulum_Ant_L	Cingulum_Ant_R	Cingulum_Mid_L	Cingulum_Mid_R	Cingulum_Post_L	Cingulum_Post_R	Hippocampus_L	Hippocampus_R	ParaHippocampal_L	ParaHippocampal_R	Amygdala_L	Amygdala_R	Calcarine_L	Calcarine_R	Cuneus_L	Cuneus_R	Lingual_L	Lingual_R	Occipital_Sup_L	Occipital_Sup_R	Occipital_Mid_L	Occipital_Mid_R	Occipital_Inf_L	Occipital_Inf_R	Fusiform_L	Fusiform_R	Postcentral_L	Postcentral_R	Parietal_Sup_L	Parietal_Sup_R	Parietal_Inf_L	Parietal_Inf_R	SupraMarginal_L	SupraMarginal_R	Angular_L	Angular_R	Precuneus_L	Precuneus_R	Paracentral_Lobule_L	Paracentral_Lobule_R	Caudate_L	Caudate_R	Putamen_L	Putamen_R	Pallidum_L	Pallidum_R	Thalamus_L	Thalamus_R	Heschl_L	Heschl_R	Temporal_Sup_L	Temporal_Sup_R	Temporal_Pole_Sup_L	Temporal_Pole_Sup_R	Temporal_Mid_L	Temporal_Mid_R	Temporal_Pole_Mid_L	Temporal_Pole_Mid_R	Temporal_Inf_L	Temporal_Inf_R	Cerebelum_Crus1_L	Cerebelum_Crus1_R	Cerebelum_Crus2_L	Cerebelum_Crus2_R	Cerebelum_3_L	Cerebelum_3_R	Cerebelum_4_5_L	Cerebelum_4_5_R	Cerebelum_6_L	Cerebelum_6_R	Cerebelum_7b_L	Cerebelum_7b_R	Cerebelum_8_L	Cerebelum_8_R	Cerebelum_9_L	Cerebelum_9_R	Cerebelum_10_L	Cerebelum_10_R	Vermis_1_2	Vermis_3	Vermis_4_5	Vermis_6	Vermis_7	Vermis_8	Vermis_9	Vermis_10	
544580	Precentral_L	0	10500	21238	4728	0	0	37392	570	0	0	8350	0	1548	0	0	0	10470	132	11770	12978	0	0	116	0	0	0	0	0	8832	0	290	236	288	8130	2140	1886	9516	892	524	274	0	0	204	88	612	624	94	0	338	618	2962	0	2190	0	2576	116	34252	470	548	0	6842	100	3794	262	332	0	576	1006	19250	5340	2236	1094	7180	288	1566	0	11668	1132	3264	0	4524	0	0	0	2130	0	0	0	1112	102	0	0	0	0	0	0	0	0	0	0	0	0	0	0	0	0	0	0	0	0	0	0	0	0	0	0	
337296	Precentral_R	10500	0	3018	18622	0	0	2284	7910	0	0	0	13294	0	122	0	0	142	1488	2788	9414	0	0	196	0	0	0	0	0	450	2720	390	202	206	4104	1544	2246	1700	9486	124	3586	0	0	0	1464	0	1354	0	612	0	1518	78	306	0	300	212	6468	2504	11454	0	268	262	578	0	1602	0	0	0	3294	5688	4204	1728	1982	1272	4674	0	976	1940	10036	134	268	158	346	0	0	100	938	0	0	120	5070	0	0	0	0	0	0	0	124	0	80	0	0	0	0	0	0	0	0	0	0	0	0	0	0	0	0	
823332	Frontal_Sup_L	21238	3018	0	5434	6500	0	69392	948	1514	0	12402	802	18158	434	8352	216	13598	0	64328	10906	472	96	36088	2190	2488	0	932	0	32268	304	14828	4050	2120	2248	254	260	3876	494	124	136	0	0	0	0	0	182	0	0	0	164	234	0	0	0	432	116	2008	130	0	0	174	0	0	0	0	0	0	352	7718	274	10220	1394	25002	1118	3062	0	6906	852	888	0	7730	0	1918	0	114	0	0	0	132	78	0	0	0	0	0	0	0	0	0	0	0	0	0	0	0	0	0	0	0	0	0	0	0	0	0	0	
768144	Frontal_Sup_R	4728	18622	5434	0	0	9344	2270	30872	0	1882	1730	12828	234	12994	0	10976	832	2920	12458	57256	84	304	10698	42270	272	3038	0	98	1514	11564	8610	34572	1164	17282	532	534	586	3892	0	1514	0	214	0	182	0	202	0	196	0	288	0	0	0	0	184	1052	1130	782	0	0	196	0	0	0	0	0	0	376	2468	188	2444	13250	822	18392	0	2152	1466	12184	0	0	130	154	388	0	0	136	0	0	86	662	0	96	0	0	0	0	0	212	0	132	0	0	0	0	0	0	0	0	0	0	0	0	0	0	0	0	
91048	Frontal_Sup_Orb_L	0	0	6500	0	0	0	390	0	5998	0	0	0	148	0	8242	0	0	0	256	0	2438	354	4700	96	2758	0	3332	112	3144	0	3616	378	0	0	0	0	0	0	0	0	0	0	0	0	0	0	0	0	0	0	0	0	0	0	0	0	0	0	0	0	0	0	0	0	0	0	0	0	0	0	756	156	2026	0	0	0	0	0	0	0	0	0	124	0	0	0	0	0	0	0	0	0	0	0	0	0	0	0	0	0	0	0	0	0	0	0	0	0	0	0	0	0	0	0	0	0	
127076	Frontal_Sup_Orb_R	0	0	0	9344	0	0	0	1038	0	4028	0	0	0	650	0	9096	0	0	0	0	1308	3312	0	5780	162	6634	428	5740	0	4060	626	2900	0	0	0	0	0	0	0	0	0	536	0	0	0	0	0	0	0	0	0	0	0	0	0	0	0	0	0	0	0	0	0	0	0	0	0	0	0	0	324	1952	214	5406	0	0	0	0	0	0	0	0	0	0	0	0	0	0	0	0	0	0	0	0	0	0	0	0	0	0	0	0	0	0	0	0	0	0	0	0	0	0	0	0	0	0	
583020	Frontal_Mid_L	37392	2284	69392	2270	390	0	0	746	2308	0	14232	88	33330	0	8888	0	7600	0	11668	2474	0	0	14548	516	0	0	0	0	26962	0	3646	1304	2600	732	814	904	6042	910	236	224	0	0	0	0	0	216	0	0	0	208	756	0	274	0	758	100	5142	120	184	0	302	0	0	0	0	0	176	374	804	88	5022	628	8270	710	678	0	6378	1308	1784	0	3504	0	284	0	492	0	0	0	450	0	0	0	0	0	0	0	0	0	0	0	0	0	0	0	0	0	0	0	0	0	0	0	0	0	0	0	
226132	Frontal_Mid_R	570	7910	948	30872	0	1038	746	0	0	2348	112	12074	0	12182	0	4898	94	2254	968	5362	0	0	618	2788	0	0	0	0	120	4724	372	906	0	1216	0	0	0	2696	0	1348	0	0	0	234	0	118	0	226	0	110	0	0	0	0	0	1946	0	712	0	0	0	0	0	0	0	0	0	442	0	0	1122	1312	802	5182	0	1110	0	944	0	86	0	340	0	0	0	0	0	0	0	1216	0	0	0	0	0	0	0	0	0	0	0	0	0	0	0	0	0	0	0	0	0	0	0	0	0	0	
42632	Frontal_Mid_Orb_L	0	0	1514	0	5998	0	2308	0	0	0	0	0	1786	0	8358	0	0	0	0	0	0	0	204	0	0	0	330	0	388	0	0	0	0	0	0	0	0	0	0	0	0	0	0	0	0	0	0	0	0	0	0	0	0	0	0	0	0	0	0	0	0	0	0	0	0	0	0	0	0	0	86	0	344	0	0	0	0	0	0	0	0	0	0	0	0	0	0	0	0	0	0	0	0	0	0	0	0	0	0	0	0	0	0	0	0	0	0	0	0	0	0	0	0	0	0	0	
27916	Frontal_Mid_Orb_R	0	0	0	1882	0	4028	0	2348	0	0	0	0	0	136	0	5486	0	0	0	0	0	0	0	0	0	0	0	0	0	0	0	0	0	0	0	0	0	0	0	0	0	0	0	0	0	0	0	0	0	0	0	0	0	0	0	0	0	0	0	0	0	0	0	0	0	0	0	0	0	0	0	0	0	78	0	0	0	0	0	0	0	0	0	0	0	0	0	0	0	0	0	0	0	0	0	0	0	0	0	0	0	0	0	0	0	0	0	0	0	0	0	0	0	0	0	0	
195132	Frontal_Inf_Oper_L	8350	0	12402	1730	0	0	14232	112	0	0	0	494	8504	346	0	116	10350	0	6812	458	0	0	634	1626	0	0	0	0	12276	0	1778	2634	0	0	0	0	1232	0	0	0	0	0	0	0	0	0	0	0	0	0	0	0	0	0	358	0	2722	0	0	0	0	0	0	0	0	0	0	0	0	0	1212	2160	1432	228	0	0	156	0	918	0	2068	0	2082	0	0	0	0	0	144	0	0	0	0	0	0	0	0	0	0	0	0	0	0	0	0	0	0	0	0	0	0	0	0	0	0	0	
219504	Frontal_Inf_Oper_R	0	13294	802	12828	0	0	88	12074	0	0	494	0	82	9510	0	270	0	2776	624	8156	0	0	170	546	0	0	0	0	320	13356	284	1140	0	176	0	0	0	5102	0	3192	0	0	0	0	0	0	0	332	0	0	0	0	0	0	0	3850	0	4138	0	0	0	0	0	0	0	0	0	172	0	0	794	908	78	9702	0	830	0	1086	0	246	0	246	0	0	0	80	0	0	0	1888	0	0	0	0	0	0	0	118	0	0	0	0	0	0	0	0	0	0	0	0	0	0	0	0	0	0	
207100	Frontal_Inf_Tri_L	1548	0	18158	234	148	0	33330	0	1786	0	8504	82	0	0	11542	0	368	0	1150	0	0	0	1482	252	0	0	0	0	21758	0	982	590	78	0	0	0	342	0	0	0	0	0	0	0	0	0	0	0	0	0	0	0	0	0	0	0	128	0	0	0	0	0	0	0	0	0	0	0	0	0	170	366	438	0	0	0	0	0	0	0	0	0	114	0	0	0	0	0	0	0	0	0	0	0	0	0	0	0	0	0	0	0	0	0	0	0	0	0	0	0	0	0	0	0	0	0	
155728	Frontal_Inf_Tri_R	0	122	434	12994	0	650	0	12182	0	136	346	9510	0	0	0	10506	88	408	972	4926	0	0	408	2978	0	0	0	0	224	11946	840	3692	0	764	0	0	0	468	0	270	0	0	0	0	0	0	0	0	0	0	0	0	0	0	0	134	0	0	0	0	0	0	0	0	0	0	0	0	0	0	318	358	0	2190	0	0	0	0	0	0	0	0	0	0	0	0	0	0	0	0	0	0	0	0	0	0	0	0	0	0	0	0	0	0	0	0	0	0	0	0	0	0	0	0	0	0	
128520	Frontal_Inf_Orb_L	0	0	8352	0	8242	0	8888	0	8358	0	0	0	11542	0	0	0	0	0	264	0	1252	310	574	0	0	0	1410	0	10656	0	194	80	0	0	0	0	0	0	0	0	0	0	0	0	0	0	0	0	0	0	0	0	0	0	0	0	0	0	0	0	0	0	0	0	0	0	0	0	0	0	498	162	2688	0	0	0	0	0	0	0	0	0	790	0	0	0	0	0	0	0	0	0	0	0	0	0	0	0	0	0	0	0	0	0	0	0	0	0	0	0	0	0	0	0	0	0	
122600	Frontal_Inf_Orb_R	0	0	216	10976	0	9096	0	4898	0	5486	116	270	0	10506	0	0	0	0	0	698	396	828	282	3686	0	324	110	840	102	6252	712	2840	0	0	0	0	0	226	0	0	0	354	0	0	0	0	0	0	0	0	0	0	0	0	0	0	0	0	0	0	0	0	0	0	0	0	0	0	0	0	172	212	104	1598	0	0	0	0	0	0	0	0	0	0	0	0	0	0	0	0	0	0	0	0	0	0	0	0	0	0	0	0	0	0	0	0	0	0	0	0	0	0	0	0	0	0	
238208	Rolandic_Oper_L	10470	142	13598	832	0	0	7600	94	0	0	10350	0	368	88	0	0	0	0	6400	234	0	0	210	658	0	0	0	0	16910	0	374	804	0	0	0	0	1872	0	138	0	0	0	0	0	110	136	0	0	168	140	1308	0	482	0	1212	0	9766	0	374	0	1012	0	1898	0	304	0	176	170	0	0	728	496	640	0	0	0	212	0	5388	0	17520	0	1640	0	1580	0	0	0	2502	0	0	0	0	0	0	0	0	0	0	0	0	0	0	0	0	0	0	0	0	0	0	0	0	0	0	0	
84784	Rolandic_Oper_R	132	1488	0	2920	0	0	0	2254	0	0	0	2776	0	408	0	0	0	0	96	3980	0	0	0	0	0	0	0	0	0	7468	0	208	0	146	0	0	0	1746	0	838	0	0	0	0	0	452	0	0	0	490	0	0	0	0	0	320	0	4610	0	0	0	0	0	3250	0	0	0	730	184	0	0	362	0	3742	0	632	0	460	0	1426	0	1274	0	0	0	0	0	0	0	0	0	0	0	0	0	0	0	0	0	0	0	0	0	0	0	0	0	0	0	0	0	0	0	0	0	0	
574972	Supp_Motor_Area_L	11770	2788	64328	12458	256	0	11668	968	0	0	6812	624	1150	972	264	0	6400	96	0	43010	0	0	6190	4544	110	0	202	0	11762	558	6742	9208	5428	22566	838	756	2342	0	0	0	0	0	182	0	482	0	108	0	0	0	102	0	0	0	242	0	366	0	0	0	128	0	0	0	0	0	254	274	13254	862	5944	1350	15894	476	3060	0	3174	0	130	0	4692	0	1702	0	0	0	0	0	0	0	0	0	0	0	0	0	0	0	0	0	0	0	0	0	0	0	0	0	0	0	0	0	0	0	0	0	
787016	Supp_Motor_Area_R	12978	9414	10906	57256	0	0	2474	5362	0	0	458	8156	0	4926	0	698	234	3980	43010	0	0	0	3236	11834	0	164	0	0	806	7142	9626	24970	5368	46724	1868	4306	156	3630	0	1968	0	232	442	736	704	208	204	764	0	106	0	0	0	0	0	2794	158	1588	0	0	0	0	0	0	0	0	376	3362	20524	16808	1504	27268	1888	10932	0	1670	0	16270	0	688	178	416	0	134	0	202	0	0	0	1702	0	0	0	0	0	0	0	0	0	0	0	0	0	0	0	0	0	0	0	0	0	0	0	0	0	0	
85284	Olfactory_L	0	0	472	84	2438	1308	0	0	0	0	0	0	0	0	1252	396	0	0	0	0	0	5932	0	100	610	714	4006	2910	3460	942	2676	2502	0	0	0	0	448	0	890	0	1524	0	0	0	0	0	0	0	0	0	0	0	0	0	580	0	0	0	0	0	0	0	0	0	0	0	0	0	0	0	4694	1838	2034	374	0	0	0	80	0	0	0	0	228	0	0	0	0	0	150	0	0	0	0	0	0	0	0	0	0	0	0	0	0	0	0	0	0	0	0	0	0	0	0	0	0	0	
103680	Olfactory_R	0	0	96	304	354	3312	0	0	0	0	0	0	0	0	310	828	0	0	0	0	5932	0	0	216	200	1678	3000	5424	0	2406	3032	4002	0	0	0	0	0	0	0	0	0	116	0	0	0	0	0	0	0	0	0	0	0	0	0	0	0	0	0	0	0	0	0	0	0	0	0	0	0	0	7670	6442	5290	1228	0	0	0	0	0	0	0	0	0	0	0	0	0	0	0	0	0	0	0	0	0	0	0	0	0	0	0	0	0	0	0	0	0	0	0	0	0	0	0	0	0	0	
310632	Frontal_Sup_Medial_L	116	196	36088	10698	4700	0	14548	618	204	0	634	170	1482	408	574	282	210	0	6190	3236	0	0	0	17792	3532	824	546	0	4750	368	16168	11898	2656	7372	0	0	0	144	0	0	0	0	0	0	0	80	0	0	0	0	0	0	0	0	0	0	0	0	0	0	0	0	0	0	0	0	0	162	0	0	2440	1884	2614	1392	0	0	88	252	0	0	0	0	0	0	0	0	0	0	0	0	0	0	0	0	0	0	0	0	0	0	0	0	0	0	0	0	0	0	0	0	0	0	0	0	0	0	
360460	Frontal_Sup_Medial_R	0	0	2190	42270	96	5780	516	2788	0	0	1626	546	252	2978	0	3686	658	0	4544	11834	100	216	17792	0	1336	5900	94	570	1354	2946	9920	29846	644	12936	0	0	0	84	0	0	0	0	0	0	0	0	0	0	0	0	0	0	0	0	0	0	0	0	0	0	0	0	0	0	0	0	0	0	0	0	2174	5004	590	8562	0	0	0	0	0	0	0	0	398	0	0	0	0	0	0	0	0	0	0	0	0	0	0	0	0	0	0	0	0	0	0	0	0	0	0	0	0	0	0	0	0	0	
42548	Frontal_Med_Orb_L	0	0	2488	272	2758	162	0	0	0	0	0	0	0	0	0	0	0	0	110	0	610	200	3532	1336	0	1856	1164	318	0	0	3882	1418	0	0	0	0	0	0	0	0	0	0	0	0	0	0	0	0	0	0	0	0	0	0	0	0	0	0	0	0	0	0	0	0	0	0	0	0	0	0	652	170	260	86	0	0	0	0	0	0	0	0	0	0	0	0	0	0	0	0	0	0	0	0	0	0	0	0	0	0	0	0	0	0	0	0	0	0	0	0	0	0	0	0	0	0	
80184	Frontal_Med_Orb_R	0	0	0	3038	0	6634	0	0	0	0	0	0	0	0	0	324	0	0	0	164	714	1678	824	5900	1856	0	606	5660	0	86	1772	5472	0	0	0	0	0	0	0	0	0	0	0	0	0	0	0	0	0	0	0	0	0	0	0	0	0	0	0	0	0	0	0	0	0	0	0	0	0	0	398	1940	136	2890	0	0	0	0	0	0	0	0	0	0	0	0	0	0	0	0	0	0	0	0	0	0	0	0	0	0	0	0	0	0	0	0	0	0	0	0	0	0	0	0	0	0	
58796	Rectus_L	0	0	932	0	3332	428	0	0	330	0	0	0	0	0	1410	110	0	0	202	0	4006	3000	546	94	1164	606	0	1456	532	0	3464	2674	0	0	0	0	0	0	0	0	0	0	0	0	0	0	0	0	0	0	0	0	0	0	0	0	0	0	0	0	0	0	0	0	0	0	0	0	0	0	2596	994	1374	148	0	0	0	0	0	0	0	0	0	0	0	0	0	0	0	0	0	0	0	0	0	0	0	0	0	0	0	0	0	0	0	0	0	0	0	0	0	0	0	0	0	0	
67292	Rectus_R	0	0	0	98	112	5740	0	0	0	0	0	0	0	0	0	840	0	0	0	0	2910	5424	0	570	318	5660	1456	0	0	1212	1718	3408	0	0	0	0	0	0	0	0	0	0	0	0	0	0	0	0	0	0	0	0	0	0	0	0	0	0	0	0	0	0	0	0	0	0	0	0	0	0	1248	1854	670	408	0	0	0	0	0	0	0	0	0	0	0	0	0	0	0	0	0	0	0	0	0	0	0	0	0	0	0	0	0	0	0	0	0	0	0	0	0	0	0	0	0	0	
505716	Insula_L	8832	450	32268	1514	3144	0	26962	120	388	0	12276	320	21758	224	10656	102	16910	0	11762	806	3460	0	4750	1354	0	0	532	0	0	0	2940	2312	112	0	272	226	15130	140	1050	0	2458	0	0	0	0	196	0	0	0	196	750	0	760	0	7136	0	3216	0	0	0	144	0	476	0	0	0	164	276	148	0	2524	1738	16498	120	0	0	1622	140	7740	0	12054	0	6892	0	1216	0	182	0	5442	0	0	0	0	0	0	0	0	0	0	0	0	0	0	0	0	0	0	0	0	0	0	0	0	0	0	0	
281796	Insula_R	0	2720	304	11564	0	4060	0	4724	0	0	0	13356	0	11946	0	6252	0	7468	558	7142	942	2406	368	2946	0	86	0	1212	0	0	724	3354	0	554	232	418	362	9910	0	4742	0	2582	0	86	0	0	0	148	0	84	0	0	0	0	0	5080	0	1422	0	0	0	0	0	546	0	0	0	240	0	0	456	570	190	18284	0	90	276	2508	0	2786	0	3036	0	742	0	786	0	0	0	2442	0	0	0	0	0	0	0	194	0	0	0	0	0	0	0	0	0	0	0	0	0	0	0	0	0	0	
355984	Cingulum_Ant_L	290	390	14828	8610	3616	626	3646	372	0	0	1778	284	982	840	194	712	374	0	6742	9626	2676	3032	16168	9920	3882	1772	3464	1718	2940	724	0	33094	4368	5548	0	0	0	168	0	80	0	0	0	122	0	138	0	0	0	98	0	0	0	0	0	0	0	0	0	0	0	0	0	0	0	0	0	274	0	0	6466	10824	9880	4500	0	0	468	1398	0	0	98	0	262	0	0	0	0	0	0	0	0	0	0	0	0	0	0	0	0	0	0	0	0	0	0	0	0	0	0	0	0	0	0	0	0	0	
545716	Cingulum_Ant_R	236	202	4050	34572	378	2900	1304	906	0	0	2634	1140	590	3692	80	2840	804	208	9208	24970	2502	4002	11898	29846	1418	5472	2674	3408	2312	3354	33094	0	3170	18232	0	0	0	304	0	160	0	0	0	0	0	0	0	0	0	0	0	0	0	0	0	0	0	0	0	0	0	0	0	0	0	0	0	156	0	0	6202	26568	3970	20144	0	124	614	1892	0	0	86	0	542	0	0	0	0	0	0	0	0	0	0	0	0	0	0	0	0	0	0	0	0	0	0	0	0	0	0	0	0	0	0	0	0	0	
108056	Cingulum_Mid_L	288	206	2120	1164	0	0	2600	0	0	0	0	0	78	0	0	0	0	0	5428	5368	0	0	2656	644	0	0	0	0	112	0	4368	3170	0	10624	4172	1162	0	0	0	0	0	0	176	0	1144	0	0	0	172	0	174	0	156	0	180	0	234	0	0	0	0	0	0	0	0	0	2552	886	3502	442	0	166	0	84	0	0	0	0	0	0	0	0	0	0	0	0	0	0	0	0	0	0	0	0	0	0	0	0	0	0	0	0	0	0	0	0	0	0	0	0	0	0	0	0	0	0	
423424	Cingulum_Mid_R	8130	4104	2248	17282	0	0	732	1216	0	0	0	176	0	764	0	0	0	146	22566	46724	0	0	7372	12936	0	0	0	0	0	554	5548	18232	10624	0	1748	7964	0	152	0	106	0	0	0	1262	96	612	0	572	0	332	0	126	0	0	0	202	0	886	0	0	0	0	0	0	0	0	370	8144	13790	13550	0	918	0	978	0	0	0	110	0	0	0	0	0	0	0	220	0	0	0	220	0	0	0	0	0	0	0	0	0	0	0	0	0	0	0	0	0	0	0	0	0	0	0	0	0	0	
140908	Cingulum_Post_L	2140	1544	254	532	0	0	814	0	0	0	0	0	0	0	0	0	0	0	838	1868	0	0	0	0	0	0	0	0	272	232	0	0	4172	1748	0	9820	7946	3878	1606	784	0	0	2600	88	4272	80	1478	216	1350	0	1014	0	100	0	1946	484	638	0	0	0	270	0	204	0	114	0	7408	660	4034	1008	116	0	0	0	0	0	396	1398	376	96	304	0	0	0	464	0	0	0	712	180	0	0	0	0	0	0	0	0	0	0	0	0	0	0	0	0	0	0	0	0	0	0	0	0	0	0	
184456	Cingulum_Post_R	1886	2246	260	534	0	0	904	0	0	0	0	0	0	0	0	0	0	0	756	4306	0	0	0	0	0	0	0	0	226	418	0	0	1162	7964	9820	0	6468	9654	902	3860	0	0	0	2600	350	762	0	3362	0	0	0	0	0	0	444	4396	0	742	0	0	0	0	0	0	0	0	528	11832	1418	4498	134	0	82	98	0	0	2318	3148	330	202	80	0	0	0	0	152	0	0	316	2700	0	0	0	0	0	0	0	0	0	0	0	0	0	0	0	0	0	0	0	0	370	0	0	0	0	0	
308272	Hippocampus_L	9516	1700	3876	586	0	0	6042	0	0	0	1232	0	342	0	0	0	1872	0	2342	156	448	0	0	0	0	0	0	0	15130	362	0	0	0	0	7946	6468	0	5316	13644	1202	6846	0	1448	0	166	0	3910	324	0	0	0	0	0	0	17352	560	882	0	0	0	150	0	180	0	0	0	4608	332	1316	0	148	0	9040	104	716	0	4932	2716	3160	164	2854	0	1594	0	1460	0	390	0	10436	0	0	0	0	0	0	0	168	0	0	0	0	0	0	0	0	0	0	0	0	0	0	0	0	0	0	0	
415872	Hippocampus_R	892	9486	494	3892	0	0	910	2696	0	0	0	5102	0	468	0	226	0	1746	0	3630	0	0	144	84	0	0	0	0	140	9910	168	304	0	152	3878	9654	5316	0	846	40042	0	9000	0	1008	0	194	0	5008	0	130	0	0	0	0	374	34212	0	2068	0	0	0	0	0	1028	0	0	0	6046	86	414	854	186	514	16718	0	914	2852	8148	156	1674	0	1032	0	1096	0	308	0	346	124	5454	0	1480	0	178	0	0	120	3520	0	1850	0	0	0	170	0	0	0	0	0	0	494	0	0	0	0	0	
87972	ParaHippocampal_L	524	124	124	0	0	0	236	0	0	0	0	0	0	0	0	0	138	0	0	0	890	0	0	0	0	0	0	0	1050	0	0	0	0	0	1606	902	13644	846	0	444	3980	0	362	0	0	0	2616	158	0	0	0	0	90	0	9412	230	0	0	0	0	0	0	0	0	0	0	1274	192	0	0	0	0	924	0	0	0	664	206	0	0	296	0	262	0	0	0	0	0	1184	0	356	0	152	0	188	0	416	0	496	0	0	0	0	0	0	0	0	0	0	0	0	0	0	0	0	0	
319308	ParaHippocampal_R	274	3586	136	1514	0	0	224	1348	0	0	0	3192	0	270	0	0	0	838	0	1968	0	0	0	0	0	0	0	0	0	4742	80	160	0	106	784	3860	1202	40042	444	0	0	7454	0	1410	0	0	0	7916	0	0	0	0	0	0	226	29902	0	780	0	0	0	0	0	0	0	0	0	5754	0	234	290	114	164	10790	0	802	1150	3906	0	776	0	356	0	1310	0	0	0	1180	0	3322	0	2752	0	334	0	0	130	6424	0	3514	0	90	0	1496	0	1722	0	104	0	82	400	0	0	0	0	0	
44284	Amygdala_L	0	0	0	0	0	0	0	0	0	0	0	0	0	0	0	0	0	0	0	0	1524	0	0	0	0	0	0	0	2458	0	0	0	0	0	0	0	6846	0	3980	0	0	0	0	0	0	0	0	0	0	0	0	0	0	0	4290	0	0	0	0	0	0	0	0	0	0	0	0	0	0	0	0	0	488	0	0	0	0	0	0	0	258	0	844	0	154	0	98	0	1202	0	0	0	0	0	0	0	0	0	0	0	0	0	0	0	0	0	0	0	0	0	0	0	0	0	0	0	
61780	Amygdala_R	0	0	0	214	0	536	0	0	0	0	0	0	0	0	0	354	0	0	0	232	0	116	0	0	0	0	0	0	0	2582	0	0	0	0	0	0	0	9000	0	7454	0	0	0	0	0	0	0	0	0	0	0	0	0	0	0	4940	0	0	0	0	0	0	0	0	0	0	0	0	0	0	0	138	0	2400	0	0	0	0	0	0	0	0	0	1852	0	0	0	1072	0	0	0	0	0	0	0	0	0	0	0	0	0	0	0	0	0	0	0	0	0	0	0	0	0	0	0	0	
303452	Calcarine_L	204	0	0	0	0	0	0	0	0	0	0	0	0	0	0	0	0	0	182	442	0	0	0	0	0	0	0	0	0	0	0	0	176	0	2600	0	1448	0	362	0	0	0	0	7380	21042	3644	18018	4388	18936	906	29858	218	10764	342	6044	780	3984	0	1378	288	0	0	0	0	0	0	13774	674	1436	0	0	0	0	0	0	0	0	0	0	0	0	0	0	0	1590	0	0	0	542	0	86	0	78	0	0	0	0	0	162	0	0	0	0	0	0	0	0	0	0	0	0	0	0	0	0	0	
418920	Calcarine_R	88	1464	0	182	0	0	0	234	0	0	0	0	0	0	0	0	0	0	0	736	0	0	0	0	0	0	0	0	0	86	122	0	0	1262	88	2600	0	1008	0	1410	0	0	7380	0	3688	32430	1090	32870	0	23056	0	13862	0	6122	0	24384	0	3530	0	3142	0	1294	0	534	0	892	706	28004	0	1736	316	0	256	0	0	0	0	102	0	0	0	88	0	0	0	4846	0	0	0	7734	0	204	0	0	0	0	0	548	0	1280	0	0	0	0	0	0	0	0	0	0	86	0	0	0	0	0	
241860	Cuneus_L	612	0	0	0	0	0	0	0	0	0	0	0	0	0	0	0	110	0	482	704	0	0	0	0	0	0	0	0	0	0	0	0	1144	96	4272	350	166	0	0	0	0	0	21042	3688	0	7262	4848	580	24162	650	12388	92	1430	0	1796	210	4434	0	1944	294	2104	0	962	0	1014	0	14460	2240	2298	90	0	0	0	0	0	0	0	0	0	0	558	0	0	0	2756	0	0	0	1590	102	0	0	0	0	0	0	0	0	0	0	0	0	0	0	0	0	0	0	0	0	0	0	0	0	0	0	
403048	Cuneus_R	624	1354	182	202	0	0	216	118	0	0	0	0	0	0	0	0	136	452	0	208	0	0	80	0	0	0	0	0	196	0	138	0	0	612	80	762	0	194	0	0	0	0	3644	32430	7262	0	0	10748	0	46650	0	12084	0	2022	0	6382	388	4766	0	4802	122	2162	0	5882	0	910	2874	40832	0	584	544	0	562	0	0	0	0	0	0	0	0	1424	0	0	0	5066	0	0	0	2970	0	0	0	0	0	0	0	0	0	860	0	0	0	0	0	0	0	0	0	0	0	0	0	0	0	0	
348956	Lingual_L	94	0	0	0	0	0	0	0	0	0	0	0	0	0	0	0	0	0	108	204	0	0	0	0	0	0	0	0	0	0	0	0	0	0	1478	0	3910	0	2616	0	0	0	18018	1090	4848	0	0	5082	6842	0	16544	0	9880	410	21636	2018	560	0	0	0	0	0	0	0	0	0	8652	0	536	0	0	0	0	0	0	0	112	0	0	0	0	0	0	0	460	0	0	0	150	0	14150	2698	3180	222	514	0	10762	1286	22808	3440	140	0	252	0	0	0	0	0	0	0	4176	3890	1712	0	0	0	
532248	Lingual_R	0	612	0	196	0	0	0	226	0	0	0	332	0	0	0	0	0	0	0	764	0	0	0	0	0	0	0	0	0	148	0	0	0	572	216	3362	324	5008	158	7916	0	0	4388	32870	580	10748	5082	0	0	9652	194	9786	282	4410	1572	40364	0	408	0	544	0	134	0	0	0	100	102	14100	0	416	0	0	0	0	0	0	164	1248	0	118	0	0	0	0	0	1036	0	0	0	2906	5220	16966	1290	910	172	0	5502	12246	9206	21134	644	0	1792	424	430	0	0	0	0	90	12146	11650	4104	400	380	380	
260988	Occipital_Sup_L	338	0	0	0	0	0	0	0	0	0	0	0	0	0	0	0	168	0	0	0	0	0	0	0	0	0	0	0	0	0	0	0	172	0	1350	0	0	0	0	0	0	0	18936	0	24162	0	6842	0	0	0	36426	0	5188	0	1522	0	4128	0	7726	0	2896	0	1136	0	1282	0	12352	0	144	0	0	0	0	0	0	0	0	0	0	0	586	0	0	0	3284	0	0	0	1856	0	0	0	0	0	0	0	0	0	0	0	0	0	0	0	0	0	0	0	0	0	0	0	0	0	0	0	
388288	Occipital_Sup_R	618	1518	164	288	0	0	208	110	0	0	0	0	0	0	0	0	140	490	0	106	0	0	0	0	0	0	0	0	196	84	98	0	0	332	0	0	0	130	0	0	0	0	906	23056	650	46650	0	9652	0	0	0	25870	0	2176	0	7240	390	4268	0	6544	126	3386	0	6828	0	3514	1018	29870	0	0	446	0	476	0	0	0	0	0	0	132	0	2200	0	0	0	9250	0	0	0	3602	0	0	0	0	0	0	0	0	0	1412	0	0	0	0	0	0	0	0	0	0	0	0	0	0	0	0	
543600	Occipital_Mid_L	2962	78	234	0	0	0	756	0	0	0	0	0	0	0	0	0	1308	0	102	0	0	0	0	0	0	0	0	0	750	0	0	0	174	0	1014	0	0	0	0	0	0	0	29858	0	12388	0	16544	194	36426	0	0	0	24560	0	10952	0	14852	0	17150	0	20802	0	7320	0	26658	0	14154	0	636	0	0	0	0	0	0	0	0	0	450	0	2272	0	0	0	19446	0	0	0	6622	0	640	0	538	0	0	0	0	0	1658	0	0	0	0	0	0	0	0	0	0	0	0	302	0	0	0	0	
276872	Occipital_Mid_R	0	306	0	0	0	0	0	0	0	0	0	0	0	0	0	0	0	0	0	0	0	0	0	0	0	0	0	0	0	0	0	0	0	126	0	0	0	0	0	0	0	0	218	13862	92	12084	0	9786	0	25870	0	0	0	4574	0	7726	0	400	0	1248	0	4250	0	4582	0	15440	142	3632	0	124	0	0	0	0	0	0	0	0	0	180	0	4154	0	0	0	19768	0	0	0	8888	0	0	0	0	0	0	0	0	0	984	0	0	0	0	0	0	0	0	0	0	0	0	0	0	0	0	
196332	Occipital_Inf_L	2190	0	0	0	0	0	274	0	0	0	0	0	0	0	0	0	482	0	0	0	0	0	0	0	0	0	0	0	760	0	0	0	156	0	100	0	0	0	90	0	0	0	10764	0	1430	0	9880	282	5188	0	24560	0	0	0	16000	80	1990	0	636	0	168	0	104	0	138	0	2488	0	902	0	0	0	0	0	0	0	0	0	524	0	0	0	0	0	6074	0	0	0	4876	0	1884	300	1278	0	0	0	0	112	3264	286	0	0	0	0	0	0	0	0	0	0	196	306	404	0	0	0	
86048	Occipital_Inf_R	0	300	0	0	0	0	0	0	0	0	0	0	0	0	0	0	0	0	0	0	0	0	0	0	0	0	0	0	0	0	0	0	0	0	0	0	0	0	0	0	0	0	342	6122	0	2022	410	4410	0	2176	0	4574	0	0	0	8944	0	438	0	0	0	504	0	0	0	326	0	1462	0	0	0	0	0	0	0	0	0	0	0	0	0	108	0	0	0	1730	0	0	0	4902	132	630	0	100	0	0	0	0	478	1042	0	0	0	0	0	0	0	0	0	0	206	1128	538	0	0	0	
470208	Fusiform_L	2576	212	432	184	0	0	758	0	0	0	358	0	0	0	0	0	1212	0	242	0	580	0	0	0	0	0	0	0	7136	0	0	0	180	0	1946	444	17352	374	9412	226	4290	0	6044	0	1796	0	21636	1572	1522	0	10952	0	16000	0	0	390	1570	0	122	0	330	0	116	0	0	0	3396	118	1136	0	0	0	2524	0	0	0	412	108	3544	0	2352	0	2924	0	2624	0	1860	0	16912	0	26364	1484	9726	148	86	0	9210	1062	30946	1556	838	0	708	0	188	0	0	0	0	0	2964	1010	940	0	0	0	
737552	Fusiform_R	116	6468	116	1052	0	0	100	1946	0	0	0	3850	0	134	0	0	0	320	0	2794	0	0	0	0	0	0	0	0	0	5080	0	0	0	202	484	4396	560	34212	230	29902	0	4940	780	24384	210	6382	2018	40364	0	7240	0	7726	80	8944	390	0	0	1218	0	590	0	986	0	162	0	654	120	13242	0	1640	282	0	212	5764	0	364	246	3092	0	2932	0	2310	0	4568	0	2596	0	1768	0	29026	1620	27842	490	1984	0	0	2054	16038	2826	31406	106	0	520	3234	322	112	0	0	0	0	5174	4372	2652	286	276	270	
343804	Postcentral_L	34252	2504	2008	1130	0	0	5142	0	0	0	2722	0	128	0	0	0	9766	0	366	158	0	0	0	0	0	0	0	0	3216	0	0	0	234	0	638	0	882	0	0	0	0	0	3984	0	4434	388	560	0	4128	390	14852	0	1990	0	1570	0	0	98	11506	0	26270	0	12798	0	5230	0	4742	676	2920	0	320	0	228	0	144	0	550	0	2430	0	3142	0	0	0	4360	0	0	0	1046	0	0	0	0	0	0	0	0	0	0	0	0	0	0	0	0	0	0	0	0	0	0	0	0	0	0	0	
182888	Postcentral_R	470	11454	130	782	0	0	120	712	0	0	0	4138	0	0	0	0	0	4610	0	1588	0	0	0	0	0	0	0	0	0	1422	0	0	0	886	0	742	0	2068	0	780	0	0	0	3530	0	4766	0	408	0	4268	0	400	0	438	0	1218	98	0	0	7160	0	3518	0	10334	0	884	508	12612	0	4626	268	124	218	2194	0	304	0	480	0	270	0	408	0	0	0	1352	0	0	0	1156	0	0	0	0	0	0	0	0	0	0	0	0	0	0	0	0	0	0	0	0	0	0	0	0	0	0	
143020	Parietal_Sup_L	548	0	0	0	0	0	184	0	0	0	0	0	0	0	0	0	374	0	0	0	0	0	0	0	0	0	0	0	0	0	0	0	0	0	0	0	0	0	0	0	0	0	1378	0	1944	0	0	0	7726	0	17150	0	636	0	122	0	11506	0	0	0	9890	0	1874	0	8878	0	7894	0	0	0	0	0	0	0	0	0	0	0	0	0	714	0	0	0	520	0	0	0	172	0	0	0	0	0	0	0	0	0	0	0	0	0	0	0	0	0	0	0	0	0	0	0	0	0	0	0	
81096	Parietal_Sup_R	0	268	0	0	0	0	0	0	0	0	0	0	0	0	0	0	0	0	0	0	0	0	0	0	0	0	0	0	0	0	0	0	0	0	0	0	0	0	0	0	0	0	288	3142	294	4802	0	544	0	6544	0	1248	0	0	0	590	0	7160	0	0	0	2864	0	2208	0	1328	958	8044	0	0	0	0	0	0	0	0	0	0	0	0	0	0	0	0	0	152	0	0	0	0	0	0	0	0	0	0	0	0	0	114	0	0	0	0	0	0	0	0	0	0	0	0	0	0	0	0	
253220	Parietal_Inf_L	6842	262	174	196	0	0	302	0	0	0	0	0	0	0	0	0	1012	0	128	0	0	0	0	0	0	0	0	0	144	0	0	0	0	0	270	0	150	0	0	0	0	0	0	0	2104	122	0	0	2896	126	20802	0	168	0	330	0	26270	0	9890	0	0	0	19538	0	20922	0	2398	334	0	0	124	0	0	0	0	0	198	0	94	0	1520	0	0	0	7086	0	0	0	2208	0	0	0	0	0	0	0	0	0	0	0	0	0	0	0	0	0	0	0	0	0	0	0	0	0	0	0	
85356	Parietal_Inf_R	100	578	0	0	0	0	0	0	0	0	0	0	0	0	0	0	0	0	0	0	0	0	0	0	0	0	0	0	0	0	0	0	0	0	0	0	0	0	0	0	0	0	0	1294	0	2162	0	134	0	3386	0	4250	0	504	0	986	0	3518	0	2864	0	0	0	7526	0	10726	0	3006	0	0	204	0	154	0	0	0	0	0	0	0	0	522	0	0	0	534	0	0	0	230	0	0	0	0	0	0	0	0	0	0	0	0	0	0	0	0	0	0	0	0	0	0	0	0	0	0	
162064	SupraMarginal_L	3794	0	0	0	0	0	0	0	0	0	0	0	0	0	0	0	1898	0	0	0	0	0	0	0	0	0	0	0	476	0	0	0	0	0	204	0	180	0	0	0	0	0	0	0	962	0	0	0	1136	0	7320	0	104	0	116	0	12798	0	1874	0	19538	0	0	0	10450	0	1828	0	0	0	0	0	0	0	0	0	0	0	150	0	3920	0	0	0	11358	0	0	0	2926	0	0	0	0	0	0	0	0	0	0	0	0	0	0	0	0	0	0	0	0	0	0	0	0	0	0	0	
146356	SupraMarginal_R	262	1602	0	0	0	0	0	0	0	0	0	0	0	0	0	0	0	3250	0	0	0	0	0	0	0	0	0	0	0	546	0	0	0	0	0	0	0	1028	0	0	0	0	0	534	0	5882	0	0	0	6828	0	4582	0	0	0	162	0	10334	0	2208	0	7526	0	0	0	6972	0	7950	0	0	182	0	136	0	0	0	0	0	0	424	0	7826	0	0	0	3600	0	0	0	1344	0	0	0	0	0	0	0	0	0	0	0	0	0	0	0	0	0	0	0	0	0	0	0	0	0	0	
179232	Angular_L	332	0	0	0	0	0	0	0	0	0	0	0	0	0	0	0	304	0	0	0	0	0	0	0	0	0	0	0	0	0	0	0	0	0	114	0	0	0	0	0	0	0	0	0	1014	0	0	0	1282	0	26658	0	138	0	0	0	5230	0	8878	0	20922	0	10450	0	0	0	3128	0	0	0	0	0	0	0	0	0	0	0	0	0	1546	0	0	0	8780	0	0	0	840	0	0	0	0	0	0	0	0	0	0	0	0	0	0	0	0	0	0	0	0	0	0	0	0	0	0	0	
111996	Angular_R	0	0	0	0	0	0	0	0	0	0	0	0	0	0	0	0	0	0	0	0	0	0	0	0	0	0	0	0	0	0	0	0	0	0	0	0	0	0	0	0	0	0	0	892	0	910	0	100	0	3514	0	15440	0	326	0	654	0	884	0	1328	0	10726	0	6972	0	0	0	1188	0	0	0	0	0	0	0	0	0	0	0	0	0	7064	0	0	0	5468	0	0	0	532	0	0	0	0	0	0	0	0	0	0	0	0	0	0	0	0	0	0	0	0	0	0	0	0	0	0	
254888	Precuneus_L	576	0	0	0	0	0	176	0	0	0	0	0	0	0	0	0	176	0	254	376	0	0	0	0	0	0	0	0	164	0	0	0	2552	370	7408	528	4608	0	1274	0	0	0	13774	706	14460	2874	8652	102	12352	1018	14154	142	2488	0	3396	120	4742	508	7894	958	2398	0	1828	0	3128	0	0	5612	3888	0	0	0	0	0	0	0	0	0	218	0	636	0	0	0	1600	240	0	0	1094	0	0	0	0	0	0	0	0	0	0	0	0	0	0	0	0	0	0	0	0	0	0	0	0	0	0	0	
503276	Precuneus_R	1006	3294	352	376	0	0	374	442	0	0	0	172	0	0	0	0	170	730	274	3362	0	0	162	0	0	0	0	0	276	240	274	156	886	8144	660	11832	332	6046	192	5754	0	0	674	28004	2240	40832	0	14100	0	29870	0	3632	0	1462	118	13242	676	12612	0	8044	334	3006	0	7950	0	1188	5612	0	516	7084	1050	184	936	0	0	0	156	674	0	152	78	1998	0	0	0	8028	0	0	0	9788	0	0	0	0	0	0	0	1324	0	0	0	0	0	0	0	0	0	0	0	0	568	0	0	0	0	0	
259104	Paracentral_Lobule_L	19250	5688	7718	2468	0	0	804	0	0	0	0	0	0	0	0	0	0	184	13254	20524	0	0	0	0	0	0	0	0	148	0	0	0	3502	13790	4034	1418	1316	86	0	0	0	0	1436	0	2298	0	536	0	144	0	636	0	902	0	1136	0	2920	0	0	0	0	0	0	0	0	0	3888	516	0	8500	578	1062	452	0	88	0	9288	384	92	0	0	0	0	0	434	0	0	0	78	0	0	0	0	0	0	0	0	0	0	0	0	0	0	0	0	0	0	0	0	0	0	0	0	0	0	0	
149136	Paracentral_Lobule_R	5340	4204	274	188	0	0	88	0	0	0	0	0	0	0	0	0	0	0	862	16808	0	0	0	0	0	0	0	0	0	0	0	0	442	13550	1008	4498	0	414	0	234	0	0	0	1736	90	584	0	416	0	0	0	124	0	0	0	1640	0	4626	0	0	0	0	0	0	0	0	0	7084	8500	0	0	302	0	0	0	0	0	0	0	0	0	0	0	0	0	144	0	0	0	1412	0	0	0	0	0	0	0	0	0	0	0	0	0	0	0	0	0	0	0	0	0	0	0	0	0	0	
252004	Caudate_L	2236	1728	10220	2444	756	324	5022	1122	86	0	1212	794	170	318	498	172	728	0	5944	1504	4694	7670	2440	2174	652	398	2596	1248	2524	456	6466	6202	0	0	116	134	148	854	0	290	0	0	0	316	0	544	0	0	0	446	0	0	0	0	0	282	320	268	0	0	124	204	0	182	0	0	0	1050	578	0	0	11342	22550	2432	1828	0	6570	1656	0	0	410	0	340	0	0	0	0	0	0	220	0	0	0	0	0	0	0	0	0	0	0	0	0	0	0	0	0	0	0	0	0	0	0	0	0	0	
346736	Caudate_R	1094	1982	1394	13250	156	1952	628	1312	0	0	2160	908	366	358	162	212	496	362	1350	27268	1838	6442	1884	5004	170	1940	994	1854	1738	570	10824	26568	166	918	0	0	0	186	0	114	0	138	0	0	0	0	0	0	0	0	0	0	0	0	0	0	0	124	0	0	0	0	0	0	0	0	0	184	1062	302	11342	0	5768	19124	116	1872	1436	14910	0	0	0	0	370	0	0	0	0	0	0	0	0	0	0	0	0	0	0	0	0	0	0	0	0	0	0	0	0	0	0	0	0	0	0	0	0	0	
349060	Putamen_L	7180	1272	25002	822	2026	214	8270	802	344	0	1432	78	438	0	2688	104	640	0	15894	1888	2034	5290	2614	590	260	136	1374	670	16498	190	9880	3970	0	0	0	82	9040	514	924	164	488	0	0	256	0	562	0	0	0	476	0	0	0	0	2524	212	228	218	0	0	0	154	0	136	0	0	0	936	452	0	22550	5768	0	1390	4746	0	3016	732	0	0	780	0	3194	0	226	0	206	0	1766	190	0	0	0	0	0	0	0	0	0	0	0	0	0	0	0	0	0	0	0	0	0	0	0	0	0	0	
391332	Putamen_R	288	4674	1118	18392	0	5406	710	5182	0	78	228	9702	0	2190	0	1598	0	3742	476	10932	374	1228	1392	8562	86	2890	148	408	120	18284	4500	20144	84	978	0	98	104	16718	0	10790	0	2400	0	0	0	0	0	0	0	0	0	0	0	0	0	5764	0	2194	0	0	0	0	0	0	0	0	0	0	0	0	2432	19124	1390	0	0	4178	260	3234	0	464	0	724	0	658	0	0	0	0	0	626	0	0	0	0	0	0	0	594	0	0	0	0	0	0	0	0	0	0	0	0	0	0	0	0	0	0	
35912	Pallidum_L	1566	0	3062	0	0	0	678	0	0	0	0	0	0	0	0	0	0	0	3060	0	0	0	0	0	0	0	0	0	0	0	0	0	0	0	0	0	716	0	0	0	0	0	0	0	0	0	0	0	0	0	0	0	0	0	0	0	144	0	0	0	0	0	0	0	0	0	0	0	88	0	1828	116	4746	0	0	0	1952	0	0	0	0	0	0	0	0	0	0	0	0	0	0	0	0	0	0	0	0	0	0	0	0	0	0	0	0	0	0	0	0	0	0	0	0	0	0	0	
32500	Pallidum_R	0	976	0	2152	0	0	0	1110	0	0	0	830	0	0	0	0	0	632	0	1670	0	0	0	0	0	0	0	0	0	90	0	124	0	0	0	0	0	914	0	802	0	0	0	0	0	0	0	0	0	0	0	0	0	0	0	364	0	304	0	0	0	0	0	0	0	0	0	0	0	0	0	1872	0	4178	0	0	0	0	0	140	0	0	0	0	0	0	0	0	0	0	0	0	0	0	0	0	0	92	0	0	0	0	0	0	0	0	0	0	0	0	0	0	0	0	0	0	
166708	Thalamus_L	11668	1940	6906	1466	0	0	6378	0	0	0	156	0	0	0	0	0	212	0	3174	0	0	0	88	0	0	0	0	0	1622	276	468	614	0	0	396	2318	4932	2852	664	1150	0	0	0	0	0	0	112	164	0	0	0	0	0	0	412	246	550	0	0	0	198	0	0	0	0	0	0	156	9288	0	6570	1436	3016	260	1952	0	0	10026	948	94	220	0	0	0	130	0	0	0	296	0	0	0	0	0	0	0	0	0	0	0	0	0	0	0	0	0	0	0	0	0	0	0	0	0	0	0	
222780	Thalamus_R	1132	10036	852	12184	0	0	1308	944	0	0	0	1086	0	0	0	0	0	460	0	16270	80	0	252	0	0	0	0	0	140	2508	1398	1892	0	110	1398	3148	2716	8148	206	3906	0	0	0	102	0	0	0	1248	0	0	0	0	0	0	108	3092	0	480	0	0	0	0	0	0	0	0	0	674	384	0	1656	14910	732	3234	0	0	10026	0	150	1230	0	594	0	0	0	472	0	0	122	1036	0	232	0	0	0	0	0	444	0	290	0	0	0	0	0	0	0	0	0	0	0	0	0	0	0	0	
84428	Heschl_L	3264	134	888	0	0	0	1784	0	0	0	918	0	0	0	0	0	5388	0	130	0	0	0	0	0	0	0	0	0	7740	0	0	0	0	0	376	330	3160	156	0	0	0	0	0	0	0	0	0	0	0	0	450	0	524	0	3544	0	2430	0	0	0	94	0	150	0	0	0	218	0	92	0	0	0	0	0	0	0	948	150	0	0	3616	0	0	0	1482	0	0	0	4248	0	0	0	0	0	0	0	0	0	0	0	0	0	0	0	0	0	0	0	0	0	0	0	0	0	0	0	
44596	Heschl_R	0	268	0	0	0	0	0	86	0	0	0	246	0	0	0	0	0	1426	0	688	0	0	0	0	0	0	0	0	0	2786	0	0	0	0	96	202	164	1674	0	776	0	0	0	0	0	0	0	118	0	132	0	180	0	0	0	2932	0	270	0	0	0	0	0	424	0	0	0	152	0	0	0	0	0	464	0	140	94	1230	0	0	0	3756	0	0	0	1062	0	0	0	2932	0	0	0	0	0	0	0	0	0	0	0	0	0	0	0	0	0	0	0	0	0	0	0	0	0	0	
234504	Temporal_Sup_L	4524	158	7730	130	0	0	3504	0	0	0	2068	0	0	0	0	0	17520	0	4692	178	0	0	0	0	0	0	0	0	12054	0	98	86	0	0	304	80	2854	0	296	0	258	0	0	0	558	0	0	0	586	0	2272	0	0	0	2352	0	3142	0	714	0	1520	0	3920	0	1546	0	636	78	0	0	410	0	780	0	0	0	220	0	3616	0	0	0	2780	0	18746	0	164	0	16678	0	0	0	0	0	0	0	0	0	0	0	0	0	0	0	0	0	0	0	0	0	0	0	0	0	0	0	
118664	Temporal_Sup_R	0	346	0	154	0	0	0	340	0	0	0	246	0	0	0	0	0	1274	0	416	0	0	0	0	0	0	0	0	0	3036	0	0	0	0	0	0	0	1032	0	356	0	0	0	88	0	1424	0	0	0	2200	0	4154	0	108	0	2310	0	408	0	0	0	522	0	7826	0	7064	0	1998	0	0	0	0	0	724	0	0	0	594	0	3756	0	0	0	632	0	12936	0	140	0	5248	0	0	0	0	0	0	0	0	0	0	0	0	0	0	0	0	0	0	0	0	0	0	0	0	0	0	
86432	Temporal_Pole_Sup_L	0	0	1918	388	124	0	284	0	0	0	2082	0	114	0	790	0	1640	0	1702	0	228	0	0	398	0	0	0	0	6892	0	262	542	0	0	0	0	1594	0	262	0	844	0	0	0	0	0	0	0	0	0	0	0	0	0	2924	0	0	0	0	0	0	0	0	0	0	0	0	0	0	0	340	370	3194	0	0	0	0	0	0	0	2780	0	0	0	3998	0	4112	0	5434	0	0	0	0	0	0	0	0	0	0	0	0	0	0	0	0	0	0	0	0	0	0	0	0	0	0	0	
29280	Temporal_Pole_Sup_R	0	0	0	0	0	0	0	0	0	0	0	0	0	0	0	0	0	0	0	134	0	0	0	0	0	0	0	0	0	742	0	0	0	0	0	0	0	1096	0	1310	0	1852	0	0	0	0	0	0	0	0	0	0	0	0	0	4568	0	0	0	0	0	0	0	0	0	0	0	0	0	0	0	0	0	658	0	0	0	0	0	0	0	632	0	0	0	200	0	2092	0	1356	0	0	0	0	0	0	0	0	0	0	0	0	0	0	0	0	0	0	0	0	0	0	0	0	0	0	
291252	Temporal_Mid_L	2130	100	114	0	0	0	492	0	0	0	0	0	0	0	0	0	1580	0	0	0	0	0	0	0	0	0	0	0	1216	0	0	0	0	0	464	0	1460	0	0	0	154	0	1590	0	2756	0	460	0	3284	0	19446	0	6074	0	2624	0	4360	0	520	0	7086	0	11358	0	8780	0	1600	0	434	0	0	0	226	0	0	0	130	0	1482	0	18746	0	3998	0	0	0	3410	0	39552	0	0	0	0	0	0	0	0	0	0	0	0	0	0	0	0	0	0	0	0	0	0	0	0	0	0	0	
208424	Temporal_Mid_R	0	938	0	136	0	0	0	0	0	0	0	80	0	0	0	0	0	0	0	202	0	0	0	0	0	0	0	0	0	786	0	0	0	220	0	152	0	308	0	0	0	0	0	4846	0	5066	0	1036	0	9250	0	19768	0	1730	0	2596	0	1352	0	152	0	534	0	3600	0	5468	240	8028	0	144	0	0	0	0	0	0	0	472	0	1062	0	12936	0	200	0	0	0	960	0	21950	0	0	0	0	0	0	0	0	0	0	0	0	0	0	0	0	0	0	0	0	0	0	0	0	0	0	
28956	Temporal_Pole_Mid_L	0	0	0	0	0	0	0	0	0	0	0	0	0	0	0	0	0	0	0	0	0	0	0	0	0	0	0	0	182	0	0	0	0	0	0	0	390	0	0	0	98	0	0	0	0	0	0	0	0	0	0	0	0	0	1860	0	0	0	0	0	0	0	0	0	0	0	0	0	0	0	0	0	206	0	0	0	0	0	0	0	164	0	4112	0	3410	0	0	0	4056	0	0	0	0	0	0	0	0	0	0	0	0	0	0	0	0	0	0	0	0	0	0	0	0	0	0	0	
17768	Temporal_Pole_Mid_R	0	0	0	0	0	0	0	0	0	0	0	0	0	0	0	0	0	0	0	0	0	0	0	0	0	0	0	0	0	0	0	0	0	0	0	0	0	346	0	1180	0	1072	0	0	0	0	0	0	0	0	0	0	0	0	0	1768	0	0	0	0	0	0	0	0	0	0	0	0	0	0	0	0	0	0	0	0	0	0	0	0	0	140	0	2092	0	960	0	0	0	1326	0	0	0	0	0	0	0	0	0	0	0	0	0	0	0	0	0	0	0	0	0	0	0	0	0	0	
287620	Temporal_Inf_L	1112	120	132	86	0	0	450	0	0	0	144	0	0	0	0	0	2502	0	0	0	150	0	0	0	0	0	0	0	5442	0	0	0	0	0	712	316	10436	124	1184	0	1202	0	542	0	1590	0	150	0	1856	0	6622	0	4876	0	16912	0	1046	0	172	0	2208	0	2926	0	840	0	1094	0	78	0	0	0	1766	0	0	0	296	122	4248	0	16678	0	5434	0	39552	0	4056	0	0	0	3578	0	1936	0	0	0	94	0	880	0	146	0	0	0	0	0	0	0	0	0	0	0	0	0	0	0	
275852	Temporal_Inf_R	102	5070	78	662	0	0	0	1216	0	0	0	1888	0	0	0	0	0	0	0	1702	0	0	0	0	0	0	0	0	0	2442	0	0	0	220	180	2700	0	5454	0	3322	0	0	0	7734	102	2970	0	2906	0	3602	0	8888	0	4902	0	29026	0	1156	0	0	0	230	0	1344	0	532	0	9788	0	1412	220	0	190	626	0	0	0	1036	0	2932	0	5248	0	1356	0	21950	0	1326	0	0	0	1970	0	474	0	0	0	482	0	488	0	0	0	0	0	0	0	0	0	0	0	0	0	0	0	0	
728196	Cerebelum_Crus1_L	0	0	0	0	0	0	0	0	0	0	0	0	0	0	0	0	0	0	0	0	0	0	0	0	0	0	0	0	0	0	0	0	0	0	0	0	0	0	356	0	0	0	86	0	0	0	14150	5220	0	0	640	0	1884	132	26364	1620	0	0	0	0	0	0	0	0	0	0	0	0	0	0	0	0	0	0	0	0	0	0	0	0	0	0	0	0	0	0	0	0	3578	0	0	8144	60020	13078	1896	1408	29334	5842	65034	8904	22622	530	26128	9390	992	4130	0	618	1072	1572	15662	7816	18232	3648	2470	1526	
641148	Cerebelum_Crus1_R	0	0	0	96	0	0	0	0	0	0	0	0	0	0	0	0	0	0	0	0	0	0	0	0	0	0	0	0	0	0	0	0	0	0	0	0	0	1480	0	2752	0	0	0	204	0	0	2698	16966	0	0	0	0	300	630	1484	27842	0	0	0	0	0	0	0	0	0	0	0	0	0	0	0	0	0	0	0	0	0	232	0	0	0	0	0	0	0	0	0	0	0	1970	8144	0	3404	37660	82	1504	7580	32182	9060	76752	1212	4386	3610	22786	1140	846	0	544	178	292	18484	15698	14122	1572	1340	1342	
492312	Cerebelum_Crus2_L	0	0	0	0	0	0	0	0	0	0	0	0	0	0	0	0	0	0	0	0	0	0	0	0	0	0	0	0	0	0	0	0	0	0	0	0	0	0	152	0	0	0	78	0	0	0	3180	1290	0	0	538	0	1278	0	9726	490	0	0	0	0	0	0	0	0	0	0	0	0	0	0	0	0	0	0	0	0	0	0	0	0	0	0	0	0	0	0	0	0	1936	0	60020	3404	0	16264	770	1100	7182	2568	19014	2986	32998	3134	27112	10776	648	3728	0	544	526	972	3632	2288	20802	4040	1860	1120	
453944	Cerebelum_Crus2_R	0	0	0	0	0	0	0	0	0	0	0	0	0	0	0	0	0	0	0	0	0	0	0	0	0	0	0	0	0	0	0	0	0	0	0	0	0	178	0	334	0	0	0	0	0	0	222	910	0	0	0	0	0	100	148	1984	0	0	0	0	0	0	0	0	0	0	0	0	0	0	0	0	0	0	0	0	0	0	0	0	0	0	0	0	0	0	0	0	0	474	13078	37660	16264	0	164	2008	2938	8144	1960	15754	10114	18142	11054	38706	636	5002	0	1446	540	1100	4460	2268	24096	3664	2216	1208	
63488	Cerebelum_3_L	0	0	0	0	0	0	0	0	0	0	0	0	0	0	0	0	0	0	0	0	0	0	0	0	0	0	0	0	0	0	0	0	0	0	0	0	0	0	188	0	0	0	0	0	0	0	514	172	0	0	0	0	0	0	86	0	0	0	0	0	0	0	0	0	0	0	0	0	0	0	0	0	0	0	0	0	0	0	0	0	0	0	0	0	0	0	0	0	0	0	1896	82	770	164	0	248	9786	0	2078	84	442	0	1888	284	2452	328	268	0	1316	4570	1760	132	444	654	574	564	
84008	Cerebelum_3_R	0	0	0	0	0	0	0	0	0	0	0	0	0	0	0	0	0	0	0	0	0	0	0	0	0	0	0	0	0	0	0	0	0	0	0	0	0	0	0	0	0	0	0	0	0	0	0	0	0	0	0	0	0	0	0	0	0	0	0	0	0	0	0	0	0	0	0	0	0	0	0	0	0	0	0	0	0	0	0	0	0	0	0	0	0	0	0	0	0	0	1408	1504	1100	2008	248	0	2196	5544	440	2448	736	0	1518	3236	770	3412	0	0	1730	5210	4086	92	1624	1378	896	420	
463040	Cerebelum_4_5_L	0	0	0	0	0	0	0	0	0	0	0	0	0	0	0	0	0	0	0	0	0	0	0	0	0	0	0	0	0	0	0	0	0	0	0	0	168	120	416	130	0	0	0	0	0	0	10762	5502	0	0	0	0	0	0	9210	2054	0	0	0	0	0	0	0	0	0	0	0	0	0	0	0	0	0	0	0	0	0	0	0	0	0	0	0	0	0	0	0	0	94	0	29334	7580	7182	2938	9786	2196	0	9848	36690	9044	3440	0	13654	4694	8718	3014	688	0	2496	5342	25650	3300	5202	4636	4130	3502	
427264	Cerebelum_4_5_R	0	124	0	212	0	0	0	0	0	0	0	118	0	0	0	0	0	0	0	0	0	0	0	0	0	0	0	0	0	194	0	0	0	0	0	0	0	3520	0	6424	0	0	0	548	0	0	1286	12246	0	0	0	0	112	0	1062	16038	0	0	0	0	0	0	0	0	0	0	0	1324	0	0	0	0	0	594	0	92	0	444	0	0	0	0	0	0	0	0	0	0	0	482	5842	32182	2568	8144	0	5544	9848	0	5574	40182	1426	178	4098	9582	1918	3338	0	336	670	1634	22416	2480	5140	2510	1758	1444	
569192	Cerebelum_6_L	0	0	0	0	0	0	0	0	0	0	0	0	0	0	0	0	0	0	0	0	0	0	0	0	0	0	0	0	0	0	0	0	0	0	0	0	0	0	496	0	0	0	162	0	0	0	22808	9206	0	0	1658	0	3264	478	30946	2826	0	0	0	0	0	0	0	0	0	0	0	0	0	0	0	0	0	0	0	0	0	0	0	0	0	0	0	0	0	0	0	0	880	0	65034	9060	19014	1960	2078	440	36690	5574	0	11088	5516	0	9334	2056	1230	1196	110	0	764	928	18642	12062	5558	1424	1218	896	
652508	Cerebelum_6_R	0	80	0	132	0	0	0	0	0	0	0	0	0	0	0	0	0	0	0	0	0	0	0	0	0	0	0	0	0	0	0	0	0	0	0	0	0	1850	0	3514	0	0	0	1280	0	860	3440	21134	0	1412	0	984	286	1042	1556	31406	0	0	0	114	0	0	0	0	0	0	0	0	0	0	0	0	0	0	0	0	0	290	0	0	0	0	0	0	0	0	0	0	0	488	8904	76752	2986	15754	84	2448	9044	40182	11088	0	1062	1224	4194	16928	1452	1346	0	1470	350	566	22274	18864	13172	2372	1942	1928	
334584	Cerebelum_7b_L	0	0	0	0	0	0	0	0	0	0	0	0	0	0	0	0	0	0	0	0	0	0	0	0	0	0	0	0	0	0	0	0	0	0	0	0	0	0	0	0	0	0	0	0	0	0	140	644	0	0	0	0	0	0	838	106	0	0	0	0	0	0	0	0	0	0	0	0	0	0	0	0	0	0	0	0	0	0	0	0	0	0	0	0	0	0	0	0	146	0	22622	1212	32998	10114	442	736	3440	1426	5516	1062	0	1884	39914	9320	3758	3012	484	270	358	680	2472	1342	12296	6902	1978	1180	
127116	Cerebelum_7b_R	0	0	0	0	0	0	0	0	0	0	0	0	0	0	0	0	0	0	0	0	0	0	0	0	0	0	0	0	0	0	0	0	0	0	0	0	0	0	0	90	0	0	0	0	0	0	0	0	0	0	0	0	0	0	0	0	0	0	0	0	0	0	0	0	0	0	0	0	0	0	0	0	0	0	0	0	0	0	0	0	0	0	0	0	0	0	0	0	0	0	530	4386	3134	18142	0	0	0	178	0	1224	1884	0	1528	23834	0	3392	0	254	0	0	104	0	3870	812	196	0	
540064	Cerebelum_8_L	0	0	0	0	0	0	0	0	0	0	0	0	0	0	0	0	0	0	0	0	0	0	0	0	0	0	0	0	0	0	0	0	0	0	0	0	0	0	0	0	0	0	0	0	0	0	252	1792	0	0	0	0	0	0	708	520	0	0	0	0	0	0	0	0	0	0	0	0	0	0	0	0	0	0	0	0	0	0	0	0	0	0	0	0	0	0	0	0	0	0	26128	3610	27112	11054	1888	1518	13654	4098	9334	4194	39914	1528	0	15560	22952	6984	3016	368	1680	2630	9582	4156	18126	18480	10952	8242	
512924	Cerebelum_8_R	0	0	0	0	0	0	0	0	0	0	0	0	0	0	0	0	0	0	0	0	0	0	0	0	0	0	0	0	0	0	0	0	0	0	0	0	0	170	0	1496	0	0	0	0	0	0	0	424	0	0	0	0	0	0	0	3234	0	0	0	0	0	0	0	0	0	0	0	0	0	0	0	0	0	0	0	0	0	0	0	0	0	0	0	0	0	0	0	0	0	0	9390	22786	10776	38706	284	3236	4694	9582	2056	16928	9320	23834	15560	0	2928	25616	0	3702	1384	2730	7442	886	15762	13400	6864	3272	
181992	Cerebelum_9_L	0	0	0	0	0	0	0	0	0	0	0	0	0	0	0	0	0	0	0	0	0	0	0	0	0	0	0	0	0	0	0	0	0	0	0	0	0	0	0	0	0	0	0	0	0	0	0	430	0	0	0	0	0	0	188	322	0	0	0	0	0	0	0	0	0	0	0	0	0	0	0	0	0	0	0	0	0	0	0	0	0	0	0	0	0	0	0	0	0	0	992	1140	648	636	2452	770	8718	1918	1230	1452	3758	0	22952	2928	0	3628	4856	0	1100	2574	5122	576	2550	6832	7716	5508	
213608	Cerebelum_9_R	0	0	0	0	0	0	0	0	0	0	0	0	0	0	0	0	0	0	0	0	0	0	0	0	0	0	0	0	0	0	0	0	0	0	0	0	0	0	0	1722	0	0	0	0	0	0	0	0	0	0	0	0	0	0	0	112	0	0	0	0	0	0	0	0	0	0	0	0	0	0	0	0	0	0	0	0	0	0	0	0	0	0	0	0	0	0	0	0	0	0	4130	846	3728	5002	328	3412	3014	3338	1196	1346	3012	3392	6984	25616	3628	0	0	2080	1662	3644	4866	606	5668	7300	7624	2548	
21160	Cerebelum_10_L	0	0	0	0	0	0	0	0	0	0	0	0	0	0	0	0	0	0	0	0	0	0	0	0	0	0	0	0	0	0	0	0	0	0	0	0	0	0	0	0	0	0	0	0	0	0	0	0	0	0	0	0	0	0	0	0	0	0	0	0	0	0	0	0	0	0	0	0	0	0	0	0	0	0	0	0	0	0	0	0	0	0	0	0	0	0	0	0	0	0	0	0	0	0	268	0	688	0	110	0	484	0	3016	0	4856	0	0	0	0	258	308	0	162	154	132	144	
26036	Cerebelum_10_R	0	0	0	0	0	0	0	0	0	0	0	0	0	0	0	0	0	0	0	0	0	0	0	0	0	0	0	0	0	0	0	0	0	0	0	0	0	0	0	104	0	0	0	0	0	0	0	0	0	0	0	0	0	0	0	0	0	0	0	0	0	0	0	0	0	0	0	0	0	0	0	0	0	0	0	0	0	0	0	0	0	0	0	0	0	0	0	0	0	0	618	544	544	1446	0	0	0	336	0	1470	270	254	368	3702	0	2080	0	0	0	0	128	0	830	192	132	0	
58492	Vermis_1_2	0	0	0	0	0	0	0	0	0	0	0	0	0	0	0	0	0	0	0	0	0	0	0	0	0	0	0	0	0	0	0	0	0	0	0	0	0	0	0	0	0	0	0	0	0	0	0	0	0	0	0	0	0	0	0	0	0	0	0	0	0	0	0	0	0	0	0	0	0	0	0	0	0	0	0	0	0	0	0	0	0	0	0	0	0	0	0	0	0	0	1072	178	526	540	1316	1730	2496	670	764	350	358	0	1680	1384	1100	1662	0	0	0	6640	3140	374	1068	938	712	548	
107912	Vermis_3	0	0	0	0	0	0	0	0	0	0	0	0	0	0	0	0	0	0	0	0	0	0	0	0	0	0	0	0	0	0	0	0	0	0	0	0	0	0	0	82	0	0	0	0	0	0	0	90	0	0	0	0	0	0	0	0	0	0	0	0	0	0	0	0	0	0	0	0	0	0	0	0	0	0	0	0	0	0	0	0	0	0	0	0	0	0	0	0	0	0	1572	292	972	1100	4570	5210	5342	1634	928	566	680	0	2630	2730	2574	3644	258	0	6640	0	6216	394	1654	1806	1386	986	
