data	data	554248	291300	1.16125e+06	1.11593e+06	250804	249820	552404	260532	84144	31984	313164	283300	350936	239932	141744	84488	146660	117992	913836	816168	108628	124792	380148	537800	60952	209752	69076	86312	717940	425572	371428	628480	240672	595128	209500	183360	339732	369248	200124	229412	58212	44560	194868	177800	96920	233416	298956	356212	112392	263276	492956	223236	215620	97612	425888	525108	365388	210248	119356	36720	207684	82588	153088	120620	186364	95120	277612	335120	237012	139152	428736	693996	369152	579000	54376	38160	299040	219100	126664	28404	182016	103372	137772	35664	487556	165096	26600	12272	369568	153140	590132	500436	340116	387332	64472	68664	456696	343436	584200	516696	236952	114316	365020	340056	117560	103052	29020	10888	75608	108672	367644	279504	210012	190432	151168	99448	
data	data	Precentral_L	Precentral_R	Frontal_Sup_L	Frontal_Sup_R	Frontal_Sup_Orb_L	Frontal_Sup_Orb_R	Frontal_Mid_L	Frontal_Mid_R	Frontal_Mid_Orb_L	Frontal_Mid_Orb_R	Frontal_Inf_Oper_L	Frontal_Inf_Oper_R	Frontal_Inf_Tri_L	Frontal_Inf_Tri_R	Frontal_Inf_Orb_L	Frontal_Inf_Orb_R	Rolandic_Oper_L	Rolandic_Oper_R	Supp_Motor_Area_L	Supp_Motor_Area_R	Olfactory_L	Olfactory_R	Frontal_Sup_Medial_L	Frontal_Sup_Medial_R	Frontal_Med_Orb_L	Frontal_Med_Orb_R	Rectus_L	Rectus_R	Insula_L	Insula_R	Cingulum_Ant_L	Cingulum_Ant_R	Cingulum_Mid_L	Cingulum_Mid_R	Cingulum_Post_L	Cingulum_Post_R	Hippocampus_L	Hippocampus_R	ParaHippocampal_L	ParaHippocampal_R	Amygdala_L	Amygdala_R	Calcarine_L	Calcarine_R	Cuneus_L	Cuneus_R	Lingual_L	Lingual_R	Occipital_Sup_L	Occipital_Sup_R	Occipital_Mid_L	Occipital_Mid_R	Occipital_Inf_L	Occipital_Inf_R	Fusiform_L	Fusiform_R	Postcentral_L	Postcentral_R	Parietal_Sup_L	Parietal_Sup_R	Parietal_Inf_L	Parietal_Inf_R	SupraMarginal_L	SupraMarginal_R	Angular_L	Angular_R	Precuneus_L	Precuneus_R	Paracentral_Lobule_L	Paracentral_Lobule_R	Caudate_L	Caudate_R	Putamen_L	Putamen_R	Pallidum_L	Pallidum_R	Thalamus_L	Thalamus_R	Heschl_L	Heschl_R	Temporal_Sup_L	Temporal_Sup_R	Temporal_Pole_Sup_L	Temporal_Pole_Sup_R	Temporal_Mid_L	Temporal_Mid_R	Temporal_Pole_Mid_L	Temporal_Pole_Mid_R	Temporal_Inf_L	Temporal_Inf_R	Cerebelum_Crus1_L	Cerebelum_Crus1_R	Cerebelum_Crus2_L	Cerebelum_Crus2_R	Cerebelum_3_L	Cerebelum_3_R	Cerebelum_4_5_L	Cerebelum_4_5_R	Cerebelum_6_L	Cerebelum_6_R	Cerebelum_7b_L	Cerebelum_7b_R	Cerebelum_8_L	Cerebelum_8_R	Cerebelum_9_L	Cerebelum_9_R	Cerebelum_10_L	Cerebelum_10_R	Vermis_1_2	Vermis_3	Vermis_4_5	Vermis_6	Vermis_7	Vermis_8	Vermis_9	Vermis_10	
554248	Precentral_L	0	2002	31342	6064	0	0	25918	188	0	0	13302	1012	3936	792	0	0	4944	0	21884	3754	0	0	220	354	0	0	0	0	12786	1032	0	308	3158	1306	8138	640	3214	264	930	136	0	0	2654	0	246	0	1106	0	418	0	7936	0	3034	0	1700	254	38714	0	1192	0	7306	0	3118	0	2744	0	3554	0	14000	0	6622	1974	3106	354	1976	0	8772	1050	4868	0	1868	0	844	0	6720	0	0	0	3370	0	0	0	0	0	0	0	0	0	0	0	0	0	0	0	0	0	0	0	0	0	0	0	0	0	0	0	
291300	Precentral_R	2002	0	3364	22704	0	0	548	9036	0	0	0	5556	0	594	0	0	0	1560	3538	4122	0	0	0	0	0	0	0	0	1550	3512	0	414	0	236	278	2438	430	5996	320	1538	208	0	0	1046	0	908	0	1372	0	548	0	794	0	2968	116	10080	202	17164	0	0	0	2360	0	2932	0	304	130	3196	1146	2452	1726	6108	304	6746	140	266	2980	4110	0	432	0	1688	0	0	0	870	0	0	0	2618	0	0	0	0	0	0	0	0	0	0	0	0	0	0	0	0	0	0	0	0	0	0	0	0	0	0	
1.16125e+06	Frontal_Sup_L	31342	3364	0	29980	9832	524	83104	3598	1586	0	14312	1700	23432	1472	1722	0	2766	274	101050	26630	0	0	38768	7854	1832	334	0	0	25196	2144	16588	6344	6560	12778	3534	622	6562	1526	2894	684	114	0	294	0	0	0	154	362	0	0	468	0	0	0	308	672	2772	0	186	0	272	0	236	0	292	0	752	0	7930	0	23068	11144	27772	4182	6294	166	11016	6136	894	0	858	0	1680	0	228	0	0	0	1468	0	0	0	0	0	0	0	0	0	0	0	0	0	0	0	0	0	0	0	0	0	0	0	0	0	0	0	
1.11593e+06	Frontal_Sup_R	6064	22704	29980	0	344	14888	4102	38564	0	376	2212	12548	1964	9374	0	3744	290	2968	41830	75690	0	0	10224	50392	0	8346	0	0	4148	17460	5022	38790	2868	35300	244	1274	826	3840	352	1506	0	0	0	164	0	0	0	0	0	0	180	224	0	1190	106	2870	310	1082	0	0	112	156	0	226	116	0	0	154	2294	152	11314	40578	2456	30914	268	3336	3128	5574	734	166	0	358	178	154	246	0	0	0	384	608	0	0	0	0	0	0	0	0	0	0	0	0	0	0	0	0	0	0	0	0	0	0	0	0	0	0	
250804	Frontal_Sup_Orb_L	0	0	9832	344	0	368	4676	0	11962	0	182	0	8632	0	18638	0	0	0	1080	0	3678	1804	9342	862	5416	632	6428	386	13722	0	9166	1236	292	748	0	0	114	0	0	0	118	0	0	0	0	0	0	0	0	0	0	0	0	0	0	0	0	0	0	0	0	0	0	0	0	0	0	0	0	0	4642	854	8870	0	0	0	0	0	0	0	200	0	916	0	262	0	0	0	0	0	0	0	0	0	0	0	0	0	0	0	0	0	0	0	0	0	0	0	0	0	0	0	0	0	0	0	
249820	Frontal_Sup_Orb_R	0	0	524	14888	368	0	244	3660	0	5656	218	1004	324	1470	0	4648	0	218	1232	4010	2440	7058	172	7206	0	14720	1330	10990	164	3062	202	11010	0	2102	0	0	0	292	0	172	0	0	0	0	0	0	0	0	0	0	0	0	0	0	0	0	0	0	0	0	0	0	0	0	0	0	0	0	0	0	2118	12760	402	10246	0	0	0	0	0	0	0	0	0	0	0	0	0	0	0	0	0	0	0	0	0	0	0	0	0	0	0	0	0	0	0	0	0	0	0	0	0	0	0	0	0	0	
552404	Frontal_Mid_L	25918	548	83104	4102	4676	244	0	564	2282	0	21894	2490	44698	2082	2022	0	2418	0	6262	1170	0	0	11494	3242	242	0	0	0	16222	2602	5148	1756	1248	1966	1618	0	1650	172	824	106	0	0	468	0	0	0	0	0	0	0	696	0	432	0	350	0	3402	0	0	0	242	0	0	0	186	0	832	0	0	0	4550	3684	1668	880	122	0	1036	186	1966	0	520	0	1128	0	694	0	0	0	396	0	0	0	0	0	0	0	0	0	0	0	0	0	0	0	0	0	0	0	0	0	0	0	0	0	0	0	
260532	Frontal_Mid_R	188	9036	3598	38564	0	3660	564	0	0	2070	144	7884	204	19100	0	5202	0	828	3004	1514	0	0	434	5392	0	564	0	0	324	5256	274	4572	102	2222	0	0	116	1034	0	556	0	0	0	0	0	0	0	0	0	0	0	0	0	0	0	334	0	242	0	0	0	0	0	0	0	0	0	0	0	0	2776	3994	230	4954	0	696	484	150	0	0	0	0	0	0	0	0	0	0	0	0	0	0	0	0	0	0	0	0	0	0	0	0	0	0	0	0	0	0	0	0	0	0	0	0	0	0	
84144	Frontal_Mid_Orb_L	0	0	1586	0	11962	0	2282	0	0	0	0	0	3240	0	14030	0	0	0	0	0	218	172	0	0	726	0	702	0	2658	0	486	214	0	0	0	0	0	0	0	0	0	0	0	0	0	0	0	0	0	0	0	0	0	0	0	0	0	0	0	0	0	0	0	0	0	0	0	0	0	0	486	162	2230	0	0	0	0	0	0	0	180	0	516	0	222	0	0	0	0	0	0	0	0	0	0	0	0	0	0	0	0	0	0	0	0	0	0	0	0	0	0	0	0	0	0	0	
31984	Frontal_Mid_Orb_R	0	0	0	376	0	5656	0	2070	0	0	0	0	0	622	0	5312	0	0	0	0	0	106	0	0	0	232	0	286	0	234	0	0	0	0	0	0	0	0	0	0	0	0	0	0	0	0	0	0	0	0	0	0	0	0	0	0	0	0	0	0	0	0	0	0	0	0	0	0	0	0	0	252	0	846	0	0	0	0	0	0	0	0	0	0	0	0	0	0	0	0	0	0	0	0	0	0	0	0	0	0	0	0	0	0	0	0	0	0	0	0	0	0	0	0	0	0	
313164	Frontal_Inf_Oper_L	13302	0	14312	2212	182	218	21894	144	0	0	0	5326	20268	4200	0	0	9980	0	2848	396	0	0	670	1482	0	110	0	0	19220	5358	574	948	142	198	212	0	1102	0	408	0	0	0	112	0	0	0	0	0	0	0	1240	0	352	0	246	0	4994	0	150	0	982	0	540	0	900	0	248	0	0	0	4664	2730	814	424	0	0	444	240	2838	0	2034	0	3530	0	2462	0	0	0	932	0	0	0	0	0	0	0	0	0	0	0	0	0	0	0	0	0	0	0	0	0	0	0	0	0	0	0	
283300	Frontal_Inf_Oper_R	1012	5556	1700	12548	0	1004	2490	7884	0	0	5326	0	1450	21922	0	392	668	4536	612	2090	0	0	0	6566	0	244	0	0	3430	27010	276	1930	0	918	168	0	770	1012	146	534	0	0	0	0	0	0	0	0	0	0	528	0	172	0	142	430	340	2666	0	0	440	0	144	0	492	0	164	0	0	0	942	7240	544	11466	0	170	278	0	1708	0	214	0	0	238	812	0	0	0	326	0	0	0	0	0	0	0	0	0	0	0	0	0	0	0	0	0	0	0	0	0	0	0	0	0	0	0	
350936	Frontal_Inf_Tri_L	3936	0	23432	1964	8632	324	44698	204	3240	0	20268	1450	0	1264	6862	0	1776	0	3872	660	0	0	3312	996	218	104	0	0	24478	1550	5940	1194	190	388	0	0	272	0	158	0	0	0	0	0	0	0	0	0	0	0	0	0	0	0	0	0	1404	0	0	0	0	0	0	0	0	0	0	0	0	0	3256	3528	1358	866	0	0	0	206	656	0	346	0	2466	0	0	0	0	0	0	0	0	0	0	0	0	0	0	0	0	0	0	0	0	0	0	0	0	0	0	0	0	0	0	0	0	0	
239932	Frontal_Inf_Tri_R	792	594	1472	9374	0	1470	2082	19100	0	622	4200	21922	1264	0	0	4108	506	188	664	1882	0	0	0	4548	0	276	0	0	2758	21888	242	2398	0	1348	138	0	602	398	124	184	0	0	0	0	0	0	0	0	0	0	388	0	118	0	110	0	260	280	0	0	358	0	112	0	382	0	130	0	0	0	852	4484	470	4152	0	106	218	0	1350	0	174	0	0	0	636	0	0	0	242	0	0	0	0	0	0	0	0	0	0	0	0	0	0	0	0	0	0	0	0	0	0	0	0	0	0	0	
141744	Frontal_Inf_Orb_L	0	0	1722	0	18638	0	2022	0	14030	0	0	0	6862	0	0	0	0	0	0	0	1898	0	408	0	254	0	1732	0	10662	0	438	0	0	0	0	0	358	0	202	0	466	0	0	0	0	0	0	0	0	0	0	0	0	0	0	0	0	0	0	0	0	0	0	0	0	0	0	0	0	0	994	0	5888	0	0	0	0	0	0	0	606	0	3054	0	638	0	0	0	0	0	0	0	0	0	0	0	0	0	0	0	0	0	0	0	0	0	0	0	0	0	0	0	0	0	0	0	
84488	Frontal_Inf_Orb_R	0	0	0	3744	0	4648	0	5202	0	5312	0	392	0	4108	0	0	0	0	388	1198	0	1532	0	968	0	164	0	1132	0	6398	0	634	0	862	0	0	0	0	0	0	0	0	0	0	0	0	0	0	0	0	0	0	0	0	0	0	0	0	0	0	0	0	0	0	0	0	0	0	0	0	0	1486	0	3732	0	0	0	0	0	0	0	118	0	226	0	0	0	0	0	0	0	0	0	0	0	0	0	0	0	0	0	0	0	0	0	0	0	0	0	0	0	0	0	0	0	0	
146660	Rolandic_Oper_L	4944	0	2766	290	0	0	2418	0	0	0	9980	668	1776	506	0	0	0	0	612	0	0	0	162	206	0	0	0	0	14676	668	0	0	0	0	104	0	1292	0	858	0	0	0	0	0	0	0	0	0	0	0	1190	0	644	0	256	0	7008	0	180	0	368	0	2104	0	842	0	104	0	210	0	794	270	502	0	0	0	302	0	4860	0	6666	0	2302	0	1752	0	0	0	1050	0	0	0	0	0	0	0	0	0	0	0	0	0	0	0	0	0	0	0	0	0	0	0	0	0	0	0	
117992	Rolandic_Oper_R	0	1560	274	2968	0	218	0	828	0	0	0	4536	0	188	0	0	0	0	292	828	0	0	0	870	0	0	0	0	0	11762	0	312	0	320	0	0	0	2602	0	474	0	0	0	0	0	0	0	0	0	524	0	196	0	324	0	3294	0	4052	0	0	0	0	0	1912	0	0	0	174	0	0	0	3212	0	8264	0	612	0	0	0	2402	0	4174	0	720	0	782	0	0	0	322	0	0	0	0	0	0	0	0	0	0	0	0	0	0	0	0	0	0	0	0	0	0	0	0	0	0	
913836	Supp_Motor_Area_L	21884	3538	101050	41830	1080	1232	6262	3004	0	0	2848	612	3872	664	0	388	612	292	0	59082	0	0	13472	9658	242	1306	0	0	11178	1200	9240	14342	14688	32396	956	646	4736	1368	1804	590	0	0	0	0	0	0	0	310	0	0	0	0	0	0	146	610	1222	0	0	0	0	0	190	0	0	0	198	0	12170	286	17322	9788	20466	3482	6362	188	10178	5948	214	0	230	0	476	0	0	0	0	0	1060	0	0	0	0	0	0	0	0	0	0	0	0	0	0	0	0	0	0	0	0	0	0	0	0	0	0	0	
816168	Supp_Motor_Area_R	3754	4122	26630	75690	0	4010	1170	1514	0	0	396	2090	660	1882	0	1198	0	828	59082	0	0	0	5370	17520	0	3726	0	0	1312	4092	6306	23446	8198	53630	934	8692	314	1296	0	740	0	0	0	860	0	804	0	1204	0	1242	0	1470	0	502	0	976	0	2436	0	0	0	104	0	318	0	176	346	4990	3452	20454	4392	24128	1430	13272	172	1048	646	3334	0	164	0	254	152	0	0	692	0	0	174	290	0	0	0	0	0	0	0	0	0	0	0	0	0	0	0	0	0	0	0	0	0	0	0	0	0	0	
108628	Olfactory_L	0	0	0	0	3678	2440	0	0	218	0	0	0	0	0	1898	0	0	0	0	0	0	8670	0	0	638	2998	5618	2720	2536	0	3174	3354	0	0	0	0	310	0	580	0	760	0	0	0	0	0	0	0	0	0	0	0	0	0	110	0	0	0	0	0	0	0	0	0	0	0	0	0	0	0	9232	2646	1004	250	0	0	0	0	0	0	0	0	1480	0	0	0	0	0	0	0	0	0	0	0	0	0	0	0	0	0	0	0	0	0	0	0	0	0	0	0	0	0	0	0	0	0	
124792	Olfactory_R	0	0	0	0	1804	7058	0	0	172	106	0	0	0	0	0	1532	0	0	0	0	8670	0	0	0	344	6648	3506	8746	0	1878	2676	4920	0	0	0	0	0	0	0	122	0	630	0	0	0	0	0	0	0	0	0	0	0	0	0	0	0	0	0	0	0	0	0	0	0	0	0	0	0	0	6688	5520	548	828	0	0	0	0	0	0	0	0	0	0	0	0	0	0	0	0	0	0	0	0	0	0	0	0	0	0	0	0	0	0	0	0	0	0	0	0	0	0	0	0	0	0	
380148	Frontal_Sup_Medial_L	220	0	38768	10224	9342	172	11494	434	0	0	670	0	3312	0	408	0	162	0	13472	5370	0	0	0	21688	4028	758	0	0	4158	138	21966	13124	8740	17866	0	0	0	0	0	0	0	0	0	0	0	0	0	0	0	0	0	0	0	0	0	0	0	0	0	0	0	0	0	0	0	0	0	0	0	0	718	780	1706	356	0	0	0	0	0	0	0	0	0	0	0	0	0	0	0	0	0	0	0	0	0	0	0	0	0	0	0	0	0	0	0	0	0	0	0	0	0	0	0	0	0	0	
537800	Frontal_Sup_Medial_R	354	0	7854	50392	862	7206	3242	5392	0	0	1482	6566	996	4548	0	968	206	870	9658	17520	0	0	21688	0	114	12304	0	0	1246	7744	7732	37810	2214	27416	0	0	172	410	0	258	0	0	0	0	0	0	0	0	0	0	162	0	0	0	0	0	0	0	0	0	0	0	0	0	108	0	0	0	0	0	1280	15704	344	13012	0	104	0	140	524	0	0	0	0	0	196	0	0	0	102	0	0	0	0	0	0	0	0	0	0	0	0	0	0	0	0	0	0	0	0	0	0	0	0	0	0	0	
60952	Frontal_Med_Orb_L	0	0	1832	0	5416	0	242	0	726	0	0	0	218	0	254	0	0	0	242	0	638	344	4028	114	0	600	1226	0	1440	0	6784	1058	0	0	0	0	0	0	0	0	0	0	0	0	0	0	0	0	0	0	0	0	0	0	0	0	0	0	0	0	0	0	0	0	0	0	0	0	0	0	2072	600	2642	0	0	0	0	0	0	0	0	0	0	0	0	0	0	0	0	0	0	0	0	0	0	0	0	0	0	0	0	0	0	0	0	0	0	0	0	0	0	0	0	0	0	0	
209752	Frontal_Med_Orb_R	0	0	334	8346	632	14720	0	564	0	232	110	244	104	276	0	164	0	0	1306	3726	2998	6648	758	12304	600	0	1472	9216	0	360	1332	13940	0	1926	0	0	0	0	0	0	0	0	0	0	0	0	0	0	0	0	0	0	0	0	0	0	0	0	0	0	0	0	0	0	0	0	0	0	0	0	2032	11868	204	8460	0	0	0	0	0	0	0	0	0	0	0	0	0	0	0	0	0	0	0	0	0	0	0	0	0	0	0	0	0	0	0	0	0	0	0	0	0	0	0	0	0	0	
69076	Rectus_L	0	0	0	0	6428	1330	0	0	702	0	0	0	0	0	1732	0	0	0	0	0	5618	3506	0	0	1226	1472	0	1438	666	0	1236	1438	0	0	0	0	0	0	0	0	0	0	0	0	0	0	0	0	0	0	0	0	0	0	0	0	0	0	0	0	0	0	0	0	0	0	0	0	0	0	6344	648	754	0	0	0	0	0	0	0	0	0	0	0	0	0	0	0	0	0	0	0	0	0	0	0	0	0	0	0	0	0	0	0	0	0	0	0	0	0	0	0	0	0	0	0	
86312	Rectus_R	0	0	0	0	386	10990	0	0	0	286	0	0	0	0	0	1132	0	0	0	0	2720	8746	0	0	0	9216	1438	0	0	666	0	2370	0	0	0	0	0	0	0	0	0	188	0	0	0	0	0	0	0	0	0	0	0	0	0	0	0	0	0	0	0	0	0	0	0	0	0	0	0	0	1434	2808	0	776	0	0	0	0	0	0	0	0	0	0	0	0	0	0	0	0	0	0	0	0	0	0	0	0	0	0	0	0	0	0	0	0	0	0	0	0	0	0	0	0	0	0	
717940	Insula_L	12786	1550	25196	4148	13722	164	16222	324	2658	0	19220	3430	24478	2758	10662	0	14676	0	11178	1312	2536	0	4158	1246	1440	0	666	0	0	3464	9344	822	210	964	3982	4692	17820	4392	9762	2394	1994	0	928	0	186	0	226	1666	0	0	3344	0	2092	0	4146	1352	5942	0	176	0	908	0	994	0	960	0	1270	788	246	0	5812	2758	21778	770	0	0	15512	3312	11210	0	9128	0	14142	0	9110	0	124	0	5720	0	0	0	0	0	0	0	0	0	0	0	0	0	0	0	0	0	0	0	0	0	0	0	0	0	0	0	
425572	Insula_R	1032	3512	2144	17460	0	3062	2602	5256	0	234	5358	27010	1550	21888	0	6398	668	11762	1200	4092	0	1878	138	7744	0	360	0	666	3464	0	412	2910	0	1852	174	0	764	5602	150	2062	0	1076	0	0	0	0	0	0	0	0	528	0	172	350	138	6794	344	2108	0	0	440	0	144	170	492	0	164	102	0	0	1052	11192	654	29714	0	172	300	396	1712	1622	214	3924	0	1058	810	1860	0	0	324	1356	0	0	0	0	0	0	0	0	0	0	0	0	0	0	0	0	0	0	0	0	0	0	0	0	0	0	
371428	Cingulum_Ant_L	0	0	16588	5022	9166	202	5148	274	486	0	574	276	5940	242	438	0	0	0	9240	6306	3174	2676	21966	7732	6784	1332	1236	0	9344	412	0	23306	9254	11850	0	0	0	186	0	0	0	0	0	0	0	0	0	0	0	0	0	0	0	0	0	0	0	0	0	0	0	0	0	0	0	0	0	0	0	0	8094	5378	10374	2000	0	0	244	156	0	0	0	0	314	0	0	0	0	0	0	0	0	0	0	0	0	0	0	0	0	0	0	0	0	0	0	0	0	0	0	0	0	0	0	0	0	0	
628480	Cingulum_Ant_R	308	414	6344	38790	1236	11010	1756	4572	214	0	948	1930	1194	2398	0	634	0	312	14342	23446	3354	4920	13124	37810	1058	13940	1438	2370	822	2910	23306	0	3644	33354	0	0	134	668	0	402	0	0	0	0	0	0	0	0	0	0	0	0	0	0	0	0	0	200	0	0	0	0	0	0	0	0	0	0	0	0	6774	32164	1532	18144	0	198	264	1726	136	0	0	0	0	0	0	0	0	0	0	0	0	0	0	0	0	0	0	0	0	0	0	0	0	0	0	0	0	0	0	0	0	0	0	0	0	0	
240672	Cingulum_Mid_L	3158	0	6560	2868	292	0	1248	102	0	0	142	0	190	0	0	0	0	0	14688	8198	0	0	8740	2214	0	0	0	0	210	0	9254	3644	0	15172	5782	312	0	0	0	0	0	0	352	0	242	0	0	0	842	0	5392	0	1334	0	168	0	1284	0	1088	0	1210	0	876	0	824	0	7908	534	10300	516	120	188	0	0	0	0	0	0	0	0	0	0	0	0	3048	0	0	0	1336	0	0	0	0	0	0	0	0	0	0	0	0	0	0	0	0	0	0	0	0	0	0	0	0	0	0	0	
595128	Cingulum_Mid_R	1306	236	12778	35300	748	2102	1966	2222	0	0	198	918	388	1348	0	862	0	320	32396	53630	0	0	17866	27416	0	1926	0	0	964	1852	11850	33354	15172	0	800	4456	0	160	0	0	0	0	0	258	0	2184	0	798	0	2222	0	1668	0	0	0	0	0	858	0	0	0	0	0	0	0	0	616	6824	1866	6546	706	5222	538	3860	0	0	380	0	0	0	0	0	122	0	0	362	0	0	0	0	0	0	0	0	0	0	0	0	0	0	0	0	0	0	0	0	0	0	0	0	0	0	0	0	0	0	
209500	Cingulum_Post_L	8138	278	3534	244	0	0	1618	0	0	0	212	168	0	138	0	0	104	0	956	934	0	0	0	0	0	0	0	0	3982	174	0	0	5782	800	0	5242	7862	3122	3574	1848	0	0	6206	0	684	112	2796	504	620	104	3230	0	1218	0	504	1386	1234	0	1060	0	440	0	520	0	210	0	12398	790	7584	896	536	0	264	0	0	0	5854	1668	604	0	396	0	0	0	2546	0	0	0	1676	0	0	0	0	0	0	0	0	0	0	0	0	0	0	0	0	0	0	0	0	0	0	0	0	0	0	0	
183360	Cingulum_Post_R	640	2438	622	1274	0	0	0	0	0	0	0	0	0	0	0	0	0	0	646	8692	0	0	0	0	0	0	0	0	4692	0	0	0	312	4456	5242	0	1506	8758	1320	4646	0	0	0	398	0	614	0	4118	0	384	0	454	0	308	0	4628	0	844	0	0	0	0	0	0	0	0	926	10214	698	8230	1170	236	188	0	0	0	8324	4702	0	0	0	0	0	0	0	0	0	0	0	0	0	0	0	0	0	0	0	0	0	0	0	0	0	0	0	0	0	0	0	0	0	0	0	0	0	0	
339732	Hippocampus_L	3214	430	6562	826	114	0	1650	116	0	0	1102	770	272	602	358	0	1292	0	4736	314	310	0	0	172	0	0	0	0	17820	764	0	134	0	0	7862	1506	0	1682	21970	1194	9236	0	4506	0	0	0	5790	960	0	0	308	0	324	0	14340	950	1234	0	0	0	0	0	0	0	0	0	8114	0	0	0	1092	910	8546	512	464	0	6834	1518	3032	0	3872	0	2560	0	4786	0	676	0	11378	0	692	0	126	0	106	0	548	0	280	0	0	0	102	0	0	0	0	0	104	194	0	0	0	0	0	0	
369248	Hippocampus_R	264	5996	1526	3840	0	292	172	1034	0	0	0	1012	0	398	0	0	0	2602	1368	1296	0	0	0	410	0	0	0	0	4392	5602	186	668	0	160	3122	8758	1682	0	1346	29770	0	6546	0	414	0	0	0	5388	0	0	0	0	0	0	0	31522	0	1852	0	0	0	0	0	202	0	0	0	5128	142	0	990	3460	380	21428	0	1340	6844	7024	0	412	0	1172	0	668	0	4374	0	0	0	7528	0	574	0	0	0	0	0	476	0	864	0	0	0	0	0	0	0	0	0	0	0	0	0	0	0	0	
200124	ParaHippocampal_L	930	320	2894	352	0	0	824	0	0	0	408	146	158	124	202	0	858	0	1804	0	580	0	0	0	0	0	0	0	9762	150	0	0	0	0	3574	1320	21970	1346	0	994	4352	0	1968	0	0	0	6270	826	0	0	492	0	256	0	10154	774	346	0	0	0	0	0	0	0	0	0	3402	142	0	0	232	172	3742	0	110	0	3202	656	444	0	650	0	1566	0	272	0	1338	0	3126	0	1252	0	544	0	170	0	1460	0	1344	0	318	0	396	0	130	0	482	0	260	368	0	0	130	0	0	0	
229412	ParaHippocampal_R	136	1538	684	1506	0	172	106	556	0	0	0	534	0	184	0	0	0	474	590	740	0	122	0	258	0	0	0	0	2394	2062	0	402	0	0	1848	4646	1194	29770	994	0	0	4508	0	708	0	0	0	5408	0	0	0	0	0	0	0	18994	0	652	0	0	0	0	0	0	0	0	0	4004	0	0	506	1692	214	10336	0	1102	3534	3148	0	138	0	260	0	1722	0	1392	0	378	0	2442	0	558	0	0	0	0	0	1168	0	932	0	0	0	0	0	0	0	0	0	0	0	0	0	0	0	0	
58212	Amygdala_L	0	208	114	0	118	0	0	0	0	0	0	0	0	0	466	0	0	0	0	0	760	0	0	0	0	0	0	0	1994	0	0	0	0	0	0	0	9236	0	4352	0	0	0	0	0	0	0	0	0	0	0	0	0	0	0	5140	0	0	0	0	0	0	0	0	0	0	0	0	0	0	0	0	0	1062	380	0	0	0	288	0	0	0	0	2038	0	586	0	882	0	1482	0	0	0	0	0	0	0	0	0	0	0	0	0	0	0	0	0	0	0	0	0	0	0	0	0	0	0	
44560	Amygdala_R	0	0	0	0	0	0	0	0	0	0	0	0	0	0	0	0	0	0	0	0	0	630	0	0	0	0	0	188	0	1076	0	0	0	0	0	0	0	6546	0	4508	0	0	0	0	0	0	0	0	0	0	0	0	0	0	0	5018	0	0	0	0	0	0	0	0	0	0	0	0	0	0	0	176	0	492	0	0	0	220	0	0	0	0	0	1834	0	0	0	0	0	1592	0	0	0	0	0	0	0	0	0	0	0	0	0	0	0	0	0	0	0	0	0	0	0	0	0	0	
194868	Calcarine_L	2654	0	294	0	0	0	468	0	0	0	112	0	0	0	0	0	0	0	0	0	0	0	0	0	0	0	0	0	928	0	0	0	352	0	6206	0	4506	0	1968	0	0	0	0	762	8614	470	9182	492	7340	180	15086	0	5794	0	2796	128	850	0	0	0	0	0	134	0	0	0	17618	0	1516	0	0	0	0	0	0	0	0	0	742	0	246	0	0	0	3462	0	0	0	2052	0	0	312	0	0	0	0	302	516	224	450	0	0	0	0	0	0	0	0	0	0	678	0	0	0	0	0	
177800	Calcarine_R	0	1046	0	164	0	0	0	0	0	0	0	0	0	0	0	0	0	0	0	860	0	0	0	0	0	0	0	0	0	0	0	0	0	258	0	398	0	414	0	708	0	0	762	0	1760	19016	154	12880	0	13288	0	9354	0	6440	0	5398	0	1828	0	0	0	0	0	176	0	0	716	10358	0	1070	0	0	0	0	0	0	0	0	0	0	0	174	0	0	0	1014	0	0	0	664	0	0	0	0	0	0	0	0	0	0	0	0	0	0	0	0	0	0	0	0	0	0	0	0	0	0	
96920	Cuneus_L	246	0	0	0	0	0	0	0	0	0	0	0	0	0	0	0	0	0	0	0	0	0	0	0	0	0	0	0	186	0	0	0	242	0	684	0	0	0	0	0	0	0	8614	1760	0	4654	308	232	10204	1668	5264	0	784	0	408	0	172	0	1320	0	0	0	0	0	0	0	8484	770	786	0	0	0	0	0	0	0	0	0	210	0	0	0	0	0	1100	0	0	0	364	0	0	0	0	0	0	0	0	0	0	0	0	0	0	0	0	0	0	0	0	0	0	0	0	0	0	0	
233416	Cuneus_R	0	908	0	0	0	0	0	0	0	0	0	0	0	0	0	0	0	0	0	804	0	0	0	0	0	0	0	0	0	0	0	0	0	2184	112	614	0	0	0	0	0	0	470	19016	4654	0	0	4700	0	29424	0	15460	0	3536	0	1862	0	5372	0	516	0	146	0	828	0	260	2142	18178	0	2712	0	0	0	0	0	0	0	0	0	116	0	334	0	0	0	2132	0	0	0	228	0	0	0	0	0	0	0	0	0	0	0	0	0	0	0	0	0	0	0	0	0	0	0	0	0	0	
298956	Lingual_L	1106	0	154	0	0	0	0	0	0	0	0	0	0	0	0	0	0	0	0	0	0	0	0	0	0	0	0	0	226	0	0	0	0	0	2796	0	5790	0	6270	0	0	0	9182	154	308	0	0	4004	3212	0	9276	0	5282	106	19392	1358	218	0	0	0	0	0	0	0	0	0	6498	0	218	0	0	0	0	0	0	0	462	0	290	0	0	0	0	0	818	0	0	0	438	0	11760	3732	658	598	276	0	15234	5422	18214	4904	0	0	152	390	0	0	0	0	0	162	7650	2518	250	0	0	0	
356212	Lingual_R	0	1372	362	0	0	0	0	0	0	0	0	0	0	0	0	0	0	0	310	1204	0	0	0	0	0	0	0	0	1666	0	0	0	0	798	504	4118	960	5388	826	5408	0	0	492	12880	232	4700	4004	0	0	4546	0	4794	0	5508	1590	21944	0	1302	0	0	0	0	0	426	0	0	140	17132	0	1312	0	0	372	0	0	0	2024	1076	0	0	0	0	0	0	0	516	0	0	0	538	4218	12260	1528	2166	144	530	3604	7906	5744	14542	0	0	114	146	0	0	0	0	0	294	6468	9452	328	114	104	0	
112392	Occipital_Sup_L	418	0	0	0	0	0	0	0	0	0	0	0	0	0	0	0	0	0	0	0	0	0	0	0	0	0	0	0	0	0	0	0	842	0	620	0	0	0	0	0	0	0	7340	0	10204	0	3212	0	0	0	16088	0	3036	0	482	0	236	0	2666	0	0	0	184	0	462	0	6152	0	358	0	0	0	0	0	0	0	0	0	0	0	0	0	0	0	3778	0	0	0	118	0	0	0	0	0	0	0	0	0	0	0	0	0	0	0	0	0	0	0	0	0	0	0	0	0	0	0	
263276	Occipital_Sup_R	0	548	0	0	0	0	0	0	0	0	0	0	0	0	0	0	0	524	0	1242	0	0	0	0	0	0	0	0	0	0	0	0	0	2222	104	384	0	0	0	0	0	0	180	13288	1668	29424	0	4546	0	0	0	22960	0	2314	0	2622	0	8136	0	3126	0	1500	0	2552	0	3498	1570	18702	0	3356	0	0	0	0	0	0	0	0	0	474	0	1756	0	0	0	4190	0	0	0	752	0	0	0	0	0	0	0	0	0	0	0	0	0	0	0	0	0	0	0	0	0	0	0	0	0	0	
492956	Occipital_Mid_L	7936	0	468	180	0	0	696	0	0	0	1240	528	0	388	0	0	1190	0	0	0	0	0	0	162	0	0	0	0	3344	528	0	0	5392	0	3230	0	308	0	492	0	0	0	15086	0	5264	0	9276	0	16088	0	0	0	28024	0	6686	0	15852	0	11316	0	12554	0	5452	0	17938	0	11198	0	10090	0	106	0	0	0	0	0	106	0	2658	0	602	0	0	0	36112	0	0	0	15988	0	0	0	0	0	0	0	0	0	0	0	0	0	0	0	0	0	0	0	0	0	0	0	0	0	0	0	
223236	Occipital_Mid_R	0	794	0	224	0	0	0	0	0	0	0	0	0	0	0	0	0	196	0	1470	0	0	0	0	0	0	0	0	0	0	0	0	0	1668	0	454	0	0	0	0	0	0	0	9354	0	15460	0	4794	0	22960	0	0	0	4210	0	3638	0	2762	0	2232	0	4748	0	1572	0	10460	746	12054	0	2754	0	0	0	0	0	0	0	0	0	166	0	892	0	0	0	7426	0	0	0	584	0	0	0	0	0	0	0	0	0	0	0	0	0	0	0	0	0	0	0	0	0	0	0	0	0	0	
215620	Occipital_Inf_L	3034	0	0	0	0	0	432	0	0	0	352	172	0	118	0	0	644	0	0	0	0	0	0	0	0	0	0	0	2092	172	0	0	1334	0	1218	0	324	0	256	0	0	0	5794	0	784	0	5282	0	3036	0	28024	0	0	0	7616	0	2826	0	906	0	402	0	1016	0	880	0	2450	0	1638	0	0	0	0	0	0	0	0	0	2388	0	726	0	0	0	18060	0	0	0	15712	0	0	0	0	0	0	0	0	0	122	0	0	0	0	0	0	0	0	0	0	0	0	0	0	0	0	0	
97612	Occipital_Inf_R	0	2968	0	1190	0	0	0	0	0	0	0	0	0	0	0	0	0	324	0	502	0	0	0	0	0	0	0	0	0	350	0	0	0	0	0	308	0	0	0	0	0	0	0	6440	0	3536	106	5508	0	2314	0	4210	0	0	0	6246	0	342	0	0	0	0	0	530	0	104	0	5192	0	498	0	0	0	108	0	0	0	0	0	0	0	266	0	0	0	542	0	0	0	5502	0	228	0	0	0	0	102	122	116	474	0	0	0	0	0	0	0	0	0	0	132	546	0	0	0	0	
425888	Fusiform_L	1700	116	308	106	0	0	350	0	0	0	246	142	0	110	0	0	256	0	146	0	110	0	0	0	0	0	0	0	4146	138	0	0	168	0	504	0	14340	0	10154	0	5140	0	2796	0	408	0	19392	1590	482	0	6686	0	7616	0	0	270	750	0	0	0	0	0	0	0	188	0	2420	0	156	0	0	0	844	194	0	0	358	144	2836	0	2800	0	2832	0	5626	0	1662	0	16378	0	24856	1102	4974	132	400	0	16540	1504	34188	1540	1960	0	2342	0	400	0	704	0	346	386	2920	2134	784	394	390	340	
525108	Fusiform_R	254	10080	672	2870	0	0	0	334	0	0	0	430	0	0	0	0	0	3294	610	976	0	0	0	0	0	0	0	0	1352	6794	0	0	0	0	1386	4628	950	31522	774	18994	0	5018	128	5398	0	1862	1358	21944	0	2622	0	3638	0	6246	270	0	0	2350	0	0	0	0	0	948	0	0	0	8096	0	752	494	1098	170	8300	0	284	2132	1860	0	738	0	3020	0	2992	0	5408	0	380	0	15652	1268	20530	628	2290	0	372	1142	10256	1708	25144	0	0	0	1522	0	146	0	0	0	0	3812	4262	122	274	0	0	
365388	Postcentral_L	38714	202	2772	310	0	0	3402	0	0	0	4994	340	1404	260	0	0	7008	0	1222	0	0	0	0	0	0	0	0	0	5942	344	0	0	1284	0	1234	0	1234	0	346	0	0	0	850	0	172	0	218	0	236	0	15852	0	2826	0	750	0	0	0	10660	0	19910	0	11734	0	8820	0	4620	0	10850	0	2496	736	264	0	172	0	3090	474	3774	0	2596	0	0	0	6782	0	0	0	3800	0	0	0	0	0	0	0	0	0	0	0	0	0	0	0	0	0	0	0	0	0	0	0	0	0	0	0	
210248	Postcentral_R	0	17164	0	1082	0	0	0	242	0	0	0	2666	0	280	0	0	0	4052	0	2436	0	0	0	0	0	0	0	0	0	2108	0	200	0	858	0	844	0	1852	0	652	0	0	0	1828	0	5372	0	1302	0	8136	0	2762	0	342	0	2350	0	0	0	3672	0	5284	0	12490	0	1694	386	12250	0	5330	0	1530	0	3152	0	424	0	196	0	128	0	1042	0	0	0	322	0	0	0	696	0	0	0	0	0	0	0	0	0	0	0	0	0	0	0	0	0	0	0	0	0	0	0	0	0	0	
119356	Parietal_Sup_L	1192	0	186	0	0	0	0	0	0	0	150	0	0	0	0	0	180	0	0	0	0	0	0	0	0	0	0	0	176	0	0	0	1088	0	1060	0	0	0	0	0	0	0	0	0	1320	0	0	0	2666	0	11316	0	906	0	0	0	10660	0	0	0	7272	0	1650	0	3524	0	8178	0	5228	0	0	0	0	0	0	0	0	0	0	0	0	0	0	0	1652	0	0	0	1274	0	0	0	0	0	0	0	0	0	0	0	0	0	0	0	0	0	0	0	0	0	0	0	0	0	0	0	
36720	Parietal_Sup_R	0	0	0	0	0	0	0	0	0	0	0	0	0	0	0	0	0	0	0	0	0	0	0	0	0	0	0	0	0	0	0	0	0	0	0	0	0	0	0	0	0	0	0	0	0	516	0	0	0	3126	0	2232	0	0	0	0	0	3672	0	0	0	1966	0	508	0	2898	0	3442	0	0	0	0	0	0	0	0	0	0	0	0	0	0	0	0	0	0	0	0	0	0	0	0	0	0	0	0	0	0	0	0	0	0	0	0	0	0	0	0	0	0	0	0	0	0	0	0	
207684	Parietal_Inf_L	7306	0	272	112	0	0	242	0	0	0	982	440	0	358	0	0	368	0	0	0	0	0	0	0	0	0	0	0	908	440	0	0	1210	0	440	0	0	0	0	0	0	0	0	0	0	0	0	0	0	0	12554	0	402	0	0	0	19910	0	7272	0	0	0	15740	0	20450	0	1942	0	2894	0	0	0	0	0	0	0	202	0	0	0	880	0	0	0	7272	0	0	0	1246	0	0	0	0	0	0	0	0	0	0	0	0	0	0	0	0	0	0	0	0	0	0	0	0	0	0	0	
82588	Parietal_Inf_R	0	2360	0	156	0	0	0	0	0	0	0	0	0	0	0	0	0	0	0	104	0	0	0	0	0	0	0	0	0	0	0	0	0	0	0	0	0	0	0	0	0	0	0	0	0	146	0	0	0	1500	0	4748	0	0	0	0	0	5284	0	1966	0	0	0	12384	0	10920	0	822	0	170	0	112	0	0	0	0	0	0	0	0	0	272	0	0	0	350	0	0	0	0	0	0	0	0	0	0	0	0	0	0	0	0	0	0	0	0	0	0	0	0	0	0	0	0	0	0	
153088	SupraMarginal_L	3118	0	236	0	0	0	0	0	0	0	540	144	0	112	0	0	2104	0	190	0	0	0	0	0	0	0	0	0	994	144	0	0	876	0	520	0	0	0	0	0	0	0	134	0	0	0	0	0	184	0	5452	0	1016	0	0	0	11734	0	1650	0	15740	0	0	0	9832	0	802	0	2420	0	0	0	0	0	0	0	184	0	200	0	5326	0	0	0	10504	0	0	0	2388	0	0	0	0	0	0	0	0	0	0	0	0	0	0	0	0	0	0	0	0	0	0	0	0	0	0	0	
120620	SupraMarginal_R	0	2932	0	226	0	0	0	0	0	0	0	0	0	0	0	0	0	1912	0	318	0	0	0	0	0	0	0	0	0	170	0	0	0	0	0	0	0	202	0	0	0	0	0	176	0	828	0	426	0	2552	0	1572	0	530	0	948	0	12490	0	508	0	12384	0	0	0	9388	0	2100	0	506	0	136	0	0	0	0	0	0	0	114	0	4046	0	0	0	5196	0	0	0	650	0	0	0	0	0	0	0	0	0	0	0	0	0	0	0	0	0	0	0	0	0	0	0	0	0	0	
186364	Angular_L	2744	0	292	116	0	0	186	0	0	0	900	492	0	382	0	0	842	0	0	0	0	0	0	108	0	0	0	0	960	492	0	0	824	0	210	0	0	0	0	0	0	0	0	0	0	0	0	0	462	0	17938	0	880	0	188	0	8820	0	3524	0	20450	0	9832	0	0	0	1256	0	3828	0	0	0	0	0	0	0	0	0	0	0	2118	0	0	0	13166	0	0	0	2172	0	0	0	0	0	0	0	0	0	0	0	0	0	0	0	0	0	0	0	0	0	0	0	0	0	0	0	
95120	Angular_R	0	304	0	0	0	0	0	0	0	0	0	0	0	0	0	0	0	0	0	176	0	0	0	0	0	0	0	0	0	0	0	0	0	0	0	0	0	0	0	0	0	0	0	0	0	260	0	0	0	3498	0	10460	0	104	0	0	0	1694	0	2898	0	10920	0	9388	0	0	0	1094	0	284	0	0	0	0	0	0	0	0	0	0	0	1024	0	0	0	5102	0	0	0	354	0	0	0	0	0	0	0	0	0	0	0	0	0	0	0	0	0	0	0	0	0	0	0	0	0	0	
277612	Precuneus_L	3554	130	752	0	0	0	832	0	0	0	248	164	0	130	0	0	104	0	198	346	0	0	0	0	0	0	0	0	1270	164	0	0	7908	616	12398	926	8114	0	3402	0	0	0	17618	716	8484	2142	6498	140	6152	1570	11198	746	2450	0	2420	0	4620	386	8178	0	1942	0	802	0	1256	0	0	4140	5558	442	0	0	0	0	0	0	886	0	780	0	454	0	0	0	5964	214	0	0	1794	0	0	0	0	0	0	0	0	0	0	0	0	0	0	0	0	0	0	0	0	0	0	0	0	0	0	0	
335120	Precuneus_R	0	3196	0	154	0	0	0	0	0	0	0	0	0	0	0	0	0	174	0	4990	0	0	0	0	0	0	0	0	788	102	0	0	534	6824	790	10214	0	5128	142	4004	0	0	0	10358	770	18178	0	17132	0	18702	0	12054	0	5192	0	8096	0	12250	0	3442	0	822	0	2100	0	1094	4140	0	0	9038	0	0	0	0	0	0	1094	118	0	266	0	964	0	0	0	2632	0	0	0	1494	0	204	0	0	0	0	0	150	0	230	0	0	0	0	0	0	0	0	0	0	0	0	0	0	0	0	
237012	Paracentral_Lobule_L	14000	1146	7930	2294	0	0	0	0	0	0	0	0	0	0	0	0	210	0	12170	3452	0	0	0	0	0	0	0	0	246	0	0	0	10300	1866	7584	698	0	142	0	0	0	0	1516	0	786	0	218	0	358	0	10090	0	1638	0	156	0	10850	0	5228	0	2894	0	2420	0	3828	0	5558	0	0	414	894	162	220	0	0	0	2578	390	0	0	170	0	0	0	3860	0	0	0	2240	0	0	0	0	0	0	0	0	0	0	0	0	0	0	0	0	0	0	0	0	0	0	0	0	0	0	0	
139152	Paracentral_Lobule_R	0	2452	0	152	0	0	0	0	0	0	0	0	0	0	0	0	0	0	286	20454	0	0	0	0	0	0	0	0	0	0	0	0	516	6546	896	8230	0	0	0	0	0	0	0	1070	0	2712	0	1312	0	3356	0	2754	0	498	0	752	0	5330	0	0	0	170	0	506	0	284	442	9038	414	0	0	0	0	0	0	0	0	0	0	0	0	290	0	0	0	780	0	0	0	336	0	0	0	0	0	0	0	0	0	0	0	0	0	0	0	0	0	0	0	0	0	0	0	0	0	0	
428736	Caudate_L	6622	1726	23068	11314	4642	2118	4550	2776	486	0	4664	942	3256	852	994	0	794	0	17322	4392	9232	6688	718	1280	2072	2032	6344	1434	5812	1052	8094	6774	120	706	536	1170	1092	990	232	506	0	0	0	0	0	0	0	0	0	0	106	0	0	0	0	494	2496	0	0	0	0	0	0	0	0	0	0	0	894	0	0	19514	15846	3710	2286	118	12626	6506	220	0	0	0	1746	0	116	0	0	0	288	0	0	0	0	0	0	0	0	0	0	0	0	0	0	0	0	0	0	0	0	0	0	0	0	0	0	0	
693996	Caudate_R	1974	6108	11144	40578	854	12760	3684	3994	162	252	2730	7240	3528	4484	0	1486	270	3212	9788	24128	2646	5520	780	15704	600	11868	648	2808	2758	11192	5378	32164	188	5222	0	236	910	3460	172	1692	0	176	0	0	0	0	0	0	0	0	0	0	0	0	0	1098	736	1530	0	0	0	112	0	136	0	0	0	0	162	0	19514	0	6356	40910	634	2798	5386	24138	512	144	0	106	228	0	0	0	0	0	0	0	0	0	0	0	0	0	0	0	0	0	0	0	0	0	0	0	0	0	0	0	0	0	0	0	0	0	
369152	Putamen_L	3106	304	27772	2456	8870	402	1668	230	2230	0	814	544	1358	470	5888	0	502	0	20466	1430	1004	548	1706	344	2642	204	754	0	21778	654	10374	1532	0	538	264	188	8546	380	3742	214	1062	0	0	0	0	0	0	372	0	0	0	0	0	0	844	170	264	0	0	0	0	0	0	0	0	0	0	0	220	0	15846	6356	0	3104	5758	154	6780	708	0	0	2180	0	3940	0	1318	0	0	0	1578	0	0	0	0	0	0	0	0	0	0	0	0	0	0	0	0	0	0	0	0	0	0	0	0	0	0	0	
579000	Putamen_R	354	6746	4182	30914	0	10246	880	4954	0	846	424	11466	866	4152	0	3732	0	8264	3482	13272	250	828	356	13012	0	8460	0	776	770	29714	2000	18144	0	3860	0	0	512	21428	0	10336	380	492	0	0	0	0	0	0	0	0	0	0	0	108	194	8300	0	3152	0	0	0	0	0	0	0	0	0	0	0	0	3710	40910	3104	0	0	5110	382	3066	0	666	0	688	102	396	112	1128	0	0	0	2274	0	0	0	0	0	0	0	0	0	0	0	0	0	0	0	0	0	0	0	0	0	0	0	0	0	0	
54376	Pallidum_L	1976	140	6294	268	0	0	122	0	0	0	0	0	0	0	0	0	0	0	6362	172	0	0	0	0	0	0	0	0	0	0	0	0	0	0	0	0	464	0	110	0	0	0	0	0	0	0	0	0	0	0	0	0	0	0	0	0	172	0	0	0	0	0	0	0	0	0	0	0	0	0	2286	634	5758	0	0	0	1906	524	0	0	0	0	0	0	0	0	0	0	0	0	0	0	0	0	0	0	0	0	0	0	0	0	0	0	0	0	0	0	0	0	0	0	0	0	0	0	
38160	Pallidum_R	0	266	166	3336	0	0	0	696	0	0	0	170	0	106	0	0	0	612	188	1048	0	0	0	104	0	0	0	0	0	172	0	198	0	0	0	0	0	1340	0	1102	0	0	0	0	0	0	0	0	0	0	0	0	0	0	0	284	0	424	0	0	0	0	0	0	0	0	0	0	0	0	118	2798	154	5110	0	0	0	688	0	0	0	0	0	0	0	0	0	0	0	0	0	0	0	0	0	0	0	0	0	0	0	0	0	0	0	0	0	0	0	0	0	0	0	0	0	0	
299040	Thalamus_L	8772	2980	11016	3128	0	0	1036	484	0	0	444	278	0	218	0	0	302	0	10178	646	0	0	0	0	0	0	0	0	15512	300	244	264	0	380	5854	8324	6834	6844	3202	3534	0	0	0	0	0	0	462	2024	0	0	106	0	0	0	358	2132	3090	0	0	0	202	0	184	0	0	0	886	1094	2578	0	12626	5386	6780	382	1906	0	0	17668	558	0	198	0	0	0	0	0	0	0	126	0	0	0	0	0	0	0	0	0	0	0	0	0	0	0	0	0	0	0	0	0	0	0	0	0	0	0	
219100	Thalamus_R	1050	4110	6136	5574	0	0	186	150	0	0	240	0	206	0	0	0	0	0	5948	3334	0	0	0	140	0	0	0	0	3312	396	156	1726	0	0	1668	4702	1518	7024	656	3148	288	220	0	0	0	0	0	1076	0	0	0	0	0	0	144	1860	474	196	0	0	0	0	0	0	0	0	0	118	390	0	6506	24138	708	3066	524	688	17668	0	0	0	0	0	106	0	0	0	0	0	0	0	0	0	0	0	0	0	0	0	0	0	0	0	0	0	0	0	0	0	0	0	0	0	0	0	0	0	
126664	Heschl_L	4868	0	894	734	0	0	1966	0	0	0	2838	1708	656	1350	0	0	4860	0	214	0	0	0	0	524	0	0	0	0	11210	1712	0	136	0	0	604	0	3032	0	444	0	0	0	742	0	210	0	290	0	0	0	2658	0	2388	0	2836	0	3774	0	0	0	0	0	200	0	0	0	780	0	0	0	220	512	0	0	0	0	558	0	0	0	4336	0	0	0	3906	0	0	0	2172	0	0	0	0	0	0	0	0	0	0	0	0	0	0	0	0	0	0	0	0	0	0	0	0	0	0	0	
28404	Heschl_R	0	432	0	166	0	0	0	0	0	0	0	0	0	0	0	0	0	2402	0	164	0	0	0	0	0	0	0	0	0	1622	0	0	0	0	0	0	0	412	0	138	0	0	0	0	0	116	0	0	0	474	0	166	0	0	0	738	0	128	0	0	0	0	0	114	0	0	0	266	0	0	0	144	0	666	0	0	0	0	0	0	0	4620	0	0	0	908	0	0	0	526	0	0	0	0	0	0	0	0	0	0	0	0	0	0	0	0	0	0	0	0	0	0	0	0	0	0	
182016	Temporal_Sup_L	1868	0	858	0	200	0	520	0	180	0	2034	214	346	174	606	0	6666	0	230	0	0	0	0	0	0	0	0	0	9128	214	0	0	0	0	396	0	3872	0	650	0	0	0	246	0	0	0	0	0	0	0	602	0	726	0	2800	0	2596	0	0	0	880	0	5326	0	2118	0	454	0	170	0	0	0	2180	0	0	0	198	0	4336	0	0	0	5740	0	21940	0	494	0	12046	0	0	0	0	0	0	0	0	0	0	0	0	0	0	0	0	0	0	0	0	0	0	0	0	0	0	0	
103372	Temporal_Sup_R	0	1688	0	358	0	0	0	0	0	0	0	0	0	0	0	118	0	4174	0	254	0	0	0	0	0	0	0	0	0	3924	0	0	0	0	0	0	0	1172	0	260	0	0	0	174	0	334	0	0	0	1756	0	892	0	266	0	3020	0	1042	0	0	0	272	0	4046	0	1024	0	964	0	290	0	106	0	688	0	0	0	0	0	4620	0	0	0	3278	0	10800	0	826	0	5340	0	0	0	0	0	0	0	0	0	0	0	0	0	0	0	0	0	0	0	0	0	0	0	0	0	0	
137772	Temporal_Pole_Sup_L	844	0	1680	178	916	0	1128	0	516	0	3530	0	2466	0	3054	0	2302	0	476	152	1480	0	0	0	0	0	0	0	14142	0	314	0	0	122	0	0	2560	0	1566	0	2038	0	0	0	0	0	0	0	0	0	0	0	0	0	2832	0	0	0	0	0	0	0	0	0	0	0	0	0	0	0	1746	228	3940	102	0	0	0	106	0	0	5740	0	0	0	7444	0	2700	0	4584	0	0	0	0	0	0	0	0	0	0	0	0	0	0	0	0	0	0	0	0	0	0	0	0	0	0	0	
35664	Temporal_Pole_Sup_R	0	0	0	154	0	0	0	0	0	0	0	238	0	0	0	226	0	720	0	0	0	0	0	0	0	0	0	0	0	1058	0	0	0	0	0	0	0	668	0	1722	0	1834	0	0	0	0	0	0	0	0	0	0	0	0	0	2992	0	0	0	0	0	0	0	0	0	0	0	0	0	0	0	0	0	396	0	0	0	0	0	0	0	3278	0	0	0	1634	0	614	0	2298	0	0	0	0	0	0	0	0	0	0	0	0	0	0	0	0	0	0	0	0	0	0	0	0	0	0	
487556	Temporal_Mid_L	6720	0	228	246	262	0	694	0	222	0	2462	812	0	636	638	0	1752	0	0	0	0	0	0	196	0	0	0	0	9110	810	0	0	3048	0	2546	0	4786	0	272	0	586	0	3462	0	1100	0	818	0	3778	0	36112	0	18060	0	5626	0	6782	0	1652	0	7272	0	10504	0	13166	0	5964	0	3860	0	116	0	1318	112	0	0	0	0	3906	0	21940	0	7444	0	0	0	3252	0	51508	0	0	0	0	0	0	0	0	0	0	0	0	0	0	0	0	0	0	0	0	0	0	0	0	0	0	0	
165096	Temporal_Mid_R	0	870	0	0	0	0	0	0	0	0	0	0	0	0	0	0	0	782	0	692	0	0	0	0	0	0	0	0	0	1860	0	0	0	362	0	0	0	4374	0	1392	0	0	0	1014	0	2132	0	516	0	4190	0	7426	0	542	0	5408	0	322	0	0	0	350	0	5196	0	5102	214	2632	0	780	0	0	0	1128	0	0	0	0	0	908	0	10800	0	1634	0	0	0	2680	0	18550	0	284	0	0	0	0	0	0	0	408	0	0	0	0	0	0	0	0	0	0	0	0	0	0	0	0	
26600	Temporal_Pole_Mid_L	0	0	0	0	0	0	0	0	0	0	0	0	0	0	0	0	0	0	0	0	0	0	0	0	0	0	0	0	124	0	0	0	0	0	0	0	676	0	1338	0	882	0	0	0	0	0	0	0	0	0	0	0	0	0	1662	0	0	0	0	0	0	0	0	0	0	0	0	0	0	0	0	0	0	0	0	0	0	0	0	0	494	0	2700	0	3252	0	0	0	2172	0	0	0	0	0	0	0	0	0	0	0	0	0	0	0	0	0	0	0	0	0	0	0	0	0	0	0	
12272	Temporal_Pole_Mid_R	0	0	0	0	0	0	0	0	0	0	0	0	0	0	0	0	0	0	0	0	0	0	0	0	0	0	0	0	0	0	0	0	0	0	0	0	0	0	0	378	0	0	0	0	0	0	0	0	0	0	0	0	0	0	0	380	0	0	0	0	0	0	0	0	0	0	0	0	0	0	0	0	0	0	0	0	0	0	0	0	0	826	0	614	0	2680	0	0	0	1258	0	0	0	0	0	0	0	0	0	0	0	0	0	0	0	0	0	0	0	0	0	0	0	0	0	0	
369568	Temporal_Inf_L	3370	0	1468	384	0	0	396	0	0	0	932	326	0	242	0	0	1050	0	1060	174	0	0	0	102	0	0	0	0	5720	324	0	0	1336	0	1676	0	11378	0	3126	0	1482	0	2052	0	364	0	438	0	118	0	15988	0	15712	0	16378	0	3800	0	1274	0	1246	0	2388	0	2172	0	1794	0	2240	0	288	0	1578	0	0	0	126	0	2172	0	12046	0	4584	0	51508	0	2172	0	0	0	5364	0	2348	0	0	0	184	0	1216	0	460	0	228	0	0	0	0	0	0	0	0	0	0	0	0	0	
153140	Temporal_Inf_R	0	2618	0	608	0	0	0	0	0	0	0	0	0	0	0	0	0	322	0	290	0	0	0	0	0	0	0	0	0	1356	0	0	0	0	0	0	0	7528	0	2442	0	1592	0	664	0	228	0	538	0	752	0	584	0	5502	0	15652	0	696	0	0	0	0	0	650	0	354	0	1494	0	336	0	0	0	2274	0	0	0	0	0	526	0	5340	0	2298	0	18550	0	1258	0	0	0	1578	0	0	0	0	0	0	0	540	0	0	0	0	0	0	0	0	0	0	0	0	0	0	0	0	
590132	Cerebelum_Crus1_L	0	0	0	0	0	0	0	0	0	0	0	0	0	0	0	0	0	0	0	0	0	0	0	0	0	0	0	0	0	0	0	0	0	0	0	0	692	0	1252	0	0	0	0	0	0	0	11760	4218	0	0	0	0	0	0	24856	1268	0	0	0	0	0	0	0	0	0	0	0	0	0	0	0	0	0	0	0	0	0	0	0	0	0	0	0	0	0	0	0	0	5364	0	0	8194	40512	5956	2922	306	29294	6404	64366	9894	12122	546	15482	2910	1256	348	492	0	1832	2460	12496	13584	7570	2776	2090	1844	
500436	Cerebelum_Crus1_R	0	0	0	0	0	0	0	0	0	0	0	0	0	0	0	0	0	0	0	0	0	0	0	0	0	0	0	0	0	0	0	0	0	0	0	0	0	574	0	558	0	0	312	0	0	0	3732	12260	0	0	0	0	0	228	1102	20530	0	0	0	0	0	0	0	0	0	0	0	204	0	0	0	0	0	0	0	0	0	0	0	0	0	0	0	0	0	284	0	0	0	1578	8194	0	3314	35110	396	1512	6894	19382	8738	60638	720	1844	1798	17412	0	376	0	402	344	550	13852	15824	9096	866	850	744	
340116	Cerebelum_Crus2_L	0	0	0	0	0	0	0	0	0	0	0	0	0	0	0	0	0	0	0	0	0	0	0	0	0	0	0	0	0	0	0	0	0	0	0	0	126	0	544	0	0	0	0	0	0	0	658	1528	0	0	0	0	0	0	4974	628	0	0	0	0	0	0	0	0	0	0	0	0	0	0	0	0	0	0	0	0	0	0	0	0	0	0	0	0	0	0	0	0	2348	0	40512	3314	0	6810	628	0	4514	712	15720	3078	33652	1172	29630	1210	2932	140	156	0	160	330	1356	5356	5524	1572	414	360	
387332	Cerebelum_Crus2_R	0	0	0	0	0	0	0	0	0	0	0	0	0	0	0	0	0	0	0	0	0	0	0	0	0	0	0	0	0	0	0	0	0	0	0	0	0	0	0	0	0	0	0	0	0	0	598	2166	0	0	0	0	0	0	132	2290	0	0	0	0	0	0	0	0	0	0	0	0	0	0	0	0	0	0	0	0	0	0	0	0	0	0	0	0	0	0	0	0	0	0	5956	35110	6810	0	556	1382	4104	7398	4580	16642	3042	20526	4376	39454	450	2354	0	694	406	1144	6224	7212	13650	3966	1592	852	
64472	Cerebelum_3_L	0	0	0	0	0	0	0	0	0	0	0	0	0	0	0	0	0	0	0	0	0	0	0	0	0	0	0	0	0	0	0	0	0	0	0	0	106	0	170	0	0	0	0	0	0	0	276	144	0	0	0	0	0	0	400	0	0	0	0	0	0	0	0	0	0	0	0	0	0	0	0	0	0	0	0	0	0	0	0	0	0	0	0	0	0	0	0	0	0	0	2922	396	628	556	0	136	7776	602	2928	476	382	110	1874	546	1650	248	108	0	962	3838	1626	458	944	852	690	432	
68664	Cerebelum_3_R	0	0	0	0	0	0	0	0	0	0	0	0	0	0	0	0	0	0	0	0	0	0	0	0	0	0	0	0	0	0	0	0	0	0	0	0	0	0	0	0	0	0	0	0	0	0	0	530	0	0	0	0	0	0	0	372	0	0	0	0	0	0	0	0	0	0	0	0	0	0	0	0	0	0	0	0	0	0	0	0	0	0	0	0	0	0	0	0	0	0	306	1512	0	1382	136	0	442	6136	322	2480	136	416	540	3952	164	3222	0	0	1504	3318	916	326	386	2894	2338	602	
456696	Cerebelum_4_5_L	0	0	0	0	0	0	0	0	0	0	0	0	0	0	0	0	0	0	0	0	0	0	0	0	0	0	0	0	0	0	0	0	0	0	0	0	548	0	1460	0	0	0	302	0	0	0	15234	3604	0	0	0	0	0	102	16540	1142	0	0	0	0	0	0	0	0	0	0	0	0	0	0	0	0	0	0	0	0	0	0	0	0	0	0	0	0	0	0	0	0	184	0	29294	6894	4514	4104	7776	442	0	11938	43546	9928	3688	516	8848	3812	4308	616	992	0	2324	5068	21848	5618	4398	3416	2858	2486	
343436	Cerebelum_4_5_R	0	0	0	0	0	0	0	0	0	0	0	0	0	0	0	0	0	0	0	0	0	0	0	0	0	0	0	0	0	0	0	0	0	0	0	0	0	476	0	1168	0	0	516	0	0	0	5422	7906	0	0	0	0	0	122	1504	10256	0	0	0	0	0	0	0	0	0	0	0	150	0	0	0	0	0	0	0	0	0	0	0	0	0	0	0	0	0	0	0	0	0	0	6404	19382	712	7398	602	6136	11938	0	8330	32626	586	1270	1508	10360	178	2428	0	266	198	1450	24178	2472	800	3150	1560	266	
584200	Cerebelum_6_L	0	0	0	0	0	0	0	0	0	0	0	0	0	0	0	0	0	0	0	0	0	0	0	0	0	0	0	0	0	0	0	0	0	0	0	0	280	0	1344	0	0	0	224	0	0	0	18214	5744	0	0	0	0	122	116	34188	1708	0	0	0	0	0	0	0	0	0	0	0	0	0	0	0	0	0	0	0	0	0	0	0	0	0	0	0	0	0	0	0	0	1216	0	64366	8738	15720	4580	2928	322	43546	8330	0	11790	5738	342	8338	2496	1084	436	1054	0	1882	2466	16484	15948	5230	2780	2320	2026	
516696	Cerebelum_6_R	0	0	0	0	0	0	0	0	0	0	0	0	0	0	0	0	0	0	0	0	0	0	0	0	0	0	0	0	0	0	0	0	0	0	0	0	0	864	0	932	0	0	450	0	0	0	4904	14542	0	0	0	0	0	474	1540	25144	0	0	0	0	0	0	0	0	0	0	0	230	0	0	0	0	0	0	0	0	0	0	0	0	0	0	0	0	0	408	0	0	0	540	9894	60638	3078	16642	476	2480	9928	32626	11790	0	404	602	1798	10156	0	506	0	576	424	784	19398	18312	4334	1578	1156	740	
236952	Cerebelum_7b_L	0	0	0	0	0	0	0	0	0	0	0	0	0	0	0	0	0	0	0	0	0	0	0	0	0	0	0	0	0	0	0	0	0	0	0	0	0	0	318	0	0	0	0	0	0	0	0	0	0	0	0	0	0	0	1960	0	0	0	0	0	0	0	0	0	0	0	0	0	0	0	0	0	0	0	0	0	0	0	0	0	0	0	0	0	0	0	0	0	460	0	12122	720	33652	3042	382	136	3688	586	5738	404	0	404	33712	2496	4560	198	850	0	584	736	1590	920	3956	3200	1156	906	
114316	Cerebelum_7b_R	0	0	0	0	0	0	0	0	0	0	0	0	0	0	0	0	0	0	0	0	0	0	0	0	0	0	0	0	0	0	0	0	0	0	0	0	0	0	0	0	0	0	0	0	0	0	0	0	0	0	0	0	0	0	0	0	0	0	0	0	0	0	0	0	0	0	0	0	0	0	0	0	0	0	0	0	0	0	0	0	0	0	0	0	0	0	0	0	0	0	546	1844	1172	20526	110	416	516	1270	342	602	404	0	604	20888	288	3194	0	0	0	212	956	0	1420	1176	558	114	
365020	Cerebelum_8_L	0	0	0	0	0	0	0	0	0	0	0	0	0	0	0	0	0	0	0	0	0	0	0	0	0	0	0	0	0	0	0	0	0	0	0	0	102	0	396	0	0	0	0	0	0	0	152	114	0	0	0	0	0	0	2342	0	0	0	0	0	0	0	0	0	0	0	0	0	0	0	0	0	0	0	0	0	0	0	0	0	0	0	0	0	0	0	0	0	228	0	15482	1798	29630	4376	1874	540	8848	1508	8338	1798	33712	604	0	5824	19508	1758	3686	0	2150	2684	4094	3042	9020	9712	5614	3576	
340056	Cerebelum_8_R	0	0	0	0	0	0	0	0	0	0	0	0	0	0	0	0	0	0	0	0	0	0	0	0	0	0	0	0	0	0	0	0	0	0	0	0	0	0	0	0	0	0	0	0	0	0	390	146	0	0	0	0	0	0	0	1522	0	0	0	0	0	0	0	0	0	0	0	0	0	0	0	0	0	0	0	0	0	0	0	0	0	0	0	0	0	0	0	0	0	0	2910	17412	1210	39454	546	3952	3812	10360	2496	10156	2496	20888	5824	0	1436	14074	0	1908	632	1716	6250	888	3078	10640	4658	1174	
117560	Cerebelum_9_L	0	0	0	0	0	0	0	0	0	0	0	0	0	0	0	0	0	0	0	0	0	0	0	0	0	0	0	0	0	0	0	0	0	0	0	0	0	0	130	0	0	0	0	0	0	0	0	0	0	0	0	0	0	0	400	0	0	0	0	0	0	0	0	0	0	0	0	0	0	0	0	0	0	0	0	0	0	0	0	0	0	0	0	0	0	0	0	0	0	0	1256	0	2932	450	1650	164	4308	178	1084	0	4560	288	19508	1436	0	2064	4624	0	744	1016	852	750	1354	3404	4176	1452	
103052	Cerebelum_9_R	0	0	0	0	0	0	0	0	0	0	0	0	0	0	0	0	0	0	0	0	0	0	0	0	0	0	0	0	0	0	0	0	0	0	0	0	0	0	0	0	0	0	0	0	0	0	0	0	0	0	0	0	0	0	0	146	0	0	0	0	0	0	0	0	0	0	0	0	0	0	0	0	0	0	0	0	0	0	0	0	0	0	0	0	0	0	0	0	0	0	348	376	140	2354	248	3222	616	2428	436	506	198	3194	1758	14074	2064	0	0	1344	1472	1474	884	718	964	4424	5806	2332	
29020	Cerebelum_10_L	0	0	0	0	0	0	0	0	0	0	0	0	0	0	0	0	0	0	0	0	0	0	0	0	0	0	0	0	0	0	0	0	0	0	0	0	0	0	482	0	0	0	0	0	0	0	0	0	0	0	0	0	0	0	704	0	0	0	0	0	0	0	0	0	0	0	0	0	0	0	0	0	0	0	0	0	0	0	0	0	0	0	0	0	0	0	0	0	0	0	492	0	156	0	108	0	992	0	1054	0	850	0	3686	0	4624	0	0	0	138	170	196	150	212	200	154	142	
10888	Cerebelum_10_R	0	0	0	0	0	0	0	0	0	0	0	0	0	0	0	0	0	0	0	0	0	0	0	0	0	0	0	0	0	0	0	0	0	0	0	0	0	0	0	0	0	0	0	0	0	0	0	0	0	0	0	0	0	0	0	0	0	0	0	0	0	0	0	0	0	0	0	0	0	0	0	0	0	0	0	0	0	0	0	0	0	0	0	0	0	0	0	0	0	0	0	402	0	694	0	0	0	266	0	576	0	0	0	1908	0	1344	0	0	0	0	0	0	0	132	122	0	
75608	Vermis_1_2	0	0	0	0	0	0	0	0	0	0	0	0	0	0	0	0	0	0	0	0	0	0	0	0	0	0	0	0	0	0	0	0	0	0	0	0	104	0	260	0	0	0	0	0	0	0	0	0	0	0	0	0	0	0	346	0	0	0	0	0	0	0	0	0	0	0	0	0	0	0	0	0	0	0	0	0	0	0	0	0	0	0	0	0	0	0	0	0	0	0	1832	344	160	406	962	1504	2324	198	1882	424	584	0	2150	632	744	1472	138	0	0	5836	3062	1788	2314	2806	3048	2484	
