data	data	361856	359760	1.1343e+06	809768	195944	102612	553172	343988	113304	34008	285920	234304	334304	236480	208276	90184	196188	144320	743960	668956	104192	146276	519404	447500	44672	112764	83284	79164	562420	353504	441592	550744	288748	523472	123880	121480	221836	296276	93148	151408	38932	68448	177840	306684	124224	340988	183688	299920	130484	384868	491180	234912	79496	87856	305976	475056	348332	345208	195284	85160	267356	81364	111288	98920	124768	92724	310160	404284	238020	189224	509776	554452	369516	405568	68452	63632	133548	138440	62268	20520	203712	95724	82956	46172	258756	239688	31812	22448	209732	247980	582196	389168	290404	240424	64056	97388	390180	288432	539280	523896	193256	147664	229060	249952	88916	114452	7300	4544	33720	63396	242136	252744	158860	90876	90024	32332	
data	data	Precentral_L	Precentral_R	Frontal_Sup_L	Frontal_Sup_R	Frontal_Sup_Orb_L	Frontal_Sup_Orb_R	Frontal_Mid_L	Frontal_Mid_R	Frontal_Mid_Orb_L	Frontal_Mid_Orb_R	Frontal_Inf_Oper_L	Frontal_Inf_Oper_R	Frontal_Inf_Tri_L	Frontal_Inf_Tri_R	Frontal_Inf_Orb_L	Frontal_Inf_Orb_R	Rolandic_Oper_L	Rolandic_Oper_R	Supp_Motor_Area_L	Supp_Motor_Area_R	Olfactory_L	Olfactory_R	Frontal_Sup_Medial_L	Frontal_Sup_Medial_R	Frontal_Med_Orb_L	Frontal_Med_Orb_R	Rectus_L	Rectus_R	Insula_L	Insula_R	Cingulum_Ant_L	Cingulum_Ant_R	Cingulum_Mid_L	Cingulum_Mid_R	Cingulum_Post_L	Cingulum_Post_R	Hippocampus_L	Hippocampus_R	ParaHippocampal_L	ParaHippocampal_R	Amygdala_L	Amygdala_R	Calcarine_L	Calcarine_R	Cuneus_L	Cuneus_R	Lingual_L	Lingual_R	Occipital_Sup_L	Occipital_Sup_R	Occipital_Mid_L	Occipital_Mid_R	Occipital_Inf_L	Occipital_Inf_R	Fusiform_L	Fusiform_R	Postcentral_L	Postcentral_R	Parietal_Sup_L	Parietal_Sup_R	Parietal_Inf_L	Parietal_Inf_R	SupraMarginal_L	SupraMarginal_R	Angular_L	Angular_R	Precuneus_L	Precuneus_R	Paracentral_Lobule_L	Paracentral_Lobule_R	Caudate_L	Caudate_R	Putamen_L	Putamen_R	Pallidum_L	Pallidum_R	Thalamus_L	Thalamus_R	Heschl_L	Heschl_R	Temporal_Sup_L	Temporal_Sup_R	Temporal_Pole_Sup_L	Temporal_Pole_Sup_R	Temporal_Mid_L	Temporal_Mid_R	Temporal_Pole_Mid_L	Temporal_Pole_Mid_R	Temporal_Inf_L	Temporal_Inf_R	Cerebelum_Crus1_L	Cerebelum_Crus1_R	Cerebelum_Crus2_L	Cerebelum_Crus2_R	Cerebelum_3_L	Cerebelum_3_R	Cerebelum_4_5_L	Cerebelum_4_5_R	Cerebelum_6_L	Cerebelum_6_R	Cerebelum_7b_L	Cerebelum_7b_R	Cerebelum_8_L	Cerebelum_8_R	Cerebelum_9_L	Cerebelum_9_R	Cerebelum_10_L	Cerebelum_10_R	Vermis_1_2	Vermis_3	Vermis_4_5	Vermis_6	Vermis_7	Vermis_8	Vermis_9	Vermis_10	
361856	Precentral_L	0	7814	13102	614	0	0	11040	384	0	0	6986	0	818	0	0	0	9828	0	7588	4394	0	0	0	0	0	0	0	0	8674	0	196	0	1110	2168	2238	162	3144	0	300	0	0	0	184	0	242	0	0	0	94	0	4326	0	118	0	232	0	31778	260	1374	0	6526	0	954	0	472	0	2336	0	21694	1780	4338	134	2792	0	308	0	10440	694	2592	0	4620	0	0	0	1856	0	0	0	224	0	0	0	0	0	0	0	0	0	0	0	0	0	0	0	0	0	0	0	0	0	0	0	0	0	0	0	
359760	Precentral_R	7814	0	5100	5622	108	0	2288	8458	108	0	0	6486	0	0	114	0	0	9032	4152	5624	0	0	0	0	0	0	0	0	522	2908	156	174	370	3012	964	2956	578	5120	364	1230	0	0	0	330	0	2392	0	528	0	2494	0	218	0	740	0	2798	1392	28406	0	0	0	962	0	3100	0	226	0	4038	7924	6556	4000	10226	2344	3298	558	224	816	21262	0	250	0	570	0	0	0	218	0	0	0	750	0	0	0	0	0	0	0	0	0	0	0	0	0	0	0	0	0	0	0	0	0	0	0	0	0	0	
1.1343e+06	Frontal_Sup_L	13102	5100	0	21512	13460	750	87878	8738	5604	0	12052	1096	24158	820	13214	0	9222	120	84484	18380	830	626	57478	18266	622	562	1894	0	30310	824	30022	11080	14632	8908	0	0	2976	118	152	0	0	0	0	0	0	0	0	0	0	0	134	0	0	0	94	0	6894	340	0	0	410	0	100	0	0	0	0	0	4600	0	17176	2548	25414	792	3060	120	788	156	896	0	3962	0	564	0	0	0	0	0	110	0	0	0	0	0	0	0	0	0	0	0	0	0	0	0	0	0	0	0	0	0	0	0	0	0	0	0	
809768	Frontal_Sup_R	614	5622	21512	0	174	5074	5308	40838	92	992	1254	6128	1342	13544	182	3858	270	788	17248	59394	0	516	16658	37616	0	2602	0	652	1614	11132	8776	46690	4582	21852	0	0	206	838	0	150	0	0	0	0	0	110	0	0	0	0	0	0	0	0	0	94	378	426	0	0	0	0	0	0	0	0	0	142	124	0	7786	29650	1990	18352	360	1914	0	5280	0	0	160	0	0	0	0	0	0	0	0	0	0	0	0	0	0	0	0	0	0	0	0	0	0	0	0	0	0	0	0	0	0	0	0	0	0	0	
195944	Frontal_Sup_Orb_L	0	108	13460	174	0	426	3878	122	13656	0	166	0	3834	0	13226	0	0	0	444	0	3090	996	3442	638	3896	928	7606	0	9604	0	6344	640	92	0	0	0	0	0	0	0	288	0	0	0	0	0	0	0	0	0	0	0	0	0	0	0	0	116	0	0	0	0	0	0	0	0	0	0	0	0	3220	972	5466	608	0	0	0	0	0	0	0	0	532	0	0	0	0	0	0	0	0	0	0	0	0	0	0	0	0	0	0	0	0	0	0	0	0	0	0	0	0	0	0	0	0	0	
102612	Frontal_Sup_Orb_R	0	0	750	5074	426	0	0	976	0	2866	0	0	0	170	0	3534	0	0	0	820	0	2342	1286	4848	290	7948	342	8188	0	740	1814	3354	0	0	0	0	0	0	0	0	0	0	0	0	0	0	0	0	0	0	0	0	0	0	0	0	0	0	0	0	0	0	0	0	0	0	0	0	0	0	0	2890	0	2648	0	0	0	0	0	0	0	0	0	0	0	0	0	0	0	0	0	0	0	0	0	0	0	0	0	0	0	0	0	0	0	0	0	0	0	0	0	0	0	0	0	0	
553172	Frontal_Mid_L	11040	2288	87878	5308	3878	0	0	3112	4218	0	11762	164	37858	168	12688	0	1352	0	16082	2956	144	138	20934	5832	0	0	314	0	14948	98	8292	2170	2900	2740	0	0	2880	0	198	0	0	0	0	0	0	0	0	0	0	0	262	0	0	0	238	0	1428	0	204	0	456	0	0	0	0	0	0	0	462	0	3094	246	3698	172	908	0	1378	102	324	0	748	0	0	0	164	0	0	0	362	0	0	0	0	0	0	0	0	0	0	0	0	0	0	0	0	0	0	0	0	0	0	0	0	0	0	0	
343988	Frontal_Mid_R	384	8458	8738	40838	122	976	3112	0	250	500	1474	12782	1226	15966	338	1398	272	704	4686	6030	0	0	3466	6308	0	0	0	0	2358	5112	1040	7602	830	5112	0	0	322	1828	0	570	0	0	0	0	0	0	0	164	0	0	0	0	0	236	0	1770	162	3754	0	0	0	616	0	236	0	0	0	192	0	0	8490	4382	2174	4506	106	668	0	1440	0	0	188	0	0	0	0	0	0	0	0	108	0	0	0	0	0	0	0	0	0	0	0	0	0	0	0	0	0	0	0	0	0	0	0	0	0	0	
113304	Frontal_Mid_Orb_L	0	108	5604	92	13656	0	4218	250	0	0	278	0	1490	0	17186	0	144	0	122	0	288	122	0	0	1368	174	2720	0	3716	0	1104	0	0	0	0	0	0	0	0	0	0	0	0	0	0	0	0	0	0	0	0	0	0	0	0	0	0	142	0	0	0	0	0	0	0	0	0	0	0	0	900	152	2330	132	0	0	0	0	0	0	0	0	356	0	0	0	0	0	0	0	0	0	0	0	0	0	0	0	0	0	0	0	0	0	0	0	0	0	0	0	0	0	0	0	0	0	
34008	Frontal_Mid_Orb_R	0	0	0	992	0	2866	0	500	0	0	0	260	0	754	0	6132	0	0	0	714	0	114	0	0	0	394	0	1160	0	688	0	102	0	0	0	0	0	0	0	0	0	0	0	0	0	0	0	0	0	0	0	0	0	0	0	0	0	0	0	0	0	0	0	0	0	0	0	0	0	0	0	1446	0	882	0	0	0	0	0	0	0	0	0	0	0	0	0	0	0	0	0	0	0	0	0	0	0	0	0	0	0	0	0	0	0	0	0	0	0	0	0	0	0	0	0	0	
285920	Frontal_Inf_Oper_L	6986	0	12052	1254	166	0	11762	1474	278	0	0	4196	20308	2702	784	432	8440	0	6992	458	0	0	2536	142	0	0	0	0	19534	3894	3864	724	292	110	0	0	1376	0	0	0	0	0	0	0	0	0	0	0	0	0	0	0	0	0	118	0	3448	0	0	0	0	0	0	0	0	0	0	0	540	0	15058	5156	1978	0	244	0	166	0	838	0	3204	0	1272	0	0	0	0	0	182	0	0	0	0	0	0	0	0	0	0	0	0	0	0	0	0	0	0	0	0	0	0	0	0	0	0	0	
234304	Frontal_Inf_Oper_R	0	6486	1096	6128	0	0	164	12782	0	260	4196	0	1558	16150	0	1182	96	3726	978	4234	0	0	262	1238	0	0	0	0	2226	17084	470	2044	384	1062	0	0	92	1322	0	242	0	0	0	0	0	0	0	0	0	0	0	0	0	136	0	1242	0	4496	0	0	0	220	0	550	0	0	0	0	0	0	7412	10168	418	5162	0	966	0	616	0	174	0	0	0	0	0	0	0	0	0	130	0	0	0	0	0	0	0	0	0	0	0	0	0	0	0	0	0	0	0	0	0	0	0	0	0	0	
334304	Frontal_Inf_Tri_L	818	0	24158	1342	3834	0	37858	1226	1490	0	20308	1558	0	1418	14352	0	1608	0	4892	312	0	0	3742	290	0	0	0	0	26660	1132	6192	1206	716	132	0	0	2694	0	0	0	0	0	0	0	0	0	0	0	0	0	0	0	0	0	292	0	0	0	0	0	0	0	0	0	0	0	0	0	0	0	4426	916	1698	0	116	0	224	0	0	0	484	0	436	0	118	0	0	0	504	0	0	0	0	0	0	0	0	0	0	0	0	0	0	0	0	0	0	0	0	0	0	0	0	0	0	0	
236480	Frontal_Inf_Tri_R	0	0	820	13544	0	170	168	15966	0	754	2702	16150	1418	0	0	5638	0	114	724	6932	0	0	338	3874	0	0	0	0	1028	19564	320	5446	300	2924	0	0	0	306	0	0	0	0	0	0	0	0	0	0	0	0	0	0	0	0	0	138	0	0	0	0	0	0	0	0	0	0	0	0	0	0	4162	10122	208	4024	0	294	0	92	0	0	0	0	0	0	0	0	0	0	0	0	0	0	0	0	0	0	0	0	0	0	0	0	0	0	0	0	0	0	0	0	0	0	0	0	0	0	
208276	Frontal_Inf_Orb_L	0	114	13214	182	13226	0	12688	338	17186	0	784	0	14352	0	0	0	456	0	682	0	2618	464	524	0	196	0	1628	0	12798	0	1716	202	318	0	0	0	0	0	122	0	218	0	0	0	0	0	0	0	0	0	0	0	0	0	0	0	0	146	0	0	0	0	0	0	0	0	0	0	0	0	2688	478	4866	302	0	0	0	0	0	0	198	0	1434	0	0	0	0	0	0	0	0	0	0	0	0	0	0	0	0	0	0	0	0	0	0	0	0	0	0	0	0	0	0	0	0	0	
90184	Frontal_Inf_Orb_R	0	0	0	3858	0	3534	0	1398	0	6132	432	1182	0	5638	0	0	0	0	0	2466	0	982	0	182	0	228	0	2220	0	6754	0	446	0	242	0	0	0	0	0	0	0	0	0	0	0	0	0	0	0	0	0	0	0	0	0	0	0	0	0	0	0	0	0	0	0	0	0	0	0	0	626	5902	0	2870	0	0	0	0	0	0	0	0	0	0	0	0	0	0	0	0	0	0	0	0	0	0	0	0	0	0	0	0	0	0	0	0	0	0	0	0	0	0	0	0	0	0	
196188	Rolandic_Oper_L	9828	0	9222	270	0	0	1352	272	144	0	8440	96	1608	0	456	0	0	0	5392	294	0	0	198	0	0	0	0	0	19282	0	344	88	0	0	94	0	1394	0	0	0	0	0	0	0	0	0	0	0	0	0	1290	0	0	0	264	0	11080	0	490	0	814	0	1726	0	142	0	384	0	914	0	3906	166	616	0	134	0	112	0	3730	0	11798	0	1144	0	350	0	0	0	260	0	0	0	0	0	0	0	0	0	0	0	0	0	0	0	0	0	0	0	0	0	0	0	0	0	0	0	
144320	Rolandic_Oper_R	0	9032	120	788	0	0	0	704	0	0	0	3726	0	114	0	0	0	0	0	834	0	0	0	0	0	0	0	0	126	12114	0	0	132	0	0	0	0	2254	0	714	0	0	0	214	0	102	0	164	0	286	0	222	0	928	0	2606	0	11730	0	0	0	490	0	3672	0	164	0	416	0	0	390	2922	178	8036	0	3074	0	132	0	1872	0	2186	0	0	0	694	0	0	0	1024	0	0	0	0	0	0	0	0	0	0	0	0	0	0	0	0	0	0	0	0	0	0	0	0	0	0	
743960	Supp_Motor_Area_L	7588	4152	84484	17248	444	0	16082	4686	122	0	6992	978	4892	724	682	0	5392	0	0	35262	200	206	18330	5804	134	0	424	0	9542	1046	16076	7548	18280	14086	792	632	3482	94	152	0	0	0	0	0	0	0	0	0	0	0	164	0	0	0	0	0	5750	0	0	0	382	0	138	0	0	0	154	0	14458	378	18968	3002	17292	1540	5870	150	14252	158	580	0	1908	0	280	0	0	0	0	0	0	0	0	0	0	0	0	0	0	0	0	0	0	0	0	0	0	0	0	0	0	0	0	0	0	0	0	0	
668956	Supp_Motor_Area_R	4394	5624	18380	59394	0	820	2956	6030	0	714	458	4234	312	6932	0	2466	294	834	35262	0	0	466	2558	8966	0	480	0	548	708	6126	1560	17568	24094	34448	162	1860	0	384	0	0	0	0	0	0	0	100	0	0	0	0	0	0	0	0	0	136	930	3078	0	0	96	0	0	0	0	0	0	242	8394	11296	6532	29934	2702	15338	1028	1628	224	3676	0	0	112	0	0	0	0	0	0	0	0	0	0	0	0	0	0	0	0	0	0	0	0	0	0	0	0	0	0	0	0	0	0	0	0	0	0	0	
104192	Olfactory_L	0	0	830	0	3090	0	144	0	288	0	0	0	0	0	2618	0	0	0	200	0	0	6484	358	0	562	298	2988	0	2966	0	4304	638	92	0	0	0	112	0	322	0	1056	0	0	0	0	0	0	0	0	0	0	0	0	0	0	0	0	0	0	0	0	0	0	0	0	0	0	0	0	0	9444	5544	5996	2496	824	156	0	0	0	0	0	0	286	0	0	0	0	0	0	0	0	0	0	0	0	0	0	0	0	0	0	0	0	0	0	0	0	0	0	0	0	0	0	0	0	0	
146276	Olfactory_R	0	0	626	516	996	2342	138	0	122	114	0	0	0	0	464	982	0	0	206	466	6484	0	350	478	178	4110	1742	6320	742	3078	3750	4080	0	0	0	0	0	1186	0	512	540	1082	0	0	0	0	0	0	0	0	0	0	0	0	0	0	0	0	0	0	0	0	0	0	0	0	0	0	0	0	7816	11246	4720	6182	916	462	0	0	0	0	0	0	0	192	0	0	0	0	0	0	0	0	0	0	0	0	0	0	0	0	0	0	0	0	0	0	0	0	0	0	0	0	0	0	0	0	
519404	Frontal_Sup_Medial_L	0	0	57478	16658	3442	1286	20934	3466	0	0	2536	262	3742	338	524	0	198	0	18330	2558	358	350	0	33740	1972	1410	1740	0	3068	230	31052	20560	11120	17534	0	0	0	0	0	0	0	0	0	0	0	0	0	0	0	0	0	0	0	0	0	0	0	114	0	0	0	0	0	0	0	0	0	0	0	0	1982	650	1628	442	0	0	0	0	0	0	0	0	0	0	0	0	0	0	0	0	0	0	0	0	0	0	0	0	0	0	0	0	0	0	0	0	0	0	0	0	0	0	0	0	0	0	
447500	Frontal_Sup_Medial_R	0	0	18266	37616	638	4848	5832	6308	0	0	142	1238	290	3874	0	182	0	0	5804	8966	0	478	33740	0	322	5902	134	868	156	1274	11948	34904	3130	21986	0	0	0	148	0	0	0	0	0	0	0	0	0	0	0	0	0	0	0	0	0	0	0	0	0	0	0	0	0	0	0	0	0	0	0	0	300	8036	166	5184	0	162	0	908	0	0	0	0	0	0	0	0	0	0	0	0	0	0	0	0	0	0	0	0	0	0	0	0	0	0	0	0	0	0	0	0	0	0	0	0	0	0	
44672	Frontal_Med_Orb_L	0	0	622	0	3896	290	0	0	1368	0	0	0	0	0	196	0	0	0	134	0	562	178	1972	322	0	1458	3708	252	96	0	5504	392	0	0	0	0	0	0	0	0	0	0	0	0	0	0	0	0	0	0	0	0	0	0	0	0	0	0	0	0	0	0	0	0	0	0	0	0	0	0	966	0	420	0	0	0	0	0	0	0	0	0	0	0	0	0	0	0	0	0	0	0	0	0	0	0	0	0	0	0	0	0	0	0	0	0	0	0	0	0	0	0	0	0	0	0	
112764	Frontal_Med_Orb_R	0	0	562	2602	928	7948	0	0	174	394	0	0	0	0	0	228	0	0	0	480	298	4110	1410	5902	1458	0	870	7922	0	0	3452	7846	0	0	0	0	0	0	0	0	0	0	0	0	0	0	0	0	0	0	0	0	0	0	0	0	0	0	0	0	0	0	0	0	0	0	0	0	0	0	120	5646	0	4032	0	0	0	0	0	0	0	0	0	0	0	0	0	0	0	0	0	0	0	0	0	0	0	0	0	0	0	0	0	0	0	0	0	0	0	0	0	0	0	0	0	0	
83284	Rectus_L	0	0	1894	0	7606	342	314	0	2720	0	0	0	0	0	1628	0	0	0	424	0	2988	1742	1740	134	3708	870	0	868	538	0	5936	346	180	0	0	0	0	0	0	0	0	0	0	0	0	0	0	0	0	0	0	0	0	0	0	0	0	0	0	0	0	0	0	0	0	0	0	0	0	0	3808	1482	1400	974	0	0	0	0	0	0	0	0	0	0	0	0	0	0	0	0	0	0	0	0	0	0	0	0	0	0	0	0	0	0	0	0	0	0	0	0	0	0	0	0	0	0	
79164	Rectus_R	0	0	0	652	0	8188	0	0	0	1160	0	0	0	0	0	2220	0	0	0	548	0	6320	0	868	252	7922	868	0	0	1006	0	3570	0	0	0	0	0	0	0	0	0	0	0	0	0	0	0	0	0	0	0	0	0	0	0	0	0	0	0	0	0	0	0	0	0	0	0	0	0	0	0	3342	0	2666	0	0	0	0	0	0	0	0	0	0	0	0	0	0	0	0	0	0	0	0	0	0	0	0	0	0	0	0	0	0	0	0	0	0	0	0	0	0	0	0	0	0	
562420	Insula_L	8674	522	30310	1614	9604	0	14948	2358	3716	0	19534	2226	26660	1028	12798	0	19282	126	9542	708	2966	742	3068	156	96	0	538	0	0	1754	4360	620	442	102	982	132	16366	132	638	0	3304	0	0	0	120	0	0	0	0	0	1924	0	0	0	2038	0	5382	670	1500	0	1556	0	294	0	0	0	1036	0	616	0	14816	2960	23894	272	108	0	1156	176	4012	0	9298	0	4248	0	878	0	0	0	4208	0	0	0	0	0	0	0	0	0	0	0	0	0	0	0	0	0	0	0	0	0	0	0	0	0	0	0	
353504	Insula_R	0	2908	824	11132	0	740	98	5112	0	688	3894	17084	1132	19564	0	6754	0	12114	1046	6126	0	3078	230	1274	0	0	0	1006	1754	0	314	3362	390	1220	0	0	0	7636	0	1052	0	1918	0	310	0	156	0	0	0	212	0	204	0	714	0	4056	0	3064	0	0	0	0	0	88	0	0	0	222	0	0	5804	13754	316	23544	0	3402	0	260	0	968	0	2078	0	572	0	1678	0	0	0	2900	0	0	0	0	0	0	0	0	0	0	0	0	0	0	0	0	0	0	0	0	0	0	0	0	0	0	
441592	Cingulum_Ant_L	196	156	30022	8776	6344	1814	8292	1040	1104	0	3864	470	6192	320	1716	0	344	0	16076	1560	4304	3750	31052	11948	5504	3452	5936	0	4360	314	0	23240	7428	6470	0	0	164	0	0	0	144	0	0	0	0	0	0	0	0	0	0	0	0	0	0	0	0	170	0	0	0	0	0	0	0	0	0	0	0	0	12276	4066	5676	2256	0	0	0	0	0	0	0	0	0	0	0	0	0	0	0	0	0	0	0	0	0	0	0	0	0	0	0	0	0	0	0	0	0	0	0	0	0	0	0	0	0	0	
550744	Cingulum_Ant_R	0	174	11080	46690	640	3354	2170	7602	0	102	724	2044	1206	5446	202	446	88	0	7548	17568	638	4080	20560	34904	392	7846	346	3570	620	3362	23240	0	4386	28790	0	0	0	136	0	0	0	0	0	0	0	0	0	0	0	0	0	0	0	0	0	0	0	0	0	0	0	0	0	0	0	0	0	0	0	0	2344	21168	718	8424	0	164	0	2600	0	0	0	0	0	0	0	0	0	0	0	0	0	0	0	0	0	0	0	0	0	0	0	0	0	0	0	0	0	0	0	0	0	0	0	0	0	0	
288748	Cingulum_Mid_L	1110	370	14632	4582	92	0	2900	830	0	0	292	384	716	300	318	0	0	132	18280	24094	92	0	11120	3130	0	0	180	0	442	390	7428	4386	0	19206	4224	2566	0	0	0	0	0	0	0	280	0	128	0	0	0	166	208	0	0	0	0	0	900	214	0	0	0	0	0	0	0	0	3550	808	7064	1200	1642	4338	590	900	0	190	0	0	0	0	0	0	0	0	0	0	0	0	0	0	0	0	0	0	0	0	0	0	0	0	0	0	0	0	0	0	0	0	0	0	0	0	0	0	0	0	
523472	Cingulum_Mid_R	2168	3012	8908	21852	0	0	2740	5112	0	0	110	1062	132	2924	0	242	0	0	14086	34448	0	0	17534	21986	0	0	0	0	102	1220	6470	28790	19206	0	1612	7394	0	534	0	0	0	0	0	2006	0	2926	0	984	0	4774	0	666	0	0	0	476	832	8424	0	0	0	206	0	1408	0	100	1112	11760	6336	14462	464	1164	102	530	0	198	0	0	0	120	0	240	0	0	0	418	0	0	0	384	0	0	0	0	0	0	0	0	0	0	0	0	0	0	0	0	0	0	0	0	0	0	0	0	0	0	
123880	Cingulum_Post_L	2238	964	0	0	0	0	0	0	0	0	0	0	0	0	0	0	94	0	792	162	0	0	0	0	0	0	0	0	982	0	0	0	4224	1612	0	7102	2976	2056	2462	148	0	0	3050	180	1968	0	676	136	592	0	2594	0	152	0	1758	0	2976	1376	170	0	212	0	0	0	140	0	11732	932	3980	1298	0	0	0	0	0	0	0	386	128	0	0	0	0	0	570	0	0	0	1122	0	0	0	0	0	0	0	0	0	0	0	0	0	0	0	0	0	0	0	0	0	0	0	0	0	0	0	
121480	Cingulum_Post_R	162	2956	0	0	0	0	0	0	0	0	0	0	0	0	0	0	0	0	632	1860	0	0	0	0	0	0	0	0	132	0	0	0	2566	7394	7102	0	2342	4596	1250	478	0	0	0	1950	0	662	0	1798	0	498	0	0	0	0	0	1118	0	5144	0	0	0	0	0	0	0	0	910	10168	340	5518	0	0	0	0	0	0	0	692	0	0	0	92	0	0	0	0	0	0	166	0	0	0	0	0	0	0	0	0	0	0	0	0	0	0	0	0	0	0	0	0	214	0	0	0	0	0	
221836	Hippocampus_L	3144	578	2976	206	0	0	2880	322	0	0	1376	92	2694	0	0	0	1394	0	3482	0	112	0	0	0	0	0	0	0	16366	0	164	0	0	0	2976	2342	0	2638	13314	238	6326	0	948	0	0	0	1878	0	0	0	118	0	0	0	8396	0	1518	0	0	0	0	0	0	0	0	0	2222	392	174	0	888	106	8014	0	674	0	3904	1842	1534	0	2264	0	908	0	1662	0	0	0	9516	0	0	0	0	0	0	0	240	0	0	0	0	0	0	0	0	0	0	0	0	100	0	0	0	0	0	0	
296276	Hippocampus_R	0	5120	118	838	0	0	0	1828	0	0	0	1322	0	306	0	0	0	2254	94	384	0	1186	0	148	0	0	0	0	132	7636	0	136	0	534	2056	4596	2638	0	1644	20322	0	11160	0	2456	0	138	0	5218	0	114	0	0	0	2028	0	25334	0	1898	0	0	0	0	0	152	0	0	158	6804	0	1292	146	102	104	15788	0	3740	102	3398	0	198	0	658	0	880	0	2328	0	0	170	7424	0	92	0	0	0	118	0	2222	0	146	0	0	0	0	0	0	0	0	0	0	478	0	0	0	0	0	
93148	ParaHippocampal_L	300	364	152	0	0	0	198	0	0	0	0	0	0	0	122	0	0	0	152	0	322	0	0	0	0	0	0	0	638	0	0	0	0	0	2462	1250	13314	1644	0	322	1576	0	1536	0	0	0	3360	0	0	0	310	0	118	0	4570	0	172	0	0	0	0	0	0	0	0	0	2786	392	0	0	0	0	1498	0	264	0	1320	884	0	0	150	0	324	0	354	0	256	0	2396	0	576	0	0	0	472	0	1122	0	640	0	0	0	0	0	0	0	0	0	0	258	0	0	0	0	0	0	
151408	ParaHippocampal_R	0	1230	0	150	0	0	0	570	0	0	0	242	0	0	0	0	0	714	0	0	0	512	0	0	0	0	0	0	0	1052	0	0	0	0	148	478	238	20322	322	0	0	9284	0	652	0	0	0	4130	0	0	0	0	0	2516	0	15676	0	404	0	0	0	0	0	0	0	0	0	1784	0	160	0	0	0	1892	0	808	0	666	0	0	0	0	0	2910	0	692	0	2252	0	2310	0	128	0	0	0	548	0	2494	0	282	0	0	0	0	0	0	0	0	0	138	0	0	0	0	0	0	
38932	Amygdala_L	0	0	0	0	288	0	0	0	0	0	0	0	0	0	218	0	0	0	0	0	1056	540	0	0	0	0	0	0	3304	0	144	0	0	0	0	0	6326	0	1576	0	0	0	0	0	0	0	0	0	0	0	0	0	0	0	2536	0	0	0	0	0	0	0	0	0	0	0	0	0	0	0	804	456	1564	0	0	0	0	0	0	0	0	0	406	0	0	0	0	0	248	0	0	0	0	0	0	0	0	0	0	0	0	0	0	0	0	0	0	0	0	0	0	0	0	0	0	0	
68448	Amygdala_R	0	0	0	0	0	0	0	0	0	0	0	0	0	0	0	0	0	0	0	0	0	1082	0	0	0	0	0	0	0	1918	0	0	0	0	0	0	0	11160	0	9284	0	0	0	0	0	0	0	0	0	0	0	0	0	0	0	4556	0	0	0	0	0	0	0	0	0	0	0	0	0	0	0	0	0	1484	0	114	0	0	0	0	0	0	0	1864	0	0	0	260	0	1428	0	0	0	0	0	0	0	1074	0	0	0	0	0	0	0	0	0	0	0	0	0	0	0	0	0	0	
177840	Calcarine_L	184	0	0	0	0	0	0	0	0	0	0	0	0	0	0	0	0	0	0	0	0	0	0	0	0	0	0	0	0	0	0	0	0	0	3050	0	948	0	1536	0	0	0	0	8168	11574	6754	8984	2386	5654	4036	14870	188	3128	0	3924	120	302	0	152	0	0	0	0	0	0	0	11246	360	202	0	0	0	0	0	0	0	0	0	158	0	0	0	0	0	320	0	0	0	676	0	0	0	0	0	0	0	0	0	0	0	0	0	0	0	0	0	0	0	0	0	0	0	0	0	0	0	
306684	Calcarine_R	0	330	0	0	0	0	0	0	0	0	0	0	0	0	0	0	0	214	0	0	0	0	0	0	0	0	0	0	0	310	0	0	280	2006	180	1950	0	2456	0	652	0	0	8168	0	3028	25408	2090	20480	0	20498	0	12166	0	5102	0	11420	0	2910	0	0	0	0	0	0	0	128	916	18346	128	4000	0	0	0	226	0	0	0	0	0	0	0	256	0	0	0	5718	0	0	0	3976	0	0	0	0	0	0	0	0	0	0	0	0	0	0	0	0	0	0	0	0	0	0	0	0	0	0	
124224	Cuneus_L	242	0	0	0	0	0	0	0	0	0	0	0	0	0	0	0	0	0	0	0	0	0	0	0	0	0	0	0	120	0	0	0	0	0	1968	0	0	0	0	0	0	0	11574	3028	0	3346	606	748	14320	698	10330	0	310	0	744	0	298	0	2410	94	292	0	0	0	0	0	10056	386	196	0	0	0	0	0	0	0	0	0	0	0	0	0	0	0	176	0	0	0	170	0	0	0	0	0	0	0	0	0	0	0	0	0	0	0	0	0	0	0	0	0	0	0	0	0	0	0	
340988	Cuneus_R	0	2392	0	110	0	0	0	0	0	0	0	0	0	0	0	0	0	102	0	100	0	0	0	0	0	0	0	0	0	156	0	0	128	2926	0	662	0	138	0	0	0	0	6754	25408	3346	0	1094	8908	0	45040	0	13346	0	2288	0	3716	0	6542	0	2974	0	0	0	0	0	180	1336	26282	94	2928	0	0	0	0	0	0	0	0	0	0	0	618	0	0	0	9180	0	0	0	3746	0	0	0	0	0	0	0	0	0	0	0	0	0	0	0	0	0	0	0	0	0	0	0	0	0	0	
183688	Lingual_L	0	0	0	0	0	0	0	0	0	0	0	0	0	0	0	0	0	0	0	0	0	0	0	0	0	0	0	0	0	0	0	0	0	0	676	0	1878	0	3360	0	0	0	8984	2090	606	1094	0	3898	1770	1166	8766	0	3614	0	11406	1642	0	0	0	0	0	0	0	0	0	0	3640	148	0	0	0	0	0	0	0	0	182	94	0	0	0	0	0	0	94	0	0	0	942	0	5930	1518	162	0	98	126	7188	1512	9810	3636	0	0	0	0	0	0	0	0	0	128	2186	3500	0	0	0	0	
299920	Lingual_R	0	528	0	0	0	0	0	164	0	0	0	0	0	0	0	0	0	164	0	0	0	0	0	0	0	0	0	0	0	0	0	0	0	984	136	1798	0	5218	0	4130	0	0	2386	20480	748	8908	3898	0	0	6734	0	2416	0	5194	1226	19178	0	2470	0	0	0	0	0	0	0	0	506	11390	208	3606	0	0	0	216	0	0	0	232	0	0	0	0	0	0	0	204	0	0	0	716	5244	1854	1064	0	0	210	3524	5612	7600	9796	0	0	0	0	184	122	0	0	0	0	5296	5522	0	0	94	0	
130484	Occipital_Sup_L	94	0	0	0	0	0	0	0	0	0	0	0	0	0	0	0	0	0	0	0	0	0	0	0	0	0	0	0	0	0	0	0	0	0	592	0	0	0	0	0	0	0	5654	0	14320	0	1770	0	0	0	22856	0	1832	0	460	0	116	0	7882	0	682	0	0	0	326	0	8144	88	0	0	0	0	0	0	0	0	0	0	0	0	0	0	0	0	426	0	0	0	0	0	0	0	0	0	0	0	0	0	0	0	0	0	0	0	0	0	0	0	0	0	0	0	0	0	0	0	
384868	Occipital_Sup_R	0	2494	0	0	0	0	0	0	0	0	0	0	0	0	0	0	0	286	0	0	0	0	0	0	0	0	0	0	0	212	0	0	166	4774	0	498	0	114	0	0	0	0	4036	20498	698	45040	1166	6734	0	0	0	23764	0	2398	0	3834	0	8388	0	7862	0	2808	0	1938	0	2856	1260	29696	0	1850	0	0	0	0	0	0	0	0	0	106	0	1448	0	0	0	11584	0	0	0	5926	0	0	0	0	0	0	0	0	0	0	0	0	0	0	0	0	0	0	0	0	0	0	0	0	0	0	
491180	Occipital_Mid_L	4326	0	134	0	0	0	262	0	0	0	0	0	0	0	0	0	1290	0	164	0	0	0	0	0	0	0	0	0	1924	0	0	0	208	0	2594	0	118	0	310	0	0	0	14870	0	10330	0	8766	0	22856	0	0	0	15462	0	8162	0	13178	0	25166	0	27382	0	2416	0	21574	0	29204	0	2318	0	0	0	0	0	0	0	0	0	862	0	1696	0	0	0	24556	0	0	0	5462	0	0	0	0	0	0	0	0	0	0	0	0	0	0	0	0	0	0	0	0	0	0	0	0	0	0	0	
234912	Occipital_Mid_R	0	218	0	0	0	0	0	0	0	0	0	0	0	0	0	0	0	222	0	0	0	0	0	0	0	0	0	0	0	204	0	0	0	666	0	0	0	0	0	0	0	0	188	12166	0	13346	0	2416	0	23764	0	0	0	5482	0	2056	0	2700	0	4158	0	4454	0	344	0	10730	404	9274	0	1016	0	0	0	0	0	0	0	0	0	0	0	1928	0	0	0	15694	0	0	0	5906	0	0	0	0	0	0	0	0	0	120	0	0	0	0	0	0	0	0	0	0	0	0	0	0	0	0	
79496	Occipital_Inf_L	118	0	0	0	0	0	0	0	0	0	0	0	0	0	0	0	0	0	0	0	0	0	0	0	0	0	0	0	0	0	0	0	0	0	152	0	0	0	118	0	0	0	3128	0	310	0	3614	0	1832	0	15462	0	0	0	7208	0	140	0	924	0	190	0	88	0	0	0	1542	0	90	0	0	0	0	0	0	0	0	0	102	0	182	0	0	0	1694	0	0	0	2700	0	0	0	0	0	0	0	0	0	154	0	0	0	0	0	0	0	0	0	0	0	0	0	0	0	0	0	
87856	Occipital_Inf_R	0	740	0	0	0	0	0	236	0	0	0	136	0	0	0	0	0	928	0	0	0	0	0	0	0	0	0	0	0	714	0	0	0	0	0	0	0	2028	0	2516	0	0	0	5102	0	2288	0	5194	0	2398	0	5482	0	0	0	8892	0	392	0	0	0	0	0	0	0	0	0	1022	0	0	0	0	0	700	0	0	0	0	0	96	0	0	0	0	0	1478	0	0	0	3364	0	0	0	0	0	0	0	0	0	222	0	0	0	0	0	0	0	0	0	0	0	0	0	0	0	0	
305976	Fusiform_L	232	0	94	0	0	0	238	0	0	0	118	0	292	0	0	0	264	0	0	0	0	0	0	0	0	0	0	0	2038	0	0	0	0	0	1758	0	8396	0	4570	0	2536	0	3924	0	744	0	11406	1226	460	0	8162	0	7208	0	0	774	448	0	244	0	202	0	934	0	0	0	4964	0	102	0	0	0	246	0	0	0	170	0	2238	0	3928	0	2488	0	4138	0	1828	0	18770	0	17022	868	520	0	204	0	11784	964	20592	2066	0	0	304	0	0	0	0	0	0	0	1540	1886	98	0	0	0	
475056	Fusiform_R	0	2798	0	94	0	0	0	1770	0	0	0	1242	0	138	0	0	0	2606	0	136	0	0	0	0	0	0	0	0	0	4056	0	0	0	476	0	1118	0	25334	0	15676	0	4556	120	11420	0	3716	1642	19178	0	3834	0	2056	0	8892	774	0	0	2600	0	0	0	328	0	1684	0	708	0	6242	0	1064	0	0	0	8150	0	0	0	450	0	246	0	2010	0	3940	0	4446	0	1564	0	21346	4630	13192	994	342	0	240	3002	10798	6422	21042	0	0	0	342	178	122	0	0	0	0	4876	4938	0	0	0	0	
348332	Postcentral_L	31778	1392	6894	378	0	0	1428	162	0	0	3448	0	0	0	0	0	11080	0	5750	930	0	0	0	0	0	0	0	0	5382	0	0	0	900	832	2976	0	1518	0	172	0	0	0	302	0	298	0	0	0	116	0	13178	0	140	0	448	0	0	702	9614	0	26920	0	13354	0	1238	0	8956	94	7760	858	1322	0	1406	0	88	0	892	0	3310	0	5916	0	0	0	2038	0	0	0	196	0	0	0	0	0	0	0	0	0	0	0	0	0	0	0	0	0	0	0	0	0	0	0	0	0	0	0	
345208	Postcentral_R	260	28406	340	426	116	0	0	3754	142	0	0	4496	0	0	146	0	0	11730	0	3078	0	0	114	0	0	0	0	0	670	3064	170	0	214	8424	1376	5144	0	1898	0	404	0	0	0	2910	0	6542	0	2470	0	8388	0	2700	0	392	0	2600	702	0	0	6384	0	7116	0	13374	0	928	214	13380	1568	16588	1488	530	642	3204	0	338	0	676	0	632	0	1388	0	0	0	1278	0	0	0	1800	0	0	0	0	0	0	0	0	0	0	0	0	0	0	0	0	0	0	0	0	0	0	0	0	0	0	
195284	Parietal_Sup_L	1374	0	0	0	0	0	204	0	0	0	0	0	0	0	0	0	490	0	0	0	0	0	0	0	0	0	0	0	1500	0	0	0	0	0	170	0	0	0	0	0	0	0	152	0	2410	0	0	0	7882	0	25166	0	924	0	244	0	9614	0	0	0	23182	0	142	0	4400	0	16454	122	152	0	0	0	0	0	0	0	0	0	118	0	784	0	0	0	1526	0	0	0	632	0	0	0	0	0	0	0	0	0	0	0	0	0	0	0	0	0	0	0	0	0	0	0	0	0	0	0	
85160	Parietal_Sup_R	0	0	0	0	0	0	0	0	0	0	0	0	0	0	0	0	0	0	0	0	0	0	0	0	0	0	0	0	0	0	0	0	0	0	0	0	0	0	0	0	0	0	0	0	94	2974	0	0	0	7862	0	4158	0	0	0	0	0	6384	0	0	0	5904	0	0	0	3544	946	8524	0	430	0	0	0	0	0	0	0	0	0	0	0	0	0	0	0	916	0	0	0	844	0	0	0	0	0	0	0	0	0	0	0	0	0	0	0	0	0	0	0	0	0	0	0	0	0	0	
267356	Parietal_Inf_L	6526	0	410	0	0	0	456	0	0	0	0	0	0	0	0	0	814	0	382	96	0	0	0	0	0	0	0	0	1556	0	0	0	0	0	212	0	0	0	0	0	0	0	0	0	292	0	0	0	682	0	27382	0	190	0	202	0	26920	0	23182	0	0	0	13480	0	16868	0	6658	0	448	0	0	0	0	0	0	0	0	0	134	0	1634	0	0	0	4458	0	0	0	696	0	0	0	0	0	0	0	0	0	0	0	0	0	0	0	0	0	0	0	0	0	0	0	0	0	0	0	
81364	Parietal_Inf_R	0	962	0	0	0	0	0	616	0	0	0	220	0	0	0	0	0	490	0	0	0	0	0	0	0	0	0	0	0	0	0	0	0	206	0	0	0	0	0	0	0	0	0	0	0	0	0	0	0	2808	0	4454	0	0	0	328	0	7116	0	5904	0	0	0	4230	0	9794	0	1316	0	0	120	0	0	0	0	0	0	0	0	0	0	162	0	0	0	656	0	0	0	1300	0	0	0	0	0	0	0	0	0	0	0	0	0	0	0	0	0	0	0	0	0	0	0	0	0	0	
111288	SupraMarginal_L	954	0	100	0	0	0	0	0	0	0	0	0	0	0	0	0	1726	0	138	0	0	0	0	0	0	0	0	0	294	0	0	0	0	0	0	0	0	0	0	0	0	0	0	0	0	0	0	0	0	0	2416	0	88	0	934	0	13354	0	142	0	13480	0	0	0	6268	0	1036	0	0	0	0	0	0	0	0	0	0	0	306	0	5994	0	0	0	7636	0	0	0	778	0	0	0	0	0	0	0	0	0	0	0	0	0	0	0	0	0	0	0	0	0	0	0	0	0	0	0	
98920	SupraMarginal_R	0	3100	0	0	0	0	0	236	0	0	0	550	0	0	0	0	0	3672	0	0	0	0	0	0	0	0	0	0	0	88	0	0	0	1408	0	0	0	152	0	0	0	0	0	0	0	0	0	0	0	1938	0	344	0	0	0	1684	0	13374	0	0	0	4230	0	0	0	5202	0	2142	0	0	148	0	0	0	0	0	0	0	0	124	0	5568	0	0	0	1218	0	0	0	4282	0	0	0	0	0	0	0	0	0	0	0	0	0	0	0	0	0	0	0	0	0	0	0	0	0	0	
124768	Angular_L	472	0	0	0	0	0	0	0	0	0	0	0	0	0	0	0	142	0	0	0	0	0	0	0	0	0	0	0	0	0	0	0	0	0	140	0	0	0	0	0	0	0	0	0	0	0	0	0	326	0	21574	0	0	0	0	0	1238	0	4400	0	16868	0	6268	0	0	0	966	0	128	0	0	0	0	0	0	0	0	0	0	0	1034	0	0	0	8222	0	0	0	606	0	0	0	0	0	0	0	0	0	0	0	0	0	0	0	0	0	0	0	0	0	0	0	0	0	0	0	
92724	Angular_R	0	226	0	0	0	0	0	0	0	0	0	0	0	0	0	0	0	164	0	0	0	0	0	0	0	0	0	0	0	0	0	0	0	100	0	0	0	0	0	0	0	0	0	128	0	180	0	0	0	2856	0	10730	0	0	0	708	0	928	0	3544	0	9794	0	5202	0	0	0	380	0	0	0	0	0	0	0	0	0	0	0	0	0	3326	0	0	0	4974	0	0	0	3122	0	0	0	0	0	0	0	0	0	0	0	0	0	0	0	0	0	0	0	0	0	0	0	0	0	0	
310160	Precuneus_L	2336	0	0	0	0	0	0	0	0	0	0	0	0	0	0	0	384	0	154	0	0	0	0	0	0	0	0	0	1036	0	0	0	3550	1112	11732	910	2222	158	2786	0	0	0	11246	916	10056	1336	3640	506	8144	1260	29204	404	1542	0	4964	0	8956	214	16454	946	6658	0	1036	0	966	0	0	5134	2820	210	0	0	0	0	0	0	0	0	266	0	290	0	0	0	8190	88	0	0	3254	0	0	0	0	0	0	0	0	0	0	0	0	0	0	0	0	0	0	0	0	0	0	0	0	0	0	0	
404284	Precuneus_R	0	4038	0	142	0	0	0	192	0	0	0	0	0	0	0	0	0	416	0	242	0	0	0	0	0	0	0	0	0	222	0	0	808	11760	932	10168	392	6804	392	1784	0	0	360	18346	386	26282	148	11390	88	29696	0	9274	0	1022	0	6242	94	13380	122	8524	0	1316	0	2142	0	380	5134	0	382	10190	146	0	0	380	0	0	0	116	0	272	0	1088	0	0	0	10476	0	0	0	5638	0	0	0	0	0	0	0	368	0	0	0	0	0	0	0	0	0	0	0	0	468	0	0	0	0	0	
238020	Paracentral_Lobule_L	21694	7924	4600	124	0	0	462	0	0	0	540	0	0	0	0	0	914	0	14458	8394	0	0	0	0	0	0	0	0	616	0	0	0	7064	6336	3980	340	174	0	0	0	0	0	202	128	196	94	0	208	0	0	2318	0	90	0	102	0	7760	1568	152	0	448	0	0	0	128	0	2820	382	0	6372	5180	0	1330	0	930	0	9300	468	92	0	0	0	0	0	1122	0	0	0	0	0	0	0	0	0	0	0	0	0	0	0	0	0	0	0	0	0	0	0	0	0	0	0	0	0	0	0	
189224	Paracentral_Lobule_R	1780	6556	0	0	0	0	0	0	0	0	0	0	0	0	0	0	0	0	378	11296	0	0	0	0	0	0	0	0	0	0	0	0	1200	14462	1298	5518	0	1292	0	160	0	0	0	4000	0	2928	0	3606	0	1850	0	1016	0	0	0	1064	858	16588	0	430	0	0	0	0	0	0	210	10190	6372	0	210	0	0	0	0	0	0	0	0	118	0	312	0	0	0	454	0	0	0	466	0	0	0	0	0	0	0	0	0	0	0	0	0	0	0	0	0	0	0	0	0	0	0	0	0	0	
509776	Caudate_L	4338	4000	17176	7786	3220	0	3094	8490	900	0	15058	7412	4426	4162	2688	626	3906	390	18968	6532	9444	7816	1982	300	966	120	3808	0	14816	5804	12276	2344	1642	464	0	0	888	146	0	0	804	0	0	0	0	0	0	0	0	0	0	0	0	0	0	0	1322	1488	0	0	0	120	0	148	0	0	0	146	5180	210	0	18754	24852	3688	4414	654	14458	242	306	0	1802	0	202	0	0	0	0	0	110	0	0	0	0	0	0	0	0	0	0	0	0	0	0	0	0	0	0	0	0	0	0	0	0	0	0	0	
554452	Caudate_R	134	10226	2548	29650	972	2890	246	4382	152	1446	5156	10168	916	10122	478	5902	166	2922	3002	29934	5544	11246	650	8036	0	5646	1482	3342	2960	13754	4066	21168	4338	1164	0	0	106	102	0	0	456	0	0	0	0	0	0	0	0	0	0	0	0	0	0	0	0	530	0	0	0	0	0	0	0	0	0	0	0	0	18754	0	5400	24638	926	2582	0	18696	0	0	0	228	0	0	0	0	0	0	0	0	0	0	0	0	0	0	0	0	0	0	0	0	0	0	0	0	0	0	0	0	0	0	0	0	0	0	
369516	Putamen_L	2792	2344	25414	1990	5466	0	3698	2174	2330	0	1978	418	1698	208	4866	0	616	178	17292	2702	5996	4720	1628	166	420	0	1400	0	23894	316	5676	718	590	102	0	0	8014	104	1498	0	1564	0	0	0	0	0	0	0	0	0	0	0	0	0	246	0	1406	642	0	0	0	0	0	0	0	0	0	0	1330	0	24852	5400	0	1794	10088	344	3400	138	122	0	470	0	1300	0	0	0	0	0	256	0	0	0	0	0	0	0	0	0	0	0	0	0	0	0	0	0	0	0	0	0	0	0	0	0	0	0	
405568	Putamen_R	0	3298	792	18352	608	2648	172	4506	132	882	0	5162	0	4024	302	2870	0	8036	1540	15338	2496	6182	442	5184	0	4032	974	2666	272	23544	2256	8424	900	530	0	0	0	15788	0	1892	0	1484	0	226	0	0	0	216	0	0	0	0	0	700	0	8150	0	3204	0	0	0	0	0	0	0	0	0	380	0	0	3688	24638	1794	0	242	8516	0	926	0	588	0	778	0	0	0	498	0	0	0	2512	0	0	0	0	0	0	0	0	0	0	0	0	0	0	0	0	0	0	0	0	0	0	0	0	0	0	
68452	Pallidum_L	308	558	3060	360	0	0	908	106	0	0	244	0	116	0	0	0	134	0	5870	1028	824	916	0	0	0	0	0	0	108	0	0	0	0	0	0	0	674	0	264	0	0	0	0	0	0	0	0	0	0	0	0	0	0	0	0	0	88	0	0	0	0	0	0	0	0	0	0	0	930	0	4414	926	10088	242	0	198	1862	0	0	0	0	0	0	0	0	0	0	0	0	0	0	0	0	0	0	0	0	0	0	0	0	0	0	0	0	0	0	0	0	0	0	0	0	0	0	0	
63632	Pallidum_R	0	224	120	1914	0	0	0	668	0	0	0	966	0	294	0	0	0	3074	150	1628	156	462	0	162	0	0	0	0	0	3402	0	164	190	198	0	0	0	3740	0	808	0	114	0	0	0	0	0	0	0	0	0	0	0	0	0	0	0	338	0	0	0	0	0	0	0	0	0	0	0	0	654	2582	344	8516	198	0	0	88	0	252	0	410	0	0	0	0	0	0	0	0	0	0	0	0	0	0	0	0	0	0	0	0	0	0	0	0	0	0	0	0	0	0	0	0	0	0	
133548	Thalamus_L	10440	816	788	0	0	0	1378	0	0	0	166	0	224	0	0	0	112	0	14252	224	0	0	0	0	0	0	0	0	1156	0	0	0	0	0	0	0	3904	102	1320	0	0	0	0	0	0	0	182	0	0	0	0	0	0	0	170	0	892	0	0	0	0	0	0	0	0	0	0	0	9300	0	14458	0	3400	0	1862	0	0	1532	0	0	96	0	0	0	0	0	0	0	0	0	0	0	0	0	0	0	0	0	0	0	0	0	0	0	0	0	0	0	0	0	0	0	0	0	0	0	
138440	Thalamus_R	694	21262	156	5280	0	0	102	1440	0	0	0	616	0	92	0	0	0	132	158	3676	0	0	0	908	0	0	0	0	176	260	0	2600	0	0	386	692	1842	3398	884	666	0	0	0	0	0	0	94	232	0	0	0	0	0	0	0	450	0	676	0	0	0	0	0	0	0	0	0	116	468	0	242	18696	138	926	0	88	1532	0	0	0	0	0	0	0	0	0	0	0	0	142	0	0	0	0	0	0	0	0	0	0	0	0	0	0	0	0	0	0	0	0	0	0	0	0	0	0	
62268	Heschl_L	2592	0	896	0	0	0	324	0	0	0	838	0	0	0	0	0	3730	0	580	0	0	0	0	0	0	0	0	0	4012	0	0	0	0	0	128	0	1534	0	0	0	0	0	158	0	0	0	0	0	0	0	862	0	102	0	2238	0	3310	0	118	0	134	0	306	0	0	0	266	0	92	0	306	0	122	0	0	0	0	0	0	0	4392	0	0	0	1782	0	0	0	2312	0	0	0	0	0	0	0	0	0	0	0	0	0	0	0	0	0	0	0	0	0	0	0	0	0	0	0	
20520	Heschl_R	0	250	0	0	0	0	0	0	0	0	0	174	0	0	0	0	0	1872	0	0	0	0	0	0	0	0	0	0	0	968	0	0	0	120	0	0	0	198	0	0	0	0	0	0	0	0	0	0	0	106	0	0	0	96	0	246	0	632	0	0	0	0	0	124	0	0	0	272	0	118	0	0	0	588	0	252	0	0	0	0	0	3798	0	0	0	246	0	0	0	200	0	0	0	0	0	0	0	0	0	0	0	0	0	0	0	0	0	0	0	0	0	0	0	0	0	0	
203712	Temporal_Sup_L	4620	0	3962	160	0	0	748	188	0	0	3204	0	484	0	198	0	11798	0	1908	112	0	0	0	0	0	0	0	0	9298	0	0	0	0	0	0	0	2264	0	150	0	0	0	0	0	0	0	0	0	0	0	1696	0	182	0	3928	0	5916	0	784	0	1634	0	5994	0	1034	0	290	0	0	0	1802	0	470	0	0	0	96	0	4392	0	0	0	6764	0	19634	0	154	0	7992	0	0	0	0	0	0	0	0	0	0	0	0	0	0	0	0	0	0	0	0	0	0	0	0	0	0	0	
95724	Temporal_Sup_R	0	570	0	0	0	0	0	0	0	0	0	0	0	0	0	0	0	2186	0	0	0	0	0	0	0	0	0	0	0	2078	0	0	0	240	0	92	0	658	0	0	0	0	0	256	0	618	0	0	0	1448	0	1928	0	0	0	2010	0	1388	0	0	0	162	0	5568	0	3326	0	1088	0	312	0	228	0	778	0	410	0	0	0	3798	0	0	0	3018	0	10084	0	248	0	5370	0	0	0	0	0	0	0	0	0	0	0	0	0	0	0	0	0	0	0	0	0	0	0	0	0	0	
82956	Temporal_Pole_Sup_L	0	0	564	0	532	0	0	0	356	0	1272	0	436	0	1434	0	1144	0	280	0	286	0	0	0	0	0	0	0	4248	0	0	0	0	0	0	0	908	0	324	0	406	0	0	0	0	0	0	0	0	0	0	0	0	0	2488	0	0	0	0	0	0	0	0	0	0	0	0	0	0	0	202	0	1300	0	0	0	0	0	0	0	6764	0	0	0	8220	0	4770	0	5544	0	0	0	0	0	0	0	0	0	0	0	0	0	0	0	0	0	0	0	0	0	0	0	0	0	0	0	
46172	Temporal_Pole_Sup_R	0	0	0	0	0	0	0	0	0	0	0	0	0	0	0	0	0	0	0	0	0	192	0	0	0	0	0	0	0	572	0	0	0	0	0	0	0	880	0	2910	0	1864	0	0	0	0	0	0	0	0	0	0	0	0	0	3940	0	0	0	0	0	0	0	0	0	0	0	0	0	0	0	0	0	0	0	0	0	0	0	0	0	3018	0	0	0	2958	0	4036	0	2716	0	0	0	0	0	0	0	0	0	0	0	0	0	0	0	0	0	0	0	0	0	0	0	0	0	0	
258756	Temporal_Mid_L	1856	0	0	0	0	0	164	0	0	0	0	0	118	0	0	0	350	0	0	0	0	0	0	0	0	0	0	0	878	0	0	0	0	0	570	0	1662	0	354	0	0	0	320	0	176	0	94	0	426	0	24556	0	1694	0	4138	0	2038	0	1526	0	4458	0	7636	0	8222	0	8190	0	1122	0	0	0	0	0	0	0	0	0	1782	0	19634	0	8220	0	0	0	4120	0	25074	0	0	0	0	0	0	0	0	0	0	0	0	0	0	0	0	0	0	0	0	0	0	0	0	0	0	0	
239688	Temporal_Mid_R	0	218	0	0	0	0	0	0	0	0	0	0	0	0	0	0	0	694	0	0	0	0	0	0	0	0	0	0	0	1678	0	0	0	418	0	0	0	2328	0	692	0	0	0	5718	0	9180	0	204	0	11584	0	15694	0	1478	0	4446	0	1278	0	916	0	656	0	1218	0	4974	88	10476	0	454	0	0	0	498	0	0	0	0	0	246	0	10084	0	2958	0	0	0	1500	0	30166	0	0	0	0	0	0	0	0	0	0	0	0	0	0	0	0	0	0	0	0	0	0	0	0	0	0	
31812	Temporal_Pole_Mid_L	0	0	0	0	0	0	0	0	0	0	0	0	0	0	0	0	0	0	0	0	0	0	0	0	0	0	0	0	0	0	0	0	0	0	0	0	0	0	256	0	0	0	0	0	0	0	0	0	0	0	0	0	0	0	1828	0	0	0	0	0	0	0	0	0	0	0	0	0	0	0	0	0	0	0	0	0	0	0	0	0	154	0	4770	0	4120	0	0	0	4778	0	0	0	0	0	0	0	0	0	0	0	0	0	0	0	0	0	0	0	0	0	0	0	0	0	0	0	
22448	Temporal_Pole_Mid_R	0	0	0	0	0	0	0	0	0	0	0	0	0	0	0	0	0	0	0	0	0	0	0	0	0	0	0	0	0	0	0	0	0	0	0	0	0	0	0	2252	0	260	0	0	0	0	0	0	0	0	0	0	0	0	0	1564	0	0	0	0	0	0	0	0	0	0	0	0	0	0	0	0	0	0	0	0	0	0	0	0	0	248	0	4036	0	1500	0	0	0	1364	0	0	0	0	0	0	0	0	0	0	0	0	0	0	0	0	0	0	0	0	0	0	0	0	0	0	
209732	Temporal_Inf_L	224	0	110	0	0	0	362	0	0	0	182	0	504	0	0	0	260	0	0	0	0	0	0	0	0	0	0	0	4208	0	0	0	0	0	1122	166	9516	170	2396	0	248	0	676	0	170	0	942	0	0	0	5462	0	2700	0	18770	0	196	0	632	0	696	0	778	0	606	0	3254	0	0	0	110	0	256	0	0	0	0	0	2312	0	7992	0	5544	0	25074	0	4778	0	0	0	2318	0	524	0	0	0	364	0	744	0	126	0	374	0	0	0	0	0	0	0	0	0	0	0	0	0	
247980	Temporal_Inf_R	0	750	0	0	0	0	0	108	0	0	0	130	0	0	0	0	0	1024	0	0	0	0	0	0	0	0	0	0	0	2900	0	0	0	384	0	0	0	7424	0	2310	0	1428	0	3976	0	3746	0	716	0	5926	0	5906	0	3364	0	21346	0	1800	0	844	0	1300	0	4282	0	3122	0	5638	0	466	0	0	0	2512	0	0	0	142	0	200	0	5370	0	2716	0	30166	0	1364	0	0	0	1724	0	210	0	0	0	236	0	166	0	100	0	194	0	0	0	0	0	0	0	0	0	0	0	0	
582196	Cerebelum_Crus1_L	0	0	0	0	0	0	0	0	0	0	0	0	0	0	0	0	0	0	0	0	0	0	0	0	0	0	0	0	0	0	0	0	0	0	0	0	0	0	576	0	0	0	0	0	0	0	5930	5244	0	0	0	0	0	0	17022	4630	0	0	0	0	0	0	0	0	0	0	0	0	0	0	0	0	0	0	0	0	0	0	0	0	0	0	0	0	0	0	0	0	2318	0	0	8984	39916	3868	3394	1444	39152	7362	65212	17488	13468	1618	13988	2768	1006	914	0	0	394	1048	10758	13574	7288	586	926	222	
389168	Cerebelum_Crus1_R	0	0	0	0	0	0	0	0	0	0	0	0	0	0	0	0	0	0	0	0	0	0	0	0	0	0	0	0	0	0	0	0	0	0	0	0	0	92	0	128	0	0	0	0	0	0	1518	1854	0	0	0	0	0	0	868	13192	0	0	0	0	0	0	0	0	0	0	0	0	0	0	0	0	0	0	0	0	0	0	0	0	0	0	0	0	0	0	0	0	0	1724	8984	0	3404	23458	470	2676	4544	22090	8710	55040	1368	5794	682	16716	176	1020	0	0	0	350	7382	6624	4526	714	480	0	
290404	Cerebelum_Crus2_L	0	0	0	0	0	0	0	0	0	0	0	0	0	0	0	0	0	0	0	0	0	0	0	0	0	0	0	0	0	0	0	0	0	0	0	0	0	0	0	0	0	0	0	0	0	0	162	1064	0	0	0	0	0	0	520	994	0	0	0	0	0	0	0	0	0	0	0	0	0	0	0	0	0	0	0	0	0	0	0	0	0	0	0	0	0	0	0	0	524	0	39916	3404	0	6314	1500	508	5330	994	8780	5080	24394	3124	21752	3108	590	438	0	0	142	340	1422	4460	8018	1886	438	0	
240424	Cerebelum_Crus2_R	0	0	0	0	0	0	0	0	0	0	0	0	0	0	0	0	0	0	0	0	0	0	0	0	0	0	0	0	0	0	0	0	0	0	0	0	0	0	0	0	0	0	0	0	0	0	0	0	0	0	0	0	0	0	0	342	0	0	0	0	0	0	0	0	0	0	0	0	0	0	0	0	0	0	0	0	0	0	0	0	0	0	0	0	0	0	0	0	0	210	3868	23458	6314	0	484	424	550	1652	534	6686	5382	20872	4680	30040	168	1622	0	196	0	0	170	658	9132	2464	306	0	
64056	Cerebelum_3_L	0	0	0	0	0	0	0	0	0	0	0	0	0	0	0	0	0	0	0	0	0	0	0	0	0	0	0	0	0	0	0	0	0	0	0	0	0	0	472	0	0	0	0	0	0	0	98	0	0	0	0	0	0	0	204	0	0	0	0	0	0	0	0	0	0	0	0	0	0	0	0	0	0	0	0	0	0	0	0	0	0	0	0	0	0	0	0	0	0	0	3394	470	1500	484	0	526	6816	450	3066	1244	622	390	1024	836	2262	736	0	0	922	1016	1174	1396	1494	670	644	118	
97388	Cerebelum_3_R	0	0	0	0	0	0	0	0	0	0	0	0	0	0	0	0	0	0	0	0	0	0	0	0	0	0	0	0	0	0	0	0	0	0	0	0	0	118	0	548	0	0	0	0	0	0	126	210	0	0	0	0	0	0	0	240	0	0	0	0	0	0	0	0	0	0	0	0	0	0	0	0	0	0	0	0	0	0	0	0	0	0	0	0	0	0	0	0	0	0	1444	2676	508	424	526	0	1882	5298	3284	8822	96	0	604	572	1372	3128	0	0	1194	3740	2470	3492	1116	1118	3380	306	
390180	Cerebelum_4_5_L	0	0	0	0	0	0	0	0	0	0	0	0	0	0	0	0	0	0	0	0	0	0	0	0	0	0	0	0	0	0	0	0	0	0	0	0	240	0	1122	0	0	0	0	0	0	0	7188	3524	0	0	0	0	0	0	11784	3002	0	0	0	0	0	0	0	0	0	0	0	0	0	0	0	0	0	0	0	0	0	0	0	0	0	0	0	0	0	0	0	0	364	0	39152	4544	5330	550	6816	1882	0	10482	45828	10136	842	392	1782	848	3674	2566	122	0	1282	2128	17686	5270	1546	880	2068	2060	
288432	Cerebelum_4_5_R	0	0	0	0	0	0	0	0	0	0	0	0	0	0	0	0	0	0	0	0	0	0	0	0	0	0	0	0	0	0	0	0	0	0	0	0	0	2222	0	2494	0	1074	0	0	0	0	1512	5612	0	0	0	0	0	0	964	10798	0	0	0	0	0	0	0	0	0	0	0	368	0	0	0	0	0	0	0	0	0	0	0	0	0	0	0	0	0	0	0	0	0	236	7362	22090	994	1652	450	5298	10482	0	8888	38702	0	138	230	1380	576	1016	0	282	0	890	15770	1938	204	224	370	0	
539280	Cerebelum_6_L	0	0	0	0	0	0	0	0	0	0	0	0	0	0	0	0	0	0	0	0	0	0	0	0	0	0	0	0	0	0	0	0	0	0	0	0	0	0	640	0	0	0	0	0	0	0	9810	7600	0	0	0	0	154	0	20592	6422	0	0	0	0	0	0	0	0	0	0	0	0	0	0	0	0	0	0	0	0	0	0	0	0	0	0	0	0	0	0	0	0	744	0	65212	8710	8780	534	3066	3284	45828	8888	0	21222	2010	438	3216	1140	4052	2752	170	0	1082	2466	13832	19018	2570	984	3436	988	
523896	Cerebelum_6_R	0	0	0	0	0	0	0	0	0	0	0	0	0	0	0	0	0	0	0	0	0	0	0	0	0	0	0	0	0	0	0	0	0	0	0	0	0	146	0	282	0	0	0	0	0	0	3636	9796	0	0	0	120	0	222	2066	21042	0	0	0	0	0	0	0	0	0	0	0	0	0	0	0	0	0	0	0	0	0	0	0	0	0	0	0	0	0	0	0	0	0	166	17488	55040	5080	6686	1244	8822	10136	38702	21222	0	1406	928	1224	6790	1454	2954	0	642	422	2470	15578	18218	3962	1286	2536	182	
193256	Cerebelum_7b_L	0	0	0	0	0	0	0	0	0	0	0	0	0	0	0	0	0	0	0	0	0	0	0	0	0	0	0	0	0	0	0	0	0	0	0	0	0	0	0	0	0	0	0	0	0	0	0	0	0	0	0	0	0	0	0	0	0	0	0	0	0	0	0	0	0	0	0	0	0	0	0	0	0	0	0	0	0	0	0	0	0	0	0	0	0	0	0	0	126	0	13468	1368	24394	5382	622	96	842	0	2010	1406	0	4694	23702	5060	1240	162	156	0	0	0	0	940	6838	3570	346	206	
147664	Cerebelum_7b_R	0	0	0	0	0	0	0	0	0	0	0	0	0	0	0	0	0	0	0	0	0	0	0	0	0	0	0	0	0	0	0	0	0	0	0	0	0	0	0	0	0	0	0	0	0	0	0	0	0	0	0	0	0	0	0	0	0	0	0	0	0	0	0	0	0	0	0	0	0	0	0	0	0	0	0	0	0	0	0	0	0	0	0	0	0	0	0	0	0	100	1618	5794	3124	20872	390	0	392	138	438	928	4694	0	5208	21046	164	910	0	0	0	0	0	268	4582	3020	146	0	
229060	Cerebelum_8_L	0	0	0	0	0	0	0	0	0	0	0	0	0	0	0	0	0	0	0	0	0	0	0	0	0	0	0	0	0	0	0	0	0	0	0	0	0	0	0	0	0	0	0	0	0	0	0	0	0	0	0	0	0	0	304	0	0	0	0	0	0	0	0	0	0	0	0	0	0	0	0	0	0	0	0	0	0	0	0	0	0	0	0	0	0	0	0	0	374	0	13988	682	21752	4680	1024	604	1782	230	3216	1224	23702	5208	0	7650	7304	1254	500	0	98	158	246	1264	7202	7444	2216	424	
249952	Cerebelum_8_R	0	0	0	0	0	0	0	0	0	0	0	0	0	0	0	0	0	0	0	0	0	0	0	0	0	0	0	0	0	0	0	0	0	0	0	0	0	0	0	0	0	0	0	0	0	0	0	0	0	0	0	0	0	0	0	342	0	0	0	0	0	0	0	0	0	0	0	0	0	0	0	0	0	0	0	0	0	0	0	0	0	0	0	0	0	0	0	0	0	194	2768	16716	3108	30040	836	572	848	1380	1140	6790	5060	21046	7650	0	692	10660	0	128	0	0	0	1434	6276	6120	1176	0	
88916	Cerebelum_9_L	0	0	0	0	0	0	0	0	0	0	0	0	0	0	0	0	0	0	0	0	0	0	0	0	0	0	0	0	0	0	0	0	0	0	0	0	0	0	0	0	0	0	0	0	0	0	0	184	0	0	0	0	0	0	0	178	0	0	0	0	0	0	0	0	0	0	0	0	0	0	0	0	0	0	0	0	0	0	0	0	0	0	0	0	0	0	0	0	0	0	1006	176	590	168	2262	1372	3674	576	4052	1454	1240	164	7304	692	0	2194	2702	0	668	1198	2260	3040	1336	1354	3020	1594	
114452	Cerebelum_9_R	0	0	0	0	0	0	0	0	0	0	0	0	0	0	0	0	0	0	0	0	0	0	0	0	0	0	0	0	0	0	0	0	0	0	0	0	0	0	0	0	0	0	0	0	0	0	0	122	0	0	0	0	0	0	0	122	0	0	0	0	0	0	0	0	0	0	0	0	0	0	0	0	0	0	0	0	0	0	0	0	0	0	0	0	0	0	0	0	0	0	914	1020	438	1622	736	3128	2566	1016	2752	2954	162	910	1254	10660	2194	0	0	1024	1662	2258	2690	5064	1964	2374	5566	2054	
7300	Cerebelum_10_L	0	0	0	0	0	0	0	0	0	0	0	0	0	0	0	0	0	0	0	0	0	0	0	0	0	0	0	0	0	0	0	0	0	0	0	0	0	0	0	0	0	0	0	0	0	0	0	0	0	0	0	0	0	0	0	0	0	0	0	0	0	0	0	0	0	0	0	0	0	0	0	0	0	0	0	0	0	0	0	0	0	0	0	0	0	0	0	0	0	0	0	0	0	0	0	0	122	0	170	0	156	0	500	0	2702	0	0	0	0	0	0	0	0	0	0	0	
4544	Cerebelum_10_R	0	0	0	0	0	0	0	0	0	0	0	0	0	0	0	0	0	0	0	0	0	0	0	0	0	0	0	0	0	0	0	0	0	0	0	0	0	0	0	0	0	0	0	0	0	0	0	0	0	0	0	0	0	0	0	0	0	0	0	0	0	0	0	0	0	0	0	0	0	0	0	0	0	0	0	0	0	0	0	0	0	0	0	0	0	0	0	0	0	0	0	0	0	196	0	0	0	282	0	642	0	0	0	128	0	1024	0	0	0	0	0	0	0	0	0	0	
33720	Vermis_1_2	0	0	0	0	0	0	0	0	0	0	0	0	0	0	0	0	0	0	0	0	0	0	0	0	0	0	0	0	0	0	0	0	0	0	0	0	0	0	0	0	0	0	0	0	0	0	0	0	0	0	0	0	0	0	0	0	0	0	0	0	0	0	0	0	0	0	0	0	0	0	0	0	0	0	0	0	0	0	0	0	0	0	0	0	0	0	0	0	0	0	394	0	142	0	922	1194	1282	0	1082	422	0	0	98	0	668	1662	0	0	0	4344	1228	1402	146	240	1404	230	
63396	Vermis_3	0	0	0	0	0	0	0	0	0	0	0	0	0	0	0	0	0	0	0	0	0	0	0	0	0	0	0	0	0	0	0	0	0	0	0	0	100	0	258	138	0	0	0	0	0	0	128	0	0	0	0	0	0	0	0	0	0	0	0	0	0	0	0	0	0	0	0	0	0	0	0	0	0	0	0	0	0	0	0	0	0	0	0	0	0	0	0	0	0	0	1048	350	340	0	1016	3740	2128	890	2466	2470	0	0	158	0	1198	2258	0	0	4344	0	2866	2638	194	274	2374	322	
242136	Vermis_4_5	0	0	0	0	0	0	0	0	0	0	0	0	0	0	0	0	0	0	0	0	0	0	0	0	0	0	0	0	0	0	0	0	0	0	0	214	0	478	0	0	0	0	0	0	0	0	2186	5296	0	0	0	0	0	0	1540	4876	0	0	0	0	0	0	0	0	0	0	0	468	0	0	0	0	0	0	0	0	0	0	0	0	0	0	0	0	0	0	0	0	0	0	10758	7382	1422	170	1174	2470	17686	15770	13832	15578	0	0	246	0	2260	2690	0	0	1228	2866	0	6030	0	272	2044	2132	
252744	Vermis_6	0	0	0	0	0	0	0	0	0	0	0	0	0	0	0	0	0	0	0	0	0	0	0	0	0	0	0	0	0	0	0	0	0	0	0	0	0	0	0	0	0	0	0	0	0	0	3500	5522	0	0	0	0	0	0	1886	4938	0	0	0	0	0	0	0	0	0	0	0	0	0	0	0	0	0	0	0	0	0	0	0	0	0	0	0	0	0	0	0	0	0	0	13574	6624	4460	658	1396	3492	5270	1938	19018	18218	940	268	1264	1434	3040	5064	0	0	1402	2638	6030	0	4230	1844	4994	2730	
158860	Vermis_7	0	0	0	0	0	0	0	0	0	0	0	0	0	0	0	0	0	0	0	0	0	0	0	0	0	0	0	0	0	0	0	0	0	0	0	0	0	0	0	0	0	0	0	0	0	0	0	0	0	0	0	0	0	0	98	0	0	0	0	0	0	0	0	0	0	0	0	0	0	0	0	0	0	0	0	0	0	0	0	0	0	0	0	0	0	0	0	0	0	0	7288	4526	8018	9132	1494	1116	1546	204	2570	3962	6838	4582	7202	6276	1336	1964	0	0	146	194	0	4230	0	4464	1998	246	
