data	data	417868	159800	1.12955e+06	749764	187352	238876	522356	263700	106996	71640	274436	231520	311280	221096	238544	170060	366744	206944	822976	768636	90384	126640	362340	391688	61132	208336	81480	103020	722284	470472	400068	660604	181344	550360	213960	315272	376096	441684	164968	272904	39068	75328	295856	360928	198764	290152	359652	382028	217072	309528	577812	274384	204636	104340	436384	470140	210240	173940	108356	70760	220088	127576	160496	130164	178284	141208	394204	493468	166516	169948	367804	412780	315680	356532	65752	43964	258768	284452	116892	32740	224524	148664	76956	95364	436932	264756	36132	40680	317328	265124	449536	316400	277768	261428	26800	44688	239060	157304	438040	309672	238056	107704	283992	260792	161996	136348	27096	12540	24876	44832	195088	242424	203948	104224	82764	28372	
data	data	Precentral_L	Precentral_R	Frontal_Sup_L	Frontal_Sup_R	Frontal_Sup_Orb_L	Frontal_Sup_Orb_R	Frontal_Mid_L	Frontal_Mid_R	Frontal_Mid_Orb_L	Frontal_Mid_Orb_R	Frontal_Inf_Oper_L	Frontal_Inf_Oper_R	Frontal_Inf_Tri_L	Frontal_Inf_Tri_R	Frontal_Inf_Orb_L	Frontal_Inf_Orb_R	Rolandic_Oper_L	Rolandic_Oper_R	Supp_Motor_Area_L	Supp_Motor_Area_R	Olfactory_L	Olfactory_R	Frontal_Sup_Medial_L	Frontal_Sup_Medial_R	Frontal_Med_Orb_L	Frontal_Med_Orb_R	Rectus_L	Rectus_R	Insula_L	Insula_R	Cingulum_Ant_L	Cingulum_Ant_R	Cingulum_Mid_L	Cingulum_Mid_R	Cingulum_Post_L	Cingulum_Post_R	Hippocampus_L	Hippocampus_R	ParaHippocampal_L	ParaHippocampal_R	Amygdala_L	Amygdala_R	Calcarine_L	Calcarine_R	Cuneus_L	Cuneus_R	Lingual_L	Lingual_R	Occipital_Sup_L	Occipital_Sup_R	Occipital_Mid_L	Occipital_Mid_R	Occipital_Inf_L	Occipital_Inf_R	Fusiform_L	Fusiform_R	Postcentral_L	Postcentral_R	Parietal_Sup_L	Parietal_Sup_R	Parietal_Inf_L	Parietal_Inf_R	SupraMarginal_L	SupraMarginal_R	Angular_L	Angular_R	Precuneus_L	Precuneus_R	Paracentral_Lobule_L	Paracentral_Lobule_R	Caudate_L	Caudate_R	Putamen_L	Putamen_R	Pallidum_L	Pallidum_R	Thalamus_L	Thalamus_R	Heschl_L	Heschl_R	Temporal_Sup_L	Temporal_Sup_R	Temporal_Pole_Sup_L	Temporal_Pole_Sup_R	Temporal_Mid_L	Temporal_Mid_R	Temporal_Pole_Mid_L	Temporal_Pole_Mid_R	Temporal_Inf_L	Temporal_Inf_R	Cerebelum_Crus1_L	Cerebelum_Crus1_R	Cerebelum_Crus2_L	Cerebelum_Crus2_R	Cerebelum_3_L	Cerebelum_3_R	Cerebelum_4_5_L	Cerebelum_4_5_R	Cerebelum_6_L	Cerebelum_6_R	Cerebelum_7b_L	Cerebelum_7b_R	Cerebelum_8_L	Cerebelum_8_R	Cerebelum_9_L	Cerebelum_9_R	Cerebelum_10_L	Cerebelum_10_R	Vermis_1_2	Vermis_3	Vermis_4_5	Vermis_6	Vermis_7	Vermis_8	Vermis_9	Vermis_10	
417868	Precentral_L	0	202	25980	594	0	0	25652	0	0	0	13332	0	4646	0	180	0	10504	0	17548	5424	0	0	420	0	0	0	0	0	10418	0	884	186	356	516	4346	1418	3338	328	612	0	0	0	420	0	140	0	602	0	0	0	5338	0	388	0	542	0	23596	0	0	0	3704	0	502	0	1544	0	1464	0	12896	0	3614	410	4138	0	2384	0	8540	1238	1966	0	1502	0	0	0	5524	0	0	0	1598	0	0	0	0	0	0	0	0	0	0	0	0	0	0	0	0	0	0	0	0	0	0	0	0	0	0	0	
159800	Precentral_R	202	0	1496	7130	0	0	0	15252	0	0	0	9260	0	1118	0	0	0	1926	1798	5088	0	0	0	0	0	0	0	0	0	744	0	444	0	966	0	1400	0	4028	0	1104	0	0	0	298	0	0	0	754	0	204	0	206	0	412	0	1890	0	9672	0	0	0	790	0	3030	0	0	0	746	0	1222	238	788	0	956	0	848	0	1580	0	280	0	314	0	0	0	454	0	0	0	3262	0	0	0	0	0	0	0	0	0	0	0	0	0	0	0	0	0	0	0	0	0	0	0	0	0	0	
1.12955e+06	Frontal_Sup_L	25980	1496	0	6064	12834	0	76602	1190	4278	0	15728	1520	22348	266	13762	0	20926	4902	106666	15532	988	0	42238	2300	2336	0	1270	0	47732	2824	17728	7374	5994	3820	842	2366	6894	2140	1746	314	0	0	0	0	0	0	1152	0	0	0	226	0	114	0	1272	182	2454	192	0	0	260	0	0	0	138	0	346	682	1780	0	20488	5466	17474	1918	5126	0	16230	2908	834	256	1334	748	970	0	360	1126	0	0	1200	538	0	0	0	0	0	0	0	0	0	0	0	0	0	0	0	0	0	0	0	0	0	0	0	0	0	0	
749764	Frontal_Sup_R	594	7130	6064	0	0	15664	378	36868	0	5110	0	8268	158	17594	186	11812	130	8178	7172	57372	386	1532	5662	32966	256	8750	0	1772	336	13330	6510	37704	1536	23896	556	2194	218	2748	0	434	0	0	0	0	0	0	0	242	0	0	0	0	0	0	0	336	146	370	0	0	0	0	0	0	0	0	0	538	0	0	1990	17158	228	12862	0	3492	1076	11896	0	108	0	600	0	0	0	0	0	0	0	376	0	0	0	0	0	0	0	0	0	0	0	0	0	0	0	0	0	0	0	0	0	0	0	0	0	0	
187352	Frontal_Sup_Orb_L	0	0	12834	0	0	0	3148	0	14120	0	610	0	3368	0	16276	0	260	0	1374	0	2676	0	4262	0	4592	0	9652	0	11296	0	2340	126	0	0	0	0	0	0	0	0	124	0	0	0	0	0	0	0	0	0	0	0	0	0	0	0	0	0	0	0	0	0	0	0	0	0	0	0	0	0	2504	0	3532	0	0	0	0	0	0	0	0	0	582	0	0	0	0	0	0	0	0	0	0	0	0	0	0	0	0	0	0	0	0	0	0	0	0	0	0	0	0	0	0	0	0	0	
238876	Frontal_Sup_Orb_R	0	0	0	15664	0	0	0	2640	0	10078	0	216	0	3878	0	16532	0	0	0	442	786	4610	850	11362	768	16824	162	10222	0	7566	876	9546	0	704	0	0	0	0	0	0	0	0	0	0	0	0	0	0	0	0	0	0	0	0	0	0	0	0	0	0	0	0	0	0	0	0	0	0	0	0	784	3146	0	1782	0	0	0	0	0	0	0	0	0	0	0	0	0	0	0	0	0	0	0	0	0	0	0	0	0	0	0	0	0	0	0	0	0	0	0	0	0	0	0	0	0	0	
522356	Frontal_Mid_L	25652	0	76602	378	3148	0	0	0	2918	0	15692	0	36720	0	9690	0	9672	0	8868	2066	0	0	18594	896	168	0	0	0	19374	0	3900	1332	3308	994	1596	914	3048	284	516	0	0	0	0	0	0	0	362	0	0	0	224	0	0	0	352	0	1894	0	0	0	644	0	0	0	168	0	670	0	294	0	1538	142	3418	0	740	0	2016	686	476	0	268	0	0	0	356	0	0	0	600	0	0	0	0	0	0	0	0	0	0	0	0	0	0	0	0	0	0	0	0	0	0	0	0	0	0	0	
263700	Frontal_Mid_R	0	15252	1190	36868	0	2640	0	0	0	2490	0	9244	0	18958	0	4902	0	2220	1360	3988	0	0	326	3852	0	256	0	0	0	3134	378	3176	0	2856	0	518	0	2286	0	604	0	0	0	0	0	0	0	372	0	0	0	0	0	0	0	454	0	1746	0	0	0	238	0	1336	0	0	0	308	0	0	136	1642	0	4050	0	2096	0	2004	0	220	0	168	0	0	0	0	0	0	0	582	0	0	0	0	0	0	0	0	0	0	0	0	0	0	0	0	0	0	0	0	0	0	0	0	0	0	
106996	Frontal_Mid_Orb_L	0	0	4278	0	14120	0	2918	0	0	0	126	0	4100	0	14290	0	0	0	158	0	470	0	424	0	1090	0	4264	0	4376	0	448	0	0	0	0	0	0	0	0	0	0	0	0	0	0	0	0	0	0	0	0	0	0	0	0	0	0	0	0	0	0	0	0	0	0	0	0	0	0	0	1340	0	858	0	0	0	0	0	0	0	0	0	238	0	0	0	0	0	0	0	0	0	0	0	0	0	0	0	0	0	0	0	0	0	0	0	0	0	0	0	0	0	0	0	0	0	
71640	Frontal_Mid_Orb_R	0	0	0	5110	0	10078	0	2490	0	0	0	0	0	712	0	11126	0	0	0	0	0	0	0	1308	0	558	0	858	0	1648	0	1626	0	0	0	0	0	0	0	0	0	0	0	0	0	0	0	0	0	0	0	0	0	0	0	0	0	0	0	0	0	0	0	0	0	0	0	0	0	0	0	0	0	306	0	0	0	0	0	0	0	0	0	0	0	0	0	0	0	0	0	0	0	0	0	0	0	0	0	0	0	0	0	0	0	0	0	0	0	0	0	0	0	0	0	0	
274436	Frontal_Inf_Oper_L	13332	0	15728	0	610	0	15692	0	126	0	0	696	22086	0	974	0	12860	376	5896	118	0	0	2808	0	434	0	150	0	22478	286	5110	1546	324	0	126	0	1280	0	378	0	0	0	0	0	0	0	264	0	0	0	0	0	0	0	588	0	2990	0	0	0	0	0	0	0	0	0	0	0	0	0	3618	516	2696	250	0	0	362	0	362	0	910	0	1248	0	0	0	0	0	0	0	0	0	0	0	0	0	0	0	0	0	0	0	0	0	0	0	0	0	0	0	0	0	0	0	0	0	
231520	Frontal_Inf_Oper_R	0	9260	1520	8268	0	216	0	9244	0	0	696	0	0	11002	0	376	518	9706	1462	5600	0	0	0	458	0	276	0	0	784	16212	2654	7622	0	2234	0	0	0	3350	0	1454	0	0	0	0	0	0	0	150	0	0	0	0	0	0	0	520	0	864	0	0	0	0	0	0	0	0	0	0	0	0	3974	6414	0	8322	0	274	0	334	0	0	0	972	0	894	0	0	0	0	0	130	0	0	0	0	0	0	0	0	0	0	0	0	0	0	0	0	0	0	0	0	0	0	0	0	0	0	
311280	Frontal_Inf_Tri_L	4646	0	22348	158	3368	0	36720	0	4100	0	22086	0	0	0	19366	0	1468	0	2906	356	0	0	4850	146	302	0	144	0	22250	0	3762	1462	1242	446	0	0	366	0	174	0	0	0	0	0	0	0	172	0	0	0	0	0	0	0	144	0	332	0	0	0	0	0	0	0	0	0	0	0	0	0	142	0	1020	0	0	0	186	0	0	0	250	0	728	0	0	0	0	0	0	0	0	0	0	0	0	0	0	0	0	0	0	0	0	0	0	0	0	0	0	0	0	0	0	0	0	0	
221096	Frontal_Inf_Tri_R	0	1118	266	17594	0	3878	0	18958	0	712	0	11002	0	0	0	6214	0	406	202	3834	138	496	510	8500	0	3888	0	584	0	15940	778	8876	190	4228	0	0	0	0	0	0	0	0	0	0	0	0	0	0	0	0	0	0	0	0	0	0	0	0	0	0	0	0	0	0	0	0	0	0	0	0	304	772	0	1160	0	0	0	0	0	0	0	0	0	0	0	0	0	0	0	0	0	0	0	0	0	0	0	0	0	0	0	0	0	0	0	0	0	0	0	0	0	0	0	0	0	0	
238544	Frontal_Inf_Orb_L	180	0	13762	186	16276	0	9690	0	14290	0	974	0	19366	0	0	0	484	144	2148	356	2560	0	1358	0	250	0	3802	0	21824	0	1634	532	982	412	0	0	702	0	218	0	414	0	0	0	0	0	0	0	0	0	0	0	0	0	316	0	0	0	0	0	0	0	0	0	0	0	0	0	0	0	1748	0	2336	0	0	0	0	0	0	0	0	0	1866	0	0	0	462	0	0	0	0	0	0	0	0	0	0	0	0	0	0	0	0	0	0	0	0	0	0	0	0	0	0	0	0	0	
170060	Frontal_Inf_Orb_R	0	0	0	11812	0	16532	0	4902	0	11126	0	376	0	6214	0	0	0	0	0	228	0	904	0	5562	0	4104	0	948	0	12426	172	5672	0	314	0	0	0	0	0	0	0	0	0	0	0	0	0	0	0	0	0	0	0	0	0	0	0	0	0	0	0	0	0	0	0	0	0	0	0	0	0	470	0	1184	0	0	0	0	0	0	0	1058	0	900	0	126	0	0	0	0	0	0	0	0	0	0	0	0	0	0	0	0	0	0	0	0	0	0	0	0	0	0	0	0	0	0	
366744	Rolandic_Oper_L	10504	0	20926	130	260	0	9672	0	0	0	12860	518	1468	0	484	0	0	360	14440	252	0	0	372	0	110	0	0	0	40860	200	1330	330	0	0	1140	380	6712	214	1244	0	0	0	164	0	0	0	762	0	0	0	2296	0	692	0	1758	0	7262	0	0	0	738	0	3230	0	494	0	1704	0	300	0	2448	290	4994	198	240	0	3242	360	6468	0	9646	0	1362	0	5810	0	0	0	4148	0	0	0	0	0	0	0	0	0	0	0	0	0	0	0	0	0	0	0	0	0	0	0	0	0	0	0	
206944	Rolandic_Oper_R	0	1926	4902	8178	0	0	0	2220	0	0	376	9706	0	406	144	0	360	0	4902	5992	0	0	0	0	0	0	0	0	620	12238	864	1442	0	122	140	428	148	6330	0	2686	0	0	0	0	0	0	0	1042	0	0	0	0	0	0	0	816	0	3016	0	0	0	0	0	2260	0	0	0	250	0	0	5612	6014	0	10834	0	718	230	1768	0	1472	0	3420	0	1560	0	130	0	0	0	200	0	0	0	0	0	0	0	0	0	0	0	0	0	0	0	0	0	0	0	0	0	0	0	0	0	0	
822976	Supp_Motor_Area_L	17548	1798	106666	7172	1374	0	8868	1360	158	0	5896	1462	2906	202	2148	0	14440	4902	0	42486	0	0	7574	2294	828	0	190	0	23878	2724	8736	10208	11940	18320	3118	3858	6214	2680	1492	302	0	0	160	0	0	0	990	0	122	0	336	0	108	0	1112	186	1196	306	0	0	264	0	0	110	146	0	646	962	9944	444	18820	6684	13024	1890	4166	108	15786	4228	536	256	1120	746	156	0	356	1126	0	0	1162	550	0	0	0	0	0	0	0	0	0	0	0	0	0	0	0	0	0	0	0	0	0	0	0	0	0	0	
768636	Supp_Motor_Area_R	5424	5088	15532	57372	0	442	2066	3988	0	0	118	5600	356	3834	356	228	252	5992	42486	0	0	108	3164	8812	0	390	0	126	502	4472	8622	27422	7622	55170	940	16186	158	3144	0	916	0	116	0	1084	0	1812	0	994	0	2474	0	978	0	362	0	1164	162	1652	0	0	0	242	0	186	0	236	118	8812	4058	15090	1510	21816	254	8304	144	1450	374	19540	0	150	0	896	0	0	0	1594	0	0	0	1714	0	0	0	0	0	0	0	0	0	0	0	0	0	0	0	0	0	0	0	0	144	0	0	0	0	0	
90384	Olfactory_L	0	0	988	386	2676	786	0	0	470	0	0	0	0	138	2560	0	0	0	0	0	0	4848	0	374	452	984	3292	1226	3926	256	2968	1684	0	0	0	0	690	0	588	0	746	0	0	0	0	0	0	0	0	0	0	0	0	0	260	0	0	0	0	0	0	0	0	0	0	0	0	0	0	0	6922	3768	2488	1162	0	0	242	116	0	0	0	0	196	0	0	0	0	0	0	0	0	0	0	0	0	0	0	0	0	0	0	0	0	0	0	0	0	0	0	0	0	0	0	0	0	0	
126640	Olfactory_R	0	0	0	1532	0	4610	0	0	0	0	0	0	0	496	0	904	0	0	0	108	4848	0	0	2244	0	6746	1002	7658	0	2376	2546	5094	0	0	0	0	0	194	0	954	0	1056	0	0	0	0	0	0	0	0	0	0	0	0	0	492	0	0	0	0	0	0	0	0	0	0	0	0	0	0	6184	8442	3032	2368	0	0	0	0	0	0	0	0	0	434	0	0	0	0	0	0	0	0	0	0	0	0	0	0	0	0	0	0	0	0	0	0	0	0	0	0	0	0	0	0	0	0	
362340	Frontal_Sup_Medial_L	420	0	42238	5662	4262	850	18594	326	424	0	2808	0	4850	510	1358	0	372	0	7574	3164	0	0	0	17126	5184	1400	922	0	4204	498	22932	16322	6972	10768	0	0	0	0	0	0	0	0	0	0	0	0	0	0	0	0	0	0	0	0	0	0	0	0	0	0	0	0	0	0	0	0	0	0	0	0	490	0	940	0	0	0	0	0	0	0	0	0	0	0	0	0	0	0	0	0	0	0	0	0	0	0	0	0	0	0	0	0	0	0	0	0	0	0	0	0	0	0	0	0	0	0	
391688	Frontal_Sup_Medial_R	0	0	2300	32966	0	11362	896	3852	0	1308	0	458	146	8500	0	5562	0	0	2294	8812	374	2244	17126	0	698	14166	0	2594	0	9622	5738	35160	1882	22372	0	0	0	0	0	0	0	0	0	0	0	0	0	0	0	0	0	0	0	0	0	0	0	0	0	0	0	0	0	0	0	0	0	0	0	0	396	1642	0	3374	0	0	0	0	0	0	0	0	0	0	0	0	0	0	0	0	0	0	0	0	0	0	0	0	0	0	0	0	0	0	0	0	0	0	0	0	0	0	0	0	0	0	
61132	Frontal_Med_Orb_L	0	0	2336	256	4592	768	168	0	1090	0	434	0	302	0	250	0	110	0	828	0	452	0	5184	698	0	1488	3280	242	1322	0	5266	198	0	0	0	0	0	0	0	0	0	0	0	0	0	0	0	0	0	0	0	0	0	0	0	0	0	0	0	0	0	0	0	0	0	0	0	0	0	0	592	0	710	0	0	0	0	0	0	0	0	0	0	0	0	0	0	0	0	0	0	0	0	0	0	0	0	0	0	0	0	0	0	0	0	0	0	0	0	0	0	0	0	0	0	0	
208336	Frontal_Med_Orb_R	0	0	0	8750	0	16824	0	256	0	558	0	276	0	3888	0	4104	0	0	0	390	984	6746	1400	14166	1488	0	356	10540	0	7110	2608	13454	0	494	0	0	0	0	0	0	0	0	0	0	0	0	0	0	0	0	0	0	0	0	0	0	0	0	0	0	0	0	0	0	0	0	0	0	0	0	848	4178	148	4602	0	0	0	0	0	0	0	0	0	0	0	0	0	0	0	0	0	0	0	0	0	0	0	0	0	0	0	0	0	0	0	0	0	0	0	0	0	0	0	0	0	0	
81480	Rectus_L	0	0	1270	0	9652	162	0	0	4264	0	150	0	144	0	3802	0	0	0	190	0	3292	1002	922	0	3280	356	0	418	2154	0	3588	446	0	0	0	0	0	0	0	0	0	0	0	0	0	0	0	0	0	0	0	0	0	0	0	0	0	0	0	0	0	0	0	0	0	0	0	0	0	0	3792	514	1078	264	0	0	0	0	0	0	0	0	0	0	0	0	0	0	0	0	0	0	0	0	0	0	0	0	0	0	0	0	0	0	0	0	0	0	0	0	0	0	0	0	0	0	
103020	Rectus_R	0	0	0	1772	0	10222	0	0	0	858	0	0	0	584	0	948	0	0	0	126	1226	7658	0	2594	242	10540	418	0	0	1512	1112	4436	0	112	0	0	0	0	0	0	0	0	0	0	0	0	0	0	0	0	0	0	0	0	0	0	0	0	0	0	0	0	0	0	0	0	0	0	0	0	1192	4070	202	1686	0	0	0	0	0	0	0	0	0	0	0	0	0	0	0	0	0	0	0	0	0	0	0	0	0	0	0	0	0	0	0	0	0	0	0	0	0	0	0	0	0	0	
722284	Insula_L	10418	0	47732	336	11296	0	19374	0	4376	0	22478	784	22250	0	21824	0	40860	620	23878	502	3926	0	4204	0	1322	0	2154	0	0	466	7800	2232	520	266	2156	506	18696	360	4742	0	1058	0	216	0	0	0	2180	0	0	0	1782	0	332	0	7564	0	4300	0	0	0	388	0	2156	0	680	0	1996	0	196	0	6108	674	20062	402	316	0	5136	522	7170	0	8128	0	4744	0	3870	0	204	0	4880	0	0	0	0	0	0	0	0	0	0	0	0	0	0	0	0	0	0	0	0	0	0	0	0	0	0	0	
470472	Insula_R	0	744	2824	13330	0	7566	0	3134	0	1648	286	16212	0	15940	0	12426	200	12238	2724	4472	256	2376	498	9622	0	7110	0	1512	466	0	2302	15818	152	2422	378	2744	360	11522	0	3774	0	676	0	320	0	0	0	534	0	0	0	0	0	150	0	5270	0	226	0	0	0	0	0	178	0	0	108	1544	0	138	3028	7606	120	23594	0	764	402	5636	220	3164	0	11724	0	3342	0	4576	0	0	0	6860	0	0	0	0	0	0	0	0	0	0	0	0	0	0	0	0	0	0	0	0	0	0	0	0	0	0	
400068	Cingulum_Ant_L	884	0	17728	6510	2340	876	3900	378	448	0	5110	2654	3762	778	1634	172	1330	864	8736	8622	2968	2546	22932	5738	5266	2608	3588	1112	7800	2302	0	31240	7776	10178	0	386	124	182	0	0	0	0	0	0	0	0	0	0	0	0	0	0	0	0	0	0	0	0	0	0	0	0	0	0	0	0	0	0	0	0	9502	6834	6700	3274	0	0	0	0	0	0	0	0	252	0	0	0	0	0	0	0	0	0	0	0	0	0	0	0	0	0	0	0	0	0	0	0	0	0	0	0	0	0	0	0	0	0	
660604	Cingulum_Ant_R	186	444	7374	37704	126	9546	1332	3176	0	1626	1546	7622	1462	8876	532	5672	330	1442	10208	27422	1684	5094	16322	35160	198	13454	446	4436	2232	15818	31240	0	5732	35628	0	482	0	306	0	146	0	0	0	0	0	0	0	0	0	0	0	0	0	0	0	0	0	0	0	0	0	0	0	0	0	0	0	0	0	0	4066	17536	2672	11024	0	0	0	0	0	0	0	0	0	0	0	0	0	0	0	0	0	0	0	0	0	0	0	0	0	0	0	0	0	0	0	0	0	0	0	0	0	0	0	0	0	0	
181344	Cingulum_Mid_L	356	0	5994	1536	0	0	3308	0	0	0	324	0	1242	190	982	0	0	0	11940	7622	0	0	6972	1882	0	0	0	0	520	152	7776	5732	0	12390	4100	1086	216	0	148	0	0	0	580	0	626	0	140	0	1756	0	1600	0	0	0	0	0	182	0	0	0	0	0	0	0	0	0	3622	232	6422	656	0	0	0	0	0	0	0	0	0	0	0	0	0	0	388	0	0	0	0	0	0	0	0	0	0	0	0	0	0	0	0	0	0	0	0	0	0	0	0	0	0	0	0	0	0	0	
550360	Cingulum_Mid_R	516	966	3820	23896	0	704	994	2856	0	0	0	2234	446	4228	412	314	0	122	18320	55170	0	0	10768	22372	0	494	0	112	266	2422	10178	35628	12390	0	684	14152	0	792	0	444	0	0	0	1916	0	4232	0	772	0	3360	0	942	0	236	0	586	0	2832	0	118	0	152	0	0	0	150	804	12370	848	13830	876	1676	0	334	0	0	0	1736	0	0	0	0	0	0	0	1016	0	0	0	518	0	0	0	0	0	0	0	0	0	0	0	0	0	0	0	0	0	0	0	0	176	0	0	0	0	0	
213960	Cingulum_Post_L	4346	0	842	556	0	0	1596	0	0	0	126	0	0	0	0	0	1140	140	3118	940	0	0	0	0	0	0	0	0	2156	378	0	0	4100	684	0	5256	12008	1626	3406	0	0	0	6376	0	3266	0	3002	0	1104	0	2758	0	554	0	1106	0	598	0	0	0	378	0	316	0	536	0	12256	610	7028	0	462	1250	914	304	322	0	7252	4406	3012	0	1068	0	0	0	2982	0	0	0	2702	0	0	0	0	0	0	0	0	0	0	0	0	0	0	0	0	0	0	0	0	0	0	0	0	0	0	0	
315272	Cingulum_Post_R	1418	1400	2366	2194	0	0	914	518	0	0	0	0	0	0	0	0	380	428	3858	16186	0	0	0	0	0	0	0	0	506	2744	386	482	1086	14152	5256	0	1156	17218	0	4658	0	0	0	4048	138	744	0	8082	0	990	0	422	0	356	0	1044	438	1644	0	0	0	182	0	268	0	0	582	18748	654	5072	590	4288	992	938	416	0	6562	16676	472	964	0	670	0	0	0	1152	0	0	0	2406	0	0	0	0	0	0	0	0	0	0	0	0	0	0	0	0	0	0	0	0	792	0	0	0	0	0	
376096	Hippocampus_L	3338	0	6894	218	0	0	3048	0	0	0	1280	0	366	0	702	0	6712	148	6214	158	690	0	0	0	0	0	0	0	18696	360	124	0	216	0	12008	1156	0	1088	19638	122	7208	0	4074	0	1514	0	8814	210	362	0	3056	0	1044	0	17836	0	1350	0	0	0	740	0	1136	0	1014	0	9278	0	676	0	466	0	10600	304	1724	0	9520	1232	4404	0	2920	0	830	0	4050	0	0	0	10156	0	0	0	0	0	0	0	222	0	132	0	0	0	0	0	0	0	0	0	0	0	0	0	0	0	0	0	
441684	Hippocampus_R	328	4028	2140	2748	0	0	284	2286	0	0	0	3350	0	0	0	0	214	6330	2680	3144	0	194	0	0	0	0	0	0	360	11522	182	306	0	792	1626	17218	1088	0	0	34812	0	9586	0	4224	0	464	0	12666	0	488	0	360	0	732	0	26744	204	1652	0	0	0	150	0	1070	0	0	266	13642	0	976	1346	1532	306	13788	0	1074	1780	12166	424	1658	0	1574	0	840	0	1422	0	142	0	12700	0	0	0	0	0	0	0	678	0	108	0	0	0	0	0	0	0	0	0	0	448	0	0	0	0	0	
164968	ParaHippocampal_L	612	0	1746	0	0	0	516	0	0	0	378	0	174	0	218	0	1244	0	1492	0	588	0	0	0	0	0	0	0	4742	0	0	0	148	0	3406	0	19638	0	0	0	3608	0	3020	0	1076	0	9170	372	0	0	982	0	160	0	11088	0	402	0	0	0	0	0	180	0	204	0	4070	0	358	0	0	0	2114	0	152	0	4130	108	428	0	562	0	1138	0	518	0	716	0	1840	0	0	0	0	0	0	0	630	0	420	0	0	0	0	0	136	0	0	0	0	0	0	0	0	0	0	0	
272904	ParaHippocampal_R	0	1104	314	434	0	0	0	604	0	0	0	1454	0	0	0	0	0	2686	302	916	0	954	0	0	0	0	0	0	0	3774	0	146	0	444	0	4658	122	34812	0	0	0	10960	0	2320	0	320	0	12320	0	342	0	284	0	676	0	23856	0	940	0	0	0	0	0	490	0	0	0	5998	0	574	506	480	0	6652	0	680	0	2492	0	292	0	296	0	3260	0	322	0	1506	0	6016	0	0	0	0	0	0	0	1634	0	256	0	0	0	0	0	0	0	0	0	0	256	0	0	0	0	0	
39068	Amygdala_L	0	0	0	0	124	0	0	0	0	0	0	0	0	0	414	0	0	0	0	0	746	0	0	0	0	0	0	0	1058	0	0	0	0	0	0	0	7208	0	3608	0	0	0	0	0	0	0	0	0	0	0	0	0	0	0	4104	0	0	0	0	0	0	0	0	0	0	0	0	0	0	0	124	0	182	0	0	0	288	0	0	0	0	0	618	0	0	0	114	0	946	0	0	0	0	0	0	0	0	0	0	0	0	0	0	0	0	0	0	0	0	0	0	0	0	0	0	0	
75328	Amygdala_R	0	0	0	0	0	0	0	0	0	0	0	0	0	0	0	0	0	0	0	116	0	1056	0	0	0	0	0	0	0	676	0	0	0	0	0	0	0	9586	0	10960	0	0	0	0	0	0	0	0	0	0	0	0	0	0	0	8036	0	0	0	0	0	0	0	0	0	0	0	0	0	0	0	146	0	2514	0	0	0	114	0	0	0	240	0	3172	0	0	0	528	0	520	0	0	0	0	0	0	0	0	0	0	0	0	0	0	0	0	0	0	0	0	0	0	0	0	0	0	
295856	Calcarine_L	420	0	0	0	0	0	0	0	0	0	0	0	0	0	0	0	164	0	160	0	0	0	0	0	0	0	0	0	216	0	0	0	580	0	6376	0	4074	0	3020	0	0	0	0	6762	14196	5184	17322	3770	10130	1364	25688	1060	6878	694	4836	312	0	0	0	0	408	0	342	0	698	0	19386	212	2006	0	0	0	0	0	0	0	0	0	292	0	688	0	0	0	6548	0	0	0	1974	0	228	0	0	0	0	0	436	0	670	0	0	0	0	0	0	0	0	0	0	0	548	286	0	0	0	0	
360928	Calcarine_R	0	298	0	0	0	0	0	0	0	0	0	0	0	0	0	0	0	0	0	1084	0	0	0	0	0	0	0	0	0	320	0	0	0	1916	0	4048	0	4224	0	2320	0	0	6762	0	4886	26518	1432	23890	276	23016	208	24400	0	8560	0	7928	0	1706	0	186	0	346	0	482	0	552	1022	21698	0	2440	0	0	0	0	0	0	0	154	0	116	0	156	0	0	0	5624	0	0	0	2222	0	0	0	0	0	0	0	152	158	282	0	0	0	0	0	0	0	0	0	0	222	860	0	0	0	0	
198764	Cuneus_L	140	0	0	0	0	0	0	0	0	0	0	0	0	0	0	0	0	0	0	0	0	0	0	0	0	0	0	0	0	0	0	0	626	0	3266	138	1514	0	1076	0	0	0	14196	4886	0	8480	2710	1084	20322	628	15486	358	488	128	302	0	0	0	676	0	500	0	488	0	760	0	12416	2188	1166	0	0	0	0	0	0	0	0	0	0	0	530	0	0	0	3988	0	0	0	842	0	0	0	0	0	0	0	0	0	0	0	0	0	0	0	0	0	0	0	0	0	0	0	0	0	0	0	
290152	Cuneus_R	0	0	0	0	0	0	0	0	0	0	0	0	0	0	0	0	0	0	0	1812	0	0	0	0	0	0	0	0	0	0	0	0	0	4232	0	744	0	464	0	320	0	0	5184	26518	8480	0	364	7002	464	29750	154	11384	0	1750	0	1606	0	2872	226	3502	0	410	0	242	0	498	5206	25064	0	3548	0	0	0	0	0	0	0	0	0	0	0	0	0	0	0	2260	0	0	0	530	0	0	0	0	0	0	0	0	0	0	0	0	0	0	0	0	0	0	0	0	124	366	0	0	0	0	
359652	Lingual_L	602	0	1152	0	0	0	362	0	0	0	264	0	172	0	0	0	762	0	990	0	0	0	0	0	0	0	0	0	2180	0	0	0	140	0	3002	0	8814	0	9170	0	0	0	17322	1432	2710	364	0	3092	2954	198	20714	152	12804	176	23084	784	288	0	0	0	0	0	0	0	378	0	8148	0	470	0	0	0	574	0	0	0	3356	0	332	0	264	0	0	0	1818	0	0	0	1054	0	4528	608	136	0	0	144	11236	926	16182	1134	168	0	194	0	652	554	0	0	0	168	6606	5152	482	0	150	728	
382028	Lingual_R	0	754	0	242	0	0	0	372	0	0	0	150	0	0	0	0	0	1042	0	994	0	0	0	0	0	0	0	0	0	534	0	0	0	772	0	8082	210	12666	372	12320	0	0	3770	23890	1084	7002	3092	0	0	5940	132	6068	182	8990	374	24906	0	1184	0	0	0	164	0	584	0	0	226	12606	0	970	0	0	0	0	0	0	0	1258	0	236	0	214	0	0	0	2286	0	0	0	4242	1468	2938	0	0	0	300	1174	6472	4236	8842	212	0	178	0	648	138	0	0	0	532	6854	8056	776	132	148	0	
217072	Occipital_Sup_L	0	0	0	0	0	0	0	0	0	0	0	0	0	0	0	0	0	0	122	0	0	0	0	0	0	0	0	0	0	0	0	0	1756	0	1104	0	362	0	0	0	0	0	10130	276	20322	464	2954	0	0	0	34304	0	1318	0	480	0	0	0	9004	0	1232	0	0	0	1340	0	19354	416	806	0	0	0	0	0	0	0	0	0	318	0	0	0	0	0	1988	0	0	0	486	0	0	0	0	0	0	0	0	0	0	0	0	0	0	0	0	0	0	0	0	0	0	0	0	0	0	0	
309528	Occipital_Sup_R	0	204	0	0	0	0	0	0	0	0	0	0	0	0	0	0	0	0	0	2474	0	0	0	0	0	0	0	0	0	0	0	0	0	3360	0	990	0	488	0	342	0	0	1364	23016	628	29750	198	5940	0	0	0	29810	0	2636	0	2104	0	3948	0	5018	0	3116	0	642	0	5306	956	21418	0	4096	0	0	0	0	0	0	0	0	0	0	0	258	0	0	0	5078	0	0	0	1100	0	0	0	0	0	0	0	0	0	152	0	0	0	0	0	0	0	0	0	0	0	372	0	0	0	0	
577812	Occipital_Mid_L	5338	0	226	0	0	0	224	0	0	0	0	0	0	0	0	0	2296	0	336	0	0	0	0	0	0	0	0	0	1782	0	0	0	1600	0	2758	0	3056	0	982	0	0	0	25688	208	15486	154	20714	132	34304	0	0	0	25938	0	14172	0	3280	0	7254	0	11688	0	3870	0	20194	0	25588	0	8824	0	0	0	280	0	0	0	364	0	2968	0	4108	0	0	0	32682	0	0	0	7558	0	628	0	0	0	0	0	698	0	2024	0	0	0	0	0	0	0	0	0	0	0	1028	476	0	0	0	0	
274384	Occipital_Mid_R	0	206	0	0	0	0	0	0	0	0	0	0	0	0	0	0	0	0	0	978	0	0	0	0	0	0	0	0	0	0	0	0	0	942	0	422	0	360	0	284	0	0	1060	24400	358	11384	152	6068	0	29810	0	0	0	6460	0	2148	0	1004	0	1156	0	6050	0	768	0	13164	294	9770	0	1500	0	0	0	0	0	0	0	0	0	0	0	518	0	0	0	16634	0	0	0	1126	0	0	0	0	0	0	0	0	0	176	0	0	0	0	0	0	0	0	0	0	0	0	0	0	0	0	
204636	Occipital_Inf_L	388	0	114	0	0	0	0	0	0	0	0	0	0	0	0	0	692	0	108	0	0	0	0	0	0	0	0	0	332	0	0	0	0	0	554	0	1044	0	160	0	0	0	6878	0	488	0	12804	182	1318	0	25938	0	0	0	18488	0	0	0	0	0	964	0	856	0	1268	0	2006	0	370	0	0	0	156	0	0	0	160	0	742	0	1228	0	0	0	7564	0	0	0	6822	0	1368	0	0	0	0	0	1382	0	5442	0	0	0	0	0	0	0	0	0	0	0	1406	1096	0	0	0	0	
104340	Occipital_Inf_R	0	412	0	0	0	0	0	0	0	0	0	0	0	0	0	0	0	0	0	362	0	0	0	0	0	0	0	0	0	150	0	0	0	236	0	356	0	732	0	676	0	0	694	8560	128	1750	176	8990	0	2636	0	6460	0	0	0	8940	0	0	0	0	0	0	0	0	0	0	0	1412	0	256	0	0	0	0	0	0	0	0	0	0	0	192	0	0	0	1434	0	0	0	4630	0	202	0	0	0	0	0	400	128	1164	0	0	0	0	0	0	0	0	0	0	430	664	0	0	0	0	
436384	Fusiform_L	542	0	1272	0	0	0	352	0	0	0	588	0	144	0	316	0	1758	0	1112	0	260	0	0	0	0	0	0	0	7564	0	0	0	0	0	1106	0	17836	0	11088	0	4104	0	4836	0	302	0	23084	374	480	0	14172	0	18488	0	0	0	272	0	0	0	418	0	414	0	672	0	1730	0	172	0	180	0	3580	0	0	0	2106	0	752	0	1404	0	3454	0	5060	0	3002	0	15264	0	16950	150	318	0	200	0	14628	152	31042	254	336	0	378	0	538	0	138	0	0	0	2576	2100	174	0	0	0	
470140	Fusiform_R	0	1890	182	336	0	0	0	454	0	0	0	520	0	0	0	0	0	816	186	1164	0	492	0	0	0	0	0	0	0	5270	0	0	0	586	0	1044	0	26744	0	23856	0	8036	312	7928	0	1606	784	24906	0	2104	0	2148	0	8940	0	0	0	360	0	0	0	0	0	180	0	0	0	3900	0	690	0	110	0	4094	0	138	0	1422	0	188	0	2688	0	8618	0	4130	0	5286	0	26352	600	11748	0	764	0	944	1204	9656	1652	19228	0	0	0	926	416	156	0	0	0	216	4602	3610	772	0	116	0	
210240	Postcentral_L	23596	0	2454	146	0	0	1894	0	0	0	2990	0	332	0	0	0	7262	0	1196	162	0	0	0	0	0	0	0	0	4300	0	0	0	182	0	598	438	1350	204	402	0	0	0	0	0	0	0	288	0	0	0	3280	0	0	0	272	0	0	0	5698	0	15464	0	9292	0	3052	0	4028	0	2792	0	2530	0	1368	0	604	0	936	376	2972	0	3994	0	0	0	450	0	0	0	218	0	0	0	0	0	0	0	0	0	0	0	0	0	0	0	0	0	0	0	0	0	0	0	0	0	0	0	
173940	Postcentral_R	0	9672	192	370	0	0	0	1746	0	0	0	864	0	0	0	0	0	3016	306	1652	0	0	0	0	0	0	0	0	0	226	0	0	0	2832	0	1644	0	1652	0	940	0	0	0	1706	0	2872	0	1184	0	3948	0	1004	0	0	0	360	0	0	0	4586	0	6194	0	13922	0	2120	0	11038	0	9544	0	184	0	0	0	0	0	322	0	0	0	1028	0	0	0	1058	0	0	0	788	0	0	0	0	0	0	0	0	0	0	0	0	0	0	0	0	0	0	0	0	0	0	0	0	0	0	
108356	Parietal_Sup_L	0	0	0	0	0	0	0	0	0	0	0	0	0	0	0	0	0	0	0	0	0	0	0	0	0	0	0	0	0	0	0	0	0	0	0	0	0	0	0	0	0	0	0	0	676	226	0	0	9004	0	7254	0	0	0	0	0	5698	0	0	568	10592	0	0	0	2450	0	15524	1222	964	0	0	0	0	0	0	0	0	0	0	0	0	0	0	0	0	0	0	0	0	0	0	0	0	0	0	0	0	0	0	0	0	0	0	0	0	0	0	0	0	0	0	0	0	0	0	0	
70760	Parietal_Sup_R	0	0	0	0	0	0	0	0	0	0	0	0	0	0	0	0	0	0	0	0	0	0	0	0	0	0	0	0	0	0	0	0	0	118	0	0	0	0	0	0	0	0	0	186	0	3502	0	0	0	5018	0	1156	0	0	0	0	0	4586	568	0	0	4716	0	1266	0	4248	2256	7406	0	354	0	0	0	0	0	0	0	0	0	0	0	0	0	0	0	0	0	0	0	0	0	0	0	0	0	0	0	0	0	0	0	0	0	0	0	0	0	0	0	0	0	0	0	0	0	0	
220088	Parietal_Inf_L	3704	0	260	0	0	0	644	0	0	0	0	0	0	0	0	0	738	0	264	0	0	0	0	0	0	0	0	0	388	0	0	0	0	0	378	0	740	0	0	0	0	0	408	0	500	0	0	0	1232	0	11688	0	964	0	418	0	15464	0	10592	0	0	0	19282	0	22820	0	3226	0	1462	0	204	0	0	0	0	0	0	0	0	0	2018	0	0	0	8866	0	0	0	3784	0	0	0	0	0	0	0	0	0	0	0	0	0	0	0	0	0	0	0	0	0	0	0	0	0	0	0	
127576	Parietal_Inf_R	0	790	0	0	0	0	0	238	0	0	0	0	0	0	0	0	0	0	0	242	0	0	0	0	0	0	0	0	0	0	0	0	0	152	0	182	0	150	0	0	0	0	0	346	0	410	0	164	0	3116	0	6050	0	0	0	0	0	6194	0	4716	0	0	0	12806	0	19528	0	3032	0	662	0	0	0	0	0	0	0	0	0	0	0	700	0	0	0	3878	0	0	0	432	0	0	0	0	0	0	0	0	0	0	0	0	0	0	0	0	0	0	0	0	0	0	0	0	0	0	
160496	SupraMarginal_L	502	0	0	0	0	0	0	0	0	0	0	0	0	0	0	0	3230	0	0	0	0	0	0	0	0	0	0	0	2156	0	0	0	0	0	316	0	1136	0	180	0	0	0	342	0	488	0	0	0	0	0	3870	0	856	0	414	0	9292	0	0	0	19282	0	0	0	8552	0	1122	0	264	0	710	0	0	0	0	0	0	0	1306	0	10876	0	0	0	11728	0	0	0	3626	0	0	0	0	0	0	0	0	0	0	0	0	0	0	0	0	0	0	0	0	0	0	0	0	0	0	0	
130164	SupraMarginal_R	0	3030	0	0	0	0	0	1336	0	0	0	0	0	0	0	0	0	2260	110	186	0	0	0	0	0	0	0	0	0	178	0	0	0	0	0	268	0	1070	0	490	0	0	0	482	0	242	0	584	0	642	0	768	0	0	0	180	0	13922	0	1266	0	12806	0	0	0	7576	0	3452	0	1054	0	0	0	0	0	0	0	0	0	0	0	4284	0	0	0	6840	0	0	0	2056	0	0	0	0	0	0	0	0	0	0	0	0	0	0	0	0	0	0	0	0	0	0	0	0	0	0	
178284	Angular_L	1544	0	138	0	0	0	168	0	0	0	0	0	0	0	0	0	494	0	146	0	0	0	0	0	0	0	0	0	680	0	0	0	0	0	536	0	1014	0	204	0	0	0	698	0	760	0	378	0	1340	0	20194	0	1268	0	672	0	3052	0	2450	0	22820	0	8552	0	0	0	2698	0	2376	0	0	0	336	0	0	0	120	0	132	0	1378	0	0	0	10386	0	0	0	4608	0	0	0	0	0	0	0	0	0	0	0	0	0	0	0	0	0	0	0	0	0	0	0	0	0	0	0	
141208	Angular_R	0	0	0	0	0	0	0	0	0	0	0	0	0	0	0	0	0	0	0	236	0	0	0	0	0	0	0	0	0	0	0	0	0	150	0	0	0	0	0	0	0	0	0	552	0	498	0	0	0	5306	0	13164	0	0	0	0	0	2120	0	4248	0	19528	0	7576	0	0	0	3588	0	800	0	0	0	0	0	0	0	0	0	0	0	2338	0	0	0	9434	0	0	0	1066	0	0	0	0	0	0	0	0	0	0	0	0	0	0	0	0	0	0	0	0	0	0	0	0	0	0	
394204	Precuneus_L	1464	0	346	0	0	0	670	0	0	0	0	0	0	0	0	0	1704	0	646	118	0	0	0	0	0	0	0	0	1996	108	0	0	3622	804	12256	582	9278	266	4070	0	0	0	19386	1022	12416	5206	8148	226	19354	956	25588	294	2006	0	1730	0	4028	0	15524	2256	3226	0	1122	0	2698	0	0	12062	6074	212	0	0	0	0	0	0	560	0	1840	0	1340	0	0	0	8506	0	0	0	3234	0	0	0	0	0	0	0	158	0	0	0	0	0	0	0	0	0	0	0	0	0	0	0	0	0	0	0	
493468	Precuneus_R	0	746	682	538	0	0	0	308	0	0	0	0	0	0	0	0	0	250	962	8812	0	0	0	0	0	0	0	0	0	1544	0	0	232	12370	610	18748	0	13642	0	5998	0	0	212	21698	2188	25064	0	12606	416	21418	0	9770	0	1412	0	3900	0	11038	1222	7406	0	3032	0	3452	0	3588	12062	0	160	16026	0	412	0	0	0	0	0	3064	0	566	0	1710	0	0	0	10744	0	0	0	6178	0	0	0	0	0	0	0	406	0	0	0	0	0	0	0	0	0	0	0	0	1542	0	0	0	0	0	
166516	Paracentral_Lobule_L	12896	0	1780	0	0	0	294	0	0	0	0	0	0	0	0	0	300	0	9944	4058	0	0	0	0	0	0	0	0	196	0	0	0	6422	848	7028	654	676	0	358	0	0	0	2006	0	1166	0	470	0	806	0	8824	0	370	0	172	0	2792	0	964	0	1462	0	264	0	2376	0	6074	160	0	864	0	488	0	0	0	0	0	600	424	0	462	0	0	0	5600	0	0	0	1460	0	0	0	0	0	0	0	0	0	0	0	0	0	0	0	0	0	0	0	0	0	0	0	0	0	0	0	
169948	Paracentral_Lobule_R	0	1222	0	0	0	0	0	0	0	0	0	0	0	0	0	0	0	0	444	15090	0	0	0	0	0	0	0	0	0	138	0	0	656	13830	0	5072	0	976	0	574	0	0	0	2440	0	3548	0	970	0	4096	0	1500	0	256	0	690	0	9544	0	354	0	662	0	1054	0	800	212	16026	864	0	0	0	0	0	0	0	0	140	0	0	0	546	0	0	0	1692	0	0	0	1394	0	0	0	0	0	0	0	0	0	0	0	0	0	0	0	0	0	0	0	0	184	0	0	0	0	0	
367804	Caudate_L	3614	238	20488	1990	2504	784	1538	136	1340	0	3618	3974	142	304	1748	0	2448	5612	18820	1510	6922	6184	490	396	592	848	3792	1192	6108	3028	9502	4066	0	876	462	590	466	1346	0	506	124	0	0	0	0	0	0	0	0	0	0	0	0	0	180	0	2530	0	0	0	204	0	710	0	0	0	0	0	0	0	0	22048	15594	7988	2850	1148	9418	2536	0	0	224	0	174	0	0	0	0	0	0	0	0	0	0	0	0	0	0	0	0	0	0	0	0	0	0	0	0	0	0	0	0	0	0	0	0	0	
412780	Caudate_R	410	788	5466	17158	0	3146	142	1642	0	0	516	6414	0	772	0	470	290	6014	6684	21816	3768	8442	0	1642	0	4178	514	4070	674	7606	6834	17536	0	1676	1250	4288	0	1532	0	480	0	146	0	0	0	0	0	0	0	0	0	0	0	0	0	110	0	184	0	0	0	0	0	0	0	0	0	412	488	0	22048	0	6626	18638	628	2354	4032	14506	0	0	0	0	0	0	0	0	0	0	0	0	0	0	0	0	0	0	0	0	0	0	0	0	0	0	0	0	0	0	0	0	0	0	0	0	0	0	
315680	Putamen_L	4138	0	17474	228	3532	0	3418	0	858	0	2696	0	1020	0	2336	0	4994	0	13024	254	2488	3032	940	0	710	148	1078	202	20062	120	6700	2672	0	0	914	992	10600	306	2114	0	182	0	0	0	0	0	574	0	0	0	280	0	156	0	3580	0	1368	0	0	0	0	0	0	0	336	0	0	0	0	0	15594	6626	0	3646	8464	334	4214	952	676	0	816	0	614	0	522	0	0	0	1856	0	0	0	0	0	0	0	0	0	0	0	0	0	0	0	0	0	0	0	0	0	0	0	0	0	0	0	
356532	Putamen_R	0	956	1918	12862	0	1782	0	4050	0	306	250	8322	0	1160	0	1184	198	10834	1890	8304	1162	2368	0	3374	0	4602	264	1686	402	23594	3274	11024	0	334	304	938	304	13788	0	6652	0	2514	0	0	0	0	0	0	0	0	0	0	0	0	0	4094	0	0	0	0	0	0	0	0	0	0	0	0	0	0	7988	18638	3646	0	298	5368	276	4488	162	0	0	936	0	724	0	0	0	154	0	894	0	0	0	0	0	0	0	0	0	0	0	0	0	0	0	0	0	0	0	0	0	0	0	0	0	0	
65752	Pallidum_L	2384	0	5126	0	0	0	740	0	0	0	0	0	0	0	0	0	240	0	4166	144	0	0	0	0	0	0	0	0	316	0	0	0	0	0	322	416	1724	0	152	0	0	0	0	0	0	0	0	0	0	0	0	0	0	0	0	0	604	0	0	0	0	0	0	0	0	0	0	0	0	0	2850	628	8464	298	0	184	3198	380	192	0	0	0	0	0	108	0	0	0	240	0	0	0	0	0	0	0	0	0	0	0	0	0	0	0	0	0	0	0	0	0	0	0	0	0	0	0	
43964	Pallidum_R	0	848	0	3492	0	0	0	2096	0	0	0	274	0	0	0	0	0	718	108	1450	0	0	0	0	0	0	0	0	0	764	0	0	0	0	0	0	0	1074	0	680	0	0	0	0	0	0	0	0	0	0	0	0	0	0	0	138	0	0	0	0	0	0	0	0	0	0	0	0	0	0	1148	2354	334	5368	184	0	0	806	0	0	0	0	0	0	0	146	0	0	0	0	0	0	0	0	0	0	0	0	0	0	0	0	0	0	0	0	0	0	0	0	0	0	0	0	0	0	
258768	Thalamus_L	8540	0	16230	1076	0	0	2016	0	0	0	362	0	186	0	0	0	3242	230	15786	374	242	0	0	0	0	0	0	0	5136	402	0	0	0	0	7252	6562	9520	1780	4130	0	288	0	0	0	0	0	3356	0	0	0	364	0	160	0	2106	0	936	0	0	0	0	0	0	0	120	0	560	0	0	0	9418	4032	4214	276	3198	0	0	13176	1386	0	634	0	0	0	626	0	0	0	1468	0	0	0	0	0	0	0	0	0	0	0	0	0	0	0	0	0	0	0	0	0	0	0	0	0	0	0	
284452	Thalamus_R	1238	1580	2908	11896	0	0	686	2004	0	0	0	334	0	0	0	0	360	1768	4228	19540	116	0	0	0	0	0	0	0	522	5636	0	0	0	1736	4406	16676	1232	12166	108	2492	0	114	0	154	0	0	0	1258	0	0	0	0	0	0	0	1422	376	322	0	0	0	0	0	0	0	0	0	3064	600	140	2536	14506	952	4488	380	806	13176	0	470	1040	0	956	0	0	0	1480	0	0	0	2354	0	0	0	0	0	0	0	0	0	0	0	0	0	0	0	0	0	0	0	0	0	0	0	0	0	0	
116892	Heschl_L	1966	0	834	0	0	0	476	0	0	0	362	0	0	0	0	0	6468	0	536	0	0	0	0	0	0	0	0	0	7170	220	0	0	0	0	3012	472	4404	424	428	0	0	0	292	0	0	0	332	0	318	0	2968	0	742	0	752	0	2972	0	0	0	0	0	1306	0	132	0	1840	0	424	0	0	0	676	162	192	0	1386	470	0	0	5930	0	0	0	6724	0	0	0	4056	0	0	0	0	0	0	0	0	0	0	0	0	0	0	0	0	0	0	0	0	0	0	0	0	0	0	0	
32740	Heschl_R	0	280	256	108	0	0	0	220	0	0	0	0	0	0	0	0	0	1472	256	150	0	0	0	0	0	0	0	0	0	3164	0	0	0	0	0	964	0	1658	0	292	0	0	0	116	0	0	0	236	0	0	0	0	0	0	0	188	0	0	0	0	0	0	0	0	0	0	0	566	0	0	0	0	0	0	0	0	0	1040	0	0	0	3444	0	0	0	1422	0	0	0	538	0	0	0	0	0	0	0	0	0	0	0	0	0	0	0	0	0	0	0	0	0	0	0	0	0	0	
224524	Temporal_Sup_L	1502	0	1334	0	0	0	268	0	0	0	910	0	250	0	0	0	9646	0	1120	0	0	0	0	0	0	0	0	0	8128	0	0	0	0	0	1068	0	2920	0	562	0	0	0	688	0	530	0	264	0	0	0	4108	0	1228	0	1404	0	3994	0	0	0	2018	0	10876	0	1378	0	1340	0	462	0	224	0	816	0	0	0	634	0	5930	0	0	0	4148	0	30028	0	434	0	14050	0	0	0	0	0	0	0	0	0	0	0	0	0	0	0	0	0	0	0	0	0	0	0	0	0	0	0	
148664	Temporal_Sup_R	0	314	748	600	0	0	0	168	0	0	0	972	0	0	0	1058	0	3420	746	896	0	0	0	0	0	0	0	0	0	11724	0	0	0	0	0	670	0	1574	0	296	0	240	0	156	0	0	0	214	0	258	0	518	0	192	0	2688	0	1028	0	0	0	700	0	4284	0	2338	0	1710	0	546	0	0	0	936	0	0	0	956	0	3444	0	0	0	7214	0	16922	0	630	0	6172	0	0	0	0	0	0	0	0	0	0	0	0	0	0	0	0	0	0	0	0	0	0	0	0	0	0	
76956	Temporal_Pole_Sup_L	0	0	970	0	582	0	0	0	238	0	1248	0	728	0	1866	0	1362	0	156	0	196	0	0	0	0	0	0	0	4744	0	252	0	0	0	0	0	830	0	1138	0	618	0	0	0	0	0	0	0	0	0	0	0	0	0	3454	0	0	0	0	0	0	0	0	0	0	0	0	0	0	0	174	0	614	0	0	0	0	0	0	0	4148	0	0	0	4700	0	4806	0	5654	0	0	0	0	0	0	0	0	0	0	0	0	0	0	0	0	0	0	0	0	0	0	0	0	0	0	0	
95364	Temporal_Pole_Sup_R	0	0	0	0	0	0	0	0	0	0	0	894	0	0	0	900	0	1560	0	0	0	434	0	0	0	0	0	0	0	3342	0	0	0	0	0	0	0	840	0	3260	0	3172	0	0	0	0	0	0	0	0	0	0	0	0	0	8618	0	0	0	0	0	0	0	0	0	0	0	0	0	0	0	0	0	724	0	0	0	0	0	0	0	7214	0	0	0	3304	0	6376	0	7044	0	0	0	0	0	0	0	0	0	0	0	0	0	0	0	0	0	0	0	0	0	0	0	0	0	0	
436932	Temporal_Mid_L	5524	0	360	0	0	0	356	0	0	0	0	0	0	0	0	0	5810	0	356	0	0	0	0	0	0	0	0	0	3870	0	0	0	388	0	2982	0	4050	0	518	0	0	0	6548	0	3988	0	1818	0	1988	0	32682	0	7564	0	5060	0	450	0	0	0	8866	0	11728	0	10386	0	8506	0	5600	0	0	0	522	0	108	0	626	0	6724	0	30028	0	4700	0	0	0	3694	0	42666	0	0	0	0	0	0	0	0	0	0	0	0	0	0	0	0	0	0	0	0	0	0	0	0	0	0	0	
264756	Temporal_Mid_R	0	454	1126	0	0	0	0	0	0	0	0	0	0	0	0	126	0	130	1126	1594	0	0	0	0	0	0	0	0	0	4576	0	0	0	1016	0	1152	0	1422	0	322	0	0	0	5624	0	2260	0	2286	0	5078	0	16634	0	1434	0	4130	0	1058	0	0	0	3878	0	6840	0	9434	0	10744	0	1692	0	0	0	0	0	146	0	1480	0	1422	0	16922	0	3304	0	0	0	1948	0	22752	0	0	0	0	0	0	0	0	0	0	0	0	0	0	0	0	0	0	0	0	268	0	0	0	0	0	
36132	Temporal_Pole_Mid_L	0	0	0	0	0	0	0	0	0	0	0	0	0	0	462	0	0	0	0	0	0	0	0	0	0	0	0	0	204	0	0	0	0	0	0	0	0	0	716	0	114	0	0	0	0	0	0	0	0	0	0	0	0	0	3002	0	0	0	0	0	0	0	0	0	0	0	0	0	0	0	0	0	0	0	0	0	0	0	0	0	434	0	4806	0	3694	0	0	0	4634	0	0	0	0	0	0	0	0	0	0	0	0	0	0	0	0	0	0	0	0	0	0	0	0	0	0	0	
40680	Temporal_Pole_Mid_R	0	0	0	0	0	0	0	0	0	0	0	0	0	0	0	0	0	0	0	0	0	0	0	0	0	0	0	0	0	0	0	0	0	0	0	0	0	142	0	1506	0	528	0	0	0	0	0	0	0	0	0	0	0	0	0	5286	0	0	0	0	0	0	0	0	0	0	0	0	0	0	0	0	0	154	0	0	0	0	0	0	0	630	0	6376	0	1948	0	0	0	3770	0	0	0	0	0	0	0	0	0	0	0	0	0	0	0	0	0	0	0	0	0	0	0	0	0	0	
317328	Temporal_Inf_L	1598	0	1200	0	0	0	600	0	0	0	0	0	0	0	0	0	4148	0	1162	0	0	0	0	0	0	0	0	0	4880	0	0	0	0	0	2702	0	10156	0	1840	0	946	0	1974	0	842	0	1054	0	486	0	7558	0	6822	0	15264	0	218	0	0	0	3784	0	3626	0	4608	0	3234	0	1460	0	0	0	1856	0	240	0	1468	0	4056	0	14050	0	5654	0	42666	0	4634	0	0	0	2572	0	138	0	0	0	128	0	706	0	196	0	138	0	0	0	0	0	0	0	0	0	0	0	0	0	
265124	Temporal_Inf_R	0	3262	538	376	0	0	0	582	0	0	0	130	0	0	0	0	0	200	550	1714	0	0	0	0	0	0	0	0	0	6860	0	0	0	518	0	2406	0	12700	0	6016	0	520	0	2222	0	530	0	4242	0	1100	0	1126	0	4630	0	26352	0	788	0	0	0	432	0	2056	0	1066	0	6178	0	1394	0	0	0	894	0	0	0	2354	0	538	0	6172	0	7044	0	22752	0	3770	0	0	0	368	0	0	0	0	0	0	0	182	0	0	0	0	0	0	0	0	0	0	0	0	0	0	0	0	
449536	Cerebelum_Crus1_L	0	0	0	0	0	0	0	0	0	0	0	0	0	0	0	0	0	0	0	0	0	0	0	0	0	0	0	0	0	0	0	0	0	0	0	0	0	0	0	0	0	0	228	0	0	0	4528	1468	0	0	628	0	1368	0	16950	600	0	0	0	0	0	0	0	0	0	0	0	0	0	0	0	0	0	0	0	0	0	0	0	0	0	0	0	0	0	0	0	0	2572	0	0	4494	33048	7822	250	300	10612	986	43932	2966	19806	1418	24622	6042	6718	3442	1782	282	212	376	2438	8074	9940	4024	2534	306	
316400	Cerebelum_Crus1_R	0	0	0	0	0	0	0	0	0	0	0	0	0	0	0	0	0	0	0	0	0	0	0	0	0	0	0	0	0	0	0	0	0	0	0	0	0	0	0	0	0	0	0	0	0	0	608	2938	0	0	0	0	0	202	150	11748	0	0	0	0	0	0	0	0	0	0	0	0	0	0	0	0	0	0	0	0	0	0	0	0	0	0	0	0	0	0	0	0	0	368	4494	0	2058	25954	0	1418	866	8546	4006	36568	1096	6338	1240	20698	362	2394	0	244	0	172	2406	8040	11492	2060	1620	114	
277768	Cerebelum_Crus2_L	0	0	0	0	0	0	0	0	0	0	0	0	0	0	0	0	0	0	0	0	0	0	0	0	0	0	0	0	0	0	0	0	0	0	0	0	0	0	0	0	0	0	0	0	0	0	136	0	0	0	0	0	0	0	318	0	0	0	0	0	0	0	0	0	0	0	0	0	0	0	0	0	0	0	0	0	0	0	0	0	0	0	0	0	0	0	0	0	138	0	33048	2058	0	7720	0	0	1050	0	4606	514	30650	2768	27252	4814	7632	1300	1120	0	0	0	310	1280	8204	3276	554	136	
261428	Cerebelum_Crus2_R	0	0	0	0	0	0	0	0	0	0	0	0	0	0	0	0	0	0	0	0	0	0	0	0	0	0	0	0	0	0	0	0	0	0	0	0	0	0	0	0	0	0	0	0	0	0	0	0	0	0	0	0	0	0	0	764	0	0	0	0	0	0	0	0	0	0	0	0	0	0	0	0	0	0	0	0	0	0	0	0	0	0	0	0	0	0	0	0	0	0	7822	25954	7720	0	0	180	160	736	1324	6578	5692	19648	4694	28020	532	3286	0	186	0	0	200	1576	11542	3268	534	298	
26800	Cerebelum_3_L	0	0	0	0	0	0	0	0	0	0	0	0	0	0	0	0	0	0	0	0	0	0	0	0	0	0	0	0	0	0	0	0	0	0	0	0	0	0	0	0	0	0	0	0	0	0	0	0	0	0	0	0	0	0	200	0	0	0	0	0	0	0	0	0	0	0	0	0	0	0	0	0	0	0	0	0	0	0	0	0	0	0	0	0	0	0	0	0	0	0	250	0	0	0	0	118	6062	0	692	108	0	0	0	0	776	0	0	0	1420	3002	614	158	0	0	0	0	
44688	Cerebelum_3_R	0	0	0	0	0	0	0	0	0	0	0	0	0	0	0	0	0	0	0	0	0	0	0	0	0	0	0	0	0	0	0	0	0	0	0	0	0	0	0	0	0	0	0	0	0	0	144	300	0	0	0	0	0	0	0	944	0	0	0	0	0	0	0	0	0	0	0	0	0	0	0	0	0	0	0	0	0	0	0	0	0	0	0	0	0	0	0	0	0	0	300	1418	0	180	118	0	614	5842	584	4230	0	0	0	220	150	864	0	0	630	2788	1628	626	128	176	460	0	
239060	Cerebelum_4_5_L	0	0	0	0	0	0	0	0	0	0	0	0	0	0	0	0	0	0	0	0	0	0	0	0	0	0	0	0	0	0	0	0	0	0	0	0	222	0	630	0	0	0	436	0	0	0	11236	1174	0	0	698	0	1382	0	14628	1204	0	0	0	0	0	0	0	0	0	0	158	0	0	0	0	0	0	0	0	0	0	0	0	0	0	0	0	0	0	0	0	0	128	0	10612	866	1050	160	6062	614	0	2612	27198	2538	1478	0	1532	238	5524	1406	366	0	1610	3188	13152	4694	150	0	876	1708	
157304	Cerebelum_4_5_R	0	0	0	0	0	0	0	0	0	0	0	0	0	0	0	0	0	0	0	0	0	0	0	0	0	0	0	0	0	0	0	0	0	0	0	0	0	678	0	1634	0	0	0	152	0	0	926	6472	0	0	0	0	0	400	152	9656	0	0	0	0	0	0	0	0	0	0	0	406	0	0	0	0	0	0	0	0	0	0	0	0	0	0	0	0	0	0	0	0	0	0	986	8546	0	736	0	5842	2612	0	2320	19216	156	0	188	1026	500	1262	0	178	254	1018	8850	2322	656	502	830	176	
438040	Cerebelum_6_L	0	0	0	0	0	0	0	0	0	0	0	0	0	0	0	0	0	0	0	0	0	0	0	0	0	0	0	0	0	0	0	0	0	0	0	0	132	0	420	0	0	0	670	158	0	0	16182	4236	0	0	2024	0	5442	128	31042	1652	0	0	0	0	0	0	0	0	0	0	0	0	0	0	0	0	0	0	0	0	0	0	0	0	0	0	0	0	0	0	0	0	706	0	43932	4006	4606	1324	692	584	27198	2320	0	5966	5146	0	8480	1432	6612	2806	1304	344	536	914	10226	16856	4900	2680	2978	386	
309672	Cerebelum_6_R	0	0	0	0	0	0	0	0	0	0	0	0	0	0	0	0	0	0	0	0	0	0	0	0	0	0	0	0	0	0	0	0	0	0	0	0	0	108	0	256	0	0	0	282	0	0	1134	8842	0	152	0	176	0	1164	254	19228	0	0	0	0	0	0	0	0	0	0	0	0	0	0	0	0	0	0	0	0	0	0	0	0	0	0	0	0	0	0	0	0	0	182	2966	36568	514	6578	108	4230	2538	19216	5966	0	646	226	846	8118	1530	2228	280	448	268	534	6934	11502	6682	2104	2028	0	
238056	Cerebelum_7b_L	0	0	0	0	0	0	0	0	0	0	0	0	0	0	0	0	0	0	0	0	0	0	0	0	0	0	0	0	0	0	0	0	0	0	0	0	0	0	0	0	0	0	0	0	0	0	168	212	0	0	0	0	0	0	336	0	0	0	0	0	0	0	0	0	0	0	0	0	0	0	0	0	0	0	0	0	0	0	0	0	0	0	0	0	0	0	0	0	196	0	19806	1096	30650	5692	0	0	1478	156	5146	646	0	2012	26558	3706	7588	1316	490	0	0	0	608	1416	6146	2966	454	186	
107704	Cerebelum_7b_R	0	0	0	0	0	0	0	0	0	0	0	0	0	0	0	0	0	0	0	0	0	0	0	0	0	0	0	0	0	0	0	0	0	0	0	0	0	0	0	0	0	0	0	0	0	0	0	0	0	0	0	0	0	0	0	0	0	0	0	0	0	0	0	0	0	0	0	0	0	0	0	0	0	0	0	0	0	0	0	0	0	0	0	0	0	0	0	0	0	0	1418	6338	2768	19648	0	0	0	0	0	226	2012	0	770	15250	0	1854	0	0	0	0	0	0	2654	914	0	0	
283992	Cerebelum_8_L	0	0	0	0	0	0	0	0	0	0	0	0	0	0	0	0	0	0	0	0	0	0	0	0	0	0	0	0	0	0	0	0	0	0	0	0	0	0	0	0	0	0	0	0	0	0	194	178	0	0	0	0	0	0	378	0	0	0	0	0	0	0	0	0	0	0	0	0	0	0	0	0	0	0	0	0	0	0	0	0	0	0	0	0	0	0	0	0	138	0	24622	1240	27252	4694	0	0	1532	188	8480	846	26558	770	0	4570	18196	2456	2612	0	0	150	714	2462	6774	4738	1936	318	
260792	Cerebelum_8_R	0	0	0	0	0	0	0	0	0	0	0	0	0	0	0	0	0	0	0	0	0	0	0	0	0	0	0	0	0	0	0	0	0	0	0	0	0	0	0	0	0	0	0	0	0	0	0	0	0	0	0	0	0	0	0	926	0	0	0	0	0	0	0	0	0	0	0	0	0	0	0	0	0	0	0	0	0	0	0	0	0	0	0	0	0	0	0	0	0	0	6042	20698	4814	28020	0	220	238	1026	1432	8118	3706	15250	4570	0	1692	14156	0	316	0	0	292	1542	11708	3810	1374	446	
161996	Cerebelum_9_L	0	0	0	0	0	0	0	0	0	0	0	0	0	0	0	0	0	0	0	0	0	0	0	0	0	0	0	0	0	0	0	0	0	0	0	0	0	0	136	0	0	0	0	0	0	0	652	648	0	0	0	0	0	0	538	416	0	0	0	0	0	0	0	0	0	0	0	0	0	0	0	0	0	0	0	0	0	0	0	0	0	0	0	0	0	0	0	0	0	0	6718	362	7632	532	776	150	5524	500	6612	1530	7588	0	18196	1692	0	2216	3980	0	140	224	3724	4624	1600	1752	1794	742	
136348	Cerebelum_9_R	0	0	0	0	0	0	0	0	0	0	0	0	0	0	0	0	0	0	0	0	0	0	0	0	0	0	0	0	0	0	0	0	0	0	0	0	0	0	0	0	0	0	0	0	0	0	554	138	0	0	0	0	0	0	0	156	0	0	0	0	0	0	0	0	0	0	0	0	0	0	0	0	0	0	0	0	0	0	0	0	0	0	0	0	0	0	0	0	0	0	3442	2394	1300	3286	0	864	1406	1262	2806	2228	1316	1854	2456	14156	2216	0	160	1482	242	480	1978	5774	3378	4382	6380	2084	
27096	Cerebelum_10_L	0	0	0	0	0	0	0	0	0	0	0	0	0	0	0	0	0	0	0	0	0	0	0	0	0	0	0	0	0	0	0	0	0	0	0	0	0	0	0	0	0	0	0	0	0	0	0	0	0	0	0	0	0	0	138	0	0	0	0	0	0	0	0	0	0	0	0	0	0	0	0	0	0	0	0	0	0	0	0	0	0	0	0	0	0	0	0	0	0	0	1782	0	1120	0	0	0	366	0	1304	280	490	0	2612	0	3980	160	0	0	0	0	346	814	0	0	156	0	
12540	Cerebelum_10_R	0	0	0	0	0	0	0	0	0	0	0	0	0	0	0	0	0	0	0	0	0	0	0	0	0	0	0	0	0	0	0	0	0	0	0	0	0	0	0	0	0	0	0	0	0	0	0	0	0	0	0	0	0	0	0	0	0	0	0	0	0	0	0	0	0	0	0	0	0	0	0	0	0	0	0	0	0	0	0	0	0	0	0	0	0	0	0	0	0	0	282	244	0	186	0	0	0	178	344	448	0	0	0	316	0	1482	0	0	0	0	0	804	200	736	848	202	
24876	Vermis_1_2	0	0	0	0	0	0	0	0	0	0	0	0	0	0	0	0	0	0	0	0	0	0	0	0	0	0	0	0	0	0	0	0	0	0	0	0	0	0	0	0	0	0	0	0	0	0	0	0	0	0	0	0	0	0	0	0	0	0	0	0	0	0	0	0	0	0	0	0	0	0	0	0	0	0	0	0	0	0	0	0	0	0	0	0	0	0	0	0	0	0	212	0	0	0	1420	630	1610	254	536	268	0	0	0	0	140	242	0	0	0	5500	1468	158	0	0	0	0	
44832	Vermis_3	0	0	0	0	0	0	0	0	0	0	0	0	0	0	0	0	0	0	0	0	0	0	0	0	0	0	0	0	0	0	0	0	0	0	0	0	0	0	0	0	0	0	0	0	0	0	168	532	0	0	0	0	0	0	0	216	0	0	0	0	0	0	0	0	0	0	0	0	0	0	0	0	0	0	0	0	0	0	0	0	0	0	0	0	0	0	0	0	0	0	376	172	0	0	3002	2788	3188	1018	914	534	0	0	150	0	224	480	0	0	5500	0	2746	210	0	0	198	0	
195088	Vermis_4_5	0	0	0	0	0	0	0	0	0	0	0	0	0	0	0	0	0	0	0	144	0	0	0	0	0	0	0	0	0	0	0	0	0	176	0	792	0	448	0	256	0	0	548	222	0	124	6606	6854	0	0	1028	0	1406	430	2576	4602	0	0	0	0	0	0	0	0	0	0	0	1542	0	184	0	0	0	0	0	0	0	0	0	0	0	0	0	0	0	268	0	0	0	0	2438	2406	310	200	614	1628	13152	8850	10226	6934	608	0	714	292	3724	1978	346	0	1468	2746	0	7290	230	158	1176	1850	
