data	data	523056	236460	977844	830552	145504	116780	616060	278936	69508	19292	219008	303240	314800	419780	113556	90856	220556	155356	564516	731304	70332	69840	288272	367924	29988	121588	44584	52720	597084	567104	288256	577632	125636	461620	141600	153708	253836	377532	102452	276312	27656	105516	296800	340724	199668	288748	230688	242564	196288	215344	424972	191968	149440	185820	339084	514216	205168	157660	82616	108300	163096	129276	169276	159176	139068	125168	308580	418600	129948	105212	327380	448888	335076	381420	65304	65116	144424	189220	69604	50620	120688	136008	57984	50832	266360	246264	20896	25660	230656	290768	449552	485920	340940	337780	20964	59520	225164	227228	416076	406388	238292	93712	312656	294060	130188	143884	34576	7056	20088	25376	136268	196332	165064	122084	79216	34424	
data	data	Precentral_L	Precentral_R	Frontal_Sup_L	Frontal_Sup_R	Frontal_Sup_Orb_L	Frontal_Sup_Orb_R	Frontal_Mid_L	Frontal_Mid_R	Frontal_Mid_Orb_L	Frontal_Mid_Orb_R	Frontal_Inf_Oper_L	Frontal_Inf_Oper_R	Frontal_Inf_Tri_L	Frontal_Inf_Tri_R	Frontal_Inf_Orb_L	Frontal_Inf_Orb_R	Rolandic_Oper_L	Rolandic_Oper_R	Supp_Motor_Area_L	Supp_Motor_Area_R	Olfactory_L	Olfactory_R	Frontal_Sup_Medial_L	Frontal_Sup_Medial_R	Frontal_Med_Orb_L	Frontal_Med_Orb_R	Rectus_L	Rectus_R	Insula_L	Insula_R	Cingulum_Ant_L	Cingulum_Ant_R	Cingulum_Mid_L	Cingulum_Mid_R	Cingulum_Post_L	Cingulum_Post_R	Hippocampus_L	Hippocampus_R	ParaHippocampal_L	ParaHippocampal_R	Amygdala_L	Amygdala_R	Calcarine_L	Calcarine_R	Cuneus_L	Cuneus_R	Lingual_L	Lingual_R	Occipital_Sup_L	Occipital_Sup_R	Occipital_Mid_L	Occipital_Mid_R	Occipital_Inf_L	Occipital_Inf_R	Fusiform_L	Fusiform_R	Postcentral_L	Postcentral_R	Parietal_Sup_L	Parietal_Sup_R	Parietal_Inf_L	Parietal_Inf_R	SupraMarginal_L	SupraMarginal_R	Angular_L	Angular_R	Precuneus_L	Precuneus_R	Paracentral_Lobule_L	Paracentral_Lobule_R	Caudate_L	Caudate_R	Putamen_L	Putamen_R	Pallidum_L	Pallidum_R	Thalamus_L	Thalamus_R	Heschl_L	Heschl_R	Temporal_Sup_L	Temporal_Sup_R	Temporal_Pole_Sup_L	Temporal_Pole_Sup_R	Temporal_Mid_L	Temporal_Mid_R	Temporal_Pole_Mid_L	Temporal_Pole_Mid_R	Temporal_Inf_L	Temporal_Inf_R	Cerebelum_Crus1_L	Cerebelum_Crus1_R	Cerebelum_Crus2_L	Cerebelum_Crus2_R	Cerebelum_3_L	Cerebelum_3_R	Cerebelum_4_5_L	Cerebelum_4_5_R	Cerebelum_6_L	Cerebelum_6_R	Cerebelum_7b_L	Cerebelum_7b_R	Cerebelum_8_L	Cerebelum_8_R	Cerebelum_9_L	Cerebelum_9_R	Cerebelum_10_L	Cerebelum_10_R	Vermis_1_2	Vermis_3	Vermis_4_5	Vermis_6	Vermis_7	Vermis_8	Vermis_9	Vermis_10	
523056	Precentral_L	0	4846	42506	7090	98	0	46512	1656	0	0	13500	298	2752	688	0	0	12646	394	9226	7360	0	0	108	210	0	114	0	0	8932	1232	200	920	408	230	3900	1256	4476	1136	214	0	0	0	168	0	620	0	0	0	174	0	3970	0	1186	0	882	0	19404	0	254	0	2106	0	2740	0	2288	0	974	0	6938	0	8288	1410	9544	540	3632	114	13594	1318	1914	0	1380	0	0	0	3218	0	0	0	1964	0	0	0	0	0	0	0	0	0	0	0	0	0	0	0	0	0	0	0	0	0	0	0	0	0	0	0	
236460	Precentral_R	4846	0	2810	16278	0	0	2528	13330	0	0	0	3454	0	128	0	0	0	1072	2340	13444	0	0	0	0	0	0	0	0	0	1146	218	302	308	3514	630	3512	0	5086	0	442	0	0	0	318	0	288	0	270	0	0	0	84	0	1870	0	2122	94	12822	0	0	0	730	0	2046	0	0	142	3788	544	4156	2034	1304	428	2646	366	2176	0	1188	0	88	0	116	0	0	0	546	0	0	0	2676	0	0	0	0	0	0	0	0	0	0	0	0	0	0	0	0	0	0	0	0	0	0	0	0	0	0	
977844	Frontal_Sup_L	42506	2810	0	15500	10102	0	80294	2346	2824	0	10606	1888	25564	1948	5574	0	10456	1270	65872	16498	0	0	38752	3536	1046	98	116	0	31496	3124	14372	5346	6010	4916	594	630	4252	496	176	0	0	0	168	0	226	0	0	0	126	0	1602	0	292	0	694	0	6252	0	266	0	1482	0	1992	0	1974	0	354	0	1862	0	10652	2644	21830	4402	4416	296	8672	868	1742	0	1068	0	610	0	2152	0	0	0	1262	0	0	0	0	0	0	0	0	0	0	0	0	0	0	0	0	0	0	0	0	0	0	0	0	0	0	0	
830552	Frontal_Sup_R	7090	16278	15500	0	84	6958	4590	37574	0	0	368	9510	414	18492	0	4040	426	2626	15176	69206	0	0	7984	32910	0	4666	0	88	1518	12432	5894	34016	904	18528	204	872	174	5646	0	604	0	0	0	132	0	0	0	0	0	0	0	0	0	354	0	686	596	1002	0	0	82	0	0	0	0	0	0	522	3122	116	6570	29164	2302	12634	342	4710	256	16078	0	0	150	146	114	82	0	264	0	0	0	1080	0	0	0	0	0	0	0	0	0	0	0	0	0	0	0	0	0	0	0	0	0	0	0	0	0	0	
145504	Frontal_Sup_Orb_L	98	0	10102	84	0	0	2396	0	10552	0	568	0	5668	0	11160	0	188	0	1142	0	850	0	4576	274	1406	0	2324	0	11672	0	2176	206	90	0	0	0	0	0	92	0	0	0	0	0	0	0	0	0	0	0	0	0	0	0	0	0	0	0	0	0	0	0	0	0	0	0	0	0	0	0	346	0	6568	0	0	0	0	0	0	0	0	0	214	0	0	0	0	0	0	0	0	0	0	0	0	0	0	0	0	0	0	0	0	0	0	0	0	0	0	0	0	0	0	0	0	0	
116780	Frontal_Sup_Orb_R	0	0	0	6958	0	0	0	1028	0	3044	0	396	0	3262	0	5890	0	0	0	1130	0	968	120	5700	0	8432	0	5534	0	2622	0	4842	0	924	0	0	0	0	0	0	0	0	0	0	0	0	0	0	0	0	0	0	0	0	0	0	0	0	0	0	0	0	0	0	0	0	0	0	0	0	90	3086	0	4364	0	0	0	0	0	0	0	0	0	0	0	0	0	0	0	0	0	0	0	0	0	0	0	0	0	0	0	0	0	0	0	0	0	0	0	0	0	0	0	0	0	0	
616060	Frontal_Mid_L	46512	2528	80294	4590	2396	0	0	2166	1842	0	12824	482	28996	674	3700	0	5112	380	6342	3184	0	0	13116	640	0	0	0	0	23928	1100	2610	1438	2634	1258	776	972	4080	970	216	0	0	0	188	0	254	0	0	0	118	0	1930	0	446	0	542	0	3478	0	256	0	1418	0	2156	0	2026	0	364	0	160	0	6608	920	9572	602	3028	152	8350	1046	2992	0	530	0	536	0	2938	0	0	0	1660	0	0	0	0	0	0	0	0	0	0	0	0	0	0	0	0	0	0	0	0	0	0	0	0	0	0	0	
278936	Frontal_Mid_R	1656	13330	2346	37574	0	1028	2166	0	0	612	434	9244	136	20966	0	2718	0	1432	2220	3138	0	0	498	1878	0	0	0	0	918	3868	1640	3206	90	1042	0	104	94	2940	0	418	0	0	0	0	0	0	0	0	0	0	0	0	0	202	0	466	102	348	0	0	0	0	0	0	0	0	0	136	0	0	3980	3004	714	6368	266	4168	106	2702	0	0	0	142	0	0	0	232	0	0	0	836	0	0	0	0	0	0	0	0	0	0	0	0	0	0	0	0	0	0	0	0	0	0	0	0	0	0	
69508	Frontal_Mid_Orb_L	0	0	2824	0	10552	0	1842	0	0	0	0	0	3208	0	11686	0	0	0	0	0	0	0	174	0	0	0	648	0	2566	0	0	0	0	0	0	0	0	0	0	0	0	0	0	0	0	0	0	0	0	0	0	0	0	0	0	0	0	0	0	0	0	0	0	0	0	0	0	0	0	0	0	0	1254	0	0	0	0	0	0	0	0	0	0	0	0	0	0	0	0	0	0	0	0	0	0	0	0	0	0	0	0	0	0	0	0	0	0	0	0	0	0	0	0	0	0	0	
19292	Frontal_Mid_Orb_R	0	0	0	0	0	3044	0	612	0	0	0	0	0	188	0	5482	0	0	0	0	0	0	0	0	0	0	0	0	0	204	0	0	0	0	0	0	0	0	0	0	0	0	0	0	0	0	0	0	0	0	0	0	0	0	0	0	0	0	0	0	0	0	0	0	0	0	0	0	0	0	0	0	0	116	0	0	0	0	0	0	0	0	0	0	0	0	0	0	0	0	0	0	0	0	0	0	0	0	0	0	0	0	0	0	0	0	0	0	0	0	0	0	0	0	0	0	
219008	Frontal_Inf_Oper_L	13500	0	10606	368	568	0	12824	434	0	0	0	1754	13320	1932	0	0	11080	364	4700	330	0	0	358	268	0	142	0	0	18916	2048	1568	1408	0	0	0	0	1142	0	0	0	0	0	0	0	0	0	0	0	0	0	0	0	0	0	0	0	1964	0	0	0	0	0	0	0	0	0	0	0	0	0	3240	1270	2236	776	120	0	208	0	1166	0	608	0	286	0	0	0	0	0	0	0	0	0	0	0	0	0	0	0	0	0	0	0	0	0	0	0	0	0	0	0	0	0	0	0	0	0	
303240	Frontal_Inf_Oper_R	298	3454	1888	9510	0	396	482	9244	0	0	1754	0	1392	28382	0	820	496	5154	2160	5834	0	0	1194	6870	0	408	0	0	3520	27368	1866	7544	140	3446	0	0	0	1206	0	354	0	0	0	0	0	0	0	0	0	0	0	0	0	114	0	418	0	1114	0	0	0	0	0	0	0	0	0	0	0	0	6042	6660	2588	6346	0	1088	242	366	0	82	0	180	0	216	0	214	0	0	0	770	0	0	0	0	0	0	0	0	0	0	0	0	0	0	0	0	0	0	0	0	0	0	0	0	0	0	
314800	Frontal_Inf_Tri_L	2752	0	25564	414	5668	0	28996	136	3208	0	13320	1392	0	1406	10092	0	1542	0	5450	402	0	0	4544	188	0	0	0	0	35938	1438	3426	714	1734	90	0	0	644	0	0	0	0	0	0	0	0	0	0	0	0	0	224	0	128	0	148	0	498	0	0	0	0	0	0	0	0	0	0	0	0	0	1814	820	2304	346	0	0	278	0	658	0	152	0	264	0	434	0	0	0	274	0	0	0	0	0	0	0	0	0	0	0	0	0	0	0	0	0	0	0	0	0	0	0	0	0	0	0	
419780	Frontal_Inf_Tri_R	688	128	1948	18492	0	3262	674	20966	0	188	1932	28382	1406	0	0	7182	794	950	2084	7370	0	0	2074	13642	0	2764	0	82	3706	35524	2020	18238	166	6356	0	0	0	274	0	116	0	0	0	0	0	0	0	0	0	0	0	0	0	0	0	0	0	0	0	0	0	0	0	0	0	0	0	0	0	0	5860	12024	2466	6914	0	810	212	196	0	0	0	0	0	0	0	0	0	0	0	0	0	0	0	0	0	0	0	0	0	0	0	0	0	0	0	0	0	0	0	0	0	0	0	0	0	0	
113556	Frontal_Inf_Orb_L	0	0	5574	0	11160	0	3700	0	11686	0	0	0	10092	0	0	0	0	0	362	0	620	0	1022	0	0	0	434	0	8114	0	290	0	536	0	0	0	0	0	0	0	0	0	0	0	0	0	0	0	0	0	0	0	0	0	0	0	0	0	0	0	0	0	0	0	0	0	0	0	0	0	130	0	1964	0	0	0	0	0	0	0	0	0	1094	0	0	0	0	0	0	0	0	0	0	0	0	0	0	0	0	0	0	0	0	0	0	0	0	0	0	0	0	0	0	0	0	0	
90856	Frontal_Inf_Orb_R	0	0	0	4040	0	5890	0	2718	0	5482	0	820	0	7182	0	0	0	0	0	288	0	708	162	1900	0	608	0	514	0	8558	0	2440	0	960	0	0	0	0	0	152	0	0	0	0	0	0	0	0	0	0	0	0	0	0	0	0	0	0	0	0	0	0	0	0	0	0	0	0	0	0	0	998	0	1280	0	0	0	0	0	0	0	324	0	404	0	0	0	0	0	0	0	0	0	0	0	0	0	0	0	0	0	0	0	0	0	0	0	0	0	0	0	0	0	0	0	0	
220556	Rolandic_Oper_L	12646	0	10456	426	188	0	5112	0	0	0	11080	496	1542	794	0	0	0	386	5652	440	0	0	0	254	0	156	0	0	18848	1156	204	858	0	0	0	0	2202	0	0	0	0	0	0	0	0	0	0	0	0	0	164	0	94	0	430	0	10264	0	0	0	966	0	4156	0	496	0	0	0	274	0	2876	798	3964	386	122	0	374	0	3852	0	6918	0	452	0	384	0	0	0	412	0	0	0	0	0	0	0	0	0	0	0	0	0	0	0	0	0	0	0	0	0	0	0	0	0	0	0	
155356	Rolandic_Oper_R	394	1072	1270	2626	0	0	380	1432	0	0	364	5154	0	950	0	0	386	0	766	2208	0	0	0	124	0	0	0	0	624	20342	1416	1912	0	206	274	274	286	1788	0	298	0	0	0	0	0	0	0	0	0	0	0	0	0	978	0	1528	0	4936	0	0	0	0	0	3678	0	0	0	172	0	0	1156	946	292	7050	0	344	306	1020	0	3798	0	2896	0	592	0	1210	0	0	0	2230	0	0	0	0	0	0	0	0	0	0	0	0	0	0	0	0	0	0	0	0	0	0	0	0	0	0	
564516	Supp_Motor_Area_L	9226	2340	65872	15176	1142	0	6342	2220	0	0	4700	2160	5450	2084	362	0	5652	766	0	37610	0	0	3452	974	0	0	0	0	13948	2776	7850	4476	9100	14700	388	0	2070	132	0	0	0	0	104	0	280	0	0	0	186	0	660	0	310	0	482	0	3402	0	0	0	258	0	0	0	0	0	282	0	10056	0	9696	2642	16312	3602	3916	252	5566	204	884	0	954	0	490	0	422	0	0	0	330	0	0	0	0	0	0	0	0	0	0	0	0	0	0	0	0	0	0	0	0	0	0	0	0	0	0	0	
731304	Supp_Motor_Area_R	7360	13444	16498	69206	0	1130	3184	3138	0	0	330	5834	402	7370	0	288	440	2208	37610	0	0	0	992	9162	0	1206	0	0	1590	7384	4760	21252	3460	39548	818	7380	0	3146	0	274	0	0	0	1444	0	1590	0	120	216	518	0	220	0	764	0	470	666	2444	0	0	138	272	0	500	0	288	156	7530	5138	12070	3928	28860	2106	6646	188	1568	152	16270	98	0	144	164	116	0	0	588	0	0	0	866	0	0	0	0	0	0	0	0	0	0	0	0	0	0	0	0	0	0	0	0	0	0	0	0	0	0	
70332	Olfactory_L	0	0	0	0	850	0	0	0	0	0	0	0	0	0	620	0	0	0	0	0	0	6162	92	0	1224	590	3384	2062	1560	0	3742	3138	0	0	0	0	0	0	542	0	504	0	0	0	0	0	0	0	0	0	0	0	0	0	0	0	0	0	0	0	0	0	0	0	0	0	0	0	0	0	7174	2578	530	0	0	0	0	0	0	0	0	0	414	0	0	0	0	0	0	0	0	0	0	0	0	0	0	0	0	0	0	0	0	0	0	0	0	0	0	0	0	0	0	0	0	0	
69840	Olfactory_R	0	0	0	0	0	968	0	0	0	0	0	0	0	0	0	708	0	0	0	0	6162	0	0	0	858	1124	2614	3402	0	2346	2940	3192	0	0	0	0	0	130	0	246	0	784	0	0	0	0	0	0	0	0	0	0	0	0	0	0	0	0	0	0	0	0	0	0	0	0	0	0	0	0	6236	2666	444	100	0	0	0	0	0	0	0	0	0	0	0	0	0	0	0	0	0	0	0	0	0	0	0	0	0	0	0	0	0	0	0	0	0	0	0	0	0	0	0	0	0	0	
288272	Frontal_Sup_Medial_L	108	0	38752	7984	4576	120	13116	498	174	0	358	1194	4544	2074	1022	162	0	0	3452	992	92	0	0	15702	1496	650	452	0	4446	2016	13124	11146	4074	8506	0	0	258	0	0	0	0	0	0	0	0	0	0	0	0	0	0	0	0	0	0	0	0	0	0	0	0	0	0	0	0	0	0	0	0	0	314	430	1612	476	0	0	216	0	0	0	0	0	0	0	0	0	0	0	0	0	0	0	0	0	0	0	0	0	0	0	0	0	0	0	0	0	0	0	0	0	0	0	0	0	0	0	
367924	Frontal_Sup_Medial_R	210	0	3536	32910	274	5700	640	1878	0	0	268	6870	188	13642	0	1900	254	124	974	9162	0	0	15702	0	202	8606	0	178	622	12732	3604	30840	294	16446	0	0	0	0	0	0	0	0	0	0	0	0	0	0	0	0	0	0	0	0	0	0	0	0	0	0	0	0	0	0	0	0	0	0	0	0	1040	8768	308	5628	0	114	0	348	0	0	0	0	0	0	0	0	0	0	0	0	0	0	0	0	0	0	0	0	0	0	0	0	0	0	0	0	0	0	0	0	0	0	0	0	0	0	
29988	Frontal_Med_Orb_L	0	0	1046	0	1406	0	0	0	0	0	0	0	0	0	0	0	0	0	0	0	1224	858	1496	202	0	408	2462	654	0	0	3168	416	0	0	0	0	0	0	0	0	0	0	0	0	0	0	0	0	0	0	0	0	0	0	0	0	0	0	0	0	0	0	0	0	0	0	0	0	0	0	1222	162	270	0	0	0	0	0	0	0	0	0	0	0	0	0	0	0	0	0	0	0	0	0	0	0	0	0	0	0	0	0	0	0	0	0	0	0	0	0	0	0	0	0	0	0	
121588	Frontal_Med_Orb_R	114	0	98	4666	0	8432	0	0	0	0	142	408	0	2764	0	608	156	0	0	1206	590	1124	650	8606	408	0	428	4630	244	2040	996	8590	0	358	0	0	0	0	0	0	0	0	0	0	0	0	0	0	0	0	0	0	0	0	0	0	0	0	0	0	0	0	0	0	0	0	0	0	0	0	838	6366	0	6332	0	0	0	0	0	0	0	0	0	0	0	0	0	0	0	0	0	0	0	0	0	0	0	0	0	0	0	0	0	0	0	0	0	0	0	0	0	0	0	0	0	0	
44584	Rectus_L	0	0	116	0	2324	0	0	0	648	0	0	0	0	0	434	0	0	0	0	0	3384	2614	452	0	2462	428	0	1346	190	0	2930	1024	0	0	0	0	0	0	0	0	0	0	0	0	0	0	0	0	0	0	0	0	0	0	0	0	0	0	0	0	0	0	0	0	0	0	0	0	0	0	3058	528	354	0	0	0	0	0	0	0	0	0	0	0	0	0	0	0	0	0	0	0	0	0	0	0	0	0	0	0	0	0	0	0	0	0	0	0	0	0	0	0	0	0	0	0	
52720	Rectus_R	0	0	0	88	0	5534	0	0	0	0	0	0	0	82	0	514	0	0	0	0	2062	3402	0	178	654	4630	1346	0	0	544	1188	2224	0	0	0	0	0	0	0	0	0	0	0	0	0	0	0	0	0	0	0	0	0	0	0	0	0	0	0	0	0	0	0	0	0	0	0	0	0	0	2026	1036	332	520	0	0	0	0	0	0	0	0	0	0	0	0	0	0	0	0	0	0	0	0	0	0	0	0	0	0	0	0	0	0	0	0	0	0	0	0	0	0	0	0	0	0	
597084	Insula_L	8932	0	31496	1518	11672	0	23928	918	2566	0	18916	3520	35938	3706	8114	0	18848	624	13948	1590	1560	0	4446	622	0	244	190	0	0	3658	5750	2256	734	220	212	252	12012	126	2018	0	1446	0	0	0	82	0	0	142	0	0	2440	0	1170	0	4642	0	3124	0	0	0	394	0	946	0	128	0	156	0	94	0	8546	2382	18704	1780	522	120	2232	240	7858	0	5874	0	5182	0	4884	0	116	0	4416	0	138	0	0	0	0	0	132	0	118	0	0	0	0	0	0	0	0	0	0	0	0	0	0	0	0	0	
567104	Insula_R	1232	1146	3124	12432	0	2622	1100	3868	0	204	2048	27368	1438	35524	0	8558	1156	20342	2776	7384	0	2346	2016	12732	0	2040	0	544	3658	0	2796	18534	152	5816	468	472	538	9874	0	2562	0	1578	0	84	0	0	0	84	0	0	0	82	0	1124	0	5424	0	1266	0	0	0	0	0	456	0	0	0	186	0	0	6800	13074	2786	25498	0	682	684	1836	0	5576	0	8572	0	1406	0	3266	0	0	0	5906	0	98	0	0	0	0	0	120	0	94	0	0	0	0	0	0	0	0	0	0	0	0	0	0	0	0	
288256	Cingulum_Ant_L	200	218	14372	5894	2176	0	2610	1640	0	0	1568	1866	3426	2020	290	0	204	1416	7850	4760	3742	2940	13124	3604	3168	996	2930	1188	5750	2796	0	23362	3040	4820	0	0	236	178	0	0	0	0	0	0	0	0	0	0	0	0	0	0	0	0	0	0	0	0	0	0	0	0	0	0	0	0	0	0	0	0	6142	4620	6326	3646	0	280	340	260	0	0	0	0	0	130	0	0	0	0	0	0	0	0	0	0	0	0	0	0	0	0	0	0	0	0	0	0	0	0	0	0	0	0	0	0	0	0	
577632	Cingulum_Ant_R	920	302	5346	34016	206	4842	1438	3206	0	0	1408	7544	714	18238	0	2440	858	1912	4476	21252	3138	3192	11146	30840	416	8590	1024	2224	2256	18534	23362	0	1364	22244	0	0	86	376	0	146	0	0	0	0	0	0	0	0	0	0	0	0	0	0	0	0	138	0	0	0	0	0	0	0	0	0	0	0	0	0	6350	27114	1256	14364	0	386	0	1000	0	0	0	0	0	152	0	0	0	0	0	0	0	0	0	0	0	0	0	0	0	0	0	0	0	0	0	0	0	0	0	0	0	0	0	0	0	0	
125636	Cingulum_Mid_L	408	308	6010	904	90	0	2634	90	0	0	0	140	1734	166	536	0	0	0	9100	3460	0	0	4074	294	0	0	0	0	734	152	3040	1364	0	7702	1846	252	0	0	0	0	0	0	0	0	250	682	0	0	2482	336	1564	0	456	0	0	0	0	0	406	0	0	0	0	0	0	134	3934	2002	4534	290	112	0	126	210	0	0	0	0	0	0	0	0	0	0	0	262	0	0	0	0	0	0	0	0	0	0	0	0	0	0	0	0	0	0	0	0	0	0	0	0	0	0	0	0	0	0	
461620	Cingulum_Mid_R	230	3514	4916	18528	0	924	1258	1042	0	0	0	3446	90	6356	0	960	0	206	14700	39548	0	0	8506	16446	0	358	0	0	220	5816	4820	22244	7702	0	722	4096	0	0	0	116	0	0	0	2072	0	6476	0	260	446	3886	218	1042	0	994	0	630	0	2190	0	250	0	356	0	940	0	1876	1764	23972	2372	5764	242	494	100	504	0	0	0	0	0	0	0	140	0	0	0	4764	0	0	0	2294	0	0	0	0	0	0	0	0	0	0	0	0	0	0	0	0	0	0	0	0	0	0	0	0	0	0	
141600	Cingulum_Post_L	3900	630	594	204	0	0	776	0	0	0	0	0	0	0	0	0	0	274	388	818	0	0	0	0	0	0	0	0	212	468	0	0	1846	722	0	9844	6788	4020	3512	2444	0	0	4206	92	1154	1126	2348	362	558	0	466	0	288	110	1658	2068	152	0	102	0	0	0	150	0	148	0	7932	3878	1812	108	0	0	280	0	0	0	1980	1118	0	0	0	0	0	0	112	0	0	0	264	0	0	0	0	0	0	0	570	0	0	0	0	0	0	0	0	0	0	0	0	0	318	0	0	0	0	0	
153708	Cingulum_Post_R	1256	3512	630	872	0	0	972	104	0	0	0	0	0	0	0	0	0	274	0	7380	0	0	0	0	0	0	0	0	252	472	0	0	252	4096	9844	0	5234	6786	1716	3454	0	0	0	388	206	1174	88	3092	0	0	0	0	0	942	224	3408	0	102	0	0	0	0	0	0	0	0	1094	8820	498	3432	0	0	320	0	0	0	3026	1866	0	0	0	0	0	0	0	0	0	0	162	280	0	0	0	0	0	0	0	0	0	0	0	0	0	0	0	0	0	0	0	0	626	0	0	0	0	0	
253836	Hippocampus_L	4476	0	4252	174	0	0	4080	94	0	0	1142	0	644	0	0	0	2202	286	2070	0	0	0	258	0	0	0	0	0	12012	538	236	86	0	0	6788	5234	0	4114	11968	2138	5152	0	1938	0	0	0	3012	288	0	0	270	0	300	102	16960	1698	596	0	0	0	132	0	0	0	0	0	2696	750	0	0	608	0	6028	100	142	0	4888	1732	2148	0	1960	0	992	0	868	0	0	0	8898	0	248	0	0	0	0	0	1036	0	338	0	0	0	0	0	0	0	0	0	0	0	246	0	0	0	0	0	
377532	Hippocampus_R	1136	5086	496	5646	0	0	970	2940	0	0	0	1206	0	274	0	0	0	1788	132	3146	0	130	0	0	0	0	0	0	126	9874	178	376	0	0	4020	6786	4114	0	1216	32032	0	12912	0	116	0	0	0	1586	0	0	0	0	0	560	0	34320	0	784	0	0	0	0	0	0	0	0	0	2450	0	0	284	382	88	11154	0	1366	2820	8404	0	880	0	1860	0	818	0	1496	0	0	118	10992	0	3118	0	1316	0	176	0	3356	0	2774	0	0	0	1256	0	222	0	0	0	0	206	106	550	300	324	0	
102452	ParaHippocampal_L	214	0	176	0	92	0	216	0	0	0	0	0	0	0	0	0	0	0	0	0	542	0	0	0	0	0	0	0	2018	0	0	0	0	0	3512	1716	11968	1216	0	1042	1696	0	1878	0	0	0	3800	174	0	0	486	0	776	0	8560	962	0	0	0	0	0	0	0	0	0	0	2510	612	0	0	206	0	950	0	0	0	192	0	0	0	154	0	920	0	192	0	238	0	1234	0	358	0	0	0	96	0	1616	0	590	0	0	0	0	0	0	0	106	0	0	0	208	0	0	0	0	0	
276312	ParaHippocampal_R	0	442	0	604	0	0	0	418	0	0	0	354	0	116	0	152	0	298	0	274	0	246	0	0	0	0	0	0	0	2562	0	146	0	116	2444	3454	2138	32032	1042	0	0	12068	0	684	0	0	0	4958	0	0	0	0	0	2530	0	31240	0	96	0	0	0	0	0	0	0	0	0	3682	0	0	0	128	0	5462	0	852	564	2586	0	242	0	286	0	2846	0	274	0	650	86	2532	0	4122	0	1598	0	310	0	5606	0	3722	0	0	0	1476	0	428	0	0	0	0	274	164	790	508	554	0	
27656	Amygdala_L	0	0	0	0	0	0	0	0	0	0	0	0	0	0	0	0	0	0	0	0	504	0	0	0	0	0	0	0	1446	0	0	0	0	0	0	0	5152	0	1696	0	0	0	0	0	0	0	0	0	0	0	0	0	0	0	3506	0	0	0	0	0	0	0	0	0	0	0	0	0	0	0	0	0	120	0	0	0	182	0	0	0	0	0	726	0	0	0	0	0	496	0	0	0	0	0	0	0	0	0	0	0	0	0	0	0	0	0	0	0	0	0	0	0	0	0	0	0	
105516	Amygdala_R	0	0	0	0	0	0	0	0	0	0	0	0	0	0	0	0	0	0	0	0	0	784	0	0	0	0	0	0	0	1578	0	0	0	0	0	0	0	12912	0	12068	0	0	0	0	0	0	0	0	0	0	0	0	0	0	0	10418	0	0	0	0	0	0	0	0	0	0	0	0	0	0	0	0	0	1254	0	0	0	0	0	0	0	0	0	3072	0	0	0	142	0	1072	0	2018	0	1208	0	0	0	2438	0	1336	0	0	0	1178	0	180	0	0	0	0	0	106	484	244	266	0	
296800	Calcarine_L	168	0	168	0	0	0	188	0	0	0	0	0	0	0	0	0	0	0	104	0	0	0	0	0	0	0	0	0	0	0	0	0	0	0	4206	0	1938	0	1878	0	0	0	0	15278	16338	8236	16108	3754	11878	3802	25352	1002	6566	1046	4720	1602	198	0	0	0	0	0	186	0	192	0	16652	1536	730	0	0	0	0	0	0	0	0	0	0	0	0	0	0	0	2712	0	0	0	866	282	0	0	0	0	0	0	430	0	164	0	0	0	0	0	0	0	0	0	0	0	0	120	0	0	0	0	
340724	Calcarine_R	0	318	0	132	0	0	0	0	0	0	0	0	0	0	0	0	0	0	0	1444	0	0	0	0	0	0	0	0	0	84	0	0	0	2072	92	388	0	116	0	684	0	0	15278	0	7250	27148	4096	20240	496	21374	134	9842	0	16056	0	9418	0	702	0	0	0	94	0	120	0	456	1320	16760	296	1656	0	0	0	0	0	0	0	0	0	0	0	120	0	0	0	3012	0	0	0	7410	0	114	0	0	0	0	0	0	0	278	0	0	0	0	0	0	0	0	0	0	142	1220	0	0	0	0	
199668	Cuneus_L	620	0	226	0	0	0	254	0	0	0	0	0	0	0	0	0	0	0	280	0	0	0	0	0	0	0	0	0	82	0	0	0	250	0	1154	206	0	0	0	0	0	0	16338	7250	0	9652	790	552	18686	1952	10220	638	1450	318	246	466	640	0	564	0	296	0	650	0	658	0	16678	3600	2906	0	0	0	0	0	0	0	0	0	0	0	0	0	0	0	1482	0	0	0	634	96	0	0	0	0	0	0	0	0	0	0	0	0	0	0	0	0	0	0	0	0	0	0	0	0	0	0	
288748	Cuneus_R	0	288	0	0	0	0	0	0	0	0	0	0	0	0	0	0	0	0	0	1590	0	0	0	0	0	0	0	0	0	0	0	0	682	6476	1126	1174	0	0	0	0	0	0	8236	27148	9652	0	1200	3994	1750	28228	852	7360	0	2534	0	1184	0	166	106	1610	0	0	0	0	0	1804	8360	23288	362	1270	0	0	0	0	0	0	0	0	0	0	0	0	0	0	0	2574	0	0	0	1112	0	0	0	0	0	0	0	0	0	0	0	0	0	0	0	0	0	0	0	0	0	248	0	0	0	0	
230688	Lingual_L	0	0	0	0	0	0	0	0	0	0	0	0	0	0	0	0	0	0	0	0	0	0	0	0	0	0	0	0	0	0	0	0	0	0	2348	88	3012	0	3800	0	0	0	16108	4096	790	1200	0	3832	4848	920	15018	218	4660	202	15116	198	0	0	0	0	0	0	0	0	0	0	8380	130	0	0	0	0	0	0	0	0	0	0	0	0	0	0	0	0	0	0	0	0	356	0	7726	284	410	0	352	0	6614	168	10346	362	0	0	294	0	0	0	0	0	0	0	1602	1866	0	0	0	0	
242564	Lingual_R	0	270	0	0	0	0	0	0	0	0	0	0	0	0	0	0	0	0	0	120	0	0	0	0	0	0	0	0	142	84	0	0	0	260	362	3092	288	1586	174	4958	0	0	3754	20240	552	3994	3832	0	0	5698	0	3614	0	7172	126	16822	0	84	0	0	0	0	0	0	0	0	246	8020	0	326	0	0	0	0	0	0	186	254	0	0	0	0	0	0	0	84	0	0	0	920	1414	6160	414	264	0	174	758	3750	2688	8240	0	0	94	0	576	0	112	0	0	0	3806	5242	330	0	0	0	
196288	Occipital_Sup_L	174	0	126	0	0	0	118	0	0	0	0	0	0	0	0	0	0	0	186	216	0	0	0	0	0	0	0	0	0	0	0	0	2482	446	558	0	0	0	0	0	0	0	11878	496	18686	1750	4848	0	0	250	30622	0	3516	0	346	0	304	0	5772	0	2722	0	0	0	86	0	9450	1862	1250	0	0	0	0	0	0	0	0	0	0	0	0	0	0	0	0	0	0	0	0	0	0	0	0	0	0	0	0	0	0	0	0	0	0	0	0	0	0	0	0	0	0	0	0	0	0	0	
215344	Occipital_Sup_R	0	0	0	0	0	0	0	0	0	0	0	0	0	0	0	0	0	0	0	518	0	0	0	0	0	0	0	0	0	0	0	0	336	3886	0	0	0	0	0	0	0	0	3802	21374	1952	28228	920	5698	250	0	116	14912	0	3228	0	1772	0	0	0	1820	0	208	0	184	0	3868	552	9974	0	444	0	0	0	0	0	0	0	0	0	0	0	0	0	0	0	2944	0	0	0	428	0	0	0	0	0	0	0	0	0	108	0	0	0	0	0	0	0	0	0	0	0	150	0	0	0	0	
424972	Occipital_Mid_L	3970	0	1602	0	0	0	1930	0	0	0	0	0	224	0	0	0	164	0	660	0	0	0	0	0	0	0	0	0	2440	0	0	0	1564	218	466	0	270	0	486	0	0	0	25352	134	10220	852	15018	0	30622	116	0	0	26326	0	7464	0	1950	0	5826	0	8538	0	4108	0	14794	0	13846	1144	2780	0	124	0	0	0	0	0	0	0	728	0	294	0	0	0	22602	0	0	0	5416	0	0	0	0	0	0	0	0	0	238	0	0	0	0	0	0	0	0	0	0	0	0	0	0	0	0	0	
191968	Occipital_Mid_R	0	84	0	0	0	0	0	0	0	0	0	0	0	0	0	0	0	0	0	220	0	0	0	0	0	0	0	0	0	82	0	0	0	1042	0	0	0	0	0	0	0	0	1002	9842	638	7360	218	3614	0	14912	0	0	0	7708	0	2306	0	208	0	3468	0	6646	0	3806	0	16098	96	3422	0	194	0	0	0	0	0	0	0	0	0	0	0	238	0	0	0	9868	0	0	0	2806	0	0	0	0	0	0	0	0	0	106	0	0	0	0	0	0	0	0	0	0	0	0	0	0	0	0	
149440	Occipital_Inf_L	1186	0	292	0	0	0	446	0	0	0	0	0	128	0	0	0	94	0	310	0	0	0	0	0	0	0	0	0	1170	0	0	0	456	0	288	0	300	0	776	0	0	0	6566	0	1450	0	4660	0	3516	0	26326	0	0	0	9842	0	94	0	172	0	0	0	0	0	146	0	4034	0	736	0	88	0	0	0	0	0	0	0	292	0	0	0	0	0	4228	0	0	0	6528	0	250	0	0	0	0	0	0	0	346	0	0	0	0	0	0	0	0	0	0	0	0	0	0	0	0	0	
185820	Occipital_Inf_R	0	1870	0	354	0	0	0	202	0	0	0	114	0	0	0	0	0	978	0	764	0	0	0	0	0	0	0	0	0	1124	0	0	0	994	110	942	102	560	0	2530	0	0	1046	16056	318	2534	202	7172	0	3228	0	7708	0	0	0	18150	0	492	0	0	0	0	0	88	0	402	0	7738	102	546	0	84	0	0	0	0	0	0	0	764	0	418	0	0	0	2264	0	0	0	12486	0	180	0	0	0	0	0	118	0	170	0	0	0	0	0	0	0	0	0	0	0	0	0	0	0	0	
339084	Fusiform_L	882	0	694	0	0	0	542	0	0	0	0	0	148	0	0	0	430	0	482	0	0	0	0	0	0	0	0	0	4642	0	0	0	0	0	1658	224	16960	0	8560	0	3506	0	4720	0	246	0	15116	126	346	0	7464	0	9842	0	0	0	0	0	0	0	0	0	0	0	0	0	3872	0	90	0	96	0	1526	0	96	0	276	0	1110	0	2262	0	2642	0	2870	0	1982	0	17150	0	20726	0	3118	0	234	0	8514	90	22756	0	354	0	1956	0	218	0	182	0	0	0	578	256	0	0	0	0	
514216	Fusiform_R	0	2122	0	686	0	0	0	466	0	0	0	418	0	0	0	0	0	1528	0	470	0	0	0	0	0	0	0	0	0	5424	0	0	0	630	2068	3408	1698	34320	962	31240	0	10418	1602	9418	466	1184	198	16822	0	1772	0	2306	0	18150	0	0	0	818	0	0	0	0	0	0	0	0	0	6330	0	240	0	112	0	4368	0	0	358	2592	0	1180	0	2692	0	6294	0	5036	0	2026	0	26206	218	16338	102	2082	0	430	0	9830	366	16522	0	116	0	1518	0	272	0	0	0	0	716	1154	660	364	392	0	
205168	Postcentral_L	19404	94	6252	596	0	0	3478	102	0	0	1964	0	498	0	0	0	10264	0	3402	666	0	0	0	0	0	0	0	0	3124	0	0	138	0	0	152	0	596	0	0	0	0	0	198	0	640	0	0	0	304	0	1950	0	94	0	0	0	0	0	4544	0	18790	0	8996	0	1484	0	2656	0	2442	0	1330	158	1758	0	858	0	250	0	2626	0	2540	0	0	0	116	0	0	0	120	0	0	0	0	0	0	0	0	0	0	0	0	0	0	0	0	0	0	0	0	0	0	0	0	0	0	0	
157660	Postcentral_R	0	12822	0	1002	0	0	0	348	0	0	0	1114	0	0	0	0	0	4936	0	2444	0	0	0	0	0	0	0	0	0	1266	0	0	0	2190	0	102	0	784	0	96	0	0	0	702	0	166	0	84	0	0	0	208	0	492	0	818	0	0	0	6860	0	8324	0	15940	0	1080	0	4954	82	6282	0	122	0	604	0	178	0	298	0	294	0	1526	0	0	0	962	0	0	0	1750	0	0	0	0	0	0	0	0	0	0	0	0	0	0	0	0	0	0	0	0	0	0	0	0	0	0	
82616	Parietal_Sup_L	254	0	266	0	0	0	256	0	0	0	0	0	0	0	0	0	0	0	0	0	0	0	0	0	0	0	0	0	0	0	0	0	406	0	102	0	0	0	0	0	0	0	0	0	564	106	0	0	5772	0	5826	0	172	0	0	0	4544	0	0	350	7616	0	0	0	318	0	11886	1242	1628	0	0	0	0	0	0	0	0	0	0	0	0	0	0	0	0	0	0	0	0	0	0	0	0	0	0	0	0	0	0	0	0	0	0	0	0	0	0	0	0	0	0	0	0	0	0	0	
108300	Parietal_Sup_R	0	0	0	0	0	0	0	0	0	0	0	0	0	0	0	0	0	0	0	0	0	0	0	0	0	0	0	0	0	0	0	0	0	250	0	0	0	0	0	0	0	0	0	0	0	1610	0	0	0	1820	0	3468	0	0	0	0	0	6860	350	0	0	9984	0	6086	0	5436	3822	12636	0	1550	0	0	0	0	0	0	0	0	0	0	0	82	0	0	0	196	0	0	0	0	0	0	0	0	0	0	0	0	0	0	0	0	0	0	0	0	0	0	0	0	0	0	0	0	0	0	
163096	Parietal_Inf_L	2106	0	1482	82	0	0	1418	0	0	0	0	0	0	0	0	0	966	0	258	138	0	0	0	0	0	0	0	0	394	0	0	0	0	0	0	0	132	0	0	0	0	0	0	0	296	0	0	0	2722	0	8538	0	0	0	0	0	18790	0	7616	0	0	0	15752	0	12600	0	974	0	2498	0	250	0	596	0	472	0	152	0	0	0	484	0	0	0	2466	0	0	0	366	0	0	0	0	0	0	0	0	0	0	0	0	0	0	0	0	0	0	0	0	0	0	0	0	0	0	0	
129276	Parietal_Inf_R	0	730	0	0	0	0	0	0	0	0	0	0	0	0	0	0	0	0	0	272	0	0	0	0	0	0	0	0	0	0	0	0	0	356	0	0	0	0	0	0	0	0	0	94	0	0	0	0	0	208	0	6646	0	0	0	0	0	8324	0	9984	0	0	0	18676	0	11864	0	694	0	986	0	0	0	0	0	0	0	0	0	0	0	798	0	0	0	3570	0	0	0	1436	0	0	0	0	0	0	0	0	0	0	0	0	0	0	0	0	0	0	0	0	0	0	0	0	0	0	
169276	SupraMarginal_L	2740	0	1992	0	0	0	2156	0	0	0	0	0	0	0	0	0	4156	0	0	0	0	0	0	0	0	0	0	0	946	0	0	0	0	0	150	0	0	0	0	0	0	0	186	0	650	0	0	0	0	0	4108	0	0	0	0	0	8996	0	0	0	15752	0	0	0	16578	0	646	0	1194	0	108	0	0	0	0	0	0	0	0	0	6340	0	0	0	13724	0	0	0	4216	0	0	0	0	0	0	0	0	0	0	0	0	0	0	0	0	0	0	0	0	0	0	0	0	0	0	0	
159176	SupraMarginal_R	0	2046	0	0	0	0	0	0	0	0	0	0	0	0	0	0	0	3678	0	500	0	0	0	0	0	0	0	0	0	456	0	0	0	940	0	0	0	0	0	0	0	0	0	120	0	0	0	0	0	184	0	3806	0	88	0	0	0	15940	0	6086	0	18676	0	0	0	8596	0	1162	0	530	0	0	0	0	0	0	0	0	0	1172	0	5918	0	0	0	6640	0	0	0	3050	0	0	0	0	0	0	0	0	0	0	0	0	0	0	0	0	0	0	0	0	0	0	0	0	0	0	
139068	Angular_L	2288	0	1974	0	0	0	2026	0	0	0	0	0	0	0	0	0	496	0	0	0	0	0	0	0	0	0	0	0	128	0	0	0	0	0	148	0	0	0	0	0	0	0	192	0	658	0	0	0	86	0	14794	0	146	0	0	0	1484	0	318	0	12600	0	16578	0	0	0	650	0	1302	0	0	0	0	0	0	0	0	0	0	0	1766	0	0	0	9382	0	0	0	2518	0	0	0	0	0	0	0	0	0	0	0	0	0	0	0	0	0	0	0	0	0	0	0	0	0	0	0	
125168	Angular_R	0	0	0	0	0	0	0	0	0	0	0	0	0	0	0	0	0	0	0	288	0	0	0	0	0	0	0	0	0	0	0	0	134	1876	0	0	0	0	0	0	0	0	0	456	0	1804	0	0	0	3868	0	16098	0	402	0	0	0	1080	0	5436	0	11864	0	8596	0	0	0	2710	0	468	0	0	0	0	0	0	0	0	0	0	0	1548	0	0	0	5288	0	0	0	668	0	0	0	0	0	0	0	0	0	0	0	0	0	0	0	0	0	0	0	0	0	0	0	0	0	0	
308580	Precuneus_L	974	142	354	0	0	0	364	0	0	0	0	0	0	0	0	0	0	0	282	156	0	0	0	0	0	0	0	0	156	0	0	0	3934	1764	7932	1094	2696	0	2510	0	0	0	16652	1320	16678	8360	8380	246	9450	552	13846	96	4034	0	3872	0	2656	0	11886	3822	974	0	646	0	650	0	0	18136	5192	114	0	0	0	0	0	0	0	0	98	0	0	0	0	0	2186	0	0	0	1446	0	0	0	0	0	0	0	480	0	0	0	0	0	0	0	0	0	0	0	0	0	160	0	0	0	0	0	
418600	Precuneus_R	0	3788	0	522	0	0	0	136	0	0	0	0	0	0	0	0	0	172	0	7530	0	0	0	0	0	0	0	0	0	186	0	0	2002	23972	3878	8820	750	2450	612	3682	0	0	1536	16760	3600	23288	130	8020	1862	9974	1144	3422	0	7738	0	6330	0	4954	1242	12636	0	694	0	1162	0	2710	18136	0	1200	9286	0	0	0	0	0	0	0	0	0	0	0	250	0	0	0	6784	0	0	0	6818	0	0	0	0	0	0	0	260	0	0	0	0	0	0	0	0	0	0	0	0	864	0	0	0	0	0	
129948	Paracentral_Lobule_L	6938	544	1862	3122	0	0	160	0	0	0	0	0	0	0	0	0	274	0	10056	5138	0	0	0	0	0	0	0	0	94	0	0	0	4534	2372	1812	498	0	0	0	0	0	0	730	296	2906	362	0	0	1250	0	2780	0	736	102	90	0	2442	82	1628	0	2498	0	1194	0	1302	0	5192	1200	0	1840	0	0	0	0	0	0	0	0	0	0	234	0	0	0	404	0	0	0	302	0	0	0	0	0	0	0	0	0	0	0	0	0	0	0	0	0	0	0	0	0	0	0	0	0	0	0	
105212	Paracentral_Lobule_R	0	4156	0	116	0	0	0	0	0	0	0	0	0	0	0	0	0	0	0	12070	0	0	0	0	0	0	0	0	0	0	0	0	290	5764	108	3432	0	0	0	0	0	0	0	1656	0	1270	0	326	0	444	0	194	0	546	0	240	0	6282	0	1550	0	986	0	530	0	468	114	9286	1840	0	0	0	0	0	0	0	0	0	0	0	0	138	0	0	0	330	0	0	0	470	0	0	0	0	0	0	0	0	0	0	0	0	0	0	0	0	0	0	0	0	0	0	0	0	0	0	
327380	Caudate_L	8288	2034	10652	6570	346	90	6608	3980	0	0	3240	6042	1814	5860	130	0	2876	1156	9696	3928	7174	6236	314	1040	1222	838	3058	2026	8546	6800	6142	6350	112	242	0	0	608	284	206	0	0	0	0	0	0	0	0	0	0	0	124	0	88	0	96	0	1330	0	0	0	250	0	108	0	0	0	0	0	0	0	0	9542	15006	2264	2890	206	5786	192	96	0	384	0	266	84	284	0	0	0	186	0	0	0	0	0	0	0	0	0	0	0	0	0	0	0	0	0	0	0	0	0	0	0	0	0	0	0	
448888	Caudate_R	1410	1304	2644	29164	0	3086	920	3004	0	0	1270	6660	820	12024	0	998	798	946	2642	28860	2578	2666	430	8768	162	6366	528	1036	2382	13074	4620	27114	0	494	0	0	0	382	0	128	0	0	0	0	0	0	0	0	0	0	0	0	0	84	0	112	158	122	0	0	0	0	0	0	0	0	0	0	0	0	9542	0	3062	21230	0	4126	224	18348	0	0	0	0	0	0	0	0	0	0	0	158	0	0	0	0	0	0	0	0	0	0	0	0	0	0	0	0	0	0	0	0	0	0	0	0	0	0	
335076	Putamen_L	9544	428	21830	2302	6568	0	9572	714	1254	0	2236	2588	2304	2466	1964	0	3964	292	16312	2106	530	444	1612	308	270	0	354	332	18704	2786	6326	1256	126	100	280	320	6028	88	950	0	120	0	0	0	0	0	0	0	0	0	0	0	0	0	1526	0	1758	0	0	0	596	0	0	0	0	0	0	0	0	0	15006	3062	0	1080	9132	0	3040	90	552	0	912	0	2602	0	178	0	0	0	626	0	0	0	0	0	0	0	0	0	0	0	0	0	0	0	0	0	0	0	0	0	0	0	0	0	0	0	
381420	Putamen_R	540	2646	4402	12634	0	4364	602	6368	0	116	776	6346	346	6914	0	1280	386	7050	3602	6646	0	100	476	5628	0	6332	0	520	1780	25498	3646	14364	210	504	0	0	100	11154	0	5462	0	1254	0	0	0	0	0	0	0	0	0	0	0	0	0	4368	0	604	0	0	0	0	0	0	0	0	0	0	0	0	2264	21230	1080	0	0	8570	106	5948	0	238	0	946	0	132	0	222	0	0	0	902	0	676	0	0	0	0	0	458	0	920	0	0	0	0	0	0	0	0	0	0	0	0	0	0	0	0	
65304	Pallidum_L	3632	366	4416	342	0	0	3028	266	0	0	120	0	0	0	0	0	122	0	3916	188	0	0	0	0	0	0	0	0	522	0	0	0	0	0	0	0	142	0	0	0	0	0	0	0	0	0	0	0	0	0	0	0	0	0	96	0	858	0	0	0	472	0	0	0	0	0	0	0	0	0	2890	0	9132	0	0	0	1614	0	172	0	0	0	0	0	162	0	0	0	196	0	0	0	0	0	0	0	0	0	0	0	0	0	0	0	0	0	0	0	0	0	0	0	0	0	0	0	
65116	Pallidum_R	114	2176	296	4710	0	0	152	4168	0	0	0	1088	0	810	0	0	0	344	252	1568	0	0	0	114	0	0	0	0	120	682	280	386	0	0	0	0	0	1366	0	852	0	0	0	0	0	0	0	0	0	0	0	0	0	0	0	0	0	178	0	0	0	0	0	0	0	0	0	0	0	0	206	4126	0	8570	0	0	0	0	0	0	0	0	0	0	0	0	0	0	0	0	0	0	0	0	0	0	0	0	0	0	0	0	0	0	0	0	0	0	0	0	0	0	0	0	0	0	
144424	Thalamus_L	13594	0	8672	256	0	0	8350	106	0	0	208	242	278	212	0	0	374	306	5566	152	0	0	216	0	0	0	0	0	2232	684	340	0	0	0	1980	3026	4888	2820	192	564	182	0	0	0	0	0	0	186	0	0	0	0	0	0	276	358	250	0	0	0	152	0	0	0	0	0	0	0	0	0	5786	224	3040	106	1614	0	0	4502	0	0	0	0	0	0	0	0	0	0	278	0	0	0	0	0	0	0	0	0	0	0	0	0	0	0	0	0	0	0	0	0	0	0	0	0	0	0	
189220	Thalamus_R	1318	1188	868	16078	0	0	1046	2702	0	0	0	366	0	196	0	0	0	1020	204	16270	0	0	0	348	0	0	0	0	240	1836	260	1000	0	0	1118	1866	1732	8404	0	2586	0	0	0	0	0	0	0	254	0	0	0	0	0	0	0	2592	0	298	0	0	0	0	0	0	0	0	0	0	0	0	192	18348	90	5948	0	0	4502	0	0	0	0	0	0	0	0	0	0	0	0	1656	0	0	0	0	0	0	0	84	0	0	0	0	0	0	0	0	0	0	0	0	0	0	0	0	0	0	
69604	Heschl_L	1914	0	1742	0	0	0	2992	0	0	0	1166	0	658	0	0	0	3852	0	884	98	0	0	0	0	0	0	0	0	7858	0	0	0	0	0	0	0	2148	0	0	0	0	0	0	0	0	0	0	0	0	0	728	0	292	0	1110	0	2626	0	0	0	0	0	0	0	0	0	98	0	0	0	96	0	552	0	172	0	0	0	0	0	2426	0	0	0	1508	0	0	0	1882	0	0	0	0	0	0	0	0	0	0	0	0	0	0	0	0	0	0	0	0	0	0	0	0	0	0	0	
50620	Heschl_R	0	88	0	0	0	0	0	0	0	0	0	82	0	0	0	0	0	3798	0	0	0	0	0	0	0	0	0	0	0	5576	0	0	0	0	0	0	0	880	0	242	0	0	0	0	0	0	0	0	0	0	0	0	0	764	0	1180	0	294	0	0	0	0	0	1172	0	0	0	0	0	0	0	0	0	238	0	0	0	0	0	0	0	6446	0	0	0	3246	0	0	0	1304	0	0	0	0	0	0	0	0	0	0	0	0	0	0	0	0	0	0	0	0	0	0	0	0	0	0	
120688	Temporal_Sup_L	1380	0	1068	150	0	0	530	0	0	0	608	0	152	0	0	0	6918	0	954	144	0	0	0	0	0	0	0	0	5874	0	0	0	0	0	0	0	1960	0	154	0	0	0	0	0	0	0	0	0	0	0	294	0	0	0	2262	0	2540	0	0	0	484	0	6340	0	1766	0	0	0	234	0	384	0	912	0	0	0	0	0	2426	0	0	0	1810	0	13504	0	0	0	7398	0	0	0	0	0	0	0	0	0	98	0	0	0	0	0	0	0	0	0	0	0	0	0	0	0	0	0	
136008	Temporal_Sup_R	0	116	0	146	0	0	0	142	0	0	0	180	0	0	0	324	0	2896	0	164	0	0	0	0	0	0	0	0	0	8572	0	0	0	140	0	0	0	1860	0	286	0	0	0	120	0	0	0	0	0	0	0	238	0	418	0	2692	0	1526	0	82	0	798	0	5918	0	1548	0	250	0	138	0	0	0	946	0	0	0	0	0	6446	0	0	0	1860	0	21914	0	316	0	7968	0	0	0	0	0	0	0	0	0	0	0	0	0	0	0	0	0	0	0	0	0	0	0	0	0	0	
57984	Temporal_Pole_Sup_L	0	0	610	114	214	0	536	0	0	0	286	0	264	0	1094	0	452	0	490	116	414	0	0	0	0	0	0	0	5182	0	0	0	0	0	0	0	992	0	920	0	726	0	0	0	0	0	0	0	0	0	0	0	0	0	2642	0	0	0	0	0	0	0	0	0	0	0	0	0	0	0	266	0	2602	0	0	0	0	0	0	0	1810	0	0	0	3880	0	2068	0	2962	0	106	0	0	0	0	0	128	0	118	0	0	0	0	0	0	0	0	0	0	0	0	0	0	0	0	0	
50832	Temporal_Pole_Sup_R	0	0	0	82	0	0	0	0	0	0	0	216	0	0	0	404	0	592	0	0	0	0	0	0	0	0	0	0	0	1406	130	152	0	0	0	0	0	818	0	2846	0	3072	0	0	0	0	0	0	0	0	0	0	0	0	0	6294	0	0	0	0	0	0	0	0	0	0	0	0	0	0	84	0	0	132	0	0	0	0	0	0	0	1860	0	0	0	1812	0	2648	0	2868	0	0	0	0	0	0	0	0	0	0	0	0	0	0	0	0	0	0	0	0	0	0	0	0	0	0	
266360	Temporal_Mid_L	3218	0	2152	0	0	0	2938	0	0	0	0	0	434	0	0	0	384	0	422	0	0	0	0	0	0	0	0	0	4884	0	0	0	0	0	112	0	868	0	192	0	0	0	2712	0	1482	0	0	0	0	0	22602	0	4228	0	2870	0	116	0	0	0	2466	0	13724	0	9382	0	2186	0	404	0	284	0	178	0	162	0	0	0	1508	0	13504	0	3880	0	0	0	3086	0	32802	0	0	0	0	0	0	0	0	0	0	0	0	0	0	0	0	0	0	0	0	0	0	0	0	0	0	0	
246264	Temporal_Mid_R	0	546	0	264	0	0	0	232	0	0	0	214	0	0	0	0	0	1210	0	588	0	0	0	0	0	0	0	0	0	3266	0	0	262	4764	0	0	0	1496	0	274	0	0	0	3012	0	2574	0	84	0	2944	0	9868	0	2264	0	5036	0	962	0	196	0	3570	0	6640	0	5288	0	6784	0	330	0	0	0	222	0	0	0	0	0	3246	0	21914	0	1812	0	0	0	3958	0	29312	0	0	0	0	0	0	0	0	0	0	0	0	0	0	0	0	0	0	0	0	0	0	0	0	0	0	
20896	Temporal_Pole_Mid_L	0	0	0	0	0	0	0	0	0	0	0	0	0	0	0	0	0	0	0	0	0	0	0	0	0	0	0	0	116	0	0	0	0	0	0	0	0	0	238	0	0	0	0	0	0	0	0	0	0	0	0	0	0	0	1982	0	0	0	0	0	0	0	0	0	0	0	0	0	0	0	0	0	0	0	0	0	0	0	0	0	0	0	2068	0	3086	0	0	0	2958	0	0	0	0	0	0	0	0	0	0	0	0	0	0	0	0	0	0	0	0	0	0	0	0	0	0	0	
25660	Temporal_Pole_Mid_R	0	0	0	0	0	0	0	0	0	0	0	0	0	0	0	0	0	0	0	0	0	0	0	0	0	0	0	0	0	0	0	0	0	0	0	0	0	0	0	650	0	142	0	0	0	0	0	0	0	0	0	0	0	0	0	2026	0	0	0	0	0	0	0	0	0	0	0	0	0	0	0	0	0	0	0	0	0	0	0	0	0	316	0	2648	0	3958	0	0	0	3090	0	0	0	0	0	0	0	0	0	0	0	0	0	0	0	0	0	0	0	0	0	0	0	0	0	0	
230656	Temporal_Inf_L	1964	0	1262	0	0	0	1660	0	0	0	0	0	274	0	0	0	412	0	330	0	0	0	0	0	0	0	0	0	4416	0	0	0	0	0	264	162	8898	118	1234	86	496	0	866	0	634	0	356	0	0	0	5416	0	6528	0	17150	0	120	0	0	0	366	0	4216	0	2518	0	1446	0	302	0	186	0	626	0	196	0	278	0	1882	0	7398	0	2962	0	32802	0	2958	0	0	0	2288	0	846	0	0	0	0	0	844	0	138	0	430	0	0	0	0	0	0	0	0	0	0	0	0	0	
290768	Temporal_Inf_R	0	2676	0	1080	0	0	0	836	0	0	0	770	0	0	0	0	0	2230	0	866	0	0	0	0	0	0	0	0	0	5906	0	0	0	2294	0	280	0	10992	0	2532	0	1072	282	7410	96	1112	0	920	0	428	0	2806	0	12486	0	26206	0	1750	0	0	0	1436	0	3050	0	668	0	6818	0	470	0	158	0	902	0	0	0	1656	0	1304	0	7968	0	2868	0	29312	0	3090	0	0	0	654	0	0	0	0	0	0	0	0	0	0	0	0	0	0	0	0	0	0	0	0	0	0	0	0	
449552	Cerebelum_Crus1_L	0	0	0	0	0	0	0	0	0	0	0	0	0	0	0	0	0	0	0	0	0	0	0	0	0	0	0	0	138	0	0	0	0	0	0	0	248	0	358	0	0	0	0	0	0	0	7726	1414	0	0	0	0	250	0	20726	218	0	0	0	0	0	0	0	0	0	0	0	0	0	0	0	0	0	0	0	0	0	0	0	0	0	0	106	0	0	0	0	0	2288	0	0	2346	43156	2634	808	318	19728	1280	53806	3650	14964	222	22718	1516	2928	536	1142	0	184	196	3576	8164	4416	2310	356	350	
485920	Cerebelum_Crus1_R	0	0	0	0	0	0	0	0	0	0	0	0	0	0	0	0	0	0	0	0	0	0	0	0	0	0	0	0	0	98	0	0	0	0	0	0	0	3118	0	4122	0	2018	0	114	0	0	284	6160	0	0	0	0	0	180	0	16338	0	0	0	0	0	0	0	0	0	0	0	0	0	0	0	0	0	676	0	0	0	0	0	0	0	0	0	0	0	0	0	0	0	654	2346	0	862	42558	108	3870	1464	23190	4210	57656	514	3576	870	25566	814	7448	152	412	468	1148	7114	10174	8694	3108	2588	288	
340940	Cerebelum_Crus2_L	0	0	0	0	0	0	0	0	0	0	0	0	0	0	0	0	0	0	0	0	0	0	0	0	0	0	0	0	0	0	0	0	0	0	0	0	0	0	0	0	0	0	0	0	0	0	410	414	0	0	0	0	0	0	3118	102	0	0	0	0	0	0	0	0	0	0	0	0	0	0	0	0	0	0	0	0	0	0	0	0	0	0	0	0	0	0	0	0	846	0	43156	862	0	5678	264	130	3798	162	15542	1210	34046	1722	37628	1396	6444	342	1608	0	0	0	326	4318	3848	2544	322	234	
337780	Cerebelum_Crus2_R	0	0	0	0	0	0	0	0	0	0	0	0	0	0	0	0	0	0	0	0	0	0	0	0	0	0	0	0	0	0	0	0	0	0	0	0	0	1316	0	1598	0	1208	0	0	0	0	0	264	0	0	0	0	0	0	0	2082	0	0	0	0	0	0	0	0	0	0	0	0	0	0	0	0	0	0	0	0	0	0	0	0	0	0	0	0	0	0	0	0	0	0	2634	42558	5678	0	0	1366	322	4068	1690	13724	1914	16378	2288	35516	466	9634	152	386	378	310	104	2962	11102	5870	2700	222	
20964	Cerebelum_3_L	0	0	0	0	0	0	0	0	0	0	0	0	0	0	0	0	0	0	0	0	0	0	0	0	0	0	0	0	0	0	0	0	0	0	0	0	0	0	96	0	0	0	0	0	0	0	352	0	0	0	0	0	0	0	234	0	0	0	0	0	0	0	0	0	0	0	0	0	0	0	0	0	0	0	0	0	0	0	0	0	0	0	0	0	0	0	0	0	0	0	808	108	264	0	0	0	3868	0	1760	126	0	0	164	0	860	0	0	0	524	708	388	140	82	0	0	0	
59520	Cerebelum_3_R	0	0	0	0	0	0	0	0	0	0	0	0	0	0	0	0	0	0	0	0	0	0	0	0	0	0	0	0	0	0	0	0	0	0	0	0	0	176	0	310	0	0	0	0	0	0	0	174	0	0	0	0	0	0	0	430	0	0	0	0	0	0	0	0	0	0	0	0	0	0	0	0	0	0	0	0	0	0	0	0	0	0	0	0	0	0	0	0	0	0	318	3870	130	1366	0	0	296	4656	694	6994	132	82	178	1502	256	1090	92	0	712	1578	370	1000	1236	856	964	298	
225164	Cerebelum_4_5_L	0	0	0	0	0	0	0	0	0	0	0	0	0	0	0	0	0	0	0	0	0	0	0	0	0	0	0	0	132	0	0	0	0	0	570	0	1036	0	1616	0	0	0	430	0	0	0	6614	758	0	0	0	0	0	0	8514	0	0	0	0	0	0	0	0	0	0	0	480	0	0	0	0	0	0	0	0	0	0	0	0	0	0	0	128	0	0	0	0	0	0	0	19728	1464	3798	322	3868	296	0	1706	30466	2454	864	0	3234	308	5578	794	1656	0	542	976	8320	3282	612	358	362	1316	
227228	Cerebelum_4_5_R	0	0	0	0	0	0	0	0	0	0	0	0	0	0	0	0	0	0	0	0	0	0	0	0	0	0	0	0	0	120	0	0	0	0	0	0	0	3356	0	5606	0	2438	0	0	0	0	168	3750	0	0	0	0	0	118	90	9830	0	0	0	0	0	0	0	0	0	0	0	260	0	0	0	0	0	458	0	0	0	84	0	0	0	0	0	0	0	0	0	0	0	0	1280	23190	162	4068	0	4656	1706	0	2226	30070	0	190	156	3638	250	822	0	108	0	760	10084	1314	1078	698	756	124	
416076	Cerebelum_6_L	0	0	0	0	0	0	0	0	0	0	0	0	0	0	0	0	0	0	0	0	0	0	0	0	0	0	0	0	118	0	0	0	0	0	0	0	338	0	590	0	0	0	164	0	0	0	10346	2688	0	0	238	0	346	0	22756	366	0	0	0	0	0	0	0	0	0	0	0	0	0	0	0	0	0	0	0	0	0	0	0	0	98	0	118	0	0	0	0	0	844	0	53806	4210	15542	1690	1760	694	30466	2226	0	6354	5004	0	8534	1336	5818	1654	1448	0	460	470	7294	12588	3584	1498	1028	1564	
406388	Cerebelum_6_R	0	0	0	0	0	0	0	0	0	0	0	0	0	0	0	0	0	0	0	0	0	0	0	0	0	0	0	0	0	94	0	0	0	0	0	0	0	2774	0	3722	0	1336	0	278	0	0	362	8240	0	108	0	106	0	170	0	16522	0	0	0	0	0	0	0	0	0	0	0	0	0	0	0	0	0	920	0	0	0	0	0	0	0	0	0	0	0	0	0	0	0	0	3650	57656	1210	13724	126	6994	2454	30070	6354	0	344	472	666	5250	988	2660	166	176	682	1720	10178	12550	6140	1886	2032	414	
238292	Cerebelum_7b_L	0	0	0	0	0	0	0	0	0	0	0	0	0	0	0	0	0	0	0	0	0	0	0	0	0	0	0	0	0	0	0	0	0	0	0	0	0	0	0	0	0	0	0	0	0	0	0	0	0	0	0	0	0	0	354	0	0	0	0	0	0	0	0	0	0	0	0	0	0	0	0	0	0	0	0	0	0	0	0	0	0	0	0	0	0	0	0	0	138	0	14964	514	34046	1914	0	132	864	0	5004	344	0	252	36700	3156	7094	554	1302	0	94	0	0	2562	3372	4718	952	116	
93712	Cerebelum_7b_R	0	0	0	0	0	0	0	0	0	0	0	0	0	0	0	0	0	0	0	0	0	0	0	0	0	0	0	0	0	0	0	0	0	0	0	0	0	0	0	0	0	0	0	0	0	0	0	0	0	0	0	0	0	0	0	116	0	0	0	0	0	0	0	0	0	0	0	0	0	0	0	0	0	0	0	0	0	0	0	0	0	0	0	0	0	0	0	0	0	0	222	3576	1722	16378	0	82	0	190	0	472	252	0	358	17614	0	3414	0	0	0	0	0	0	1140	1112	208	0	
312656	Cerebelum_8_L	0	0	0	0	0	0	0	0	0	0	0	0	0	0	0	0	0	0	0	0	0	0	0	0	0	0	0	0	0	0	0	0	0	0	0	0	0	0	0	0	0	0	0	0	0	0	294	94	0	0	0	0	0	0	1956	0	0	0	0	0	0	0	0	0	0	0	0	0	0	0	0	0	0	0	0	0	0	0	0	0	0	0	0	0	0	0	0	0	430	0	22718	870	37628	2288	164	178	3234	156	8534	666	36700	358	0	4598	16274	1298	2852	0	110	0	542	1880	3484	6482	2394	146	
294060	Cerebelum_8_R	0	0	0	0	0	0	0	0	0	0	0	0	0	0	0	0	0	0	0	0	0	0	0	0	0	0	0	0	0	0	0	0	0	0	0	0	0	1256	0	1476	0	1178	0	0	0	0	0	0	0	0	0	0	0	0	0	1518	0	0	0	0	0	0	0	0	0	0	0	0	0	0	0	0	0	0	0	0	0	0	0	0	0	0	0	0	0	0	0	0	0	0	1516	25566	1396	35516	0	1502	308	3638	1336	5250	3156	17614	4598	0	800	17958	278	470	426	494	514	1294	5964	8190	3390	428	
130188	Cerebelum_9_L	0	0	0	0	0	0	0	0	0	0	0	0	0	0	0	0	0	0	0	0	0	0	0	0	0	0	0	0	0	0	0	0	0	0	0	0	0	0	0	0	0	0	0	0	0	0	0	576	0	0	0	0	0	0	218	0	0	0	0	0	0	0	0	0	0	0	0	0	0	0	0	0	0	0	0	0	0	0	0	0	0	0	0	0	0	0	0	0	0	0	2928	814	6444	466	860	256	5578	250	5818	988	7094	0	16274	800	0	1566	4266	0	256	250	1864	3086	1162	924	1308	1048	
143884	Cerebelum_9_R	0	0	0	0	0	0	0	0	0	0	0	0	0	0	0	0	0	0	0	0	0	0	0	0	0	0	0	0	0	0	0	0	0	0	0	0	0	222	0	428	0	180	0	0	0	0	0	0	0	0	0	0	0	0	0	272	0	0	0	0	0	0	0	0	0	0	0	0	0	0	0	0	0	0	0	0	0	0	0	0	0	0	0	0	0	0	0	0	0	0	536	7448	342	9634	0	1090	794	822	1654	2660	554	3414	1298	17958	1566	0	158	1344	428	0	920	3634	3504	3100	5274	2708	
34576	Cerebelum_10_L	0	0	0	0	0	0	0	0	0	0	0	0	0	0	0	0	0	0	0	0	0	0	0	0	0	0	0	0	0	0	0	0	0	0	0	0	0	0	106	0	0	0	0	0	0	0	0	112	0	0	0	0	0	0	182	0	0	0	0	0	0	0	0	0	0	0	0	0	0	0	0	0	0	0	0	0	0	0	0	0	0	0	0	0	0	0	0	0	0	0	1142	152	1608	152	0	92	1656	0	1448	166	1302	0	2852	278	4266	158	0	0	0	0	0	654	434	298	148	82	
7056	Cerebelum_10_R	0	0	0	0	0	0	0	0	0	0	0	0	0	0	0	0	0	0	0	0	0	0	0	0	0	0	0	0	0	0	0	0	0	0	0	0	0	0	0	0	0	0	0	0	0	0	0	0	0	0	0	0	0	0	0	0	0	0	0	0	0	0	0	0	0	0	0	0	0	0	0	0	0	0	0	0	0	0	0	0	0	0	0	0	0	0	0	0	0	0	0	412	0	386	0	0	0	108	0	176	0	0	0	470	0	1344	0	0	0	0	0	0	242	142	248	0	
20088	Vermis_1_2	0	0	0	0	0	0	0	0	0	0	0	0	0	0	0	0	0	0	0	0	0	0	0	0	0	0	0	0	0	0	0	0	0	0	0	0	0	0	0	0	0	0	0	0	0	0	0	0	0	0	0	0	0	0	0	0	0	0	0	0	0	0	0	0	0	0	0	0	0	0	0	0	0	0	0	0	0	0	0	0	0	0	0	0	0	0	0	0	0	0	184	468	0	378	524	712	542	0	460	682	94	0	110	426	256	428	0	0	0	2362	542	386	544	386	380	180	
25376	Vermis_3	0	0	0	0	0	0	0	0	0	0	0	0	0	0	0	0	0	0	0	0	0	0	0	0	0	0	0	0	0	0	0	0	0	0	0	0	0	0	0	0	0	0	0	0	0	0	0	0	0	0	0	0	0	0	0	0	0	0	0	0	0	0	0	0	0	0	0	0	0	0	0	0	0	0	0	0	0	0	0	0	0	0	0	0	0	0	0	0	0	0	196	1148	0	310	708	1578	976	760	470	1720	0	0	0	494	250	0	0	0	2362	0	1306	162	248	0	0	0	
136268	Vermis_4_5	0	0	0	0	0	0	0	0	0	0	0	0	0	0	0	0	0	0	0	0	0	0	0	0	0	0	0	0	0	0	0	0	0	0	318	626	246	206	208	274	0	0	0	142	0	0	1602	3806	0	0	0	0	0	0	578	716	0	0	0	0	0	0	0	0	0	0	160	864	0	0	0	0	0	0	0	0	0	0	0	0	0	0	0	0	0	0	0	0	0	0	3576	7114	326	104	388	370	8320	10084	7294	10178	0	0	542	514	1864	920	0	0	542	1306	0	3146	92	0	202	1506	
196332	Vermis_6	0	0	0	0	0	0	0	0	0	0	0	0	0	0	0	0	0	0	0	0	0	0	0	0	0	0	0	0	0	0	0	0	0	0	0	0	0	106	0	164	0	106	120	1220	0	248	1866	5242	0	150	0	0	0	0	256	1154	0	0	0	0	0	0	0	0	0	0	0	0	0	0	0	0	0	0	0	0	0	0	0	0	0	0	0	0	0	0	0	0	0	0	8164	10174	4318	2962	140	1000	3282	1314	12588	12550	2562	0	1880	1294	3086	3634	654	0	386	162	3146	0	6286	2254	2336	3362	
