data	data	496296	191068	1.09403e+06	781684	152216	97228	526048	200020	101416	37136	175828	64812	242028	87800	177824	79512	170872	81648	671104	710744	98180	117164	394648	466508	28392	125604	79972	104268	666324	227836	295912	559056	157236	460804	150076	178180	247944	327000	51644	178316	27920	52288	224148	268320	160136	278236	202392	201812	136056	288636	477288	293772	175204	99400	342220	423004	350644	123068	187752	99812	271288	100164	67960	88684	101388	151528	236660	386860	216564	233132	299592	426440	340564	375064	60652	41832	189512	149380	59992	24456	159060	103172	62692	50528	354988	266900	20524	22604	338180	250752	366068	315264	314460	281024	28140	41720	195324	140140	318276	287940	244572	145808	388504	255756	168852	103232	89228	24464	11712	45168	163896	117428	155308	130620	73812	19320	
data	data	Precentral_L	Precentral_R	Frontal_Sup_L	Frontal_Sup_R	Frontal_Sup_Orb_L	Frontal_Sup_Orb_R	Frontal_Mid_L	Frontal_Mid_R	Frontal_Mid_Orb_L	Frontal_Mid_Orb_R	Frontal_Inf_Oper_L	Frontal_Inf_Oper_R	Frontal_Inf_Tri_L	Frontal_Inf_Tri_R	Frontal_Inf_Orb_L	Frontal_Inf_Orb_R	Rolandic_Oper_L	Rolandic_Oper_R	Supp_Motor_Area_L	Supp_Motor_Area_R	Olfactory_L	Olfactory_R	Frontal_Sup_Medial_L	Frontal_Sup_Medial_R	Frontal_Med_Orb_L	Frontal_Med_Orb_R	Rectus_L	Rectus_R	Insula_L	Insula_R	Cingulum_Ant_L	Cingulum_Ant_R	Cingulum_Mid_L	Cingulum_Mid_R	Cingulum_Post_L	Cingulum_Post_R	Hippocampus_L	Hippocampus_R	ParaHippocampal_L	ParaHippocampal_R	Amygdala_L	Amygdala_R	Calcarine_L	Calcarine_R	Cuneus_L	Cuneus_R	Lingual_L	Lingual_R	Occipital_Sup_L	Occipital_Sup_R	Occipital_Mid_L	Occipital_Mid_R	Occipital_Inf_L	Occipital_Inf_R	Fusiform_L	Fusiform_R	Postcentral_L	Postcentral_R	Parietal_Sup_L	Parietal_Sup_R	Parietal_Inf_L	Parietal_Inf_R	SupraMarginal_L	SupraMarginal_R	Angular_L	Angular_R	Precuneus_L	Precuneus_R	Paracentral_Lobule_L	Paracentral_Lobule_R	Caudate_L	Caudate_R	Putamen_L	Putamen_R	Pallidum_L	Pallidum_R	Thalamus_L	Thalamus_R	Heschl_L	Heschl_R	Temporal_Sup_L	Temporal_Sup_R	Temporal_Pole_Sup_L	Temporal_Pole_Sup_R	Temporal_Mid_L	Temporal_Mid_R	Temporal_Pole_Mid_L	Temporal_Pole_Mid_R	Temporal_Inf_L	Temporal_Inf_R	Cerebelum_Crus1_L	Cerebelum_Crus1_R	Cerebelum_Crus2_L	Cerebelum_Crus2_R	Cerebelum_3_L	Cerebelum_3_R	Cerebelum_4_5_L	Cerebelum_4_5_R	Cerebelum_6_L	Cerebelum_6_R	Cerebelum_7b_L	Cerebelum_7b_R	Cerebelum_8_L	Cerebelum_8_R	Cerebelum_9_L	Cerebelum_9_R	Cerebelum_10_L	Cerebelum_10_R	Vermis_1_2	Vermis_3	Vermis_4_5	Vermis_6	Vermis_7	Vermis_8	Vermis_9	Vermis_10	
496296	Precentral_L	0	4182	27888	1272	0	0	17746	0	196	0	7678	0	3136	0	448	0	8280	0	6052	3542	0	0	2470	654	0	0	0	0	21568	0	284	378	544	970	4452	5462	8130	2432	372	1636	0	0	278	0	272	0	92	120	114	0	4658	0	954	0	2598	1506	30504	0	352	0	5094	0	1722	0	1142	0	270	1268	21094	1816	1900	228	6756	0	2188	0	13858	0	3310	0	3988	0	136	0	6880	0	0	0	5136	142	0	0	0	0	0	0	0	0	0	0	0	0	0	0	0	0	0	0	0	0	0	0	0	0	0	0	
191068	Precentral_R	4182	0	4048	6952	0	0	226	6896	166	0	0	2264	0	248	198	0	0	1890	8450	7946	0	0	0	0	0	0	0	0	286	2718	0	0	354	596	0	0	0	2966	0	1030	0	0	0	928	0	1006	0	0	0	732	0	694	0	422	0	4428	796	8818	0	0	0	456	0	2694	0	102	0	2348	1666	3716	2150	1270	138	2164	0	652	1064	3358	0	398	0	1634	0	0	0	1282	0	0	0	1202	0	0	0	0	0	0	0	0	0	0	0	0	0	0	0	0	0	0	0	0	0	0	0	0	0	0	
1.09403e+06	Frontal_Sup_L	27888	4048	0	16032	13082	0	83822	1592	8508	0	9138	0	19522	0	12572	162	8602	214	89636	19200	182	0	40302	7670	368	168	736	0	54168	152	15492	7598	6290	9276	816	1382	4404	1102	162	626	0	0	0	0	0	0	0	0	0	0	0	92	0	0	152	356	6012	122	0	0	248	0	154	226	0	284	0	652	3030	270	17508	5976	26428	844	4988	496	8948	946	774	0	1148	136	756	0	456	422	0	0	678	0	0	0	0	0	0	0	0	0	0	0	0	0	0	0	0	0	0	0	0	0	0	0	0	0	0	0	
781684	Frontal_Sup_R	1272	6952	16032	0	0	4592	1950	32036	284	1692	466	2096	432	5170	268	5644	122	2746	16332	48748	838	658	13346	52216	98	5086	692	1782	2194	6946	6690	42976	2664	25146	0	0	0	4524	0	1518	0	0	0	0	0	0	0	128	0	0	0	0	0	0	0	1526	166	418	0	0	0	0	0	860	0	154	0	316	192	0	3400	29374	656	21544	0	2000	100	14910	0	174	0	156	96	0	0	238	0	0	0	226	0	0	0	0	0	0	0	0	0	0	0	0	0	0	0	0	0	0	0	0	0	0	0	0	0	0	
152216	Frontal_Sup_Orb_L	0	0	13082	0	0	0	1176	0	12728	0	0	0	690	0	13378	0	0	0	0	0	2248	174	6266	652	2472	254	6210	0	4112	0	6984	406	0	0	0	0	0	0	0	0	0	0	0	0	0	0	0	0	0	0	0	0	0	0	0	0	0	0	0	0	0	0	0	0	0	0	0	0	0	0	922	94	4148	0	0	0	0	0	0	0	0	0	112	0	0	0	0	0	0	0	0	0	0	0	0	0	0	0	0	0	0	0	0	0	0	0	0	0	0	0	0	0	0	0	0	0	
97228	Frontal_Sup_Orb_R	0	0	0	4592	0	0	0	150	0	6030	0	0	0	0	0	3794	0	0	0	288	196	2696	0	4106	96	6612	0	7000	0	432	114	3384	0	0	0	0	0	0	0	0	0	0	0	0	0	0	0	0	0	0	0	0	0	0	0	0	0	0	0	0	0	0	0	0	0	0	0	0	0	0	690	3928	288	3994	0	224	0	0	0	0	0	0	0	0	0	0	0	0	0	0	0	0	0	0	0	0	0	0	0	0	0	0	0	0	0	0	0	0	0	0	0	0	0	0	0	0	
526048	Frontal_Mid_L	17746	226	83822	1950	1176	0	0	0	4116	0	12180	0	34956	0	6866	0	2916	0	14964	792	0	0	17728	2708	0	0	0	0	37934	0	3410	1580	4448	1570	146	130	922	0	0	0	0	0	0	0	0	0	0	0	0	0	0	0	0	0	0	0	1778	0	0	0	150	0	0	0	0	0	0	0	0	0	930	984	4946	0	228	0	324	0	440	0	438	0	174	0	172	0	0	0	174	0	0	0	0	0	0	0	0	0	0	0	0	0	0	0	0	0	0	0	0	0	0	0	0	0	0	0	
200020	Frontal_Mid_R	0	6896	1592	32036	0	150	0	0	0	634	0	5894	0	10158	0	824	0	3434	2326	3640	0	0	112	2348	0	0	0	0	0	6674	0	310	0	1442	0	0	0	4138	0	1254	0	0	0	0	0	0	0	0	0	0	0	0	0	0	0	1466	0	188	0	0	0	0	0	194	0	0	0	176	0	0	0	414	0	9734	0	894	0	2136	0	148	0	190	0	0	0	188	0	0	0	420	0	0	0	0	0	0	0	0	0	0	0	0	0	0	0	0	0	0	0	0	0	0	0	0	0	0	
101416	Frontal_Mid_Orb_L	196	166	8508	284	12728	0	4116	0	0	0	0	0	2456	0	14076	0	0	0	632	130	158	0	1422	242	0	0	892	0	2188	0	234	178	180	0	0	0	0	0	0	0	0	0	0	0	0	0	0	0	0	0	0	0	0	0	0	0	0	0	0	0	0	0	0	0	0	0	0	0	0	0	584	508	830	0	0	0	0	0	0	0	0	0	0	0	0	0	0	0	0	0	0	0	0	0	0	0	0	0	0	0	0	0	0	0	0	0	0	0	0	0	0	0	0	0	0	0	
37136	Frontal_Mid_Orb_R	0	0	0	1692	0	6030	0	634	0	0	0	0	0	236	0	6474	0	0	0	204	0	0	0	234	0	132	0	994	0	0	0	718	0	0	0	0	0	0	0	0	0	0	0	0	0	0	0	0	0	0	0	0	0	0	0	0	0	0	0	0	0	0	0	0	0	0	0	0	0	0	0	424	0	796	0	0	0	0	0	0	0	0	0	0	0	0	0	0	0	0	0	0	0	0	0	0	0	0	0	0	0	0	0	0	0	0	0	0	0	0	0	0	0	0	0	0	
175828	Frontal_Inf_Oper_L	7678	0	9138	466	0	0	12180	0	0	0	0	0	17690	0	138	0	7236	0	5294	0	0	0	182	296	0	0	0	0	16354	0	326	452	0	0	0	0	318	0	0	0	0	0	0	0	0	0	0	0	0	0	0	0	0	0	0	0	2926	0	0	0	0	0	0	0	0	0	0	0	0	0	2054	1188	1266	0	0	0	0	138	242	0	186	0	1918	0	144	0	0	0	104	0	0	0	0	0	0	0	0	0	0	0	0	0	0	0	0	0	0	0	0	0	0	0	0	0	0	0	
64812	Frontal_Inf_Oper_R	0	2264	0	2096	0	0	0	5894	0	0	0	0	0	4530	0	128	0	4450	0	316	0	0	0	146	0	0	0	0	0	8282	0	0	0	136	0	0	0	622	0	242	0	0	0	0	0	0	0	0	0	0	0	0	0	0	0	252	0	288	0	0	0	0	0	0	0	0	0	0	0	0	0	0	0	2088	0	230	0	326	0	116	0	0	0	0	0	0	0	0	0	0	0	0	0	0	0	0	0	0	0	0	0	0	0	0	0	0	0	0	0	0	0	0	0	0	0	0	
242028	Frontal_Inf_Tri_L	3136	0	19522	432	690	0	34956	0	2456	0	17690	0	0	0	5486	0	2542	0	5186	0	0	0	770	276	0	0	0	0	21582	0	396	412	0	0	0	0	270	0	0	0	0	0	0	0	0	0	0	0	0	0	0	0	0	0	0	0	590	0	0	0	0	0	0	0	0	0	0	0	0	0	876	810	2100	0	0	0	144	0	0	0	0	0	460	0	112	0	0	0	120	0	0	0	0	0	0	0	0	0	0	0	0	0	0	0	0	0	0	0	0	0	0	0	0	0	0	0	
87800	Frontal_Inf_Tri_R	0	248	0	5170	0	0	0	10158	0	236	0	4530	0	0	0	3180	0	974	608	3314	0	0	186	2004	0	0	0	0	0	7280	0	92	0	1678	0	0	0	378	0	252	0	0	0	0	0	0	0	0	0	0	0	0	0	0	0	224	0	0	0	0	0	0	0	0	0	0	0	0	0	0	0	0	0	3296	0	92	0	0	0	0	0	0	0	0	0	0	0	0	0	0	0	0	0	0	0	0	0	0	0	0	0	0	0	0	0	0	0	0	0	0	0	0	0	0	0	0	
177824	Frontal_Inf_Orb_L	448	198	12572	268	13378	0	6866	0	14076	0	138	0	5486	0	0	0	0	0	1296	156	2680	102	3526	284	0	0	2112	0	15066	0	454	228	410	0	0	0	0	0	0	0	212	0	0	0	0	0	0	0	0	0	0	0	0	0	0	0	0	0	0	0	0	0	0	0	0	0	0	0	0	0	1372	474	6198	0	0	0	0	0	0	0	0	0	912	0	0	0	0	0	0	0	0	0	0	0	0	0	0	0	0	0	0	0	0	0	0	0	0	0	0	0	0	0	0	0	0	0	
79512	Frontal_Inf_Orb_R	0	0	162	5644	0	3794	0	824	0	6474	0	128	0	3180	0	0	0	0	246	1102	0	848	176	2404	0	624	0	1806	0	4958	0	1452	0	1072	0	0	0	0	0	0	0	0	0	0	0	0	0	0	0	0	0	0	0	0	0	0	0	0	0	0	0	0	0	0	0	0	0	0	0	0	240	1268	114	3240	0	0	0	0	0	0	0	0	0	0	0	0	0	0	0	0	0	0	0	0	0	0	0	0	0	0	0	0	0	0	0	0	0	0	0	0	0	0	0	0	0	0	
170872	Rolandic_Oper_L	8280	0	8602	122	0	0	2916	0	0	0	7236	0	2542	0	0	0	0	0	4432	0	0	0	0	0	0	0	0	0	17180	0	0	0	0	0	0	0	306	0	0	0	0	0	92	0	0	0	0	0	0	0	720	0	130	0	864	0	12744	0	330	0	2018	0	2422	0	150	0	0	0	544	0	702	166	820	0	204	0	1086	0	2688	0	5074	0	1528	0	1010	0	0	0	528	0	0	0	0	0	0	0	0	0	0	0	0	0	0	0	0	0	0	0	0	0	0	0	0	0	0	0	
81648	Rolandic_Oper_R	0	1890	214	2746	0	0	0	3434	0	0	0	4450	0	974	0	0	0	0	268	630	0	0	0	182	0	0	0	0	0	10124	0	242	0	0	0	0	0	1086	0	292	0	0	0	0	0	376	0	0	0	180	0	106	0	0	0	356	0	2034	0	0	0	0	0	1832	0	212	0	642	0	262	0	246	0	1354	0	0	0	268	0	2314	0	3174	0	232	0	568	0	0	0	136	0	0	0	0	0	0	0	0	0	0	0	0	0	0	0	0	0	0	0	0	0	0	0	0	0	0	
671104	Supp_Motor_Area_L	6052	8450	89636	16332	0	0	14964	2326	632	0	5294	0	5186	608	1296	246	4432	268	0	42232	0	0	7006	3546	0	0	0	0	21794	276	5960	8168	8018	17946	1670	0	1784	460	0	110	0	0	0	0	228	0	0	0	0	0	0	92	0	0	0	472	1278	218	0	0	118	0	0	386	0	284	268	274	3524	1378	16852	4870	17318	1052	6466	526	2216	1062	202	0	250	136	596	0	160	422	0	0	212	0	0	0	0	0	0	0	0	0	0	0	0	0	0	0	0	0	0	0	0	0	0	0	0	0	0	0	
710744	Supp_Motor_Area_R	3542	7946	19200	48748	0	288	792	3640	130	204	0	316	0	3314	156	1102	0	630	42232	0	0	0	3412	14060	0	206	0	96	814	2208	2946	16910	6392	45402	2050	4628	122	1762	0	824	0	0	0	1802	140	1562	0	394	0	1818	0	1602	0	988	0	2354	292	762	0	0	0	0	0	698	0	308	100	4884	11172	29884	4014	19324	324	7802	372	1204	3266	18902	0	0	0	1060	0	0	0	3858	0	0	0	2414	0	0	0	0	0	0	0	0	0	0	0	0	0	0	0	0	0	0	0	0	0	0	0	0	0	0	
98180	Olfactory_L	0	0	182	838	2248	196	0	0	158	0	0	0	0	0	2680	0	0	0	0	0	0	5856	0	856	656	1950	5080	2276	3384	118	4250	5092	0	0	0	0	0	0	96	0	0	0	0	0	0	0	0	0	0	0	0	0	0	0	0	0	0	0	0	0	0	0	0	0	0	0	0	0	0	0	7086	2510	3130	448	0	0	0	0	0	0	0	0	0	0	0	0	0	0	0	0	0	0	0	0	0	0	0	0	0	0	0	0	0	0	0	0	0	0	0	0	0	0	0	0	0	0	
117164	Olfactory_R	0	0	0	658	174	2696	0	0	0	0	0	0	0	0	102	848	0	0	0	0	5856	0	0	664	336	3248	2828	6982	152	1746	3258	6070	0	0	0	0	0	0	0	0	0	280	0	0	0	0	0	0	0	0	0	0	0	0	0	0	0	0	0	0	0	0	0	0	0	0	0	0	0	0	9336	6132	4448	2768	0	0	0	0	0	0	0	0	0	0	0	0	0	0	0	0	0	0	0	0	0	0	0	0	0	0	0	0	0	0	0	0	0	0	0	0	0	0	0	0	0	0	
394648	Frontal_Sup_Medial_L	2470	0	40302	13346	6266	0	17728	112	1422	0	182	0	770	186	3526	176	0	0	7006	3412	0	0	0	23426	1448	392	110	0	9760	104	21572	12698	7512	14592	0	0	0	0	0	0	0	0	0	0	0	0	0	0	0	0	0	0	0	0	0	0	0	0	0	0	0	0	0	0	0	0	0	0	0	0	2204	2124	3398	810	0	116	0	154	0	0	0	0	0	0	0	0	0	0	0	0	0	0	0	0	0	0	0	0	0	0	0	0	0	0	0	0	0	0	0	0	0	0	0	0	0	0	
466508	Frontal_Sup_Medial_R	654	0	7670	52216	652	4106	2708	2348	242	234	296	146	276	2004	284	2404	0	182	3546	14060	856	664	23426	0	804	8878	670	1760	2256	896	7158	34518	2792	25890	0	0	0	280	0	0	0	0	0	0	0	0	0	0	0	0	0	0	0	0	0	0	0	0	0	0	0	0	0	0	0	0	0	144	0	0	1538	16614	452	8168	0	584	0	780	0	0	0	0	0	0	0	98	0	0	0	0	0	0	0	0	0	0	0	0	0	0	0	0	0	0	0	0	0	0	0	0	0	0	0	0	0	0	
28392	Frontal_Med_Orb_L	0	0	368	98	2472	96	0	0	0	0	0	0	0	0	0	0	0	0	0	0	656	336	1448	804	0	1522	1562	258	0	0	2920	616	0	0	0	0	0	0	0	0	0	0	0	0	0	0	0	0	0	0	0	0	0	0	0	0	0	0	0	0	0	0	0	0	0	0	0	0	0	0	434	132	474	0	0	0	0	0	0	0	0	0	0	0	0	0	0	0	0	0	0	0	0	0	0	0	0	0	0	0	0	0	0	0	0	0	0	0	0	0	0	0	0	0	0	0	
125604	Frontal_Med_Orb_R	0	0	168	5086	254	6612	0	0	0	132	0	0	0	0	0	624	0	0	0	206	1950	3248	392	8878	1522	0	1320	8174	120	612	2364	8300	0	0	0	0	0	0	0	0	0	0	0	0	0	0	0	0	0	0	0	0	0	0	0	0	0	0	0	0	0	0	0	0	0	0	0	0	0	0	1708	5392	686	4828	0	226	0	0	0	0	0	0	0	0	0	0	0	0	0	0	0	0	0	0	0	0	0	0	0	0	0	0	0	0	0	0	0	0	0	0	0	0	0	0	0	0	
79972	Rectus_L	0	0	736	692	6210	0	0	0	892	0	0	0	0	0	2112	0	0	0	0	0	5080	2828	110	670	1562	1320	0	1294	936	0	4782	3798	0	0	0	0	0	0	0	0	0	0	0	0	0	0	0	0	0	0	0	0	0	0	0	0	0	0	0	0	0	0	0	0	0	0	0	0	0	0	3068	1648	1922	326	0	0	0	0	0	0	0	0	0	0	0	0	0	0	0	0	0	0	0	0	0	0	0	0	0	0	0	0	0	0	0	0	0	0	0	0	0	0	0	0	0	0	
104268	Rectus_R	0	0	0	1782	0	7000	0	0	0	994	0	0	0	0	0	1806	0	0	0	96	2276	6982	0	1760	258	8174	1294	0	0	770	1624	5616	0	0	0	0	0	0	0	0	0	0	0	0	0	0	0	0	0	0	0	0	0	0	0	0	0	0	0	0	0	0	0	0	0	0	0	0	0	0	2724	3984	1432	3438	0	124	0	0	0	0	0	0	0	0	0	0	0	0	0	0	0	0	0	0	0	0	0	0	0	0	0	0	0	0	0	0	0	0	0	0	0	0	0	0	0	0	
666324	Insula_L	21568	286	54168	2194	4112	0	37934	0	2188	0	16354	0	21582	0	15066	0	17180	0	21794	814	3384	152	9760	2256	0	120	936	0	0	0	1156	1804	1798	994	416	492	10846	146	492	108	2406	0	164	0	0	0	0	0	0	0	836	0	240	0	3868	0	7724	0	154	0	2146	0	492	0	0	0	0	180	178	92	7506	3030	24242	0	1210	0	6896	146	4988	0	4964	0	3506	0	2392	0	0	0	5702	0	0	0	0	0	0	0	0	0	0	0	0	0	0	0	0	0	0	0	0	0	0	0	0	0	0	0	
227836	Insula_R	0	2718	152	6946	0	432	0	6674	0	0	0	8282	0	7280	0	4958	0	10124	276	2208	118	1746	104	896	0	612	0	770	0	0	0	432	0	480	0	0	0	9006	0	3340	0	1208	0	94	0	770	0	0	0	636	0	258	0	0	0	5146	0	1154	0	0	0	0	0	172	0	0	0	1282	0	402	212	388	120	20368	0	360	0	1704	0	2608	0	4466	0	946	0	1862	0	0	0	2208	0	0	0	0	0	0	0	0	0	0	0	0	0	0	0	0	0	0	0	0	0	0	0	0	0	0	
295912	Cingulum_Ant_L	284	0	15492	6690	6984	114	3410	0	234	0	326	0	396	0	454	0	0	0	5960	2946	4250	3258	21572	7158	2920	2364	4782	1624	1156	0	0	21326	5250	4206	0	0	0	0	0	0	0	0	0	0	0	0	0	0	0	0	0	0	0	0	0	0	0	0	0	0	0	0	0	0	0	0	0	0	0	0	6226	8322	6602	3014	106	198	0	332	0	0	0	0	0	0	0	0	0	0	0	0	0	0	0	0	0	0	0	0	0	0	0	0	0	0	0	0	0	0	0	0	0	0	0	0	0	0	
559056	Cingulum_Ant_R	378	0	7598	42976	406	3384	1580	310	178	718	452	0	412	92	228	1452	0	242	8168	16910	5092	6070	12698	34518	616	8300	3798	5616	1804	432	21326	0	4760	24402	0	0	0	228	0	0	0	0	0	0	0	0	0	0	0	0	0	0	0	0	0	0	0	0	0	0	0	0	0	0	0	0	0	162	0	0	6140	35326	2130	17576	0	1202	0	1524	0	0	0	98	96	0	0	130	0	0	0	0	0	0	0	0	0	0	0	0	0	0	0	0	0	0	0	0	0	0	0	0	0	0	0	0	0	0	
157236	Cingulum_Mid_L	544	354	6290	2664	0	0	4448	0	180	0	0	0	0	0	410	0	0	0	8018	6392	0	0	7512	2792	0	0	0	0	1798	0	5250	4760	0	13064	1742	584	0	0	0	0	0	0	0	0	1142	382	0	0	1252	344	1190	318	0	0	0	0	168	0	0	0	0	0	0	0	0	0	2362	1858	1270	1298	0	122	110	0	0	0	0	0	0	0	0	0	0	0	0	0	0	0	0	0	0	0	0	0	0	0	0	0	0	0	0	0	0	0	0	0	0	0	0	0	0	0	0	0	0	0	
460804	Cingulum_Mid_R	970	596	9276	25146	0	0	1570	1442	0	0	0	136	0	1678	0	1072	0	0	17946	45402	0	0	14592	25890	0	0	0	0	994	480	4206	24402	13064	0	1078	4552	0	118	0	0	0	0	0	1244	0	1686	0	110	0	1308	0	1330	0	384	0	174	0	1604	0	0	0	0	0	0	0	0	802	10062	3288	9478	122	1368	0	1470	0	0	0	0	0	0	0	0	0	0	0	658	0	0	0	704	0	0	0	0	0	0	0	0	0	0	0	0	0	0	0	0	0	0	0	0	0	0	0	0	0	0	
150076	Cingulum_Post_L	4452	0	816	0	0	0	146	0	0	0	0	0	0	0	0	0	0	0	1670	2050	0	0	0	0	0	0	0	0	416	0	0	0	1742	1078	0	13994	6850	2480	1538	954	0	0	2420	376	2924	144	1056	512	98	0	0	0	0	138	1708	2810	134	0	0	0	0	0	0	0	0	0	6718	4864	3870	1910	0	0	0	0	0	0	3740	0	264	0	0	0	0	0	598	0	0	0	1276	254	0	0	0	0	0	0	0	0	0	0	0	0	0	0	0	0	0	0	0	0	1038	0	0	0	0	0	
178180	Cingulum_Post_R	5462	0	1382	0	0	0	130	0	0	0	0	0	0	0	0	0	0	0	0	4628	0	0	0	0	0	0	0	0	492	0	0	0	584	4552	13994	0	6118	5606	1150	3122	0	0	0	988	204	344	256	1372	0	0	0	102	0	458	398	5374	140	250	0	0	0	0	0	0	0	0	1082	11968	3292	4530	0	0	0	0	0	0	6714	526	282	0	108	0	0	0	800	270	0	0	486	778	0	0	0	0	0	0	0	0	0	0	0	0	0	0	0	0	0	0	0	0	1148	0	0	0	0	0	
247944	Hippocampus_L	8130	0	4404	0	0	0	922	0	0	0	318	0	270	0	0	0	306	0	1784	122	0	0	0	0	0	0	0	0	10846	0	0	0	0	0	6850	6118	0	1596	9580	700	4610	0	1592	166	0	0	3188	390	0	0	122	0	0	0	9198	0	1014	0	0	0	0	0	0	0	0	0	2562	2368	930	0	210	0	9400	0	1290	0	7668	0	1172	0	1698	0	1600	0	6454	0	126	0	15378	0	0	0	0	0	0	0	116	0	0	0	0	0	0	0	0	0	0	0	0	94	680	0	0	0	0	0	
327000	Hippocampus_R	2432	2966	1102	4524	0	0	0	4138	0	0	0	622	0	378	0	0	0	1086	460	1762	0	0	0	280	0	0	0	0	146	9006	0	228	0	118	2480	5606	1596	0	508	27168	0	7886	0	266	0	0	154	1256	0	0	0	0	0	0	140	34328	0	468	0	0	0	0	0	0	0	0	0	1772	1046	0	186	210	0	14614	0	1656	3930	5110	0	380	0	1164	0	2324	120	2764	0	532	134	16238	0	0	0	0	0	0	0	118	0	98	0	0	0	0	0	0	0	0	0	0	0	0	0	0	0	0	
51644	ParaHippocampal_L	372	0	162	0	0	0	0	0	0	0	0	0	0	0	0	0	0	0	0	0	96	0	0	0	0	0	0	0	492	0	0	0	0	0	1538	1150	9580	508	0	202	810	0	396	0	0	0	2310	100	0	0	0	0	0	0	3420	0	0	0	0	0	0	0	0	0	0	0	730	490	114	0	0	0	582	0	0	0	1562	0	0	0	0	0	114	0	0	0	0	0	562	0	0	0	0	0	0	0	190	0	0	0	0	0	0	0	0	0	0	0	0	114	228	0	0	0	0	0	
178316	ParaHippocampal_R	1636	1030	626	1518	0	0	0	1254	0	0	0	242	0	252	0	0	0	292	110	824	0	0	0	0	0	0	0	0	108	3340	0	0	0	0	954	3122	700	27168	202	0	0	3296	0	470	0	0	0	1804	0	0	0	0	0	0	0	19924	0	144	0	0	0	0	0	0	0	0	0	1322	702	0	0	0	0	6744	0	1226	2590	2404	0	0	0	118	0	598	92	356	0	348	98	3100	0	0	0	0	0	0	0	202	0	132	0	0	0	0	0	0	0	0	0	110	0	0	0	0	0	0	
27920	Amygdala_L	0	0	0	0	0	0	0	0	0	0	0	0	0	0	212	0	0	0	0	0	0	0	0	0	0	0	0	0	2406	0	0	0	0	0	0	0	4610	0	810	0	0	0	0	0	0	0	0	0	0	0	0	0	0	0	1778	0	0	0	0	0	0	0	0	0	0	0	0	0	0	0	286	0	840	0	0	0	572	0	0	0	0	0	740	0	0	0	0	0	1706	0	0	0	0	0	0	0	0	0	0	0	0	0	0	0	0	0	0	0	0	0	0	0	0	0	0	0	
52288	Amygdala_R	0	0	0	0	0	0	0	0	0	0	0	0	0	0	0	0	0	0	0	0	0	280	0	0	0	0	0	0	0	1208	0	0	0	0	0	0	0	7886	0	3296	0	0	0	0	0	0	0	0	0	0	0	0	0	0	0	5932	0	0	0	0	0	0	0	0	0	0	0	0	0	0	0	0	0	570	0	0	0	356	0	0	0	0	0	3048	0	100	0	782	0	2686	0	0	0	0	0	0	0	0	0	0	0	0	0	0	0	0	0	0	0	0	0	0	0	0	0	0	
224148	Calcarine_L	278	0	0	0	0	0	0	0	0	0	0	0	0	0	0	0	92	0	0	0	0	0	0	0	0	0	0	0	164	0	0	0	0	0	2420	0	1592	0	396	0	0	0	0	8638	9138	6292	8116	1878	6086	5142	22882	1290	7994	0	7892	188	376	0	0	0	0	0	0	0	0	0	15238	984	1116	0	0	0	0	0	0	0	0	0	152	0	0	0	0	0	760	0	0	0	2256	0	0	0	0	0	0	0	0	0	0	0	0	0	0	0	0	0	0	0	0	0	714	0	0	0	0	0	
268320	Calcarine_R	0	928	0	0	0	0	0	0	0	0	0	0	0	0	0	0	0	0	0	1802	0	0	0	0	0	0	0	0	0	94	0	0	0	1244	376	988	166	266	0	470	0	0	8638	0	2208	19102	534	18742	0	19658	0	12968	0	5824	0	9304	0	1416	0	0	0	98	0	0	0	190	168	16264	0	2736	0	0	0	0	0	0	0	0	0	0	0	118	0	0	0	4954	0	0	0	4010	0	0	0	0	0	0	0	246	0	0	0	0	0	0	0	0	0	0	0	0	648	0	0	0	0	0	
160136	Cuneus_L	272	0	0	0	0	0	0	0	0	0	0	0	0	0	0	0	0	0	228	140	0	0	0	0	0	0	0	0	0	0	0	0	1142	0	2924	204	0	0	0	0	0	0	9138	2208	0	4136	180	150	18498	2024	13116	0	1420	0	862	156	1470	0	1194	0	0	0	0	0	0	0	13612	1618	4222	136	0	0	0	0	0	0	0	0	0	0	0	0	0	0	580	0	0	0	438	0	0	0	0	0	0	0	0	0	0	0	0	0	0	0	0	0	0	0	0	0	0	0	0	0	0	0	
278236	Cuneus_R	0	1006	0	0	0	0	0	0	0	0	0	0	0	0	0	0	0	376	0	1562	0	0	0	0	0	0	0	0	0	770	0	0	382	1686	144	344	0	0	0	0	0	0	6292	19102	4136	0	0	3828	144	33514	0	13958	0	1130	0	1210	0	3036	0	4486	0	224	0	0	0	362	3872	27554	0	6080	0	0	0	0	0	0	0	0	0	0	0	924	0	0	0	2326	0	0	0	670	0	0	0	0	0	0	0	0	0	0	0	0	0	0	0	0	0	0	0	0	0	0	0	0	0	0	
202392	Lingual_L	92	0	0	0	0	0	0	0	0	0	0	0	0	0	0	0	0	0	0	0	0	0	0	0	0	0	0	0	0	0	0	0	0	0	1056	256	3188	154	2310	0	0	0	8116	534	180	0	0	1214	862	230	9080	170	5258	0	15598	156	0	0	0	0	0	0	0	0	0	0	6446	110	0	0	0	0	0	0	0	0	422	0	0	0	0	0	0	0	0	0	0	0	370	0	8892	104	2958	202	186	0	10392	0	14968	128	240	0	1472	0	454	162	422	0	0	278	1546	1826	674	134	210	146	
201812	Lingual_R	120	0	0	128	0	0	0	0	0	0	0	0	0	0	0	0	0	0	0	394	0	0	0	0	0	0	0	0	0	0	0	0	0	110	512	1372	390	1256	100	1804	0	0	1878	18742	150	3828	1214	0	0	6558	0	4964	0	3582	0	14192	0	0	0	0	0	0	0	0	0	0	114	6246	0	310	0	0	0	0	0	0	232	178	0	0	0	0	0	0	0	438	0	0	0	340	354	4570	170	916	0	388	320	4684	1250	7468	0	0	0	182	0	0	0	0	0	178	4292	5022	1960	0	0	0	
136056	Occipital_Sup_L	114	0	0	0	0	0	0	0	0	0	0	0	0	0	0	0	0	0	0	0	0	0	0	0	0	0	0	0	0	0	0	0	1252	0	98	0	0	0	0	0	0	0	6086	0	18498	144	862	0	0	0	23098	0	1366	0	778	0	292	0	4430	0	588	0	0	0	0	0	7948	186	962	0	0	0	0	0	0	0	0	0	0	0	112	0	0	0	608	0	0	0	606	0	0	0	0	0	0	0	0	0	0	0	0	0	0	0	0	0	0	0	0	0	0	0	0	0	0	0	
288636	Occipital_Sup_R	0	732	0	0	0	0	0	0	0	0	0	0	0	0	0	0	0	180	0	1818	0	0	0	0	0	0	0	0	0	636	0	0	344	1308	0	0	0	0	0	0	0	0	5142	19658	2024	33514	230	6558	0	0	0	25930	0	2220	0	2392	0	2452	0	5626	0	1554	0	0	0	4824	206	16790	0	5128	0	0	0	0	0	0	0	0	0	0	0	478	0	0	0	3364	0	0	0	1210	0	0	0	0	0	0	0	0	0	0	0	0	0	0	0	0	0	0	0	0	0	0	0	0	0	0	
477288	Occipital_Mid_L	4658	0	0	0	0	0	0	0	0	0	0	0	0	0	0	0	720	0	0	0	0	0	0	0	0	0	0	0	836	0	0	0	1190	0	0	0	122	0	0	0	0	0	22882	0	13116	0	9080	0	23098	0	0	0	24526	0	12710	0	9378	0	15730	0	22500	0	756	0	15084	0	10968	0	8102	0	0	0	0	0	0	0	0	0	296	0	3146	0	0	0	26614	0	0	0	13132	0	0	0	0	0	0	0	0	0	0	0	0	0	0	0	0	0	0	0	0	0	0	0	0	0	0	0	
293772	Occipital_Mid_R	0	694	92	0	0	0	0	0	0	0	0	0	0	0	0	0	0	106	92	1602	0	0	0	0	0	0	0	0	0	258	0	0	318	1330	0	102	0	0	0	0	0	0	1290	12968	0	13958	170	4964	0	25930	0	0	0	8276	0	5162	0	2532	0	4134	0	7308	0	516	0	17940	0	11448	0	4478	0	0	0	0	0	0	0	0	0	0	0	438	0	0	0	16640	0	0	0	4140	0	0	0	0	0	0	0	0	0	0	0	0	0	0	0	0	0	0	0	0	0	0	0	0	0	0	
175204	Occipital_Inf_L	954	0	0	0	0	0	0	0	0	0	0	0	0	0	0	0	130	0	0	0	0	0	0	0	0	0	0	0	240	0	0	0	0	0	0	0	0	0	0	0	0	0	7994	0	1420	0	5258	0	1366	0	24526	0	0	0	13628	0	2772	0	3722	0	1682	0	0	0	200	0	3516	0	884	0	0	0	0	0	0	0	0	0	254	0	0	0	0	0	7886	0	0	0	10882	0	0	0	0	0	0	0	102	0	186	0	0	0	0	0	0	0	0	0	0	0	0	0	0	0	0	0	
99400	Occipital_Inf_R	0	422	0	0	0	0	0	0	0	0	0	0	0	0	0	0	0	0	0	988	0	0	0	0	0	0	0	0	0	0	0	0	0	384	138	458	0	0	0	0	0	0	0	5824	0	1130	0	3582	0	2220	0	8276	0	0	0	8772	0	574	0	0	0	104	0	136	0	316	0	3452	166	1120	0	0	0	0	0	0	0	0	0	0	0	0	0	0	0	3846	0	0	0	6582	0	0	0	0	0	0	0	324	0	546	0	0	0	0	0	0	0	0	0	0	196	144	0	0	0	0	
342220	Fusiform_L	2598	0	152	0	0	0	0	0	0	0	0	0	0	0	0	0	864	0	0	0	0	0	0	0	0	0	0	0	3868	0	0	0	0	0	1708	398	9198	140	3420	0	1778	0	7892	0	862	0	15598	0	778	0	12710	0	13628	0	0	0	1622	0	0	0	200	0	0	0	0	0	5274	228	554	0	0	0	864	0	0	0	674	0	3268	0	2352	0	714	0	2220	0	528	0	17544	0	18650	0	3328	0	366	0	7134	0	23346	0	1766	0	3488	0	230	0	210	0	0	0	612	346	0	0	0	0	
423004	Fusiform_R	1506	4428	356	1526	0	0	0	1466	0	0	0	252	0	224	0	0	0	356	472	2354	0	0	0	0	0	0	0	0	0	5146	0	0	0	174	2810	5374	0	34328	0	19924	0	5932	188	9304	156	1210	156	14192	0	2392	0	5162	0	8772	0	0	146	1060	0	0	0	0	0	458	0	0	0	6398	1524	1066	268	136	0	8236	0	1146	616	960	0	658	0	872	0	2922	0	2296	0	1520	0	20072	104	11620	0	534	0	128	0	3316	96	13948	0	94	106	1000	0	0	0	0	0	0	956	732	354	0	0	0	
350644	Postcentral_L	30504	796	6012	166	0	0	1778	0	0	0	2926	0	590	0	0	0	12744	0	1278	292	0	0	0	0	0	0	0	0	7724	0	0	0	168	0	134	140	1014	0	0	0	0	0	376	0	1470	0	0	0	292	0	9378	0	2772	0	1622	146	0	0	12732	0	27864	0	9038	0	1610	0	2298	0	5634	258	278	0	672	0	0	0	466	0	2206	0	5644	0	0	0	11902	0	0	0	12398	0	0	0	0	0	0	0	0	0	0	0	0	0	0	0	0	0	0	0	0	0	0	0	0	0	0	0	
123068	Postcentral_R	0	8818	122	418	0	0	0	188	0	0	0	288	0	0	0	0	0	2034	218	762	0	0	0	0	0	0	0	0	0	1154	0	0	0	1604	0	250	0	468	0	144	0	0	0	1416	0	3036	0	0	0	2452	0	2532	0	574	0	1060	0	0	0	2186	0	3284	0	10532	0	606	0	7200	0	4810	0	0	0	710	0	188	0	98	0	314	0	728	0	0	0	1418	0	0	0	1922	0	0	0	0	0	0	0	0	0	0	0	0	0	0	0	0	0	0	0	0	0	0	0	0	0	0	
187752	Parietal_Sup_L	352	0	0	0	0	0	0	0	0	0	0	0	0	0	0	0	330	0	0	0	0	0	0	0	0	0	0	0	154	0	0	0	0	0	0	0	0	0	0	0	0	0	0	0	1194	0	0	0	4430	0	15730	0	3722	0	0	0	12732	0	0	0	16412	0	288	0	1334	0	10720	0	838	0	0	0	0	0	0	0	0	0	0	0	2484	0	0	0	11682	0	0	0	11474	0	0	0	0	0	0	0	0	0	0	0	0	0	0	0	0	0	0	0	0	0	0	0	0	0	0	0	
99812	Parietal_Sup_R	0	0	0	0	0	0	0	0	0	0	0	0	0	0	0	0	0	0	0	0	0	0	0	0	0	0	0	0	0	0	0	0	0	0	0	0	0	0	0	0	0	0	0	0	0	4486	0	0	0	5626	0	4134	0	0	0	0	0	2186	0	0	0	7798	0	438	0	8694	1834	9928	0	710	0	0	0	0	0	0	0	0	0	0	0	276	0	0	0	2924	0	0	0	872	0	0	0	0	0	0	0	0	0	0	0	0	0	0	0	0	0	0	0	0	0	0	0	0	0	0	
271288	Parietal_Inf_L	5094	0	248	0	0	0	150	0	0	0	0	0	0	0	0	0	2018	0	118	0	0	0	0	0	0	0	0	0	2146	0	0	0	0	0	0	0	0	0	0	0	0	0	0	0	0	0	0	0	588	0	22500	0	1682	0	200	0	27864	0	16412	0	0	0	10538	0	16430	0	628	0	692	0	0	0	0	0	0	0	0	0	214	0	6048	0	0	0	13712	0	0	0	8362	0	0	0	0	0	0	0	0	0	0	0	0	0	0	0	0	0	0	0	0	0	0	0	0	0	0	0	
100164	Parietal_Inf_R	0	456	0	0	0	0	0	0	0	0	0	0	0	0	0	0	0	0	0	0	0	0	0	0	0	0	0	0	0	0	0	0	0	0	0	0	0	0	0	0	0	0	0	98	0	224	0	0	0	1554	0	7308	0	104	0	0	0	3284	0	7798	0	0	0	6428	0	15434	0	944	0	118	0	0	0	0	0	0	0	0	0	0	0	594	0	0	0	4550	0	0	0	1188	0	0	0	0	0	0	0	0	0	0	0	0	0	0	0	0	0	0	0	0	0	0	0	0	0	0	
67960	SupraMarginal_L	1722	0	154	0	0	0	0	0	0	0	0	0	0	0	0	0	2422	0	0	0	0	0	0	0	0	0	0	0	492	0	0	0	0	0	0	0	0	0	0	0	0	0	0	0	0	0	0	0	0	0	756	0	0	0	0	0	9038	0	288	0	10538	0	0	0	2432	0	0	0	0	0	0	0	0	0	0	0	0	0	124	0	4318	0	0	0	1696	0	0	0	0	0	0	0	0	0	0	0	0	0	0	0	0	0	0	0	0	0	0	0	0	0	0	0	0	0	0	0	
88684	SupraMarginal_R	0	2694	226	860	0	0	0	194	0	0	0	0	0	0	0	0	0	1832	386	698	0	0	0	0	0	0	0	0	0	172	0	0	0	0	0	0	0	0	0	0	0	0	0	0	0	0	0	0	0	0	0	516	0	136	0	458	0	10532	0	438	0	6428	0	0	0	6648	0	196	0	430	0	0	0	0	0	0	0	0	0	166	0	3368	0	0	0	5192	0	0	0	2772	0	0	0	0	0	0	0	0	0	0	0	0	0	0	0	0	0	0	0	0	0	0	0	0	0	0	
101388	Angular_L	1142	0	0	0	0	0	0	0	0	0	0	0	0	0	0	0	150	0	0	0	0	0	0	0	0	0	0	0	0	0	0	0	0	0	0	0	0	0	0	0	0	0	0	0	0	0	0	0	0	0	15084	0	200	0	0	0	1610	0	1334	0	16430	0	2432	0	0	0	478	0	540	0	0	0	0	0	0	0	0	0	0	0	1544	0	0	0	8750	0	0	0	1000	0	0	0	0	0	0	0	0	0	0	0	0	0	0	0	0	0	0	0	0	0	0	0	0	0	0	0	
151528	Angular_R	0	102	284	154	0	0	0	0	0	0	0	0	0	0	0	0	0	212	284	308	0	0	0	0	0	0	0	0	0	0	0	0	0	0	0	0	0	0	0	0	0	0	0	190	0	362	0	0	0	4824	0	17940	0	316	0	0	0	606	0	8694	0	15434	0	6648	0	0	0	544	0	124	0	0	0	0	0	0	0	0	0	0	0	3224	0	0	0	11856	0	0	0	3658	0	0	0	0	0	0	0	0	0	0	0	0	0	0	0	0	0	0	0	0	0	0	0	0	0	0	
236660	Precuneus_L	270	0	0	0	0	0	0	0	0	0	0	0	0	0	0	0	0	0	268	100	0	0	0	0	0	0	0	0	0	0	0	0	2362	802	6718	1082	2562	0	730	0	0	0	15238	168	13612	3872	6446	114	7948	206	10968	0	3516	0	5274	0	2298	0	10720	1834	628	0	0	0	478	0	0	8718	4532	410	0	0	0	0	0	0	0	0	0	0	0	0	0	0	2326	0	0	0	3360	0	0	0	0	0	0	0	0	0	0	0	0	0	0	0	0	0	0	0	0	0	770	0	0	0	0	0	
386860	Precuneus_R	1268	2348	652	316	0	0	0	176	0	0	0	0	0	0	0	0	0	642	274	4884	0	0	0	144	0	0	0	0	180	1282	0	162	1858	10062	4864	11968	2368	1772	490	1322	0	0	984	16264	1618	27554	110	6246	186	16790	0	11448	0	3452	228	6398	0	7200	0	9928	0	944	0	196	0	544	8718	0	730	13738	0	162	0	234	0	0	1712	158	188	114	0	1424	0	0	0	3894	0	0	0	3480	0	0	0	0	0	0	0	416	0	0	0	0	0	0	0	0	0	0	0	0	1340	0	0	0	0	0	
216564	Paracentral_Lobule_L	21094	1666	3030	192	0	0	0	0	0	0	0	0	0	0	0	0	544	0	3524	11172	0	0	0	0	0	0	0	0	178	0	0	0	1270	3288	3870	3292	930	1046	114	702	0	0	1116	0	4222	0	0	0	962	0	8102	0	884	166	554	1524	5634	0	838	0	692	0	0	0	540	0	4532	730	0	8078	588	0	0	0	604	0	5574	0	112	0	676	0	0	0	3620	0	0	0	2270	352	0	0	0	0	0	0	0	0	0	0	0	0	0	0	0	0	0	0	0	0	0	0	0	0	0	0	
233132	Paracentral_Lobule_R	1816	3716	270	0	0	0	0	0	0	0	0	0	0	0	0	0	0	262	1378	29884	0	0	0	0	0	0	0	0	92	402	0	0	1298	9478	1910	4530	0	0	0	0	0	0	0	2736	136	6080	0	310	0	5128	0	4478	0	1120	0	1066	258	4810	0	710	0	118	0	430	0	124	410	13738	8078	0	1932	0	0	0	176	0	1780	0	0	0	0	1186	0	0	0	4172	0	0	0	2554	0	0	0	0	0	0	0	0	0	0	0	0	0	0	0	0	0	0	0	0	0	0	0	0	0	0	
299592	Caudate_L	1900	2150	17508	3400	922	690	930	0	584	0	2054	0	876	0	1372	240	702	0	16852	4014	7086	9336	2204	1538	434	1708	3068	2724	7506	212	6226	6140	0	122	0	0	210	186	0	0	286	0	0	0	0	0	0	0	0	0	0	0	0	0	0	268	278	0	0	0	0	0	0	0	0	0	0	0	588	1932	0	11652	15904	2610	2838	272	8648	610	0	0	448	0	568	0	0	0	0	0	0	0	0	0	0	0	0	0	0	0	0	0	0	0	0	0	0	0	0	0	0	0	0	0	0	0	0	0	
426440	Caudate_R	228	1270	5976	29374	94	3928	984	414	508	424	1188	0	810	0	474	1268	166	246	4870	19324	2510	6132	2124	16614	132	5392	1648	3984	3030	388	8322	35326	122	1368	0	0	0	210	0	0	0	0	0	0	0	0	0	0	0	0	0	0	0	0	0	136	0	0	0	0	0	0	0	0	0	0	0	162	0	0	11652	0	4128	20728	0	2552	228	14296	0	0	0	98	262	0	0	130	0	0	0	0	0	0	0	0	0	0	0	0	0	0	0	0	0	0	0	0	0	0	0	0	0	0	0	0	0	0	
340564	Putamen_L	6756	138	26428	656	4148	288	4946	0	830	0	1266	0	2100	0	6198	114	820	0	17318	324	3130	4448	3398	452	474	686	1922	1432	24242	120	6602	2130	110	0	0	0	9400	0	582	0	840	0	0	0	0	0	0	0	0	0	0	0	0	0	864	0	672	0	0	0	0	0	0	0	0	0	0	0	0	0	15904	4128	0	894	6788	0	2730	0	110	0	512	0	560	0	1430	0	0	0	3392	0	0	0	0	0	0	0	0	0	0	0	0	0	0	0	0	0	0	0	0	0	0	0	0	0	0	0	
375064	Putamen_R	0	2164	844	21544	0	3994	0	9734	0	796	0	2088	0	3296	0	3240	0	1354	1052	7802	448	2768	810	8168	0	4828	326	3438	0	20368	3014	17576	0	1470	0	0	0	14614	0	6744	0	570	0	0	0	0	0	0	0	0	0	0	0	0	0	8236	0	710	0	0	0	0	0	0	0	0	0	234	0	0	2610	20728	894	0	0	4478	0	1856	0	0	0	110	0	548	0	688	0	0	0	3390	0	0	0	0	0	0	0	0	0	0	0	0	0	0	0	0	0	0	0	0	0	0	0	0	0	0	
60652	Pallidum_L	2188	0	4988	0	0	0	228	0	0	0	0	0	0	0	0	0	204	0	6466	372	0	0	0	0	0	0	0	0	1210	0	106	0	0	0	0	0	1290	0	0	0	0	0	0	0	0	0	0	0	0	0	0	0	0	0	0	0	0	0	0	0	0	0	0	0	0	0	0	0	604	176	2838	0	6788	0	0	0	2738	0	0	0	130	0	0	0	0	0	0	0	0	0	0	0	0	0	0	0	0	0	0	0	0	0	0	0	0	0	0	0	0	0	0	0	0	0	0	0	
41832	Pallidum_R	0	652	496	2000	0	224	0	894	0	0	0	230	0	92	0	0	0	0	526	1204	0	0	116	584	0	226	0	124	0	360	198	1202	0	0	0	0	0	1656	0	1226	0	0	0	0	0	0	0	0	0	0	0	0	0	0	0	1146	0	188	0	0	0	0	0	0	0	0	0	0	0	0	272	2552	0	4478	0	0	0	0	0	0	0	0	0	0	0	0	0	0	0	270	0	0	0	0	0	0	0	0	0	0	0	0	0	0	0	0	0	0	0	0	0	0	0	0	0	0	
189512	Thalamus_L	13858	1064	8948	100	0	0	324	0	0	0	0	0	144	0	0	0	1086	0	2216	3266	0	0	0	0	0	0	0	0	6896	0	0	0	0	0	3740	6714	7668	3930	1562	2590	572	0	0	0	0	0	422	232	0	0	0	0	0	0	674	616	466	0	0	0	0	0	0	0	0	0	0	1712	5574	1780	8648	228	2730	0	2738	0	0	1340	158	0	912	0	0	0	740	0	0	0	804	0	0	0	0	0	0	0	0	0	0	0	0	0	0	0	0	0	0	0	0	0	304	0	0	0	0	0	
149380	Thalamus_R	0	3358	946	14910	0	0	0	2136	0	0	138	326	0	0	0	0	0	268	1062	18902	0	0	154	780	0	0	0	0	146	1704	332	1524	0	0	0	526	0	5110	0	2404	0	356	0	0	0	0	0	178	0	0	0	0	0	0	0	960	0	98	0	0	0	0	0	0	0	0	0	158	0	0	610	14296	0	1856	0	0	1340	0	0	0	0	0	0	0	0	0	0	0	0	112	0	0	0	0	0	0	0	0	0	0	0	0	0	0	0	0	0	0	0	0	0	0	0	0	0	0	
59992	Heschl_L	3310	0	774	0	0	0	440	0	0	0	242	0	0	0	0	0	2688	0	202	0	0	0	0	0	0	0	0	0	4988	0	0	0	0	0	264	282	1172	0	0	0	0	0	152	0	0	0	0	0	0	0	296	0	254	0	3268	0	2206	0	0	0	214	0	124	0	0	0	0	188	112	0	0	0	110	0	0	0	158	0	0	0	4106	0	0	0	1956	0	0	0	2490	0	0	0	0	0	0	0	0	0	0	0	0	0	0	0	0	0	0	0	0	0	0	0	0	0	0	0	
24456	Heschl_R	0	398	0	174	0	0	0	148	0	0	0	116	0	0	0	0	0	2314	0	0	0	0	0	0	0	0	0	0	0	2608	0	0	0	0	0	0	0	380	0	0	0	0	0	0	0	0	0	0	0	0	0	0	0	0	0	658	0	314	0	0	0	0	0	166	0	0	0	114	0	0	0	0	0	0	0	0	0	0	0	0	0	3818	0	0	0	742	0	0	0	278	0	0	0	0	0	0	0	0	0	0	0	0	0	0	0	0	0	0	0	0	0	0	0	0	0	0	
159060	Temporal_Sup_L	3988	0	1148	0	0	0	438	0	0	0	186	0	0	0	0	0	5074	0	250	0	0	0	0	0	0	0	0	0	4964	0	0	0	0	0	0	108	1698	0	0	0	0	0	0	0	0	0	0	0	112	0	3146	0	0	0	2352	0	5644	0	2484	0	6048	0	4318	0	1544	0	0	0	676	0	448	0	512	0	130	0	912	0	4106	0	0	0	2602	0	21256	0	0	0	5386	0	0	0	0	0	0	0	0	0	0	0	0	0	0	0	0	0	0	0	0	0	0	0	0	0	0	0	
103172	Temporal_Sup_R	0	1634	136	156	0	0	0	190	0	0	0	0	0	0	0	0	0	3174	136	1060	0	0	0	0	0	0	0	0	0	4466	0	98	0	0	0	0	0	1164	0	118	0	0	0	118	0	924	0	0	0	478	0	438	0	0	0	872	0	728	0	276	0	594	0	3368	0	3224	0	1424	0	1186	0	98	0	110	0	0	0	0	0	3818	0	0	0	3220	0	16212	0	322	0	1844	0	0	0	0	0	0	0	0	0	0	0	0	0	0	0	0	0	0	0	0	0	0	0	0	0	0	
62692	Temporal_Pole_Sup_L	136	0	756	96	112	0	174	0	0	0	1918	0	460	0	912	0	1528	0	596	0	0	0	0	0	0	0	0	0	3506	0	0	96	0	0	0	0	1600	0	114	0	740	0	0	0	0	0	0	0	0	0	0	0	0	0	714	0	0	0	0	0	0	0	0	0	0	0	0	0	0	0	568	262	560	0	0	0	0	0	0	0	2602	0	0	0	6406	0	3148	0	4342	0	0	0	0	0	0	0	0	0	0	0	0	0	0	0	0	0	0	0	0	0	0	0	0	0	0	0	
50528	Temporal_Pole_Sup_R	0	0	0	0	0	0	0	0	0	0	0	0	0	0	0	0	0	232	0	0	0	0	0	0	0	0	0	0	0	946	0	0	0	0	0	0	0	2324	0	598	0	3048	0	0	0	0	0	0	0	0	0	0	0	0	0	2922	0	0	0	0	0	0	0	0	0	0	0	0	0	0	0	0	0	548	0	0	0	0	0	0	0	3220	0	0	0	4692	0	3492	0	3242	0	0	0	0	0	0	0	0	0	0	0	0	0	0	0	0	0	0	0	0	0	0	0	0	0	0	
354988	Temporal_Mid_L	6880	0	456	0	0	0	172	0	0	0	144	0	112	0	0	0	1010	0	160	0	0	0	0	0	0	0	0	0	2392	0	0	0	0	0	598	800	6454	120	0	92	0	0	760	0	580	0	0	0	608	0	26614	0	7886	0	2220	0	11902	0	11682	0	13712	0	1696	0	8750	0	2326	0	3620	0	0	0	1430	0	0	0	740	0	1956	0	21256	0	6406	0	0	0	3340	0	30620	0	0	0	0	0	0	0	0	0	0	0	0	0	0	0	0	0	0	0	0	0	0	0	0	0	0	0	
266900	Temporal_Mid_R	0	1282	422	238	0	0	0	188	0	0	0	0	0	0	0	0	0	568	422	3858	0	0	0	98	0	0	0	0	0	1862	0	130	0	658	0	270	0	2764	0	356	0	100	0	4954	0	2326	0	438	0	3364	0	16640	0	3846	0	2296	0	1418	0	2924	0	4550	0	5192	0	11856	0	3894	0	4172	0	130	0	688	0	0	0	0	0	742	0	16212	0	4692	0	0	0	1416	0	28484	0	0	0	0	0	0	0	0	0	0	0	0	0	0	0	0	0	0	0	0	0	0	0	0	0	0	
20524	Temporal_Pole_Mid_L	0	0	0	0	0	0	0	0	0	0	0	0	0	0	0	0	0	0	0	0	0	0	0	0	0	0	0	0	0	0	0	0	0	0	0	0	126	0	0	0	0	0	0	0	0	0	0	0	0	0	0	0	0	0	528	0	0	0	0	0	0	0	0	0	0	0	0	0	0	0	0	0	0	0	0	0	0	0	0	0	0	0	3148	0	3340	0	0	0	3120	0	0	0	0	0	0	0	0	0	0	0	0	0	0	0	0	0	0	0	0	0	0	0	0	0	0	0	
22604	Temporal_Pole_Mid_R	0	0	0	0	0	0	0	0	0	0	0	0	0	0	0	0	0	0	0	0	0	0	0	0	0	0	0	0	0	0	0	0	0	0	0	0	0	532	0	348	0	782	0	0	0	0	0	0	0	0	0	0	0	0	0	1520	0	0	0	0	0	0	0	0	0	0	0	0	0	0	0	0	0	0	0	0	0	0	0	0	0	322	0	3492	0	1416	0	0	0	2890	0	0	0	0	0	0	0	0	0	0	0	0	0	0	0	0	0	0	0	0	0	0	0	0	0	0	
338180	Temporal_Inf_L	5136	0	678	0	0	0	174	0	0	0	104	0	120	0	0	0	528	0	212	0	0	0	0	0	0	0	0	0	5702	0	0	0	0	0	1276	486	15378	134	562	98	1706	0	2256	0	438	0	370	0	606	0	13132	0	10882	0	17544	0	12398	0	11474	0	8362	0	0	0	1000	0	3360	0	2270	0	0	0	3392	0	0	0	804	0	2490	0	5386	0	4342	0	30620	0	3120	0	0	0	1244	0	430	0	0	0	0	0	172	0	218	0	294	0	0	0	0	0	0	0	192	0	0	0	0	0	
250752	Temporal_Inf_R	142	1202	0	226	0	0	0	420	0	0	0	0	0	0	0	0	0	136	0	2414	0	0	0	0	0	0	0	0	0	2208	0	0	0	704	254	778	0	16238	0	3100	0	2686	0	4010	0	670	0	340	0	1210	0	4140	0	6582	0	20072	0	1922	0	872	0	1188	0	2772	0	3658	0	3480	352	2554	0	0	0	3390	0	270	0	112	0	278	0	1844	0	3242	0	28484	0	2890	0	0	0	536	0	0	0	0	0	0	0	0	0	0	0	0	0	0	0	0	0	0	0	0	0	0	0	0	
366068	Cerebelum_Crus1_L	0	0	0	0	0	0	0	0	0	0	0	0	0	0	0	0	0	0	0	0	0	0	0	0	0	0	0	0	0	0	0	0	0	0	0	0	0	0	0	0	0	0	0	0	0	0	8892	354	0	0	0	0	0	0	18650	104	0	0	0	0	0	0	0	0	0	0	0	0	0	0	0	0	0	0	0	0	0	0	0	0	0	0	0	0	0	0	0	0	1244	0	0	1780	31848	1982	1346	0	18476	550	48890	1258	10686	0	20204	0	3832	0	4334	0	0	0	2056	2964	3260	172	152	0	
315264	Cerebelum_Crus1_R	0	0	0	0	0	0	0	0	0	0	0	0	0	0	0	0	0	0	0	0	0	0	0	0	0	0	0	0	0	0	0	0	0	0	0	0	0	0	0	0	0	0	0	0	0	0	104	4570	0	0	0	0	0	0	0	11620	0	0	0	0	0	0	0	0	0	0	0	0	0	0	0	0	0	0	0	0	0	0	0	0	0	0	0	0	0	0	0	0	0	536	1780	0	190	28644	0	1602	180	13826	652	42510	0	6192	2542	17534	1106	938	1088	470	0	1122	7112	4538	7260	1006	510	0	
314460	Cerebelum_Crus2_L	0	0	0	0	0	0	0	0	0	0	0	0	0	0	0	0	0	0	0	0	0	0	0	0	0	0	0	0	0	0	0	0	0	0	0	0	0	0	0	0	0	0	0	0	0	0	2958	170	0	0	0	0	0	0	3328	0	0	0	0	0	0	0	0	0	0	0	0	0	0	0	0	0	0	0	0	0	0	0	0	0	0	0	0	0	0	0	0	0	430	0	31848	190	0	7922	108	0	2856	0	10910	144	35686	1938	35314	1118	8010	122	4064	0	0	0	276	1058	6220	2280	280	0	
281024	Cerebelum_Crus2_R	0	0	0	0	0	0	0	0	0	0	0	0	0	0	0	0	0	0	0	0	0	0	0	0	0	0	0	0	0	0	0	0	0	0	0	0	0	0	0	0	0	0	0	0	0	0	202	916	0	0	0	0	0	0	0	534	0	0	0	0	0	0	0	0	0	0	0	0	0	0	0	0	0	0	0	0	0	0	0	0	0	0	0	0	0	0	0	0	0	0	1982	28644	7922	0	0	606	0	2526	758	8710	5336	21114	6752	23340	2202	3508	1570	536	0	828	3502	1932	11410	4934	748	0	
28140	Cerebelum_3_L	0	0	0	0	0	0	0	0	0	0	0	0	0	0	0	0	0	0	0	0	0	0	0	0	0	0	0	0	0	0	0	0	0	0	0	0	0	0	0	0	0	0	0	0	0	0	186	0	0	0	0	0	0	0	366	0	0	0	0	0	0	0	0	0	0	0	0	0	0	0	0	0	0	0	0	0	0	0	0	0	0	0	0	0	0	0	0	0	0	0	1346	0	108	0	0	0	6766	0	1790	0	0	0	512	0	1022	0	476	0	524	748	226	0	0	0	0	0	
41720	Cerebelum_3_R	0	0	0	0	0	0	0	0	0	0	0	0	0	0	0	0	0	0	0	0	0	0	0	0	0	0	0	0	0	0	0	0	0	0	0	0	0	0	0	0	0	0	0	0	0	0	0	388	0	0	0	0	0	0	0	128	0	0	0	0	0	0	0	0	0	0	0	0	0	0	0	0	0	0	0	0	0	0	0	0	0	0	0	0	0	0	0	0	0	0	0	1602	0	606	0	0	0	4604	0	4102	0	166	0	1466	0	174	0	92	640	3896	1602	318	352	424	300	0	
195324	Cerebelum_4_5_L	0	0	0	0	0	0	0	0	0	0	0	0	0	0	0	0	0	0	0	0	0	0	0	0	0	0	0	0	0	0	0	0	0	0	0	0	116	0	190	0	0	0	0	0	0	0	10392	320	0	0	0	0	102	0	7134	0	0	0	0	0	0	0	0	0	0	0	0	0	0	0	0	0	0	0	0	0	0	0	0	0	0	0	0	0	0	0	0	0	0	0	18476	180	2856	0	6766	0	0	0	25322	288	778	0	4924	0	3810	584	1454	120	300	1152	5810	3886	230	362	986	1124	
140140	Cerebelum_4_5_R	0	0	0	0	0	0	0	0	0	0	0	0	0	0	0	0	0	0	0	0	0	0	0	0	0	0	0	0	0	0	0	0	0	0	0	0	0	118	0	202	0	0	0	246	0	0	0	4684	0	0	0	0	0	324	0	3316	0	0	0	0	0	0	0	0	0	0	0	416	0	0	0	0	0	0	0	0	0	0	0	0	0	0	0	0	0	0	0	0	0	0	550	13826	0	2526	0	4604	0	0	0	22466	0	208	774	2634	238	158	226	204	0	2022	7290	930	1402	388	318	0	
318276	Cerebelum_6_L	0	0	0	0	0	0	0	0	0	0	0	0	0	0	0	0	0	0	0	0	0	0	0	0	0	0	0	0	0	0	0	0	0	0	0	0	0	0	0	0	0	0	0	0	0	0	14968	1250	0	0	0	0	186	0	23346	96	0	0	0	0	0	0	0	0	0	0	0	0	0	0	0	0	0	0	0	0	0	0	0	0	0	0	0	0	0	0	0	0	172	0	48890	652	10910	758	1790	0	25322	0	0	648	4152	0	10916	0	2618	0	2738	0	0	0	2718	5056	1952	0	0	0	
287940	Cerebelum_6_R	0	0	0	0	0	0	0	0	0	0	0	0	0	0	0	0	0	0	0	0	0	0	0	0	0	0	0	0	0	0	0	0	0	0	0	0	0	98	0	132	0	0	0	0	0	0	128	7468	0	0	0	0	0	546	0	13948	0	0	0	0	0	0	0	0	0	0	0	0	0	0	0	0	0	0	0	0	0	0	0	0	0	0	0	0	0	0	0	0	0	0	1258	42510	144	8710	0	4102	288	22466	648	0	0	904	1590	9304	592	770	574	810	0	2028	9416	6236	6786	1648	866	0	
244572	Cerebelum_7b_L	0	0	0	0	0	0	0	0	0	0	0	0	0	0	0	0	0	0	0	0	0	0	0	0	0	0	0	0	0	0	0	0	0	0	0	0	0	0	0	0	0	0	0	0	0	0	240	0	0	0	0	0	0	0	1766	0	0	0	0	0	0	0	0	0	0	0	0	0	0	0	0	0	0	0	0	0	0	0	0	0	0	0	0	0	0	0	0	0	218	0	10686	0	35686	5336	0	0	778	0	4152	0	0	1928	37566	2286	8842	222	3478	0	0	110	212	114	3588	4704	374	0	
145808	Cerebelum_7b_R	0	0	0	0	0	0	0	0	0	0	0	0	0	0	0	0	0	0	0	0	0	0	0	0	0	0	0	0	0	0	0	0	0	0	0	0	0	0	0	0	0	0	0	0	0	0	0	0	0	0	0	0	0	0	0	94	0	0	0	0	0	0	0	0	0	0	0	0	0	0	0	0	0	0	0	0	0	0	0	0	0	0	0	0	0	0	0	0	0	0	0	6192	1938	21114	0	166	0	208	0	904	1928	0	2036	24680	630	6888	300	206	0	172	202	0	1662	2992	592	0	
388504	Cerebelum_8_L	0	0	0	0	0	0	0	0	0	0	0	0	0	0	0	0	0	0	0	0	0	0	0	0	0	0	0	0	0	0	0	0	0	0	0	0	0	0	0	0	0	0	0	0	0	0	1472	0	0	0	0	0	0	0	3488	106	0	0	0	0	0	0	0	0	0	0	0	0	0	0	0	0	0	0	0	0	0	0	0	0	0	0	0	0	0	0	0	0	294	0	20204	2542	35314	6752	512	0	4924	774	10916	1590	37566	2036	0	6092	24872	2602	9810	448	0	180	908	594	6426	10222	3518	90	
255756	Cerebelum_8_R	0	0	0	0	0	0	0	0	0	0	0	0	0	0	0	0	0	0	0	0	0	0	0	0	0	0	0	0	0	0	0	0	0	0	0	0	0	0	0	0	0	0	0	0	0	0	0	182	0	0	0	0	0	0	0	1000	0	0	0	0	0	0	0	0	0	0	0	0	0	0	0	0	0	0	0	0	0	0	0	0	0	0	0	0	0	0	0	0	0	0	0	17534	1118	23340	0	1466	0	2634	0	9304	2286	24680	6092	0	2308	15148	342	1244	0	1150	2632	738	2368	8910	3402	0	
168852	Cerebelum_9_L	0	0	0	0	0	0	0	0	0	0	0	0	0	0	0	0	0	0	0	0	0	0	0	0	0	0	0	0	0	0	0	0	0	0	0	0	0	0	0	0	0	0	0	0	0	0	454	0	0	0	0	0	0	0	230	0	0	0	0	0	0	0	0	0	0	0	0	0	0	0	0	0	0	0	0	0	0	0	0	0	0	0	0	0	0	0	0	0	0	0	3832	1106	8010	2202	1022	0	3810	238	2618	592	8842	630	24872	2308	0	1792	10380	256	0	104	1086	504	2664	3932	2736	206	
103232	Cerebelum_9_R	0	0	0	0	0	0	0	0	0	0	0	0	0	0	0	0	0	0	0	0	0	0	0	0	0	0	0	0	0	0	0	0	0	0	0	0	0	0	0	0	0	0	0	0	0	0	162	0	0	0	0	0	0	0	0	0	0	0	0	0	0	0	0	0	0	0	0	0	0	0	0	0	0	0	0	0	0	0	0	0	0	0	0	0	0	0	0	0	0	0	0	938	122	3508	0	174	584	158	0	770	222	6888	2602	15148	1792	0	102	3350	0	118	1308	1432	1236	4434	5344	1224	
89228	Cerebelum_10_L	0	0	0	0	0	0	0	0	0	0	0	0	0	0	0	0	0	0	0	0	0	0	0	0	0	0	0	0	0	0	0	0	0	0	0	0	0	0	0	0	0	0	0	0	0	0	422	0	0	0	0	0	0	0	210	0	0	0	0	0	0	0	0	0	0	0	0	0	0	0	0	0	0	0	0	0	0	0	0	0	0	0	0	0	0	0	0	0	0	0	4334	1088	4064	1570	476	0	1454	226	2738	574	3478	300	9810	342	10380	102	0	0	0	0	198	210	1812	712	114	0	
24464	Cerebelum_10_R	0	0	0	0	0	0	0	0	0	0	0	0	0	0	0	0	0	0	0	0	0	0	0	0	0	0	0	0	0	0	0	0	0	0	0	0	0	0	0	0	0	0	0	0	0	0	0	0	0	0	0	0	0	0	0	0	0	0	0	0	0	0	0	0	0	0	0	0	0	0	0	0	0	0	0	0	0	0	0	0	0	0	0	0	0	0	0	0	0	0	0	470	0	536	0	92	120	204	0	810	0	206	448	1244	256	3350	0	0	0	0	376	328	716	1512	1428	136	
11712	Vermis_1_2	0	0	0	0	0	0	0	0	0	0	0	0	0	0	0	0	0	0	0	0	0	0	0	0	0	0	0	0	0	0	0	0	0	0	0	0	0	0	0	0	0	0	0	0	0	0	0	0	0	0	0	0	0	0	0	0	0	0	0	0	0	0	0	0	0	0	0	0	0	0	0	0	0	0	0	0	0	0	0	0	0	0	0	0	0	0	0	0	0	0	0	0	0	0	524	640	300	0	0	0	0	0	0	0	0	0	0	0	0	3914	478	0	0	0	0	0	
45168	Vermis_3	0	0	0	0	0	0	0	0	0	0	0	0	0	0	0	0	0	0	0	0	0	0	0	0	0	0	0	0	0	0	0	0	0	0	0	0	94	0	114	110	0	0	0	0	0	0	278	178	0	0	0	0	0	0	0	0	0	0	0	0	0	0	0	0	0	0	0	0	0	0	0	0	0	0	0	0	0	0	0	0	0	0	0	0	0	0	0	0	0	0	0	1122	0	828	748	3896	1152	2022	0	2028	110	172	180	1150	104	118	0	0	3914	0	2316	166	496	974	314	0	
163896	Vermis_4_5	0	0	0	0	0	0	0	0	0	0	0	0	0	0	0	0	0	0	0	0	0	0	0	0	0	0	0	0	0	0	0	0	0	0	1038	1148	680	0	228	0	0	0	714	648	0	0	1546	4292	0	0	0	0	0	196	612	956	0	0	0	0	0	0	0	0	0	0	770	1340	0	0	0	0	0	0	0	0	304	0	0	0	0	0	0	0	0	0	0	0	192	0	2056	7112	276	3502	226	1602	5810	7290	2718	9416	212	202	908	2632	1086	1308	198	376	478	2316	0	8342	2334	2410	2354	2120	
117428	Vermis_6	0	0	0	0	0	0	0	0	0	0	0	0	0	0	0	0	0	0	0	0	0	0	0	0	0	0	0	0	0	0	0	0	0	0	0	0	0	0	0	0	0	0	0	0	0	0	1826	5022	0	0	0	0	0	144	346	732	0	0	0	0	0	0	0	0	0	0	0	0	0	0	0	0	0	0	0	0	0	0	0	0	0	0	0	0	0	0	0	0	0	0	2964	4538	1058	1932	0	318	3886	930	5056	6236	114	0	594	738	504	1432	210	328	0	166	8342	0	5738	1414	2072	2074	
155308	Vermis_7	0	0	0	0	0	0	0	0	0	0	0	0	0	0	0	0	0	0	0	0	0	0	0	0	0	0	0	0	0	0	0	0	0	0	0	0	0	0	0	0	0	0	0	0	0	0	674	1960	0	0	0	0	0	0	0	354	0	0	0	0	0	0	0	0	0	0	0	0	0	0	0	0	0	0	0	0	0	0	0	0	0	0	0	0	0	0	0	0	0	0	3260	7260	6220	11410	0	352	230	1402	1952	6786	3588	1662	6426	2368	2664	1236	1812	716	0	496	2334	5738	0	4546	2054	154	
130620	Vermis_8	0	0	0	0	0	0	0	0	0	0	0	0	0	0	0	0	0	0	0	0	0	0	0	0	0	0	0	0	0	0	0	0	0	0	0	0	0	0	0	0	0	0	0	0	0	0	134	0	0	0	0	0	0	0	0	0	0	0	0	0	0	0	0	0	0	0	0	0	0	0	0	0	0	0	0	0	0	0	0	0	0	0	0	0	0	0	0	0	0	0	172	1006	2280	4934	0	424	362	388	0	1648	4704	2992	10222	8910	3932	4434	712	1512	0	974	2410	1414	4546	0	6524	676	
