data	data	453400	294104	936992	919900	102836	97232	491560	325428	63420	63064	229032	218228	259432	261264	144312	153620	187276	149864	901748	1.05891e+06	67932	56356	492536	455320	20872	89012	39848	55048	712340	444516	335396	505312	158680	593992	160964	165496	293988	299740	63032	192436	34756	58012	211192	261964	125000	204816	259848	252860	131252	285044	347144	188284	84816	89616	418060	390828	300352	238720	107104	69340	266868	95148	162560	105320	157404	118224	247072	437448	293980	281832	447728	552640	427948	419996	46236	21972	112216	164540	49188	19296	160072	78632	84408	91620	220608	185752	25012	24444	270152	192252	364480	392540	244876	267236	17224	69780	249280	206936	336808	373520	197768	129772	270844	327684	118552	123112	13968	6704	16604	52368	283076	162296	148996	109176	78332	25028	
data	data	Precentral_L	Precentral_R	Frontal_Sup_L	Frontal_Sup_R	Frontal_Sup_Orb_L	Frontal_Sup_Orb_R	Frontal_Mid_L	Frontal_Mid_R	Frontal_Mid_Orb_L	Frontal_Mid_Orb_R	Frontal_Inf_Oper_L	Frontal_Inf_Oper_R	Frontal_Inf_Tri_L	Frontal_Inf_Tri_R	Frontal_Inf_Orb_L	Frontal_Inf_Orb_R	Rolandic_Oper_L	Rolandic_Oper_R	Supp_Motor_Area_L	Supp_Motor_Area_R	Olfactory_L	Olfactory_R	Frontal_Sup_Medial_L	Frontal_Sup_Medial_R	Frontal_Med_Orb_L	Frontal_Med_Orb_R	Rectus_L	Rectus_R	Insula_L	Insula_R	Cingulum_Ant_L	Cingulum_Ant_R	Cingulum_Mid_L	Cingulum_Mid_R	Cingulum_Post_L	Cingulum_Post_R	Hippocampus_L	Hippocampus_R	ParaHippocampal_L	ParaHippocampal_R	Amygdala_L	Amygdala_R	Calcarine_L	Calcarine_R	Cuneus_L	Cuneus_R	Lingual_L	Lingual_R	Occipital_Sup_L	Occipital_Sup_R	Occipital_Mid_L	Occipital_Mid_R	Occipital_Inf_L	Occipital_Inf_R	Fusiform_L	Fusiform_R	Postcentral_L	Postcentral_R	Parietal_Sup_L	Parietal_Sup_R	Parietal_Inf_L	Parietal_Inf_R	SupraMarginal_L	SupraMarginal_R	Angular_L	Angular_R	Precuneus_L	Precuneus_R	Paracentral_Lobule_L	Paracentral_Lobule_R	Caudate_L	Caudate_R	Putamen_L	Putamen_R	Pallidum_L	Pallidum_R	Thalamus_L	Thalamus_R	Heschl_L	Heschl_R	Temporal_Sup_L	Temporal_Sup_R	Temporal_Pole_Sup_L	Temporal_Pole_Sup_R	Temporal_Mid_L	Temporal_Mid_R	Temporal_Pole_Mid_L	Temporal_Pole_Mid_R	Temporal_Inf_L	Temporal_Inf_R	Cerebelum_Crus1_L	Cerebelum_Crus1_R	Cerebelum_Crus2_L	Cerebelum_Crus2_R	Cerebelum_3_L	Cerebelum_3_R	Cerebelum_4_5_L	Cerebelum_4_5_R	Cerebelum_6_L	Cerebelum_6_R	Cerebelum_7b_L	Cerebelum_7b_R	Cerebelum_8_L	Cerebelum_8_R	Cerebelum_9_L	Cerebelum_9_R	Cerebelum_10_L	Cerebelum_10_R	Vermis_1_2	Vermis_3	Vermis_4_5	Vermis_6	Vermis_7	Vermis_8	Vermis_9	Vermis_10	
453400	Precentral_L	0	4142	10598	4902	0	0	19112	598	0	0	10804	0	2118	0	244	136	8572	308	10472	12980	0	0	86	118	0	0	0	0	13756	570	332	132	92	2758	1042	1050	7694	1302	626	224	0	0	0	0	0	0	188	0	0	0	1414	0	96	0	2368	548	36172	1148	624	108	2648	160	1654	258	354	0	918	212	13948	2654	7868	6706	4578	776	822	0	16350	1770	1298	370	1212	402	120	0	1458	220	0	0	2114	396	0	0	0	0	0	0	0	0	0	0	0	0	0	0	0	0	0	0	0	0	0	0	0	0	0	0	
294104	Precentral_R	4142	0	1776	6060	0	0	862	10812	0	0	1830	8226	988	462	392	160	102	2466	2776	12102	126	0	90	238	0	0	0	0	6356	3304	140	424	216	720	1676	2088	1912	3174	0	1170	0	0	0	96	0	0	0	260	0	0	126	0	0	294	1756	1768	2072	18882	0	416	204	646	88	1038	0	0	124	1020	1036	6210	7240	5654	6040	1980	0	0	220	7656	146	332	146	752	0	194	0	1218	0	0	1184	3268	0	0	0	0	0	0	0	0	0	0	0	0	0	0	0	0	0	0	0	0	196	0	0	0	0	0	
936992	Frontal_Sup_L	10598	1776	0	23648	6588	0	72438	2914	2954	0	8508	278	17164	260	6362	376	7710	0	67706	20664	0	0	54200	23482	928	106	170	0	28538	352	21268	16128	6484	17574	0	0	1666	102	0	0	0	0	0	0	0	0	0	0	0	0	0	0	0	0	286	0	3700	476	0	0	84	100	222	112	0	0	0	0	7408	0	12264	2068	13750	650	496	0	632	0	760	0	2262	0	1916	0	0	98	0	0	270	0	0	0	0	0	0	0	0	0	0	0	0	0	0	0	0	0	0	0	0	0	0	0	0	0	0	0	
919900	Frontal_Sup_R	4902	6060	23648	0	0	4646	9748	36878	0	1580	340	10514	368	20142	402	6668	86	4786	24894	79954	0	0	17968	41272	0	1638	0	388	1806	20592	4366	31920	1472	22712	0	0	0	4790	0	1642	0	0	0	0	0	0	0	558	0	0	0	0	0	0	0	1124	1480	462	0	0	220	0	184	84	0	0	0	0	1734	0	10370	25490	1386	13024	0	302	250	15008	0	0	168	122	0	1316	0	132	0	0	0	354	0	0	0	0	0	0	0	0	0	0	0	0	0	0	0	0	0	0	0	0	0	0	0	0	0	0	
102836	Frontal_Sup_Orb_L	0	0	6588	0	0	0	808	0	9836	0	0	0	238	0	7198	0	0	0	136	0	880	134	5462	0	1304	0	3484	0	2810	0	2814	84	0	0	0	0	0	0	104	0	0	0	0	0	0	0	0	0	0	0	0	0	0	0	0	0	0	0	0	0	0	0	0	0	0	0	0	0	0	0	1572	0	7966	0	0	0	0	0	0	0	0	0	0	0	0	0	0	0	0	0	0	0	0	0	0	0	0	0	0	0	0	0	0	0	0	0	0	0	0	0	0	0	0	0	0	0	
97232	Frontal_Sup_Orb_R	0	0	0	4646	0	0	0	1362	0	7486	0	0	0	88	0	2872	0	0	0	0	0	86	134	3352	316	7712	168	5800	0	444	870	4686	0	0	0	0	0	0	0	0	0	0	0	0	0	0	0	0	0	0	0	0	0	0	0	0	0	0	0	0	0	0	0	0	0	0	0	0	0	0	84	5332	0	3178	0	0	0	0	0	0	0	0	0	0	0	0	0	0	0	0	0	0	0	0	0	0	0	0	0	0	0	0	0	0	0	0	0	0	0	0	0	0	0	0	0	0	
491560	Frontal_Mid_L	19112	862	72438	9748	808	0	0	1652	1728	0	6460	0	34304	82	4906	136	1246	172	10434	7218	0	0	14856	4976	0	0	0	0	17986	180	7020	3514	3524	4368	0	0	1174	126	0	0	0	0	0	0	0	0	0	0	0	0	0	0	0	0	84	0	272	396	0	0	0	82	0	98	0	0	0	0	1080	0	8918	1356	2452	394	114	0	1072	222	0	0	114	0	96	0	0	0	0	0	0	0	0	0	0	0	0	0	0	0	0	0	0	0	0	0	0	0	0	0	0	0	0	0	0	0	0	0	
325428	Frontal_Mid_R	598	10812	2914	36878	0	1362	1652	0	0	2676	170	10902	140	26354	332	4712	0	2076	3336	6846	0	0	826	6302	0	0	0	0	2032	15586	396	1990	0	1156	0	0	246	1504	0	326	0	0	0	0	0	0	0	0	0	0	0	0	0	0	240	282	346	858	0	0	86	186	110	190	0	0	0	0	0	0	4756	5592	2128	4396	0	150	0	148	0	0	138	0	0	742	0	0	0	0	242	0	0	0	0	0	0	0	0	0	0	0	0	0	0	0	0	0	0	0	0	0	0	0	0	0	0	0	
63420	Frontal_Mid_Orb_L	0	0	2954	0	9836	0	1728	0	0	0	0	0	690	0	8654	0	0	0	0	0	0	0	904	0	0	0	610	0	1522	0	464	0	0	0	0	0	0	0	0	0	0	0	0	0	0	0	0	0	0	0	0	0	0	0	0	0	0	0	0	0	0	0	0	0	0	0	0	0	0	0	330	0	4018	0	0	0	0	0	0	0	0	0	0	0	0	0	0	0	0	0	0	0	0	0	0	0	0	0	0	0	0	0	0	0	0	0	0	0	0	0	0	0	0	0	0	0	
63064	Frontal_Mid_Orb_R	0	0	0	1580	0	7486	0	2676	0	0	0	0	0	1028	0	5136	0	0	0	220	0	162	0	814	0	2514	0	3282	0	624	196	894	0	0	0	0	0	0	0	0	0	0	0	0	0	0	0	0	0	0	0	0	0	0	0	0	0	0	0	0	0	0	0	0	0	0	0	0	0	0	86	3454	0	1380	0	0	0	0	0	0	0	0	0	0	0	0	0	0	0	0	0	0	0	0	0	0	0	0	0	0	0	0	0	0	0	0	0	0	0	0	0	0	0	0	0	0	
229032	Frontal_Inf_Oper_L	10804	1830	8508	340	0	0	6460	170	0	0	0	0	13596	0	332	232	8730	494	6908	436	0	0	262	248	0	0	0	0	22530	708	708	310	0	82	0	0	3044	0	0	0	0	0	0	0	0	0	0	0	0	0	0	0	0	0	846	0	5150	676	0	0	0	0	0	112	0	0	0	0	180	0	5072	1374	5934	1174	0	0	98	0	0	0	2956	0	3158	0	0	0	0	0	1054	0	0	0	0	0	0	0	0	0	0	0	0	0	0	0	0	0	0	0	0	0	0	0	0	0	0	0	
218228	Frontal_Inf_Oper_R	0	8226	278	10514	0	0	0	10902	0	0	0	0	0	8516	98	270	0	7156	1410	9254	0	0	150	606	0	0	0	0	742	21258	132	676	0	104	0	0	0	1822	0	296	0	258	0	0	0	0	0	0	0	0	0	0	0	0	0	312	0	1588	0	0	0	238	0	292	0	0	0	0	0	0	1206	7058	728	12550	0	0	0	0	0	0	0	94	0	2242	0	138	0	0	0	0	0	0	0	0	0	0	0	0	0	0	0	0	0	0	0	0	0	0	0	0	0	0	0	0	0	0	
259432	Frontal_Inf_Tri_L	2118	988	17164	368	238	0	34304	140	690	0	13596	0	0	0	10110	158	460	286	5552	198	0	0	1678	350	0	0	0	0	26416	412	2370	360	318	144	0	0	1360	0	0	0	0	0	0	0	0	0	0	0	0	0	0	0	0	0	340	0	196	364	0	0	0	0	0	0	0	0	0	0	0	0	3384	860	3244	706	0	0	0	0	0	0	160	0	254	0	0	0	0	0	430	0	0	0	0	0	0	0	0	0	0	0	0	0	0	0	0	0	0	0	0	0	0	0	0	0	0	0	
261264	Frontal_Inf_Tri_R	0	462	260	20142	0	88	82	26354	0	1028	0	8516	0	0	0	9682	0	244	3138	9134	0	0	730	3610	0	0	0	0	96	29502	698	2970	90	3276	0	0	0	1046	0	178	0	162	0	0	0	0	0	0	0	0	0	0	0	0	0	200	0	102	0	0	0	0	0	0	0	0	0	0	0	0	108	3832	0	4902	0	0	0	0	0	0	0	0	0	0	0	0	0	0	0	0	0	0	0	0	0	0	0	0	0	0	0	0	0	0	0	0	0	0	0	0	0	0	0	0	0	0	
144312	Frontal_Inf_Orb_L	244	392	6362	402	7198	0	4906	332	8654	0	332	98	10110	0	0	0	0	0	1184	508	1012	124	1098	0	0	0	950	0	15686	0	222	0	146	100	0	0	380	0	96	0	334	0	0	0	0	0	0	0	0	0	0	0	0	0	0	0	0	0	0	0	0	0	0	0	0	0	0	0	0	0	1428	312	9018	0	0	0	102	0	0	0	0	0	426	0	0	0	0	0	0	0	0	0	0	0	0	0	0	0	0	0	0	0	0	0	0	0	0	0	0	0	0	0	0	0	0	0	
153620	Frontal_Inf_Orb_R	136	160	376	6668	0	2872	136	4712	0	5136	232	270	158	9682	0	0	0	0	1354	4018	0	120	644	1798	0	290	0	446	662	10028	796	2966	0	2162	0	0	280	306	0	0	0	0	0	0	0	0	0	0	0	0	0	0	0	0	208	0	162	0	0	0	0	0	0	0	0	0	0	0	0	0	1444	12044	700	3864	0	0	0	1194	0	0	0	0	0	436	0	0	0	150	200	0	0	0	0	0	0	0	0	0	0	0	0	0	0	0	0	0	0	0	0	0	0	0	0	0	0	0	
187276	Rolandic_Oper_L	8572	102	7710	86	0	0	1246	0	0	0	8730	0	460	0	0	0	0	0	8208	122	0	0	0	0	0	0	0	0	18370	0	106	0	0	0	0	0	1820	0	0	0	0	0	0	0	0	0	0	0	0	0	0	0	0	0	2610	0	12518	0	0	0	654	0	5406	0	100	0	258	0	2938	0	134	220	470	0	0	0	0	146	3054	0	6136	0	2102	0	164	0	0	0	1196	0	0	0	0	0	0	0	0	0	0	0	0	0	0	0	0	0	0	0	0	0	0	0	0	0	0	0	
149864	Rolandic_Oper_R	308	2466	0	4786	0	0	172	2076	0	0	494	7156	286	244	0	0	0	0	3854	7670	200	0	0	0	0	0	0	0	1442	15036	0	0	0	0	0	0	528	1262	0	298	0	0	0	0	0	0	0	0	0	0	0	0	0	0	272	628	94	3676	0	880	0	188	0	3112	0	0	0	800	0	426	1724	1472	1618	4236	0	0	0	0	0	1426	0	2698	0	2528	0	268	0	0	268	340	0	0	0	0	0	0	0	0	0	0	0	0	0	0	0	0	0	0	0	0	0	0	0	0	0	0	
901748	Supp_Motor_Area_L	10472	2776	67706	24894	136	0	10434	3336	0	0	6908	1410	5552	3138	1184	1354	8208	3854	0	79810	636	0	8614	7524	0	0	0	0	23420	5468	11590	9090	10026	33824	1152	0	3288	3342	116	488	92	126	0	0	0	0	0	0	0	0	0	0	0	0	720	320	6012	1764	0	84	132	198	400	388	0	0	0	0	27082	610	10776	9478	13424	11168	5636	2534	2226	178	1016	390	2412	1088	1796	104	0	208	0	0	682	80	0	0	0	0	0	0	0	0	0	0	0	0	0	0	0	0	0	0	0	0	0	0	0	0	0	0	
1.05891e+06	Supp_Motor_Area_R	12980	12102	20664	79954	0	0	7218	6846	0	220	436	9254	198	9134	508	4018	122	7670	79810	0	572	0	4400	8358	0	0	0	0	3930	16414	3460	10134	6030	54392	714	3226	630	9912	110	2808	98	164	0	182	158	238	0	812	0	240	0	0	0	86	164	2854	1764	1048	0	0	250	210	164	416	0	0	862	3238	20786	21430	10576	31214	3690	20468	0	2906	504	22184	0	908	0	1994	210	1318	0	382	0	0	104	1224	0	0	0	0	0	0	0	0	0	0	0	0	0	0	0	0	0	0	0	0	386	0	0	0	0	0	
67932	Olfactory_L	0	126	0	0	880	0	0	0	0	0	0	0	0	0	1012	0	0	200	636	572	0	4528	0	0	170	0	2050	610	3982	0	1946	898	0	240	0	0	404	0	646	0	630	0	0	0	0	0	0	0	0	0	0	0	0	0	0	0	0	240	0	0	0	0	0	156	0	0	0	0	0	0	6362	3646	3192	140	142	0	0	0	0	0	0	0	558	0	0	0	0	0	0	0	0	0	0	0	0	0	0	0	0	0	0	0	0	0	0	0	0	0	0	0	0	0	0	0	0	0	
56356	Olfactory_R	0	0	0	0	134	86	0	0	0	162	0	0	0	0	124	120	0	0	0	0	4528	0	0	0	0	1014	1630	1782	0	1746	1950	1900	0	0	0	0	0	324	0	102	0	1028	0	0	0	0	0	0	0	0	0	0	0	0	0	0	0	0	0	0	0	0	0	0	0	0	0	0	0	0	4958	4602	1140	724	124	0	0	0	0	0	0	0	0	0	0	0	0	0	0	0	0	0	0	0	0	0	0	0	0	0	0	0	0	0	0	0	0	0	0	0	0	0	0	0	0	0	
492536	Frontal_Sup_Medial_L	86	90	54200	17968	5462	134	14856	826	904	0	262	150	1678	730	1098	644	0	0	8614	4400	0	0	0	37366	1302	278	218	0	2274	518	27376	29918	6256	21438	0	0	0	0	0	0	0	0	0	0	0	0	0	0	0	0	0	0	0	0	0	0	0	0	0	0	0	0	0	0	0	0	0	0	0	0	1932	784	4350	156	0	0	0	0	0	0	0	0	0	0	0	0	0	0	0	0	0	0	0	0	0	0	0	0	0	0	0	0	0	0	0	0	0	0	0	0	0	0	0	0	0	0	
455320	Frontal_Sup_Medial_R	118	238	23482	41272	0	3352	4976	6302	0	814	248	606	350	3610	0	1798	0	0	7524	8358	0	0	37366	0	80	4208	0	0	556	2954	7940	37514	1070	21068	0	0	170	0	0	0	0	0	0	0	0	0	0	0	0	0	0	0	0	0	112	0	172	0	0	0	0	0	0	0	0	0	0	0	0	0	592	6644	552	3510	0	0	0	0	0	0	0	0	0	0	0	0	0	0	104	0	0	0	0	0	0	0	0	0	0	0	0	0	0	0	0	0	0	0	0	0	0	0	0	0	0	0	
20872	Frontal_Med_Orb_L	0	0	928	0	1304	316	0	0	0	0	0	0	0	0	0	0	0	0	0	0	170	0	1302	80	0	906	1376	236	0	0	2388	392	0	0	0	0	0	0	0	0	0	0	0	0	0	0	0	0	0	0	0	0	0	0	0	0	0	0	0	0	0	0	0	0	0	0	0	0	0	0	486	120	432	0	0	0	0	0	0	0	0	0	0	0	0	0	0	0	0	0	0	0	0	0	0	0	0	0	0	0	0	0	0	0	0	0	0	0	0	0	0	0	0	0	0	0	
89012	Frontal_Med_Orb_R	0	0	106	1638	0	7712	0	0	0	2514	0	0	0	0	0	290	0	0	0	0	0	1014	278	4208	906	0	518	6824	0	0	2352	8196	0	0	0	0	0	0	0	0	0	0	0	0	0	0	0	0	0	0	0	0	0	0	0	0	0	0	0	0	0	0	0	0	0	0	0	0	0	0	0	6264	0	1686	0	0	0	0	0	0	0	0	0	0	0	0	0	0	0	0	0	0	0	0	0	0	0	0	0	0	0	0	0	0	0	0	0	0	0	0	0	0	0	0	0	0	
39848	Rectus_L	0	0	170	0	3484	168	0	0	610	0	0	0	0	0	950	0	0	0	0	0	2050	1630	218	0	1376	518	0	974	470	0	1888	442	0	0	0	0	0	0	0	0	0	0	0	0	0	0	0	0	0	0	0	0	0	0	0	0	0	0	0	0	0	0	0	0	0	0	0	0	0	0	2408	934	1634	0	0	0	0	0	0	0	0	0	0	0	0	0	0	0	0	0	0	0	0	0	0	0	0	0	0	0	0	0	0	0	0	0	0	0	0	0	0	0	0	0	0	0	
55048	Rectus_R	0	0	0	388	0	5800	0	0	0	3282	0	0	0	0	0	446	0	0	0	0	610	1782	0	0	236	6824	974	0	0	282	568	1974	0	0	0	0	0	0	0	0	0	0	0	0	0	0	0	0	0	0	0	0	0	0	0	0	0	0	0	0	0	0	0	0	0	0	0	0	0	0	562	2932	100	764	0	0	0	0	0	0	0	0	0	0	0	0	0	0	0	0	0	0	0	0	0	0	0	0	0	0	0	0	0	0	0	0	0	0	0	0	0	0	0	0	0	0	
712340	Insula_L	13756	6356	28538	1806	2810	0	17986	2032	1522	0	22530	742	26416	96	15686	662	18370	1442	23420	3930	3982	0	2274	556	0	0	470	0	0	1662	2942	798	458	1008	292	148	23482	412	1020	0	2186	0	110	0	114	0	0	0	0	0	260	0	0	0	11990	0	9754	2146	0	146	968	94	3902	524	208	0	656	110	2278	0	19942	5328	32578	2962	0	0	1346	194	4450	0	7320	0	6464	104	1516	0	0	0	10916	0	0	0	0	0	0	0	0	0	0	0	0	0	0	0	0	0	0	0	0	0	0	0	0	0	0	0	
444516	Insula_R	570	3304	352	20592	0	444	180	15586	0	624	708	21258	412	29502	0	10028	0	15036	5468	16414	0	1746	518	2954	0	0	0	282	1662	0	514	2342	0	3150	0	0	686	6804	0	1294	0	1770	0	116	0	0	0	0	0	0	0	0	0	0	448	3096	410	1564	0	108	0	96	0	388	0	0	0	518	0	586	1890	11590	1652	25556	0	0	0	158	0	456	0	2066	0	4296	0	852	0	184	444	1584	0	0	0	0	0	0	0	0	0	0	0	0	0	0	0	0	0	0	0	0	0	0	0	0	0	0	
335396	Cingulum_Ant_L	332	140	21268	4366	2814	870	7020	396	464	196	708	132	2370	698	222	796	106	0	11590	3460	1946	1950	27376	7940	2388	2352	1888	568	2942	514	0	23854	7266	7594	0	0	114	0	0	0	0	0	0	0	0	0	0	0	0	0	0	0	0	0	0	0	0	0	0	0	0	0	0	0	0	0	0	0	0	0	9956	4494	6006	480	0	0	122	0	0	0	0	0	0	0	0	0	0	0	0	0	0	0	0	0	0	0	0	0	0	0	0	0	0	0	0	0	0	0	0	0	0	0	0	0	0	0	
505312	Cingulum_Ant_R	132	424	16128	31920	84	4686	3514	1990	0	894	310	676	360	2970	0	2966	0	0	9090	10134	898	1900	29918	37514	392	8196	442	1974	798	2342	23854	0	4420	29502	0	0	230	0	0	0	0	0	0	0	0	0	0	0	0	0	0	0	0	0	166	0	130	0	0	0	0	0	0	0	0	0	0	0	0	0	2716	14698	946	5180	0	0	0	0	0	0	0	0	0	0	0	0	0	0	162	0	0	0	0	0	0	0	0	0	0	0	0	0	0	0	0	0	0	0	0	0	0	0	0	0	0	0	
158680	Cingulum_Mid_L	92	216	6484	1472	0	0	3524	0	0	0	0	0	318	90	146	0	0	0	10026	6030	0	0	6256	1070	0	0	0	0	458	0	7266	4420	0	14486	3082	1350	0	0	0	0	0	0	300	0	1424	0	130	0	102	0	334	0	0	0	0	0	0	316	0	0	0	0	0	0	0	0	3470	582	2580	2446	102	88	480	0	0	0	0	0	0	0	0	0	0	0	0	0	0	0	0	0	0	0	0	0	0	0	118	0	0	0	0	0	0	0	0	0	0	0	0	0	82	0	0	0	0	0	
593992	Cingulum_Mid_R	2758	720	17574	22712	0	0	4368	1156	0	0	82	104	144	3276	100	2162	0	0	33824	54392	240	0	21438	21068	0	0	0	0	1008	3150	7594	29502	14486	0	2670	4914	212	294	0	0	0	0	0	442	156	888	0	420	0	1006	0	204	0	224	382	118	202	1236	0	0	0	0	0	0	0	82	1202	7686	11700	13194	1506	2332	982	1022	0	0	0	144	0	0	0	0	86	0	0	544	0	0	0	504	0	0	0	0	0	0	0	0	0	0	0	0	0	0	0	0	0	0	0	0	786	0	0	0	0	0	
160964	Cingulum_Post_L	1042	1676	0	0	0	0	0	0	0	0	0	0	0	0	0	0	0	0	1152	714	0	0	0	0	0	0	0	0	292	0	0	0	3082	2670	0	14010	5884	3990	2400	2166	0	0	6072	0	308	0	3592	100	0	0	388	0	86	96	2950	1784	190	2106	0	0	168	0	0	0	104	0	6756	1628	4024	3676	0	0	0	0	0	0	1750	894	0	0	0	0	0	0	224	0	0	0	666	336	0	0	0	0	0	0	1858	0	0	0	0	0	0	0	0	0	0	0	0	0	1648	0	0	0	0	0	
165496	Cingulum_Post_R	1050	2088	0	0	0	0	0	0	0	0	0	0	0	0	0	0	0	0	0	3226	0	0	0	0	0	0	0	0	148	0	0	0	1350	4914	14010	0	3824	6300	222	4324	0	0	0	490	0	84	0	1206	0	158	112	250	0	834	1404	4358	94	2660	0	0	0	0	0	0	0	0	1168	10550	1754	4360	0	0	0	0	0	0	2226	1566	0	0	0	0	0	0	0	294	0	0	464	1144	0	0	0	0	0	0	0	0	0	0	0	0	0	0	0	0	0	0	0	0	6116	0	0	0	0	0	
293988	Hippocampus_L	7694	1912	1666	0	0	0	1174	246	0	0	3044	0	1360	0	380	280	1820	528	3288	630	404	0	0	170	0	0	0	0	23482	686	114	230	0	212	5884	3824	0	2318	5670	1670	6354	0	1948	0	0	0	2650	102	0	0	120	0	0	0	15882	404	2874	664	0	0	118	0	408	160	0	0	1808	578	1158	0	5558	1496	8094	1302	434	0	3782	862	1804	0	1686	0	1988	0	630	0	0	0	14206	0	0	0	0	0	0	0	724	0	0	0	0	0	0	0	0	0	0	0	0	0	514	0	0	0	0	0	
299740	Hippocampus_R	1302	3174	102	4790	0	0	126	1504	0	0	0	1822	0	1046	0	306	0	1262	3342	9912	0	324	0	0	0	0	0	0	412	6804	0	0	0	294	3990	6300	2318	0	84	21274	0	8830	0	156	0	0	0	2340	0	0	104	0	0	0	156	23116	372	942	0	0	0	208	0	216	0	0	0	2988	1454	2026	684	2304	408	18654	0	118	1744	3456	0	180	0	226	0	2790	0	400	0	286	332	3448	0	0	0	0	0	0	0	442	0	0	0	0	0	0	0	0	0	0	0	0	1002	0	0	0	0	0	
63032	ParaHippocampal_L	626	0	0	0	104	0	0	0	0	0	0	0	0	0	96	0	0	0	116	110	646	0	0	0	0	0	0	0	1020	0	0	0	0	0	2400	222	5670	84	0	0	1118	0	2188	0	362	0	2900	0	0	0	116	0	0	0	4600	0	342	96	0	0	0	0	0	0	0	0	3552	0	440	0	280	0	404	0	0	0	238	0	0	0	0	0	1084	0	262	0	232	0	664	0	0	0	0	0	0	0	1362	0	0	0	0	0	0	0	0	0	0	0	0	0	182	0	0	0	0	0	
192436	ParaHippocampal_R	224	1170	0	1642	0	0	0	326	0	0	0	296	0	178	0	0	0	298	488	2808	0	102	0	0	0	0	0	0	0	1294	0	0	0	0	2166	4324	1670	21274	0	0	0	5860	0	452	0	0	0	4172	0	0	0	0	0	0	130	21390	94	450	0	0	0	0	0	0	0	0	0	4206	146	982	80	520	0	3594	0	0	1168	2884	0	0	0	0	0	5392	0	0	0	2202	184	712	0	0	0	0	0	116	0	1504	0	0	0	0	0	0	0	0	0	0	0	0	1720	0	0	0	0	0	
34756	Amygdala_L	0	0	0	0	0	0	0	0	0	0	0	0	0	0	334	0	0	0	92	98	630	0	0	0	0	0	0	0	2186	0	0	0	0	0	0	0	6354	0	1118	0	0	0	0	0	0	0	0	0	0	0	0	0	0	0	2528	0	0	0	0	0	0	0	0	0	0	0	0	0	0	0	228	0	442	0	0	0	80	0	0	0	0	0	1780	0	90	0	82	0	1336	0	0	0	0	0	0	0	0	0	0	0	0	0	0	0	0	0	0	0	0	0	0	0	0	0	0	0	
58012	Amygdala_R	0	0	0	0	0	0	0	0	0	0	0	258	0	162	0	0	0	0	126	164	0	1028	0	0	0	0	0	0	0	1770	0	0	0	0	0	0	0	8830	0	5860	0	0	0	0	0	0	0	0	0	0	0	0	0	0	0	4026	0	0	0	0	0	0	0	0	0	0	0	0	0	0	0	360	0	2184	0	0	0	0	0	0	0	0	0	3778	0	0	0	460	0	0	0	0	0	0	0	0	0	0	0	0	0	0	0	0	0	0	0	0	0	0	0	0	0	0	0	0	
211192	Calcarine_L	0	0	0	0	0	0	0	0	0	0	0	0	0	0	0	0	0	0	0	0	0	0	0	0	0	0	0	0	110	0	0	0	300	0	6072	0	1948	0	2188	0	0	0	0	4752	11138	2854	13548	1658	10804	1324	17400	122	2882	0	3900	130	96	0	318	0	304	0	0	0	248	0	16236	1194	116	0	0	0	0	0	0	0	0	0	0	0	0	0	0	0	1014	0	0	0	112	0	0	0	0	0	0	0	3516	0	0	0	0	0	0	0	0	0	0	0	0	0	1312	0	0	0	0	0	
261964	Calcarine_R	0	96	0	0	0	0	0	0	0	0	0	0	0	0	0	0	0	0	0	182	0	0	0	0	0	0	0	0	0	116	0	0	0	442	0	490	0	156	0	452	0	0	4752	0	2950	19442	704	18216	0	23708	0	15200	0	5286	0	7312	0	1594	0	494	0	0	0	0	0	902	478	19826	0	1332	0	0	0	0	0	0	0	0	0	0	0	108	0	0	0	2006	0	0	0	2414	0	0	0	0	0	0	0	162	0	0	0	0	0	0	0	0	0	0	0	0	2162	0	0	0	0	0	
125000	Cuneus_L	0	0	0	0	0	0	0	0	0	0	0	0	0	0	0	0	0	0	0	158	0	0	0	0	0	0	0	0	114	0	0	0	1424	156	308	0	0	0	362	0	0	0	11138	2950	0	5596	1112	114	13700	2148	5326	128	152	0	426	0	170	0	1048	0	592	0	0	0	622	0	11416	2524	194	150	0	0	0	0	0	0	0	0	0	0	0	0	0	0	472	0	0	0	0	0	0	0	0	0	0	0	0	0	0	0	0	0	0	0	0	0	0	0	0	0	0	0	0	0	0	0	
204816	Cuneus_R	0	0	0	0	0	0	0	0	0	0	0	0	0	0	0	0	0	0	0	238	0	0	0	0	0	0	0	0	0	0	0	0	0	888	0	84	0	0	0	0	0	0	2854	19442	5596	0	346	3540	0	27728	0	8908	0	2970	0	1200	0	224	0	2494	0	0	0	0	0	880	2012	19570	0	1280	0	0	0	0	0	0	0	0	0	0	0	0	0	0	0	1248	0	0	0	906	0	0	0	0	0	0	0	0	0	0	0	0	0	0	0	0	0	0	0	0	0	0	0	0	0	0	
259848	Lingual_L	188	0	0	0	0	0	0	0	0	0	0	0	0	0	0	0	0	0	0	0	0	0	0	0	0	0	0	0	0	0	0	0	130	0	3592	0	2650	0	2900	0	0	0	13548	704	1112	346	0	3034	3250	126	8064	0	2484	0	16162	424	0	0	0	0	0	0	0	0	0	0	7316	158	0	0	0	0	0	0	0	0	168	0	0	0	0	0	0	0	0	0	0	0	0	0	11384	1420	1140	352	232	194	15338	1812	18108	2208	0	0	360	92	552	100	0	0	0	148	4580	4112	1232	0	94	110	
252860	Lingual_R	0	260	0	558	0	0	0	0	0	0	0	0	0	0	0	0	0	0	0	812	0	0	0	0	0	0	0	0	0	0	0	0	0	420	100	1206	102	2340	0	4172	0	0	1658	18216	114	3540	3034	0	0	6034	0	3454	0	2372	1068	13458	0	362	0	0	0	0	0	0	0	0	0	10826	0	668	0	0	0	0	0	0	0	644	0	0	0	0	0	0	0	236	0	0	0	334	2036	7204	94	586	0	378	1954	6600	4458	9848	0	0	0	580	424	88	0	0	0	114	9296	5886	792	0	104	0	
131252	Occipital_Sup_L	0	0	0	0	0	0	0	0	0	0	0	0	0	0	0	0	0	0	0	0	0	0	0	0	0	0	0	0	0	0	0	0	102	0	0	0	0	0	0	0	0	0	10804	0	13700	0	3250	0	0	0	18982	0	1076	0	1204	0	228	0	3010	0	906	0	0	0	838	0	11038	0	0	0	0	0	0	0	0	0	0	0	0	0	0	0	0	0	352	0	0	0	136	0	0	0	0	0	0	0	0	0	0	0	0	0	0	0	0	0	0	0	0	0	0	0	0	0	0	0	
285044	Occipital_Sup_R	0	0	0	0	0	0	0	0	0	0	0	0	0	0	0	0	0	0	0	240	0	0	0	0	0	0	0	0	0	0	0	0	0	1006	0	158	0	0	0	0	0	0	1324	23708	2148	27728	126	6034	0	0	0	21750	0	5062	0	2900	0	548	0	3736	0	608	0	100	0	6242	1092	22020	0	6090	0	0	0	0	0	0	0	0	0	0	0	558	0	0	0	6612	0	0	0	2642	0	0	0	0	0	0	0	0	0	0	0	0	0	0	0	0	0	0	0	0	90	0	0	0	0	0	
347144	Occipital_Mid_L	1414	126	0	0	0	0	0	0	0	0	0	0	0	0	0	0	0	0	0	0	0	0	0	0	0	0	0	0	260	0	0	0	334	0	388	112	120	104	116	0	0	0	17400	0	5326	0	8064	0	18982	0	0	0	19278	0	13274	0	2298	0	14624	0	17080	0	288	0	17236	0	15924	0	1218	0	0	0	0	0	0	0	600	0	0	0	282	0	0	0	15096	0	0	0	3498	0	130	0	0	0	0	0	0	0	0	0	0	0	0	0	0	0	0	0	0	0	0	0	0	0	0	0	
188284	Occipital_Mid_R	0	0	0	0	0	0	0	0	0	0	0	0	0	0	0	0	0	0	0	0	0	0	0	0	0	0	0	0	0	0	0	0	0	204	0	250	0	0	0	0	0	0	122	15200	128	8908	0	3454	0	21750	0	0	0	5896	0	2436	0	1428	0	750	0	1552	0	0	0	11628	0	5960	0	1432	0	0	0	0	0	0	0	0	0	0	0	370	0	0	0	11302	0	0	0	1248	0	0	0	0	0	0	0	0	0	0	0	0	0	0	0	0	0	0	0	0	124	0	0	0	0	0	
84816	Occipital_Inf_L	96	0	0	0	0	0	0	0	0	0	0	0	0	0	0	0	0	0	0	0	0	0	0	0	0	0	0	0	0	0	0	0	0	0	86	0	0	0	0	0	0	0	2882	0	152	0	2484	0	1076	0	19278	0	0	0	7914	0	322	0	0	0	188	0	0	0	210	0	998	0	286	0	0	0	0	0	0	0	288	0	0	0	0	0	0	0	2238	0	0	0	3272	0	182	0	0	0	0	0	0	0	456	0	0	0	0	0	0	0	0	0	0	0	0	0	0	0	0	0	
89616	Occipital_Inf_R	0	294	0	0	0	0	0	0	0	0	0	0	0	0	0	0	0	0	0	86	0	0	0	0	0	0	0	0	0	0	0	0	0	224	96	834	0	0	0	0	0	0	0	5286	0	2970	0	2372	0	5062	0	5896	0	0	0	4142	0	718	0	0	0	0	0	0	0	480	82	4400	0	1010	0	0	0	0	0	0	0	0	0	0	0	0	0	0	0	4678	0	0	0	5356	0	0	0	0	0	0	0	0	0	192	0	0	0	0	0	0	0	0	0	0	542	88	0	0	0	0	
418060	Fusiform_L	2368	1756	286	0	0	0	84	240	0	0	846	0	340	0	0	208	2610	272	720	164	0	0	0	112	0	0	0	0	11990	448	0	166	0	382	2950	1404	15882	156	4600	130	2528	0	3900	0	426	0	16162	1068	1204	0	13274	0	7914	0	0	344	3418	970	110	0	426	0	1438	0	310	0	4368	80	2244	690	2824	990	3190	864	0	0	262	0	3518	0	1008	0	3104	0	4206	0	2176	0	20450	106	19606	330	1294	0	0	0	7630	510	23260	510	90	0	390	0	196	0	0	0	0	0	1970	1370	188	0	0	0	
390828	Fusiform_R	548	1768	0	1124	0	0	0	282	0	0	0	312	0	200	0	0	0	628	320	2854	0	0	0	0	0	0	0	0	0	3096	0	0	0	118	1784	4358	404	23116	0	21390	0	4026	130	7312	0	1200	424	13458	0	2900	0	2436	0	4142	344	0	362	1240	0	0	0	0	0	0	0	0	0	5852	258	2446	110	500	0	6766	0	0	546	1650	0	118	0	998	0	8228	0	1494	0	3304	0	10452	464	15422	0	684	0	462	336	7144	702	19238	0	0	0	854	0	0	0	0	0	0	4398	2102	610	0	0	0	
300352	Postcentral_L	36172	2072	3700	1480	0	0	272	346	0	0	5150	0	196	0	0	162	12518	94	6012	1764	0	0	0	172	0	0	0	0	9754	410	0	130	0	202	190	94	2874	372	342	94	0	0	96	0	170	0	0	0	228	0	2298	0	322	0	3418	362	0	414	2896	0	15480	0	12382	118	1800	0	1398	0	5782	218	918	2684	1814	630	248	0	804	412	2572	264	3238	274	0	0	1222	144	0	0	2714	284	0	0	0	0	0	0	0	0	0	0	0	0	0	0	0	0	0	0	0	0	0	0	0	0	0	0	
238720	Postcentral_R	1148	18882	476	462	0	0	396	858	0	0	676	1588	364	102	0	0	0	3676	1764	1048	240	0	0	0	0	0	0	0	2146	1564	0	0	316	1236	2106	2660	664	942	96	450	0	0	0	1594	0	224	0	362	0	548	0	1428	0	718	970	1240	414	0	0	7952	0	8908	0	12540	0	948	126	12410	1038	8392	2964	1140	2330	702	0	0	0	100	0	192	0	992	0	0	0	2426	0	0	312	4034	0	0	0	0	0	0	0	0	0	0	0	0	0	0	0	0	0	0	0	0	496	0	0	0	0	0	
107104	Parietal_Sup_L	624	0	0	0	0	0	0	0	0	0	0	0	0	0	0	0	0	0	0	0	0	0	0	0	0	0	0	0	0	0	0	0	0	0	0	0	0	0	0	0	0	0	318	0	1048	0	0	0	3010	0	14624	0	0	0	110	0	2896	0	0	0	12850	0	218	0	5362	0	10796	0	0	0	0	0	0	0	0	0	0	0	0	0	0	0	0	0	1026	0	0	0	670	0	0	0	0	0	0	0	0	0	0	0	0	0	0	0	0	0	0	0	0	0	0	0	0	0	0	0	
69340	Parietal_Sup_R	108	416	0	0	0	0	0	0	0	0	0	0	0	0	0	0	0	880	84	0	0	0	0	0	0	0	0	0	146	108	0	0	0	0	0	0	0	0	0	0	0	0	0	494	0	2494	0	0	0	3736	0	750	0	0	0	0	0	7952	0	0	0	3760	0	930	0	2026	0	9238	0	240	144	0	144	0	0	0	0	0	0	0	0	304	0	0	0	328	0	0	0	388	0	0	0	0	0	0	0	0	0	0	0	0	0	0	0	0	0	0	0	0	0	0	0	0	0	0	
266868	Parietal_Inf_L	2648	204	84	220	0	0	0	86	0	0	0	0	0	0	0	0	654	0	132	250	0	0	0	0	0	0	0	0	968	0	0	0	0	0	168	0	118	0	0	0	0	0	304	0	592	0	0	0	906	0	17080	0	188	0	426	0	15480	0	12850	0	0	0	24920	0	28496	0	2854	0	778	0	102	396	174	178	0	0	0	96	150	0	6484	0	0	0	10162	0	0	0	5286	0	0	0	0	0	0	0	0	0	0	0	0	0	0	0	0	0	0	0	0	0	0	0	0	0	0	0	
95148	Parietal_Inf_R	160	646	100	0	0	0	82	186	0	0	0	238	0	0	0	0	0	188	198	210	0	0	0	0	0	0	0	0	94	96	0	0	0	0	0	0	0	208	0	0	0	0	0	0	0	0	0	0	0	608	0	1552	0	0	0	0	0	8908	0	3760	0	0	0	14688	0	9826	0	1056	0	802	342	330	90	0	0	0	0	0	0	0	0	340	0	0	0	902	0	0	0	1964	0	0	0	0	0	0	0	0	0	0	0	0	0	0	0	0	0	0	0	0	0	0	0	0	0	0	
162560	SupraMarginal_L	1654	88	222	184	0	0	0	110	0	0	0	0	0	0	0	0	5406	0	400	164	0	0	0	0	0	0	0	0	3902	0	0	0	0	0	0	0	408	0	0	0	0	0	0	0	0	0	0	0	0	0	288	0	0	0	1438	0	12382	0	218	0	24920	0	0	0	6224	0	432	0	366	0	0	256	0	134	0	0	0	80	1014	0	11222	0	0	0	5614	0	0	0	4154	0	0	0	0	0	0	0	0	0	0	0	0	0	0	0	0	0	0	0	0	0	0	0	0	0	0	0	
105320	SupraMarginal_R	258	1038	112	84	0	0	98	190	0	0	112	292	0	0	0	0	0	3112	388	416	156	0	0	0	0	0	0	0	524	388	0	0	0	0	0	0	160	216	0	0	0	0	0	0	0	0	0	0	0	100	0	0	0	0	0	0	118	12540	0	930	0	14688	0	0	0	5780	0	1476	0	816	898	374	626	0	0	0	0	0	0	184	0	3334	0	0	0	1226	0	0	0	2026	0	0	0	0	0	0	0	0	0	0	0	0	0	0	0	0	0	0	0	0	0	0	0	0	0	0	
157404	Angular_L	354	0	0	0	0	0	0	0	0	0	0	0	0	0	0	0	100	0	0	0	0	0	0	0	0	0	0	0	208	0	0	0	0	0	104	0	0	0	0	0	0	0	248	0	622	0	0	0	838	0	17236	0	210	0	310	0	1800	0	5362	0	28496	0	6224	0	0	0	2026	0	676	0	0	0	0	0	0	0	0	0	0	0	1448	0	0	0	10584	0	0	0	1856	0	0	0	0	0	0	0	0	0	0	0	0	0	0	0	0	0	0	0	0	0	0	0	0	0	0	0	
118224	Angular_R	0	0	0	0	0	0	0	0	0	0	0	0	0	0	0	0	0	0	0	0	0	0	0	0	0	0	0	0	0	0	0	0	0	82	0	0	0	0	0	0	0	0	0	902	0	880	0	0	0	6242	0	11628	0	480	0	0	0	948	0	2026	0	9826	0	5780	0	0	400	5690	0	4474	0	0	0	0	0	0	0	0	0	0	0	2626	0	0	0	6192	0	0	0	936	0	0	0	0	0	0	0	0	0	0	0	0	0	0	0	0	0	0	0	0	0	0	0	0	0	0	
247072	Precuneus_L	918	124	0	0	0	0	0	0	0	0	0	0	0	0	0	0	258	0	0	862	0	0	0	0	0	0	0	0	656	0	0	0	3470	1202	6756	1168	1808	0	3552	0	0	0	16236	478	11416	2012	7316	0	11038	1092	15924	0	998	82	4368	0	1398	126	10796	0	2854	0	432	0	2026	400	0	4494	982	1434	0	0	0	0	0	0	0	0	98	0	162	98	0	0	818	626	0	0	262	348	0	0	0	0	0	0	3258	0	0	0	0	0	0	0	0	0	0	0	0	0	1190	0	0	0	0	0	
437448	Precuneus_R	212	1020	0	0	0	0	0	0	0	0	0	0	0	0	0	0	0	800	0	3238	0	0	0	0	0	0	0	0	110	518	0	0	582	7686	1628	10550	578	2988	0	4206	0	0	1194	19826	2524	19570	158	10826	0	22020	0	5960	0	4400	80	5852	0	12410	0	9238	0	1056	0	1476	0	5690	4494	0	336	25000	98	0	96	0	0	0	114	366	0	0	0	1838	0	0	0	8900	0	0	92	8788	0	0	0	0	0	0	0	1020	0	0	0	0	0	0	0	0	0	0	0	0	11186	0	0	0	0	0	
293980	Paracentral_Lobule_L	13948	1036	7408	1734	0	0	1080	0	0	0	180	0	0	0	0	0	2938	0	27082	20786	0	0	0	0	0	0	0	0	2278	0	0	0	2580	11700	4024	1754	1158	1454	440	146	0	0	116	0	194	0	0	0	0	0	1218	0	286	0	2244	258	5782	1038	0	0	778	0	366	0	676	0	982	336	0	8624	3356	556	6194	262	5664	0	3932	184	774	0	600	0	0	0	408	0	0	0	348	88	0	0	0	0	0	0	0	0	0	0	0	0	0	0	0	0	0	0	0	0	0	0	0	0	0	0	
281832	Paracentral_Lobule_R	2654	6210	0	0	0	0	0	0	0	0	0	0	0	0	0	0	0	426	610	21430	0	0	0	0	0	0	0	0	0	586	0	0	2446	13194	3676	4360	0	2026	0	982	0	0	0	1332	150	1280	0	668	0	6090	0	1432	0	1010	690	2446	218	8392	0	240	0	802	0	816	0	4474	1434	25000	8624	0	0	350	0	0	0	0	0	396	0	464	0	2210	0	0	0	6658	0	0	0	6026	0	0	0	0	0	0	0	0	0	0	0	0	0	0	0	0	0	0	0	0	1114	0	0	0	0	0	
447728	Caudate_L	7868	7240	12264	10370	1572	84	8918	4756	330	86	5072	1206	3384	108	1428	1444	134	1724	10776	10576	6362	4958	1932	592	486	0	2408	562	19942	1890	9956	2716	102	1506	0	0	5558	684	280	80	228	0	0	0	0	0	0	0	0	0	0	0	0	0	2824	110	918	2964	0	144	102	342	0	898	0	0	0	98	3356	0	0	15388	30746	3680	1942	86	6972	342	164	0	0	0	274	114	0	0	0	0	2818	0	0	0	0	0	0	0	0	0	0	0	0	0	0	0	0	0	0	0	0	0	0	0	0	0	0	0	
552640	Caudate_R	6706	5654	2068	25490	0	5332	1356	5592	0	3454	1374	7058	860	3832	312	12044	220	1472	9478	31214	3646	4602	784	6644	120	6264	934	2932	5328	11590	4494	14698	88	2332	0	0	1496	2304	0	520	0	360	0	0	0	0	0	0	0	0	0	0	0	0	990	500	2684	1140	0	0	396	330	256	374	0	0	0	0	556	350	15388	0	7078	32350	212	2052	930	15706	0	0	0	138	0	926	0	88	0	0	980	244	0	0	0	0	0	0	0	0	0	0	0	0	0	0	0	0	0	0	0	0	0	0	0	0	0	0	
427948	Putamen_L	4578	6040	13750	1386	7966	0	2452	2128	4018	0	5934	728	3244	0	9018	700	470	1618	13424	3690	3192	1140	4350	552	432	0	1634	100	32578	1652	6006	946	480	982	0	0	8094	408	404	0	442	0	0	0	0	0	0	0	0	0	0	0	0	0	3190	0	1814	2330	0	144	174	90	0	626	0	0	0	96	6194	0	30746	7078	0	2994	5680	0	2502	154	90	0	266	0	2018	104	0	0	0	0	3148	0	0	0	0	0	0	0	0	0	0	0	0	0	0	0	0	0	0	0	0	0	0	0	0	0	0	0	
419996	Putamen_R	776	1980	650	13024	0	3178	394	4396	0	1380	1174	12550	706	4902	0	3864	0	4236	11168	20468	140	724	156	3510	0	1686	0	764	2962	25556	480	5180	0	1022	0	0	1302	18654	0	3594	0	2184	0	0	0	0	0	0	0	0	0	0	0	0	864	6766	630	702	0	0	178	0	134	0	0	0	0	0	262	0	3680	32350	2994	0	0	2838	0	176	0	96	0	294	0	1928	0	228	0	0	852	2266	0	0	0	0	0	0	0	0	0	0	0	0	0	0	0	0	0	0	0	0	0	0	0	0	0	0	
46236	Pallidum_L	822	0	496	0	0	0	114	0	0	0	0	0	0	0	0	0	0	0	5636	0	142	124	0	0	0	0	0	0	0	0	0	0	0	0	0	0	434	0	0	0	0	0	0	0	0	0	0	0	0	0	0	0	0	0	0	0	248	0	0	0	0	0	0	0	0	0	0	0	5664	0	1942	212	5680	0	0	0	1604	0	0	0	0	0	0	0	0	0	0	0	0	0	0	0	0	0	0	0	0	0	0	0	0	0	0	0	0	0	0	0	0	0	0	0	0	0	0	0	
21972	Pallidum_R	0	0	0	302	0	0	0	150	0	0	0	0	0	0	0	0	0	0	2534	2906	0	0	0	0	0	0	0	0	0	0	0	0	0	0	0	0	0	118	0	0	0	0	0	0	0	0	0	0	0	0	0	0	0	0	0	0	0	0	0	0	0	0	0	0	0	0	0	0	0	0	86	2052	0	2838	0	0	0	0	0	0	0	0	0	0	0	0	0	0	0	0	0	0	0	0	0	0	0	0	0	0	0	0	0	0	0	0	0	0	0	0	0	0	0	0	0	0	
112216	Thalamus_L	16350	220	632	250	0	0	1072	0	0	0	98	0	0	0	102	0	0	0	2226	504	0	0	0	0	0	0	0	0	1346	0	122	0	0	0	1750	2226	3782	1744	238	1168	80	0	0	0	0	0	168	0	0	0	600	0	288	0	262	546	804	0	0	0	0	0	0	0	0	0	0	114	3932	0	6972	930	2502	0	1604	0	0	2928	0	0	0	0	0	0	128	0	0	0	420	0	0	0	0	0	0	0	0	0	0	0	0	0	0	0	0	0	0	0	0	0	0	0	0	0	0	0	
164540	Thalamus_R	1770	7656	0	15008	0	0	222	148	0	0	0	0	0	0	0	1194	146	0	178	22184	0	0	0	0	0	0	0	0	194	158	0	0	0	144	894	1566	862	3456	0	2884	0	0	0	0	0	0	0	644	0	0	0	0	0	0	0	1650	412	100	0	0	96	0	80	0	0	0	0	366	184	396	342	15706	154	176	0	0	2928	0	0	0	0	98	0	0	0	0	0	0	0	274	0	0	0	0	0	0	0	0	0	0	0	0	0	0	0	0	0	0	0	0	0	0	0	0	0	0	
49188	Heschl_L	1298	146	760	0	0	0	0	0	0	0	0	0	0	0	0	0	3054	0	1016	0	0	0	0	0	0	0	0	0	4450	0	0	0	0	0	0	0	1804	0	0	0	0	0	0	0	0	0	0	0	0	0	0	0	0	0	3518	0	2572	0	0	0	150	0	1014	0	0	0	98	0	774	0	164	0	90	0	0	0	0	0	0	0	938	0	0	0	138	0	0	0	2610	0	0	0	0	0	0	0	0	0	0	0	0	0	0	0	0	0	0	0	0	0	0	0	0	0	0	0	
19296	Heschl_R	370	332	0	0	0	0	0	0	0	0	0	0	0	0	0	0	0	1426	390	908	0	0	0	0	0	0	0	0	0	456	0	0	0	0	0	0	0	180	0	0	0	0	0	0	0	0	0	0	0	0	0	0	0	0	0	118	264	192	0	0	0	0	0	184	0	0	0	0	0	464	0	0	0	96	0	0	0	0	0	0	0	4012	0	0	0	256	0	0	0	0	0	0	0	0	0	0	0	0	0	0	0	0	0	0	0	0	0	0	0	0	0	0	0	0	0	0	
160072	Temporal_Sup_L	1212	146	2262	168	0	0	114	138	0	0	2956	0	160	0	0	0	6136	0	2412	0	0	0	0	0	0	0	0	0	7320	0	0	0	0	0	0	0	1686	0	0	0	0	0	0	0	0	0	0	0	0	0	282	0	0	0	1008	0	3238	0	0	0	6484	0	11222	0	1448	0	162	0	600	0	0	0	266	0	0	0	0	0	938	0	0	0	3044	0	17232	0	0	0	9402	0	0	0	0	0	0	0	0	0	0	0	0	0	0	0	0	0	0	0	0	0	0	0	0	0	0	0	
78632	Temporal_Sup_R	402	752	0	122	0	0	0	0	0	0	0	94	0	0	0	0	0	2698	1088	1994	0	0	0	0	0	0	0	0	0	2066	0	0	0	0	0	0	0	226	0	0	0	0	0	108	0	0	0	0	0	558	0	370	0	0	0	998	274	992	0	304	0	340	0	3334	0	2626	98	1838	0	2210	0	138	0	294	0	0	0	98	0	4012	0	0	0	1356	0	8424	0	102	0	1400	0	0	0	0	0	0	0	0	0	0	0	0	0	0	0	0	0	0	0	0	0	0	0	0	0	0	
84408	Temporal_Pole_Sup_L	120	0	1916	0	0	0	96	0	0	0	3158	0	254	0	426	0	2102	0	1796	210	558	0	0	0	0	0	0	0	6464	0	0	0	0	86	0	0	1988	0	1084	0	1780	0	0	0	0	0	0	0	0	0	0	0	0	0	3104	0	0	0	0	0	0	0	0	0	0	0	0	0	0	0	274	0	2018	0	0	0	0	0	0	0	3044	0	0	0	5038	0	2960	0	3728	0	0	0	0	0	0	0	0	0	0	0	0	0	0	0	0	0	0	0	0	0	0	0	0	0	0	0	
91620	Temporal_Pole_Sup_R	0	194	0	1316	0	0	0	742	0	0	0	2242	0	0	0	436	0	2528	104	1318	0	0	0	0	0	0	0	0	104	4296	0	0	0	0	0	0	0	2790	0	5392	0	3778	0	0	0	0	0	0	0	0	0	0	0	0	0	8228	0	0	0	0	0	0	0	0	0	0	0	0	0	0	114	926	104	1928	0	0	0	0	0	0	0	1356	0	0	0	1132	0	4100	0	2682	0	0	0	0	0	0	0	0	0	0	0	0	0	0	0	0	0	0	0	0	0	0	0	0	0	0	
220608	Temporal_Mid_L	1458	0	0	0	0	0	0	0	0	0	0	0	0	0	0	0	164	0	0	0	0	0	0	0	0	0	0	0	1516	0	0	0	0	0	224	0	630	0	262	0	90	0	1014	0	472	0	0	0	352	0	15096	0	2238	0	4206	0	1222	0	1026	0	10162	0	5614	0	10584	0	818	0	408	0	0	0	0	0	0	0	128	0	138	0	17232	0	5038	0	0	0	4080	0	26132	0	0	0	0	0	0	0	0	0	0	0	0	0	0	0	0	0	0	0	0	0	0	0	0	0	0	0	
185752	Temporal_Mid_R	220	1218	98	132	0	0	0	0	0	0	0	138	0	0	0	0	0	268	208	382	0	0	0	0	0	0	0	0	0	852	0	0	0	544	0	294	0	400	0	0	0	0	0	2006	0	1248	0	236	0	6612	0	11302	0	4678	0	1494	144	2426	0	328	0	902	0	1226	0	6192	626	8900	0	6658	0	88	0	228	0	0	0	0	0	256	0	8424	0	1132	0	0	0	740	0	22138	0	0	0	0	0	0	0	0	0	0	0	0	0	0	0	0	0	0	0	0	138	0	0	0	0	0	
25012	Temporal_Pole_Mid_L	0	0	0	0	0	0	0	0	0	0	0	0	0	0	0	0	0	0	0	0	0	0	0	0	0	0	0	0	0	0	0	0	0	0	0	0	0	0	232	0	82	0	0	0	0	0	0	0	0	0	0	0	0	0	2176	0	0	0	0	0	0	0	0	0	0	0	0	0	0	0	0	0	0	0	0	0	0	0	0	0	0	0	2960	0	4080	0	0	0	2976	0	0	0	0	0	0	0	0	0	0	0	0	0	0	0	0	0	0	0	0	0	0	0	0	0	0	0	
24444	Temporal_Pole_Mid_R	0	0	0	0	0	0	0	0	0	0	0	0	0	0	0	150	0	0	0	0	0	0	0	0	0	0	0	0	0	184	0	0	0	0	0	0	0	286	0	2202	0	460	0	0	0	0	0	0	0	0	0	0	0	0	0	3304	0	0	0	0	0	0	0	0	0	0	0	0	0	0	0	0	0	0	0	0	0	0	0	0	0	102	0	4100	0	740	0	0	0	694	0	0	0	0	0	0	0	0	0	0	0	0	0	0	0	0	0	0	0	0	0	0	0	0	0	0	
270152	Temporal_Inf_L	2114	1184	270	0	0	0	0	242	0	0	1054	0	430	0	0	200	1196	268	682	104	0	0	0	104	0	0	0	0	10916	444	0	162	0	0	666	464	14206	332	664	184	1336	0	112	0	0	0	0	0	136	0	3498	0	3272	0	20450	0	2714	312	670	0	5286	0	4154	0	1856	0	262	92	348	0	2818	980	3148	852	0	0	420	0	2610	0	9402	0	3728	0	26132	0	2976	0	0	0	884	0	272	0	0	0	0	0	98	0	176	0	116	0	0	0	0	0	0	0	80	0	0	0	0	0	
192252	Temporal_Inf_R	396	3268	0	354	0	0	0	0	0	0	0	0	0	0	0	0	0	340	80	1224	0	0	0	0	0	0	0	0	0	1584	0	0	0	504	336	1144	0	3448	0	712	0	0	0	2414	0	906	0	334	0	2642	0	1248	0	5356	106	10452	284	4034	0	388	0	1964	0	2026	0	936	348	8788	88	6026	0	244	0	2266	0	0	0	274	0	0	0	1400	0	2682	0	22138	0	694	0	0	0	2378	0	308	0	0	0	84	0	1036	0	0	0	270	0	0	0	0	0	0	622	0	0	0	0	0	
364480	Cerebelum_Crus1_L	0	0	0	0	0	0	0	0	0	0	0	0	0	0	0	0	0	0	0	0	0	0	0	0	0	0	0	0	0	0	0	0	0	0	0	0	0	0	0	0	0	0	0	0	0	0	11384	2036	0	0	130	0	182	0	19606	464	0	0	0	0	0	0	0	0	0	0	0	0	0	0	0	0	0	0	0	0	0	0	0	0	0	0	0	0	0	0	0	0	884	0	0	1242	32560	1172	92	342	14864	888	47130	1874	13194	108	19054	1148	2332	386	156	0	144	314	2802	4058	2402	652	468	172	
392540	Cerebelum_Crus1_R	0	0	0	0	0	0	0	0	0	0	0	0	0	0	0	0	0	0	0	0	0	0	0	0	0	0	0	0	0	0	0	0	0	0	0	0	0	0	0	0	0	0	0	0	0	0	1420	7204	0	0	0	0	0	0	330	15422	0	0	0	0	0	0	0	0	0	0	0	0	0	0	0	0	0	0	0	0	0	0	0	0	0	0	0	0	0	0	0	0	0	2378	1242	0	1036	37444	114	1584	2480	13782	2960	49592	0	6640	192	27408	486	1514	0	156	0	762	8474	6782	6458	212	198	0	
244876	Cerebelum_Crus2_L	0	0	0	0	0	0	0	0	0	0	0	0	0	0	0	0	0	0	0	0	0	0	0	0	0	0	0	0	0	0	0	0	0	0	0	0	0	0	0	0	0	0	0	0	0	0	1140	94	0	0	0	0	0	0	1294	0	0	0	0	0	0	0	0	0	0	0	0	0	0	0	0	0	0	0	0	0	0	0	0	0	0	0	0	0	0	0	0	0	272	0	32560	1036	0	3400	0	0	726	0	4942	778	35662	1100	29860	1670	2114	0	192	0	0	0	0	682	3402	1514	0	0	
267236	Cerebelum_Crus2_R	0	0	0	0	0	0	0	0	0	0	0	0	0	0	0	0	0	0	0	0	0	0	0	0	0	0	0	0	0	0	0	0	0	0	0	0	0	0	0	0	0	0	0	0	0	0	352	586	0	0	0	0	0	0	0	684	0	0	0	0	0	0	0	0	0	0	0	0	0	0	0	0	0	0	0	0	0	0	0	0	0	0	0	0	0	0	0	0	0	308	1172	37444	3400	0	0	260	302	1248	600	10310	1826	22476	1942	36170	162	1162	0	120	0	224	976	1730	8158	1900	106	0	
17224	Cerebelum_3_L	0	0	0	0	0	0	0	0	0	0	0	0	0	0	0	0	0	0	0	0	0	0	0	0	0	0	0	0	0	0	0	0	0	0	0	0	0	0	0	0	0	0	0	0	0	0	232	0	0	0	0	0	0	0	0	0	0	0	0	0	0	0	0	0	0	0	0	0	0	0	0	0	0	0	0	0	0	0	0	0	0	0	0	0	0	0	0	0	0	0	92	114	0	0	0	0	5846	110	168	124	0	0	0	0	392	0	0	0	184	524	610	104	0	0	0	112	
69780	Cerebelum_3_R	0	0	0	0	0	0	0	0	0	0	0	0	0	0	0	0	0	0	0	0	0	0	0	0	0	0	0	0	0	0	0	0	0	0	0	0	0	0	0	116	0	0	0	0	0	0	194	378	0	0	0	0	0	0	0	462	0	0	0	0	0	0	0	0	0	0	0	0	0	0	0	0	0	0	0	0	0	0	0	0	0	0	0	0	0	0	0	0	0	0	342	1584	0	260	0	0	1680	6194	960	4300	0	0	202	950	348	2010	0	0	316	4906	4298	1796	1012	1042	1290	250	
249280	Cerebelum_4_5_L	0	0	0	0	0	0	0	0	0	0	0	0	0	0	0	0	0	0	0	0	0	0	0	0	0	0	0	0	0	0	0	0	118	0	1858	0	724	0	1362	0	0	0	3516	0	0	0	15338	1954	0	0	0	0	0	0	7630	336	0	0	0	0	0	0	0	0	0	0	3258	0	0	0	0	0	0	0	0	0	0	0	0	0	0	0	0	0	0	0	0	0	0	0	14864	2480	726	302	5846	1680	0	3854	24352	4578	374	0	1538	780	4944	912	166	0	472	1134	10952	4800	596	594	1118	1484	
206936	Cerebelum_4_5_R	0	0	0	0	0	0	0	0	0	0	0	0	0	0	0	0	0	0	0	0	0	0	0	0	0	0	0	0	0	0	0	0	0	0	0	0	0	442	0	1504	0	0	0	162	0	0	1812	6600	0	0	0	0	0	0	510	7144	0	0	0	0	0	0	0	0	0	0	0	1020	0	0	0	0	0	0	0	0	0	0	0	0	0	0	0	0	0	0	0	0	0	84	888	13782	0	1248	110	6194	3854	0	2924	24914	0	0	218	2680	636	1860	0	0	0	1970	14518	2984	1696	1566	1946	202	
336808	Cerebelum_6_L	0	0	0	0	0	0	0	0	0	0	0	0	0	0	0	0	0	0	0	0	0	0	0	0	0	0	0	0	0	0	0	0	0	0	0	0	0	0	0	0	0	0	0	0	0	0	18108	4458	0	0	0	0	456	0	23260	702	0	0	0	0	0	0	0	0	0	0	0	0	0	0	0	0	0	0	0	0	0	0	0	0	0	0	0	0	0	0	0	0	98	0	47130	2960	4942	600	168	960	24352	2924	0	5232	1586	0	3558	738	4216	736	124	0	192	494	6660	9264	2270	712	990	514	
373520	Cerebelum_6_R	0	0	0	0	0	0	0	0	0	0	0	0	0	0	0	0	0	0	0	0	0	0	0	0	0	0	0	0	0	0	0	0	0	0	0	0	0	0	0	0	0	0	0	0	0	0	2208	9848	0	0	0	0	0	192	510	19238	0	0	0	0	0	0	0	0	0	0	0	0	0	0	0	0	0	0	0	0	0	0	0	0	0	0	0	0	0	0	0	0	0	1036	1874	49592	778	10310	124	4300	4578	24914	5232	0	0	496	256	10624	1176	1798	0	118	194	1472	13502	11400	6812	1884	2086	208	
197768	Cerebelum_7b_L	0	0	0	0	0	0	0	0	0	0	0	0	0	0	0	0	0	0	0	0	0	0	0	0	0	0	0	0	0	0	0	0	0	0	0	0	0	0	0	0	0	0	0	0	0	0	0	0	0	0	0	0	0	0	90	0	0	0	0	0	0	0	0	0	0	0	0	0	0	0	0	0	0	0	0	0	0	0	0	0	0	0	0	0	0	0	0	0	176	0	13194	0	35662	1826	0	0	374	0	1586	0	0	762	33312	2812	3444	130	378	0	0	0	0	0	2322	2816	0	0	
129772	Cerebelum_7b_R	0	0	0	0	0	0	0	0	0	0	0	0	0	0	0	0	0	0	0	0	0	0	0	0	0	0	0	0	0	0	0	0	0	0	0	0	0	0	0	0	0	0	0	0	0	0	0	0	0	0	0	0	0	0	0	0	0	0	0	0	0	0	0	0	0	0	0	0	0	0	0	0	0	0	0	0	0	0	0	0	0	0	0	0	0	0	0	0	0	0	108	6640	1100	22476	0	0	0	0	0	496	762	0	1060	25460	392	2912	0	98	0	0	0	84	1454	1554	290	0	
270844	Cerebelum_8_L	0	0	0	0	0	0	0	0	0	0	0	0	0	0	0	0	0	0	0	0	0	0	0	0	0	0	0	0	0	0	0	0	0	0	0	0	0	0	0	0	0	0	0	0	0	0	360	0	0	0	0	0	0	0	390	0	0	0	0	0	0	0	0	0	0	0	0	0	0	0	0	0	0	0	0	0	0	0	0	0	0	0	0	0	0	0	0	0	116	0	19054	192	29860	1942	0	202	1538	218	3558	256	33312	1060	0	6306	16540	2580	2238	0	0	178	298	170	4900	7492	2452	210	
327684	Cerebelum_8_R	0	0	0	0	0	0	0	0	0	0	0	0	0	0	0	0	0	0	0	0	0	0	0	0	0	0	0	0	0	0	0	0	0	0	0	0	0	0	0	0	0	0	0	0	0	0	92	580	0	0	0	0	0	0	0	854	0	0	0	0	0	0	0	0	0	0	0	0	0	0	0	0	0	0	0	0	0	0	0	0	0	0	0	0	0	0	0	0	0	270	1148	27408	1670	36170	0	950	780	2680	738	10624	2812	25460	6306	0	2384	19090	0	766	90	894	2734	1772	7660	7406	2416	88	
118552	Cerebelum_9_L	0	0	0	0	0	0	0	0	0	0	0	0	0	0	0	0	0	0	0	0	0	0	0	0	0	0	0	0	0	0	0	0	0	0	0	0	0	0	0	0	0	0	0	0	0	0	552	424	0	0	0	0	0	0	196	0	0	0	0	0	0	0	0	0	0	0	0	0	0	0	0	0	0	0	0	0	0	0	0	0	0	0	0	0	0	0	0	0	0	0	2332	486	2114	162	392	348	4944	636	4216	1176	3444	392	16540	2384	0	2878	3730	0	0	0	1858	2052	1654	3078	2630	658	
123112	Cerebelum_9_R	0	0	0	0	0	0	0	0	0	0	0	0	0	0	0	0	0	0	0	0	0	0	0	0	0	0	0	0	0	0	0	0	0	0	0	0	0	0	0	0	0	0	0	0	0	0	100	88	0	0	0	0	0	0	0	0	0	0	0	0	0	0	0	0	0	0	0	0	0	0	0	0	0	0	0	0	0	0	0	0	0	0	0	0	0	0	0	0	0	0	386	1514	0	1162	0	2010	912	1860	736	1798	130	2912	2580	19090	2878	0	0	1790	406	1988	2478	1816	3280	4742	5460	1440	
13968	Cerebelum_10_L	0	0	0	0	0	0	0	0	0	0	0	0	0	0	0	0	0	0	0	0	0	0	0	0	0	0	0	0	0	0	0	0	0	0	0	0	0	0	0	0	0	0	0	0	0	0	0	0	0	0	0	0	0	0	0	0	0	0	0	0	0	0	0	0	0	0	0	0	0	0	0	0	0	0	0	0	0	0	0	0	0	0	0	0	0	0	0	0	0	0	156	0	192	0	0	0	166	0	124	0	378	0	2238	0	3730	0	0	0	0	0	0	0	0	0	0	0	
6704	Cerebelum_10_R	0	0	0	0	0	0	0	0	0	0	0	0	0	0	0	0	0	0	0	0	0	0	0	0	0	0	0	0	0	0	0	0	0	0	0	0	0	0	0	0	0	0	0	0	0	0	0	0	0	0	0	0	0	0	0	0	0	0	0	0	0	0	0	0	0	0	0	0	0	0	0	0	0	0	0	0	0	0	0	0	0	0	0	0	0	0	0	0	0	0	0	156	0	120	0	0	0	0	0	118	0	98	0	766	0	1790	0	0	0	0	0	0	0	122	182	0	
16604	Vermis_1_2	0	0	0	0	0	0	0	0	0	0	0	0	0	0	0	0	0	0	0	0	0	0	0	0	0	0	0	0	0	0	0	0	0	0	0	0	0	0	0	0	0	0	0	0	0	0	0	0	0	0	0	0	0	0	0	0	0	0	0	0	0	0	0	0	0	0	0	0	0	0	0	0	0	0	0	0	0	0	0	0	0	0	0	0	0	0	0	0	0	0	144	0	0	0	184	316	472	0	192	194	0	0	0	90	0	406	0	0	0	3992	1274	282	122	174	350	110	
52368	Vermis_3	0	0	0	0	0	0	0	0	0	0	0	0	0	0	0	0	0	0	0	0	0	0	0	0	0	0	0	0	0	0	0	0	0	0	0	0	0	0	0	0	0	0	0	0	0	0	148	114	0	0	0	0	0	0	0	0	0	0	0	0	0	0	0	0	0	0	0	0	0	0	0	0	0	0	0	0	0	0	0	0	0	0	0	0	0	0	0	0	0	0	314	762	0	224	524	4906	1134	1970	494	1472	0	0	178	894	0	1988	0	0	3992	0	3828	630	634	716	1030	232	
283076	Vermis_4_5	0	196	0	0	0	0	0	0	0	0	0	0	0	0	0	0	0	0	0	386	0	0	0	0	0	0	0	0	0	0	0	0	82	786	1648	6116	514	1002	182	1720	0	0	1312	2162	0	0	4580	9296	0	90	0	124	0	542	1970	4398	0	496	0	0	0	0	0	0	0	0	1190	11186	0	1114	0	0	0	0	0	0	0	0	0	0	0	0	0	0	0	138	0	0	80	622	2802	8474	0	976	610	4298	10952	14518	6660	13502	0	0	298	2734	1858	2478	0	0	1274	3828	0	6306	1854	1828	2614	1742	
162296	Vermis_6	0	0	0	0	0	0	0	0	0	0	0	0	0	0	0	0	0	0	0	0	0	0	0	0	0	0	0	0	0	0	0	0	0	0	0	0	0	0	0	0	0	0	0	0	0	0	4112	5886	0	0	0	0	0	88	1370	2102	0	0	0	0	0	0	0	0	0	0	0	0	0	0	0	0	0	0	0	0	0	0	0	0	0	0	0	0	0	0	0	0	0	0	4058	6782	682	1730	104	1796	4800	2984	9264	11400	0	84	170	1772	2052	1816	0	0	282	630	6306	0	4602	1460	2422	2394	
