data	data	378120	525164	884212	779576	138900	129792	504464	433252	77024	34000	251060	317260	285160	257208	240928	127124	202144	132652	912968	739568	149664	145164	461420	309508	32536	93500	124112	152548	664692	475476	461704	379724	256472	603516	184616	177428	246476	296500	86808	131640	33440	65308	199200	320216	146008	201360	247060	243008	107200	232440	343620	278160	104020	89452	293156	328112	248788	208924	130948	97620	192316	77868	63116	93960	110776	137360	235940	369032	214448	223920	321644	517456	374768	443860	37144	13664	107832	165652	114564	40524	143052	131840	74336	55956	250684	175668	17292	1624	223452	162112	383344	385760	293472	280988	26976	75800	271556	196920	398336	386216	206836	151692	258920	251724	137572	103836	19192	11216	16416	60464	198684	197468	159192	83104	65884	21252	
data	data	Precentral_L	Precentral_R	Frontal_Sup_L	Frontal_Sup_R	Frontal_Sup_Orb_L	Frontal_Sup_Orb_R	Frontal_Mid_L	Frontal_Mid_R	Frontal_Mid_Orb_L	Frontal_Mid_Orb_R	Frontal_Inf_Oper_L	Frontal_Inf_Oper_R	Frontal_Inf_Tri_L	Frontal_Inf_Tri_R	Frontal_Inf_Orb_L	Frontal_Inf_Orb_R	Rolandic_Oper_L	Rolandic_Oper_R	Supp_Motor_Area_L	Supp_Motor_Area_R	Olfactory_L	Olfactory_R	Frontal_Sup_Medial_L	Frontal_Sup_Medial_R	Frontal_Med_Orb_L	Frontal_Med_Orb_R	Rectus_L	Rectus_R	Insula_L	Insula_R	Cingulum_Ant_L	Cingulum_Ant_R	Cingulum_Mid_L	Cingulum_Mid_R	Cingulum_Post_L	Cingulum_Post_R	Hippocampus_L	Hippocampus_R	ParaHippocampal_L	ParaHippocampal_R	Amygdala_L	Amygdala_R	Calcarine_L	Calcarine_R	Cuneus_L	Cuneus_R	Lingual_L	Lingual_R	Occipital_Sup_L	Occipital_Sup_R	Occipital_Mid_L	Occipital_Mid_R	Occipital_Inf_L	Occipital_Inf_R	Fusiform_L	Fusiform_R	Postcentral_L	Postcentral_R	Parietal_Sup_L	Parietal_Sup_R	Parietal_Inf_L	Parietal_Inf_R	SupraMarginal_L	SupraMarginal_R	Angular_L	Angular_R	Precuneus_L	Precuneus_R	Paracentral_Lobule_L	Paracentral_Lobule_R	Caudate_L	Caudate_R	Putamen_L	Putamen_R	Pallidum_L	Pallidum_R	Thalamus_L	Thalamus_R	Heschl_L	Heschl_R	Temporal_Sup_L	Temporal_Sup_R	Temporal_Pole_Sup_L	Temporal_Pole_Sup_R	Temporal_Mid_L	Temporal_Mid_R	Temporal_Pole_Mid_L	Temporal_Pole_Mid_R	Temporal_Inf_L	Temporal_Inf_R	Cerebelum_Crus1_L	Cerebelum_Crus1_R	Cerebelum_Crus2_L	Cerebelum_Crus2_R	Cerebelum_3_L	Cerebelum_3_R	Cerebelum_4_5_L	Cerebelum_4_5_R	Cerebelum_6_L	Cerebelum_6_R	Cerebelum_7b_L	Cerebelum_7b_R	Cerebelum_8_L	Cerebelum_8_R	Cerebelum_9_L	Cerebelum_9_R	Cerebelum_10_L	Cerebelum_10_R	Vermis_1_2	Vermis_3	Vermis_4_5	Vermis_6	Vermis_7	Vermis_8	Vermis_9	Vermis_10	
378120	Precentral_L	0	2598	27642	758	0	0	20634	88	0	0	12116	0	2038	0	0	0	9940	0	19180	4268	0	0	0	0	0	0	0	0	14550	0	1100	0	206	1214	1948	416	2628	404	256	0	0	0	138	0	0	0	0	0	160	0	1248	0	0	0	96	0	28816	0	594	0	2722	0	1184	0	760	0	548	114	8770	1312	984	90	4146	0	1600	0	8826	216	2374	0	1348	0	0	0	538	0	0	0	492	0	0	0	0	0	0	0	0	0	0	0	0	0	0	0	0	0	0	0	0	0	0	0	0	0	0	0	
525164	Precentral_R	2598	0	1298	36570	0	0	486	30072	0	0	0	13604	0	1260	0	0	142	6094	9200	26698	0	0	0	0	0	0	0	0	2368	11486	0	0	960	1968	1824	1724	2188	8594	126	1018	0	0	0	362	0	246	0	0	0	868	0	822	0	0	0	1228	0	15650	0	856	0	1210	0	1722	0	994	600	1606	5978	15846	2996	13364	1118	14738	0	1394	1988	12948	1978	802	0	968	0	128	0	556	0	0	0	1338	0	0	0	0	0	0	0	0	0	0	0	0	0	0	0	0	0	0	0	0	0	0	0	0	0	0	
884212	Frontal_Sup_L	27642	1298	0	4238	6800	0	84384	626	2696	0	12398	690	13354	862	7118	174	8718	0	66710	10380	468	226	55072	6042	1622	0	1456	214	27330	910	25600	3992	13906	8158	256	400	2128	412	266	0	0	0	0	0	0	0	0	0	0	0	204	0	0	0	0	0	6942	0	0	0	594	0	594	0	0	0	0	0	2414	0	5298	804	19998	284	2194	0	3470	192	770	0	1154	0	276	0	170	0	0	0	202	0	0	0	0	0	0	0	0	0	0	0	0	0	0	0	0	0	0	0	0	0	0	0	0	0	0	0	
779576	Frontal_Sup_R	758	36570	4238	0	0	6558	558	58876	0	1004	118	7350	602	8864	584	1756	0	1108	20026	38456	126	258	6760	32400	0	6300	0	2180	1690	9888	4246	25972	1978	22708	720	362	950	6868	122	1182	0	0	0	246	0	0	0	0	0	288	0	352	0	116	0	1206	0	2016	0	426	0	740	0	452	0	442	192	564	1410	294	3800	24298	1352	18814	0	1354	3096	10834	784	804	0	902	0	186	0	886	0	0	0	1798	0	0	0	0	0	0	0	0	0	0	0	0	0	0	0	0	0	0	0	0	0	0	0	0	0	0	
138900	Frontal_Sup_Orb_L	0	0	6800	0	0	0	400	0	11530	0	0	0	108	0	13394	872	0	0	0	0	3674	1146	4282	0	3610	0	5196	858	3302	0	4608	98	0	0	0	0	0	0	294	0	364	0	0	0	0	0	0	0	0	0	0	0	0	0	0	0	0	0	0	0	0	0	0	0	0	0	0	0	0	0	1670	598	5898	0	0	0	0	0	0	0	0	0	748	0	0	0	0	0	0	0	0	0	0	0	0	0	0	0	0	0	0	0	0	0	0	0	0	0	0	0	0	0	0	0	0	0	
129792	Frontal_Sup_Orb_R	0	0	0	6558	0	0	0	342	0	2382	0	0	0	0	0	3328	0	0	0	0	1196	3544	206	4288	104	10026	744	13502	0	940	606	3928	0	394	0	0	0	0	0	224	0	142	0	0	0	0	0	0	0	0	0	0	0	0	0	0	0	0	0	0	0	0	0	0	0	0	0	0	0	0	1396	8108	220	2200	0	0	0	0	0	0	0	0	0	518	0	0	0	0	0	0	0	0	0	0	0	0	0	0	0	0	0	0	0	0	0	0	0	0	0	0	0	0	0	0	0	0	
504464	Frontal_Mid_L	20634	486	84384	558	400	0	0	0	2028	0	12356	0	29622	232	4124	0	2898	0	11734	2478	0	0	22876	1992	0	0	0	0	17066	226	12516	858	7220	3236	150	162	520	156	0	0	0	0	0	0	0	0	0	0	0	0	126	0	0	0	0	0	2396	0	0	0	510	0	0	0	102	0	0	0	266	0	934	224	5000	124	0	0	2624	88	346	0	158	0	422	0	0	0	0	0	0	0	0	0	0	0	0	0	0	0	0	0	0	0	0	0	0	0	0	0	0	0	0	0	0	0	0	0	
433252	Frontal_Mid_R	88	30072	626	58876	0	342	0	0	0	956	0	14392	0	14898	0	1894	0	1282	10332	13934	88	0	200	1766	0	0	0	0	826	7800	138	1268	782	10232	166	220	700	3888	0	410	0	0	0	86	0	0	0	0	0	194	0	202	0	0	0	540	0	1686	0	0	0	212	0	284	0	260	0	202	188	0	3556	9882	636	9342	0	1216	1480	6536	620	720	0	718	0	0	0	694	0	0	0	1196	0	0	0	0	0	0	0	0	0	0	0	0	0	0	0	0	0	0	0	0	0	0	0	0	0	0	
77024	Frontal_Mid_Orb_L	0	0	2696	0	11530	0	2028	0	0	0	0	0	1134	0	12780	300	0	0	0	0	752	368	248	0	238	0	1470	314	1050	0	198	0	0	0	0	0	0	0	0	0	0	0	0	0	0	0	0	0	0	0	0	0	0	0	0	0	0	0	0	0	0	0	0	0	0	0	0	0	0	0	420	102	2730	0	0	0	0	0	0	0	0	0	154	0	0	0	0	0	0	0	0	0	0	0	0	0	0	0	0	0	0	0	0	0	0	0	0	0	0	0	0	0	0	0	0	0	
34000	Frontal_Mid_Orb_R	0	0	0	1004	0	2382	0	956	0	0	0	0	0	256	0	5518	0	0	0	0	0	0	0	0	0	258	0	698	0	166	0	0	0	0	0	0	0	0	0	0	0	0	0	0	0	0	0	0	0	0	0	0	0	0	0	0	0	0	0	0	0	0	0	0	0	0	0	0	0	0	0	2810	0	2952	0	0	0	0	0	0	0	0	0	0	0	0	0	0	0	0	0	0	0	0	0	0	0	0	0	0	0	0	0	0	0	0	0	0	0	0	0	0	0	0	0	0	
251060	Frontal_Inf_Oper_L	12116	0	12398	118	0	0	12356	0	0	0	0	0	14288	0	730	0	9366	0	14994	3248	0	0	666	0	0	0	0	0	26122	0	4758	0	3450	1442	0	134	0	0	0	0	0	0	0	0	0	0	0	0	0	0	0	0	0	0	0	0	5776	0	0	0	0	0	0	0	0	0	0	0	0	0	488	0	378	0	0	0	0	0	162	0	1358	0	1182	0	0	0	0	0	0	0	0	0	0	0	0	0	0	0	0	0	0	0	0	0	0	0	0	0	0	0	0	0	0	0	0	0	
317260	Frontal_Inf_Oper_R	0	13604	690	7350	0	0	0	14392	0	0	0	0	520	18830	418	178	0	8018	6210	12352	96	0	112	312	0	0	0	0	564	27306	358	934	408	7802	0	0	0	984	0	326	0	0	0	0	0	0	0	0	0	0	0	0	0	0	0	760	0	1860	0	0	0	0	0	0	0	0	0	0	0	0	4472	10422	1240	13962	0	0	118	1648	0	362	0	828	0	1194	0	0	0	0	0	0	0	0	0	0	0	0	0	0	0	0	0	0	0	0	0	0	0	0	0	0	0	0	0	0	0	0	
285160	Frontal_Inf_Tri_L	2038	0	13354	602	108	0	29622	0	1134	0	14288	520	0	414	13788	0	988	0	6086	2394	0	0	1290	0	0	0	0	0	30760	530	8228	88	1166	804	0	156	252	0	0	0	0	0	0	0	0	0	0	0	0	0	0	0	0	0	96	0	576	0	0	0	0	0	0	0	0	0	0	88	0	0	2992	544	8408	212	0	0	0	0	0	0	178	0	768	0	0	0	0	0	108	0	0	0	0	0	0	0	0	0	0	0	0	0	0	0	0	0	0	0	0	0	0	0	0	0	0	0	
257208	Frontal_Inf_Tri_R	0	1260	862	8864	0	0	232	14898	0	256	0	18830	414	0	320	4032	0	832	5660	9064	498	154	332	660	0	0	0	0	518	28834	326	880	706	10492	0	306	0	0	0	0	0	0	0	0	0	0	0	0	0	0	0	0	0	0	0	0	0	0	0	0	0	0	0	0	0	0	0	0	0	0	2582	9210	776	6032	0	0	0	514	0	0	0	0	0	260	0	0	0	0	0	0	0	0	0	0	0	0	0	0	0	0	0	0	0	0	0	0	0	0	0	0	0	0	0	0	0	0	
240928	Frontal_Inf_Orb_L	0	0	7118	584	13394	0	4124	0	12780	0	730	418	13788	320	0	590	288	0	5816	1794	3204	892	644	0	144	0	2522	548	23458	480	2544	214	302	790	0	0	0	0	260	0	232	0	0	0	0	0	0	0	0	0	0	0	0	0	0	0	0	0	0	0	0	0	0	0	0	0	0	0	0	0	4860	742	14150	0	0	0	0	0	0	0	122	0	2612	0	0	0	0	0	0	0	0	0	0	0	0	0	0	0	0	0	0	0	0	0	0	0	0	0	0	0	0	0	0	0	0	0	
127124	Frontal_Inf_Orb_R	0	0	174	1756	872	3328	0	1894	300	5518	0	178	0	4032	590	0	0	98	0	0	1856	4070	122	0	126	274	1442	3694	0	7374	430	106	0	0	0	0	0	0	0	436	0	496	0	0	0	0	0	0	0	0	0	0	0	0	0	0	0	0	0	0	0	0	0	0	0	0	0	0	0	0	2454	10802	176	9738	0	0	0	0	0	0	0	0	0	1226	0	0	0	0	0	0	0	0	0	0	0	0	0	0	0	0	0	0	0	0	0	0	0	0	0	0	0	0	0	0	0	0	
202144	Rolandic_Oper_L	9940	142	8718	0	0	0	2898	0	0	0	9366	0	988	0	288	0	0	0	9804	888	0	0	0	0	0	0	0	0	24252	0	160	0	254	512	0	0	516	0	0	0	0	0	188	0	288	0	0	0	0	0	1834	0	140	0	210	0	9790	0	0	0	0	0	882	0	0	0	166	0	484	0	114	0	648	0	0	0	288	0	5146	0	7164	0	1622	0	2286	0	0	0	1096	0	0	0	0	0	0	0	0	0	0	0	0	0	0	0	0	0	0	0	0	0	0	0	0	0	0	0	
132652	Rolandic_Oper_R	0	6094	0	1108	0	0	0	1282	0	0	0	8018	0	832	0	98	0	0	270	936	0	0	0	0	0	0	0	0	0	14374	0	0	0	0	0	0	0	1470	0	176	0	0	0	0	0	0	0	0	0	0	0	0	0	0	0	612	0	5592	0	0	0	0	0	4352	0	0	0	0	0	0	0	1772	0	8378	0	88	0	154	0	3042	0	5062	0	1012	0	464	0	0	0	1140	0	0	0	0	0	0	0	0	0	0	0	0	0	0	0	0	0	0	0	0	0	0	0	0	0	0	
912968	Supp_Motor_Area_L	19180	9200	66710	20026	0	0	11734	10332	0	0	14994	6210	6086	5660	5816	0	9804	270	0	63990	0	0	11698	3176	0	0	0	0	32570	4696	8144	3468	18364	31448	1908	894	5102	662	976	0	0	0	0	0	0	0	0	0	0	0	134	0	0	0	0	94	6518	102	0	0	158	0	692	0	0	0	346	404	14532	4150	12588	1512	23748	672	5804	0	7150	456	866	0	2686	0	120	0	154	0	0	0	480	0	0	0	0	0	0	0	0	0	0	0	0	0	0	0	0	0	0	0	0	0	0	0	0	0	0	0	
739568	Supp_Motor_Area_R	4268	26698	10380	38456	0	0	2478	13934	0	0	3248	12352	2394	9064	1794	0	888	936	63990	0	0	0	2952	4536	0	0	0	0	6236	8252	2372	2970	6858	43868	5038	5352	888	3720	0	608	0	0	0	480	0	336	0	0	0	188	0	184	0	0	0	884	634	2448	0	206	0	324	0	164	0	0	1484	3310	11722	18160	5934	15520	2112	7526	0	262	1926	8558	830	88	196	344	0	112	0	422	0	0	0	900	0	0	0	0	0	0	0	0	0	0	0	0	0	0	0	0	0	0	0	0	0	0	0	0	0	0	
149664	Olfactory_L	0	0	468	126	3674	1196	0	88	752	0	0	96	0	498	3204	1856	0	0	0	0	0	9924	304	0	494	220	9972	6412	2504	506	6610	5400	0	0	0	0	0	0	754	0	756	0	0	0	0	0	0	0	0	0	0	0	0	0	0	0	0	0	0	0	0	0	0	0	0	0	0	0	0	0	10774	5378	2080	212	0	0	0	0	0	0	0	0	574	0	0	0	0	0	0	0	0	0	0	0	0	0	0	0	0	0	0	0	0	0	0	0	0	0	0	0	0	0	0	0	0	0	
145164	Olfactory_R	0	0	226	258	1146	3544	0	0	368	0	0	0	0	154	892	4070	0	0	0	0	9924	0	172	88	200	638	7228	8998	0	2108	4212	3838	0	0	0	0	0	0	0	1600	0	1428	0	0	0	0	0	0	0	0	0	0	0	0	0	0	0	0	0	0	0	0	0	0	0	0	0	0	0	0	10548	7408	1408	838	0	0	0	0	0	0	0	0	0	1288	0	0	0	0	0	0	0	0	0	0	0	0	0	0	0	0	0	0	0	0	0	0	0	0	0	0	0	0	0	0	0	0	
461420	Frontal_Sup_Medial_L	0	0	55072	6760	4282	206	22876	200	248	0	666	112	1290	332	644	122	0	0	11698	2952	304	172	0	21586	2322	260	1174	184	1240	232	33128	16916	18176	18256	0	0	0	0	0	0	0	0	0	0	0	0	0	0	0	0	0	0	0	0	0	0	0	0	0	0	0	0	0	0	0	0	0	0	0	0	2124	1824	4460	892	0	0	0	0	0	0	0	0	0	0	0	0	0	0	0	0	0	0	0	0	0	0	0	0	0	0	0	0	0	0	0	0	0	0	0	0	0	0	0	0	0	0	
309508	Frontal_Sup_Medial_R	0	0	6042	32400	0	4288	1992	1766	0	0	0	312	0	660	0	0	0	0	3176	4536	0	88	21586	0	128	6168	0	1660	0	152	9004	27678	3988	19686	0	0	0	0	0	0	0	0	0	0	0	0	0	0	0	0	0	0	0	0	0	0	0	0	0	0	0	0	0	0	0	0	0	0	0	0	200	6650	236	2358	0	0	0	0	0	0	0	0	0	0	0	0	0	0	0	0	0	0	0	0	0	0	0	0	0	0	0	0	0	0	0	0	0	0	0	0	0	0	0	0	0	0	
32536	Frontal_Med_Orb_L	0	0	1622	0	3610	104	0	0	238	0	0	0	0	0	144	126	0	0	0	0	494	200	2322	128	0	360	1114	284	0	0	4174	240	0	0	0	0	0	0	0	0	0	0	0	0	0	0	0	0	0	0	0	0	0	0	0	0	0	0	0	0	0	0	0	0	0	0	0	0	0	0	254	132	722	0	0	0	0	0	0	0	0	0	0	0	0	0	0	0	0	0	0	0	0	0	0	0	0	0	0	0	0	0	0	0	0	0	0	0	0	0	0	0	0	0	0	0	
93500	Frontal_Med_Orb_R	0	0	0	6300	0	10026	0	0	0	258	0	0	0	0	0	274	0	0	0	0	220	638	260	6168	360	0	128	7418	0	154	1158	6238	0	402	0	0	0	0	0	0	0	0	0	0	0	0	0	0	0	0	0	0	0	0	0	0	0	0	0	0	0	0	0	0	0	0	0	0	0	0	186	5228	110	1224	0	0	0	0	0	0	0	0	0	0	0	0	0	0	0	0	0	0	0	0	0	0	0	0	0	0	0	0	0	0	0	0	0	0	0	0	0	0	0	0	0	0	
124112	Rectus_L	0	0	1456	0	5196	744	0	0	1470	0	0	0	0	0	2522	1442	0	0	0	0	9972	7228	1174	0	1114	128	0	5360	564	0	7260	4082	0	0	0	0	0	0	130	0	0	0	0	0	0	0	0	0	0	0	0	0	0	0	0	0	0	0	0	0	0	0	0	0	0	0	0	0	0	0	6962	3392	1762	98	0	0	0	0	0	0	0	0	0	0	0	0	0	0	0	0	0	0	0	0	0	0	0	0	0	0	0	0	0	0	0	0	0	0	0	0	0	0	0	0	0	0	
152548	Rectus_R	0	0	214	2180	858	13502	0	0	314	698	0	0	0	0	548	3694	0	0	0	0	6412	8998	184	1660	284	7418	5360	0	0	688	3198	5574	0	0	0	0	0	0	0	154	0	168	0	0	0	0	0	0	0	0	0	0	0	0	0	0	0	0	0	0	0	0	0	0	0	0	0	0	0	0	5540	5948	464	1740	0	0	0	0	0	0	0	0	0	476	0	0	0	0	0	0	0	0	0	0	0	0	0	0	0	0	0	0	0	0	0	0	0	0	0	0	0	0	0	0	0	0	
664692	Insula_L	14550	2368	27330	1690	3302	0	17066	826	1050	0	26122	564	30760	518	23458	0	24252	0	32570	6236	2504	0	1240	0	0	0	564	0	0	642	12670	334	4212	2604	912	548	13904	236	964	0	3302	0	218	0	180	0	0	0	0	0	2352	0	478	0	2076	0	5164	0	0	0	0	0	646	0	0	0	456	310	1322	1062	4736	1172	20288	234	0	0	884	0	13078	0	9414	0	5302	0	2102	0	0	0	3574	0	0	0	0	0	0	0	0	0	0	0	0	0	0	0	0	0	0	0	0	0	0	0	0	0	0	0	
475476	Insula_R	0	11486	910	9888	0	940	226	7800	0	166	0	27306	530	28834	480	7374	0	14374	4696	8252	506	2108	232	152	0	154	0	688	642	0	256	196	610	6052	0	184	0	9314	0	3390	0	2768	0	0	0	0	0	0	0	0	0	0	0	0	0	4688	0	2076	0	0	0	0	0	730	0	0	0	94	0	126	2620	16014	992	33566	0	0	160	1858	0	3446	0	7350	0	4608	0	3300	0	0	0	5322	0	0	0	0	0	0	0	0	0	274	0	0	0	0	0	0	0	0	0	0	0	0	0	0	0	0	
461704	Cingulum_Ant_L	1100	0	25600	4246	4608	606	12516	138	198	0	4758	358	8228	326	2544	430	160	0	8144	2372	6610	4212	33128	9004	4174	1158	7260	3198	12670	256	0	23340	8272	10782	0	114	140	0	0	0	0	0	0	0	0	0	0	0	0	0	0	0	0	0	0	0	0	0	0	0	0	0	0	0	0	0	0	0	0	0	14552	4636	9918	976	0	0	0	0	0	0	0	0	120	0	0	0	0	0	0	0	0	0	0	0	0	0	0	0	0	0	0	0	0	0	0	0	0	0	0	0	0	0	0	0	0	0	
379724	Cingulum_Ant_R	0	0	3992	25972	98	3928	858	1268	0	0	0	934	88	880	214	106	0	0	3468	2970	5400	3838	16916	27678	240	6238	4082	5574	334	196	23340	0	3648	23664	0	92	0	0	0	0	0	0	0	0	0	0	0	0	0	0	0	0	0	0	0	0	0	0	0	0	0	0	0	0	0	0	0	0	0	0	5138	13256	772	4680	0	0	0	0	0	0	0	0	0	0	0	0	0	0	0	0	0	0	0	0	0	0	0	0	0	0	0	0	0	0	0	0	0	0	0	0	0	0	0	0	0	0	
256472	Cingulum_Mid_L	206	960	13906	1978	0	0	7220	782	0	0	3450	408	1166	706	302	0	254	0	18364	6858	0	0	18176	3988	0	0	0	0	4212	610	8272	3648	0	19136	3478	582	0	0	0	0	0	0	0	126	300	0	0	0	340	0	292	0	0	0	0	0	110	0	0	0	0	0	0	0	0	0	2430	1280	2244	1102	350	268	554	178	0	0	0	0	0	0	0	0	0	0	0	0	0	0	0	0	0	0	0	0	0	0	0	0	0	0	0	0	0	0	0	0	0	0	0	0	0	0	0	0	0	0	
603516	Cingulum_Mid_R	1214	1968	8158	22708	0	394	3236	10232	0	0	1442	7802	804	10492	790	0	512	0	31448	43868	0	0	18256	19686	0	402	0	0	2604	6052	10782	23664	19136	0	4714	9572	364	218	0	0	0	0	0	1972	0	1362	0	128	0	672	0	546	0	0	0	0	430	2446	0	0	0	0	0	0	0	0	2688	10172	3030	11194	1386	2412	572	1070	0	0	192	256	396	0	174	0	0	0	0	0	0	0	0	142	0	0	0	0	0	0	0	0	0	0	0	0	0	0	0	0	0	0	0	0	0	0	0	0	0	0	
184616	Cingulum_Post_L	1948	1824	256	720	0	0	150	166	0	0	0	0	0	0	0	0	0	0	1908	5038	0	0	0	0	0	0	0	0	912	0	0	0	3478	4714	0	12236	6404	4728	1588	766	0	0	1294	204	360	146	1564	216	1064	0	692	0	0	0	552	88	558	1710	574	0	386	0	0	0	0	0	10236	4510	10034	5014	378	536	934	0	96	0	1568	1564	768	0	0	0	0	0	0	0	0	0	426	0	0	0	0	0	0	0	0	0	0	0	0	0	0	0	0	0	0	0	0	0	0	0	0	0	0	0	
177428	Cingulum_Post_R	416	1724	400	362	0	0	162	220	0	0	134	0	156	306	0	0	0	0	894	5352	0	0	0	0	0	0	0	0	548	184	114	92	582	9572	12236	0	5278	5728	1240	956	0	0	0	1770	0	706	760	1846	0	232	0	260	0	188	404	718	0	3938	0	0	0	0	0	0	0	0	2592	12654	406	9658	184	558	778	108	0	0	1064	1876	182	0	0	0	0	0	0	212	0	0	484	480	0	0	0	0	0	0	0	0	0	0	0	0	0	0	0	0	0	0	0	0	0	0	0	0	0	0	
246476	Hippocampus_L	2628	2188	2128	950	0	0	520	700	0	0	0	0	252	0	0	0	516	0	5102	888	0	0	0	0	0	0	0	0	13904	0	140	0	0	364	6404	5278	0	5440	10828	934	5308	0	606	0	0	0	2914	494	0	0	0	0	238	0	9690	90	246	0	0	0	0	0	0	0	0	0	1384	968	490	1126	0	544	11140	136	1288	0	3362	2256	7972	0	2152	0	230	0	1380	0	0	0	9752	0	0	0	0	0	0	0	132	0	0	0	0	0	0	0	0	0	0	0	0	176	0	0	0	0	0	0	
296500	Hippocampus_R	404	8594	412	6868	0	0	156	3888	0	0	0	984	0	0	0	0	0	1470	662	3720	0	0	0	0	0	0	0	0	236	9314	0	0	0	218	4728	5728	5440	0	1428	19164	244	9892	0	538	0	0	766	1348	0	0	0	0	0	222	498	21778	0	970	0	0	0	0	0	112	0	0	186	2136	0	1220	0	148	1078	15078	86	260	940	5234	0	950	0	2464	0	988	0	882	0	0	478	4956	0	0	0	0	0	150	0	412	0	822	0	0	0	0	0	0	0	0	0	0	0	0	0	0	0	0	
86808	ParaHippocampal_L	256	126	266	122	294	0	0	0	0	0	0	0	0	0	260	0	0	0	976	0	754	0	0	0	0	0	130	0	964	0	0	0	0	0	1588	1240	10828	1428	0	270	2388	0	1060	0	0	0	4248	392	0	0	472	0	338	0	5072	0	0	0	0	0	0	0	0	0	0	0	1178	462	0	0	594	0	1860	0	728	0	544	448	232	0	0	0	696	0	0	0	412	0	716	0	294	0	0	0	434	0	652	0	284	0	0	0	0	0	0	0	0	0	94	304	0	0	0	0	0	0	
131640	ParaHippocampal_R	0	1018	0	1182	0	224	0	410	0	0	0	326	0	0	0	436	0	176	0	608	0	1600	0	0	0	0	0	154	0	3390	0	0	0	0	766	956	934	19164	270	0	0	8246	0	0	0	0	148	884	0	0	0	0	0	0	0	11414	0	112	0	0	0	0	0	0	0	0	0	476	0	0	0	332	128	5312	0	0	278	1744	0	0	0	486	0	1446	0	244	0	0	110	1058	0	168	0	0	86	314	0	556	0	664	0	0	0	0	0	0	0	0	0	0	0	0	0	0	0	0	
33440	Amygdala_L	0	0	0	0	364	0	0	0	0	0	0	0	0	0	232	0	0	0	0	0	756	0	0	0	0	0	0	0	3302	0	0	0	0	0	0	0	5308	244	2388	0	0	0	0	0	0	0	0	0	0	0	0	0	0	0	1928	0	0	0	0	0	0	0	0	0	0	0	0	0	0	0	158	0	692	0	0	0	0	0	0	0	0	0	632	0	0	0	0	0	716	0	0	0	0	0	0	0	0	0	0	0	0	0	0	0	0	0	0	0	0	0	0	0	0	0	0	0	
65308	Amygdala_R	0	0	0	0	0	142	0	0	0	0	0	0	0	0	0	496	0	0	0	0	0	1428	0	0	0	0	0	168	0	2768	0	0	0	0	0	0	0	9892	0	8246	0	0	0	0	0	0	0	0	0	0	0	0	0	0	0	4326	0	0	0	0	0	0	0	0	0	0	0	0	0	0	0	370	0	2490	0	0	0	0	0	0	0	0	0	2068	0	0	0	0	0	0	0	0	0	0	0	134	0	126	0	0	0	0	0	0	0	0	0	0	0	0	0	0	0	0	0	0	
199200	Calcarine_L	138	0	0	0	0	0	0	0	0	0	0	0	0	0	0	0	188	0	0	0	0	0	0	0	0	0	0	0	218	0	0	0	0	0	1294	0	606	0	1060	0	0	0	0	5496	12146	3044	10778	1644	6376	1518	19198	228	7828	280	4986	218	572	0	494	0	324	0	0	0	0	0	14696	174	1096	0	0	0	0	0	0	0	0	0	444	0	0	0	0	0	436	0	0	0	242	0	794	0	102	0	0	0	1096	146	1060	148	0	0	0	0	0	0	0	0	0	0	532	0	0	0	0	0	
320216	Calcarine_R	0	362	0	246	0	0	0	86	0	0	0	0	0	0	0	0	0	0	0	480	0	0	0	0	0	0	0	0	0	0	0	0	126	1972	204	1770	0	538	0	0	0	0	5496	0	4818	21786	230	17144	0	14222	0	21176	0	7510	0	7142	0	5918	0	4474	0	0	0	0	0	134	810	34474	194	2886	0	0	0	0	0	0	0	0	0	0	0	0	0	0	0	3644	0	0	0	1646	0	0	0	0	0	0	0	106	0	304	0	0	0	0	0	0	0	0	0	0	0	210	0	0	0	0	
146008	Cuneus_L	0	0	0	0	0	0	0	0	0	0	0	0	0	0	0	0	288	0	0	0	0	0	0	0	0	0	0	0	180	0	0	0	300	0	360	0	0	0	0	0	0	0	12146	4818	0	7568	1820	500	12674	2486	12412	366	1268	0	388	98	1368	0	1460	0	680	0	0	0	0	0	7294	1676	1322	0	0	0	0	0	0	0	0	0	544	0	0	0	0	0	704	0	0	0	284	0	0	0	0	0	0	0	0	0	0	0	0	0	0	0	0	0	0	0	0	0	0	0	0	0	0	0	
201360	Cuneus_R	0	246	0	0	0	0	0	0	0	0	0	0	0	0	0	0	0	0	0	336	0	0	0	0	0	0	0	0	0	0	0	0	0	1362	146	706	0	0	0	0	0	0	3044	21786	7568	0	0	1984	276	25258	0	9838	0	1048	0	1060	0	686	0	1042	0	0	0	0	0	254	3282	18452	0	1572	0	0	0	0	0	0	0	0	0	0	0	0	0	0	0	532	0	0	0	202	0	0	0	0	0	0	0	0	0	0	0	0	0	0	0	0	0	0	0	0	0	0	0	0	0	0	
247060	Lingual_L	0	0	0	0	0	0	0	0	0	0	0	0	0	0	0	0	0	0	0	0	0	0	0	0	0	0	0	0	0	0	0	0	0	0	1564	760	2914	766	4248	148	0	0	10778	230	1820	0	0	2524	1668	0	7572	0	3704	246	15278	598	0	0	124	0	0	0	0	0	0	0	3714	278	0	0	0	0	0	0	0	0	442	170	386	0	0	0	0	0	0	0	0	0	0	0	13836	1488	1620	202	0	150	13956	1442	20062	2302	86	0	0	0	0	0	0	0	0	172	4024	3022	1236	0	0	0	
243008	Lingual_R	0	0	0	0	0	0	0	0	0	0	0	0	0	0	0	0	0	0	0	0	0	0	0	0	0	0	0	0	0	0	0	0	0	128	216	1846	494	1348	392	884	0	0	1644	17144	500	1984	2524	0	0	3068	0	3938	152	6534	1364	18906	0	0	0	0	0	0	0	0	0	0	0	8668	0	118	0	0	0	0	0	0	0	182	0	0	0	0	0	0	0	532	0	0	0	358	2014	5402	422	266	306	250	3754	6108	5128	10032	0	0	140	0	276	130	0	0	0	162	6460	6868	552	0	102	208	
107200	Occipital_Sup_L	160	0	0	0	0	0	0	0	0	0	0	0	0	0	0	0	0	0	0	0	0	0	0	0	0	0	0	0	0	0	0	0	340	0	1064	0	0	0	0	0	0	0	6376	0	12674	276	1668	0	0	164	18182	0	560	0	358	0	564	0	3546	0	1052	0	0	0	106	0	5426	186	786	0	0	0	0	0	0	0	0	0	0	0	0	0	0	0	112	0	0	0	0	0	0	0	0	0	0	0	0	0	0	0	0	0	0	0	0	0	0	0	0	0	0	0	0	0	0	0	
232440	Occipital_Sup_R	0	868	0	288	0	0	0	194	0	0	0	0	0	0	0	0	0	0	0	188	0	0	0	0	0	0	0	0	0	0	0	0	0	672	0	232	0	0	0	0	0	0	1518	14222	2486	25258	0	3068	164	0	0	31600	0	1024	0	920	0	1692	0	3858	0	1208	0	376	0	9136	1466	10618	0	976	0	0	0	0	0	0	0	0	0	0	0	162	0	0	0	2574	0	0	0	1232	0	0	0	0	0	0	0	0	0	128	0	0	0	0	0	0	0	0	0	0	0	92	0	0	0	0	
343620	Occipital_Mid_L	1248	0	204	0	0	0	126	0	0	0	0	0	0	0	0	0	1834	0	134	0	0	0	0	0	0	0	0	0	2352	0	0	0	292	0	692	0	0	0	472	0	0	0	19198	0	12412	0	7572	0	18182	0	0	0	17574	0	8316	0	1888	0	14576	0	13222	0	606	0	11934	0	12268	0	3002	0	0	0	0	0	0	0	0	0	2210	0	436	0	0	0	15734	0	0	0	4996	0	0	0	0	0	0	0	0	0	330	0	0	0	0	0	0	0	0	0	0	0	0	0	0	0	0	0	
278160	Occipital_Mid_R	0	822	0	352	0	0	0	202	0	0	0	0	0	0	0	0	0	0	0	184	0	0	0	0	0	0	0	0	0	0	0	0	0	546	0	260	0	0	0	0	0	0	228	21176	366	9838	0	3938	0	31600	0	0	0	5980	0	2012	0	4958	0	6316	0	1812	0	444	0	16256	308	15190	0	1088	0	0	0	0	0	0	0	0	0	0	0	402	0	0	0	12012	0	0	0	2700	0	0	0	0	0	0	0	0	0	90	0	0	0	0	0	0	0	0	0	0	0	0	0	0	0	0	
104020	Occipital_Inf_L	0	0	0	0	0	0	0	0	0	0	0	0	0	0	0	0	140	0	0	0	0	0	0	0	0	0	0	0	478	0	0	0	0	0	0	0	238	0	338	0	0	0	7828	0	1268	0	3704	152	560	0	17574	0	0	0	7760	0	208	0	326	0	196	0	0	0	0	0	4200	0	378	0	0	0	0	0	0	0	0	0	1020	0	156	0	0	0	1764	0	0	0	1986	0	462	0	88	0	0	0	0	0	786	94	0	0	0	0	0	0	0	0	0	0	0	306	0	0	0	0	
89452	Occipital_Inf_R	0	0	0	116	0	0	0	0	0	0	0	0	0	0	0	0	0	0	0	0	0	0	0	0	0	0	0	0	0	0	0	0	0	0	0	188	0	222	0	0	0	0	280	7510	0	1048	246	6534	0	1024	0	5980	0	0	98	7080	0	0	0	0	0	0	0	0	0	0	0	3064	0	0	0	0	0	0	0	0	0	0	0	206	0	232	0	0	0	1594	0	0	0	3402	350	298	88	0	0	0	150	378	792	1978	0	0	0	0	0	0	0	0	0	0	384	1354	130	0	0	0	
293156	Fusiform_L	96	0	0	0	0	0	0	0	0	0	0	0	96	0	0	0	210	0	0	0	0	0	0	0	0	0	0	0	2076	0	0	0	0	0	552	404	9690	498	5072	0	1928	0	4986	0	388	0	15278	1364	358	0	8316	0	7760	98	0	212	0	0	0	0	0	0	0	0	0	0	3918	0	138	0	0	0	830	0	0	0	478	222	1782	0	756	0	1686	0	1358	0	920	0	10254	0	19976	754	2606	144	0	0	9120	390	24110	974	870	0	920	0	0	0	0	0	0	0	1880	2256	854	0	0	0	
328112	Fusiform_R	0	1228	0	1206	0	0	0	540	0	0	0	760	0	0	0	0	0	612	94	884	0	0	0	0	0	0	0	0	0	4688	0	0	0	0	88	718	90	21778	0	11414	0	4326	218	7142	98	1060	598	18906	0	920	0	2012	0	7080	212	0	0	328	0	0	0	0	0	0	0	0	0	4686	0	0	0	0	0	6666	0	0	0	192	0	160	0	2874	0	2378	0	1986	0	0	0	10564	934	12004	262	356	0	150	960	6344	2058	16544	0	0	0	0	132	0	0	0	0	0	3338	4046	422	0	0	0	
248788	Postcentral_L	28816	0	6942	0	0	0	2396	0	0	0	5776	0	576	0	0	0	9790	0	6518	634	0	0	0	0	0	0	0	0	5164	0	0	0	110	430	558	0	246	0	0	0	0	0	572	0	1368	0	0	0	564	0	1888	0	208	0	0	0	0	0	5660	0	14206	0	6128	0	1580	0	1968	0	9722	0	0	0	334	0	0	0	278	0	1482	0	2588	0	0	0	4486	0	0	0	3406	0	0	0	0	0	0	0	0	0	0	0	0	0	0	0	0	0	0	0	0	0	0	0	0	0	0	0	
208924	Postcentral_R	0	15650	0	2016	0	0	0	1686	0	0	0	1860	0	0	0	0	0	5592	102	2448	0	0	0	0	0	0	0	0	0	2076	0	0	0	2446	1710	3938	0	970	0	112	0	0	0	5918	0	686	0	0	0	1692	0	4958	0	0	0	328	0	0	0	8814	0	4798	0	9926	0	1584	1164	10902	0	7726	0	340	0	2430	0	110	0	208	0	212	0	502	0	0	0	532	0	0	0	1026	0	0	0	0	0	0	0	0	0	0	0	0	0	0	0	0	0	0	0	0	0	0	0	0	0	0	
130948	Parietal_Sup_L	594	0	0	0	0	0	0	0	0	0	0	0	0	0	0	0	0	0	0	0	0	0	0	0	0	0	0	0	0	0	0	0	0	0	574	0	0	0	0	0	0	0	494	0	1460	0	124	0	3546	0	14576	0	326	0	0	0	5660	0	0	0	21696	0	0	0	3828	0	10812	212	642	0	0	0	0	0	0	0	0	0	0	0	0	0	0	0	544	0	0	0	386	0	0	0	0	0	0	0	0	0	0	0	0	0	0	0	0	0	0	0	0	0	0	0	0	0	0	0	
97620	Parietal_Sup_R	0	856	0	426	0	0	0	0	0	0	0	0	0	0	0	0	0	0	0	206	0	0	0	0	0	0	0	0	0	0	0	0	0	0	0	0	0	0	0	0	0	0	0	4474	0	1042	0	0	0	3858	0	6316	0	0	0	0	0	8814	0	0	0	6080	0	438	0	7308	186	7646	0	332	0	0	0	0	0	0	0	0	0	0	0	0	0	0	0	546	0	0	0	282	0	0	0	0	0	0	0	0	0	0	0	0	0	0	0	0	0	0	0	0	0	0	0	0	0	0	
192316	Parietal_Inf_L	2722	0	594	0	0	0	510	0	0	0	0	0	0	0	0	0	0	0	158	0	0	0	0	0	0	0	0	0	0	0	0	0	0	0	386	0	0	0	0	0	0	0	324	0	680	0	0	0	1052	0	13222	0	196	0	0	0	14206	0	21696	0	0	0	7904	0	18788	0	864	0	970	0	0	0	0	0	0	0	0	0	0	0	128	0	0	0	8368	0	0	0	3390	0	0	0	0	0	0	0	0	0	0	0	0	0	0	0	0	0	0	0	0	0	0	0	0	0	0	0	
77868	Parietal_Inf_R	0	1210	0	740	0	0	0	212	0	0	0	0	0	0	0	0	0	0	0	324	0	0	0	0	0	0	0	0	0	0	0	0	0	0	0	0	0	0	0	0	0	0	0	0	0	0	0	0	0	1208	0	1812	0	0	0	0	0	4798	0	6080	0	0	0	8530	0	11766	0	242	0	228	0	0	0	0	0	0	0	0	0	0	0	208	0	0	0	708	0	0	0	868	0	0	0	0	0	0	0	0	0	0	0	0	0	0	0	0	0	0	0	0	0	0	0	0	0	0	
63116	SupraMarginal_L	1184	0	594	0	0	0	0	0	0	0	0	0	0	0	0	0	882	0	692	0	0	0	0	0	0	0	0	0	646	0	0	0	0	0	0	0	0	0	0	0	0	0	0	0	0	0	0	0	0	0	606	0	0	0	0	0	6128	0	0	0	7904	0	0	0	3560	0	0	0	1614	0	0	0	0	0	0	0	0	0	0	0	2842	0	0	0	3576	0	0	0	1330	0	0	0	0	0	0	0	0	0	0	0	0	0	0	0	0	0	0	0	0	0	0	0	0	0	0	0	
93960	SupraMarginal_R	0	1722	0	452	0	0	0	284	0	0	0	0	0	0	0	0	0	4352	0	164	0	0	0	0	0	0	0	0	0	730	0	0	0	0	0	0	0	112	0	0	0	0	0	0	0	0	0	0	0	376	0	444	0	0	0	0	0	9926	0	438	0	8530	0	0	0	9000	0	140	0	206	0	0	0	224	0	0	0	0	0	316	0	4880	0	0	0	2564	0	0	0	2120	0	0	0	0	0	0	0	0	0	0	0	0	0	0	0	0	0	0	0	0	0	0	0	0	0	0	
110776	Angular_L	760	0	0	0	0	0	102	0	0	0	0	0	0	0	0	0	0	0	0	0	0	0	0	0	0	0	0	0	0	0	0	0	0	0	0	0	0	0	0	0	0	0	0	0	0	0	0	0	106	0	11934	0	0	0	0	0	1580	0	3828	0	18788	0	3560	0	0	0	0	0	504	0	0	0	0	0	0	0	0	0	0	0	342	0	0	0	10594	0	0	0	3290	0	0	0	0	0	0	0	0	0	0	0	0	0	0	0	0	0	0	0	0	0	0	0	0	0	0	0	
137360	Angular_R	0	994	0	442	0	0	0	260	0	0	0	0	0	0	0	0	0	0	0	0	0	0	0	0	0	0	0	0	0	0	0	0	0	0	0	0	0	0	0	0	0	0	0	134	0	254	0	0	0	9136	0	16256	0	0	0	0	0	1584	0	7308	0	11766	0	9000	0	0	0	444	0	164	0	0	0	0	0	0	0	0	0	0	0	1814	0	0	0	6548	0	0	0	2576	0	0	0	0	0	0	0	0	0	0	0	0	0	0	0	0	0	0	0	0	0	0	0	0	0	0	
235940	Precuneus_L	548	600	0	192	0	0	0	0	0	0	0	0	0	0	0	0	166	0	346	1484	0	0	0	0	0	0	0	0	456	0	0	0	2430	2688	10236	2592	1384	186	1178	0	0	0	14696	810	7294	3282	3714	0	5426	1466	12268	308	4200	0	3918	0	1968	1164	10812	186	864	0	0	0	0	0	0	9390	7594	2574	0	0	0	0	0	0	208	0	678	0	0	0	0	0	432	0	0	0	232	0	0	0	0	0	0	0	0	0	0	0	0	0	0	0	0	0	0	0	0	0	0	0	0	0	0	0	
369032	Precuneus_R	114	1606	0	564	0	0	0	202	0	0	0	0	88	0	0	0	0	0	404	3310	0	0	0	0	0	0	0	0	310	94	0	0	1280	10172	4510	12654	968	2136	462	476	0	0	174	34474	1676	18452	278	8668	186	10618	0	15190	0	3064	0	4686	0	10902	212	7646	0	242	0	140	0	444	9390	0	550	11048	0	0	0	0	0	0	90	192	200	0	0	0	0	0	0	3814	0	0	0	2472	0	0	0	0	0	0	0	102	0	134	0	0	0	0	0	0	0	0	0	0	122	0	0	0	0	0	
214448	Paracentral_Lobule_L	8770	5978	2414	1410	0	0	266	188	0	0	0	0	0	0	0	0	484	0	14532	11722	0	0	0	0	0	0	0	0	1322	0	0	0	2244	3030	10034	406	490	0	0	0	0	0	1096	194	1322	0	0	0	786	0	3002	0	378	0	138	0	9722	0	642	0	970	0	1614	0	504	0	7594	550	0	6778	0	382	388	0	0	0	280	0	432	0	192	0	0	0	3902	0	0	0	3068	0	0	0	0	0	0	0	0	0	0	0	0	0	0	0	0	0	0	0	0	0	0	0	0	0	0	0	
223920	Paracentral_Lobule_R	1312	15846	0	294	0	0	0	0	0	0	0	0	0	0	0	0	0	0	4150	18160	0	0	0	0	0	0	0	0	1062	126	0	0	1102	11194	5014	9658	1126	1220	0	0	0	0	0	2886	0	1572	0	118	0	976	0	1088	0	0	0	0	0	7726	0	332	0	228	0	206	0	164	2574	11048	6778	0	270	710	390	114	0	0	594	2014	1086	0	0	0	0	0	0	270	0	0	0	552	0	0	0	0	0	0	0	0	0	0	0	0	0	0	0	0	0	0	0	0	0	0	0	0	0	0	
321644	Caudate_L	984	2996	5298	3800	1670	1396	934	3556	420	0	488	4472	2992	2582	4860	2454	114	0	12588	5934	10774	10548	2124	200	254	186	6962	5540	4736	2620	14552	5138	350	1386	378	184	0	0	594	0	158	0	0	0	0	0	0	0	0	0	0	0	0	0	0	0	0	0	0	0	0	0	0	0	0	0	0	0	0	270	0	14496	15404	2170	406	0	3556	128	0	0	0	0	170	0	0	0	0	0	0	0	0	0	0	0	0	0	0	0	0	0	0	0	0	0	0	0	0	0	0	0	0	0	0	0	0	0	
517456	Caudate_R	90	13364	804	24298	598	8108	224	9882	102	2810	0	10422	544	9210	742	10802	0	1772	1512	15520	5378	7408	1824	6650	132	5228	3392	5948	1172	16014	4636	13256	268	2412	536	558	544	148	0	332	0	370	0	0	0	0	0	0	0	0	0	0	0	0	0	0	0	340	0	0	0	0	0	0	0	0	0	0	382	710	14496	0	2840	34866	0	680	562	15672	522	0	0	142	0	506	0	0	0	0	0	0	0	0	0	0	0	0	0	0	0	0	0	0	0	0	0	0	0	0	0	0	0	0	0	0	0	0	
374768	Putamen_L	4146	1118	19998	1352	5898	220	5000	636	2730	0	378	1240	8408	776	14150	176	648	0	23748	2112	2080	1408	4460	236	722	110	1762	464	20288	992	9918	772	554	572	934	778	11140	1078	1860	128	692	0	0	0	0	0	0	0	0	0	0	0	0	0	830	0	334	0	0	0	0	0	0	0	0	0	0	0	388	390	15404	2840	0	662	4796	0	2324	334	1822	0	854	0	1110	0	108	0	0	0	1506	0	0	0	0	0	0	0	0	0	0	0	0	0	0	0	0	0	0	0	0	0	0	0	0	0	0	0	
443860	Putamen_R	0	14738	284	18814	0	2200	124	9342	0	2952	0	13962	212	6032	0	9738	0	8378	672	7526	212	838	892	2358	0	1224	98	1740	234	33566	976	4680	178	1070	0	108	136	15078	0	5312	0	2490	0	0	0	0	0	0	0	0	0	0	0	0	0	6666	0	2430	0	0	0	0	0	224	0	0	0	0	0	114	2170	34866	662	0	0	1468	268	2824	0	472	0	1054	0	1626	0	128	0	0	0	534	0	0	0	0	0	0	0	0	0	260	0	0	0	0	0	0	0	0	0	0	0	0	0	0	0	0	
37144	Pallidum_L	1600	0	2194	0	0	0	0	0	0	0	0	0	0	0	0	0	0	0	5804	0	0	0	0	0	0	0	0	0	0	0	0	0	0	0	96	0	1288	86	728	0	0	0	0	0	0	0	0	0	0	0	0	0	0	0	0	0	0	0	0	0	0	0	0	0	0	0	0	0	0	0	406	0	4796	0	0	0	1574	0	0	0	0	0	0	0	0	0	0	0	0	0	0	0	0	0	0	0	0	0	0	0	0	0	0	0	0	0	0	0	0	0	0	0	0	0	0	0	
13664	Pallidum_R	0	1394	0	1354	0	0	0	1216	0	0	0	0	0	0	0	0	0	88	0	262	0	0	0	0	0	0	0	0	0	0	0	0	0	0	0	0	0	260	0	0	0	0	0	0	0	0	0	0	0	0	0	0	0	0	0	0	0	110	0	0	0	0	0	0	0	0	0	0	0	0	0	680	0	1468	0	0	0	0	0	0	0	0	0	0	0	0	0	0	0	0	0	0	0	0	0	0	0	0	0	0	0	0	0	0	0	0	0	0	0	0	0	0	0	0	0	0	
107832	Thalamus_L	8826	1988	3470	3096	0	0	2624	1480	0	0	0	118	0	0	0	0	288	0	7150	1926	0	0	0	0	0	0	0	0	884	160	0	0	0	192	1568	1064	3362	940	544	278	0	0	0	0	0	0	442	0	0	0	0	0	0	0	478	0	278	0	0	0	0	0	0	0	0	0	208	90	280	594	3556	562	2324	268	1574	0	0	2552	0	0	0	0	0	0	0	0	0	0	640	0	0	0	0	0	112	0	0	0	0	0	0	0	0	0	0	0	0	0	0	0	0	0	0	0	0	0	
165652	Thalamus_R	216	12948	192	10834	0	0	88	6536	0	0	0	1648	0	514	0	0	0	154	456	8558	0	0	0	0	0	0	0	0	0	1858	0	0	0	256	1564	1876	2256	5234	448	1744	0	0	0	0	0	0	170	182	0	0	0	0	0	0	222	192	0	208	0	0	0	0	0	0	0	0	0	192	0	2014	128	15672	334	2824	0	0	2552	0	0	0	0	94	0	0	0	0	0	0	318	344	0	0	0	0	0	0	0	0	0	0	0	0	0	0	0	0	0	0	0	0	0	0	0	0	0	0	
114564	Heschl_L	2374	1978	770	784	0	0	346	620	0	0	162	0	0	0	0	0	5146	0	866	830	0	0	0	0	0	0	0	0	13078	0	0	0	0	396	768	182	7972	0	232	0	0	0	444	0	544	0	386	0	0	0	2210	0	1020	0	1782	0	1482	0	0	0	0	0	0	0	0	0	678	200	432	1086	0	522	1822	0	0	0	0	0	0	0	3940	0	0	0	2550	0	0	0	1680	0	0	0	0	0	0	0	0	0	0	0	0	0	0	0	0	0	0	0	0	0	0	0	0	0	0	0	
40524	Heschl_R	0	802	0	804	0	0	0	720	0	0	0	362	0	0	0	0	0	3042	0	88	0	0	0	0	0	0	0	0	0	3446	0	0	0	0	0	0	0	950	0	0	0	0	0	0	0	0	0	0	0	0	0	0	0	206	0	160	0	212	0	0	0	0	0	316	0	0	0	0	0	0	0	0	0	472	0	0	0	0	0	0	0	5324	0	0	0	1436	0	0	0	1922	0	0	0	0	0	0	0	0	0	0	0	0	0	0	0	0	0	0	0	0	0	0	0	0	0	0	
143052	Temporal_Sup_L	1348	0	1154	0	0	0	158	0	0	0	1358	0	178	0	122	0	7164	0	2686	196	0	0	0	0	0	0	0	0	9414	0	0	0	0	174	0	0	2152	0	0	0	0	0	0	0	0	0	0	0	0	0	436	0	156	0	756	0	2588	0	0	0	128	0	2842	0	342	0	0	0	192	0	0	0	854	0	0	0	0	0	3940	0	0	0	4714	0	18834	0	0	0	9640	0	0	0	0	0	0	0	0	0	0	0	0	0	0	0	0	0	0	0	0	0	0	0	0	0	0	0	
131840	Temporal_Sup_R	0	968	0	902	0	0	0	718	0	0	0	828	0	0	0	0	0	5062	0	344	0	0	0	0	0	0	0	0	0	7350	0	0	0	0	0	0	0	2464	0	486	0	0	0	0	0	0	0	0	0	162	0	402	0	232	0	2874	0	502	0	0	0	208	0	4880	0	1814	0	0	0	0	0	142	0	1054	0	0	0	94	0	5324	0	0	0	2916	0	18116	0	0	0	7912	0	0	0	0	0	0	0	0	0	166	0	0	0	0	0	0	0	0	0	0	0	0	0	0	0	0	
74336	Temporal_Pole_Sup_L	0	0	276	0	748	0	422	0	154	0	1182	0	768	0	2612	0	1622	0	120	0	574	0	0	0	0	0	0	0	5302	0	120	0	0	0	0	0	230	0	696	0	632	0	0	0	0	0	0	0	0	0	0	0	0	0	1686	0	0	0	0	0	0	0	0	0	0	0	0	0	0	0	170	0	1110	0	0	0	0	0	0	0	4714	0	0	0	6744	0	2894	0	4392	0	0	0	0	0	0	0	0	0	0	0	0	0	0	0	0	0	0	0	0	0	0	0	0	0	0	0	
55956	Temporal_Pole_Sup_R	0	128	0	186	0	518	0	0	0	0	0	1194	0	260	0	1226	0	1012	0	112	0	1288	0	0	0	0	0	476	0	4608	0	0	0	0	0	0	0	988	0	1446	0	2068	0	0	0	0	0	0	0	0	0	0	0	0	0	2378	0	0	0	0	0	0	0	0	0	0	0	0	0	0	0	506	0	1626	0	0	0	0	0	0	0	2916	0	0	0	2984	0	464	0	1594	0	0	0	0	0	0	0	0	0	0	0	0	0	0	0	0	0	0	0	0	0	0	0	0	0	0	
250684	Temporal_Mid_L	538	0	170	0	0	0	0	0	0	0	0	0	0	0	0	0	2286	0	154	0	0	0	0	0	0	0	0	0	2102	0	0	0	0	0	0	0	1380	0	0	0	0	0	436	0	704	0	0	0	112	0	15734	0	1764	0	1358	0	4486	0	544	0	8368	0	3576	0	10594	0	432	0	3902	0	0	0	108	0	0	0	0	0	2550	0	18834	0	6744	0	0	0	2078	0	36388	0	0	0	0	0	0	0	0	0	0	0	0	0	0	0	0	0	0	0	0	0	0	0	0	0	0	0	
175668	Temporal_Mid_R	0	556	0	886	0	0	0	694	0	0	0	0	0	0	0	0	0	464	0	422	0	0	0	0	0	0	0	0	0	3300	0	0	0	0	0	212	0	882	0	244	0	0	0	3644	0	532	0	532	0	2574	0	12012	0	1594	0	1986	0	532	0	546	0	708	0	2564	0	6548	0	3814	0	270	0	0	0	128	0	0	0	0	0	1436	0	18116	0	2984	0	0	0	348	0	19306	0	0	0	0	0	0	0	0	0	0	0	0	0	0	0	0	0	0	0	0	0	0	0	0	0	0	
17292	Temporal_Pole_Mid_L	0	0	0	0	0	0	0	0	0	0	0	0	0	0	0	0	0	0	0	0	0	0	0	0	0	0	0	0	0	0	0	0	0	0	0	0	0	0	412	0	0	0	0	0	0	0	0	0	0	0	0	0	0	0	920	0	0	0	0	0	0	0	0	0	0	0	0	0	0	0	0	0	0	0	0	0	0	0	0	0	0	0	2894	0	2078	0	0	0	2342	0	0	0	0	0	0	0	0	0	0	0	0	0	0	0	0	0	0	0	0	0	0	0	0	0	0	0	
1624	Temporal_Pole_Mid_R	0	0	0	0	0	0	0	0	0	0	0	0	0	0	0	0	0	0	0	0	0	0	0	0	0	0	0	0	0	0	0	0	0	0	0	0	0	0	0	0	0	0	0	0	0	0	0	0	0	0	0	0	0	0	0	0	0	0	0	0	0	0	0	0	0	0	0	0	0	0	0	0	0	0	0	0	0	0	0	0	0	0	0	464	0	348	0	0	0	0	0	0	0	0	0	0	0	0	0	0	0	0	0	0	0	0	0	0	0	0	0	0	0	0	0	0	
223452	Temporal_Inf_L	492	0	202	0	0	0	0	0	0	0	0	0	108	0	0	0	1096	0	480	0	0	0	0	0	0	0	0	0	3574	0	0	0	0	0	426	484	9752	478	716	110	716	0	242	0	284	0	0	0	0	0	4996	0	1986	0	10254	0	3406	0	386	0	3390	0	1330	0	3290	0	232	0	3068	0	0	0	1506	0	0	0	640	318	1680	0	9640	0	4392	0	36388	0	2342	0	0	0	1894	0	400	0	0	0	0	0	612	0	196	0	220	0	0	0	0	0	0	0	0	0	0	0	0	0	
162112	Temporal_Inf_R	0	1338	0	1798	0	0	0	1196	0	0	0	0	0	0	0	0	0	1140	0	900	0	0	0	0	0	0	0	0	0	5322	0	0	0	142	0	480	0	4956	0	1058	0	0	0	1646	0	202	0	358	0	1232	0	2700	0	3402	0	10564	0	1026	0	282	0	868	0	2120	0	2576	0	2472	0	552	0	0	0	534	0	0	0	344	0	1922	0	7912	0	1594	0	19306	0	0	0	0	0	988	0	0	0	0	0	0	0	126	0	0	0	0	0	0	0	0	0	0	0	0	0	0	0	0	
383344	Cerebelum_Crus1_L	0	0	0	0	0	0	0	0	0	0	0	0	0	0	0	0	0	0	0	0	0	0	0	0	0	0	0	0	0	0	0	0	0	0	0	0	0	0	294	0	0	0	794	0	0	0	13836	2014	0	0	0	0	462	350	19976	934	0	0	0	0	0	0	0	0	0	0	0	0	0	0	0	0	0	0	0	0	0	0	0	0	0	0	0	0	0	0	0	0	1894	0	0	3160	32234	1930	296	222	22260	1008	50234	3624	8640	322	10714	536	1666	0	484	0	0	496	3490	5284	4132	176	210	0	
385760	Cerebelum_Crus1_R	0	0	0	0	0	0	0	0	0	0	0	0	0	0	0	0	0	0	0	0	0	0	0	0	0	0	0	0	0	0	0	0	0	0	0	0	0	0	0	168	0	0	0	0	0	0	1488	5402	0	0	0	0	0	298	754	12004	0	0	0	0	0	0	0	0	0	0	0	0	0	0	0	0	0	0	0	0	0	0	0	0	0	0	0	0	0	0	0	0	0	988	3160	0	1336	25456	284	4792	2660	20658	5420	53038	618	3916	1998	14162	1422	1934	94	630	0	2254	9494	9504	8278	398	272	0	
293472	Cerebelum_Crus2_L	0	0	0	0	0	0	0	0	0	0	0	0	0	0	0	0	0	0	0	0	0	0	0	0	0	0	0	0	0	0	0	0	0	0	0	0	0	0	0	0	0	0	102	0	0	0	1620	422	0	0	0	0	88	88	2606	262	0	0	0	0	0	0	0	0	0	0	0	0	0	0	0	0	0	0	0	0	0	0	0	0	0	0	0	0	0	0	0	0	400	0	32234	1336	0	7066	154	344	2728	202	9652	1062	29572	2614	27736	3734	7892	164	1018	0	0	370	804	1298	8288	2222	658	0	
280988	Cerebelum_Crus2_R	0	0	0	0	0	0	0	0	0	0	0	0	0	0	0	0	0	0	0	0	0	0	0	0	0	0	0	0	0	0	0	0	0	0	0	0	0	0	0	0	0	0	0	0	0	0	202	266	0	0	0	0	0	0	144	356	0	0	0	0	0	0	0	0	0	0	0	0	0	0	0	0	0	0	0	0	0	0	0	0	0	0	0	0	0	0	0	0	0	0	1930	25456	7066	0	102	1028	410	1896	1608	7304	2664	24866	4572	33320	924	5628	0	878	0	818	1206	2422	11404	3316	708	0	
26976	Cerebelum_3_L	0	0	0	0	0	0	0	0	0	0	0	0	0	0	0	0	0	0	0	0	0	0	0	0	0	0	0	0	0	0	0	0	0	0	0	0	0	0	434	86	0	0	0	0	0	0	0	306	0	0	0	0	0	0	0	0	0	0	0	0	0	0	0	0	0	0	0	0	0	0	0	0	0	0	0	0	112	0	0	0	0	0	0	0	0	0	0	0	0	0	296	284	154	102	0	154	4242	130	1036	520	160	0	350	0	1812	88	290	0	504	756	798	654	124	0	96	0	
75800	Cerebelum_3_R	0	0	0	0	0	0	0	0	0	0	0	0	0	0	0	0	0	0	0	0	0	0	0	0	0	0	0	0	0	0	0	0	0	0	0	0	0	150	0	314	0	134	0	0	0	0	150	250	0	0	0	0	0	0	0	150	0	0	0	0	0	0	0	0	0	0	0	0	0	0	0	0	0	0	0	0	0	0	0	0	0	0	0	0	0	0	0	0	0	0	222	4792	344	1028	154	0	1164	4902	516	6878	392	0	574	926	828	1588	0	0	704	3896	1990	1386	1340	1224	1614	290	
271556	Cerebelum_4_5_L	0	0	0	0	0	0	0	0	0	0	0	0	0	0	0	0	0	0	0	0	0	0	0	0	0	0	0	0	0	0	0	0	0	0	0	0	132	0	652	0	0	0	1096	0	0	0	13956	3754	0	0	0	0	0	150	9120	960	0	0	0	0	0	0	0	0	0	0	0	0	0	0	0	0	0	0	0	0	0	0	0	0	0	0	0	0	0	0	0	0	0	0	22260	2660	2728	410	4242	1164	0	5134	30576	5048	1222	0	1700	244	3516	1068	278	0	322	1698	13806	4692	362	252	1246	1330	
196920	Cerebelum_4_5_R	0	0	0	0	0	0	0	0	0	0	0	0	0	0	0	0	0	0	0	0	0	0	0	0	0	0	0	0	0	0	0	0	0	0	0	0	0	412	0	556	0	126	146	106	0	0	1442	6108	0	0	0	0	0	378	390	6344	0	0	0	0	0	0	0	0	0	0	0	102	0	0	0	0	0	0	0	0	0	0	0	0	0	0	0	0	0	0	0	0	0	0	1008	20658	202	1896	130	4902	5134	0	1796	28212	0	0	114	238	166	346	0	0	0	1720	14054	1458	0	0	108	208	
398336	Cerebelum_6_L	0	0	0	0	0	0	0	0	0	0	0	0	0	0	0	0	0	0	0	0	0	0	0	0	0	0	0	0	0	0	0	0	0	0	0	0	0	0	284	0	0	0	1060	0	0	0	20062	5128	0	0	330	0	786	792	24110	2058	0	0	0	0	0	0	0	0	0	0	0	0	0	0	0	0	0	0	0	0	0	0	0	0	0	0	0	0	0	0	0	0	612	0	50234	5420	9652	1608	1036	516	30576	1796	0	7848	2584	0	4742	246	3284	0	264	0	0	798	6734	11784	4094	266	464	0	
386216	Cerebelum_6_R	0	0	0	0	0	0	0	0	0	0	0	0	0	0	0	0	0	0	0	0	0	0	0	0	0	0	0	0	0	274	0	0	0	0	0	0	0	822	0	664	0	0	148	304	0	0	2302	10032	0	128	0	90	94	1978	974	16544	0	0	0	0	0	0	0	0	0	0	0	134	0	0	0	0	0	260	0	0	0	0	0	0	0	166	0	0	0	0	0	0	0	126	3624	53038	1062	7304	520	6878	5048	28212	7848	0	458	0	1810	2026	2012	390	108	132	0	3148	13180	14050	6548	344	328	0	
206836	Cerebelum_7b_L	0	0	0	0	0	0	0	0	0	0	0	0	0	0	0	0	0	0	0	0	0	0	0	0	0	0	0	0	0	0	0	0	0	0	0	0	0	0	0	0	0	0	0	0	0	0	86	0	0	0	0	0	0	0	870	0	0	0	0	0	0	0	0	0	0	0	0	0	0	0	0	0	0	0	0	0	0	0	0	0	0	0	0	0	0	0	0	0	196	0	8640	618	29572	2664	160	392	1222	0	2584	458	0	1320	30794	3906	9856	192	1352	0	0	390	338	528	3426	3088	766	0	
151692	Cerebelum_7b_R	0	0	0	0	0	0	0	0	0	0	0	0	0	0	0	0	0	0	0	0	0	0	0	0	0	0	0	0	0	0	0	0	0	0	0	0	0	0	0	0	0	0	0	0	0	0	0	0	0	0	0	0	0	0	0	0	0	0	0	0	0	0	0	0	0	0	0	0	0	0	0	0	0	0	0	0	0	0	0	0	0	0	0	0	0	0	0	0	0	0	322	3916	2614	24866	0	0	0	0	0	0	1320	0	2254	27194	114	6998	0	196	0	0	0	0	2840	2746	466	0	
258920	Cerebelum_8_L	0	0	0	0	0	0	0	0	0	0	0	0	0	0	0	0	0	0	0	0	0	0	0	0	0	0	0	0	0	0	0	0	0	0	0	0	0	0	0	0	0	0	0	0	0	0	0	140	0	0	0	0	0	0	920	0	0	0	0	0	0	0	0	0	0	0	0	0	0	0	0	0	0	0	0	0	0	0	0	0	0	0	0	0	0	0	0	0	220	0	10714	1998	27736	4572	350	574	1700	114	4742	1810	30794	2254	0	6716	15424	646	2024	0	0	522	516	2020	5000	5910	2044	0	
251724	Cerebelum_8_R	0	0	0	0	0	0	0	0	0	0	0	0	0	0	0	0	0	0	0	0	0	0	0	0	0	0	0	0	0	0	0	0	0	0	0	0	0	0	0	0	0	0	0	0	0	0	0	0	0	0	0	0	0	0	0	0	0	0	0	0	0	0	0	0	0	0	0	0	0	0	0	0	0	0	0	0	0	0	0	0	0	0	0	0	0	0	0	0	0	0	536	14162	3734	33320	0	926	244	238	246	2026	3906	27194	6716	0	1170	14652	100	1684	0	718	372	428	4466	6246	2778	0	
137572	Cerebelum_9_L	0	0	0	0	0	0	0	0	0	0	0	0	0	0	0	0	0	0	0	0	0	0	0	0	0	0	0	0	0	0	0	0	0	0	0	0	0	0	0	0	0	0	0	0	0	0	0	276	0	0	0	0	0	0	0	132	0	0	0	0	0	0	0	0	0	0	0	0	0	0	0	0	0	0	0	0	0	0	0	0	0	0	0	0	0	0	0	0	0	0	1666	1422	7892	924	1812	828	3516	166	3284	2012	9856	114	15424	1170	0	1648	3262	0	262	792	1766	3680	1828	1818	2994	242	
103836	Cerebelum_9_R	0	0	0	0	0	0	0	0	0	0	0	0	0	0	0	0	0	0	0	0	0	0	0	0	0	0	0	0	0	0	0	0	0	0	0	0	0	0	0	0	0	0	0	0	0	0	0	130	0	0	0	0	0	0	0	0	0	0	0	0	0	0	0	0	0	0	0	0	0	0	0	0	0	0	0	0	0	0	0	0	0	0	0	0	0	0	0	0	0	0	0	1934	164	5628	88	1588	1068	346	0	390	192	6998	646	14652	1648	0	0	2088	854	746	1322	2020	1098	2348	4346	1624	
19192	Cerebelum_10_L	0	0	0	0	0	0	0	0	0	0	0	0	0	0	0	0	0	0	0	0	0	0	0	0	0	0	0	0	0	0	0	0	0	0	0	0	0	0	0	0	0	0	0	0	0	0	0	0	0	0	0	0	0	0	0	0	0	0	0	0	0	0	0	0	0	0	0	0	0	0	0	0	0	0	0	0	0	0	0	0	0	0	0	0	0	0	0	0	0	0	484	94	1018	0	290	0	278	0	264	108	1352	0	2024	100	3262	0	0	0	0	0	0	102	116	104	0	0	
11216	Cerebelum_10_R	0	0	0	0	0	0	0	0	0	0	0	0	0	0	0	0	0	0	0	0	0	0	0	0	0	0	0	0	0	0	0	0	0	0	0	0	0	0	0	0	0	0	0	0	0	0	0	0	0	0	0	0	0	0	0	0	0	0	0	0	0	0	0	0	0	0	0	0	0	0	0	0	0	0	0	0	0	0	0	0	0	0	0	0	0	0	0	0	0	0	0	630	0	878	0	0	0	0	0	132	0	196	0	1684	0	2088	0	0	0	0	0	0	0	0	0	0	
16416	Vermis_1_2	0	0	0	0	0	0	0	0	0	0	0	0	0	0	0	0	0	0	0	0	0	0	0	0	0	0	0	0	0	0	0	0	0	0	0	0	0	0	94	0	0	0	0	0	0	0	0	0	0	0	0	0	0	0	0	0	0	0	0	0	0	0	0	0	0	0	0	0	0	0	0	0	0	0	0	0	0	0	0	0	0	0	0	0	0	0	0	0	0	0	0	0	0	0	504	704	322	0	0	0	0	0	0	0	262	854	0	0	0	2580	350	626	168	516	842	386	
60464	Vermis_3	0	0	0	0	0	0	0	0	0	0	0	0	0	0	0	0	0	0	0	0	0	0	0	0	0	0	0	0	0	0	0	0	0	0	0	0	176	0	304	0	0	0	0	0	0	0	172	162	0	0	0	0	0	0	0	0	0	0	0	0	0	0	0	0	0	0	0	0	0	0	0	0	0	0	0	0	0	0	0	0	0	0	0	0	0	0	0	0	0	0	496	2254	370	818	756	3896	1698	1720	798	3148	390	0	522	718	792	746	0	0	2580	0	2990	1326	1004	840	1254	302	
198684	Vermis_4_5	0	0	0	0	0	0	0	0	0	0	0	0	0	0	0	0	0	0	0	0	0	0	0	0	0	0	0	0	0	0	0	0	0	0	0	0	0	0	0	0	0	0	532	0	0	0	4024	6460	0	0	0	0	0	384	1880	3338	0	0	0	0	0	0	0	0	0	0	0	122	0	0	0	0	0	0	0	0	0	0	0	0	0	0	0	0	0	0	0	0	0	0	3490	9494	804	1206	798	1990	13806	14054	6734	13180	338	0	516	372	1766	1322	0	0	350	2990	0	5386	440	338	1526	1702	
197468	Vermis_6	0	0	0	0	0	0	0	0	0	0	0	0	0	0	0	0	0	0	0	0	0	0	0	0	0	0	0	0	0	0	0	0	0	0	0	0	0	0	0	0	0	0	0	210	0	0	3022	6868	0	92	0	0	306	1354	2256	4046	0	0	0	0	0	0	0	0	0	0	0	0	0	0	0	0	0	0	0	0	0	0	0	0	0	0	0	0	0	0	0	0	0	0	5284	9504	1298	2422	654	1386	4692	1458	11784	14050	528	0	2020	428	3680	2020	102	0	626	1326	5386	0	6148	1324	2458	2002	
159192	Vermis_7	0	0	0	0	0	0	0	0	0	0	0	0	0	0	0	0	0	0	0	0	0	0	0	0	0	0	0	0	0	0	0	0	0	0	0	0	0	0	0	0	0	0	0	0	0	0	1236	552	0	0	0	0	0	130	854	422	0	0	0	0	0	0	0	0	0	0	0	0	0	0	0	0	0	0	0	0	0	0	0	0	0	0	0	0	0	0	0	0	0	0	4132	8278	8288	11404	124	1340	362	0	4094	6548	3426	2840	5000	4466	1828	1098	116	0	168	1004	440	6148	0	3338	1826	134	
