data	data	507812	240292	949484	713308	206048	108256	353072	244436	74116	4524	256960	243372	299772	218200	221700	107604	182408	98252	847604	807380	128452	122304	314584	255160	18412	54432	92688	84844	671328	346292	232540	314000	138084	627444	108400	172304	355376	393340	102356	238576	45288	54404	213472	395580	207476	405536	300648	381728	206356	354528	432668	294076	162984	178740	470692	670520	274416	235784	105604	131832	223280	100520	86188	77776	143040	215944	264652	609380	271020	318864	276112	417084	239024	250196	28656	27040	179068	198668	85272	19100	208972	101496	128424	47008	284884	272268	14056	13288	240080	220848	641100	582148	389756	379944	31012	80408	364612	292768	676236	654112	242644	171960	368872	350252	115716	161912	20408	2856	39108	66112	320160	321416	255924	112724	113148	31516	
data	data	Precentral_L	Precentral_R	Frontal_Sup_L	Frontal_Sup_R	Frontal_Sup_Orb_L	Frontal_Sup_Orb_R	Frontal_Mid_L	Frontal_Mid_R	Frontal_Mid_Orb_L	Frontal_Mid_Orb_R	Frontal_Inf_Oper_L	Frontal_Inf_Oper_R	Frontal_Inf_Tri_L	Frontal_Inf_Tri_R	Frontal_Inf_Orb_L	Frontal_Inf_Orb_R	Rolandic_Oper_L	Rolandic_Oper_R	Supp_Motor_Area_L	Supp_Motor_Area_R	Olfactory_L	Olfactory_R	Frontal_Sup_Medial_L	Frontal_Sup_Medial_R	Frontal_Med_Orb_L	Frontal_Med_Orb_R	Rectus_L	Rectus_R	Insula_L	Insula_R	Cingulum_Ant_L	Cingulum_Ant_R	Cingulum_Mid_L	Cingulum_Mid_R	Cingulum_Post_L	Cingulum_Post_R	Hippocampus_L	Hippocampus_R	ParaHippocampal_L	ParaHippocampal_R	Amygdala_L	Amygdala_R	Calcarine_L	Calcarine_R	Cuneus_L	Cuneus_R	Lingual_L	Lingual_R	Occipital_Sup_L	Occipital_Sup_R	Occipital_Mid_L	Occipital_Mid_R	Occipital_Inf_L	Occipital_Inf_R	Fusiform_L	Fusiform_R	Postcentral_L	Postcentral_R	Parietal_Sup_L	Parietal_Sup_R	Parietal_Inf_L	Parietal_Inf_R	SupraMarginal_L	SupraMarginal_R	Angular_L	Angular_R	Precuneus_L	Precuneus_R	Paracentral_Lobule_L	Paracentral_Lobule_R	Caudate_L	Caudate_R	Putamen_L	Putamen_R	Pallidum_L	Pallidum_R	Thalamus_L	Thalamus_R	Heschl_L	Heschl_R	Temporal_Sup_L	Temporal_Sup_R	Temporal_Pole_Sup_L	Temporal_Pole_Sup_R	Temporal_Mid_L	Temporal_Mid_R	Temporal_Pole_Mid_L	Temporal_Pole_Mid_R	Temporal_Inf_L	Temporal_Inf_R	Cerebelum_Crus1_L	Cerebelum_Crus1_R	Cerebelum_Crus2_L	Cerebelum_Crus2_R	Cerebelum_3_L	Cerebelum_3_R	Cerebelum_4_5_L	Cerebelum_4_5_R	Cerebelum_6_L	Cerebelum_6_R	Cerebelum_7b_L	Cerebelum_7b_R	Cerebelum_8_L	Cerebelum_8_R	Cerebelum_9_L	Cerebelum_9_R	Cerebelum_10_L	Cerebelum_10_R	Vermis_1_2	Vermis_3	Vermis_4_5	Vermis_6	Vermis_7	Vermis_8	Vermis_9	Vermis_10	
507812	Precentral_L	0	1740	24804	3844	0	0	21816	878	0	0	7774	102	1444	0	0	0	6048	0	8520	10996	0	0	304	0	0	0	0	0	9824	0	0	0	1010	6868	2868	3480	13824	2776	2554	764	0	0	0	0	102	0	0	0	0	0	366	0	0	0	506	128	39316	352	338	106	6360	166	1902	0	1120	0	460	936	24940	874	4620	2526	5172	0	874	0	18380	4340	3992	0	2102	0	0	0	826	0	0	0	864	0	0	0	0	0	0	0	0	0	0	0	0	0	0	0	0	0	0	0	0	0	0	0	0	0	0	0	
240292	Precentral_R	1740	0	1220	16494	0	0	626	13600	0	0	0	7622	0	0	0	0	116	1472	1338	3786	0	0	0	0	0	0	0	0	150	1028	0	296	0	1532	96	280	380	7104	0	1598	0	0	0	548	0	684	0	202	0	262	0	248	0	438	0	1456	562	13410	0	192	0	588	294	1396	0	574	0	2162	642	3738	104	12862	104	3380	0	662	762	12810	0	0	142	328	0	0	0	334	0	0	0	784	0	0	0	0	0	0	0	0	0	0	0	0	0	0	0	0	0	0	0	0	0	0	0	0	0	0	
949484	Frontal_Sup_L	24804	1220	0	14930	8914	0	52002	1768	2268	0	25780	818	31090	772	6216	256	11052	208	82108	17096	0	0	45300	5418	156	0	0	0	51064	1438	12750	2234	2626	4880	102	110	8242	274	1842	0	0	0	0	0	0	0	0	0	0	0	0	0	0	0	1086	0	2142	0	0	0	302	0	124	0	0	0	0	0	3782	0	11292	2876	14164	650	2454	0	10902	882	298	0	2304	0	3346	0	0	0	0	0	400	0	0	0	0	0	0	0	0	0	0	0	0	0	0	0	0	0	0	0	0	0	0	0	0	0	0	0	
713308	Frontal_Sup_R	3844	16494	14930	0	0	4428	1860	25080	0	0	0	12364	0	13394	0	4292	0	5760	25240	59668	0	0	6050	29458	0	2146	0	0	918	15760	3300	21964	1102	19444	128	328	542	4188	0	1496	0	134	0	0	0	0	0	148	0	0	0	0	0	0	0	574	354	934	0	138	0	156	0	0	0	0	0	154	4162	184	3776	23536	164	12766	0	1592	530	12100	0	0	0	316	0	758	0	0	0	0	0	0	0	0	0	0	0	0	0	0	0	0	0	0	0	0	0	0	0	0	0	0	0	0	0	0	0	0	
206048	Frontal_Sup_Orb_L	0	0	8914	0	0	842	1036	0	10184	0	0	0	2722	0	20006	214	0	0	274	0	5714	2204	4746	170	1624	0	9136	1140	14094	88	5788	1078	0	0	0	0	0	0	0	0	166	0	0	0	0	0	0	0	0	0	0	0	0	0	0	0	0	0	0	0	0	0	0	0	0	0	0	0	0	0	4050	932	4018	0	0	0	0	0	0	0	0	0	3884	0	0	0	0	0	0	0	0	0	0	0	0	0	0	0	0	0	0	0	0	0	0	0	0	0	0	0	0	0	0	0	0	0	
108256	Frontal_Sup_Orb_R	0	0	0	4428	842	0	0	428	0	462	0	202	0	1362	816	4844	0	0	0	108	2670	4624	0	3442	236	5554	1396	9272	0	3242	948	1594	0	124	0	0	0	0	0	0	0	0	0	0	0	0	0	0	0	0	0	0	0	0	0	0	0	0	0	0	0	0	0	0	0	0	0	0	0	0	2246	1626	1010	2568	0	0	0	0	0	0	0	0	0	84	0	0	0	0	0	0	0	0	0	0	0	0	0	0	0	0	0	0	0	0	0	0	0	0	0	0	0	0	0	0	0	0	
353072	Frontal_Mid_L	21816	626	52002	1860	1036	0	0	572	2692	0	8630	202	25322	0	6438	0	3080	0	5740	2488	0	0	6326	700	0	0	0	0	14052	220	1710	256	506	788	170	96	3560	178	454	0	0	0	0	0	0	0	0	0	0	0	0	0	0	0	0	0	2008	0	0	0	584	0	0	0	456	0	0	0	190	0	4754	592	2270	118	100	0	2380	370	580	0	336	0	278	0	0	0	0	0	0	0	0	0	0	0	0	0	0	0	0	0	0	0	0	0	0	0	0	0	0	0	0	0	0	0	0	0	
244436	Frontal_Mid_R	878	13600	1768	25080	0	428	572	0	0	0	92	13908	0	16574	90	4042	112	506	1888	2088	0	0	1186	4788	0	100	0	0	1092	6616	392	3312	0	3488	118	286	532	1946	0	326	0	0	0	0	0	0	0	0	0	0	0	0	0	0	0	162	536	652	0	0	0	104	274	160	0	0	0	86	202	102	714	5514	112	3486	0	824	854	2504	0	0	124	0	0	0	0	0	0	0	0	0	0	0	0	0	0	0	0	0	0	0	0	0	0	0	0	0	0	0	0	0	0	0	0	0	0	0	
74116	Frontal_Mid_Orb_L	0	0	2268	0	10184	0	2692	0	0	0	0	0	2218	0	11986	0	0	0	0	0	240	0	0	0	296	0	1748	0	3990	0	100	0	0	0	0	0	0	0	0	0	0	0	0	0	0	0	0	0	0	0	0	0	0	0	0	0	0	0	0	0	0	0	0	0	0	0	0	0	0	0	180	0	140	0	0	0	0	0	0	0	0	0	1016	0	0	0	0	0	0	0	0	0	0	0	0	0	0	0	0	0	0	0	0	0	0	0	0	0	0	0	0	0	0	0	0	0	
4524	Frontal_Mid_Orb_R	0	0	0	0	0	462	0	0	0	0	0	0	0	0	0	1506	0	0	0	0	0	0	0	0	0	0	0	96	0	96	0	0	0	0	0	0	0	0	0	0	0	0	0	0	0	0	0	0	0	0	0	0	0	0	0	0	0	0	0	0	0	0	0	0	0	0	0	0	0	0	0	0	0	102	0	0	0	0	0	0	0	0	0	0	0	0	0	0	0	0	0	0	0	0	0	0	0	0	0	0	0	0	0	0	0	0	0	0	0	0	0	0	0	0	0	0	
256960	Frontal_Inf_Oper_L	7774	0	25780	0	0	0	8630	92	0	0	0	0	13832	0	0	0	13462	0	21132	0	0	0	3116	0	0	0	0	0	20034	0	132	0	0	0	0	0	1408	0	112	0	0	0	0	0	0	0	0	0	0	0	0	0	0	0	362	0	2926	0	0	0	0	0	0	0	0	0	0	0	0	0	0	0	1150	0	0	0	110	0	880	0	2212	0	5108	0	0	0	0	0	228	0	0	0	0	0	0	0	0	0	0	0	0	0	0	0	0	0	0	0	0	0	0	0	0	0	0	0	
243372	Frontal_Inf_Oper_R	102	7622	818	12364	0	202	202	13908	0	0	0	0	0	15068	0	284	0	4638	5080	9808	0	0	392	1612	0	136	0	0	174	14706	114	2822	0	4418	0	0	160	1360	0	644	0	0	0	0	0	0	0	128	0	0	0	0	0	0	0	460	0	2370	0	0	0	84	0	434	0	0	0	0	0	0	432	9532	0	6442	0	686	144	2754	0	0	0	438	0	1148	0	0	0	0	0	0	0	0	0	0	0	0	0	0	0	0	0	0	0	0	0	0	0	0	0	0	0	0	0	0	0	0	
299772	Frontal_Inf_Tri_L	1444	0	31090	0	2722	0	25322	0	2218	0	13832	0	0	184	11222	0	580	0	14046	106	0	0	8480	0	0	0	0	0	33576	184	2288	0	0	0	0	0	384	0	0	0	0	0	0	0	0	0	0	0	0	0	0	0	0	0	0	0	358	0	0	0	0	0	0	0	0	0	0	0	0	0	290	0	634	0	0	0	0	108	142	0	158	0	518	0	0	0	0	0	0	0	0	0	0	0	0	0	0	0	0	0	0	0	0	0	0	0	0	0	0	0	0	0	0	0	0	0	
218200	Frontal_Inf_Tri_R	0	0	772	13394	0	1362	0	16574	0	0	0	15068	184	0	216	6448	0	164	5804	6338	0	0	728	5342	0	114	0	0	758	19740	182	3904	0	6004	0	0	0	146	0	0	0	0	0	0	0	0	0	0	0	0	0	0	0	0	0	0	0	0	0	0	0	0	0	0	0	0	0	0	0	0	832	3330	496	966	0	0	0	234	0	0	0	0	0	0	0	0	0	0	0	0	0	0	0	0	0	0	0	0	0	0	0	0	0	0	0	0	0	0	0	0	0	0	0	0	0	0	
221700	Frontal_Inf_Orb_L	0	0	6216	0	20006	816	6438	90	11986	0	0	0	11222	216	0	220	0	0	1154	0	5806	2144	966	0	236	0	6302	1096	16014	238	3674	1030	0	0	0	0	0	0	270	0	0	0	0	0	0	0	0	0	0	0	0	0	0	0	0	0	0	0	0	0	0	0	0	0	0	0	0	0	0	0	4562	940	3594	96	0	0	0	114	0	0	0	0	5404	0	0	0	0	0	0	0	0	0	0	0	0	0	0	0	0	0	0	0	0	0	0	0	0	0	0	0	0	0	0	0	0	0	
107604	Frontal_Inf_Orb_R	0	0	256	4292	214	4844	0	4042	0	1506	0	284	0	6448	220	0	0	0	650	1000	1002	2844	288	1698	0	302	440	2870	306	7850	224	940	0	994	0	0	0	0	0	88	0	216	0	0	0	0	0	0	0	0	0	0	0	0	0	0	0	0	0	0	0	0	0	0	0	0	0	0	0	0	1346	4386	614	2106	0	0	0	208	0	0	0	246	0	982	0	96	0	0	0	0	0	0	0	0	0	0	0	0	0	0	0	0	0	0	0	0	0	0	0	0	0	0	0	0	0	0	
182408	Rolandic_Oper_L	6048	116	11052	0	0	0	3080	112	0	0	13462	0	580	0	0	0	0	0	10032	0	0	0	0	0	0	0	0	0	17388	0	0	0	92	0	0	0	2310	0	0	0	0	0	0	0	0	0	0	0	0	0	0	0	0	0	450	0	6216	0	0	0	542	0	1804	0	84	0	0	0	0	0	0	0	586	0	228	0	0	0	5046	0	6886	0	4558	0	112	0	0	0	420	0	0	0	0	0	0	0	0	0	0	0	0	0	0	0	0	0	0	0	0	0	0	0	0	0	0	0	
98252	Rolandic_Oper_R	0	1472	208	5760	0	0	0	506	0	0	0	4638	0	164	0	0	0	0	402	5686	0	0	0	0	0	0	0	0	0	9922	0	0	0	394	0	0	0	1784	0	1144	0	0	0	0	0	0	0	0	0	0	0	0	0	0	0	1968	0	2870	0	0	0	0	0	1372	0	160	0	178	0	172	0	2446	0	2430	0	874	0	104	0	552	0	1804	0	1216	0	168	0	0	0	732	0	0	0	0	0	0	0	0	0	0	0	0	0	0	0	0	0	0	0	0	0	0	0	0	0	0	
847604	Supp_Motor_Area_L	8520	1338	82108	25240	274	0	5740	1888	0	0	21132	5080	14046	5804	1154	650	10032	402	0	60534	0	0	15116	2208	0	0	0	0	36484	5254	6302	6694	14096	28644	512	720	5142	192	332	0	0	0	0	246	0	232	0	0	0	0	0	116	0	0	1556	0	1530	0	0	0	0	0	0	0	0	218	0	1000	10412	0	9686	4624	9856	524	2294	0	6270	1814	588	0	3354	0	3110	0	0	0	0	0	734	0	0	0	0	0	0	0	0	0	0	0	0	0	0	0	0	0	0	0	0	0	0	0	0	0	0	0	
807380	Supp_Motor_Area_R	10996	3786	17096	59668	0	108	2488	2088	0	0	0	9808	106	6338	0	1000	0	5686	60534	0	0	0	1152	5704	0	488	0	0	1012	9716	3658	11914	9312	64700	1104	5178	246	3554	0	1110	0	106	0	1596	0	1654	0	654	0	752	0	396	0	1096	0	3176	862	5564	0	432	0	1232	0	150	0	670	0	13924	16154	19836	4576	15344	274	6754	0	246	142	3500	0	0	0	542	0	854	0	1256	0	0	0	3398	0	0	0	0	0	0	0	0	0	0	0	0	0	0	0	0	0	0	0	0	0	0	0	0	0	0	
128452	Olfactory_L	0	0	0	0	5714	2670	0	0	240	0	0	0	0	0	5806	1002	0	0	0	0	0	7916	0	0	188	156	5770	3456	3364	464	3862	2094	0	0	0	0	0	0	530	0	582	0	0	0	0	0	0	0	0	0	0	0	0	0	0	0	0	0	0	0	0	0	0	0	0	0	0	0	0	0	10006	4336	3170	104	0	0	0	0	0	0	0	0	2796	0	0	0	0	0	0	0	0	0	0	0	0	0	0	0	0	0	0	0	0	0	0	0	0	0	0	0	0	0	0	0	0	0	
122304	Olfactory_R	0	0	0	0	2204	4624	0	0	0	0	0	0	0	0	2144	2844	0	0	0	0	7916	0	0	0	0	518	2926	6448	346	2000	3634	2882	0	0	0	0	0	0	0	190	0	692	0	0	0	0	0	0	0	0	0	0	0	0	0	0	0	0	0	0	0	0	0	0	0	0	0	0	0	0	9252	7334	3848	1102	0	0	0	0	0	0	0	0	248	0	0	0	0	0	0	0	0	0	0	0	0	0	0	0	0	0	0	0	0	0	0	0	0	0	0	0	0	0	0	0	0	0	
314584	Frontal_Sup_Medial_L	304	0	45300	6050	4746	0	6326	1186	0	0	3116	392	8480	728	966	288	0	0	15116	1152	0	0	0	16320	788	0	0	0	12268	512	14512	7718	2214	6040	0	0	176	0	0	0	0	0	0	0	0	0	0	0	0	0	0	0	0	0	0	0	0	0	0	0	0	0	0	0	0	0	0	0	0	0	702	118	1646	0	0	0	0	0	0	0	0	0	128	0	0	0	0	0	0	0	0	0	0	0	0	0	0	0	0	0	0	0	0	0	0	0	0	0	0	0	0	0	0	0	0	0	
255160	Frontal_Sup_Medial_R	0	0	5418	29458	170	3442	700	4788	0	0	0	1612	0	5342	0	1698	0	0	2208	5704	0	0	16320	0	0	3292	0	0	160	5834	3540	17360	216	12606	0	0	0	0	0	0	0	0	0	0	0	0	0	0	0	0	0	0	0	0	0	0	0	0	0	0	0	0	0	0	0	0	0	0	0	0	322	4550	0	2840	0	0	0	0	0	0	0	0	0	0	0	0	0	0	0	0	0	0	0	0	0	0	0	0	0	0	0	0	0	0	0	0	0	0	0	0	0	0	0	0	0	0	
18412	Frontal_Med_Orb_L	0	0	156	0	1624	236	0	0	296	0	0	0	0	0	236	0	0	0	0	0	188	0	788	0	0	368	1676	210	132	0	2626	88	0	0	0	0	0	0	0	0	0	0	0	0	0	0	0	0	0	0	0	0	0	0	0	0	0	0	0	0	0	0	0	0	0	0	0	0	0	0	196	0	386	0	0	0	0	0	0	0	0	0	0	0	0	0	0	0	0	0	0	0	0	0	0	0	0	0	0	0	0	0	0	0	0	0	0	0	0	0	0	0	0	0	0	0	
54432	Frontal_Med_Orb_R	0	0	0	2146	0	5554	0	100	0	0	0	136	0	114	0	302	0	0	0	488	156	518	0	3292	368	0	0	3988	0	558	332	3518	0	0	0	0	0	0	0	0	0	0	0	0	0	0	0	0	0	0	0	0	0	0	0	0	0	0	0	0	0	0	0	0	0	0	0	0	0	0	204	1944	0	3398	0	0	0	0	0	0	0	0	0	100	0	0	0	0	0	0	0	0	0	0	0	0	0	0	0	0	0	0	0	0	0	0	0	0	0	0	0	0	0	0	0	0	
92688	Rectus_L	0	0	0	0	9136	1396	0	0	1748	0	0	0	0	0	6302	440	0	0	0	0	5770	2926	0	0	1676	0	0	1772	1734	128	4562	1196	0	0	0	0	0	0	0	0	0	0	0	0	0	0	0	0	0	0	0	0	0	0	0	0	0	0	0	0	0	0	0	0	0	0	0	0	0	0	4830	1104	438	0	0	0	0	0	0	0	0	0	1186	0	0	0	0	0	0	0	0	0	0	0	0	0	0	0	0	0	0	0	0	0	0	0	0	0	0	0	0	0	0	0	0	0	
84844	Rectus_R	0	0	0	0	1140	9272	0	0	0	96	0	0	0	0	1096	2870	0	0	0	0	3456	6448	0	0	210	3988	1772	0	0	1262	1570	1856	0	0	0	0	0	0	0	0	0	0	0	0	0	0	0	0	0	0	0	0	0	0	0	0	0	0	0	0	0	0	0	0	0	0	0	0	0	0	2750	2210	1234	1072	0	0	0	0	0	0	0	0	0	120	0	0	0	0	0	0	0	0	0	0	0	0	0	0	0	0	0	0	0	0	0	0	0	0	0	0	0	0	0	0	0	0	
671328	Insula_L	9824	150	51064	918	14094	0	14052	1092	3990	0	20034	174	33576	758	16014	306	17388	0	36484	1012	3364	346	12268	160	132	0	1734	0	0	740	5432	232	348	672	286	90	18364	280	1302	0	2608	0	0	0	0	0	0	0	0	0	182	0	0	0	5710	0	5630	0	0	0	0	0	532	0	226	0	210	0	300	0	4482	904	14754	218	0	0	304	540	6516	0	8426	0	12034	0	1006	0	208	0	4072	0	0	0	0	0	0	0	0	0	122	0	0	0	0	0	0	0	0	0	0	0	0	0	0	0	0	0	
346292	Insula_R	0	1028	1438	15760	88	3242	220	6616	0	96	0	14706	184	19740	238	7850	0	9922	5254	9716	464	2000	512	5834	0	558	128	1262	740	0	104	3230	0	4234	0	0	120	8786	0	5126	0	1644	0	0	0	0	0	310	0	0	0	0	0	0	0	7438	0	1774	0	0	0	0	0	154	0	0	0	134	0	0	1560	7364	734	14636	0	116	0	908	0	644	0	2120	0	1568	0	296	0	0	0	2550	0	0	0	0	0	0	0	0	0	0	0	0	0	0	0	0	0	0	0	0	0	0	0	0	0	0	
232540	Cingulum_Ant_L	0	0	12750	3300	5788	948	1710	392	100	0	132	114	2288	182	3674	224	0	0	6302	3658	3862	3634	14512	3540	2626	332	4562	1570	5432	104	0	10604	2678	4334	0	0	176	0	98	0	0	0	0	0	0	0	0	0	0	0	0	0	0	0	188	0	0	0	0	0	0	0	0	0	0	0	0	0	0	0	5332	2890	7200	320	0	0	0	0	0	0	236	0	358	0	0	0	0	0	120	0	0	0	0	0	0	0	0	0	0	0	0	0	0	0	0	0	0	0	0	0	0	0	0	0	0	0	
314000	Cingulum_Ant_R	0	296	2234	21964	1078	1594	256	3312	0	0	0	2822	0	3904	1030	940	0	0	6694	11914	2094	2882	7718	17360	88	3518	1196	1856	232	3230	10604	0	1906	17934	0	0	0	0	0	0	0	0	0	0	0	0	0	0	0	0	0	0	0	0	0	0	0	0	0	0	0	0	0	0	0	0	0	0	0	0	2582	16618	624	7926	0	0	0	594	0	0	0	0	0	0	0	0	0	0	0	0	0	0	0	0	0	0	0	0	0	0	0	0	0	0	0	0	0	0	0	0	0	0	0	0	0	0	
138084	Cingulum_Mid_L	1010	0	2626	1102	0	0	506	0	0	0	0	0	0	0	0	0	92	0	14096	9312	0	0	2214	216	0	0	0	0	348	0	2678	1906	0	9590	2822	198	300	86	0	0	0	0	390	286	742	952	0	0	856	462	1298	532	314	0	0	0	458	0	92	0	400	0	0	0	692	574	2016	1530	3452	290	344	0	604	0	564	0	1846	140	0	0	104	0	0	0	254	466	0	0	282	0	0	0	0	0	0	0	0	0	0	0	0	0	0	0	0	0	0	0	0	0	0	0	0	0	0	0	
627444	Cingulum_Mid_R	6868	1532	4880	19444	0	124	788	3488	0	0	0	4418	0	6004	0	994	0	394	28644	64700	0	0	6040	12606	0	0	0	0	672	4234	4334	17934	9590	0	1226	7182	0	1226	0	148	0	0	0	4262	0	5134	0	1304	0	1716	0	1846	0	584	0	2246	460	6872	0	802	0	2220	0	408	0	3290	516	25774	13790	24744	1926	2066	192	124	0	0	0	146	0	0	0	578	0	0	0	3010	0	0	0	2242	0	0	0	0	0	0	0	0	0	0	0	0	0	0	0	0	0	0	0	0	0	0	0	0	0	0	
108400	Cingulum_Post_L	2868	96	102	128	0	0	170	118	0	0	0	0	0	0	0	0	0	0	512	1104	0	0	0	0	0	0	0	0	286	0	0	0	2822	1226	0	6870	6714	2806	1930	1140	0	0	1690	0	1266	110	892	0	192	0	160	0	0	0	510	192	326	0	0	0	192	0	0	0	362	0	5800	1070	7528	286	0	124	0	0	0	0	2424	940	218	0	182	0	0	0	220	0	0	0	624	0	0	0	0	0	0	0	0	0	0	0	0	0	0	0	0	0	0	0	0	0	0	0	0	0	0	0	
172304	Cingulum_Post_R	3480	280	110	328	0	0	96	286	0	0	0	0	0	0	0	0	0	0	720	5178	0	0	0	0	0	0	0	0	90	0	0	0	198	7182	6870	0	5764	9076	964	3458	0	0	0	2700	0	1388	0	3424	0	202	0	156	0	0	250	3334	0	508	0	0	0	122	0	0	0	178	1036	12582	2978	4150	0	170	0	0	0	0	3958	2402	0	0	0	0	0	0	0	466	0	0	196	1714	0	0	0	0	0	0	0	0	0	0	0	0	0	0	0	0	0	0	0	0	158	0	0	0	0	0	
355376	Hippocampus_L	13824	380	8242	542	0	0	3560	532	0	0	1408	160	384	0	0	0	2310	0	5142	246	0	0	176	0	0	0	0	0	18364	120	176	0	300	0	6714	5764	0	5252	16954	1436	7958	460	2146	0	114	0	2792	286	0	0	100	0	104	0	15142	412	2374	0	0	0	0	0	398	0	0	0	5436	812	3284	0	254	436	10480	348	148	0	4904	3412	4066	0	5450	0	968	0	2600	0	150	0	9912	0	158	0	0	0	0	0	140	0	258	0	0	0	0	0	0	0	0	0	0	200	0	0	0	0	0	0	
393340	Hippocampus_R	2776	7104	274	4188	0	0	178	1946	0	0	0	1360	0	146	0	0	0	1784	192	3554	0	0	0	0	0	0	0	0	280	8786	0	0	86	1226	2806	9076	5252	0	890	37746	0	10102	0	1290	0	0	0	5158	0	0	0	0	0	0	148	38022	0	1536	0	0	0	0	0	536	0	0	356	6124	2108	1154	0	1162	188	13564	0	684	3596	7956	0	1826	0	2246	0	244	0	1410	0	0	96	6990	0	0	0	0	0	0	0	366	0	0	0	0	0	0	0	0	0	0	0	0	158	0	0	0	0	0	
102356	ParaHippocampal_L	2554	0	1842	0	0	0	454	0	0	0	112	0	0	0	270	0	0	0	332	0	530	0	0	0	0	0	0	0	1302	0	98	0	0	0	1930	964	16954	890	0	282	4550	0	688	0	0	0	2582	92	0	0	0	0	0	0	5356	0	120	0	0	0	0	0	0	0	0	0	2520	420	138	0	366	0	2076	0	0	0	208	0	0	0	0	0	546	0	0	0	0	0	1874	0	136	0	0	0	234	0	370	0	228	0	0	0	0	0	0	0	0	0	0	160	0	0	0	0	0	0	
238576	ParaHippocampal_R	764	1598	0	1496	0	0	0	326	0	0	0	644	0	0	0	88	0	1144	0	1110	0	190	0	0	0	0	0	0	0	5126	0	0	0	148	1140	3458	1436	37746	282	0	0	6918	0	876	0	0	0	4814	0	0	0	0	0	104	86	26098	0	734	0	0	0	0	0	294	0	0	112	3210	638	128	0	308	0	7912	0	602	1140	2150	0	1080	0	920	0	518	0	806	0	254	0	2532	0	0	0	0	0	0	0	244	0	0	0	0	0	0	0	0	0	0	0	0	114	0	0	0	0	0	
45288	Amygdala_L	0	0	0	0	166	0	0	0	0	0	0	0	0	0	0	0	0	0	0	0	582	0	0	0	0	0	0	0	2608	0	0	0	0	0	0	0	7958	0	4550	0	0	0	0	0	0	0	0	0	0	0	0	0	0	0	4022	0	0	0	0	0	0	0	0	0	0	0	0	0	0	0	144	0	490	0	0	0	0	0	0	0	0	0	250	0	0	0	0	0	1874	0	0	0	0	0	0	0	0	0	0	0	0	0	0	0	0	0	0	0	0	0	0	0	0	0	0	0	
54404	Amygdala_R	0	0	0	134	0	0	0	0	0	0	0	0	0	0	0	216	0	0	0	106	0	692	0	0	0	0	0	0	0	1644	0	0	0	0	0	0	460	10102	0	6918	0	0	0	0	0	0	0	0	0	0	0	0	0	0	0	4458	0	0	0	0	0	0	0	0	0	0	0	0	0	0	0	0	116	1776	0	0	0	0	0	0	0	0	0	580	0	0	0	0	0	0	0	0	0	0	0	0	0	0	0	0	0	0	0	0	0	0	0	0	0	0	0	0	0	0	0	0	
213472	Calcarine_L	0	0	0	0	0	0	0	0	0	0	0	0	0	0	0	0	0	0	0	0	0	0	0	0	0	0	0	0	0	0	0	0	390	0	1690	0	2146	0	688	0	0	0	0	7782	18814	6476	8148	2630	7622	2856	14298	316	5468	0	2982	0	102	0	180	0	0	0	408	0	268	0	15818	636	548	0	0	0	0	0	0	0	0	0	182	0	602	0	0	0	2730	0	0	0	2764	0	0	0	0	0	0	0	0	0	86	0	0	0	0	0	0	0	0	0	0	0	0	106	0	0	0	0	
395580	Calcarine_R	0	548	0	0	0	0	0	0	0	0	0	0	0	0	0	0	0	0	246	1596	0	0	0	0	0	0	0	0	0	0	0	0	286	4262	0	2700	0	1290	0	876	0	0	7782	0	8552	29324	654	26334	94	22986	0	10978	0	9806	0	11086	0	1500	0	296	0	586	0	740	0	3572	2522	28444	468	5120	0	0	0	0	0	0	0	0	0	0	0	1174	0	0	0	7012	0	0	0	6630	0	0	0	0	0	0	0	86	0	0	0	0	0	0	0	0	0	0	0	0	110	130	0	0	0	0	
207476	Cuneus_L	102	0	0	0	0	0	0	0	0	0	0	0	0	0	0	0	0	0	0	0	0	0	0	0	0	0	0	0	0	0	0	0	742	0	1266	0	114	0	0	0	0	0	18814	8552	0	11758	1382	1324	18774	4816	11084	1118	948	0	1298	0	0	0	1268	0	136	0	318	0	212	0	14614	554	334	0	0	0	0	0	0	0	0	0	142	0	550	0	0	0	2366	0	0	0	1152	0	0	0	0	0	0	0	0	0	0	0	0	0	0	0	0	0	0	0	0	0	0	0	0	0	0	0	
405536	Cuneus_R	0	684	0	0	0	0	0	0	0	0	0	0	0	0	0	0	0	0	232	1654	0	0	0	0	0	0	0	0	0	0	0	0	952	5134	110	1388	0	0	0	0	0	0	6476	29324	11758	0	98	6084	212	38534	0	14424	0	2176	0	1878	0	3794	0	5328	0	562	0	1390	0	6808	4630	34184	434	10478	0	0	0	0	0	0	0	0	0	0	0	950	0	0	0	10900	0	0	0	2192	0	0	0	0	0	0	0	0	0	0	0	0	0	0	0	0	0	0	0	0	0	0	0	0	0	0	
300648	Lingual_L	0	0	0	0	0	0	0	0	0	0	0	0	0	0	0	0	0	0	0	0	0	0	0	0	0	0	0	0	0	0	0	0	0	0	892	0	2792	0	2582	0	0	0	8148	654	1382	98	0	2574	1354	0	14824	0	9816	500	26554	1324	0	0	0	0	0	0	0	0	0	0	4834	0	0	0	0	0	0	0	0	0	0	0	0	0	0	0	0	0	240	0	0	0	720	0	13008	2186	408	314	0	88	10652	2376	21804	4980	0	0	132	202	0	330	0	0	0	110	5494	6214	2236	0	204	298	
381728	Lingual_R	0	202	0	148	0	0	0	0	0	0	0	128	0	0	0	0	0	0	0	654	0	0	0	0	0	0	0	0	0	310	0	0	0	1304	0	3424	286	5158	92	4814	0	0	2630	26334	1324	6084	2574	0	0	5766	0	4048	124	10378	1954	27112	0	1144	0	0	0	0	0	146	0	168	220	14922	120	2744	0	0	0	1032	0	368	0	250	0	0	0	94	0	0	0	820	0	0	0	2154	3736	5500	1114	980	0	182	3038	8038	7516	13784	0	168	268	274	0	120	0	0	0	90	7452	8128	1360	0	86	0	
206356	Occipital_Sup_L	0	0	0	0	0	0	0	0	0	0	0	0	0	0	0	0	0	0	0	0	0	0	0	0	0	0	0	0	0	0	0	0	856	0	192	0	0	0	0	0	0	0	7622	94	18774	212	1354	0	0	0	33408	0	1268	0	298	0	1246	0	7552	0	6506	0	0	0	3654	0	10436	0	1124	0	0	0	0	0	0	0	0	0	0	0	0	0	0	0	8022	0	0	0	560	0	0	0	0	0	0	0	0	0	0	0	0	0	0	0	0	0	0	0	0	0	0	0	0	0	0	0	
354528	Occipital_Sup_R	0	262	0	0	0	0	0	0	0	0	0	0	0	0	0	0	0	0	0	752	0	0	0	0	0	0	0	0	0	0	0	0	462	1716	0	202	0	0	0	0	0	0	2856	22986	4816	38534	0	5766	0	0	0	30386	0	2560	0	1900	0	2532	0	10514	0	872	0	1226	0	9640	2012	21872	0	4840	0	0	0	0	0	0	0	0	0	0	0	512	0	0	0	8904	0	0	0	1142	0	0	0	0	0	0	0	0	0	0	0	0	0	0	0	0	0	0	0	0	0	0	0	0	0	0	
432668	Occipital_Mid_L	366	0	0	0	0	0	0	0	0	0	0	0	0	0	0	0	0	0	0	0	0	0	0	0	0	0	0	0	182	0	0	0	1298	0	160	0	100	0	0	0	0	0	14298	0	11084	0	14824	0	33408	0	0	0	26590	0	5424	0	3336	0	6130	0	14474	0	1772	0	20168	0	9902	0	4228	0	0	0	0	0	0	0	0	0	202	0	1576	0	0	0	30628	0	0	0	9092	0	948	956	0	0	0	0	0	0	1868	1132	0	0	0	0	0	0	0	0	0	0	0	1070	1118	0	0	0	
294076	Occipital_Mid_R	0	248	0	0	0	0	0	0	0	0	0	0	0	0	0	0	0	0	116	396	0	0	0	0	0	0	0	0	0	0	0	0	532	1846	0	156	0	0	0	0	0	0	316	10978	1118	14424	0	4048	0	30386	0	0	0	5978	0	3142	0	1848	0	8964	0	4472	0	0	0	21178	350	13454	0	1662	0	0	0	0	0	0	0	0	0	0	0	0	0	0	0	18338	0	0	0	3088	0	0	0	0	0	0	0	0	0	0	0	0	0	0	0	0	0	0	0	0	0	0	0	0	0	0	
162984	Occipital_Inf_L	0	0	0	0	0	0	0	0	0	0	0	0	0	0	0	0	0	0	0	0	0	0	0	0	0	0	0	0	0	0	0	0	314	0	0	0	104	0	0	0	0	0	5468	0	948	0	9816	124	1268	0	26590	0	0	0	8684	0	230	0	0	0	336	0	304	0	624	0	1940	0	1138	0	0	0	0	0	0	0	0	0	0	0	248	0	0	0	6086	0	0	0	7658	0	1400	1084	0	0	0	0	166	0	2704	1398	0	0	0	0	0	0	0	0	0	0	108	1444	1308	0	0	0	
178740	Occipital_Inf_R	0	438	0	0	0	0	0	0	0	0	0	0	0	0	0	0	0	0	0	1096	0	0	0	0	0	0	0	0	0	0	0	0	0	584	0	0	0	0	0	104	0	0	0	9806	0	2176	500	10378	0	2560	0	5978	0	0	586	15508	0	208	0	0	0	110	0	106	0	760	0	4852	0	1374	0	0	0	0	0	0	0	0	0	0	0	270	0	0	0	2690	0	0	0	6554	1358	1208	534	442	0	0	1112	2734	2706	5906	0	114	0	130	0	0	0	0	0	0	2758	3328	402	0	0	0	
470692	Fusiform_L	506	0	1086	0	0	0	0	0	0	0	362	0	0	0	0	0	450	0	1556	0	0	0	0	0	0	0	0	0	5710	0	188	0	0	0	510	250	15142	148	5356	86	4022	0	2982	0	1298	0	26554	1954	298	0	5424	0	8684	586	0	1490	368	0	0	0	0	0	200	0	104	0	3560	0	784	0	208	90	2310	0	0	0	304	0	892	0	5268	0	762	0	2124	0	804	0	15506	0	30208	1828	2840	306	228	108	15172	2056	40982	4672	1224	0	3418	186	192	340	0	0	96	140	5990	5710	1150	0	246	328	
670520	Fusiform_R	128	1456	0	574	0	0	0	162	0	0	0	460	0	0	0	0	0	1968	0	3176	0	0	0	0	0	0	0	0	0	7438	0	0	0	2246	192	3334	412	38022	0	26098	0	4458	0	11086	0	1878	1324	27112	0	1900	0	3142	0	15508	1490	0	0	1434	0	0	0	0	0	400	0	268	0	11506	100	2670	0	262	0	4502	0	550	194	562	0	1694	0	3802	0	4564	0	4382	0	1464	0	22754	2996	29202	928	2268	0	1428	2520	16184	5862	39754	0	426	170	2566	0	580	0	0	0	86	6906	6992	1426	124	170	0	
274416	Postcentral_L	39316	562	2142	354	0	0	2008	536	0	0	2926	0	358	0	0	0	6216	0	1530	862	0	0	0	0	0	0	0	0	5630	0	0	0	458	460	326	0	2374	0	120	0	0	0	102	0	0	0	0	0	1246	0	3336	0	230	0	368	0	0	0	7394	0	23270	0	6838	0	3984	0	3362	0	3776	0	812	902	528	0	288	0	3422	914	3682	0	4206	0	0	0	1666	0	0	0	704	0	0	0	0	0	0	0	0	0	0	0	0	0	0	0	0	0	0	0	0	0	0	0	0	0	0	0	
235784	Postcentral_R	352	13410	0	934	0	0	0	652	0	0	0	2370	0	0	0	0	0	2870	0	5564	0	0	0	0	0	0	0	0	0	1774	0	0	0	6872	0	508	0	1536	0	734	0	0	0	1500	0	3794	0	1144	0	2532	0	1848	0	208	0	1434	0	0	0	7592	0	7556	0	7010	0	5796	0	13628	666	15834	0	1914	0	1118	0	372	0	560	0	96	0	1238	0	0	0	2968	0	0	0	1508	0	0	0	0	0	0	0	0	0	0	0	0	0	0	0	0	0	0	0	0	0	0	0	0	0	0	
105604	Parietal_Sup_L	338	0	0	0	0	0	0	0	0	0	0	0	0	0	0	0	0	0	0	0	0	0	0	0	0	0	0	0	0	0	0	0	92	0	0	0	0	0	0	0	0	0	180	0	1268	0	0	0	7552	0	6130	0	0	0	0	0	7394	0	0	0	11984	0	0	0	2290	0	12764	0	694	0	0	0	0	0	0	0	0	0	0	0	0	0	0	0	2116	0	0	0	0	0	0	0	0	0	0	0	0	0	0	0	0	0	0	0	0	0	0	0	0	0	0	0	0	0	0	0	
131832	Parietal_Sup_R	106	192	0	138	0	0	0	0	0	0	0	0	0	0	0	0	0	0	0	432	0	0	0	0	0	0	0	0	0	0	0	0	0	802	0	0	0	0	0	0	0	0	0	296	0	5328	0	0	0	10514	0	8964	0	0	0	0	0	7592	0	0	0	7516	0	280	0	7758	860	10714	110	1856	0	0	0	0	0	0	0	0	0	0	0	0	0	0	0	2458	0	0	0	0	0	0	0	0	0	0	0	0	0	0	0	0	0	0	0	0	0	0	0	0	0	0	0	0	0	0	
223280	Parietal_Inf_L	6360	0	302	0	0	0	584	0	0	0	0	0	0	0	0	0	542	0	0	0	0	0	0	0	0	0	0	0	0	0	0	0	400	0	192	0	0	0	0	0	0	0	0	0	136	0	0	0	6506	0	14474	0	336	0	0	0	23270	0	11984	0	0	0	9554	0	22774	0	5202	0	1154	0	0	0	0	0	0	0	0	0	198	0	3280	0	0	0	4194	0	0	0	198	0	0	0	0	0	0	0	0	0	0	0	0	0	0	0	0	0	0	0	0	0	0	0	0	0	0	0	
100520	Parietal_Inf_R	166	588	0	156	0	0	0	104	0	0	0	84	0	0	0	0	0	0	0	1232	0	0	0	0	0	0	0	0	0	0	0	0	0	2220	0	122	0	0	0	0	0	0	0	586	0	562	0	0	0	872	0	4472	0	110	0	0	0	7556	0	7516	0	0	0	5008	0	12568	100	2702	186	2590	0	0	0	0	0	0	0	0	0	0	0	428	0	0	0	332	0	0	0	0	0	0	0	0	0	0	0	0	0	0	0	0	0	0	0	0	0	0	0	0	0	0	0	0	0	0	
86188	SupraMarginal_L	1902	294	124	0	0	0	0	274	0	0	0	0	0	0	0	0	1804	0	0	0	0	0	0	0	0	0	0	0	532	0	0	0	0	0	0	0	398	0	0	0	0	0	408	0	318	0	0	0	0	0	1772	0	304	0	200	0	6838	0	0	0	9554	0	0	0	2302	0	612	0	148	0	0	0	0	0	0	0	0	0	958	0	8752	0	0	0	4970	0	0	0	630	0	0	0	0	0	0	0	0	0	0	0	0	0	0	0	0	0	0	0	0	0	0	0	0	0	0	0	
77776	SupraMarginal_R	0	1396	0	0	0	0	0	160	0	0	0	434	0	0	0	0	0	1372	0	150	0	0	0	0	0	0	0	0	0	154	0	0	0	408	0	0	0	536	0	294	0	0	0	740	0	1390	0	146	0	1226	0	0	0	106	0	400	0	7010	0	280	0	5008	0	0	0	6602	0	1896	0	1374	0	200	0	268	0	0	0	0	0	116	0	4058	0	0	0	2986	0	0	0	178	0	0	0	0	0	0	0	0	0	0	0	0	0	0	0	0	0	0	0	0	0	0	0	0	0	0	
143040	Angular_L	1120	0	0	0	0	0	456	0	0	0	0	0	0	0	0	0	84	0	0	0	0	0	0	0	0	0	0	0	226	0	0	0	692	0	362	0	0	0	0	0	0	0	268	0	212	0	0	0	3654	0	20168	0	624	0	104	0	3984	0	2290	0	22774	0	2302	0	0	0	950	0	602	0	0	0	0	0	0	0	0	0	216	0	1156	0	0	0	9152	0	0	0	124	0	0	0	0	0	0	0	0	0	0	0	0	0	0	0	0	0	0	0	0	0	0	0	0	0	0	0	
215944	Angular_R	0	574	0	0	0	0	0	0	0	0	0	0	0	0	0	0	0	160	218	670	0	0	0	0	0	0	0	0	0	0	0	0	574	3290	0	178	0	0	0	0	0	0	0	3572	0	6808	0	168	0	9640	0	21178	0	760	0	268	0	5796	0	7758	0	12568	0	6602	0	0	136	9966	210	3834	0	0	0	0	0	0	0	0	0	0	0	3402	0	0	0	9322	0	0	0	320	0	0	0	0	0	0	0	0	0	0	0	0	0	0	0	0	0	0	0	0	0	0	0	0	0	0	
264652	Precuneus_L	460	0	0	0	0	0	0	0	0	0	0	0	0	0	0	0	0	0	0	0	0	0	0	0	0	0	0	0	210	0	0	0	2016	516	5800	1036	5436	356	2520	112	0	0	15818	2522	14614	4630	4834	220	10436	2012	9902	350	1940	0	3560	0	3362	0	12764	860	5202	100	612	0	950	136	0	5582	1884	490	0	0	0	0	0	0	0	0	816	0	1656	0	0	0	6236	248	0	0	2128	0	0	0	0	0	0	0	0	0	0	0	0	0	0	0	0	0	0	0	0	0	0	0	0	0	0	0	
609380	Precuneus_R	936	2162	0	154	0	0	0	86	0	0	0	0	0	0	0	0	0	178	1000	13924	0	0	0	0	0	0	0	0	0	134	0	0	1530	25774	1070	12582	812	6124	420	3210	0	0	636	28444	554	34184	0	14922	0	21872	0	13454	0	4852	0	11506	0	13628	0	10714	0	2702	0	1896	0	9966	5582	0	2534	32076	0	518	0	0	0	0	120	100	0	0	0	1764	0	0	0	14558	0	0	0	7536	0	0	0	0	0	0	0	254	0	0	0	0	0	0	0	0	0	0	0	0	222	0	0	0	0	0	
271020	Paracentral_Lobule_L	24940	642	3782	4162	0	0	190	202	0	0	0	0	0	0	0	0	0	0	10412	16154	0	0	0	0	0	0	0	0	300	0	0	0	3452	13790	7528	2978	3284	2108	138	638	0	0	548	468	334	434	0	120	1124	0	4228	0	1138	0	784	100	3776	666	694	110	1154	186	148	0	602	210	1884	2534	0	2576	752	1642	106	0	0	0	5762	2796	170	0	762	0	0	0	2802	490	0	0	1596	114	0	0	0	0	0	0	0	0	0	0	0	0	0	0	0	0	0	0	0	0	0	0	0	0	0	0	
318864	Paracentral_Lobule_R	874	3738	0	184	0	0	0	102	0	0	0	0	0	0	0	0	0	172	0	19836	0	0	0	0	0	0	0	0	0	0	0	0	290	24744	286	4150	0	1154	0	128	0	0	0	5120	0	10478	0	2744	0	4840	0	1662	0	1374	0	2670	0	15834	0	1856	0	2590	0	1374	0	3834	490	32076	2576	0	0	650	0	0	0	0	0	0	0	0	0	1374	0	0	0	7134	0	0	0	5098	0	0	0	0	0	0	0	0	0	0	0	0	0	0	0	0	0	0	0	0	0	0	0	0	0	0	
276112	Caudate_L	4620	104	11292	3776	4050	2246	4754	714	180	0	0	432	290	832	4562	1346	0	0	9686	4576	10006	9252	702	322	196	204	4830	2750	4482	1560	5332	2582	344	1926	0	0	254	0	366	0	144	0	0	0	0	0	0	0	0	0	0	0	0	0	208	0	812	0	0	0	0	0	0	0	0	0	0	0	752	0	0	12456	8598	444	980	0	10502	2876	0	0	90	0	1626	0	0	0	0	0	0	0	0	0	0	0	0	0	0	0	0	0	0	0	0	0	0	0	0	0	0	0	0	0	0	0	0	0	
417084	Caudate_R	2526	12862	2876	23536	932	1626	592	5514	0	0	0	9532	0	3330	940	4386	0	2446	4624	15344	4336	7334	118	4550	0	1944	1104	2210	904	7364	2890	16618	0	2066	124	170	436	1162	0	308	0	0	0	0	0	0	0	0	0	0	0	0	0	0	90	262	902	1914	0	0	0	0	0	200	0	0	0	518	1642	650	12456	0	3748	13616	128	1874	1774	22918	0	0	0	258	142	746	0	0	0	0	0	0	0	0	0	0	0	0	0	0	0	0	0	0	0	0	0	0	0	0	0	0	0	0	0	0	0	0	
239024	Putamen_L	5172	104	14164	164	4018	1010	2270	112	140	0	1150	0	634	496	3594	614	586	0	9856	274	3170	3848	1646	0	386	0	438	1234	14754	734	7200	624	604	192	0	0	10480	188	2076	0	490	116	0	0	0	0	0	0	0	0	0	0	0	0	2310	0	528	0	0	0	0	0	0	0	0	0	0	0	106	0	8598	3748	0	142	4678	0	1684	432	0	0	1564	0	2424	0	0	0	0	0	612	0	0	0	0	0	0	0	0	0	148	0	0	0	0	0	0	0	0	0	0	0	0	0	0	0	0	0	
250196	Putamen_R	0	3380	650	12766	0	2568	118	3486	0	102	0	6442	0	966	96	2106	0	2430	524	6754	104	1102	0	2840	0	3398	0	1072	218	14636	320	7926	0	124	0	0	348	13564	0	7912	0	1776	0	0	0	0	0	1032	0	0	0	0	0	0	0	4502	0	1118	0	0	0	0	0	268	0	0	0	0	0	0	444	13616	142	0	0	4070	0	1526	0	0	0	166	0	356	0	0	0	0	0	130	0	0	0	0	0	0	0	0	0	0	0	0	0	0	0	0	0	0	0	0	0	0	0	0	0	0	
28656	Pallidum_L	874	0	2454	0	0	0	100	0	0	0	0	0	0	0	0	0	228	0	2294	0	0	0	0	0	0	0	0	0	0	0	0	0	564	0	0	0	148	0	0	0	0	0	0	0	0	0	0	0	0	0	0	0	0	0	0	0	288	0	0	0	0	0	0	0	0	0	0	0	0	0	980	128	4678	0	0	0	1454	138	0	0	0	0	0	0	0	0	0	0	0	0	0	0	0	0	0	0	0	0	0	0	0	0	0	0	0	0	0	0	0	0	0	0	0	0	0	0	
27040	Pallidum_R	0	662	0	1592	0	0	0	824	0	0	0	686	0	0	0	0	0	874	0	246	0	0	0	0	0	0	0	0	0	116	0	0	0	0	0	0	0	684	0	602	0	0	0	0	0	0	0	368	0	0	0	0	0	0	0	550	0	372	0	0	0	0	0	0	0	0	0	0	0	0	0	1874	0	4070	0	0	0	0	0	0	0	0	0	0	0	0	0	0	0	0	0	0	0	0	0	0	0	0	0	0	0	0	0	0	0	0	0	0	0	0	0	0	0	0	0	0	
179068	Thalamus_L	18380	762	10902	530	0	0	2380	854	0	0	110	144	0	0	0	0	0	0	6270	142	0	0	0	0	0	0	0	0	304	0	0	0	1846	0	2424	3958	4904	3596	208	1140	0	0	0	0	0	0	0	0	0	0	0	0	0	0	304	194	3422	0	0	0	0	0	0	0	0	0	0	120	5762	0	10502	1774	1684	0	1454	0	0	5072	140	0	0	0	0	0	0	0	0	0	252	0	0	0	0	0	0	0	0	0	0	0	0	0	0	0	0	0	0	0	0	0	0	0	0	0	0	0	
198668	Thalamus_R	4340	12810	882	12100	0	0	370	2504	0	0	0	2754	108	234	114	208	0	104	1814	3500	0	0	0	0	0	0	0	0	540	908	0	594	140	146	940	2402	3412	7956	0	2150	0	0	0	0	0	0	0	250	0	0	0	0	0	0	0	562	914	560	0	0	0	0	0	0	0	0	0	100	2796	0	2876	22918	432	1526	138	0	5072	0	0	0	0	160	0	0	0	0	0	0	0	0	0	0	0	0	0	0	0	0	0	0	0	0	0	0	0	0	0	0	0	0	0	0	0	0	0	0	
85272	Heschl_L	3992	0	298	0	0	0	580	0	0	0	880	0	142	0	0	0	5046	0	588	0	0	0	0	0	0	0	0	0	6516	0	0	0	0	0	218	0	4066	0	0	0	0	0	182	0	142	0	0	0	0	0	202	0	0	0	892	0	3682	0	0	0	198	0	958	0	216	0	816	0	170	0	0	0	0	0	0	0	140	0	0	0	6726	0	0	0	3836	0	0	0	2150	0	0	0	0	0	0	0	0	0	0	0	0	0	0	0	0	0	0	0	0	0	0	0	0	0	0	0	
19100	Heschl_R	0	0	0	0	0	0	0	0	0	0	0	0	0	0	0	0	0	552	0	0	0	0	0	0	0	0	0	0	0	644	0	0	0	0	0	0	0	1826	0	1080	0	0	0	0	0	0	0	0	0	0	0	0	0	0	0	1694	0	96	0	0	0	0	0	116	0	0	0	0	0	0	0	0	0	0	0	0	0	0	0	0	0	1976	0	0	0	778	0	0	0	788	0	0	0	0	0	0	0	0	0	0	0	0	0	0	0	0	0	0	0	0	0	0	0	0	0	0	
208972	Temporal_Sup_L	2102	142	2304	0	0	0	336	124	0	0	2212	0	158	0	0	0	6886	0	3354	0	0	0	0	0	0	0	0	0	8426	0	236	0	104	0	182	0	5450	0	0	0	0	0	602	0	550	0	0	0	0	0	1576	0	248	0	5268	0	4206	0	0	0	3280	0	8752	0	1156	0	1656	0	762	0	90	0	1564	0	0	0	0	0	6726	0	0	0	2804	0	20016	0	0	0	13040	0	174	0	0	0	0	0	0	0	0	0	0	0	0	0	0	0	0	0	0	0	0	0	0	0	0	0	
101496	Temporal_Sup_R	0	328	0	316	0	0	0	0	0	0	0	438	0	0	0	246	0	1804	0	542	0	0	0	0	0	0	0	0	0	2120	0	0	0	578	0	0	0	2246	0	920	0	0	0	1174	0	950	0	94	0	512	0	0	0	270	0	3802	0	1238	0	0	0	428	0	4058	0	3402	0	1764	0	1374	0	258	0	166	0	0	0	160	0	1976	0	0	0	1910	0	13760	0	252	0	3662	0	0	0	0	0	0	0	0	0	0	0	0	0	0	0	0	0	0	0	0	0	0	0	0	0	0	
128424	Temporal_Pole_Sup_L	0	0	3346	0	3884	0	278	0	1016	0	5108	0	518	0	5404	0	4558	0	3110	0	2796	248	128	0	0	0	1186	0	12034	0	358	0	0	0	0	0	968	0	546	0	250	0	0	0	0	0	0	0	0	0	0	0	0	0	762	0	0	0	0	0	0	0	0	0	0	0	0	0	0	0	1626	142	2424	0	0	0	0	0	0	0	2804	0	0	0	4746	0	1854	0	4118	0	0	0	0	0	0	0	0	0	0	0	0	0	0	0	0	0	0	0	0	0	0	0	0	0	0	0	
47008	Temporal_Pole_Sup_R	0	0	0	758	0	84	0	0	0	0	0	1148	0	0	0	982	0	1216	0	854	0	0	0	0	0	100	0	120	0	1568	0	0	0	0	0	0	0	244	0	518	0	580	0	0	0	0	0	0	0	0	0	0	0	0	0	4564	0	0	0	0	0	0	0	0	0	0	0	0	0	0	0	746	0	356	0	0	0	0	0	0	0	1910	0	0	0	1438	0	1934	0	4384	0	0	0	0	0	0	0	0	0	0	0	0	0	0	0	0	0	0	0	0	0	0	0	0	0	0	
284884	Temporal_Mid_L	826	0	0	0	0	0	0	0	0	0	0	0	0	0	0	0	112	0	0	0	0	0	0	0	0	0	0	0	1006	0	0	0	254	0	220	0	2600	0	0	0	0	0	2730	0	2366	0	240	0	8022	0	30628	0	6086	0	2124	0	1666	0	2116	0	4194	0	4970	0	9152	0	6236	0	2802	0	0	0	0	0	0	0	0	0	3836	0	20016	0	4746	0	0	0	1788	0	23536	0	170	0	0	0	0	0	0	0	0	0	0	0	0	0	0	0	0	0	0	0	0	0	0	0	0	0	
272268	Temporal_Mid_R	0	334	0	0	0	0	0	0	0	0	0	0	0	0	0	96	0	168	0	1256	0	0	0	0	0	0	0	0	0	296	0	0	466	3010	0	466	0	1410	0	806	0	0	0	7012	0	10900	0	820	0	8904	0	18338	0	2690	0	4382	0	2968	0	2458	0	332	0	2986	0	9322	248	14558	490	7134	0	0	0	0	0	0	0	0	0	778	0	13760	0	1438	0	0	0	1358	0	16950	0	0	0	0	0	0	0	0	0	0	0	0	0	0	0	0	0	0	0	0	0	0	0	0	0	0	
14056	Temporal_Pole_Mid_L	0	0	0	0	0	0	0	0	0	0	0	0	0	0	0	0	0	0	0	0	0	0	0	0	0	0	0	0	208	0	0	0	0	0	0	0	150	0	0	0	0	0	0	0	0	0	0	0	0	0	0	0	0	0	804	0	0	0	0	0	0	0	0	0	0	0	0	0	0	0	0	0	0	0	0	0	0	0	0	0	0	0	1854	0	1788	0	0	0	2224	0	0	0	0	0	0	0	0	0	0	0	0	0	0	0	0	0	0	0	0	0	0	0	0	0	0	0	
13288	Temporal_Pole_Mid_R	0	0	0	0	0	0	0	0	0	0	0	0	0	0	0	0	0	0	0	0	0	0	0	0	0	0	0	0	0	0	0	0	0	0	0	0	0	0	0	254	0	0	0	0	0	0	0	0	0	0	0	0	0	0	0	1464	0	0	0	0	0	0	0	0	0	0	0	0	0	0	0	0	0	0	0	0	0	0	0	0	0	252	0	1934	0	1358	0	0	0	1382	0	0	0	0	0	0	0	0	0	0	0	0	0	0	0	0	0	0	0	0	0	0	0	0	0	0	
240080	Temporal_Inf_L	864	0	400	0	0	0	0	0	0	0	228	0	0	0	0	0	420	0	734	0	0	0	0	0	0	0	0	0	4072	0	120	0	282	0	624	196	9912	96	1874	0	1874	0	2764	0	1152	0	720	0	560	0	9092	0	7658	0	15506	0	704	0	0	0	198	0	630	0	124	0	2128	0	1596	0	0	0	612	0	0	0	252	0	2150	0	13040	0	4118	0	23536	0	2224	0	0	0	6120	0	968	0	0	0	296	0	1666	0	258	0	272	0	0	0	0	0	0	0	0	0	0	0	0	0	
220848	Temporal_Inf_R	0	784	0	0	0	0	0	0	0	0	0	0	0	0	0	0	0	732	0	3398	0	0	0	0	0	0	0	0	0	2550	0	0	0	2242	0	1714	0	6990	0	2532	0	0	0	6630	0	2192	0	2154	0	1142	0	3088	0	6554	0	22754	0	1508	0	0	0	0	0	178	0	320	0	7536	114	5098	0	0	0	130	0	0	0	0	0	788	0	3662	0	4384	0	16950	0	1382	0	0	0	2276	0	256	0	0	0	0	0	202	0	0	0	184	0	0	0	0	0	0	0	0	0	0	0	0	
641100	Cerebelum_Crus1_L	0	0	0	0	0	0	0	0	0	0	0	0	0	0	0	0	0	0	0	0	0	0	0	0	0	0	0	0	0	0	0	0	0	0	0	0	158	0	136	0	0	0	0	0	0	0	13008	3736	0	0	948	0	1400	1358	30208	2996	0	0	0	0	0	0	0	0	0	0	0	0	0	0	0	0	0	0	0	0	0	0	0	0	174	0	0	0	170	0	0	0	6120	0	0	7518	41272	6618	1516	1224	27016	3702	69974	13058	12606	2668	24608	3298	2786	1936	358	0	816	1256	10616	11454	11734	1306	2330	468	
582148	Cerebelum_Crus1_R	0	0	0	0	0	0	0	0	0	0	0	0	0	0	0	0	0	0	0	0	0	0	0	0	0	0	0	0	0	0	0	0	0	0	0	0	0	0	0	0	0	0	0	0	0	0	2186	5500	0	0	956	0	1084	1208	1828	29202	0	0	0	0	0	0	0	0	0	0	0	0	0	0	0	0	0	0	0	0	0	0	0	0	0	0	0	0	0	0	0	0	0	2276	7518	0	2034	43152	162	4020	4182	20946	10394	66764	132	6692	814	33582	106	6882	0	118	484	1892	10244	10556	11828	2172	2160	0	
389756	Cerebelum_Crus2_L	0	0	0	0	0	0	0	0	0	0	0	0	0	0	0	0	0	0	0	0	0	0	0	0	0	0	0	0	0	0	0	0	0	0	0	0	0	0	0	0	0	0	0	0	0	0	408	1114	0	0	0	0	0	534	2840	928	0	0	0	0	0	0	0	0	0	0	0	0	0	0	0	0	0	0	0	0	0	0	0	0	0	0	0	0	0	0	0	0	968	0	41272	2034	0	6710	518	652	4484	738	14040	4096	39304	3690	41168	2722	5466	992	768	0	382	572	2616	4584	7072	2524	1498	184	
379944	Cerebelum_Crus2_R	0	0	0	0	0	0	0	0	0	0	0	0	0	0	0	0	0	0	0	0	0	0	0	0	0	0	0	0	0	0	0	0	0	0	0	0	0	0	0	0	0	0	0	0	0	0	314	980	0	0	0	0	0	442	306	2268	0	0	0	0	0	0	0	0	0	0	0	0	0	0	0	0	0	0	0	0	0	0	0	0	0	0	0	0	0	0	0	0	0	256	6618	43152	6710	0	292	980	1852	2888	4636	13720	2286	23816	2804	42128	914	7076	0	0	284	512	2498	3408	14666	2780	1386	0	
31012	Cerebelum_3_L	0	0	0	0	0	0	0	0	0	0	0	0	0	0	0	0	0	0	0	0	0	0	0	0	0	0	0	0	0	0	0	0	0	0	0	0	0	0	234	0	0	0	0	0	0	0	0	0	0	0	0	0	0	0	228	0	0	0	0	0	0	0	0	0	0	0	0	0	0	0	0	0	0	0	0	0	0	0	0	0	0	0	0	0	0	0	0	0	0	0	1516	162	518	292	0	210	4290	0	1594	432	190	0	798	260	268	154	0	0	1140	1146	596	318	608	242	310	0	
80408	Cerebelum_3_R	0	0	0	0	0	0	0	0	0	0	0	0	0	0	0	0	0	0	0	0	0	0	0	0	0	0	0	0	0	0	0	0	0	0	0	0	0	0	0	0	0	0	0	0	0	0	88	182	0	0	0	0	0	0	108	1428	0	0	0	0	0	0	0	0	0	0	0	0	0	0	0	0	0	0	0	0	0	0	0	0	0	0	0	0	0	0	0	0	0	0	1224	4020	652	980	210	0	1192	6148	1824	7728	0	180	316	1002	290	1094	0	0	1180	3210	1742	2032	1072	926	1242	134	
364612	Cerebelum_4_5_L	0	0	0	0	0	0	0	0	0	0	0	0	0	0	0	0	0	0	0	0	0	0	0	0	0	0	0	0	0	0	0	0	0	0	0	0	140	0	370	0	0	0	0	0	0	0	10652	3038	0	0	0	0	166	1112	15172	2520	0	0	0	0	0	0	0	0	0	0	0	0	0	0	0	0	0	0	0	0	0	0	0	0	0	0	0	0	0	0	0	0	296	0	27016	4182	4484	1852	4290	1192	0	6422	39652	10080	1698	484	5972	1916	1608	2142	304	0	1320	1948	19804	7980	820	324	1632	1718	
292768	Cerebelum_4_5_R	0	0	0	0	0	0	0	0	0	0	0	0	0	0	0	0	0	0	0	0	0	0	0	0	0	0	0	0	0	0	0	0	0	0	0	0	0	366	0	244	0	0	0	86	0	0	2376	8038	0	0	0	0	0	2734	2056	16184	0	0	0	0	0	0	0	0	0	0	0	254	0	0	0	0	0	0	0	0	0	0	0	0	0	0	0	0	0	0	0	0	0	0	3702	20946	738	2888	0	6148	6422	0	5834	35140	122	616	852	3972	130	2640	0	0	0	2338	16032	2322	1214	936	1054	0	
676236	Cerebelum_6_L	0	0	0	0	0	0	0	0	0	0	0	0	0	0	0	0	0	0	0	0	0	0	0	0	0	0	0	0	122	0	0	0	0	0	0	0	258	0	228	0	0	0	86	0	0	0	21804	7516	0	0	1868	0	2704	2706	40982	5862	0	0	0	0	0	0	0	0	0	0	0	0	0	0	0	0	148	0	0	0	0	0	0	0	0	0	0	0	0	0	0	0	1666	0	69974	10394	14040	4636	1594	1824	39652	5834	0	20992	3914	932	11232	2044	2352	3028	148	0	1446	2086	17564	23284	9010	1450	3466	1272	
654112	Cerebelum_6_R	0	0	0	0	0	0	0	0	0	0	0	0	0	0	0	0	0	0	0	0	0	0	0	0	0	0	0	0	0	0	0	0	0	0	0	0	0	0	0	0	0	0	0	0	0	0	4980	13784	0	0	1132	0	1398	5906	4672	39754	0	0	0	0	0	0	0	0	0	0	0	0	0	0	0	0	0	0	0	0	0	0	0	0	0	0	0	0	0	0	0	0	0	202	13058	66764	4096	13720	432	7728	10080	35140	20992	0	328	1854	1810	12478	500	4996	0	204	1180	3826	19878	21300	10768	1618	2234	244	
242644	Cerebelum_7b_L	0	0	0	0	0	0	0	0	0	0	0	0	0	0	0	0	0	0	0	0	0	0	0	0	0	0	0	0	0	0	0	0	0	0	0	0	0	0	0	0	0	0	0	0	0	0	0	0	0	0	0	0	0	0	1224	0	0	0	0	0	0	0	0	0	0	0	0	0	0	0	0	0	0	0	0	0	0	0	0	0	0	0	0	0	0	0	0	0	258	0	12606	132	39304	2286	190	0	1698	122	3914	328	0	2826	40586	2018	5336	278	844	0	0	0	364	396	2500	3726	386	0	
171960	Cerebelum_7b_R	0	0	0	0	0	0	0	0	0	0	0	0	0	0	0	0	0	0	0	0	0	0	0	0	0	0	0	0	0	0	0	0	0	0	0	0	0	0	0	0	0	0	0	0	0	0	0	168	0	0	0	0	0	114	0	426	0	0	0	0	0	0	0	0	0	0	0	0	0	0	0	0	0	0	0	0	0	0	0	0	0	0	0	0	0	0	0	0	0	0	2668	6692	3690	23816	0	180	484	616	932	1854	2826	0	2632	24098	276	3154	0	0	0	0	668	384	6938	3164	200	0	
368872	Cerebelum_8_L	0	0	0	0	0	0	0	0	0	0	0	0	0	0	0	0	0	0	0	0	0	0	0	0	0	0	0	0	0	0	0	0	0	0	0	0	0	0	0	0	0	0	0	0	0	0	132	268	0	0	0	0	0	0	3418	170	0	0	0	0	0	0	0	0	0	0	0	0	0	0	0	0	0	0	0	0	0	0	0	0	0	0	0	0	0	0	0	0	272	0	24608	814	41168	2804	798	316	5972	852	11232	1810	40586	2632	0	4600	20104	1268	2972	0	166	348	2972	1460	4202	5942	2464	86	
350252	Cerebelum_8_R	0	0	0	0	0	0	0	0	0	0	0	0	0	0	0	0	0	0	0	0	0	0	0	0	0	0	0	0	0	0	0	0	0	0	0	0	0	0	0	0	0	0	0	0	0	0	202	274	0	0	0	0	0	130	186	2566	0	0	0	0	0	0	0	0	0	0	0	0	0	0	0	0	0	0	0	0	0	0	0	0	0	0	0	0	0	0	0	0	0	184	3298	33582	2722	42128	260	1002	1916	3972	2044	12478	2018	24098	4600	0	1464	17582	0	346	0	554	2842	832	8132	3988	1726	0	
115716	Cerebelum_9_L	0	0	0	0	0	0	0	0	0	0	0	0	0	0	0	0	0	0	0	0	0	0	0	0	0	0	0	0	0	0	0	0	0	0	0	0	0	0	0	0	0	0	0	0	0	0	0	0	0	0	0	0	0	0	192	0	0	0	0	0	0	0	0	0	0	0	0	0	0	0	0	0	0	0	0	0	0	0	0	0	0	0	0	0	0	0	0	0	0	0	2786	106	5466	914	268	290	1608	130	2352	500	5336	276	20104	1464	0	1382	4810	0	266	338	390	1476	1816	2306	2496	786	
161912	Cerebelum_9_R	0	0	0	0	0	0	0	0	0	0	0	0	0	0	0	0	0	0	0	0	0	0	0	0	0	0	0	0	0	0	0	0	0	0	0	0	0	0	0	0	0	0	0	0	0	0	330	120	0	0	0	0	0	0	340	580	0	0	0	0	0	0	0	0	0	0	0	0	0	0	0	0	0	0	0	0	0	0	0	0	0	0	0	0	0	0	0	0	0	0	1936	6882	992	7076	154	1094	2142	2640	3028	4996	278	3154	1268	17582	1382	0	0	760	434	422	2756	3954	3666	4672	6512	1806	
20408	Cerebelum_10_L	0	0	0	0	0	0	0	0	0	0	0	0	0	0	0	0	0	0	0	0	0	0	0	0	0	0	0	0	0	0	0	0	0	0	0	0	0	0	0	0	0	0	0	0	0	0	0	0	0	0	0	0	0	0	0	0	0	0	0	0	0	0	0	0	0	0	0	0	0	0	0	0	0	0	0	0	0	0	0	0	0	0	0	0	0	0	0	0	0	0	358	0	768	0	0	0	304	0	148	0	844	0	2972	0	4810	0	0	0	0	0	0	0	0	0	0	0	
2856	Cerebelum_10_R	0	0	0	0	0	0	0	0	0	0	0	0	0	0	0	0	0	0	0	0	0	0	0	0	0	0	0	0	0	0	0	0	0	0	0	0	0	0	0	0	0	0	0	0	0	0	0	0	0	0	0	0	0	0	0	0	0	0	0	0	0	0	0	0	0	0	0	0	0	0	0	0	0	0	0	0	0	0	0	0	0	0	0	0	0	0	0	0	0	0	0	118	0	0	0	0	0	0	0	204	0	0	0	346	0	760	0	0	0	0	0	0	0	0	0	0	
39108	Vermis_1_2	0	0	0	0	0	0	0	0	0	0	0	0	0	0	0	0	0	0	0	0	0	0	0	0	0	0	0	0	0	0	0	0	0	0	0	0	0	0	0	0	0	0	0	0	0	0	0	0	0	0	0	0	0	0	96	0	0	0	0	0	0	0	0	0	0	0	0	0	0	0	0	0	0	0	0	0	0	0	0	0	0	0	0	0	0	0	0	0	0	0	816	484	382	284	1140	1180	1320	0	1446	1180	0	0	166	0	266	434	0	0	0	4124	1492	1622	876	606	1414	226	
66112	Vermis_3	0	0	0	0	0	0	0	0	0	0	0	0	0	0	0	0	0	0	0	0	0	0	0	0	0	0	0	0	0	0	0	0	0	0	0	0	200	0	160	0	0	0	0	0	0	0	110	90	0	0	0	0	0	0	140	86	0	0	0	0	0	0	0	0	0	0	0	0	0	0	0	0	0	0	0	0	0	0	0	0	0	0	0	0	0	0	0	0	0	0	1256	1892	572	512	1146	3210	1948	2338	2086	3826	0	0	348	554	338	422	0	0	4124	0	2830	2048	878	568	1180	194	
320160	Vermis_4_5	0	0	0	0	0	0	0	0	0	0	0	0	0	0	0	0	0	0	0	0	0	0	0	0	0	0	0	0	0	0	0	0	0	0	0	158	0	158	0	114	0	0	0	110	0	0	5494	7452	0	0	0	0	108	2758	5990	6906	0	0	0	0	0	0	0	0	0	0	0	222	0	0	0	0	0	0	0	0	0	0	0	0	0	0	0	0	0	0	0	0	0	0	10616	10244	2616	2498	596	1742	19804	16032	17564	19878	364	668	2972	2842	390	2756	0	0	1492	2830	0	10026	620	308	1842	1910	
321416	Vermis_6	0	0	0	0	0	0	0	0	0	0	0	0	0	0	0	0	0	0	0	0	0	0	0	0	0	0	0	0	0	0	0	0	0	0	0	0	0	0	0	0	0	0	106	130	0	0	6214	8128	0	0	1070	0	1444	3328	5710	6992	0	0	0	0	0	0	0	0	0	0	0	0	0	0	0	0	0	0	0	0	0	0	0	0	0	0	0	0	0	0	0	0	0	0	11454	10556	4584	3408	318	2032	7980	2322	23284	21300	396	384	1460	832	1476	3954	0	0	1622	2048	10026	0	8022	2140	5142	2846	
