data	data	505992	280140	921168	643848	106968	137808	371156	243520	49032	35596	141368	150828	160900	121308	117248	61596	159160	98568	921916	974588	93988	97388	299176	299788	31912	97812	66868	70080	463352	263756	314776	462624	126388	502408	144420	197984	218688	441532	56932	237272	28032	92568	355976	417812	261820	353436	384140	414188	242904	318604	546528	272240	208176	145636	514804	710612	286788	312932	208788	157652	289192	149732	123688	93028	139044	157556	375060	516268	290408	413236	265692	417196	253388	372460	62240	50644	190712	285056	180216	36332	269704	88012	43436	65140	469304	243032	18756	33760	364872	246908	589720	643500	388592	420932	103828	79200	427336	385420	696128	686960	324712	174580	418568	325524	208244	161660	19848	13688	39748	76056	345352	308464	212632	140512	115736	32612	
data	data	Precentral_L	Precentral_R	Frontal_Sup_L	Frontal_Sup_R	Frontal_Sup_Orb_L	Frontal_Sup_Orb_R	Frontal_Mid_L	Frontal_Mid_R	Frontal_Mid_Orb_L	Frontal_Mid_Orb_R	Frontal_Inf_Oper_L	Frontal_Inf_Oper_R	Frontal_Inf_Tri_L	Frontal_Inf_Tri_R	Frontal_Inf_Orb_L	Frontal_Inf_Orb_R	Rolandic_Oper_L	Rolandic_Oper_R	Supp_Motor_Area_L	Supp_Motor_Area_R	Olfactory_L	Olfactory_R	Frontal_Sup_Medial_L	Frontal_Sup_Medial_R	Frontal_Med_Orb_L	Frontal_Med_Orb_R	Rectus_L	Rectus_R	Insula_L	Insula_R	Cingulum_Ant_L	Cingulum_Ant_R	Cingulum_Mid_L	Cingulum_Mid_R	Cingulum_Post_L	Cingulum_Post_R	Hippocampus_L	Hippocampus_R	ParaHippocampal_L	ParaHippocampal_R	Amygdala_L	Amygdala_R	Calcarine_L	Calcarine_R	Cuneus_L	Cuneus_R	Lingual_L	Lingual_R	Occipital_Sup_L	Occipital_Sup_R	Occipital_Mid_L	Occipital_Mid_R	Occipital_Inf_L	Occipital_Inf_R	Fusiform_L	Fusiform_R	Postcentral_L	Postcentral_R	Parietal_Sup_L	Parietal_Sup_R	Parietal_Inf_L	Parietal_Inf_R	SupraMarginal_L	SupraMarginal_R	Angular_L	Angular_R	Precuneus_L	Precuneus_R	Paracentral_Lobule_L	Paracentral_Lobule_R	Caudate_L	Caudate_R	Putamen_L	Putamen_R	Pallidum_L	Pallidum_R	Thalamus_L	Thalamus_R	Heschl_L	Heschl_R	Temporal_Sup_L	Temporal_Sup_R	Temporal_Pole_Sup_L	Temporal_Pole_Sup_R	Temporal_Mid_L	Temporal_Mid_R	Temporal_Pole_Mid_L	Temporal_Pole_Mid_R	Temporal_Inf_L	Temporal_Inf_R	Cerebelum_Crus1_L	Cerebelum_Crus1_R	Cerebelum_Crus2_L	Cerebelum_Crus2_R	Cerebelum_3_L	Cerebelum_3_R	Cerebelum_4_5_L	Cerebelum_4_5_R	Cerebelum_6_L	Cerebelum_6_R	Cerebelum_7b_L	Cerebelum_7b_R	Cerebelum_8_L	Cerebelum_8_R	Cerebelum_9_L	Cerebelum_9_R	Cerebelum_10_L	Cerebelum_10_R	Vermis_1_2	Vermis_3	Vermis_4_5	Vermis_6	Vermis_7	Vermis_8	Vermis_9	Vermis_10	
505992	Precentral_L	0	3302	25556	846	234	0	17622	620	0	0	7054	0	1834	0	146	0	5520	0	24436	15584	0	0	352	0	0	0	0	0	7386	0	2748	0	1028	7060	7328	3250	6164	936	262	0	0	0	738	0	464	0	450	0	0	0	1866	0	456	0	522	0	24472	1340	246	0	1230	0	462	0	184	0	1864	390	23418	11280	3640	492	8978	0	6176	0	11382	1648	3072	0	3514	0	0	0	3504	0	0	0	1940	0	0	0	0	0	0	0	0	0	0	0	0	0	0	0	0	0	0	0	0	0	0	0	0	0	0	0	
280140	Precentral_R	3302	0	2678	4908	0	0	156	6766	0	0	0	5524	0	0	0	0	0	828	3392	20554	0	0	0	0	0	0	0	0	0	1996	0	0	166	948	920	3042	510	10016	0	1372	0	0	0	242	0	632	0	294	0	322	0	0	0	824	0	912	322	11180	0	0	0	360	0	366	0	0	224	2090	2458	25492	728	8042	166	3056	0	0	1732	11866	0	0	0	174	0	0	0	616	0	0	0	464	0	218	0	0	0	0	0	0	0	212	0	0	0	0	0	0	0	0	0	0	0	0	0	0	0	0	
921168	Frontal_Sup_L	25556	2678	0	8760	3236	0	56304	7658	664	0	4408	234	13724	0	5078	0	1908	0	130258	26808	262	0	33772	0	718	0	0	0	26090	0	20690	1534	2992	3974	304	412	3192	0	310	0	0	0	0	0	0	0	0	0	0	0	0	0	0	0	0	0	958	0	0	0	0	0	0	0	0	0	0	0	5144	2972	22646	1704	24080	480	7084	0	10554	2402	192	0	448	0	396	0	0	0	0	0	0	0	0	0	0	0	0	0	0	0	0	0	0	0	0	0	0	0	0	0	0	0	0	0	0	0	0	0	
643848	Frontal_Sup_R	846	4908	8760	0	0	4960	1022	22626	0	256	0	5778	0	5956	0	2064	0	546	12782	59950	0	470	8856	32916	0	3728	0	338	0	12066	2670	34962	150	13758	0	0	0	4056	0	1782	0	0	0	0	0	0	0	0	0	0	0	0	0	0	0	1166	0	0	0	0	0	0	0	0	0	0	0	0	0	2388	2480	27910	136	22916	0	4358	0	13842	0	0	0	0	0	0	0	0	0	0	0	196	0	166	0	0	0	0	0	0	0	160	0	0	0	0	0	0	0	0	0	0	0	0	0	0	0	0	
106968	Frontal_Sup_Orb_L	234	0	3236	0	0	0	562	0	9638	0	0	0	800	0	12038	0	0	0	482	0	3542	644	3456	0	2326	0	5424	0	4318	0	4830	200	0	0	0	0	0	0	0	0	0	0	0	0	0	0	0	0	0	0	0	0	0	0	0	0	0	0	0	0	0	0	0	0	0	0	0	0	0	0	606	468	296	158	0	0	0	0	0	0	0	0	226	0	0	0	0	0	0	0	0	0	0	0	0	0	0	0	0	0	0	0	0	0	0	0	0	0	0	0	0	0	0	0	0	0	
137808	Frontal_Sup_Orb_R	0	0	0	4960	0	0	0	1216	0	5184	0	0	0	288	0	3646	0	0	0	348	492	2986	682	6192	242	11516	442	12284	0	1250	968	2934	0	0	0	0	0	0	0	0	0	0	0	0	0	0	0	0	0	0	0	0	0	0	0	0	0	0	0	0	0	0	0	0	0	0	0	0	0	0	438	8166	0	4670	0	0	0	0	0	0	0	0	0	0	0	0	0	0	0	0	0	0	0	0	0	0	0	0	0	0	0	0	0	0	0	0	0	0	0	0	0	0	0	0	0	0	
371156	Frontal_Mid_L	17622	156	56304	1022	562	0	0	672	950	0	7848	0	22420	0	3860	0	824	0	22010	1182	0	0	13818	0	0	0	0	0	13042	0	8088	0	298	524	172	0	1338	0	200	0	0	0	160	0	0	0	0	0	0	0	282	0	0	0	180	0	708	0	0	0	0	0	0	0	0	0	284	0	0	234	3196	0	2786	0	0	0	1418	0	1098	0	820	0	0	0	854	0	0	0	646	0	0	0	0	0	0	0	0	0	0	0	0	0	0	0	0	0	0	0	0	0	0	0	0	0	0	0	
243520	Frontal_Mid_R	620	6766	7658	22626	0	1216	672	0	0	1664	0	7240	0	14888	0	2400	0	492	9020	6192	0	0	626	2666	0	0	0	0	0	7050	448	7070	424	3642	0	0	0	1102	0	860	0	0	0	0	0	0	0	0	0	0	0	0	0	0	0	426	0	238	0	0	0	0	0	0	0	0	0	0	0	0	5022	2494	556	6464	0	198	246	774	0	0	0	0	0	0	0	0	0	0	0	0	0	0	0	0	0	0	0	0	0	0	0	0	0	0	0	0	0	0	0	0	0	0	0	0	0	0	
49032	Frontal_Mid_Orb_L	0	0	664	0	9638	0	950	0	0	0	0	0	816	0	8848	0	0	0	0	0	694	0	0	0	0	0	1744	0	948	0	214	0	0	0	0	0	0	0	0	0	0	0	0	0	0	0	0	0	0	0	0	0	0	0	0	0	0	0	0	0	0	0	0	0	0	0	0	0	0	0	0	0	0	0	0	0	0	0	0	0	0	0	0	0	0	0	0	0	0	0	0	0	0	0	0	0	0	0	0	0	0	0	0	0	0	0	0	0	0	0	0	0	0	0	0	0	
35596	Frontal_Mid_Orb_R	0	0	0	256	0	5184	0	1664	0	0	0	0	0	620	0	4940	0	0	152	306	0	228	0	0	0	0	0	1480	0	592	0	0	0	300	0	0	0	0	0	0	0	0	0	0	0	0	0	0	0	0	0	0	0	0	0	0	0	0	0	0	0	0	0	0	0	0	0	0	0	0	0	892	0	1184	0	0	0	0	0	0	0	0	0	0	0	0	0	0	0	0	0	0	0	0	0	0	0	0	0	0	0	0	0	0	0	0	0	0	0	0	0	0	0	0	0	0	
141368	Frontal_Inf_Oper_L	7054	0	4408	0	0	0	7848	0	0	0	0	0	8506	0	0	0	4988	0	2364	0	0	0	0	0	0	0	0	0	12382	0	1438	0	0	0	0	0	1612	0	194	0	0	0	432	0	0	0	0	0	0	0	722	0	256	0	444	0	1290	0	0	0	430	0	316	0	0	0	514	0	190	0	0	0	1034	0	0	0	170	0	5126	0	3914	0	0	0	3206	0	0	0	1846	0	0	0	0	0	0	0	0	0	0	0	0	0	0	0	0	0	0	0	0	0	0	0	0	0	0	0	
150828	Frontal_Inf_Oper_R	0	5524	234	5778	0	0	0	7240	0	0	0	0	0	7726	0	332	0	5532	302	2504	0	0	0	580	0	0	0	0	0	11184	570	3796	0	510	0	0	0	1818	0	1328	0	0	0	0	0	0	0	0	0	0	0	0	0	554	0	1150	0	2812	0	252	0	454	0	164	0	0	0	194	0	186	584	2196	0	8342	0	172	0	364	0	446	0	444	0	0	0	1000	0	0	0	1142	0	0	0	0	0	0	0	0	0	0	0	0	0	0	0	0	0	0	0	0	0	0	0	0	0	0	
160900	Frontal_Inf_Tri_L	1834	0	13724	0	800	0	22420	0	816	0	8506	0	0	0	5354	0	536	0	1466	0	0	0	2426	0	0	0	0	0	16416	0	3340	240	0	0	0	0	0	0	0	0	0	0	0	0	0	0	0	0	0	0	252	0	0	0	0	0	158	0	0	0	0	0	0	0	0	0	0	0	0	0	0	0	0	0	0	0	0	0	740	0	484	0	0	0	590	0	0	0	348	0	0	0	0	0	0	0	0	0	0	0	0	0	0	0	0	0	0	0	0	0	0	0	0	0	0	0	
121308	Frontal_Inf_Tri_R	0	0	0	5956	0	288	0	14888	0	620	0	7726	0	0	0	4284	0	0	202	2212	0	0	560	2024	0	0	0	0	0	8418	776	6890	0	1802	0	0	0	244	0	168	0	0	0	0	0	0	0	0	0	0	0	0	0	0	0	0	0	0	0	0	0	0	0	0	0	0	0	0	0	0	490	1364	0	1600	0	142	0	0	0	0	0	0	0	0	0	0	0	0	0	0	0	0	0	0	0	0	0	0	0	0	0	0	0	0	0	0	0	0	0	0	0	0	0	0	0	0	
117248	Frontal_Inf_Orb_L	146	0	5078	0	12038	0	3860	0	8848	0	0	0	5354	0	0	0	0	0	436	0	2364	0	1654	0	596	0	1774	0	8532	0	5670	0	0	0	0	0	0	0	136	0	0	0	0	0	0	0	0	0	0	0	0	0	0	0	0	0	0	0	0	0	0	0	0	0	0	0	0	0	0	0	0	0	1106	0	0	0	0	0	0	0	0	0	1032	0	0	0	0	0	0	0	0	0	0	0	0	0	0	0	0	0	0	0	0	0	0	0	0	0	0	0	0	0	0	0	0	0	
61596	Frontal_Inf_Orb_R	0	0	0	2064	0	3646	0	2400	0	4940	0	332	0	4284	0	0	0	0	304	798	0	1126	0	340	0	0	0	1478	0	4566	0	400	0	776	0	0	0	250	0	294	0	0	0	0	0	0	0	0	0	0	0	0	0	0	0	0	0	0	0	0	0	0	0	0	0	0	0	0	0	0	0	506	0	1642	0	0	0	0	0	0	0	312	0	340	0	0	0	0	0	0	0	0	0	0	0	0	0	0	0	0	0	0	0	0	0	0	0	0	0	0	0	0	0	0	0	0	
159160	Rolandic_Oper_L	5520	0	1908	0	0	0	824	0	0	0	4988	0	536	0	0	0	0	0	898	0	0	0	0	0	0	0	0	0	13712	0	0	0	0	0	0	0	2072	0	222	0	0	0	342	0	154	0	0	0	0	0	1772	0	730	0	860	0	9856	0	574	0	2648	0	5642	0	424	0	736	0	0	0	0	0	1368	0	196	0	0	0	6406	0	7710	0	0	0	4882	0	0	0	4600	0	0	0	0	0	0	0	0	0	0	0	0	0	0	0	0	0	0	0	0	0	0	0	0	0	0	0	
98568	Rolandic_Oper_R	0	828	0	546	0	0	0	492	0	0	0	5532	0	0	0	0	0	0	0	198	0	0	0	0	0	0	0	0	0	10410	0	162	0	0	0	0	0	1810	0	258	0	0	0	0	0	0	0	0	0	0	0	0	0	1016	0	880	0	6794	0	428	0	438	0	3816	0	0	0	292	0	446	0	534	0	4898	0	1824	0	1258	0	2134	0	1448	0	0	0	1166	0	0	0	1676	0	0	0	0	0	0	0	0	0	0	0	0	0	0	0	0	0	0	0	0	0	0	0	0	0	0	
921916	Supp_Motor_Area_L	24436	3392	130258	12782	482	0	22010	9020	0	152	2364	302	1466	202	436	304	898	0	0	57684	262	0	9328	4132	0	0	0	0	15188	0	16318	9530	8646	23272	1448	1002	2460	0	162	0	0	0	318	0	682	0	0	0	0	0	0	0	0	0	0	0	770	290	0	0	0	0	0	0	0	0	894	540	18376	8036	22718	2020	23394	534	6902	0	14872	2104	0	0	224	0	348	0	0	0	0	0	0	0	0	0	0	0	0	0	0	0	0	0	0	0	0	0	0	0	0	0	0	0	0	0	0	0	0	0	
974588	Supp_Motor_Area_R	15584	20554	26808	59950	0	348	1182	6192	0	306	0	2504	0	2212	0	798	0	198	57684	0	0	0	7650	16742	0	844	0	0	0	4236	4614	32134	6822	55782	2410	5314	428	2636	0	950	0	0	0	0	0	0	0	146	0	0	0	0	0	0	0	634	400	4764	0	0	0	0	0	0	0	0	494	1830	16266	45576	2030	37038	256	11820	0	4558	1678	24922	0	0	0	0	0	0	0	0	0	0	0	0	0	0	0	0	0	0	0	0	0	0	0	0	0	0	0	0	0	0	0	0	0	0	0	0	0	0	
93988	Olfactory_L	0	0	262	0	3542	492	0	0	694	0	0	0	0	0	2364	0	0	0	262	0	0	6316	198	0	970	194	6780	578	1774	0	4386	1486	0	0	0	0	458	0	826	0	646	0	0	0	0	0	0	0	0	0	0	0	0	0	190	0	0	0	0	0	0	0	0	0	0	0	0	0	0	0	6972	4474	1282	1322	0	0	0	0	0	0	0	0	526	0	0	0	0	0	0	0	0	0	0	0	0	0	0	0	0	0	0	0	0	0	0	0	0	0	0	0	0	0	0	0	0	0	
97388	Olfactory_R	0	0	0	470	644	2986	0	0	0	228	0	0	0	0	0	1126	0	0	0	0	6316	0	0	0	356	1570	4030	4060	0	2550	3346	2670	0	0	0	0	0	746	0	536	0	1016	0	0	0	0	0	0	0	0	0	0	0	0	0	0	0	0	0	0	0	0	0	0	0	0	0	0	0	0	6846	5716	1548	1934	0	0	0	0	0	0	0	0	0	0	0	0	0	0	0	0	0	0	0	0	0	0	0	0	0	0	0	0	0	0	0	0	0	0	0	0	0	0	0	0	0	0	
299176	Frontal_Sup_Medial_L	352	0	33772	8856	3456	682	13818	626	0	0	0	0	2426	560	1654	0	0	0	9328	7650	198	0	0	16430	1020	678	0	0	6474	0	12216	14228	3112	10634	0	0	0	0	0	0	0	0	0	0	0	0	0	0	0	0	0	0	0	0	0	0	0	0	0	0	0	0	0	0	0	0	0	0	0	0	0	388	804	226	0	0	0	0	0	0	0	0	0	0	0	0	0	0	0	0	0	0	0	0	0	0	0	0	0	0	0	0	0	0	0	0	0	0	0	0	0	0	0	0	0	0	
299788	Frontal_Sup_Medial_R	0	0	0	32916	0	6192	0	2666	0	0	0	580	0	2024	0	340	0	0	4132	16742	0	0	16430	0	342	5648	0	318	0	1716	2514	29608	718	17136	0	0	0	178	0	136	0	0	0	0	0	0	0	0	0	0	0	0	0	0	0	0	0	0	0	0	0	0	0	0	0	0	0	0	0	0	0	4624	0	4934	0	0	0	0	0	0	0	0	0	0	0	0	0	0	0	0	0	0	0	0	0	0	0	0	0	0	0	0	0	0	0	0	0	0	0	0	0	0	0	0	0	0	
31912	Frontal_Med_Orb_L	0	0	718	0	2326	242	0	0	0	0	0	0	0	0	596	0	0	0	0	0	970	356	1020	342	0	1030	1714	134	530	0	4088	304	0	0	0	0	0	0	0	0	0	0	0	0	0	0	0	0	0	0	0	0	0	0	0	0	0	0	0	0	0	0	0	0	0	0	0	0	0	0	702	218	666	0	0	0	0	0	0	0	0	0	0	0	0	0	0	0	0	0	0	0	0	0	0	0	0	0	0	0	0	0	0	0	0	0	0	0	0	0	0	0	0	0	0	0	
97812	Frontal_Med_Orb_R	0	0	0	3728	0	11516	0	0	0	0	0	0	0	0	0	0	0	0	0	844	194	1570	678	5648	1030	0	204	6800	0	0	1468	5476	0	166	0	0	0	0	0	0	0	0	0	0	0	0	0	0	0	0	0	0	0	0	0	0	0	0	0	0	0	0	0	0	0	0	0	0	0	0	162	5924	0	3498	0	0	0	0	0	0	0	0	0	0	0	0	0	0	0	0	0	0	0	0	0	0	0	0	0	0	0	0	0	0	0	0	0	0	0	0	0	0	0	0	0	0	
66868	Rectus_L	0	0	0	0	5424	442	0	0	1744	0	0	0	0	0	1774	0	0	0	0	0	6780	4030	0	0	1714	204	0	524	0	0	3196	542	0	0	0	0	0	0	0	0	0	0	0	0	0	0	0	0	0	0	0	0	0	0	0	0	0	0	0	0	0	0	0	0	0	0	0	0	0	0	4134	2314	224	388	0	0	0	0	0	0	0	0	0	0	0	0	0	0	0	0	0	0	0	0	0	0	0	0	0	0	0	0	0	0	0	0	0	0	0	0	0	0	0	0	0	0	
70080	Rectus_R	0	0	0	338	0	12284	0	0	0	1480	0	0	0	0	0	1478	0	0	0	0	578	4060	0	318	134	6800	524	0	0	800	404	1510	0	0	0	0	0	0	0	0	0	0	0	0	0	0	0	0	0	0	0	0	0	0	0	0	0	0	0	0	0	0	0	0	0	0	0	0	0	0	516	2728	0	1088	0	0	0	0	0	0	0	0	0	0	0	0	0	0	0	0	0	0	0	0	0	0	0	0	0	0	0	0	0	0	0	0	0	0	0	0	0	0	0	0	0	0	
463352	Insula_L	7386	0	26090	0	4318	0	13042	0	948	0	12382	0	16416	0	8532	0	13712	0	15188	0	1774	0	6474	0	530	0	0	0	0	0	12712	232	0	0	234	0	13062	0	1828	0	1280	0	982	0	178	0	206	136	0	0	1912	0	694	0	3228	0	3792	0	670	0	1468	0	1608	0	446	0	1270	0	284	0	210	0	12964	0	184	0	452	0	13446	0	9958	0	3348	0	8612	0	0	0	9338	0	150	0	0	0	0	0	0	0	0	0	0	0	0	0	0	0	0	0	0	0	0	0	0	0	0	0	
263756	Insula_R	0	1996	0	12066	0	1250	0	7050	0	592	0	11184	0	8418	0	4566	0	10410	0	4236	0	2550	0	1716	0	0	0	800	0	0	0	2462	0	176	0	0	0	8254	0	2720	0	1952	0	0	0	0	0	0	0	0	0	0	0	1040	0	3500	0	1380	0	144	0	0	0	984	0	0	0	0	0	184	0	1468	0	25560	0	1450	0	2306	0	2780	0	3920	0	182	0	990	0	0	0	3394	0	198	0	0	0	0	0	0	0	0	0	0	0	0	0	0	0	0	0	0	0	0	0	0	0	0	
314776	Cingulum_Ant_L	2748	0	20690	2670	4830	968	8088	448	214	0	1438	570	3340	776	5670	0	0	0	16318	4614	4386	3346	12216	2514	4088	1468	3196	404	12712	0	0	12242	4458	3156	0	0	0	0	0	0	0	0	0	0	0	0	0	0	0	0	0	0	0	0	0	0	0	0	0	0	0	0	0	0	0	0	0	0	0	0	5168	4758	7630	1762	0	0	0	0	0	0	0	0	502	0	0	0	0	0	0	0	0	0	0	0	0	0	0	0	0	0	0	0	0	0	0	0	0	0	0	0	0	0	0	0	0	0	
462624	Cingulum_Ant_R	0	0	1534	34962	200	2934	0	7070	0	0	0	3796	240	6890	0	400	0	162	9530	32134	1486	2670	14228	29608	304	5476	542	1510	232	2462	12242	0	2602	26090	0	0	0	388	0	278	0	0	0	0	0	0	0	0	0	0	0	0	0	0	0	144	0	0	0	0	0	0	0	0	0	0	0	0	0	0	1986	19754	422	8754	0	0	0	282	0	0	0	0	0	0	0	0	0	0	0	0	0	0	0	0	0	0	0	0	0	0	0	0	0	0	0	0	0	0	0	0	0	0	0	0	0	0	
126388	Cingulum_Mid_L	1028	166	2992	150	0	0	298	424	0	0	0	0	0	0	0	0	0	0	8646	6822	0	0	3112	718	0	0	0	0	0	0	4458	2602	0	9464	3624	1680	0	0	0	0	0	0	364	0	1678	0	0	0	586	0	630	0	508	0	506	0	518	518	176	0	0	0	0	0	0	0	5892	794	3342	1334	0	0	0	0	0	0	0	0	0	0	0	0	0	0	164	0	0	0	0	0	0	0	0	0	0	0	0	0	0	0	0	0	0	0	0	0	0	0	0	0	0	0	0	0	0	0	
502408	Cingulum_Mid_R	7060	948	3974	13758	0	0	524	3642	0	300	0	510	0	1802	0	776	0	0	23272	55782	0	0	10634	17136	0	166	0	0	0	176	3156	26090	9464	0	2104	10980	0	144	0	0	0	0	0	590	0	576	0	558	0	212	0	0	0	278	0	166	0	10294	0	890	0	0	0	0	0	0	2256	10118	11178	20604	184	278	0	0	0	0	0	0	0	0	0	0	0	0	0	154	0	0	0	226	0	0	0	0	0	0	0	0	0	0	0	0	0	0	0	0	0	0	0	0	244	0	0	0	0	0	
144420	Cingulum_Post_L	7328	920	304	0	0	0	172	0	0	0	0	0	0	0	0	0	0	0	1448	2410	0	0	0	0	0	0	0	0	234	0	0	0	3624	2104	0	6550	5748	1702	574	0	0	0	3188	0	3280	0	560	0	438	0	0	0	422	0	608	0	696	1118	0	0	0	0	0	0	0	0	10068	428	8682	2686	190	132	0	0	0	0	2802	2984	398	0	0	0	0	0	0	0	0	0	200	0	0	0	0	0	0	0	0	0	0	0	0	0	0	0	0	0	0	0	0	0	212	0	0	0	0	0	
197984	Cingulum_Post_R	3250	3042	412	0	0	0	0	0	0	0	0	0	0	0	0	0	0	0	1002	5314	0	0	0	0	0	0	0	0	0	0	0	0	1680	10980	6550	0	1404	5040	0	1218	0	0	0	2750	0	1616	0	2598	0	0	0	0	0	1340	0	1562	0	7840	0	0	0	0	0	0	0	0	2244	14496	2126	9654	224	434	0	0	0	0	3706	5580	0	0	0	0	0	0	0	0	0	0	0	696	0	420	0	0	0	0	0	134	0	394	0	0	0	0	0	0	0	0	0	0	1286	0	0	0	0	0	
218688	Hippocampus_L	6164	510	3192	0	0	0	1338	0	0	0	1612	0	0	0	0	0	2072	0	2460	428	458	0	0	0	0	0	0	0	13062	0	0	0	0	0	5748	1404	0	1074	7322	132	5414	0	2914	0	166	0	1882	542	0	0	316	0	212	0	8858	0	640	0	0	0	0	0	0	0	0	0	5890	0	1032	438	326	0	6748	0	896	0	3020	1330	3132	0	2454	0	1932	0	3326	0	0	0	10196	0	556	0	0	0	0	0	0	0	0	0	0	0	0	0	0	0	0	0	0	0	148	0	0	0	0	0	
441532	Hippocampus_R	936	10016	0	4056	0	0	0	1102	0	0	0	1818	0	244	0	250	0	1810	0	2636	0	746	0	178	0	0	0	0	0	8254	0	388	0	144	1702	5040	1074	0	0	31698	0	13580	0	2416	0	0	0	4366	0	0	0	0	0	3528	0	44218	0	874	0	152	0	0	0	470	0	0	0	5692	0	1744	0	1142	0	17016	0	1616	578	7490	0	1728	0	2464	0	2508	0	4788	0	1358	0	21508	0	3170	0	374	0	0	0	2220	0	3210	0	0	0	174	0	0	0	0	0	0	290	0	0	0	0	0	
56932	ParaHippocampal_L	262	0	310	0	0	0	200	0	0	0	194	0	0	0	136	0	222	0	162	0	826	0	0	0	0	0	0	0	1828	0	0	0	0	0	574	0	7322	0	0	0	1250	0	1320	0	0	0	2912	702	0	0	218	0	0	0	4266	0	0	0	0	0	0	0	0	0	0	0	1482	0	0	0	0	0	874	0	0	0	0	0	158	0	0	0	996	0	0	0	200	0	610	0	0	0	0	0	270	348	824	0	0	0	0	0	0	0	0	0	0	0	0	0	0	0	0	0	0	0	
237272	ParaHippocampal_R	0	1372	0	1782	0	0	0	860	0	0	0	1328	0	168	0	294	0	258	0	950	0	536	0	136	0	0	0	0	0	2720	0	278	0	0	0	1218	132	31698	0	0	0	10542	0	700	0	0	0	4138	0	0	0	0	0	0	0	26028	0	0	0	0	0	0	0	0	0	0	0	2670	0	348	0	412	0	7370	0	1072	0	1408	0	0	0	0	0	4870	0	570	0	3400	0	3218	0	2124	0	308	0	0	0	2942	0	2482	0	0	0	162	0	0	0	0	0	0	142	0	0	0	0	0	
28032	Amygdala_L	0	0	0	0	0	0	0	0	0	0	0	0	0	0	0	0	0	0	0	0	646	0	0	0	0	0	0	0	1280	0	0	0	0	0	0	0	5414	0	1250	0	0	0	0	0	0	0	0	0	0	0	0	0	0	0	2174	0	0	0	0	0	0	0	0	0	0	0	0	0	0	0	0	0	258	0	0	0	0	0	0	0	0	0	956	0	364	0	0	0	1674	0	0	0	0	0	0	0	0	0	0	0	0	0	0	0	0	0	0	0	0	0	0	0	0	0	0	0	
92568	Amygdala_R	0	0	0	0	0	0	0	0	0	0	0	0	0	0	0	0	0	0	0	0	0	1016	0	0	0	0	0	0	0	1952	0	0	0	0	0	0	0	13580	0	10542	0	0	0	0	0	0	0	0	0	0	0	0	0	0	0	9772	0	0	0	0	0	0	0	0	0	0	0	0	0	0	0	0	0	1516	0	0	0	0	0	0	0	0	0	3426	0	298	0	1864	0	2318	0	0	0	0	0	0	0	0	0	0	0	0	0	0	0	0	0	0	0	0	0	0	0	0	0	0	
355976	Calcarine_L	738	0	0	0	0	0	160	0	0	0	432	0	0	0	0	0	342	0	318	0	0	0	0	0	0	0	0	0	982	0	0	0	364	0	3188	0	2914	0	1320	0	0	0	0	8482	23700	4272	21116	3886	15028	2190	26216	858	8866	404	6336	1074	2578	0	2348	0	1328	0	246	0	438	0	24056	1010	1338	0	0	0	0	0	0	0	0	0	1060	0	862	0	0	0	7196	0	0	0	2132	0	0	0	0	0	0	0	0	0	0	0	0	0	0	0	0	0	0	0	0	0	210	0	0	0	0	0	
417812	Calcarine_R	0	242	0	0	0	0	0	0	0	0	0	0	0	0	0	0	0	0	0	0	0	0	0	0	0	0	0	0	0	0	0	0	0	590	0	2750	0	2416	0	700	0	0	8482	0	3226	32934	5614	26074	0	24194	0	17890	0	12528	0	13396	0	8670	0	1360	0	1322	0	448	0	392	622	33896	0	1536	0	0	0	0	0	0	0	0	0	0	0	192	0	0	0	6874	0	0	0	1408	0	332	0	0	0	0	0	252	0	400	0	0	0	0	0	0	0	0	0	0	166	0	0	0	0	0	
261820	Cuneus_L	464	0	0	0	0	0	0	0	0	0	0	0	0	0	0	0	154	0	682	0	0	0	0	0	0	0	0	0	178	0	0	0	1678	0	3280	0	166	0	0	0	0	0	23700	3226	0	4190	2674	0	25586	1230	15988	0	4144	0	3198	0	3076	0	5086	0	1044	0	0	0	266	0	22840	704	2568	0	0	0	0	0	0	0	0	0	174	0	332	0	0	0	3552	0	0	0	730	0	0	0	0	0	0	0	0	0	0	0	0	0	0	0	0	0	0	0	0	0	0	0	0	0	0	0	
353436	Cuneus_R	0	632	0	0	0	0	0	0	0	0	0	0	0	0	0	0	0	0	0	0	0	0	0	0	0	0	0	0	0	0	0	0	0	576	0	1616	0	0	0	0	0	0	4272	32934	4190	0	1706	5012	0	41444	0	14490	0	2144	0	2020	0	9206	0	5416	0	2536	0	0	0	1168	1900	36734	0	2650	0	0	0	0	0	0	0	0	0	0	0	0	0	0	0	5706	0	0	0	366	0	0	0	0	0	0	0	0	0	0	0	0	0	0	0	0	0	0	0	0	0	0	0	0	0	0	
384140	Lingual_L	450	0	0	0	0	0	0	0	0	0	0	0	0	0	0	0	0	0	0	0	0	0	0	0	0	0	0	0	206	0	0	0	0	0	560	0	1882	0	2912	0	0	0	21116	5614	2674	1706	0	8102	3386	796	11968	172	6584	0	21326	3990	428	182	144	0	0	0	0	0	0	0	5850	1110	292	0	0	0	0	0	0	0	512	0	0	0	0	0	0	0	638	0	0	0	242	0	13198	6002	1488	636	1088	214	14098	7360	21076	8390	1150	0	908	0	326	0	0	0	0	200	8604	3996	494	0	0	0	
414188	Lingual_R	0	294	0	0	0	0	0	0	0	0	0	0	0	0	0	0	0	0	0	146	0	0	0	0	0	0	0	0	136	0	0	0	0	558	0	2598	542	4366	702	4138	0	0	3886	26074	0	5012	8102	0	0	6578	0	4316	0	5176	4278	31086	0	2490	0	0	0	0	0	0	0	0	0	15046	144	932	0	0	0	0	0	0	136	608	0	0	0	0	0	0	0	274	0	0	0	640	6542	8432	492	1592	1156	796	4784	8038	11898	13508	448	0	1442	630	706	0	154	0	0	408	5576	11132	1102	0	0	0	
242904	Occipital_Sup_L	0	0	0	0	0	0	0	0	0	0	0	0	0	0	0	0	0	0	0	0	0	0	0	0	0	0	0	0	0	0	0	0	586	0	438	0	0	0	0	0	0	0	15028	0	25586	0	3386	0	0	0	35804	0	5158	0	3936	0	808	0	11274	0	1612	0	0	0	0	0	16538	138	496	0	0	0	0	0	0	0	0	0	0	0	0	0	0	0	664	0	0	0	0	0	0	0	0	0	0	0	0	0	0	0	0	0	0	0	0	0	0	0	0	0	0	0	0	0	0	0	
318604	Occipital_Sup_R	0	322	0	0	0	0	0	0	0	0	0	0	0	0	0	0	0	0	0	0	0	0	0	0	0	0	0	0	0	0	0	0	0	212	0	0	0	0	0	0	0	0	2190	24194	1230	41444	796	6578	0	0	0	29812	0	2046	0	3330	0	1850	0	9064	0	1858	0	0	0	5070	1202	21018	0	622	0	0	0	0	0	0	0	0	0	0	0	0	0	0	0	6300	0	0	0	164	0	0	0	0	0	0	0	0	0	0	0	0	0	0	0	0	0	0	0	0	0	0	0	0	0	0	
546528	Occipital_Mid_L	1866	0	0	0	0	0	282	0	0	0	722	0	252	0	0	0	1772	0	0	0	0	0	0	0	0	0	0	0	1912	0	0	0	630	0	0	0	316	0	218	0	0	0	26216	0	15988	0	11968	0	35804	0	0	0	24222	0	13626	0	9978	0	23486	0	23966	0	1794	0	16294	0	16960	0	910	0	0	0	0	0	0	0	0	0	1658	0	4026	0	0	0	30096	0	0	0	8302	0	0	0	0	0	0	0	0	0	0	0	0	0	0	0	0	0	0	0	0	0	0	0	0	0	0	0	
272240	Occipital_Mid_R	0	0	0	0	0	0	0	0	0	0	0	0	0	0	0	0	0	0	0	0	0	0	0	0	0	0	0	0	0	0	0	0	0	0	0	0	0	0	0	0	0	0	858	17890	0	14490	172	4316	0	29812	0	0	0	4826	0	3088	0	1102	0	7088	0	8196	0	240	0	18560	234	7034	0	380	0	0	0	0	0	0	0	0	0	0	0	0	0	0	0	17378	0	0	0	456	0	0	0	0	0	0	0	0	0	0	0	0	0	0	0	0	0	0	0	0	0	0	0	0	0	0	
208176	Occipital_Inf_L	456	0	0	0	0	0	0	0	0	0	256	0	0	0	0	0	730	0	0	0	0	0	0	0	0	0	0	0	694	0	0	0	508	0	422	0	212	0	0	0	0	0	8866	0	4144	0	6584	0	5158	0	24222	0	0	0	21588	0	1028	0	1078	0	1158	0	1170	0	694	0	4806	0	462	0	0	0	0	0	0	0	0	0	730	0	1426	0	0	0	9604	0	0	0	5346	0	942	0	0	0	0	0	0	0	1296	216	0	0	0	0	0	0	0	0	0	0	0	292	0	0	0	0	
145636	Occipital_Inf_R	0	824	0	0	0	0	0	0	0	0	0	554	0	0	0	0	0	1016	0	0	0	0	0	0	0	0	0	0	0	1040	0	0	0	278	0	1340	0	3528	0	0	0	0	404	12528	0	2144	0	5176	0	2046	0	4826	0	0	0	9510	0	2454	0	482	0	290	0	440	0	0	0	8158	0	1904	0	250	0	0	0	0	0	0	0	558	0	842	0	0	0	5536	0	0	0	4956	0	576	0	0	0	0	134	134	276	220	0	0	0	0	0	0	0	0	0	0	150	244	0	0	0	0	
514804	Fusiform_L	522	0	0	0	0	0	180	0	0	0	444	0	0	0	0	0	860	0	0	0	190	0	0	0	0	0	0	0	3228	0	0	0	506	0	608	0	8858	0	4266	0	2174	0	6336	0	3198	0	21326	4278	3936	0	13626	0	21588	0	0	3346	928	0	862	0	668	0	372	0	178	0	4466	0	464	0	0	0	214	0	0	0	0	0	1490	0	2684	0	2844	0	5860	0	1946	0	17168	0	28416	4428	3790	466	414	0	13964	5528	34770	7638	2180	0	3054	0	502	0	0	0	0	0	6936	5342	360	0	0	0	
710612	Fusiform_R	0	912	0	1166	0	0	0	426	0	0	0	1150	0	0	0	0	0	880	0	634	0	0	0	0	0	0	0	0	0	3500	0	144	0	166	0	1562	0	44218	0	26028	0	9772	1074	13396	0	2020	3990	31086	0	3330	0	3088	0	9510	3346	0	0	1126	0	156	0	0	0	406	0	0	0	8974	0	1024	0	530	0	9080	0	576	0	2308	0	554	0	1134	0	6882	0	4398	0	4002	0	24680	4414	30638	286	5530	942	1018	5562	15738	9508	35636	228	198	412	2204	518	214	0	0	0	0	6464	7276	1146	0	146	0	
286788	Postcentral_L	24472	322	958	0	0	0	708	0	0	0	1290	0	158	0	0	0	9856	0	770	400	0	0	0	0	0	0	0	0	3792	0	0	0	518	0	696	0	640	0	0	0	0	0	2578	0	3076	0	428	0	808	0	9978	0	1028	0	928	0	0	0	11558	0	23094	0	9546	0	1114	0	9050	0	3978	418	534	0	1322	0	458	0	424	0	2606	0	5908	0	0	0	7336	0	0	0	2644	0	0	0	0	0	0	0	0	0	0	0	0	0	0	0	0	0	0	0	0	0	0	0	0	0	0	0	
312932	Postcentral_R	1340	11180	0	0	0	0	0	238	0	0	0	2812	0	0	0	0	0	6794	290	4764	0	0	0	0	0	0	0	0	0	1380	0	0	518	10294	1118	7840	0	874	0	0	0	0	0	8670	0	9206	182	2490	0	1850	0	1102	0	2454	0	1126	0	0	0	8014	0	6070	0	10586	0	910	900	27014	2450	15790	0	480	0	686	0	0	0	0	0	332	0	588	0	0	0	4312	0	0	0	1362	0	0	0	0	0	0	0	0	0	0	0	0	0	0	0	0	0	0	0	0	450	0	0	0	0	0	
208788	Parietal_Sup_L	246	0	0	0	0	0	0	0	0	0	0	0	0	0	0	0	574	0	0	0	0	0	0	0	0	0	0	0	670	0	0	0	176	0	0	0	0	0	0	0	0	0	2348	0	5086	0	144	0	11274	0	23486	0	1078	0	862	0	11558	0	0	0	18318	0	174	0	2160	0	14328	0	778	0	0	0	0	0	0	0	0	0	302	0	2232	0	0	0	5920	0	0	0	2680	0	0	0	0	0	0	0	0	0	0	0	0	0	0	0	0	0	0	0	0	0	0	0	0	0	0	0	
157652	Parietal_Sup_R	0	0	0	0	0	0	0	0	0	0	0	252	0	0	0	0	0	428	0	0	0	0	0	0	0	0	0	0	0	144	0	0	0	890	0	0	0	152	0	0	0	0	0	1360	0	5416	0	0	0	9064	0	7088	0	482	0	156	0	8014	0	0	0	10064	0	3568	0	9650	0	15620	0	170	0	0	0	180	0	0	0	0	0	0	0	684	0	0	0	3566	0	0	0	1878	0	0	0	0	0	0	0	0	0	0	0	0	0	0	0	0	0	0	0	0	0	0	0	0	0	0	
289192	Parietal_Inf_L	1230	0	0	0	0	0	0	0	0	0	430	0	0	0	0	0	2648	0	0	0	0	0	0	0	0	0	0	0	1468	0	0	0	0	0	0	0	0	0	0	0	0	0	1328	0	1044	0	0	0	1612	0	23966	0	1158	0	668	0	23094	0	18318	0	0	0	12518	0	22388	0	4050	0	250	0	0	0	0	0	0	0	0	0	1288	0	5340	0	0	0	15432	0	0	0	6366	0	0	0	0	0	0	0	0	0	0	0	0	0	0	0	0	0	0	0	0	0	0	0	0	0	0	0	
149732	Parietal_Inf_R	0	360	0	0	0	0	0	0	0	0	0	454	0	0	0	0	0	438	0	0	0	0	0	0	0	0	0	0	0	0	0	0	0	0	0	0	0	0	0	0	0	0	0	1322	0	2536	0	0	0	1858	0	8196	0	290	0	0	0	6070	0	10064	0	0	0	8710	0	21608	0	5148	0	414	0	0	0	0	0	0	0	0	0	132	0	664	0	0	0	5160	0	0	0	1442	0	0	0	0	0	0	0	0	0	0	0	0	0	0	0	0	0	0	0	0	0	0	0	0	0	0	
123688	SupraMarginal_L	462	0	0	0	0	0	0	0	0	0	316	0	0	0	0	0	5642	0	0	0	0	0	0	0	0	0	0	0	1608	0	0	0	0	0	0	0	0	0	0	0	0	0	246	0	0	0	0	0	0	0	1794	0	1170	0	372	0	9546	0	174	0	12518	0	0	0	4718	0	258	0	0	0	0	0	0	0	0	0	0	0	2764	0	6232	0	0	0	8884	0	0	0	5140	0	0	0	0	0	0	0	0	0	0	0	0	0	0	0	0	0	0	0	0	0	0	0	0	0	0	0	
93028	SupraMarginal_R	0	366	0	0	0	0	0	0	0	0	0	164	0	0	0	0	0	3816	0	0	0	0	0	0	0	0	0	0	0	984	0	0	0	0	0	0	0	470	0	0	0	0	0	448	0	0	0	0	0	0	0	240	0	440	0	406	0	10586	0	3568	0	8710	0	0	0	5796	0	1328	0	0	0	0	0	0	0	0	0	0	0	256	0	4668	0	0	0	632	0	0	0	3636	0	0	0	0	0	0	0	0	0	0	0	0	0	0	0	0	0	0	0	0	0	0	0	0	0	0	
139044	Angular_L	184	0	0	0	0	0	0	0	0	0	0	0	0	0	0	0	424	0	0	0	0	0	0	0	0	0	0	0	446	0	0	0	0	0	0	0	0	0	0	0	0	0	438	0	266	0	0	0	0	0	16294	0	694	0	178	0	1114	0	2160	0	22388	0	4718	0	0	0	606	0	0	0	0	0	0	0	0	0	0	0	792	0	2350	0	0	0	12656	0	0	0	3814	0	0	0	0	0	0	0	0	0	0	0	0	0	0	0	0	0	0	0	0	0	0	0	0	0	0	0	
157556	Angular_R	0	0	0	0	0	0	0	0	0	0	0	0	0	0	0	0	0	0	0	0	0	0	0	0	0	0	0	0	0	0	0	0	0	0	0	0	0	0	0	0	0	0	0	392	0	1168	0	0	0	5070	0	18560	0	0	0	0	0	910	0	9650	0	21608	0	5796	0	0	0	2312	0	370	0	0	0	0	0	0	0	0	0	0	0	3326	0	0	0	8058	0	0	0	1558	0	0	0	0	0	0	0	0	0	0	0	0	0	0	0	0	0	0	0	0	0	0	0	0	0	0	
375060	Precuneus_L	1864	224	0	0	0	0	284	0	0	0	514	0	0	0	0	0	736	0	894	494	0	0	0	0	0	0	0	0	1270	0	0	0	5892	2256	10068	2244	5890	0	1482	0	0	0	24056	622	22840	1900	5850	0	16538	1202	16960	234	4806	0	4466	0	9050	900	14328	0	4050	0	258	0	606	0	0	4276	6940	1028	0	0	0	0	0	0	340	0	1350	0	1156	0	0	0	6522	204	0	0	2714	0	0	0	0	0	0	0	0	0	0	0	0	0	0	0	0	0	0	0	0	0	222	0	0	0	0	0	
516268	Precuneus_R	390	2090	0	0	0	0	0	0	0	0	0	194	0	0	0	0	0	292	540	1830	0	0	0	0	0	0	0	0	0	0	0	0	794	10118	428	14496	0	5692	0	2670	0	0	1010	33896	704	36734	1110	15046	138	21018	0	7034	0	8158	0	8974	0	27014	0	15620	0	5148	0	1328	0	2312	4276	0	602	9550	0	0	0	0	0	0	0	190	0	0	0	868	0	0	0	10048	0	0	0	3468	0	680	0	132	0	0	0	1024	0	816	0	0	0	0	0	0	0	0	0	0	1702	0	0	0	0	0	
290408	Paracentral_Lobule_L	23418	2458	5144	0	0	0	0	0	0	0	190	0	0	0	0	0	0	0	18376	16266	0	0	0	0	0	0	0	0	284	0	0	0	3342	11178	8682	2126	1032	0	0	0	0	0	1338	0	2568	0	292	144	496	0	910	0	462	0	464	0	3978	2450	778	0	250	0	0	0	0	0	6940	602	0	13724	1546	0	2828	0	312	0	9660	706	260	0	266	0	0	0	1088	0	0	0	646	0	0	0	0	0	0	0	0	0	0	0	0	0	0	0	0	0	0	0	0	0	0	0	0	0	0	0	
413236	Paracentral_Lobule_R	11280	25492	2972	2388	0	0	234	0	0	0	0	186	0	0	0	0	0	446	8036	45576	0	0	0	0	0	0	0	0	0	184	0	0	1334	20604	2686	9654	438	1744	0	348	0	0	0	1536	0	2650	0	932	0	622	0	380	0	1904	0	1024	418	15790	0	170	0	414	0	0	0	370	1028	9550	13724	0	332	6852	178	0	0	0	1678	11006	0	0	0	170	0	0	0	1354	0	0	0	734	0	0	0	0	0	0	0	0	0	0	0	0	0	0	0	0	0	0	0	0	200	0	0	0	0	0	
265692	Caudate_L	3640	728	22646	2480	606	438	3196	5022	0	0	0	584	0	490	0	0	0	0	22718	2030	6972	6846	0	0	702	162	4134	516	210	0	5168	1986	0	184	190	224	326	0	0	0	0	0	0	0	0	0	0	0	0	0	0	0	0	0	0	0	534	0	0	0	0	0	0	0	0	0	0	0	1546	332	0	9082	10280	2604	580	0	12160	3530	0	0	0	0	0	0	0	0	0	0	0	0	0	0	0	0	0	0	0	0	0	0	0	0	0	0	0	0	0	0	0	0	0	0	0	0	0	0	
417196	Caudate_R	492	8042	1704	27910	468	8166	0	2494	0	892	0	2196	0	1364	0	506	0	534	2020	37038	4474	5716	388	4624	218	5924	2314	2728	0	1468	4758	19754	0	278	132	434	0	1142	0	412	0	0	0	0	0	0	0	0	0	0	0	0	0	250	0	530	0	480	0	0	0	0	0	0	0	0	0	0	0	6852	9082	0	1854	12802	0	3040	1486	22702	0	0	0	0	0	0	0	394	0	0	0	536	0	0	0	0	0	0	0	0	0	0	0	0	0	0	0	0	0	0	0	0	0	0	0	0	0	0	
253388	Putamen_L	8978	166	24080	136	296	0	2786	556	0	0	1034	0	0	0	1106	0	1368	0	23394	256	1282	1548	804	0	666	0	224	0	12964	0	7630	422	0	0	0	0	6748	0	874	0	258	0	0	0	0	0	0	0	0	0	0	0	0	0	214	0	1322	0	0	0	0	0	0	0	0	0	0	0	2828	178	10280	1854	0	484	7040	0	3064	0	388	0	376	0	546	0	254	0	0	0	290	0	0	0	0	0	0	0	0	0	0	0	0	0	0	0	0	0	0	0	0	0	0	0	0	0	0	0	
372460	Putamen_R	0	3056	480	22916	158	4670	0	6464	0	1184	0	8342	0	1600	0	1642	0	4898	534	11820	1322	1934	226	4934	0	3498	388	1088	0	25560	1762	8754	0	0	0	0	0	17016	0	7370	0	1516	0	0	0	0	0	0	0	0	0	0	0	0	0	9080	0	686	0	180	0	0	0	0	0	0	0	0	0	0	2604	12802	484	0	0	5492	0	4894	0	454	0	686	0	166	0	606	0	0	0	3868	0	176	0	0	0	0	0	510	0	410	0	0	0	0	0	0	0	0	0	0	0	0	0	0	0	0	
62240	Pallidum_L	6176	0	7084	0	0	0	0	0	0	0	0	0	0	0	0	0	196	0	6902	0	0	0	0	0	0	0	0	0	184	0	0	0	0	0	0	0	896	0	0	0	0	0	0	0	0	0	0	0	0	0	0	0	0	0	0	0	458	0	0	0	0	0	0	0	0	0	0	0	312	0	580	0	7040	0	0	0	1292	0	0	0	0	0	0	0	0	0	0	0	0	0	0	0	0	0	0	0	0	0	0	0	0	0	0	0	0	0	0	0	0	0	0	0	0	0	0	0	
50644	Pallidum_R	0	0	0	4358	0	0	0	198	0	0	0	172	0	142	0	0	0	1824	0	4558	0	0	0	0	0	0	0	0	0	1450	0	0	0	0	0	0	0	1616	0	1072	0	0	0	0	0	0	0	0	0	0	0	0	0	0	0	576	0	0	0	0	0	0	0	0	0	0	0	0	0	0	0	3040	0	5492	0	0	0	824	0	0	0	0	0	0	0	0	0	0	0	0	0	0	0	0	0	0	0	0	0	0	0	0	0	0	0	0	0	0	0	0	0	0	0	0	0	0	
190712	Thalamus_L	11382	1732	10554	0	0	0	1418	246	0	0	170	0	0	0	0	0	0	0	14872	1678	0	0	0	0	0	0	0	0	452	0	0	0	0	0	2802	3706	3020	578	0	0	0	0	0	0	0	0	512	136	0	0	0	0	0	0	0	0	424	0	0	0	0	0	0	0	0	0	340	0	9660	1678	12160	1486	3064	0	1292	0	0	11994	0	0	0	0	0	0	0	0	0	0	0	0	0	0	0	0	0	0	0	0	0	0	0	0	0	0	0	0	0	0	0	0	0	0	0	0	0	0	
285056	Thalamus_R	1648	11866	2402	13842	0	0	0	774	0	0	0	364	0	0	0	0	0	1258	2104	24922	0	0	0	0	0	0	0	0	0	2306	0	282	0	0	2984	5580	1330	7490	0	1408	0	0	0	0	0	0	0	608	0	0	0	0	0	0	0	2308	0	0	0	0	0	0	0	0	0	0	0	190	706	11006	3530	22702	0	4894	0	824	11994	0	0	260	0	478	0	0	0	258	0	0	0	1624	0	348	0	0	0	0	0	0	0	238	0	0	0	0	0	0	0	0	0	0	0	0	0	0	0	0	
180216	Heschl_L	3072	0	192	0	0	0	1098	0	0	0	5126	0	740	0	0	0	6406	0	0	0	0	0	0	0	0	0	0	0	13446	0	0	0	0	0	398	0	3132	0	158	0	0	0	1060	0	174	0	0	0	0	0	1658	0	730	0	1490	0	2606	0	302	0	1288	0	2764	0	792	0	1350	0	260	0	0	0	388	0	0	0	0	0	0	0	15302	0	0	0	13570	0	0	0	12308	0	298	0	0	0	0	0	0	0	0	0	0	0	0	0	0	0	0	0	0	0	0	0	0	0	0	0	
36332	Heschl_R	0	0	0	0	0	0	0	0	0	0	0	446	0	0	0	0	0	2134	0	0	0	0	0	0	0	0	0	0	0	2780	0	0	0	0	0	0	0	1728	0	0	0	0	0	0	0	0	0	0	0	0	0	0	0	558	0	554	0	332	0	0	0	132	0	256	0	0	0	0	0	0	0	0	0	454	0	0	0	260	0	0	0	5562	0	0	0	1756	0	0	0	1214	0	0	0	0	0	0	0	0	0	0	0	0	0	0	0	0	0	0	0	0	0	0	0	0	0	0	
269704	Temporal_Sup_L	3514	0	448	0	0	0	820	0	0	0	3914	0	484	0	0	0	7710	0	224	0	0	0	0	0	0	0	0	0	9958	0	0	0	0	0	0	0	2454	0	0	0	0	0	862	0	332	0	0	0	0	0	4026	0	1426	0	2684	0	5908	0	2232	0	5340	0	6232	0	2350	0	1156	0	266	0	0	0	376	0	0	0	0	0	15302	0	0	0	1024	0	31508	0	0	0	24024	0	278	0	0	0	0	0	0	0	0	0	0	0	0	0	0	0	0	0	0	0	0	0	0	0	0	0	
88012	Temporal_Sup_R	0	174	0	0	0	0	0	0	0	0	0	444	0	0	0	312	0	1448	0	0	0	0	0	0	0	0	0	0	0	3920	0	0	0	0	0	0	0	2464	0	0	0	0	0	192	0	0	0	0	0	0	0	0	0	842	0	1134	0	588	0	684	0	664	0	4668	0	3326	0	868	0	170	0	0	0	686	0	0	0	478	0	5562	0	0	0	2968	0	8032	0	0	0	4382	0	0	0	0	0	0	0	0	0	0	0	0	0	0	0	0	0	0	0	0	0	0	0	0	0	0	
43436	Temporal_Pole_Sup_L	0	0	396	0	226	0	0	0	0	0	0	0	0	0	1032	0	0	0	348	0	526	0	0	0	0	0	0	0	3348	0	502	0	0	0	0	0	1932	0	996	0	956	0	0	0	0	0	0	0	0	0	0	0	0	0	2844	0	0	0	0	0	0	0	0	0	0	0	0	0	0	0	0	0	546	0	0	0	0	0	0	0	1024	0	0	0	2264	0	1876	0	2902	0	0	0	0	0	0	0	0	0	0	0	0	0	0	0	0	0	0	0	0	0	0	0	0	0	0	0	
65140	Temporal_Pole_Sup_R	0	0	0	0	0	0	0	0	0	0	0	0	0	0	0	340	0	0	0	0	0	0	0	0	0	0	0	0	0	182	0	0	0	0	0	0	0	2508	0	4870	0	3426	0	0	0	0	0	0	0	0	0	0	0	0	0	6882	0	0	0	0	0	0	0	0	0	0	0	0	0	0	0	0	0	166	0	0	0	0	0	0	0	2968	0	0	0	2514	0	4318	0	4396	0	0	0	0	0	0	0	0	0	0	0	0	0	0	0	0	0	0	0	0	0	0	0	0	0	0	
469304	Temporal_Mid_L	3504	0	0	0	0	0	854	0	0	0	3206	0	590	0	0	0	4882	0	0	0	0	0	0	0	0	0	0	0	8612	0	0	0	164	0	0	0	3326	0	0	0	364	0	7196	0	3552	0	638	0	664	0	30096	0	9604	0	5860	0	7336	0	5920	0	15432	0	8884	0	12656	0	6522	0	1088	0	0	0	254	0	0	0	0	0	13570	0	31508	0	2264	0	0	0	2466	0	43640	0	0	0	0	0	0	0	0	0	0	0	0	0	0	0	0	0	0	0	0	0	0	0	0	0	0	0	
243032	Temporal_Mid_R	0	616	0	0	0	0	0	0	0	0	0	1000	0	0	0	0	0	1166	0	0	0	0	0	0	0	0	0	0	0	990	0	0	0	154	0	0	0	4788	0	570	0	298	0	6874	0	5706	0	274	0	6300	0	17378	0	5536	0	4398	0	4312	0	3566	0	5160	0	632	0	8058	204	10048	0	1354	0	394	0	606	0	0	0	258	0	1756	0	8032	0	2514	0	0	0	690	0	17738	0	146	0	0	0	0	0	0	0	0	0	0	0	0	0	0	0	0	0	0	0	0	0	0	0	0	
18756	Temporal_Pole_Mid_L	0	0	0	0	0	0	0	0	0	0	0	0	0	0	0	0	0	0	0	0	0	0	0	0	0	0	0	0	0	0	0	0	0	0	0	0	0	0	200	0	0	0	0	0	0	0	0	0	0	0	0	0	0	0	1946	0	0	0	0	0	0	0	0	0	0	0	0	0	0	0	0	0	0	0	0	0	0	0	0	0	0	0	1876	0	2466	0	0	0	2890	0	0	0	0	0	0	0	0	0	0	0	0	0	0	0	0	0	0	0	0	0	0	0	0	0	0	0	
33760	Temporal_Pole_Mid_R	0	0	0	0	0	0	0	0	0	0	0	0	0	0	0	0	0	0	0	0	0	0	0	0	0	0	0	0	0	0	0	0	0	0	0	0	0	1358	0	3400	0	1864	0	0	0	0	0	0	0	0	0	0	0	0	0	4002	0	0	0	0	0	0	0	0	0	0	0	0	0	0	0	0	0	0	0	0	0	0	0	0	0	0	0	4318	0	690	0	0	0	1248	0	0	0	0	0	0	0	0	0	0	0	0	0	0	0	0	0	0	0	0	0	0	0	0	0	0	
364872	Temporal_Inf_L	1940	0	0	0	0	0	646	0	0	0	1846	0	348	0	0	0	4600	0	0	0	0	0	0	0	0	0	0	0	9338	0	0	0	0	0	200	0	10196	0	610	0	1674	0	2132	0	730	0	242	0	0	0	8302	0	5346	0	17168	0	2644	0	2680	0	6366	0	5140	0	3814	0	2714	0	646	0	0	0	290	0	0	0	0	0	12308	0	24024	0	2902	0	43640	0	2890	0	0	0	3262	0	920	0	0	0	318	0	1610	0	422	0	528	0	0	0	0	0	0	0	0	0	0	0	0	0	
246908	Temporal_Inf_R	0	464	0	196	0	0	0	0	0	0	0	1142	0	0	0	0	0	1676	0	0	0	0	0	0	0	0	0	0	0	3394	0	0	0	226	0	696	0	21508	0	3218	0	2318	0	1408	0	366	0	640	0	164	0	456	0	4956	0	24680	0	1362	0	1878	0	1442	0	3636	0	1558	0	3468	0	734	0	536	0	3868	0	0	0	1624	0	1214	0	4382	0	4396	0	17738	0	1248	0	0	0	4270	0	840	0	0	0	438	0	1314	0	0	0	0	0	0	0	0	0	0	0	0	0	0	0	0	
589720	Cerebelum_Crus1_L	0	0	0	0	0	0	0	0	0	0	0	0	0	0	0	0	0	0	0	0	0	0	0	0	0	0	0	0	150	0	0	0	0	0	0	0	556	0	0	0	0	0	0	0	0	0	13198	6542	0	0	0	0	942	0	28416	4414	0	0	0	0	0	0	0	0	0	0	0	0	0	0	0	0	0	0	0	0	0	0	298	0	278	0	0	0	0	0	0	0	3262	0	0	8878	38516	3246	2714	260	20652	7588	57002	12770	18404	170	26756	610	7830	446	1492	0	546	632	10412	12218	4358	496	808	0	
643500	Cerebelum_Crus1_R	0	218	0	166	0	0	0	0	0	0	0	0	0	0	0	0	0	0	0	0	0	0	0	0	0	0	0	0	0	198	0	0	0	0	0	420	0	3170	0	2124	0	0	0	332	0	0	6002	8432	0	0	0	0	0	576	4428	30638	0	0	0	0	0	0	0	0	0	0	0	680	0	0	0	0	0	176	0	0	0	348	0	0	0	0	0	0	0	146	0	0	0	4270	8878	0	1384	46556	1874	4912	10836	24018	17004	66336	690	7722	1618	19858	1074	3088	0	342	558	2388	13318	12506	10056	2210	2200	0	
388592	Cerebelum_Crus2_L	0	0	0	0	0	0	0	0	0	0	0	0	0	0	0	0	0	0	0	0	0	0	0	0	0	0	0	0	0	0	0	0	0	0	0	0	0	0	0	0	0	0	0	0	0	0	1488	492	0	0	0	0	0	0	3790	286	0	0	0	0	0	0	0	0	0	0	0	0	0	0	0	0	0	0	0	0	0	0	0	0	0	0	0	0	0	0	0	0	920	0	38516	1384	0	5242	722	0	2858	828	10194	1770	47250	2926	44004	3390	12416	904	714	0	182	182	1368	1928	6810	2558	1174	0	
420932	Cerebelum_Crus2_R	0	0	0	0	0	0	0	0	0	0	0	0	0	0	0	0	0	0	0	0	0	0	0	0	0	0	0	0	0	0	0	0	0	0	0	0	0	374	0	308	0	0	0	0	0	0	636	1592	0	0	0	0	0	0	466	5530	0	0	0	0	0	0	0	0	0	0	0	132	0	0	0	0	0	0	0	0	0	0	0	0	0	0	0	0	0	0	0	0	0	840	3246	46556	5242	0	312	1306	1302	5672	3920	19890	2610	29258	2744	40780	260	6560	0	544	138	412	1608	4586	15818	4374	3450	0	
103828	Cerebelum_3_L	0	0	0	0	0	0	0	0	0	0	0	0	0	0	0	0	0	0	0	0	0	0	0	0	0	0	0	0	0	0	0	0	0	0	0	0	0	0	270	0	0	0	0	0	0	0	1088	1156	0	0	0	0	0	0	414	942	0	0	0	0	0	0	0	0	0	0	0	0	0	0	0	0	0	0	0	0	0	0	0	0	0	0	0	0	0	0	0	0	0	0	2714	1874	722	312	0	660	11558	1942	7272	3926	666	0	1396	178	1656	334	0	0	2058	3438	4214	2732	136	0	256	0	
79200	Cerebelum_3_R	0	0	0	0	0	0	0	0	0	0	0	0	0	0	0	0	0	0	0	0	0	0	0	0	0	0	0	0	0	0	0	0	0	0	0	0	0	0	348	0	0	0	0	0	0	0	214	796	0	0	0	0	0	0	0	1018	0	0	0	0	0	0	0	0	0	0	0	0	0	0	0	0	0	0	0	0	0	0	0	0	0	0	0	0	0	0	0	0	0	0	260	4912	0	1306	660	0	1050	6572	1146	7080	0	0	154	538	676	1008	0	0	1242	5036	942	992	1094	1240	1316	0	
427336	Cerebelum_4_5_L	0	0	0	0	0	0	0	0	0	0	0	0	0	0	0	0	0	0	0	0	0	0	0	0	0	0	0	0	0	0	0	0	0	0	0	0	0	0	824	0	0	0	0	0	0	0	14098	4784	0	0	0	0	0	134	13964	5562	0	0	0	0	0	0	0	0	0	0	0	0	0	0	0	0	0	0	0	0	0	0	0	0	0	0	0	0	0	0	0	0	318	0	20652	10836	2858	1302	11558	1050	0	17140	38382	16464	2638	0	5162	680	4078	1222	638	0	1640	3210	24666	6438	250	158	1000	1962	
385420	Cerebelum_4_5_R	0	0	0	0	0	0	0	0	0	0	0	0	0	0	0	0	0	0	0	0	0	0	0	0	0	0	0	0	0	0	0	0	0	0	0	134	0	2220	0	2942	0	0	0	252	0	0	7360	8038	0	0	0	0	0	134	5528	15738	0	0	0	0	0	0	0	0	0	0	0	1024	0	0	0	0	0	510	0	0	0	0	0	0	0	0	0	0	0	0	0	0	0	438	7588	24018	828	5672	1942	6572	17140	0	14630	36860	774	0	1622	2176	756	450	0	0	246	2334	21282	1260	1054	534	472	182	
696128	Cerebelum_6_L	0	0	0	0	0	0	0	0	0	0	0	0	0	0	0	0	0	0	0	0	0	0	0	0	0	0	0	0	0	0	0	0	0	0	0	0	0	0	0	0	0	0	0	0	0	0	21076	11898	0	0	0	0	1296	276	34770	9508	0	0	0	0	0	0	0	0	0	0	0	0	0	0	0	0	0	0	0	0	0	0	0	0	0	0	0	0	0	0	0	0	1610	0	57002	17004	10194	3920	7272	1146	38382	14630	0	26902	7986	176	12688	1036	8208	2004	1250	0	1138	1686	20594	24984	4388	1696	2270	1074	
686960	Cerebelum_6_R	0	212	0	160	0	0	0	0	0	0	0	0	0	0	0	0	0	0	0	0	0	0	0	0	0	0	0	0	0	0	0	0	0	0	0	394	0	3210	0	2482	0	0	0	400	0	0	8390	13508	0	0	0	0	216	220	7638	35636	0	0	0	0	0	0	0	0	0	0	0	816	0	0	0	0	0	410	0	0	0	238	0	0	0	0	0	0	0	0	0	0	0	1314	12770	66336	1770	19890	3926	7080	16464	36860	26902	0	1090	958	2424	7690	2868	2046	132	156	1276	3620	19832	20266	9084	2266	2348	182	
324712	Cerebelum_7b_L	0	0	0	0	0	0	0	0	0	0	0	0	0	0	0	0	0	0	0	0	0	0	0	0	0	0	0	0	0	0	0	0	0	0	0	0	0	0	0	0	0	0	0	0	0	0	1150	448	0	0	0	0	0	0	2180	228	0	0	0	0	0	0	0	0	0	0	0	0	0	0	0	0	0	0	0	0	0	0	0	0	0	0	0	0	0	0	0	0	422	0	18404	690	47250	2610	666	0	2638	774	7986	1090	0	2578	44898	3824	12044	458	344	0	154	162	1302	1228	3566	4774	488	0	
174580	Cerebelum_7b_R	0	0	0	0	0	0	0	0	0	0	0	0	0	0	0	0	0	0	0	0	0	0	0	0	0	0	0	0	0	0	0	0	0	0	0	0	0	0	0	0	0	0	0	0	0	0	0	0	0	0	0	0	0	0	0	198	0	0	0	0	0	0	0	0	0	0	0	0	0	0	0	0	0	0	0	0	0	0	0	0	0	0	0	0	0	0	0	0	0	0	170	7722	2926	29258	0	0	0	0	176	958	2578	0	2306	30656	0	3400	0	0	0	0	0	238	3376	3194	134	0	
418568	Cerebelum_8_L	0	0	0	0	0	0	0	0	0	0	0	0	0	0	0	0	0	0	0	0	0	0	0	0	0	0	0	0	0	0	0	0	0	0	0	0	0	0	0	0	0	0	0	0	0	0	908	1442	0	0	0	0	0	0	3054	412	0	0	0	0	0	0	0	0	0	0	0	0	0	0	0	0	0	0	0	0	0	0	0	0	0	0	0	0	0	0	0	0	528	0	26756	1618	44004	2744	1396	154	5162	1622	12688	2424	44898	2306	0	6578	26004	1834	1924	0	348	394	2708	2836	4000	8260	2282	0	
325524	Cerebelum_8_R	0	0	0	0	0	0	0	0	0	0	0	0	0	0	0	0	0	0	0	0	0	0	0	0	0	0	0	0	0	0	0	0	0	0	0	0	0	174	0	162	0	0	0	0	0	0	0	630	0	0	0	0	0	0	0	2204	0	0	0	0	0	0	0	0	0	0	0	0	0	0	0	0	0	0	0	0	0	0	0	0	0	0	0	0	0	0	0	0	0	0	610	19858	3390	40780	178	538	680	2176	1036	7690	3824	30656	6578	0	426	18316	0	1486	0	326	718	1382	9208	7462	2274	0	
208244	Cerebelum_9_L	0	0	0	0	0	0	0	0	0	0	0	0	0	0	0	0	0	0	0	0	0	0	0	0	0	0	0	0	0	0	0	0	0	0	0	0	0	0	0	0	0	0	0	0	0	0	326	706	0	0	0	0	0	0	502	518	0	0	0	0	0	0	0	0	0	0	0	0	0	0	0	0	0	0	0	0	0	0	0	0	0	0	0	0	0	0	0	0	0	0	7830	1074	12416	260	1656	676	4078	756	8208	2868	12044	0	26004	426	0	3354	3000	0	574	946	2032	5208	1040	2278	3956	1386	
161660	Cerebelum_9_R	0	0	0	0	0	0	0	0	0	0	0	0	0	0	0	0	0	0	0	0	0	0	0	0	0	0	0	0	0	0	0	0	0	0	0	0	0	0	0	0	0	0	0	0	0	0	0	0	0	0	0	0	0	0	0	214	0	0	0	0	0	0	0	0	0	0	0	0	0	0	0	0	0	0	0	0	0	0	0	0	0	0	0	0	0	0	0	0	0	0	446	3088	904	6560	334	1008	1222	450	2004	2046	458	3400	1834	18316	3354	0	0	3054	488	850	1214	3598	6324	7362	9764	2538	
19848	Cerebelum_10_L	0	0	0	0	0	0	0	0	0	0	0	0	0	0	0	0	0	0	0	0	0	0	0	0	0	0	0	0	0	0	0	0	0	0	0	0	0	0	0	0	0	0	0	0	0	0	0	154	0	0	0	0	0	0	0	0	0	0	0	0	0	0	0	0	0	0	0	0	0	0	0	0	0	0	0	0	0	0	0	0	0	0	0	0	0	0	0	0	0	0	1492	0	714	0	0	0	638	0	1250	132	344	0	1924	0	3000	0	0	0	0	0	0	276	0	0	0	0	
13688	Cerebelum_10_R	0	0	0	0	0	0	0	0	0	0	0	0	0	0	0	0	0	0	0	0	0	0	0	0	0	0	0	0	0	0	0	0	0	0	0	0	0	0	0	0	0	0	0	0	0	0	0	0	0	0	0	0	0	0	0	0	0	0	0	0	0	0	0	0	0	0	0	0	0	0	0	0	0	0	0	0	0	0	0	0	0	0	0	0	0	0	0	0	0	0	0	342	0	544	0	0	0	0	0	156	0	0	0	1486	0	3054	0	0	0	0	0	0	408	438	416	0	
39748	Vermis_1_2	0	0	0	0	0	0	0	0	0	0	0	0	0	0	0	0	0	0	0	0	0	0	0	0	0	0	0	0	0	0	0	0	0	0	0	0	0	0	0	0	0	0	0	0	0	0	0	0	0	0	0	0	0	0	0	0	0	0	0	0	0	0	0	0	0	0	0	0	0	0	0	0	0	0	0	0	0	0	0	0	0	0	0	0	0	0	0	0	0	0	546	558	182	138	2058	1242	1640	246	1138	1276	154	0	348	0	574	488	0	0	0	5232	1542	880	470	538	624	0	
76056	Vermis_3	0	0	0	0	0	0	0	0	0	0	0	0	0	0	0	0	0	0	0	0	0	0	0	0	0	0	0	0	0	0	0	0	0	0	0	0	0	0	0	0	0	0	0	0	0	0	200	408	0	0	0	0	0	0	0	0	0	0	0	0	0	0	0	0	0	0	0	0	0	0	0	0	0	0	0	0	0	0	0	0	0	0	0	0	0	0	0	0	0	0	632	2388	182	412	3438	5036	3210	2334	1686	3620	162	0	394	326	946	850	0	0	5232	0	2286	1348	834	1006	1098	0	
345352	Vermis_4_5	0	0	0	0	0	0	0	0	0	0	0	0	0	0	0	0	0	0	0	0	0	0	0	0	0	0	0	0	0	0	0	0	0	244	212	1286	148	290	0	142	0	0	210	166	0	0	8604	5576	0	0	0	0	0	150	6936	6464	0	450	0	0	0	0	0	0	0	0	222	1702	0	200	0	0	0	0	0	0	0	0	0	0	0	0	0	0	0	0	0	0	0	0	10412	13318	1368	1608	4214	942	24666	21282	20594	19832	1302	0	2708	718	2032	1214	0	0	1542	2286	0	5972	212	242	1094	2116	
308464	Vermis_6	0	0	0	0	0	0	0	0	0	0	0	0	0	0	0	0	0	0	0	0	0	0	0	0	0	0	0	0	0	0	0	0	0	0	0	0	0	0	0	0	0	0	0	0	0	0	3996	11132	0	0	0	0	292	244	5342	7276	0	0	0	0	0	0	0	0	0	0	0	0	0	0	0	0	0	0	0	0	0	0	0	0	0	0	0	0	0	0	0	0	0	0	12218	12506	1928	4586	2732	992	6438	1260	24984	20266	1228	238	2836	1382	5208	3598	276	0	880	1348	5972	0	6228	2048	3624	3174	
212632	Vermis_7	0	0	0	0	0	0	0	0	0	0	0	0	0	0	0	0	0	0	0	0	0	0	0	0	0	0	0	0	0	0	0	0	0	0	0	0	0	0	0	0	0	0	0	0	0	0	494	1102	0	0	0	0	0	0	360	1146	0	0	0	0	0	0	0	0	0	0	0	0	0	0	0	0	0	0	0	0	0	0	0	0	0	0	0	0	0	0	0	0	0	0	4358	10056	6810	15818	136	1094	250	1054	4388	9084	3566	3376	4000	9208	1040	6324	0	408	470	834	212	6228	0	7900	6224	376	
140512	Vermis_8	0	0	0	0	0	0	0	0	0	0	0	0	0	0	0	0	0	0	0	0	0	0	0	0	0	0	0	0	0	0	0	0	0	0	0	0	0	0	0	0	0	0	0	0	0	0	0	0	0	0	0	0	0	0	0	0	0	0	0	0	0	0	0	0	0	0	0	0	0	0	0	0	0	0	0	0	0	0	0	0	0	0	0	0	0	0	0	0	0	0	496	2210	2558	4374	0	1240	158	534	1696	2266	4774	3194	8260	7462	2278	7362	0	438	538	1006	242	2048	7900	0	8178	1044	
