data	data	520588	284532	766200	877808	136632	97980	303752	206048	67760	13788	293912	288428	239248	145636	202800	102384	375568	260240	500880	773544	130432	136800	286616	409956	21948	52852	67752	66772	708240	531104	267452	467272	140940	522084	162964	207800	309300	339892	101136	210808	34360	70900	259668	284748	161524	235008	362708	388168	153596	217568	418376	203552	285824	143968	470920	451676	320616	259472	122248	72840	236124	105884	165800	192272	155648	124416	285604	368424	226776	202452	388212	524732	339088	334436	47484	43404	211160	151280	104208	47788	223864	139716	159424	76612	285708	221076	20012	40492	231720	256408	601144	538000	328656	328368	67436	89360	422612	359516	562912	515036	274684	130788	429360	340148	191700	165632	30072	9636	25032	105824	361320	214204	239092	173300	110760	54004	
data	data	Precentral_L	Precentral_R	Frontal_Sup_L	Frontal_Sup_R	Frontal_Sup_Orb_L	Frontal_Sup_Orb_R	Frontal_Mid_L	Frontal_Mid_R	Frontal_Mid_Orb_L	Frontal_Mid_Orb_R	Frontal_Inf_Oper_L	Frontal_Inf_Oper_R	Frontal_Inf_Tri_L	Frontal_Inf_Tri_R	Frontal_Inf_Orb_L	Frontal_Inf_Orb_R	Rolandic_Oper_L	Rolandic_Oper_R	Supp_Motor_Area_L	Supp_Motor_Area_R	Olfactory_L	Olfactory_R	Frontal_Sup_Medial_L	Frontal_Sup_Medial_R	Frontal_Med_Orb_L	Frontal_Med_Orb_R	Rectus_L	Rectus_R	Insula_L	Insula_R	Cingulum_Ant_L	Cingulum_Ant_R	Cingulum_Mid_L	Cingulum_Mid_R	Cingulum_Post_L	Cingulum_Post_R	Hippocampus_L	Hippocampus_R	ParaHippocampal_L	ParaHippocampal_R	Amygdala_L	Amygdala_R	Calcarine_L	Calcarine_R	Cuneus_L	Cuneus_R	Lingual_L	Lingual_R	Occipital_Sup_L	Occipital_Sup_R	Occipital_Mid_L	Occipital_Mid_R	Occipital_Inf_L	Occipital_Inf_R	Fusiform_L	Fusiform_R	Postcentral_L	Postcentral_R	Parietal_Sup_L	Parietal_Sup_R	Parietal_Inf_L	Parietal_Inf_R	SupraMarginal_L	SupraMarginal_R	Angular_L	Angular_R	Precuneus_L	Precuneus_R	Paracentral_Lobule_L	Paracentral_Lobule_R	Caudate_L	Caudate_R	Putamen_L	Putamen_R	Pallidum_L	Pallidum_R	Thalamus_L	Thalamus_R	Heschl_L	Heschl_R	Temporal_Sup_L	Temporal_Sup_R	Temporal_Pole_Sup_L	Temporal_Pole_Sup_R	Temporal_Mid_L	Temporal_Mid_R	Temporal_Pole_Mid_L	Temporal_Pole_Mid_R	Temporal_Inf_L	Temporal_Inf_R	Cerebelum_Crus1_L	Cerebelum_Crus1_R	Cerebelum_Crus2_L	Cerebelum_Crus2_R	Cerebelum_3_L	Cerebelum_3_R	Cerebelum_4_5_L	Cerebelum_4_5_R	Cerebelum_6_L	Cerebelum_6_R	Cerebelum_7b_L	Cerebelum_7b_R	Cerebelum_8_L	Cerebelum_8_R	Cerebelum_9_L	Cerebelum_9_R	Cerebelum_10_L	Cerebelum_10_R	Vermis_1_2	Vermis_3	Vermis_4_5	Vermis_6	Vermis_7	Vermis_8	Vermis_9	Vermis_10	
520588	Precentral_L	0	2404	29898	3218	0	0	17360	416	0	0	13904	146	3482	0	168	0	14840	216	9002	10458	0	0	76	144	0	0	0	0	18372	192	90	146	234	6916	4482	4640	9526	3124	300	1484	0	0	478	0	324	0	214	726	0	0	116	0	1622	0	2036	72	31552	0	126	0	5234	0	3138	0	72	0	606	494	23834	2522	3990	550	4180	258	380	0	15178	1326	3132	0	1606	0	216	0	436	0	0	0	638	0	0	0	0	0	0	0	0	0	0	0	0	0	0	0	0	0	0	0	0	0	0	0	0	0	0	0	
284532	Precentral_R	2404	0	952	19372	0	0	220	12314	0	0	88	7782	0	366	0	0	506	2440	1022	13728	0	0	0	0	0	0	0	0	568	3456	0	0	0	4960	338	1710	292	5210	78	312	0	0	0	1892	0	104	0	116	0	0	0	434	0	1156	0	788	198	15980	0	294	0	1074	0	4112	0	150	0	2136	1752	6244	2710	3092	546	2364	600	148	2662	9854	0	230	0	218	0	0	0	1628	0	0	0	3666	0	0	0	0	0	0	0	0	0	0	0	0	0	0	0	0	0	0	0	0	0	0	0	0	0	0	
766200	Frontal_Sup_L	29898	952	0	9164	2836	0	45180	2770	908	0	18230	922	17786	0	4532	0	14148	506	59556	15794	0	0	36632	1610	1058	0	0	0	25996	1010	11338	2222	3972	6736	416	814	5008	564	812	480	0	0	82	0	0	0	138	668	0	0	0	0	354	0	454	0	8436	78	0	0	1346	76	3034	106	0	0	150	352	856	0	4290	3124	17068	490	5116	228	9310	1436	1650	0	1412	0	494	0	372	0	0	0	130	0	0	0	0	0	0	0	0	0	0	0	0	0	0	0	0	0	0	0	0	0	0	0	0	0	0	0	
877808	Frontal_Sup_R	3218	19372	9164	0	0	1932	740	25720	0	356	3834	18600	1148	8296	492	2272	3172	20168	16290	63898	0	0	9034	43656	0	1058	0	0	6786	25402	4142	35234	1084	23206	96	930	1168	4444	114	464	0	148	0	102	0	0	0	74	0	0	0	0	0	0	212	398	528	3770	0	0	0	330	0	1262	0	0	0	428	1874	822	9584	27882	2242	11598	336	1104	3606	11272	0	694	950	650	2022	986	0	80	0	0	106	354	0	0	0	0	0	0	0	0	0	0	0	0	0	0	0	0	0	0	0	0	0	0	0	0	0	0	
136632	Frontal_Sup_Orb_L	0	0	2836	0	0	720	616	0	8688	0	0	0	1808	0	11376	698	0	0	0	0	4764	3170	1968	0	3182	0	5856	770	5158	200	2904	582	0	0	0	0	0	0	0	0	0	0	0	0	0	0	0	0	0	0	0	0	0	0	0	0	0	0	0	0	0	0	0	0	0	0	0	0	0	0	4414	2596	4744	718	0	0	0	0	0	0	0	0	548	0	0	0	0	0	0	0	0	0	0	0	0	0	0	0	0	0	0	0	0	0	0	0	0	0	0	0	0	0	0	0	0	0	
97980	Frontal_Sup_Orb_R	0	0	0	1932	720	0	0	426	120	840	0	450	0	964	558	3552	0	306	0	112	1274	2618	1096	2684	222	7198	816	8346	92	2264	474	958	0	136	0	0	0	0	0	0	0	186	0	0	0	0	0	0	0	0	0	0	0	0	0	0	0	0	0	0	0	0	0	0	0	0	0	0	0	0	1248	4834	536	4028	0	0	0	0	0	0	0	0	0	0	0	0	0	0	0	0	0	0	0	0	0	0	0	0	0	0	0	0	0	0	0	0	0	0	0	0	0	0	0	0	0	0	
303752	Frontal_Mid_L	17360	220	45180	740	616	0	0	64	1108	0	7194	0	23026	0	3364	0	3228	0	4516	746	0	0	10012	286	0	0	0	0	15338	0	4450	302	168	156	220	416	2356	244	146	82	0	0	0	0	0	0	0	90	0	0	0	0	0	0	0	0	1180	0	0	0	244	0	312	0	0	0	0	0	268	586	886	378	2376	0	246	0	2038	176	1048	0	424	0	86	0	0	0	0	0	0	0	0	0	0	0	0	0	0	0	0	0	0	0	0	0	0	0	0	0	0	0	0	0	0	0	0	0	
206048	Frontal_Mid_R	416	12314	2770	25720	0	426	64	0	0	882	624	7998	0	11326	74	876	1754	772	4854	5378	0	0	322	1904	0	0	0	0	1902	3196	218	892	64	1610	0	130	210	1208	0	250	0	0	0	0	0	0	0	0	0	0	0	0	0	0	0	156	0	2380	0	0	0	206	0	1136	0	0	0	0	76	0	2340	1356	316	2322	0	94	94	3650	0	0	150	86	266	0	0	76	0	0	0	166	0	0	0	0	0	0	0	0	0	0	0	0	0	0	0	0	0	0	0	0	0	0	0	0	0	0	
67760	Frontal_Mid_Orb_L	0	0	908	0	8688	120	1108	0	0	0	0	0	1982	0	9538	100	0	0	0	0	1314	802	0	0	0	0	1492	130	2438	0	836	428	0	0	0	0	0	0	0	0	0	0	0	0	0	0	0	0	0	0	0	0	0	0	0	0	0	0	0	0	0	0	0	0	0	0	0	0	0	0	1062	708	1726	358	0	0	0	0	0	0	0	0	142	0	0	0	0	0	0	0	0	0	0	0	0	0	0	0	0	0	0	0	0	0	0	0	0	0	0	0	0	0	0	0	0	0	
13788	Frontal_Mid_Orb_R	0	0	0	356	0	840	0	882	0	0	0	166	0	616	0	1928	0	138	0	184	0	0	0	0	0	0	0	110	0	580	0	70	0	232	0	0	0	0	0	0	0	0	0	0	0	0	0	0	0	0	0	0	0	0	0	0	0	0	0	0	0	0	0	0	0	0	0	0	0	0	0	118	0	674	0	0	0	0	0	0	0	0	0	0	0	0	0	0	0	0	0	0	0	0	0	0	0	0	0	0	0	0	0	0	0	0	0	0	0	0	0	0	0	0	0	0	
293912	Frontal_Inf_Oper_L	13904	88	18230	3834	0	0	7194	624	0	0	0	252	15560	0	1686	0	14534	254	13648	172	0	0	2504	3008	0	0	0	0	21738	370	1846	3306	64	110	0	0	900	0	0	0	0	0	0	0	0	0	0	0	0	0	0	0	0	0	138	0	3818	0	0	0	0	0	0	0	0	0	0	0	0	0	4014	3434	1976	0	0	0	98	130	960	0	2798	0	5678	0	0	0	0	0	86	0	0	0	0	0	0	0	0	0	0	0	0	0	0	0	0	0	0	0	0	0	0	0	0	0	0	0	
288428	Frontal_Inf_Oper_R	146	7782	922	18600	0	450	0	7998	0	166	252	0	86	17444	0	1414	352	13352	2410	14378	0	0	390	4326	0	0	0	0	582	21048	656	4520	0	5536	0	150	116	2152	0	480	0	0	0	0	0	0	0	0	0	0	0	0	0	0	0	150	0	2570	0	0	0	86	0	396	0	0	0	0	0	0	624	4220	98	5904	0	490	118	1516	0	320	0	220	90	1084	0	238	0	0	0	382	0	0	0	0	0	0	0	0	0	0	0	0	0	0	0	0	0	0	0	0	0	0	0	0	0	0	
239248	Frontal_Inf_Tri_L	3482	0	17786	1148	1808	0	23026	0	1982	0	15560	86	0	0	13056	0	1260	64	5790	68	0	0	3568	846	0	0	0	0	18812	100	5038	1162	160	76	0	0	0	0	0	0	0	0	0	0	0	0	0	0	0	0	0	0	0	0	0	0	600	0	0	0	0	0	0	0	0	0	0	0	0	0	1218	1064	856	0	0	0	0	0	68	0	180	0	760	0	0	0	0	0	0	0	0	0	0	0	0	0	0	0	0	0	0	0	0	0	0	0	0	0	0	0	0	0	0	0	0	0	
145636	Frontal_Inf_Tri_R	0	366	0	8296	0	964	0	11326	0	616	0	17444	0	0	0	5000	0	956	1074	4214	0	72	308	2576	0	0	0	78	0	9646	420	3618	0	3476	0	0	0	126	0	0	0	0	0	0	0	0	0	0	0	0	0	0	0	0	0	0	0	96	0	0	0	0	0	0	0	0	0	0	0	0	128	914	0	1104	0	0	0	0	0	0	0	0	0	0	0	0	0	0	0	0	0	0	0	0	0	0	0	0	0	0	0	0	0	0	0	0	0	0	0	0	0	0	0	0	0	0	
202800	Frontal_Inf_Orb_L	168	0	4532	492	11376	558	3364	74	9538	0	1686	0	13056	0	0	572	1956	0	312	0	4026	2202	772	394	0	0	2912	606	18680	244	2078	670	0	0	0	0	134	0	0	0	0	0	0	0	0	0	0	0	0	0	0	0	0	0	0	0	92	0	0	0	0	0	0	0	0	0	0	0	0	0	3756	2204	5470	384	0	0	0	0	86	0	2518	0	5702	0	704	0	0	0	82	0	0	0	0	0	0	0	0	0	0	0	0	0	0	0	0	0	0	0	0	0	0	0	0	0	0	0	
102384	Frontal_Inf_Orb_R	0	0	0	2272	698	3552	0	876	100	1928	0	1414	0	5000	572	0	0	608	0	970	1310	2576	166	668	0	68	784	2898	122	10056	456	854	0	1084	0	0	0	0	0	132	0	162	0	0	0	0	0	0	0	0	0	0	0	0	0	170	0	0	0	0	0	0	0	0	0	0	0	0	0	0	1310	2870	584	2426	0	0	0	0	0	0	0	1428	0	2806	0	136	0	136	0	0	0	0	0	0	0	0	0	0	0	0	0	0	0	0	0	0	0	0	0	0	0	0	0	0	0	0	
375568	Rolandic_Oper_L	14840	506	14148	3172	0	0	3228	1754	0	0	14534	352	1260	0	1956	0	0	1104	7938	534	0	0	376	1748	0	0	0	0	41982	966	132	1804	0	0	0	0	3814	114	182	0	0	0	0	0	0	0	0	100	0	0	512	0	2672	0	2904	0	9570	0	0	0	854	0	4088	0	0	0	0	0	244	0	7678	2840	5868	728	140	0	1600	928	6386	0	12946	0	6082	0	2530	0	0	0	2270	0	400	0	0	0	0	0	0	0	0	0	0	0	0	0	0	0	0	0	0	0	0	0	0	0	0	0	
260240	Rolandic_Oper_R	216	2440	506	20168	0	306	0	772	0	138	254	13352	64	956	0	608	1104	0	1376	17884	0	0	64	1566	0	0	0	0	1434	27760	292	1324	0	2472	0	68	248	3940	0	508	0	0	0	0	0	0	0	0	0	0	0	0	0	94	0	382	0	3072	0	0	0	0	0	1638	0	0	0	0	0	0	2190	3026	1006	6588	0	306	248	872	0	3974	0	3750	74	2192	0	276	0	0	0	612	0	0	0	0	0	0	0	0	0	0	0	0	0	0	0	0	0	0	0	0	0	0	0	0	0	0	
500880	Supp_Motor_Area_L	9002	1022	59556	16290	0	0	4516	4854	0	0	13648	2410	5790	1074	312	0	7938	1376	0	35428	0	0	5570	7826	0	0	0	0	10180	2086	5330	4596	8534	20490	1572	248	480	180	0	0	0	0	0	0	0	0	0	64	0	0	0	0	0	0	0	0	1830	0	0	0	0	0	0	0	0	0	252	0	4376	298	2190	2860	1960	798	846	238	1850	1150	604	0	498	0	318	0	0	0	0	0	0	0	0	0	0	0	0	0	0	0	0	0	0	0	0	0	0	0	0	0	0	0	0	0	0	0	0	0	
773544	Supp_Motor_Area_R	10458	13728	15794	63898	0	112	746	5378	0	184	172	14378	68	4214	0	970	534	17884	35428	0	0	0	1698	11990	0	0	0	0	916	15070	4214	16134	3758	61896	1102	5532	240	4100	0	506	0	134	0	894	0	104	0	128	0	66	0	362	0	1206	0	978	176	5196	0	0	0	390	0	1988	0	162	0	1826	10370	16102	2834	12728	746	8238	212	2140	2252	2154	0	760	0	676	82	758	0	660	0	0	0	1348	0	0	0	0	0	0	0	0	0	0	0	0	0	0	0	0	0	0	0	0	0	0	0	0	0	0	
130432	Olfactory_L	0	0	0	0	4764	1274	0	0	1314	0	0	0	0	0	4026	1310	0	0	0	0	0	7888	0	0	232	0	4236	1426	3866	956	4328	2260	0	0	0	0	0	0	274	0	752	212	0	0	0	0	0	0	0	0	0	0	0	0	0	0	0	0	0	0	0	0	0	0	0	0	0	0	0	0	10294	7632	4194	2840	142	468	0	0	0	0	0	0	528	0	0	0	0	0	0	0	0	0	0	0	0	0	0	0	0	0	0	0	0	0	0	0	0	0	0	0	0	0	0	0	0	0	
136800	Olfactory_R	0	0	0	0	3170	2618	0	0	802	0	0	0	0	72	2202	2576	0	0	0	0	7888	0	0	0	162	482	3390	3646	496	3554	3794	2158	0	0	0	0	0	140	0	928	106	1422	0	0	0	0	0	0	0	0	0	0	0	0	0	104	0	0	0	0	0	0	0	0	0	0	0	0	0	0	8844	10544	4518	3192	364	784	0	88	0	0	0	0	124	232	0	0	0	0	0	0	0	0	0	0	0	0	0	0	0	0	0	0	0	0	0	0	0	0	0	0	0	0	0	0	0	0	
286616	Frontal_Sup_Medial_L	76	0	36632	9034	1968	1096	10012	322	0	0	2504	390	3568	308	772	166	376	64	5570	1698	0	0	0	18172	1914	1314	198	0	5532	700	13934	9970	2286	9500	0	0	0	0	0	0	0	0	0	0	0	0	0	0	0	0	0	0	0	0	0	0	0	0	0	0	0	0	0	0	0	0	0	0	0	0	884	984	2610	350	0	0	0	0	0	0	134	0	270	0	0	0	0	0	0	0	0	0	0	0	0	0	0	0	0	0	0	0	0	0	0	0	0	0	0	0	0	0	0	0	0	0	
409956	Frontal_Sup_Medial_R	144	0	1610	43656	0	2684	286	1904	0	0	3008	4326	846	2576	394	668	1748	1566	7826	11990	0	0	18172	0	124	2876	0	0	4790	6702	2648	31760	634	15806	0	0	840	0	0	0	0	0	0	0	0	0	0	0	0	0	0	0	0	0	212	0	0	0	0	0	0	0	0	0	0	0	0	0	0	0	6034	19368	1688	5186	0	0	314	0	0	0	836	0	1652	0	0	0	0	0	104	0	0	0	0	0	0	0	0	0	0	0	0	0	0	0	0	0	0	0	0	0	0	0	0	0	0	0	
21948	Frontal_Med_Orb_L	0	0	1058	0	3182	222	0	0	0	0	0	0	0	0	0	0	0	0	0	0	232	162	1914	124	0	500	868	80	78	0	1688	250	0	0	0	0	0	0	0	0	0	0	0	0	0	0	0	0	0	0	0	0	0	0	0	0	0	0	0	0	0	0	0	0	0	0	0	0	0	0	210	234	104	68	0	0	0	0	0	0	0	0	0	0	0	0	0	0	0	0	0	0	0	0	0	0	0	0	0	0	0	0	0	0	0	0	0	0	0	0	0	0	0	0	0	0	
52852	Frontal_Med_Orb_R	0	0	0	1058	0	7198	0	0	0	0	0	0	0	0	0	68	0	0	0	0	0	482	1314	2876	500	0	0	4532	0	132	270	1744	0	0	0	0	0	0	0	0	0	0	0	0	0	0	0	0	0	0	0	0	0	0	0	0	0	0	0	0	0	0	0	0	0	0	0	0	0	0	0	3464	0	2788	0	0	0	0	0	0	0	0	0	0	0	0	0	0	0	0	0	0	0	0	0	0	0	0	0	0	0	0	0	0	0	0	0	0	0	0	0	0	0	0	0	0	
67752	Rectus_L	0	0	0	0	5856	816	0	0	1492	0	0	0	0	0	2912	784	0	0	0	0	4236	3390	198	0	868	0	0	884	664	176	2556	478	0	0	0	0	0	0	0	0	0	0	0	0	0	0	0	0	0	0	0	0	0	0	0	0	0	0	0	0	0	0	0	0	0	0	0	0	0	0	4344	2782	594	578	0	0	0	0	0	0	0	0	268	0	0	0	0	0	0	0	0	0	0	0	0	0	0	0	0	0	0	0	0	0	0	0	0	0	0	0	0	0	0	0	0	0	
66772	Rectus_R	0	0	0	0	770	8346	0	0	130	110	0	0	0	78	606	2898	0	0	0	0	1426	3646	0	0	80	4532	884	0	76	1126	554	1230	0	0	0	0	0	0	0	0	0	276	0	0	0	0	0	0	0	0	0	0	0	0	0	0	0	0	0	0	0	0	0	0	0	0	0	0	0	0	1340	3288	598	1392	0	0	0	0	0	0	0	0	0	0	0	0	0	0	0	0	0	0	0	0	0	0	0	0	0	0	0	0	0	0	0	0	0	0	0	0	0	0	0	0	0	0	
708240	Insula_L	18372	568	25996	6786	5158	92	15338	1902	2438	0	21738	582	18812	0	18680	122	41982	1434	10180	916	3866	496	5532	4790	78	0	664	76	0	1830	5154	5254	280	228	296	318	13490	272	650	140	2364	96	70	0	0	0	136	254	0	0	326	0	3234	0	6450	0	8236	0	0	0	948	0	4964	0	0	0	110	88	608	0	14446	6722	21414	1240	96	0	4378	982	9518	0	14138	0	9814	0	4324	0	0	0	4246	0	408	0	0	0	0	0	0	0	0	0	0	0	0	0	0	0	0	0	0	0	0	0	0	0	0	0	
531104	Insula_R	192	3456	1010	25402	200	2264	0	3196	0	580	370	21048	100	9646	244	10056	966	27760	2086	15070	956	3554	700	6702	0	132	176	1126	1830	0	1658	8854	98	4484	0	144	276	13142	120	3606	112	4006	0	178	0	0	0	0	0	0	0	200	0	2104	0	5190	0	1846	0	0	0	152	0	7230	0	0	0	100	0	142	2600	10448	834	23698	0	370	218	1446	0	4184	0	9404	132	3546	0	4610	0	178	0	11170	0	86	0	0	0	0	0	0	0	164	0	0	0	0	0	0	0	0	0	0	0	0	0	0	0	0	
267452	Cingulum_Ant_L	90	0	11338	4142	2904	474	4450	218	836	0	1846	656	5038	420	2078	456	132	292	5330	4214	4328	3794	13934	2648	1688	270	2556	554	5154	1658	0	13966	5446	5304	1274	80	0	0	0	0	0	0	0	0	0	0	0	0	0	0	0	0	0	0	0	0	0	0	0	0	0	0	0	0	0	0	508	0	64	0	8554	6466	6704	3078	0	712	0	0	0	0	0	0	72	0	0	0	0	0	0	0	0	0	0	0	0	0	0	0	0	0	0	0	0	0	0	0	0	0	0	0	0	0	0	0	0	0	
467272	Cingulum_Ant_R	146	0	2222	35234	582	958	302	892	428	70	3306	4520	1162	3618	670	854	1804	1324	4596	16134	2260	2158	9970	31760	250	1744	478	1230	5254	8854	13966	0	2136	24044	100	0	842	0	0	0	0	0	0	0	0	0	0	0	0	0	0	0	0	0	212	0	0	0	0	0	0	0	0	0	0	0	0	0	0	0	8912	25962	3170	8156	0	392	310	0	0	0	848	0	1702	0	0	0	0	0	104	0	0	0	0	0	0	0	0	0	0	0	0	0	0	0	0	0	0	0	0	0	0	0	0	0	0	0	
140940	Cingulum_Mid_L	234	0	3972	1084	0	0	168	64	0	0	64	0	160	0	0	0	0	0	8534	3758	0	0	2286	634	0	0	0	0	280	98	5446	2136	0	10324	7520	1378	0	0	0	0	0	0	1006	0	1026	362	106	0	1272	268	2574	190	676	0	124	0	676	0	248	0	308	0	134	0	184	0	6846	1238	3036	386	0	0	0	0	0	0	0	0	0	0	0	0	0	0	1360	0	0	0	310	0	0	0	0	0	0	0	0	0	0	0	0	0	0	0	0	0	0	0	0	0	0	0	0	0	0	0	
522084	Cingulum_Mid_R	6916	4960	6736	23206	0	136	156	1610	0	232	110	5536	76	3476	0	1084	0	2472	20490	61896	0	0	9500	15806	0	0	0	0	228	4484	5304	24044	10324	0	2656	9346	0	446	0	68	0	0	0	1462	0	1376	0	328	0	450	0	442	0	556	0	232	72	1250	0	0	0	0	0	256	0	136	982	7626	6962	11250	960	1410	104	1856	70	218	450	234	0	0	0	0	0	130	0	438	0	0	0	494	0	0	0	0	0	0	0	0	0	0	0	0	0	0	0	0	0	0	0	0	0	0	0	0	0	0	
162964	Cingulum_Post_L	4482	338	416	96	0	0	220	0	0	0	0	0	0	0	0	0	0	0	1572	1102	0	0	0	0	0	0	0	0	296	0	1274	100	7520	2656	0	11224	7086	2764	2228	1744	0	0	3674	202	544	186	1558	212	166	0	530	0	672	0	862	0	472	0	90	0	0	0	0	0	0	0	9890	2788	9688	840	254	0	286	0	0	0	2388	0	582	0	0	0	0	0	0	0	0	0	296	0	66	0	0	0	0	0	0	0	0	0	0	0	0	0	0	0	0	0	0	0	118	0	0	0	0	0	
207800	Cingulum_Post_R	4640	1710	814	930	0	0	416	130	0	0	0	150	0	0	0	0	0	68	248	5532	0	0	0	0	0	0	0	0	318	144	80	0	1378	9346	11224	0	6496	7696	934	4032	0	0	0	2930	190	584	0	1968	108	0	0	0	0	1768	222	1270	164	1198	0	0	0	0	0	100	0	68	1840	14962	3386	5704	422	0	454	0	0	0	5256	1672	584	0	0	0	0	0	0	90	0	0	244	1456	0	0	0	0	0	0	0	200	0	0	0	0	0	0	0	0	0	0	0	0	774	0	0	0	0	0	
309300	Hippocampus_L	9526	292	5008	1168	0	0	2356	210	0	0	900	116	0	0	134	0	3814	248	480	240	0	0	0	840	0	0	0	0	13490	276	0	842	0	0	7086	6496	0	4100	13934	2814	7300	0	1484	0	0	0	4248	1034	0	0	0	0	1472	0	14034	98	1636	0	0	0	0	0	182	0	0	0	3434	1476	3082	94	1418	960	12402	144	778	0	7474	720	3782	0	1184	0	1180	0	566	102	0	0	8514	66	460	0	0	0	0	0	398	0	314	0	0	0	0	0	0	0	0	0	0	114	130	0	0	0	0	0	
339892	Hippocampus_R	3124	5210	564	4444	0	0	244	1208	0	0	0	2152	0	126	0	0	114	3940	180	4100	0	140	0	0	0	0	0	0	272	13142	0	0	0	446	2764	7696	4100	0	678	28074	0	9458	0	330	0	0	68	3380	0	0	0	90	0	862	90	17676	112	1030	0	0	0	132	0	3170	0	86	88	4520	1794	694	288	74	454	11846	0	1280	4110	4992	198	928	0	3344	0	550	0	2338	0	88	172	9540	0	276	0	0	0	96	0	1416	0	1048	0	0	0	0	0	0	0	0	0	0	610	0	0	0	0	0	
101136	ParaHippocampal_L	300	78	812	114	0	0	146	0	0	0	0	0	0	0	0	0	182	0	0	0	274	0	0	0	0	0	0	0	650	120	0	0	0	0	2228	934	13934	678	0	540	1682	0	1268	0	0	0	5430	594	0	0	134	0	342	0	6386	0	114	0	0	0	0	0	0	0	0	0	3218	340	0	0	142	0	2424	116	310	0	1044	660	0	0	0	0	636	0	0	86	356	0	948	0	426	0	0	0	276	0	1332	0	1132	0	0	0	0	0	0	0	0	0	0	112	70	0	0	0	0	0	
210808	ParaHippocampal_R	1484	312	480	464	0	0	82	250	0	0	0	480	0	0	0	132	0	508	0	506	0	928	0	0	0	0	0	0	140	3606	0	0	0	68	1744	4032	2814	28074	540	0	0	6764	0	160	0	0	0	4926	0	0	0	0	0	88	94	16492	64	88	0	0	0	0	0	0	0	0	84	4102	758	0	0	254	406	4060	0	780	2140	2166	138	70	0	1346	0	1944	0	480	0	1596	164	2154	0	1028	0	172	0	130	0	3326	0	1894	0	0	0	148	0	0	0	0	0	0	638	0	106	0	0	0	
34360	Amygdala_L	0	0	0	0	0	0	0	0	0	0	0	0	0	0	0	0	0	0	0	0	752	106	0	0	0	0	0	0	2364	112	0	0	0	0	0	0	7300	0	1682	0	0	0	0	0	0	0	0	0	0	0	0	0	0	0	3046	0	0	0	0	0	0	0	0	0	0	0	0	0	0	0	142	0	634	0	0	0	0	0	0	0	80	0	406	0	68	0	0	0	488	0	0	0	0	0	0	0	0	0	0	0	0	0	0	0	0	0	0	0	0	0	0	0	0	0	0	0	
70900	Amygdala_R	0	0	0	148	0	186	0	0	0	0	0	0	0	0	0	162	0	0	0	134	212	1422	0	0	0	0	0	276	96	4006	0	0	0	0	0	0	0	9458	0	6764	0	0	0	0	0	0	0	0	0	0	0	0	0	0	0	5578	0	0	0	0	0	0	0	0	0	0	0	0	0	0	122	956	0	2024	0	0	0	228	0	0	0	112	0	1534	0	180	0	692	0	1160	0	0	0	0	0	0	0	0	0	0	0	0	0	0	0	0	0	0	0	0	0	0	0	0	0	0	
259668	Calcarine_L	478	0	82	0	0	0	0	0	0	0	0	0	0	0	0	0	0	0	0	0	0	0	0	0	0	0	0	0	70	0	0	0	1006	0	3674	0	1484	0	1268	0	0	0	0	4448	13908	3822	16274	1046	8764	1962	23058	384	10322	0	3994	0	2438	0	1076	446	936	0	276	0	1428	370	22076	1184	1710	0	0	0	0	0	0	0	0	0	0	0	0	0	0	0	1284	0	0	0	290	0	180	0	0	0	0	0	0	0	96	0	0	0	0	0	0	0	0	0	0	0	0	0	0	0	0	0	
284748	Calcarine_R	0	1892	0	102	0	0	0	0	0	0	0	0	0	0	0	0	0	0	0	894	0	0	0	0	0	0	0	0	0	178	0	0	0	1462	202	2930	0	330	0	160	0	0	4448	0	1876	20766	798	15152	0	19018	0	13914	0	12502	0	5282	0	4730	0	1424	0	126	0	628	0	1656	372	24038	0	4786	0	0	0	0	0	0	0	0	0	0	0	0	0	0	0	488	0	0	0	1132	0	80	0	0	0	0	0	408	86	78	0	0	0	0	0	0	0	0	0	0	224	212	0	0	0	0	
161524	Cuneus_L	324	0	0	0	0	0	0	0	0	0	0	0	0	0	0	0	0	0	0	0	0	0	0	0	0	0	0	0	0	0	0	0	1026	0	544	190	0	0	0	0	0	0	13908	1876	0	5394	862	68	20682	996	8110	164	1498	0	646	0	1378	0	2758	438	1124	0	230	0	626	80	12862	3746	1084	0	0	0	0	0	0	0	0	0	0	0	0	0	0	0	148	0	0	0	0	0	0	0	0	0	0	0	0	0	0	0	0	0	0	0	0	0	0	0	0	0	0	0	0	0	0	0	
235008	Cuneus_R	0	104	0	0	0	0	0	0	0	0	0	0	0	0	0	0	0	0	0	104	0	0	0	0	0	0	0	0	0	0	0	0	362	1376	186	584	0	0	0	0	0	0	3822	20766	5394	0	326	3352	216	29768	0	11736	0	1106	0	610	0	1536	0	4974	0	136	0	106	0	1722	2676	23196	0	3188	0	0	0	0	0	0	0	0	0	0	0	0	0	0	0	158	0	0	0	0	0	0	0	0	0	0	0	0	0	0	0	0	0	0	0	0	0	0	0	0	0	0	0	0	0	0	
362708	Lingual_L	214	0	138	0	0	0	0	0	0	0	0	0	0	0	0	0	0	0	0	0	0	0	0	0	0	0	0	0	136	0	0	0	106	0	1558	0	4248	68	5430	0	0	0	16274	798	862	326	0	5724	886	326	18214	264	15312	0	23608	1904	514	0	218	0	64	0	0	0	132	0	9176	0	634	0	0	0	150	0	0	0	842	0	0	0	0	0	0	0	132	0	0	0	692	0	9526	2972	438	316	702	66	16038	3296	17386	4280	96	0	204	254	82	190	0	0	0	154	8488	6624	546	168	174	404	
388168	Lingual_R	726	116	668	74	0	0	90	0	0	0	0	0	0	0	0	0	100	0	64	128	0	0	0	0	0	0	0	0	254	0	0	0	0	328	212	1968	1034	3380	594	4926	0	0	1046	15152	68	3352	5724	0	0	6738	0	6480	136	8432	2110	25518	106	386	0	0	0	0	0	0	0	0	86	7132	304	428	64	0	642	0	0	0	1086	438	0	0	0	0	0	0	0	110	0	0	64	768	4708	10924	1114	1464	896	1178	7854	13070	10218	13944	200	0	664	536	800	94	66	0	0	306	12540	10812	1420	178	66	0	
153596	Occipital_Sup_L	0	0	0	0	0	0	0	0	0	0	0	0	0	0	0	0	0	0	0	0	0	0	0	0	0	0	0	0	0	0	0	0	1272	0	166	108	0	0	0	0	0	0	8764	0	20682	216	886	0	0	0	21768	0	378	0	0	0	404	0	7290	0	2222	0	0	0	344	0	10372	1066	138	0	0	0	0	0	0	0	0	0	0	0	0	0	0	0	722	0	0	0	0	0	0	0	0	0	0	0	0	0	0	0	0	0	0	0	0	0	0	0	0	0	0	0	0	0	0	0	
217568	Occipital_Sup_R	0	0	0	0	0	0	0	0	0	0	0	0	0	0	0	0	0	0	0	66	0	0	0	0	0	0	0	0	0	0	0	0	268	450	0	0	0	0	0	0	0	0	1962	19018	996	29768	326	6738	0	0	0	20840	0	1566	0	2082	0	1282	0	4218	0	402	0	130	0	3950	508	11328	0	2316	0	0	0	0	0	0	0	0	0	0	0	0	0	0	0	398	0	0	0	66	0	0	0	0	0	0	0	106	0	0	0	0	0	0	0	0	0	0	0	0	0	0	0	0	0	0	
418376	Occipital_Mid_L	116	0	0	0	0	0	0	0	0	0	0	0	0	0	0	0	512	0	0	0	0	0	0	0	0	0	0	0	326	0	0	0	2574	0	530	0	0	0	134	0	0	0	23058	0	8110	0	18214	0	21768	0	0	0	31748	0	8008	0	6670	0	10800	0	13106	0	1730	0	20812	0	12238	302	3276	0	0	0	0	0	0	0	0	0	182	0	246	0	0	0	19524	0	0	0	2664	0	698	0	0	0	0	0	312	0	970	0	0	0	0	0	0	0	0	0	0	0	162	398	0	0	0	0	
203552	Occipital_Mid_R	0	434	0	0	0	0	0	0	0	0	0	0	0	0	0	0	0	0	0	362	0	0	0	0	0	0	0	0	0	200	0	0	190	442	0	0	0	90	0	0	0	0	384	13914	164	11736	264	6480	0	20840	0	0	0	4516	0	2974	0	1808	0	1710	0	5038	0	1822	0	12436	252	4616	0	1712	0	0	0	0	0	0	0	0	0	0	0	420	0	0	0	7586	0	0	0	1194	0	64	0	0	0	0	0	128	0	0	0	0	0	0	0	0	0	0	0	0	0	0	0	0	0	0	
285824	Occipital_Inf_L	1622	0	354	0	0	0	0	0	0	0	0	0	0	0	0	0	2672	0	0	0	0	0	0	0	0	0	0	0	3234	0	0	0	676	0	672	0	1472	0	342	0	0	0	10322	0	1498	0	15312	136	378	0	31748	0	0	0	27882	0	3874	0	296	0	1672	0	1836	0	1660	0	6480	0	3048	0	0	0	0	0	0	0	98	0	2548	0	1218	0	0	0	8342	0	0	0	7794	0	2482	0	0	0	0	0	360	0	1950	0	0	0	0	0	0	0	0	0	0	0	134	800	0	0	0	0	
143968	Occipital_Inf_R	0	1156	0	0	0	0	0	0	0	0	0	0	0	0	0	0	0	94	0	1206	0	0	0	0	0	0	0	0	0	2104	0	0	0	556	0	1768	0	862	0	88	0	0	0	12502	0	1106	0	8432	0	1566	0	4516	0	0	0	13596	0	458	0	0	0	102	0	2430	0	230	0	6748	0	1424	0	0	0	0	0	0	0	0	0	0	0	0	0	0	0	1160	0	0	0	8112	0	542	0	0	0	0	0	448	140	268	0	0	0	0	0	0	0	0	0	0	158	212	0	0	0	0	
470920	Fusiform_L	2036	0	454	212	0	0	0	0	0	0	138	0	0	0	0	0	2904	0	0	0	0	0	0	212	0	0	0	0	6450	0	0	212	124	0	862	222	14034	90	6386	94	3046	0	3994	0	646	0	23608	2110	0	0	8008	0	27882	0	0	884	3198	0	320	0	1614	0	1612	0	658	0	4534	74	2072	0	238	212	1216	0	0	0	484	0	2982	0	1962	0	3890	0	4350	0	1272	0	16568	0	25136	562	1726	0	446	0	14638	1044	30816	800	418	0	1014	80	326	0	0	0	0	152	2882	3464	92	0	0	0	
451676	Fusiform_R	72	788	0	398	0	0	0	156	0	0	0	150	0	0	0	170	0	382	0	978	0	104	0	0	0	0	0	0	0	5190	0	0	0	232	0	1270	98	17676	0	16492	0	5578	0	5282	0	610	1904	25518	0	2082	0	2974	0	13596	884	0	0	162	0	0	0	0	0	1430	0	0	0	3570	0	532	0	0	0	2318	0	128	64	506	0	154	0	2854	0	5632	0	3472	0	3486	0	17928	2292	15320	454	1120	680	942	5130	14466	5628	19198	138	136	424	520	718	0	0	0	0	266	7996	4676	804	110	0	0	
320616	Postcentral_L	31552	198	8436	528	0	0	1180	0	0	0	3818	0	600	0	92	0	9570	0	1830	176	0	0	0	0	0	0	0	0	8236	0	0	0	676	72	472	164	1636	112	114	64	0	0	2438	0	1378	0	514	106	404	0	6670	0	3874	0	3198	0	0	0	9414	0	22496	0	9840	0	5128	0	5042	0	5452	0	614	90	1650	0	112	0	2074	80	2734	0	2816	0	124	0	3076	0	0	0	1374	0	84	0	0	0	0	0	0	0	0	0	0	0	0	0	0	0	0	0	0	0	0	0	0	0	0	0	
259472	Postcentral_R	0	15980	78	3770	0	0	0	2380	0	0	0	2570	0	96	0	0	0	3072	0	5196	0	0	0	0	0	0	0	0	0	1846	0	0	0	1250	0	1198	0	1030	0	88	0	0	0	4730	0	1536	0	386	0	1282	0	1808	0	458	0	162	0	0	0	5186	0	8274	0	14716	0	2118	0	13796	0	11938	72	148	0	1174	0	246	0	460	0	606	0	2636	0	0	0	10892	0	0	0	8558	0	0	0	0	0	0	0	0	0	0	0	0	0	0	0	0	0	0	0	0	0	0	0	0	0	0	
122248	Parietal_Sup_L	126	0	0	0	0	0	0	0	0	0	0	0	0	0	0	0	0	0	0	0	0	0	0	0	0	0	0	0	0	0	0	0	248	0	90	0	0	0	0	0	0	0	1076	0	2758	0	218	0	7290	0	10800	0	296	0	320	0	9414	0	0	0	11028	0	484	0	4840	0	11134	614	0	0	0	0	0	0	0	0	0	0	0	0	0	0	0	0	388	0	0	0	0	0	0	0	0	0	0	0	0	0	0	0	0	0	0	0	0	0	0	0	0	0	0	0	0	0	0	0	
72840	Parietal_Sup_R	0	294	0	0	0	0	0	0	0	0	0	0	0	0	0	0	0	0	0	0	0	0	0	0	0	0	0	0	0	0	0	0	0	0	0	0	0	0	0	0	0	0	446	1424	438	4974	0	0	0	4218	0	1710	0	0	0	0	0	5186	0	0	0	4796	0	2042	0	3324	364	5964	0	664	0	0	0	0	0	0	0	0	0	0	0	0	0	0	0	228	0	0	0	348	0	0	0	0	0	0	0	0	0	0	0	0	0	0	0	0	0	0	0	0	0	0	0	0	0	0	
236124	Parietal_Inf_L	5234	0	1346	0	0	0	244	0	0	0	0	0	0	0	0	0	854	0	0	0	0	0	0	0	0	0	0	0	948	0	0	0	308	0	0	0	0	0	0	0	0	0	936	0	1124	0	64	0	2222	0	13106	0	1672	0	1614	0	22496	0	11028	0	0	0	19910	0	22370	0	2112	0	380	0	0	0	0	0	0	0	0	0	300	0	1842	0	0	0	5698	0	0	0	2254	0	0	0	0	0	0	0	0	0	0	0	0	0	0	0	0	0	0	0	0	0	0	0	0	0	0	0	
105884	Parietal_Inf_R	0	1074	76	330	0	0	0	206	0	0	0	86	0	0	0	0	0	0	0	390	0	0	0	0	0	0	0	0	0	152	0	0	0	0	0	0	0	132	0	0	0	0	0	126	0	136	0	0	0	402	0	5038	0	102	0	0	0	8274	0	4796	0	0	0	13968	0	12244	0	482	0	312	0	0	0	126	0	78	0	130	0	70	0	380	0	0	0	3266	0	0	0	566	0	0	0	0	0	0	0	0	0	0	0	0	0	0	0	0	0	0	0	0	0	0	0	0	0	0	
165800	SupraMarginal_L	3138	0	3034	0	0	0	312	0	0	0	0	0	0	0	0	0	4088	0	0	0	0	0	0	0	0	0	0	0	4964	0	0	0	134	0	0	0	182	0	0	0	0	0	276	0	230	0	0	0	0	0	1730	0	1836	0	1612	0	9840	0	484	0	19910	0	0	0	8838	0	234	0	636	0	0	0	0	0	0	0	0	0	888	0	8862	0	0	0	8292	0	0	0	3380	0	0	0	0	0	0	0	0	0	0	0	0	0	0	0	0	0	0	0	0	0	0	0	0	0	0	0	
192272	SupraMarginal_R	0	4112	106	1262	0	0	0	1136	0	0	0	396	0	0	0	0	0	1638	0	1988	0	0	0	0	0	0	0	0	0	7230	0	0	0	256	0	100	0	3170	0	0	0	0	0	628	0	106	0	0	0	130	0	1822	0	2430	0	1430	0	14716	0	2042	0	13968	0	0	0	9596	0	764	0	1018	0	0	0	230	0	86	0	346	0	1904	0	3168	0	0	0	10456	0	0	0	9808	0	94	0	0	0	0	0	0	0	0	0	0	0	0	0	0	0	0	0	0	0	0	0	0	0	0	
155648	Angular_L	72	0	0	0	0	0	0	0	0	0	0	0	0	0	0	0	0	0	0	0	0	0	0	0	0	0	0	0	0	0	0	0	184	0	0	0	0	0	0	0	0	0	1428	0	626	0	132	0	344	0	20812	0	1660	0	658	0	5128	0	4840	0	22370	0	8838	0	0	0	816	0	122	0	0	0	0	0	0	0	0	0	74	0	614	0	0	0	8524	0	0	0	582	0	0	0	0	0	0	0	0	0	0	0	0	0	0	0	0	0	0	0	0	0	0	0	0	0	0	0	
124416	Angular_R	0	150	0	0	0	0	0	0	0	0	0	0	0	0	0	0	0	0	0	162	0	0	0	0	0	0	0	0	0	0	0	0	0	136	0	68	0	86	0	0	0	0	370	1656	80	1722	0	0	0	3950	0	12436	0	230	0	0	0	2118	0	3324	0	12244	0	9596	0	0	0	1534	0	878	0	0	0	0	0	0	0	0	0	0	0	2192	0	0	0	8704	0	0	0	572	0	0	0	0	0	0	0	0	0	0	0	0	0	0	0	0	0	0	0	0	0	0	0	0	0	0	
285604	Precuneus_L	606	0	150	0	0	0	0	0	0	0	0	0	0	0	0	0	0	0	252	0	0	0	0	0	0	0	0	0	110	0	508	0	6846	982	9890	1840	3434	88	3218	84	0	0	22076	372	12862	2676	9176	86	10372	508	12238	252	6480	0	4534	0	5042	0	11134	364	2112	0	234	0	816	0	0	7282	3896	208	0	0	90	0	0	0	0	0	120	0	0	0	0	0	1182	0	0	0	476	0	206	0	0	0	0	0	0	0	0	0	0	0	0	0	0	0	0	0	0	0	0	0	0	0	0	0	
368424	Precuneus_R	494	2136	352	428	0	0	0	0	0	0	0	0	0	0	0	0	0	0	0	1826	0	0	0	0	0	0	0	0	88	100	0	0	1238	7626	2788	14962	1476	4520	340	4102	0	0	1184	24038	3746	23196	0	7132	1066	11328	302	4616	0	6748	74	3570	0	13796	614	5964	0	482	0	764	0	1534	7282	0	312	16824	0	0	258	0	0	0	820	168	126	0	0	0	0	0	0	1390	0	0	104	2374	0	80	0	0	0	0	0	1006	0	0	0	0	0	0	0	0	0	0	0	0	838	0	0	0	0	0	
226776	Paracentral_Lobule_L	23834	1752	856	1874	0	0	268	76	0	0	0	0	0	0	0	0	244	0	4376	10370	0	0	0	0	0	0	0	0	608	0	64	0	3036	6962	9688	3386	3082	1794	0	758	0	0	1710	0	1084	0	634	304	138	0	3276	0	3048	0	2072	0	5452	0	0	0	380	0	636	0	122	0	3896	312	0	3900	896	90	264	0	0	0	7784	596	354	0	484	0	0	0	1706	0	0	0	1140	0	82	0	0	0	0	0	0	0	0	0	0	0	0	0	0	0	0	0	0	0	0	0	0	0	0	0	
202452	Paracentral_Lobule_R	2522	6244	0	822	0	0	586	0	0	0	0	0	0	0	0	0	0	0	298	16102	0	0	0	0	0	0	0	0	0	142	0	0	386	11250	840	5704	94	694	0	0	0	0	0	4786	0	3188	0	428	0	2316	0	1712	0	1424	0	532	0	11938	0	664	0	312	0	1018	0	878	208	16824	3900	0	820	0	0	0	0	0	956	164	0	0	0	70	0	0	0	1744	0	0	0	1660	0	0	0	0	0	0	0	0	0	0	0	0	0	0	0	0	0	0	0	0	0	0	0	0	0	0	
388212	Caudate_L	3990	2710	4290	9584	4414	1248	886	2340	1062	0	4014	624	1218	128	3756	1310	7678	2190	2190	2834	10294	8844	884	6034	210	0	4344	1340	14446	2600	8554	8912	0	960	254	422	1418	288	142	0	142	122	0	0	0	0	0	64	0	0	0	0	0	0	238	0	614	72	0	0	0	0	0	0	0	0	0	0	896	820	0	22480	18734	4940	3146	1732	8720	2134	0	0	828	0	1718	0	134	0	0	0	160	0	0	0	0	0	0	0	0	0	0	0	0	0	0	0	0	0	0	0	0	0	0	0	0	0	0	0	
524732	Caudate_R	550	3092	3124	27882	2596	4834	378	1356	708	118	3434	4220	1064	914	2204	2870	2840	3026	2860	12728	7632	10544	984	19368	234	3464	2782	3288	6722	10448	6466	25962	0	1410	0	0	960	74	0	254	0	956	0	0	0	0	0	0	0	0	0	0	0	0	212	0	90	148	0	0	0	0	0	0	0	0	0	0	90	0	22480	0	9520	23734	1112	4234	1176	14298	0	0	882	0	1854	82	0	0	0	0	108	0	0	0	0	0	0	0	0	0	0	0	0	0	0	0	0	0	0	0	0	0	0	0	0	0	0	0	
339088	Putamen_L	4180	546	17068	2242	4744	536	2376	316	1726	0	1976	98	856	0	5470	584	5868	1006	1960	746	4194	4518	2610	1688	104	0	594	598	21414	834	6704	3170	0	104	286	454	12402	454	2424	406	634	0	0	0	0	0	150	642	0	0	0	0	0	0	1216	0	1650	0	0	0	0	0	0	0	0	0	90	258	264	0	18734	9520	0	2516	7924	1282	5898	384	382	0	874	0	1106	0	0	0	0	0	764	0	0	0	0	0	0	0	0	0	0	0	0	0	0	0	0	0	0	0	0	0	0	0	0	0	0	0	
334436	Putamen_R	258	2364	490	11598	718	4028	0	2322	358	674	0	5904	0	1104	384	2426	728	6588	798	8238	2840	3192	350	5186	68	2788	578	1392	1240	23698	3078	8156	0	1856	0	0	144	11846	116	4060	0	2024	0	0	0	0	0	0	0	0	0	0	0	0	0	2318	0	1174	0	0	0	126	0	230	0	0	0	0	0	0	4940	23734	2516	0	64	3872	500	2430	0	236	0	584	0	132	0	1254	0	0	0	1516	0	0	0	0	0	0	0	0	0	0	0	0	0	0	0	0	0	0	0	0	0	0	0	0	0	0	
47484	Pallidum_L	380	600	5116	336	0	0	246	0	0	0	0	0	0	0	0	0	140	0	846	212	142	364	0	0	0	0	0	0	96	0	0	0	0	70	0	0	778	0	310	0	0	0	0	0	0	0	0	0	0	0	0	0	0	0	0	0	112	0	0	0	0	0	0	0	0	0	0	0	0	0	3146	1112	7924	64	0	88	1464	196	0	0	0	0	0	0	0	0	0	0	0	0	0	0	0	0	0	0	0	0	0	0	0	0	0	0	0	0	0	0	0	0	0	0	0	0	0	0	
43404	Pallidum_R	0	148	228	1104	0	0	0	94	0	0	0	490	0	0	0	0	0	306	238	2140	468	784	0	0	0	0	0	0	0	370	712	392	0	218	0	0	0	1280	0	780	0	0	0	0	0	0	0	0	0	0	0	0	0	0	0	128	0	246	0	0	0	78	0	86	0	0	0	0	0	0	1732	4234	1282	3872	88	0	0	204	0	0	0	0	0	0	0	0	0	0	0	0	0	0	0	0	0	0	0	0	0	0	0	0	0	0	0	0	0	0	0	0	0	0	0	0	0	0	
211160	Thalamus_L	15178	2662	9310	3606	0	0	2038	94	0	0	98	118	0	0	0	0	1600	248	1850	2252	0	0	0	314	0	0	0	0	4378	218	0	310	0	450	2388	5256	7474	4110	1044	2140	0	0	0	0	0	0	842	1086	0	0	0	0	98	0	484	64	2074	0	0	0	0	0	0	0	0	0	0	820	7784	956	8720	1176	5898	500	1464	0	0	3794	492	0	630	0	0	0	542	0	0	0	1020	0	0	0	0	0	0	0	0	0	0	0	0	0	0	0	0	0	0	0	0	0	0	0	0	0	0	0	
151280	Thalamus_R	1326	9854	1436	11272	0	0	176	3650	0	0	130	1516	0	0	0	0	928	872	1150	2154	0	88	0	0	0	0	0	0	982	1446	0	0	0	234	0	1672	720	4992	660	2166	0	228	0	0	0	0	0	438	0	0	0	0	0	0	0	506	80	460	0	0	0	130	0	346	0	0	0	168	596	164	2134	14298	384	2430	196	204	3794	0	0	0	0	304	0	0	0	546	0	0	0	746	0	0	0	0	0	0	0	64	0	0	0	0	0	0	0	0	0	0	0	0	0	0	0	0	0	0	
104208	Heschl_L	3132	0	1650	0	0	0	1048	0	0	0	960	0	68	0	86	0	6386	0	604	0	0	0	0	0	0	0	0	0	9518	0	0	0	0	0	582	584	3782	198	0	138	0	0	0	0	0	0	0	0	0	0	182	0	2548	0	2982	0	2734	0	0	0	300	0	888	0	74	0	120	126	354	0	0	0	382	0	0	0	492	0	0	0	5436	0	132	0	2900	0	0	0	3354	0	364	0	0	0	0	0	0	0	0	0	0	0	0	0	0	0	0	0	0	0	0	0	0	0	0	0	
47788	Heschl_R	0	230	0	694	0	0	0	0	0	0	0	320	0	0	0	0	0	3974	0	760	0	0	0	0	0	0	0	0	0	4184	0	0	0	0	0	0	0	928	0	70	0	0	0	0	0	0	0	0	0	0	0	0	0	0	0	154	0	606	0	0	0	70	0	1904	0	0	0	0	0	0	0	0	0	236	0	0	0	0	0	0	0	5568	0	548	0	2256	0	0	0	1392	0	0	0	0	0	0	0	0	0	0	0	0	0	0	0	0	0	0	0	0	0	0	0	0	0	0	
223864	Temporal_Sup_L	1606	0	1412	950	0	0	424	150	0	0	2798	0	180	0	2518	0	12946	0	498	0	0	0	134	836	0	0	0	0	14138	0	0	848	0	0	0	0	1184	0	0	0	80	0	0	0	0	0	0	0	0	0	246	0	1218	0	1962	0	2816	0	0	0	1842	0	8862	0	614	0	0	0	484	0	828	882	874	0	0	0	630	0	5436	0	0	0	10682	0	23858	0	202	0	9666	0	128	0	0	0	0	0	0	0	0	0	0	0	0	0	0	0	0	0	0	0	0	0	0	0	0	0	
139716	Temporal_Sup_R	0	218	0	650	0	0	0	86	0	0	0	220	0	0	0	1428	0	3750	0	676	0	0	0	0	0	0	0	0	0	9404	0	0	0	0	0	0	0	3344	0	1346	0	112	0	0	0	0	0	0	0	0	0	420	0	0	0	2854	0	2636	0	0	0	380	0	3168	0	2192	0	0	0	70	0	0	0	584	0	0	0	304	0	5568	0	0	0	5186	0	15088	0	1946	0	8108	0	0	0	0	0	0	0	0	0	120	0	0	0	0	0	0	0	0	0	0	0	0	0	0	0	0	
159424	Temporal_Pole_Sup_L	216	0	494	2022	548	0	86	266	142	0	5678	90	760	0	5702	0	6082	74	318	82	528	124	270	1652	0	0	268	0	9814	132	72	1702	0	0	0	0	1180	0	636	0	406	0	0	0	0	0	0	0	0	0	0	0	0	0	3890	0	124	0	0	0	0	0	0	0	0	0	0	0	0	0	1718	1854	1106	0	0	0	0	0	132	0	10682	0	0	0	9506	0	3516	0	7840	0	0	0	0	0	0	0	0	0	0	0	0	0	0	0	0	0	0	0	0	0	0	0	0	0	0	0	
76612	Temporal_Pole_Sup_R	0	0	0	986	0	0	0	0	0	0	0	1084	0	0	0	2806	0	2192	0	758	0	232	0	0	0	0	0	0	0	3546	0	0	0	130	0	0	0	550	0	1944	0	1534	0	0	0	0	0	0	0	0	0	0	0	0	0	5632	0	0	0	0	0	0	0	0	0	0	0	0	0	0	0	82	0	132	0	0	0	0	0	548	0	5186	0	0	0	1792	0	6626	0	2546	0	0	0	0	0	0	0	0	0	0	0	0	0	0	0	0	0	0	0	0	0	0	0	0	0	0	
285708	Temporal_Mid_L	436	0	372	0	0	0	0	0	0	0	0	0	0	0	704	0	2530	0	0	0	0	0	0	0	0	0	0	0	4324	0	0	0	1360	0	0	0	566	0	0	0	68	0	1284	0	148	0	132	0	722	0	19524	0	8342	0	4350	0	3076	0	388	0	5698	0	8292	0	8524	0	1182	0	1706	0	134	0	0	0	0	0	542	0	2900	0	23858	0	9506	0	0	0	2494	0	29692	0	0	0	0	0	0	0	0	0	0	0	0	0	0	0	0	0	0	0	0	0	0	0	0	0	0	0	
221076	Temporal_Mid_R	0	1628	0	80	0	0	0	76	0	0	0	238	0	0	0	136	0	276	0	660	0	0	0	0	0	0	0	0	0	4610	0	0	0	438	0	90	102	2338	86	480	0	180	0	488	0	158	0	110	0	398	0	7586	0	1160	0	3472	0	10892	0	228	0	3266	0	10456	0	8704	0	1390	0	1744	0	0	0	1254	0	0	0	546	0	2256	0	15088	0	1792	0	0	0	3076	0	25056	0	0	0	0	0	0	0	0	0	0	0	0	0	0	0	0	0	0	0	0	0	0	0	0	0	0	
20012	Temporal_Pole_Mid_L	0	0	0	0	0	0	0	0	0	0	0	0	0	0	0	0	0	0	0	0	0	0	0	0	0	0	0	0	0	0	0	0	0	0	0	0	0	0	356	0	0	0	0	0	0	0	0	0	0	0	0	0	0	0	1272	0	0	0	0	0	0	0	0	0	0	0	0	0	0	0	0	0	0	0	0	0	0	0	0	0	202	0	3516	0	2494	0	0	0	2166	0	0	0	0	0	0	0	0	0	0	0	0	0	0	0	0	0	0	0	0	0	0	0	0	0	0	0	
40492	Temporal_Pole_Mid_R	0	0	0	0	0	0	0	0	0	0	0	0	0	0	0	136	0	0	0	0	0	0	0	0	0	0	0	0	0	178	0	0	0	0	0	0	0	88	0	1596	0	692	0	0	0	0	0	0	0	0	0	0	0	0	0	3486	0	0	0	0	0	0	0	0	0	0	0	0	0	0	0	0	0	0	0	0	0	0	0	0	0	1946	0	6626	0	3076	0	0	0	2422	0	0	0	0	0	0	0	0	0	0	0	0	0	0	0	0	0	0	0	0	0	0	0	0	0	0	
231720	Temporal_Inf_L	638	0	130	106	0	0	0	0	0	0	86	0	0	0	82	0	2270	0	0	0	0	0	0	104	0	0	0	0	4246	0	0	104	310	0	296	244	8514	172	948	164	488	0	290	0	0	0	692	64	0	0	2664	0	7794	0	16568	0	1374	0	0	0	2254	0	3380	0	582	0	476	104	1140	0	160	108	764	0	0	0	1020	0	3354	0	9666	0	7840	0	29692	0	2166	0	0	0	3992	0	96	0	0	0	144	0	574	0	0	0	0	0	0	0	0	0	0	0	0	0	0	0	0	0	
256408	Temporal_Inf_R	0	3666	0	354	0	0	0	166	0	0	0	382	0	0	0	0	0	612	0	1348	0	0	0	0	0	0	0	0	0	11170	0	0	0	494	0	1456	66	9540	0	2154	0	1160	0	1132	0	0	0	768	0	66	0	1194	0	8112	0	17928	0	8558	0	348	0	566	0	9808	0	572	0	2374	0	1660	0	0	0	1516	0	0	0	746	0	1392	0	8108	0	2546	0	25056	0	2422	0	0	0	550	0	0	0	0	0	116	0	98	0	0	0	0	0	0	0	0	0	0	0	0	0	0	0	0	
601144	Cerebelum_Crus1_L	0	0	0	0	0	0	0	0	0	0	0	0	0	0	0	0	400	0	0	0	0	0	0	0	0	0	0	0	408	0	0	0	0	0	66	0	460	0	426	0	0	0	180	0	0	0	9526	4708	0	0	698	0	2482	0	25136	2292	84	0	0	0	0	0	0	0	0	0	206	0	82	0	0	0	0	0	0	0	0	0	364	0	128	0	0	0	0	0	0	0	3992	0	0	5102	36850	4976	3254	342	27906	3742	62414	5780	16430	502	29010	4026	9206	2392	2588	128	312	1084	10032	7282	7658	3908	2548	1462	
538000	Cerebelum_Crus1_R	0	0	0	0	0	0	0	0	0	0	0	0	0	0	0	0	0	0	0	0	0	0	0	0	0	0	0	0	0	86	0	0	0	0	0	0	0	276	0	1028	0	0	0	80	0	0	2972	10924	0	0	0	64	0	542	562	15320	0	0	0	0	0	0	0	94	0	0	0	80	0	0	0	0	0	0	0	0	0	0	0	0	0	0	0	0	0	0	0	0	0	550	5102	0	1656	31712	1116	6016	9098	31510	7394	60346	502	7280	1604	18770	898	2552	76	356	632	6328	18564	9880	11070	2172	1316	472	
328656	Cerebelum_Crus2_L	0	0	0	0	0	0	0	0	0	0	0	0	0	0	0	0	0	0	0	0	0	0	0	0	0	0	0	0	0	0	0	0	0	0	0	0	0	0	0	0	0	0	0	0	0	0	438	1114	0	0	0	0	0	0	1726	454	0	0	0	0	0	0	0	0	0	0	0	0	0	0	0	0	0	0	0	0	0	0	0	0	0	0	0	0	0	0	0	0	96	0	36850	1656	0	4068	690	122	4556	622	11202	1646	32678	836	34540	2988	10586	1494	1212	0	92	276	1924	2262	5254	3110	1222	614	
328368	Cerebelum_Crus2_R	0	0	0	0	0	0	0	0	0	0	0	0	0	0	0	0	0	0	0	0	0	0	0	0	0	0	0	0	0	0	0	0	0	0	0	0	0	0	0	172	0	0	0	0	0	0	316	1464	0	0	0	0	0	0	0	1120	0	0	0	0	0	0	0	0	0	0	0	0	0	0	0	0	0	0	0	0	0	0	0	0	0	0	0	0	0	0	0	0	0	0	4976	31712	4068	0	66	2582	878	3942	942	11264	3470	21338	4548	33088	1194	6502	0	696	380	2716	2246	2888	13942	4574	2290	810	
67436	Cerebelum_3_L	0	0	0	0	0	0	0	0	0	0	0	0	0	0	0	0	0	0	0	0	0	0	0	0	0	0	0	0	0	0	0	0	0	0	0	0	0	0	276	0	0	0	0	0	0	0	702	896	0	0	0	0	0	0	446	680	0	0	0	0	0	0	0	0	0	0	0	0	0	0	0	0	0	0	0	0	0	0	0	0	0	0	0	0	0	0	0	0	0	0	3254	1116	690	66	0	178	7780	1092	6182	1276	428	0	1674	196	832	0	148	0	734	2728	1908	312	124	0	0	0	
89360	Cerebelum_3_R	0	0	0	0	0	0	0	0	0	0	0	0	0	0	0	0	0	0	0	0	0	0	0	0	0	0	0	0	0	0	0	0	0	0	0	0	0	96	0	130	0	0	0	0	0	0	66	1178	0	0	0	0	0	0	0	942	0	0	0	0	0	0	0	0	0	0	0	0	0	0	0	0	0	0	0	0	0	0	0	0	0	0	0	0	0	0	0	0	0	0	342	6016	122	2582	178	0	216	6218	134	7756	182	526	346	2428	144	988	0	0	1024	6018	772	650	2836	1248	1274	268	
422612	Cerebelum_4_5_L	0	0	0	0	0	0	0	0	0	0	0	0	0	0	0	0	0	0	0	0	0	0	0	0	0	0	0	0	0	0	0	0	0	0	0	0	398	0	1332	0	0	0	0	0	0	0	16038	7854	0	0	312	0	360	0	14638	5130	0	0	0	0	0	0	0	0	0	0	0	0	0	0	0	0	0	0	0	0	0	0	0	0	0	0	0	0	0	0	0	0	144	0	27906	9098	4556	878	7780	216	0	10694	42700	11110	2840	0	7640	1260	3450	424	592	0	276	2096	24038	4422	878	688	548	1010	
359516	Cerebelum_4_5_R	0	0	0	0	0	0	0	0	0	0	0	0	0	0	0	0	0	0	0	0	0	0	0	0	0	0	0	0	0	0	0	0	0	0	0	200	0	1416	0	3326	0	0	0	408	0	0	3296	13070	0	106	0	128	0	448	1044	14466	0	0	0	0	0	0	0	0	0	0	0	1006	0	0	0	0	0	0	0	0	0	64	0	0	0	0	0	0	0	0	0	0	0	116	3742	31510	622	3942	1092	6218	10694	0	6406	39722	416	1054	1446	3216	976	284	0	0	98	3870	21384	1038	1948	526	366	94	
562912	Cerebelum_6_L	0	0	0	0	0	0	0	0	0	0	0	0	0	0	0	0	0	0	0	0	0	0	0	0	0	0	0	0	0	0	0	0	0	0	0	0	314	0	1132	0	0	0	96	86	0	0	17386	10218	0	0	970	0	1950	140	30816	5628	0	0	0	0	0	0	0	0	0	0	0	0	0	0	0	0	0	0	0	0	0	0	0	0	0	0	0	0	0	0	0	0	574	0	62414	7394	11202	942	6182	134	42700	6406	0	9312	6738	0	13976	862	6066	466	1604	0	198	1272	15500	13560	2252	1060	910	996	
515036	Cerebelum_6_R	0	0	0	0	0	0	0	0	0	0	0	0	0	0	0	0	0	0	0	0	0	0	0	0	0	0	0	0	0	164	0	0	0	0	0	0	0	1048	0	1894	0	0	0	78	0	0	4280	13944	0	0	0	0	0	268	800	19198	0	0	0	0	0	0	0	0	0	0	0	0	0	0	0	0	0	0	0	0	0	0	0	0	0	120	0	0	0	0	0	0	0	98	5780	60346	1646	11264	1276	7756	11110	39722	9312	0	542	1860	1680	7964	1032	804	102	214	682	6504	22980	12352	7744	1506	1094	354	
274684	Cerebelum_7b_L	0	0	0	0	0	0	0	0	0	0	0	0	0	0	0	0	0	0	0	0	0	0	0	0	0	0	0	0	0	0	0	0	0	0	0	0	0	0	0	0	0	0	0	0	0	0	96	200	0	0	0	0	0	0	418	138	0	0	0	0	0	0	0	0	0	0	0	0	0	0	0	0	0	0	0	0	0	0	0	0	0	0	0	0	0	0	0	0	0	0	16430	502	32678	3470	428	182	2840	416	6738	542	0	1550	36672	5374	9172	2712	806	90	142	306	1070	494	5278	6174	1728	696	
130788	Cerebelum_7b_R	0	0	0	0	0	0	0	0	0	0	0	0	0	0	0	0	0	0	0	0	0	0	0	0	0	0	0	0	0	0	0	0	0	0	0	0	0	0	0	0	0	0	0	0	0	0	0	0	0	0	0	0	0	0	0	136	0	0	0	0	0	0	0	0	0	0	0	0	0	0	0	0	0	0	0	0	0	0	0	0	0	0	0	0	0	0	0	0	0	0	502	7280	836	21338	0	526	0	1054	0	1860	1550	0	1554	21498	0	3930	0	100	0	180	154	82	1044	1770	0	0	
429360	Cerebelum_8_L	0	0	0	0	0	0	0	0	0	0	0	0	0	0	0	0	0	0	0	0	0	0	0	0	0	0	0	0	0	0	0	0	0	0	0	0	0	0	0	0	0	0	0	0	0	0	204	664	0	0	0	0	0	0	1014	424	0	0	0	0	0	0	0	0	0	0	0	0	0	0	0	0	0	0	0	0	0	0	0	0	0	0	0	0	0	0	0	0	0	0	29010	1604	34540	4548	1674	346	7640	1446	13976	1680	36672	1554	0	8528	26918	6740	3516	156	236	578	3986	1104	7794	11506	5072	1550	
340148	Cerebelum_8_R	0	0	0	0	0	0	0	0	0	0	0	0	0	0	0	0	0	0	0	0	0	0	0	0	0	0	0	0	0	0	0	0	0	0	0	0	0	0	0	148	0	0	0	0	0	0	254	536	0	0	0	0	0	0	80	520	0	0	0	0	0	0	0	0	0	0	0	0	0	0	0	0	0	0	0	0	0	0	0	0	0	0	0	0	0	0	0	0	0	0	4026	18770	2988	33088	196	2428	1260	3216	862	7964	5374	21498	8528	0	2384	20244	0	1106	492	3396	3232	1446	11120	9568	4216	1134	
191700	Cerebelum_9_L	0	0	0	0	0	0	0	0	0	0	0	0	0	0	0	0	0	0	0	0	0	0	0	0	0	0	0	0	0	0	0	0	0	0	0	0	0	0	0	0	0	0	0	0	0	0	82	800	0	0	0	0	0	0	326	718	0	0	0	0	0	0	0	0	0	0	0	0	0	0	0	0	0	0	0	0	0	0	0	0	0	0	0	0	0	0	0	0	0	0	9206	898	10586	1194	832	144	3450	976	6066	1032	9172	0	26918	2384	0	3598	3774	70	0	176	1514	704	2928	3794	3366	1142	
165632	Cerebelum_9_R	0	0	0	0	0	0	0	0	0	0	0	0	0	0	0	0	0	0	0	0	0	0	0	0	0	0	0	0	0	0	0	0	0	0	0	0	0	0	0	0	0	0	0	0	0	0	190	94	0	0	0	0	0	0	0	0	0	0	0	0	0	0	0	0	0	0	0	0	0	0	0	0	0	0	0	0	0	0	0	0	0	0	0	0	0	0	0	0	0	0	2392	2552	1494	6502	0	988	424	284	466	804	2712	3930	6740	20244	3598	0	0	1328	296	550	462	1446	5968	8748	7926	2678	
30072	Cerebelum_10_L	0	0	0	0	0	0	0	0	0	0	0	0	0	0	0	0	0	0	0	0	0	0	0	0	0	0	0	0	0	0	0	0	0	0	0	0	0	0	0	0	0	0	0	0	0	0	0	66	0	0	0	0	0	0	0	0	0	0	0	0	0	0	0	0	0	0	0	0	0	0	0	0	0	0	0	0	0	0	0	0	0	0	0	0	0	0	0	0	0	0	2588	76	1212	0	148	0	592	0	1604	102	806	0	3516	0	3774	0	0	0	84	68	190	122	88	0	0	0	
9636	Cerebelum_10_R	0	0	0	0	0	0	0	0	0	0	0	0	0	0	0	0	0	0	0	0	0	0	0	0	0	0	0	0	0	0	0	0	0	0	0	0	0	0	0	0	0	0	0	0	0	0	0	0	0	0	0	0	0	0	0	0	0	0	0	0	0	0	0	0	0	0	0	0	0	0	0	0	0	0	0	0	0	0	0	0	0	0	0	0	0	0	0	0	0	0	128	356	0	696	0	0	0	0	0	214	90	100	156	1106	70	1328	0	0	0	0	0	0	354	120	100	0	
25032	Vermis_1_2	0	0	0	0	0	0	0	0	0	0	0	0	0	0	0	0	0	0	0	0	0	0	0	0	0	0	0	0	0	0	0	0	0	0	0	0	0	0	0	0	0	0	0	0	0	0	0	0	0	0	0	0	0	0	0	0	0	0	0	0	0	0	0	0	0	0	0	0	0	0	0	0	0	0	0	0	0	0	0	0	0	0	0	0	0	0	0	0	0	0	312	632	92	380	734	1024	276	98	198	682	142	0	236	492	0	296	84	0	0	3812	362	574	650	626	608	206	
105824	Vermis_3	0	0	0	0	0	0	0	0	0	0	0	0	0	0	0	0	0	0	0	0	0	0	0	0	0	0	0	0	0	0	0	0	0	0	0	0	114	0	112	0	0	0	0	0	0	0	154	306	0	0	0	0	0	0	152	266	0	0	0	0	0	0	0	0	0	0	0	0	0	0	0	0	0	0	0	0	0	0	0	0	0	0	0	0	0	0	0	0	0	0	1084	6328	276	2716	2728	6018	2096	3870	1272	6504	306	180	578	3396	176	550	68	0	3812	0	3120	1140	3376	1184	874	156	
