data	data	471632	228084	1.12354e+06	726908	227524	78436	442276	254948	80468	53284	304344	227996	288160	161440	194212	94904	362712	161984	844972	619616	70196	78880	356172	302216	38236	81592	27468	70064	667888	376840	243716	480488	117700	394300	129916	179236	208016	259852	43624	151888	25632	47288	235792	285944	193564	248040	253808	250156	210868	229984	463428	213816	147260	67268	364324	285888	403340	169132	192412	180572	321004	168508	93008	159700	217928	175752	296604	316948	141540	199092	267044	326472	371784	218136	57112	19348	164828	130248	49488	28136	259284	107844	89160	55468	276716	214360	35648	16592	313264	197032	449584	448352	227096	261392	21732	31804	274048	231360	459536	391524	203964	125992	256384	277504	76032	124288	16112	7420	18548	40788	251616	246276	134280	69804	73660	28844	
data	data	Precentral_L	Precentral_R	Frontal_Sup_L	Frontal_Sup_R	Frontal_Sup_Orb_L	Frontal_Sup_Orb_R	Frontal_Mid_L	Frontal_Mid_R	Frontal_Mid_Orb_L	Frontal_Mid_Orb_R	Frontal_Inf_Oper_L	Frontal_Inf_Oper_R	Frontal_Inf_Tri_L	Frontal_Inf_Tri_R	Frontal_Inf_Orb_L	Frontal_Inf_Orb_R	Rolandic_Oper_L	Rolandic_Oper_R	Supp_Motor_Area_L	Supp_Motor_Area_R	Olfactory_L	Olfactory_R	Frontal_Sup_Medial_L	Frontal_Sup_Medial_R	Frontal_Med_Orb_L	Frontal_Med_Orb_R	Rectus_L	Rectus_R	Insula_L	Insula_R	Cingulum_Ant_L	Cingulum_Ant_R	Cingulum_Mid_L	Cingulum_Mid_R	Cingulum_Post_L	Cingulum_Post_R	Hippocampus_L	Hippocampus_R	ParaHippocampal_L	ParaHippocampal_R	Amygdala_L	Amygdala_R	Calcarine_L	Calcarine_R	Cuneus_L	Cuneus_R	Lingual_L	Lingual_R	Occipital_Sup_L	Occipital_Sup_R	Occipital_Mid_L	Occipital_Mid_R	Occipital_Inf_L	Occipital_Inf_R	Fusiform_L	Fusiform_R	Postcentral_L	Postcentral_R	Parietal_Sup_L	Parietal_Sup_R	Parietal_Inf_L	Parietal_Inf_R	SupraMarginal_L	SupraMarginal_R	Angular_L	Angular_R	Precuneus_L	Precuneus_R	Paracentral_Lobule_L	Paracentral_Lobule_R	Caudate_L	Caudate_R	Putamen_L	Putamen_R	Pallidum_L	Pallidum_R	Thalamus_L	Thalamus_R	Heschl_L	Heschl_R	Temporal_Sup_L	Temporal_Sup_R	Temporal_Pole_Sup_L	Temporal_Pole_Sup_R	Temporal_Mid_L	Temporal_Mid_R	Temporal_Pole_Mid_L	Temporal_Pole_Mid_R	Temporal_Inf_L	Temporal_Inf_R	Cerebelum_Crus1_L	Cerebelum_Crus1_R	Cerebelum_Crus2_L	Cerebelum_Crus2_R	Cerebelum_3_L	Cerebelum_3_R	Cerebelum_4_5_L	Cerebelum_4_5_R	Cerebelum_6_L	Cerebelum_6_R	Cerebelum_7b_L	Cerebelum_7b_R	Cerebelum_8_L	Cerebelum_8_R	Cerebelum_9_L	Cerebelum_9_R	Cerebelum_10_L	Cerebelum_10_R	Vermis_1_2	Vermis_3	Vermis_4_5	Vermis_6	Vermis_7	Vermis_8	Vermis_9	Vermis_10	
471632	Precentral_L	0	2008	21962	648	0	0	14824	0	0	0	13432	0	4346	0	0	0	15812	0	15620	8086	0	0	0	0	0	0	0	0	15326	0	0	0	520	4986	4258	5492	8650	4070	370	324	0	0	0	140	0	0	0	0	0	0	348	0	0	0	1046	0	39124	198	284	0	3344	0	738	0	130	0	198	394	13020	6778	2752	0	5318	122	592	0	14184	1454	1770	0	1922	0	118	0	416	0	0	0	692	0	0	0	0	0	0	0	0	0	0	0	0	0	0	0	0	0	0	0	0	0	0	0	0	0	0	0	
228084	Precentral_R	2008	0	1366	13862	0	0	0	12408	0	0	0	7134	0	0	0	0	0	3868	2746	7774	0	0	0	0	0	0	0	0	258	3120	0	0	0	322	180	238	198	5126	0	1392	0	0	0	134	0	0	0	280	0	0	0	0	0	0	0	1546	332	20970	0	0	0	132	0	298	0	0	0	166	1554	5876	1242	4256	1318	5096	336	1038	376	4866	0	568	0	606	0	0	0	282	0	0	0	770	0	0	0	0	0	0	0	0	0	0	0	0	0	0	0	0	0	0	0	0	0	0	0	0	0	0	
1.12354e+06	Frontal_Sup_L	21962	1366	0	14440	21884	0	66038	1316	3034	0	25134	390	22884	0	12086	0	21146	758	112262	15692	1188	0	43706	6682	2130	0	0	0	51938	788	12354	3046	5638	5288	0	204	2314	0	228	0	138	0	0	0	0	0	0	0	0	0	0	0	0	0	0	0	12306	0	0	0	248	0	0	0	0	0	0	216	2928	398	16172	1366	30076	284	5194	152	10148	468	1060	0	1888	0	2832	0	0	0	0	0	0	0	0	0	0	0	0	0	0	0	0	0	0	0	0	0	0	0	0	0	0	0	0	0	0	0	0	0	
726908	Frontal_Sup_R	648	13862	14440	0	224	2134	2650	32088	0	1066	0	10166	0	9862	0	3768	0	9252	16272	59242	0	0	21246	36512	0	1384	0	136	894	15546	5456	36522	1052	18844	0	0	0	1052	0	278	0	0	0	0	0	0	0	0	0	0	0	0	0	0	0	0	432	702	0	0	0	0	0	0	0	0	0	0	0	670	5274	17562	1516	5750	384	926	226	14034	0	180	0	118	0	1084	0	0	0	0	0	0	0	0	0	0	0	0	0	0	0	0	0	0	0	0	0	0	0	0	0	0	0	0	0	0	0	0	
227524	Frontal_Sup_Orb_L	0	0	21884	224	0	0	4776	0	11890	0	1274	0	3680	0	16348	0	0	0	1994	0	3748	0	7352	228	3446	0	4212	0	18342	0	3180	132	478	148	0	0	0	0	186	0	580	0	0	0	0	0	0	0	0	0	0	0	0	0	0	0	0	0	0	0	0	0	0	0	0	0	0	0	0	0	274	0	8376	0	0	0	0	0	0	0	0	0	1010	0	0	0	0	0	0	0	0	0	0	0	0	0	0	0	0	0	0	0	0	0	0	0	0	0	0	0	0	0	0	0	0	0	
78436	Frontal_Sup_Orb_R	0	0	0	2134	0	0	0	1632	0	5776	0	0	0	116	0	2906	0	0	0	176	0	1148	0	2580	504	7142	584	8950	0	776	700	1820	0	0	0	0	0	0	0	0	0	0	0	0	0	0	0	0	0	0	0	0	0	0	0	0	0	0	0	0	0	0	0	0	0	0	0	0	0	0	0	938	0	1336	0	0	0	0	0	0	0	0	0	0	0	0	0	0	0	0	0	0	0	0	0	0	0	0	0	0	0	0	0	0	0	0	0	0	0	0	0	0	0	0	0	0	
442276	Frontal_Mid_L	14824	0	66038	2650	4776	0	0	202	2316	0	15952	0	29400	0	5392	0	5632	0	16838	666	148	0	18510	2970	578	0	0	0	19132	0	1650	640	2690	1630	0	0	1160	0	0	0	0	0	0	0	0	0	0	0	0	0	0	0	0	0	0	0	3230	0	0	0	0	0	0	0	0	0	0	0	0	0	374	0	1930	0	0	0	1492	0	0	0	132	0	186	0	0	0	0	0	0	0	0	0	0	0	0	0	0	0	0	0	0	0	0	0	0	0	0	0	0	0	0	0	0	0	0	0	
254948	Frontal_Mid_R	0	12408	1316	32088	0	1632	202	0	0	1934	0	7574	0	14284	0	4446	0	8904	1788	3010	0	0	1386	2666	0	0	0	0	0	13294	146	4162	0	2164	0	0	0	684	0	0	0	0	0	0	0	0	0	0	0	0	0	0	0	0	0	0	0	206	0	0	0	0	0	0	0	0	0	0	0	0	1366	3542	320	4364	0	1014	0	1212	0	126	0	134	0	1102	0	0	0	0	0	0	0	0	0	0	0	0	0	0	0	0	0	0	0	0	0	0	0	0	0	0	0	0	0	0	0	0	
80468	Frontal_Mid_Orb_L	0	0	3034	0	11890	0	2316	0	0	0	0	0	1824	0	12372	0	0	0	0	0	350	0	442	0	182	0	1286	0	3084	0	344	0	0	0	0	0	0	0	0	0	0	0	0	0	0	0	0	0	0	0	0	0	0	0	0	0	0	0	0	0	0	0	0	0	0	0	0	0	0	0	0	0	3110	0	0	0	0	0	0	0	0	0	0	0	0	0	0	0	0	0	0	0	0	0	0	0	0	0	0	0	0	0	0	0	0	0	0	0	0	0	0	0	0	0	0	0	
53284	Frontal_Mid_Orb_R	0	0	0	1066	0	5776	0	1934	0	0	0	0	0	262	0	5368	0	0	0	416	0	246	0	744	0	1898	0	2730	0	822	0	448	0	0	0	0	0	0	0	0	0	0	0	0	0	0	0	0	0	0	0	0	0	0	0	0	0	0	0	0	0	0	0	0	0	0	0	0	0	0	0	2196	0	2736	0	0	0	0	0	0	0	0	0	0	0	0	0	0	0	0	0	0	0	0	0	0	0	0	0	0	0	0	0	0	0	0	0	0	0	0	0	0	0	0	0	0	
304344	Frontal_Inf_Oper_L	13432	0	25134	0	1274	0	15952	0	0	0	0	310	19688	0	744	0	14928	0	22532	0	0	0	184	0	0	0	0	0	24150	312	998	202	0	0	0	0	1390	0	0	0	0	0	0	0	0	0	0	0	0	0	0	0	0	0	0	0	3326	0	0	0	0	0	0	0	0	0	0	0	0	0	880	124	2008	0	0	0	340	0	248	0	1158	0	2858	0	0	0	0	0	0	0	0	0	0	0	0	0	0	0	0	0	0	0	0	0	0	0	0	0	0	0	0	0	0	0	0	0	
227996	Frontal_Inf_Oper_R	0	7134	390	10166	0	0	0	7574	0	0	310	0	0	10990	0	502	0	9022	472	5164	0	0	476	948	0	0	0	0	462	25986	620	10954	0	822	0	0	0	998	0	170	0	0	0	0	0	0	0	0	0	0	0	0	0	0	0	0	0	4994	0	0	0	0	0	0	0	0	0	0	0	0	1836	7832	0	3904	0	0	128	490	0	138	0	152	0	1364	0	0	0	0	0	0	0	0	0	0	0	0	0	0	0	0	0	0	0	0	0	0	0	0	0	0	0	0	0	0	0	0	
288160	Frontal_Inf_Tri_L	4346	0	22884	0	3680	0	29400	0	1824	0	19688	0	0	0	15538	0	1504	0	13350	0	0	0	1648	0	150	0	0	0	25196	0	1760	266	1082	0	0	0	0	0	0	0	0	0	0	0	0	0	0	0	0	0	0	0	0	0	0	0	280	0	0	0	0	0	0	0	0	0	0	0	0	0	258	0	470	0	0	0	0	0	0	0	192	0	564	0	0	0	0	0	0	0	0	0	0	0	0	0	0	0	0	0	0	0	0	0	0	0	0	0	0	0	0	0	0	0	0	0	
161440	Frontal_Inf_Tri_R	0	0	0	9862	0	116	0	14284	0	262	0	10990	0	0	0	5726	0	726	434	4616	0	0	1248	2096	0	0	0	0	0	12302	114	10594	0	2568	0	0	0	0	0	0	0	0	0	0	0	0	0	0	0	0	0	0	0	0	0	0	0	0	0	0	0	0	0	0	0	0	0	0	0	0	0	3430	0	1352	0	0	0	0	0	0	0	0	0	0	0	0	0	0	0	0	0	0	0	0	0	0	0	0	0	0	0	0	0	0	0	0	0	0	0	0	0	0	0	0	0	0	
194212	Frontal_Inf_Orb_L	0	0	12086	0	16348	0	5392	0	12372	0	744	0	15538	0	0	0	0	0	3264	0	3056	0	714	0	0	0	1302	0	18190	0	810	0	394	0	0	0	0	0	122	0	586	0	0	0	0	0	0	0	0	0	0	0	0	0	0	0	0	0	0	0	0	0	0	0	0	0	0	0	0	0	0	0	3604	0	0	0	0	0	0	0	0	0	2584	0	0	0	0	0	0	0	0	0	0	0	0	0	0	0	0	0	0	0	0	0	0	0	0	0	0	0	0	0	0	0	0	0	
94904	Frontal_Inf_Orb_R	0	0	0	3768	0	2906	0	4446	0	5368	0	502	0	5726	0	0	0	0	0	1538	0	1298	364	1224	0	350	0	1574	0	8758	0	1544	0	780	0	0	0	144	0	0	0	188	0	0	0	0	0	0	0	0	0	0	0	0	0	0	0	0	0	0	0	0	0	0	0	0	0	0	0	0	0	1324	0	3826	0	0	0	0	0	0	0	802	0	886	0	136	0	0	0	0	0	0	0	0	0	0	0	0	0	0	0	0	0	0	0	0	0	0	0	0	0	0	0	0	0	0	
362712	Rolandic_Oper_L	15812	0	21146	0	0	0	5632	0	0	0	14928	0	1504	0	0	0	0	0	19178	160	0	0	0	0	0	0	0	0	23586	0	0	0	0	0	0	0	988	0	0	0	0	0	168	0	538	0	0	0	138	0	1584	0	184	0	0	0	19100	0	6940	0	7634	0	2904	0	3374	0	4090	0	178	0	154	0	1244	0	116	0	180	0	2756	0	13564	0	1776	0	2996	0	0	0	8804	0	0	0	0	0	0	0	0	0	0	0	0	0	0	0	0	0	0	0	0	0	0	0	0	0	0	0	
161984	Rolandic_Oper_R	0	3868	758	9252	0	0	0	8904	0	0	0	9022	0	726	0	0	0	0	1246	3434	0	0	0	146	0	0	0	0	0	23846	0	1018	0	0	0	0	0	872	0	230	0	0	0	0	0	0	0	0	0	0	0	0	0	0	0	130	0	3848	0	0	0	0	0	1514	0	0	0	0	0	0	410	1248	0	2120	0	0	0	1134	0	2966	0	2550	0	1750	0	0	0	0	0	0	0	0	0	0	0	0	0	0	0	0	0	0	0	0	0	0	0	0	0	0	0	0	0	0	0	0	
844972	Supp_Motor_Area_L	15620	2746	112262	16272	1994	0	16838	1788	0	0	22532	472	13350	434	3264	0	19178	1246	0	41330	0	0	5570	1800	120	0	0	0	35778	1326	8838	5546	10712	14140	284	160	2046	0	116	0	0	0	0	0	0	0	0	0	0	0	0	0	0	0	0	0	8212	196	0	0	246	0	0	0	0	0	0	240	3802	1032	11596	2250	20684	848	6742	242	4532	458	1040	162	1808	0	2634	0	0	0	0	0	0	0	0	0	0	0	0	0	0	0	0	0	0	0	0	0	0	0	0	0	0	0	0	0	0	0	0	0	
619616	Supp_Motor_Area_R	8086	7774	15692	59242	0	176	666	3010	0	416	0	5164	0	4616	0	1538	160	3434	41330	0	0	0	1948	8384	0	0	0	0	912	5940	5032	18000	4386	37774	170	922	114	908	0	436	0	0	0	956	0	430	0	660	0	0	0	360	0	0	0	756	940	594	0	0	0	206	0	144	0	0	0	2176	9002	19478	5364	12612	3430	3844	908	0	832	8966	0	212	0	316	0	162	0	332	0	0	0	898	0	0	0	0	0	0	0	0	0	0	0	0	0	0	0	0	0	0	0	0	0	0	0	0	0	0	
70196	Olfactory_L	0	0	1188	0	3748	0	148	0	350	0	0	0	0	0	3056	0	0	0	0	0	0	3366	0	0	558	0	1222	302	4172	0	2770	824	0	0	0	0	0	0	232	0	840	0	0	0	0	0	0	0	0	0	0	0	0	0	0	0	0	0	0	0	0	0	0	0	0	0	0	0	0	0	5272	2480	3472	344	0	0	0	0	0	0	0	0	754	0	0	0	0	0	0	0	0	0	0	0	0	0	0	0	0	0	0	0	0	0	0	0	0	0	0	0	0	0	0	0	0	0	
78880	Olfactory_R	0	0	0	0	0	1148	0	0	0	246	0	0	0	0	0	1298	0	0	0	0	3366	0	0	0	172	1902	184	3296	0	2260	2376	3208	0	0	0	0	0	280	0	0	0	690	0	0	0	0	0	0	0	0	0	0	0	0	0	0	0	0	0	0	0	0	0	0	0	0	0	0	0	0	5922	6784	4162	1660	118	368	0	0	0	0	0	0	0	0	0	0	0	0	0	0	0	0	0	0	0	0	0	0	0	0	0	0	0	0	0	0	0	0	0	0	0	0	0	0	0	0	
356172	Frontal_Sup_Medial_L	0	0	43706	21246	7352	0	18510	1386	442	0	184	476	1648	1248	714	364	0	0	5570	1948	0	0	0	26164	3264	270	0	0	2106	590	10012	14576	4620	10886	0	0	0	0	0	0	0	0	0	0	0	0	0	0	0	0	0	0	0	0	0	0	0	0	0	0	0	0	0	0	0	0	0	0	0	0	132	152	520	0	0	0	0	0	0	0	0	0	0	0	0	0	0	0	0	0	0	0	0	0	0	0	0	0	0	0	0	0	0	0	0	0	0	0	0	0	0	0	0	0	0	0	
302216	Frontal_Sup_Medial_R	0	0	6682	36512	228	2580	2970	2666	0	744	0	948	0	2096	0	1224	0	146	1800	8384	0	0	26164	0	468	4916	0	356	190	2214	5052	23310	1080	14126	0	0	0	0	0	0	0	0	0	0	0	0	0	0	0	0	0	0	0	0	0	0	0	0	0	0	0	0	0	0	0	0	0	0	0	0	0	2556	0	3696	0	0	0	0	0	0	0	0	0	0	0	0	0	0	0	0	0	0	0	0	0	0	0	0	0	0	0	0	0	0	0	0	0	0	0	0	0	0	0	0	0	0	
38236	Frontal_Med_Orb_L	0	0	2130	0	3446	504	578	0	182	0	0	0	150	0	0	0	0	0	120	0	558	172	3264	468	0	1284	1166	250	114	0	3028	138	224	0	0	0	0	0	0	0	0	0	0	0	0	0	0	0	0	0	0	0	0	0	0	0	0	0	0	0	0	0	0	0	0	0	0	0	0	0	724	0	618	0	0	0	0	0	0	0	0	0	0	0	0	0	0	0	0	0	0	0	0	0	0	0	0	0	0	0	0	0	0	0	0	0	0	0	0	0	0	0	0	0	0	0	
81592	Frontal_Med_Orb_R	0	0	0	1384	0	7142	0	0	0	1898	0	0	0	0	0	350	0	0	0	0	0	1902	270	4916	1284	0	612	7602	0	0	2022	5282	0	0	0	0	0	0	0	0	0	0	0	0	0	0	0	0	0	0	0	0	0	0	0	0	0	0	0	0	0	0	0	0	0	0	0	0	0	0	0	3490	0	2642	0	0	0	0	0	0	0	0	0	0	0	0	0	0	0	0	0	0	0	0	0	0	0	0	0	0	0	0	0	0	0	0	0	0	0	0	0	0	0	0	0	0	
27468	Rectus_L	0	0	0	0	4212	584	0	0	1286	0	0	0	0	0	1302	0	0	0	0	0	1222	184	0	0	1166	612	0	752	380	0	746	0	0	0	0	0	0	0	0	0	0	0	0	0	0	0	0	0	0	0	0	0	0	0	0	0	0	0	0	0	0	0	0	0	0	0	0	0	0	0	640	0	648	0	0	0	0	0	0	0	0	0	0	0	0	0	0	0	0	0	0	0	0	0	0	0	0	0	0	0	0	0	0	0	0	0	0	0	0	0	0	0	0	0	0	0	
70064	Rectus_R	0	0	0	136	0	8950	0	0	0	2730	0	0	0	0	0	1574	0	0	0	0	302	3296	0	356	250	7602	752	0	0	910	406	2924	0	0	0	0	0	156	0	0	0	130	0	0	0	0	0	0	0	0	0	0	0	0	0	0	0	0	0	0	0	0	0	0	0	0	0	0	0	0	224	2130	178	2026	0	0	0	0	0	0	0	0	0	0	0	0	0	0	0	0	0	0	0	0	0	0	0	0	0	0	0	0	0	0	0	0	0	0	0	0	0	0	0	0	0	0	
667888	Insula_L	15326	258	51938	894	18342	0	19132	0	3084	0	24150	462	25196	0	18190	0	23586	0	35778	912	4172	0	2106	190	114	0	380	0	0	464	5214	1404	784	390	518	188	13694	0	1434	0	1822	0	0	0	134	0	0	0	0	0	580	0	0	0	3208	0	9286	0	1288	0	1732	0	1980	0	566	0	502	116	746	0	1734	474	19528	0	0	0	496	0	3468	0	5514	0	6424	0	2404	0	0	0	3642	0	0	0	0	0	0	0	0	0	0	0	0	0	0	0	0	0	0	0	0	0	0	0	0	0	0	0	
376840	Insula_R	0	3120	788	15546	0	776	0	13294	0	822	312	25986	0	12302	0	8758	0	23846	1326	5940	0	2260	590	2214	0	0	0	910	464	0	704	14150	0	1006	188	0	0	5636	0	2070	0	1006	0	0	0	0	0	0	0	0	0	0	0	0	0	1896	0	3208	0	0	0	0	0	764	0	0	0	0	184	0	2088	10492	0	16484	0	188	0	1252	0	950	0	3048	0	2024	0	990	0	0	0	838	0	0	0	0	0	0	0	0	0	0	0	0	0	0	0	0	0	0	0	0	0	0	0	0	0	0	
243716	Cingulum_Ant_L	0	0	12354	5456	3180	700	1650	146	344	0	998	620	1760	114	810	0	0	0	8838	5032	2770	2376	10012	5052	3028	2022	746	406	5214	704	0	16226	4466	3392	554	0	0	0	0	0	0	0	0	0	0	0	0	0	0	0	0	0	0	0	0	0	0	0	0	0	0	0	0	0	0	0	0	0	0	0	7900	4230	9058	1200	0	304	196	0	0	0	0	0	0	0	0	0	0	0	0	0	0	0	0	0	0	0	0	0	0	0	0	0	0	0	0	0	0	0	0	0	0	0	0	0	0	0	
480488	Cingulum_Ant_R	0	0	3046	36522	132	1820	640	4162	0	448	202	10954	266	10594	0	1544	0	1018	5546	18000	824	3208	14576	23310	138	5282	0	2924	1404	14150	16226	0	1344	19018	0	0	0	0	0	0	0	0	0	0	0	0	0	0	0	0	0	0	0	0	0	0	0	0	0	0	0	0	0	0	0	0	0	0	0	0	4840	25744	2136	9634	0	390	0	202	0	0	0	0	0	0	0	0	0	0	0	0	0	0	0	0	0	0	0	0	0	0	0	0	0	0	0	0	0	0	0	0	0	0	0	0	0	0	
117700	Cingulum_Mid_L	520	0	5638	1052	478	0	2690	0	0	0	0	0	1082	0	394	0	0	0	10712	4386	0	0	4620	1080	224	0	0	0	784	0	4466	1344	0	8758	2720	396	0	0	0	0	0	0	0	362	592	338	0	0	0	0	350	0	0	0	0	0	498	0	0	0	0	0	0	0	0	0	1128	846	2726	488	0	0	178	0	0	0	0	0	0	0	0	0	0	0	0	0	0	0	0	0	0	0	0	0	0	0	0	0	0	0	0	0	0	0	0	0	0	0	0	0	0	0	0	0	0	0	
394300	Cingulum_Mid_R	4986	322	5288	18844	148	0	1630	2164	0	0	0	822	0	2568	0	780	0	0	14140	37774	0	0	10886	14126	0	0	0	0	390	1006	3392	19018	8758	0	876	3798	0	126	0	0	0	0	0	3300	0	2028	0	1156	0	0	0	434	0	0	0	264	0	1078	0	0	0	160	0	572	0	0	470	6212	7484	17338	1030	250	1640	0	542	0	0	0	0	0	0	318	0	0	0	290	0	0	0	742	0	0	0	0	0	0	0	0	0	0	0	0	0	0	0	0	0	0	0	0	0	0	0	0	0	0	
129916	Cingulum_Post_L	4258	180	0	0	0	0	0	0	0	0	0	0	0	0	0	0	0	0	284	170	0	0	0	0	0	0	0	0	518	188	554	0	2720	876	0	10734	7294	4014	750	642	0	0	5110	0	2316	0	312	274	604	0	1154	0	0	0	878	400	1064	296	156	0	176	0	0	0	152	0	7634	1484	3492	616	0	0	0	0	0	0	2866	510	280	222	0	312	0	0	294	0	0	0	730	196	0	0	0	0	0	0	0	0	0	0	0	0	0	0	0	0	0	0	0	0	248	0	0	0	0	0	
179236	Cingulum_Post_R	5492	238	204	0	0	0	0	0	0	0	0	0	0	0	0	0	0	0	160	922	0	0	0	0	0	0	0	0	188	0	0	0	396	3798	10734	0	5066	8120	0	1482	0	0	0	3622	0	2592	0	5268	0	2314	0	1396	0	276	168	3070	0	1620	0	374	0	250	0	232	0	286	384	16080	580	3222	0	0	0	0	0	0	4834	1578	246	0	0	0	0	0	0	654	0	0	166	2720	0	0	0	0	0	0	0	0	0	0	0	0	0	0	0	0	0	0	0	0	886	0	0	0	0	0	
208016	Hippocampus_L	8650	198	2314	0	0	0	1160	0	0	0	1390	0	0	0	0	0	988	0	2046	114	0	0	0	0	0	0	0	0	13694	0	0	0	0	0	7294	5066	0	2616	6112	230	4514	0	2116	0	0	0	1838	270	0	0	674	0	482	0	9592	0	1984	0	0	0	0	0	0	0	0	0	2880	520	220	0	298	0	7134	0	184	0	4770	750	1514	0	2818	0	856	0	1690	0	238	0	6468	0	0	0	0	0	0	0	0	0	0	0	0	0	0	0	0	0	0	0	0	120	206	0	0	0	0	0	
259852	Hippocampus_R	4070	5126	0	1052	0	0	0	684	0	0	0	998	0	0	0	144	0	872	0	908	0	280	0	0	0	0	0	156	0	5636	0	0	0	126	4014	8120	2616	0	0	23656	0	7252	0	262	0	0	0	1106	0	0	0	0	0	0	0	22886	0	3904	0	0	0	0	0	974	0	0	0	2300	814	684	226	224	0	9158	0	472	4374	3242	0	236	0	2328	0	1474	0	3514	0	0	0	4460	0	0	0	0	0	0	0	802	0	460	0	0	0	0	0	0	0	0	0	0	316	0	0	0	0	0	
43624	ParaHippocampal_L	370	0	228	0	186	0	0	0	0	0	0	0	0	0	122	0	0	0	116	0	232	0	0	0	0	0	0	0	1434	0	0	0	0	0	750	0	6112	0	0	0	1262	0	704	0	0	0	2104	0	0	0	0	0	0	0	3826	0	120	0	0	0	0	0	0	0	0	0	1010	0	0	0	0	0	736	0	0	0	0	0	0	0	312	0	526	0	0	0	542	0	878	0	0	0	0	0	0	0	0	0	0	0	0	0	0	0	0	0	0	0	0	242	0	0	0	0	0	0	
151888	ParaHippocampal_R	324	1392	0	278	0	0	0	0	0	0	0	170	0	0	0	0	0	230	0	436	0	0	0	0	0	0	0	0	0	2070	0	0	0	0	642	1482	230	23656	0	0	0	6260	0	698	0	0	0	1982	0	0	0	0	0	0	0	19748	0	1322	0	0	0	0	0	424	0	0	0	1286	350	442	0	0	0	1622	0	210	196	298	0	210	0	1288	0	3930	0	464	0	1088	0	1666	0	0	0	0	0	0	0	1182	0	368	0	0	0	0	0	0	0	0	0	0	0	0	0	0	0	0	
25632	Amygdala_L	0	0	138	0	580	0	0	0	0	0	0	0	0	0	586	0	0	0	0	0	840	0	0	0	0	0	0	0	1822	0	0	0	0	0	0	0	4514	0	1262	0	0	0	0	0	0	0	0	0	0	0	0	0	0	0	1628	0	0	0	0	0	0	0	0	0	0	0	0	0	0	0	0	0	334	0	0	0	0	0	0	0	0	0	758	0	0	0	354	0	0	0	0	0	0	0	0	0	0	0	0	0	0	0	0	0	0	0	0	0	0	0	0	0	0	0	0	0	
47288	Amygdala_R	0	0	0	0	0	0	0	0	0	0	0	0	0	0	0	188	0	0	0	0	0	690	0	0	0	0	0	130	0	1006	0	0	0	0	0	0	0	7252	0	6260	0	0	0	0	0	0	0	0	0	0	0	0	0	0	0	4814	0	0	0	0	0	0	0	0	0	0	0	0	0	0	0	0	0	610	0	0	0	0	0	0	0	0	0	2694	0	0	0	0	0	0	0	0	0	0	0	0	0	0	0	0	0	0	0	0	0	0	0	0	0	0	0	0	0	0	0	0	
235792	Calcarine_L	0	0	0	0	0	0	0	0	0	0	0	0	0	0	0	0	168	0	0	0	0	0	0	0	0	0	0	0	0	0	0	0	0	0	5110	0	2116	0	704	0	0	0	0	5488	14740	2458	11130	2626	9388	1010	27230	298	9600	0	3996	0	652	0	226	0	328	0	0	0	358	0	16362	178	382	128	0	0	0	0	0	0	0	0	136	0	202	0	0	0	1600	0	0	0	1282	0	0	0	0	0	0	0	0	0	0	0	0	0	0	0	0	0	0	0	0	0	0	0	0	0	0	0	
285944	Calcarine_R	140	134	0	0	0	0	0	0	0	0	0	0	0	0	0	0	0	0	0	956	0	0	0	0	0	0	0	0	0	0	0	0	362	3300	0	3622	0	262	0	698	0	0	5488	0	1754	22670	2172	18972	0	17108	0	14696	0	5272	0	4998	0	468	0	412	0	148	0	142	0	498	614	24788	396	2892	0	0	0	0	0	0	0	0	0	0	0	126	0	0	0	3728	0	0	0	5586	0	0	0	0	0	0	0	190	0	130	0	0	0	0	0	0	0	0	0	0	116	134	0	0	0	0	
193564	Cuneus_L	0	0	0	0	0	0	0	0	0	0	0	0	0	0	0	0	538	0	0	0	0	0	0	0	0	0	0	0	134	0	0	0	592	0	2316	0	0	0	0	0	0	0	14740	1754	0	5540	784	446	22180	2460	19916	136	626	0	168	0	604	0	948	256	644	0	0	0	896	0	15588	914	964	274	0	0	0	0	0	0	0	0	130	0	868	0	0	0	1280	0	0	0	1086	0	0	0	0	0	0	0	0	0	0	0	0	0	0	0	0	0	0	0	0	0	0	0	0	0	0	0	
248040	Cuneus_R	0	0	0	0	0	0	0	0	0	0	0	0	0	0	0	0	0	0	0	430	0	0	0	0	0	0	0	0	0	0	0	0	338	2028	0	2592	0	0	0	0	0	0	2458	22670	5540	0	642	4464	308	32470	164	12412	0	962	0	268	0	1254	0	4252	0	704	0	0	0	608	1872	22788	134	3454	0	0	0	0	0	0	0	0	0	0	0	0	0	0	0	752	0	0	0	456	0	0	0	0	0	0	0	0	0	0	0	0	0	0	0	0	0	0	0	0	0	0	0	0	0	0	
253808	Lingual_L	0	0	0	0	0	0	0	0	0	0	0	0	0	0	0	0	0	0	0	0	0	0	0	0	0	0	0	0	0	0	0	0	0	0	312	0	1838	0	2104	0	0	0	11130	2172	784	642	0	2696	1402	800	13856	344	13426	0	19238	154	0	0	0	0	0	0	0	0	0	0	1890	0	0	0	0	0	0	0	0	0	0	0	0	0	0	0	0	0	0	0	0	0	1038	0	10480	658	172	0	160	0	12620	1400	13646	1186	0	0	114	0	446	894	0	0	234	388	6632	2638	0	0	414	996	
250156	Lingual_R	0	280	0	0	0	0	0	0	0	0	0	0	0	0	0	0	0	0	0	660	0	0	0	0	0	0	0	0	0	0	0	0	0	1156	274	5268	270	1106	0	1982	0	0	2626	18972	446	4464	2696	0	0	5044	0	4710	0	3980	626	14370	0	512	0	166	0	0	0	0	0	0	152	10576	280	1412	0	0	0	0	0	0	0	0	0	0	0	0	0	0	0	676	0	0	0	2524	3200	3472	262	220	164	0	1674	5030	5242	5692	530	0	1064	142	630	310	138	0	0	0	4714	6444	714	0	208	0	
210868	Occipital_Sup_L	0	0	0	0	0	0	0	0	0	0	0	0	0	0	0	0	138	0	0	0	0	0	0	0	0	0	0	0	0	0	0	0	0	0	604	0	0	0	0	0	0	0	9388	0	22180	308	1402	0	0	0	35936	0	1068	0	138	0	488	0	7314	0	2910	0	0	0	3232	0	17260	0	196	0	0	0	0	0	0	0	0	0	160	0	174	0	0	0	1758	0	0	0	780	0	0	0	0	0	0	0	0	0	0	0	0	0	0	0	0	0	0	0	0	0	0	0	0	0	0	0	
229984	Occipital_Sup_R	0	0	0	0	0	0	0	0	0	0	0	0	0	0	0	0	0	0	0	0	0	0	0	0	0	0	0	0	0	0	0	0	0	0	0	2314	0	0	0	0	0	0	1010	17108	2460	32470	800	5044	0	0	0	21018	0	1074	0	440	0	1202	0	7762	0	1778	0	0	0	5542	232	12182	0	1448	0	0	0	0	0	0	0	0	0	0	0	0	0	0	0	1108	0	0	0	0	0	0	0	0	0	0	0	0	0	0	0	0	0	0	0	0	0	0	0	0	0	0	0	0	0	0	
463428	Occipital_Mid_L	348	0	0	0	0	0	0	0	0	0	0	0	0	0	0	0	1584	0	0	0	0	0	0	0	0	0	0	0	580	0	0	0	350	0	1154	0	674	0	0	0	0	0	27230	0	19916	164	13856	0	35936	0	0	0	25282	0	7776	0	3022	0	10962	0	13524	0	180	0	22976	0	22152	0	494	370	0	0	0	0	0	0	0	0	1122	0	1298	0	0	0	17066	0	0	0	3698	0	0	0	0	0	0	0	0	0	0	0	0	0	0	0	0	0	0	0	0	0	0	0	0	0	0	0	
213816	Occipital_Mid_R	0	0	0	0	0	0	0	0	0	0	0	0	0	0	0	0	0	0	0	360	0	0	0	0	0	0	0	0	0	0	0	0	0	434	0	1396	0	0	0	0	0	0	298	14696	136	12412	344	4710	0	21018	0	0	0	6760	0	2526	0	990	0	3850	0	1380	0	0	0	8714	226	9598	0	1496	0	0	0	0	0	0	0	0	0	0	0	114	0	0	0	13738	0	0	0	1712	0	0	0	0	0	0	0	0	0	0	0	0	0	0	0	0	0	0	0	0	0	0	0	0	0	0	
147260	Occipital_Inf_L	0	0	0	0	0	0	0	0	0	0	0	0	0	0	0	0	184	0	0	0	0	0	0	0	0	0	0	0	0	0	0	0	0	0	0	0	482	0	0	0	0	0	9600	0	626	0	13426	0	1068	0	25282	0	0	0	14522	0	400	0	124	0	318	0	0	0	348	0	2278	0	0	0	0	0	0	0	0	0	0	0	128	0	0	0	0	0	1258	0	0	0	2852	0	508	0	0	0	0	0	0	0	226	0	0	0	0	0	0	0	0	0	0	0	0	0	0	0	0	0	
67268	Occipital_Inf_R	0	0	0	0	0	0	0	0	0	0	0	0	0	0	0	0	0	0	0	0	0	0	0	0	0	0	0	0	0	0	0	0	0	0	0	276	0	0	0	0	0	0	0	5272	0	962	0	3980	0	1074	0	6760	0	0	0	4392	0	0	0	0	0	0	0	0	0	0	0	2152	0	140	0	0	0	0	0	0	0	0	0	0	0	0	0	0	0	4016	0	0	0	4474	0	0	0	0	0	0	0	0	0	136	0	0	0	0	0	0	0	0	0	0	0	0	0	0	0	0	
364324	Fusiform_L	1046	0	0	0	0	0	0	0	0	0	0	0	0	0	0	0	0	0	0	0	0	0	0	0	0	0	0	0	3208	0	0	0	0	0	878	168	9592	0	3826	0	1628	0	3996	0	168	0	19238	626	138	0	7776	0	14522	0	0	212	1892	0	456	0	542	0	0	0	184	0	2022	0	686	0	0	0	514	0	0	0	0	0	842	0	6106	0	2228	0	3318	0	1938	0	23204	0	20770	774	1186	0	244	0	11692	996	24674	1472	172	0	0	0	0	774	0	0	190	262	4150	2668	0	0	352	832	
285888	Fusiform_R	0	1546	0	0	0	0	0	0	0	0	0	0	0	0	0	0	0	130	0	756	0	0	0	0	0	0	0	0	0	1896	0	0	0	264	400	3070	0	22886	0	19748	0	4814	0	4998	0	268	154	14370	0	440	0	2526	0	4392	212	0	0	1348	0	0	0	0	0	296	0	0	0	3560	452	1202	0	0	0	710	0	0	0	0	0	258	0	2306	0	5436	0	5938	0	2576	0	13556	300	5466	0	0	0	0	0	4784	546	8204	0	0	0	138	0	134	0	0	0	0	1370	1494	0	0	0	0	
403340	Postcentral_L	39124	332	12306	432	0	0	3230	0	0	0	3326	0	280	0	0	0	19100	0	8212	940	0	0	0	0	0	0	0	0	9286	0	0	0	498	0	1064	0	1984	0	120	0	0	0	652	0	604	0	0	0	488	0	3022	0	400	0	1892	0	0	0	12598	0	26168	0	11944	0	5142	0	6106	0	3086	144	1832	0	2846	0	0	0	3234	0	2468	0	8852	0	0	0	3116	0	0	0	6842	0	0	0	0	0	0	0	0	0	0	0	0	0	0	0	0	0	0	0	0	0	0	0	0	0	0	0	
169132	Postcentral_R	198	20970	0	702	0	0	0	206	0	0	0	4994	0	0	0	0	0	3848	196	594	0	0	0	0	0	0	0	0	0	3208	0	0	0	1078	296	1620	0	3904	0	1322	0	0	0	468	0	1254	0	512	0	1202	0	990	0	0	0	1348	0	0	0	4334	0	4986	0	6942	0	476	0	2652	294	6202	154	478	214	3226	0	0	358	2286	0	526	0	888	0	0	0	414	0	0	0	1226	0	0	0	0	0	0	0	0	0	0	0	0	0	0	0	0	0	0	0	0	0	0	0	0	0	0	
192412	Parietal_Sup_L	284	0	0	0	0	0	0	0	0	0	0	0	0	0	0	0	6940	0	0	0	0	0	0	0	0	0	0	0	1288	0	0	0	0	0	156	0	0	0	0	0	0	0	226	0	948	0	0	0	7314	0	10962	0	124	0	456	0	12598	0	0	0	18222	0	360	0	5392	0	12820	0	160	0	0	0	0	0	0	0	0	0	284	0	6980	0	0	0	3160	0	0	0	7532	0	0	0	0	0	0	0	0	0	0	0	0	0	0	0	0	0	0	0	0	0	0	0	0	0	0	0	
180572	Parietal_Sup_R	0	0	0	0	0	0	0	0	0	0	0	0	0	0	0	0	0	0	0	0	0	0	0	0	0	0	0	0	0	0	0	0	0	0	0	374	0	0	0	0	0	0	0	412	256	4252	0	166	0	7762	0	3850	0	0	0	0	0	4334	0	0	0	18844	0	12582	0	16904	368	7322	0	1416	0	0	0	0	0	0	0	0	0	0	0	1508	0	0	0	6312	0	0	0	3624	0	0	0	0	0	0	0	0	0	0	0	0	0	0	0	0	0	0	0	0	0	0	0	0	0	0	
321004	Parietal_Inf_L	3344	0	248	0	0	0	0	0	0	0	0	0	0	0	0	0	7634	0	246	0	0	0	0	0	0	0	0	0	1732	0	0	0	0	0	176	0	0	0	0	0	0	0	328	0	644	0	0	0	2910	0	13524	0	318	0	542	0	26168	0	18222	0	0	0	14478	0	31058	0	6630	0	426	0	0	0	0	0	0	0	0	0	360	0	9558	0	0	0	12040	0	0	0	9916	0	0	0	0	0	0	0	0	0	0	0	0	0	0	0	0	0	0	0	0	0	0	0	0	0	0	0	
168508	Parietal_Inf_R	0	132	0	0	0	0	0	0	0	0	0	0	0	0	0	0	0	0	0	206	0	0	0	0	0	0	0	0	0	0	0	0	0	160	0	250	0	0	0	0	0	0	0	148	0	704	0	0	0	1778	0	1380	0	0	0	0	0	4986	0	18844	0	0	0	19448	0	19180	0	1510	0	168	0	0	0	0	0	0	0	268	0	0	0	2582	0	0	0	7458	0	0	0	5052	0	0	0	0	0	0	0	0	0	0	0	0	0	0	0	0	0	0	0	0	0	0	0	0	0	0	
93008	SupraMarginal_L	738	0	0	0	0	0	0	0	0	0	0	0	0	0	0	0	2904	0	0	0	0	0	0	0	0	0	0	0	1980	0	0	0	0	0	0	0	0	0	0	0	0	0	0	0	0	0	0	0	0	0	180	0	0	0	0	0	11944	0	360	0	14478	0	0	0	5168	0	156	0	0	0	0	0	0	0	0	0	0	0	0	0	5530	0	0	0	2514	0	0	0	552	0	0	0	0	0	0	0	0	0	0	0	0	0	0	0	0	0	0	0	0	0	0	0	0	0	0	0	
159700	SupraMarginal_R	0	298	0	0	0	0	0	0	0	0	0	0	0	0	0	0	0	1514	0	144	0	0	0	0	0	0	0	0	0	764	0	0	0	572	0	232	0	974	0	424	0	0	0	142	0	0	0	0	0	0	0	0	0	0	0	296	0	6942	0	12582	0	19448	0	0	0	13956	0	344	0	422	0	0	0	0	0	0	170	1198	0	0	0	6336	0	0	0	7220	0	0	0	5872	0	0	0	0	0	0	0	0	0	0	0	0	0	0	0	0	0	0	0	0	0	0	0	0	0	0	
217928	Angular_L	130	0	0	0	0	0	0	0	0	0	0	0	0	0	0	0	3374	0	0	0	0	0	0	0	0	0	0	0	566	0	0	0	0	0	152	0	0	0	0	0	0	0	358	0	896	0	0	0	3232	0	22976	0	348	0	184	0	5142	0	5392	0	31058	0	5168	0	0	0	3242	0	204	0	0	0	0	0	0	0	0	0	198	0	5618	0	0	0	15296	0	0	0	5430	0	0	0	0	0	0	0	0	0	0	0	0	0	0	0	0	0	0	0	0	0	0	0	0	0	0	0	
175752	Angular_R	0	0	0	0	0	0	0	0	0	0	0	0	0	0	0	0	0	0	0	0	0	0	0	0	0	0	0	0	0	0	0	0	0	0	0	286	0	0	0	0	0	0	0	498	0	608	0	0	0	5542	0	8714	0	0	0	0	0	476	0	16904	0	19180	0	13956	0	0	0	1498	0	0	0	0	0	0	0	0	0	0	0	0	0	4152	0	0	0	11588	0	0	0	4474	0	0	0	0	0	0	0	0	0	0	0	0	0	0	0	0	0	0	0	0	0	0	0	0	0	0	
296604	Precuneus_L	198	0	0	0	0	0	0	0	0	0	0	0	0	0	0	0	4090	0	0	0	0	0	0	0	0	0	0	0	502	0	0	0	1128	470	7634	384	2880	0	1010	0	0	0	16362	614	15588	1872	1890	152	17260	232	22152	226	2278	0	2022	0	6106	0	12820	368	6630	0	156	0	3242	0	0	4740	1860	342	0	0	0	0	0	0	0	0	224	0	4066	0	0	0	3494	0	0	0	5310	0	0	0	0	0	0	0	0	0	0	0	0	0	0	0	0	0	0	0	0	0	0	0	0	0	0	0	
316948	Precuneus_R	394	166	216	0	0	0	0	0	0	0	0	0	0	0	0	0	0	0	240	2176	0	0	0	0	0	0	0	0	116	0	0	0	846	6212	1484	16080	520	2300	0	1286	0	0	178	24788	914	22788	0	10576	0	12182	0	9598	0	2152	0	3560	0	2652	0	7322	0	1510	0	344	0	1498	4740	0	808	7666	0	0	194	0	0	0	0	0	136	0	0	310	0	0	0	3874	0	0	0	7190	0	0	0	0	0	0	0	238	0	0	0	0	0	0	0	0	0	0	0	0	1220	0	0	0	0	0	
141540	Paracentral_Lobule_L	13020	1554	2928	0	0	0	0	0	0	0	0	0	0	0	0	0	178	0	3802	9002	0	0	0	0	0	0	0	0	746	184	0	0	2726	7484	3492	580	220	814	0	350	0	0	382	396	964	134	0	280	196	0	494	0	0	0	686	452	3086	294	160	0	426	0	0	0	204	0	1860	808	0	9576	156	0	964	0	448	0	0	0	124	250	0	372	0	0	164	120	0	0	438	256	0	0	0	0	0	0	0	0	0	0	0	0	0	0	0	0	0	0	0	0	0	0	0	0	0	0	
199092	Paracentral_Lobule_R	6778	5876	398	670	0	0	0	0	0	0	0	0	0	0	0	0	0	0	1032	19478	0	0	0	0	0	0	0	0	0	0	0	0	488	17338	616	3222	0	684	0	442	0	0	128	2892	274	3454	0	1412	0	1448	370	1496	0	140	0	1202	144	6202	0	1416	0	168	0	422	0	0	342	7666	9576	0	384	118	208	0	0	0	0	336	0	148	0	566	0	0	0	442	0	0	0	1570	0	0	0	0	0	0	0	0	0	0	0	0	0	0	0	0	0	0	0	0	0	0	0	0	0	0	
267044	Caudate_L	2752	1242	16172	5274	274	0	374	1366	0	0	880	1836	258	0	0	0	154	410	11596	5364	5272	5922	132	0	724	0	640	224	1734	2088	7900	4840	0	1030	0	0	298	226	0	0	0	0	0	0	0	0	0	0	0	0	0	0	0	0	0	0	1832	154	0	0	0	0	0	0	0	0	0	0	156	384	0	12482	22016	1290	1900	564	11346	2416	0	0	0	0	0	0	0	0	0	0	0	0	0	0	0	0	0	0	0	0	0	0	0	0	0	0	0	0	0	0	0	0	0	0	0	0	0	0	
326472	Caudate_R	0	4256	1366	17562	0	938	0	3542	0	2196	124	7832	0	3430	0	1324	0	1248	2250	12612	2480	6784	152	2556	0	3490	0	2130	474	10492	4230	25744	0	250	0	0	0	224	0	0	0	0	0	0	0	0	0	0	0	0	0	0	0	0	0	0	0	478	0	0	0	0	0	0	0	0	0	0	0	118	12482	0	4064	14630	144	1766	0	11868	0	0	0	0	0	0	0	0	0	0	0	0	0	0	0	0	0	0	0	0	0	0	0	0	0	0	0	0	0	0	0	0	0	0	0	0	0	0	
371784	Putamen_L	5318	1318	30076	1516	8376	0	1930	320	3110	0	2008	0	470	0	3604	0	1244	0	20684	3430	3472	4162	520	0	618	0	648	178	19528	0	9058	2136	178	1640	0	0	7134	0	736	0	334	0	0	0	0	0	0	0	0	0	0	0	0	0	514	0	2846	214	0	0	0	0	0	0	0	0	0	194	964	208	22016	4064	0	774	8332	204	9718	0	0	0	546	0	1098	0	0	0	0	0	454	0	0	0	0	0	0	0	0	0	0	0	0	0	0	0	0	0	0	0	0	0	0	0	0	0	0	0	
218136	Putamen_R	122	5096	284	5750	0	1336	0	4364	0	2736	0	3904	0	1352	0	3826	0	2120	848	3844	344	1660	0	3696	0	2642	0	2026	0	16484	1200	9634	0	0	0	0	0	9158	0	1622	0	610	0	0	0	0	0	0	0	0	0	0	0	0	0	710	0	3226	0	0	0	0	0	0	0	0	0	0	0	0	1290	14630	774	0	0	1836	116	1152	0	266	0	226	0	184	0	0	0	0	0	0	0	0	0	0	0	0	0	0	0	0	0	0	0	0	0	0	0	0	0	0	0	0	0	0	0	0	
57112	Pallidum_L	592	336	5194	384	0	0	0	0	0	0	0	0	0	0	0	0	116	0	6742	908	0	118	0	0	0	0	0	0	0	0	0	0	0	542	0	0	184	0	0	0	0	0	0	0	0	0	0	0	0	0	0	0	0	0	0	0	0	0	0	0	0	0	0	0	0	0	0	0	448	0	1900	144	8332	0	0	0	2616	0	0	0	0	0	0	0	0	0	0	0	0	0	0	0	0	0	0	0	0	0	0	0	0	0	0	0	0	0	0	0	0	0	0	0	0	0	0	0	
19348	Pallidum_R	0	1038	152	926	0	0	0	1014	0	0	0	0	0	0	0	0	0	0	242	0	0	368	0	0	0	0	0	0	0	188	304	390	0	0	0	0	0	472	0	210	0	0	0	0	0	0	0	0	0	0	0	0	0	0	0	0	0	0	0	0	0	0	0	0	0	0	0	0	0	0	564	1766	204	1836	0	0	0	0	0	0	0	0	0	0	0	0	0	0	0	0	0	0	0	0	0	0	0	0	0	0	0	0	0	0	0	0	0	0	0	0	0	0	0	0	0	0	
164828	Thalamus_L	14184	376	10148	226	0	0	1492	0	0	0	340	128	0	0	0	0	180	0	4532	832	0	0	0	0	0	0	0	0	496	0	196	0	0	0	2866	4834	4770	4374	0	196	0	0	0	0	0	0	0	0	0	0	0	0	0	0	0	0	3234	358	0	0	0	0	0	170	0	0	0	0	0	0	11346	0	9718	116	2616	0	0	4686	0	0	0	0	0	0	0	0	0	0	0	0	0	0	0	0	0	0	0	0	0	0	0	0	0	0	0	0	0	0	0	0	0	0	0	0	0	0	
130248	Thalamus_R	1454	4866	468	14034	0	0	0	1212	0	0	0	490	0	0	0	0	0	1134	458	8966	0	0	0	0	0	0	0	0	0	1252	0	202	0	0	510	1578	750	3242	0	298	0	0	0	0	0	0	0	0	0	0	0	0	0	0	0	0	0	2286	0	0	0	268	0	1198	0	0	0	0	0	336	2416	11868	0	1152	0	0	4686	0	0	0	0	0	0	0	0	0	0	0	0	0	0	0	0	0	0	0	0	0	0	0	0	0	0	0	0	0	0	0	0	0	0	0	0	0	0	0	
49488	Heschl_L	1770	0	1060	0	0	0	0	0	0	0	248	0	0	0	0	0	2756	0	1040	0	0	0	0	0	0	0	0	0	3468	0	0	0	0	0	280	246	1514	0	0	0	0	0	136	0	130	0	0	0	160	0	1122	0	128	0	842	0	2468	0	284	0	360	0	0	0	198	0	224	136	124	0	0	0	0	0	0	0	0	0	0	0	2162	0	0	0	2438	0	0	0	1450	0	0	0	0	0	0	0	0	0	0	0	0	0	0	0	0	0	0	0	0	0	0	0	0	0	0	0	
28136	Heschl_R	0	568	0	180	0	0	0	126	0	0	0	138	0	0	0	0	0	2966	162	212	0	0	0	0	0	0	0	0	0	950	0	0	0	0	222	0	0	236	0	210	0	0	0	0	0	0	0	0	0	0	0	0	0	0	0	258	0	526	0	0	0	0	0	0	0	0	0	0	250	148	0	0	0	266	0	0	0	0	0	0	0	5636	0	124	0	500	0	0	0	390	0	0	0	0	0	0	0	0	0	0	0	0	0	0	0	0	0	0	0	0	0	0	0	0	0	0	
259284	Temporal_Sup_L	1922	0	1888	0	0	0	132	0	0	0	1158	0	192	0	0	0	13564	0	1808	0	0	0	0	0	0	0	0	0	5514	0	0	0	0	0	0	0	2818	0	312	0	0	0	202	0	868	0	0	0	174	0	1298	0	0	0	6106	0	8852	0	6980	0	9558	0	5530	0	5618	0	4066	0	0	0	0	0	546	0	0	0	0	0	2162	0	0	0	2596	0	22168	0	414	0	23196	0	0	0	0	0	0	0	0	0	0	0	0	0	0	0	0	0	0	0	0	0	0	0	0	0	0	0	
107844	Temporal_Sup_R	0	606	0	118	0	0	0	134	0	0	0	152	0	0	0	802	0	2550	0	316	0	0	0	0	0	0	0	0	0	3048	0	0	0	318	312	0	0	2328	0	1288	0	0	0	126	0	0	0	0	0	0	0	114	0	0	0	2306	0	888	0	1508	0	2582	0	6336	0	4152	0	310	372	566	0	0	0	226	0	0	0	0	0	5636	0	0	0	1660	0	10062	0	380	0	4598	0	0	0	0	0	0	0	128	0	0	0	0	0	0	0	0	0	0	0	0	0	0	0	0	0	0	
89160	Temporal_Pole_Sup_L	118	0	2832	0	1010	0	186	0	0	0	2858	0	564	0	2584	0	1776	0	2634	0	754	0	0	0	0	0	0	0	6424	0	0	0	0	0	0	0	856	0	526	0	758	0	0	0	0	0	0	0	0	0	0	0	0	0	2228	0	0	0	0	0	0	0	0	0	0	0	0	0	0	0	0	0	1098	0	0	0	0	0	0	0	2596	0	0	0	5002	0	5560	0	4216	0	0	0	0	0	0	0	0	0	0	0	0	0	0	0	0	0	0	0	0	0	0	0	0	0	0	0	
55468	Temporal_Pole_Sup_R	0	0	0	1084	0	0	0	1102	0	0	0	1364	0	0	0	886	0	1750	0	162	0	0	0	0	0	0	0	0	0	2024	0	0	0	0	0	0	0	1474	0	3930	0	2694	0	0	0	0	0	0	0	0	0	0	0	0	0	5436	0	0	0	0	0	0	0	0	0	0	0	0	0	0	0	0	0	184	0	0	0	0	0	124	0	1660	0	0	0	360	0	2328	0	1172	0	0	0	0	0	0	0	0	0	0	0	0	0	0	0	0	0	0	0	0	0	0	0	0	0	0	
276716	Temporal_Mid_L	416	0	0	0	0	0	0	0	0	0	0	0	0	0	0	0	2996	0	0	0	0	0	0	0	0	0	0	0	2404	0	0	0	0	0	294	0	1690	0	0	0	0	0	1600	0	1280	0	0	0	1758	0	17066	0	1258	0	3318	0	3116	0	3160	0	12040	0	2514	0	15296	0	3494	0	164	0	0	0	0	0	0	0	0	0	2438	0	22168	0	5002	0	0	0	4670	0	30216	0	0	0	0	0	0	0	0	0	0	0	0	0	0	0	0	0	0	0	0	0	0	0	0	0	0	0	
214360	Temporal_Mid_R	0	282	0	0	0	0	0	0	0	0	0	0	0	0	0	136	0	0	0	332	0	0	0	0	0	0	0	0	0	990	0	0	0	290	0	654	0	3514	0	464	0	0	0	3728	0	752	0	676	0	1108	0	13738	0	4016	0	5938	0	414	0	6312	0	7458	0	7220	0	11588	0	3874	120	442	0	0	0	0	0	0	0	0	0	500	0	10062	0	360	0	0	0	940	0	21272	0	0	0	0	0	0	0	0	0	0	0	0	0	0	0	0	0	0	0	0	0	0	0	0	0	0	
35648	Temporal_Pole_Mid_L	0	0	0	0	0	0	0	0	0	0	0	0	0	0	0	0	0	0	0	0	0	0	0	0	0	0	0	0	0	0	0	0	0	0	0	0	238	0	542	0	354	0	0	0	0	0	0	0	0	0	0	0	0	0	1938	0	0	0	0	0	0	0	0	0	0	0	0	0	0	0	0	0	0	0	0	0	0	0	0	0	414	0	5560	0	4670	0	0	0	4108	0	0	0	0	0	0	0	0	0	0	0	0	0	0	0	0	0	0	0	0	0	0	0	0	0	0	0	
16592	Temporal_Pole_Mid_R	0	0	0	0	0	0	0	0	0	0	0	0	0	0	0	0	0	0	0	0	0	0	0	0	0	0	0	0	0	0	0	0	0	0	0	0	0	0	0	1088	0	0	0	0	0	0	0	0	0	0	0	0	0	0	0	2576	0	0	0	0	0	0	0	0	0	0	0	0	0	0	0	0	0	0	0	0	0	0	0	0	0	380	0	2328	0	940	0	0	0	984	0	0	0	0	0	0	0	0	0	0	0	0	0	0	0	0	0	0	0	0	0	0	0	0	0	0	
313264	Temporal_Inf_L	692	0	0	0	0	0	0	0	0	0	0	0	0	0	0	0	8804	0	0	0	0	0	0	0	0	0	0	0	3642	0	0	0	0	0	730	166	6468	0	878	0	0	0	1282	0	1086	0	1038	0	780	0	3698	0	2852	0	23204	0	6842	0	7532	0	9916	0	552	0	5430	0	5310	0	438	0	0	0	454	0	0	0	0	0	1450	0	23196	0	4216	0	30216	0	4108	0	0	0	1228	0	0	0	0	0	0	0	424	0	0	0	0	0	0	0	0	0	0	0	0	0	0	0	0	0	
197032	Temporal_Inf_R	0	770	0	0	0	0	0	0	0	0	0	0	0	0	0	0	0	0	0	898	0	0	0	0	0	0	0	0	0	838	0	0	0	742	196	2720	0	4460	0	1666	0	0	0	5586	0	456	0	2524	0	0	0	1712	0	4474	0	13556	0	1226	0	3624	0	5052	0	5872	0	4474	0	7190	256	1570	0	0	0	0	0	0	0	0	0	390	0	4598	0	1172	0	21272	0	984	0	0	0	238	0	0	0	0	0	0	0	0	0	0	0	0	0	0	0	0	0	0	0	0	0	0	0	0	
449584	Cerebelum_Crus1_L	0	0	0	0	0	0	0	0	0	0	0	0	0	0	0	0	0	0	0	0	0	0	0	0	0	0	0	0	0	0	0	0	0	0	0	0	0	0	0	0	0	0	0	0	0	0	10480	3200	0	0	0	0	508	0	20770	300	0	0	0	0	0	0	0	0	0	0	0	0	0	0	0	0	0	0	0	0	0	0	0	0	0	0	0	0	0	0	0	0	1228	0	0	4482	29640	2576	596	348	22902	2672	63200	4780	12078	284	13384	1360	386	832	128	0	342	588	10248	11172	4894	362	586	466	
448352	Cerebelum_Crus1_R	0	0	0	0	0	0	0	0	0	0	0	0	0	0	0	0	0	0	0	0	0	0	0	0	0	0	0	0	0	0	0	0	0	0	0	0	0	0	0	0	0	0	0	0	0	0	658	3472	0	0	0	0	0	0	774	5466	0	0	0	0	0	0	0	0	0	0	0	0	0	0	0	0	0	0	0	0	0	0	0	0	0	0	0	0	0	0	0	0	0	238	4482	0	1988	34380	0	2120	1460	21692	6988	57900	1104	10074	2776	25744	240	4460	140	356	116	1234	7516	14830	8558	2682	2728	0	
227096	Cerebelum_Crus2_L	0	0	0	0	0	0	0	0	0	0	0	0	0	0	0	0	0	0	0	0	0	0	0	0	0	0	0	0	0	0	0	0	0	0	0	0	0	0	0	0	0	0	0	0	0	0	172	262	0	0	0	0	0	0	1186	0	0	0	0	0	0	0	0	0	0	0	0	0	0	0	0	0	0	0	0	0	0	0	0	0	0	0	0	0	0	0	0	0	0	0	29640	1988	0	7452	0	0	1242	116	6950	178	27412	3446	23686	2742	1364	0	0	0	0	0	576	972	3524	640	0	0	
261392	Cerebelum_Crus2_R	0	0	0	0	0	0	0	0	0	0	0	0	0	0	0	0	0	0	0	0	0	0	0	0	0	0	0	0	0	0	0	0	0	0	0	0	0	0	0	0	0	0	0	0	0	0	0	220	0	0	0	0	0	0	0	0	0	0	0	0	0	0	0	0	0	0	0	0	0	0	0	0	0	0	0	0	0	0	0	0	0	0	0	0	0	0	0	0	0	0	2576	34380	7452	0	0	190	142	870	1360	6918	3008	22528	4048	30228	0	1758	0	0	0	0	444	2682	9440	1954	498	0	
21732	Cerebelum_3_L	0	0	0	0	0	0	0	0	0	0	0	0	0	0	0	0	0	0	0	0	0	0	0	0	0	0	0	0	0	0	0	0	0	0	0	0	0	0	0	0	0	0	0	0	0	0	160	164	0	0	0	0	0	0	244	0	0	0	0	0	0	0	0	0	0	0	0	0	0	0	0	0	0	0	0	0	0	0	0	0	0	0	0	0	0	0	0	0	0	0	596	0	0	0	0	0	4824	194	1462	0	0	0	164	0	142	0	0	0	680	1028	1088	120	0	0	0	0	
31804	Cerebelum_3_R	0	0	0	0	0	0	0	0	0	0	0	0	0	0	0	0	0	0	0	0	0	0	0	0	0	0	0	0	0	0	0	0	0	0	0	0	0	0	0	0	0	0	0	0	0	0	0	0	0	0	0	0	0	0	0	0	0	0	0	0	0	0	0	0	0	0	0	0	0	0	0	0	0	0	0	0	0	0	0	0	0	0	0	0	0	0	0	0	0	0	348	2120	0	190	0	0	600	4156	362	4058	0	0	0	514	0	134	0	0	204	1728	1358	130	0	0	0	0	
274048	Cerebelum_4_5_L	0	0	0	0	0	0	0	0	0	0	0	0	0	0	0	0	0	0	0	0	0	0	0	0	0	0	0	0	0	0	0	0	0	0	0	0	0	0	0	0	0	0	0	0	0	0	12620	1674	0	0	0	0	0	0	11692	0	0	0	0	0	0	0	0	0	0	0	0	0	0	0	0	0	0	0	0	0	0	0	0	0	0	0	0	0	0	0	0	0	0	0	22902	1460	1242	142	4824	600	0	4776	34840	2190	968	0	1186	866	3926	1498	466	0	1338	2306	18930	3298	0	0	1244	2036	
231360	Cerebelum_4_5_R	0	0	0	0	0	0	0	0	0	0	0	0	0	0	0	0	0	0	0	0	0	0	0	0	0	0	0	0	0	0	0	0	0	0	0	0	0	802	0	1182	0	0	0	190	0	0	1400	5030	0	0	0	0	0	0	996	4784	0	0	0	0	0	0	0	0	0	0	0	238	0	0	0	0	0	0	0	0	0	0	0	0	0	128	0	0	0	0	0	0	0	0	2672	21692	116	870	194	4156	4776	0	5144	29580	206	194	430	2118	1028	2420	250	0	232	1968	14180	5688	606	254	1732	424	
459536	Cerebelum_6_L	0	0	0	0	0	0	0	0	0	0	0	0	0	0	0	0	0	0	0	0	0	0	0	0	0	0	0	0	0	0	0	0	0	0	0	0	0	0	0	0	0	0	0	0	0	0	13646	5242	0	0	0	0	226	0	24674	546	0	0	0	0	0	0	0	0	0	0	0	0	0	0	0	0	0	0	0	0	0	0	0	0	0	0	0	0	0	0	0	0	424	0	63200	6988	6950	1360	1462	362	34840	5144	0	7998	4730	0	6752	960	2602	1142	652	144	342	602	15580	16972	4218	536	942	532	
391524	Cerebelum_6_R	0	0	0	0	0	0	0	0	0	0	0	0	0	0	0	0	0	0	0	0	0	0	0	0	0	0	0	0	0	0	0	0	0	0	0	0	0	460	0	368	0	0	0	130	0	0	1186	5692	0	0	0	0	0	136	1472	8204	0	0	0	0	0	0	0	0	0	0	0	0	0	0	0	0	0	0	0	0	0	0	0	0	0	0	0	0	0	0	0	0	0	0	4780	57900	178	6918	0	4058	2190	29580	7998	0	662	2592	1996	11862	440	5078	184	504	334	1916	10834	17164	4542	2442	3706	256	
203964	Cerebelum_7b_L	0	0	0	0	0	0	0	0	0	0	0	0	0	0	0	0	0	0	0	0	0	0	0	0	0	0	0	0	0	0	0	0	0	0	0	0	0	0	0	0	0	0	0	0	0	0	0	530	0	0	0	0	0	0	172	0	0	0	0	0	0	0	0	0	0	0	0	0	0	0	0	0	0	0	0	0	0	0	0	0	0	0	0	0	0	0	0	0	0	0	12078	1104	27412	3008	0	0	968	206	4730	662	0	754	33756	2844	3434	244	348	0	0	0	448	1726	4682	2750	126	0	
125992	Cerebelum_7b_R	0	0	0	0	0	0	0	0	0	0	0	0	0	0	0	0	0	0	0	0	0	0	0	0	0	0	0	0	0	0	0	0	0	0	0	0	0	0	0	0	0	0	0	0	0	0	0	0	0	0	0	0	0	0	0	0	0	0	0	0	0	0	0	0	0	0	0	0	0	0	0	0	0	0	0	0	0	0	0	0	0	0	0	0	0	0	0	0	0	0	284	10074	3446	22528	0	0	0	194	0	2592	754	0	902	19146	0	1188	0	0	0	0	0	0	1320	568	0	0	
256384	Cerebelum_8_L	0	0	0	0	0	0	0	0	0	0	0	0	0	0	0	0	0	0	0	0	0	0	0	0	0	0	0	0	0	0	0	0	0	0	0	0	0	0	0	0	0	0	0	0	0	0	114	1064	0	0	0	0	0	0	0	0	0	0	0	0	0	0	0	0	0	0	0	0	0	0	0	0	0	0	0	0	0	0	0	0	0	0	0	0	0	0	0	0	0	0	13384	2776	23686	4048	164	0	1186	430	6752	1996	33756	902	0	5936	10048	1782	1440	0	0	0	950	3562	6462	6252	1502	0	
277504	Cerebelum_8_R	0	0	0	0	0	0	0	0	0	0	0	0	0	0	0	0	0	0	0	0	0	0	0	0	0	0	0	0	0	0	0	0	0	0	0	0	0	0	0	0	0	0	0	0	0	0	0	142	0	0	0	0	0	0	0	138	0	0	0	0	0	0	0	0	0	0	0	0	0	0	0	0	0	0	0	0	0	0	0	0	0	0	0	0	0	0	0	0	0	0	1360	25744	2742	30228	0	514	866	2118	960	11862	2844	19146	5936	0	194	15974	0	548	0	364	2280	1796	5530	5780	1444	242	
76032	Cerebelum_9_L	0	0	0	0	0	0	0	0	0	0	0	0	0	0	0	0	0	0	0	0	0	0	0	0	0	0	0	0	0	0	0	0	0	0	0	0	0	0	0	0	0	0	0	0	0	0	446	630	0	0	0	0	0	0	0	0	0	0	0	0	0	0	0	0	0	0	0	0	0	0	0	0	0	0	0	0	0	0	0	0	0	0	0	0	0	0	0	0	0	0	386	240	1364	0	142	0	3926	1028	2602	440	3434	0	10048	194	0	1908	3682	0	0	0	2866	1910	0	414	1696	660	
124288	Cerebelum_9_R	0	0	0	0	0	0	0	0	0	0	0	0	0	0	0	0	0	0	0	0	0	0	0	0	0	0	0	0	0	0	0	0	0	0	0	0	0	0	0	0	0	0	0	0	0	0	894	310	0	0	0	0	0	0	774	134	0	0	0	0	0	0	0	0	0	0	0	0	0	0	0	0	0	0	0	0	0	0	0	0	0	0	0	0	0	0	0	0	0	0	832	4460	0	1758	0	134	1498	2420	1142	5078	244	1188	1782	15974	1908	0	0	1098	228	324	2442	5440	1980	2280	6050	1772	
16112	Cerebelum_10_L	0	0	0	0	0	0	0	0	0	0	0	0	0	0	0	0	0	0	0	0	0	0	0	0	0	0	0	0	0	0	0	0	0	0	0	0	0	0	0	0	0	0	0	0	0	0	0	138	0	0	0	0	0	0	0	0	0	0	0	0	0	0	0	0	0	0	0	0	0	0	0	0	0	0	0	0	0	0	0	0	0	0	0	0	0	0	0	0	0	0	128	140	0	0	0	0	466	250	652	184	348	0	1440	0	3682	0	0	0	0	0	264	364	0	0	0	0	
7420	Cerebelum_10_R	0	0	0	0	0	0	0	0	0	0	0	0	0	0	0	0	0	0	0	0	0	0	0	0	0	0	0	0	0	0	0	0	0	0	0	0	0	0	0	0	0	0	0	0	0	0	0	0	0	0	0	0	0	0	0	0	0	0	0	0	0	0	0	0	0	0	0	0	0	0	0	0	0	0	0	0	0	0	0	0	0	0	0	0	0	0	0	0	0	0	0	356	0	0	0	0	0	0	144	504	0	0	0	548	0	1098	0	0	0	0	0	364	0	324	372	0	
18548	Vermis_1_2	0	0	0	0	0	0	0	0	0	0	0	0	0	0	0	0	0	0	0	0	0	0	0	0	0	0	0	0	0	0	0	0	0	0	0	0	0	0	0	0	0	0	0	0	0	0	234	0	0	0	0	0	0	0	190	0	0	0	0	0	0	0	0	0	0	0	0	0	0	0	0	0	0	0	0	0	0	0	0	0	0	0	0	0	0	0	0	0	0	0	342	116	0	0	680	204	1338	232	342	334	0	0	0	0	0	228	0	0	0	3202	1378	170	0	0	156	128	
40788	Vermis_3	0	0	0	0	0	0	0	0	0	0	0	0	0	0	0	0	0	0	0	0	0	0	0	0	0	0	0	0	0	0	0	0	0	0	0	0	120	0	242	0	0	0	0	0	0	0	388	0	0	0	0	0	0	0	262	0	0	0	0	0	0	0	0	0	0	0	0	0	0	0	0	0	0	0	0	0	0	0	0	0	0	0	0	0	0	0	0	0	0	0	588	1234	0	0	1028	1728	2306	1968	602	1916	0	0	0	364	0	324	0	0	3202	0	3446	286	0	0	236	154	
251616	Vermis_4_5	0	0	0	0	0	0	0	0	0	0	0	0	0	0	0	0	0	0	0	0	0	0	0	0	0	0	0	0	0	0	0	0	0	0	248	886	206	316	0	0	0	0	0	116	0	0	6632	4714	0	0	0	0	0	0	4150	1370	0	0	0	0	0	0	0	0	0	0	0	1220	0	0	0	0	0	0	0	0	0	0	0	0	0	0	0	0	0	0	0	0	0	0	10248	7516	576	444	1088	1358	18930	14180	15580	10834	448	0	950	2280	2866	2442	264	0	1378	3446	0	6582	186	0	1936	2418	
246276	Vermis_6	0	0	0	0	0	0	0	0	0	0	0	0	0	0	0	0	0	0	0	0	0	0	0	0	0	0	0	0	0	0	0	0	0	0	0	0	0	0	0	0	0	0	0	134	0	0	2638	6444	0	0	0	0	0	0	2668	1494	0	0	0	0	0	0	0	0	0	0	0	0	0	0	0	0	0	0	0	0	0	0	0	0	0	0	0	0	0	0	0	0	0	0	11172	14830	972	2682	120	130	3298	5688	16972	17164	1726	0	3562	1796	1910	5440	364	364	170	286	6582	0	5720	1688	5026	2098	
134280	Vermis_7	0	0	0	0	0	0	0	0	0	0	0	0	0	0	0	0	0	0	0	0	0	0	0	0	0	0	0	0	0	0	0	0	0	0	0	0	0	0	0	0	0	0	0	0	0	0	0	714	0	0	0	0	0	0	0	0	0	0	0	0	0	0	0	0	0	0	0	0	0	0	0	0	0	0	0	0	0	0	0	0	0	0	0	0	0	0	0	0	0	0	4894	8558	3524	9440	0	0	0	606	4218	4542	4682	1320	6462	5530	0	1980	0	0	0	0	186	5720	0	3136	1628	0	
69804	Vermis_8	0	0	0	0	0	0	0	0	0	0	0	0	0	0	0	0	0	0	0	0	0	0	0	0	0	0	0	0	0	0	0	0	0	0	0	0	0	0	0	0	0	0	0	0	0	0	0	0	0	0	0	0	0	0	0	0	0	0	0	0	0	0	0	0	0	0	0	0	0	0	0	0	0	0	0	0	0	0	0	0	0	0	0	0	0	0	0	0	0	0	362	2682	640	1954	0	0	0	254	536	2442	2750	568	6252	5780	414	2280	0	324	0	0	0	1688	3136	0	2840	0	
73660	Vermis_9	0	0	0	0	0	0	0	0	0	0	0	0	0	0	0	0	0	0	0	0	0	0	0	0	0	0	0	0	0	0	0	0	0	0	0	0	0	0	0	0	0	0	0	0	0	0	414	208	0	0	0	0	0	0	352	0	0	0	0	0	0	0	0	0	0	0	0	0	0	0	0	0	0	0	0	0	0	0	0	0	0	0	0	0	0	0	0	0	0	0	586	2728	0	498	0	0	1244	1732	942	3706	126	0	1502	1444	1696	6050	0	372	156	236	1936	5026	1628	2840	0	1408	
28844	Vermis_10	0	0	0	0	0	0	0	0	0	0	0	0	0	0	0	0	0	0	0	0	0	0	0	0	0	0	0	0	0	0	0	0	0	0	0	0	0	0	0	0	0	0	0	0	0	0	996	0	0	0	0	0	0	0	832	0	0	0	0	0	0	0	0	0	0	0	0	0	0	0	0	0	0	0	0	0	0	0	0	0	0	0	0	0	0	0	0	0	0	0	466	0	0	0	0	0	2036	424	532	256	0	0	0	242	660	1772	0	0	128	154	2418	2098	0	0	1408	0	
