data	data	371328	171904	812728	501176	110988	103644	471052	115504	195500	168436	270572	307580	294832	217428	248812	249160	258192	165928	741068	710192	91996	108340	250200	224472	18864	77248	76580	63204	712164	518040	255088	343024	109744	428404	75792	90888	231960	222912	74500	122864	45108	67740	218440	284696	155868	237440	267348	395004	183968	245156	438324	162480	126620	92748	326544	408692	206648	120876	122584	44832	180580	114160	91552	97852	136444	157368	208780	254060	78468	120152	399296	796604	460280	350916	49704	39528	120704	213776	88880	42588	242940	88368	137444	43356	259952	165664	19532	25512	214900	171844	424080	415600	337416	261640	46440	61572	322664	257656	461480	427496	274020	90732	356812	293100	171800	144776	43992	20544	31200	60772	284584	201768	194744	147660	118020	34188	
data	data	Precentral_L	Precentral_R	Frontal_Sup_L	Frontal_Sup_R	Frontal_Sup_Orb_L	Frontal_Sup_Orb_R	Frontal_Mid_L	Frontal_Mid_R	Frontal_Mid_Orb_L	Frontal_Mid_Orb_R	Frontal_Inf_Oper_L	Frontal_Inf_Oper_R	Frontal_Inf_Tri_L	Frontal_Inf_Tri_R	Frontal_Inf_Orb_L	Frontal_Inf_Orb_R	Rolandic_Oper_L	Rolandic_Oper_R	Supp_Motor_Area_L	Supp_Motor_Area_R	Olfactory_L	Olfactory_R	Frontal_Sup_Medial_L	Frontal_Sup_Medial_R	Frontal_Med_Orb_L	Frontal_Med_Orb_R	Rectus_L	Rectus_R	Insula_L	Insula_R	Cingulum_Ant_L	Cingulum_Ant_R	Cingulum_Mid_L	Cingulum_Mid_R	Cingulum_Post_L	Cingulum_Post_R	Hippocampus_L	Hippocampus_R	ParaHippocampal_L	ParaHippocampal_R	Amygdala_L	Amygdala_R	Calcarine_L	Calcarine_R	Cuneus_L	Cuneus_R	Lingual_L	Lingual_R	Occipital_Sup_L	Occipital_Sup_R	Occipital_Mid_L	Occipital_Mid_R	Occipital_Inf_L	Occipital_Inf_R	Fusiform_L	Fusiform_R	Postcentral_L	Postcentral_R	Parietal_Sup_L	Parietal_Sup_R	Parietal_Inf_L	Parietal_Inf_R	SupraMarginal_L	SupraMarginal_R	Angular_L	Angular_R	Precuneus_L	Precuneus_R	Paracentral_Lobule_L	Paracentral_Lobule_R	Caudate_L	Caudate_R	Putamen_L	Putamen_R	Pallidum_L	Pallidum_R	Thalamus_L	Thalamus_R	Heschl_L	Heschl_R	Temporal_Sup_L	Temporal_Sup_R	Temporal_Pole_Sup_L	Temporal_Pole_Sup_R	Temporal_Mid_L	Temporal_Mid_R	Temporal_Pole_Mid_L	Temporal_Pole_Mid_R	Temporal_Inf_L	Temporal_Inf_R	Cerebelum_Crus1_L	Cerebelum_Crus1_R	Cerebelum_Crus2_L	Cerebelum_Crus2_R	Cerebelum_3_L	Cerebelum_3_R	Cerebelum_4_5_L	Cerebelum_4_5_R	Cerebelum_6_L	Cerebelum_6_R	Cerebelum_7b_L	Cerebelum_7b_R	Cerebelum_8_L	Cerebelum_8_R	Cerebelum_9_L	Cerebelum_9_R	Cerebelum_10_L	Cerebelum_10_R	Vermis_1_2	Vermis_3	Vermis_4_5	Vermis_6	Vermis_7	Vermis_8	Vermis_9	Vermis_10	
371328	Precentral_L	0	426	13174	584	0	0	24102	0	100	90	11112	0	1246	0	162	168	9072	158	13896	8568	0	0	94	0	0	0	0	0	13380	432	0	0	1376	3414	1992	560	4184	1034	0	94	0	0	180	0	0	78	0	0	0	80	874	0	132	0	598	0	23612	348	536	0	5240	0	988	0	198	0	460	0	6934	958	1010	3036	6486	170	1748	0	10882	3362	4434	0	2362	0	378	0	642	0	0	0	424	96	0	0	0	0	0	0	0	0	0	0	0	0	0	0	0	0	0	0	0	0	0	0	0	0	0	0	
171904	Precentral_R	426	0	348	9758	0	0	0	2704	0	0	0	5748	0	226	0	0	0	2070	866	11184	0	0	0	0	0	0	0	0	0	2046	0	0	0	2266	168	800	0	2226	0	242	0	0	0	476	0	640	0	658	0	182	0	204	0	208	0	1450	110	14976	0	0	0	1262	0	1698	0	274	0	1144	214	3232	208	2004	0	2810	192	82	646	6546	0	576	0	866	0	0	0	1696	0	0	0	2520	0	0	0	0	0	0	0	0	0	0	0	0	0	0	0	0	0	0	0	0	0	0	0	0	0	0	
812728	Frontal_Sup_L	13174	348	0	3710	4444	0	66742	128	6566	1846	16820	2694	15052	1802	6364	2588	8720	1432	72404	13648	0	0	28630	2446	194	0	0	0	25998	3936	16646	3628	4140	5080	488	84	3978	284	0	96	0	88	0	0	0	0	0	0	0	0	192	0	0	0	168	0	1934	178	134	0	250	0	0	0	0	0	180	0	850	178	7362	16790	19378	1608	3202	144	3790	5690	868	218	4672	100	3752	0	130	0	0	0	320	78	0	0	0	0	0	0	0	0	0	0	0	0	0	0	0	0	0	0	0	0	0	0	0	0	0	0	
501176	Frontal_Sup_R	584	9758	3710	0	0	5862	702	22216	126	1040	100	8552	270	7234	154	2826	0	3166	8966	41508	0	0	9242	28578	0	1314	0	120	1062	12522	2926	19316	756	18140	0	218	0	712	0	0	0	0	0	0	0	76	0	114	0	0	0	0	0	0	0	178	150	1982	0	0	0	212	0	366	0	0	0	108	444	466	2330	16944	108	6878	498	1008	2198	4046	0	0	0	94	0	276	0	170	0	0	0	262	0	0	0	0	0	0	0	0	0	0	0	0	0	0	0	0	0	0	0	0	0	0	0	0	0	0	
110988	Frontal_Sup_Orb_L	0	0	4444	0	0	0	324	0	9680	0	0	0	106	0	7552	0	0	0	0	0	3018	1458	2038	0	1092	0	6906	130	2954	126	2798	342	0	0	0	0	0	0	0	0	0	0	0	0	0	0	0	0	0	0	0	0	0	0	0	0	0	0	0	0	0	0	0	0	0	0	0	0	0	0	5734	930	4848	270	130	0	0	0	0	0	0	0	614	0	0	0	0	0	0	0	0	0	0	0	0	0	0	0	0	0	0	0	0	0	0	0	0	0	0	0	0	0	0	0	0	0	
103644	Frontal_Sup_Orb_R	0	0	0	5862	0	0	0	1114	0	4146	0	0	0	196	0	4898	0	0	0	90	218	1198	0	3246	150	5922	186	6006	0	2546	340	2776	0	0	0	0	0	0	0	0	0	126	0	0	0	0	0	0	0	0	0	0	0	0	0	0	0	0	0	0	0	0	0	0	0	0	0	0	0	0	226	5344	0	6144	0	1088	0	0	0	0	0	0	0	0	0	0	0	0	0	0	0	0	0	0	0	0	0	0	0	0	0	0	0	0	0	0	0	0	0	0	0	0	0	0	0	0	
471052	Frontal_Mid_L	24102	0	66742	702	324	0	0	0	2794	480	8048	1798	26048	974	2604	662	3612	120	8684	532	0	0	10718	810	0	0	0	0	19414	1672	8022	1284	656	768	268	164	4474	206	0	0	0	0	0	0	0	0	0	0	0	0	370	0	0	0	232	0	3640	0	220	0	2794	0	600	0	158	0	90	0	0	0	4448	4300	10218	196	1132	0	2180	490	3852	0	2512	0	836	0	342	0	0	0	234	0	0	0	0	0	0	0	0	0	0	0	0	0	0	0	0	0	0	0	0	0	0	0	0	0	0	0	
115504	Frontal_Mid_R	0	2704	128	22216	0	1114	0	0	0	1116	0	4748	92	9194	0	870	0	230	510	2262	0	0	182	1948	0	0	0	0	408	2950	160	1966	0	596	0	0	0	180	0	0	0	0	0	0	0	0	0	0	0	0	0	0	0	0	0	0	0	120	0	0	0	0	0	0	0	0	0	0	0	0	516	2412	0	470	0	0	0	660	0	0	0	0	0	0	0	0	0	0	0	0	0	0	0	0	0	0	0	0	0	0	0	0	0	0	0	0	0	0	0	0	0	0	0	0	0	0	
195500	Frontal_Mid_Orb_L	100	0	6566	126	9680	0	2794	0	0	460	124	190	2686	238	29032	694	0	0	4380	176	626	150	184	0	76	0	1628	0	10934	210	914	82	0	0	0	0	112	0	0	0	80	0	0	0	0	0	0	0	0	0	0	0	0	0	0	0	0	0	0	0	0	0	0	0	0	0	0	0	0	0	7514	3112	13302	210	146	0	0	550	0	0	0	0	674	0	0	0	0	0	0	0	0	0	0	0	0	0	0	0	0	0	0	0	0	0	0	0	0	0	0	0	0	0	0	0	0	0	
168436	Frontal_Mid_Orb_R	90	0	1846	1040	0	4146	480	1116	460	0	1576	912	2974	882	626	25736	0	92	2158	988	0	644	130	0	0	168	0	720	1664	5652	418	240	248	274	0	0	0	0	0	0	0	0	0	0	0	0	0	0	0	0	0	0	0	0	0	0	0	0	0	0	0	0	0	0	0	0	0	0	0	0	3996	14828	710	8472	0	786	0	146	0	0	0	0	0	0	0	0	0	0	0	0	0	0	0	0	0	0	0	0	0	0	0	0	0	0	0	0	0	0	0	0	0	0	0	0	0	0	
270572	Frontal_Inf_Oper_L	11112	0	16820	100	0	0	8048	0	124	1576	0	494	13204	0	184	2344	10902	0	14008	156	0	0	630	0	0	0	0	0	23526	504	278	0	508	0	0	0	1098	0	0	0	0	0	0	0	0	0	0	0	0	0	0	0	0	0	150	0	1440	0	0	0	128	0	0	0	0	0	0	0	0	0	5472	4126	5146	146	0	0	156	424	1114	0	5602	0	5298	0	194	0	0	0	274	0	0	0	0	0	0	0	0	0	0	0	0	0	0	0	0	0	0	0	0	0	0	0	0	0	0	0	
307580	Frontal_Inf_Oper_R	0	5748	2694	8552	0	0	1798	4748	190	912	494	0	2120	19938	246	2448	78	6544	4302	10734	0	0	330	648	0	0	0	0	2420	33550	1236	3756	404	3970	0	0	0	408	0	84	0	0	0	0	0	0	0	0	0	0	0	0	0	0	0	0	0	1938	0	0	0	0	0	0	0	0	0	0	0	0	3624	21770	632	6036	0	0	0	754	0	0	0	0	0	610	0	74	0	0	0	0	0	0	0	0	0	0	0	0	0	0	0	0	0	0	0	0	0	0	0	0	0	0	0	0	0	0	
294832	Frontal_Inf_Tri_L	1246	0	15052	270	106	0	26048	92	2686	2974	13204	2120	0	1092	5684	4018	428	130	10412	352	0	0	1082	80	0	0	0	0	25200	2224	1548	266	630	350	0	0	0	0	0	0	0	0	0	0	0	0	0	0	0	0	0	0	0	0	0	0	368	0	0	0	0	0	0	0	0	0	0	0	0	0	9780	8732	9424	380	0	0	0	288	0	0	240	0	910	0	0	0	0	0	0	0	0	0	0	0	0	0	0	0	0	0	0	0	0	0	0	0	0	0	0	0	0	0	0	0	0	0	
217428	Frontal_Inf_Tri_R	0	226	1802	7234	0	196	974	9194	238	882	0	19938	1092	0	226	3116	0	596	1686	3760	0	0	366	1222	0	100	0	0	2286	24160	864	4312	334	1768	0	0	0	160	0	0	0	0	0	0	0	0	0	0	0	0	0	0	0	0	0	0	0	176	0	0	0	0	0	0	0	0	0	0	0	0	3796	14868	468	2192	0	0	0	482	0	0	0	0	0	0	0	0	0	0	0	0	0	0	0	0	0	0	0	0	0	0	0	0	0	0	0	0	0	0	0	0	0	0	0	0	0	0	
248812	Frontal_Inf_Orb_L	162	0	6364	154	7552	0	2604	0	29032	626	184	246	5684	226	0	1046	92	0	4688	250	2042	0	0	0	0	0	1726	0	24108	262	456	0	158	0	0	0	2024	0	216	0	1334	0	0	0	0	0	0	0	0	0	0	0	0	0	440	0	0	0	0	0	0	0	0	0	0	0	0	0	0	0	7780	3954	14838	254	222	0	168	714	0	0	0	0	4800	0	0	0	0	0	0	0	0	0	0	0	0	0	0	0	0	0	0	0	0	0	0	0	0	0	0	0	0	0	0	0	0	0	
249160	Frontal_Inf_Orb_R	168	0	2588	2826	0	4898	662	870	694	25736	2344	2448	4018	3116	1046	0	110	178	3136	1802	102	1694	164	1186	0	772	0	1964	2888	15408	656	1434	326	398	0	0	0	0	0	0	0	80	0	0	0	0	0	0	0	0	0	0	0	0	0	0	0	0	0	0	0	0	0	0	0	0	0	0	0	0	5190	22898	908	9450	0	564	0	174	0	0	0	762	0	922	0	0	0	0	0	0	0	0	0	0	0	0	0	0	0	0	0	0	0	0	0	0	0	0	0	0	0	0	0	0	0	0	
258192	Rolandic_Oper_L	9072	0	8720	0	0	0	3612	0	0	0	10902	78	428	0	92	110	0	0	10388	0	0	0	912	0	0	0	0	0	23786	76	370	0	608	0	0	0	4208	0	92	0	0	0	136	0	0	0	0	0	0	0	1844	0	0	0	500	0	8984	0	950	0	2492	0	1592	0	894	0	0	0	80	0	1000	252	7948	0	226	0	314	0	3876	0	16496	0	5598	0	1450	0	0	0	1010	0	0	0	0	0	0	0	0	0	0	0	0	0	0	0	0	0	0	0	0	0	0	0	0	0	0	0	
165928	Rolandic_Oper_R	158	2070	1432	3166	0	0	120	230	0	92	0	6544	130	596	0	178	0	0	2220	8428	0	0	0	310	0	0	0	0	96	18106	214	824	100	1204	0	0	0	2612	0	406	0	0	0	0	0	0	0	0	0	0	0	0	0	0	0	104	0	3356	0	0	0	0	0	1416	0	0	0	0	0	0	84	7672	0	9440	0	504	0	1508	0	4948	0	3690	0	906	0	0	0	0	0	100	0	0	0	0	0	0	0	0	0	0	0	0	0	0	0	0	0	0	0	0	0	0	0	0	0	0	
741068	Supp_Motor_Area_L	13896	866	72404	8966	0	0	8684	510	4380	2158	14008	4302	10412	1686	4688	3136	10388	2220	0	35190	0	0	4068	2146	0	0	0	0	28508	6088	3358	5192	7432	17028	108	0	2766	270	78	88	74	88	0	0	0	0	0	0	0	0	0	0	0	0	202	0	4882	538	0	0	98	0	0	0	0	0	76	0	4620	172	9664	19480	27654	2694	3486	104	5688	5908	1130	188	4110	106	3834	104	158	0	0	0	378	74	0	0	0	0	0	0	0	0	0	0	0	0	0	0	0	0	0	0	0	0	0	0	0	0	0	0	
710192	Supp_Motor_Area_R	8568	11184	13648	41508	0	90	532	2262	176	988	156	10734	352	3760	250	1802	0	8428	35190	0	0	198	2126	5002	0	96	0	0	370	15034	2296	9904	2832	46300	966	2866	104	3432	0	374	0	526	0	2766	0	3106	84	2830	0	2600	90	334	0	372	0	4562	896	5618	0	0	0	620	0	1056	0	718	0	4982	7546	13194	3490	31124	1474	7884	422	906	4586	15466	0	920	0	1038	0	268	0	1760	0	0	0	2330	0	0	0	0	0	0	0	0	0	0	0	0	0	0	0	0	0	0	0	0	0	0	0	0	0	0	
91996	Olfactory_L	0	0	0	0	3018	218	0	0	626	0	0	0	0	0	2042	102	0	0	0	0	0	7036	0	0	124	284	5700	1192	2892	802	2898	2636	0	0	0	0	910	0	184	0	732	430	0	0	0	0	0	0	0	0	0	0	0	0	456	0	0	0	0	0	0	0	0	0	0	0	0	0	0	0	7268	3096	1622	868	126	214	0	86	0	0	0	0	436	0	0	0	0	0	0	0	0	0	0	0	0	0	0	0	0	0	0	0	0	0	0	0	0	0	0	0	0	0	0	0	0	0	
108340	Olfactory_R	0	0	0	0	1458	1198	0	0	150	644	0	0	0	0	0	1694	0	0	0	198	7036	0	0	0	76	426	4350	3448	0	2932	3020	3092	0	0	0	0	0	0	0	0	0	798	0	0	0	0	0	0	0	0	0	0	0	0	0	0	0	0	0	0	0	0	0	0	0	0	0	0	0	0	9108	8248	2200	3110	164	596	0	148	0	0	0	0	0	76	0	0	0	0	0	0	0	0	0	0	0	0	0	0	0	0	0	0	0	0	0	0	0	0	0	0	0	0	0	0	0	0	
250200	Frontal_Sup_Medial_L	94	0	28630	9242	2038	0	10718	182	184	130	630	330	1082	366	0	164	912	0	4068	2126	0	0	0	14188	1228	390	0	0	2216	468	22422	8494	2070	7626	0	0	0	0	0	0	0	0	0	0	0	0	0	0	0	0	0	0	0	0	0	0	0	0	0	0	0	0	0	0	0	0	0	0	0	0	770	1342	1994	276	0	0	0	0	0	0	544	0	176	0	0	0	0	0	0	0	0	0	0	0	0	0	0	0	0	0	0	0	0	0	0	0	0	0	0	0	0	0	0	0	0	0	
224472	Frontal_Sup_Medial_R	0	0	2446	28578	0	3246	810	1948	0	0	0	648	80	1222	0	1186	0	310	2146	5002	0	0	14188	0	0	4416	0	710	320	2190	4584	17872	276	10426	0	0	0	0	0	0	0	0	0	0	0	0	0	0	0	0	0	0	0	0	0	0	0	0	0	0	0	0	0	0	0	0	0	0	0	0	408	5688	0	2834	0	702	0	0	0	0	0	0	0	0	0	0	0	0	0	0	0	0	0	0	0	0	0	0	0	0	0	0	0	0	0	0	0	0	0	0	0	0	0	0	0	0	
18864	Frontal_Med_Orb_L	0	0	194	0	1092	150	0	0	76	0	0	0	0	0	0	0	0	0	0	0	124	76	1228	0	0	1122	1150	170	0	0	2864	636	0	0	0	0	0	0	0	0	0	0	0	0	0	0	0	0	0	0	0	0	0	0	0	0	0	0	0	0	0	0	0	0	0	0	0	0	0	0	354	196	0	0	0	0	0	0	0	0	0	0	0	0	0	0	0	0	0	0	0	0	0	0	0	0	0	0	0	0	0	0	0	0	0	0	0	0	0	0	0	0	0	0	0	0	
77248	Frontal_Med_Orb_R	0	0	0	1314	0	5922	0	0	0	168	0	0	0	100	0	772	0	0	0	96	284	426	390	4416	1122	0	328	5774	0	594	2326	7350	0	76	0	0	0	0	0	0	0	0	0	0	0	0	0	0	0	0	0	0	0	0	0	0	0	0	0	0	0	0	0	0	0	0	0	0	0	0	160	3914	0	2480	0	612	0	0	0	0	0	0	0	0	0	0	0	0	0	0	0	0	0	0	0	0	0	0	0	0	0	0	0	0	0	0	0	0	0	0	0	0	0	0	0	0	
76580	Rectus_L	0	0	0	0	6906	186	0	0	1628	0	0	0	0	0	1726	0	0	0	0	0	5700	4350	0	0	1150	328	0	1002	1174	616	3064	1654	0	0	0	0	0	0	0	0	0	390	0	0	0	0	0	0	0	0	0	0	0	0	0	0	0	0	0	0	0	0	0	0	0	0	0	0	0	0	5202	1872	596	528	120	0	0	0	0	0	0	0	98	0	0	0	0	0	0	0	0	0	0	0	0	0	0	0	0	0	0	0	0	0	0	0	0	0	0	0	0	0	0	0	0	0	
63204	Rectus_R	0	0	0	120	130	6006	0	0	0	720	0	0	0	0	0	1964	0	0	0	0	1192	3448	0	710	170	5774	1002	0	0	1166	1062	2440	0	0	0	0	0	0	0	0	0	188	0	0	0	0	0	0	0	0	0	0	0	0	0	0	0	0	0	0	0	0	0	0	0	0	0	0	0	0	918	2630	136	1750	0	76	0	0	0	0	0	0	0	0	0	0	0	0	0	0	0	0	0	0	0	0	0	0	0	0	0	0	0	0	0	0	0	0	0	0	0	0	0	0	0	0	
712164	Insula_L	13380	0	25998	1062	2954	0	19414	408	10934	1664	23526	2420	25200	2286	24108	2888	23786	96	28508	370	2892	0	2216	320	0	0	1174	0	0	2672	1926	546	994	558	0	182	18910	238	1758	0	3244	0	76	0	0	0	0	0	0	0	534	0	114	0	4928	0	3838	0	270	0	936	0	588	0	182	0	0	0	0	0	14074	9494	31926	484	84	0	2048	718	8004	0	13348	0	12688	0	2158	0	0	0	2958	0	0	0	0	0	0	0	0	0	0	0	0	0	0	0	0	0	0	0	0	0	0	0	0	0	0	0	
518040	Insula_R	432	2046	3936	12522	126	2546	1672	2950	210	5652	504	33550	2224	24160	262	15408	76	18106	6088	15034	802	2932	468	2190	0	594	616	1166	2672	0	1288	4606	538	4658	0	0	0	5708	0	1366	0	1526	0	0	0	0	0	136	0	0	0	0	0	0	0	1644	0	1752	0	0	0	0	0	154	0	0	0	0	0	0	4900	30102	776	25638	0	746	0	2830	0	3038	0	3286	0	1076	0	1532	0	0	0	2776	0	0	0	0	0	0	0	0	0	0	0	0	0	0	0	0	0	0	0	0	0	0	0	0	0	0	
255088	Cingulum_Ant_L	0	0	16646	2926	2798	340	8022	160	914	418	278	1236	1548	864	456	656	370	214	3358	2296	2898	3020	22422	4584	2864	2326	3064	1062	1926	1288	0	17352	3602	4386	126	0	0	0	0	0	0	0	0	0	0	0	0	0	0	0	0	0	0	0	0	0	0	0	0	0	0	0	0	0	0	0	0	0	0	0	5322	4510	2140	818	0	104	0	0	0	0	230	0	0	0	0	0	0	0	0	0	0	0	0	0	0	0	0	0	0	0	0	0	0	0	0	0	0	0	0	0	0	0	0	0	0	0	
343024	Cingulum_Ant_R	0	0	3628	19316	342	2776	1284	1966	82	240	0	3756	266	4312	0	1434	0	824	5192	9904	2636	3092	8494	17872	636	7350	1654	2440	546	4606	17352	0	2774	21940	0	0	0	0	0	0	0	0	0	0	0	0	0	0	0	0	0	0	0	0	0	0	0	0	0	0	0	0	0	0	0	0	0	0	0	0	3552	14190	364	5408	0	1162	0	0	0	0	0	0	0	122	0	0	0	0	0	0	0	0	0	0	0	0	0	0	0	0	0	0	0	0	0	0	0	0	0	0	0	0	0	0	0	0	
109744	Cingulum_Mid_L	1376	0	4140	756	0	0	656	0	0	248	508	404	630	334	158	326	608	100	7432	2832	0	0	2070	276	0	0	0	0	994	538	3602	2774	0	8736	2466	162	176	0	0	0	0	0	280	0	190	0	76	0	0	0	782	0	0	0	0	0	508	0	216	0	0	0	0	0	0	0	2374	928	3110	0	280	1820	1214	212	0	0	0	0	0	0	452	0	0	0	128	0	0	0	0	0	0	0	0	0	0	0	0	0	0	0	0	0	0	0	0	0	0	0	0	0	0	0	0	0	0	0	
428404	Cingulum_Mid_R	3414	2266	5080	18140	0	0	768	596	0	274	0	3970	350	1768	0	398	0	1204	17028	46300	0	0	7626	10426	0	76	0	0	558	4658	4386	21940	8736	0	584	3396	0	554	0	0	0	0	0	2682	0	4574	80	1020	0	4124	0	270	0	186	0	1136	356	1276	0	78	0	148	0	132	0	236	584	9304	4306	11110	814	4346	136	392	0	0	216	306	0	120	0	192	0	166	0	512	0	0	0	808	0	0	0	0	0	0	0	0	0	0	0	0	0	0	0	0	0	0	0	0	96	0	0	0	0	0	
75792	Cingulum_Post_L	1992	168	488	0	0	0	268	0	0	0	0	0	0	0	0	0	0	0	108	966	0	0	0	0	0	0	0	0	0	0	126	0	2466	584	0	4536	3456	1290	858	0	0	0	2324	0	1654	0	1470	146	860	0	2036	0	270	0	302	176	304	0	0	0	0	0	0	0	152	0	7932	410	1230	166	92	0	0	0	0	0	392	180	0	0	0	0	0	0	320	0	0	0	174	0	0	0	0	0	0	0	0	0	0	0	0	0	0	0	0	0	0	0	0	0	0	0	0	0	0	0	
90888	Cingulum_Post_R	560	800	84	218	0	0	164	0	0	0	0	0	0	0	0	0	0	0	0	2866	0	0	0	0	0	0	0	0	182	0	0	0	162	3396	4536	0	2130	4856	360	92	0	0	0	560	0	644	0	2936	0	88	0	142	0	444	0	1540	168	302	0	0	0	122	0	78	0	150	156	6640	0	2790	0	0	276	0	0	0	1640	1702	0	0	0	0	0	0	0	1002	0	0	0	2934	0	0	0	0	0	0	0	0	0	0	0	0	0	0	0	0	0	0	0	0	724	0	0	0	0	0	
231960	Hippocampus_L	4184	0	3978	0	0	0	4474	0	112	0	1098	0	0	0	2024	0	4208	0	2766	104	910	0	0	0	0	0	0	0	18910	0	0	0	176	0	3456	2130	0	1858	7992	0	7708	0	1034	0	298	0	1608	0	214	0	308	0	246	0	10806	0	1962	0	0	0	0	0	86	0	0	0	1862	178	0	0	122	0	8938	0	750	0	4532	1046	3812	0	3584	0	1352	0	1348	0	0	0	5490	0	158	0	0	0	0	0	158	0	0	0	0	0	0	0	0	0	0	0	0	0	0	0	0	0	0	0	
222912	Hippocampus_R	1034	2226	284	712	0	0	206	180	0	0	0	408	0	160	0	0	0	2612	270	3432	0	0	0	0	0	0	0	0	238	5708	0	0	0	554	1290	4856	1858	0	360	17676	0	8296	0	824	0	0	0	2690	0	0	0	0	0	200	0	19478	170	562	0	0	0	0	0	96	0	0	0	2342	0	442	0	736	400	11122	0	404	2414	6144	0	1112	0	962	0	730	0	790	0	288	0	6512	0	0	0	0	0	0	0	310	0	0	0	0	0	0	0	0	0	0	0	0	368	0	0	0	0	0	
74500	ParaHippocampal_L	0	0	0	0	0	0	0	0	0	0	0	0	0	0	216	0	92	0	78	0	184	0	0	0	0	0	0	0	1758	0	0	0	0	0	858	360	7992	360	0	0	2818	0	948	0	90	0	2724	0	0	0	462	0	500	0	7202	0	0	0	0	0	0	0	0	0	0	0	1446	0	0	0	0	0	490	0	0	0	342	0	0	0	148	0	728	0	0	0	0	0	726	0	1172	0	0	0	794	0	2212	0	1502	0	0	0	0	0	116	0	0	0	212	528	0	192	0	0	0	0	
122864	ParaHippocampal_R	94	242	96	0	0	0	0	0	0	0	0	84	0	0	0	0	0	406	88	374	0	0	0	0	0	0	0	0	0	1366	0	0	0	0	0	92	0	17676	0	0	0	7648	0	294	0	0	0	3854	0	0	0	0	0	196	0	15884	0	102	0	0	0	0	0	0	0	0	0	428	0	0	0	348	0	4176	0	240	132	844	0	256	0	222	0	1158	0	240	0	974	0	2602	0	74	0	0	0	148	0	1016	0	78	0	0	0	0	0	0	0	0	0	0	0	0	0	0	0	0	
45108	Amygdala_L	0	0	0	0	0	0	0	0	80	0	0	0	0	0	1334	0	0	0	74	0	732	0	0	0	0	0	0	0	3244	0	0	0	0	0	0	0	7708	0	2818	0	0	0	0	0	0	0	0	0	0	0	0	0	0	0	4026	0	0	0	0	0	0	0	0	0	0	0	0	0	0	0	102	0	426	0	0	0	662	0	0	0	86	0	578	0	84	0	0	0	600	0	0	0	0	0	0	0	0	0	0	0	0	0	0	0	0	0	0	0	0	0	0	0	0	0	0	0	
67740	Amygdala_R	0	0	88	0	0	126	0	0	0	0	0	0	0	0	0	80	0	0	88	526	430	798	0	0	0	0	390	188	0	1526	0	0	0	0	0	0	0	8296	0	7648	0	0	0	0	0	0	0	0	0	0	0	0	0	0	0	6864	0	0	0	0	0	0	0	0	0	0	0	0	0	0	494	1248	0	1028	0	0	0	594	0	0	0	0	0	1518	0	0	0	716	0	1224	0	0	0	0	0	0	0	0	0	0	0	0	0	0	0	0	0	0	0	0	0	0	0	0	0	0	
218440	Calcarine_L	180	0	0	0	0	0	0	0	0	0	0	0	0	0	0	0	136	0	0	0	0	0	0	0	0	0	0	0	76	0	0	0	280	0	2324	0	1034	0	948	0	0	0	0	6866	13452	2646	13556	3796	9656	1318	24882	314	3826	0	2184	152	128	0	102	0	0	0	0	0	942	0	15838	468	82	0	0	0	0	0	0	0	0	0	186	0	160	0	0	0	3320	0	0	0	368	0	0	0	0	0	0	0	0	0	0	0	0	0	0	0	0	0	0	0	0	0	0	0	0	0	0	0	
284696	Calcarine_R	0	476	0	0	0	0	0	0	0	0	0	0	0	0	0	0	0	0	0	2766	0	0	0	0	0	0	0	0	0	0	0	0	0	2682	0	560	0	824	0	294	0	0	6866	0	2922	24010	4318	23992	106	20698	0	9574	0	5848	0	8482	0	106	0	90	0	494	0	520	0	2104	364	18208	226	2358	0	0	0	0	0	0	0	0	0	92	0	200	0	0	0	1964	0	0	0	926	0	0	0	0	0	0	0	128	0	0	0	0	0	0	0	0	0	0	0	0	150	0	0	0	0	0	
155868	Cuneus_L	0	0	0	0	0	0	0	0	0	0	0	0	0	0	0	0	0	0	0	0	0	0	0	0	0	0	0	0	0	0	0	0	190	0	1654	0	298	0	90	0	0	0	13452	2922	0	4016	3654	592	19608	1114	9058	80	678	0	548	0	0	0	2936	0	0	0	0	0	400	0	13308	1556	0	0	0	0	0	0	0	0	0	0	0	0	0	0	0	0	1528	0	0	0	252	0	0	0	0	0	0	0	0	0	0	0	0	0	0	0	0	0	0	0	0	0	0	0	0	0	0	0	
237440	Cuneus_R	78	640	0	76	0	0	0	0	0	0	0	0	0	0	0	0	0	0	0	3106	0	0	0	0	0	0	0	0	0	0	0	0	0	4574	0	644	0	0	0	0	0	0	2646	24010	4016	0	1052	7720	82	27194	0	4506	0	1922	0	1712	0	232	116	1342	0	654	0	564	0	1304	2404	22400	386	3296	0	0	0	0	0	0	0	0	0	0	0	112	0	0	0	1472	0	0	0	460	0	0	0	0	0	0	0	0	0	0	0	0	0	0	0	0	0	0	0	0	0	0	0	0	0	0	
267348	Lingual_L	0	0	0	0	0	0	0	0	0	0	0	0	0	0	0	0	0	0	0	84	0	0	0	0	0	0	0	0	0	0	0	0	76	80	1470	0	1608	0	2724	0	0	0	13556	4318	3654	1052	0	5400	5878	1264	18116	698	9478	0	18288	816	84	0	80	0	0	0	0	0	340	108	5558	220	0	80	0	0	0	0	0	0	0	0	0	0	0	0	0	0	2170	122	0	0	386	0	4264	514	0	0	0	0	9458	586	12526	1108	0	0	0	0	0	0	0	0	0	0	4296	2700	514	0	0	0	
395004	Lingual_R	0	658	0	114	0	0	0	0	0	0	0	0	0	0	0	0	0	0	0	2830	0	0	0	0	0	0	0	0	0	136	0	0	0	1020	146	2936	0	2690	0	3854	0	0	3796	23992	592	7720	5400	0	0	8626	0	4550	314	8424	944	35168	0	88	0	118	0	968	0	1194	0	2190	0	10340	0	1102	0	0	0	0	0	0	0	188	0	168	0	574	0	0	0	3720	0	0	0	3362	1960	6250	902	904	396	112	3034	7876	4976	10664	200	0	656	878	508	346	186	80	296	322	7612	8212	2548	116	282	264	
183968	Occipital_Sup_L	0	0	0	0	0	0	0	0	0	0	0	0	0	0	0	0	0	0	0	0	0	0	0	0	0	0	0	0	0	0	0	0	0	0	860	0	214	0	0	0	0	0	9656	106	19608	82	5878	0	0	0	29516	0	3830	0	1988	0	92	0	7050	0	998	0	0	0	0	0	11262	452	0	0	0	0	0	0	0	0	0	0	0	0	0	0	0	0	300	0	0	0	92	0	0	0	0	0	0	0	0	0	0	0	0	0	0	0	0	0	0	0	0	0	0	0	0	0	0	0	
245156	Occipital_Sup_R	80	182	0	0	0	0	0	0	0	0	0	0	0	0	0	0	0	0	0	2600	0	0	0	0	0	0	0	0	0	0	0	0	0	4124	0	88	0	0	0	0	0	0	1318	20698	1114	27194	1264	8626	0	0	0	16948	0	3190	0	1622	0	1784	0	5154	0	3654	0	240	0	6786	516	9270	342	2800	0	0	0	0	0	0	0	0	0	0	0	232	0	0	0	2036	0	0	0	716	0	0	0	0	0	0	0	0	0	0	0	0	0	0	0	0	0	0	0	0	0	0	0	0	0	0	
438324	Occipital_Mid_L	874	0	192	0	0	0	370	0	0	0	0	0	0	0	0	0	1844	0	0	90	0	0	0	0	0	0	0	0	534	0	0	0	782	0	2036	0	308	0	462	0	0	0	24882	0	9058	0	18116	0	29516	0	0	0	25342	0	9948	0	4672	0	12550	0	15348	0	2468	0	20252	0	14456	0	496	0	0	0	0	0	0	0	0	0	256	0	3266	0	0	0	16594	0	0	0	4184	0	0	0	0	0	0	0	0	0	190	0	0	0	0	0	0	0	0	0	0	0	0	76	0	0	0	0	
162480	Occipital_Mid_R	0	204	0	0	0	0	0	0	0	0	0	0	0	0	0	0	0	0	0	334	0	0	0	0	0	0	0	0	0	0	0	0	0	270	0	142	0	0	0	0	0	0	314	9574	80	4506	698	4550	0	16948	0	0	0	8254	0	3428	0	0	0	876	0	4480	0	340	0	15254	0	1744	0	260	0	0	0	0	0	0	0	0	0	0	0	156	0	0	0	8020	0	0	0	808	0	0	0	0	0	0	0	0	0	0	0	0	0	0	0	0	0	0	0	0	0	0	0	0	0	0	
126620	Occipital_Inf_L	132	0	0	0	0	0	0	0	0	0	0	0	0	0	0	0	0	0	0	0	0	0	0	0	0	0	0	0	114	0	0	0	0	0	270	0	246	0	500	0	0	0	3826	0	678	0	9478	314	3830	0	25342	0	0	0	8560	0	0	0	118	0	0	0	0	0	78	0	1200	0	0	0	0	0	0	0	0	0	0	0	222	0	124	0	0	0	2472	0	0	0	2832	0	300	110	0	0	0	0	262	0	1302	136	0	0	0	0	0	0	0	0	0	0	252	520	92	0	0	0	
92748	Occipital_Inf_R	0	208	0	0	0	0	0	0	0	0	0	0	0	0	0	0	0	0	0	372	0	0	0	0	0	0	0	0	0	0	0	0	0	186	0	444	0	200	0	196	0	0	0	5848	0	1922	0	8424	0	3190	0	8254	0	0	0	7954	0	0	0	0	0	0	0	0	0	342	0	1530	0	194	0	0	0	0	0	0	0	0	0	0	0	0	0	0	0	1654	0	0	0	4196	0	160	0	0	0	0	0	226	0	436	0	0	0	0	0	0	0	0	0	0	102	198	138	0	0	0	
326544	Fusiform_L	598	0	168	0	0	0	232	0	0	0	150	0	0	0	440	0	500	0	202	0	456	0	0	0	0	0	0	0	4928	0	0	0	0	0	302	0	10806	0	7202	0	4026	0	2184	0	548	0	18288	944	1988	0	9948	0	8560	0	0	312	242	0	90	0	0	0	0	0	192	0	650	0	0	0	0	0	752	0	0	0	114	0	1134	0	1976	0	2732	0	4166	0	726	0	12498	0	18932	296	670	0	250	0	12146	448	25506	594	448	0	330	0	96	0	0	0	0	0	3006	1990	506	0	0	0	
408692	Fusiform_R	0	1450	0	178	0	0	0	0	0	0	0	0	0	0	0	0	0	104	0	4562	0	0	0	0	0	0	0	0	0	1644	0	0	0	1136	176	1540	0	19478	0	15884	0	6864	152	8482	0	1712	816	35168	0	1622	0	3428	0	7954	312	0	0	206	0	110	0	906	0	1288	0	2260	0	4860	0	1012	0	128	0	1664	0	0	0	232	0	418	0	1670	0	4084	0	5466	0	1986	0	17990	428	9888	432	674	112	266	1368	8466	1612	14332	0	0	114	578	104	82	0	0	94	270	4276	3204	1104	0	0	0	
206648	Postcentral_L	23612	110	1934	150	0	0	3640	0	0	0	1440	0	368	0	0	0	8984	0	4882	896	0	0	0	0	0	0	0	0	3838	0	0	0	508	356	304	168	1962	170	0	0	0	0	128	0	0	0	84	0	92	0	4672	0	0	0	242	0	0	74	5948	0	15036	0	6080	0	1312	0	1262	0	2380	220	434	1898	2468	0	158	0	626	2052	1922	0	2098	0	108	0	424	0	0	0	284	0	0	0	0	0	0	0	0	0	0	0	0	0	0	0	0	0	0	0	0	0	0	0	0	0	0	0	
120876	Postcentral_R	348	14976	178	1982	0	0	0	120	0	0	0	1938	0	176	0	0	0	3356	538	5618	0	0	0	0	0	0	0	0	0	1752	0	0	0	1276	0	302	0	562	0	102	0	0	0	106	0	232	0	88	0	1784	0	0	0	0	0	206	74	0	0	2072	0	4140	0	8874	0	380	0	800	218	3300	78	718	0	1726	0	0	90	704	0	220	0	504	0	0	0	362	0	0	0	538	0	0	0	0	0	0	0	0	0	0	0	0	0	0	0	0	0	0	0	0	0	0	0	0	0	0	
122584	Parietal_Sup_L	536	0	134	0	0	0	220	0	0	0	0	0	0	0	0	0	950	0	0	0	0	0	0	0	0	0	0	0	270	0	0	0	216	0	0	0	0	0	0	0	0	0	102	0	2936	116	80	0	7050	0	12550	0	118	0	90	0	5948	0	0	0	14676	0	658	0	2590	0	9114	222	504	0	0	0	0	0	0	0	0	0	0	0	1430	0	0	0	308	0	0	0	474	0	0	0	0	0	0	0	0	0	0	0	0	0	0	0	0	0	0	0	0	0	0	0	0	0	0	0	
44832	Parietal_Sup_R	0	0	0	0	0	0	0	0	0	0	0	0	0	0	0	0	0	0	0	0	0	0	0	0	0	0	0	0	0	0	0	0	0	78	0	0	0	0	0	0	0	0	0	90	0	1342	0	118	0	5154	0	876	0	0	0	110	0	2072	0	0	0	3580	0	766	0	3700	150	3124	0	378	0	0	0	0	0	0	0	0	0	0	0	84	0	0	0	576	0	0	0	218	0	0	0	0	0	0	0	0	0	0	0	0	0	0	0	0	0	0	0	0	0	0	0	0	0	0	
180580	Parietal_Inf_L	5240	0	250	0	0	0	2794	0	0	0	128	0	0	0	0	0	2492	0	98	0	0	0	0	0	0	0	0	0	936	0	0	0	0	0	0	0	0	0	0	0	0	0	0	0	0	0	0	0	998	0	15348	0	0	0	0	0	15036	0	14676	0	0	0	12542	0	12246	0	0	0	190	0	0	0	0	0	0	0	0	0	0	0	4734	0	0	0	1052	0	0	0	1530	0	0	0	0	0	0	0	0	0	0	0	0	0	0	0	0	0	0	0	0	0	0	0	0	0	0	0	
114160	Parietal_Inf_R	0	1262	0	212	0	0	0	0	0	0	0	0	0	0	0	0	0	0	0	620	0	0	0	0	0	0	0	0	0	0	0	0	0	148	0	122	0	0	0	0	0	0	0	494	0	654	0	968	0	3654	0	4480	0	0	0	906	0	4140	0	3580	0	0	0	13120	0	18068	0	1116	0	292	0	0	0	0	0	0	0	334	0	0	0	482	0	0	0	1982	0	0	0	446	0	0	0	0	0	0	0	0	0	0	0	0	0	0	0	0	0	0	0	0	0	0	0	0	0	0	
91552	SupraMarginal_L	988	0	0	0	0	0	600	0	0	0	0	0	0	0	0	0	1592	0	0	0	0	0	0	0	0	0	0	0	588	0	0	0	0	0	0	0	86	0	0	0	0	0	0	0	0	0	0	0	0	0	2468	0	0	0	0	0	6080	0	658	0	12542	0	0	0	5034	0	0	0	0	0	0	0	0	0	0	0	0	0	414	0	7054	0	0	0	4516	0	0	0	3156	0	0	0	0	0	0	0	0	0	0	0	0	0	0	0	0	0	0	0	0	0	0	0	0	0	0	0	
97852	SupraMarginal_R	0	1698	0	366	0	0	0	0	0	0	0	0	0	0	0	0	0	1416	0	1056	0	0	0	0	0	0	0	0	0	154	0	0	0	132	0	78	0	96	0	0	0	0	0	520	0	564	0	1194	0	240	0	340	0	0	0	1288	0	8874	0	766	0	13120	0	0	0	8816	0	806	0	148	0	98	0	120	0	0	0	430	0	0	0	3804	0	0	0	2326	0	0	0	476	0	0	0	0	0	0	0	0	0	0	0	0	0	0	0	0	0	0	0	0	0	0	0	0	0	0	
136444	Angular_L	198	0	0	0	0	0	158	0	0	0	0	0	0	0	0	0	894	0	0	0	0	0	0	0	0	0	0	0	182	0	0	0	0	0	152	0	0	0	0	0	0	0	942	0	400	0	340	0	0	0	20252	0	78	0	192	0	1312	0	2590	0	12246	0	5034	0	0	0	964	0	100	0	0	0	0	0	0	0	0	0	84	0	2642	0	0	0	13536	0	0	0	5926	0	0	0	0	0	0	0	0	0	0	0	0	0	0	0	0	0	0	0	0	0	0	0	0	0	0	0	
157368	Angular_R	0	274	0	0	0	0	0	0	0	0	0	0	0	0	0	0	0	0	0	718	0	0	0	0	0	0	0	0	0	0	0	0	0	236	0	150	0	0	0	0	0	0	0	2104	0	1304	108	2190	0	6786	0	15254	0	342	0	2260	0	380	0	3700	0	18068	0	8816	0	0	0	2180	0	396	0	0	0	0	0	0	0	0	0	0	0	2922	0	0	0	9380	0	0	0	1116	0	0	0	0	0	0	0	0	0	0	0	0	0	0	0	0	0	0	0	0	0	0	0	0	0	0	
208780	Precuneus_L	460	0	180	0	0	0	90	0	0	0	0	0	0	0	0	0	0	0	76	0	0	0	0	0	0	0	0	0	0	0	0	0	2374	584	7932	156	1862	0	1446	0	0	0	15838	364	13308	2404	5558	0	11262	516	14456	0	1200	0	650	0	1262	0	9114	150	0	0	0	0	964	0	0	6554	1842	0	0	0	0	0	0	0	0	0	128	0	136	0	0	0	3088	0	0	0	436	0	0	0	0	0	0	0	0	0	0	0	0	0	0	0	0	0	0	0	0	0	0	0	0	0	0	0	
254060	Precuneus_R	0	1144	0	108	0	0	0	0	0	0	0	0	0	0	0	0	0	0	0	4982	0	0	0	0	0	0	0	0	0	0	0	0	928	9304	410	6640	178	2342	0	428	0	0	468	18208	1556	22400	220	10340	452	9270	0	1744	0	1530	0	4860	0	800	222	3124	0	1116	0	806	0	2180	6554	0	522	7318	0	0	0	0	0	0	0	226	0	0	0	116	0	0	0	2300	0	0	0	2460	0	0	0	0	0	0	0	158	0	0	0	0	0	0	0	0	0	0	0	0	1616	0	0	0	0	0	
78468	Paracentral_Lobule_L	6934	214	850	444	0	0	0	0	0	0	0	0	0	0	0	0	80	0	4620	7546	0	0	0	0	0	0	0	0	0	0	0	0	3110	4306	1230	0	0	0	0	0	0	0	82	226	0	386	0	0	0	342	496	0	0	0	0	0	2380	218	504	0	190	0	0	0	100	0	1842	522	0	1252	0	224	164	0	160	0	510	216	0	0	86	0	0	0	0	0	0	0	0	0	0	0	0	0	0	0	0	0	0	0	0	0	0	0	0	0	0	0	0	0	0	0	0	0	0	0	
120152	Paracentral_Lobule_R	958	3232	178	466	0	0	0	0	0	0	0	0	0	0	0	0	0	0	172	13194	0	0	0	0	0	0	0	0	0	0	0	0	0	11110	166	2790	0	442	0	0	0	0	0	2358	0	3296	80	1102	0	2800	0	260	0	194	0	1012	220	3300	0	378	0	292	0	148	0	396	0	7318	1252	0	244	316	0	0	0	0	280	404	0	104	0	216	0	0	0	534	0	0	0	716	0	0	0	0	0	0	0	0	0	0	0	0	0	0	0	0	0	0	0	0	148	0	0	0	0	0	
399296	Caudate_L	1010	208	7362	2330	5734	226	4448	516	7514	3996	5472	3624	9780	3796	7780	5190	1000	84	9664	3490	7268	9108	770	408	354	160	5202	918	14074	4900	5322	3552	280	814	92	0	122	0	0	0	102	494	0	0	0	0	0	0	0	0	0	0	0	0	0	0	434	78	0	0	0	0	0	0	0	0	0	0	0	244	0	25890	22884	2768	1910	394	3172	4150	112	0	250	0	198	0	0	0	0	0	0	0	0	0	0	0	0	0	0	0	0	0	0	0	0	0	0	0	0	0	0	0	0	0	0	0	0	0	
796604	Caudate_R	3036	2004	16790	16944	930	5344	4300	2412	3112	14828	4126	21770	8732	14868	3954	22898	252	7672	19480	31124	3096	8248	1342	5688	196	3914	1872	2630	9494	30102	4510	14190	1820	4346	0	0	0	736	0	348	0	1248	0	0	0	0	0	0	0	0	0	0	0	0	0	128	1898	718	0	0	0	0	0	98	0	0	0	0	224	316	25890	0	6790	30372	722	3918	2154	25342	0	866	106	228	0	176	0	0	0	0	0	0	0	0	0	0	0	0	0	0	0	0	0	0	0	0	0	0	0	0	0	0	0	0	0	0	0	0	
460280	Putamen_L	6486	0	19378	108	4848	0	10218	0	13302	710	5146	632	9424	468	14838	908	7948	0	27654	1474	1622	2200	1994	0	0	0	596	136	31926	776	2140	364	1214	136	0	276	8938	400	490	0	426	0	0	0	0	0	0	0	0	0	0	0	0	0	752	0	2468	0	0	0	0	0	0	0	0	0	0	0	164	0	22884	6790	0	702	6414	196	2892	1792	808	0	3948	0	2406	0	212	0	0	0	536	0	0	0	0	0	0	0	0	0	0	0	0	0	0	0	0	0	0	0	0	0	0	0	0	0	0	0	
350916	Putamen_R	170	2810	1608	6878	270	6144	196	470	210	8472	146	6036	380	2192	254	9450	0	9440	2694	7884	868	3110	276	2834	0	2480	528	1750	484	25638	818	5408	212	392	0	0	0	11122	0	4176	0	1028	0	0	0	0	0	0	0	0	0	0	0	0	0	1664	0	1726	0	0	0	0	0	120	0	0	0	0	0	0	2768	30372	702	0	0	5122	0	3248	0	1970	0	462	0	82	0	0	0	0	0	300	0	0	0	0	0	0	0	94	0	0	0	0	0	0	0	0	0	0	0	0	0	0	0	0	0	0	
49704	Pallidum_L	1748	192	3202	498	130	0	1132	0	146	0	0	0	0	0	222	0	226	0	3486	422	126	164	0	0	0	0	120	0	84	0	0	0	0	0	0	0	750	0	0	0	0	0	0	0	0	0	0	0	0	0	0	0	0	0	0	0	158	0	0	0	0	0	0	0	0	0	0	0	160	0	1910	722	6414	0	0	0	2164	676	0	0	0	0	0	0	0	0	0	0	0	0	0	0	0	0	0	0	0	0	0	0	0	0	0	0	0	0	0	0	0	0	0	0	0	0	0	0	
39528	Pallidum_R	0	82	144	1008	0	1088	0	0	0	786	0	0	0	0	0	564	0	504	104	906	214	596	0	702	0	612	0	76	0	746	104	1162	0	0	0	0	0	404	0	240	0	0	0	0	0	0	0	0	0	0	0	0	0	0	0	0	0	0	0	0	0	0	0	0	0	0	0	0	0	0	394	3918	196	5122	0	0	0	0	0	92	0	0	0	0	0	0	0	0	0	0	0	0	0	0	0	0	0	0	0	0	0	0	0	0	0	0	0	0	0	0	0	0	0	0	0	0	
120704	Thalamus_L	10882	646	3790	2198	0	0	2180	0	0	0	156	0	0	0	168	0	314	0	5688	4586	0	0	0	0	0	0	0	0	2048	0	0	0	0	216	392	1640	4532	2414	342	132	662	0	0	0	0	0	0	0	0	0	0	0	0	0	114	0	626	90	0	0	0	0	0	0	0	0	0	0	510	280	3172	2154	2892	0	2164	0	0	4840	230	0	184	0	0	0	0	0	0	0	110	0	0	0	0	0	0	0	0	0	0	0	0	0	0	0	0	0	0	0	0	0	0	0	0	0	0	0	
213776	Thalamus_R	3362	6546	5690	4046	0	0	490	660	550	146	424	754	288	482	714	174	0	1508	5908	15466	86	148	0	0	0	0	0	0	718	2830	0	0	0	306	180	1702	1046	6144	0	844	0	594	0	0	0	0	0	188	0	0	0	0	0	0	0	232	2052	704	0	0	0	334	0	430	0	0	0	226	216	404	4150	25342	1792	3248	676	0	4840	0	0	248	0	0	0	0	0	0	0	0	0	0	0	0	0	0	0	0	0	0	0	0	0	0	0	0	0	0	0	0	0	0	0	0	0	0	0	0	
88880	Heschl_L	4434	0	868	0	0	0	3852	0	0	0	1114	0	0	0	0	0	3876	0	1130	0	0	0	0	0	0	0	0	0	8004	0	0	0	0	0	0	0	3812	0	0	0	0	0	186	0	0	0	0	0	0	0	256	0	222	0	1134	0	1922	0	0	0	0	0	414	0	84	0	128	0	0	0	112	0	808	0	0	0	230	0	0	0	5804	0	140	0	4576	0	0	0	1222	0	112	0	0	0	0	0	0	0	0	0	0	0	0	0	0	0	0	0	0	0	0	0	0	0	0	0	
42588	Heschl_R	0	576	218	0	0	0	0	0	0	0	0	0	0	0	0	0	0	4948	188	920	0	0	0	0	0	0	0	0	0	3038	0	0	0	120	0	0	0	1112	0	256	0	0	0	92	0	0	0	168	0	0	0	0	0	0	0	418	0	220	0	0	0	0	0	0	0	0	0	0	0	104	0	866	0	1970	0	92	0	248	0	0	0	4788	0	0	0	530	0	0	0	422	0	0	0	0	0	0	0	0	0	0	0	0	0	0	0	0	0	0	0	0	0	0	0	0	0	0	
242940	Temporal_Sup_L	2362	0	4672	0	0	0	2512	0	0	0	5602	0	240	0	0	0	16496	0	4110	0	0	0	544	0	0	0	0	0	13348	0	230	0	452	0	0	0	3584	0	148	0	86	0	160	0	0	0	0	0	0	0	3266	0	124	0	1976	0	2098	0	1430	0	4734	0	7054	0	2642	0	136	0	86	0	250	106	3948	0	0	0	184	0	5804	0	0	0	6698	0	17626	0	0	0	8552	0	210	0	0	0	0	0	0	0	0	0	0	0	0	0	0	0	0	0	0	0	0	0	0	0	0	0	
88368	Temporal_Sup_R	0	866	100	94	0	0	0	0	0	0	0	0	0	0	0	762	0	3690	106	1038	0	0	0	0	0	0	0	0	0	3286	0	0	0	192	0	0	0	962	0	222	0	0	0	200	0	112	0	574	0	232	0	156	0	0	0	1670	0	504	0	84	0	482	0	3804	0	2922	0	116	0	216	0	228	0	462	0	0	0	0	0	4788	0	0	0	2378	0	9200	0	1462	0	3276	0	0	0	0	0	0	0	0	0	0	0	0	0	0	0	0	0	0	0	0	0	0	0	0	0	0	
137444	Temporal_Pole_Sup_L	378	0	3752	0	614	0	836	0	674	0	5298	0	910	0	4800	0	5598	0	3834	0	436	0	176	0	0	0	98	0	12688	0	0	0	0	0	0	0	1352	0	728	0	578	0	0	0	0	0	0	0	0	0	0	0	0	0	2732	0	108	0	0	0	0	0	0	0	0	0	0	0	0	0	198	0	2406	0	0	0	0	0	140	0	6698	0	0	0	5408	0	2986	0	5296	0	0	0	0	0	0	0	0	0	0	0	0	0	0	0	0	0	0	0	0	0	0	0	0	0	0	0	
43356	Temporal_Pole_Sup_R	0	0	0	276	0	0	0	0	0	0	0	610	0	0	0	922	0	906	104	268	0	76	0	0	0	0	0	0	0	1076	0	122	0	166	0	0	0	730	0	1158	0	1518	0	0	0	0	0	0	0	0	0	0	0	0	0	4084	0	0	0	0	0	0	0	0	0	0	0	0	0	0	0	176	0	82	0	0	0	0	0	0	0	2378	0	0	0	1484	0	2498	0	3044	0	0	0	0	0	0	0	0	0	0	0	0	0	0	0	0	0	0	0	0	0	0	0	0	0	0	
259952	Temporal_Mid_L	642	0	130	0	0	0	342	0	0	0	194	0	0	0	0	0	1450	0	158	0	0	0	0	0	0	0	0	0	2158	0	0	0	128	0	320	0	1348	0	0	0	84	0	3320	0	1528	0	2170	0	300	0	16594	0	2472	0	4166	0	424	0	308	0	1052	0	4516	0	13536	0	3088	0	0	0	0	0	212	0	0	0	0	0	4576	0	17626	0	5408	0	0	0	2774	0	38756	0	196	0	0	0	0	0	0	0	0	0	0	0	0	0	0	0	0	0	0	0	0	0	0	0	0	0	
165664	Temporal_Mid_R	0	1696	0	170	0	0	0	0	0	0	0	74	0	0	0	0	0	0	0	1760	0	0	0	0	0	0	0	0	0	1532	0	0	0	512	0	1002	0	790	0	240	0	0	0	1964	0	1472	122	3720	0	2036	0	8020	0	1654	0	5466	0	362	0	576	0	1982	0	2326	0	9380	0	2300	0	534	0	0	0	0	0	0	0	0	0	530	0	9200	0	1484	0	0	0	3166	0	18762	0	0	0	0	0	0	0	0	0	0	0	0	0	0	0	0	0	0	0	0	0	0	0	0	0	0	
19532	Temporal_Pole_Mid_L	0	0	0	0	0	0	0	0	0	0	0	0	0	0	0	0	0	0	0	0	0	0	0	0	0	0	0	0	0	0	0	0	0	0	0	0	0	0	0	0	0	0	0	0	0	0	0	0	0	0	0	0	0	0	726	0	0	0	0	0	0	0	0	0	0	0	0	0	0	0	0	0	0	0	0	0	0	0	0	0	0	0	2986	0	2774	0	0	0	3280	0	0	0	0	0	0	0	0	0	0	0	0	0	0	0	0	0	0	0	0	0	0	0	0	0	0	0	
25512	Temporal_Pole_Mid_R	0	0	0	0	0	0	0	0	0	0	0	0	0	0	0	0	0	0	0	0	0	0	0	0	0	0	0	0	0	0	0	0	0	0	0	0	0	288	0	974	0	716	0	0	0	0	0	0	0	0	0	0	0	0	0	1986	0	0	0	0	0	0	0	0	0	0	0	0	0	0	0	0	0	0	0	0	0	0	0	0	0	1462	0	2498	0	3166	0	0	0	1666	0	0	0	0	0	0	0	0	0	0	0	0	0	0	0	0	0	0	0	0	0	0	0	0	0	0	
214900	Temporal_Inf_L	424	0	320	0	0	0	234	0	0	0	274	0	0	0	0	0	1010	0	378	0	0	0	0	0	0	0	0	0	2958	0	0	0	0	0	174	0	5490	0	726	0	600	0	368	0	252	0	386	0	92	0	4184	0	2832	0	12498	0	284	0	474	0	1530	0	3156	0	5926	0	436	0	0	0	0	0	536	0	0	0	110	0	1222	0	8552	0	5296	0	38756	0	3280	0	0	0	3390	0	112	0	0	0	164	0	840	0	90	0	96	0	0	0	0	0	0	0	0	0	0	0	0	0	
171844	Temporal_Inf_R	96	2520	78	262	0	0	0	0	0	0	0	0	0	0	0	0	0	100	74	2330	0	0	0	0	0	0	0	0	0	2776	0	0	0	808	0	2934	0	6512	0	2602	0	1224	0	926	0	460	0	3362	0	716	0	808	0	4196	0	17990	0	538	0	218	0	446	0	476	0	1116	0	2460	0	716	0	0	0	300	0	0	0	0	0	422	0	3276	0	3044	0	18762	0	1666	0	0	0	1274	0	0	0	0	0	0	0	434	0	0	0	0	0	0	0	0	0	0	0	0	0	0	0	0	
424080	Cerebelum_Crus1_L	0	0	0	0	0	0	0	0	0	0	0	0	0	0	0	0	0	0	0	0	0	0	0	0	0	0	0	0	0	0	0	0	0	0	0	0	158	0	1172	0	0	0	0	0	0	0	4264	1960	0	0	0	0	300	0	18932	428	0	0	0	0	0	0	0	0	0	0	0	0	0	0	0	0	0	0	0	0	0	0	112	0	210	0	0	0	196	0	0	0	3390	0	0	2366	32362	1448	1026	186	21536	2098	50606	3882	15440	0	17348	2404	3728	1440	1302	148	322	578	7708	4920	5498	2242	2180	150	
415600	Cerebelum_Crus1_R	0	0	0	0	0	0	0	0	0	0	0	0	0	0	0	0	0	0	0	0	0	0	0	0	0	0	0	0	0	0	0	0	0	0	0	0	0	0	0	74	0	0	0	0	0	0	514	6250	0	0	0	0	110	160	296	9888	0	0	0	0	0	0	0	0	0	0	0	0	0	0	0	0	0	0	0	0	0	0	0	0	0	0	0	0	0	0	0	0	0	1274	2366	0	2264	32050	448	6250	4704	25332	4470	55824	748	4002	1078	16800	168	2144	0	240	726	3238	11830	5740	7102	1308	402	0	
337416	Cerebelum_Crus2_L	0	0	0	0	0	0	0	0	0	0	0	0	0	0	0	0	0	0	0	0	0	0	0	0	0	0	0	0	0	0	0	0	0	0	0	0	0	0	0	0	0	0	0	0	0	0	0	902	0	0	0	0	0	0	670	432	0	0	0	0	0	0	0	0	0	0	0	0	0	0	0	0	0	0	0	0	0	0	0	0	0	0	0	0	0	0	0	0	112	0	32362	2264	0	5314	116	0	2198	700	7514	2720	41026	826	41808	3254	8224	526	2556	118	130	134	1474	2016	6710	3858	744	0	
261640	Cerebelum_Crus2_R	0	0	0	0	0	0	0	0	0	0	0	0	0	0	0	0	0	0	0	0	0	0	0	0	0	0	0	0	0	0	0	0	0	0	0	0	0	0	0	0	0	0	0	0	0	0	0	904	0	0	0	0	0	0	0	674	0	0	0	0	0	0	0	0	0	0	0	0	0	0	0	0	0	0	0	0	0	0	0	0	0	0	0	0	0	0	0	0	0	0	1448	32050	5314	0	0	414	360	1278	920	7398	2256	17226	3430	33268	474	5090	0	796	210	252	612	710	8494	5772	1470	0	
46440	Cerebelum_3_L	0	0	0	0	0	0	0	0	0	0	0	0	0	0	0	0	0	0	0	0	0	0	0	0	0	0	0	0	0	0	0	0	0	0	0	0	0	0	794	0	0	0	0	0	0	0	0	396	0	0	0	0	0	0	250	112	0	0	0	0	0	0	0	0	0	0	0	0	0	0	0	0	0	0	0	0	0	0	0	0	0	0	0	0	0	0	0	0	0	0	1026	448	116	0	0	228	6354	464	3790	544	520	0	738	88	1444	138	92	0	982	1830	1578	900	188	78	122	0	
61572	Cerebelum_3_R	0	0	0	0	0	0	0	0	0	0	0	0	0	0	0	0	0	0	0	0	0	0	0	0	0	0	0	0	0	0	0	0	0	0	0	0	0	0	0	148	0	0	0	0	0	0	0	112	0	0	0	0	0	0	0	266	0	0	0	0	0	0	0	0	0	0	0	0	0	0	0	0	0	0	0	0	0	0	0	0	0	0	0	0	0	0	0	0	0	0	186	6250	0	414	228	0	600	6326	308	8356	116	0	126	860	0	300	0	0	570	3002	1158	272	526	376	286	0	
322664	Cerebelum_4_5_L	0	0	0	0	0	0	0	0	0	0	0	0	0	0	0	0	0	0	0	0	0	0	0	0	0	0	0	0	0	0	0	0	0	0	0	0	158	0	2212	0	0	0	0	0	0	0	9458	3034	0	0	0	0	262	0	12146	1368	0	0	0	0	0	0	0	0	0	0	0	0	0	0	0	0	0	0	0	0	0	0	0	0	0	0	0	0	0	0	0	0	164	0	21536	4704	2198	360	6354	600	0	6590	38414	6402	2676	0	2526	610	3486	788	524	0	1894	2744	23030	4122	602	228	870	1272	
257656	Cerebelum_4_5_R	0	0	0	0	0	0	0	0	0	0	0	0	0	0	0	0	0	0	0	0	0	0	0	0	0	0	0	0	0	0	0	0	0	0	0	0	0	310	0	1016	0	0	0	128	0	0	586	7876	0	0	0	0	0	226	448	8466	0	0	0	0	0	0	0	0	0	0	0	158	0	0	0	0	0	94	0	0	0	0	0	0	0	0	0	0	0	0	0	0	0	0	2098	25332	700	1278	464	6326	6590	0	4852	33204	560	0	830	1794	364	540	142	0	362	2170	17354	2342	974	414	538	292	
461480	Cerebelum_6_L	0	0	0	0	0	0	0	0	0	0	0	0	0	0	0	0	0	0	0	0	0	0	0	0	0	0	0	0	0	0	0	0	0	0	0	0	0	0	1502	0	0	0	0	0	0	0	12526	4976	0	0	190	0	1302	0	25506	1612	0	0	0	0	0	0	0	0	0	0	0	0	0	0	0	0	0	0	0	0	0	0	0	0	0	0	0	0	0	0	0	0	840	0	50606	4470	7514	920	3790	308	38414	4852	0	7280	5156	0	6048	1994	5016	2172	1384	182	1332	1708	16266	11560	5426	2348	2728	812	
427496	Cerebelum_6_R	0	0	0	0	0	0	0	0	0	0	0	0	0	0	0	0	0	0	0	0	0	0	0	0	0	0	0	0	0	0	0	0	0	0	0	0	0	0	0	78	0	0	0	0	0	0	1108	10664	0	0	0	0	136	436	594	14332	0	0	0	0	0	0	0	0	0	0	0	0	0	0	0	0	0	0	0	0	0	0	0	0	0	0	0	0	0	0	0	0	0	434	3882	55824	2720	7398	544	8356	6402	33204	7280	0	696	0	1118	6766	574	2516	136	770	910	3952	16276	10916	10660	2630	2436	0	
274020	Cerebelum_7b_L	0	0	0	0	0	0	0	0	0	0	0	0	0	0	0	0	0	0	0	0	0	0	0	0	0	0	0	0	0	0	0	0	0	0	0	0	0	0	0	0	0	0	0	0	0	0	0	200	0	0	0	0	0	0	448	0	0	0	0	0	0	0	0	0	0	0	0	0	0	0	0	0	0	0	0	0	0	0	0	0	0	0	0	0	0	0	0	0	90	0	15440	748	41026	2256	520	116	2676	560	5156	696	0	0	45204	2038	9072	284	1512	0	142	310	1360	986	2504	3196	376	94	
90732	Cerebelum_7b_R	0	0	0	0	0	0	0	0	0	0	0	0	0	0	0	0	0	0	0	0	0	0	0	0	0	0	0	0	0	0	0	0	0	0	0	0	0	0	0	0	0	0	0	0	0	0	0	0	0	0	0	0	0	0	0	0	0	0	0	0	0	0	0	0	0	0	0	0	0	0	0	0	0	0	0	0	0	0	0	0	0	0	0	0	0	0	0	0	0	0	0	4002	826	17226	0	0	0	0	0	0	0	0	172	18300	98	2594	0	298	0	0	0	0	208	1166	476	0	
356812	Cerebelum_8_L	0	0	0	0	0	0	0	0	0	0	0	0	0	0	0	0	0	0	0	0	0	0	0	0	0	0	0	0	0	0	0	0	0	0	0	0	0	0	0	0	0	0	0	0	0	0	0	656	0	0	0	0	0	0	330	114	0	0	0	0	0	0	0	0	0	0	0	0	0	0	0	0	0	0	0	0	0	0	0	0	0	0	0	0	0	0	0	0	96	0	17348	1078	41808	3430	738	126	2526	830	6048	1118	45204	172	0	5480	24670	1044	5004	0	184	282	1600	2578	5294	7468	2986	194	
293100	Cerebelum_8_R	0	0	0	0	0	0	0	0	0	0	0	0	0	0	0	0	0	0	0	0	0	0	0	0	0	0	0	0	0	0	0	0	0	0	0	0	0	0	0	0	0	0	0	0	0	0	0	878	0	0	0	0	0	0	0	578	0	0	0	0	0	0	0	0	0	0	0	0	0	0	0	0	0	0	0	0	0	0	0	0	0	0	0	0	0	0	0	0	0	0	2404	16800	3254	33268	88	860	610	1794	1994	6766	2038	18300	5480	0	2208	20326	0	1420	240	316	988	2696	7654	10016	5574	0	
171800	Cerebelum_9_L	0	0	0	0	0	0	0	0	0	0	0	0	0	0	0	0	0	0	0	0	0	0	0	0	0	0	0	0	0	0	0	0	0	0	0	0	0	0	116	0	0	0	0	0	0	0	0	508	0	0	0	0	0	0	96	104	0	0	0	0	0	0	0	0	0	0	0	0	0	0	0	0	0	0	0	0	0	0	0	0	0	0	0	0	0	0	0	0	0	0	3728	168	8224	474	1444	0	3486	364	5016	574	9072	98	24670	2208	0	1776	7046	0	0	0	1386	4116	1910	3668	4200	1448	
144776	Cerebelum_9_R	0	0	0	0	0	0	0	0	0	0	0	0	0	0	0	0	0	0	0	0	0	0	0	0	0	0	0	0	0	0	0	0	0	0	0	0	0	0	0	0	0	0	0	0	0	0	0	346	0	0	0	0	0	0	0	82	0	0	0	0	0	0	0	0	0	0	0	0	0	0	0	0	0	0	0	0	0	0	0	0	0	0	0	0	0	0	0	0	0	0	1440	2144	526	5090	138	300	788	540	2172	2516	284	2594	1044	20326	1776	0	220	2638	322	318	1258	4502	4896	5466	8008	2654	
43992	Cerebelum_10_L	0	0	0	0	0	0	0	0	0	0	0	0	0	0	0	0	0	0	0	0	0	0	0	0	0	0	0	0	0	0	0	0	0	0	0	0	0	0	0	0	0	0	0	0	0	0	0	186	0	0	0	0	0	0	0	0	0	0	0	0	0	0	0	0	0	0	0	0	0	0	0	0	0	0	0	0	0	0	0	0	0	0	0	0	0	0	0	0	0	0	1302	0	2556	0	92	0	524	142	1384	136	1512	0	5004	0	7046	220	0	0	0	0	406	652	0	232	374	228	
20544	Cerebelum_10_R	0	0	0	0	0	0	0	0	0	0	0	0	0	0	0	0	0	0	0	0	0	0	0	0	0	0	0	0	0	0	0	0	0	0	0	0	0	0	0	0	0	0	0	0	0	0	0	80	0	0	0	0	0	0	0	0	0	0	0	0	0	0	0	0	0	0	0	0	0	0	0	0	0	0	0	0	0	0	0	0	0	0	0	0	0	0	0	0	0	0	148	240	118	796	0	0	0	0	182	770	0	298	0	1420	0	2638	0	0	128	106	146	194	1038	874	1096	0	
31200	Vermis_1_2	0	0	0	0	0	0	0	0	0	0	0	0	0	0	0	0	0	0	0	0	0	0	0	0	0	0	0	0	0	0	0	0	0	0	0	0	0	0	212	0	0	0	0	0	0	0	0	296	0	0	0	0	0	0	0	94	0	0	0	0	0	0	0	0	0	0	0	0	0	0	0	0	0	0	0	0	0	0	0	0	0	0	0	0	0	0	0	0	0	0	322	726	130	210	982	570	1894	362	1332	910	142	0	184	240	0	322	0	128	0	3998	2092	136	158	80	80	0	
60772	Vermis_3	0	0	0	0	0	0	0	0	0	0	0	0	0	0	0	0	0	0	0	0	0	0	0	0	0	0	0	0	0	0	0	0	0	0	0	0	0	0	528	0	0	0	0	0	0	0	0	322	0	0	0	0	0	0	0	270	0	0	0	0	0	0	0	0	0	0	0	0	0	0	0	0	0	0	0	0	0	0	0	0	0	0	0	0	0	0	0	0	0	0	578	3238	134	252	1830	3002	2744	2170	1708	3952	310	0	282	316	0	318	0	106	3998	0	3584	190	274	158	122	0	
284584	Vermis_4_5	0	0	0	0	0	0	0	0	0	0	0	0	0	0	0	0	0	0	0	0	0	0	0	0	0	0	0	0	0	0	0	0	0	96	0	724	0	368	0	0	0	0	0	150	0	0	4296	7612	0	0	0	0	252	102	3006	4276	0	0	0	0	0	0	0	0	0	0	0	1616	0	148	0	0	0	0	0	0	0	0	0	0	0	0	0	0	0	0	0	0	0	0	7708	11830	1474	612	1578	1158	23030	17354	16266	16276	1360	0	1600	988	1386	1258	406	146	2092	3584	0	5318	620	124	1212	2266	
201768	Vermis_6	0	0	0	0	0	0	0	0	0	0	0	0	0	0	0	0	0	0	0	0	0	0	0	0	0	0	0	0	0	0	0	0	0	0	0	0	0	0	192	0	0	0	0	0	0	0	2700	8212	0	0	76	0	520	198	1990	3204	0	0	0	0	0	0	0	0	0	0	0	0	0	0	0	0	0	0	0	0	0	0	0	0	0	0	0	0	0	0	0	0	0	0	4920	5740	2016	710	900	272	4122	2342	11560	10916	986	0	2578	2696	4116	4502	652	194	136	190	5318	0	7180	3432	4894	3420	
