data	data	568180	281712	1.05028e+06	849136	159068	97976	449576	328204	56492	75892	231920	156292	223116	154544	160924	216632	262508	110540	746132	886860	110264	117788	245316	262460	20568	60780	68508	79068	540456	395188	233228	356224	100440	472760	168448	177928	264780	264800	37208	177468	22264	71644	242272	353372	182792	371676	312956	300808	208576	395024	465768	360020	163544	91084	388568	462352	288268	223652	108400	152868	178796	126616	64852	94764	77776	84752	240204	404800	211768	170768	332484	619148	364588	391640	76448	14836	156884	214364	65624	16660	168572	112108	83040	46756	302896	268676	23200	24424	264604	239692	572708	594344	336960	354504	46676	60244	343920	319636	584692	589476	273704	240512	299964	293324	169280	108084	24128	20060	20524	29160	296304	271912	265572	100252	60312	29540	
data	data	Precentral_L	Precentral_R	Frontal_Sup_L	Frontal_Sup_R	Frontal_Sup_Orb_L	Frontal_Sup_Orb_R	Frontal_Mid_L	Frontal_Mid_R	Frontal_Mid_Orb_L	Frontal_Mid_Orb_R	Frontal_Inf_Oper_L	Frontal_Inf_Oper_R	Frontal_Inf_Tri_L	Frontal_Inf_Tri_R	Frontal_Inf_Orb_L	Frontal_Inf_Orb_R	Rolandic_Oper_L	Rolandic_Oper_R	Supp_Motor_Area_L	Supp_Motor_Area_R	Olfactory_L	Olfactory_R	Frontal_Sup_Medial_L	Frontal_Sup_Medial_R	Frontal_Med_Orb_L	Frontal_Med_Orb_R	Rectus_L	Rectus_R	Insula_L	Insula_R	Cingulum_Ant_L	Cingulum_Ant_R	Cingulum_Mid_L	Cingulum_Mid_R	Cingulum_Post_L	Cingulum_Post_R	Hippocampus_L	Hippocampus_R	ParaHippocampal_L	ParaHippocampal_R	Amygdala_L	Amygdala_R	Calcarine_L	Calcarine_R	Cuneus_L	Cuneus_R	Lingual_L	Lingual_R	Occipital_Sup_L	Occipital_Sup_R	Occipital_Mid_L	Occipital_Mid_R	Occipital_Inf_L	Occipital_Inf_R	Fusiform_L	Fusiform_R	Postcentral_L	Postcentral_R	Parietal_Sup_L	Parietal_Sup_R	Parietal_Inf_L	Parietal_Inf_R	SupraMarginal_L	SupraMarginal_R	Angular_L	Angular_R	Precuneus_L	Precuneus_R	Paracentral_Lobule_L	Paracentral_Lobule_R	Caudate_L	Caudate_R	Putamen_L	Putamen_R	Pallidum_L	Pallidum_R	Thalamus_L	Thalamus_R	Heschl_L	Heschl_R	Temporal_Sup_L	Temporal_Sup_R	Temporal_Pole_Sup_L	Temporal_Pole_Sup_R	Temporal_Mid_L	Temporal_Mid_R	Temporal_Pole_Mid_L	Temporal_Pole_Mid_R	Temporal_Inf_L	Temporal_Inf_R	Cerebelum_Crus1_L	Cerebelum_Crus1_R	Cerebelum_Crus2_L	Cerebelum_Crus2_R	Cerebelum_3_L	Cerebelum_3_R	Cerebelum_4_5_L	Cerebelum_4_5_R	Cerebelum_6_L	Cerebelum_6_R	Cerebelum_7b_L	Cerebelum_7b_R	Cerebelum_8_L	Cerebelum_8_R	Cerebelum_9_L	Cerebelum_9_R	Cerebelum_10_L	Cerebelum_10_R	Vermis_1_2	Vermis_3	Vermis_4_5	Vermis_6	Vermis_7	Vermis_8	Vermis_9	Vermis_10	
568180	Precentral_L	0	4144	24248	7302	0	0	27098	4056	0	668	15270	298	3606	1146	358	2430	16516	0	16498	17232	0	0	0	0	0	0	0	0	11370	1998	130	224	640	3190	6866	3840	8098	1708	426	326	0	228	384	0	142	0	0	0	0	0	1752	0	386	0	1678	250	28264	0	114	0	2836	0	288	0	0	0	2490	0	16658	0	7692	10218	3168	7336	1008	318	8830	5096	1190	0	1752	220	0	0	1280	0	0	0	826	0	0	0	0	0	0	0	0	0	0	0	0	0	0	0	0	0	0	0	0	0	0	0	0	0	0	0	
281712	Precentral_R	4144	0	2202	5218	0	0	1340	25816	0	0	178	5404	0	0	0	198	212	7734	2362	3502	0	0	0	0	0	0	0	0	322	11620	0	0	0	2168	1408	3042	884	3546	0	472	0	0	0	676	0	724	0	0	0	1258	0	2066	0	0	0	418	700	11754	0	826	0	1206	0	1592	0	262	0	2592	1172	4422	1210	5254	568	5310	190	316	1994	6898	0	560	0	592	0	0	0	3052	0	0	0	3472	0	0	0	0	0	0	0	0	0	0	0	0	0	0	0	0	0	0	0	0	0	0	0	0	0	0	
1.05028e+06	Frontal_Sup_L	24248	2202	0	12572	7378	0	59684	2868	1230	596	14538	116	19268	458	6500	1950	11636	0	104666	32258	340	0	34336	376	802	0	0	0	40998	1140	17214	4852	4338	10654	720	566	8632	1512	460	238	0	178	0	0	0	0	0	0	0	0	0	0	0	0	1012	196	3138	0	0	0	0	0	246	0	0	0	312	0	8350	0	8736	8742	31664	6690	9376	282	7526	3126	1428	0	2140	134	1390	0	192	0	0	0	936	0	0	0	0	0	0	0	0	0	0	0	0	0	0	0	0	0	0	0	0	0	0	0	0	0	0	0	
849136	Frontal_Sup_R	7302	5218	12572	0	138	3374	4558	27582	0	1340	202	12068	0	9194	0	4226	350	4436	12580	80914	0	152	9812	36212	140	3328	0	632	1306	21102	4020	33572	486	25120	642	1086	834	4546	0	1550	0	0	0	0	0	0	0	170	0	0	0	0	0	0	0	1052	2158	1126	0	0	0	0	0	362	0	0	0	116	728	0	11980	37610	1480	18108	190	1068	762	16376	238	0	0	270	0	0	0	0	0	0	0	180	0	0	0	0	0	0	0	0	0	0	0	0	0	0	0	0	0	0	0	0	0	0	0	0	0	0	
159068	Frontal_Sup_Orb_L	0	0	7378	138	0	542	1482	0	9372	0	0	0	784	0	9810	448	0	0	684	146	5548	2128	4114	0	2802	0	6548	942	8930	122	6862	352	0	0	0	0	0	0	0	0	164	0	0	0	0	0	0	0	0	0	0	0	0	0	0	0	0	0	0	0	0	0	0	0	0	0	0	0	0	0	3114	1446	5250	0	0	0	0	0	0	0	0	0	428	0	0	0	0	0	0	0	0	0	0	0	0	0	0	0	0	0	0	0	0	0	0	0	0	0	0	0	0	0	0	0	0	0	
97976	Frontal_Sup_Orb_R	0	0	0	3374	542	0	0	1322	0	5414	0	0	0	136	504	4570	0	0	0	0	984	2902	264	3532	362	6440	690	6968	0	1658	948	3220	0	0	0	0	0	0	0	0	0	0	0	0	0	0	0	0	0	0	0	0	0	0	0	0	0	0	0	0	0	0	0	0	0	0	0	0	0	0	960	2680	160	1358	0	0	0	0	0	0	0	0	0	0	0	0	0	0	0	0	0	0	0	0	0	0	0	0	0	0	0	0	0	0	0	0	0	0	0	0	0	0	0	0	0	0	
449576	Frontal_Mid_L	27098	1340	59684	4558	1482	0	0	2584	1398	0	11844	282	24186	634	5230	348	1504	0	10378	3608	126	0	10800	0	0	0	0	0	13952	622	2342	0	2142	894	638	582	5888	456	566	0	0	0	0	0	0	0	0	0	0	0	0	0	0	0	118	0	658	0	0	0	0	0	0	0	0	0	352	0	388	0	5744	2760	8126	408	270	0	7592	2884	188	0	134	0	0	0	0	0	0	0	0	0	0	0	0	0	0	0	0	0	0	0	0	0	0	0	0	0	0	0	0	0	0	0	0	0	0	0	
328204	Frontal_Mid_R	4056	25816	2868	27582	0	1322	2584	0	0	2542	206	11712	0	10052	0	8608	492	6208	2728	7408	0	0	776	3344	0	0	0	0	912	13520	332	2672	0	3552	0	0	174	674	0	222	0	0	0	0	0	0	0	0	0	0	0	0	0	0	0	0	702	640	0	0	0	106	0	200	0	0	0	0	202	124	5430	7070	1022	6610	128	294	114	548	112	268	0	170	0	0	0	0	0	0	0	0	0	0	0	0	0	0	0	0	0	0	0	0	0	0	0	0	0	0	0	0	0	0	0	0	0	0	
56492	Frontal_Mid_Orb_L	0	0	1230	0	9372	0	1398	0	0	0	0	0	656	0	7892	0	0	0	0	0	678	0	500	0	112	0	1496	0	2536	0	732	0	0	0	0	0	0	0	0	0	0	0	0	0	0	0	0	0	0	0	0	0	0	0	0	0	0	0	0	0	0	0	0	0	0	0	0	0	0	0	0	0	1466	0	0	0	0	0	0	0	0	0	178	0	0	0	0	0	0	0	0	0	0	0	0	0	0	0	0	0	0	0	0	0	0	0	0	0	0	0	0	0	0	0	0	0	
75892	Frontal_Mid_Orb_R	668	0	596	1340	0	5414	0	2542	0	0	0	0	0	316	0	8560	0	0	558	1144	0	262	0	298	0	1186	0	2130	0	562	0	236	0	0	0	0	0	0	0	0	0	0	0	0	0	0	0	0	0	0	0	0	0	0	0	0	0	0	0	0	0	0	0	0	0	0	0	0	264	0	0	6430	0	5440	0	0	0	0	0	0	0	0	0	0	0	0	0	0	0	0	0	0	0	0	0	0	0	0	0	0	0	0	0	0	0	0	0	0	0	0	0	0	0	0	0	0	
231920	Frontal_Inf_Oper_L	15270	178	14538	202	0	0	11844	206	0	0	0	0	12074	0	114	0	15800	0	12318	116	0	0	474	0	0	0	0	0	19256	0	0	0	0	0	0	0	1190	0	112	0	0	0	0	0	0	0	0	0	0	0	0	0	0	0	116	0	2350	0	0	0	162	0	0	0	0	0	0	0	0	0	232	116	2910	0	450	0	374	0	930	0	2304	0	2176	0	0	0	0	0	148	0	0	0	0	0	0	0	0	0	0	0	0	0	0	0	0	0	0	0	0	0	0	0	0	0	0	0	
156292	Frontal_Inf_Oper_R	298	5404	116	12068	0	0	282	11712	0	0	0	0	0	7716	0	942	0	4318	0	9338	0	0	0	296	0	0	0	0	164	14178	0	276	0	582	0	0	0	0	0	0	0	0	0	0	0	0	0	0	0	0	0	0	0	0	0	0	0	458	0	0	0	0	0	0	0	0	0	0	0	0	654	7540	0	1594	0	0	0	0	0	210	0	0	0	0	0	0	0	0	0	0	0	0	0	0	0	0	0	0	0	0	0	0	0	0	0	0	0	0	0	0	0	0	0	0	0	0	
223116	Frontal_Inf_Tri_L	3606	0	19268	0	784	0	24186	0	656	0	12074	0	0	0	12806	0	762	0	8720	0	0	0	2384	0	0	0	0	0	22468	0	2482	0	138	0	0	0	0	0	0	0	0	0	0	0	0	0	0	0	0	0	0	0	0	0	0	0	0	0	0	0	0	0	0	0	0	0	0	0	0	0	308	0	338	0	0	0	0	0	0	0	0	0	578	0	0	0	0	0	0	0	0	0	0	0	0	0	0	0	0	0	0	0	0	0	0	0	0	0	0	0	0	0	0	0	0	0	
154544	Frontal_Inf_Tri_R	1146	0	458	9194	0	136	634	10052	0	316	0	7716	0	0	0	11236	0	0	376	7602	0	0	0	154	0	0	0	0	210	13698	186	196	0	1038	0	0	0	0	0	0	0	0	0	0	0	0	0	0	0	0	0	0	0	0	0	0	0	0	0	0	0	0	0	0	0	0	0	0	170	0	1744	9184	262	1564	0	0	0	0	0	0	0	0	0	0	0	0	0	0	0	0	0	0	0	0	0	0	0	0	0	0	0	0	0	0	0	0	0	0	0	0	0	0	0	0	0	0	
160924	Frontal_Inf_Orb_L	358	0	6500	0	9810	504	5230	0	7892	0	114	0	12806	0	0	388	0	0	2678	0	4516	1918	326	0	0	0	3572	878	14394	0	1444	306	0	0	0	0	0	0	0	0	118	0	0	0	0	0	0	0	0	0	0	0	0	0	0	0	0	0	0	0	0	0	0	0	0	0	0	0	0	0	2582	1238	2144	0	0	0	0	0	0	0	0	0	746	0	0	0	0	0	0	0	0	0	0	0	0	0	0	0	0	0	0	0	0	0	0	0	0	0	0	0	0	0	0	0	0	0	
216632	Frontal_Inf_Orb_R	2430	198	1950	4226	448	4570	348	8608	0	8560	0	942	0	11236	388	0	0	0	1656	5652	668	2338	0	336	0	208	464	3192	464	6268	792	1204	0	1278	0	0	0	388	0	0	0	394	0	0	0	0	0	0	0	0	0	0	0	0	0	372	250	0	0	0	0	0	0	0	0	0	0	0	668	0	4784	19668	748	10954	0	0	0	0	0	0	0	0	0	986	0	264	0	0	0	416	0	0	0	0	0	0	0	0	0	0	0	0	0	0	0	0	0	0	0	0	0	0	0	0	0	0	
262508	Rolandic_Oper_L	16516	212	11636	350	0	0	1504	492	0	0	15800	0	762	0	0	0	0	0	10234	252	0	0	0	0	0	0	0	0	22758	0	0	0	0	0	146	120	2026	0	132	0	0	0	0	0	0	0	0	0	0	0	188	0	0	0	798	0	16990	0	0	0	2412	0	2940	0	130	0	0	0	0	0	1362	298	3268	0	606	0	404	0	5538	0	9412	0	2178	0	982	0	0	0	808	0	0	0	0	0	0	0	0	0	0	0	0	0	0	0	0	0	0	0	0	0	0	0	0	0	0	0	
110540	Rolandic_Oper_R	0	7734	0	4436	0	0	0	6208	0	0	0	4318	0	0	0	0	0	0	0	3804	0	0	0	0	0	0	0	0	0	10854	0	0	0	0	0	0	0	0	0	0	0	0	0	0	0	0	0	0	0	0	0	0	0	0	0	0	0	3472	0	0	0	108	0	3190	0	0	0	0	0	0	0	1716	0	1408	0	0	0	0	0	1734	0	2902	0	536	0	1506	0	0	0	1344	0	0	0	0	0	0	0	0	0	0	0	0	0	0	0	0	0	0	0	0	0	0	0	0	0	0	
746132	Supp_Motor_Area_L	16498	2362	104666	12580	684	0	10378	2728	0	558	12318	0	8720	376	2678	1656	10234	0	0	41076	0	0	6102	1484	0	0	0	0	28558	1240	9100	7046	7206	17820	874	118	1536	1796	0	418	0	278	0	0	108	0	0	0	114	0	154	0	0	0	536	352	1306	0	0	0	0	0	174	0	0	0	222	0	8344	0	7126	6574	17780	7418	5238	236	786	738	612	0	1870	180	1374	0	0	0	0	0	628	108	0	0	0	0	0	0	0	0	0	0	0	0	0	0	0	0	0	0	0	0	0	0	0	0	0	0	
886860	Supp_Motor_Area_R	17232	3502	32258	80914	146	0	3608	7408	0	1144	116	9338	0	7602	0	5652	252	3804	41076	0	0	0	1692	5402	0	0	0	0	922	19474	1638	15248	3464	52784	348	6304	352	4154	0	1256	0	440	0	1406	0	1344	0	530	0	680	0	1054	0	0	0	1114	2430	3882	0	0	0	0	0	390	0	0	0	4626	10296	12578	9048	28834	1754	22966	648	1420	226	7048	152	0	0	742	0	0	0	1312	0	0	0	1420	0	0	0	0	0	0	0	0	0	0	0	0	0	0	0	0	0	0	0	0	0	0	0	0	0	0	
110264	Olfactory_L	0	0	340	0	5548	984	126	0	678	0	0	0	0	0	4516	668	0	0	0	0	0	6972	0	0	0	0	5064	1944	3774	112	3206	3042	0	0	0	0	0	0	0	0	278	0	0	0	0	0	0	0	0	0	0	0	0	0	0	0	0	0	0	0	0	0	0	0	0	0	0	0	0	0	8494	5066	3740	384	0	0	0	0	0	0	0	0	196	0	0	0	0	0	0	0	0	0	0	0	0	0	0	0	0	0	0	0	0	0	0	0	0	0	0	0	0	0	0	0	0	0	
117788	Olfactory_R	0	0	0	152	2128	2902	0	0	0	262	0	0	0	0	1918	2338	0	0	0	0	6972	0	0	202	0	482	3014	4484	166	3138	2938	4020	0	0	0	0	0	414	0	0	0	1122	0	0	0	0	0	0	0	0	0	0	0	0	0	0	0	0	0	0	0	0	0	0	0	0	0	0	0	0	8766	7988	3880	1608	0	0	0	0	0	0	0	0	0	0	0	0	0	0	0	0	0	0	0	0	0	0	0	0	0	0	0	0	0	0	0	0	0	0	0	0	0	0	0	0	0	0	
245316	Frontal_Sup_Medial_L	0	0	34336	9812	4114	264	10800	776	500	0	474	0	2384	0	326	0	0	0	6102	1692	0	0	0	13802	1688	566	234	0	2348	0	11932	7864	4510	6754	0	0	0	0	0	0	0	0	0	0	0	0	0	0	0	0	0	0	0	0	0	0	0	0	0	0	0	0	0	0	0	0	0	0	0	0	156	240	854	130	0	0	0	0	0	0	0	0	0	0	0	0	0	0	0	0	0	0	0	0	0	0	0	0	0	0	0	0	0	0	0	0	0	0	0	0	0	0	0	0	0	0	
262460	Frontal_Sup_Medial_R	0	0	376	36212	0	3532	0	3344	0	298	0	296	0	154	0	336	0	0	1484	5402	0	202	13802	0	376	4794	0	1104	0	0	2916	27226	844	19106	0	0	0	0	0	0	0	0	0	0	0	0	0	0	0	0	0	0	0	0	0	0	0	0	0	0	0	0	0	0	0	0	0	0	0	0	528	6358	0	2540	0	0	0	0	0	0	0	0	0	0	0	0	0	0	0	0	0	0	0	0	0	0	0	0	0	0	0	0	0	0	0	0	0	0	0	0	0	0	0	0	0	0	
20568	Frontal_Med_Orb_L	0	0	802	140	2802	362	0	0	112	0	0	0	0	0	0	0	0	0	0	0	0	0	1688	376	0	828	1130	0	118	0	1622	196	0	0	0	0	0	0	0	0	0	0	0	0	0	0	0	0	0	0	0	0	0	0	0	0	0	0	0	0	0	0	0	0	0	0	0	0	0	0	0	0	108	0	0	0	0	0	0	0	0	0	0	0	0	0	0	0	0	0	0	0	0	0	0	0	0	0	0	0	0	0	0	0	0	0	0	0	0	0	0	0	0	0	0	0	
60780	Frontal_Med_Orb_R	0	0	0	3328	0	6440	0	0	0	1186	0	0	0	0	0	208	0	0	0	0	0	482	566	4794	828	0	0	5142	0	0	800	3862	0	0	0	0	0	0	0	0	0	0	0	0	0	0	0	0	0	0	0	0	0	0	0	0	0	0	0	0	0	0	0	0	0	0	0	0	0	0	0	2534	0	220	0	0	0	0	0	0	0	0	0	0	0	0	0	0	0	0	0	0	0	0	0	0	0	0	0	0	0	0	0	0	0	0	0	0	0	0	0	0	0	0	0	0	
68508	Rectus_L	0	0	0	0	6548	690	0	0	1496	0	0	0	0	0	3572	464	0	0	0	0	5064	3014	234	0	1130	0	0	1344	1374	0	2008	766	0	0	0	0	0	0	0	0	0	0	0	0	0	0	0	0	0	0	0	0	0	0	0	0	0	0	0	0	0	0	0	0	0	0	0	0	0	0	3596	1736	1218	0	0	0	0	0	0	0	0	0	0	0	0	0	0	0	0	0	0	0	0	0	0	0	0	0	0	0	0	0	0	0	0	0	0	0	0	0	0	0	0	0	0	0	
79068	Rectus_R	0	0	0	632	942	6968	0	0	0	2130	0	0	0	0	878	3192	0	0	0	0	1944	4484	0	1104	0	5142	1344	0	0	1328	1100	2726	0	0	0	0	0	0	0	0	0	170	0	0	0	0	0	0	0	0	0	0	0	0	0	0	0	0	0	0	0	0	0	0	0	0	0	0	0	0	1814	2168	410	1058	0	0	0	0	0	0	0	0	0	0	0	0	0	0	0	0	0	0	0	0	0	0	0	0	0	0	0	0	0	0	0	0	0	0	0	0	0	0	0	0	0	0	
540456	Insula_L	11370	322	40998	1306	8930	0	13952	912	2536	0	19256	164	22468	210	14394	464	22758	0	28558	922	3774	166	2348	0	118	0	1374	0	0	222	5300	0	0	0	538	336	8280	258	356	0	398	0	0	0	0	0	0	0	0	0	312	0	0	0	5000	0	5536	0	0	0	974	0	1052	0	124	0	278	0	226	0	3450	1008	17216	0	608	0	328	212	5178	0	6742	0	2724	0	1020	0	0	0	5128	0	0	0	0	0	0	0	0	0	124	0	0	0	0	0	0	0	0	0	0	0	0	0	0	0	0	0	
395188	Insula_R	1998	11620	1140	21102	122	1658	622	13520	0	562	0	14178	0	13698	0	6268	0	10854	1240	19474	112	3138	0	0	0	0	0	1328	222	0	204	134	0	578	0	0	0	2452	0	406	0	868	0	0	0	0	0	0	0	0	0	0	0	0	0	3166	216	1274	0	0	0	0	0	696	0	0	0	0	394	272	1276	20428	300	24188	0	0	0	446	0	1332	0	5016	0	1160	0	3642	0	0	0	6290	0	0	0	0	0	0	0	0	0	0	0	0	0	0	0	0	0	0	0	0	0	0	0	0	0	0	
233228	Cingulum_Ant_L	130	0	17214	4020	6862	948	2342	332	732	0	0	0	2482	186	1444	792	0	0	9100	1638	3206	2938	11932	2916	1622	800	2008	1100	5300	204	0	8924	3066	2092	0	0	0	0	0	0	0	0	0	0	0	0	0	0	0	0	0	0	0	0	0	0	0	0	0	0	0	0	0	0	0	0	0	0	0	0	9542	2894	9500	348	0	0	0	0	0	0	0	0	0	0	0	0	0	0	0	0	0	0	0	0	0	0	0	0	0	0	0	0	0	0	0	0	0	0	0	0	0	0	0	0	0	0	
356224	Cingulum_Ant_R	224	0	4852	33572	352	3220	0	2672	0	236	0	276	0	196	306	1204	0	0	7046	15248	3042	4020	7864	27226	196	3862	766	2726	0	134	8924	0	3826	27966	0	0	0	0	0	0	0	0	0	0	0	0	0	0	0	0	0	0	0	0	0	0	122	0	0	0	0	0	0	0	0	0	0	0	0	0	5542	9250	924	2318	0	0	0	0	0	0	0	0	0	0	0	0	0	0	0	0	0	0	0	0	0	0	0	0	0	0	0	0	0	0	0	0	0	0	0	0	0	0	0	0	0	0	
100440	Cingulum_Mid_L	640	0	4338	486	0	0	2142	0	0	0	0	0	138	0	0	0	0	0	7206	3464	0	0	4510	844	0	0	0	0	0	0	3066	3826	0	8014	2768	368	0	0	0	0	0	0	0	0	186	126	0	0	1228	0	1172	0	0	0	0	0	0	0	370	0	0	0	0	0	0	0	2134	432	2572	190	0	0	0	0	0	0	0	0	0	0	0	0	0	0	0	0	0	0	0	0	0	0	0	0	0	0	0	0	0	0	0	0	0	0	0	0	0	0	0	0	0	0	0	0	0	0	
472760	Cingulum_Mid_R	3190	2168	10654	25120	0	0	894	3552	0	0	0	582	0	1038	0	1278	0	0	17820	52784	0	0	6754	19106	0	0	0	0	0	578	2092	27966	8014	0	732	6836	276	260	0	0	0	0	0	2478	0	2632	0	674	0	1536	0	1652	0	248	0	144	0	2204	0	352	0	184	0	0	0	0	502	8802	5218	11970	2580	1158	474	260	244	0	0	428	0	0	0	0	0	0	0	500	0	0	0	446	0	0	0	0	0	0	0	0	0	0	0	0	0	0	0	0	0	0	0	0	0	0	0	0	0	0	
168448	Cingulum_Post_L	6866	1408	720	642	0	0	638	0	0	0	0	0	0	0	0	0	146	0	874	348	0	0	0	0	0	0	0	0	538	0	0	0	2768	732	0	8986	11030	2560	486	170	0	0	5104	0	2412	172	3388	0	0	110	722	0	134	0	784	156	364	0	0	0	0	0	0	0	0	0	12842	584	5620	0	160	624	120	0	0	0	4982	5876	588	0	0	0	0	0	298	0	0	0	272	0	0	0	0	0	0	0	0	0	0	0	0	0	0	0	0	0	0	0	0	0	0	0	0	0	0	0	
177928	Cingulum_Post_R	3840	3042	566	1086	0	0	582	0	0	0	0	0	0	0	0	0	120	0	118	6304	0	0	0	0	0	0	0	0	336	0	0	0	368	6836	8986	0	5406	6810	350	2216	0	0	0	1728	0	602	0	3764	0	0	0	410	0	0	172	1474	160	532	0	0	0	0	0	0	0	0	900	10816	704	3624	138	702	156	184	0	0	5378	8202	378	0	0	0	0	0	0	940	0	0	0	900	0	0	0	0	0	0	0	0	0	0	0	0	0	0	0	0	0	0	0	0	134	0	0	0	0	0	
264780	Hippocampus_L	8098	884	8632	834	0	0	5888	174	0	0	1190	0	0	0	0	0	2026	0	1536	352	0	0	0	0	0	0	0	0	8280	0	0	0	0	276	11030	5406	0	2614	5576	184	3230	0	2234	0	0	0	2998	0	0	0	390	0	230	0	10088	162	884	0	0	0	132	0	132	0	0	0	7250	0	1296	0	1132	512	10424	0	2514	0	9288	4936	2126	0	1326	0	432	0	628	0	0	0	6238	0	362	0	0	0	0	0	0	0	466	0	0	0	0	0	0	0	0	0	0	0	0	0	0	0	0	0	
264800	Hippocampus_R	1708	3546	1512	4546	0	0	456	674	0	0	0	0	0	0	0	388	0	0	1796	4154	0	414	0	0	0	0	0	0	258	2452	0	0	0	260	2560	6810	2614	0	220	23378	0	10360	0	836	0	0	0	2836	0	0	0	0	0	320	180	23884	160	0	0	0	0	0	0	0	0	0	304	4506	210	0	738	1674	376	9488	0	204	952	6366	242	0	0	118	0	1464	0	344	0	184	0	7598	0	358	0	0	0	0	0	470	0	482	0	0	0	0	0	0	0	0	0	0	0	0	0	0	0	0	
37208	ParaHippocampal_L	426	0	460	0	0	0	566	0	0	0	112	0	0	0	0	0	132	0	0	0	0	0	0	0	0	0	0	0	356	0	0	0	0	0	486	350	5576	220	0	0	882	0	228	0	0	0	2250	0	0	0	0	0	0	0	2676	0	0	0	0	0	0	0	0	0	0	0	734	0	0	0	0	0	876	0	0	0	1058	402	0	0	0	0	376	0	0	0	192	0	246	0	0	0	0	0	0	0	0	0	0	0	0	0	0	0	0	0	0	0	0	0	0	0	0	0	0	0	
177468	ParaHippocampal_R	326	472	238	1550	0	0	0	222	0	0	0	0	0	0	0	0	0	0	418	1256	0	0	0	0	0	0	0	0	0	406	0	0	0	0	170	2216	184	23378	0	0	0	7500	0	2060	0	0	0	4296	0	0	0	0	0	1080	0	23924	0	0	0	0	0	0	0	0	0	0	0	4730	0	0	0	236	0	3052	0	180	168	1774	0	0	0	0	0	2124	0	184	0	1454	0	2424	0	424	0	0	0	0	0	1412	0	876	0	0	0	0	0	0	0	0	0	0	0	0	0	0	0	0	
22264	Amygdala_L	0	0	0	0	164	0	0	0	0	0	0	0	0	0	118	0	0	0	0	0	278	0	0	0	0	0	0	0	398	0	0	0	0	0	0	0	3230	0	882	0	0	0	0	0	0	0	0	0	0	0	0	0	0	0	2530	0	0	0	0	0	0	0	0	0	0	0	0	0	0	0	0	0	1316	0	0	0	0	0	0	0	0	0	562	0	108	0	138	0	1408	0	0	0	0	0	0	0	0	0	0	0	0	0	0	0	0	0	0	0	0	0	0	0	0	0	0	0	
71644	Amygdala_R	228	0	178	0	0	0	0	0	0	0	0	0	0	0	0	394	0	0	278	440	0	1122	0	0	0	0	0	170	0	868	0	0	0	0	0	0	0	10360	0	7500	0	0	0	0	0	0	0	0	0	0	0	0	0	0	0	7412	0	0	0	0	0	0	0	0	0	0	0	0	0	0	0	196	0	1972	0	0	0	0	0	0	0	0	0	3206	0	0	0	450	0	1048	0	0	0	0	0	0	0	0	0	0	0	0	0	0	0	0	0	0	0	0	0	0	0	0	0	0	
242272	Calcarine_L	384	0	0	0	0	0	0	0	0	0	0	0	0	0	0	0	0	0	0	0	0	0	0	0	0	0	0	0	0	0	0	0	0	0	5104	0	2234	0	228	0	0	0	0	10608	13652	6940	15596	3466	9344	3180	17896	482	8042	0	4204	0	316	0	222	0	162	0	0	0	0	0	13794	166	1808	0	0	0	0	0	0	0	0	0	0	0	0	0	0	0	2294	0	0	0	684	0	0	0	0	0	0	0	0	0	106	0	0	0	0	0	0	0	0	0	0	0	224	0	0	0	0	0	
353372	Calcarine_R	0	676	0	0	0	0	0	0	0	0	0	0	0	0	0	0	0	0	0	1406	0	0	0	0	0	0	0	0	0	0	0	0	0	2478	0	1728	0	836	0	2060	0	0	10608	0	4258	33782	3438	25054	106	23084	0	16818	0	5884	0	7414	0	2942	0	1182	0	0	0	0	0	976	266	18882	0	4002	0	0	0	0	0	0	0	0	0	0	0	0	0	0	0	6280	0	0	0	2280	0	0	0	0	0	0	0	0	0	0	0	0	0	0	0	0	0	0	0	0	246	0	0	0	0	0	
182792	Cuneus_L	142	0	0	0	0	0	0	0	0	0	0	0	0	0	0	0	0	0	108	0	0	0	0	0	0	0	0	0	0	0	0	0	186	0	2412	0	0	0	0	0	0	0	13652	4258	0	7252	1686	248	21072	1800	14184	0	2388	0	644	0	382	0	2704	0	830	0	0	0	0	0	13542	858	2034	0	0	0	0	0	0	0	0	0	0	0	0	0	0	0	882	0	0	0	132	0	0	0	0	0	0	0	0	0	0	0	0	0	0	0	0	0	0	0	0	0	0	0	0	0	0	0	
371676	Cuneus_R	0	724	0	0	0	0	0	0	0	0	0	0	0	0	0	0	0	0	0	1344	0	0	0	0	0	0	0	0	0	0	0	0	126	2632	172	602	0	0	0	0	0	0	6940	33782	7252	0	2108	5262	220	43346	0	20856	0	304	0	492	0	6554	0	9512	0	4078	0	0	0	1268	1904	26086	0	6018	0	0	0	0	0	0	0	0	0	0	0	0	0	0	0	4066	0	0	0	190	0	0	0	0	0	0	0	0	0	0	0	0	0	0	0	0	0	0	0	0	0	0	0	0	0	0	
312956	Lingual_L	0	0	0	0	0	0	0	0	0	0	0	0	0	0	0	0	0	0	0	0	0	0	0	0	0	0	0	0	0	0	0	0	0	0	3388	0	2998	0	2250	0	0	0	15596	3438	1686	2108	0	3394	1816	740	12786	0	7778	302	19610	708	270	0	0	0	0	0	0	0	0	0	7728	0	1270	0	0	0	0	0	0	0	128	0	0	0	0	0	0	0	2512	0	0	0	864	0	12146	3926	0	0	0	0	11934	3098	17416	4722	0	0	0	0	112	0	0	0	0	0	5984	4408	1362	0	0	0	
300808	Lingual_R	0	0	0	170	0	0	0	0	0	0	0	0	0	0	0	0	0	0	0	530	0	0	0	0	0	0	0	0	0	0	0	0	0	674	0	3764	0	2836	0	4296	0	0	3466	25054	248	5262	3394	0	0	6942	0	4082	0	6770	658	21314	0	228	0	0	0	0	0	0	0	0	0	12548	0	794	0	0	0	0	0	0	0	356	0	0	0	0	0	0	0	642	0	0	0	676	2090	9310	0	0	126	0	2536	5874	3160	13452	0	0	0	0	0	0	0	0	0	0	6066	2946	140	0	0	0	
208576	Occipital_Sup_L	0	0	0	0	0	0	0	0	0	0	0	0	0	0	0	0	0	0	114	0	0	0	0	0	0	0	0	0	0	0	0	0	1228	0	0	0	0	0	0	0	0	0	9344	106	21072	220	1816	0	0	0	34450	0	3454	0	280	0	324	0	6910	0	6496	0	0	0	1832	0	11128	106	314	0	0	0	0	0	0	0	0	0	0	0	238	0	0	0	2776	0	0	0	2080	0	0	0	0	0	0	0	0	0	0	0	0	0	0	0	0	0	0	0	0	0	0	0	0	0	0	0	
395024	Occipital_Sup_R	0	1258	0	0	0	0	0	0	0	0	0	0	0	0	0	0	0	0	0	680	0	0	0	0	0	0	0	0	0	0	0	0	0	1536	110	0	0	0	0	0	0	0	3180	23084	1800	43346	740	6942	0	0	0	39192	0	992	0	1764	0	7936	0	17104	0	7980	0	0	0	6380	932	24404	0	3968	0	0	0	0	0	0	0	0	0	0	0	0	0	0	0	4048	0	0	0	136	0	0	0	0	0	0	0	0	0	0	0	0	0	0	0	0	0	0	0	0	0	0	0	0	0	0	
465768	Occipital_Mid_L	1752	0	0	0	0	0	0	0	0	0	0	0	0	0	0	0	188	0	154	0	0	0	0	0	0	0	0	0	312	0	0	0	1172	0	722	0	390	0	0	0	0	0	17896	0	14184	0	12786	0	34450	0	0	0	31930	0	10454	0	7592	0	12086	0	16784	0	618	0	14632	0	10070	0	5478	0	0	0	0	0	0	0	0	0	402	0	758	0	0	0	27590	0	0	0	9120	0	172	150	0	0	0	0	0	0	464	0	0	0	0	0	0	0	0	0	0	0	0	442	136	0	0	0	
360020	Occipital_Mid_R	0	2066	0	0	0	0	0	0	0	0	0	0	0	0	0	0	0	0	0	1054	0	0	0	0	0	0	0	0	0	0	0	0	0	1652	0	410	0	0	0	0	0	0	482	16818	0	20856	0	4082	0	39192	0	0	0	5328	0	4474	0	7196	0	9512	0	6914	0	184	0	13032	172	15780	0	3676	0	0	0	0	0	0	0	0	0	0	0	812	0	0	0	21028	0	0	0	5290	0	0	0	0	0	0	0	0	0	0	0	0	0	0	0	0	0	0	0	0	0	0	0	0	0	0	
163544	Occipital_Inf_L	386	0	0	0	0	0	0	0	0	0	0	0	0	0	0	0	0	0	0	0	0	0	0	0	0	0	0	0	0	0	0	0	0	0	134	0	230	0	0	0	0	0	8042	0	2388	0	7778	0	3454	0	31930	0	0	0	12016	0	746	0	162	0	494	0	0	0	386	0	784	0	620	0	0	0	0	0	0	0	0	0	0	0	0	0	0	0	5990	0	0	0	4166	0	156	222	0	0	0	0	0	0	752	136	0	0	0	0	0	0	0	0	0	0	0	624	176	0	0	0	
91084	Occipital_Inf_R	0	0	0	0	0	0	0	0	0	0	0	0	0	0	0	0	0	0	0	0	0	0	0	0	0	0	0	0	0	0	0	0	0	248	0	0	0	320	0	1080	0	0	0	5884	0	304	302	6770	0	992	0	5328	0	0	158	9716	0	196	0	0	0	0	0	0	0	0	0	1882	0	174	0	0	0	0	0	0	0	0	0	0	0	0	0	0	0	810	0	0	0	1732	552	976	0	0	0	0	944	678	986	3616	0	0	0	0	0	0	0	0	0	0	1138	756	0	0	0	0	
388568	Fusiform_L	1678	0	1012	0	0	0	118	0	0	0	116	0	0	0	0	0	798	0	536	0	0	0	0	0	0	0	0	0	5000	0	0	0	0	0	784	172	10088	180	2676	0	2530	0	4204	0	644	0	19610	658	280	0	10454	0	12016	158	0	314	2046	0	0	0	0	0	0	0	0	0	3132	0	1106	0	134	0	1484	0	0	0	196	0	2686	0	1046	0	3914	0	8454	0	634	0	20796	0	21852	1644	958	0	264	0	10706	696	29144	1768	924	0	422	0	138	0	0	0	0	0	1614	3530	970	0	0	0	
462352	Fusiform_R	250	418	196	1052	0	0	0	0	0	0	0	0	0	0	0	372	0	0	352	1114	0	0	0	0	0	0	0	0	0	3166	0	0	0	144	156	1474	162	23884	0	23924	0	7412	0	7414	0	492	708	21314	0	1764	0	4474	0	9716	314	0	0	200	0	0	0	0	0	0	0	0	0	6356	0	192	0	274	0	3034	0	0	144	1306	0	0	0	462	0	4478	0	2212	0	1930	0	17450	2464	25310	0	434	162	424	2826	10692	3278	28944	0	246	0	304	156	222	0	0	0	0	5418	1776	210	0	0	0	
288268	Postcentral_L	28264	700	3138	2158	0	0	658	702	0	0	2350	0	0	0	0	250	16990	0	1306	2430	0	0	0	0	0	0	0	0	5536	216	0	122	0	0	364	160	884	160	0	0	0	0	316	0	382	0	270	0	324	0	7592	0	746	0	2046	0	0	0	7074	0	16638	0	6824	0	2322	0	3320	0	5394	0	1792	1790	286	728	140	0	1154	390	2132	0	5034	0	0	0	6000	0	0	0	5052	0	0	0	0	0	0	0	0	0	0	0	0	0	0	0	0	0	0	0	0	0	0	0	0	0	0	0	
223652	Postcentral_R	0	11754	0	1126	0	0	0	640	0	0	0	458	0	0	0	0	0	3472	0	3882	0	0	0	0	0	0	0	0	0	1274	0	0	0	2204	0	532	0	0	0	0	0	0	0	2942	0	6554	0	228	0	7936	0	7196	0	196	0	200	0	0	0	9144	0	8926	0	12894	0	410	0	13518	0	10956	0	572	0	788	0	0	0	0	0	0	0	252	0	0	0	3002	0	0	0	770	0	0	0	0	0	0	0	0	0	0	0	0	0	0	0	0	0	0	0	0	0	0	0	0	0	0	
108400	Parietal_Sup_L	114	0	0	0	0	0	0	0	0	0	0	0	0	0	0	0	0	0	0	0	0	0	0	0	0	0	0	0	0	0	0	0	370	0	0	0	0	0	0	0	0	0	222	0	2704	0	0	0	6910	0	12086	0	162	0	0	0	7074	0	0	0	9184	0	0	0	1428	0	10802	180	2258	0	0	0	0	0	0	0	0	0	0	0	136	0	0	0	308	0	0	0	262	0	0	0	0	0	0	0	0	0	0	0	0	0	0	0	0	0	0	0	0	0	0	0	0	0	0	0	
152868	Parietal_Sup_R	0	826	0	0	0	0	0	0	0	0	0	0	0	0	0	0	0	0	0	0	0	0	0	0	0	0	0	0	0	0	0	0	0	352	0	0	0	0	0	0	0	0	0	1182	0	9512	0	0	0	17104	0	9512	0	0	0	0	0	9144	0	0	0	9500	0	0	0	2278	264	13398	0	3256	0	0	0	0	0	0	0	0	0	0	0	0	0	0	0	106	0	0	0	0	0	0	0	0	0	0	0	0	0	0	0	0	0	0	0	0	0	0	0	0	0	0	0	0	0	0	
178796	Parietal_Inf_L	2836	0	0	0	0	0	0	0	0	0	162	0	0	0	0	0	2412	0	0	0	0	0	0	0	0	0	0	0	974	0	0	0	0	0	0	0	132	0	0	0	0	0	162	0	830	0	0	0	6496	0	16784	0	494	0	0	0	16638	0	9184	0	0	0	8428	0	11588	0	924	0	766	0	0	0	0	0	0	0	0	0	184	0	2568	0	0	0	5904	0	0	0	1932	0	0	0	0	0	0	0	0	0	0	0	0	0	0	0	0	0	0	0	0	0	0	0	0	0	0	0	
126616	Parietal_Inf_R	0	1206	0	0	0	0	0	106	0	0	0	0	0	0	0	0	0	108	0	0	0	0	0	0	0	0	0	0	0	0	0	0	0	184	0	0	0	0	0	0	0	0	0	0	0	4078	0	0	0	7980	0	6914	0	0	0	0	0	8926	0	9500	0	0	0	8200	0	8716	0	5782	0	1072	0	0	0	0	0	0	0	0	0	0	0	0	0	0	0	394	0	0	0	142	0	0	0	0	0	0	0	0	0	0	0	0	0	0	0	0	0	0	0	0	0	0	0	0	0	0	
64852	SupraMarginal_L	288	0	246	0	0	0	0	0	0	0	0	0	0	0	0	0	2940	0	174	0	0	0	0	0	0	0	0	0	1052	0	0	0	0	0	0	0	132	0	0	0	0	0	0	0	0	0	0	0	0	0	618	0	0	0	0	0	6824	0	0	0	8428	0	0	0	2238	0	0	0	0	0	0	0	0	0	0	0	0	0	126	0	6038	0	0	0	3322	0	0	0	0	0	0	0	0	0	0	0	0	0	0	0	0	0	0	0	0	0	0	0	0	0	0	0	0	0	0	0	
94764	SupraMarginal_R	0	1592	0	362	0	0	0	200	0	0	0	0	0	0	0	0	0	3190	0	390	0	0	0	0	0	0	0	0	0	696	0	0	0	0	0	0	0	0	0	0	0	0	0	0	0	0	0	0	0	0	0	184	0	0	0	0	0	12894	0	0	0	8200	0	0	0	4042	0	0	0	0	0	272	0	336	0	0	0	0	0	0	0	5126	0	0	0	6254	0	0	0	3644	0	0	0	0	0	0	0	0	0	0	0	0	0	0	0	0	0	0	0	0	0	0	0	0	0	0	
77776	Angular_L	0	0	0	0	0	0	0	0	0	0	0	0	0	0	0	0	130	0	0	0	0	0	0	0	0	0	0	0	124	0	0	0	0	0	0	0	0	0	0	0	0	0	0	0	0	0	0	0	1832	0	14632	0	386	0	0	0	2322	0	1428	0	11588	0	2238	0	0	0	0	0	272	0	0	0	0	0	0	0	0	0	0	0	744	0	0	0	2966	0	0	0	226	0	0	0	0	0	0	0	0	0	0	0	0	0	0	0	0	0	0	0	0	0	0	0	0	0	0	0	
84752	Angular_R	0	262	0	0	0	0	0	0	0	0	0	0	0	0	0	0	0	0	0	0	0	0	0	0	0	0	0	0	0	0	0	0	0	0	0	0	0	0	0	0	0	0	0	976	0	1268	0	0	0	6380	0	13032	0	0	0	0	0	410	0	2278	0	8716	0	4042	0	0	0	438	0	0	0	0	0	0	0	0	0	0	0	0	0	1328	0	0	0	3082	0	0	0	164	0	0	0	0	0	0	0	0	0	0	0	0	0	0	0	0	0	0	0	0	0	0	0	0	0	0	
240204	Precuneus_L	2490	0	312	0	0	0	352	0	0	0	0	0	0	0	0	0	0	0	222	0	0	0	0	0	0	0	0	0	278	0	0	0	2134	502	12842	900	7250	304	734	0	0	0	13794	266	13542	1904	7728	0	11128	932	10070	172	784	0	3132	0	3320	0	10802	264	924	0	0	0	0	0	0	4606	6272	278	0	0	0	0	0	0	0	328	340	0	0	0	0	0	858	0	0	0	232	0	0	0	0	0	0	0	0	0	0	0	0	0	0	0	0	0	0	0	0	0	106	0	0	0	0	0	
404800	Precuneus_R	0	2592	0	116	0	0	0	0	0	0	0	0	0	0	0	0	0	0	0	4626	0	0	0	0	0	0	0	0	0	0	0	0	432	8802	584	10816	0	4506	0	4730	0	0	166	18882	858	26086	0	12548	106	24404	0	15780	0	1882	0	6356	0	13518	180	13398	0	5782	0	0	0	438	4606	0	128	12478	0	0	0	0	0	0	0	378	0	0	0	0	0	0	0	4986	0	0	0	1986	0	0	0	0	0	0	0	0	0	0	0	0	0	0	0	0	0	0	0	0	250	0	0	0	0	0	
211768	Paracentral_Lobule_L	16658	1172	8350	728	0	0	388	202	0	264	0	0	0	170	0	668	0	0	8344	10296	0	0	0	0	0	0	0	0	226	394	0	0	2572	5218	5620	704	1296	210	0	0	0	0	1808	0	2034	0	1270	0	314	0	5478	0	620	0	1106	0	5394	0	2258	0	766	0	0	0	272	0	6272	128	0	296	494	3864	1188	2270	808	0	1220	920	0	0	0	0	0	0	3030	0	0	0	594	0	0	0	0	0	0	0	0	0	0	0	0	0	0	0	0	0	0	0	0	0	0	0	0	0	0	0	
170768	Paracentral_Lobule_R	0	4422	0	0	0	0	0	124	0	0	0	0	0	0	0	0	0	0	0	12578	0	0	0	0	0	0	0	0	0	272	0	0	190	11970	0	3624	0	0	0	0	0	0	0	4002	0	6018	0	794	0	3968	0	3676	0	174	0	192	0	10956	0	3256	0	1072	0	0	0	0	278	12478	296	0	0	0	0	0	0	0	0	0	0	0	0	254	0	0	0	2478	0	0	0	2312	0	0	0	0	0	0	0	0	0	0	0	0	0	0	0	0	0	0	0	0	0	0	0	0	0	0	
332484	Caudate_L	7692	1210	8736	11980	3114	960	5744	5430	0	0	232	654	308	1744	2582	4784	1362	0	7126	9048	8494	8766	156	528	0	0	3596	1814	3450	1276	9542	5542	0	2580	160	138	1132	738	0	0	0	0	0	0	0	0	0	0	0	0	0	0	0	0	134	0	1792	0	0	0	0	0	0	0	0	0	0	0	494	0	0	16184	17036	852	2578	0	5416	680	304	0	154	0	0	0	0	0	0	0	0	0	0	0	0	0	0	0	0	0	0	0	0	0	0	0	0	0	0	0	0	0	0	0	0	0	0	0	
619148	Caudate_R	10218	5254	8742	37610	1446	2680	2760	7070	0	6430	116	7540	0	9184	1238	19668	298	1716	6574	28834	5066	7988	240	6358	0	2534	1736	2168	1008	20428	2894	9250	0	1158	624	702	512	1674	0	236	0	196	0	0	0	0	0	0	0	0	0	0	0	0	0	274	1790	572	0	0	0	0	0	272	0	0	0	0	3864	0	16184	0	5662	34164	210	1546	1368	17900	0	154	0	822	0	0	0	948	0	0	0	1694	0	0	0	0	0	0	0	0	0	0	0	0	0	0	0	0	0	0	0	0	0	0	0	0	0	0	
364588	Putamen_L	3168	568	31664	1480	5250	160	8126	1022	1466	0	2910	0	338	262	2144	748	3268	0	17780	1754	3740	3880	854	0	108	0	1218	410	17216	300	9500	924	0	474	120	156	10424	376	876	0	1316	0	0	0	0	0	0	0	0	0	0	0	0	0	1484	0	286	0	0	0	0	0	0	0	0	0	0	0	1188	0	17036	5662	0	414	11214	0	6508	1400	718	0	934	0	250	0	0	0	0	0	1200	0	0	0	0	0	0	0	0	0	0	0	0	0	0	0	0	0	0	0	0	0	0	0	0	0	0	0	
391640	Putamen_R	7336	5310	6690	18108	0	1358	408	6610	0	5440	0	1594	0	1564	0	10954	0	1408	7418	22966	384	1608	130	2540	0	220	0	1058	0	24188	348	2318	0	260	0	184	0	9488	0	3052	0	1972	0	0	0	0	0	0	0	0	0	0	0	0	0	3034	728	788	0	0	0	0	0	336	0	0	0	0	2270	0	852	34164	414	0	0	1554	174	1980	0	108	0	1332	0	172	0	852	0	0	0	2148	0	0	0	0	0	0	0	0	0	0	0	0	0	0	0	0	0	0	0	0	0	0	0	0	0	0	
76448	Pallidum_L	1008	190	9376	190	0	0	270	128	0	0	450	0	0	0	0	0	606	0	5238	648	0	0	0	0	0	0	0	0	608	0	0	0	0	244	0	0	2514	0	0	0	0	0	0	0	0	0	0	0	0	0	0	0	0	0	0	0	140	0	0	0	0	0	0	0	0	0	0	0	808	0	2578	210	11214	0	0	0	1804	0	0	0	0	0	0	0	0	0	0	0	0	0	0	0	0	0	0	0	0	0	0	0	0	0	0	0	0	0	0	0	0	0	0	0	0	0	0	0	
14836	Pallidum_R	318	316	282	1068	0	0	0	294	0	0	0	0	0	0	0	0	0	0	236	1420	0	0	0	0	0	0	0	0	0	0	0	0	0	0	0	0	0	204	0	180	0	0	0	0	0	0	0	0	0	0	0	0	0	0	0	0	0	0	0	0	0	0	0	0	0	0	0	0	0	0	0	1546	0	1554	0	0	0	0	0	0	0	0	0	0	0	0	0	0	0	0	0	0	0	0	0	0	0	0	0	0	0	0	0	0	0	0	0	0	0	0	0	0	0	0	0	0	
156884	Thalamus_L	8830	1994	7526	762	0	0	7592	114	0	0	374	0	0	0	0	0	404	0	786	226	0	0	0	0	0	0	0	0	328	0	0	0	0	0	4982	5378	9288	952	1058	168	0	0	0	0	0	0	128	0	0	0	0	0	0	0	196	144	1154	0	0	0	0	0	0	0	0	0	0	0	1220	0	5416	1368	6508	174	1804	0	0	9568	0	0	0	0	0	0	0	0	0	0	0	0	0	0	0	0	0	0	0	0	0	0	0	0	0	0	0	0	0	0	0	0	0	0	0	0	0	0	
214364	Thalamus_R	5096	6898	3126	16376	0	0	2884	548	0	0	0	0	0	0	0	0	0	0	738	7048	0	0	0	0	0	0	0	0	212	446	0	0	0	428	5876	8202	4936	6366	402	1774	0	0	0	0	0	0	0	356	0	0	0	0	0	0	0	1306	390	0	0	0	0	0	0	0	0	0	328	378	920	0	680	17900	1400	1980	0	0	9568	0	242	0	0	0	0	0	0	0	0	0	0	378	0	0	0	0	0	0	0	0	0	0	0	0	0	0	0	0	0	0	0	0	0	0	0	0	0	0	
65624	Heschl_L	1190	0	1428	238	0	0	188	112	0	0	930	0	0	0	0	0	5538	0	612	152	0	0	0	0	0	0	0	0	5178	0	0	0	0	0	588	378	2126	242	0	0	0	0	0	0	0	0	0	0	0	0	402	0	0	0	2686	0	2132	0	0	0	184	0	126	0	0	0	340	0	0	0	304	0	718	0	0	0	0	242	0	0	3932	0	0	0	1120	0	0	0	1478	0	126	0	0	0	0	0	0	0	122	0	0	0	0	0	0	0	0	0	0	0	0	0	0	0	0	0	
16660	Heschl_R	0	560	0	0	0	0	0	268	0	0	0	210	0	0	0	0	0	1734	0	0	0	0	0	0	0	0	0	0	0	1332	0	0	0	0	0	0	0	0	0	0	0	0	0	0	0	0	0	0	0	0	0	0	0	0	0	0	0	0	0	0	0	0	0	0	0	0	0	0	0	0	0	154	0	108	0	0	0	0	0	0	0	2634	0	0	0	1052	0	0	0	278	0	0	0	0	0	0	0	0	0	0	0	0	0	0	0	0	0	0	0	0	0	0	0	0	0	0	
168572	Temporal_Sup_L	1752	0	2140	0	0	0	134	0	0	0	2304	0	0	0	0	0	9412	0	1870	0	0	0	0	0	0	0	0	0	6742	0	0	0	0	0	0	0	1326	0	0	0	0	0	0	0	0	0	0	0	238	0	758	0	0	0	1046	0	5034	0	136	0	2568	0	6038	0	744	0	0	0	0	0	154	0	934	0	0	0	0	0	3932	0	0	0	2006	0	22176	0	0	0	12842	0	0	0	0	0	0	0	0	0	0	0	0	0	0	0	0	0	0	0	0	0	0	0	0	0	0	0	
112108	Temporal_Sup_R	220	592	134	270	0	0	0	170	0	0	0	0	0	0	0	0	0	2902	180	742	0	0	0	0	0	0	0	0	0	5016	0	0	0	0	0	0	0	118	0	0	0	0	0	0	0	0	0	0	0	0	0	812	0	0	0	462	0	252	0	0	0	0	0	5126	0	1328	0	0	0	254	0	822	0	1332	0	0	0	0	0	2634	0	0	0	1954	0	20312	0	824	0	9598	0	0	0	0	0	0	0	0	0	0	0	0	0	0	0	0	0	0	0	0	0	0	0	0	0	0	
83040	Temporal_Pole_Sup_L	0	0	1390	0	428	0	0	0	178	0	2176	0	578	0	746	0	2178	0	1374	0	196	0	0	0	0	0	0	0	2724	0	0	0	0	0	0	0	432	0	376	0	562	0	0	0	0	0	0	0	0	0	0	0	0	0	3914	0	0	0	0	0	0	0	0	0	0	0	0	0	0	0	0	0	250	0	0	0	0	0	0	0	2006	0	0	0	9322	0	4660	0	8030	0	0	0	0	0	0	0	0	0	0	0	0	0	0	0	0	0	0	0	0	0	0	0	0	0	0	0	
46756	Temporal_Pole_Sup_R	0	0	0	0	0	0	0	0	0	0	0	0	0	0	0	986	0	536	0	0	0	0	0	0	0	0	0	0	0	1160	0	0	0	0	0	0	0	1464	0	2124	0	3206	0	0	0	0	0	0	0	0	0	0	0	0	0	4478	0	0	0	0	0	0	0	0	0	0	0	0	0	0	0	0	0	172	0	0	0	0	0	0	0	1954	0	0	0	1912	0	3850	0	1536	0	0	0	0	0	0	0	0	0	0	0	0	0	0	0	0	0	0	0	0	0	0	0	0	0	0	
302896	Temporal_Mid_L	1280	0	192	0	0	0	0	0	0	0	0	0	0	0	0	0	982	0	0	0	0	0	0	0	0	0	0	0	1020	0	0	0	0	0	298	0	628	0	0	0	108	0	2294	0	882	0	2512	0	2776	0	27590	0	5990	0	8454	0	6000	0	308	0	5904	0	3322	0	2966	0	858	0	3030	0	0	0	0	0	0	0	0	0	1120	0	22176	0	9322	0	0	0	4100	0	37336	0	0	0	0	0	0	0	0	0	0	0	0	0	0	0	0	0	0	0	0	0	0	0	0	0	0	0	
268676	Temporal_Mid_R	0	3052	0	0	0	0	0	0	0	0	0	0	0	0	0	264	0	1506	0	1312	0	0	0	0	0	0	0	0	0	3642	0	0	0	500	0	940	0	344	0	184	0	0	0	6280	0	4066	0	642	0	4048	0	21028	0	810	0	2212	0	3002	0	106	0	394	0	6254	0	3082	0	4986	0	2478	0	948	0	852	0	0	0	0	0	1052	0	20312	0	1912	0	0	0	2568	0	35562	0	0	0	0	0	0	0	0	0	0	0	0	0	0	0	0	0	0	0	0	0	0	0	0	0	0	
23200	Temporal_Pole_Mid_L	0	0	0	0	0	0	0	0	0	0	0	0	0	0	0	0	0	0	0	0	0	0	0	0	0	0	0	0	0	0	0	0	0	0	0	0	0	0	192	0	138	0	0	0	0	0	0	0	0	0	0	0	0	0	634	0	0	0	0	0	0	0	0	0	0	0	0	0	0	0	0	0	0	0	0	0	0	0	0	0	0	0	4660	0	4100	0	0	0	1876	0	0	0	0	0	0	0	0	0	0	0	0	0	0	0	0	0	0	0	0	0	0	0	0	0	0	0	
24424	Temporal_Pole_Mid_R	0	0	0	0	0	0	0	0	0	0	0	0	0	0	0	0	0	0	0	0	0	0	0	0	0	0	0	0	0	0	0	0	0	0	0	0	0	184	0	1454	0	450	0	0	0	0	0	0	0	0	0	0	0	0	0	1930	0	0	0	0	0	0	0	0	0	0	0	0	0	0	0	0	0	0	0	0	0	0	0	0	0	824	0	3850	0	2568	0	0	0	952	0	0	0	0	0	0	0	0	0	0	0	0	0	0	0	0	0	0	0	0	0	0	0	0	0	0	
264604	Temporal_Inf_L	826	0	936	0	0	0	0	0	0	0	148	0	0	0	0	0	808	0	628	0	0	0	0	0	0	0	0	0	5128	0	0	0	0	0	272	0	6238	0	246	0	1408	0	684	0	132	0	864	0	2080	0	9120	0	4166	0	20796	0	5052	0	262	0	1932	0	0	0	226	0	232	0	594	0	0	0	1200	0	0	0	0	0	1478	0	12842	0	8030	0	37336	0	1876	0	0	0	3292	0	902	0	106	0	344	0	1542	0	576	0	0	0	0	0	0	0	0	0	0	0	0	0	0	0	
239692	Temporal_Inf_R	0	3472	0	180	0	0	0	0	0	0	0	0	0	0	0	416	0	1344	108	1420	0	0	0	0	0	0	0	0	0	6290	0	0	0	446	0	900	0	7598	0	2424	0	1048	0	2280	0	190	0	676	0	136	0	5290	0	1732	0	17450	0	770	0	0	0	142	0	3644	0	164	0	1986	0	2312	0	1694	0	2148	0	0	0	378	0	278	0	9598	0	1536	0	35562	0	952	0	0	0	3740	0	224	0	0	0	168	0	1150	0	0	0	0	0	0	0	0	0	0	0	0	0	0	0	0	
572708	Cerebelum_Crus1_L	0	0	0	0	0	0	0	0	0	0	0	0	0	0	0	0	0	0	0	0	0	0	0	0	0	0	0	0	0	0	0	0	0	0	0	0	362	0	0	0	0	0	0	0	0	0	12146	2090	0	0	172	0	156	552	21852	2464	0	0	0	0	0	0	0	0	0	0	0	0	0	0	0	0	0	0	0	0	0	0	126	0	0	0	0	0	0	0	0	0	3292	0	0	15174	41506	6140	1492	268	24624	5122	63550	13792	12272	1774	12704	1850	3928	276	1762	142	0	0	9372	14876	11566	432	352	168	
594344	Cerebelum_Crus1_R	0	0	0	0	0	0	0	0	0	0	0	0	0	0	0	0	0	0	0	0	0	0	0	0	0	0	0	0	0	0	0	0	0	0	0	0	0	358	0	424	0	0	0	0	0	0	3926	9310	0	0	150	0	222	976	1644	25310	0	0	0	0	0	0	0	0	0	0	0	0	0	0	0	0	0	0	0	0	0	0	0	0	0	0	0	0	0	0	0	0	0	3740	15174	0	3260	36566	788	2682	7306	23076	16380	63318	854	13830	1478	19258	1560	1454	186	800	0	184	13738	14584	12614	1074	948	0	
336960	Cerebelum_Crus2_L	0	0	0	0	0	0	0	0	0	0	0	0	0	0	0	0	0	0	0	0	0	0	0	0	0	0	0	0	0	0	0	0	0	0	0	0	0	0	0	0	0	0	0	0	0	0	0	0	0	0	0	0	0	0	958	0	0	0	0	0	0	0	0	0	0	0	0	0	0	0	0	0	0	0	0	0	0	0	0	0	0	0	0	0	0	0	0	0	902	0	41506	3260	0	11788	0	0	566	0	6236	1134	39286	4844	30990	2470	6750	0	1484	0	0	0	0	1398	11952	2956	0	0	
354504	Cerebelum_Crus2_R	0	0	0	0	0	0	0	0	0	0	0	0	0	0	0	0	0	0	0	0	0	0	0	0	0	0	0	0	0	0	0	0	0	0	0	0	0	0	0	0	0	0	0	0	0	0	0	0	0	0	0	0	0	0	0	434	0	0	0	0	0	0	0	0	0	0	0	0	0	0	0	0	0	0	0	0	0	0	0	0	0	0	0	0	0	0	0	0	0	224	6140	36566	11788	0	0	0	0	396	2352	3568	9272	32722	7110	33888	1148	3116	134	1132	0	0	0	2950	18364	5240	708	0	
46676	Cerebelum_3_L	0	0	0	0	0	0	0	0	0	0	0	0	0	0	0	0	0	0	0	0	0	0	0	0	0	0	0	0	0	0	0	0	0	0	0	0	0	0	0	0	0	0	0	0	0	0	0	126	0	0	0	0	0	0	264	162	0	0	0	0	0	0	0	0	0	0	0	0	0	0	0	0	0	0	0	0	0	0	0	0	0	0	0	0	0	0	0	0	106	0	1492	788	0	0	0	252	6562	1210	4822	1600	0	0	218	0	968	0	0	0	868	814	1864	1222	0	0	0	0	
60244	Cerebelum_3_R	0	0	0	0	0	0	0	0	0	0	0	0	0	0	0	0	0	0	0	0	0	0	0	0	0	0	0	0	0	0	0	0	0	0	0	0	0	0	0	0	0	0	0	0	0	0	0	0	0	0	0	0	0	0	0	424	0	0	0	0	0	0	0	0	0	0	0	0	0	0	0	0	0	0	0	0	0	0	0	0	0	0	0	0	0	0	0	0	0	0	268	2682	0	0	252	0	1182	6116	1380	6486	0	0	0	0	866	1246	0	0	444	1490	1634	2328	264	506	1402	1152	
343920	Cerebelum_4_5_L	0	0	0	0	0	0	0	0	0	0	0	0	0	0	0	0	0	0	0	0	0	0	0	0	0	0	0	0	0	0	0	0	0	0	0	0	0	0	0	0	0	0	0	0	0	0	11934	2536	0	0	0	0	0	944	10706	2826	0	0	0	0	0	0	0	0	0	0	0	0	0	0	0	0	0	0	0	0	0	0	0	0	0	0	0	0	0	0	0	0	344	0	24624	7306	566	0	6562	1182	0	11380	42394	14158	512	0	994	0	3978	252	246	0	610	768	20070	5484	330	0	332	922	
319636	Cerebelum_4_5_R	0	0	0	0	0	0	0	0	0	0	0	0	0	0	0	0	0	0	0	0	0	0	0	0	0	0	0	0	0	0	0	0	0	0	0	0	0	470	0	1412	0	0	0	0	0	0	3098	5874	0	0	0	0	0	678	696	10692	0	0	0	0	0	0	0	0	0	0	0	0	0	0	0	0	0	0	0	0	0	0	0	0	0	0	0	0	0	0	0	0	0	168	5122	23076	0	396	1210	6116	11380	0	10194	42732	0	0	0	418	1414	2116	0	0	664	1448	24332	3226	764	730	886	506	
584692	Cerebelum_6_L	0	0	0	0	0	0	0	0	0	0	0	0	0	0	0	0	0	0	0	0	0	0	0	0	0	0	0	0	124	0	0	0	0	0	0	0	466	0	0	0	0	0	106	0	0	0	17416	3160	0	0	464	0	752	986	29144	3278	0	0	0	0	0	0	0	0	0	0	0	0	0	0	0	0	0	0	0	0	0	0	122	0	0	0	0	0	0	0	0	0	1542	0	63550	16380	6236	2352	4822	1380	42394	10194	0	22084	2462	282	2502	670	6626	830	460	134	282	610	16326	23476	7604	636	1500	994	
589476	Cerebelum_6_R	0	0	0	0	0	0	0	0	0	0	0	0	0	0	0	0	0	0	0	0	0	0	0	0	0	0	0	0	0	0	0	0	0	0	0	0	0	482	0	876	0	0	0	0	0	0	4722	13452	0	0	0	0	136	3616	1768	28944	0	0	0	0	0	0	0	0	0	0	0	0	0	0	0	0	0	0	0	0	0	0	0	0	0	0	0	0	0	0	0	0	0	1150	13792	63318	1134	3568	1600	6486	14158	42732	22084	0	346	1068	1082	2058	4560	2036	118	150	612	1488	25390	19560	6284	2144	2990	834	
273704	Cerebelum_7b_L	0	0	0	0	0	0	0	0	0	0	0	0	0	0	0	0	0	0	0	0	0	0	0	0	0	0	0	0	0	0	0	0	0	0	0	0	0	0	0	0	0	0	0	0	0	0	0	0	0	0	0	0	0	0	924	0	0	0	0	0	0	0	0	0	0	0	0	0	0	0	0	0	0	0	0	0	0	0	0	0	0	0	0	0	0	0	0	0	576	0	12272	854	39286	9272	0	0	512	0	2462	346	0	6696	35150	4780	8320	266	896	0	0	0	0	386	9018	4684	152	0	
240512	Cerebelum_7b_R	0	0	0	0	0	0	0	0	0	0	0	0	0	0	0	0	0	0	0	0	0	0	0	0	0	0	0	0	0	0	0	0	0	0	0	0	0	0	0	0	0	0	0	0	0	0	0	0	0	0	0	0	0	0	0	246	0	0	0	0	0	0	0	0	0	0	0	0	0	0	0	0	0	0	0	0	0	0	0	0	0	0	0	0	0	0	0	0	0	0	1774	13830	4844	32722	0	0	0	0	282	1068	6696	0	5772	33208	370	5326	0	922	0	0	0	832	7868	4496	0	0	
299964	Cerebelum_8_L	0	0	0	0	0	0	0	0	0	0	0	0	0	0	0	0	0	0	0	0	0	0	0	0	0	0	0	0	0	0	0	0	0	0	0	0	0	0	0	0	0	0	0	0	0	0	0	0	0	0	0	0	0	0	422	0	0	0	0	0	0	0	0	0	0	0	0	0	0	0	0	0	0	0	0	0	0	0	0	0	0	0	0	0	0	0	0	0	0	0	12704	1478	30990	7110	218	0	994	0	2502	1082	35150	5772	0	7718	20916	1776	3174	262	0	0	0	1068	9766	5272	1608	0	
293324	Cerebelum_8_R	0	0	0	0	0	0	0	0	0	0	0	0	0	0	0	0	0	0	0	0	0	0	0	0	0	0	0	0	0	0	0	0	0	0	0	0	0	0	0	0	0	0	0	0	0	0	0	0	0	0	0	0	0	0	0	304	0	0	0	0	0	0	0	0	0	0	0	0	0	0	0	0	0	0	0	0	0	0	0	0	0	0	0	0	0	0	0	0	0	0	1850	19258	2470	33888	0	0	0	418	670	2058	4780	33208	7718	0	2512	16646	0	3318	0	0	0	842	9680	5668	1374	0	
169280	Cerebelum_9_L	0	0	0	0	0	0	0	0	0	0	0	0	0	0	0	0	0	0	0	0	0	0	0	0	0	0	0	0	0	0	0	0	0	0	0	0	0	0	0	0	0	0	0	0	0	0	112	0	0	0	0	0	0	0	138	156	0	0	0	0	0	0	0	0	0	0	0	0	0	0	0	0	0	0	0	0	0	0	0	0	0	0	0	0	0	0	0	0	0	0	3928	1560	6750	1148	968	866	3978	1414	6626	4560	8320	370	20916	2512	0	1720	3152	132	0	286	1464	5362	3708	1694	2210	590	
108084	Cerebelum_9_R	0	0	0	0	0	0	0	0	0	0	0	0	0	0	0	0	0	0	0	0	0	0	0	0	0	0	0	0	0	0	0	0	0	0	0	0	0	0	0	0	0	0	0	0	0	0	0	0	0	0	0	0	0	0	0	222	0	0	0	0	0	0	0	0	0	0	0	0	0	0	0	0	0	0	0	0	0	0	0	0	0	0	0	0	0	0	0	0	0	0	276	1454	0	3116	0	1246	252	2116	830	2036	266	5326	1776	16646	1720	0	0	2636	0	0	590	2110	2402	3218	3910	1894	
24128	Cerebelum_10_L	0	0	0	0	0	0	0	0	0	0	0	0	0	0	0	0	0	0	0	0	0	0	0	0	0	0	0	0	0	0	0	0	0	0	0	0	0	0	0	0	0	0	0	0	0	0	0	0	0	0	0	0	0	0	0	0	0	0	0	0	0	0	0	0	0	0	0	0	0	0	0	0	0	0	0	0	0	0	0	0	0	0	0	0	0	0	0	0	0	0	1762	186	1484	134	0	0	246	0	460	118	896	0	3174	0	3152	0	0	0	0	0	0	238	214	0	0	0	
20060	Cerebelum_10_R	0	0	0	0	0	0	0	0	0	0	0	0	0	0	0	0	0	0	0	0	0	0	0	0	0	0	0	0	0	0	0	0	0	0	0	0	0	0	0	0	0	0	0	0	0	0	0	0	0	0	0	0	0	0	0	0	0	0	0	0	0	0	0	0	0	0	0	0	0	0	0	0	0	0	0	0	0	0	0	0	0	0	0	0	0	0	0	0	0	0	142	800	0	1132	0	0	0	0	134	150	0	922	262	3318	132	2636	0	0	0	0	0	0	402	0	0	0	
20524	Vermis_1_2	0	0	0	0	0	0	0	0	0	0	0	0	0	0	0	0	0	0	0	0	0	0	0	0	0	0	0	0	0	0	0	0	0	0	0	0	0	0	0	0	0	0	0	0	0	0	0	0	0	0	0	0	0	0	0	0	0	0	0	0	0	0	0	0	0	0	0	0	0	0	0	0	0	0	0	0	0	0	0	0	0	0	0	0	0	0	0	0	0	0	0	0	0	0	868	444	610	664	282	612	0	0	0	0	0	0	0	0	0	4942	1732	108	0	0	0	0	
29160	Vermis_3	0	0	0	0	0	0	0	0	0	0	0	0	0	0	0	0	0	0	0	0	0	0	0	0	0	0	0	0	0	0	0	0	0	0	0	0	0	0	0	0	0	0	0	0	0	0	0	0	0	0	0	0	0	0	0	0	0	0	0	0	0	0	0	0	0	0	0	0	0	0	0	0	0	0	0	0	0	0	0	0	0	0	0	0	0	0	0	0	0	0	0	184	0	0	814	1490	768	1448	610	1488	0	0	0	0	286	0	0	0	4942	0	1856	574	0	0	120	0	
296304	Vermis_4_5	0	0	0	0	0	0	0	0	0	0	0	0	0	0	0	0	0	0	0	0	0	0	0	0	0	0	0	0	0	0	0	0	0	0	0	134	0	0	0	0	0	0	224	246	0	0	5984	6066	0	0	0	0	0	1138	1614	5418	0	0	0	0	0	0	0	0	0	0	106	250	0	0	0	0	0	0	0	0	0	0	0	0	0	0	0	0	0	0	0	0	0	0	9372	13738	0	0	1864	1634	20070	24332	16326	25390	0	0	0	0	1464	590	0	0	1732	1856	0	5836	0	0	534	2234	
271912	Vermis_6	0	0	0	0	0	0	0	0	0	0	0	0	0	0	0	0	0	0	0	0	0	0	0	0	0	0	0	0	0	0	0	0	0	0	0	0	0	0	0	0	0	0	0	0	0	0	4408	2946	0	0	442	0	624	756	3530	1776	0	0	0	0	0	0	0	0	0	0	0	0	0	0	0	0	0	0	0	0	0	0	0	0	0	0	0	0	0	0	0	0	0	0	14876	14584	1398	2950	1222	2328	5484	3226	23476	19560	386	832	1068	842	5362	2110	238	0	108	574	5836	0	7898	1010	2998	3108	
265572	Vermis_7	0	0	0	0	0	0	0	0	0	0	0	0	0	0	0	0	0	0	0	0	0	0	0	0	0	0	0	0	0	0	0	0	0	0	0	0	0	0	0	0	0	0	0	0	0	0	1362	140	0	0	136	0	176	0	970	210	0	0	0	0	0	0	0	0	0	0	0	0	0	0	0	0	0	0	0	0	0	0	0	0	0	0	0	0	0	0	0	0	0	0	11566	12614	11952	18364	0	264	330	764	7604	6284	9018	7868	9766	9680	3708	2402	214	402	0	0	0	7898	0	6222	2716	156	
100252	Vermis_8	0	0	0	0	0	0	0	0	0	0	0	0	0	0	0	0	0	0	0	0	0	0	0	0	0	0	0	0	0	0	0	0	0	0	0	0	0	0	0	0	0	0	0	0	0	0	0	0	0	0	0	0	0	0	0	0	0	0	0	0	0	0	0	0	0	0	0	0	0	0	0	0	0	0	0	0	0	0	0	0	0	0	0	0	0	0	0	0	0	0	432	1074	2956	5240	0	506	0	730	636	2144	4684	4496	5272	5668	1694	3218	0	0	0	0	0	1010	6222	0	3674	470	
60312	Vermis_9	0	0	0	0	0	0	0	0	0	0	0	0	0	0	0	0	0	0	0	0	0	0	0	0	0	0	0	0	0	0	0	0	0	0	0	0	0	0	0	0	0	0	0	0	0	0	0	0	0	0	0	0	0	0	0	0	0	0	0	0	0	0	0	0	0	0	0	0	0	0	0	0	0	0	0	0	0	0	0	0	0	0	0	0	0	0	0	0	0	0	352	948	0	708	0	1402	332	886	1500	2990	152	0	1608	1374	2210	3910	0	0	0	120	534	2998	2716	3674	0	1742	
