data	data	468436	359976	661392	645800	135924	76528	313344	295464	91836	19272	200920	110300	183456	119284	141236	60772	181816	97864	615688	607504	95540	105900	332528	284944	30768	98616	70792	114528	598968	225772	297684	328084	171656	471736	244380	312556	340156	443764	152256	254564	25264	54104	229696	318160	157412	270436	367776	317756	167652	215840	491628	248696	253896	190748	371036	410380	284736	213028	130972	128576	187816	105752	139976	100776	188452	112436	348368	488252	315788	186208	315728	383900	338544	391708	56304	33700	253136	301428	175912	28864	162012	163064	91452	36372	312836	254200	31244	14292	269232	218676	467948	455228	261796	315664	43428	61872	261196	255088	421664	371672	186148	99780	233936	265188	117408	126996	17640	15972	26432	66492	231808	223340	221572	163092	100188	51292	
data	data	Precentral_L	Precentral_R	Frontal_Sup_L	Frontal_Sup_R	Frontal_Sup_Orb_L	Frontal_Sup_Orb_R	Frontal_Mid_L	Frontal_Mid_R	Frontal_Mid_Orb_L	Frontal_Mid_Orb_R	Frontal_Inf_Oper_L	Frontal_Inf_Oper_R	Frontal_Inf_Tri_L	Frontal_Inf_Tri_R	Frontal_Inf_Orb_L	Frontal_Inf_Orb_R	Rolandic_Oper_L	Rolandic_Oper_R	Supp_Motor_Area_L	Supp_Motor_Area_R	Olfactory_L	Olfactory_R	Frontal_Sup_Medial_L	Frontal_Sup_Medial_R	Frontal_Med_Orb_L	Frontal_Med_Orb_R	Rectus_L	Rectus_R	Insula_L	Insula_R	Cingulum_Ant_L	Cingulum_Ant_R	Cingulum_Mid_L	Cingulum_Mid_R	Cingulum_Post_L	Cingulum_Post_R	Hippocampus_L	Hippocampus_R	ParaHippocampal_L	ParaHippocampal_R	Amygdala_L	Amygdala_R	Calcarine_L	Calcarine_R	Cuneus_L	Cuneus_R	Lingual_L	Lingual_R	Occipital_Sup_L	Occipital_Sup_R	Occipital_Mid_L	Occipital_Mid_R	Occipital_Inf_L	Occipital_Inf_R	Fusiform_L	Fusiform_R	Postcentral_L	Postcentral_R	Parietal_Sup_L	Parietal_Sup_R	Parietal_Inf_L	Parietal_Inf_R	SupraMarginal_L	SupraMarginal_R	Angular_L	Angular_R	Precuneus_L	Precuneus_R	Paracentral_Lobule_L	Paracentral_Lobule_R	Caudate_L	Caudate_R	Putamen_L	Putamen_R	Pallidum_L	Pallidum_R	Thalamus_L	Thalamus_R	Heschl_L	Heschl_R	Temporal_Sup_L	Temporal_Sup_R	Temporal_Pole_Sup_L	Temporal_Pole_Sup_R	Temporal_Mid_L	Temporal_Mid_R	Temporal_Pole_Mid_L	Temporal_Pole_Mid_R	Temporal_Inf_L	Temporal_Inf_R	Cerebelum_Crus1_L	Cerebelum_Crus1_R	Cerebelum_Crus2_L	Cerebelum_Crus2_R	Cerebelum_3_L	Cerebelum_3_R	Cerebelum_4_5_L	Cerebelum_4_5_R	Cerebelum_6_L	Cerebelum_6_R	Cerebelum_7b_L	Cerebelum_7b_R	Cerebelum_8_L	Cerebelum_8_R	Cerebelum_9_L	Cerebelum_9_R	Cerebelum_10_L	Cerebelum_10_R	Vermis_1_2	Vermis_3	Vermis_4_5	Vermis_6	Vermis_7	Vermis_8	Vermis_9	Vermis_10	
468436	Precentral_L	0	880	16418	304	0	0	13698	246	0	0	14540	0	8286	0	0	0	9666	0	7846	594	0	0	116	0	0	0	0	0	15182	126	754	0	720	192	4450	2724	8568	1996	592	406	0	0	194	0	0	0	780	390	0	0	4348	0	3184	0	410	0	26890	0	1802	0	5004	0	6858	0	4804	0	2256	210	15210	0	3832	0	13942	330	3958	80	9460	1552	8408	0	1214	0	168	0	6914	0	0	0	3492	0	0	0	0	0	0	0	0	150	0	0	0	0	0	0	0	0	0	0	0	0	74	0	0	0	0	0	
359976	Precentral_R	880	0	380	9636	0	0	204	15872	0	0	100	3890	0	0	0	0	154	2310	1562	5308	0	0	0	0	0	0	0	0	1708	3250	0	0	0	1348	5052	8796	2592	8730	316	1108	0	0	0	1460	0	644	248	588	0	270	0	1236	0	1572	122	974	320	14166	0	240	0	536	0	1052	0	128	250	4746	5406	9466	1310	17562	330	3952	88	290	5918	28498	1304	74	222	928	0	0	0	1764	0	0	0	970	0	0	0	0	0	0	0	0	0	0	0	0	0	0	0	0	0	0	0	62	96	0	0	0	0	0	
661392	Frontal_Sup_L	16418	380	0	6294	5370	0	51870	292	3592	0	10278	0	12538	132	4352	0	4576	0	56232	13188	74	0	37310	3062	1014	154	482	0	26676	0	18456	3016	4398	8270	484	536	3992	484	266	0	0	0	0	0	0	0	190	0	0	0	0	0	0	0	138	0	664	0	0	0	120	0	266	0	0	0	0	0	180	0	6402	70	17082	70	2520	0	4588	480	1018	0	1112	0	1314	0	158	0	0	0	138	0	0	0	0	0	0	0	0	0	0	0	0	0	0	0	0	0	0	0	0	0	0	0	0	0	0	0	
645800	Frontal_Sup_R	304	9636	6294	0	0	2658	572	37824	0	224	122	4990	0	6334	0	1982	0	1066	12494	58050	0	426	11074	33468	0	3842	0	1854	390	6290	2712	19584	1816	19648	646	908	426	2938	188	588	0	68	0	0	0	0	92	112	0	0	0	0	0	0	0	172	0	112	0	0	0	0	0	0	0	0	0	280	1316	286	5646	23522	542	27282	62	2638	562	10410	136	0	0	148	106	0	0	0	0	0	0	60	0	0	0	0	0	0	0	0	0	0	0	0	0	0	0	0	0	0	0	0	0	0	0	0	0	0	
135924	Frontal_Sup_Orb_L	0	0	5370	0	0	0	578	0	13814	0	0	0	644	0	12964	0	0	0	86	0	3288	1214	3332	0	1702	0	5304	80	7946	0	3776	112	0	0	0	0	0	0	0	0	64	0	0	0	0	0	0	0	0	0	0	0	0	0	0	0	0	0	0	0	0	0	0	0	0	0	0	0	0	0	2416	952	3894	98	0	0	0	0	0	0	0	0	328	0	0	0	0	0	0	0	0	0	0	0	0	0	0	0	0	0	0	0	0	0	0	0	0	0	0	0	0	0	0	0	0	0	
76528	Frontal_Sup_Orb_R	0	0	0	2658	0	0	0	286	0	3248	0	0	0	106	0	2700	0	0	0	670	0	1488	200	2266	356	7344	0	9570	0	718	362	1454	0	0	0	0	0	0	0	0	0	0	0	0	0	0	0	0	0	0	0	0	0	0	0	0	0	0	0	0	0	0	0	0	0	0	0	0	0	0	0	1718	0	3004	0	0	0	116	0	0	0	0	0	0	0	0	0	0	0	0	0	0	0	0	0	0	0	0	0	0	0	0	0	0	0	0	0	0	0	0	0	0	0	0	0	0	
313344	Frontal_Mid_L	13698	204	51870	572	578	0	0	60	2640	0	8492	0	19812	0	4250	0	2650	0	10882	1078	0	0	11782	650	0	0	0	0	10240	0	4662	548	2438	1138	490	480	1058	378	66	0	0	0	0	0	0	0	76	0	0	0	0	0	0	0	0	0	328	0	0	0	0	0	0	0	0	0	100	0	62	0	170	0	2100	76	0	0	726	336	1572	0	216	0	126	0	68	0	0	0	0	0	0	0	0	0	0	0	0	0	0	0	0	0	0	0	0	0	0	0	0	0	0	0	0	0	0	0	
295464	Frontal_Mid_R	246	15872	292	37824	0	286	60	0	0	1166	0	10232	0	15766	0	1948	0	1304	1818	8176	0	0	1414	4626	0	0	0	0	322	6398	0	1894	740	7902	744	870	676	1246	116	132	0	0	0	0	0	0	68	0	0	0	0	0	0	0	0	0	0	742	0	0	0	0	0	356	0	0	0	156	160	0	1778	9740	590	6734	0	174	1136	3558	138	0	0	260	0	0	0	72	0	0	0	0	0	0	0	0	0	0	0	0	0	0	0	0	0	0	0	0	0	0	0	0	0	0	0	0	0	0	
91836	Frontal_Mid_Orb_L	0	0	3592	0	13814	0	2640	0	0	0	0	0	1062	0	13402	0	0	0	100	0	714	436	1136	0	318	0	1472	0	2746	0	1882	0	0	0	0	0	0	0	0	0	0	0	0	0	0	0	0	0	0	0	0	0	0	0	0	0	0	0	0	0	0	0	0	0	0	0	0	0	0	0	562	308	1648	0	0	0	0	0	0	0	0	0	86	0	0	0	0	0	0	0	0	0	0	0	0	0	0	0	0	0	0	0	0	0	0	0	0	0	0	0	0	0	0	0	0	0	
19272	Frontal_Mid_Orb_R	0	0	0	224	0	3248	0	1166	0	0	0	0	0	292	0	2274	0	0	0	0	0	128	0	62	0	240	0	1292	0	70	0	0	0	0	0	0	0	0	0	0	0	0	0	0	0	0	0	0	0	0	0	0	0	0	0	0	0	0	0	0	0	0	0	0	0	0	0	0	0	0	0	314	0	326	0	0	0	0	0	0	0	0	0	0	0	0	0	0	0	0	0	0	0	0	0	0	0	0	0	0	0	0	0	0	0	0	0	0	0	0	0	0	0	0	0	0	
200920	Frontal_Inf_Oper_L	14540	100	10278	122	0	0	8492	0	0	0	0	0	14226	0	0	0	9570	0	9848	1008	0	0	234	0	0	0	0	0	16184	0	738	530	0	1044	106	118	210	108	0	0	0	0	0	0	0	0	0	0	0	0	0	0	0	0	0	0	1060	0	0	0	270	0	436	0	0	0	0	0	82	0	2806	0	946	0	0	0	204	106	1758	0	1086	0	4250	0	0	0	0	0	0	0	0	0	0	0	0	0	0	0	0	0	0	0	0	0	0	0	0	0	0	0	0	0	0	0	0	0	
110300	Frontal_Inf_Oper_R	0	3890	0	4990	0	0	0	10232	0	0	0	0	0	8112	0	0	0	7074	0	554	0	0	0	0	0	0	0	0	0	8878	0	0	0	248	0	0	62	264	0	0	0	0	0	0	0	0	0	0	0	0	0	0	0	0	0	0	0	4446	0	0	0	0	0	0	0	0	0	0	0	0	74	346	0	3042	0	0	0	178	0	126	0	2402	0	232	0	0	0	0	0	0	0	0	0	0	0	0	0	0	0	0	0	0	0	0	0	0	0	0	0	0	0	0	0	0	0	0	
183456	Frontal_Inf_Tri_L	8286	0	12538	0	644	0	19812	0	1062	0	14226	0	0	0	6422	0	1400	0	5758	260	0	0	804	0	0	0	0	0	15416	0	1706	160	0	256	0	0	0	0	0	0	0	0	0	0	0	0	0	0	0	0	0	0	0	0	0	0	0	0	0	0	0	0	0	0	0	0	0	0	0	0	370	0	774	0	0	0	0	0	332	0	124	0	1378	0	0	0	0	0	0	0	0	0	0	0	0	0	0	0	0	0	0	0	0	0	0	0	0	0	0	0	0	0	0	0	0	0	
119284	Frontal_Inf_Tri_R	0	0	132	6334	0	106	0	15766	0	292	0	8112	0	0	0	1422	0	1244	752	3626	0	0	0	468	0	0	0	0	64	9294	0	460	0	2842	0	0	0	182	0	0	0	0	0	0	0	0	0	0	0	0	0	0	0	0	0	0	0	0	0	0	0	0	0	0	0	0	0	0	0	0	1658	2044	326	4264	0	0	0	72	0	0	0	86	0	96	0	0	0	0	0	0	0	0	0	0	0	0	0	0	0	0	0	0	0	0	0	0	0	0	0	0	0	0	0	0	0	0	
141236	Frontal_Inf_Orb_L	0	0	4352	0	12964	0	4250	0	13402	0	0	0	6422	0	0	0	0	0	394	0	3116	1098	644	0	142	0	2256	84	11458	0	1460	128	0	0	0	0	150	0	0	0	60	0	0	0	0	0	0	0	0	0	0	0	0	0	0	0	0	0	0	0	0	0	0	0	0	0	0	0	0	0	2186	898	3894	92	0	0	0	0	0	0	0	0	1168	0	0	0	0	0	0	0	0	0	0	0	0	0	0	0	0	0	0	0	0	0	0	0	0	0	0	0	0	0	0	0	0	0	
60772	Frontal_Inf_Orb_R	0	0	0	1982	0	2700	0	1948	0	2274	0	0	0	1422	0	0	0	0	216	1224	0	1312	0	286	0	84	0	1346	0	5144	0	262	0	316	0	0	0	68	0	110	0	66	0	0	0	0	0	0	0	0	0	0	0	0	0	0	0	0	0	0	0	0	0	0	0	0	0	0	0	0	0	3436	0	5800	0	0	0	260	0	0	0	0	0	130	0	0	0	0	0	0	0	0	0	0	0	0	0	0	0	0	0	0	0	0	0	0	0	0	0	0	0	0	0	0	0	0	
181816	Rolandic_Oper_L	9666	154	4576	0	0	0	2650	0	0	0	9570	0	1400	0	0	0	0	0	4496	386	0	0	0	0	0	0	0	0	13708	0	90	78	118	388	178	190	402	172	0	0	0	0	80	0	0	0	210	0	0	0	1874	0	1860	0	134	0	8620	0	0	0	550	0	5726	0	2498	0	240	0	312	0	1316	0	492	0	804	62	312	176	3938	0	5128	0	930	0	4848	0	0	0	2576	0	0	0	0	0	0	0	0	0	0	0	0	0	0	0	0	0	0	0	0	0	0	0	0	0	0	0	
97864	Rolandic_Oper_R	0	2310	0	1066	0	0	0	1304	0	0	0	7074	0	1244	0	0	0	0	0	392	0	0	0	0	0	0	0	0	0	11330	0	0	0	0	0	0	80	634	140	224	0	0	0	0	0	0	0	62	0	0	0	0	0	0	0	0	0	6334	0	0	0	0	0	2312	0	0	0	0	0	0	0	80	0	4150	0	0	0	1122	0	1982	0	6698	0	258	0	136	0	0	0	0	0	0	0	0	0	0	0	0	0	0	0	0	0	0	0	0	0	0	0	0	0	0	0	0	0	0	
615688	Supp_Motor_Area_L	7846	1562	56232	12494	86	0	10882	1818	100	0	9848	0	5758	752	394	216	4496	0	0	42192	0	0	6170	2284	0	0	0	0	19040	98	8492	5212	9058	23444	1618	1654	1790	524	244	72	0	0	0	0	0	0	60	110	0	0	126	0	124	0	130	0	216	0	0	0	68	0	150	0	0	0	304	152	19140	450	16012	690	11884	456	1512	0	15186	1710	890	0	1732	0	1374	0	572	0	0	0	420	0	0	0	0	0	0	0	0	0	0	0	0	0	0	0	0	0	0	0	0	0	0	0	0	0	0	0	
607504	Supp_Motor_Area_R	594	5308	13188	58050	0	670	1078	8176	0	0	1008	554	260	3626	0	1224	386	392	42192	0	0	176	966	5228	0	92	0	388	1932	2718	1244	8952	7808	53136	494	4742	74	832	94	214	0	0	0	0	0	0	0	0	0	0	0	0	0	0	0	84	122	756	0	0	0	0	138	0	0	0	352	538	13812	8756	11920	16978	436	16870	0	2290	252	4034	0	0	0	76	542	0	0	0	0	0	0	0	0	0	0	0	0	0	0	0	0	0	0	0	0	0	0	0	0	0	0	0	0	0	0	0	0	0	
95540	Olfactory_L	0	0	74	0	3288	0	0	0	714	0	0	0	0	0	3116	0	0	0	0	0	0	5956	146	0	808	456	4254	1818	4676	0	3574	2334	0	0	0	0	1018	0	364	0	548	0	0	0	0	0	0	0	0	0	0	0	0	0	142	0	0	0	0	0	0	0	0	0	0	0	0	0	0	0	6916	3790	2448	870	0	0	0	0	0	0	0	0	460	0	0	0	0	0	0	0	0	0	0	0	0	0	0	0	0	0	0	0	0	0	0	0	0	0	0	0	0	0	0	0	0	0	
105900	Olfactory_R	0	0	0	426	1214	1488	0	0	436	128	0	0	0	0	1098	1312	0	0	0	176	5956	0	78	732	100	2332	3580	4940	644	1448	2094	3426	0	0	0	0	0	102	0	572	0	446	0	0	0	0	0	0	0	0	0	0	0	0	0	0	0	0	0	0	0	0	0	0	0	0	0	0	0	0	6738	7922	3164	2000	0	100	0	62	0	0	0	0	0	236	0	0	0	0	0	0	0	0	0	0	0	0	0	0	0	0	0	0	0	0	0	0	0	0	0	0	0	0	0	0	0	0	
332528	Frontal_Sup_Medial_L	116	0	37310	11074	3332	200	11782	1414	1136	0	234	0	804	0	644	0	0	0	6170	966	146	78	0	20120	2854	1502	780	306	6176	0	24522	11378	7038	9550	0	0	0	0	0	0	0	0	0	0	0	0	0	0	0	0	0	0	0	0	0	0	238	0	0	0	228	0	274	0	0	0	0	0	0	0	1272	268	4008	210	0	0	0	0	0	0	0	0	134	0	0	0	0	0	0	0	0	0	0	0	0	0	0	0	0	0	0	0	0	0	0	0	0	0	0	0	0	0	0	0	0	0	
284944	Frontal_Sup_Medial_R	0	0	3062	33468	0	2266	650	4626	0	62	0	0	0	468	0	286	0	0	2284	5228	0	732	20120	0	0	8214	0	4002	338	354	4206	23316	572	14698	0	0	0	0	0	0	0	0	0	0	0	0	0	0	0	0	0	0	0	0	0	0	0	0	0	0	0	0	0	0	0	0	0	0	0	0	192	5926	132	7270	0	0	0	0	0	0	0	0	0	0	0	0	0	0	0	0	0	0	0	0	0	0	0	0	0	0	0	0	0	0	0	0	0	0	0	0	0	0	0	0	0	0	
30768	Frontal_Med_Orb_L	0	0	1014	0	1702	356	0	0	318	0	0	0	0	0	142	0	0	0	0	0	808	100	2854	0	0	864	1510	274	150	0	4336	226	0	0	0	0	0	0	0	0	0	0	0	0	0	0	0	0	0	0	0	0	0	0	0	0	0	0	0	0	0	0	0	0	0	0	0	0	0	0	502	96	132	0	0	0	0	0	0	0	0	0	0	0	0	0	0	0	0	0	0	0	0	0	0	0	0	0	0	0	0	0	0	0	0	0	0	0	0	0	0	0	0	0	0	0	
98616	Frontal_Med_Orb_R	0	0	154	3842	0	7344	0	0	0	240	0	0	0	0	0	84	0	0	0	92	456	2332	1502	8214	864	0	252	11536	0	0	2008	6336	0	0	0	0	0	0	0	0	0	0	0	0	0	0	0	0	0	0	0	0	0	0	0	0	0	0	0	0	0	0	0	0	0	0	0	0	0	0	74	2326	0	1652	0	0	0	0	0	0	0	0	0	0	0	0	0	0	0	0	0	0	0	0	0	0	0	0	0	0	0	0	0	0	0	0	0	0	0	0	0	0	0	0	0	0	
70792	Rectus_L	0	0	482	0	5304	0	0	0	1472	0	0	0	0	0	2256	0	0	0	0	0	4254	3580	780	0	1510	252	0	1350	770	0	4510	1622	0	0	0	0	0	0	0	0	0	0	0	0	0	0	0	0	0	0	0	0	0	0	0	0	0	0	0	0	0	0	0	0	0	0	0	0	0	0	3682	2224	652	632	0	0	0	0	0	0	0	0	64	0	0	0	0	0	0	0	0	0	0	0	0	0	0	0	0	0	0	0	0	0	0	0	0	0	0	0	0	0	0	0	0	0	
114528	Rectus_R	0	0	0	1854	80	9570	0	0	0	1292	0	0	0	0	84	1346	0	0	0	388	1818	4940	306	4002	274	11536	1350	0	0	804	2188	7488	0	0	0	0	0	0	0	0	0	0	0	0	0	0	0	0	0	0	0	0	0	0	0	0	0	0	0	0	0	0	0	0	0	0	0	0	0	0	826	4020	256	2842	0	0	0	0	0	0	0	0	0	0	0	0	0	0	0	0	0	0	0	0	0	0	0	0	0	0	0	0	0	0	0	0	0	0	0	0	0	0	0	0	0	0	
598968	Insula_L	15182	1708	26676	390	7946	0	10240	322	2746	0	16184	0	15416	64	11458	0	13708	0	19040	1932	4676	644	6176	338	150	0	770	0	0	124	9648	902	566	1940	3914	3524	10376	2820	1388	380	1148	0	118	0	0	0	536	300	0	0	3868	0	3892	0	2010	0	6988	0	64	0	984	0	1546	0	820	0	1712	150	2698	0	7720	546	22830	336	172	0	3580	2366	16596	0	7636	0	5684	0	6656	0	184	0	6858	0	0	0	0	0	0	0	0	138	0	0	0	0	0	0	0	0	0	0	0	0	0	0	0	0	0	0	
225772	Insula_R	126	3250	0	6290	0	718	0	6398	0	70	0	8878	0	9294	0	5144	0	11330	98	2718	0	1448	0	354	0	0	0	804	124	0	0	482	0	246	578	830	492	4748	196	2568	0	1062	0	180	0	0	112	148	0	0	0	182	0	898	0	2214	0	2914	0	0	0	0	0	592	0	0	0	364	206	0	202	2938	138	18434	0	82	286	2718	132	2908	0	5860	0	1310	0	590	0	0	0	1232	0	0	0	0	0	0	0	0	0	0	0	0	0	0	0	0	0	0	0	0	0	0	0	0	0	0	
297684	Cingulum_Ant_L	754	0	18456	2712	3776	362	4662	0	1882	0	738	0	1706	0	1460	0	90	0	8492	1244	3574	2094	24522	4206	4336	2008	4510	2188	9648	0	0	11468	6644	2758	0	0	0	0	0	0	0	0	0	0	0	0	0	0	0	0	0	0	0	0	0	0	410	0	0	0	260	0	334	0	0	0	0	0	148	0	8748	2972	9520	1912	0	0	0	0	0	0	0	0	248	0	0	0	0	0	0	0	0	0	0	0	0	0	0	0	0	0	0	0	0	0	0	0	0	0	0	0	0	0	0	0	0	0	
328084	Cingulum_Ant_R	0	0	3016	19584	112	1454	548	1894	0	0	530	0	160	460	128	262	78	0	5212	8952	2334	3426	11378	23316	226	6336	1622	7488	902	482	11468	0	2124	18936	0	0	0	104	0	0	0	0	0	0	0	0	0	0	0	0	0	0	0	0	0	0	0	0	0	0	0	0	0	0	0	0	0	0	0	0	3776	13348	1172	12822	0	0	0	0	0	0	0	0	392	0	0	0	0	0	0	0	0	0	0	0	0	0	0	0	0	0	0	0	0	0	0	0	0	0	0	0	0	0	0	0	0	0	
171656	Cingulum_Mid_L	720	0	4398	1816	0	0	2438	740	0	0	0	0	0	0	0	0	118	0	9058	7808	0	0	7038	572	0	0	0	0	566	0	6644	2124	0	12124	3754	844	0	90	0	0	0	0	126	0	200	0	0	0	1262	0	3080	0	354	0	0	0	854	0	904	0	888	0	0	0	1624	0	7392	692	6480	294	0	0	62	150	0	0	0	0	0	0	0	0	0	0	338	0	0	0	276	0	0	0	0	0	0	0	0	0	0	0	0	0	0	0	0	0	0	0	0	0	0	0	0	0	0	0	
471736	Cingulum_Mid_R	192	1348	8270	19648	0	0	1138	7902	0	0	1044	248	256	2842	0	316	388	0	23444	53136	0	0	9550	14698	0	0	0	0	1940	246	2758	18936	12124	0	2066	8846	0	726	0	306	0	0	0	1714	0	1276	0	1140	0	168	0	122	0	0	0	0	116	3146	0	0	0	70	138	0	0	0	1788	8236	8212	8112	5966	1158	220	958	0	0	70	0	0	0	0	0	584	0	0	0	0	0	0	0	0	0	0	0	0	0	0	212	0	0	0	0	0	0	0	0	0	0	0	0	94	0	0	0	0	0	
244380	Cingulum_Post_L	4450	5052	484	646	0	0	490	744	0	0	106	0	0	0	0	0	178	0	1618	494	0	0	0	0	0	0	0	0	3914	578	0	0	3754	2066	0	14692	12232	8982	2028	1672	0	0	2816	124	718	406	2266	1036	0	0	480	0	224	0	670	74	1054	368	0	0	0	0	0	0	0	0	12306	4172	8828	690	266	500	310	952	0	0	6608	7650	3840	0	344	0	0	0	202	0	0	0	406	0	0	0	0	0	0	0	0	614	0	0	0	0	0	0	0	0	0	0	0	0	86	0	0	0	0	0	
312556	Cingulum_Post_R	2724	8796	536	908	0	0	480	870	0	0	118	0	0	0	0	0	190	0	1654	4742	0	0	0	0	0	0	0	0	3524	830	0	0	844	8846	14692	0	7818	15432	1172	4594	0	0	70	1540	0	2806	1244	5260	0	422	152	254	138	164	452	418	794	3114	0	0	0	0	0	0	0	0	4670	14770	4870	6642	296	710	414	1104	0	0	9414	10162	2918	0	300	70	0	0	160	116	0	0	254	106	0	0	0	0	0	0	0	2002	0	0	0	0	0	0	0	0	0	0	0	0	1702	0	0	0	0	0	
340156	Hippocampus_L	8568	2592	3992	426	0	0	1058	676	0	0	210	62	0	0	150	0	402	80	1790	74	1018	0	0	0	0	0	0	0	10376	492	0	0	0	0	12232	7818	0	6298	17206	1618	4554	0	4254	0	222	0	9676	1266	0	0	2322	0	2878	0	9758	0	1636	96	0	0	76	0	86	0	182	0	8512	426	5006	0	104	122	11300	1200	1448	0	6688	5264	4688	0	1538	0	1520	0	1710	0	370	0	4338	0	222	0	0	0	0	0	326	548	306	0	0	0	0	0	0	0	0	0	0	172	126	0	0	0	0	0	
443764	Hippocampus_R	1996	8730	484	2938	0	0	378	1246	0	0	108	264	0	182	0	68	172	634	524	832	0	102	0	0	0	0	0	0	2820	4748	0	104	90	726	8982	15432	6298	0	1214	30768	0	8086	0	5106	0	442	942	11134	0	128	68	722	62	5066	286	21514	614	648	0	0	0	0	0	112	0	0	416	12652	3118	378	60	458	338	9382	0	1840	6542	10698	2310	884	252	2374	0	946	100	4308	0	62	168	15240	0	0	0	0	146	120	104	3180	0	0	0	0	0	0	0	0	0	0	68	342	626	0	0	0	0	0	
152256	ParaHippocampal_L	592	316	266	188	0	0	66	116	0	0	0	0	0	0	0	0	0	140	244	94	364	0	0	0	0	0	0	0	1388	196	0	0	0	0	2028	1172	17206	1214	0	622	1974	0	2442	0	124	0	10310	552	0	0	2398	0	2936	0	8536	0	352	168	0	0	0	0	96	100	152	0	3840	0	604	0	0	84	2592	716	92	0	636	946	156	0	162	0	2522	0	888	0	1806	0	1492	0	864	0	0	0	162	0	712	166	1044	0	0	0	0	0	72	0	0	0	0	220	0	0	0	0	0	0	
254564	ParaHippocampal_R	406	1108	0	588	0	0	0	132	0	0	0	0	0	0	0	110	0	224	72	214	0	572	0	0	0	0	0	0	380	2568	0	0	0	306	1672	4594	1618	30768	622	0	0	7448	0	3108	0	262	460	10162	0	130	0	662	0	4786	62	18814	110	490	0	0	0	74	0	120	0	0	124	6612	636	444	0	64	0	3094	0	1240	1000	2960	356	144	0	408	0	3540	0	1104	0	1298	0	6688	0	0	0	0	120	0	78	4114	0	0	0	0	0	0	0	0	0	0	0	292	324	0	0	0	0	0	
25264	Amygdala_L	0	0	0	0	64	0	0	0	0	0	0	0	0	0	60	0	0	0	0	0	548	0	0	0	0	0	0	0	1148	0	0	0	0	0	0	0	4554	0	1974	0	0	0	0	0	0	0	0	0	0	0	0	0	0	0	1942	0	0	0	0	0	0	0	0	0	0	0	0	0	0	0	68	0	560	0	0	0	0	0	0	0	0	0	748	0	60	0	448	0	458	0	0	0	0	0	0	0	0	0	0	0	0	0	0	0	0	0	0	0	0	0	0	0	0	0	0	0	
54104	Amygdala_R	0	0	0	68	0	0	0	0	0	0	0	0	0	0	0	66	0	0	0	0	0	446	0	0	0	0	0	0	0	1062	0	0	0	0	0	0	0	8086	0	7448	0	0	0	0	0	0	0	0	0	0	0	0	0	0	0	3762	0	0	0	0	0	0	0	0	0	0	0	0	0	0	0	0	0	1446	0	0	0	0	0	0	0	0	0	2962	0	486	0	384	0	836	0	0	0	0	0	0	0	0	0	0	0	0	0	0	0	0	0	0	0	0	0	0	0	0	0	0	
229696	Calcarine_L	194	0	0	0	0	0	0	0	0	0	0	0	0	0	0	0	80	0	0	0	0	0	0	0	0	0	0	0	118	0	0	0	126	0	2816	70	4254	0	2442	0	0	0	0	5020	18234	3016	16864	2436	10646	516	14798	92	8930	96	2230	220	1370	0	0	0	0	0	0	0	0	0	15138	1012	1672	0	0	0	0	0	0	0	0	0	62	0	0	0	0	0	1392	0	0	0	148	0	402	0	0	0	0	0	0	72	90	0	0	0	0	0	0	0	0	0	0	0	192	100	0	0	0	0	
318160	Calcarine_R	0	1460	0	0	0	0	0	0	0	0	0	0	0	0	0	0	0	0	0	0	0	0	0	0	0	0	0	0	0	180	0	0	0	1714	124	1540	0	5106	0	3108	0	0	5020	0	4136	24284	1844	21254	0	14076	0	13112	0	13870	116	11180	0	2494	0	544	0	368	0	302	0	282	1912	22112	0	1514	0	0	0	0	0	0	0	86	0	0	0	602	0	0	0	3104	0	0	0	1482	0	156	0	0	0	0	152	706	156	70	0	0	0	0	0	0	0	0	0	0	620	294	0	0	0	0	
157412	Cuneus_L	0	0	0	0	0	0	0	0	0	0	0	0	0	0	0	0	0	0	0	0	0	0	0	0	0	0	0	0	0	0	0	0	200	0	718	0	222	0	124	0	0	0	18234	4136	0	5798	3246	696	18044	624	9774	348	1856	146	480	0	868	0	190	0	0	0	0	0	0	0	10496	1114	1326	0	0	0	0	0	0	0	0	0	0	0	0	0	0	0	66	0	0	0	0	0	0	0	0	0	0	0	0	0	0	0	0	0	0	0	0	0	0	0	0	0	0	0	0	0	0	0	
270436	Cuneus_R	0	644	0	0	0	0	0	0	0	0	0	0	0	0	0	0	0	0	0	0	0	0	0	0	0	0	0	0	0	0	0	0	0	1276	406	2806	0	442	0	262	0	0	3016	24284	5798	0	0	2460	0	30536	0	14168	0	2230	0	720	0	1412	0	5224	0	608	0	402	0	682	8054	26510	0	878	0	0	0	0	0	0	0	0	0	0	0	118	0	0	0	1696	0	0	0	262	0	0	0	0	0	0	0	170	0	0	0	0	0	0	0	0	0	0	0	0	154	0	0	0	0	0	
367776	Lingual_L	780	248	190	92	0	0	76	68	0	0	0	0	0	0	0	0	210	0	60	0	0	0	0	0	0	0	0	0	536	112	0	0	0	0	2266	1244	9676	942	10310	460	0	0	16864	1844	3246	0	0	6046	3812	98	20060	0	17522	70	21436	770	564	0	0	0	0	0	236	0	264	0	6344	80	700	0	0	0	516	300	0	0	1158	694	306	0	126	0	0	0	2260	0	0	0	680	0	6318	962	642	188	148	72	11228	2336	11072	1760	184	0	0	68	122	218	0	0	0	290	8174	5286	1070	66	64	354	
317756	Lingual_R	390	588	0	112	0	0	0	0	0	0	0	0	0	0	0	0	0	62	110	0	0	0	0	0	0	0	0	0	300	148	0	0	0	1140	1036	5260	1266	11134	552	10162	0	0	2436	21254	696	2460	6046	0	0	1158	0	1560	78	7954	1580	17944	82	768	0	0	0	0	0	0	0	0	500	12786	500	508	0	0	80	190	0	0	848	1538	226	0	0	66	0	0	0	336	0	0	0	998	944	3310	88	0	296	76	2832	11476	3400	6670	0	0	0	0	0	0	0	0	64	532	9432	4674	232	0	0	0	
167652	Occipital_Sup_L	0	0	0	0	0	0	0	0	0	0	0	0	0	0	0	0	0	0	0	0	0	0	0	0	0	0	0	0	0	0	0	0	1262	0	0	0	0	0	0	0	0	0	10646	0	18044	0	3812	0	0	0	28632	0	2160	0	594	0	424	0	5382	0	984	0	0	0	142	0	9722	0	1456	0	0	0	0	0	0	0	0	0	0	0	0	0	0	0	318	0	0	0	0	0	248	0	0	0	0	0	0	0	0	0	0	0	0	0	0	0	0	0	0	0	0	0	0	0	0	0	
215840	Occipital_Sup_R	0	270	0	0	0	0	0	0	0	0	0	0	0	0	0	0	0	0	0	0	0	0	0	0	0	0	0	0	0	0	0	0	0	168	0	422	0	128	0	130	0	0	516	14076	624	30536	98	1158	0	0	0	23494	0	2380	0	854	0	2214	0	8274	0	840	0	240	0	2806	1904	14152	0	678	0	0	0	0	0	0	0	0	0	0	0	114	0	0	0	1418	0	0	0	426	0	0	0	0	0	0	0	0	0	0	0	0	0	0	0	0	0	0	0	0	0	0	0	0	0	0	
491628	Occipital_Mid_L	4348	0	0	0	0	0	0	0	0	0	0	0	0	0	0	0	1874	0	126	0	0	0	0	0	0	0	0	0	3868	0	0	0	3080	0	480	152	2322	68	2398	0	0	0	14798	0	9774	0	20060	0	28632	0	0	0	34982	0	7864	0	4990	0	12852	0	13424	0	2660	0	22470	0	15984	86	4006	0	0	0	0	0	0	0	64	0	4888	0	2498	0	0	0	19544	0	0	0	7378	0	144	0	0	0	0	0	0	0	0	0	0	0	0	0	0	0	0	0	0	0	0	0	0	0	0	0	
248696	Occipital_Mid_R	0	1236	0	0	0	0	0	0	0	0	0	0	0	0	0	0	0	0	0	0	0	0	0	0	0	0	0	0	0	182	0	0	0	122	0	254	0	722	0	662	0	0	92	13112	348	14168	0	1560	0	23494	0	0	0	11986	0	2394	0	3836	0	3818	0	1894	0	1326	0	10928	830	12122	0	2226	0	0	0	0	0	0	0	0	0	0	0	1752	0	0	0	13412	0	0	0	1872	0	0	0	0	0	0	0	0	0	0	0	0	0	0	0	0	0	0	0	0	0	0	0	0	0	0	
253896	Occipital_Inf_L	3184	0	0	0	0	0	0	0	0	0	0	0	0	0	0	0	1860	0	124	0	0	0	0	0	0	0	0	0	3892	0	0	0	354	0	224	138	2878	62	2936	0	0	0	8930	0	1856	0	17522	78	2160	0	34982	0	0	0	11352	0	1988	0	80	0	252	0	1062	0	1418	0	2184	0	1572	0	0	0	0	0	0	0	64	0	4766	0	2146	0	0	0	7598	0	0	0	10334	0	472	0	0	0	0	0	154	0	104	0	0	0	0	0	0	0	0	0	0	0	138	84	0	0	0	0	
190748	Occipital_Inf_R	0	1572	0	0	0	0	0	0	0	0	0	0	0	0	0	0	0	0	0	0	0	0	0	0	0	0	0	0	0	898	0	0	0	0	0	164	0	5066	0	4786	0	0	96	13870	146	2230	70	7954	0	2380	0	11986	0	0	0	19294	0	1824	0	274	0	548	0	324	0	432	124	4410	0	822	0	0	0	134	0	0	0	118	0	92	0	1318	0	0	0	4930	0	0	0	8272	0	332	0	0	0	0	60	378	0	296	0	0	0	0	0	0	0	0	0	0	174	0	0	0	0	0	
371036	Fusiform_L	410	122	138	0	0	0	0	0	0	0	0	0	0	0	0	0	134	0	130	0	142	0	0	0	0	0	0	0	2010	0	0	0	0	0	670	452	9758	286	8536	62	1942	0	2230	116	480	0	21436	1580	594	0	7864	0	11352	0	0	276	196	0	0	0	0	0	156	0	194	0	1210	0	294	0	0	0	1398	72	0	0	270	324	708	0	2710	0	3550	0	4948	0	1894	0	13684	0	22066	452	388	0	306	0	18382	1358	29914	848	130	0	286	0	244	0	0	0	0	202	5388	2892	334	0	0	0	
410380	Fusiform_R	0	974	0	172	0	0	0	0	0	0	0	0	0	0	0	0	0	0	0	84	0	0	0	0	0	0	0	0	0	2214	0	0	0	0	74	418	0	21514	0	18814	0	3762	220	11180	0	720	770	17944	0	854	0	2394	0	19294	276	0	0	582	0	0	0	166	0	186	0	104	0	3052	0	396	0	0	0	1280	0	238	0	418	0	342	0	1828	0	3326	0	5168	0	1010	0	24764	474	14322	0	228	0	2308	1076	14554	782	19348	0	0	0	122	0	0	0	0	104	624	5268	1242	200	0	0	0	
284736	Postcentral_L	26890	320	664	0	0	0	328	0	0	0	1060	0	0	0	0	0	8620	0	216	122	0	0	238	0	0	0	0	0	6988	0	410	0	854	116	1054	794	1636	614	352	110	0	0	1370	0	868	0	564	82	424	0	4990	0	1988	0	196	0	0	0	6716	0	16622	0	11412	0	5038	0	4394	0	8564	0	2548	0	1732	68	1674	70	1202	484	3768	0	3950	0	70	0	7714	0	0	0	4474	0	0	0	0	0	0	0	0	0	0	0	0	0	0	0	0	0	0	0	0	0	0	0	0	0	0	0	
213028	Postcentral_R	0	14166	0	112	0	0	0	742	0	0	0	4446	0	0	0	0	0	6334	0	756	0	0	0	0	0	0	0	0	0	2914	0	0	0	3146	368	3114	96	648	168	490	0	0	0	2494	0	1412	0	768	0	2214	0	3836	0	1824	0	582	0	0	0	8330	0	7068	0	8612	0	700	562	11522	0	9536	0	194	0	1416	0	0	0	702	0	90	0	4162	0	0	0	1914	0	0	0	822	0	0	0	0	0	0	0	106	0	0	0	0	0	0	0	0	0	0	0	0	148	0	0	0	0	0	
130972	Parietal_Sup_L	1802	0	0	0	0	0	0	0	0	0	0	0	0	0	0	0	0	0	0	0	0	0	0	0	0	0	0	0	64	0	0	0	904	0	0	0	0	0	0	0	0	0	0	0	190	0	0	0	5382	0	12852	0	80	0	0	0	6716	0	0	0	14824	0	0	0	7114	0	12936	92	1812	0	0	0	0	0	0	0	0	0	0	0	0	0	0	0	328	0	0	0	390	0	0	0	0	0	0	0	0	0	0	0	0	0	0	0	0	0	0	0	0	0	0	0	0	0	0	0	
128576	Parietal_Sup_R	0	240	0	0	0	0	0	0	0	0	0	0	0	0	0	0	0	0	0	0	0	0	0	0	0	0	0	0	0	0	0	0	0	0	0	0	0	0	0	0	0	0	0	544	0	5224	0	0	0	8274	0	3818	0	274	0	0	0	8330	0	0	0	10064	0	2510	0	3298	618	14502	0	3662	0	0	0	0	0	0	0	0	0	0	0	334	0	0	0	1800	0	0	0	796	0	0	0	0	0	0	0	0	0	0	0	0	0	0	0	0	0	0	0	0	0	0	0	0	0	0	
187816	Parietal_Inf_L	5004	0	120	0	0	0	0	0	0	0	270	0	0	0	0	0	550	0	68	0	0	0	228	0	0	0	0	0	984	0	260	0	888	0	0	0	76	0	0	0	0	0	0	0	0	0	0	0	984	0	13424	0	252	0	0	0	16622	0	14824	0	0	0	10338	0	17710	0	4832	0	2728	0	1096	0	0	0	260	0	88	0	166	0	146	0	0	0	1060	0	0	0	930	0	0	0	0	0	0	0	0	0	0	0	0	0	0	0	0	0	0	0	0	0	0	0	0	0	0	0	
105752	Parietal_Inf_R	0	536	0	0	0	0	0	0	0	0	0	0	0	0	0	0	0	0	0	0	0	0	0	0	0	0	0	0	0	0	0	0	0	70	0	0	0	0	0	74	0	0	0	368	0	608	0	0	0	840	0	1894	0	548	0	166	0	7068	0	10064	0	0	0	10502	0	8508	122	5804	0	1802	0	0	0	0	0	0	0	0	0	0	0	1230	0	0	0	1974	0	0	0	698	0	0	0	0	0	0	0	0	0	0	0	0	0	0	0	0	0	0	0	0	0	0	0	0	0	0	
139976	SupraMarginal_L	6858	0	266	0	0	0	0	0	0	0	436	0	0	0	0	0	5726	0	150	138	0	0	274	0	0	0	0	0	1546	0	334	0	0	138	0	0	86	0	96	0	0	0	0	0	0	0	236	0	0	0	2660	0	1062	0	156	0	11412	0	0	0	10338	0	0	0	9888	0	198	0	400	0	1912	0	100	0	1144	154	224	0	364	0	4336	0	0	0	7538	0	0	0	1818	0	0	0	0	0	0	0	0	0	0	0	0	0	0	0	0	0	0	0	0	0	0	0	0	0	0	0	
100776	SupraMarginal_R	0	1052	0	0	0	0	0	356	0	0	0	0	0	0	0	0	0	2312	0	0	0	0	0	0	0	0	0	0	0	592	0	0	0	0	0	0	0	112	100	120	0	0	0	302	0	402	0	0	0	240	0	1326	0	324	0	186	0	8612	0	2510	0	10502	0	0	0	5036	0	2900	0	610	0	0	0	316	0	0	0	486	0	94	0	7358	0	0	0	4150	0	0	0	390	0	0	0	0	0	0	0	0	0	0	0	0	0	0	0	0	0	0	0	0	0	0	0	0	0	0	
188452	Angular_L	4804	0	0	0	0	0	0	0	0	0	0	0	0	0	0	0	2498	0	0	0	0	0	0	0	0	0	0	0	820	0	0	0	1624	0	0	0	182	0	152	0	0	0	0	0	0	0	264	0	142	0	22470	0	1418	0	194	0	5038	0	7114	0	17710	0	9888	0	0	0	6140	0	1782	0	68	0	0	0	86	0	0	0	296	0	1966	0	0	0	7752	0	0	0	1818	0	0	0	0	0	0	0	0	0	0	0	0	0	0	0	0	0	0	0	0	0	0	0	0	0	0	0	
112436	Angular_R	0	128	0	0	0	0	0	0	0	0	0	0	0	0	0	0	0	0	0	0	0	0	0	0	0	0	0	0	0	0	0	0	0	0	0	0	0	0	0	0	0	0	0	282	0	682	0	0	0	2806	0	10928	0	432	0	104	0	700	0	3298	0	8508	0	5036	0	0	90	3584	0	1572	0	0	0	0	0	0	0	0	0	0	0	7416	0	0	0	10178	0	0	0	474	0	0	0	0	0	0	0	0	0	0	0	0	0	0	0	0	0	0	0	0	0	0	0	0	0	0	
348368	Precuneus_L	2256	250	0	0	0	0	100	0	0	0	0	0	0	0	0	0	240	0	304	352	0	0	0	0	0	0	0	0	1712	0	0	0	7392	1788	12306	4670	8512	416	3840	124	0	0	15138	1912	10496	8054	6344	500	9722	1904	15984	830	2184	124	1210	0	4394	562	12936	618	4832	122	198	0	6140	90	0	14674	5662	1146	0	0	0	0	0	0	102	84	1432	0	208	0	0	0	1256	78	0	0	916	0	0	0	0	0	0	0	0	70	0	0	0	0	0	0	0	0	0	0	0	0	0	0	0	0	0	0	
488252	Precuneus_R	210	4746	0	280	0	0	0	156	0	0	0	0	0	0	0	0	0	0	152	538	0	0	0	0	0	0	0	0	150	364	0	0	692	8236	4172	14770	426	12652	0	6612	0	0	1012	22112	1114	26510	80	12786	0	14152	86	12122	0	4410	0	3052	0	11522	92	14502	0	5804	0	2900	0	3584	14674	0	420	17702	0	76	0	100	0	0	322	724	168	0	0	1384	0	0	0	10484	0	0	0	4412	0	0	0	0	0	0	0	1784	0	0	0	0	0	0	0	0	0	0	0	0	1880	0	0	0	0	0	
315788	Paracentral_Lobule_L	15210	5406	180	1316	0	0	62	160	0	0	82	0	0	0	0	0	312	0	19140	13812	0	0	0	0	0	0	0	0	2698	206	148	0	6480	8212	8828	4870	5006	3118	604	636	0	0	1672	0	1326	0	700	500	1456	0	4006	0	1572	0	294	0	8564	0	1812	0	2728	0	400	0	1782	0	5662	420	0	2282	2404	348	1580	282	214	0	11646	4374	2114	0	246	0	0	0	1328	0	0	0	1416	0	0	0	0	0	0	0	0	178	0	0	0	0	0	0	0	0	0	0	0	0	102	0	0	0	0	0	
186208	Paracentral_Lobule_R	0	9466	0	286	0	0	0	0	0	0	0	0	0	0	0	0	0	0	450	8756	0	0	0	0	0	0	0	0	0	0	0	0	294	8112	690	6642	0	378	0	444	0	0	0	1514	0	878	0	508	0	678	0	2226	0	822	0	396	0	9536	0	3662	0	1802	0	610	0	1572	1146	17702	2282	0	400	0	0	0	0	0	232	90	0	0	0	1368	0	0	0	7254	0	0	0	2712	0	0	0	0	0	0	0	84	0	0	0	0	0	0	0	0	0	0	0	0	112	0	0	0	0	0	
315728	Caudate_L	3832	1310	6402	5646	2416	0	170	1778	562	0	2806	74	370	1658	2186	0	1316	0	16012	11920	6916	6738	1272	192	502	74	3682	826	7720	202	8748	3776	0	5966	266	296	104	60	0	0	68	0	0	0	0	0	0	0	0	0	0	0	0	0	0	0	2548	0	0	0	1096	0	1912	0	68	0	0	0	2404	400	0	10072	16938	3270	2190	680	7792	1164	0	0	152	0	1312	0	0	0	0	0	0	0	0	0	0	0	0	0	0	0	0	0	0	0	0	0	0	0	0	0	0	0	0	0	0	0	0	0	
383900	Caudate_R	0	17562	70	23522	952	1718	0	9740	308	314	0	346	0	2044	898	3436	0	80	690	16978	3790	7922	268	5926	96	2326	2224	4020	546	2938	2972	13348	0	1158	500	710	122	458	84	64	0	0	0	0	0	0	0	0	0	0	0	0	0	0	0	0	0	194	0	0	0	0	0	0	0	0	0	76	348	0	10072	0	5586	28968	308	1934	1182	15152	0	0	0	0	0	0	0	0	0	0	0	0	0	0	0	0	0	0	0	0	0	0	0	0	0	0	0	0	0	0	0	0	0	0	0	0	0	0	
338544	Putamen_L	13942	330	17082	542	3894	0	2100	590	1648	0	946	0	774	326	3894	0	492	0	11884	436	2448	3164	4008	132	132	0	652	256	22830	138	9520	1172	62	220	310	414	11300	338	2592	0	560	0	0	0	0	0	516	80	0	0	0	0	0	0	1398	0	1732	0	0	0	0	0	100	0	0	0	0	0	1580	0	16938	5586	0	1820	8520	618	4778	448	350	0	2236	0	954	0	840	0	80	0	1570	0	0	0	0	0	0	0	0	0	0	0	0	0	0	0	0	0	0	0	0	0	0	0	0	0	0	0	
391708	Putamen_R	330	3952	70	27282	98	3004	76	6734	0	326	0	3042	0	4264	92	5800	0	4150	456	16870	870	2000	210	7270	0	1652	632	2842	336	18434	1912	12822	150	958	952	1104	1200	9382	716	3094	0	1446	0	0	0	0	300	190	0	0	0	0	0	134	72	1280	68	1416	0	0	0	0	0	316	0	0	0	100	282	0	3270	28968	1820	0	82	3242	932	6982	184	540	0	562	0	200	0	94	0	0	0	292	0	0	0	0	0	0	0	0	0	0	0	0	0	0	0	0	0	0	0	0	0	0	0	0	0	0	
56304	Pallidum_L	3958	88	2520	62	0	0	0	0	0	0	0	0	0	0	0	0	804	0	1512	0	0	0	0	0	0	0	0	0	172	0	0	0	0	0	0	0	1448	0	92	0	0	0	0	0	0	0	0	0	0	0	0	0	0	0	0	0	1674	0	0	0	260	0	1144	0	86	0	0	0	214	0	2190	308	8520	82	0	580	2144	184	0	0	110	0	0	0	0	0	0	0	0	0	0	0	0	0	0	0	0	0	0	0	0	0	0	0	0	0	0	0	0	0	0	0	0	0	0	0	
33700	Pallidum_R	80	290	0	2638	0	0	0	174	0	0	0	0	0	0	0	0	62	0	0	2290	0	100	0	0	0	0	0	0	0	82	0	0	0	0	0	0	0	1840	0	1240	0	0	0	0	0	0	0	0	0	0	0	0	0	0	0	238	70	0	0	0	0	0	154	0	0	0	0	0	0	0	680	1934	618	3242	580	0	396	142	0	0	0	0	0	0	0	0	0	0	0	0	0	0	0	0	0	0	0	0	0	0	0	0	0	0	0	0	0	0	0	0	0	0	0	0	0	0	
253136	Thalamus_L	9460	5918	4588	562	0	0	726	1136	0	0	204	0	0	0	0	0	312	0	15186	252	0	0	0	0	0	0	0	0	3580	286	0	0	0	70	6608	9414	6688	6542	636	1000	0	0	0	0	0	0	1158	848	0	0	64	0	64	0	270	0	1202	0	0	0	88	0	224	0	0	0	102	322	11646	232	7792	1182	4778	932	2144	396	0	17226	1580	0	340	0	0	0	62	0	0	0	142	0	0	0	0	0	0	0	0	308	0	0	0	0	0	0	0	0	0	0	0	124	174	0	0	0	0	0	
301428	Thalamus_R	1552	28498	480	10410	0	116	336	3558	0	0	106	178	0	72	0	260	176	1122	1710	4034	0	62	0	0	0	0	0	0	2366	2718	0	0	0	0	7650	10162	5264	10698	946	2960	0	0	0	86	0	0	694	1538	0	0	0	0	0	118	324	418	484	702	0	0	0	0	0	486	0	0	84	724	4374	90	1164	15152	448	6982	184	142	17226	0	1854	192	252	208	0	0	76	240	0	0	132	320	0	0	0	0	0	0	0	364	0	0	0	0	0	0	0	0	0	0	0	222	0	0	0	0	0	0	
175912	Heschl_L	8408	1304	1018	136	0	0	1572	138	0	0	1758	0	332	0	0	0	3938	0	890	0	0	0	0	0	0	0	0	0	16596	132	0	0	0	0	3840	2918	4688	2310	156	356	0	0	62	0	0	0	306	226	0	0	4888	0	4766	0	708	0	3768	0	0	0	166	0	364	0	296	0	1432	168	2114	0	0	0	350	184	0	0	1580	1854	0	0	4780	0	0	0	3434	0	0	0	5898	0	0	0	0	0	0	0	0	122	0	0	0	0	0	0	0	0	0	0	0	0	0	0	0	0	0	0	
28864	Heschl_R	0	74	0	0	0	0	0	0	0	0	0	126	0	0	0	0	0	1982	0	0	0	0	0	0	0	0	0	0	0	2908	0	0	0	0	0	0	0	884	0	144	0	0	0	0	0	0	0	0	0	0	0	0	0	92	0	342	0	90	0	0	0	0	0	94	0	0	0	0	0	0	0	0	0	540	0	0	0	192	0	0	0	5546	0	0	0	870	0	0	0	548	0	0	0	0	0	0	0	0	0	0	0	0	0	0	0	0	0	0	0	0	0	0	0	0	0	0	
162012	Temporal_Sup_L	1214	222	1112	0	0	0	216	0	0	0	1086	0	124	0	0	0	5128	0	1732	0	0	0	0	0	0	0	0	0	7636	0	0	0	0	0	344	300	1538	252	162	0	0	0	0	0	0	0	126	0	0	0	2498	0	2146	0	2710	0	3950	0	0	0	146	0	4336	0	1966	0	208	0	246	0	152	0	2236	0	110	0	340	252	4780	0	0	0	1904	0	20344	0	126	0	11364	0	0	0	0	0	0	0	0	0	0	0	0	0	0	0	0	0	0	0	0	0	0	0	0	0	0	0	
163064	Temporal_Sup_R	0	928	0	148	0	0	0	260	0	0	0	2402	0	86	0	0	0	6698	0	76	0	0	0	0	0	0	0	0	0	5860	0	0	0	0	0	70	0	2374	0	408	0	0	0	602	0	118	0	66	0	114	0	1752	0	1318	0	1828	0	4162	0	334	0	1230	0	7358	0	7416	0	1384	0	1368	0	0	0	562	0	0	0	208	0	5546	0	0	0	1032	0	21426	0	274	0	4124	0	0	0	0	0	0	0	0	0	0	0	0	0	0	0	0	0	0	0	0	0	0	0	0	0	0	
91452	Temporal_Pole_Sup_L	168	0	1314	106	328	0	126	0	86	0	4250	0	1378	0	1168	0	930	0	1374	542	460	0	134	0	0	0	64	0	5684	0	248	392	0	584	0	0	1520	0	2522	0	748	0	0	0	0	0	0	0	0	0	0	0	0	0	3550	0	70	0	0	0	0	0	0	0	0	0	0	0	0	0	1312	0	954	0	0	0	0	0	0	0	1904	0	0	0	4618	0	5312	0	3880	0	0	0	0	0	0	0	0	0	0	0	0	0	0	0	0	0	0	0	0	0	0	0	0	0	0	0	
36372	Temporal_Pole_Sup_R	0	0	0	0	0	0	0	0	0	0	0	232	0	96	0	130	0	258	0	0	0	236	0	0	0	0	0	0	0	1310	0	0	0	0	0	0	0	946	0	3540	0	2962	0	0	0	0	0	0	0	0	0	0	0	0	0	3326	0	0	0	0	0	0	0	0	0	0	0	0	0	0	0	0	0	200	0	0	0	0	0	0	0	1032	0	0	0	510	0	2310	0	1098	0	0	0	0	0	0	0	0	0	0	0	0	0	0	0	0	0	0	0	0	0	0	0	0	0	0	
312836	Temporal_Mid_L	6914	0	158	0	0	0	68	0	0	0	0	0	0	0	0	0	4848	0	572	0	0	0	0	0	0	0	0	0	6656	0	0	0	338	0	202	160	1710	100	888	0	60	0	1392	0	66	0	2260	0	318	0	19544	0	7598	0	4948	0	7714	0	328	0	1060	0	7538	0	7752	0	1256	0	1328	0	0	0	840	0	0	0	62	76	3434	0	20344	0	4618	0	0	0	3124	0	38082	0	62	0	0	0	0	0	0	0	0	0	0	0	0	0	0	0	0	0	0	0	0	0	0	0	0	0	
254200	Temporal_Mid_R	0	1764	0	0	0	0	0	72	0	0	0	0	0	0	0	0	0	136	0	0	0	0	0	0	0	0	0	0	0	590	0	0	0	0	0	116	0	4308	0	1104	0	486	0	3104	0	1696	0	336	0	1418	0	13412	0	4930	0	5168	0	1914	0	1800	0	1974	0	4150	0	10178	78	10484	0	7254	0	0	0	94	0	0	0	240	0	870	0	21426	0	510	0	0	0	588	0	26900	0	0	0	0	0	0	0	0	0	0	0	0	0	0	0	0	0	0	0	0	0	0	0	0	0	0	
31244	Temporal_Pole_Mid_L	0	0	0	0	0	0	0	0	0	0	0	0	0	0	0	0	0	0	0	0	0	0	0	0	0	0	0	0	184	0	0	0	0	0	0	0	370	0	1806	0	448	0	0	0	0	0	0	0	0	0	0	0	0	0	1894	0	0	0	0	0	0	0	0	0	0	0	0	0	0	0	0	0	80	0	0	0	0	0	0	0	126	0	5312	0	3124	0	0	0	2278	0	0	0	0	0	0	0	0	0	0	0	0	0	0	0	0	0	0	0	0	0	0	0	0	0	0	0	
14292	Temporal_Pole_Mid_R	0	0	0	0	0	0	0	0	0	0	0	0	0	0	0	0	0	0	0	0	0	0	0	0	0	0	0	0	0	0	0	0	0	0	0	0	0	62	0	1298	0	384	0	0	0	0	0	0	0	0	0	0	0	0	0	1010	0	0	0	0	0	0	0	0	0	0	0	0	0	0	0	0	0	0	0	0	0	0	0	0	0	274	0	2310	0	588	0	0	0	1220	0	0	0	0	0	0	0	0	0	0	0	0	0	0	0	0	0	0	0	0	0	0	0	0	0	0	
269232	Temporal_Inf_L	3492	0	138	0	0	0	0	0	0	0	0	0	0	0	0	0	2576	0	420	0	0	0	0	0	0	0	0	0	6858	0	0	0	276	0	406	254	4338	168	1492	0	458	0	148	0	0	0	680	0	0	0	7378	0	10334	0	13684	0	4474	0	390	0	930	0	1818	0	1818	0	916	0	1416	0	0	0	1570	0	0	0	142	132	5898	0	11364	0	3880	0	38082	0	2278	0	0	0	4624	0	0	0	0	0	208	0	1496	0	0	0	80	0	0	0	0	0	0	0	0	0	0	0	0	0	
218676	Temporal_Inf_R	0	970	0	60	0	0	0	0	0	0	0	0	0	0	0	0	0	0	0	0	0	0	0	0	0	0	0	0	0	1232	0	0	0	0	0	106	0	15240	0	6688	0	836	0	1482	0	262	0	998	0	426	0	1872	0	8272	0	24764	0	822	0	796	0	698	0	390	0	474	0	4412	0	2712	0	0	0	292	0	0	0	320	0	548	0	4124	0	1098	0	26900	0	1220	0	0	0	706	0	142	0	0	0	96	0	220	0	0	0	160	0	0	0	0	0	0	0	0	0	0	0	0	
467948	Cerebelum_Crus1_L	0	0	0	0	0	0	0	0	0	0	0	0	0	0	0	0	0	0	0	0	0	0	0	0	0	0	0	0	0	0	0	0	0	0	0	0	222	0	864	0	0	0	402	0	0	0	6318	944	248	0	144	0	472	0	22066	474	0	0	0	0	0	0	0	0	0	0	0	0	0	0	0	0	0	0	0	0	0	0	0	0	0	0	0	0	62	0	0	0	4624	0	0	3584	33672	7060	1388	0	17808	830	52334	2288	16214	1042	18982	3940	5628	370	190	0	94	634	3438	9242	11988	4392	1304	712	
455228	Cerebelum_Crus1_R	0	0	0	0	0	0	0	0	0	0	0	0	0	0	0	0	0	0	0	0	0	0	0	0	0	0	0	0	0	0	0	0	0	0	0	0	0	0	0	0	0	0	0	156	0	0	962	3310	0	0	0	0	0	332	452	14322	0	0	0	0	0	0	0	0	0	0	0	0	0	0	0	0	0	0	0	0	0	0	0	0	0	0	0	0	0	0	0	0	0	706	3584	0	1982	35480	128	4510	1422	18830	3054	50482	904	6422	1048	24142	398	6284	0	1414	708	2280	9148	10380	12024	6950	4446	1354	
261796	Cerebelum_Crus2_L	0	0	0	0	0	0	0	0	0	0	0	0	0	0	0	0	0	0	0	0	0	0	0	0	0	0	0	0	0	0	0	0	0	0	0	0	0	0	0	0	0	0	0	0	0	0	642	88	0	0	0	0	0	0	388	0	0	0	0	0	0	0	0	0	0	0	0	0	0	0	0	0	0	0	0	0	0	0	0	0	0	0	0	0	0	0	0	0	0	0	33672	1982	0	7478	282	0	1076	0	6922	578	26468	1222	24424	3378	3934	190	0	0	0	72	84	3358	9446	4058	772	384	
315664	Cerebelum_Crus2_R	0	0	0	0	0	0	0	0	0	0	0	0	0	0	0	0	0	0	0	0	0	0	0	0	0	0	0	0	0	0	0	0	0	0	0	0	0	0	0	0	0	0	0	0	0	0	188	0	0	0	0	0	0	0	0	228	0	0	0	0	0	0	0	0	0	0	0	0	0	0	0	0	0	0	0	0	0	0	0	0	0	0	0	0	0	0	0	0	0	142	7060	35480	7478	0	0	144	70	86	1776	7244	4560	18822	4112	34906	902	4564	0	1110	0	76	90	2868	14284	8710	2266	666	
43428	Cerebelum_3_L	0	0	0	0	0	0	0	0	0	0	0	0	0	0	0	0	0	0	0	0	0	0	0	0	0	0	0	0	0	0	0	0	0	0	0	0	0	146	162	120	0	0	0	0	0	0	148	296	0	0	0	0	0	0	306	0	0	0	0	0	0	0	0	0	0	0	0	0	0	0	0	0	0	0	0	0	0	0	0	0	0	0	0	0	0	0	0	0	0	0	1388	128	282	0	0	166	5310	202	4192	226	86	0	114	0	1192	194	222	0	790	4320	982	422	84	0	70	166	
61872	Cerebelum_3_R	0	0	0	0	0	0	0	0	0	0	0	0	0	0	0	0	0	0	0	0	0	0	0	0	0	0	0	0	0	0	0	0	0	0	0	0	0	120	0	0	0	0	0	0	0	0	72	76	0	0	0	0	0	0	0	2308	0	0	0	0	0	0	0	0	0	0	0	0	0	0	0	0	0	0	0	0	0	0	0	0	0	0	0	0	0	0	0	0	0	0	0	4510	0	144	166	0	196	6340	90	7808	0	0	0	230	60	1406	0	0	1114	3270	916	780	258	566	506	0	
261196	Cerebelum_4_5_L	0	0	0	0	0	0	0	0	0	0	0	0	0	0	0	0	0	0	0	0	0	0	0	0	0	0	0	0	0	0	0	0	0	0	0	0	326	104	712	78	0	0	0	152	0	0	11228	2832	0	0	0	0	154	60	18382	1076	0	0	0	0	0	0	0	0	0	0	0	0	0	0	0	0	0	0	0	0	0	0	0	0	0	0	0	0	0	0	0	0	208	0	17808	1422	1076	70	5310	196	0	4372	33858	2846	266	0	908	0	4044	420	362	0	688	2680	14072	3268	290	84	334	912	
255088	Cerebelum_4_5_R	150	0	0	0	0	0	0	0	0	0	0	0	0	0	0	0	0	0	0	0	0	0	0	0	0	0	0	0	138	0	0	0	0	212	614	2002	548	3180	166	4114	0	0	72	706	0	170	2336	11476	0	0	0	0	0	378	1358	14554	0	106	0	0	0	0	0	0	0	0	70	1784	178	84	0	0	0	0	0	0	308	364	122	0	0	0	0	0	0	0	0	0	0	96	830	18830	0	86	202	6340	4372	0	2316	29228	0	0	0	134	0	348	0	0	570	1690	15114	1976	82	0	0	140	
421664	Cerebelum_6_L	0	0	0	0	0	0	0	0	0	0	0	0	0	0	0	0	0	0	0	0	0	0	0	0	0	0	0	0	0	0	0	0	0	0	0	0	306	0	1044	0	0	0	90	156	0	0	11072	3400	0	0	0	0	104	0	29914	782	0	0	0	0	0	0	0	0	0	0	0	0	0	0	0	0	0	0	0	0	0	0	0	0	0	0	0	0	0	0	0	0	1496	0	52334	3054	6922	1776	4192	90	33858	2316	0	3504	4154	0	4822	1062	6122	676	390	0	304	1916	9504	14992	5602	1576	2050	1252	
371672	Cerebelum_6_R	0	0	0	0	0	0	0	0	0	0	0	0	0	0	0	0	0	0	0	0	0	0	0	0	0	0	0	0	0	0	0	0	0	0	0	0	0	0	0	0	0	0	0	70	0	0	1760	6670	0	0	0	0	0	296	848	19348	0	0	0	0	0	0	0	0	0	0	0	0	0	0	0	0	0	0	0	0	0	0	0	0	0	0	0	0	0	0	0	0	0	220	2288	50482	578	7244	226	7808	2846	29228	3504	0	66	212	70	4478	70	4444	0	926	920	2780	13624	11246	5472	3600	3380	1132	
186148	Cerebelum_7b_L	0	0	0	0	0	0	0	0	0	0	0	0	0	0	0	0	0	0	0	0	0	0	0	0	0	0	0	0	0	0	0	0	0	0	0	0	0	0	0	0	0	0	0	0	0	0	184	0	0	0	0	0	0	0	130	0	0	0	0	0	0	0	0	0	0	0	0	0	0	0	0	0	0	0	0	0	0	0	0	0	0	0	0	0	0	0	0	0	0	0	16214	904	26468	4560	86	0	266	0	4154	66	0	544	23772	2206	2126	104	734	0	0	0	0	996	5420	3736	298	106	
99780	Cerebelum_7b_R	0	0	0	0	0	0	0	0	0	0	0	0	0	0	0	0	0	0	0	0	0	0	0	0	0	0	0	0	0	0	0	0	0	0	0	0	0	0	0	0	0	0	0	0	0	0	0	0	0	0	0	0	0	0	0	0	0	0	0	0	0	0	0	0	0	0	0	0	0	0	0	0	0	0	0	0	0	0	0	0	0	0	0	0	0	0	0	0	0	0	1042	6422	1222	18822	0	0	0	0	0	212	544	0	496	16262	0	1698	0	0	0	0	0	62	1226	1508	284	90	
233936	Cerebelum_8_L	0	0	0	0	0	0	0	0	0	0	0	0	0	0	0	0	0	0	0	0	0	0	0	0	0	0	0	0	0	0	0	0	0	0	0	0	0	0	0	0	0	0	0	0	0	0	0	0	0	0	0	0	0	0	286	0	0	0	0	0	0	0	0	0	0	0	0	0	0	0	0	0	0	0	0	0	0	0	0	0	0	0	0	0	0	0	0	0	80	0	18982	1048	24424	4112	114	0	908	0	4822	70	23772	496	0	3266	16042	784	2316	0	0	0	0	1542	5254	6288	1848	514	
265188	Cerebelum_8_R	0	0	0	0	0	0	0	0	0	0	0	0	0	0	0	0	0	0	0	0	0	0	0	0	0	0	0	0	0	0	0	0	0	0	0	0	0	0	0	0	0	0	0	0	0	0	68	0	0	0	0	0	0	0	0	122	0	0	0	0	0	0	0	0	0	0	0	0	0	0	0	0	0	0	0	0	0	0	0	0	0	0	0	0	0	0	0	0	0	160	3940	24142	3378	34906	0	230	0	134	1062	4478	2206	16262	3266	0	848	13300	0	970	0	170	90	1086	9270	8278	3052	1176	
117408	Cerebelum_9_L	0	0	0	0	0	0	0	0	0	0	0	0	0	0	0	0	0	0	0	0	0	0	0	0	0	0	0	0	0	0	0	0	0	0	0	0	0	0	72	0	0	0	0	0	0	0	122	0	0	0	0	0	0	0	244	0	0	0	0	0	0	0	0	0	0	0	0	0	0	0	0	0	0	0	0	0	0	0	0	0	0	0	0	0	0	0	0	0	0	0	5628	398	3934	902	1192	60	4044	0	6122	70	2126	0	16042	848	0	1034	4412	0	0	164	480	2548	1806	2568	2766	1122	
126996	Cerebelum_9_R	0	0	0	0	0	0	0	0	0	0	0	0	0	0	0	0	0	0	0	0	0	0	0	0	0	0	0	0	0	0	0	0	0	0	0	0	0	0	0	0	0	0	0	0	0	0	218	0	0	0	0	0	0	0	0	0	0	0	0	0	0	0	0	0	0	0	0	0	0	0	0	0	0	0	0	0	0	0	0	0	0	0	0	0	0	0	0	0	0	0	370	6284	190	4564	194	1406	420	348	676	4444	104	1698	784	13300	1034	0	0	1130	662	1158	910	4452	2852	5470	7362	3468	
17640	Cerebelum_10_L	0	0	0	0	0	0	0	0	0	0	0	0	0	0	0	0	0	0	0	0	0	0	0	0	0	0	0	0	0	0	0	0	0	0	0	0	0	0	0	0	0	0	0	0	0	0	0	0	0	0	0	0	0	0	0	0	0	0	0	0	0	0	0	0	0	0	0	0	0	0	0	0	0	0	0	0	0	0	0	0	0	0	0	0	0	0	0	0	0	0	190	0	0	0	222	0	362	0	390	0	734	0	2316	0	4412	0	0	0	0	0	0	68	0	0	126	0	
15972	Cerebelum_10_R	0	0	0	0	0	0	0	0	0	0	0	0	0	0	0	0	0	0	0	0	0	0	0	0	0	0	0	0	0	0	0	0	0	0	0	0	0	0	0	0	0	0	0	0	0	0	0	0	0	0	0	0	0	0	0	0	0	0	0	0	0	0	0	0	0	0	0	0	0	0	0	0	0	0	0	0	0	0	0	0	0	0	0	0	0	0	0	0	0	0	0	1414	0	1110	0	0	0	0	0	926	0	0	0	970	0	1130	0	0	0	0	0	288	1016	654	406	72	
26432	Vermis_1_2	0	0	0	0	0	0	0	0	0	0	0	0	0	0	0	0	0	0	0	0	0	0	0	0	0	0	0	0	0	0	0	0	0	0	0	0	0	68	0	0	0	0	0	0	0	0	0	64	0	0	0	0	0	0	0	104	0	0	0	0	0	0	0	0	0	0	0	0	0	0	0	0	0	0	0	0	0	0	0	0	0	0	0	0	0	0	0	0	0	0	94	708	0	0	790	1114	688	570	304	920	0	0	0	0	0	662	0	0	0	4944	1398	310	0	182	224	72	
66492	Vermis_3	0	62	0	0	0	0	0	0	0	0	0	0	0	0	0	0	0	0	0	0	0	0	0	0	0	0	0	0	0	0	0	0	0	0	0	0	172	342	220	292	0	0	0	0	0	0	290	532	0	0	0	0	0	0	202	624	0	0	0	0	0	0	0	0	0	0	0	0	0	0	0	0	0	0	0	0	124	222	0	0	0	0	0	0	0	0	0	0	0	0	634	2280	72	76	4320	3270	2680	1690	1916	2780	0	0	0	170	164	1158	0	0	4944	0	2236	670	158	404	398	144	
231808	Vermis_4_5	74	96	0	0	0	0	0	0	0	0	0	0	0	0	0	0	0	0	0	0	0	0	0	0	0	0	0	0	0	0	0	0	0	94	86	1702	126	626	0	324	0	0	192	620	0	154	8174	9432	0	0	0	0	138	174	5388	5268	0	148	0	0	0	0	0	0	0	0	0	1880	102	112	0	0	0	0	0	0	174	0	0	0	0	0	0	0	0	0	0	0	0	0	3438	9148	84	90	982	916	14072	15114	9504	13624	0	0	0	90	480	910	0	0	1398	2236	0	6400	304	134	384	1512	
223340	Vermis_6	0	0	0	0	0	0	0	0	0	0	0	0	0	0	0	0	0	0	0	0	0	0	0	0	0	0	0	0	0	0	0	0	0	0	0	0	0	0	0	0	0	0	100	294	0	0	5286	4674	0	0	0	0	84	0	2892	1242	0	0	0	0	0	0	0	0	0	0	0	0	0	0	0	0	0	0	0	0	0	0	0	0	0	0	0	0	0	0	0	0	0	0	9242	10380	3358	2868	422	780	3268	1976	14992	11246	996	62	1542	1086	2548	4452	68	288	310	670	6400	0	7666	4022	4808	3648	
