data	data	426512	205060	764788	756100	150628	89148	523244	245660	108984	32180	197840	128076	256704	202564	208180	102212	168160	91132	386344	498928	112052	123668	319116	294024	56784	94984	80604	86144	524864	219608	315396	384868	192240	426556	235976	255304	248528	286408	100068	184220	28092	48904	287224	367336	159028	308940	355084	463012	150272	290988	415840	251676	161540	75032	464460	354204	312712	206708	115796	95768	191496	97196	115448	142368	117036	126992	318680	490412	117616	120704	229324	352772	261880	361176	39556	14884	187248	231176	102448	34536	192708	162448	109656	63820	357072	258872	54432	33276	311320	201960	593900	559580	400784	377172	42644	76592	381224	354612	571440	463872	294548	182800	403428	383392	185384	224112	18348	12068	33460	79796	361880	217804	299776	235044	134884	30896	
data	data	Precentral_L	Precentral_R	Frontal_Sup_L	Frontal_Sup_R	Frontal_Sup_Orb_L	Frontal_Sup_Orb_R	Frontal_Mid_L	Frontal_Mid_R	Frontal_Mid_Orb_L	Frontal_Mid_Orb_R	Frontal_Inf_Oper_L	Frontal_Inf_Oper_R	Frontal_Inf_Tri_L	Frontal_Inf_Tri_R	Frontal_Inf_Orb_L	Frontal_Inf_Orb_R	Rolandic_Oper_L	Rolandic_Oper_R	Supp_Motor_Area_L	Supp_Motor_Area_R	Olfactory_L	Olfactory_R	Frontal_Sup_Medial_L	Frontal_Sup_Medial_R	Frontal_Med_Orb_L	Frontal_Med_Orb_R	Rectus_L	Rectus_R	Insula_L	Insula_R	Cingulum_Ant_L	Cingulum_Ant_R	Cingulum_Mid_L	Cingulum_Mid_R	Cingulum_Post_L	Cingulum_Post_R	Hippocampus_L	Hippocampus_R	ParaHippocampal_L	ParaHippocampal_R	Amygdala_L	Amygdala_R	Calcarine_L	Calcarine_R	Cuneus_L	Cuneus_R	Lingual_L	Lingual_R	Occipital_Sup_L	Occipital_Sup_R	Occipital_Mid_L	Occipital_Mid_R	Occipital_Inf_L	Occipital_Inf_R	Fusiform_L	Fusiform_R	Postcentral_L	Postcentral_R	Parietal_Sup_L	Parietal_Sup_R	Parietal_Inf_L	Parietal_Inf_R	SupraMarginal_L	SupraMarginal_R	Angular_L	Angular_R	Precuneus_L	Precuneus_R	Paracentral_Lobule_L	Paracentral_Lobule_R	Caudate_L	Caudate_R	Putamen_L	Putamen_R	Pallidum_L	Pallidum_R	Thalamus_L	Thalamus_R	Heschl_L	Heschl_R	Temporal_Sup_L	Temporal_Sup_R	Temporal_Pole_Sup_L	Temporal_Pole_Sup_R	Temporal_Mid_L	Temporal_Mid_R	Temporal_Pole_Mid_L	Temporal_Pole_Mid_R	Temporal_Inf_L	Temporal_Inf_R	Cerebelum_Crus1_L	Cerebelum_Crus1_R	Cerebelum_Crus2_L	Cerebelum_Crus2_R	Cerebelum_3_L	Cerebelum_3_R	Cerebelum_4_5_L	Cerebelum_4_5_R	Cerebelum_6_L	Cerebelum_6_R	Cerebelum_7b_L	Cerebelum_7b_R	Cerebelum_8_L	Cerebelum_8_R	Cerebelum_9_L	Cerebelum_9_R	Cerebelum_10_L	Cerebelum_10_R	Vermis_1_2	Vermis_3	Vermis_4_5	Vermis_6	Vermis_7	Vermis_8	Vermis_9	Vermis_10	
426512	Precentral_L	0	1530	8776	4732	0	0	16348	474	0	0	14226	420	2694	720	0	0	11104	0	1364	1068	0	0	0	0	0	0	0	0	12418	0	122	0	2472	508	9298	4916	6806	2450	142	372	0	0	1024	0	150	0	300	146	902	0	7294	0	1116	0	1406	126	29890	160	3656	110	5202	0	802	0	1432	0	2446	1076	9924	0	894	1012	2266	272	122	0	12776	5070	6104	0	3756	0	230	0	5352	0	0	0	5186	0	0	0	0	0	0	0	94	0	0	0	0	0	0	0	0	0	0	0	0	0	0	0	0	0	0	0	
205060	Precentral_R	1530	0	0	7602	0	0	0	6760	0	0	0	4216	0	388	0	0	0	1110	192	1434	0	0	0	0	0	0	0	0	0	1034	0	0	0	2258	828	1694	438	5448	0	428	0	0	0	1694	134	974	0	1194	0	1016	0	410	0	0	0	356	1040	24504	0	614	0	3662	0	6134	0	132	392	4478	100	5540	0	904	320	2376	694	118	710	5358	0	318	0	898	0	0	0	1128	0	0	0	1228	0	0	0	0	0	0	0	134	0	0	0	0	0	0	0	0	0	0	0	0	610	0	0	0	0	0	
764788	Frontal_Sup_L	8776	0	0	13852	8604	0	74448	718	6246	0	9194	338	19572	1496	12294	166	5642	0	45746	12108	216	114	41010	7642	1944	0	532	0	32622	132	15230	3856	4434	2314	612	316	2828	222	162	112	94	0	0	0	0	0	0	0	0	0	804	0	0	0	980	0	1774	0	234	0	206	0	0	0	98	0	154	114	266	0	6618	4698	15296	644	1340	120	5606	932	558	0	3514	0	2704	0	694	0	0	0	1448	0	0	0	0	0	0	0	0	0	0	0	0	0	0	0	0	0	0	0	0	0	0	0	0	0	0	0	
756100	Frontal_Sup_R	4732	7602	13852	0	0	4188	2822	29528	0	1454	266	6188	226	10136	160	3910	518	876	17878	56846	184	440	8936	31048	308	1070	0	822	1996	4340	6910	24482	3942	21182	2810	5112	2544	6138	76	538	0	0	0	98	0	102	0	210	0	0	0	0	0	0	0	544	724	490	0	0	0	0	0	0	0	0	200	1374	1024	116	2740	23328	2986	16730	2830	228	7174	30346	246	0	132	436	0	0	0	890	0	0	0	936	0	0	0	0	0	0	0	0	0	0	0	0	0	0	0	0	0	0	0	0	106	0	0	0	0	0	
150628	Frontal_Sup_Orb_L	0	0	8604	0	0	108	3302	0	13938	0	0	0	1882	0	10888	0	0	0	126	0	3098	858	2662	182	6600	424	8396	382	2454	0	5422	136	164	0	0	0	0	0	0	0	188	0	0	0	0	0	0	0	0	0	0	0	0	0	0	0	0	0	0	0	0	0	0	0	0	0	0	0	0	0	1176	376	3472	158	0	0	0	0	0	0	0	0	318	0	0	0	0	0	0	0	0	0	0	0	0	0	0	0	0	0	0	0	0	0	0	0	0	0	0	0	0	0	0	0	0	0	
89148	Frontal_Sup_Orb_R	0	0	0	4188	108	0	0	1470	0	4432	0	0	0	254	142	3936	0	0	0	128	564	2042	230	2988	332	7654	978	6904	0	728	652	1238	0	0	0	0	0	0	0	0	0	122	0	0	0	0	0	0	0	0	0	0	0	0	0	0	0	0	0	0	0	0	0	0	0	0	0	0	0	0	546	2504	0	2434	0	0	0	0	0	0	0	0	0	0	0	0	0	0	0	0	0	0	0	0	0	0	0	0	0	0	0	0	0	0	0	0	0	0	0	0	0	0	0	0	0	0	
523244	Frontal_Mid_L	16348	0	74448	2822	3302	0	0	568	3798	0	11766	854	35430	2350	10984	84	3262	0	13042	2170	0	0	19352	1546	0	0	0	0	21614	150	9296	2592	3974	986	694	176	402	0	0	0	0	0	182	0	0	0	0	0	0	0	1050	0	154	0	82	0	892	0	0	0	104	0	0	0	0	0	282	0	412	0	3574	1892	2970	122	0	0	3482	696	206	0	682	0	2014	0	502	0	0	0	314	0	0	0	0	0	0	0	0	0	0	0	0	0	0	0	0	0	0	0	0	0	0	0	0	0	0	0	
245660	Frontal_Mid_R	474	6760	718	29528	0	1470	568	0	0	2102	0	8642	0	20180	0	6712	0	198	626	4626	0	130	860	2064	0	0	0	170	228	4300	1406	6390	600	3412	0	236	0	2094	0	418	0	0	0	0	0	0	0	264	0	0	0	0	0	0	0	366	336	234	0	0	0	0	0	88	0	0	0	228	0	0	352	3556	78	7512	148	0	166	3130	0	0	0	218	0	0	0	700	0	0	0	448	0	0	0	0	0	0	0	0	0	0	0	0	0	0	0	0	0	0	0	0	94	0	0	0	0	0	
108984	Frontal_Mid_Orb_L	0	0	6246	0	13938	0	3798	0	0	0	0	90	2078	312	16290	0	0	0	248	94	970	300	0	0	1668	122	3428	76	1918	0	304	0	0	0	0	0	0	0	0	0	0	0	0	0	0	0	0	0	0	0	0	0	0	0	0	0	0	0	0	0	0	0	0	0	0	0	0	0	0	0	1012	342	1180	0	0	0	0	0	0	0	0	0	78	0	0	0	0	0	0	0	0	0	0	0	0	0	0	0	0	0	0	0	0	0	0	0	0	0	0	0	0	0	0	0	0	0	
32180	Frontal_Mid_Orb_R	0	0	0	1454	0	4432	0	2102	0	0	0	0	0	734	0	5996	0	0	0	0	0	0	0	0	0	758	0	196	0	330	0	88	0	0	0	0	0	0	0	0	0	0	0	0	0	0	0	0	0	0	0	0	0	0	0	0	0	0	0	0	0	0	0	0	0	0	0	0	0	0	0	0	0	0	0	0	0	0	0	0	0	0	0	0	0	0	0	0	0	0	0	0	0	0	0	0	0	0	0	0	0	0	0	0	0	0	0	0	0	0	0	0	0	0	0	0	
197840	Frontal_Inf_Oper_L	14226	0	9194	266	0	0	11766	0	0	0	0	558	11484	1220	212	0	11088	0	4348	238	0	0	0	0	0	0	0	0	17762	0	424	0	0	0	0	0	346	0	0	0	0	0	0	0	0	0	0	0	0	0	0	0	0	0	0	0	3922	0	0	0	130	0	0	0	0	0	0	0	0	0	714	528	1588	0	0	0	396	0	830	0	2664	0	4730	0	128	0	0	0	158	0	0	0	0	0	0	0	0	0	0	0	0	0	0	0	0	0	0	0	0	0	0	0	0	0	0	0	
128076	Frontal_Inf_Oper_R	420	4216	338	6188	0	0	854	8642	90	0	558	0	328	14680	194	90	0	5246	450	3034	0	0	0	92	0	0	0	0	590	7268	196	402	0	174	0	0	0	680	0	150	0	0	0	0	0	0	0	0	0	0	0	0	0	0	0	194	96	1106	0	0	0	0	0	0	0	0	0	0	0	0	352	320	0	5322	0	0	0	308	0	218	0	144	0	998	0	100	0	0	0	0	0	0	0	0	0	0	0	0	0	0	0	0	0	0	0	0	0	0	0	0	0	0	0	0	0	0	
256704	Frontal_Inf_Tri_L	2694	0	19572	226	1882	0	35430	0	2078	0	11484	328	0	896	13976	0	170	0	3984	248	0	0	1366	0	0	0	0	0	24846	0	1072	198	882	0	86	0	0	0	0	0	0	0	0	0	0	0	0	0	0	0	0	0	0	0	0	0	0	0	0	0	0	0	0	0	0	0	0	0	0	0	2398	478	2834	0	0	0	330	0	0	0	94	0	800	0	0	0	0	0	0	0	0	0	0	0	0	0	0	0	0	0	0	0	0	0	0	0	0	0	0	0	0	0	0	0	0	0	
202564	Frontal_Inf_Tri_R	720	388	1496	10136	0	254	2350	20180	312	734	1220	14680	896	0	712	6206	0	458	844	5454	0	0	332	510	0	0	0	0	2266	8400	2232	6366	0	422	0	0	138	434	0	132	0	0	0	0	0	0	0	0	0	0	0	0	0	0	0	162	88	192	0	0	0	0	0	0	0	0	0	0	0	0	1726	4120	116	5518	0	0	188	254	0	0	0	148	0	104	0	192	0	0	0	202	0	0	0	0	0	0	0	0	0	0	0	0	0	0	0	0	0	0	0	0	0	0	0	0	0	0	
208180	Frontal_Inf_Orb_L	0	0	12294	160	10888	142	10984	0	16290	0	212	194	13976	712	0	0	0	0	1988	226	3482	986	650	206	486	252	2824	222	13892	0	578	0	550	112	0	0	176	0	114	0	194	0	0	0	0	0	0	0	0	0	0	0	0	0	0	0	0	0	0	0	0	0	0	0	0	0	0	0	0	0	2650	1058	6370	182	0	0	0	0	0	0	0	0	1040	0	0	0	0	0	0	0	0	0	0	0	0	0	0	0	0	0	0	0	0	0	0	0	0	0	0	0	0	0	0	0	0	0	
102212	Frontal_Inf_Orb_R	0	0	166	3910	0	3936	84	6712	0	5996	0	90	0	6206	0	0	0	0	138	1428	0	1562	0	184	0	160	0	1358	0	7642	0	352	0	0	0	0	0	382	0	474	0	506	0	0	0	0	0	0	0	0	0	0	0	0	0	370	0	0	0	0	0	0	0	0	0	0	0	0	0	0	184	2918	96	4228	0	0	0	550	0	0	0	164	0	760	0	176	0	118	0	256	0	0	0	0	0	0	0	0	0	0	0	0	0	0	0	0	0	0	0	0	0	0	0	0	0	0	
168160	Rolandic_Oper_L	11104	0	5642	518	0	0	3262	0	0	0	11088	0	170	0	0	0	0	0	804	274	0	0	0	0	0	0	0	0	14194	0	0	0	0	0	82	0	1754	0	0	0	0	0	0	0	0	0	0	0	0	0	310	0	100	0	406	0	11606	0	0	0	626	0	3064	0	0	0	0	0	148	0	0	170	836	0	124	0	492	0	3624	0	8612	0	2496	0	1606	0	0	0	968	0	0	0	0	0	0	0	0	0	0	0	0	0	0	0	0	0	0	0	0	0	0	0	0	0	0	0	
91132	Rolandic_Oper_R	0	1110	0	876	0	0	0	198	0	0	0	5246	0	458	0	0	0	0	0	404	0	0	0	0	0	0	0	0	0	11706	0	0	0	214	0	88	0	1518	0	94	0	0	0	158	0	90	0	0	0	0	0	82	0	0	0	116	0	2710	0	0	0	0	0	3144	0	0	0	580	0	180	0	0	0	5286	0	0	0	94	0	3844	0	4540	0	1688	0	672	0	0	0	470	0	0	0	0	0	0	0	0	0	0	0	0	0	0	0	0	0	0	0	0	0	0	0	0	0	0	
386344	Supp_Motor_Area_L	1364	192	45746	17878	126	0	13042	626	248	0	4348	450	3984	844	1988	138	804	0	0	29132	0	0	3228	1856	0	0	0	0	9170	0	2420	3704	12886	12982	4070	2718	870	146	96	0	0	0	0	0	0	0	0	0	0	0	0	0	0	0	118	0	1586	0	0	0	0	0	0	0	0	0	494	580	3538	116	1672	3184	2914	496	488	0	1654	96	0	0	240	0	784	0	0	0	0	0	156	0	0	0	0	0	0	0	0	0	0	0	0	0	0	0	0	0	0	0	0	0	0	0	0	0	0	0	
498928	Supp_Motor_Area_R	1068	1434	12108	56846	0	128	2170	4626	94	0	238	3034	248	5454	226	1428	274	404	29132	0	0	0	1606	7654	0	0	0	0	940	1776	3840	10246	5940	36174	2694	14950	112	528	0	110	0	0	0	218	0	142	0	1104	0	0	0	0	0	80	0	236	582	334	0	0	0	0	0	124	0	0	280	6204	1048	8450	2788	8008	550	7450	472	242	3148	724	80	0	84	204	0	0	0	472	0	0	0	804	0	0	0	0	0	0	0	0	0	0	0	0	0	0	0	0	0	0	0	0	154	0	0	0	0	0	
112052	Olfactory_L	0	0	216	184	3098	564	0	0	970	0	0	0	0	0	3482	0	0	0	0	0	0	7716	0	798	640	1040	3980	1820	2418	0	4478	2208	0	0	0	0	0	0	288	0	628	0	0	0	0	0	0	0	0	0	0	0	0	0	0	0	0	0	0	0	0	0	0	0	0	0	0	0	0	0	8960	5402	4326	2194	90	0	0	0	0	0	0	0	526	0	0	0	0	0	0	0	0	0	0	0	0	0	0	0	0	0	0	0	0	0	0	0	0	0	0	0	0	0	0	0	0	0	
123668	Olfactory_R	0	0	114	440	858	2042	0	130	300	0	0	0	0	0	986	1562	0	0	0	0	7716	0	0	1400	276	3424	2090	5296	280	2572	3382	4182	0	0	0	0	0	0	0	0	332	620	0	0	0	0	0	0	0	0	0	0	0	0	0	0	0	0	0	0	0	0	0	0	0	0	0	0	0	0	7904	8560	3750	3210	134	0	0	0	0	0	0	0	0	274	0	0	0	0	0	0	0	0	0	0	0	0	0	0	0	0	0	0	0	0	0	0	0	0	0	0	0	0	0	0	0	0	
319116	Frontal_Sup_Medial_L	0	0	41010	8936	2662	230	19352	860	0	0	0	0	1366	332	650	0	0	0	3228	1606	0	0	0	22036	3324	374	118	0	632	224	18988	13216	5058	12520	0	0	0	0	0	0	0	0	0	0	0	0	0	0	0	0	0	0	0	0	0	0	0	0	0	0	0	0	0	0	0	0	0	0	0	0	118	1186	590	942	0	0	0	0	0	0	0	0	0	0	0	0	0	0	0	0	0	0	0	0	0	0	0	0	0	0	0	0	0	0	0	0	0	0	0	0	0	0	0	0	0	0	
294024	Frontal_Sup_Medial_R	0	0	7642	31048	182	2988	1546	2064	0	0	0	92	0	510	206	184	0	0	1856	7654	798	1400	22036	0	1094	5362	392	2230	0	198	7818	22426	606	13284	0	0	0	0	0	0	0	0	0	0	0	0	0	0	0	0	0	0	0	0	0	0	0	0	0	0	0	0	0	0	0	0	0	0	0	0	836	6450	116	5994	0	0	0	0	0	0	0	0	0	0	0	0	0	0	0	0	0	0	0	0	0	0	0	0	0	0	0	0	0	0	0	0	0	0	0	0	0	0	0	0	0	0	
56784	Frontal_Med_Orb_L	0	0	1944	308	6600	332	0	0	1668	0	0	0	0	0	486	0	0	0	0	0	640	276	3324	1094	0	2508	2740	186	0	0	4664	650	0	0	0	0	0	0	0	0	0	0	0	0	0	0	0	0	0	0	0	0	0	0	0	0	0	0	0	0	0	0	0	0	0	0	0	0	0	0	348	200	258	166	0	0	0	0	0	0	0	0	0	0	0	0	0	0	0	0	0	0	0	0	0	0	0	0	0	0	0	0	0	0	0	0	0	0	0	0	0	0	0	0	0	0	
94984	Frontal_Med_Orb_R	0	0	0	1070	424	7654	0	0	122	758	0	0	0	0	252	160	0	0	0	0	1040	3424	374	5362	2508	0	1578	8680	0	0	2468	5224	0	0	0	0	0	0	0	0	0	0	0	0	0	0	0	0	0	0	0	0	0	0	0	0	0	0	0	0	0	0	0	0	0	0	0	0	0	0	780	3296	148	2170	0	0	0	0	0	0	0	0	0	0	0	0	0	0	0	0	0	0	0	0	0	0	0	0	0	0	0	0	0	0	0	0	0	0	0	0	0	0	0	0	0	0	
80604	Rectus_L	0	0	532	0	8396	978	0	0	3428	0	0	0	0	0	2824	0	0	0	0	0	3980	2090	118	392	2740	1578	0	1800	240	0	5288	466	0	0	0	0	0	0	0	0	0	0	0	0	0	0	0	0	0	0	0	0	0	0	0	0	0	0	0	0	0	0	0	0	0	0	0	0	0	0	2812	868	1336	436	0	0	0	0	0	0	0	0	0	0	0	0	0	0	0	0	0	0	0	0	0	0	0	0	0	0	0	0	0	0	0	0	0	0	0	0	0	0	0	0	0	0	
86144	Rectus_R	0	0	0	822	382	6904	0	170	76	196	0	0	0	0	222	1358	0	0	0	0	1820	5296	0	2230	186	8680	1800	0	0	1328	754	3140	0	0	0	0	0	0	0	0	0	454	0	0	0	0	0	0	0	0	0	0	0	0	0	0	0	0	0	0	0	0	0	0	0	0	0	0	0	0	1778	3116	290	1860	0	0	0	0	0	0	0	0	0	210	0	0	0	0	0	0	0	0	0	0	0	0	0	0	0	0	0	0	0	0	0	0	0	0	0	0	0	0	0	0	0	0	
524864	Insula_L	12418	0	32622	1996	2454	0	21614	228	1918	0	17762	590	24846	2266	13892	0	14194	0	9170	940	2418	280	632	0	0	0	240	0	0	0	1514	408	410	244	1258	492	13412	354	660	220	1316	0	266	0	0	0	142	106	0	0	236	0	286	0	3438	120	9418	0	0	0	316	0	1328	0	0	0	146	244	210	0	6744	2234	15074	296	186	0	6290	486	9914	0	9128	0	7638	0	2434	0	0	0	4984	0	0	0	0	0	0	0	0	0	0	0	0	0	0	0	0	0	0	0	0	0	0	0	0	0	0	0	
219608	Insula_R	0	1034	132	4340	0	728	150	4300	0	330	0	7268	0	8400	0	7642	0	11706	0	1776	0	2572	224	198	0	0	0	1328	0	0	758	2320	0	392	0	158	0	6468	0	1980	0	1742	0	136	0	0	0	154	0	0	0	0	0	86	0	2704	0	1630	0	0	0	0	0	514	0	0	0	242	0	220	0	932	0	20196	0	0	0	848	0	4208	0	7116	0	1606	0	1824	0	0	0	1342	0	0	0	0	0	0	0	0	0	0	0	0	0	0	0	0	0	0	0	0	100	0	0	0	0	0	
315396	Cingulum_Ant_L	122	0	15230	6910	5422	652	9296	1406	304	0	424	196	1072	2232	578	0	0	0	2420	3840	4478	3382	18988	7818	4664	2468	5288	754	1514	758	0	22936	5444	6762	0	0	110	0	0	0	376	0	0	0	0	0	0	0	0	0	0	0	0	0	0	0	0	0	0	0	0	0	0	0	0	0	0	0	0	0	7980	3776	7222	2876	0	0	0	0	0	0	0	0	0	0	0	0	0	0	0	0	0	0	0	0	0	0	0	0	0	0	0	0	0	0	0	0	0	0	0	0	0	0	0	0	0	0	
384868	Cingulum_Ant_R	0	0	3856	24482	136	1238	2592	6390	0	88	0	402	198	6366	0	352	0	0	3704	10246	2208	4182	13216	22426	650	5224	466	3140	408	2320	22936	0	3426	22312	0	0	0	0	0	0	292	0	0	0	0	0	0	0	0	0	0	0	0	0	0	0	0	0	0	0	0	0	0	0	0	0	0	0	0	0	2718	13604	2098	10758	0	0	0	0	0	0	0	0	0	0	0	0	0	0	0	0	0	0	0	0	0	0	0	0	0	0	0	0	0	0	0	0	0	0	0	0	0	0	0	0	0	0	
192240	Cingulum_Mid_L	2472	0	4434	3942	164	0	3974	600	0	0	0	0	882	0	550	0	0	0	12886	5940	0	0	5058	606	0	0	0	0	410	0	5444	3426	0	13712	8184	2152	0	0	0	0	0	0	1496	0	1650	80	324	0	316	0	1582	0	0	0	0	0	250	0	418	0	0	0	0	0	0	0	6324	1640	5784	122	238	122	224	0	0	0	112	0	0	0	0	0	0	0	602	0	0	0	0	0	0	0	0	0	0	0	0	0	0	0	0	0	0	0	0	0	0	0	0	0	0	0	0	0	0	0	
426556	Cingulum_Mid_R	508	2258	2314	21182	0	0	986	3412	0	0	0	174	0	422	112	0	0	214	12982	36174	0	0	12520	13284	0	0	0	0	244	392	6762	22312	13712	0	4074	17258	0	238	0	0	0	0	0	1448	92	680	0	3200	0	350	0	132	0	78	0	152	120	3026	0	0	0	0	0	296	0	0	1212	12812	680	10772	334	1316	0	1008	138	0	486	178	0	0	0	280	0	0	0	836	0	0	0	964	0	0	0	0	0	0	0	0	0	0	0	0	0	0	0	0	0	0	0	0	1154	0	0	0	0	0	
235976	Cingulum_Post_L	9298	828	612	2810	0	0	694	0	0	0	0	0	86	0	0	0	82	0	4070	2694	0	0	0	0	0	0	0	0	1258	0	0	0	8184	4074	0	10040	7002	2924	1420	660	0	0	9334	130	3466	616	4418	372	844	0	1348	0	602	0	1126	224	1352	0	0	0	0	0	0	0	0	0	16536	3614	7966	124	0	126	284	112	0	0	2622	2690	308	0	532	0	0	0	808	0	0	0	1070	0	0	0	0	0	0	0	302	0	0	0	0	0	0	0	0	0	0	0	0	0	326	0	0	0	0	0	
255304	Cingulum_Post_R	4916	1694	316	5112	0	0	176	236	0	0	0	0	0	0	0	0	0	88	2718	14950	0	0	0	0	0	0	0	0	492	158	0	0	2152	17258	10040	0	3254	6416	80	2282	0	0	0	780	0	998	0	7622	0	358	0	0	0	122	76	636	182	378	0	0	0	0	0	150	0	0	826	19272	1050	5316	0	146	352	622	0	0	5404	7140	0	0	0	78	0	0	0	78	0	0	0	494	0	0	0	0	0	0	0	654	0	0	0	0	0	0	0	0	0	0	0	0	2580	0	0	0	0	0	
248528	Hippocampus_L	6806	438	2828	2544	0	0	402	0	0	0	346	0	0	138	176	0	1754	0	870	112	0	0	0	0	0	0	0	0	13412	0	110	0	0	0	7002	3254	0	2740	13182	558	4260	0	2560	0	0	0	6840	288	0	0	0	0	354	0	12462	204	2598	0	0	0	118	0	622	0	0	0	2712	568	0	0	308	248	6714	188	508	0	5730	2658	5048	0	3988	0	724	0	1594	0	76	0	5254	0	136	0	0	0	0	0	500	0	164	0	0	0	0	0	0	0	0	0	0	0	168	0	0	0	0	0	
286408	Hippocampus_R	2450	5448	222	6138	0	0	0	2094	0	0	0	680	0	434	0	382	0	1518	146	528	0	0	0	0	0	0	0	0	354	6468	0	0	0	238	2924	6416	2740	0	0	22754	0	6970	0	478	0	0	0	8014	0	0	0	0	0	492	0	18656	272	1630	0	0	0	92	0	202	0	0	0	5030	0	202	0	880	304	14278	94	998	2772	8914	0	808	0	1850	0	180	0	608	0	0	0	2548	0	0	0	0	0	142	0	3748	0	0	0	0	0	0	0	0	0	0	0	0	1108	0	0	0	0	0	
100068	ParaHippocampal_L	142	0	162	76	0	0	0	0	0	0	0	0	0	0	114	0	0	0	96	0	288	0	0	0	0	0	0	0	660	0	0	0	0	0	1420	80	13182	0	0	0	1942	0	1128	0	0	0	7888	0	0	0	0	0	196	0	11300	0	0	0	0	0	0	0	0	0	0	0	1718	0	0	0	0	0	1588	0	0	0	658	0	102	0	212	0	1572	0	140	0	1404	0	1170	0	662	0	84	0	0	0	1204	0	846	0	0	0	0	0	0	0	0	0	0	0	0	0	0	0	0	0	
184220	ParaHippocampal_R	372	428	112	538	0	0	0	418	0	0	0	150	0	132	0	474	0	94	0	110	0	0	0	0	0	0	0	0	220	1980	0	0	0	0	660	2282	558	22754	0	0	0	5988	0	544	0	0	0	9664	0	0	0	0	0	438	0	18406	0	104	0	0	0	0	0	0	0	0	0	3680	0	0	0	112	0	4560	0	784	506	2328	0	122	0	754	0	4748	0	150	0	1136	0	954	0	0	0	0	0	286	0	5122	0	0	0	0	0	0	0	0	0	0	0	0	442	0	0	0	0	0	
28092	Amygdala_L	0	0	94	0	188	0	0	0	0	0	0	0	0	0	194	0	0	0	0	0	628	332	0	0	0	0	0	0	1316	0	376	292	0	0	0	0	4260	0	1942	0	0	0	0	0	0	0	0	0	0	0	0	0	0	0	1360	0	0	0	0	0	0	0	0	0	0	0	0	0	0	0	412	336	1022	252	0	0	0	0	0	0	98	0	444	0	0	0	252	0	248	0	0	0	0	0	0	0	0	0	0	0	0	0	0	0	0	0	0	0	0	0	0	0	0	0	0	0	
48904	Amygdala_R	0	0	0	0	0	122	0	0	0	0	0	0	0	0	0	506	0	0	0	0	0	620	0	0	0	0	0	454	0	1742	0	0	0	0	0	0	0	6970	0	5988	0	0	0	0	0	0	0	0	0	0	0	0	0	0	0	3842	0	0	0	0	0	0	0	0	0	0	0	0	0	0	0	0	0	1378	0	0	0	0	0	0	0	302	0	2132	0	118	0	0	0	192	0	0	0	0	0	0	0	86	0	0	0	0	0	0	0	0	0	0	0	0	0	0	0	0	0	0	
287224	Calcarine_L	1024	0	0	0	0	0	182	0	0	0	0	0	0	0	0	0	0	0	0	0	0	0	0	0	0	0	0	0	266	0	0	0	1496	0	9334	0	2560	0	1128	0	0	0	0	10448	11892	8056	18504	2960	9978	3430	19402	904	7956	224	3042	194	778	0	154	150	0	0	0	0	0	0	18106	2290	1790	0	0	0	0	0	0	0	0	0	166	0	154	0	0	0	3160	128	0	0	3156	0	0	0	0	0	0	0	326	0	0	0	0	0	0	0	0	0	0	0	0	0	274	0	0	0	0	0	
367336	Calcarine_R	0	1694	0	98	0	0	0	0	0	0	0	0	0	0	0	0	0	158	0	218	0	0	0	0	0	0	0	0	0	136	0	0	0	1448	130	780	0	478	0	544	0	0	10448	0	4772	28200	3360	18828	202	23280	236	18300	0	4514	268	4322	0	2364	0	1184	0	98	0	742	0	1522	5688	25144	0	1892	0	0	0	0	0	0	0	0	0	0	0	1926	0	0	0	13142	0	0	0	6716	0	0	0	0	0	0	0	138	0	90	0	0	0	0	0	0	0	0	0	0	608	0	0	0	0	0	
159028	Cuneus_L	150	134	0	0	0	0	0	0	0	0	0	0	0	0	0	0	0	0	0	0	0	0	0	0	0	0	0	0	0	0	0	0	1650	92	3466	0	0	0	0	0	0	0	11892	4772	0	9998	524	168	16890	2920	4462	614	268	0	90	0	88	228	1656	160	0	0	0	0	0	0	14684	3506	250	132	0	0	0	0	0	0	0	0	0	0	0	0	0	0	96	428	0	0	0	196	0	0	0	0	0	0	0	0	0	0	0	0	0	0	0	0	0	0	0	0	0	0	0	0	0	0	
308940	Cuneus_R	0	974	0	102	0	0	0	0	0	0	0	0	0	0	0	0	0	90	0	142	0	0	0	0	0	0	0	0	0	0	0	0	80	680	616	998	0	0	0	0	0	0	8056	28200	9998	0	1448	4180	1010	31980	444	8360	0	776	266	924	0	2018	80	3120	0	86	0	1288	0	912	9860	29710	0	950	0	0	0	0	0	0	0	0	0	0	0	1176	0	0	0	4092	0	0	0	1690	0	0	0	0	0	0	0	0	0	0	0	0	0	0	0	0	0	0	0	0	164	0	0	0	0	0	
355084	Lingual_L	300	0	0	0	0	0	0	0	0	0	0	0	0	0	0	0	0	0	0	0	0	0	0	0	0	0	0	0	142	0	0	0	324	0	4418	0	6840	0	7888	0	0	0	18504	3360	524	1448	0	7604	2198	1028	12002	684	9344	568	23796	1644	250	0	0	0	0	0	0	0	0	0	7278	286	230	0	0	0	282	0	0	0	364	0	122	0	174	0	0	0	472	0	0	0	650	0	9782	3924	500	820	0	86	10260	4990	15704	4484	0	82	0	372	196	186	0	0	0	94	6382	4790	1978	0	0	188	
463012	Lingual_R	146	1194	0	210	0	0	0	264	0	0	0	0	0	0	0	0	0	0	0	1104	0	0	0	0	0	0	0	0	106	154	0	0	0	3200	372	7622	288	8014	0	9664	0	0	2960	18828	168	4180	7604	0	0	4690	0	7314	0	7948	3712	21274	0	1000	0	0	0	0	0	78	0	92	1850	20228	0	2294	0	0	0	1132	0	130	278	1404	0	0	0	250	0	0	0	1212	0	0	0	3540	5492	5188	404	280	198	878	8972	17850	11454	8118	0	0	366	0	336	100	0	0	0	0	18514	6832	1016	134	242	628	
150272	Occipital_Sup_L	902	0	0	0	0	0	0	0	0	0	0	0	0	0	0	0	0	0	0	0	0	0	0	0	0	0	0	0	0	0	0	0	316	0	844	0	0	0	0	0	0	0	9978	202	16890	1010	2198	0	0	76	21906	0	890	0	192	0	0	0	5804	0	2768	0	0	0	788	0	9802	358	0	0	0	0	0	0	0	0	0	0	0	0	0	0	0	0	102	0	0	0	110	0	0	0	0	0	0	0	0	0	0	0	0	0	0	0	0	0	0	0	0	0	0	0	0	0	0	0	
290988	Occipital_Sup_R	0	1016	0	0	0	0	0	0	0	0	0	0	0	0	0	0	0	0	0	0	0	0	0	0	0	0	0	0	0	0	0	0	0	350	0	358	0	0	0	0	0	0	3430	23280	2920	31980	1028	4690	76	0	202	22860	0	686	262	1162	0	2652	0	8526	0	440	0	1780	0	7038	3464	17182	0	1346	0	0	0	0	0	0	0	0	0	0	0	1952	0	0	0	4804	0	0	0	2010	0	0	0	0	0	0	0	0	0	0	0	0	0	0	0	0	0	0	0	0	0	0	0	0	0	0	
415840	Occipital_Mid_L	7294	0	804	0	0	0	1050	0	0	0	0	0	0	0	0	0	310	0	0	0	0	0	0	0	0	0	0	0	236	0	0	0	1582	0	1348	0	0	0	0	0	0	0	19402	236	4462	444	12002	0	21906	202	0	0	25120	0	6942	0	3762	0	7412	300	12830	0	4812	0	21316	0	9730	974	3932	80	0	0	0	0	0	0	0	0	350	0	718	0	0	0	26110	0	0	0	12254	0	0	0	0	0	0	0	0	0	0	0	0	0	0	0	0	0	0	0	0	0	0	0	0	0	0	0	
251676	Occipital_Mid_R	0	410	0	0	0	0	0	0	0	0	0	0	0	0	0	0	0	82	0	0	0	0	0	0	0	0	0	0	0	0	0	0	0	132	0	0	0	0	0	0	0	0	904	18300	614	8360	684	7314	0	22860	0	0	0	4482	122	2540	0	936	0	3390	0	5746	0	2708	0	19330	700	4192	0	264	0	0	0	0	0	0	0	0	0	0	0	2894	0	0	0	15616	0	0	0	3180	0	0	0	0	0	0	0	0	0	78	0	0	0	0	0	0	0	0	0	0	0	0	0	0	0	0	
161540	Occipital_Inf_L	1116	0	0	0	0	0	154	0	0	0	0	0	0	0	0	0	100	0	0	0	0	0	0	0	0	0	0	0	286	0	0	0	0	0	602	0	354	0	196	0	0	0	7956	0	268	0	9344	0	890	0	25120	0	0	0	10674	0	904	0	0	0	110	0	334	0	506	0	1232	0	862	0	0	0	0	0	0	0	0	0	744	0	372	0	0	0	6190	0	0	0	12280	0	92	0	0	0	0	0	0	0	84	0	0	0	0	0	0	0	0	0	0	0	0	0	0	0	0	0	
75032	Occipital_Inf_R	0	0	0	0	0	0	0	0	0	0	0	0	0	0	0	0	0	0	0	80	0	0	0	0	0	0	0	0	0	86	0	0	0	78	0	122	0	492	0	438	0	0	224	4514	0	776	568	7948	0	686	0	4482	0	0	0	9604	0	0	0	0	0	0	0	0	0	0	308	942	0	86	0	0	0	0	0	0	0	0	0	0	0	142	0	0	0	732	0	0	0	4026	0	0	0	0	0	0	102	194	162	344	0	0	0	0	0	0	0	0	0	0	142	238	0	0	0	0	
464460	Fusiform_L	1406	0	980	0	0	0	82	0	0	0	0	0	0	0	0	0	406	0	118	0	0	0	0	0	0	0	0	0	3438	0	0	0	0	0	1126	76	12462	0	11300	0	1360	0	3042	268	90	266	23796	3712	192	262	6942	122	10674	0	0	816	802	0	0	0	0	0	286	0	332	0	1060	0	460	0	0	0	1208	0	0	0	492	0	1786	0	3314	0	5270	0	9154	0	5616	0	23636	0	25556	2360	1136	512	424	276	16162	5500	28862	2910	740	126	234	484	82	306	0	0	234	658	7028	1638	502	0	148	0	
354204	Fusiform_R	126	356	0	544	0	0	0	366	0	0	0	194	0	162	0	370	0	116	0	236	0	0	0	0	0	0	0	0	120	2704	0	0	0	152	224	636	204	18656	0	18406	0	3842	194	4322	0	924	1644	21274	0	1162	0	2540	0	9604	816	0	0	262	0	0	0	0	0	0	0	0	484	1996	0	160	0	84	0	4142	0	476	248	1420	0	156	0	1960	0	6650	0	1568	0	2472	0	12876	1602	13418	336	684	0	296	1980	8876	2950	14874	0	0	100	188	0	104	0	0	0	0	3472	2446	928	0	0	0	
312712	Postcentral_L	29890	1040	1774	724	0	0	892	336	0	0	3922	96	0	88	0	0	11606	0	1586	582	0	0	0	0	0	0	0	0	9418	0	0	0	250	120	1352	182	2598	272	0	0	0	0	778	0	88	0	250	0	0	0	3762	0	904	0	802	0	0	164	7380	0	25232	0	12626	0	1442	0	2332	88	8598	0	174	1122	832	344	0	80	836	122	3552	0	6526	0	0	0	8456	0	0	0	3138	0	0	0	0	0	0	0	0	0	0	0	0	0	0	0	0	0	0	0	0	0	0	0	0	0	0	0	
206708	Postcentral_R	160	24504	0	490	0	0	0	234	0	0	0	1106	0	192	0	0	0	2710	0	334	0	0	0	0	0	0	0	0	0	1630	0	0	0	3026	0	378	0	1630	0	104	0	0	0	2364	228	2018	0	1000	0	2652	0	936	0	0	0	262	164	0	0	5360	0	9884	0	18228	0	1238	332	8162	0	7394	0	90	0	1246	0	0	0	522	0	312	0	1526	0	0	0	1140	0	0	0	1306	0	0	0	0	0	0	0	0	0	0	0	0	0	0	0	0	0	0	0	0	492	0	0	0	0	0	
115796	Parietal_Sup_L	3656	0	234	0	0	0	0	0	0	0	0	0	0	0	0	0	0	0	0	0	0	0	0	0	0	0	0	0	0	0	0	0	418	0	0	0	0	0	0	0	0	0	154	0	1656	80	0	0	5804	0	7412	0	0	0	0	0	7380	0	0	364	10444	0	128	0	972	0	11862	2496	772	238	0	0	0	0	0	0	0	0	0	0	826	0	0	0	2158	0	0	0	844	0	0	0	0	0	0	0	0	0	0	0	0	0	0	0	0	0	0	0	0	0	0	0	0	0	0	0	
95768	Parietal_Sup_R	110	614	0	0	0	0	0	0	0	0	0	0	0	0	0	0	0	0	0	0	0	0	0	0	0	0	0	0	0	0	0	0	0	0	0	0	0	0	0	0	0	0	150	1184	160	3120	0	0	0	8526	300	3390	0	0	0	0	0	5360	364	0	0	4704	0	880	0	6854	818	9416	0	1638	0	0	0	0	0	0	0	0	0	0	0	198	0	0	0	98	0	0	0	0	0	0	0	0	0	0	0	0	0	0	0	0	0	0	0	0	0	0	0	0	0	0	0	0	0	0	
191496	Parietal_Inf_L	5202	0	206	0	0	0	104	0	0	0	130	0	0	0	0	0	626	0	0	0	0	0	0	0	0	0	0	0	316	0	0	0	0	0	0	0	118	0	0	0	0	0	0	0	0	0	0	0	2768	0	12830	0	110	0	0	0	25232	0	10444	0	0	0	12688	0	11550	0	1316	0	1094	0	0	0	0	0	0	0	0	0	100	0	1714	0	0	0	6632	0	0	0	2568	0	0	0	0	0	0	0	0	0	0	0	0	0	0	0	0	0	0	0	0	0	0	0	0	0	0	0	
97196	Parietal_Inf_R	0	3662	0	0	0	0	0	0	0	0	0	0	0	0	0	0	0	0	0	0	0	0	0	0	0	0	0	0	0	0	0	0	0	0	0	0	0	92	0	0	0	0	0	98	0	86	0	0	0	440	0	5746	0	0	0	0	0	9884	0	4704	0	0	0	11886	0	10672	0	0	0	0	0	0	0	146	0	0	0	0	0	0	0	594	0	0	0	456	0	0	0	132	0	0	0	0	0	0	0	0	0	0	0	0	0	0	0	0	0	0	0	0	0	0	0	0	0	0	
115448	SupraMarginal_L	802	0	0	0	0	0	0	0	0	0	0	0	0	0	0	0	3064	0	0	0	0	0	0	0	0	0	0	0	1328	0	0	0	0	0	0	0	622	0	0	0	0	0	0	0	0	0	0	0	0	0	4812	0	334	0	286	0	12626	0	128	0	12688	0	0	0	5904	0	0	0	694	0	0	0	0	0	0	0	0	0	682	0	6050	0	0	0	7094	0	0	0	610	0	0	0	0	0	0	0	0	0	0	0	0	0	0	0	0	0	0	0	0	0	0	0	0	0	0	0	
142368	SupraMarginal_R	0	6134	0	0	0	0	0	88	0	0	0	0	0	0	0	0	0	3144	0	124	0	0	0	0	0	0	0	0	0	514	0	0	0	296	0	150	0	202	0	0	0	0	0	742	0	1288	0	78	0	1780	0	2708	0	0	0	0	0	18228	0	880	0	11886	0	0	0	4248	120	3132	0	380	0	0	0	170	0	0	0	0	0	92	0	8354	0	0	0	5260	0	0	0	1186	0	0	0	0	0	0	0	0	0	0	0	0	0	0	0	0	0	0	0	0	0	0	0	0	0	0	
117036	Angular_L	1432	0	98	0	0	0	0	0	0	0	0	0	0	0	0	0	0	0	0	0	0	0	0	0	0	0	0	0	0	0	0	0	0	0	0	0	0	0	0	0	0	0	0	0	0	0	0	0	788	0	21316	0	506	0	332	0	1442	0	972	0	11550	0	5904	0	0	0	300	156	788	0	0	0	0	0	0	0	0	0	0	0	494	0	0	0	10584	0	0	0	1856	0	0	0	0	0	0	0	0	0	0	0	0	0	0	0	0	0	0	0	0	0	0	0	0	0	0	0	
126992	Angular_R	0	132	0	0	0	0	0	0	0	0	0	0	0	0	0	0	0	0	0	0	0	0	0	0	0	0	0	0	0	0	0	0	0	0	0	0	0	0	0	0	0	0	0	1522	0	912	0	92	0	7038	0	19330	0	0	0	0	0	1238	0	6854	0	10672	0	4248	0	0	0	540	0	0	0	0	0	0	0	0	0	0	0	0	0	4742	0	0	0	5934	0	0	0	242	0	0	0	0	0	0	0	0	0	0	0	0	0	0	0	0	0	0	0	0	0	0	0	0	0	0	
318680	Precuneus_L	2446	392	154	200	0	0	282	0	0	0	0	0	0	0	0	0	0	0	494	280	0	0	0	0	0	0	0	0	146	0	0	0	6324	1212	16536	826	2712	0	1718	0	0	0	18106	5688	14684	9860	7278	1850	9802	3464	9730	700	1232	308	1060	484	2332	332	11862	818	1316	0	0	120	300	0	0	16260	2808	516	0	0	0	0	0	0	0	0	94	0	150	136	0	0	1818	614	0	0	1002	396	0	0	0	0	0	0	256	0	0	0	0	0	0	0	0	0	0	0	0	0	242	0	0	0	0	0	
490412	Precuneus_R	1076	4478	114	1374	0	0	0	228	0	0	0	0	0	0	0	0	0	580	580	6204	0	0	0	0	0	0	0	0	244	242	0	0	1640	12812	3614	19272	568	5030	0	3680	0	0	2290	25144	3506	29710	286	20228	358	17182	974	4192	0	942	0	1996	88	8162	2496	9416	0	0	0	3132	156	540	16260	0	240	8744	0	0	168	540	0	0	950	1810	0	0	0	2562	0	0	0	8126	0	0	0	5030	0	0	0	0	0	0	0	1620	0	0	0	0	0	0	0	0	0	0	0	0	6622	0	0	0	0	0	
117616	Paracentral_Lobule_L	9924	100	266	1024	0	0	412	0	0	0	0	0	0	0	0	0	148	0	3538	1048	0	0	0	0	0	0	0	0	210	0	0	0	5784	680	7966	1050	0	0	0	0	0	0	1790	0	250	0	230	0	0	0	3932	0	862	0	460	0	8598	0	772	0	1094	0	694	0	788	0	2808	240	0	130	0	0	0	0	0	0	0	0	0	0	302	0	0	0	2586	0	0	0	1122	0	0	0	0	0	0	0	0	0	0	0	0	0	0	0	0	0	0	0	0	0	0	0	0	0	0	0	
120704	Paracentral_Lobule_R	0	5540	0	116	0	0	0	0	0	0	0	0	0	0	0	0	0	180	116	8450	0	0	0	0	0	0	0	0	0	220	0	0	122	10772	124	5316	0	202	0	0	0	0	0	1892	132	950	0	2294	0	1346	80	264	0	86	0	160	0	7394	238	1638	0	0	0	380	0	0	516	8744	130	0	0	0	0	0	0	0	0	0	0	0	0	424	0	0	0	974	0	0	0	994	0	0	0	0	0	0	0	0	0	0	0	0	0	0	0	0	0	0	0	0	558	0	0	0	0	0	
229324	Caudate_L	894	0	6618	2740	1176	546	3574	352	1012	0	714	352	2398	1726	2650	184	0	0	1672	2788	8960	7904	118	836	348	780	2812	1778	6744	0	7980	2718	238	334	0	0	308	0	0	0	412	0	0	0	0	0	0	0	0	0	0	0	0	0	0	0	174	0	0	0	0	0	0	0	0	0	0	0	0	0	0	13744	17600	3058	1750	296	5210	446	210	0	402	0	106	0	0	0	0	0	0	0	0	0	0	0	0	0	0	0	0	0	0	0	0	0	0	0	0	0	0	0	0	0	0	0	0	0	
352772	Caudate_R	1012	904	4698	23328	376	2504	1892	3556	342	0	528	320	478	4120	1058	2918	170	0	3184	8008	5402	8560	1186	6450	200	3296	868	3116	2234	932	3776	13604	122	1316	126	146	248	880	0	112	336	0	0	0	0	0	0	0	0	0	0	0	0	0	0	84	1122	90	0	0	0	0	0	0	0	0	0	0	0	0	13744	0	5982	21094	1398	1314	2844	16314	0	0	0	0	94	0	0	0	0	0	0	0	0	0	0	0	0	0	0	0	0	0	0	0	0	0	0	0	0	0	0	0	0	0	0	0	0	0	
261880	Putamen_L	2266	320	15296	2986	3472	0	2970	78	1180	0	1588	0	2834	116	6370	96	836	0	2914	550	4326	3750	590	116	258	148	1336	290	15074	0	7222	2098	224	0	284	352	6714	304	1588	0	1022	0	0	0	0	0	282	0	0	0	0	0	0	0	1208	0	832	0	0	0	0	0	0	0	0	0	0	168	0	0	17600	5982	0	2094	5562	218	4144	388	84	0	1102	0	1392	0	0	0	0	0	316	0	0	0	0	0	0	0	0	0	0	0	0	0	0	0	0	0	0	0	0	0	0	0	0	0	0	0	
361176	Putamen_R	272	2376	644	16730	158	2434	122	7512	0	0	0	5322	0	5518	182	4228	0	5286	496	7450	2194	3210	942	5994	166	2170	436	1860	296	20196	2876	10758	0	1008	112	622	188	14278	0	4560	252	1378	0	0	0	0	0	1132	0	0	0	0	0	0	0	4142	344	1246	0	0	0	146	0	170	0	0	0	540	0	0	3058	21094	2094	0	432	1642	850	6708	0	566	0	1544	0	786	0	594	0	0	0	552	0	0	0	0	0	0	0	394	0	0	0	0	0	0	0	0	0	0	0	0	328	0	0	0	0	0	
39556	Pallidum_L	122	694	1340	2830	0	0	0	148	0	0	0	0	0	0	0	0	124	0	488	472	90	134	0	0	0	0	0	0	186	0	0	0	0	138	0	0	508	94	0	0	0	0	0	0	0	0	0	0	0	0	0	0	0	0	0	0	0	0	0	0	0	0	0	0	0	0	0	0	0	0	1750	1398	5562	432	0	146	3122	0	0	0	0	0	0	0	0	0	0	0	0	0	0	0	0	0	0	0	0	0	0	0	0	0	0	0	0	0	0	0	0	0	0	0	0	0	0	0	
14884	Pallidum_R	0	118	120	228	0	0	0	0	0	0	0	0	0	0	0	0	0	0	0	242	0	0	0	0	0	0	0	0	0	0	0	0	0	0	0	0	0	998	0	784	0	0	0	0	0	0	0	130	0	0	0	0	0	0	0	476	80	0	0	0	0	0	0	0	0	0	0	0	0	0	296	1314	218	1642	146	0	80	360	0	0	0	0	0	0	0	0	0	0	0	0	0	0	0	0	0	0	0	210	0	0	0	0	0	0	0	0	0	0	0	0	0	0	0	0	0	0	
187248	Thalamus_L	12776	710	5606	7174	0	0	3482	166	0	0	396	0	330	188	0	0	492	0	1654	3148	0	0	0	0	0	0	0	0	6290	0	0	0	112	486	2622	5404	5730	2772	658	506	0	0	0	0	0	0	364	278	0	0	0	0	0	0	492	248	836	0	0	0	0	0	0	0	0	0	0	950	0	0	5210	2844	4144	850	3122	80	0	11896	792	0	310	0	80	0	80	0	0	0	346	0	0	0	0	0	0	0	0	0	0	0	0	0	0	0	0	0	0	0	0	0	0	0	0	0	0	0	
231176	Thalamus_R	5070	5358	932	30346	0	0	696	3130	0	0	0	308	0	254	0	550	0	94	96	724	0	0	0	0	0	0	0	0	486	848	0	0	0	178	2690	7140	2658	8914	0	2328	0	0	0	0	0	0	0	1404	0	0	0	0	0	0	0	1420	122	522	0	0	0	0	0	0	0	0	0	1810	0	0	446	16314	388	6708	0	360	11896	0	0	0	0	234	0	0	0	126	0	0	0	122	0	0	0	0	0	0	0	350	0	0	0	0	0	0	0	0	0	0	0	0	566	0	0	0	0	0	
102448	Heschl_L	6104	0	558	246	0	0	206	0	0	0	830	0	0	0	0	0	3624	0	0	80	0	0	0	0	0	0	0	0	9914	0	0	0	0	0	308	0	5048	0	102	0	0	0	166	0	0	0	122	0	0	0	350	0	744	0	1786	0	3552	0	0	0	100	0	682	0	0	0	94	0	0	0	210	0	84	0	0	0	792	0	0	0	5008	0	0	0	5484	0	0	0	5030	0	0	0	0	0	0	0	0	0	0	0	0	0	0	0	0	0	0	0	0	0	0	0	0	0	0	0	
34536	Heschl_R	0	318	0	0	0	0	0	0	0	0	0	218	0	0	0	0	0	3844	0	0	0	0	0	0	0	0	0	0	0	4208	0	0	0	0	0	0	0	808	0	122	0	0	0	0	0	0	0	0	0	0	0	0	0	0	0	156	0	312	0	0	0	0	0	92	0	0	0	0	0	0	0	0	0	566	0	0	0	0	0	0	0	4742	0	250	0	1132	0	0	0	500	0	0	0	0	0	0	0	0	0	0	0	0	0	0	0	0	0	0	0	0	0	0	0	0	0	0	
192708	Temporal_Sup_L	3756	0	3514	132	0	0	682	0	0	0	2664	0	94	0	0	0	8612	0	240	84	0	0	0	0	0	0	0	0	9128	0	0	0	0	0	532	0	3988	0	212	0	98	0	154	0	0	0	174	0	0	0	718	0	372	0	3314	0	6526	0	826	0	1714	0	6050	0	494	0	150	0	302	0	402	0	1102	0	0	0	310	0	5008	0	0	0	4166	0	21536	0	164	0	9136	0	0	0	0	0	0	0	0	0	0	0	0	0	0	0	0	0	0	0	0	0	0	0	0	0	0	0	
162448	Temporal_Sup_R	0	898	0	436	0	0	0	218	0	0	0	144	0	148	0	164	0	4540	0	204	0	0	0	0	0	0	0	0	0	7116	0	0	0	280	0	78	0	1850	0	754	0	302	0	1926	0	1176	0	250	0	1952	0	2894	0	142	0	1960	0	1526	0	198	0	594	0	8354	0	4742	136	2562	0	424	0	0	0	1544	0	0	0	234	0	4742	0	0	0	1894	0	18966	0	714	0	7162	0	0	0	0	0	0	0	0	0	0	0	0	0	0	0	0	0	0	0	0	0	0	0	0	0	0	
109656	Temporal_Pole_Sup_L	230	0	2704	0	318	0	2014	0	78	0	4730	0	800	0	1040	0	2496	0	784	0	526	0	0	0	0	0	0	0	7638	0	0	0	0	0	0	0	724	0	1572	0	444	0	0	0	0	0	0	0	0	0	0	0	0	0	5270	0	0	0	0	0	0	0	0	0	0	0	0	0	0	0	106	94	1392	0	0	0	80	0	0	0	4166	0	0	0	5718	0	7038	0	4866	0	0	0	0	0	0	0	0	0	0	0	0	0	0	0	0	0	0	0	0	0	0	0	0	0	0	0	
63820	Temporal_Pole_Sup_R	0	0	0	0	0	0	0	0	0	0	0	998	0	104	0	760	0	1688	0	0	0	274	0	0	0	0	0	210	0	1606	0	0	0	0	0	0	0	180	0	4748	0	2132	0	0	0	0	0	0	0	0	0	0	0	0	0	6650	0	0	0	0	0	0	0	0	0	0	0	0	0	0	0	0	0	786	0	0	0	0	0	250	0	1894	0	0	0	2500	0	4604	0	2526	0	0	0	0	0	0	0	0	0	0	0	0	0	0	0	0	0	0	0	0	0	0	0	0	0	0	
357072	Temporal_Mid_L	5352	0	694	0	0	0	502	0	0	0	128	0	0	0	0	0	1606	0	0	0	0	0	0	0	0	0	0	0	2434	0	0	0	602	0	808	0	1594	0	140	0	0	0	3160	0	96	0	472	0	102	0	26110	0	6190	0	9154	0	8456	0	2158	0	6632	0	7094	0	10584	0	1818	0	2586	0	0	0	0	0	0	0	80	0	5484	0	21536	0	5718	0	0	0	6100	0	41146	0	0	0	0	0	0	0	0	0	0	0	0	0	0	0	0	0	0	0	0	0	0	0	0	0	0	0	
258872	Temporal_Mid_R	0	1128	0	890	0	0	0	700	0	0	0	100	0	192	0	176	0	672	0	472	0	0	0	0	0	0	0	0	0	1824	0	0	0	836	0	78	0	608	0	150	0	118	128	13142	428	4092	0	1212	0	4804	0	15616	0	732	0	1568	0	1140	0	98	0	456	0	5260	0	5934	614	8126	0	974	0	0	0	594	0	0	0	126	0	1132	0	18966	0	2500	0	0	0	4276	0	29080	0	0	0	0	0	0	0	0	0	0	0	0	0	0	0	0	0	0	0	0	494	0	0	0	0	0	
54432	Temporal_Pole_Mid_L	0	0	0	0	0	0	0	0	0	0	0	0	0	0	0	0	0	0	0	0	0	0	0	0	0	0	0	0	0	0	0	0	0	0	0	0	76	0	1404	0	252	0	0	0	0	0	0	0	0	0	0	0	0	0	5616	0	0	0	0	0	0	0	0	0	0	0	0	0	0	0	0	0	0	0	0	0	0	0	0	0	164	0	7038	0	6100	0	0	0	6566	0	0	0	0	0	0	0	0	0	0	0	0	0	0	0	0	0	0	0	0	0	0	0	0	0	0	0	
33276	Temporal_Pole_Mid_R	0	0	0	0	0	0	0	0	0	0	0	0	0	0	0	118	0	0	0	0	0	0	0	0	0	0	0	0	0	0	0	0	0	0	0	0	0	0	0	1136	0	0	0	0	0	0	0	0	0	0	0	0	0	0	0	2472	0	0	0	0	0	0	0	0	0	0	0	0	0	0	0	0	0	0	0	0	0	0	0	0	0	714	0	4604	0	4276	0	0	0	3318	0	0	0	0	0	0	0	0	0	0	0	0	0	0	0	0	0	0	0	0	0	0	0	0	0	0	
311320	Temporal_Inf_L	5186	0	1448	0	0	0	314	0	0	0	158	0	0	0	0	0	968	0	156	0	0	0	0	0	0	0	0	0	4984	0	0	0	0	0	1070	0	5254	0	1170	0	248	0	3156	0	0	0	650	0	110	0	12254	0	12280	0	23636	0	3138	0	844	0	2568	0	610	0	1856	0	1002	0	1122	0	0	0	316	0	0	0	346	0	5030	0	9136	0	4866	0	41146	0	6566	0	0	0	2440	0	398	0	0	0	214	0	1020	0	0	0	0	0	0	0	0	0	0	0	0	0	0	0	0	0	
201960	Temporal_Inf_R	0	1228	0	936	0	0	0	448	0	0	0	0	0	202	0	256	0	470	0	804	0	0	0	0	0	0	0	0	0	1342	0	0	0	964	0	494	0	2548	0	954	0	192	0	6716	196	1690	0	3540	0	2010	0	3180	0	4026	0	12876	0	1306	0	0	0	132	0	1186	0	242	396	5030	0	994	0	0	0	552	0	0	0	122	0	500	0	7162	0	2526	0	29080	0	3318	0	0	0	1536	0	172	0	0	0	130	0	208	0	0	0	0	0	0	0	0	0	0	1316	0	0	0	0	0	
593900	Cerebelum_Crus1_L	0	0	0	0	0	0	0	0	0	0	0	0	0	0	0	0	0	0	0	0	0	0	0	0	0	0	0	0	0	0	0	0	0	0	0	0	136	0	662	0	0	0	0	0	0	0	9782	5492	0	0	0	0	92	0	25556	1602	0	0	0	0	0	0	0	0	0	0	0	0	0	0	0	0	0	0	0	0	0	0	0	0	0	0	0	0	0	0	0	0	2440	0	0	9440	41338	4190	2024	772	32994	8256	63056	9102	14542	602	18928	2494	5138	1848	454	126	880	1988	11710	7944	8720	2854	1664	124	
559580	Cerebelum_Crus1_R	0	0	0	0	0	0	0	0	0	0	0	0	0	0	0	0	0	0	0	0	0	0	0	0	0	0	0	0	0	0	0	0	0	0	0	0	0	0	0	0	0	0	0	0	0	0	3924	5188	0	0	0	0	0	0	2360	13418	0	0	0	0	0	0	0	0	0	0	0	0	0	0	0	0	0	0	0	0	0	0	0	0	0	0	0	0	0	0	0	0	0	1536	9440	0	4736	43558	358	4370	4984	20892	12226	58606	1382	8826	1960	23004	1806	7872	0	344	390	1960	9946	11836	16324	4472	3948	124	
400784	Cerebelum_Crus2_L	0	0	0	0	0	0	0	0	0	0	0	0	0	0	0	0	0	0	0	0	0	0	0	0	0	0	0	0	0	0	0	0	0	0	0	0	0	0	84	0	0	0	0	0	0	0	500	404	0	0	0	0	0	0	1136	336	0	0	0	0	0	0	0	0	0	0	0	0	0	0	0	0	0	0	0	0	0	0	0	0	0	0	0	0	0	0	0	0	398	0	41338	4736	0	8106	278	110	2562	582	8588	3128	36286	4126	39104	9722	7312	3900	468	166	0	76	630	2596	11584	10126	1892	118	
377172	Cerebelum_Crus2_R	0	0	0	0	0	0	0	0	0	0	0	0	0	0	0	0	0	0	0	0	0	0	0	0	0	0	0	0	0	0	0	0	0	0	0	0	0	0	0	0	0	0	0	0	0	0	820	280	0	0	0	0	0	0	512	684	0	0	0	0	0	0	0	0	0	0	0	0	0	0	0	0	0	0	0	0	0	0	0	0	0	0	0	0	0	0	0	0	0	172	4190	43558	8106	0	80	814	744	2380	2684	10992	4900	24788	6274	37702	1300	8260	0	380	88	474	1300	3034	14826	6980	2264	0	
42644	Cerebelum_3_L	0	0	0	0	0	0	0	0	0	0	0	0	0	0	0	0	0	0	0	0	0	0	0	0	0	0	0	0	0	0	0	0	0	0	0	0	0	0	0	0	0	0	0	0	0	0	0	198	0	0	0	0	0	0	424	0	0	0	0	0	0	0	0	0	0	0	0	0	0	0	0	0	0	0	0	0	0	0	0	0	0	0	0	0	0	0	0	0	0	0	2024	358	278	80	0	126	6398	202	2800	410	332	0	656	0	1462	0	120	0	1090	2744	1142	380	98	0	0	0	
76592	Cerebelum_3_R	0	0	0	0	0	0	0	0	0	0	0	0	0	0	0	0	0	0	0	0	0	0	0	0	0	0	0	0	0	0	0	0	0	0	0	0	0	142	0	286	0	0	0	0	0	0	86	878	0	0	0	0	0	0	276	296	0	0	0	0	0	0	0	0	0	0	0	0	0	0	0	0	0	0	0	0	0	0	0	0	0	0	0	0	0	0	0	0	0	0	772	4370	110	814	126	0	854	4314	824	5176	0	230	318	776	422	3138	0	144	1032	4614	2460	390	1502	1660	1988	298	
381224	Cerebelum_4_5_L	94	0	0	0	0	0	0	0	0	0	0	0	0	0	0	0	0	0	0	0	0	0	0	0	0	0	0	0	0	0	0	0	0	0	302	0	500	0	1204	0	0	0	326	0	0	0	10260	8972	0	0	0	0	0	102	16162	1980	0	0	0	0	0	0	0	0	0	0	256	0	0	0	0	0	0	0	0	0	0	0	0	0	0	0	0	0	0	0	0	0	214	0	32994	4984	2562	744	6398	854	0	13376	41952	6410	1444	270	2822	896	3124	840	196	0	1400	3502	19938	2826	766	418	738	786	
354612	Cerebelum_4_5_R	0	134	0	0	0	0	0	0	0	0	0	0	0	0	0	0	0	0	0	0	0	0	0	0	0	0	0	0	0	0	0	0	0	0	0	654	0	3748	0	5122	0	86	0	138	0	0	4990	17850	0	0	0	0	0	194	5500	8876	0	0	0	0	0	0	0	0	0	0	0	1620	0	0	0	0	0	394	0	210	0	350	0	0	0	0	0	0	0	0	0	0	0	130	8256	20892	582	2380	202	4314	13376	0	12742	26466	258	648	694	2560	544	1508	0	0	0	1098	21656	4038	2052	954	1130	960	
571440	Cerebelum_6_L	0	0	0	0	0	0	0	0	0	0	0	0	0	0	0	0	0	0	0	0	0	0	0	0	0	0	0	0	0	0	0	0	0	0	0	0	164	0	846	0	0	0	0	0	0	0	15704	11454	0	0	0	0	84	162	28862	2950	0	0	0	0	0	0	0	0	0	0	0	0	0	0	0	0	0	0	0	0	0	0	0	0	0	0	0	0	0	0	0	0	1020	0	63056	12226	8588	2684	2800	824	41952	12742	0	14686	3978	396	4422	1198	5134	1558	268	132	940	2198	18666	16182	6498	1308	1498	540	
463872	Cerebelum_6_R	0	0	0	0	0	0	0	0	0	0	0	0	0	0	0	0	0	0	0	0	0	0	0	0	0	0	0	0	0	0	0	0	0	0	0	0	0	0	0	0	0	0	0	90	0	0	4484	8118	0	0	0	78	0	344	2910	14874	0	0	0	0	0	0	0	0	0	0	0	0	0	0	0	0	0	0	0	0	0	0	0	0	0	0	0	0	0	0	0	0	0	208	9102	58606	3128	10992	410	5176	6410	26466	14686	0	774	2366	1146	8352	1844	4732	0	306	426	2200	12676	13812	10850	2832	3370	168	
294548	Cerebelum_7b_L	0	0	0	0	0	0	0	0	0	0	0	0	0	0	0	0	0	0	0	0	0	0	0	0	0	0	0	0	0	0	0	0	0	0	0	0	0	0	0	0	0	0	0	0	0	0	0	0	0	0	0	0	0	0	740	0	0	0	0	0	0	0	0	0	0	0	0	0	0	0	0	0	0	0	0	0	0	0	0	0	0	0	0	0	0	0	0	0	0	0	14542	1382	36286	4900	332	0	1444	258	3978	774	0	3768	40408	8632	8158	3368	844	76	0	76	242	248	4970	10534	1314	0	
182800	Cerebelum_7b_R	0	0	0	0	0	0	0	0	0	0	0	0	0	0	0	0	0	0	0	0	0	0	0	0	0	0	0	0	0	0	0	0	0	0	0	0	0	0	0	0	0	0	0	0	0	0	82	0	0	0	0	0	0	0	126	0	0	0	0	0	0	0	0	0	0	0	0	0	0	0	0	0	0	0	0	0	0	0	0	0	0	0	0	0	0	0	0	0	0	0	602	8826	4126	24788	0	230	270	648	396	2366	3768	0	3534	28912	204	4006	0	0	82	254	658	232	2304	4622	364	0	
403428	Cerebelum_8_L	0	0	0	0	0	0	0	0	0	0	0	0	0	0	0	0	0	0	0	0	0	0	0	0	0	0	0	0	0	0	0	0	0	0	0	0	0	0	0	0	0	0	0	0	0	0	0	366	0	0	0	0	0	0	234	100	0	0	0	0	0	0	0	0	0	0	0	0	0	0	0	0	0	0	0	0	0	0	0	0	0	0	0	0	0	0	0	0	0	0	18928	1960	39104	6274	656	318	2822	694	4422	1146	40408	3534	0	11836	23144	7610	2364	346	0	170	790	908	10976	16612	5720	272	
383392	Cerebelum_8_R	0	0	0	0	0	0	0	0	0	0	0	0	0	0	0	0	0	0	0	0	0	0	0	0	0	0	0	0	0	0	0	0	0	0	0	0	0	0	0	0	0	0	0	0	0	0	372	0	0	0	0	0	0	0	484	188	0	0	0	0	0	0	0	0	0	0	0	0	0	0	0	0	0	0	0	0	0	0	0	0	0	0	0	0	0	0	0	0	0	0	2494	23004	9722	37702	0	776	896	2560	1198	8352	8632	28912	11836	0	2030	21616	0	702	194	568	1730	666	11434	12898	2730	0	
185384	Cerebelum_9_L	0	0	0	0	0	0	0	0	0	0	0	0	0	0	0	0	0	0	0	0	0	0	0	0	0	0	0	0	0	0	0	0	0	0	0	0	0	0	0	0	0	0	0	0	0	0	196	336	0	0	0	0	0	0	82	0	0	0	0	0	0	0	0	0	0	0	0	0	0	0	0	0	0	0	0	0	0	0	0	0	0	0	0	0	0	0	0	0	0	0	5138	1806	7312	1300	1462	422	3124	544	5134	1844	8158	204	23144	2030	0	3930	3116	240	160	328	1728	3546	5708	5584	4990	1126	
224112	Cerebelum_9_R	0	0	0	0	0	0	0	0	0	0	0	0	0	0	0	0	0	0	0	0	0	0	0	0	0	0	0	0	0	0	0	0	0	0	0	0	0	0	0	0	0	0	0	0	0	0	186	100	0	0	0	0	0	0	306	104	0	0	0	0	0	0	0	0	0	0	0	0	0	0	0	0	0	0	0	0	0	0	0	0	0	0	0	0	0	0	0	0	0	0	1848	7872	3900	8260	0	3138	840	1508	1558	4732	3368	4006	7610	21616	3930	0	0	1384	796	2454	2212	2190	7866	9992	8730	1550	
18348	Cerebelum_10_L	0	0	0	0	0	0	0	0	0	0	0	0	0	0	0	0	0	0	0	0	0	0	0	0	0	0	0	0	0	0	0	0	0	0	0	0	0	0	0	0	0	0	0	0	0	0	0	0	0	0	0	0	0	0	0	0	0	0	0	0	0	0	0	0	0	0	0	0	0	0	0	0	0	0	0	0	0	0	0	0	0	0	0	0	0	0	0	0	0	0	454	0	468	0	120	0	196	0	268	0	844	0	2364	0	3116	0	0	0	0	0	90	0	510	492	252	0	
12068	Cerebelum_10_R	0	0	0	0	0	0	0	0	0	0	0	0	0	0	0	0	0	0	0	0	0	0	0	0	0	0	0	0	0	0	0	0	0	0	0	0	0	0	0	0	0	0	0	0	0	0	0	0	0	0	0	0	0	0	0	0	0	0	0	0	0	0	0	0	0	0	0	0	0	0	0	0	0	0	0	0	0	0	0	0	0	0	0	0	0	0	0	0	0	0	126	344	166	380	0	144	0	0	132	306	76	0	346	702	240	1384	0	0	0	86	0	136	582	428	456	0	
33460	Vermis_1_2	0	0	0	0	0	0	0	0	0	0	0	0	0	0	0	0	0	0	0	0	0	0	0	0	0	0	0	0	0	0	0	0	0	0	0	0	0	0	0	0	0	0	0	0	0	0	0	0	0	0	0	0	0	0	234	0	0	0	0	0	0	0	0	0	0	0	0	0	0	0	0	0	0	0	0	0	0	0	0	0	0	0	0	0	0	0	0	0	0	0	880	390	0	88	1090	1032	1400	0	940	426	0	82	0	194	160	796	0	0	0	5616	2246	206	134	200	444	172	
79796	Vermis_3	0	0	0	0	0	0	0	0	0	0	0	0	0	0	0	0	0	0	0	0	0	0	0	0	0	0	0	0	0	0	0	0	0	0	0	0	0	0	0	0	0	0	0	0	0	0	94	0	0	0	0	0	0	0	658	0	0	0	0	0	0	0	0	0	0	0	0	0	0	0	0	0	0	0	0	0	0	0	0	0	0	0	0	0	0	0	0	0	0	0	1988	1960	76	474	2744	4614	3502	1098	2198	2200	76	254	170	568	328	2454	0	86	5616	0	4856	422	670	964	1522	306	
361880	Vermis_4_5	0	610	0	106	0	0	0	94	0	0	0	0	0	0	0	0	0	0	0	154	0	0	0	0	0	0	0	0	0	100	0	0	0	1154	326	2580	168	1108	0	442	0	0	274	608	0	164	6382	18514	0	0	0	0	0	142	7028	3472	0	492	0	0	0	0	0	0	0	0	242	6622	0	558	0	0	0	328	0	0	0	566	0	0	0	0	0	0	0	494	0	0	0	1316	11710	9946	630	1300	1142	2460	19938	21656	18666	12676	242	658	790	1730	1728	2212	90	0	2246	4856	0	6786	954	720	1672	2088	
217804	Vermis_6	0	0	0	0	0	0	0	0	0	0	0	0	0	0	0	0	0	0	0	0	0	0	0	0	0	0	0	0	0	0	0	0	0	0	0	0	0	0	0	0	0	0	0	0	0	0	4790	6832	0	0	0	0	0	238	1638	2446	0	0	0	0	0	0	0	0	0	0	0	0	0	0	0	0	0	0	0	0	0	0	0	0	0	0	0	0	0	0	0	0	0	0	7944	11836	2596	3034	380	390	2826	4038	16182	13812	248	232	908	666	3546	2190	0	136	206	422	6786	0	8000	1450	2452	2678	
