data	data	385884	311040	824548	916512	221716	109652	438636	255932	111868	34436	293800	222920	230824	162376	206456	104928	288824	132536	672716	903840	47872	61932	285856	310792	22788	79468	24880	60620	681368	376860	304136	459084	197104	529552	152084	156540	213340	323824	94196	216832	40984	68568	192356	351472	178884	327856	239284	253180	187196	316588	450592	256892	115060	76856	384576	388448	274480	206660	216692	106848	324072	132180	146012	114524	159992	105660	372700	431100	170520	186196	183732	330008	323040	332212	42540	22132	123608	219772	109920	51500	256952	121048	152888	82032	326984	244252	39068	36932	311024	229728	474916	518808	254348	367372	49976	79628	393504	365944	512408	519000	202796	200228	303512	384800	146652	219256	11048	8200	30932	136468	350192	257868	318180	205612	148340	65752	
data	data	Precentral_L	Precentral_R	Frontal_Sup_L	Frontal_Sup_R	Frontal_Sup_Orb_L	Frontal_Sup_Orb_R	Frontal_Mid_L	Frontal_Mid_R	Frontal_Mid_Orb_L	Frontal_Mid_Orb_R	Frontal_Inf_Oper_L	Frontal_Inf_Oper_R	Frontal_Inf_Tri_L	Frontal_Inf_Tri_R	Frontal_Inf_Orb_L	Frontal_Inf_Orb_R	Rolandic_Oper_L	Rolandic_Oper_R	Supp_Motor_Area_L	Supp_Motor_Area_R	Olfactory_L	Olfactory_R	Frontal_Sup_Medial_L	Frontal_Sup_Medial_R	Frontal_Med_Orb_L	Frontal_Med_Orb_R	Rectus_L	Rectus_R	Insula_L	Insula_R	Cingulum_Ant_L	Cingulum_Ant_R	Cingulum_Mid_L	Cingulum_Mid_R	Cingulum_Post_L	Cingulum_Post_R	Hippocampus_L	Hippocampus_R	ParaHippocampal_L	ParaHippocampal_R	Amygdala_L	Amygdala_R	Calcarine_L	Calcarine_R	Cuneus_L	Cuneus_R	Lingual_L	Lingual_R	Occipital_Sup_L	Occipital_Sup_R	Occipital_Mid_L	Occipital_Mid_R	Occipital_Inf_L	Occipital_Inf_R	Fusiform_L	Fusiform_R	Postcentral_L	Postcentral_R	Parietal_Sup_L	Parietal_Sup_R	Parietal_Inf_L	Parietal_Inf_R	SupraMarginal_L	SupraMarginal_R	Angular_L	Angular_R	Precuneus_L	Precuneus_R	Paracentral_Lobule_L	Paracentral_Lobule_R	Caudate_L	Caudate_R	Putamen_L	Putamen_R	Pallidum_L	Pallidum_R	Thalamus_L	Thalamus_R	Heschl_L	Heschl_R	Temporal_Sup_L	Temporal_Sup_R	Temporal_Pole_Sup_L	Temporal_Pole_Sup_R	Temporal_Mid_L	Temporal_Mid_R	Temporal_Pole_Mid_L	Temporal_Pole_Mid_R	Temporal_Inf_L	Temporal_Inf_R	Cerebelum_Crus1_L	Cerebelum_Crus1_R	Cerebelum_Crus2_L	Cerebelum_Crus2_R	Cerebelum_3_L	Cerebelum_3_R	Cerebelum_4_5_L	Cerebelum_4_5_R	Cerebelum_6_L	Cerebelum_6_R	Cerebelum_7b_L	Cerebelum_7b_R	Cerebelum_8_L	Cerebelum_8_R	Cerebelum_9_L	Cerebelum_9_R	Cerebelum_10_L	Cerebelum_10_R	Vermis_1_2	Vermis_3	Vermis_4_5	Vermis_6	Vermis_7	Vermis_8	Vermis_9	Vermis_10	
385884	Precentral_L	0	2132	21102	2196	0	0	19514	180	0	0	16174	494	1494	0	0	0	9226	0	13812	7780	0	0	144	0	0	0	0	0	9072	0	1166	228	846	3668	1374	1000	4656	1226	0	272	0	0	196	0	0	0	0	0	386	0	1758	0	124	0	808	198	22380	186	1758	0	3840	0	1506	0	186	0	1012	188	8830	2898	524	880	5464	0	920	0	12230	2360	2176	0	2230	0	1156	0	392	0	0	0	600	0	0	0	0	0	0	0	0	0	0	0	0	0	0	0	0	0	0	0	0	0	0	0	0	0	0	0	
311040	Precentral_R	2132	0	1210	22774	1350	0	272	8366	410	0	106	12152	132	0	552	0	112	1364	782	19334	0	0	288	0	0	0	0	0	1490	2562	336	116	576	5164	742	1058	0	2200	0	434	0	0	0	442	0	134	0	98	0	0	0	0	0	0	108	1912	480	19666	0	1050	0	2160	94	3020	0	0	170	954	2652	8532	1816	2556	2494	1364	150	0	1150	15722	0	298	92	746	0	0	0	956	0	0	0	690	0	0	0	0	0	0	0	0	0	0	0	0	0	0	0	0	0	0	0	0	0	0	0	0	0	0	
824548	Frontal_Sup_L	21102	1210	0	9182	8980	0	59488	1124	1766	0	15200	1284	11120	0	7244	0	17306	120	68412	12924	690	0	32742	2036	476	0	0	0	34474	142	11152	3368	4784	2918	0	0	2236	0	152	0	812	0	0	0	0	0	0	0	0	0	528	0	0	0	306	0	9820	382	448	0	1096	0	270	0	0	0	128	0	8342	0	6916	1744	23720	456	4768	0	8380	242	634	0	6594	0	4778	0	0	0	0	0	278	0	0	0	0	0	0	0	0	0	0	0	0	0	0	0	0	0	0	0	0	0	0	0	0	0	0	0	
916512	Frontal_Sup_R	2196	22774	9182	0	1908	2534	1384	31302	462	644	1304	9092	1458	8170	1016	2348	380	12718	21486	91596	0	106	9570	38356	0	1918	0	0	5782	17188	6008	32774	1100	18862	0	92	224	5344	0	1598	0	190	0	0	0	0	0	202	0	0	0	0	0	0	0	1682	854	4998	0	202	0	804	0	1168	0	0	0	122	1850	242	2296	20386	4206	17566	646	1726	1448	31532	0	2276	230	1520	178	0	0	526	0	0	0	402	0	0	0	0	0	0	0	128	0	0	0	0	0	0	0	0	0	0	0	0	0	0	0	0	0	0	
221716	Frontal_Sup_Orb_L	0	1350	8980	1908	0	0	988	3020	15082	0	0	3278	2344	0	14758	0	0	0	2956	1916	2096	0	806	148	2460	0	2714	0	18818	292	1658	1920	172	582	0	0	322	0	184	0	504	0	0	0	0	0	0	0	0	0	0	0	0	0	0	0	0	370	0	0	0	0	0	0	0	0	0	0	0	0	4022	2036	14556	326	0	0	0	100	0	0	0	0	192	0	0	0	0	0	0	0	0	0	0	0	0	0	0	0	0	0	0	0	0	0	0	0	0	0	0	0	0	0	0	0	0	0	
109652	Frontal_Sup_Orb_R	0	0	0	2534	0	0	0	418	0	4962	0	0	0	286	0	5426	0	0	0	482	0	2238	0	2918	114	8324	562	9834	0	1464	1242	3076	0	344	0	0	0	0	0	0	0	0	0	0	0	0	0	0	0	0	0	0	0	0	0	0	0	0	0	0	0	0	0	0	0	0	0	0	0	0	0	6094	0	4508	0	0	0	0	0	0	0	0	0	0	0	0	0	0	0	0	0	0	0	0	0	0	0	0	0	0	0	0	0	0	0	0	0	0	0	0	0	0	0	0	0	0	
438636	Frontal_Mid_L	19514	272	59488	1384	988	0	0	298	1462	0	12776	680	22610	0	5604	0	4498	0	18030	1808	0	0	18990	844	0	0	0	0	16498	0	8720	1188	5228	1220	0	0	300	0	0	0	0	0	0	0	0	0	0	0	0	0	378	0	0	0	0	0	3810	92	344	0	1946	0	530	0	0	0	0	0	0	0	802	222	1946	0	0	0	2486	136	296	0	1932	0	1750	0	124	0	0	0	124	0	0	0	0	0	0	0	0	0	0	0	0	0	0	0	0	0	0	0	0	0	0	0	0	0	0	0	
255932	Frontal_Mid_R	180	8366	1124	31302	3020	418	298	0	706	1504	1400	10684	1008	14646	992	2904	0	1640	5030	8740	0	0	1344	5084	0	0	0	0	4906	5448	424	2802	0	3278	0	0	0	550	0	0	0	0	0	0	0	0	0	0	0	0	0	0	0	0	0	0	0	1798	0	0	0	126	0	274	0	0	0	0	102	0	1538	312	2250	2366	0	264	96	526	0	516	0	0	0	0	0	0	0	0	0	0	0	0	0	0	0	0	0	0	0	0	0	0	0	0	0	0	0	0	0	0	0	0	0	0	0	0	
111868	Frontal_Mid_Orb_L	0	410	1766	462	15082	0	1462	706	0	0	0	804	3056	0	13982	0	0	0	646	446	194	0	0	0	696	0	1218	0	7134	0	280	418	0	0	0	0	0	0	0	0	92	0	0	0	0	0	0	0	0	0	0	0	0	0	0	0	0	0	0	0	0	0	0	0	0	0	0	0	0	0	1002	408	5460	106	0	0	0	0	0	0	0	0	104	0	0	0	0	0	0	0	0	0	0	0	0	0	0	0	0	0	0	0	0	0	0	0	0	0	0	0	0	0	0	0	0	0	
34436	Frontal_Mid_Orb_R	0	0	0	644	0	4962	0	1504	0	0	0	0	0	928	0	6046	0	0	0	0	0	224	0	0	0	182	0	564	0	858	0	130	0	0	0	0	0	0	0	0	0	0	0	0	0	0	0	0	0	0	0	0	0	0	0	0	0	0	0	0	0	0	0	0	0	0	0	0	0	0	0	486	0	690	0	0	0	0	0	0	0	0	0	0	0	0	0	0	0	0	0	0	0	0	0	0	0	0	0	0	0	0	0	0	0	0	0	0	0	0	0	0	0	0	0	0	
293800	Frontal_Inf_Oper_L	16174	106	15200	1304	0	0	12776	1400	0	0	0	684	8556	0	390	0	18030	0	12158	1570	0	0	180	0	0	0	0	0	23240	0	1662	326	0	664	0	0	236	0	0	0	0	0	0	0	0	0	0	0	112	0	1158	0	0	0	0	0	5764	0	980	0	1116	0	1750	0	0	0	356	0	0	0	298	94	362	0	0	0	494	0	604	0	9742	0	9018	0	208	0	0	0	188	0	0	0	0	0	0	0	0	0	0	0	0	0	0	0	0	0	0	0	0	0	0	0	0	0	0	0	
222920	Frontal_Inf_Oper_R	494	12152	1284	9092	3278	0	680	10684	804	0	684	0	580	7296	1082	106	0	5108	3254	9480	0	0	458	650	0	0	0	0	3884	12782	604	1112	0	2800	0	0	0	1174	0	272	0	0	0	0	0	0	0	0	0	0	0	0	0	0	0	236	98	5252	0	814	0	2006	0	2606	0	0	0	0	0	0	1280	508	1824	5622	0	228	118	200	0	348	0	292	0	0	0	234	0	0	0	0	0	0	0	0	0	0	0	0	0	0	0	0	0	0	0	0	0	0	0	0	0	0	0	0	0	0	
230824	Frontal_Inf_Tri_L	1494	132	11120	1458	2344	0	22610	1008	3056	0	8556	580	0	0	16068	0	2072	0	3016	1584	0	0	2620	0	0	0	0	0	23836	0	4734	922	1268	502	0	0	0	0	0	0	0	0	0	0	0	0	0	0	0	0	0	0	0	0	0	0	180	0	0	0	0	0	0	0	0	0	0	0	0	0	2138	564	1896	100	0	0	0	0	0	0	806	0	748	0	0	0	0	0	0	0	0	0	0	0	0	0	0	0	0	0	0	0	0	0	0	0	0	0	0	0	0	0	0	0	0	0	
162376	Frontal_Inf_Tri_R	0	0	0	8170	0	286	0	14646	0	928	0	7296	0	0	0	7038	0	318	3744	4944	0	0	214	2532	0	0	0	0	136	19892	330	1466	0	3404	0	0	0	158	0	0	0	0	0	0	0	0	0	0	0	0	0	0	0	0	0	0	0	0	0	0	0	0	0	0	0	0	0	0	0	0	120	180	0	5228	0	158	0	0	0	0	0	0	0	0	0	0	0	0	0	0	0	0	0	0	0	0	0	0	0	0	0	0	0	0	0	0	0	0	0	0	0	0	0	0	0	0	
206456	Frontal_Inf_Orb_L	0	552	7244	1016	14758	0	5604	992	13982	0	390	1082	16068	0	0	0	0	0	2212	942	1530	0	530	0	194	0	564	0	19644	112	1984	960	382	216	0	0	422	0	0	0	470	0	0	0	0	0	0	0	0	0	0	0	0	0	0	0	0	128	0	0	0	0	0	0	0	0	0	0	0	0	3118	838	6564	190	0	0	0	0	0	0	0	0	540	0	0	0	0	0	0	0	0	0	0	0	0	0	0	0	0	0	0	0	0	0	0	0	0	0	0	0	0	0	0	0	0	0	
104928	Frontal_Inf_Orb_R	0	0	0	2348	0	5426	0	2904	0	6046	0	106	0	7038	0	0	0	112	190	406	0	2366	0	216	0	116	0	2454	0	12342	160	312	0	316	0	0	0	92	0	0	0	94	0	0	0	0	0	0	0	0	0	0	0	0	0	0	0	0	0	0	0	0	0	0	0	0	0	0	0	0	0	1504	0	2500	0	0	0	0	0	0	0	2416	0	2452	0	548	0	0	0	0	0	0	0	0	0	0	0	0	0	0	0	0	0	0	0	0	0	0	0	0	0	0	0	0	0	0	
288824	Rolandic_Oper_L	9226	112	17306	380	0	0	4498	0	0	0	18030	0	2072	0	0	0	0	0	12114	560	0	0	0	0	0	0	0	0	24474	0	132	0	0	208	154	0	470	108	0	0	0	0	0	0	0	0	0	0	0	0	2006	0	116	0	726	0	10030	0	1122	0	2772	0	3932	0	502	0	356	0	116	120	0	0	268	0	0	0	572	0	3298	0	15280	0	9254	0	2270	0	0	0	1828	0	0	0	0	0	0	0	0	0	0	0	0	0	0	0	0	0	0	0	0	0	0	0	0	0	0	0	
132536	Rolandic_Oper_R	0	1364	120	12718	0	0	0	1640	0	0	0	5108	0	318	0	112	0	0	670	11756	0	0	0	0	0	0	0	0	0	13192	110	302	0	852	0	0	0	1462	0	194	0	0	0	0	0	0	0	0	0	0	0	0	0	0	0	336	0	2212	0	0	0	0	0	1660	0	0	0	0	0	176	0	0	0	3076	0	218	0	314	0	4744	0	3346	0	158	0	0	0	0	0	110	0	0	0	0	0	0	0	0	0	0	0	0	0	0	0	0	0	0	0	0	0	0	0	0	0	0	
672716	Supp_Motor_Area_L	13812	782	68412	21486	2956	0	18030	5030	646	0	12158	3254	3016	3744	2212	190	12114	670	0	43792	0	0	6458	4280	0	0	0	0	19632	3484	5830	7576	10212	20268	408	102	382	126	0	0	0	0	0	0	0	0	0	0	0	0	476	0	0	0	0	0	6156	306	406	0	890	0	222	0	0	0	240	0	6924	296	2940	1684	10928	2046	2036	0	478	0	224	126	4932	0	3892	0	0	0	0	0	94	0	0	0	0	0	0	0	0	0	0	0	0	0	0	0	0	0	0	0	0	0	0	0	0	0	0	0	
903840	Supp_Motor_Area_R	7780	19334	12924	91596	1916	482	1808	8740	446	0	1570	9480	1584	4944	942	406	560	11756	43792	0	0	0	3836	10380	0	604	0	0	6194	13368	3932	19160	10764	50974	1936	2392	226	2276	0	242	0	110	136	888	102	654	0	134	0	152	142	0	0	0	262	1010	874	5866	0	152	0	592	182	952	0	0	812	2374	13528	17446	2384	19700	3648	13554	1102	1318	1130	11362	0	2048	388	1412	238	0	92	480	0	0	0	352	0	0	0	0	0	0	0	0	0	0	0	0	0	0	0	0	0	0	0	0	0	0	0	0	0	0	
47872	Olfactory_L	0	0	690	0	2096	0	0	0	194	0	0	0	0	0	1530	0	0	0	0	0	0	2482	0	0	370	0	1006	0	2938	0	1680	388	0	0	0	0	542	0	482	0	1156	0	0	0	0	0	0	0	0	0	0	0	0	0	134	0	0	0	0	0	0	0	0	0	0	0	0	0	0	0	4706	1692	1718	0	0	0	0	0	0	0	0	0	132	0	0	0	0	0	0	0	0	0	0	0	0	0	0	0	0	0	0	0	0	0	0	0	0	0	0	0	0	0	0	0	0	0	
61932	Olfactory_R	0	0	0	106	0	2238	0	0	0	224	0	0	0	0	0	2366	0	0	0	0	2482	0	0	0	0	1188	0	3472	0	2164	3054	2546	0	0	0	0	0	350	0	130	0	362	0	0	0	0	0	0	0	0	0	0	0	0	0	0	0	0	0	0	0	0	0	0	0	0	0	0	0	0	2738	5982	458	1106	0	0	0	0	0	0	0	0	0	0	0	0	0	0	0	0	0	0	0	0	0	0	0	0	0	0	0	0	0	0	0	0	0	0	0	0	0	0	0	0	0	0	
285856	Frontal_Sup_Medial_L	144	288	32742	9570	806	0	18990	1344	0	0	180	458	2620	214	530	0	0	0	6458	3836	0	0	0	16540	692	0	0	0	4272	184	13086	10810	6354	8126	0	0	0	0	0	0	0	0	0	0	0	0	0	0	0	0	0	0	0	0	0	0	0	132	0	0	0	0	0	0	0	0	0	0	0	0	1000	210	3248	94	0	0	0	0	0	0	0	0	0	0	0	0	0	0	0	0	0	0	0	0	0	0	0	0	0	0	0	0	0	0	0	0	0	0	0	0	0	0	0	0	0	0	
310792	Frontal_Sup_Medial_R	0	0	2036	38356	148	2918	844	5084	0	0	0	650	0	2532	0	216	0	0	4280	10380	0	0	16540	0	0	3760	0	0	462	3272	7326	30952	676	14730	0	0	0	110	0	0	0	0	0	0	0	0	0	0	0	0	0	0	0	0	0	0	0	0	0	0	0	0	0	0	0	0	0	0	0	0	180	5146	156	4642	0	0	0	0	0	0	0	0	0	0	0	0	0	0	0	0	0	0	0	0	0	0	0	0	0	0	0	0	0	0	0	0	0	0	0	0	0	0	0	0	0	0	
22788	Frontal_Med_Orb_L	0	0	476	0	2460	114	0	0	696	0	0	0	0	0	194	0	0	0	0	0	370	0	692	0	0	878	1506	156	0	0	1766	164	0	0	0	0	0	0	0	0	0	0	0	0	0	0	0	0	0	0	0	0	0	0	0	0	0	0	0	0	0	0	0	0	0	0	0	0	0	0	1002	0	920	0	0	0	0	0	0	0	0	0	0	0	0	0	0	0	0	0	0	0	0	0	0	0	0	0	0	0	0	0	0	0	0	0	0	0	0	0	0	0	0	0	0	0	
79468	Frontal_Med_Orb_R	0	0	0	1918	0	8324	0	0	0	182	0	0	0	0	0	116	0	0	0	604	0	1188	0	3760	878	0	1022	6192	0	312	2828	5648	0	126	0	0	0	0	0	0	0	0	0	0	0	0	0	0	0	0	0	0	0	0	0	0	0	0	0	0	0	0	0	0	0	0	0	0	0	0	0	4500	0	2136	0	0	0	0	0	0	0	0	0	0	0	0	0	0	0	0	0	0	0	0	0	0	0	0	0	0	0	0	0	0	0	0	0	0	0	0	0	0	0	0	0	0	
24880	Rectus_L	0	0	0	0	2714	562	0	0	1218	0	0	0	0	0	564	0	0	0	0	0	1006	0	0	0	1506	1022	0	1028	138	0	254	0	0	0	0	0	0	0	0	0	276	0	0	0	0	0	0	0	0	0	0	0	0	0	0	0	0	0	0	0	0	0	0	0	0	0	0	0	0	0	1172	0	980	0	0	0	0	0	0	0	0	0	0	0	0	0	0	0	0	0	0	0	0	0	0	0	0	0	0	0	0	0	0	0	0	0	0	0	0	0	0	0	0	0	0	0	
60620	Rectus_R	0	0	0	0	0	9834	0	0	0	564	0	0	0	0	0	2454	0	0	0	0	0	3472	0	0	156	6192	1028	0	0	1198	378	1586	0	0	0	0	0	0	0	0	0	96	0	0	0	0	0	0	0	0	0	0	0	0	0	0	0	0	0	0	0	0	0	0	0	0	0	0	0	0	0	2746	0	606	0	0	0	0	0	0	0	0	0	0	0	0	0	0	0	0	0	0	0	0	0	0	0	0	0	0	0	0	0	0	0	0	0	0	0	0	0	0	0	0	0	0	
681368	Insula_L	9072	1490	34474	5782	18818	0	16498	4906	7134	0	23240	3884	23836	136	19644	0	24474	0	19632	6194	2938	0	4272	462	0	0	138	0	0	282	7294	3250	1594	2172	684	282	11440	144	630	0	3530	0	0	0	0	0	0	0	0	0	1298	0	98	0	3354	0	4492	418	710	0	1578	0	2294	0	776	0	368	0	120	0	5030	2876	17816	362	0	0	2412	212	6122	0	14278	0	9570	0	2884	0	148	0	4620	0	0	0	0	0	0	0	106	0	416	0	0	0	0	0	0	0	0	0	0	0	0	0	0	0	0	0	
376860	Insula_R	0	2562	142	17188	292	1464	0	5448	0	858	0	12782	0	19892	112	12342	0	13192	3484	13368	0	2164	184	3272	0	312	0	1198	282	0	1362	4494	0	3464	0	0	0	8860	0	2478	0	684	0	0	0	0	0	0	0	0	0	0	0	0	0	4106	0	1214	0	138	0	254	0	388	0	0	0	0	0	204	302	1462	130	26402	0	588	94	1662	0	3712	0	7364	0	3076	0	2430	0	0	0	2142	0	0	0	0	0	0	0	758	0	124	0	0	0	0	0	0	0	0	0	0	0	0	0	0	0	0	
304136	Cingulum_Ant_L	1166	336	11152	6008	1658	1242	8720	424	280	0	1662	604	4734	330	1984	160	132	110	5830	3932	1680	3054	13086	7326	1766	2828	254	378	7294	1362	0	23986	4898	2986	106	0	0	0	0	0	0	0	0	0	0	0	0	0	0	0	0	0	0	0	0	0	554	144	0	0	472	0	0	0	0	0	0	0	0	0	8618	11272	5750	3486	0	0	0	304	0	0	0	0	0	0	0	0	0	0	0	0	0	0	0	0	0	0	0	0	0	0	0	0	0	0	0	0	0	0	0	0	0	0	0	0	0	0	
459084	Cingulum_Ant_R	228	116	3368	32774	1920	3076	1188	2802	418	130	326	1112	922	1466	960	312	0	302	7576	19160	388	2546	10810	30952	164	5648	0	1586	3250	4494	23986	0	2002	24106	156	0	0	272	0	0	0	0	0	0	0	0	0	0	0	0	0	0	0	0	0	0	112	0	0	0	0	0	0	0	0	0	120	0	0	0	4782	22842	1266	11432	0	0	0	360	0	112	0	0	0	0	0	0	0	0	0	0	0	0	0	0	0	0	0	0	0	0	0	0	0	0	0	0	0	0	0	0	0	0	0	0	0	0	
197104	Cingulum_Mid_L	846	576	4784	1100	172	0	5228	0	0	0	0	0	1268	0	382	0	0	0	10212	10764	0	0	6354	676	0	0	0	0	1594	0	4898	2002	0	14134	6534	596	0	0	0	0	0	0	1264	0	1028	0	0	0	710	0	1590	0	228	0	0	0	1502	560	2492	0	1098	0	0	0	120	0	7580	302	5256	1958	110	0	282	0	0	0	0	0	0	0	0	0	0	0	220	0	0	0	132	0	0	0	0	0	0	0	0	0	0	0	0	0	0	0	0	0	0	0	0	0	0	0	0	0	0	0	
529552	Cingulum_Mid_R	3668	5164	2918	18862	582	344	1220	3278	0	0	664	2800	502	3404	216	316	208	852	20268	50974	0	0	8126	14730	0	126	0	0	2172	3464	2986	24106	14134	0	3456	7134	0	340	0	0	0	0	130	4846	162	3946	0	672	0	2012	108	842	0	174	196	256	0	6726	0	328	0	0	150	366	0	0	2030	12500	6652	19690	130	1958	0	2122	0	0	0	100	0	294	142	208	0	0	0	630	0	0	0	392	0	0	0	0	0	0	0	0	0	0	0	0	0	0	0	0	0	0	0	0	0	0	0	0	0	0	
152084	Cingulum_Post_L	1374	742	0	0	0	0	0	0	0	0	0	0	0	0	0	0	154	0	408	1936	0	0	0	0	0	0	0	0	684	0	106	156	6534	3456	0	9664	4422	2284	3786	142	0	0	3828	156	2124	100	1390	0	746	0	1896	0	334	0	4300	1088	980	808	556	0	1016	0	262	0	156	0	9586	1912	3042	2014	0	0	0	0	0	0	138	0	422	0	246	0	0	0	1208	0	0	0	1700	186	0	0	0	0	0	0	0	0	0	0	0	0	0	0	0	0	0	0	0	0	0	0	0	0	0	0	
156540	Cingulum_Post_R	1000	1058	0	92	0	0	0	0	0	0	0	0	0	0	0	0	0	0	102	2392	0	0	0	0	0	0	0	0	282	0	0	0	596	7134	9664	0	3520	4140	1836	698	0	0	0	4984	104	1826	0	2480	0	1078	0	754	0	468	368	3378	92	2666	0	0	0	0	0	94	0	110	2114	14136	364	4508	0	0	294	0	0	0	1408	670	0	0	0	96	0	0	0	1164	0	0	0	1790	0	0	0	0	0	0	0	0	0	0	0	0	0	0	0	0	0	0	0	0	810	0	0	0	0	0	
213340	Hippocampus_L	4656	0	2236	224	322	0	300	0	0	0	236	0	0	0	422	0	470	0	382	226	542	0	0	0	0	0	0	0	11440	0	0	0	0	0	4422	3520	0	2386	12662	426	7264	0	1490	0	0	0	2324	438	0	0	236	0	0	0	14684	108	292	0	0	0	164	0	94	0	0	0	2472	206	312	0	0	0	6906	0	592	0	4030	606	994	0	2280	0	1094	0	1432	0	396	0	9626	0	100	0	0	0	0	0	1718	0	1940	0	0	0	0	0	0	0	0	0	0	0	0	0	0	0	0	0	
323824	Hippocampus_R	1226	2200	0	5344	0	0	0	550	0	0	0	1174	0	158	0	92	108	1462	126	2276	0	350	0	110	0	0	0	0	144	8860	0	272	0	340	2284	4140	2386	0	1638	31258	0	12406	0	242	0	0	0	4472	0	0	0	0	0	0	118	29854	0	298	0	0	0	0	0	270	0	0	0	2448	312	586	0	264	186	14284	0	1402	1142	7668	0	1350	0	1536	0	640	0	844	0	242	0	3024	0	846	0	0	0	342	0	8422	0	1652	0	0	0	0	0	0	0	0	0	0	564	0	0	0	0	0	
94196	ParaHippocampal_L	0	0	152	0	184	0	0	0	0	0	0	0	0	0	0	0	0	0	0	0	482	0	0	0	0	0	0	0	630	0	0	0	0	0	3786	1836	12662	1638	0	262	1504	0	2022	0	0	0	4346	690	0	0	196	0	162	0	7582	0	0	0	0	0	0	0	0	0	0	0	3202	158	0	0	0	0	962	0	0	0	1004	196	0	0	0	0	0	0	170	0	0	0	1026	0	0	0	0	0	100	0	1008	0	682	0	0	0	0	0	0	0	0	0	126	330	0	0	0	0	0	0	
216832	ParaHippocampal_R	272	434	0	1598	0	0	0	0	0	0	0	272	0	0	0	0	0	194	0	242	0	130	0	0	0	0	0	0	0	2478	0	0	0	0	142	698	426	31258	262	0	0	10340	0	164	0	0	0	3614	0	0	0	0	0	0	0	25690	0	0	0	0	0	0	0	0	0	0	0	560	0	142	0	0	94	5116	0	638	436	3456	0	338	0	336	0	2488	0	298	0	1880	0	1608	0	928	0	0	0	468	0	9614	0	1802	0	0	0	0	0	0	0	0	0	0	0	0	0	0	0	0	
40984	Amygdala_L	0	0	812	0	504	0	0	0	92	0	0	0	0	0	470	0	0	0	0	0	1156	0	0	0	0	0	276	0	3530	0	0	0	0	0	0	0	7264	0	1504	0	0	0	0	0	0	0	0	0	0	0	0	0	0	0	2592	0	0	0	0	0	0	0	0	0	0	0	0	0	0	0	0	0	1252	0	0	0	0	0	0	0	0	0	340	0	0	0	154	0	546	0	0	0	0	0	0	0	0	0	0	0	0	0	0	0	0	0	0	0	0	0	0	0	0	0	0	0	
68568	Amygdala_R	0	0	0	190	0	0	0	0	0	0	0	0	0	0	0	94	0	0	0	110	0	362	0	0	0	0	0	96	0	684	0	0	0	0	0	0	0	12406	0	10340	0	0	0	0	0	0	0	0	0	0	0	0	0	0	0	6204	0	0	0	0	0	0	0	0	0	0	0	0	0	0	0	0	0	1004	0	0	0	128	0	0	0	0	0	1604	0	0	0	568	0	0	0	0	0	0	0	0	0	494	0	0	0	0	0	0	0	0	0	0	0	0	0	0	0	0	0	0	
192356	Calcarine_L	196	0	0	0	0	0	0	0	0	0	0	0	0	0	0	0	0	0	0	136	0	0	0	0	0	0	0	0	0	0	0	0	1264	130	3828	0	1490	0	2022	0	0	0	0	3750	12034	1396	9876	1206	8922	668	19220	330	3188	188	4210	130	0	0	998	0	656	0	0	0	220	0	16660	932	504	138	0	0	0	0	0	0	0	0	0	0	0	0	0	0	1466	0	0	0	420	0	0	0	0	0	0	0	0	0	0	0	0	0	0	0	0	0	0	0	0	0	0	0	0	0	0	0	
351472	Calcarine_R	0	442	0	0	0	0	0	0	0	0	0	0	0	0	0	0	0	0	0	888	0	0	0	0	0	0	0	0	0	0	0	0	0	4846	156	4984	0	242	0	164	0	0	3750	0	5424	31824	228	16580	124	26370	0	18124	0	6088	0	6216	0	2112	0	448	0	148	0	0	0	516	1938	32156	132	3122	0	0	0	0	0	0	0	0	0	0	0	124	0	0	0	4070	0	0	0	4316	0	0	0	0	0	0	0	0	0	0	0	0	0	0	0	0	0	0	0	0	204	0	0	0	0	0	
178884	Cuneus_L	0	0	0	0	0	0	0	0	0	0	0	0	0	0	0	0	0	0	0	102	0	0	0	0	0	0	0	0	0	0	0	0	1028	162	2124	104	0	0	0	0	0	0	12034	5424	0	7342	942	260	18650	2770	12788	594	624	0	402	108	0	0	1986	140	744	0	0	0	314	0	15332	4264	446	96	0	0	0	0	0	0	0	0	0	0	0	0	0	0	412	0	0	0	250	0	0	0	0	0	0	0	0	0	0	0	0	0	0	0	0	0	0	0	0	0	0	0	0	0	0	0	
327856	Cuneus_R	0	134	0	0	0	0	0	0	0	0	0	0	0	0	0	0	0	0	0	654	0	0	0	0	0	0	0	0	0	0	0	0	0	3946	100	1826	0	0	0	0	0	0	1396	31824	7342	0	0	6740	180	37764	0	17160	0	1862	0	1252	0	1182	0	1592	0	104	0	0	0	356	6858	32800	96	2032	0	0	0	0	0	0	0	0	0	0	0	0	0	0	0	3830	0	0	0	2792	0	0	0	0	0	0	0	0	0	0	0	0	0	0	0	0	0	0	0	0	106	0	0	0	0	0	
239284	Lingual_L	0	0	0	0	0	0	0	0	0	0	0	0	0	0	0	0	0	0	0	0	0	0	0	0	0	0	0	0	0	0	0	0	0	0	1390	0	2324	0	4346	0	0	0	9876	228	942	0	0	2452	1552	0	10732	0	4602	0	16718	252	0	0	238	0	182	0	0	0	0	0	5552	0	0	0	0	0	124	0	0	0	0	0	0	0	0	0	0	0	362	0	0	0	550	0	9376	1478	952	334	460	0	15762	1288	15018	2046	174	0	174	0	0	0	0	0	0	104	5220	2906	1430	0	0	498	
253180	Lingual_R	0	98	0	202	0	0	0	0	0	0	0	0	0	0	0	0	0	0	0	134	0	0	0	0	0	0	0	0	0	0	0	0	0	672	0	2480	438	4472	690	3614	0	0	1206	16580	260	6740	2452	0	0	9532	0	10664	150	4162	1046	12584	0	216	0	180	0	0	0	0	0	114	1270	12182	0	404	0	0	0	0	0	0	0	1066	0	0	0	0	0	0	0	670	0	0	0	1036	992	1998	0	230	290	102	2476	5246	3316	4988	0	0	0	0	0	142	0	0	0	224	5814	4360	802	0	156	140	
187196	Occipital_Sup_L	386	0	0	0	0	0	0	0	0	0	112	0	0	0	0	0	0	0	0	0	0	0	0	0	0	0	0	0	0	0	0	0	710	0	746	0	0	0	0	0	0	0	8922	124	18650	180	1552	0	0	0	27162	0	4416	0	286	0	2108	0	9342	0	3972	0	166	0	0	0	13318	678	422	0	0	0	0	0	0	0	0	0	0	0	0	0	0	0	186	0	0	0	160	0	0	0	0	0	0	0	0	0	0	0	0	0	0	0	0	0	0	0	0	0	0	0	0	0	0	0	
316588	Occipital_Sup_R	0	0	0	0	0	0	0	0	0	0	0	0	0	0	0	0	0	0	0	152	0	0	0	0	0	0	0	0	0	0	0	0	0	2012	0	1078	0	0	0	0	0	0	668	26370	2770	37764	0	9532	0	0	0	28462	0	1512	0	790	0	354	0	6132	0	2286	0	0	0	5376	4084	23004	0	710	0	0	0	0	0	0	0	0	0	0	0	0	0	0	0	3124	0	0	0	2114	0	0	0	0	0	0	0	0	0	0	0	0	0	0	0	0	0	0	0	0	0	0	0	0	0	0	
450592	Occipital_Mid_L	1758	0	528	0	0	0	378	0	0	0	1158	0	0	0	0	0	2006	0	476	142	0	0	0	0	0	0	0	0	1298	0	0	0	1590	108	1896	0	236	0	196	0	0	0	19220	0	12788	0	10732	0	27162	0	0	0	17730	0	5752	0	7216	0	22900	0	25366	0	3874	0	15846	0	20792	0	882	140	0	0	0	0	0	0	0	0	780	0	1852	0	278	0	17104	0	0	0	3112	0	0	0	0	0	0	0	0	0	0	0	0	0	0	0	0	0	0	0	0	0	0	0	0	0	0	0	
256892	Occipital_Mid_R	0	0	0	0	0	0	0	0	0	0	0	0	0	0	0	0	0	0	0	0	0	0	0	0	0	0	0	0	0	0	0	0	0	842	0	754	0	0	0	0	0	0	330	18124	594	17160	0	10664	0	28462	0	0	0	4160	0	822	0	258	0	1316	0	1326	0	354	0	12530	2380	15300	0	440	0	0	0	0	0	0	0	0	0	0	0	294	0	0	0	9580	0	0	0	2756	0	0	0	0	0	0	0	0	0	0	0	0	0	0	0	0	0	0	0	0	0	0	0	0	0	0	
115060	Occipital_Inf_L	124	0	0	0	0	0	0	0	0	0	0	0	0	0	0	0	116	0	0	0	0	0	0	0	0	0	0	0	98	0	0	0	228	0	334	0	0	0	162	0	0	0	3188	0	624	0	4602	150	4416	0	17730	0	0	0	6620	0	1364	0	2706	0	2236	0	310	0	520	0	3630	0	0	0	0	0	0	0	0	0	0	0	100	0	0	0	0	0	2868	0	0	0	3478	0	502	0	0	0	0	0	0	0	862	0	0	0	0	0	0	0	0	0	0	0	100	304	158	0	0	0	
76856	Occipital_Inf_R	0	0	0	0	0	0	0	0	0	0	0	0	0	0	0	0	0	0	0	0	0	0	0	0	0	0	0	0	0	0	0	0	0	174	0	468	0	0	0	0	0	0	188	6088	0	1862	0	4162	0	1512	0	4160	0	0	0	5706	0	0	0	0	0	0	0	0	0	0	92	3032	0	0	0	0	0	0	0	0	0	0	0	0	0	0	0	0	0	2202	0	0	0	8420	0	200	0	0	0	0	0	0	0	162	0	0	0	0	0	0	0	0	0	0	0	0	0	0	0	0	
384576	Fusiform_L	808	108	306	0	0	0	0	0	0	0	0	0	0	0	0	0	726	0	0	262	134	0	0	0	0	0	0	0	3354	0	0	0	0	196	4300	368	14684	118	7582	0	2592	0	4210	0	402	0	16718	1046	286	0	5752	0	6620	0	0	192	754	0	320	0	744	0	1438	0	140	0	5106	248	0	248	0	0	1764	0	0	0	468	0	1804	0	2914	0	2006	0	6142	0	2024	0	19734	0	18324	1560	1144	418	474	0	14342	466	28096	1952	332	0	344	94	320	0	0	0	0	442	2590	2600	1906	266	0	0	
388448	Fusiform_R	198	1912	0	1682	0	0	0	0	0	0	0	236	0	0	0	0	0	336	0	1010	0	0	0	0	0	0	0	0	0	4106	0	0	0	256	1088	3378	108	29854	0	25690	0	6204	130	6216	108	1252	252	12584	0	790	0	822	0	5706	192	0	0	332	0	0	0	0	0	0	0	0	152	4762	0	796	0	0	0	6142	0	294	94	2838	0	678	0	1382	0	8042	0	5146	0	3200	0	24736	208	5144	0	202	0	504	436	12764	472	8196	0	0	0	184	0	0	0	0	0	104	2092	920	294	0	0	0	
274480	Postcentral_L	22380	480	9820	854	0	0	3810	0	0	0	5764	98	180	0	0	0	10030	0	6156	874	0	0	0	0	0	0	0	0	4492	0	554	112	1502	0	980	92	292	0	0	0	0	0	0	0	0	0	0	0	2108	0	7216	0	1364	0	754	0	0	0	11342	0	24954	0	6708	0	224	0	5754	0	2356	0	0	0	182	0	0	0	202	286	694	0	3440	0	510	0	286	0	0	0	390	0	0	0	0	0	0	0	0	0	0	0	0	0	0	0	0	0	0	0	0	0	0	0	0	0	0	0	
206660	Postcentral_R	186	19666	382	4998	370	0	92	1798	0	0	0	5252	0	0	128	0	0	2212	306	5866	0	0	132	0	0	0	0	0	418	1214	144	0	560	6726	808	2666	0	298	0	0	0	0	0	2112	0	1182	0	216	0	354	0	258	0	0	0	332	0	0	0	6212	0	4834	0	10876	0	130	252	6884	490	9652	260	0	712	310	0	0	0	268	0	344	0	1058	0	0	0	1886	0	0	0	486	0	0	0	0	0	0	0	0	0	0	0	0	0	0	0	0	0	0	0	0	0	0	0	0	0	0	
216692	Parietal_Sup_L	1758	0	448	0	0	0	344	0	0	0	980	0	0	0	0	0	1122	0	406	0	0	0	0	0	0	0	0	0	710	0	0	0	2492	0	556	0	0	0	0	0	0	0	998	0	1986	0	238	0	9342	0	22900	0	2706	0	320	0	11342	0	0	0	20642	0	2032	0	1062	0	20738	0	1780	0	0	0	0	0	0	0	0	0	368	0	1190	0	242	0	720	0	0	0	924	0	0	0	0	0	0	0	0	0	0	0	0	0	0	0	0	0	0	0	0	0	0	0	0	0	0	0	
106848	Parietal_Sup_R	0	1050	0	202	0	0	0	0	0	0	0	814	0	0	0	0	0	0	0	152	0	0	0	0	0	0	0	0	0	138	0	0	0	328	0	0	0	0	0	0	0	0	0	448	140	1592	0	180	0	6132	0	1316	0	0	0	0	0	6212	0	0	0	11252	0	3298	0	5502	1198	8038	0	306	0	0	0	158	0	0	0	0	0	0	0	0	0	0	0	2946	0	0	0	2022	0	0	0	0	0	0	0	0	0	0	0	0	0	0	0	0	0	0	0	0	0	0	0	0	0	0	
324072	Parietal_Inf_L	3840	0	1096	0	0	0	1946	0	0	0	1116	0	0	0	0	0	2772	0	890	0	0	0	0	0	0	0	0	0	1578	0	472	0	1098	0	1016	0	164	0	0	0	0	0	656	0	744	0	182	0	3972	0	25366	0	2236	0	744	0	24954	0	20642	0	0	0	13712	0	21328	0	7762	0	1006	0	0	0	0	0	0	0	0	0	2832	0	3592	0	248	0	9628	0	0	0	6444	0	0	0	0	0	0	0	0	0	0	0	0	0	0	0	0	0	0	0	0	0	0	0	0	0	0	0	
132180	Parietal_Inf_R	0	2160	0	804	0	0	0	126	0	0	0	2006	0	0	0	0	0	0	0	592	0	0	0	0	0	0	0	0	0	254	0	0	0	0	0	0	0	0	0	0	0	0	0	148	0	104	0	0	0	2286	0	1326	0	0	0	0	0	4834	0	11252	0	0	0	15226	0	10030	0	286	0	0	0	0	0	288	0	0	0	0	0	0	0	962	0	0	0	8140	0	0	0	5266	0	0	0	0	0	0	0	0	0	0	0	0	0	0	0	0	0	0	0	0	0	0	0	0	0	0	
146012	SupraMarginal_L	1506	94	270	0	0	0	530	0	0	0	1750	0	0	0	0	0	3932	0	222	182	0	0	0	0	0	0	0	0	2294	0	0	0	0	150	262	0	94	0	0	0	0	0	0	0	0	0	0	0	166	0	3874	0	310	0	1438	0	6708	0	2032	0	13712	0	0	0	8254	0	892	0	0	168	0	0	0	0	0	0	0	0	3386	0	5490	0	198	0	9594	0	0	0	5498	0	0	0	0	0	0	0	0	0	0	0	0	0	0	0	0	0	0	0	0	0	0	0	0	0	0	0	
114524	SupraMarginal_R	0	3020	0	1168	0	0	0	274	0	0	0	2606	0	0	0	0	0	1660	0	952	0	0	0	0	0	0	0	0	0	388	0	0	0	366	0	94	0	270	0	0	0	0	0	0	0	0	0	0	0	0	0	354	0	0	0	0	0	10876	0	3298	0	15226	0	0	0	6730	0	152	0	530	0	0	0	274	0	0	0	0	0	330	0	2418	0	0	0	4838	0	0	0	1438	0	0	0	0	0	0	0	0	0	0	0	0	0	0	0	0	0	0	0	0	0	0	0	0	0	0	
159992	Angular_L	186	0	0	0	0	0	0	0	0	0	0	0	0	0	0	0	502	0	0	0	0	0	0	0	0	0	0	0	776	0	0	0	120	0	156	0	0	0	0	0	0	0	220	0	314	0	0	0	0	0	15846	0	520	0	140	0	224	0	1062	0	21328	0	8254	0	0	0	850	0	0	0	0	0	0	0	0	0	0	0	3110	0	1714	0	0	0	17400	0	0	0	7274	0	0	0	0	0	0	0	0	0	0	0	0	0	0	0	0	0	0	0	0	0	0	0	0	0	0	0	
105660	Angular_R	0	0	0	0	0	0	0	0	0	0	0	0	0	0	0	0	0	0	0	0	0	0	0	0	0	0	0	0	0	0	0	0	0	0	0	110	0	0	0	0	0	0	0	516	0	356	0	114	0	5376	0	12530	0	0	0	0	0	130	0	5502	0	10030	0	6730	0	0	0	670	0	0	0	0	0	0	0	0	0	0	0	0	0	2832	0	0	0	6698	0	0	0	1236	0	0	0	0	0	0	0	0	0	0	0	0	0	0	0	0	0	0	0	0	0	0	0	0	0	0	
372700	Precuneus_L	1012	170	128	0	0	0	0	0	0	0	356	0	0	0	0	0	356	0	240	812	0	0	0	0	0	0	0	0	368	0	0	120	7580	2030	9586	2114	2472	0	3202	0	0	0	16660	1938	15332	6858	5552	1270	13318	4084	20792	2380	3630	92	5106	152	5754	252	20738	1198	7762	0	892	0	850	0	0	12528	2608	638	0	0	0	0	0	0	0	0	210	0	442	0	130	0	1878	430	0	0	1964	212	0	0	0	0	0	0	154	0	0	0	0	0	0	0	0	0	0	0	0	0	0	0	0	0	0	0	
431100	Precuneus_R	188	954	0	122	0	0	0	0	0	0	0	0	0	0	0	0	0	0	0	2374	0	0	0	0	0	0	0	0	0	0	0	0	302	12500	1912	14136	206	2448	158	560	0	0	932	32156	4264	32800	0	12182	678	23004	0	15300	0	3032	248	4762	0	6884	0	8038	0	286	0	152	0	670	12528	0	312	7958	0	0	0	0	0	0	0	154	0	0	0	190	0	0	0	5996	0	0	96	5538	0	0	0	0	0	0	0	258	0	0	0	0	0	0	0	0	0	0	0	0	1272	0	0	0	0	0	
170520	Paracentral_Lobule_L	8830	2652	8342	1850	0	0	0	102	0	0	0	0	0	0	0	0	116	0	6924	13528	0	0	0	0	0	0	0	0	120	0	0	0	5256	6652	3042	364	312	312	0	0	0	0	504	132	446	96	0	0	422	0	882	0	0	0	0	0	2356	490	1780	0	1006	0	0	0	0	0	2608	312	0	4938	1040	634	1448	0	2136	0	4970	658	0	0	0	0	0	0	0	0	0	0	0	0	0	0	0	0	0	0	0	0	0	0	0	0	0	0	0	0	0	0	0	0	0	0	0	0	0	0	
186196	Paracentral_Lobule_R	2898	8532	0	242	0	0	0	0	0	0	0	0	0	0	0	0	120	176	296	17446	0	0	0	0	0	0	0	0	0	204	0	0	1958	19690	2014	4508	0	586	0	142	0	0	138	3122	96	2032	0	404	0	710	140	440	0	0	248	796	0	9652	0	306	0	0	168	530	0	0	638	7958	4938	0	0	116	0	0	0	0	0	246	0	208	108	362	0	0	0	556	0	0	0	374	0	0	0	0	0	0	0	0	0	0	0	0	0	0	0	0	0	0	0	0	0	0	0	0	0	0	
183732	Caudate_L	524	1816	6916	2296	4022	0	802	1538	1002	0	298	1280	2138	120	3118	0	0	0	2940	2384	4706	2738	1000	180	1002	0	1172	0	5030	302	8618	4782	110	130	0	0	0	0	0	0	0	0	0	0	0	0	0	0	0	0	0	0	0	0	0	0	0	260	0	0	0	0	0	0	0	0	0	0	1040	0	0	7824	14070	784	1028	0	5022	874	0	0	0	0	0	0	0	0	0	0	0	0	0	0	0	0	0	0	0	0	0	0	0	0	0	0	0	0	0	0	0	0	0	0	0	0	0	0	
330008	Caudate_R	880	2556	1744	20386	2036	6094	222	312	408	486	94	508	564	180	838	1504	0	0	1684	19700	1692	5982	210	5146	0	4500	0	2746	2876	1462	11272	22842	0	1958	0	0	0	264	0	0	0	0	0	0	0	0	0	0	0	0	0	0	0	0	0	0	0	0	0	0	0	0	0	0	0	0	0	0	634	116	7824	0	2580	15102	158	1296	976	15172	0	0	0	0	0	0	0	0	0	0	0	0	0	0	0	0	0	0	0	0	0	0	0	0	0	0	0	0	0	0	0	0	0	0	0	0	0	0	
323040	Putamen_L	5464	2494	23720	4206	14556	0	1946	2250	5460	0	362	1824	1896	0	6564	0	268	0	10928	3648	1718	458	3248	156	920	0	980	0	17816	130	5750	1266	282	0	0	294	6906	186	962	94	1252	0	0	0	0	0	124	0	0	0	0	0	0	0	1764	0	182	712	0	0	0	0	0	0	0	0	0	0	1448	0	14070	2580	0	580	5942	0	4270	304	0	0	186	0	336	0	0	0	0	0	900	0	0	0	0	0	0	0	0	0	118	0	0	0	0	0	0	0	0	0	0	0	0	0	0	0	0	0	
332212	Putamen_R	0	1364	456	17566	326	4508	0	2366	106	690	0	5622	100	5228	190	2500	0	3076	2046	13554	0	1106	94	4642	0	2136	0	606	362	26402	3486	11432	0	2122	0	0	0	14284	0	5116	0	1004	0	0	0	0	0	0	0	0	0	0	0	0	0	6142	0	310	0	158	0	288	0	274	0	0	0	0	0	0	784	15102	580	0	0	2688	96	3706	0	0	0	260	0	148	0	220	0	0	0	440	0	120	0	0	0	0	0	1968	0	332	0	0	0	0	0	0	0	0	0	0	0	0	0	0	0	0	
42540	Pallidum_L	920	150	4768	646	0	0	0	0	0	0	0	0	0	0	0	0	0	0	2036	1102	0	0	0	0	0	0	0	0	0	0	0	0	0	0	0	0	592	0	0	0	0	0	0	0	0	0	0	0	0	0	0	0	0	0	0	0	0	0	0	0	0	0	0	0	0	0	0	0	2136	0	1028	158	5942	0	0	0	1638	154	0	0	0	0	0	0	0	0	0	0	0	0	0	0	0	0	0	0	0	0	0	0	0	0	0	0	0	0	0	0	0	0	0	0	0	0	0	0	
22132	Pallidum_R	0	0	0	1726	0	0	0	264	0	0	0	228	0	158	0	0	0	218	0	1318	0	0	0	0	0	0	0	0	0	588	0	0	0	0	0	0	0	1402	0	638	0	0	0	0	0	0	0	0	0	0	0	0	0	0	0	294	0	0	0	0	0	0	0	0	0	0	0	0	0	0	0	1296	0	2688	0	0	0	248	0	0	0	0	0	0	0	0	0	0	0	0	0	0	0	0	0	0	0	0	0	0	0	0	0	0	0	0	0	0	0	0	0	0	0	0	0	0	
123608	Thalamus_L	12230	1150	8380	1448	0	0	2486	96	0	0	494	118	0	0	0	0	572	0	478	1130	0	0	0	0	0	0	0	0	2412	94	0	0	0	0	138	1408	4030	1142	1004	436	0	0	0	0	0	0	0	0	0	0	0	0	0	0	468	94	202	0	0	0	0	0	0	0	0	0	0	0	4970	0	5022	976	4270	96	1638	0	0	3290	136	0	724	0	436	0	0	0	0	0	236	0	0	0	0	0	0	0	0	0	0	0	0	0	0	0	0	0	0	0	0	0	0	0	0	0	0	0	
219772	Thalamus_R	2360	15722	242	31532	100	0	136	526	0	0	0	200	0	0	0	0	0	314	0	11362	0	0	0	0	0	0	0	0	212	1662	304	360	0	100	0	670	606	7668	196	3456	0	128	0	0	0	0	0	1066	0	0	0	0	0	0	0	2838	286	268	0	0	0	0	0	0	0	0	0	154	658	246	874	15172	304	3706	154	248	3290	0	0	348	0	750	0	0	0	310	0	0	0	728	0	0	0	0	0	0	0	630	0	0	0	0	0	0	0	0	0	0	0	0	0	0	0	0	0	0	
109920	Heschl_L	2176	0	634	0	0	0	296	0	0	0	604	0	0	0	0	0	3298	0	224	0	0	0	0	0	0	0	0	0	6122	0	0	0	0	0	422	0	994	0	0	0	0	0	0	0	0	0	0	0	0	0	780	0	100	0	1804	0	694	0	368	0	2832	0	3386	0	3110	0	210	0	0	0	0	0	0	0	0	0	136	0	0	0	5552	0	0	0	10318	0	0	0	10900	0	0	0	0	0	0	0	0	0	0	0	0	0	0	0	0	0	0	0	0	0	0	0	0	0	0	0	
51500	Heschl_R	0	298	0	2276	0	0	0	516	0	0	0	348	0	0	0	0	0	4744	126	2048	0	0	0	0	0	0	0	0	0	3712	0	112	0	294	0	0	0	1350	0	338	0	0	0	0	0	0	0	0	0	0	0	0	0	0	0	678	0	344	0	0	0	0	0	330	0	0	0	0	0	208	0	0	0	0	0	0	0	348	0	0	0	5928	0	0	0	1380	0	0	0	372	0	0	0	0	0	0	0	0	0	0	0	0	0	0	0	0	0	0	0	0	0	0	0	0	0	0	
256952	Temporal_Sup_L	2230	92	6594	230	0	0	1932	0	0	0	9742	0	806	0	0	0	15280	0	4932	388	0	0	0	0	0	0	0	0	14278	0	0	0	0	142	246	0	2280	0	0	0	0	0	0	0	0	0	0	0	0	0	1852	0	0	0	2914	0	3440	0	1190	0	3592	0	5490	0	1714	0	442	0	0	108	0	0	186	0	0	0	724	0	5552	0	0	0	10270	0	18996	0	0	0	12598	0	0	0	0	0	0	0	0	0	236	0	0	0	0	0	0	0	0	0	0	0	0	0	0	0	0	0	
121048	Temporal_Sup_R	0	746	0	1520	0	0	0	0	0	0	0	292	0	0	0	2416	0	3346	0	1412	0	0	0	0	0	0	0	0	0	7364	0	0	0	208	0	96	0	1536	0	336	0	0	0	124	0	0	0	0	0	0	0	294	0	0	0	1382	0	1058	0	0	0	962	0	2418	0	2832	0	190	0	362	0	0	0	260	0	0	0	750	0	5928	0	0	0	5240	0	16770	0	290	0	2392	0	0	0	0	0	0	0	0	0	0	0	0	0	0	0	0	0	0	0	0	0	0	0	0	0	0	
152888	Temporal_Pole_Sup_L	1156	0	4778	178	192	0	1750	0	104	0	9018	0	748	0	540	0	9254	0	3892	238	132	0	0	0	0	0	0	0	9570	0	0	0	0	0	0	0	1094	0	0	0	340	0	0	0	0	0	0	0	0	0	278	0	0	0	2006	0	510	0	242	0	248	0	198	0	0	0	130	0	0	0	0	0	336	0	0	0	436	0	0	0	10270	0	0	0	7192	0	5846	0	5672	0	0	0	0	0	0	0	0	0	96	0	0	0	0	0	0	0	0	0	0	0	0	0	0	0	0	0	
82032	Temporal_Pole_Sup_R	0	0	0	0	0	0	0	0	0	0	0	0	0	0	0	2452	0	158	0	0	0	0	0	0	0	0	0	0	0	3076	0	0	0	0	0	0	0	640	0	2488	0	1604	0	0	0	0	0	0	0	0	0	0	0	0	0	8042	0	0	0	0	0	0	0	0	0	0	0	0	0	0	0	0	0	148	0	0	0	0	0	0	0	5240	0	0	0	5270	0	6900	0	4998	0	0	0	0	0	0	0	0	0	0	0	0	0	0	0	0	0	0	0	0	0	0	0	0	0	0	
326984	Temporal_Mid_L	392	0	0	0	0	0	124	0	0	0	208	0	0	0	0	0	2270	0	0	92	0	0	0	0	0	0	0	0	2884	0	0	0	220	0	1208	0	1432	0	170	0	0	0	1466	0	412	0	362	0	186	0	17104	0	2868	0	6142	0	286	0	720	0	9628	0	9594	0	17400	0	1878	0	0	0	0	0	0	0	0	0	0	0	10318	0	18996	0	7192	0	0	0	5406	0	44384	0	0	0	0	0	0	0	0	0	150	0	0	0	0	0	0	0	0	0	0	0	0	0	0	0	0	0	
244252	Temporal_Mid_R	0	956	0	526	0	0	0	0	0	0	0	234	0	0	0	548	0	0	0	480	0	0	0	0	0	0	0	0	0	2430	0	0	0	630	0	1164	0	844	0	298	0	0	0	4070	0	3830	0	670	0	3124	0	9580	0	2202	0	5146	0	1886	0	2946	0	8140	0	4838	0	6698	430	5996	0	556	0	0	0	220	0	0	0	310	0	1380	0	16770	0	5270	0	0	0	2056	0	27898	0	0	0	0	0	0	0	0	0	0	0	0	0	0	0	0	0	0	0	0	0	0	0	0	0	0	
39068	Temporal_Pole_Mid_L	0	0	0	0	0	0	0	0	0	0	0	0	0	0	0	0	0	0	0	0	0	0	0	0	0	0	0	0	148	0	0	0	0	0	0	0	396	0	0	0	154	0	0	0	0	0	0	0	0	0	0	0	0	0	2024	0	0	0	0	0	0	0	0	0	0	0	0	0	0	0	0	0	0	0	0	0	0	0	0	0	0	0	5846	0	5406	0	0	0	5560	0	0	0	0	0	0	0	0	0	0	0	0	0	0	0	0	0	0	0	0	0	0	0	0	0	0	0	
36932	Temporal_Pole_Mid_R	0	0	0	0	0	0	0	0	0	0	0	0	0	0	0	0	0	0	0	0	0	0	0	0	0	0	0	0	0	0	0	0	0	0	0	0	0	242	0	1880	0	568	0	0	0	0	0	0	0	0	0	0	0	0	0	3200	0	0	0	0	0	0	0	0	0	0	0	0	0	0	0	0	0	0	0	0	0	0	0	0	0	290	0	6900	0	2056	0	0	0	3330	0	0	0	0	0	0	0	0	0	0	0	0	0	0	0	0	0	0	0	0	0	0	0	0	0	0	
311024	Temporal_Inf_L	600	0	278	0	0	0	124	0	0	0	188	0	0	0	0	0	1828	0	94	0	0	0	0	0	0	0	0	0	4620	0	0	0	132	0	1700	0	9626	0	1026	0	546	0	420	0	250	0	550	0	160	0	3112	0	3478	0	19734	0	390	0	924	0	6444	0	5498	0	7274	0	1964	96	0	0	0	0	900	0	0	0	236	0	10900	0	12598	0	5672	0	44384	0	5560	0	0	0	1452	0	0	0	0	0	962	0	1792	0	0	0	0	0	0	0	0	0	0	0	0	0	0	0	0	0	
229728	Temporal_Inf_R	0	690	0	402	0	0	0	0	0	0	0	0	0	0	0	0	0	110	0	352	0	0	0	0	0	0	0	0	0	2142	0	0	0	392	186	1790	0	3024	0	1608	0	0	0	4316	0	2792	0	1036	0	2114	0	2756	0	8420	0	24736	0	486	0	2022	0	5266	0	1438	0	1236	212	5538	0	374	0	0	0	440	0	0	0	728	0	372	0	2392	0	4998	0	27898	0	3330	0	0	0	590	0	0	0	0	0	460	0	218	0	0	0	0	0	0	0	0	0	0	0	0	0	0	0	0	
474916	Cerebelum_Crus1_L	0	0	0	0	0	0	0	0	0	0	0	0	0	0	0	0	0	0	0	0	0	0	0	0	0	0	0	0	0	0	0	0	0	0	0	0	100	0	0	0	0	0	0	0	0	0	9376	992	0	0	0	0	502	0	18324	208	0	0	0	0	0	0	0	0	0	0	0	0	0	0	0	0	0	0	0	0	0	0	0	0	0	0	0	0	0	0	0	0	1452	0	0	5806	35340	3858	1452	436	25644	2992	56864	6932	12460	436	14870	1586	3352	878	468	0	404	1672	8926	8442	9762	2058	1162	704	
518808	Cerebelum_Crus1_R	0	0	0	0	0	0	0	0	0	0	0	0	0	0	0	0	0	0	0	0	0	0	0	0	0	0	0	0	0	0	0	0	0	0	0	0	0	846	0	928	0	0	0	0	0	0	1478	1998	0	0	0	0	0	200	1560	5144	0	0	0	0	0	0	0	0	0	0	0	0	0	0	0	0	0	120	0	0	0	0	0	0	0	0	0	0	0	0	0	0	0	590	5806	0	394	35222	252	4560	6060	29122	8152	59768	272	7650	1216	21100	992	6766	0	316	366	4860	16750	14764	14212	3288	3194	1458	
254348	Cerebelum_Crus2_L	0	0	0	0	0	0	0	0	0	0	0	0	0	0	0	0	0	0	0	0	0	0	0	0	0	0	0	0	0	0	0	0	0	0	0	0	0	0	0	0	0	0	0	0	0	0	952	0	0	0	0	0	0	0	1144	0	0	0	0	0	0	0	0	0	0	0	0	0	0	0	0	0	0	0	0	0	0	0	0	0	0	0	0	0	0	0	0	0	0	0	35340	394	0	5294	320	102	3050	422	6622	740	29896	1924	27460	1806	2162	0	314	0	0	246	1066	544	5016	2246	114	0	
367372	Cerebelum_Crus2_R	0	0	0	0	0	0	0	0	0	0	0	0	0	0	0	0	0	0	0	0	0	0	0	0	0	0	0	0	0	0	0	0	0	0	0	0	0	0	0	0	0	0	0	0	0	0	334	230	0	0	0	0	0	0	418	202	0	0	0	0	0	0	0	0	0	0	0	0	0	0	0	0	0	0	0	0	0	0	0	0	0	0	0	0	0	0	0	0	0	0	3858	35222	5294	0	0	732	482	1798	3174	8830	3100	32024	5620	43164	1358	11238	0	410	0	892	1172	2456	13170	5612	2508	388	
49976	Cerebelum_3_L	0	0	0	0	0	0	0	0	0	0	0	0	0	0	0	0	0	0	0	0	0	0	0	0	0	0	0	0	0	0	0	0	0	0	0	0	0	0	100	0	0	0	0	0	0	0	460	290	0	0	0	0	0	0	474	0	0	0	0	0	0	0	0	0	0	0	0	0	0	0	0	0	0	0	0	0	0	0	0	0	0	0	0	0	0	0	0	0	0	0	1452	252	320	0	0	0	7850	358	3090	606	124	0	356	148	1308	206	152	0	1356	2446	2260	402	414	336	228	0	
79628	Cerebelum_3_R	0	0	0	0	0	0	0	0	0	0	0	0	0	0	0	0	0	0	0	0	0	0	0	0	0	0	0	0	0	0	0	0	0	0	0	0	0	342	0	468	0	0	0	0	0	0	0	102	0	0	0	0	0	0	0	504	0	0	0	0	0	0	0	0	0	0	0	0	0	0	0	0	0	0	0	0	0	0	0	0	0	0	0	0	0	0	0	0	0	0	436	4560	102	732	0	0	528	6546	622	9026	0	0	0	1202	98	1562	0	0	358	6200	1506	1012	1470	1128	1154	156	
393504	Cerebelum_4_5_L	0	0	0	0	0	0	0	0	0	0	0	0	0	0	0	0	0	0	0	0	0	0	0	0	0	0	0	0	106	0	0	0	0	0	0	0	1718	0	1008	0	0	0	0	0	0	0	15762	2476	0	0	0	0	0	0	14342	436	0	0	0	0	0	0	0	0	0	0	154	0	0	0	0	0	0	0	0	0	0	0	0	0	0	0	0	0	0	0	0	0	962	0	25644	6060	3050	482	7850	528	0	6732	43586	10356	1714	0	4336	1096	4100	1144	342	0	1696	4676	20368	7866	2650	2116	1388	2008	
365944	Cerebelum_4_5_R	0	0	0	128	0	0	0	0	0	0	0	0	0	0	0	0	0	0	0	0	0	0	0	0	0	0	0	0	0	758	0	0	0	0	0	0	0	8422	0	9614	0	494	0	0	0	0	1288	5246	0	0	0	0	0	0	466	12764	0	0	0	0	0	0	0	0	0	0	0	258	0	0	0	0	0	1968	0	0	0	630	0	0	0	0	0	0	0	0	0	0	0	460	2992	29122	422	1798	358	6546	6732	0	5224	41952	270	112	1098	3276	888	2622	0	0	0	5666	20452	3972	2480	1580	1992	922	
512408	Cerebelum_6_L	0	0	0	0	0	0	0	0	0	0	0	0	0	0	0	0	0	0	0	0	0	0	0	0	0	0	0	0	416	0	0	0	0	0	0	0	1940	0	682	0	0	0	0	0	0	0	15018	3316	0	0	0	0	862	0	28096	472	0	0	0	0	0	0	0	0	0	0	0	0	0	0	0	0	118	0	0	0	0	0	0	0	236	0	96	0	150	0	0	0	1792	0	56864	8152	6622	3174	3090	622	43586	5224	0	10970	3334	128	5712	2356	4112	1924	370	122	798	2790	14802	12882	9290	2882	2288	916	
519000	Cerebelum_6_R	0	0	0	0	0	0	0	0	0	0	0	0	0	0	0	0	0	0	0	0	0	0	0	0	0	0	0	0	0	124	0	0	0	0	0	0	0	1652	0	1802	0	0	0	0	0	0	2046	4988	0	0	0	0	0	162	1952	8196	0	0	0	0	0	0	0	0	0	0	0	0	0	0	0	0	0	332	0	0	0	0	0	0	0	0	0	0	0	0	0	0	0	218	6932	59768	740	8830	606	9026	10356	41952	10970	0	352	738	1222	7566	1062	3850	0	370	416	8922	26780	17010	11652	3654	3416	1838	
202796	Cerebelum_7b_L	0	0	0	0	0	0	0	0	0	0	0	0	0	0	0	0	0	0	0	0	0	0	0	0	0	0	0	0	0	0	0	0	0	0	0	0	0	0	0	0	0	0	0	0	0	0	174	0	0	0	0	0	0	0	332	0	0	0	0	0	0	0	0	0	0	0	0	0	0	0	0	0	0	0	0	0	0	0	0	0	0	0	0	0	0	0	0	0	0	0	12460	272	29896	3100	124	0	1714	270	3334	352	0	1586	30498	2624	4432	168	286	0	0	112	460	212	4902	3888	202	0	
200228	Cerebelum_7b_R	0	0	0	0	0	0	0	0	0	0	0	0	0	0	0	0	0	0	0	0	0	0	0	0	0	0	0	0	0	0	0	0	0	0	0	0	0	0	0	0	0	0	0	0	0	0	0	0	0	0	0	0	0	0	0	0	0	0	0	0	0	0	0	0	0	0	0	0	0	0	0	0	0	0	0	0	0	0	0	0	0	0	0	0	0	0	0	0	0	0	436	7650	1924	32024	0	0	0	112	128	738	1586	0	2956	34052	738	9574	0	0	0	0	0	0	2954	3506	1556	180	
303512	Cerebelum_8_L	0	0	0	0	0	0	0	0	0	0	0	0	0	0	0	0	0	0	0	0	0	0	0	0	0	0	0	0	0	0	0	0	0	0	0	0	0	0	0	0	0	0	0	0	0	0	174	0	0	0	0	0	0	0	344	0	0	0	0	0	0	0	0	0	0	0	0	0	0	0	0	0	0	0	0	0	0	0	0	0	0	0	0	0	0	0	0	0	0	0	14870	1216	27460	5620	356	0	4336	1098	5712	1222	30498	2956	0	7608	20422	1872	1490	0	0	224	1622	898	9238	9260	2812	448	
384800	Cerebelum_8_R	0	0	0	0	0	0	0	0	0	0	0	0	0	0	0	0	0	0	0	0	0	0	0	0	0	0	0	0	0	0	0	0	0	0	0	0	0	0	0	0	0	0	0	0	0	0	0	0	0	0	0	0	0	0	94	184	0	0	0	0	0	0	0	0	0	0	0	0	0	0	0	0	0	0	0	0	0	0	0	0	0	0	0	0	0	0	0	0	0	0	1586	21100	1806	43164	148	1202	1096	3276	2356	7566	2624	34052	7608	0	3048	25182	0	702	98	1912	1978	1312	11850	12142	5730	584	
146652	Cerebelum_9_L	0	0	0	0	0	0	0	0	0	0	0	0	0	0	0	0	0	0	0	0	0	0	0	0	0	0	0	0	0	0	0	0	0	0	0	0	0	0	0	0	0	0	0	0	0	0	0	0	0	0	0	0	0	0	320	0	0	0	0	0	0	0	0	0	0	0	0	0	0	0	0	0	0	0	0	0	0	0	0	0	0	0	0	0	0	0	0	0	0	0	3352	992	2162	1358	1308	98	4100	888	4112	1062	4432	738	20422	3048	0	3554	1968	0	100	332	1142	1498	4544	4658	5182	1956	
219256	Cerebelum_9_R	0	0	0	0	0	0	0	0	0	0	0	0	0	0	0	0	0	0	0	0	0	0	0	0	0	0	0	0	0	0	0	0	0	0	0	0	0	0	0	0	0	0	0	0	0	0	0	142	0	0	0	0	0	0	0	0	0	0	0	0	0	0	0	0	0	0	0	0	0	0	0	0	0	0	0	0	0	0	0	0	0	0	0	0	0	0	0	0	0	0	878	6766	0	11238	206	1562	1144	2622	1924	3850	168	9574	1872	25182	3554	0	0	1446	652	2016	1784	3824	7240	7656	10094	4234	
11048	Cerebelum_10_L	0	0	0	0	0	0	0	0	0	0	0	0	0	0	0	0	0	0	0	0	0	0	0	0	0	0	0	0	0	0	0	0	0	0	0	0	0	0	0	0	0	0	0	0	0	0	0	0	0	0	0	0	0	0	0	0	0	0	0	0	0	0	0	0	0	0	0	0	0	0	0	0	0	0	0	0	0	0	0	0	0	0	0	0	0	0	0	0	0	0	468	0	314	0	152	0	342	0	370	0	286	0	1490	0	1968	0	0	0	0	0	0	0	134	0	0	0	
8200	Cerebelum_10_R	0	0	0	0	0	0	0	0	0	0	0	0	0	0	0	0	0	0	0	0	0	0	0	0	0	0	0	0	0	0	0	0	0	0	0	0	0	0	0	0	0	0	0	0	0	0	0	0	0	0	0	0	0	0	0	0	0	0	0	0	0	0	0	0	0	0	0	0	0	0	0	0	0	0	0	0	0	0	0	0	0	0	0	0	0	0	0	0	0	0	0	316	0	410	0	0	0	0	122	370	0	0	0	702	0	1446	0	0	0	0	0	0	268	226	240	0	
30932	Vermis_1_2	0	0	0	0	0	0	0	0	0	0	0	0	0	0	0	0	0	0	0	0	0	0	0	0	0	0	0	0	0	0	0	0	0	0	0	0	0	0	126	0	0	0	0	0	0	0	0	0	0	0	0	0	0	0	0	0	0	0	0	0	0	0	0	0	0	0	0	0	0	0	0	0	0	0	0	0	0	0	0	0	0	0	0	0	0	0	0	0	0	0	404	366	0	0	1356	358	1696	0	798	416	0	0	0	98	100	652	0	0	0	4676	2168	490	584	564	614	0	
136468	Vermis_3	0	0	0	0	0	0	0	0	0	0	0	0	0	0	0	0	0	0	0	0	0	0	0	0	0	0	0	0	0	0	0	0	0	0	0	0	0	0	330	0	0	0	0	0	0	0	104	224	0	0	0	0	0	0	442	104	0	0	0	0	0	0	0	0	0	0	0	0	0	0	0	0	0	0	0	0	0	0	0	0	0	0	0	0	0	0	0	0	0	0	1672	4860	246	892	2446	6200	4676	5666	2790	8922	112	0	224	1912	332	2016	0	0	4676	0	7852	2882	3438	3020	1788	408	
350192	Vermis_4_5	0	0	0	0	0	0	0	0	0	0	0	0	0	0	0	0	0	0	0	0	0	0	0	0	0	0	0	0	0	0	0	0	0	0	0	810	0	564	0	0	0	0	0	204	0	106	5220	5814	0	0	0	0	100	0	2590	2092	0	0	0	0	0	0	0	0	0	0	0	1272	0	0	0	0	0	0	0	0	0	0	0	0	0	0	0	0	0	0	0	0	0	0	8926	16750	1066	1172	2260	1506	20368	20452	14802	26780	460	0	1622	1978	1142	1784	0	0	2168	7852	0	13634	4118	2516	1972	2996	
257868	Vermis_6	0	0	0	0	0	0	0	0	0	0	0	0	0	0	0	0	0	0	0	0	0	0	0	0	0	0	0	0	0	0	0	0	0	0	0	0	0	0	0	0	0	0	0	0	0	0	2906	4360	0	0	0	0	304	0	2600	920	0	0	0	0	0	0	0	0	0	0	0	0	0	0	0	0	0	0	0	0	0	0	0	0	0	0	0	0	0	0	0	0	0	0	8442	14764	544	2456	402	1012	7866	3972	12882	17010	212	0	898	1312	1498	3824	0	0	490	2882	13634	0	11400	4124	4110	4110	
