data	data	421804	198012	763544	689320	203016	122808	401576	203372	92324	31556	181400	246520	206988	123896	183676	90828	262864	111960	708536	878984	118600	108340	245452	319716	14904	61480	87012	88684	502544	378936	188380	355188	95736	543300	152812	194388	289100	355024	146772	260288	32008	90712	201140	334612	168460	425620	229824	190064	196724	335104	598284	218192	155564	67024	424352	433764	442212	245676	324208	146064	386604	131124	138324	136156	151508	128644	359512	538088	201588	284532	270804	337780	253360	313680	41060	22928	154540	229856	43276	37204	249860	125924	54684	42480	333244	259108	16324	16088	273368	252164	527736	451836	353792	388032	33444	84508	265852	223696	479540	411552	273248	185744	282168	266656	156596	252876	35492	29340	34592	57916	211316	238368	350920	237168	221768	94448	
data	data	Precentral_L	Precentral_R	Frontal_Sup_L	Frontal_Sup_R	Frontal_Sup_Orb_L	Frontal_Sup_Orb_R	Frontal_Mid_L	Frontal_Mid_R	Frontal_Mid_Orb_L	Frontal_Mid_Orb_R	Frontal_Inf_Oper_L	Frontal_Inf_Oper_R	Frontal_Inf_Tri_L	Frontal_Inf_Tri_R	Frontal_Inf_Orb_L	Frontal_Inf_Orb_R	Rolandic_Oper_L	Rolandic_Oper_R	Supp_Motor_Area_L	Supp_Motor_Area_R	Olfactory_L	Olfactory_R	Frontal_Sup_Medial_L	Frontal_Sup_Medial_R	Frontal_Med_Orb_L	Frontal_Med_Orb_R	Rectus_L	Rectus_R	Insula_L	Insula_R	Cingulum_Ant_L	Cingulum_Ant_R	Cingulum_Mid_L	Cingulum_Mid_R	Cingulum_Post_L	Cingulum_Post_R	Hippocampus_L	Hippocampus_R	ParaHippocampal_L	ParaHippocampal_R	Amygdala_L	Amygdala_R	Calcarine_L	Calcarine_R	Cuneus_L	Cuneus_R	Lingual_L	Lingual_R	Occipital_Sup_L	Occipital_Sup_R	Occipital_Mid_L	Occipital_Mid_R	Occipital_Inf_L	Occipital_Inf_R	Fusiform_L	Fusiform_R	Postcentral_L	Postcentral_R	Parietal_Sup_L	Parietal_Sup_R	Parietal_Inf_L	Parietal_Inf_R	SupraMarginal_L	SupraMarginal_R	Angular_L	Angular_R	Precuneus_L	Precuneus_R	Paracentral_Lobule_L	Paracentral_Lobule_R	Caudate_L	Caudate_R	Putamen_L	Putamen_R	Pallidum_L	Pallidum_R	Thalamus_L	Thalamus_R	Heschl_L	Heschl_R	Temporal_Sup_L	Temporal_Sup_R	Temporal_Pole_Sup_L	Temporal_Pole_Sup_R	Temporal_Mid_L	Temporal_Mid_R	Temporal_Pole_Mid_L	Temporal_Pole_Mid_R	Temporal_Inf_L	Temporal_Inf_R	Cerebelum_Crus1_L	Cerebelum_Crus1_R	Cerebelum_Crus2_L	Cerebelum_Crus2_R	Cerebelum_3_L	Cerebelum_3_R	Cerebelum_4_5_L	Cerebelum_4_5_R	Cerebelum_6_L	Cerebelum_6_R	Cerebelum_7b_L	Cerebelum_7b_R	Cerebelum_8_L	Cerebelum_8_R	Cerebelum_9_L	Cerebelum_9_R	Cerebelum_10_L	Cerebelum_10_R	Vermis_1_2	Vermis_3	Vermis_4_5	Vermis_6	Vermis_7	Vermis_8	Vermis_9	Vermis_10	
421804	Precentral_L	0	616	6180	110	108	0	16440	0	0	0	10084	0	1382	0	0	0	16172	0	4178	6858	0	0	0	0	0	0	0	0	9358	0	112	0	720	5030	5940	3172	5192	848	2498	0	0	0	952	0	1386	100	444	0	296	0	5920	0	774	0	8736	0	31328	0	2140	0	4840	0	2752	0	2430	0	2972	286	23970	3332	264	500	1374	0	0	0	6624	3084	1212	0	7176	0	0	0	2226	0	0	0	650	0	136	0	0	0	0	0	0	0	0	0	0	0	0	0	0	0	0	0	0	0	0	0	0	0	0	0	
198012	Precentral_R	616	0	0	6732	0	0	0	4894	0	0	0	9046	0	340	0	0	0	2656	242	14970	0	0	0	0	0	0	0	0	0	3694	0	0	0	1332	156	284	122	5168	94	822	0	0	0	1354	0	1084	0	0	0	842	0	432	0	266	0	2184	0	16146	0	868	0	458	0	1558	0	274	0	2574	652	6494	114	416	0	1934	0	102	468	1242	0	594	0	950	0	0	0	3352	0	0	0	3480	0	0	0	0	0	0	0	0	0	0	0	0	0	0	0	0	0	0	0	0	0	0	0	0	0	0	
763544	Frontal_Sup_L	6180	0	0	11338	11186	0	47766	186	2772	0	5930	1238	14518	92	5368	196	5112	432	88156	21714	212	0	37326	2020	514	0	640	0	27394	1894	15646	3286	2334	5656	408	410	6264	278	1760	0	0	0	0	0	0	0	0	0	0	0	0	0	0	0	1166	0	1466	0	0	0	0	0	0	0	0	0	0	0	392	0	16108	652	21382	0	5072	216	4812	476	490	0	936	0	378	0	0	0	0	0	0	0	0	0	0	0	0	0	0	0	0	0	0	0	0	0	0	0	0	0	0	0	0	0	0	0	0	0	
689320	Frontal_Sup_R	110	6732	11338	0	0	3686	788	26948	0	2130	0	18182	0	9164	0	6108	0	2848	21626	64850	0	0	7438	33910	0	1094	0	0	110	21076	2294	22962	840	13448	0	0	0	4752	0	3640	0	0	0	0	0	0	0	150	0	0	0	0	0	0	0	3088	0	1522	0	0	0	0	0	0	0	0	0	92	252	608	6772	16312	214	17310	0	2008	112	9674	0	128	0	100	0	0	0	0	0	0	0	96	0	0	0	0	0	0	0	0	0	148	0	0	0	0	0	0	0	0	0	0	0	0	0	0	0	0	
203016	Frontal_Sup_Orb_L	108	0	11186	0	0	756	1648	0	14206	0	502	0	5614	0	20260	0	0	0	1964	0	3970	1620	2380	0	978	178	5688	1054	17574	0	1894	164	0	0	0	0	164	0	0	0	0	0	0	0	0	0	0	0	0	0	0	0	0	0	150	0	0	0	0	0	0	0	0	0	0	0	0	0	0	0	3124	522	5490	0	0	0	0	0	0	0	150	0	164	0	0	0	0	0	0	0	0	0	0	0	0	0	0	0	0	0	0	0	0	0	0	0	0	0	0	0	0	0	0	0	0	0	
122808	Frontal_Sup_Orb_R	0	0	0	3686	756	0	0	3518	156	4282	0	0	0	266	784	3628	0	0	0	112	2628	3340	488	3122	256	7982	1922	7690	0	820	360	1632	0	0	0	0	0	0	0	0	0	0	0	0	0	0	0	0	0	0	0	0	0	0	0	0	0	0	0	0	0	0	0	0	0	0	0	0	0	0	2570	6518	584	4304	0	0	0	0	0	0	0	0	0	0	0	0	0	0	0	0	0	0	0	0	0	0	0	0	0	0	0	0	0	0	0	0	0	0	0	0	0	0	0	0	0	0	
401576	Frontal_Mid_L	16440	0	47766	788	1648	0	0	0	952	0	13670	0	22278	0	3884	0	13100	0	14612	874	0	0	10876	226	0	0	234	0	24766	0	3182	0	1270	210	190	110	3768	0	1232	0	0	0	0	0	0	0	0	0	0	0	0	0	0	0	674	0	5350	0	0	0	186	0	0	0	96	0	0	0	206	0	1728	0	6400	0	278	0	658	104	1156	0	1402	0	208	0	90	0	0	0	176	0	0	0	0	0	0	0	0	0	0	0	0	0	0	0	0	0	0	0	0	0	0	0	0	0	0	0	
203372	Frontal_Mid_R	0	4894	186	26948	0	3518	0	0	0	3972	0	10790	0	11038	0	4914	0	2770	690	4142	0	0	294	2130	0	0	0	0	0	11600	0	1088	108	2342	0	0	0	2068	0	1024	0	0	0	0	0	0	0	0	0	0	0	0	0	0	0	898	0	204	0	0	0	0	0	0	0	0	0	0	0	0	446	514	0	4008	0	0	0	782	0	100	0	120	0	0	0	0	0	0	0	98	0	0	0	0	0	0	0	0	0	0	0	0	0	0	0	0	0	0	0	0	0	0	0	0	0	0	
92324	Frontal_Mid_Orb_L	0	0	2772	0	14206	156	952	0	0	0	0	0	2440	0	15004	0	0	0	126	0	828	272	108	0	118	0	852	240	5574	0	162	0	0	0	0	0	104	0	0	0	0	0	0	0	0	0	0	0	0	0	0	0	0	0	128	0	0	0	0	0	0	0	0	0	0	0	0	0	0	0	430	0	1572	0	0	0	0	0	0	0	118	0	0	0	0	0	0	0	0	0	0	0	0	0	0	0	0	0	0	0	0	0	0	0	0	0	0	0	0	0	0	0	0	0	0	0	
31556	Frontal_Mid_Orb_R	0	0	0	2130	0	4282	0	3972	0	0	0	0	0	234	0	3882	0	0	0	0	0	0	0	0	0	0	0	94	0	224	0	0	0	0	0	0	0	0	0	0	0	0	0	0	0	0	0	0	0	0	0	0	0	0	0	0	0	0	0	0	0	0	0	0	0	0	0	0	0	0	0	188	0	772	0	0	0	0	0	0	0	0	0	0	0	0	0	0	0	0	0	0	0	0	0	0	0	0	0	0	0	0	0	0	0	0	0	0	0	0	0	0	0	0	0	0	
181400	Frontal_Inf_Oper_L	10084	0	5930	0	502	0	13670	0	0	0	0	0	10408	0	204	0	14848	0	4182	0	0	0	986	0	0	0	98	0	15082	0	1262	0	0	0	102	0	678	0	192	0	0	0	0	0	0	0	0	0	0	0	0	0	0	0	226	0	4192	0	0	0	0	0	0	0	0	0	0	0	146	0	128	0	1862	0	0	0	1012	0	726	0	2662	0	1518	0	0	0	0	0	0	0	0	0	0	0	0	0	0	0	0	0	0	0	0	0	0	0	0	0	0	0	0	0	0	0	0	0	
246520	Frontal_Inf_Oper_R	0	9046	1238	18182	0	0	0	10790	0	0	0	0	0	6540	0	0	0	5596	1708	15012	0	0	0	626	0	0	0	0	0	26658	92	748	0	1892	0	0	0	3752	0	1636	0	0	0	0	0	0	0	0	0	0	0	0	0	0	0	1960	0	3044	0	0	0	316	0	370	0	228	0	132	0	0	992	1336	96	8036	0	284	0	898	0	682	0	742	0	0	0	242	0	0	0	386	0	0	0	0	0	0	0	0	0	0	0	0	0	0	0	0	0	0	0	0	0	0	0	0	0	0	
206988	Frontal_Inf_Tri_L	1382	0	14518	0	5614	0	22278	0	2440	0	10408	0	0	0	8784	0	1394	0	2492	0	0	0	3122	0	0	0	0	0	23630	0	2350	0	98	0	0	0	346	0	130	0	0	0	0	0	0	0	0	0	0	0	0	0	0	0	222	0	672	0	0	0	0	0	0	0	0	0	0	0	0	0	0	0	1422	0	0	0	124	0	136	0	730	0	118	0	480	0	0	0	604	0	0	0	0	0	0	0	0	0	0	0	0	0	0	0	0	0	0	0	0	0	0	0	0	0	0	0	
123896	Frontal_Inf_Tri_R	0	340	92	9164	0	266	0	11038	0	234	0	6540	0	0	0	2954	0	702	1068	2356	0	0	368	2330	0	0	0	0	0	11128	544	4162	0	1990	0	0	0	624	0	366	0	0	0	0	0	0	0	0	0	0	0	0	0	0	0	338	0	94	0	0	0	0	0	0	0	0	0	0	0	0	850	1186	202	3012	0	0	0	0	0	0	0	0	0	0	0	0	0	0	0	0	0	0	0	0	0	0	0	0	0	0	0	0	0	0	0	0	0	0	0	0	0	0	0	0	0	0	
183676	Frontal_Inf_Orb_L	0	0	5368	0	20260	784	3884	0	15004	0	204	0	8784	0	0	0	0	0	766	0	4308	1646	412	0	184	178	4318	1078	13176	0	648	150	0	0	0	0	426	0	106	0	212	0	0	0	0	0	0	0	0	0	0	0	0	0	216	0	0	0	0	0	0	0	0	0	0	0	0	0	0	0	3340	540	5426	0	0	0	0	0	0	0	128	0	292	0	0	0	0	0	0	0	0	0	0	0	0	0	0	0	0	0	0	0	0	0	0	0	0	0	0	0	0	0	0	0	0	0	
90828	Frontal_Inf_Orb_R	0	0	196	6108	0	3628	0	4914	0	3882	0	0	0	2954	0	0	0	0	360	1510	590	2342	0	356	0	0	286	2298	0	5372	0	114	0	286	0	0	0	0	0	0	0	0	0	0	0	0	0	0	0	0	0	0	0	0	0	0	0	0	0	0	0	0	0	0	0	0	0	0	0	0	912	4980	0	3900	0	0	0	324	0	0	0	0	0	102	0	0	0	0	0	0	0	0	0	0	0	0	0	0	0	0	0	0	0	0	0	0	0	0	0	0	0	0	0	0	0	0	
262864	Rolandic_Oper_L	16172	0	5112	0	0	0	13100	0	0	0	14848	0	1394	0	0	0	0	0	3858	0	0	0	0	0	0	0	0	0	20326	0	0	0	0	0	0	0	1246	0	288	0	0	0	0	0	0	0	0	0	0	0	5046	0	570	0	1488	0	15270	0	3412	0	3736	0	2060	0	254	0	880	0	548	0	116	0	1746	0	184	0	514	0	2594	0	12446	0	1028	0	1470	0	0	0	1726	0	0	0	0	0	0	0	0	0	0	0	0	0	0	0	0	0	0	0	0	0	0	0	0	0	0	0	
111960	Rolandic_Oper_R	0	2656	432	2848	0	0	0	2770	0	0	0	5596	0	702	0	0	0	0	478	2246	0	0	0	98	0	0	0	0	0	12814	0	118	0	430	0	0	0	372	0	136	0	0	0	750	0	0	0	0	0	0	0	204	0	228	0	438	0	4384	0	0	0	0	0	1400	0	0	0	1152	0	414	288	186	0	2680	0	182	0	284	0	5090	0	4680	0	0	0	640	0	0	0	1284	0	0	0	0	0	0	0	0	0	0	0	0	0	0	0	0	0	0	0	0	0	0	0	0	0	0	
708536	Supp_Motor_Area_L	4178	242	88156	21626	1964	0	14612	690	126	0	4182	1708	2492	1068	766	360	3858	478	0	53708	190	0	8130	5420	0	0	500	0	14118	2982	9020	6558	5642	20826	158	640	4018	170	684	0	0	0	0	0	0	0	0	0	0	0	0	0	0	0	1032	0	668	148	0	0	0	0	0	0	0	0	122	820	10868	1970	16788	2088	19356	212	5288	278	12620	1348	296	0	666	0	332	0	0	0	0	0	0	98	0	0	0	0	0	0	0	0	0	0	0	0	0	0	0	0	0	0	0	0	0	0	0	0	0	0	
878984	Supp_Motor_Area_R	6858	14970	21714	64850	0	112	874	4142	0	0	0	15012	0	2356	0	1510	0	2246	53708	0	0	0	780	13332	0	0	0	0	180	14118	1822	14114	3740	59544	370	7778	174	4612	0	2758	0	0	0	1524	0	2762	0	620	0	1506	0	0	0	96	0	2568	0	4828	0	1590	0	600	0	432	0	134	0	10318	10892	32326	8812	16270	90	9480	590	1996	5404	8678	0	0	0	492	0	0	0	3352	0	0	0	2346	0	0	0	0	0	0	0	0	0	112	0	0	0	0	0	0	0	0	0	0	0	0	0	0	0	0	
118600	Olfactory_L	0	0	212	0	3970	2628	0	0	828	0	0	0	0	0	4308	590	0	0	190	0	0	7926	0	0	222	660	6474	4526	3126	168	2658	2230	0	0	0	0	162	0	324	0	598	0	0	0	0	0	0	0	0	0	0	0	0	0	0	0	0	0	0	0	0	0	0	0	0	0	0	0	0	0	10346	3314	2338	1016	0	0	0	0	0	0	126	0	360	0	0	0	0	0	0	0	0	0	0	0	0	0	0	0	0	0	0	0	0	0	0	0	0	0	0	0	0	0	0	0	0	0	
108340	Olfactory_R	0	0	0	0	1620	3340	0	0	272	0	0	0	0	0	1646	2342	0	0	0	0	7926	0	0	0	0	894	4386	6170	126	2374	2072	2190	0	0	0	0	0	124	0	0	0	624	0	0	0	0	0	0	0	0	0	0	0	0	0	0	0	0	0	0	0	0	0	0	0	0	0	0	0	0	8476	5544	1918	2036	0	0	0	0	0	0	0	0	0	90	0	0	0	0	0	0	0	0	0	0	0	0	0	0	0	0	0	0	0	0	0	0	0	0	0	0	0	0	0	0	0	0	
245452	Frontal_Sup_Medial_L	0	0	37326	7438	2380	488	10876	294	108	0	986	0	3122	368	412	0	0	0	8130	780	0	0	0	14422	1280	940	228	0	4186	236	12370	7810	1724	4842	0	0	0	0	0	0	0	0	0	0	0	0	0	0	0	0	0	0	0	0	0	0	0	0	0	0	0	0	0	0	0	0	0	0	0	0	654	210	1116	0	0	0	0	0	0	0	0	0	0	0	0	0	0	0	0	0	0	0	0	0	0	0	0	0	0	0	0	0	0	0	0	0	0	0	0	0	0	0	0	0	0	0	
319716	Frontal_Sup_Medial_R	0	0	2020	33910	0	3122	226	2130	0	0	0	626	0	2330	0	356	0	98	5420	13332	0	0	14422	0	386	4188	0	0	0	1534	2050	32664	94	12888	0	0	0	0	0	0	0	0	0	0	0	0	0	0	0	0	0	0	0	0	0	0	0	0	0	0	0	0	0	0	0	0	0	92	0	150	1346	16038	158	3522	0	0	176	6580	0	0	0	0	0	0	0	0	0	0	0	0	0	0	0	0	0	0	0	0	0	0	0	0	0	0	0	0	0	0	0	0	0	0	0	0	0	0	
14904	Frontal_Med_Orb_L	0	0	514	0	978	256	0	0	118	0	0	0	0	0	184	0	0	0	0	0	222	0	1280	386	0	656	548	146	0	0	1736	242	0	0	0	0	0	0	0	0	0	0	0	0	0	0	0	0	0	0	0	0	0	0	0	0	0	0	0	0	0	0	0	0	0	0	0	0	0	0	186	0	0	0	0	0	0	0	0	0	0	0	0	0	0	0	0	0	0	0	0	0	0	0	0	0	0	0	0	0	0	0	0	0	0	0	0	0	0	0	0	0	0	0	0	0	
61480	Frontal_Med_Orb_R	0	0	0	1094	178	7982	0	0	0	0	0	0	0	0	178	0	0	0	0	0	660	894	940	4188	656	0	650	3846	0	0	796	3112	0	122	0	0	0	0	0	0	0	0	0	0	0	0	0	0	0	0	0	0	0	0	0	0	0	0	0	0	0	0	0	0	0	0	0	0	0	0	566	3724	0	1154	0	0	0	0	0	0	0	0	0	0	0	0	0	0	0	0	0	0	0	0	0	0	0	0	0	0	0	0	0	0	0	0	0	0	0	0	0	0	0	0	0	0	
87012	Rectus_L	0	0	640	0	5688	1922	234	0	852	0	98	0	0	0	4318	286	0	0	500	0	6474	4386	228	0	548	650	0	3648	1326	0	1986	1412	0	0	0	0	0	0	0	0	0	0	0	0	0	0	0	0	0	0	0	0	0	0	0	0	0	0	0	0	0	0	0	0	0	0	0	0	0	0	5302	1322	1496	190	0	0	0	0	0	0	0	0	0	0	0	0	0	0	0	0	0	0	0	0	0	0	0	0	0	0	0	0	0	0	0	0	0	0	0	0	0	0	0	0	0	0	
88684	Rectus_R	0	0	0	0	1054	7690	0	0	240	94	0	0	0	0	1078	2298	0	0	0	0	4526	6170	0	0	146	3846	3648	0	0	1332	1368	2024	0	0	0	0	0	0	0	0	0	0	0	0	0	0	0	0	0	0	0	0	0	0	0	0	0	0	0	0	0	0	0	0	0	0	0	0	0	0	3608	2878	816	1526	0	0	0	0	0	0	0	0	0	0	0	0	0	0	0	0	0	0	0	0	0	0	0	0	0	0	0	0	0	0	0	0	0	0	0	0	0	0	0	0	0	0	
502544	Insula_L	9358	0	27394	110	17574	0	24766	0	5574	0	15082	0	23630	0	13176	0	20326	0	14118	180	3126	126	4186	0	0	0	1326	0	0	0	4420	130	0	0	240	0	8502	0	1492	0	1590	0	0	0	0	0	0	0	0	0	672	0	140	0	5644	0	5342	0	382	0	938	0	1394	0	158	0	156	0	576	0	1444	94	15368	0	154	0	1532	0	4846	0	7922	0	3722	0	1570	0	0	0	2792	0	0	0	0	0	0	0	0	0	0	0	0	0	0	0	0	0	0	0	0	0	0	0	0	0	0	0	
378936	Insula_R	0	3694	1894	21076	0	820	0	11600	0	224	0	26658	0	11128	0	5372	0	12814	2982	14118	168	2374	236	1534	0	0	0	1332	0	0	514	3466	0	2632	116	120	0	4632	0	2562	0	1662	0	140	0	0	0	0	0	0	0	0	0	188	0	6738	0	3344	0	0	0	0	0	0	0	0	0	256	0	0	2592	3208	570	18106	0	148	0	954	0	2666	0	7816	0	256	0	2336	0	0	0	6288	0	134	0	0	0	0	0	0	0	0	0	0	0	0	0	0	0	0	0	0	0	0	0	0	0	0	
188380	Cingulum_Ant_L	112	0	15646	2294	1894	360	3182	0	162	0	1262	92	2350	544	648	0	0	0	9020	1822	2658	2072	12370	2050	1736	796	1986	1368	4420	514	0	9518	1488	1824	0	0	0	0	0	0	0	0	0	0	0	0	0	0	0	0	0	0	0	0	0	0	0	0	0	0	0	0	0	0	0	0	0	0	0	0	5450	1604	4028	526	0	0	294	100	0	0	0	0	0	0	0	0	0	0	0	0	0	0	0	0	0	0	0	0	0	0	0	0	0	0	0	0	0	0	0	0	0	0	0	0	0	0	
355188	Cingulum_Ant_R	0	0	3286	22962	164	1632	0	1088	0	0	0	748	0	4162	150	114	0	118	6558	14114	2230	2190	7810	32664	242	3112	1412	2024	130	3466	9518	0	1494	17596	0	0	0	0	0	0	0	0	0	0	0	0	0	0	0	0	0	0	0	0	0	0	0	0	0	0	0	0	0	0	0	0	0	96	0	150	3612	21296	96	6160	0	0	262	6938	0	0	0	0	0	0	0	0	0	0	0	0	0	0	0	0	0	0	0	0	0	0	0	0	0	0	0	0	0	0	0	0	0	0	0	0	0	0	
95736	Cingulum_Mid_L	720	0	2334	840	0	0	1270	108	0	0	0	0	98	0	0	0	0	0	5642	3740	0	0	1724	94	0	0	0	0	0	0	1488	1494	0	7784	1408	840	0	0	0	0	0	0	0	0	2110	0	226	0	1268	0	1624	0	488	0	482	0	288	0	942	0	200	0	0	0	0	0	4664	1696	3610	186	0	0	110	0	0	0	0	0	0	0	0	0	0	0	390	0	0	0	0	0	0	0	0	0	0	0	0	0	0	0	0	0	0	0	0	0	0	0	0	0	0	0	0	0	0	0	
543300	Cingulum_Mid_R	5030	1332	5656	13448	0	0	210	2342	0	0	0	1892	0	1990	0	286	0	430	20826	59544	0	0	4842	12888	0	122	0	0	0	2632	1824	17596	7784	0	350	13326	0	552	0	168	0	0	0	2626	0	4260	0	1116	0	1532	0	402	0	154	0	274	0	4388	0	1146	0	484	0	314	0	90	424	19040	9480	30276	3016	3176	0	562	534	0	4630	3748	0	0	0	322	0	0	0	2602	0	0	0	1984	0	0	0	0	0	0	0	0	0	0	0	0	0	0	0	0	0	0	0	0	0	0	0	0	0	0	
152812	Cingulum_Post_L	5940	156	408	0	0	0	190	0	0	0	102	0	0	0	0	0	0	0	158	370	0	0	0	0	0	0	0	0	240	116	0	0	1408	350	0	8586	10348	4186	6044	630	0	0	5070	0	1764	0	1726	208	442	0	2264	0	852	0	1814	148	398	92	478	0	226	0	0	0	258	0	8598	876	4306	260	0	0	0	204	0	0	1824	4462	0	0	0	0	0	0	758	0	0	0	0	0	146	0	0	0	0	0	0	0	0	0	0	0	0	0	0	0	0	0	0	0	0	0	0	0	0	0	
194388	Cingulum_Post_R	3172	284	410	0	0	0	110	0	0	0	0	0	0	0	0	0	0	0	640	7778	0	0	0	0	0	0	0	0	0	120	0	0	840	13326	8586	0	5644	7466	3164	1842	0	0	0	1966	0	1530	0	2910	0	126	0	0	0	216	798	1236	0	980	0	114	0	0	0	0	0	0	854	11702	916	6790	0	482	0	216	0	0	2724	6344	0	0	0	0	0	0	0	1452	0	0	0	2240	0	0	0	0	0	0	0	0	0	0	0	0	0	0	0	0	0	0	0	0	216	0	0	0	0	0	
289100	Hippocampus_L	5192	122	6264	0	164	0	3768	0	104	0	678	0	346	0	426	0	1246	0	4018	174	162	0	0	0	0	0	0	0	8502	0	0	0	0	0	10348	5644	0	4122	19370	632	6382	0	4238	0	334	0	3582	372	0	0	504	0	404	0	18304	114	260	0	0	0	90	0	0	0	0	0	6292	828	612	0	510	0	8044	186	430	0	4226	4876	980	0	1772	0	1758	0	356	0	0	0	6428	0	392	0	0	0	0	0	556	0	438	0	0	0	0	0	0	0	0	0	0	0	0	0	0	0	0	0	
355024	Hippocampus_R	848	5168	278	4752	0	0	0	2068	0	0	0	3752	0	624	0	0	0	372	170	4612	0	124	0	0	0	0	0	0	0	4632	0	0	0	552	4186	7466	4122	0	2846	39666	0	14000	0	298	0	0	0	2280	0	0	0	0	0	0	144	35718	0	586	0	0	0	0	0	94	0	0	470	3376	106	608	0	158	0	15834	0	854	766	6470	0	382	0	844	0	678	0	130	0	104	0	2578	0	510	0	108	0	258	0	2690	0	1000	0	0	0	0	0	0	0	0	0	0	230	0	0	0	0	0	
146772	ParaHippocampal_L	2498	94	1760	0	0	0	1232	0	0	0	192	0	130	0	106	0	288	0	684	0	324	0	0	0	0	0	0	0	1492	0	0	0	0	0	6044	3164	19370	2846	0	606	2130	0	2218	0	212	0	3458	180	0	0	268	0	196	0	7962	110	118	0	0	0	0	0	0	0	0	0	3832	426	450	0	0	0	1638	184	0	0	1536	2928	268	0	122	0	210	0	0	0	0	0	342	0	816	0	0	0	90	0	1506	0	1356	0	0	0	0	0	0	0	0	0	0	0	0	0	0	0	0	0	
260288	ParaHippocampal_R	0	822	0	3640	0	0	0	1024	0	0	0	1636	0	366	0	0	0	136	0	2758	0	0	0	0	0	0	0	0	0	2562	0	0	0	168	630	1842	632	39666	606	0	0	11458	0	460	0	0	0	2118	0	0	0	0	0	0	0	32498	0	90	0	0	0	0	0	0	0	0	0	1452	0	114	0	0	0	11840	0	658	0	1856	0	262	0	246	0	2252	0	0	0	910	0	2124	0	544	0	140	0	312	0	3158	0	1164	0	0	0	0	0	0	0	0	0	0	0	0	0	0	0	0	
32008	Amygdala_L	0	0	0	0	0	0	0	0	0	0	0	0	0	0	212	0	0	0	0	0	598	0	0	0	0	0	0	0	1590	0	0	0	0	0	0	0	6382	0	2130	0	0	0	0	0	0	0	0	0	0	0	0	0	0	0	2688	0	0	0	0	0	0	0	0	0	0	0	0	0	0	0	0	0	0	0	0	0	0	0	0	0	0	0	1100	0	0	0	0	0	1304	0	0	0	0	0	0	0	0	0	0	0	0	0	0	0	0	0	0	0	0	0	0	0	0	0	0	0	
90712	Amygdala_R	0	0	0	0	0	0	0	0	0	0	0	0	0	0	0	0	0	0	0	0	0	624	0	0	0	0	0	0	0	1662	0	0	0	0	0	0	0	14000	0	11458	0	0	0	0	0	0	0	0	0	0	0	0	0	0	0	9638	0	0	0	0	0	0	0	0	0	0	0	0	0	0	0	110	0	2394	0	134	0	0	0	0	0	0	0	2184	0	0	0	250	0	1306	0	98	0	0	0	104	0	1178	0	216	0	0	0	0	0	0	0	0	0	0	0	0	0	0	0	0	
201140	Calcarine_L	952	0	0	0	0	0	0	0	0	0	0	0	0	0	0	0	0	0	0	0	0	0	0	0	0	0	0	0	0	0	0	0	0	0	5070	0	4238	0	2218	0	0	0	0	10576	8702	6986	10720	2414	7032	4422	13662	782	3862	0	2244	1252	764	0	1056	92	658	0	0	0	0	0	10630	326	930	0	0	0	0	0	0	0	0	0	0	0	0	0	0	0	570	0	0	0	0	0	412	0	0	0	0	0	0	0	0	0	0	0	0	0	0	0	0	0	0	0	0	0	0	0	0	0	
334612	Calcarine_R	0	1354	0	0	0	0	0	0	0	0	0	0	0	0	0	0	0	750	0	1524	0	0	0	0	0	0	0	0	0	140	0	0	0	2626	0	1966	0	298	0	460	0	0	10576	0	6398	27504	642	12160	246	16838	0	8094	0	4812	0	8964	0	6082	0	1292	0	1668	0	2148	0	580	3284	26986	0	3558	0	294	0	0	0	0	0	342	0	120	0	972	0	0	0	6228	0	0	0	8124	0	0	0	0	0	0	0	0	0	0	0	0	0	0	0	0	0	0	0	0	176	100	0	0	0	0	
168460	Cuneus_L	1386	0	0	0	0	0	0	0	0	0	0	0	0	0	0	0	0	0	0	0	0	0	0	0	0	0	0	0	0	0	0	0	2110	0	1764	0	334	0	212	0	0	0	8702	6398	0	9558	1468	988	16088	4088	7422	332	1128	0	1042	596	296	0	1482	0	152	0	0	0	0	0	14790	1442	1772	0	0	0	0	0	0	0	0	0	0	0	0	0	0	0	538	0	0	0	0	0	142	0	0	0	0	0	0	0	0	0	0	0	0	0	0	0	0	0	0	0	0	0	0	0	0	0	
425620	Cuneus_R	100	1084	0	0	0	0	0	0	0	0	0	0	0	0	0	0	0	0	0	2762	0	0	0	0	0	0	0	0	0	0	0	0	0	4260	0	1530	0	0	0	0	0	0	6986	27504	9558	0	0	4960	912	49014	208	12174	0	834	0	2514	0	10468	0	11984	0	2380	0	1854	0	2230	8210	39934	0	5398	0	328	0	0	0	0	90	426	0	0	0	278	0	0	0	3214	0	0	0	1616	0	0	0	0	0	0	0	0	0	0	0	0	0	0	0	0	0	0	0	0	0	0	0	0	0	0	
229824	Lingual_L	444	0	0	0	0	0	0	0	0	0	0	0	0	0	0	0	0	0	0	0	0	0	0	0	0	0	0	0	0	0	0	0	226	0	1726	0	3582	0	3458	0	0	0	10720	642	1468	0	0	2848	3746	0	18046	0	7148	0	11898	300	382	0	484	0	334	0	0	0	0	0	4430	0	250	0	0	0	120	0	0	0	242	130	0	0	222	0	0	0	384	0	0	0	286	0	5516	804	328	362	132	210	9900	1502	10744	1278	0	0	0	0	110	270	0	0	220	296	4590	3770	852	0	234	278	
190064	Lingual_R	0	0	0	150	0	0	0	0	0	0	0	0	0	0	0	0	0	0	0	620	0	0	0	0	0	0	0	0	0	0	0	0	0	1116	208	2910	372	2280	180	2118	0	0	2414	12160	988	4960	2848	0	0	4508	0	1462	0	1122	588	11486	0	172	0	0	0	0	0	0	0	0	808	6340	0	674	0	138	0	244	0	0	0	538	0	0	0	0	0	0	0	436	0	0	0	632	2162	2042	354	466	0	192	1548	4792	4700	4444	0	0	0	0	0	158	0	0	208	118	4812	5122	1042	98	174	128	
196724	Occipital_Sup_L	296	0	0	0	0	0	0	0	0	0	0	0	0	0	0	0	0	0	0	0	0	0	0	0	0	0	0	0	0	0	0	0	1268	0	442	0	0	0	0	0	0	0	7032	246	16088	912	3746	0	0	236	24310	0	2146	0	980	0	4148	0	14702	0	5318	0	0	0	0	0	13822	1010	864	0	0	0	0	0	0	0	0	0	0	0	92	0	0	0	230	0	0	0	474	0	0	0	0	0	0	0	0	0	0	0	0	0	0	0	0	0	0	0	0	0	0	0	0	0	0	0	
335104	Occipital_Sup_R	0	842	0	0	0	0	0	0	0	0	0	0	0	0	0	0	0	0	0	1506	0	0	0	0	0	0	0	0	0	0	0	0	0	1532	0	126	0	0	0	0	0	0	4422	16838	4088	49014	0	4508	236	0	0	17318	0	482	0	2584	0	5136	0	14276	0	3208	0	1918	0	6532	3506	23026	0	3222	0	0	0	0	0	0	0	0	0	0	0	204	0	0	0	2092	0	0	0	936	0	0	0	0	0	0	0	0	0	0	0	0	0	0	0	0	0	0	0	0	0	0	0	0	0	0	
598284	Occipital_Mid_L	5920	0	0	0	0	0	0	0	0	0	0	0	0	0	0	0	5046	0	0	0	0	0	0	0	0	0	0	0	672	0	0	0	1624	0	2264	0	504	0	268	0	0	0	13662	0	7422	208	18046	0	24310	0	0	0	22994	0	12450	0	24738	0	37060	0	27680	0	2676	0	17790	0	21830	0	5300	0	0	0	0	0	0	0	0	0	302	0	4232	0	0	0	29906	0	0	0	11250	0	988	0	0	0	0	0	0	0	0	0	0	0	0	0	0	0	0	0	0	0	0	0	0	0	0	0	
218192	Occipital_Mid_R	0	432	0	0	0	0	0	0	0	0	0	0	0	0	0	0	0	204	0	0	0	0	0	0	0	0	0	0	0	0	0	0	0	402	0	0	0	0	0	0	0	0	782	8094	332	12174	0	1462	0	17318	0	0	0	5016	0	1494	0	3906	0	3130	0	5330	0	2086	0	17380	474	10852	0	798	0	0	0	0	0	0	0	0	0	98	0	482	0	0	0	12162	0	0	0	4688	0	0	0	0	0	0	0	0	0	0	0	0	0	0	0	0	0	0	0	0	0	0	0	0	0	0	
155564	Occipital_Inf_L	774	0	0	0	0	0	0	0	0	0	0	0	0	0	0	0	570	0	0	0	0	0	0	0	0	0	0	0	140	0	0	0	488	0	852	0	404	0	196	0	0	0	3862	0	1128	0	7148	0	2146	0	22994	0	0	0	13404	0	1350	0	1992	0	1234	0	728	0	238	0	3272	0	784	0	0	0	0	0	0	0	0	0	0	0	1150	0	0	0	5372	0	0	0	5840	0	1318	0	0	0	0	0	166	0	232	0	0	0	0	0	0	0	0	0	0	0	0	0	0	0	0	0	
67024	Occipital_Inf_R	0	266	0	0	0	0	0	0	0	0	0	0	0	0	0	0	0	228	0	96	0	0	0	0	0	0	0	0	0	188	0	0	0	154	0	216	0	0	0	0	0	0	0	4812	0	834	0	1122	0	482	0	5016	0	0	0	6576	0	468	0	92	0	0	0	134	0	0	0	2272	0	182	0	0	0	0	0	0	0	0	0	0	0	150	0	0	0	1402	0	0	0	7710	108	112	0	0	0	0	0	114	126	328	0	0	0	0	0	0	0	0	0	0	114	210	0	0	0	0	
424352	Fusiform_L	8736	0	1166	0	150	0	674	0	128	0	226	0	222	0	216	0	1488	0	1032	0	0	0	0	0	0	0	0	0	5644	0	0	0	482	0	1814	798	18304	144	7962	0	2688	0	2244	0	1042	0	11898	588	980	0	12450	0	13404	0	0	0	1324	0	1376	0	1198	0	1596	0	170	0	2474	0	1834	0	0	198	2710	0	0	0	4956	1562	480	0	6178	0	1538	0	7070	0	774	0	18594	0	18360	182	208	132	140	274	14530	540	23592	276	214	0	114	0	0	278	0	0	0	242	2446	1386	210	0	264	276	
433764	Fusiform_R	0	2184	0	3088	0	0	0	898	0	0	0	1960	0	338	0	0	0	438	0	2568	0	0	0	0	0	0	0	0	0	6738	0	0	0	274	148	1236	114	35718	110	32498	0	9638	1252	8964	596	2514	300	11486	0	2584	0	1494	0	6576	0	0	0	888	0	154	0	0	0	148	0	0	526	2272	0	412	0	0	0	10230	0	536	0	620	0	360	0	5088	0	5096	0	3590	0	1340	0	17384	948	7442	128	276	0	486	102	7974	1184	10960	0	0	0	0	0	134	0	0	172	0	2438	1984	296	0	0	0	
442212	Postcentral_L	31328	0	1466	0	0	0	5350	0	0	0	4192	0	672	0	0	0	15270	0	668	0	0	0	0	0	0	0	0	0	5342	0	0	0	288	0	398	0	260	0	118	0	0	0	764	0	296	0	382	0	4148	0	24738	0	1350	0	1324	0	0	0	27764	0	40456	0	12342	0	5458	0	11734	0	3132	0	168	0	438	0	150	0	0	0	682	0	9524	0	0	0	5866	0	0	0	5038	0	0	0	0	0	0	0	0	0	0	0	0	0	0	0	0	0	0	0	0	0	0	0	0	0	0	0	
245676	Postcentral_R	0	16146	0	1522	0	0	0	204	0	0	0	3044	0	94	0	0	0	4384	148	4828	0	0	0	0	0	0	0	0	0	3344	0	0	0	4388	92	980	0	586	0	90	0	0	0	6082	0	10468	0	172	0	5136	0	3906	0	468	0	888	0	0	0	6190	0	3562	0	10506	0	1320	0	20274	0	8168	0	0	0	1074	0	0	0	504	0	438	0	662	0	0	0	2076	0	0	0	1094	0	0	0	0	0	0	0	0	0	0	0	0	0	0	0	0	0	0	0	0	0	0	0	0	0	0	
324208	Parietal_Sup_L	2140	0	0	0	0	0	0	0	0	0	0	0	0	0	0	0	3412	0	0	0	0	0	0	0	0	0	0	0	382	0	0	0	942	0	478	0	0	0	0	0	0	0	1056	0	1482	0	484	0	14702	0	37060	0	1992	0	1376	0	27764	0	0	0	27522	0	500	0	3542	0	21188	320	2460	0	0	0	0	0	0	0	0	0	0	0	1598	0	0	0	5762	0	0	0	5846	0	96	0	0	0	0	0	0	0	0	0	0	0	0	0	0	0	0	0	0	0	0	0	0	0	0	0	
146064	Parietal_Sup_R	0	868	0	0	0	0	0	0	0	0	0	0	0	0	0	0	0	0	0	1590	0	0	0	0	0	0	0	0	0	0	0	0	0	1146	0	114	0	0	0	0	0	0	92	1292	0	11984	0	0	0	14276	0	3130	0	92	0	154	0	6190	0	0	0	4350	0	1996	0	5028	216	16246	0	2428	0	0	0	0	0	0	0	0	0	0	0	170	0	0	0	1356	0	0	0	314	0	0	0	0	0	0	0	0	0	0	0	0	0	0	0	0	0	0	0	0	0	0	0	0	0	0	
386604	Parietal_Inf_L	4840	0	0	0	0	0	186	0	0	0	0	0	0	0	0	0	3736	0	0	0	0	0	0	0	0	0	0	0	938	0	0	0	200	0	226	0	90	0	0	0	0	0	658	0	152	0	334	0	5318	0	27680	0	1234	0	1198	0	40456	0	27522	0	0	0	19686	0	21498	0	7722	0	1722	0	0	0	110	0	0	0	0	0	202	0	6572	0	0	0	13388	0	0	0	7634	0	0	0	0	0	0	0	0	0	0	0	0	0	0	0	0	0	0	0	0	0	0	0	0	0	0	0	
131124	Parietal_Inf_R	0	458	0	0	0	0	0	0	0	0	0	316	0	0	0	0	0	0	0	600	0	0	0	0	0	0	0	0	0	0	0	0	0	484	0	0	0	0	0	0	0	0	0	1668	0	2380	0	0	0	3208	0	5330	0	0	0	0	0	3562	0	4350	0	0	0	16184	0	14404	226	3880	0	704	0	0	0	0	0	0	0	0	0	0	0	742	0	0	0	6786	0	0	0	280	0	0	0	0	0	0	0	0	0	0	0	0	0	0	0	0	0	0	0	0	0	0	0	0	0	0	
138324	SupraMarginal_L	2752	0	0	0	0	0	0	0	0	0	0	0	0	0	0	0	2060	0	0	0	0	0	0	0	0	0	0	0	1394	0	0	0	0	0	0	0	0	0	0	0	0	0	0	0	0	0	0	0	0	0	2676	0	728	0	1596	0	12342	0	500	0	19686	0	0	0	5236	0	212	0	180	0	0	0	0	0	0	0	0	0	208	0	9296	0	0	0	8804	0	0	0	1492	0	0	0	0	0	0	0	0	0	0	0	0	0	0	0	0	0	0	0	0	0	0	0	0	0	0	0	
136156	SupraMarginal_R	0	1558	0	0	0	0	0	0	0	0	0	370	0	0	0	0	0	1400	0	432	0	0	0	0	0	0	0	0	0	0	0	0	0	314	0	0	0	94	0	0	0	0	0	2148	0	1854	0	0	0	1918	0	2086	0	134	0	148	0	10506	0	1996	0	16184	0	0	0	6986	0	3934	0	420	0	0	0	0	0	0	0	0	0	0	0	4664	0	0	0	10344	0	0	0	588	0	0	0	0	0	0	0	0	0	0	0	0	0	0	0	0	0	0	0	0	0	0	0	0	0	0	
151508	Angular_L	2430	0	0	0	0	0	96	0	0	0	0	0	0	0	0	0	254	0	0	0	0	0	0	0	0	0	0	0	158	0	0	0	0	0	258	0	0	0	0	0	0	0	0	0	0	0	0	0	0	0	17790	0	238	0	170	0	5458	0	3542	0	21498	0	5236	0	0	0	410	0	156	0	0	0	0	0	0	0	0	0	0	0	2380	0	0	0	13224	0	0	0	2456	0	0	0	0	0	0	0	0	0	0	0	0	0	0	0	0	0	0	0	0	0	0	0	0	0	0	0	
128644	Angular_R	0	274	0	0	0	0	0	0	0	0	0	228	0	0	0	0	0	0	0	134	0	0	0	0	0	0	0	0	0	0	0	0	0	90	0	0	0	0	0	0	0	0	0	580	0	2230	0	0	0	6532	0	17380	0	0	0	0	0	1320	0	5028	0	14404	0	6986	0	0	198	2622	0	168	0	0	0	0	0	0	0	0	0	0	0	1590	0	0	0	4558	0	0	0	0	0	0	0	0	0	0	0	0	0	0	0	0	0	0	0	0	0	0	0	0	0	0	0	0	0	0	
359512	Precuneus_L	2972	0	0	0	0	0	0	0	0	0	0	0	0	0	0	0	880	0	122	0	0	0	0	0	0	0	0	0	156	0	0	0	4664	424	8598	854	6292	470	3832	0	0	0	10630	3284	14790	8210	4430	808	13822	3506	21830	474	3272	0	2474	526	11734	0	21188	216	7722	226	212	0	410	198	0	7906	4420	0	0	0	0	0	0	0	90	410	0	0	266	0	0	0	4548	0	0	0	2454	0	436	0	0	0	0	0	0	0	0	0	0	0	0	0	0	0	0	0	0	0	0	0	0	0	0	0	
538088	Precuneus_R	286	2574	0	92	0	0	0	0	0	0	0	132	0	0	0	0	0	1152	820	10318	0	0	0	92	0	0	0	0	0	256	0	96	1696	19040	876	11702	828	3376	426	1452	0	0	326	26986	1442	39934	0	6340	1010	23026	0	10852	0	2272	0	2272	0	20274	320	16246	0	3880	0	3934	0	2622	7906	0	584	14274	0	2012	0	0	0	0	212	3986	0	298	0	1814	0	0	0	10874	0	0	0	9682	0	0	0	0	0	0	0	126	0	0	0	0	0	0	0	0	0	0	0	0	326	0	0	0	0	0	
201588	Paracentral_Lobule_L	23970	652	392	252	0	0	206	0	0	0	146	0	0	0	0	0	548	0	10868	10892	0	0	0	0	0	0	0	0	576	0	0	0	3610	9480	4306	916	612	106	450	0	0	0	930	0	1772	0	250	0	864	0	5300	0	784	0	1834	0	3132	0	2460	0	1722	0	180	0	156	0	4420	584	0	4368	0	384	376	0	0	0	918	378	0	0	182	0	0	0	1006	0	0	0	680	0	132	0	0	0	0	0	0	0	0	0	0	0	0	0	0	0	0	0	0	0	0	0	0	0	0	0	
284532	Paracentral_Lobule_R	3332	6494	0	608	0	0	0	0	0	0	0	0	0	0	0	0	0	414	1970	32326	0	0	0	150	0	0	0	0	0	0	0	150	186	30276	260	6790	0	608	0	114	0	0	0	3558	0	5398	0	674	0	3222	0	798	0	182	0	412	0	8168	0	2428	0	704	0	420	0	168	0	14274	4368	0	494	1020	0	0	534	0	4308	1568	0	0	0	474	0	0	0	3384	0	0	0	2032	0	0	0	0	0	0	0	0	0	0	0	0	0	0	0	0	0	0	0	0	0	0	0	0	0	0	
270804	Caudate_L	264	114	16108	6772	3124	2570	1728	446	430	0	128	992	0	850	3340	912	116	288	16788	8812	10346	8476	654	1346	186	566	5302	3608	1444	2592	5450	3612	0	3016	0	0	510	0	0	0	0	0	0	0	0	0	0	0	0	0	0	0	0	0	0	0	168	0	0	0	0	0	0	0	0	0	0	0	0	494	0	5946	9200	1632	954	0	5934	184	0	0	0	0	0	0	0	0	0	0	0	0	0	0	0	0	0	0	0	0	0	0	0	0	0	0	0	0	0	0	0	0	0	0	0	0	0	0	
337780	Caudate_R	500	416	652	16312	522	6518	0	514	0	188	0	1336	0	1186	540	4980	0	186	2088	16270	3314	5544	210	16038	0	3724	1322	2878	94	3208	1604	21296	0	3176	0	482	0	158	0	0	0	110	0	294	0	328	0	138	0	0	0	0	0	0	198	0	0	0	0	0	0	0	0	0	0	0	0	2012	384	1020	5946	0	1210	16152	0	1896	1272	22198	0	0	0	0	0	0	0	212	0	0	0	264	0	0	0	0	0	0	0	0	0	0	0	0	0	0	0	0	0	0	0	0	0	0	0	0	0	0	
253360	Putamen_L	1374	0	21382	214	5490	584	6400	0	1572	0	1862	96	1422	202	5426	0	1746	0	19356	90	2338	1918	1116	158	0	0	1496	816	15368	570	4028	96	110	0	0	0	8044	0	1638	0	0	0	0	0	0	0	120	0	0	0	0	0	0	0	2710	0	438	0	0	0	110	0	0	0	0	0	0	0	376	0	9200	1210	0	450	4938	0	908	0	0	0	504	0	134	0	110	0	0	0	560	0	0	0	0	0	0	0	0	0	0	0	0	0	0	0	0	0	0	0	0	0	0	0	0	0	0	0	
313680	Putamen_R	0	1934	0	17310	0	4304	0	4008	0	772	0	8036	0	3012	0	3900	0	2680	212	9480	1016	2036	0	3522	0	1154	190	1526	0	18106	526	6160	0	562	204	216	186	15834	184	11840	0	2394	0	0	0	0	0	244	0	0	0	0	0	0	0	10230	0	1074	0	0	0	0	0	0	0	0	0	0	0	0	1632	16152	450	0	0	2172	0	2816	0	120	0	0	0	0	0	0	0	0	0	244	0	0	0	0	0	0	0	102	0	300	0	0	0	0	0	0	0	0	0	0	0	0	0	0	0	0	
41060	Pallidum_L	0	0	5072	0	0	0	278	0	0	0	0	0	0	0	0	0	184	0	5288	590	0	0	0	0	0	0	0	0	154	0	0	0	0	534	0	0	430	0	0	0	0	0	0	0	0	0	0	0	0	0	0	0	0	0	0	0	150	0	0	0	0	0	0	0	0	0	0	0	0	534	954	0	4938	0	0	0	1424	0	0	0	0	0	0	0	0	0	0	0	0	0	0	0	0	0	0	0	0	0	0	0	0	0	0	0	0	0	0	0	0	0	0	0	0	0	0	0	
22928	Pallidum_R	0	102	216	2008	0	0	0	0	0	0	0	284	0	0	0	0	0	182	278	1996	0	0	0	0	0	0	0	0	0	148	0	0	0	0	0	0	0	854	0	658	0	134	0	0	0	0	0	0	0	0	0	0	0	0	0	536	0	0	0	0	0	0	0	0	0	0	0	0	0	0	0	1896	0	2172	0	0	0	0	0	0	0	0	0	0	0	0	0	0	0	0	0	0	0	0	0	0	0	0	0	0	0	0	0	0	0	0	0	0	0	0	0	0	0	0	0	0	
154540	Thalamus_L	6624	468	4812	112	0	0	658	0	0	0	1012	0	124	0	0	0	514	0	12620	5404	0	0	0	176	0	0	0	0	1532	0	294	262	0	4630	1824	2724	4226	766	1536	0	0	0	0	0	0	90	242	0	0	0	0	0	0	0	4956	0	0	0	0	0	0	0	0	0	0	0	90	212	918	4308	5934	1272	908	0	1424	0	0	6250	94	0	146	0	108	0	0	0	0	0	0	0	0	0	0	0	0	0	0	0	0	0	0	0	0	0	0	0	0	0	0	0	0	0	0	0	0	0	
229856	Thalamus_R	3084	1242	476	9674	0	0	104	782	0	0	0	898	0	0	0	324	0	284	1348	8678	0	0	0	6580	0	0	0	0	0	954	100	6938	0	3748	4462	6344	4876	6470	2928	1856	0	0	0	342	0	426	130	538	0	0	0	0	0	0	1562	620	0	504	0	0	0	0	0	0	0	0	410	3986	378	1568	184	22198	0	2816	0	0	6250	0	0	0	0	0	0	0	0	372	0	0	0	494	0	0	0	0	0	0	0	0	0	0	0	0	0	0	0	0	0	0	0	0	0	0	0	0	0	0	
43276	Heschl_L	1212	0	490	0	0	0	1156	0	0	0	726	0	136	0	0	0	2594	0	296	0	0	0	0	0	0	0	0	0	4846	0	0	0	0	0	0	0	980	0	268	0	0	0	0	0	0	0	0	0	0	0	302	0	0	0	480	0	682	0	0	0	202	0	208	0	0	0	0	0	0	0	0	0	0	0	0	0	94	0	0	0	2886	0	0	0	1290	0	0	0	2790	0	0	0	0	0	0	0	0	0	0	0	0	0	0	0	0	0	0	0	0	0	0	0	0	0	0	0	
37204	Heschl_R	0	594	0	128	0	0	0	100	0	0	0	682	0	0	0	0	0	5090	0	0	0	0	0	0	0	0	0	0	0	2666	0	0	0	0	0	0	0	382	0	262	0	0	0	120	0	0	0	0	0	0	0	98	0	0	0	360	0	438	0	0	0	0	0	0	0	0	0	298	0	0	0	0	0	120	0	0	0	0	0	0	0	6052	0	0	0	852	0	0	0	360	0	0	0	0	0	0	0	0	0	0	0	0	0	0	0	0	0	0	0	0	0	0	0	0	0	0	
249860	Temporal_Sup_L	7176	0	936	0	150	0	1402	0	118	0	2662	0	730	0	128	0	12446	0	666	0	126	0	0	0	0	0	0	0	7922	0	0	0	0	0	0	0	1772	0	122	0	0	0	0	0	0	0	222	0	92	0	4232	0	1150	0	6178	0	9524	0	1598	0	6572	0	9296	0	2380	0	266	0	182	0	0	0	504	0	0	0	146	0	2886	0	0	0	3454	0	23582	0	0	0	16004	0	150	0	0	0	0	0	0	0	156	0	0	0	0	0	0	0	0	0	0	0	0	0	0	0	0	0	
125924	Temporal_Sup_R	0	950	0	100	0	0	0	120	0	0	0	742	0	0	0	0	0	4680	0	492	0	0	0	0	0	0	0	0	0	7816	0	0	0	322	0	0	0	844	0	246	0	0	0	972	0	278	0	0	0	204	0	482	0	150	0	5088	0	662	0	170	0	742	0	4664	0	1590	0	1814	0	474	0	0	0	0	0	0	0	0	0	6052	0	0	0	1864	0	12542	0	0	0	8902	0	0	0	0	0	0	0	0	0	0	0	0	0	0	0	0	0	0	0	0	0	0	0	0	0	0	
54684	Temporal_Pole_Sup_L	0	0	378	0	164	0	208	0	0	0	1518	0	118	0	292	0	1028	0	332	0	360	0	0	0	0	0	0	0	3722	0	0	0	0	0	0	0	1758	0	210	0	1100	0	0	0	0	0	0	0	0	0	0	0	0	0	1538	0	0	0	0	0	0	0	0	0	0	0	0	0	0	0	0	0	134	0	0	0	108	0	0	0	3454	0	0	0	4544	0	2252	0	4124	0	0	0	0	0	0	0	0	0	0	0	0	0	0	0	0	0	0	0	0	0	0	0	0	0	0	0	
42480	Temporal_Pole_Sup_R	0	0	0	0	0	0	0	0	0	0	0	0	0	0	0	102	0	0	0	0	0	90	0	0	0	0	0	0	0	256	0	0	0	0	0	0	0	678	0	2252	0	2184	0	0	0	0	0	0	0	0	0	0	0	0	0	5096	0	0	0	0	0	0	0	0	0	0	0	0	0	0	0	0	0	0	0	0	0	0	0	0	0	1864	0	0	0	1952	0	3182	0	3446	0	0	0	0	0	0	0	138	0	0	0	0	0	0	0	0	0	0	0	0	0	0	0	0	0	0	
333244	Temporal_Mid_L	2226	0	0	0	0	0	90	0	0	0	0	0	480	0	0	0	1470	0	0	0	0	0	0	0	0	0	0	0	1570	0	0	0	390	0	758	0	356	0	0	0	0	0	570	0	538	0	384	0	230	0	29906	0	5372	0	7070	0	5866	0	5762	0	13388	0	8804	0	13224	0	4548	0	1006	0	0	0	110	0	0	0	0	0	1290	0	23582	0	4544	0	0	0	2578	0	30394	0	116	0	0	0	0	0	0	0	0	0	0	0	0	0	0	0	0	0	0	0	0	0	0	0	0	0	
259108	Temporal_Mid_R	0	3352	0	0	0	0	0	0	0	0	0	242	0	0	0	0	0	640	0	3352	0	0	0	0	0	0	0	0	0	2336	0	0	0	2602	0	1452	0	130	0	0	0	0	0	6228	0	3214	0	436	0	2092	0	12162	0	1402	0	3590	0	2076	0	1356	0	6786	0	10344	0	4558	0	10874	0	3384	0	212	0	0	0	0	0	372	0	852	0	12542	0	1952	0	0	0	758	0	30258	0	0	0	0	0	0	0	0	0	0	0	0	0	0	0	0	0	0	0	0	0	0	0	0	0	0	
16324	Temporal_Pole_Mid_L	0	0	0	0	0	0	0	0	0	0	0	0	0	0	0	0	0	0	0	0	0	0	0	0	0	0	0	0	0	0	0	0	0	0	0	0	0	0	0	0	0	0	0	0	0	0	0	0	0	0	0	0	0	0	774	0	0	0	0	0	0	0	0	0	0	0	0	0	0	0	0	0	0	0	0	0	0	0	0	0	0	0	2252	0	2578	0	0	0	2558	0	0	0	0	0	0	0	0	0	0	0	0	0	0	0	0	0	0	0	0	0	0	0	0	0	0	0	
16088	Temporal_Pole_Mid_R	0	0	0	0	0	0	0	0	0	0	0	0	0	0	0	0	0	0	0	0	0	0	0	0	0	0	0	0	0	0	0	0	0	0	0	0	0	104	0	910	0	250	0	0	0	0	0	0	0	0	0	0	0	0	0	1340	0	0	0	0	0	0	0	0	0	0	0	0	0	0	0	0	0	0	0	0	0	0	0	0	0	0	0	3182	0	758	0	0	0	1500	0	0	0	0	0	0	0	0	0	0	0	0	0	0	0	0	0	0	0	0	0	0	0	0	0	0	
273368	Temporal_Inf_L	650	0	0	0	0	0	176	0	0	0	0	0	604	0	0	0	1726	0	0	0	0	0	0	0	0	0	0	0	2792	0	0	0	0	0	0	0	6428	0	342	0	1304	0	0	0	0	0	286	0	474	0	11250	0	5840	0	18594	0	5038	0	5846	0	7634	0	1492	0	2456	0	2454	0	680	0	0	0	560	0	0	0	0	0	2790	0	16004	0	4124	0	30394	0	2558	0	0	0	2484	0	186	0	0	0	370	0	1148	0	0	0	0	0	0	0	0	0	0	0	0	0	0	0	0	0	
252164	Temporal_Inf_R	0	3480	0	96	0	0	0	98	0	0	0	386	0	0	0	0	0	1284	98	2346	0	0	0	0	0	0	0	0	0	6288	0	0	0	1984	0	2240	0	2578	0	2124	0	1306	0	8124	0	1616	0	632	0	936	0	4688	0	7710	0	17384	0	1094	0	314	0	280	0	588	0	0	0	9682	0	2032	0	264	0	244	0	0	0	494	0	360	0	8902	0	3446	0	30258	0	1500	0	0	0	346	0	0	0	0	0	740	0	140	0	0	0	0	0	0	0	0	0	0	0	0	0	0	0	0	
527736	Cerebelum_Crus1_L	136	0	0	0	0	0	0	0	0	0	0	0	0	0	0	0	0	0	0	0	0	0	0	0	0	0	0	0	0	0	0	0	0	0	146	0	392	0	816	0	0	0	412	0	142	0	5516	2162	0	0	988	0	1318	108	18360	948	0	0	96	0	0	0	0	0	0	0	436	0	132	0	0	0	0	0	0	0	0	0	0	0	150	0	0	0	116	0	0	0	2484	0	0	8344	35628	8782	2640	292	24764	850	61956	5022	14298	1426	13280	1686	6360	934	2180	0	360	698	4220	8442	16342	5306	4274	926	
451836	Cerebelum_Crus1_R	0	0	0	0	0	0	0	0	0	0	0	0	0	0	0	0	0	0	0	0	0	0	0	0	0	0	0	0	0	134	0	0	0	0	0	0	0	510	0	544	0	98	0	0	0	0	804	2042	0	0	0	0	0	112	182	7442	0	0	0	0	0	0	0	0	0	0	0	0	0	0	0	0	0	0	0	0	0	0	0	0	0	0	0	0	0	0	0	0	0	346	8344	0	4646	37362	0	3054	1162	18978	6664	53630	302	5334	0	13246	252	7404	0	2420	814	1386	7952	9042	15698	6552	7228	2234	
353792	Cerebelum_Crus2_L	0	0	0	0	0	0	0	0	0	0	0	0	0	0	0	0	0	0	0	0	0	0	0	0	0	0	0	0	0	0	0	0	0	0	0	0	0	0	0	0	0	0	0	0	0	0	328	354	0	0	0	0	0	0	208	128	0	0	0	0	0	0	0	0	0	0	0	0	0	0	0	0	0	0	0	0	0	0	0	0	0	0	0	0	0	0	0	0	186	0	35628	4646	0	16108	0	102	92	0	5700	1392	34726	5514	29130	3460	7870	728	1836	0	0	0	180	1730	17562	6294	2572	422	
388032	Cerebelum_Crus2_R	0	0	0	0	0	0	0	0	0	0	0	0	0	0	0	0	0	0	0	0	0	0	0	0	0	0	0	0	0	0	0	0	0	0	0	0	0	108	0	140	0	0	0	0	0	0	362	466	0	0	0	0	0	0	132	276	0	0	0	0	0	0	0	0	0	0	0	0	0	0	0	0	0	0	0	0	0	0	0	0	0	0	0	0	0	0	0	0	0	0	8782	37362	16108	0	0	334	0	684	4036	9130	7956	29318	4806	29946	0	9208	0	806	0	164	398	2950	19226	6504	3926	888	
33444	Cerebelum_3_L	0	0	0	0	0	0	0	0	0	0	0	0	0	0	0	0	0	0	0	0	0	0	0	0	0	0	0	0	0	0	0	0	0	0	0	0	0	0	90	0	0	0	0	0	0	0	132	0	0	0	0	0	0	0	140	0	0	0	0	0	0	0	0	0	0	0	0	0	0	0	0	0	0	0	0	0	0	0	0	0	0	0	0	0	0	0	0	0	0	0	2640	0	0	0	0	0	6828	150	3884	0	108	0	0	0	328	0	0	0	790	794	838	0	0	0	0	0	
84508	Cerebelum_3_R	0	0	0	0	0	0	0	0	0	0	0	0	0	0	0	0	0	0	0	0	0	0	0	0	0	0	0	0	0	0	0	0	0	0	0	0	0	258	0	312	0	104	0	0	0	0	210	192	0	0	0	0	0	0	274	486	0	0	0	0	0	0	0	0	0	0	0	0	0	0	0	0	0	0	0	0	0	0	0	0	0	0	0	0	0	0	0	0	0	0	292	3054	102	334	0	0	718	7066	1324	7914	0	0	0	226	628	3030	304	126	266	2832	2380	2586	1168	1300	2584	2184	
265852	Cerebelum_4_5_L	0	0	0	0	0	0	0	0	0	0	0	0	0	0	0	0	0	0	0	0	0	0	0	0	0	0	0	0	0	0	0	0	0	0	0	0	556	0	1506	0	0	0	0	0	0	0	9900	1548	0	0	0	0	166	0	14530	102	0	0	0	0	0	0	0	0	0	0	0	0	0	0	0	0	0	0	0	0	0	0	0	0	0	0	0	0	0	0	0	0	370	0	24764	1162	92	0	6828	718	0	3652	39658	2452	740	0	132	0	2830	524	202	0	1374	2544	13484	1658	164	114	436	720	
223696	Cerebelum_4_5_R	0	0	0	0	0	0	0	0	0	0	0	0	0	0	0	0	0	0	0	0	0	0	0	0	0	0	0	0	0	0	0	0	0	0	0	0	0	2690	0	3158	0	1178	0	0	0	0	1502	4792	0	0	0	0	0	114	540	7974	0	0	0	0	0	0	0	0	0	0	0	126	0	0	0	0	0	102	0	0	0	0	0	0	0	0	0	138	0	0	0	0	0	740	850	18978	0	684	150	7066	3652	0	2744	30462	0	0	0	286	552	1560	114	0	554	1116	13856	2304	934	788	1234	910	
479540	Cerebelum_6_L	0	0	0	0	0	0	0	0	0	0	0	0	0	0	0	0	0	0	0	0	0	0	0	0	0	0	0	0	0	0	0	0	0	0	0	0	438	0	1356	0	0	0	0	0	0	0	10744	4700	0	0	0	0	232	126	23592	1184	0	0	0	0	0	0	0	0	0	0	0	0	0	0	0	0	0	0	0	0	0	0	0	0	156	0	0	0	0	0	0	0	1148	0	61956	6664	5700	4036	3884	1324	39658	2744	0	5944	5024	0	3940	120	6378	2058	1496	0	748	1842	12112	13860	8170	2554	3718	2164	
411552	Cerebelum_6_R	0	0	0	148	0	0	0	0	0	0	0	0	0	0	0	0	0	0	0	112	0	0	0	0	0	0	0	0	0	0	0	0	0	0	0	0	0	1000	0	1164	0	216	0	0	0	0	1278	4444	0	0	0	0	0	328	276	10960	0	0	0	0	0	0	0	0	0	0	0	0	0	0	0	0	0	300	0	0	0	0	0	0	0	0	0	0	0	0	0	0	0	140	5022	53630	1392	9130	0	7914	2452	30462	5944	0	154	892	0	3716	356	7176	0	2442	2086	2518	11724	11578	10350	6846	7088	2538	
273248	Cerebelum_7b_L	0	0	0	0	0	0	0	0	0	0	0	0	0	0	0	0	0	0	0	0	0	0	0	0	0	0	0	0	0	0	0	0	0	0	0	0	0	0	0	0	0	0	0	0	0	0	0	0	0	0	0	0	0	0	214	0	0	0	0	0	0	0	0	0	0	0	0	0	0	0	0	0	0	0	0	0	0	0	0	0	0	0	0	0	0	0	0	0	0	0	14298	302	34726	7956	108	0	740	0	5024	154	0	5120	34638	4490	8370	1122	816	0	0	0	170	456	8930	6840	1794	356	
185744	Cerebelum_7b_R	0	0	0	0	0	0	0	0	0	0	0	0	0	0	0	0	0	0	0	0	0	0	0	0	0	0	0	0	0	0	0	0	0	0	0	0	0	0	0	0	0	0	0	0	0	0	0	0	0	0	0	0	0	0	0	0	0	0	0	0	0	0	0	0	0	0	0	0	0	0	0	0	0	0	0	0	0	0	0	0	0	0	0	0	0	0	0	0	0	0	1426	5334	5514	29318	0	0	0	0	0	892	5120	0	3780	25402	0	8300	0	0	0	0	0	0	4206	2956	624	0	
282168	Cerebelum_8_L	0	0	0	0	0	0	0	0	0	0	0	0	0	0	0	0	0	0	0	0	0	0	0	0	0	0	0	0	0	0	0	0	0	0	0	0	0	0	0	0	0	0	0	0	0	0	0	0	0	0	0	0	0	0	114	0	0	0	0	0	0	0	0	0	0	0	0	0	0	0	0	0	0	0	0	0	0	0	0	0	0	0	0	0	0	0	0	0	0	0	13280	0	29130	4806	0	0	132	0	3940	0	34638	3780	0	4300	19654	3648	2920	0	0	0	0	90	7330	9066	3870	386	
266656	Cerebelum_8_R	0	0	0	0	0	0	0	0	0	0	0	0	0	0	0	0	0	0	0	0	0	0	0	0	0	0	0	0	0	0	0	0	0	0	0	0	0	0	0	0	0	0	0	0	0	0	0	0	0	0	0	0	0	0	0	0	0	0	0	0	0	0	0	0	0	0	0	0	0	0	0	0	0	0	0	0	0	0	0	0	0	0	0	0	0	0	0	0	0	0	1686	13246	3460	29946	0	226	0	286	120	3716	4490	25402	4300	0	190	21792	0	1432	0	100	0	854	9658	5948	5526	950	
156596	Cerebelum_9_L	0	0	0	0	0	0	0	0	0	0	0	0	0	0	0	0	0	0	0	0	0	0	0	0	0	0	0	0	0	0	0	0	0	0	0	0	0	0	0	0	0	0	0	0	0	0	110	0	0	0	0	0	0	0	0	0	0	0	0	0	0	0	0	0	0	0	0	0	0	0	0	0	0	0	0	0	0	0	0	0	0	0	0	0	0	0	0	0	0	0	6360	252	7870	0	328	628	2830	552	6378	356	8370	0	19654	190	0	3700	4264	0	196	432	1794	2900	1694	3362	4380	1698	
252876	Cerebelum_9_R	0	0	0	0	0	0	0	0	0	0	0	0	0	0	0	0	0	0	0	0	0	0	0	0	0	0	0	0	0	0	0	0	0	0	0	0	0	0	0	0	0	0	0	0	0	0	270	158	0	0	0	0	0	0	278	134	0	0	0	0	0	0	0	0	0	0	0	0	0	0	0	0	0	0	0	0	0	0	0	0	0	0	0	0	0	0	0	0	0	0	934	7404	728	9208	0	3030	524	1560	2058	7176	1122	8300	3648	21792	3700	0	608	2200	596	1670	2538	7520	8106	10470	14430	6276	
35492	Cerebelum_10_L	0	0	0	0	0	0	0	0	0	0	0	0	0	0	0	0	0	0	0	0	0	0	0	0	0	0	0	0	0	0	0	0	0	0	0	0	0	0	0	0	0	0	0	0	0	0	0	0	0	0	0	0	0	0	0	0	0	0	0	0	0	0	0	0	0	0	0	0	0	0	0	0	0	0	0	0	0	0	0	0	0	0	0	0	0	0	0	0	0	0	2180	0	1836	0	0	304	202	114	1496	0	816	0	2920	0	4264	608	0	0	0	182	238	948	148	220	664	606	
29340	Cerebelum_10_R	0	0	0	0	0	0	0	0	0	0	0	0	0	0	0	0	0	0	0	0	0	0	0	0	0	0	0	0	0	0	0	0	0	0	0	0	0	0	0	0	0	0	0	0	0	0	0	0	0	0	0	0	0	0	0	0	0	0	0	0	0	0	0	0	0	0	0	0	0	0	0	0	0	0	0	0	0	0	0	0	0	0	0	0	0	0	0	0	0	0	0	2420	0	806	0	126	0	0	0	2442	0	0	0	1432	0	2200	0	0	0	0	0	714	1602	1168	1156	604	
34592	Vermis_1_2	0	0	0	0	0	0	0	0	0	0	0	0	0	0	0	0	0	0	0	0	0	0	0	0	0	0	0	0	0	0	0	0	0	0	0	0	0	0	0	0	0	0	0	0	0	0	220	208	0	0	0	0	0	0	0	172	0	0	0	0	0	0	0	0	0	0	0	0	0	0	0	0	0	0	0	0	0	0	0	0	0	0	0	0	0	0	0	0	0	0	360	814	0	0	790	266	1374	554	748	2086	0	0	0	0	196	596	0	0	0	4082	1896	1674	370	284	372	234	
57916	Vermis_3	0	0	0	0	0	0	0	0	0	0	0	0	0	0	0	0	0	0	0	0	0	0	0	0	0	0	0	0	0	0	0	0	0	0	0	0	0	0	0	0	0	0	0	0	0	0	296	118	0	0	0	0	0	0	242	0	0	0	0	0	0	0	0	0	0	0	0	0	0	0	0	0	0	0	0	0	0	0	0	0	0	0	0	0	0	0	0	0	0	0	698	1386	0	164	794	2832	2544	1116	1842	2518	0	0	0	100	432	1670	182	0	4082	0	2736	1464	606	612	1310	1214	
211316	Vermis_4_5	0	0	0	0	0	0	0	0	0	0	0	0	0	0	0	0	0	0	0	0	0	0	0	0	0	0	0	0	0	0	0	0	0	0	0	216	0	230	0	0	0	0	0	176	0	0	4590	4812	0	0	0	0	0	114	2446	2438	0	0	0	0	0	0	0	0	0	0	0	326	0	0	0	0	0	0	0	0	0	0	0	0	0	0	0	0	0	0	0	0	0	0	4220	7952	180	398	838	2380	13484	13856	12112	11724	170	0	0	0	1794	2538	238	0	1896	2736	0	7790	1166	544	1636	2658	
238368	Vermis_6	0	0	0	0	0	0	0	0	0	0	0	0	0	0	0	0	0	0	0	0	0	0	0	0	0	0	0	0	0	0	0	0	0	0	0	0	0	0	0	0	0	0	0	100	0	0	3770	5122	0	0	0	0	0	210	1386	1984	0	0	0	0	0	0	0	0	0	0	0	0	0	0	0	0	0	0	0	0	0	0	0	0	0	0	0	0	0	0	0	0	0	0	8442	9042	1730	2950	0	2586	1658	2304	13860	11578	456	0	90	854	2900	7520	948	714	1674	1464	7790	0	8274	5336	7822	6620	
350920	Vermis_7	0	0	0	0	0	0	0	0	0	0	0	0	0	0	0	0	0	0	0	0	0	0	0	0	0	0	0	0	0	0	0	0	0	0	0	0	0	0	0	0	0	0	0	0	0	0	852	1042	0	0	0	0	0	0	210	296	0	0	0	0	0	0	0	0	0	0	0	0	0	0	0	0	0	0	0	0	0	0	0	0	0	0	0	0	0	0	0	0	0	0	16342	15698	17562	19226	0	1168	164	934	8170	10350	8930	4206	7330	9658	1694	8106	148	1602	370	606	1166	8274	0	16558	12276	2522	
