data	data	521664	470576	731612	577704	194084	76852	368044	126396	79428	16964	353736	229112	243808	217128	145184	140488	260900	155656	570008	620448	76464	92984	267240	235024	32868	67960	57344	48804	688032	472796	395972	454588	201172	515436	186500	203604	317156	352264	119372	196276	59324	65668	269440	257056	253260	328840	434204	471048	227936	249212	532272	272340	263856	95732	573308	542820	237400	359264	179692	163300	199404	171720	149848	124640	160384	121960	408224	444072	266820	309824	248052	316628	255296	265976	36492	14832	187624	245196	190584	45552	246528	171960	143280	109028	407348	293172	41724	62592	404220	329544	676176	556428	421476	327080	52044	62204	546044	446008	761340	616904	296648	145632	345184	317352	153408	210700	25548	26708	23872	76432	496264	327596	235492	221200	167644	28912	
data	data	Precentral_L	Precentral_R	Frontal_Sup_L	Frontal_Sup_R	Frontal_Sup_Orb_L	Frontal_Sup_Orb_R	Frontal_Mid_L	Frontal_Mid_R	Frontal_Mid_Orb_L	Frontal_Mid_Orb_R	Frontal_Inf_Oper_L	Frontal_Inf_Oper_R	Frontal_Inf_Tri_L	Frontal_Inf_Tri_R	Frontal_Inf_Orb_L	Frontal_Inf_Orb_R	Rolandic_Oper_L	Rolandic_Oper_R	Supp_Motor_Area_L	Supp_Motor_Area_R	Olfactory_L	Olfactory_R	Frontal_Sup_Medial_L	Frontal_Sup_Medial_R	Frontal_Med_Orb_L	Frontal_Med_Orb_R	Rectus_L	Rectus_R	Insula_L	Insula_R	Cingulum_Ant_L	Cingulum_Ant_R	Cingulum_Mid_L	Cingulum_Mid_R	Cingulum_Post_L	Cingulum_Post_R	Hippocampus_L	Hippocampus_R	ParaHippocampal_L	ParaHippocampal_R	Amygdala_L	Amygdala_R	Calcarine_L	Calcarine_R	Cuneus_L	Cuneus_R	Lingual_L	Lingual_R	Occipital_Sup_L	Occipital_Sup_R	Occipital_Mid_L	Occipital_Mid_R	Occipital_Inf_L	Occipital_Inf_R	Fusiform_L	Fusiform_R	Postcentral_L	Postcentral_R	Parietal_Sup_L	Parietal_Sup_R	Parietal_Inf_L	Parietal_Inf_R	SupraMarginal_L	SupraMarginal_R	Angular_L	Angular_R	Precuneus_L	Precuneus_R	Paracentral_Lobule_L	Paracentral_Lobule_R	Caudate_L	Caudate_R	Putamen_L	Putamen_R	Pallidum_L	Pallidum_R	Thalamus_L	Thalamus_R	Heschl_L	Heschl_R	Temporal_Sup_L	Temporal_Sup_R	Temporal_Pole_Sup_L	Temporal_Pole_Sup_R	Temporal_Mid_L	Temporal_Mid_R	Temporal_Pole_Mid_L	Temporal_Pole_Mid_R	Temporal_Inf_L	Temporal_Inf_R	Cerebelum_Crus1_L	Cerebelum_Crus1_R	Cerebelum_Crus2_L	Cerebelum_Crus2_R	Cerebelum_3_L	Cerebelum_3_R	Cerebelum_4_5_L	Cerebelum_4_5_R	Cerebelum_6_L	Cerebelum_6_R	Cerebelum_7b_L	Cerebelum_7b_R	Cerebelum_8_L	Cerebelum_8_R	Cerebelum_9_L	Cerebelum_9_R	Cerebelum_10_L	Cerebelum_10_R	Vermis_1_2	Vermis_3	Vermis_4_5	Vermis_6	Vermis_7	Vermis_8	Vermis_9	Vermis_10	
521664	Precentral_L	0	2664	11202	252	0	0	14238	0	0	0	12422	0	1666	0	0	0	9584	0	4396	4204	0	0	118	0	0	0	0	0	22066	170	562	0	170	2746	4288	4570	8914	3502	376	820	0	0	388	0	438	0	528	172	146	0	2744	0	2688	0	4896	268	27300	378	1088	0	8052	0	9970	0	2464	0	1944	156	18532	2694	1910	412	2882	0	306	0	15050	3322	19306	0	5302	86	252	0	10314	530	0	0	6926	344	0	0	0	0	0	0	0	0	114	0	0	0	0	0	0	0	0	0	0	0	0	0	0	0	0	0	
470576	Precentral_R	2664	0	0	16354	0	0	128	4498	0	0	0	7030	0	1368	0	0	0	3692	1970	17256	0	0	0	0	0	0	0	0	0	3988	94	846	0	9814	1228	3330	820	10706	230	2232	0	0	0	2340	0	2046	0	2390	0	94	0	2446	0	192	0	2332	0	32060	0	2316	0	4204	0	3092	0	802	0	8718	5434	20452	1276	13288	138	3218	0	500	3662	26918	0	364	0	1052	0	0	0	3638	0	0	0	3584	0	0	0	0	0	0	0	352	0	0	0	0	0	0	0	0	0	0	0	0	132	0	0	0	0	0	
731612	Frontal_Sup_L	11202	0	0	2340	15252	0	43986	144	1124	0	30100	174	17266	120	5380	0	16534	0	56492	7656	0	0	30994	1586	512	0	0	0	42978	232	18458	5308	2152	1746	0	0	1226	0	0	0	0	0	0	0	0	0	0	0	0	0	0	0	0	0	268	0	5024	0	0	0	542	0	574	0	0	0	74	0	1316	0	9262	3544	14266	152	3006	0	1740	0	866	0	6480	0	4530	0	760	0	0	0	440	0	0	0	0	0	0	0	0	0	0	0	0	0	0	0	0	0	0	0	0	0	0	0	0	0	0	0	
577704	Frontal_Sup_R	252	16354	2340	0	0	5324	182	18772	0	240	74	12606	228	12182	0	5366	0	6220	7478	43564	0	0	9488	26098	216	1078	0	254	310	19586	4248	27596	924	22872	214	418	166	3668	0	628	0	0	0	0	0	0	0	212	0	0	0	0	0	0	0	406	0	544	0	0	0	0	0	0	0	0	0	0	698	86	424	12764	156	9242	0	214	358	12578	0	226	0	726	0	870	0	0	0	0	0	264	0	0	0	0	0	0	0	138	0	0	0	0	0	0	0	0	0	0	0	0	0	0	0	0	0	0	
194084	Frontal_Sup_Orb_L	0	0	15252	0	0	0	5028	0	11584	0	170	0	4240	0	16070	76	0	0	234	0	2144	236	4726	336	2926	866	5526	118	10286	0	5810	956	402	82	0	0	106	0	106	0	752	0	0	0	0	0	0	0	0	0	0	0	0	0	0	0	0	0	0	0	0	0	0	0	0	0	0	0	0	0	840	160	6824	128	0	0	0	0	0	0	426	0	544	0	0	0	0	0	88	0	0	0	0	0	0	0	0	0	0	0	0	0	0	0	0	0	0	0	0	0	0	0	0	0	0	0	
76852	Frontal_Sup_Orb_R	0	0	0	5324	0	0	0	1004	0	3326	0	0	0	868	0	6320	0	0	0	86	148	1166	0	3042	256	4646	164	3712	0	2040	344	2256	0	0	0	0	0	0	0	0	0	0	0	0	0	0	0	0	0	0	0	0	0	0	0	0	0	0	0	0	0	0	0	0	0	0	0	0	0	0	156	850	0	2718	0	0	0	0	0	0	0	0	0	0	0	0	0	0	0	0	0	0	0	0	0	0	0	0	0	0	0	0	0	0	0	0	0	0	0	0	0	0	0	0	0	0	
368044	Frontal_Mid_L	14238	128	43986	182	5028	0	0	0	1694	0	17734	0	23188	0	3848	0	4578	0	6474	340	0	0	11226	130	0	0	0	0	14936	0	9786	2038	1602	432	340	326	1916	236	76	0	0	0	0	0	0	0	0	0	0	0	0	0	0	0	330	0	1802	0	0	0	1176	0	1000	0	0	0	0	0	364	0	3814	776	3254	0	258	0	2362	100	1308	0	1560	0	1372	0	84	0	0	0	0	0	0	0	0	0	0	0	0	0	0	0	0	0	0	0	0	0	0	0	0	0	0	0	0	0	0	0	
126396	Frontal_Mid_R	0	4498	144	18772	0	1004	0	0	0	292	0	6088	0	9170	0	986	0	644	730	4394	0	0	232	1754	0	0	0	0	0	3906	206	2292	0	2186	0	0	0	290	0	0	0	0	0	0	0	0	0	0	0	0	0	0	0	0	0	0	0	980	0	260	0	324	0	0	0	0	0	162	0	0	0	744	0	1974	0	660	0	348	0	74	0	84	0	0	0	0	0	0	0	0	0	0	0	0	0	0	0	0	0	0	0	0	0	0	0	0	0	0	0	0	0	0	0	0	0	0	
79428	Frontal_Mid_Orb_L	0	0	1124	0	11584	0	1694	0	0	0	0	0	2226	0	12964	0	0	0	0	0	1154	78	0	0	0	0	2028	0	4230	0	0	0	0	0	0	0	0	0	0	0	496	0	0	0	0	0	0	0	0	0	0	0	0	0	0	0	0	0	0	0	0	0	0	0	0	0	0	0	0	0	134	0	1734	0	0	0	0	0	0	0	0	0	268	0	0	0	0	0	0	0	0	0	0	0	0	0	0	0	0	0	0	0	0	0	0	0	0	0	0	0	0	0	0	0	0	0	
16964	Frontal_Mid_Orb_R	0	0	0	240	0	3326	0	292	0	0	0	0	0	168	0	3530	0	0	0	0	0	0	0	0	0	0	0	0	0	368	0	0	0	0	0	0	0	0	0	0	0	0	0	0	0	0	0	0	0	0	0	0	0	0	0	0	0	0	0	0	0	0	0	0	0	0	0	0	0	0	0	0	0	558	0	0	0	0	0	0	0	0	0	0	0	0	0	0	0	0	0	0	0	0	0	0	0	0	0	0	0	0	0	0	0	0	0	0	0	0	0	0	0	0	0	0	
353736	Frontal_Inf_Oper_L	12422	0	30100	74	170	0	17734	0	0	0	0	0	18216	0	932	0	17226	0	21058	138	0	0	1706	0	0	0	0	0	31972	0	1666	414	280	0	0	0	174	0	0	0	0	0	0	0	0	0	0	0	0	0	0	0	0	0	0	0	4624	0	0	0	478	0	632	0	0	0	0	0	0	0	1228	296	1236	0	174	0	298	0	1440	0	6566	0	5614	0	0	0	0	0	0	0	0	0	0	0	0	0	0	0	0	0	0	0	0	0	0	0	0	0	0	0	0	0	0	0	0	0	
229112	Frontal_Inf_Oper_R	0	7030	174	12606	0	0	0	6088	0	0	0	0	0	12676	0	1082	0	7752	1050	10974	0	0	336	420	0	0	0	0	0	25712	856	6124	206	7816	0	0	0	986	0	136	0	0	0	0	0	0	0	0	0	0	0	0	0	0	0	84	0	2820	0	682	0	932	0	154	0	0	0	130	0	74	0	932	0	3328	0	200	0	334	0	424	0	1106	0	1242	0	90	0	0	0	0	0	0	0	0	0	0	0	0	0	0	0	0	0	0	0	0	0	0	0	0	0	0	0	0	0	0	
243808	Frontal_Inf_Tri_L	1666	0	17266	228	4240	0	23188	0	2226	0	18216	0	0	112	9856	94	1578	0	9010	238	0	0	1614	124	0	0	0	0	21580	110	3684	1016	846	0	0	0	106	0	0	0	0	0	0	0	0	0	0	0	0	0	0	0	0	0	0	0	166	0	0	0	0	0	0	0	0	0	0	0	0	0	848	412	1602	200	0	0	104	0	96	0	502	0	976	0	0	0	0	0	0	0	0	0	0	0	0	0	0	0	0	0	0	0	0	0	0	0	0	0	0	0	0	0	0	0	0	0	
217128	Frontal_Inf_Tri_R	0	1368	120	12182	0	868	0	9170	0	168	0	12676	112	0	0	10830	0	622	790	5952	0	0	440	3732	0	272	0	0	150	22432	2298	11848	162	5940	0	0	0	280	0	0	0	0	0	0	0	0	0	0	0	0	0	0	0	0	0	0	0	394	0	0	0	0	0	0	0	0	0	0	0	0	298	2618	116	2726	0	0	0	0	0	0	0	0	0	0	0	0	0	0	0	0	0	0	0	0	0	0	0	0	0	0	0	0	0	0	0	0	0	0	0	0	0	0	0	0	0	0	
145184	Frontal_Inf_Orb_L	0	0	5380	0	16070	0	3848	0	12964	0	932	0	9856	0	0	0	116	0	910	0	1898	124	376	0	224	0	1848	0	10596	0	804	108	114	0	0	0	114	0	74	0	722	0	0	0	0	0	0	0	0	0	0	0	0	0	0	0	0	0	0	0	0	0	0	0	0	0	0	0	0	0	386	0	4594	0	0	0	0	0	0	0	0	0	534	0	0	0	0	0	0	0	0	0	0	0	0	0	0	0	0	0	0	0	0	0	0	0	0	0	0	0	0	0	0	0	0	0	
140488	Frontal_Inf_Orb_R	0	0	0	5366	76	6320	0	986	0	3530	0	1082	94	10830	0	0	0	680	100	1198	124	2350	0	2426	0	1562	0	1864	124	13370	1072	4150	0	306	0	0	0	192	0	80	0	274	0	0	0	0	0	0	0	0	0	0	0	0	0	82	0	0	0	0	0	0	0	0	0	0	0	0	0	0	204	2430	0	2076	0	0	0	0	0	136	0	2796	0	4018	0	182	0	164	0	0	0	0	0	0	0	0	0	0	0	0	0	0	0	0	0	0	0	0	0	0	0	0	0	0	0	0	
260900	Rolandic_Oper_L	9584	0	16534	0	0	0	4578	0	0	0	17226	0	1578	0	116	0	0	0	11124	0	0	0	114	0	0	0	0	0	25342	0	108	0	0	0	0	0	290	0	0	0	0	0	102	0	144	0	0	0	0	0	594	0	320	0	670	0	8954	0	466	0	460	0	1310	0	148	0	694	0	136	0	284	0	1380	0	1216	0	308	0	5712	0	13038	0	5292	0	1810	0	0	0	818	0	0	0	0	0	0	0	0	0	0	0	0	0	0	0	0	0	0	0	0	0	0	0	0	0	0	0	
155656	Rolandic_Oper_R	0	3692	0	6220	0	0	0	644	0	0	0	7752	0	622	0	680	0	0	86	4528	0	0	0	0	0	0	0	0	0	17640	0	698	0	1644	0	0	0	1160	0	0	0	0	0	0	0	0	0	0	0	0	0	0	0	0	0	136	0	7416	0	244	0	438	0	3880	0	0	0	0	0	0	0	350	0	5970	0	372	0	182	0	3904	0	6134	0	1718	0	992	0	0	0	726	0	0	0	0	0	0	0	0	0	0	0	0	0	0	0	0	0	0	0	0	0	0	0	0	0	0	
570008	Supp_Motor_Area_L	4396	1970	56492	7478	234	0	6474	730	0	0	21058	1050	9010	790	910	100	11124	86	0	33418	0	0	2124	1650	0	0	0	0	29660	1216	7954	4250	12594	14938	2634	0	652	90	0	0	0	0	0	0	0	0	0	0	0	0	0	0	0	0	238	0	424	0	0	0	0	0	0	0	0	0	188	0	17570	2130	8024	5702	4908	412	1064	0	3878	190	274	0	3528	0	2826	0	260	0	0	0	306	0	0	0	0	0	0	0	0	0	0	0	0	0	0	0	0	0	0	0	0	0	0	0	0	0	0	0	
620448	Supp_Motor_Area_R	4204	17256	7656	43564	0	86	340	4394	0	0	138	10974	238	5952	0	1198	0	4528	33418	0	0	0	726	3830	0	0	0	0	292	14250	4722	10382	7302	42958	1026	4000	216	3016	114	948	0	0	0	0	0	82	0	260	0	0	0	0	0	0	0	1426	0	3720	0	0	0	0	0	0	0	0	74	798	15408	17234	1882	17340	282	7184	0	400	2266	11072	0	74	0	582	0	686	0	232	0	0	0	1378	0	0	0	0	0	0	0	116	0	0	0	0	0	0	0	0	0	0	0	0	0	0	0	0	0	0	
76464	Olfactory_L	0	0	0	0	2144	148	0	0	1154	0	0	0	0	0	1898	124	0	0	0	0	0	6170	0	0	128	156	3150	1060	2354	188	2906	1418	0	0	0	0	0	0	134	0	588	0	0	0	0	0	0	0	0	0	0	0	0	0	0	0	0	0	0	0	0	0	0	0	0	0	0	0	0	0	6686	4738	2276	498	0	0	0	0	0	0	0	0	314	0	0	0	0	0	0	0	0	0	0	0	0	0	0	0	0	0	0	0	0	0	0	0	0	0	0	0	0	0	0	0	0	0	
92984	Olfactory_R	0	0	0	0	236	1166	0	0	78	0	0	0	0	0	124	2350	0	0	0	0	6170	0	0	0	0	458	2008	3608	190	3446	2982	2480	0	0	0	0	0	182	0	110	0	858	0	0	0	0	0	0	0	0	0	0	0	0	0	0	0	0	0	0	0	0	0	0	0	0	0	0	0	0	7536	7096	3862	1232	0	0	0	0	0	0	0	0	0	320	0	0	0	0	0	0	0	0	0	0	0	0	0	0	0	0	0	0	0	0	0	0	0	0	0	0	0	0	0	0	0	0	
267240	Frontal_Sup_Medial_L	118	0	30994	9488	4726	0	11226	232	0	0	1706	336	1614	440	376	0	114	0	2124	726	0	0	0	15836	1400	408	0	0	2632	434	18454	15134	3574	8232	0	0	0	0	0	0	0	0	0	0	0	0	0	0	0	0	0	0	0	0	0	0	0	0	0	0	0	0	0	0	0	0	0	0	0	0	578	128	2590	0	0	0	0	0	0	0	0	0	0	0	0	0	0	0	0	0	0	0	0	0	0	0	0	0	0	0	0	0	0	0	0	0	0	0	0	0	0	0	0	0	0	0	
235024	Frontal_Sup_Medial_R	0	0	1586	26098	336	3042	130	1754	0	0	0	420	124	3732	0	2426	0	0	1650	3830	0	0	15836	0	1152	4176	326	378	230	3642	6576	23898	682	11046	0	0	0	0	0	0	0	0	0	0	0	0	0	0	0	0	0	0	0	0	0	0	0	0	0	0	0	0	0	0	0	0	0	0	0	0	564	1586	502	1790	0	0	0	0	0	0	0	0	0	0	0	0	0	0	0	0	0	0	0	0	0	0	0	0	0	0	0	0	0	0	0	0	0	0	0	0	0	0	0	0	0	0	
32868	Frontal_Med_Orb_L	0	0	512	216	2926	256	0	0	0	0	0	0	0	0	224	0	0	0	0	0	128	0	1400	1152	0	2516	1676	188	0	0	3320	1242	0	0	0	0	0	0	0	0	0	0	0	0	0	0	0	0	0	0	0	0	0	0	0	0	0	0	0	0	0	0	0	0	0	0	0	0	0	0	152	168	254	104	0	0	0	0	0	0	0	0	0	0	0	0	0	0	0	0	0	0	0	0	0	0	0	0	0	0	0	0	0	0	0	0	0	0	0	0	0	0	0	0	0	0	
67960	Frontal_Med_Orb_R	0	0	0	1078	866	4646	0	0	0	0	0	0	0	272	0	1562	0	0	0	0	156	458	408	4176	2516	0	414	3522	0	588	2876	5188	0	0	0	0	0	0	0	0	0	0	0	0	0	0	0	0	0	0	0	0	0	0	0	0	0	0	0	0	0	0	0	0	0	0	0	0	0	0	186	1950	86	3032	0	0	0	0	0	0	0	0	0	0	0	0	0	0	0	0	0	0	0	0	0	0	0	0	0	0	0	0	0	0	0	0	0	0	0	0	0	0	0	0	0	0	
57344	Rectus_L	0	0	0	0	5526	164	0	0	2028	0	0	0	0	0	1848	0	0	0	0	0	3150	2008	0	326	1676	414	0	906	484	0	4116	1592	0	0	0	0	0	0	0	0	0	0	0	0	0	0	0	0	0	0	0	0	0	0	0	0	0	0	0	0	0	0	0	0	0	0	0	0	0	0	2438	1540	228	228	0	0	0	0	0	0	0	0	0	0	0	0	0	0	0	0	0	0	0	0	0	0	0	0	0	0	0	0	0	0	0	0	0	0	0	0	0	0	0	0	0	0	
48804	Rectus_R	0	0	0	254	118	3712	0	0	0	0	0	0	0	0	0	1864	0	0	0	0	1060	3608	0	378	188	3522	906	0	0	1420	1562	2204	0	0	0	0	0	0	0	0	0	0	0	0	0	0	0	0	0	0	0	0	0	0	0	0	0	0	0	0	0	0	0	0	0	0	0	0	0	0	984	1730	108	696	0	0	0	0	0	0	0	0	0	88	0	0	0	0	0	0	0	0	0	0	0	0	0	0	0	0	0	0	0	0	0	0	0	0	0	0	0	0	0	0	0	0	
688032	Insula_L	22066	0	42978	310	10286	0	14936	0	4230	0	31972	0	21580	150	10596	124	25342	0	29660	292	2354	190	2632	230	0	0	484	0	0	146	6512	1546	2336	198	228	146	8630	104	1468	0	3164	0	210	0	88	0	292	0	0	0	1244	0	1482	0	6276	0	6536	0	434	0	1978	0	2836	0	1782	0	732	0	690	0	5782	1162	12742	236	856	0	640	0	16164	0	13296	0	6816	0	8444	0	684	0	6996	0	334	0	0	0	0	0	0	0	394	0	0	0	0	0	0	0	0	0	0	0	0	0	0	0	0	0	
472796	Insula_R	170	3988	232	19586	0	2040	0	3906	0	368	0	25712	110	22432	0	13370	0	17640	1216	14250	188	3446	434	3642	0	588	0	1420	146	0	2338	11984	224	8198	318	334	320	7432	0	826	0	1088	0	0	0	0	0	0	0	0	0	0	0	0	0	2344	0	1822	0	0	0	0	0	308	0	0	0	98	126	0	330	2526	140	23832	0	0	98	764	0	5494	0	14212	0	4264	0	6418	0	212	0	5464	0	0	0	0	0	0	0	0	0	0	0	0	0	0	0	0	0	0	0	0	0	0	0	0	0	0	
395972	Cingulum_Ant_L	562	94	18458	4248	5810	344	9786	206	0	0	1666	856	3684	2298	804	1072	108	0	7954	4722	2906	2982	18454	6576	3320	2876	4116	1562	6512	2338	0	29512	15404	7566	0	0	140	190	0	0	0	0	0	0	0	0	0	0	0	0	0	0	0	0	0	0	100	0	0	0	118	0	170	0	0	0	0	0	86	0	13084	5498	9100	2414	0	0	0	0	142	0	0	0	148	0	0	0	0	0	0	0	0	0	0	0	0	0	0	0	0	0	0	0	0	0	0	0	0	0	0	0	0	0	0	0	0	0	
454588	Cingulum_Ant_R	0	846	5308	27596	956	2256	2038	2292	0	0	414	6124	1016	11848	108	4150	0	698	4250	10382	1418	2480	15134	23898	1242	5188	1592	2204	1546	11984	29512	0	4480	19494	0	0	0	492	0	124	0	0	0	0	0	0	0	0	0	0	0	0	0	0	0	0	0	266	0	130	0	178	0	0	0	0	0	0	0	0	5552	10822	2620	6352	0	0	132	0	0	0	0	82	0	90	0	0	0	0	0	0	0	0	0	0	0	0	0	0	0	0	0	0	0	0	0	0	0	0	0	0	0	0	0	0	0	0	
201172	Cingulum_Mid_L	170	0	2152	924	402	0	1602	0	0	0	280	206	846	162	114	0	0	0	12594	7302	0	0	3574	682	0	0	0	0	2336	224	15404	4480	0	17424	4376	438	82	0	0	0	0	0	644	0	1922	338	0	0	1818	156	2382	102	542	0	82	0	242	0	552	0	130	0	0	0	92	0	5924	1338	5600	386	1704	0	662	0	0	0	0	0	0	0	0	0	0	0	108	0	0	0	88	0	0	0	0	0	0	0	0	0	0	0	0	0	0	0	0	0	0	0	0	0	0	0	0	0	0	0	
515436	Cingulum_Mid_R	2746	9814	1746	22872	82	0	432	2186	0	0	0	7816	0	5940	0	306	0	1644	14938	42958	0	0	8232	11046	0	0	0	0	198	8198	7566	19494	17424	0	2242	7426	0	520	0	202	0	0	0	324	112	1958	0	448	0	174	0	1406	0	162	0	1232	0	9148	0	0	0	442	0	1216	0	120	1870	7368	10086	19646	186	884	0	906	0	0	184	514	0	0	0	254	0	248	0	1186	0	0	0	1414	0	0	0	0	0	0	0	0	0	0	0	0	0	0	0	0	0	0	0	0	202	0	0	0	0	0	
186500	Cingulum_Post_L	4288	1228	0	214	0	0	340	0	0	0	0	0	0	0	0	0	0	0	2634	1026	0	0	0	0	0	0	0	0	228	318	0	0	4376	2242	0	11682	9740	6184	2592	1204	0	0	3564	0	1974	496	3216	282	292	0	100	0	150	0	430	376	282	204	0	0	0	0	0	0	0	0	9198	3934	8582	882	0	0	406	114	0	0	4346	3106	0	0	106	138	0	0	158	900	0	0	678	638	0	0	0	0	0	0	0	0	0	0	0	0	0	0	0	0	0	0	0	0	402	0	0	0	0	0	
203604	Cingulum_Post_R	4570	3330	0	418	0	0	326	0	0	0	0	0	0	0	0	0	0	0	0	4000	0	0	0	0	0	0	0	0	146	334	0	0	438	7426	11682	0	6678	8786	1810	2060	0	0	0	510	176	1726	608	3550	0	0	0	0	0	0	216	1104	0	2748	0	0	0	0	0	0	0	0	2032	10128	4290	6168	234	154	384	124	0	0	5814	4938	0	0	0	140	0	0	94	986	0	0	562	1068	0	0	0	0	0	0	0	124	0	0	0	0	0	0	0	0	0	0	0	0	1920	0	0	0	0	0	
317156	Hippocampus_L	8914	820	1226	166	106	0	1916	0	0	0	174	0	106	0	114	0	290	0	652	216	0	0	0	0	0	0	0	0	8630	320	140	0	82	0	9740	6678	0	5518	16894	1020	8070	0	2350	0	0	0	5890	332	0	0	636	0	1194	0	18450	280	492	0	242	0	154	0	232	0	782	0	3572	1236	1986	0	524	182	7366	152	204	0	4866	2140	2618	0	2146	138	1684	0	3868	900	824	0	17114	638	1172	0	76	0	0	0	526	0	1518	0	0	0	0	0	0	0	0	0	0	120	182	0	0	0	0	0	
352264	Hippocampus_R	3502	10706	0	3668	0	0	236	290	0	0	0	986	0	280	0	192	0	1160	90	3016	0	182	0	0	0	0	0	0	104	7432	190	492	0	520	6184	8786	5518	0	1466	21868	0	9986	0	498	0	0	546	6218	0	0	0	80	0	252	186	19480	0	916	0	88	0	112	0	0	0	0	0	3870	2476	1044	0	114	294	13788	0	80	4248	8242	0	490	0	1946	0	2574	0	4256	0	810	456	12656	0	272	0	0	0	82	100	1762	0	498	0	0	0	0	0	0	0	0	0	90	754	0	0	0	0	0	
119372	ParaHippocampal_L	376	230	0	0	106	0	76	0	0	0	0	0	0	0	74	0	0	0	0	114	134	0	0	0	0	0	0	0	1468	0	0	0	0	0	2592	1810	16894	1466	0	264	3810	0	862	0	0	0	4492	334	0	0	208	0	434	0	8522	0	0	0	0	0	0	0	0	0	0	0	1482	520	76	0	0	0	1812	0	0	0	1296	552	0	0	284	0	1602	0	586	0	1044	0	4908	0	102	0	0	0	90	0	392	0	234	0	0	0	0	0	0	0	0	0	124	198	118	0	0	0	0	0	
196276	ParaHippocampal_R	820	2232	0	628	0	0	0	0	0	0	0	136	0	0	0	80	0	0	0	948	0	110	0	0	0	0	0	0	0	826	0	124	0	202	1204	2060	1020	21868	264	0	0	6570	0	774	0	0	108	7790	0	0	0	0	0	166	0	21688	0	176	0	0	0	0	0	0	0	0	0	2426	608	412	0	0	0	2654	0	0	1162	2848	0	0	0	174	0	3992	0	312	0	2268	0	4938	0	750	0	0	0	146	80	3958	0	1220	0	0	0	0	0	0	0	0	0	0	396	0	0	0	0	0	
59324	Amygdala_L	0	0	0	0	752	0	0	0	496	0	0	0	0	0	722	0	0	0	0	0	588	0	0	0	0	0	0	0	3164	0	0	0	0	0	0	0	8070	0	3810	0	0	0	0	0	0	0	0	0	0	0	0	0	0	0	5198	0	0	0	0	0	0	0	0	0	0	0	0	0	0	0	0	238	234	0	0	0	0	0	0	0	274	0	1510	0	918	0	804	0	2884	0	0	0	0	0	0	0	0	0	0	0	0	0	0	0	0	0	0	0	0	0	0	0	0	0	0	0	
65668	Amygdala_R	0	0	0	0	0	0	0	0	0	0	0	0	0	0	0	274	0	0	0	0	0	858	0	0	0	0	0	0	0	1088	0	0	0	0	0	0	0	9986	0	6570	0	0	0	0	0	0	0	0	0	0	0	0	0	0	0	4386	0	0	0	0	0	0	0	0	0	0	0	0	0	0	0	0	0	2286	0	0	0	162	0	0	0	0	0	3412	0	0	0	2160	0	1652	0	0	0	0	0	0	0	0	0	0	0	0	0	0	0	0	0	0	0	0	0	0	0	0	0	0	
269440	Calcarine_L	388	0	0	0	0	0	0	0	0	0	0	0	0	0	0	0	102	0	0	0	0	0	0	0	0	0	0	0	210	0	0	0	644	0	3564	0	2350	0	862	0	0	0	0	6110	18396	4370	16516	2092	9582	784	26140	302	10296	212	4854	642	580	0	676	0	102	0	0	0	148	0	20258	550	176	0	0	0	0	0	0	0	0	0	248	0	0	0	0	0	1110	0	0	0	786	0	0	0	0	0	0	0	440	232	334	114	0	0	0	0	0	0	0	0	0	0	470	0	0	0	0	80	
257056	Calcarine_R	0	2340	0	0	0	0	0	0	0	0	0	0	0	0	0	0	0	0	0	0	0	0	0	0	0	0	0	0	0	0	0	0	0	324	0	510	0	498	0	774	0	0	6110	0	7576	20714	2912	17900	1094	13704	0	13976	0	5736	0	7534	0	2524	0	0	0	0	0	0	0	0	2012	13762	0	1252	0	0	0	0	0	0	0	0	0	0	0	0	0	0	0	3240	0	0	0	2124	166	104	0	0	0	0	128	236	222	164	0	0	0	0	0	0	0	0	0	0	574	318	0	0	0	0	
253260	Cuneus_L	438	0	0	0	0	0	0	0	0	0	0	0	0	0	0	0	144	0	0	0	0	0	0	0	0	0	0	0	88	0	0	0	1922	112	1974	176	0	0	0	0	0	0	18396	7576	0	10814	1142	330	25164	3340	17284	634	5028	88	1630	192	1274	140	2542	0	528	0	0	0	194	0	20662	2386	556	108	0	0	0	0	0	0	0	0	102	0	84	0	0	0	1040	0	0	0	542	0	0	0	0	0	0	0	0	0	0	0	0	0	0	0	0	0	0	0	0	0	0	0	0	0	0	0	
328840	Cuneus_R	0	2046	0	0	0	0	0	0	0	0	0	0	0	0	0	0	0	0	0	82	0	0	0	0	0	0	0	0	0	0	0	0	338	1958	496	1726	0	0	0	0	0	0	4370	20714	10814	0	290	1810	2612	33366	338	16712	0	618	0	828	0	5676	154	5970	0	2424	0	136	0	950	7966	32902	148	5272	0	0	0	0	0	0	0	0	0	0	0	88	0	0	0	2426	0	0	0	682	0	0	0	0	0	0	0	0	0	0	0	0	0	0	0	0	0	0	0	0	508	0	0	0	0	0	
434204	Lingual_L	528	0	0	0	0	0	0	0	0	0	0	0	0	0	0	0	0	0	0	0	0	0	0	0	0	0	0	0	292	0	0	0	0	0	3216	608	5890	546	4492	108	0	0	16516	2912	1142	290	0	9706	1764	620	14644	828	13568	634	22708	3714	0	0	0	0	0	0	0	0	0	0	7022	456	0	0	0	0	102	104	0	0	256	164	478	0	0	0	0	0	398	112	0	0	1066	0	9424	5926	200	204	950	192	22694	7842	21990	7926	124	0	172	272	238	1090	0	0	126	718	14640	4146	1106	448	610	1180	
471048	Lingual_R	172	2390	0	212	0	0	0	0	0	0	0	0	0	0	0	0	0	0	0	260	0	0	0	0	0	0	0	0	0	0	0	0	0	448	282	3550	332	6218	334	7790	0	0	2092	17900	330	1810	9706	0	0	2592	0	5682	522	6974	3280	35108	0	1798	0	0	0	0	0	0	0	0	200	11210	168	1420	0	0	0	0	0	0	214	986	0	0	0	0	0	0	0	1928	0	0	0	4642	8372	7908	1210	624	846	288	12894	17084	14774	12648	164	0	298	0	998	76	0	0	0	378	16712	8374	966	112	138	110	
227936	Occipital_Sup_L	146	0	0	0	0	0	0	0	0	0	0	0	0	0	0	0	0	0	0	0	0	0	0	0	0	0	0	0	0	0	0	0	1818	0	292	0	0	0	0	0	0	0	9582	1094	25164	2612	1764	0	0	912	34960	350	3972	0	834	0	610	108	10428	0	2348	0	0	0	470	0	14346	1058	146	100	0	0	0	0	0	0	0	0	0	0	76	0	0	0	556	0	0	0	222	0	0	0	0	0	0	0	0	0	0	0	0	0	0	0	0	0	0	0	0	0	0	0	0	0	0	0	
249212	Occipital_Sup_R	0	94	0	0	0	0	0	0	0	0	0	0	0	0	0	0	0	0	0	0	0	0	0	0	0	0	0	0	0	0	0	0	156	174	0	0	0	0	0	0	0	0	784	13704	3340	33366	620	2592	912	0	0	22496	0	1488	0	1238	0	1246	148	7250	0	2202	0	256	0	2890	3550	18966	0	2138	0	0	0	0	0	0	0	0	0	0	0	230	0	0	0	2964	0	0	0	1152	94	92	0	0	0	0	0	0	116	130	0	0	0	0	0	0	0	0	0	0	0	218	0	0	0	0	
532272	Occipital_Mid_L	2744	0	0	0	0	0	0	0	0	0	0	0	0	0	0	0	594	0	0	0	0	0	0	0	0	0	0	0	1244	0	0	0	2382	0	100	0	636	0	208	0	0	0	26140	0	17284	338	14644	0	34960	0	0	0	31468	0	9388	0	2346	0	21484	0	11122	0	1310	0	19898	0	26790	170	806	0	0	0	0	0	0	0	0	0	1998	0	986	0	0	0	24272	0	0	0	12510	0	0	0	0	0	0	0	0	0	178	0	0	0	0	0	0	0	0	0	0	0	136	0	0	0	0	0	
272340	Occipital_Mid_R	0	2446	0	0	0	0	0	0	0	0	0	0	0	0	0	0	0	0	0	0	0	0	0	0	0	0	0	0	0	0	0	0	102	1406	0	0	0	80	0	0	0	0	302	13976	634	16712	828	5682	350	22496	0	0	0	6976	0	3768	0	3056	148	3400	0	1564	0	606	0	10846	1690	15622	0	3096	0	0	0	0	0	0	0	0	0	0	0	1010	0	0	0	15696	0	0	0	3430	76	0	0	0	0	0	0	0	82	0	0	0	0	0	0	0	0	0	0	0	0	90	0	0	0	0	
263856	Occipital_Inf_L	2688	0	0	0	0	0	0	0	0	0	0	0	0	0	0	0	320	0	0	0	0	0	0	0	0	0	0	0	1482	0	0	0	542	0	150	0	1194	0	434	0	0	0	10296	0	5028	0	13568	522	3972	0	31468	0	0	0	22872	418	1298	0	800	0	130	0	318	0	234	0	6582	0	1468	0	0	0	0	0	0	0	0	0	2434	0	332	0	0	0	7338	0	0	0	7126	0	1420	370	0	0	0	0	1570	838	2644	598	0	0	0	0	0	0	0	0	0	0	1474	0	0	0	0	0	
95732	Occipital_Inf_R	0	192	0	0	0	0	0	0	0	0	0	0	0	0	0	0	0	0	0	0	0	0	0	0	0	0	0	0	0	0	0	0	0	162	0	0	0	252	0	166	0	0	212	5736	88	618	634	6974	0	1488	0	6976	0	0	0	9940	0	322	0	0	0	0	0	0	0	0	0	1318	0	304	0	0	0	0	0	0	0	0	0	0	0	0	0	0	0	3878	0	0	0	7150	74	290	0	0	0	0	96	218	140	392	0	0	0	0	0	0	0	0	0	0	122	124	0	0	0	0	
573308	Fusiform_L	4896	0	268	0	0	0	330	0	0	0	0	0	0	0	0	0	670	0	238	0	0	0	0	0	0	0	0	0	6276	0	0	0	82	0	430	216	18450	186	8522	0	5198	0	4854	0	1630	0	22708	3280	834	0	9388	0	22872	0	0	1574	1382	0	784	0	282	0	580	0	774	0	4152	0	1400	0	282	0	2120	0	0	0	284	0	4272	0	2912	0	4556	0	9292	0	2382	0	33370	0	24236	2494	2554	126	110	0	18470	4096	31702	3942	1752	0	1830	184	474	640	0	0	0	90	7422	3058	550	350	426	422	
542820	Fusiform_R	268	2332	0	406	0	0	0	0	0	0	0	84	0	0	0	82	0	136	0	1426	0	0	0	0	0	0	0	0	0	2344	0	0	0	1232	376	1104	280	19480	0	21688	0	4386	642	7534	192	828	3714	35108	0	1238	0	3768	418	9940	1574	0	0	2328	0	232	0	302	0	274	0	246	102	4930	228	2248	0	0	0	3124	0	0	266	1452	0	180	0	2222	0	6332	0	4610	0	3154	0	30840	4364	13896	764	540	602	360	8062	17418	7800	18154	0	0	120	208	908	0	0	0	0	152	10166	3838	304	0	0	104	
237400	Postcentral_L	27300	0	5024	0	0	0	1802	0	0	0	4624	0	166	0	0	0	8954	0	424	0	0	0	0	0	0	0	0	0	6536	0	100	0	242	0	282	0	492	0	0	0	0	0	580	0	1274	0	0	0	610	0	2346	0	1298	0	1382	0	0	0	4448	0	18878	0	13032	0	302	0	2830	0	2738	0	0	0	520	0	438	0	668	0	4476	0	4690	0	0	0	1412	0	0	0	832	0	0	0	0	0	0	0	0	0	0	0	0	0	0	0	0	0	0	0	0	0	0	0	0	0	0	0	
359264	Postcentral_R	378	32060	0	544	0	0	0	980	0	0	0	2820	0	394	0	0	0	7416	0	3720	0	0	0	0	0	0	0	0	0	1822	0	266	0	9148	204	2748	0	916	0	176	0	0	0	2524	140	5676	0	1798	108	1246	0	3056	0	322	0	2328	0	0	0	13036	0	14532	0	12066	0	2558	246	17384	464	24524	294	222	0	860	0	0	228	388	0	396	0	2136	0	0	0	4162	0	0	0	5104	0	0	0	0	0	0	0	104	0	0	0	0	0	0	0	0	0	0	0	0	138	0	0	0	0	0	
179692	Parietal_Sup_L	1088	0	0	0	0	0	0	0	0	0	0	0	0	0	0	0	466	0	0	0	0	0	0	0	0	0	0	0	434	0	0	0	552	0	0	0	242	0	0	0	0	0	676	0	2542	154	0	0	10428	148	21484	148	800	0	784	0	4448	0	0	0	9420	0	804	0	4908	0	24172	234	206	0	0	0	0	0	0	0	0	0	164	0	464	0	0	0	2754	0	0	0	2326	0	0	0	0	0	0	0	0	0	0	0	0	0	0	0	0	0	0	0	0	0	0	0	0	0	0	0	
163300	Parietal_Sup_R	0	2316	0	0	0	0	0	260	0	0	0	682	0	0	0	0	0	244	0	0	0	0	0	0	0	0	0	0	0	0	0	130	0	0	0	0	0	88	0	0	0	0	0	0	0	5970	0	0	0	7250	0	3400	0	0	0	232	0	13036	0	0	0	17242	0	2758	0	4914	1202	14626	0	4126	0	0	0	0	0	0	0	0	0	0	0	218	0	0	0	984	0	0	0	1972	0	0	0	0	0	0	0	0	0	0	0	0	0	0	0	0	0	0	0	0	0	0	0	0	0	0	
199404	Parietal_Inf_L	8052	0	542	0	0	0	1176	0	0	0	478	0	0	0	0	0	460	0	0	0	0	0	0	0	0	0	0	0	1978	0	118	0	130	0	0	0	154	0	0	0	0	0	102	0	528	0	0	0	2348	0	11122	0	130	0	282	0	18878	0	9420	0	0	0	15768	0	15386	0	3826	0	136	0	0	0	0	0	0	0	0	0	1814	0	576	0	0	0	5282	0	0	0	1016	0	0	0	0	0	0	0	0	0	0	0	0	0	0	0	0	0	0	0	0	0	0	0	0	0	0	0	
171720	Parietal_Inf_R	0	4204	0	0	0	0	0	324	0	0	0	932	0	0	0	0	0	438	0	0	0	0	0	0	0	0	0	0	0	0	0	178	0	442	0	0	0	112	0	0	0	0	0	0	0	2424	0	0	0	2202	0	1564	0	0	0	302	0	14532	0	17242	0	0	0	12894	0	13172	212	4918	0	2432	0	0	0	0	0	0	0	0	0	0	0	500	0	0	0	3304	0	0	0	3532	0	0	0	0	0	0	0	0	0	0	0	0	0	0	0	0	0	0	0	0	0	0	0	0	0	0	
149848	SupraMarginal_L	9970	0	574	0	0	0	1000	0	0	0	632	0	0	0	0	0	1310	0	0	0	0	0	0	0	0	0	0	0	2836	0	170	0	0	0	0	0	232	0	0	0	0	0	0	0	0	0	0	0	0	0	1310	0	318	0	580	0	13032	0	804	0	15768	0	0	0	6212	0	1240	0	0	0	0	0	0	0	0	0	0	0	3746	0	4126	0	0	0	8818	0	0	0	2246	0	0	0	0	0	0	0	0	0	0	0	0	0	0	0	0	0	0	0	0	0	0	0	0	0	0	0	
124640	SupraMarginal_R	0	3092	0	0	0	0	0	0	0	0	0	154	0	0	0	0	0	3880	0	0	0	0	0	0	0	0	0	0	0	308	0	0	0	1216	0	0	0	0	0	0	0	0	0	0	0	136	0	0	0	256	0	606	0	0	0	274	0	12066	0	2758	0	12894	0	0	0	8762	0	354	0	1456	0	0	0	0	0	0	0	0	0	338	0	5744	0	0	0	3762	0	0	0	4264	0	0	0	0	0	0	0	0	0	0	0	0	0	0	0	0	0	0	0	0	0	0	0	0	0	0	
160384	Angular_L	2464	0	0	0	0	0	0	0	0	0	0	0	0	0	0	0	148	0	0	0	0	0	0	0	0	0	0	0	1782	0	0	0	92	0	0	0	782	0	0	0	0	0	148	0	194	0	0	0	470	0	19898	0	234	0	774	0	302	0	4908	0	15386	0	6212	0	0	0	3034	0	0	0	0	0	0	0	0	0	0	0	2632	0	1176	0	0	0	17316	0	0	0	2240	0	0	0	0	0	0	0	0	0	0	0	0	0	0	0	0	0	0	0	0	0	0	0	0	0	0	0	
121960	Angular_R	0	802	0	0	0	0	0	0	0	0	0	0	0	0	0	0	0	0	0	0	0	0	0	0	0	0	0	0	0	0	0	0	0	120	0	0	0	0	0	0	0	0	0	0	0	950	0	0	0	2890	0	10846	0	0	0	246	0	2558	0	4914	0	13172	0	8762	0	0	0	1002	0	270	0	0	0	0	0	0	0	0	0	0	0	2938	0	0	0	8320	0	0	0	3190	0	0	0	0	0	0	0	0	0	0	0	0	0	0	0	0	0	0	0	0	0	0	0	0	0	0	
408224	Precuneus_L	1944	0	74	0	0	0	0	0	0	0	0	0	0	0	0	0	694	0	188	74	0	0	0	0	0	0	0	0	732	0	0	0	5924	1870	9198	2032	3572	0	1482	0	0	0	20258	2012	20662	7966	7022	200	14346	3550	26790	1690	6582	0	4152	102	2830	246	24172	1202	3826	212	1240	0	3034	0	0	12334	2048	1130	0	0	76	0	0	0	0	0	618	0	578	0	0	0	3972	198	0	0	3124	0	0	0	0	0	0	0	0	0	0	0	0	0	0	0	0	0	0	0	0	0	156	0	0	0	0	0	
444072	Precuneus_R	156	8718	0	0	0	0	0	162	0	0	0	130	0	0	0	0	0	0	0	798	0	0	0	0	0	0	0	0	0	98	0	0	1338	7368	3934	10128	1236	3870	520	2426	0	0	550	13762	2386	32902	456	11210	1058	18966	170	15622	0	1318	0	4930	0	17384	234	14626	0	4918	0	354	0	1002	12334	0	570	13326	0	0	0	0	0	0	136	0	0	0	0	140	0	0	0	6154	0	0	178	3156	0	0	0	0	0	0	0	322	0	0	0	0	0	0	0	0	0	0	0	0	2990	0	0	0	0	0	
266820	Paracentral_Lobule_L	18532	5434	1316	698	0	0	364	0	0	0	0	0	0	0	0	0	136	0	17570	15408	0	0	0	0	0	0	0	0	690	126	86	0	5600	10086	8582	4290	1986	2476	76	608	0	0	176	0	556	148	0	168	146	0	806	0	1468	0	1400	228	2738	464	206	0	136	0	0	0	0	0	2048	570	0	6952	2046	884	228	102	512	0	12452	2944	242	0	154	0	0	0	498	388	0	0	418	268	0	0	0	0	0	0	0	0	0	0	0	0	0	0	0	0	0	0	0	0	0	0	0	0	0	0	
309824	Paracentral_Lobule_R	2694	20452	0	86	0	0	0	0	0	0	0	74	0	0	0	0	0	0	2130	17234	0	0	0	0	0	0	0	0	0	0	0	0	386	19646	882	6168	0	1044	0	412	0	0	0	1252	108	5272	0	1420	100	2138	0	3096	0	304	0	2248	0	24524	0	4126	0	2432	0	1456	0	270	1130	13326	6952	0	1062	1426	0	0	0	0	1610	2994	0	0	0	324	0	0	0	2728	0	0	0	3152	0	0	0	0	0	0	0	122	0	0	0	0	0	0	0	0	0	0	0	0	132	0	0	0	0	0	
248052	Caudate_L	1910	1276	9262	424	840	156	3814	0	134	0	1228	0	848	298	386	204	284	0	8024	1882	6686	7536	578	564	152	186	2438	984	5782	330	13084	5552	1704	186	0	234	524	0	0	0	0	0	0	0	0	0	0	0	0	0	0	0	0	0	282	0	0	294	0	0	0	0	0	0	0	0	0	0	2046	1062	0	14412	16832	1692	1918	0	6610	608	0	0	244	0	222	0	0	0	0	0	314	0	0	0	0	0	0	0	0	0	0	0	0	0	0	0	0	0	0	0	0	0	0	0	0	0	0	0	
316628	Caudate_R	412	13288	3544	12764	160	850	776	744	0	0	296	932	412	2618	0	2430	0	350	5702	17340	4738	7096	128	1586	168	1950	1540	1730	1162	2526	5498	10822	0	884	0	154	182	114	0	0	238	0	0	0	0	0	0	0	0	0	0	0	0	0	0	0	0	222	0	0	0	0	0	0	0	0	0	0	884	1426	14412	0	5180	11402	408	2292	2116	16760	0	78	0	0	0	0	0	0	0	0	0	0	0	0	0	0	0	0	0	0	0	0	0	0	0	0	0	0	0	0	0	0	0	0	0	0	0	0	
255296	Putamen_L	2882	138	14266	156	6824	0	3254	0	1734	0	1236	0	1602	116	4594	0	1380	0	4908	282	2276	3862	2590	502	254	86	228	108	12742	140	9100	2620	662	0	406	384	7366	294	1812	0	234	0	0	0	0	0	102	0	0	0	0	0	0	0	2120	0	520	0	0	0	0	0	0	0	0	0	76	0	228	0	16832	5180	0	1204	5798	0	2204	168	234	0	614	0	474	0	150	0	0	0	2236	0	78	0	0	0	0	0	180	0	212	0	0	0	0	0	0	0	0	0	0	0	0	0	0	0	0	0	
265976	Putamen_R	0	3218	152	9242	128	2718	0	1974	0	558	0	3328	200	2726	0	2076	0	5970	412	7184	498	1232	0	1790	104	3032	228	696	236	23832	2414	6352	0	906	114	124	152	13788	0	2654	0	2286	0	0	0	0	104	0	0	0	0	0	0	0	0	3124	0	860	0	0	0	0	0	0	0	0	0	0	102	0	1692	11402	1204	0	0	2246	0	2938	0	910	0	2456	0	1166	0	1132	0	560	0	2768	0	0	0	0	0	0	0	0	0	0	0	0	0	0	0	0	0	0	0	0	0	0	0	0	0	0	
36492	Pallidum_L	306	0	3006	0	0	0	258	0	0	0	174	0	0	0	0	0	1216	0	1064	0	0	0	0	0	0	0	0	0	856	0	0	0	0	0	0	0	204	0	0	0	0	0	0	0	0	0	0	0	0	0	0	0	0	0	0	0	438	0	0	0	0	0	0	0	0	0	0	0	512	0	1918	408	5798	0	0	0	1732	0	222	0	134	0	0	0	0	0	0	0	0	0	0	0	0	0	0	0	0	0	0	0	0	0	0	0	0	0	0	0	0	0	0	0	0	0	0	0	
14832	Pallidum_R	0	500	0	214	0	0	0	660	0	0	0	200	0	0	0	0	0	372	0	400	0	0	0	0	0	0	0	0	0	0	0	0	0	0	0	0	0	80	0	0	0	0	0	0	0	0	0	0	0	0	0	0	0	0	0	0	0	0	0	0	0	0	0	0	0	0	0	0	0	0	0	2292	0	2246	0	0	0	334	0	118	0	0	0	0	0	0	0	0	0	0	0	0	0	0	0	0	0	0	0	0	0	0	0	0	0	0	0	0	0	0	0	0	0	0	0	0	
187624	Thalamus_L	15050	3662	1740	358	0	0	2362	0	0	0	298	0	104	0	0	0	308	0	3878	2266	0	0	0	0	0	0	0	0	640	98	0	132	0	184	4346	5814	4866	4248	1296	1162	0	0	0	0	0	0	256	214	0	0	0	0	0	0	284	266	668	228	0	0	0	0	0	0	0	0	0	136	12452	1610	6610	2116	2204	0	1732	0	0	11304	0	0	136	0	0	0	102	80	0	0	602	0	0	0	0	0	0	0	0	0	0	0	0	0	0	0	0	0	0	0	0	0	0	0	0	0	0	0	
245196	Thalamus_R	3322	26918	0	12578	0	0	100	348	0	0	0	334	0	0	0	0	0	182	190	11072	0	0	0	0	0	0	0	0	0	764	0	0	0	514	3106	4938	2140	8242	552	2848	0	162	0	0	0	0	164	986	0	0	0	0	0	0	0	1452	0	388	0	0	0	0	0	0	0	0	0	0	2944	2994	608	16760	168	2938	0	334	11304	0	0	0	0	400	0	0	0	1056	0	0	106	1340	0	0	0	0	0	0	0	346	0	0	0	0	0	0	0	0	0	0	0	0	0	0	0	0	0	0	
190584	Heschl_L	19306	0	866	0	0	0	1308	0	0	0	1440	0	96	0	0	0	5712	0	274	0	0	0	0	0	0	0	0	0	16164	0	142	0	0	0	0	0	2618	0	0	0	0	0	248	0	102	0	478	0	0	0	1998	0	2434	0	4272	0	4476	0	164	0	1814	0	3746	0	2632	0	618	0	242	0	0	0	234	0	222	0	0	0	0	0	6450	0	0	0	11244	0	0	0	5992	0	0	0	0	0	0	0	0	0	0	0	0	0	0	0	0	0	0	0	0	0	0	0	0	0	0	0	
45552	Heschl_R	0	364	0	226	0	0	0	74	0	0	0	424	0	0	0	136	0	3904	0	74	0	0	0	0	0	0	0	0	0	5494	0	0	0	0	0	0	0	490	0	0	0	0	0	0	0	0	0	0	0	0	0	0	0	0	0	180	0	396	0	0	0	0	0	338	0	0	0	0	0	0	0	78	0	910	0	118	0	0	0	0	0	6314	0	178	0	1546	0	0	0	1532	0	0	0	0	0	0	0	0	0	0	0	0	0	0	0	0	0	0	0	0	0	0	0	0	0	0	
246528	Temporal_Sup_L	5302	0	6480	0	426	0	1560	0	0	0	6566	0	502	0	0	0	13038	0	3528	0	0	0	0	0	0	0	0	0	13296	0	0	0	0	0	106	0	2146	0	284	0	274	0	0	0	84	0	0	0	76	0	986	0	332	0	2912	0	4690	0	464	0	576	0	4126	0	1176	0	578	0	154	0	244	0	614	0	134	0	136	0	6450	0	0	0	8820	0	23286	0	120	0	13448	0	168	0	0	0	0	0	0	0	182	0	0	0	0	0	0	0	0	0	0	0	0	0	0	0	0	0	
171960	Temporal_Sup_R	86	1052	0	726	0	0	0	84	0	0	0	1106	0	0	0	2796	0	6134	0	582	0	0	0	0	0	0	0	0	0	14212	0	82	0	254	138	140	138	1946	0	174	0	0	0	0	0	88	0	0	0	230	0	1010	0	0	0	2222	0	2136	0	218	0	500	0	5744	0	2938	0	140	0	324	0	0	0	2456	0	0	0	400	0	6314	0	0	0	5982	0	17544	0	1490	0	6594	0	0	0	0	0	0	0	0	0	0	0	0	0	0	0	0	0	0	0	0	0	0	0	0	0	0	
143280	Temporal_Pole_Sup_L	252	0	4530	0	544	0	1372	0	268	0	5614	0	976	0	534	0	5292	0	2826	0	314	0	0	0	0	0	0	0	6816	0	148	0	0	0	0	0	1684	0	1602	0	1510	0	0	0	0	0	0	0	0	0	0	0	0	0	4556	0	0	0	0	0	0	0	0	0	0	0	0	0	0	0	222	0	474	0	0	0	0	0	0	0	8820	0	0	0	8632	0	5598	0	9056	0	0	0	0	0	0	0	0	0	0	0	0	0	0	0	0	0	0	0	0	0	0	0	0	0	0	0	
109028	Temporal_Pole_Sup_R	0	0	0	870	0	0	0	0	0	0	0	1242	0	0	0	4018	0	1718	0	686	0	320	0	0	0	0	0	88	0	4264	0	90	0	248	0	0	0	2574	0	3992	0	3412	0	0	0	0	0	0	0	0	0	0	0	0	0	6332	0	0	0	0	0	0	0	0	0	0	0	0	0	0	0	0	0	1166	0	0	0	0	0	178	0	5982	0	0	0	4334	0	8358	0	4642	0	0	0	0	0	0	0	0	0	0	0	0	0	0	0	0	0	0	0	0	0	0	0	0	0	0	
407348	Temporal_Mid_L	10314	0	760	0	0	0	84	0	0	0	0	0	0	0	0	0	1810	0	260	0	0	0	0	0	0	0	0	0	8444	0	0	0	108	0	158	94	3868	0	586	0	918	0	1110	0	1040	0	398	0	556	0	24272	0	7338	0	9292	0	1412	0	2754	0	5282	0	8818	0	17316	0	3972	0	498	0	0	0	150	0	0	0	102	0	11244	0	23286	0	8632	0	0	0	3934	0	44864	0	0	0	0	0	0	0	0	0	0	0	0	0	0	0	0	0	0	0	0	0	0	0	0	0	0	0	
293172	Temporal_Mid_R	530	3638	0	0	0	0	0	0	0	0	0	90	0	0	0	182	0	992	0	232	0	0	0	0	0	0	0	0	0	6418	0	0	0	1186	900	986	900	4256	0	312	0	0	0	3240	0	2426	112	1928	0	2964	0	15696	0	3878	0	4610	0	4162	0	984	0	3304	0	3762	0	8320	198	6154	388	2728	0	0	0	1132	0	0	80	1056	0	1546	0	17544	0	4334	0	0	0	5940	94	29384	0	0	0	0	0	0	0	0	0	0	0	0	0	0	0	0	0	0	0	0	0	0	0	0	0	0	
41724	Temporal_Pole_Mid_L	0	0	0	0	0	0	0	0	0	0	0	0	0	0	0	0	0	0	0	0	0	0	0	0	0	0	0	0	684	0	0	0	0	0	0	0	824	0	1044	0	804	0	0	0	0	0	0	0	0	0	0	0	0	0	2382	0	0	0	0	0	0	0	0	0	0	0	0	0	0	0	0	0	0	0	0	0	0	0	0	0	120	0	5598	0	3934	0	0	0	5472	0	0	0	0	0	0	0	0	0	0	0	0	0	0	0	0	0	0	0	0	0	0	0	0	0	0	0	
62592	Temporal_Pole_Mid_R	0	0	0	0	0	0	0	0	0	0	0	0	0	0	0	164	0	0	0	0	0	0	0	0	0	0	0	0	0	212	0	0	0	0	0	0	0	810	0	2268	0	2160	0	0	0	0	0	0	0	0	0	0	0	0	0	3154	0	0	0	0	0	0	0	0	0	0	0	0	0	0	0	0	0	560	0	0	0	0	0	0	0	1490	0	8358	0	5940	0	0	0	6180	0	0	0	0	0	0	0	0	0	0	0	0	0	0	0	0	0	0	0	0	0	0	0	0	0	0	
404220	Temporal_Inf_L	6926	0	440	0	88	0	0	0	0	0	0	0	0	0	0	0	818	0	306	0	0	0	0	0	0	0	0	0	6996	0	0	0	88	0	678	562	17114	456	4908	0	2884	0	786	0	542	0	1066	0	222	0	12510	0	7126	0	33370	0	832	0	2326	0	1016	0	2246	0	2240	0	3124	178	418	0	314	0	2236	0	0	0	602	106	5992	0	13448	0	9056	0	44864	94	5472	0	0	80	4856	0	416	0	0	0	1074	0	2528	0	362	0	344	0	0	0	0	0	0	0	0	0	0	0	0	0	
329544	Temporal_Inf_R	344	3584	0	264	0	0	0	0	0	0	0	0	0	0	0	0	0	726	0	1378	0	0	0	0	0	0	0	0	0	5464	0	0	0	1414	638	1068	638	12656	0	4938	0	1652	0	2124	0	682	0	4642	0	1152	0	3430	0	7150	0	30840	0	5104	0	1972	0	3532	0	4264	0	3190	0	3156	268	3152	0	0	0	2768	0	0	0	1340	0	1532	0	6594	0	4642	0	29384	0	6180	80	0	0	1058	0	88	0	0	0	732	0	870	0	0	0	82	0	0	0	0	0	0	0	0	0	0	0	0	
676176	Cerebelum_Crus1_L	0	0	0	0	0	0	0	0	0	0	0	0	0	0	0	0	0	0	0	0	0	0	0	0	0	0	0	0	334	0	0	0	0	0	0	0	1172	0	102	0	0	0	0	166	0	0	9424	8372	0	94	0	76	1420	74	24236	4364	0	0	0	0	0	0	0	0	0	0	0	0	0	0	0	0	78	0	0	0	0	0	0	0	168	0	0	0	0	0	0	0	4856	0	0	11480	41814	3762	1318	184	28114	7708	72736	16130	19836	1126	22834	1564	3786	2196	524	192	0	372	13354	18600	9952	3004	2316	250	
556428	Cerebelum_Crus1_R	0	0	0	0	0	0	0	0	0	0	0	0	0	0	0	0	0	0	0	0	0	0	0	0	0	0	0	0	0	0	0	0	0	0	0	0	0	272	0	750	0	0	0	104	0	0	5926	7908	0	92	0	0	370	290	2494	13896	0	0	0	0	0	0	0	0	0	0	0	0	0	0	0	0	0	0	0	0	0	0	0	0	0	0	0	0	0	0	0	0	0	1058	11480	0	3880	31796	974	2642	10702	27124	16480	66026	400	4022	466	17840	530	1998	0	1356	456	3098	15652	15096	9724	1988	1210	114	
421476	Cerebelum_Crus2_L	0	0	0	0	0	0	0	0	0	0	0	0	0	0	0	0	0	0	0	0	0	0	0	0	0	0	0	0	0	0	0	0	0	0	0	0	76	0	0	0	0	0	0	0	0	0	200	1210	0	0	0	0	0	0	2554	764	0	0	0	0	0	0	0	0	0	0	0	0	0	0	0	0	0	0	0	0	0	0	0	0	0	0	0	0	0	0	0	0	416	0	41814	3880	0	13192	76	0	1604	690	12864	4656	38436	7176	33972	8766	2722	1606	364	0	0	0	962	5340	16792	8944	1662	0	
327080	Cerebelum_Crus2_R	0	0	0	0	0	0	0	0	0	0	0	0	0	0	0	0	0	0	0	0	0	0	0	0	0	0	0	0	0	0	0	0	0	0	0	0	0	0	0	0	0	0	0	0	0	0	204	624	0	0	0	0	0	0	126	540	0	0	0	0	0	0	0	0	0	0	0	0	0	0	0	0	0	0	0	0	0	0	0	0	0	0	0	0	0	0	0	0	0	88	3762	31796	13192	0	0	100	344	1556	1608	10630	5664	21828	4564	32946	316	4040	0	742	0	0	376	2968	15850	7282	2394	0	
52044	Cerebelum_3_L	0	0	0	0	0	0	0	0	0	0	0	0	0	0	0	0	0	0	0	0	0	0	0	0	0	0	0	0	0	0	0	0	0	0	0	0	0	0	90	0	0	0	0	0	0	0	950	846	0	0	0	0	0	0	110	602	0	0	0	0	0	0	0	0	0	0	0	0	0	0	0	0	0	0	0	0	0	0	0	0	0	0	0	0	0	0	0	0	0	0	1318	974	76	0	0	604	8070	1258	2358	1324	0	0	118	0	898	132	0	0	780	2638	2648	124	0	0	104	0	
62204	Cerebelum_3_R	0	0	0	0	0	0	0	0	0	0	0	0	0	0	0	0	0	0	0	0	0	0	0	0	0	0	0	0	0	0	0	0	0	0	0	0	0	82	0	146	0	0	0	0	0	0	192	288	0	0	0	0	0	0	0	360	0	0	0	0	0	0	0	0	0	0	0	0	0	0	0	0	0	0	0	0	0	0	0	0	0	0	0	0	0	0	0	0	0	0	184	2642	0	100	604	0	1378	6608	750	5906	0	0	0	196	130	1082	0	0	1432	5324	1938	702	0	408	650	0	
546044	Cerebelum_4_5_L	0	0	0	0	0	0	0	0	0	0	0	0	0	0	0	0	0	0	0	0	0	0	0	0	0	0	0	0	0	0	0	0	0	0	0	0	526	100	392	80	0	0	440	128	0	0	22694	12894	0	0	0	0	1570	96	18470	8062	0	0	0	0	0	0	0	0	0	0	0	0	0	0	0	0	180	0	0	0	0	0	0	0	0	0	0	0	0	0	0	0	1074	0	28114	10702	1604	344	8070	1378	0	20196	51152	16542	1754	0	2380	954	6086	3452	540	302	874	3024	35076	6056	354	1986	3358	2018	
446008	Cerebelum_4_5_R	0	352	0	138	0	0	0	0	0	0	0	0	0	0	0	0	0	0	0	116	0	0	0	0	0	0	0	0	0	0	0	0	0	0	0	124	0	1762	0	3958	0	0	232	236	0	0	7842	17084	0	0	0	0	838	218	4096	17418	0	104	0	0	0	0	0	0	0	0	0	322	0	122	0	0	0	0	0	0	0	346	0	0	0	0	0	0	0	0	0	0	0	732	7708	27124	690	1556	1258	6608	20196	0	16440	41240	318	0	430	1486	2012	1054	0	284	244	4654	28124	3194	326	924	812	282	
761340	Cerebelum_6_L	114	0	0	0	0	0	0	0	0	0	0	0	0	0	0	0	0	0	0	0	0	0	0	0	0	0	0	0	394	0	0	0	0	0	0	0	1518	0	234	0	0	0	334	222	0	0	21990	14774	0	116	178	82	2644	140	31702	7800	0	0	0	0	0	0	0	0	0	0	0	0	0	0	0	0	212	0	0	0	0	0	0	0	182	0	0	0	0	0	0	0	2528	0	72736	16480	12864	1608	2358	750	51152	16440	0	23768	6638	0	9512	802	4030	4702	622	570	386	1066	29110	24780	5742	3746	4486	1158	
616904	Cerebelum_6_R	0	0	0	0	0	0	0	0	0	0	0	0	0	0	0	0	0	0	0	0	0	0	0	0	0	0	0	0	0	0	0	0	0	0	0	0	0	498	0	1220	0	0	114	164	0	0	7926	12648	0	130	0	0	598	392	3942	18154	0	0	0	0	0	0	0	0	0	0	0	0	0	0	0	0	0	0	0	0	0	0	0	0	0	0	0	0	0	0	0	0	0	870	16130	66026	4656	10630	1324	5906	16542	41240	23768	0	418	176	536	7458	1640	2526	0	1824	512	4494	23846	19534	8516	2266	1526	302	
296648	Cerebelum_7b_L	0	0	0	0	0	0	0	0	0	0	0	0	0	0	0	0	0	0	0	0	0	0	0	0	0	0	0	0	0	0	0	0	0	0	0	0	0	0	0	0	0	0	0	0	0	0	124	164	0	0	0	0	0	0	1752	0	0	0	0	0	0	0	0	0	0	0	0	0	0	0	0	0	0	0	0	0	0	0	0	0	0	0	0	0	0	0	0	0	362	0	19836	400	38436	5664	0	0	1754	318	6638	418	0	3200	38922	6356	2660	1620	422	0	0	0	482	328	6352	10398	1718	0	
145632	Cerebelum_7b_R	0	0	0	0	0	0	0	0	0	0	0	0	0	0	0	0	0	0	0	0	0	0	0	0	0	0	0	0	0	0	0	0	0	0	0	0	0	0	0	0	0	0	0	0	0	0	0	0	0	0	0	0	0	0	0	0	0	0	0	0	0	0	0	0	0	0	0	0	0	0	0	0	0	0	0	0	0	0	0	0	0	0	0	0	0	0	0	0	0	0	1126	4022	7176	21828	0	0	0	0	0	176	3200	0	2376	20024	104	2860	0	0	0	0	0	98	5512	3668	646	0	
345184	Cerebelum_8_L	0	0	0	0	0	0	0	0	0	0	0	0	0	0	0	0	0	0	0	0	0	0	0	0	0	0	0	0	0	0	0	0	0	0	0	0	0	0	0	0	0	0	0	0	0	0	172	298	0	0	0	0	0	0	1830	120	0	0	0	0	0	0	0	0	0	0	0	0	0	0	0	0	0	0	0	0	0	0	0	0	0	0	0	0	0	0	0	0	344	0	22834	466	33972	4564	118	0	2380	430	9512	536	38922	2376	0	7564	16672	3546	1572	84	0	0	750	610	4926	12954	4952	88	
317352	Cerebelum_8_R	0	0	0	0	0	0	0	0	0	0	0	0	0	0	0	0	0	0	0	0	0	0	0	0	0	0	0	0	0	0	0	0	0	0	0	0	0	0	0	0	0	0	0	0	0	0	272	0	0	0	0	0	0	0	184	208	0	0	0	0	0	0	0	0	0	0	0	0	0	0	0	0	0	0	0	0	0	0	0	0	0	0	0	0	0	0	0	0	0	82	1564	17840	8766	32946	0	196	954	1486	802	7458	6356	20024	7564	0	1336	22102	128	1916	0	136	1038	678	7986	10444	6092	118	
153408	Cerebelum_9_L	0	0	0	0	0	0	0	0	0	0	0	0	0	0	0	0	0	0	0	0	0	0	0	0	0	0	0	0	0	0	0	0	0	0	0	0	0	0	0	0	0	0	0	0	0	0	238	998	0	0	0	0	0	0	474	908	0	0	0	0	0	0	0	0	0	0	0	0	0	0	0	0	0	0	0	0	0	0	0	0	0	0	0	0	0	0	0	0	0	0	3786	530	2722	316	898	130	6086	2012	4030	1640	2660	104	16672	1336	0	6226	4556	428	0	356	4470	3298	422	3672	6848	888	
210700	Cerebelum_9_R	0	0	0	0	0	0	0	0	0	0	0	0	0	0	0	0	0	0	0	0	0	0	0	0	0	0	0	0	0	0	0	0	0	0	0	0	0	0	0	0	0	0	0	0	0	0	1090	76	0	0	0	0	0	0	640	0	0	0	0	0	0	0	0	0	0	0	0	0	0	0	0	0	0	0	0	0	0	0	0	0	0	0	0	0	0	0	0	0	0	0	2196	1998	1606	4040	132	1082	3452	1054	4702	2526	1620	2860	3546	22102	6226	0	760	2372	714	1144	4100	6738	3094	9290	14614	1576	
25548	Cerebelum_10_L	0	0	0	0	0	0	0	0	0	0	0	0	0	0	0	0	0	0	0	0	0	0	0	0	0	0	0	0	0	0	0	0	0	0	0	0	0	0	0	0	0	0	0	0	0	0	0	0	0	0	0	0	0	0	0	0	0	0	0	0	0	0	0	0	0	0	0	0	0	0	0	0	0	0	0	0	0	0	0	0	0	0	0	0	0	0	0	0	0	0	524	0	364	0	0	0	540	0	622	0	422	0	1572	128	4556	760	0	0	0	0	294	1004	98	818	944	128	
26708	Cerebelum_10_R	0	0	0	0	0	0	0	0	0	0	0	0	0	0	0	0	0	0	0	0	0	0	0	0	0	0	0	0	0	0	0	0	0	0	0	0	0	0	0	0	0	0	0	0	0	0	0	0	0	0	0	0	0	0	0	0	0	0	0	0	0	0	0	0	0	0	0	0	0	0	0	0	0	0	0	0	0	0	0	0	0	0	0	0	0	0	0	0	0	0	192	1356	0	742	0	0	302	284	570	1824	0	0	84	1916	428	2372	0	0	0	0	364	726	238	990	966	0	
23872	Vermis_1_2	0	0	0	0	0	0	0	0	0	0	0	0	0	0	0	0	0	0	0	0	0	0	0	0	0	0	0	0	0	0	0	0	0	0	0	0	0	0	124	0	0	0	0	0	0	0	126	0	0	0	0	0	0	0	0	0	0	0	0	0	0	0	0	0	0	0	0	0	0	0	0	0	0	0	0	0	0	0	0	0	0	0	0	0	0	0	0	0	0	0	0	456	0	0	780	1432	874	244	386	512	0	0	0	0	0	714	0	0	0	4570	926	370	0	136	286	0	
76432	Vermis_3	0	0	0	0	0	0	0	0	0	0	0	0	0	0	0	0	0	0	0	0	0	0	0	0	0	0	0	0	0	0	0	0	0	0	0	0	120	90	198	0	0	0	0	0	0	0	718	378	0	0	0	0	0	0	90	152	0	0	0	0	0	0	0	0	0	0	0	0	0	0	0	0	0	0	0	0	0	0	0	0	0	0	0	0	0	0	0	0	0	0	372	3098	0	0	2638	5324	3024	4654	1066	4494	0	0	0	136	356	1144	0	0	4570	0	4222	602	0	262	508	0	
