data	data	464240	179860	893652	593344	153228	81740	579584	282360	62900	34324	244940	208728	290740	128160	205952	145272	196172	138232	626528	557132	117076	90560	438208	335696	58500	125696	89688	87772	588140	345336	422224	431160	314948	520256	74676	91564	220632	247132	107776	163968	76520	66304	238316	330096	276644	306572	264180	307864	271092	304872	460648	262240	189056	154904	357444	439628	354480	163180	197008	115208	233772	128280	118548	116160	157536	147480	262564	288684	220052	109288	394196	466484	448420	460736	137072	43592	128960	129944	71300	36516	125892	154296	119732	88692	358392	219352	36828	55408	269724	183396	492684	455856	370804	297004	36816	56844	273584	306804	448372	468536	239836	88096	308652	307872	143652	157976	19064	42660	22612	43492	358948	318712	267740	183924	126112	47484	
data	data	Precentral_L	Precentral_R	Frontal_Sup_L	Frontal_Sup_R	Frontal_Sup_Orb_L	Frontal_Sup_Orb_R	Frontal_Mid_L	Frontal_Mid_R	Frontal_Mid_Orb_L	Frontal_Mid_Orb_R	Frontal_Inf_Oper_L	Frontal_Inf_Oper_R	Frontal_Inf_Tri_L	Frontal_Inf_Tri_R	Frontal_Inf_Orb_L	Frontal_Inf_Orb_R	Rolandic_Oper_L	Rolandic_Oper_R	Supp_Motor_Area_L	Supp_Motor_Area_R	Olfactory_L	Olfactory_R	Frontal_Sup_Medial_L	Frontal_Sup_Medial_R	Frontal_Med_Orb_L	Frontal_Med_Orb_R	Rectus_L	Rectus_R	Insula_L	Insula_R	Cingulum_Ant_L	Cingulum_Ant_R	Cingulum_Mid_L	Cingulum_Mid_R	Cingulum_Post_L	Cingulum_Post_R	Hippocampus_L	Hippocampus_R	ParaHippocampal_L	ParaHippocampal_R	Amygdala_L	Amygdala_R	Calcarine_L	Calcarine_R	Cuneus_L	Cuneus_R	Lingual_L	Lingual_R	Occipital_Sup_L	Occipital_Sup_R	Occipital_Mid_L	Occipital_Mid_R	Occipital_Inf_L	Occipital_Inf_R	Fusiform_L	Fusiform_R	Postcentral_L	Postcentral_R	Parietal_Sup_L	Parietal_Sup_R	Parietal_Inf_L	Parietal_Inf_R	SupraMarginal_L	SupraMarginal_R	Angular_L	Angular_R	Precuneus_L	Precuneus_R	Paracentral_Lobule_L	Paracentral_Lobule_R	Caudate_L	Caudate_R	Putamen_L	Putamen_R	Pallidum_L	Pallidum_R	Thalamus_L	Thalamus_R	Heschl_L	Heschl_R	Temporal_Sup_L	Temporal_Sup_R	Temporal_Pole_Sup_L	Temporal_Pole_Sup_R	Temporal_Mid_L	Temporal_Mid_R	Temporal_Pole_Mid_L	Temporal_Pole_Mid_R	Temporal_Inf_L	Temporal_Inf_R	Cerebelum_Crus1_L	Cerebelum_Crus1_R	Cerebelum_Crus2_L	Cerebelum_Crus2_R	Cerebelum_3_L	Cerebelum_3_R	Cerebelum_4_5_L	Cerebelum_4_5_R	Cerebelum_6_L	Cerebelum_6_R	Cerebelum_7b_L	Cerebelum_7b_R	Cerebelum_8_L	Cerebelum_8_R	Cerebelum_9_L	Cerebelum_9_R	Cerebelum_10_L	Cerebelum_10_R	Vermis_1_2	Vermis_3	Vermis_4_5	Vermis_6	Vermis_7	Vermis_8	Vermis_9	Vermis_10	
464240	Precentral_L	0	428	21960	332	0	0	17940	122	0	0	16816	0	5760	0	0	0	10142	0	17666	6206	0	0	392	0	0	0	0	0	9708	0	590	0	1446	4372	794	216	6108	0	1106	0	0	0	350	0	612	0	0	0	792	0	1864	0	468	0	250	0	34712	0	802	0	3576	0	310	0	210	0	2590	0	19270	856	4148	2232	11732	1188	6366	712	12858	434	2372	0	574	0	0	0	360	0	0	0	378	0	0	0	0	0	0	0	0	0	0	0	0	0	0	0	0	0	0	0	0	0	0	0	0	0	0	0	
179860	Precentral_R	428	0	104	8696	0	0	0	6036	0	0	0	4774	0	206	0	98	0	2116	1570	7780	0	0	0	0	0	0	0	0	0	2394	136	118	890	5362	1060	1142	302	4436	0	278	0	0	0	130	0	114	0	0	0	904	0	258	0	0	0	0	0	20130	0	326	0	658	0	5960	0	496	0	1124	2158	3546	94	1434	0	956	0	0	0	3444	0	0	0	130	0	0	0	142	0	0	0	0	0	0	0	0	0	0	0	0	0	0	0	0	0	0	0	0	0	0	0	0	0	0	0	0	0	0	
893652	Frontal_Sup_L	21960	104	0	4970	11118	0	92542	744	3550	0	8494	662	16862	216	10928	106	7496	0	67558	6136	770	0	42688	4258	1310	114	1614	0	31848	508	21708	6344	10996	3418	170	0	4612	0	1230	0	362	0	102	0	198	0	0	0	148	0	268	0	0	0	110	0	4168	0	162	0	168	0	0	0	0	0	278	0	3264	0	14356	1644	19728	1480	4268	250	8774	116	370	0	304	0	1164	0	110	0	0	0	0	0	0	0	0	0	0	0	0	0	0	0	0	0	0	0	0	0	0	0	0	0	0	0	0	0	0	0	
593344	Frontal_Sup_R	332	8696	4970	0	0	3666	538	34412	0	2012	0	4648	180	2778	122	5402	0	4824	10644	46664	0	436	5808	34822	144	5218	0	2106	446	9400	5408	23274	3146	20248	176	180	172	4286	0	780	0	0	0	0	0	0	0	0	0	0	0	0	0	0	0	598	0	1540	0	0	0	0	0	428	0	0	0	0	222	0	2764	19752	830	20368	254	484	194	3198	0	0	0	0	0	102	0	0	0	0	0	0	0	0	0	0	0	0	0	0	0	0	0	0	0	0	0	0	0	0	0	0	0	0	0	0	0	0	
153228	Frontal_Sup_Orb_L	0	0	11118	0	0	0	2438	0	8394	0	0	0	1730	0	12844	0	0	0	0	0	3976	0	4112	518	4808	232	9500	0	6926	0	5148	214	0	0	0	0	170	0	372	0	510	0	0	0	0	0	0	0	0	0	0	0	0	0	0	0	0	0	0	0	0	0	0	0	0	0	0	0	0	0	1378	0	1406	0	0	0	0	0	0	0	0	0	820	0	0	0	0	0	0	0	0	0	0	0	0	0	0	0	0	0	0	0	0	0	0	0	0	0	0	0	0	0	0	0	0	0	
81740	Frontal_Sup_Orb_R	0	0	0	3666	0	0	0	1840	0	2578	0	0	0	142	0	2994	0	0	0	0	194	2436	358	2224	426	8064	106	9488	0	826	808	640	0	0	0	0	0	0	0	0	0	0	0	0	0	0	0	0	0	0	0	0	0	0	0	0	0	0	0	0	0	0	0	0	0	0	0	0	0	0	0	1798	0	2282	0	0	0	0	0	0	0	0	0	0	0	0	0	0	0	0	0	0	0	0	0	0	0	0	0	0	0	0	0	0	0	0	0	0	0	0	0	0	0	0	0	0	
579584	Frontal_Mid_L	17940	0	92542	538	2438	0	0	268	2796	0	8934	416	32306	150	8718	0	1472	0	22674	236	0	0	18752	940	0	0	0	0	22126	390	8198	2172	8324	1628	0	0	2536	0	554	0	0	0	0	0	198	0	0	0	246	0	170	0	0	0	0	0	1516	0	144	0	128	0	0	0	0	0	298	0	932	0	5800	1286	12878	1068	3914	304	2932	142	228	0	0	0	560	0	0	0	0	0	0	0	0	0	0	0	0	0	0	0	0	0	0	0	0	0	0	0	0	0	0	0	0	0	0	0	0	0	
282360	Frontal_Mid_R	122	6036	744	34412	0	1840	268	0	0	3308	98	15904	0	12430	0	10392	0	2034	2626	3748	278	424	1390	4418	0	0	0	0	320	10178	1170	3028	1106	7010	100	100	94	1292	0	274	0	0	0	0	0	0	0	0	0	120	0	0	0	0	0	188	0	602	0	0	0	0	0	306	0	0	0	0	0	0	1396	4156	366	6880	188	144	0	1572	0	0	0	0	0	118	0	0	0	0	0	0	0	0	0	0	0	0	0	0	0	0	0	0	0	0	0	0	0	0	0	0	0	0	0	0	0	0	
62900	Frontal_Mid_Orb_L	0	0	3550	0	8394	0	2796	0	0	0	0	0	2740	0	9108	0	0	0	0	0	288	0	0	0	0	0	1074	0	2518	0	98	0	0	0	0	0	0	0	0	0	110	0	0	0	0	0	0	0	0	0	0	0	0	0	0	0	0	0	0	0	0	0	0	0	0	0	0	0	0	0	106	0	444	0	0	0	0	0	0	0	0	0	224	0	0	0	0	0	0	0	0	0	0	0	0	0	0	0	0	0	0	0	0	0	0	0	0	0	0	0	0	0	0	0	0	0	
34324	Frontal_Mid_Orb_R	0	0	0	2012	0	2578	0	3308	0	0	0	0	0	1468	0	5694	0	0	0	0	0	252	0	0	0	0	0	596	0	582	0	0	0	0	0	0	0	0	0	0	0	0	0	0	0	0	0	0	0	0	0	0	0	0	0	0	0	0	0	0	0	0	0	0	0	0	0	0	0	0	0	138	0	534	0	0	0	0	0	0	0	0	0	0	0	0	0	0	0	0	0	0	0	0	0	0	0	0	0	0	0	0	0	0	0	0	0	0	0	0	0	0	0	0	0	0	
244940	Frontal_Inf_Oper_L	16816	0	8494	0	0	0	8934	98	0	0	0	164	16968	0	1280	0	11776	0	7038	0	0	0	4692	100	0	0	0	0	19302	0	2324	212	4790	492	0	0	466	0	0	0	0	0	0	0	108	0	0	0	0	0	248	0	0	0	0	0	8948	0	140	0	0	0	0	0	0	0	406	0	166	0	1636	0	2824	114	156	0	226	0	1144	0	354	0	2054	0	0	0	0	0	0	0	0	0	0	0	0	0	0	0	0	0	0	0	0	0	0	0	0	0	0	0	0	0	0	0	0	0	
208728	Frontal_Inf_Oper_R	0	4774	662	4648	0	0	416	15904	0	0	164	0	120	9454	0	368	0	8140	3662	5084	0	0	994	174	0	0	0	0	392	21336	1282	2190	1802	6416	0	0	0	1774	0	414	0	0	0	0	0	0	0	0	0	272	0	0	0	0	0	284	0	2184	0	0	0	0	0	558	0	102	0	392	0	0	872	1476	220	6842	94	160	0	298	0	124	0	0	0	316	0	0	0	0	0	0	0	0	0	0	0	0	0	0	0	0	0	0	0	0	0	0	0	0	0	0	0	0	0	0	0	0	
290740	Frontal_Inf_Tri_L	5760	0	16862	180	1730	0	32306	0	2740	0	16968	120	0	122	16118	0	1662	0	3310	0	0	0	4792	210	0	0	0	0	28182	190	1698	660	4102	1074	0	0	0	0	0	0	0	0	0	0	0	0	0	0	0	0	0	0	0	0	0	0	2692	0	0	0	0	0	0	0	0	0	0	0	0	0	1028	0	2242	0	0	0	0	0	0	0	0	0	622	0	0	0	0	0	0	0	0	0	0	0	0	0	0	0	0	0	0	0	0	0	0	0	0	0	0	0	0	0	0	0	0	0	
128160	Frontal_Inf_Tri_R	0	206	216	2778	0	142	150	12430	0	1468	0	9454	122	0	0	4822	0	688	1772	2064	0	0	882	918	0	0	0	0	272	12672	502	1196	804	4844	0	0	0	510	0	184	0	0	0	0	0	0	0	0	0	0	0	0	0	0	0	140	0	0	0	0	0	0	0	0	0	0	0	0	0	0	484	938	202	3220	0	0	0	0	0	0	0	0	0	0	0	0	0	0	0	0	0	0	0	0	0	0	0	0	0	0	0	0	0	0	0	0	0	0	0	0	0	0	0	0	0	0	
205952	Frontal_Inf_Orb_L	0	0	10928	122	12844	0	8718	0	9108	0	1280	0	16118	0	0	0	178	0	856	0	2956	0	1328	108	342	0	3286	0	23822	112	698	366	992	604	0	0	180	0	364	0	444	0	0	0	0	0	0	0	0	0	0	0	0	0	0	0	0	0	0	0	0	0	0	0	0	0	0	0	0	0	1088	0	3674	0	0	0	0	0	0	0	0	0	2460	0	0	0	0	0	0	0	0	0	0	0	0	0	0	0	0	0	0	0	0	0	0	0	0	0	0	0	0	0	0	0	0	0	
145272	Frontal_Inf_Orb_R	0	98	106	5402	0	2994	0	10392	0	5694	0	368	0	4822	0	0	0	248	96	680	310	3088	0	212	0	130	0	2344	0	12520	0	388	0	0	0	0	0	604	0	652	0	516	0	0	0	0	0	0	0	0	0	0	0	0	0	2694	0	0	0	0	0	0	0	0	0	0	0	0	0	0	582	3094	102	3676	0	0	0	1092	0	0	0	1492	0	5314	0	720	0	1262	0	944	0	0	0	0	0	0	0	0	0	0	0	0	0	0	0	0	0	0	0	0	0	0	0	0	0	0	
196172	Rolandic_Oper_L	10142	0	7496	0	0	0	1472	0	0	0	11776	0	1662	0	178	0	0	0	6490	0	0	0	1440	0	0	0	0	0	19496	0	236	0	1732	0	0	0	1212	0	128	0	0	0	0	0	124	0	0	0	232	0	1898	0	658	0	520	0	9292	0	476	0	350	0	1666	0	356	0	780	0	332	0	262	0	978	0	154	0	414	0	5348	0	4856	0	1598	0	2424	0	0	0	1908	0	0	0	0	0	0	0	0	0	0	0	0	0	0	0	0	0	0	0	0	0	0	0	0	0	0	0	
138232	Rolandic_Oper_R	0	2116	0	4824	0	0	0	2034	0	0	0	8140	0	688	0	248	0	0	0	4244	0	0	0	0	0	0	0	0	0	18380	0	0	0	182	0	0	0	1590	0	314	0	0	0	0	0	0	0	0	0	294	0	0	0	0	0	196	0	4428	0	288	0	410	0	3594	0	246	0	500	0	142	0	482	0	5422	0	0	0	106	0	2558	0	6654	0	432	0	488	0	0	0	116	0	0	0	0	0	0	0	0	0	0	0	0	0	0	0	0	0	0	0	0	0	0	0	0	0	0	
626528	Supp_Motor_Area_L	17666	1570	67558	10644	0	0	22674	2626	0	0	7038	3662	3310	1772	856	96	6490	0	0	30094	0	0	15284	3384	0	0	0	0	16590	2894	5438	2558	21062	20078	122	158	2126	252	370	0	0	0	0	0	0	0	0	0	0	0	110	0	0	0	0	0	2284	306	0	0	0	0	0	188	0	0	116	0	10548	340	11196	1282	9732	1410	2372	0	5592	126	248	0	356	0	686	0	0	0	0	0	0	0	0	0	0	0	0	0	0	0	0	0	0	0	0	0	0	0	0	0	0	0	0	0	0	0	0	0	
557132	Supp_Motor_Area_R	6206	7780	6136	46664	0	0	236	3748	0	0	0	5084	0	2064	0	680	0	4244	30094	0	0	0	570	5250	0	0	0	0	102	8224	894	4218	9616	43330	2078	5136	644	2472	330	830	0	0	0	0	0	0	128	190	0	148	0	0	0	0	110	448	0	2006	0	0	0	0	0	194	0	0	0	1312	12152	9144	2422	26632	746	6734	234	552	454	18164	0	0	0	0	0	0	0	0	0	0	0	0	0	0	0	0	0	0	0	0	0	0	0	0	0	0	0	0	0	0	0	0	166	0	0	0	0	0	
117076	Olfactory_L	0	0	770	0	3976	194	0	278	288	0	0	0	0	0	2956	310	0	0	0	0	0	2630	124	108	1708	946	5088	624	4364	222	5710	1540	0	0	0	0	1380	0	1372	0	4160	0	0	0	0	0	0	0	0	0	0	0	0	0	426	0	0	0	0	0	0	0	0	0	0	0	0	0	0	0	8648	1960	6530	1070	106	0	0	0	0	0	114	0	756	0	180	0	0	0	0	0	0	0	0	0	0	0	0	0	0	0	0	0	0	0	0	0	0	0	0	0	0	0	0	0	0	0	
90560	Olfactory_R	0	0	0	436	0	2436	0	424	0	252	0	0	0	0	0	3088	0	0	0	0	2630	0	0	154	240	2158	286	4296	0	2492	1972	2646	0	0	0	0	0	0	0	244	518	464	0	0	0	0	0	0	0	0	0	0	0	0	0	0	0	0	0	0	0	0	0	0	0	0	0	0	0	0	4812	7940	2858	3080	1380	266	0	0	0	0	0	0	0	208	0	0	0	0	0	0	0	0	0	0	0	0	0	0	0	0	0	0	0	0	0	0	0	0	0	0	0	0	0	0	0	0	
438208	Frontal_Sup_Medial_L	392	0	42688	5808	4112	358	18752	1390	0	0	4692	994	4792	882	1328	0	1440	0	15284	570	124	0	0	18774	2862	1072	312	0	8038	1280	26400	17076	18156	13034	0	0	0	0	0	0	0	0	0	0	0	0	0	0	0	0	0	0	0	0	0	0	186	0	0	0	0	0	0	0	0	0	0	0	0	0	2758	1154	2746	1358	0	0	0	0	0	0	0	0	292	0	0	0	0	0	0	0	0	0	0	0	0	0	0	0	0	0	0	0	0	0	0	0	0	0	0	0	0	0	0	0	0	0	
335696	Frontal_Sup_Medial_R	0	0	4258	34822	518	2224	940	4418	0	0	100	174	210	918	108	212	0	0	3384	5250	108	154	18774	0	876	7460	138	1764	484	194	10904	29936	1788	16368	0	0	0	0	0	0	0	0	0	0	0	0	0	0	0	0	0	0	0	0	0	0	0	0	0	0	0	0	0	0	0	0	0	0	0	0	450	10168	404	10342	0	0	0	0	0	0	0	0	0	0	0	0	0	0	0	0	0	0	0	0	0	0	0	0	0	0	0	0	0	0	0	0	0	0	0	0	0	0	0	0	0	0	
58500	Frontal_Med_Orb_L	0	0	1310	144	4808	426	0	0	0	0	0	0	0	0	342	0	0	0	0	0	1708	240	2862	876	0	1914	4738	334	194	0	6114	342	0	0	0	0	0	0	0	0	0	0	0	0	0	0	0	0	0	0	0	0	0	0	0	0	0	0	0	0	0	0	0	0	0	0	0	0	0	0	1598	202	1098	0	0	0	0	0	0	0	0	0	0	0	0	0	0	0	0	0	0	0	0	0	0	0	0	0	0	0	0	0	0	0	0	0	0	0	0	0	0	0	0	0	0	0	
125696	Frontal_Med_Orb_R	0	0	114	5218	232	8064	0	0	0	0	0	0	0	0	0	130	0	0	0	0	946	2158	1072	7460	1914	0	1368	10064	94	0	5068	6972	0	134	0	0	0	0	0	0	108	0	0	0	0	0	0	0	0	0	0	0	0	0	0	0	0	0	0	0	0	0	0	0	0	0	0	0	0	0	976	5810	586	4360	0	0	0	0	0	0	0	0	0	0	0	0	0	0	0	0	0	0	0	0	0	0	0	0	0	0	0	0	0	0	0	0	0	0	0	0	0	0	0	0	0	0	
89688	Rectus_L	0	0	1614	0	9500	106	0	0	1074	0	0	0	0	0	3286	0	0	0	0	0	5088	286	312	138	4738	1368	0	422	2356	0	5288	736	0	0	0	0	300	0	366	0	548	0	0	0	0	0	0	0	0	0	0	0	0	0	0	0	0	0	0	0	0	0	0	0	0	0	0	0	0	0	3546	298	2814	168	0	0	0	0	0	0	0	0	492	0	0	0	0	0	0	0	0	0	0	0	0	0	0	0	0	0	0	0	0	0	0	0	0	0	0	0	0	0	0	0	0	0	
87772	Rectus_R	0	0	0	2106	0	9488	0	0	0	596	0	0	0	0	0	2344	0	0	0	0	624	4296	0	1764	334	10064	422	0	0	816	582	2438	0	0	0	0	0	0	0	0	0	0	0	0	0	0	0	0	0	0	0	0	0	0	0	0	0	0	0	0	0	0	0	0	0	0	0	0	0	0	376	4476	0	3050	0	0	0	0	0	0	0	0	0	110	0	0	0	0	0	0	0	0	0	0	0	0	0	0	0	0	0	0	0	0	0	0	0	0	0	0	0	0	0	0	0	0	
588140	Insula_L	9708	0	31848	446	6926	0	22126	320	2518	0	19302	392	28182	272	23822	0	19496	0	16590	102	4364	0	8038	484	194	94	2356	0	0	462	4022	1890	7182	2838	0	0	12458	0	2300	0	3018	0	0	0	142	0	0	0	210	0	856	0	316	0	3160	0	7030	0	198	0	110	0	174	0	0	0	372	0	768	0	3776	446	18642	524	110	0	2814	96	5188	0	5672	0	7118	0	2300	0	94	0	2204	0	0	0	0	0	0	0	0	0	0	0	0	0	0	0	0	0	0	0	0	0	0	0	0	0	0	0	
345336	Insula_R	0	2394	508	9400	0	826	390	10178	0	582	0	21336	190	12672	112	12520	0	18380	2894	8224	222	2492	1280	194	0	0	0	816	462	0	770	1672	1328	6242	0	108	0	6136	0	2120	0	1982	0	0	0	0	0	0	0	126	0	0	0	0	0	1848	0	2356	0	200	0	306	0	694	0	206	0	216	0	0	1442	3016	512	19998	0	140	0	580	0	1766	0	7280	0	2798	0	1668	0	0	0	1086	0	0	0	0	0	0	0	0	0	0	0	0	0	0	0	0	0	0	0	0	0	0	0	0	0	0	
422224	Cingulum_Ant_L	590	136	21708	5408	5148	808	8198	1170	98	0	2324	1282	1698	502	698	0	236	0	5438	894	5710	1972	26400	10904	6114	5068	5288	582	4022	770	0	25998	7898	5920	0	0	528	94	480	0	2026	0	0	0	0	0	0	0	0	0	0	0	0	0	0	0	0	0	0	0	0	0	0	0	0	0	0	0	0	0	18196	5144	16868	4358	228	0	0	0	0	0	0	0	208	0	0	0	0	0	0	0	0	0	0	0	0	0	0	0	0	0	0	0	0	0	0	0	0	0	0	0	0	0	0	0	0	0	
431160	Cingulum_Ant_R	0	118	6344	23274	214	640	2172	3028	0	0	212	2190	660	1196	366	388	0	0	2558	4218	1540	2646	17076	29936	342	6972	736	2438	1890	1672	25998	0	9222	23028	0	0	132	106	126	0	864	0	0	0	0	0	0	0	0	0	0	0	0	0	0	0	0	0	0	0	0	0	0	0	0	0	0	0	0	0	4170	17880	3732	17272	224	0	0	0	0	0	0	0	0	0	0	0	0	0	0	0	0	0	0	0	0	0	0	0	0	0	0	0	0	0	0	0	0	0	0	0	0	0	0	0	0	0	
314948	Cingulum_Mid_L	1446	890	10996	3146	0	0	8324	1106	0	0	4790	1802	4102	804	992	0	1732	0	21062	9616	0	0	18156	1788	0	0	0	0	7182	1328	7898	9222	0	20968	2244	778	0	100	0	0	0	0	226	0	1654	182	0	0	446	168	292	0	0	0	0	0	472	120	156	0	0	0	0	0	0	0	2076	644	5334	646	840	882	968	1252	192	0	0	0	122	0	0	0	330	0	0	0	0	0	0	0	0	0	0	0	0	0	0	0	0	0	0	0	0	0	0	0	0	0	0	0	0	0	0	0	0	0	
520256	Cingulum_Mid_R	4372	5362	3418	20248	0	0	1628	7010	0	0	492	6416	1074	4844	604	0	0	182	20078	43330	0	0	13034	16368	0	134	0	0	2838	6242	5920	23028	20968	0	1736	7860	0	334	0	0	0	0	0	812	0	1976	0	134	0	1618	0	414	0	0	0	0	0	4146	0	202	0	0	0	256	0	0	294	6812	8826	11038	134	2486	110	2974	0	0	0	176	0	0	0	0	0	0	0	0	0	0	0	0	0	0	0	0	0	0	0	0	0	0	0	0	0	0	0	0	0	0	0	0	200	0	0	0	0	0	
74676	Cingulum_Post_L	794	1060	170	176	0	0	0	100	0	0	0	0	0	0	0	0	0	0	122	2078	0	0	0	0	0	0	0	0	0	0	0	0	2244	1736	0	5764	2818	1552	418	534	0	0	2222	0	1018	196	1116	0	162	0	136	0	0	0	160	108	620	0	0	0	0	0	0	0	0	0	5564	774	2520	584	0	94	0	270	0	0	0	2228	0	0	0	0	0	0	0	0	0	0	0	0	0	0	0	0	0	0	0	0	0	0	0	0	0	0	0	0	0	0	0	0	0	0	0	0	0	0	
91564	Cingulum_Post_R	216	1142	0	180	0	0	0	100	0	0	0	0	0	0	0	0	0	0	158	5136	0	0	0	0	0	0	0	0	0	108	0	0	778	7860	5764	0	2012	2448	208	946	0	0	0	622	0	596	118	782	0	258	0	218	0	0	0	124	0	1400	0	0	0	0	0	0	0	0	606	5836	330	4740	0	0	0	270	0	0	0	1976	0	0	0	0	0	0	0	0	0	0	0	0	0	0	0	0	0	0	0	120	0	0	0	0	0	0	0	0	0	0	0	0	730	0	0	0	0	0	
220632	Hippocampus_L	6108	302	4612	172	170	0	2536	94	0	0	466	0	0	0	180	0	1212	0	2126	644	1380	0	0	0	0	0	300	0	12458	0	528	132	0	0	2818	2012	0	1298	14012	448	8214	0	226	0	0	0	2352	0	0	0	0	0	0	0	8470	96	1820	0	0	0	0	0	0	0	0	0	1158	0	1224	0	700	262	6430	302	846	0	7032	2552	2132	0	1622	0	2094	0	2708	0	542	0	5526	0	0	0	0	0	0	0	0	0	0	0	0	0	0	0	0	0	0	0	0	0	0	0	0	0	0	0	
247132	Hippocampus_R	0	4436	0	4286	0	0	0	1292	0	0	0	1774	0	510	0	604	0	1590	252	2472	0	0	0	0	0	0	0	0	0	6136	94	106	100	334	1552	2448	1298	0	0	25042	0	10196	0	328	0	0	0	2906	0	0	0	0	0	204	0	22586	0	258	0	0	0	0	0	0	0	0	0	1948	0	0	128	1312	0	11932	0	1114	0	4132	0	956	0	2618	0	1016	0	1420	0	394	0	4918	0	0	0	0	0	0	0	676	0	198	0	0	0	0	0	0	0	0	0	0	0	0	0	0	0	0	
107776	ParaHippocampal_L	1106	0	1230	0	372	0	554	0	0	0	0	0	0	0	364	0	128	0	370	330	1372	0	0	0	0	0	366	0	2300	0	480	126	0	0	418	208	14012	0	0	0	4020	0	0	0	0	0	2528	0	120	0	478	0	1044	0	8996	0	124	0	0	0	0	0	0	0	0	0	410	0	190	0	538	174	1766	0	0	0	1642	712	0	0	148	0	2540	0	624	0	1398	0	2440	0	0	0	0	0	110	0	150	0	0	0	0	0	0	0	0	0	0	0	0	0	0	0	0	0	0	0	
163968	ParaHippocampal_R	0	278	0	780	0	0	0	274	0	0	0	414	0	184	0	652	0	314	0	830	0	244	0	0	0	0	0	0	0	2120	0	0	0	0	534	946	448	25042	0	0	0	8758	0	182	0	0	0	3240	0	0	0	0	0	170	0	18350	0	0	0	0	0	0	0	0	0	0	0	1054	0	0	0	348	0	4758	0	622	0	1730	0	0	0	342	0	3410	0	336	0	2948	0	842	0	180	0	0	0	0	0	1232	0	422	0	0	0	0	0	0	0	0	0	0	0	0	0	0	0	0	
76520	Amygdala_L	0	0	362	0	510	0	0	0	110	0	0	0	0	0	444	0	0	0	0	0	4160	518	0	0	0	108	548	0	3018	0	2026	864	0	0	0	0	8214	0	4020	0	0	0	0	0	0	0	0	0	0	0	0	0	0	0	2752	0	0	0	0	0	0	0	0	0	0	0	0	0	0	0	2122	760	3508	628	0	0	0	0	0	0	0	0	1354	0	1088	0	390	0	756	0	0	0	0	0	0	0	0	0	0	0	0	0	0	0	0	0	0	0	0	0	0	0	0	0	0	0	
66304	Amygdala_R	0	0	0	0	0	0	0	0	0	0	0	0	0	0	0	516	0	0	0	0	0	464	0	0	0	0	0	0	0	1982	0	0	0	0	0	0	0	10196	0	8758	0	0	0	0	0	0	0	0	0	0	0	0	0	0	0	5228	0	0	0	0	0	0	0	0	0	0	0	0	0	0	0	100	0	2484	0	184	0	0	0	0	0	0	0	1850	0	182	0	1208	0	0	0	0	0	0	0	0	0	0	0	0	0	0	0	0	0	0	0	0	0	0	0	0	0	0	0	0	
238316	Calcarine_L	350	0	102	0	0	0	0	0	0	0	0	0	0	0	0	0	0	0	0	0	0	0	0	0	0	0	0	0	0	0	0	0	226	0	2222	0	226	0	0	0	0	0	0	9336	14002	4908	14096	3114	12846	2870	21124	1380	6656	1060	4444	1024	570	0	1136	0	370	0	0	0	0	0	10898	244	414	0	0	0	0	0	0	0	0	0	0	0	0	0	0	0	1676	0	0	0	1670	0	260	114	0	0	0	0	434	188	402	216	0	0	0	0	0	0	0	0	0	0	580	0	0	0	0	0	
330096	Calcarine_R	0	130	0	0	0	0	0	0	0	0	0	0	0	0	0	0	0	0	0	0	0	0	0	0	0	0	0	0	0	0	0	0	0	812	0	622	0	328	0	182	0	0	9336	0	8178	31046	1202	19404	802	24970	116	20348	0	10666	0	6622	0	506	0	704	0	1120	0	0	0	1410	824	15900	0	658	0	0	0	0	0	0	0	0	0	0	0	124	0	0	0	5432	0	0	0	2274	0	0	0	0	0	0	0	304	0	366	0	0	0	0	0	0	0	0	0	0	482	180	0	0	0	0	
276644	Cuneus_L	612	0	198	0	0	0	198	0	0	0	108	0	0	0	0	0	124	0	0	0	0	0	0	0	0	0	0	0	142	0	0	0	1654	0	1018	0	0	0	0	0	0	0	14002	8178	0	10000	4312	616	32500	4130	23482	946	3790	128	3098	116	1692	0	8230	0	978	0	254	0	834	0	12774	758	662	0	0	0	0	0	0	0	0	0	0	0	0	0	0	0	2328	0	0	0	460	0	0	0	0	0	0	0	0	0	0	0	0	0	0	0	0	0	0	0	0	0	0	0	0	0	0	0	
306572	Cuneus_R	0	114	0	0	0	0	0	0	0	0	0	0	0	0	0	0	0	0	0	0	0	0	0	0	0	0	0	0	0	0	0	0	182	1976	196	596	0	0	0	0	0	0	4908	31046	10000	0	250	3544	992	40862	136	15738	0	1952	0	1614	0	566	98	3480	0	1158	0	222	0	1270	4392	26076	0	740	0	0	0	0	0	0	0	0	0	0	0	0	0	0	0	674	0	0	0	504	0	0	0	0	0	0	0	0	0	0	0	0	0	0	0	0	0	0	0	0	0	0	0	0	0	0	
264180	Lingual_L	0	0	0	0	0	0	0	0	0	0	0	0	0	0	0	0	0	0	0	128	0	0	0	0	0	0	0	0	0	0	0	0	0	0	1116	118	2352	0	2528	0	0	0	14096	1202	4312	250	0	2038	6978	334	13778	422	8940	736	19076	1040	140	0	1144	0	0	0	0	0	0	0	4352	0	114	0	0	0	0	0	0	0	132	390	0	0	0	0	0	0	206	0	0	0	354	0	9010	782	500	0	0	0	8958	634	14202	1864	0	0	0	0	0	0	0	0	0	0	4918	4270	676	0	0	0	
307864	Lingual_R	0	0	0	0	0	0	0	0	0	0	0	0	0	0	0	0	0	0	0	190	0	0	0	0	0	0	0	0	0	0	0	0	0	134	0	782	0	2906	0	3240	0	0	3114	19404	616	3544	2038	0	0	4658	0	7038	0	12878	516	22636	0	108	0	0	0	0	0	0	0	0	0	5038	0	136	0	136	0	0	0	0	0	534	0	0	0	0	0	0	0	2160	0	0	0	2190	4356	5292	1520	180	0	0	1814	7282	6406	9942	0	0	224	0	0	0	0	0	0	0	11270	10728	922	0	0	0	
271092	Occipital_Sup_L	792	0	148	0	0	0	246	0	0	0	0	0	0	0	0	0	232	0	0	0	0	0	0	0	0	0	0	0	210	0	0	0	446	0	162	0	0	0	120	0	0	0	12846	802	32500	992	6978	0	0	464	36726	0	6524	0	4616	0	2092	0	10506	0	1846	0	406	0	1374	0	9520	184	522	0	0	0	0	0	0	0	0	0	0	0	0	0	0	0	3614	0	0	0	678	0	0	0	0	0	0	0	0	0	0	0	0	0	0	0	0	0	0	0	0	0	0	0	0	0	0	0	
304872	Occipital_Sup_R	0	904	0	0	0	0	0	120	0	0	0	272	0	0	0	0	0	294	0	148	0	0	0	0	0	0	0	0	0	126	0	0	168	1618	0	258	0	0	0	0	0	0	2870	24970	4130	40862	334	4658	464	0	96	26868	0	2876	0	2592	0	1124	0	7266	0	1458	0	766	0	2822	2124	20500	0	630	0	0	0	0	0	0	0	0	0	0	0	216	0	0	0	522	0	0	0	380	0	0	0	0	0	0	0	0	0	0	0	0	0	0	0	0	0	0	0	0	0	0	0	0	0	0	
460648	Occipital_Mid_L	1864	0	268	0	0	0	170	0	0	0	248	0	0	0	0	0	1898	0	110	0	0	0	0	0	0	0	0	0	856	0	0	0	292	0	136	0	0	0	478	0	0	0	21124	116	23482	136	13778	0	36726	96	0	0	25298	0	10274	0	9040	0	13958	0	11648	0	1040	0	12276	0	11114	0	3724	0	0	0	0	0	0	0	0	0	602	0	380	0	0	0	22328	0	0	0	6864	0	0	0	0	0	0	0	0	0	0	0	0	0	0	0	0	0	0	0	0	0	0	0	0	0	0	0	
262240	Occipital_Mid_R	0	258	0	0	0	0	0	0	0	0	0	0	0	0	0	0	0	0	0	0	0	0	0	0	0	0	0	0	0	0	0	0	0	414	0	218	0	0	0	0	0	0	1380	20348	946	15738	422	7038	0	26868	0	0	0	9588	0	4366	0	296	0	7402	0	4598	0	104	0	12400	514	8106	0	350	0	0	0	0	0	0	0	0	0	0	0	102	0	0	0	8166	0	0	0	1284	0	0	0	0	0	0	0	0	0	104	0	0	0	0	0	0	0	0	0	0	0	110	0	0	0	0	
189056	Occipital_Inf_L	468	0	0	0	0	0	0	0	0	0	0	0	0	0	0	0	658	0	0	0	0	0	0	0	0	0	0	0	316	0	0	0	0	0	0	0	0	0	1044	0	0	0	6656	0	3790	0	8940	0	6524	0	25298	0	0	0	11456	0	1492	0	1798	0	1486	0	624	0	1226	0	2454	0	630	0	0	0	0	0	0	0	0	0	646	0	356	0	0	0	8820	0	0	0	9638	0	0	0	0	0	0	0	0	0	208	0	0	0	0	0	0	0	0	0	0	0	0	0	0	0	0	0	
154904	Occipital_Inf_R	0	0	0	0	0	0	0	0	0	0	0	0	0	0	0	0	0	0	0	0	0	0	0	0	0	0	0	0	0	0	0	0	0	0	0	0	0	204	0	170	0	0	1060	10666	128	1952	736	12878	0	2876	0	9588	0	0	0	15094	0	0	0	0	0	0	0	0	0	0	0	796	0	0	0	0	0	0	0	0	0	0	0	0	0	100	0	0	0	2696	0	0	0	4916	396	900	190	0	0	0	0	1980	932	3762	0	0	0	0	0	0	0	0	0	0	2168	2924	340	0	0	0	
357444	Fusiform_L	250	0	110	0	0	0	0	0	0	0	0	0	0	0	0	0	520	0	0	110	426	0	0	0	0	0	0	0	3160	0	0	0	0	0	160	0	8470	0	8996	0	2752	0	4444	0	3098	0	19076	516	4616	0	10274	0	11456	0	0	140	412	0	1244	0	134	0	94	0	150	0	792	0	224	0	0	0	530	0	0	0	152	328	2044	0	1378	0	5872	0	7062	0	2780	0	16352	0	19984	426	3256	0	104	0	7678	332	22288	634	424	0	300	0	0	0	0	0	0	0	2266	2468	440	0	0	0	
439628	Fusiform_R	0	0	0	598	0	0	0	188	0	0	0	284	0	140	0	2694	0	196	0	448	0	0	0	0	0	0	0	0	0	1848	0	0	0	0	108	124	96	22586	0	18350	0	5228	1024	6622	116	1614	1040	22636	0	2592	0	4366	0	15094	140	0	0	0	0	0	0	0	0	0	0	0	0	306	0	0	0	278	0	3508	0	322	0	432	0	540	0	2766	0	8396	0	5978	0	4638	0	16840	1268	15586	548	306	0	368	646	12470	2254	20326	0	0	130	584	0	134	0	276	0	0	6116	6032	634	0	0	0	
354480	Postcentral_L	34712	0	4168	0	0	0	1516	0	0	0	8948	0	2692	0	0	0	9292	0	2284	0	0	0	186	0	0	0	0	0	7030	0	0	0	472	0	620	0	1820	0	124	0	0	0	570	0	1692	0	140	0	2092	0	9040	0	1492	0	412	0	0	0	12504	0	23014	0	8212	0	8344	0	11000	0	9772	0	394	0	2648	0	828	0	1004	0	2098	0	2150	0	0	0	3972	0	0	0	1998	0	0	0	0	0	0	0	0	0	0	0	0	0	0	0	0	0	0	0	0	0	0	0	0	0	0	0	
163180	Postcentral_R	0	20130	0	1540	0	0	0	602	0	0	0	2184	0	0	0	0	0	4428	306	2006	0	0	0	0	0	0	0	0	0	2356	0	0	120	4146	0	1400	0	258	0	0	0	0	0	506	0	566	0	108	0	1124	0	296	0	0	0	0	0	0	0	4524	0	2552	0	12424	0	716	0	6504	0	9996	0	234	0	262	0	0	0	0	0	626	0	1156	0	0	0	246	0	0	0	174	0	0	0	0	0	0	0	0	0	0	0	0	0	0	0	0	0	0	0	0	100	0	0	0	0	0	
197008	Parietal_Sup_L	802	0	162	0	0	0	144	0	0	0	140	0	0	0	0	0	476	0	0	0	0	0	0	0	0	0	0	0	198	0	0	0	156	0	0	0	0	0	0	0	0	0	1136	0	8230	98	1144	0	10506	0	13958	0	1798	0	1244	0	12504	0	0	0	10716	0	2438	0	3970	0	19718	0	5420	0	0	0	0	0	0	0	0	0	0	0	802	0	0	0	1442	0	0	0	1302	0	0	0	0	0	0	0	0	0	0	0	0	0	0	0	0	0	0	0	0	0	0	0	0	0	0	0	
115208	Parietal_Sup_R	0	326	0	0	0	0	0	0	0	0	0	0	0	0	0	0	0	288	0	0	0	0	0	0	0	0	0	0	0	200	0	0	0	202	0	0	0	0	0	0	0	0	0	704	0	3480	0	0	0	7266	0	7402	0	0	0	0	0	4524	0	0	0	9160	0	4434	0	8154	338	7712	0	932	0	0	0	0	0	0	0	0	0	124	0	1098	0	0	0	730	0	0	0	530	0	0	0	0	0	0	0	0	0	0	0	0	0	0	0	0	0	0	0	0	0	0	0	0	0	0	
233772	Parietal_Inf_L	3576	0	168	0	0	0	128	0	0	0	0	0	0	0	0	0	350	0	0	0	0	0	0	0	0	0	0	0	110	0	0	0	0	0	0	0	0	0	0	0	0	0	370	0	978	0	0	0	1846	0	11648	0	1486	0	134	0	23014	0	10716	0	0	0	15888	0	20812	0	5164	0	2706	0	0	0	0	0	0	0	0	0	350	0	1756	0	0	0	11192	0	0	0	4494	0	0	0	0	0	0	0	0	0	0	0	0	0	0	0	0	0	0	0	0	0	0	0	0	0	0	0	
128280	Parietal_Inf_R	0	658	0	0	0	0	0	0	0	0	0	0	0	0	0	0	0	410	0	0	0	0	0	0	0	0	0	0	0	306	0	0	0	0	0	0	0	0	0	0	0	0	0	1120	0	1158	0	0	0	1458	0	4598	0	0	0	0	0	2552	0	9160	0	0	0	9526	0	19120	0	4638	0	228	0	0	0	0	0	0	0	0	0	516	0	3130	0	0	0	3694	0	0	0	1868	0	0	0	0	0	0	0	0	0	0	0	0	0	0	0	0	0	0	0	0	0	0	0	0	0	0	
118548	SupraMarginal_L	310	0	0	0	0	0	0	0	0	0	0	0	0	0	0	0	1666	0	0	0	0	0	0	0	0	0	0	0	174	0	0	0	0	0	0	0	0	0	0	0	0	0	0	0	254	0	0	0	406	0	1040	0	624	0	94	0	8212	0	2438	0	15888	0	0	0	5898	0	2708	0	602	0	0	0	0	0	0	0	0	0	918	0	5372	0	0	0	9298	0	0	0	3372	0	0	0	0	0	0	0	0	0	0	0	0	0	0	0	0	0	0	0	0	0	0	0	0	0	0	0	
116160	SupraMarginal_R	0	5960	0	428	0	0	0	306	0	0	0	558	0	0	0	0	0	3594	188	194	0	0	0	0	0	0	0	0	0	694	0	0	0	256	0	0	0	0	0	0	0	0	0	0	0	222	0	0	0	766	0	104	0	0	0	0	0	12424	0	4434	0	9526	0	0	0	6814	0	2522	0	126	0	144	0	0	0	0	0	0	0	602	0	5840	0	0	0	1406	0	0	0	972	0	0	0	0	0	0	0	0	0	0	0	0	0	0	0	0	0	0	0	0	0	0	0	0	0	0	
157536	Angular_L	210	0	0	0	0	0	0	0	0	0	0	0	0	0	0	0	356	0	0	0	0	0	0	0	0	0	0	0	0	0	0	0	0	0	0	0	0	0	0	0	0	0	0	0	834	0	0	0	1374	0	12276	0	1226	0	150	0	8344	0	3970	0	20812	0	5898	0	0	0	1652	0	1720	0	0	0	0	0	0	0	0	0	540	0	770	0	0	0	14118	0	0	0	4518	0	0	0	0	0	0	0	0	0	0	0	0	0	0	0	0	0	0	0	0	0	0	0	0	0	0	0	
147480	Angular_R	0	496	0	0	0	0	0	0	0	0	0	102	0	0	0	0	0	246	0	0	0	0	0	0	0	0	0	0	0	206	0	0	0	0	0	0	0	0	0	0	0	0	0	1410	0	1270	0	0	0	2822	0	12400	0	0	0	0	0	716	0	8154	0	19120	0	6814	0	0	0	3546	0	124	0	0	0	0	0	0	0	0	0	558	0	4702	0	0	0	8556	0	0	0	2498	0	0	0	0	0	0	0	0	0	0	0	0	0	0	0	0	0	0	0	0	0	0	0	0	0	0	
262564	Precuneus_L	2590	0	278	0	0	0	298	0	0	0	406	0	0	0	0	0	780	0	116	0	0	0	0	0	0	0	0	0	372	0	0	0	2076	294	5564	606	1158	0	410	0	0	0	10898	824	12774	4392	4352	0	9520	2124	11114	514	2454	0	792	0	11000	0	19718	338	5164	0	2708	0	1652	0	0	6500	4850	0	0	0	96	0	0	0	0	0	94	0	890	0	0	0	1900	0	0	0	1666	0	0	0	0	0	0	0	0	0	0	0	0	0	0	0	0	0	0	0	0	0	0	0	0	0	0	0	
288684	Precuneus_R	0	1124	0	0	0	0	0	0	0	0	0	392	0	0	0	0	0	500	0	1312	0	0	0	0	0	0	0	0	0	216	0	0	644	6812	774	5836	0	1948	0	1054	0	0	244	15900	758	26076	0	5038	184	20500	0	8106	0	796	0	306	0	6504	0	7712	0	4638	0	2522	0	3546	6500	0	94	7380	0	0	0	0	0	0	0	170	0	182	0	852	0	0	0	2678	0	0	0	1976	0	0	0	0	0	0	0	150	0	0	0	0	0	0	0	0	0	0	0	0	918	0	0	0	0	0	
220052	Paracentral_Lobule_L	19270	2158	3264	222	0	0	932	0	0	0	166	0	0	0	0	0	332	0	10548	12152	0	0	0	0	0	0	0	0	768	0	0	0	5334	8826	2520	330	1224	0	190	0	0	0	414	0	662	0	114	0	522	0	3724	0	630	0	224	0	9772	0	5420	0	2706	0	602	0	1720	0	4850	94	0	1510	708	618	444	0	108	0	4406	226	116	0	294	0	0	0	1018	0	0	0	888	0	0	0	0	0	0	0	0	0	0	0	0	0	0	0	0	0	0	0	0	0	0	0	0	0	0	0	
109288	Paracentral_Lobule_R	856	3546	0	0	0	0	0	0	0	0	0	0	0	0	0	0	0	142	340	9144	0	0	0	0	0	0	0	0	0	0	0	0	646	11038	584	4740	0	0	0	0	0	0	0	658	0	740	0	136	0	630	0	350	0	0	0	0	0	9996	0	932	0	228	0	126	0	124	0	7380	1510	0	0	176	0	0	0	0	0	0	0	0	0	116	0	0	0	224	0	0	0	120	0	0	0	0	0	0	0	0	0	0	0	0	0	0	0	0	0	0	0	0	162	0	0	0	0	0	
394196	Caudate_L	4148	94	14356	2764	1378	0	5800	1396	106	0	1636	872	1028	484	1088	582	262	0	11196	2422	8648	4812	2758	450	1598	976	3546	376	3776	1442	18196	4170	840	134	0	0	700	128	538	0	2122	0	0	0	0	0	0	0	0	0	0	0	0	0	0	0	394	0	0	0	0	0	0	0	0	0	0	0	708	0	0	18478	37664	11218	11386	3454	8690	0	0	0	0	0	284	0	0	0	0	0	0	0	0	0	0	0	0	0	0	0	0	0	0	0	0	0	0	0	0	0	0	0	0	0	0	0	0	0	
466484	Caudate_R	2232	1434	1644	19752	0	1798	1286	4156	0	138	0	1476	0	938	0	3094	0	482	1282	26632	1960	7940	1154	10168	202	5810	298	4476	446	3016	5144	17880	882	2486	94	0	262	1312	174	348	760	100	0	0	0	0	0	136	0	0	0	0	0	0	0	278	0	234	0	0	0	0	0	144	0	0	0	0	618	176	18478	0	12594	40582	8288	4520	0	15938	0	0	0	0	0	0	0	0	0	0	0	0	0	0	0	0	0	0	0	0	0	0	0	0	0	0	0	0	0	0	0	0	0	0	0	0	0	0	
448420	Putamen_L	11732	0	19728	830	1406	0	12878	366	444	0	2824	220	2242	202	3674	102	978	0	9732	746	6530	2858	2746	404	1098	586	2814	0	18642	512	16868	3732	968	110	0	0	6430	0	1766	0	3508	0	0	0	0	0	0	0	0	0	0	0	0	0	530	0	2648	0	0	0	0	0	0	0	0	0	96	0	444	0	37664	12594	0	9560	15938	2450	3014	0	128	0	306	0	750	0	136	0	0	0	276	0	0	0	0	0	0	0	0	0	0	0	0	0	0	0	0	0	0	0	0	0	0	0	0	0	0	0	
460736	Putamen_R	1188	956	1480	20368	0	2282	1068	6880	0	534	114	6842	0	3220	0	3676	0	5422	1410	6734	1070	3080	1358	10342	0	4360	168	3050	524	19998	4358	17272	1252	2974	270	270	302	11932	0	4758	628	2484	0	0	0	0	0	0	0	0	0	0	0	0	0	3508	0	262	0	0	0	0	0	0	0	0	0	0	0	0	11218	40582	9560	0	5938	3306	0	3122	0	0	0	138	0	110	0	0	0	0	0	0	0	0	0	0	0	0	0	0	0	0	0	0	0	0	0	0	0	0	0	0	0	0	0	0	0	0	
137072	Pallidum_L	6366	0	4268	254	0	0	3914	188	0	0	156	94	0	0	0	0	154	0	2372	234	106	1380	0	0	0	0	0	0	110	0	228	224	192	0	0	0	846	0	0	0	0	0	0	0	0	0	0	0	0	0	0	0	0	0	0	0	828	0	0	0	0	0	0	0	0	0	0	0	108	0	11386	8288	15938	5938	0	2652	2312	0	0	0	0	0	0	0	0	0	0	0	0	0	0	0	0	0	0	0	0	0	0	0	0	0	0	0	0	0	0	0	0	0	0	0	0	0	0	0	
43592	Pallidum_R	712	0	250	484	0	0	304	144	0	0	0	160	0	0	0	0	0	0	0	552	0	266	0	0	0	0	0	0	0	140	0	0	0	0	0	0	0	1114	0	622	0	184	0	0	0	0	0	0	0	0	0	0	0	0	0	322	0	0	0	0	0	0	0	0	0	0	0	0	0	0	3454	4520	2450	3306	2652	0	0	160	0	0	0	0	0	0	0	0	0	0	0	0	0	0	0	0	0	0	0	0	0	0	0	0	0	0	0	0	0	0	0	0	0	0	0	0	0	0	
128960	Thalamus_L	12858	0	8774	194	0	0	2932	0	0	0	226	0	0	0	0	0	414	0	5592	454	0	0	0	0	0	0	0	0	2814	0	0	0	0	0	0	0	7032	0	1642	0	0	0	0	0	0	0	132	0	0	0	0	0	0	0	152	0	1004	0	0	0	0	0	0	0	0	0	0	0	4406	0	8690	0	3014	0	2312	0	0	684	512	0	398	0	0	0	0	0	0	0	244	0	0	0	0	0	0	0	0	0	0	0	0	0	0	0	0	0	0	0	0	0	0	0	0	0	0	0	
129944	Thalamus_R	434	3444	116	3198	0	0	142	1572	0	0	0	298	0	0	0	1092	0	106	126	18164	0	0	0	0	0	0	0	0	96	580	0	0	0	176	2228	1976	2552	4132	712	1730	0	0	0	0	0	0	390	534	0	0	0	0	0	0	328	432	0	0	0	0	0	0	0	0	0	0	0	170	226	0	0	15938	0	3122	0	160	684	0	0	0	0	0	0	0	0	0	0	0	0	0	0	0	0	0	0	0	0	114	0	0	0	0	0	0	0	0	0	0	0	0	0	0	0	0	0	0	
71300	Heschl_L	2372	0	370	0	0	0	228	0	0	0	1144	0	0	0	0	0	5348	0	248	0	0	0	0	0	0	0	0	0	5188	0	0	0	122	0	0	0	2132	0	0	0	0	0	0	0	0	0	0	0	0	0	602	0	646	0	2044	0	2098	0	0	0	350	0	918	0	540	0	94	0	116	0	0	0	128	0	0	0	512	0	0	0	3774	0	0	0	3546	0	0	0	3130	0	0	0	0	0	0	0	0	0	0	0	0	0	0	0	0	0	0	0	0	0	0	0	0	0	0	0	
36516	Heschl_R	0	0	0	0	0	0	0	0	0	0	0	124	0	0	0	0	0	2558	0	0	0	0	0	0	0	0	0	0	0	1766	0	0	0	0	0	0	0	956	0	0	0	0	0	0	0	0	0	0	0	0	0	0	0	0	0	540	0	626	0	124	0	516	0	602	0	558	0	182	0	0	0	0	0	0	0	0	0	0	0	0	0	4686	0	0	0	1990	0	0	0	3030	0	0	0	0	0	0	0	0	0	0	0	0	0	0	0	0	0	0	0	0	0	0	0	0	0	0	
125892	Temporal_Sup_L	574	0	304	0	0	0	0	0	0	0	354	0	0	0	0	0	4856	0	356	0	114	0	0	0	0	0	0	0	5672	0	0	0	0	0	0	0	1622	0	148	0	0	0	0	0	0	0	0	0	0	0	380	0	356	0	1378	0	2150	0	802	0	1756	0	5372	0	770	0	890	0	294	0	0	0	306	0	0	0	398	0	3774	0	0	0	4990	0	18328	0	0	0	7002	0	0	0	0	0	0	0	0	0	0	0	0	0	0	0	0	0	0	0	0	0	0	0	0	0	0	0	
154296	Temporal_Sup_R	0	130	0	0	0	0	0	0	0	0	0	0	0	0	0	1492	0	6654	0	0	0	0	0	0	0	0	0	0	0	7280	0	0	0	0	0	0	0	2618	0	342	0	0	0	124	0	0	0	0	0	216	0	102	0	100	0	2766	0	1156	0	1098	0	3130	0	5840	0	4702	0	852	0	116	0	0	0	138	0	0	0	0	0	4686	0	0	0	4648	0	21582	0	904	0	6472	0	0	0	0	0	0	0	0	0	0	0	0	0	0	0	0	0	0	0	0	0	0	0	0	0	0	
119732	Temporal_Pole_Sup_L	0	0	1164	0	820	0	560	0	224	0	2054	0	622	0	2460	0	1598	0	686	0	756	0	292	0	0	0	492	0	7118	0	208	0	330	0	0	0	2094	0	2540	0	1354	0	0	0	0	0	0	0	0	0	0	0	0	0	5872	0	0	0	0	0	0	0	0	0	0	0	0	0	0	0	284	0	750	0	0	0	0	0	0	0	4990	0	0	0	10216	0	5658	0	6724	0	0	0	0	0	0	0	0	0	0	0	0	0	0	0	0	0	0	0	0	0	0	0	0	0	0	0	
88692	Temporal_Pole_Sup_R	0	0	0	102	0	0	0	118	0	0	0	316	0	0	0	5314	0	432	0	0	0	208	0	0	0	0	0	110	0	2798	0	0	0	0	0	0	0	1016	0	3410	0	1850	0	0	0	0	0	0	0	0	0	0	0	0	0	8396	0	0	0	0	0	0	0	0	0	0	0	0	0	0	0	0	0	110	0	0	0	0	0	0	0	4648	0	0	0	5828	0	6758	0	2932	0	0	0	0	0	0	0	0	0	0	0	0	0	0	0	0	0	0	0	0	0	0	0	0	0	0	
358392	Temporal_Mid_L	360	0	110	0	0	0	0	0	0	0	0	0	0	0	0	0	2424	0	0	0	180	0	0	0	0	0	0	0	2300	0	0	0	0	0	0	0	2708	0	624	0	1088	0	1676	0	2328	0	206	0	3614	0	22328	0	8820	0	7062	0	3972	0	1442	0	11192	0	9298	0	14118	0	1900	0	1018	0	0	0	136	0	0	0	0	0	3546	0	18328	0	10216	0	0	0	4470	0	43732	0	0	0	0	0	0	0	0	0	0	0	0	0	0	0	0	0	0	0	0	0	0	0	0	0	0	0	
219352	Temporal_Mid_R	0	142	0	0	0	0	0	0	0	0	0	0	0	0	0	720	0	488	0	0	0	0	0	0	0	0	0	0	0	1668	0	0	0	0	0	0	0	1420	0	336	0	182	0	5432	0	674	0	2160	0	522	0	8166	0	2696	0	5978	0	246	0	730	0	3694	0	1406	0	8556	0	2678	0	224	0	0	0	0	0	0	0	0	0	1990	0	21582	0	5828	0	0	0	4092	0	28066	0	0	0	0	0	0	0	0	0	0	0	0	0	0	0	0	0	0	0	0	0	0	0	0	0	0	
36828	Temporal_Pole_Mid_L	0	0	0	0	0	0	0	0	0	0	0	0	0	0	0	0	0	0	0	0	0	0	0	0	0	0	0	0	94	0	0	0	0	0	0	0	542	0	1398	0	390	0	0	0	0	0	0	0	0	0	0	0	0	0	2780	0	0	0	0	0	0	0	0	0	0	0	0	0	0	0	0	0	0	0	0	0	0	0	0	0	0	0	5658	0	4470	0	0	0	3082	0	0	0	0	0	0	0	0	0	0	0	0	0	0	0	0	0	0	0	0	0	0	0	0	0	0	0	
55408	Temporal_Pole_Mid_R	0	0	0	0	0	0	0	0	0	0	0	0	0	0	0	1262	0	0	0	0	0	0	0	0	0	0	0	0	0	0	0	0	0	0	0	0	0	394	0	2948	0	1208	0	0	0	0	0	0	0	0	0	0	0	0	0	4638	0	0	0	0	0	0	0	0	0	0	0	0	0	0	0	0	0	0	0	0	0	0	0	0	0	904	0	6758	0	4092	0	0	0	5500	0	0	0	0	0	0	0	0	0	0	0	0	0	0	0	0	0	0	0	0	0	0	0	0	0	0	
269724	Temporal_Inf_L	378	0	0	0	0	0	0	0	0	0	0	0	0	0	0	0	1908	0	0	0	0	0	0	0	0	0	0	0	2204	0	0	0	0	0	0	0	5526	0	2440	0	756	0	1670	0	460	0	354	0	678	0	6864	0	9638	0	16352	0	1998	0	1302	0	4494	0	3372	0	4518	0	1666	0	888	0	0	0	276	0	0	0	244	0	3130	0	7002	0	6724	0	43732	0	3082	0	0	0	2046	0	422	0	0	0	100	0	478	0	160	0	0	0	0	0	0	0	0	0	0	0	0	0	0	0	
183396	Temporal_Inf_R	0	0	0	0	0	0	0	0	0	0	0	0	0	0	0	944	0	116	0	0	0	0	0	0	0	0	0	0	0	1086	0	0	0	0	0	0	0	4918	0	842	0	0	0	2274	0	504	0	2190	0	380	0	1284	0	4916	0	16840	0	174	0	530	0	1868	0	972	0	2498	0	1976	0	120	0	0	0	0	0	0	0	0	0	3030	0	6472	0	2932	0	28066	0	5500	0	0	0	724	0	0	0	0	0	160	0	382	0	0	0	0	0	0	0	0	0	0	0	0	0	0	0	0	
492684	Cerebelum_Crus1_L	0	0	0	0	0	0	0	0	0	0	0	0	0	0	0	0	0	0	0	0	0	0	0	0	0	0	0	0	0	0	0	0	0	0	0	0	0	0	0	0	0	0	260	0	0	0	9010	4356	0	0	0	0	0	396	19984	1268	0	0	0	0	0	0	0	0	0	0	0	0	0	0	0	0	0	0	0	0	0	0	0	0	0	0	0	0	0	0	0	0	2046	0	0	4530	45042	6310	630	0	20640	2908	53408	5102	13946	1494	16068	2316	2806	318	1044	0	0	0	12294	9996	7930	2042	198	0	
455856	Cerebelum_Crus1_R	0	0	0	0	0	0	0	0	0	0	0	0	0	0	0	0	0	0	0	0	0	0	0	0	0	0	0	0	0	0	0	0	0	0	0	0	0	0	0	180	0	0	114	0	0	0	782	5292	0	0	0	0	0	900	426	15586	0	0	0	0	0	0	0	0	0	0	0	0	0	0	0	0	0	0	0	0	0	0	0	0	0	0	0	0	0	0	0	0	0	724	4530	0	1138	30426	392	1418	3808	28560	4844	59626	506	1310	950	18646	262	2842	188	4038	0	196	16084	11204	9958	1370	1296	332	
370804	Cerebelum_Crus2_L	0	0	0	0	0	0	0	0	0	0	0	0	0	0	0	0	0	0	0	0	0	0	0	0	0	0	0	0	0	0	0	0	0	0	0	0	0	0	0	0	0	0	0	0	0	0	500	1520	0	0	0	0	0	190	3256	548	0	0	0	0	0	0	0	0	0	0	0	0	0	0	0	0	0	0	0	0	0	0	0	0	0	0	0	0	0	0	0	0	422	0	45042	1138	0	9626	102	0	3478	856	11860	1188	38040	3988	33362	4026	7058	376	752	0	0	0	2064	2838	9530	3536	106	0	
297004	Cerebelum_Crus2_R	0	0	0	0	0	0	0	0	0	0	0	0	0	0	0	0	0	0	0	0	0	0	0	0	0	0	0	0	0	0	0	0	0	0	0	0	0	0	0	0	0	0	0	0	0	0	0	180	0	0	0	0	0	0	0	306	0	0	0	0	0	0	0	0	0	0	0	0	0	0	0	0	0	0	0	0	0	0	0	0	0	0	0	0	0	0	0	0	0	0	6310	30426	9626	0	112	262	466	1694	1972	9854	4642	12848	4724	31432	360	3190	100	3304	96	124	722	3196	15294	6038	1224	0	
36816	Cerebelum_3_L	0	0	0	0	0	0	0	0	0	0	0	0	0	0	0	0	0	0	0	0	0	0	0	0	0	0	0	0	0	0	0	0	0	0	0	0	0	0	110	0	0	0	0	0	0	0	0	0	0	0	0	0	0	0	104	0	0	0	0	0	0	0	0	0	0	0	0	0	0	0	0	0	0	0	0	0	0	0	0	0	0	0	0	0	0	0	0	0	0	0	630	392	102	112	0	172	5398	250	1896	472	0	0	302	104	1632	282	0	0	598	1448	1388	1018	544	630	598	226	
56844	Cerebelum_3_R	0	0	0	0	0	0	0	0	0	0	0	0	0	0	0	0	0	0	0	0	0	0	0	0	0	0	0	0	0	0	0	0	0	0	0	0	0	0	0	0	0	0	0	0	0	0	0	0	0	0	0	0	0	0	0	368	0	0	0	0	0	0	0	0	0	0	0	0	0	0	0	0	0	0	0	0	0	0	0	0	0	0	0	0	0	0	0	0	0	0	0	1418	0	262	172	0	372	5450	208	3566	0	0	0	958	230	2564	0	0	672	3330	2954	1492	764	1532	1768	342	
273584	Cerebelum_4_5_L	0	0	0	0	0	0	0	0	0	0	0	0	0	0	0	0	0	0	0	0	0	0	0	0	0	0	0	0	0	0	0	0	0	0	0	0	0	0	150	0	0	0	434	0	0	0	8958	1814	0	0	0	0	0	0	7678	646	0	0	0	0	0	0	0	0	0	0	0	0	0	0	0	0	0	0	0	0	0	0	0	0	0	0	0	0	0	0	0	0	100	0	20640	3808	3478	466	5398	372	0	5146	32480	5294	618	0	2690	818	3736	1150	146	0	640	1330	17304	4676	1906	1806	1780	1330	
306804	Cerebelum_4_5_R	0	0	0	0	0	0	0	0	0	0	0	0	0	0	0	0	0	0	0	0	0	0	0	0	0	0	0	0	0	0	0	0	0	0	0	120	0	676	0	1232	0	0	188	304	0	0	634	7282	0	0	0	0	0	1980	332	12470	0	0	0	0	0	0	0	0	0	0	0	150	0	0	0	0	0	0	0	0	0	114	0	0	0	0	0	0	0	0	0	0	0	160	2908	28560	856	1694	250	5450	5146	0	5014	38380	152	0	394	2822	246	1794	0	514	122	1012	22194	5708	1484	1320	1466	274	
448372	Cerebelum_6_L	0	0	0	0	0	0	0	0	0	0	0	0	0	0	0	0	0	0	0	0	0	0	0	0	0	0	0	0	0	0	0	0	0	0	0	0	0	0	0	0	0	0	402	0	0	0	14202	6406	0	0	0	0	208	932	22288	2254	0	0	0	0	0	0	0	0	0	0	0	0	0	0	0	0	0	0	0	0	0	0	0	0	0	0	0	0	0	0	0	0	478	0	53408	4844	11860	1972	1896	208	32480	5014	0	7070	2536	0	5206	2112	1868	1442	496	0	360	526	19448	15492	4852	2152	1346	428	
468536	Cerebelum_6_R	0	0	0	0	0	0	0	0	0	0	0	0	0	0	0	0	0	0	0	0	0	0	0	0	0	0	0	0	0	0	0	0	0	0	0	0	0	198	0	422	0	0	216	366	0	0	1864	9942	0	0	0	104	0	3762	634	20326	0	0	0	0	0	0	0	0	0	0	0	0	0	0	0	0	0	0	0	0	0	0	0	0	0	0	0	0	0	0	0	0	0	382	5102	59626	1188	9854	472	3566	5294	38380	7070	0	320	138	778	6684	214	1994	192	1938	160	518	22510	16788	8740	1606	1894	1026	
239836	Cerebelum_7b_L	0	0	0	0	0	0	0	0	0	0	0	0	0	0	0	0	0	0	0	0	0	0	0	0	0	0	0	0	0	0	0	0	0	0	0	0	0	0	0	0	0	0	0	0	0	0	0	0	0	0	0	0	0	0	424	0	0	0	0	0	0	0	0	0	0	0	0	0	0	0	0	0	0	0	0	0	0	0	0	0	0	0	0	0	0	0	0	0	160	0	13946	506	38040	4642	0	0	618	152	2536	320	0	1514	33520	3472	8050	446	720	0	0	0	238	1024	5794	3636	160	0	
88096	Cerebelum_7b_R	0	0	0	0	0	0	0	0	0	0	0	0	0	0	0	0	0	0	0	0	0	0	0	0	0	0	0	0	0	0	0	0	0	0	0	0	0	0	0	0	0	0	0	0	0	0	0	0	0	0	0	0	0	0	0	0	0	0	0	0	0	0	0	0	0	0	0	0	0	0	0	0	0	0	0	0	0	0	0	0	0	0	0	0	0	0	0	0	0	0	1494	1310	3988	12848	0	0	0	0	0	138	1514	0	1156	14512	0	1948	0	188	0	0	0	0	3510	1442	0	0	
308652	Cerebelum_8_L	0	0	0	0	0	0	0	0	0	0	0	0	0	0	0	0	0	0	0	0	0	0	0	0	0	0	0	0	0	0	0	0	0	0	0	0	0	0	0	0	0	0	0	0	0	0	0	224	0	0	0	0	0	0	300	130	0	0	0	0	0	0	0	0	0	0	0	0	0	0	0	0	0	0	0	0	0	0	0	0	0	0	0	0	0	0	0	0	0	0	16068	950	33362	4724	302	0	2690	394	5206	778	33520	1156	0	6238	21328	2390	2560	164	0	0	950	2372	7718	7994	2388	420	
307872	Cerebelum_8_R	0	0	0	0	0	0	0	0	0	0	0	0	0	0	0	0	0	0	0	0	0	0	0	0	0	0	0	0	0	0	0	0	0	0	0	0	0	0	0	0	0	0	0	0	0	0	0	0	0	0	0	0	0	0	0	584	0	0	0	0	0	0	0	0	0	0	0	0	0	0	0	0	0	0	0	0	0	0	0	0	0	0	0	0	0	0	0	0	0	0	2316	18646	4026	31432	104	958	818	2822	2112	6684	3472	14512	6238	0	1542	18226	0	6428	346	470	988	3612	11294	11126	4342	838	
143652	Cerebelum_9_L	0	0	0	0	0	0	0	0	0	0	0	0	0	0	0	0	0	0	0	0	0	0	0	0	0	0	0	0	0	0	0	0	0	0	0	0	0	0	0	0	0	0	0	0	0	0	0	0	0	0	0	0	0	0	0	0	0	0	0	0	0	0	0	0	0	0	0	0	0	0	0	0	0	0	0	0	0	0	0	0	0	0	0	0	0	0	0	0	0	0	2806	262	7058	360	1632	230	3736	246	1868	214	8050	0	21328	1542	0	2678	2850	0	294	432	642	2478	3246	4136	4644	1094	
157976	Cerebelum_9_R	0	0	0	0	0	0	0	0	0	0	0	0	0	0	0	0	0	0	0	0	0	0	0	0	0	0	0	0	0	0	0	0	0	0	0	0	0	0	0	0	0	0	0	0	0	0	0	0	0	0	0	0	0	0	0	134	0	0	0	0	0	0	0	0	0	0	0	0	0	0	0	0	0	0	0	0	0	0	0	0	0	0	0	0	0	0	0	0	0	0	318	2842	376	3190	282	2564	1150	1794	1442	1994	446	1948	2390	18226	2678	0	0	2678	990	1792	2156	4784	5188	7532	9450	2644	
19064	Cerebelum_10_L	0	0	0	0	0	0	0	0	0	0	0	0	0	0	0	0	0	0	0	0	0	0	0	0	0	0	0	0	0	0	0	0	0	0	0	0	0	0	0	0	0	0	0	0	0	0	0	0	0	0	0	0	0	0	0	0	0	0	0	0	0	0	0	0	0	0	0	0	0	0	0	0	0	0	0	0	0	0	0	0	0	0	0	0	0	0	0	0	0	0	1044	188	752	100	0	0	146	0	496	192	720	0	2560	0	2850	0	0	0	0	0	144	214	126	0	0	0	
42660	Cerebelum_10_R	0	0	0	0	0	0	0	0	0	0	0	0	0	0	0	0	0	0	0	0	0	0	0	0	0	0	0	0	0	0	0	0	0	0	0	0	0	0	0	0	0	0	0	0	0	0	0	0	0	0	0	0	0	0	0	276	0	0	0	0	0	0	0	0	0	0	0	0	0	0	0	0	0	0	0	0	0	0	0	0	0	0	0	0	0	0	0	0	0	0	0	4038	0	3304	0	0	0	514	0	1938	0	188	164	6428	0	2678	0	0	0	0	242	284	760	342	174	0	
22612	Vermis_1_2	0	0	0	0	0	0	0	0	0	0	0	0	0	0	0	0	0	0	0	0	0	0	0	0	0	0	0	0	0	0	0	0	0	0	0	0	0	0	0	0	0	0	0	0	0	0	0	0	0	0	0	0	0	0	0	0	0	0	0	0	0	0	0	0	0	0	0	0	0	0	0	0	0	0	0	0	0	0	0	0	0	0	0	0	0	0	0	0	0	0	0	0	0	96	598	672	640	122	360	160	0	0	0	346	294	990	0	0	0	2978	844	666	530	682	810	518	
43492	Vermis_3	0	0	0	0	0	0	0	0	0	0	0	0	0	0	0	0	0	0	0	0	0	0	0	0	0	0	0	0	0	0	0	0	0	0	0	0	0	0	0	0	0	0	0	0	0	0	0	0	0	0	0	0	0	0	0	0	0	0	0	0	0	0	0	0	0	0	0	0	0	0	0	0	0	0	0	0	0	0	0	0	0	0	0	0	0	0	0	0	0	0	0	196	0	124	1448	3330	1330	1012	526	518	0	0	0	470	432	1792	0	0	2978	0	2116	1370	694	1270	1538	602	
358948	Vermis_4_5	0	0	0	0	0	0	0	0	0	0	0	0	0	0	0	0	0	0	0	166	0	0	0	0	0	0	0	0	0	0	0	0	0	200	0	730	0	0	0	0	0	0	580	482	0	0	4918	11270	0	0	0	0	0	2168	2266	6116	0	100	0	0	0	0	0	0	0	0	0	918	0	162	0	0	0	0	0	0	0	0	0	0	0	0	0	0	0	0	0	0	0	0	12294	16084	2064	722	1388	2954	17304	22194	19448	22510	238	0	950	988	642	2156	144	242	844	2116	0	16130	1730	1834	2164	2258	
318712	Vermis_6	0	0	0	0	0	0	0	0	0	0	0	0	0	0	0	0	0	0	0	0	0	0	0	0	0	0	0	0	0	0	0	0	0	0	0	0	0	0	0	0	0	0	0	180	0	0	4270	10728	0	0	0	110	0	2924	2468	6032	0	0	0	0	0	0	0	0	0	0	0	0	0	0	0	0	0	0	0	0	0	0	0	0	0	0	0	0	0	0	0	0	0	0	9996	11204	2838	3196	1018	1492	4676	5708	15492	16788	1024	0	2372	3612	2478	4784	214	284	666	1370	16130	0	10440	6918	6290	3654	
267740	Vermis_7	0	0	0	0	0	0	0	0	0	0	0	0	0	0	0	0	0	0	0	0	0	0	0	0	0	0	0	0	0	0	0	0	0	0	0	0	0	0	0	0	0	0	0	0	0	0	676	922	0	0	0	0	0	340	440	634	0	0	0	0	0	0	0	0	0	0	0	0	0	0	0	0	0	0	0	0	0	0	0	0	0	0	0	0	0	0	0	0	0	0	7930	9958	9530	15294	544	764	1906	1484	4852	8740	5794	3510	7718	11294	3246	5188	126	760	530	694	1730	10440	0	10900	6354	1572	
