data	data	624100	269788	998964	778424	146660	116188	480280	191156	111548	25580	352952	247400	306332	207328	140016	114128	197472	106772	757124	629648	108696	109360	353788	361820	39308	106100	83716	79040	678384	435520	321280	486840	109532	445928	131400	135512	233840	309576	53748	198716	54320	75784	184920	288572	127516	165284	215300	244168	162492	184392	458784	210828	121976	116384	304860	421660	298236	216160	175564	94104	273720	136944	103456	117944	95672	118856	242792	350596	302144	185828	374500	369024	378284	316628	54296	22752	192712	153056	60160	25576	173072	121668	54824	47356	257332	228688	15492	11940	226784	219196	402028	470420	311844	250368	20948	43900	313544	208764	381896	407388	217872	99336	266224	274996	108720	103500	15708	5220	14812	32292	233104	232588	200604	167764	91504	18160	
data	data	Precentral_L	Precentral_R	Frontal_Sup_L	Frontal_Sup_R	Frontal_Sup_Orb_L	Frontal_Sup_Orb_R	Frontal_Mid_L	Frontal_Mid_R	Frontal_Mid_Orb_L	Frontal_Mid_Orb_R	Frontal_Inf_Oper_L	Frontal_Inf_Oper_R	Frontal_Inf_Tri_L	Frontal_Inf_Tri_R	Frontal_Inf_Orb_L	Frontal_Inf_Orb_R	Rolandic_Oper_L	Rolandic_Oper_R	Supp_Motor_Area_L	Supp_Motor_Area_R	Olfactory_L	Olfactory_R	Frontal_Sup_Medial_L	Frontal_Sup_Medial_R	Frontal_Med_Orb_L	Frontal_Med_Orb_R	Rectus_L	Rectus_R	Insula_L	Insula_R	Cingulum_Ant_L	Cingulum_Ant_R	Cingulum_Mid_L	Cingulum_Mid_R	Cingulum_Post_L	Cingulum_Post_R	Hippocampus_L	Hippocampus_R	ParaHippocampal_L	ParaHippocampal_R	Amygdala_L	Amygdala_R	Calcarine_L	Calcarine_R	Cuneus_L	Cuneus_R	Lingual_L	Lingual_R	Occipital_Sup_L	Occipital_Sup_R	Occipital_Mid_L	Occipital_Mid_R	Occipital_Inf_L	Occipital_Inf_R	Fusiform_L	Fusiform_R	Postcentral_L	Postcentral_R	Parietal_Sup_L	Parietal_Sup_R	Parietal_Inf_L	Parietal_Inf_R	SupraMarginal_L	SupraMarginal_R	Angular_L	Angular_R	Precuneus_L	Precuneus_R	Paracentral_Lobule_L	Paracentral_Lobule_R	Caudate_L	Caudate_R	Putamen_L	Putamen_R	Pallidum_L	Pallidum_R	Thalamus_L	Thalamus_R	Heschl_L	Heschl_R	Temporal_Sup_L	Temporal_Sup_R	Temporal_Pole_Sup_L	Temporal_Pole_Sup_R	Temporal_Mid_L	Temporal_Mid_R	Temporal_Pole_Mid_L	Temporal_Pole_Mid_R	Temporal_Inf_L	Temporal_Inf_R	Cerebelum_Crus1_L	Cerebelum_Crus1_R	Cerebelum_Crus2_L	Cerebelum_Crus2_R	Cerebelum_3_L	Cerebelum_3_R	Cerebelum_4_5_L	Cerebelum_4_5_R	Cerebelum_6_L	Cerebelum_6_R	Cerebelum_7b_L	Cerebelum_7b_R	Cerebelum_8_L	Cerebelum_8_R	Cerebelum_9_L	Cerebelum_9_R	Cerebelum_10_L	Cerebelum_10_R	Vermis_1_2	Vermis_3	Vermis_4_5	Vermis_6	Vermis_7	Vermis_8	Vermis_9	Vermis_10	
624100	Precentral_L	0	5958	38014	6526	0	0	24836	498	0	0	16650	416	1720	0	0	0	8550	0	34804	14344	0	0	0	0	0	0	0	0	6894	134	0	0	1062	4868	4742	926	4968	264	286	0	0	0	108	256	0	132	0	130	318	0	4706	0	588	0	282	0	31064	822	3322	0	14640	0	5296	0	846	0	94	510	32824	4114	2092	1198	6186	150	2050	124	15354	1478	2342	0	1982	0	0	0	1798	0	0	0	784	0	0	0	0	0	0	0	0	0	0	0	0	0	0	0	0	0	0	0	0	0	0	0	0	0	0	0	
269788	Precentral_R	5958	0	842	15664	0	0	204	10526	0	0	234	12342	0	1916	0	0	0	3050	1464	11912	0	0	0	0	0	0	0	0	242	4012	0	0	0	482	764	1116	116	2242	0	654	0	0	0	1362	0	214	0	422	0	0	0	178	0	96	0	1336	776	18596	0	0	474	422	0	4962	0	208	0	2488	3670	11500	1462	592	434	3450	236	176	2544	2118	0	100	0	566	0	0	148	1438	0	0	0	1088	0	0	0	0	0	0	0	98	0	0	0	0	0	0	0	0	0	0	0	0	0	0	0	0	0	0	
998964	Frontal_Sup_L	38014	842	0	12978	9008	0	63236	448	5202	0	10720	1126	19044	790	5976	0	3944	116	88722	14096	274	0	43168	7324	1168	116	1082	0	33984	1324	19314	8196	3282	5918	528	300	6130	332	304	138	166	0	0	130	0	0	0	136	0	0	1100	0	0	0	422	0	9228	282	700	0	3536	0	338	0	102	0	0	276	18430	0	7602	1134	27548	364	3838	0	13692	498	504	0	922	0	152	0	634	0	0	0	604	0	0	0	0	0	0	0	0	0	0	0	0	0	0	0	0	0	0	0	0	0	0	0	0	0	0	0	
778424	Frontal_Sup_R	6526	15664	12978	0	0	6450	2124	18916	0	646	2256	6256	466	3408	0	5278	904	7008	17322	59644	0	150	12774	37720	0	4100	0	424	2782	14338	5848	36590	1608	23356	106	0	268	4622	0	472	0	0	0	0	0	0	0	0	0	0	0	0	0	0	0	608	312	3416	0	0	228	0	0	420	0	0	0	0	4780	0	4912	22624	2084	16454	278	2830	1992	16040	0	416	0	228	0	0	0	172	0	0	0	414	0	0	0	0	0	0	0	0	0	0	0	0	0	0	0	0	0	0	0	0	0	0	0	0	0	0	
146660	Frontal_Sup_Orb_L	0	0	9008	0	0	274	884	0	13022	0	272	0	1040	0	7942	0	0	0	1096	0	4602	1024	1396	0	4388	238	7672	374	7830	0	3294	400	0	0	0	0	194	0	150	0	682	0	0	0	0	0	0	0	0	0	0	0	0	0	0	0	0	0	0	0	0	0	0	0	0	0	0	0	0	0	2672	434	4236	0	0	0	0	0	0	0	0	0	206	0	0	0	0	0	0	0	0	0	0	0	0	0	0	0	0	0	0	0	0	0	0	0	0	0	0	0	0	0	0	0	0	0	
116188	Frontal_Sup_Orb_R	0	0	0	6450	274	0	0	1524	206	3302	98	202	0	640	0	5584	0	0	0	106	1148	4394	186	3388	0	7280	680	8638	114	3292	638	2126	0	0	0	0	0	0	0	0	0	324	0	0	0	0	0	0	0	0	0	0	0	0	0	0	0	0	0	0	0	0	0	0	0	0	0	0	0	0	1180	3186	394	2740	0	0	0	0	0	0	0	0	0	0	0	0	0	0	0	0	0	0	0	0	0	0	0	0	0	0	0	0	0	0	0	0	0	0	0	0	0	0	0	0	0	0	
480280	Frontal_Mid_L	24836	204	63236	2124	884	0	0	208	2434	0	11202	454	34458	98	4414	114	3320	0	11892	830	0	0	14052	1128	0	0	0	0	23676	444	4738	2176	704	1188	624	0	1364	138	0	0	0	0	0	0	0	0	0	0	0	0	1340	0	0	0	0	0	7328	0	1100	0	5984	0	1190	0	396	0	0	0	384	0	1806	374	3688	0	164	0	2322	306	1104	0	632	0	0	0	684	0	0	0	398	0	0	0	0	0	0	0	0	0	0	0	0	0	0	0	0	0	0	0	0	0	0	0	0	0	0	0	
191156	Frontal_Mid_R	498	10526	448	18916	0	1524	208	0	0	458	322	9256	0	12622	0	2704	240	740	590	1576	0	0	218	2438	0	172	0	0	364	5740	96	2308	0	1462	0	92	0	4334	0	710	0	0	0	0	0	0	0	0	0	0	0	0	0	0	0	766	136	4346	0	0	96	0	0	594	0	0	0	0	176	0	786	1406	348	6492	0	212	280	964	0	0	0	0	0	0	0	0	0	0	0	414	0	0	0	0	0	0	0	0	0	0	0	0	0	0	0	0	0	0	0	0	0	0	0	0	0	0	
111548	Frontal_Mid_Orb_L	0	0	5202	0	13022	206	2434	0	0	0	0	0	2348	0	15076	0	0	0	124	0	1964	798	0	0	1260	0	3410	296	4820	0	764	294	0	0	0	0	0	0	0	0	146	0	0	0	0	0	0	0	0	0	0	0	0	0	0	0	0	0	0	0	0	0	0	0	0	0	0	0	0	0	1406	326	1416	0	0	0	0	0	0	0	0	0	462	0	0	0	0	0	0	0	0	0	0	0	0	0	0	0	0	0	0	0	0	0	0	0	0	0	0	0	0	0	0	0	0	0	
25580	Frontal_Mid_Orb_R	0	0	0	646	0	3302	0	458	0	0	0	0	0	468	0	4974	0	0	0	0	212	504	0	0	0	0	148	708	0	730	90	0	0	0	0	0	0	0	0	0	0	0	0	0	0	0	0	0	0	0	0	0	0	0	0	0	0	0	0	0	0	0	0	0	0	0	0	0	0	0	136	186	0	228	0	0	0	0	0	0	0	0	0	0	0	0	0	0	0	0	0	0	0	0	0	0	0	0	0	0	0	0	0	0	0	0	0	0	0	0	0	0	0	0	0	0	
352952	Frontal_Inf_Oper_L	16650	234	10720	2256	272	98	11202	322	0	0	0	4976	14026	2756	0	670	14358	0	8112	1268	0	0	2620	1168	0	150	0	0	33506	5684	4906	2028	0	480	0	0	804	0	0	0	0	0	0	0	0	0	0	0	0	0	0	0	0	0	96	0	5912	0	0	0	3884	0	1846	0	0	0	0	0	0	0	14286	3408	3498	520	0	0	742	382	766	0	856	0	610	0	208	0	0	0	196	0	0	0	0	0	0	0	0	0	0	0	0	0	0	0	0	0	0	0	0	0	0	0	0	0	0	0	
247400	Frontal_Inf_Oper_R	416	12342	1126	6256	0	202	454	9256	0	0	4976	0	1936	10776	0	146	388	1880	1558	5436	0	0	0	1512	0	442	0	0	4452	23178	388	2476	0	3000	0	0	0	2536	0	914	0	182	0	0	0	0	0	0	0	0	0	0	0	0	0	844	334	2562	0	0	326	0	0	704	0	0	0	0	104	0	4958	6264	1004	8274	0	0	202	1172	0	0	0	0	106	160	158	0	0	0	0	300	0	0	0	0	0	0	0	0	0	0	0	0	0	0	0	0	0	0	0	0	0	0	0	0	0	0	
306332	Frontal_Inf_Tri_L	1720	0	19044	466	1040	0	34458	0	2348	0	14026	1936	0	1294	9868	0	1264	0	2170	348	0	0	4416	214	0	0	0	0	37516	2138	7066	808	220	292	0	0	200	0	0	0	0	0	0	0	0	0	0	0	0	0	0	0	0	0	0	0	704	0	0	0	0	0	0	0	0	0	0	0	0	0	6538	758	1784	194	0	0	236	0	0	0	0	0	100	0	0	0	0	0	0	0	0	0	0	0	0	0	0	0	0	0	0	0	0	0	0	0	0	0	0	0	0	0	0	0	0	0	
207328	Frontal_Inf_Tri_R	0	1916	790	3408	0	640	98	12622	0	468	2756	10776	1294	0	0	7510	0	246	1302	3242	0	0	0	4916	0	750	0	0	2474	18208	652	6826	0	2988	0	0	0	1688	0	822	0	176	0	0	0	0	0	0	0	0	0	0	0	0	0	726	0	0	0	0	0	0	0	0	0	0	0	0	0	0	3990	5996	1402	4380	0	0	0	356	0	0	0	0	0	0	0	0	0	0	0	246	0	0	0	0	0	0	0	0	0	0	0	0	0	0	0	0	0	0	0	0	0	0	0	0	0	0	
140016	Frontal_Inf_Orb_L	0	0	5976	0	7942	0	4414	0	15076	0	0	0	9868	0	0	0	0	0	0	0	3634	156	0	0	0	0	2578	0	13062	0	368	0	0	0	0	0	564	0	476	0	1164	0	0	0	0	0	0	0	0	0	0	0	0	0	190	0	0	0	0	0	0	0	0	0	0	0	0	0	0	0	960	0	1218	0	0	0	0	0	0	0	0	0	2362	0	0	0	0	0	0	0	0	0	0	0	0	0	0	0	0	0	0	0	0	0	0	0	0	0	0	0	0	0	0	0	0	0	
114128	Frontal_Inf_Orb_R	0	0	0	5278	0	5584	114	2704	0	4974	670	146	0	7510	0	0	0	0	204	764	0	1972	246	1844	0	318	0	2112	478	12208	0	2760	0	1888	0	0	0	0	0	402	0	372	0	0	0	0	0	0	0	0	0	0	0	0	0	0	0	0	0	0	0	0	0	0	0	0	0	0	0	0	580	2112	0	1002	0	0	0	0	0	0	0	296	0	526	0	0	0	0	0	0	0	0	0	0	0	0	0	0	0	0	0	0	0	0	0	0	0	0	0	0	0	0	0	0	0	0	
197472	Rolandic_Oper_L	8550	0	3944	904	0	0	3320	240	0	0	14358	388	1264	0	0	0	0	0	5700	538	0	0	0	192	0	0	0	0	21114	712	92	336	0	0	110	0	1626	0	0	0	0	0	0	0	0	0	0	0	0	0	332	0	188	0	148	0	9178	0	270	0	582	0	1132	0	274	0	0	0	0	0	6470	622	2656	218	0	0	1192	0	3760	0	5518	0	738	0	1144	0	0	0	926	0	0	0	0	0	0	0	0	0	0	0	0	0	0	0	0	0	0	0	0	0	0	0	0	0	0	0	
106772	Rolandic_Oper_R	0	3050	116	7008	0	0	0	740	0	0	0	1880	0	246	0	0	0	0	106	5922	0	0	0	0	0	0	0	0	0	9194	0	0	0	0	0	0	0	1000	0	136	0	0	0	362	0	0	0	0	0	0	0	98	0	0	0	800	0	4358	0	100	0	204	0	3542	0	0	0	502	0	258	178	1532	102	3492	0	0	0	590	0	2248	0	3940	0	266	0	880	0	0	0	536	0	0	0	0	0	0	0	0	0	0	0	0	0	0	0	0	0	0	0	0	0	0	0	0	0	0	
757124	Supp_Motor_Area_L	34804	1464	88722	17322	1096	0	11892	590	124	0	8112	1558	2170	1302	0	204	5700	106	0	37594	0	0	10586	3320	292	0	326	0	15526	2238	6104	4714	8848	17346	800	336	5010	326	238	108	142	0	0	162	0	0	0	150	0	0	0	0	0	0	378	92	5854	536	0	0	536	0	254	0	0	0	0	366	24990	0	8178	1392	25578	600	7074	0	10912	174	518	0	1074	0	98	0	140	0	0	0	486	0	0	0	0	0	0	0	0	0	0	0	0	0	0	0	0	0	0	0	0	0	0	0	0	0	0	0	
629648	Supp_Motor_Area_R	14344	11912	14096	59644	0	106	830	1576	0	0	1268	5436	348	3242	0	764	538	5922	37594	0	0	0	1584	5840	0	108	0	0	1768	9408	1378	6428	1568	34904	1888	4192	0	1698	0	278	0	0	0	94	0	0	0	0	0	0	0	0	0	0	0	974	286	4914	0	0	244	250	0	3966	0	186	0	832	13026	17216	2392	18012	1578	7416	214	1764	540	9212	0	418	0	602	0	0	0	1136	0	0	0	890	0	0	0	0	0	0	0	0	0	0	0	0	0	0	0	0	0	0	0	0	0	0	0	0	0	0	
108696	Olfactory_L	0	0	274	0	4602	1148	0	0	1964	212	0	0	0	0	3634	0	0	0	0	0	0	6242	110	0	388	190	5670	2008	4132	0	3170	1558	0	0	0	0	1400	0	1164	0	2394	0	0	0	0	0	0	0	0	0	0	0	0	0	502	0	0	0	0	0	0	0	0	0	0	0	0	0	0	0	8112	2616	2582	0	0	0	0	0	0	0	0	0	276	0	0	0	0	0	0	0	0	0	0	0	0	0	0	0	0	0	0	0	0	0	0	0	0	0	0	0	0	0	0	0	0	0	
109360	Olfactory_R	0	0	0	150	1024	4394	0	0	798	504	0	0	0	0	156	1972	0	0	0	0	6242	0	0	166	160	1536	2270	5576	0	3246	4044	4030	0	0	0	0	0	0	0	522	0	1344	0	0	0	0	0	0	0	0	0	0	0	0	0	0	0	0	0	0	0	0	0	0	0	0	0	0	0	0	7204	5304	3148	548	0	0	0	0	0	0	0	0	0	342	0	0	0	0	0	0	0	0	0	0	0	0	0	0	0	0	0	0	0	0	0	0	0	0	0	0	0	0	0	0	0	0	
353788	Frontal_Sup_Medial_L	0	0	43168	12774	1396	186	14052	218	0	0	2620	0	4416	0	0	246	0	0	10586	1584	110	0	0	21900	1622	554	200	0	5512	108	20378	16120	4242	11270	0	0	0	0	0	0	0	0	0	0	0	0	0	0	0	0	0	0	0	0	0	0	0	0	0	0	0	0	0	0	0	0	0	0	0	0	1460	106	1860	206	0	0	0	0	0	0	0	0	0	0	0	0	0	0	0	0	0	0	0	0	0	0	0	0	0	0	0	0	0	0	0	0	0	0	0	0	0	0	0	0	0	0	
361820	Frontal_Sup_Medial_R	0	0	7324	37720	0	3388	1128	2438	0	0	1168	1512	214	4916	0	1844	192	0	3320	5840	0	166	21900	0	360	6906	0	688	1102	5666	6304	37054	728	16766	0	0	0	116	0	0	0	0	0	0	0	0	0	0	0	0	0	0	0	0	0	0	0	0	0	0	0	0	0	0	0	0	0	0	0	0	1108	6758	0	4284	0	0	0	0	0	0	0	0	0	0	0	0	0	0	0	0	0	0	0	0	0	0	0	0	0	0	0	0	0	0	0	0	0	0	0	0	0	0	0	0	0	0	
39308	Frontal_Med_Orb_L	0	0	1168	0	4388	0	0	0	1260	0	0	0	0	0	0	0	0	0	292	0	388	160	1622	360	0	1344	2012	0	286	0	3722	290	0	0	0	0	0	0	0	0	0	0	0	0	0	0	0	0	0	0	0	0	0	0	0	0	0	0	0	0	0	0	0	0	0	0	0	0	0	0	356	144	1862	0	0	0	0	0	0	0	0	0	0	0	0	0	0	0	0	0	0	0	0	0	0	0	0	0	0	0	0	0	0	0	0	0	0	0	0	0	0	0	0	0	0	0	
106100	Frontal_Med_Orb_R	0	0	116	4100	238	7280	0	172	0	0	150	442	0	750	0	318	0	0	0	108	190	1536	554	6906	1344	0	500	6382	150	1758	2360	8018	0	112	0	0	0	0	0	0	0	0	0	0	0	0	0	0	0	0	0	0	0	0	0	0	0	0	0	0	0	0	0	0	0	0	0	0	0	0	316	4756	0	4494	0	0	0	0	0	0	0	0	0	0	0	0	0	0	0	0	0	0	0	0	0	0	0	0	0	0	0	0	0	0	0	0	0	0	0	0	0	0	0	0	0	0	
83716	Rectus_L	0	0	1082	0	7672	680	0	0	3410	148	0	0	0	0	2578	0	0	0	326	0	5670	2270	200	0	2012	500	0	1318	2346	0	3160	1104	0	0	0	0	132	0	112	0	490	0	0	0	0	0	0	0	0	0	0	0	0	0	0	0	0	0	0	0	0	0	0	0	0	0	0	0	0	0	3846	942	1860	0	0	0	0	0	0	0	0	0	0	0	0	0	0	0	0	0	0	0	0	0	0	0	0	0	0	0	0	0	0	0	0	0	0	0	0	0	0	0	0	0	0	0	
79040	Rectus_R	0	0	0	424	374	8638	0	0	296	708	0	0	0	0	0	2112	0	0	0	0	2008	5576	0	688	0	6382	1318	0	0	1616	566	2068	0	0	0	0	0	0	0	0	0	122	0	0	0	0	0	0	0	0	0	0	0	0	0	0	0	0	0	0	0	0	0	0	0	0	0	0	0	0	1816	2746	890	1172	0	0	0	0	0	0	0	0	0	0	0	0	0	0	0	0	0	0	0	0	0	0	0	0	0	0	0	0	0	0	0	0	0	0	0	0	0	0	0	0	0	0	
678384	Insula_L	6894	242	33984	2782	7830	114	23676	364	4820	0	33506	4452	37516	2474	13062	478	21114	0	15526	1768	4132	0	5512	1102	286	150	2346	0	0	5132	9544	2204	228	504	194	0	10464	0	1418	0	3312	0	0	0	0	0	0	0	0	0	322	0	236	0	2972	0	2138	0	94	0	604	0	994	0	370	0	0	0	264	0	19174	2954	21836	520	0	0	4208	278	5966	0	8594	0	3022	0	2890	0	0	0	4626	0	0	0	0	0	0	0	0	0	0	0	0	0	0	0	0	0	0	0	0	0	0	0	0	0	0	0	
435520	Insula_R	134	4012	1324	14338	0	3292	444	5740	0	730	5684	23178	2138	18208	0	12208	712	9194	2238	9408	0	3246	108	5666	0	1758	0	1616	5132	0	938	8702	0	4980	0	118	0	6912	0	2196	0	1904	0	230	0	0	0	134	0	0	0	0	0	142	0	4606	0	888	0	0	0	116	0	238	0	0	0	316	0	90	6712	11812	1842	17526	0	0	102	1152	0	2428	0	6820	108	2536	0	1434	0	0	0	2270	0	0	0	0	0	0	0	0	0	0	0	0	0	0	0	0	0	0	0	0	0	0	0	0	0	0	
321280	Cingulum_Ant_L	0	0	19314	5848	3294	638	4738	96	764	90	4906	388	7066	652	368	0	92	0	6104	1378	3170	4044	20378	6304	3722	2360	3160	566	9544	938	0	18910	3354	3534	0	0	0	0	0	0	0	0	0	0	0	0	0	0	0	0	0	0	0	0	0	0	0	0	0	0	0	0	0	0	0	0	0	0	0	0	12842	2726	8904	448	0	0	0	0	0	0	0	0	0	0	0	0	0	0	0	0	0	0	0	0	0	0	0	0	0	0	0	0	0	0	0	0	0	0	0	0	0	0	0	0	0	0	
486840	Cingulum_Ant_R	0	0	8196	36590	400	2126	2176	2308	294	0	2028	2476	808	6826	0	2760	336	0	4714	6428	1558	4030	16120	37054	290	8018	1104	2068	2204	8702	18910	0	3048	24930	0	0	0	200	0	118	0	0	0	0	0	0	0	0	0	0	0	0	0	0	0	98	0	0	0	0	0	0	0	0	0	0	0	0	0	0	4496	20720	1246	9584	0	0	0	456	0	0	0	0	0	0	0	0	0	0	0	0	0	0	0	0	0	0	0	0	0	0	0	0	0	0	0	0	0	0	0	0	0	0	0	0	0	0	
109532	Cingulum_Mid_L	1062	0	3282	1608	0	0	704	0	0	0	0	0	220	0	0	0	0	0	8848	1568	0	0	4242	728	0	0	0	0	228	0	3354	3048	0	9032	2812	448	0	0	0	0	0	0	0	0	0	0	0	0	428	0	1418	0	0	0	0	0	672	0	640	0	144	0	0	0	0	0	3448	694	5880	258	0	0	0	0	0	0	0	0	0	0	0	0	0	0	0	0	0	0	0	0	0	0	0	0	0	0	0	0	0	0	0	0	0	0	0	0	0	0	0	0	0	0	0	0	0	0	
445928	Cingulum_Mid_R	4868	482	5918	23356	0	0	1188	1462	0	0	480	3000	292	2988	0	1888	0	0	17346	34904	0	0	11270	16766	0	112	0	0	504	4980	3534	24930	9032	0	2012	8126	0	798	0	344	0	0	0	2482	0	1532	0	702	0	98	0	830	0	354	0	736	0	2792	0	0	0	0	0	0	0	0	1704	9654	6994	10610	214	250	0	2590	0	0	0	0	0	0	0	0	0	0	0	500	0	0	0	342	0	0	0	0	0	0	0	0	0	0	0	0	0	0	0	0	0	0	0	0	0	0	0	0	0	0	
131400	Cingulum_Post_L	4742	764	528	106	0	0	624	0	0	0	0	0	0	0	0	0	110	0	800	1888	0	0	0	0	0	0	0	0	194	0	0	0	2812	2012	0	10772	4524	3342	218	150	0	0	2256	0	1146	0	294	0	1078	0	1490	0	1752	0	624	242	1310	524	160	0	396	0	0	0	0	0	5892	1620	5186	2814	0	0	0	0	0	0	326	2068	196	0	0	0	0	0	1372	0	0	0	1138	230	0	0	0	0	0	0	0	0	0	0	0	0	0	0	0	0	0	0	0	0	0	0	0	0	0	0	
135512	Cingulum_Post_R	926	1116	300	0	0	0	0	92	0	0	0	0	0	0	0	0	0	0	336	4192	0	0	0	0	0	0	0	0	0	118	0	0	448	8126	10772	0	2488	6028	138	240	0	0	120	462	136	306	0	806	114	0	0	0	0	0	0	2250	0	3000	0	0	0	0	0	0	0	0	2590	9094	2324	8146	0	0	0	0	0	0	0	1550	0	0	0	0	0	0	0	144	0	0	0	1148	0	0	0	0	0	0	0	0	0	0	0	0	0	0	0	0	0	0	0	0	246	0	0	0	0	0	
233840	Hippocampus_L	4968	116	6130	268	194	0	1364	0	0	0	804	0	200	0	564	0	1626	0	5010	0	1400	0	0	0	0	0	132	0	10464	0	0	0	0	0	4524	2488	0	2364	8118	0	9046	0	1560	0	0	0	1730	256	0	0	576	0	1242	0	12526	0	280	0	0	0	164	0	0	0	0	0	2698	244	1970	0	134	0	10188	0	1246	0	6538	2006	2542	0	1842	0	572	0	1236	0	0	0	7018	0	198	0	0	0	0	0	156	0	218	0	0	0	0	0	0	0	0	0	0	0	0	0	0	0	0	0	
309576	Hippocampus_R	264	2242	332	4622	0	0	138	4334	0	0	0	2536	0	1688	0	0	0	1000	326	1698	0	0	0	116	0	0	0	0	0	6912	0	200	0	798	3342	6028	2364	0	202	26416	0	12776	0	174	0	0	0	3026	0	0	0	0	0	0	0	28210	0	808	0	0	0	0	0	266	0	0	1232	3528	102	404	0	286	506	14464	0	520	192	3830	0	408	0	3010	0	1106	0	2144	0	0	0	10636	0	0	0	0	0	0	0	1248	0	0	0	0	0	0	0	0	0	0	0	0	354	0	0	0	0	0	
53748	ParaHippocampal_L	286	0	304	0	150	0	0	0	0	0	0	0	0	0	476	0	0	0	238	0	1164	0	0	0	0	0	112	0	1418	0	0	0	0	0	218	138	8118	202	0	0	2892	0	390	0	0	0	1798	144	0	0	848	0	188	0	5038	0	0	0	0	0	0	0	0	0	0	0	444	0	150	0	0	0	698	0	0	0	468	104	0	0	0	0	340	0	0	0	0	0	548	0	0	0	0	0	0	0	0	0	0	0	0	0	0	0	0	0	0	0	0	0	0	0	0	0	0	0	
198716	ParaHippocampal_R	0	654	138	472	0	0	0	710	0	0	0	914	0	822	0	402	0	136	108	278	0	522	0	0	0	0	0	0	0	2196	0	118	0	344	150	240	0	26416	0	0	0	9016	0	2202	0	0	0	7476	0	0	0	0	0	0	0	22800	0	268	0	0	0	108	0	0	0	0	0	2716	0	146	0	0	138	5650	0	348	0	220	0	0	0	726	0	1748	0	534	0	276	0	5956	0	0	0	0	0	302	0	3280	0	0	0	0	0	0	0	0	0	0	0	0	828	0	0	0	0	0	
54320	Amygdala_L	0	0	166	0	682	0	0	0	146	0	0	0	0	0	1164	0	0	0	142	0	2394	0	0	0	0	0	490	0	3312	0	0	0	0	0	0	0	9046	0	2892	0	0	0	0	0	0	0	0	0	0	0	0	0	0	0	4120	0	0	0	0	0	0	0	0	0	0	0	0	0	0	0	178	0	552	0	0	0	0	0	0	0	0	0	472	0	0	0	0	0	1404	0	0	0	0	0	0	0	0	0	0	0	0	0	0	0	0	0	0	0	0	0	0	0	0	0	0	0	
75784	Amygdala_R	0	0	0	0	0	324	0	0	0	0	0	182	0	176	0	372	0	0	0	0	0	1344	0	0	0	0	0	122	0	1904	0	0	0	0	0	0	0	12776	0	9016	0	0	0	0	0	0	0	0	0	0	0	0	0	0	0	6920	0	0	0	0	0	0	0	0	0	0	0	0	0	0	0	0	0	1906	0	0	0	104	0	0	0	0	0	2396	0	0	0	0	0	170	0	0	0	0	0	0	0	180	0	0	0	0	0	0	0	0	0	0	0	0	0	0	0	0	0	0	
184920	Calcarine_L	108	0	0	0	0	0	0	0	0	0	0	0	0	0	0	0	0	0	0	0	0	0	0	0	0	0	0	0	0	0	0	0	0	0	2256	120	1560	0	390	0	0	0	0	3856	11556	3110	11284	862	12494	794	22194	0	3866	144	2138	0	642	0	816	0	468	0	0	0	0	0	12808	90	196	0	0	0	0	0	0	0	0	0	0	0	0	0	0	0	304	0	0	0	134	0	0	0	0	0	0	0	0	0	0	98	0	0	0	0	0	0	0	0	0	0	172	0	0	0	0	0	
288572	Calcarine_R	256	1362	130	0	0	0	0	0	0	0	0	0	0	0	0	0	0	362	162	94	0	0	0	0	0	0	0	0	0	230	0	0	0	2482	0	462	0	174	0	2202	0	0	3856	0	3378	18996	390	15878	0	16600	0	10288	0	9946	0	6838	0	4156	0	2180	0	1470	0	418	0	432	3084	24960	274	2636	0	0	0	0	0	0	0	0	0	96	0	248	0	0	0	4976	0	0	0	4452	0	0	0	0	0	0	0	458	0	0	0	0	0	0	0	0	0	0	0	0	360	0	0	0	0	0	
127516	Cuneus_L	0	0	0	0	0	0	0	0	0	0	0	0	0	0	0	0	0	0	0	0	0	0	0	0	0	0	0	0	0	0	0	0	0	0	1146	136	0	0	0	0	0	0	11556	3378	0	4468	1378	176	16770	668	11414	0	734	0	866	0	446	0	1702	0	704	0	0	0	0	0	7486	546	184	0	0	0	0	0	0	0	0	0	0	0	0	0	0	0	0	0	0	0	0	0	0	0	0	0	0	0	0	0	0	0	0	0	0	0	0	0	0	0	0	0	0	0	0	0	0	0	
165284	Cuneus_R	132	214	0	0	0	0	0	0	0	0	0	0	0	0	0	0	0	0	0	0	0	0	0	0	0	0	0	0	0	0	0	0	0	1532	0	306	0	0	0	0	0	0	3110	18996	4468	0	0	1986	286	20690	0	3248	0	1528	0	1612	0	484	0	2386	0	0	0	0	0	98	6896	13150	0	998	0	0	0	0	0	0	0	0	0	0	0	0	0	0	0	154	0	0	0	188	0	0	0	0	0	0	0	0	0	0	0	0	0	0	0	0	0	0	0	0	180	0	0	0	0	0	
215300	Lingual_L	0	0	0	0	0	0	0	0	0	0	0	0	0	0	0	0	0	0	0	0	0	0	0	0	0	0	0	0	0	0	0	0	0	0	294	0	1730	0	1798	0	0	0	11284	390	1378	0	0	2002	5282	100	16654	0	5430	0	11784	480	0	0	0	0	0	0	0	0	0	0	3738	0	0	0	0	0	0	0	0	0	228	0	0	0	0	0	0	0	576	0	0	0	318	0	4794	1528	164	0	0	300	11626	1580	11860	2242	0	0	0	0	134	544	0	0	0	316	4924	3070	178	418	506	0	
244168	Lingual_R	130	422	136	0	0	0	0	0	0	0	0	0	0	0	0	0	0	0	150	0	0	0	0	0	0	0	0	0	0	134	0	0	0	702	0	806	256	3026	144	7476	0	0	862	15878	176	1986	2002	0	0	4106	0	3164	0	5862	732	18104	0	696	0	142	0	178	0	0	0	0	226	9088	134	510	0	0	272	500	0	0	0	110	0	0	0	0	0	0	0	580	0	0	0	1794	2448	5648	366	208	0	0	2120	5844	4488	7520	0	0	0	0	0	0	0	0	0	0	4644	6972	1342	0	0	0	
162492	Occipital_Sup_L	318	0	0	0	0	0	0	0	0	0	0	0	0	0	0	0	0	0	0	0	0	0	0	0	0	0	0	0	0	0	0	0	428	0	1078	114	0	0	0	0	0	0	12494	0	16770	286	5282	0	0	0	28000	0	1314	0	550	0	1380	0	3388	0	2066	0	0	0	0	0	6072	622	778	0	0	0	0	0	0	0	0	0	0	0	0	0	0	0	152	0	0	0	154	0	0	0	0	0	0	0	0	0	0	0	0	0	0	0	0	0	0	0	0	0	0	0	0	0	0	0	
184392	Occipital_Sup_R	0	0	0	0	0	0	0	0	0	0	0	0	0	0	0	0	0	0	0	0	0	0	0	0	0	0	0	0	0	0	0	0	0	98	0	0	0	0	0	0	0	0	794	16600	668	20690	100	4106	0	0	0	18196	0	2528	0	2602	0	240	0	4354	0	3044	0	162	0	5292	3894	7466	0	122	0	0	0	0	0	0	0	0	0	0	0	0	0	0	0	1026	0	0	0	214	0	0	0	0	0	0	0	0	0	0	0	0	0	0	0	0	0	0	0	0	0	0	0	0	0	0	
458784	Occipital_Mid_L	4706	0	1100	0	0	0	1340	0	0	0	0	0	0	0	0	0	332	0	0	0	0	0	0	0	0	0	0	0	322	0	0	0	1418	0	1490	0	576	0	848	0	0	0	22194	0	11414	0	16654	0	28000	0	0	0	16706	0	8352	0	9964	0	22334	0	20956	0	1252	0	11888	0	15610	160	2122	0	0	0	0	0	0	0	156	0	1096	0	640	0	0	0	20978	0	0	0	6784	0	0	0	0	0	0	0	0	0	0	0	0	0	0	0	0	0	0	0	0	0	0	0	0	0	0	0	
210828	Occipital_Mid_R	0	178	0	0	0	0	0	0	0	0	0	0	0	0	0	0	0	98	0	0	0	0	0	0	0	0	0	0	0	0	0	0	0	830	0	0	0	0	0	0	0	0	0	10288	0	3248	0	3164	0	18196	0	0	0	9818	0	4146	0	1204	0	3262	0	9318	0	664	0	15970	2146	7058	0	432	0	0	0	0	0	0	0	0	0	0	0	344	0	0	0	12560	0	0	0	2490	0	0	0	0	0	0	0	0	0	0	0	0	0	0	0	0	0	0	0	0	0	0	0	0	0	0	
121976	Occipital_Inf_L	588	0	0	0	0	0	0	0	0	0	0	0	0	0	0	0	188	0	0	0	0	0	0	0	0	0	0	0	236	0	0	0	0	0	1752	0	1242	0	188	0	0	0	3866	0	734	0	5430	0	1314	0	16706	0	0	0	10200	0	488	0	0	0	100	0	96	0	0	0	3154	0	0	0	0	0	0	0	0	0	250	0	1036	0	316	0	0	0	3938	0	0	0	6862	0	694	0	0	0	0	0	648	0	962	0	0	0	0	0	0	0	0	0	0	0	0	0	0	0	0	0	
116384	Occipital_Inf_R	0	96	0	0	0	0	0	0	0	0	0	0	0	0	0	0	0	0	0	0	0	0	0	0	0	0	0	0	0	142	0	0	0	354	0	0	0	0	0	0	0	0	144	9946	0	1528	0	5862	0	2528	0	9818	0	0	0	10246	0	1496	0	984	0	372	0	90	0	0	552	4696	0	552	0	0	0	0	0	0	0	0	0	0	0	0	0	0	0	4140	0	0	0	4292	0	130	0	0	0	0	0	0	0	120	0	0	0	0	0	0	0	0	0	0	0	104	0	0	0	0	
304860	Fusiform_L	282	0	422	0	0	0	0	0	0	0	96	0	0	0	190	0	148	0	378	0	502	0	0	0	0	0	0	0	2972	0	0	0	0	0	624	0	12526	0	5038	0	4120	0	2138	0	866	0	11784	732	550	0	8352	0	10200	0	0	178	408	0	0	0	0	0	0	0	0	0	2620	0	110	0	0	0	788	0	0	0	564	0	240	0	4136	0	1490	0	1668	0	358	0	14784	0	19026	970	472	0	0	0	13540	152	23018	1114	0	0	0	0	136	152	0	0	0	0	1102	2818	406	100	160	0	
421660	Fusiform_R	0	1336	0	608	0	0	0	766	0	0	0	844	0	726	0	0	0	800	92	974	0	0	0	0	0	0	0	0	0	4606	0	98	0	736	242	2250	0	28210	0	22800	0	6920	0	6838	0	1612	480	18104	0	2602	0	4146	0	10246	178	0	0	1976	0	798	0	578	0	234	0	0	778	9218	0	1922	0	0	0	5826	0	108	0	240	0	276	0	3548	0	4900	0	5916	0	728	0	26810	772	6930	146	290	0	274	780	5224	1346	8872	0	0	0	198	0	0	0	0	0	0	2180	3044	704	0	0	0	
298236	Postcentral_L	31064	776	9228	312	0	0	7328	136	0	0	5912	334	704	0	0	0	9178	0	5854	286	0	0	0	0	0	0	0	0	2138	0	0	0	672	0	1310	0	280	0	0	0	0	0	642	0	446	0	0	0	1380	0	9964	0	488	0	408	0	0	130	9810	0	22542	0	8420	0	1844	0	3912	0	3818	0	1292	294	354	0	0	0	1094	0	1342	0	3122	0	0	0	1968	0	0	0	336	0	0	0	0	0	0	0	0	0	0	0	0	0	0	0	0	0	0	0	0	0	0	0	0	0	0	0	
216160	Postcentral_R	822	18596	282	3416	0	0	0	4346	0	0	0	2562	0	0	0	0	0	4358	536	4914	0	0	0	0	0	0	0	0	0	888	0	0	0	2792	524	3000	0	808	0	268	0	0	0	4156	0	484	0	696	0	240	0	1204	0	1496	0	1976	130	0	0	6280	114	5340	0	9360	0	400	0	12220	496	8122	226	976	142	360	160	96	316	1036	0	0	0	616	0	0	0	2204	0	0	0	1032	0	0	0	0	0	0	0	90	0	0	0	0	0	0	0	0	0	0	0	0	0	0	0	0	0	0	
175564	Parietal_Sup_L	3322	0	700	0	0	0	1100	0	0	0	0	0	0	0	0	0	270	0	0	0	0	0	0	0	0	0	0	0	94	0	0	0	640	0	160	0	0	0	0	0	0	0	816	0	1702	0	0	0	3388	0	22334	0	0	0	0	0	9810	0	0	0	21614	0	872	0	4634	0	10400	0	546	0	0	0	0	0	0	0	0	0	0	0	552	0	0	0	3454	0	0	0	1374	0	0	0	0	0	0	0	0	0	0	0	0	0	0	0	0	0	0	0	0	0	0	0	0	0	0	0	
94104	Parietal_Sup_R	0	0	0	0	0	0	0	0	0	0	0	0	0	0	0	0	0	100	0	0	0	0	0	0	0	0	0	0	0	0	0	0	0	0	0	0	0	0	0	0	0	0	0	2180	0	2386	0	142	0	4354	0	3262	0	984	0	798	0	6280	0	0	0	9862	0	434	0	3678	556	8028	0	780	0	0	0	0	0	0	0	0	0	0	0	256	0	0	0	1906	0	0	0	1066	0	0	0	0	0	0	0	0	0	0	0	0	0	0	0	0	0	0	0	0	0	0	0	0	0	0	
273720	Parietal_Inf_L	14640	474	3536	228	0	0	5984	96	0	0	3884	326	0	0	0	0	582	0	536	244	0	0	0	0	0	0	0	0	604	0	0	0	144	0	396	0	164	0	0	0	0	0	468	0	704	0	0	0	2066	0	20956	0	100	0	0	0	22542	114	21614	0	0	0	12370	104	10452	0	1362	0	710	0	158	200	136	0	0	0	342	198	434	0	1664	0	0	0	6762	0	0	0	1566	0	0	0	0	0	0	0	0	0	0	0	0	0	0	0	0	0	0	0	0	0	0	0	0	0	0	0	
136944	Parietal_Inf_R	0	422	0	0	0	0	0	0	0	0	0	0	0	0	0	0	0	204	0	250	0	0	0	0	0	0	0	0	0	116	0	0	0	0	0	0	0	0	0	108	0	0	0	1470	0	0	0	178	0	3044	0	9318	0	372	0	578	0	5340	0	9862	0	0	0	8854	0	16476	0	2418	0	372	0	0	0	0	0	0	0	0	0	0	0	754	0	0	0	6928	0	0	0	1408	0	0	0	0	0	0	0	0	0	0	0	0	0	0	0	0	0	0	0	0	0	0	0	0	0	0	
103456	SupraMarginal_L	5296	0	338	0	0	0	1190	0	0	0	1846	0	0	0	0	0	1132	0	254	0	0	0	0	0	0	0	0	0	994	0	0	0	0	0	0	0	0	0	0	0	0	0	0	0	0	0	0	0	0	0	1252	0	96	0	0	0	8420	0	872	0	12370	0	0	0	4784	0	0	0	0	0	0	0	0	0	0	0	148	0	260	0	6532	0	0	0	5738	0	0	0	206	0	0	0	0	0	0	0	0	0	0	0	0	0	0	0	0	0	0	0	0	0	0	0	0	0	0	0	
117944	SupraMarginal_R	0	4962	0	420	0	0	0	594	0	0	0	704	0	0	0	0	0	3542	0	3966	0	0	0	0	0	0	0	0	0	238	0	0	0	0	0	0	0	266	0	0	0	0	0	418	0	0	0	0	0	162	0	664	0	90	0	234	0	9360	0	434	104	8854	0	0	0	5744	0	462	0	3784	0	0	0	334	0	0	0	154	0	158	0	6246	0	0	0	6596	0	0	0	482	0	0	0	0	0	0	0	0	0	0	0	0	0	0	0	0	0	0	0	0	0	0	0	0	0	0	
95672	Angular_L	846	0	102	0	0	0	396	0	0	0	0	0	0	0	0	0	274	0	0	0	0	0	0	0	0	0	0	0	370	0	0	0	0	0	0	0	0	0	0	0	0	0	0	0	0	0	0	0	0	0	11888	0	0	0	0	0	1844	0	4634	0	10452	0	4784	0	0	0	0	0	0	0	0	0	0	0	0	0	124	0	172	0	2702	0	0	0	8914	0	0	0	334	0	0	0	0	0	0	0	0	0	0	0	0	0	0	0	0	0	0	0	0	0	0	0	0	0	0	0	
118856	Angular_R	0	208	0	0	0	0	0	0	0	0	0	0	0	0	0	0	0	0	0	186	0	0	0	0	0	0	0	0	0	0	0	0	0	0	0	0	0	0	0	0	0	0	0	432	0	98	0	0	0	5292	0	15970	0	0	0	0	0	400	0	3678	0	16476	0	5744	0	0	0	488	0	218	0	0	0	0	0	0	0	0	0	0	0	3504	0	0	0	6628	0	0	0	106	0	0	0	0	0	0	0	0	0	0	0	0	0	0	0	0	0	0	0	0	0	0	0	0	0	0	
242792	Precuneus_L	94	0	0	0	0	0	0	0	0	0	0	0	0	0	0	0	0	0	0	0	0	0	0	0	0	0	0	0	0	0	0	0	3448	1704	5892	2590	2698	1232	444	0	0	0	12808	3084	7486	6896	3738	226	6072	3894	15610	2146	3154	552	2620	778	3912	0	10400	556	1362	0	0	0	0	0	0	13536	1866	1122	0	0	0	0	0	0	0	124	0	0	0	0	0	0	432	298	0	0	318	154	0	0	0	0	0	0	0	0	0	0	0	0	0	0	0	0	0	0	0	0	150	0	0	0	0	0	
350596	Precuneus_R	510	2488	276	0	0	0	0	0	0	0	0	0	0	0	0	0	0	502	366	832	0	0	0	0	0	0	0	0	0	316	0	0	694	9654	1620	9094	244	3528	0	2716	0	0	90	24960	546	13150	0	9088	622	7466	160	7058	0	4696	0	9218	0	12220	0	8028	0	2418	0	462	0	488	13536	0	966	8380	0	0	0	0	0	0	0	204	0	146	0	1280	0	0	0	9736	0	0	0	5876	0	0	0	0	0	0	0	786	0	0	0	0	0	0	0	0	0	0	0	0	878	0	0	0	0	0	
302144	Paracentral_Lobule_L	32824	3670	18430	4780	0	0	384	176	0	0	0	104	0	0	0	0	0	0	24990	13026	0	0	0	0	0	0	0	0	264	0	0	0	5880	6994	5186	2324	1970	102	150	0	0	0	196	274	184	0	0	134	778	0	2122	0	0	0	110	0	3818	496	546	0	710	0	0	0	0	0	1866	966	0	4252	674	314	1966	0	390	0	9706	116	0	0	0	0	0	0	200	0	0	0	0	0	0	0	0	0	0	0	0	0	0	0	0	0	0	0	0	0	0	0	0	0	0	0	0	0	0	0	
185828	Paracentral_Lobule_R	4114	11500	0	0	0	0	0	0	0	0	0	0	0	0	0	0	0	258	0	17216	0	0	0	0	0	0	0	0	0	90	0	0	258	10610	2814	8146	0	404	0	146	0	0	0	2636	0	998	0	510	0	122	0	432	0	552	0	1922	0	8122	0	780	0	372	0	3784	0	218	1122	8380	4252	0	0	0	0	0	0	0	0	0	0	0	0	460	0	0	0	1532	0	0	0	1164	0	0	0	0	0	0	0	0	0	0	0	0	0	0	0	0	0	0	0	0	0	0	0	0	0	0	
374500	Caudate_L	2092	1462	7602	4912	2672	1180	1806	786	1406	136	14286	4958	6538	3990	960	580	6470	178	8178	2392	8112	7204	1460	1108	356	316	3846	1816	19174	6712	12842	4496	0	214	0	0	134	0	0	0	178	0	0	0	0	0	0	0	0	0	0	0	0	0	0	0	1292	226	0	0	158	0	0	0	0	0	0	0	674	0	0	10630	19780	2332	2368	0	7094	1106	282	0	422	0	334	0	0	0	0	0	0	0	0	0	0	0	0	0	0	0	0	0	0	0	0	0	0	0	0	0	0	0	0	0	0	0	0	0	
369024	Caudate_R	1198	592	1134	22624	434	3186	374	1406	326	186	3408	6264	758	5996	0	2112	622	1532	1392	18012	2616	5304	106	6758	144	4756	942	2746	2954	11812	2726	20720	0	250	0	0	0	286	0	0	0	0	0	0	0	0	0	0	0	0	0	0	0	0	0	0	294	976	0	0	200	0	0	0	0	0	0	0	314	0	10630	0	4026	15626	180	1622	618	16208	0	0	142	0	0	0	0	0	0	0	0	0	0	0	0	0	0	0	0	0	0	0	0	0	0	0	0	0	0	0	0	0	0	0	0	0	0	0	
378284	Putamen_L	6186	434	27548	2084	4236	394	3688	348	1416	0	3498	1004	1784	1402	1218	0	2656	102	25578	1578	2582	3148	1860	0	1862	0	1860	890	21836	1842	8904	1246	0	0	0	0	10188	506	698	138	552	0	0	0	0	0	0	272	0	0	0	0	0	0	788	0	354	142	0	0	136	0	0	0	0	0	0	0	1966	0	19780	4026	0	1348	7264	0	6120	1322	238	0	1200	0	0	0	0	0	0	0	920	0	0	0	0	0	0	0	0	0	0	0	0	0	0	0	0	0	0	0	0	0	0	0	0	0	0	0	
316628	Putamen_R	150	3450	364	16454	0	2740	0	6492	0	228	520	8274	194	4380	0	1002	218	3492	600	7416	0	548	206	4284	0	4494	0	1172	520	17526	448	9584	0	2590	0	0	0	14464	0	5650	0	1906	0	0	0	0	0	500	0	0	0	0	0	0	0	5826	0	360	0	0	0	0	0	334	0	0	0	0	0	0	2332	15626	1348	0	0	3018	138	5746	0	0	0	294	0	120	0	666	0	0	0	2450	0	0	0	0	0	0	0	190	0	0	0	0	0	0	0	0	0	0	0	0	0	0	0	0	0	0	
54296	Pallidum_L	2050	236	3838	278	0	0	164	0	0	0	0	0	0	0	0	0	0	0	7074	214	0	0	0	0	0	0	0	0	0	0	0	0	0	0	0	0	1246	0	0	0	0	0	0	0	0	0	0	0	0	0	0	0	0	0	0	0	0	160	0	0	0	0	0	0	0	0	0	0	390	0	2368	180	7264	0	0	0	1374	312	0	0	0	0	0	0	0	0	0	0	0	0	0	0	0	0	0	0	0	0	0	0	0	0	0	0	0	0	0	0	0	0	0	0	0	0	0	0	
22752	Pallidum_R	124	176	0	2830	0	0	0	212	0	0	0	0	0	0	0	0	0	0	0	1764	0	0	0	0	0	0	0	0	0	0	0	0	0	0	0	0	0	520	0	348	0	0	0	0	0	0	0	0	0	0	0	0	0	0	0	108	0	96	0	0	0	0	0	0	0	0	0	0	0	0	0	1622	0	3018	0	0	0	558	0	0	0	0	0	0	0	0	0	0	0	0	0	0	0	0	0	0	0	0	0	0	0	0	0	0	0	0	0	0	0	0	0	0	0	0	0	0	
192712	Thalamus_L	15354	2544	13692	1992	0	0	2322	280	0	0	742	202	236	0	0	0	1192	0	10912	540	0	0	0	0	0	0	0	0	4208	102	0	0	0	0	326	0	6538	192	468	0	0	0	0	0	0	0	228	0	0	0	156	0	250	0	564	0	1094	316	0	0	342	0	148	0	124	0	0	0	9706	0	7094	618	6120	138	1374	0	0	3522	1060	0	438	0	0	0	606	0	0	0	616	0	0	0	0	0	0	0	0	0	0	0	0	0	0	0	0	0	0	0	0	0	0	0	0	0	0	0	
153056	Thalamus_R	1478	2118	498	16040	0	0	306	964	0	0	382	1172	0	356	0	0	0	590	174	9212	0	0	0	0	0	0	0	0	278	1152	0	456	0	0	2068	1550	2006	3830	104	220	0	104	0	0	0	0	0	110	0	0	0	0	0	0	0	240	0	1036	0	0	198	0	0	154	0	0	124	204	116	0	1106	16208	1322	5746	312	558	3522	0	0	0	0	144	0	0	0	136	0	0	0	234	0	0	0	0	0	0	0	0	0	0	0	0	0	0	0	0	0	0	0	0	0	0	0	0	0	0	
60160	Heschl_L	2342	0	504	0	0	0	1104	0	0	0	766	0	0	0	0	0	3760	0	518	0	0	0	0	0	0	0	0	0	5966	0	0	0	0	0	196	0	2542	0	0	0	0	0	0	0	0	0	0	0	0	0	1096	0	1036	0	240	0	1342	0	0	0	434	0	260	0	172	0	0	0	0	0	282	0	238	0	0	0	1060	0	0	0	1384	0	0	0	2940	0	0	0	1898	0	0	0	0	0	0	0	0	0	0	0	0	0	0	0	0	0	0	0	0	0	0	0	0	0	0	0	
25576	Heschl_R	0	100	0	416	0	0	0	0	0	0	0	0	0	0	0	0	0	2248	0	418	0	0	0	0	0	0	0	0	0	2428	0	0	0	0	0	0	0	408	0	0	0	0	0	96	0	0	0	0	0	0	0	0	0	0	0	276	0	0	0	0	0	0	0	158	0	0	0	146	0	0	0	0	0	0	0	0	0	0	0	0	0	5030	0	0	0	912	0	0	0	152	0	0	0	0	0	0	0	0	0	0	0	0	0	0	0	0	0	0	0	0	0	0	0	0	0	0	
173072	Temporal_Sup_L	1982	0	922	0	0	0	632	0	0	0	856	0	0	0	0	0	5518	0	1074	0	0	0	0	0	0	0	0	0	8594	0	0	0	0	0	0	0	1842	0	0	0	0	0	0	0	0	0	0	0	0	0	640	0	316	0	4136	0	3122	0	552	0	1664	0	6532	0	2702	0	0	0	0	0	422	142	1200	0	0	0	438	0	1384	0	0	0	3048	0	23254	0	0	0	15362	0	202	0	0	0	0	0	0	0	0	0	0	0	0	0	0	0	0	0	0	0	0	0	0	0	0	0	
121668	Temporal_Sup_R	0	566	0	228	0	0	0	0	0	0	0	0	0	0	0	296	0	3940	0	602	0	0	0	0	0	0	0	0	0	6820	0	0	0	0	0	0	0	3010	0	726	0	0	0	248	0	0	0	0	0	0	0	344	0	0	0	3548	0	616	0	256	0	754	0	6246	0	3504	0	1280	0	460	0	0	0	294	0	0	0	144	0	5030	0	0	0	3316	0	15294	0	0	0	3312	0	0	0	0	0	0	0	0	0	0	0	0	0	0	0	0	0	0	0	0	0	0	0	0	0	0	
54824	Temporal_Pole_Sup_L	0	0	152	0	206	0	0	0	462	0	610	106	100	0	2362	0	738	0	98	0	276	0	0	0	0	0	0	0	3022	108	0	0	0	0	0	0	572	0	340	0	472	0	0	0	0	0	0	0	0	0	0	0	0	0	1490	0	0	0	0	0	0	0	0	0	0	0	0	0	0	0	334	0	0	0	0	0	0	0	0	0	3048	0	0	0	5022	0	2766	0	5128	0	0	0	0	0	0	0	0	0	0	0	0	0	0	0	0	0	0	0	0	0	0	0	0	0	0	0	
47356	Temporal_Pole_Sup_R	0	0	0	0	0	0	0	0	0	0	0	160	0	0	0	526	0	266	0	0	0	342	0	0	0	0	0	0	0	2536	0	0	0	0	0	0	0	1106	0	1748	0	2396	0	0	0	0	0	0	0	0	0	0	0	0	0	4900	0	0	0	0	0	0	0	0	0	0	0	0	0	0	0	0	0	120	0	0	0	0	0	0	0	3316	0	0	0	886	0	2432	0	2944	0	0	0	0	0	0	0	0	0	0	0	0	0	0	0	0	0	0	0	0	0	0	0	0	0	0	
257332	Temporal_Mid_L	1798	148	634	0	0	0	684	0	0	0	208	158	0	0	0	0	1144	0	140	0	0	0	0	0	0	0	0	0	2890	0	0	0	0	0	1372	0	1236	0	0	0	0	0	304	0	0	0	576	0	152	0	20978	0	3938	0	1668	0	1968	0	3454	0	6762	0	5738	0	8914	0	432	0	200	0	0	0	0	0	0	0	606	0	2940	0	23254	0	5022	0	0	0	2338	0	29010	0	0	0	0	0	0	0	0	0	0	0	0	0	0	0	0	0	0	0	0	0	0	0	0	0	0	0	
228688	Temporal_Mid_R	0	1438	0	172	0	0	0	0	0	0	0	0	0	0	0	0	0	880	0	1136	0	0	0	0	0	0	0	0	0	1434	0	0	0	500	0	144	0	2144	0	534	0	0	0	4976	0	154	0	580	0	1026	0	12560	0	4140	0	5916	0	2204	0	1906	0	6928	0	6596	0	6628	298	9736	0	1532	0	0	0	666	0	0	0	136	0	912	0	15294	0	886	0	0	0	1204	0	21684	0	0	0	0	0	0	0	0	0	0	0	0	0	0	0	0	0	0	0	0	0	0	0	0	0	0	
15492	Temporal_Pole_Mid_L	0	0	0	0	0	0	0	0	0	0	0	0	0	0	0	0	0	0	0	0	0	0	0	0	0	0	0	0	0	0	0	0	0	0	0	0	0	0	0	0	0	0	0	0	0	0	0	0	0	0	0	0	0	0	358	0	0	0	0	0	0	0	0	0	0	0	0	0	0	0	0	0	0	0	0	0	0	0	0	0	0	0	2766	0	2338	0	0	0	2284	0	0	0	0	0	0	0	0	0	0	0	0	0	0	0	0	0	0	0	0	0	0	0	0	0	0	0	
11940	Temporal_Pole_Mid_R	0	0	0	0	0	0	0	0	0	0	0	0	0	0	0	0	0	0	0	0	0	0	0	0	0	0	0	0	0	0	0	0	0	0	0	0	0	0	0	276	0	0	0	0	0	0	0	0	0	0	0	0	0	0	0	728	0	0	0	0	0	0	0	0	0	0	0	0	0	0	0	0	0	0	0	0	0	0	0	0	0	0	0	2432	0	1204	0	0	0	1330	0	0	0	0	0	0	0	0	0	0	0	0	0	0	0	0	0	0	0	0	0	0	0	0	0	0	
226784	Temporal_Inf_L	784	0	604	0	0	0	398	0	0	0	196	0	0	0	0	0	926	0	486	0	0	0	0	0	0	0	0	0	4626	0	0	0	0	0	1138	0	7018	0	548	0	1404	0	134	0	0	0	318	0	154	0	6784	0	6862	0	14784	0	336	0	1374	0	1566	0	206	0	334	0	318	0	0	0	0	0	920	0	0	0	616	0	1898	0	15362	0	5128	0	29010	0	2284	0	0	0	4892	0	520	0	0	0	284	0	1180	0	0	0	0	0	0	0	0	0	0	0	0	0	0	0	0	0	
219196	Temporal_Inf_R	0	1088	0	414	0	0	0	414	0	0	0	300	0	246	0	0	0	536	0	890	0	0	0	0	0	0	0	0	0	2270	0	0	0	342	230	1148	0	10636	0	5956	0	170	0	4452	0	188	0	1794	0	214	0	2490	0	4292	0	26810	0	1032	0	1066	0	1408	0	482	0	106	154	5876	0	1164	0	0	0	2450	0	0	0	234	0	152	0	3312	0	2944	0	21684	0	1330	0	0	0	574	0	252	0	0	0	202	0	296	0	0	0	0	0	0	0	0	0	0	0	0	0	0	0	0	
402028	Cerebelum_Crus1_L	0	0	0	0	0	0	0	0	0	0	0	0	0	0	0	0	0	0	0	0	0	0	0	0	0	0	0	0	0	0	0	0	0	0	0	0	198	0	0	0	0	0	0	0	0	0	4794	2448	0	0	0	0	694	0	19026	772	0	0	0	0	0	0	0	0	0	0	0	0	0	0	0	0	0	0	0	0	0	0	0	0	202	0	0	0	0	0	0	0	4892	0	0	5414	29230	1326	1528	0	25736	396	51246	6220	7416	108	12122	484	3852	422	286	0	0	236	2630	9486	6504	1758	1588	0	
470420	Cerebelum_Crus1_R	0	0	0	0	0	0	0	0	0	0	0	0	0	0	0	0	0	0	0	0	0	0	0	0	0	0	0	0	0	0	0	0	0	0	0	0	0	0	0	0	0	0	0	0	0	0	1528	5648	0	0	0	0	0	130	970	6930	0	0	0	0	0	0	0	0	0	0	0	0	0	0	0	0	0	0	0	0	0	0	0	0	0	0	0	0	0	0	0	0	0	574	5414	0	3620	29122	0	2716	6370	23492	6382	61854	1338	2556	1598	23246	584	3298	0	330	0	526	14022	17278	10770	2990	1730	194	
311844	Cerebelum_Crus2_L	0	0	0	0	0	0	0	0	0	0	0	0	0	0	0	0	0	0	0	0	0	0	0	0	0	0	0	0	0	0	0	0	0	0	0	0	0	0	0	0	0	0	0	0	0	0	164	366	0	0	0	0	0	0	472	146	0	0	0	0	0	0	0	0	0	0	0	0	0	0	0	0	0	0	0	0	0	0	0	0	0	0	0	0	0	0	0	0	520	0	29230	3620	0	13064	486	0	1920	0	5744	2202	27174	3742	29224	7230	3936	296	0	0	0	0	314	1556	13064	9204	2248	0	
250368	Cerebelum_Crus2_R	0	0	0	0	0	0	0	0	0	0	0	0	0	0	0	0	0	0	0	0	0	0	0	0	0	0	0	0	0	0	0	0	0	0	0	0	0	0	0	0	0	0	0	0	0	0	0	208	0	0	0	0	0	0	0	290	0	0	0	0	0	0	0	0	0	0	0	0	0	0	0	0	0	0	0	0	0	0	0	0	0	0	0	0	0	0	0	0	0	252	1326	29122	13064	0	0	0	0	264	444	4140	4430	14452	4408	31260	214	3284	0	0	0	0	132	592	11288	5412	602	0	
20948	Cerebelum_3_L	0	0	0	0	0	0	0	0	0	0	0	0	0	0	0	0	0	0	0	0	0	0	0	0	0	0	0	0	0	0	0	0	0	0	0	0	0	0	0	0	0	0	0	0	0	0	0	0	0	0	0	0	0	0	0	0	0	0	0	0	0	0	0	0	0	0	0	0	0	0	0	0	0	0	0	0	0	0	0	0	0	0	0	0	0	0	0	0	0	0	1528	0	486	0	0	0	3356	0	1492	0	120	0	504	0	908	98	0	0	642	308	526	204	114	0	98	90	
43900	Cerebelum_3_R	0	0	0	0	0	0	0	0	0	0	0	0	0	0	0	0	0	0	0	0	0	0	0	0	0	0	0	0	0	0	0	0	0	0	0	0	0	0	0	302	0	0	0	0	0	0	300	0	0	0	0	0	0	0	0	274	0	0	0	0	0	0	0	0	0	0	0	0	0	0	0	0	0	0	0	0	0	0	0	0	0	0	0	0	0	0	0	0	0	0	0	2716	0	0	0	0	730	4736	166	4190	0	0	0	0	114	1090	0	0	592	2910	1796	718	0	630	686	0	
313544	Cerebelum_4_5_L	0	0	0	0	0	0	0	0	0	0	0	0	0	0	0	0	0	0	0	0	0	0	0	0	0	0	0	0	0	0	0	0	0	0	0	0	156	0	0	0	0	0	0	0	0	0	11626	2120	0	0	0	0	648	0	13540	780	0	0	0	0	0	0	0	0	0	0	0	0	0	0	0	0	0	0	0	0	0	0	0	0	0	0	0	0	0	0	0	0	284	0	25736	6370	1920	0	3356	730	0	5996	35474	8298	510	0	950	0	4098	2170	626	0	846	1464	17640	6472	566	1026	2044	1326	
208764	Cerebelum_4_5_R	0	98	0	0	0	0	0	0	0	0	0	0	0	0	0	0	0	0	0	0	0	0	0	0	0	0	0	0	0	0	0	0	0	0	0	0	0	1248	0	3280	0	180	0	458	0	0	1580	5844	0	0	0	0	0	0	152	5224	0	90	0	0	0	0	0	0	0	0	0	786	0	0	0	0	0	190	0	0	0	0	0	0	0	0	0	0	0	0	0	0	0	202	396	23492	0	264	0	4736	5996	0	1472	29366	0	0	0	156	242	356	0	206	0	600	16500	880	0	0	0	388	
381896	Cerebelum_6_L	0	0	0	0	0	0	0	0	0	0	0	0	0	0	0	0	0	0	0	0	0	0	0	0	0	0	0	0	0	0	0	0	0	0	0	0	218	0	0	0	0	0	0	0	0	0	11860	4488	0	0	0	0	962	0	23018	1346	0	0	0	0	0	0	0	0	0	0	0	0	0	0	0	0	0	0	0	0	0	0	0	0	0	0	0	0	0	0	0	0	1180	0	51246	6382	5744	444	1492	166	35474	1472	0	8034	2042	0	2592	0	3014	902	510	0	128	356	7658	14034	3066	1484	1636	0	
407388	Cerebelum_6_R	0	0	0	0	0	0	0	0	0	0	0	0	0	0	0	0	0	0	0	0	0	0	0	0	0	0	0	0	0	0	0	0	0	0	0	0	0	0	0	0	0	0	98	0	0	0	2242	7520	0	0	0	0	0	120	1114	8872	0	0	0	0	0	0	0	0	0	0	0	0	0	0	0	0	0	0	0	0	0	0	0	0	0	0	0	0	0	0	0	0	0	296	6220	61854	2202	4140	0	4190	8298	29366	8034	0	274	100	388	4734	626	1442	0	542	0	914	17958	19514	8618	1866	1870	282	
217872	Cerebelum_7b_L	0	0	0	0	0	0	0	0	0	0	0	0	0	0	0	0	0	0	0	0	0	0	0	0	0	0	0	0	0	0	0	0	0	0	0	0	0	0	0	0	0	0	0	0	0	0	0	0	0	0	0	0	0	0	0	0	0	0	0	0	0	0	0	0	0	0	0	0	0	0	0	0	0	0	0	0	0	0	0	0	0	0	0	0	0	0	0	0	0	0	7416	1338	27174	4430	120	0	510	0	2042	274	0	624	33330	7154	5464	292	860	0	0	0	0	0	6198	9932	1778	0	
99336	Cerebelum_7b_R	0	0	0	0	0	0	0	0	0	0	0	0	0	0	0	0	0	0	0	0	0	0	0	0	0	0	0	0	0	0	0	0	0	0	0	0	0	0	0	0	0	0	0	0	0	0	0	0	0	0	0	0	0	0	0	0	0	0	0	0	0	0	0	0	0	0	0	0	0	0	0	0	0	0	0	0	0	0	0	0	0	0	0	0	0	0	0	0	0	0	108	2556	3742	14452	0	0	0	0	0	100	624	0	566	18896	0	4218	0	0	0	0	0	0	2888	1518	0	0	
266224	Cerebelum_8_L	0	0	0	0	0	0	0	0	0	0	0	0	0	0	0	0	0	0	0	0	0	0	0	0	0	0	0	0	0	0	0	0	0	0	0	0	0	0	0	0	0	0	0	0	0	0	0	0	0	0	0	0	0	0	0	0	0	0	0	0	0	0	0	0	0	0	0	0	0	0	0	0	0	0	0	0	0	0	0	0	0	0	0	0	0	0	0	0	0	0	12122	1598	29224	4408	504	0	950	0	2592	388	33330	566	0	8718	14078	758	1422	0	0	0	302	356	6594	11754	3356	92	
274996	Cerebelum_8_R	0	0	0	0	0	0	0	0	0	0	0	0	0	0	0	0	0	0	0	0	0	0	0	0	0	0	0	0	0	0	0	0	0	0	0	0	0	0	0	0	0	0	0	0	0	0	0	0	0	0	0	0	0	0	0	198	0	0	0	0	0	0	0	0	0	0	0	0	0	0	0	0	0	0	0	0	0	0	0	0	0	0	0	0	0	0	0	0	0	0	484	23246	7230	31260	0	0	0	156	0	4734	7154	18896	8718	0	300	15128	0	176	0	0	0	214	6130	10444	2940	90	
108720	Cerebelum_9_L	0	0	0	0	0	0	0	0	0	0	0	0	0	0	0	0	0	0	0	0	0	0	0	0	0	0	0	0	0	0	0	0	0	0	0	0	0	0	0	0	0	0	0	0	0	0	134	0	0	0	0	0	0	0	136	0	0	0	0	0	0	0	0	0	0	0	0	0	0	0	0	0	0	0	0	0	0	0	0	0	0	0	0	0	0	0	0	0	0	0	3852	584	3936	214	908	114	4098	242	3014	626	5464	0	14078	300	0	1026	3476	0	0	136	2766	2218	1884	1924	2342	888	
103500	Cerebelum_9_R	0	0	0	0	0	0	0	0	0	0	0	0	0	0	0	0	0	0	0	0	0	0	0	0	0	0	0	0	0	0	0	0	0	0	0	0	0	0	0	0	0	0	0	0	0	0	544	0	0	0	0	0	0	0	152	0	0	0	0	0	0	0	0	0	0	0	0	0	0	0	0	0	0	0	0	0	0	0	0	0	0	0	0	0	0	0	0	0	0	0	422	3298	296	3284	98	1090	2170	356	902	1442	292	4218	758	15128	1026	0	0	964	234	894	2962	3282	570	2392	3712	1264	
15708	Cerebelum_10_L	0	0	0	0	0	0	0	0	0	0	0	0	0	0	0	0	0	0	0	0	0	0	0	0	0	0	0	0	0	0	0	0	0	0	0	0	0	0	0	0	0	0	0	0	0	0	0	0	0	0	0	0	0	0	0	0	0	0	0	0	0	0	0	0	0	0	0	0	0	0	0	0	0	0	0	0	0	0	0	0	0	0	0	0	0	0	0	0	0	0	286	0	0	0	0	0	626	0	510	0	860	0	1422	0	3476	0	0	0	0	0	262	290	0	0	122	0	
5220	Cerebelum_10_R	0	0	0	0	0	0	0	0	0	0	0	0	0	0	0	0	0	0	0	0	0	0	0	0	0	0	0	0	0	0	0	0	0	0	0	0	0	0	0	0	0	0	0	0	0	0	0	0	0	0	0	0	0	0	0	0	0	0	0	0	0	0	0	0	0	0	0	0	0	0	0	0	0	0	0	0	0	0	0	0	0	0	0	0	0	0	0	0	0	0	0	330	0	0	0	0	0	206	0	542	0	0	0	176	0	964	0	0	0	0	0	130	0	130	132	0	
14812	Vermis_1_2	0	0	0	0	0	0	0	0	0	0	0	0	0	0	0	0	0	0	0	0	0	0	0	0	0	0	0	0	0	0	0	0	0	0	0	0	0	0	0	0	0	0	0	0	0	0	0	0	0	0	0	0	0	0	0	0	0	0	0	0	0	0	0	0	0	0	0	0	0	0	0	0	0	0	0	0	0	0	0	0	0	0	0	0	0	0	0	0	0	0	0	0	0	0	642	592	846	0	128	0	0	0	0	0	0	234	0	0	0	3622	824	204	0	126	188	0	
32292	Vermis_3	0	0	0	0	0	0	0	0	0	0	0	0	0	0	0	0	0	0	0	0	0	0	0	0	0	0	0	0	0	0	0	0	0	0	0	0	0	0	0	0	0	0	0	0	0	0	316	0	0	0	0	0	0	0	0	0	0	0	0	0	0	0	0	0	0	0	0	0	0	0	0	0	0	0	0	0	0	0	0	0	0	0	0	0	0	0	0	0	0	0	236	526	0	0	308	2910	1464	600	356	914	0	0	0	0	136	894	0	0	3622	0	2010	688	0	542	624	0	
233104	Vermis_4_5	0	0	0	0	0	0	0	0	0	0	0	0	0	0	0	0	0	0	0	0	0	0	0	0	0	0	0	0	0	0	0	0	0	0	0	246	0	354	0	828	0	0	172	360	0	180	4924	4644	0	0	0	0	0	0	1102	2180	0	0	0	0	0	0	0	0	0	0	150	878	0	0	0	0	0	0	0	0	0	0	0	0	0	0	0	0	0	0	0	0	0	0	2630	14022	314	132	526	1796	17640	16500	7658	17958	0	0	302	0	2766	2962	262	0	824	2010	0	6884	140	966	2258	1984	
232588	Vermis_6	0	0	0	0	0	0	0	0	0	0	0	0	0	0	0	0	0	0	0	0	0	0	0	0	0	0	0	0	0	0	0	0	0	0	0	0	0	0	0	0	0	0	0	0	0	0	3070	6972	0	0	0	0	0	104	2818	3044	0	0	0	0	0	0	0	0	0	0	0	0	0	0	0	0	0	0	0	0	0	0	0	0	0	0	0	0	0	0	0	0	0	0	9486	17278	1556	592	204	718	6472	880	14034	19514	0	0	356	214	2218	3282	290	130	204	688	6884	0	6838	2838	4046	1564	
200604	Vermis_7	0	0	0	0	0	0	0	0	0	0	0	0	0	0	0	0	0	0	0	0	0	0	0	0	0	0	0	0	0	0	0	0	0	0	0	0	0	0	0	0	0	0	0	0	0	0	178	1342	0	0	0	0	0	0	406	704	0	0	0	0	0	0	0	0	0	0	0	0	0	0	0	0	0	0	0	0	0	0	0	0	0	0	0	0	0	0	0	0	0	0	6504	10770	13064	11288	114	0	566	0	3066	8618	6198	2888	6594	6130	1884	570	0	0	0	0	140	6838	0	9246	3194	0	
