data	data	422348	241384	967396	898036	141304	100876	464220	244876	60608	36588	272288	266396	315424	99380	198624	128220	269812	183812	718036	935432	56076	76956	388828	421972	36376	82380	40444	78536	609532	360224	275236	474348	259136	634252	99052	123384	219404	238164	60668	122452	20764	41248	206520	230512	139876	197492	187820	168164	88676	238552	394688	214952	143480	55912	257856	285292	297652	200792	108208	63112	284356	77308	159392	104444	178284	125604	254264	258656	166960	196704	240104	432060	358284	295396	99764	31820	103976	157000	68716	32244	181916	64496	110836	42652	299204	190592	32248	17352	278788	170496	391024	341456	275340	235432	20244	27444	208744	151568	388252	370780	172472	109236	221700	203604	71756	130312	11244	8396	12868	25736	143112	177572	153664	91392	67396	14484	
data	data	Precentral_L	Precentral_R	Frontal_Sup_L	Frontal_Sup_R	Frontal_Sup_Orb_L	Frontal_Sup_Orb_R	Frontal_Mid_L	Frontal_Mid_R	Frontal_Mid_Orb_L	Frontal_Mid_Orb_R	Frontal_Inf_Oper_L	Frontal_Inf_Oper_R	Frontal_Inf_Tri_L	Frontal_Inf_Tri_R	Frontal_Inf_Orb_L	Frontal_Inf_Orb_R	Rolandic_Oper_L	Rolandic_Oper_R	Supp_Motor_Area_L	Supp_Motor_Area_R	Olfactory_L	Olfactory_R	Frontal_Sup_Medial_L	Frontal_Sup_Medial_R	Frontal_Med_Orb_L	Frontal_Med_Orb_R	Rectus_L	Rectus_R	Insula_L	Insula_R	Cingulum_Ant_L	Cingulum_Ant_R	Cingulum_Mid_L	Cingulum_Mid_R	Cingulum_Post_L	Cingulum_Post_R	Hippocampus_L	Hippocampus_R	ParaHippocampal_L	ParaHippocampal_R	Amygdala_L	Amygdala_R	Calcarine_L	Calcarine_R	Cuneus_L	Cuneus_R	Lingual_L	Lingual_R	Occipital_Sup_L	Occipital_Sup_R	Occipital_Mid_L	Occipital_Mid_R	Occipital_Inf_L	Occipital_Inf_R	Fusiform_L	Fusiform_R	Postcentral_L	Postcentral_R	Parietal_Sup_L	Parietal_Sup_R	Parietal_Inf_L	Parietal_Inf_R	SupraMarginal_L	SupraMarginal_R	Angular_L	Angular_R	Precuneus_L	Precuneus_R	Paracentral_Lobule_L	Paracentral_Lobule_R	Caudate_L	Caudate_R	Putamen_L	Putamen_R	Pallidum_L	Pallidum_R	Thalamus_L	Thalamus_R	Heschl_L	Heschl_R	Temporal_Sup_L	Temporal_Sup_R	Temporal_Pole_Sup_L	Temporal_Pole_Sup_R	Temporal_Mid_L	Temporal_Mid_R	Temporal_Pole_Mid_L	Temporal_Pole_Mid_R	Temporal_Inf_L	Temporal_Inf_R	Cerebelum_Crus1_L	Cerebelum_Crus1_R	Cerebelum_Crus2_L	Cerebelum_Crus2_R	Cerebelum_3_L	Cerebelum_3_R	Cerebelum_4_5_L	Cerebelum_4_5_R	Cerebelum_6_L	Cerebelum_6_R	Cerebelum_7b_L	Cerebelum_7b_R	Cerebelum_8_L	Cerebelum_8_R	Cerebelum_9_L	Cerebelum_9_R	Cerebelum_10_L	Cerebelum_10_R	Vermis_1_2	Vermis_3	Vermis_4_5	Vermis_6	Vermis_7	Vermis_8	Vermis_9	Vermis_10	
422348	Precentral_L	0	3640	13884	4232	0	0	17956	1388	0	0	13178	444	3184	0	0	0	12374	0	5422	7946	0	0	0	344	0	0	0	0	11578	0	406	0	94	3732	1082	1122	9830	438	1288	0	0	0	218	0	0	0	0	0	0	0	520	0	200	0	404	0	32816	550	178	0	3450	0	1200	0	158	0	478	0	9718	3432	5118	178	9380	106	3480	0	15520	1264	1876	0	3354	0	1046	0	1450	0	0	0	1518	0	0	0	0	0	0	0	0	0	0	0	0	0	0	0	0	0	0	0	0	0	0	0	0	0	0	0	
241384	Precentral_R	3640	0	646	6592	0	0	426	7242	0	0	0	3824	0	130	0	0	0	2000	1742	16346	0	0	0	130	0	0	0	0	0	2364	0	0	418	3518	0	250	270	10226	0	1082	0	0	0	214	0	0	0	128	0	164	0	378	0	0	0	1008	0	16130	0	198	0	542	0	1826	0	210	0	464	5324	10042	400	5190	100	1308	144	0	2626	10352	0	118	0	146	0	98	0	982	0	0	0	1754	0	0	0	0	0	0	0	0	0	0	0	0	0	0	0	0	0	0	0	0	0	0	0	0	0	0	
967396	Frontal_Sup_L	13884	646	0	12668	11338	0	64188	1528	1834	0	19630	612	24148	0	13884	94	16126	380	78666	19040	382	0	45796	6578	1774	0	226	0	46388	448	13584	5574	6836	6416	0	0	1938	0	230	0	0	0	0	0	0	0	0	0	0	0	0	0	0	0	92	0	6578	96	0	0	0	0	252	0	0	0	0	0	1240	234	10452	1208	26432	278	9450	206	502	556	888	0	5646	0	4492	0	0	0	0	0	260	0	0	0	0	0	0	0	0	0	0	0	0	0	0	0	0	0	0	0	0	0	0	0	0	0	0	0	
898036	Frontal_Sup_R	4232	6592	12668	0	0	5240	6226	36990	0	2292	420	23772	290	5180	0	8818	162	8642	17908	87352	0	1170	7304	41224	0	2730	0	2676	816	21038	3060	33604	4026	24778	148	0	0	1564	0	428	0	0	128	0	98	0	0	0	0	0	0	0	0	0	0	94	0	1172	0	322	0	0	0	0	0	0	156	92	1730	2040	4838	34134	454	18914	966	900	140	11158	0	0	0	0	0	240	0	0	0	0	92	0	0	0	0	0	0	0	0	0	0	0	0	0	0	0	0	0	0	0	0	0	0	0	0	0	0	0	
141304	Frontal_Sup_Orb_L	0	0	11338	0	0	0	2558	0	9702	0	0	0	2776	0	15332	0	0	0	534	0	1414	314	1594	0	3732	0	5622	0	8322	0	2130	0	0	0	0	0	0	0	0	0	0	0	0	0	0	0	0	0	0	0	0	0	0	0	0	0	0	0	0	0	0	0	0	0	0	0	0	0	0	0	1066	208	2838	0	0	0	0	0	0	0	0	0	1172	0	0	0	0	0	0	0	0	0	0	0	0	0	0	0	0	0	0	0	0	0	0	0	0	0	0	0	0	0	0	0	0	0	
100876	Frontal_Sup_Orb_R	0	0	0	5240	0	0	0	338	0	2474	0	120	0	296	0	3080	0	0	0	1390	0	2396	94	3104	158	7276	0	10110	0	1362	412	2242	0	0	0	0	0	0	0	0	0	194	0	0	0	0	0	0	0	0	0	0	0	0	0	0	0	0	0	0	0	0	0	0	0	0	0	0	0	0	0	6068	0	4084	0	0	0	0	0	0	0	0	0	0	0	0	0	0	0	0	0	0	0	0	0	0	0	0	0	0	0	0	0	0	0	0	0	0	0	0	0	0	0	0	0	0	
464220	Frontal_Mid_L	17956	426	64188	6226	2558	0	0	1682	3378	0	13332	618	37158	0	9348	0	3392	0	8610	7386	0	0	12772	2922	0	0	0	0	13808	0	4160	1058	1408	5422	0	0	788	0	0	0	0	0	0	0	0	0	0	0	0	0	0	0	0	0	0	0	228	0	0	0	0	0	0	0	0	0	0	0	280	98	3870	0	2858	0	1824	0	598	608	0	0	1714	0	1436	0	0	0	0	0	0	0	0	0	0	0	0	0	0	0	0	0	0	0	0	0	0	0	0	0	0	0	0	0	0	0	0	0	
244876	Frontal_Mid_R	1388	7242	1528	36990	0	338	1682	0	0	316	248	11986	556	10144	0	5586	0	2786	678	4544	0	0	1202	4300	0	0	0	318	1628	6462	110	2664	622	5504	0	0	0	590	0	176	0	0	0	0	0	0	0	0	0	0	0	0	0	0	0	88	0	866	0	0	0	0	0	0	0	0	0	0	0	144	3206	2936	100	2944	0	114	126	2326	0	0	0	0	0	0	0	0	0	0	0	0	0	0	0	0	0	0	0	0	0	0	0	0	0	0	0	0	0	0	0	0	0	0	0	0	0	0	
60608	Frontal_Mid_Orb_L	0	0	1834	0	9702	0	3378	0	0	0	0	0	2036	0	10502	0	0	0	0	0	0	0	0	0	0	0	1960	0	514	0	0	0	0	0	0	0	0	0	0	0	0	0	0	0	0	0	0	0	0	0	0	0	0	0	0	0	0	0	0	0	0	0	0	0	0	0	0	0	0	0	0	0	378	0	0	0	0	0	0	0	0	0	0	0	0	0	0	0	0	0	0	0	0	0	0	0	0	0	0	0	0	0	0	0	0	0	0	0	0	0	0	0	0	0	0	0	
36588	Frontal_Mid_Orb_R	0	0	0	2292	0	2474	0	316	0	0	0	298	0	298	0	4682	0	0	0	1996	0	0	0	0	0	180	0	402	0	822	0	0	0	0	0	0	0	0	0	0	0	0	0	0	0	0	0	0	0	0	0	0	0	0	0	0	0	108	0	0	0	0	0	0	0	0	0	0	0	0	0	1774	0	2652	0	0	0	0	0	0	0	0	0	0	0	0	0	0	0	0	0	0	0	0	0	0	0	0	0	0	0	0	0	0	0	0	0	0	0	0	0	0	0	0	0	0	
272288	Frontal_Inf_Oper_L	13178	0	19630	420	0	0	13332	248	0	0	0	0	17962	0	576	0	13568	0	11254	612	0	0	834	266	0	0	0	0	19686	0	2508	598	0	486	0	0	726	0	0	0	0	0	0	0	0	0	0	0	0	0	0	0	0	0	0	0	4438	0	0	0	0	0	0	0	0	0	0	0	0	0	668	94	2170	0	460	0	498	0	118	0	6838	0	4858	0	0	0	0	0	118	0	0	0	0	0	0	0	0	0	0	0	0	0	0	0	0	0	0	0	0	0	0	0	0	0	0	0	
266396	Frontal_Inf_Oper_R	444	3824	612	23772	0	120	618	11986	0	298	0	0	116	4958	0	566	0	14338	1800	16046	0	0	356	4682	0	0	0	0	218	23742	0	2258	418	5610	0	0	0	1466	0	608	0	0	0	0	0	0	0	0	0	0	0	0	0	0	0	198	0	1224	0	0	0	0	0	0	0	0	0	0	0	0	458	3240	0	5834	0	1012	0	1908	0	0	0	88	0	292	0	0	0	0	0	88	0	0	0	0	0	0	0	0	0	0	0	0	0	0	0	0	0	0	0	0	0	0	0	0	0	0	
315424	Frontal_Inf_Tri_L	3184	0	24148	290	2776	0	37158	556	2036	0	17962	116	0	0	15684	0	1582	0	6414	242	0	0	5674	166	0	0	0	0	28270	0	3620	964	514	172	0	0	256	0	0	0	0	0	0	0	0	0	0	0	0	0	0	0	0	0	0	0	646	0	0	0	0	0	0	0	0	0	0	0	0	0	1082	222	1656	0	0	0	0	0	0	0	960	0	1362	0	0	0	0	0	0	0	0	0	0	0	0	0	0	0	0	0	0	0	0	0	0	0	0	0	0	0	0	0	0	0	0	0	
99380	Frontal_Inf_Tri_R	0	130	0	5180	0	296	0	10144	0	298	0	4958	0	0	0	5648	0	126	962	3012	0	0	376	1826	0	0	0	120	0	10456	0	1276	642	2546	0	0	0	0	0	0	0	0	0	0	0	0	0	0	0	0	0	0	0	0	0	0	0	0	0	0	0	0	0	0	0	0	0	0	0	0	0	910	0	784	0	0	0	0	0	0	0	0	0	0	0	0	0	0	0	0	0	0	0	0	0	0	0	0	0	0	0	0	0	0	0	0	0	0	0	0	0	0	0	0	0	0	
198624	Frontal_Inf_Orb_L	0	0	13884	0	15332	0	9348	0	10502	0	576	0	15684	0	0	0	108	0	2194	0	1368	0	982	0	0	0	790	0	19506	0	544	0	0	0	0	0	340	0	218	0	90	0	0	0	0	0	0	0	0	0	0	0	0	0	0	0	0	0	0	0	0	0	0	0	0	0	0	0	0	0	606	0	4626	0	0	0	0	0	0	0	0	0	2614	0	0	0	0	0	0	0	0	0	0	0	0	0	0	0	0	0	0	0	0	0	0	0	0	0	0	0	0	0	0	0	0	0	
128220	Frontal_Inf_Orb_R	0	0	94	8818	0	3080	0	5586	0	4682	0	566	0	5648	0	0	0	0	806	6294	0	1406	0	762	0	0	0	2314	0	9298	0	316	312	1256	0	0	0	112	0	0	0	180	0	0	0	0	0	0	0	0	0	0	0	0	0	286	0	102	0	0	0	0	0	0	0	0	0	0	0	0	0	5862	0	5482	0	0	0	0	0	0	0	0	0	678	0	0	0	0	0	170	0	0	0	0	0	0	0	0	0	0	0	0	0	0	0	0	0	0	0	0	0	0	0	0	0	0	
269812	Rolandic_Oper_L	12374	0	16126	162	0	0	3392	0	0	0	13568	0	1582	0	108	0	0	0	10592	116	0	0	0	0	0	0	0	0	26764	0	118	0	0	0	0	0	3064	0	498	0	0	0	0	0	0	0	0	0	0	0	378	0	0	0	628	0	13006	0	0	0	152	0	3200	0	0	0	446	0	0	0	686	0	2390	0	352	0	416	0	6794	0	11810	0	3914	0	1380	0	0	0	890	0	0	0	0	0	0	0	0	0	0	0	0	0	0	0	0	0	0	0	0	0	0	0	0	0	0	0	
183812	Rolandic_Oper_R	0	2000	380	8642	0	0	0	2786	0	0	0	14338	0	126	0	0	0	0	520	7406	0	0	0	378	0	0	0	0	0	20854	0	146	0	292	0	0	0	3048	0	494	0	0	0	0	0	0	0	0	0	172	0	274	0	0	0	564	0	6150	0	0	0	136	0	3508	0	200	0	180	0	0	0	1944	0	4048	0	2316	0	3044	0	3530	0	2412	0	916	0	320	0	0	0	782	0	0	0	0	0	0	0	0	0	0	0	0	0	0	0	0	0	0	0	0	0	0	0	0	0	0	
718036	Supp_Motor_Area_L	5422	1742	78666	17908	534	0	8610	678	0	0	11254	1800	6414	962	2194	806	10592	520	0	46366	0	0	15620	4798	0	0	0	0	24598	2532	7522	6382	17614	25952	148	174	1476	0	106	0	0	0	0	0	0	0	0	0	0	0	0	0	0	0	98	0	4058	1124	0	0	0	0	252	0	0	0	110	0	6368	3504	7870	2554	17568	424	5936	318	352	328	646	0	3806	0	2022	0	0	0	0	0	290	0	0	0	0	0	0	0	0	0	0	0	0	0	0	0	0	0	0	0	0	0	0	0	0	0	0	0	
935432	Supp_Motor_Area_R	7946	16346	19040	87352	0	1390	7386	4544	0	1996	612	16046	242	3012	0	6294	116	7406	46366	0	0	644	3084	17894	0	0	0	888	448	19330	2818	16294	13424	57178	710	2062	0	1392	0	288	0	0	0	374	0	226	0	0	0	296	0	242	0	0	0	0	0	6502	0	320	0	0	0	0	0	0	0	802	12774	20880	4284	32690	542	13660	640	1082	0	8492	0	0	0	0	0	244	0	800	0	0	0	318	0	0	0	0	0	0	0	0	0	0	0	0	0	0	0	0	0	0	0	0	0	0	0	0	0	0	
56076	Olfactory_L	0	0	382	0	1414	0	0	0	0	0	0	0	0	0	1368	0	0	0	0	0	0	3806	0	0	454	294	1542	140	2300	0	2226	1618	0	0	0	0	568	0	352	0	346	0	0	0	0	0	0	0	0	0	0	0	0	0	100	0	0	0	0	0	0	0	0	0	0	0	0	0	0	0	5034	2160	3158	202	0	0	0	0	0	0	0	0	574	0	0	0	0	0	0	0	0	0	0	0	0	0	0	0	0	0	0	0	0	0	0	0	0	0	0	0	0	0	0	0	0	0	
76956	Olfactory_R	0	0	0	1170	314	2396	0	0	0	0	0	0	0	0	0	1406	0	0	0	644	3806	0	0	0	186	536	730	2348	0	1836	1598	1976	0	0	0	0	0	138	0	200	0	572	0	0	0	0	0	0	0	0	0	0	0	0	0	0	0	0	0	0	0	0	0	0	0	0	0	0	0	0	6334	5982	4736	1164	160	0	0	0	0	0	0	0	0	246	0	0	0	0	0	0	0	0	0	0	0	0	0	0	0	0	0	0	0	0	0	0	0	0	0	0	0	0	0	0	0	0	
388828	Frontal_Sup_Medial_L	0	0	45796	7304	1594	94	12772	1202	0	0	834	356	5674	376	982	0	0	0	15620	3084	0	0	0	22504	2722	478	126	0	5702	384	17898	17600	13276	12134	0	0	0	0	0	0	0	0	0	0	0	0	0	0	0	0	0	0	0	0	0	0	0	0	0	0	0	0	0	0	0	0	0	0	0	0	2460	860	2050	434	0	0	98	0	0	0	0	0	0	0	0	0	0	0	0	0	0	0	0	0	0	0	0	0	0	0	0	0	0	0	0	0	0	0	0	0	0	0	0	0	0	0	
421972	Frontal_Sup_Medial_R	344	130	6578	41224	0	3104	2922	4300	0	0	266	4682	166	1826	0	762	0	378	4798	17894	0	0	22504	0	414	5916	0	1240	392	3572	6098	37138	4912	21944	0	0	0	0	0	0	0	0	0	0	0	0	0	0	0	0	0	0	0	0	0	0	0	0	0	0	0	0	0	0	0	0	0	0	0	0	922	10574	0	5522	0	0	0	464	0	0	0	0	0	0	0	0	0	0	0	0	0	0	0	0	0	0	0	0	0	0	0	0	0	0	0	0	0	0	0	0	0	0	0	0	0	0	
36376	Frontal_Med_Orb_L	0	0	1774	0	3732	158	0	0	0	0	0	0	0	0	0	0	0	0	0	0	454	186	2722	414	0	1044	2300	124	0	0	3656	0	0	0	0	0	0	0	0	0	0	0	0	0	0	0	0	0	0	0	0	0	0	0	0	0	0	0	0	0	0	0	0	0	0	0	0	0	0	0	646	134	844	0	0	0	0	0	0	0	0	0	0	0	0	0	0	0	0	0	0	0	0	0	0	0	0	0	0	0	0	0	0	0	0	0	0	0	0	0	0	0	0	0	0	0	
82380	Frontal_Med_Orb_R	0	0	0	2730	0	7276	0	0	0	180	0	0	0	0	0	0	0	0	0	0	294	536	478	5916	1044	0	160	6942	0	0	2160	5836	0	0	0	0	0	0	0	0	0	0	0	0	0	0	0	0	0	0	0	0	0	0	0	0	0	0	0	0	0	0	0	0	0	0	0	0	0	0	288	4184	254	2912	0	0	0	0	0	0	0	0	0	0	0	0	0	0	0	0	0	0	0	0	0	0	0	0	0	0	0	0	0	0	0	0	0	0	0	0	0	0	0	0	0	0	
40444	Rectus_L	0	0	226	0	5622	0	0	0	1960	0	0	0	0	0	790	0	0	0	0	0	1542	730	126	0	2300	160	0	174	190	0	2684	400	0	0	0	0	0	0	0	0	0	0	0	0	0	0	0	0	0	0	0	0	0	0	0	0	0	0	0	0	0	0	0	0	0	0	0	0	0	0	1846	478	906	88	0	0	0	0	0	0	0	0	0	0	0	0	0	0	0	0	0	0	0	0	0	0	0	0	0	0	0	0	0	0	0	0	0	0	0	0	0	0	0	0	0	0	
78536	Rectus_R	0	0	0	2676	0	10110	0	318	0	402	0	0	0	120	0	2314	0	0	0	888	140	2348	0	1240	124	6942	174	0	0	970	708	2708	0	0	0	0	0	0	0	0	0	0	0	0	0	0	0	0	0	0	0	0	0	0	0	0	0	0	0	0	0	0	0	0	0	0	0	0	0	0	104	5006	0	1976	0	0	0	0	0	0	0	0	0	0	0	0	0	0	0	0	0	0	0	0	0	0	0	0	0	0	0	0	0	0	0	0	0	0	0	0	0	0	0	0	0	0	
609532	Insula_L	11578	0	46388	816	8322	0	13808	1628	514	0	19686	218	28270	0	19506	0	26764	0	24598	448	2300	0	5702	392	0	0	190	0	0	0	3452	1112	550	184	318	318	15360	0	1404	0	710	0	0	0	0	0	0	0	0	0	150	0	0	0	1790	0	9432	0	0	0	0	0	1342	0	0	0	228	0	0	0	4780	936	19668	0	402	0	890	116	6974	0	11356	0	8172	0	954	0	0	0	3040	0	0	0	0	0	0	0	0	0	0	0	0	0	0	0	0	0	0	0	0	0	0	0	0	0	0	0	
360224	Insula_R	0	2364	448	21038	0	1362	0	6462	0	822	0	23742	0	10456	0	9298	0	20854	2532	19330	0	1836	384	3572	0	0	0	970	0	0	0	2024	852	4262	0	96	0	6986	0	758	0	1012	0	0	0	0	0	0	0	0	0	0	0	0	0	2028	0	2436	0	0	0	0	0	362	0	0	0	142	0	0	110	6650	0	14604	0	1006	0	2360	0	3268	0	2226	0	1264	0	616	0	0	0	1580	0	0	0	0	0	0	0	0	0	0	0	0	0	0	0	0	0	0	0	0	0	0	0	0	0	0	
275236	Cingulum_Ant_L	406	0	13584	3060	2130	412	4160	110	0	0	2508	0	3620	0	544	0	118	0	7522	2818	2226	1598	17898	6098	3656	2160	2684	708	3452	0	0	19234	8360	5090	752	0	92	0	0	0	0	0	0	0	0	0	0	0	0	0	0	0	0	0	0	0	0	0	0	0	0	0	0	0	0	0	0	0	0	0	7404	2690	10508	1326	0	0	690	0	0	0	0	0	0	0	0	0	0	0	0	0	0	0	0	0	0	0	0	0	0	0	0	0	0	0	0	0	0	0	0	0	0	0	0	0	0	0	
474348	Cingulum_Ant_R	0	0	5574	33604	0	2242	1058	2664	0	0	598	2258	964	1276	0	316	0	146	6382	16294	1618	1976	17600	37138	0	5836	400	2708	1112	2024	19234	0	10946	27032	632	0	0	0	0	0	0	0	0	0	0	0	0	0	0	0	0	0	0	0	0	0	0	0	0	0	0	0	0	0	0	0	0	0	0	0	2988	20308	2242	8774	0	0	0	1230	0	0	0	0	0	0	0	0	0	0	0	0	0	0	0	0	0	0	0	0	0	0	0	0	0	0	0	0	0	0	0	0	0	0	0	0	0	0	
259136	Cingulum_Mid_L	94	418	6836	4026	0	0	1408	622	0	0	0	418	514	642	0	312	0	0	17614	13424	0	0	13276	4912	0	0	0	0	550	852	8360	10946	0	25068	3144	1454	0	0	0	0	0	0	526	0	330	0	0	0	110	0	1018	0	192	0	134	0	148	644	0	0	362	0	152	0	402	0	3226	734	4238	1798	126	0	0	0	0	0	0	0	0	0	0	0	0	0	292	0	0	0	246	0	0	0	0	0	0	0	0	0	0	0	0	0	0	0	0	0	0	0	0	0	0	0	0	0	0	0	
634252	Cingulum_Mid_R	3732	3518	6416	24778	0	0	5422	5504	0	0	486	5610	172	2546	0	1256	0	292	25952	57178	0	0	12134	21944	0	0	0	0	184	4262	5090	27032	25068	0	1982	9296	0	190	0	0	0	0	0	2180	0	4290	0	268	0	5666	0	2428	0	0	0	0	0	4816	0	0	0	0	0	0	0	160	564	10956	10942	19048	752	1862	202	286	312	120	0	0	0	0	0	0	0	0	0	1794	0	0	0	436	0	0	0	0	0	0	0	0	0	0	0	0	0	0	0	0	0	0	0	0	0	0	0	0	0	0	
99052	Cingulum_Post_L	1082	0	0	148	0	0	0	0	0	0	0	0	0	0	0	0	0	0	148	710	0	0	0	0	0	0	0	0	318	0	752	632	3144	1982	0	9450	5882	3818	2292	1194	0	0	3216	0	350	0	1386	0	0	0	352	0	214	0	230	0	262	116	0	0	0	0	0	0	94	0	5260	1130	1840	812	0	0	136	0	0	0	686	844	0	0	0	0	0	0	776	0	0	0	270	0	0	0	0	0	0	0	0	0	0	0	0	0	0	0	0	0	0	0	0	0	0	0	0	0	0	0	
123384	Cingulum_Post_R	1122	250	0	0	0	0	0	0	0	0	0	0	0	0	0	0	0	0	174	2062	0	0	0	0	0	0	0	0	318	96	0	0	1454	9296	9450	0	4976	7502	1146	1516	0	0	0	724	0	300	0	1464	0	380	0	234	0	0	0	0	250	230	0	0	0	0	0	0	0	0	1048	8862	746	3196	0	0	138	134	0	0	1166	1688	0	0	0	0	0	0	0	730	0	0	118	446	0	0	0	0	0	0	0	0	0	0	0	0	0	0	0	0	0	0	0	0	476	0	0	0	0	0	
219404	Hippocampus_L	9830	270	1938	0	0	0	788	0	0	0	726	0	256	0	340	0	3064	0	1476	0	568	0	0	0	0	0	0	0	15360	0	92	0	0	0	5882	4976	0	4094	7174	1272	4624	0	1310	0	0	0	776	0	0	0	0	0	0	0	5216	0	5782	0	0	0	202	0	496	0	0	0	1788	816	0	0	168	0	9448	154	576	0	3744	1836	4586	0	1496	0	918	0	706	0	0	0	6954	0	0	0	0	0	0	0	0	0	0	0	0	0	0	0	0	0	0	0	0	0	0	0	0	0	0	0	
238164	Hippocampus_R	438	10226	0	1564	0	0	0	590	0	0	0	1466	0	0	0	112	0	3048	0	1392	0	138	0	0	0	0	0	0	0	6986	0	0	0	190	3818	7502	4094	0	1184	17882	0	5374	0	0	0	0	0	914	0	0	0	0	0	0	0	17922	0	2960	0	0	0	0	0	656	0	0	602	3130	0	978	100	0	0	9576	0	840	850	4910	0	1060	0	736	0	536	0	1376	0	0	100	5162	0	0	0	0	0	0	0	254	0	0	0	0	0	0	0	0	0	0	0	0	416	0	0	0	0	0	
60668	ParaHippocampal_L	1288	0	230	0	0	0	0	0	0	0	0	0	0	0	218	0	498	0	106	0	352	0	0	0	0	0	0	0	1404	0	0	0	0	0	2292	1146	7174	1184	0	664	694	0	1138	0	0	0	1348	0	0	0	0	0	0	0	2714	0	336	0	0	0	96	0	94	0	0	0	1056	0	0	0	0	0	1290	0	0	0	0	220	302	0	160	0	1048	0	656	0	478	0	1356	0	0	0	0	0	132	0	660	0	0	0	0	0	0	0	0	0	0	0	0	0	0	0	0	0	0	0	
122452	ParaHippocampal_R	0	1082	0	428	0	0	0	176	0	0	0	608	0	0	0	0	0	494	0	288	0	200	0	0	0	0	0	0	0	758	0	0	0	0	1194	1516	1272	17882	664	0	0	3340	0	330	0	0	0	1622	0	0	0	0	0	204	0	15482	0	272	0	0	0	0	0	0	0	0	88	1402	0	0	0	0	0	3114	0	522	0	914	0	0	0	164	0	1596	0	880	0	800	0	3422	0	0	0	0	0	0	0	390	0	0	0	0	0	0	0	0	0	0	0	0	122	0	0	0	0	0	
20764	Amygdala_L	0	0	0	0	0	0	0	0	0	0	0	0	0	0	90	0	0	0	0	0	346	0	0	0	0	0	0	0	710	0	0	0	0	0	0	0	4624	0	694	0	0	0	0	0	0	0	0	0	0	0	0	0	0	0	1738	0	0	0	0	0	0	0	0	0	0	0	0	0	0	0	0	0	0	0	0	0	0	0	0	0	0	0	374	0	0	0	0	0	1806	0	0	0	0	0	0	0	0	0	0	0	0	0	0	0	0	0	0	0	0	0	0	0	0	0	0	0	
41248	Amygdala_R	0	0	0	0	0	194	0	0	0	0	0	0	0	0	0	180	0	0	0	0	0	572	0	0	0	0	0	0	0	1012	0	0	0	0	0	0	0	5374	0	3340	0	0	0	0	0	0	0	0	0	0	0	0	0	0	0	6186	0	0	0	0	0	0	0	0	0	0	0	0	0	0	0	0	0	1242	0	0	0	106	0	0	0	0	0	1974	0	0	0	312	0	132	0	0	0	0	0	0	0	0	0	0	0	0	0	0	0	0	0	0	0	0	0	0	0	0	0	0	
206520	Calcarine_L	218	0	0	128	0	0	0	0	0	0	0	0	0	0	0	0	0	0	0	0	0	0	0	0	0	0	0	0	0	0	0	0	526	0	3216	0	1310	0	1138	0	0	0	0	3572	16050	2444	7850	1184	4300	500	18464	0	7394	0	3862	0	1462	0	1738	0	1658	0	880	0	650	0	17618	108	1108	0	0	0	0	0	0	0	0	0	0	0	116	0	0	0	2494	0	0	0	3272	0	0	0	0	0	0	0	0	0	0	0	0	0	0	0	0	0	0	0	0	0	0	0	0	0	0	0	
230512	Calcarine_R	0	214	0	0	0	0	0	0	0	0	0	0	0	0	0	0	0	0	0	374	0	0	0	0	0	0	0	0	0	0	0	0	0	2180	0	724	0	0	0	330	0	0	3572	0	4828	22944	304	19590	0	17116	0	8852	0	1962	0	2126	0	994	0	0	0	356	0	148	0	522	272	20860	0	1504	0	0	0	0	0	0	0	0	0	0	0	0	0	0	0	3092	0	0	0	2296	0	0	0	0	0	0	0	0	0	96	0	0	0	0	0	0	0	0	0	0	0	0	0	0	0	0	
139876	Cuneus_L	0	0	0	98	0	0	0	0	0	0	0	0	0	0	0	0	0	0	0	0	0	0	0	0	0	0	0	0	0	0	0	0	330	0	350	0	0	0	0	0	0	0	16050	4828	0	6462	1114	328	8398	2742	14172	356	3872	0	1080	0	356	0	816	0	352	0	0	0	304	0	5752	284	390	0	0	0	0	0	0	0	0	0	0	0	0	0	0	0	408	0	0	0	1096	0	0	0	0	0	0	0	0	0	0	0	0	0	0	0	0	0	0	0	0	0	0	0	0	0	0	0	
197492	Cuneus_R	0	0	0	0	0	0	0	0	0	0	0	0	0	0	0	0	0	0	0	226	0	0	0	0	0	0	0	0	0	0	0	0	0	4290	0	300	0	0	0	0	0	0	2444	22944	6462	0	0	2886	0	26034	0	8980	0	170	0	200	0	916	0	808	0	194	0	0	0	132	1680	17514	0	1124	0	0	0	0	0	0	0	0	0	0	0	0	0	0	0	892	0	0	0	550	0	0	0	0	0	0	0	0	0	0	0	0	0	0	0	0	0	0	0	0	0	0	0	0	0	0	
187820	Lingual_L	0	0	0	0	0	0	0	0	0	0	0	0	0	0	0	0	0	0	0	0	0	0	0	0	0	0	0	0	0	0	0	0	0	0	1386	0	776	0	1348	0	0	0	7850	304	1114	0	0	1950	1298	0	8974	0	5332	128	12692	1422	0	0	0	0	0	0	0	0	0	0	2294	0	0	0	0	0	0	0	0	0	0	0	0	0	0	0	0	0	96	0	0	0	134	0	6646	2710	814	192	0	0	8148	888	13578	4766	0	0	0	0	0	500	0	0	0	0	2282	5076	1046	0	166	0	
168164	Lingual_R	0	128	0	0	0	0	0	0	0	0	0	0	0	0	0	0	0	0	0	0	0	0	0	0	0	0	0	0	0	0	0	0	0	268	0	1464	0	914	0	1622	0	0	1184	19590	328	2886	1950	0	0	4548	0	2926	0	3598	318	12658	0	0	0	0	0	0	0	0	0	0	0	9688	0	108	0	0	0	0	0	0	0	0	0	0	0	0	0	0	0	824	0	0	0	570	268	2862	0	90	0	0	646	2394	1764	5626	0	0	0	0	0	0	0	0	0	0	2548	2068	244	0	0	0	
88676	Occipital_Sup_L	0	0	0	0	0	0	0	0	0	0	0	0	0	0	0	0	0	0	0	0	0	0	0	0	0	0	0	0	0	0	0	0	110	0	0	0	0	0	0	0	0	0	4300	0	8398	0	1298	0	0	0	17466	0	1052	0	432	0	0	0	4940	0	236	0	0	0	0	0	5392	0	90	0	0	0	0	0	0	0	0	0	0	0	0	0	0	0	320	0	0	0	304	0	0	0	0	0	0	0	0	0	0	0	0	0	0	0	0	0	0	0	0	0	0	0	0	0	0	0	
238552	Occipital_Sup_R	0	164	0	0	0	0	0	0	0	0	0	0	0	0	0	0	0	172	0	296	0	0	0	0	0	0	0	0	0	0	0	0	0	5666	0	380	0	0	0	0	0	0	500	17116	2742	26034	0	4548	0	0	0	25574	0	832	0	516	0	1456	0	3360	0	794	0	548	0	4566	1102	15294	0	998	0	0	0	0	0	0	0	0	0	0	0	614	0	0	0	4386	0	0	0	1618	0	0	0	0	0	0	0	0	0	0	0	0	0	0	0	0	0	0	0	0	0	0	0	0	0	0	
394688	Occipital_Mid_L	520	0	0	0	0	0	0	0	0	0	0	0	0	0	0	0	378	0	0	0	0	0	0	0	0	0	0	0	150	0	0	0	1018	0	352	0	0	0	0	0	0	0	18464	0	14172	0	8974	0	17466	0	0	0	23096	0	7228	0	5306	0	12652	0	17606	0	1452	0	20414	0	20974	0	722	0	0	0	0	0	0	0	0	0	0	0	412	0	0	0	16750	0	0	0	9076	0	0	0	0	0	0	0	0	0	162	0	0	0	0	0	0	0	0	0	0	0	0	0	0	0	0	0	
214952	Occipital_Mid_R	0	378	0	0	0	0	0	0	0	0	0	0	0	0	0	0	0	274	0	242	0	0	0	0	0	0	0	0	0	0	0	0	0	2428	0	234	0	0	0	0	0	0	0	8852	356	8980	0	2926	0	25574	0	0	0	6386	0	2166	0	2186	0	2158	0	1564	0	2400	0	15518	256	6372	0	520	0	0	0	0	0	0	0	0	0	0	0	1234	0	0	0	12920	0	0	0	3552	0	0	0	0	0	0	0	0	0	0	0	0	0	0	0	0	0	0	0	0	0	0	0	0	0	0	
143480	Occipital_Inf_L	200	0	0	0	0	0	0	0	0	0	0	0	0	0	0	0	0	0	0	0	0	0	0	0	0	0	0	0	0	0	0	0	192	0	214	0	0	0	0	0	0	0	7394	0	3872	0	5332	0	1052	0	23096	0	0	0	9068	0	292	0	318	0	734	0	186	0	634	0	4744	0	90	0	0	0	0	0	0	0	0	0	0	0	0	0	0	0	4608	0	0	0	9714	0	0	0	0	0	0	0	0	0	0	0	0	0	0	0	0	0	0	0	0	0	0	0	0	0	0	0	
55912	Occipital_Inf_R	0	0	0	0	0	0	0	0	0	0	0	0	0	0	0	0	0	0	0	0	0	0	0	0	0	0	0	0	0	0	0	0	0	0	0	0	0	0	0	204	0	0	0	1962	0	170	128	3598	0	832	0	6386	0	0	0	7520	0	0	0	0	0	0	0	0	0	148	0	662	0	0	0	0	0	0	0	0	0	0	0	0	0	0	0	0	0	1480	0	0	0	3722	0	260	0	0	0	0	0	0	164	422	0	0	0	0	0	0	0	0	0	0	118	180	0	0	0	0	
257856	Fusiform_L	404	0	92	0	0	0	0	0	0	0	0	0	0	0	0	0	628	0	98	0	100	0	0	0	0	0	0	0	1790	0	0	0	134	0	230	0	5216	0	2714	0	1738	0	3862	0	1080	0	12692	318	432	0	7228	0	9068	0	0	578	336	0	230	0	580	0	230	0	420	0	2568	0	0	0	0	0	576	0	0	0	0	0	2532	0	2232	0	2022	0	3140	0	1912	0	13686	0	14864	1664	1584	0	0	0	6528	0	19180	2212	0	0	170	0	0	210	0	0	0	0	162	2766	722	0	0	0	
285292	Fusiform_R	0	1008	0	94	0	0	0	88	0	0	0	198	0	0	0	286	0	564	0	0	0	0	0	0	0	0	0	0	0	2028	0	0	0	0	0	0	0	17922	0	15482	0	6186	0	2126	0	200	1422	12658	0	516	0	2166	0	7520	578	0	0	422	0	0	0	0	0	0	0	0	0	2214	0	0	0	0	0	2120	0	0	0	240	0	334	0	462	0	4752	0	2266	0	1144	0	12662	314	12282	0	478	0	118	426	6988	1876	16652	0	0	0	504	0	0	0	0	0	0	3274	1954	122	0	0	0	
297652	Postcentral_L	32816	0	6578	0	0	0	228	0	0	0	4438	0	646	0	0	0	13006	0	4058	0	0	0	0	0	0	0	0	0	9432	0	0	0	148	0	262	250	5782	0	336	0	0	0	1462	0	356	0	0	0	0	0	5306	0	292	0	336	0	0	0	8412	0	19826	0	7576	0	1366	0	6380	0	2688	0	1860	0	5908	0	1180	0	2852	0	3002	0	1290	0	0	0	558	0	0	0	196	0	0	0	0	0	0	0	0	0	0	0	0	0	0	0	0	0	0	0	0	0	0	0	0	0	0	0	
200792	Postcentral_R	550	16130	96	1172	0	0	0	866	0	108	0	1224	0	0	0	102	0	6150	1124	6502	0	0	0	0	0	0	0	0	0	2436	0	0	644	4816	116	230	0	2960	0	272	0	0	0	994	0	916	0	0	0	1456	0	2186	0	0	0	422	0	0	0	5946	0	7544	0	11472	0	2208	0	3620	3032	7582	0	294	0	1558	0	538	0	1288	0	164	0	220	0	0	0	2050	0	0	0	1408	0	0	0	0	0	0	0	0	0	0	0	0	0	0	0	0	0	0	0	0	0	0	0	0	0	0	
108208	Parietal_Sup_L	178	0	0	0	0	0	0	0	0	0	0	0	0	0	0	0	0	0	0	0	0	0	0	0	0	0	0	0	0	0	0	0	0	0	0	0	0	0	0	0	0	0	1738	0	816	0	0	0	4940	0	12652	0	318	0	230	0	8412	0	0	0	11716	0	0	0	3760	0	8364	0	890	0	0	0	0	0	0	0	0	0	0	0	0	0	0	0	90	0	0	0	0	0	0	0	0	0	0	0	0	0	0	0	0	0	0	0	0	0	0	0	0	0	0	0	0	0	0	0	
63112	Parietal_Sup_R	0	198	0	322	0	0	0	0	0	0	0	0	0	0	0	0	0	0	0	320	0	0	0	0	0	0	0	0	0	0	0	0	0	0	0	0	0	0	0	0	0	0	0	0	0	808	0	0	0	3360	0	2158	0	0	0	0	0	5946	0	0	0	5770	0	850	0	5096	264	6328	0	0	0	0	0	136	0	0	0	0	0	0	0	0	0	0	0	0	0	0	0	0	0	0	0	0	0	0	0	0	0	0	0	0	0	0	0	0	0	0	0	0	0	0	0	0	0	0	
284356	Parietal_Inf_L	3450	0	0	0	0	0	0	0	0	0	0	0	0	0	0	0	152	0	0	0	0	0	0	0	0	0	0	0	0	0	0	0	362	0	0	0	202	0	96	0	0	0	1658	0	352	0	0	0	236	0	17606	0	734	0	580	0	19826	0	11716	0	0	0	23976	0	28152	0	6130	0	862	0	92	0	346	0	0	0	494	0	0	0	1440	0	0	0	15270	0	0	0	8446	0	0	0	0	0	0	0	0	0	0	0	0	0	0	0	0	0	0	0	0	0	0	0	0	0	0	0	
77308	Parietal_Inf_R	0	542	0	0	0	0	0	0	0	0	0	0	0	0	0	0	0	136	0	0	0	0	0	0	0	0	0	0	0	0	0	0	0	0	0	0	0	0	0	0	0	0	0	356	0	194	0	0	0	794	0	1564	0	0	0	0	0	7544	0	5770	0	0	0	10066	0	8644	0	996	0	0	0	0	0	0	0	0	0	0	0	0	0	178	0	0	0	1366	0	0	0	504	0	0	0	0	0	0	0	0	0	0	0	0	0	0	0	0	0	0	0	0	0	0	0	0	0	0	
159392	SupraMarginal_L	1200	0	252	0	0	0	0	0	0	0	0	0	0	0	0	0	3200	0	252	0	0	0	0	0	0	0	0	0	1342	0	0	0	152	0	0	0	496	0	94	0	0	0	880	0	0	0	0	0	0	0	1452	0	186	0	230	0	7576	0	0	0	23976	0	0	0	8810	0	2218	0	0	0	0	0	0	0	0	0	0	0	662	0	3492	0	0	0	14900	0	0	0	8326	0	0	0	0	0	0	0	0	0	0	0	0	0	0	0	0	0	0	0	0	0	0	0	0	0	0	0	
104444	SupraMarginal_R	0	1826	0	0	0	0	0	0	0	0	0	0	0	0	0	0	0	3508	0	0	0	0	0	0	0	0	0	0	0	362	0	0	0	0	0	0	0	656	0	0	0	0	0	148	0	0	0	0	0	548	0	2400	0	0	0	0	0	11472	0	850	0	10066	0	0	0	9138	0	250	0	242	0	0	0	0	0	0	0	0	0	260	0	3952	0	0	0	4742	0	0	0	1802	0	0	0	0	0	0	0	0	0	0	0	0	0	0	0	0	0	0	0	0	0	0	0	0	0	0	
178284	Angular_L	158	0	0	0	0	0	0	0	0	0	0	0	0	0	0	0	0	0	0	0	0	0	0	0	0	0	0	0	0	0	0	0	402	0	94	0	0	0	0	0	0	0	650	0	304	0	0	0	0	0	20414	0	634	0	420	0	1366	0	3760	0	28152	0	8810	0	0	0	4598	0	546	0	0	0	0	0	0	0	0	0	0	0	876	0	0	0	13616	0	0	0	4342	0	0	0	0	0	0	0	0	0	0	0	0	0	0	0	0	0	0	0	0	0	0	0	0	0	0	0	
125604	Angular_R	0	210	0	0	0	0	0	0	0	0	0	0	0	0	0	0	0	200	0	0	0	0	0	0	0	0	0	0	0	0	0	0	0	160	0	0	0	0	0	0	0	0	0	522	0	132	0	0	0	4566	0	15518	0	148	0	0	0	2208	0	5096	0	8644	0	9138	0	0	0	1402	0	0	0	0	0	0	0	0	0	0	0	0	0	2520	0	0	0	9622	0	0	0	2716	0	0	0	0	0	0	0	0	0	0	0	0	0	0	0	0	0	0	0	0	0	0	0	0	0	0	
254264	Precuneus_L	478	0	0	156	0	0	0	0	0	0	0	0	0	0	0	0	446	0	110	0	0	0	0	0	0	0	0	0	228	0	0	0	3226	564	5260	1048	1788	602	1056	88	0	0	17618	272	5752	1680	2294	0	5392	1102	20974	256	4744	0	2568	0	6380	0	8364	264	6130	0	2218	0	4598	0	0	5378	3100	0	104	0	0	0	0	0	0	0	0	0	528	0	0	0	7812	142	0	0	4412	0	0	0	0	0	0	0	0	0	0	0	0	0	0	0	0	0	0	0	0	0	0	0	0	0	0	0	
258656	Precuneus_R	0	464	0	92	0	0	0	0	0	0	0	0	0	0	0	0	0	180	0	802	0	0	0	0	0	0	0	0	0	142	0	0	734	10956	1130	8862	816	3130	0	1402	0	0	108	20860	284	17514	0	9688	0	15294	0	6372	0	662	0	2214	0	3620	0	6328	0	996	0	250	0	1402	5378	0	144	3200	0	0	0	0	0	0	0	226	0	0	0	208	0	0	0	3496	0	0	0	1680	0	0	0	0	0	0	0	118	0	0	0	0	0	0	0	0	0	0	0	0	576	0	0	0	0	0	
166960	Paracentral_Lobule_L	9718	5324	1240	1730	0	0	280	0	0	0	0	0	0	0	0	0	0	0	6368	12774	0	0	0	0	0	0	0	0	0	0	0	0	4238	10942	1840	746	0	0	0	0	0	0	1108	0	390	0	0	0	90	0	722	0	90	0	0	0	2688	3032	890	0	862	0	0	0	546	0	3100	144	0	12026	164	0	656	0	922	0	162	0	0	0	0	0	0	0	276	226	0	0	186	0	0	0	0	0	0	0	0	0	0	0	0	0	0	0	0	0	0	0	0	0	0	0	0	0	0	0	
196704	Paracentral_Lobule_R	3432	10042	234	2040	0	0	98	144	0	0	0	0	0	0	0	0	0	0	3504	20880	0	0	0	0	0	0	0	0	0	0	0	0	1798	19048	812	3196	0	978	0	0	0	0	0	1504	0	1124	0	108	0	998	0	520	0	0	0	0	0	7582	0	0	0	0	0	242	0	0	0	3200	12026	0	0	0	0	0	0	0	0	0	0	106	0	128	0	0	0	3216	0	0	0	1392	0	0	0	0	0	0	0	0	0	0	0	0	0	0	0	0	0	0	0	0	0	0	0	0	0	0	
240104	Caudate_L	5118	400	10452	4838	1066	0	3870	3206	0	0	668	458	1082	0	606	0	686	0	7870	4284	5034	6334	2460	922	646	288	1846	104	4780	110	7404	2988	126	752	0	0	168	100	0	0	0	0	0	0	0	0	0	0	0	0	0	0	0	0	0	0	1860	0	0	0	92	0	0	0	0	0	104	0	164	0	0	8862	17770	1420	2812	124	6628	1232	96	0	222	0	0	0	0	0	0	0	0	0	0	0	0	0	0	0	0	0	0	0	0	0	0	0	0	0	0	0	0	0	0	0	0	0	0	0	
432060	Caudate_R	178	5190	1208	34134	208	6068	0	2936	0	1774	94	3240	222	910	0	5862	0	1944	2554	32690	2160	5982	860	10574	134	4184	478	5006	936	6650	2690	20308	0	1862	0	0	0	0	0	0	0	0	0	0	0	0	0	0	0	0	0	0	0	0	0	0	0	294	0	0	0	0	0	0	0	0	0	0	0	0	8862	0	4340	22236	252	3018	0	15992	0	0	0	0	0	0	0	0	0	0	0	0	0	0	0	0	0	0	0	0	0	0	0	0	0	0	0	0	0	0	0	0	0	0	0	0	0	0	
358284	Putamen_L	9380	100	26432	454	2838	0	2858	100	378	0	2170	0	1656	0	4626	0	2390	0	17568	542	3158	4736	2050	0	844	254	906	0	19668	0	10508	2242	0	202	136	138	9448	0	1290	0	0	0	0	0	0	0	0	0	0	0	0	0	0	0	576	0	5908	0	0	0	346	0	0	0	0	0	0	0	656	0	17770	4340	0	838	13586	0	4362	0	226	0	1340	0	948	0	104	0	0	0	1070	0	0	0	0	0	0	0	0	0	0	0	0	0	0	0	0	0	0	0	0	0	0	0	0	0	0	0	
295396	Putamen_R	106	1308	278	18914	0	4084	0	2944	0	2652	0	5834	0	784	0	5482	0	4048	424	13660	202	1164	434	5522	0	2912	88	1976	0	14604	1326	8774	0	286	0	134	154	9576	0	3114	0	1242	0	0	0	0	0	0	0	0	0	0	0	0	0	2120	0	1558	0	136	0	0	0	0	0	0	0	0	0	0	1420	22236	838	0	0	3446	150	2606	0	276	0	124	0	412	0	0	0	0	0	226	0	0	0	0	0	0	0	124	0	0	0	0	0	0	0	0	0	0	0	0	0	0	0	0	0	0	
99764	Pallidum_L	3480	144	9450	966	0	0	1824	0	0	0	460	0	0	0	0	0	352	0	5936	640	0	160	0	0	0	0	0	0	402	0	0	0	0	312	0	0	576	0	0	0	0	0	0	0	0	0	0	0	0	0	0	0	0	0	0	0	1180	0	0	0	0	0	0	0	0	0	0	0	922	0	2812	252	13586	0	0	0	6298	0	130	0	0	0	0	0	0	0	0	0	0	0	0	0	0	0	0	0	0	0	0	0	0	0	0	0	0	0	0	0	0	0	0	0	0	0	0	0	
31820	Pallidum_R	0	0	206	900	0	0	0	114	0	0	0	1012	0	0	0	0	0	2316	318	1082	0	0	0	0	0	0	0	0	0	1006	0	0	0	120	0	0	0	840	0	522	0	0	0	0	0	0	0	0	0	0	0	0	0	0	0	0	0	538	0	0	0	0	0	0	0	0	0	0	0	0	124	3018	0	3446	0	0	0	158	0	190	0	0	0	0	0	0	0	0	0	0	0	0	0	0	0	0	0	0	0	0	0	0	0	0	0	0	0	0	0	0	0	0	0	0	0	0	
103976	Thalamus_L	15520	2626	502	140	0	0	598	126	0	0	498	0	0	0	0	0	416	0	352	0	0	0	98	0	0	0	0	0	890	0	690	0	0	0	686	1166	3744	850	0	0	0	0	0	0	0	0	0	0	0	0	0	0	0	0	0	0	2852	0	0	0	494	0	0	0	0	0	0	0	162	0	6628	0	4362	150	6298	0	0	1880	0	0	260	0	0	0	0	0	0	0	0	0	0	0	0	0	0	0	0	0	0	0	0	0	0	0	0	0	0	0	0	0	0	0	0	0	0	0	
157000	Thalamus_R	1264	10352	556	11158	0	0	608	2326	0	0	0	1908	0	0	0	0	0	3044	328	8492	0	0	0	464	0	0	0	0	116	2360	0	1230	0	0	844	1688	1836	4910	220	914	0	106	0	0	0	0	0	0	0	0	0	0	0	0	0	240	0	1288	0	0	0	0	0	0	0	0	0	226	0	0	1232	15992	0	2606	0	158	1880	0	0	154	0	0	0	0	0	0	0	0	0	0	0	0	0	0	0	0	0	0	0	0	0	0	0	0	0	0	0	0	0	0	0	0	0	0	0	0	
68716	Heschl_L	1876	0	888	0	0	0	0	0	0	0	118	0	0	0	0	0	6794	0	646	0	0	0	0	0	0	0	0	0	6974	0	0	0	0	0	0	0	4586	0	302	0	0	0	0	0	0	0	0	0	0	0	0	0	0	0	2532	0	3002	0	0	0	0	0	662	0	0	0	0	0	0	0	96	0	226	0	130	0	0	0	0	0	2812	0	0	0	1038	0	0	0	1676	0	0	0	0	0	0	0	0	0	0	0	0	0	0	0	0	0	0	0	0	0	0	0	0	0	0	0	
32244	Heschl_R	0	118	0	0	0	0	0	0	0	0	0	0	0	0	0	0	0	3530	0	0	0	0	0	0	0	0	0	0	0	3268	0	0	0	0	0	0	0	1060	0	0	0	0	0	0	0	0	0	0	0	0	0	0	0	0	0	334	0	164	0	0	0	0	0	260	0	0	0	0	0	106	0	0	0	276	0	190	0	154	0	0	0	4294	0	96	0	1084	0	0	0	1188	0	0	0	0	0	0	0	0	0	0	0	0	0	0	0	0	0	0	0	0	0	0	0	0	0	0	
181916	Temporal_Sup_L	3354	0	5646	0	0	0	1714	0	0	0	6838	0	960	0	0	0	11810	0	3806	0	0	0	0	0	0	0	0	0	11356	0	0	0	0	0	0	0	1496	0	160	0	0	0	116	0	0	0	0	0	0	0	412	0	0	0	2232	0	1290	0	0	0	1440	0	3492	0	876	0	528	0	0	0	222	0	1340	0	0	0	260	0	2812	0	0	0	4638	0	14798	0	260	0	9102	0	0	0	0	0	0	0	0	0	0	0	0	0	0	0	0	0	0	0	0	0	0	0	0	0	0	0	
64496	Temporal_Sup_R	0	146	0	0	0	0	0	0	0	0	0	88	0	0	0	0	0	2412	0	0	0	0	0	0	0	0	0	0	0	2226	0	0	0	0	0	0	0	736	0	164	0	0	0	0	0	0	0	0	0	614	0	1234	0	0	0	462	0	220	0	0	0	178	0	3952	0	2520	0	208	0	128	0	0	0	124	0	0	0	0	0	4294	0	0	0	1072	0	8442	0	458	0	2570	0	0	0	0	0	0	0	0	0	0	0	0	0	0	0	0	0	0	0	0	0	0	0	0	0	0	
110836	Temporal_Pole_Sup_L	1046	0	4492	0	1172	0	1436	0	0	0	4858	0	1362	0	2614	0	3914	0	2022	0	574	0	0	0	0	0	0	0	8172	0	0	0	0	0	0	0	918	0	1048	0	374	0	0	0	0	0	0	0	0	0	0	0	0	0	2022	0	0	0	0	0	0	0	0	0	0	0	0	0	0	0	0	0	948	0	0	0	0	0	0	0	4638	0	0	0	4684	0	4804	0	4320	0	0	0	0	0	0	0	0	0	0	0	0	0	0	0	0	0	0	0	0	0	0	0	0	0	0	0	
42652	Temporal_Pole_Sup_R	0	98	0	240	0	0	0	0	0	0	0	292	0	0	0	678	0	916	0	244	0	246	0	0	0	0	0	0	0	1264	0	0	0	0	0	0	0	536	0	1596	0	1974	0	0	0	0	0	0	0	0	0	0	0	0	0	4752	0	0	0	0	0	0	0	0	0	0	0	0	0	0	0	0	0	412	0	0	0	0	0	96	0	1072	0	0	0	406	0	3268	0	3236	0	0	0	0	0	0	0	0	0	0	0	0	0	0	0	0	0	0	0	0	0	0	0	0	0	0	
299204	Temporal_Mid_L	1450	0	0	0	0	0	0	0	0	0	0	0	0	0	0	0	1380	0	0	0	0	0	0	0	0	0	0	0	954	0	0	0	292	0	776	0	706	0	656	0	0	0	2494	0	408	0	96	0	320	0	16750	0	4608	0	3140	0	558	0	90	0	15270	0	14900	0	13616	0	7812	0	276	0	0	0	104	0	0	0	0	0	1038	0	14798	0	4684	0	0	0	4336	0	38090	0	0	0	0	0	0	0	0	0	0	0	0	0	0	0	0	0	0	0	0	0	0	0	0	0	0	0	
190592	Temporal_Mid_R	0	982	0	0	0	0	0	0	0	0	0	0	0	0	0	0	0	320	0	800	0	0	0	0	0	0	0	0	0	616	0	0	0	1794	0	730	0	1376	0	880	0	0	0	3092	0	892	0	824	0	4386	0	12920	0	1480	0	2266	0	2050	0	0	0	1366	0	4742	0	9622	142	3496	226	3216	0	0	0	0	0	0	0	0	0	1084	0	8442	0	406	0	0	0	1108	0	26038	0	0	0	0	0	0	0	0	0	0	0	0	0	0	0	0	0	0	0	0	0	0	0	0	0	0	
32248	Temporal_Pole_Mid_L	0	0	0	0	0	0	0	0	0	0	0	0	0	0	0	0	0	0	0	0	0	0	0	0	0	0	0	0	0	0	0	0	0	0	0	0	0	0	478	0	0	0	0	0	0	0	0	0	0	0	0	0	0	0	1912	0	0	0	0	0	0	0	0	0	0	0	0	0	0	0	0	0	0	0	0	0	0	0	0	0	260	0	4804	0	4336	0	0	0	4334	0	0	0	0	0	0	0	0	0	0	0	0	0	0	0	0	0	0	0	0	0	0	0	0	0	0	0	
17352	Temporal_Pole_Mid_R	0	0	0	0	0	0	0	0	0	0	0	0	0	0	0	0	0	0	0	0	0	0	0	0	0	0	0	0	0	0	0	0	0	0	0	0	0	0	0	800	0	312	0	0	0	0	0	0	0	0	0	0	0	0	0	1144	0	0	0	0	0	0	0	0	0	0	0	0	0	0	0	0	0	0	0	0	0	0	0	0	0	458	0	3268	0	1108	0	0	0	1586	0	0	0	0	0	0	0	0	0	0	0	0	0	0	0	0	0	0	0	0	0	0	0	0	0	0	
278788	Temporal_Inf_L	1518	0	260	92	0	0	0	0	0	0	118	0	0	0	0	0	890	0	290	0	0	0	0	0	0	0	0	0	3040	0	0	0	246	0	270	118	6954	100	1356	0	1806	0	3272	0	1096	0	134	0	304	0	9076	0	9714	0	13686	0	196	0	0	0	8446	0	8326	0	4342	0	4412	0	186	0	0	0	1070	0	0	0	0	0	1676	0	9102	0	4320	0	38090	0	4334	0	0	0	372	0	0	0	0	0	0	0	182	0	0	0	0	0	0	0	0	0	0	0	0	0	0	0	0	0	
170496	Temporal_Inf_R	0	1754	0	0	0	0	0	0	0	0	0	88	0	0	0	170	0	782	0	318	0	0	0	0	0	0	0	0	0	1580	0	0	0	436	0	446	0	5162	0	3422	0	132	0	2296	0	550	0	570	0	1618	0	3552	0	3722	0	12662	0	1408	0	0	0	504	0	1802	0	2716	0	1680	0	1392	0	0	0	226	0	0	0	0	0	1188	0	2570	0	3236	0	26038	0	1586	0	0	0	1200	0	110	0	0	0	0	0	138	0	0	0	194	0	0	0	0	0	0	0	0	0	0	0	0	
391024	Cerebelum_Crus1_L	0	0	0	0	0	0	0	0	0	0	0	0	0	0	0	0	0	0	0	0	0	0	0	0	0	0	0	0	0	0	0	0	0	0	0	0	0	0	0	0	0	0	0	0	0	0	6646	268	0	0	0	0	0	0	14864	314	0	0	0	0	0	0	0	0	0	0	0	0	0	0	0	0	0	0	0	0	0	0	0	0	0	0	0	0	0	0	0	0	372	0	0	4990	34830	1848	904	0	21382	464	55334	7770	8062	410	12124	1058	1906	2674	0	0	0	0	1742	9142	5128	1490	1790	0	
341456	Cerebelum_Crus1_R	0	0	0	0	0	0	0	0	0	0	0	0	0	0	0	0	0	0	0	0	0	0	0	0	0	0	0	0	0	0	0	0	0	0	0	0	0	0	0	0	0	0	0	0	0	0	2710	2862	0	0	0	0	0	260	1664	12282	0	0	0	0	0	0	0	0	0	0	0	0	0	0	0	0	0	0	0	0	0	0	0	0	0	0	0	0	0	0	0	0	0	1200	4990	0	2796	26554	0	1304	560	13322	6064	52952	652	2844	542	14258	0	4710	0	0	0	94	4070	8150	4978	536	374	0	
275340	Cerebelum_Crus2_L	0	0	0	0	0	0	0	0	0	0	0	0	0	0	0	0	0	0	0	0	0	0	0	0	0	0	0	0	0	0	0	0	0	0	0	0	0	0	0	0	0	0	0	0	0	0	814	0	0	0	0	0	0	0	1584	0	0	0	0	0	0	0	0	0	0	0	0	0	0	0	0	0	0	0	0	0	0	0	0	0	0	0	0	0	0	0	0	0	0	0	34830	2796	0	9384	0	0	1632	0	9334	2022	25406	4672	21630	3372	1490	1078	0	0	0	0	0	2122	10618	3838	1048	0	
235432	Cerebelum_Crus2_R	0	0	0	0	0	0	0	0	0	0	0	0	0	0	0	0	0	0	0	0	0	0	0	0	0	0	0	0	0	0	0	0	0	0	0	0	0	0	0	0	0	0	0	0	0	0	192	90	0	0	0	0	0	0	0	478	0	0	0	0	0	0	0	0	0	0	0	0	0	0	0	0	0	0	0	0	0	0	0	0	0	0	0	0	0	0	0	0	0	110	1848	26554	9384	0	0	0	144	140	1162	6202	4784	14338	5346	25768	556	4710	0	0	0	0	260	1128	11176	3040	306	0	
20244	Cerebelum_3_L	0	0	0	0	0	0	0	0	0	0	0	0	0	0	0	0	0	0	0	0	0	0	0	0	0	0	0	0	0	0	0	0	0	0	0	0	0	0	132	0	0	0	0	0	0	0	0	0	0	0	0	0	0	0	0	0	0	0	0	0	0	0	0	0	0	0	0	0	0	0	0	0	0	0	0	0	0	0	0	0	0	0	0	0	0	0	0	0	0	0	904	0	0	0	0	0	4034	176	1568	0	120	0	178	0	956	0	228	0	626	578	504	118	0	0	0	0	
27444	Cerebelum_3_R	0	0	0	0	0	0	0	0	0	0	0	0	0	0	0	0	0	0	0	0	0	0	0	0	0	0	0	0	0	0	0	0	0	0	0	0	0	0	0	0	0	0	0	0	0	0	0	0	0	0	0	0	0	0	0	118	0	0	0	0	0	0	0	0	0	0	0	0	0	0	0	0	0	0	0	0	0	0	0	0	0	0	0	0	0	0	0	0	0	0	0	1304	0	0	0	0	180	3092	0	2684	0	0	0	0	0	856	0	0	580	2824	1186	402	0	0	322	174	
208744	Cerebelum_4_5_L	0	0	0	0	0	0	0	0	0	0	0	0	0	0	0	0	0	0	0	0	0	0	0	0	0	0	0	0	0	0	0	0	0	0	0	0	0	0	660	0	0	0	0	0	0	0	8148	646	0	0	0	0	0	0	6528	426	0	0	0	0	0	0	0	0	0	0	0	0	0	0	0	0	0	0	0	0	0	0	0	0	0	0	0	0	0	0	0	0	0	0	21382	560	1632	144	4034	180	0	2150	32666	2642	1206	0	2008	0	3820	1728	400	92	184	492	7514	2946	106	102	1244	732	
151568	Cerebelum_4_5_R	0	0	0	0	0	0	0	0	0	0	0	0	0	0	0	0	0	0	0	0	0	0	0	0	0	0	0	0	0	0	0	0	0	0	0	0	0	254	0	390	0	0	0	0	0	0	888	2394	0	0	0	0	0	0	0	6988	0	0	0	0	0	0	0	0	0	0	0	118	0	0	0	0	0	124	0	0	0	0	0	0	0	0	0	0	0	0	0	0	0	0	464	13322	0	140	176	3092	2150	0	1316	27128	0	0	0	0	0	846	0	0	160	854	13418	994	0	0	458	110	
388252	Cerebelum_6_L	0	0	0	0	0	0	0	0	0	0	0	0	0	0	0	0	0	0	0	0	0	0	0	0	0	0	0	0	0	0	0	0	0	0	0	0	0	0	0	0	0	0	0	0	0	0	13578	1764	0	0	162	0	0	164	19180	1876	0	0	0	0	0	0	0	0	0	0	0	0	0	0	0	0	0	0	0	0	0	0	0	0	0	0	0	0	0	0	0	0	182	0	55334	6064	9334	1162	1568	0	32666	1316	0	11002	3028	394	5464	996	3104	2882	390	0	0	122	4022	13210	3006	716	1440	0	
370780	Cerebelum_6_R	0	0	0	0	0	0	0	0	0	0	0	0	0	0	0	0	0	0	0	0	0	0	0	0	0	0	0	0	0	0	0	0	0	0	0	0	0	0	0	0	0	0	0	96	0	0	4766	5626	0	0	0	0	0	422	2212	16652	0	0	0	0	0	0	0	0	0	0	0	0	0	0	0	0	0	0	0	0	0	0	0	0	0	0	0	0	0	0	0	0	0	138	7770	52952	2022	6202	0	2684	2642	27128	11002	0	314	1372	386	4282	98	3912	0	326	0	326	12870	13586	3344	956	1304	0	
172472	Cerebelum_7b_L	0	0	0	0	0	0	0	0	0	0	0	0	0	0	0	0	0	0	0	0	0	0	0	0	0	0	0	0	0	0	0	0	0	0	0	0	0	0	0	0	0	0	0	0	0	0	0	0	0	0	0	0	0	0	0	0	0	0	0	0	0	0	0	0	0	0	0	0	0	0	0	0	0	0	0	0	0	0	0	0	0	0	0	0	0	0	0	0	0	0	8062	652	25406	4784	120	0	1206	0	3028	314	0	3462	23414	3804	1158	402	182	0	0	0	94	102	4988	4602	456	0	
109236	Cerebelum_7b_R	0	0	0	0	0	0	0	0	0	0	0	0	0	0	0	0	0	0	0	0	0	0	0	0	0	0	0	0	0	0	0	0	0	0	0	0	0	0	0	0	0	0	0	0	0	0	0	0	0	0	0	0	0	0	0	0	0	0	0	0	0	0	0	0	0	0	0	0	0	0	0	0	0	0	0	0	0	0	0	0	0	0	0	0	0	0	0	0	0	0	410	2844	4672	14338	0	0	0	0	394	1372	3462	0	3224	14526	240	1532	0	0	0	0	0	0	4914	2690	0	0	
221700	Cerebelum_8_L	0	0	0	0	0	0	0	0	0	0	0	0	0	0	0	0	0	0	0	0	0	0	0	0	0	0	0	0	0	0	0	0	0	0	0	0	0	0	0	0	0	0	0	0	0	0	0	0	0	0	0	0	0	0	170	0	0	0	0	0	0	0	0	0	0	0	0	0	0	0	0	0	0	0	0	0	0	0	0	0	0	0	0	0	0	0	0	0	0	0	12124	542	21630	5346	178	0	2008	0	5464	386	23414	3224	0	7816	10144	1110	900	0	0	0	240	262	7064	7116	1712	0	
203604	Cerebelum_8_R	0	0	0	0	0	0	0	0	0	0	0	0	0	0	0	0	0	0	0	0	0	0	0	0	0	0	0	0	0	0	0	0	0	0	0	0	0	0	0	0	0	0	0	0	0	0	0	0	0	0	0	0	0	0	0	504	0	0	0	0	0	0	0	0	0	0	0	0	0	0	0	0	0	0	0	0	0	0	0	0	0	0	0	0	0	0	0	0	0	194	1058	14258	3372	25768	0	0	0	0	996	4282	3804	14526	7816	0	994	10962	0	664	0	0	0	0	5804	5722	1078	0	
71756	Cerebelum_9_L	0	0	0	0	0	0	0	0	0	0	0	0	0	0	0	0	0	0	0	0	0	0	0	0	0	0	0	0	0	0	0	0	0	0	0	0	0	0	0	0	0	0	0	0	0	0	0	0	0	0	0	0	0	0	0	0	0	0	0	0	0	0	0	0	0	0	0	0	0	0	0	0	0	0	0	0	0	0	0	0	0	0	0	0	0	0	0	0	0	0	1906	0	1490	556	956	0	3820	0	3104	98	1158	240	10144	994	0	1000	3282	88	0	0	1482	1888	1036	904	1352	380	
130312	Cerebelum_9_R	0	0	0	0	0	0	0	0	0	0	0	0	0	0	0	0	0	0	0	0	0	0	0	0	0	0	0	0	0	0	0	0	0	0	0	0	0	0	0	0	0	0	0	0	0	0	500	0	0	0	0	0	0	0	210	0	0	0	0	0	0	0	0	0	0	0	0	0	0	0	0	0	0	0	0	0	0	0	0	0	0	0	0	0	0	0	0	0	0	0	2674	4710	1078	4710	0	856	1728	846	2882	3912	402	1532	1110	10962	1000	0	0	1786	234	976	3430	6448	2400	3324	5916	1530	
11244	Cerebelum_10_L	0	0	0	0	0	0	0	0	0	0	0	0	0	0	0	0	0	0	0	0	0	0	0	0	0	0	0	0	0	0	0	0	0	0	0	0	0	0	0	0	0	0	0	0	0	0	0	0	0	0	0	0	0	0	0	0	0	0	0	0	0	0	0	0	0	0	0	0	0	0	0	0	0	0	0	0	0	0	0	0	0	0	0	0	0	0	0	0	0	0	0	0	0	0	228	0	400	0	390	0	182	0	900	0	3282	0	0	0	0	0	0	240	0	0	0	0	
8396	Cerebelum_10_R	0	0	0	0	0	0	0	0	0	0	0	0	0	0	0	0	0	0	0	0	0	0	0	0	0	0	0	0	0	0	0	0	0	0	0	0	0	0	0	0	0	0	0	0	0	0	0	0	0	0	0	0	0	0	0	0	0	0	0	0	0	0	0	0	0	0	0	0	0	0	0	0	0	0	0	0	0	0	0	0	0	0	0	0	0	0	0	0	0	0	0	0	0	0	0	0	92	0	0	326	0	0	0	664	88	1786	0	0	0	0	182	396	0	148	362	154	
12868	Vermis_1_2	0	0	0	0	0	0	0	0	0	0	0	0	0	0	0	0	0	0	0	0	0	0	0	0	0	0	0	0	0	0	0	0	0	0	0	0	0	0	0	0	0	0	0	0	0	0	0	0	0	0	0	0	0	0	0	0	0	0	0	0	0	0	0	0	0	0	0	0	0	0	0	0	0	0	0	0	0	0	0	0	0	0	0	0	0	0	0	0	0	0	0	0	0	0	626	580	184	160	0	0	0	0	0	0	0	234	0	0	0	3422	952	176	0	0	100	0	
25736	Vermis_3	0	0	0	0	0	0	0	0	0	0	0	0	0	0	0	0	0	0	0	0	0	0	0	0	0	0	0	0	0	0	0	0	0	0	0	0	0	0	0	0	0	0	0	0	0	0	0	0	0	0	0	0	0	0	0	0	0	0	0	0	0	0	0	0	0	0	0	0	0	0	0	0	0	0	0	0	0	0	0	0	0	0	0	0	0	0	0	0	0	0	0	94	0	0	578	2824	492	854	122	326	0	0	0	0	0	976	0	0	3422	0	1986	598	0	0	424	172	
143112	Vermis_4_5	0	0	0	0	0	0	0	0	0	0	0	0	0	0	0	0	0	0	0	0	0	0	0	0	0	0	0	0	0	0	0	0	0	0	0	476	0	416	0	122	0	0	0	0	0	0	2282	2548	0	0	0	0	0	118	162	3274	0	0	0	0	0	0	0	0	0	0	0	576	0	0	0	0	0	0	0	0	0	0	0	0	0	0	0	0	0	0	0	0	0	0	1742	4070	0	260	504	1186	7514	13418	4022	12870	94	0	240	0	1482	3430	0	182	952	1986	0	4116	0	0	1864	1650	
177572	Vermis_6	0	0	0	0	0	0	0	0	0	0	0	0	0	0	0	0	0	0	0	0	0	0	0	0	0	0	0	0	0	0	0	0	0	0	0	0	0	0	0	0	0	0	0	0	0	0	5076	2068	0	0	0	0	0	180	2766	1954	0	0	0	0	0	0	0	0	0	0	0	0	0	0	0	0	0	0	0	0	0	0	0	0	0	0	0	0	0	0	0	0	0	0	9142	8150	2122	1128	118	402	2946	994	13210	13586	102	0	262	0	1888	6448	240	396	176	598	4116	0	3120	1598	4774	1226	
153664	Vermis_7	0	0	0	0	0	0	0	0	0	0	0	0	0	0	0	0	0	0	0	0	0	0	0	0	0	0	0	0	0	0	0	0	0	0	0	0	0	0	0	0	0	0	0	0	0	0	1046	244	0	0	0	0	0	0	722	122	0	0	0	0	0	0	0	0	0	0	0	0	0	0	0	0	0	0	0	0	0	0	0	0	0	0	0	0	0	0	0	0	0	0	5128	4978	10618	11176	0	0	106	0	3006	3344	4988	4914	7064	5804	1036	2400	0	0	0	0	0	3120	0	4772	2244	0	
91392	Vermis_8	0	0	0	0	0	0	0	0	0	0	0	0	0	0	0	0	0	0	0	0	0	0	0	0	0	0	0	0	0	0	0	0	0	0	0	0	0	0	0	0	0	0	0	0	0	0	0	0	0	0	0	0	0	0	0	0	0	0	0	0	0	0	0	0	0	0	0	0	0	0	0	0	0	0	0	0	0	0	0	0	0	0	0	0	0	0	0	0	0	0	1490	536	3838	3040	0	0	102	0	716	956	4602	2690	7116	5722	904	3324	0	148	0	0	0	1598	4772	0	3996	146	
67396	Vermis_9	0	0	0	0	0	0	0	0	0	0	0	0	0	0	0	0	0	0	0	0	0	0	0	0	0	0	0	0	0	0	0	0	0	0	0	0	0	0	0	0	0	0	0	0	0	0	166	0	0	0	0	0	0	0	0	0	0	0	0	0	0	0	0	0	0	0	0	0	0	0	0	0	0	0	0	0	0	0	0	0	0	0	0	0	0	0	0	0	0	0	1790	374	1048	306	0	322	1244	458	1440	1304	456	0	1712	1078	1352	5916	0	362	100	424	1864	4774	2244	3996	0	968	
14484	Vermis_10	0	0	0	0	0	0	0	0	0	0	0	0	0	0	0	0	0	0	0	0	0	0	0	0	0	0	0	0	0	0	0	0	0	0	0	0	0	0	0	0	0	0	0	0	0	0	0	0	0	0	0	0	0	0	0	0	0	0	0	0	0	0	0	0	0	0	0	0	0	0	0	0	0	0	0	0	0	0	0	0	0	0	0	0	0	0	0	0	0	0	0	0	0	0	0	174	732	110	0	0	0	0	0	0	380	1530	0	154	0	172	1650	1226	0	146	968	0	
