data	data	601880	238584	978784	872664	242768	112424	542500	268092	104720	46664	467896	261228	285848	185128	234760	117960	415220	126232	783168	996752	126112	161900	407676	467252	77924	152484	100296	104924	847328	461568	416512	650056	299260	539788	224616	235172	359756	446296	141732	259928	93264	66004	342708	356940	299744	428756	370824	375636	272996	389296	622924	316996	261064	124992	550652	574908	326340	115080	149956	68424	198572	87992	106220	123184	165044	149332	456300	496616	288540	188452	415168	499996	384624	412908	75284	48192	238932	360788	78068	54544	363348	185368	360060	96988	440228	272572	52776	45200	421572	294248	525704	420092	335464	378992	56340	82584	421204	326776	539348	429040	343184	158040	467864	351460	196044	169724	20072	6488	53796	115172	357348	162296	241764	167844	160784	60432	
data	data	Precentral_L	Precentral_R	Frontal_Sup_L	Frontal_Sup_R	Frontal_Sup_Orb_L	Frontal_Sup_Orb_R	Frontal_Mid_L	Frontal_Mid_R	Frontal_Mid_Orb_L	Frontal_Mid_Orb_R	Frontal_Inf_Oper_L	Frontal_Inf_Oper_R	Frontal_Inf_Tri_L	Frontal_Inf_Tri_R	Frontal_Inf_Orb_L	Frontal_Inf_Orb_R	Rolandic_Oper_L	Rolandic_Oper_R	Supp_Motor_Area_L	Supp_Motor_Area_R	Olfactory_L	Olfactory_R	Frontal_Sup_Medial_L	Frontal_Sup_Medial_R	Frontal_Med_Orb_L	Frontal_Med_Orb_R	Rectus_L	Rectus_R	Insula_L	Insula_R	Cingulum_Ant_L	Cingulum_Ant_R	Cingulum_Mid_L	Cingulum_Mid_R	Cingulum_Post_L	Cingulum_Post_R	Hippocampus_L	Hippocampus_R	ParaHippocampal_L	ParaHippocampal_R	Amygdala_L	Amygdala_R	Calcarine_L	Calcarine_R	Cuneus_L	Cuneus_R	Lingual_L	Lingual_R	Occipital_Sup_L	Occipital_Sup_R	Occipital_Mid_L	Occipital_Mid_R	Occipital_Inf_L	Occipital_Inf_R	Fusiform_L	Fusiform_R	Postcentral_L	Postcentral_R	Parietal_Sup_L	Parietal_Sup_R	Parietal_Inf_L	Parietal_Inf_R	SupraMarginal_L	SupraMarginal_R	Angular_L	Angular_R	Precuneus_L	Precuneus_R	Paracentral_Lobule_L	Paracentral_Lobule_R	Caudate_L	Caudate_R	Putamen_L	Putamen_R	Pallidum_L	Pallidum_R	Thalamus_L	Thalamus_R	Heschl_L	Heschl_R	Temporal_Sup_L	Temporal_Sup_R	Temporal_Pole_Sup_L	Temporal_Pole_Sup_R	Temporal_Mid_L	Temporal_Mid_R	Temporal_Pole_Mid_L	Temporal_Pole_Mid_R	Temporal_Inf_L	Temporal_Inf_R	Cerebelum_Crus1_L	Cerebelum_Crus1_R	Cerebelum_Crus2_L	Cerebelum_Crus2_R	Cerebelum_3_L	Cerebelum_3_R	Cerebelum_4_5_L	Cerebelum_4_5_R	Cerebelum_6_L	Cerebelum_6_R	Cerebelum_7b_L	Cerebelum_7b_R	Cerebelum_8_L	Cerebelum_8_R	Cerebelum_9_L	Cerebelum_9_R	Cerebelum_10_L	Cerebelum_10_R	Vermis_1_2	Vermis_3	Vermis_4_5	Vermis_6	Vermis_7	Vermis_8	Vermis_9	Vermis_10	
601880	Precentral_L	0	1898	19194	2422	0	0	19290	280	0	0	12106	382	3818	0	0	0	14422	160	20108	13874	0	0	370	292	0	0	0	0	17168	856	890	818	3124	4014	7096	5212	3750	2630	214	126	0	0	510	0	4098	0	0	150	1270	82	4544	0	800	0	610	650	31970	274	2180	0	4780	0	1380	0	2106	78	5214	568	22474	358	7098	1908	9398	1636	6138	566	18268	5938	3306	0	3508	0	494	0	1576	82	0	0	958	1456	0	0	0	0	0	0	0	0	0	0	0	0	0	0	0	0	0	0	0	0	0	0	0	0	0	0	
238584	Precentral_R	1898	0	584	5396	0	0	0	11384	0	0	1666	11202	0	332	0	0	450	3632	3158	12294	0	0	0	80	0	0	0	0	1948	5228	0	82	322	950	988	2280	458	4574	108	832	0	0	0	486	98	294	0	112	0	1260	0	886	0	182	110	1236	374	8188	0	256	0	1156	0	1056	0	952	304	654	2210	6592	1474	2014	122	5660	0	1034	1440	4952	200	1166	0	702	1588	0	0	1264	0	0	86	1338	0	0	0	0	0	0	0	0	0	0	0	0	0	0	0	0	0	0	0	0	0	0	0	0	0	0	
978784	Frontal_Sup_L	19194	584	0	3204	18024	0	74184	148	4224	0	24458	936	23534	132	12438	0	19612	0	58116	7868	488	0	42498	11682	2190	624	750	0	48148	1188	20018	10448	9306	4694	138	0	1240	82	86	0	194	0	0	0	126	0	0	0	78	0	810	0	94	0	648	0	1008	118	428	0	976	0	112	0	272	0	98	0	6360	0	8006	1378	19148	660	4524	0	1094	262	384	0	9038	0	11362	0	524	0	0	0	1348	106	0	0	0	0	0	0	0	0	0	0	0	0	0	0	0	0	0	0	0	0	0	0	0	0	0	0	
872664	Frontal_Sup_R	2422	5396	3204	0	84	5488	408	33702	0	2354	1998	15088	174	12944	0	5114	588	4398	13562	72596	0	1162	7558	40326	0	2998	0	1510	2464	20348	4576	38044	2778	20570	1078	2676	1946	7942	492	686	0	80	0	274	0	76	0	104	0	0	0	174	104	114	318	588	272	916	0	0	0	0	0	0	0	0	0	252	2162	246	3476	30480	1910	20324	0	1300	4008	27352	546	786	276	386	1414	288	0	310	0	0	244	878	0	0	0	0	0	0	0	0	0	0	0	0	0	0	0	0	0	0	0	0	0	0	0	0	0	0	
242768	Frontal_Sup_Orb_L	0	0	18024	84	0	0	7938	0	15058	0	1516	0	5904	0	17918	0	128	0	706	84	3792	454	8034	1046	5236	428	6718	158	9202	84	8032	1908	114	0	0	0	520	0	0	0	552	0	0	0	0	0	0	0	0	0	0	0	0	0	216	0	0	0	0	0	0	0	0	0	0	0	0	0	0	0	3462	550	2228	282	0	0	150	0	0	0	0	0	764	0	0	0	0	0	94	0	0	0	0	0	0	0	0	0	0	0	0	0	0	0	0	0	0	0	0	0	0	0	0	0	0	0	
112424	Frontal_Sup_Orb_R	0	0	0	5488	0	0	0	3350	0	7044	0	0	0	1176	0	4082	0	0	0	0	0	2136	152	2900	382	7548	414	8864	0	1762	100	2262	0	0	0	0	0	0	0	0	0	150	0	0	0	0	0	0	0	0	0	0	0	0	0	0	0	0	0	0	0	0	0	0	0	0	0	0	0	0	0	4136	0	3890	0	0	0	0	0	0	0	0	0	376	0	0	0	0	0	0	0	0	0	0	0	0	0	0	0	0	0	0	0	0	0	0	0	0	0	0	0	0	0	0	0	0	
542500	Frontal_Mid_L	19290	0	74184	408	7938	0	0	0	5466	0	20644	178	37408	0	8282	0	13200	0	12794	480	0	0	10616	1374	538	0	0	0	24856	384	2530	454	4392	366	138	112	808	112	76	0	0	0	112	0	146	0	0	0	92	0	1134	0	102	0	0	0	1922	0	692	0	1232	0	104	0	370	0	174	0	184	0	354	0	2774	824	1282	290	698	114	816	0	5108	0	5246	0	318	0	0	0	134	0	0	0	0	0	0	0	0	0	0	0	0	0	0	0	0	0	0	0	0	0	0	0	0	0	0	0	
268092	Frontal_Mid_R	280	11384	148	33702	0	3350	0	0	0	3220	4432	6374	0	16734	0	8856	1276	208	2238	5738	0	0	100	2592	0	0	0	0	4502	6724	526	2962	166	2294	0	118	0	852	0	286	0	0	0	0	0	0	0	0	0	76	0	0	0	0	0	160	132	436	0	0	0	0	0	0	0	88	0	0	184	0	2946	1048	164	3688	0	836	110	896	0	0	116	0	4104	0	0	0	0	0	0	0	0	0	0	0	0	0	0	0	0	0	0	0	0	0	0	0	0	0	0	0	0	0	0	0	0	0	
104720	Frontal_Mid_Orb_L	0	0	4224	0	15058	0	5466	0	0	0	90	0	3854	0	16590	0	0	0	0	0	410	0	390	0	78	0	748	0	3360	0	398	86	0	0	0	0	106	0	0	0	0	0	0	0	0	0	0	0	0	0	0	0	0	0	0	0	0	0	0	0	0	0	0	0	0	0	0	0	0	0	490	0	418	0	0	0	0	0	0	0	0	0	594	0	0	0	0	0	0	0	0	0	0	0	0	0	0	0	0	0	0	0	0	0	0	0	0	0	0	0	0	0	0	0	0	0	
46664	Frontal_Mid_Orb_R	0	0	0	2354	0	7044	0	3220	0	0	0	0	0	1338	0	4464	0	0	0	0	0	332	0	570	0	232	0	470	0	682	0	466	0	0	0	0	0	0	0	0	0	0	0	0	0	0	0	0	0	0	0	0	0	0	0	0	0	0	0	0	0	0	0	0	0	0	0	0	0	0	0	802	0	1358	0	0	0	0	0	0	0	0	0	0	0	0	0	0	0	0	0	0	0	0	0	0	0	0	0	0	0	0	0	0	0	0	0	0	0	0	0	0	0	0	0	0	
467896	Frontal_Inf_Oper_L	12106	1666	24458	1998	1516	0	20644	4432	90	0	0	1240	17162	0	1660	0	27716	1008	10794	1252	0	0	2964	628	266	0	0	0	37502	1260	4334	1862	1346	516	0	0	470	152	0	0	0	0	0	0	0	0	0	0	0	0	122	0	0	0	210	0	3218	186	98	0	200	0	0	0	0	0	0	0	0	0	7320	952	3822	1904	158	1208	108	0	812	200	9692	86	24178	0	328	0	0	0	104	0	0	0	0	0	0	0	0	0	0	0	0	0	0	0	0	0	0	0	0	0	0	0	0	0	0	0	
261228	Frontal_Inf_Oper_R	382	11202	936	15088	0	0	178	6374	0	0	1240	0	0	8858	0	250	296	4532	5380	13130	0	92	186	3498	0	178	0	0	1370	20554	522	6368	1154	5272	0	0	94	2200	0	548	0	0	0	132	0	0	0	0	0	0	0	98	0	0	0	516	0	1260	0	0	0	78	0	0	0	198	0	116	0	0	3794	1874	1520	5998	0	1026	264	776	0	924	0	558	932	314	0	166	0	0	0	188	0	0	0	0	0	0	0	0	0	0	0	0	0	0	0	0	0	0	0	0	0	0	0	0	0	0	
285848	Frontal_Inf_Tri_L	3818	0	23534	174	5904	0	37408	0	3854	0	17162	0	0	0	13056	0	1500	0	4072	178	0	0	2112	240	392	0	0	0	22056	0	3092	616	1308	0	0	0	0	0	0	0	0	0	0	0	0	0	0	0	0	0	0	0	0	0	0	0	202	0	0	0	0	0	0	0	0	0	0	0	0	0	188	0	166	0	0	0	0	0	0	0	254	0	1638	0	0	0	0	0	0	0	0	0	0	0	0	0	0	0	0	0	0	0	0	0	0	0	0	0	0	0	0	0	0	0	0	0	
185128	Frontal_Inf_Tri_R	0	332	132	12944	0	1176	0	16734	0	1338	0	8858	0	0	0	7338	0	194	1542	4408	0	0	444	4866	0	138	0	0	0	12060	386	7412	1120	5076	0	0	0	356	0	242	0	0	0	0	0	0	0	0	0	0	0	0	0	0	0	170	0	0	0	0	0	0	0	0	0	0	0	0	0	0	488	1864	134	2330	0	306	0	176	0	0	0	0	0	0	0	0	0	0	0	0	0	0	0	0	0	0	0	0	0	0	0	0	0	0	0	0	0	0	0	0	0	0	0	0	0	0	
234760	Frontal_Inf_Orb_L	0	0	12438	0	17918	0	8282	0	16590	0	1660	0	13056	0	0	0	176	0	518	0	4180	164	2714	702	314	236	2822	0	18976	0	3190	994	380	0	0	0	1484	0	88	0	1082	0	0	0	0	0	0	0	0	0	0	0	0	0	796	0	0	0	0	0	0	0	0	0	0	0	0	0	0	0	2186	180	2584	104	0	0	0	0	0	0	128	0	2936	0	0	0	0	0	502	0	0	0	0	0	0	0	0	0	0	0	0	0	0	0	0	0	0	0	0	0	0	0	0	0	0	0	
117960	Frontal_Inf_Orb_R	0	0	0	5114	0	4082	0	8856	0	4464	0	250	0	7338	0	0	0	82	78	420	254	3094	0	548	0	378	168	2372	78	11076	264	1136	0	0	0	0	0	168	0	112	118	310	0	0	0	0	0	0	0	0	0	0	0	0	0	0	0	0	0	0	0	0	0	0	0	0	0	0	0	0	270	2240	124	3788	0	0	0	108	0	0	0	356	0	1334	0	0	0	0	0	0	0	0	0	0	0	0	0	0	0	0	0	0	0	0	0	0	0	0	0	0	0	0	0	0	0	0	
415220	Rolandic_Oper_L	14422	450	19612	588	128	0	13200	1276	0	0	27716	296	1500	0	176	0	0	624	8902	522	0	0	738	0	0	0	0	0	42692	538	658	212	744	210	0	0	1416	108	88	0	0	0	172	0	444	0	0	0	424	0	2214	0	576	0	902	0	9478	86	434	0	842	0	2218	0	592	0	320	0	122	0	3452	548	5460	988	720	564	928	0	3460	130	17312	0	14540	0	2782	0	0	0	1086	0	0	0	0	0	0	0	0	0	0	0	0	0	0	0	0	0	0	0	0	0	0	0	0	0	0	0	
126232	Rolandic_Oper_R	160	3632	0	4398	0	0	0	208	0	0	1008	4532	0	194	0	82	624	0	328	5316	0	0	0	0	0	0	0	0	1020	11370	294	92	0	116	0	0	0	1512	0	336	0	0	0	0	0	0	0	0	0	140	0	0	0	0	0	342	0	2686	0	0	0	78	0	4034	0	468	0	0	0	136	1026	510	0	5724	0	444	0	340	0	4912	90	4938	780	260	0	342	0	0	0	644	0	0	0	0	0	0	0	0	0	0	0	0	0	0	0	0	0	0	0	0	0	0	0	0	0	0	
783168	Supp_Motor_Area_L	20108	3158	58116	13562	706	0	12794	2238	0	0	10794	5380	4072	1542	518	78	8902	328	0	53302	0	0	6372	9000	150	280	0	0	14886	3890	8974	10348	22132	23508	3306	1456	764	196	0	0	0	0	0	104	246	0	0	0	396	136	700	0	0	0	562	88	1940	616	112	0	302	0	0	88	98	132	1246	352	25388	312	14192	6180	18602	562	5320	0	1426	516	186	0	3968	0	4910	0	356	144	0	0	1306	238	0	0	0	0	0	0	0	0	0	0	0	0	0	0	0	0	0	0	0	0	0	0	0	0	0	0	
996752	Supp_Motor_Area_R	13874	12294	7868	72596	84	0	480	5738	0	0	1252	13130	178	4408	0	420	522	5316	53302	0	0	210	1464	13306	0	844	0	0	2120	12738	2384	13564	5814	44420	4212	13048	2108	8840	468	762	0	78	0	1786	360	3054	0	206	150	2318	122	2144	172	486	442	2720	1900	3022	0	124	112	846	0	2044	0	1304	1084	6642	20624	17996	5242	34760	3156	11298	264	932	6900	36522	612	902	322	1060	762	0	118	2648	0	0	368	4898	0	112	0	0	0	0	0	0	0	0	0	0	0	0	0	0	0	0	0	0	0	0	0	0	0	0	
126112	Olfactory_L	0	0	488	0	3792	0	0	0	410	0	0	0	0	0	4180	254	0	0	0	0	0	5068	354	180	2102	1664	6438	684	5844	594	3778	3604	0	0	0	0	2482	0	484	0	3812	0	0	0	0	0	0	0	0	0	0	0	0	0	1472	0	0	0	0	0	0	0	0	0	0	0	0	0	0	0	7336	2450	1934	1134	0	0	0	0	0	0	122	0	1308	344	0	0	0	0	744	0	0	0	0	0	0	0	0	0	0	0	0	0	0	0	0	0	0	0	0	0	0	0	0	0	0	0	
161900	Olfactory_R	0	0	0	1162	454	2136	0	0	0	332	0	92	0	0	164	3094	0	0	0	210	5068	0	116	630	832	6034	3028	6334	1352	6108	3706	8610	0	0	0	0	328	110	0	200	1938	674	0	0	0	0	0	0	0	0	0	0	0	0	242	0	0	0	0	0	0	0	0	0	0	0	0	0	0	0	6310	12114	3514	4198	0	0	0	258	0	0	0	0	164	1438	0	0	0	0	0	0	0	0	0	0	0	0	0	0	0	0	0	0	0	0	0	0	0	0	0	0	0	0	0	0	0	0	
407676	Frontal_Sup_Medial_L	370	0	42498	7558	8034	152	10616	100	390	0	2964	186	2112	444	2714	0	738	0	6372	1464	354	116	0	29648	4150	2072	522	78	4958	232	26728	20162	9684	10198	0	0	86	0	0	0	94	0	0	0	0	0	0	0	0	0	0	0	0	0	0	0	0	0	0	0	0	0	0	0	0	0	0	0	0	0	1536	1070	2460	412	0	0	486	146	0	0	520	0	1414	0	0	0	0	0	0	0	0	0	0	0	0	0	0	0	0	0	0	0	0	0	0	0	0	0	0	0	0	0	0	0	0	0	
467252	Frontal_Sup_Medial_R	292	80	11682	40326	1046	2900	1374	2592	0	570	628	3498	240	4866	702	548	0	0	9000	13306	180	630	29648	0	1330	5650	138	738	1036	5844	8252	39768	3574	19124	0	0	76	0	0	0	0	0	0	0	0	0	0	0	0	0	0	0	0	0	0	0	114	0	0	0	0	0	0	0	0	0	0	0	0	0	1158	12892	668	7976	0	0	170	484	0	0	0	0	384	142	0	0	0	0	0	0	0	0	0	0	0	0	0	0	0	0	0	0	0	0	0	0	0	0	0	0	0	0	0	0	0	0	
77924	Frontal_Med_Orb_L	0	0	2190	0	5236	382	538	0	78	0	266	0	392	0	314	0	0	0	150	0	2102	832	4150	1330	0	3382	3314	1076	454	156	7040	1776	0	0	0	0	0	0	0	0	110	0	0	0	0	0	0	0	0	0	0	0	0	0	0	0	0	0	0	0	0	0	0	0	0	0	0	0	0	0	2164	650	446	332	0	0	0	0	0	0	0	0	0	102	0	0	0	0	0	0	0	0	0	0	0	0	0	0	0	0	0	0	0	0	0	0	0	0	0	0	0	0	0	0	0	0	
152484	Frontal_Med_Orb_R	0	0	624	2998	428	7548	0	0	0	232	0	178	0	138	236	378	0	0	280	844	1664	6034	2072	5650	3382	0	1864	10202	376	1326	4160	11862	118	458	0	0	0	0	0	0	294	0	0	0	0	0	0	0	0	0	0	0	0	0	0	0	0	0	0	0	0	0	0	0	0	0	0	0	0	0	1372	6908	464	3388	0	0	0	204	0	0	0	0	0	560	0	0	0	0	0	0	0	0	0	0	0	0	0	0	0	0	0	0	0	0	0	0	0	0	0	0	0	0	0	0	0	0	
100296	Rectus_L	0	0	750	0	6718	414	0	0	748	0	0	0	0	0	2822	168	0	0	0	0	6438	3028	522	138	3314	1864	0	1748	1992	372	3776	2244	0	0	0	0	402	0	0	0	1758	0	0	0	0	0	0	0	0	0	0	0	0	0	248	0	0	0	0	0	0	0	0	0	0	0	0	0	0	0	6356	1864	1018	918	0	0	0	0	0	0	0	0	240	288	0	0	0	0	0	0	0	0	0	0	0	0	0	0	0	0	0	0	0	0	0	0	0	0	0	0	0	0	0	0	0	0	
104924	Rectus_R	0	0	0	1510	158	8864	0	0	0	470	0	0	0	0	0	2372	0	0	0	0	684	6334	78	738	1076	10202	1748	0	76	4016	896	3820	0	0	0	0	0	0	0	0	154	180	0	0	0	0	0	0	0	0	0	0	0	0	0	0	0	0	0	0	0	0	0	0	0	0	0	0	0	0	380	4816	118	2526	0	0	0	0	0	0	0	0	0	1246	0	0	0	0	0	0	0	0	0	0	0	0	0	0	0	0	0	0	0	0	0	0	0	0	0	0	0	0	0	0	0	0	
847328	Insula_L	17168	1948	48148	2464	9202	0	24856	4502	3360	0	37502	1370	22056	0	18976	78	42692	1020	14886	2120	5844	1352	4958	1036	454	376	1992	76	0	1584	7244	3160	1304	500	540	1100	9500	1078	364	0	3390	0	116	0	472	0	0	168	496	0	1854	0	466	0	4004	82	6484	186	476	0	1052	0	874	0	620	0	358	80	224	92	11626	2198	25232	2758	942	1352	5830	1184	5498	204	15356	102	27436	0	2232	0	0	0	5226	184	0	0	0	0	0	0	0	0	0	0	0	0	0	0	0	0	0	0	0	0	0	0	0	0	0	0	
461568	Insula_R	856	5228	1188	20348	84	1762	384	6724	0	682	1260	20554	0	12060	0	11076	538	11370	3890	12738	594	6108	232	5844	156	1326	372	4016	1584	0	1206	10084	288	1666	264	532	548	8860	158	3536	282	1576	0	242	0	0	0	132	0	0	92	0	0	0	110	5506	288	948	0	0	104	0	0	0	0	0	0	340	0	0	4756	6382	1926	23010	0	384	768	2662	78	3784	118	7218	870	3124	0	2276	0	0	0	5518	0	0	0	0	0	0	0	174	0	0	0	0	0	0	0	0	0	0	0	0	0	0	0	0	0	0	
416512	Cingulum_Ant_L	890	0	20018	4576	8032	100	2530	526	398	0	4334	522	3092	386	3190	264	658	294	8974	2384	3778	3706	26728	8252	7040	4160	3776	896	7244	1206	0	27364	6326	7170	0	0	222	0	0	0	724	0	0	0	0	0	0	0	0	0	0	0	0	0	84	0	262	0	0	0	0	0	0	0	0	0	0	0	180	0	14082	6070	10412	2318	128	142	1468	412	0	130	220	80	2184	324	0	0	0	0	0	0	0	0	0	0	0	0	0	0	0	0	0	0	0	0	0	0	0	0	0	0	0	0	0	0	0	0	
650056	Cingulum_Ant_R	818	82	10448	38044	1908	2262	454	2962	86	466	1862	6368	616	7412	994	1136	212	92	10348	13564	3604	8610	20162	39768	1776	11862	2244	3820	3160	10084	27364	0	7140	28156	0	0	198	0	0	0	688	0	0	0	0	0	0	0	0	0	0	0	0	0	80	0	340	0	0	0	0	0	0	0	0	0	0	0	170	0	8506	26206	3988	12240	98	0	1230	1388	0	0	0	0	1428	584	0	0	0	0	0	0	0	0	0	0	0	0	0	0	0	0	0	0	0	0	0	0	0	0	0	0	0	0	0	0	0	0	
299260	Cingulum_Mid_L	3124	322	9306	2778	114	0	4392	166	0	0	1346	1154	1308	1120	380	0	744	0	22132	5814	0	0	9684	3574	0	118	0	0	1304	288	6326	7140	0	20598	8146	1768	0	0	0	0	0	0	168	118	4002	244	0	0	2470	108	2844	0	218	0	214	0	3790	76	652	0	94	0	0	0	238	0	8730	1854	7326	596	86	176	0	208	0	0	0	0	0	0	606	0	838	0	412	0	0	0	416	0	0	0	0	0	0	0	0	0	0	0	0	0	0	0	0	0	0	0	0	0	0	0	0	0	0	0	
539788	Cingulum_Mid_R	4014	950	4694	20570	0	0	366	2294	0	0	516	5272	0	5076	0	0	210	116	23508	44420	0	0	10198	19124	0	458	0	0	500	1666	7170	28156	20598	0	3168	8130	0	366	0	0	0	0	0	1810	532	5144	0	202	332	3282	202	1768	0	164	0	500	798	960	196	114	0	250	0	758	0	1180	2756	12158	8408	10656	658	1382	146	724	0	0	80	242	0	0	0	428	372	0	0	1308	0	0	0	844	0	0	0	0	0	0	0	0	0	0	0	0	0	0	0	0	0	0	0	0	0	0	0	0	0	0	
224616	Cingulum_Post_L	7096	988	138	1078	0	0	138	0	0	0	0	0	0	0	0	0	0	0	3306	4212	0	0	0	0	0	0	0	0	540	264	0	0	8146	3168	0	10992	7848	3880	1544	516	0	0	1980	0	6156	210	2878	0	2998	0	2570	0	882	0	2596	164	5252	194	414	0	0	0	0	0	538	0	13746	3296	5920	1182	0	86	0	0	0	0	700	2918	378	0	270	238	0	0	920	0	0	0	908	434	76	0	0	0	0	0	196	0	354	0	0	0	0	0	0	0	0	0	0	0	0	0	0	0	0	0	
235172	Cingulum_Post_R	5212	2280	0	2676	0	0	112	118	0	0	0	0	0	0	0	0	0	0	1456	13048	0	0	0	0	0	0	0	0	1100	532	0	0	1768	8130	10992	0	6602	10220	1924	1358	0	0	120	1570	796	902	1188	1152	418	106	320	212	324	128	1000	1398	952	372	166	0	0	0	0	0	0	0	3538	11114	2666	3492	0	350	0	156	0	0	4828	7586	800	0	316	400	0	0	208	270	0	0	508	2090	0	0	0	0	0	0	108	0	144	0	0	0	0	0	0	0	0	0	0	0	360	0	0	0	0	0	
359756	Hippocampus_L	3750	458	1240	1946	520	0	808	0	106	0	470	94	0	0	1484	0	1416	0	764	2108	2482	328	86	76	0	0	402	0	9500	548	222	198	0	0	7848	6602	0	6308	18140	924	9744	0	3218	0	0	0	9880	1706	0	0	1792	0	3402	0	25338	296	330	0	0	0	0	0	0	0	0	0	5558	1380	292	150	742	348	7540	456	1034	0	6232	5002	1834	0	4624	308	1940	0	1764	0	168	0	11154	644	624	0	0	0	0	220	1458	114	1444	0	0	0	0	0	0	0	0	0	0	0	314	0	0	0	0	0	
446296	Hippocampus_R	2630	4574	82	7942	0	0	112	852	0	0	152	2200	0	356	0	168	108	1512	196	8840	0	110	0	0	0	0	0	0	1078	8860	0	0	0	366	3880	10220	6308	0	2054	33900	0	8760	80	2086	0	630	1242	3428	0	522	108	628	258	724	908	34448	132	724	0	0	0	190	0	498	0	534	296	6638	108	1264	106	740	0	10978	0	1384	4970	13668	728	1136	218	5420	126	1258	128	3820	0	450	392	10426	0	612	0	248	0	76	146	3880	144	658	0	0	0	206	0	108	0	0	0	0	294	0	0	0	122	0	
141732	ParaHippocampal_L	214	108	86	492	0	0	76	0	0	0	0	0	0	0	88	0	88	0	0	468	484	0	0	0	0	0	0	0	364	158	0	0	0	0	1544	1924	18140	2054	0	432	4956	0	876	0	0	0	5452	1356	0	0	816	0	834	0	12826	90	78	0	0	0	0	0	0	0	0	0	1274	580	0	0	0	0	1134	0	0	0	1772	1460	0	0	586	126	662	0	156	0	648	0	2338	98	976	0	0	0	386	374	2288	0	1440	0	0	0	0	0	0	0	0	0	158	406	0	0	0	0	0	0	
259928	ParaHippocampal_R	126	832	0	686	0	0	0	286	0	0	0	548	0	242	0	112	0	336	0	762	0	200	0	0	0	0	0	0	0	3536	0	0	0	0	516	1358	924	33900	432	0	0	9184	0	2004	0	76	206	5828	0	0	0	144	0	620	96	30198	0	96	0	0	0	0	0	0	0	0	96	5006	0	106	0	110	0	5782	0	1130	1018	3716	0	370	0	1836	0	3092	0	710	0	1720	0	2200	0	1006	0	366	0	152	0	6326	0	1368	0	0	0	216	0	108	0	0	0	0	160	0	0	0	122	0	
93264	Amygdala_L	0	0	194	0	552	0	0	0	0	0	0	0	0	0	1082	118	0	0	0	0	3812	1938	94	0	110	294	1758	154	3390	282	724	688	0	0	0	0	9744	0	4956	0	0	0	0	0	0	0	0	0	0	0	0	0	0	0	6436	0	0	0	0	0	0	0	0	0	0	0	0	0	0	0	2626	1374	1426	868	0	0	0	0	0	0	104	0	1526	196	80	0	410	0	1696	0	0	0	0	0	0	0	0	0	0	0	0	0	0	0	0	0	0	0	0	0	0	0	0	0	0	0	
66004	Amygdala_R	0	0	0	80	0	150	0	0	0	0	0	0	0	0	0	310	0	0	0	78	0	674	0	0	0	0	0	180	0	1576	0	0	0	0	0	0	0	8760	0	9184	0	0	0	0	0	0	0	0	0	0	0	0	0	0	0	5418	0	0	0	0	0	0	0	0	0	0	0	0	0	0	0	0	0	2580	0	0	0	164	0	0	0	0	0	2464	0	0	0	1132	0	252	0	0	0	0	0	0	0	0	0	0	0	0	0	0	0	0	0	0	0	0	0	0	0	0	0	0	
342708	Calcarine_L	510	0	0	0	0	0	112	0	0	0	0	0	0	0	0	0	172	0	0	0	0	0	0	0	0	0	0	0	116	0	0	0	168	0	1980	120	3218	80	876	0	0	0	0	7146	19034	7310	17932	3724	11394	1938	36458	194	13150	206	7204	1008	1616	0	148	0	502	0	0	0	358	0	21566	980	96	0	0	0	0	0	0	0	0	0	0	0	152	0	0	0	4512	0	0	0	620	0	268	228	0	0	0	0	606	1482	472	860	0	0	184	0	100	0	0	0	0	0	2148	306	100	0	0	0	
356940	Calcarine_R	0	486	0	274	0	0	0	0	0	0	0	132	0	0	0	0	0	0	104	1786	0	0	0	0	0	0	0	0	0	242	0	0	118	1810	0	1570	0	2086	0	2004	0	0	7146	0	4128	29642	1238	25982	658	21202	146	14578	0	7718	0	10862	0	80	0	0	0	0	0	0	0	0	2952	24978	0	1134	0	118	0	0	0	0	0	218	0	0	0	458	0	0	0	6484	0	0	0	5550	0	106	0	0	0	0	174	670	0	422	0	0	0	0	0	0	0	0	0	0	1126	88	0	0	0	0	
299744	Cuneus_L	4098	98	126	0	0	0	146	0	0	0	0	0	0	0	0	0	444	0	246	360	0	0	0	0	0	0	0	0	472	0	0	0	4002	532	6156	796	0	0	0	0	0	0	19034	4128	0	9280	2568	678	25062	964	19526	142	2730	0	1556	0	8434	0	1224	0	688	0	88	0	1402	0	22024	3270	2870	154	0	0	0	0	0	0	0	0	0	0	268	0	0	0	4238	0	0	0	2068	0	0	0	0	0	0	0	0	0	0	0	0	0	0	0	0	0	0	0	0	0	0	0	0	0	0	0	
428756	Cuneus_R	0	294	0	76	0	0	0	0	0	0	0	0	0	0	0	0	0	0	0	3054	0	0	0	0	0	0	0	0	0	0	0	0	244	5144	210	902	0	630	0	76	0	0	7310	29642	9280	0	572	10574	2236	49420	712	22526	82	2448	0	2990	0	602	488	1890	0	490	0	380	0	2552	8232	32902	0	5492	0	0	0	0	0	0	0	0	0	0	0	1666	0	0	0	8220	0	0	0	2644	0	0	0	0	0	0	0	0	0	198	0	0	0	0	0	0	0	0	0	0	200	0	0	0	0	0	
370824	Lingual_L	0	0	0	0	0	0	0	0	0	0	0	0	0	0	0	0	0	0	0	0	0	0	0	0	0	0	0	0	0	0	0	0	0	0	2878	1188	9880	1242	5452	206	0	0	17932	1238	2568	572	0	4796	3486	390	19344	0	11048	510	22382	1972	0	0	0	0	0	0	0	0	0	0	8648	678	0	0	0	0	0	0	0	0	414	742	0	0	0	0	0	0	1218	0	0	0	200	0	10688	1756	1264	334	80	0	14220	2186	18268	3032	616	0	1320	130	402	0	0	0	0	230	6200	3290	2096	0	146	170	
375636	Lingual_R	150	112	0	104	0	0	0	0	0	0	0	0	0	0	0	0	0	0	0	206	0	0	0	0	0	0	0	0	168	132	0	0	0	202	0	1152	1706	3428	1356	5828	0	0	3724	25982	678	10574	4796	0	216	10210	0	6672	0	7442	1358	26016	0	0	0	0	0	0	0	0	0	0	650	8576	0	102	0	0	336	114	0	0	124	308	0	0	108	128	0	0	0	690	0	0	188	1196	2386	7348	1092	486	144	390	3310	11110	3948	12416	958	0	1162	128	86	0	0	0	0	238	9046	6604	2234	0	0	0	
272996	Occipital_Sup_L	1270	0	78	0	0	0	92	0	0	0	0	0	0	0	0	0	424	0	396	150	0	0	0	0	0	0	0	0	496	0	0	0	2470	332	2998	418	0	0	0	0	0	0	11394	658	25062	2236	3486	216	0	472	33266	156	3090	0	1262	0	3350	0	8938	0	1524	0	190	0	2492	0	16996	3824	2578	80	0	0	0	0	0	0	0	0	0	0	320	0	0	0	3772	0	0	0	2012	0	0	0	0	0	0	0	0	0	0	0	0	0	0	0	0	0	0	0	0	0	0	0	0	0	0	0	
389296	Occipital_Sup_R	82	1260	0	0	0	0	0	76	0	0	0	0	0	0	0	0	0	140	136	2318	0	0	0	0	0	0	0	0	0	0	0	0	108	3282	0	106	0	522	0	0	0	0	1938	21202	964	49420	390	10210	472	0	226	30600	0	3158	0	3430	0	1368	440	6258	0	1912	0	970	0	6394	4354	24504	94	5252	0	0	0	0	0	0	0	0	0	0	0	2036	0	0	0	8048	0	0	0	2616	0	0	0	0	0	0	0	0	0	262	0	0	0	0	0	0	0	0	0	0	100	0	0	0	0	0	
622924	Occipital_Mid_L	4544	0	810	0	0	0	1134	0	0	0	122	0	0	0	0	0	2214	0	700	122	0	0	0	0	0	0	0	0	1854	92	0	0	2844	202	2570	320	1792	108	816	0	0	0	36458	146	19526	712	19344	0	33266	226	0	110	30602	0	11880	0	8300	0	12620	0	16828	0	2554	0	23260	0	23504	1860	4378	0	440	0	0	92	92	0	132	0	536	0	2960	0	0	0	30016	0	0	0	10270	0	338	0	0	0	0	0	220	0	548	0	0	0	0	0	0	0	0	0	0	0	0	0	0	0	0	0	
316996	Occipital_Mid_R	0	886	0	174	0	0	0	0	0	0	0	98	0	0	0	0	0	0	0	2144	0	0	0	0	0	0	0	0	0	0	0	0	0	1768	0	212	0	628	0	144	0	0	194	14578	142	22526	0	6672	156	30600	110	0	0	6336	0	5582	0	412	226	3378	0	3346	0	376	0	12252	1762	16192	0	4178	0	80	0	0	0	0	0	132	0	0	0	1322	0	0	0	17080	0	0	0	4386	0	0	0	0	0	0	0	0	0	426	0	0	0	0	0	0	0	0	0	0	0	0	0	0	0	0	
261064	Occipital_Inf_L	800	0	94	104	0	0	102	0	0	0	0	0	0	0	0	0	576	0	0	172	0	0	0	0	0	0	0	0	466	0	0	0	218	0	882	324	3402	258	834	0	0	0	13150	0	2730	82	11048	0	3090	0	30602	0	0	0	23170	0	1126	0	76	0	1374	0	594	0	1374	0	4652	118	226	0	0	0	0	0	0	0	502	238	2030	0	3644	0	0	0	10714	0	0	0	7720	0	1240	0	0	0	0	0	754	0	2046	0	0	0	0	0	0	0	0	0	0	0	0	0	0	0	0	0	
124992	Occipital_Inf_R	0	182	0	114	0	0	0	0	0	0	0	0	0	0	0	0	0	0	0	486	0	0	0	0	0	0	0	0	0	0	0	0	0	164	0	128	0	724	0	620	0	0	206	7718	0	2448	510	7442	0	3158	0	6336	0	0	220	11168	0	0	0	0	0	0	0	0	0	88	0	3338	0	268	0	0	0	0	0	0	0	184	0	0	0	88	0	0	0	1768	0	0	0	5136	414	638	78	0	0	0	440	1218	620	3020	0	0	102	0	0	0	0	0	0	0	1316	1584	572	0	0	0	
550652	Fusiform_L	610	110	648	318	216	0	0	0	0	0	210	0	0	0	796	0	902	0	562	442	1472	242	0	0	0	0	248	0	4004	110	84	80	214	0	2596	1000	25338	908	12826	96	6436	0	7204	0	1556	0	22382	1358	1262	0	11880	0	23170	220	0	544	738	0	0	0	106	0	80	0	194	0	5676	298	94	0	318	230	2786	196	0	0	1604	840	2028	0	6590	0	3672	0	6322	0	2516	0	26606	116	22036	524	1960	130	382	0	17712	420	30892	1076	1080	0	1818	0	648	0	102	0	0	130	2872	1672	818	0	0	0	
574908	Fusiform_R	650	1236	0	588	0	0	0	160	0	0	0	516	0	170	0	0	0	342	88	2720	0	0	0	0	0	0	0	0	82	5506	0	0	0	500	164	1398	296	34448	90	30198	0	5418	1008	10862	0	2990	1972	26016	0	3430	0	5582	0	11168	544	0	0	96	0	0	0	132	0	858	0	1240	162	7490	0	1262	0	210	0	4970	0	894	1008	3844	0	1062	0	3832	0	7580	0	3460	0	4206	0	23038	1340	13958	686	3118	0	546	1890	16216	2070	19148	652	348	806	1784	0	292	0	0	0	206	5892	3526	1206	0	284	0	
326340	Postcentral_L	31970	374	1008	272	0	0	1922	132	0	0	3218	0	202	0	0	0	9478	0	1940	1900	0	0	0	114	0	0	0	0	6484	288	262	340	3790	798	5252	952	330	132	78	0	0	0	1616	0	8434	0	0	0	3350	0	8300	0	1126	0	738	0	0	0	5194	0	14326	0	9662	0	3010	0	9526	212	4758	250	2542	434	1654	614	296	182	1968	184	2388	0	3882	0	76	0	4754	0	0	0	2458	0	0	0	0	0	0	0	0	0	0	0	0	0	0	0	0	0	0	0	0	0	0	0	0	0	0	0	
115080	Postcentral_R	274	8188	118	916	0	0	0	436	0	0	186	1260	0	0	0	0	86	2686	616	3022	0	0	0	0	0	0	0	0	186	948	0	0	76	960	194	372	0	724	0	96	0	0	0	80	0	602	0	0	0	1368	0	412	0	0	0	96	0	0	0	4084	0	5126	0	8738	0	2266	152	3332	646	5884	152	190	0	624	0	108	0	456	0	322	0	1014	178	0	0	172	0	0	0	194	0	0	0	0	0	0	0	0	0	0	0	0	0	0	0	0	0	0	0	0	0	0	0	0	0	0	
149956	Parietal_Sup_L	2180	0	428	0	0	0	692	0	0	0	98	0	0	0	0	0	434	0	112	0	0	0	0	0	0	0	0	0	476	0	0	0	652	196	414	166	0	0	0	0	0	0	148	0	1224	488	0	0	8938	440	12620	226	76	0	0	0	5194	0	0	0	14932	0	0	0	3168	0	16654	3848	374	0	210	0	0	0	0	0	0	0	0	0	0	0	0	0	462	0	0	0	128	0	0	0	0	0	0	0	0	0	0	0	0	0	0	0	0	0	0	0	0	0	0	0	0	0	0	0	
68424	Parietal_Sup_R	0	256	0	0	0	0	0	0	0	0	0	0	0	0	0	0	0	0	0	124	0	0	0	0	0	0	0	0	0	0	0	0	0	114	0	0	0	0	0	0	0	0	0	0	0	1890	0	0	0	6258	0	3378	0	0	0	0	0	4084	0	0	0	4140	0	1290	0	4336	962	6354	0	1026	0	0	0	0	0	0	0	0	0	0	0	0	0	0	0	0	0	0	0	0	0	0	0	0	0	0	0	0	0	0	0	0	0	0	0	0	0	0	0	0	0	0	0	0	0	0	
198572	Parietal_Inf_L	4780	0	976	0	0	0	1232	0	0	0	200	0	0	0	0	0	842	0	302	112	0	0	0	0	0	0	0	0	1052	104	0	0	94	0	0	0	0	0	0	0	0	0	502	0	688	0	0	0	1524	0	16828	0	1374	0	106	0	14326	0	14932	0	0	0	11822	0	18040	0	2044	216	526	0	318	118	86	158	0	0	0	0	0	0	154	0	0	0	3934	0	0	0	1896	0	0	0	0	0	0	0	0	0	0	0	0	0	0	0	0	0	0	0	0	0	0	0	0	0	0	0	
87992	Parietal_Inf_R	0	1156	0	0	0	0	0	0	0	0	0	78	0	0	0	0	0	78	0	846	0	0	0	0	0	0	0	0	0	0	0	0	0	250	0	0	0	190	0	0	0	0	0	0	0	490	0	0	0	1912	0	3346	0	0	0	132	0	5126	0	4140	0	0	0	12030	0	11014	0	340	0	1096	0	0	0	0	0	0	0	0	0	0	0	862	0	0	0	444	0	0	0	466	0	0	0	0	0	0	0	0	0	0	0	0	0	0	0	0	0	0	0	0	0	0	0	0	0	0	
106220	SupraMarginal_L	1380	0	112	0	0	0	104	0	0	0	0	0	0	0	0	0	2218	0	0	0	0	0	0	0	0	0	0	0	874	0	0	0	0	0	0	0	0	0	0	0	0	0	0	0	88	0	0	0	190	0	2554	0	594	0	80	0	9662	0	0	0	11822	0	0	0	7240	0	86	0	110	0	196	0	0	0	0	0	0	0	122	0	5188	0	0	0	7718	0	0	0	2772	0	0	0	0	0	0	0	0	0	0	0	0	0	0	0	0	0	0	0	0	0	0	0	0	0	0	0	
123184	SupraMarginal_R	0	1056	0	0	0	0	0	0	0	0	0	0	0	0	0	0	0	4034	88	2044	0	0	0	0	0	0	0	0	0	0	0	0	0	758	0	0	0	498	0	0	0	0	0	0	0	380	0	0	0	970	0	376	0	0	0	858	0	8738	0	1290	0	12030	0	0	0	11534	0	358	0	2142	0	0	0	0	0	0	0	0	0	158	0	7856	0	0	0	3516	0	0	0	2908	0	0	0	0	0	0	0	0	0	0	0	0	0	0	0	0	0	0	0	0	0	0	0	0	0	0	
165044	Angular_L	2106	0	272	0	0	0	370	0	0	0	0	0	0	0	0	0	592	0	98	0	0	0	0	0	0	0	0	0	620	0	0	0	238	0	538	0	0	0	0	0	0	0	358	0	1402	0	0	0	2492	0	23260	0	1374	0	194	0	3010	0	3168	0	18040	0	7240	0	0	0	916	0	674	0	198	0	0	0	0	0	0	0	0	0	932	0	0	0	10170	0	0	0	4260	0	0	0	0	0	0	0	0	0	0	0	0	0	0	0	0	0	0	0	0	0	0	0	0	0	0	0	
149332	Angular_R	78	952	0	0	0	0	0	88	0	0	0	198	0	0	0	0	0	468	132	1304	0	0	0	0	0	0	0	0	0	0	0	0	0	1180	0	0	0	534	0	0	0	0	0	0	0	2552	0	0	0	6394	0	12252	0	88	0	1240	0	2266	0	4336	0	11014	0	11534	0	0	216	1856	88	1716	0	0	0	0	0	0	0	0	0	0	0	5788	0	0	0	5502	0	0	0	2890	0	0	0	0	0	0	0	0	0	0	0	0	0	0	0	0	0	0	0	0	0	0	0	0	0	0	
456300	Precuneus_L	5214	304	98	0	0	0	174	0	0	0	0	0	0	0	0	0	320	0	1246	1084	0	0	0	0	0	0	0	0	358	0	0	0	8730	2756	13746	3538	5558	296	1274	96	0	0	21566	2952	22024	8232	8648	650	16996	4354	23504	1762	4652	0	5676	162	9526	152	16654	962	2044	0	86	0	916	216	0	19654	4868	754	0	0	0	0	0	0	0	0	98	0	230	0	0	0	4310	316	0	0	1298	0	0	0	0	0	0	0	0	0	96	0	0	0	0	0	0	0	0	0	0	0	0	0	0	0	0	0	
496616	Precuneus_R	568	654	0	252	0	0	0	0	0	0	0	116	0	0	0	0	0	0	352	6642	0	0	0	0	0	0	0	0	80	340	0	0	1854	12158	3296	11114	1380	6638	580	5006	0	0	980	24978	3270	32902	678	8576	3824	24504	1860	16192	118	3338	298	7490	212	3332	3848	6354	216	340	0	358	0	1856	19654	0	434	10346	0	96	0	0	0	0	390	836	0	0	0	1948	0	0	90	8598	0	0	114	6038	0	444	0	120	0	0	168	1002	138	476	0	0	0	0	0	0	0	0	0	0	862	0	0	0	0	0	
288540	Paracentral_Lobule_L	22474	2210	6360	2162	0	0	184	184	0	0	0	0	0	0	0	0	122	0	25388	20624	0	0	0	0	0	0	0	0	224	0	180	170	7326	8408	5920	2666	292	108	0	0	0	0	96	0	2870	0	0	0	2578	94	4378	0	226	0	94	0	4758	646	374	0	526	0	110	0	674	88	4868	434	0	962	2326	1234	1334	144	3678	0	3324	882	0	0	0	0	0	0	1374	0	0	0	1112	84	0	0	0	0	0	0	0	0	0	0	0	0	0	0	0	0	0	0	0	0	0	0	0	0	0	0	
188452	Paracentral_Lobule_R	358	6592	0	246	0	0	0	0	0	0	0	0	0	0	0	0	0	136	312	17996	0	0	0	0	0	0	0	0	92	0	0	0	596	10656	1182	3492	150	1264	0	106	0	0	0	1134	154	5492	0	102	80	5252	0	4178	0	268	0	1262	250	5884	0	1026	0	1096	0	2142	0	1716	754	10346	962	0	0	80	0	0	0	0	276	484	80	0	0	1568	0	0	0	4108	0	0	0	2354	0	0	0	0	0	0	0	0	0	0	0	0	0	0	0	0	0	0	0	0	0	0	0	0	0	0	
415168	Caudate_L	7098	1474	8006	3476	3462	0	354	2946	490	0	7320	3794	188	488	2186	270	3452	1026	14192	5242	7336	6310	1536	1158	2164	1372	6356	380	11626	4756	14082	8506	86	658	0	0	742	106	0	0	2626	0	0	0	0	0	0	0	0	0	440	0	0	0	318	0	2542	152	210	0	318	0	196	0	198	0	0	0	2326	0	0	11988	24508	4782	2890	718	10654	2172	394	292	492	170	6042	320	106	0	0	0	92	0	0	0	0	0	0	0	0	0	0	0	0	0	0	0	0	0	0	0	0	0	0	0	0	0	0	0	
499996	Caudate_R	1908	2014	1378	30480	550	4136	0	1048	0	802	952	1874	0	1864	180	2240	548	510	6180	34760	2450	12114	1070	12892	650	6908	1864	4816	2198	6382	6070	26206	176	1382	86	350	348	740	0	110	1374	0	0	118	0	0	0	0	0	0	0	80	0	0	230	210	434	190	0	0	118	0	0	0	0	0	0	96	1234	80	11988	0	6190	22010	178	2098	2242	20006	0	94	0	0	826	1490	0	138	0	0	0	338	0	0	0	0	0	0	0	0	0	0	0	0	0	0	0	0	0	0	0	0	0	0	0	0	0	0	
384624	Putamen_L	9398	122	19148	1910	2228	0	2774	164	418	0	3822	1520	166	134	2584	124	5460	0	18602	3156	1934	3514	2460	668	446	464	1018	118	25232	1926	10412	3988	0	146	0	0	7540	0	1134	0	1426	0	0	0	0	0	0	336	0	0	0	0	0	0	2786	0	1654	0	0	0	86	0	0	0	0	0	0	0	1334	0	24508	6190	0	2190	7398	98	4902	732	110	0	1800	0	1444	136	288	0	0	0	2080	0	0	0	0	0	0	0	84	0	0	0	0	0	0	0	0	0	0	0	0	0	0	0	0	0	0	0	
412908	Putamen_R	1636	5660	660	20324	282	3890	824	3688	0	1358	1904	5998	0	2330	104	3788	988	5724	562	11298	1134	4198	412	7976	332	3388	918	2526	2758	23010	2318	12240	208	724	0	156	456	10978	0	5782	868	2580	0	0	0	0	0	114	0	0	92	0	0	0	196	4970	614	624	0	0	158	0	0	0	0	0	0	0	144	0	4782	22010	2190	0	0	5542	468	3606	128	888	170	230	1566	2612	0	0	0	208	0	276	0	0	0	0	0	0	0	806	0	80	0	0	0	0	0	0	0	0	0	0	0	0	0	0	0	0	
75284	Pallidum_L	6138	0	4524	0	0	0	1282	0	0	0	158	0	0	0	0	0	720	0	5320	264	0	0	0	0	0	0	0	0	942	0	128	98	0	0	0	0	1034	0	0	0	0	0	0	0	0	0	0	0	0	0	92	0	0	0	0	0	296	0	0	0	0	0	0	0	0	0	0	0	3678	0	2890	178	7398	0	0	0	2502	0	0	0	0	0	0	0	0	0	0	0	0	0	0	0	0	0	0	0	0	0	0	0	0	0	0	0	0	0	0	0	0	0	0	0	0	0	0	0	
48192	Pallidum_R	566	1034	0	1300	0	0	290	836	0	0	1208	1026	0	306	0	0	564	444	0	932	0	0	0	0	0	0	0	0	1352	384	142	0	0	0	0	0	0	1384	0	1130	0	0	0	0	0	0	0	0	0	0	0	0	0	0	0	894	182	108	0	0	0	0	0	0	0	0	0	0	0	0	718	2098	98	5542	0	0	96	150	0	0	0	0	996	0	0	0	0	0	0	0	0	0	0	0	0	0	0	316	0	0	0	0	0	0	0	0	0	0	0	0	0	0	0	0	0	0	
238932	Thalamus_L	18268	1440	1094	4008	150	0	698	110	0	0	108	264	0	0	0	0	928	0	1426	6900	0	0	486	170	0	0	0	0	5830	768	1468	1230	0	80	700	4828	6232	4970	1772	1018	0	0	0	0	0	0	414	124	0	0	132	0	502	0	1604	1008	1968	0	0	0	0	0	0	0	0	0	0	390	3324	276	10654	2242	4902	468	2502	96	0	17452	2018	0	960	286	0	0	442	0	0	0	1526	1230	0	0	0	0	0	0	0	0	0	0	0	0	0	0	0	0	0	0	0	0	0	0	0	0	0	0	
360788	Thalamus_R	5938	4952	262	27352	0	0	114	896	0	0	0	776	0	176	0	108	0	340	516	36522	0	258	146	484	0	204	0	0	1184	2662	412	1388	0	242	2918	7586	5002	13668	1460	3716	0	164	0	218	0	0	742	308	0	0	0	132	238	184	840	3844	184	456	0	0	0	0	0	0	0	0	0	836	882	484	2172	20006	732	3606	0	150	17452	0	814	248	228	954	0	140	126	474	0	0	396	3914	0	0	0	0	0	0	78	0	110	0	0	0	0	0	0	0	0	0	0	0	0	0	0	0	0	0	
78068	Heschl_L	3306	200	384	546	0	0	816	0	0	0	812	0	0	0	0	0	3460	0	186	612	0	0	0	0	0	0	0	0	5498	78	0	0	0	0	378	800	1834	728	0	0	0	0	0	0	0	0	0	0	0	0	536	0	2030	0	2028	0	2388	0	0	0	0	0	122	0	0	0	98	0	0	80	394	0	110	128	0	0	2018	814	0	0	4364	0	0	0	2098	0	0	0	2082	106	0	0	0	0	0	0	0	0	0	0	0	0	0	0	0	0	0	0	0	0	0	0	0	0	0	0	
54544	Heschl_R	0	1166	0	786	0	0	0	0	0	0	200	924	0	0	0	0	130	4912	0	902	0	0	0	0	0	0	0	0	204	3784	130	0	0	0	0	0	0	1136	0	370	0	0	0	0	0	0	0	0	0	0	0	0	0	0	0	1062	0	322	0	0	0	0	0	158	0	0	0	0	0	0	292	94	0	888	0	0	0	248	0	0	0	6244	168	0	0	2024	0	0	0	1128	0	0	0	0	0	0	0	0	0	0	0	0	0	0	0	0	0	0	0	0	0	0	0	0	0	0	
363348	Temporal_Sup_L	3508	0	9038	276	0	0	5108	116	0	0	9692	0	254	0	128	0	17312	90	3968	322	122	0	520	0	0	0	0	0	15356	118	220	0	606	0	270	316	4624	218	586	0	104	0	152	0	268	0	0	108	320	0	2960	0	3644	0	6590	0	3882	0	0	0	154	0	5188	0	932	0	230	0	0	0	492	0	1800	170	0	0	960	228	4364	0	0	0	15528	0	36112	0	156	0	23884	0	174	0	0	0	0	0	234	0	272	0	0	0	0	0	0	0	0	0	0	0	0	0	0	0	0	0	
185368	Temporal_Sup_R	0	702	0	386	0	0	0	0	0	0	86	558	0	0	0	356	0	4938	0	1060	0	0	0	0	0	0	0	0	102	7218	80	0	0	428	238	400	308	5420	126	1836	0	0	0	458	0	1666	0	128	0	2036	0	1322	0	88	0	3832	0	1014	0	0	0	862	0	7856	0	5788	0	1948	0	1568	170	0	0	230	0	0	286	954	0	6244	0	0	0	2670	0	18790	0	504	0	10028	0	0	0	0	0	0	0	0	0	0	0	0	0	0	0	0	0	0	0	0	0	0	0	0	0	0	
360060	Temporal_Pole_Sup_L	494	1588	11362	1414	764	0	5246	4104	594	0	24178	932	1638	0	2936	0	14540	780	4910	762	1308	164	1414	384	0	0	240	0	27436	870	2184	1428	838	372	0	0	1940	126	662	0	1526	0	0	0	0	0	0	0	0	0	0	0	0	0	3672	0	76	178	0	0	0	0	0	0	0	0	0	0	0	0	6042	826	1444	1566	0	996	0	0	0	168	15528	0	0	0	13212	0	6642	0	12546	0	0	0	0	0	0	0	0	0	0	0	0	0	0	0	0	0	0	0	0	0	0	0	0	0	0	0	
96988	Temporal_Pole_Sup_R	0	0	0	288	0	376	0	0	0	0	0	314	0	0	0	1334	0	260	0	0	344	1438	0	142	102	560	288	1246	0	3124	324	584	0	0	0	0	0	1258	0	3092	196	2464	0	0	0	0	0	0	0	0	0	0	0	0	0	7580	0	0	0	0	0	0	0	0	0	0	0	0	0	0	320	1490	136	2612	0	0	0	140	0	0	0	2670	0	0	0	3152	0	7046	0	5614	0	0	0	0	0	0	0	0	0	0	0	0	0	0	0	0	0	0	0	0	0	0	0	0	0	0	
440228	Temporal_Mid_L	1576	0	524	0	0	0	318	0	0	0	328	0	0	0	0	0	2782	0	356	118	0	0	0	0	0	0	0	0	2232	0	0	0	412	0	920	208	1764	128	156	0	80	0	4512	0	4238	0	1218	0	3772	0	30016	0	10714	0	6322	0	4754	0	462	0	3934	0	7718	0	10170	0	4310	90	1374	0	106	0	288	0	0	0	442	126	2098	0	36112	0	13212	0	0	0	7132	0	55092	0	0	0	0	0	0	0	0	0	0	0	0	0	0	0	0	0	0	0	0	0	0	0	0	0	0	0	
272572	Temporal_Mid_R	82	1264	0	310	0	0	0	0	0	0	0	166	0	0	0	0	0	342	144	2648	0	0	0	0	0	0	0	0	0	2276	0	0	0	1308	0	270	0	3820	0	710	0	0	0	6484	0	8220	0	690	0	8048	0	17080	0	1768	0	3460	0	172	0	0	0	444	0	3516	0	5502	316	8598	0	4108	0	138	0	0	0	0	0	474	0	2024	0	18790	0	3152	0	0	0	3008	0	26954	0	0	0	0	0	0	0	0	0	0	0	0	0	0	0	0	0	0	0	0	0	0	0	0	0	0	
52776	Temporal_Pole_Mid_L	0	0	0	0	0	0	0	0	0	0	0	0	0	0	0	0	0	0	0	0	0	0	0	0	0	0	0	0	0	0	0	0	0	0	0	0	168	0	648	0	410	0	0	0	0	0	0	0	0	0	0	0	0	0	2516	0	0	0	0	0	0	0	0	0	0	0	0	0	0	0	0	0	0	0	0	0	0	0	0	0	156	0	6642	0	7132	0	0	0	8716	0	0	0	0	0	0	0	0	0	0	0	0	0	0	0	0	0	0	0	0	0	0	0	0	0	0	0	
45200	Temporal_Pole_Mid_R	0	0	0	0	0	0	0	0	0	0	0	0	0	0	0	0	0	0	0	0	0	0	0	0	0	0	0	0	0	0	0	0	0	0	0	0	0	450	0	1720	0	1132	0	0	0	0	0	0	0	0	0	0	0	0	0	4206	0	0	0	0	0	0	0	0	0	0	0	0	0	0	0	0	0	208	0	0	0	0	0	0	0	504	0	7046	0	3008	0	0	0	4326	0	0	0	0	0	0	0	0	0	0	0	0	0	0	0	0	0	0	0	0	0	0	0	0	0	0	
421572	Temporal_Inf_L	958	86	1348	244	94	0	134	0	0	0	104	0	0	0	502	0	1086	0	1306	368	744	0	0	0	0	0	0	0	5226	0	0	0	416	0	908	508	11154	392	2338	0	1696	0	620	0	2068	0	200	188	2012	0	10270	0	7720	0	26606	0	2458	0	128	0	1896	0	2772	0	4260	0	1298	114	1112	0	92	0	2080	0	0	0	1526	396	2082	0	23884	0	12546	0	55092	0	8716	0	0	84	3310	0	216	0	0	0	2310	0	3700	0	282	0	522	0	224	0	0	0	0	0	96	148	146	0	0	0	
294248	Temporal_Inf_R	1456	1338	106	878	0	0	0	0	0	0	0	188	0	0	0	0	0	644	238	4898	0	0	0	0	0	0	0	0	184	5518	0	0	0	844	434	2090	644	10426	98	2200	0	252	0	5550	0	2644	0	1196	0	2616	0	4386	0	5136	116	23038	0	194	0	0	0	466	0	2908	0	2890	0	6038	84	2354	0	338	0	276	0	0	1230	3914	106	1128	0	10028	0	5614	0	26954	0	4326	84	0	0	582	0	300	0	0	0	0	0	0	0	0	0	192	0	0	0	0	0	0	0	0	0	0	0	0	
525704	Cerebelum_Crus1_L	0	0	0	0	0	0	0	0	0	0	0	0	0	0	0	0	0	0	0	0	0	0	0	0	0	0	0	0	0	0	0	0	0	0	76	0	624	0	976	0	0	0	268	0	0	0	10688	2386	0	0	338	0	1240	414	22036	1340	0	0	0	0	0	0	0	0	0	0	0	0	0	0	0	0	0	0	0	0	0	0	0	0	174	0	0	0	0	0	0	0	3310	0	0	6030	25052	3642	2704	1352	29736	3496	57710	6266	14912	582	23710	2852	7898	1332	732	0	1554	2734	10224	4638	7914	1756	1846	310	
420092	Cerebelum_Crus1_R	0	0	0	0	0	0	0	0	0	0	0	0	0	0	0	0	0	0	0	112	0	0	0	0	0	0	0	0	0	0	0	0	0	0	0	0	0	612	0	1006	0	0	228	106	0	0	1756	7348	0	0	0	0	0	638	524	13958	0	0	0	0	0	0	0	0	0	0	0	444	0	0	0	0	0	0	0	0	0	0	0	0	0	0	0	0	0	0	0	0	0	582	6030	0	2480	28430	0	3558	4244	23882	6028	44018	2152	5452	3412	16976	704	2496	0	0	388	1690	12590	7974	7488	1152	936	652	
335464	Cerebelum_Crus2_L	0	0	0	0	0	0	0	0	0	0	0	0	0	0	0	0	0	0	0	0	0	0	0	0	0	0	0	0	0	0	0	0	0	0	0	0	0	0	0	0	0	0	0	0	0	0	1264	1092	0	0	0	0	0	78	1960	686	0	0	0	0	0	0	0	0	0	0	0	0	0	0	0	0	0	0	0	0	0	0	0	0	0	0	0	0	0	0	0	0	216	0	25052	2480	0	10600	562	558	5354	2036	9136	2440	34644	4818	31274	3766	5014	1424	250	0	496	1006	3740	1024	10712	3940	1810	300	
378992	Cerebelum_Crus2_R	0	0	0	0	0	0	0	0	0	0	0	0	0	0	0	0	0	0	0	0	0	0	0	0	0	0	0	0	0	0	0	0	0	0	0	0	0	248	0	366	0	0	0	0	0	0	334	486	0	0	0	0	0	0	130	3118	0	0	0	0	0	0	0	0	0	0	0	120	0	0	0	0	0	0	0	0	0	0	0	0	0	0	0	0	0	0	0	0	0	300	3642	28430	10600	0	490	2624	2224	5654	2392	9468	8390	24278	6190	37548	820	7020	0	326	1288	2970	3904	778	11918	6618	6124	698	
56340	Cerebelum_3_L	0	0	0	0	0	0	0	0	0	0	0	0	0	0	0	0	0	0	0	0	0	0	0	0	0	0	0	0	0	0	0	0	0	0	0	0	0	0	386	0	0	0	0	0	0	0	80	144	0	0	0	0	0	0	382	0	0	0	0	0	0	0	0	0	0	0	0	0	0	0	0	0	0	0	0	0	0	0	0	0	0	0	0	0	0	0	0	0	0	0	2704	0	562	490	0	364	6702	0	3080	0	538	0	1282	504	1706	416	0	0	1410	4762	1226	104	290	490	548	0	
82584	Cerebelum_3_R	0	0	0	0	0	0	0	0	0	0	0	0	0	0	0	0	0	0	0	0	0	0	0	0	0	0	0	0	0	0	0	0	0	0	0	0	220	76	374	152	0	0	0	0	0	0	0	390	0	0	0	0	0	0	0	546	0	0	0	0	0	0	0	0	0	0	0	0	0	0	0	0	0	0	0	0	0	0	0	0	0	0	0	0	0	0	0	0	0	0	1352	3558	558	2624	364	0	1520	5136	1262	5082	556	270	1200	2632	404	876	0	0	700	5118	3272	0	420	1160	1470	0	
421204	Cerebelum_4_5_L	0	0	0	0	0	0	0	0	0	0	0	0	0	0	0	0	0	0	0	0	0	0	0	0	0	0	0	0	0	0	0	0	0	0	196	108	1458	146	2288	0	0	0	606	174	0	0	14220	3310	0	0	220	0	754	440	17712	1890	0	0	0	0	0	0	0	0	0	0	0	168	0	0	0	0	84	0	0	0	0	78	0	0	234	0	0	0	0	0	0	0	2310	0	29736	4244	5354	2224	6702	1520	0	5342	42806	5552	6088	132	11720	2488	5804	1060	288	0	1786	4188	19074	2524	1284	1450	1944	896	
326776	Cerebelum_4_5_R	0	0	0	0	0	0	0	0	0	0	0	0	0	0	0	0	0	0	0	0	0	0	0	0	0	0	0	0	0	174	0	0	0	0	0	0	114	3880	0	6326	0	0	1482	670	0	0	2186	11110	0	0	0	0	0	1218	420	16216	0	0	0	0	0	0	0	0	0	0	0	1002	0	0	0	0	0	806	0	316	0	0	0	0	0	0	0	0	0	0	0	0	0	0	3496	23882	2036	5654	0	5136	5342	0	4082	33732	2082	508	3266	3916	570	564	0	82	140	1902	18198	1536	236	268	840	0	
539348	Cerebelum_6_L	0	0	0	0	0	0	0	0	0	0	0	0	0	0	0	0	0	0	0	0	0	0	0	0	0	0	0	0	0	0	0	0	0	0	354	144	1444	144	1440	0	0	0	472	0	0	0	18268	3948	0	0	548	0	2046	620	30892	2070	0	0	0	0	0	0	0	0	0	0	96	138	0	0	0	0	0	0	0	0	0	110	0	0	272	0	0	0	0	0	0	0	3700	0	57710	6028	9136	2392	3080	1262	42806	4082	0	7534	8714	300	15728	2064	6676	928	554	0	1544	2704	13828	6940	5604	1174	1578	602	
429040	Cerebelum_6_R	0	0	0	0	0	0	0	0	0	0	0	0	0	0	0	0	0	0	0	0	0	0	0	0	0	0	0	0	0	0	0	0	0	0	0	0	0	658	0	1368	0	0	860	422	0	198	3032	12416	0	262	0	426	0	3020	1076	19148	0	0	0	0	0	0	0	0	0	0	0	476	0	0	0	0	0	80	0	0	0	0	0	0	0	0	0	0	0	0	0	0	0	0	6266	44018	2440	9468	0	5082	5552	33732	7534	0	2356	1274	3784	5686	798	1220	0	132	358	2308	17562	11748	6770	952	1204	834	
343184	Cerebelum_7b_L	0	0	0	0	0	0	0	0	0	0	0	0	0	0	0	0	0	0	0	0	0	0	0	0	0	0	0	0	0	0	0	0	0	0	0	0	0	0	0	0	0	0	0	0	0	0	616	958	0	0	0	0	0	0	1080	652	0	0	0	0	0	0	0	0	0	0	0	0	0	0	0	0	0	0	0	0	0	0	0	0	0	0	0	0	0	0	0	0	282	0	14912	2152	34644	8390	538	556	6088	2082	8714	2356	0	4126	42606	4612	8872	1760	568	0	468	894	3978	1042	9344	6522	2220	560	
158040	Cerebelum_7b_R	0	0	0	0	0	0	0	0	0	0	0	0	0	0	0	0	0	0	0	0	0	0	0	0	0	0	0	0	0	0	0	0	0	0	0	0	0	0	0	0	0	0	0	0	0	0	0	0	0	0	0	0	0	0	0	348	0	0	0	0	0	0	0	0	0	0	0	0	0	0	0	0	0	0	0	0	0	0	0	0	0	0	0	0	0	0	0	0	0	0	582	5452	4818	24278	0	270	132	508	300	1274	4126	0	3150	22762	260	2958	0	0	0	218	264	102	3832	2258	954	174	
467864	Cerebelum_8_L	0	0	0	0	0	0	0	0	0	0	0	0	0	0	0	0	0	0	0	0	0	0	0	0	0	0	0	0	0	0	0	0	0	0	0	0	0	0	0	0	0	0	184	0	0	0	1320	1162	0	0	0	0	0	102	1818	806	0	0	0	0	0	0	0	0	0	0	0	0	0	0	0	0	0	0	0	0	0	0	0	0	0	0	0	0	0	0	0	0	522	0	23710	3412	31274	6190	1282	1200	11720	3266	15728	3784	42606	3150	0	6836	27552	4072	2610	86	1104	1772	7500	2150	9314	10328	5620	1752	
351460	Cerebelum_8_R	0	0	0	0	0	0	0	0	0	0	0	0	0	0	0	0	0	0	0	0	0	0	0	0	0	0	0	0	0	0	0	0	0	0	0	0	0	206	0	216	0	0	0	0	0	0	130	128	0	0	0	0	0	0	0	1784	0	0	0	0	0	0	0	0	0	0	0	0	0	0	0	0	0	0	0	0	0	0	0	0	0	0	0	0	0	0	0	0	0	192	2852	16976	3766	37548	504	2632	2488	3916	2064	5686	4612	22762	6836	0	1624	24526	0	804	1456	3068	4432	498	5714	9186	7942	1182	
196044	Cerebelum_9_L	0	0	0	0	0	0	0	0	0	0	0	0	0	0	0	0	0	0	0	0	0	0	0	0	0	0	0	0	0	0	0	0	0	0	0	0	0	0	0	0	0	0	100	0	0	0	402	86	0	0	0	0	0	0	648	0	0	0	0	0	0	0	0	0	0	0	0	0	0	0	0	0	0	0	0	0	0	0	0	0	0	0	0	0	0	0	0	0	224	0	7898	704	5014	820	1706	404	5804	570	6676	798	8872	260	27552	1624	0	2584	3768	0	628	1364	3162	2020	3852	3104	4964	2414	
