data	data	476200	259660	790856	706124	214436	111148	576344	326396	84588	42236	180856	148624	241568	142076	270268	71164	146016	85692	589064	583920	77924	77780	393368	302764	99300	93408	60400	81452	505180	318720	323544	482956	141852	367596	115860	148344	191008	264164	84864	165084	33448	38284	196896	314580	201408	268716	276600	393436	207764	273000	526336	226876	187760	79352	405708	471264	352460	184140	182672	103096	219336	125384	130864	134264	219824	160260	361608	402020	167520	128580	266264	335956	240640	325968	40124	37120	144652	156148	55636	55420	203776	192304	79488	34476	311404	209784	11836	3384	279172	225888	747160	520224	552380	473156	65284	94564	379488	282712	600632	534516	450948	293112	536916	436968	215032	214696	53164	16844	38540	65172	294376	348816	398032	219872	130816	35720	
data	data	Precentral_L	Precentral_R	Frontal_Sup_L	Frontal_Sup_R	Frontal_Sup_Orb_L	Frontal_Sup_Orb_R	Frontal_Mid_L	Frontal_Mid_R	Frontal_Mid_Orb_L	Frontal_Mid_Orb_R	Frontal_Inf_Oper_L	Frontal_Inf_Oper_R	Frontal_Inf_Tri_L	Frontal_Inf_Tri_R	Frontal_Inf_Orb_L	Frontal_Inf_Orb_R	Rolandic_Oper_L	Rolandic_Oper_R	Supp_Motor_Area_L	Supp_Motor_Area_R	Olfactory_L	Olfactory_R	Frontal_Sup_Medial_L	Frontal_Sup_Medial_R	Frontal_Med_Orb_L	Frontal_Med_Orb_R	Rectus_L	Rectus_R	Insula_L	Insula_R	Cingulum_Ant_L	Cingulum_Ant_R	Cingulum_Mid_L	Cingulum_Mid_R	Cingulum_Post_L	Cingulum_Post_R	Hippocampus_L	Hippocampus_R	ParaHippocampal_L	ParaHippocampal_R	Amygdala_L	Amygdala_R	Calcarine_L	Calcarine_R	Cuneus_L	Cuneus_R	Lingual_L	Lingual_R	Occipital_Sup_L	Occipital_Sup_R	Occipital_Mid_L	Occipital_Mid_R	Occipital_Inf_L	Occipital_Inf_R	Fusiform_L	Fusiform_R	Postcentral_L	Postcentral_R	Parietal_Sup_L	Parietal_Sup_R	Parietal_Inf_L	Parietal_Inf_R	SupraMarginal_L	SupraMarginal_R	Angular_L	Angular_R	Precuneus_L	Precuneus_R	Paracentral_Lobule_L	Paracentral_Lobule_R	Caudate_L	Caudate_R	Putamen_L	Putamen_R	Pallidum_L	Pallidum_R	Thalamus_L	Thalamus_R	Heschl_L	Heschl_R	Temporal_Sup_L	Temporal_Sup_R	Temporal_Pole_Sup_L	Temporal_Pole_Sup_R	Temporal_Mid_L	Temporal_Mid_R	Temporal_Pole_Mid_L	Temporal_Pole_Mid_R	Temporal_Inf_L	Temporal_Inf_R	Cerebelum_Crus1_L	Cerebelum_Crus1_R	Cerebelum_Crus2_L	Cerebelum_Crus2_R	Cerebelum_3_L	Cerebelum_3_R	Cerebelum_4_5_L	Cerebelum_4_5_R	Cerebelum_6_L	Cerebelum_6_R	Cerebelum_7b_L	Cerebelum_7b_R	Cerebelum_8_L	Cerebelum_8_R	Cerebelum_9_L	Cerebelum_9_R	Cerebelum_10_L	Cerebelum_10_R	Vermis_1_2	Vermis_3	Vermis_4_5	Vermis_6	Vermis_7	Vermis_8	Vermis_9	Vermis_10	
476200	Precentral_L	0	2342	9130	1552	96	0	24794	0	0	0	15298	216	1916	0	92	0	9040	0	9448	14520	0	0	390	0	0	0	0	0	13948	154	820	222	498	4924	1424	1106	5404	1778	360	778	0	0	210	176	206	0	0	150	0	0	1400	0	804	0	884	942	39664	618	864	0	6574	0	2298	0	2476	0	700	492	14226	2002	6208	698	9542	0	2264	0	17912	1236	3462	0	996	0	250	0	284	0	0	0	200	112	0	0	0	0	0	0	0	0	0	0	0	0	0	0	0	0	0	0	0	0	0	0	0	0	0	0	
259660	Precentral_R	2342	0	208	18852	0	0	1062	21460	0	0	0	6302	0	1008	0	0	0	2294	740	2296	0	0	0	110	0	0	0	0	0	5844	470	1922	152	628	486	966	206	2502	0	778	0	0	0	152	0	158	0	110	0	216	0	186	0	0	0	794	296	11454	0	116	0	1350	0	1154	0	420	92	870	1132	1514	508	11166	80	13426	0	2668	546	8862	0	598	0	378	0	0	0	328	0	0	0	628	0	0	0	0	0	0	0	0	0	0	0	0	0	0	0	0	0	0	0	0	0	0	0	0	0	0	
790856	Frontal_Sup_L	9130	208	0	8818	14818	0	68608	1374	4316	0	6618	964	13870	106	14704	84	3782	0	73302	26066	1082	0	45780	1996	5978	0	584	0	26362	248	18070	3244	4220	4850	0	0	258	398	288	134	236	0	0	0	0	0	0	0	0	0	0	0	0	0	0	168	1054	0	0	0	0	0	0	0	104	0	0	0	1306	0	12504	1392	12382	166	1620	0	1474	122	144	0	766	0	1730	0	0	0	0	0	0	0	0	0	0	0	0	0	0	0	0	0	0	0	0	0	0	0	0	0	0	0	0	0	0	0	0	0	
706124	Frontal_Sup_R	1552	18852	8818	0	82	7182	2920	36104	0	2190	0	7082	0	11156	0	5742	0	322	19242	53444	0	378	8920	39566	0	3354	0	392	0	13502	5564	38650	1184	17558	0	0	104	710	0	204	0	88	0	0	0	0	0	0	0	0	0	0	0	0	0	84	146	0	0	0	0	0	0	0	0	0	0	0	836	88	5188	18352	514	15564	152	970	936	5290	0	0	0	0	0	80	0	0	0	0	0	0	0	0	0	0	0	0	0	0	0	0	0	0	0	0	0	0	0	0	0	0	0	0	0	0	0	0	
214436	Frontal_Sup_Orb_L	96	0	14818	82	0	0	4250	0	12422	0	266	0	5028	0	20214	0	0	0	2238	0	3316	98	8252	0	8758	0	5566	92	11178	0	6714	178	0	0	0	0	0	0	874	0	662	0	0	0	0	0	0	0	0	0	0	0	0	0	0	0	0	0	0	0	0	0	0	0	0	0	0	0	0	0	678	0	562	0	0	0	0	0	0	0	0	0	876	0	0	0	0	0	0	0	0	0	0	0	0	0	0	0	0	0	0	0	0	0	0	0	0	0	0	0	0	0	0	0	0	0	
111148	Frontal_Sup_Orb_R	0	0	0	7182	0	0	0	1032	0	3708	0	0	0	432	0	3792	0	0	116	432	0	2346	134	5394	0	9790	0	7002	0	3154	744	3176	0	0	0	0	0	0	0	0	0	154	0	0	0	0	0	0	0	0	0	0	0	0	0	0	0	0	0	0	0	0	0	0	0	0	0	0	0	0	0	682	0	6304	0	0	0	0	0	0	0	0	0	0	0	0	0	0	0	0	0	0	0	0	0	0	0	0	0	0	0	0	0	0	0	0	0	0	0	0	0	0	0	0	0	0	
576344	Frontal_Mid_L	24794	1062	68608	2920	4250	0	0	0	4966	0	16880	426	36422	0	13776	0	4394	0	22234	8016	420	0	16950	548	2304	0	244	0	23864	442	5544	1046	2398	504	100	100	1846	522	314	418	104	0	0	0	0	0	0	0	0	0	148	0	108	0	180	504	1924	220	148	0	574	0	204	0	280	0	190	118	880	650	4282	782	4128	0	1026	0	2030	0	556	0	1008	0	1816	0	0	0	0	0	0	0	0	0	0	0	0	0	0	0	0	0	0	0	0	0	0	0	0	0	0	0	0	0	0	0	0	0	
326396	Frontal_Mid_R	0	21460	1374	36104	0	1032	0	0	0	1604	0	10098	0	15898	0	3646	0	646	3728	6486	0	0	376	3706	0	116	0	0	0	10970	1090	9074	116	2854	0	0	0	514	0	202	0	0	0	0	0	0	0	0	0	0	0	0	0	0	0	126	0	564	0	0	0	0	0	0	0	0	0	0	0	0	1192	9278	224	17312	0	1496	110	1412	0	158	0	132	0	0	0	0	0	0	0	100	0	0	0	0	0	0	0	0	0	0	0	0	0	0	0	0	0	0	0	0	0	0	0	0	0	0	
84588	Frontal_Mid_Orb_L	0	0	4316	0	12422	0	4966	0	0	0	0	0	2294	0	13198	0	0	0	0	0	250	0	278	0	670	0	1836	0	938	0	580	0	82	0	0	0	0	0	0	0	0	0	0	0	0	0	0	0	0	0	0	0	0	0	0	0	0	0	0	0	0	0	0	0	0	0	0	0	0	0	80	0	0	0	0	0	0	0	0	0	0	0	384	0	0	0	0	0	0	0	0	0	0	0	0	0	0	0	0	0	0	0	0	0	0	0	0	0	0	0	0	0	0	0	0	0	
42236	Frontal_Mid_Orb_R	0	0	0	2190	0	3708	0	1604	0	0	0	0	0	468	0	8316	0	0	670	982	0	458	0	136	0	176	0	598	0	950	0	162	0	202	0	0	0	0	0	0	0	0	0	0	0	0	0	0	0	0	0	0	0	0	0	0	0	0	0	0	0	0	0	0	0	0	0	0	0	0	0	0	0	498	0	0	0	0	0	0	0	0	0	0	0	0	0	0	0	0	0	0	0	0	0	0	0	0	0	0	0	0	0	0	0	0	0	0	0	0	0	0	0	0	0	0	
180856	Frontal_Inf_Oper_L	15298	0	6618	0	266	0	16880	0	0	0	0	0	8350	0	544	0	8104	0	2572	0	0	0	772	0	180	0	0	0	13424	0	318	0	0	0	0	0	770	0	134	0	0	0	0	0	0	0	0	0	0	0	88	0	0	0	0	0	4858	0	0	0	130	0	168	0	184	0	0	0	0	0	612	0	2568	0	252	0	508	0	936	0	1862	0	4032	0	0	0	0	0	0	0	0	0	0	0	0	0	0	0	0	0	0	0	0	0	0	0	0	0	0	0	0	0	0	0	0	0	
148624	Frontal_Inf_Oper_R	216	6302	964	7082	0	0	426	10098	0	0	0	0	0	10560	0	306	0	4096	1160	4432	0	0	0	464	0	0	0	0	0	12054	134	5304	0	526	0	0	0	0	0	0	0	0	0	0	0	0	0	0	0	0	0	0	0	0	0	0	0	778	0	0	0	0	0	0	0	0	0	0	0	0	1596	704	534	4758	186	262	0	0	0	852	0	444	0	74	0	0	0	0	0	0	0	0	0	0	0	0	0	0	0	0	0	0	0	0	0	0	0	0	0	0	0	0	0	0	0	0	
241568	Frontal_Inf_Tri_L	1916	0	13870	0	5028	0	36422	0	2294	0	8350	0	0	0	19486	0	740	0	4212	228	324	0	4080	0	994	0	218	0	17084	0	1478	0	1004	150	0	0	0	0	80	0	0	0	0	0	0	0	0	0	0	0	0	0	0	0	0	0	202	0	0	0	0	0	0	0	0	0	0	0	0	0	0	0	464	0	0	0	0	0	0	0	190	0	1970	0	0	0	0	0	0	0	0	0	0	0	0	0	0	0	0	0	0	0	0	0	0	0	0	0	0	0	0	0	0	0	0	0	
142076	Frontal_Inf_Tri_R	0	1008	106	11156	0	432	0	15898	0	468	0	10560	0	0	0	2834	0	310	1154	4230	0	0	0	2668	0	444	0	0	0	9140	114	6910	0	868	0	0	0	0	0	0	0	0	0	0	0	0	0	0	0	0	0	0	0	0	0	0	0	0	0	0	0	0	0	0	0	0	0	0	0	0	0	138	0	2600	0	0	0	0	0	0	0	0	0	0	0	0	0	0	0	0	0	0	0	0	0	0	0	0	0	0	0	0	0	0	0	0	0	0	0	0	0	0	0	0	0	0	
270268	Frontal_Inf_Orb_L	92	0	14704	0	20214	0	13776	0	13198	0	544	0	19486	0	0	0	88	0	2190	188	2906	0	7326	0	5464	0	1500	0	18376	0	6192	0	1104	152	0	0	122	0	732	0	726	0	0	0	0	0	0	0	0	0	0	0	0	0	0	0	0	0	0	0	0	0	0	0	0	0	0	0	0	0	292	0	2396	0	0	0	0	0	0	0	0	0	3366	0	0	0	0	0	0	0	0	0	0	0	0	0	0	0	0	0	0	0	0	0	0	0	0	0	0	0	0	0	0	0	0	0	
71164	Frontal_Inf_Orb_R	0	0	84	5742	0	3792	0	3646	0	8316	0	306	0	2834	0	0	0	0	1026	1590	0	488	98	864	0	102	0	286	0	4366	0	686	0	392	0	0	0	0	0	0	0	98	0	0	0	0	0	0	0	0	0	0	0	0	0	0	0	0	0	0	0	0	0	0	0	0	0	0	0	0	0	0	0	784	0	0	0	0	0	0	0	0	0	82	0	0	0	0	0	0	0	0	0	0	0	0	0	0	0	0	0	0	0	0	0	0	0	0	0	0	0	0	0	0	0	0	
146016	Rolandic_Oper_L	9040	0	3782	0	0	0	4394	0	0	0	8104	0	740	0	88	0	0	0	442	0	0	0	144	0	0	0	0	0	11708	0	0	0	0	0	0	0	80	0	0	0	0	0	680	0	508	0	0	0	94	0	1172	0	338	0	250	0	9942	0	200	0	374	0	2516	0	894	0	844	0	0	0	1028	0	232	0	0	0	734	0	4000	0	6064	0	1198	0	2216	0	0	0	1202	0	0	0	0	0	0	0	0	0	0	0	0	0	0	0	0	0	0	0	0	0	0	0	0	0	0	0	
85692	Rolandic_Oper_R	0	2294	0	322	0	0	0	646	0	0	0	4096	0	310	0	0	0	0	0	170	0	0	0	0	0	0	0	0	0	11752	0	198	0	0	0	0	0	192	0	88	0	0	0	0	0	0	0	0	0	0	0	0	0	0	0	326	0	4162	0	0	0	538	0	3572	0	540	0	0	0	0	0	148	0	1280	0	202	0	0	0	5626	0	5136	0	322	0	652	0	0	0	274	0	0	0	0	0	0	0	0	0	0	0	0	0	0	0	0	0	0	0	0	0	0	0	0	0	0	
589064	Supp_Motor_Area_L	9448	740	73302	19242	2238	116	22234	3728	0	670	2572	1160	4212	1154	2190	1026	442	0	0	49710	174	0	12144	5126	1706	142	86	0	11496	674	9132	6620	7546	18258	228	426	108	446	0	0	0	0	0	0	0	0	0	0	0	0	0	0	0	0	0	0	100	0	0	0	0	0	0	0	0	0	0	0	9432	414	6978	914	5990	136	314	0	868	116	0	0	84	0	690	0	0	0	0	0	0	0	0	0	0	0	0	0	0	0	0	0	0	0	0	0	0	0	0	0	0	0	0	0	0	0	0	0	
583920	Supp_Motor_Area_R	14520	2296	26066	53444	0	432	8016	6486	0	982	0	4432	228	4230	188	1590	0	170	49710	0	0	0	1674	8072	0	362	0	0	254	4920	2456	16998	5372	31380	466	824	230	498	0	88	0	0	0	0	0	0	0	0	0	0	0	0	0	0	0	90	1038	910	0	0	0	0	0	0	0	0	350	656	15696	5610	5000	7080	496	6730	316	244	998	362	0	0	0	0	0	0	0	0	0	0	0	0	0	0	0	0	0	0	0	0	0	0	0	0	0	0	0	0	0	0	0	0	0	0	0	0	0	0	
77924	Olfactory_L	0	0	1082	0	3316	0	420	0	250	0	0	0	324	0	2906	0	0	0	174	0	0	3714	398	0	958	0	3618	2744	3200	0	2406	1926	0	0	0	0	462	0	1334	0	1388	0	0	0	0	0	0	0	0	0	0	0	0	0	0	0	0	0	0	0	0	0	0	0	0	0	0	0	0	0	4714	1398	720	614	0	0	0	0	0	0	0	0	896	0	0	0	0	0	0	0	0	0	0	0	0	0	0	0	0	0	0	0	0	0	0	0	0	0	0	0	0	0	0	0	0	0	
77780	Olfactory_R	0	0	0	378	98	2346	0	0	0	458	0	0	0	0	0	488	0	0	0	0	3714	0	0	118	0	786	2088	5526	84	1542	1442	2808	0	0	0	0	0	0	0	0	0	686	0	0	0	0	0	0	0	0	0	0	0	0	0	0	0	0	0	0	0	0	0	0	0	0	0	0	0	0	6458	4688	3046	1982	78	76	0	0	0	0	0	0	0	0	0	0	0	0	0	0	0	0	0	0	0	0	0	0	0	0	0	0	0	0	0	0	0	0	0	0	0	0	0	0	0	0	
393368	Frontal_Sup_Medial_L	390	0	45780	8920	8252	134	16950	376	278	0	772	0	4080	0	7326	98	144	0	12144	1674	398	0	0	15754	6952	414	240	0	15034	340	22840	9438	3954	9186	0	0	94	0	158	0	226	0	0	0	0	0	0	0	0	0	0	0	0	0	0	0	0	0	0	0	0	0	0	0	0	0	0	0	0	0	144	0	3314	318	0	0	0	0	0	0	0	0	562	0	0	0	0	0	0	0	0	0	0	0	0	0	0	0	0	0	0	0	0	0	0	0	0	0	0	0	0	0	0	0	0	0	
302764	Frontal_Sup_Medial_R	0	110	1996	39566	0	5394	548	3706	0	136	0	464	0	2668	0	864	0	0	5126	8072	0	118	15754	0	220	6998	0	906	0	4588	5008	28220	224	12948	0	0	0	0	0	0	0	0	0	0	0	0	0	0	0	0	0	0	0	0	0	0	0	0	0	0	0	0	0	0	0	0	0	0	0	0	380	1562	0	5694	0	112	0	0	0	0	0	0	0	0	0	0	0	0	0	0	0	0	0	0	0	0	0	0	0	0	0	0	0	0	0	0	0	0	0	0	0	0	0	0	0	0	
99300	Frontal_Med_Orb_L	0	0	5978	0	8758	0	2304	0	670	0	180	0	994	0	5464	0	0	0	1706	0	958	0	6952	220	0	224	1708	0	5172	0	6450	0	0	0	0	0	0	0	138	0	130	0	0	0	0	0	0	0	0	0	0	0	0	0	0	0	0	0	0	0	0	0	0	0	0	0	0	0	0	0	420	0	892	0	0	0	0	0	0	0	0	0	332	0	0	0	0	0	0	0	0	0	0	0	0	0	0	0	0	0	0	0	0	0	0	0	0	0	0	0	0	0	0	0	0	0	
93408	Frontal_Med_Orb_R	0	0	0	3354	0	9790	0	116	0	176	0	0	0	444	0	102	0	0	142	362	0	786	414	6998	224	0	0	6928	0	896	1522	6556	0	126	0	0	0	0	0	0	0	0	0	0	0	0	0	0	0	0	0	0	0	0	0	0	0	0	0	0	0	0	0	0	0	0	0	0	0	0	0	1466	0	6302	0	0	0	0	0	0	0	0	0	0	0	0	0	0	0	0	0	0	0	0	0	0	0	0	0	0	0	0	0	0	0	0	0	0	0	0	0	0	0	0	0	0	
60400	Rectus_L	0	0	584	0	5566	0	244	0	1836	0	0	0	218	0	1500	0	0	0	86	0	3618	2088	240	0	1708	0	0	1614	390	0	3844	1846	0	0	0	0	0	0	0	0	92	0	0	0	0	0	0	0	0	0	0	0	0	0	0	0	0	0	0	0	0	0	0	0	0	0	0	0	0	0	2684	1154	90	798	0	0	0	0	0	0	0	0	0	0	0	0	0	0	0	0	0	0	0	0	0	0	0	0	0	0	0	0	0	0	0	0	0	0	0	0	0	0	0	0	0	0	
81452	Rectus_R	0	0	0	392	92	7002	0	0	0	598	0	0	0	0	0	286	0	0	0	0	2744	5526	0	906	0	6928	1614	0	0	842	1320	4920	0	0	0	0	0	0	0	0	0	146	0	0	0	0	0	0	0	0	0	0	0	0	0	0	0	0	0	0	0	0	0	0	0	0	0	0	0	0	2662	1794	644	2310	0	0	0	0	0	0	0	0	0	0	0	0	0	0	0	0	0	0	0	0	0	0	0	0	0	0	0	0	0	0	0	0	0	0	0	0	0	0	0	0	0	0	
505180	Insula_L	13948	0	26362	0	11178	0	23864	0	938	0	13424	0	17084	0	18376	0	11708	0	11496	254	3200	84	15034	0	5172	0	390	0	0	0	9916	0	392	0	0	94	9040	300	2310	0	2758	0	280	0	204	0	0	0	86	0	784	0	194	0	1418	0	7616	0	454	0	490	0	1038	0	784	0	600	0	132	0	2092	0	16794	0	0	0	3462	304	4812	0	4796	0	6646	0	918	0	0	0	1364	0	0	0	0	0	0	0	0	0	0	0	0	0	0	0	0	0	0	0	0	0	0	0	0	0	0	0	
318720	Insula_R	154	5844	248	13502	0	3154	442	10970	0	950	0	12054	0	9140	0	4366	0	11752	674	4920	0	1542	340	4588	0	896	0	842	0	0	428	9862	108	1032	0	0	76	3758	0	674	0	1564	0	0	0	0	0	0	0	0	0	0	0	0	0	4464	0	1498	0	0	0	144	0	456	0	102	0	0	0	0	594	1160	174	19538	182	486	202	1000	0	5682	0	11316	0	1162	0	2352	0	0	0	4968	0	0	0	0	0	0	0	0	0	0	0	0	0	0	0	0	0	0	0	0	0	0	0	0	0	0	
323544	Cingulum_Ant_L	820	470	18070	5564	6714	744	5544	1090	580	0	318	134	1478	114	6192	0	0	0	9132	2456	2406	1442	22840	5008	6450	1522	3844	1320	9916	428	0	15434	4644	2344	0	0	0	0	98	0	150	0	0	0	0	0	0	0	0	0	0	0	0	0	0	0	0	0	0	0	0	0	0	0	0	0	0	0	0	0	5848	5584	9446	2972	0	234	0	0	0	0	0	0	422	0	0	0	0	0	0	0	0	0	0	0	0	0	0	0	0	0	0	0	0	0	0	0	0	0	0	0	0	0	0	0	0	0	
482956	Cingulum_Ant_R	222	1922	3244	38650	178	3176	1046	9074	0	162	0	5304	0	6910	0	686	0	198	6620	16998	1926	2808	9438	28220	0	6556	1846	4920	0	9862	15434	0	1896	17804	0	0	0	84	0	0	0	0	0	0	0	0	0	0	0	0	0	0	0	0	0	0	0	0	0	0	0	0	0	0	0	0	0	0	0	0	5194	22772	1014	16200	116	802	108	88	0	0	0	0	0	0	0	0	0	0	0	0	0	0	0	0	0	0	0	0	0	0	0	0	0	0	0	0	0	0	0	0	0	0	0	0	0	0	
141852	Cingulum_Mid_L	498	152	4220	1184	0	0	2398	116	82	0	0	0	1004	0	1104	0	0	0	7546	5372	0	0	3954	224	0	0	0	0	392	108	4644	1896	0	9214	5448	1142	0	92	0	0	0	0	0	210	562	160	0	196	530	258	1398	0	146	0	0	100	2136	316	578	0	542	0	154	0	390	0	3988	936	2626	3578	0	140	0	108	0	0	0	154	0	0	0	0	0	0	580	0	0	0	350	0	0	0	0	0	0	0	0	0	0	0	0	0	0	0	0	0	0	0	0	0	0	0	0	0	0	0	
367596	Cingulum_Mid_R	4924	628	4850	17558	0	0	504	2854	0	202	0	526	150	868	152	392	0	0	18258	31380	0	0	9186	12948	0	126	0	0	0	1032	2344	17804	9214	0	2322	7482	0	222	0	86	0	0	0	1292	0	2050	0	1132	0	2036	0	490	0	0	0	144	932	1060	0	102	0	0	0	0	0	0	1054	9534	7796	8650	0	214	0	974	0	0	0	148	0	0	0	0	0	0	0	92	0	0	0	86	0	0	0	0	0	0	0	0	0	0	0	0	0	0	0	0	0	0	0	0	0	0	0	0	0	0	
115860	Cingulum_Post_L	1424	486	0	0	0	0	100	0	0	0	0	0	0	0	0	0	0	0	228	466	0	0	0	0	0	0	0	0	0	0	0	0	5448	2322	0	10820	5798	3634	1462	876	0	0	1666	372	1682	0	892	456	854	0	298	0	378	0	1004	384	4652	0	0	0	0	0	0	0	0	0	6126	2118	1206	1614	0	0	0	0	0	0	140	428	0	0	0	0	0	0	0	0	0	0	596	0	0	0	0	0	0	0	0	0	0	0	0	0	0	0	0	0	0	0	0	0	0	0	0	0	0	0	
148344	Cingulum_Post_R	1106	966	0	0	0	0	100	0	0	0	0	0	0	0	0	0	0	0	426	824	0	0	0	0	0	0	0	0	94	0	0	0	1142	7482	10820	0	4578	6254	386	2408	0	0	0	3856	0	1040	90	3312	0	596	0	700	0	170	0	2358	738	1854	0	0	0	142	0	152	0	86	1044	14640	478	2278	0	0	0	0	0	0	626	998	98	0	0	88	0	0	0	578	0	0	0	1414	0	0	0	0	0	0	0	0	0	0	0	0	0	0	0	0	0	0	0	0	250	0	0	0	0	0	
191008	Hippocampus_L	5404	206	258	104	0	0	1846	0	0	0	770	0	0	0	122	0	80	0	108	230	462	0	94	0	0	0	0	0	9040	76	0	0	0	0	5798	4578	0	5244	9498	1070	4984	0	1368	0	0	0	3164	126	0	0	82	0	338	0	9418	224	1146	0	0	0	0	0	78	0	0	0	2654	910	0	0	1528	0	5586	0	592	0	5478	2358	1590	0	1916	0	1330	0	292	0	0	0	5272	0	0	0	0	0	0	0	82	0	0	0	0	0	0	0	0	0	0	0	0	0	0	0	0	0	0	0	
264164	Hippocampus_R	1778	2502	398	710	0	0	522	514	0	0	0	0	0	0	0	0	0	192	446	498	0	0	0	0	0	0	0	0	300	3758	0	84	92	222	3634	6254	5244	0	284	20542	0	6410	0	3228	0	210	172	6714	0	0	0	332	0	0	0	23596	314	292	0	0	0	80	0	150	0	0	182	7510	200	230	100	3372	0	3928	0	480	3256	10316	238	854	92	3718	0	1360	0	808	0	0	0	5192	0	0	0	0	0	0	0	96	0	232	0	0	0	0	0	0	0	0	0	0	276	170	0	0	0	0	
84864	ParaHippocampal_L	360	0	288	0	874	0	314	0	0	0	134	0	80	0	732	0	0	0	0	0	1334	0	158	0	138	0	0	0	2310	0	98	0	0	0	1462	386	9498	284	0	0	1358	0	960	0	0	0	4010	0	0	0	694	0	870	0	6598	0	0	0	0	0	0	0	186	0	0	0	1984	86	0	0	0	0	1062	0	0	0	694	0	0	0	938	0	556	0	392	0	0	0	2910	0	0	0	0	0	148	0	218	0	128	0	0	0	0	0	0	0	0	0	0	76	0	114	0	0	0	0	
165084	ParaHippocampal_R	778	778	134	204	0	0	418	202	0	0	0	0	0	0	0	0	0	88	0	88	0	0	0	0	0	0	0	0	0	674	0	0	0	86	876	2408	1070	20542	0	0	0	2530	0	1560	0	0	0	4840	0	0	0	102	0	110	0	21202	102	276	0	0	0	230	0	1090	0	0	0	3978	108	214	0	4238	0	706	0	304	884	8016	0	386	0	624	0	608	0	110	0	0	0	1154	0	84	0	0	0	0	0	358	0	232	0	0	0	0	0	0	0	0	0	0	150	0	0	0	0	0	
33448	Amygdala_L	0	0	236	0	662	0	104	0	0	0	0	0	0	0	726	0	0	0	0	0	1388	0	226	0	130	0	92	0	2758	0	150	0	0	0	0	0	4984	0	1358	0	0	0	0	0	0	0	0	0	0	0	0	0	0	0	1960	0	0	0	0	0	0	0	0	0	0	0	0	0	0	0	0	0	214	0	0	0	0	0	0	0	0	0	1210	0	0	0	0	0	526	0	0	0	0	0	0	0	0	0	0	0	0	0	0	0	0	0	0	0	0	0	0	0	0	0	0	0	
38284	Amygdala_R	0	0	0	88	0	154	0	0	0	0	0	0	0	0	0	98	0	0	0	0	0	686	0	0	0	0	0	146	0	1564	0	0	0	0	0	0	0	6410	0	2530	0	0	0	0	0	0	0	0	0	0	0	0	0	0	0	5042	0	0	0	0	0	0	0	0	0	0	0	0	0	0	0	0	0	640	0	0	0	0	0	0	0	0	0	1326	0	0	0	0	0	458	0	0	0	0	0	0	0	0	0	0	0	0	0	0	0	0	0	0	0	0	0	0	0	0	0	0	
196896	Calcarine_L	210	0	0	0	0	0	0	0	0	0	0	0	0	0	0	0	680	0	0	0	0	0	0	0	0	0	0	0	280	0	0	0	0	0	1666	0	1368	0	960	0	0	0	0	3800	17190	1998	11572	1660	7264	616	15240	0	4776	0	3044	0	360	0	0	0	0	0	722	0	256	0	13844	154	200	0	0	0	0	0	0	0	0	0	92	0	454	0	0	0	3794	0	0	0	4414	0	194	0	0	0	0	0	226	84	398	140	0	0	0	0	0	0	0	0	0	0	392	400	0	0	0	0	
314580	Calcarine_R	176	152	0	0	0	0	0	0	0	0	0	0	0	0	0	0	0	0	0	0	0	0	0	0	0	0	0	0	0	0	0	0	210	1292	372	3856	0	3228	0	1560	0	0	3800	0	7322	23464	652	30180	0	17778	0	10896	0	5118	0	9250	238	1714	0	662	0	154	0	160	0	106	222	24216	0	2664	0	0	0	0	0	0	0	0	0	0	0	0	0	0	0	1990	0	0	0	4364	124	132	0	0	0	0	0	0	182	510	0	0	0	0	0	0	0	0	0	0	76	470	0	0	0	0	
201408	Cuneus_L	206	0	0	0	0	0	0	0	0	0	0	0	0	0	0	0	508	0	0	0	0	0	0	0	0	0	0	0	204	0	0	0	562	0	1682	0	0	0	0	0	0	0	17190	7322	0	9496	1678	660	16568	4326	11396	500	1704	0	668	180	1276	0	596	480	0	0	490	0	304	0	14608	1098	418	0	0	0	0	0	0	0	0	0	74	0	314	0	0	0	3526	0	0	0	2590	0	80	0	0	0	0	0	0	0	0	0	0	0	0	0	0	0	0	0	0	0	0	0	0	0	0	0	
268716	Cuneus_R	0	158	0	0	0	0	0	0	0	0	0	0	0	0	0	0	0	0	0	0	0	0	0	0	0	0	0	0	0	0	0	0	160	2050	0	1040	0	210	0	0	0	0	1998	23464	9496	0	160	4572	228	38800	122	11186	0	648	0	642	0	2480	0	4424	0	0	0	0	0	484	4036	24296	0	2052	0	0	0	0	0	0	0	0	0	0	0	0	0	0	0	912	0	0	0	740	0	0	0	0	0	0	0	0	0	0	0	0	0	0	0	0	0	0	0	0	0	0	0	0	0	0	
276600	Lingual_L	0	0	0	0	0	0	0	0	0	0	0	0	0	0	0	0	0	0	0	0	0	0	0	0	0	0	0	0	0	0	0	0	0	0	892	90	3164	172	4010	0	0	0	11572	652	1678	160	0	3030	2760	0	16762	0	9956	146	18318	1284	0	0	0	0	0	0	182	0	0	0	3078	126	0	0	0	0	0	0	0	0	316	0	0	0	100	0	0	0	158	0	0	0	1050	0	7826	1916	746	208	118	0	10522	1910	17806	3530	214	120	244	126	180	94	0	0	0	86	3448	7494	1804	130	122	0	
393436	Lingual_R	150	110	0	0	0	0	0	0	0	0	0	0	0	0	0	0	0	0	0	0	0	0	0	0	0	0	0	0	0	0	0	0	196	1132	456	3312	126	6714	0	4840	0	0	1660	30180	660	4572	3030	0	0	4968	0	5548	0	5420	1280	24764	224	1002	0	0	0	118	0	126	0	0	0	20842	0	1900	0	0	0	0	0	0	0	504	0	0	0	0	0	0	0	1380	0	0	0	1884	4582	9046	666	898	84	172	2798	7798	7286	17344	114	698	306	1304	0	102	0	0	0	0	6464	8684	1274	0	0	0	
207764	Occipital_Sup_L	0	0	0	0	0	0	0	0	0	0	0	0	0	0	0	0	94	0	0	0	0	0	0	0	0	0	0	0	86	0	0	0	530	0	854	0	0	0	0	0	0	0	7264	0	16568	228	2760	0	0	0	33138	0	486	0	242	0	2232	0	10928	0	1084	0	138	0	3748	0	17946	100	1634	0	0	0	0	0	0	0	0	0	0	0	0	0	0	0	3388	0	0	0	434	0	0	0	0	0	0	0	0	0	0	0	0	0	0	0	0	0	0	0	0	0	0	0	0	0	0	0	
273000	Occipital_Sup_R	0	216	0	0	0	0	0	0	0	0	0	0	0	0	0	0	0	0	0	0	0	0	0	0	0	0	0	0	0	0	0	0	258	2036	0	596	0	0	0	0	0	0	616	17778	4326	38800	0	4968	0	0	0	19244	0	1160	0	846	0	4448	0	8186	0	252	0	0	0	2966	2732	21842	0	2930	0	0	0	0	0	0	0	0	0	0	0	0	0	0	0	1388	0	0	0	912	0	0	0	0	0	0	0	0	0	0	0	0	0	0	0	0	0	0	0	0	0	0	0	0	0	0	
526336	Occipital_Mid_L	1400	0	0	0	0	0	148	0	0	0	88	0	0	0	0	0	1172	0	0	0	0	0	0	0	0	0	0	0	784	0	0	0	1398	0	298	0	82	0	694	0	0	0	15240	0	11396	122	16762	0	33138	0	0	0	27344	0	8496	0	8280	0	21084	0	13866	0	3522	0	30076	0	25110	86	2842	0	0	0	0	0	0	0	0	0	0	0	1840	0	0	0	24206	0	0	0	8828	0	726	0	0	0	0	0	0	0	2084	0	0	0	0	0	0	0	0	0	0	0	0	2056	0	0	0	0	
226876	Occipital_Mid_R	0	186	0	0	0	0	0	0	0	0	0	0	0	0	0	0	0	0	0	0	0	0	0	0	0	0	0	0	0	0	0	0	0	490	0	700	0	332	0	102	0	0	0	10896	500	11186	0	5548	0	19244	0	0	0	7576	0	1914	0	1696	0	3262	0	2920	0	298	0	15680	262	7764	0	548	0	0	0	0	0	0	0	0	0	0	0	794	0	0	0	14290	0	0	0	7250	0	0	0	0	0	0	0	0	0	0	0	0	0	0	0	0	0	0	0	0	0	0	0	0	0	0	
187760	Occipital_Inf_L	804	0	0	0	0	0	108	0	0	0	0	0	0	0	0	0	338	0	0	0	0	0	0	0	0	0	0	0	194	0	0	0	146	0	378	0	338	0	870	0	0	0	4776	0	1704	0	9956	0	486	0	27344	0	0	0	15862	0	2272	0	168	0	182	0	1844	0	1240	0	2884	0	494	0	0	0	0	0	0	0	0	0	344	0	1086	0	0	0	4324	0	0	0	8974	0	946	0	0	0	0	0	0	0	2988	0	0	0	0	0	0	0	0	0	0	0	0	2830	0	0	0	0	
79352	Occipital_Inf_R	0	0	0	0	0	0	0	0	0	0	0	0	0	0	0	0	0	0	0	0	0	0	0	0	0	0	0	0	0	0	0	0	0	0	0	170	0	0	0	110	0	0	0	5118	0	648	146	5420	0	1160	0	7576	0	0	0	6710	0	302	0	0	0	0	0	0	0	0	0	1708	0	132	0	0	0	0	0	0	0	0	0	0	0	0	0	0	0	1984	0	0	0	6652	220	162	0	0	0	0	0	0	300	552	0	0	0	0	0	0	0	0	0	0	0	396	210	0	0	0	
405708	Fusiform_L	884	0	0	0	0	0	180	0	0	0	0	0	0	0	0	0	250	0	0	0	0	0	0	0	0	0	0	0	1418	0	0	0	0	0	1004	0	9418	0	6598	0	1960	0	3044	0	668	0	18318	1280	242	0	8496	0	15862	0	0	692	1078	0	0	0	0	0	2010	0	0	0	2176	0	98	0	0	0	466	0	0	0	540	0	1178	0	8482	0	1032	0	6344	0	1150	0	20136	0	24748	1120	3182	280	152	154	10250	278	30374	2194	1822	0	2170	172	280	232	76	0	0	0	1094	7306	1454	248	264	0	
471264	Fusiform_R	942	794	168	84	0	0	504	126	0	0	0	0	0	0	0	0	0	326	0	90	0	0	0	0	0	0	0	0	0	4464	0	0	100	144	384	2358	224	23596	0	21202	0	5042	0	9250	180	642	1284	24764	0	846	0	1914	0	6710	692	0	138	1454	0	0	0	940	0	1874	0	340	0	6536	156	458	0	5820	0	272	0	322	410	8010	0	1070	0	7044	0	3174	0	2544	0	546	0	21888	3980	13024	386	344	0	750	1652	7484	5302	20596	0	110	188	246	0	0	0	0	0	0	4050	6682	1012	0	0	0	
352460	Postcentral_L	39664	296	1054	146	0	0	1924	0	0	0	4858	0	202	0	0	0	9942	0	100	1038	0	0	0	0	0	0	0	0	7616	0	0	0	2136	932	4652	738	1146	314	0	102	0	0	360	238	1276	0	0	224	2232	0	8280	0	2272	0	1078	138	0	122	8048	0	22820	0	9040	0	4306	0	9880	620	7018	1124	1428	106	2892	0	406	0	5202	372	3068	0	1876	0	0	0	3162	0	0	0	1604	0	178	0	0	0	0	0	0	0	0	0	0	0	0	0	0	0	0	0	0	0	0	0	0	0	0	0	
184140	Postcentral_R	618	11454	0	0	0	0	220	564	0	0	0	778	0	0	0	0	0	4162	0	910	0	0	0	0	0	0	0	0	0	1498	0	0	316	1060	0	1854	0	292	0	276	0	0	0	1714	0	2480	0	1002	0	4448	0	1696	0	302	0	1454	122	0	0	6184	0	9058	0	8780	0	1872	814	10096	402	9346	0	554	0	524	0	522	0	566	0	1388	0	972	0	0	0	1240	0	0	0	2532	0	0	0	0	0	0	0	0	0	0	0	0	0	0	0	0	0	0	0	0	0	0	0	0	0	0	
182672	Parietal_Sup_L	864	0	0	0	0	0	148	0	0	0	0	0	0	0	0	0	200	0	0	0	0	0	0	0	0	0	0	0	454	0	0	0	578	0	0	0	0	0	0	0	0	0	0	0	596	0	0	0	10928	0	21084	0	168	0	0	0	8048	0	0	0	14498	0	1082	0	11002	0	17934	86	1430	0	0	0	0	0	0	0	0	0	0	0	458	0	0	0	1554	0	0	0	224	0	0	0	0	0	0	0	0	0	0	0	0	0	0	0	0	0	0	0	0	0	0	0	0	0	0	0	
103096	Parietal_Sup_R	0	116	0	0	0	0	0	0	0	0	0	0	0	0	0	0	0	0	0	0	0	0	0	0	0	0	0	0	0	0	0	0	0	102	0	0	0	0	0	0	0	0	0	662	480	4424	0	0	0	8186	0	3262	0	0	0	0	0	6184	0	0	0	6776	0	732	0	6498	1474	10570	0	1150	0	0	0	0	0	0	0	0	0	0	0	144	0	0	0	512	0	0	0	276	0	0	0	0	0	0	0	0	0	0	0	0	0	0	0	0	0	0	0	0	0	0	0	0	0	0	
219336	Parietal_Inf_L	6574	0	0	0	0	0	574	0	0	0	130	0	0	0	0	0	374	0	0	0	0	0	0	0	0	0	0	0	490	0	0	0	542	0	0	0	0	0	0	0	0	0	0	0	0	0	0	0	1084	0	13866	0	182	0	0	0	22820	0	14498	0	0	0	14554	0	21272	0	5924	0	1046	0	108	0	0	0	0	0	80	0	0	0	1684	0	0	0	3486	0	0	0	380	0	0	0	0	0	0	0	0	0	0	0	0	0	0	0	0	0	0	0	0	0	0	0	0	0	0	0	
125384	Parietal_Inf_R	0	1350	0	0	0	0	0	0	0	0	0	0	0	0	0	0	0	538	0	0	0	0	0	0	0	0	0	0	0	144	0	0	0	0	0	142	0	80	0	230	0	0	0	154	0	0	0	118	0	252	0	2920	0	0	0	940	0	9058	0	6776	0	0	0	15372	0	17896	0	322	0	124	0	0	0	76	0	146	0	0	0	144	0	1508	0	0	0	3316	0	0	0	1086	0	0	0	0	0	0	0	0	0	0	0	0	0	0	0	0	0	0	0	0	0	0	0	0	0	0	
130864	SupraMarginal_L	2298	0	0	0	0	0	204	0	0	0	168	0	0	0	0	0	2516	0	0	0	0	0	0	0	0	0	0	0	1038	0	0	0	154	0	0	0	78	0	186	0	0	0	722	0	490	0	182	0	138	0	3522	0	1844	0	2010	0	9040	0	1082	0	14554	0	0	0	9938	0	2296	0	230	0	0	0	0	0	0	0	0	0	726	0	5190	0	0	0	5582	0	0	0	1244	0	0	0	0	0	0	0	0	0	0	0	0	0	0	0	0	0	0	0	0	0	0	0	0	0	0	0	
134264	SupraMarginal_R	0	1154	0	0	0	0	0	0	0	0	0	0	0	0	0	0	0	3572	0	0	0	0	0	0	0	0	0	0	0	456	0	0	0	0	0	152	0	150	0	1090	0	0	0	160	0	0	0	126	0	0	0	298	0	0	0	1874	0	8780	0	732	0	15372	0	0	0	11442	0	288	0	0	0	0	0	0	0	0	0	0	0	510	0	11054	0	0	0	9026	0	0	0	896	0	0	0	0	0	0	0	0	0	0	0	0	0	0	0	0	0	0	0	0	0	0	0	0	0	0	
219824	Angular_L	2476	0	104	0	0	0	280	0	0	0	184	0	0	0	0	0	894	0	0	0	0	0	0	0	0	0	0	0	784	0	0	0	390	0	0	0	0	0	0	0	0	0	256	0	304	0	0	0	3748	0	30076	0	1240	0	0	0	4306	0	11002	0	21272	0	9938	0	0	0	6622	0	576	0	0	0	0	0	0	0	0	0	0	0	2878	0	0	0	11762	0	0	0	820	0	0	0	0	0	0	0	0	0	0	0	0	0	0	0	0	0	0	0	0	0	0	0	0	0	0	0	
160260	Angular_R	0	420	0	0	0	0	0	0	0	0	0	0	0	0	0	0	0	540	0	0	0	0	0	0	0	0	0	0	0	102	0	0	0	0	0	86	0	0	0	0	0	0	0	106	0	484	0	0	0	2966	0	15680	0	0	0	340	0	1872	0	6498	0	17896	0	11442	0	0	0	856	0	290	0	0	0	0	0	0	0	0	0	130	0	7186	0	0	0	12120	0	0	0	1116	0	0	0	0	0	0	0	0	0	0	0	0	0	0	0	0	0	0	0	0	0	0	0	0	0	0	
361608	Precuneus_L	700	92	0	0	0	0	190	0	0	0	0	0	0	0	0	0	844	0	0	350	0	0	0	0	0	0	0	0	600	0	0	0	3988	1054	6126	1044	2654	182	1984	0	0	0	13844	222	14608	4036	3078	0	17946	2732	25110	262	2884	0	2176	0	9880	814	17934	1474	5924	0	2296	0	6622	0	0	8578	6580	576	0	0	0	0	0	0	0	0	0	0	904	0	0	0	7740	104	0	0	4266	116	136	0	0	0	0	0	0	0	78	0	0	0	0	0	0	0	0	0	0	0	0	76	0	0	0	0	
402020	Precuneus_R	492	870	0	0	0	0	118	0	0	0	0	0	0	0	0	0	0	0	0	656	0	0	0	0	0	0	0	0	0	0	0	0	936	9534	2118	14640	910	7510	86	3978	0	0	154	24216	1098	24296	126	20842	100	21842	86	7764	0	1708	0	6536	620	10096	86	10570	0	322	0	288	0	856	8578	0	248	10340	0	0	0	0	0	0	94	132	0	0	0	160	0	0	0	2514	0	0	0	4206	0	88	0	0	0	0	0	124	122	282	0	0	0	0	0	0	0	0	0	0	284	384	0	0	0	0	
167520	Paracentral_Lobule_L	14226	1132	1306	836	0	0	880	0	0	0	0	0	0	0	0	0	0	0	9432	15696	0	0	0	0	0	0	0	0	132	0	0	0	2626	7796	1206	478	0	200	0	108	0	0	200	0	418	0	0	0	1634	0	2842	0	494	0	98	156	7018	402	1430	0	1046	0	230	0	576	0	6580	248	0	2806	152	100	0	0	0	0	168	0	0	0	0	0	0	0	732	0	0	0	376	0	0	0	0	0	0	0	0	0	0	0	0	0	0	0	0	0	0	0	0	0	0	0	0	0	0	0	
128580	Paracentral_Lobule_R	2002	1514	0	88	0	0	650	0	0	0	0	0	0	0	0	0	0	0	414	5610	0	0	0	0	0	0	0	0	0	0	0	0	3578	8650	1614	2278	0	230	0	214	0	0	0	2664	0	2052	0	1900	0	2930	0	548	0	132	0	458	1124	9346	0	1150	0	124	0	0	0	290	576	10340	2806	0	0	110	0	0	0	0	0	96	0	0	0	0	0	0	0	334	0	0	0	468	0	0	0	0	0	0	0	0	0	0	0	0	0	0	0	0	0	0	0	0	0	0	0	0	0	0	
266264	Caudate_L	6208	508	12504	5188	678	0	4282	1192	80	0	612	1596	0	0	292	0	1028	0	6978	5000	4714	6458	144	380	420	0	2684	2662	2092	594	5848	5194	0	0	0	0	1528	100	0	0	0	0	0	0	0	0	0	0	0	0	0	0	0	0	0	0	1428	0	0	0	108	0	0	0	0	0	0	0	152	0	0	15118	16086	4532	3526	698	11836	242	202	0	104	0	136	0	0	0	0	0	0	0	0	0	0	0	0	0	0	0	0	0	0	0	0	0	0	0	0	0	0	0	0	0	0	0	0	0	
335956	Caudate_R	698	11166	1392	18352	0	682	782	9278	0	0	0	704	0	138	0	0	0	148	914	7080	1398	4688	0	1562	0	1466	1154	1794	0	1160	5584	22772	140	214	0	0	0	3372	0	4238	0	0	0	0	0	0	0	0	0	0	0	0	0	0	0	5820	106	554	0	0	0	0	0	0	0	0	0	0	100	110	15118	0	5140	17060	264	4394	270	17322	0	0	0	0	0	0	0	0	0	0	0	844	0	0	0	0	0	0	0	0	0	0	0	0	0	0	0	0	0	0	0	0	0	0	0	0	0	0	
240640	Putamen_L	9542	80	12382	514	562	0	4128	224	0	0	2568	534	464	0	2396	0	232	0	5990	496	720	3046	3314	0	892	0	90	644	16794	174	9446	1014	0	0	0	0	5586	0	1062	0	214	0	0	0	0	0	0	0	0	0	0	0	0	0	466	0	2892	0	0	0	0	0	0	0	0	0	0	0	0	0	16086	5140	0	2258	6168	456	2164	0	0	0	620	0	962	0	0	0	0	0	0	0	0	0	0	0	0	0	0	0	0	0	0	0	0	0	0	0	0	0	0	0	0	0	0	0	0	0	
325968	Putamen_R	0	13426	166	15564	0	6304	0	17312	0	498	0	4758	0	2600	0	784	0	1280	136	6730	614	1982	318	5694	0	6302	798	2310	0	19538	2972	16200	108	974	0	0	0	3928	0	706	0	640	0	0	0	0	0	0	0	0	0	0	0	0	0	272	0	524	0	0	0	76	0	0	0	0	0	0	0	0	4532	17060	2258	0	0	3524	0	1576	0	212	0	308	0	0	0	0	0	0	0	0	0	0	0	0	0	0	0	0	0	0	0	0	0	0	0	0	0	0	0	0	0	0	0	0	0	0	
40124	Pallidum_L	2264	0	1620	152	0	0	1026	0	0	0	252	186	0	0	0	0	0	0	314	316	0	78	0	0	0	0	0	0	0	182	0	116	0	0	0	0	592	0	0	0	0	0	0	0	0	0	0	0	0	0	0	0	0	0	0	0	406	0	0	0	0	0	0	0	0	0	0	0	0	0	3526	264	6168	0	0	0	2600	0	0	0	0	0	0	0	0	0	0	0	0	0	0	0	0	0	0	0	0	0	0	0	0	0	0	0	0	0	0	0	0	0	0	0	0	0	0	0	
37120	Pallidum_R	0	2668	0	970	0	0	0	1496	0	0	0	262	0	0	0	0	0	202	0	244	0	76	0	112	0	0	0	0	0	486	234	802	0	0	0	0	0	480	0	304	0	0	0	0	0	0	0	0	0	0	0	0	0	0	0	322	0	522	0	0	0	146	0	0	0	0	0	0	0	0	698	4394	456	3524	0	0	0	86	0	0	0	0	0	0	0	0	0	0	0	76	0	0	0	0	0	0	0	0	0	0	0	0	0	0	0	0	0	0	0	0	0	0	0	0	0	0	
144652	Thalamus_L	17912	546	1474	936	0	0	2030	110	0	0	508	0	0	0	0	0	734	0	868	998	0	0	0	0	0	0	0	0	3462	202	0	108	0	0	140	626	5478	3256	694	884	0	0	0	0	0	0	316	0	0	0	0	0	0	0	540	410	5202	0	0	0	80	0	0	0	0	0	0	94	168	0	11836	270	2164	0	2600	0	0	5744	856	0	566	0	0	0	0	0	0	0	344	170	0	0	0	0	0	0	0	0	0	0	0	0	0	0	0	0	0	0	0	0	0	0	0	0	0	0	
156148	Thalamus_R	1236	8862	122	5290	0	0	0	1412	0	0	0	0	0	0	0	0	0	0	116	362	0	0	0	0	0	0	0	0	304	1000	0	88	154	148	428	998	2358	10316	0	8016	0	0	0	0	0	0	0	504	0	0	0	0	0	0	0	8010	372	566	0	0	0	0	0	0	0	0	0	132	0	96	242	17322	0	1576	0	86	5744	0	260	226	120	150	0	0	0	0	0	0	0	1356	0	0	0	0	0	0	0	102	0	0	0	0	0	0	0	0	0	0	0	0	0	0	0	0	0	0	
55636	Heschl_L	3462	0	144	0	0	0	556	0	0	0	936	0	0	0	0	0	4000	0	0	0	0	0	0	0	0	0	0	0	4812	0	0	0	0	0	0	98	1590	238	0	0	0	0	92	0	74	0	0	0	0	0	0	0	344	0	1178	0	3068	0	0	0	0	0	726	0	0	0	0	0	0	0	202	0	0	0	0	0	856	260	0	0	3170	0	0	0	564	0	0	0	1448	0	0	0	0	0	0	0	0	0	0	0	0	0	0	0	0	0	0	0	0	0	0	0	0	0	0	0	
55420	Heschl_R	0	598	0	0	0	0	0	158	0	0	0	852	0	0	0	0	0	5626	0	0	0	0	0	0	0	0	0	0	0	5682	0	0	0	0	0	0	0	854	0	386	0	0	0	0	0	0	0	0	0	0	0	0	0	0	0	1070	0	1388	0	0	0	144	0	510	0	130	0	0	0	0	0	0	0	212	0	0	0	226	0	0	0	7698	0	156	0	878	0	0	0	1142	0	0	0	0	0	0	0	0	0	0	0	0	0	0	0	0	0	0	0	0	0	0	0	0	0	0	
203776	Temporal_Sup_L	996	0	766	0	0	0	1008	0	0	0	1862	0	190	0	0	0	6064	0	84	0	0	0	0	0	0	0	0	0	4796	0	0	0	0	0	0	0	1916	92	938	0	0	0	454	0	314	0	100	0	0	0	1840	0	1086	0	8482	0	1876	0	458	0	1684	0	5190	0	2878	0	904	0	0	0	104	0	620	0	0	0	566	120	3170	0	0	0	2836	0	28876	0	128	0	21206	0	150	0	0	0	0	0	0	0	134	0	0	0	0	0	0	0	0	0	0	0	0	0	0	0	0	0	
192304	Temporal_Sup_R	0	378	0	0	0	0	0	132	0	0	0	444	0	0	0	0	0	5136	0	0	0	0	0	0	0	0	0	0	0	11316	0	0	0	0	0	88	0	3718	0	624	0	0	0	0	0	0	0	0	0	0	0	794	0	0	0	7044	0	972	0	144	0	1508	0	11054	0	7186	0	160	0	0	0	0	0	308	0	0	0	150	0	7698	0	0	0	3092	0	23018	0	0	0	11188	0	0	0	0	0	0	0	0	0	0	0	0	0	0	0	0	0	0	0	0	0	0	0	0	0	0	
79488	Temporal_Pole_Sup_L	250	0	1730	0	876	0	1816	0	384	0	4032	0	1970	0	3366	0	1198	0	690	0	896	0	562	0	332	0	0	0	6646	0	422	0	0	0	0	0	1330	0	556	0	1210	0	0	0	0	0	0	0	0	0	0	0	0	0	1032	0	0	0	0	0	0	0	0	0	0	0	0	0	0	0	136	0	962	0	0	0	0	0	0	0	2836	0	0	0	2646	0	932	0	2934	0	0	0	0	0	0	0	0	0	0	0	0	0	0	0	0	0	0	0	0	0	0	0	0	0	0	0	
34476	Temporal_Pole_Sup_R	0	0	0	80	0	0	0	0	0	0	0	74	0	0	0	82	0	322	0	0	0	0	0	0	0	0	0	0	0	1162	0	0	0	0	0	0	0	1360	0	608	0	1326	0	0	0	0	0	0	0	0	0	0	0	0	0	3174	0	0	0	0	0	0	0	0	0	0	0	0	0	0	0	0	0	0	0	0	0	0	0	156	0	3092	0	0	0	1538	0	594	0	3670	0	0	0	0	0	0	0	0	0	0	0	0	0	0	0	0	0	0	0	0	0	0	0	0	0	0	
311404	Temporal_Mid_L	284	0	0	0	0	0	0	0	0	0	0	0	0	0	0	0	2216	0	0	0	0	0	0	0	0	0	0	0	918	0	0	0	580	0	0	0	292	0	392	0	0	0	3794	0	3526	0	158	0	3388	0	24206	0	4324	0	6344	0	3162	0	1554	0	3486	0	5582	0	11762	0	7740	0	732	0	0	0	0	0	0	0	0	0	564	0	28876	0	2646	0	0	0	1714	0	37196	0	156	0	0	0	0	0	0	0	110	0	0	0	0	0	0	0	0	0	0	0	0	0	0	0	0	0	
209784	Temporal_Mid_R	0	328	0	0	0	0	0	0	0	0	0	0	0	0	0	0	0	652	0	0	0	0	0	0	0	0	0	0	0	2352	0	0	0	92	0	578	0	808	0	110	0	0	0	1990	0	912	0	1380	0	1388	0	14290	0	1984	0	2544	0	1240	0	512	0	3316	0	9026	0	12120	104	2514	0	334	0	0	0	0	0	0	0	0	0	878	0	23018	0	1538	0	0	0	0	0	20884	0	0	0	0	0	0	0	0	0	0	0	0	0	0	0	0	0	0	0	0	0	0	0	0	0	0	
11836	Temporal_Pole_Mid_L	0	0	0	0	0	0	0	0	0	0	0	0	0	0	0	0	0	0	0	0	0	0	0	0	0	0	0	0	0	0	0	0	0	0	0	0	0	0	0	0	0	0	0	0	0	0	0	0	0	0	0	0	0	0	1150	0	0	0	0	0	0	0	0	0	0	0	0	0	0	0	0	0	0	0	0	0	0	0	0	0	128	0	932	0	1714	0	0	0	1994	0	0	0	0	0	0	0	0	0	0	0	0	0	0	0	0	0	0	0	0	0	0	0	0	0	0	0	
3384	Temporal_Pole_Mid_R	0	0	0	0	0	0	0	0	0	0	0	0	0	0	0	0	0	0	0	0	0	0	0	0	0	0	0	0	0	0	0	0	0	0	0	0	0	0	0	0	0	0	0	0	0	0	0	0	0	0	0	0	0	0	0	546	0	0	0	0	0	0	0	0	0	0	0	0	0	0	0	0	0	0	0	0	0	0	0	0	0	0	0	594	0	0	0	0	0	552	0	0	0	0	0	0	0	0	0	0	0	0	0	0	0	0	0	0	0	0	0	0	0	0	0	0	
279172	Temporal_Inf_L	200	0	0	0	0	0	0	0	0	0	0	0	0	0	0	0	1202	0	0	0	0	0	0	0	0	0	0	0	1364	0	0	0	350	0	596	0	5272	0	2910	0	526	0	4414	0	2590	0	1050	0	434	0	8828	0	8974	0	20136	0	1604	0	224	0	380	0	1244	0	820	0	4266	0	376	0	0	0	0	0	0	0	344	0	1448	0	21206	0	2934	0	37196	0	1994	0	0	0	3776	0	894	0	0	0	96	0	642	0	674	0	622	0	0	0	0	0	0	0	0	0	0	0	0	0	
225888	Temporal_Inf_R	112	628	0	0	0	0	0	100	0	0	0	0	0	0	0	0	0	274	0	0	0	0	0	0	0	0	0	0	0	4968	0	0	0	86	0	1414	0	5192	0	1154	0	458	0	4364	0	740	0	1884	0	912	0	7250	0	6652	0	21888	0	2532	0	276	0	1086	0	896	0	1116	116	4206	0	468	0	844	0	0	0	76	170	1356	0	1142	0	11188	0	3670	0	20884	0	552	0	0	0	2420	0	254	0	76	0	286	0	976	0	0	0	90	0	0	0	0	0	0	188	0	0	0	0	0	
747160	Cerebelum_Crus1_L	0	0	0	0	0	0	0	0	0	0	0	0	0	0	0	0	0	0	0	0	0	0	0	0	0	0	0	0	0	0	0	0	0	0	0	0	0	0	0	0	0	0	194	124	80	0	7826	4582	0	0	726	0	946	220	24748	3980	178	0	0	0	0	0	0	0	0	0	136	0	0	0	0	0	0	0	0	0	0	0	0	0	150	0	0	0	156	0	0	0	3776	0	0	14988	51546	12394	946	1154	23976	1998	60428	15344	29638	6070	32124	8498	5362	3604	2708	76	402	622	5844	19696	20872	4410	2564	494	
520224	Cerebelum_Crus1_R	0	0	0	0	0	0	0	0	0	0	0	0	0	0	0	0	0	0	0	0	0	0	0	0	0	0	0	0	0	0	0	0	0	0	0	0	0	0	0	84	0	0	0	132	0	0	1916	9046	0	0	0	0	0	162	1120	13024	0	0	0	0	0	0	0	0	0	0	0	88	0	0	0	0	0	0	0	0	0	0	0	0	0	0	0	0	0	0	0	0	0	2420	14988	0	6778	32434	276	3604	5034	22866	10532	53022	3962	9666	4876	17806	1230	3408	346	424	256	826	12446	12032	12536	1718	896	158	
552380	Cerebelum_Crus2_L	0	0	0	0	0	0	0	0	0	0	0	0	0	0	0	0	0	0	0	0	0	0	0	0	0	0	0	0	0	0	0	0	0	0	0	0	0	0	0	0	0	0	0	0	0	0	746	666	0	0	0	0	0	0	3182	386	0	0	0	0	0	0	0	0	0	0	0	0	0	0	0	0	0	0	0	0	0	0	0	0	0	0	0	0	0	0	0	0	894	0	51546	6778	0	17892	242	572	7818	990	13544	3392	50328	11492	46796	11226	7352	3070	2450	76	130	190	2822	4050	19726	6024	1484	326	
473156	Cerebelum_Crus2_R	0	0	0	0	0	0	0	0	0	0	0	0	0	0	0	0	0	0	0	0	0	0	0	0	0	0	0	0	0	0	0	0	0	0	0	0	0	0	0	0	0	0	0	0	0	0	208	898	0	0	0	0	0	0	280	344	0	0	0	0	0	0	0	0	0	0	0	0	0	0	0	0	0	0	0	0	0	0	0	0	0	0	0	0	0	0	0	0	0	254	12394	32434	17892	0	636	1136	2396	3510	3428	8406	12572	34358	13440	42920	4032	9230	470	864	216	334	2514	2826	20582	6458	1386	160	
65284	Cerebelum_3_L	0	0	0	0	0	0	0	0	0	0	0	0	0	0	0	0	0	0	0	0	0	0	0	0	0	0	0	0	0	0	0	0	0	0	0	0	0	0	148	0	0	0	0	0	0	0	118	84	0	0	0	0	0	0	152	0	0	0	0	0	0	0	0	0	0	0	0	0	0	0	0	0	0	0	0	0	0	0	0	0	0	0	0	0	0	0	0	0	0	0	946	276	242	636	0	252	6416	152	1444	288	224	74	1364	760	3632	1406	104	0	1756	3214	3082	976	1520	1546	1398	432	
94564	Cerebelum_3_R	0	0	0	0	0	0	0	0	0	0	0	0	0	0	0	0	0	0	0	0	0	0	0	0	0	0	0	0	0	0	0	0	0	0	0	0	0	0	0	0	0	0	0	0	0	0	0	172	0	0	0	0	0	0	154	750	0	0	0	0	0	0	0	0	0	0	0	0	0	0	0	0	0	0	0	0	0	0	0	0	0	0	0	0	0	0	0	0	0	76	1154	3604	572	1136	252	0	922	7866	1084	6704	294	670	556	1506	838	3610	0	438	1076	3322	3146	1120	1762	2244	2180	74	
379488	Cerebelum_4_5_L	0	0	0	0	0	0	0	0	0	0	0	0	0	0	0	0	0	0	0	0	0	0	0	0	0	0	0	0	0	0	0	0	0	0	0	0	82	0	218	0	0	0	226	0	0	0	10522	2798	0	0	0	0	0	0	10250	1652	0	0	0	0	0	0	0	0	0	0	0	0	0	0	0	0	0	0	0	0	0	0	0	0	0	0	0	0	0	0	0	0	96	0	23976	5034	7818	2396	6416	922	0	5556	36886	8350	4408	688	8640	2376	8350	2446	478	0	1262	2392	17070	7412	3766	3016	2754	1488	
282712	Cerebelum_4_5_R	0	0	0	0	0	0	0	0	0	0	0	0	0	0	0	0	0	0	0	0	0	0	0	0	0	0	0	0	0	0	0	0	0	0	0	0	0	96	0	358	0	0	84	0	0	0	1910	7798	0	0	0	0	0	0	278	7484	0	0	0	0	0	0	0	0	0	0	0	124	0	0	0	0	0	0	0	0	0	102	0	0	0	0	0	0	0	0	0	0	0	286	1998	22866	990	3510	152	7866	5556	0	3034	35276	426	1968	792	4436	800	3100	0	318	0	1142	18434	2298	2654	2720	2500	0	
600632	Cerebelum_6_L	0	0	0	0	0	0	0	0	0	0	0	0	0	0	0	0	0	0	0	0	0	0	0	0	0	0	0	0	0	0	0	0	0	0	0	0	0	0	128	0	0	0	398	182	0	0	17806	7286	0	0	2084	0	2988	300	30374	5302	0	0	0	0	0	0	0	0	0	0	78	122	0	0	0	0	0	0	0	0	0	0	0	0	134	0	0	0	110	0	0	0	642	0	60428	10532	13544	3428	1444	1084	36886	3034	0	18390	7178	774	11060	2698	4280	2034	674	0	612	818	10236	28214	7834	3052	2846	1302	
534516	Cerebelum_6_R	0	0	0	0	0	0	0	0	0	0	0	0	0	0	0	0	0	0	0	0	0	0	0	0	0	0	0	0	0	0	0	0	0	0	0	0	0	232	0	232	0	0	140	510	0	0	3530	17344	0	0	0	0	0	552	2194	20596	0	0	0	0	0	0	0	0	0	0	0	282	0	0	0	0	0	0	0	0	0	0	0	0	0	0	0	0	0	0	0	0	0	976	15344	53022	3392	8406	288	6704	8350	35276	18390	0	1060	3938	2408	8890	810	1760	234	194	204	984	18866	20936	7286	2056	1644	228	
450948	Cerebelum_7b_L	0	0	0	0	0	0	0	0	0	0	0	0	0	0	0	0	0	0	0	0	0	0	0	0	0	0	0	0	0	0	0	0	0	0	0	0	0	0	0	0	0	0	0	0	0	0	214	114	0	0	0	0	0	0	1822	0	0	0	0	0	0	0	0	0	0	0	0	0	0	0	0	0	0	0	0	0	0	0	0	0	0	0	0	0	0	0	0	0	674	0	29638	3962	50328	12572	224	294	4408	426	7178	1060	0	9750	55250	10036	10296	2110	3808	0	0	0	670	1382	12616	5986	656	0	
293112	Cerebelum_7b_R	0	0	0	0	0	0	0	0	0	0	0	0	0	0	0	0	0	0	0	0	0	0	0	0	0	0	0	0	0	0	0	0	0	0	0	0	0	0	0	0	0	0	0	0	0	0	120	698	0	0	0	0	0	0	0	110	0	0	0	0	0	0	0	0	0	0	0	0	0	0	0	0	0	0	0	0	0	0	0	0	0	0	0	0	0	0	0	0	0	0	6070	9666	11492	34358	74	670	688	1968	774	3938	9750	0	8964	32882	1088	4814	244	354	0	0	1440	340	10434	5320	300	0	
536916	Cerebelum_8_L	0	0	0	0	0	0	0	0	0	0	0	0	0	0	0	0	0	0	0	0	0	0	0	0	0	0	0	0	0	0	0	0	0	0	0	0	0	0	0	0	0	0	0	0	0	0	244	306	0	0	0	0	0	0	2170	188	0	0	0	0	0	0	0	0	0	0	0	0	0	0	0	0	0	0	0	0	0	0	0	0	0	0	0	0	0	0	0	0	622	0	32124	4876	46796	13440	1364	556	8640	792	11060	2408	55250	8964	0	13284	21510	4360	6084	162	254	510	1858	3174	14506	9694	2960	302	
436968	Cerebelum_8_R	0	0	0	0	0	0	0	0	0	0	0	0	0	0	0	0	0	0	0	0	0	0	0	0	0	0	0	0	0	0	0	0	0	0	0	0	0	0	0	0	0	0	0	0	0	0	126	1304	0	0	0	0	0	0	172	246	0	0	0	0	0	0	0	0	0	0	0	0	0	0	0	0	0	0	0	0	0	0	0	0	0	0	0	0	0	0	0	0	0	90	8498	17806	11226	42920	760	1506	2376	4436	2698	8890	10036	32882	13284	0	4564	19426	422	1508	424	514	2408	2252	14950	10238	2362	160	
215032	Cerebelum_9_L	0	0	0	0	0	0	0	0	0	0	0	0	0	0	0	0	0	0	0	0	0	0	0	0	0	0	0	0	0	0	0	0	0	0	0	0	0	0	0	0	0	0	0	0	0	0	180	0	0	0	0	0	0	0	280	0	0	0	0	0	0	0	0	0	0	0	0	0	0	0	0	0	0	0	0	0	0	0	0	0	0	0	0	0	0	0	0	0	0	0	5362	1230	7352	4032	3632	838	8350	800	4280	810	10296	1088	21510	4564	0	3302	7434	96	706	1406	3346	1540	5974	4636	3706	766	
214696	Cerebelum_9_R	0	0	0	0	0	0	0	0	0	0	0	0	0	0	0	0	0	0	0	0	0	0	0	0	0	0	0	0	0	0	0	0	0	0	0	0	0	0	0	0	0	0	0	0	0	0	94	102	0	0	0	0	0	0	232	0	0	0	0	0	0	0	0	0	0	0	0	0	0	0	0	0	0	0	0	0	0	0	0	0	0	0	0	0	0	0	0	0	0	0	3604	3408	3070	9230	1406	3610	2446	3100	2034	1760	2110	4814	4360	19426	3302	0	110	2868	2136	3122	3670	2540	6880	8504	7994	1416	
53164	Cerebelum_10_L	0	0	0	0	0	0	0	0	0	0	0	0	0	0	0	0	0	0	0	0	0	0	0	0	0	0	0	0	0	0	0	0	0	0	0	0	0	0	0	0	0	0	0	0	0	0	0	0	0	0	0	0	0	0	76	0	0	0	0	0	0	0	0	0	0	0	0	0	0	0	0	0	0	0	0	0	0	0	0	0	0	0	0	0	0	0	0	0	0	0	2708	346	2450	470	104	0	478	0	674	234	3808	244	6084	422	7434	110	0	0	0	0	0	274	666	0	0	0	
16844	Cerebelum_10_R	0	0	0	0	0	0	0	0	0	0	0	0	0	0	0	0	0	0	0	0	0	0	0	0	0	0	0	0	0	0	0	0	0	0	0	0	0	0	0	0	0	0	0	0	0	0	0	0	0	0	0	0	0	0	0	0	0	0	0	0	0	0	0	0	0	0	0	0	0	0	0	0	0	0	0	0	0	0	0	0	0	0	0	0	0	0	0	0	0	0	76	424	76	864	0	438	0	318	0	194	0	354	162	1508	96	2868	0	0	0	298	250	0	152	182	162	0	
38540	Vermis_1_2	0	0	0	0	0	0	0	0	0	0	0	0	0	0	0	0	0	0	0	0	0	0	0	0	0	0	0	0	0	0	0	0	0	0	0	0	0	0	0	0	0	0	0	0	0	0	0	0	0	0	0	0	0	0	0	0	0	0	0	0	0	0	0	0	0	0	0	0	0	0	0	0	0	0	0	0	0	0	0	0	0	0	0	0	0	0	0	0	0	0	402	256	130	216	1756	1076	1262	0	612	204	0	0	254	424	706	2136	0	0	0	3770	1650	792	758	1266	1352	248	
65172	Vermis_3	0	0	0	0	0	0	0	0	0	0	0	0	0	0	0	0	0	0	0	0	0	0	0	0	0	0	0	0	0	0	0	0	0	0	0	0	0	0	76	0	0	0	0	0	0	0	86	0	0	0	0	0	0	0	0	0	0	0	0	0	0	0	0	0	0	0	0	0	0	0	0	0	0	0	0	0	0	0	0	0	0	0	0	0	0	0	0	0	0	0	622	826	190	334	3214	3322	2392	1142	818	984	0	0	510	514	1406	3122	0	298	3770	0	3058	844	1248	1766	1836	208	
294376	Vermis_4_5	0	0	0	0	0	0	0	0	0	0	0	0	0	0	0	0	0	0	0	0	0	0	0	0	0	0	0	0	0	0	0	0	0	0	0	250	0	276	0	150	0	0	392	76	0	0	3448	6464	0	0	0	0	0	0	1094	4050	0	0	0	0	0	0	0	0	0	0	0	284	0	0	0	0	0	0	0	0	0	0	0	0	0	0	0	0	0	0	0	0	0	188	5844	12446	2822	2514	3082	3146	17070	18434	10236	18866	670	1440	1858	2408	3346	3670	0	250	1650	3058	0	7136	2028	3534	3256	1752	
348816	Vermis_6	0	0	0	0	0	0	0	0	0	0	0	0	0	0	0	0	0	0	0	0	0	0	0	0	0	0	0	0	0	0	0	0	0	0	0	0	0	170	114	0	0	0	400	470	0	0	7494	8684	0	0	2056	0	2830	396	7306	6682	0	0	0	0	0	0	0	0	0	0	76	384	0	0	0	0	0	0	0	0	0	0	0	0	0	0	0	0	0	0	0	0	0	0	19696	12032	4050	2826	976	1120	7412	2298	28214	20936	1382	340	3174	2252	1540	2540	274	0	792	844	7136	0	7908	3780	3390	2434	
398032	Vermis_7	0	0	0	0	0	0	0	0	0	0	0	0	0	0	0	0	0	0	0	0	0	0	0	0	0	0	0	0	0	0	0	0	0	0	0	0	0	0	0	0	0	0	0	0	0	0	1804	1274	0	0	0	0	0	210	1454	1012	0	0	0	0	0	0	0	0	0	0	0	0	0	0	0	0	0	0	0	0	0	0	0	0	0	0	0	0	0	0	0	0	0	0	20872	12536	19726	20582	1520	1762	3766	2654	7834	7286	12616	10434	14506	14950	5974	6880	666	152	758	1248	2028	7908	0	9588	5886	1130	
