data	data	480920	377404	1.0264e+06	741960	182116	134608	572024	218944	132708	46684	323464	224572	362944	161208	293420	72380	225236	95932	786600	676196	113856	106036	410644	414916	36860	63224	64852	66064	744136	296808	354472	568332	193096	471736	162592	225328	234372	280884	96084	146092	43552	55924	191800	271820	102668	282616	262068	371460	147204	264756	345816	244928	138720	76944	352820	366192	221908	197408	78228	46008	136004	97636	96952	131080	138472	109436	202440	284372	251912	182008	336496	514780	314776	283728	47724	26572	200848	170860	50884	32748	186848	117760	89268	41512	258392	143256	22508	25152	259188	149080	399200	354552	320388	308016	60468	48664	325872	230204	432252	358960	280592	172068	344964	318112	126768	137244	19492	24100	27932	50900	308020	210188	270988	104756	87072	27920	
data	data	Precentral_L	Precentral_R	Frontal_Sup_L	Frontal_Sup_R	Frontal_Sup_Orb_L	Frontal_Sup_Orb_R	Frontal_Mid_L	Frontal_Mid_R	Frontal_Mid_Orb_L	Frontal_Mid_Orb_R	Frontal_Inf_Oper_L	Frontal_Inf_Oper_R	Frontal_Inf_Tri_L	Frontal_Inf_Tri_R	Frontal_Inf_Orb_L	Frontal_Inf_Orb_R	Rolandic_Oper_L	Rolandic_Oper_R	Supp_Motor_Area_L	Supp_Motor_Area_R	Olfactory_L	Olfactory_R	Frontal_Sup_Medial_L	Frontal_Sup_Medial_R	Frontal_Med_Orb_L	Frontal_Med_Orb_R	Rectus_L	Rectus_R	Insula_L	Insula_R	Cingulum_Ant_L	Cingulum_Ant_R	Cingulum_Mid_L	Cingulum_Mid_R	Cingulum_Post_L	Cingulum_Post_R	Hippocampus_L	Hippocampus_R	ParaHippocampal_L	ParaHippocampal_R	Amygdala_L	Amygdala_R	Calcarine_L	Calcarine_R	Cuneus_L	Cuneus_R	Lingual_L	Lingual_R	Occipital_Sup_L	Occipital_Sup_R	Occipital_Mid_L	Occipital_Mid_R	Occipital_Inf_L	Occipital_Inf_R	Fusiform_L	Fusiform_R	Postcentral_L	Postcentral_R	Parietal_Sup_L	Parietal_Sup_R	Parietal_Inf_L	Parietal_Inf_R	SupraMarginal_L	SupraMarginal_R	Angular_L	Angular_R	Precuneus_L	Precuneus_R	Paracentral_Lobule_L	Paracentral_Lobule_R	Caudate_L	Caudate_R	Putamen_L	Putamen_R	Pallidum_L	Pallidum_R	Thalamus_L	Thalamus_R	Heschl_L	Heschl_R	Temporal_Sup_L	Temporal_Sup_R	Temporal_Pole_Sup_L	Temporal_Pole_Sup_R	Temporal_Mid_L	Temporal_Mid_R	Temporal_Pole_Mid_L	Temporal_Pole_Mid_R	Temporal_Inf_L	Temporal_Inf_R	Cerebelum_Crus1_L	Cerebelum_Crus1_R	Cerebelum_Crus2_L	Cerebelum_Crus2_R	Cerebelum_3_L	Cerebelum_3_R	Cerebelum_4_5_L	Cerebelum_4_5_R	Cerebelum_6_L	Cerebelum_6_R	Cerebelum_7b_L	Cerebelum_7b_R	Cerebelum_8_L	Cerebelum_8_R	Cerebelum_9_L	Cerebelum_9_R	Cerebelum_10_L	Cerebelum_10_R	Vermis_1_2	Vermis_3	Vermis_4_5	Vermis_6	Vermis_7	Vermis_8	Vermis_9	Vermis_10	
480920	Precentral_L	0	8882	24178	1672	0	0	21506	0	206	0	10018	0	1740	0	784	0	8446	0	14758	9012	588	170	226	140	0	0	0	0	8056	232	330	244	1916	2522	5248	4486	5340	2956	0	860	0	0	0	0	0	0	0	178	208	0	796	0	112	0	158	358	26748	488	0	0	3786	122	2752	440	120	0	428	684	21168	1318	13290	3166	2010	0	1872	0	17304	4580	762	158	1220	168	234	0	416	264	0	0	428	208	0	0	0	0	0	0	0	0	0	0	0	0	0	0	0	0	0	0	0	0	0	0	0	0	0	0	
377404	Precentral_R	8882	0	5646	13794	0	0	462	12084	0	0	178	5392	0	108	0	0	516	1252	7686	17286	0	0	0	126	0	0	0	0	1344	1114	338	730	1064	6140	1344	7620	676	5446	0	1288	0	0	0	3218	0	1420	0	608	0	1036	0	1720	0	130	0	496	610	18512	0	202	0	1464	0	2040	0	0	0	5510	6646	16372	560	5544	640	2336	0	168	1314	15478	0	342	126	454	0	0	0	434	0	0	0	806	0	0	0	0	0	0	0	0	0	0	0	0	0	0	0	0	0	0	0	0	0	0	0	0	0	0	
1.0264e+06	Frontal_Sup_L	24178	5646	0	9800	12676	362	87538	1618	4520	0	20096	404	22638	100	11832	0	10138	302	79270	10572	204	0	44346	11584	1438	0	236	0	44604	1140	16984	9314	6170	7524	1558	1514	2748	1384	122	350	0	0	0	0	0	0	0	0	0	0	0	0	0	0	468	118	4368	310	0	0	324	102	0	186	0	0	114	130	8168	0	6526	7104	16890	1554	1644	104	6544	1666	466	0	1662	0	640	0	398	0	0	0	804	0	0	0	0	0	0	0	0	0	0	0	0	0	0	0	0	0	0	0	0	0	0	0	0	0	0	0	
741960	Frontal_Sup_R	1672	13794	9800	0	0	5650	1770	35160	0	800	786	15434	812	11974	152	1094	156	2418	13080	50538	0	0	14180	46406	126	2570	0	0	1140	10012	9804	42346	1734	27730	0	160	0	1404	0	458	0	0	0	0	0	0	0	0	0	0	0	0	0	0	0	298	0	904	0	0	0	172	0	392	0	0	0	0	960	128	402	23332	198	12272	0	166	0	8210	0	0	0	248	0	138	0	0	0	0	0	0	0	0	0	0	0	0	0	0	0	0	0	0	0	0	0	0	0	0	0	0	0	0	0	0	0	0	
182116	Frontal_Sup_Orb_L	0	0	12676	0	0	204	2558	0	11848	0	1002	0	2844	0	14628	0	0	0	2040	0	2536	418	5658	248	3644	0	7312	322	10930	0	2432	206	224	0	0	0	0	0	0	0	0	0	0	0	0	0	0	0	0	0	0	0	0	0	0	0	0	0	0	0	0	0	0	0	0	0	0	0	0	0	2500	322	5356	0	0	0	0	0	0	0	0	0	1150	0	0	0	0	0	0	0	0	0	0	0	0	0	0	0	0	0	0	0	0	0	0	0	0	0	0	0	0	0	0	0	0	0	
134608	Frontal_Sup_Orb_R	0	0	362	5650	204	0	0	1042	0	6482	0	634	0	638	172	4260	0	0	378	2530	1578	2560	94	4804	0	4824	706	7244	0	1200	590	6048	0	194	0	0	0	0	0	0	0	0	0	0	0	0	0	0	0	0	0	0	0	0	0	0	0	0	0	0	0	0	0	0	0	0	0	0	0	0	1476	7416	720	5498	0	0	0	0	0	0	0	0	0	0	0	0	0	0	0	0	0	0	0	0	0	0	0	0	0	0	0	0	0	0	0	0	0	0	0	0	0	0	0	0	0	0	
572024	Frontal_Mid_L	21506	462	87538	1770	2558	0	0	130	7222	0	19488	0	33666	0	12100	0	4796	0	13556	1258	118	92	19530	2638	0	0	0	0	22764	0	7494	2348	3822	1834	196	190	1204	108	0	0	0	0	0	0	0	0	0	0	0	0	0	0	0	0	0	0	2580	144	0	0	160	0	0	140	0	0	0	0	260	0	3126	2072	1350	0	682	0	5468	170	0	0	766	0	224	0	164	0	0	0	318	0	0	0	0	0	0	0	0	0	0	0	0	0	0	0	0	0	0	0	0	0	0	0	0	0	0	0	
218944	Frontal_Mid_R	0	12084	1618	35160	0	1042	130	0	0	1396	126	7498	0	11206	0	1378	0	736	5210	8080	0	0	524	3872	0	0	0	0	138	3080	478	3538	364	5576	0	0	0	394	0	138	0	0	0	0	0	0	0	0	0	0	0	0	0	0	0	0	0	736	0	94	0	196	0	498	0	0	0	0	0	0	0	1300	0	2712	0	0	0	170	0	0	0	0	0	0	0	0	0	0	0	0	0	0	0	0	0	0	0	0	0	0	0	0	0	0	0	0	0	0	0	0	0	0	0	0	0	0	
132708	Frontal_Mid_Orb_L	206	0	4520	0	11848	0	7222	0	0	0	578	0	4938	0	19422	0	0	0	2054	0	266	0	540	0	956	0	2738	0	7250	0	552	104	136	0	0	0	0	0	0	0	0	0	0	0	0	0	0	0	0	0	0	0	0	0	0	0	0	0	0	0	0	0	0	0	0	0	0	0	0	0	524	172	2198	0	0	0	0	0	0	0	0	0	130	0	0	0	0	0	0	0	0	0	0	0	0	0	0	0	0	0	0	0	0	0	0	0	0	0	0	0	0	0	0	0	0	0	
46684	Frontal_Mid_Orb_R	0	0	0	800	0	6482	0	1396	0	0	0	388	0	1636	0	6670	0	0	0	94	0	90	0	0	0	336	0	1554	0	1522	0	152	0	0	0	0	0	0	0	0	0	0	0	0	0	0	0	0	0	0	0	0	0	0	0	0	0	0	0	0	0	0	0	0	0	0	0	0	0	0	0	946	0	1276	0	0	0	0	0	0	0	0	0	0	0	0	0	0	0	0	0	0	0	0	0	0	0	0	0	0	0	0	0	0	0	0	0	0	0	0	0	0	0	0	0	0	
323464	Frontal_Inf_Oper_L	10018	178	20096	786	1002	0	19488	126	578	0	0	0	20824	0	1598	0	14148	0	10104	870	0	0	2250	418	0	0	0	0	34282	148	2302	1040	2950	300	0	0	440	0	0	0	0	0	0	0	0	0	0	0	0	0	0	0	0	0	126	0	2528	0	0	0	0	0	0	0	0	0	0	0	0	0	5486	3228	2998	0	0	0	130	0	0	0	436	0	2854	0	0	0	0	0	0	0	0	0	0	0	0	0	0	0	0	0	0	0	0	0	0	0	0	0	0	0	0	0	0	0	0	0	
224572	Frontal_Inf_Oper_R	0	5392	404	15434	0	634	0	7498	0	388	0	0	0	13986	0	442	0	3966	2224	9876	0	0	318	2672	0	0	0	0	0	14682	1490	11784	226	6746	0	0	0	636	0	372	0	0	0	0	0	0	0	0	0	0	0	0	0	0	0	186	0	1394	0	0	0	272	0	574	0	0	0	0	0	0	0	6352	0	3828	0	0	0	0	0	156	0	0	0	354	0	0	0	0	0	0	0	0	0	0	0	0	0	0	0	0	0	0	0	0	0	0	0	0	0	0	0	0	0	0	0	0	
362944	Frontal_Inf_Tri_L	1740	0	22638	812	2844	0	33666	0	4938	0	20824	0	0	0	21642	0	326	0	11760	1008	0	0	3344	690	0	0	0	0	37050	106	2654	1010	2536	586	0	0	0	0	0	0	0	0	0	0	0	0	0	0	0	0	0	0	0	0	0	0	116	0	0	0	0	0	0	0	0	0	0	0	0	0	6160	2212	2476	0	0	0	0	0	0	0	0	0	334	0	0	0	0	0	0	0	0	0	0	0	0	0	0	0	0	0	0	0	0	0	0	0	0	0	0	0	0	0	0	0	0	0	
161208	Frontal_Inf_Tri_R	0	108	100	11974	0	638	0	11206	0	1636	0	13986	0	0	0	6722	0	0	926	6854	0	0	416	1590	0	0	0	0	0	10954	464	3732	0	5770	0	0	0	0	0	0	0	0	0	0	0	0	0	0	0	0	0	0	0	0	0	0	0	0	0	0	0	0	0	0	0	0	0	0	0	0	0	3528	0	0	0	0	0	0	0	0	0	0	0	0	0	0	0	0	0	0	0	0	0	0	0	0	0	0	0	0	0	0	0	0	0	0	0	0	0	0	0	0	0	0	0	0	
293420	Frontal_Inf_Orb_L	784	0	11832	152	14628	172	12100	0	19422	0	1598	0	21642	0	0	0	248	0	7340	336	4152	306	772	206	388	0	3726	238	29770	0	972	166	560	180	0	0	646	0	314	0	498	0	0	0	0	0	0	0	0	0	0	0	0	0	114	0	156	0	0	0	0	0	0	0	0	0	0	0	0	0	4272	458	5536	0	0	0	0	0	0	0	0	0	3026	0	0	0	0	0	0	0	0	0	0	0	0	0	0	0	0	0	0	0	0	0	0	0	0	0	0	0	0	0	0	0	0	0	
72380	Frontal_Inf_Orb_R	0	0	0	1094	0	4260	0	1378	0	6670	0	442	0	6722	0	0	0	0	0	524	126	450	0	0	0	0	0	704	0	8868	0	200	0	0	0	0	0	126	0	160	0	94	0	0	0	0	0	0	0	0	0	0	0	0	0	0	0	0	0	0	0	0	0	0	0	0	0	0	0	0	116	1258	0	2800	0	0	0	0	0	0	0	0	0	198	0	0	0	0	0	0	0	0	0	0	0	0	0	0	0	0	0	0	0	0	0	0	0	0	0	0	0	0	0	0	0	0	
225236	Rolandic_Oper_L	8446	516	10138	156	0	0	4796	0	0	0	14148	0	326	0	248	0	0	0	7694	350	0	0	180	0	0	0	0	0	26238	0	476	122	1312	0	280	270	1534	252	224	0	0	0	0	0	0	0	152	0	422	0	912	0	594	0	1852	0	7426	0	0	0	830	0	3598	0	276	0	678	0	382	0	686	578	3042	0	324	0	1254	208	2134	0	5720	0	1846	0	1184	0	0	0	814	0	0	0	0	0	0	0	0	0	0	0	0	0	0	0	0	0	0	0	0	0	0	0	0	0	0	0	
95932	Rolandic_Oper_R	0	1252	302	2418	0	0	0	736	0	0	0	3966	0	0	0	0	0	0	330	1922	0	0	0	148	0	0	0	0	0	11922	264	2410	0	0	0	0	0	1392	0	722	0	0	0	0	0	178	0	0	0	248	0	108	0	0	0	0	0	3334	0	0	0	110	0	2100	0	0	0	296	0	0	0	1588	0	5330	0	338	0	0	0	2938	0	3354	0	166	0	94	0	0	0	0	0	0	0	0	0	0	0	0	0	0	0	0	0	0	0	0	0	0	0	0	0	0	0	0	0	0	
786600	Supp_Motor_Area_L	14758	7686	79270	13080	2040	378	13556	5210	2054	0	10104	2224	11760	926	7340	0	7694	330	0	37250	180	0	10284	6592	0	0	0	0	27942	1496	4762	8124	10890	20758	1154	934	3906	942	116	324	0	0	0	0	0	0	0	112	0	0	0	0	0	0	494	94	4148	874	0	0	416	196	418	364	0	0	130	196	8492	172	13470	7864	26914	2174	5160	392	2392	962	1180	0	1424	0	366	0	250	0	0	0	582	0	0	0	0	0	0	0	0	0	0	0	0	0	0	0	0	0	0	0	0	0	0	0	0	0	0	0	
676196	Supp_Motor_Area_R	9012	17286	10572	50538	0	2530	1258	8080	0	94	870	9876	1008	6854	336	524	350	1922	37250	0	0	0	2528	14276	0	0	0	0	1504	4756	4384	18424	9300	45410	2050	8624	0	1222	0	292	0	0	0	0	0	124	0	0	0	0	0	0	0	0	0	0	1358	2230	0	0	0	0	0	0	0	0	0	534	11098	11092	1504	22644	712	9932	0	3402	204	2026	0	0	0	0	0	108	0	0	0	0	0	0	0	0	0	0	0	0	0	0	0	0	0	0	0	0	0	0	0	0	0	0	0	0	0	0	0	0	
113856	Olfactory_L	588	0	204	0	2536	1578	118	0	266	0	0	0	0	0	4152	126	0	0	180	0	0	6112	0	0	1008	0	3684	2522	2594	118	4506	2452	0	0	0	0	734	0	844	0	1264	0	0	0	0	0	0	0	0	0	0	0	0	0	0	0	0	0	0	0	0	0	0	0	0	0	0	0	0	0	9130	5142	4056	1538	0	0	0	0	0	0	0	0	1476	0	0	0	0	0	0	0	0	0	0	0	0	0	0	0	0	0	0	0	0	0	0	0	0	0	0	0	0	0	0	0	0	0	
106036	Olfactory_R	170	0	0	0	418	2560	92	0	0	90	0	0	0	0	306	450	0	0	0	0	6112	0	0	0	334	440	1538	4198	0	2326	3496	3106	0	0	0	0	0	476	0	684	0	1930	0	0	0	0	0	0	0	0	0	0	0	0	0	0	0	0	0	0	0	0	0	0	0	0	0	0	0	0	7794	8960	4254	2206	116	112	0	188	0	0	0	0	0	662	0	0	0	0	0	0	0	0	0	0	0	0	0	0	0	0	0	0	0	0	0	0	0	0	0	0	0	0	0	0	0	0	
410644	Frontal_Sup_Medial_L	226	0	44346	14180	5658	94	19530	524	540	0	2250	318	3344	416	772	0	180	0	10284	2528	0	0	0	27818	2136	480	188	0	3616	350	24672	19754	4298	14192	0	0	0	0	0	0	0	0	0	0	0	0	0	0	0	0	0	0	0	0	0	0	92	0	0	0	0	0	0	0	0	0	0	0	0	0	374	422	1410	214	0	0	0	0	0	0	0	0	116	0	0	0	0	0	0	0	0	0	0	0	0	0	0	0	0	0	0	0	0	0	0	0	0	0	0	0	0	0	0	0	0	0	
414916	Frontal_Sup_Medial_R	140	126	11584	46406	248	4804	2638	3872	0	0	418	2672	690	1590	206	0	0	148	6592	14276	0	0	27818	0	230	4132	0	0	746	2108	8370	32494	554	20692	0	0	0	0	0	0	0	0	0	0	0	0	0	0	0	0	0	0	0	0	0	0	0	0	0	0	0	0	0	0	0	0	0	0	0	0	204	10686	0	3014	0	0	0	0	0	0	0	0	0	0	0	0	0	0	0	0	0	0	0	0	0	0	0	0	0	0	0	0	0	0	0	0	0	0	0	0	0	0	0	0	0	0	
36860	Frontal_Med_Orb_L	0	0	1438	126	3644	0	0	0	956	0	0	0	0	0	388	0	0	0	0	0	1008	334	2136	230	0	446	2018	164	0	0	3276	392	0	0	0	0	0	0	0	0	0	0	0	0	0	0	0	0	0	0	0	0	0	0	0	0	0	0	0	0	0	0	0	0	0	0	0	0	0	0	1040	400	220	214	0	0	0	0	0	0	0	0	0	0	0	0	0	0	0	0	0	0	0	0	0	0	0	0	0	0	0	0	0	0	0	0	0	0	0	0	0	0	0	0	0	0	
63224	Frontal_Med_Orb_R	0	0	0	2570	0	4824	0	0	0	336	0	0	0	0	0	0	0	0	0	0	0	440	480	4132	446	0	0	3442	0	0	1038	6212	0	0	0	0	0	0	0	0	0	0	0	0	0	0	0	0	0	0	0	0	0	0	0	0	0	0	0	0	0	0	0	0	0	0	0	0	0	0	0	4300	0	3392	0	0	0	0	0	0	0	0	0	0	0	0	0	0	0	0	0	0	0	0	0	0	0	0	0	0	0	0	0	0	0	0	0	0	0	0	0	0	0	0	0	0	
64852	Rectus_L	0	0	236	0	7312	706	0	0	2738	0	0	0	0	0	3726	0	0	0	0	0	3684	1538	188	0	2018	0	0	1178	1264	0	2346	494	0	0	0	0	0	0	0	0	0	0	0	0	0	0	0	0	0	0	0	0	0	0	0	0	0	0	0	0	0	0	0	0	0	0	0	0	0	0	3228	786	812	172	0	0	0	0	0	0	0	0	0	0	0	0	0	0	0	0	0	0	0	0	0	0	0	0	0	0	0	0	0	0	0	0	0	0	0	0	0	0	0	0	0	0	
66064	Rectus_R	0	0	0	0	322	7244	0	0	0	1554	0	0	0	0	238	704	0	0	0	0	2522	4198	0	0	164	3442	1178	0	0	404	1320	2356	0	0	0	0	0	0	0	0	0	0	0	0	0	0	0	0	0	0	0	0	0	0	0	0	0	0	0	0	0	0	0	0	0	0	0	0	0	0	2260	2954	1094	1078	0	0	0	0	0	0	0	0	0	0	0	0	0	0	0	0	0	0	0	0	0	0	0	0	0	0	0	0	0	0	0	0	0	0	0	0	0	0	0	0	0	0	
744136	Insula_L	8056	1344	44604	1140	10930	0	22764	138	7250	0	34282	0	37050	0	29770	0	26238	0	27942	1504	2594	0	3616	746	0	0	1264	0	0	260	3766	1278	3284	642	1004	724	10810	706	1068	236	1744	0	0	0	0	0	0	156	0	0	440	0	0	0	3926	0	3116	0	98	0	1544	0	3592	0	396	0	614	396	616	0	9476	3874	20904	0	714	0	3726	506	5404	0	10068	0	5752	0	3722	0	184	0	6090	0	0	0	0	0	0	0	0	0	0	0	0	0	0	0	0	0	0	0	0	0	0	0	0	0	0	0	
296808	Insula_R	232	1114	1140	10012	0	1200	0	3080	0	1522	148	14682	106	10954	0	8868	0	11922	1496	4756	118	2326	350	2108	0	0	0	404	260	0	870	10200	0	1166	228	340	168	7898	0	1084	0	1490	0	0	0	96	0	0	0	114	0	0	0	0	0	7352	0	1400	0	0	0	0	0	148	0	0	0	180	0	0	160	9494	114	13714	0	138	308	996	0	2810	0	7552	0	990	0	654	0	0	0	1658	0	106	0	0	0	0	0	0	0	178	0	0	0	0	0	0	0	0	0	0	0	0	0	0	0	0	
354472	Cingulum_Ant_L	330	338	16984	9804	2432	590	7494	478	552	0	2302	1490	2654	464	972	0	476	264	4762	4384	4506	3496	24672	8370	3276	1038	2346	1320	3766	870	0	26184	6310	6680	0	0	0	0	0	0	0	0	0	0	0	0	0	0	0	0	0	0	0	0	0	0	0	0	0	0	0	0	0	0	0	0	0	0	0	0	10076	7634	7012	2910	0	0	0	0	0	0	0	0	0	0	0	0	0	0	0	0	0	0	0	0	0	0	0	0	0	0	0	0	0	0	0	0	0	0	0	0	0	0	0	0	0	0	
568332	Cingulum_Ant_R	244	730	9314	42346	206	6048	2348	3538	104	152	1040	11784	1010	3732	166	200	122	2410	8124	18424	2452	3106	19754	32494	392	6212	494	2356	1278	10200	26184	0	1402	16798	0	0	0	222	0	128	0	0	0	0	0	0	0	0	0	0	0	0	0	0	0	0	0	192	0	0	0	0	0	0	0	0	0	0	0	0	3304	32846	2086	9708	0	0	88	206	0	0	0	0	0	222	0	0	0	0	0	0	0	0	0	0	0	0	0	0	0	0	0	0	0	0	0	0	0	0	0	0	0	0	0	0	0	0	
193096	Cingulum_Mid_L	1916	1064	6170	1734	224	0	3822	364	136	0	2950	226	2536	0	560	0	1312	0	10890	9300	0	0	4298	554	0	0	0	0	3284	0	6310	1402	0	11560	3082	684	0	0	0	0	0	0	348	0	1094	0	0	0	1998	0	1312	0	0	0	118	0	550	256	92	0	454	0	410	0	888	0	4968	114	5478	820	220	236	452	0	0	0	0	0	0	0	618	0	0	0	1230	0	0	0	514	0	0	0	0	0	0	0	0	0	0	0	0	0	0	0	0	0	0	0	0	0	0	0	0	0	0	0	
471736	Cingulum_Mid_R	2522	6140	7524	27730	0	194	1834	5576	0	0	300	6746	586	5770	180	0	0	0	20758	45410	0	0	14192	20692	0	0	0	0	642	1166	6680	16798	11560	0	562	6358	0	0	0	0	0	0	0	1062	0	2016	0	0	0	994	0	1022	0	0	0	0	350	1786	0	0	0	0	0	0	0	0	256	4110	4860	6520	130	1946	0	896	0	0	0	0	0	0	0	0	0	0	0	0	0	0	0	0	0	0	0	0	0	0	0	0	0	0	0	0	0	0	0	0	0	0	0	0	0	0	0	0	0	0	
162592	Cingulum_Post_L	5248	1344	1558	0	0	0	196	0	0	0	0	0	0	0	0	0	280	0	1154	2050	0	0	0	0	0	0	0	0	1004	228	0	0	3082	562	0	10986	7414	5498	1240	1066	0	0	1132	160	666	394	894	334	120	0	0	112	0	0	454	624	2730	0	0	0	0	0	0	0	0	0	3634	2128	12854	1344	144	0	0	0	0	0	5640	2538	696	222	0	250	0	0	0	318	0	0	448	294	0	0	0	0	0	0	0	0	0	0	0	0	0	0	0	0	0	0	0	0	256	0	0	0	0	0	
225328	Cingulum_Post_R	4486	7620	1514	160	0	0	190	0	0	0	0	0	0	0	0	0	270	0	934	8624	0	0	0	0	0	0	0	0	724	340	0	0	684	6358	10986	0	5070	10348	186	2778	0	0	0	1252	0	1336	0	2420	0	0	0	112	0	0	88	1206	130	4562	0	0	0	0	0	252	0	0	0	9446	2258	10630	462	0	0	0	0	0	8904	5644	366	306	0	336	0	0	0	530	0	0	0	496	0	0	0	0	0	0	0	262	0	0	0	0	0	0	0	0	0	0	0	0	394	0	0	0	0	0	
234372	Hippocampus_L	5340	676	2748	0	0	0	1204	0	0	0	440	0	0	0	646	0	1534	0	3906	0	734	0	0	0	0	0	0	0	10810	168	0	0	0	0	7414	5070	0	3882	10276	776	7234	0	1044	0	0	0	1992	556	0	0	0	0	0	0	12674	384	200	0	0	0	0	0	124	0	0	0	2896	1402	612	0	734	0	6608	0	568	0	6574	1260	2758	150	1432	176	2002	0	480	170	358	0	8656	174	0	0	0	0	0	0	110	0	0	0	0	0	0	0	0	0	0	0	0	0	234	0	0	0	0	0	
280884	Hippocampus_R	2956	5446	1384	1404	0	0	108	394	0	0	0	636	0	0	0	126	252	1392	942	1222	0	476	0	0	0	0	0	0	706	7898	0	222	0	0	5498	10348	3882	0	124	20172	0	6758	0	546	0	0	0	3842	0	0	0	0	0	0	0	19088	0	1246	0	0	0	204	0	952	0	0	0	6070	422	566	98	316	0	10262	0	360	6644	6934	324	894	0	3918	0	1082	0	846	0	414	0	1498	0	92	0	0	0	0	0	820	0	458	0	0	0	0	0	0	0	0	0	0	200	0	0	0	0	0	
96084	ParaHippocampal_L	0	0	122	0	0	0	0	0	0	0	0	0	0	0	314	0	224	0	116	0	844	0	0	0	0	0	0	0	1068	0	0	0	0	0	1240	186	10276	124	0	0	3520	0	924	0	0	0	6526	144	0	0	462	0	1570	0	10634	0	0	0	0	0	0	0	0	0	0	0	2000	112	0	0	0	0	628	0	0	0	216	0	0	0	154	0	820	0	116	0	252	0	3234	0	0	0	0	0	0	0	1130	0	1086	0	0	0	0	0	0	0	0	0	0	0	0	0	0	0	0	0	
146092	ParaHippocampal_R	860	1288	350	458	0	0	0	138	0	0	0	372	0	0	0	160	0	722	324	292	0	684	0	0	0	0	0	0	236	1084	0	128	0	0	1066	2778	776	20172	0	0	0	5254	0	696	0	0	0	5380	0	0	0	0	0	648	0	12950	0	120	0	0	0	0	0	0	0	0	0	2788	106	0	0	152	0	4930	0	280	1828	2716	124	0	0	0	0	692	0	0	0	870	0	130	0	0	0	0	0	0	0	1266	0	228	0	0	0	0	0	0	0	0	0	0	0	0	0	0	0	0	
43552	Amygdala_L	0	0	0	0	0	0	0	0	0	0	0	0	0	0	498	0	0	0	0	0	1264	0	0	0	0	0	0	0	1744	0	0	0	0	0	0	0	7234	0	3520	0	0	0	0	0	0	0	0	0	0	0	0	0	0	0	3544	0	0	0	0	0	0	0	0	0	0	0	0	0	0	0	0	0	554	0	0	0	0	0	0	0	0	0	1570	0	0	0	300	0	1548	0	0	0	0	0	0	0	0	0	0	0	0	0	0	0	0	0	0	0	0	0	0	0	0	0	0	0	
55924	Amygdala_R	0	0	0	0	0	0	0	0	0	0	0	0	0	0	0	94	0	0	0	0	0	1930	0	0	0	0	0	0	0	1490	0	0	0	0	0	0	0	6758	0	5254	0	0	0	0	0	0	0	0	0	0	0	0	0	0	0	5676	0	0	0	0	0	0	0	0	0	0	0	0	0	0	0	144	0	2074	0	0	0	0	0	0	0	0	0	3018	0	0	0	1176	0	348	0	0	0	0	0	0	0	0	0	0	0	0	0	0	0	0	0	0	0	0	0	0	0	0	0	0	
191800	Calcarine_L	0	0	0	0	0	0	0	0	0	0	0	0	0	0	0	0	0	0	0	0	0	0	0	0	0	0	0	0	0	0	0	0	348	0	1132	0	1044	0	924	0	0	0	0	10234	9580	7746	11676	4878	7978	4176	14552	2740	3612	270	1808	830	0	0	0	0	0	0	0	0	412	0	8792	182	176	0	0	0	0	0	0	0	0	0	0	0	0	0	0	0	1590	0	0	0	408	0	0	0	0	0	0	0	474	0	240	0	0	0	0	0	0	0	0	0	0	0	0	98	0	0	0	0	
271820	Calcarine_R	0	3218	0	0	0	0	0	0	0	0	0	0	0	0	0	0	0	0	0	0	0	0	0	0	0	0	0	0	0	0	0	0	0	1062	160	1252	0	546	0	696	0	0	10234	0	3706	20870	4696	21520	512	14892	206	14238	0	3680	0	9028	0	2086	0	0	0	0	0	0	0	0	0	12200	0	4112	0	0	0	0	0	0	0	0	0	0	0	128	0	0	0	3494	0	0	0	2674	0	0	0	0	0	0	0	192	0	0	0	0	0	0	0	0	0	0	0	0	508	0	0	0	0	0	
102668	Cuneus_L	0	0	0	0	0	0	0	0	0	0	0	0	0	0	0	0	0	0	0	0	0	0	0	0	0	0	0	0	0	0	0	0	1094	0	666	0	0	0	0	0	0	0	9580	3706	0	5524	818	0	12894	1774	6448	158	150	0	0	0	122	0	650	0	0	0	0	0	0	0	6480	284	660	0	0	0	0	0	0	0	0	0	0	0	0	0	0	0	238	0	0	0	0	0	0	0	0	0	0	0	88	0	0	0	0	0	0	0	0	0	0	0	0	0	0	0	0	0	0	0	
282616	Cuneus_R	0	1420	0	0	0	0	0	0	0	0	0	0	0	0	0	0	0	178	0	124	0	0	0	0	0	0	0	0	0	96	0	0	0	2016	394	1336	0	0	0	0	0	0	7746	20870	5524	0	1296	6930	572	33132	190	14126	0	410	0	2166	0	3340	0	1734	0	1718	0	946	0	1754	3468	23296	88	4182	0	0	0	0	0	0	0	0	0	0	0	238	0	0	0	1582	0	0	0	208	0	0	0	0	0	0	0	0	0	0	0	0	0	0	0	0	0	0	0	0	228	0	0	0	0	0	
262068	Lingual_L	0	0	0	0	0	0	0	0	0	0	0	0	0	0	0	0	152	0	0	0	0	0	0	0	0	0	0	0	0	0	0	0	0	0	894	0	1992	0	6526	0	0	0	11676	4696	818	1296	0	6552	2352	1396	14874	1612	9984	388	19726	1818	0	0	0	0	0	0	0	0	0	0	4000	0	0	0	0	0	0	0	0	0	90	0	0	0	158	0	0	0	242	0	0	0	2148	0	4860	1138	526	0	0	0	8042	1048	12986	1774	0	0	0	0	126	0	0	0	0	0	2920	3060	816	170	178	0	
371460	Lingual_R	178	608	0	0	0	0	0	0	0	0	0	0	0	0	0	0	0	0	112	0	0	0	0	0	0	0	0	0	156	0	0	0	0	0	334	2420	556	3842	144	5380	0	0	4878	21520	0	6930	6552	0	0	6874	206	8916	152	7124	2802	23666	0	502	0	0	0	0	0	110	0	0	0	6158	0	482	0	246	0	0	0	0	382	486	136	0	0	0	0	0	0	174	0	0	0	1336	3930	8464	240	406	114	0	6774	9612	9658	11900	98	0	504	106	248	0	0	0	0	0	10630	7540	1432	0	194	518	
147204	Occipital_Sup_L	208	0	0	0	0	0	0	0	0	0	0	0	0	0	0	0	422	0	0	0	0	0	0	0	0	0	0	0	0	0	0	0	1998	0	120	0	0	0	0	0	0	0	7978	512	12894	572	2352	0	0	0	21046	0	1374	0	752	0	436	0	4028	0	412	0	260	0	774	0	10588	0	2300	0	0	0	0	0	0	0	0	0	0	0	370	0	0	0	3268	0	0	0	938	0	0	0	0	0	0	0	0	0	0	0	0	0	0	0	0	0	0	0	0	0	0	0	0	0	0	0	
264756	Occipital_Sup_R	0	1036	0	0	0	0	0	0	0	0	0	0	0	0	0	0	0	248	0	0	0	0	0	0	0	0	0	0	0	114	0	0	0	994	0	0	0	0	0	0	0	0	4176	14892	1774	33132	1396	6874	0	0	0	22728	0	908	0	2416	0	3644	0	2724	0	3778	0	1816	0	5716	870	17332	0	3300	0	0	0	0	0	0	0	0	0	0	0	476	0	0	0	1754	0	0	0	280	0	0	0	0	0	0	0	0	0	0	0	0	0	0	0	0	0	0	0	0	0	0	0	0	0	0	
345816	Occipital_Mid_L	796	0	0	0	0	0	0	0	0	0	0	0	0	0	0	0	912	0	0	0	0	0	0	0	0	0	0	0	440	0	0	0	1312	0	0	0	0	0	462	0	0	0	14552	206	6448	190	14874	206	21046	0	0	0	20728	0	8866	0	2778	0	8438	0	9108	0	136	0	21658	0	12246	0	4098	0	0	0	0	0	0	0	0	0	226	0	812	0	0	0	16646	0	0	0	4214	0	266	0	100	0	0	0	106	0	790	0	0	0	0	0	0	0	0	0	0	0	0	248	0	0	0	0	
244928	Occipital_Mid_R	0	1720	0	0	0	0	0	0	0	0	0	0	0	0	0	0	0	108	0	0	0	0	0	0	0	0	0	0	0	0	0	0	0	1022	112	112	0	0	0	0	0	0	2740	14238	158	14126	1612	8916	0	22728	0	0	0	7410	0	5406	0	2056	0	1764	0	3922	0	1774	0	11158	328	7894	0	2480	0	0	0	0	0	0	0	0	0	0	0	986	0	0	0	8240	0	0	0	1454	0	0	0	0	0	0	0	0	0	0	0	0	0	0	0	0	0	0	0	0	0	0	0	0	0	0	
138720	Occipital_Inf_L	112	0	0	0	0	0	0	0	0	0	0	0	0	0	0	0	594	0	0	0	0	0	0	0	0	0	0	0	0	0	0	0	0	0	0	0	0	0	1570	0	0	0	3612	0	150	0	9984	152	1374	0	20728	0	0	0	12742	0	154	0	0	0	0	0	0	0	904	0	508	0	266	0	0	0	0	0	0	0	0	0	620	0	972	0	0	0	4644	0	0	0	6530	0	484	0	184	0	0	0	730	96	1688	0	0	0	0	0	0	0	0	0	0	0	310	122	130	0	0	0	
76944	Occipital_Inf_R	0	130	0	0	0	0	0	0	0	0	0	0	0	0	0	0	0	0	0	0	0	0	0	0	0	0	0	0	0	0	0	0	0	0	0	0	0	0	0	648	0	0	270	3680	0	410	388	7124	0	908	0	7410	0	0	0	8628	0	406	0	0	0	0	0	178	0	0	0	364	0	142	0	0	0	0	0	0	0	0	0	0	0	0	0	0	0	914	0	0	0	4514	0	914	0	0	0	0	0	88	128	652	0	0	0	0	0	0	0	0	0	0	0	294	282	0	0	0	
352820	Fusiform_L	158	0	468	0	0	0	0	0	0	0	126	0	0	0	114	0	1852	0	494	0	0	0	0	0	0	0	0	0	3926	0	0	0	118	0	454	88	12674	0	10634	0	3544	0	1808	0	0	0	19726	2802	752	0	8866	0	12742	0	0	88	122	0	0	0	94	0	0	0	130	0	1212	0	210	0	0	0	1200	0	0	0	182	0	2534	0	4280	0	1832	0	3328	0	1232	0	22280	0	13012	234	772	0	228	0	11166	1638	21866	460	464	0	240	0	130	0	0	0	0	0	3512	1902	300	204	212	0	
366192	Fusiform_R	358	496	118	298	0	0	0	0	0	0	0	186	0	0	0	0	0	0	94	0	0	0	0	0	0	0	0	0	0	7352	0	0	0	0	624	1206	384	19088	0	12950	0	5676	830	9028	0	2166	1818	23666	0	2416	0	5406	0	8628	88	0	0	612	0	0	0	0	0	328	0	0	0	1296	0	142	0	0	0	2648	0	0	736	916	0	270	0	6900	0	2754	0	2052	0	1594	0	11620	414	14490	0	450	0	190	1032	6432	1314	16438	0	450	114	1010	0	256	0	104	0	0	2574	2172	912	0	0	0	
221908	Postcentral_L	26748	610	4368	0	0	0	2580	0	0	0	2528	0	116	0	156	0	7426	0	4148	1358	0	0	92	0	0	0	0	0	3116	0	0	0	550	350	2730	130	200	0	0	0	0	0	0	0	122	0	0	0	436	0	2778	0	154	0	122	0	0	0	2804	0	16232	0	8494	0	1570	0	1788	0	13142	556	1484	120	0	0	108	0	160	0	828	0	2080	0	0	0	566	0	0	0	204	0	0	0	0	0	0	0	0	0	0	0	0	0	0	0	0	0	0	0	0	0	0	0	0	0	0	0	
197408	Postcentral_R	488	18512	310	904	0	0	144	736	0	0	0	1394	0	0	0	0	0	3334	874	2230	0	0	0	0	0	0	0	0	0	1400	0	192	256	1786	0	4562	0	1246	0	120	0	0	0	2086	0	3340	0	502	0	3644	0	2056	0	406	0	612	0	0	0	3640	0	7038	0	14090	0	248	0	7206	102	11910	128	574	0	500	0	0	0	372	0	470	0	196	0	0	0	280	0	0	0	816	0	0	0	0	0	0	0	0	0	0	0	0	0	0	0	0	0	0	0	0	0	0	0	0	0	0	
78228	Parietal_Sup_L	0	0	0	0	0	0	0	0	0	0	0	0	0	0	0	0	0	0	0	0	0	0	0	0	0	0	0	0	98	0	0	0	92	0	0	0	0	0	0	0	0	0	0	0	650	0	0	0	4028	0	8438	0	0	0	0	0	2804	0	0	0	5904	0	0	0	6066	0	9582	0	1292	0	0	0	0	0	0	0	0	0	0	0	0	0	0	0	160	0	0	0	0	0	0	0	0	0	0	0	0	0	0	0	0	0	0	0	0	0	0	0	0	0	0	0	0	0	0	0	
46008	Parietal_Sup_R	0	202	0	0	0	0	0	94	0	0	0	0	0	0	0	0	0	0	0	0	0	0	0	0	0	0	0	0	0	0	0	0	0	0	0	0	0	0	0	0	0	0	0	0	0	1734	0	0	0	2724	0	1764	0	0	0	0	0	3640	0	0	0	3992	0	2334	0	2778	104	3454	0	90	0	0	0	94	0	0	0	0	0	0	0	0	0	0	0	0	0	0	0	0	0	0	0	0	0	0	0	0	0	0	0	0	0	0	0	0	0	0	0	0	0	0	0	0	0	0	
136004	Parietal_Inf_L	3786	0	324	0	0	0	160	0	0	0	0	0	0	0	0	0	830	0	416	0	0	0	0	0	0	0	0	0	1544	0	0	0	454	0	0	0	0	0	0	0	0	0	0	0	0	0	0	0	412	0	9108	0	0	0	94	0	16232	0	5904	0	0	0	10916	0	12432	0	1910	0	802	0	162	0	0	0	0	0	0	0	0	0	1360	0	0	0	986	0	0	0	170	0	0	0	0	0	0	0	0	0	0	0	0	0	0	0	0	0	0	0	0	0	0	0	0	0	0	0	
97636	Parietal_Inf_R	122	1464	102	172	0	0	0	196	0	0	0	272	0	0	0	0	0	110	196	0	0	0	0	0	0	0	0	0	0	0	0	0	0	0	0	0	0	204	0	0	0	0	0	0	0	1718	0	0	0	3778	0	3922	0	0	0	0	0	7038	0	3992	0	0	0	13388	0	9460	98	2014	0	100	0	292	0	180	0	0	0	0	0	0	0	0	0	0	0	0	0	0	0	0	0	0	0	0	0	0	0	0	0	0	0	0	0	0	0	0	0	0	0	0	0	0	0	0	0	0	
96952	SupraMarginal_L	2752	0	0	0	0	0	0	0	0	0	0	0	0	0	0	0	3598	0	418	0	0	0	0	0	0	0	0	0	3592	0	0	0	410	0	0	0	124	0	0	0	0	0	0	0	0	0	0	0	260	0	136	0	0	0	0	0	8494	0	0	0	10916	0	0	0	4294	0	634	0	298	0	0	0	0	0	0	0	0	0	244	0	6142	0	0	0	5728	0	0	0	436	0	0	0	0	0	0	0	0	0	0	0	0	0	0	0	0	0	0	0	0	0	0	0	0	0	0	0	
131080	SupraMarginal_R	440	2040	186	392	0	0	140	498	0	0	0	574	0	0	0	0	0	2100	364	0	0	0	0	0	0	0	0	0	0	148	0	0	0	0	0	252	0	952	0	0	0	0	0	0	0	946	0	110	0	1816	0	1774	0	178	0	328	0	14090	0	2334	0	13388	0	0	0	8166	0	1478	0	88	124	446	0	278	0	98	0	170	0	500	0	4964	0	0	0	4876	0	0	0	1302	0	0	0	0	0	0	0	0	0	0	0	0	0	0	0	0	0	0	0	0	0	0	0	0	0	0	
138472	Angular_L	120	0	0	0	0	0	0	0	0	0	0	0	0	0	0	0	276	0	0	0	0	0	0	0	0	0	0	0	396	0	0	0	888	0	0	0	0	0	0	0	0	0	412	0	0	0	0	0	774	0	21658	0	904	0	130	0	1570	0	6066	0	12432	0	4294	0	0	0	5350	0	1924	0	0	0	0	0	0	0	0	0	0	0	1666	0	0	0	9664	0	0	0	712	0	0	0	0	0	0	0	0	0	0	0	0	0	0	0	0	0	0	0	0	0	0	0	0	0	0	0	
109436	Angular_R	0	0	0	0	0	0	0	0	0	0	0	0	0	0	0	0	0	0	0	0	0	0	0	0	0	0	0	0	0	0	0	0	0	0	0	0	0	0	0	0	0	0	0	0	0	1754	0	0	0	5716	0	11158	0	0	0	0	0	248	0	2778	0	9460	0	8166	0	0	180	2102	0	0	0	0	0	0	0	0	0	0	0	0	0	3836	0	0	0	7648	0	0	0	1672	0	0	0	0	0	0	0	0	0	0	0	0	0	0	0	0	0	0	0	0	0	0	0	0	0	0	
202440	Precuneus_L	428	0	114	0	0	0	0	0	0	0	0	0	0	0	0	0	678	0	130	0	0	0	0	0	0	0	0	0	614	0	0	0	4968	256	3634	0	2896	0	2000	0	0	0	8792	0	6480	3468	4000	0	10588	870	12246	328	508	0	1212	0	1788	0	9582	104	1910	98	634	0	5350	180	0	4232	5490	0	0	0	0	0	0	0	0	0	200	0	972	0	0	0	4038	0	0	0	1906	0	0	0	0	0	0	0	526	0	0	0	0	0	0	0	0	0	0	0	0	0	0	0	0	0	0	0	
284372	Precuneus_R	684	5510	130	0	0	0	0	0	0	0	0	0	0	0	0	0	0	296	196	534	0	0	0	0	0	0	0	0	396	180	0	0	114	4110	2128	9446	1402	6070	112	2788	0	0	182	12200	284	23296	0	6158	0	17332	0	7894	0	364	0	1296	0	7206	0	3454	0	2014	0	1478	0	2102	4232	0	314	9780	0	0	0	0	0	0	1812	818	352	102	0	548	0	0	0	1552	0	0	0	1818	0	0	0	0	0	0	0	534	0	0	0	0	0	0	0	0	0	0	0	0	968	0	0	0	0	0	
251912	Paracentral_Lobule_L	21168	6646	8168	960	0	0	260	0	0	0	0	0	0	0	0	0	382	0	8492	11098	0	0	0	0	0	0	0	0	616	0	0	0	5478	4860	12854	2258	612	422	0	106	0	0	176	0	660	88	0	0	2300	0	4098	0	266	0	210	0	13142	102	1292	0	802	0	298	0	1924	0	5490	314	0	3674	832	590	306	0	996	0	1872	930	0	0	398	0	0	0	654	0	0	0	162	0	0	0	0	0	0	0	0	0	0	0	0	0	0	0	0	0	0	0	0	0	0	0	0	0	0	0	
182008	Paracentral_Lobule_R	1318	16372	0	128	0	0	0	0	0	0	0	0	0	0	0	0	0	0	172	11092	0	0	0	0	0	0	0	0	0	0	0	0	820	6520	1344	10630	0	566	0	0	0	0	0	4112	0	4182	0	482	0	3300	0	2480	0	142	0	142	556	11910	0	90	0	100	0	88	0	0	0	9780	3674	0	0	0	0	0	0	0	0	0	0	0	0	0	0	0	0	454	0	0	0	550	0	0	0	0	0	0	0	0	0	0	0	0	0	0	0	0	0	0	0	0	0	0	0	0	0	0	
336496	Caudate_L	13290	560	6526	402	2500	1476	3126	0	524	0	5486	0	6160	0	4272	116	686	0	13470	1504	9130	7794	374	204	1040	0	3228	2260	9476	160	10076	3304	220	130	144	462	734	98	0	0	0	0	0	0	0	0	0	0	0	0	0	0	0	0	0	0	1484	128	0	0	162	0	0	124	0	0	0	0	832	0	0	19078	18134	3670	3168	646	10178	1084	472	0	0	0	0	0	0	0	0	0	156	0	0	0	0	0	0	0	0	0	0	0	0	0	0	0	0	0	0	0	0	0	0	0	0	0	0	0	
514780	Caudate_R	3166	5544	7104	23332	322	7416	2072	1300	172	946	3228	6352	2212	3528	458	1258	578	1588	7864	22644	5142	8960	422	10686	400	4300	786	2954	3874	9494	7634	32846	236	1946	0	0	0	316	0	152	0	144	0	0	0	0	0	246	0	0	0	0	0	0	0	0	120	574	0	0	0	292	0	446	0	0	0	0	590	0	19078	0	5642	20700	582	3282	650	13812	0	0	0	0	0	0	0	0	0	0	0	0	0	0	0	0	0	0	0	0	0	0	0	0	0	0	0	0	0	0	0	0	0	0	0	0	0	0	
314776	Putamen_L	2010	640	16890	198	5356	720	1350	0	2198	0	2998	0	2476	0	5536	0	3042	0	26914	712	4056	4254	1410	0	220	0	812	1094	20904	114	7012	2086	452	0	0	0	6608	0	628	0	554	0	0	0	0	0	0	0	0	0	0	0	0	0	1200	0	0	0	0	0	0	0	0	0	0	0	0	0	306	0	18134	5642	0	2020	5480	110	1124	0	0	0	650	0	776	0	142	0	0	0	560	0	0	0	0	0	0	0	0	0	0	0	0	0	0	0	0	0	0	0	0	0	0	0	0	0	0	0	
283728	Putamen_R	0	2336	1554	12272	0	5498	0	2712	0	1276	0	3828	0	0	0	2800	0	5330	2174	9932	1538	2206	214	3014	214	3392	172	1078	0	13714	2910	9708	0	896	0	0	0	10262	0	4930	0	2074	0	0	0	0	0	0	0	0	0	0	0	0	0	2648	0	500	0	94	0	180	0	278	0	0	0	0	0	0	3670	20700	2020	0	380	3388	0	640	0	0	0	0	0	820	0	0	0	262	0	250	0	0	0	0	0	0	0	0	0	0	0	0	0	0	0	0	0	0	0	0	0	0	0	0	0	0	
47724	Pallidum_L	1872	0	1644	0	0	0	682	0	0	0	0	0	0	0	0	0	324	0	5160	0	0	116	0	0	0	0	0	0	714	0	0	0	0	0	0	0	568	0	0	0	0	0	0	0	0	0	0	0	0	0	0	0	0	0	0	0	108	0	0	0	0	0	0	0	0	0	0	0	996	0	3168	582	5480	380	0	0	1924	0	0	0	144	0	0	0	0	0	0	0	0	0	0	0	0	0	0	0	0	0	0	0	0	0	0	0	0	0	0	0	0	0	0	0	0	0	0	0	
26572	Pallidum_R	0	168	104	166	0	0	0	0	0	0	0	0	0	0	0	0	0	338	392	3402	0	112	0	0	0	0	0	0	0	138	0	0	0	0	0	0	0	360	0	280	0	0	0	0	0	0	0	0	0	0	0	0	0	0	0	0	0	0	0	0	0	0	0	98	0	0	0	0	0	0	646	3282	110	3388	0	0	0	302	0	0	0	0	0	0	0	0	0	0	0	0	0	0	0	0	0	0	0	0	0	0	0	0	0	0	0	0	0	0	0	0	0	0	0	0	0	0	
200848	Thalamus_L	17304	1314	6544	0	0	0	5468	0	0	0	130	0	0	0	0	0	1254	0	2392	204	0	0	0	0	0	0	0	0	3726	308	0	88	0	0	5640	8904	6574	6644	216	1828	0	0	0	0	0	0	90	382	0	0	0	0	0	0	182	736	160	0	0	0	0	0	0	0	0	0	0	1812	1872	0	10178	650	1124	0	1924	0	0	9830	536	274	498	304	0	0	0	424	0	0	388	366	0	0	0	0	0	0	0	0	0	0	0	0	0	0	0	0	0	0	0	0	156	0	0	0	0	0	
170860	Thalamus_R	4580	15478	1666	8210	0	0	170	170	0	0	0	0	0	0	0	0	208	0	962	2026	0	188	0	0	0	0	0	0	506	996	0	206	0	0	2538	5644	1260	6934	0	2716	0	0	0	0	0	0	0	486	0	0	0	0	0	0	0	916	0	372	0	0	0	0	0	170	0	0	0	818	930	0	1084	13812	0	640	0	302	9830	0	168	236	0	668	0	0	0	272	0	0	0	268	0	0	0	0	0	0	0	0	0	0	0	0	0	0	0	0	0	0	0	0	0	0	0	0	0	0	
50884	Heschl_L	762	0	466	0	0	0	0	0	0	0	0	0	0	0	0	0	2134	0	1180	0	0	0	0	0	0	0	0	0	5404	0	0	0	0	0	696	366	2758	324	0	124	0	0	0	0	0	0	0	136	0	0	226	0	620	0	2534	0	828	0	0	0	0	0	244	0	0	0	200	352	0	0	472	0	0	0	0	0	536	168	0	0	2598	0	0	0	962	0	0	0	1352	0	0	0	0	0	0	0	0	0	0	0	0	0	0	0	0	0	0	0	0	0	0	0	0	0	0	0	
32748	Heschl_R	158	342	0	0	0	0	0	0	0	0	0	156	0	0	0	0	0	2938	0	0	0	0	0	0	0	0	0	0	0	2810	0	0	0	0	222	306	150	894	0	0	0	0	0	0	0	0	0	0	0	0	0	0	0	0	0	270	0	470	0	0	0	0	0	500	0	0	0	102	0	0	0	0	0	0	0	0	274	236	0	0	0	4584	0	0	0	668	0	0	0	1294	0	0	0	0	0	0	0	0	0	0	0	0	0	0	0	0	0	0	0	0	0	0	0	0	0	0	
186848	Temporal_Sup_L	1220	126	1662	0	0	0	766	0	0	0	436	0	0	0	0	0	5720	0	1424	0	0	0	0	0	0	0	0	0	10068	0	0	0	618	0	0	0	1432	0	154	0	0	0	0	0	0	0	158	0	370	0	812	0	972	0	4280	0	2080	0	0	0	1360	0	6142	0	1666	0	972	0	398	0	0	0	650	0	144	0	498	0	2598	0	0	0	3578	0	28240	0	0	0	14880	0	0	0	0	0	0	0	0	0	0	0	0	0	0	0	0	0	0	0	0	0	0	0	0	0	0	0	
117760	Temporal_Sup_R	168	454	0	248	0	0	0	0	0	0	0	0	0	0	0	0	0	3354	0	0	0	0	0	0	0	0	0	0	0	7552	0	0	0	0	250	336	176	3918	0	0	0	0	0	128	0	238	0	0	0	476	0	986	0	0	0	6900	0	196	0	0	0	0	0	4964	0	3836	0	548	0	0	0	0	0	0	0	0	304	668	0	4584	0	0	0	376	0	9672	0	344	0	7876	0	132	0	0	0	0	0	0	0	196	0	0	0	0	0	0	0	0	0	0	0	0	0	0	0	0	
89268	Temporal_Pole_Sup_L	234	0	640	0	1150	0	224	0	130	0	2854	0	334	0	3026	0	1846	0	366	0	1476	0	116	0	0	0	0	0	5752	0	0	0	0	0	0	0	2002	0	820	0	1570	0	0	0	0	0	0	0	0	0	0	0	0	0	1832	0	0	0	0	0	0	0	0	0	0	0	0	0	0	0	0	0	776	0	0	0	0	0	0	0	3578	0	0	0	5446	0	3910	0	6552	0	0	0	0	0	0	0	0	0	0	0	0	0	0	0	0	0	0	0	0	0	0	0	0	0	0	0	
41512	Temporal_Pole_Sup_R	0	0	0	138	0	0	0	0	0	0	0	354	0	0	0	198	0	166	0	108	0	662	0	0	0	0	0	0	0	990	0	222	0	0	0	0	0	1082	0	692	0	3018	0	0	0	0	0	0	0	0	0	0	0	0	0	2754	0	0	0	0	0	0	0	0	0	0	0	0	0	0	0	0	0	820	0	0	0	0	0	0	0	376	0	0	0	1746	0	3978	0	3452	0	0	0	0	0	0	0	0	0	0	0	0	0	0	0	0	0	0	0	0	0	0	0	0	0	0	
258392	Temporal_Mid_L	416	0	398	0	0	0	164	0	0	0	0	0	0	0	0	0	1184	0	250	0	0	0	0	0	0	0	0	0	3722	0	0	0	1230	0	0	0	480	0	116	0	0	0	1590	0	238	0	242	0	3268	0	16646	0	4644	0	3328	0	566	0	160	0	986	0	5728	0	9664	0	4038	0	654	0	0	0	142	0	0	0	0	0	962	0	28240	0	5446	0	0	0	1898	0	32796	0	0	0	0	0	0	0	0	0	0	0	0	0	0	0	0	0	0	0	0	0	0	0	0	0	0	0	
143256	Temporal_Mid_R	264	434	0	0	0	0	0	0	0	0	0	0	0	0	0	0	0	94	0	0	0	0	0	0	0	0	0	0	0	654	0	0	0	0	318	530	170	846	0	0	0	0	0	3494	0	1582	0	174	0	1754	0	8240	0	914	0	2052	0	280	0	0	0	0	0	4876	0	7648	0	1552	0	454	0	0	0	0	0	0	424	272	0	668	0	9672	0	1746	0	0	0	1892	0	20624	0	0	0	0	0	0	0	0	0	0	0	0	0	0	0	0	0	0	0	0	0	0	0	0	0	0	
22508	Temporal_Pole_Mid_L	0	0	0	0	0	0	0	0	0	0	0	0	0	0	0	0	0	0	0	0	0	0	0	0	0	0	0	0	184	0	0	0	0	0	0	0	358	0	252	0	300	0	0	0	0	0	0	0	0	0	0	0	0	0	1232	0	0	0	0	0	0	0	0	0	0	0	0	0	0	0	0	0	0	0	0	0	0	0	0	0	0	0	3910	0	1898	0	0	0	3120	0	0	0	0	0	0	0	0	0	0	0	0	0	0	0	0	0	0	0	0	0	0	0	0	0	0	0	
25152	Temporal_Pole_Mid_R	0	0	0	0	0	0	0	0	0	0	0	0	0	0	0	0	0	0	0	0	0	0	0	0	0	0	0	0	0	0	0	0	0	0	0	0	0	414	0	870	0	1176	0	0	0	0	0	0	0	0	0	0	0	0	0	1594	0	0	0	0	0	0	0	0	0	0	0	0	0	0	0	0	0	262	0	0	0	0	0	0	0	344	0	3978	0	1892	0	0	0	2046	0	0	0	0	0	0	0	0	0	0	0	0	0	0	0	0	0	0	0	0	0	0	0	0	0	0	
259188	Temporal_Inf_L	428	0	804	0	0	0	318	0	0	0	0	0	0	0	0	0	814	0	582	0	0	0	0	0	0	0	0	0	6090	0	0	0	514	0	448	0	8656	0	3234	0	1548	0	408	0	0	0	2148	0	938	0	4214	0	6530	0	22280	0	204	0	0	0	170	0	436	0	712	0	1906	0	162	0	156	0	560	0	0	0	388	0	1352	0	14880	0	6552	0	32796	0	3120	0	0	0	3290	0	620	0	0	0	410	0	1362	0	394	0	170	0	0	0	0	0	0	0	0	0	0	0	0	0	
149080	Temporal_Inf_R	208	806	0	0	0	0	0	0	0	0	0	0	0	0	0	0	0	0	0	0	0	0	0	0	0	0	0	0	0	1658	0	0	0	0	294	496	174	1498	0	130	0	348	0	2674	0	208	0	1336	0	280	0	1454	0	4514	0	11620	0	816	0	0	0	0	0	1302	0	1672	0	1818	0	550	0	0	0	250	0	0	366	268	0	1294	0	7876	0	3452	0	20624	0	2046	0	0	0	2670	0	706	0	0	0	0	0	286	0	302	0	544	0	0	0	0	0	0	0	0	0	0	0	0	
399200	Cerebelum_Crus1_L	0	0	0	0	0	0	0	0	0	0	0	0	0	0	0	0	0	0	0	0	0	0	0	0	0	0	0	0	0	0	0	0	0	0	0	0	0	0	0	0	0	0	0	0	0	0	4860	3930	0	0	266	0	484	0	13012	414	0	0	0	0	0	0	0	0	0	0	0	0	0	0	0	0	0	0	0	0	0	0	0	0	0	0	0	0	0	0	0	0	3290	0	0	3282	29848	2408	640	448	15594	2732	44140	4778	14176	668	19542	2406	3458	1558	246	0	266	368	8080	7330	8176	1486	1714	0	
354552	Cerebelum_Crus1_R	0	0	0	0	0	0	0	0	0	0	0	0	0	0	0	0	0	0	0	0	0	0	0	0	0	0	0	0	0	106	0	0	0	0	0	0	0	92	0	0	0	0	0	0	0	0	1138	8464	0	0	0	0	0	914	234	14490	0	0	0	0	0	0	0	0	0	0	0	0	0	0	0	0	0	0	0	0	0	0	0	0	0	132	0	0	0	0	0	0	0	2670	3282	0	1924	26936	124	484	1812	10870	4868	46116	348	5972	398	19690	250	2734	0	1090	0	242	5180	7252	8314	544	606	0	
320388	Cerebelum_Crus2_L	0	0	0	0	0	0	0	0	0	0	0	0	0	0	0	0	0	0	0	0	0	0	0	0	0	0	0	0	0	0	0	0	0	0	0	0	0	0	0	0	0	0	0	0	0	0	526	240	0	0	100	0	184	0	772	0	0	0	0	0	0	0	0	0	0	0	0	0	0	0	0	0	0	0	0	0	0	0	0	0	0	0	0	0	0	0	0	0	620	0	29848	1924	0	13930	0	0	236	0	2922	540	41360	6878	34204	5640	782	438	182	0	0	0	142	772	16118	1304	532	0	
308016	Cerebelum_Crus2_R	0	0	0	0	0	0	0	0	0	0	0	0	0	0	0	0	0	0	0	0	0	0	0	0	0	0	0	0	0	0	0	0	0	0	0	0	0	0	0	0	0	0	0	0	0	0	0	406	0	0	0	0	0	0	0	450	0	0	0	0	0	0	0	0	0	0	0	0	0	0	0	0	0	0	0	0	0	0	0	0	0	0	0	0	0	0	0	0	0	706	2408	26936	13930	0	0	0	0	354	406	3828	9868	23372	9674	37688	100	2916	0	1096	0	0	114	520	16820	1846	570	0	
60468	Cerebelum_3_L	0	0	0	0	0	0	0	0	0	0	0	0	0	0	0	0	0	0	0	0	0	0	0	0	0	0	0	0	0	0	0	0	0	0	0	0	0	0	0	0	0	0	0	0	0	0	0	114	0	0	0	0	0	0	228	0	0	0	0	0	0	0	0	0	0	0	0	0	0	0	0	0	0	0	0	0	0	0	0	0	0	0	0	0	0	0	0	0	0	0	640	124	0	0	0	532	8788	510	2664	884	0	0	360	0	2656	554	0	0	1410	3046	4412	1712	338	344	496	422	
48664	Cerebelum_3_R	0	0	0	0	0	0	0	0	0	0	0	0	0	0	0	0	0	0	0	0	0	0	0	0	0	0	0	0	0	0	0	0	0	0	0	0	0	0	0	0	0	0	0	0	0	0	0	0	0	0	0	0	0	0	0	190	0	0	0	0	0	0	0	0	0	0	0	0	0	0	0	0	0	0	0	0	0	0	0	0	0	0	0	0	0	0	0	0	0	0	448	484	0	0	532	0	932	4754	732	3490	0	0	110	248	476	1808	0	0	582	3198	2670	926	930	760	954	108	
325872	Cerebelum_4_5_L	0	0	0	0	0	0	0	0	0	0	0	0	0	0	0	0	0	0	0	0	0	0	0	0	0	0	0	0	0	0	0	0	0	0	0	0	110	0	1130	0	0	0	474	0	88	0	8042	6774	0	0	106	0	730	0	11166	1032	0	0	0	0	0	0	0	0	0	0	526	0	0	0	0	0	0	0	0	0	0	0	0	0	0	0	0	0	0	0	0	0	410	0	15594	1812	236	0	8788	932	0	7664	35296	4600	892	0	3906	0	8430	1866	576	0	1356	3026	24870	6184	1660	1620	1964	1076	
230204	Cerebelum_4_5_R	0	0	0	0	0	0	0	0	0	0	0	0	0	0	0	0	0	0	0	0	0	0	0	0	0	0	0	0	0	0	0	0	0	0	0	262	0	820	0	1266	0	0	0	192	0	0	1048	9612	0	0	0	0	96	88	1638	6432	0	0	0	0	0	0	0	0	0	0	0	534	0	0	0	0	0	0	0	0	0	0	0	0	0	0	0	0	0	0	0	0	0	0	2732	10870	0	354	510	4754	7664	0	5932	27218	0	0	520	1548	982	2916	0	252	116	894	17436	3768	1620	1000	1468	560	
432252	Cerebelum_6_L	0	0	0	0	0	0	0	0	0	0	0	0	0	0	0	0	0	0	0	0	0	0	0	0	0	0	0	0	0	0	0	0	0	0	0	0	0	0	1086	0	0	0	240	0	0	0	12986	9658	0	0	790	0	1688	128	21866	1314	0	0	0	0	0	0	0	0	0	0	0	0	0	0	0	0	0	0	0	0	0	0	0	0	0	0	0	0	0	0	0	0	1362	0	44140	4868	2922	406	2664	732	35296	5932	0	8902	2084	0	4800	338	5176	1512	164	0	464	744	17952	16026	5306	1744	2224	612	
358960	Cerebelum_6_R	0	0	0	0	0	0	0	0	0	0	0	0	0	0	0	0	0	0	0	0	0	0	0	0	0	0	0	0	0	178	0	0	0	0	0	0	0	458	0	228	0	0	0	0	0	0	1774	11900	0	0	0	0	0	652	460	16438	0	0	0	0	0	0	0	0	0	0	0	0	0	0	0	0	0	0	0	0	0	0	0	0	0	196	0	0	0	0	0	0	0	286	4778	46116	540	3828	884	3490	4600	27218	8902	0	0	1010	334	6038	1582	2762	0	692	0	700	11518	12908	6884	780	1094	252	
280592	Cerebelum_7b_L	0	0	0	0	0	0	0	0	0	0	0	0	0	0	0	0	0	0	0	0	0	0	0	0	0	0	0	0	0	0	0	0	0	0	0	0	0	0	0	0	0	0	0	0	0	0	0	98	0	0	0	0	0	0	464	0	0	0	0	0	0	0	0	0	0	0	0	0	0	0	0	0	0	0	0	0	0	0	0	0	0	0	0	0	0	0	0	0	394	0	14176	348	41360	9868	0	0	892	0	2084	0	0	5732	39550	7726	406	450	190	0	0	0	338	152	11402	4254	412	0	
172068	Cerebelum_7b_R	0	0	0	0	0	0	0	0	0	0	0	0	0	0	0	0	0	0	0	0	0	0	0	0	0	0	0	0	0	0	0	0	0	0	0	0	0	0	0	0	0	0	0	0	0	0	0	0	0	0	0	0	0	0	0	450	0	0	0	0	0	0	0	0	0	0	0	0	0	0	0	0	0	0	0	0	0	0	0	0	0	0	0	0	0	0	0	0	0	302	668	5972	6878	23372	0	0	0	0	0	1010	5732	0	5474	26134	0	1034	0	340	0	0	0	0	7246	1294	128	0	
344964	Cerebelum_8_L	0	0	0	0	0	0	0	0	0	0	0	0	0	0	0	0	0	0	0	0	0	0	0	0	0	0	0	0	0	0	0	0	0	0	0	0	0	0	0	0	0	0	0	0	0	0	0	504	0	0	0	0	0	0	240	114	0	0	0	0	0	0	0	0	0	0	0	0	0	0	0	0	0	0	0	0	0	0	0	0	0	0	0	0	0	0	0	0	170	0	19542	398	34204	9674	360	110	3906	520	4800	334	39550	5474	0	9756	13276	1550	3480	0	0	0	2256	616	12060	7396	2192	0	
318112	Cerebelum_8_R	0	0	0	0	0	0	0	0	0	0	0	0	0	0	0	0	0	0	0	0	0	0	0	0	0	0	0	0	0	0	0	0	0	0	0	0	0	0	0	0	0	0	0	0	0	0	0	106	0	0	0	0	0	0	0	1010	0	0	0	0	0	0	0	0	0	0	0	0	0	0	0	0	0	0	0	0	0	0	0	0	0	0	0	0	0	0	0	0	0	544	2406	19690	5640	37688	0	248	0	1548	338	6038	7726	26134	9756	0	372	17076	0	4068	0	116	292	310	9870	5716	2364	0	
126768	Cerebelum_9_L	0	0	0	0	0	0	0	0	0	0	0	0	0	0	0	0	0	0	0	0	0	0	0	0	0	0	0	0	0	0	0	0	0	0	0	0	0	0	0	0	0	0	0	0	0	0	126	248	0	0	0	0	0	0	130	0	0	0	0	0	0	0	0	0	0	0	0	0	0	0	0	0	0	0	0	0	0	0	0	0	0	0	0	0	0	0	0	0	0	0	3458	250	782	100	2656	476	8430	982	5176	1582	406	0	13276	372	0	2260	4652	0	600	1026	5786	3820	952	1968	2614	1256	
137244	Cerebelum_9_R	0	0	0	0	0	0	0	0	0	0	0	0	0	0	0	0	0	0	0	0	0	0	0	0	0	0	0	0	0	0	0	0	0	0	0	0	0	0	0	0	0	0	0	0	0	0	0	0	0	0	0	0	0	0	0	256	0	0	0	0	0	0	0	0	0	0	0	0	0	0	0	0	0	0	0	0	0	0	0	0	0	0	0	0	0	0	0	0	0	0	1558	2734	438	2916	554	1808	1866	2916	1512	2762	450	1034	1550	17076	2260	0	0	4088	836	1582	3722	2280	4106	3846	5352	1120	
19492	Cerebelum_10_L	0	0	0	0	0	0	0	0	0	0	0	0	0	0	0	0	0	0	0	0	0	0	0	0	0	0	0	0	0	0	0	0	0	0	0	0	0	0	0	0	0	0	0	0	0	0	0	0	0	0	0	0	0	0	0	0	0	0	0	0	0	0	0	0	0	0	0	0	0	0	0	0	0	0	0	0	0	0	0	0	0	0	0	0	0	0	0	0	0	0	246	0	182	0	0	0	576	0	164	0	190	0	3480	0	4652	0	0	0	0	0	256	0	0	0	0	0	
24100	Cerebelum_10_R	0	0	0	0	0	0	0	0	0	0	0	0	0	0	0	0	0	0	0	0	0	0	0	0	0	0	0	0	0	0	0	0	0	0	0	0	0	0	0	0	0	0	0	0	0	0	0	0	0	0	0	0	0	0	0	104	0	0	0	0	0	0	0	0	0	0	0	0	0	0	0	0	0	0	0	0	0	0	0	0	0	0	0	0	0	0	0	0	0	0	0	1090	0	1096	0	0	0	252	0	692	0	340	0	4068	0	4088	0	0	0	0	0	0	210	0	110	0	
27932	Vermis_1_2	0	0	0	0	0	0	0	0	0	0	0	0	0	0	0	0	0	0	0	0	0	0	0	0	0	0	0	0	0	0	0	0	0	0	0	0	0	0	0	0	0	0	0	0	0	0	0	0	0	0	0	0	0	0	0	0	0	0	0	0	0	0	0	0	0	0	0	0	0	0	0	0	0	0	0	0	0	0	0	0	0	0	0	0	0	0	0	0	0	0	266	0	0	0	1410	582	1356	116	464	0	0	0	0	0	600	836	0	0	0	5098	2234	320	174	150	208	152	
50900	Vermis_3	0	0	0	0	0	0	0	0	0	0	0	0	0	0	0	0	0	0	0	0	0	0	0	0	0	0	0	0	0	0	0	0	0	0	0	0	0	0	0	0	0	0	0	0	0	0	0	0	0	0	0	0	0	0	0	0	0	0	0	0	0	0	0	0	0	0	0	0	0	0	0	0	0	0	0	0	0	0	0	0	0	0	0	0	0	0	0	0	0	0	368	242	0	0	3046	3198	3026	894	744	700	0	0	0	116	1026	1582	0	0	5098	0	3820	554	286	204	328	218	
308020	Vermis_4_5	0	0	0	0	0	0	0	0	0	0	0	0	0	0	0	0	0	0	0	0	0	0	0	0	0	0	0	0	0	0	0	0	0	0	256	394	234	200	0	0	0	0	0	508	0	228	2920	10630	0	0	0	0	310	0	3512	2574	0	0	0	0	0	0	0	0	0	0	0	968	0	0	0	0	0	0	0	0	156	0	0	0	0	0	0	0	0	0	0	0	0	0	8080	5180	142	114	4412	2670	24870	17436	17952	11518	338	0	2256	292	5786	3722	256	0	2234	3820	0	9536	2476	2268	3136	2626	
210188	Vermis_6	0	0	0	0	0	0	0	0	0	0	0	0	0	0	0	0	0	0	0	0	0	0	0	0	0	0	0	0	0	0	0	0	0	0	0	0	0	0	0	0	0	0	98	0	0	0	3060	7540	0	0	248	0	122	294	1902	2172	0	0	0	0	0	0	0	0	0	0	0	0	0	0	0	0	0	0	0	0	0	0	0	0	0	0	0	0	0	0	0	0	0	0	7330	7252	772	520	1712	926	6184	3768	16026	12908	152	0	616	310	3820	2280	0	0	320	554	9536	0	6372	2110	3250	2940	
270988	Vermis_7	0	0	0	0	0	0	0	0	0	0	0	0	0	0	0	0	0	0	0	0	0	0	0	0	0	0	0	0	0	0	0	0	0	0	0	0	0	0	0	0	0	0	0	0	0	0	816	1432	0	0	0	0	130	282	300	912	0	0	0	0	0	0	0	0	0	0	0	0	0	0	0	0	0	0	0	0	0	0	0	0	0	0	0	0	0	0	0	0	0	0	8176	8314	16118	16820	338	930	1660	1620	5306	6884	11402	7246	12060	9870	952	4106	0	210	174	286	2476	6372	0	5360	4540	402	
