data	data	418828	305848	1.29012e+06	1.11009e+06	171164	164396	656828	475748	151864	50312	334408	186900	364420	190004	198492	114752	241572	129348	759992	898816	140648	148804	600384	539356	64176	92816	75948	101280	769060	389628	513616	664068	163688	606508	107412	122196	215428	237076	110508	170196	44172	65832	300032	387408	238804	344808	336512	388676	279360	334076	587948	256524	233060	139352	472280	458804	357572	225660	173588	112548	243984	108676	115792	149080	190136	139768	339560	389444	201860	217148	565200	545136	422116	455180	64396	76268	118852	167504	92736	29820	345692	129704	158144	60152	403460	228092	39088	42064	366688	203800	498692	408240	286668	307896	34832	48884	313668	246364	503828	437136	290892	181952	346332	291724	144344	143748	29752	3792	24952	62516	268608	286648	329540	132236	101148	25124	
data	data	Precentral_L	Precentral_R	Frontal_Sup_L	Frontal_Sup_R	Frontal_Sup_Orb_L	Frontal_Sup_Orb_R	Frontal_Mid_L	Frontal_Mid_R	Frontal_Mid_Orb_L	Frontal_Mid_Orb_R	Frontal_Inf_Oper_L	Frontal_Inf_Oper_R	Frontal_Inf_Tri_L	Frontal_Inf_Tri_R	Frontal_Inf_Orb_L	Frontal_Inf_Orb_R	Rolandic_Oper_L	Rolandic_Oper_R	Supp_Motor_Area_L	Supp_Motor_Area_R	Olfactory_L	Olfactory_R	Frontal_Sup_Medial_L	Frontal_Sup_Medial_R	Frontal_Med_Orb_L	Frontal_Med_Orb_R	Rectus_L	Rectus_R	Insula_L	Insula_R	Cingulum_Ant_L	Cingulum_Ant_R	Cingulum_Mid_L	Cingulum_Mid_R	Cingulum_Post_L	Cingulum_Post_R	Hippocampus_L	Hippocampus_R	ParaHippocampal_L	ParaHippocampal_R	Amygdala_L	Amygdala_R	Calcarine_L	Calcarine_R	Cuneus_L	Cuneus_R	Lingual_L	Lingual_R	Occipital_Sup_L	Occipital_Sup_R	Occipital_Mid_L	Occipital_Mid_R	Occipital_Inf_L	Occipital_Inf_R	Fusiform_L	Fusiform_R	Postcentral_L	Postcentral_R	Parietal_Sup_L	Parietal_Sup_R	Parietal_Inf_L	Parietal_Inf_R	SupraMarginal_L	SupraMarginal_R	Angular_L	Angular_R	Precuneus_L	Precuneus_R	Paracentral_Lobule_L	Paracentral_Lobule_R	Caudate_L	Caudate_R	Putamen_L	Putamen_R	Pallidum_L	Pallidum_R	Thalamus_L	Thalamus_R	Heschl_L	Heschl_R	Temporal_Sup_L	Temporal_Sup_R	Temporal_Pole_Sup_L	Temporal_Pole_Sup_R	Temporal_Mid_L	Temporal_Mid_R	Temporal_Pole_Mid_L	Temporal_Pole_Mid_R	Temporal_Inf_L	Temporal_Inf_R	Cerebelum_Crus1_L	Cerebelum_Crus1_R	Cerebelum_Crus2_L	Cerebelum_Crus2_R	Cerebelum_3_L	Cerebelum_3_R	Cerebelum_4_5_L	Cerebelum_4_5_R	Cerebelum_6_L	Cerebelum_6_R	Cerebelum_7b_L	Cerebelum_7b_R	Cerebelum_8_L	Cerebelum_8_R	Cerebelum_9_L	Cerebelum_9_R	Cerebelum_10_L	Cerebelum_10_R	Vermis_1_2	Vermis_3	Vermis_4_5	Vermis_6	Vermis_7	Vermis_8	Vermis_9	Vermis_10	
418828	Precentral_L	0	5308	9342	5172	0	0	25172	4090	0	0	16028	140	6166	0	0	172	8102	0	5358	7752	0	0	0	298	0	0	0	0	5806	418	0	364	130	4508	1680	2162	614	0	184	0	0	0	208	118	496	0	0	0	1778	0	3782	0	126	202	126	992	37214	246	2212	0	10252	0	4400	88	5570	0	696	160	8150	3320	6580	1004	1242	694	366	0	628	380	1184	0	3882	0	576	0	1878	0	0	0	1320	578	0	0	0	0	0	0	0	0	0	0	0	0	0	0	0	0	0	0	0	0	0	0	0	0	0	0	
305848	Precentral_R	5308	0	8654	15268	0	0	8796	26776	150	0	796	6668	394	98	150	0	552	2144	4286	3092	0	0	98	402	0	0	0	0	1410	1486	198	440	0	512	0	124	436	1540	0	380	0	0	0	0	0	0	0	0	0	182	0	96	0	116	138	502	2250	19704	0	368	342	1086	0	3074	0	420	0	224	0	2452	8942	5924	2548	4730	274	548	218	5984	162	222	430	534	0	0	0	568	0	0	106	622	0	0	0	0	0	0	0	0	0	0	0	0	0	0	0	0	0	0	0	0	0	0	0	0	0	0	
1.29012e+06	Frontal_Sup_L	9342	8654	0	31200	12484	188	79734	13052	7802	0	12318	1992	28018	1592	9350	216	7416	1340	85204	29348	604	200	65510	14012	1688	302	974	0	46756	3316	26522	13994	5410	15444	282	516	5320	1134	622	400	0	0	0	0	0	0	0	0	0	0	494	0	602	108	736	678	4928	1216	0	0	1814	0	230	252	278	0	0	0	348	354	16012	6044	27484	4498	5442	910	6998	642	5266	184	5664	230	3180	0	2714	128	0	0	4926	444	0	0	0	0	0	0	0	0	0	0	0	0	0	0	0	0	0	0	0	0	0	0	0	0	0	0	
1.11009e+06	Frontal_Sup_R	5172	15268	31200	0	168	3634	11646	47206	448	234	2696	13452	2432	13392	514	3280	992	9558	26972	80624	0	0	12922	49906	102	1850	0	382	4132	25484	12532	42532	3058	25060	0	230	212	4832	0	1948	86	0	0	104	0	0	0	0	0	0	0	0	0	472	0	2380	2356	2348	0	0	412	102	0	308	0	0	0	172	1358	832	11636	28074	2236	23322	378	2322	4878	9992	156	1198	830	1924	162	358	0	504	0	0	88	1986	0	0	0	0	0	0	0	0	0	0	0	0	0	0	0	0	0	0	0	0	0	0	0	0	0	0	
171164	Frontal_Sup_Orb_L	0	0	12484	168	0	162	4098	86	12740	0	100	0	4490	0	10392	0	0	0	670	0	2216	322	6474	186	3450	210	6020	250	8798	0	5066	364	0	0	0	0	0	0	0	0	0	0	0	0	0	0	0	0	0	0	0	0	0	0	0	0	0	0	0	0	0	0	0	0	0	0	0	0	0	0	1994	250	4266	0	0	0	0	0	0	0	0	0	326	0	0	0	0	0	0	0	0	0	0	0	0	0	0	0	0	0	0	0	0	0	0	0	0	0	0	0	0	0	0	0	0	0	
164396	Frontal_Sup_Orb_R	0	0	188	3634	162	0	194	1910	0	7972	162	0	0	588	0	5128	0	0	0	526	2598	4320	698	5050	850	7690	1260	11014	142	1598	1514	5552	0	0	0	0	0	0	0	0	0	306	0	0	0	0	0	0	0	0	0	0	0	0	0	0	0	0	0	0	0	0	0	0	0	0	0	0	0	0	2924	6478	1552	6960	130	986	0	112	0	0	0	0	0	0	0	0	0	0	0	0	0	0	0	0	0	0	0	0	0	0	0	0	0	0	0	0	0	0	0	0	0	0	0	0	0	0	
656828	Frontal_Mid_L	25172	8796	79734	11646	4098	194	0	12098	5022	0	11486	1178	26090	400	5174	460	4420	570	6226	5938	88	0	20814	5454	210	240	0	0	17784	2354	5058	3656	280	2250	142	170	1814	660	326	302	0	0	0	0	0	0	0	0	0	0	178	0	166	0	278	558	5124	896	0	0	782	0	196	226	230	0	0	0	0	246	18450	5254	7120	3412	1862	282	562	1044	2484	106	2786	218	838	124	1656	130	0	0	2438	464	0	0	0	0	0	0	0	0	0	0	0	0	0	0	0	0	0	0	0	0	0	0	0	0	0	0	
475748	Frontal_Mid_R	4090	26776	13052	47206	86	1910	12098	0	272	1910	2706	10168	946	18156	280	3210	870	3522	6744	6010	0	0	1926	5746	0	176	0	0	2294	9998	1476	6074	422	2466	0	0	288	1644	0	528	0	0	0	0	0	0	0	0	0	0	0	0	0	0	0	532	1950	3288	0	106	278	160	0	664	0	124	0	0	0	462	10204	7520	2552	8864	354	1340	120	2686	184	658	698	988	94	0	0	186	0	0	104	708	0	0	0	0	0	0	0	0	0	0	0	0	0	0	0	0	0	0	0	0	0	0	0	0	0	0	
151864	Frontal_Mid_Orb_L	0	150	7802	448	12740	0	5022	272	0	0	220	0	6310	0	18550	0	0	0	776	150	102	108	3246	278	546	0	1786	0	7520	0	2072	350	0	118	0	0	0	0	0	0	0	0	0	0	0	0	0	0	0	0	0	0	0	0	0	0	0	0	0	0	0	0	0	0	0	0	0	0	0	0	2182	310	4000	160	0	0	254	0	0	0	0	0	460	0	0	0	0	0	0	0	0	0	0	0	0	0	0	0	0	0	0	0	0	0	0	0	0	0	0	0	0	0	0	0	0	0	
50312	Frontal_Mid_Orb_R	0	0	0	234	0	7972	0	1910	0	0	0	0	0	830	0	5684	0	0	0	0	430	748	0	174	0	364	202	2560	0	710	142	346	0	0	0	0	0	0	0	0	0	152	0	0	0	0	0	0	0	0	0	0	0	0	0	0	0	0	0	0	0	0	0	0	0	0	0	0	0	0	448	620	238	1392	0	0	0	0	0	0	0	0	0	0	0	0	0	0	0	0	0	0	0	0	0	0	0	0	0	0	0	0	0	0	0	0	0	0	0	0	0	0	0	0	0	0	
334408	Frontal_Inf_Oper_L	16028	796	12318	2696	100	162	11486	2706	220	0	0	316	14544	340	412	466	16624	128	7386	1448	0	90	1214	742	0	0	0	0	24702	600	326	1174	102	420	0	0	634	0	148	0	0	0	0	0	0	0	0	0	0	0	0	0	0	0	148	0	8034	0	0	0	1062	0	662	0	644	0	0	0	0	0	9790	4406	1738	610	0	0	292	1780	934	0	9822	0	8126	0	292	0	0	0	536	0	0	0	0	0	0	0	0	0	0	0	0	0	0	0	0	0	0	0	0	0	0	0	0	0	0	0	
186900	Frontal_Inf_Oper_R	140	6668	1992	13452	0	0	1178	10168	0	0	316	0	120	11808	0	916	0	6484	1512	3784	0	0	186	1736	0	0	0	0	156	13946	486	1710	0	840	0	0	0	906	0	362	0	0	0	0	0	0	0	0	0	0	0	0	0	0	0	404	0	3592	0	0	0	0	0	0	0	0	0	0	0	0	1254	1974	0	5714	0	150	0	512	0	150	0	194	0	640	0	0	0	0	0	0	0	0	0	0	0	0	0	0	0	0	0	0	0	0	0	0	0	0	0	0	0	0	0	0	0	0	
364420	Frontal_Inf_Tri_L	6166	394	28018	2432	4490	0	26090	946	6310	0	14544	120	0	170	8514	280	1864	544	4630	1796	0	0	13830	2128	130	0	0	0	31880	1060	6830	3030	166	722	0	0	160	88	0	0	0	0	0	0	0	0	0	0	0	0	0	0	0	0	0	0	2372	0	0	0	224	0	134	0	108	0	0	0	0	0	4320	2432	1378	488	0	96	0	0	276	0	1264	0	1650	0	0	0	0	0	136	0	0	0	0	0	0	0	0	0	0	0	0	0	0	0	0	0	0	0	0	0	0	0	0	0	0	0	
190004	Frontal_Inf_Tri_R	0	98	1592	13392	0	588	400	18156	0	830	340	11808	170	0	0	5820	0	604	1576	3832	0	0	888	4372	0	0	0	0	260	10950	992	6056	226	1950	0	0	0	602	0	276	0	0	0	0	0	0	0	0	0	0	0	0	0	0	0	314	0	0	0	0	0	0	0	0	0	0	0	0	0	0	624	5386	116	2416	0	276	0	92	0	0	0	0	0	0	0	0	0	0	0	0	0	0	0	0	0	0	0	0	0	0	0	0	0	0	0	0	0	0	0	0	0	0	0	0	0	0	
198492	Frontal_Inf_Orb_L	0	150	9350	514	10392	0	5174	280	18550	0	412	0	8514	0	0	0	0	0	1066	172	2326	248	5218	414	0	0	1266	0	16894	0	3134	482	0	212	0	0	0	0	162	0	128	0	0	0	0	0	0	0	0	0	0	0	0	0	0	0	0	0	0	0	0	0	0	0	0	0	0	0	0	0	3102	370	7646	212	152	0	262	0	0	0	0	0	2444	0	0	0	0	0	0	0	0	0	0	0	0	0	0	0	0	0	0	0	0	0	0	0	0	0	0	0	0	0	0	0	0	0	
114752	Frontal_Inf_Orb_R	172	0	216	3280	0	5128	460	3210	0	5684	466	916	280	5820	0	0	102	0	0	1712	470	2694	0	230	0	0	98	1906	380	11546	190	294	0	0	0	0	0	188	0	184	0	216	0	0	0	0	0	0	0	0	0	0	0	0	0	86	0	0	0	0	0	0	0	0	0	0	0	0	0	0	1172	4386	178	4574	0	574	0	148	0	0	0	108	0	308	0	0	0	0	0	0	0	0	0	0	0	0	0	0	0	0	0	0	0	0	0	0	0	0	0	0	0	0	0	0	0	0	
241572	Rolandic_Oper_L	8102	552	7416	992	0	0	4420	870	0	0	16624	0	1864	0	0	102	0	0	4366	718	0	0	320	158	0	0	0	0	19096	108	182	244	88	198	0	0	242	0	0	0	0	0	0	0	0	0	0	0	166	0	658	0	0	0	0	0	9672	0	180	0	1376	0	2578	0	1074	0	0	0	0	0	5026	1680	572	186	0	0	234	1052	4650	0	15220	0	6204	0	2376	0	0	0	1220	0	0	0	0	0	0	0	0	0	0	0	0	0	0	0	0	0	0	0	0	0	0	0	0	0	0	0	
129348	Rolandic_Oper_R	0	2144	1340	9558	0	0	570	3522	0	0	128	6484	544	604	0	0	0	0	1022	1500	0	0	234	988	0	0	0	0	680	13724	448	562	0	248	0	0	0	170	0	160	0	0	0	0	0	0	0	0	0	0	0	0	0	0	0	0	0	4250	0	434	0	628	0	2722	0	516	0	0	0	1064	942	386	0	3284	0	0	0	278	0	1758	0	3132	0	408	0	242	0	0	0	0	0	0	0	0	0	0	0	0	0	0	0	0	0	0	0	0	0	0	0	0	0	0	0	0	0	0	
759992	Supp_Motor_Area_L	5358	4286	85204	26972	670	0	6226	6744	776	0	7386	1512	4630	1576	1066	0	4366	1022	0	50832	0	0	9546	7306	0	0	0	0	18970	2132	8034	12156	11764	30130	1212	426	3932	460	368	96	0	0	0	0	0	0	0	0	106	0	452	0	528	0	466	166	3308	554	0	0	1154	0	116	108	0	0	872	88	5074	1922	5682	2216	16352	2334	4250	612	5160	94	3302	86	3388	0	2030	0	1424	0	0	0	2994	0	0	0	0	0	0	0	0	0	0	0	0	0	0	0	0	0	0	0	0	0	0	0	0	0	0	0	
898816	Supp_Motor_Area_R	7752	3092	29348	80624	0	526	5938	6010	150	0	1448	3784	1796	3832	172	1712	718	1500	50832	0	0	0	5438	17314	0	0	0	0	3714	9046	7590	20642	6374	54534	1584	3200	400	3716	98	1710	86	0	0	704	0	554	0	0	0	362	0	590	0	566	0	2364	906	4730	0	358	234	88	0	224	0	720	0	2988	9966	22072	6862	18964	2072	15718	250	1684	4880	12460	0	174	682	594	178	106	0	1146	0	0	0	1532	0	0	0	0	0	0	0	0	0	0	0	0	0	0	0	0	0	0	0	0	0	0	0	0	0	0	
140648	Olfactory_L	0	0	604	0	2216	2598	88	0	102	430	0	0	0	0	2326	470	0	0	0	0	0	8944	474	0	1440	626	4104	2936	3252	508	4794	2138	0	0	0	0	642	0	670	0	706	0	0	0	0	0	0	0	0	0	0	0	0	0	232	0	0	0	0	0	0	0	0	0	0	0	0	0	0	0	12636	5856	7504	2094	642	474	0	232	0	0	0	0	586	0	0	0	0	0	0	0	0	0	0	0	0	0	0	0	0	0	0	0	0	0	0	0	0	0	0	0	0	0	0	0	0	0	
148804	Olfactory_R	0	0	200	0	322	4320	0	0	108	748	90	0	0	0	248	2694	0	0	0	0	8944	0	150	88	236	1090	2562	5690	260	4412	3114	2468	0	0	0	0	0	966	0	654	0	1736	0	0	0	0	0	0	0	0	0	0	0	0	0	366	0	0	0	0	0	0	0	0	0	0	0	0	0	0	10526	9180	5510	4822	806	1392	0	254	0	0	0	0	0	232	0	108	0	0	0	106	0	0	0	0	0	0	0	0	0	0	0	0	0	0	0	0	0	0	0	0	0	0	0	0	0	0	
600384	Frontal_Sup_Medial_L	0	98	65510	12922	6474	698	20814	1926	3246	0	1214	186	13830	888	5218	0	320	234	9546	5438	474	150	0	28070	4266	1728	1496	148	15712	654	37500	25104	6570	16502	0	0	192	0	0	0	0	0	0	0	0	0	0	0	0	0	0	0	0	0	0	0	0	0	0	0	0	0	0	0	0	0	0	0	0	0	3718	2490	4606	996	0	116	214	128	0	0	378	0	326	0	0	0	0	0	92	0	0	0	0	0	0	0	0	0	0	0	0	0	0	0	0	0	0	0	0	0	0	0	0	0	0	0	
539356	Frontal_Sup_Medial_R	298	402	14012	49906	186	5050	5454	5746	278	174	742	1736	2128	4372	414	230	158	988	7306	17314	0	88	28070	0	398	5772	0	818	3320	3858	16878	46550	2598	20788	0	0	236	0	0	0	0	0	0	0	0	0	0	0	0	0	0	0	0	0	0	0	0	0	0	0	0	0	0	0	0	0	0	0	0	0	3502	10384	1132	6768	0	424	234	762	0	0	114	0	90	0	0	0	0	0	0	0	0	0	0	0	0	0	0	0	0	0	0	0	0	0	0	0	0	0	0	0	0	0	0	0	0	0	
64176	Frontal_Med_Orb_L	0	0	1688	102	3450	850	210	0	546	0	0	0	130	0	0	0	0	0	0	0	1440	236	4266	398	0	2516	3620	924	190	0	6882	864	0	0	0	0	0	0	0	0	0	0	0	0	0	0	0	0	0	0	0	0	0	0	0	0	0	0	0	0	0	0	0	0	0	0	0	0	0	0	1752	358	1514	152	0	0	0	0	0	0	0	0	0	0	0	0	0	0	0	0	0	0	0	0	0	0	0	0	0	0	0	0	0	0	0	0	0	0	0	0	0	0	0	0	0	0	
92816	Frontal_Med_Orb_R	0	0	302	1850	210	7690	240	176	0	364	0	0	0	0	0	0	0	0	0	0	626	1090	1728	5772	2516	0	824	5352	0	92	2708	6348	0	0	0	0	0	0	0	0	0	0	0	0	0	0	0	0	0	0	0	0	0	0	0	0	0	0	0	0	0	0	0	0	0	0	0	0	0	0	986	3586	308	3028	0	526	0	86	0	0	0	0	0	0	0	0	0	0	0	0	0	0	0	0	0	0	0	0	0	0	0	0	0	0	0	0	0	0	0	0	0	0	0	0	0	0	
75948	Rectus_L	0	0	974	0	6020	1260	0	0	1786	202	0	0	0	0	1266	98	0	0	0	0	4104	2562	1496	0	3620	824	0	1836	952	106	3756	1022	0	0	0	0	0	0	0	0	0	0	0	0	0	0	0	0	0	0	0	0	0	0	0	0	0	0	0	0	0	0	0	0	0	0	0	0	0	0	3870	940	934	346	0	0	0	0	0	0	0	0	0	0	0	0	0	0	0	0	0	0	0	0	0	0	0	0	0	0	0	0	0	0	0	0	0	0	0	0	0	0	0	0	0	0	
101280	Rectus_R	0	0	0	382	250	11014	0	0	0	2560	0	0	0	0	0	1906	0	0	0	0	2936	5690	148	818	924	5352	1836	0	0	1716	1398	3254	0	0	0	0	0	0	0	0	0	470	0	0	0	0	0	0	0	0	0	0	0	0	0	0	0	0	0	0	0	0	0	0	0	0	0	0	0	0	2808	3134	1468	2380	110	0	0	0	0	0	0	0	0	86	0	0	0	0	0	0	0	0	0	0	0	0	0	0	0	0	0	0	0	0	0	0	0	0	0	0	0	0	0	0	0	0	
769060	Insula_L	5806	1410	46756	4132	8798	142	17784	2294	7520	0	24702	156	31880	260	16894	380	19096	680	18970	3714	3252	260	15712	3320	190	0	952	0	0	1418	11738	5046	332	1472	0	0	8288	226	1956	0	1934	0	0	0	0	0	124	0	0	0	676	0	824	0	4002	0	3608	0	0	0	724	0	438	0	562	0	0	0	0	0	13854	5984	21268	1008	504	178	1584	1978	10022	0	18574	0	12070	0	7198	0	0	0	11426	0	86	0	0	0	0	0	130	0	238	0	0	0	0	0	0	0	0	0	0	0	0	0	0	0	0	0	
389628	Insula_R	418	1486	3316	25484	0	1598	2354	9998	0	710	600	13946	1060	10950	0	11546	108	13724	2132	9046	508	4412	654	3858	0	92	106	1716	1418	0	1456	5076	0	996	0	0	0	4794	0	2280	0	1240	0	0	0	0	0	0	0	0	0	0	0	318	0	3558	88	1162	0	0	0	0	0	214	0	0	0	0	0	224	3106	5648	510	21516	0	856	0	730	0	2324	0	7080	0	2026	0	3508	0	0	0	4766	0	0	0	0	0	0	0	0	0	98	0	0	0	0	0	0	0	0	0	0	0	0	0	0	0	0	
513616	Cingulum_Ant_L	0	198	26522	12532	5066	1514	5058	1476	2072	142	326	486	6830	992	3134	190	182	448	8034	7590	4794	3114	37500	16878	6882	2708	3756	1398	11738	1456	0	31120	7836	14006	0	0	0	0	0	0	0	0	0	0	0	0	0	0	0	0	0	0	0	0	0	0	0	0	0	0	0	0	0	0	0	0	0	0	0	0	10350	5864	10204	2692	188	394	614	158	0	0	200	0	166	0	0	0	0	0	0	0	0	0	0	0	0	0	0	0	0	0	0	0	0	0	0	0	0	0	0	0	0	0	0	0	0	0	
664068	Cingulum_Ant_R	364	440	13994	42532	364	5552	3656	6074	350	346	1174	1710	3030	6056	482	294	244	562	12156	20642	2138	2468	25104	46550	864	6348	1022	3254	5046	5076	31120	0	6352	31290	0	0	290	160	86	0	0	0	0	0	0	0	0	0	0	0	0	0	0	0	0	0	0	0	0	0	0	0	0	0	0	0	0	0	0	0	6410	21474	2862	11586	0	1014	470	672	0	0	212	0	144	0	0	0	0	0	0	0	0	0	0	0	0	0	0	0	0	0	0	0	0	0	0	0	0	0	0	0	0	0	0	0	0	0	
163688	Cingulum_Mid_L	130	0	5410	3058	0	0	280	422	0	0	102	0	166	226	0	0	88	0	11764	6374	0	0	6570	2598	0	0	0	0	332	0	7836	6352	0	14528	1448	680	0	0	0	0	0	0	144	0	604	126	0	0	680	0	788	0	0	0	0	0	620	0	544	0	0	0	0	0	0	0	3456	510	4360	676	142	282	0	260	0	102	0	0	0	0	88	0	0	0	98	0	0	0	0	0	0	0	0	0	0	0	0	0	0	0	0	0	0	0	0	0	0	0	0	0	0	0	0	0	0	0	
606508	Cingulum_Mid_R	4508	512	15444	25060	0	0	2250	2466	118	0	420	840	722	1950	212	0	198	248	30130	54534	0	0	16502	20788	0	0	0	0	1472	996	14006	31290	14528	0	1642	4218	270	0	0	0	0	0	0	1144	0	3236	0	254	0	2068	0	2364	0	592	0	278	0	2106	0	650	0	452	0	442	0	1688	504	11570	8444	16338	344	676	472	528	0	114	112	0	0	0	204	94	0	0	0	2238	0	0	0	1018	0	0	0	0	0	0	0	0	0	0	0	0	0	0	0	0	0	0	0	0	0	0	0	0	0	0	
107412	Cingulum_Post_L	1680	0	282	0	0	0	142	0	0	0	0	0	0	0	0	0	0	0	1212	1584	0	0	0	0	0	0	0	0	0	0	0	0	1448	1642	0	11896	2608	948	322	0	0	0	2444	560	468	186	1456	188	172	130	1340	120	350	816	136	2926	0	0	0	0	0	0	0	0	0	0	5552	1884	4282	1504	0	0	0	0	0	0	210	0	0	0	0	0	0	0	1354	0	0	0	1262	2024	0	0	0	0	0	0	0	0	0	0	0	0	0	0	0	0	0	0	0	0	578	0	0	0	0	0	
122196	Cingulum_Post_R	2162	124	516	230	0	0	170	0	0	0	0	0	0	0	0	0	0	0	426	3200	0	0	0	0	0	0	0	0	0	0	0	0	680	4218	11896	0	2194	1938	352	208	0	0	0	3106	0	1134	214	1848	0	478	224	700	134	1360	0	4338	0	116	0	0	0	0	0	0	0	166	190	7840	2634	2822	0	0	188	0	0	0	532	0	0	0	0	0	0	0	224	466	0	0	384	2706	0	0	0	0	0	0	0	86	0	0	0	0	0	0	0	0	0	0	0	0	894	0	0	0	0	0	
215428	Hippocampus_L	614	436	5320	212	0	0	1814	288	0	0	634	0	160	0	0	0	242	0	3932	400	642	0	192	236	0	0	0	0	8288	0	0	290	0	270	2608	2194	0	890	14874	0	7784	0	1156	0	0	0	3184	174	0	0	976	0	1310	0	14296	0	104	90	0	0	0	0	0	0	0	0	1596	448	0	0	940	86	7482	102	1652	0	4984	0	142	0	2570	0	1124	0	1100	0	228	0	9542	0	138	0	0	0	0	0	458	0	744	0	0	0	0	0	0	0	0	0	100	160	508	0	0	0	0	0	
237076	Hippocampus_R	0	1540	1134	4832	0	0	660	1644	0	0	0	906	88	602	0	188	0	170	460	3716	0	966	0	0	0	0	0	0	226	4794	0	160	0	0	948	1938	890	0	0	22786	0	8032	0	768	0	170	0	3558	0	130	0	188	0	1042	0	24976	0	0	0	0	0	0	0	0	0	0	0	2408	0	0	730	1380	282	9842	0	1416	316	4200	0	186	0	826	0	918	0	1062	0	358	0	4944	0	0	0	0	0	0	0	980	0	550	0	0	0	0	0	0	0	0	0	0	628	0	0	0	0	0	
110508	ParaHippocampal_L	184	0	622	0	0	0	326	0	0	0	148	0	0	0	162	0	0	0	368	98	670	0	0	0	0	0	0	0	1956	0	0	86	0	0	322	352	14874	0	0	0	3474	0	1102	0	0	0	4560	94	312	0	2312	0	1528	0	10462	0	0	0	0	0	0	0	0	0	0	0	1114	0	98	0	136	0	1472	0	162	0	1546	0	0	0	506	0	650	0	342	0	468	0	2314	0	114	0	0	0	170	158	714	0	532	0	0	0	0	0	0	0	0	0	304	442	0	0	0	0	0	0	
170196	ParaHippocampal_R	0	380	400	1948	0	0	302	528	0	0	0	362	0	276	0	184	0	160	96	1710	0	654	0	0	0	0	0	0	0	2280	0	0	0	0	0	208	0	22786	0	0	0	6016	0	1760	0	602	0	4368	0	190	0	272	0	1104	0	19482	0	0	0	0	0	0	0	0	0	0	0	2238	0	0	364	908	94	3620	0	588	142	3100	0	284	0	566	0	1672	0	162	0	1716	0	1070	0	100	0	0	0	150	0	1482	0	624	0	0	0	0	0	0	0	0	0	0	150	0	0	0	0	0	
44172	Amygdala_L	0	0	0	86	0	0	0	0	0	0	0	0	0	0	128	0	0	0	0	86	706	0	0	0	0	0	0	0	1934	0	0	0	0	0	0	0	7784	0	3474	0	0	0	0	0	0	0	0	0	0	0	0	0	0	0	3680	0	0	0	0	0	0	0	0	0	0	0	0	0	0	0	0	0	386	0	0	0	202	0	0	0	146	0	960	0	88	0	300	0	2126	0	0	0	0	0	0	0	0	0	0	0	0	0	0	0	0	0	0	0	0	0	0	0	0	0	0	0	
65832	Amygdala_R	0	0	0	0	0	306	0	0	0	152	0	0	0	0	0	216	0	0	0	0	0	1736	0	0	0	0	0	470	0	1240	0	0	0	0	0	0	0	8032	0	6016	0	0	0	0	0	0	0	0	0	0	0	0	0	0	0	6650	0	0	0	0	0	0	0	0	0	0	0	0	0	0	0	346	0	1632	0	0	0	452	0	0	0	0	0	2228	0	308	0	1120	0	2012	0	0	0	0	0	0	0	0	0	0	0	0	0	0	0	0	0	0	0	0	0	0	0	0	0	0	
300032	Calcarine_L	208	0	0	0	0	0	0	0	0	0	0	0	0	0	0	0	0	0	0	0	0	0	0	0	0	0	0	0	0	0	0	0	144	0	2444	0	1156	0	1102	0	0	0	0	8780	14226	6776	19342	5260	12064	2864	29846	428	6592	0	4948	730	160	0	676	0	182	0	0	0	210	0	20448	792	854	0	0	0	0	0	0	0	0	0	0	0	154	0	0	0	5192	0	0	0	1586	0	432	0	0	0	0	0	340	448	366	380	0	0	0	0	0	0	0	0	0	0	696	190	0	0	0	0	
387408	Calcarine_R	118	0	0	104	0	0	0	0	0	0	0	0	0	0	0	0	0	0	0	704	0	0	0	0	0	0	0	0	0	0	0	0	0	1144	560	3106	0	768	0	1760	0	0	8780	0	3366	29944	4120	37278	450	25730	1630	15722	114	7298	196	9296	0	146	0	650	0	110	0	98	0	824	2450	27252	188	580	0	0	0	0	0	0	0	0	0	0	0	0	0	0	188	4196	0	0	0	1260	126	198	0	0	0	0	0	364	242	1714	0	0	0	0	0	0	0	0	0	0	364	472	94	0	0	0	
238804	Cuneus_L	496	0	0	0	0	0	0	0	0	0	0	0	0	0	0	0	0	0	0	0	0	0	0	0	0	0	0	0	0	0	0	0	604	0	468	0	0	0	0	0	0	0	14226	3366	0	9084	1882	302	23796	2146	16836	116	208	0	154	0	2278	0	8002	0	2724	0	0	0	194	0	19730	2288	5620	0	0	0	0	0	0	0	0	0	0	0	96	0	0	0	4516	0	0	0	270	0	0	0	0	0	0	0	0	0	0	0	0	0	0	0	0	0	0	0	0	0	0	0	0	0	0	0	
344808	Cuneus_R	0	0	0	0	0	0	0	0	0	0	0	0	0	0	0	0	0	0	0	554	0	0	0	0	0	0	0	0	0	0	0	0	126	3236	186	1134	0	170	0	602	0	0	6776	29944	9084	0	792	10402	1002	40166	378	14312	0	3318	0	2626	0	1066	0	3940	0	118	0	116	0	1690	5582	29970	108	1176	0	0	0	0	0	0	0	0	0	0	0	0	0	0	0	1630	0	0	0	800	0	0	0	0	0	0	0	144	122	704	0	0	0	0	0	0	0	0	0	0	202	228	0	0	0	0	
336512	Lingual_L	0	0	0	0	0	0	0	0	0	0	0	0	0	0	0	0	0	0	0	0	0	0	0	0	0	0	0	0	124	0	0	0	0	0	1456	214	3184	0	4560	0	0	0	19342	4120	1882	792	0	6770	6818	712	28776	360	13858	250	22664	2078	0	0	0	0	0	0	0	0	0	0	5838	158	164	0	0	0	112	0	0	0	272	0	0	0	178	0	0	0	664	0	0	0	494	0	4290	1226	0	0	0	94	10480	2322	12088	2484	88	0	0	0	168	104	0	0	0	94	4714	3388	876	0	0	0	
388676	Lingual_R	0	0	0	0	0	0	0	0	0	0	0	0	0	0	0	0	0	0	0	0	0	0	0	0	0	0	0	0	0	0	0	0	0	254	188	1848	174	3558	94	4368	0	0	5260	37278	302	10402	6770	0	404	12262	1836	8954	510	7400	1404	23064	0	0	0	254	0	0	0	0	0	266	564	16944	0	106	0	0	0	0	0	0	0	406	0	0	0	0	0	0	174	928	0	0	0	272	1848	2462	0	0	96	342	2816	8108	4266	8872	98	0	0	0	184	106	0	0	0	0	9236	7868	1552	110	130	0	
279360	Occipital_Sup_L	1778	0	0	0	0	0	0	0	0	0	0	0	0	0	0	0	166	0	106	0	0	0	0	0	0	0	0	0	0	0	0	0	680	0	172	0	0	0	312	0	0	0	12064	450	23796	1002	6818	404	0	0	37538	0	2032	0	1120	86	1892	0	15726	0	4572	0	128	0	1078	0	17184	1486	5024	0	0	0	0	0	0	0	0	0	0	0	822	0	0	0	1898	0	0	0	1246	0	100	0	0	0	0	0	0	0	0	0	0	0	0	0	0	0	0	0	0	0	0	0	0	0	0	0	
334076	Occipital_Sup_R	0	182	0	0	0	0	0	0	0	0	0	0	0	0	0	0	0	0	0	362	0	0	0	0	0	0	0	0	0	0	0	0	0	2068	130	478	0	130	0	190	0	0	2864	25730	2146	40166	712	12262	0	0	164	26688	0	4348	0	3440	0	2444	0	5736	0	474	0	450	0	4516	1414	23446	0	1544	0	0	0	0	0	0	0	0	0	0	0	0	0	0	0	2300	0	0	0	790	0	88	0	0	0	0	0	128	136	948	0	0	0	0	0	0	0	0	0	0	262	302	0	0	0	0	
587948	Occipital_Mid_L	3782	0	494	0	0	0	178	0	0	0	0	0	0	0	0	0	658	0	452	0	0	0	0	0	0	0	0	0	676	0	0	0	788	0	1340	224	976	0	2312	0	0	0	29846	1630	16836	378	28776	1836	37538	164	0	138	25866	0	16608	708	4206	0	16906	0	12070	0	602	0	10184	0	26062	1068	7418	0	0	0	378	0	0	0	0	0	170	0	3268	0	0	0	26010	0	0	0	8952	114	1342	152	0	0	0	0	556	0	1488	172	0	0	0	0	0	0	0	0	0	0	232	236	184	0	0	0	
256524	Occipital_Mid_R	0	96	0	0	0	0	0	0	0	0	0	0	0	0	0	0	0	0	0	590	0	0	0	0	0	0	0	0	0	0	0	0	0	2364	120	700	0	188	0	272	0	0	428	15722	116	14312	360	8954	0	26688	138	0	0	7180	0	3944	0	1230	0	3742	0	2186	0	682	0	9038	304	12594	0	1144	0	0	0	0	0	0	0	0	0	0	0	260	0	0	0	11974	0	0	0	2240	0	100	0	0	0	0	0	0	94	234	0	0	0	0	0	0	0	0	0	0	108	160	0	0	0	0	
233060	Occipital_Inf_L	126	0	602	0	0	0	166	0	0	0	0	0	0	0	0	0	0	0	528	0	0	0	0	0	0	0	0	0	824	0	0	0	0	0	350	134	1310	0	1528	0	0	0	6592	114	208	0	13858	510	2032	0	25866	0	0	0	22146	226	0	0	0	0	0	0	0	0	0	0	3824	0	322	0	0	0	596	0	114	0	94	0	216	0	664	0	0	0	3400	0	0	0	8448	0	6244	510	0	0	0	0	3480	224	7512	620	264	0	0	0	252	0	180	0	0	0	746	1064	636	0	0	0	
139352	Occipital_Inf_R	202	116	108	472	0	0	0	0	0	0	0	0	0	0	0	0	0	0	0	566	0	0	0	0	0	0	0	0	0	318	0	0	0	592	816	1360	0	1042	0	1104	0	0	0	7298	0	3318	250	7400	0	4348	0	7180	0	0	0	12808	0	150	0	234	0	0	0	0	0	140	0	4592	150	312	0	0	0	0	0	0	0	0	0	0	0	0	0	0	0	2370	0	0	112	7756	112	626	0	0	0	0	0	298	418	1326	0	0	0	0	0	0	0	0	0	0	334	1296	152	0	0	0	
472280	Fusiform_L	126	138	736	0	0	0	278	0	0	0	148	0	0	0	0	0	0	0	466	0	232	0	0	0	0	0	0	0	4002	0	0	0	0	0	136	0	14296	0	10462	0	3680	0	4948	196	154	0	22664	1404	1120	0	16608	0	22146	0	0	480	0	0	0	0	0	0	0	0	0	0	2794	0	254	0	252	0	1972	0	452	0	818	0	0	0	3460	0	2026	0	3394	0	2706	0	17468	0	25728	1394	546	0	398	0	17042	1102	37664	1934	814	0	352	0	532	0	254	0	104	206	3108	3338	1608	0	0	0	
458804	Fusiform_R	992	502	678	2380	0	0	558	532	0	0	0	404	0	314	0	86	0	0	166	2364	0	366	0	0	0	0	0	0	0	3558	0	0	0	278	2926	4338	0	24976	0	19482	0	6650	730	9296	0	2626	2078	23064	86	3440	708	3944	226	12808	480	0	0	104	0	0	0	0	0	104	0	0	234	3734	520	368	386	584	114	5206	0	948	0	1146	0	298	0	1368	0	3490	194	2882	0	3256	258	17510	744	10932	0	138	0	242	2022	9896	2154	17700	0	0	0	134	0	0	0	0	0	0	5906	4824	970	0	0	0	
357572	Postcentral_L	37214	2250	4928	2356	0	0	5124	1950	0	0	8034	0	2372	0	0	0	9672	0	3308	906	0	0	0	0	0	0	0	0	3608	88	0	0	620	0	0	0	104	0	0	0	0	0	160	0	2278	0	0	0	1892	0	4206	0	0	0	0	0	0	0	6994	0	23108	0	12892	0	13664	0	4430	94	7238	0	1864	274	192	92	0	0	248	0	1932	0	7128	0	450	0	4390	0	0	0	2726	0	0	0	0	0	0	0	0	0	0	0	0	0	0	0	0	0	0	0	0	0	0	0	0	0	0	0	
225660	Postcentral_R	246	19704	1216	2348	0	0	896	3288	0	0	0	3592	0	0	0	0	0	4250	554	4730	0	0	0	0	0	0	0	0	0	1162	0	0	0	2106	0	116	90	0	0	0	0	0	0	146	0	1066	0	0	0	2444	0	1230	0	150	0	104	0	0	0	5032	0	6228	0	13476	0	3948	0	2588	0	20524	742	218	254	852	0	0	0	218	0	318	0	3156	0	0	0	3778	0	0	0	2060	0	0	0	0	0	0	0	0	0	0	0	0	0	0	0	0	0	0	0	0	0	0	0	0	0	0	
173588	Parietal_Sup_L	2212	0	0	0	0	0	0	0	0	0	0	0	0	0	0	0	180	0	0	0	0	0	0	0	0	0	0	0	0	0	0	0	544	0	0	0	0	0	0	0	0	0	676	0	8002	0	0	0	15726	0	16906	0	0	0	0	0	6994	0	0	0	8462	0	156	0	1062	0	16548	1008	4794	0	0	0	0	0	0	0	0	0	0	0	820	0	0	0	1660	0	0	0	1044	0	0	0	0	0	0	0	0	0	0	0	0	0	0	0	0	0	0	0	0	0	0	0	0	0	0	0	
112548	Parietal_Sup_R	0	368	0	0	0	0	0	106	0	0	0	0	0	0	0	0	0	434	0	358	0	0	0	0	0	0	0	0	0	0	0	0	0	650	0	0	0	0	0	0	0	0	0	650	0	3940	0	254	0	5736	0	3742	0	234	0	0	0	5032	0	0	0	9720	0	5686	0	6686	100	7764	0	1638	0	0	0	0	0	0	0	0	0	0	0	456	0	0	0	1982	0	0	0	738	0	0	0	0	0	0	0	0	0	0	0	0	0	0	0	0	0	0	0	0	0	0	0	0	0	0	
243984	Parietal_Inf_L	10252	342	1814	412	0	0	782	278	0	0	1062	0	224	0	0	0	1376	0	1154	234	0	0	0	0	0	0	0	0	724	0	0	0	0	0	0	0	0	0	0	0	0	0	182	0	2724	0	0	0	4572	0	12070	0	0	0	0	0	23108	0	8462	0	0	0	11984	0	22632	0	2954	0	3352	0	106	0	0	0	0	0	0	0	0	0	2136	0	320	0	7426	0	0	0	1310	0	0	0	0	0	0	0	0	0	0	0	0	0	0	0	0	0	0	0	0	0	0	0	0	0	0	0	
108676	Parietal_Inf_R	0	1086	0	102	0	0	0	160	0	0	0	0	0	0	0	0	0	628	0	88	0	0	0	0	0	0	0	0	0	0	0	0	0	452	0	0	0	0	0	0	0	0	0	110	0	118	0	0	0	474	0	2186	0	0	0	0	0	6228	0	9720	0	0	0	12450	0	12926	0	1508	0	2022	0	0	0	0	0	0	0	0	0	0	0	528	0	0	0	2498	0	0	0	1054	0	0	0	0	0	0	0	0	0	0	0	0	0	0	0	0	0	0	0	0	0	0	0	0	0	0	
115792	SupraMarginal_L	4400	0	230	0	0	0	196	0	0	0	662	0	134	0	0	0	2578	0	116	0	0	0	0	0	0	0	0	0	438	0	0	0	0	0	0	0	0	0	0	0	0	0	0	0	0	0	0	0	128	0	602	0	0	0	0	0	12892	0	156	0	11984	0	0	0	11822	0	0	0	202	0	0	0	0	0	0	0	0	0	96	0	4856	0	266	0	5376	0	0	0	762	0	0	0	0	0	0	0	0	0	0	0	0	0	0	0	0	0	0	0	0	0	0	0	0	0	0	0	
149080	SupraMarginal_R	88	3074	252	308	0	0	226	664	0	0	0	0	0	0	0	0	0	2722	108	224	0	0	0	0	0	0	0	0	0	214	0	0	0	442	0	0	0	0	0	0	0	0	0	98	0	116	0	0	0	450	0	682	0	0	0	104	0	13476	0	5686	0	12450	0	0	0	9320	0	1524	0	4024	120	0	0	0	0	0	0	0	0	282	0	7796	0	0	0	7842	0	0	0	2248	0	0	0	0	0	0	0	0	0	0	0	0	0	0	0	0	0	0	0	0	0	0	0	0	0	0	
190136	Angular_L	5570	0	278	0	0	0	230	0	0	0	644	0	108	0	0	0	1074	0	0	0	0	0	0	0	0	0	0	0	562	0	0	0	0	0	0	0	0	0	0	0	0	0	210	0	194	0	0	0	1078	0	10184	0	0	0	0	0	13664	0	1062	0	22632	0	11822	0	0	0	358	0	2042	0	0	0	0	0	0	0	0	0	0	0	4712	0	260	0	14332	0	0	0	4052	0	0	0	0	0	0	0	0	0	0	0	0	0	0	0	0	0	0	0	0	0	0	0	0	0	0	0	
139768	Angular_R	0	420	0	0	0	0	0	124	0	0	0	0	0	0	0	0	0	516	0	720	0	0	0	0	0	0	0	0	0	0	0	0	0	1688	0	166	0	0	0	0	0	0	0	824	0	1690	0	266	0	4516	0	9038	0	140	0	0	0	3948	0	6686	0	12926	0	9320	0	0	0	5094	0	2276	0	0	0	0	0	0	0	0	0	0	0	2302	0	0	0	5866	0	0	0	1358	0	0	0	0	0	0	0	0	0	0	0	0	0	0	0	0	0	0	0	0	0	0	0	0	0	0	
339560	Precuneus_L	696	0	0	0	0	0	0	0	0	0	0	0	0	0	0	0	0	0	872	0	0	0	0	0	0	0	0	0	0	0	0	0	3456	504	5552	190	1596	0	1114	0	0	0	20448	2450	19730	5582	5838	564	17184	1414	26062	304	3824	0	2794	234	4430	0	16548	100	2954	0	0	0	358	0	0	7080	8630	0	0	0	0	0	0	0	0	0	0	0	230	0	0	0	6704	0	0	0	1852	0	0	0	0	0	0	0	100	124	0	86	0	0	0	0	0	0	0	0	0	0	176	0	0	0	0	0	
389444	Precuneus_R	160	224	0	172	0	0	0	0	0	0	0	0	0	0	0	0	0	0	88	2988	0	0	0	0	0	0	0	0	0	0	0	0	510	11570	1884	7840	448	2408	0	2238	0	0	792	27252	2288	29970	158	16944	1486	23446	1068	12594	0	4592	0	3734	94	2588	1008	7764	0	1508	0	1524	0	5094	7080	0	428	4568	0	0	0	0	0	0	0	112	0	0	0	130	0	0	0	4408	0	0	90	1780	0	0	0	0	0	0	0	668	0	0	0	0	0	0	0	0	0	0	0	0	1024	0	0	0	0	0	
201860	Paracentral_Lobule_L	8150	0	348	1358	0	0	0	0	0	0	0	0	0	0	0	0	0	0	5074	9966	0	0	0	0	0	0	0	0	0	0	0	0	4360	8444	4282	2634	0	0	98	0	0	0	854	188	5620	108	164	0	5024	0	7418	0	322	150	254	520	7238	0	4794	0	3352	0	202	0	2042	0	8630	428	0	6676	0	0	0	0	0	0	0	0	0	0	318	0	0	0	1172	0	0	0	494	248	0	0	0	0	0	0	0	0	0	0	0	0	0	0	0	0	0	0	0	0	0	0	0	0	0	0	
217148	Paracentral_Lobule_R	3320	2452	354	832	0	0	246	462	0	0	0	0	0	0	0	0	0	1064	1922	22072	0	0	0	0	0	0	0	0	0	224	0	0	676	16338	1504	2822	0	0	0	0	0	0	0	580	0	1176	0	106	0	1544	0	1144	0	312	0	368	0	20524	0	1638	0	2022	0	4024	0	2276	0	4568	6676	0	108	0	0	0	0	0	0	0	0	196	0	2076	0	0	0	3056	0	0	0	1892	0	0	0	0	0	0	0	0	0	0	0	0	0	0	0	0	0	0	0	0	0	0	0	0	0	0	
565200	Caudate_L	6580	8942	16012	11636	1994	2924	18450	10204	2182	448	9790	1254	4320	624	3102	1172	5026	942	5682	6862	12636	10526	3718	3502	1752	986	3870	2808	13854	3106	10350	6410	142	344	0	0	940	730	136	364	0	0	0	0	0	0	0	0	0	0	0	0	0	0	252	386	1864	742	0	0	106	0	0	120	0	0	0	0	0	108	0	22780	26384	8768	3434	1976	10610	3124	90	0	3942	248	2754	130	0	0	0	0	252	210	0	0	0	0	0	0	0	0	0	0	0	0	0	0	0	0	0	0	0	0	0	0	0	0	0	0	
545136	Caudate_R	1004	5924	6044	28074	250	6478	5254	7520	310	620	4406	1974	2432	5386	370	4386	1680	386	2216	18964	5856	9180	2490	10384	358	3586	940	3134	5984	5648	5864	21474	282	676	0	0	86	1380	0	908	0	346	0	0	0	0	0	0	0	0	0	0	0	0	0	584	274	218	0	0	0	0	0	0	0	0	0	0	0	0	22780	0	7246	28486	862	6836	594	19094	0	0	1094	106	2140	0	0	0	0	0	0	0	0	0	0	0	0	0	0	0	0	0	0	0	0	0	0	0	0	0	0	0	0	0	0	0	0	0	
422116	Putamen_L	1242	2548	27484	2236	4266	1552	7120	2552	4000	238	1738	0	1378	116	7646	178	572	0	16352	2072	7504	5510	4606	1132	1514	308	934	1468	21268	510	10204	2862	0	472	0	188	7482	282	1472	94	386	0	0	0	0	0	112	0	0	0	378	0	596	0	1972	114	192	254	0	0	0	0	0	0	0	0	0	0	0	0	26384	7246	0	3506	7860	692	3874	262	1004	0	692	0	708	0	550	0	0	0	3064	0	0	0	0	0	0	0	0	0	112	0	0	0	0	0	0	0	0	0	0	0	0	0	0	0	0	0	
455180	Putamen_R	694	4730	4498	23322	0	6960	3412	8864	160	1392	610	5714	488	2416	212	4574	186	3284	2334	15718	2094	4822	996	6768	152	3028	346	2380	1008	21516	2692	11586	260	528	0	0	102	9842	0	3620	0	1632	0	0	0	0	0	0	0	0	0	0	0	0	0	5206	92	852	0	0	0	0	0	0	0	0	0	0	0	0	8768	28486	3506	0	366	9960	316	4584	0	190	118	542	0	250	0	298	0	0	0	838	0	0	0	0	0	0	0	0	0	278	0	0	0	0	0	0	0	0	0	0	0	0	0	0	0	0	
64396	Pallidum_L	366	274	5442	378	0	130	1862	354	0	0	0	0	0	0	152	0	0	0	4250	250	642	806	0	0	0	0	0	110	504	0	188	0	0	0	0	0	1652	0	162	0	0	0	0	0	0	0	0	0	0	0	0	0	114	0	452	0	0	0	0	0	0	0	0	0	0	0	0	0	0	0	3434	862	7860	366	0	124	1062	0	0	0	0	0	0	0	0	0	0	0	402	0	0	0	0	0	0	0	0	0	0	0	0	0	0	0	0	0	0	0	0	0	0	0	0	0	0	0	
76268	Pallidum_R	0	548	910	2322	0	986	282	1340	0	0	0	150	96	276	0	574	0	0	612	1684	474	1392	116	424	0	526	0	0	178	856	394	1014	102	114	0	0	0	1416	0	588	0	0	0	0	0	0	0	0	0	0	0	0	0	0	0	948	0	0	0	0	0	0	0	0	0	0	0	0	0	0	1976	6836	692	9960	124	0	0	108	0	0	0	0	0	0	0	0	0	0	0	116	0	0	0	0	0	0	0	0	0	0	0	0	0	0	0	0	0	0	0	0	0	0	0	0	0	0	
118852	Thalamus_L	628	218	6998	4878	0	0	562	120	254	0	292	0	0	0	262	0	234	0	5160	4880	0	0	214	234	0	0	0	0	1584	0	614	470	0	112	210	532	4984	316	1546	142	202	0	0	0	0	0	272	0	0	0	0	0	94	0	818	0	248	0	0	0	0	0	0	0	0	0	0	0	0	0	10610	594	3874	316	1062	0	0	2068	0	0	1376	0	0	0	1100	0	0	0	1348	0	0	0	0	0	0	0	0	0	0	0	0	0	0	0	0	0	0	0	0	0	0	0	0	0	0	0	
167504	Thalamus_R	380	5984	642	9992	0	112	1044	2686	0	0	1780	512	0	92	0	148	1052	278	94	12460	232	254	128	762	0	86	0	0	1978	730	158	672	0	0	0	0	0	4200	0	3100	0	452	0	0	0	0	0	406	0	0	0	0	0	0	0	1146	0	218	0	0	0	0	0	0	0	0	0	112	0	0	3124	19094	262	4584	0	108	2068	0	0	0	664	98	1702	0	0	0	0	0	0	0	0	0	0	0	0	0	0	158	0	0	0	0	0	0	0	0	0	0	0	0	0	0	0	0	0	0	
92736	Heschl_L	1184	162	5266	156	0	0	2484	184	0	0	934	0	276	0	0	0	4650	0	3302	0	0	0	0	0	0	0	0	0	10022	0	0	0	0	0	0	0	142	0	0	0	0	0	0	0	0	0	0	0	0	0	170	0	216	0	0	0	1932	0	0	0	0	0	96	0	0	0	0	0	0	0	90	0	1004	0	0	0	0	0	0	0	4554	0	0	0	4488	0	0	0	5056	0	0	0	0	0	0	0	0	0	0	0	0	0	0	0	0	0	0	0	0	0	0	0	0	0	0	0	
29820	Heschl_R	0	222	184	1198	0	0	106	658	0	0	0	150	0	0	0	0	0	1758	86	174	0	0	0	0	0	0	0	0	0	2324	0	0	0	0	0	0	0	186	0	284	0	0	0	0	0	0	0	0	0	0	0	0	0	0	0	298	0	318	0	0	0	0	0	282	0	0	0	0	0	196	0	0	0	190	0	0	0	0	0	0	0	4114	0	0	0	934	0	0	0	1248	0	0	0	0	0	0	0	0	0	0	0	0	0	0	0	0	0	0	0	0	0	0	0	0	0	0	
345692	Temporal_Sup_L	3882	430	5664	830	0	0	2786	698	0	0	9822	0	1264	0	0	0	15220	0	3388	682	0	0	378	114	0	0	0	0	18574	0	200	212	88	204	0	0	2570	0	506	0	146	0	154	0	96	0	178	0	822	0	3268	0	664	0	3460	0	7128	0	820	0	2136	0	4856	0	4712	0	230	0	318	0	3942	1094	692	118	0	0	1376	664	4554	0	0	0	9442	0	32042	0	152	0	21984	0	94	0	0	0	0	0	0	0	192	0	0	0	0	0	0	0	0	0	0	0	0	0	0	0	0	0	
129704	Temporal_Sup_R	0	534	230	1924	0	0	218	988	0	0	0	194	0	0	0	108	0	3132	0	594	0	0	0	0	0	0	0	0	0	7080	0	0	0	94	0	0	0	826	0	566	0	0	0	0	0	0	0	0	0	0	0	260	0	0	0	1368	0	3156	0	456	0	528	0	7796	0	2302	0	130	0	2076	248	106	0	542	0	0	0	98	0	4114	0	0	0	3886	0	16420	0	414	0	4464	0	0	0	0	0	0	0	0	0	0	0	0	0	0	0	0	0	0	0	0	0	0	0	0	0	0	
158144	Temporal_Pole_Sup_L	576	0	3180	162	326	0	838	94	460	0	8126	0	1650	0	2444	0	6204	0	2030	178	586	0	326	90	0	0	0	0	12070	0	166	144	0	0	0	0	1124	0	650	0	960	0	0	0	0	0	0	0	0	0	0	0	0	0	2026	0	450	0	0	0	320	0	266	0	260	0	0	0	0	0	2754	2140	708	0	0	0	0	1702	0	0	9442	0	0	0	7602	0	4614	0	4404	0	0	0	0	0	0	0	0	0	0	0	0	0	0	0	0	0	0	0	0	0	0	0	0	0	0	0	
60152	Temporal_Pole_Sup_R	0	0	0	358	0	0	124	0	0	0	0	640	0	0	0	308	0	408	0	106	0	232	0	0	0	0	0	86	0	2026	0	0	0	0	0	0	0	918	0	1672	0	2228	0	0	0	0	0	0	0	0	0	0	0	0	0	3490	0	0	0	0	0	0	0	0	0	0	0	0	0	0	130	0	0	250	0	0	0	0	0	0	0	3886	0	0	0	4888	0	5822	0	2504	0	0	0	0	0	0	0	0	0	0	0	0	0	0	0	0	0	0	0	0	0	0	0	0	0	0	
403460	Temporal_Mid_L	1878	0	2714	0	0	0	1656	0	0	0	292	0	0	0	0	0	2376	0	1424	0	0	0	0	0	0	0	0	0	7198	0	0	0	98	0	1354	224	1100	0	342	0	88	0	5192	188	4516	0	664	174	1898	0	26010	0	3400	0	3394	194	4390	0	1660	0	7426	0	5376	0	14332	0	6704	0	1172	0	0	0	550	0	0	0	1100	0	4488	0	32042	0	7602	0	0	0	5570	0	42836	108	0	0	0	0	0	0	0	0	0	0	0	0	0	0	0	0	0	0	0	0	0	0	0	0	0	0	
228092	Temporal_Mid_R	0	568	128	504	0	0	130	186	0	0	0	0	0	0	0	0	0	242	0	1146	0	108	0	0	0	0	0	0	0	3508	0	0	0	2238	0	466	0	1062	0	162	0	308	0	4196	0	1630	0	928	0	2300	0	11974	0	2370	0	2882	0	3778	0	1982	0	2498	0	7842	0	5866	0	4408	0	3056	0	0	0	298	0	0	0	0	0	934	0	16420	0	4888	0	0	0	4940	0	20100	0	0	0	0	0	0	0	0	0	0	0	0	0	0	0	0	0	0	0	0	0	0	0	0	0	0	
39088	Temporal_Pole_Mid_L	0	0	0	0	0	0	0	0	0	0	0	0	0	0	0	0	0	0	0	0	0	0	0	0	0	0	0	0	0	0	0	0	0	0	0	0	228	0	468	0	300	0	0	0	0	0	0	0	0	0	0	0	0	0	2706	0	0	0	0	0	0	0	0	0	0	0	0	0	0	0	0	0	0	0	0	0	0	0	0	0	152	0	4614	0	5570	0	0	0	5506	0	0	0	0	0	0	0	0	0	0	0	0	0	0	0	0	0	0	0	0	0	0	0	0	0	0	0	
42064	Temporal_Pole_Mid_R	0	0	0	0	0	0	0	0	0	0	0	0	0	0	0	0	0	0	0	0	0	0	0	0	0	0	0	0	0	0	0	0	0	0	0	0	0	358	0	1716	0	1120	0	0	0	0	0	0	0	0	0	0	0	0	0	3256	0	0	0	0	0	0	0	0	0	0	0	0	0	0	0	0	0	0	0	0	0	0	0	0	0	414	0	5822	0	4940	0	0	0	3406	0	0	0	0	0	0	0	0	0	0	0	0	0	0	0	0	0	0	0	0	0	0	0	0	0	0	
366688	Temporal_Inf_L	1320	106	4926	88	0	0	2438	104	0	0	536	0	136	0	0	0	1220	0	2994	0	0	0	92	0	0	0	0	0	11426	0	0	0	0	0	1262	384	9542	0	2314	0	2126	0	1586	0	270	0	494	0	1246	0	8952	0	8448	112	17468	258	2726	0	1044	0	1310	0	762	0	4052	0	1852	90	494	0	252	0	3064	0	402	0	1348	0	5056	0	21984	0	4404	0	42836	0	5506	0	0	154	4130	0	0	0	0	0	308	0	1722	0	0	0	0	0	0	0	0	0	0	0	0	0	0	0	0	0	
203800	Temporal_Inf_R	578	622	444	1986	0	0	464	708	0	0	0	0	0	0	0	0	0	0	0	1532	0	106	0	0	0	0	0	0	0	4766	0	0	0	1018	2024	2706	0	4944	0	1070	0	2012	0	1260	0	800	0	272	0	790	114	2240	0	7756	0	17510	0	2060	0	738	0	1054	0	2248	0	1358	0	1780	248	1892	210	0	0	838	0	116	0	0	0	1248	0	4464	0	2504	108	20100	0	3406	154	0	0	1484	0	0	0	0	0	0	0	168	0	0	0	0	0	0	0	0	0	0	0	0	0	0	0	0	
498692	Cerebelum_Crus1_L	0	0	0	0	0	0	0	0	0	0	0	0	0	0	0	0	0	0	0	0	0	0	0	0	0	0	0	0	86	0	0	0	0	0	0	0	138	0	114	0	0	0	432	126	0	0	4290	1848	100	0	1342	0	6244	112	25728	744	0	0	0	0	0	0	0	0	0	0	0	0	0	0	0	0	0	0	0	0	0	0	0	0	94	0	0	0	0	0	0	0	4130	0	0	10674	27212	7210	632	258	12672	1954	49292	9362	18016	2328	20354	3906	3462	1030	798	0	142	610	2882	9914	17982	1634	1360	134	
408240	Cerebelum_Crus1_R	0	0	0	0	0	0	0	0	0	0	0	0	0	0	0	0	0	0	0	0	0	0	0	0	0	0	0	0	0	0	0	0	0	0	0	0	0	0	0	100	0	0	0	198	0	0	1226	2462	0	88	152	100	510	626	1394	10932	0	0	0	0	0	0	0	0	0	0	0	0	0	0	0	0	0	0	0	0	0	0	0	0	0	0	0	0	0	0	0	0	0	1484	10674	0	4870	22608	412	2276	3690	14848	8192	47464	3264	4944	3858	15782	752	2392	188	0	88	1608	7000	11112	15424	1808	1594	0	
286668	Cerebelum_Crus2_L	0	0	0	0	0	0	0	0	0	0	0	0	0	0	0	0	0	0	0	0	0	0	0	0	0	0	0	0	0	0	0	0	0	0	0	0	0	0	0	0	0	0	0	0	0	0	0	0	0	0	0	0	0	0	546	0	0	0	0	0	0	0	0	0	0	0	0	0	0	0	0	0	0	0	0	0	0	0	0	0	0	0	0	0	0	0	0	0	0	0	27212	4870	0	10670	0	0	1010	778	3670	3462	34244	5386	25314	4970	2618	240	226	0	0	258	338	1520	13518	2266	218	0	
307896	Cerebelum_Crus2_R	0	0	0	0	0	0	0	0	0	0	0	0	0	0	0	0	0	0	0	0	0	0	0	0	0	0	0	0	0	0	0	0	0	0	0	0	0	0	0	0	0	0	0	0	0	0	0	0	0	0	0	0	0	0	0	138	0	0	0	0	0	0	0	0	0	0	0	0	0	0	0	0	0	0	0	0	0	0	0	0	0	0	0	0	0	0	0	0	0	0	7210	22608	10670	0	0	288	312	1630	2992	4032	10440	25090	10436	30240	618	1580	0	0	0	452	684	2736	16296	5040	456	0	
34832	Cerebelum_3_L	0	0	0	0	0	0	0	0	0	0	0	0	0	0	0	0	0	0	0	0	0	0	0	0	0	0	0	0	0	0	0	0	0	0	0	0	0	0	170	0	0	0	0	0	0	0	0	96	0	0	0	0	0	0	398	0	0	0	0	0	0	0	0	0	0	0	0	0	0	0	0	0	0	0	0	0	0	0	0	0	0	0	0	0	0	0	0	0	0	0	632	412	0	0	0	306	6020	622	1550	606	0	0	156	0	828	166	166	0	1106	2140	1560	330	0	0	152	0	
48884	Cerebelum_3_R	0	0	0	0	0	0	0	0	0	0	0	0	0	0	0	0	0	0	0	0	0	0	0	0	0	0	0	0	0	0	0	0	0	0	0	0	0	0	158	150	0	0	0	0	0	0	94	342	0	0	0	0	0	0	0	242	0	0	0	0	0	0	0	0	0	0	0	0	0	0	0	0	0	0	0	0	0	0	0	0	0	0	0	0	0	0	0	0	0	0	258	2276	0	288	306	0	966	4796	382	4654	106	0	116	164	130	1340	0	0	476	3208	1604	838	284	526	738	0	
313668	Cerebelum_4_5_L	0	0	0	0	0	0	0	0	0	0	0	0	0	0	0	0	0	0	0	0	0	0	0	0	0	0	0	0	130	0	0	0	0	0	0	0	458	0	714	0	0	0	340	0	0	0	10480	2816	0	0	556	0	3480	0	17042	2022	0	0	0	0	0	0	0	0	0	0	100	0	0	0	0	0	0	0	0	0	0	0	0	0	0	0	0	0	0	0	0	0	308	0	12672	3690	1010	312	6020	966	0	7822	33342	7232	2014	0	1556	172	5064	2634	1362	0	1208	2552	17502	5842	620	420	2434	1942	
246364	Cerebelum_4_5_R	0	0	0	0	0	0	0	0	0	0	0	0	0	0	0	0	0	0	0	0	0	0	0	0	0	0	0	0	0	0	0	0	0	0	0	86	0	980	0	1482	0	0	448	364	0	144	2322	8108	0	128	0	0	224	298	1102	9896	0	0	0	0	0	0	0	0	0	0	124	668	0	0	0	0	0	0	0	0	0	158	0	0	0	0	0	0	0	0	0	0	0	0	1954	14848	778	1630	622	4796	7822	0	4098	28728	882	220	812	944	392	1544	0	0	144	2312	16804	3450	2240	518	922	190	
503828	Cerebelum_6_L	0	0	0	0	0	0	0	0	0	0	0	0	0	0	0	0	0	0	0	0	0	0	0	0	0	0	0	0	238	0	0	0	0	0	0	0	744	0	532	0	0	0	366	242	0	122	12088	4266	0	136	1488	94	7512	418	37664	2154	0	0	0	0	0	0	0	0	0	0	0	0	0	0	0	0	112	0	0	0	0	0	0	0	192	0	0	0	0	0	0	0	1722	0	49292	8192	3670	2992	1550	382	33342	4098	0	9970	5800	1120	8614	2628	5112	1638	1456	0	424	932	10012	15498	10756	1638	2096	612	
437136	Cerebelum_6_R	0	0	0	0	0	0	0	0	0	0	0	0	0	0	0	0	0	0	0	0	0	0	0	0	0	0	0	0	0	98	0	0	0	0	0	0	0	550	0	624	0	0	380	1714	0	704	2484	8872	0	948	172	234	620	1326	1934	17700	0	0	0	0	0	0	0	0	0	0	86	0	0	0	0	0	0	278	0	0	0	0	0	0	0	0	0	0	0	0	0	0	0	168	9362	47464	3462	4032	606	4654	7232	28728	9970	0	2292	922	3130	4706	1134	2696	292	0	134	2152	14946	14506	13258	2038	1960	0	
290892	Cerebelum_7b_L	0	0	0	0	0	0	0	0	0	0	0	0	0	0	0	0	0	0	0	0	0	0	0	0	0	0	0	0	0	0	0	0	0	0	0	0	0	0	0	0	0	0	0	0	0	0	88	98	0	0	0	0	264	0	814	0	0	0	0	0	0	0	0	0	0	0	0	0	0	0	0	0	0	0	0	0	0	0	0	0	0	0	0	0	0	0	0	0	0	0	18016	3264	34244	10440	0	106	2014	882	5800	2292	0	6170	31174	5164	4980	272	1074	0	0	324	448	1876	11544	3818	280	0	
181952	Cerebelum_7b_R	0	0	0	0	0	0	0	0	0	0	0	0	0	0	0	0	0	0	0	0	0	0	0	0	0	0	0	0	0	0	0	0	0	0	0	0	0	0	0	0	0	0	0	0	0	0	0	0	0	0	0	0	0	0	0	0	0	0	0	0	0	0	0	0	0	0	0	0	0	0	0	0	0	0	0	0	0	0	0	0	0	0	0	0	0	0	0	0	0	0	2328	4944	5386	25090	0	0	0	220	1120	922	6170	0	5344	23792	450	3548	0	0	0	0	0	1000	6318	3900	344	100	
346332	Cerebelum_8_L	0	0	0	0	0	0	0	0	0	0	0	0	0	0	0	0	0	0	0	0	0	0	0	0	0	0	0	0	0	0	0	0	0	0	0	0	0	0	0	0	0	0	0	0	0	0	0	0	0	0	0	0	0	0	352	0	0	0	0	0	0	0	0	0	0	0	0	0	0	0	0	0	0	0	0	0	0	0	0	0	0	0	0	0	0	0	0	0	0	0	20354	3858	25314	10436	156	116	1556	812	8614	3130	31174	5344	0	9508	19042	2158	2168	0	0	302	506	3460	13696	8780	2330	0	
291724	Cerebelum_8_R	0	0	0	0	0	0	0	0	0	0	0	0	0	0	0	0	0	0	0	0	0	0	0	0	0	0	0	0	0	0	0	0	0	0	0	0	0	0	0	0	0	0	0	0	0	0	0	0	0	0	0	0	0	0	0	134	0	0	0	0	0	0	0	0	0	0	0	0	0	0	0	0	0	0	0	0	0	0	0	0	0	0	0	0	0	0	0	0	0	0	3906	15782	4970	30240	0	164	172	944	2628	4706	5164	23792	9508	0	2450	16810	0	342	0	118	364	2370	12158	6754	2228	158	
144344	Cerebelum_9_L	0	0	0	0	0	0	0	0	0	0	0	0	0	0	0	0	0	0	0	0	0	0	0	0	0	0	0	0	0	0	0	0	0	0	0	0	0	0	0	0	0	0	0	0	0	0	168	184	0	0	0	0	252	0	532	0	0	0	0	0	0	0	0	0	0	0	0	0	0	0	0	0	0	0	0	0	0	0	0	0	0	0	0	0	0	0	0	0	0	0	3462	752	2618	618	828	130	5064	392	5112	1134	4980	450	19042	2450	0	3906	4976	0	172	282	2480	3114	1652	2936	3692	794	
143748	Cerebelum_9_R	0	0	0	0	0	0	0	0	0	0	0	0	0	0	0	0	0	0	0	0	0	0	0	0	0	0	0	0	0	0	0	0	0	0	0	0	0	0	0	0	0	0	0	0	0	0	104	106	0	0	0	0	0	0	0	0	0	0	0	0	0	0	0	0	0	0	0	0	0	0	0	0	0	0	0	0	0	0	0	0	0	0	0	0	0	0	0	0	0	0	1030	2392	240	1580	166	1340	2634	1544	1638	2696	272	3548	2158	16810	3906	0	224	912	862	1702	3500	5740	1498	5020	8406	1846	
29752	Cerebelum_10_L	0	0	0	0	0	0	0	0	0	0	0	0	0	0	0	0	0	0	0	0	0	0	0	0	0	0	0	0	0	0	0	0	0	0	0	0	0	0	0	0	0	0	0	0	0	0	0	0	0	0	0	0	180	0	254	0	0	0	0	0	0	0	0	0	0	0	0	0	0	0	0	0	0	0	0	0	0	0	0	0	0	0	0	0	0	0	0	0	0	0	798	188	226	0	166	0	1362	0	1456	292	1074	0	2168	0	4976	224	0	0	0	0	538	640	0	0	196	138	
3792	Cerebelum_10_R	0	0	0	0	0	0	0	0	0	0	0	0	0	0	0	0	0	0	0	0	0	0	0	0	0	0	0	0	0	0	0	0	0	0	0	0	0	0	0	0	0	0	0	0	0	0	0	0	0	0	0	0	0	0	0	0	0	0	0	0	0	0	0	0	0	0	0	0	0	0	0	0	0	0	0	0	0	0	0	0	0	0	0	0	0	0	0	0	0	0	0	0	0	0	0	0	0	0	0	0	0	0	0	342	0	912	0	0	0	0	0	174	0	176	292	0	
