data	data	573972	276272	695984	599536	140128	84560	403708	223948	54748	15520	255816	167932	224892	196152	140228	77852	216196	109356	549084	798272	90764	109688	317928	298876	35252	82236	91992	132364	666228	349132	269788	326680	132352	595648	114376	255964	289044	307232	90176	170568	31196	49816	194480	398236	217584	409408	291648	449980	186424	450132	361660	262476	131192	144836	304436	384832	285296	223708	157116	261508	207948	115544	139484	118940	167612	153600	306316	484544	212296	380488	253540	403940	210256	326276	57620	11556	197828	298452	98192	23620	176880	128996	102316	44560	208132	189844	5944	15344	199632	265608	556656	494940	381996	385440	40140	66036	404496	323768	591528	511484	273216	170380	356264	433288	140668	170536	26456	6896	51908	106660	365192	304276	277092	186152	116272	49000	
data	data	Precentral_L	Precentral_R	Frontal_Sup_L	Frontal_Sup_R	Frontal_Sup_Orb_L	Frontal_Sup_Orb_R	Frontal_Mid_L	Frontal_Mid_R	Frontal_Mid_Orb_L	Frontal_Mid_Orb_R	Frontal_Inf_Oper_L	Frontal_Inf_Oper_R	Frontal_Inf_Tri_L	Frontal_Inf_Tri_R	Frontal_Inf_Orb_L	Frontal_Inf_Orb_R	Rolandic_Oper_L	Rolandic_Oper_R	Supp_Motor_Area_L	Supp_Motor_Area_R	Olfactory_L	Olfactory_R	Frontal_Sup_Medial_L	Frontal_Sup_Medial_R	Frontal_Med_Orb_L	Frontal_Med_Orb_R	Rectus_L	Rectus_R	Insula_L	Insula_R	Cingulum_Ant_L	Cingulum_Ant_R	Cingulum_Mid_L	Cingulum_Mid_R	Cingulum_Post_L	Cingulum_Post_R	Hippocampus_L	Hippocampus_R	ParaHippocampal_L	ParaHippocampal_R	Amygdala_L	Amygdala_R	Calcarine_L	Calcarine_R	Cuneus_L	Cuneus_R	Lingual_L	Lingual_R	Occipital_Sup_L	Occipital_Sup_R	Occipital_Mid_L	Occipital_Mid_R	Occipital_Inf_L	Occipital_Inf_R	Fusiform_L	Fusiform_R	Postcentral_L	Postcentral_R	Parietal_Sup_L	Parietal_Sup_R	Parietal_Inf_L	Parietal_Inf_R	SupraMarginal_L	SupraMarginal_R	Angular_L	Angular_R	Precuneus_L	Precuneus_R	Paracentral_Lobule_L	Paracentral_Lobule_R	Caudate_L	Caudate_R	Putamen_L	Putamen_R	Pallidum_L	Pallidum_R	Thalamus_L	Thalamus_R	Heschl_L	Heschl_R	Temporal_Sup_L	Temporal_Sup_R	Temporal_Pole_Sup_L	Temporal_Pole_Sup_R	Temporal_Mid_L	Temporal_Mid_R	Temporal_Pole_Mid_L	Temporal_Pole_Mid_R	Temporal_Inf_L	Temporal_Inf_R	Cerebelum_Crus1_L	Cerebelum_Crus1_R	Cerebelum_Crus2_L	Cerebelum_Crus2_R	Cerebelum_3_L	Cerebelum_3_R	Cerebelum_4_5_L	Cerebelum_4_5_R	Cerebelum_6_L	Cerebelum_6_R	Cerebelum_7b_L	Cerebelum_7b_R	Cerebelum_8_L	Cerebelum_8_R	Cerebelum_9_L	Cerebelum_9_R	Cerebelum_10_L	Cerebelum_10_R	Vermis_1_2	Vermis_3	Vermis_4_5	Vermis_6	Vermis_7	Vermis_8	Vermis_9	Vermis_10	
573972	Precentral_L	0	934	13982	450	0	0	20872	322	0	0	13776	106	5356	234	0	0	13048	0	15984	8182	0	0	0	0	0	0	0	0	26124	198	68	0	540	4990	2320	3216	16164	3400	356	2916	186	0	0	0	0	0	0	282	0	0	502	0	62	0	132	104	28262	0	974	0	1164	0	1006	0	248	0	794	1566	22838	3886	5686	1778	17366	150	6708	0	27768	4030	3408	0	2704	0	868	0	206	0	0	0	502	0	0	0	0	0	0	0	0	0	0	0	0	0	0	0	0	0	0	0	0	0	268	0	0	0	0	0	
276272	Precentral_R	934	0	598	9334	0	0	320	8730	0	0	0	6618	68	748	0	0	0	5642	828	10162	0	0	0	0	0	0	0	0	238	4400	0	0	116	2214	266	584	122	7952	0	618	0	0	0	170	0	638	0	138	0	520	0	0	0	0	0	230	164	7100	0	786	0	414	0	374	0	0	0	660	280	20144	1350	9970	270	6438	82	254	482	26516	0	78	0	422	0	0	0	62	0	0	0	102	0	0	0	0	0	0	0	0	0	0	0	0	0	0	0	0	0	0	0	0	0	0	0	0	0	0	
695984	Frontal_Sup_L	13982	598	0	8122	5444	0	53570	1444	1494	0	11640	196	14490	392	9622	0	6380	0	51088	12260	150	0	43074	11858	2760	356	74	0	27642	358	14002	6582	5446	10352	0	0	2246	0	0	0	0	0	0	0	0	0	0	0	0	0	0	0	0	0	130	0	4418	0	0	0	0	0	0	0	0	0	0	64	416	78	6618	792	9560	198	3968	0	106	0	402	0	2232	0	2762	0	202	0	0	0	424	0	0	0	0	0	0	0	0	0	0	0	0	0	0	0	0	0	0	0	0	0	0	0	0	0	0	0	
599536	Frontal_Sup_R	450	9334	8122	0	142	4308	2290	24982	110	0	4096	8438	2342	5474	394	1158	126	3626	15880	45976	686	1368	8650	29552	0	4034	460	2670	6888	12978	5222	28370	1004	24190	0	0	336	1516	0	354	0	126	0	0	0	0	0	0	0	0	0	0	0	0	0	86	206	500	0	0	0	0	0	0	0	0	0	0	0	694	6538	9010	274	14618	116	220	0	1218	0	0	94	98	202	242	0	0	0	0	0	0	0	0	0	0	0	0	0	0	0	0	0	0	0	0	0	0	0	0	0	0	0	0	0	0	0	0	
140128	Frontal_Sup_Orb_L	0	0	5444	142	0	0	660	0	9532	0	0	0	122	0	13424	0	0	0	0	0	4772	1264	3566	552	3560	452	9248	1330	5512	0	6976	1426	0	0	0	0	0	0	72	0	0	0	0	0	0	0	0	0	0	0	0	0	0	0	0	0	0	0	0	0	0	0	0	0	0	0	0	0	0	0	1264	0	200	0	0	0	0	0	0	0	0	0	546	0	0	0	0	0	0	0	0	0	0	0	0	0	0	0	0	0	0	0	0	0	0	0	0	0	0	0	0	0	0	0	0	0	
84560	Frontal_Sup_Orb_R	0	0	0	4308	0	0	0	198	0	2160	0	0	0	0	0	2144	0	0	0	0	822	4000	0	2986	64	6866	426	10430	0	1310	294	1514	0	0	0	0	0	0	0	0	0	0	0	0	0	0	0	0	0	0	0	0	0	0	0	0	0	0	0	0	0	0	0	0	0	0	0	0	0	0	658	1634	0	2466	0	0	0	0	0	0	0	0	0	0	0	0	0	0	0	0	0	0	0	0	0	0	0	0	0	0	0	0	0	0	0	0	0	0	0	0	0	0	0	0	0	0	
403708	Frontal_Mid_L	20872	320	53570	2290	660	0	0	618	1936	0	11390	336	23812	526	6034	0	5090	0	5464	1920	0	0	11550	1608	0	0	0	0	24132	460	4228	534	2130	766	0	0	2234	0	0	0	0	0	0	0	0	0	0	0	0	0	0	0	0	0	0	0	3122	0	0	0	0	0	0	0	0	0	0	0	0	64	3772	318	5946	0	1854	0	266	108	212	0	1466	0	2094	0	0	0	0	0	152	0	0	0	0	0	0	0	0	0	0	0	0	0	0	0	0	0	0	0	0	0	0	0	0	0	0	0	
223948	Frontal_Mid_R	322	8730	1444	24982	0	198	618	0	0	932	256	8014	458	12954	0	2968	0	2518	3024	6312	0	212	1274	3184	0	0	0	212	888	7054	424	2356	174	4408	0	0	0	552	0	0	0	0	0	0	0	0	0	0	0	0	0	0	0	0	0	0	0	156	0	0	0	0	0	0	0	0	0	0	0	0	2270	7102	92	7168	0	576	0	142	0	0	0	0	0	0	0	0	0	0	0	0	0	0	0	0	0	0	0	0	0	0	0	0	0	0	0	0	0	0	0	0	0	0	0	0	0	0	
54748	Frontal_Mid_Orb_L	0	0	1494	110	9532	0	1936	0	0	0	0	0	280	0	8560	0	0	0	0	0	248	0	66	0	276	0	2744	0	1416	0	256	0	0	0	0	0	0	0	0	0	0	0	0	0	0	0	0	0	0	0	0	0	0	0	0	0	0	0	0	0	0	0	0	0	0	0	0	0	0	0	218	0	0	0	0	0	0	0	0	0	0	0	238	0	0	0	0	0	0	0	0	0	0	0	0	0	0	0	0	0	0	0	0	0	0	0	0	0	0	0	0	0	0	0	0	0	
15520	Frontal_Mid_Orb_R	0	0	0	0	0	2160	0	932	0	0	0	0	0	402	0	2856	0	0	0	130	0	0	0	0	0	0	0	0	0	250	0	0	0	0	0	0	0	0	0	0	0	0	0	0	0	0	0	0	0	0	0	0	0	0	0	0	0	0	0	0	0	0	0	0	0	0	0	0	0	0	0	412	0	618	0	0	0	0	0	0	0	0	0	0	0	0	0	0	0	0	0	0	0	0	0	0	0	0	0	0	0	0	0	0	0	0	0	0	0	0	0	0	0	0	0	0	
255816	Frontal_Inf_Oper_L	13776	0	11640	4096	0	0	11390	256	0	0	0	0	17670	0	536	0	12670	0	13234	4058	0	0	444	266	0	0	0	0	21650	0	254	0	64	312	0	0	678	0	0	0	0	0	0	0	0	0	0	0	0	0	0	0	0	0	0	0	2712	0	0	0	0	0	0	0	0	0	0	0	0	0	1170	0	1006	0	0	0	0	0	316	0	3486	0	6158	0	0	0	0	0	66	0	0	0	0	0	0	0	0	0	0	0	0	0	0	0	0	0	0	0	0	0	0	0	0	0	0	0	
167932	Frontal_Inf_Oper_R	106	6618	196	8438	0	0	336	8014	0	0	0	0	180	12488	0	1020	0	5454	704	6736	0	0	0	0	0	0	0	0	386	18938	0	0	0	1420	0	0	0	0	0	0	0	0	0	0	0	0	0	0	0	0	0	0	0	0	0	0	0	1130	0	0	0	0	0	0	0	0	0	0	0	0	1762	3730	90	5460	0	0	0	0	0	0	0	0	0	760	0	0	0	0	0	0	0	0	0	0	0	0	0	0	0	0	0	0	0	0	0	0	0	0	0	0	0	0	0	0	0	0	
224892	Frontal_Inf_Tri_L	5356	68	14490	2342	122	0	23812	458	280	0	17670	180	0	210	4980	0	1184	0	7546	1972	0	0	2430	316	0	0	0	0	20748	194	2928	106	122	346	0	0	168	0	0	0	0	0	0	0	0	0	0	0	0	0	0	0	0	0	0	0	254	0	0	0	0	0	0	0	0	0	0	0	0	0	1890	68	1554	0	0	0	0	0	0	0	182	0	470	0	0	0	0	0	0	0	0	0	0	0	0	0	0	0	0	0	0	0	0	0	0	0	0	0	0	0	0	0	0	0	0	0	
196152	Frontal_Inf_Tri_R	234	748	392	5474	0	0	526	12954	0	402	0	12488	210	0	0	4028	0	308	874	9148	0	126	0	0	0	0	0	110	672	19900	252	806	0	1706	0	0	0	0	0	0	0	0	0	0	0	0	0	0	0	0	0	0	0	0	0	0	0	0	0	0	0	0	0	0	0	0	0	0	72	332	2010	14724	126	8512	0	0	0	942	0	0	0	0	0	0	0	0	0	0	0	0	0	0	0	0	0	0	0	0	0	0	0	0	0	0	0	0	0	0	0	0	0	0	0	0	0	0	
140228	Frontal_Inf_Orb_L	0	0	9622	394	13424	0	6034	0	8560	0	536	0	4980	0	0	0	0	0	192	312	2870	0	2382	154	1314	80	2100	0	11652	0	2656	0	0	0	0	0	0	0	0	0	0	0	0	0	0	0	0	0	0	0	0	0	0	0	0	0	0	0	0	0	0	0	0	0	0	0	0	0	0	0	566	0	254	0	0	0	0	0	0	0	0	0	2032	0	0	0	0	0	0	0	0	0	0	0	0	0	0	0	0	0	0	0	0	0	0	0	0	0	0	0	0	0	0	0	0	0	
77852	Frontal_Inf_Orb_R	0	0	0	1158	0	2144	0	2968	0	2856	0	1020	0	4028	0	0	0	0	0	980	0	2852	0	0	0	0	0	2364	0	6938	0	114	0	166	0	0	0	64	0	0	0	266	0	0	0	0	0	0	0	0	0	0	0	0	0	0	0	0	0	0	0	0	0	0	0	0	0	0	0	0	0	3588	0	5724	0	0	0	0	0	0	0	286	0	882	0	444	0	84	0	0	0	0	0	0	0	0	0	0	0	0	0	0	0	0	0	0	0	0	0	0	0	0	0	0	0	0	
216196	Rolandic_Oper_L	13048	0	6380	126	0	0	5090	0	0	0	12670	0	1184	0	0	0	0	0	9662	166	0	0	0	0	0	0	0	0	19790	0	0	0	0	0	90	0	1524	0	80	0	0	0	0	0	120	0	0	0	90	0	394	0	516	0	0	0	11840	0	226	0	208	0	3294	0	360	0	424	0	132	0	0	0	0	0	0	0	0	0	3768	0	7614	0	6352	0	1552	0	0	0	1398	0	0	0	0	0	0	0	0	0	0	0	0	0	0	0	0	0	0	0	0	0	0	0	0	0	0	0	
109356	Rolandic_Oper_R	0	5642	0	3626	0	0	0	2518	0	0	0	5454	0	308	0	0	0	0	302	4050	0	0	0	0	0	0	0	0	0	9756	0	0	0	760	0	0	0	930	0	0	0	0	0	0	0	0	0	0	0	126	0	86	0	0	0	66	0	4918	0	224	0	202	0	3524	0	330	0	0	0	236	76	640	0	3954	0	0	0	224	0	1246	0	3344	0	776	0	1100	0	0	0	260	0	0	0	0	0	0	0	0	0	0	0	0	0	0	0	0	0	0	0	0	0	0	0	0	0	0	
549084	Supp_Motor_Area_L	15984	828	51088	15880	0	0	5464	3024	0	0	13234	704	7546	874	192	0	9662	302	0	37686	0	0	5422	4904	0	0	0	0	21750	1378	3072	6826	7326	25630	118	180	2058	122	0	0	0	0	0	0	0	0	0	0	0	0	0	0	0	0	82	0	3596	0	0	0	0	0	0	0	0	0	72	220	2200	1652	8094	986	8206	1102	690	0	100	132	366	0	3146	0	2336	0	112	0	0	0	196	0	0	0	0	0	0	0	0	0	0	0	0	0	0	0	0	0	0	0	0	0	0	0	0	0	0	0	
798272	Supp_Motor_Area_R	8182	10162	12260	45976	0	0	1920	6312	0	130	4058	6736	1972	9148	312	980	166	4050	37686	0	0	0	1296	4662	0	0	0	0	6662	14276	1126	10414	8382	58436	862	1106	606	2988	0	732	0	0	0	114	0	0	0	118	0	92	0	0	0	0	0	356	886	1776	0	114	0	0	0	0	0	0	728	1598	13116	38698	8650	31700	1694	17044	866	1270	2298	15258	136	0	122	154	206	256	0	0	0	0	0	288	0	0	0	0	0	0	0	0	0	0	0	0	0	0	0	0	0	0	0	0	0	0	0	0	0	0	
90764	Olfactory_L	0	0	150	686	4772	822	0	0	248	0	0	0	0	0	2870	0	0	0	0	0	0	5708	0	470	0	1624	6334	4384	3198	0	3202	3150	0	0	0	0	0	0	284	0	282	0	0	0	0	0	0	0	0	0	0	0	0	0	0	0	0	0	0	0	0	0	0	0	0	0	0	0	0	0	5950	312	614	0	0	0	0	0	0	0	0	0	322	0	0	0	0	0	0	0	0	0	0	0	0	0	0	0	0	0	0	0	0	0	0	0	0	0	0	0	0	0	0	0	0	0	
109688	Olfactory_R	0	0	0	1368	1264	4000	0	212	0	0	0	0	0	126	0	2852	0	0	0	0	5708	0	0	792	0	2442	4146	10974	0	3994	2822	3550	0	0	0	0	0	0	0	90	0	1192	0	0	0	0	0	0	0	0	0	0	0	0	0	0	0	0	0	0	0	0	0	0	0	0	0	0	0	0	6166	2714	0	178	0	0	0	0	0	0	0	0	0	254	0	0	0	0	0	0	0	0	0	0	0	0	0	0	0	0	0	0	0	0	0	0	0	0	0	0	0	0	0	0	0	0	
317928	Frontal_Sup_Medial_L	0	0	43074	8650	3566	0	11550	1274	66	0	444	0	2430	0	2382	0	0	0	5422	1296	0	0	0	25308	3598	708	304	0	4988	0	21742	8944	4290	7844	0	0	0	0	0	0	0	0	0	0	0	0	0	0	0	0	0	0	0	0	0	0	0	0	0	0	0	0	0	0	0	0	0	0	0	0	288	0	796	0	0	0	0	0	0	0	0	0	0	0	0	0	0	0	0	0	0	0	0	0	0	0	0	0	0	0	0	0	0	0	0	0	0	0	0	0	0	0	0	0	0	0	
298876	Frontal_Sup_Medial_R	0	0	11858	29552	552	2986	1608	3184	0	0	266	0	316	0	154	0	0	0	4904	4662	470	792	25308	0	1188	4532	434	1956	276	0	10384	22670	1218	11572	0	0	0	0	0	0	0	0	0	0	0	0	0	0	0	0	0	0	0	0	0	0	0	0	0	0	0	0	0	0	0	0	0	0	0	0	512	3734	0	4350	0	0	0	0	0	0	0	0	0	0	0	0	0	0	0	0	0	0	0	0	0	0	0	0	0	0	0	0	0	0	0	0	0	0	0	0	0	0	0	0	0	0	
35252	Frontal_Med_Orb_L	0	0	2760	0	3560	64	0	0	276	0	0	0	0	0	1314	0	0	0	0	0	0	0	3598	1188	0	1040	628	0	724	0	2474	0	0	0	0	0	0	0	0	0	0	0	0	0	0	0	0	0	0	0	0	0	0	0	0	0	0	0	0	0	0	0	0	0	0	0	0	0	0	0	0	0	0	0	0	0	0	0	0	0	0	0	0	0	0	0	0	0	0	0	0	0	0	0	0	0	0	0	0	0	0	0	0	0	0	0	0	0	0	0	0	0	0	0	0	0	
82236	Frontal_Med_Orb_R	0	0	356	4034	452	6866	0	0	0	0	0	0	0	0	80	0	0	0	0	0	1624	2442	708	4532	1040	0	1008	9102	78	0	1226	3338	0	0	0	0	0	0	0	0	0	0	0	0	0	0	0	0	0	0	0	0	0	0	0	0	0	0	0	0	0	0	0	0	0	0	0	0	0	0	1304	1718	0	1210	0	0	0	0	0	0	0	0	0	0	0	0	0	0	0	0	0	0	0	0	0	0	0	0	0	0	0	0	0	0	0	0	0	0	0	0	0	0	0	0	0	0	
91992	Rectus_L	0	0	74	460	9248	426	0	0	2744	0	0	0	0	0	2100	0	0	0	0	0	6334	4146	304	434	628	1008	0	3340	588	0	5456	2746	0	0	0	0	0	0	0	0	0	0	0	0	0	0	0	0	0	0	0	0	0	0	0	0	0	0	0	0	0	0	0	0	0	0	0	0	0	0	4896	402	520	0	0	0	0	0	0	0	0	0	142	0	0	0	0	0	0	0	0	0	0	0	0	0	0	0	0	0	0	0	0	0	0	0	0	0	0	0	0	0	0	0	0	0	
132364	Rectus_R	0	0	0	2670	1330	10430	0	212	0	0	0	0	0	110	0	2364	0	0	0	0	4384	10974	0	1956	0	9102	3340	0	0	2498	3172	5372	0	0	0	0	0	0	0	0	0	434	0	0	0	0	0	0	0	0	0	0	0	0	0	0	0	0	0	0	0	0	0	0	0	0	0	0	0	0	4200	2770	0	864	0	0	0	0	0	0	0	0	0	0	0	0	0	0	0	0	0	0	0	0	0	0	0	0	0	0	0	0	0	0	0	0	0	0	0	0	0	0	0	0	0	0	
666228	Insula_L	26124	238	27642	6888	5512	0	24132	888	1416	0	21650	386	20748	672	11652	0	19790	0	21750	6662	3198	0	4988	276	724	78	588	0	0	532	7798	146	130	254	1360	830	23506	768	838	624	3154	0	294	0	112	0	0	124	76	0	774	0	206	0	1924	0	9416	0	432	0	412	0	4408	0	344	0	798	570	638	140	5930	368	19798	0	202	0	2392	466	11864	0	10218	0	7780	0	2724	0	0	0	4634	0	0	0	0	0	0	0	0	0	0	0	0	0	0	0	0	0	0	0	0	0	128	0	0	0	0	0	
349132	Insula_R	198	4400	358	12978	0	1310	460	7054	0	250	0	18938	194	19900	0	6938	0	9756	1378	14276	0	3994	0	0	0	0	0	2498	532	0	128	112	0	2836	0	118	0	6716	0	1830	0	2718	0	174	0	180	0	0	0	186	0	0	0	74	0	2086	0	554	0	86	0	0	0	414	0	0	0	282	0	516	2230	9876	124	25074	0	0	0	1354	0	1314	0	5080	0	1762	0	1198	0	0	0	2132	0	0	0	0	0	0	0	0	0	0	0	0	0	0	0	0	0	0	0	0	0	0	0	0	0	0	
269788	Cingulum_Ant_L	68	0	14002	5222	6976	294	4228	424	256	0	254	0	2928	252	2656	0	0	0	3072	1126	3202	2822	21742	10384	2474	1226	5456	3172	7798	128	0	17634	2602	3960	0	0	0	0	0	0	0	0	0	0	0	0	0	0	0	0	0	0	0	0	0	0	0	0	0	0	0	0	0	0	0	0	0	0	0	0	4540	1244	3992	238	0	0	0	0	0	0	0	0	522	0	0	0	0	0	0	0	0	0	0	0	0	0	0	0	0	0	0	0	0	0	0	0	0	0	0	0	0	0	0	0	0	0	
326680	Cingulum_Ant_R	0	0	6582	28370	1426	1514	534	2356	0	0	0	0	106	806	0	114	0	0	6826	10414	3150	3550	8944	22670	0	3338	2746	5372	146	112	17634	0	1772	18470	0	84	0	0	0	0	0	0	0	0	0	0	0	0	0	0	0	0	0	0	0	0	0	0	0	0	0	0	0	0	0	0	0	0	0	0	4584	6632	0	5088	0	0	0	0	0	0	0	0	0	0	0	0	0	0	0	0	0	0	0	0	0	0	0	0	0	0	0	0	0	0	0	0	0	0	0	0	0	0	0	0	0	0	
132352	Cingulum_Mid_L	540	116	5446	1004	0	0	2130	174	0	0	64	0	122	0	0	0	0	0	7326	8382	0	0	4290	1218	0	0	0	0	130	0	2602	1772	0	16912	2300	612	0	0	0	0	0	0	64	110	0	0	0	0	0	0	134	0	0	0	0	0	0	0	0	0	0	0	0	0	0	0	2298	882	3410	3034	396	162	166	0	134	0	100	146	0	0	0	0	0	0	0	0	0	0	0	0	0	0	0	0	0	0	0	0	0	0	0	0	0	0	0	0	0	0	0	0	0	0	0	0	0	0	
595648	Cingulum_Mid_R	4990	2214	10352	24190	0	0	766	4408	0	0	312	1420	346	1706	0	166	0	760	25630	58436	0	0	7844	11572	0	0	0	0	254	2836	3960	18470	16912	0	2718	8238	82	830	0	214	0	0	0	886	0	488	0	626	0	830	0	168	0	0	0	256	74	5244	0	472	0	0	0	0	0	122	2716	7226	11078	29820	2708	10120	354	3156	318	0	930	8638	0	0	0	272	0	84	0	822	0	0	0	790	0	0	0	0	0	0	0	0	0	0	0	0	0	0	0	0	0	0	0	0	0	0	0	0	0	0	
114376	Cingulum_Post_L	2320	266	0	0	0	0	0	0	0	0	0	0	0	0	0	0	90	0	118	862	0	0	0	0	0	0	0	0	1360	0	0	0	2300	2718	0	8430	5210	3354	900	1978	0	0	1644	74	1712	0	334	628	780	0	690	0	226	0	216	198	776	562	392	0	190	0	332	0	206	0	5328	1682	1436	1930	0	0	0	72	0	0	2176	2264	1534	0	298	0	0	0	238	0	0	0	742	120	0	0	0	0	0	0	0	0	0	0	0	0	0	0	0	0	0	0	0	0	502	0	0	0	0	0	
255964	Cingulum_Post_R	3216	584	0	0	0	0	0	0	0	0	0	0	0	0	0	0	0	0	180	1106	0	0	0	0	0	0	0	0	830	118	0	84	612	8238	8430	0	4252	8664	0	4478	0	0	0	5386	0	5336	0	8958	0	8026	0	1296	0	796	0	1724	526	4460	0	3632	0	212	0	148	0	746	1986	21712	480	4882	0	0	86	68	0	0	3440	3488	950	392	0	1196	0	0	0	1774	0	0	118	4526	0	0	0	0	0	0	0	0	0	0	0	0	0	0	0	0	0	0	0	0	846	0	0	0	0	0	
289044	Hippocampus_L	16164	122	2246	336	0	0	2234	0	0	0	678	0	168	0	0	0	1524	0	2058	606	0	0	0	0	0	0	0	0	23506	0	0	0	0	82	5210	4252	0	3632	9904	2448	6356	0	804	0	64	0	3592	468	0	0	360	0	366	0	9192	130	5564	0	232	0	364	0	1766	0	118	0	3160	1410	874	82	446	78	7704	70	96	0	6054	2236	6304	0	2244	0	106	0	432	0	0	0	7486	0	128	0	68	0	0	0	308	0	198	0	0	0	0	0	0	0	0	0	0	0	492	0	0	0	0	0	
307232	Hippocampus_R	3400	7952	0	1516	0	0	0	552	0	0	0	0	0	0	0	64	0	930	122	2988	0	0	0	0	0	0	0	0	768	6716	0	0	0	830	3354	8664	3632	0	0	23168	0	8356	0	1240	0	746	0	4892	0	1404	0	0	0	0	0	19120	516	1520	0	266	0	64	0	278	0	0	176	7854	318	3568	0	132	208	11556	0	194	4348	9840	746	784	0	2644	0	474	0	948	0	0	64	6084	0	0	0	0	0	0	0	188	0	0	0	0	0	0	0	0	0	0	0	0	432	0	0	0	0	0	
90176	ParaHippocampal_L	356	0	0	0	72	0	0	0	0	0	0	0	0	0	0	0	80	0	0	0	284	0	0	0	0	0	0	0	838	0	0	0	0	0	900	0	9904	0	0	0	1574	0	944	0	112	0	6048	64	0	0	414	0	1750	0	7892	0	752	0	0	0	0	0	0	0	66	0	3468	0	592	0	0	0	414	0	0	0	166	0	114	0	92	0	312	0	240	0	0	0	4982	0	250	0	146	0	224	104	1164	0	464	0	0	0	0	0	0	0	0	0	80	226	0	0	0	0	0	0	
170568	ParaHippocampal_R	2916	618	0	354	0	0	0	0	0	0	0	0	0	0	0	0	0	0	0	732	0	90	0	0	0	0	0	0	624	1830	0	0	0	214	1978	4478	2448	23168	0	0	0	5390	0	904	0	266	0	4548	0	582	0	0	0	0	0	13700	428	330	0	0	0	0	0	0	0	0	0	4406	132	744	0	0	162	3092	0	90	3112	3196	596	86	0	240	0	572	0	74	0	78	0	2344	0	0	0	0	0	0	0	662	0	0	0	0	0	0	0	0	0	0	0	0	100	0	0	0	0	0	
31196	Amygdala_L	186	0	0	0	0	0	0	0	0	0	0	0	0	0	0	0	0	0	0	0	282	0	0	0	0	0	0	0	3154	0	0	0	0	0	0	0	6356	0	1574	0	0	0	0	0	0	0	0	0	0	0	0	0	0	0	1840	0	0	0	0	0	0	0	0	0	0	0	0	0	114	0	148	0	1190	0	0	0	196	0	0	0	0	0	130	0	0	0	0	0	428	0	0	0	0	0	0	0	0	0	0	0	0	0	0	0	0	0	0	0	0	0	0	0	0	0	0	0	
49816	Amygdala_R	0	0	0	126	0	0	0	0	0	0	0	0	0	0	0	266	0	0	0	0	0	1192	0	0	0	0	0	434	0	2718	0	0	0	0	0	0	0	8356	0	5390	0	0	0	0	0	0	0	0	0	0	0	0	0	0	0	3538	0	0	0	0	0	0	0	0	0	0	0	0	0	0	0	74	0	1448	0	0	0	0	0	0	0	0	0	1286	0	0	0	0	0	80	0	0	0	0	0	0	0	0	0	0	0	0	0	0	0	0	0	0	0	0	0	0	0	0	0	0	
194480	Calcarine_L	0	0	0	0	0	0	0	0	0	0	0	0	0	0	0	0	0	0	0	0	0	0	0	0	0	0	0	0	294	0	0	0	64	0	1644	0	804	0	944	0	0	0	0	7852	18322	6214	7420	2748	9262	1768	12432	520	2932	0	518	76	82	0	1014	180	328	0	218	0	712	0	15526	734	0	0	0	0	0	0	0	0	0	0	288	0	142	0	0	0	2332	0	0	0	1870	0	0	0	0	0	0	0	0	0	0	0	0	0	0	0	0	0	0	0	0	0	0	0	0	0	0	0	
398236	Calcarine_R	0	170	0	0	0	0	0	0	0	0	0	0	0	0	0	0	0	0	0	114	0	0	0	0	0	0	0	0	0	174	0	0	110	886	74	5386	0	1240	0	904	0	0	7852	0	5460	27948	4218	26802	0	23850	0	13588	0	16006	0	7378	0	3230	0	3380	0	118	0	0	0	372	2646	27918	0	1092	0	0	0	0	0	0	0	0	0	226	0	220	0	0	0	1892	0	0	0	15638	0	0	0	0	0	0	0	70	0	84	0	0	0	0	0	0	0	0	0	0	72	0	0	0	0	0	
217584	Cuneus_L	0	0	0	0	0	0	0	0	0	0	0	0	0	0	0	0	120	0	0	0	0	0	0	0	0	0	0	0	112	0	0	0	0	0	1712	0	64	0	112	0	0	0	18322	5460	0	7980	1692	1862	22276	2460	15126	438	1508	0	254	200	186	0	2604	0	1104	0	380	0	1394	0	18364	1348	0	0	0	0	0	0	0	0	0	0	0	0	292	0	0	0	2556	0	0	0	866	0	0	0	0	0	0	0	0	0	0	0	0	0	0	0	0	0	0	0	0	0	0	0	0	0	0	0	
409408	Cuneus_R	0	638	0	0	0	0	0	0	0	0	0	0	0	0	0	0	0	0	0	0	0	0	0	0	0	0	0	0	0	180	0	0	0	488	0	5336	0	746	0	266	0	0	6214	27948	7980	0	1964	8180	352	48642	170	13350	0	3490	0	2092	0	6462	0	17264	0	1700	0	1344	0	1992	5008	32556	0	914	0	0	0	0	0	0	0	0	0	470	0	1700	0	0	0	1808	0	0	0	5450	0	0	0	0	0	0	0	0	0	0	0	0	0	0	0	0	0	0	0	0	0	0	0	0	0	0	
291648	Lingual_L	0	0	0	0	0	0	0	0	0	0	0	0	0	0	0	0	0	0	0	0	0	0	0	0	0	0	0	0	0	0	0	0	0	0	334	0	3592	0	6048	0	0	0	7420	4218	1692	1964	0	5714	1072	1448	14944	366	9298	0	20650	994	0	0	0	172	0	0	0	0	0	0	3104	264	0	0	0	0	0	0	0	0	0	0	0	0	0	0	0	0	0	0	0	0	1186	0	11428	2248	1276	266	66	94	11878	1752	16926	3134	194	0	222	518	0	434	0	0	78	190	3920	3600	2278	420	422	0	
449980	Lingual_R	282	138	0	0	0	0	0	0	0	0	0	0	0	0	0	0	0	0	0	118	0	0	0	0	0	0	0	0	124	0	0	0	0	626	628	8958	468	4892	64	4548	0	0	2748	26802	1862	8180	5714	0	0	9270	0	4766	0	4022	1110	22016	80	1676	0	1804	0	88	0	0	0	490	1490	18890	0	774	0	0	0	0	0	0	108	0	174	0	0	160	0	0	0	632	0	0	0	3234	5852	9034	984	786	218	482	7076	10994	10536	11950	104	0	156	1344	294	924	0	0	634	1084	11622	9276	2330	1062	1104	208	
186424	Occipital_Sup_L	0	0	0	0	0	0	0	0	0	0	0	0	0	0	0	0	90	0	0	0	0	0	0	0	0	0	0	0	76	0	0	0	0	0	780	0	0	0	0	0	0	0	9262	0	22276	352	1072	0	0	146	26952	0	830	0	216	0	136	0	5726	0	1572	0	500	0	2464	0	14410	0	0	0	0	0	0	0	0	0	0	0	0	0	918	0	0	0	5040	0	0	0	394	0	0	0	0	0	0	0	0	0	0	0	0	0	0	0	0	0	0	0	0	0	0	0	0	0	0	0	
450132	Occipital_Sup_R	0	520	0	0	0	0	0	0	0	0	0	0	0	0	0	0	0	126	0	92	0	0	0	0	0	0	0	0	0	186	0	0	0	830	0	8026	0	1404	0	582	0	0	1768	23850	2460	48642	1448	9270	146	0	112	27802	0	5100	0	3166	0	4412	0	21962	0	3676	0	2282	0	8708	2002	28284	0	1324	0	0	0	0	0	0	0	0	0	948	0	3602	0	0	0	4548	0	0	0	7788	0	0	0	0	0	0	0	0	0	0	0	0	0	0	0	0	0	0	0	0	0	0	0	0	0	0	
361660	Occipital_Mid_L	502	0	0	0	0	0	0	0	0	0	0	0	0	0	0	0	394	0	0	0	0	0	0	0	0	0	0	0	774	0	0	0	134	0	690	0	360	0	414	0	0	0	12432	0	15126	170	14944	0	26952	112	0	0	20408	0	7352	0	4028	0	16076	0	9358	0	690	0	17404	0	16858	0	1320	0	0	0	0	0	0	0	0	0	120	0	414	0	0	0	11590	0	0	0	2060	0	148	0	0	0	0	0	0	0	0	0	0	0	0	0	0	0	0	0	0	0	0	0	0	0	0	0	
262476	Occipital_Mid_R	0	0	0	0	0	0	0	0	0	0	0	0	0	0	0	0	0	86	0	0	0	0	0	0	0	0	0	0	0	0	0	0	0	168	0	1296	0	0	0	0	0	0	520	13588	438	13350	366	4766	0	27802	0	0	0	8888	0	3386	0	476	0	9514	0	4286	0	562	0	16340	250	8046	0	208	0	0	0	0	0	0	0	0	0	0	0	442	0	0	0	13036	0	0	0	3424	0	0	0	0	0	0	0	0	0	0	0	0	0	0	0	0	0	0	0	0	0	0	0	0	0	0	
131192	Occipital_Inf_L	62	0	0	0	0	0	0	0	0	0	0	0	0	0	0	0	516	0	0	0	0	0	0	0	0	0	0	0	206	0	0	0	0	0	226	0	366	0	1750	0	0	0	2932	0	1508	0	9298	0	830	0	20408	0	0	0	10524	0	720	0	334	0	64	0	108	0	298	0	2800	0	806	0	0	0	0	0	0	0	0	0	172	0	294	0	0	0	5054	0	0	0	5902	0	238	0	0	0	0	0	70	0	110	0	0	0	0	0	0	0	0	0	0	0	0	0	0	0	0	0	
144836	Occipital_Inf_R	0	0	0	0	0	0	0	0	0	0	0	0	0	0	0	0	0	0	0	0	0	0	0	0	0	0	0	0	0	74	0	0	0	0	0	796	0	0	0	0	0	0	0	16006	0	3490	0	4022	0	5100	0	8888	0	0	0	6354	0	334	0	756	0	0	0	0	0	74	0	5638	0	0	0	0	0	0	0	0	0	0	0	126	0	94	0	0	0	3030	0	0	0	17636	0	0	0	0	0	0	0	0	0	0	0	0	0	0	0	0	0	0	0	0	0	0	0	0	0	0	
304436	Fusiform_L	132	0	130	0	0	0	0	0	0	0	0	0	0	0	0	0	0	0	82	0	0	0	0	0	0	0	0	0	1924	0	0	0	0	0	216	0	9192	0	7892	0	1840	0	518	0	254	0	20650	1110	216	0	7352	0	10524	0	0	252	62	0	142	0	0	0	0	0	182	0	1236	0	0	0	0	0	594	0	0	0	70	0	0	0	832	0	1770	0	1778	0	0	0	10838	0	20874	1130	2726	134	254	0	11352	808	26068	1390	396	0	584	160	74	114	0	0	0	0	2178	2640	1326	108	114	0	
384832	Fusiform_R	104	230	0	86	0	0	0	0	0	0	0	0	0	0	0	0	0	66	0	356	0	0	0	0	0	0	0	0	0	2086	0	0	0	256	198	1724	130	19120	0	13700	0	3538	76	7378	200	2092	994	22016	0	3166	0	3386	0	6354	252	0	0	410	0	94	0	0	0	0	0	0	140	3516	0	610	0	0	0	1096	0	68	106	288	0	456	0	1612	0	4350	0	2682	0	1586	0	13010	2076	17964	130	876	132	342	2812	9618	4710	21550	0	0	0	874	82	606	0	0	0	220	5546	4926	1140	658	622	0	
285296	Postcentral_L	28262	164	4418	206	0	0	3122	0	0	0	2712	0	254	0	0	0	11840	0	3596	886	0	0	0	0	0	0	0	0	9416	0	0	0	0	74	776	526	5564	516	752	428	0	0	82	0	186	0	0	80	136	0	4028	0	720	0	62	0	0	0	9774	0	16056	0	10958	0	3058	0	4554	158	6222	0	368	238	342	0	0	0	2484	562	3740	0	2112	0	84	0	1228	0	0	0	1818	0	0	0	0	0	0	0	0	0	0	0	0	0	0	0	0	0	0	0	0	0	86	0	0	0	0	0	
223708	Postcentral_R	0	7100	0	500	0	0	0	156	0	0	0	1130	0	0	0	0	0	4918	0	1776	0	0	0	0	0	0	0	0	0	554	0	0	0	5244	562	4460	0	1520	0	330	0	0	0	3230	0	6462	0	1676	0	4412	0	476	0	334	0	410	0	0	0	14366	0	7874	0	10048	0	1706	468	13656	564	11788	0	370	0	102	0	0	0	550	0	140	0	1366	0	0	0	1388	0	0	0	2218	0	0	0	0	0	0	0	0	0	0	0	0	0	0	0	0	0	0	0	0	0	0	0	0	0	0	
157116	Parietal_Sup_L	974	0	0	0	0	0	0	0	0	0	0	0	0	0	0	0	226	0	0	0	0	0	0	0	0	0	0	0	432	0	0	0	0	0	392	0	232	0	0	0	0	0	1014	0	2604	0	0	0	5726	0	16076	0	334	0	142	0	9774	0	0	0	16258	0	1806	0	8854	0	12628	0	334	0	0	0	0	0	0	0	0	0	0	0	170	0	0	0	472	0	0	0	110	0	0	0	0	0	0	0	0	0	0	0	0	0	0	0	0	0	0	0	0	0	0	0	0	0	0	0	
261508	Parietal_Sup_R	0	786	0	0	0	0	0	0	0	0	0	0	0	0	0	0	0	224	0	114	0	0	0	0	0	0	0	0	0	86	0	0	0	472	0	3632	0	266	0	0	0	0	180	3380	0	17264	172	1804	0	21962	0	9514	0	756	0	94	0	14366	0	0	0	14454	0	6810	0	11876	186	18096	0	836	0	0	0	0	0	0	0	0	0	0	0	588	0	0	0	830	0	0	0	2006	0	0	0	0	0	0	0	0	0	0	0	0	0	0	0	0	0	0	0	0	0	0	0	0	0	0	
207948	Parietal_Inf_L	1164	0	0	0	0	0	0	0	0	0	0	0	0	0	0	0	208	0	0	0	0	0	0	0	0	0	0	0	412	0	0	0	0	0	190	0	364	0	0	0	0	0	328	0	1104	0	0	0	1572	0	9358	0	64	0	0	0	16056	0	16258	0	0	0	20084	0	28438	0	2914	0	538	0	0	0	0	0	0	0	0	0	168	0	972	0	0	0	2874	0	0	0	908	0	0	0	0	0	0	0	0	0	0	0	0	0	0	0	0	0	0	0	0	0	0	0	0	0	0	0	
115544	Parietal_Inf_R	0	414	0	0	0	0	0	0	0	0	0	0	0	0	0	0	0	202	0	0	0	0	0	0	0	0	0	0	0	0	0	0	0	0	0	212	0	64	0	0	0	0	0	118	0	1700	0	88	0	3676	0	4286	0	0	0	0	0	7874	0	14454	0	0	0	10316	0	11752	0	544	0	0	0	0	0	0	0	0	0	0	0	0	0	548	0	0	0	1160	0	0	0	364	0	0	0	0	0	0	0	0	0	0	0	0	0	0	0	0	0	0	0	0	0	0	0	0	0	0	
139484	SupraMarginal_L	1006	0	0	0	0	0	0	0	0	0	0	0	0	0	0	0	3294	0	0	0	0	0	0	0	0	0	0	0	4408	0	0	0	0	0	332	0	1766	0	0	0	0	0	218	0	380	0	0	0	500	0	690	0	108	0	0	0	10958	0	1806	0	20084	0	0	0	7740	0	1048	0	388	0	0	0	0	0	0	0	0	0	3430	0	6434	0	0	0	3750	0	0	0	1402	0	0	0	0	0	0	0	0	0	0	0	0	0	0	0	0	0	0	0	0	0	0	0	0	0	0	0	
118940	SupraMarginal_R	0	374	0	0	0	0	0	0	0	0	0	0	0	0	0	0	0	3524	0	0	0	0	0	0	0	0	0	0	0	414	0	0	0	0	0	148	0	278	0	0	0	0	0	0	0	1344	0	0	0	2282	0	562	0	0	0	0	0	10048	0	6810	0	10316	0	0	0	8494	0	162	0	66	0	0	0	0	0	0	0	0	0	418	0	8082	0	0	0	5686	0	0	0	462	0	0	0	0	0	0	0	0	0	0	0	0	0	0	0	0	0	0	0	0	0	0	0	0	0	0	
167612	Angular_L	248	0	0	0	0	0	0	0	0	0	0	0	0	0	0	0	360	0	0	0	0	0	0	0	0	0	0	0	344	0	0	0	0	0	206	0	118	0	66	0	0	0	712	0	1394	0	0	0	2464	0	17404	0	298	0	182	0	3058	0	8854	0	28438	0	7740	0	0	0	3074	0	0	0	0	0	0	0	0	0	0	0	68	0	1524	0	0	0	5886	0	0	0	1368	0	0	0	0	0	0	0	0	0	0	0	0	0	0	0	0	0	0	0	0	0	0	0	0	0	0	0	
153600	Angular_R	0	0	0	0	0	0	0	0	0	0	0	0	0	0	0	0	0	330	0	0	0	0	0	0	0	0	0	0	0	0	0	0	0	122	0	746	0	0	0	0	0	0	0	372	0	1992	0	490	0	8708	0	16340	0	74	0	0	0	1706	0	11876	0	11752	0	8494	0	0	0	1008	0	160	0	0	0	0	0	0	0	0	0	0	0	3600	0	0	0	7848	0	0	0	1182	0	0	0	0	0	0	0	0	0	0	0	0	0	0	0	0	0	0	0	0	0	0	0	0	0	0	
306316	Precuneus_L	794	0	0	0	0	0	0	0	0	0	0	0	0	0	0	0	424	0	72	728	0	0	0	0	0	0	0	0	798	0	0	0	2298	2716	5328	1986	3160	176	3468	0	0	0	15526	2646	18364	5008	3104	1490	14410	2002	16858	250	2800	0	1236	140	4554	468	12628	186	2914	0	1048	0	3074	0	0	6344	4494	938	0	0	0	0	0	0	268	74	428	0	1006	0	0	0	5516	0	0	0	3358	0	0	0	0	0	0	0	0	0	0	0	0	0	0	0	0	0	0	0	0	0	78	0	0	0	0	0	
484544	Precuneus_R	1566	660	64	0	0	0	0	0	0	0	0	0	0	0	0	0	0	0	220	1598	0	0	0	0	0	0	0	0	570	282	0	0	882	7226	1682	21712	1410	7854	0	4406	0	0	734	27918	1348	32556	264	18890	0	28284	0	8046	0	5638	0	3516	158	13656	0	18096	0	544	0	162	0	1008	6344	0	266	5256	64	94	0	0	0	0	1820	1038	612	488	0	1212	0	0	0	1742	0	0	62	11408	0	0	0	0	0	0	0	152	0	0	0	0	0	0	0	0	0	0	0	0	764	0	0	0	0	0	
212296	Paracentral_Lobule_L	22838	280	416	0	0	0	0	0	0	0	0	0	0	72	0	0	132	0	2200	13116	0	0	0	0	0	0	0	0	638	0	0	0	3410	11078	1436	480	874	318	592	132	114	0	0	0	0	0	0	0	0	0	1320	0	806	0	0	0	6222	564	334	0	538	0	388	0	0	0	4494	266	0	9302	3102	1340	666	66	300	0	13844	1556	366	0	246	0	0	0	936	0	0	0	1366	0	0	0	0	0	0	0	0	0	0	0	0	0	0	0	0	0	0	0	0	0	0	0	0	0	0	0	
380488	Paracentral_Lobule_R	3886	20144	78	694	0	0	64	0	0	0	0	0	0	332	0	0	0	236	1652	38698	0	0	0	0	0	0	0	0	140	516	0	0	3034	29820	1930	4882	82	3568	0	744	0	0	0	1092	0	914	0	774	0	1324	0	208	0	0	0	610	0	11788	0	836	0	0	0	66	0	160	938	5256	9302	0	1510	14266	238	724	310	80	1342	24660	0	0	0	628	0	0	0	1104	0	0	0	1614	0	0	0	0	0	0	0	0	0	0	0	0	0	0	0	0	0	0	0	0	0	0	0	0	0	0	
253540	Caudate_L	5686	1350	6618	6538	1264	658	3772	2270	218	0	1170	1762	1890	2010	566	0	0	76	8094	8650	5950	6166	288	512	0	1304	4896	4200	5930	2230	4540	4584	396	2708	0	0	446	0	0	0	148	0	0	0	0	0	0	0	0	0	0	0	0	0	0	0	368	0	0	0	0	0	0	0	0	0	0	64	3102	1510	0	5714	6384	554	1494	0	8032	2658	0	0	0	0	0	0	0	0	0	0	0	0	0	0	0	0	0	0	0	0	0	0	0	0	0	0	0	0	0	0	0	0	0	0	0	0	0	0	
403940	Caudate_R	1778	9970	792	9010	0	1634	318	7102	0	412	0	3730	68	14724	0	3588	0	640	986	31700	312	2714	0	3734	0	1718	402	2770	368	9876	1244	6632	162	10120	0	0	78	132	0	0	0	74	0	0	0	0	0	0	0	0	0	0	0	0	0	0	238	370	0	0	0	0	0	0	0	0	0	94	1340	14266	5714	0	358	23822	80	1156	2912	24762	0	0	0	0	0	70	0	0	0	0	0	0	0	0	0	0	0	0	0	0	0	0	0	0	0	0	0	0	0	0	0	0	0	0	0	0	0	0	
210256	Putamen_L	17366	270	9560	274	200	0	5946	92	0	0	1006	90	1554	126	254	0	0	0	8206	1694	614	0	796	0	0	0	520	0	19798	124	3992	0	166	354	0	86	7704	208	414	162	1190	0	0	0	0	0	0	0	0	0	0	0	0	0	594	0	342	0	0	0	0	0	0	0	0	0	0	0	666	238	6384	358	0	0	9626	0	2630	376	92	0	370	0	404	0	0	0	0	0	282	0	0	0	0	0	0	0	0	0	0	0	0	0	0	0	0	0	0	0	0	0	0	0	0	0	0	0	
326276	Putamen_R	150	6438	198	14618	0	2466	0	7168	0	618	0	5460	0	8512	0	5724	0	3954	1102	17044	0	178	0	4350	0	1210	0	864	0	25074	238	5088	0	3156	72	68	70	11556	0	3092	0	1448	0	0	0	0	0	0	0	0	0	0	0	0	0	1096	0	102	0	0	0	0	0	0	0	0	0	0	66	724	554	23822	0	0	0	1870	0	3136	0	0	0	936	0	598	0	110	0	0	0	208	0	0	0	0	0	0	0	0	0	0	0	0	0	0	0	0	0	0	0	0	0	0	0	0	0	0	
57620	Pallidum_L	6708	82	3968	116	0	0	1854	0	0	0	0	0	0	0	0	0	0	0	690	866	0	0	0	0	0	0	0	0	202	0	0	0	134	318	0	0	96	0	0	0	0	0	0	0	0	0	0	0	0	0	0	0	0	0	0	0	0	0	0	0	0	0	0	0	0	0	0	0	300	310	1494	80	9626	0	0	0	1894	72	0	0	0	0	0	0	0	0	0	0	0	0	0	0	0	0	0	0	0	0	0	0	0	0	0	0	0	0	0	0	0	0	0	0	0	0	0	0	
11556	Pallidum_R	0	254	0	220	0	0	0	576	0	0	0	0	0	0	0	0	0	0	0	1270	0	0	0	0	0	0	0	0	0	0	0	0	0	0	0	0	0	194	0	90	0	0	0	0	0	0	0	0	0	0	0	0	0	0	0	68	0	0	0	0	0	0	0	0	0	0	0	0	0	80	0	1156	0	1870	0	0	0	0	0	0	0	0	0	0	0	0	0	0	0	0	0	0	0	0	0	0	0	0	0	0	0	0	0	0	0	0	0	0	0	0	0	0	0	0	0	0	
197828	Thalamus_L	27768	482	106	0	0	0	266	0	0	0	0	0	0	0	0	0	0	0	100	2298	0	0	0	0	0	0	0	0	2392	0	0	0	100	930	2176	3440	6054	4348	166	3112	196	0	0	0	0	0	0	108	0	0	0	0	0	0	70	106	2484	0	0	0	0	0	0	0	0	0	268	1820	13844	1342	8032	2912	2630	0	1894	0	0	8162	952	0	168	0	0	0	0	0	0	0	188	0	0	0	0	0	0	0	0	0	0	0	0	0	0	0	0	0	0	0	0	0	0	0	0	0	0	0	
298452	Thalamus_R	4030	26516	0	1218	0	0	108	142	0	0	0	0	0	942	0	0	0	224	132	15258	0	0	0	0	0	0	0	0	466	1354	0	0	146	8638	2264	3488	2236	9840	0	3196	0	0	0	0	0	0	0	0	0	0	0	0	0	0	0	288	562	550	0	0	0	0	0	0	0	0	74	1038	1556	24660	2658	24762	376	3136	72	0	8162	0	348	0	0	606	0	0	0	98	0	0	0	82	0	0	0	0	0	0	0	0	0	0	0	0	0	0	0	0	0	0	0	0	0	0	0	0	0	0	
98192	Heschl_L	3408	0	402	0	0	0	212	0	0	0	316	0	0	0	0	0	3768	0	366	136	0	0	0	0	0	0	0	0	11864	0	0	0	0	0	1534	950	6304	746	114	596	0	0	288	0	0	0	0	174	0	0	120	0	172	0	0	0	3740	0	0	0	168	0	3430	0	68	0	428	612	366	0	0	0	92	0	0	0	952	348	0	0	2838	0	0	0	1192	0	0	0	3216	0	0	0	0	0	0	0	0	0	0	0	0	0	0	0	0	0	0	0	0	0	176	0	0	0	0	0	
23620	Heschl_R	0	78	0	0	0	0	0	0	0	0	0	0	0	0	0	0	0	1246	0	0	0	0	0	0	0	0	0	0	0	1314	0	0	0	0	0	392	0	784	0	86	0	0	0	226	0	470	0	0	0	948	0	0	0	126	0	456	0	140	0	0	0	0	0	418	0	0	0	488	0	0	0	0	0	0	0	0	0	0	0	0	0	3536	0	0	0	430	0	0	0	672	0	0	0	0	0	0	0	0	0	0	0	0	0	0	0	0	0	0	0	0	0	0	0	0	0	0	
176880	Temporal_Sup_L	2704	0	2232	94	0	0	1466	0	0	0	3486	0	182	0	0	0	7614	0	3146	122	0	0	0	0	0	0	0	0	10218	0	0	0	0	0	298	0	2244	0	92	0	0	0	142	0	292	0	0	0	918	0	414	0	294	0	832	0	2112	0	170	0	972	0	6434	0	1524	0	1006	0	246	0	0	0	370	0	0	0	168	0	2838	0	0	0	5128	0	20036	0	0	0	10646	0	0	0	0	0	0	0	0	0	0	0	0	0	0	0	0	0	0	0	0	0	0	0	0	0	0	0	
128996	Temporal_Sup_R	0	422	0	98	0	0	0	0	0	0	0	0	0	0	0	286	0	3344	0	154	0	0	0	0	0	0	0	0	0	5080	0	0	0	272	0	1196	0	2644	0	240	0	0	0	220	0	1700	0	160	0	3602	0	442	0	94	0	1612	0	1366	0	588	0	548	0	8082	0	3600	0	1212	0	628	0	0	0	936	0	0	0	606	0	3536	0	0	0	776	0	16058	0	100	0	4896	0	0	0	0	0	0	0	0	0	0	0	0	0	0	0	0	0	0	0	0	0	0	0	0	0	0	
102316	Temporal_Pole_Sup_L	868	0	2762	202	546	0	2094	0	238	0	6158	0	470	0	2032	0	6352	0	2336	206	322	0	0	0	0	0	142	0	7780	0	522	0	0	0	0	0	106	0	312	0	130	0	0	0	0	0	0	0	0	0	0	0	0	0	1770	0	84	0	0	0	0	0	0	0	0	0	0	0	0	0	0	0	404	0	0	0	0	0	0	0	5128	0	0	0	4486	0	1026	0	4682	0	0	0	0	0	0	0	0	0	0	0	0	0	0	0	0	0	0	0	0	0	0	0	0	0	0	0	
44560	Temporal_Pole_Sup_R	0	0	0	242	0	0	0	0	0	0	0	760	0	0	0	882	0	776	0	256	0	254	0	0	0	0	0	0	0	1762	0	0	0	84	0	0	0	474	0	572	0	1286	0	0	0	0	0	0	0	0	0	0	0	0	0	4350	0	0	0	0	0	0	0	0	0	0	0	0	0	0	0	70	0	598	0	0	0	0	0	0	0	776	0	0	0	3264	0	3146	0	2728	0	0	0	0	0	0	0	0	0	0	0	0	0	0	0	0	0	0	0	0	0	0	0	0	0	0	
208132	Temporal_Mid_L	206	0	202	0	0	0	0	0	0	0	0	0	0	0	0	0	1552	0	112	0	0	0	0	0	0	0	0	0	2724	0	0	0	0	0	238	0	432	0	240	0	0	0	2332	0	2556	0	0	0	5040	0	11590	0	5054	0	1778	0	1228	0	472	0	2874	0	3750	0	5886	0	5516	0	936	0	0	0	0	0	0	0	0	0	1192	0	20036	0	4486	0	0	0	1272	0	22362	0	0	0	0	0	0	0	0	0	0	0	0	0	0	0	0	0	0	0	0	0	0	0	0	0	0	0	
189844	Temporal_Mid_R	0	62	0	0	0	0	0	0	0	0	0	0	0	0	0	444	0	1100	0	0	0	0	0	0	0	0	0	0	0	1198	0	0	0	822	0	1774	0	948	0	74	0	0	0	1892	0	1808	0	632	0	4548	0	13036	0	3030	0	2682	0	1388	0	830	0	1160	0	5686	0	7848	0	1742	0	1104	0	0	0	110	0	0	0	98	0	430	0	16058	0	3264	0	0	0	1522	0	19632	0	0	0	0	0	0	0	0	0	0	0	0	0	0	0	0	0	0	0	0	0	0	0	0	0	0	
5944	Temporal_Pole_Mid_L	0	0	0	0	0	0	0	0	0	0	0	0	0	0	0	0	0	0	0	0	0	0	0	0	0	0	0	0	0	0	0	0	0	0	0	0	0	0	0	0	0	0	0	0	0	0	0	0	0	0	0	0	0	0	0	0	0	0	0	0	0	0	0	0	0	0	0	0	0	0	0	0	0	0	0	0	0	0	0	0	0	0	1026	0	1272	0	0	0	674	0	0	0	0	0	0	0	0	0	0	0	0	0	0	0	0	0	0	0	0	0	0	0	0	0	0	0	
15344	Temporal_Pole_Mid_R	0	0	0	0	0	0	0	0	0	0	0	0	0	0	0	84	0	0	0	0	0	0	0	0	0	0	0	0	0	0	0	0	0	0	0	0	0	0	0	78	0	0	0	0	0	0	0	0	0	0	0	0	0	0	0	1586	0	0	0	0	0	0	0	0	0	0	0	0	0	0	0	0	0	0	0	0	0	0	0	0	0	100	0	3146	0	1522	0	0	0	1156	0	0	0	0	0	0	0	0	0	0	0	0	0	0	0	0	0	0	0	0	0	0	0	0	0	0	
199632	Temporal_Inf_L	502	0	424	0	0	0	152	0	0	0	66	0	0	0	0	0	1398	0	196	0	0	0	0	0	0	0	0	0	4634	0	0	0	0	0	742	118	7486	64	4982	0	428	0	1870	0	866	0	1186	0	394	0	2060	0	5902	0	10838	0	1818	0	110	0	908	0	1402	0	1368	0	3358	62	1366	0	0	0	282	0	0	0	188	0	3216	0	10646	0	4682	0	22362	0	674	0	0	0	2122	0	260	0	0	0	146	0	232	0	84	0	222	0	0	0	0	0	0	0	0	0	0	0	0	0	
265608	Temporal_Inf_R	0	102	0	0	0	0	0	0	0	0	0	0	0	0	0	0	0	260	0	288	0	0	0	0	0	0	0	0	0	2132	0	0	0	790	120	4526	0	6084	0	2344	0	80	0	15638	0	5450	0	3234	0	7788	0	3424	0	17636	0	13010	0	2218	0	2006	0	364	0	462	0	1182	0	11408	0	1614	0	0	0	208	0	0	0	82	0	672	0	4896	0	2728	0	19632	0	1156	0	0	0	1066	0	0	0	0	0	0	0	204	0	0	0	0	0	0	0	0	0	0	0	0	0	0	0	0	
556656	Cerebelum_Crus1_L	0	0	0	0	0	0	0	0	0	0	0	0	0	0	0	0	0	0	0	0	0	0	0	0	0	0	0	0	0	0	0	0	0	0	0	0	128	0	250	0	0	0	0	0	0	0	11428	5852	0	0	148	0	238	0	20874	2076	0	0	0	0	0	0	0	0	0	0	0	0	0	0	0	0	0	0	0	0	0	0	0	0	0	0	0	0	0	0	0	0	2122	0	0	10264	39538	3732	138	460	19060	5088	60046	11886	13336	586	20806	4344	3500	1202	1370	0	336	554	9064	13842	12464	2094	1016	486	
494940	Cerebelum_Crus1_R	0	0	0	0	0	0	0	0	0	0	0	0	0	0	0	0	0	0	0	0	0	0	0	0	0	0	0	0	0	0	0	0	0	0	0	0	0	0	0	0	0	0	0	0	0	0	2248	9034	0	0	0	0	0	0	1130	17964	0	0	0	0	0	0	0	0	0	0	0	0	0	0	0	0	0	0	0	0	0	0	0	0	0	0	0	0	0	0	0	0	0	1066	10264	0	3598	36452	376	1088	7546	17094	13034	57676	254	1636	376	23982	750	4318	70	542	178	1002	12224	10904	10584	1008	948	124	
381996	Cerebelum_Crus2_L	0	0	0	0	0	0	0	0	0	0	0	0	0	0	0	0	0	0	0	0	0	0	0	0	0	0	0	0	0	0	0	0	0	0	0	0	68	0	146	0	0	0	0	0	0	0	1276	984	0	0	0	0	0	0	2726	130	0	0	0	0	0	0	0	0	0	0	0	0	0	0	0	0	0	0	0	0	0	0	0	0	0	0	0	0	0	0	0	0	260	0	39538	3598	0	10454	0	118	1708	812	12234	2854	39724	6134	36508	8784	3264	222	852	0	0	118	842	2728	10438	4296	182	0	
385440	Cerebelum_Crus2_R	0	0	0	0	0	0	0	0	0	0	0	0	0	0	0	0	0	0	0	0	0	0	0	0	0	0	0	0	0	0	0	0	0	0	0	0	0	0	0	0	0	0	0	0	0	0	266	786	0	0	0	0	0	0	134	876	0	0	0	0	0	0	0	0	0	0	0	0	0	0	0	0	0	0	0	0	0	0	0	0	0	0	0	0	0	0	0	0	0	0	3732	36452	10454	0	0	288	536	1868	1640	11202	6986	29102	7298	48868	1314	6462	170	576	66	328	1280	1974	12534	6772	756	0	
40140	Cerebelum_3_L	0	0	0	0	0	0	0	0	0	0	0	0	0	0	0	0	0	0	0	0	0	0	0	0	0	0	0	0	0	0	0	0	0	0	0	0	0	0	224	0	0	0	0	0	0	0	66	218	0	0	0	0	0	0	254	132	0	0	0	0	0	0	0	0	0	0	0	0	0	0	0	0	0	0	0	0	0	0	0	0	0	0	0	0	0	0	0	0	0	0	138	376	0	0	0	166	7402	410	704	506	0	0	96	138	220	124	0	0	2296	4550	1844	206	0	0	0	0	
66036	Cerebelum_3_R	0	0	0	0	0	0	0	0	0	0	0	0	0	0	0	0	0	0	0	0	0	0	0	0	0	0	0	0	0	0	0	0	0	0	0	0	0	0	104	0	0	0	0	0	0	0	94	482	0	0	0	0	0	0	0	342	0	0	0	0	0	0	0	0	0	0	0	0	0	0	0	0	0	0	0	0	0	0	0	0	0	0	0	0	0	0	0	0	0	0	460	1088	118	288	166	0	2546	6610	900	3110	0	0	0	648	298	1548	0	0	534	6662	2672	1026	1188	922	1026	186	
404496	Cerebelum_4_5_L	0	0	0	0	0	0	0	0	0	0	0	0	0	0	0	0	0	0	0	0	0	0	0	0	0	0	0	0	0	0	0	0	0	0	0	0	308	0	1164	0	0	0	0	0	0	0	11878	7076	0	0	0	0	70	0	11352	2812	0	0	0	0	0	0	0	0	0	0	0	0	0	0	0	0	0	0	0	0	0	0	0	0	0	0	0	0	0	0	0	0	146	0	19060	7546	1708	536	7402	2546	0	14748	35758	12854	464	0	1680	1586	4066	2462	624	0	3822	6932	26006	8100	2220	1098	3136	3088	
323768	Cerebelum_4_5_R	0	0	0	0	0	0	0	0	0	0	0	0	0	0	0	0	0	0	0	0	0	0	0	0	0	0	0	0	0	0	0	0	0	0	0	0	0	188	0	662	0	0	0	70	0	0	1752	10994	0	0	0	0	0	0	808	9618	0	0	0	0	0	0	0	0	0	0	0	152	0	0	0	0	0	0	0	0	0	0	0	0	0	0	0	0	0	0	0	0	0	0	5088	17094	812	1868	410	6610	14748	0	10048	27852	148	62	380	3288	1190	2492	0	0	1484	5296	22166	5458	3960	2598	3338	1250	
591528	Cerebelum_6_L	0	0	0	0	0	0	0	0	0	0	0	0	0	0	0	0	0	0	0	0	0	0	0	0	0	0	0	0	0	0	0	0	0	0	0	0	198	0	464	0	0	0	0	0	0	0	16926	10536	0	0	0	0	110	0	26068	4710	0	0	0	0	0	0	0	0	0	0	0	0	0	0	0	0	0	0	0	0	0	0	0	0	0	0	0	0	0	0	0	0	232	0	60046	13034	12234	1640	704	900	35758	10048	0	19098	4428	0	6642	2906	4474	2618	856	0	1120	1584	18624	23384	8938	2544	3092	1848	
511484	Cerebelum_6_R	0	0	0	0	0	0	0	0	0	0	0	0	0	0	0	0	0	0	0	0	0	0	0	0	0	0	0	0	0	0	0	0	0	0	0	0	0	0	0	0	0	0	0	84	0	0	3134	11950	0	0	0	0	0	0	1390	21550	0	0	0	0	0	0	0	0	0	0	0	0	0	0	0	0	0	0	0	0	0	0	0	0	0	0	0	0	0	0	0	0	0	204	11886	57676	2854	11202	506	3110	12854	27852	19098	0	388	88	690	7712	1876	2958	144	288	890	2624	19292	17152	10702	2428	2430	730	
273216	Cerebelum_7b_L	0	0	0	0	0	0	0	0	0	0	0	0	0	0	0	0	0	0	0	0	0	0	0	0	0	0	0	0	0	0	0	0	0	0	0	0	0	0	0	0	0	0	0	0	0	0	194	104	0	0	0	0	0	0	396	0	0	0	0	0	0	0	0	0	0	0	0	0	0	0	0	0	0	0	0	0	0	0	0	0	0	0	0	0	0	0	0	0	84	0	13336	254	39724	6986	0	0	464	148	4428	388	0	4476	40464	7558	4294	124	890	0	0	62	200	1122	4414	6398	100	0	
170380	Cerebelum_7b_R	0	0	0	0	0	0	0	0	0	0	0	0	0	0	0	0	0	0	0	0	0	0	0	0	0	0	0	0	0	0	0	0	0	0	0	0	0	0	0	0	0	0	0	0	0	0	0	0	0	0	0	0	0	0	0	0	0	0	0	0	0	0	0	0	0	0	0	0	0	0	0	0	0	0	0	0	0	0	0	0	0	0	0	0	0	0	0	0	0	0	586	1636	6134	29102	0	0	0	62	0	88	4476	0	3082	29444	214	2948	0	0	0	0	64	0	3392	3824	138	0	
356264	Cerebelum_8_L	0	0	0	0	0	0	0	0	0	0	0	0	0	0	0	0	0	0	0	0	0	0	0	0	0	0	0	0	0	0	0	0	0	0	0	0	0	0	0	0	0	0	0	0	0	0	222	156	0	0	0	0	0	0	584	0	0	0	0	0	0	0	0	0	0	0	0	0	0	0	0	0	0	0	0	0	0	0	0	0	0	0	0	0	0	0	0	0	222	0	20806	376	36508	7298	96	0	1680	380	6642	690	40464	3082	0	12042	19666	1826	3040	0	108	152	518	2140	6550	11258	1500	126	
433288	Cerebelum_8_R	0	0	0	0	0	0	0	0	0	0	0	0	0	0	0	0	0	0	0	0	0	0	0	0	0	0	0	0	0	0	0	0	0	0	0	0	0	0	0	0	0	0	0	0	0	0	518	1344	0	0	0	0	0	0	160	874	0	0	0	0	0	0	0	0	0	0	0	0	0	0	0	0	0	0	0	0	0	0	0	0	0	0	0	0	0	0	0	0	0	0	4344	23982	8784	48868	138	648	1586	3288	2906	7712	7558	29444	12042	0	2460	22224	172	834	114	788	2938	2866	12274	14160	3618	0	
140668	Cerebelum_9_L	0	0	0	0	0	0	0	0	0	0	0	0	0	0	0	0	0	0	0	0	0	0	0	0	0	0	0	0	0	0	0	0	0	0	0	0	0	0	0	0	0	0	0	0	0	0	0	294	0	0	0	0	0	0	74	82	0	0	0	0	0	0	0	0	0	0	0	0	0	0	0	0	0	0	0	0	0	0	0	0	0	0	0	0	0	0	0	0	0	0	3500	750	3264	1314	220	298	4066	1190	4474	1876	4294	214	19666	2460	0	2030	4136	0	626	620	1840	3846	2360	2818	2412	1610	
170536	Cerebelum_9_R	0	0	0	0	0	0	0	0	0	0	0	0	0	0	0	0	0	0	0	0	0	0	0	0	0	0	0	0	0	0	0	0	0	0	0	0	0	0	0	0	0	0	0	0	0	0	434	924	0	0	0	0	0	0	114	606	0	0	0	0	0	0	0	0	0	0	0	0	0	0	0	0	0	0	0	0	0	0	0	0	0	0	0	0	0	0	0	0	0	0	1202	4318	222	6462	124	1548	2462	2492	2618	2958	124	2948	1826	22224	2030	0	0	936	678	2034	3492	4080	3850	5930	6448	2184	
26456	Cerebelum_10_L	0	0	0	0	0	0	0	0	0	0	0	0	0	0	0	0	0	0	0	0	0	0	0	0	0	0	0	0	0	0	0	0	0	0	0	0	0	0	0	0	0	0	0	0	0	0	0	0	0	0	0	0	0	0	0	0	0	0	0	0	0	0	0	0	0	0	0	0	0	0	0	0	0	0	0	0	0	0	0	0	0	0	0	0	0	0	0	0	0	0	1370	70	852	170	0	0	624	0	856	144	890	0	3040	172	4136	0	0	0	0	0	76	270	358	200	0	0	
6896	Cerebelum_10_R	0	0	0	0	0	0	0	0	0	0	0	0	0	0	0	0	0	0	0	0	0	0	0	0	0	0	0	0	0	0	0	0	0	0	0	0	0	0	0	0	0	0	0	0	0	0	0	0	0	0	0	0	0	0	0	0	0	0	0	0	0	0	0	0	0	0	0	0	0	0	0	0	0	0	0	0	0	0	0	0	0	0	0	0	0	0	0	0	0	0	0	542	0	576	0	0	0	0	0	288	0	0	0	834	0	936	0	0	0	0	0	0	90	102	80	0	
51908	Vermis_1_2	0	0	0	0	0	0	0	0	0	0	0	0	0	0	0	0	0	0	0	0	0	0	0	0	0	0	0	0	0	0	0	0	0	0	0	0	0	0	80	0	0	0	0	0	0	0	78	634	0	0	0	0	0	0	0	0	0	0	0	0	0	0	0	0	0	0	0	0	0	0	0	0	0	0	0	0	0	0	0	0	0	0	0	0	0	0	0	0	0	0	336	178	0	66	2296	534	3822	1484	1120	890	0	0	108	114	626	678	0	0	0	6314	3268	1050	338	356	896	688	
106660	Vermis_3	0	0	0	0	0	0	0	0	0	0	0	0	0	0	0	0	0	0	0	0	0	0	0	0	0	0	0	0	0	0	0	0	0	0	0	0	0	0	226	0	0	0	0	0	0	0	190	1084	0	0	0	0	0	0	0	220	0	0	0	0	0	0	0	0	0	0	0	0	0	0	0	0	0	0	0	0	0	0	0	0	0	0	0	0	0	0	0	0	0	0	554	1002	118	328	4550	6662	6932	5296	1584	2624	62	0	152	788	620	2034	0	0	6314	0	5346	1738	1552	1292	1638	424	
365192	Vermis_4_5	268	0	0	0	0	0	0	0	0	0	0	0	0	0	0	0	0	0	0	0	0	0	0	0	0	0	0	0	128	0	0	0	0	0	502	846	492	432	0	100	0	0	0	72	0	0	3920	11622	0	0	0	0	0	0	2178	5546	86	0	0	0	0	0	0	0	0	0	78	764	0	0	0	0	0	0	0	0	0	0	176	0	0	0	0	0	0	0	0	0	0	0	9064	12224	842	1280	1844	2672	26006	22166	18624	19292	200	64	518	2938	1840	3492	76	0	3268	5346	0	10018	3544	2528	4354	3186	
304276	Vermis_6	0	0	0	0	0	0	0	0	0	0	0	0	0	0	0	0	0	0	0	0	0	0	0	0	0	0	0	0	0	0	0	0	0	0	0	0	0	0	0	0	0	0	0	0	0	0	3600	9276	0	0	0	0	0	0	2640	4926	0	0	0	0	0	0	0	0	0	0	0	0	0	0	0	0	0	0	0	0	0	0	0	0	0	0	0	0	0	0	0	0	0	0	13842	10904	2728	1974	206	1026	8100	5458	23384	17152	1122	0	2140	2866	3846	4080	270	0	1050	1738	10018	0	7566	3250	5124	3852	
277092	Vermis_7	0	0	0	0	0	0	0	0	0	0	0	0	0	0	0	0	0	0	0	0	0	0	0	0	0	0	0	0	0	0	0	0	0	0	0	0	0	0	0	0	0	0	0	0	0	0	2278	2330	0	0	0	0	0	0	1326	1140	0	0	0	0	0	0	0	0	0	0	0	0	0	0	0	0	0	0	0	0	0	0	0	0	0	0	0	0	0	0	0	0	0	0	12464	10584	10438	12534	0	1188	2220	3960	8938	10702	4414	3392	6550	12274	2360	3850	358	90	338	1552	3544	7566	0	7760	4000	396	
