data	data	540788	171276	1.03732e+06	819856	177060	116976	416304	200592	70492	33052	207112	278684	266880	140088	217604	117124	209176	199640	794624	813520	124840	157512	366928	345556	36544	128700	103112	126784	645352	525260	454636	592012	222720	549904	145836	191468	318604	377468	108804	216072	56716	64044	210352	337120	177112	301064	272180	352492	143552	303148	407200	240308	179776	67564	331808	402820	296904	138376	72848	81060	222576	76156	143192	85648	149960	94976	237048	315580	142220	152908	409448	406288	442080	354936	101844	50004	254616	222988	179284	65620	195168	161240	56556	69872	323472	245548	16196	32036	252932	309056	400708	344732	309676	296276	18368	55084	244732	171116	435096	353756	238752	160020	297708	280672	135240	106792	32804	22236	28896	51188	248776	216792	210352	119152	79524	12872	
data	data	Precentral_L	Precentral_R	Frontal_Sup_L	Frontal_Sup_R	Frontal_Sup_Orb_L	Frontal_Sup_Orb_R	Frontal_Mid_L	Frontal_Mid_R	Frontal_Mid_Orb_L	Frontal_Mid_Orb_R	Frontal_Inf_Oper_L	Frontal_Inf_Oper_R	Frontal_Inf_Tri_L	Frontal_Inf_Tri_R	Frontal_Inf_Orb_L	Frontal_Inf_Orb_R	Rolandic_Oper_L	Rolandic_Oper_R	Supp_Motor_Area_L	Supp_Motor_Area_R	Olfactory_L	Olfactory_R	Frontal_Sup_Medial_L	Frontal_Sup_Medial_R	Frontal_Med_Orb_L	Frontal_Med_Orb_R	Rectus_L	Rectus_R	Insula_L	Insula_R	Cingulum_Ant_L	Cingulum_Ant_R	Cingulum_Mid_L	Cingulum_Mid_R	Cingulum_Post_L	Cingulum_Post_R	Hippocampus_L	Hippocampus_R	ParaHippocampal_L	ParaHippocampal_R	Amygdala_L	Amygdala_R	Calcarine_L	Calcarine_R	Cuneus_L	Cuneus_R	Lingual_L	Lingual_R	Occipital_Sup_L	Occipital_Sup_R	Occipital_Mid_L	Occipital_Mid_R	Occipital_Inf_L	Occipital_Inf_R	Fusiform_L	Fusiform_R	Postcentral_L	Postcentral_R	Parietal_Sup_L	Parietal_Sup_R	Parietal_Inf_L	Parietal_Inf_R	SupraMarginal_L	SupraMarginal_R	Angular_L	Angular_R	Precuneus_L	Precuneus_R	Paracentral_Lobule_L	Paracentral_Lobule_R	Caudate_L	Caudate_R	Putamen_L	Putamen_R	Pallidum_L	Pallidum_R	Thalamus_L	Thalamus_R	Heschl_L	Heschl_R	Temporal_Sup_L	Temporal_Sup_R	Temporal_Pole_Sup_L	Temporal_Pole_Sup_R	Temporal_Mid_L	Temporal_Mid_R	Temporal_Pole_Mid_L	Temporal_Pole_Mid_R	Temporal_Inf_L	Temporal_Inf_R	Cerebelum_Crus1_L	Cerebelum_Crus1_R	Cerebelum_Crus2_L	Cerebelum_Crus2_R	Cerebelum_3_L	Cerebelum_3_R	Cerebelum_4_5_L	Cerebelum_4_5_R	Cerebelum_6_L	Cerebelum_6_R	Cerebelum_7b_L	Cerebelum_7b_R	Cerebelum_8_L	Cerebelum_8_R	Cerebelum_9_L	Cerebelum_9_R	Cerebelum_10_L	Cerebelum_10_R	Vermis_1_2	Vermis_3	Vermis_4_5	Vermis_6	Vermis_7	Vermis_8	Vermis_9	Vermis_10	
540788	Precentral_L	0	1078	42066	3176	0	0	16580	0	0	0	14968	600	3462	0	0	0	9932	0	34602	11596	0	0	646	0	0	0	0	0	9542	834	886	260	1202	5636	2996	1394	4298	1626	424	202	0	0	0	304	192	224	0	0	0	190	2472	0	2830	0	1126	736	33022	438	136	112	8128	0	1532	0	576	0	1196	354	9158	1370	2020	936	4510	124	1348	0	15350	1358	4618	0	1744	220	0	0	2638	398	0	0	1710	1318	0	0	0	0	0	0	0	0	0	0	0	0	0	0	0	0	0	0	0	0	0	0	0	0	0	0	
171276	Precentral_R	1078	0	1810	13790	0	0	0	5248	0	0	0	5814	0	1134	0	0	0	1656	1678	10302	0	0	0	0	0	0	0	0	380	2506	0	0	0	2676	668	458	274	2300	0	938	0	0	0	504	0	358	0	146	0	320	0	246	0	0	0	1132	98	12024	0	376	0	658	0	1914	0	0	0	394	600	5910	342	100	228	622	202	0	470	898	356	158	0	1010	0	0	0	1342	0	0	0	2520	0	0	0	0	0	0	0	0	0	0	0	0	0	0	0	0	0	0	0	0	0	0	0	0	0	0	
1.03732e+06	Frontal_Sup_L	42066	1810	0	7342	8474	0	66520	1096	3304	0	11850	1596	16856	0	9990	0	9116	2058	97646	13574	368	0	36330	3448	1184	0	1180	0	28642	2872	14770	5566	9108	6968	1300	692	7136	1452	586	206	0	0	0	134	0	0	0	0	0	0	282	0	270	0	142	790	7922	724	0	0	1048	0	152	144	0	0	0	0	4096	298	8002	4962	31158	3102	7486	634	20554	1892	5560	464	1000	140	286	0	400	256	0	0	476	1178	0	0	0	0	0	0	0	0	0	0	0	0	0	0	0	0	0	0	0	0	0	0	0	0	0	0	
819856	Frontal_Sup_R	3176	13790	7342	0	0	6214	650	28354	0	1222	356	15678	470	6604	250	10296	270	13592	17268	70388	408	2332	10460	35498	0	3782	0	2176	2248	21106	6892	29060	3526	21824	846	876	1056	5400	138	1540	0	214	0	482	0	110	0	256	0	0	0	0	0	0	0	1458	556	4254	0	110	0	344	0	646	0	0	0	0	734	350	2550	11232	468	12412	228	3910	1594	12980	1504	1916	0	2080	0	1828	0	670	0	0	106	1848	0	0	0	0	0	0	0	0	0	0	0	0	0	0	0	0	0	0	0	0	0	0	0	0	0	0	
177060	Frontal_Sup_Orb_L	0	0	8474	0	0	0	1296	0	12246	0	0	0	926	0	14908	0	0	0	0	0	4176	494	1618	0	4170	344	13006	200	8216	0	4356	568	0	0	0	0	0	0	0	0	98	0	0	0	0	0	0	0	0	0	0	0	0	0	0	0	0	0	0	0	0	0	0	0	0	0	0	0	0	0	6982	156	5390	0	432	0	0	0	0	0	0	0	474	0	0	0	0	0	0	0	0	0	0	0	0	0	0	0	0	0	0	0	0	0	0	0	0	0	0	0	0	0	0	0	0	0	
116976	Frontal_Sup_Orb_R	0	0	0	6214	0	0	0	1282	0	6730	0	0	0	230	0	6336	0	0	0	0	332	4056	204	4648	204	9442	0	9090	0	2188	672	3094	0	0	0	0	0	0	0	112	0	372	0	0	0	0	0	0	0	0	0	0	0	0	0	0	0	0	0	0	0	0	0	0	0	0	0	0	0	0	228	1810	200	1044	0	0	0	0	0	0	0	0	0	0	0	0	0	0	0	0	0	0	0	0	0	0	0	0	0	0	0	0	0	0	0	0	0	0	0	0	0	0	0	0	0	0	
416304	Frontal_Mid_L	16580	0	66520	650	1296	0	0	0	1076	0	11914	174	30192	0	8382	0	3250	0	9462	1064	0	0	13682	778	0	0	0	0	13428	184	5228	806	5388	1718	0	0	1784	0	228	0	0	0	0	0	0	0	0	0	0	0	0	0	0	0	0	0	1964	0	0	0	140	0	0	0	0	0	0	0	0	0	158	0	6256	0	1560	0	2604	0	786	0	230	0	102	0	0	0	0	0	126	442	0	0	0	0	0	0	0	0	0	0	0	0	0	0	0	0	0	0	0	0	0	0	0	0	0	0	
200592	Frontal_Mid_R	0	5248	1096	28354	0	1282	0	0	0	1016	0	9556	0	9540	0	4382	0	4050	2102	3352	0	0	1002	3342	0	0	0	0	1232	8986	1156	2354	266	4222	0	0	0	182	0	0	0	0	0	0	0	0	0	0	0	0	0	0	0	0	0	0	0	942	0	0	0	110	0	302	0	0	0	0	0	0	0	102	0	2416	0	0	0	570	1158	0	0	930	0	902	0	144	0	0	0	0	0	0	0	0	0	0	0	0	0	0	0	0	0	0	0	0	0	0	0	0	0	0	0	0	0	0	
70492	Frontal_Mid_Orb_L	0	0	3304	0	12246	0	1076	0	0	0	0	0	1164	0	10478	0	0	0	0	0	414	0	130	0	514	0	2532	0	1876	0	344	0	102	0	0	0	0	0	0	0	0	0	0	0	0	0	0	0	0	0	0	0	0	0	0	0	0	0	0	0	0	0	0	0	0	0	0	0	0	0	442	0	624	0	0	0	0	0	0	0	0	0	0	0	0	0	0	0	0	0	0	0	0	0	0	0	0	0	0	0	0	0	0	0	0	0	0	0	0	0	0	0	0	0	0	0	
33052	Frontal_Mid_Orb_R	0	0	0	1222	0	6730	0	1016	0	0	0	0	0	148	0	5494	0	0	0	0	0	192	0	184	0	294	0	1126	0	120	0	0	0	0	0	0	0	0	0	0	0	0	0	0	0	0	0	0	0	0	0	0	0	0	0	0	0	0	0	0	0	0	0	0	0	0	0	0	0	0	0	0	0	0	0	0	0	0	0	0	0	0	0	0	0	0	0	0	0	0	0	0	0	0	0	0	0	0	0	0	0	0	0	0	0	0	0	0	0	0	0	0	0	0	0	0	
207112	Frontal_Inf_Oper_L	14968	0	11850	356	0	0	11914	0	0	0	0	1658	14556	0	606	0	9280	0	2812	434	0	0	1658	0	0	0	0	0	13276	1892	3308	708	404	138	0	0	270	0	0	0	0	0	0	0	0	0	0	0	0	0	0	0	0	0	0	0	4580	0	0	0	548	0	0	0	0	0	0	0	0	0	1504	918	978	262	0	0	264	0	1874	0	1212	0	1170	0	158	0	0	0	0	0	0	0	0	0	0	0	0	0	0	0	0	0	0	0	0	0	0	0	0	0	0	0	0	0	0	0	
278684	Frontal_Inf_Oper_R	600	5814	1596	15678	0	0	174	9556	0	0	1658	0	524	7124	0	146	1414	12584	5244	11222	284	0	650	1546	0	158	0	0	5516	25130	2282	4398	340	5826	0	138	418	154	0	0	0	0	0	0	0	0	0	0	0	0	0	0	0	0	0	0	98	958	0	0	0	112	0	322	0	0	0	0	0	0	3342	3272	252	1812	0	0	444	532	2500	0	240	2344	120	2520	0	300	0	0	0	0	0	0	0	0	0	0	0	0	0	0	0	0	0	0	0	0	0	0	0	0	0	0	0	0	0	0	
266880	Frontal_Inf_Tri_L	3462	0	16856	470	926	0	30192	0	1164	0	14556	524	0	0	15868	0	2088	0	1090	178	0	0	6386	626	0	0	104	0	25236	536	3504	572	3800	1170	0	0	0	0	0	0	0	0	0	0	0	0	0	0	0	0	0	0	0	0	0	0	1280	0	0	0	0	0	0	0	0	0	0	0	0	0	868	172	438	0	0	0	140	0	482	0	250	0	502	0	0	0	0	0	0	0	0	0	0	0	0	0	0	0	0	0	0	0	0	0	0	0	0	0	0	0	0	0	0	0	0	0	
140088	Frontal_Inf_Tri_R	0	1134	0	6604	0	230	0	9540	0	148	0	7124	0	0	0	4346	0	1340	792	1778	0	290	616	3508	0	376	0	360	256	13278	3082	8454	152	4506	0	0	0	0	0	0	0	0	0	0	0	0	0	0	0	0	0	0	0	0	0	0	0	104	0	0	0	0	0	0	0	0	0	0	0	0	0	624	0	784	0	0	0	0	106	0	0	258	0	254	0	0	0	0	0	0	0	0	0	0	0	0	0	0	0	0	0	0	0	0	0	0	0	0	0	0	0	0	0	0	0	0	
217604	Frontal_Inf_Orb_L	0	0	9990	250	14908	0	8382	0	10478	0	606	0	15868	0	0	0	0	0	186	0	3316	338	2692	426	0	134	6330	108	17896	0	1894	478	2348	810	0	0	194	0	0	0	0	0	0	0	0	0	0	0	0	0	0	0	0	0	138	0	0	0	0	0	0	0	0	0	0	0	0	0	0	0	5166	128	4074	0	196	0	0	0	0	0	0	0	1468	0	0	0	0	0	0	0	0	0	0	0	0	0	0	0	0	0	0	0	0	0	0	0	0	0	0	0	0	0	0	0	0	0	
117124	Frontal_Inf_Orb_R	0	0	0	10296	0	6336	0	4382	0	5494	0	146	0	4346	0	0	0	0	298	1016	0	710	1158	6440	0	4092	0	690	0	6996	316	2640	186	1978	0	0	0	0	0	290	0	120	0	0	0	0	0	0	0	0	0	0	0	0	0	0	0	0	0	0	0	0	0	0	0	0	0	0	0	0	0	196	0	436	0	0	0	0	0	0	0	0	0	0	0	0	0	0	0	0	0	0	0	0	0	0	0	0	0	0	0	0	0	0	0	0	0	0	0	0	0	0	0	0	0	0	
209176	Rolandic_Oper_L	9932	0	9116	270	0	0	3250	0	0	0	9280	1414	2088	0	0	0	0	414	6486	300	0	0	340	0	0	0	0	0	16810	1906	1094	256	124	0	0	0	452	136	148	0	0	0	0	0	0	0	0	0	0	0	614	0	156	0	116	0	11038	0	0	0	2018	0	2710	0	388	0	0	0	294	0	5340	1594	322	404	636	0	2252	160	5938	0	3822	0	1012	0	1168	0	0	0	790	0	0	0	0	0	0	0	0	0	0	0	0	0	0	0	0	0	0	0	0	0	0	0	0	0	0	0	
199640	Rolandic_Oper_R	0	1656	2058	13592	0	0	0	4050	0	0	0	12584	0	1340	0	0	414	0	3314	10298	0	0	100	122	0	0	0	0	1096	22232	184	286	0	896	0	0	0	196	0	0	0	0	0	0	0	0	0	0	0	0	0	0	0	0	0	0	0	3222	0	0	0	0	0	1884	0	0	0	0	0	0	854	598	206	2548	0	152	0	318	572	6368	0	5072	0	3026	0	582	0	0	0	0	0	0	0	0	0	0	0	0	0	0	0	0	0	0	0	0	0	0	0	0	0	0	0	0	0	0	
794624	Supp_Motor_Area_L	34602	1678	97646	17268	0	0	9462	2102	0	0	2812	5244	1090	792	186	298	6486	3314	0	39780	0	0	4672	2436	0	0	0	0	14572	4800	5686	7328	8934	18276	1176	706	5904	1346	512	224	0	0	0	148	0	116	0	0	0	100	0	0	136	0	0	688	6432	904	0	0	922	0	140	184	0	0	246	168	6790	110	9350	5596	23744	4106	7592	1220	18790	1938	4870	486	816	230	0	160	238	334	0	0	376	1050	0	0	0	0	0	0	0	0	0	0	0	0	0	0	0	0	0	0	0	0	0	0	0	0	0	0	
813520	Supp_Motor_Area_R	11596	10302	13574	70388	0	0	1064	3352	0	0	434	11222	178	1778	0	1016	300	10298	39780	0	162	0	2924	6804	0	0	0	0	1544	9438	4202	12130	6154	50332	2412	5376	1084	6784	144	1014	0	0	0	1132	0	1064	0	336	0	1028	0	566	0	0	0	2854	1202	4458	0	416	0	190	0	502	0	0	104	2782	3258	13834	2762	21832	768	10128	302	4052	3194	28430	912	2558	0	3044	0	678	0	2686	0	0	112	5790	0	0	0	0	0	0	0	0	0	0	0	0	0	0	0	0	0	0	0	0	0	0	0	0	0	0	
124840	Olfactory_L	0	0	368	408	4176	332	0	0	414	0	0	284	0	0	3316	0	0	0	0	162	0	5602	204	176	274	1238	4090	2138	7650	934	4846	3664	0	0	0	0	570	0	176	0	800	0	0	0	0	0	0	0	0	0	0	0	0	0	390	0	0	0	0	0	0	0	0	0	0	0	0	0	0	0	9798	3214	6012	932	0	0	0	0	0	0	0	0	252	0	0	0	0	0	0	0	0	0	0	0	0	0	0	0	0	0	0	0	0	0	0	0	0	0	0	0	0	0	0	0	0	0	
157512	Olfactory_R	0	0	0	2332	494	4056	0	0	0	192	0	0	0	290	338	710	0	0	0	0	5602	0	0	2162	0	4590	306	9020	2504	3490	3446	7106	0	0	0	0	212	0	0	118	826	502	0	0	0	0	0	0	0	0	0	0	0	0	140	0	0	0	0	0	0	0	0	0	0	0	0	0	0	0	9004	9022	7592	3830	736	0	0	136	0	0	0	0	0	0	0	0	0	0	0	0	0	0	0	0	0	0	0	0	0	0	0	0	0	0	0	0	0	0	0	0	0	0	0	0	0	0	
366928	Frontal_Sup_Medial_L	646	0	36330	10460	1618	204	13682	1002	130	0	1658	650	6386	616	2692	1158	340	100	4672	2924	204	0	0	19864	2206	640	666	0	4066	412	21548	14516	14314	16450	0	0	162	0	0	0	0	0	0	0	0	0	0	0	0	0	0	0	0	0	0	0	204	0	0	0	0	0	0	0	0	0	0	0	0	0	488	224	1336	298	0	0	140	0	458	0	0	0	0	0	0	0	0	0	0	0	0	0	0	0	0	0	0	0	0	0	0	0	0	0	0	0	0	0	0	0	0	0	0	0	0	0	
345556	Frontal_Sup_Medial_R	0	0	3448	35498	0	4648	778	3342	0	184	0	1546	626	3508	426	6440	0	122	2436	6804	176	2162	19864	0	192	6056	0	2400	284	5762	8386	28216	3254	18108	0	0	0	0	0	0	0	0	0	0	0	0	0	0	0	0	0	0	0	0	0	0	0	0	0	0	0	0	0	0	0	0	0	0	0	0	120	2956	0	5036	0	0	0	0	0	0	0	0	0	0	0	0	0	0	0	0	0	0	0	0	0	0	0	0	0	0	0	0	0	0	0	0	0	0	0	0	0	0	0	0	0	0	
36544	Frontal_Med_Orb_L	0	0	1184	0	4170	204	0	0	514	0	0	0	0	0	0	0	0	0	0	0	274	0	2206	192	0	1308	2360	184	214	0	3808	232	0	0	0	0	0	0	0	0	0	0	0	0	0	0	0	0	0	0	0	0	0	0	0	0	0	0	0	0	0	0	0	0	0	0	0	0	0	0	570	0	852	0	0	0	0	0	0	0	0	0	0	0	0	0	0	0	0	0	0	0	0	0	0	0	0	0	0	0	0	0	0	0	0	0	0	0	0	0	0	0	0	0	0	0	
128700	Frontal_Med_Orb_R	0	0	0	3782	344	9442	0	0	0	294	0	158	0	376	134	4092	0	0	0	0	1238	4590	640	6056	1308	0	350	8066	520	2954	3022	7972	0	0	0	0	0	0	0	106	0	282	0	0	0	0	0	0	0	0	0	0	0	0	0	0	0	0	0	0	0	0	0	0	0	0	0	0	0	0	1230	3292	850	3252	0	0	0	0	0	0	0	0	0	0	0	0	0	0	0	0	0	0	0	0	0	0	0	0	0	0	0	0	0	0	0	0	0	0	0	0	0	0	0	0	0	0	
103112	Rectus_L	0	0	1180	0	13006	0	0	0	2532	0	0	0	104	0	6330	0	0	0	0	0	4090	306	666	0	2360	350	0	262	6186	0	3996	564	0	0	0	0	0	0	0	0	0	0	0	0	0	0	0	0	0	0	0	0	0	0	0	0	0	0	0	0	0	0	0	0	0	0	0	0	0	0	6648	0	2436	0	202	0	0	0	0	0	0	0	338	0	0	0	0	0	0	0	0	0	0	0	0	0	0	0	0	0	0	0	0	0	0	0	0	0	0	0	0	0	0	0	0	0	
126784	Rectus_R	0	0	0	2176	200	9090	0	0	0	1126	0	0	0	360	108	690	0	0	0	0	2138	9020	0	2400	184	8066	262	0	1064	1934	3080	6944	0	0	0	0	122	0	0	0	404	318	0	0	0	0	0	0	0	0	0	0	0	0	118	0	0	0	0	0	0	0	0	0	0	0	0	0	0	0	3358	4608	3014	2608	0	0	0	0	0	0	0	0	0	0	0	0	0	0	0	0	0	0	0	0	0	0	0	0	0	0	0	0	0	0	0	0	0	0	0	0	0	0	0	0	0	0	
645352	Insula_L	9542	380	28642	2248	8216	0	13428	1232	1876	0	13276	5516	25236	256	17896	0	16810	1096	14572	1544	7650	2504	4066	284	214	520	6186	1064	0	5530	8024	4118	1976	524	1362	1452	12128	762	2804	0	3280	0	0	0	0	0	0	0	0	0	594	0	552	0	4228	0	4718	168	0	0	864	0	0	0	372	0	312	0	206	0	17508	4190	21688	1698	1076	160	4426	566	20424	0	4726	134	2732	108	1904	0	154	0	2954	0	0	0	0	0	0	0	0	0	0	0	0	0	0	0	0	0	0	0	0	0	0	0	0	0	0	0	
525260	Insula_R	834	2506	2872	21106	0	2188	184	8986	0	120	1892	25130	536	13278	0	6996	1906	22232	4800	9438	934	3490	412	5762	0	2954	0	1934	5530	0	6066	16688	252	2602	308	378	600	6616	0	2922	0	1226	0	286	0	0	0	148	0	0	0	0	0	0	0	3622	176	1308	0	0	0	0	0	114	0	0	0	0	0	0	5176	9578	918	25116	118	620	474	1764	2080	3828	322	9160	124	3660	0	5320	0	0	0	5040	0	0	0	0	0	0	0	0	0	0	0	0	0	0	0	0	0	0	0	0	0	0	0	0	0	0	
454636	Cingulum_Ant_L	886	0	14770	6892	4356	672	5228	1156	344	0	3308	2282	3504	3082	1894	316	1094	184	5686	4202	4846	3446	21548	8386	3808	3022	3996	3080	8024	6066	0	41058	9616	7156	424	346	448	138	0	0	598	0	0	0	0	0	0	0	0	0	0	0	0	0	134	0	104	0	0	0	0	0	0	0	0	0	0	0	0	0	9692	11696	11200	6760	236	154	0	0	1154	0	188	0	138	0	0	0	0	0	0	0	0	0	0	0	0	0	0	0	0	0	0	0	0	0	0	0	0	0	0	0	0	0	0	0	0	0	
592012	Cingulum_Ant_R	260	0	5566	29060	568	3094	806	2354	0	0	708	4398	572	8454	478	2640	256	286	7328	12130	3664	7106	14516	28216	232	7972	564	6944	4118	16688	41058	0	5768	22594	224	392	400	176	0	0	486	144	0	0	0	0	0	0	0	0	0	0	0	0	126	0	0	0	0	0	0	0	0	0	0	0	0	0	0	0	6964	23144	4908	18984	218	374	0	168	900	0	0	0	0	0	0	0	0	0	0	0	0	0	0	0	0	0	0	0	0	0	0	0	0	0	0	0	0	0	0	0	0	0	0	0	0	0	
222720	Cingulum_Mid_L	1202	0	9108	3526	0	0	5388	266	102	0	404	340	3800	152	2348	186	124	0	8934	6154	0	0	14314	3254	0	0	0	0	1976	252	9616	5768	0	14846	2594	812	0	0	0	0	0	0	122	0	862	198	0	0	1022	0	622	0	0	0	0	0	220	0	532	0	0	0	0	0	0	0	3938	1036	6660	118	0	0	0	0	0	0	0	0	252	0	0	0	0	0	312	0	0	0	0	0	0	0	0	0	0	0	0	0	0	0	0	0	0	0	0	0	0	0	0	0	0	0	0	0	0	0	
549904	Cingulum_Mid_R	5636	2676	6968	21824	0	0	1718	4222	0	0	138	5826	1170	4506	810	1978	0	896	18276	50332	0	0	16450	18108	0	0	0	0	524	2602	7156	22594	14846	0	2724	8428	0	2496	0	472	0	0	0	1832	0	4144	0	330	0	2822	0	1690	0	0	0	1922	120	2108	0	210	0	0	0	0	0	0	818	10228	2552	11704	322	1160	0	280	0	0	382	1306	0	294	0	1922	0	142	0	1888	0	0	0	3400	0	0	0	0	0	0	0	0	0	0	0	0	0	0	0	0	0	0	0	0	0	0	0	0	0	0	
145836	Cingulum_Post_L	2996	668	1300	846	0	0	0	0	0	0	0	0	0	0	0	0	0	0	1176	2412	0	0	0	0	0	0	0	0	1362	308	424	224	2594	2724	0	11008	8424	5832	1300	364	0	0	2234	0	2054	286	2186	164	132	0	332	0	1132	0	516	294	994	0	0	0	386	0	0	0	0	0	7690	2318	2412	760	0	122	0	0	0	0	256	1440	1280	182	102	0	0	0	468	0	0	0	956	162	0	0	0	0	0	0	0	0	0	0	0	0	0	0	0	0	0	0	0	0	98	0	0	0	0	0	
191468	Cingulum_Post_R	1394	458	692	876	0	0	0	0	0	0	0	138	0	0	0	0	0	0	706	5376	0	0	0	0	0	0	0	0	1452	378	346	392	812	8428	11008	0	8526	9934	1828	1552	0	0	0	1900	0	2336	836	3162	0	1502	0	828	0	174	144	1572	460	458	0	0	0	0	0	0	0	0	2170	13302	206	2836	130	100	0	0	0	0	1134	1998	1424	196	120	0	0	0	188	746	0	0	482	2294	0	0	0	0	0	0	0	0	0	0	0	0	0	0	0	0	0	0	0	0	740	0	0	0	0	0	
318604	Hippocampus_L	4298	274	7136	1056	0	0	1784	0	0	0	270	418	0	0	194	0	452	0	5904	1084	570	212	162	0	0	0	0	122	12128	600	448	400	0	0	8424	8526	0	7916	16740	928	8022	0	1742	0	0	0	4064	782	0	0	292	0	2022	0	12458	438	790	0	0	0	0	0	0	0	0	0	3096	1522	140	0	1260	432	11196	262	1644	0	8632	3056	2972	186	2998	0	594	0	1942	0	0	0	8714	0	0	0	0	0	0	0	0	0	0	0	0	0	0	0	0	0	0	0	0	0	0	0	0	0	0	0	
377468	Hippocampus_R	1626	2300	1452	5400	0	0	0	182	0	0	0	154	0	0	0	0	136	196	1346	6784	0	0	0	0	0	0	0	0	762	6616	138	176	0	2496	5832	9934	7916	0	2370	27606	0	7394	0	3998	0	916	836	6530	0	616	0	100	0	702	224	28796	458	114	0	0	0	0	0	0	0	0	812	5138	324	448	370	882	0	7452	0	1086	2216	10622	616	1540	0	2414	0	428	136	1698	0	278	278	15906	0	0	0	0	0	0	0	1378	0	0	0	0	0	0	0	0	0	0	0	0	606	0	0	0	0	0	
108804	ParaHippocampal_L	424	0	586	138	0	0	228	0	0	0	0	0	0	0	0	0	148	0	512	144	176	0	0	0	0	0	0	0	2804	0	0	0	0	0	1300	1828	16740	2370	0	552	3368	0	198	0	0	0	4692	442	0	0	466	0	1048	0	6792	228	0	0	0	0	0	0	0	0	0	0	710	442	0	0	176	0	2264	0	0	0	2150	1150	0	0	298	0	380	0	0	0	204	0	1444	0	0	0	0	0	0	0	0	0	0	0	0	0	0	0	0	0	0	0	0	0	0	0	0	0	0	0	
216072	ParaHippocampal_R	202	938	206	1540	0	112	0	0	0	0	0	0	0	0	0	290	0	0	224	1014	0	118	0	0	0	106	0	0	0	2922	0	0	0	472	364	1552	928	27606	552	0	0	7014	0	3402	0	668	122	6868	0	454	0	0	0	626	0	24412	0	0	0	0	0	0	0	0	0	0	238	2498	0	212	0	0	0	3178	0	816	648	2816	0	704	0	706	0	1716	0	406	0	1174	0	8324	0	0	0	0	0	0	0	1888	0	0	0	0	0	0	0	0	0	0	0	0	0	0	0	0	0	0	
56716	Amygdala_L	0	0	0	0	98	0	0	0	0	0	0	0	0	0	0	0	0	0	0	0	800	826	0	0	0	0	0	404	3280	0	598	486	0	0	0	0	8022	0	3368	0	0	0	0	0	0	0	0	0	0	0	0	0	0	0	4712	0	0	0	0	0	0	0	0	0	0	0	0	0	0	0	1346	714	1624	564	0	0	0	0	0	0	0	0	494	0	0	0	0	0	1022	0	0	0	0	0	0	0	0	0	0	0	0	0	0	0	0	0	0	0	0	0	0	0	0	0	0	0	
64044	Amygdala_R	0	0	0	214	0	372	0	0	0	0	0	0	0	0	0	120	0	0	0	0	0	502	0	0	0	282	0	318	0	1226	0	144	0	0	0	0	0	7394	0	7014	0	0	0	0	0	0	0	0	0	0	0	0	0	0	0	6666	0	0	0	0	0	0	0	0	0	0	0	0	0	0	0	0	0	980	0	0	0	0	0	0	0	0	0	1984	0	800	0	994	0	3012	0	0	0	0	0	0	0	0	0	0	0	0	0	0	0	0	0	0	0	0	0	0	0	0	0	0	
210352	Calcarine_L	0	0	0	0	0	0	0	0	0	0	0	0	0	0	0	0	0	0	0	0	0	0	0	0	0	0	0	0	0	0	0	0	122	0	2234	0	1742	0	198	0	0	0	0	4680	15716	3972	14444	984	7298	1984	21922	420	6164	0	1504	0	0	0	0	0	114	0	0	0	160	0	15788	160	898	0	0	0	0	0	0	0	0	0	130	0	0	0	0	0	3434	0	0	0	1108	0	0	0	0	0	0	0	0	0	0	0	0	0	0	0	0	0	0	0	0	0	0	0	0	0	0	0	
337120	Calcarine_R	304	504	134	482	0	0	0	0	0	0	0	0	0	0	0	0	0	0	148	1132	0	0	0	0	0	0	0	0	0	286	0	0	0	1832	0	1900	0	3998	0	3402	0	0	4680	0	3130	30930	1848	20120	0	28648	0	17754	0	3878	0	10056	0	0	0	198	0	0	0	0	0	148	368	16662	0	1312	0	0	0	0	0	0	132	512	0	212	0	334	0	0	0	5958	0	0	0	7362	0	0	0	0	0	0	0	0	0	0	0	0	0	0	0	0	0	0	0	0	196	0	0	0	0	0	
177112	Cuneus_L	192	0	0	0	0	0	0	0	0	0	0	0	0	0	0	0	0	0	0	0	0	0	0	0	0	0	0	0	0	0	0	0	862	0	2054	0	0	0	0	0	0	0	15716	3130	0	5192	4780	158	15968	1574	12792	206	1308	0	304	0	206	0	1312	0	112	0	0	0	0	0	15500	1508	2592	0	0	0	0	0	0	0	0	0	0	0	0	0	0	0	2572	0	0	0	518	0	0	0	0	0	0	0	0	0	0	0	0	0	0	0	0	0	0	0	0	0	0	0	0	0	0	0	
301064	Cuneus_R	224	358	0	110	0	0	0	0	0	0	0	0	0	0	0	0	0	0	116	1064	0	0	0	0	0	0	0	0	0	0	0	0	198	4144	286	2336	0	916	0	668	0	0	3972	30930	5192	0	326	4198	114	36678	0	14144	0	544	0	3242	0	0	0	2026	0	0	0	0	0	268	2942	21776	0	4398	0	0	0	0	0	0	0	282	0	0	0	318	0	0	0	5598	0	0	0	2724	0	0	0	0	0	0	0	0	0	0	0	0	0	0	0	0	0	0	0	0	440	0	0	0	0	0	
272180	Lingual_L	0	0	0	0	0	0	0	0	0	0	0	0	0	0	0	0	0	0	0	0	0	0	0	0	0	0	0	0	0	0	0	0	0	0	2186	836	4064	836	4692	122	0	0	14444	1848	4780	326	0	5048	4012	564	16834	494	11478	0	15610	318	0	0	0	0	0	0	0	0	0	0	7934	530	380	0	0	0	0	0	0	0	358	254	0	0	0	0	0	0	1340	0	0	0	1174	0	2768	958	0	0	102	0	8082	274	10450	1116	0	0	110	0	160	0	136	0	0	0	6112	4602	758	0	0	0	
352492	Lingual_R	0	146	0	256	0	0	0	0	0	0	0	0	0	0	0	0	0	0	0	336	0	0	0	0	0	0	0	0	0	148	0	0	0	330	164	3162	782	6530	442	6868	0	0	984	20120	158	4198	5048	0	0	5332	0	5486	0	4616	2374	20502	0	0	0	0	0	0	0	0	0	152	252	10932	0	334	0	0	0	0	0	0	446	1700	0	142	0	140	0	0	0	2382	0	0	0	5054	5082	4676	570	138	116	496	3736	4894	10816	10646	248	0	1202	0	1336	436	384	0	0	216	8716	11816	822	0	232	152	
143552	Occipital_Sup_L	0	0	0	0	0	0	0	0	0	0	0	0	0	0	0	0	0	0	0	0	0	0	0	0	0	0	0	0	0	0	0	0	1022	0	132	0	0	0	0	0	0	0	7298	0	15968	114	4012	0	0	0	24634	0	1696	0	958	0	0	0	4452	0	734	0	0	0	128	0	7102	0	3102	0	0	0	0	0	0	0	0	0	0	0	0	0	0	0	424	0	0	0	0	0	0	0	0	0	0	0	0	0	0	0	0	0	0	0	0	0	0	0	0	0	0	0	0	0	0	0	
303148	Occipital_Sup_R	190	320	0	0	0	0	0	0	0	0	0	0	0	0	0	0	0	0	100	1028	0	0	0	0	0	0	0	0	0	0	0	0	0	2822	0	1502	0	616	0	454	0	0	1984	28648	1574	36678	564	5332	0	0	0	25968	0	784	0	3456	0	134	0	3670	0	140	0	0	0	4560	592	14408	0	4282	0	0	0	0	0	0	0	208	0	0	0	630	0	0	0	7606	0	0	0	3162	0	0	0	0	0	0	0	0	0	0	0	0	0	0	0	0	0	0	0	0	162	0	0	0	0	0	
407200	Occipital_Mid_L	2472	0	282	0	0	0	0	0	0	0	0	0	0	0	0	0	614	0	0	0	0	0	0	0	0	0	0	0	594	0	0	0	622	0	332	0	292	0	466	0	0	0	21922	0	12792	0	16834	0	24634	0	0	0	20820	0	6784	0	3388	0	5134	0	11008	0	4420	0	18228	0	8370	0	4044	0	0	0	0	0	0	0	0	0	1470	0	2422	0	0	0	27964	0	0	0	7356	0	0	0	0	0	0	0	122	0	110	0	0	0	0	0	0	0	0	0	0	0	104	0	0	0	0	0	
240308	Occipital_Mid_R	0	246	0	0	0	0	0	0	0	0	0	0	0	0	0	0	0	0	0	566	0	0	0	0	0	0	0	0	0	0	0	0	0	1690	0	828	0	100	0	0	0	0	420	17754	206	14144	494	5486	0	25968	0	0	0	3648	0	3806	0	0	0	1018	0	1004	0	302	0	10534	164	8138	0	2180	0	0	0	0	0	0	0	0	0	0	0	1174	0	0	0	15990	0	0	0	4294	0	0	0	0	0	0	0	0	0	0	0	0	0	0	0	0	0	0	0	0	0	0	0	0	0	0	
179776	Occipital_Inf_L	2830	0	270	0	0	0	0	0	0	0	0	0	0	0	0	0	156	0	136	0	0	0	0	0	0	0	0	0	552	0	0	0	0	0	1132	0	2022	0	1048	0	0	0	6164	0	1308	0	11478	0	1696	0	20820	0	0	0	16252	0	848	0	0	0	460	0	104	0	156	0	2554	0	650	0	0	0	0	0	0	0	0	0	1116	0	342	0	0	0	5150	0	0	0	11514	0	100	0	0	0	0	0	354	0	354	0	0	0	0	0	0	0	0	0	0	0	322	0	0	0	0	0	
67564	Occipital_Inf_R	0	0	0	0	0	0	0	0	0	0	0	0	0	0	0	0	0	0	0	0	0	0	0	0	0	0	0	0	0	0	0	0	0	0	0	174	0	702	0	626	0	0	0	3878	0	544	0	4616	0	784	0	3648	0	0	0	6830	0	0	0	0	0	0	0	0	0	0	0	842	0	0	0	0	0	0	0	0	0	0	0	0	0	0	0	0	0	1194	0	0	0	4404	154	556	0	0	0	0	200	126	840	1564	0	0	0	0	470	0	146	0	0	0	250	1234	0	0	0	0	
331808	Fusiform_L	1126	0	142	0	0	0	0	0	0	0	0	0	0	0	138	0	116	0	0	0	390	140	0	0	0	0	0	118	4228	0	134	126	0	0	516	144	12458	224	6792	0	4712	0	1504	0	304	0	15610	2374	958	0	6784	0	16252	0	0	206	340	0	0	0	212	0	0	0	0	0	1058	0	274	0	250	108	1474	0	0	0	240	138	582	0	2576	0	2060	0	3942	0	440	0	17004	0	15008	470	380	0	0	0	11636	274	21536	1114	0	0	0	0	0	0	0	0	0	154	4874	3924	340	0	0	0	
402820	Fusiform_R	736	1132	790	1458	0	0	0	0	0	0	0	0	0	0	0	0	0	0	688	2854	0	0	0	0	0	0	0	0	0	3622	0	0	0	1922	294	1572	438	28796	228	24412	0	6666	0	10056	0	3242	318	20502	0	3456	0	3806	0	6830	206	0	0	0	0	0	0	0	0	0	0	0	150	3448	252	438	114	600	0	3426	0	468	392	2350	0	620	0	1246	0	3170	0	2388	0	2108	0	23148	544	5634	0	0	0	658	348	5968	2024	10538	0	0	202	0	776	0	198	0	0	0	2882	3086	210	0	0	0	
296904	Postcentral_L	33022	98	7922	556	0	0	1964	0	0	0	4580	98	1280	0	0	0	11038	0	6432	1202	0	0	204	0	0	0	0	0	4718	176	104	0	220	120	994	460	790	458	0	0	0	0	0	0	206	0	0	0	0	0	3388	0	848	0	340	0	0	268	5372	0	28310	0	11574	0	1974	0	3162	0	5982	0	346	168	926	0	0	0	688	106	2530	0	2622	0	0	0	2134	0	0	0	1072	0	0	0	0	0	0	0	0	0	0	0	0	0	0	0	0	0	0	0	0	0	0	0	0	0	0	0	
138376	Postcentral_R	438	12024	724	4254	0	0	0	942	0	0	0	958	0	104	0	0	0	3222	904	4458	0	0	0	0	0	0	0	0	168	1308	0	0	0	2108	0	458	0	114	0	0	0	0	0	0	0	0	0	0	0	134	0	0	0	0	0	0	268	0	0	6188	0	5852	0	8970	0	2218	154	1220	0	5428	116	0	0	418	0	0	0	0	158	722	0	2588	0	0	0	1568	0	0	0	1002	0	0	0	0	0	0	0	0	0	0	0	0	0	0	0	0	0	0	0	0	0	0	0	0	0	0	
72848	Parietal_Sup_L	136	0	0	0	0	0	0	0	0	0	0	0	0	0	0	0	0	0	0	0	0	0	0	0	0	0	0	0	0	0	0	0	532	0	0	0	0	0	0	0	0	0	0	0	1312	0	0	0	4452	0	5134	0	0	0	0	0	5372	0	0	0	6462	0	390	0	1140	0	9206	0	1098	0	0	0	0	0	0	0	0	0	0	0	450	0	0	0	480	0	0	0	260	0	0	0	0	0	0	0	0	0	0	0	0	0	0	0	0	0	0	0	0	0	0	0	0	0	0	0	
81060	Parietal_Sup_R	112	376	0	110	0	0	0	0	0	0	0	0	0	0	0	0	0	0	0	416	0	0	0	0	0	0	0	0	0	0	0	0	0	210	0	0	0	0	0	0	0	0	0	198	0	2026	0	0	0	3670	0	1018	0	0	0	0	0	6188	0	0	0	7368	0	3116	0	4990	1876	6978	0	1290	0	0	0	0	0	0	0	0	0	0	0	312	0	0	0	158	0	0	0	118	0	0	0	0	0	0	0	0	0	0	0	0	0	0	0	0	0	0	0	0	0	0	0	0	0	0	
222576	Parietal_Inf_L	8128	0	1048	0	0	0	140	0	0	0	548	0	0	0	0	0	2018	0	922	0	0	0	0	0	0	0	0	0	864	0	0	0	0	0	386	0	0	0	0	0	0	0	114	0	112	0	0	0	734	0	11008	0	460	0	212	0	28310	0	6462	0	0	0	19998	0	19018	0	646	0	1360	0	0	0	0	0	0	0	188	0	356	0	3938	0	0	0	3670	0	0	0	648	0	0	0	0	0	0	0	0	0	0	0	0	0	0	0	0	0	0	0	0	0	0	0	0	0	0	0	
76156	Parietal_Inf_R	0	658	0	344	0	0	0	110	0	0	0	112	0	0	0	0	0	0	0	190	0	0	0	0	0	0	0	0	0	0	0	0	0	0	0	0	0	0	0	0	0	0	0	0	0	0	0	0	0	140	0	1004	0	0	0	0	0	5852	0	7368	0	0	0	10800	0	8702	0	0	0	0	0	0	0	0	0	0	0	0	0	132	0	1238	0	0	0	872	0	0	0	556	0	0	0	0	0	0	0	0	0	0	0	0	0	0	0	0	0	0	0	0	0	0	0	0	0	0	
143192	SupraMarginal_L	1532	0	152	0	0	0	0	0	0	0	0	0	0	0	0	0	2710	0	140	0	0	0	0	0	0	0	0	0	0	0	0	0	0	0	0	0	0	0	0	0	0	0	0	0	0	0	0	0	0	0	4420	0	104	0	0	0	11574	0	390	0	19998	0	0	0	15272	0	134	0	688	0	0	0	0	0	0	0	0	0	134	0	7242	0	0	0	6830	0	0	0	276	0	0	0	0	0	0	0	0	0	0	0	0	0	0	0	0	0	0	0	0	0	0	0	0	0	0	0	
85648	SupraMarginal_R	0	1914	144	646	0	0	0	302	0	0	0	322	0	0	0	0	0	1884	184	502	0	0	0	0	0	0	0	0	0	114	0	0	0	0	0	0	0	0	0	0	0	0	0	0	0	0	0	0	0	0	0	302	0	0	0	0	0	8970	0	3116	0	10800	0	0	0	6154	0	0	0	0	0	0	0	0	0	0	0	0	0	400	0	3566	0	0	0	2568	0	0	0	936	0	0	0	0	0	0	0	0	0	0	0	0	0	0	0	0	0	0	0	0	0	0	0	0	0	0	
149960	Angular_L	576	0	0	0	0	0	0	0	0	0	0	0	0	0	0	0	388	0	0	0	0	0	0	0	0	0	0	0	372	0	0	0	0	0	0	0	0	0	0	0	0	0	160	0	0	0	0	0	128	0	18228	0	156	0	0	0	1974	0	1140	0	19018	0	15272	0	0	0	206	0	496	0	0	0	0	0	0	0	0	0	332	0	5852	0	0	0	10008	0	0	0	674	0	0	0	0	0	0	0	0	0	0	0	0	0	0	0	0	0	0	0	0	0	0	0	0	0	0	0	
94976	Angular_R	0	0	0	0	0	0	0	0	0	0	0	0	0	0	0	0	0	0	0	0	0	0	0	0	0	0	0	0	0	0	0	0	0	0	0	0	0	0	0	0	0	0	0	148	0	268	0	152	0	4560	0	10534	0	0	0	0	0	2218	0	4990	0	8702	0	6154	0	0	158	1034	0	268	0	0	0	0	0	0	0	0	0	0	0	2560	0	0	0	4928	0	0	0	814	0	0	0	0	0	0	0	0	0	0	0	0	0	0	0	0	0	0	0	0	0	0	0	0	0	0	
237048	Precuneus_L	1196	0	0	0	0	0	0	0	0	0	0	0	0	0	0	0	0	0	246	104	0	0	0	0	0	0	0	0	312	0	0	0	3938	818	7690	2170	3096	812	710	238	0	0	15788	368	15500	2942	7934	252	7102	592	8370	164	2554	0	1058	150	3162	154	9206	1876	646	0	134	0	206	158	0	8162	5788	332	0	0	0	0	0	0	0	0	320	0	102	0	0	0	2748	0	0	0	1100	0	0	0	0	0	0	0	0	0	0	0	0	0	0	0	0	0	0	0	0	0	326	0	0	0	0	0	
315580	Precuneus_R	354	394	0	0	0	0	0	0	0	0	0	0	0	0	0	0	0	0	168	2782	0	0	0	0	0	0	0	0	0	0	0	0	1036	10228	2318	13302	1522	5138	442	2498	0	0	160	16662	1508	21776	530	10932	0	14408	0	8138	0	842	0	3448	0	1220	0	6978	0	0	0	0	0	1034	8162	0	0	8848	0	0	0	0	0	0	178	590	0	0	0	270	0	0	0	5084	0	0	0	5052	0	0	0	0	0	0	0	0	0	0	0	0	0	0	0	0	0	0	0	0	1788	0	0	0	0	0	
142220	Paracentral_Lobule_L	9158	600	4096	734	0	0	0	0	0	0	0	0	0	0	0	0	294	0	6790	3258	0	0	0	0	0	0	0	0	206	0	0	0	6660	2552	2412	206	140	324	0	0	0	0	898	0	2592	0	380	0	3102	0	4044	0	650	0	274	252	5982	0	1098	0	1360	0	688	0	496	0	5788	0	0	816	256	0	0	0	100	0	1324	0	0	0	482	0	0	0	1984	0	0	0	734	380	0	0	0	0	0	0	0	0	0	0	0	0	0	0	0	0	0	0	0	0	0	0	0	0	0	0	
152908	Paracentral_Lobule_R	1370	5910	298	350	0	0	0	0	0	0	0	0	0	0	0	0	0	0	110	13834	0	0	0	0	0	0	0	0	0	0	0	0	118	11704	760	2836	0	448	0	212	0	0	0	1312	0	4398	0	334	0	4282	0	2180	0	0	0	438	0	5428	0	1290	0	0	0	0	0	268	332	8848	816	0	0	0	0	0	0	0	0	218	0	496	0	3118	0	0	0	2888	0	0	0	1858	0	0	0	0	0	0	0	0	0	0	0	0	0	0	0	0	0	0	0	0	0	0	0	0	0	0	
409448	Caudate_L	2020	342	8002	2550	6982	228	158	0	442	0	1504	3342	868	0	5166	0	5340	854	9350	2762	9798	9004	488	120	570	1230	6648	3358	17508	5176	9692	6964	0	322	0	130	1260	370	176	0	1346	0	0	0	0	0	0	0	0	0	0	0	0	0	250	114	346	116	0	0	0	0	0	0	0	0	0	0	256	0	0	18990	25618	8630	6936	1230	12896	2264	2160	0	218	0	396	0	0	0	0	0	0	234	0	0	0	0	0	0	0	0	0	0	0	0	0	0	0	0	0	0	0	0	0	0	0	0	0	0	
406288	Caudate_R	936	100	4962	11232	156	1810	0	102	0	0	918	3272	172	624	128	196	1594	598	5596	21832	3214	9022	224	2956	0	3292	0	4608	4190	9578	11696	23144	0	1160	122	100	432	882	0	0	714	0	0	0	0	0	0	0	0	0	0	0	0	0	108	600	168	0	0	0	0	0	0	0	0	0	0	0	0	0	18990	0	8926	26146	1440	3548	758	11024	734	0	0	0	0	114	0	0	0	0	0	1026	0	0	0	0	0	0	0	0	0	0	0	0	0	0	0	0	0	0	0	0	0	0	0	0	0	0	
442080	Putamen_L	4510	228	31158	468	5390	200	6256	0	624	0	978	252	438	0	4074	0	322	206	23744	768	6012	7592	1336	0	852	850	2436	3014	21688	918	11200	4908	0	0	0	0	11196	0	2264	0	1624	0	0	0	0	0	0	0	0	0	0	0	0	0	1474	0	926	0	0	0	0	0	0	0	0	0	0	0	0	0	25618	8926	0	4636	13076	446	9372	144	150	0	226	0	242	0	0	0	0	0	298	0	0	0	0	0	0	0	0	0	0	0	0	0	0	0	0	0	0	0	0	0	0	0	0	0	0	0	
354936	Putamen_R	124	622	3102	12412	0	1044	0	2416	0	0	262	1812	0	784	0	436	404	2548	4106	10128	932	3830	298	5036	0	3252	0	2608	1698	25116	6760	18984	0	280	0	0	262	7452	0	3178	564	980	0	0	0	0	0	0	0	0	0	0	0	0	0	3426	0	418	0	0	0	0	0	0	0	0	0	0	0	0	8630	26146	4636	0	842	5092	0	4888	188	746	0	302	0	0	0	112	0	0	0	612	0	0	0	0	0	0	0	0	0	0	0	0	0	0	0	0	0	0	0	0	0	0	0	0	0	0	
101844	Pallidum_L	1348	202	7486	228	432	0	1560	0	0	0	0	0	0	0	196	0	636	0	7592	302	0	736	0	0	0	0	202	0	1076	118	236	218	0	0	0	0	1644	0	0	0	0	0	0	0	0	0	0	0	0	0	0	0	0	0	0	0	0	0	0	0	0	0	0	0	0	0	0	0	100	0	6936	1440	13076	842	0	402	3800	0	114	0	0	0	0	0	0	0	0	0	0	0	0	0	0	0	0	0	0	0	0	0	0	0	0	0	0	0	0	0	0	0	0	0	0	0	0	0	
50004	Pallidum_R	0	0	634	3910	0	0	0	0	0	0	0	0	0	0	0	0	0	152	1220	4052	0	0	0	0	0	0	0	0	160	620	154	374	0	0	0	0	0	1086	0	816	0	0	0	0	0	0	0	0	0	0	0	0	0	0	0	468	0	0	0	0	0	0	0	0	0	0	0	0	0	0	1230	3548	446	5092	402	0	0	638	0	0	0	0	0	0	0	0	0	0	0	0	0	0	0	0	0	0	0	0	0	0	0	0	0	0	0	0	0	0	0	0	0	0	0	0	0	0	
254616	Thalamus_L	15350	470	20554	1594	0	0	2604	0	0	0	264	444	140	0	0	0	2252	0	18790	3194	0	0	140	0	0	0	0	0	4426	474	0	0	0	382	256	1134	8632	2216	2150	648	0	0	0	132	0	0	358	446	0	0	0	0	0	0	240	392	688	0	0	0	188	0	0	0	0	0	0	178	1324	0	12896	758	9372	0	3800	0	0	8570	910	0	170	0	0	0	0	154	0	0	188	430	0	0	0	0	0	0	0	0	0	0	0	0	0	0	0	0	0	0	0	0	0	0	0	0	0	0	
222988	Thalamus_R	1358	898	1892	12980	0	0	0	570	0	0	0	532	0	0	0	0	160	318	1938	28430	0	136	0	0	0	0	0	0	566	1764	0	168	0	1306	1440	1998	3056	10622	1150	2816	0	0	0	512	0	282	254	1700	0	208	0	0	0	0	138	2350	106	0	0	0	0	0	0	0	0	0	0	590	0	218	2264	11024	144	4888	0	638	8570	0	318	200	0	186	0	0	0	458	0	0	0	2156	0	0	0	0	0	0	0	192	0	0	0	0	0	0	0	0	0	0	0	0	0	0	0	0	0	0	
179284	Heschl_L	4618	356	5560	1504	0	0	786	1158	0	0	1874	2500	482	106	0	0	5938	572	4870	912	0	0	458	0	0	0	0	0	20424	2080	1154	900	252	0	1280	1424	2972	616	0	0	0	0	130	0	0	0	0	0	0	0	1470	0	1116	0	582	0	2530	158	0	0	356	0	134	0	332	0	320	0	0	0	2160	734	150	188	114	0	910	318	0	0	5324	0	140	0	6254	0	0	0	3426	0	0	0	0	0	0	0	0	0	0	0	0	0	0	0	0	0	0	0	0	0	0	0	0	0	0	0	
65620	Heschl_R	0	158	464	1916	0	0	0	0	0	0	0	0	0	0	0	0	0	6368	486	2558	0	0	0	0	0	0	0	0	0	3828	0	0	0	294	182	196	186	1540	0	704	0	0	0	212	0	0	0	142	0	0	0	0	0	0	0	620	0	722	0	0	0	132	0	400	0	0	0	0	0	496	0	0	0	746	0	0	0	200	0	0	0	7356	0	0	0	1214	0	0	0	1690	0	0	0	0	0	0	0	0	0	0	0	0	0	0	0	0	0	0	0	0	0	0	0	0	0	0	
195168	Temporal_Sup_L	1744	0	1000	0	0	0	230	0	0	0	1212	240	250	0	0	0	3822	0	816	0	0	0	0	0	0	0	0	0	4726	322	188	0	0	0	102	120	2998	0	298	0	0	0	0	0	0	0	0	0	0	0	2422	0	342	0	2576	0	2622	0	450	0	3938	0	7242	0	5852	0	102	0	482	0	218	0	226	0	0	0	170	0	5324	0	0	0	3500	0	30174	0	0	0	13876	0	0	0	0	0	0	0	0	0	0	0	0	0	0	0	0	0	0	0	0	0	0	0	0	0	0	0	
161240	Temporal_Sup_R	220	1010	140	2080	0	0	0	930	0	0	0	2344	0	258	0	0	0	5072	230	3044	0	0	0	0	0	0	0	0	134	9160	0	0	0	1922	0	0	0	2414	0	706	0	0	0	334	0	318	0	140	0	630	0	1174	0	0	0	1246	0	2588	0	312	0	1238	0	3566	0	2560	0	270	0	3118	0	0	0	302	0	0	0	186	0	7356	0	0	0	4842	0	16184	0	158	0	4434	0	0	0	0	0	0	0	0	0	0	0	0	0	0	0	0	0	0	0	0	0	0	0	0	0	0	
56556	Temporal_Pole_Sup_L	0	0	286	0	474	0	102	0	0	0	1170	120	502	0	1468	0	1012	0	0	0	252	0	0	0	0	0	338	0	2732	124	138	0	0	0	0	0	594	0	380	0	494	0	0	0	0	0	0	0	0	0	0	0	0	0	2060	0	0	0	0	0	0	0	0	0	0	0	0	0	0	0	396	0	242	0	0	0	0	0	140	0	3500	0	0	0	4546	0	1698	0	5510	0	0	0	0	0	0	0	0	0	0	0	0	0	0	0	0	0	0	0	0	0	0	0	0	0	0	0	
69872	Temporal_Pole_Sup_R	0	0	0	1828	0	0	0	902	0	0	0	2520	0	254	0	0	0	3026	160	678	0	0	0	0	0	0	0	0	108	3660	0	0	0	142	0	0	0	428	0	1716	0	1984	0	0	0	0	0	0	0	0	0	0	0	0	0	3170	0	0	0	0	0	0	0	0	0	0	0	0	0	0	0	114	0	0	0	0	0	0	0	0	0	4842	0	0	0	2090	0	4190	0	3124	0	0	0	0	0	0	0	0	0	0	0	0	0	0	0	0	0	0	0	0	0	0	0	0	0	0	
323472	Temporal_Mid_L	2638	0	400	0	0	0	0	0	0	0	158	0	0	0	0	0	1168	0	238	0	0	0	0	0	0	0	0	0	1904	0	0	0	312	0	468	188	1942	136	0	0	0	0	3434	0	2572	0	1340	0	424	0	27964	0	5150	0	3942	0	2134	0	480	0	3670	0	6830	0	10008	0	2748	0	1984	0	0	0	0	0	0	0	0	0	6254	0	30174	0	4546	0	0	0	2646	0	35884	0	0	0	0	0	0	0	0	0	0	0	0	0	0	0	0	0	0	0	0	0	0	0	0	0	0	0	
245548	Temporal_Mid_R	398	1342	256	670	0	0	0	144	0	0	0	300	0	0	0	0	0	582	334	2686	0	0	0	0	0	0	0	0	0	5320	0	0	0	1888	0	746	0	1698	0	406	0	800	0	5958	0	5598	0	2382	0	7606	0	15990	0	1194	0	2388	0	1568	0	158	0	872	0	2568	0	4928	0	5084	0	2888	0	0	0	112	0	0	154	458	0	1214	0	16184	0	2090	0	0	0	2682	0	23128	0	0	0	0	0	0	0	0	0	0	0	0	0	0	0	0	0	0	0	0	0	0	0	0	0	0	
16196	Temporal_Pole_Mid_L	0	0	0	0	0	0	0	0	0	0	0	0	0	0	0	0	0	0	0	0	0	0	0	0	0	0	0	0	154	0	0	0	0	0	0	0	0	0	204	0	0	0	0	0	0	0	0	0	0	0	0	0	0	0	440	0	0	0	0	0	0	0	0	0	0	0	0	0	0	0	0	0	0	0	0	0	0	0	0	0	0	0	1698	0	2646	0	0	0	2956	0	0	0	0	0	0	0	0	0	0	0	0	0	0	0	0	0	0	0	0	0	0	0	0	0	0	0	
32036	Temporal_Pole_Mid_R	0	0	0	0	0	0	0	0	0	0	0	0	0	0	0	0	0	0	0	0	0	0	0	0	0	0	0	0	0	0	0	0	0	0	0	0	0	278	0	1174	0	994	0	0	0	0	0	0	0	0	0	0	0	0	0	2108	0	0	0	0	0	0	0	0	0	0	0	0	0	0	0	0	0	0	0	0	0	0	0	0	0	158	0	4190	0	2682	0	0	0	4434	0	0	0	0	0	0	0	0	0	0	0	0	0	0	0	0	0	0	0	0	0	0	0	0	0	0	
252932	Temporal_Inf_L	1710	0	476	106	0	0	126	0	0	0	0	0	0	0	0	0	790	0	376	112	0	0	0	0	0	0	0	0	2954	0	0	0	0	0	956	482	8714	278	1444	0	1022	0	1108	0	518	0	1174	0	0	0	7356	0	11514	0	17004	0	1072	0	260	0	648	0	276	0	674	0	1100	0	734	0	0	0	298	0	0	0	188	0	3426	0	13876	0	5510	0	35884	0	2956	0	0	0	850	0	0	0	0	0	0	0	494	0	0	0	0	0	0	0	0	0	0	0	0	0	0	0	0	0	
309056	Temporal_Inf_R	1318	2520	1178	1848	0	0	442	0	0	0	0	0	0	0	0	0	0	0	1050	5790	0	0	0	0	0	0	0	0	0	5040	0	0	0	3400	162	2294	0	15906	0	8324	0	3012	0	7362	0	2724	0	5054	0	3162	0	4294	0	4404	0	23148	0	1002	0	118	0	556	0	936	0	814	0	5052	380	1858	234	1026	0	612	0	0	430	2156	0	1690	0	4434	0	3124	0	23128	0	4434	0	0	0	112	0	0	0	0	0	0	0	0	0	0	0	0	0	0	0	0	0	0	0	0	0	0	0	0	
400708	Cerebelum_Crus1_L	0	0	0	0	0	0	0	0	0	0	0	0	0	0	0	0	0	0	0	0	0	0	0	0	0	0	0	0	0	0	0	0	0	0	0	0	0	0	0	0	0	0	0	0	0	0	2768	5082	0	0	0	0	100	154	15008	544	0	0	0	0	0	0	0	0	0	0	0	0	0	0	0	0	0	0	0	0	0	0	0	0	0	0	0	0	0	0	0	0	850	0	0	3108	28062	6912	358	0	16176	578	50954	3870	9398	2250	18946	4026	5068	460	246	106	276	558	4030	8616	9470	1550	830	0	
344732	Cerebelum_Crus1_R	0	0	0	0	0	0	0	0	0	0	0	0	0	0	0	0	0	0	0	0	0	0	0	0	0	0	0	0	0	0	0	0	0	0	0	0	0	0	0	0	0	0	0	0	0	0	958	4676	0	0	0	0	0	556	470	5634	0	0	0	0	0	0	0	0	0	0	0	0	0	0	0	0	0	0	0	0	0	0	0	0	0	0	0	0	0	0	0	0	0	112	3108	0	880	24904	0	5094	1040	18238	3678	46886	142	1676	284	24748	470	4450	0	1420	556	1804	5114	5696	6712	1702	1358	0	
309676	Cerebelum_Crus2_L	0	0	0	0	0	0	0	0	0	0	0	0	0	0	0	0	0	0	0	0	0	0	0	0	0	0	0	0	0	0	0	0	0	0	0	0	0	0	0	0	0	0	0	0	0	0	0	570	0	0	0	0	0	0	380	0	0	0	0	0	0	0	0	0	0	0	0	0	0	0	0	0	0	0	0	0	0	0	0	0	0	0	0	0	0	0	0	0	0	0	28062	880	0	15214	0	0	148	0	3538	420	32276	10736	31172	6306	5394	442	168	0	0	0	0	922	13992	3898	320	0	
296276	Cerebelum_Crus2_R	0	0	0	0	0	0	0	0	0	0	0	0	0	0	0	0	0	0	0	0	0	0	0	0	0	0	0	0	0	0	0	0	0	0	0	0	0	0	0	0	0	0	0	0	0	0	0	138	0	0	0	0	0	0	0	0	0	0	0	0	0	0	0	0	0	0	0	0	0	0	0	0	0	0	0	0	0	0	0	0	0	0	0	0	0	0	0	0	0	0	6912	24904	15214	0	0	160	0	1110	1216	5350	8294	18756	6108	32218	696	3496	0	100	0	0	0	480	17422	4522	1042	0	
18368	Cerebelum_3_L	0	0	0	0	0	0	0	0	0	0	0	0	0	0	0	0	0	0	0	0	0	0	0	0	0	0	0	0	0	0	0	0	0	0	0	0	0	0	0	0	0	0	0	0	0	0	102	116	0	0	0	0	0	0	0	0	0	0	0	0	0	0	0	0	0	0	0	0	0	0	0	0	0	0	0	0	0	0	0	0	0	0	0	0	0	0	0	0	0	0	358	0	0	0	0	0	3198	0	1142	104	0	0	0	0	362	0	0	0	962	1430	1172	134	0	0	104	0	
55084	Cerebelum_3_R	0	0	0	0	0	0	0	0	0	0	0	0	0	0	0	0	0	0	0	0	0	0	0	0	0	0	0	0	0	0	0	0	0	0	0	0	0	0	0	0	0	0	0	0	0	0	0	496	0	0	0	0	0	0	0	658	0	0	0	0	0	0	0	0	0	0	0	0	0	0	0	0	0	0	0	0	0	0	0	0	0	0	0	0	0	0	0	0	0	0	0	5094	0	160	0	0	270	6602	100	7144	0	0	0	0	0	0	0	0	1186	4102	1730	0	0	0	0	0	
244732	Cerebelum_4_5_L	0	0	0	0	0	0	0	0	0	0	0	0	0	0	0	0	0	0	0	0	0	0	0	0	0	0	0	0	0	0	0	0	0	0	0	0	0	0	0	0	0	0	0	0	0	0	8082	3736	0	0	122	0	354	200	11636	348	0	0	0	0	0	0	0	0	0	0	0	0	0	0	0	0	0	0	0	0	0	0	0	0	0	0	0	0	0	0	0	0	0	0	16176	1040	148	0	3198	270	0	1752	31814	2628	764	0	1674	0	6026	1496	1934	196	1206	2106	17538	4570	0	670	1922	760	
171116	Cerebelum_4_5_R	0	0	0	0	0	0	0	0	0	0	0	0	0	0	0	0	0	0	0	0	0	0	0	0	0	0	0	0	0	0	0	0	0	0	0	0	0	1378	0	1888	0	0	0	0	0	0	274	4894	0	0	0	0	0	126	274	5968	0	0	0	0	0	0	0	0	0	0	0	0	0	0	0	0	0	0	0	0	0	192	0	0	0	0	0	0	0	0	0	0	0	0	578	18238	0	1110	0	6602	1752	0	960	24840	0	0	0	452	0	1132	0	0	802	2240	10728	356	106	0	172	496	
435096	Cerebelum_6_L	0	0	0	0	0	0	0	0	0	0	0	0	0	0	0	0	0	0	0	0	0	0	0	0	0	0	0	0	0	0	0	0	0	0	0	0	0	0	0	0	0	0	0	0	0	0	10450	10816	0	0	110	0	354	840	21536	2024	0	0	0	0	0	0	0	0	0	0	0	0	0	0	0	0	0	0	0	0	0	0	0	0	0	0	0	0	0	0	0	0	494	0	50954	3678	3538	1216	1142	100	31814	960	0	7552	4236	374	11322	936	7240	870	2622	222	502	1044	14400	18268	4080	1578	2094	182	
353756	Cerebelum_6_R	0	0	0	0	0	0	0	0	0	0	0	0	0	0	0	0	0	0	0	0	0	0	0	0	0	0	0	0	0	0	0	0	0	0	0	0	0	0	0	0	0	0	0	0	0	0	1116	10646	0	0	0	0	0	1564	1114	10538	0	0	0	0	0	0	0	0	0	0	0	0	0	0	0	0	0	0	0	0	0	0	0	0	0	0	0	0	0	0	0	0	0	0	3870	46886	420	5350	104	7144	2628	24840	7552	0	0	354	764	8268	1598	3600	406	2836	1218	3168	12356	12092	3278	1426	1606	136	
238752	Cerebelum_7b_L	0	0	0	0	0	0	0	0	0	0	0	0	0	0	0	0	0	0	0	0	0	0	0	0	0	0	0	0	0	0	0	0	0	0	0	0	0	0	0	0	0	0	0	0	0	0	0	248	0	0	0	0	0	0	0	0	0	0	0	0	0	0	0	0	0	0	0	0	0	0	0	0	0	0	0	0	0	0	0	0	0	0	0	0	0	0	0	0	0	0	9398	142	32276	8294	0	0	764	0	4236	0	0	7302	31372	6878	3598	540	378	0	0	0	550	156	7088	5640	516	0	
160020	Cerebelum_7b_R	0	0	0	0	0	0	0	0	0	0	0	0	0	0	0	0	0	0	0	0	0	0	0	0	0	0	0	0	0	0	0	0	0	0	0	0	0	0	0	0	0	0	0	0	0	0	0	0	0	0	0	0	0	0	0	0	0	0	0	0	0	0	0	0	0	0	0	0	0	0	0	0	0	0	0	0	0	0	0	0	0	0	0	0	0	0	0	0	0	0	2250	1676	10736	18756	0	0	0	0	374	354	7302	0	4474	18088	206	1316	0	0	0	0	0	0	9172	5084	222	0	
297708	Cerebelum_8_L	0	0	0	0	0	0	0	0	0	0	0	0	0	0	0	0	0	0	0	0	0	0	0	0	0	0	0	0	0	0	0	0	0	0	0	0	0	0	0	0	0	0	0	0	0	0	110	1202	0	0	0	0	0	0	0	202	0	0	0	0	0	0	0	0	0	0	0	0	0	0	0	0	0	0	0	0	0	0	0	0	0	0	0	0	0	0	0	0	0	0	18946	284	31172	6108	0	0	1674	0	11322	764	31372	4474	0	7544	12862	1978	832	0	0	0	664	1730	6528	6924	2162	0	
280672	Cerebelum_8_R	0	0	0	0	0	0	0	0	0	0	0	0	0	0	0	0	0	0	0	0	0	0	0	0	0	0	0	0	0	0	0	0	0	0	0	0	0	0	0	0	0	0	0	0	0	0	0	0	0	0	0	0	0	0	0	0	0	0	0	0	0	0	0	0	0	0	0	0	0	0	0	0	0	0	0	0	0	0	0	0	0	0	0	0	0	0	0	0	0	0	4026	24748	6306	32218	0	0	0	452	936	8268	6878	18088	7544	0	670	10368	0	542	0	0	0	316	9494	7886	1596	0	
135240	Cerebelum_9_L	0	0	0	0	0	0	0	0	0	0	0	0	0	0	0	0	0	0	0	0	0	0	0	0	0	0	0	0	0	0	0	0	0	0	0	0	0	0	0	0	0	0	0	0	0	0	160	1336	0	0	0	0	0	470	0	776	0	0	0	0	0	0	0	0	0	0	0	0	0	0	0	0	0	0	0	0	0	0	0	0	0	0	0	0	0	0	0	0	0	0	5068	470	5394	696	362	0	6026	0	7240	1598	3598	206	12862	670	0	1956	4854	116	258	276	3422	4110	1088	1392	3112	104	
106792	Cerebelum_9_R	0	0	0	0	0	0	0	0	0	0	0	0	0	0	0	0	0	0	0	0	0	0	0	0	0	0	0	0	0	0	0	0	0	0	0	0	0	0	0	0	0	0	0	0	0	0	0	436	0	0	0	0	0	0	0	0	0	0	0	0	0	0	0	0	0	0	0	0	0	0	0	0	0	0	0	0	0	0	0	0	0	0	0	0	0	0	0	0	0	0	460	4450	442	3496	0	0	1496	1132	870	3600	540	1316	1978	10368	1956	0	394	1584	376	170	3986	3322	1668	2500	5616	1240	
32804	Cerebelum_10_L	0	0	0	0	0	0	0	0	0	0	0	0	0	0	0	0	0	0	0	0	0	0	0	0	0	0	0	0	0	0	0	0	0	0	0	0	0	0	0	0	0	0	0	0	0	0	136	384	0	0	0	0	0	146	0	198	0	0	0	0	0	0	0	0	0	0	0	0	0	0	0	0	0	0	0	0	0	0	0	0	0	0	0	0	0	0	0	0	0	0	246	0	168	0	0	0	1934	0	2622	406	378	0	832	0	4854	394	0	106	0	0	1442	1138	0	416	602	0	
22236	Cerebelum_10_R	0	0	0	0	0	0	0	0	0	0	0	0	0	0	0	0	0	0	0	0	0	0	0	0	0	0	0	0	0	0	0	0	0	0	0	0	0	0	0	0	0	0	0	0	0	0	0	0	0	0	0	0	0	0	0	0	0	0	0	0	0	0	0	0	0	0	0	0	0	0	0	0	0	0	0	0	0	0	0	0	0	0	0	0	0	0	0	0	0	0	106	1420	0	100	0	0	196	0	222	2836	0	0	0	542	116	1584	106	0	0	0	1384	1472	332	148	554	0	
28896	Vermis_1_2	0	0	0	0	0	0	0	0	0	0	0	0	0	0	0	0	0	0	0	0	0	0	0	0	0	0	0	0	0	0	0	0	0	0	0	0	0	0	0	0	0	0	0	0	0	0	0	0	0	0	0	0	0	0	0	0	0	0	0	0	0	0	0	0	0	0	0	0	0	0	0	0	0	0	0	0	0	0	0	0	0	0	0	0	0	0	0	0	0	0	276	556	0	0	962	1186	1206	802	502	1218	0	0	0	0	258	376	0	0	0	5416	1588	102	0	0	0	0	
51188	Vermis_3	0	0	0	0	0	0	0	0	0	0	0	0	0	0	0	0	0	0	0	0	0	0	0	0	0	0	0	0	0	0	0	0	0	0	0	0	0	0	0	0	0	0	0	0	0	0	0	216	0	0	0	0	0	0	154	0	0	0	0	0	0	0	0	0	0	0	0	0	0	0	0	0	0	0	0	0	0	0	0	0	0	0	0	0	0	0	0	0	0	0	558	1804	0	0	1430	4102	2106	2240	1044	3168	0	0	0	0	276	170	0	0	5416	0	2910	0	0	0	0	0	
248776	Vermis_4_5	0	0	0	0	0	0	0	0	0	0	0	0	0	0	0	0	0	0	0	0	0	0	0	0	0	0	0	0	0	0	0	0	0	0	98	740	0	606	0	0	0	0	0	196	0	440	6112	8716	0	162	104	0	322	250	4874	2882	0	0	0	0	0	0	0	0	0	0	326	1788	0	0	0	0	0	0	0	0	0	0	0	0	0	0	0	0	0	0	0	0	0	0	4030	5114	0	0	1172	1730	17538	10728	14400	12356	550	0	664	0	3422	3986	1442	1384	1588	2910	0	8754	0	648	2690	1666	
