data	data	569532	223280	1.14035e+06	960820	130960	128380	520644	222488	78008	26820	314064	166336	368620	87176	161564	50156	248932	95804	872340	885880	67792	73060	397820	351584	29952	99300	27872	49360	801548	270364	222268	394996	162080	506968	154816	216208	303712	309832	59864	137560	22348	42448	156972	267676	171004	305488	136476	258072	205340	349992	372228	201388	117172	94432	247944	302748	305676	174860	157676	139856	206964	67960	97132	79720	116724	72112	206276	295364	279252	96956	227308	345056	300188	289924	28980	25456	199216	193688	118692	24396	204120	123444	53696	42660	271696	131464	16612	8612	235092	174328	371140	329892	276648	230892	35924	37128	218132	164428	345364	347480	201660	87828	255288	219132	147592	120084	26712	31144	18964	42348	135664	139564	152288	99428	67372	12960	
data	data	Precentral_L	Precentral_R	Frontal_Sup_L	Frontal_Sup_R	Frontal_Sup_Orb_L	Frontal_Sup_Orb_R	Frontal_Mid_L	Frontal_Mid_R	Frontal_Mid_Orb_L	Frontal_Mid_Orb_R	Frontal_Inf_Oper_L	Frontal_Inf_Oper_R	Frontal_Inf_Tri_L	Frontal_Inf_Tri_R	Frontal_Inf_Orb_L	Frontal_Inf_Orb_R	Rolandic_Oper_L	Rolandic_Oper_R	Supp_Motor_Area_L	Supp_Motor_Area_R	Olfactory_L	Olfactory_R	Frontal_Sup_Medial_L	Frontal_Sup_Medial_R	Frontal_Med_Orb_L	Frontal_Med_Orb_R	Rectus_L	Rectus_R	Insula_L	Insula_R	Cingulum_Ant_L	Cingulum_Ant_R	Cingulum_Mid_L	Cingulum_Mid_R	Cingulum_Post_L	Cingulum_Post_R	Hippocampus_L	Hippocampus_R	ParaHippocampal_L	ParaHippocampal_R	Amygdala_L	Amygdala_R	Calcarine_L	Calcarine_R	Cuneus_L	Cuneus_R	Lingual_L	Lingual_R	Occipital_Sup_L	Occipital_Sup_R	Occipital_Mid_L	Occipital_Mid_R	Occipital_Inf_L	Occipital_Inf_R	Fusiform_L	Fusiform_R	Postcentral_L	Postcentral_R	Parietal_Sup_L	Parietal_Sup_R	Parietal_Inf_L	Parietal_Inf_R	SupraMarginal_L	SupraMarginal_R	Angular_L	Angular_R	Precuneus_L	Precuneus_R	Paracentral_Lobule_L	Paracentral_Lobule_R	Caudate_L	Caudate_R	Putamen_L	Putamen_R	Pallidum_L	Pallidum_R	Thalamus_L	Thalamus_R	Heschl_L	Heschl_R	Temporal_Sup_L	Temporal_Sup_R	Temporal_Pole_Sup_L	Temporal_Pole_Sup_R	Temporal_Mid_L	Temporal_Mid_R	Temporal_Pole_Mid_L	Temporal_Pole_Mid_R	Temporal_Inf_L	Temporal_Inf_R	Cerebelum_Crus1_L	Cerebelum_Crus1_R	Cerebelum_Crus2_L	Cerebelum_Crus2_R	Cerebelum_3_L	Cerebelum_3_R	Cerebelum_4_5_L	Cerebelum_4_5_R	Cerebelum_6_L	Cerebelum_6_R	Cerebelum_7b_L	Cerebelum_7b_R	Cerebelum_8_L	Cerebelum_8_R	Cerebelum_9_L	Cerebelum_9_R	Cerebelum_10_L	Cerebelum_10_R	Vermis_1_2	Vermis_3	Vermis_4_5	Vermis_6	Vermis_7	Vermis_8	Vermis_9	Vermis_10	
569532	Precentral_L	0	1766	16886	8854	0	0	31038	710	0	0	11584	344	2994	0	620	0	13118	0	9032	9168	0	0	612	0	0	0	0	0	22984	572	126	198	0	452	4250	4050	14134	3364	656	0	0	0	0	0	0	0	532	0	0	0	514	0	0	0	0	0	38438	0	0	0	10914	0	1336	0	0	0	1082	0	20604	0	8206	406	7426	184	592	0	21602	3378	6398	0	2594	0	0	0	2324	0	0	0	724	0	0	0	0	0	0	0	0	0	0	0	0	0	0	0	0	0	0	0	0	0	0	0	0	0	0	0	
223280	Precentral_R	1766	0	798	13122	0	0	0	9382	0	0	0	2022	0	124	0	0	0	726	922	8398	0	0	0	0	0	0	0	0	284	1992	0	162	392	2442	1816	4738	970	7842	0	254	0	0	0	614	0	774	0	1594	0	1290	0	1012	0	182	0	452	112	20118	0	306	0	0	0	198	0	264	408	3120	3460	2992	124	3338	0	2968	0	0	342	5302	298	722	0	838	0	0	0	1320	0	0	0	1340	0	0	0	0	0	0	0	0	0	0	0	0	0	0	0	0	0	0	0	0	0	0	0	0	0	0	
1.14035e+06	Frontal_Sup_L	16886	798	0	34180	9240	124	69368	966	2388	0	24546	1296	32570	202	7356	0	12346	362	104758	38676	0	0	52354	990	1160	106	0	0	56380	2532	17574	3586	7252	6828	248	234	4166	184	474	0	0	0	0	0	120	0	0	0	0	0	0	0	0	0	616	0	2234	0	0	0	140	0	0	0	0	0	342	0	7372	0	9226	6508	19640	240	1486	326	3728	2460	1942	0	2604	0	934	0	0	0	0	0	126	0	0	0	0	0	0	0	0	0	0	0	0	0	0	0	0	0	0	0	0	0	0	0	0	0	0	0	
960820	Frontal_Sup_R	8854	13122	34180	0	0	9688	5094	23124	0	726	246	8042	0	3840	0	2212	204	3156	40090	102626	0	0	7874	40730	0	4058	0	252	634	8722	2382	34366	3322	31120	1416	2852	266	3424	0	592	0	0	0	0	132	0	0	166	0	0	0	0	0	0	0	0	108	368	0	0	484	0	0	0	0	0	500	116	17734	3072	6012	24008	330	17990	0	2300	286	9086	0	0	0	248	0	256	0	0	0	0	0	0	0	0	0	0	0	0	0	0	0	0	0	0	0	0	0	0	0	0	0	0	0	0	0	0	0	0	
130960	Frontal_Sup_Orb_L	0	0	9240	0	0	0	2066	0	11276	0	166	0	4104	0	11342	0	0	0	232	0	998	0	2442	0	2848	0	3926	0	11416	0	2402	0	0	0	0	0	0	0	0	0	0	0	0	0	0	0	0	0	0	0	0	0	0	0	0	0	0	0	0	0	0	0	0	0	0	0	0	0	0	0	0	0	3022	0	0	0	0	0	0	0	0	0	0	0	0	0	0	0	0	0	0	0	0	0	0	0	0	0	0	0	0	0	0	0	0	0	0	0	0	0	0	0	0	0	0	0	
128380	Frontal_Sup_Orb_R	0	0	124	9688	0	0	0	424	0	3258	0	124	0	500	0	5174	0	0	222	912	354	1036	240	8166	732	10344	0	4764	0	2878	438	4840	0	276	0	0	0	0	0	0	0	0	0	0	0	0	0	0	0	0	0	0	0	0	0	0	0	0	0	0	0	0	0	0	0	0	0	0	0	0	382	2030	198	6918	0	0	0	0	0	0	0	0	0	168	0	0	0	0	0	0	0	0	0	0	0	0	0	0	0	0	0	0	0	0	0	0	0	0	0	0	0	0	0	0	0	0	
520644	Frontal_Mid_L	31038	0	69368	5094	2066	0	0	286	1494	0	15000	280	34216	0	6042	0	4730	0	12698	6070	0	0	21972	180	0	0	0	0	20858	1158	2044	148	428	468	518	382	2310	300	144	0	0	0	0	0	0	0	0	0	0	0	0	0	0	0	0	0	1790	0	0	0	1334	0	0	0	0	0	182	0	400	0	6138	320	4206	0	202	0	3472	398	1500	0	776	0	312	0	0	0	0	0	0	0	0	0	0	0	0	0	0	0	0	0	0	0	0	0	0	0	0	0	0	0	0	0	0	0	0	0	
222488	Frontal_Mid_R	710	9382	966	23124	0	424	286	0	0	1748	106	8366	0	7878	0	2590	0	858	2500	3636	0	0	854	3886	0	0	0	0	610	7918	216	2744	0	3906	794	1086	742	5964	0	384	0	0	0	0	0	0	0	558	0	0	0	0	0	0	0	256	174	164	0	0	0	0	0	0	0	0	420	0	294	0	438	2210	0	9216	0	240	0	3510	412	824	0	576	0	0	0	0	0	0	0	274	0	0	0	0	0	0	0	0	0	0	0	0	0	0	0	0	0	0	0	0	0	0	0	0	0	0	
78008	Frontal_Mid_Orb_L	0	0	2388	0	11276	0	1494	0	0	0	0	0	3060	0	11602	0	0	0	0	0	0	0	0	0	332	0	2274	0	5696	0	0	0	0	0	0	0	0	0	0	0	0	0	0	0	0	0	0	0	0	0	0	0	0	0	0	0	0	0	0	0	0	0	0	0	0	0	0	0	0	0	0	0	882	0	0	0	0	0	0	0	0	0	0	0	0	0	0	0	0	0	0	0	0	0	0	0	0	0	0	0	0	0	0	0	0	0	0	0	0	0	0	0	0	0	0	0	
26820	Frontal_Mid_Orb_R	0	0	0	726	0	3258	0	1748	0	0	0	0	0	350	0	6186	0	0	152	144	0	0	0	0	0	434	0	0	0	228	0	0	0	184	0	0	0	0	0	0	0	0	0	0	0	0	0	0	0	0	0	0	0	0	0	0	0	0	0	0	0	0	0	0	0	0	0	0	0	0	0	0	0	0	0	0	0	0	0	0	0	0	0	0	0	0	0	0	0	0	0	0	0	0	0	0	0	0	0	0	0	0	0	0	0	0	0	0	0	0	0	0	0	0	0	0	
314064	Frontal_Inf_Oper_L	11584	0	24546	246	166	0	15000	106	0	0	0	510	18666	0	684	0	13696	288	17120	816	0	0	3294	0	0	0	0	0	30886	1208	1050	156	378	0	0	0	1836	0	272	0	0	0	0	0	0	0	0	0	0	0	0	0	0	0	150	0	3044	0	0	0	336	0	0	0	0	0	0	0	0	0	2012	988	2000	0	114	0	934	0	1286	0	1668	0	1992	0	0	0	0	0	0	0	0	0	0	0	0	0	0	0	0	0	0	0	0	0	0	0	0	0	0	0	0	0	0	0	0	0	
166336	Frontal_Inf_Oper_R	344	2022	1296	8042	0	124	280	8366	0	0	510	0	170	6882	0	0	0	7328	2936	8574	0	0	276	1694	0	0	0	0	840	14478	210	1660	110	3260	222	298	214	1496	0	0	0	0	0	0	0	0	0	108	0	0	0	0	0	0	0	0	0	476	0	0	0	0	0	0	0	0	146	0	272	0	1502	3398	166	3058	0	270	0	1118	134	0	0	336	0	552	0	0	0	0	0	0	0	0	0	0	0	0	0	0	0	0	0	0	0	0	0	0	0	0	0	0	0	0	0	0	0	0	
368620	Frontal_Inf_Tri_L	2994	0	32570	0	4104	0	34216	0	3060	0	18666	170	0	0	16366	0	2518	0	10224	286	0	0	9758	0	0	0	0	0	39030	648	3988	0	162	0	0	0	712	0	0	0	0	0	0	0	0	0	0	0	0	0	0	0	0	0	0	0	230	0	0	0	0	0	0	0	0	0	0	0	0	0	540	354	1600	0	0	0	476	0	532	0	496	0	610	0	0	0	0	0	0	0	0	0	0	0	0	0	0	0	0	0	0	0	0	0	0	0	0	0	0	0	0	0	0	0	0	0	
87176	Frontal_Inf_Tri_R	0	124	202	3840	0	500	0	7878	0	350	0	6882	0	0	0	778	0	124	1794	2968	0	0	112	3200	0	0	0	0	0	6600	228	2510	0	2752	0	0	0	254	0	0	0	0	0	0	0	0	0	0	0	0	0	0	0	0	0	0	0	0	0	0	0	0	0	0	0	0	0	0	0	0	262	1084	0	1146	0	0	0	0	0	0	0	0	0	0	0	0	0	0	0	0	0	0	0	0	0	0	0	0	0	0	0	0	0	0	0	0	0	0	0	0	0	0	0	0	0	0	
161564	Frontal_Inf_Orb_L	620	0	7356	0	11342	0	6042	0	11602	0	684	0	16366	0	0	0	182	0	1034	0	712	0	1232	0	124	0	364	0	18352	0	1356	0	126	0	0	0	0	0	0	0	0	0	0	0	0	0	0	0	0	0	0	0	0	0	0	0	0	0	0	0	0	0	0	0	0	0	0	0	0	0	0	0	2976	0	0	0	0	0	0	0	0	0	312	0	0	0	0	0	0	0	0	0	0	0	0	0	0	0	0	0	0	0	0	0	0	0	0	0	0	0	0	0	0	0	0	0	
50156	Frontal_Inf_Orb_R	0	0	0	2212	0	5174	0	2590	0	6186	0	0	0	778	0	0	0	0	348	286	0	260	0	0	0	0	0	438	0	3312	0	0	0	334	0	0	0	0	0	0	0	0	0	0	0	0	0	0	0	0	0	0	0	0	0	0	0	0	0	0	0	0	0	0	0	0	0	0	0	0	0	0	0	634	0	0	0	0	0	0	0	1070	0	1298	0	158	0	0	0	0	0	0	0	0	0	0	0	0	0	0	0	0	0	0	0	0	0	0	0	0	0	0	0	0	0	0	
248932	Rolandic_Oper_L	13118	0	12346	204	0	0	4730	0	0	0	13696	0	2518	0	182	0	0	0	9606	294	0	0	986	0	0	0	0	0	25872	222	248	0	484	0	226	156	3128	0	322	0	0	0	0	0	0	0	0	0	0	0	218	0	0	0	190	0	13204	0	0	0	1512	0	2732	0	0	0	0	0	192	0	372	128	1366	0	202	0	1890	0	3864	0	6438	0	2072	0	1270	0	0	0	478	0	0	0	0	0	0	0	0	0	0	0	0	0	0	0	0	0	0	0	0	0	0	0	0	0	0	0	
95804	Rolandic_Oper_R	0	726	362	3156	0	0	0	858	0	0	288	7328	0	124	0	0	0	0	1262	4480	0	0	0	550	0	0	0	0	344	11346	0	296	0	2046	0	0	0	1638	0	0	0	0	0	0	0	0	0	188	0	0	0	0	0	0	0	0	0	2610	0	0	0	116	0	2662	0	0	0	0	0	0	464	312	0	2338	0	0	0	288	0	826	0	2580	0	570	0	0	0	0	0	144	0	0	0	0	0	0	0	0	0	0	0	0	0	0	0	0	0	0	0	0	0	0	0	0	0	0	
872340	Supp_Motor_Area_L	9032	922	104758	40090	232	222	12698	2500	0	152	17120	2936	10224	1794	1034	348	9606	1262	0	61900	0	0	11926	7412	0	0	0	0	29960	3400	5220	6094	14502	23224	1138	378	2792	158	356	0	0	0	0	0	130	0	0	0	0	0	0	0	0	0	444	0	1748	0	0	0	108	0	0	0	0	0	416	0	12516	124	7790	5996	12912	1112	1740	382	620	2288	1682	0	2022	0	594	0	0	0	0	0	156	0	0	0	0	0	0	0	0	0	0	0	0	0	0	0	0	0	0	0	0	0	0	0	0	0	0	0	
885880	Supp_Motor_Area_R	9168	8398	38676	102626	0	912	6070	3636	0	144	816	8574	286	2968	0	286	294	4480	61900	0	0	0	3348	18280	0	332	0	0	1130	7194	2218	17322	8098	48312	1224	5974	0	574	0	106	0	0	0	154	132	130	0	474	0	0	0	0	0	0	0	0	0	1012	0	0	450	0	0	0	0	0	456	1176	19374	8916	6588	23280	676	6562	0	2202	242	7454	0	0	0	156	0	160	0	0	0	0	0	0	0	0	0	0	0	0	0	0	0	0	0	0	0	0	0	0	0	0	0	0	0	0	0	0	0	0	
67792	Olfactory_L	0	0	0	0	998	354	0	0	0	0	0	0	0	0	712	0	0	0	0	0	0	6176	0	154	0	738	1128	1472	1372	0	1854	1986	0	0	0	0	0	0	0	0	370	0	0	0	0	0	0	0	0	0	0	0	0	0	0	0	0	0	0	0	0	0	0	0	0	0	0	0	0	0	6514	4446	4792	576	134	0	0	0	0	0	0	0	120	0	0	0	0	0	0	0	0	0	0	0	0	0	0	0	0	0	0	0	0	0	0	0	0	0	0	0	0	0	0	0	0	0	
73060	Olfactory_R	0	0	0	0	0	1036	0	0	0	0	0	0	0	0	0	260	0	0	0	0	6176	0	0	170	0	1004	286	2938	0	698	2020	2846	0	0	0	0	0	0	0	0	130	120	0	0	0	0	0	0	0	0	0	0	0	0	0	0	0	0	0	0	0	0	0	0	0	0	0	0	0	0	6634	6220	4796	974	222	0	0	0	0	0	0	0	0	0	0	0	0	0	0	0	0	0	0	0	0	0	0	0	0	0	0	0	0	0	0	0	0	0	0	0	0	0	0	0	0	0	
397820	Frontal_Sup_Medial_L	612	0	52354	7874	2442	240	21972	854	0	0	3294	276	9758	112	1232	0	986	0	11926	3348	0	0	0	15852	2570	332	0	0	12998	558	17954	11804	3552	11930	0	0	0	0	0	0	0	0	0	0	0	0	0	0	0	0	0	0	0	0	0	0	0	0	0	0	0	0	0	0	0	0	0	0	0	0	550	582	2520	0	0	0	0	0	0	0	188	0	240	0	0	0	0	0	0	0	0	0	0	0	0	0	0	0	0	0	0	0	0	0	0	0	0	0	0	0	0	0	0	0	0	0	
351584	Frontal_Sup_Medial_R	0	0	990	40730	0	8166	180	3886	0	0	0	1694	0	3200	0	0	0	550	7412	18280	154	170	15852	0	806	7118	0	520	0	3328	1260	26636	956	23494	0	0	0	0	0	0	0	0	0	0	0	0	0	0	0	0	0	0	0	0	0	0	0	0	0	0	0	0	0	0	0	0	0	0	0	0	222	3670	0	6518	0	0	0	0	0	0	0	0	0	0	0	0	0	0	0	0	0	0	0	0	0	0	0	0	0	0	0	0	0	0	0	0	0	0	0	0	0	0	0	0	0	0	
29952	Frontal_Med_Orb_L	0	0	1160	0	2848	732	0	0	332	0	0	0	0	0	124	0	0	0	0	0	0	0	2570	806	0	2070	1070	138	138	0	2118	274	0	0	0	0	0	0	0	0	0	0	0	0	0	0	0	0	0	0	0	0	0	0	0	0	0	0	0	0	0	0	0	0	0	0	0	0	0	0	266	0	330	0	0	0	0	0	0	0	0	0	0	0	0	0	0	0	0	0	0	0	0	0	0	0	0	0	0	0	0	0	0	0	0	0	0	0	0	0	0	0	0	0	0	0	
99300	Frontal_Med_Orb_R	0	0	106	4058	0	10344	0	0	0	434	0	0	0	0	0	0	0	0	0	332	738	1004	332	7118	2070	0	0	4978	0	0	2114	5516	0	128	0	0	0	0	0	0	0	0	0	0	0	0	0	0	0	0	0	0	0	0	0	0	0	0	0	0	0	0	0	0	0	0	0	0	0	0	694	3950	494	5240	0	0	0	0	0	0	0	0	0	0	0	0	0	0	0	0	0	0	0	0	0	0	0	0	0	0	0	0	0	0	0	0	0	0	0	0	0	0	0	0	0	0	
27872	Rectus_L	0	0	0	0	3926	0	0	0	2274	0	0	0	0	0	364	0	0	0	0	0	1128	286	0	0	1070	0	0	0	306	0	2052	204	0	0	0	0	0	0	0	0	0	0	0	0	0	0	0	0	0	0	0	0	0	0	0	0	0	0	0	0	0	0	0	0	0	0	0	0	0	0	936	0	1390	0	0	0	0	0	0	0	0	0	0	0	0	0	0	0	0	0	0	0	0	0	0	0	0	0	0	0	0	0	0	0	0	0	0	0	0	0	0	0	0	0	0	0	
49360	Rectus_R	0	0	0	252	0	4764	0	0	0	0	0	0	0	0	0	438	0	0	0	0	1472	2938	0	520	138	4978	0	0	0	510	1030	2426	0	0	0	0	0	0	0	0	0	0	0	0	0	0	0	0	0	0	0	0	0	0	0	0	0	0	0	0	0	0	0	0	0	0	0	0	0	0	1154	2502	826	732	0	0	0	0	0	0	0	0	0	0	0	0	0	0	0	0	0	0	0	0	0	0	0	0	0	0	0	0	0	0	0	0	0	0	0	0	0	0	0	0	0	0	
801548	Insula_L	22984	284	56380	634	11416	0	20858	610	5696	0	30886	840	39030	0	18352	0	25872	344	29960	1130	1372	0	12998	0	138	0	306	0	0	1698	7032	234	2624	0	1664	1538	21118	1280	1920	0	568	0	0	0	0	0	204	0	0	0	408	0	110	0	2040	0	12498	0	0	0	222	0	556	0	0	0	868	144	214	0	2254	1152	22784	190	126	0	6684	680	11864	0	9724	0	3100	0	2422	0	0	0	2764	0	0	0	0	0	0	0	0	0	0	0	0	0	0	0	0	0	0	0	0	0	0	0	0	0	0	0	
270364	Insula_R	572	1992	2532	8722	0	2878	1158	7918	0	228	1208	14478	648	6600	0	3312	222	11346	3400	7194	0	698	558	3328	0	0	0	510	1698	0	118	2862	120	3850	602	968	592	6740	0	698	0	564	0	0	0	0	0	0	0	0	0	0	0	0	0	1254	190	1010	0	0	0	0	0	0	0	0	236	110	0	0	1784	3982	146	18260	0	0	0	1424	364	1286	0	3550	0	2670	0	322	0	0	0	280	0	0	0	0	0	0	0	0	0	0	0	0	0	0	0	0	0	0	0	0	0	0	0	0	0	0	
222268	Cingulum_Ant_L	126	0	17574	2382	2402	438	2044	216	0	0	1050	210	3988	228	1356	0	248	0	5220	2218	1854	2020	17954	1260	2118	2114	2052	1030	7032	118	0	10862	3346	3180	0	0	0	0	0	0	0	0	0	0	0	0	0	0	0	0	0	0	0	0	0	0	0	0	0	0	0	0	0	0	0	0	0	0	0	0	3160	3968	8008	1202	0	0	0	0	0	0	0	0	156	0	0	0	0	0	0	0	0	0	0	0	0	0	0	0	0	0	0	0	0	0	0	0	0	0	0	0	0	0	0	0	0	0	
394996	Cingulum_Ant_R	198	162	3586	34366	0	4840	148	2744	0	0	156	1660	0	2510	0	0	0	296	6094	17322	1986	2846	11804	26636	274	5516	204	2426	234	2862	10862	0	1700	25680	0	0	0	0	0	0	0	0	0	0	0	0	0	0	0	0	0	0	0	0	0	0	0	0	0	0	0	0	0	0	0	0	0	0	106	0	2544	18274	1516	7946	0	0	0	0	0	0	0	0	0	0	0	0	0	0	0	0	0	0	0	0	0	0	0	0	0	0	0	0	0	0	0	0	0	0	0	0	0	0	0	0	0	0	
162080	Cingulum_Mid_L	0	392	7252	3322	0	0	428	0	0	0	378	110	162	0	126	0	484	0	14502	8098	0	0	3552	956	0	0	0	0	2624	120	3346	1700	0	8170	3634	592	620	0	0	0	0	0	796	0	2104	0	0	0	458	0	144	0	0	0	148	0	0	0	0	0	0	0	0	0	0	0	4800	464	6902	558	756	146	2182	0	0	0	0	124	0	0	434	0	0	0	216	0	0	0	240	0	0	0	0	0	0	0	0	0	0	0	0	0	0	0	0	0	0	0	0	0	0	0	0	0	0	0	
506968	Cingulum_Mid_R	452	2442	6828	31120	0	276	468	3906	0	184	0	3260	0	2752	0	334	0	2046	23224	48312	0	0	11930	23494	0	128	0	0	0	3850	3180	25680	8170	0	802	10114	0	164	0	0	0	0	0	590	0	2388	0	1130	0	1082	0	376	0	0	0	0	0	1772	0	984	0	0	0	120	0	0	790	9352	7440	10890	0	2154	0	1300	0	0	0	0	0	0	0	0	0	0	0	0	0	0	0	0	0	0	0	0	0	0	0	0	0	0	0	0	0	0	0	0	0	0	0	0	0	0	0	0	0	0	
154816	Cingulum_Post_L	4250	1816	248	1416	0	0	518	794	0	0	0	222	0	0	0	0	226	0	1138	1224	0	0	0	0	0	0	0	0	1664	602	0	0	3634	802	0	9870	7212	5252	1914	126	0	0	4252	0	3504	0	760	0	0	0	256	0	0	0	0	0	1088	0	0	0	0	0	0	0	0	0	9570	512	4412	540	0	270	0	190	0	0	2518	4538	1694	0	0	0	0	0	252	0	0	0	124	0	0	0	0	0	0	0	0	0	0	0	0	0	0	0	0	0	0	0	0	0	0	0	0	0	0	0	
216208	Cingulum_Post_R	4050	4738	234	2852	0	0	382	1086	0	0	0	298	0	0	0	0	156	0	378	5974	0	0	0	0	0	0	0	0	1538	968	0	0	592	10114	9870	0	5272	8314	360	1602	0	0	0	2830	0	598	0	5918	0	238	0	218	0	0	0	0	732	4174	0	0	0	0	0	0	0	0	2018	11644	2700	6682	0	384	0	220	0	0	3530	5542	1576	132	0	0	0	0	0	0	0	0	0	0	0	0	0	0	0	0	0	0	0	0	0	0	0	0	0	0	0	0	0	0	190	0	0	0	0	0	
303712	Hippocampus_L	14134	970	4166	266	0	0	2310	742	0	0	1836	214	712	0	0	0	3128	0	2792	0	0	0	0	0	0	0	0	0	21118	592	0	0	620	0	7212	5272	0	4618	9680	142	4676	0	1432	0	0	0	3358	0	0	0	0	0	0	0	8944	0	4474	0	0	0	0	0	198	0	0	0	3840	208	1692	0	112	0	9844	184	416	0	9616	3406	7374	0	3656	0	1362	0	1060	0	0	0	5480	0	0	0	0	0	0	0	0	0	0	0	0	0	0	0	0	0	0	0	0	0	0	0	0	0	0	0	
309832	Hippocampus_R	3364	7842	184	3424	0	0	300	5964	0	0	0	1496	0	254	0	0	0	1638	158	574	0	0	0	0	0	0	0	0	1280	6740	0	0	0	164	5252	8314	4618	0	352	23794	0	7608	0	362	0	0	0	4608	0	0	0	0	0	238	0	18760	584	326	0	0	0	0	0	0	0	0	1382	2872	1134	0	118	428	0	16968	0	632	1436	7726	1368	1498	0	4620	0	444	0	468	0	0	0	3948	0	274	0	0	0	0	0	896	0	286	0	0	0	0	0	0	0	0	0	0	220	0	0	0	0	0	
59864	ParaHippocampal_L	656	0	474	0	0	0	144	0	0	0	272	0	0	0	0	0	322	0	356	0	0	0	0	0	0	0	0	0	1920	0	0	0	0	0	1914	360	9680	352	0	0	622	0	1184	0	0	0	3362	0	0	0	0	0	0	0	2216	0	358	0	0	0	0	0	0	0	0	0	1824	0	0	0	0	0	2076	0	114	0	800	244	0	0	0	0	190	0	0	0	0	0	0	0	0	0	0	0	180	0	186	0	126	0	0	0	0	0	0	0	0	0	0	0	0	0	0	0	0	0	
137560	ParaHippocampal_R	0	254	0	592	0	0	0	384	0	0	0	0	0	0	0	0	0	0	0	106	0	0	0	0	0	0	0	0	0	698	0	0	0	0	126	1602	142	23794	0	0	0	5054	0	146	0	0	0	3102	0	0	0	0	0	188	0	16812	0	0	0	0	0	0	0	0	0	0	0	2118	0	0	0	200	0	4384	0	524	0	464	0	436	0	2032	0	1288	0	0	0	590	0	1504	0	376	0	0	0	0	0	1240	0	418	0	0	0	0	0	0	0	0	0	0	206	0	0	0	0	0	
22348	Amygdala_L	0	0	0	0	0	0	0	0	0	0	0	0	0	0	0	0	0	0	0	0	370	130	0	0	0	0	0	0	568	0	0	0	0	0	0	0	4676	0	622	0	0	0	0	0	0	0	0	0	0	0	0	0	0	0	2736	0	0	0	0	0	0	0	0	0	0	0	0	0	0	0	356	0	468	0	0	0	0	0	0	0	0	0	454	0	0	0	0	0	794	0	0	0	0	0	0	0	0	0	0	0	0	0	0	0	0	0	0	0	0	0	0	0	0	0	0	0	
42448	Amygdala_R	0	0	0	0	0	0	0	0	0	0	0	0	0	0	0	0	0	0	0	0	0	120	0	0	0	0	0	0	0	564	0	0	0	0	0	0	0	7608	0	5054	0	0	0	0	0	0	0	0	0	0	0	0	0	0	0	5294	0	0	0	0	0	0	0	0	0	0	0	0	0	0	0	0	0	668	0	0	0	0	0	0	0	0	0	1406	0	0	0	376	0	134	0	0	0	0	0	0	0	0	0	0	0	0	0	0	0	0	0	0	0	0	0	0	0	0	0	0	
156972	Calcarine_L	0	0	0	0	0	0	0	0	0	0	0	0	0	0	0	0	0	0	0	0	0	0	0	0	0	0	0	0	0	0	0	0	796	0	4252	0	1432	0	1184	0	0	0	0	3392	10790	1874	12066	880	8418	832	13218	166	2482	120	330	0	242	0	1308	0	0	0	0	0	288	0	10400	448	382	0	0	0	0	0	0	0	0	0	0	0	346	0	0	0	2322	0	0	0	518	0	0	0	0	0	0	0	0	0	0	0	0	0	0	0	0	0	0	0	0	0	0	0	0	0	0	0	
267676	Calcarine_R	0	614	0	0	0	0	0	0	0	0	0	0	0	0	0	0	0	0	0	154	0	0	0	0	0	0	0	0	0	0	0	0	0	590	0	2830	0	362	0	146	0	0	3392	0	1846	28246	884	19768	0	27488	0	13690	0	5780	0	2412	0	1328	0	4080	0	0	0	0	0	284	440	11782	0	242	0	0	0	0	0	0	0	0	0	0	0	0	0	0	0	3476	0	0	0	3462	0	0	0	0	0	0	0	0	0	272	0	0	0	0	0	0	0	0	0	0	0	270	0	0	0	0	
171004	Cuneus_L	0	0	120	132	0	0	0	0	0	0	0	0	0	0	0	0	0	0	130	132	0	0	0	0	0	0	0	0	0	0	0	0	2104	0	3504	0	0	0	0	0	0	0	10790	1846	0	3856	486	0	21990	524	13204	0	878	0	142	0	0	0	5480	0	282	0	286	0	1706	0	12566	630	146	0	0	0	0	0	0	0	0	0	0	0	538	0	0	0	2654	0	0	0	1376	0	0	0	0	0	0	0	0	0	0	0	0	0	0	0	0	0	0	0	0	0	0	0	0	0	0	0	
305488	Cuneus_R	0	774	0	0	0	0	0	0	0	0	0	0	0	0	0	0	0	0	0	130	0	0	0	0	0	0	0	0	0	0	0	0	0	2388	0	598	0	0	0	0	0	0	1874	28246	3856	0	0	4316	266	45462	0	15050	0	934	0	412	0	1124	0	11130	0	228	0	166	0	464	2800	24378	0	576	0	0	0	0	0	0	0	0	0	0	0	586	0	0	0	3516	0	0	0	3470	0	0	0	0	0	0	0	0	0	0	0	0	0	0	0	0	0	0	0	0	0	0	0	0	0	0	
136476	Lingual_L	532	0	0	0	0	0	0	0	0	0	0	0	0	0	0	0	0	0	0	0	0	0	0	0	0	0	0	0	204	0	0	0	0	0	760	0	3358	0	3362	0	0	0	12066	884	486	0	0	1136	2120	0	7884	0	5866	0	12070	0	228	0	0	0	0	0	0	0	0	0	1842	0	228	0	0	0	124	0	0	0	876	0	0	0	0	0	0	0	0	0	0	0	0	0	1706	0	334	0	0	0	3826	0	6746	0	0	0	0	0	0	0	0	0	0	0	1366	234	0	0	0	0	
258072	Lingual_R	0	1594	0	166	0	0	0	558	0	0	0	108	0	0	0	0	0	188	0	474	0	0	0	0	0	0	0	0	0	0	0	0	0	1130	0	5918	0	4608	0	3102	0	0	880	19768	0	4316	1136	0	0	8050	0	5404	0	9244	292	14162	0	2708	0	154	0	0	0	0	0	0	0	9642	126	798	0	0	0	1286	0	0	0	642	0	0	0	0	0	0	0	334	0	0	0	2662	834	3310	168	728	250	0	1372	2844	2078	7274	0	0	0	0	164	108	0	0	0	308	3982	4720	1180	116	150	0	
205340	Occipital_Sup_L	0	0	0	0	0	0	0	0	0	0	0	0	0	0	0	0	0	0	0	0	0	0	0	0	0	0	0	0	0	0	0	0	458	0	0	0	0	0	0	0	0	0	8418	0	21990	266	2120	0	0	0	32588	0	1276	0	424	0	0	0	15758	0	3596	0	224	0	4536	0	7698	0	0	0	0	0	0	0	0	0	0	0	0	0	0	0	0	0	2102	0	0	0	1216	0	0	0	0	0	0	0	0	0	0	0	0	0	0	0	0	0	0	0	0	0	0	0	0	0	0	0	
349992	Occipital_Sup_R	0	1290	0	0	0	0	0	0	0	0	0	0	0	0	0	0	0	0	0	0	0	0	0	0	0	0	0	0	0	0	0	0	0	1082	0	238	0	0	0	0	0	0	832	27488	524	45462	0	8050	0	0	0	27876	0	1764	0	762	0	1944	0	16400	0	888	0	486	0	6718	866	19284	0	496	0	0	0	0	0	0	0	0	0	0	0	772	0	0	0	6894	0	0	0	4880	0	0	0	0	0	0	0	0	0	0	0	0	0	0	0	0	0	0	0	0	0	0	0	0	0	0	
372228	Occipital_Mid_L	514	0	0	0	0	0	0	0	0	0	0	0	0	0	0	0	218	0	0	0	0	0	0	0	0	0	0	0	408	0	0	0	144	0	256	0	0	0	0	0	0	0	13218	0	13204	0	7884	0	32588	0	0	0	20968	0	5910	0	2482	0	19800	0	12456	0	970	0	17328	0	5314	0	954	0	0	0	0	0	0	0	0	0	182	0	2896	0	0	0	19086	0	0	0	8348	0	366	0	0	0	0	0	0	0	620	0	0	0	0	0	0	0	0	0	0	0	0	0	0	0	0	0	
201388	Occipital_Mid_R	0	1012	0	0	0	0	0	0	0	0	0	0	0	0	0	0	0	0	0	0	0	0	0	0	0	0	0	0	0	0	0	0	0	376	0	218	0	0	0	0	0	0	166	13690	0	15050	0	5404	0	27876	0	0	0	4836	0	1138	0	1146	0	2092	0	124	0	204	0	7038	250	4674	0	0	0	0	0	0	0	0	0	0	0	0	0	434	0	0	0	11732	0	0	0	3234	0	0	0	0	0	0	0	0	0	0	0	0	0	0	0	0	0	0	0	0	0	0	0	0	0	0	
117172	Occipital_Inf_L	0	0	0	0	0	0	0	0	0	0	0	0	0	0	0	0	0	0	0	0	0	0	0	0	0	0	0	0	110	0	0	0	0	0	0	0	0	0	0	0	0	0	2482	0	878	0	5866	0	1276	0	20968	0	0	0	9102	0	624	0	478	0	140	0	0	0	398	0	552	0	344	0	0	0	0	0	0	0	0	0	250	0	1518	0	0	0	3726	0	0	0	5616	0	1160	0	0	0	0	0	310	0	2788	0	0	0	0	0	0	0	0	0	0	0	0	0	0	0	0	0	
94432	Occipital_Inf_R	0	182	0	0	0	0	0	0	0	0	0	0	0	0	0	0	0	0	0	0	0	0	0	0	0	0	0	0	0	0	0	0	0	0	0	0	0	238	0	188	0	0	120	5780	0	934	0	9244	0	1764	0	4836	0	0	0	8604	0	114	0	0	0	0	0	0	0	0	0	464	0	0	0	0	0	0	0	0	0	0	0	0	0	228	0	0	0	744	0	0	0	8900	0	338	0	0	0	0	0	262	0	2148	0	0	0	0	0	0	0	0	0	0	284	1600	244	0	0	0	
247944	Fusiform_L	0	0	616	0	0	0	0	0	0	0	150	0	0	0	0	0	190	0	444	0	0	0	0	0	0	0	0	0	2040	0	0	0	148	0	0	0	8944	0	2216	0	2736	0	330	0	142	0	12070	292	424	0	5910	0	9102	0	0	0	106	0	260	0	0	0	0	0	116	0	160	0	0	0	0	0	998	0	0	0	180	0	0	0	6428	0	248	0	3336	0	0	0	12778	0	15006	0	522	0	184	0	9708	0	26978	0	168	0	230	0	0	0	0	0	0	0	476	336	0	0	0	0	
302748	Fusiform_R	0	452	0	0	0	0	0	256	0	0	0	0	0	0	0	0	0	0	0	0	0	0	0	0	0	0	0	0	0	1254	0	0	0	0	0	0	0	18760	0	16812	0	5294	0	2412	0	412	0	14162	0	762	0	1138	0	8604	0	0	0	0	0	0	0	0	0	0	0	0	0	452	0	0	0	0	0	912	0	128	0	114	0	606	0	5250	0	2418	0	1240	0	882	0	14674	136	15030	0	1098	0	218	164	7662	336	21180	0	0	0	868	0	316	0	242	0	130	2688	3314	998	0	0	0	
305676	Postcentral_L	38438	112	2234	108	0	0	1790	174	0	0	3044	0	230	0	0	0	13204	0	1748	0	0	0	0	0	0	0	0	0	12498	190	0	0	0	0	1088	732	4474	584	358	0	0	0	242	0	0	0	228	0	0	0	2482	0	624	0	106	0	0	0	4500	0	28030	0	7258	0	642	0	2380	0	4852	0	1312	0	2116	0	0	0	4344	278	4596	0	3462	0	0	0	3398	0	0	0	982	0	0	0	0	0	0	0	0	0	0	0	0	0	0	0	0	0	0	0	0	0	0	0	0	0	0	0	
174860	Postcentral_R	0	20118	0	368	0	0	0	164	0	0	0	476	0	0	0	0	0	2610	0	1012	0	0	0	0	0	0	0	0	0	1010	0	0	0	1772	0	4174	0	326	0	0	0	0	0	1328	0	1124	0	2708	0	1944	0	1146	0	114	0	0	0	0	0	6478	0	9108	0	10548	0	2132	0	8350	0	5196	0	0	0	168	0	0	0	118	0	134	0	2416	0	0	0	1498	0	0	0	890	0	0	0	0	0	0	0	0	0	0	0	0	0	0	0	0	0	0	0	0	0	0	0	0	0	0	
157676	Parietal_Sup_L	0	0	0	0	0	0	0	0	0	0	0	0	0	0	0	0	0	0	0	0	0	0	0	0	0	0	0	0	0	0	0	0	0	0	0	0	0	0	0	0	0	0	1308	0	5480	0	0	0	15758	0	19800	0	478	0	260	0	4500	0	0	0	12058	0	362	0	4424	0	10292	0	806	0	0	0	0	0	0	0	0	0	0	0	0	0	0	0	2160	0	0	0	1152	0	0	0	0	0	0	0	0	0	0	0	0	0	0	0	0	0	0	0	0	0	0	0	0	0	0	0	
139856	Parietal_Sup_R	0	306	0	0	0	0	0	0	0	0	0	0	0	0	0	0	0	0	0	0	0	0	0	0	0	0	0	0	0	0	0	0	0	984	0	0	0	0	0	0	0	0	0	4080	0	11130	0	154	0	16400	0	2092	0	0	0	0	0	6478	0	0	0	3164	0	472	0	2958	572	14162	0	1726	0	0	0	0	0	0	0	0	0	0	0	462	0	0	0	1868	0	0	0	2920	0	0	0	0	0	0	0	0	0	0	0	0	0	0	0	0	0	0	0	0	0	0	0	0	0	0	
206964	Parietal_Inf_L	10914	0	140	484	0	0	1334	0	0	0	336	0	0	0	0	0	1512	0	108	450	0	0	0	0	0	0	0	0	222	0	0	0	0	0	0	0	0	0	0	0	0	0	0	0	282	0	0	0	3596	0	12456	0	140	0	0	0	28030	0	12058	0	0	0	11660	0	9554	0	1386	0	1358	0	566	0	0	0	0	0	0	0	0	0	2626	0	0	0	2896	0	0	0	1374	0	0	0	0	0	0	0	0	0	0	0	0	0	0	0	0	0	0	0	0	0	0	0	0	0	0	0	
67960	Parietal_Inf_R	0	0	0	0	0	0	0	0	0	0	0	0	0	0	0	0	0	116	0	0	0	0	0	0	0	0	0	0	0	0	0	0	0	0	0	0	0	0	0	0	0	0	0	0	0	228	0	0	0	888	0	124	0	0	0	0	0	9108	0	3164	0	0	0	11394	0	4716	0	820	0	0	0	0	0	0	0	0	0	0	0	0	0	2380	0	0	0	178	0	0	0	864	0	0	0	0	0	0	0	0	0	0	0	0	0	0	0	0	0	0	0	0	0	0	0	0	0	0	
97132	SupraMarginal_L	1336	0	0	0	0	0	0	0	0	0	0	0	0	0	0	0	2732	0	0	0	0	0	0	0	0	0	0	0	556	0	0	0	0	0	0	0	198	0	0	0	0	0	0	0	286	0	0	0	224	0	970	0	0	0	0	0	7258	0	362	0	11660	0	0	0	6280	0	154	0	0	0	0	0	0	0	0	0	0	0	178	0	7704	0	0	0	6890	0	0	0	1778	0	0	0	0	0	0	0	0	0	0	0	0	0	0	0	0	0	0	0	0	0	0	0	0	0	0	0	
79720	SupraMarginal_R	0	198	0	0	0	0	0	0	0	0	0	0	0	0	0	0	0	2662	0	0	0	0	0	0	0	0	0	0	0	0	0	0	0	120	0	0	0	0	0	0	0	0	0	0	0	166	0	0	0	486	0	204	0	0	0	0	0	10548	0	472	0	11394	0	0	0	3498	0	852	0	0	0	0	0	0	0	0	0	0	0	0	0	7596	0	0	0	420	0	0	0	1244	0	0	0	0	0	0	0	0	0	0	0	0	0	0	0	0	0	0	0	0	0	0	0	0	0	0	
116724	Angular_L	0	0	0	0	0	0	0	0	0	0	0	0	0	0	0	0	0	0	0	0	0	0	0	0	0	0	0	0	0	0	0	0	0	0	0	0	0	0	0	0	0	0	288	0	1706	0	0	0	4536	0	17328	0	398	0	116	0	642	0	4424	0	9554	0	6280	0	0	0	734	0	0	0	0	0	0	0	0	0	0	0	0	0	484	0	0	0	9826	0	0	0	2046	0	0	0	0	0	0	0	0	0	0	0	0	0	0	0	0	0	0	0	0	0	0	0	0	0	0	0	
72112	Angular_R	0	264	0	0	0	0	0	0	0	0	0	0	0	0	0	0	0	0	0	0	0	0	0	0	0	0	0	0	0	0	0	0	0	0	0	0	0	0	0	0	0	0	0	284	0	464	0	0	0	6718	0	7038	0	0	0	0	0	2132	0	2958	0	4716	0	3498	0	0	0	598	0	0	0	0	0	0	0	0	0	0	0	0	0	1398	0	0	0	4500	0	0	0	1488	0	0	0	0	0	0	0	0	0	0	0	0	0	0	0	0	0	0	0	0	0	0	0	0	0	0	
206276	Precuneus_L	1082	408	342	500	0	0	182	420	0	0	0	146	0	0	0	0	0	0	416	456	0	0	0	0	0	0	0	0	868	236	0	0	4800	790	9570	2018	3840	1382	1824	0	0	0	10400	440	12566	2800	1842	0	7698	866	5314	250	552	0	160	0	2380	0	10292	572	1386	0	154	0	734	0	0	6254	3342	202	0	0	0	0	0	0	0	526	1056	0	482	0	0	0	2372	0	0	0	998	220	0	0	0	0	0	0	0	0	0	0	0	0	0	0	0	0	0	0	0	0	0	0	0	0	0	0	
295364	Precuneus_R	0	3120	0	116	0	0	0	0	0	0	0	0	0	0	0	0	0	0	0	1176	0	0	0	0	0	0	0	0	144	110	0	0	464	9352	512	11644	208	2872	0	2118	0	0	448	11782	630	24378	0	9642	0	19284	0	4674	0	464	0	452	0	8350	0	14162	0	820	0	852	0	598	6254	0	176	3820	0	0	0	0	0	0	216	184	0	0	0	798	0	0	0	2652	0	0	0	4958	0	0	0	0	0	0	0	0	0	0	0	0	0	0	0	0	0	0	0	0	252	0	0	0	0	0	
279252	Paracentral_Lobule_L	20604	3460	7372	17734	0	0	400	294	0	0	0	272	0	0	0	0	192	0	12516	19374	0	0	0	0	0	0	0	0	214	0	0	106	6902	7440	4412	2700	1692	1134	0	0	0	0	382	0	146	0	228	126	0	0	954	0	344	0	0	0	4852	0	806	0	1358	0	0	0	0	0	3342	176	0	1648	1344	352	1044	182	450	0	10174	2660	0	0	0	0	0	0	1298	0	0	0	942	0	0	0	0	0	0	0	0	0	0	0	0	0	0	0	0	0	0	0	0	0	0	0	0	0	0	0	
96956	Paracentral_Lobule_R	0	2992	0	3072	0	0	0	0	0	0	0	0	0	0	0	0	0	0	124	8916	0	0	0	0	0	0	0	0	0	0	0	0	558	10890	540	6682	0	0	0	0	0	0	0	242	0	576	0	798	0	496	0	0	0	0	0	0	0	5196	0	1726	0	0	0	0	0	0	202	3820	1648	0	0	0	0	0	0	0	0	0	0	0	0	0	0	0	0	0	0	0	0	0	0	0	0	0	0	0	0	0	0	0	0	0	0	0	0	0	0	0	0	0	0	0	0	0	0	0	
227308	Caudate_L	8206	124	9226	6012	0	382	6138	438	0	0	2012	1502	540	262	0	0	372	464	7790	6588	6514	6634	550	222	266	694	936	1154	2254	1784	3160	2544	756	0	0	0	112	118	0	0	356	0	0	0	0	0	0	0	0	0	0	0	0	0	0	0	1312	0	0	0	566	0	0	0	0	0	0	0	1344	0	0	9456	10884	1094	1488	0	7680	1720	0	0	0	0	0	0	0	0	0	0	0	0	0	0	0	0	0	0	0	0	0	0	0	0	0	0	0	0	0	0	0	0	0	0	0	0	0	0	
345056	Caudate_R	406	3338	6508	24008	0	2030	320	2210	0	0	988	3398	354	1084	0	0	128	312	5996	23280	4446	6220	582	3670	0	3950	0	2502	1152	3982	3968	18274	146	2154	270	384	0	428	0	200	0	0	0	0	0	0	0	0	0	0	0	0	0	0	0	0	0	0	0	0	0	0	0	0	0	0	0	0	352	0	9456	0	4346	11864	158	1358	544	17762	0	0	0	0	0	0	0	0	0	0	0	0	0	0	0	0	0	0	0	0	0	0	0	0	0	0	0	0	0	0	0	0	0	0	0	0	0	0	
300188	Putamen_L	7426	0	19640	330	3022	198	4206	0	882	0	2000	166	1600	0	2976	0	1366	0	12912	676	4792	4796	2520	0	330	494	1390	826	22784	146	8008	1516	2182	0	0	0	9844	0	2076	0	468	0	0	0	0	0	124	0	0	0	0	0	0	0	998	0	2116	0	0	0	0	0	0	0	0	0	0	0	1044	0	10884	4346	0	688	5520	0	3500	0	0	0	732	0	416	0	0	0	0	0	154	0	0	0	0	0	0	0	0	0	0	0	0	0	0	0	0	0	0	0	0	0	0	0	0	0	0	0	
289924	Putamen_R	184	2968	240	17990	0	6918	0	9216	0	0	0	3058	0	1146	0	634	0	2338	1112	6562	576	974	0	6518	0	5240	0	732	190	18260	1202	7946	0	1300	190	220	184	16968	0	4384	0	668	0	0	0	0	0	1286	0	0	0	0	0	0	0	912	0	168	0	0	0	0	0	0	0	0	0	0	182	0	1094	11864	688	0	0	3572	0	3622	128	738	0	1590	0	1200	0	0	0	0	0	0	0	0	0	0	0	0	0	0	0	0	0	0	0	0	0	0	0	0	0	0	0	0	0	0	0	0	
28980	Pallidum_L	592	0	1486	0	0	0	202	0	0	0	114	0	0	0	0	0	202	0	1740	0	134	222	0	0	0	0	0	0	126	0	0	0	0	0	0	0	416	0	114	0	0	0	0	0	0	0	0	0	0	0	0	0	0	0	0	0	0	0	0	0	0	0	0	0	0	0	0	0	450	0	1488	158	5520	0	0	0	1526	0	0	0	0	0	0	0	0	0	0	0	0	0	0	0	0	0	0	0	0	0	0	0	0	0	0	0	0	0	0	0	0	0	0	0	0	0	0	0	
25456	Pallidum_R	0	0	326	2300	0	0	0	240	0	0	0	270	0	0	0	0	0	0	382	2202	0	0	0	0	0	0	0	0	0	0	0	0	0	0	0	0	0	632	0	524	0	0	0	0	0	0	0	0	0	0	0	0	0	0	0	128	0	0	0	0	0	0	0	0	0	0	0	0	0	0	0	1358	0	3572	0	0	0	794	0	0	0	0	0	0	0	0	0	0	0	0	0	0	0	0	0	0	0	0	0	0	0	0	0	0	0	0	0	0	0	0	0	0	0	0	0	0	
199216	Thalamus_L	21602	342	3728	286	0	0	3472	0	0	0	934	0	476	0	0	0	1890	0	620	242	0	0	0	0	0	0	0	0	6684	0	0	0	0	0	2518	3530	9616	1436	800	0	0	0	0	0	0	0	876	0	0	0	0	0	0	0	180	0	4344	0	0	0	0	0	0	0	0	0	0	216	10174	0	7680	544	3500	0	1526	0	0	8226	3912	0	254	0	0	0	0	0	0	0	0	0	0	0	0	0	0	0	0	0	0	0	0	0	0	0	0	0	0	0	0	0	0	0	0	0	0	0	
193688	Thalamus_R	3378	5302	2460	9086	0	0	398	3510	0	0	0	1118	0	0	0	0	0	288	2288	7454	0	0	0	0	0	0	0	0	680	1424	0	0	124	0	4538	5542	3406	7726	244	464	0	0	0	0	0	0	0	642	0	0	0	0	0	0	0	114	278	118	0	0	0	0	0	0	0	0	526	184	2660	0	1720	17762	0	3622	0	794	8226	0	614	154	0	0	0	0	0	0	0	0	0	0	0	0	0	0	0	0	0	0	0	0	0	0	0	0	0	0	0	0	0	0	0	0	0	0	0	0	
118692	Heschl_L	6398	298	1942	0	0	0	1500	412	0	0	1286	134	532	0	0	0	3864	0	1682	0	0	0	0	0	0	0	0	0	11864	364	0	0	0	0	1694	1576	7374	1368	0	0	0	0	0	0	0	0	0	0	0	0	182	0	250	0	0	0	4596	0	0	0	0	0	178	0	0	0	1056	0	0	0	0	0	0	128	0	0	3912	614	0	0	2896	0	0	0	1680	0	0	0	1566	0	0	0	0	0	0	0	0	0	0	0	0	0	0	0	0	0	0	0	0	0	0	0	0	0	0	0	
24396	Heschl_R	0	722	0	0	0	0	0	824	0	0	0	0	0	0	0	0	0	826	0	0	0	0	0	0	0	0	0	0	0	1286	0	0	0	0	0	132	0	1498	0	436	0	0	0	0	0	0	0	0	0	0	0	0	0	0	0	606	0	134	0	0	0	0	0	0	0	0	0	0	0	0	0	0	0	738	0	0	0	154	0	0	0	3220	0	0	0	504	0	0	0	1118	0	0	0	0	0	0	0	0	0	0	0	0	0	0	0	0	0	0	0	0	0	0	0	0	0	0	
204120	Temporal_Sup_L	2594	0	2604	0	0	0	776	0	0	0	1668	0	496	0	0	0	6438	0	2022	0	0	0	188	0	0	0	0	0	9724	0	0	0	434	0	0	0	3656	0	0	0	0	0	346	0	538	0	0	0	0	0	2896	0	1518	0	6428	0	3462	0	0	0	2626	0	7704	0	484	0	482	0	0	0	0	0	732	0	0	0	254	0	2896	0	0	0	2910	0	20976	0	0	0	16682	0	226	0	0	0	0	0	0	0	300	0	0	0	0	0	0	0	0	0	0	0	0	0	0	0	0	0	
123444	Temporal_Sup_R	0	838	0	248	0	0	0	576	0	0	0	336	0	0	0	1070	0	2580	0	156	0	0	0	0	0	0	0	0	0	3550	0	0	0	0	0	0	0	4620	0	2032	0	0	0	0	0	586	0	0	0	772	0	434	0	228	0	5250	0	2416	0	462	0	2380	0	7596	0	1398	0	798	0	0	0	0	0	1590	0	0	0	0	0	3220	0	0	0	3638	0	8256	0	124	0	6568	0	0	0	0	0	0	0	0	0	0	0	0	0	0	0	0	0	0	0	0	0	0	0	0	0	0	
53696	Temporal_Pole_Sup_L	0	0	934	0	0	0	312	0	0	0	1992	0	610	0	312	0	2072	0	594	0	120	0	240	0	0	0	0	0	3100	0	156	0	0	0	0	0	1362	0	190	0	454	0	0	0	0	0	0	0	0	0	0	0	0	0	248	0	0	0	0	0	0	0	0	0	0	0	0	0	0	0	0	0	416	0	0	0	0	0	0	0	2910	0	0	0	4726	0	2632	0	3468	0	0	0	0	0	0	0	0	0	0	0	0	0	0	0	0	0	0	0	0	0	0	0	0	0	0	0	
42660	Temporal_Pole_Sup_R	0	0	0	256	0	168	0	0	0	0	0	552	0	0	0	1298	0	570	0	160	0	0	0	0	0	0	0	0	0	2670	0	0	0	0	0	0	0	444	0	1288	0	1406	0	0	0	0	0	0	0	0	0	0	0	0	0	2418	0	0	0	0	0	0	0	0	0	0	0	0	0	0	0	0	0	1200	0	0	0	0	0	0	0	3638	0	0	0	1514	0	1674	0	2074	0	0	0	0	0	0	0	0	0	0	0	0	0	0	0	0	0	0	0	0	0	0	0	0	0	0	
271696	Temporal_Mid_L	2324	0	0	0	0	0	0	0	0	0	0	0	0	0	0	0	1270	0	0	0	0	0	0	0	0	0	0	0	2422	0	0	0	216	0	252	0	1060	0	0	0	0	0	2322	0	2654	0	0	0	2102	0	19086	0	3726	0	3336	0	3398	0	2160	0	2896	0	6890	0	9826	0	2372	0	1298	0	0	0	0	0	0	0	0	0	1680	0	20976	0	4726	0	0	0	3002	0	35854	0	0	0	0	0	0	0	0	0	0	0	0	0	0	0	0	0	0	0	0	0	0	0	0	0	0	0	
131464	Temporal_Mid_R	0	1320	0	0	0	0	0	0	0	0	0	0	0	0	0	158	0	0	0	0	0	0	0	0	0	0	0	0	0	322	0	0	0	0	0	0	0	468	0	0	0	0	0	3476	0	3516	0	334	0	6894	0	11732	0	744	0	1240	0	1498	0	1868	0	178	0	420	0	4500	0	2652	0	0	0	0	0	0	0	0	0	0	0	504	0	8256	0	1514	0	0	0	172	0	13966	0	0	0	0	0	0	0	0	0	0	0	0	0	0	0	0	0	0	0	0	0	0	0	0	0	0	
16612	Temporal_Pole_Mid_L	0	0	0	0	0	0	0	0	0	0	0	0	0	0	0	0	0	0	0	0	0	0	0	0	0	0	0	0	0	0	0	0	0	0	0	0	0	0	0	0	0	0	0	0	0	0	0	0	0	0	0	0	0	0	0	0	0	0	0	0	0	0	0	0	0	0	0	0	0	0	0	0	0	0	0	0	0	0	0	0	0	0	2632	0	3002	0	0	0	2672	0	0	0	0	0	0	0	0	0	0	0	0	0	0	0	0	0	0	0	0	0	0	0	0	0	0	0	
8612	Temporal_Pole_Mid_R	0	0	0	0	0	0	0	0	0	0	0	0	0	0	0	0	0	0	0	0	0	0	0	0	0	0	0	0	0	0	0	0	0	0	0	0	0	0	0	590	0	376	0	0	0	0	0	0	0	0	0	0	0	0	0	882	0	0	0	0	0	0	0	0	0	0	0	0	0	0	0	0	0	0	0	0	0	0	0	0	0	124	0	1674	0	172	0	0	0	488	0	0	0	0	0	0	0	0	0	0	0	0	0	0	0	0	0	0	0	0	0	0	0	0	0	0	
235092	Temporal_Inf_L	724	0	126	0	0	0	0	0	0	0	0	0	0	0	0	0	478	0	156	0	0	0	0	0	0	0	0	0	2764	0	0	0	240	0	124	0	5480	0	0	0	794	0	518	0	1376	0	0	0	1216	0	8348	0	5616	0	12778	0	982	0	1152	0	1374	0	1778	0	2046	0	998	0	942	0	0	0	154	0	0	0	0	0	1566	0	16682	0	3468	0	35854	0	2672	0	0	0	4950	0	182	0	0	0	108	0	1360	0	170	0	370	0	0	0	0	0	0	0	0	0	0	0	0	0	
174328	Temporal_Inf_R	0	1340	0	0	0	0	0	274	0	0	0	0	0	0	0	0	0	144	0	0	0	0	0	0	0	0	0	0	0	280	0	0	0	0	0	0	0	3948	0	1504	0	134	0	3462	0	3470	0	2662	0	4880	0	3234	0	8900	0	14674	0	890	0	2920	0	864	0	1244	0	1488	220	4958	0	0	0	0	0	0	0	0	0	0	0	1118	0	6568	0	2074	0	13966	0	488	0	0	0	1460	0	0	0	0	0	0	0	0	0	0	0	0	0	0	0	0	0	0	0	0	0	0	0	0	
371140	Cerebelum_Crus1_L	0	0	0	0	0	0	0	0	0	0	0	0	0	0	0	0	0	0	0	0	0	0	0	0	0	0	0	0	0	0	0	0	0	0	0	0	0	0	0	0	0	0	0	0	0	0	1706	834	0	0	366	0	1160	0	15006	136	0	0	0	0	0	0	0	0	0	0	0	0	0	0	0	0	0	0	0	0	0	0	0	0	226	0	0	0	0	0	0	0	4950	0	0	728	34818	394	736	0	14764	1298	45742	2052	13386	0	22062	820	7108	668	2044	0	112	272	3396	3776	3816	1826	1142	226	
329892	Cerebelum_Crus1_R	0	0	0	0	0	0	0	0	0	0	0	0	0	0	0	0	0	0	0	0	0	0	0	0	0	0	0	0	0	0	0	0	0	0	0	0	0	274	0	376	0	0	0	0	0	0	0	3310	0	0	0	0	0	338	0	15030	0	0	0	0	0	0	0	0	0	0	0	0	0	0	0	0	0	0	0	0	0	0	0	0	0	0	0	0	0	0	0	0	0	1460	728	0	534	34538	0	916	524	11104	644	45770	0	5718	0	20488	212	5022	0	2778	124	460	2684	2368	8200	1346	0	0	
276648	Cerebelum_Crus2_L	0	0	0	0	0	0	0	0	0	0	0	0	0	0	0	0	0	0	0	0	0	0	0	0	0	0	0	0	0	0	0	0	0	0	0	0	0	0	0	0	0	0	0	0	0	0	334	168	0	0	0	0	0	0	522	0	0	0	0	0	0	0	0	0	0	0	0	0	0	0	0	0	0	0	0	0	0	0	0	0	0	0	0	0	0	0	0	0	182	0	34818	534	0	3744	0	0	610	0	2224	218	34072	1612	37048	3332	9764	488	938	0	0	0	0	436	5288	1646	346	0	
230892	Cerebelum_Crus2_R	0	0	0	0	0	0	0	0	0	0	0	0	0	0	0	0	0	0	0	0	0	0	0	0	0	0	0	0	0	0	0	0	0	0	0	0	0	0	0	0	0	0	0	0	0	0	0	728	0	0	0	0	0	0	0	1098	0	0	0	0	0	0	0	0	0	0	0	0	0	0	0	0	0	0	0	0	0	0	0	0	0	0	0	0	0	0	0	0	0	0	394	34538	3744	0	0	130	0	1352	0	10542	1496	17136	1006	26882	0	6918	0	2848	0	0	110	284	5322	918	0	0	
35924	Cerebelum_3_L	0	0	0	0	0	0	0	0	0	0	0	0	0	0	0	0	0	0	0	0	0	0	0	0	0	0	0	0	0	0	0	0	0	0	0	0	0	0	180	0	0	0	0	0	0	0	0	250	0	0	0	0	0	0	184	0	0	0	0	0	0	0	0	0	0	0	0	0	0	0	0	0	0	0	0	0	0	0	0	0	0	0	0	0	0	0	0	0	0	0	736	0	0	0	0	0	7764	0	2402	540	0	0	0	0	840	0	0	0	498	2260	1502	672	0	134	0	0	
37128	Cerebelum_3_R	0	0	0	0	0	0	0	0	0	0	0	0	0	0	0	0	0	0	0	0	0	0	0	0	0	0	0	0	0	0	0	0	0	0	0	0	0	0	0	0	0	0	0	0	0	0	0	0	0	0	0	0	0	0	0	218	0	0	0	0	0	0	0	0	0	0	0	0	0	0	0	0	0	0	0	0	0	0	0	0	0	0	0	0	0	0	0	0	0	0	0	916	0	130	0	0	450	5078	282	5398	0	0	0	0	150	298	0	0	406	2826	788	460	424	280	304	156	
218132	Cerebelum_4_5_L	0	0	0	0	0	0	0	0	0	0	0	0	0	0	0	0	0	0	0	0	0	0	0	0	0	0	0	0	0	0	0	0	0	0	0	0	0	0	186	0	0	0	0	0	0	0	3826	1372	0	0	0	0	310	0	9708	164	0	0	0	0	0	0	0	0	0	0	0	0	0	0	0	0	0	0	0	0	0	0	0	0	0	0	0	0	0	0	0	0	108	0	14764	524	610	0	7764	450	0	2632	30864	3940	226	0	1008	142	5380	1338	178	0	876	2078	10390	4386	1700	1882	1792	468	
164428	Cerebelum_4_5_R	0	0	0	0	0	0	0	0	0	0	0	0	0	0	0	0	0	0	0	0	0	0	0	0	0	0	0	0	0	0	0	0	0	0	0	0	0	896	0	1240	0	0	0	0	0	0	0	2844	0	0	0	0	0	262	0	7662	0	0	0	0	0	0	0	0	0	0	0	0	0	0	0	0	0	0	0	0	0	0	0	0	0	0	0	0	0	0	0	0	0	0	1298	11104	0	1352	0	5078	2632	0	2162	28270	0	106	0	1166	572	566	0	0	170	1418	8112	1268	2218	1232	586	0	
345364	Cerebelum_6_L	0	0	0	0	0	0	0	0	0	0	0	0	0	0	0	0	0	0	0	0	0	0	0	0	0	0	0	0	0	0	0	0	0	0	0	0	0	0	126	0	0	0	0	0	0	0	6746	2078	0	0	620	0	2788	0	26978	336	0	0	0	0	0	0	0	0	0	0	0	0	0	0	0	0	0	0	0	0	0	0	0	0	300	0	0	0	0	0	0	0	1360	0	45742	644	2224	0	2402	282	30864	2162	0	4338	2066	0	2930	0	4034	2500	1248	0	338	676	7788	9620	3754	3782	3570	386	
347480	Cerebelum_6_R	0	0	0	0	0	0	0	0	0	0	0	0	0	0	0	0	0	0	0	0	0	0	0	0	0	0	0	0	0	0	0	0	0	0	0	0	0	286	0	418	0	0	0	272	0	0	0	7274	0	0	0	0	0	2148	0	21180	0	0	0	0	0	0	0	0	0	0	0	0	0	0	0	0	0	0	0	0	0	0	0	0	0	0	0	0	0	0	0	0	0	0	2052	45770	218	10542	540	5398	3940	28270	4338	0	0	1044	114	7346	1034	1468	0	1126	456	1906	8788	7620	7442	2320	430	0	
201660	Cerebelum_7b_L	0	0	0	0	0	0	0	0	0	0	0	0	0	0	0	0	0	0	0	0	0	0	0	0	0	0	0	0	0	0	0	0	0	0	0	0	0	0	0	0	0	0	0	0	0	0	0	0	0	0	0	0	0	0	168	0	0	0	0	0	0	0	0	0	0	0	0	0	0	0	0	0	0	0	0	0	0	0	0	0	0	0	0	0	0	0	0	0	170	0	13386	0	34072	1496	0	0	226	0	2066	0	0	348	34210	1912	7594	402	640	0	0	0	0	0	2504	1390	246	0	
87828	Cerebelum_7b_R	0	0	0	0	0	0	0	0	0	0	0	0	0	0	0	0	0	0	0	0	0	0	0	0	0	0	0	0	0	0	0	0	0	0	0	0	0	0	0	0	0	0	0	0	0	0	0	0	0	0	0	0	0	0	0	0	0	0	0	0	0	0	0	0	0	0	0	0	0	0	0	0	0	0	0	0	0	0	0	0	0	0	0	0	0	0	0	0	0	0	0	5718	1612	17136	0	0	0	106	0	1044	348	0	0	15168	0	1194	0	348	0	0	0	0	928	312	0	0	
255288	Cerebelum_8_L	0	0	0	0	0	0	0	0	0	0	0	0	0	0	0	0	0	0	0	0	0	0	0	0	0	0	0	0	0	0	0	0	0	0	0	0	0	0	0	0	0	0	0	0	0	0	0	0	0	0	0	0	0	0	230	0	0	0	0	0	0	0	0	0	0	0	0	0	0	0	0	0	0	0	0	0	0	0	0	0	0	0	0	0	0	0	0	0	370	0	22062	0	37048	1006	0	0	1008	0	2930	114	34210	0	0	2604	17436	584	2174	0	0	0	0	134	2624	2614	496	0	
219132	Cerebelum_8_R	0	0	0	0	0	0	0	0	0	0	0	0	0	0	0	0	0	0	0	0	0	0	0	0	0	0	0	0	0	0	0	0	0	0	0	0	0	0	0	0	0	0	0	0	0	0	0	0	0	0	0	0	0	0	0	868	0	0	0	0	0	0	0	0	0	0	0	0	0	0	0	0	0	0	0	0	0	0	0	0	0	0	0	0	0	0	0	0	0	0	820	20488	3332	26882	0	0	142	1166	0	7346	1912	15168	2604	0	518	14840	0	3822	0	0	0	148	5700	3022	788	0	
147592	Cerebelum_9_L	0	0	0	0	0	0	0	0	0	0	0	0	0	0	0	0	0	0	0	0	0	0	0	0	0	0	0	0	0	0	0	0	0	0	0	0	0	0	0	0	0	0	0	0	0	0	0	164	0	0	0	0	0	0	0	0	0	0	0	0	0	0	0	0	0	0	0	0	0	0	0	0	0	0	0	0	0	0	0	0	0	0	0	0	0	0	0	0	0	0	7108	212	9764	0	840	150	5380	572	4034	1034	7594	0	17436	518	0	1406	4694	0	522	538	2226	2872	1938	2348	2050	396	
120084	Cerebelum_9_R	0	0	0	0	0	0	0	0	0	0	0	0	0	0	0	0	0	0	0	0	0	0	0	0	0	0	0	0	0	0	0	0	0	0	0	0	0	0	0	0	0	0	0	0	0	0	0	108	0	0	0	0	0	0	0	316	0	0	0	0	0	0	0	0	0	0	0	0	0	0	0	0	0	0	0	0	0	0	0	0	0	0	0	0	0	0	0	0	0	0	668	5022	488	6918	0	298	1338	566	2500	1468	402	1194	584	14840	1406	0	0	4024	502	618	1068	3312	2982	4326	4206	888	
26712	Cerebelum_10_L	0	0	0	0	0	0	0	0	0	0	0	0	0	0	0	0	0	0	0	0	0	0	0	0	0	0	0	0	0	0	0	0	0	0	0	0	0	0	0	0	0	0	0	0	0	0	0	0	0	0	0	0	0	0	0	0	0	0	0	0	0	0	0	0	0	0	0	0	0	0	0	0	0	0	0	0	0	0	0	0	0	0	0	0	0	0	0	0	0	0	2044	0	938	0	0	0	178	0	1248	0	640	0	2174	0	4694	0	0	0	0	0	0	396	418	348	278	0	
31144	Cerebelum_10_R	0	0	0	0	0	0	0	0	0	0	0	0	0	0	0	0	0	0	0	0	0	0	0	0	0	0	0	0	0	0	0	0	0	0	0	0	0	0	0	0	0	0	0	0	0	0	0	0	0	0	0	0	0	0	0	242	0	0	0	0	0	0	0	0	0	0	0	0	0	0	0	0	0	0	0	0	0	0	0	0	0	0	0	0	0	0	0	0	0	0	0	2778	0	2848	0	0	0	0	0	1126	0	348	0	3822	0	4024	0	0	0	0	0	0	268	116	0	0	
18964	Vermis_1_2	0	0	0	0	0	0	0	0	0	0	0	0	0	0	0	0	0	0	0	0	0	0	0	0	0	0	0	0	0	0	0	0	0	0	0	0	0	0	0	0	0	0	0	0	0	0	0	0	0	0	0	0	0	0	0	0	0	0	0	0	0	0	0	0	0	0	0	0	0	0	0	0	0	0	0	0	0	0	0	0	0	0	0	0	0	0	0	0	0	0	112	124	0	0	498	406	876	170	338	456	0	0	0	0	522	502	0	0	0	3268	1126	400	150	190	188	156	
42348	Vermis_3	0	0	0	0	0	0	0	0	0	0	0	0	0	0	0	0	0	0	0	0	0	0	0	0	0	0	0	0	0	0	0	0	0	0	0	0	0	0	0	0	0	0	0	0	0	0	0	308	0	0	0	0	0	0	0	130	0	0	0	0	0	0	0	0	0	0	0	0	0	0	0	0	0	0	0	0	0	0	0	0	0	0	0	0	0	0	0	0	0	0	272	460	0	0	2260	2826	2078	1418	676	1906	0	0	0	0	538	618	0	0	3268	0	2440	704	386	306	302	278	
135664	Vermis_4_5	0	0	0	0	0	0	0	0	0	0	0	0	0	0	0	0	0	0	0	0	0	0	0	0	0	0	0	0	0	0	0	0	0	0	0	190	0	220	0	206	0	0	0	0	0	0	1366	3982	0	0	0	0	0	284	476	2688	0	0	0	0	0	0	0	0	0	0	0	252	0	0	0	0	0	0	0	0	0	0	0	0	0	0	0	0	0	0	0	0	0	0	3396	2684	0	110	1502	788	10390	8112	7788	8788	0	0	0	0	2226	1068	0	0	1126	2440	0	4436	400	728	1096	1090	
139564	Vermis_6	0	0	0	0	0	0	0	0	0	0	0	0	0	0	0	0	0	0	0	0	0	0	0	0	0	0	0	0	0	0	0	0	0	0	0	0	0	0	0	0	0	0	0	270	0	0	234	4720	0	0	0	0	0	1600	336	3314	0	0	0	0	0	0	0	0	0	0	0	0	0	0	0	0	0	0	0	0	0	0	0	0	0	0	0	0	0	0	0	0	0	0	3776	2368	436	284	672	460	4386	1268	9620	7620	0	0	134	148	2872	3312	396	0	400	704	4436	0	5112	4724	4820	1360	
152288	Vermis_7	0	0	0	0	0	0	0	0	0	0	0	0	0	0	0	0	0	0	0	0	0	0	0	0	0	0	0	0	0	0	0	0	0	0	0	0	0	0	0	0	0	0	0	0	0	0	0	1180	0	0	0	0	0	244	0	998	0	0	0	0	0	0	0	0	0	0	0	0	0	0	0	0	0	0	0	0	0	0	0	0	0	0	0	0	0	0	0	0	0	0	3816	8200	5288	5322	0	424	1700	2218	3754	7442	2504	928	2624	5700	1938	2982	418	268	150	386	400	5112	0	7778	4370	0	
99428	Vermis_8	0	0	0	0	0	0	0	0	0	0	0	0	0	0	0	0	0	0	0	0	0	0	0	0	0	0	0	0	0	0	0	0	0	0	0	0	0	0	0	0	0	0	0	0	0	0	0	116	0	0	0	0	0	0	0	0	0	0	0	0	0	0	0	0	0	0	0	0	0	0	0	0	0	0	0	0	0	0	0	0	0	0	0	0	0	0	0	0	0	0	1826	1346	1646	918	134	280	1882	1232	3782	2320	1390	312	2614	3022	2348	4326	348	116	190	306	728	4724	7778	0	5740	290	
67372	Vermis_9	0	0	0	0	0	0	0	0	0	0	0	0	0	0	0	0	0	0	0	0	0	0	0	0	0	0	0	0	0	0	0	0	0	0	0	0	0	0	0	0	0	0	0	0	0	0	0	150	0	0	0	0	0	0	0	0	0	0	0	0	0	0	0	0	0	0	0	0	0	0	0	0	0	0	0	0	0	0	0	0	0	0	0	0	0	0	0	0	0	0	1142	0	346	0	0	304	1792	586	3570	430	246	0	496	788	2050	4206	278	0	188	302	1096	4820	4370	5740	0	786	
12960	Vermis_10	0	0	0	0	0	0	0	0	0	0	0	0	0	0	0	0	0	0	0	0	0	0	0	0	0	0	0	0	0	0	0	0	0	0	0	0	0	0	0	0	0	0	0	0	0	0	0	0	0	0	0	0	0	0	0	0	0	0	0	0	0	0	0	0	0	0	0	0	0	0	0	0	0	0	0	0	0	0	0	0	0	0	0	0	0	0	0	0	0	0	226	0	0	0	0	156	468	0	386	0	0	0	0	0	396	888	0	0	156	278	1090	1360	0	290	786	0	
