data	data	335492	164664	831684	875704	120752	91644	515184	256400	76512	51456	159684	127156	151092	67864	169540	144776	162080	101908	671112	763324	63780	94948	319488	403536	27860	93948	61588	64028	424652	289100	226500	386680	181260	398452	164764	171072	306404	458788	198224	255288	22412	63072	277820	349112	257340	326268	406596	317420	183544	270388	481600	212848	228064	89744	574736	415468	255232	99024	154580	121008	190456	97684	83404	90892	62452	85888	327220	454260	149640	139392	211344	321980	249476	364656	42016	22152	119184	204244	57844	42240	153080	141448	50144	61492	282364	231400	21712	29916	438832	198448	531568	549040	394672	298608	71572	79496	344960	315076	536724	560632	324600	80320	443240	307940	148084	138892	25132	21536	16984	81912	317628	188248	174000	128152	97356	30000	
data	data	Precentral_L	Precentral_R	Frontal_Sup_L	Frontal_Sup_R	Frontal_Sup_Orb_L	Frontal_Sup_Orb_R	Frontal_Mid_L	Frontal_Mid_R	Frontal_Mid_Orb_L	Frontal_Mid_Orb_R	Frontal_Inf_Oper_L	Frontal_Inf_Oper_R	Frontal_Inf_Tri_L	Frontal_Inf_Tri_R	Frontal_Inf_Orb_L	Frontal_Inf_Orb_R	Rolandic_Oper_L	Rolandic_Oper_R	Supp_Motor_Area_L	Supp_Motor_Area_R	Olfactory_L	Olfactory_R	Frontal_Sup_Medial_L	Frontal_Sup_Medial_R	Frontal_Med_Orb_L	Frontal_Med_Orb_R	Rectus_L	Rectus_R	Insula_L	Insula_R	Cingulum_Ant_L	Cingulum_Ant_R	Cingulum_Mid_L	Cingulum_Mid_R	Cingulum_Post_L	Cingulum_Post_R	Hippocampus_L	Hippocampus_R	ParaHippocampal_L	ParaHippocampal_R	Amygdala_L	Amygdala_R	Calcarine_L	Calcarine_R	Cuneus_L	Cuneus_R	Lingual_L	Lingual_R	Occipital_Sup_L	Occipital_Sup_R	Occipital_Mid_L	Occipital_Mid_R	Occipital_Inf_L	Occipital_Inf_R	Fusiform_L	Fusiform_R	Postcentral_L	Postcentral_R	Parietal_Sup_L	Parietal_Sup_R	Parietal_Inf_L	Parietal_Inf_R	SupraMarginal_L	SupraMarginal_R	Angular_L	Angular_R	Precuneus_L	Precuneus_R	Paracentral_Lobule_L	Paracentral_Lobule_R	Caudate_L	Caudate_R	Putamen_L	Putamen_R	Pallidum_L	Pallidum_R	Thalamus_L	Thalamus_R	Heschl_L	Heschl_R	Temporal_Sup_L	Temporal_Sup_R	Temporal_Pole_Sup_L	Temporal_Pole_Sup_R	Temporal_Mid_L	Temporal_Mid_R	Temporal_Pole_Mid_L	Temporal_Pole_Mid_R	Temporal_Inf_L	Temporal_Inf_R	Cerebelum_Crus1_L	Cerebelum_Crus1_R	Cerebelum_Crus2_L	Cerebelum_Crus2_R	Cerebelum_3_L	Cerebelum_3_R	Cerebelum_4_5_L	Cerebelum_4_5_R	Cerebelum_6_L	Cerebelum_6_R	Cerebelum_7b_L	Cerebelum_7b_R	Cerebelum_8_L	Cerebelum_8_R	Cerebelum_9_L	Cerebelum_9_R	Cerebelum_10_L	Cerebelum_10_R	Vermis_1_2	Vermis_3	Vermis_4_5	Vermis_6	Vermis_7	Vermis_8	Vermis_9	Vermis_10	
335492	Precentral_L	0	2380	12404	2786	0	0	19580	0	0	0	13408	0	1096	0	0	0	10230	0	8884	4584	0	0	176	0	0	0	0	0	11614	0	0	0	118	1092	904	436	4606	2238	654	214	0	0	98	0	132	0	0	0	0	0	1918	0	86	0	554	216	28992	0	410	0	4262	0	644	0	0	0	226	0	8000	722	2138	514	4620	0	1322	0	8168	1482	2272	0	2116	0	0	0	204	0	0	0	1246	0	0	0	0	0	0	0	0	0	0	0	0	0	0	0	0	0	0	0	0	0	0	0	0	0	0	0	
164664	Precentral_R	2380	0	1034	7518	0	0	204	6114	0	0	0	3410	0	0	0	0	0	728	1236	9052	0	0	0	0	0	0	0	0	0	2274	0	0	242	476	618	236	0	7364	0	366	0	0	0	152	0	0	0	98	0	0	0	300	0	130	0	1196	106	9708	0	252	0	886	0	1776	0	0	0	822	5374	6896	300	1264	90	1812	0	0	0	2928	0	334	0	1320	0	0	0	1468	0	0	0	1868	0	0	0	0	0	0	0	0	0	0	0	0	0	0	0	0	0	0	0	0	0	0	0	0	0	0	
831684	Frontal_Sup_L	12404	1034	0	14796	8106	0	75794	3508	6620	0	6084	2820	10064	188	16906	0	6014	0	69928	18920	650	0	40232	5928	408	0	998	0	28596	214	10818	6398	7998	5832	0	0	2834	258	204	0	0	0	0	0	0	0	0	0	0	0	0	0	0	0	656	0	2784	0	0	0	132	0	0	0	0	0	0	0	1236	298	14368	2630	17604	924	3400	0	5050	430	348	0	1110	0	90	0	0	0	0	0	228	0	0	0	0	0	0	0	0	0	0	0	0	0	0	0	0	0	0	0	0	0	0	0	0	0	0	0	
875704	Frontal_Sup_R	2786	7518	14796	0	0	7862	2166	33960	0	4166	236	9462	0	3668	288	11666	134	6386	34008	80896	0	2102	9510	45164	218	4352	0	1546	976	15982	5694	31198	1624	18462	282	264	94	12556	0	3834	0	88	0	0	0	0	150	0	0	0	0	0	0	0	0	2356	254	448	0	0	0	0	0	0	0	0	0	0	2262	416	3298	15960	850	24654	0	2092	0	9244	0	1016	0	242	0	272	0	0	0	0	0	0	0	0	0	0	108	0	192	0	0	94	0	0	0	0	0	0	0	0	0	0	0	0	0	0	0	0	
120752	Frontal_Sup_Orb_L	0	0	8106	0	0	0	1746	0	10684	0	0	0	154	0	13450	0	0	0	364	0	2142	0	5816	0	2486	0	4496	0	2690	0	7004	224	0	0	0	0	0	0	112	0	0	0	0	0	0	0	0	0	0	0	0	0	0	0	0	0	0	0	0	0	0	0	0	0	0	0	0	0	0	0	0	124	512	86	0	0	0	0	0	0	0	0	180	0	0	0	0	0	0	0	0	0	0	0	0	0	0	0	0	0	0	0	0	0	0	0	0	0	0	0	0	0	0	0	0	0	
91644	Frontal_Sup_Orb_R	0	0	0	7862	0	0	0	2074	0	6552	0	0	0	256	0	5080	0	0	0	0	0	1332	0	3684	250	8936	0	5844	0	824	336	1342	0	0	0	0	0	0	0	0	0	0	0	0	0	0	0	0	0	0	0	0	0	0	0	0	0	0	0	0	0	0	0	0	0	0	0	0	0	0	0	656	0	794	0	0	0	0	0	0	0	0	0	0	0	0	0	0	0	0	0	0	0	0	0	0	0	0	0	0	0	0	0	0	0	0	0	0	0	0	0	0	0	0	0	0	
515184	Frontal_Mid_L	19580	204	75794	2166	1746	0	0	3050	5082	0	7998	2446	29570	0	13744	0	4496	0	11154	1314	0	0	15706	900	0	0	0	0	23132	128	3944	1142	5352	1588	0	0	3070	336	602	0	0	0	0	0	0	0	0	0	0	0	0	0	0	0	562	0	2620	0	0	0	388	0	0	0	0	0	0	0	0	0	5208	404	4386	540	384	0	5500	408	656	0	1136	0	170	0	0	0	0	0	986	0	0	0	0	0	0	0	0	0	0	0	0	0	0	0	0	0	0	0	0	0	0	0	0	0	0	0	
256400	Frontal_Mid_R	0	6114	3508	33960	0	2074	3050	0	0	6680	0	5198	0	7770	0	11448	0	394	6032	7748	0	718	852	6010	0	0	0	336	88	7028	374	1504	0	4196	0	0	0	2176	0	622	0	0	0	0	0	0	0	0	0	0	0	0	0	0	0	398	0	296	0	0	0	0	0	120	0	0	0	0	0	0	1946	376	0	6892	0	146	0	146	0	0	0	0	0	0	0	0	0	0	0	0	0	0	0	0	0	0	0	0	0	0	0	0	0	0	0	0	0	0	0	0	0	0	0	0	0	0	
76512	Frontal_Mid_Orb_L	0	0	6620	0	10684	0	5082	0	0	0	0	0	1280	0	12548	0	0	0	0	0	0	0	494	0	110	0	418	0	412	0	608	0	0	0	0	0	0	0	0	0	0	0	0	0	0	0	0	0	0	0	0	0	0	0	0	0	0	0	0	0	0	0	0	0	0	0	0	0	0	0	0	0	0	0	0	0	0	0	0	0	0	0	0	0	0	0	0	0	0	0	0	0	0	0	0	0	0	0	0	0	0	0	0	0	0	0	0	0	0	0	0	0	0	0	0	0	
51456	Frontal_Mid_Orb_R	0	0	0	4166	0	6552	0	6680	0	0	0	0	0	1028	0	6084	0	0	0	0	0	0	0	116	0	868	0	88	0	146	0	0	0	0	0	0	0	0	0	0	0	0	0	0	0	0	0	0	0	0	0	0	0	0	0	0	0	0	0	0	0	0	0	0	0	0	0	0	0	0	0	0	0	0	0	0	0	0	0	0	0	0	0	0	0	0	0	0	0	0	0	0	0	0	0	0	0	0	0	0	0	0	0	0	0	0	0	0	0	0	0	0	0	0	0	0	
159684	Frontal_Inf_Oper_L	13408	0	6084	236	0	0	7998	0	0	0	0	0	7372	0	0	0	7992	0	2838	230	0	0	538	0	0	0	0	0	14460	0	106	0	348	0	0	0	1538	0	0	0	0	0	0	0	0	0	0	0	0	0	428	0	0	0	196	0	7842	0	0	0	1312	0	0	0	134	0	0	0	0	0	0	0	1960	0	0	0	418	0	804	0	2606	0	752	0	0	0	0	0	242	0	0	0	0	0	0	0	0	0	0	0	0	0	0	0	0	0	0	0	0	0	0	0	0	0	0	0	
127156	Frontal_Inf_Oper_R	0	3410	2820	9462	0	0	2446	5198	0	0	0	0	0	2854	0	0	0	3180	1330	7976	0	0	0	156	0	0	0	0	0	12016	0	138	0	2120	0	0	0	698	0	122	0	0	0	0	0	0	0	0	0	0	0	0	0	0	0	112	0	276	0	0	0	0	0	0	0	0	0	0	0	0	3538	322	0	4350	0	0	0	94	0	136	0	220	0	604	0	0	0	0	0	0	0	0	0	0	0	0	0	0	0	0	0	0	0	0	0	0	0	0	0	0	0	0	0	0	0	0	
151092	Frontal_Inf_Tri_L	1096	0	10064	0	154	0	29570	0	1280	0	7372	0	0	0	5986	0	546	0	1348	0	0	0	1334	0	0	0	0	0	14248	0	250	0	1084	0	0	0	88	0	0	0	0	0	0	0	0	0	0	0	0	0	0	0	0	0	0	0	0	0	0	0	0	0	0	0	0	0	0	0	0	0	0	0	234	0	0	0	0	0	0	0	312	0	580	0	0	0	0	0	0	0	0	0	0	0	0	0	0	0	0	0	0	0	0	0	0	0	0	0	0	0	0	0	0	0	0	0	
67864	Frontal_Inf_Tri_R	0	0	188	3668	0	256	0	7770	0	1028	0	2854	0	0	0	6742	0	382	444	1914	0	0	0	160	0	0	0	0	0	5276	0	272	152	1290	0	0	0	270	0	0	0	0	0	0	0	0	0	0	0	0	0	0	0	0	0	0	0	0	0	0	0	0	0	0	0	0	0	0	0	0	174	0	0	1092	0	0	0	0	0	0	0	0	0	0	0	0	0	0	0	0	0	0	0	0	0	0	0	0	0	0	0	0	0	0	0	0	0	0	0	0	0	0	0	0	0	0	
169540	Frontal_Inf_Orb_L	0	0	16906	288	13450	0	13744	0	12548	0	0	0	5986	0	0	0	0	0	432	0	794	0	5744	264	592	0	1482	0	6000	0	4892	304	576	320	0	0	0	0	132	0	0	0	0	0	0	0	0	0	0	0	0	0	0	0	0	0	0	0	0	0	0	0	0	0	0	0	0	0	0	0	0	0	98	0	0	0	0	0	0	0	0	0	218	0	0	0	0	0	0	0	0	0	0	0	0	0	0	0	0	0	0	0	0	0	0	0	0	0	0	0	0	0	0	0	0	0	
144776	Frontal_Inf_Orb_R	0	0	0	11666	0	5080	0	11448	0	6084	0	0	0	6742	0	0	0	0	130	154	132	2082	0	3414	0	2458	118	1446	0	11946	188	1120	0	170	0	0	0	1814	0	328	0	140	0	0	0	0	0	0	0	0	0	0	0	0	0	564	0	0	0	0	0	0	0	0	0	0	0	0	0	0	100	554	96	4288	0	0	0	0	0	0	0	0	0	126	0	0	0	0	0	0	0	0	0	0	0	0	0	0	0	0	0	0	0	0	0	0	0	0	0	0	0	0	0	0	0	0	
162080	Rolandic_Oper_L	10230	0	6014	134	0	0	4496	0	0	0	7992	0	546	0	0	0	0	0	2310	138	0	0	184	0	0	0	0	0	17220	0	0	0	0	0	0	0	704	0	0	0	0	0	278	0	98	0	0	0	0	0	1978	0	236	0	214	0	10900	0	120	0	1926	0	2022	0	0	0	172	0	0	0	0	0	442	0	0	0	152	0	3772	0	6640	0	326	0	1066	0	0	0	730	0	0	0	0	0	0	0	0	0	0	0	0	0	0	0	0	0	0	0	0	0	0	0	0	0	0	0	
101908	Rolandic_Oper_R	0	728	0	6386	0	0	0	394	0	0	0	3180	0	382	0	0	0	0	0	5070	0	0	0	0	0	0	0	0	0	9062	0	0	0	178	0	0	0	3348	0	0	0	0	0	0	0	0	0	0	0	0	0	0	0	0	0	514	0	2382	0	158	0	0	0	3164	0	0	0	368	0	0	0	0	0	3230	0	0	0	0	0	2730	0	6902	0	676	0	988	0	0	0	1114	0	0	0	0	0	0	0	0	0	0	0	0	0	0	0	0	0	0	0	0	0	0	0	0	0	0	
671112	Supp_Motor_Area_L	8884	1236	69928	34008	364	0	11154	6032	0	0	2838	1330	1348	444	432	130	2310	0	0	60008	170	0	5844	14564	0	0	166	0	12090	1142	2288	10954	6018	18016	598	380	1902	1114	96	556	0	0	0	0	0	0	0	0	0	0	0	0	0	0	156	210	1256	0	0	0	0	0	0	0	0	0	0	0	5916	230	11120	9420	11588	6958	5380	534	5826	126	0	0	382	0	0	0	0	0	0	0	110	0	0	0	0	0	0	0	0	0	0	0	0	0	0	0	0	0	0	0	0	0	0	0	0	0	0	0	
763324	Supp_Motor_Area_R	4584	9052	18920	80896	0	0	1314	7748	0	0	230	7976	0	1914	0	154	138	5070	60008	0	0	0	1412	15892	0	0	0	0	1162	9094	910	11916	5134	34006	1738	2054	168	6900	144	2916	0	0	0	254	0	258	154	90	0	134	0	114	0	0	90	1866	486	832	0	0	0	0	0	0	0	0	118	1598	10822	10642	2432	21826	914	14124	0	2724	160	18028	0	850	0	348	0	250	0	338	0	0	86	376	0	0	0	0	108	0	190	0	0	0	0	0	0	0	0	0	0	0	0	0	0	0	0	0	0	0	
63780	Olfactory_L	0	0	650	0	2142	0	0	0	0	0	0	0	0	0	794	132	0	0	170	0	0	3806	120	0	242	0	4596	656	3468	132	2680	1820	0	0	0	0	96	0	720	0	320	0	0	0	0	0	0	0	0	0	0	0	0	0	0	0	0	0	0	0	0	0	0	0	0	0	0	0	0	0	3586	3484	1200	902	0	0	0	0	0	0	0	0	174	0	0	0	0	0	0	0	0	0	0	0	0	0	0	0	0	0	0	0	0	0	0	0	0	0	0	0	0	0	0	0	0	0	
94948	Olfactory_R	0	0	0	2102	0	1332	0	718	0	0	0	0	0	0	0	2082	0	0	0	0	3806	0	0	1466	0	1254	2900	2368	98	3344	1772	3936	0	0	0	0	0	294	88	154	0	134	0	0	0	0	0	0	0	0	0	0	0	0	0	0	0	0	0	0	0	0	0	0	0	0	0	0	0	0	5960	7944	3230	2316	176	0	0	0	0	0	0	0	0	0	0	0	0	0	0	0	0	0	0	0	0	0	0	0	0	0	0	0	0	0	0	0	0	0	0	0	0	0	0	0	0	0	
319488	Frontal_Sup_Medial_L	176	0	40232	9510	5816	0	15706	852	494	0	538	0	1334	0	5744	0	184	0	5844	1412	120	0	0	20436	2590	1160	526	94	2750	0	16598	10440	6372	7106	0	0	158	0	0	0	0	0	0	0	0	0	0	0	0	0	0	0	0	0	102	0	0	0	0	0	0	0	0	0	0	0	0	0	0	0	90	82	3122	156	0	0	0	0	0	0	0	0	0	0	0	0	0	0	0	0	0	0	0	0	0	0	0	0	0	0	0	0	0	0	0	0	0	0	0	0	0	0	0	0	0	0	
403536	Frontal_Sup_Medial_R	0	0	5928	45164	0	3684	900	6010	0	116	0	156	0	160	264	3414	0	0	14564	15892	0	1466	20436	0	1044	7736	0	1632	82	2156	5154	29552	552	14876	0	0	0	0	0	0	0	0	0	0	0	0	0	0	0	0	0	0	0	0	0	0	0	0	0	0	0	0	0	0	0	0	0	0	0	0	926	11186	0	7828	0	0	0	890	0	0	0	0	0	0	0	0	0	0	0	0	0	0	0	0	0	0	0	0	0	0	0	0	0	0	0	0	0	0	0	0	0	0	0	0	0	0	
27860	Frontal_Med_Orb_L	0	0	408	218	2486	250	0	0	110	0	0	0	0	0	592	0	0	0	0	0	242	0	2590	1044	0	1924	444	240	218	0	2966	92	0	0	0	0	0	0	0	0	0	0	0	0	0	0	0	0	0	0	0	0	0	0	0	0	0	0	0	0	0	0	0	0	0	0	0	0	0	0	106	0	0	0	0	0	0	0	0	0	0	0	0	0	0	0	0	0	0	0	0	0	0	0	0	0	0	0	0	0	0	0	0	0	0	0	0	0	0	0	0	0	0	0	0	0	
93948	Frontal_Med_Orb_R	0	0	0	4352	0	8936	0	0	0	868	0	0	0	0	0	2458	0	0	0	0	0	1254	1160	7736	1924	0	162	7440	0	844	1200	4216	0	0	0	0	0	0	0	0	0	0	0	0	0	0	0	0	0	0	0	0	0	0	0	0	0	0	0	0	0	0	0	0	0	0	0	0	0	0	0	2306	0	2118	0	0	0	0	0	0	0	0	0	0	0	0	0	0	0	0	0	0	0	0	0	0	0	0	0	0	0	0	0	0	0	0	0	0	0	0	0	0	0	0	0	0	
61588	Rectus_L	0	0	998	0	4496	0	0	0	418	0	0	0	0	0	1482	118	0	0	166	0	4596	2900	526	0	444	162	0	856	820	118	4082	2234	0	0	0	0	0	0	0	0	0	0	0	0	0	0	0	0	0	0	0	0	0	0	0	0	0	0	0	0	0	0	0	0	0	0	0	0	0	0	1918	3168	114	1178	0	0	0	0	0	0	0	0	0	0	0	0	0	0	0	0	0	0	0	0	0	0	0	0	0	0	0	0	0	0	0	0	0	0	0	0	0	0	0	0	0	0	
64028	Rectus_R	0	0	0	1546	0	5844	0	336	0	88	0	0	0	0	0	1446	0	0	0	0	656	2368	94	1632	240	7440	856	0	0	592	1372	3676	0	0	0	0	0	0	0	0	0	0	0	0	0	0	0	0	0	0	0	0	0	0	0	0	0	0	0	0	0	0	0	0	0	0	0	0	0	0	0	2146	0	1682	0	0	0	0	0	0	0	0	0	0	0	0	0	0	0	0	0	0	0	0	0	0	0	0	0	0	0	0	0	0	0	0	0	0	0	0	0	0	0	0	0	0	
424652	Insula_L	11614	0	28596	976	2690	0	23132	88	412	0	14460	0	14248	0	6000	0	17220	0	12090	1162	3468	98	2750	82	218	0	820	0	0	0	1674	306	2074	354	0	0	12842	174	1624	0	846	0	178	0	0	0	0	0	0	0	1272	0	104	0	3964	0	7750	0	106	0	1506	0	380	0	0	0	146	0	0	0	902	224	16840	0	0	0	1366	102	4108	0	6220	0	1282	0	1042	0	182	0	4634	0	0	0	0	0	0	0	0	0	0	0	0	0	0	0	0	0	0	0	0	0	0	0	0	0	0	0	
289100	Insula_R	0	2274	214	15982	0	824	128	7028	0	146	0	12016	0	5276	0	11946	0	9062	1142	9094	132	3344	0	2156	0	844	118	592	0	0	186	1432	0	668	0	0	0	11270	0	2368	0	244	0	0	0	0	0	0	0	0	0	0	0	0	0	4864	0	1136	0	572	0	0	0	174	0	0	0	748	0	388	430	610	116	20158	0	0	0	120	0	4028	0	6508	0	1604	0	2610	0	0	0	1998	0	0	0	0	0	0	0	0	0	0	0	0	0	0	0	0	0	0	0	0	0	0	0	0	0	0	
226500	Cingulum_Ant_L	0	0	10818	5694	7004	336	3944	374	608	0	106	0	250	0	4892	188	0	0	2288	910	2680	1772	16598	5154	2966	1200	4082	1372	1674	186	0	15662	5138	3896	0	0	0	0	0	0	0	0	0	0	0	0	0	0	0	0	0	0	0	0	0	0	0	0	0	0	0	0	0	0	0	0	0	0	0	0	1694	3604	6070	2090	0	0	0	0	0	0	0	0	0	0	0	0	0	0	0	0	0	0	0	0	0	0	0	0	0	0	0	0	0	0	0	0	0	0	0	0	0	0	0	0	0	0	
386680	Cingulum_Ant_R	0	0	6398	31198	224	1342	1142	1504	0	0	0	138	0	272	304	1120	0	0	10954	11916	1820	3936	10440	29552	92	4216	2234	3676	306	1432	15662	0	2430	16342	0	0	0	0	0	0	0	0	0	0	0	0	0	0	0	0	0	0	0	0	0	0	0	0	0	0	0	0	0	0	0	0	0	0	0	0	1418	18780	790	12820	0	0	0	882	0	0	0	0	0	0	0	0	0	0	0	0	0	0	0	0	0	0	0	0	0	0	0	0	0	0	0	0	0	0	0	0	0	0	0	0	0	0	
181260	Cingulum_Mid_L	118	242	7998	1624	0	0	5352	0	0	0	348	0	1084	152	576	0	0	0	6018	5134	0	0	6372	552	0	0	0	0	2074	0	5138	2430	0	15470	4978	1754	0	126	0	0	0	0	364	0	1788	88	0	0	2140	0	3254	174	0	256	0	0	0	0	830	0	0	0	0	0	0	0	6270	1358	4626	1306	0	0	176	0	0	0	0	0	0	0	0	0	0	0	344	116	0	0	0	0	0	0	0	0	0	0	0	0	0	0	0	0	0	0	0	0	0	0	0	0	0	0	0	0	0	0	
398452	Cingulum_Mid_R	1092	476	5832	18462	0	0	1588	4196	0	0	0	2120	0	1290	320	170	0	178	18016	34006	0	0	7106	14876	0	0	0	0	354	668	3896	16342	15470	0	4946	7508	0	430	0	92	0	0	160	1934	296	1236	0	128	0	548	0	612	0	188	0	172	0	1494	0	708	0	0	0	0	0	0	1490	9346	7194	12556	0	0	0	110	0	0	0	0	0	0	0	148	0	98	0	1136	0	0	0	238	0	0	0	0	0	0	0	0	0	0	0	0	0	0	0	0	0	0	0	0	0	0	0	0	0	0	
164764	Cingulum_Post_L	904	618	0	282	0	0	0	0	0	0	0	0	0	0	0	0	0	0	598	1738	0	0	0	0	0	0	0	0	0	0	0	0	4978	4946	0	12138	5506	5656	5256	2228	0	0	2908	240	1532	284	1806	270	700	0	252	0	0	0	4626	882	202	192	106	0	0	0	0	0	0	0	6950	2320	3178	2038	0	0	0	108	0	0	148	3414	0	0	0	0	0	0	0	0	0	0	4560	0	0	0	0	0	0	0	362	144	0	0	0	0	0	0	0	0	0	0	0	0	312	0	0	0	0	0	
171072	Cingulum_Post_R	436	236	0	264	0	0	0	0	0	0	0	0	0	0	0	0	0	0	380	2054	0	0	0	0	0	0	0	0	0	0	0	0	1754	7508	12138	0	3584	7230	3228	3728	0	0	224	3694	236	996	84	3790	0	376	0	384	0	90	3092	1822	146	156	0	0	0	0	0	0	0	0	1448	12324	1456	3230	0	0	0	92	0	0	0	2894	0	0	0	0	0	0	0	426	0	0	3080	556	0	0	0	0	0	0	0	420	0	0	0	0	0	0	0	0	0	0	0	0	1980	0	0	0	0	0	
306404	Hippocampus_L	4606	0	2834	94	0	0	3070	0	0	0	1538	0	88	0	0	0	704	0	1902	168	96	0	158	0	0	0	0	0	12842	0	0	0	0	0	5506	3584	0	5318	19116	2546	5322	0	1422	0	0	0	3504	460	0	0	654	0	836	0	20996	1052	1212	0	140	0	146	0	0	0	0	0	2330	972	132	0	108	0	8240	0	860	0	4464	4416	2660	0	2692	0	178	0	3536	0	138	0	20972	0	476	0	0	0	0	0	580	256	128	0	0	0	0	0	0	0	0	0	0	0	150	0	0	0	0	0	
458788	Hippocampus_R	2238	7364	258	12556	0	0	336	2176	0	0	0	698	0	270	0	1814	0	3348	1114	6900	0	294	0	0	0	0	0	0	174	11270	0	0	126	430	5656	7230	5318	0	4336	30276	0	11076	0	182	0	0	288	5268	0	0	0	0	0	110	3716	31022	350	1428	0	200	0	118	0	1178	0	0	298	4314	1968	1336	1250	1446	176	17808	150	1002	2416	13012	92	2104	0	3336	0	2202	0	1164	0	1480	3698	6488	0	234	0	0	108	0	126	1972	0	378	0	0	0	0	0	0	0	0	0	0	1718	0	0	0	0	0	
198224	ParaHippocampal_L	654	0	204	0	112	0	602	0	0	0	0	0	0	0	132	0	0	0	96	144	720	88	0	0	0	0	0	0	1624	0	0	0	0	0	5256	3228	19116	4336	0	2296	1236	0	1804	0	0	0	6220	602	0	0	678	0	762	0	17700	860	102	0	108	0	0	0	0	0	0	0	3214	950	0	0	292	0	1374	0	0	0	1674	3534	240	0	490	0	264	0	928	0	202	0	14142	0	490	0	0	0	408	0	1470	244	320	0	0	0	0	0	0	0	0	0	0	0	196	0	0	0	0	0	
255288	ParaHippocampal_R	214	366	0	3834	0	0	0	622	0	0	0	122	0	0	0	328	0	0	556	2916	0	154	0	0	0	0	0	0	0	2368	0	0	0	92	2228	3728	2546	30276	2296	0	0	5968	0	114	0	0	180	7834	0	0	0	0	0	0	1972	23016	0	0	0	0	0	0	0	0	0	0	102	3526	568	226	0	0	0	6866	0	898	228	4638	0	810	0	540	0	4840	0	386	0	1440	1954	2060	0	398	0	0	100	0	112	3286	0	600	0	0	0	0	0	0	0	0	0	92	2244	0	0	0	0	0	
22412	Amygdala_L	0	0	0	0	0	0	0	0	0	0	0	0	0	0	0	0	0	0	0	0	320	0	0	0	0	0	0	0	846	0	0	0	0	0	0	0	5322	0	1236	0	0	0	0	0	0	0	0	0	0	0	0	0	0	0	1986	0	0	0	0	0	0	0	0	0	0	0	0	0	0	0	296	0	330	0	0	0	0	0	0	0	0	0	164	0	0	0	138	0	568	0	0	0	0	0	0	0	0	0	0	0	0	0	0	0	0	0	0	0	0	0	0	0	0	0	0	0	
63072	Amygdala_R	0	0	0	88	0	0	0	0	0	0	0	0	0	0	0	140	0	0	0	0	0	134	0	0	0	0	0	0	0	244	0	0	0	0	0	0	0	11076	0	5968	0	0	0	0	0	0	0	0	0	0	0	0	0	0	0	5032	0	0	0	0	0	0	0	0	0	0	0	0	0	0	0	0	0	1374	0	0	0	0	0	0	0	0	0	3388	0	0	0	1530	0	2562	0	0	0	0	0	0	0	0	0	0	0	0	0	0	0	0	0	0	0	0	0	0	0	0	0	0	
277820	Calcarine_L	98	0	0	0	0	0	0	0	0	0	0	0	0	0	0	0	278	0	0	0	0	0	0	0	0	0	0	0	178	0	0	0	364	160	2908	224	1422	0	1804	0	0	0	0	9574	19828	7956	10844	2056	11400	3072	22384	922	8930	0	6430	132	410	0	968	0	448	0	0	0	154	0	17824	1132	176	94	0	0	0	0	0	0	0	0	436	0	96	0	0	0	1674	0	0	0	2352	0	86	0	0	0	0	0	700	0	0	0	0	0	0	0	0	0	0	0	0	0	1396	0	0	0	0	0	
349112	Calcarine_R	0	152	0	0	0	0	0	0	0	0	0	0	0	0	0	0	0	0	0	254	0	0	0	0	0	0	0	0	0	0	0	0	0	1934	240	3694	0	182	0	114	0	0	9574	0	7306	36232	1366	14714	606	25668	258	13062	0	9410	0	4732	0	0	0	1788	0	116	0	0	0	0	2996	28290	0	812	0	0	0	0	0	0	0	0	0	0	0	0	0	0	0	3296	0	0	0	6644	0	0	0	0	0	0	0	96	138	424	0	0	0	0	0	0	0	0	0	0	250	208	0	0	0	0	
257340	Cuneus_L	132	0	0	0	0	0	0	0	0	0	0	0	0	0	0	0	98	0	0	0	0	0	0	0	0	0	0	0	0	0	0	0	1788	296	1532	236	0	0	0	0	0	0	19828	7306	0	12056	1708	0	21406	4066	14846	2650	2318	318	1462	0	422	0	5252	0	258	0	0	0	198	0	23026	4740	276	146	0	0	0	0	0	0	0	0	100	0	0	0	0	0	712	692	0	0	664	138	0	0	0	0	0	0	0	0	0	0	0	0	0	0	0	0	0	0	0	0	0	0	0	0	0	0	
326268	Cuneus_R	0	0	0	0	0	0	0	0	0	0	0	0	0	0	0	0	0	0	0	258	0	0	0	0	0	0	0	0	0	0	0	0	88	1236	284	996	0	0	0	0	0	0	7956	36232	12056	0	530	1522	1414	34962	286	12218	0	1886	0	252	0	0	440	6216	0	160	0	0	0	88	8958	27952	0	450	0	0	0	0	0	0	0	0	0	0	0	0	0	0	0	4466	0	0	0	2228	0	0	0	0	0	0	0	0	0	0	0	0	0	0	0	0	0	0	0	0	0	0	0	0	0	0	
406596	Lingual_L	0	0	0	150	0	0	0	0	0	0	0	0	0	0	0	0	0	0	0	154	0	0	0	0	0	0	0	0	0	0	0	0	0	0	1806	84	3504	288	6220	180	0	0	10844	1366	1708	530	0	4818	3014	178	13210	96	14310	120	29396	1256	0	0	0	0	0	0	0	0	0	0	6106	0	0	0	0	0	0	0	0	0	248	456	518	0	202	0	0	0	1248	0	0	0	6262	0	15604	4856	1242	344	396	0	13824	3716	26448	6508	730	0	1490	0	406	0	0	0	0	0	7468	8120	3424	0	0	450	
317420	Lingual_R	0	98	0	0	0	0	0	0	0	0	0	0	0	0	0	0	0	0	0	90	0	0	0	0	0	0	0	0	0	0	0	0	0	128	270	3790	460	5268	602	7834	0	0	2056	14714	0	1522	4818	0	0	2216	0	952	366	6762	1646	22218	0	0	0	0	0	0	0	0	0	0	0	11084	0	92	0	0	0	0	0	0	0	1414	0	0	0	0	0	0	0	348	0	0	350	2284	1624	12412	314	224	382	114	3488	9928	6142	16296	188	0	280	0	132	0	0	0	0	340	8224	6342	898	0	0	0	
183544	Occipital_Sup_L	0	0	0	0	0	0	0	0	0	0	0	0	0	0	0	0	0	0	0	0	0	0	0	0	0	0	0	0	0	0	0	0	2140	0	700	0	0	0	0	0	0	0	11400	606	21406	1414	3014	0	0	216	26244	142	1224	0	808	0	124	0	5732	0	1578	0	0	0	0	0	12934	934	0	0	0	0	0	0	0	0	0	0	0	0	0	0	0	0	906	0	0	0	250	0	0	0	0	0	0	0	0	0	0	0	0	0	0	0	0	0	0	0	0	0	0	0	0	0	0	0	
270388	Occipital_Sup_R	0	0	0	0	0	0	0	0	0	0	0	0	0	0	0	0	0	0	0	134	0	0	0	0	0	0	0	0	0	0	0	0	0	548	0	376	0	0	0	0	0	0	3072	25668	4066	34962	178	2216	216	0	86	19432	0	1578	0	644	0	90	0	11366	0	2386	0	138	0	2706	2136	18204	0	272	0	0	0	0	0	0	0	0	0	0	0	0	0	0	0	3692	0	0	0	1028	0	0	0	0	0	0	0	0	0	0	0	0	0	0	0	0	0	0	0	0	0	0	0	0	0	0	
481600	Occipital_Mid_L	1918	0	0	0	0	0	0	0	0	0	428	0	0	0	0	0	1978	0	0	0	0	0	0	0	0	0	0	0	1272	0	0	0	3254	0	252	0	654	0	678	0	0	0	22384	258	14846	286	13210	0	26244	86	0	0	25470	0	14928	0	7506	0	16616	0	14362	0	1226	0	10674	0	13314	186	2624	0	0	0	0	0	0	0	0	0	1206	0	1582	0	0	0	26754	0	0	0	16066	0	302	0	0	0	0	0	0	0	146	0	0	0	0	0	0	0	0	0	0	0	0	90	0	0	0	0	
212848	Occipital_Mid_R	0	300	0	0	0	0	0	0	0	0	0	0	0	0	0	0	0	0	0	114	0	0	0	0	0	0	0	0	0	0	0	0	174	612	0	384	0	0	0	0	0	0	922	13062	2650	12218	96	952	142	19432	0	0	0	4650	0	386	0	128	0	2272	0	4284	0	218	0	13182	1882	9100	0	1268	0	0	0	0	0	0	0	0	0	0	0	302	0	0	0	16460	0	0	0	1234	0	0	0	0	0	0	0	0	0	0	0	0	0	0	0	0	0	0	0	0	0	0	0	0	0	0	
228064	Occipital_Inf_L	86	0	0	0	0	0	0	0	0	0	0	0	0	0	0	0	236	0	0	0	0	0	0	0	0	0	0	0	104	0	0	0	0	0	0	0	836	0	762	0	0	0	8930	0	2318	0	14310	366	1224	0	25470	0	0	0	23668	92	596	0	1888	0	510	0	284	0	138	0	2708	0	372	0	0	0	92	0	0	0	122	0	732	0	224	0	0	0	5316	0	0	0	10674	0	1466	896	188	0	0	0	168	0	4030	898	0	0	0	0	0	0	0	0	0	0	178	2828	1322	0	0	0	
89744	Occipital_Inf_R	0	130	0	0	0	0	0	0	0	0	0	0	0	0	0	0	0	0	0	0	0	0	0	0	0	0	0	0	0	0	0	0	256	188	0	90	0	110	0	0	0	0	0	9410	318	1886	120	6762	0	1578	0	4650	0	0	0	5666	0	0	0	0	0	0	0	0	0	0	334	4540	0	316	0	0	0	0	0	0	0	0	0	0	0	94	0	0	0	1804	0	0	0	4708	176	154	0	0	0	0	0	0	308	788	0	0	0	0	0	0	0	0	0	0	0	486	0	0	0	0	
574736	Fusiform_L	554	0	656	0	0	0	562	0	0	0	196	0	0	0	0	0	214	0	156	90	0	0	102	0	0	0	0	0	3964	0	0	0	0	0	4626	3092	20996	3716	17700	1972	1986	0	6430	0	1462	0	29396	1646	808	0	14928	0	23668	0	0	972	342	0	870	0	160	0	0	0	0	0	4202	958	0	0	0	0	2502	0	0	0	1208	2830	1290	0	1212	0	2008	0	2618	0	1040	0	30462	0	24300	1944	4572	120	638	0	11122	1984	29522	2716	3650	0	5520	0	572	0	178	0	0	0	3388	3822	1726	0	0	0	
415468	Fusiform_R	216	1196	0	2356	0	0	0	398	0	0	0	112	0	0	0	564	0	514	210	1866	0	0	0	0	0	0	0	0	0	4864	0	0	0	172	882	1822	1052	31022	860	23016	0	5032	132	4732	0	252	1256	22218	0	644	0	386	92	5666	972	0	0	292	0	94	0	0	0	202	0	0	0	2608	570	598	0	0	0	6714	0	146	246	2694	0	1426	0	2972	0	3144	0	2078	0	1892	626	14104	498	18020	0	762	0	186	822	6374	2060	19806	0	0	104	528	84	0	0	0	0	0	2508	2850	222	0	0	0	
255232	Postcentral_L	28992	106	2784	254	0	0	2620	0	0	0	7842	0	0	0	0	0	10900	0	1256	486	0	0	0	0	0	0	0	0	7750	0	0	0	0	0	202	146	1212	350	102	0	0	0	410	0	422	0	0	0	124	0	7506	0	596	0	342	0	0	0	8498	0	20906	0	7702	0	360	0	2330	0	1756	0	452	0	1396	0	92	0	402	0	2448	0	2598	0	0	0	1302	0	0	0	2972	0	0	0	0	0	0	0	0	0	0	0	0	0	0	0	0	0	0	0	0	0	0	0	0	0	0	0	
99024	Postcentral_R	0	9708	0	448	0	0	0	296	0	0	0	276	0	0	0	0	0	2382	0	832	0	0	0	0	0	0	0	0	0	1136	0	0	0	1494	192	156	0	1428	0	0	0	0	0	0	0	0	0	0	0	90	0	128	0	0	0	292	0	0	0	3266	0	4570	0	13462	0	0	0	2954	0	3548	0	0	0	224	0	0	0	0	0	156	0	1280	0	0	0	408	0	0	0	786	0	0	0	0	0	0	0	0	0	0	0	0	0	0	0	0	0	0	0	0	0	0	0	0	0	0	
154580	Parietal_Sup_L	410	0	0	0	0	0	0	0	0	0	0	0	0	0	0	0	120	0	0	0	0	0	0	0	0	0	0	0	106	0	0	0	830	0	106	0	140	0	108	0	0	0	968	0	5252	440	0	0	5732	0	16616	0	1888	0	870	0	8498	0	0	0	9346	0	348	0	536	0	10364	698	2610	0	0	0	0	0	0	0	0	0	0	0	208	0	0	0	3850	0	0	0	7246	0	0	0	0	0	0	0	0	0	0	0	0	0	0	0	0	0	0	0	0	0	0	0	0	0	0	0	
121008	Parietal_Sup_R	0	252	0	0	0	0	0	0	0	0	0	0	0	0	0	0	0	158	0	0	0	0	0	0	0	0	0	0	0	572	0	0	0	708	0	0	0	200	0	0	0	0	0	1788	0	6216	0	0	0	11366	0	2272	0	0	0	94	0	3266	0	0	0	5718	0	2270	0	3688	278	16926	0	1672	0	0	0	0	0	0	0	0	0	0	0	1028	0	0	0	676	0	0	0	1356	0	0	0	0	0	0	0	0	0	0	0	0	0	0	0	0	0	0	0	0	0	0	0	0	0	0	
190456	Parietal_Inf_L	4262	0	132	0	0	0	388	0	0	0	1312	0	0	0	0	0	1926	0	0	0	0	0	0	0	0	0	0	0	1506	0	0	0	0	0	0	0	146	0	0	0	0	0	448	0	258	0	0	0	1578	0	14362	0	510	0	160	0	20906	0	9346	0	0	0	10978	0	7284	0	942	0	490	0	0	0	242	0	0	0	0	0	702	0	2866	0	0	0	6988	0	0	0	7496	0	0	0	0	0	0	0	0	0	0	0	0	0	0	0	0	0	0	0	0	0	0	0	0	0	0	0	
97684	Parietal_Inf_R	0	886	0	0	0	0	0	0	0	0	0	0	0	0	0	0	0	0	0	0	0	0	0	0	0	0	0	0	0	0	0	0	0	0	0	0	0	118	0	0	0	0	0	116	0	160	0	0	0	2386	0	4284	0	0	0	0	0	4570	0	5718	0	0	0	8886	0	13146	0	2698	0	0	0	0	0	0	0	0	0	0	0	0	0	460	0	0	0	4174	0	0	0	1240	0	0	0	0	0	0	0	0	0	0	0	0	0	0	0	0	0	0	0	0	0	0	0	0	0	0	
83404	SupraMarginal_L	644	0	0	0	0	0	0	0	0	0	0	0	0	0	0	0	2022	0	0	0	0	0	0	0	0	0	0	0	380	0	0	0	0	0	0	0	0	0	0	0	0	0	0	0	0	0	0	0	0	0	1226	0	284	0	0	0	7702	0	348	0	10978	0	0	0	2682	0	0	0	0	0	0	0	0	0	0	0	0	0	104	0	5626	0	0	0	5672	0	0	0	4034	0	0	0	0	0	0	0	0	0	0	0	0	0	0	0	0	0	0	0	0	0	0	0	0	0	0	0	
90892	SupraMarginal_R	0	1776	0	0	0	0	0	120	0	0	0	0	0	0	0	0	0	3164	0	0	0	0	0	0	0	0	0	0	0	174	0	0	0	0	0	0	0	1178	0	0	0	0	0	0	0	0	0	0	0	138	0	218	0	0	0	202	0	13462	0	2270	0	8886	0	0	0	2470	0	4238	0	0	0	0	0	0	0	0	0	0	0	0	0	3832	0	0	0	1338	0	0	0	1980	0	0	0	0	0	0	0	0	0	0	0	0	0	0	0	0	0	0	0	0	0	0	0	0	0	0	
62452	Angular_L	0	0	0	0	0	0	0	0	0	0	134	0	0	0	0	0	0	0	0	0	0	0	0	0	0	0	0	0	0	0	0	0	0	0	0	0	0	0	0	0	0	0	154	0	198	0	0	0	0	0	10674	0	138	0	0	0	360	0	536	0	7284	0	2682	0	0	0	130	0	0	0	0	0	0	0	0	0	0	0	0	0	360	0	0	0	5214	0	0	0	3362	0	0	0	0	0	0	0	0	0	0	0	0	0	0	0	0	0	0	0	0	0	0	0	0	0	0	0	
85888	Angular_R	0	0	0	0	0	0	0	0	0	0	0	0	0	0	0	0	0	0	0	0	0	0	0	0	0	0	0	0	0	0	0	0	0	0	0	0	0	0	0	0	0	0	0	0	0	88	0	0	0	2706	0	13182	0	0	0	0	0	0	0	3688	0	13146	0	2470	0	0	0	452	0	0	0	0	0	0	0	0	0	0	0	0	0	1302	0	0	0	5374	0	0	0	536	0	0	0	0	0	0	0	0	0	0	0	0	0	0	0	0	0	0	0	0	0	0	0	0	0	0	
327220	Precuneus_L	226	0	0	0	0	0	0	0	0	0	0	0	0	0	0	0	172	0	0	118	0	0	0	0	0	0	0	0	146	0	0	0	6270	1490	6950	1448	2330	298	3214	102	0	0	17824	2996	23026	8958	6106	0	12934	2136	13314	1882	2708	334	4202	0	2330	0	10364	278	942	0	0	0	130	0	0	16512	1748	1552	0	0	0	0	0	0	0	0	210	0	124	0	0	0	1406	2354	0	0	3624	146	0	0	0	0	0	0	1404	0	0	0	0	0	0	0	0	0	0	0	0	0	1302	0	0	0	0	0	
454260	Precuneus_R	0	822	0	0	0	0	0	0	0	0	0	0	0	0	0	0	0	368	0	1598	0	0	0	0	0	0	0	0	0	748	0	0	1358	9346	2320	12324	972	4314	950	3526	0	0	1132	28290	4740	27952	0	11084	934	18204	186	9100	0	4540	958	2608	0	2954	698	16926	0	2698	0	4238	0	452	16512	0	380	7462	0	0	0	0	0	0	0	436	0	0	0	1426	0	0	0	10416	0	0	940	8696	0	0	0	0	0	0	0	1268	0	92	0	0	0	0	0	0	0	0	0	0	3162	0	0	0	0	0	
149640	Paracentral_Lobule_L	8000	5374	1236	2262	0	0	0	0	0	0	0	0	0	0	0	0	0	0	5916	10822	0	0	0	0	0	0	0	0	0	0	0	0	4626	7194	3178	1456	132	1968	0	568	0	0	176	0	276	0	0	0	0	0	2624	0	372	0	0	570	1756	0	2610	0	490	0	0	0	0	0	1748	380	0	4724	726	0	0	0	0	0	2550	340	0	0	0	0	0	0	1112	0	0	0	1634	0	0	0	0	0	0	0	0	0	0	0	0	0	0	0	0	0	0	0	0	0	0	0	0	0	0	0	
139392	Paracentral_Lobule_R	722	6896	298	416	0	0	0	0	0	0	0	0	0	0	0	0	0	0	230	10642	0	0	0	0	0	0	0	0	0	388	0	0	1306	12556	2038	3230	0	1336	0	226	0	0	94	812	146	450	0	92	0	272	0	1268	0	316	0	598	0	3548	0	1672	0	0	0	0	0	0	1552	7462	4724	0	0	654	0	0	0	0	0	754	0	0	0	1264	0	0	0	2486	0	0	0	1248	0	0	0	0	0	0	0	0	0	0	0	0	0	0	0	0	0	0	0	0	0	0	0	0	0	0	
211344	Caudate_L	2138	300	14368	3298	0	0	5208	1946	0	0	0	3538	0	174	0	100	0	0	11120	2432	3586	5960	90	926	106	0	1918	0	902	430	1694	1418	0	0	0	0	108	1250	292	0	296	0	0	0	0	0	0	0	0	0	0	0	0	0	0	0	452	0	0	0	0	0	0	0	0	0	0	0	726	0	0	10648	15666	3684	2660	0	7482	756	0	0	0	0	0	0	0	0	0	0	0	0	0	0	0	0	0	0	0	0	0	0	0	0	0	0	0	0	0	0	0	0	0	0	0	0	0	0	
321980	Caudate_R	514	1264	2630	15960	124	656	404	376	0	0	0	322	0	0	0	554	0	0	9420	21826	3484	7944	82	11186	0	2306	3168	2146	224	610	3604	18780	0	0	0	0	0	1446	0	0	0	0	0	0	0	0	0	0	0	0	0	0	0	0	0	0	0	0	0	0	0	0	0	0	0	0	0	0	0	654	10648	0	6746	16222	304	1432	326	15628	0	0	0	0	0	0	0	0	0	0	0	0	0	0	0	0	0	0	0	0	0	0	0	0	0	0	0	0	0	0	0	0	0	0	0	0	0	0	
249476	Putamen_L	4620	90	17604	850	512	0	4386	0	0	0	1960	0	234	0	98	96	442	0	11588	914	1200	3230	3122	0	0	0	114	0	16840	116	6070	790	176	0	0	0	8240	176	1374	0	330	0	0	0	0	0	0	0	0	0	0	0	92	0	2502	0	1396	0	0	0	242	0	0	0	0	0	0	0	0	0	15666	6746	0	2566	4938	0	3114	0	134	0	200	0	202	0	0	0	0	0	1768	0	0	0	0	0	0	0	0	0	0	0	0	0	0	0	0	0	0	0	0	0	0	0	0	0	0	0	
364656	Putamen_R	0	1812	924	24654	86	794	540	6892	0	0	0	4350	0	1092	0	4288	0	3230	6958	14124	902	2316	156	7828	0	2118	1178	1682	0	20158	2090	12820	0	110	108	92	0	17808	0	6866	0	1374	0	0	0	0	0	0	0	0	0	0	0	0	0	6714	0	224	0	0	0	0	0	0	0	0	0	0	0	0	3684	16222	2566	0	0	2102	0	698	0	0	0	192	0	1064	0	0	0	90	0	728	0	152	0	0	154	0	160	0	0	228	0	0	0	0	0	0	0	0	0	0	0	0	0	0	0	0	
42016	Pallidum_L	1322	0	3400	0	0	0	384	0	0	0	0	0	0	0	0	0	0	0	5380	0	0	176	0	0	0	0	0	0	0	0	0	0	0	0	0	0	860	150	0	0	0	0	0	0	0	0	0	0	0	0	0	0	0	0	0	0	92	0	0	0	0	0	0	0	0	0	0	0	0	0	2660	304	4938	0	0	0	1342	0	0	0	0	0	0	0	0	0	0	0	0	0	0	0	0	0	0	0	0	0	0	0	0	0	0	0	0	0	0	0	0	0	0	0	0	0	0	0	
22152	Pallidum_R	0	0	0	2092	0	0	0	146	0	0	0	0	0	0	0	0	0	0	534	2724	0	0	0	0	0	0	0	0	0	0	0	0	0	0	0	0	0	1002	0	898	0	0	0	0	0	0	0	0	0	0	0	0	0	0	0	146	0	0	0	0	0	0	0	0	0	0	0	0	0	0	0	1432	0	2102	0	0	0	0	0	0	0	0	0	0	0	0	0	0	0	0	0	0	0	0	0	0	0	0	0	0	0	0	0	0	0	0	0	0	0	0	0	0	0	0	0	0	
119184	Thalamus_L	8168	0	5050	0	0	0	5500	0	0	0	418	0	0	0	0	0	152	0	5826	160	0	0	0	0	0	0	0	0	1366	0	0	0	0	0	148	0	4464	2416	1674	228	0	0	0	0	0	0	248	0	0	0	0	0	122	0	1208	246	402	0	0	0	0	0	0	0	0	0	0	0	2550	0	7482	326	3114	0	1342	0	0	4928	220	0	148	0	0	0	92	0	0	0	1594	0	0	0	0	0	0	0	0	0	0	0	0	0	0	0	0	0	0	0	0	0	0	0	0	0	0	0	
204244	Thalamus_R	1482	2928	430	9244	0	0	408	146	0	0	0	94	0	0	0	0	0	0	126	18028	0	0	0	890	0	0	0	0	102	120	0	882	0	0	3414	2894	4416	13012	3534	4638	0	0	0	0	0	0	456	1414	0	0	0	0	0	0	2830	2694	0	0	0	0	0	0	0	0	0	0	0	436	340	754	756	15628	0	698	0	0	4928	0	88	0	0	0	0	0	0	0	0	0	2822	0	0	0	0	0	114	0	254	1122	0	0	0	0	0	0	0	0	0	0	0	0	0	0	0	0	0	0	
57844	Heschl_L	2272	0	348	0	0	0	656	0	0	0	804	0	0	0	0	0	3772	0	0	0	0	0	0	0	0	0	0	0	4108	0	0	0	0	0	0	0	2660	92	240	0	0	0	436	0	100	0	518	0	0	0	1206	0	732	0	1290	0	2448	0	0	0	702	0	104	0	0	0	210	0	0	0	0	0	134	0	0	0	220	88	0	0	2320	0	0	0	1802	0	0	0	1660	0	0	0	0	0	0	0	0	0	0	0	0	0	0	0	0	0	0	0	0	0	0	0	0	0	0	0	
42240	Heschl_R	0	334	0	1016	0	0	0	0	0	0	0	136	0	0	0	0	0	2730	0	850	0	0	0	0	0	0	0	0	0	4028	0	0	0	0	0	0	0	2104	0	810	0	0	0	0	0	0	0	0	0	0	0	0	0	0	0	1426	0	156	0	0	0	0	0	0	0	0	0	0	0	0	0	0	0	0	0	0	0	0	0	0	0	4800	0	0	0	1992	0	0	0	738	0	0	0	0	0	0	0	0	0	0	0	0	0	0	0	0	0	0	0	0	0	0	0	0	0	0	
153080	Temporal_Sup_L	2116	0	1110	0	0	0	1136	0	0	0	2606	0	312	0	0	0	6640	0	382	0	0	0	0	0	0	0	0	0	6220	0	0	0	0	0	0	0	2692	0	490	0	0	0	96	0	0	0	202	0	0	0	1582	0	224	0	1212	0	2598	0	208	0	2866	0	5626	0	360	0	124	0	0	0	0	0	200	0	0	0	148	0	2320	0	0	0	2194	0	25294	0	0	0	7582	0	0	0	0	0	0	0	0	0	0	0	0	0	0	0	0	0	0	0	0	0	0	0	0	0	0	0	
141448	Temporal_Sup_R	0	1320	0	242	0	0	0	0	0	0	0	220	0	0	0	0	0	6902	0	348	0	0	0	0	0	0	0	0	0	6508	0	0	0	148	0	0	0	3336	0	540	0	0	0	0	0	0	0	0	0	0	0	302	0	94	0	2972	0	1280	0	1028	0	460	0	3832	0	1302	0	1426	0	1264	0	0	0	192	0	0	0	0	0	4800	0	0	0	4328	0	19512	0	348	0	8020	0	0	0	0	0	0	0	0	0	0	0	0	0	0	0	0	0	0	0	0	0	0	0	0	0	0	
50144	Temporal_Pole_Sup_L	0	0	90	0	180	0	170	0	0	0	752	0	580	0	218	0	326	0	0	0	174	0	0	0	0	0	0	0	1282	0	0	0	0	0	0	0	178	0	264	0	164	0	0	0	0	0	0	0	0	0	0	0	0	0	2008	0	0	0	0	0	0	0	0	0	0	0	0	0	0	0	0	0	202	0	0	0	0	0	0	0	2194	0	0	0	6802	0	3000	0	6488	0	0	0	0	0	0	0	0	0	0	0	0	0	0	0	0	0	0	0	0	0	0	0	0	0	0	0	
61492	Temporal_Pole_Sup_R	0	0	0	272	0	0	0	0	0	0	0	604	0	0	0	126	0	676	0	250	0	0	0	0	0	0	0	0	0	1604	0	0	0	98	0	0	0	2202	0	4840	0	3388	0	0	0	0	0	0	0	0	0	0	0	0	0	3144	0	0	0	0	0	0	0	0	0	0	0	0	0	0	0	0	0	1064	0	0	0	0	0	0	0	4328	0	0	0	3046	0	3828	0	1276	0	0	0	0	0	0	0	0	0	0	0	0	0	0	0	0	0	0	0	0	0	0	0	0	0	0	
282364	Temporal_Mid_L	204	0	0	0	0	0	0	0	0	0	0	0	0	0	0	0	1066	0	0	0	0	0	0	0	0	0	0	0	1042	0	0	0	344	0	0	0	3536	0	928	0	0	0	1674	0	712	0	1248	0	906	0	26754	0	5316	0	2618	0	1302	0	3850	0	6988	0	5672	0	5214	0	1406	0	1112	0	0	0	0	0	0	0	92	0	1802	0	25294	0	6802	0	0	0	3444	0	31660	0	196	0	0	0	0	0	0	0	0	0	0	0	0	0	0	0	0	0	0	0	0	0	0	0	0	0	
231400	Temporal_Mid_R	0	1468	0	0	0	0	0	0	0	0	0	0	0	0	0	0	0	988	0	338	0	0	0	0	0	0	0	0	0	2610	0	0	116	1136	0	426	0	1164	0	386	0	0	0	3296	692	4466	0	348	0	3692	0	16460	0	1804	0	2078	0	408	0	676	0	4174	0	1338	0	5374	2354	10416	0	2486	0	0	0	0	0	0	0	0	0	1992	0	19512	0	3046	0	0	0	2272	0	20184	0	0	0	0	0	0	0	0	0	0	0	0	0	0	0	0	0	0	0	0	0	0	0	0	0	0	
21712	Temporal_Pole_Mid_L	0	0	0	0	0	0	0	0	0	0	0	0	0	0	0	0	0	0	0	0	0	0	0	0	0	0	0	0	182	0	0	0	0	0	0	0	138	0	202	0	138	0	0	0	0	0	0	0	0	0	0	0	0	0	1040	0	0	0	0	0	0	0	0	0	0	0	0	0	0	0	0	0	0	0	0	0	0	0	0	0	0	0	3000	0	3444	0	0	0	2712	0	0	0	0	0	0	0	0	0	0	0	0	0	0	0	0	0	0	0	0	0	0	0	0	0	0	0	
29916	Temporal_Pole_Mid_R	0	0	0	0	0	0	0	0	0	0	0	0	0	0	0	0	0	0	0	0	0	0	0	0	0	0	0	0	0	0	0	0	0	0	0	0	0	1480	0	1440	0	1530	0	0	0	0	0	0	0	0	0	0	0	0	0	1892	0	0	0	0	0	0	0	0	0	0	0	0	0	0	0	0	0	90	0	0	0	0	0	0	0	348	0	3828	0	2272	0	0	0	2078	0	0	0	0	0	0	0	0	0	0	0	0	0	0	0	0	0	0	0	0	0	0	0	0	0	0	
438832	Temporal_Inf_L	1246	0	228	0	0	0	986	0	0	0	242	0	0	0	0	0	730	0	110	86	0	0	0	0	0	0	0	0	4634	0	0	0	0	0	4560	3080	20972	3698	14142	1954	568	0	2352	0	664	0	6262	350	250	0	16066	0	10674	0	30462	626	2972	0	7246	0	7496	0	4034	0	3362	0	3624	940	1634	0	0	0	1768	0	0	0	1594	2822	1660	0	7582	0	6488	0	31660	0	2712	0	0	0	3672	0	624	0	0	0	672	222	584	0	464	0	500	0	0	0	0	0	0	0	142	0	0	0	0	0	
198448	Temporal_Inf_R	0	1868	0	0	0	0	0	0	0	0	0	0	0	0	0	0	0	1114	0	376	0	0	0	0	0	0	0	0	0	1998	0	0	0	238	0	556	0	6488	0	2060	0	2562	0	6644	138	2228	0	2284	0	1028	0	1234	0	4708	0	14104	0	786	0	1356	0	1240	0	1980	0	536	146	8696	0	1248	0	0	0	728	0	0	0	0	0	738	0	8020	0	1276	0	20184	0	2078	0	0	0	584	0	0	0	0	0	0	0	0	0	0	0	0	0	0	0	0	0	0	0	0	0	0	0	0	
531568	Cerebelum_Crus1_L	0	0	0	0	0	0	0	0	0	0	0	0	0	0	0	0	0	0	0	0	0	0	0	0	0	0	0	0	0	0	0	0	0	0	0	0	476	0	490	0	0	0	86	0	0	0	15604	1624	0	0	302	0	1466	176	24300	498	0	0	0	0	0	0	0	0	0	0	0	0	0	0	0	0	0	0	0	0	0	0	0	0	0	0	0	0	196	0	0	0	3672	0	0	6780	37702	1040	2464	244	19274	4958	54578	8352	20926	0	31708	370	6562	84	1484	0	0	486	8220	4364	6156	576	368	198	
549040	Cerebelum_Crus1_R	0	0	0	0	0	0	0	0	0	0	0	0	0	0	0	0	0	0	0	0	0	0	0	0	0	0	0	0	0	0	0	0	0	0	0	0	0	234	0	398	0	0	0	0	0	0	4856	12412	0	0	0	0	896	154	1944	18020	0	0	0	0	0	0	0	0	0	0	0	0	0	0	0	0	0	152	0	0	0	0	0	0	0	0	0	0	0	0	0	0	0	584	6780	0	3690	31814	1186	3878	7598	24332	9472	67192	1342	1836	2732	24732	868	6694	0	2082	260	2494	14010	9134	8012	2160	2298	274	
394672	Cerebelum_Crus2_L	0	0	0	0	0	0	0	0	0	0	0	0	0	0	0	0	0	0	0	0	0	0	0	0	0	0	0	0	0	0	0	0	0	0	0	0	0	0	0	0	0	0	0	0	0	0	1242	314	0	0	0	0	188	0	4572	0	0	0	0	0	0	0	0	0	0	0	0	0	0	0	0	0	0	0	0	0	0	0	0	0	0	0	0	0	0	0	0	0	624	0	37702	3690	0	7346	1490	138	4632	1330	10770	3520	47802	1782	43372	2072	8076	96	808	0	0	414	2398	1668	7628	3006	548	108	
298608	Cerebelum_Crus2_R	0	0	0	0	0	0	0	0	0	0	0	0	0	0	0	0	0	0	0	0	0	0	0	0	0	0	0	0	0	0	0	0	0	0	0	0	0	0	0	0	0	0	0	0	0	0	344	224	0	0	0	0	0	0	120	762	0	0	0	0	0	0	0	0	0	0	0	0	0	0	0	0	0	0	0	0	0	0	0	0	0	0	0	0	0	0	0	0	0	0	1040	31814	7346	0	436	2232	716	3438	672	9586	3914	13956	4436	36106	702	6998	0	1074	312	1794	1774	902	8492	6774	3182	158	
71572	Cerebelum_3_L	0	0	0	108	0	0	0	0	0	0	0	0	0	0	0	0	0	0	0	108	0	0	0	0	0	0	0	0	0	0	0	0	0	0	0	0	0	108	408	100	0	0	0	0	0	0	396	382	0	0	0	0	0	0	638	0	0	0	0	0	0	0	0	0	0	0	0	0	0	0	0	0	0	154	0	0	0	114	0	0	0	0	0	0	0	0	0	0	0	0	2464	1186	1490	436	0	640	7658	750	3062	1438	1288	0	2582	718	1386	164	146	102	1034	4142	2284	122	178	0	0	0	
79496	Cerebelum_3_R	0	0	0	0	0	0	0	0	0	0	0	0	0	0	0	0	0	0	0	0	0	0	0	0	0	0	0	0	0	0	0	0	0	0	0	0	0	0	0	0	0	0	0	0	0	0	0	114	0	0	0	0	0	0	0	186	0	0	0	0	0	0	0	0	0	0	0	0	0	0	0	0	0	0	0	0	0	0	0	0	0	0	0	0	0	0	0	0	0	0	244	3878	138	2232	640	0	768	4736	272	5414	0	90	234	3364	84	2350	0	292	1140	6814	1828	0	1212	1770	1948	0	
344960	Cerebelum_4_5_L	0	0	0	192	0	0	0	0	0	0	0	0	0	0	0	0	0	0	0	190	0	0	0	0	0	0	0	0	0	0	0	0	0	0	362	0	580	126	1470	112	0	0	700	0	0	0	13824	3488	0	0	0	0	168	0	11122	822	0	0	0	0	0	0	0	0	0	0	1404	0	0	0	0	0	0	160	0	0	0	254	0	0	0	0	0	0	0	0	0	0	672	0	19274	7598	4632	716	7658	768	0	10890	30014	11330	4948	0	8852	528	2722	588	868	92	0	1682	18052	3186	266	336	710	1124	
315076	Cerebelum_4_5_R	0	0	0	0	0	0	0	0	0	0	0	0	0	0	0	0	0	0	0	0	0	0	0	0	0	0	0	0	0	0	0	0	0	0	144	420	256	1972	244	3286	0	0	0	96	0	0	3716	9928	0	0	0	0	0	0	1984	6374	0	0	0	0	0	0	0	0	0	0	0	1268	0	0	0	0	0	0	0	0	0	1122	0	0	0	0	0	0	0	0	0	0	222	0	4958	24332	1330	3438	750	4736	10890	0	8480	35598	1194	0	2050	2992	390	1374	0	232	0	1968	17952	1320	536	734	862	390	
536724	Cerebelum_6_L	0	0	0	0	0	0	0	0	0	0	0	0	0	0	0	0	0	0	0	0	0	0	0	0	0	0	0	0	0	0	0	0	0	0	0	0	128	0	320	0	0	0	0	138	0	0	26448	6142	0	0	146	0	4030	308	29522	2060	0	0	0	0	0	0	0	0	0	0	0	0	0	0	0	0	0	0	0	0	0	0	0	0	0	0	0	0	0	0	0	0	584	0	54578	9472	10770	672	3062	272	30014	8480	0	14430	9186	0	17998	362	4530	152	1168	0	0	670	14268	11938	5452	274	362	426	
560632	Cerebelum_6_R	0	0	0	94	0	0	0	0	0	0	0	0	0	0	0	0	0	0	0	0	0	0	0	0	0	0	0	0	0	0	0	0	0	0	0	0	0	378	0	600	0	0	0	424	0	0	6508	16296	0	0	0	0	898	788	2716	19806	0	0	0	0	0	0	0	0	0	0	0	92	0	0	0	0	0	228	0	0	0	0	0	0	0	0	0	0	0	0	0	0	0	0	8352	67192	3520	9586	1438	5414	11330	35598	14430	0	1730	382	3178	10228	1140	4116	0	1762	320	3124	19406	14058	7992	2856	3340	996	
324600	Cerebelum_7b_L	0	0	0	0	0	0	0	0	0	0	0	0	0	0	0	0	0	0	0	0	0	0	0	0	0	0	0	0	0	0	0	0	0	0	0	0	0	0	0	0	0	0	0	0	0	0	730	188	0	0	0	0	0	0	3650	0	0	0	0	0	0	0	0	0	0	0	0	0	0	0	0	0	0	0	0	0	0	0	0	0	0	0	0	0	0	0	0	0	464	0	20926	1342	47802	3914	1288	0	4948	1194	9186	1730	0	1070	43402	2308	6896	0	820	0	0	336	2206	588	3316	3676	320	0	
80320	Cerebelum_7b_R	0	0	0	0	0	0	0	0	0	0	0	0	0	0	0	0	0	0	0	0	0	0	0	0	0	0	0	0	0	0	0	0	0	0	0	0	0	0	0	0	0	0	0	0	0	0	0	0	0	0	0	0	0	0	0	0	0	0	0	0	0	0	0	0	0	0	0	0	0	0	0	0	0	0	0	0	0	0	0	0	0	0	0	0	0	0	0	0	0	0	0	1836	1782	13956	0	90	0	0	0	382	1070	0	704	16190	0	1770	0	0	0	0	0	104	1066	1096	114	0	
443240	Cerebelum_8_L	0	0	0	0	0	0	0	0	0	0	0	0	0	0	0	0	0	0	0	0	0	0	0	0	0	0	0	0	0	0	0	0	0	0	0	0	0	0	0	0	0	0	0	0	0	0	1490	280	0	0	0	0	0	0	5520	104	0	0	0	0	0	0	0	0	0	0	0	0	0	0	0	0	0	0	0	0	0	0	0	0	0	0	0	0	0	0	0	0	500	0	31708	2732	43372	4436	2582	234	8852	2050	17998	3178	43402	704	0	5852	22438	452	2700	0	0	872	3794	1334	4314	8638	1856	228	
307940	Cerebelum_8_R	0	0	0	0	0	0	0	0	0	0	0	0	0	0	0	0	0	0	0	0	0	0	0	0	0	0	0	0	0	0	0	0	0	0	0	0	0	0	0	0	0	0	0	0	0	0	0	0	0	0	0	0	0	0	0	528	0	0	0	0	0	0	0	0	0	0	0	0	0	0	0	0	0	0	0	0	0	0	0	0	0	0	0	0	0	0	0	0	0	0	370	24732	2072	36106	718	3364	528	2992	362	10228	2308	16190	5852	0	1620	19814	0	2600	434	2554	1682	246	3906	8954	5550	260	
148084	Cerebelum_9_L	0	0	0	0	0	0	0	0	0	0	0	0	0	0	0	0	0	0	0	0	0	0	0	0	0	0	0	0	0	0	0	0	0	0	0	0	0	0	0	0	0	0	0	0	0	0	406	132	0	0	0	0	0	0	572	84	0	0	0	0	0	0	0	0	0	0	0	0	0	0	0	0	0	0	0	0	0	0	0	0	0	0	0	0	0	0	0	0	0	0	6562	868	8076	702	1386	84	2722	390	4530	1140	6896	0	22438	1620	0	1944	4164	0	0	574	950	1544	1342	1946	2390	580	
138892	Cerebelum_9_R	0	0	0	0	0	0	0	0	0	0	0	0	0	0	0	0	0	0	0	0	0	0	0	0	0	0	0	0	0	0	0	0	0	0	0	0	0	0	0	0	0	0	0	0	0	0	0	0	0	0	0	0	0	0	0	0	0	0	0	0	0	0	0	0	0	0	0	0	0	0	0	0	0	0	0	0	0	0	0	0	0	0	0	0	0	0	0	0	0	0	84	6694	96	6998	164	2350	588	1374	152	4116	0	1770	452	19814	1944	0	0	1704	578	2108	1386	1656	2422	4232	7244	1520	
25132	Cerebelum_10_L	0	0	0	0	0	0	0	0	0	0	0	0	0	0	0	0	0	0	0	0	0	0	0	0	0	0	0	0	0	0	0	0	0	0	0	0	0	0	0	0	0	0	0	0	0	0	0	0	0	0	0	0	0	0	178	0	0	0	0	0	0	0	0	0	0	0	0	0	0	0	0	0	0	0	0	0	0	0	0	0	0	0	0	0	0	0	0	0	0	0	1484	0	808	0	146	0	868	0	1168	0	820	0	2700	0	4164	0	0	0	0	0	230	0	0	0	0	0	
21536	Cerebelum_10_R	0	0	0	0	0	0	0	0	0	0	0	0	0	0	0	0	0	0	0	0	0	0	0	0	0	0	0	0	0	0	0	0	0	0	0	0	0	0	0	0	0	0	0	0	0	0	0	0	0	0	0	0	0	0	0	0	0	0	0	0	0	0	0	0	0	0	0	0	0	0	0	0	0	0	0	0	0	0	0	0	0	0	0	0	0	0	0	0	0	0	0	2082	0	1074	102	292	92	232	0	1762	0	0	0	2600	0	1704	0	0	0	206	292	0	120	94	116	0	
16984	Vermis_1_2	0	0	0	0	0	0	0	0	0	0	0	0	0	0	0	0	0	0	0	0	0	0	0	0	0	0	0	0	0	0	0	0	0	0	0	0	0	0	0	0	0	0	0	0	0	0	0	0	0	0	0	0	0	0	0	0	0	0	0	0	0	0	0	0	0	0	0	0	0	0	0	0	0	0	0	0	0	0	0	0	0	0	0	0	0	0	0	0	0	0	0	260	0	312	1034	1140	0	0	0	320	0	0	0	434	0	578	0	0	0	3116	190	0	258	412	438	0	
81912	Vermis_3	0	0	0	0	0	0	0	0	0	0	0	0	0	0	0	0	0	0	0	0	0	0	0	0	0	0	0	0	0	0	0	0	0	0	0	0	0	0	0	92	0	0	0	0	0	0	0	340	0	0	0	0	0	0	0	0	0	0	0	0	0	0	0	0	0	0	0	0	0	0	0	0	0	0	0	0	0	0	0	0	0	0	0	0	0	0	0	0	0	0	486	2494	414	1794	4142	6814	1682	1968	670	3124	336	0	872	2554	574	2108	0	206	3116	0	2624	0	1150	1616	1780	0	
317628	Vermis_4_5	0	0	0	0	0	0	0	0	0	0	0	0	0	0	0	0	0	0	0	0	0	0	0	0	0	0	0	0	0	0	0	0	0	0	312	1980	150	1718	196	2244	0	0	1396	250	0	0	7468	8224	0	0	0	0	178	0	3388	2508	0	0	0	0	0	0	0	0	0	0	1302	3162	0	0	0	0	0	0	0	0	0	0	0	0	0	0	0	0	0	0	0	0	142	0	8220	14010	2398	1774	2284	1828	18052	17952	14268	19406	2206	0	3794	1682	950	1386	230	292	190	2624	0	5102	508	954	1836	2250	
188248	Vermis_6	0	0	0	0	0	0	0	0	0	0	0	0	0	0	0	0	0	0	0	0	0	0	0	0	0	0	0	0	0	0	0	0	0	0	0	0	0	0	0	0	0	0	0	208	0	0	8120	6342	0	0	90	0	2828	486	3822	2850	0	0	0	0	0	0	0	0	0	0	0	0	0	0	0	0	0	0	0	0	0	0	0	0	0	0	0	0	0	0	0	0	0	0	4364	9134	1668	902	122	0	3186	1320	11938	14058	588	104	1334	246	1544	1656	0	0	0	0	5102	0	5972	1056	2350	2734	
174000	Vermis_7	0	0	0	0	0	0	0	0	0	0	0	0	0	0	0	0	0	0	0	0	0	0	0	0	0	0	0	0	0	0	0	0	0	0	0	0	0	0	0	0	0	0	0	0	0	0	3424	898	0	0	0	0	1322	0	1726	222	0	0	0	0	0	0	0	0	0	0	0	0	0	0	0	0	0	0	0	0	0	0	0	0	0	0	0	0	0	0	0	0	0	0	6156	8012	7628	8492	178	1212	266	536	5452	7992	3316	1066	4314	3906	1342	2422	0	120	258	1150	508	5972	0	5868	2968	274	
128152	Vermis_8	0	0	0	0	0	0	0	0	0	0	0	0	0	0	0	0	0	0	0	0	0	0	0	0	0	0	0	0	0	0	0	0	0	0	0	0	0	0	0	0	0	0	0	0	0	0	0	0	0	0	0	0	0	0	0	0	0	0	0	0	0	0	0	0	0	0	0	0	0	0	0	0	0	0	0	0	0	0	0	0	0	0	0	0	0	0	0	0	0	0	576	2160	3006	6774	0	1770	336	734	274	2856	3676	1096	8638	8954	1946	4232	0	94	412	1616	954	1056	5868	0	6058	990	
