data	data	459052	472208	1.25017e+06	1.05939e+06	210544	307580	490884	603776	74220	47104	283380	177948	255140	266844	200272	142052	344200	131236	964280	872384	77828	120068	515156	536820	70904	169352	58336	66148	886548	440500	415076	510464	294288	684856	182304	229512	293344	398556	194192	242940	31252	79748	182476	230968	92992	182656	268176	206484	166104	218520	457980	169768	219880	73996	527304	488760	347092	152048	134444	49804	259892	104180	197128	133636	220168	118516	250740	275744	225256	103576	456832	477024	508612	395988	62784	49788	142588	172804	158188	30844	196036	127304	77768	62572	386108	190472	40640	33372	391408	222508	540804	482988	459664	425476	44116	75320	314968	206004	502660	469548	296836	214648	373820	337740	132600	127112	37060	5684	53884	118564	229428	208868	304144	145836	113852	23212	
data	data	Precentral_L	Precentral_R	Frontal_Sup_L	Frontal_Sup_R	Frontal_Sup_Orb_L	Frontal_Sup_Orb_R	Frontal_Mid_L	Frontal_Mid_R	Frontal_Mid_Orb_L	Frontal_Mid_Orb_R	Frontal_Inf_Oper_L	Frontal_Inf_Oper_R	Frontal_Inf_Tri_L	Frontal_Inf_Tri_R	Frontal_Inf_Orb_L	Frontal_Inf_Orb_R	Rolandic_Oper_L	Rolandic_Oper_R	Supp_Motor_Area_L	Supp_Motor_Area_R	Olfactory_L	Olfactory_R	Frontal_Sup_Medial_L	Frontal_Sup_Medial_R	Frontal_Med_Orb_L	Frontal_Med_Orb_R	Rectus_L	Rectus_R	Insula_L	Insula_R	Cingulum_Ant_L	Cingulum_Ant_R	Cingulum_Mid_L	Cingulum_Mid_R	Cingulum_Post_L	Cingulum_Post_R	Hippocampus_L	Hippocampus_R	ParaHippocampal_L	ParaHippocampal_R	Amygdala_L	Amygdala_R	Calcarine_L	Calcarine_R	Cuneus_L	Cuneus_R	Lingual_L	Lingual_R	Occipital_Sup_L	Occipital_Sup_R	Occipital_Mid_L	Occipital_Mid_R	Occipital_Inf_L	Occipital_Inf_R	Fusiform_L	Fusiform_R	Postcentral_L	Postcentral_R	Parietal_Sup_L	Parietal_Sup_R	Parietal_Inf_L	Parietal_Inf_R	SupraMarginal_L	SupraMarginal_R	Angular_L	Angular_R	Precuneus_L	Precuneus_R	Paracentral_Lobule_L	Paracentral_Lobule_R	Caudate_L	Caudate_R	Putamen_L	Putamen_R	Pallidum_L	Pallidum_R	Thalamus_L	Thalamus_R	Heschl_L	Heschl_R	Temporal_Sup_L	Temporal_Sup_R	Temporal_Pole_Sup_L	Temporal_Pole_Sup_R	Temporal_Mid_L	Temporal_Mid_R	Temporal_Pole_Mid_L	Temporal_Pole_Mid_R	Temporal_Inf_L	Temporal_Inf_R	Cerebelum_Crus1_L	Cerebelum_Crus1_R	Cerebelum_Crus2_L	Cerebelum_Crus2_R	Cerebelum_3_L	Cerebelum_3_R	Cerebelum_4_5_L	Cerebelum_4_5_R	Cerebelum_6_L	Cerebelum_6_R	Cerebelum_7b_L	Cerebelum_7b_R	Cerebelum_8_L	Cerebelum_8_R	Cerebelum_9_L	Cerebelum_9_R	Cerebelum_10_L	Cerebelum_10_R	Vermis_1_2	Vermis_3	Vermis_4_5	Vermis_6	Vermis_7	Vermis_8	Vermis_9	Vermis_10	
459052	Precentral_L	0	3744	19514	2228	0	0	27760	1458	0	0	15826	0	5102	184	0	0	12920	0	13112	7840	0	0	246	0	0	0	0	0	9696	158	198	0	0	3990	2974	4036	1956	1038	396	0	0	0	198	0	0	0	162	0	0	234	3664	0	2036	154	1238	946	31032	0	226	0	3030	0	2360	0	688	0	212	720	20126	1978	1802	128	2364	0	348	0	2008	450	3456	0	2472	0	152	0	6700	0	0	0	5560	706	0	0	0	0	0	0	0	0	0	0	0	0	0	0	0	0	0	0	0	0	0	0	0	0	0	0	
472208	Precentral_R	3744	0	4904	35474	0	0	2330	46994	0	0	148	6592	0	2398	0	0	114	2152	6324	7590	0	0	0	292	0	0	0	0	1804	7828	112	282	120	1076	1326	3148	2136	10124	708	2186	0	194	0	1628	0	566	0	148	0	1558	0	574	258	788	246	5420	960	14836	0	0	0	350	0	744	0	300	0	2672	1626	5112	3606	5392	3758	8248	846	1870	2934	10952	250	408	0	820	0	0	0	3348	0	0	146	5640	0	0	0	0	0	0	0	0	0	0	0	0	0	0	0	0	0	0	0	0	0	0	0	0	0	0	
1.25017e+06	Frontal_Sup_L	19514	4904	0	20592	14038	1220	61212	6716	1968	0	17838	896	15746	3248	7972	270	22618	176	104722	31290	0	0	51896	12984	2090	322	0	0	59358	1954	23798	9310	15038	19536	276	484	6796	428	1420	0	0	0	0	0	0	0	124	0	0	0	280	0	410	0	2000	0	12186	0	0	0	322	0	132	0	0	0	0	0	1244	180	12164	766	30312	378	5828	0	4512	346	7418	0	2538	0	670	0	636	0	0	0	1898	0	0	0	0	0	0	0	0	0	112	0	0	0	0	0	0	0	0	0	0	0	0	0	0	0	0	0	
1.05939e+06	Frontal_Sup_R	2228	35474	20592	0	462	22332	3256	66398	0	1332	994	5552	744	15628	344	6114	496	2416	24064	51024	0	0	12912	49406	508	7488	0	0	5930	22390	6374	31374	3038	21174	830	1784	1682	8906	588	1954	0	242	0	254	0	0	0	128	0	0	0	0	0	346	114	3292	1222	180	0	0	0	0	0	134	0	0	0	130	308	716	10642	30732	5076	18252	608	1278	2912	11064	276	0	0	700	0	656	0	1710	0	126	0	2810	0	0	0	0	0	0	0	0	0	0	0	0	0	0	0	0	0	0	0	0	0	0	0	0	0	0	
210544	Frontal_Sup_Orb_L	0	0	14038	462	0	0	2242	238	12060	0	742	206	6286	220	18100	0	0	0	3064	1684	810	0	5032	258	1360	0	2818	0	16462	0	3246	118	546	1104	0	0	0	0	0	0	0	0	0	0	0	0	0	0	0	0	0	0	0	0	0	0	0	0	0	0	0	0	0	0	0	0	0	0	0	0	2370	132	11540	0	0	0	0	0	0	0	0	0	134	0	0	0	0	0	0	0	0	0	0	0	0	0	0	0	0	0	0	0	0	0	0	0	0	0	0	0	0	0	0	0	0	0	
307580	Frontal_Sup_Orb_R	0	0	1220	22332	0	0	250	8434	0	7304	0	2548	0	5568	0	6590	0	608	1346	5218	238	1804	2136	15520	492	11320	326	7440	928	6536	1270	9486	268	3132	0	0	0	0	0	0	0	118	0	0	0	0	0	0	0	0	0	0	0	0	0	0	0	0	0	0	0	0	0	0	0	0	0	0	0	0	2188	17882	748	10070	0	0	0	470	0	0	0	0	0	0	0	0	0	0	0	0	0	0	0	0	0	0	0	0	0	0	0	0	0	0	0	0	0	0	0	0	0	0	0	0	0	0	
490884	Frontal_Mid_L	27760	2330	61212	3256	2242	250	0	912	2072	0	11538	246	24244	916	5310	0	6570	0	6826	5344	0	0	15550	3292	768	0	0	0	16294	468	8052	1400	8038	4220	220	426	1830	392	304	0	0	0	0	0	0	0	0	0	0	0	110	0	328	0	638	0	6540	0	0	0	418	0	116	0	126	0	0	0	376	442	2648	280	3406	0	350	0	1898	324	3592	0	536	0	0	0	190	0	0	0	842	0	0	0	0	0	0	0	0	0	0	0	0	0	0	0	0	0	0	0	0	0	0	0	0	0	0	0	
603776	Frontal_Mid_R	1458	46994	6716	66398	238	8434	912	0	0	2022	672	11464	138	22158	108	2894	570	3018	8628	7100	0	0	2054	6102	0	204	0	0	6040	12526	1248	5200	678	7950	838	1684	1210	9156	556	1818	0	202	0	282	0	0	0	126	0	0	0	0	0	362	0	3616	806	1246	0	0	0	0	0	266	0	116	0	112	0	0	8684	5060	6364	7924	684	1670	1674	8236	154	148	0	500	0	0	0	2508	0	0	0	3962	0	0	0	0	0	0	0	0	0	0	0	0	0	0	0	0	0	0	0	0	0	0	0	0	0	0	
74220	Frontal_Mid_Orb_L	0	0	1968	0	12060	0	2072	0	0	0	0	0	1384	0	13650	0	0	0	0	0	0	0	0	0	0	0	1370	0	2358	0	0	0	0	0	0	0	0	0	0	0	0	0	0	0	0	0	0	0	0	0	0	0	0	0	0	0	0	0	0	0	0	0	0	0	0	0	0	0	0	0	202	0	2046	0	0	0	0	0	0	0	0	0	0	0	0	0	0	0	0	0	0	0	0	0	0	0	0	0	0	0	0	0	0	0	0	0	0	0	0	0	0	0	0	0	0	0	
47104	Frontal_Mid_Orb_R	0	0	0	1332	0	7304	0	2022	0	0	0	0	0	1412	0	5454	0	0	0	688	0	532	0	0	0	0	0	890	0	1180	0	0	0	0	0	0	0	0	0	0	0	140	0	0	0	0	0	0	0	0	0	0	0	0	0	0	0	0	0	0	0	0	0	0	0	0	0	0	0	0	0	1172	0	1426	0	0	0	0	0	0	0	0	0	0	0	0	0	0	0	0	0	0	0	0	0	0	0	0	0	0	0	0	0	0	0	0	0	0	0	0	0	0	0	0	0	0	
283380	Frontal_Inf_Oper_L	15826	148	17838	994	742	0	11538	672	0	0	0	332	14690	534	364	0	16032	0	14478	3214	0	0	1880	206	458	0	0	0	21006	0	2626	252	1210	2082	0	0	142	0	0	0	0	0	0	0	0	0	0	0	0	0	0	0	0	0	0	0	7134	0	0	0	224	0	0	0	0	0	0	0	0	0	860	224	1344	0	154	0	108	0	972	0	1026	0	2224	0	156	0	0	0	0	0	0	0	0	0	0	0	0	0	0	0	0	0	0	0	0	0	0	0	0	0	0	0	0	0	0	0	
177948	Frontal_Inf_Oper_R	0	6592	896	5552	206	2548	246	11464	0	0	332	0	0	13842	0	804	226	2544	1980	3950	0	0	526	2070	622	172	0	0	2238	9686	1006	1254	0	3146	0	0	0	436	0	276	0	0	0	0	0	0	0	0	0	0	0	0	0	0	0	166	0	1720	0	0	0	0	0	0	0	0	0	0	0	0	5388	2754	1160	4732	0	0	0	0	0	0	0	168	0	272	0	0	0	0	0	0	0	0	0	0	0	0	0	0	0	0	0	0	0	0	0	0	0	0	0	0	0	0	0	0	0	0	
255140	Frontal_Inf_Tri_L	5102	0	15746	744	6286	0	24244	138	1384	0	14690	0	0	0	13784	0	2370	110	2524	826	0	0	4796	1260	430	0	0	0	21656	0	3042	138	3554	522	0	0	0	0	0	0	0	0	0	0	0	0	0	0	0	0	0	0	0	0	0	0	1128	0	0	0	0	0	0	0	0	0	0	0	0	0	652	0	1144	0	0	0	0	0	0	0	220	0	1080	0	0	0	0	0	0	0	0	0	0	0	0	0	0	0	0	0	0	0	0	0	0	0	0	0	0	0	0	0	0	0	0	0	
266844	Frontal_Inf_Tri_R	184	2398	3248	15628	220	5568	916	22158	0	1412	534	13842	0	0	0	5752	372	474	3096	5342	0	0	4476	10242	606	158	0	0	1252	11428	1906	4992	782	8328	0	0	0	0	0	0	0	0	0	0	0	0	0	0	0	0	0	0	0	0	0	0	0	560	0	0	0	0	0	0	0	0	0	0	0	0	3934	2820	160	634	0	0	0	0	0	0	0	0	0	0	0	0	0	0	0	0	0	0	0	0	0	0	0	0	0	0	0	0	0	0	0	0	0	0	0	0	0	0	0	0	0	0	
200272	Frontal_Inf_Orb_L	0	0	7972	344	18100	0	5310	108	13650	0	364	0	13784	0	0	0	0	0	1324	524	1288	0	1272	358	0	0	846	0	19414	0	884	0	1236	322	0	0	1142	0	144	0	546	0	0	0	0	0	0	0	0	0	0	0	0	0	140	0	0	0	0	0	0	0	0	0	0	0	0	0	0	0	710	0	9216	0	0	0	0	0	0	0	0	0	1138	0	0	0	0	0	0	0	0	0	0	0	0	0	0	0	0	0	0	0	0	0	0	0	0	0	0	0	0	0	0	0	0	0	
142052	Frontal_Inf_Orb_R	0	0	270	6114	0	6590	0	2894	0	5454	0	804	0	5752	0	0	0	190	840	3212	0	3000	426	1134	0	132	0	2958	0	14890	120	1442	0	1762	0	0	0	706	0	498	0	1096	0	0	0	0	0	0	0	0	0	0	0	0	0	186	0	0	0	0	0	0	0	0	0	0	0	0	0	0	118	3108	0	7120	0	0	0	0	0	0	0	0	0	210	0	0	0	0	0	0	0	0	0	0	0	0	0	0	0	0	0	0	0	0	0	0	0	0	0	0	0	0	0	0	0	0	
344200	Rolandic_Oper_L	12920	114	22618	496	0	0	6570	570	0	0	16032	226	2370	372	0	0	0	0	17664	1350	0	0	384	106	0	0	0	0	30064	0	558	148	184	862	0	0	424	0	166	0	0	0	0	0	0	0	0	0	0	0	1120	0	1194	0	1294	0	15392	0	1036	0	814	0	3370	0	678	0	456	0	1164	0	732	178	1412	0	240	0	238	0	9332	0	9774	0	1808	0	4166	0	0	0	3504	0	0	0	0	0	0	0	0	0	0	0	0	0	0	0	0	0	0	0	0	0	0	0	0	0	0	0	
131236	Rolandic_Oper_R	0	2152	176	2416	0	608	0	3018	0	0	0	2544	110	474	0	190	0	0	286	468	0	0	0	630	0	132	0	0	2752	13946	0	294	0	260	0	0	0	364	0	166	0	0	0	152	0	0	0	0	0	0	0	0	0	0	0	428	0	5322	0	0	0	0	0	4434	0	0	0	0	0	0	3056	2510	2730	2244	0	0	0	468	0	3662	0	7758	0	580	0	622	0	0	0	666	0	0	0	0	0	0	0	0	0	0	0	0	0	0	0	0	0	0	0	0	0	0	0	0	0	0	
964280	Supp_Motor_Area_L	13112	6324	104722	24064	3064	1346	6826	8628	0	0	14478	1980	2524	3096	1324	840	17664	286	0	61956	0	0	9946	6000	890	170	0	0	43314	2460	6384	7284	11096	38070	2450	334	5024	0	790	0	0	0	0	0	0	0	116	0	1070	0	534	0	202	0	1590	0	9792	110	0	0	242	0	0	0	0	0	1242	516	3944	376	12714	880	23960	434	5992	0	2486	0	4938	0	2080	0	606	0	458	0	0	0	1412	0	0	0	0	0	0	0	0	0	0	0	0	0	0	0	0	0	0	0	0	0	0	0	0	0	0	0	
872384	Supp_Motor_Area_R	7840	7590	31290	51024	1684	5218	5344	7100	0	688	3214	3950	826	5342	524	3212	1350	468	61956	0	0	0	6870	13760	580	2220	0	0	9636	5330	5386	15542	12640	77670	2742	6634	1048	1138	204	470	0	0	0	808	0	210	0	0	0	582	122	116	368	106	302	784	1372	908	0	0	0	336	0	222	0	138	934	4564	10826	13152	7992	14120	2472	7446	338	318	2248	3438	408	0	0	128	0	212	0	156	0	0	226	350	0	0	0	0	0	0	0	0	0	0	0	0	0	0	0	0	0	0	0	0	0	0	0	0	0	0	
77828	Olfactory_L	0	0	0	0	810	238	0	0	0	0	0	0	0	0	1288	0	0	0	0	0	0	5632	0	0	658	516	4030	304	1892	0	2854	1752	0	0	0	0	276	0	122	0	274	0	0	0	0	0	0	0	0	0	0	0	0	0	0	0	0	0	0	0	0	0	0	0	0	0	0	0	0	0	6966	5420	3494	1560	0	828	0	0	0	0	0	0	0	0	0	0	0	0	0	0	0	0	0	0	0	0	0	0	0	0	0	0	0	0	0	0	0	0	0	0	0	0	0	0	0	0	
120068	Olfactory_R	0	0	0	0	0	1804	0	0	0	532	0	0	0	0	0	3000	0	0	0	0	5632	0	0	0	628	2924	3270	4748	0	3772	2534	3848	0	0	0	0	0	222	0	278	0	1202	0	0	0	0	0	0	0	0	0	0	0	0	0	168	0	0	0	0	0	0	0	0	0	0	0	0	0	0	7684	9508	4344	2286	540	1110	0	0	0	0	0	0	0	0	0	0	0	0	0	0	0	0	0	0	0	0	0	0	0	0	0	0	0	0	0	0	0	0	0	0	0	0	0	0	0	0	
515156	Frontal_Sup_Medial_L	246	0	51896	12912	5032	2136	15550	2054	0	0	1880	526	4796	4476	1272	426	384	0	9946	6870	0	0	0	28496	2354	1496	0	0	8836	2928	34872	17652	13986	14504	0	0	0	0	0	0	0	0	0	0	0	0	0	0	0	0	0	0	0	0	0	0	0	0	0	0	0	0	0	0	0	0	0	0	0	0	4370	790	6604	288	0	0	0	0	0	0	0	0	0	0	0	0	0	0	0	0	0	0	0	0	0	0	0	0	0	0	0	0	0	0	0	0	0	0	0	0	0	0	0	0	0	0	
536820	Frontal_Sup_Medial_R	0	292	12984	49406	258	15520	3292	6102	0	0	206	2070	1260	10242	358	1134	106	630	6000	13760	0	0	28496	0	1126	11344	0	196	1658	8414	7946	36780	4250	17056	0	0	0	0	0	0	0	0	0	0	0	0	0	0	0	0	0	0	0	0	0	0	0	0	0	0	0	0	0	0	0	0	0	0	0	0	2492	18396	630	5528	0	0	110	368	0	0	0	0	0	0	0	0	0	0	0	0	0	0	0	0	0	0	0	0	0	0	0	0	0	0	0	0	0	0	0	0	0	0	0	0	0	0	
70904	Frontal_Med_Orb_L	0	0	2090	508	1360	492	768	0	0	0	458	622	430	606	0	0	0	0	890	580	658	628	2354	1126	0	2078	1364	236	1644	0	8416	2242	1050	330	0	0	0	0	0	0	0	0	0	0	0	0	0	0	0	0	0	0	0	0	0	0	0	0	0	0	0	0	0	0	0	0	0	0	0	0	2240	1074	1016	192	0	0	0	0	0	0	0	0	0	0	0	0	0	0	0	0	0	0	0	0	0	0	0	0	0	0	0	0	0	0	0	0	0	0	0	0	0	0	0	0	0	0	
169352	Frontal_Med_Orb_R	0	0	322	7488	0	11320	0	204	0	0	0	172	0	158	0	132	0	132	170	2220	516	2924	1496	11344	2078	0	538	5872	332	140	2160	12868	0	256	0	0	0	0	0	0	0	0	0	0	0	0	0	0	0	0	0	0	0	0	0	0	0	0	0	0	0	0	0	0	0	0	0	0	0	0	1010	13278	242	7304	0	0	0	0	0	0	0	0	0	0	0	0	0	0	0	0	0	0	0	0	0	0	0	0	0	0	0	0	0	0	0	0	0	0	0	0	0	0	0	0	0	0	
58336	Rectus_L	0	0	0	0	2818	326	0	0	1370	0	0	0	0	0	846	0	0	0	0	0	4030	3270	0	0	1364	538	0	526	294	0	2398	1310	0	0	0	0	0	0	0	0	0	0	0	0	0	0	0	0	0	0	0	0	0	0	0	0	0	0	0	0	0	0	0	0	0	0	0	0	0	0	4296	2710	2166	906	0	0	0	0	0	0	0	0	0	0	0	0	0	0	0	0	0	0	0	0	0	0	0	0	0	0	0	0	0	0	0	0	0	0	0	0	0	0	0	0	0	0	
66148	Rectus_R	0	0	0	0	0	7440	0	0	0	890	0	0	0	0	0	2958	0	0	0	0	304	4748	0	196	236	5872	526	0	0	2588	234	2304	0	0	0	0	0	0	0	0	0	394	0	0	0	0	0	0	0	0	0	0	0	0	0	0	0	0	0	0	0	0	0	0	0	0	0	0	0	0	294	2566	0	1524	0	0	0	0	0	0	0	0	0	0	0	0	0	0	0	0	0	0	0	0	0	0	0	0	0	0	0	0	0	0	0	0	0	0	0	0	0	0	0	0	0	0	
886548	Insula_L	9696	1804	59358	5930	16462	928	16294	6040	2358	0	21006	2238	21656	1252	19414	0	30064	2752	43314	9636	1892	0	8836	1658	1644	332	294	0	0	1758	6666	1074	2938	5916	246	374	10822	520	1666	174	906	0	0	0	0	0	276	0	0	0	350	0	1628	0	8142	140	8398	700	254	0	286	0	466	0	246	0	148	0	742	0	20962	2084	37312	1960	422	530	1338	1208	15602	638	6576	616	3960	0	2990	0	0	0	7206	0	0	0	0	0	0	0	0	0	176	0	0	0	0	0	0	0	0	0	0	0	0	0	0	0	0	0	
440500	Insula_R	158	7828	1954	22390	0	6536	468	12526	0	1180	0	9686	0	11428	0	14890	0	13946	2460	5330	0	3772	2928	8414	0	140	0	2588	1758	0	436	1984	402	4628	386	722	378	9072	238	4570	0	1938	0	354	0	0	0	314	0	0	0	0	0	210	0	6216	0	1680	0	0	0	0	0	200	0	0	0	330	0	0	2578	6242	1734	25864	0	200	300	1668	0	1774	0	5806	0	2548	0	2496	0	304	0	3998	0	0	0	0	0	0	0	176	0	124	0	0	0	0	0	0	0	0	0	0	0	0	0	0	0	0	
415076	Cingulum_Ant_L	198	112	23798	6374	3246	1270	8052	1248	0	0	2626	1006	3042	1906	884	120	558	0	6384	5386	2854	2534	34872	7946	8416	2160	2398	234	6666	436	0	24314	17726	9366	214	0	0	0	0	0	0	0	0	0	0	0	0	0	0	0	0	0	0	0	0	0	0	0	0	0	0	0	0	0	0	0	0	0	0	0	8208	4132	6974	1614	0	264	0	0	0	0	0	0	0	0	0	0	0	0	0	0	0	0	0	0	0	0	0	0	0	0	0	0	0	0	0	0	0	0	0	0	0	0	0	0	0	0	
510464	Cingulum_Ant_R	0	282	9310	31374	118	9486	1400	5200	0	0	252	1254	138	4992	0	1442	148	294	7284	15542	1752	3848	17652	36780	2242	12868	1310	2304	1074	1984	24314	0	5730	25060	0	0	0	0	0	0	0	0	0	0	0	0	0	0	0	0	0	0	0	0	0	0	0	0	0	0	0	0	0	0	0	0	0	0	0	0	3570	18936	532	6278	0	184	0	298	0	0	0	0	0	0	0	0	0	0	0	0	0	0	0	0	0	0	0	0	0	0	0	0	0	0	0	0	0	0	0	0	0	0	0	0	0	0	
294288	Cingulum_Mid_L	0	120	15038	3038	546	268	8038	678	0	0	1210	0	3554	782	1236	0	184	0	11096	12640	0	0	13986	4250	1050	0	0	0	2938	402	17726	5730	0	22998	4842	1458	0	0	0	0	0	0	0	0	0	128	0	0	1560	308	766	0	0	0	0	0	0	0	418	0	0	0	0	0	0	0	5364	1616	2036	510	512	0	118	0	0	0	0	0	0	0	0	0	0	0	0	0	0	0	0	0	0	0	0	0	0	0	0	0	0	0	0	0	0	0	0	0	0	0	0	0	0	0	0	0	0	0	
684856	Cingulum_Mid_R	3990	1076	19536	21174	1104	3132	4220	7950	0	0	2082	3146	522	8328	322	1762	862	260	38070	77670	0	0	14504	17056	330	256	0	0	5916	4628	9366	25060	22998	0	3040	6628	0	0	0	0	0	0	0	936	0	810	0	0	110	664	0	366	0	0	0	112	708	352	0	0	0	190	0	144	0	0	1708	7860	7330	6942	5000	1076	1554	488	126	0	422	0	230	0	0	0	0	0	0	312	0	0	0	0	0	0	0	0	0	0	0	0	0	0	0	0	0	0	0	0	0	0	0	0	0	0	0	0	0	0	
182304	Cingulum_Post_L	2974	1326	276	830	0	0	220	838	0	0	0	0	0	0	0	0	0	0	2450	2742	0	0	0	0	0	0	0	0	246	386	214	0	4842	3040	0	14838	7004	5320	5240	1092	0	0	2228	184	324	0	1632	198	1288	786	1236	0	2876	376	2278	2706	336	140	0	0	156	0	146	0	118	0	4158	2604	3944	1040	0	0	0	0	0	0	918	1514	270	0	0	0	0	0	1382	174	0	0	2416	1490	0	0	0	0	0	0	0	0	0	0	0	0	0	0	0	0	0	0	0	0	356	0	0	0	0	0	
229512	Cingulum_Post_R	4036	3148	484	1784	0	0	426	1684	0	0	0	0	0	0	0	0	0	0	334	6634	0	0	0	0	0	0	0	0	374	722	0	0	1458	6628	14838	0	5972	8938	3888	1828	0	0	0	4360	0	466	654	882	0	1888	216	552	1174	1142	1292	5134	170	1332	0	0	0	266	0	128	0	124	1422	10830	3624	3342	0	0	216	0	0	0	2966	3314	458	0	0	206	0	0	336	914	0	0	780	2576	0	0	0	0	0	0	0	106	0	0	0	0	0	0	0	0	0	0	0	0	710	0	0	0	0	0	
293344	Hippocampus_L	1956	2136	6796	1682	0	0	1830	1210	0	0	142	0	0	0	1142	0	424	0	5024	1048	276	0	0	0	0	0	0	0	10822	378	0	0	0	0	7004	5972	0	5080	22106	1072	5588	0	3178	0	330	0	5746	224	0	0	230	0	570	0	16326	198	226	0	0	0	0	0	0	0	0	0	4698	1106	146	230	1198	0	8696	0	344	0	5278	2284	2366	0	2176	0	1454	0	304	0	408	0	6150	0	0	0	0	0	0	0	292	0	474	0	0	0	0	0	0	0	0	0	0	0	352	0	0	0	0	0	
398556	Hippocampus_R	1038	10124	428	8906	0	0	392	9156	0	0	0	436	0	0	0	706	0	364	0	1138	0	222	0	0	0	0	0	0	520	9072	0	0	0	0	5320	8938	5080	0	3308	29930	0	8950	0	1172	0	0	702	3020	0	214	0	0	0	518	470	35018	0	368	0	0	0	0	0	0	0	0	308	5250	0	198	308	332	584	14062	0	1022	3790	7906	404	0	0	780	0	2104	0	3246	0	186	0	10354	0	170	0	0	0	0	0	1418	0	742	0	0	0	0	0	116	0	0	0	0	488	0	0	0	0	0	
194192	ParaHippocampal_L	396	708	1420	588	0	0	304	556	0	0	0	0	0	0	144	0	166	0	790	204	122	0	0	0	0	0	0	0	1666	238	0	0	0	0	5240	3888	22106	3308	0	754	1996	0	3518	0	380	0	7766	290	0	0	240	0	560	0	14654	134	0	0	0	0	0	0	0	0	0	0	4834	844	0	0	0	0	2196	0	0	0	2268	1074	262	0	480	0	1164	0	198	0	1002	0	2790	0	958	0	194	0	236	0	2900	0	3078	0	0	0	0	0	0	0	0	0	0	278	204	0	0	0	0	0	
242940	ParaHippocampal_R	0	2186	0	1954	0	0	0	1818	0	0	0	276	0	0	0	498	0	166	0	470	0	278	0	0	0	0	0	0	174	4570	0	0	0	0	1092	1828	1072	29930	754	0	0	9170	0	1316	0	0	168	3980	0	0	0	0	0	136	124	27224	0	244	0	0	0	0	0	0	0	0	0	2738	0	0	112	248	166	9300	0	978	646	2376	112	0	0	516	0	3780	0	1030	0	2594	0	2594	0	276	0	0	0	284	0	2750	0	1186	0	0	0	0	0	238	0	0	0	118	0	0	0	0	0	0	
31252	Amygdala_L	0	0	0	0	0	0	0	0	0	0	0	0	0	0	546	0	0	0	0	0	274	0	0	0	0	0	0	0	906	0	0	0	0	0	0	0	5588	0	1996	0	0	0	0	0	0	0	0	0	0	0	0	0	0	0	3214	0	0	0	0	0	0	0	0	0	0	0	0	0	0	0	0	0	666	0	0	0	0	0	0	0	0	0	1004	0	0	0	532	0	900	0	0	0	0	0	0	0	0	0	0	0	0	0	0	0	0	0	0	0	0	0	0	0	0	0	0	0	
79748	Amygdala_R	0	194	0	242	0	118	0	202	0	140	0	0	0	0	0	1096	0	0	0	0	0	1202	0	0	0	0	0	394	0	1938	0	0	0	0	0	0	0	8950	0	9170	0	0	0	0	0	0	0	0	0	0	0	0	0	0	0	8750	0	0	0	0	0	0	0	0	0	0	0	0	0	0	0	166	0	1048	0	0	0	240	0	0	0	0	0	3782	0	346	0	730	0	1166	0	0	0	0	0	0	0	0	0	0	0	0	0	0	0	0	0	0	0	0	0	0	0	0	0	0	
182476	Calcarine_L	198	0	0	0	0	0	0	0	0	0	0	0	0	0	0	0	0	0	0	0	0	0	0	0	0	0	0	0	0	0	0	0	0	0	2228	0	3178	0	3518	0	0	0	0	3506	8660	2134	12106	1182	6450	1840	16614	280	7544	0	4386	0	0	0	0	0	128	0	106	0	152	0	11316	130	908	0	0	0	0	0	0	0	0	0	0	0	0	0	0	0	1674	0	0	0	3000	0	0	0	0	0	0	0	0	0	0	0	0	0	0	0	0	0	0	0	0	0	0	0	0	0	0	0	
230968	Calcarine_R	0	1628	0	254	0	0	0	282	0	0	0	0	0	0	0	0	0	152	0	808	0	0	0	0	0	0	0	0	0	354	0	0	0	936	184	4360	0	1172	0	1316	0	0	3506	0	1880	16720	1192	13028	0	14774	0	12178	0	5878	0	7040	0	1640	0	0	0	0	0	122	0	0	2524	17320	152	990	0	0	0	0	0	0	0	0	0	0	0	222	0	0	0	2550	0	0	0	2056	0	0	0	0	0	0	0	266	0	0	0	0	0	0	0	0	0	0	0	0	0	0	0	0	0	0	
92992	Cuneus_L	0	0	0	0	0	0	0	0	0	0	0	0	0	0	0	0	0	0	0	0	0	0	0	0	0	0	0	0	0	0	0	0	0	0	324	0	330	0	380	0	0	0	8660	1880	0	2674	1616	260	9298	1356	6064	356	1046	0	580	0	0	0	1394	0	0	0	0	0	0	0	8168	766	478	0	0	0	0	0	0	0	0	0	0	0	0	0	0	0	414	0	0	0	452	0	0	0	0	0	0	0	0	0	0	0	0	0	0	0	0	0	0	0	0	0	0	0	0	0	0	0	
182656	Cuneus_R	0	566	0	0	0	0	0	0	0	0	0	0	0	0	0	0	0	0	0	210	0	0	0	0	0	0	0	0	0	0	0	0	128	810	0	466	0	0	0	0	0	0	2134	16720	2674	0	930	5308	0	23438	0	8920	0	888	0	1172	0	996	0	1362	0	0	0	0	0	0	5692	15692	108	466	0	0	0	0	0	0	0	0	0	0	0	0	0	0	0	2648	0	0	0	0	0	0	0	0	0	0	0	0	0	0	0	0	0	0	0	0	0	0	0	0	0	0	0	0	0	0	
268176	Lingual_L	162	0	124	0	0	0	0	0	0	0	0	0	0	0	0	0	0	0	116	0	0	0	0	0	0	0	0	0	276	0	0	0	0	0	1632	654	5746	702	7766	168	0	0	12106	1192	1616	930	0	2160	3064	782	16110	0	10028	0	18822	0	0	0	0	0	0	0	0	0	0	0	7716	216	314	0	0	0	0	0	0	0	714	0	0	0	156	0	0	0	880	0	0	0	2272	0	7768	114	1020	0	398	0	9406	0	12510	648	582	0	830	0	160	0	0	0	0	134	1612	2184	298	0	0	0	
206484	Lingual_R	0	148	0	128	0	0	0	126	0	0	0	0	0	0	0	0	0	0	0	0	0	0	0	0	0	0	0	0	0	314	0	0	0	0	198	882	224	3020	290	3980	0	0	1182	13028	260	5308	2160	0	0	5516	0	4016	0	4572	982	13524	0	0	0	0	0	0	0	0	0	0	430	6994	0	0	0	0	0	238	0	0	0	0	0	0	0	0	0	0	0	254	0	0	0	168	2694	2846	976	210	0	564	828	4326	4412	8024	0	0	0	0	148	0	0	0	0	262	3230	5972	808	0	0	0	
166104	Occipital_Sup_L	0	0	0	0	0	0	0	0	0	0	0	0	0	0	0	0	0	0	1070	0	0	0	0	0	0	0	0	0	0	0	0	0	1560	110	1288	0	0	0	0	0	0	0	6450	0	9298	0	3064	0	0	0	23918	0	2610	0	1128	0	0	0	7376	0	1118	0	252	0	2700	0	12340	116	3974	0	0	0	0	0	0	0	0	0	0	0	0	0	0	0	3846	0	0	0	834	0	0	0	0	0	0	0	0	0	0	0	0	0	0	0	0	0	0	0	0	0	0	0	0	0	0	0	
218520	Occipital_Sup_R	234	1558	0	0	0	0	0	0	0	0	0	0	0	0	0	0	0	0	0	582	0	0	0	0	0	0	0	0	0	0	0	0	308	664	786	1888	0	214	0	0	0	0	1840	14774	1356	23438	782	5516	0	0	0	16612	0	1300	0	1410	0	1554	0	2404	0	2876	0	2562	0	5662	1886	10328	240	832	0	0	0	0	0	0	0	0	0	0	0	0	0	0	0	6994	0	0	0	660	0	0	0	0	0	0	0	0	0	0	0	0	0	0	0	0	0	0	0	0	0	0	0	0	0	0	
457980	Occipital_Mid_L	3664	0	280	0	0	0	110	0	0	0	0	0	0	0	0	0	1120	0	534	122	0	0	0	0	0	0	0	0	350	0	0	0	766	0	1236	216	230	0	240	0	0	0	16614	0	6064	0	16110	0	23918	0	0	0	22926	0	12270	0	6884	0	16182	0	17748	0	5206	0	23996	0	12840	0	10744	0	0	0	0	0	0	0	0	0	148	0	832	0	0	0	19126	0	0	0	8210	0	118	0	0	0	0	0	0	0	186	0	0	0	0	0	0	0	0	0	0	0	0	0	0	0	0	0	
169768	Occipital_Mid_R	0	574	0	0	0	0	0	0	0	0	0	0	0	0	0	0	0	0	0	116	0	0	0	0	0	0	0	0	0	0	0	0	0	366	0	552	0	0	0	0	0	0	280	12178	356	8920	0	4016	0	16612	0	0	0	2380	0	1706	0	768	0	426	0	4186	0	2838	0	10196	544	5752	0	260	0	0	0	0	0	0	0	0	0	0	0	182	0	0	0	11072	0	0	0	604	0	0	0	0	0	0	0	0	0	0	0	0	0	0	0	0	0	0	0	0	0	0	0	0	0	0	
219880	Occipital_Inf_L	2036	258	410	0	0	0	328	0	0	0	0	0	0	0	0	0	1194	0	202	368	0	0	0	0	0	0	0	0	1628	0	0	0	0	0	2876	1174	570	0	560	0	0	0	7544	0	1046	0	10028	0	2610	0	22926	0	0	0	19780	170	968	0	112	0	968	0	850	0	470	0	2582	0	1922	178	0	0	0	0	0	0	112	0	2198	0	0	0	0	0	7464	0	0	0	14862	118	324	0	140	0	0	0	198	0	656	0	0	0	0	0	0	0	0	0	0	0	110	0	0	0	0	0	
73996	Occipital_Inf_R	154	788	0	346	0	0	0	362	0	0	0	0	0	0	0	0	0	0	0	106	0	0	0	0	0	0	0	0	0	210	0	0	0	0	376	1142	0	518	0	136	0	0	0	5878	0	888	0	4572	0	1300	0	2380	0	0	0	8860	0	142	0	0	0	298	0	342	0	1096	0	1778	0	0	0	0	0	0	0	0	0	0	0	0	0	198	0	0	0	1018	0	0	0	3674	0	150	0	0	0	0	0	0	0	164	0	0	0	0	0	0	0	0	0	0	0	122	0	0	0	0	
527304	Fusiform_L	1238	246	2000	114	0	0	638	0	0	0	0	0	0	0	140	0	1294	0	1590	302	0	0	0	0	0	0	0	0	8142	0	0	0	0	0	2278	1292	16326	470	14654	124	3214	0	4386	0	580	0	18822	982	1128	0	12270	0	19780	0	0	164	778	0	0	0	0	0	114	0	0	0	3186	176	660	146	0	0	1830	0	0	0	544	148	3340	0	5194	0	4596	0	6342	0	3750	0	29990	0	25234	590	5978	544	582	0	15272	0	34436	1398	666	0	612	388	454	0	170	0	0	150	1556	1994	660	0	0	0	
488760	Fusiform_R	946	5420	0	3292	0	0	0	3616	0	0	0	166	0	0	0	186	0	428	0	784	0	168	0	0	0	0	0	0	140	6216	0	0	0	112	2706	5134	198	35018	134	27224	0	8750	0	7040	0	1172	0	13524	0	1410	0	1706	170	8860	164	0	0	754	0	0	0	422	0	1062	0	678	0	6950	0	324	148	180	140	8262	0	504	146	1200	0	0	0	1186	0	5498	0	4642	0	4118	0	24766	310	14382	0	834	0	758	0	9368	372	18814	0	228	0	584	0	414	0	0	0	112	1820	612	108	0	0	0	
347092	Postcentral_L	31032	960	12186	1222	0	0	6540	806	0	0	7134	0	1128	0	0	0	15392	0	9792	1372	0	0	0	0	0	0	0	0	8398	0	0	0	0	708	336	170	226	0	0	0	0	0	0	0	0	0	0	0	0	0	6884	0	968	0	778	0	0	0	7994	0	22358	0	11486	0	6318	0	998	0	3418	0	222	0	408	0	0	0	186	0	4322	0	6018	0	0	0	1666	0	0	0	2120	0	0	0	0	0	0	0	0	0	0	0	0	0	0	0	0	0	0	0	0	0	0	0	0	0	0	0	
152048	Postcentral_R	0	14836	0	180	0	0	0	1246	0	0	0	1720	0	560	0	0	0	5322	110	908	0	0	0	0	0	0	0	0	700	1680	0	0	0	352	140	1332	0	368	0	244	0	0	0	1640	0	996	0	0	0	1554	0	768	0	142	0	754	0	0	0	3742	0	4980	0	12956	0	1776	0	5380	162	3058	756	0	712	936	0	0	0	0	0	960	0	2518	0	0	0	1660	0	0	0	876	0	0	0	0	0	0	0	0	0	0	0	0	0	0	0	0	0	0	0	0	0	0	0	0	0	0	
134444	Parietal_Sup_L	226	0	0	0	0	0	0	0	0	0	0	0	0	0	0	0	1036	0	0	0	0	0	0	0	0	0	0	0	254	0	0	0	418	0	0	0	0	0	0	0	0	0	0	0	1394	0	0	0	7376	0	16182	0	112	0	0	0	7994	0	0	0	9002	0	1116	0	7696	0	10396	128	1830	0	0	0	0	0	0	0	0	0	0	0	136	0	0	0	1156	0	0	0	770	0	0	0	0	0	0	0	0	0	0	0	0	0	0	0	0	0	0	0	0	0	0	0	0	0	0	0	
49804	Parietal_Sup_R	0	0	0	0	0	0	0	0	0	0	0	0	0	0	0	0	0	0	0	0	0	0	0	0	0	0	0	0	0	0	0	0	0	0	0	0	0	0	0	0	0	0	0	0	0	1362	0	0	0	2404	0	426	0	0	0	0	0	3742	0	0	0	5666	0	1498	0	5366	160	4022	0	128	0	0	0	0	0	0	0	0	0	0	0	0	0	0	0	128	0	0	0	0	0	0	0	0	0	0	0	0	0	0	0	0	0	0	0	0	0	0	0	0	0	0	0	0	0	0	
259892	Parietal_Inf_L	3030	0	322	0	0	0	418	0	0	0	224	0	0	0	0	0	814	0	242	0	0	0	0	0	0	0	0	0	286	0	0	0	0	0	156	0	0	0	0	0	0	0	128	0	0	0	0	0	1118	0	17748	0	968	0	0	0	22358	0	9002	0	0	0	23690	0	24940	0	1372	0	1912	0	0	0	0	0	0	0	0	0	118	0	2324	0	0	0	13052	0	0	0	5724	0	0	0	0	0	0	0	0	0	0	0	0	0	0	0	0	0	0	0	0	0	0	0	0	0	0	0	
104180	Parietal_Inf_R	0	350	0	0	0	0	0	0	0	0	0	0	0	0	0	0	0	0	0	336	0	0	0	0	0	0	0	0	0	0	0	0	0	190	0	266	0	0	0	0	0	0	0	0	0	0	0	0	0	2876	0	4186	0	298	0	422	0	4980	0	5666	0	0	0	13284	0	15952	0	228	0	344	0	0	0	0	0	0	0	0	0	0	0	460	0	0	0	1444	0	0	0	808	0	0	0	0	0	0	0	0	0	0	0	0	0	0	0	0	0	0	0	0	0	0	0	0	0	0	
197128	SupraMarginal_L	2360	0	132	0	0	0	116	0	0	0	0	0	0	0	0	0	3370	0	0	0	0	0	0	0	0	0	0	0	466	0	0	0	0	0	146	0	0	0	0	0	0	0	106	0	0	0	0	0	252	0	5206	0	850	0	114	0	11486	0	1116	0	23690	0	0	0	14242	0	628	0	1190	0	0	0	0	0	0	0	0	0	470	0	9886	0	0	0	15816	0	0	0	6922	0	0	0	0	0	0	0	0	0	0	0	0	0	0	0	0	0	0	0	0	0	0	0	0	0	0	0	
133636	SupraMarginal_R	0	744	0	134	0	0	0	266	0	0	0	0	0	0	0	0	0	4434	0	222	0	0	0	0	0	0	0	0	0	200	0	0	0	144	0	128	0	0	0	0	0	0	0	122	0	0	0	0	0	2562	0	2838	0	342	0	1062	0	12956	0	1498	0	13284	0	0	0	11886	0	0	0	222	0	0	0	0	0	0	0	0	0	398	0	7770	0	0	0	2274	0	0	0	3332	0	0	0	0	0	0	0	0	0	0	0	0	0	0	0	0	0	0	0	0	0	0	0	0	0	0	
220168	Angular_L	688	0	0	0	0	0	126	0	0	0	0	0	0	0	0	0	678	0	0	0	0	0	0	0	0	0	0	0	246	0	0	0	0	0	118	0	0	0	0	0	0	0	152	0	0	0	0	0	2700	0	23996	0	470	0	0	0	6318	0	7696	0	24940	0	14242	0	0	0	2450	0	2662	0	0	0	0	0	0	0	0	0	118	0	1972	0	0	0	15336	0	0	0	5176	0	0	0	0	0	0	0	0	0	0	0	0	0	0	0	0	0	0	0	0	0	0	0	0	0	0	0	
118516	Angular_R	0	300	0	0	0	0	0	116	0	0	0	0	0	0	0	0	0	0	0	138	0	0	0	0	0	0	0	0	0	0	0	0	0	0	0	124	0	0	0	0	0	0	0	0	0	0	0	0	0	5662	0	10196	0	1096	0	678	0	1776	0	5366	0	15952	0	11886	0	0	0	134	0	148	0	0	0	0	0	0	0	0	0	0	0	1444	0	0	0	2750	0	0	0	1492	0	0	0	0	0	0	0	0	0	0	0	0	0	0	0	0	0	0	0	0	0	0	0	0	0	0	
250740	Precuneus_L	212	0	0	0	0	0	0	0	0	0	0	0	0	0	0	0	456	0	1242	934	0	0	0	0	0	0	0	0	148	0	0	0	5364	1708	4158	1422	4698	308	4834	0	0	0	11316	2524	8168	5692	7716	430	12340	1886	12840	544	2582	0	3186	0	998	0	10396	160	1372	0	628	0	2450	0	0	5640	3214	110	0	0	0	0	0	0	0	0	0	0	162	0	0	0	2642	0	0	0	2890	0	0	0	0	0	0	0	0	0	0	0	0	0	0	0	0	0	0	0	0	0	0	0	0	0	0	0	
275744	Precuneus_R	720	2672	0	130	0	0	0	112	0	0	0	0	0	0	0	0	0	0	516	4564	0	0	0	0	0	0	0	0	0	330	0	0	1616	7860	2604	10830	1106	5250	844	2738	0	0	130	17320	766	15692	216	6994	116	10328	0	5752	0	1778	176	6950	0	5380	128	4022	0	228	0	0	0	134	5640	0	1928	5328	0	0	0	0	0	0	654	168	0	0	0	0	0	0	0	3080	0	0	0	1748	0	0	0	0	0	0	0	510	0	0	0	0	0	0	0	0	0	0	0	0	814	0	0	0	0	0	
225256	Paracentral_Lobule_L	20126	1626	1244	308	0	0	376	0	0	0	0	0	0	0	0	0	1164	0	3944	10826	0	0	0	0	0	0	0	0	742	0	0	0	2036	7330	3944	3624	146	0	0	0	0	0	908	152	478	108	314	0	3974	240	10744	0	1922	0	660	0	3418	162	1830	0	1912	0	1190	0	2662	0	3214	1928	0	4190	218	0	108	0	0	0	806	0	512	0	480	0	0	0	7492	0	0	0	5464	106	0	0	0	0	0	0	0	0	0	0	0	0	0	0	0	0	0	0	0	0	0	0	0	0	0	0	
103576	Paracentral_Lobule_R	1978	5112	180	716	0	0	442	0	0	0	0	0	0	0	0	0	0	0	376	13152	0	0	0	0	0	0	0	0	0	0	0	0	510	6942	1040	3342	230	198	0	0	0	0	0	990	0	466	0	0	0	832	0	260	178	0	146	324	0	3058	0	128	0	344	0	222	0	148	110	5328	4190	0	0	0	0	0	0	0	388	0	0	0	0	0	0	0	0	254	0	0	0	204	0	0	0	0	0	0	0	0	0	0	0	0	0	0	0	0	0	0	0	0	0	0	0	0	0	0	
456832	Caudate_L	1802	3606	12164	10642	2370	2188	2648	8684	202	0	860	5388	652	3934	710	118	732	3056	12714	7992	6966	7684	4370	2492	2240	1010	4296	294	20962	2578	8208	3570	512	5000	0	0	1198	308	0	112	0	0	0	0	0	0	0	0	0	0	0	0	0	0	0	148	222	756	0	0	0	0	0	0	0	0	0	0	218	0	0	13986	32218	4826	2818	3118	14374	1390	650	640	0	624	166	0	0	0	0	0	0	0	0	0	0	0	0	0	0	0	0	0	0	0	0	0	0	0	0	0	0	0	0	0	0	0	0	0	
477024	Caudate_R	128	5392	766	30732	132	17882	280	5060	0	1172	224	2754	0	2820	0	3108	178	2510	880	14120	5420	9508	790	18396	1074	13278	2710	2566	2084	6242	4132	18936	0	1076	0	0	0	332	0	248	0	166	0	0	0	0	0	0	0	0	0	0	0	0	0	180	0	0	0	0	0	0	0	0	0	0	0	0	0	0	13986	0	5974	20560	526	4298	840	17052	0	0	0	0	0	0	0	0	0	0	0	0	0	0	0	0	0	0	0	0	0	0	0	0	0	0	0	0	0	0	0	0	0	0	0	0	0	0	
508612	Putamen_L	2364	3758	30312	5076	11540	748	3406	6364	2046	0	1344	1160	1144	160	9216	0	1412	2730	23960	2472	3494	4344	6604	630	1016	242	2166	0	37312	1734	6974	532	118	1554	0	216	8696	584	2196	166	666	0	0	0	0	0	0	0	0	0	0	0	0	0	1830	140	408	712	0	0	0	0	0	0	0	0	0	0	108	0	32218	5974	0	2456	8928	1668	5454	1382	340	638	362	620	1756	0	106	0	112	0	638	0	0	0	0	0	0	0	0	0	0	0	0	0	0	0	0	0	0	0	0	0	0	0	0	0	0	0	
395988	Putamen_R	0	8248	378	18252	0	10070	0	7924	0	1426	0	4732	0	634	0	7120	0	2244	434	7446	1560	2286	288	5528	192	7304	906	1524	1960	25864	1614	6278	0	488	0	0	0	14062	0	9300	0	1048	0	0	0	0	0	238	0	0	0	0	0	0	0	8262	0	936	0	0	0	0	0	0	0	0	0	0	0	0	4826	20560	2456	0	0	4854	0	1516	0	0	0	848	0	1602	0	334	0	212	0	1902	0	0	0	0	0	0	0	198	0	140	0	0	0	0	0	0	0	0	0	0	0	0	0	0	0	0	
62784	Pallidum_L	348	846	5828	608	0	0	350	684	0	0	154	0	0	0	0	0	240	0	5992	338	0	540	0	0	0	0	0	0	422	0	0	0	0	126	0	0	344	0	0	0	0	0	0	0	0	0	0	0	0	0	0	0	0	0	0	0	0	0	0	0	0	0	0	0	0	0	0	0	0	0	2818	526	8928	0	0	200	2100	0	0	0	0	0	0	0	0	0	0	0	0	0	0	0	0	0	0	0	0	0	0	0	0	0	0	0	0	0	0	0	0	0	0	0	0	0	0	0	
49788	Pallidum_R	0	1870	0	1278	0	0	0	1670	0	0	0	0	0	0	0	0	0	0	0	318	828	1110	0	0	0	0	0	0	530	200	264	184	0	0	0	0	0	1022	0	978	0	0	0	0	0	0	0	0	0	0	0	0	0	0	0	504	0	0	0	0	0	0	0	0	0	0	0	0	0	0	3118	4298	1668	4854	200	0	0	0	0	0	0	0	0	0	0	0	0	0	0	0	0	0	0	0	0	0	0	0	0	0	0	0	0	0	0	0	0	0	0	0	0	0	0	0	0	0	
142588	Thalamus_L	2008	2934	4512	2912	0	0	1898	1674	0	0	108	0	0	0	0	0	238	0	2486	2248	0	0	0	110	0	0	0	0	1338	300	0	0	0	422	918	2966	5278	3790	2268	646	0	0	0	0	0	0	714	0	0	0	0	0	112	0	544	146	186	0	0	0	0	0	0	0	0	0	0	654	806	388	14374	840	5454	0	2100	0	0	5086	714	0	0	0	0	0	0	0	0	0	122	0	0	0	0	0	0	0	0	0	0	0	0	0	0	0	0	0	0	0	0	0	0	0	0	0	0	0	
172804	Thalamus_R	450	10952	346	11064	0	470	324	8236	0	0	0	0	0	0	0	0	0	468	0	3438	0	0	0	368	0	0	0	0	1208	1668	0	298	0	0	1514	3314	2284	7906	1074	2376	0	240	0	0	0	0	0	0	0	0	0	0	0	0	148	1200	0	0	0	0	0	0	0	0	0	0	0	168	0	0	1390	17052	1382	1516	0	0	5086	0	328	0	0	0	0	0	0	0	0	0	0	134	0	0	0	0	0	0	0	0	0	0	0	0	0	0	0	0	0	0	0	0	0	0	0	0	0	0	
158188	Heschl_L	3456	250	7418	276	0	0	3592	154	0	0	972	0	0	0	0	0	9332	0	4938	408	0	0	0	0	0	0	0	0	15602	0	0	0	0	230	270	458	2366	404	262	112	0	0	0	0	0	0	0	0	0	0	148	0	2198	0	3340	0	4322	0	0	0	118	0	470	0	118	0	0	0	512	0	650	0	340	0	0	0	714	328	0	0	6652	0	0	0	4740	0	0	0	3944	0	0	0	0	0	0	0	0	0	0	0	0	0	0	0	0	0	0	0	0	0	0	0	0	0	0	0	
30844	Heschl_R	0	408	0	0	0	0	0	148	0	0	0	0	0	0	0	0	0	3662	0	0	0	0	0	0	0	0	0	0	638	1774	0	0	0	0	0	0	0	0	0	0	0	0	0	0	0	0	0	0	0	0	0	0	0	0	0	0	0	960	0	0	0	0	0	398	0	0	0	0	0	0	640	0	638	0	0	0	0	0	0	0	0	5164	0	0	0	770	0	0	0	222	0	0	0	0	0	0	0	0	0	0	0	0	0	0	0	0	0	0	0	0	0	0	0	0	0	0	
196036	Temporal_Sup_L	2472	0	2538	0	0	0	536	0	0	0	1026	0	220	0	0	0	9774	0	2080	0	0	0	0	0	0	0	0	0	6576	0	0	0	0	0	0	0	2176	0	480	0	0	0	0	0	0	0	156	0	0	0	832	0	0	0	5194	0	6018	0	136	0	2324	0	9886	0	1972	0	162	0	480	0	0	0	362	0	0	0	0	0	6652	0	0	0	2586	0	23148	0	118	0	9578	0	0	0	0	0	0	0	114	0	422	0	0	0	0	0	0	0	0	0	0	0	0	0	0	0	0	0	
127304	Temporal_Sup_R	0	820	0	700	0	0	0	500	0	0	0	168	0	0	0	0	0	7758	0	128	0	0	0	0	0	0	0	0	616	5806	0	0	0	0	0	206	0	780	0	516	0	0	0	222	0	0	0	0	0	0	0	182	0	198	0	1186	0	2518	0	0	0	460	0	7770	0	1444	0	0	0	0	624	0	620	848	0	0	0	0	0	5164	0	0	0	3438	0	13918	0	1330	0	5732	0	0	0	0	0	0	0	0	0	0	0	0	0	0	0	0	0	0	0	0	0	0	0	0	0	0	
77768	Temporal_Pole_Sup_L	152	0	670	0	134	0	0	0	0	0	2224	0	1080	0	1138	0	1808	0	606	0	0	0	0	0	0	0	0	0	3960	0	0	0	0	0	0	0	1454	0	1164	0	1004	0	0	0	0	0	0	0	0	0	0	0	0	0	4596	0	0	0	0	0	0	0	0	0	0	0	0	0	0	0	166	0	1756	0	0	0	0	0	0	0	2586	0	0	0	5272	0	4728	0	4386	0	0	0	0	0	0	0	0	0	0	0	0	0	0	0	0	0	0	0	0	0	0	0	0	0	0	0	
62572	Temporal_Pole_Sup_R	0	0	0	656	0	0	0	0	0	0	0	272	0	0	0	210	0	580	0	212	0	0	0	0	0	0	0	0	0	2548	0	0	0	0	0	0	0	2104	0	3780	0	3782	0	0	0	0	0	0	0	0	0	0	0	0	0	5498	0	0	0	0	0	0	0	0	0	0	0	0	0	0	0	0	0	1602	0	0	0	0	0	0	0	3438	0	0	0	1888	0	3750	0	966	0	0	0	0	0	0	0	0	0	0	0	0	0	0	0	0	0	0	0	0	0	0	0	0	0	0	
386108	Temporal_Mid_L	6700	0	636	0	0	0	190	0	0	0	156	0	0	0	0	0	4166	0	458	0	0	0	0	0	0	0	0	0	2990	0	0	0	0	0	1382	336	304	0	198	0	0	0	1674	0	414	0	880	0	3846	0	19126	0	7464	0	6342	0	1666	0	1156	0	13052	0	15816	0	15336	0	2642	0	7492	0	0	0	106	0	0	0	0	0	4740	0	23148	0	5272	0	0	0	5278	0	39748	0	0	0	0	0	0	0	0	0	340	0	0	0	0	0	0	0	0	0	0	0	0	0	0	0	0	0	
190472	Temporal_Mid_R	0	3348	0	1710	0	0	0	2508	0	0	0	0	0	0	0	0	0	622	0	156	0	0	0	0	0	0	0	0	0	2496	0	0	0	312	174	914	0	3246	0	1030	0	346	0	2550	0	2648	0	254	0	6994	0	11072	0	1018	0	4642	0	1660	0	128	0	1444	0	2274	0	2750	0	3080	0	254	0	0	0	334	0	0	0	0	0	770	0	13918	0	1888	0	0	0	2346	0	18350	0	0	0	0	0	0	0	0	0	0	0	0	0	0	0	0	0	0	0	0	0	0	0	0	0	0	
40640	Temporal_Pole_Mid_L	0	0	0	0	0	0	0	0	0	0	0	0	0	0	0	0	0	0	0	0	0	0	0	0	0	0	0	0	0	0	0	0	0	0	0	0	408	0	1002	0	532	0	0	0	0	0	0	0	0	0	0	0	0	0	3750	0	0	0	0	0	0	0	0	0	0	0	0	0	0	0	0	0	112	0	0	0	0	0	0	0	118	0	4728	0	5278	0	0	0	4392	0	0	0	0	0	0	0	0	0	0	0	0	0	0	0	0	0	0	0	0	0	0	0	0	0	0	0	
33372	Temporal_Pole_Mid_R	0	0	0	126	0	0	0	0	0	0	0	0	0	0	0	0	0	0	0	0	0	0	0	0	0	0	0	0	0	304	0	0	0	0	0	0	0	186	0	2594	0	730	0	0	0	0	0	0	0	0	0	0	0	0	0	4118	0	0	0	0	0	0	0	0	0	0	0	0	0	0	0	0	0	212	0	0	0	0	0	0	0	1330	0	3750	0	2346	0	0	0	990	0	0	0	0	0	0	0	0	0	0	0	0	0	0	0	0	0	0	0	0	0	0	0	0	0	0	
391408	Temporal_Inf_L	5560	146	1898	0	0	0	842	0	0	0	0	0	0	0	0	0	3504	0	1412	226	0	0	0	0	0	0	0	0	7206	0	0	0	0	0	2416	780	6150	0	2790	0	900	0	3000	0	452	0	2272	0	834	0	8210	0	14862	0	29990	0	2120	0	770	0	5724	0	6922	0	5176	0	2890	0	5464	0	0	0	638	0	0	0	122	0	3944	0	9578	0	4386	0	39748	0	4392	0	0	0	4688	0	1864	0	110	0	838	0	2880	0	0	0	0	0	0	0	0	0	0	0	0	0	0	0	0	0	
222508	Temporal_Inf_R	706	5640	0	2810	0	0	0	3962	0	0	0	0	0	0	0	0	0	666	0	350	0	0	0	0	0	0	0	0	0	3998	0	0	0	0	1490	2576	0	10354	0	2594	0	1166	0	2056	0	0	0	168	0	660	0	604	118	3674	0	24766	0	876	0	0	0	808	0	3332	0	1492	0	1748	106	204	0	0	0	1902	0	0	0	134	0	222	0	5732	0	966	0	18350	0	990	0	0	0	3810	0	946	0	0	0	134	0	1012	0	0	0	132	0	0	0	0	0	0	0	0	0	0	0	0	
540804	Cerebelum_Crus1_L	0	0	0	0	0	0	0	0	0	0	0	0	0	0	0	0	0	0	0	0	0	0	0	0	0	0	0	0	0	0	0	0	0	0	0	0	0	0	958	0	0	0	0	0	0	0	7768	2694	0	0	118	0	324	0	25234	310	0	0	0	0	0	0	0	0	0	0	0	0	0	0	0	0	0	0	0	0	0	0	0	0	0	0	0	0	0	0	0	0	4688	0	0	7486	45388	5922	1772	914	22556	736	55768	10122	11918	454	16948	3280	2878	1424	818	0	1848	4016	7616	10572	10272	2266	3022	312	
482988	Cerebelum_Crus1_R	0	0	0	0	0	0	0	0	0	0	0	0	0	0	0	0	0	0	0	0	0	0	0	0	0	0	0	0	0	0	0	0	0	0	0	0	0	170	0	276	0	0	0	0	0	0	114	2846	0	0	0	0	0	150	590	14382	0	0	0	0	0	0	0	0	0	0	0	0	0	0	0	0	0	0	0	0	0	0	0	0	0	0	0	0	0	0	0	0	0	3810	7486	0	5296	41986	168	3416	2572	20656	6824	58182	1544	9056	1664	22782	630	2346	0	224	518	2622	9692	7308	11740	1342	1102	0	
459664	Cerebelum_Crus2_L	0	0	0	0	0	0	0	0	0	0	0	0	0	0	0	0	0	0	0	0	0	0	0	0	0	0	0	0	0	0	0	0	0	0	0	0	0	0	194	0	0	0	0	0	0	0	1020	976	0	0	0	0	140	0	5978	0	0	0	0	0	0	0	0	0	0	0	0	0	0	0	0	0	0	0	0	0	0	0	0	0	0	0	0	0	0	0	0	0	1864	0	45388	5296	0	18534	154	406	2984	154	11676	4566	40818	5988	36832	5766	4858	836	1998	0	724	1606	1586	3350	20296	3576	2156	112	
425476	Cerebelum_Crus2_R	0	0	0	0	0	0	0	0	0	0	0	0	0	0	0	0	0	0	0	0	0	0	0	0	0	0	0	0	0	0	0	0	0	0	0	0	0	0	0	0	0	0	0	0	0	0	0	210	0	0	0	0	0	0	544	834	0	0	0	0	0	0	0	0	0	0	0	0	0	0	0	0	0	0	0	0	0	0	0	0	0	0	0	0	0	0	0	0	0	946	5922	41986	18534	0	0	1278	1384	3340	2966	13954	9498	29440	7554	37166	406	2418	0	178	390	1344	2732	1742	22710	4014	1248	0	
44116	Cerebelum_3_L	0	0	0	0	0	0	0	0	0	0	0	0	0	0	0	0	0	0	0	0	0	0	0	0	0	0	0	0	0	0	0	0	0	0	0	0	0	0	236	0	0	0	0	0	0	0	398	0	0	0	0	0	0	0	582	0	0	0	0	0	0	0	0	0	0	0	0	0	0	0	0	0	0	0	0	0	0	0	0	0	0	0	0	0	0	0	0	0	110	0	1772	168	154	0	0	150	7398	0	3414	364	0	0	250	0	1562	140	130	0	604	2378	602	970	164	154	236	122	
75320	Cerebelum_3_R	0	0	0	0	0	0	0	0	0	0	0	0	0	0	0	0	0	0	0	0	0	0	0	0	0	0	0	0	0	0	0	0	0	0	0	0	0	0	0	284	0	0	0	0	0	0	0	564	0	0	0	0	0	0	0	758	0	0	0	0	0	0	0	0	0	0	0	0	0	0	0	0	0	0	0	0	0	0	0	0	0	0	0	0	0	0	0	0	0	0	914	3416	406	1278	150	0	716	5520	664	6024	282	196	694	1568	150	1584	0	0	1754	4854	1028	472	1552	1406	1426	0	
314968	Cerebelum_4_5_L	0	0	0	0	0	0	0	0	0	0	0	0	0	0	0	0	0	0	0	0	0	0	0	0	0	0	0	0	0	0	0	0	0	0	0	0	292	0	2900	0	0	0	0	0	0	0	9406	828	0	0	0	0	198	0	15272	0	0	0	0	0	0	0	0	0	0	0	0	0	0	0	0	0	0	0	0	0	0	0	0	0	114	0	0	0	0	0	0	0	838	0	22556	2572	2984	1384	7398	716	0	1062	37074	4302	1948	236	5898	1136	4314	784	874	0	1234	4282	14794	5674	2032	984	2018	1380	
206004	Cerebelum_4_5_R	0	0	0	0	0	0	0	0	0	0	0	0	0	0	0	0	0	0	0	0	0	0	0	0	0	0	0	0	0	176	0	0	0	0	0	106	0	1418	0	2750	0	0	0	266	0	0	0	4326	0	0	0	0	0	0	0	9368	0	0	0	0	0	0	0	0	0	0	0	510	0	0	0	0	0	198	0	0	0	0	0	0	0	0	0	0	0	0	0	0	0	134	736	20656	154	3340	0	5520	1062	0	770	31498	0	596	530	2758	0	1574	0	0	0	1914	10768	206	584	554	530	0	
502660	Cerebelum_6_L	0	0	112	0	0	0	0	0	0	0	0	0	0	0	0	0	0	0	0	0	0	0	0	0	0	0	0	0	176	0	0	0	0	0	0	0	474	0	3078	0	0	0	0	0	0	0	12510	4412	0	0	186	0	656	0	34436	372	0	0	0	0	0	0	0	0	0	0	0	0	0	0	0	0	0	0	0	0	0	0	0	0	422	0	0	0	340	0	0	0	2880	0	55768	6824	11676	2966	3414	664	37074	770	0	12132	3606	268	7224	1702	4548	870	840	0	1148	3114	11198	16306	5606	1202	1780	576	
469548	Cerebelum_6_R	0	0	0	0	0	0	0	0	0	0	0	0	0	0	0	0	0	0	0	0	0	0	0	0	0	0	0	0	0	124	0	0	0	0	0	0	0	742	0	1186	0	0	0	0	0	0	648	8024	0	0	0	0	0	164	1398	18814	0	0	0	0	0	0	0	0	0	0	0	0	0	0	0	0	0	140	0	0	0	0	0	0	0	0	0	0	0	0	0	0	0	1012	10122	58182	4566	13954	364	6024	4302	31498	12132	0	982	1636	1424	8350	1052	1248	0	0	546	3658	14672	14284	10536	1578	1412	0	
296836	Cerebelum_7b_L	0	0	0	0	0	0	0	0	0	0	0	0	0	0	0	0	0	0	0	0	0	0	0	0	0	0	0	0	0	0	0	0	0	0	0	0	0	0	0	0	0	0	0	0	0	0	582	0	0	0	0	0	0	0	666	0	0	0	0	0	0	0	0	0	0	0	0	0	0	0	0	0	0	0	0	0	0	0	0	0	0	0	0	0	0	0	0	0	0	0	11918	1544	40818	9498	0	282	1948	0	3606	982	0	7010	38816	4570	5392	458	2190	0	426	876	928	458	9672	5096	682	0	
214648	Cerebelum_7b_R	0	0	0	0	0	0	0	0	0	0	0	0	0	0	0	0	0	0	0	0	0	0	0	0	0	0	0	0	0	0	0	0	0	0	0	0	0	0	0	0	0	0	0	0	0	0	0	0	0	0	0	0	0	0	0	228	0	0	0	0	0	0	0	0	0	0	0	0	0	0	0	0	0	0	0	0	0	0	0	0	0	0	0	0	0	0	0	0	0	0	454	9056	5988	29440	0	196	236	596	268	1636	7010	0	6394	30754	172	3460	0	144	0	158	448	110	5716	4426	434	0	
373820	Cerebelum_8_L	0	0	0	0	0	0	0	0	0	0	0	0	0	0	0	0	0	0	0	0	0	0	0	0	0	0	0	0	0	0	0	0	0	0	0	0	0	0	0	0	0	0	0	0	0	0	830	0	0	0	0	0	0	0	612	0	0	0	0	0	0	0	0	0	0	0	0	0	0	0	0	0	0	0	0	0	0	0	0	0	0	0	0	0	0	0	0	0	0	0	16948	1664	36832	7554	250	694	5898	530	7224	1424	38816	6394	0	7128	19518	2392	4956	0	966	1876	2686	682	8824	8822	3228	162	
337740	Cerebelum_8_R	0	0	0	0	0	0	0	0	0	0	0	0	0	0	0	0	0	0	0	0	0	0	0	0	0	0	0	0	0	0	0	0	0	0	0	0	0	0	0	0	0	0	0	0	0	0	0	0	0	0	0	0	0	0	388	584	0	0	0	0	0	0	0	0	0	0	0	0	0	0	0	0	0	0	0	0	0	0	0	0	0	0	0	0	0	0	0	0	0	132	3280	22782	5766	37166	0	1568	1136	2758	1702	8350	4570	30754	7128	0	636	16786	0	1004	298	1488	2048	722	8458	7096	2270	0	
132600	Cerebelum_9_L	0	0	0	0	0	0	0	0	0	0	0	0	0	0	0	0	0	0	0	0	0	0	0	0	0	0	0	0	0	0	0	0	0	0	0	0	0	0	0	0	0	0	0	0	0	0	160	148	0	0	0	0	0	0	454	0	0	0	0	0	0	0	0	0	0	0	0	0	0	0	0	0	0	0	0	0	0	0	0	0	0	0	0	0	0	0	0	0	0	0	2878	630	4858	406	1562	150	4314	0	4548	1052	5392	172	19518	636	0	2004	6366	0	246	388	1486	2986	1370	1764	2334	478	
127112	Cerebelum_9_R	0	0	0	0	0	0	0	0	0	0	0	0	0	0	0	0	0	0	0	0	0	0	0	0	0	0	0	0	0	0	0	0	0	0	0	0	0	116	0	238	0	0	0	0	0	0	0	0	0	0	0	0	0	0	0	414	0	0	0	0	0	0	0	0	0	0	0	0	0	0	0	0	0	0	0	0	0	0	0	0	0	0	0	0	0	0	0	0	0	0	1424	2346	836	2418	140	1584	784	1574	870	1248	458	3460	2392	16786	2004	0	0	1292	1992	2408	934	2090	3458	5150	5998	1142	
37060	Cerebelum_10_L	0	0	0	0	0	0	0	0	0	0	0	0	0	0	0	0	0	0	0	0	0	0	0	0	0	0	0	0	0	0	0	0	0	0	0	0	0	0	0	0	0	0	0	0	0	0	0	0	0	0	0	0	0	0	170	0	0	0	0	0	0	0	0	0	0	0	0	0	0	0	0	0	0	0	0	0	0	0	0	0	0	0	0	0	0	0	0	0	0	0	818	0	1998	0	130	0	874	0	840	0	2190	0	4956	0	6366	0	0	0	0	0	188	0	0	0	0	0	
5684	Cerebelum_10_R	0	0	0	0	0	0	0	0	0	0	0	0	0	0	0	0	0	0	0	0	0	0	0	0	0	0	0	0	0	0	0	0	0	0	0	0	0	0	0	0	0	0	0	0	0	0	0	0	0	0	0	0	0	0	0	0	0	0	0	0	0	0	0	0	0	0	0	0	0	0	0	0	0	0	0	0	0	0	0	0	0	0	0	0	0	0	0	0	0	0	0	224	0	178	0	0	0	0	0	0	0	144	0	1004	0	1292	0	0	0	0	0	0	0	0	0	0	
53884	Vermis_1_2	0	0	0	0	0	0	0	0	0	0	0	0	0	0	0	0	0	0	0	0	0	0	0	0	0	0	0	0	0	0	0	0	0	0	0	0	0	0	0	0	0	0	0	0	0	0	0	0	0	0	0	0	0	0	0	0	0	0	0	0	0	0	0	0	0	0	0	0	0	0	0	0	0	0	0	0	0	0	0	0	0	0	0	0	0	0	0	0	0	0	1848	518	724	390	604	1754	1234	0	1148	546	426	0	966	298	246	1992	0	0	0	6192	1260	858	1988	1870	2080	0	
118564	Vermis_3	0	0	0	0	0	0	0	0	0	0	0	0	0	0	0	0	0	0	0	0	0	0	0	0	0	0	0	0	0	0	0	0	0	0	0	0	0	0	278	118	0	0	0	0	0	0	134	262	0	0	0	0	0	0	150	112	0	0	0	0	0	0	0	0	0	0	0	0	0	0	0	0	0	0	0	0	0	0	0	0	0	0	0	0	0	0	0	0	0	0	4016	2622	1606	1344	2378	4854	4282	1914	3114	3658	876	158	1876	1488	388	2408	0	0	6192	0	5012	1672	3158	2282	2930	0	
