data	data	714420	363432	869176	746452	169224	121156	445484	260836	83172	23968	265356	330416	225724	140916	170780	55556	264380	187624	697692	618536	117740	169444	310168	401868	28060	150724	63784	125216	543668	424284	238164	468276	188996	419704	240888	264280	303476	454620	133308	262228	49020	71900	237876	446324	178764	278652	256820	380116	165304	259856	406220	229220	100604	75452	374416	485348	259888	235624	107984	90656	187096	133764	154884	153940	127792	134880	320528	494392	290728	224976	423636	461624	371860	402500	63764	21836	292292	341624	126668	56872	202172	135904	80080	82940	322168	263024	37480	25064	293760	313620	461684	527612	302708	377464	45508	66268	370332	294020	496588	487088	215864	267216	261056	304220	116624	149216	17292	23672	44340	93760	335604	304296	138316	187028	136128	30508	
data	data	Precentral_L	Precentral_R	Frontal_Sup_L	Frontal_Sup_R	Frontal_Sup_Orb_L	Frontal_Sup_Orb_R	Frontal_Mid_L	Frontal_Mid_R	Frontal_Mid_Orb_L	Frontal_Mid_Orb_R	Frontal_Inf_Oper_L	Frontal_Inf_Oper_R	Frontal_Inf_Tri_L	Frontal_Inf_Tri_R	Frontal_Inf_Orb_L	Frontal_Inf_Orb_R	Rolandic_Oper_L	Rolandic_Oper_R	Supp_Motor_Area_L	Supp_Motor_Area_R	Olfactory_L	Olfactory_R	Frontal_Sup_Medial_L	Frontal_Sup_Medial_R	Frontal_Med_Orb_L	Frontal_Med_Orb_R	Rectus_L	Rectus_R	Insula_L	Insula_R	Cingulum_Ant_L	Cingulum_Ant_R	Cingulum_Mid_L	Cingulum_Mid_R	Cingulum_Post_L	Cingulum_Post_R	Hippocampus_L	Hippocampus_R	ParaHippocampal_L	ParaHippocampal_R	Amygdala_L	Amygdala_R	Calcarine_L	Calcarine_R	Cuneus_L	Cuneus_R	Lingual_L	Lingual_R	Occipital_Sup_L	Occipital_Sup_R	Occipital_Mid_L	Occipital_Mid_R	Occipital_Inf_L	Occipital_Inf_R	Fusiform_L	Fusiform_R	Postcentral_L	Postcentral_R	Parietal_Sup_L	Parietal_Sup_R	Parietal_Inf_L	Parietal_Inf_R	SupraMarginal_L	SupraMarginal_R	Angular_L	Angular_R	Precuneus_L	Precuneus_R	Paracentral_Lobule_L	Paracentral_Lobule_R	Caudate_L	Caudate_R	Putamen_L	Putamen_R	Pallidum_L	Pallidum_R	Thalamus_L	Thalamus_R	Heschl_L	Heschl_R	Temporal_Sup_L	Temporal_Sup_R	Temporal_Pole_Sup_L	Temporal_Pole_Sup_R	Temporal_Mid_L	Temporal_Mid_R	Temporal_Pole_Mid_L	Temporal_Pole_Mid_R	Temporal_Inf_L	Temporal_Inf_R	Cerebelum_Crus1_L	Cerebelum_Crus1_R	Cerebelum_Crus2_L	Cerebelum_Crus2_R	Cerebelum_3_L	Cerebelum_3_R	Cerebelum_4_5_L	Cerebelum_4_5_R	Cerebelum_6_L	Cerebelum_6_R	Cerebelum_7b_L	Cerebelum_7b_R	Cerebelum_8_L	Cerebelum_8_R	Cerebelum_9_L	Cerebelum_9_R	Cerebelum_10_L	Cerebelum_10_R	Vermis_1_2	Vermis_3	Vermis_4_5	Vermis_6	Vermis_7	Vermis_8	Vermis_9	Vermis_10	
714420	Precentral_L	0	7910	29532	7698	0	0	28502	898	0	0	20530	738	264	0	0	0	18448	578	30294	13850	0	0	720	884	0	0	0	0	15536	950	690	1228	4142	5786	9596	4174	6532	3284	146	1298	0	0	1572	0	210	0	0	744	0	0	1516	0	754	0	1732	328	27958	134	0	0	3582	0	1966	0	170	0	1694	0	28450	4242	8836	1900	7970	1044	3428	0	25274	5194	7546	192	2626	150	0	0	1964	158	0	0	960	264	0	0	0	0	0	0	0	444	0	0	0	0	0	0	0	0	0	0	0	0	0	0	0	0	0	0	
363432	Precentral_R	7910	0	1266	21268	0	0	682	12250	0	0	94	18264	0	1382	0	0	190	2996	2766	9920	0	0	0	420	0	0	0	0	910	5520	280	842	172	1246	904	2586	240	2662	94	686	0	0	0	3620	0	314	0	1176	0	300	0	300	0	574	0	3818	0	18196	0	0	0	0	0	344	0	0	0	5552	3916	7238	5784	7874	1508	3318	346	170	5780	11526	0	184	0	316	0	0	0	1064	0	0	0	2870	0	0	0	0	0	0	0	0	0	78	0	0	0	0	0	0	0	0	0	0	0	0	0	0	0	0	
869176	Frontal_Sup_L	29532	1266	0	9674	6900	0	52636	2678	1094	0	14678	3012	18320	334	5228	0	14358	458	74950	14698	192	78	42166	2232	1180	86	112	0	33916	1596	10998	4430	5808	3736	474	192	3132	532	190	98	220	0	0	0	0	0	0	0	0	0	0	0	0	0	464	90	3738	158	0	0	0	0	0	0	0	0	0	0	10882	0	10920	2380	24626	1052	4462	154	8452	644	2170	0	1982	0	408	132	124	0	0	0	566	0	0	0	0	0	0	0	0	0	0	0	0	0	0	0	0	0	0	0	0	0	0	0	0	0	0	0	
746452	Frontal_Sup_R	7698	21268	9674	0	84	6272	1954	24410	0	180	340	9368	0	7868	78	2094	312	5632	16896	54322	106	650	5556	33376	146	4036	94	2362	656	13702	2650	28854	1148	20762	160	394	250	1306	100	312	0	132	0	434	0	0	0	206	0	0	0	0	0	0	0	504	0	2126	0	0	0	0	0	0	0	0	0	566	6372	92	5786	27726	1260	14080	138	1580	3870	20288	0	290	0	456	0	1688	0	92	0	0	0	470	0	0	0	0	0	0	0	0	0	0	0	0	0	0	0	0	0	0	0	0	0	0	0	0	0	0	
169224	Frontal_Sup_Orb_L	0	0	6900	84	0	480	2042	0	11982	0	0	0	2850	0	16448	0	0	0	100	0	3812	2728	3222	458	2772	518	5446	708	7784	0	2434	770	0	0	0	0	0	0	0	0	0	0	0	0	0	0	0	0	0	0	0	0	0	0	0	0	0	0	0	0	0	0	0	0	0	0	0	0	0	0	3946	2158	5536	554	0	0	0	0	0	0	0	0	880	0	0	0	0	0	0	0	0	0	0	0	0	0	0	0	0	0	0	0	0	0	0	0	0	0	0	0	0	0	0	0	0	0	
121156	Frontal_Sup_Orb_R	0	0	0	6272	480	0	0	230	106	5050	0	0	0	0	396	4650	0	0	0	472	654	3730	180	4848	206	10134	580	9154	0	1890	214	2952	0	0	0	0	0	254	0	164	0	134	0	0	0	0	0	0	0	0	0	0	0	0	0	76	0	0	0	0	0	0	0	0	0	0	0	0	0	0	702	3394	96	3560	0	0	0	0	0	0	0	0	0	0	0	0	0	0	0	0	0	0	0	0	0	0	0	0	0	0	0	0	0	0	0	0	0	0	0	0	0	0	0	0	0	0	
445484	Frontal_Mid_L	28502	682	52636	1954	2042	0	0	238	1688	0	15300	578	29664	0	6242	0	7148	374	7026	612	0	0	18444	1048	0	0	0	0	13192	516	2398	1280	974	324	80	160	1664	126	0	0	0	0	0	0	0	0	0	0	0	0	0	0	0	0	0	0	2628	0	0	0	234	0	178	0	0	0	0	0	504	0	3360	916	4182	460	1184	0	11958	714	1072	0	460	0	0	0	0	0	0	0	0	0	0	0	0	0	0	0	0	0	0	0	0	0	0	0	0	0	0	0	0	0	0	0	0	0	0	0	
260836	Frontal_Mid_R	898	12250	2678	24410	0	230	238	0	0	352	104	15878	0	10126	0	1928	278	2598	3856	7438	0	0	650	4958	0	0	0	0	844	7594	390	1996	104	5036	348	398	298	2270	0	584	0	0	0	0	0	0	0	174	0	0	0	0	0	0	0	620	0	504	0	0	0	0	0	0	0	0	0	102	224	0	3606	2408	1414	5086	0	0	1762	4952	0	0	0	156	0	238	0	0	0	0	0	440	0	0	0	0	0	0	0	0	0	0	0	0	0	0	0	0	0	0	0	0	0	0	0	0	0	0	
83172	Frontal_Mid_Orb_L	0	0	1094	0	11982	106	1688	0	0	0	0	0	2988	0	10994	0	0	0	0	0	1398	1036	0	128	0	172	1916	234	2882	0	330	408	0	0	0	0	0	0	0	0	0	0	0	0	0	0	0	0	0	0	0	0	0	0	0	0	0	0	0	0	0	0	0	0	0	0	0	0	0	0	1264	816	1544	286	0	0	0	0	0	0	0	0	320	0	0	0	0	0	0	0	0	0	0	0	0	0	0	0	0	0	0	0	0	0	0	0	0	0	0	0	0	0	0	0	0	0	
23968	Frontal_Mid_Orb_R	0	0	0	180	0	5050	0	352	0	0	0	138	0	322	0	4522	0	0	0	82	0	0	0	0	0	316	0	804	0	218	0	0	0	0	0	0	0	0	0	0	0	0	0	0	0	0	0	0	0	0	0	0	0	0	0	0	0	0	0	0	0	0	0	0	0	0	0	0	0	0	0	0	0	0	0	0	0	0	0	0	0	0	0	0	0	0	0	0	0	0	0	0	0	0	0	0	0	0	0	0	0	0	0	0	0	0	0	0	0	0	0	0	0	0	0	0	
265356	Frontal_Inf_Oper_L	20530	94	14678	340	0	0	15300	104	0	0	0	100	10746	0	0	0	16660	0	8128	0	0	0	3584	330	0	0	0	0	18188	142	1566	440	804	0	196	194	934	194	0	114	0	0	0	0	0	0	0	0	0	0	0	0	0	0	0	0	5210	0	0	0	0	0	0	0	0	0	0	0	0	0	3368	540	3554	0	648	0	530	92	2598	0	2672	0	100	0	0	0	0	0	0	0	0	0	0	0	0	0	0	0	0	0	0	0	0	0	0	0	0	0	0	0	0	0	0	0	0	0	
330416	Frontal_Inf_Oper_R	738	18264	3012	9368	0	0	578	15878	0	138	100	0	0	14158	0	896	248	9684	3786	7774	0	0	1026	5236	0	0	0	0	684	26414	954	6078	144	7026	0	606	0	1100	0	382	0	0	0	820	0	80	0	426	0	160	0	0	0	0	0	574	0	5522	0	0	0	0	0	0	0	0	0	1098	0	122	2202	3324	1058	7572	0	0	446	2640	0	204	0	426	0	3382	0	352	0	0	0	528	0	0	0	0	0	0	0	0	0	0	0	0	0	0	0	0	0	0	0	0	0	0	0	0	0	0	
225724	Frontal_Inf_Tri_L	264	0	18320	0	2850	0	29664	0	2988	0	10746	0	0	0	11196	0	300	0	4852	0	0	0	5650	378	0	0	0	0	19850	0	2344	842	646	0	0	0	0	0	0	0	0	0	0	0	0	0	0	0	0	0	0	0	0	0	0	0	82	0	0	0	0	0	0	0	0	0	0	0	0	0	210	154	1226	0	0	0	0	0	0	0	126	0	174	0	0	0	0	0	0	0	0	0	0	0	0	0	0	0	0	0	0	0	0	0	0	0	0	0	0	0	0	0	0	0	0	0	
140916	Frontal_Inf_Tri_R	0	1382	334	7868	0	0	0	10126	0	322	0	14158	0	0	0	3070	0	410	1238	1778	0	0	1460	5094	0	0	0	0	0	9974	596	6418	0	3380	0	0	0	0	0	0	0	0	0	0	0	0	0	0	0	0	0	0	0	0	0	0	0	812	0	0	0	0	0	0	0	0	0	0	0	0	98	450	0	1376	0	0	0	0	0	0	0	0	0	114	0	0	0	0	0	0	0	0	0	0	0	0	0	0	0	0	0	0	0	0	0	0	0	0	0	0	0	0	0	0	0	0	
170780	Frontal_Inf_Orb_L	0	0	5228	78	16448	396	6242	0	10994	0	0	0	11196	0	0	0	0	0	394	0	3670	2294	744	334	0	386	2816	530	10542	0	900	624	104	0	0	0	182	0	0	0	90	0	0	0	0	0	0	0	0	0	0	0	0	0	0	0	0	0	0	0	0	0	0	0	0	0	0	0	0	0	3536	1964	3354	546	0	0	0	0	0	0	0	0	1798	0	0	0	0	0	0	0	0	0	0	0	0	0	0	0	0	0	0	0	0	0	0	0	0	0	0	0	0	0	0	0	0	0	
55556	Frontal_Inf_Orb_R	0	0	0	2094	0	4650	0	1928	0	4522	0	896	0	3070	0	0	0	84	0	370	0	758	0	624	0	670	0	706	0	4508	0	594	0	302	0	0	0	150	0	142	0	108	0	0	0	0	0	0	0	0	0	0	0	0	0	76	0	0	0	0	0	0	0	0	0	0	0	0	0	0	0	218	0	682	0	0	0	0	0	0	0	0	0	626	0	0	0	0	0	0	0	0	0	0	0	0	0	0	0	0	0	0	0	0	0	0	0	0	0	0	0	0	0	0	0	0	
264380	Rolandic_Oper_L	18448	190	14358	312	0	0	7148	278	0	0	16660	248	300	0	0	0	0	0	8304	106	0	0	396	152	0	0	0	0	20850	184	182	186	292	0	0	0	746	88	0	0	0	0	324	0	128	0	0	0	0	0	1534	0	96	0	410	0	11478	0	120	0	506	0	2600	0	284	0	302	0	184	0	2590	368	1668	0	256	0	270	0	8364	0	6650	0	104	0	1964	0	0	0	2562	0	0	0	0	0	0	0	0	0	0	0	0	0	0	0	0	0	0	0	0	0	0	0	0	0	0	0	
187624	Rolandic_Oper_R	578	2996	458	5632	0	0	374	2598	0	0	0	9684	0	410	0	84	0	0	1540	5174	0	0	78	2264	0	0	0	0	130	19896	0	232	0	3218	0	154	0	1294	0	194	0	0	0	592	0	0	0	142	0	0	0	0	0	0	0	1066	0	4140	0	0	0	0	0	2278	0	0	0	766	124	84	390	4760	112	6532	0	276	144	4626	0	3010	0	4796	0	1876	0	164	0	0	0	946	0	0	0	0	0	0	0	0	0	0	0	0	0	0	0	0	0	0	0	0	0	0	0	0	0	0	
697692	Supp_Motor_Area_L	30294	2766	74950	16896	100	0	7026	3856	0	0	8128	3786	4852	1238	394	0	8304	1540	0	35604	0	0	11254	5356	0	94	0	76	15642	2850	3762	4660	10810	18526	2982	258	1430	590	166	104	192	0	140	0	0	0	0	0	0	0	152	0	0	0	700	0	2676	160	0	0	0	0	0	0	0	0	146	0	20734	972	10606	1946	16738	1090	3580	206	5164	834	1192	0	1698	96	216	178	306	0	0	0	830	0	0	0	0	0	0	0	0	0	0	0	0	0	0	0	0	0	0	0	0	0	0	0	0	0	0	0	
618536	Supp_Motor_Area_R	13850	9920	14698	54322	0	472	612	7438	0	82	0	7774	0	1778	0	370	106	5174	35604	0	0	144	524	9174	0	314	0	266	214	9284	1948	9326	5728	39248	1488	6250	0	794	0	152	0	0	0	876	0	720	0	192	0	1022	0	526	0	166	0	838	0	2262	0	0	0	0	0	150	0	0	0	3192	9960	21262	2264	11500	738	7460	0	1352	80	2150	0	368	0	940	0	1588	0	1266	0	0	0	1342	0	0	0	0	0	0	0	0	0	0	0	0	0	0	0	0	0	0	0	0	0	0	0	0	0	0	
117740	Olfactory_L	0	0	192	106	3812	654	0	0	1398	0	0	0	0	0	3670	0	0	0	0	0	0	7672	0	630	272	1336	3488	1786	4244	0	3314	2644	0	0	0	0	696	0	0	0	334	0	0	0	0	0	0	0	0	0	0	0	0	0	0	0	0	0	0	0	0	0	0	0	0	0	0	0	0	0	9368	6346	3148	2710	0	0	0	0	0	0	212	0	838	0	0	0	0	0	0	0	0	0	0	0	0	0	0	0	0	0	0	0	0	0	0	0	0	0	0	0	0	0	0	0	0	0	
169444	Olfactory_R	0	0	78	650	2728	3730	0	0	1036	0	0	0	0	0	2294	758	0	0	0	144	7672	0	164	2908	82	5192	3162	6182	748	2962	3034	5856	0	0	0	0	0	1288	0	858	0	644	0	0	0	0	0	0	0	0	0	0	0	0	0	500	0	0	0	0	0	0	0	0	0	0	0	0	0	0	9370	12014	4118	5912	228	0	0	0	0	0	0	0	200	118	0	0	0	0	0	92	0	0	0	0	0	0	0	0	0	0	0	0	0	0	0	0	0	0	0	0	0	0	0	0	0	0	
310168	Frontal_Sup_Medial_L	720	0	42166	5556	3222	180	18444	650	0	0	3584	1026	5650	1460	744	0	396	78	11254	524	0	164	0	13832	2228	656	328	208	3786	504	10936	11122	3552	6922	0	0	0	0	0	0	0	0	0	0	0	0	0	0	0	0	0	0	0	0	0	0	142	0	0	0	0	0	0	0	0	0	0	0	0	0	416	1090	3122	422	0	0	0	0	0	0	0	0	0	0	0	0	0	0	0	0	0	0	0	0	0	0	0	0	0	0	0	0	0	0	0	0	0	0	0	0	0	0	0	0	0	0	
401868	Frontal_Sup_Medial_R	884	420	2232	33376	458	4848	1048	4958	128	0	330	5236	378	5094	334	624	152	2264	5356	9174	630	2908	13832	0	932	10296	572	5562	548	7436	4996	32738	244	18438	0	0	0	312	0	82	0	0	0	0	0	0	0	0	0	0	0	0	0	0	0	0	0	0	0	0	0	0	0	0	0	0	0	0	0	0	3322	12148	500	7070	0	0	224	130	0	0	0	124	0	596	0	0	0	0	0	0	0	0	0	0	0	0	0	0	0	0	0	0	0	0	0	0	0	0	0	0	0	0	0	0	0	0	
28060	Frontal_Med_Orb_L	0	0	1180	146	2772	206	0	0	0	0	0	0	0	0	0	0	0	0	0	0	272	82	2228	932	0	1196	806	78	0	0	2672	100	0	0	0	0	0	0	0	0	0	0	0	0	0	0	0	0	0	0	0	0	0	0	0	0	0	0	0	0	0	0	0	0	0	0	0	0	0	0	348	0	1012	0	0	0	0	0	0	0	0	0	0	0	0	0	0	0	0	0	0	0	0	0	0	0	0	0	0	0	0	0	0	0	0	0	0	0	0	0	0	0	0	0	0	0	
150724	Frontal_Med_Orb_R	0	0	86	4036	518	10134	0	0	172	316	0	0	0	0	386	670	0	0	94	314	1336	5192	656	10296	1196	0	776	12654	0	1888	1394	9466	0	0	0	0	0	0	0	0	0	0	0	0	0	0	0	0	0	0	0	0	0	0	0	0	0	0	0	0	0	0	0	0	0	0	0	0	0	0	1212	6002	344	6224	0	0	0	0	0	0	0	0	0	0	0	0	0	0	0	0	0	0	0	0	0	0	0	0	0	0	0	0	0	0	0	0	0	0	0	0	0	0	0	0	0	0	
63784	Rectus_L	0	0	112	94	5446	580	0	0	1916	0	0	0	0	0	2816	0	0	0	0	0	3488	3162	328	572	806	776	0	1054	392	0	2056	1056	0	0	0	0	0	0	0	0	0	0	0	0	0	0	0	0	0	0	0	0	0	0	0	0	0	0	0	0	0	0	0	0	0	0	0	0	0	0	3782	2128	580	646	0	0	0	0	0	0	0	0	102	0	0	0	0	0	0	0	0	0	0	0	0	0	0	0	0	0	0	0	0	0	0	0	0	0	0	0	0	0	0	0	0	0	
125216	Rectus_R	0	0	0	2362	708	9154	0	0	234	804	0	0	0	0	530	706	0	0	76	266	1786	6182	208	5562	78	12654	1054	0	0	996	978	6392	0	0	0	0	0	146	0	78	0	0	0	0	0	0	0	0	0	0	0	0	0	0	0	0	0	0	0	0	0	0	0	0	0	0	0	0	0	0	1568	5692	434	3960	0	0	0	0	0	0	0	0	0	0	0	0	0	0	0	0	0	0	0	0	0	0	0	0	0	0	0	0	0	0	0	0	0	0	0	0	0	0	0	0	0	0	
543668	Insula_L	15536	910	33916	656	7784	0	13192	844	2882	0	18188	684	19850	0	10542	0	20850	130	15642	214	4244	748	3786	548	0	0	392	0	0	418	4060	1102	1790	0	730	696	10528	750	1550	410	3246	0	686	0	0	0	0	210	0	0	628	0	84	0	3074	0	8894	260	0	0	318	0	912	0	82	0	612	0	288	0	8010	1474	19532	112	264	0	962	544	11706	0	7126	0	3944	0	1504	0	272	0	3358	0	0	0	0	0	0	0	0	160	0	0	0	0	0	0	0	0	0	0	0	0	0	0	0	0	0	0	
424284	Insula_R	950	5520	1596	13702	0	1890	516	7594	0	218	142	26414	0	9974	0	4508	184	19896	2850	9284	0	2962	504	7436	0	1888	0	996	418	0	542	4220	0	5414	240	478	154	10324	0	3024	0	1426	0	620	0	0	0	290	0	0	0	0	0	170	0	6188	0	2448	0	0	0	0	0	1162	0	0	0	796	136	136	1384	3038	434	22018	0	124	654	8224	0	3726	0	4272	0	3674	0	2046	0	0	0	5338	0	0	0	0	0	0	0	0	0	0	0	0	0	0	0	0	0	0	0	0	0	0	0	0	0	0	
238164	Cingulum_Ant_L	690	280	10998	2650	2434	214	2398	390	330	0	1566	954	2344	596	900	0	182	0	3762	1948	3314	3034	10936	4996	2672	1394	2056	978	4060	542	0	18318	4328	2226	342	180	0	118	0	0	0	0	0	84	0	0	0	0	0	0	0	0	0	0	0	0	0	0	0	0	0	0	0	0	0	0	0	96	0	0	7658	6268	7912	3390	0	0	300	1244	0	0	0	0	0	0	0	0	0	0	0	0	0	0	0	0	0	0	0	0	0	0	0	0	0	0	0	0	0	0	0	0	0	0	0	0	0	0	
468276	Cingulum_Ant_R	1228	842	4430	28854	770	2952	1280	1996	408	0	440	6078	842	6418	624	594	186	232	4660	9326	2644	5856	11122	32738	100	9466	1056	6392	1102	4220	18318	0	2970	17880	120	230	0	210	0	0	0	0	0	108	0	0	0	0	0	0	0	0	0	0	0	0	0	96	0	0	0	0	0	0	0	0	0	124	92	0	6410	22194	2406	13704	0	0	606	1736	0	0	0	0	0	78	0	0	0	0	0	0	0	0	0	0	0	0	0	0	0	0	0	0	0	0	0	0	0	0	0	0	0	0	0	0	0	0	
188996	Cingulum_Mid_L	4142	172	5808	1148	0	0	974	104	0	0	804	144	646	0	104	0	292	0	10810	5728	0	0	3552	244	0	0	0	0	1790	0	4328	2970	0	10686	6324	694	0	0	0	0	0	0	400	0	268	940	0	0	992	866	4184	156	0	0	292	0	152	0	1254	0	312	0	0	224	354	86	7216	1508	9632	1268	134	108	234	0	0	0	0	0	0	0	78	0	0	0	1140	116	0	0	1120	0	0	0	0	0	0	0	0	0	0	0	0	0	0	0	0	0	0	0	0	0	0	0	0	0	0	0	
419704	Cingulum_Mid_R	5786	1246	3736	20762	0	0	324	5036	0	0	0	7026	0	3380	0	302	0	3218	18526	39248	0	0	6922	18438	0	0	0	0	0	5414	2226	17880	10686	0	996	6220	0	292	0	0	0	0	0	1134	0	2868	0	304	0	1550	0	284	0	0	0	0	0	846	0	0	0	0	0	254	0	122	678	6562	3414	10632	180	608	116	730	0	0	0	268	0	0	0	150	0	1114	0	374	0	0	0	0	0	0	0	0	0	0	0	0	0	0	0	0	0	0	0	0	0	0	0	0	0	0	0	0	0	0	
240888	Cingulum_Post_L	9596	904	474	160	0	0	80	348	0	0	196	0	0	0	0	0	0	0	2982	1488	0	0	0	0	0	0	0	0	730	240	342	120	6324	996	0	14636	8898	8016	5188	2612	0	0	3788	88	2452	0	2520	2158	1532	0	1402	0	112	0	432	754	398	268	104	0	168	0	116	0	76	0	10078	2460	10084	1524	1226	152	914	204	0	0	4138	5294	382	140	0	92	0	0	354	84	0	0	462	380	0	0	0	0	0	0	0	1532	0	0	0	0	0	0	0	0	0	0	0	0	246	0	0	0	0	0	
264280	Cingulum_Post_R	4174	2586	192	394	0	0	160	398	0	0	194	606	0	0	0	0	0	154	258	6250	0	0	0	0	0	0	0	0	696	478	180	230	694	6220	14636	0	6802	10870	3340	3088	0	0	130	5802	148	1046	1296	6720	0	114	0	280	0	352	180	2534	222	2950	0	0	0	96	0	402	0	0	2588	13430	1042	8284	1542	282	910	372	0	0	4862	6214	374	262	0	226	0	0	0	966	0	0	290	2402	0	0	0	0	0	0	0	1904	0	0	0	0	0	0	0	0	0	0	0	0	1318	0	0	0	0	0	
303476	Hippocampus_L	6532	240	3132	250	0	0	1664	298	0	0	934	0	0	0	182	0	746	0	1430	0	696	0	0	0	0	0	0	0	10528	154	0	0	0	0	8898	6802	0	6180	19182	1998	8460	0	3124	0	0	0	4564	2314	0	0	108	0	0	0	13842	320	2858	94	0	0	120	0	0	0	0	0	5172	928	366	0	1028	82	7324	208	1498	0	6286	4054	3330	0	2288	0	1270	0	254	0	106	0	9202	182	0	0	0	0	0	92	292	1326	230	0	0	0	0	0	0	0	0	0	0	426	144	0	0	0	0	0	
454620	Hippocampus_R	3284	2662	532	1306	0	254	126	2270	0	0	194	1100	0	0	0	150	88	1294	590	794	0	1288	0	312	0	0	0	146	750	10324	118	210	0	292	8016	10870	6180	0	2966	33746	0	10580	0	2472	0	186	992	9618	0	0	0	152	0	1532	168	35668	198	874	0	0	0	0	0	566	0	0	712	5962	0	544	2382	500	1358	13442	0	922	5138	12018	320	1030	0	1276	0	1168	0	1942	0	170	262	17426	0	472	0	0	0	600	0	5566	0	882	0	0	0	0	0	0	0	0	0	0	350	0	0	0	0	0	
133308	ParaHippocampal_L	146	94	190	100	0	0	0	0	0	0	0	0	0	0	0	0	0	0	166	0	0	0	0	0	0	0	0	0	1550	0	0	0	0	0	5188	3340	19182	2966	0	640	2804	0	2122	0	0	0	4626	1370	0	0	0	0	0	0	7338	174	0	0	0	0	0	0	0	0	0	0	4110	542	0	0	0	0	878	82	0	0	1688	1970	0	0	358	0	610	0	0	0	260	0	1036	100	0	0	0	0	478	90	824	500	320	0	0	0	0	0	0	0	0	0	126	556	130	0	0	0	0	0	
262228	ParaHippocampal_R	1298	686	98	312	0	164	0	584	0	0	114	382	0	0	0	142	0	194	104	152	0	858	0	82	0	0	0	78	410	3024	0	0	0	0	2612	3088	1998	33746	640	0	0	9202	0	1006	0	96	0	6596	0	0	0	0	0	138	92	25402	126	132	0	0	0	0	0	0	0	0	180	1538	0	188	164	130	456	5518	0	786	1628	6406	152	124	0	178	0	2712	0	618	0	960	170	7856	0	518	0	96	0	840	0	5370	0	970	0	0	0	0	0	0	0	0	0	0	0	0	0	0	0	0	
49020	Amygdala_L	0	0	220	0	0	0	0	0	0	0	0	0	0	0	90	0	0	0	192	0	334	0	0	0	0	0	0	0	3246	0	0	0	0	0	0	0	8460	0	2804	0	0	0	0	0	0	0	0	0	0	0	0	0	0	0	4398	0	0	0	0	0	0	0	0	0	0	0	0	0	0	0	408	0	468	0	0	0	134	0	0	0	146	0	1210	0	0	0	232	0	2168	0	0	0	0	0	0	0	0	0	0	0	0	0	0	0	0	0	0	0	0	0	0	0	0	0	0	0	
71900	Amygdala_R	0	0	0	132	0	134	0	0	0	0	0	0	0	0	0	108	0	0	0	0	0	644	0	0	0	0	0	0	0	1426	0	0	0	0	0	0	0	10580	0	9202	0	0	0	0	0	0	0	0	0	0	0	0	0	0	0	8020	0	0	0	0	0	0	0	0	0	0	0	0	0	0	0	188	0	2468	0	0	0	176	0	0	0	0	0	2424	0	0	0	126	0	322	0	0	0	0	0	0	0	0	0	0	0	0	0	0	0	0	0	0	0	0	0	0	0	0	0	0	
237876	Calcarine_L	1572	0	0	0	0	0	0	0	0	0	0	0	0	0	0	0	324	0	140	0	0	0	0	0	0	0	0	0	686	0	0	0	400	0	3788	130	3124	0	2122	0	0	0	0	8714	12816	5470	9538	2994	7554	1630	16484	216	3058	0	5286	80	1080	0	0	0	632	0	600	0	378	0	19518	1100	2334	0	0	0	0	0	0	0	0	0	944	0	906	0	0	0	3452	0	0	0	1384	0	110	0	0	0	0	0	0	0	188	0	0	0	0	0	0	0	0	0	0	0	186	0	0	0	0	0	
446324	Calcarine_R	0	3620	0	434	0	0	0	0	0	0	0	820	0	0	0	0	0	592	0	876	0	0	0	0	0	0	0	0	0	620	84	108	0	1134	88	5802	0	2472	0	1006	0	0	8714	0	3614	25006	2800	25094	198	16254	0	12178	0	4014	0	12478	0	10638	0	1410	0	3616	0	5678	0	198	1382	41190	0	6832	642	142	0	196	0	0	542	220	0	474	0	856	0	0	0	12358	0	0	0	6860	0	104	0	0	0	0	0	784	0	154	0	0	0	0	0	0	0	0	0	0	880	0	0	0	0	0	
178764	Cuneus_L	210	0	0	0	0	0	0	0	0	0	0	0	0	0	0	0	128	0	0	0	0	0	0	0	0	0	0	0	0	0	0	0	268	0	2452	148	0	0	0	0	0	0	12816	3614	0	7070	778	306	18940	2476	13110	0	1254	0	674	0	166	0	3368	0	236	0	132	0	138	0	16272	1808	852	0	0	0	0	0	0	0	0	0	288	0	168	0	0	0	1480	0	0	0	230	0	0	0	0	0	0	0	0	0	0	0	0	0	0	0	0	0	0	0	0	0	0	0	0	0	0	0	
278652	Cuneus_R	0	314	0	0	0	0	0	0	0	0	0	80	0	0	0	0	0	0	0	720	0	0	0	0	0	0	0	0	0	0	0	0	940	2868	0	1046	0	186	0	96	0	0	5470	25006	7070	0	570	4386	404	33550	0	10108	0	742	0	1264	0	1722	198	4366	0	134	0	1682	0	1560	4058	21816	0	4322	0	0	0	0	0	0	0	0	0	0	0	0	0	0	0	4032	0	0	0	454	0	0	0	0	0	0	0	0	0	0	0	0	0	0	0	0	0	0	0	0	162	0	0	0	0	0	
256820	Lingual_L	0	0	0	0	0	0	0	0	0	0	0	0	0	0	0	0	0	0	0	0	0	0	0	0	0	0	0	0	0	0	0	0	0	0	2520	1296	4564	992	4626	0	0	0	9538	2800	778	570	0	4814	1052	338	12742	172	5754	0	12226	468	0	0	0	0	0	0	0	0	0	0	4440	574	0	0	0	0	0	0	0	0	166	430	0	0	0	0	0	0	80	0	0	0	168	0	5332	2218	996	948	660	0	10612	872	11262	2390	0	320	246	630	166	1600	0	78	134	354	7792	6398	856	572	1284	1582	
380116	Lingual_R	744	1176	0	206	0	0	0	174	0	0	0	426	0	0	0	0	0	142	0	192	0	0	0	0	0	0	0	0	210	290	0	0	0	304	2158	6720	2314	9618	1370	6596	0	0	2994	25094	306	4386	4814	0	0	3726	176	4782	214	4978	1274	18326	76	2098	0	116	0	230	0	514	0	0	376	15878	0	1562	122	0	228	150	0	0	1186	3292	84	222	0	302	0	0	0	3654	0	0	124	2906	3256	6728	1214	892	112	668	2670	10042	4610	7902	0	0	0	0	0	90	0	0	78	316	5812	6718	1864	132	124	0	
165304	Occipital_Sup_L	0	0	0	0	0	0	0	0	0	0	0	0	0	0	0	0	0	0	0	0	0	0	0	0	0	0	0	0	0	0	0	0	992	0	1532	0	0	0	0	0	0	0	7554	198	18940	404	1052	0	0	0	25122	0	288	0	0	0	0	0	8924	0	1978	0	0	0	568	0	14480	530	0	0	0	0	0	0	0	0	0	0	0	0	0	0	0	0	90	0	0	0	0	0	0	0	0	0	0	0	0	0	0	0	0	0	0	0	0	0	0	0	0	0	0	0	0	0	0	0	
259856	Occipital_Sup_R	0	300	0	0	0	0	0	0	0	0	0	160	0	0	0	0	0	0	0	1022	0	0	0	0	0	0	0	0	0	0	0	0	866	1550	0	114	0	0	0	0	0	0	1630	16254	2476	33550	338	3726	0	0	0	22690	0	788	0	1530	0	1674	0	6132	0	3046	0	3022	0	8062	1188	10992	0	3106	0	0	0	0	0	0	0	0	0	0	0	400	0	0	0	4314	0	0	0	870	0	0	0	0	0	0	0	0	0	128	0	0	0	0	0	0	0	0	0	0	0	0	0	0	0	0	
406220	Occipital_Mid_L	1516	0	0	0	0	0	0	0	0	0	0	0	0	0	0	0	1534	0	152	0	0	0	0	0	0	0	0	0	628	0	0	0	4184	0	1402	0	108	0	0	0	0	0	16484	0	13110	0	12742	176	25122	0	0	0	15268	0	6822	0	3408	0	7876	0	11288	0	3186	0	14108	0	16234	182	5920	0	0	0	0	0	0	0	0	0	1230	0	1408	0	0	0	28664	0	0	0	8114	0	624	80	128	0	0	0	170	0	728	82	0	0	0	0	0	0	0	0	0	0	106	326	0	0	0	0	
229220	Occipital_Mid_R	0	300	0	0	0	0	0	0	0	0	0	0	0	0	0	0	0	0	0	526	0	0	0	0	0	0	0	0	0	0	0	0	156	284	0	280	0	152	0	0	0	0	216	12178	0	10108	172	4782	0	22690	0	0	0	4372	0	3936	0	698	0	1454	0	10728	0	2450	0	17226	84	3290	0	1262	0	0	0	0	0	0	0	0	0	0	0	698	0	0	0	14354	0	0	0	1746	0	126	0	0	0	0	0	0	0	342	0	0	0	0	0	0	0	0	0	0	0	0	0	0	0	0	
100604	Occipital_Inf_L	754	0	0	0	0	0	0	0	0	0	0	0	0	0	0	0	96	0	0	0	0	0	0	0	0	0	0	0	84	0	0	0	0	0	112	0	0	0	0	0	0	0	3058	0	1254	0	5754	214	288	0	15268	0	0	0	8852	0	702	0	0	0	116	0	322	0	0	0	1568	0	552	0	0	0	0	0	0	0	0	0	258	0	244	0	0	0	2572	0	0	0	4850	0	1430	120	196	0	0	0	144	0	816	134	0	0	0	0	0	0	0	0	0	0	132	412	0	0	0	0	
75452	Occipital_Inf_R	0	574	0	0	0	0	0	0	0	0	0	0	0	0	0	0	0	0	0	166	0	0	0	0	0	0	0	0	0	170	0	0	0	0	0	352	0	1532	0	138	0	0	0	4014	0	742	0	4978	0	788	0	4372	0	0	0	8098	0	116	0	0	0	0	0	300	0	0	0	1628	0	344	0	0	0	0	0	0	0	78	0	450	0	440	0	0	0	2758	0	0	0	4054	0	532	0	0	0	0	0	172	0	842	0	0	0	0	0	0	0	0	0	0	0	88	0	0	0	0	
374416	Fusiform_L	1732	0	464	0	0	0	0	0	0	0	0	0	0	0	0	0	410	0	700	0	0	0	0	0	0	0	0	0	3074	0	0	0	292	0	432	180	13842	168	7338	92	4398	0	5286	0	674	0	12226	1274	0	0	6822	0	8852	0	0	222	414	0	0	0	80	0	866	0	0	0	5022	0	744	0	0	0	1236	0	0	0	266	110	1774	0	6646	0	2472	0	7004	0	1064	0	24682	0	16918	806	2700	0	238	0	12926	118	22748	854	970	0	728	0	94	206	0	0	0	80	3748	2668	122	216	210	0	
485348	Fusiform_R	328	3818	90	504	0	76	0	620	0	0	0	574	0	0	0	76	0	1066	0	838	0	500	0	0	0	0	0	0	0	6188	0	0	0	0	754	2534	320	35668	174	25402	0	8020	80	12478	0	1264	468	18326	0	1530	0	3936	0	8098	222	0	0	984	0	0	0	0	0	2866	0	0	94	10856	0	1244	356	108	168	4092	0	208	560	2018	0	1684	0	3060	0	6158	0	6630	0	2984	0	31774	572	8906	184	518	0	824	280	6538	670	10502	0	220	0	266	0	0	0	0	0	0	1166	1800	432	0	0	0	
259888	Postcentral_L	27958	0	3738	0	0	0	2628	0	0	0	5210	0	82	0	0	0	11478	0	2676	0	0	0	142	0	0	0	0	0	8894	0	0	0	152	0	398	222	2858	198	0	126	0	0	1080	0	166	0	0	76	0	0	3408	0	702	0	414	0	0	0	6358	0	18052	0	9954	0	574	0	3186	0	2056	0	574	0	2406	0	596	0	2112	120	6080	0	3708	0	0	0	1082	0	0	0	480	0	0	0	0	0	0	0	0	0	0	0	0	0	0	0	0	0	0	0	0	0	0	0	0	0	0	0	
235624	Postcentral_R	134	18196	158	2126	0	0	0	504	0	0	0	5522	0	812	0	0	0	4140	160	2262	0	0	0	0	0	0	0	0	260	2448	0	96	0	846	268	2950	94	874	0	132	0	0	0	10638	0	1722	0	2098	0	1674	0	698	0	116	0	984	0	0	0	5724	0	6926	0	9984	0	1948	174	14438	0	7234	1728	1300	372	1198	0	0	1254	564	0	396	0	1776	0	0	0	2174	0	0	0	710	0	0	0	0	0	0	0	0	0	0	0	0	0	0	0	0	0	0	0	0	0	0	0	0	0	0	
107984	Parietal_Sup_L	0	0	0	0	0	0	0	0	0	0	0	0	0	0	0	0	120	0	0	0	0	0	0	0	0	0	0	0	0	0	0	0	1254	0	104	0	0	0	0	0	0	0	0	0	3368	198	0	0	8924	0	7876	0	0	0	0	0	6358	0	0	80	10820	0	0	0	2540	0	9622	932	1526	0	0	0	0	0	0	0	0	0	0	0	0	0	0	0	122	0	0	0	148	0	0	0	0	0	0	0	0	0	0	0	0	0	0	0	0	0	0	0	0	0	0	0	0	0	0	0	
90656	Parietal_Sup_R	0	0	0	0	0	0	0	0	0	0	0	0	0	0	0	0	0	0	0	0	0	0	0	0	0	0	0	0	0	0	0	0	0	0	0	0	0	0	0	0	0	0	0	1410	0	4366	0	116	0	6132	0	1454	0	0	0	0	0	5724	80	0	0	6816	0	2326	0	4942	874	9592	0	1040	0	0	0	0	0	0	0	0	0	0	0	152	0	0	0	304	0	0	0	0	0	0	0	0	0	0	0	0	0	0	0	0	0	0	0	0	0	0	0	0	0	0	0	0	0	0	
187096	Parietal_Inf_L	3582	0	0	0	0	0	234	0	0	0	0	0	0	0	0	0	506	0	0	0	0	0	0	0	0	0	0	0	318	0	0	0	312	0	168	0	120	0	0	0	0	0	632	0	236	0	0	0	1978	0	11288	0	116	0	80	0	18052	0	10820	0	0	0	18136	0	16284	0	1814	0	1218	0	0	0	0	0	0	0	90	0	0	0	978	0	0	0	4694	0	0	0	1892	0	0	0	0	0	0	0	0	0	0	0	0	0	0	0	0	0	0	0	0	0	0	0	0	0	0	0	
133764	Parietal_Inf_R	0	0	0	0	0	0	0	0	0	0	0	0	0	0	0	0	0	0	0	0	0	0	0	0	0	0	0	0	0	0	0	0	0	0	0	96	0	0	0	0	0	0	0	3616	0	134	0	230	0	3046	0	10728	0	0	0	0	0	6926	0	6816	0	0	0	11598	0	16912	0	3754	0	224	0	0	0	0	0	0	0	0	0	0	0	638	0	0	0	1760	0	0	0	404	0	0	0	0	0	0	0	0	0	0	0	0	0	0	0	0	0	0	0	0	0	0	0	0	0	0	
154884	SupraMarginal_L	1966	0	0	0	0	0	178	0	0	0	0	0	0	0	0	0	2600	0	0	0	0	0	0	0	0	0	0	0	912	0	0	0	0	0	116	0	0	0	0	0	0	0	600	0	132	0	0	0	0	0	3186	0	322	0	866	0	9954	0	0	0	18136	0	0	0	9986	0	448	0	476	0	0	0	0	0	0	0	0	0	394	0	10674	0	0	0	10556	0	0	0	5940	0	0	0	0	0	0	0	0	0	0	0	0	0	0	0	0	0	0	0	0	0	0	0	0	0	0	0	
153940	SupraMarginal_R	0	344	0	0	0	0	0	0	0	0	0	0	0	0	0	0	0	2278	0	150	0	0	0	0	0	0	0	0	0	1162	0	0	224	254	0	402	0	566	0	0	0	0	0	5678	0	1682	0	514	0	3022	0	2450	0	300	0	2866	0	9984	0	2326	0	11598	0	0	0	5132	90	8260	0	776	0	0	0	0	0	0	0	116	0	2046	0	7548	0	0	0	2920	0	0	0	4182	0	0	0	0	0	0	0	0	0	0	0	0	0	0	0	0	0	0	0	0	100	0	0	0	0	0	
127792	Angular_L	170	0	0	0	0	0	0	0	0	0	0	0	0	0	0	0	284	0	0	0	0	0	0	0	0	0	0	0	82	0	0	0	354	0	76	0	0	0	0	0	0	0	378	0	138	0	0	0	568	0	14108	0	0	0	0	0	574	0	2540	0	16284	0	9986	0	0	0	776	0	578	0	0	0	0	0	0	0	0	0	0	0	4054	0	0	0	11168	0	0	0	1778	0	0	0	0	0	0	0	0	0	0	0	0	0	0	0	0	0	0	0	0	0	0	0	0	0	0	0	
134880	Angular_R	0	0	0	0	0	0	0	0	0	0	0	0	0	0	0	0	0	0	0	0	0	0	0	0	0	0	0	0	0	0	0	0	86	122	0	0	0	0	0	0	0	0	0	198	0	1560	0	0	0	8062	0	17226	0	0	0	0	0	1948	0	4942	0	16912	0	5132	0	0	88	1654	0	356	0	0	0	0	0	0	0	0	0	0	0	1750	0	0	0	6124	0	0	0	1280	0	0	0	0	0	0	0	0	0	0	0	0	0	0	0	0	0	0	0	0	0	0	0	0	0	0	
320528	Precuneus_L	1694	0	0	0	0	0	0	0	0	0	0	0	0	0	0	0	302	0	146	0	0	0	0	0	0	0	0	0	612	0	0	0	7216	678	10078	2588	5172	712	4110	180	0	0	19518	1382	16272	4058	4440	376	14480	1188	16234	84	1568	0	5022	94	3186	174	9622	874	1814	0	448	90	776	88	0	11128	5438	1840	0	0	0	0	0	0	0	0	438	0	482	0	0	0	3052	84	0	0	1686	110	76	0	0	0	0	0	0	102	128	0	0	0	0	0	0	0	0	0	0	0	424	0	0	0	0	0	
494392	Precuneus_R	0	5552	0	566	0	0	0	102	0	0	0	1098	0	0	0	0	0	766	0	3192	0	0	0	0	0	0	0	0	0	796	96	124	1508	6562	2460	13430	928	5962	542	1538	0	0	1100	41190	1808	21816	574	15878	530	10992	182	3290	0	1628	0	10856	0	14438	932	9592	0	3754	0	8260	0	1654	11128	0	288	15600	754	162	80	230	0	0	752	486	0	686	0	2182	0	0	0	8896	0	0	0	7450	0	0	0	0	0	0	0	2882	0	0	0	0	0	0	0	0	0	0	0	0	1924	0	0	0	0	0	
290728	Paracentral_Lobule_L	28450	3916	10882	6372	0	0	504	224	0	0	0	0	0	0	0	0	184	124	20734	9960	0	0	0	0	0	0	0	0	288	136	0	92	9632	3414	10084	1042	366	0	0	0	0	0	2334	0	852	0	0	0	0	0	5920	0	552	0	744	0	2056	0	1526	0	1218	0	476	0	578	0	5438	288	0	2390	1758	428	142	290	904	0	2728	120	368	0	212	0	0	0	4902	0	0	0	2736	0	0	0	0	0	0	0	0	0	0	0	0	0	0	0	0	0	0	0	0	0	0	0	0	0	0	0	
224976	Paracentral_Lobule_R	4242	7238	0	92	0	0	0	0	0	0	0	122	0	0	0	0	0	84	972	21262	0	0	0	0	0	0	0	0	0	136	0	0	1268	10632	1524	8284	0	544	0	188	0	0	0	6832	0	4322	0	1562	0	3106	0	1262	0	344	0	1244	0	7234	0	1040	0	224	0	776	0	356	1840	15600	2390	0	384	0	0	0	0	0	188	0	0	96	0	922	0	0	0	4430	0	0	0	1748	0	0	0	0	0	0	0	0	0	0	0	0	0	0	0	0	0	0	0	0	0	0	0	0	0	0	
423636	Caudate_L	8836	5784	10920	5786	3946	702	3360	3606	1264	0	3368	2202	210	98	3536	0	2590	390	10606	2264	9368	9370	416	3322	348	1212	3782	1568	8010	1384	7658	6410	134	180	1226	1542	1028	2382	0	164	408	0	0	642	0	0	0	122	0	0	0	0	0	0	0	356	574	1728	0	0	0	0	0	0	0	0	0	754	1758	384	0	19098	22198	5570	3906	490	17874	5218	176	0	520	0	286	0	0	388	0	0	0	396	0	0	0	0	0	0	0	0	0	0	0	0	0	0	0	0	0	0	0	0	0	0	0	0	0	0	
461624	Caudate_R	1900	7874	2380	27726	2158	3394	916	2408	816	0	540	3324	154	450	1964	218	368	4760	1946	11500	6346	12014	1090	12148	0	6002	2128	5692	1474	3038	6268	22194	108	608	152	282	82	500	0	130	0	188	0	142	0	0	0	0	0	0	0	0	0	0	0	108	0	1300	0	0	0	0	0	0	0	0	0	162	428	0	19098	0	5348	23292	644	1682	2504	19478	0	252	0	608	200	244	0	0	0	0	0	82	0	0	0	0	0	0	0	0	0	0	0	0	0	0	0	0	0	0	0	0	0	0	0	0	0	0	
371860	Putamen_L	7970	1508	24626	1260	5536	96	4182	1414	1544	0	3554	1058	1226	0	3354	0	1668	112	16738	738	3148	4118	3122	500	1012	344	580	434	19532	434	7912	2406	234	116	914	910	7324	1358	878	456	468	0	0	0	0	0	0	228	0	0	0	0	0	0	1236	168	2406	372	0	0	0	0	0	0	0	0	0	80	142	0	22198	5348	0	3138	7036	198	5694	996	704	0	1184	0	496	0	104	0	0	0	1116	142	0	0	0	0	0	0	0	160	0	0	0	0	0	0	0	0	0	0	0	0	0	0	0	0	0	0	
402500	Putamen_R	1044	3318	1052	14080	554	3560	460	5086	286	0	0	7572	0	1376	546	682	0	6532	1090	7460	2710	5912	422	7070	0	6224	646	3960	112	22018	3390	13704	0	730	204	372	208	13442	82	5518	0	2468	0	196	0	0	0	150	0	0	0	0	0	0	0	4092	0	1198	0	0	0	0	0	0	0	0	0	230	290	0	5570	23292	3138	0	278	2348	702	12640	0	456	0	556	0	900	0	0	0	0	0	1324	0	0	0	0	0	0	0	0	0	0	0	0	0	0	0	0	0	0	0	0	0	0	0	0	0	0	
63764	Pallidum_L	3428	346	4462	138	0	0	1184	0	0	0	648	0	0	0	0	0	256	0	3580	0	0	228	0	0	0	0	0	0	264	0	0	0	0	0	0	0	1498	0	0	0	0	0	0	0	0	0	0	0	0	0	0	0	0	0	0	0	596	0	0	0	0	0	0	0	0	0	0	0	904	0	3906	644	7036	278	0	120	2130	236	0	0	0	0	0	0	0	0	0	0	0	0	0	0	0	0	0	0	0	0	0	0	0	0	0	0	0	0	0	0	0	0	0	0	0	0	0	0	
21836	Pallidum_R	0	170	154	1580	0	0	0	0	0	0	0	0	0	0	0	0	0	276	206	1352	0	0	0	0	0	0	0	0	0	124	0	0	0	0	0	0	0	922	0	786	0	0	0	0	0	0	0	0	0	0	0	0	0	0	0	208	0	0	0	0	0	0	0	0	0	0	0	0	0	0	490	1682	198	2348	120	0	0	302	0	0	0	0	0	0	0	0	0	0	0	0	0	0	0	0	0	0	0	0	0	0	0	0	0	0	0	0	0	0	0	0	0	0	0	0	0	0	
292292	Thalamus_L	25274	5780	8452	3870	0	0	11958	1762	0	0	530	446	0	0	0	0	270	144	5164	80	0	0	0	224	0	0	0	0	962	654	300	606	0	0	4138	4862	6286	5138	1688	1628	134	0	0	542	0	0	166	1186	0	0	0	0	0	0	266	560	2112	1254	0	0	90	0	0	0	0	0	0	752	2728	188	17874	2504	5694	702	2130	0	0	14512	176	184	0	154	0	0	0	494	0	0	320	504	0	0	0	0	0	0	0	704	0	0	0	0	0	0	0	0	0	0	0	0	0	0	0	0	0	0	
341624	Thalamus_R	5194	11526	644	20288	0	0	714	4952	0	0	92	2640	0	0	0	0	0	4626	834	2150	0	0	0	130	0	0	0	0	544	8224	1244	1736	0	268	5294	6214	4054	12018	1970	6406	0	176	0	220	0	0	430	3292	0	0	0	0	0	78	110	2018	120	564	0	0	0	0	0	116	0	0	0	486	120	0	5218	19478	996	12640	236	302	14512	0	78	492	0	884	0	86	0	1184	0	0	170	2108	0	0	0	0	0	448	0	2488	0	0	0	0	0	0	0	0	0	0	0	0	0	0	0	0	0	0	
126668	Heschl_L	7546	0	2170	0	0	0	1072	0	0	0	2598	0	0	0	0	0	8364	0	1192	0	0	0	0	0	0	0	0	0	11706	0	0	0	0	0	382	374	3330	320	0	152	0	0	944	0	288	0	0	84	0	0	1230	0	258	0	1774	0	6080	0	0	0	0	0	394	0	0	0	438	0	368	0	176	0	704	0	0	0	176	78	0	0	4734	0	0	0	3496	0	0	0	2906	0	0	0	0	0	0	0	0	0	0	0	0	0	0	0	0	0	0	0	0	0	0	0	0	0	0	0	
56872	Heschl_R	192	184	0	290	0	0	0	0	0	0	0	204	0	0	0	0	0	3010	0	368	0	0	0	0	0	0	0	0	0	3726	0	0	0	0	140	262	0	1030	0	124	0	0	0	474	0	0	0	222	0	0	0	0	0	450	0	1684	0	396	0	0	0	0	0	2046	0	0	0	686	0	96	0	252	0	456	0	0	184	492	0	0	0	6938	0	0	0	2028	0	0	0	2238	0	0	0	0	0	0	0	0	0	264	0	0	0	0	0	0	0	0	0	0	0	0	0	0	0	0	
202172	Temporal_Sup_L	2626	0	1982	0	0	0	460	0	0	0	2672	0	126	0	0	0	6650	0	1698	0	212	0	0	0	0	0	0	0	7126	0	0	0	78	0	0	0	2288	0	358	0	146	0	906	0	168	0	0	0	0	0	1408	0	244	0	6646	0	3708	0	0	0	978	0	10674	0	4054	0	482	0	212	0	520	0	1184	0	0	0	0	0	4734	0	0	0	3206	0	22328	0	1084	0	11906	0	222	0	0	0	0	0	0	0	0	0	0	0	0	0	0	0	0	0	0	0	0	0	0	0	0	0	
135904	Temporal_Sup_R	150	316	0	456	0	0	0	156	0	0	0	426	0	0	0	0	0	4796	96	940	0	0	0	124	0	0	0	0	0	4272	0	0	0	150	92	226	0	1276	0	178	0	0	0	856	0	0	0	302	0	400	0	698	0	440	0	3060	0	1776	0	152	0	638	0	7548	0	1750	0	2182	0	922	0	608	0	556	0	0	154	884	0	6938	0	0	0	3258	0	13702	0	336	0	6764	0	76	0	0	0	0	0	0	0	298	0	0	0	0	0	0	0	0	0	0	0	0	0	0	0	0	
80080	Temporal_Pole_Sup_L	0	0	408	0	880	0	0	0	320	0	100	0	174	0	1798	0	104	0	216	0	838	200	0	0	0	0	102	0	3944	0	0	0	0	0	0	0	1270	0	610	0	1210	0	0	0	0	0	0	0	0	0	0	0	0	0	2472	0	0	0	0	0	0	0	0	0	0	0	0	0	0	0	286	200	496	0	0	0	0	0	0	0	3206	0	0	0	8076	0	5370	0	7760	0	0	0	0	0	0	0	0	0	0	0	0	0	0	0	0	0	0	0	0	0	0	0	0	0	0	0	
82940	Temporal_Pole_Sup_R	0	0	132	1688	0	0	0	238	0	0	0	3382	0	114	0	626	0	1876	178	1588	0	118	0	596	0	0	0	0	0	3674	0	78	0	1114	0	0	0	1168	0	2712	0	2424	0	0	0	0	0	0	0	0	0	0	0	0	0	6158	0	0	0	0	0	0	0	0	0	0	0	0	0	0	0	244	0	900	0	0	0	86	0	0	0	3258	0	0	0	1814	0	3364	0	3940	0	0	0	0	0	0	0	0	0	0	0	0	0	0	0	0	0	0	0	0	0	0	0	0	0	0	
322168	Temporal_Mid_L	1964	0	124	0	0	0	0	0	0	0	0	0	0	0	0	0	1964	0	306	0	0	0	0	0	0	0	0	0	1504	0	0	0	1140	0	354	0	254	0	0	0	0	0	3452	0	1480	0	80	0	90	0	28664	0	2572	0	7004	0	1082	0	122	0	4694	0	10556	0	11168	0	3052	0	4902	0	0	0	104	0	0	0	0	0	3496	0	22328	0	8076	0	0	0	5558	0	34760	0	234	0	0	0	0	0	0	0	0	0	0	0	0	0	0	0	0	0	0	0	0	0	0	0	0	0	
263024	Temporal_Mid_R	158	1064	0	92	0	0	0	0	0	0	0	352	0	0	0	0	0	164	0	1266	0	0	0	0	0	0	0	0	0	2046	0	0	116	374	84	966	0	1942	0	618	0	0	0	12358	0	4032	0	3654	0	4314	0	14354	0	2758	0	6630	0	2174	0	304	0	1760	0	2920	0	6124	84	8896	0	4430	388	0	0	0	0	0	494	1184	0	2028	0	13702	0	1814	0	0	0	1742	0	26008	0	0	0	0	0	0	0	0	0	118	0	0	0	0	0	0	0	0	0	0	0	0	0	0	0	0	
37480	Temporal_Pole_Mid_L	0	0	0	0	0	0	0	0	0	0	0	0	0	0	0	0	0	0	0	0	0	0	0	0	0	0	0	0	272	0	0	0	0	0	0	0	106	0	260	0	232	0	0	0	0	0	0	0	0	0	0	0	0	0	1064	0	0	0	0	0	0	0	0	0	0	0	0	0	0	0	0	0	0	0	0	0	0	0	0	0	1084	0	5370	0	5558	0	0	0	4794	0	0	0	0	0	0	0	0	0	0	0	0	0	0	0	0	0	0	0	0	0	0	0	0	0	0	0	
25064	Temporal_Pole_Mid_R	0	0	0	0	0	0	0	0	0	0	0	0	0	0	0	0	0	0	0	0	0	0	0	0	0	0	0	0	0	0	0	0	0	0	0	0	0	170	0	960	0	126	0	0	0	0	0	0	0	0	0	0	0	0	0	2984	0	0	0	0	0	0	0	0	0	0	0	0	0	0	0	0	0	0	0	0	0	0	0	0	0	336	0	3364	0	1742	0	0	0	2850	0	0	0	0	0	0	0	0	0	0	0	0	0	0	0	0	0	0	0	0	0	0	0	0	0	0	
293760	Temporal_Inf_L	960	0	566	0	0	0	0	0	0	0	0	0	0	0	0	0	2562	0	830	0	0	0	0	0	0	0	0	0	3358	0	0	0	1120	0	462	290	9202	262	1036	170	2168	0	1384	0	230	0	168	124	0	0	8114	0	4850	0	24682	0	480	0	148	0	1892	0	5940	0	1778	0	1686	0	2736	0	0	0	1116	0	0	0	320	170	2906	0	11906	0	7760	0	34760	0	4794	0	0	0	2866	0	622	0	134	0	506	92	1730	0	0	0	0	0	0	0	0	0	0	0	0	0	0	0	0	0	
313620	Temporal_Inf_R	264	2870	0	470	0	0	0	440	0	0	0	528	0	0	0	0	0	946	0	1342	0	92	0	0	0	0	0	0	0	5338	0	0	0	0	380	2402	182	17426	100	7856	0	322	0	6860	0	454	0	2906	0	870	0	1746	0	4054	0	31774	0	710	0	0	0	404	0	4182	0	1280	110	7450	0	1748	396	82	142	1324	0	0	504	2108	0	2238	0	6764	0	3940	0	26008	0	2850	0	0	0	1918	0	268	0	362	0	776	0	1296	0	110	0	118	0	0	0	0	0	0	100	0	0	0	0	0	
461684	Cerebelum_Crus1_L	0	0	0	0	0	0	0	0	0	0	0	0	0	0	0	0	0	0	0	0	0	0	0	0	0	0	0	0	0	0	0	0	0	0	0	0	0	0	0	0	0	0	110	0	0	0	5332	3256	0	0	624	0	1430	0	16918	572	0	0	0	0	0	0	0	0	0	0	76	0	0	0	0	0	0	0	0	0	0	0	0	0	222	0	0	0	234	0	0	0	2866	0	0	8628	38244	2356	1242	0	22356	842	54104	8574	12392	322	14728	454	2398	1220	192	338	260	740	10056	12688	4036	1654	1378	0	
527612	Cerebelum_Crus1_R	0	0	0	0	0	0	0	0	0	0	0	0	0	0	0	0	0	0	0	0	0	0	0	0	0	0	0	0	0	0	0	0	0	0	0	0	0	472	0	518	0	0	0	104	0	0	2218	6728	0	0	80	126	120	532	806	8906	0	0	0	0	0	0	0	0	0	0	0	0	0	0	0	0	0	0	0	0	0	0	0	0	0	76	0	0	0	0	0	0	0	1918	8628	0	4338	38540	126	4552	5100	24764	7928	61776	264	14876	1538	19292	510	1308	0	198	1346	4606	13498	15830	7984	2256	1740	204	
302708	Cerebelum_Crus2_L	0	0	0	0	0	0	0	0	0	0	0	0	0	0	0	0	0	0	0	0	0	0	0	0	0	0	0	0	0	0	0	0	0	0	0	0	0	0	0	0	0	0	0	0	0	0	996	1214	0	0	128	0	196	0	2700	184	0	0	0	0	0	0	0	0	0	0	0	0	0	0	0	0	0	0	0	0	0	0	0	0	0	0	0	0	0	0	0	0	622	0	38244	4338	0	7234	648	0	3964	110	12912	3858	27628	5010	22380	844	3058	98	98	0	0	90	606	5036	5350	3440	368	0	
377464	Cerebelum_Crus2_R	0	0	0	0	0	0	0	0	0	0	0	0	0	0	0	0	0	0	0	0	0	0	0	0	0	0	0	0	0	0	0	0	0	0	0	0	0	0	0	96	0	0	0	0	0	0	948	892	0	0	0	0	0	0	0	518	0	0	0	0	0	0	0	0	0	0	0	0	0	0	0	0	0	0	0	0	0	0	0	0	0	0	0	0	0	0	0	0	0	268	2356	38540	7234	0	0	882	1220	6636	1602	18002	4772	34100	4218	33496	222	2720	0	186	524	1254	2640	4574	9734	7514	3320	264	
45508	Cerebelum_3_L	0	0	0	0	0	0	0	0	0	0	0	0	0	0	0	0	0	0	0	0	0	0	0	0	0	0	0	0	0	0	0	0	0	0	0	0	0	0	478	0	0	0	0	0	0	0	660	112	0	0	0	0	0	0	238	0	0	0	0	0	0	0	0	0	0	0	0	0	0	0	0	0	0	0	0	0	0	0	0	0	0	0	0	0	0	0	0	0	134	0	1242	126	648	0	0	0	8942	234	3976	150	242	0	202	0	1108	0	110	0	726	1250	2026	150	0	0	0	0	
66268	Cerebelum_3_R	0	0	0	0	0	0	0	0	0	0	0	0	0	0	0	0	0	0	0	0	0	0	0	0	0	0	0	0	0	0	0	0	0	0	0	0	92	600	90	840	0	0	0	0	0	0	0	668	0	0	0	0	0	0	0	824	0	0	0	0	0	0	0	0	0	0	0	0	0	0	0	0	0	0	0	0	0	448	0	0	0	0	0	0	0	0	0	0	0	362	0	4552	0	882	0	0	88	7564	0	7930	0	484	0	798	0	576	0	0	1374	4418	278	84	0	90	92	0	
370332	Cerebelum_4_5_L	0	0	0	0	0	0	0	0	0	0	0	0	0	0	0	0	0	0	0	0	0	0	0	0	0	0	0	0	0	0	0	0	0	0	0	0	292	0	824	0	0	0	0	0	0	0	10612	2670	0	0	170	0	144	0	12926	280	0	0	0	0	0	0	0	0	0	0	0	0	0	0	0	0	0	0	0	0	0	0	0	0	0	0	0	0	0	0	0	0	506	0	22356	5100	3964	1220	8942	88	0	3774	41920	5704	1776	594	1894	1194	5304	3236	1538	546	954	2772	26782	8264	788	2624	3266	2142	
294020	Cerebelum_4_5_R	444	0	0	0	0	0	0	0	0	0	0	0	0	0	0	0	0	0	0	0	0	0	0	0	0	0	0	0	160	0	0	0	0	0	1532	1904	1326	5566	500	5370	0	0	0	784	0	0	872	10042	0	0	0	0	0	172	118	6538	0	0	0	0	0	0	0	0	0	0	102	2882	0	0	0	0	160	0	0	0	704	2488	0	0	0	0	0	0	0	0	0	0	92	776	842	24764	110	6636	234	7564	3774	0	1576	31468	0	3712	0	4974	266	550	0	0	790	4276	11206	704	318	356	358	0	
496588	Cerebelum_6_L	0	0	0	0	0	0	0	0	0	0	0	0	0	0	0	0	0	0	0	0	0	0	0	0	0	0	0	0	0	0	0	0	0	0	0	0	230	0	320	0	0	0	188	0	0	0	11262	4610	0	0	728	0	816	0	22748	670	0	0	0	0	0	0	0	0	0	0	128	0	0	0	0	0	0	0	0	0	0	0	0	0	0	0	0	0	0	0	0	0	1730	0	54104	7928	12912	1602	3976	0	41920	1576	0	8470	5360	348	8802	442	5852	2802	1466	1008	486	1344	17962	17400	2612	3430	3062	0	
487088	Cerebelum_6_R	0	78	0	0	0	0	0	0	0	0	0	0	0	0	0	0	0	0	0	0	0	0	0	0	0	0	0	0	0	0	0	0	0	0	0	0	0	882	0	970	0	0	0	154	0	0	2390	7902	0	128	82	342	134	842	854	10502	0	0	0	0	0	0	0	0	0	0	0	0	0	0	0	0	0	0	0	0	0	0	0	264	0	298	0	0	0	118	0	0	0	1296	8574	61776	3858	18002	150	7930	5704	31468	8470	0	252	7440	1502	9824	612	1210	0	250	1710	5904	15118	16948	6288	1844	1296	178	
215864	Cerebelum_7b_L	0	0	0	0	0	0	0	0	0	0	0	0	0	0	0	0	0	0	0	0	0	0	0	0	0	0	0	0	0	0	0	0	0	0	0	0	0	0	0	0	0	0	0	0	0	0	0	0	0	0	0	0	0	0	970	0	0	0	0	0	0	0	0	0	0	0	0	0	0	0	0	0	0	0	0	0	0	0	0	0	0	0	0	0	0	0	0	0	0	0	12392	264	27628	4772	242	0	1776	0	5360	252	0	6898	30602	3018	3592	330	446	0	0	0	756	742	1062	6340	490	0	
267216	Cerebelum_7b_R	0	0	0	0	0	0	0	0	0	0	0	0	0	0	0	0	0	0	0	0	0	0	0	0	0	0	0	0	0	0	0	0	0	0	0	0	0	0	0	0	0	0	0	0	0	0	320	0	0	0	0	0	0	0	0	220	0	0	0	0	0	0	0	0	0	0	0	0	0	0	0	0	0	0	0	0	0	0	0	0	0	0	0	0	0	0	0	0	0	110	322	14876	5010	34100	0	484	594	3712	348	7440	6898	0	6208	33708	194	4110	0	0	378	834	1322	558	2472	7626	1578	186	
261056	Cerebelum_8_L	0	0	0	0	0	0	0	0	0	0	0	0	0	0	0	0	0	0	0	0	0	0	0	0	0	0	0	0	0	0	0	0	0	0	0	0	0	0	0	0	0	0	0	0	0	0	246	0	0	0	0	0	0	0	728	0	0	0	0	0	0	0	0	0	0	0	0	0	0	0	0	0	0	0	0	0	0	0	0	0	0	0	0	0	0	0	0	0	0	0	14728	1538	22380	4218	202	0	1894	0	8802	1502	30602	6208	0	4098	13810	1798	1034	200	0	0	748	3168	1188	8450	2776	210	
304220	Cerebelum_8_R	0	0	0	0	0	0	0	0	0	0	0	0	0	0	0	0	0	0	0	0	0	0	0	0	0	0	0	0	0	0	0	0	0	0	0	0	0	0	0	0	0	0	0	0	0	0	630	0	0	0	0	0	0	0	0	266	0	0	0	0	0	0	0	0	0	0	0	0	0	0	0	0	0	0	0	0	0	0	0	0	0	0	0	0	0	0	0	0	0	118	454	19292	844	33496	0	798	1194	4974	442	9824	3018	33708	4098	0	766	16220	0	324	574	1258	2112	1442	2462	8512	4662	622	
116624	Cerebelum_9_L	0	0	0	0	0	0	0	0	0	0	0	0	0	0	0	0	0	0	0	0	0	0	0	0	0	0	0	0	0	0	0	0	0	0	0	0	0	0	0	0	0	0	0	0	0	0	166	0	0	0	0	0	0	0	94	0	0	0	0	0	0	0	0	0	0	0	0	0	0	0	0	0	0	0	0	0	0	0	0	0	0	0	0	0	0	0	0	0	0	0	2398	510	3058	222	1108	0	5304	266	5852	612	3592	194	13810	766	0	3048	2628	686	124	182	2644	3346	854	2984	3460	404	
149216	Cerebelum_9_R	0	0	0	0	0	0	0	0	0	0	0	0	0	0	0	0	0	0	0	0	0	0	0	0	0	0	0	0	0	0	0	0	0	0	0	0	0	0	0	0	0	0	0	0	0	0	1600	90	0	0	0	0	0	0	206	0	0	0	0	0	0	0	0	0	0	0	0	0	0	0	0	0	0	0	0	0	0	0	0	0	0	0	0	0	0	0	0	0	0	0	1220	1308	98	2720	0	576	3236	550	2802	1210	330	4110	1798	16220	3048	0	98	2358	796	1128	3948	5894	1526	6636	8936	2166	
17292	Cerebelum_10_L	0	0	0	0	0	0	0	0	0	0	0	0	0	0	0	0	0	0	0	0	0	0	0	0	0	0	0	0	0	0	0	0	0	0	0	0	0	0	0	0	0	0	0	0	0	0	0	0	0	0	0	0	0	0	0	0	0	0	0	0	0	0	0	0	0	0	0	0	0	0	0	0	0	0	0	0	0	0	0	0	0	0	0	0	0	0	0	0	0	0	192	0	98	0	110	0	1538	0	1466	0	446	0	1034	0	2628	98	0	0	0	0	554	250	0	130	102	0	
23672	Cerebelum_10_R	0	0	0	0	0	0	0	0	0	0	0	0	0	0	0	0	0	0	0	0	0	0	0	0	0	0	0	0	0	0	0	0	0	0	0	0	0	0	0	0	0	0	0	0	0	0	78	0	0	0	0	0	0	0	0	0	0	0	0	0	0	0	0	0	0	0	0	0	0	0	0	0	0	0	0	0	0	0	0	0	0	0	0	0	0	0	0	0	0	0	338	198	0	186	0	0	546	0	1008	250	0	0	200	324	686	2358	0	0	0	0	590	1500	372	1576	1626	0	
44340	Vermis_1_2	0	0	0	0	0	0	0	0	0	0	0	0	0	0	0	0	0	0	0	0	0	0	0	0	0	0	0	0	0	0	0	0	0	0	0	0	0	0	126	0	0	0	0	0	0	0	134	78	0	0	0	0	0	0	0	0	0	0	0	0	0	0	0	0	0	0	0	0	0	0	0	0	0	0	0	0	0	0	0	0	0	0	0	0	0	0	0	0	0	0	260	1346	0	524	726	1374	954	790	486	1710	0	378	0	574	124	796	0	0	0	7524	2506	740	320	414	286	0	
