data	data	455236	255704	880176	674452	185916	97656	534308	346304	89608	42784	291752	160436	297820	155248	162020	99788	297556	195640	589360	618352	56428	75532	451804	480732	37564	123016	44228	43632	668124	315660	528568	675396	216744	535552	125584	132124	333916	299884	155280	288568	56808	69188	464124	360228	239572	276764	387552	320964	305572	235244	575584	236672	236300	144592	539724	553672	297204	216116	104204	69812	177372	139176	138540	142832	105140	96832	328464	390720	186920	132184	194944	422468	387984	316644	91572	102400	152736	144308	113848	45708	276400	138380	124528	102768	346076	210480	42436	71920	360848	214656	580220	441400	300524	363084	97368	60476	427052	276724	652836	442096	237160	101892	410108	348580	157400	182944	26796	6156	69744	113012	330908	366860	369436	238760	200256	73608	
data	data	Precentral_L	Precentral_R	Frontal_Sup_L	Frontal_Sup_R	Frontal_Sup_Orb_L	Frontal_Sup_Orb_R	Frontal_Mid_L	Frontal_Mid_R	Frontal_Mid_Orb_L	Frontal_Mid_Orb_R	Frontal_Inf_Oper_L	Frontal_Inf_Oper_R	Frontal_Inf_Tri_L	Frontal_Inf_Tri_R	Frontal_Inf_Orb_L	Frontal_Inf_Orb_R	Rolandic_Oper_L	Rolandic_Oper_R	Supp_Motor_Area_L	Supp_Motor_Area_R	Olfactory_L	Olfactory_R	Frontal_Sup_Medial_L	Frontal_Sup_Medial_R	Frontal_Med_Orb_L	Frontal_Med_Orb_R	Rectus_L	Rectus_R	Insula_L	Insula_R	Cingulum_Ant_L	Cingulum_Ant_R	Cingulum_Mid_L	Cingulum_Mid_R	Cingulum_Post_L	Cingulum_Post_R	Hippocampus_L	Hippocampus_R	ParaHippocampal_L	ParaHippocampal_R	Amygdala_L	Amygdala_R	Calcarine_L	Calcarine_R	Cuneus_L	Cuneus_R	Lingual_L	Lingual_R	Occipital_Sup_L	Occipital_Sup_R	Occipital_Mid_L	Occipital_Mid_R	Occipital_Inf_L	Occipital_Inf_R	Fusiform_L	Fusiform_R	Postcentral_L	Postcentral_R	Parietal_Sup_L	Parietal_Sup_R	Parietal_Inf_L	Parietal_Inf_R	SupraMarginal_L	SupraMarginal_R	Angular_L	Angular_R	Precuneus_L	Precuneus_R	Paracentral_Lobule_L	Paracentral_Lobule_R	Caudate_L	Caudate_R	Putamen_L	Putamen_R	Pallidum_L	Pallidum_R	Thalamus_L	Thalamus_R	Heschl_L	Heschl_R	Temporal_Sup_L	Temporal_Sup_R	Temporal_Pole_Sup_L	Temporal_Pole_Sup_R	Temporal_Mid_L	Temporal_Mid_R	Temporal_Pole_Mid_L	Temporal_Pole_Mid_R	Temporal_Inf_L	Temporal_Inf_R	Cerebelum_Crus1_L	Cerebelum_Crus1_R	Cerebelum_Crus2_L	Cerebelum_Crus2_R	Cerebelum_3_L	Cerebelum_3_R	Cerebelum_4_5_L	Cerebelum_4_5_R	Cerebelum_6_L	Cerebelum_6_R	Cerebelum_7b_L	Cerebelum_7b_R	Cerebelum_8_L	Cerebelum_8_R	Cerebelum_9_L	Cerebelum_9_R	Cerebelum_10_L	Cerebelum_10_R	Vermis_1_2	Vermis_3	Vermis_4_5	Vermis_6	Vermis_7	Vermis_8	Vermis_9	Vermis_10	
455236	Precentral_L	0	3064	9186	394	210	0	22770	0	0	0	18162	0	1676	0	0	0	17638	106	9016	8048	0	0	540	346	0	0	0	0	15380	0	1468	248	1402	2948	3342	2426	8484	1450	1196	374	0	0	908	0	1546	0	238	112	538	0	1254	0	358	0	814	380	26646	0	100	0	2950	0	486	0	0	0	2232	308	15758	3924	4716	94	7562	0	2392	0	14666	708	4526	0	3128	0	500	0	442	0	0	0	458	0	0	0	0	0	0	0	0	0	0	0	0	0	0	0	0	0	0	0	0	0	0	0	0	0	0	0	
255704	Precentral_R	3064	0	1386	14336	0	0	284	16326	0	0	0	4342	0	304	0	0	0	9922	3132	11048	0	0	118	240	0	84	0	0	0	4048	646	2186	730	1562	0	288	0	1928	0	386	0	0	152	2158	0	1200	0	122	204	0	288	782	154	520	98	630	72	13848	0	76	0	1562	0	2618	0	94	110	3950	1940	5382	0	4276	0	3314	0	2104	462	2272	0	1320	0	1106	0	0	86	162	0	0	156	274	0	0	0	0	0	0	0	0	0	0	0	0	0	0	0	0	0	0	0	0	0	0	0	0	0	0	
880176	Frontal_Sup_L	9186	1386	0	8006	11506	0	66266	670	2616	0	14288	0	23686	136	7286	316	7394	142	71170	16650	0	0	46416	10202	1384	564	122	0	34896	116	24736	10758	7212	12938	76	108	1690	0	1146	0	0	0	0	0	0	0	1176	0	0	0	0	0	0	0	716	0	628	0	0	0	0	0	0	0	0	0	176	0	1666	152	10090	1688	16704	332	3142	254	7078	96	226	0	1182	0	1578	0	0	0	0	0	0	0	0	0	0	0	0	0	136	0	0	0	0	0	0	0	0	0	0	0	0	0	0	0	0	0	0	0	
674452	Frontal_Sup_R	394	14336	8006	0	134	3512	1448	52728	0	1478	336	4376	434	6212	0	3962	174	7874	13468	49400	0	76	8482	39678	154	3118	0	0	642	7186	6132	26946	1230	16636	100	0	0	988	0	754	0	150	0	204	0	76	0	0	0	0	0	128	0	114	0	656	0	1206	0	0	0	0	0	0	0	0	0	282	0	0	398	19716	450	9494	0	7098	236	14258	0	1098	0	1028	0	148	0	0	0	0	0	92	0	0	0	0	0	0	0	0	0	0	0	0	0	0	0	0	0	0	0	0	0	0	0	0	0	0	
185916	Frontal_Sup_Orb_L	210	0	11506	134	0	0	3174	0	11666	0	1426	0	3732	0	10578	0	96	0	1636	0	1072	120	4646	856	2716	204	6344	0	13300	0	5098	1424	276	598	0	0	126	0	80	0	174	0	0	0	0	0	0	0	0	0	0	0	0	0	0	0	0	0	0	0	0	0	0	0	0	0	0	0	0	0	828	0	10368	0	0	0	120	0	0	0	0	0	450	0	0	0	0	0	0	0	0	0	0	0	0	0	0	0	0	0	0	0	0	0	0	0	0	0	0	0	0	0	0	0	0	0	
97656	Frontal_Sup_Orb_R	0	0	0	3512	0	0	0	2740	0	5506	0	0	0	332	0	3300	0	0	0	0	0	1002	586	3934	156	8660	0	6494	0	1010	258	1054	0	0	0	0	0	0	0	0	0	0	0	0	0	0	0	0	0	0	0	0	0	0	0	0	0	0	0	0	0	0	0	0	0	0	0	0	0	0	0	4782	0	5502	0	0	0	0	0	0	0	0	0	0	0	0	0	0	0	0	0	0	0	0	0	0	0	0	0	0	0	0	0	0	0	0	0	0	0	0	0	0	0	0	0	0	
534308	Frontal_Mid_L	22770	284	66266	1448	3174	0	0	0	2690	0	16528	0	31294	94	7378	232	11852	0	11584	1666	0	0	19004	3610	154	0	0	0	26100	0	6922	3958	3264	4526	278	0	1084	0	88	0	0	0	618	0	1148	0	0	0	446	0	526	0	210	0	138	0	3332	0	0	0	0	0	0	0	0	0	1060	0	556	202	2896	168	2602	0	642	0	2694	0	796	0	1606	0	842	0	164	0	0	0	260	0	0	0	0	0	0	0	0	0	0	0	0	0	0	0	0	0	0	0	0	0	0	0	0	0	0	0	
346304	Frontal_Mid_R	0	16326	670	52728	0	2740	0	0	0	2806	0	7606	0	13700	0	4580	0	6750	2634	7016	0	0	534	9666	0	96	0	0	0	6150	960	8118	232	5530	0	0	0	762	0	462	0	0	0	114	0	0	0	0	0	0	0	96	0	84	0	442	0	1284	0	0	0	0	0	0	0	0	0	168	0	0	0	7740	0	2690	0	2366	130	5794	0	1078	0	1016	0	84	0	0	0	0	0	0	0	0	0	0	0	0	0	0	0	0	0	0	0	0	0	0	0	0	0	0	0	0	0	0	0	0	
89608	Frontal_Mid_Orb_L	0	0	2616	0	11666	0	2690	0	0	0	0	0	2564	0	12250	0	0	0	0	0	256	0	0	0	166	0	2730	0	5112	0	106	0	0	0	0	0	378	0	166	0	442	0	0	0	0	0	0	0	0	0	0	0	0	0	0	0	0	0	0	0	0	0	0	0	0	0	0	0	0	0	104	0	3016	0	0	0	0	0	0	0	0	0	542	0	0	0	0	0	0	0	0	0	0	0	0	0	0	0	0	0	0	0	0	0	0	0	0	0	0	0	0	0	0	0	0	0	
42784	Frontal_Mid_Orb_R	0	0	0	1478	0	5506	0	2806	0	0	0	0	0	444	0	6888	0	0	0	0	0	194	0	166	0	94	0	356	0	1306	0	150	0	114	0	0	0	0	0	0	0	0	0	0	0	0	0	0	0	0	0	0	0	0	0	0	0	0	0	0	0	0	0	0	0	0	0	0	0	0	0	192	0	1520	0	0	0	0	0	0	0	0	0	106	0	72	0	0	0	0	0	0	0	0	0	0	0	0	0	0	0	0	0	0	0	0	0	0	0	0	0	0	0	0	0	0	
291752	Frontal_Inf_Oper_L	18162	0	14288	336	1426	0	16528	0	0	0	0	0	13186	0	188	0	17782	0	7138	614	0	0	2846	1046	188	0	0	0	23106	0	5950	1178	280	814	122	0	1420	0	120	0	0	0	0	0	0	0	0	0	0	0	0	0	0	0	0	0	4564	0	0	0	0	0	0	0	0	0	0	0	0	0	1718	808	3226	0	356	0	898	0	1484	0	3492	0	2612	0	0	0	0	0	0	0	0	0	0	0	0	0	0	0	0	0	0	0	0	0	0	0	0	0	0	0	0	0	0	0	0	0	
160436	Frontal_Inf_Oper_R	0	4342	0	4376	0	0	0	7606	0	0	0	0	0	10782	0	942	0	6410	660	2348	0	0	288	4290	0	0	0	0	0	13196	2582	11002	0	3374	0	0	0	212	0	0	0	0	0	0	0	0	0	0	0	0	0	0	0	0	0	0	0	1590	0	0	0	0	0	0	0	0	0	0	0	0	0	2284	0	2006	0	268	0	76	0	84	0	170	0	1330	0	0	0	0	0	0	0	0	0	0	0	0	0	0	0	0	0	0	0	0	0	0	0	0	0	0	0	0	0	0	0	0	
297820	Frontal_Inf_Tri_L	1676	0	23686	434	3732	0	31294	0	2564	0	13186	0	0	0	13042	0	3100	0	3994	590	0	0	4324	642	236	0	160	0	30372	0	7634	1272	540	352	0	0	260	0	82	0	194	0	0	0	0	0	0	0	0	0	0	0	0	0	0	0	80	0	0	0	0	0	0	0	0	0	0	0	0	0	1344	672	1632	0	0	0	114	0	0	0	512	0	1190	0	0	0	0	0	0	0	0	0	0	0	0	0	0	0	0	0	0	0	0	0	0	0	0	0	0	0	0	0	0	0	0	0	
155248	Frontal_Inf_Tri_R	0	304	136	6212	0	332	94	13700	0	444	0	10782	0	0	0	6334	0	1534	856	2660	0	0	700	5514	0	0	0	0	0	10808	980	7460	158	6144	0	0	0	0	0	0	0	0	0	0	0	0	0	0	0	0	0	0	0	0	0	0	0	0	0	0	0	0	0	0	0	0	0	0	0	0	0	1454	0	700	0	0	0	0	0	0	0	0	0	318	0	0	0	0	0	0	0	0	0	0	0	0	0	0	0	0	0	0	0	0	0	0	0	0	0	0	0	0	0	0	0	0	
162020	Frontal_Inf_Orb_L	0	0	7286	0	10578	0	7378	0	12250	0	188	0	13042	0	0	0	114	0	490	0	1570	0	826	106	110	0	1918	0	16314	0	768	128	152	86	0	0	584	0	556	0	750	0	0	0	0	0	0	0	0	0	0	0	0	0	0	0	0	0	0	0	0	0	0	0	0	0	0	0	0	0	186	0	3750	0	0	0	0	0	0	0	84	0	1796	0	0	0	0	0	0	0	0	0	0	0	0	0	0	0	0	0	0	0	0	0	0	0	0	0	0	0	0	0	0	0	0	0	
99788	Frontal_Inf_Orb_R	0	0	316	3962	0	3300	232	4580	0	6888	0	942	0	6334	0	0	0	160	282	696	0	746	636	1552	0	0	0	602	0	6930	656	3790	306	2736	0	0	0	0	0	122	0	106	0	0	0	0	0	0	0	0	0	0	0	0	0	164	0	0	0	0	0	0	0	0	0	0	0	0	0	0	0	536	0	1614	0	0	0	0	0	0	0	288	0	1016	0	302	0	0	0	100	0	0	0	0	0	0	0	0	0	0	0	0	0	0	0	0	0	0	0	0	0	0	0	0	0	0	
297556	Rolandic_Oper_L	17638	0	7394	174	96	0	11852	0	0	0	17782	0	3100	0	114	0	0	0	4374	78	0	0	1478	724	0	0	0	0	22522	0	1996	344	264	630	212	0	4154	0	270	0	0	0	296	0	0	0	256	0	0	0	1460	0	324	0	822	0	10202	0	0	0	550	0	3426	0	102	0	346	0	634	0	148	0	6512	0	2956	0	1252	0	6222	0	11552	0	2906	0	3212	0	0	0	404	0	0	0	0	0	0	0	0	0	0	0	0	0	0	0	0	0	0	0	0	0	0	0	0	0	0	0	
195640	Rolandic_Oper_R	106	9922	142	7874	0	0	0	6750	0	0	0	6410	0	1534	0	160	0	0	210	1408	0	0	0	450	0	0	0	0	0	15266	1066	2972	0	356	0	334	0	3728	0	1876	0	0	0	410	0	198	0	124	0	162	0	518	0	248	0	1360	0	6074	0	0	0	970	0	3836	0	0	0	1072	0	0	0	560	0	5720	0	614	362	2494	0	5120	0	5556	0	1368	0	298	0	0	0	192	0	0	0	0	0	0	0	0	0	0	0	0	0	0	0	0	0	0	0	0	0	0	0	0	0	0	
589360	Supp_Motor_Area_L	9016	3132	71170	13468	1636	0	11584	2634	0	0	7138	660	3994	856	490	282	4374	210	0	36422	76	488	6686	6626	156	294	0	0	13522	266	11638	7216	8180	20066	748	300	1562	0	1140	0	0	0	0	0	0	0	1176	0	0	0	0	0	0	0	716	0	540	0	0	0	0	0	0	0	0	0	318	0	5586	2194	9768	2788	14326	500	3340	676	4774	386	204	0	556	0	666	0	0	0	0	0	0	0	0	0	0	0	0	0	136	0	0	0	0	0	0	0	0	0	0	0	0	0	0	0	0	0	0	0	
618352	Supp_Motor_Area_R	8048	11048	16650	49400	0	0	1666	7016	0	0	614	2348	590	2660	0	696	78	1408	36422	0	182	980	2706	12466	108	1390	0	0	512	2040	7226	19310	5906	37070	408	3236	0	794	0	426	0	140	156	204	0	102	0	174	208	0	292	0	158	742	100	862	74	264	0	0	0	0	0	0	0	0	162	808	9968	17206	2046	19058	1248	4460	660	5960	550	9478	0	0	0	0	0	110	86	0	0	0	158	338	0	0	0	0	0	0	0	0	0	0	0	0	0	0	0	0	0	0	0	0	0	0	0	0	0	0	
56428	Olfactory_L	0	0	0	0	1072	0	0	0	256	0	0	0	0	0	1570	0	0	0	76	182	0	2850	0	0	526	384	746	134	2510	0	2534	394	0	0	0	0	434	0	1258	0	842	0	0	0	0	0	0	0	0	0	0	0	0	0	130	0	0	0	0	0	0	0	0	0	0	0	0	0	0	0	4330	2130	3396	0	1168	384	0	104	0	0	0	0	804	0	0	0	0	0	0	0	0	0	0	0	0	0	0	0	0	0	0	0	0	0	0	0	0	0	0	0	0	0	0	0	0	0	
75532	Olfactory_R	0	0	0	76	120	1002	0	0	0	194	0	0	0	0	0	746	0	0	488	980	2850	0	0	0	178	1322	352	1724	0	1740	3084	3352	0	0	0	0	0	0	0	220	0	412	0	0	0	0	0	0	0	0	0	0	0	0	0	0	0	0	0	0	0	0	0	0	0	0	0	0	0	0	3866	6782	3486	254	2298	1918	0	218	0	0	0	0	0	104	0	0	0	0	0	0	0	0	0	0	0	0	0	0	0	0	0	0	0	0	0	0	0	0	0	0	0	0	0	0	0	0	
451804	Frontal_Sup_Medial_L	540	118	46416	8482	4646	586	19004	534	0	0	2846	288	4324	700	826	636	1478	0	6686	2706	0	0	0	27624	2322	1546	206	0	7516	264	28584	22412	8788	17486	0	0	330	0	0	0	0	0	0	0	0	0	0	0	0	0	0	0	0	0	0	0	0	0	0	0	0	0	0	0	0	0	0	0	0	0	1418	1242	3704	652	0	192	168	0	0	0	246	0	386	0	0	0	0	0	0	0	0	0	0	0	0	0	0	0	0	0	0	0	0	0	0	0	0	0	0	0	0	0	0	0	0	0	
480732	Frontal_Sup_Medial_R	346	240	10202	39678	856	3934	3610	9666	0	166	1046	4290	642	5514	106	1552	724	450	6626	12466	0	0	27624	0	374	7488	0	264	1842	5980	13962	37932	1958	20146	0	0	78	130	0	106	0	0	0	0	0	0	0	0	0	0	0	0	0	0	0	98	0	0	0	0	0	0	0	0	0	0	0	0	0	0	710	10216	1566	6524	0	386	106	336	0	0	150	0	100	176	0	0	0	0	0	0	0	0	0	0	0	0	0	0	0	0	0	0	0	0	0	0	0	0	0	0	0	0	0	0	0	0	
37564	Frontal_Med_Orb_L	0	0	1384	154	2716	156	154	0	166	0	188	0	236	0	110	0	0	0	156	108	526	178	2322	374	0	766	1726	0	730	0	3390	812	0	0	0	0	0	0	0	0	0	0	0	0	0	0	0	0	0	0	0	0	0	0	0	0	0	0	0	0	0	0	0	0	0	0	0	0	0	0	830	340	964	148	0	148	0	0	0	0	0	0	0	0	0	0	0	0	0	0	0	0	0	0	0	0	0	0	0	0	0	0	0	0	0	0	0	0	0	0	0	0	0	0	0	0	
123016	Frontal_Med_Orb_R	0	84	564	3118	204	8660	0	96	0	94	0	0	0	0	0	0	0	0	294	1390	384	1322	1546	7488	766	0	364	5994	0	0	2262	8496	0	0	0	0	0	0	0	0	0	0	0	0	0	0	0	0	0	0	0	0	0	0	0	0	0	0	0	0	0	0	0	0	0	0	0	0	0	0	170	9952	74	7406	0	780	0	0	0	0	0	0	0	0	0	0	0	0	0	0	0	0	0	0	0	0	0	0	0	0	0	0	0	0	0	0	0	0	0	0	0	0	0	0	0	0	
44228	Rectus_L	0	0	122	0	6344	0	0	0	2730	0	0	0	160	0	1918	0	0	0	0	0	746	352	206	0	1726	364	0	222	1438	0	1894	198	0	0	0	0	0	0	0	0	0	0	0	0	0	0	0	0	0	0	0	0	0	0	0	0	0	0	0	0	0	0	0	0	0	0	0	0	0	0	1100	262	2224	108	0	0	0	0	0	0	0	0	0	0	0	0	0	0	0	0	0	0	0	0	0	0	0	0	0	0	0	0	0	0	0	0	0	0	0	0	0	0	0	0	0	0	
43632	Rectus_R	0	0	0	0	0	6494	0	0	0	356	0	0	0	0	0	602	0	0	0	0	134	1724	0	264	0	5994	222	0	0	740	330	1534	0	0	0	0	0	0	0	0	0	0	0	0	0	0	0	0	0	0	0	0	0	0	0	0	0	0	0	0	0	0	0	0	0	0	0	0	0	0	0	1774	0	1648	0	0	0	0	0	0	0	0	0	0	0	0	0	0	0	0	0	0	0	0	0	0	0	0	0	0	0	0	0	0	0	0	0	0	0	0	0	0	0	0	0	0	
668124	Insula_L	15380	0	34896	642	13300	0	26100	0	5112	0	23106	0	30372	0	16314	0	22522	0	13522	512	2510	0	7516	1842	730	0	1438	0	0	0	14828	2300	854	1068	558	0	14746	0	2336	0	3124	0	334	0	0	0	236	0	0	0	1344	0	436	0	5580	0	5484	0	0	0	274	0	418	0	0	0	462	0	246	0	1810	530	20890	0	728	0	978	0	9280	0	11306	0	8028	0	3126	0	0	0	6532	0	110	0	0	0	0	0	94	0	208	0	0	0	0	0	0	0	0	0	0	0	0	0	0	0	0	0	
315660	Insula_R	0	4048	116	7186	0	1010	0	6150	0	1306	0	13196	0	10808	0	6930	0	15266	266	2040	0	1740	264	5980	0	0	0	740	0	0	3026	15002	0	1318	0	0	0	6278	0	3696	0	724	0	248	0	98	0	120	0	74	0	238	0	316	0	4468	0	804	0	0	0	0	0	0	0	0	0	448	0	0	0	6290	0	17336	0	348	0	422	0	2354	0	7882	0	4320	0	2350	0	674	0	1760	0	0	0	0	0	0	0	112	0	78	0	0	0	0	0	0	0	0	0	0	0	0	0	0	0	0	
528568	Cingulum_Ant_L	1468	646	24736	6132	5098	258	6922	960	106	0	5950	2582	7634	980	768	656	1996	1066	11638	7226	2534	3084	28584	13962	3390	2262	1894	330	14828	3026	0	34054	10500	15552	350	0	458	0	0	0	0	0	0	0	0	0	0	0	0	0	0	0	0	0	0	0	166	122	0	0	0	96	0	102	0	0	98	0	0	256	9196	9124	14772	3094	826	2952	588	0	0	0	318	0	824	120	0	0	0	0	0	0	0	0	0	0	0	0	0	0	0	0	0	0	0	0	0	0	0	0	0	0	0	0	0	0	0	0	
675396	Cingulum_Ant_R	248	2186	10758	26946	1424	1054	3958	8118	0	150	1178	11002	1272	7460	128	3790	344	2972	7216	19310	394	3352	22412	37932	812	8496	198	1534	2300	15002	34054	0	6400	32348	0	0	0	776	0	332	0	0	0	0	0	0	0	0	0	0	0	0	0	0	0	364	0	234	0	0	0	168	0	180	0	0	0	0	0	0	1486	34652	1920	15398	200	6128	0	286	0	0	0	74	96	656	0	0	0	0	0	0	0	0	0	0	0	0	0	0	0	0	0	0	0	0	0	0	0	0	0	0	0	0	0	0	0	0	
216744	Cingulum_Mid_L	1402	730	7212	1230	276	0	3264	232	0	0	280	0	540	158	152	306	264	0	8180	5906	0	0	8788	1958	0	0	0	0	854	0	10500	6400	0	15982	7194	1004	0	0	0	0	0	0	1626	0	1072	278	0	0	2910	72	3042	0	1164	0	744	0	92	0	586	0	0	0	0	0	0	0	6344	834	3758	1344	0	170	196	0	0	0	0	0	0	0	94	0	0	0	248	0	0	0	986	0	0	0	0	0	0	0	0	0	0	0	0	0	0	0	0	0	0	0	0	0	0	0	0	0	0	0	
535552	Cingulum_Mid_R	2948	1562	12938	16636	598	0	4526	5530	0	114	814	3374	352	6144	86	2736	630	356	20066	37070	0	0	17486	20146	0	0	0	0	1068	1318	15552	32348	15982	0	1406	7602	78	150	0	0	0	0	94	1416	102	2380	0	268	108	646	108	576	72	746	0	470	0	1562	0	90	0	120	0	472	0	0	978	9240	5166	8274	564	1020	1216	522	0	232	102	560	0	0	146	166	72	0	0	178	0	0	0	494	0	0	0	0	0	0	0	0	0	0	0	0	0	0	0	0	0	0	0	0	0	0	0	0	0	0	
125584	Cingulum_Post_L	3342	0	76	100	0	0	278	0	0	0	122	0	0	0	0	0	212	0	748	408	0	0	0	0	0	0	0	0	558	0	350	0	7194	1406	0	5246	5194	1362	2664	114	0	0	5364	158	2624	440	1116	114	472	0	1596	0	356	0	954	136	466	0	0	0	104	0	0	0	116	0	11356	1922	3528	148	0	0	298	0	0	0	320	0	754	0	0	0	0	0	334	0	0	0	386	0	0	0	0	0	0	0	0	0	0	0	0	0	0	0	0	0	0	0	0	0	356	0	0	0	0	0	
132124	Cingulum_Post_R	2426	288	108	0	0	0	0	0	0	0	0	0	0	0	0	0	0	334	300	3236	0	0	0	0	0	0	0	0	0	0	0	0	1004	7602	5246	0	908	5146	332	1404	0	0	74	3716	254	1906	0	3624	0	0	0	110	0	2370	158	2900	0	336	0	0	0	0	0	0	0	0	1710	11574	858	2522	0	0	0	0	0	0	3322	710	0	0	0	0	0	0	0	0	0	0	0	612	0	0	0	0	0	0	0	128	0	0	0	0	0	0	0	0	0	0	0	0	844	0	0	0	0	0	
333916	Hippocampus_L	8484	0	1690	0	126	0	1084	0	378	0	1420	0	260	0	584	0	4154	0	1562	0	434	0	330	78	0	0	0	0	14746	0	458	0	0	78	5194	908	0	738	18958	204	9820	0	3820	0	418	0	6714	94	142	0	1494	0	456	0	19754	176	5562	0	0	0	154	0	706	0	0	0	5292	92	72	0	366	0	12808	0	1348	0	4384	0	5588	0	6412	0	4470	0	978	0	432	0	6524	0	892	0	204	0	0	0	1838	0	2222	74	0	0	356	0	162	0	168	0	0	0	394	128	296	94	96	90	
299884	Hippocampus_R	1450	1928	0	988	0	0	0	762	0	0	0	212	0	0	0	0	0	3728	0	794	0	0	0	130	0	0	0	0	0	6278	0	776	0	150	1362	5146	738	0	266	36346	0	7438	0	782	0	0	0	3750	0	0	0	90	0	846	134	34668	0	402	0	0	0	0	0	122	0	0	0	3034	154	344	0	484	0	13292	0	618	2630	3594	0	520	0	1258	0	1320	0	2484	0	568	0	7174	0	76	0	0	0	0	0	1960	0	638	0	0	0	0	0	0	0	0	0	0	508	0	0	0	0	0	
155280	ParaHippocampal_L	1196	0	1146	0	80	0	88	0	166	0	120	0	82	0	556	0	270	0	1140	0	1258	0	0	0	0	0	0	0	2336	0	0	0	0	0	2664	332	18958	266	0	90	4646	0	2880	0	280	0	7374	0	102	0	1402	0	588	0	11274	0	480	0	0	0	0	0	0	0	0	0	3832	0	96	0	0	0	1618	0	0	0	1996	0	578	0	232	0	3820	0	128	0	1980	0	574	0	204	0	0	0	112	0	1322	0	718	0	0	0	84	0	92	0	86	0	0	126	186	0	82	0	0	0	
288568	ParaHippocampal_R	374	386	0	754	0	0	0	462	0	0	0	0	0	0	0	122	0	1876	0	426	0	220	0	106	0	0	0	0	0	3696	0	332	0	0	114	1404	204	36346	90	0	0	8158	0	1466	0	130	106	9442	0	142	0	114	0	682	0	36988	0	112	0	0	0	0	0	0	0	0	0	3178	0	0	0	192	0	10154	0	588	878	3712	0	292	0	828	0	4440	0	1520	0	2662	0	4550	0	72	0	0	142	146	184	4836	0	778	0	0	0	84	0	0	0	0	0	468	328	0	0	0	0	0	
56808	Amygdala_L	0	0	0	0	174	0	0	0	442	0	0	0	194	0	750	0	0	0	0	0	842	0	0	0	0	0	0	0	3124	0	0	0	0	0	0	0	9820	0	4646	0	0	0	0	0	0	0	0	0	0	0	0	0	0	0	4942	0	0	0	0	0	0	0	0	0	0	0	0	0	0	0	0	0	442	0	0	0	0	0	0	0	248	0	2058	0	0	0	356	0	366	0	0	0	0	0	0	0	0	0	0	0	0	0	0	0	0	0	0	0	0	0	0	0	0	0	0	0	
69188	Amygdala_R	0	0	0	150	0	0	0	0	0	0	0	0	0	0	0	106	0	0	0	140	0	412	0	0	0	0	0	0	0	724	0	0	0	0	0	0	0	7438	0	8158	0	0	0	0	0	0	0	0	0	0	0	0	0	0	0	8678	0	0	0	0	0	0	0	0	0	0	0	0	0	0	0	0	0	1698	0	0	0	296	0	0	0	88	0	4796	0	140	0	906	0	702	0	0	0	0	0	0	0	162	0	0	0	0	0	0	0	0	0	0	0	0	0	0	0	0	0	0	
464124	Calcarine_L	908	152	0	0	0	0	618	0	0	0	0	0	0	0	0	0	296	0	0	156	0	0	0	0	0	0	0	0	334	0	0	0	1626	94	5364	74	3820	0	2880	0	0	0	0	8204	21258	5996	19186	3728	23308	3496	44330	2066	10866	436	7888	956	3260	0	3984	0	3172	0	390	0	1630	0	19968	932	1912	154	0	0	0	0	0	0	0	0	1090	0	634	0	0	0	8160	0	0	0	7924	0	756	592	0	110	74	0	2010	750	1620	830	0	0	202	92	104	0	0	0	0	74	2656	444	186	152	160	0	
360228	Calcarine_R	0	2158	0	204	0	0	0	114	0	0	0	0	0	0	0	0	0	410	0	204	0	0	0	0	0	0	0	0	0	248	0	0	0	1416	158	3716	0	782	0	1466	0	0	8204	0	4812	26358	2142	22892	0	20188	0	19154	0	9286	0	8422	0	4724	0	1178	0	904	0	352	0	1548	2296	25212	0	900	0	0	0	0	0	0	0	0	0	0	0	264	0	0	0	5736	0	0	0	3066	0	88	0	0	0	0	0	576	0	184	0	0	0	0	0	0	0	0	0	0	494	170	88	0	0	0	
239572	Cuneus_L	1546	0	0	0	0	0	1148	0	0	0	0	0	0	0	0	0	0	0	0	0	0	0	0	0	0	0	0	0	0	0	0	0	1072	102	2624	254	418	0	280	0	0	0	21258	4812	0	8280	4596	974	18264	1070	16182	218	1944	80	1678	86	540	0	948	0	278	0	76	0	176	0	19516	4346	2098	0	0	0	0	0	0	0	0	0	182	0	106	0	0	0	2190	0	0	0	2048	0	0	0	0	0	0	0	0	0	238	0	0	0	0	0	0	0	0	0	0	0	82	76	0	0	0	0	
276764	Cuneus_R	0	1200	0	76	0	0	0	0	0	0	0	0	0	0	0	0	0	198	0	102	0	0	0	0	0	0	0	0	0	98	0	0	278	2380	440	1906	0	0	0	130	0	0	5996	26358	8280	0	392	4160	268	30408	0	8574	0	1098	0	1056	0	3052	0	2554	0	704	0	0	0	624	9458	27112	0	454	0	0	0	0	0	0	0	0	0	0	0	0	0	0	0	470	0	0	0	192	0	0	0	0	0	0	0	154	0	0	0	0	0	0	0	0	0	0	0	0	210	0	0	0	0	0	
387552	Lingual_L	238	0	1176	0	0	0	0	0	0	0	0	0	0	0	0	0	256	0	1176	0	0	0	0	0	0	0	0	0	236	0	0	0	0	0	1116	0	6714	0	7374	106	0	0	19186	2142	4596	392	0	4700	3214	516	21516	392	9326	174	22460	1042	224	0	0	0	0	0	0	0	0	0	6152	0	136	0	0	0	238	0	0	0	1682	0	764	0	274	0	0	0	1726	0	0	0	858	0	7286	3292	396	728	984	188	16340	1882	18610	4424	250	0	1000	234	404	308	0	0	254	510	7788	5474	1916	454	596	356	
320964	Lingual_R	112	122	0	0	0	0	0	0	0	0	0	0	0	0	0	0	0	124	0	174	0	0	0	0	0	0	0	0	0	120	0	0	0	268	114	3624	94	3750	0	9442	0	0	3728	22892	974	4160	4700	0	0	5774	166	5286	316	8018	1478	27934	0	166	0	0	0	0	0	0	0	0	272	10244	0	188	0	0	0	0	0	0	180	1406	0	0	0	0	0	0	0	172	0	0	0	152	1774	5004	246	622	0	162	2802	7232	4276	8304	0	0	138	150	0	0	0	0	0	280	6382	5586	1158	114	102	0	
305572	Occipital_Sup_L	538	204	0	0	0	0	446	0	0	0	0	0	0	0	0	0	0	0	0	208	0	0	0	0	0	0	0	0	0	0	0	0	2910	108	472	0	142	0	102	0	0	0	23308	0	18264	268	3214	0	0	78	43376	0	7576	0	3370	0	3266	0	9454	0	5544	0	384	0	3020	0	11448	1142	1812	186	0	0	0	0	0	0	0	0	94	0	362	0	0	0	5010	0	0	0	6180	0	74	0	0	0	0	0	0	0	226	0	0	0	0	0	0	0	0	0	0	0	0	0	0	0	0	0	
235244	Occipital_Sup_R	0	0	0	0	0	0	0	0	0	0	0	0	0	0	0	0	0	162	0	0	0	0	0	0	0	0	0	0	0	74	0	0	72	646	0	0	0	0	0	142	0	0	3496	20188	1070	30408	516	5774	78	0	0	20490	0	2378	0	2820	0	2248	0	3932	0	3088	0	356	0	3834	2256	10220	0	294	0	0	0	0	0	0	0	0	0	188	0	196	0	0	0	2166	0	0	0	374	0	0	0	0	0	0	0	156	0	0	0	0	0	0	0	0	0	0	0	0	0	0	0	0	0	0	
575584	Occipital_Mid_L	1254	288	0	0	0	0	526	0	0	0	0	0	0	0	0	0	1460	0	0	292	0	0	0	0	0	0	0	0	1344	0	0	0	3042	108	1596	0	1494	0	1402	0	0	0	44330	0	16182	0	21516	166	43376	0	0	0	26748	0	15808	0	7214	0	10210	0	9342	0	1506	0	14572	0	13238	180	4282	260	0	0	110	0	74	0	0	0	3166	0	2632	0	0	0	23694	0	0	0	13322	0	736	82	0	0	0	0	292	0	1332	86	0	0	0	0	0	0	0	0	0	0	306	224	0	0	0	0	
236672	Occipital_Mid_R	0	782	0	128	0	0	0	96	0	0	0	0	0	0	0	0	0	518	0	0	0	0	0	0	0	0	0	0	0	238	0	0	0	576	0	110	0	90	0	114	0	0	2066	19154	218	8574	392	5286	0	20490	0	0	0	9556	0	4508	0	2826	0	1204	0	4676	0	628	0	12010	244	7876	0	666	0	0	0	0	0	0	0	0	0	240	0	648	0	0	0	12218	0	0	0	2204	0	0	0	0	0	0	0	0	0	0	0	0	0	0	0	0	0	0	0	0	0	0	0	0	0	0	
236300	Occipital_Inf_L	358	154	0	0	0	0	210	0	0	0	0	0	0	0	0	0	324	0	0	158	0	0	0	0	0	0	0	0	436	0	0	0	1164	72	356	0	456	0	588	0	0	0	10866	0	1944	0	9326	316	7576	0	26748	0	0	0	19706	0	712	0	472	0	944	0	432	0	1464	0	2354	74	1276	156	0	0	0	0	0	0	0	0	1018	0	758	0	0	0	6642	0	0	0	13886	0	1288	334	0	0	0	0	590	92	3320	344	0	0	0	0	0	0	0	0	0	0	452	616	168	0	0	0	
144592	Occipital_Inf_R	0	520	0	114	0	0	0	84	0	0	0	0	0	0	0	0	0	248	0	742	0	0	0	0	0	0	0	0	0	316	0	0	0	746	0	2370	0	846	0	682	0	0	436	9286	80	1098	174	8018	0	2378	0	9556	0	0	0	16362	0	232	0	0	0	0	0	0	0	148	0	5666	86	714	0	0	0	0	0	0	0	0	0	106	0	134	0	0	0	3442	0	0	0	7270	0	128	0	0	0	0	0	78	0	158	0	0	0	0	0	0	0	0	0	0	0	78	0	0	0	0	
539724	Fusiform_L	814	98	716	0	0	0	138	0	0	0	0	0	0	0	0	0	822	0	716	100	130	0	0	0	0	0	0	0	5580	0	0	0	744	0	954	158	19754	134	11274	0	4942	0	7888	0	1678	0	22460	1478	3370	0	15808	0	19706	0	0	424	810	0	128	0	250	0	262	0	232	0	2614	0	766	100	0	0	1062	0	0	0	1124	0	2916	0	7480	0	5100	0	8066	0	4884	0	28978	0	18880	1118	1680	176	182	0	15232	658	33246	1468	650	0	1784	76	740	136	442	0	0	112	3830	2238	1238	488	448	382	
553672	Fusiform_R	380	630	0	656	0	0	0	442	0	0	0	0	0	0	0	164	0	1360	0	862	0	0	0	98	0	0	0	0	0	4468	0	364	0	470	136	2900	176	34668	0	36988	0	8678	956	8422	86	1056	1042	27934	0	2820	0	4508	0	16362	424	0	0	266	0	0	0	0	0	250	0	0	0	4854	0	524	0	228	0	9592	0	496	832	2200	0	356	0	2414	0	9584	0	4654	0	7276	0	21868	1206	13364	156	888	0	286	1098	8784	1900	16980	156	0	524	1414	0	304	0	0	0	76	2810	2938	928	322	258	0	
297204	Postcentral_L	26646	72	628	0	0	0	3332	0	0	0	4564	0	80	0	0	0	10202	0	540	74	0	0	0	0	0	0	0	0	5484	0	166	0	92	0	466	0	5562	0	480	0	0	0	3260	0	540	0	224	0	3266	0	7214	0	712	0	810	0	0	0	6936	0	18472	0	10794	0	1862	0	2804	0	6638	0	1428	0	8028	0	2022	0	2580	0	3732	0	5036	0	0	0	3072	0	0	0	784	0	0	0	0	0	0	0	0	0	0	0	0	0	0	0	0	0	0	0	0	0	0	0	0	0	0	0	
216116	Postcentral_R	0	13848	0	1206	0	0	0	1284	0	0	0	1590	0	0	0	0	0	6074	0	264	0	0	0	0	0	0	0	0	0	804	122	234	0	1562	0	336	0	402	0	112	0	0	0	4724	0	3052	0	166	0	2248	0	2826	0	232	0	266	0	0	0	8340	0	14768	0	17744	0	1990	0	12192	0	6030	0	1946	0	360	0	0	0	1458	0	296	0	1124	0	0	0	270	0	0	0	188	0	0	0	0	0	0	0	0	0	0	0	0	0	0	0	0	0	0	0	0	0	0	0	0	0	0	
104204	Parietal_Sup_L	100	0	0	0	0	0	0	0	0	0	0	0	0	0	0	0	0	0	0	0	0	0	0	0	0	0	0	0	0	0	0	0	586	0	0	0	0	0	0	0	0	0	3984	0	948	0	0	0	9454	0	10210	0	472	0	128	0	6936	0	0	0	8208	0	0	0	782	0	9208	120	452	0	0	0	0	0	0	0	0	0	0	0	0	0	0	0	122	0	0	0	392	0	0	0	0	0	0	0	0	0	0	0	0	0	0	0	0	0	0	0	0	0	0	0	0	0	0	0	
69812	Parietal_Sup_R	0	76	0	0	0	0	0	0	0	0	0	0	0	0	0	0	0	0	0	0	0	0	0	0	0	0	0	0	0	0	0	0	0	90	0	0	0	0	0	0	0	0	0	1178	0	2554	0	0	0	3932	0	1204	0	0	0	0	0	8340	0	0	0	7620	0	1528	0	3520	222	4244	0	398	0	0	0	0	0	0	0	0	0	0	0	0	0	0	0	0	0	0	0	0	0	0	0	0	0	0	0	0	0	0	0	0	0	0	0	0	0	0	0	0	0	0	0	0	0	0	
177372	Parietal_Inf_L	2950	0	0	0	0	0	0	0	0	0	0	0	0	0	0	0	550	0	0	0	0	0	0	0	0	0	0	0	274	0	0	0	0	0	104	0	154	0	0	0	0	0	3172	0	278	0	0	0	5544	0	9342	0	944	0	250	0	18472	0	8208	0	0	0	15774	0	11458	0	852	0	1854	0	0	0	164	0	0	0	0	0	150	0	1370	0	0	0	5874	0	0	0	948	0	0	0	0	0	0	0	0	0	0	0	0	0	0	0	0	0	0	0	0	0	0	0	0	0	0	0	
139176	Parietal_Inf_R	0	1562	0	0	0	0	0	0	0	0	0	0	0	0	0	0	0	970	0	0	0	0	0	0	0	0	0	0	0	0	96	168	0	120	0	0	0	0	0	0	0	0	0	904	0	704	0	0	0	3088	0	4676	0	0	0	0	0	14768	0	7620	0	0	0	15388	0	11454	0	2610	0	768	0	1844	0	0	0	0	0	1356	0	108	0	374	0	0	0	778	0	0	0	232	0	0	0	0	0	0	0	0	0	0	0	0	0	0	0	0	0	0	0	0	0	0	0	0	0	0	
138540	SupraMarginal_L	486	0	0	0	0	0	0	0	0	0	0	0	0	0	0	0	3426	0	0	0	0	0	0	0	0	0	0	0	418	0	0	0	0	0	0	0	706	0	0	0	0	0	390	0	76	0	0	0	384	0	1506	0	432	0	262	0	10794	0	0	0	15774	0	0	0	4860	0	704	0	2840	0	0	0	1384	0	722	0	0	0	466	0	10220	0	0	0	11778	0	0	0	1642	0	0	0	0	0	0	0	0	0	0	0	0	0	0	0	0	0	0	0	0	0	0	0	0	0	0	0	
142832	SupraMarginal_R	0	2618	0	0	0	0	0	0	0	0	0	0	0	0	0	0	0	3836	0	0	0	0	0	0	0	0	0	0	0	0	102	180	0	472	0	0	0	122	0	0	0	0	0	352	0	0	0	0	0	356	0	628	0	0	0	250	0	17744	0	1528	0	15388	0	0	0	3728	0	5954	0	440	0	1862	0	76	0	0	0	1378	0	380	0	6324	0	0	0	5094	0	0	0	2604	0	0	0	0	0	0	0	0	0	0	0	0	0	0	0	0	0	0	0	0	0	0	0	0	0	0	
105140	Angular_L	0	0	0	0	0	0	0	0	0	0	0	0	0	0	0	0	102	0	0	0	0	0	0	0	0	0	0	0	0	0	0	0	0	0	116	0	0	0	0	0	0	0	1630	0	176	0	0	0	3020	0	14572	0	1464	0	232	0	1862	0	782	0	11458	0	4860	0	0	0	334	0	786	0	0	0	0	0	0	0	0	0	0	0	1578	0	0	0	7992	0	0	0	1606	0	0	0	0	0	0	0	0	0	0	0	0	0	0	0	0	0	0	0	0	0	0	0	0	0	0	0	
96832	Angular_R	0	94	0	0	0	0	0	0	0	0	0	0	0	0	0	0	0	0	0	0	0	0	0	0	0	0	0	0	0	0	0	0	0	0	0	0	0	0	0	0	0	0	0	1548	0	624	0	0	0	3834	0	12010	0	148	0	0	0	1990	0	3520	0	11454	0	3728	0	0	0	2008	0	300	0	0	0	0	0	0	0	0	0	74	0	1808	0	0	0	4816	0	0	0	460	0	0	0	0	0	0	0	0	0	0	0	0	0	0	0	0	0	0	0	0	0	0	0	0	0	0	
328464	Precuneus_L	2232	110	176	0	0	0	1060	0	0	0	0	0	0	0	0	0	346	0	318	162	0	0	0	0	0	0	0	0	462	0	98	0	6344	978	11356	1710	5292	0	3832	0	0	0	19968	2296	19516	9458	6152	272	11448	2256	13238	244	2354	0	2614	0	2804	0	9208	222	852	0	704	0	334	0	0	13070	5670	154	0	0	92	0	0	0	226	0	846	0	396	0	0	0	2424	0	0	0	2174	0	0	0	0	0	0	0	398	0	116	0	0	0	0	0	0	0	0	0	0	0	250	0	0	0	0	0	
390720	Precuneus_R	308	3950	0	282	0	0	0	168	0	0	0	0	0	0	0	0	0	1072	0	808	0	0	0	0	0	0	0	0	0	448	0	0	834	9240	1922	11574	92	3034	0	3178	0	0	932	25212	4346	27112	0	10244	1142	10220	180	7876	74	5666	0	4854	0	12192	120	4244	0	2610	0	5954	0	2008	13070	0	144	4442	0	0	0	0	0	0	210	98	0	426	0	2332	0	0	0	5380	0	0	0	5652	0	0	0	0	0	0	0	580	0	0	0	0	0	0	0	0	0	0	0	0	1130	0	0	0	0	0	
186920	Paracentral_Lobule_L	15758	1940	1666	0	0	0	556	0	0	0	0	0	0	0	0	0	634	0	5586	9968	0	0	0	0	0	0	0	0	246	0	0	0	3758	5166	3528	858	72	154	96	0	0	0	1912	0	2098	0	136	0	1812	0	4282	0	1276	86	766	0	6638	0	452	0	1854	0	2840	0	786	0	5670	144	0	5764	412	0	90	0	444	0	1178	0	218	0	450	0	0	0	2742	0	0	0	1346	78	0	0	0	0	0	0	0	0	0	0	0	0	0	0	0	0	0	0	0	0	0	0	0	0	0	0	
132184	Paracentral_Lobule_R	3924	5382	152	0	0	0	202	0	0	0	0	0	0	0	0	0	0	0	2194	17206	0	0	0	0	0	0	0	0	0	0	256	0	1344	8274	148	2522	0	344	0	0	0	0	154	900	0	454	0	188	186	294	260	666	156	714	100	524	0	6030	0	398	0	768	0	440	0	300	154	4442	5764	0	0	0	0	0	0	0	340	0	0	0	0	90	0	0	86	142	0	0	156	438	0	0	0	0	0	0	0	0	0	0	0	0	0	0	0	0	0	0	0	0	0	0	0	0	0	0	
194944	Caudate_L	4716	0	10090	398	828	0	2896	0	104	0	1718	0	1344	0	186	0	148	0	9768	2046	4330	3866	1418	710	830	170	1100	0	1810	0	9196	1486	0	564	0	0	366	0	0	0	0	0	0	0	0	0	0	0	0	0	0	0	0	0	0	0	1428	0	0	0	0	0	0	0	0	0	0	0	412	0	0	5814	15412	0	5304	1002	7786	226	0	0	0	0	0	0	0	0	0	0	0	0	0	0	0	0	0	0	0	0	0	0	0	0	0	0	0	0	0	0	0	0	0	0	0	0	0	0	
422468	Caudate_R	94	4276	1688	19716	0	4782	168	7740	0	192	808	2284	672	1454	0	536	0	560	2788	19058	2130	6782	1242	10216	340	9952	262	1774	530	6290	9124	34652	170	1020	0	0	0	484	0	192	0	0	0	0	0	0	0	0	0	0	0	0	0	0	0	228	0	1946	0	0	0	1844	0	1862	0	0	0	0	0	0	5814	0	4244	20832	2560	8428	274	11226	0	0	0	0	0	0	0	0	0	0	0	0	0	0	0	0	0	0	0	0	0	0	0	0	0	0	0	0	0	0	0	0	0	0	0	0	0	0	
387984	Putamen_L	7562	0	16704	450	10368	0	2602	0	3016	0	3226	0	1632	0	3750	0	6512	0	14326	1248	3396	3486	3704	1566	964	74	2224	0	20890	0	14772	1920	196	1216	298	0	12808	0	1618	0	442	0	0	0	0	0	238	0	0	0	110	0	0	0	1062	0	8028	0	0	0	164	0	1384	0	0	0	92	0	90	0	15412	4244	0	0	11396	982	4164	208	998	0	1966	0	1860	0	112	0	0	0	212	0	102	0	0	0	0	0	0	0	198	0	0	0	0	0	0	0	0	0	0	0	0	0	0	0	0	0	
316644	Putamen_R	0	3314	332	9494	0	5502	0	2690	0	1520	0	2006	0	700	0	1614	0	5720	500	4460	0	254	652	6524	148	7406	108	1648	0	17336	3094	15398	0	522	0	0	0	13292	0	10154	0	1698	0	0	0	0	0	0	0	0	0	0	0	0	0	9592	0	360	0	0	0	0	0	76	0	0	0	0	0	0	0	20832	0	0	0	5356	0	272	0	138	0	1042	0	764	0	1062	0	138	0	1862	0	0	0	0	0	0	0	532	0	210	0	0	0	0	0	0	0	0	0	0	0	0	0	0	0	0	
91572	Pallidum_L	2392	0	3142	0	0	0	642	0	0	0	356	0	0	0	0	0	2956	0	3340	660	1168	2298	0	0	0	0	0	0	728	0	826	200	0	0	0	0	1348	0	0	0	0	0	0	0	0	0	0	0	0	0	74	0	0	0	0	0	2022	0	0	0	0	0	722	0	0	0	0	0	444	0	5304	2560	11396	0	0	532	1716	194	334	0	432	0	0	0	0	0	0	0	0	0	0	0	0	0	0	0	0	0	0	0	0	0	0	0	0	0	0	0	0	0	0	0	0	0	0	0	
102400	Pallidum_R	0	2104	254	7098	0	0	0	2366	0	0	0	268	0	0	0	0	0	614	676	5960	384	1918	192	386	148	780	0	0	0	348	2952	6128	0	232	0	0	0	618	0	588	0	0	0	0	0	0	0	0	0	0	0	0	0	0	0	496	0	0	0	0	0	0	0	0	0	0	0	0	0	0	1002	8428	982	5356	532	0	0	390	0	0	0	0	0	0	0	0	0	0	0	0	0	0	0	0	0	0	0	0	0	0	0	0	0	0	0	0	0	0	0	0	0	0	0	0	0	0	
152736	Thalamus_L	14666	462	7078	236	120	0	2694	130	0	0	898	0	114	0	0	0	1252	362	4774	550	0	0	168	106	0	0	0	0	978	0	588	0	0	102	320	3322	4384	2630	1996	878	0	0	0	0	0	0	1682	180	0	0	0	0	0	0	1124	832	2580	0	0	0	0	0	0	0	0	0	226	210	1178	340	7786	274	4164	0	1716	0	0	4786	0	0	120	0	126	0	0	0	0	0	0	0	0	0	0	0	0	0	148	0	0	0	0	0	0	0	0	0	0	0	0	0	88	0	0	0	0	0	
144308	Thalamus_R	708	2272	96	14258	0	0	0	5794	0	0	0	76	0	0	0	0	0	2494	386	9478	104	218	0	336	0	0	0	0	0	422	0	286	0	560	0	710	0	3594	0	3712	0	296	0	0	0	0	0	1406	0	0	0	0	0	0	0	2200	0	1458	0	0	0	1356	0	1378	0	0	0	98	0	0	226	11226	208	272	194	390	4786	0	0	330	0	78	0	0	0	0	0	0	0	0	0	0	0	0	0	0	0	748	0	0	0	0	0	0	0	0	0	0	0	0	0	0	0	0	0	0	
113848	Heschl_L	4526	0	226	0	0	0	796	0	0	0	1484	0	0	0	0	0	6222	0	204	0	0	0	0	0	0	0	0	0	9280	0	0	0	0	0	754	0	5588	0	578	0	0	0	1090	0	182	0	764	0	94	0	3166	0	1018	0	2916	0	3732	0	0	0	150	0	466	0	0	0	846	0	218	0	0	0	998	0	334	0	0	0	0	0	5476	0	0	0	1980	0	0	0	3756	0	0	0	0	0	0	0	0	0	80	0	0	0	0	0	0	0	0	0	0	0	0	0	0	0	0	0	
45708	Heschl_R	0	1320	0	1098	0	0	0	1078	0	0	0	84	0	0	0	0	0	5120	0	0	0	0	0	0	0	0	0	0	0	2354	0	0	0	0	0	0	0	520	0	292	0	0	0	0	0	0	0	0	0	188	0	240	0	106	0	356	0	296	0	0	0	108	0	380	0	74	0	426	0	0	0	0	0	138	0	0	0	330	0	0	0	6640	0	136	0	664	0	0	0	906	0	0	0	0	0	0	0	0	0	0	0	0	0	0	0	0	0	0	0	0	0	0	0	0	0	0	
276400	Temporal_Sup_L	3128	0	1182	0	0	0	1606	0	0	0	3492	0	512	0	84	0	11552	0	556	0	0	0	246	150	0	0	0	0	11306	0	318	0	94	146	0	0	6412	0	232	0	248	0	634	0	106	0	274	0	362	0	2632	0	758	0	7480	0	5036	0	0	0	1370	0	10220	0	1578	0	396	0	450	0	0	0	1966	0	432	0	120	0	5476	0	0	0	7238	0	29108	0	0	0	19998	0	336	0	0	0	0	0	264	0	702	0	0	0	0	0	0	0	0	0	0	0	0	0	0	0	0	0	
138380	Temporal_Sup_R	0	1106	0	1028	0	0	0	1016	0	0	0	170	0	0	0	288	0	5556	0	0	0	0	0	0	0	0	0	0	0	7882	0	74	0	166	0	0	0	1258	0	828	0	88	0	264	0	0	0	0	0	196	0	648	0	134	0	2414	0	1124	0	0	0	374	0	6324	0	1808	0	2332	0	90	0	0	0	1042	0	0	0	78	0	6640	0	0	0	4672	0	15528	0	1880	0	4182	0	0	0	0	0	0	0	0	0	0	0	0	0	0	0	0	0	0	0	0	0	0	0	0	0	0	
124528	Temporal_Pole_Sup_L	500	0	1578	0	450	0	842	0	542	0	2612	0	1190	0	1796	0	2906	0	666	0	804	0	386	100	0	0	0	0	8028	0	824	96	0	72	0	0	4470	0	3820	0	2058	0	0	0	0	0	0	0	0	0	0	0	0	0	5100	0	0	0	0	0	0	0	0	0	0	0	0	0	0	0	0	0	1860	0	0	0	126	0	0	0	7238	0	0	0	4714	0	5564	0	3520	0	0	0	0	0	0	0	152	0	250	0	0	0	0	0	0	0	0	0	0	0	0	0	0	0	0	0	
102768	Temporal_Pole_Sup_R	0	0	0	148	0	0	0	84	0	106	0	1330	0	318	0	1016	0	1368	0	110	0	104	0	176	0	0	0	0	0	4320	120	656	0	0	0	0	0	1320	0	4440	0	4796	0	0	0	0	0	0	0	0	0	0	0	0	0	9584	0	0	0	0	0	0	0	0	0	0	0	0	0	0	0	0	0	764	0	0	0	0	0	136	0	4672	0	0	0	3406	0	9202	0	3102	0	0	0	0	0	0	0	106	0	0	0	0	0	0	0	0	0	0	0	0	0	0	0	0	0	0	
346076	Temporal_Mid_L	442	86	0	0	0	0	164	0	0	0	0	0	0	0	0	0	3212	0	0	86	0	0	0	0	0	0	0	0	3126	0	0	0	248	0	334	0	978	0	128	0	0	0	8160	0	2190	0	1726	0	5010	0	23694	0	6642	0	8066	0	3072	0	122	0	5874	0	11778	0	7992	0	2424	0	2742	86	0	0	112	0	0	0	0	0	1980	0	29108	0	4714	0	0	0	3732	0	34932	0	0	0	0	0	0	0	78	0	0	0	0	0	0	0	0	0	0	0	0	0	0	0	0	0	0	0	
210480	Temporal_Mid_R	0	162	0	0	0	0	0	0	0	72	0	0	0	0	0	302	0	298	0	0	0	0	0	0	0	0	0	0	0	2350	0	0	0	178	0	0	0	2484	0	1520	0	140	0	5736	0	470	0	172	0	2166	0	12218	0	3442	0	4654	0	270	0	0	0	778	0	5094	0	4816	0	5380	0	142	0	0	0	1062	0	0	0	0	0	664	0	15528	0	3406	0	0	0	5502	0	26234	0	0	0	0	0	0	0	0	0	0	0	0	0	0	0	0	0	0	0	0	0	0	0	0	0	0	
42436	Temporal_Pole_Mid_L	0	0	0	0	0	0	0	0	0	0	0	0	0	0	0	0	0	0	0	0	0	0	0	0	0	0	0	0	0	0	0	0	0	0	0	0	432	0	1980	0	356	0	0	0	0	0	0	0	0	0	0	0	0	0	4884	0	0	0	0	0	0	0	0	0	0	0	0	0	0	0	0	0	0	0	0	0	0	0	0	0	0	0	5564	0	3732	0	0	0	4270	0	0	0	0	0	0	0	0	0	0	0	0	0	0	0	0	0	0	0	0	0	0	0	0	0	0	0	
71920	Temporal_Pole_Mid_R	0	0	0	0	0	0	0	0	0	0	0	0	0	0	0	0	0	0	0	0	0	0	0	0	0	0	0	0	0	674	0	0	0	0	0	0	0	568	0	2662	0	906	0	0	0	0	0	0	0	0	0	0	0	0	0	7276	0	0	0	0	0	0	0	0	0	0	0	0	0	0	0	0	0	138	0	0	0	0	0	0	0	1880	0	9202	0	5502	0	0	0	7152	0	0	0	0	0	0	0	0	0	0	0	0	0	0	0	0	0	0	0	0	0	0	0	0	0	0	
360848	Temporal_Inf_L	458	156	0	0	0	0	260	0	0	0	0	0	0	0	0	0	404	0	0	158	0	0	0	0	0	0	0	0	6532	0	0	0	986	0	386	0	6524	0	574	0	366	0	7924	0	2048	0	858	0	6180	0	13322	0	13886	0	28978	0	784	0	392	0	948	0	1642	0	1606	0	2174	0	1346	156	0	0	212	0	0	0	0	0	3756	0	19998	0	3520	0	34932	0	4270	0	0	0	7630	0	1158	0	0	0	696	0	4350	0	540	0	314	0	0	0	0	0	0	0	0	0	0	0	0	0	
214656	Temporal_Inf_R	0	274	0	92	0	0	0	0	0	0	0	0	0	0	0	100	0	192	0	338	0	0	0	0	0	0	0	0	0	1760	0	0	0	494	0	612	0	7174	0	4550	0	702	0	3066	0	192	0	152	0	374	0	2204	0	7270	0	21868	0	188	0	0	0	232	0	2604	0	460	0	5652	78	438	0	0	0	1862	0	0	0	0	0	906	0	4182	0	3102	0	26234	0	7152	0	0	0	2248	0	76	0	0	0	76	0	310	0	0	0	114	0	0	0	0	0	0	0	0	0	0	0	0	
580220	Cerebelum_Crus1_L	0	0	0	0	0	0	0	0	0	0	0	0	0	0	0	0	0	0	0	0	0	0	0	0	0	0	0	0	110	0	0	0	0	0	0	0	892	0	204	0	0	0	756	0	0	0	7286	1774	74	0	736	0	1288	0	18880	1206	0	0	0	0	0	0	0	0	0	0	0	0	0	0	0	0	102	0	0	0	0	0	0	0	336	0	0	0	0	0	0	0	7630	0	0	7524	35194	11018	2030	828	17752	3072	55304	7330	16378	1424	22948	8850	1496	3318	120	168	816	1692	6618	15098	18736	6196	4092	834	
441400	Cerebelum_Crus1_R	0	0	0	0	0	0	0	0	0	0	0	0	0	0	0	0	0	0	0	0	0	0	0	0	0	0	0	0	0	0	0	0	0	0	0	0	0	76	0	72	0	0	592	88	0	0	3292	5004	0	0	82	0	334	128	1118	13364	0	0	0	0	0	0	0	0	0	0	0	0	0	0	0	0	0	0	0	0	0	0	0	0	0	0	0	0	0	0	0	0	0	2248	7524	0	3308	31186	358	2270	4526	18656	10066	53742	498	2706	892	17258	712	1250	0	0	248	1052	11054	14118	11526	790	562	0	
300524	Cerebelum_Crus2_L	0	0	0	0	0	0	0	0	0	0	0	0	0	0	0	0	0	0	0	0	0	0	0	0	0	0	0	0	0	0	0	0	0	0	0	0	204	0	0	0	0	0	0	0	0	0	396	246	0	0	0	0	0	0	1680	156	0	0	0	0	0	0	0	0	0	0	0	0	0	0	0	0	0	0	0	0	0	0	0	0	0	0	0	0	0	0	0	0	1158	0	35194	3308	0	8066	448	152	1858	380	9464	1748	33196	2810	26490	3954	300	316	0	0	98	148	188	4632	9946	3492	234	0	
363084	Cerebelum_Crus2_R	0	0	0	0	0	0	0	0	0	0	0	0	0	0	0	0	0	0	0	0	0	0	0	0	0	0	0	0	0	0	0	0	0	0	0	0	0	0	0	0	0	0	110	0	0	0	728	622	0	0	0	0	0	0	176	888	0	0	0	0	0	0	0	0	0	0	0	0	0	0	0	0	0	0	0	0	0	0	0	0	0	0	0	0	0	0	0	0	0	76	11018	31186	8066	0	276	1138	1356	4148	6258	11556	3924	18828	6314	37822	412	2278	0	172	316	700	2354	6442	16936	5294	2040	108	
97368	Cerebelum_3_L	0	0	0	0	0	0	0	0	0	0	0	0	0	0	0	0	0	0	0	0	0	0	0	0	0	0	0	0	0	0	0	0	0	0	0	0	0	0	112	142	0	0	74	0	0	0	984	0	0	0	0	0	0	0	182	0	0	0	0	0	0	0	0	0	0	0	0	0	0	0	0	0	0	0	0	0	0	0	0	0	0	0	0	0	0	0	0	0	0	0	2030	358	448	276	0	198	10992	176	5476	548	184	0	1208	214	3880	1770	0	0	2276	3216	3480	3028	1270	2104	2756	1302	
60476	Cerebelum_3_R	0	0	0	0	0	0	0	0	0	0	0	0	0	0	0	0	0	0	0	0	0	0	0	0	0	0	0	0	0	0	0	0	0	0	0	0	0	0	0	146	0	0	0	0	0	0	188	162	0	0	0	0	0	0	0	286	0	0	0	0	0	0	0	0	0	0	0	0	0	0	0	0	0	0	0	0	0	0	0	0	0	0	0	0	0	0	0	0	0	0	828	2270	152	1138	198	0	516	4978	890	3382	178	0	862	1310	266	2006	0	0	1086	3398	442	984	1244	1508	1686	134	
427052	Cerebelum_4_5_L	0	0	136	0	0	0	0	0	0	0	0	0	0	0	0	0	0	0	136	0	0	0	0	0	0	0	0	0	94	0	0	0	0	0	0	0	1838	0	1322	184	0	0	2010	0	0	0	16340	2802	0	0	292	0	590	0	15232	1098	0	0	0	0	0	0	0	0	0	0	398	0	0	0	0	0	0	0	0	0	148	0	0	0	264	0	152	0	78	0	0	0	696	0	17752	4526	1858	1356	10992	516	0	4566	40716	7300	1324	0	6876	1412	8458	3318	840	0	2746	4096	20672	10214	4952	5314	6340	3572	
276724	Cerebelum_4_5_R	0	0	0	0	0	0	0	0	0	0	0	0	0	0	0	0	0	0	0	0	0	0	0	0	0	0	0	0	0	112	0	0	0	0	0	128	0	1960	0	4836	0	162	750	576	0	154	1882	7232	0	156	0	0	92	78	658	8784	0	0	0	0	0	0	0	0	0	0	0	580	0	0	0	0	0	532	0	0	0	748	0	0	0	0	0	106	0	0	0	0	0	76	3072	18656	380	4148	176	4978	4566	0	3428	29380	524	0	2548	5662	380	2208	0	124	96	1774	14942	2924	3838	2630	2326	0	
652836	Cerebelum_6_L	0	0	0	0	0	0	0	0	0	0	0	0	0	0	0	0	0	0	0	0	0	0	0	0	0	0	0	0	208	0	0	0	0	0	0	0	2222	0	718	0	0	0	1620	0	238	0	18610	4276	226	0	1332	0	3320	0	33246	1900	0	0	0	0	0	0	0	0	0	0	116	0	0	0	0	0	198	0	0	0	0	0	80	0	702	0	250	0	0	0	0	0	4350	0	55304	10066	9464	6258	5476	890	40716	3428	0	12318	5676	188	13644	4888	6450	4638	816	120	1748	2726	13508	24916	16752	4690	5428	2698	
442096	Cerebelum_6_R	0	0	0	0	0	0	0	0	0	0	0	0	0	0	0	0	0	0	0	0	0	0	0	0	0	0	0	0	0	78	0	0	0	0	0	0	74	638	0	778	0	0	830	184	0	0	4424	8304	0	0	86	0	344	158	1468	16980	0	0	0	0	0	0	0	0	0	0	0	0	0	0	0	0	0	210	0	0	0	0	0	0	0	0	0	0	0	0	0	0	0	310	7330	53742	1748	11556	548	3382	7300	29380	12318	0	484	534	1662	8770	1026	1228	0	264	290	1198	15158	17236	8762	1170	1014	82	
237160	Cerebelum_7b_L	0	0	0	0	0	0	0	0	0	0	0	0	0	0	0	0	0	0	0	0	0	0	0	0	0	0	0	0	0	0	0	0	0	0	0	0	0	0	0	0	0	0	0	0	0	0	250	0	0	0	0	0	0	0	650	156	0	0	0	0	0	0	0	0	0	0	0	0	0	0	0	0	0	0	0	0	0	0	0	0	0	0	0	0	0	0	0	0	540	0	16378	498	33196	3924	184	178	1324	524	5676	484	0	1408	33950	3442	1664	744	590	0	134	234	344	1436	5464	4474	520	214	
101892	Cerebelum_7b_R	0	0	0	0	0	0	0	0	0	0	0	0	0	0	0	0	0	0	0	0	0	0	0	0	0	0	0	0	0	0	0	0	0	0	0	0	0	0	0	0	0	0	0	0	0	0	0	0	0	0	0	0	0	0	0	0	0	0	0	0	0	0	0	0	0	0	0	0	0	0	0	0	0	0	0	0	0	0	0	0	0	0	0	0	0	0	0	0	0	0	1424	2706	2810	18828	0	0	0	0	188	534	1408	0	1150	17356	0	634	0	0	0	0	0	184	2240	1484	0	0	
410108	Cerebelum_8_L	0	0	0	0	0	0	0	0	0	0	0	0	0	0	0	0	0	0	0	0	0	0	0	0	0	0	0	0	0	0	0	0	0	0	0	0	356	0	84	0	0	0	202	0	0	0	1000	138	0	0	0	0	0	0	1784	524	0	0	0	0	0	0	0	0	0	0	0	0	0	0	0	0	0	0	0	0	0	0	0	0	0	0	0	0	0	0	0	0	314	0	22948	892	26490	6314	1208	862	6876	2548	13644	1662	33950	1150	0	9988	16146	5220	3484	236	916	1740	3612	5064	14894	12774	6634	1400	
348580	Cerebelum_8_R	0	0	0	0	0	0	0	0	0	0	0	0	0	0	0	0	0	0	0	0	0	0	0	0	0	0	0	0	0	0	0	0	0	0	0	0	0	0	0	84	0	0	92	0	0	0	234	150	0	0	0	0	0	0	76	1414	0	0	0	0	0	0	0	0	0	0	0	0	0	0	0	0	0	0	0	0	0	0	0	0	0	0	0	0	0	0	0	0	0	114	8850	17258	3954	37822	214	1310	1412	5662	4888	8770	3442	17356	9988	0	1360	14746	334	700	390	938	2856	3770	12720	9138	4072	176	
157400	Cerebelum_9_L	0	0	0	0	0	0	0	0	0	0	0	0	0	0	0	0	0	0	0	0	0	0	0	0	0	0	0	0	0	0	0	0	0	0	0	0	162	0	92	0	0	0	104	0	0	0	404	0	0	0	0	0	0	0	740	0	0	0	0	0	0	0	0	0	0	0	0	0	0	0	0	0	0	0	0	0	0	0	0	0	0	0	0	0	0	0	0	0	0	0	1496	712	300	412	3880	266	8458	380	6450	1026	1664	0	16146	1360	0	3830	4064	0	748	850	1576	3408	3982	6720	6352	3118	
182944	Cerebelum_9_R	0	0	0	0	0	0	0	0	0	0	0	0	0	0	0	0	0	0	0	0	0	0	0	0	0	0	0	0	0	0	0	0	0	0	0	0	0	0	0	0	0	0	0	0	0	0	308	0	0	0	0	0	0	0	136	304	0	0	0	0	0	0	0	0	0	0	0	0	0	0	0	0	0	0	0	0	0	0	0	0	0	0	0	0	0	0	0	0	0	0	3318	1250	316	2278	1770	2006	3318	2208	4638	1228	744	634	5220	14746	3830	0	350	900	3220	4232	3476	5304	5046	7580	10180	2932	
26796	Cerebelum_10_L	0	0	0	0	0	0	0	0	0	0	0	0	0	0	0	0	0	0	0	0	0	0	0	0	0	0	0	0	0	0	0	0	0	0	0	0	168	0	86	0	0	0	0	0	0	0	0	0	0	0	0	0	0	0	442	0	0	0	0	0	0	0	0	0	0	0	0	0	0	0	0	0	0	0	0	0	0	0	0	0	0	0	0	0	0	0	0	0	0	0	120	0	0	0	0	0	840	0	816	0	590	0	3484	334	4064	350	0	0	0	0	0	124	392	894	504	190	
6156	Cerebelum_10_R	0	0	0	0	0	0	0	0	0	0	0	0	0	0	0	0	0	0	0	0	0	0	0	0	0	0	0	0	0	0	0	0	0	0	0	0	0	0	0	0	0	0	0	0	0	0	0	0	0	0	0	0	0	0	0	0	0	0	0	0	0	0	0	0	0	0	0	0	0	0	0	0	0	0	0	0	0	0	0	0	0	0	0	0	0	0	0	0	0	0	168	0	0	172	0	0	0	124	120	264	0	0	236	700	0	900	0	0	0	0	0	0	288	106	0	0	
69744	Vermis_1_2	0	0	0	0	0	0	0	0	0	0	0	0	0	0	0	0	0	0	0	0	0	0	0	0	0	0	0	0	0	0	0	0	0	0	0	0	0	0	0	0	0	0	0	0	0	0	254	0	0	0	0	0	0	0	0	0	0	0	0	0	0	0	0	0	0	0	0	0	0	0	0	0	0	0	0	0	0	0	0	0	0	0	0	0	0	0	0	0	0	0	816	248	98	316	2276	1086	2746	96	1748	290	134	0	916	390	748	3220	0	0	0	6044	3952	2418	1124	1980	3192	780	
113012	Vermis_3	0	0	0	0	0	0	0	0	0	0	0	0	0	0	0	0	0	0	0	0	0	0	0	0	0	0	0	0	0	0	0	0	0	0	0	0	0	0	126	468	0	0	74	0	0	0	510	280	0	0	0	0	0	0	112	76	0	0	0	0	0	0	0	0	0	0	0	0	0	0	0	0	0	0	0	0	0	0	0	0	0	0	0	0	0	0	0	0	0	0	1692	1052	148	700	3216	3398	4096	1774	2726	1198	234	0	1740	938	850	4232	0	0	6044	0	5848	3716	2150	3216	4792	1100	
