data	data	455660	409080	826976	686448	165136	64944	321488	340176	77904	19704	146316	317424	180512	183712	150940	81176	272200	230976	606700	653892	72548	74376	242468	251056	27424	47512	54012	46636	648644	533316	325068	405620	185004	444444	138648	168768	334668	330324	98976	178884	45356	82228	376196	366864	297892	336472	303724	337296	298700	302944	647640	266316	249664	99388	521732	477088	325324	350468	213092	111716	280920	108220	121084	102540	178248	176092	405652	468276	165304	261900	230344	410364	262232	354176	32480	17180	162688	161360	97264	32220	223744	170824	73088	95156	471212	281244	25720	19168	380624	247760	473276	426208	382412	297760	62312	73468	305888	239788	480336	425744	292344	185792	341444	256628	106768	92076	13612	6864	26508	63236	337824	234940	176288	187816	63112	25004	
data	data	Precentral_L	Precentral_R	Frontal_Sup_L	Frontal_Sup_R	Frontal_Sup_Orb_L	Frontal_Sup_Orb_R	Frontal_Mid_L	Frontal_Mid_R	Frontal_Mid_Orb_L	Frontal_Mid_Orb_R	Frontal_Inf_Oper_L	Frontal_Inf_Oper_R	Frontal_Inf_Tri_L	Frontal_Inf_Tri_R	Frontal_Inf_Orb_L	Frontal_Inf_Orb_R	Rolandic_Oper_L	Rolandic_Oper_R	Supp_Motor_Area_L	Supp_Motor_Area_R	Olfactory_L	Olfactory_R	Frontal_Sup_Medial_L	Frontal_Sup_Medial_R	Frontal_Med_Orb_L	Frontal_Med_Orb_R	Rectus_L	Rectus_R	Insula_L	Insula_R	Cingulum_Ant_L	Cingulum_Ant_R	Cingulum_Mid_L	Cingulum_Mid_R	Cingulum_Post_L	Cingulum_Post_R	Hippocampus_L	Hippocampus_R	ParaHippocampal_L	ParaHippocampal_R	Amygdala_L	Amygdala_R	Calcarine_L	Calcarine_R	Cuneus_L	Cuneus_R	Lingual_L	Lingual_R	Occipital_Sup_L	Occipital_Sup_R	Occipital_Mid_L	Occipital_Mid_R	Occipital_Inf_L	Occipital_Inf_R	Fusiform_L	Fusiform_R	Postcentral_L	Postcentral_R	Parietal_Sup_L	Parietal_Sup_R	Parietal_Inf_L	Parietal_Inf_R	SupraMarginal_L	SupraMarginal_R	Angular_L	Angular_R	Precuneus_L	Precuneus_R	Paracentral_Lobule_L	Paracentral_Lobule_R	Caudate_L	Caudate_R	Putamen_L	Putamen_R	Pallidum_L	Pallidum_R	Thalamus_L	Thalamus_R	Heschl_L	Heschl_R	Temporal_Sup_L	Temporal_Sup_R	Temporal_Pole_Sup_L	Temporal_Pole_Sup_R	Temporal_Mid_L	Temporal_Mid_R	Temporal_Pole_Mid_L	Temporal_Pole_Mid_R	Temporal_Inf_L	Temporal_Inf_R	Cerebelum_Crus1_L	Cerebelum_Crus1_R	Cerebelum_Crus2_L	Cerebelum_Crus2_R	Cerebelum_3_L	Cerebelum_3_R	Cerebelum_4_5_L	Cerebelum_4_5_R	Cerebelum_6_L	Cerebelum_6_R	Cerebelum_7b_L	Cerebelum_7b_R	Cerebelum_8_L	Cerebelum_8_R	Cerebelum_9_L	Cerebelum_9_R	Cerebelum_10_L	Cerebelum_10_R	Vermis_1_2	Vermis_3	Vermis_4_5	Vermis_6	Vermis_7	Vermis_8	Vermis_9	Vermis_10	
455660	Precentral_L	0	4842	23446	5760	0	0	9728	3084	0	0	4630	316	222	0	0	0	13012	1272	5932	7548	0	0	0	0	0	0	0	0	15530	1422	158	148	678	1452	2678	1528	12860	2160	1192	306	0	0	488	804	222	440	224	300	0	0	4330	0	1602	100	1532	506	36286	232	798	0	4630	0	1594	0	466	0	1042	932	7752	0	5628	1346	4228	784	1124	0	15388	744	3980	0	4084	0	0	88	4428	88	0	0	1640	0	0	0	0	0	0	0	0	0	0	0	0	0	0	0	0	0	0	0	0	0	96	0	0	0	0	0	
409080	Precentral_R	4842	0	1420	16810	0	0	0	15606	0	0	0	9738	0	242	0	0	1192	3916	1590	12726	0	0	0	0	0	0	0	0	2634	6114	84	0	144	6888	1710	8264	352	6452	0	1718	0	0	0	6136	0	912	0	1162	0	0	222	592	0	2142	0	3752	4976	23922	0	162	702	1984	130	4092	190	116	0	9278	2492	11386	3038	2718	1726	8630	236	1354	1448	5134	230	424	170	706	0	0	294	494	0	0	158	990	0	0	0	0	0	0	0	0	0	0	0	0	0	0	0	0	0	0	0	0	0	0	0	0	0	0	
826976	Frontal_Sup_L	23446	1420	0	9648	11580	0	44124	6030	2336	0	12346	2016	9942	796	5684	0	14084	2204	76116	17010	0	0	32152	2390	940	0	118	0	35098	4028	15394	7112	2928	5944	112	0	4024	196	146	0	356	0	0	0	0	0	0	0	0	0	196	0	82	0	1328	0	7974	0	122	0	288	0	0	0	0	0	0	0	2070	0	5962	6194	19210	2296	2166	0	7152	0	1396	0	4320	118	402	356	324	0	0	0	1446	0	118	0	0	0	0	0	0	0	248	0	0	0	0	0	0	0	0	0	0	0	0	0	0	0	0	0	
686448	Frontal_Sup_R	5760	16810	9648	0	0	1374	272	39736	0	0	312	14612	276	9620	0	1500	1124	11798	11916	46338	0	0	7622	31992	0	464	0	0	2704	18642	4220	23000	826	17856	208	816	284	3728	0	1144	0	0	0	0	0	0	0	106	0	0	628	0	474	0	414	1262	5812	508	166	0	934	0	294	0	362	0	0	0	138	118	2406	17898	1470	7628	710	1336	1226	11120	580	0	286	194	0	846	724	192	0	0	554	236	0	0	0	0	0	0	0	0	0	0	0	0	0	0	0	0	0	0	0	0	0	0	0	0	0	0	
165136	Frontal_Sup_Orb_L	0	0	11580	0	0	0	3672	0	10152	0	1270	0	1034	0	12858	0	248	0	1750	0	3684	0	2764	88	3814	0	8110	0	11738	0	1496	396	0	0	0	0	124	0	0	0	0	0	0	0	0	0	0	0	0	0	0	0	0	0	0	0	0	0	0	0	0	0	0	0	0	0	0	0	0	0	948	0	5686	0	0	0	0	0	0	0	152	0	762	0	84	0	0	0	158	0	0	0	0	0	0	0	0	0	0	0	0	0	0	0	0	0	0	0	0	0	0	0	0	0	0	0	
64944	Frontal_Sup_Orb_R	0	0	0	1374	0	0	0	482	0	1918	0	0	0	488	0	3688	0	0	0	0	0	2052	310	1412	0	4518	0	5246	0	446	104	724	0	0	0	0	0	0	0	96	0	0	0	0	0	0	0	0	0	0	0	0	0	0	0	0	0	0	0	0	0	0	0	0	0	0	0	0	0	0	0	3510	0	6104	0	0	0	0	0	0	0	0	0	0	0	0	0	0	0	0	0	0	0	0	0	0	0	0	0	0	0	0	0	0	0	0	0	0	0	0	0	0	0	0	0	0	
321488	Frontal_Mid_L	9728	0	44124	272	3672	0	0	0	1846	0	4262	264	20296	0	7378	0	3042	426	8506	182	0	0	13794	654	232	0	0	0	19176	678	8304	2274	1028	378	0	0	1868	0	0	0	0	0	0	0	0	0	0	0	0	0	0	0	0	0	100	0	858	0	0	0	0	0	0	0	0	0	0	0	0	0	1054	1004	2658	126	142	0	914	0	294	0	1100	0	0	0	0	0	0	0	110	0	0	0	0	0	0	0	0	0	0	0	0	0	0	0	0	0	0	0	0	0	0	0	0	0	0	0	
340176	Frontal_Mid_R	3084	15606	6030	39736	0	482	0	0	0	586	0	7402	0	16690	0	1144	688	2556	6676	5624	0	0	920	5188	0	0	0	0	1926	8900	2582	6984	126	3972	0	0	232	2348	0	1122	0	0	0	0	0	0	0	110	0	0	0	0	0	0	0	980	3216	960	0	0	160	0	0	0	0	0	0	0	0	0	2524	7620	1742	8172	620	1646	156	802	106	0	0	210	0	134	0	164	0	0	0	162	0	0	0	0	0	0	0	0	0	0	0	0	0	0	0	0	0	0	0	0	0	0	0	0	0	0	
77904	Frontal_Mid_Orb_L	0	0	2336	0	10152	0	1846	0	0	0	0	0	1736	0	12824	0	0	0	172	0	842	0	634	0	958	0	3202	0	2980	0	132	0	0	0	0	0	0	0	0	0	0	0	0	0	0	0	0	0	0	0	0	0	0	0	0	0	0	0	0	0	0	0	0	0	0	0	0	0	0	0	90	0	908	0	0	0	0	0	0	0	0	0	140	0	0	0	0	0	0	0	0	0	0	0	0	0	0	0	0	0	0	0	0	0	0	0	0	0	0	0	0	0	0	0	0	0	
19704	Frontal_Mid_Orb_R	0	0	0	0	0	1918	0	586	0	0	0	0	0	448	0	4398	0	0	0	0	0	80	0	0	0	0	0	214	0	94	0	0	0	0	0	0	0	0	0	0	0	0	0	0	0	0	0	0	0	0	0	0	0	0	0	0	0	0	0	0	0	0	0	0	0	0	0	0	0	0	0	850	0	1264	0	0	0	0	0	0	0	0	0	0	0	0	0	0	0	0	0	0	0	0	0	0	0	0	0	0	0	0	0	0	0	0	0	0	0	0	0	0	0	0	0	0	
146316	Frontal_Inf_Oper_L	4630	0	12346	312	1270	0	4262	0	0	0	0	0	9310	0	100	0	5158	0	8718	0	0	0	634	670	0	0	0	0	12714	0	2834	1146	122	190	0	0	982	0	0	0	0	0	0	0	0	0	0	0	0	0	0	0	0	0	678	0	1738	0	0	0	0	0	0	0	0	0	0	0	0	0	0	1006	992	0	0	0	110	0	172	0	1470	0	382	0	284	0	0	0	700	0	108	0	0	0	0	0	0	0	120	0	0	0	0	0	0	0	0	0	0	0	0	0	0	0	0	0	
317424	Frontal_Inf_Oper_R	316	9738	2016	14612	0	0	264	7402	0	0	0	0	0	11812	0	162	286	16372	2344	12006	0	0	118	1126	0	0	0	0	514	35394	1952	5238	0	1344	0	0	0	1776	0	678	0	144	0	0	0	0	0	0	0	0	0	0	0	0	0	636	484	6332	0	0	0	0	0	0	0	0	0	0	0	0	1368	8756	90	10360	0	194	0	106	0	272	0	1018	0	3226	0	92	0	0	0	164	0	0	0	0	0	0	0	0	0	0	0	0	0	0	0	0	0	0	0	0	0	0	0	0	0	0	
180512	Frontal_Inf_Tri_L	222	0	9942	276	1034	0	20296	0	1736	0	9310	0	0	0	8928	0	332	0	5824	188	0	0	1912	388	0	0	0	0	13554	0	8256	1604	1038	504	0	0	732	0	0	0	0	0	0	0	0	0	0	0	0	0	0	0	0	0	568	0	0	0	0	0	0	0	0	0	0	0	0	0	0	0	134	664	1418	0	0	0	0	0	0	0	82	0	336	0	210	0	0	0	590	0	82	0	0	0	0	0	0	0	96	0	0	0	0	0	0	0	0	0	0	0	0	0	0	0	0	0	
183712	Frontal_Inf_Tri_R	0	242	796	9620	0	488	0	16690	0	448	0	11812	0	0	0	2780	0	790	2022	4504	0	0	746	5928	0	0	0	0	0	16196	1474	7176	0	4864	0	0	0	190	0	92	0	0	0	0	0	0	0	0	0	0	0	0	0	0	0	86	0	182	0	0	0	0	0	0	0	0	0	0	0	0	162	3162	128	1162	0	0	0	0	0	0	0	0	0	116	0	0	0	0	0	0	0	0	0	0	0	0	0	0	0	0	0	0	0	0	0	0	0	0	0	0	0	0	0	0	0	0	
150940	Frontal_Inf_Orb_L	0	0	5684	0	12858	0	7378	0	12824	0	100	0	8928	0	0	0	0	0	1092	0	3568	0	1234	0	394	0	3252	0	10306	0	1654	0	1006	0	0	0	124	0	156	0	152	0	0	0	0	0	0	0	0	0	0	0	0	0	0	0	0	0	0	0	0	0	0	0	0	0	0	0	0	0	804	0	2256	0	0	0	0	0	0	0	0	0	1700	0	0	0	0	0	0	0	0	0	0	0	0	0	0	0	0	0	0	0	0	0	0	0	0	0	0	0	0	0	0	0	0	0	
81176	Frontal_Inf_Orb_R	0	0	0	1500	0	3688	0	1144	0	4398	0	162	0	2780	0	0	0	126	0	92	0	2078	86	980	0	0	0	2608	0	6020	0	746	0	208	0	0	0	0	0	216	0	78	0	0	0	0	0	0	0	0	0	0	0	0	0	0	0	0	0	0	0	0	0	0	0	0	0	0	0	0	0	4174	0	7012	0	0	0	0	0	0	0	0	0	2204	0	0	0	288	0	0	0	0	0	0	0	0	0	0	0	0	0	0	0	0	0	0	0	0	0	0	0	0	0	0	0	0	
272200	Rolandic_Oper_L	13012	1192	14084	1124	248	0	3042	688	0	0	5158	286	332	0	0	0	0	0	6664	1536	0	0	0	0	0	0	0	0	26366	82	430	146	0	136	0	0	2664	0	0	0	0	0	316	0	222	0	136	0	0	0	2928	0	994	0	2286	0	10198	0	716	0	1658	0	1780	0	548	0	754	0	134	0	1636	260	2258	300	736	0	634	0	6988	0	11312	0	238	0	6084	0	0	0	5408	0	196	0	0	0	0	0	0	0	190	0	0	0	0	0	0	0	0	0	0	0	0	0	0	0	0	0	
230976	Rolandic_Oper_R	1272	3916	2204	11798	0	0	426	2556	0	0	0	16372	0	790	0	126	0	0	2316	9748	0	0	0	358	0	0	0	0	90	28054	580	2014	0	748	216	216	216	792	0	92	0	0	0	0	0	0	0	0	0	0	0	0	0	0	0	0	960	5664	0	160	0	426	0	2422	0	0	0	0	0	82	1142	4588	0	4544	0	0	202	156	0	2292	0	3832	0	3982	0	136	0	0	0	0	0	0	0	0	0	0	0	0	0	0	0	0	0	0	0	0	0	0	0	0	0	0	0	0	0	0	
606700	Supp_Motor_Area_L	5932	1590	76116	11916	1750	0	8506	6676	172	0	8718	2344	5824	2022	1092	0	6664	2316	0	34434	0	0	2818	1840	0	0	0	0	19960	4372	8962	7886	8926	20154	3084	490	2996	134	0	0	370	0	0	0	0	0	0	0	0	0	0	0	0	0	904	0	1482	0	0	0	0	0	0	0	0	0	0	0	9244	536	3888	6328	10080	2290	636	0	5324	0	180	0	2104	108	162	328	272	0	0	0	1096	0	112	0	0	0	0	0	0	0	212	0	0	0	0	0	0	0	0	0	0	0	0	0	0	0	0	0	
653892	Supp_Motor_Area_R	7548	12726	17010	46338	0	0	182	5624	0	0	0	12006	188	4504	0	92	1536	9748	34434	0	0	0	750	6436	0	0	0	0	1300	14228	4468	14812	4602	48366	1162	8244	290	1198	0	304	0	0	0	2924	0	594	0	320	0	0	92	122	0	624	82	1004	4168	920	0	0	302	0	90	0	0	0	0	5704	12254	11002	1784	12786	1202	2766	324	0	2020	5590	300	0	356	174	0	894	140	124	0	0	90	98	0	0	0	0	0	0	0	0	0	0	0	0	0	0	0	0	0	0	0	0	0	0	0	0	0	0	
72548	Olfactory_L	0	0	0	0	3684	0	0	0	842	0	0	0	0	0	3568	0	0	0	0	0	0	4586	0	0	146	0	4126	138	2584	0	2072	1084	0	0	0	0	406	0	700	0	672	0	0	0	0	0	0	0	0	0	0	0	0	0	288	0	0	0	0	0	0	0	0	0	0	0	0	0	0	0	5874	3318	1178	704	0	0	0	0	0	0	0	0	304	0	0	0	0	0	0	0	0	0	0	0	0	0	0	0	0	0	0	0	0	0	0	0	0	0	0	0	0	0	0	0	0	0	
74376	Olfactory_R	0	0	0	0	0	2052	0	0	0	80	0	0	0	0	0	2078	0	0	0	0	4586	0	0	0	0	1350	304	4058	0	2112	1722	2308	0	0	0	0	0	106	0	446	0	510	0	0	0	0	0	0	0	0	0	0	0	0	0	0	0	0	0	0	0	0	0	0	0	0	0	0	0	0	5364	5970	948	2988	0	114	0	0	0	0	0	0	0	92	0	0	0	0	0	0	0	0	0	0	0	0	0	0	0	0	0	0	0	0	0	0	0	0	0	0	0	0	0	0	0	0	
242468	Frontal_Sup_Medial_L	0	0	32152	7622	2764	310	13794	920	634	0	634	118	1912	746	1234	86	0	0	2818	750	0	0	0	15518	2626	330	90	0	750	298	14134	9964	2892	7062	0	0	0	0	0	0	0	0	0	0	0	0	0	0	0	0	0	0	0	0	0	0	0	0	0	0	0	0	0	0	0	0	0	0	0	0	124	328	624	0	0	0	0	0	0	0	0	0	0	0	0	0	0	0	0	0	0	0	0	0	0	0	0	0	0	0	0	0	0	0	0	0	0	0	0	0	0	0	0	0	0	0	
251056	Frontal_Sup_Medial_R	0	0	2390	31992	88	1412	654	5188	0	0	670	1126	388	5928	0	980	0	358	1840	6436	0	0	15518	0	210	1442	0	0	1220	2542	2776	19694	0	15024	0	0	0	0	0	0	0	0	0	0	0	0	0	0	0	0	0	0	0	0	0	0	0	0	0	0	0	0	0	0	0	0	0	0	0	0	870	4762	0	1822	0	0	0	0	0	0	0	0	0	198	0	0	0	0	0	0	0	0	0	0	0	0	0	0	0	0	0	0	0	0	0	0	0	0	0	0	0	0	0	0	0	0	
27424	Frontal_Med_Orb_L	0	0	940	0	3814	0	232	0	958	0	0	0	0	0	394	0	0	0	0	0	146	0	2626	210	0	110	1460	0	176	0	1376	412	0	0	0	0	0	0	0	0	0	0	0	0	0	0	0	0	0	0	0	0	0	0	0	0	0	0	0	0	0	0	0	0	0	0	0	0	0	0	266	0	592	0	0	0	0	0	0	0	0	0	0	0	0	0	0	0	0	0	0	0	0	0	0	0	0	0	0	0	0	0	0	0	0	0	0	0	0	0	0	0	0	0	0	0	
47512	Frontal_Med_Orb_R	0	0	0	464	0	4518	0	0	0	0	0	0	0	0	0	0	0	0	0	0	0	1350	330	1442	110	0	0	2902	0	0	978	3534	0	0	0	0	0	0	0	0	0	0	0	0	0	0	0	0	0	0	0	0	0	0	0	0	0	0	0	0	0	0	0	0	0	0	0	0	0	0	82	4196	0	3850	0	0	0	0	0	0	0	0	0	0	0	0	0	0	0	0	0	0	0	0	0	0	0	0	0	0	0	0	0	0	0	0	0	0	0	0	0	0	0	0	0	0	
54012	Rectus_L	0	0	118	0	8110	0	0	0	3202	0	0	0	0	0	3252	0	0	0	0	0	4126	304	90	0	1460	0	0	0	1140	0	1658	214	0	0	0	0	0	0	0	0	0	0	0	0	0	0	0	0	0	0	0	0	0	0	0	0	0	0	0	0	0	0	0	0	0	0	0	0	0	0	1832	194	1154	0	0	0	0	0	0	0	0	0	152	0	0	0	0	0	0	0	0	0	0	0	0	0	0	0	0	0	0	0	0	0	0	0	0	0	0	0	0	0	0	0	0	0	
46636	Rectus_R	0	0	0	0	0	5246	0	0	0	214	0	0	0	0	0	2608	0	0	0	0	138	4058	0	0	0	2902	0	0	0	760	0	754	0	0	0	0	0	0	0	124	0	0	0	0	0	0	0	0	0	0	0	0	0	0	0	0	0	0	0	0	0	0	0	0	0	0	0	0	0	0	0	2866	0	3648	0	0	0	0	0	0	0	0	0	0	0	0	0	0	0	0	0	0	0	0	0	0	0	0	0	0	0	0	0	0	0	0	0	0	0	0	0	0	0	0	0	0	
648644	Insula_L	15530	2634	35098	2704	11738	0	19176	1926	2980	0	12714	514	13554	0	10306	0	26366	90	19960	1300	2584	0	750	1220	176	0	1140	0	0	424	10530	2946	304	1128	126	0	19804	176	1510	0	2426	0	290	370	180	106	124	0	0	0	2994	0	2396	0	11522	0	3330	78	544	0	1108	0	508	0	518	0	498	372	78	0	5578	2506	16970	722	558	0	3204	0	8286	0	9870	0	3114	0	9602	0	360	0	14178	0	1062	0	0	0	0	0	0	0	1462	0	0	0	0	0	0	0	0	0	0	0	0	0	0	0	0	0	
533316	Insula_R	1422	6114	4028	18642	0	446	678	8900	0	94	0	35394	0	16196	0	6020	82	28054	4372	14228	0	2112	298	2542	0	0	0	760	424	0	2016	6748	0	1962	364	378	364	6256	0	2394	0	3066	0	0	0	0	0	206	0	0	0	0	0	220	0	5684	1100	5596	0	0	0	80	0	694	0	0	0	0	0	0	2234	12952	276	22514	0	0	356	1138	0	3326	0	14124	0	7144	0	9038	0	192	0	5430	0	0	0	0	0	0	0	0	0	0	0	0	0	0	0	0	0	0	0	0	0	0	0	0	0	0	
325068	Cingulum_Ant_L	158	84	15394	4220	1496	104	8304	2582	132	0	2834	1952	8256	1474	1654	0	430	580	8962	4468	2072	1722	14134	2776	1376	978	1658	0	10530	2016	0	25084	6440	5652	536	0	0	0	0	0	0	0	0	0	0	0	0	0	0	0	0	0	0	0	0	0	0	0	0	0	0	0	0	0	0	0	0	0	0	0	9366	6590	5996	2364	0	0	0	0	0	0	160	0	0	0	0	0	0	0	0	0	0	0	0	0	0	0	0	0	0	0	0	0	0	0	0	0	0	0	0	0	0	0	0	0	0	0	
405620	Cingulum_Ant_R	148	0	7112	23000	396	724	2274	6984	0	0	1146	5238	1604	7176	0	746	146	2014	7886	14812	1084	2308	9964	19694	412	3534	214	754	2946	6748	25084	0	1956	19802	0	0	0	0	0	0	0	0	0	0	0	0	0	0	0	0	0	0	0	0	0	0	156	0	0	0	0	0	0	0	0	0	0	0	0	0	4394	14838	1178	6068	0	0	0	0	0	0	0	0	0	270	0	0	0	0	0	0	0	0	0	0	0	0	0	0	0	0	0	0	0	0	0	0	0	0	0	0	0	0	0	0	0	0	
185004	Cingulum_Mid_L	678	144	2928	826	0	0	1028	126	0	0	122	0	1038	0	1006	0	0	0	8926	4602	0	0	2892	0	0	0	0	0	304	0	6440	1956	0	10112	8430	808	124	0	0	0	0	0	3634	78	2754	302	888	0	3520	0	6814	0	1752	0	522	0	148	0	516	0	368	0	0	0	332	0	10466	1922	2992	1440	116	0	88	0	0	0	0	0	78	0	0	0	0	0	1032	0	0	0	250	0	0	0	0	0	0	0	0	0	0	0	0	0	0	0	0	0	0	0	0	0	0	0	0	0	0	0	
444444	Cingulum_Mid_R	1452	6888	5944	17856	0	0	378	3972	0	0	190	1344	504	4864	0	208	136	748	20154	48366	0	0	7062	15024	0	0	0	0	1128	1962	5652	19802	10112	0	2452	9178	0	0	0	0	0	0	0	2532	0	1752	0	0	0	0	0	0	0	0	0	0	0	308	0	0	0	0	0	0	0	0	1126	10212	9190	9982	628	848	268	0	0	0	0	0	0	0	0	0	0	0	0	0	0	0	0	0	0	0	0	0	0	0	0	0	0	0	0	0	0	0	0	0	0	0	0	0	0	0	0	0	0	0	
138648	Cingulum_Post_L	2678	1710	112	208	0	0	0	0	0	0	0	0	0	0	0	0	0	216	3084	1162	0	0	0	0	0	0	0	0	126	364	536	0	8430	2452	0	6426	5410	2538	1858	322	0	0	3570	134	1396	516	1460	116	994	0	1272	0	454	0	728	236	238	0	0	0	0	0	0	0	0	0	7106	1680	5708	1290	0	0	0	0	0	0	2506	1342	0	0	0	0	0	0	592	104	0	0	164	86	0	0	0	0	0	0	0	0	0	0	0	0	0	0	0	0	0	0	0	0	0	0	0	0	0	0	
168768	Cingulum_Post_R	1528	8264	0	816	0	0	0	0	0	0	0	0	0	0	0	0	0	216	490	8244	0	0	0	0	0	0	0	0	0	378	0	0	808	9178	6426	0	2356	5804	0	1198	0	0	92	4764	270	1264	0	1720	276	0	84	0	0	414	0	1290	0	338	0	0	0	0	0	0	0	0	944	12210	1400	6352	202	0	0	0	0	0	3440	2556	0	0	0	0	0	0	0	112	0	0	0	92	0	0	0	0	0	0	0	0	0	0	0	0	0	0	0	0	0	0	0	0	858	0	0	0	0	0	
334668	Hippocampus_L	12860	352	4024	284	124	0	1868	232	0	0	982	0	732	0	124	0	2664	216	2996	290	406	0	0	0	0	0	0	0	19804	364	0	0	124	0	5410	2356	0	2034	11426	306	8410	0	1930	0	128	0	2754	154	0	0	1630	0	2464	0	23162	238	794	0	182	0	0	0	0	0	0	0	3392	0	354	0	338	358	10524	352	542	0	7188	948	2300	0	2612	0	502	0	4412	92	272	0	17232	82	1272	0	0	0	0	84	260	0	2134	0	0	0	0	0	0	0	0	0	0	172	88	0	0	0	0	0	
330324	Hippocampus_R	2160	6452	196	3728	0	0	0	2348	0	0	0	1776	0	190	0	0	0	792	134	1198	0	106	0	0	0	0	0	0	176	6256	0	0	0	0	2538	5804	2034	0	0	24474	0	13280	0	692	0	0	0	6078	0	0	0	0	0	594	0	30724	834	1008	0	0	0	0	0	124	0	0	0	3558	328	598	652	3184	136	12326	0	260	3992	14610	0	588	0	1232	0	328	0	3360	0	0	0	3686	0	182	0	0	0	0	0	870	0	654	0	0	0	0	0	0	0	0	0	84	838	0	0	0	0	0	
98976	ParaHippocampal_L	1192	0	146	0	0	0	0	0	0	0	0	0	0	0	156	0	0	0	0	0	700	0	0	0	0	0	0	0	1510	0	0	0	0	0	1858	0	11426	0	0	0	2858	0	1400	0	0	0	3994	0	0	0	590	0	768	0	9238	0	0	0	0	0	0	0	0	0	0	0	2726	0	0	0	0	0	888	0	0	0	400	0	0	0	0	0	1170	0	246	0	524	0	1340	0	946	0	290	0	452	292	1336	0	1808	0	88	0	276	0	0	0	0	0	236	634	0	0	0	0	0	0	
178884	ParaHippocampal_R	306	1718	0	1144	0	96	0	1122	0	0	0	678	0	92	0	216	0	92	0	304	0	446	0	0	0	0	0	124	0	2394	0	0	0	0	322	1198	306	24474	0	0	0	10446	0	676	0	0	0	5420	0	0	0	0	0	0	0	16018	0	244	0	0	0	0	0	0	0	0	0	2164	0	112	0	722	0	5662	0	240	496	2206	0	0	0	184	0	2666	0	1084	0	1130	0	744	0	286	0	94	0	190	0	2430	0	736	0	0	0	0	0	0	0	0	0	0	460	0	0	0	0	0	
45356	Amygdala_L	0	0	356	0	0	0	0	0	0	0	0	0	0	0	152	0	0	0	370	0	672	0	0	0	0	0	0	0	2426	0	0	0	0	0	0	0	8410	0	2858	0	0	0	0	0	0	0	0	0	0	0	0	0	0	0	3976	0	0	0	0	0	0	0	0	0	0	0	0	0	0	0	0	0	466	0	0	0	0	0	0	0	0	0	398	0	0	0	206	0	2194	0	0	0	0	0	0	0	0	0	194	0	0	0	0	0	0	0	0	0	0	0	0	0	0	0	0	0	
82228	Amygdala_R	0	0	0	0	0	0	0	0	0	0	0	144	0	0	0	78	0	0	0	0	0	510	0	0	0	0	0	0	0	3066	0	0	0	0	0	0	0	13280	0	10446	0	0	0	0	0	0	0	0	0	0	0	0	0	0	0	6344	0	0	0	0	0	0	0	0	0	0	0	0	0	0	0	0	0	4700	0	0	0	0	0	0	0	0	0	2054	0	0	0	292	0	118	0	0	0	0	0	0	0	82	0	0	0	0	0	0	0	0	0	0	0	0	0	0	0	0	0	0	
376196	Calcarine_L	488	0	0	0	0	0	0	0	0	0	0	0	0	0	0	0	316	0	0	0	0	0	0	0	0	0	0	0	290	0	0	0	3634	0	3570	92	1930	0	1400	0	0	0	0	7344	28900	6096	25404	3402	22368	2628	29802	428	10480	318	4254	0	140	0	2590	142	666	0	0	0	512	0	22098	1560	454	80	0	82	0	82	0	0	0	0	114	0	128	0	0	0	4804	0	0	0	546	0	172	0	132	0	0	0	0	0	488	0	0	0	0	0	0	0	0	0	0	0	0	164	0	0	0	0	
366864	Calcarine_R	804	6136	0	0	0	0	0	0	0	0	0	0	0	0	0	0	0	0	0	2924	0	0	0	0	0	0	0	0	370	0	0	0	78	2532	134	4764	0	692	0	676	0	0	7344	0	4216	26558	1956	22054	524	22668	80	11696	0	7580	0	7060	1074	6292	0	1240	116	136	0	0	0	734	2400	30568	0	5466	540	0	302	0	0	0	0	0	0	0	0	0	0	0	0	1482	0	0	0	82	0	264	0	0	0	0	0	320	0	760	0	0	0	0	0	0	0	0	0	0	232	578	0	0	0	0	
297892	Cuneus_L	222	0	0	0	0	0	0	0	0	0	0	0	0	0	0	0	222	0	0	0	0	0	0	0	0	0	0	0	180	0	0	0	2754	0	1396	270	128	0	0	0	0	0	28900	4216	0	10944	5546	706	29940	3490	12162	132	2296	0	1344	0	98	0	7700	414	436	0	0	0	182	0	26250	5610	390	0	0	0	0	0	0	0	0	0	0	0	96	0	0	0	2524	0	0	0	398	0	0	0	0	0	0	0	0	0	0	0	0	0	0	0	0	0	0	0	0	0	0	0	0	0	0	0	
336472	Cuneus_R	440	912	0	0	0	0	0	0	0	0	0	0	0	0	0	0	0	0	0	594	0	0	0	0	0	0	0	0	106	0	0	0	302	1752	516	1264	0	0	0	0	0	0	6096	26558	10944	0	324	7424	1072	35272	202	11232	0	2564	0	4706	632	4492	124	7082	0	398	0	0	0	1542	7044	27946	0	4694	186	0	80	0	0	0	0	0	0	0	0	0	0	0	0	1120	0	0	0	168	0	0	0	0	0	0	0	0	0	254	0	0	0	0	0	0	0	0	0	0	0	194	0	0	0	0	
303724	Lingual_L	224	0	0	0	0	0	0	0	0	0	0	0	0	0	0	0	136	0	0	0	0	0	0	0	0	0	0	0	124	0	0	0	888	0	1460	0	2754	0	3994	0	0	0	25404	1956	5546	324	0	2166	5332	122	28270	0	18106	0	16950	0	0	0	564	0	168	0	0	0	156	0	8430	158	280	0	0	0	0	0	0	0	214	0	0	0	0	0	0	0	2072	0	0	0	232	0	4974	0	1632	0	0	0	5566	0	9688	0	0	0	0	0	0	0	0	0	0	122	2632	968	250	0	0	0	
337296	Lingual_R	300	1162	0	106	0	0	0	110	0	0	0	0	0	0	0	0	0	0	0	320	0	0	0	0	0	0	0	0	0	206	0	0	0	0	116	1720	154	6078	0	5420	0	0	3402	22054	706	7424	2166	0	0	8712	0	4370	88	2924	950	23034	178	408	0	0	0	0	0	0	0	0	156	6640	0	594	84	646	0	110	0	0	438	2332	0	0	0	0	0	0	0	498	0	0	0	250	4594	8564	1286	300	80	448	678	8932	5024	11530	0	0	0	234	92	90	0	0	0	176	7962	11862	2628	156	156	0	
298700	Occipital_Sup_L	0	0	0	0	0	0	0	0	0	0	0	0	0	0	0	0	0	0	0	0	0	0	0	0	0	0	0	0	0	0	0	0	3520	0	994	276	0	0	0	0	0	0	22368	524	29940	1072	5332	0	0	0	33388	0	2504	0	740	0	128	0	17416	0	3082	0	0	0	704	0	23516	2588	208	150	0	0	0	0	0	0	0	0	0	0	0	0	0	0	332	0	0	0	0	0	114	0	0	0	0	0	0	0	320	0	0	0	0	0	0	0	0	0	0	0	0	134	0	0	0	0	
302944	Occipital_Sup_R	0	0	0	0	0	0	0	0	0	0	0	0	0	0	0	0	0	0	0	0	0	0	0	0	0	0	0	0	0	0	0	0	0	0	0	0	0	0	0	0	0	0	2628	22668	3490	35272	122	8712	0	0	0	27784	0	3128	0	5872	0	2630	0	8008	0	1248	0	0	0	8552	1972	15006	0	2380	0	0	0	0	0	0	0	0	0	0	0	156	0	0	0	796	0	0	0	160	0	146	0	0	0	0	0	0	0	406	0	0	0	0	0	0	0	0	0	0	0	336	0	0	0	0	
647640	Occipital_Mid_L	4330	222	196	628	0	0	0	0	0	0	0	0	0	0	0	0	2928	0	0	92	0	0	0	0	0	0	0	0	2994	0	0	0	6814	0	1272	84	1630	0	590	0	0	0	29802	80	12162	202	28270	0	33388	0	0	0	34952	0	12178	0	2448	0	22656	0	22338	0	804	0	27046	0	23208	730	3162	312	368	378	160	376	0	0	0	0	1628	0	2152	0	0	0	36508	0	0	0	4410	0	444	0	194	0	0	0	0	0	1284	0	0	0	0	0	0	0	0	0	0	0	0	310	90	0	0	0	
266316	Occipital_Mid_R	0	592	0	0	0	0	0	0	0	0	0	0	0	0	0	0	0	0	0	122	0	0	0	0	0	0	0	0	0	0	0	0	0	0	0	0	0	0	0	0	0	0	428	11696	132	11232	0	4370	0	27784	0	0	0	7294	0	3476	82	3430	0	4006	0	6386	0	338	0	26258	308	8384	0	2842	0	0	0	0	0	0	0	0	0	0	0	2070	0	0	0	11196	0	0	0	732	0	0	0	0	0	0	0	0	0	0	0	0	0	0	0	0	0	0	0	0	0	0	0	0	0	0	
249664	Occipital_Inf_L	1602	0	82	474	0	0	0	0	0	0	0	0	0	0	0	0	994	0	0	0	0	0	0	0	0	0	0	0	2396	0	0	0	1752	0	454	0	2464	0	768	0	0	0	10480	0	2296	0	18106	88	2504	0	34952	0	0	0	19158	0	108	0	284	0	584	0	0	0	1180	0	3552	0	416	0	140	158	0	158	0	0	0	0	2470	0	490	0	0	0	7688	0	0	0	4296	0	1158	0	286	0	0	0	272	0	2300	0	0	0	0	0	0	0	0	0	0	0	96	534	92	0	0	0	
99388	Occipital_Inf_R	100	2142	0	0	0	0	0	0	0	0	0	0	0	0	0	0	0	0	0	624	0	0	0	0	0	0	0	0	0	220	0	0	0	0	0	414	0	594	0	0	0	0	318	7580	0	2564	0	2924	0	3128	0	7294	0	0	0	5236	128	2202	0	226	0	96	0	84	0	1468	0	4478	0	1316	0	0	0	0	0	0	0	160	0	0	0	142	0	0	0	2270	0	0	0	3128	0	264	0	0	0	0	0	0	0	332	0	0	0	0	0	0	0	0	0	0	0	262	0	0	0	0	
521732	Fusiform_L	1532	0	1328	414	0	0	100	0	0	0	678	0	568	0	0	0	2286	0	904	82	288	0	0	0	0	0	0	0	11522	0	0	0	522	0	728	0	23162	0	9238	0	3976	0	4254	0	1344	0	16950	950	740	0	12178	0	19158	0	0	0	158	0	514	0	138	0	0	0	88	0	2308	0	188	0	100	98	4584	106	0	0	956	0	3344	0	1856	0	3686	0	7508	0	1638	0	26142	0	24354	422	5616	128	1000	248	14640	536	35780	486	926	0	2266	118	0	0	0	0	0	0	4970	2716	346	0	0	0	
477088	Fusiform_R	506	3752	0	1262	0	0	0	980	0	0	0	636	0	86	0	0	0	0	0	1004	0	0	0	0	0	0	0	0	0	5684	0	0	0	0	236	1290	238	30724	0	16018	0	6344	0	7060	0	4706	0	23034	0	5872	0	3476	0	5236	0	0	386	1942	0	744	0	172	0	82	0	842	0	5152	0	1290	140	1378	0	4280	0	0	1028	7934	0	0	0	3800	0	4198	0	5854	0	1856	0	21900	1272	16858	436	1686	0	298	186	7652	1190	20926	0	0	0	224	0	0	0	0	0	118	2062	3642	780	92	0	0	
325324	Postcentral_L	36286	4976	7974	5812	0	0	858	3216	0	0	1738	484	0	0	0	0	10198	960	1482	4168	0	0	0	0	0	0	0	0	3330	1100	0	156	148	0	238	0	794	834	0	0	0	0	140	1074	98	632	0	178	128	0	2448	82	108	128	158	386	0	214	6666	0	25134	0	12098	0	768	0	4266	1102	5710	0	3934	1098	222	878	0	0	206	154	1938	0	4670	0	0	150	2484	0	0	0	658	0	0	0	0	0	0	0	0	0	0	0	0	0	0	0	0	0	0	0	0	0	0	0	0	0	0	0	
350468	Postcentral_R	232	23922	0	508	0	0	0	960	0	0	0	6332	0	182	0	0	0	5664	0	920	0	0	0	0	0	0	0	0	78	5596	0	0	0	308	0	338	0	1008	0	244	0	0	0	6292	0	4492	0	408	0	2630	0	3430	0	2202	0	1942	214	0	0	4788	0	8698	0	14734	0	4186	116	18512	0	22294	148	486	0	4846	0	156	0	110	0	560	0	3870	0	0	0	12446	0	0	0	11382	0	0	0	0	0	0	0	0	0	0	0	0	0	0	0	0	0	0	0	0	0	0	0	0	0	0	
213092	Parietal_Sup_L	798	0	122	166	0	0	0	0	0	0	0	0	0	0	0	0	716	0	0	0	0	0	0	0	0	0	0	0	544	0	0	0	516	0	0	0	182	0	0	0	0	0	2590	0	7700	124	564	0	17416	0	22656	0	284	0	514	0	6666	0	0	0	12740	0	0	0	4370	0	19194	510	2872	192	0	0	120	0	0	0	0	0	116	0	866	0	0	0	2054	0	0	0	1954	0	0	0	0	0	0	0	0	0	0	0	0	0	0	0	0	0	0	0	0	0	0	0	0	0	0	0	
111716	Parietal_Sup_R	0	162	0	0	0	0	0	0	0	0	0	0	0	0	0	0	0	160	0	0	0	0	0	0	0	0	0	0	0	0	0	0	0	0	0	0	0	0	0	0	0	0	142	1240	414	7082	0	0	0	8008	0	4006	0	226	0	744	0	4788	0	0	0	7938	0	2680	0	6088	1034	9652	0	638	0	0	0	0	0	0	0	0	0	0	0	122	0	0	0	396	0	0	0	338	0	0	0	0	0	0	0	0	0	0	0	0	0	0	0	0	0	0	0	0	0	0	0	0	0	0	
280920	Parietal_Inf_L	4630	702	288	934	0	0	0	160	0	0	0	0	0	0	0	0	1658	0	0	302	0	0	0	0	0	0	0	0	1108	0	0	0	368	0	0	0	0	0	0	0	0	0	666	116	436	0	168	0	3082	0	22338	0	584	0	138	0	25134	0	12740	0	0	0	14188	0	26108	0	3546	122	3456	0	264	296	0	286	0	0	0	0	380	0	2158	0	0	0	10182	0	0	0	3922	0	0	0	0	0	0	0	0	0	0	0	0	0	0	0	0	0	0	0	0	0	0	0	0	0	0	0	
108220	Parietal_Inf_R	0	1984	0	0	0	0	0	0	0	0	0	0	0	0	0	0	0	426	0	0	0	0	0	0	0	0	0	0	0	80	0	0	0	0	0	0	0	0	0	0	0	0	0	136	0	398	0	0	0	1248	0	6386	0	96	0	172	0	8698	0	7938	0	0	0	11550	0	12114	0	612	0	204	0	0	0	0	0	0	0	0	0	0	0	560	0	0	0	874	0	0	0	634	0	0	0	0	0	0	0	0	0	0	0	0	0	0	0	0	0	0	0	0	0	0	0	0	0	0	
121084	SupraMarginal_L	1594	130	0	294	0	0	0	0	0	0	0	0	0	0	0	0	1780	0	0	90	0	0	0	0	0	0	0	0	508	0	0	0	0	0	0	0	0	0	0	0	0	0	0	0	0	0	0	0	0	0	804	0	0	0	0	0	12098	0	0	0	14188	0	0	0	6430	0	0	0	0	0	0	0	0	0	0	0	0	0	86	0	5992	0	0	0	12528	0	0	0	4020	0	0	0	0	0	0	0	0	0	0	0	0	0	0	0	0	0	0	0	0	0	0	0	0	0	0	0	
102540	SupraMarginal_R	0	4092	0	0	0	0	0	0	0	0	0	0	0	0	0	0	0	2422	0	0	0	0	0	0	0	0	0	0	0	694	0	0	0	0	0	0	0	124	0	0	0	0	0	0	0	0	0	0	0	0	0	338	0	84	0	82	0	14734	0	2680	0	11550	0	0	0	3540	0	194	0	526	0	0	0	0	0	0	0	0	0	150	0	4098	0	0	0	3210	0	0	0	2752	0	0	0	0	0	0	0	0	0	0	0	0	0	0	0	0	0	0	0	0	0	0	0	0	0	0	
178248	Angular_L	466	190	0	362	0	0	0	0	0	0	0	0	0	0	0	0	548	0	0	0	0	0	0	0	0	0	0	0	518	0	0	0	332	0	0	0	0	0	0	0	0	0	512	0	182	0	156	0	704	0	27046	0	1180	0	88	0	768	0	4370	0	26108	0	6430	0	0	0	984	0	690	0	0	0	0	0	0	0	0	0	114	0	1504	0	0	0	14276	0	0	0	1596	0	0	0	0	0	0	0	0	0	0	0	0	0	0	0	0	0	0	0	0	0	0	0	0	0	0	0	
176092	Angular_R	0	116	0	0	0	0	0	0	0	0	0	0	0	0	0	0	0	0	0	0	0	0	0	0	0	0	0	0	0	0	0	0	0	0	0	0	0	0	0	0	0	0	0	734	0	1542	0	0	0	8552	0	26258	0	1468	0	842	0	4186	0	6088	0	12114	0	3540	0	0	0	1622	0	260	0	0	0	0	0	0	0	0	0	0	0	6362	0	0	0	11694	0	0	0	2668	0	0	0	0	0	0	0	0	0	0	0	0	0	0	0	0	0	0	0	0	0	0	0	0	0	0	
405652	Precuneus_L	1042	0	0	0	0	0	0	0	0	0	0	0	0	0	0	0	754	0	0	0	0	0	0	0	0	0	0	0	498	0	0	0	10466	1126	7106	944	3392	0	2726	0	0	0	22098	2400	26250	7044	8430	156	23516	1972	23208	308	3552	0	2308	0	4266	116	19194	1034	3546	0	0	0	984	0	0	12460	3180	1292	0	0	0	0	0	0	0	0	158	0	702	0	0	0	5204	0	0	0	1124	0	84	0	0	0	0	0	86	0	100	0	0	0	0	0	0	0	0	0	0	0	0	0	0	0	0	0	
468276	Precuneus_R	932	9278	0	0	0	0	0	0	0	0	0	0	0	0	0	0	0	0	0	5704	0	0	0	0	0	0	0	0	372	0	0	0	1922	10212	1680	12210	0	3558	0	2164	0	0	1560	30568	5610	27946	158	6640	2588	15006	730	8384	0	4478	0	5152	1102	18512	510	9652	122	612	0	194	0	1622	12460	0	444	20670	554	0	302	0	0	0	338	160	0	0	0	98	0	0	0	4110	0	0	0	4204	0	0	0	0	0	0	0	642	0	0	0	0	0	0	0	0	0	0	0	0	978	0	0	0	0	0	
165304	Paracentral_Lobule_L	7752	2492	2070	138	0	0	0	0	0	0	0	0	0	0	0	0	134	0	9244	12254	0	0	0	0	0	0	0	0	78	0	0	0	2992	9190	5708	1400	354	328	0	0	0	0	454	0	390	0	280	0	208	0	3162	0	416	0	188	0	5710	0	2872	0	3456	0	0	0	690	0	3180	444	0	1992	610	0	188	0	122	0	2860	220	0	0	0	0	0	0	896	0	0	0	180	0	0	0	0	0	0	0	0	0	0	0	0	0	0	0	0	0	0	0	0	0	0	0	0	0	0	0	
261900	Paracentral_Lobule_R	0	11386	0	118	0	0	0	0	0	0	0	0	0	0	0	0	0	82	536	11002	0	0	0	0	0	0	0	0	0	0	0	0	1440	9982	1290	6352	0	598	0	112	0	0	80	5466	0	4694	0	594	150	2380	312	2842	0	1316	0	1290	0	22294	192	638	0	204	0	526	0	260	1292	20670	1992	0	0	0	0	0	0	0	0	0	0	0	0	1858	0	0	0	11050	0	0	0	7952	0	0	0	0	0	0	0	0	0	0	0	0	0	0	0	0	0	0	0	0	0	0	0	0	0	0	
230344	Caudate_L	5628	3038	5962	2406	948	0	1054	2524	90	0	0	1368	134	162	804	0	1636	1142	3888	1784	5874	5364	124	870	266	82	1832	0	5578	2234	9366	4394	116	628	0	202	338	652	0	0	0	0	0	540	0	186	0	84	0	0	368	0	140	0	100	140	3934	148	0	0	264	0	0	0	0	0	0	554	610	0	0	13186	11476	3578	1146	166	6780	366	124	0	132	0	88	110	378	0	0	0	86	0	0	0	0	0	0	0	0	0	0	0	0	0	0	0	0	0	0	0	0	0	0	0	0	0	0	0	
410364	Caudate_R	1346	2718	6194	17898	0	3510	1004	7620	0	850	1006	8756	664	3162	0	4174	260	4588	6328	12786	3318	5970	328	4762	0	4196	194	2866	2506	12952	6590	14838	0	848	0	0	358	3184	0	722	0	0	82	0	0	0	0	646	0	0	378	0	158	0	98	1378	1098	486	0	0	296	0	0	0	0	0	0	0	0	0	13186	0	1334	21348	332	1622	138	13636	94	0	0	304	0	1698	374	0	0	0	0	0	0	0	0	0	0	0	0	0	0	0	0	0	0	0	0	0	0	0	0	0	0	0	0	0	0	0	
262232	Putamen_L	4228	1726	19210	1470	5686	0	2658	1742	908	0	992	90	1418	128	2256	0	2258	0	10080	1202	1178	948	624	0	592	0	1154	0	16970	276	5996	1178	88	268	0	0	10524	136	888	0	466	0	0	302	0	80	0	0	0	0	160	0	0	0	4584	0	222	0	120	0	0	0	0	0	0	0	0	302	188	0	11476	1334	0	672	4978	0	2064	0	302	0	732	0	230	0	1000	0	0	0	3896	0	444	0	0	0	0	0	0	0	692	0	0	0	0	0	0	0	0	0	0	0	0	0	0	0	0	0	
354176	Putamen_R	784	8630	2296	7628	0	6104	126	8172	0	1264	0	10360	0	1162	0	7012	300	4544	2290	2766	704	2988	0	1822	0	3850	0	3648	722	22514	2364	6068	0	0	0	0	352	12326	0	5662	0	4700	82	0	0	0	0	110	0	0	376	0	158	0	106	4280	878	4846	0	0	286	0	0	0	0	0	0	0	0	0	3578	21348	672	0	322	1502	0	442	92	112	0	2288	0	2002	372	1118	0	0	0	854	0	0	0	0	0	0	0	106	0	0	0	0	0	0	0	0	0	0	0	0	0	0	0	0	0	0	
32480	Pallidum_L	1124	236	2166	710	0	0	142	620	0	0	0	0	0	0	0	0	736	0	636	324	0	0	0	0	0	0	0	0	558	0	0	0	0	0	0	0	542	0	0	0	0	0	0	0	0	0	0	0	0	0	0	0	0	0	0	0	0	0	0	0	0	0	0	0	0	0	0	0	122	0	1146	332	4978	322	0	0	1426	0	120	0	0	0	0	0	0	0	0	0	0	0	0	0	0	0	0	0	0	0	0	0	0	0	0	0	0	0	0	0	0	0	0	0	0	0	0	0	
17180	Pallidum_R	0	1354	0	1336	0	0	0	1646	0	0	0	194	0	0	0	0	0	0	0	0	0	114	0	0	0	0	0	0	0	0	0	0	0	0	0	0	0	260	0	240	0	0	0	0	0	0	0	0	0	0	0	0	0	0	0	0	0	156	0	0	0	0	0	0	0	0	0	0	0	0	166	1622	0	1502	0	0	0	0	0	0	0	0	0	0	0	0	0	0	0	0	0	0	0	0	0	0	0	0	0	0	0	0	0	0	0	0	0	0	0	0	0	0	0	0	0	0	
162688	Thalamus_L	15388	1448	7152	1226	0	0	914	156	0	0	110	0	0	0	0	0	634	202	5324	2020	0	0	0	0	0	0	0	0	3204	356	0	0	0	0	2506	3440	7188	3992	400	496	0	0	0	0	0	0	214	438	0	0	0	0	0	0	956	1028	206	0	0	0	0	0	0	0	0	0	0	338	2860	0	6780	138	2064	0	1426	0	0	5750	98	0	664	0	0	0	612	146	0	0	1206	116	0	0	0	0	0	0	0	0	0	0	0	0	0	0	0	0	0	0	0	0	148	0	0	0	0	0	
161360	Thalamus_R	744	5134	0	11120	0	0	0	802	0	0	0	106	0	0	0	0	0	156	0	5590	0	0	0	0	0	0	0	0	0	1138	0	0	0	0	1342	2556	948	14610	0	2206	0	0	0	0	0	0	0	2332	0	0	0	0	0	160	0	7934	154	110	0	0	0	0	0	0	0	0	0	160	220	0	366	13636	0	442	0	0	5750	0	0	142	0	240	0	0	0	1396	0	0	0	876	0	0	0	0	0	0	0	0	0	184	0	0	0	0	0	0	0	0	0	126	0	0	0	0	0	0	
97264	Heschl_L	3980	230	1396	580	0	0	294	106	0	0	172	0	0	0	0	0	6988	0	180	300	0	0	0	0	0	0	0	0	8286	0	0	0	78	0	0	0	2300	0	0	0	0	0	114	0	0	0	0	0	0	0	1628	0	2470	0	3344	0	1938	0	116	0	380	0	86	0	114	0	158	0	0	0	124	94	302	92	120	0	98	0	0	0	3360	0	0	0	4500	0	0	0	4704	0	0	0	0	0	0	0	0	0	0	0	0	0	0	0	0	0	0	0	0	0	0	0	0	0	0	0	
32220	Heschl_R	0	424	0	0	0	0	0	0	0	0	0	272	0	0	0	0	0	2292	0	0	0	0	0	0	0	0	0	0	0	3326	0	0	0	0	0	0	0	588	0	0	0	0	0	0	0	0	0	0	0	0	0	0	0	0	0	0	0	560	0	0	0	0	0	150	0	0	0	0	0	0	0	0	0	112	0	0	0	142	0	0	0	5420	0	0	0	2580	0	0	0	244	0	0	0	0	0	0	0	0	0	0	0	0	0	0	0	0	0	0	0	0	0	0	0	0	0	0	
223744	Temporal_Sup_L	4084	170	4320	286	152	0	1100	0	0	0	1470	0	82	0	0	0	11312	0	2104	356	0	0	0	0	0	0	0	0	9870	0	160	0	0	0	0	0	2612	0	0	0	0	0	128	0	96	0	0	0	0	0	2152	0	490	0	1856	0	4670	0	866	0	2158	0	5992	0	1504	0	702	0	0	0	132	0	732	0	0	0	664	0	3360	0	0	0	1216	0	33166	0	0	0	13760	0	150	0	0	0	0	0	0	0	0	0	0	0	0	0	0	0	0	0	0	0	0	0	0	0	0	0	
170824	Temporal_Sup_R	0	706	118	194	0	0	0	210	0	0	0	1018	0	0	0	0	0	3832	108	174	0	0	0	0	0	0	0	0	0	14124	0	0	0	0	0	0	0	1232	0	184	0	0	0	0	0	0	0	0	0	156	0	2070	0	142	0	3800	0	3870	0	122	0	560	0	4098	0	6362	0	98	0	1858	0	304	0	2288	0	0	0	240	0	5420	0	0	0	1936	0	19844	0	222	0	10122	0	0	0	0	0	0	0	0	0	0	0	0	0	0	0	0	0	0	0	0	0	0	0	0	0	0	
73088	Temporal_Pole_Sup_L	0	0	402	0	762	0	0	0	140	0	382	0	336	0	1700	0	238	0	162	0	304	0	0	0	0	0	152	0	3114	0	0	0	0	0	0	0	502	0	1170	0	398	0	0	0	0	0	0	0	0	0	0	0	0	0	3686	0	0	0	0	0	0	0	0	0	0	0	0	0	0	0	88	0	230	0	0	0	0	0	0	0	1216	0	0	0	9132	0	3932	0	8388	0	0	0	0	0	0	0	0	0	110	0	0	0	0	0	0	0	0	0	0	0	0	0	0	0	0	0	
95156	Temporal_Pole_Sup_R	88	0	356	846	0	0	0	134	0	0	0	3226	0	116	0	2204	0	3982	328	894	0	92	0	198	0	0	0	0	0	7144	0	270	0	0	0	0	0	328	0	2666	0	2054	0	0	0	0	0	0	0	0	0	0	0	0	0	4198	150	0	0	0	0	0	0	0	0	0	0	0	0	0	110	1698	0	2002	0	0	0	0	0	0	0	1936	0	0	0	3220	0	3172	0	6166	0	0	0	0	0	0	0	0	0	0	0	0	0	0	0	0	0	0	0	0	0	0	0	0	0	0	
471212	Temporal_Mid_L	4428	294	324	724	84	0	0	0	0	0	284	0	210	0	0	0	6084	0	272	140	0	0	0	0	0	0	0	0	9602	0	0	0	1032	0	592	0	4412	0	246	0	0	0	4804	0	2524	0	2072	0	332	0	36508	0	7688	0	7508	0	2484	0	2054	0	10182	0	12528	0	14276	0	5204	0	896	0	378	374	1000	372	0	0	612	0	4500	0	33166	0	9132	0	0	0	3012	0	44960	0	234	0	0	0	0	0	0	0	78	0	0	0	0	0	0	0	0	0	0	0	0	0	0	0	0	0	
281244	Temporal_Mid_R	88	494	0	192	0	0	0	164	0	0	0	92	0	0	0	0	0	136	0	124	0	0	0	0	0	0	0	0	0	9038	0	0	0	0	104	112	92	3360	0	1084	0	0	0	1482	0	1120	0	498	0	796	0	11196	0	2270	0	5854	0	12446	0	396	0	874	0	3210	0	11694	0	4110	0	11050	0	0	0	1118	0	0	146	1396	0	2580	0	19844	0	3220	0	0	0	1218	0	29024	0	0	0	0	0	0	0	0	0	0	0	0	0	0	0	0	0	0	0	0	0	0	0	0	0	0	
25720	Temporal_Pole_Mid_L	0	0	0	0	0	0	0	0	0	0	0	0	0	0	0	0	0	0	0	0	0	0	0	0	0	0	0	0	360	0	0	0	0	0	0	0	272	0	524	0	206	0	0	0	0	0	0	0	0	0	0	0	0	0	1638	0	0	0	0	0	0	0	0	0	0	0	0	0	0	0	0	0	0	0	0	0	0	0	0	0	0	0	3932	0	3012	0	0	0	2916	0	0	0	0	0	0	0	0	0	0	0	0	0	0	0	0	0	0	0	0	0	0	0	0	0	0	0	
19168	Temporal_Pole_Mid_R	0	0	0	0	0	0	0	0	0	0	0	0	0	0	0	288	0	0	0	0	0	0	0	0	0	0	0	0	0	192	0	0	0	0	0	0	0	0	0	1130	0	292	0	0	0	0	0	0	0	0	0	0	0	0	0	1856	0	0	0	0	0	0	0	0	0	0	0	0	0	0	0	0	0	0	0	0	0	0	0	0	0	222	0	3172	0	1218	0	0	0	1214	0	0	0	0	0	0	0	0	0	0	0	0	0	0	0	0	0	0	0	0	0	0	0	0	0	0	
380624	Temporal_Inf_L	1640	158	1446	554	158	0	110	0	0	0	700	0	590	0	0	0	5408	0	1096	90	0	0	0	0	0	0	0	0	14178	0	0	0	250	0	164	0	17232	0	1340	0	2194	0	546	0	398	0	232	0	0	0	4410	0	4296	0	26142	0	658	0	1954	0	3922	0	4020	0	1596	0	1124	0	180	0	86	0	3896	0	0	0	1206	0	4704	0	13760	0	8388	0	44960	0	2916	0	0	0	6526	0	948	0	0	0	446	0	4628	0	278	0	784	0	0	0	0	0	0	0	0	0	0	0	0	0	
247760	Temporal_Inf_R	0	990	0	236	0	0	0	162	0	0	0	164	0	0	0	0	0	0	0	98	0	0	0	0	0	0	0	0	0	5430	0	0	0	0	86	92	82	3686	0	744	0	118	0	82	0	168	0	250	0	160	0	732	0	3128	0	21900	0	11382	0	338	0	634	0	2752	0	2668	0	4204	0	7952	0	0	0	854	0	0	116	876	0	244	0	10122	0	6166	0	29024	0	1214	0	0	0	3554	0	426	0	0	0	508	0	2382	0	0	0	0	0	0	0	0	0	0	156	0	0	0	0	0	
473276	Cerebelum_Crus1_L	0	0	118	0	0	0	0	0	0	0	108	0	82	0	0	0	196	0	112	0	0	0	0	0	0	0	0	0	1062	0	0	0	0	0	0	0	1272	0	946	0	0	0	172	0	0	0	4974	4594	114	0	444	0	1158	0	24354	1272	0	0	0	0	0	0	0	0	0	0	84	0	0	0	0	0	444	0	0	0	0	0	0	0	150	0	0	0	234	0	0	0	6526	0	0	5278	32278	742	3130	588	19964	2642	58710	6606	10798	84	16252	564	3248	184	398	0	132	128	10344	9476	5224	934	396	122	
426208	Cerebelum_Crus1_R	0	0	0	0	0	0	0	0	0	0	0	0	0	0	0	0	0	0	0	0	0	0	0	0	0	0	0	0	0	0	0	0	0	0	0	0	0	182	0	286	0	0	0	264	0	0	0	8564	0	146	0	0	0	264	422	16858	0	0	0	0	0	0	0	0	0	0	0	0	0	0	0	0	0	0	0	0	0	0	0	0	0	0	0	0	0	0	0	0	0	3554	5278	0	2052	27506	420	2394	4136	21754	5272	57088	128	5396	198	8004	262	820	0	138	102	958	16128	13514	8936	1158	740	182	
382412	Cerebelum_Crus2_L	0	0	0	0	0	0	0	0	0	0	0	0	0	0	0	0	0	0	0	0	0	0	0	0	0	0	0	0	0	0	0	0	0	0	0	0	0	0	290	0	0	0	132	0	0	0	1632	1286	0	0	194	0	286	0	5616	436	0	0	0	0	0	0	0	0	0	0	0	0	0	0	0	0	0	0	0	0	0	0	0	0	0	0	0	0	0	0	0	0	948	0	32278	2052	0	9102	174	530	2680	210	9406	2318	44298	3246	42962	4058	4790	144	384	0	0	178	1420	2852	10366	6332	606	0	
297760	Cerebelum_Crus2_R	0	0	0	0	0	0	0	0	0	0	0	0	0	0	0	0	0	0	0	0	0	0	0	0	0	0	0	0	0	0	0	0	0	0	0	0	0	0	0	94	0	0	0	0	0	0	0	300	0	0	0	0	0	0	128	1686	0	0	0	0	0	0	0	0	0	0	0	0	0	0	0	0	0	0	0	0	0	0	0	0	0	0	0	0	0	0	0	0	0	426	742	27506	9102	0	148	2238	1960	2390	620	7094	9152	26098	7120	26478	274	1888	0	122	0	1276	3236	1226	7608	9398	570	0	
62312	Cerebelum_3_L	0	0	0	0	0	0	0	0	0	0	0	0	0	0	0	0	0	0	0	0	0	0	0	0	0	0	0	0	0	0	0	0	0	0	0	0	0	0	452	0	0	0	0	0	0	0	0	80	0	0	0	0	0	0	1000	0	0	0	0	0	0	0	0	0	0	0	0	0	0	0	0	0	0	0	0	0	0	0	0	0	0	0	0	0	0	0	0	0	0	0	3130	420	174	148	0	450	10214	108	4898	452	92	0	140	234	1640	178	78	0	1396	2426	2402	552	146	194	152	0	
73468	Cerebelum_3_R	0	0	0	0	0	0	0	0	0	0	0	0	0	0	0	0	0	0	0	0	0	0	0	0	0	0	0	0	0	0	0	0	0	0	0	0	84	0	292	190	0	0	0	0	0	0	0	448	0	0	0	0	0	0	248	298	0	0	0	0	0	0	0	0	0	0	0	0	0	0	0	0	0	0	0	0	0	0	0	0	0	0	0	0	0	0	0	0	0	0	588	2394	530	2238	450	0	1784	4272	740	4304	422	1164	460	2822	0	1020	0	104	938	4530	3000	260	1092	1410	652	0	
305888	Cerebelum_4_5_L	0	0	0	0	0	0	0	0	0	0	0	0	0	0	0	0	0	0	0	0	0	0	0	0	0	0	0	0	0	0	0	0	0	0	0	0	260	0	1336	0	0	0	0	0	0	0	5566	678	0	0	0	0	272	0	14640	186	0	0	0	0	0	0	0	0	0	0	86	0	0	0	0	0	0	0	0	0	0	0	0	0	0	0	0	0	0	0	0	0	446	0	19964	4136	2680	1960	10214	1784	0	2240	38524	4382	1054	238	1728	2240	3416	688	126	0	644	1258	22202	3874	2270	1868	866	1118	
239788	Cerebelum_4_5_R	0	0	0	0	0	0	0	0	0	0	0	0	0	0	0	0	0	0	0	0	0	0	0	0	0	0	0	0	0	0	0	0	0	0	0	0	0	870	0	2430	0	82	0	320	0	0	0	8932	0	0	0	0	0	0	536	7652	0	0	0	0	0	0	0	0	0	0	0	642	0	0	0	0	0	106	0	0	0	0	0	0	0	0	0	0	0	0	0	0	0	508	2642	21754	210	2390	108	4272	2240	0	3370	31402	122	800	150	1394	126	172	0	0	0	1672	17956	5024	974	706	332	0	
480336	Cerebelum_6_L	0	0	248	0	0	0	0	0	0	0	120	0	96	0	0	0	190	0	212	0	0	0	0	0	0	0	0	0	1462	0	0	0	0	0	0	0	2134	0	1808	0	194	0	488	0	0	0	9688	5024	320	0	1284	0	2300	0	35780	1190	0	0	0	0	0	0	0	0	0	0	100	0	0	0	0	0	692	0	0	0	0	0	0	0	0	0	110	0	78	0	0	0	4628	0	58710	5272	9406	620	4898	740	38524	3370	0	6478	2450	96	4088	636	2866	196	152	0	178	264	17668	11816	2598	592	216	188	
425744	Cerebelum_6_R	0	0	0	0	0	0	0	0	0	0	0	0	0	0	0	0	0	0	0	0	0	0	0	0	0	0	0	0	0	0	0	0	0	0	0	0	0	654	0	736	0	0	0	760	0	254	0	11530	0	406	0	0	0	332	486	20926	0	0	0	0	0	0	0	0	0	0	0	0	0	0	0	0	0	0	0	0	0	184	0	0	0	0	0	0	0	0	0	0	0	2382	6606	57088	2318	7094	452	4304	4382	31402	6478	0	236	858	310	2922	290	974	0	164	126	1260	18670	16442	9192	1536	926	192	
292344	Cerebelum_7b_L	0	0	0	0	0	0	0	0	0	0	0	0	0	0	0	0	0	0	0	0	0	0	0	0	0	0	0	0	0	0	0	0	0	0	0	0	0	0	88	0	0	0	0	0	0	0	0	0	0	0	0	0	0	0	926	0	0	0	0	0	0	0	0	0	0	0	0	0	0	0	0	0	0	0	0	0	0	0	0	0	0	0	0	0	0	0	0	0	278	0	10798	128	44298	9152	92	422	1054	122	2450	236	0	6436	42070	5460	5398	118	798	0	0	140	880	302	4780	9346	400	0	
185792	Cerebelum_7b_R	0	0	0	0	0	0	0	0	0	0	0	0	0	0	0	0	0	0	0	0	0	0	0	0	0	0	0	0	0	0	0	0	0	0	0	0	0	0	0	0	0	0	0	0	0	0	0	0	0	0	0	0	0	0	0	0	0	0	0	0	0	0	0	0	0	0	0	0	0	0	0	0	0	0	0	0	0	0	0	0	0	0	0	0	0	0	0	0	0	0	84	5396	3246	26098	0	1164	238	800	96	858	6436	0	6192	25958	246	3874	0	124	0	922	836	84	1338	8696	210	0	
341444	Cerebelum_8_L	0	0	0	0	0	0	0	0	0	0	0	0	0	0	0	0	0	0	0	0	0	0	0	0	0	0	0	0	0	0	0	0	0	0	0	0	0	0	276	0	0	0	0	0	0	0	0	0	0	0	0	0	0	0	2266	0	0	0	0	0	0	0	0	0	0	0	0	0	0	0	0	0	0	0	0	0	0	0	0	0	0	0	0	0	0	0	0	0	784	0	16252	198	42962	7120	140	460	1728	150	4088	310	42070	6192	0	7908	14632	1072	1436	0	0	212	1232	452	3736	12990	1942	114	
256628	Cerebelum_8_R	0	0	0	0	0	0	0	0	0	0	0	0	0	0	0	0	0	0	0	0	0	0	0	0	0	0	0	0	0	0	0	0	0	0	0	0	0	0	0	0	0	0	0	0	0	0	0	234	0	0	0	0	0	0	118	224	0	0	0	0	0	0	0	0	0	0	0	0	0	0	0	0	0	0	0	0	0	0	0	0	0	0	0	0	0	0	0	0	0	0	564	8004	4058	26478	234	2822	2240	1394	636	2922	5460	25958	7908	0	1056	13970	0	654	214	1770	3290	808	4534	10982	1782	0	
106768	Cerebelum_9_L	0	0	0	0	0	0	0	0	0	0	0	0	0	0	0	0	0	0	0	0	0	0	0	0	0	0	0	0	0	0	0	0	0	0	0	0	0	0	0	0	0	0	0	0	0	0	0	92	0	0	0	0	0	0	0	0	0	0	0	0	0	0	0	0	0	0	0	0	0	0	0	0	0	0	0	0	0	0	0	0	0	0	0	0	0	0	0	0	0	0	3248	262	4790	274	1640	0	3416	126	2866	290	5398	246	14632	1056	0	890	3310	0	212	300	2538	2174	520	2828	1598	678	
92076	Cerebelum_9_R	0	0	0	0	0	0	0	0	0	0	0	0	0	0	0	0	0	0	0	0	0	0	0	0	0	0	0	0	0	0	0	0	0	0	0	0	0	0	0	0	0	0	0	0	0	0	0	90	0	0	0	0	0	0	0	0	0	0	0	0	0	0	0	0	0	0	0	0	0	0	0	0	0	0	0	0	0	0	0	0	0	0	0	0	0	0	0	0	0	0	184	820	144	1888	178	1020	688	172	196	974	118	3874	1072	13970	890	0	0	1578	916	1440	1570	1622	1198	4654	5050	1732	
13612	Cerebelum_10_L	0	0	0	0	0	0	0	0	0	0	0	0	0	0	0	0	0	0	0	0	0	0	0	0	0	0	0	0	0	0	0	0	0	0	0	0	0	0	0	0	0	0	0	0	0	0	0	0	0	0	0	0	0	0	0	0	0	0	0	0	0	0	0	0	0	0	0	0	0	0	0	0	0	0	0	0	0	0	0	0	0	0	0	0	0	0	0	0	0	0	398	0	384	0	78	0	126	0	152	0	798	0	1436	0	3310	0	0	0	0	0	0	124	0	0	0	0	
6864	Cerebelum_10_R	0	0	0	0	0	0	0	0	0	0	0	0	0	0	0	0	0	0	0	0	0	0	0	0	0	0	0	0	0	0	0	0	0	0	0	0	0	0	0	0	0	0	0	0	0	0	0	0	0	0	0	0	0	0	0	0	0	0	0	0	0	0	0	0	0	0	0	0	0	0	0	0	0	0	0	0	0	0	0	0	0	0	0	0	0	0	0	0	0	0	0	138	0	122	0	104	0	0	0	164	0	124	0	654	0	1578	0	0	0	152	0	0	0	108	288	0	
26508	Vermis_1_2	0	0	0	0	0	0	0	0	0	0	0	0	0	0	0	0	0	0	0	0	0	0	0	0	0	0	0	0	0	0	0	0	0	0	0	0	0	0	236	0	0	0	0	0	0	0	0	0	0	0	0	0	0	0	0	0	0	0	0	0	0	0	0	0	0	0	0	0	0	0	0	0	0	0	0	0	0	0	0	0	0	0	0	0	0	0	0	0	0	0	132	102	0	0	1396	938	644	0	178	126	0	0	0	214	212	916	0	0	0	5344	954	170	260	642	626	164	
63236	Vermis_3	0	0	0	0	0	0	0	0	0	0	0	0	0	0	0	0	0	0	0	0	0	0	0	0	0	0	0	0	0	0	0	0	0	0	0	0	172	84	634	0	0	0	0	0	0	0	122	176	0	0	0	0	0	0	0	118	0	0	0	0	0	0	0	0	0	0	0	0	0	0	0	0	0	0	0	0	0	126	0	0	0	0	0	0	0	0	0	0	0	0	128	958	178	1276	2426	4530	1258	1672	264	1260	140	922	212	1770	300	1440	0	152	5344	0	2784	242	574	1294	828	234	
337824	Vermis_4_5	96	0	0	0	0	0	0	0	0	0	0	0	0	0	0	0	0	0	0	0	0	0	0	0	0	0	0	0	0	0	0	0	0	0	0	858	88	838	0	460	0	0	0	232	0	0	2632	7962	0	0	0	0	96	0	4970	2062	0	0	0	0	0	0	0	0	0	0	0	978	0	0	0	0	0	0	0	0	148	0	0	0	0	0	0	0	0	0	0	0	0	156	10344	16128	1420	3236	2402	3000	22202	17956	17668	18670	880	836	1232	3290	2538	1570	0	0	954	2784	0	10444	2956	2960	1868	1998	
