data	data	453732	293172	693988	797940	141080	74364	336808	249548	50160	26260	235276	228468	169068	136684	143604	58796	239304	140488	633228	732668	88460	69804	254840	285036	23388	98624	60080	34368	547192	312504	175424	357800	183956	445300	120116	160780	245320	350944	137832	279164	49160	60676	371972	482832	286620	448232	451416	419568	354648	432900	726636	365572	337700	257544	460516	557716	288360	239824	225124	173840	251584	119028	134504	140548	146784	180312	359988	487496	308988	197064	170144	297724	300440	275180	43716	15200	180964	156484	133840	68884	275780	202388	92116	35412	342920	254436	11468	11384	280916	224696	548420	458344	334292	353348	92984	106676	387644	283372	523932	472860	283520	150016	338772	291944	144040	180836	23188	16224	33944	137832	292128	236720	213164	151088	123108	59896	
data	data	Precentral_L	Precentral_R	Frontal_Sup_L	Frontal_Sup_R	Frontal_Sup_Orb_L	Frontal_Sup_Orb_R	Frontal_Mid_L	Frontal_Mid_R	Frontal_Mid_Orb_L	Frontal_Mid_Orb_R	Frontal_Inf_Oper_L	Frontal_Inf_Oper_R	Frontal_Inf_Tri_L	Frontal_Inf_Tri_R	Frontal_Inf_Orb_L	Frontal_Inf_Orb_R	Rolandic_Oper_L	Rolandic_Oper_R	Supp_Motor_Area_L	Supp_Motor_Area_R	Olfactory_L	Olfactory_R	Frontal_Sup_Medial_L	Frontal_Sup_Medial_R	Frontal_Med_Orb_L	Frontal_Med_Orb_R	Rectus_L	Rectus_R	Insula_L	Insula_R	Cingulum_Ant_L	Cingulum_Ant_R	Cingulum_Mid_L	Cingulum_Mid_R	Cingulum_Post_L	Cingulum_Post_R	Hippocampus_L	Hippocampus_R	ParaHippocampal_L	ParaHippocampal_R	Amygdala_L	Amygdala_R	Calcarine_L	Calcarine_R	Cuneus_L	Cuneus_R	Lingual_L	Lingual_R	Occipital_Sup_L	Occipital_Sup_R	Occipital_Mid_L	Occipital_Mid_R	Occipital_Inf_L	Occipital_Inf_R	Fusiform_L	Fusiform_R	Postcentral_L	Postcentral_R	Parietal_Sup_L	Parietal_Sup_R	Parietal_Inf_L	Parietal_Inf_R	SupraMarginal_L	SupraMarginal_R	Angular_L	Angular_R	Precuneus_L	Precuneus_R	Paracentral_Lobule_L	Paracentral_Lobule_R	Caudate_L	Caudate_R	Putamen_L	Putamen_R	Pallidum_L	Pallidum_R	Thalamus_L	Thalamus_R	Heschl_L	Heschl_R	Temporal_Sup_L	Temporal_Sup_R	Temporal_Pole_Sup_L	Temporal_Pole_Sup_R	Temporal_Mid_L	Temporal_Mid_R	Temporal_Pole_Mid_L	Temporal_Pole_Mid_R	Temporal_Inf_L	Temporal_Inf_R	Cerebelum_Crus1_L	Cerebelum_Crus1_R	Cerebelum_Crus2_L	Cerebelum_Crus2_R	Cerebelum_3_L	Cerebelum_3_R	Cerebelum_4_5_L	Cerebelum_4_5_R	Cerebelum_6_L	Cerebelum_6_R	Cerebelum_7b_L	Cerebelum_7b_R	Cerebelum_8_L	Cerebelum_8_R	Cerebelum_9_L	Cerebelum_9_R	Cerebelum_10_L	Cerebelum_10_R	Vermis_1_2	Vermis_3	Vermis_4_5	Vermis_6	Vermis_7	Vermis_8	Vermis_9	Vermis_10	
453732	Precentral_L	0	158	11008	2640	0	0	11552	0	0	0	17510	0	890	0	0	0	12138	0	4546	5004	0	0	0	0	0	0	0	0	18166	0	0	0	210	2288	2194	1948	8878	1512	948	322	0	0	106	0	90	0	820	214	148	0	6728	0	3252	0	2530	0	28796	0	1968	0	7668	0	4276	0	366	0	212	420	15492	688	2482	342	5852	0	630	0	11806	440	11000	0	6892	0	0	0	4844	0	0	0	3028	0	0	0	0	0	1906	0	1800	0	0	0	0	0	0	0	158	0	0	0	0	0	0	0	0	0	0	0	
293172	Precentral_R	158	0	0	11616	0	0	0	19426	0	0	0	7312	0	0	0	0	0	1206	286	4228	0	0	0	0	0	0	0	0	0	3208	0	0	0	1134	0	566	0	6408	0	1206	0	0	0	3226	0	7664	0	300	0	6590	0	2962	0	1182	0	2222	0	18534	0	2402	0	2376	0	4636	0	2468	0	9158	342	5912	78	2938	112	3080	0	282	538	7728	0	902	0	1024	0	0	0	1324	0	0	0	1852	0	0	0	0	0	0	0	0	0	0	0	0	0	0	0	0	0	0	0	0	0	0	0	0	0	0	
693988	Frontal_Sup_L	11008	0	0	12300	8708	100	49838	84	668	0	19614	190	13336	78	4446	0	12336	0	65114	16242	256	0	28260	1688	414	120	2438	0	32860	262	11350	1640	3538	776	0	0	2986	0	754	0	0	0	0	0	0	0	90	0	0	0	0	0	0	0	390	0	5612	0	0	0	0	0	0	0	0	0	0	0	3506	0	4138	956	18318	296	2374	0	1102	124	776	0	6206	0	1494	0	0	0	0	0	0	0	0	0	0	0	102	0	106	0	0	0	0	0	0	0	0	0	0	0	0	0	0	0	0	0	0	0	
797940	Frontal_Sup_R	2640	11616	12300	0	240	2352	1750	26110	0	328	496	21328	162	9762	0	2162	1268	9528	16092	77842	0	0	8964	32174	0	3856	114	0	1912	21492	2538	32404	1650	20160	0	496	110	3238	112	1096	0	0	0	94	0	226	0	0	0	306	0	98	0	146	0	542	304	976	0	140	0	0	0	752	0	102	0	302	5270	0	2976	22904	1386	14164	786	120	1008	18130	178	102	174	142	0	1004	0	90	0	0	0	256	0	0	0	0	0	0	0	0	0	0	0	0	0	0	0	0	0	0	0	0	0	0	0	0	0	0	
141080	Frontal_Sup_Orb_L	0	0	8708	240	0	0	2078	0	6778	0	0	0	2990	0	12264	0	0	0	1860	176	1812	270	1154	0	2078	0	7370	80	10582	0	1884	194	0	0	0	0	0	0	0	0	0	0	0	0	0	0	0	0	0	0	0	0	0	0	0	0	0	0	0	0	0	0	0	0	0	0	0	0	0	0	2096	302	6566	88	0	0	0	0	0	0	0	0	970	0	0	0	0	0	0	0	0	0	0	0	0	0	0	0	0	0	0	0	0	0	0	0	0	0	0	0	0	0	0	0	0	0	
74364	Frontal_Sup_Orb_R	0	0	100	2352	0	0	0	0	0	1422	0	0	0	118	0	1482	0	0	0	846	0	338	462	4374	532	9938	0	5192	0	752	1112	2214	0	0	0	0	0	0	0	0	0	0	0	0	0	0	0	0	0	0	0	0	0	0	0	0	0	0	0	0	0	0	0	0	0	0	0	0	0	0	0	2078	0	3870	0	0	0	0	0	0	0	0	0	0	0	0	0	0	0	0	0	0	0	0	0	0	0	0	0	0	0	0	0	0	0	0	0	0	0	0	0	0	0	0	0	0	
336808	Frontal_Mid_L	11552	0	49838	1750	2078	0	0	0	1480	0	9922	0	22438	0	2574	0	4396	0	13066	1684	0	0	12080	144	0	0	262	0	13352	0	3992	358	1546	0	0	0	512	0	162	0	0	0	0	0	0	0	0	0	0	0	234	0	0	0	0	0	3188	0	0	0	90	0	0	0	0	0	0	0	150	0	2192	770	3744	0	462	0	1348	0	78	0	2730	0	144	0	0	0	0	0	0	0	0	0	0	0	0	0	0	0	0	0	0	0	0	0	88	0	0	0	0	0	0	0	0	0	0	0	
249548	Frontal_Mid_R	0	19426	84	26110	0	0	0	0	0	174	0	11450	0	11588	0	2740	0	5556	288	2178	0	0	914	2068	0	0	0	0	0	10128	0	1050	0	1854	0	0	0	528	0	212	0	0	0	254	0	2446	0	0	0	2910	0	518	0	128	0	180	0	3576	0	2060	0	1800	0	2978	0	2044	0	2170	0	454	0	820	0	2586	0	164	0	1654	0	0	0	340	0	442	0	774	0	0	0	128	0	0	0	0	0	0	0	0	0	0	0	0	0	0	0	0	0	0	0	0	0	0	0	0	0	0	
50160	Frontal_Mid_Orb_L	0	0	668	0	6778	0	1480	0	0	0	0	0	1738	0	9186	0	0	0	0	0	252	0	88	0	98	0	2162	0	1602	0	0	0	0	0	0	0	0	0	0	0	0	0	0	0	0	0	0	0	0	0	0	0	0	0	0	0	0	0	0	0	0	0	0	0	0	0	0	0	0	0	138	0	710	0	0	0	0	0	0	0	0	0	180	0	0	0	0	0	0	0	0	0	0	0	0	0	0	0	0	0	0	0	0	0	0	0	0	0	0	0	0	0	0	0	0	0	
26260	Frontal_Mid_Orb_R	0	0	0	328	0	1422	0	174	0	0	0	88	0	774	0	5870	0	0	0	0	0	122	0	0	0	116	0	302	0	2158	0	0	0	0	0	0	0	0	0	0	0	0	0	0	0	0	0	0	0	0	0	0	0	0	0	0	0	0	0	0	0	0	0	0	0	0	0	0	0	0	0	96	0	1680	0	0	0	0	0	0	0	0	0	0	0	0	0	0	0	0	0	0	0	0	0	0	0	0	0	0	0	0	0	0	0	0	0	0	0	0	0	0	0	0	0	0	
235276	Frontal_Inf_Oper_L	17510	0	19614	496	0	0	9922	0	0	0	0	0	5040	0	0	0	14620	0	12012	500	0	0	0	0	0	0	0	0	16204	0	0	0	0	0	0	0	1200	0	100	0	0	0	0	0	0	0	0	0	0	0	644	0	244	0	244	0	5618	0	0	0	178	0	188	0	0	0	0	0	434	0	174	0	692	0	0	0	0	0	2054	0	7866	0	2084	0	0	0	0	0	0	0	0	0	0	0	0	0	0	0	0	0	0	0	0	0	0	0	0	0	0	0	0	0	0	0	0	0	
228468	Frontal_Inf_Oper_R	0	7312	190	21328	0	0	0	11450	0	88	0	0	0	9520	0	104	0	11534	916	10372	0	0	228	826	0	0	0	0	0	23320	110	968	0	864	0	0	0	678	0	390	0	0	0	0	0	162	0	0	0	232	0	90	0	0	0	156	0	3452	0	88	0	360	0	1146	0	408	0	140	90	0	0	528	0	4664	0	204	0	556	0	292	0	108	0	1242	0	118	0	0	0	0	0	0	0	0	0	0	0	0	0	0	0	0	0	0	0	0	0	0	0	0	0	0	0	0	0	0	
169068	Frontal_Inf_Tri_L	890	0	13336	162	2990	0	22438	0	1738	0	5040	0	0	0	5848	0	1118	0	6056	158	0	0	1578	0	0	0	394	0	17662	0	196	0	270	0	0	0	246	0	82	0	0	0	0	0	0	0	0	0	0	0	0	0	0	0	0	0	298	0	0	0	0	0	0	0	0	0	0	0	0	0	374	114	2136	0	0	0	0	0	414	0	800	0	196	0	0	0	0	0	0	0	0	0	0	0	0	0	0	0	0	0	0	0	0	0	0	0	0	0	0	0	0	0	0	0	0	0	
136684	Frontal_Inf_Tri_R	0	0	78	9762	0	118	0	11588	0	774	0	9520	0	0	0	6912	0	670	720	4024	0	0	604	1880	0	0	0	0	0	13848	0	1788	0	1588	0	0	0	376	0	266	0	0	0	0	0	0	0	0	0	0	0	0	0	0	0	0	0	0	0	0	0	0	0	0	0	0	0	0	0	0	0	1608	0	2218	0	0	0	0	0	0	0	0	0	0	0	0	0	0	0	0	0	0	0	0	0	0	0	0	0	0	0	0	0	0	0	0	0	0	0	0	0	0	0	0	0	0	
143604	Frontal_Inf_Orb_L	0	0	4446	0	12264	0	2574	0	9186	0	0	0	5848	0	0	0	0	0	608	0	4178	262	194	0	0	0	2088	0	13362	0	358	178	0	0	0	0	1512	0	1378	0	1290	0	0	0	0	0	0	0	0	0	0	0	0	0	572	0	0	0	0	0	0	0	0	0	0	0	0	0	0	0	1012	258	5842	80	0	0	0	0	0	0	170	0	4142	0	0	0	0	0	0	0	0	0	0	0	0	0	0	0	0	0	0	0	0	0	0	0	0	0	0	0	0	0	0	0	0	0	
58796	Frontal_Inf_Orb_R	0	0	0	2162	0	1482	0	2740	0	5870	0	104	0	6912	0	0	0	0	0	282	0	376	0	150	0	494	0	86	0	6158	0	0	0	0	0	0	0	0	0	186	0	118	0	0	0	0	0	0	0	0	0	0	0	0	0	0	0	0	0	0	0	0	0	0	0	0	0	0	0	0	0	152	0	1612	0	0	0	0	0	0	0	208	0	306	0	0	0	0	0	0	0	0	0	0	0	0	0	0	0	0	0	0	0	0	0	0	0	0	0	0	0	0	0	0	0	0	
239304	Rolandic_Oper_L	12138	0	12336	1268	0	0	4396	0	0	0	14620	0	1118	0	0	0	0	0	7334	1274	0	0	0	0	0	0	0	0	14372	0	0	0	0	0	0	0	278	0	0	0	0	0	90	0	0	0	280	0	306	0	3042	0	1110	0	598	0	8994	0	194	0	734	0	2476	0	612	0	146	0	1582	0	0	0	414	0	0	0	0	0	3260	0	16254	0	1914	0	4054	0	0	0	4458	0	0	0	0	0	0	0	0	0	0	0	0	0	0	0	0	0	0	0	0	0	0	0	0	0	0	0	
140488	Rolandic_Oper_R	0	1206	0	9528	0	0	0	5556	0	0	0	11534	0	670	0	0	0	0	464	4656	0	0	0	0	0	0	0	0	0	17320	0	0	0	84	0	0	0	234	0	108	0	0	0	350	0	526	0	0	0	720	0	218	0	86	0	188	0	3214	0	304	0	118	0	3052	0	204	0	676	256	106	146	566	102	848	0	160	0	622	0	2438	0	1836	0	1802	0	188	0	0	0	158	0	0	0	0	0	0	0	0	0	0	0	0	0	0	0	0	0	0	0	0	0	0	0	0	0	0	
633228	Supp_Motor_Area_L	4546	286	65114	16092	1860	0	13066	288	0	0	12012	916	6056	720	608	0	7334	464	0	43422	144	0	5362	2112	0	0	998	0	20272	1696	4908	2574	9988	14626	1442	614	1358	188	514	158	0	0	0	0	0	0	0	0	0	0	0	0	0	0	338	0	2794	150	0	0	0	0	0	0	0	0	0	242	32960	472	6152	864	14180	942	1836	0	10728	160	490	0	3130	0	1438	0	0	0	0	0	0	0	0	0	0	0	0	0	0	0	0	0	0	0	0	0	0	0	0	0	0	0	0	0	0	0	0	0	
732668	Supp_Motor_Area_R	5004	4228	16242	77842	176	846	1684	2178	0	0	500	10372	158	4024	0	282	1274	4656	43422	0	0	0	2202	10824	0	1652	0	0	1614	10670	2030	18784	7542	39468	1142	2826	86	3444	98	1098	0	0	0	1670	0	1240	0	148	0	1066	0	990	0	714	0	2164	306	2062	0	248	0	84	0	1022	0	136	0	4168	13838	10550	2690	21148	1426	6904	788	300	408	12262	176	212	174	306	0	410	0	660	0	0	0	1696	0	0	0	0	0	0	0	0	0	0	0	0	0	0	0	0	0	0	0	0	0	0	0	0	0	0	
88460	Olfactory_L	0	0	256	0	1812	0	0	0	252	0	0	0	0	0	4178	0	0	0	144	0	0	4644	0	0	392	138	1652	668	4822	0	1668	968	0	0	0	0	1734	0	2050	0	1870	0	0	0	0	0	0	0	0	0	0	0	0	0	620	0	0	0	0	0	0	0	0	0	0	0	0	0	0	0	5438	3686	3406	662	0	0	0	0	0	0	432	0	2738	0	0	0	0	0	0	0	0	0	0	0	0	0	0	0	0	0	0	0	0	0	0	0	0	0	0	0	0	0	0	0	0	0	
69804	Olfactory_R	0	0	0	0	270	338	0	0	0	122	0	0	0	0	262	376	0	0	0	0	4644	0	0	0	0	402	824	1880	0	1700	1806	1684	0	0	0	0	0	812	0	742	0	1052	0	0	0	0	0	0	0	0	0	0	0	0	0	122	0	0	0	0	0	0	0	0	0	0	0	0	0	0	6268	5964	2960	2572	0	0	0	0	0	0	0	0	0	102	0	0	0	0	0	0	0	0	0	0	0	0	0	0	0	0	0	0	0	0	0	0	0	0	0	0	0	0	0	0	0	0	
254840	Frontal_Sup_Medial_L	0	0	28260	8964	1154	462	12080	914	88	0	0	228	1578	604	194	0	0	0	5362	2202	0	0	0	16100	994	714	230	0	1922	350	14756	11608	4544	9900	0	0	0	0	0	0	0	0	0	0	0	0	0	0	0	0	0	0	0	0	0	0	0	0	0	0	0	0	0	0	0	0	0	0	208	0	734	676	2042	552	0	0	0	0	0	0	0	0	0	0	0	0	0	0	0	0	0	0	0	0	0	0	0	0	0	0	0	0	0	0	0	0	0	0	0	0	0	0	0	0	0	0	
285036	Frontal_Sup_Medial_R	0	0	1688	32174	0	4374	144	2068	0	0	0	826	0	1880	0	150	0	0	2112	10824	0	0	16100	0	170	6170	0	0	0	1828	3412	25896	658	18228	0	0	0	0	0	0	0	0	0	0	0	0	0	0	0	0	0	0	0	0	0	0	0	0	0	0	0	0	0	0	0	0	0	0	0	0	136	7030	0	6650	0	0	0	0	0	0	0	0	0	0	0	0	0	0	0	0	0	0	0	0	0	0	0	0	0	0	0	0	0	0	0	0	0	0	0	0	0	0	0	0	0	0	
23388	Frontal_Med_Orb_L	0	0	414	0	2078	532	0	0	98	0	0	0	0	0	0	0	0	0	0	0	392	0	994	170	0	1580	1108	166	0	0	2714	218	0	0	0	0	0	0	0	0	0	0	0	0	0	0	0	0	0	0	0	0	0	0	0	0	0	0	0	0	0	0	0	0	0	0	0	0	0	0	856	84	290	0	0	0	0	0	0	0	0	0	0	0	0	0	0	0	0	0	0	0	0	0	0	0	0	0	0	0	0	0	0	0	0	0	0	0	0	0	0	0	0	0	0	0	
98624	Frontal_Med_Orb_R	0	0	120	3856	0	9938	0	0	0	116	0	0	0	0	0	494	0	0	0	1652	138	402	714	6170	1580	0	108	4678	0	512	1470	6038	0	0	0	0	0	0	0	0	0	0	0	0	0	0	0	0	0	0	0	0	0	0	0	0	0	0	0	0	0	0	0	0	0	0	0	0	0	0	140	5208	0	5978	0	0	0	0	0	0	0	0	0	0	0	0	0	0	0	0	0	0	0	0	0	0	0	0	0	0	0	0	0	0	0	0	0	0	0	0	0	0	0	0	0	0	
60080	Rectus_L	0	0	2438	114	7370	0	262	0	2162	0	0	0	394	0	2088	0	0	0	998	0	1652	824	230	0	1108	108	0	376	2596	0	1516	304	0	0	0	0	0	0	0	0	0	0	0	0	0	0	0	0	0	0	0	0	0	0	0	0	0	0	0	0	0	0	0	0	0	0	0	0	0	0	2950	660	1628	138	0	0	0	0	0	0	0	0	124	0	0	0	0	0	0	0	0	0	0	0	0	0	0	0	0	0	0	0	0	0	0	0	0	0	0	0	0	0	0	0	0	0	
34368	Rectus_R	0	0	0	0	80	5192	0	0	0	302	0	0	0	0	0	86	0	0	0	0	668	1880	0	0	166	4678	376	0	0	264	248	982	0	0	0	0	0	0	0	0	0	0	0	0	0	0	0	0	0	0	0	0	0	0	0	0	0	0	0	0	0	0	0	0	0	0	0	0	0	0	666	1054	248	294	0	0	0	0	0	0	0	0	0	0	0	0	0	0	0	0	0	0	0	0	0	0	0	0	0	0	0	0	0	0	0	0	0	0	0	0	0	0	0	0	0	0	
547192	Insula_L	18166	0	32860	1912	10582	0	13352	0	1602	0	16204	0	17662	0	13362	0	14372	0	20272	1614	4822	0	1922	0	0	0	2596	0	0	0	998	0	322	0	0	0	12258	0	3270	0	3454	0	146	0	0	0	410	0	234	0	2786	0	2868	0	4696	0	5378	0	304	0	704	0	1894	0	298	0	148	0	906	0	2654	370	17616	0	0	0	254	0	12030	0	10660	0	7106	0	5044	0	0	0	5488	0	0	0	0	0	0	0	0	0	0	0	0	0	0	0	0	0	0	0	0	0	0	0	0	0	0	0	
312504	Insula_R	0	3208	262	21492	0	752	0	10128	0	2158	0	23320	0	13848	0	6158	0	17320	1696	10670	0	1700	350	1828	0	512	0	264	0	0	102	1326	0	1570	0	0	0	2922	0	1124	0	1306	0	160	0	0	0	0	0	94	0	96	0	270	0	2354	0	1132	0	84	0	0	0	252	0	90	0	0	376	0	228	1136	204	13356	0	298	98	1378	0	2442	0	4312	0	1240	0	630	0	0	0	2006	0	0	0	0	0	0	0	0	0	0	0	0	0	0	0	0	0	0	0	0	0	0	0	0	0	0	
175424	Cingulum_Ant_L	0	0	11350	2538	1884	1112	3992	0	0	0	0	110	196	0	358	0	0	0	4908	2030	1668	1806	14756	3412	2714	1470	1516	248	998	102	0	10760	3386	1112	112	0	0	0	0	0	0	0	0	0	0	0	0	0	0	0	0	0	0	0	0	0	0	0	0	0	0	0	0	0	0	0	0	0	358	0	4858	3730	4066	2162	0	0	0	0	0	0	0	0	0	0	0	0	0	0	0	0	0	0	0	0	0	0	0	0	0	0	0	0	0	0	0	0	0	0	0	0	0	0	0	0	0	0	
357800	Cingulum_Ant_R	0	0	1640	32404	194	2214	358	1050	0	0	0	968	0	1788	178	0	0	0	2574	18784	968	1684	11608	25896	218	6038	304	982	0	1326	10760	0	2732	21284	0	0	0	0	0	0	0	0	0	0	0	0	0	0	0	0	0	0	0	0	0	0	0	0	0	0	0	0	0	0	0	0	0	0	230	0	1568	18430	178	12542	0	0	0	0	0	0	0	0	0	0	0	0	0	0	0	0	0	0	0	0	0	0	0	0	0	0	0	0	0	0	0	0	0	0	0	0	0	0	0	0	0	0	
183956	Cingulum_Mid_L	210	0	3538	1650	0	0	1546	0	0	0	0	0	270	0	0	0	0	0	9988	7542	0	0	4544	658	0	0	0	0	322	0	3386	2732	0	13610	4264	1914	0	0	0	0	0	0	1632	156	2718	92	1012	0	2910	0	4374	0	246	0	176	0	600	0	3316	0	282	0	0	0	124	0	8508	1880	7050	300	0	0	0	0	0	0	0	0	0	0	0	0	0	0	286	0	0	0	142	0	0	0	0	0	0	0	0	0	0	0	0	0	0	0	0	0	0	0	0	0	0	0	0	0	0	0	
445300	Cingulum_Mid_R	2288	1134	776	20160	0	0	0	1854	0	0	0	864	0	1588	0	0	0	84	14626	39468	0	0	9900	18228	0	0	0	0	0	1570	1112	21284	13610	0	2906	8924	0	784	0	382	0	0	0	4206	0	4502	0	804	0	3924	0	2478	0	954	0	1092	0	2842	0	312	0	0	0	198	0	0	666	16052	6892	13004	146	448	0	650	0	0	0	0	0	154	0	266	0	0	0	780	0	0	0	738	0	0	0	0	0	0	0	0	0	0	0	0	0	0	0	0	0	0	0	0	0	0	0	0	0	0	
120116	Cingulum_Post_L	2194	0	0	0	0	0	0	0	0	0	0	0	0	0	0	0	0	0	1442	1142	0	0	0	0	0	0	0	0	0	0	112	0	4264	2906	0	8072	3818	1768	1934	322	0	0	4584	158	1584	112	1056	540	652	0	744	0	484	0	708	92	470	0	250	0	0	0	0	0	0	0	9500	4228	3690	608	0	0	224	0	0	0	1654	172	0	0	0	0	0	0	0	0	0	0	0	0	0	0	0	0	0	0	0	0	0	0	0	0	0	0	0	0	0	0	0	0	574	0	0	0	0	0	
160780	Cingulum_Post_R	1948	566	0	496	0	0	0	0	0	0	0	0	0	0	0	0	0	0	614	2826	0	0	0	0	0	0	0	0	0	0	0	0	1914	8924	8072	0	2898	6316	1354	1544	0	0	0	2242	0	938	226	3434	0	494	0	718	0	708	254	1684	92	864	0	250	0	0	0	0	0	0	1840	15498	428	3458	0	0	236	0	0	0	4200	1930	0	114	0	122	0	0	0	514	0	0	0	1462	0	0	0	0	0	0	0	82	0	0	0	0	0	0	0	0	0	0	0	0	1130	0	0	0	0	0	
245320	Hippocampus_L	8878	0	2986	110	0	0	512	0	0	0	1200	0	246	0	1512	0	278	0	1358	86	1734	0	0	0	0	0	0	0	12258	0	0	0	0	0	3818	2898	0	1334	17222	216	6938	0	2106	0	0	0	7044	438	0	0	1152	0	1350	0	10740	0	1340	0	0	0	0	0	0	0	0	0	3528	812	1540	0	132	0	8534	0	496	0	3710	244	2452	0	2146	0	2582	0	300	0	92	0	5188	0	210	0	120	0	378	0	1006	0	334	0	84	0	200	0	336	0	0	0	0	0	482	0	0	0	0	0	
350944	Hippocampus_R	1512	6408	0	3238	0	0	0	528	0	0	0	678	0	376	0	0	0	234	188	3444	0	812	0	0	0	0	0	0	0	2922	0	0	0	784	1768	6316	1334	0	358	34184	0	9946	0	2650	0	226	164	6328	0	636	0	1602	0	4006	0	26958	0	262	0	228	0	0	0	1684	0	624	0	4302	304	1328	0	282	274	9846	0	1078	3816	6098	0	2256	0	4698	0	412	0	2682	0	0	0	9860	0	1662	0	138	0	632	0	2800	0	1726	0	0	0	144	0	168	0	0	0	0	568	0	0	0	0	0	
137832	ParaHippocampal_L	948	0	754	112	0	0	162	0	0	0	100	0	82	0	1378	0	0	0	514	98	2050	0	0	0	0	0	0	0	3270	0	0	0	0	0	1934	1354	17222	358	0	0	3280	0	1156	0	0	0	5814	304	0	0	348	0	616	0	6394	0	124	0	0	0	0	0	0	0	0	0	2388	518	300	0	78	0	3554	0	104	0	1126	186	106	0	352	0	2100	0	0	0	454	0	594	0	896	0	256	0	1524	0	2554	0	1514	0	278	0	444	0	690	0	0	0	0	132	396	0	0	0	0	0	
279164	ParaHippocampal_R	322	1206	0	1096	0	0	0	212	0	0	0	390	0	266	0	186	0	108	158	1098	0	742	0	0	0	0	0	0	0	1124	0	0	0	382	322	1544	216	34184	0	0	0	8376	0	3654	0	170	372	8852	0	690	0	2224	270	4812	310	25190	0	122	0	104	0	0	0	636	0	264	0	3150	138	388	0	264	126	6270	0	982	742	1920	0	1096	0	2008	0	1110	0	1112	0	0	0	3538	360	2386	0	904	0	810	0	6188	782	3444	0	96	0	350	0	322	0	0	0	0	470	1024	0	0	0	0	
49160	Amygdala_L	0	0	0	0	0	0	0	0	0	0	0	0	0	0	1290	0	0	0	0	0	1870	0	0	0	0	0	0	0	3454	0	0	0	0	0	0	0	6938	0	3280	0	0	0	0	0	0	0	0	0	0	0	0	0	0	0	3400	0	0	0	0	0	0	0	0	0	0	0	0	0	0	0	0	0	1250	0	0	0	0	0	0	0	288	0	2096	0	0	0	222	0	492	0	0	0	0	0	0	0	0	0	0	0	0	0	0	0	0	0	0	0	0	0	0	0	0	0	0	0	
60676	Amygdala_R	0	0	0	0	0	0	0	0	0	0	0	0	0	0	0	118	0	0	0	0	0	1052	0	0	0	0	0	0	0	1306	0	0	0	0	0	0	0	9946	0	8376	0	0	0	0	0	0	0	118	0	0	0	0	0	0	0	4814	0	0	0	0	0	0	0	0	0	0	0	0	0	0	0	0	0	2918	0	0	0	0	0	0	0	0	0	1446	0	0	0	0	0	158	0	0	0	0	0	0	0	86	0	0	0	0	0	0	0	0	0	0	0	0	0	0	0	0	0	0	
371972	Calcarine_L	106	0	0	0	0	0	0	0	0	0	0	0	0	0	0	0	90	0	0	0	0	0	0	0	0	0	0	0	146	0	0	0	1632	0	4584	0	2106	0	1156	0	0	0	0	10822	27422	7462	32476	6744	16852	1306	30416	256	11444	200	4672	408	278	0	2124	0	0	0	0	0	0	0	18608	1624	402	0	0	0	0	0	0	0	0	0	124	0	0	0	0	0	698	0	0	0	662	0	194	0	0	0	0	0	0	0	284	0	0	0	0	0	0	0	0	0	0	0	230	262	196	0	0	0	
482832	Calcarine_R	0	3226	0	94	0	0	0	254	0	0	0	0	0	0	0	0	0	350	0	1670	0	0	0	0	0	0	0	0	0	160	0	0	156	4206	158	2242	0	2650	0	3654	0	0	10822	0	8806	37424	3294	32490	102	24684	0	21740	116	17050	140	18568	0	3880	0	302	0	160	0	2162	0	954	1190	21490	102	4730	0	0	0	0	0	0	0	122	0	314	0	1478	0	0	0	2920	0	0	0	2238	228	0	0	136	0	0	0	582	402	568	0	0	0	0	0	0	0	0	0	0	902	2108	392	0	0	0	
286620	Cuneus_L	90	0	0	0	0	0	0	0	0	0	0	0	0	0	0	0	0	0	0	0	0	0	0	0	0	0	0	0	0	0	0	0	2718	0	1584	0	0	0	0	0	0	0	27422	8806	0	11228	10404	1986	25446	1506	20614	122	3742	0	2058	86	222	0	3130	0	110	0	0	0	194	0	18696	1976	430	0	0	0	0	0	0	0	0	0	0	0	0	0	0	0	392	0	0	0	266	0	0	0	0	0	0	0	0	0	0	0	0	0	0	0	0	0	0	0	0	0	82	0	0	0	0	0	
448232	Cuneus_R	0	7664	0	226	0	0	0	2446	0	0	0	162	0	0	0	0	0	526	0	1240	0	0	0	0	0	0	0	0	0	0	0	0	92	4502	112	938	0	226	0	170	0	0	7462	37424	11228	0	962	9650	258	46422	0	18068	0	7566	0	3006	0	10826	0	6874	0	112	0	1382	0	252	1128	32478	256	7900	0	0	0	0	0	0	0	0	0	312	0	422	0	0	0	448	0	0	0	248	0	0	0	0	0	0	0	0	0	316	0	0	0	0	0	0	0	0	0	0	78	598	136	0	0	0	
451416	Lingual_L	820	0	90	0	0	0	0	0	0	0	0	0	0	0	0	0	280	0	0	0	0	0	0	0	0	0	0	0	410	0	0	0	1012	0	1056	226	7044	164	5814	372	0	0	32476	3294	10404	962	0	5400	11370	122	32714	246	20814	502	21016	1296	568	88	1496	0	0	0	0	0	148	0	9402	790	566	142	0	0	320	0	0	0	1218	164	82	0	112	0	0	0	714	0	0	0	668	0	7048	926	880	600	1744	110	10170	510	14872	1336	332	0	574	0	452	0	0	0	0	630	4752	4346	2044	0	0	0	
419568	Lingual_R	214	300	0	0	0	0	0	0	0	0	0	0	0	0	0	0	0	0	0	148	0	0	0	0	0	0	0	0	0	0	0	0	0	804	540	3434	438	6328	304	8852	0	118	6744	32490	1986	9650	5400	0	274	8678	384	8222	848	11188	1436	30006	0	260	0	0	0	0	0	110	0	92	130	9006	0	378	0	0	90	254	0	214	458	270	0	0	0	122	0	0	0	574	0	0	0	830	2494	4682	880	434	0	1814	890	7956	5300	10750	112	0	166	270	0	392	0	0	0	104	6854	13596	1336	80	100	0	
354648	Occipital_Sup_L	148	0	0	0	0	0	0	0	0	0	0	0	0	0	0	0	306	0	0	0	0	0	0	0	0	0	0	0	234	0	0	0	2910	0	652	0	0	0	0	0	0	0	16852	102	25446	258	11370	274	0	0	54392	0	5298	0	1702	0	1628	0	18716	0	4370	0	176	0	1710	0	25296	388	964	0	0	0	0	0	0	0	0	0	0	0	292	0	0	0	2850	0	0	0	990	0	0	0	0	0	0	0	0	0	0	0	0	0	0	0	0	0	0	0	0	0	0	0	0	0	0	0	
432900	Occipital_Sup_R	0	6590	0	306	0	0	0	2910	0	0	0	232	0	0	0	0	0	720	0	1066	0	0	0	0	0	0	0	0	0	94	0	0	0	3924	0	494	0	636	0	690	0	0	1306	24684	1506	46422	122	8678	0	0	0	33526	0	10128	0	4444	0	8420	0	15364	0	1014	0	2124	0	4826	178	25104	0	5220	0	0	0	0	0	0	0	0	0	558	0	1280	0	0	0	2082	0	0	0	666	0	0	0	0	0	0	0	0	86	312	0	0	0	0	0	0	0	0	0	0	0	624	114	0	0	0	
726636	Occipital_Mid_L	6728	0	0	0	0	0	234	0	0	0	644	0	0	0	0	0	3042	0	0	0	0	0	0	0	0	0	0	0	2786	0	0	0	4374	0	744	0	1152	0	348	0	0	0	30416	0	20614	0	32714	384	54392	0	0	0	33046	0	10656	0	10118	0	30238	0	25072	0	3818	0	21006	0	28938	340	4776	0	0	0	0	0	0	0	0	0	1410	0	2140	0	0	0	23970	0	0	0	7880	0	230	0	0	0	0	0	0	0	520	0	0	0	0	0	0	0	0	0	0	0	160	274	154	0	0	0	
365572	Occipital_Mid_R	0	2962	0	98	0	0	0	518	0	0	0	90	0	0	0	0	0	218	0	990	0	0	0	0	0	0	0	0	0	96	0	0	0	2478	0	718	0	1602	0	2224	0	0	256	21740	122	18068	246	8222	0	33526	0	0	0	19414	0	8466	0	3118	0	5932	0	1726	0	936	0	11580	0	13432	0	3506	0	0	0	0	0	0	0	0	0	546	0	2344	0	0	0	13700	0	0	0	2220	118	0	0	0	0	0	0	202	216	238	0	0	0	0	0	0	0	0	0	0	90	724	104	0	0	0	
337700	Occipital_Inf_L	3252	0	0	0	0	0	0	0	0	0	244	0	0	0	0	0	1110	0	0	0	0	0	0	0	0	0	0	0	2868	0	0	0	246	0	484	0	1350	0	616	270	0	0	11444	116	3742	0	20814	848	5298	0	33046	0	0	310	28842	594	3446	0	610	0	2556	0	1020	0	956	0	3850	0	772	0	0	0	0	0	0	0	0	0	4036	0	2760	0	0	0	9930	0	0	0	12060	0	1932	280	210	164	0	0	650	90	4198	446	0	0	0	0	0	0	0	0	0	0	674	1796	920	0	0	0	
257544	Occipital_Inf_R	0	1182	0	146	0	0	0	128	0	0	0	0	0	0	0	0	0	86	0	714	0	0	0	0	0	0	0	0	0	270	0	0	0	954	0	708	0	4006	0	4812	0	0	200	17050	0	7566	502	11188	0	10128	0	19414	310	0	322	18242	0	1040	0	1198	0	440	0	576	0	1358	0	4220	0	1260	0	0	0	0	0	0	0	174	0	684	0	1526	0	0	0	5094	0	0	0	4218	558	358	224	82	0	0	0	228	1066	2500	0	0	0	0	0	0	0	0	0	0	436	3404	200	0	0	0	
460516	Fusiform_L	2530	0	390	0	0	0	0	0	0	0	244	0	0	0	572	0	598	0	338	0	620	0	0	0	0	0	0	0	4696	0	0	0	176	0	708	254	10740	0	6394	310	3400	0	4672	140	2058	0	21016	1436	1702	0	10656	0	28842	322	0	1246	2812	0	250	0	1988	0	222	0	460	0	2802	126	670	0	0	0	1346	0	0	0	94	0	3130	0	3384	0	2512	0	4082	0	630	0	14796	0	20416	1296	1660	208	350	82	16212	1642	29420	2022	2136	0	1928	0	430	0	0	0	0	668	5244	2154	1026	0	0	0	
557716	Fusiform_R	0	2222	0	542	0	0	0	180	0	0	0	156	0	0	0	0	0	188	0	2164	0	122	0	0	0	0	0	0	0	2354	0	0	0	1092	92	1684	0	26958	0	25190	0	4814	408	18568	86	3006	1296	30006	0	4444	0	8466	594	18242	1246	0	0	404	0	262	0	90	0	1050	0	496	0	2948	0	1702	0	0	0	2884	0	394	0	862	0	2102	0	5900	0	3302	0	7098	0	90	0	21688	1916	13060	684	1922	0	878	1054	14036	3736	20732	122	98	174	574	0	500	0	0	0	0	4608	8918	370	0	84	0	
288360	Postcentral_L	28796	0	5612	304	0	0	3188	0	0	0	5618	0	298	0	0	0	8994	0	2794	306	0	0	0	0	0	0	0	0	5378	0	0	0	600	0	470	92	1340	0	124	0	0	0	278	0	222	0	568	0	1628	0	10118	0	3446	0	2812	0	0	0	9060	0	20086	0	10934	0	394	0	2528	0	7026	0	1208	0	470	0	128	0	1992	0	3094	0	1972	0	0	0	990	0	0	0	1118	0	0	0	0	0	96	0	98	0	0	0	0	0	0	0	0	0	0	0	0	0	0	0	0	0	0	0	
239824	Postcentral_R	0	18534	0	976	0	0	0	3576	0	0	0	3452	0	0	0	0	0	3214	150	2062	0	0	0	0	0	0	0	0	0	1132	0	0	0	2842	0	864	0	262	0	122	0	0	0	3880	0	10826	88	260	0	8420	0	3118	0	1040	0	404	0	0	0	6448	0	6004	0	10772	0	1552	220	13866	552	11900	0	172	0	1080	0	118	0	0	0	634	0	432	0	0	0	684	0	0	0	256	0	0	0	0	0	0	0	0	0	0	0	0	0	0	0	0	0	0	0	0	0	0	0	0	0	0	
225124	Parietal_Sup_L	1968	0	0	0	0	0	0	0	0	0	0	0	0	0	0	0	194	0	0	0	0	0	0	0	0	0	0	0	304	0	0	0	3316	0	250	0	0	0	0	0	0	0	2124	0	3130	0	1496	0	18716	0	30238	0	610	0	250	0	9060	0	0	0	15310	0	260	0	1474	0	19948	426	1724	0	0	0	0	0	0	0	0	0	0	0	124	0	0	0	1116	0	0	0	524	0	0	0	0	0	0	0	0	0	0	0	0	0	0	0	0	0	0	0	0	0	0	0	0	0	0	0	
173840	Parietal_Sup_R	0	2402	0	140	0	0	0	2060	0	0	0	88	0	0	0	0	0	304	0	248	0	0	0	0	0	0	0	0	0	84	0	0	0	312	0	250	0	228	0	104	0	0	0	302	0	6874	0	0	0	15364	0	5932	0	1198	0	262	0	6448	0	0	0	13122	0	928	0	12650	390	11150	0	986	0	0	0	0	0	0	0	0	0	314	0	1358	0	0	0	3092	0	0	0	330	0	0	0	0	0	0	0	0	0	0	0	0	0	0	0	0	0	0	0	0	0	0	0	0	0	0	
251584	Parietal_Inf_L	7668	0	0	0	0	0	90	0	0	0	178	0	0	0	0	0	734	0	0	0	0	0	0	0	0	0	0	0	704	0	0	0	282	0	0	0	0	0	0	0	0	0	0	0	110	0	0	0	4370	0	25072	0	2556	0	1988	0	20086	0	15310	0	0	0	15412	0	18298	0	1686	0	1804	0	0	0	0	0	0	0	80	0	170	0	1130	0	0	0	5856	0	0	0	2208	0	0	0	0	0	0	0	0	0	0	0	0	0	0	0	0	0	0	0	0	0	0	0	0	0	0	0	
119028	Parietal_Inf_R	0	2376	0	0	0	0	0	1800	0	0	0	360	0	0	0	0	0	118	0	84	0	0	0	0	0	0	0	0	0	0	0	0	0	0	0	0	0	0	0	0	0	0	0	160	0	112	0	0	0	1014	0	1726	0	440	0	90	0	6004	0	13122	0	0	0	8446	0	17474	0	1334	0	272	0	0	0	0	0	0	0	0	0	122	0	1246	0	0	0	3120	0	0	0	94	0	0	0	0	0	0	0	0	0	0	0	0	0	0	0	0	0	0	0	0	0	0	0	0	0	0	
134504	SupraMarginal_L	4276	0	0	0	0	0	0	0	0	0	188	0	0	0	0	0	2476	0	0	0	0	0	0	0	0	0	0	0	1894	0	0	0	0	0	0	0	0	0	0	0	0	0	0	0	0	0	0	0	176	0	3818	0	1020	0	222	0	10934	0	260	0	15412	0	0	0	6854	0	0	0	216	0	0	0	0	0	0	0	0	0	442	0	6904	0	0	0	9300	0	0	0	2860	0	0	0	0	0	0	0	0	0	0	0	0	0	0	0	0	0	0	0	0	0	0	0	0	0	0	0	
140548	SupraMarginal_R	0	4636	0	752	0	0	0	2978	0	0	0	1146	0	0	0	0	0	3052	0	1022	0	0	0	0	0	0	0	0	0	252	0	0	0	198	0	0	0	1684	0	636	0	0	0	2162	0	1382	0	110	0	2124	0	936	0	576	0	1050	0	10772	0	928	0	8446	0	0	0	8992	0	1126	0	276	0	116	0	0	0	0	0	0	0	1736	0	8938	0	0	0	3098	0	0	0	1150	0	0	0	0	0	0	0	0	0	0	0	0	0	0	0	0	0	0	0	0	0	0	0	0	0	0	
146784	Angular_L	366	0	0	0	0	0	0	0	0	0	0	0	0	0	0	0	612	0	0	0	0	0	0	0	0	0	0	0	298	0	0	0	124	0	0	0	0	0	0	0	0	0	0	0	194	0	148	0	1710	0	21006	0	956	0	460	0	394	0	1474	0	18298	0	6854	0	0	0	588	0	244	0	0	0	0	0	0	0	0	0	126	0	2842	0	0	0	15060	0	0	0	1638	0	0	0	0	0	0	0	0	0	0	0	0	0	0	0	0	0	0	0	0	0	0	0	0	0	0	0	
180312	Angular_R	0	2468	0	102	0	0	0	2044	0	0	0	408	0	0	0	0	0	204	0	136	0	0	0	0	0	0	0	0	0	90	0	0	0	0	0	0	0	624	0	264	0	0	0	954	0	252	0	92	0	4826	0	11580	0	1358	0	496	0	1552	0	12650	0	17474	0	8992	0	0	0	1122	0	110	0	0	0	0	0	0	0	0	0	494	0	8688	0	0	0	12610	0	0	0	566	0	0	0	0	0	0	0	0	0	0	0	0	0	0	0	0	0	0	0	0	0	0	0	0	0	0	
359988	Precuneus_L	212	0	0	0	0	0	0	0	0	0	0	0	0	0	0	0	146	0	0	0	0	0	0	0	0	0	0	0	148	0	0	0	8508	666	9500	1840	3528	0	2388	0	0	0	18608	1190	18696	1128	9402	130	25296	178	28938	0	3850	0	2802	0	2528	220	19948	390	1686	0	0	0	588	0	0	10954	2432	406	0	0	0	0	0	0	0	0	0	0	138	0	0	0	2150	0	0	0	946	0	0	0	0	0	0	0	0	0	82	0	0	0	0	0	0	0	0	0	0	0	372	0	0	0	0	0	
487496	Precuneus_R	420	9158	0	302	0	0	0	2170	0	0	0	140	0	0	0	0	0	676	242	4168	0	0	0	0	0	0	0	0	0	0	0	0	1880	16052	4228	15498	812	4302	518	3150	0	0	1624	21490	1976	32478	790	9006	388	25104	340	13432	0	4220	126	2948	0	13866	426	11150	0	1334	0	1126	0	1122	10954	0	636	17648	0	0	0	0	0	0	766	114	0	604	0	612	0	0	0	1278	0	0	0	1314	0	0	0	0	0	0	0	1004	0	0	0	0	0	0	0	0	0	0	0	0	1960	196	0	0	0	0	
308988	Paracentral_Lobule_L	15492	342	3506	5270	0	0	150	0	0	0	434	90	0	0	0	0	1582	256	32960	13838	0	0	208	0	0	0	0	0	906	376	358	230	7050	6892	3690	428	1540	304	300	138	0	0	402	102	430	256	566	0	964	0	4776	0	772	0	670	0	7026	552	1724	0	1804	0	216	0	244	0	2432	636	0	1880	5384	632	7774	458	2090	0	14346	260	132	0	812	0	0	0	274	0	0	0	220	0	0	0	0	0	160	0	160	0	0	0	0	0	0	0	0	0	0	0	0	0	0	0	0	0	0	0	
197064	Paracentral_Lobule_R	688	5912	0	0	0	0	0	454	0	0	0	0	0	0	0	0	0	106	472	10550	0	0	0	0	0	0	0	0	0	0	0	0	300	13004	608	3458	0	1328	0	388	0	0	0	4730	0	7900	142	378	0	5220	0	3506	0	1260	0	1702	0	11900	0	986	0	272	0	276	0	110	406	17648	1880	0	0	0	0	0	0	0	0	0	0	274	0	388	0	0	0	878	0	0	0	1408	0	0	0	0	0	0	0	0	0	0	0	0	0	0	0	0	0	0	0	0	0	0	0	0	0	0	
170144	Caudate_L	2482	78	4138	2976	2096	0	2192	0	138	0	174	0	374	0	1012	0	0	146	6152	2690	5438	6268	734	136	856	140	2950	666	2654	228	4858	1568	0	146	0	0	132	0	78	0	0	0	0	0	0	0	0	0	0	0	0	0	0	0	0	0	1208	0	0	0	0	0	0	0	0	0	0	0	5384	0	0	7846	9756	1428	1102	0	6564	180	0	0	0	0	104	0	0	0	0	0	0	0	0	0	0	0	0	0	0	0	0	0	0	0	0	0	0	0	0	0	0	0	0	0	0	0	0	0	
297724	Caudate_R	342	2938	956	22904	302	2078	770	820	0	96	0	528	114	1608	258	152	0	566	864	21148	3686	5964	676	7030	84	5208	660	1054	370	1136	3730	18430	0	448	0	0	0	282	0	264	0	0	0	0	0	0	0	0	0	0	0	0	0	0	0	0	0	172	0	0	0	0	0	116	0	0	0	0	632	0	7846	0	2702	17558	0	808	240	13322	0	0	0	0	0	0	0	0	0	0	0	0	0	0	0	0	0	0	0	0	0	0	0	0	0	0	0	0	0	0	0	0	0	0	0	0	0	0	
300440	Putamen_L	5852	112	18318	1386	6566	0	3744	0	710	0	692	0	2136	0	5842	0	414	102	14180	1426	3406	2960	2042	0	290	0	1628	248	17616	204	4066	178	0	0	224	236	8534	274	3554	126	1250	0	0	0	0	0	320	90	0	0	0	0	0	0	1346	0	470	0	0	0	0	0	0	0	0	0	0	0	7774	0	9756	2702	0	654	7406	0	7230	240	0	0	788	0	870	0	0	0	0	0	178	0	88	0	0	0	518	0	672	0	0	0	0	0	204	0	598	0	0	0	0	0	0	0	0	0	0	0	
275180	Putamen_R	0	3080	296	14164	88	3870	0	2586	0	1680	0	4664	0	2218	80	1612	0	848	942	6904	662	2572	552	6650	0	5978	138	294	0	13356	2162	12542	0	650	0	0	0	9846	0	6270	0	2918	0	0	0	0	0	254	0	0	0	0	0	0	0	2884	0	1080	0	0	0	0	0	0	0	0	0	0	458	0	1428	17558	654	0	0	2212	246	1698	0	110	0	668	0	0	0	0	0	0	0	104	0	202	0	0	0	0	0	196	0	216	0	0	0	0	0	0	0	0	0	0	0	0	0	0	0	0	
43716	Pallidum_L	630	0	2374	786	0	0	462	0	0	0	0	0	0	0	0	0	0	0	1836	788	0	0	0	0	0	0	0	0	0	0	0	0	0	0	0	0	496	0	104	0	0	0	0	0	0	0	0	0	0	0	0	0	0	0	0	0	128	0	0	0	0	0	0	0	0	0	0	0	2090	0	1102	0	7406	0	0	0	3656	0	0	0	0	0	0	0	0	0	0	0	0	0	0	0	0	0	0	0	0	0	0	0	0	0	0	0	0	0	0	0	0	0	0	0	0	0	0	0	
15200	Pallidum_R	0	282	0	120	0	0	0	164	0	0	0	204	0	0	0	0	0	160	0	300	0	0	0	0	0	0	0	0	0	298	0	0	0	0	0	0	0	1078	0	982	0	0	0	0	0	0	0	214	0	0	0	0	0	0	0	394	0	118	0	0	0	0	0	0	0	0	0	0	0	0	0	808	0	2212	0	0	0	0	0	0	0	0	0	0	0	0	0	0	0	0	0	0	0	0	0	0	0	266	0	0	0	0	0	0	0	0	0	0	0	0	0	0	0	0	0	0	
180964	Thalamus_L	11806	538	1102	1008	0	0	1348	0	0	0	0	0	0	0	0	0	0	0	10728	408	0	0	0	0	0	0	0	0	254	98	0	0	0	0	1654	4200	3710	3816	1126	742	0	0	0	0	0	0	1218	458	0	0	0	0	0	0	94	0	1992	0	0	0	80	0	0	0	0	0	0	766	14346	0	6564	240	7230	246	3656	0	0	5562	0	0	0	0	0	0	0	0	0	0	0	0	0	0	0	0	2742	0	2532	0	0	0	0	0	0	0	0	0	0	0	0	134	84	0	0	0	0	0	
156484	Thalamus_R	440	7728	124	18130	0	0	0	1654	0	0	0	556	0	0	0	0	0	622	160	12262	0	0	0	0	0	0	0	0	0	1378	0	0	0	0	172	1930	244	6098	186	1920	0	0	0	122	0	0	164	270	0	0	0	0	0	174	0	862	0	0	0	0	0	0	0	0	0	0	0	114	260	0	180	13322	240	1698	0	0	5562	0	0	230	0	308	0	0	0	0	0	0	0	314	0	220	0	0	126	0	114	0	0	228	0	0	0	0	0	0	0	0	0	130	0	0	0	0	0	0	
133840	Heschl_L	11000	0	776	178	0	0	78	0	0	0	2054	0	414	0	0	0	3260	0	490	176	0	0	0	0	0	0	0	0	12030	0	0	0	0	0	0	0	2452	0	106	0	0	0	124	0	0	0	82	0	0	0	1410	0	4036	0	3130	0	3094	0	0	0	170	0	442	0	126	0	0	0	132	0	0	0	0	0	0	0	0	0	0	0	6934	0	0	0	8642	0	0	0	5584	0	0	0	0	0	0	0	0	0	0	0	0	0	0	0	0	0	0	0	0	0	0	0	0	0	0	0	
68884	Heschl_R	0	902	0	102	0	0	0	0	0	0	0	292	0	0	0	0	0	2438	0	212	0	0	0	0	0	0	0	0	0	2442	0	0	0	154	0	114	0	2256	0	1096	0	0	0	314	0	312	0	0	0	558	0	546	0	684	0	2102	0	634	0	314	0	122	0	1736	0	494	0	604	0	274	0	0	0	110	0	0	0	230	0	0	0	10066	0	226	0	2132	0	0	0	2976	0	0	0	0	0	0	0	0	0	0	0	0	0	0	0	0	0	0	0	0	0	0	0	0	0	0	
275780	Temporal_Sup_L	6892	0	6206	174	0	0	2730	0	0	0	7866	0	800	0	170	0	16254	0	3130	174	432	0	0	0	0	0	0	0	10660	0	0	0	0	0	0	0	2146	0	352	0	288	0	0	0	0	0	112	0	292	0	2140	0	2760	0	3384	0	1972	0	124	0	1130	0	6904	0	2842	0	138	0	812	0	0	0	788	0	0	0	0	0	6934	0	0	0	3082	0	27222	0	0	0	18980	0	0	0	0	0	0	0	0	0	0	0	0	0	0	0	0	0	0	0	0	0	0	0	0	0	0	0	
202388	Temporal_Sup_R	0	1024	0	142	0	0	0	340	0	0	0	108	0	0	0	208	0	1836	0	306	0	0	0	0	0	0	0	0	0	4312	0	0	0	266	0	122	0	4698	0	2008	0	0	0	1478	0	422	0	122	0	1280	0	2344	0	1526	0	5900	0	432	0	1358	0	1246	0	8938	0	8688	0	612	0	388	0	0	0	668	0	0	0	308	0	10066	0	0	0	1162	0	24816	0	802	0	13026	0	242	0	0	0	0	0	0	0	0	0	0	0	0	0	0	0	0	0	0	0	0	0	0	0	0	
92116	Temporal_Pole_Sup_L	0	0	1494	0	970	0	144	0	180	0	2084	0	196	0	4142	0	1914	0	1438	0	2738	0	0	0	0	0	124	0	7106	0	0	0	0	0	0	0	2582	0	2100	0	2096	0	0	0	0	0	0	0	0	0	0	0	0	0	2512	0	0	0	0	0	0	0	0	0	0	0	0	0	0	0	104	0	870	0	0	0	0	0	0	0	3082	0	0	0	4064	0	1784	0	4334	0	0	0	0	0	0	0	0	0	0	0	0	0	0	0	0	0	0	0	0	0	0	0	0	0	0	0	
35412	Temporal_Pole_Sup_R	0	0	0	1004	0	0	0	442	0	0	0	1242	0	0	0	306	0	1802	0	410	0	102	0	0	0	0	0	0	0	1240	0	0	0	0	0	0	0	412	0	1110	0	1446	0	0	0	0	0	0	0	0	0	0	0	0	0	3302	0	0	0	0	0	0	0	0	0	0	0	0	0	0	0	0	0	0	0	0	0	0	0	226	0	1162	0	0	0	492	0	984	0	2024	0	0	0	0	0	0	0	0	0	0	0	0	0	0	0	0	0	0	0	0	0	0	0	0	0	0	
342920	Temporal_Mid_L	4844	0	0	0	0	0	0	0	0	0	0	0	0	0	0	0	4054	0	0	0	0	0	0	0	0	0	0	0	5044	0	0	0	286	0	0	0	300	0	0	0	0	0	698	0	392	0	714	0	2850	0	23970	0	9930	0	4082	0	990	0	1116	0	5856	0	9300	0	15060	0	2150	0	274	0	0	0	0	0	0	0	0	0	8642	0	27222	0	4064	0	0	0	1182	0	38440	0	0	0	0	0	0	0	0	0	0	0	0	0	0	0	0	0	0	0	0	0	0	0	0	0	0	0	
254436	Temporal_Mid_R	0	1324	0	90	0	0	0	774	0	0	0	118	0	0	0	0	0	188	0	660	0	0	0	0	0	0	0	0	0	630	0	0	0	780	0	514	0	2682	0	1112	0	0	0	2920	0	448	0	574	0	2082	0	13700	0	5094	0	7098	0	684	0	3092	0	3120	0	3098	0	12610	0	1278	0	878	0	0	0	0	0	0	0	0	0	2132	0	24816	0	492	0	0	0	2326	0	30366	0	542	0	0	0	0	0	390	0	380	0	0	0	0	0	0	0	0	0	0	0	226	0	0	0	0	
11468	Temporal_Pole_Mid_L	0	0	0	0	0	0	0	0	0	0	0	0	0	0	0	0	0	0	0	0	0	0	0	0	0	0	0	0	0	0	0	0	0	0	0	0	92	0	454	0	222	0	0	0	0	0	0	0	0	0	0	0	0	0	630	0	0	0	0	0	0	0	0	0	0	0	0	0	0	0	0	0	0	0	0	0	0	0	0	0	0	0	1784	0	1182	0	0	0	1370	0	0	0	0	0	0	0	0	0	0	0	0	0	0	0	0	0	0	0	0	0	0	0	0	0	0	0	
11384	Temporal_Pole_Mid_R	0	0	0	0	0	0	0	0	0	0	0	0	0	0	0	0	0	0	0	0	0	0	0	0	0	0	0	0	0	0	0	0	0	0	0	0	0	0	0	0	0	0	0	0	0	0	0	0	0	0	0	0	0	0	0	90	0	0	0	0	0	0	0	0	0	0	0	0	0	0	0	0	0	0	0	0	0	0	0	0	0	802	0	984	0	2326	0	0	0	1490	0	0	0	0	0	0	0	0	0	0	0	0	0	0	0	0	0	0	0	0	0	0	0	0	0	0	
280916	Temporal_Inf_L	3028	0	0	0	0	0	0	0	0	0	0	0	0	0	0	0	4458	0	0	0	0	0	0	0	0	0	0	0	5488	0	0	0	142	0	0	0	5188	0	594	0	492	0	662	0	266	0	668	0	990	0	7880	0	12060	0	14796	0	1118	0	524	0	2208	0	2860	0	1638	0	946	0	220	0	0	0	178	0	0	0	0	0	5584	0	18980	0	4334	0	38440	0	1370	0	0	0	3390	0	714	0	0	0	0	0	672	0	416	0	154	0	0	0	0	0	0	0	0	0	0	0	0	0	
224696	Temporal_Inf_R	0	1852	0	256	0	0	0	128	0	0	0	0	0	0	0	0	0	158	0	1696	0	0	0	0	0	0	0	0	0	2006	0	0	0	738	0	1462	0	9860	0	3538	0	158	0	2238	0	248	0	830	0	666	0	2220	0	4218	0	21688	0	256	0	330	0	94	0	1150	0	566	0	1314	0	1408	0	0	0	104	0	0	0	314	0	2976	0	13026	0	2024	0	30366	0	1490	0	0	0	1870	0	88	0	0	0	336	0	418	0	0	0	0	0	0	0	0	0	0	0	258	0	0	0	0	
548420	Cerebelum_Crus1_L	0	0	0	0	0	0	0	0	0	0	0	0	0	0	0	0	0	0	0	0	0	0	0	0	0	0	0	0	0	0	0	0	0	0	0	0	210	0	896	360	0	0	194	228	0	0	7048	2494	0	0	230	118	1932	558	20416	1916	0	0	0	0	0	0	0	0	0	0	0	0	0	0	0	0	88	0	0	0	0	0	0	0	0	0	0	0	0	0	0	0	3390	0	0	4944	39234	5854	3524	1212	29846	1726	59682	5118	20676	548	20524	998	5612	492	938	0	632	3478	9502	7688	9262	1030	1056	556	
458344	Cerebelum_Crus1_R	0	0	0	0	0	0	0	0	0	0	0	0	0	0	0	0	0	0	0	0	0	0	0	0	0	0	0	0	0	0	0	0	0	0	0	0	0	1662	0	2386	0	0	0	0	0	0	926	4682	0	0	0	0	280	358	1296	13060	0	0	0	0	0	0	0	0	0	0	0	0	0	0	0	0	0	202	0	0	0	220	0	0	0	242	0	0	0	542	0	0	0	1870	4944	0	1986	31038	242	5104	3924	24494	4384	60218	1058	4126	882	12780	268	4130	0	448	722	4782	12032	9898	8820	2308	2028	830	
334292	Cerebelum_Crus2_L	0	0	0	0	0	0	0	0	0	0	0	0	0	0	0	0	0	0	0	0	0	0	0	0	0	0	0	0	0	0	0	0	0	0	0	0	120	0	256	0	0	0	0	0	0	0	880	880	0	0	0	0	210	224	1660	684	0	0	0	0	0	0	0	0	0	0	0	0	0	0	0	0	0	0	0	0	0	0	0	0	0	0	0	0	0	0	0	0	714	0	39234	1986	0	8150	1732	0	5150	224	12776	1278	36246	1466	29672	390	5564	240	426	0	110	508	778	3422	9910	1350	458	448	
353348	Cerebelum_Crus2_R	0	0	0	0	0	0	0	0	0	0	0	0	0	0	0	0	0	0	0	0	0	0	0	0	0	0	0	0	0	0	0	0	0	0	0	0	0	138	0	904	0	0	0	136	0	0	600	434	0	0	0	0	164	82	208	1922	0	0	0	0	0	0	0	0	0	0	0	0	0	0	0	0	0	0	0	0	0	0	0	0	0	0	0	0	0	0	0	0	0	88	5854	31038	8150	0	444	1782	1332	3722	1686	11684	4582	26294	3152	33534	854	6664	0	1404	548	2002	1276	3342	14756	4490	2322	1086	
92984	Cerebelum_3_L	1906	0	102	0	0	0	0	0	0	0	0	0	0	0	0	0	0	0	0	0	0	0	0	0	0	0	0	0	0	0	0	0	0	0	0	0	378	0	1524	0	0	0	0	0	0	0	1744	0	0	0	0	0	0	0	350	0	96	0	0	0	0	0	0	0	0	0	0	0	160	0	0	0	518	0	0	0	2742	126	0	0	0	0	0	0	0	0	0	0	0	0	3524	242	1732	444	0	350	12398	112	3698	132	1288	120	2746	388	2378	586	0	0	1204	2514	560	0	678	690	634	428	
106676	Cerebelum_3_R	0	0	0	0	0	0	0	0	0	0	0	0	0	0	0	0	0	0	0	0	0	0	0	0	0	0	0	0	0	0	0	0	0	0	0	0	0	632	0	810	0	0	0	0	0	0	110	1814	0	0	0	0	0	0	82	878	0	0	0	0	0	0	0	0	0	0	0	0	0	0	0	0	0	0	0	0	0	0	0	0	0	0	0	0	0	0	0	0	0	0	1212	5104	0	1782	350	0	1822	6946	1244	7898	138	340	538	2788	112	3186	0	0	394	7374	1994	146	1078	2188	2226	152	
387644	Cerebelum_4_5_L	1800	0	106	0	0	0	0	0	0	0	0	0	0	0	0	0	0	0	0	0	0	0	0	0	0	0	0	0	0	0	0	0	0	0	0	0	1006	0	2554	0	0	0	0	0	0	0	10170	890	0	0	0	0	650	0	16212	1054	98	0	0	0	0	0	0	0	0	0	0	0	160	0	0	0	672	0	0	0	2532	114	0	0	0	0	0	0	0	0	0	0	0	0	29846	3924	5150	1332	12398	1822	0	3440	41626	4908	4528	174	7190	1346	4714	824	484	0	996	5944	18796	1680	1370	1318	1346	648	
283372	Cerebelum_4_5_R	0	0	0	0	0	0	0	0	0	0	0	0	0	0	0	0	0	0	0	0	0	0	0	0	0	0	0	0	0	0	0	0	0	0	0	82	0	2800	0	6188	0	86	0	582	0	0	510	7956	0	0	0	202	90	228	1642	14036	0	0	0	0	0	0	0	0	0	0	0	1004	0	0	0	0	0	196	0	266	0	0	0	0	0	0	0	0	0	390	0	0	0	336	1726	24494	224	3722	112	6946	3440	0	3166	36172	162	384	246	2430	0	1712	0	142	0	4158	14150	842	202	310	352	0	
523932	Cerebelum_6_L	0	0	0	0	0	0	0	0	0	0	0	0	0	0	0	0	0	0	0	0	0	0	0	0	0	0	0	0	0	0	0	0	0	0	0	0	334	0	1514	782	0	0	284	402	0	0	14872	5300	0	86	520	216	4198	1066	29420	3736	0	0	0	0	0	0	0	0	0	0	82	0	0	0	0	0	0	0	0	0	0	0	0	0	0	0	0	0	0	0	0	0	672	0	59682	4384	12776	1686	3698	1244	41626	3166	0	7318	9746	122	9112	964	2666	592	958	0	578	3732	16382	11618	3632	940	1054	806	
472860	Cerebelum_6_R	0	0	0	0	0	0	0	0	0	0	0	0	0	0	0	0	0	0	0	0	0	0	0	0	0	0	0	0	0	0	0	0	0	0	0	0	0	1726	0	3444	0	0	0	568	0	316	1336	10750	0	312	0	238	446	2500	2022	20732	0	0	0	0	0	0	0	0	0	0	0	0	0	0	0	0	0	216	0	0	0	228	0	0	0	0	0	0	0	380	0	0	0	418	5118	60218	1278	11684	132	7898	4908	36172	7318	0	314	606	480	6278	96	2824	0	590	390	4956	16882	13876	5466	1518	1276	520	
283520	Cerebelum_7b_L	0	0	0	0	0	0	0	0	0	0	0	0	0	0	0	0	0	0	0	0	0	0	0	0	0	0	0	0	0	0	0	0	0	0	0	0	84	0	278	0	0	0	0	0	0	0	332	112	0	0	0	0	0	0	2136	122	0	0	0	0	0	0	0	0	0	0	0	0	0	0	0	0	0	0	0	0	0	0	0	0	0	0	0	0	0	0	0	0	416	0	20676	1058	36246	4582	1288	138	4528	162	9746	314	0	874	37138	2548	5594	518	682	0	0	604	912	376	5400	4102	694	100	
150016	Cerebelum_7b_R	0	0	0	0	0	0	0	0	0	0	0	0	0	0	0	0	0	0	0	0	0	0	0	0	0	0	0	0	0	0	0	0	0	0	0	0	0	0	0	96	0	0	0	0	0	0	0	0	0	0	0	0	0	0	0	98	0	0	0	0	0	0	0	0	0	0	0	0	0	0	0	0	0	0	0	0	0	0	0	0	0	0	0	0	0	0	0	0	0	0	548	4126	1466	26294	120	340	174	384	122	606	874	0	646	27010	186	6026	0	766	0	348	130	238	1816	1470	826	298	
338772	Cerebelum_8_L	0	0	0	0	0	0	0	0	0	0	0	0	0	0	0	0	0	0	0	0	0	0	0	0	0	0	0	0	0	0	0	0	0	0	0	0	200	0	444	0	0	0	0	0	0	0	574	166	0	0	0	0	0	0	1928	174	0	0	0	0	0	0	0	0	0	0	0	0	0	0	0	0	204	0	0	0	0	0	0	0	0	0	0	0	0	0	0	0	154	0	20524	882	29672	3152	2746	538	7190	246	9112	480	37138	646	0	4548	23674	2634	2724	0	214	1278	1350	364	4084	8034	3348	964	
291944	Cerebelum_8_R	0	0	0	0	0	0	0	0	0	0	0	0	0	0	0	0	0	0	0	0	0	0	0	0	0	0	0	0	0	0	0	0	0	0	0	0	0	144	0	350	0	0	0	0	0	0	0	270	0	0	0	0	0	0	0	574	0	0	0	0	0	0	0	0	0	0	0	0	0	0	0	0	0	0	0	0	0	0	0	0	0	0	0	0	0	0	0	0	0	0	998	12780	390	33534	388	2788	1346	2430	964	6278	2548	27010	4548	0	794	22730	0	2678	486	2716	1466	750	3888	7846	4164	1114	
144040	Cerebelum_9_L	158	0	0	0	0	0	88	0	0	0	0	0	0	0	0	0	0	0	0	0	0	0	0	0	0	0	0	0	0	0	0	0	0	0	0	0	336	0	690	0	0	0	0	0	0	0	452	0	0	0	0	0	0	0	430	0	0	0	0	0	0	0	0	0	0	0	0	0	0	0	0	0	598	0	0	0	0	0	0	0	0	0	0	0	0	0	0	0	0	0	5612	268	5564	854	2378	112	4714	0	2666	96	5594	186	23674	794	0	1962	5252	0	114	536	430	362	1296	2290	2820	1694	
180836	Cerebelum_9_R	0	0	0	0	0	0	0	0	0	0	0	0	0	0	0	0	0	0	0	0	0	0	0	0	0	0	0	0	0	0	0	0	0	0	0	0	0	168	0	322	0	0	0	0	0	0	0	392	0	0	0	0	0	0	0	500	0	0	0	0	0	0	0	0	0	0	0	0	0	0	0	0	0	0	0	0	0	0	0	0	0	0	0	0	0	0	0	0	0	0	492	4130	240	6664	586	3186	824	1712	592	2824	518	6026	2634	22730	1962	0	0	2084	1044	2980	948	1592	3544	8146	9304	4274	
23188	Cerebelum_10_L	0	0	0	0	0	0	0	0	0	0	0	0	0	0	0	0	0	0	0	0	0	0	0	0	0	0	0	0	0	0	0	0	0	0	0	0	0	0	0	0	0	0	0	0	0	0	0	0	0	0	0	0	0	0	0	0	0	0	0	0	0	0	0	0	0	0	0	0	0	0	0	0	0	0	0	0	0	0	0	0	0	0	0	0	0	0	0	0	0	0	938	0	426	0	0	0	484	0	958	0	682	0	2724	0	5252	0	0	0	0	0	130	0	0	0	0	0	
16224	Cerebelum_10_R	0	0	0	0	0	0	0	0	0	0	0	0	0	0	0	0	0	0	0	0	0	0	0	0	0	0	0	0	0	0	0	0	0	0	0	0	0	0	0	0	0	0	0	0	0	0	0	0	0	0	0	0	0	0	0	0	0	0	0	0	0	0	0	0	0	0	0	0	0	0	0	0	0	0	0	0	0	0	0	0	0	0	0	0	0	0	0	0	0	0	0	448	0	1404	0	0	0	142	0	590	0	766	0	2678	0	2084	0	0	0	0	0	0	0	0	0	0	
33944	Vermis_1_2	0	0	0	0	0	0	0	0	0	0	0	0	0	0	0	0	0	0	0	0	0	0	0	0	0	0	0	0	0	0	0	0	0	0	0	0	0	0	0	0	0	0	0	0	0	0	0	0	0	0	0	0	0	0	0	0	0	0	0	0	0	0	0	0	0	0	0	0	0	0	0	0	0	0	0	0	0	0	0	0	0	0	0	0	0	0	0	0	0	0	632	722	110	548	1204	394	996	0	578	390	0	0	214	486	114	1044	0	0	0	4344	1014	336	988	1258	1252	348	
137832	Vermis_3	0	0	0	0	0	0	0	0	0	0	0	0	0	0	0	0	0	0	0	0	0	0	0	0	0	0	0	0	0	0	0	0	0	0	0	0	0	0	132	0	0	0	0	0	0	0	630	104	0	0	0	0	0	0	668	0	0	0	0	0	0	0	0	0	0	0	0	0	0	0	0	0	0	0	0	0	134	130	0	0	0	0	0	0	0	0	0	0	0	0	3478	4782	508	2002	2514	7374	5944	4158	3732	4956	604	348	1278	2716	536	2980	0	0	4344	0	5926	404	2108	3080	3062	284	
292128	Vermis_4_5	0	0	0	0	0	0	0	0	0	0	0	0	0	0	0	0	0	0	0	0	0	0	0	0	0	0	0	0	0	0	0	0	0	0	574	1130	482	568	396	470	0	0	230	902	82	78	4752	6854	0	0	160	90	674	436	5244	4608	0	0	0	0	0	0	0	0	0	0	372	1960	0	0	0	0	0	0	0	0	84	0	0	0	0	0	0	0	0	0	0	0	0	0	9502	12032	778	1276	560	1994	18796	14150	16382	16882	912	130	1350	1466	430	948	130	0	1014	5926	0	5978	1174	1308	1532	1268	
