data	data	606028	346752	669908	538580	132288	97052	362652	265088	84032	124164	258264	226412	140512	208436	176056	173172	435476	184016	617208	831036	93588	105656	261252	281280	36632	86396	64908	120252	718248	473548	305448	438548	182268	483744	156676	199928	222684	349272	103728	194752	46676	76724	376432	362868	255912	294136	334164	295488	237148	293320	508540	245840	295656	111964	585644	467844	321944	178884	249468	115728	306248	150988	85424	161876	160224	144368	384536	421364	420096	231304	379332	360824	348280	332396	44988	10408	94776	158264	189328	51708	333884	193628	100000	94896	408540	282496	40076	48660	465768	227160	569064	446180	446488	275392	41996	59924	305212	225700	571504	505576	320536	161152	437360	322652	232624	224880	42472	49300	29568	77520	253236	281496	299004	216652	182716	22620	
data	data	Precentral_L	Precentral_R	Frontal_Sup_L	Frontal_Sup_R	Frontal_Sup_Orb_L	Frontal_Sup_Orb_R	Frontal_Mid_L	Frontal_Mid_R	Frontal_Mid_Orb_L	Frontal_Mid_Orb_R	Frontal_Inf_Oper_L	Frontal_Inf_Oper_R	Frontal_Inf_Tri_L	Frontal_Inf_Tri_R	Frontal_Inf_Orb_L	Frontal_Inf_Orb_R	Rolandic_Oper_L	Rolandic_Oper_R	Supp_Motor_Area_L	Supp_Motor_Area_R	Olfactory_L	Olfactory_R	Frontal_Sup_Medial_L	Frontal_Sup_Medial_R	Frontal_Med_Orb_L	Frontal_Med_Orb_R	Rectus_L	Rectus_R	Insula_L	Insula_R	Cingulum_Ant_L	Cingulum_Ant_R	Cingulum_Mid_L	Cingulum_Mid_R	Cingulum_Post_L	Cingulum_Post_R	Hippocampus_L	Hippocampus_R	ParaHippocampal_L	ParaHippocampal_R	Amygdala_L	Amygdala_R	Calcarine_L	Calcarine_R	Cuneus_L	Cuneus_R	Lingual_L	Lingual_R	Occipital_Sup_L	Occipital_Sup_R	Occipital_Mid_L	Occipital_Mid_R	Occipital_Inf_L	Occipital_Inf_R	Fusiform_L	Fusiform_R	Postcentral_L	Postcentral_R	Parietal_Sup_L	Parietal_Sup_R	Parietal_Inf_L	Parietal_Inf_R	SupraMarginal_L	SupraMarginal_R	Angular_L	Angular_R	Precuneus_L	Precuneus_R	Paracentral_Lobule_L	Paracentral_Lobule_R	Caudate_L	Caudate_R	Putamen_L	Putamen_R	Pallidum_L	Pallidum_R	Thalamus_L	Thalamus_R	Heschl_L	Heschl_R	Temporal_Sup_L	Temporal_Sup_R	Temporal_Pole_Sup_L	Temporal_Pole_Sup_R	Temporal_Mid_L	Temporal_Mid_R	Temporal_Pole_Mid_L	Temporal_Pole_Mid_R	Temporal_Inf_L	Temporal_Inf_R	Cerebelum_Crus1_L	Cerebelum_Crus1_R	Cerebelum_Crus2_L	Cerebelum_Crus2_R	Cerebelum_3_L	Cerebelum_3_R	Cerebelum_4_5_L	Cerebelum_4_5_R	Cerebelum_6_L	Cerebelum_6_R	Cerebelum_7b_L	Cerebelum_7b_R	Cerebelum_8_L	Cerebelum_8_R	Cerebelum_9_L	Cerebelum_9_R	Cerebelum_10_L	Cerebelum_10_R	Vermis_1_2	Vermis_3	Vermis_4_5	Vermis_6	Vermis_7	Vermis_8	Vermis_9	Vermis_10	
606028	Precentral_L	0	8008	23298	2106	0	0	17526	1314	0	0	11228	488	1408	138	106	0	14832	856	17732	17792	0	0	1094	106	0	0	0	0	11184	1826	3554	646	504	3478	1074	1058	5158	2382	1188	186	0	0	0	114	0	0	0	0	0	0	132	0	636	108	1722	1066	26784	1488	1292	72	7224	206	1436	412	222	0	188	312	50934	6440	5020	3168	7580	2276	3742	532	17212	1282	1978	190	6354	254	102	0	202	170	0	0	598	1296	0	0	0	0	0	0	0	0	0	0	0	0	0	0	0	0	0	0	0	0	0	0	0	0	0	0	
346752	Precentral_R	8008	0	250	7000	0	0	264	12102	0	0	0	15024	0	610	0	0	438	2828	1794	20110	0	0	0	0	0	0	0	0	416	2268	92	0	336	860	1712	1996	1484	6842	302	1536	0	0	0	186	0	66	144	854	0	0	0	112	112	84	316	2038	778	9740	0	1382	224	2998	0	4060	0	182	140	662	9486	12010	1412	11404	232	712	0	64	520	19070	228	724	144	1450	0	232	0	2940	0	0	106	1782	0	0	0	0	0	0	0	510	0	0	0	0	0	0	0	0	0	0	0	0	0	0	0	0	0	0	
669908	Frontal_Sup_L	23298	250	0	3114	7788	0	49260	1048	2036	698	15324	1158	5138	1908	4740	880	20180	120	50068	4890	312	0	31398	1588	1244	264	744	0	23228	2382	13304	3352	7424	1970	0	0	1250	0	206	0	0	0	0	0	0	0	0	0	0	0	0	0	178	0	534	0	11054	0	0	0	738	0	568	0	60	0	0	0	2996	0	7696	710	17342	224	868	0	702	0	1580	0	8250	0	494	0	0	0	0	0	396	0	0	0	0	0	0	0	0	0	0	0	0	0	0	0	0	0	0	0	0	0	0	0	0	0	0	0	
538580	Frontal_Sup_R	2106	7000	3114	0	170	2590	658	33784	166	1442	548	6698	0	10086	226	2120	1942	4156	9236	44650	138	342	4744	27098	0	2480	0	980	2012	12870	3356	23824	514	16166	90	122	108	2888	68	170	0	0	0	0	0	0	0	0	0	0	0	0	62	0	72	362	360	1808	0	214	78	398	0	1068	0	0	0	78	2124	82	6312	10884	1720	8028	120	192	220	3040	176	642	248	1394	0	0	60	190	0	0	72	624	0	0	0	0	0	0	0	0	0	0	0	0	0	0	0	0	0	0	0	0	0	0	0	0	0	0	
132288	Frontal_Sup_Orb_L	0	0	7788	170	0	0	922	0	8282	0	226	0	246	0	9040	0	72	0	206	0	3194	0	4976	154	3866	120	8156	0	4338	0	4164	464	62	0	0	0	66	0	0	0	226	0	0	0	0	0	0	0	0	0	0	0	0	0	0	0	0	0	0	0	0	0	0	0	0	0	0	0	0	0	2856	102	6308	0	0	0	0	0	0	0	0	0	140	0	0	0	0	0	0	0	0	0	0	0	0	0	0	0	0	0	0	0	0	0	0	0	0	0	0	0	0	0	0	0	0	0	
97052	Frontal_Sup_Orb_R	0	0	0	2590	0	0	0	2174	0	5412	0	0	0	114	0	3926	0	0	0	0	544	4672	0	1776	0	5802	74	10554	0	1094	302	1516	0	0	0	0	0	0	0	0	0	0	0	0	0	0	0	0	0	0	0	0	0	0	0	0	0	0	0	0	0	0	0	0	0	0	0	0	0	0	1112	3592	308	2964	0	0	0	0	0	0	0	0	0	0	0	0	0	0	0	0	0	0	0	0	0	0	0	0	0	0	0	0	0	0	0	0	0	0	0	0	0	0	0	0	0	0	
362652	Frontal_Mid_L	17526	264	49260	658	922	0	0	364	2326	354	11872	330	17622	598	6432	442	4152	0	12948	406	0	0	11286	302	0	0	0	0	15356	648	5708	790	5386	200	62	0	1366	0	304	0	0	0	0	0	0	0	0	0	0	0	0	0	0	0	346	0	1050	0	0	0	742	0	0	0	0	0	0	0	1344	0	2428	258	3574	78	0	0	870	0	386	0	1912	0	354	0	0	0	0	0	100	0	0	0	0	0	0	0	0	0	0	0	0	0	0	0	0	0	0	0	0	0	0	0	0	0	0	0	
265088	Frontal_Mid_R	1314	12102	1048	33784	0	2174	364	0	66	5874	150	11270	0	12560	84	6256	1652	1170	2740	9290	0	0	442	3758	0	0	0	0	1074	5868	1076	2346	62	2860	0	0	0	1248	0	84	0	0	0	0	0	0	0	0	0	0	0	0	60	0	66	272	552	1518	0	248	110	348	0	564	0	0	0	0	214	0	3654	154	932	824	0	0	0	416	252	232	348	240	0	0	60	160	0	0	80	524	0	0	0	0	0	0	0	0	0	0	0	0	0	0	0	0	0	0	0	0	0	0	0	0	0	0	
84032	Frontal_Mid_Orb_L	0	0	2036	166	8282	0	2326	66	0	0	784	114	1892	100	12872	70	102	0	554	62	200	0	142	106	300	0	1764	0	5964	136	0	216	0	0	0	0	0	0	0	0	66	0	0	0	0	0	0	0	0	0	0	0	0	0	0	0	0	0	0	0	0	0	0	0	0	0	0	0	0	0	622	200	2874	0	0	0	0	0	0	0	0	0	0	0	0	0	0	0	0	0	0	0	0	0	0	0	0	0	0	0	0	0	0	0	0	0	0	0	0	0	0	0	0	0	0	0	
124164	Frontal_Mid_Orb_R	0	0	698	1442	0	5412	354	5874	0	0	250	344	0	3488	60	18536	102	0	736	830	384	1162	70	4046	0	316	0	1792	398	4864	358	3010	0	592	0	0	0	0	0	0	0	0	0	0	0	0	0	0	0	0	0	0	0	0	0	0	0	0	0	0	0	0	0	0	0	0	0	0	0	0	1988	1048	446	3482	0	0	0	0	0	0	0	0	0	0	0	0	0	0	0	0	0	0	0	0	0	0	0	0	0	0	0	0	0	0	0	0	0	0	0	0	0	0	0	0	0	0	
258264	Frontal_Inf_Oper_L	11228	0	15324	548	226	0	11872	150	784	250	0	190	8490	266	1880	290	15266	0	10164	310	0	0	666	276	0	0	0	0	31508	310	2794	732	2204	0	0	0	0	0	0	0	0	0	0	0	0	0	0	0	0	0	0	0	0	0	0	0	2422	0	0	0	210	0	0	0	0	0	0	0	0	0	1324	344	1574	0	0	0	0	0	94	0	6186	0	1250	0	0	0	0	0	0	0	0	0	0	0	0	0	0	0	0	0	0	0	0	0	0	0	0	0	0	0	0	0	0	0	0	0	
226412	Frontal_Inf_Oper_R	488	15024	1158	6698	0	0	330	11270	114	344	190	0	0	11302	140	996	2090	4928	1844	10544	0	0	134	620	0	0	0	0	1616	17038	654	720	112	1502	0	0	0	892	0	124	0	0	0	60	0	0	0	0	0	0	0	0	0	0	0	376	0	1004	0	934	0	2046	0	2430	0	140	0	240	112	0	3830	1468	720	2118	0	0	0	66	102	742	284	1526	0	926	0	2324	0	0	0	886	0	0	0	0	0	0	0	0	0	0	0	0	0	0	0	0	0	0	0	0	0	0	0	0	0	0	
140512	Frontal_Inf_Tri_L	1408	0	5138	0	246	0	17622	0	1892	0	8490	0	0	0	10684	0	322	0	2466	0	0	0	614	0	0	0	0	0	16542	0	2860	82	980	0	0	0	0	0	0	0	0	0	0	0	0	0	0	0	0	0	0	0	0	0	0	0	0	0	0	0	0	0	0	0	0	0	0	0	0	0	66	0	394	0	0	0	0	0	0	0	292	0	158	0	0	0	0	0	0	0	0	0	0	0	0	0	0	0	0	0	0	0	0	0	0	0	0	0	0	0	0	0	0	0	0	0	
208436	Frontal_Inf_Tri_R	138	610	1908	10086	0	114	598	12560	100	3488	266	11302	0	0	146	6020	712	242	2560	11932	0	0	146	3124	0	0	0	0	1000	19836	728	4258	110	7878	0	0	0	0	0	0	0	0	0	0	0	0	0	0	0	0	0	0	0	0	0	0	0	60	0	0	0	0	0	0	0	0	0	0	0	0	2214	430	528	1040	0	0	0	0	0	0	84	0	0	0	0	0	0	0	0	0	0	0	0	0	0	0	0	0	0	0	0	0	0	0	0	0	0	0	0	0	0	0	0	0	0	0	
176056	Frontal_Inf_Orb_L	106	0	4740	226	9040	0	6432	84	12872	60	1880	140	10684	146	0	96	192	0	1810	104	2748	0	592	160	358	0	2988	0	18472	176	1286	414	148	0	0	0	178	0	102	0	160	0	0	0	0	0	0	0	0	0	0	0	0	0	0	0	0	0	0	0	0	0	0	0	0	0	0	0	0	0	2534	256	7920	68	0	0	0	0	0	0	0	0	856	0	0	0	0	0	0	0	0	0	0	0	0	0	0	0	0	0	0	0	0	0	0	0	0	0	0	0	0	0	0	0	0	0	
173172	Frontal_Inf_Orb_R	0	0	880	2120	0	3926	442	6256	70	18536	290	996	0	6020	96	0	242	168	958	1382	194	2100	94	4388	0	70	0	2436	628	14630	390	4070	72	1048	0	0	0	0	0	92	0	70	0	0	0	0	0	0	0	0	0	0	0	0	0	128	0	0	0	0	0	0	0	0	0	0	0	0	0	0	2300	1860	452	6232	0	0	0	0	0	0	0	500	0	2118	0	260	0	72	0	0	0	0	0	0	0	0	0	0	0	0	0	0	0	0	0	0	0	0	0	0	0	0	0	0	0	0	
435476	Rolandic_Oper_L	14832	438	20180	1942	72	0	4152	1652	102	102	15266	2090	322	712	192	242	0	834	14640	1538	158	0	244	546	0	0	0	0	39642	2560	380	1714	758	246	74	0	1932	0	174	0	68	0	74	0	0	0	0	0	314	0	1568	0	3606	0	3018	0	12824	0	1318	0	2538	0	2186	0	1780	0	474	0	712	0	9768	1740	4206	372	160	0	294	0	10236	0	17078	230	1008	0	5664	0	0	0	8766	0	0	0	0	0	0	0	0	0	0	0	0	0	0	0	0	0	0	0	0	0	0	0	0	0	0	0	
184016	Rolandic_Oper_R	856	2828	120	4156	0	0	0	1170	0	0	0	4928	0	242	0	168	834	0	596	9342	0	0	0	86	0	0	0	0	472	14890	184	492	0	0	0	0	114	4024	0	586	0	166	0	0	0	0	0	0	0	0	0	0	0	0	0	814	62	3294	0	380	0	1472	0	3524	0	138	0	0	832	0	1890	2764	368	8418	0	360	0	0	170	5920	184	11694	0	2006	0	624	0	0	0	528	0	106	0	0	0	0	0	0	0	206	0	0	0	0	0	0	0	0	0	0	0	0	0	0	0	0	
617208	Supp_Motor_Area_L	17732	1794	50068	9236	206	0	12948	2740	554	736	10164	1844	2466	2560	1810	958	14640	596	0	35970	0	0	7072	5964	0	0	0	0	18636	2906	7508	7014	9710	16488	610	492	1402	0	192	0	0	0	0	0	0	0	0	0	0	0	0	0	148	0	692	0	6006	194	0	0	272	0	482	0	86	0	200	62	14574	1540	9420	2768	15052	474	4114	0	600	0	1012	74	4734	72	286	0	78	0	0	0	648	0	0	0	0	0	0	0	0	0	0	0	0	0	0	0	0	0	0	0	0	0	0	0	0	0	0	0	
831036	Supp_Motor_Area_R	17792	20110	4890	44650	0	0	406	9290	62	830	310	10544	0	11932	104	1382	1538	9342	35970	0	0	74	2242	8940	0	60	0	0	1652	17192	5064	18056	8148	49154	3244	2984	216	4460	110	990	0	0	0	332	0	194	0	280	0	0	158	0	234	158	224	2404	1292	5750	66	330	162	884	80	1750	0	0	824	2118	27246	18126	4460	23932	1696	8896	136	918	250	11546	124	1322	152	3690	0	1050	68	612	0	0	0	2070	0	0	0	0	0	0	0	178	0	68	0	0	0	0	0	0	0	0	0	0	0	0	0	0	0	0	
93588	Olfactory_L	0	0	312	138	3194	544	0	0	200	384	0	0	0	0	2748	194	158	0	0	0	0	3816	254	88	986	1324	3442	2448	3802	84	3974	2812	0	0	0	0	598	0	264	0	712	0	0	0	0	0	0	0	0	0	0	0	0	0	166	0	0	0	0	0	0	0	0	0	0	0	0	0	0	0	7784	2090	3612	346	0	0	0	0	0	0	0	0	202	0	0	0	0	0	118	0	0	0	0	0	0	0	0	0	0	0	0	0	0	0	0	0	0	0	0	0	0	0	0	0	0	0	
105656	Olfactory_R	0	0	0	342	0	4672	0	0	0	1162	0	0	0	0	0	2100	0	0	0	74	3816	0	0	274	104	2520	232	9412	0	2738	1354	3446	0	0	0	0	0	422	0	432	0	980	0	0	0	0	0	0	0	0	0	0	0	0	0	86	0	0	0	0	0	0	0	0	0	0	0	0	0	0	5742	7374	1858	3278	0	0	0	62	0	0	0	0	0	282	0	0	0	66	0	0	0	0	0	0	0	0	0	0	0	0	0	0	0	0	0	0	0	0	0	0	0	0	0	0	0	0	
261252	Frontal_Sup_Medial_L	1094	0	31398	4744	4976	0	11286	442	142	70	666	134	614	146	592	94	244	0	7072	2242	254	0	0	10916	1888	946	740	140	1224	218	15526	8996	7414	6078	0	0	0	0	0	0	0	0	0	0	0	0	0	0	0	0	0	0	0	0	0	0	162	0	0	0	116	0	0	0	0	0	0	0	0	0	2528	478	6726	258	0	0	0	0	0	0	62	0	0	0	0	0	0	0	0	0	0	0	0	0	0	0	0	0	0	0	0	0	0	0	0	0	0	0	0	0	0	0	0	0	0	0	
281280	Frontal_Sup_Medial_R	106	0	1588	27098	154	1776	302	3758	106	4046	276	620	0	3124	160	4388	546	86	5964	8940	88	274	10916	0	0	4064	0	1150	754	4640	3048	22622	166	10246	0	0	0	0	0	0	0	0	0	0	0	0	0	0	0	0	0	0	0	0	0	0	0	0	0	0	0	0	0	0	0	0	0	0	0	0	2998	7748	868	7958	0	0	0	0	0	0	62	0	0	0	0	0	0	0	0	0	0	0	0	0	0	0	0	0	0	0	0	0	0	0	0	0	0	0	0	0	0	0	0	0	0	0	
36632	Frontal_Med_Orb_L	0	0	1244	0	3866	0	0	0	300	0	0	0	0	0	358	0	0	0	0	0	986	104	1888	0	0	1012	2460	306	0	0	3328	292	0	0	0	0	0	0	0	0	0	0	0	0	0	0	0	0	0	0	0	0	0	0	0	0	0	0	0	0	0	0	0	0	0	0	0	0	0	0	1216	0	956	0	0	0	0	0	0	0	0	0	0	0	0	0	0	0	0	0	0	0	0	0	0	0	0	0	0	0	0	0	0	0	0	0	0	0	0	0	0	0	0	0	0	0	
86396	Frontal_Med_Orb_R	0	0	264	2480	120	5802	0	0	0	316	0	0	0	0	0	70	0	0	0	60	1324	2520	946	4064	1012	0	506	10052	0	66	1938	6378	0	0	0	0	0	0	0	0	0	0	0	0	0	0	0	0	0	0	0	0	0	0	0	0	0	0	0	0	0	0	0	0	0	0	0	0	0	0	1366	1944	778	1192	0	0	0	0	0	0	0	0	0	0	0	0	0	0	0	0	0	0	0	0	0	0	0	0	0	0	0	0	0	0	0	0	0	0	0	0	0	0	0	0	0	0	
64908	Rectus_L	0	0	744	0	8156	74	0	0	1764	0	0	0	0	0	2988	0	0	0	0	0	3442	232	740	0	2460	506	0	386	1176	0	4136	784	0	0	0	0	0	0	0	0	72	0	0	0	0	0	0	0	0	0	0	0	0	0	0	0	0	0	0	0	0	0	0	0	0	0	0	0	0	0	3454	0	1250	0	0	0	0	0	0	0	0	0	90	0	0	0	0	0	0	0	0	0	0	0	0	0	0	0	0	0	0	0	0	0	0	0	0	0	0	0	0	0	0	0	0	0	
120252	Rectus_R	0	0	0	980	0	10554	0	0	0	1792	0	0	0	0	0	2436	0	0	0	0	2448	9412	140	1150	306	10052	386	0	0	1676	1152	5770	0	0	0	0	0	0	0	0	0	116	0	0	0	0	0	0	0	0	0	0	0	0	0	0	0	0	0	0	0	0	0	0	0	0	0	0	0	0	3154	4558	1222	2822	0	0	0	0	0	0	0	0	0	0	0	0	0	0	0	0	0	0	0	0	0	0	0	0	0	0	0	0	0	0	0	0	0	0	0	0	0	0	0	0	0	0	
718248	Insula_L	11184	416	23228	2012	4338	0	15356	1074	5964	398	31508	1616	16542	1000	18472	628	39642	472	18636	1652	3802	0	1224	754	0	0	1176	0	0	2030	4078	2128	1544	272	268	148	7718	124	1730	0	2122	0	222	0	0	0	204	0	316	0	1596	0	6302	0	9700	0	5956	0	3580	0	4848	0	1118	0	1548	0	514	0	2106	0	8786	1722	16966	338	280	0	724	198	16056	0	21032	150	3420	0	10922	0	0	0	16960	0	110	0	0	0	0	0	70	0	124	0	0	0	0	0	0	0	0	0	0	0	0	0	0	0	0	0	
473548	Insula_R	1826	2268	2382	12870	0	1094	648	5868	136	4864	310	17038	0	19836	176	14630	2560	14890	2906	17192	84	2738	218	4640	0	66	0	1676	2030	0	1108	6504	148	6908	0	90	102	10558	0	1630	0	784	0	108	0	0	0	0	0	0	0	0	0	102	0	4656	62	856	0	282	0	1092	0	1374	0	212	0	226	1316	84	5740	4472	1062	25854	0	308	0	202	208	2624	390	9962	0	3622	0	5698	0	98	0	4776	0	200	0	0	0	0	0	0	0	410	0	0	0	0	0	0	0	0	0	0	0	0	0	0	0	0	
305448	Cingulum_Ant_L	3554	92	13304	3356	4164	302	5708	1076	0	358	2794	654	2860	728	1286	390	380	184	7508	5064	3974	1354	15526	3048	3328	1938	4136	1152	4078	1108	0	15172	6640	3468	64	0	0	0	0	0	0	0	0	0	0	0	0	0	0	0	0	0	0	0	0	0	530	0	0	0	402	0	0	0	0	0	0	0	118	0	15432	4124	11956	1148	0	0	0	0	0	0	76	0	190	0	0	0	0	0	0	0	0	0	0	0	0	0	0	0	0	0	0	0	0	0	0	0	0	0	0	0	0	0	0	0	0	0	
438548	Cingulum_Ant_R	646	0	3352	23824	464	1516	790	2346	216	3010	732	720	82	4258	414	4070	1714	492	7014	18056	2812	3446	8996	22622	292	6378	784	5770	2128	6504	15172	0	2636	17070	0	0	0	0	0	0	0	0	0	0	0	0	0	0	0	0	0	0	0	0	0	0	72	0	0	0	0	0	0	0	0	0	0	0	392	0	10996	23230	4026	11752	0	0	0	0	112	0	220	148	0	0	0	0	0	0	0	0	0	0	0	0	0	0	0	0	0	0	0	0	0	0	0	0	0	0	0	0	0	0	0	0	0	0	
182268	Cingulum_Mid_L	504	336	7424	514	62	0	5386	62	0	0	2204	112	980	110	148	72	758	0	9710	8148	0	0	7414	166	0	0	0	0	1544	148	6640	2636	0	11924	6344	462	0	0	0	0	0	0	488	0	1308	0	0	0	1178	0	564	0	0	0	0	0	140	90	918	0	106	0	0	0	0	0	5606	1842	2480	874	282	700	630	0	0	0	0	0	0	0	60	0	0	0	60	0	0	0	0	0	0	0	0	0	0	0	0	0	0	0	0	0	0	0	0	0	0	0	0	0	0	0	0	0	0	0	
483744	Cingulum_Mid_R	3478	860	1970	16166	0	0	200	2860	0	592	0	1502	0	7878	0	1048	246	0	16488	49154	0	0	6078	10246	0	0	0	0	272	6908	3468	17070	11924	0	6698	11138	0	770	0	0	0	0	0	3638	230	2234	0	288	80	922	162	336	272	0	248	200	966	4592	64	0	90	78	66	66	0	0	3304	12414	10622	18756	782	1710	470	950	0	0	0	490	0	0	0	0	0	0	76	264	0	0	0	488	0	0	0	0	0	0	0	0	0	0	0	0	0	0	0	0	0	0	0	0	0	0	0	0	0	0	
156676	Cingulum_Post_L	1074	1712	0	90	0	0	62	0	0	0	0	0	0	0	0	0	74	0	610	3244	0	0	0	0	0	0	0	0	268	0	64	0	6344	6698	0	12878	4918	4514	1258	910	0	0	2460	320	1754	374	1386	708	446	0	462	0	694	0	1472	756	1578	352	176	0	188	0	496	0	0	0	7184	3846	2152	2748	0	112	0	0	0	0	82	2982	164	0	68	0	0	0	158	0	0	0	82	0	0	0	0	0	0	0	0	420	0	0	0	0	0	0	0	0	0	0	0	0	0	0	0	0	0	0	
199928	Cingulum_Post_R	1058	1996	0	122	0	0	0	0	0	0	0	0	0	0	0	0	0	0	492	2984	0	0	0	0	0	0	0	0	148	90	0	0	462	11138	12878	0	3262	6926	940	1002	0	0	150	5256	436	4730	438	5196	88	1514	0	910	136	120	658	1148	648	1766	0	0	0	0	0	0	0	0	3556	17756	1576	5084	90	162	0	0	0	0	0	2632	98	0	0	0	0	0	0	316	0	0	0	654	0	0	0	0	0	0	0	508	0	0	0	0	0	0	0	0	0	0	0	0	840	0	0	0	0	0	
222684	Hippocampus_L	5158	1484	1250	108	66	0	1366	0	0	0	0	0	0	0	178	0	1932	114	1402	216	598	0	0	0	0	0	0	0	7718	102	0	0	0	0	4918	3262	0	3638	13822	732	7420	0	1344	0	0	0	2760	650	0	0	0	0	120	0	16242	612	494	0	166	0	332	0	276	0	70	0	1838	482	2614	0	322	62	4734	122	556	0	2474	3470	3908	0	774	0	572	0	654	0	140	0	9392	0	0	0	0	0	0	78	214	292	0	0	0	0	0	0	0	0	0	0	0	94	0	0	0	0	0	0	
349272	Hippocampus_R	2382	6842	0	2888	0	0	0	1248	0	0	0	892	0	0	0	0	0	4024	0	4460	0	422	0	0	0	0	0	0	124	10558	0	0	0	770	4514	6926	3638	0	1222	21014	0	8936	0	1024	0	0	476	5602	0	0	0	0	0	510	548	27130	106	1340	0	250	0	1442	0	2482	0	162	522	4364	1950	1098	66	342	0	12784	0	358	0	5032	96	1348	0	2084	0	954	0	2258	0	422	0	10886	0	972	0	0	0	0	0	3504	0	2990	0	0	0	0	0	0	0	0	0	0	674	0	0	0	0	0	
103728	ParaHippocampal_L	1188	302	206	68	0	0	304	0	0	0	0	0	0	0	102	0	174	0	192	110	264	0	0	0	0	0	0	0	1730	0	0	0	0	0	1258	940	13822	1222	0	320	3322	0	374	0	0	0	3382	312	0	0	0	0	0	0	12322	252	0	0	0	0	0	0	0	0	0	0	684	176	496	0	0	0	1022	72	0	0	456	934	170	0	98	0	428	0	62	0	146	0	2412	0	438	0	0	0	370	226	264	76	468	0	0	0	0	0	0	0	0	0	186	514	0	0	0	0	0	0	
194752	ParaHippocampal_R	186	1536	0	170	0	0	0	84	0	0	0	124	0	0	0	92	0	586	0	990	0	432	0	0	0	0	0	0	0	1630	0	0	0	0	910	1002	732	21014	320	0	0	9218	0	870	0	0	74	5338	0	0	0	0	0	326	96	24354	0	0	0	0	0	0	0	0	0	0	0	1362	174	208	0	0	0	3770	0	196	0	1346	0	232	0	528	0	4954	0	128	0	3886	0	2688	0	924	0	0	0	158	0	4982	0	1756	0	0	0	0	0	0	0	0	0	0	0	0	0	0	0	0	
46676	Amygdala_L	0	0	0	0	226	0	0	0	66	0	0	0	0	0	160	0	68	0	0	0	712	0	0	0	0	0	72	0	2122	0	0	0	0	0	0	0	7420	0	3322	0	0	0	0	0	0	0	0	0	0	0	0	0	0	0	4656	0	0	0	0	0	0	0	0	0	0	0	0	0	0	0	86	0	544	0	0	0	0	0	0	0	64	0	754	0	296	0	202	0	2568	0	0	0	0	0	0	0	0	0	0	0	0	0	0	0	0	0	0	0	0	0	0	0	0	0	0	0	
76724	Amygdala_R	0	0	0	0	0	0	0	0	0	0	0	0	0	0	0	70	0	166	0	0	0	980	0	0	0	0	0	116	0	784	0	0	0	0	0	0	0	8936	0	9218	0	0	0	0	0	0	0	0	0	0	0	0	0	0	0	7420	0	0	0	0	0	0	0	0	0	0	0	0	0	0	0	214	0	2852	0	0	0	0	0	0	0	166	0	3128	0	126	0	2380	0	1724	0	0	0	0	0	0	0	82	0	0	0	0	0	0	0	0	0	0	0	0	0	0	0	0	0	0	
376432	Calcarine_L	0	0	0	0	0	0	0	0	0	0	0	0	0	0	0	0	74	0	0	0	0	0	0	0	0	0	0	0	222	0	0	0	488	0	2460	150	1344	0	374	0	0	0	0	13002	24648	8042	16166	4128	12626	4648	40546	1358	10298	340	7308	294	190	0	1588	0	334	0	0	0	456	0	27984	1216	112	0	0	0	0	0	0	0	0	0	210	0	0	0	0	0	2764	70	0	0	102	0	624	176	0	0	0	0	688	0	1534	278	0	0	0	0	90	0	0	0	0	0	106	712	466	0	0	0	
362868	Calcarine_R	114	186	0	0	0	0	0	0	0	0	0	60	0	0	0	0	0	0	0	332	0	0	0	0	0	0	0	0	0	108	0	0	0	3638	320	5256	0	1024	0	870	0	0	13002	0	7738	32378	486	20016	798	23548	578	15568	0	6484	0	4638	0	1714	0	612	0	138	0	0	0	296	1416	28132	300	2762	0	0	0	0	0	0	0	0	0	0	0	74	0	0	0	4308	0	0	0	3980	0	0	0	0	0	0	0	260	0	82	0	0	0	0	0	0	0	0	0	0	152	66	0	0	0	0	
255912	Cuneus_L	0	0	0	0	0	0	0	0	0	0	0	0	0	0	0	0	0	0	0	0	0	0	0	0	0	0	0	0	0	0	0	0	1308	230	1754	436	0	0	0	0	0	0	24648	7738	0	8976	1722	606	18686	3244	21400	396	2112	82	442	0	0	0	3336	0	588	0	0	0	510	0	23956	2454	0	0	0	0	0	0	0	0	0	0	0	0	0	0	0	0	2290	0	0	0	82	0	198	0	0	0	0	0	0	0	302	74	0	0	0	0	0	0	0	0	0	0	0	198	188	0	0	0	
294136	Cuneus_R	0	66	0	0	0	0	0	0	0	0	0	0	0	0	0	0	0	0	0	194	0	0	0	0	0	0	0	0	0	0	0	0	0	2234	374	4730	0	0	0	0	0	0	8042	32378	8976	0	282	4622	304	32062	222	11404	0	1816	0	838	0	1136	0	2630	0	140	0	0	0	622	3514	25750	140	1942	0	0	0	0	0	0	0	0	0	0	0	0	0	0	0	2490	0	0	0	160	0	0	0	0	0	0	0	0	0	0	0	0	0	0	0	0	0	0	0	0	0	0	0	0	0	0	
334164	Lingual_L	0	144	0	0	0	0	0	0	0	0	0	0	0	0	0	0	0	0	0	0	0	0	0	0	0	0	0	0	204	0	0	0	0	0	1386	438	2760	476	3382	74	0	0	16166	486	1722	282	0	2398	2688	224	15642	92	12368	140	23962	1064	170	0	164	0	168	0	0	0	0	0	4454	96	0	0	0	0	0	0	0	0	82	446	222	0	0	0	0	0	208	0	0	0	60	0	10126	1654	918	276	394	98	14810	1192	21818	3512	268	0	238	172	1654	532	544	98	160	296	5572	6376	2702	544	620	340	
295488	Lingual_R	0	854	0	0	0	0	0	0	0	0	0	0	0	0	0	0	0	0	0	280	0	0	0	0	0	0	0	0	0	0	0	0	0	288	708	5196	650	5602	312	5338	0	0	4128	20016	606	4622	2398	0	144	6588	344	5500	360	10006	1282	21368	0	544	0	0	0	0	0	0	0	0	206	9320	0	378	0	92	0	0	0	0	0	704	0	0	0	0	0	0	0	634	0	0	0	1840	1864	2768	82	116	146	100	804	6124	3392	8272	66	0	124	0	0	302	0	72	0	94	3630	7130	1802	208	240	100	
237148	Occipital_Sup_L	0	0	0	0	0	0	0	0	0	0	0	0	0	0	0	0	314	0	0	0	0	0	0	0	0	0	0	0	316	0	0	0	1178	80	446	88	0	0	0	0	0	0	12626	798	18686	304	2688	144	0	100	33676	0	1446	0	318	0	296	0	17326	0	4886	0	0	0	3366	0	14756	514	90	0	0	0	0	0	0	0	0	0	174	0	440	0	0	0	2106	0	0	0	954	0	116	0	0	0	0	0	0	0	156	0	0	0	0	0	0	0	0	0	0	0	0	110	76	0	0	0	
293320	Occipital_Sup_R	0	0	0	0	0	0	0	0	0	0	0	0	0	0	0	0	0	0	0	0	0	0	0	0	0	0	0	0	0	0	0	0	0	922	0	1514	0	0	0	0	0	0	4648	23548	3244	32062	224	6588	100	0	72	25374	0	3048	0	1186	0	1778	0	5632	0	2422	0	362	0	6588	1450	19222	0	1098	0	0	0	0	0	0	0	0	0	0	0	184	0	0	0	4980	0	0	0	414	0	0	0	0	0	0	0	0	0	0	0	0	0	0	0	0	0	0	0	0	0	0	0	0	0	0	
508540	Occipital_Mid_L	132	0	0	0	0	0	0	0	0	0	0	0	0	0	0	0	1568	0	0	158	0	0	0	0	0	0	0	0	1596	0	0	0	564	162	462	0	0	0	0	0	0	0	40546	578	21400	222	15642	344	33676	72	0	0	24704	0	12622	168	990	0	15948	0	8026	0	704	0	12384	0	27202	110	238	120	0	0	0	0	0	0	0	0	1250	0	1272	0	0	0	18030	0	0	0	5144	0	1494	352	0	90	0	0	342	0	2800	580	0	0	0	0	0	0	0	0	0	0	0	1658	920	0	0	0	
245840	Occipital_Mid_R	0	112	0	0	0	0	0	0	0	0	0	0	0	0	0	0	0	0	0	0	0	0	0	0	0	0	0	0	0	0	0	0	0	336	0	910	0	0	0	0	0	0	1358	15568	396	11404	92	5500	0	25374	0	0	0	8110	0	2864	0	632	0	1840	0	2678	0	1970	0	15268	480	7804	0	656	0	0	0	0	0	0	0	0	0	0	0	1446	0	0	0	16374	0	0	0	1576	0	0	0	0	0	0	0	0	0	76	0	0	0	0	0	0	0	0	0	0	0	96	0	0	0	0	
295656	Occipital_Inf_L	636	112	178	62	0	0	0	60	0	0	0	0	0	0	0	0	3606	0	148	234	0	0	0	0	0	0	0	0	6302	0	0	0	0	272	694	136	120	0	0	0	0	0	10298	0	2112	0	12368	360	1446	0	24704	0	0	0	26148	192	1926	0	1562	0	2536	0	1016	0	1178	0	4166	0	638	272	0	0	0	0	0	0	0	0	6182	0	3374	0	0	0	9310	0	0	0	12550	0	2650	414	0	112	0	0	1260	0	4564	750	0	0	0	0	0	0	0	0	0	0	0	2044	1136	0	0	0	
111964	Occipital_Inf_R	108	84	0	0	0	0	0	0	0	0	0	0	0	0	0	0	0	0	0	158	0	0	0	0	0	0	0	0	0	102	0	0	0	0	0	120	0	510	0	326	0	0	340	6484	82	1816	140	10006	0	3048	0	8110	0	0	128	10584	0	0	0	0	0	0	0	0	0	98	0	740	110	0	0	0	0	160	0	0	0	82	0	0	0	0	0	0	0	2402	0	0	0	6410	304	190	0	0	0	0	0	136	596	1240	0	0	0	0	0	0	0	0	0	0	138	1150	80	0	0	0	
585644	Fusiform_L	1722	316	534	72	0	0	346	66	0	0	0	0	0	0	0	0	3018	0	692	224	166	0	0	0	0	0	0	0	9700	0	0	0	0	248	1472	658	16242	548	12322	96	4656	0	7308	0	442	0	23962	1282	318	0	12622	0	26148	128	0	692	2320	0	1960	0	2346	0	812	0	466	0	3192	128	1034	254	98	0	1998	0	0	0	368	540	6906	0	3760	0	6152	0	9312	0	2124	0	29564	0	22998	1374	4872	290	130	86	12366	224	31406	2692	868	78	2676	314	1052	698	0	146	0	114	1360	5804	2496	636	708	100	
467844	Fusiform_R	1066	2038	0	362	0	0	0	272	0	0	0	376	0	0	0	128	0	814	0	2404	0	86	0	0	0	0	0	0	0	4656	0	0	0	200	756	1148	612	27130	252	24354	0	7420	294	4638	0	838	1064	21368	0	1186	168	2864	192	10584	692	0	0	348	0	0	0	252	0	250	0	76	0	1982	1064	382	0	190	0	7384	0	66	0	2084	0	274	0	1642	0	8382	0	2800	0	5774	0	23548	1304	12502	0	428	0	624	486	11784	2402	20478	0	138	0	198	0	246	0	88	0	0	2378	5054	918	212	222	0	
321944	Postcentral_L	26784	778	11054	360	0	0	1050	552	0	0	2422	0	0	0	0	0	12824	62	6006	1292	0	0	162	0	0	0	0	0	5956	62	530	72	140	966	1578	648	494	106	0	0	0	0	190	0	0	0	170	0	296	0	990	0	1926	0	2320	0	0	178	16242	0	27836	0	6976	0	1130	0	4178	70	6738	916	1252	66	1074	0	0	0	182	0	3274	0	6362	0	0	0	1488	0	0	0	3150	0	0	0	0	0	0	0	0	0	70	0	0	0	0	0	0	0	0	0	0	0	0	0	0	0	0	0	
178884	Postcentral_R	1488	9740	0	1808	0	0	0	1518	0	0	0	1004	0	60	0	0	0	3294	194	5750	0	0	0	0	0	0	0	0	0	856	0	0	90	4592	352	1766	0	1340	0	0	0	0	0	1714	0	1136	0	544	0	1778	0	632	0	0	0	348	178	0	0	6708	0	8916	0	9944	0	998	488	8268	2846	7518	0	0	0	0	0	0	0	98	0	596	0	724	0	0	0	1394	0	0	0	762	0	0	0	0	0	0	0	0	0	0	0	0	0	0	0	0	0	0	0	0	0	0	0	0	0	0	
249468	Parietal_Sup_L	1292	0	0	0	0	0	0	0	0	0	0	0	0	0	0	0	1318	0	0	66	0	0	0	0	0	0	0	0	3580	0	0	0	918	64	176	0	166	0	0	0	0	0	1588	0	3336	0	164	0	17326	0	15948	0	1562	0	1960	0	16242	0	0	0	23184	0	1592	0	4120	0	19358	300	592	0	0	0	0	0	0	0	0	0	2598	0	1400	0	0	0	2328	0	0	0	3496	0	0	0	0	0	0	0	0	0	60	0	0	0	0	0	0	0	0	0	0	0	0	0	0	0	0	0	
115728	Parietal_Sup_R	72	1382	0	214	0	0	0	248	0	0	0	934	0	0	0	0	0	380	0	330	0	0	0	0	0	0	0	0	0	282	0	0	0	0	0	0	0	250	0	0	0	0	0	612	0	2630	0	0	0	5632	0	1840	0	0	0	0	0	6708	0	0	0	10654	0	6428	0	5790	1346	10284	74	842	0	0	0	210	0	0	0	0	0	112	0	244	0	0	0	278	0	0	0	88	0	0	0	0	0	0	0	0	0	0	0	0	0	0	0	0	0	0	0	0	0	0	0	0	0	0	
306248	Parietal_Inf_L	7224	224	738	78	0	0	742	110	0	0	210	0	0	0	0	0	2538	0	272	162	0	0	116	0	0	0	0	0	4848	0	402	0	106	90	188	0	332	0	0	0	0	0	334	0	588	0	168	0	4886	0	8026	0	2536	0	2346	0	27836	0	23184	0	0	0	11216	0	21424	0	2738	64	2082	0	244	0	96	0	0	0	132	0	3330	0	3676	0	0	0	10194	0	0	0	9570	0	0	0	0	0	0	0	0	0	74	0	0	0	0	0	0	0	0	0	0	0	0	0	0	0	0	0	
150988	Parietal_Inf_R	206	2998	0	398	0	0	0	348	0	0	0	2046	0	0	0	0	0	1472	0	884	0	0	0	0	0	0	0	0	0	1092	0	0	0	78	0	0	0	1442	0	0	0	0	0	138	0	140	0	0	0	2422	0	2678	0	0	0	252	0	8916	0	10654	0	0	0	21668	0	11272	278	2632	204	194	0	0	0	350	0	0	0	106	0	364	0	808	0	0	0	946	0	0	0	508	0	0	0	0	0	0	0	0	0	0	0	0	0	0	0	0	0	0	0	0	0	0	0	0	0	0	
85424	SupraMarginal_L	1436	0	568	0	0	0	0	0	0	0	0	0	0	0	0	0	2186	0	482	80	0	0	0	0	0	0	0	0	1118	0	0	0	0	66	496	0	276	0	0	0	0	0	0	0	0	0	0	0	0	0	704	0	1016	0	812	0	6976	0	1592	0	11216	0	0	0	2930	0	280	0	1080	60	0	0	0	0	0	0	62	0	604	0	3442	0	0	0	3194	0	0	0	2036	0	0	0	0	0	0	0	0	0	0	0	0	0	0	0	0	0	0	0	0	0	0	0	0	0	0	0	
161876	SupraMarginal_R	412	4060	0	1068	0	0	0	564	0	0	0	2430	0	0	0	0	0	3524	0	1750	0	0	0	0	0	0	0	0	0	1374	0	0	0	66	0	0	0	2482	0	0	0	0	0	0	0	0	0	0	0	362	0	1970	0	0	0	250	0	9944	0	6428	0	21668	0	0	0	7186	0	666	400	0	0	64	0	350	0	0	0	108	0	600	0	4194	0	0	0	7360	0	0	0	1658	0	0	0	0	0	0	0	0	0	0	0	0	0	0	0	0	0	0	0	0	0	0	0	0	0	0	
160224	Angular_L	222	0	60	0	0	0	0	0	0	0	0	0	0	0	0	0	1780	0	86	0	0	0	0	0	0	0	0	0	1548	0	0	0	0	0	0	0	70	0	0	0	0	0	456	0	510	0	0	0	3366	0	12384	0	1178	0	466	0	1130	0	4120	0	21424	0	2930	0	0	0	830	0	226	0	0	0	0	0	0	0	0	0	1032	0	3286	0	0	0	13976	0	0	0	9032	0	0	0	0	0	0	0	0	0	0	0	0	0	0	0	0	0	0	0	0	0	0	0	0	0	0	0	
144368	Angular_R	0	182	0	0	0	0	0	0	0	0	0	140	0	0	0	0	0	138	0	0	0	0	0	0	0	0	0	0	0	212	0	0	0	0	0	0	0	162	0	0	0	0	0	296	0	622	0	0	0	6588	0	15268	0	98	0	76	0	998	0	5790	0	11272	0	7186	0	0	688	4914	0	342	0	0	0	0	0	0	0	0	0	178	0	4306	0	0	0	12054	0	0	0	674	0	0	0	0	0	0	0	0	0	0	0	0	0	0	0	0	0	0	0	0	0	0	0	0	0	0	
384536	Precuneus_L	188	140	0	0	0	0	0	0	0	0	0	0	0	0	0	0	474	0	200	824	0	0	0	0	0	0	0	0	514	0	0	0	5606	3304	7184	3556	1838	522	684	0	0	0	27984	1416	23956	3514	4454	206	14756	1450	27202	480	4166	0	3192	0	4178	488	19358	1346	2738	278	280	0	830	688	0	13144	2758	1180	0	0	0	0	0	0	0	238	324	0	560	0	0	0	3412	214	0	0	858	0	250	60	0	0	0	0	182	0	554	100	0	0	0	0	0	0	0	0	0	0	0	248	192	0	0	0	
421364	Precuneus_R	312	662	0	78	0	0	0	0	0	0	0	240	0	0	0	0	0	0	62	2118	0	0	0	0	0	0	0	0	0	226	0	0	1842	12414	3846	17756	482	4364	176	1362	0	0	1216	28132	2454	25750	96	9320	514	19222	110	7804	0	740	128	1982	70	8268	300	10284	64	2632	0	666	0	4914	13144	0	1070	9230	0	0	0	0	0	0	0	244	0	198	0	620	0	0	0	10284	0	0	0	3840	0	0	0	0	0	0	0	538	0	0	0	0	0	0	0	0	0	0	0	0	908	0	0	0	0	0	
420096	Paracentral_Lobule_L	50934	9486	2996	2124	0	0	1344	214	0	0	0	112	0	0	0	0	712	832	14574	27246	0	0	0	0	0	0	0	0	2106	1316	118	392	2480	10622	2152	1576	2614	1950	496	174	0	0	112	300	0	140	0	0	90	0	238	0	638	110	1034	1064	6738	2846	592	74	2082	204	1080	400	226	0	2758	1070	0	13050	3532	3368	6228	2300	4924	540	13030	1126	690	186	446	196	0	0	180	172	0	0	420	1294	0	0	0	0	0	0	0	0	0	0	0	0	0	0	0	0	0	0	0	0	0	0	0	0	0	0	
231304	Paracentral_Lobule_R	6440	12010	0	82	0	0	0	0	0	0	0	0	0	0	0	0	0	0	1540	18126	0	0	0	0	0	0	0	0	0	84	0	0	874	18756	2748	5084	0	1098	0	208	0	0	0	2762	0	1942	0	378	0	1098	120	656	272	0	254	382	916	7518	0	842	0	194	60	0	0	342	1180	9230	13050	0	0	2756	0	112	0	0	0	3206	0	0	0	0	0	0	60	814	0	0	0	366	0	0	0	0	0	0	0	92	0	0	0	0	0	0	0	0	0	0	0	0	0	0	0	0	0	0	
379332	Caudate_L	5020	1412	7696	6312	2856	1112	2428	3654	622	1988	1324	3830	66	2214	2534	2300	9768	1890	9420	4460	7784	5742	2528	2998	1216	1366	3454	3154	8786	5740	15432	10996	282	782	0	90	322	66	0	0	86	0	0	0	0	0	0	0	0	0	0	0	0	0	98	0	1252	0	0	0	244	0	0	0	0	0	0	0	3532	0	0	12420	19184	2612	1080	0	3800	188	988	0	1664	644	134	0	0	0	0	0	96	0	0	0	0	0	0	0	0	0	0	0	0	0	0	0	0	0	0	0	0	0	0	0	0	0	0	0	
360824	Caudate_R	3168	11404	710	10884	102	3592	258	154	200	1048	344	1468	0	430	256	1860	1740	2764	2768	23932	2090	7374	478	7748	0	1944	0	4558	1722	4472	4124	23230	700	1710	112	162	62	342	0	0	0	214	0	0	0	0	0	92	0	0	0	0	0	0	0	190	66	0	0	0	0	0	0	64	0	0	0	0	3368	2756	12420	0	2866	16156	0	816	0	12004	136	166	222	840	0	0	0	0	0	0	0	126	0	0	0	0	0	0	0	0	0	0	0	0	0	0	0	0	0	0	0	0	0	0	0	0	0	0	
348280	Putamen_L	7580	232	17342	1720	6308	308	3574	932	2874	446	1574	720	394	528	7920	452	4206	368	15052	1696	3612	1858	6726	868	956	778	1250	1222	16966	1062	11956	4026	630	470	0	0	4734	0	1022	0	544	0	0	0	0	0	0	0	0	0	0	0	0	0	1998	0	1074	0	0	0	96	0	0	0	0	0	0	0	6228	0	19184	2866	0	614	4624	0	910	0	634	0	1064	96	246	0	96	0	0	0	1504	0	0	0	0	0	0	0	0	0	0	0	0	0	0	0	0	0	0	0	0	0	0	0	0	0	0	0	
332396	Putamen_R	2276	712	224	8028	0	2964	78	824	0	3482	0	2118	0	1040	68	6232	372	8418	474	8896	346	3278	258	7958	0	1192	0	2822	338	25854	1148	11752	0	950	0	0	122	12784	72	3770	0	2852	0	0	0	0	0	0	0	0	0	0	0	160	0	7384	0	0	0	210	0	350	0	350	0	0	0	0	2300	112	2612	16156	614	0	0	854	0	674	0	1152	0	5722	0	488	0	1316	0	104	0	2208	0	448	0	0	0	0	0	74	0	1208	0	0	0	0	0	0	0	0	0	0	0	0	0	0	0	0	
44988	Pallidum_L	3742	0	868	120	0	0	0	0	0	0	0	0	0	0	0	0	160	0	4114	136	0	0	0	0	0	0	0	0	280	0	0	0	0	0	0	0	556	0	0	0	0	0	0	0	0	0	0	0	0	0	0	0	0	0	0	0	0	0	0	0	0	0	0	0	0	0	0	0	4924	0	1080	0	4624	0	0	0	1766	0	124	0	0	0	0	0	0	0	0	0	0	0	0	0	0	0	0	0	0	0	0	0	0	0	0	0	0	0	0	0	0	0	0	0	0	0	0	0	
10408	Pallidum_R	532	64	0	192	0	0	0	0	0	0	0	0	0	0	0	0	0	360	0	918	0	0	0	0	0	0	0	0	0	308	0	0	0	0	0	0	0	358	0	196	0	0	0	0	0	0	0	0	0	0	0	0	0	0	0	66	0	0	0	0	0	0	0	0	0	0	0	0	540	0	0	816	0	854	0	0	0	0	0	0	0	0	0	0	0	0	0	0	0	0	0	0	0	0	0	0	0	0	0	0	0	0	0	0	0	0	0	0	0	0	0	0	0	0	0	0	
94776	Thalamus_L	17212	520	702	220	0	0	870	0	0	0	0	0	0	0	0	0	294	0	600	250	0	0	0	0	0	0	0	0	724	0	0	0	0	0	82	0	2474	0	456	0	0	0	0	0	0	0	82	0	0	0	0	0	0	0	368	0	182	0	0	0	132	0	62	0	0	0	0	0	13030	0	3800	0	910	0	1766	0	0	2294	286	0	72	0	0	0	0	0	0	0	0	0	0	0	0	0	0	0	0	0	0	0	0	0	0	0	0	0	0	0	0	0	0	0	0	0	0	0	
158264	Thalamus_R	1282	19070	0	3040	0	0	0	416	0	0	0	66	0	0	0	0	0	0	0	11546	0	62	0	0	0	0	0	0	198	202	0	0	0	490	2982	2632	3470	5032	934	1346	0	0	0	0	0	0	446	704	0	0	0	0	0	82	540	2084	0	98	0	0	0	106	0	108	0	0	238	244	1126	3206	188	12004	0	674	0	0	2294	0	126	0	0	0	0	0	0	190	0	0	0	1452	0	0	0	0	0	0	0	454	0	0	0	0	0	0	0	0	0	0	0	0	0	0	0	0	0	0	
189328	Heschl_L	1978	228	1580	176	0	0	386	252	0	0	94	102	0	0	0	0	10236	170	1012	124	0	0	0	0	0	0	0	0	16056	208	0	112	0	0	164	98	3908	96	170	0	0	0	210	0	0	0	222	0	174	0	1250	0	6182	0	6906	0	3274	0	2598	0	3330	0	604	0	1032	0	324	0	690	0	988	136	634	0	124	0	286	126	0	0	7732	62	0	0	7124	0	0	0	13422	0	0	0	0	0	0	0	0	0	84	0	0	0	0	0	0	0	0	0	0	0	0	0	0	0	0	0	
51708	Heschl_R	190	724	0	642	0	0	0	232	0	0	0	742	0	0	0	0	0	5920	74	1322	0	0	0	0	0	0	0	0	0	2624	0	0	0	0	0	0	0	1348	0	232	0	0	0	0	0	0	0	0	0	0	0	0	0	0	0	274	0	596	0	112	0	364	0	600	0	178	0	198	186	0	0	166	0	1152	0	0	0	0	0	0	0	6566	0	0	0	1182	0	0	0	160	0	0	0	0	0	0	0	0	0	70	0	0	0	0	0	0	0	0	0	0	0	0	0	0	0	0	
333884	Temporal_Sup_L	6354	144	8250	248	0	0	1912	348	0	0	6186	284	292	84	0	0	17078	184	4734	152	0	0	62	62	0	0	0	0	21032	390	76	220	60	0	68	0	774	0	98	0	64	0	0	0	0	0	0	0	440	0	1272	0	3374	0	3760	0	6362	0	1400	0	3676	0	3442	0	3286	0	560	0	446	0	1664	222	1064	0	0	0	72	0	7732	0	0	0	4634	0	30818	0	70	0	23492	0	0	0	0	0	0	0	0	0	0	0	0	0	0	0	0	0	0	0	0	0	0	0	0	0	0	0	
193628	Temporal_Sup_R	254	1450	0	1394	0	0	0	240	0	0	0	1526	0	0	0	500	230	11694	72	3690	0	0	0	0	0	0	0	0	150	9962	0	148	0	0	0	0	0	2084	0	528	0	166	0	74	0	0	0	0	0	184	0	1446	0	0	0	1642	0	724	0	244	0	808	0	4194	0	4306	0	620	196	0	644	840	96	5722	0	0	0	0	62	6566	0	0	0	4122	0	25686	0	326	0	4034	0	64	0	0	0	0	0	0	0	126	0	0	0	0	0	0	0	0	0	0	0	0	0	0	0	0	
100000	Temporal_Pole_Sup_L	102	0	494	0	140	0	354	0	0	0	1250	0	158	0	856	0	1008	0	286	0	202	0	0	0	0	0	90	0	3420	0	190	0	0	0	0	0	572	0	428	0	754	0	0	0	0	0	0	0	0	0	0	0	0	0	6152	0	0	0	0	0	0	0	0	0	0	0	0	0	0	0	134	0	246	0	0	0	0	0	0	0	4634	0	0	0	10270	0	6728	0	11532	0	0	0	0	0	0	0	0	0	0	0	0	0	0	0	0	0	0	0	0	0	0	0	0	0	0	0	
94896	Temporal_Pole_Sup_R	0	232	0	0	0	0	0	0	0	0	0	926	0	0	0	2118	0	2006	0	1050	0	282	0	0	0	0	0	0	0	3622	0	0	0	0	0	0	0	954	0	4954	0	3128	0	0	0	0	0	0	0	0	0	0	0	0	0	8382	0	0	0	0	0	0	0	0	0	0	0	0	0	0	0	0	0	488	0	0	0	0	0	0	0	4122	0	0	0	5024	0	5974	0	4186	0	0	0	0	0	0	0	0	0	0	0	0	0	0	0	0	0	0	0	0	0	0	0	0	0	0	
408540	Temporal_Mid_L	202	0	0	60	0	0	0	60	0	0	0	0	0	0	0	0	5664	0	78	68	0	0	0	0	0	0	0	0	10922	0	0	0	60	76	158	0	654	0	62	0	296	0	2764	0	2290	0	208	0	2106	0	18030	0	9310	0	9312	0	1488	0	2328	0	10194	0	3194	0	13976	0	3412	0	180	60	0	0	96	0	0	0	0	0	7124	0	30818	0	10270	0	0	0	5078	0	53330	0	0	0	0	0	0	0	60	0	184	0	0	0	0	0	0	0	0	0	0	0	0	98	0	0	0	0	
282496	Temporal_Mid_R	170	2940	0	190	0	0	0	160	0	0	0	2324	0	0	0	260	0	624	0	612	0	0	0	0	0	0	0	0	0	5698	0	0	0	264	0	316	0	2258	0	128	0	126	70	4308	0	2490	0	634	0	4980	0	16374	0	2402	0	2800	0	1394	0	278	0	946	0	7360	0	12054	214	10284	172	814	0	0	0	1316	0	0	0	190	0	1182	0	25686	0	5024	0	0	0	2496	0	21548	0	0	0	0	0	0	0	0	0	162	0	0	0	0	0	0	0	0	0	0	0	0	0	0	0	0	
40076	Temporal_Pole_Mid_L	0	0	0	0	0	0	0	0	0	0	0	0	0	0	0	0	0	0	0	0	0	0	0	0	0	0	0	0	0	0	0	0	0	0	0	0	140	0	146	0	202	0	0	0	0	0	0	0	0	0	0	0	0	0	2124	0	0	0	0	0	0	0	0	0	0	0	0	0	0	0	0	0	0	0	0	0	0	0	0	0	70	0	6728	0	5078	0	0	0	5550	0	0	0	0	0	0	0	0	0	0	0	0	0	0	0	0	0	0	0	0	0	0	0	0	0	0	0	
48660	Temporal_Pole_Mid_R	0	0	0	0	0	0	0	0	0	0	0	0	0	0	0	72	0	0	0	0	0	66	0	0	0	0	0	0	0	98	0	0	0	0	0	0	0	422	0	3886	0	2380	0	0	0	0	0	0	0	0	0	0	0	0	0	5774	0	0	0	0	0	0	0	0	0	0	0	0	0	0	0	0	0	104	0	0	0	0	0	0	0	326	0	5974	0	2496	0	0	0	2732	0	0	0	0	0	0	0	0	0	0	0	0	0	0	0	0	0	0	0	0	0	0	0	0	0	0	
465768	Temporal_Inf_L	598	106	396	72	0	0	100	80	0	0	0	0	0	0	0	0	8766	0	648	0	118	0	0	0	0	0	0	0	16960	0	0	0	0	0	82	0	9392	0	2412	0	2568	0	102	0	82	0	60	0	954	0	5144	0	12550	0	29564	0	3150	0	3496	0	9570	0	2036	0	9032	0	858	0	420	0	96	0	1504	0	0	0	0	0	13422	0	23492	0	11532	0	53330	0	5550	0	0	0	2686	0	490	0	0	0	224	0	474	0	64	0	434	0	270	0	0	0	0	0	0	0	0	0	0	0	
227160	Temporal_Inf_R	1296	1782	0	624	0	0	0	524	0	0	0	886	0	0	0	0	0	528	0	2070	0	0	0	0	0	0	0	0	0	4776	0	0	0	488	0	654	0	10886	0	2688	0	1724	0	3980	0	160	0	1840	0	414	0	1576	0	6410	0	23548	0	762	0	88	0	508	0	1658	0	674	0	3840	1294	366	0	126	0	2208	0	0	0	1452	0	160	0	4034	0	4186	0	21548	0	2732	0	0	0	292	0	0	0	0	0	62	0	736	0	0	0	0	0	0	0	0	0	0	0	0	0	0	0	0	
569064	Cerebelum_Crus1_L	0	0	0	0	0	0	0	0	0	0	0	0	0	0	0	0	0	0	0	0	0	0	0	0	0	0	0	0	110	0	0	0	0	0	0	0	0	0	438	0	0	0	624	0	198	0	10126	1864	116	0	1494	0	2650	304	22998	1304	0	0	0	0	0	0	0	0	0	0	250	0	0	0	0	0	0	0	0	0	0	0	0	0	0	0	0	0	0	0	0	0	2686	0	0	5636	46048	3846	956	464	16416	802	53510	6806	21798	732	31368	1814	11688	2006	1856	866	530	1096	4786	9688	12282	2288	2088	0	
446180	Cerebelum_Crus1_R	0	0	0	0	0	0	0	0	0	0	0	0	0	0	0	0	0	106	0	0	0	0	0	0	0	0	0	0	0	200	0	0	0	0	0	0	0	972	0	924	0	0	176	0	0	0	1654	2768	0	0	352	0	414	190	1374	12502	0	0	0	0	0	0	0	0	0	0	60	0	0	0	0	0	0	448	0	0	0	0	0	0	0	64	0	0	0	0	0	0	0	292	5636	0	2642	23804	468	2598	3524	19992	5850	58026	2200	7340	2018	17432	370	5804	88	1828	250	1730	8964	6738	12548	5126	5424	194	
446488	Cerebelum_Crus2_L	0	0	0	0	0	0	0	0	0	0	0	0	0	0	0	0	0	0	0	0	0	0	0	0	0	0	0	0	0	0	0	0	0	0	0	0	0	0	0	0	0	0	0	0	0	0	918	82	0	0	0	0	0	0	4872	0	0	0	0	0	0	0	0	0	0	0	0	0	0	0	0	0	0	0	0	0	0	0	0	0	0	0	0	0	0	0	0	0	490	0	46048	2642	0	10780	608	240	5694	246	20544	2308	40496	4530	40074	4410	12484	978	1278	244	184	548	2906	4008	11288	3308	1036	0	
275392	Cerebelum_Crus2_R	0	0	0	0	0	0	0	0	0	0	0	0	0	0	0	0	0	0	0	0	0	0	0	0	0	0	0	0	0	0	0	0	0	0	0	0	0	0	0	0	0	0	0	0	0	0	276	116	0	0	90	0	112	0	290	428	0	0	0	0	0	0	0	0	0	0	0	0	0	0	0	0	0	0	0	0	0	0	0	0	0	0	0	0	0	0	0	0	0	0	3846	23804	10780	0	0	246	266	458	1142	7530	4392	23342	3970	31330	646	4474	0	156	0	260	570	846	12436	4058	1832	0	
41996	Cerebelum_3_L	0	0	0	0	0	0	0	0	0	0	0	0	0	0	0	0	0	0	0	0	0	0	0	0	0	0	0	0	0	0	0	0	0	0	0	0	0	0	370	0	0	0	0	0	0	0	394	146	0	0	0	0	0	0	130	0	0	0	0	0	0	0	0	0	0	0	0	0	0	0	0	0	0	0	0	0	0	0	0	0	0	0	0	0	0	0	0	0	0	0	956	468	608	0	0	768	7846	248	2032	536	106	0	136	0	630	142	0	0	1174	2252	1544	186	108	108	110	0	
59924	Cerebelum_3_R	0	0	0	0	0	0	0	0	0	0	0	0	0	0	0	0	0	0	0	0	0	0	0	0	0	0	0	0	0	0	0	0	0	0	0	0	78	0	226	158	0	0	0	0	0	0	98	100	0	0	0	0	0	0	86	624	0	0	0	0	0	0	0	0	0	0	0	0	0	0	0	0	0	0	0	0	0	0	0	0	0	0	0	0	0	0	0	0	0	0	464	2598	240	246	768	0	1502	5026	1030	5042	144	310	156	696	126	1204	70	0	432	4082	2020	614	352	710	760	0	
305212	Cerebelum_4_5_L	0	0	0	0	0	0	0	0	0	0	0	0	0	0	0	0	0	0	0	0	0	0	0	0	0	0	0	0	70	0	0	0	0	0	0	0	214	0	264	0	0	0	688	0	0	0	14810	804	0	0	342	0	1260	0	12366	486	0	0	0	0	0	0	0	0	0	0	182	0	0	0	0	0	0	0	0	0	0	0	0	0	0	0	0	0	60	0	0	0	224	0	16416	3524	5694	266	7846	1502	0	3442	32592	4726	1720	200	3216	660	4870	2412	1040	248	1850	3684	13734	4138	1586	1920	2404	1146	
225700	Cerebelum_4_5_R	0	510	0	0	0	0	0	0	0	0	0	0	0	0	0	0	0	0	0	178	0	0	0	0	0	0	0	0	0	0	0	0	0	0	420	508	292	3504	76	4982	0	82	0	260	0	0	1192	6124	0	0	0	0	0	136	224	11784	0	0	0	0	0	0	0	0	0	0	0	538	0	92	0	0	0	74	0	0	0	454	0	0	0	0	0	0	0	0	0	0	0	62	802	19992	246	458	248	5026	3442	0	1990	29388	0	382	142	844	196	938	0	250	152	1818	12298	1116	390	424	574	242	
571504	Cerebelum_6_L	0	0	0	0	0	0	0	0	0	0	0	0	0	0	0	0	0	0	0	0	0	0	0	0	0	0	0	0	124	0	0	0	0	0	0	0	0	0	468	0	0	0	1534	0	302	0	21818	3392	156	0	2800	0	4564	596	31406	2402	70	0	60	0	74	0	0	0	0	0	554	0	0	0	0	0	0	0	0	0	0	0	84	0	0	0	0	0	184	0	0	0	474	0	53510	5850	20544	1142	2032	1030	32592	1990	0	9908	9904	356	15524	1092	9588	3150	2592	428	1114	2186	10390	15996	7694	2764	2926	388	
505576	Cerebelum_6_R	0	0	0	0	0	0	0	0	0	0	0	0	0	0	0	0	0	206	0	68	0	0	0	0	0	0	0	0	0	410	0	0	0	0	0	0	0	2990	0	1756	0	0	278	82	74	0	3512	8272	0	0	580	76	750	1240	2692	20478	0	0	0	0	0	0	0	0	0	0	100	0	0	0	0	0	0	1208	0	0	0	0	0	70	0	126	0	0	0	162	0	0	0	736	6806	58026	2308	7530	536	5042	4726	29388	9908	0	1698	4246	1730	11236	538	7788	120	2210	316	2292	13704	13800	11084	5628	6064	198	
320536	Cerebelum_7b_L	0	0	0	0	0	0	0	0	0	0	0	0	0	0	0	0	0	0	0	0	0	0	0	0	0	0	0	0	0	0	0	0	0	0	0	0	0	0	0	0	0	0	0	0	0	0	268	66	0	0	0	0	0	0	868	0	0	0	0	0	0	0	0	0	0	0	0	0	0	0	0	0	0	0	0	0	0	0	0	0	0	0	0	0	0	0	0	0	64	0	21798	2200	40496	4392	106	144	1720	0	9904	1698	0	1586	40606	4772	11196	1038	1848	138	0	172	750	1598	6452	5234	1082	72	
161152	Cerebelum_7b_R	0	0	0	0	0	0	0	0	0	0	0	0	0	0	0	0	0	0	0	0	0	0	0	0	0	0	0	0	0	0	0	0	0	0	0	0	0	0	0	0	0	0	0	0	0	0	0	0	0	0	0	0	0	0	78	138	0	0	0	0	0	0	0	0	0	0	0	0	0	0	0	0	0	0	0	0	0	0	0	0	0	0	0	0	0	0	0	0	0	0	732	7340	4530	23342	0	310	200	382	356	4246	1586	0	798	24918	188	4638	0	94	0	324	536	120	3422	1766	532	0	
437360	Cerebelum_8_L	0	0	0	0	0	0	0	0	0	0	0	0	0	0	0	0	0	0	0	0	0	0	0	0	0	0	0	0	0	0	0	0	0	0	0	0	0	0	0	0	0	0	0	0	0	0	238	124	0	0	0	0	0	0	2676	0	0	0	0	0	0	0	0	0	0	0	0	0	0	0	0	0	0	0	0	0	0	0	0	0	0	0	0	0	0	0	0	0	434	0	31368	2018	40074	3970	136	156	3216	142	15524	1730	40606	798	0	8560	30560	4236	2856	954	0	190	1266	3208	7982	10294	5248	116	
322652	Cerebelum_8_R	0	0	0	0	0	0	0	0	0	0	0	0	0	0	0	0	0	0	0	0	0	0	0	0	0	0	0	0	0	0	0	0	0	0	0	0	0	0	0	0	0	0	0	0	0	0	172	0	0	0	0	0	0	0	314	198	0	0	0	0	0	0	0	0	0	0	0	0	0	0	0	0	0	0	0	0	0	0	0	0	0	0	0	0	0	0	0	0	0	0	1814	17432	4410	31330	0	696	660	844	1092	11236	4772	24918	8560	0	1760	20970	0	804	134	772	1434	886	8634	11500	5888	96	
232624	Cerebelum_9_L	0	0	0	0	0	0	0	0	0	0	0	0	0	0	0	0	0	0	0	0	0	0	0	0	0	0	0	0	0	0	0	0	0	0	0	0	0	0	0	0	0	0	90	0	0	0	1654	0	0	0	0	0	0	0	1052	0	0	0	0	0	0	0	0	0	0	0	0	0	0	0	0	0	0	0	0	0	0	0	0	0	0	0	0	0	0	0	0	0	270	0	11688	370	12484	646	630	126	4870	196	9588	538	11196	188	30560	1760	0	3382	5128	846	0	182	2796	3714	2810	4196	4528	824	
224880	Cerebelum_9_R	0	0	0	0	0	0	0	0	0	0	0	0	0	0	0	0	0	0	0	0	0	0	0	0	0	0	0	0	0	0	0	0	0	0	0	0	0	0	0	0	0	0	0	0	0	0	532	302	0	0	0	0	0	0	698	246	0	0	0	0	0	0	0	0	0	0	0	0	0	0	0	0	0	0	0	0	0	0	0	0	0	0	0	0	0	0	0	0	0	0	2006	5804	978	4474	142	1204	2412	938	3150	7788	1038	4638	4236	20970	3382	0	480	4766	468	2022	4282	5988	5472	10440	12304	1280	
42472	Cerebelum_10_L	0	0	0	0	0	0	0	0	0	0	0	0	0	0	0	0	0	0	0	0	0	0	0	0	0	0	0	0	0	0	0	0	0	0	0	0	0	0	0	0	0	0	0	0	0	0	544	0	0	0	0	0	0	0	0	0	0	0	0	0	0	0	0	0	0	0	0	0	0	0	0	0	0	0	0	0	0	0	0	0	0	0	0	0	0	0	0	0	0	0	1856	88	1278	0	0	70	1040	0	2592	120	1848	0	2856	0	5128	480	0	0	0	94	866	910	332	514	510	110	
49300	Cerebelum_10_R	0	0	0	0	0	0	0	0	0	0	0	0	0	0	0	0	0	0	0	0	0	0	0	0	0	0	0	0	0	0	0	0	0	0	0	0	0	0	0	0	0	0	0	0	0	0	98	72	0	0	0	0	0	0	146	88	0	0	0	0	0	0	0	0	0	0	0	0	0	0	0	0	0	0	0	0	0	0	0	0	0	0	0	0	0	0	0	0	0	0	866	1828	244	156	0	0	248	250	428	2210	138	94	954	804	846	4766	0	0	0	0	502	1922	2026	2910	3054	0	
