data	data	686520	439824	1.10529e+06	1.03541e+06	171312	117408	522684	327244	120396	24620	383172	280800	369716	248272	183684	117632	223236	145196	826364	906972	79984	78872	595620	463680	42740	88148	65768	80172	679748	413872	481188	562876	258280	660804	253112	224652	380676	370204	142020	218652	51688	70316	245832	274392	162972	222840	254700	282884	118256	214656	383340	160232	132028	154768	386464	444156	368332	309108	117676	121788	198796	108440	133032	137148	119380	95188	304608	396400	406696	208596	385312	371512	383164	428556	48592	53572	234648	249808	141788	31800	274032	148416	101712	41752	329812	212936	9200	16024	325856	261868	423456	403780	289344	244660	27556	65648	259180	210816	442396	396420	199652	154936	201000	215424	78156	113888	12180	3236	32496	78456	189684	200104	234416	153580	104500	36788	
data	data	Precentral_L	Precentral_R	Frontal_Sup_L	Frontal_Sup_R	Frontal_Sup_Orb_L	Frontal_Sup_Orb_R	Frontal_Mid_L	Frontal_Mid_R	Frontal_Mid_Orb_L	Frontal_Mid_Orb_R	Frontal_Inf_Oper_L	Frontal_Inf_Oper_R	Frontal_Inf_Tri_L	Frontal_Inf_Tri_R	Frontal_Inf_Orb_L	Frontal_Inf_Orb_R	Rolandic_Oper_L	Rolandic_Oper_R	Supp_Motor_Area_L	Supp_Motor_Area_R	Olfactory_L	Olfactory_R	Frontal_Sup_Medial_L	Frontal_Sup_Medial_R	Frontal_Med_Orb_L	Frontal_Med_Orb_R	Rectus_L	Rectus_R	Insula_L	Insula_R	Cingulum_Ant_L	Cingulum_Ant_R	Cingulum_Mid_L	Cingulum_Mid_R	Cingulum_Post_L	Cingulum_Post_R	Hippocampus_L	Hippocampus_R	ParaHippocampal_L	ParaHippocampal_R	Amygdala_L	Amygdala_R	Calcarine_L	Calcarine_R	Cuneus_L	Cuneus_R	Lingual_L	Lingual_R	Occipital_Sup_L	Occipital_Sup_R	Occipital_Mid_L	Occipital_Mid_R	Occipital_Inf_L	Occipital_Inf_R	Fusiform_L	Fusiform_R	Postcentral_L	Postcentral_R	Parietal_Sup_L	Parietal_Sup_R	Parietal_Inf_L	Parietal_Inf_R	SupraMarginal_L	SupraMarginal_R	Angular_L	Angular_R	Precuneus_L	Precuneus_R	Paracentral_Lobule_L	Paracentral_Lobule_R	Caudate_L	Caudate_R	Putamen_L	Putamen_R	Pallidum_L	Pallidum_R	Thalamus_L	Thalamus_R	Heschl_L	Heschl_R	Temporal_Sup_L	Temporal_Sup_R	Temporal_Pole_Sup_L	Temporal_Pole_Sup_R	Temporal_Mid_L	Temporal_Mid_R	Temporal_Pole_Mid_L	Temporal_Pole_Mid_R	Temporal_Inf_L	Temporal_Inf_R	Cerebelum_Crus1_L	Cerebelum_Crus1_R	Cerebelum_Crus2_L	Cerebelum_Crus2_R	Cerebelum_3_L	Cerebelum_3_R	Cerebelum_4_5_L	Cerebelum_4_5_R	Cerebelum_6_L	Cerebelum_6_R	Cerebelum_7b_L	Cerebelum_7b_R	Cerebelum_8_L	Cerebelum_8_R	Cerebelum_9_L	Cerebelum_9_R	Cerebelum_10_L	Cerebelum_10_R	Vermis_1_2	Vermis_3	Vermis_4_5	Vermis_6	Vermis_7	Vermis_8	Vermis_9	Vermis_10	
686520	Precentral_L	0	2506	26930	9528	0	0	29532	808	0	0	19546	1612	3920	340	0	154	12288	422	24450	10756	0	0	622	432	0	0	0	0	12346	390	2690	1652	204	1338	8506	4000	16422	1688	1330	412	0	0	1840	0	404	0	1064	160	194	0	3010	0	602	0	700	248	37082	280	454	0	4732	0	4424	318	990	0	3898	606	26540	522	4334	1404	7722	1116	612	1178	17814	3564	9630	0	6202	80	0	0	3478	0	0	0	3116	118	0	0	0	0	0	0	0	0	0	0	0	0	0	0	0	0	0	0	0	0	0	0	0	0	0	0	
439824	Precentral_R	2506	0	3990	30502	0	0	1692	17300	0	0	446	15894	230	1280	0	0	98	4650	4162	15366	0	0	158	158	0	0	0	0	706	5052	614	712	452	1760	1436	1996	1060	10570	88	1176	0	0	108	748	0	1132	0	450	0	1126	0	396	0	1048	526	2010	506	25242	0	786	78	2072	0	4204	0	280	116	6200	3374	6278	4306	6440	1686	3346	0	542	1130	13652	0	342	174	1262	0	0	0	2888	0	0	488	2922	0	0	0	0	0	0	0	0	0	0	0	0	0	0	0	0	0	0	0	0	0	0	0	0	0	0	
1.10529e+06	Frontal_Sup_L	26930	3990	0	17072	9680	0	72144	4376	4778	0	28330	2684	25652	672	7510	92	11620	390	63722	22428	100	80	59722	12784	1334	220	476	0	32992	520	33244	9388	9058	14332	1290	908	5478	258	662	120	78	0	266	0	0	0	86	0	0	0	296	0	124	0	2074	128	4512	0	0	0	276	0	748	254	98	0	660	0	1616	82	12360	2074	18578	1126	710	908	7896	496	2442	0	4240	0	1222	0	846	0	0	0	3412	0	0	0	0	0	0	0	0	0	0	0	0	0	0	0	0	0	0	0	0	0	0	0	0	0	0	0	
1.03541e+06	Frontal_Sup_R	9528	30502	17072	0	90	6700	4436	33672	0	888	1414	14732	1170	17316	0	6146	162	5782	23574	76714	0	220	15290	36436	0	3100	0	1178	1206	20442	6874	37642	2566	29994	2388	2362	2250	10928	106	3240	0	0	156	0	92	0	182	404	0	0	158	0	0	0	104	3328	1282	728	0	0	216	96	90	238	0	0	646	490	9072	324	4512	20356	1328	21624	178	2292	2626	18294	116	314	224	340	0	0	218	84	0	0	382	1090	0	0	0	0	0	0	0	0	0	0	0	0	0	0	0	0	0	0	0	0	0	0	0	0	0	0	
171312	Frontal_Sup_Orb_L	0	0	9680	90	0	0	1830	0	14564	0	188	0	2144	0	14562	0	0	0	788	0	2236	246	3016	118	3726	0	5950	0	9844	0	4966	512	0	0	0	0	0	0	0	0	142	0	0	0	0	0	0	0	0	0	0	0	0	0	0	0	0	0	0	0	0	0	0	0	0	0	0	0	0	0	1562	294	7294	208	0	0	0	0	0	0	0	0	1696	0	0	0	0	0	0	0	0	0	0	0	0	0	0	0	0	0	0	0	0	0	0	0	0	0	0	0	0	0	0	0	0	0	
117408	Frontal_Sup_Orb_R	0	0	0	6700	0	0	0	790	0	4044	0	0	0	462	0	10048	0	0	0	124	172	2728	0	2922	150	6878	0	8362	0	6096	330	2372	0	0	0	0	0	0	0	0	0	464	0	0	0	0	0	0	0	0	0	0	0	0	0	0	0	0	0	0	0	0	0	0	0	0	0	0	0	0	342	1712	112	3816	0	0	0	0	0	0	0	0	0	80	0	0	0	0	0	0	0	0	0	0	0	0	0	0	0	0	0	0	0	0	0	0	0	0	0	0	0	0	0	0	0	0	
522684	Frontal_Mid_L	29532	1692	72144	4436	1830	0	0	1606	3352	0	14234	1680	26194	502	6210	278	3146	222	7670	4080	0	0	17340	3728	0	0	0	0	12998	354	10596	3916	2114	4122	112	0	2152	96	728	0	0	0	90	0	0	0	0	0	0	0	0	0	0	0	184	0	5730	0	0	0	278	0	768	0	0	0	104	0	0	0	3084	1416	4482	1224	498	1410	3008	218	890	0	508	0	158	0	84	0	0	0	144	0	0	0	0	0	0	0	0	0	0	0	0	0	0	0	0	0	0	0	0	0	0	0	0	0	0	0	
327244	Frontal_Mid_R	808	17300	4376	33672	0	790	1606	0	0	1062	450	15298	596	13898	0	4552	0	818	1500	6376	0	0	5304	8058	0	0	0	0	906	5192	2538	4780	716	10148	0	0	742	1308	0	686	0	0	0	0	0	0	0	0	0	0	0	0	0	0	536	806	328	1054	0	0	130	186	0	0	0	0	0	0	0	0	6024	1434	1386	4664	0	1068	514	1034	0	0	140	0	0	0	0	0	0	0	504	334	0	0	0	0	0	0	0	0	0	0	0	0	0	0	0	0	0	0	0	0	0	0	0	0	0	0	
120396	Frontal_Mid_Orb_L	0	0	4778	0	14564	0	3352	0	0	0	194	0	3286	0	17074	0	0	0	762	0	308	104	208	0	836	0	2874	0	6634	0	780	168	0	0	0	0	0	0	0	0	0	0	0	0	0	0	0	0	0	0	0	0	0	0	0	0	0	0	0	0	0	0	0	0	0	0	0	0	0	0	392	146	2538	108	0	0	0	0	0	0	0	0	1092	0	0	0	0	0	0	0	0	0	0	0	0	0	0	0	0	0	0	0	0	0	0	0	0	0	0	0	0	0	0	0	0	0	
24620	Frontal_Mid_Orb_R	0	0	0	888	0	4044	0	1062	0	0	0	0	0	322	0	4960	0	0	0	0	0	0	0	0	0	220	0	494	0	194	0	0	0	0	0	0	0	0	0	0	0	0	0	0	0	0	0	0	0	0	0	0	0	0	0	0	0	0	0	0	0	0	0	0	0	0	0	0	0	0	0	0	0	126	0	0	0	0	0	0	0	0	0	0	0	0	0	0	0	0	0	0	0	0	0	0	0	0	0	0	0	0	0	0	0	0	0	0	0	0	0	0	0	0	0	0	
383172	Frontal_Inf_Oper_L	19546	446	28330	1414	188	0	14234	450	194	0	0	444	25974	666	206	96	14600	152	12040	1880	0	0	4556	946	0	0	0	0	22834	574	3910	1130	2768	1426	0	0	608	0	0	0	0	0	0	0	0	0	0	0	0	0	0	0	0	0	114	0	8466	0	0	0	276	0	400	0	96	0	104	0	0	0	5924	368	3390	608	144	422	606	0	2326	0	4634	0	3316	0	478	0	0	0	302	0	0	0	0	0	0	0	0	0	0	0	0	0	0	0	0	0	0	0	0	0	0	0	0	0	0	0	
280800	Frontal_Inf_Oper_R	1612	15894	2684	14732	0	0	1680	15298	0	0	444	0	114	15740	0	0	0	9980	582	11786	0	0	486	752	0	0	0	0	874	17648	1680	1262	0	2396	0	0	748	608	0	376	0	0	0	0	0	0	0	0	0	0	0	0	0	0	540	504	478	962	0	0	136	0	0	0	0	0	0	0	0	0	6966	3536	1316	4572	0	208	288	1876	0	224	146	374	0	148	0	0	0	0	514	236	0	0	0	0	0	0	0	0	0	0	0	0	0	0	0	0	0	0	0	0	0	0	0	0	0	0	
369716	Frontal_Inf_Tri_L	3920	230	25652	1170	2144	0	26194	596	3286	0	25974	114	0	368	8610	0	798	0	9546	1202	0	0	11772	1878	0	0	0	0	33800	308	5468	1342	5746	3096	0	0	432	0	0	0	0	0	0	0	0	0	0	0	0	0	0	0	0	0	98	0	1818	0	0	0	0	0	0	0	0	0	0	0	0	0	3712	362	2536	170	0	0	352	0	224	0	448	0	1246	0	0	0	0	0	246	0	0	0	0	0	0	0	0	0	0	0	0	0	0	0	0	0	0	0	0	0	0	0	0	0	0	0	
248272	Frontal_Inf_Tri_R	340	1280	672	17316	0	462	502	13898	0	322	666	15740	368	0	0	6288	0	566	2184	10300	0	0	1740	6650	0	158	0	0	510	20806	810	6276	156	8370	0	0	0	468	0	240	0	0	0	0	0	0	0	0	0	0	0	0	0	0	0	416	0	0	0	0	0	0	0	0	0	0	0	0	0	0	1276	738	0	3850	0	128	0	250	0	0	0	128	0	0	0	0	0	0	0	262	0	0	0	0	0	0	0	0	0	0	0	0	0	0	0	0	0	0	0	0	0	0	0	0	0	0	
183684	Frontal_Inf_Orb_L	0	0	7510	0	14562	0	6210	0	17074	0	206	0	8610	0	0	0	0	0	1084	0	3392	116	1338	0	166	0	1522	0	14964	0	1224	270	134	164	0	0	276	0	342	0	372	0	0	0	0	0	0	0	0	0	0	0	0	0	0	0	0	0	0	0	0	0	0	0	0	0	0	0	0	0	926	152	5856	126	0	0	0	0	0	0	0	0	5246	0	0	0	0	0	0	0	0	0	0	0	0	0	0	0	0	0	0	0	0	0	0	0	0	0	0	0	0	0	0	0	0	0	
117632	Frontal_Inf_Orb_R	154	0	92	6146	0	10048	278	4552	0	4960	96	0	0	6288	0	0	0	0	92	522	0	1368	0	1856	0	826	0	2738	0	11084	186	3042	0	400	0	0	0	0	0	0	0	188	0	0	0	0	0	0	0	0	0	0	0	0	0	0	0	0	0	0	0	0	0	0	0	0	0	0	0	0	330	1330	0	2122	0	0	0	0	0	0	0	0	0	118	0	0	0	0	0	0	0	0	0	0	0	0	0	0	0	0	0	0	0	0	0	0	0	0	0	0	0	0	0	0	0	0	
223236	Rolandic_Oper_L	12288	98	11620	162	0	0	3146	0	0	0	14600	0	798	0	0	0	0	0	4046	266	0	0	356	0	0	0	0	0	18084	0	210	78	0	100	0	0	310	0	0	0	0	0	0	0	0	0	0	0	0	0	0	0	0	0	98	0	12892	0	0	0	78	0	3396	0	0	0	0	0	0	0	1258	0	636	0	300	0	704	0	9780	0	12330	0	1232	0	1914	0	0	0	838	0	0	0	0	0	0	0	0	0	0	0	0	0	0	0	0	0	0	0	0	0	0	0	0	0	0	0	
145196	Rolandic_Oper_R	422	4650	390	5782	0	0	222	818	0	0	152	9980	0	566	0	0	0	0	360	3864	0	0	156	78	0	0	0	0	170	14118	302	246	0	222	256	498	0	168	0	0	0	0	0	0	0	0	0	0	0	0	0	0	0	120	0	184	0	3992	0	0	0	422	0	6408	0	340	0	0	308	194	634	2920	138	1328	0	0	98	1348	0	3952	0	5494	0	178	0	438	0	0	0	682	0	0	0	0	0	0	0	0	0	0	0	0	0	0	0	0	0	0	0	0	0	0	0	0	0	0	
826364	Supp_Motor_Area_L	24450	4162	63722	23574	788	0	7670	1500	762	0	12040	582	9546	2184	1084	92	4046	360	0	56268	0	0	20618	5806	0	86	0	0	14090	1790	13326	5868	11188	25048	8552	4794	5974	1796	162	386	0	0	826	548	524	224	632	150	94	126	1012	0	162	90	356	346	1776	1358	104	0	266	140	276	294	168	0	3006	1412	30516	2954	7024	1144	4836	574	1194	116	9034	3482	384	0	1722	98	288	0	1340	0	0	0	2110	162	0	0	0	0	0	0	0	0	0	0	0	0	0	0	0	0	0	0	0	0	0	0	0	0	0	0	
906972	Supp_Motor_Area_R	10756	15366	22428	76714	0	124	4080	6376	0	0	1880	11786	1202	10300	0	522	266	3864	56268	0	0	0	3662	8884	0	510	0	326	1162	11088	1960	13240	7126	46454	7110	11248	2164	3580	92	1050	0	0	296	2200	128	598	182	854	0	300	170	350	0	2194	108	2818	1390	5132	0	100	206	196	120	1126	0	0	1048	5762	18982	21550	3794	13982	1420	7994	188	1382	2354	8948	194	108	310	558	0	0	224	1580	0	0	382	2670	0	0	0	0	0	0	0	0	0	0	0	0	0	0	0	0	0	0	0	0	0	0	0	0	0	0	
79984	Olfactory_L	0	0	100	0	2236	172	0	0	308	0	0	0	0	0	3392	0	0	0	0	0	0	3630	0	138	862	204	2700	752	4450	0	2784	1994	0	0	0	0	0	0	776	0	542	0	0	0	0	0	0	0	0	0	0	0	0	0	0	0	0	0	0	0	0	0	0	0	0	0	0	0	0	0	5654	2928	2058	1168	0	0	0	0	0	0	0	0	3144	0	0	0	0	0	0	0	0	0	0	0	0	0	0	0	0	0	0	0	0	0	0	0	0	0	0	0	0	0	0	0	0	0	
78872	Olfactory_R	0	0	80	220	246	2728	0	0	104	0	0	0	0	0	116	1368	0	0	0	0	3630	0	0	444	326	1534	2150	3194	110	2282	1970	2594	0	0	0	0	0	0	0	0	82	532	0	0	0	0	0	0	0	0	0	0	0	0	0	0	0	0	0	0	0	0	0	0	0	0	0	0	0	0	5330	5992	2446	1678	0	0	0	0	0	0	0	0	110	170	0	0	0	0	0	0	0	0	0	0	0	0	0	0	0	0	0	0	0	0	0	0	0	0	0	0	0	0	0	0	0	0	
595620	Frontal_Sup_Medial_L	622	158	59722	15290	3016	0	17340	5304	208	0	4556	486	11772	1740	1338	0	356	156	20618	3662	0	0	0	35064	3018	914	402	0	9378	704	42668	17570	11456	22002	0	0	96	92	96	0	0	0	0	0	0	0	0	0	0	0	0	0	0	0	0	0	130	0	0	0	0	0	0	144	0	0	0	0	0	0	3448	190	3122	182	210	0	580	0	0	0	0	0	0	0	0	0	0	0	0	0	0	0	0	0	0	0	0	0	0	0	0	0	0	0	0	0	0	0	0	0	0	0	0	0	0	0	
463680	Frontal_Sup_Medial_R	432	158	12784	36436	118	2922	3728	8058	0	0	946	752	1878	6650	0	1856	0	78	5806	8884	138	444	35064	0	264	6082	0	1832	1412	5658	10148	36810	2876	25034	0	0	0	772	0	374	0	0	0	0	0	0	0	0	0	0	0	0	0	0	0	406	120	0	0	0	0	0	0	0	0	0	0	0	0	0	1216	4482	414	6618	0	0	0	190	0	0	0	0	0	0	0	0	0	0	0	0	0	0	0	0	0	0	0	0	0	0	0	0	0	0	0	0	0	0	0	0	0	0	0	0	0	0	
42740	Frontal_Med_Orb_L	0	0	1334	0	3726	150	0	0	836	0	0	0	0	0	166	0	0	0	0	0	862	326	3018	264	0	642	2080	124	102	0	5474	386	0	0	0	0	0	0	0	0	0	0	0	0	0	0	0	0	0	0	0	0	0	0	0	0	0	0	0	0	0	0	0	0	0	0	0	0	0	0	1146	196	538	0	0	0	0	0	0	0	0	0	0	0	0	0	0	0	0	0	0	0	0	0	0	0	0	0	0	0	0	0	0	0	0	0	0	0	0	0	0	0	0	0	0	0	
88148	Frontal_Med_Orb_R	0	0	220	3100	0	6878	0	0	0	220	0	0	0	158	0	826	0	0	86	510	204	1534	914	6082	642	0	174	7354	0	918	2110	4980	0	0	0	0	0	0	0	0	0	0	0	0	0	0	0	0	0	0	0	0	0	0	0	0	0	0	0	0	0	0	0	0	0	0	0	0	0	0	334	2366	152	4312	0	0	0	0	0	0	0	0	0	0	0	0	0	0	0	0	0	0	0	0	0	0	0	0	0	0	0	0	0	0	0	0	0	0	0	0	0	0	0	0	0	0	
65768	Rectus_L	0	0	476	0	5950	0	0	0	2874	0	0	0	0	0	1522	0	0	0	0	0	2700	2150	402	0	2080	174	0	566	278	0	4056	1408	0	0	0	0	0	0	0	0	0	0	0	0	0	0	0	0	0	0	0	0	0	0	0	0	0	0	0	0	0	0	0	0	0	0	0	0	0	0	3884	1582	2176	606	0	0	0	0	0	0	0	0	0	0	0	0	0	0	0	0	0	0	0	0	0	0	0	0	0	0	0	0	0	0	0	0	0	0	0	0	0	0	0	0	0	0	
80172	Rectus_R	0	0	0	1178	0	8362	0	0	0	494	0	0	0	0	0	2738	0	0	0	326	752	3194	0	1832	124	7354	566	0	0	1628	706	3454	0	0	0	0	0	0	0	0	0	0	0	0	0	0	0	0	0	0	0	0	0	0	0	0	0	0	0	0	0	0	0	0	0	0	0	0	0	0	966	3300	370	2654	0	0	0	88	0	0	0	0	0	0	0	0	0	0	0	0	0	0	0	0	0	0	0	0	0	0	0	0	0	0	0	0	0	0	0	0	0	0	0	0	0	0	
679748	Insula_L	12346	706	32992	1206	9844	0	12998	906	6634	0	22834	874	33800	510	14964	0	18084	170	14090	1162	4450	110	9378	1412	102	0	278	0	0	346	5458	1380	3656	2070	364	0	17212	0	2714	0	4606	0	494	0	0	0	236	0	0	0	772	0	556	0	7878	0	6634	0	0	0	0	0	1550	148	0	0	460	0	150	0	5016	284	21226	172	594	0	1212	246	13044	0	12756	0	12940	0	4122	0	0	0	10244	0	258	0	0	0	0	0	588	0	638	0	0	0	0	0	0	0	0	0	0	0	0	0	0	0	0	0	
413872	Insula_R	390	5052	520	20442	0	6096	354	5192	0	194	574	17648	308	20806	0	11084	0	14118	1790	11088	0	2282	704	5658	0	918	0	1628	346	0	418	5254	0	4570	162	330	124	6420	0	2796	0	2532	0	0	0	0	0	0	0	0	0	0	0	0	0	5922	80	536	0	0	0	0	0	94	0	0	0	96	110	0	964	4448	94	22592	0	0	184	3002	0	2412	0	6526	0	612	0	2886	0	0	0	6580	0	0	0	0	0	0	0	0	0	0	0	0	0	0	0	0	0	0	0	0	0	0	0	0	0	0	
481188	Cingulum_Ant_L	2690	614	33244	6874	4966	330	10596	2538	780	0	3910	1680	5468	810	1224	186	210	302	13326	1960	2784	1970	42668	10148	5474	2110	4056	706	5458	418	0	26470	8934	9690	1082	0	82	0	0	0	0	0	0	0	0	0	0	0	0	0	0	0	0	0	0	0	688	0	0	0	0	0	0	206	0	0	568	0	0	0	12284	2982	7208	1806	210	204	600	80	0	0	0	0	0	0	0	0	0	0	0	0	0	0	0	0	0	0	0	0	0	0	0	0	0	0	0	0	0	0	0	0	0	0	0	0	0	0	
562876	Cingulum_Ant_R	1652	712	9388	37642	512	2372	3916	4780	168	0	1130	1262	1342	6276	270	3042	78	246	5868	13240	1994	2594	17570	36810	386	4980	1408	3454	1380	5254	26470	0	5430	30254	246	436	0	838	0	382	0	0	0	0	0	0	0	0	0	0	0	0	0	0	0	424	230	0	0	0	0	0	0	0	0	0	0	0	0	0	4850	21194	1774	16686	0	574	0	1924	0	0	0	0	0	0	0	0	0	0	0	0	0	0	0	0	0	0	0	0	0	0	0	0	0	0	0	0	0	0	0	0	0	0	0	0	0	0	
258280	Cingulum_Mid_L	204	452	9058	2566	0	0	2114	716	0	0	2768	0	5746	156	134	0	0	0	11188	7126	0	0	11456	2876	0	0	0	0	3656	0	8934	5430	0	20506	7566	3110	0	0	0	0	0	0	3308	112	3538	80	190	0	660	0	578	0	0	0	0	0	414	0	546	0	104	0	0	0	0	0	9238	1146	2104	1220	0	0	0	0	0	0	0	0	0	0	0	0	0	0	140	0	0	0	0	0	0	0	0	0	0	0	0	0	0	0	0	0	0	0	0	0	0	0	0	0	0	0	0	0	0	0	
660804	Cingulum_Mid_R	1338	1760	14332	29994	0	0	4122	10148	0	0	1426	2396	3096	8370	164	400	100	222	25048	46454	0	0	22002	25034	0	0	0	0	2070	4570	9690	30254	20506	0	4904	13378	0	842	0	414	0	0	80	2012	0	2754	0	866	0	1328	0	502	0	1240	0	1430	116	2738	0	148	0	0	0	204	0	0	1342	11428	6720	10080	554	1220	118	1940	0	0	0	0	0	0	0	128	0	0	0	0	0	0	0	420	0	0	0	0	0	0	0	0	0	0	0	0	0	0	0	0	0	0	0	0	0	0	0	0	0	0	
253112	Cingulum_Post_L	8506	1436	1290	2388	0	0	112	0	0	0	0	0	0	0	0	0	0	256	8552	7110	0	0	0	0	0	0	0	0	364	162	1082	246	7566	4904	0	12734	8320	1652	1742	356	0	0	4666	380	2500	0	1346	168	514	0	234	0	0	0	0	188	278	698	0	0	86	0	0	282	0	0	10898	3054	14352	2962	492	158	0	0	0	0	7270	6230	656	0	160	88	0	0	0	0	0	0	0	118	0	0	0	0	0	0	0	0	0	0	0	0	0	0	0	0	0	0	0	0	0	0	0	0	0	0	
224652	Cingulum_Post_R	4000	1996	908	2362	0	0	0	0	0	0	0	0	0	0	0	0	0	498	4794	11248	0	0	0	0	0	0	0	0	0	330	0	436	3110	13378	12734	0	3324	4788	0	972	0	0	0	1822	0	450	0	2112	0	0	0	0	0	90	0	578	0	1898	0	0	0	186	0	1372	0	0	638	11860	6504	6448	390	250	0	160	0	0	6022	5848	0	0	0	342	0	0	0	0	0	0	0	312	0	0	0	0	0	0	0	0	0	0	0	0	0	0	0	0	0	0	0	0	166	0	0	0	0	0	
380676	Hippocampus_L	16422	1060	5478	2250	0	0	2152	742	0	0	608	748	432	0	276	0	310	0	5974	2164	0	0	96	0	0	0	0	0	17212	124	82	0	0	0	8320	3324	0	1702	17940	416	7438	0	3668	0	0	0	5252	124	0	0	726	0	788	0	19648	214	1050	0	0	0	0	0	0	0	0	0	6156	424	5712	0	744	94	14710	106	978	0	5256	3496	3972	0	4004	0	1394	0	1664	0	0	0	11076	114	524	0	0	0	112	0	1662	0	1400	0	0	0	0	0	0	0	0	0	0	0	0	0	0	0	0	0	
370204	Hippocampus_R	1688	10570	258	10928	0	0	96	1308	0	0	0	608	0	468	0	0	0	168	1796	3580	0	0	92	772	0	0	0	0	0	6420	0	838	0	842	1652	4788	1702	0	0	30466	0	11076	0	1472	0	122	0	7052	0	0	0	144	0	814	0	33334	0	164	0	0	0	0	0	0	0	0	116	5340	1608	172	126	738	226	15846	0	1654	1624	5094	0	620	0	2362	0	530	0	2946	0	0	0	12384	0	0	0	0	0	0	0	248	0	0	0	0	0	0	0	0	0	0	0	0	250	0	0	0	0	0	
142020	ParaHippocampal_L	1330	88	662	106	0	0	728	0	0	0	0	0	0	0	342	0	0	0	162	92	776	0	96	0	0	0	0	0	2714	0	0	0	0	0	1742	0	17940	0	0	0	3790	0	1902	0	0	0	5136	0	0	0	276	0	952	0	11844	0	156	0	0	0	0	0	0	0	0	0	3156	0	130	0	98	0	4382	0	204	0	0	0	270	0	192	0	920	0	402	0	0	0	1634	0	1002	0	0	0	170	0	4024	0	3592	0	0	0	0	0	0	0	0	0	0	0	0	0	0	0	0	0	
218652	ParaHippocampal_R	412	1176	120	3240	0	0	0	686	0	0	0	376	0	240	0	0	0	0	386	1050	0	0	0	374	0	0	0	0	0	2796	0	382	0	414	356	972	416	30466	0	0	0	8320	0	574	0	0	0	6020	0	0	0	80	0	392	0	25834	0	0	0	0	0	0	0	0	0	0	0	1996	300	0	0	368	154	9592	0	1570	362	1908	0	148	0	336	0	832	0	106	0	976	0	3202	0	328	0	0	0	300	0	1236	0	530	0	0	0	0	0	0	0	0	0	0	0	0	0	0	0	0	
51688	Amygdala_L	0	0	78	0	142	0	0	0	0	0	0	0	0	0	372	0	0	0	0	0	542	82	0	0	0	0	0	0	4606	0	0	0	0	0	0	0	7438	0	3790	0	0	0	0	0	0	0	0	0	0	0	0	0	0	0	3942	0	0	0	0	0	0	0	0	0	0	0	0	0	0	0	0	166	2388	0	0	0	0	0	0	0	0	0	1916	0	0	0	0	0	382	0	0	0	0	0	0	0	0	0	0	0	0	0	0	0	0	0	0	0	0	0	0	0	0	0	0	0	
70316	Amygdala_R	0	0	0	0	0	464	0	0	0	0	0	0	0	0	0	188	0	0	0	0	0	532	0	0	0	0	0	0	0	2532	0	0	0	0	0	0	0	11076	0	8320	0	0	0	0	0	0	0	0	0	0	0	0	0	0	0	7710	0	0	0	0	0	0	0	0	0	0	0	0	0	0	0	98	0	2670	0	0	0	0	0	0	0	0	0	1064	0	0	0	156	0	258	0	0	0	0	0	0	0	90	0	0	0	0	0	0	0	0	0	0	0	0	0	0	0	0	0	0	
245832	Calcarine_L	1840	108	266	156	0	0	90	0	0	0	0	0	0	0	0	0	0	0	826	296	0	0	0	0	0	0	0	0	494	0	0	0	3308	80	4666	0	3668	0	1902	0	0	0	0	4396	19922	5192	11970	1668	6400	316	15278	0	3330	0	1006	0	2220	0	882	0	204	0	0	0	928	0	22666	598	5354	110	0	0	0	0	0	0	0	0	616	0	138	0	0	0	990	0	0	0	230	0	598	0	0	0	0	0	0	0	124	0	0	0	0	0	0	0	0	0	0	0	0	80	0	0	0	0	
274392	Calcarine_R	0	748	0	0	0	0	0	0	0	0	0	0	0	0	0	0	0	0	548	2200	0	0	0	0	0	0	0	0	0	0	0	0	112	2012	380	1822	0	1472	0	574	0	0	4396	0	1536	20058	1336	21400	0	15642	0	13778	0	6448	0	4664	0	3398	0	596	0	0	0	0	0	274	634	23460	704	4578	0	0	0	114	0	0	0	0	0	0	0	0	0	0	0	1492	0	0	0	2350	0	0	0	0	0	0	0	0	0	0	0	0	0	0	0	0	0	0	0	0	470	0	0	0	0	0	
162972	Cuneus_L	404	0	0	92	0	0	0	0	0	0	0	0	0	0	0	0	0	0	524	128	0	0	0	0	0	0	0	0	0	0	0	0	3538	0	2500	0	0	0	0	0	0	0	19922	1536	0	3618	704	0	14906	214	8234	0	0	0	0	0	1126	0	1132	0	594	0	0	0	318	0	18194	716	2628	0	0	0	0	0	0	0	0	0	0	0	0	0	0	0	372	0	0	0	86	0	0	0	0	0	0	0	0	0	0	0	0	0	0	0	0	0	0	0	0	0	0	0	0	0	0	0	
222840	Cuneus_R	0	1132	0	0	0	0	0	0	0	0	0	0	0	0	0	0	0	0	224	598	0	0	0	0	0	0	0	0	0	0	0	0	80	2754	0	450	0	122	0	0	0	0	5192	20058	3618	0	0	2134	0	25338	0	7888	0	4200	0	2146	0	4662	0	4290	0	0	0	0	0	202	2536	19876	368	2298	0	0	0	0	0	0	0	0	0	0	0	0	0	0	0	584	0	0	0	532	0	0	0	0	0	0	0	0	0	0	0	0	0	0	0	0	0	0	0	0	138	0	0	0	0	0	
254700	Lingual_L	1064	0	86	182	0	0	0	0	0	0	0	0	0	0	0	0	0	0	632	182	0	0	0	0	0	0	0	0	236	0	0	0	190	0	1346	0	5252	0	5136	0	0	0	11970	1336	704	0	0	3636	952	0	17044	80	9980	0	15948	166	968	0	576	0	442	0	0	0	238	0	4592	110	1138	0	0	0	328	0	0	0	712	234	94	0	102	0	0	0	4324	0	0	0	1514	0	3956	858	448	0	316	0	8478	1832	11004	1278	0	0	0	0	90	0	0	0	0	0	3972	2854	624	0	0	146	
282884	Lingual_R	160	450	0	404	0	0	0	0	0	0	0	0	0	0	0	0	0	0	150	854	0	0	0	0	0	0	0	0	0	0	0	0	0	866	168	2112	124	7052	0	6020	0	0	1668	21400	0	2134	3636	0	0	2794	0	6434	0	6628	1154	16224	0	1070	0	148	0	0	0	0	0	186	122	11810	186	1516	0	0	126	372	0	0	82	664	0	0	0	0	0	0	0	500	0	0	0	2432	2566	2762	710	0	0	0	2660	5668	5748	7642	0	0	0	0	204	0	0	0	0	0	7126	5706	1004	0	0	0	
118256	Occipital_Sup_L	194	0	0	0	0	0	0	0	0	0	0	0	0	0	0	0	0	0	94	0	0	0	0	0	0	0	0	0	0	0	0	0	660	0	514	0	0	0	0	0	0	0	6400	0	14906	0	952	0	0	0	16850	0	330	0	306	0	718	0	4616	0	546	0	0	0	94	0	10280	0	678	0	0	0	0	0	0	0	0	0	0	0	0	0	0	0	990	0	0	0	0	0	0	0	0	0	0	0	0	0	0	0	0	0	0	0	0	0	0	0	0	0	0	0	0	0	0	0	
214656	Occipital_Sup_R	0	1126	0	0	0	0	0	0	0	0	0	0	0	0	0	0	0	0	126	300	0	0	0	0	0	0	0	0	0	0	0	0	0	1328	0	0	0	0	0	0	0	0	316	15642	214	25338	0	2794	0	0	0	15074	0	4922	0	1698	0	6148	0	8406	0	978	0	0	0	2990	1484	14946	192	1480	0	0	0	0	0	0	0	0	0	0	0	0	0	0	0	1488	0	0	0	338	0	0	0	0	0	0	0	0	0	0	0	0	0	0	0	0	0	0	0	0	0	0	0	0	0	0	
383340	Occipital_Mid_L	3010	0	296	158	0	0	0	0	0	0	0	0	0	0	0	0	0	0	1012	170	0	0	0	0	0	0	0	0	772	0	0	0	578	0	234	0	726	0	276	0	0	0	15278	0	8234	0	17044	0	16850	0	0	0	19092	0	7158	0	9062	0	12850	0	13932	0	840	0	13234	0	13050	0	7064	0	0	0	0	0	0	0	0	0	470	0	372	0	0	0	23072	0	0	0	5386	0	890	0	0	0	0	0	238	0	322	0	0	0	0	0	0	0	0	0	0	0	0	0	0	0	0	0	
160232	Occipital_Mid_R	0	396	0	0	0	0	0	0	0	0	0	0	0	0	0	0	0	0	0	350	0	0	0	0	0	0	0	0	0	0	0	0	0	502	0	0	0	144	0	80	0	0	0	13778	0	7888	80	6434	0	15074	0	0	0	4878	0	1948	0	1130	0	1048	0	2444	0	302	0	8958	640	5038	0	872	0	0	0	0	0	0	0	0	0	0	0	0	0	0	0	7738	0	0	0	290	0	104	0	0	0	0	0	0	0	0	0	0	0	0	0	0	0	0	0	0	0	0	0	0	0	0	
132028	Occipital_Inf_L	602	0	124	0	0	0	0	0	0	0	0	0	0	0	0	0	0	0	162	0	0	0	0	0	0	0	0	0	556	0	0	0	0	0	0	0	788	0	952	0	0	0	3330	0	0	0	9980	0	330	0	19092	0	0	0	11054	0	242	0	222	0	148	0	0	0	142	0	420	0	248	0	0	0	132	0	0	0	0	0	502	0	362	0	0	0	7578	0	0	0	5080	0	768	0	0	0	0	0	1494	0	1706	0	0	0	0	0	0	0	0	0	0	0	0	0	0	0	0	0	
154768	Occipital_Inf_R	0	1048	0	0	0	0	0	0	0	0	0	0	0	0	0	0	0	120	90	2194	0	0	0	0	0	0	0	0	0	0	0	0	0	1240	0	90	0	814	0	392	0	0	0	6448	0	4200	0	6628	0	4922	0	4878	0	0	0	15730	0	3286	0	1644	0	150	0	0	0	1286	0	8152	146	3446	0	0	0	88	0	0	0	0	0	0	0	90	0	0	0	2542	0	0	0	3268	414	802	288	0	0	0	0	560	400	1194	0	0	0	0	0	0	0	0	0	0	0	512	322	0	0	0	
386464	Fusiform_L	700	526	2074	104	0	0	184	536	0	0	114	540	98	0	0	0	98	0	356	108	0	0	0	0	0	0	0	0	7878	0	0	0	0	0	0	0	19648	0	11844	0	3942	0	1006	0	0	0	15948	1154	306	0	7158	0	11054	0	0	148	236	0	0	0	0	0	0	0	0	0	624	0	0	0	144	0	4908	0	102	0	0	0	164	0	3784	0	562	0	2392	0	106	0	14134	0	17980	848	424	0	534	0	20094	954	32800	1394	216	0	242	110	0	0	0	0	0	0	2884	1642	264	166	0	0	
444156	Fusiform_R	248	2010	128	3328	0	0	0	806	0	0	0	504	0	416	0	0	0	184	346	2818	0	0	0	406	0	0	0	0	0	5922	0	424	0	1430	188	578	214	33334	0	25834	0	7710	0	4664	0	2146	166	16224	0	1698	0	1948	0	15730	148	0	0	1546	0	306	0	0	0	0	0	826	128	5840	278	2462	0	450	132	10858	0	1192	156	1242	0	256	0	2888	0	3972	0	2292	0	1824	0	15124	1064	9176	448	0	0	156	202	8366	1432	14224	0	0	0	0	0	0	0	0	0	112	2970	2028	576	0	0	0	
368332	Postcentral_L	37082	506	4512	1282	0	0	5730	328	0	0	8466	478	1818	0	0	0	12892	0	1776	1390	0	0	130	120	0	0	0	0	6634	80	688	230	414	116	278	0	1050	0	156	0	0	0	2220	0	1126	0	968	0	718	0	9062	0	242	0	236	0	0	0	8390	0	19892	0	11012	0	2256	0	3452	0	9234	0	2296	410	1186	198	416	286	994	0	7064	0	8878	0	0	0	4766	0	0	0	2708	0	0	0	0	0	0	0	0	0	0	0	0	0	0	0	0	0	0	0	0	0	0	0	0	0	0	0	
309108	Postcentral_R	280	25242	0	728	0	0	0	1054	0	0	0	962	0	0	0	0	0	3992	1358	5132	0	0	0	0	0	0	0	0	0	536	0	0	0	2738	698	1898	0	164	0	0	0	0	0	3398	0	4662	0	1070	0	6148	0	1130	0	3286	0	1546	0	0	0	15842	0	11140	0	14936	0	2814	100	16788	1658	11468	0	494	0	242	0	0	0	500	0	412	0	2266	0	0	0	6322	0	0	0	3550	0	0	0	0	0	0	0	0	0	0	0	0	0	0	0	0	0	0	0	0	0	0	0	0	0	0	
117676	Parietal_Sup_L	454	0	0	0	0	0	0	0	0	0	0	0	0	0	0	0	0	0	104	0	0	0	0	0	0	0	0	0	0	0	0	0	546	0	0	0	0	0	0	0	0	0	882	0	1132	0	576	0	4616	0	12850	0	222	0	0	0	8390	0	0	0	12236	0	196	0	3420	0	8454	0	2740	0	0	0	0	0	0	0	0	0	0	0	0	0	0	0	1682	0	0	0	338	0	0	0	0	0	0	0	0	0	0	0	0	0	0	0	0	0	0	0	0	0	0	0	0	0	0	0	
121788	Parietal_Sup_R	0	786	0	0	0	0	0	0	0	0	0	0	0	0	0	0	0	0	0	100	0	0	0	0	0	0	0	0	0	0	0	0	0	148	0	0	0	0	0	0	0	0	0	596	0	4290	0	148	0	8406	0	1048	0	1644	0	306	0	15842	0	0	0	8374	0	1682	0	3834	0	8628	0	1254	0	0	0	0	0	0	0	0	0	0	0	212	0	0	0	1662	0	0	0	1934	0	0	0	0	0	0	0	0	0	0	0	0	0	0	0	0	0	0	0	0	0	0	0	0	0	0	
198796	Parietal_Inf_L	4732	78	276	216	0	0	278	130	0	0	276	136	0	0	0	0	78	0	266	206	0	0	0	0	0	0	0	0	0	0	0	0	104	0	86	0	0	0	0	0	0	0	204	0	594	0	442	0	546	0	13932	0	148	0	0	0	19892	0	12236	0	0	0	13296	0	18394	0	1236	0	1882	0	792	0	0	0	94	0	424	0	0	0	848	0	0	0	4404	0	0	0	3172	0	0	0	0	0	0	0	0	0	0	0	0	0	0	0	0	0	0	0	0	0	0	0	0	0	0	0	
108440	Parietal_Inf_R	0	2072	0	96	0	0	0	186	0	0	0	0	0	0	0	0	0	422	140	196	0	0	0	0	0	0	0	0	0	0	0	0	0	0	0	186	0	0	0	0	0	0	0	0	0	0	0	0	0	978	0	2444	0	150	0	0	0	11140	0	8374	0	0	0	10586	0	11196	0	490	0	208	0	220	0	0	0	0	0	220	0	0	0	970	0	0	0	2056	0	0	0	1890	0	0	0	0	0	0	0	0	0	0	0	0	0	0	0	0	0	0	0	0	0	0	0	0	0	0	
133032	SupraMarginal_L	4424	0	748	90	0	0	768	0	0	0	400	0	0	0	0	0	3396	0	276	120	0	0	0	0	0	0	0	0	1550	0	0	0	0	0	0	0	0	0	0	0	0	0	0	0	0	0	0	0	0	0	840	0	0	0	0	0	11012	0	196	0	13296	0	0	0	7184	0	122	0	82	0	288	0	0	0	0	0	362	0	1108	0	6630	0	0	0	7520	0	0	0	6104	0	0	0	0	0	0	0	0	0	0	0	0	0	0	0	0	0	0	0	0	0	0	0	0	0	0	0	
137148	SupraMarginal_R	318	4204	254	238	0	0	0	0	0	0	0	0	0	0	0	0	0	6408	294	1126	0	0	144	0	0	0	0	0	148	94	206	0	0	204	282	1372	0	0	0	0	0	0	0	0	0	0	0	0	0	0	0	302	0	0	0	0	0	14936	0	1682	0	10586	0	0	0	5746	0	452	378	1012	560	0	132	0	0	0	0	0	0	292	0	7888	0	0	0	4698	0	0	0	4618	0	0	0	0	0	0	0	0	0	0	0	0	0	0	0	0	0	0	0	0	0	0	0	0	0	0	
119380	Angular_L	990	0	98	0	0	0	0	0	0	0	96	0	0	0	0	0	0	0	168	0	0	0	0	0	0	0	0	0	0	0	0	0	0	0	0	0	0	0	0	0	0	0	928	0	318	0	238	0	94	0	13234	0	142	0	0	0	2256	0	3420	0	18394	0	7184	0	0	0	654	0	1606	0	0	0	0	0	0	0	0	0	0	0	1398	0	0	0	5750	0	0	0	2722	0	0	0	0	0	0	0	0	0	0	0	0	0	0	0	0	0	0	0	0	0	0	0	0	0	0	0	
95188	Angular_R	0	280	0	0	0	0	0	0	0	0	0	0	0	0	0	0	0	340	0	0	0	0	0	0	0	0	0	0	0	0	0	0	0	0	0	0	0	0	0	0	0	0	0	274	0	202	0	186	0	2990	0	8958	0	1286	0	826	0	2814	0	3834	0	11196	0	5746	0	0	0	1014	0	92	0	0	0	0	0	0	0	0	0	0	0	1934	0	0	0	4018	0	0	0	1604	0	0	0	0	0	0	0	0	0	0	0	0	0	0	0	0	0	0	0	0	0	0	0	0	0	0	
304608	Precuneus_L	3898	116	660	646	0	0	104	0	0	0	104	0	0	0	0	0	0	0	3006	1048	0	0	0	0	0	0	0	0	460	0	568	0	9238	1342	10898	638	6156	116	3156	0	0	0	22666	634	18194	2536	4592	122	10280	1484	13050	640	420	0	624	128	3452	100	8454	0	1236	0	122	0	654	0	0	5786	10054	280	0	0	0	0	0	0	712	152	618	0	144	0	0	0	2446	0	0	0	570	0	0	0	0	0	0	0	0	0	0	0	0	0	0	0	0	0	0	0	0	0	0	0	0	0	0	0	
396400	Precuneus_R	606	6200	0	490	0	0	0	0	0	0	0	0	0	0	0	0	0	0	1412	5762	0	0	0	0	0	0	0	0	0	96	0	0	1146	11428	3054	11860	424	5340	0	1996	0	0	598	23460	716	19876	110	11810	0	14946	0	5038	0	8152	0	5840	0	16788	0	8628	0	490	0	452	0	1014	5786	0	2272	10690	0	0	0	114	0	0	618	790	0	0	0	556	0	0	0	5572	0	0	0	3514	0	0	0	0	0	0	0	0	0	0	0	0	0	0	0	0	0	0	0	0	556	0	0	0	0	0	
406696	Paracentral_Lobule_L	26540	3374	1616	9072	0	0	0	0	0	0	0	0	0	0	0	0	0	308	30516	18982	0	0	0	0	0	0	0	0	150	110	0	0	2104	6720	14352	6504	5712	1608	130	300	0	0	5354	704	2628	368	1138	186	678	192	7064	0	248	146	0	278	9234	1658	2740	0	1882	0	82	378	1606	0	10054	2272	0	5270	244	204	0	86	0	0	10122	3622	0	0	748	132	0	0	3522	0	0	0	2254	156	0	0	0	0	0	0	0	0	0	0	0	0	0	0	0	0	0	0	0	0	0	0	0	0	0	0	
208596	Paracentral_Lobule_R	522	6278	82	324	0	0	0	0	0	0	0	0	0	0	0	0	0	194	2954	21550	0	0	0	0	0	0	0	0	0	0	0	0	1220	10080	2962	6448	0	172	0	0	0	0	110	4578	0	2298	0	1516	0	1480	0	872	0	3446	0	2462	0	11468	0	1254	0	208	0	1012	0	92	280	10690	5270	0	0	0	0	0	0	0	0	0	0	0	0	394	0	0	0	1714	0	0	0	2368	0	0	0	0	0	0	0	0	0	0	0	0	0	0	0	0	0	0	0	0	0	0	0	0	0	0	
385312	Caudate_L	4334	4306	12360	4512	1562	342	3084	6024	392	0	5924	6966	3712	1276	926	330	1258	634	7024	3794	5654	5330	3448	1216	1146	334	3884	966	5016	964	12284	4850	0	554	492	390	744	126	98	0	0	0	0	0	0	0	0	0	0	0	0	0	0	0	144	0	2296	0	0	0	792	0	288	560	0	0	0	0	244	0	0	17438	23138	9156	5444	1188	12362	1124	520	0	770	162	484	0	0	0	0	0	290	0	0	0	0	0	0	0	0	0	0	0	0	0	0	0	0	0	0	0	0	0	0	0	0	0	0	0	
371512	Caudate_R	1404	6440	2074	20356	294	1712	1416	1434	146	0	368	3536	362	738	152	1330	0	2920	1144	13982	2928	5992	190	4482	196	2366	1582	3300	284	4448	2982	21194	0	1220	158	250	94	738	0	368	166	98	0	0	0	0	0	0	0	0	0	0	0	0	0	450	410	494	0	0	0	220	0	0	0	0	0	0	204	0	17438	0	7102	25572	956	3902	416	15646	0	0	0	0	0	0	0	0	0	0	0	102	0	0	0	0	0	0	0	0	0	0	0	0	0	0	0	0	0	0	0	0	0	0	0	0	0	0	
383164	Putamen_L	7722	1686	18578	1328	7294	112	4482	1386	2538	0	3390	1316	2536	0	5856	0	636	138	4836	1420	2058	2446	3122	414	538	152	2176	370	21226	94	7208	1774	0	118	0	0	14710	226	4382	154	2388	0	0	0	0	0	328	126	0	0	0	0	132	0	4908	132	1186	0	0	0	0	0	0	132	0	0	0	0	0	0	23138	7102	0	4984	7170	350	3510	670	676	0	1428	0	2970	0	360	0	0	0	3224	0	0	0	0	0	92	0	154	0	0	0	0	0	0	0	0	0	0	0	0	0	0	0	0	0	0	0	
428556	Putamen_R	1116	3346	1126	21624	208	3816	1224	4664	108	126	608	4572	170	3850	126	2122	0	1328	574	7994	1168	1678	182	6618	0	4312	606	2654	172	22592	1806	16686	0	1940	0	160	106	15846	0	9592	0	2670	0	114	0	0	0	372	0	0	0	0	0	88	0	10858	198	242	0	0	0	0	0	0	0	0	0	114	86	0	9156	25572	4984	0	702	5518	152	3920	0	86	0	1026	0	458	0	248	0	0	0	2894	0	0	0	0	0	0	0	0	0	0	0	0	0	0	0	0	0	0	0	0	0	0	0	0	0	0	
48592	Pallidum_L	612	0	710	178	0	0	498	0	0	0	144	0	0	0	0	0	300	0	1194	188	0	0	210	0	0	0	0	0	594	0	210	0	0	0	0	0	978	0	204	0	0	0	0	0	0	0	0	0	0	0	0	0	0	0	102	0	416	0	0	0	94	0	0	0	0	0	0	0	0	0	5444	956	7170	702	0	272	2544	118	242	0	216	0	0	0	0	0	0	0	0	0	0	0	0	0	0	0	0	0	0	0	0	0	0	0	0	0	0	0	0	0	0	0	0	0	0	0	
53572	Pallidum_R	1178	542	908	2292	0	0	1410	1068	0	0	422	208	0	128	0	0	0	0	116	1382	0	0	0	0	0	0	0	0	0	0	204	574	0	0	0	0	0	1654	0	1570	0	0	0	0	0	0	0	0	0	0	0	0	0	0	0	1192	286	0	0	0	0	0	0	0	0	0	0	0	0	0	1188	3902	350	5518	272	0	0	422	0	0	0	0	0	0	0	0	0	0	0	0	0	0	0	0	0	0	0	0	0	0	0	0	0	0	0	0	0	0	0	0	0	0	0	0	0	0	
234648	Thalamus_L	17814	1130	7896	2626	0	0	3008	514	0	0	606	288	352	0	0	0	704	98	9034	2354	0	0	580	0	0	0	0	0	1212	184	600	0	0	0	7270	6022	5256	1624	0	362	0	0	0	0	0	0	712	82	0	0	0	0	0	0	0	156	994	0	0	0	424	0	362	0	0	0	712	618	10122	0	12362	416	3510	152	2544	0	0	13352	602	0	556	0	0	0	0	0	0	0	0	114	0	0	0	0	0	0	0	0	0	0	0	0	0	0	0	0	0	0	0	0	0	0	0	0	0	0	
249808	Thalamus_R	3564	13652	496	18294	0	0	218	1034	0	0	0	1876	0	250	0	0	0	1348	3482	8948	0	0	0	190	0	0	0	88	246	3002	80	1924	0	0	6230	5848	3496	5094	0	1908	0	0	0	0	0	0	234	664	0	0	0	0	0	0	0	1242	0	500	0	0	0	220	0	0	0	0	152	790	3622	0	1124	15646	670	3920	118	422	13352	0	0	0	0	134	0	0	0	0	0	0	114	712	0	0	0	0	0	0	0	0	0	0	0	0	0	0	0	0	0	0	0	0	0	0	0	0	0	0	
141788	Heschl_L	9630	0	2442	116	0	0	890	0	0	0	2326	0	224	0	0	0	9780	0	384	194	0	0	0	0	0	0	0	0	13044	0	0	0	0	0	656	0	3972	0	270	0	0	0	616	0	0	0	94	0	0	0	470	0	502	0	164	0	7064	0	0	0	0	0	1108	0	0	0	618	0	0	0	520	0	676	0	242	0	602	0	0	0	8464	0	0	0	3492	0	0	0	2334	0	0	0	0	0	0	0	0	0	0	0	0	0	0	0	0	0	0	0	0	0	0	0	0	0	0	0	
31800	Heschl_R	0	342	0	314	0	0	0	0	0	0	0	224	0	0	0	0	0	3952	0	108	0	0	0	0	0	0	0	0	0	2412	0	0	0	0	0	0	0	620	0	148	0	0	0	0	0	0	0	0	0	0	0	0	0	0	0	256	0	412	0	0	0	0	0	292	0	0	0	0	0	0	0	0	0	86	0	0	0	0	0	0	0	3574	0	0	0	1648	0	0	0	1512	0	0	0	0	0	0	0	0	0	0	0	0	0	0	0	0	0	0	0	0	0	0	0	0	0	0	
274032	Temporal_Sup_L	6202	174	4240	224	0	0	508	140	0	0	4634	146	448	0	0	0	12330	0	1722	310	0	0	0	0	0	0	0	0	12756	0	0	0	0	0	160	0	4004	0	192	0	0	0	138	0	0	0	102	0	0	0	372	0	362	0	3784	0	8878	0	0	0	848	0	6630	0	1398	0	144	0	748	0	770	0	1428	0	216	0	556	0	8464	0	0	0	2254	0	27624	0	0	0	24110	0	0	0	0	0	0	0	0	0	0	0	0	0	0	0	0	0	0	0	0	0	0	0	0	0	0	0	
148416	Temporal_Sup_R	80	1262	0	340	0	0	0	0	0	0	0	374	0	128	0	0	0	5494	98	558	0	0	0	0	0	0	0	0	0	6526	0	0	0	128	88	342	0	2362	0	336	0	0	0	0	0	0	0	0	0	0	0	0	0	90	0	2888	0	2266	0	212	0	970	0	7888	0	1934	0	556	132	394	162	0	0	1026	0	0	0	134	0	3574	0	0	0	2802	0	18048	0	132	0	12884	0	0	0	0	0	0	0	0	0	0	0	0	0	0	0	0	0	0	0	0	0	0	0	0	0	0	
101712	Temporal_Pole_Sup_L	0	0	1222	0	1696	0	158	0	1092	0	3316	0	1246	0	5246	0	1232	0	288	0	3144	110	0	0	0	0	0	0	12940	0	0	0	0	0	0	0	1394	0	920	0	1916	0	0	0	0	0	0	0	0	0	0	0	0	0	562	0	0	0	0	0	0	0	0	0	0	0	0	0	0	0	484	0	2970	0	0	0	0	0	0	0	2254	0	0	0	3530	0	1382	0	3754	0	0	0	0	0	0	0	0	0	0	0	0	0	0	0	0	0	0	0	0	0	0	0	0	0	0	0	
41752	Temporal_Pole_Sup_R	0	0	0	0	0	80	0	0	0	0	0	148	0	0	0	118	0	178	0	0	0	170	0	0	0	0	0	0	0	612	0	0	0	0	0	0	0	530	0	832	0	1064	0	0	0	0	0	0	0	0	0	0	0	0	0	3972	0	0	0	0	0	0	0	0	0	0	0	0	0	0	0	0	0	458	0	0	0	0	0	0	0	2802	0	0	0	2756	0	2506	0	4650	0	0	0	0	0	0	0	0	0	0	0	0	0	0	0	0	0	0	0	0	0	0	0	0	0	0	
329812	Temporal_Mid_L	3478	0	846	218	0	0	84	0	0	0	478	0	0	0	0	0	1914	0	1340	224	0	0	0	0	0	0	0	0	4122	0	0	0	140	0	0	0	1664	0	402	0	0	0	990	0	372	0	4324	0	990	0	23072	0	7578	0	2392	0	4766	0	1682	0	4404	0	7520	0	5750	0	2446	0	3522	0	0	0	360	0	0	0	0	0	3492	0	27624	0	3530	0	0	0	1414	0	43768	0	0	0	0	0	0	0	0	0	0	0	0	0	0	0	0	0	0	0	0	0	0	0	0	0	0	0	
212936	Temporal_Mid_R	0	2888	0	84	0	0	0	0	0	0	0	0	0	0	0	0	0	438	0	1580	0	0	0	0	0	0	0	0	0	2886	0	0	0	0	0	0	0	2946	0	106	0	0	0	1492	0	584	0	500	0	1488	0	7738	0	2542	0	2292	0	6322	0	1662	0	2056	0	4698	0	4018	0	5572	0	1714	0	0	0	248	0	0	0	0	0	1648	0	18048	0	2756	0	0	0	928	0	29124	0	110	0	0	0	0	0	0	0	0	0	0	0	0	0	0	0	0	0	0	0	0	0	0	0	0	
9200	Temporal_Pole_Mid_L	0	0	0	0	0	0	0	0	0	0	0	0	0	0	0	0	0	0	0	0	0	0	0	0	0	0	0	0	0	0	0	0	0	0	0	0	0	0	0	0	0	0	0	0	0	0	0	0	0	0	0	0	0	0	106	0	0	0	0	0	0	0	0	0	0	0	0	0	0	0	0	0	0	0	0	0	0	0	0	0	0	0	1382	0	1414	0	0	0	1698	0	0	0	0	0	0	0	0	0	0	0	0	0	0	0	0	0	0	0	0	0	0	0	0	0	0	0	
16024	Temporal_Pole_Mid_R	0	0	0	0	0	0	0	0	0	0	0	0	0	0	0	0	0	0	0	0	0	0	0	0	0	0	0	0	0	0	0	0	0	0	0	0	0	0	0	976	0	156	0	0	0	0	0	0	0	0	0	0	0	0	0	1824	0	0	0	0	0	0	0	0	0	0	0	0	0	0	0	0	0	0	0	0	0	0	0	0	0	132	0	2506	0	928	0	0	0	1490	0	0	0	0	0	0	0	0	0	0	0	0	0	0	0	0	0	0	0	0	0	0	0	0	0	0	
325856	Temporal_Inf_L	3116	488	3412	382	0	0	144	504	0	0	302	514	246	0	0	0	838	0	2110	382	0	0	0	0	0	0	0	0	10244	0	0	0	0	0	0	0	11076	0	1634	0	382	0	230	0	86	0	1514	0	0	0	5386	0	5080	0	14134	0	2708	0	338	0	3172	0	6104	0	2722	0	570	0	2254	0	290	0	3224	0	0	0	0	114	2334	0	24110	0	3754	0	43768	0	1698	0	0	0	2670	0	0	0	0	0	102	0	792	0	0	0	0	0	0	0	0	0	0	0	0	0	0	0	0	0	
261868	Temporal_Inf_R	118	2922	0	1090	0	0	0	334	0	0	0	236	0	262	0	0	0	682	162	2670	0	0	0	0	0	0	0	0	0	6580	0	0	0	420	118	312	114	12384	0	3202	0	258	0	2350	0	532	0	2432	0	338	0	290	0	3268	0	15124	0	3550	0	1934	0	1890	0	4618	0	1604	0	3514	156	2368	0	102	0	2894	0	0	114	712	0	1512	0	12884	0	4650	0	29124	0	1490	0	0	0	1430	0	0	0	0	0	0	0	190	0	0	0	0	0	0	0	0	0	0	0	0	0	0	0	0	
423456	Cerebelum_Crus1_L	0	0	0	0	0	0	0	0	0	0	0	0	0	0	0	0	0	0	0	0	0	0	0	0	0	0	0	0	258	0	0	0	0	0	0	0	524	0	1002	0	0	0	598	0	0	0	3956	2566	0	0	890	0	768	414	17980	1064	0	0	0	0	0	0	0	0	0	0	0	0	0	0	0	0	0	0	0	0	0	0	0	0	0	0	0	0	0	0	0	0	2670	0	0	5848	35240	6120	1172	244	11976	736	47940	6274	13702	1094	10164	3990	2252	1602	0	0	264	634	1756	9186	12672	3056	2608	508	
403780	Cerebelum_Crus1_R	0	0	0	0	0	0	0	0	0	0	0	0	0	0	0	0	0	0	0	0	0	0	0	0	0	0	0	0	0	0	0	0	0	0	0	0	0	0	0	328	0	0	0	0	0	0	858	2762	0	0	0	104	0	802	848	9176	0	0	0	0	0	0	0	0	0	0	0	0	0	0	0	0	0	0	0	0	0	0	0	0	0	0	0	0	0	110	0	0	0	1430	5848	0	3630	23782	104	5520	2794	20358	7172	53748	314	6812	670	11646	464	1922	0	0	590	3514	10028	9622	10238	3316	2572	808	
289344	Cerebelum_Crus2_L	0	0	0	0	0	0	0	0	0	0	0	0	0	0	0	0	0	0	0	0	0	0	0	0	0	0	0	0	0	0	0	0	0	0	0	0	0	0	0	0	0	0	0	0	0	0	448	710	0	0	0	0	0	288	424	448	0	0	0	0	0	0	0	0	0	0	0	0	0	0	0	0	0	0	0	0	0	0	0	0	0	0	0	0	0	0	0	0	0	0	35240	3630	0	12774	0	178	640	354	6858	2322	23974	6268	17814	4726	2026	980	340	0	0	182	164	3148	15366	3950	1324	96	
244660	Cerebelum_Crus2_R	0	0	0	0	0	0	0	0	0	0	0	0	0	0	0	0	0	0	0	0	0	0	0	0	0	0	0	0	0	0	0	0	0	0	0	0	0	0	0	0	0	0	0	0	0	0	0	0	0	0	0	0	0	0	0	0	0	0	0	0	0	0	0	0	0	0	0	0	0	0	0	0	0	0	0	0	0	0	0	0	0	0	0	0	0	0	0	0	0	0	6120	23782	12774	0	0	810	218	834	1338	6068	5418	17246	3374	18000	154	1592	0	0	180	876	520	1970	14046	4704	1932	374	
27556	Cerebelum_3_L	0	0	0	0	0	0	0	0	0	0	0	0	0	0	0	0	0	0	0	0	0	0	0	0	0	0	0	0	0	0	0	0	0	0	0	0	112	0	170	0	0	0	0	0	0	0	316	0	0	0	0	0	0	0	534	0	0	0	0	0	0	0	0	0	0	0	0	0	0	0	0	0	92	0	0	0	0	0	0	0	0	0	0	0	0	0	0	0	0	0	1172	104	0	0	0	0	5226	120	2462	128	0	0	0	0	104	108	0	0	870	1348	512	226	0	0	84	90	
65648	Cerebelum_3_R	0	0	0	0	0	0	0	0	0	0	0	0	0	0	0	0	0	0	0	0	0	0	0	0	0	0	0	0	0	0	0	0	0	0	0	0	0	0	0	300	0	0	0	0	0	0	0	0	0	0	0	0	0	0	0	156	0	0	0	0	0	0	0	0	0	0	0	0	0	0	0	0	0	0	0	0	0	0	0	0	0	0	0	0	0	0	0	0	0	0	244	5520	178	810	0	0	130	6440	136	7602	164	260	216	700	0	746	0	0	288	3344	932	528	1330	1352	1082	366	
259180	Cerebelum_4_5_L	0	0	0	0	0	0	0	0	0	0	0	0	0	0	0	0	0	0	0	0	0	0	0	0	0	0	0	0	588	0	0	0	0	0	0	0	1662	0	4024	0	0	0	0	0	0	0	8478	2660	0	0	238	0	1494	0	20094	202	0	0	0	0	0	0	0	0	0	0	0	0	0	0	0	0	154	0	0	0	0	0	0	0	0	0	0	0	0	0	0	0	102	0	11976	2794	640	218	5226	130	0	4312	34142	3620	398	122	1306	518	2338	914	232	0	790	1644	11028	3096	856	1270	1208	1116	
210816	Cerebelum_4_5_R	0	0	0	0	0	0	0	0	0	0	0	0	0	0	0	0	0	0	0	0	0	0	0	0	0	0	0	0	0	0	0	0	0	0	0	0	0	248	0	1236	0	90	0	0	0	0	1832	5668	0	0	0	0	0	560	954	8366	0	0	0	0	0	0	0	0	0	0	0	0	0	0	0	0	0	0	0	0	0	0	0	0	0	0	0	0	0	0	0	0	0	0	736	20358	354	834	120	6440	4312	0	2832	29986	284	528	334	1070	188	816	0	0	96	1962	12536	714	876	566	512	0	
442396	Cerebelum_6_L	0	0	0	0	0	0	0	0	0	0	0	0	0	0	0	0	0	0	0	0	0	0	0	0	0	0	0	0	638	0	0	0	0	0	0	0	1400	0	3592	0	0	0	124	0	0	0	11004	5748	0	0	322	0	1706	400	32800	1432	0	0	0	0	0	0	0	0	0	0	0	0	0	0	0	0	0	0	0	0	0	0	0	0	0	0	0	0	0	0	0	0	792	0	47940	7172	6858	1338	2462	136	34142	2832	0	9998	4636	0	1674	258	3398	1556	100	0	774	1184	8900	15770	4858	1860	2130	1264	
396420	Cerebelum_6_R	0	0	0	0	0	0	0	0	0	0	0	0	0	0	0	0	0	0	0	0	0	0	0	0	0	0	0	0	0	0	0	0	0	0	0	0	0	0	0	530	0	0	0	0	0	0	1278	7642	0	0	0	0	0	1194	1394	14224	0	0	0	0	0	0	0	0	0	0	0	0	0	0	0	0	0	0	0	0	0	0	0	0	0	0	0	0	0	0	0	0	0	190	6274	53748	2322	6068	128	7602	3620	29986	9998	0	126	2870	170	5388	526	1320	0	0	644	3664	13684	13118	5772	2244	1724	762	
199652	Cerebelum_7b_L	0	0	0	0	0	0	0	0	0	0	0	0	0	0	0	0	0	0	0	0	0	0	0	0	0	0	0	0	0	0	0	0	0	0	0	0	0	0	0	0	0	0	0	0	0	0	0	0	0	0	0	0	0	0	216	0	0	0	0	0	0	0	0	0	0	0	0	0	0	0	0	0	0	0	0	0	0	0	0	0	0	0	0	0	0	0	0	0	0	0	13702	314	23974	5418	0	164	398	284	4636	126	0	4884	24820	3716	2998	1100	580	0	0	128	0	0	6076	5202	1090	0	
154936	Cerebelum_7b_R	0	0	0	0	0	0	0	0	0	0	0	0	0	0	0	0	0	0	0	0	0	0	0	0	0	0	0	0	0	0	0	0	0	0	0	0	0	0	0	0	0	0	0	0	0	0	0	0	0	0	0	0	0	0	0	0	0	0	0	0	0	0	0	0	0	0	0	0	0	0	0	0	0	0	0	0	0	0	0	0	0	0	0	0	0	0	0	0	0	0	1094	6812	6268	17246	0	260	122	528	0	2870	4884	0	3376	22188	0	2028	0	98	0	88	0	0	5248	4224	134	0	
201000	Cerebelum_8_L	0	0	0	0	0	0	0	0	0	0	0	0	0	0	0	0	0	0	0	0	0	0	0	0	0	0	0	0	0	0	0	0	0	0	0	0	0	0	0	0	0	0	0	0	0	0	0	0	0	0	0	0	0	0	242	0	0	0	0	0	0	0	0	0	0	0	0	0	0	0	0	0	0	0	0	0	0	0	0	0	0	0	0	0	0	0	0	0	0	0	10164	670	17814	3374	0	216	1306	334	1674	170	24820	3376	0	4252	12066	2624	1848	0	0	174	0	0	5614	7244	2518	0	
215424	Cerebelum_8_R	0	0	0	0	0	0	0	0	0	0	0	0	0	0	0	0	0	0	0	0	0	0	0	0	0	0	0	0	0	0	0	0	0	0	0	0	0	0	0	0	0	0	0	0	0	0	0	0	0	0	0	0	0	0	110	0	0	0	0	0	0	0	0	0	0	0	0	0	0	0	0	0	0	0	0	0	0	0	0	0	0	0	0	0	0	0	0	0	0	0	3990	11646	4726	18000	0	700	518	1070	258	5388	3716	22188	4252	0	110	13516	0	244	118	550	224	442	7954	5862	1934	196	
78156	Cerebelum_9_L	0	0	0	0	0	0	0	0	0	0	0	0	0	0	0	0	0	0	0	0	0	0	0	0	0	0	0	0	0	0	0	0	0	0	0	0	0	0	0	0	0	0	0	0	0	0	90	204	0	0	0	0	0	0	0	0	0	0	0	0	0	0	0	0	0	0	0	0	0	0	0	0	0	0	0	0	0	0	0	0	0	0	0	0	0	0	0	0	0	0	2252	464	2026	154	104	0	2338	188	3398	526	2998	0	12066	110	0	1758	2990	0	380	442	948	1444	610	1424	1592	572	
113888	Cerebelum_9_R	0	0	0	0	0	0	0	0	0	0	0	0	0	0	0	0	0	0	0	0	0	0	0	0	0	0	0	0	0	0	0	0	0	0	0	0	0	0	0	0	0	0	0	0	0	0	0	0	0	0	0	0	0	0	0	0	0	0	0	0	0	0	0	0	0	0	0	0	0	0	0	0	0	0	0	0	0	0	0	0	0	0	0	0	0	0	0	0	0	0	1602	1922	980	1592	108	746	914	816	1556	1320	1100	2028	2624	13516	1758	0	0	1018	1158	2036	1144	2940	2798	5622	5946	1700	
12180	Cerebelum_10_L	0	0	0	0	0	0	0	0	0	0	0	0	0	0	0	0	0	0	0	0	0	0	0	0	0	0	0	0	0	0	0	0	0	0	0	0	0	0	0	0	0	0	0	0	0	0	0	0	0	0	0	0	0	0	0	0	0	0	0	0	0	0	0	0	0	0	0	0	0	0	0	0	0	0	0	0	0	0	0	0	0	0	0	0	0	0	0	0	0	0	0	0	340	0	0	0	232	0	100	0	580	0	1848	0	2990	0	0	0	0	0	0	0	0	0	0	0	
3236	Cerebelum_10_R	0	0	0	0	0	0	0	0	0	0	0	0	0	0	0	0	0	0	0	0	0	0	0	0	0	0	0	0	0	0	0	0	0	0	0	0	0	0	0	0	0	0	0	0	0	0	0	0	0	0	0	0	0	0	0	0	0	0	0	0	0	0	0	0	0	0	0	0	0	0	0	0	0	0	0	0	0	0	0	0	0	0	0	0	0	0	0	0	0	0	0	0	0	0	0	0	0	0	0	0	0	98	0	244	0	1018	0	0	0	0	0	0	94	82	82	0	
32496	Vermis_1_2	0	0	0	0	0	0	0	0	0	0	0	0	0	0	0	0	0	0	0	0	0	0	0	0	0	0	0	0	0	0	0	0	0	0	0	0	0	0	0	0	0	0	0	0	0	0	0	0	0	0	0	0	0	0	0	0	0	0	0	0	0	0	0	0	0	0	0	0	0	0	0	0	0	0	0	0	0	0	0	0	0	0	0	0	0	0	0	0	0	0	264	590	0	180	870	288	790	96	774	644	0	0	0	118	380	1158	0	0	0	4666	1090	1360	174	1112	1278	416	
78456	Vermis_3	0	0	0	0	0	0	0	0	0	0	0	0	0	0	0	0	0	0	0	0	0	0	0	0	0	0	0	0	0	0	0	0	0	0	0	0	0	0	0	0	0	0	0	0	0	0	0	0	0	0	0	0	0	0	0	112	0	0	0	0	0	0	0	0	0	0	0	0	0	0	0	0	0	0	0	0	0	0	0	0	0	0	0	0	0	0	0	0	0	0	634	3514	182	876	1348	3344	1644	1962	1184	3664	128	88	174	550	442	2036	0	0	4666	0	2376	2462	1164	2850	2790	1038	
