data	data	303908	248592	949540	664192	144056	85984	466464	158172	59688	14200	171724	155832	263924	71208	207084	124372	130408	111408	636016	616312	44712	51412	360676	332228	14420	55172	32212	57572	559372	263572	313112	454448	190732	605288	115144	125900	214548	216428	45152	98796	27360	31012	161736	285264	187612	271448	208168	202068	184588	296952	475076	249008	141684	68140	292528	247820	258376	216108	168204	53540	233536	73228	71524	101304	126868	53448	245760	403104	108544	192072	157856	339768	249220	273168	44904	17120	118212	121372	71404	15624	162784	73516	59508	22572	281964	195104	15324	12472	185352	186388	329600	292744	275596	137664	13296	36576	197408	142128	351808	313748	226860	62656	257840	155848	74308	49360	14888	7968	16488	35164	142876	122784	107084	67060	47816	16908	
data	data	Precentral_L	Precentral_R	Frontal_Sup_L	Frontal_Sup_R	Frontal_Sup_Orb_L	Frontal_Sup_Orb_R	Frontal_Mid_L	Frontal_Mid_R	Frontal_Mid_Orb_L	Frontal_Mid_Orb_R	Frontal_Inf_Oper_L	Frontal_Inf_Oper_R	Frontal_Inf_Tri_L	Frontal_Inf_Tri_R	Frontal_Inf_Orb_L	Frontal_Inf_Orb_R	Rolandic_Oper_L	Rolandic_Oper_R	Supp_Motor_Area_L	Supp_Motor_Area_R	Olfactory_L	Olfactory_R	Frontal_Sup_Medial_L	Frontal_Sup_Medial_R	Frontal_Med_Orb_L	Frontal_Med_Orb_R	Rectus_L	Rectus_R	Insula_L	Insula_R	Cingulum_Ant_L	Cingulum_Ant_R	Cingulum_Mid_L	Cingulum_Mid_R	Cingulum_Post_L	Cingulum_Post_R	Hippocampus_L	Hippocampus_R	ParaHippocampal_L	ParaHippocampal_R	Amygdala_L	Amygdala_R	Calcarine_L	Calcarine_R	Cuneus_L	Cuneus_R	Lingual_L	Lingual_R	Occipital_Sup_L	Occipital_Sup_R	Occipital_Mid_L	Occipital_Mid_R	Occipital_Inf_L	Occipital_Inf_R	Fusiform_L	Fusiform_R	Postcentral_L	Postcentral_R	Parietal_Sup_L	Parietal_Sup_R	Parietal_Inf_L	Parietal_Inf_R	SupraMarginal_L	SupraMarginal_R	Angular_L	Angular_R	Precuneus_L	Precuneus_R	Paracentral_Lobule_L	Paracentral_Lobule_R	Caudate_L	Caudate_R	Putamen_L	Putamen_R	Pallidum_L	Pallidum_R	Thalamus_L	Thalamus_R	Heschl_L	Heschl_R	Temporal_Sup_L	Temporal_Sup_R	Temporal_Pole_Sup_L	Temporal_Pole_Sup_R	Temporal_Mid_L	Temporal_Mid_R	Temporal_Pole_Mid_L	Temporal_Pole_Mid_R	Temporal_Inf_L	Temporal_Inf_R	Cerebelum_Crus1_L	Cerebelum_Crus1_R	Cerebelum_Crus2_L	Cerebelum_Crus2_R	Cerebelum_3_L	Cerebelum_3_R	Cerebelum_4_5_L	Cerebelum_4_5_R	Cerebelum_6_L	Cerebelum_6_R	Cerebelum_7b_L	Cerebelum_7b_R	Cerebelum_8_L	Cerebelum_8_R	Cerebelum_9_L	Cerebelum_9_R	Cerebelum_10_L	Cerebelum_10_R	Vermis_1_2	Vermis_3	Vermis_4_5	Vermis_6	Vermis_7	Vermis_8	Vermis_9	Vermis_10	
303908	Precentral_L	0	0	21154	370	0	0	15360	0	0	0	9718	0	964	0	0	0	6872	0	10782	2840	0	0	156	0	0	0	0	0	8292	0	0	0	410	840	2028	122	1070	0	0	0	0	0	0	0	400	0	0	0	166	132	2668	106	350	0	556	0	30384	0	1916	0	9738	0	1702	0	1588	0	772	428	7728	0	1610	254	826	0	0	0	4210	0	1804	0	920	0	0	0	1804	0	0	0	914	0	0	0	0	0	0	0	0	0	0	0	0	0	0	0	0	0	0	0	0	0	0	0	0	0	0	0	
248592	Precentral_R	0	0	1906	12796	0	0	0	5392	0	0	0	3380	0	0	0	0	0	1138	2230	8186	0	0	0	0	0	0	0	0	0	2444	0	430	174	7564	0	828	0	2358	0	0	0	0	0	626	0	1058	0	144	0	2050	0	1594	0	158	0	118	0	29612	0	2022	0	2608	0	4290	0	292	0	8396	0	16010	0	654	0	1302	0	0	0	930	0	370	0	798	0	0	0	1288	0	0	0	1150	0	0	0	0	0	0	0	0	0	0	0	0	0	0	0	0	0	0	0	0	0	0	0	0	0	0	
949540	Frontal_Sup_L	21154	1906	0	6384	15966	0	68752	1490	2236	0	9848	0	13864	0	10710	1378	5196	514	84248	10468	284	0	44284	2750	1112	0	680	0	42754	1096	18090	3544	3758	3200	552	544	8102	1638	264	0	0	0	90	86	0	226	114	114	0	312	2394	314	524	0	638	0	4408	778	1152	0	2084	0	0	286	124	0	272	1084	1154	90	6118	10972	19532	5050	3230	90	9526	768	5068	94	4686	224	896	0	4082	0	0	0	1424	0	0	0	0	0	0	0	0	0	0	0	0	0	0	0	0	0	0	0	0	0	0	0	0	0	0	0	
664192	Frontal_Sup_R	370	12796	6384	0	130	6132	328	23492	0	288	0	7146	0	1176	0	4720	0	7026	11034	48086	126	190	6766	33630	0	4536	0	1700	94	12926	8974	33482	5910	26662	0	510	0	7482	0	416	0	0	0	0	0	0	0	0	0	100	0	108	0	0	0	160	0	908	0	0	0	172	0	280	0	0	0	406	0	264	156	17502	226	18102	0	1402	142	16882	0	254	0	1094	0	0	0	494	0	0	0	932	0	0	0	0	0	0	0	0	0	0	0	0	0	0	0	0	0	0	0	0	0	0	0	0	0	0	
144056	Frontal_Sup_Orb_L	0	0	15966	130	0	0	5212	0	11002	0	0	0	1910	0	11488	0	0	0	634	0	886	0	4554	332	1528	98	4652	0	4442	0	2930	682	0	0	0	0	0	0	0	0	0	0	0	0	0	0	0	0	0	0	0	0	0	0	0	0	0	0	0	0	0	0	0	0	0	0	0	0	0	0	186	90	4566	0	0	0	0	0	0	0	0	0	740	0	0	0	0	0	0	0	0	0	0	0	0	0	0	0	0	0	0	0	0	0	0	0	0	0	0	0	0	0	0	0	0	0	
85984	Frontal_Sup_Orb_R	0	0	0	6132	0	0	0	532	0	2464	0	0	0	0	0	3772	0	0	0	284	412	1468	220	4918	0	6380	0	6072	0	800	1180	918	0	0	0	0	0	0	0	0	0	0	0	0	0	0	0	0	0	0	0	0	0	0	0	0	0	0	0	0	0	0	0	0	0	0	0	0	0	0	410	3820	308	2902	0	0	0	0	0	0	0	0	0	0	0	0	0	0	0	0	0	0	0	0	0	0	0	0	0	0	0	0	0	0	0	0	0	0	0	0	0	0	0	0	0	0	
466464	Frontal_Mid_L	15360	0	68752	328	5212	0	0	0	2786	0	11498	0	31120	0	14794	332	3214	0	4740	0	126	0	18004	1176	0	0	0	0	25234	238	6828	928	308	864	0	0	1830	0	0	0	0	0	0	0	0	0	0	0	0	0	626	0	90	0	136	0	2196	0	1202	0	2862	0	120	0	958	0	0	0	0	0	2286	1296	2392	0	130	0	1550	0	356	0	1588	0	694	0	702	0	0	0	376	0	0	0	0	0	0	0	0	0	0	0	0	0	0	0	0	0	0	0	0	0	0	0	0	0	0	0	
158172	Frontal_Mid_R	0	5392	1490	23492	0	532	0	0	0	416	0	7560	0	5880	0	4626	0	1588	1552	2492	0	0	464	2556	0	0	0	0	0	3314	1452	6944	1304	3000	0	0	0	176	0	0	0	0	0	0	0	0	0	0	0	0	0	0	0	0	0	0	0	706	0	0	0	100	0	154	0	0	0	0	0	0	0	894	0	2372	0	152	0	258	0	0	0	220	0	0	0	0	0	0	0	0	0	0	0	0	0	0	0	0	0	0	0	0	0	0	0	0	0	0	0	0	0	0	0	0	0	0	
59688	Frontal_Mid_Orb_L	0	0	2236	0	11002	0	2786	0	0	0	0	0	1634	0	9630	0	0	0	0	0	0	0	222	0	112	0	930	0	374	0	248	0	0	0	0	0	0	0	0	0	0	0	0	0	0	0	0	0	0	0	0	0	0	0	0	0	0	0	0	0	0	0	0	0	0	0	0	0	0	0	0	0	670	0	0	0	0	0	0	0	0	0	0	0	0	0	0	0	0	0	0	0	0	0	0	0	0	0	0	0	0	0	0	0	0	0	0	0	0	0	0	0	0	0	0	0	
14200	Frontal_Mid_Orb_R	0	0	0	288	0	2464	0	416	0	0	0	0	0	302	0	3096	0	0	0	0	0	0	0	0	0	0	0	0	0	180	0	0	0	0	0	0	0	0	0	0	0	0	0	0	0	0	0	0	0	0	0	0	0	0	0	0	0	0	0	0	0	0	0	0	0	0	0	0	0	0	0	180	0	174	0	0	0	0	0	0	0	0	0	0	0	0	0	0	0	0	0	0	0	0	0	0	0	0	0	0	0	0	0	0	0	0	0	0	0	0	0	0	0	0	0	0	
171724	Frontal_Inf_Oper_L	9718	0	9848	0	0	0	11498	0	0	0	0	0	11364	0	0	0	9324	0	4834	0	0	0	542	0	0	0	0	0	16568	0	790	0	0	0	0	0	708	0	0	0	0	0	0	0	0	0	0	0	0	0	0	0	0	0	0	0	2948	0	0	0	594	0	0	0	266	0	0	0	0	0	182	622	582	0	0	0	0	0	1428	0	3628	0	418	0	0	0	0	0	0	0	0	0	0	0	0	0	0	0	0	0	0	0	0	0	0	0	0	0	0	0	0	0	0	0	0	0	
155832	Frontal_Inf_Oper_R	0	3380	0	7146	0	0	0	7560	0	0	0	0	0	8138	0	122	0	7430	0	6578	0	0	246	972	0	0	0	0	0	16966	1456	3706	298	4640	0	0	0	322	0	0	0	0	0	0	0	0	0	0	0	0	0	0	0	0	0	0	0	1540	0	0	0	418	0	538	0	0	0	0	0	0	0	1946	0	3260	0	0	0	0	0	132	0	584	0	118	0	104	0	0	0	316	0	0	0	0	0	0	0	0	0	0	0	0	0	0	0	0	0	0	0	0	0	0	0	0	0	0	
263924	Frontal_Inf_Tri_L	964	0	13864	0	1910	0	31120	0	1634	0	11364	0	0	0	24292	142	1350	0	3930	0	0	0	3070	0	0	0	0	0	25968	0	2454	90	390	0	0	0	1260	0	0	0	0	0	0	0	0	0	0	0	0	0	0	0	0	0	0	0	270	0	0	0	0	0	0	0	0	0	0	0	0	0	1986	1908	2610	98	0	0	220	0	222	0	490	0	356	0	0	0	0	0	0	0	0	0	0	0	0	0	0	0	0	0	0	0	0	0	0	0	0	0	0	0	0	0	0	0	0	0	
71208	Frontal_Inf_Tri_R	0	0	0	1176	0	0	0	5880	0	302	0	8138	0	0	0	5176	0	0	0	552	0	0	94	480	0	0	0	0	0	7406	936	2478	0	774	0	0	0	0	0	0	0	0	0	0	0	0	0	0	0	0	0	0	0	0	0	0	0	0	0	0	0	0	0	0	0	0	0	0	0	0	0	1512	0	700	0	0	0	0	0	0	0	0	0	0	0	0	0	0	0	0	0	0	0	0	0	0	0	0	0	0	0	0	0	0	0	0	0	0	0	0	0	0	0	0	0	0	
207084	Frontal_Inf_Orb_L	0	0	10710	0	11488	0	14794	0	9630	0	0	0	24292	0	0	96	0	0	1532	0	1048	0	1930	0	0	0	1052	0	15820	0	862	0	284	0	0	0	0	0	158	0	0	0	0	0	0	0	0	0	0	0	0	0	0	0	0	0	0	0	0	0	0	0	0	0	0	0	0	0	0	0	1616	1176	5282	0	0	0	0	0	0	0	0	0	1772	0	0	0	0	0	0	0	0	0	0	0	0	0	0	0	0	0	0	0	0	0	0	0	0	0	0	0	0	0	0	0	0	0	
124372	Frontal_Inf_Orb_R	0	0	1378	4720	0	3772	332	4626	0	3096	0	122	142	5176	96	0	0	0	1086	2012	0	166	1780	3224	0	0	0	242	202	8344	918	5840	360	4796	0	0	0	0	0	0	0	0	0	0	0	0	0	0	0	0	0	0	0	0	0	0	0	0	0	0	0	0	0	0	0	0	0	0	0	0	0	6172	0	3584	0	0	0	0	0	0	0	0	0	0	0	0	0	0	0	0	0	0	0	0	0	0	0	0	0	0	0	0	0	0	0	0	0	0	0	0	0	0	0	0	0	0	
130408	Rolandic_Oper_L	6872	0	5196	0	0	0	3214	0	0	0	9324	0	1350	0	0	0	0	0	2670	0	0	0	0	0	0	0	0	0	14138	0	100	0	0	0	0	0	216	0	0	0	0	0	0	0	0	0	0	0	0	0	1260	0	94	0	114	0	6926	0	188	0	978	0	1412	0	992	0	0	0	0	0	0	0	152	0	0	0	0	0	2584	0	5674	0	408	0	1082	0	0	0	260	0	0	0	0	0	0	0	0	0	0	0	0	0	0	0	0	0	0	0	0	0	0	0	0	0	0	0	
111408	Rolandic_Oper_R	0	1138	514	7026	0	0	0	1588	0	0	0	7430	0	0	0	0	0	0	302	5224	0	0	0	330	0	0	0	0	0	9500	166	254	0	2124	0	0	0	1042	0	0	0	0	0	0	0	0	0	0	0	0	0	0	0	0	0	0	0	5176	0	98	0	630	0	3992	0	0	0	194	0	98	0	110	0	2210	0	0	0	0	0	1286	0	4358	0	138	0	352	0	0	0	424	0	0	0	0	0	0	0	0	0	0	0	0	0	0	0	0	0	0	0	0	0	0	0	0	0	0	
636016	Supp_Motor_Area_L	10782	2230	84248	11034	634	0	4740	1552	0	0	4834	0	3930	0	1532	1086	2670	302	0	32494	0	0	10608	426	0	0	0	0	19186	808	6002	2406	16772	18936	856	378	5434	1332	0	0	0	0	0	200	0	298	0	0	0	524	456	530	178	0	192	0	2352	660	176	0	322	240	94	444	0	0	0	2074	4340	238	5928	10166	17976	5258	6632	254	6818	250	1936	94	2220	220	336	0	832	102	0	0	456	0	0	0	0	0	0	0	0	0	0	0	0	0	0	0	0	0	0	0	0	0	0	0	0	0	0	0	
616312	Supp_Motor_Area_R	2840	8186	10468	48086	0	284	0	2492	0	0	0	6578	0	552	0	2012	0	5224	32494	0	0	0	2110	7766	0	0	0	0	0	9384	5124	15588	15010	58664	472	4802	278	2902	0	140	0	0	0	894	0	532	0	246	0	1796	114	1926	0	438	0	170	0	5310	0	1432	0	88	0	0	0	0	262	5752	7974	15940	96	5662	834	8712	374	312	216	3986	0	0	0	522	0	112	0	1526	0	0	0	1474	0	0	0	0	0	0	0	0	0	0	0	0	0	0	0	0	0	0	0	0	0	0	0	0	0	0	
44712	Olfactory_L	0	0	284	126	886	412	126	0	0	0	0	0	0	0	1048	0	0	0	0	0	0	3102	0	0	0	116	1014	1780	2344	0	1830	738	0	0	0	0	86	0	234	0	448	0	0	0	0	0	0	0	0	0	0	0	0	0	0	0	0	0	0	0	0	0	0	0	0	0	0	0	0	0	3572	1204	2368	0	0	0	0	0	0	0	0	0	638	0	0	0	0	0	0	0	0	0	0	0	0	0	0	0	0	0	0	0	0	0	0	0	0	0	0	0	0	0	0	0	0	0	
51412	Olfactory_R	0	0	0	190	0	1468	0	0	0	0	0	0	0	0	0	166	0	0	0	0	3102	0	0	124	0	136	244	3224	0	800	2556	2082	0	0	0	0	0	0	0	0	0	104	0	0	0	0	0	0	0	0	0	0	0	0	0	0	0	0	0	0	0	0	0	0	0	0	0	0	0	0	4974	3774	2292	470	0	0	0	0	0	0	0	0	0	0	0	0	0	0	0	0	0	0	0	0	0	0	0	0	0	0	0	0	0	0	0	0	0	0	0	0	0	0	0	0	0	0	
360676	Frontal_Sup_Medial_L	156	0	44284	6766	4554	220	18004	464	222	0	542	246	3070	94	1930	1780	0	0	10608	2110	0	0	0	21342	1352	528	972	0	5550	1352	21522	14646	4264	10192	0	0	158	0	0	0	0	0	0	0	0	0	0	0	0	0	0	0	0	0	0	0	0	0	0	0	0	0	0	0	0	0	0	0	0	0	636	758	1464	392	0	0	0	0	0	0	0	0	160	0	0	0	0	0	0	0	0	0	0	0	0	0	0	0	0	0	0	0	0	0	0	0	0	0	0	0	0	0	0	0	0	0	
332228	Frontal_Sup_Medial_R	0	0	2750	33630	332	4918	1176	2556	0	0	0	972	0	480	0	3224	0	330	426	7766	0	124	21342	0	278	5682	188	1612	0	3080	8254	33100	966	22284	0	0	0	0	0	0	0	0	0	0	0	0	0	0	0	0	0	0	0	0	0	0	0	0	0	0	0	0	0	0	0	0	0	0	0	0	0	5580	0	5064	0	0	0	0	0	0	0	0	0	0	0	0	0	0	0	0	0	0	0	0	0	0	0	0	0	0	0	0	0	0	0	0	0	0	0	0	0	0	0	0	0	0	
14420	Frontal_Med_Orb_L	0	0	1112	0	1528	0	0	0	112	0	0	0	0	0	0	0	0	0	0	0	0	0	1352	278	0	540	686	140	0	0	1336	126	0	0	0	0	0	0	0	0	0	0	0	0	0	0	0	0	0	0	0	0	0	0	0	0	0	0	0	0	0	0	0	0	0	0	0	0	0	0	0	0	0	0	0	0	0	0	0	0	0	0	0	0	0	0	0	0	0	0	0	0	0	0	0	0	0	0	0	0	0	0	0	0	0	0	0	0	0	0	0	0	0	0	0	0	
55172	Frontal_Med_Orb_R	0	0	0	4536	98	6380	0	0	0	0	0	0	0	0	0	0	0	0	0	0	116	136	528	5682	540	0	0	3782	0	0	1564	1106	0	0	0	0	0	0	0	0	0	0	0	0	0	0	0	0	0	0	0	0	0	0	0	0	0	0	0	0	0	0	0	0	0	0	0	0	0	0	118	2086	110	804	0	0	0	0	0	0	0	0	0	0	0	0	0	0	0	0	0	0	0	0	0	0	0	0	0	0	0	0	0	0	0	0	0	0	0	0	0	0	0	0	0	0	
32212	Rectus_L	0	0	680	0	4652	0	0	0	930	0	0	0	0	0	1052	0	0	0	0	0	1014	244	972	188	686	0	0	178	766	0	2594	480	0	0	0	0	0	0	0	0	0	0	0	0	0	0	0	0	0	0	0	0	0	0	0	0	0	0	0	0	0	0	0	0	0	0	0	0	0	0	762	0	596	0	0	0	0	0	0	0	0	0	312	0	0	0	0	0	0	0	0	0	0	0	0	0	0	0	0	0	0	0	0	0	0	0	0	0	0	0	0	0	0	0	0	0	
57572	Rectus_R	0	0	0	1700	0	6072	0	0	0	0	0	0	0	0	0	242	0	0	0	0	1780	3224	0	1612	140	3782	178	0	0	342	1842	1476	0	0	0	0	0	0	0	0	0	0	0	0	0	0	0	0	0	0	0	0	0	0	0	0	0	0	0	0	0	0	0	0	0	0	0	0	0	0	1910	1918	1396	1172	0	0	0	0	0	0	0	0	0	0	0	0	0	0	0	0	0	0	0	0	0	0	0	0	0	0	0	0	0	0	0	0	0	0	0	0	0	0	0	0	0	0	
559372	Insula_L	8292	0	42754	94	4442	0	25234	0	374	0	16568	0	25968	0	15820	202	14138	0	19186	0	2344	0	5550	0	0	0	766	0	0	0	4924	252	304	0	362	354	16416	338	734	0	2572	0	0	0	0	0	148	0	0	0	3438	0	538	0	1906	0	3402	0	236	0	306	0	0	0	244	0	94	0	0	0	3980	4028	15264	118	0	0	1324	122	10078	0	12490	0	5946	0	5110	0	0	0	2806	0	0	0	0	0	0	0	0	0	0	0	0	0	0	0	0	0	0	0	0	120	0	0	0	0	0	0	
263572	Insula_R	0	2444	1096	12926	0	800	238	3314	0	180	0	16966	0	7406	0	8344	0	9500	808	9384	0	800	1352	3080	0	0	0	342	0	0	1766	7064	350	7458	0	0	0	3644	0	364	0	428	0	0	0	0	0	0	0	0	0	0	0	0	0	1272	0	2262	0	0	0	0	0	0	0	0	0	102	0	0	0	4686	0	18540	0	0	0	120	0	230	0	1580	0	300	0	720	0	0	0	1920	0	0	0	0	0	0	0	0	0	0	0	0	0	0	0	0	0	0	0	0	0	0	0	0	0	0	
313112	Cingulum_Ant_L	0	0	18090	8974	2930	1180	6828	1452	248	0	790	1456	2454	936	862	918	100	166	6002	5124	1830	2556	21522	8254	1336	1564	2594	1842	4924	1766	0	20554	4854	6136	482	0	0	0	0	0	0	0	0	0	0	0	0	0	0	0	0	0	0	0	0	0	0	0	0	0	0	0	0	0	0	0	0	0	0	0	5784	5828	4842	1290	0	0	0	0	0	0	0	0	88	0	0	0	0	0	0	0	0	0	0	0	0	0	0	0	0	0	0	0	0	0	0	0	0	0	0	0	0	0	0	0	0	0	
454448	Cingulum_Ant_R	0	430	3544	33482	682	918	928	6944	0	0	0	3706	90	2478	0	5840	0	254	2406	15588	738	2082	14646	33100	126	1106	480	1476	252	7064	20554	0	4458	32720	0	252	0	344	0	0	0	0	0	0	0	0	0	0	0	0	0	0	0	0	0	0	0	158	0	0	0	182	0	268	0	0	0	0	0	0	1996	17946	928	8640	0	96	0	0	0	130	0	192	0	0	0	0	0	0	0	0	0	0	0	0	0	0	0	0	0	0	0	0	0	0	0	0	0	0	0	0	0	0	0	0	0	0	
190732	Cingulum_Mid_L	410	174	3758	5910	0	0	308	1304	0	0	0	298	390	0	284	360	0	0	16772	15010	0	0	4264	966	0	0	0	0	304	350	4854	4458	0	16234	3764	344	0	0	0	0	0	0	0	114	588	198	0	0	358	246	1030	240	90	0	0	0	0	126	300	0	0	0	0	0	0	0	4346	1122	3358	384	90	1250	0	724	200	86	0	0	0	0	0	0	0	0	0	0	0	0	0	0	0	0	0	0	0	0	0	0	0	0	0	0	0	0	0	0	0	0	0	0	0	0	0	0	0	0	
605288	Cingulum_Mid_R	840	7564	3200	26662	0	0	864	3000	0	0	0	4640	0	774	0	4796	0	2124	18936	58664	0	0	10192	22284	0	0	0	0	0	7458	6136	32720	16234	0	396	6844	86	980	0	0	0	0	0	1480	0	3666	0	434	0	4838	0	4764	0	448	0	138	0	7106	0	1188	0	0	0	0	0	0	516	13666	2876	17264	0	2008	286	2276	94	0	0	154	0	0	0	362	0	110	0	1976	0	0	0	1600	0	0	0	0	0	0	0	0	0	0	0	0	0	0	0	0	0	0	0	0	0	0	0	0	0	0	
115144	Cingulum_Post_L	2028	0	552	0	0	0	0	0	0	0	0	0	0	0	0	0	0	0	856	472	0	0	0	0	0	0	0	0	362	0	482	0	3764	396	0	6180	5458	3344	952	804	0	0	4078	88	184	0	1534	136	0	0	1914	0	164	0	146	540	2726	0	514	0	696	0	0	0	470	0	6836	890	5440	0	0	0	264	0	0	0	2376	1506	224	0	0	0	0	0	862	0	0	0	334	0	0	0	0	0	0	0	0	0	0	0	0	0	0	0	0	0	0	0	0	0	0	0	0	0	0	0	
125900	Cingulum_Post_R	122	828	544	510	0	0	0	0	0	0	0	0	0	0	0	0	0	0	378	4802	0	0	0	0	0	0	0	0	354	0	0	252	344	6844	6180	0	3438	7792	0	1670	0	0	0	3512	0	222	0	2008	0	632	0	424	0	166	0	1026	0	574	0	0	0	0	0	0	0	0	0	7974	322	3030	0	0	284	0	0	0	3322	2848	218	0	0	0	0	0	0	582	0	0	132	1616	0	0	0	0	0	0	0	0	0	0	0	0	0	0	0	0	0	0	0	0	0	0	0	0	0	0	
214548	Hippocampus_L	1070	0	8102	0	0	0	1830	0	0	0	708	0	1260	0	0	0	216	0	5434	278	86	0	158	0	0	0	0	0	16416	0	0	0	0	86	5458	3438	0	3340	7338	698	5094	0	1776	0	0	0	1598	508	0	0	384	0	0	0	5470	486	0	0	0	0	0	0	0	0	0	0	2546	110	0	0	366	0	8384	0	718	0	5114	1682	482	0	2664	0	1456	0	2430	0	0	0	9932	0	0	0	0	0	0	0	0	0	0	0	0	0	0	0	0	0	0	0	0	158	0	0	0	0	0	0	
216428	Hippocampus_R	0	2358	1638	7482	0	0	0	176	0	0	0	322	0	0	0	0	0	1042	1332	2902	0	0	0	0	0	0	0	0	338	3644	0	344	0	980	3344	7792	3340	0	162	12072	0	5158	0	924	0	0	0	2066	0	86	0	0	0	0	0	14606	0	734	0	0	0	0	0	756	0	0	0	3416	0	496	0	2062	288	8106	0	88	2804	6204	190	0	0	756	0	212	0	318	0	0	126	9252	0	0	0	0	0	0	0	298	0	0	0	0	0	0	0	0	0	0	0	0	0	0	0	0	0	0	
45152	ParaHippocampal_L	0	0	264	0	0	0	0	0	0	0	0	0	0	0	158	0	0	0	0	0	234	0	0	0	0	0	0	0	734	0	0	0	0	0	952	0	7338	162	0	0	1186	0	1022	0	0	0	1810	350	0	0	472	0	0	0	2988	0	0	0	0	0	0	0	0	0	0	0	1524	0	0	0	0	0	934	0	0	0	124	0	0	0	324	0	270	0	264	0	0	0	656	0	0	0	0	0	0	0	410	0	400	0	0	0	0	0	0	0	0	0	0	0	0	0	0	0	0	0	
98796	ParaHippocampal_R	0	0	0	416	0	0	0	0	0	0	0	0	0	0	0	0	0	0	0	140	0	0	0	0	0	0	0	0	0	364	0	0	0	0	804	1670	698	12072	0	0	0	3604	0	1942	0	0	0	2068	0	0	0	0	0	266	0	13698	0	0	0	0	0	0	0	0	0	0	0	3330	0	92	0	0	0	508	0	0	422	1000	0	0	0	100	0	1978	0	98	0	462	0	3276	0	0	0	0	0	0	0	390	0	0	0	0	0	0	0	0	0	0	0	0	0	0	0	0	0	0	
27360	Amygdala_L	0	0	0	0	0	0	0	0	0	0	0	0	0	0	0	0	0	0	0	0	448	0	0	0	0	0	0	0	2572	0	0	0	0	0	0	0	5094	0	1186	0	0	0	0	0	0	0	0	0	0	0	0	0	0	0	2002	0	0	0	0	0	0	0	0	0	0	0	0	0	0	0	0	0	710	0	0	0	0	0	0	0	410	0	284	0	0	0	0	0	974	0	0	0	0	0	0	0	0	0	0	0	0	0	0	0	0	0	0	0	0	0	0	0	0	0	0	0	
31012	Amygdala_R	0	0	0	0	0	0	0	0	0	0	0	0	0	0	0	0	0	0	0	0	0	104	0	0	0	0	0	0	0	428	0	0	0	0	0	0	0	5158	0	3604	0	0	0	0	0	0	0	0	0	0	0	0	0	0	0	4646	0	0	0	0	0	0	0	0	0	0	0	0	0	0	0	0	0	348	0	0	0	0	0	0	0	0	0	1218	0	0	0	0	0	0	0	0	0	0	0	0	0	0	0	0	0	0	0	0	0	0	0	0	0	0	0	0	0	0	0	0	
161736	Calcarine_L	0	0	90	0	0	0	0	0	0	0	0	0	0	0	0	0	0	0	0	0	0	0	0	0	0	0	0	0	0	0	0	0	0	0	4078	0	1776	0	1022	0	0	0	0	3536	10638	2812	11204	1002	11398	432	15022	150	2472	0	768	0	0	0	318	0	524	0	0	0	456	0	11670	90	0	0	0	0	0	0	0	0	0	0	138	0	0	0	0	0	958	0	0	0	314	0	0	0	0	0	0	0	0	0	0	0	0	0	0	0	0	0	0	0	0	0	0	0	0	0	0	0	
285264	Calcarine_R	0	626	86	0	0	0	0	0	0	0	0	0	0	0	0	0	0	0	200	894	0	0	0	0	0	0	0	0	0	0	0	0	114	1480	88	3512	0	924	0	1942	0	0	3536	0	2874	25618	2328	18666	0	21030	0	16530	0	7562	0	6608	0	642	0	0	0	0	0	0	0	0	1652	18200	0	1174	0	0	0	0	0	0	0	0	0	0	0	0	0	0	0	1908	0	0	0	4342	0	0	0	0	0	0	0	0	0	0	0	0	0	0	0	0	0	0	0	0	96	0	0	0	0	0	
187612	Cuneus_L	400	0	0	0	0	0	0	0	0	0	0	0	0	0	0	0	0	0	0	0	0	0	0	0	0	0	0	0	0	0	0	0	588	0	184	0	0	0	0	0	0	0	10638	2874	0	5936	1418	0	25640	624	21948	0	1492	0	472	0	382	0	3232	0	0	0	0	0	578	0	13236	0	1110	0	0	0	0	0	0	0	0	0	0	0	0	0	0	0	2520	0	0	0	534	0	0	0	0	0	0	0	0	0	0	0	0	0	0	0	0	0	0	0	0	0	0	0	0	0	0	0	
271448	Cuneus_R	0	1058	226	0	0	0	0	0	0	0	0	0	0	0	0	0	0	0	298	532	0	0	0	0	0	0	0	0	0	0	0	0	198	3666	0	222	0	0	0	0	0	0	2812	25618	5936	0	274	1934	0	33348	0	17286	0	450	0	172	0	1186	0	654	0	0	0	0	0	244	3484	25326	0	1208	0	0	0	0	0	0	0	0	0	0	0	370	0	0	0	7834	0	0	0	1388	0	0	0	0	0	0	0	0	0	0	0	0	0	0	0	0	0	0	0	0	0	0	0	0	0	0	
208168	Lingual_L	0	0	114	0	0	0	0	0	0	0	0	0	0	0	0	0	0	0	0	0	0	0	0	0	0	0	0	0	148	0	0	0	0	0	1534	0	1598	0	1810	0	0	0	11204	2328	1418	274	0	3382	1730	308	16704	0	10974	0	10666	584	0	0	0	0	0	0	0	0	0	0	4718	0	0	0	0	0	0	0	0	0	0	0	272	0	0	0	0	0	808	0	0	0	554	0	3146	942	856	184	0	0	5786	230	10338	1676	0	0	0	0	132	648	0	142	0	150	3460	3080	1110	140	568	368	
202068	Lingual_R	0	144	114	0	0	0	0	0	0	0	0	0	0	0	0	0	0	0	0	246	0	0	0	0	0	0	0	0	0	0	0	0	0	434	136	2008	508	2066	350	2068	0	0	1002	18666	0	1934	3382	0	0	5604	0	3352	0	3366	476	14844	0	160	0	0	0	0	0	0	0	0	0	4822	0	386	0	0	182	0	0	0	0	0	0	0	0	0	0	0	0	130	0	0	0	1852	986	4896	88	0	0	0	708	2910	2674	9748	0	0	0	0	0	0	0	0	0	0	2944	6280	1568	0	0	0	
184588	Occipital_Sup_L	166	0	0	0	0	0	0	0	0	0	0	0	0	0	0	0	0	0	0	0	0	0	0	0	0	0	0	0	0	0	0	0	358	0	0	0	0	0	0	0	0	0	11398	0	25640	0	1730	0	0	0	29438	0	1336	0	318	0	900	0	7198	0	350	0	0	0	630	0	9852	0	524	0	0	0	0	0	0	0	0	0	0	0	0	0	0	0	2066	0	0	0	390	0	0	0	0	0	0	0	0	0	0	0	0	0	0	0	0	0	0	0	0	0	0	0	0	0	0	0	
296952	Occipital_Sup_R	132	2050	312	100	0	0	0	0	0	0	0	0	0	0	0	0	0	0	524	1796	0	0	0	0	0	0	0	0	0	0	0	0	246	4838	0	632	0	86	0	0	0	0	432	21030	624	33348	308	5604	0	0	0	27176	0	1688	0	490	0	2740	0	2568	0	94	0	0	0	1280	1894	24624	0	3696	0	0	0	0	0	0	0	0	0	0	0	126	0	0	0	7438	0	0	0	2600	0	0	0	0	0	0	0	0	0	0	0	0	0	0	0	0	0	0	0	0	0	0	0	0	0	0	
475076	Occipital_Mid_L	2668	0	2394	0	0	0	626	0	0	0	0	0	0	0	0	0	1260	0	456	114	0	0	0	0	0	0	0	0	3438	0	0	0	1030	0	1914	0	384	0	472	0	0	0	15022	0	21948	0	16704	0	29438	0	0	0	28640	0	10442	0	6766	0	11106	0	6228	0	506	0	10652	0	20188	0	4230	0	0	0	0	0	0	0	0	0	1092	0	738	0	0	0	31296	0	0	0	7406	0	232	0	0	0	0	0	0	0	148	0	0	0	0	0	0	0	0	0	0	0	0	0	0	0	0	0	
249008	Occipital_Mid_R	106	1594	314	108	0	0	0	0	0	0	0	0	0	0	0	0	0	0	530	1926	0	0	0	0	0	0	0	0	0	0	0	0	240	4764	0	424	0	0	0	0	0	0	150	16530	0	17286	0	3352	0	27176	0	0	0	4516	0	746	0	1810	0	358	0	2566	0	0	0	8298	1370	14622	0	2950	0	0	0	0	0	0	0	0	0	0	0	0	0	0	0	11372	0	0	0	1396	0	0	0	0	0	0	0	0	0	0	0	0	0	0	0	0	0	0	0	0	0	0	0	0	0	0	
141684	Occipital_Inf_L	350	0	524	0	0	0	90	0	0	0	0	0	0	0	0	0	94	0	178	0	0	0	0	0	0	0	0	0	538	0	0	0	90	0	164	0	0	0	0	0	0	0	2472	0	1492	0	10974	0	1336	0	28640	0	0	0	8658	0	642	0	158	0	90	0	0	0	92	0	2136	0	172	0	0	0	0	0	0	0	0	0	358	0	0	0	0	0	4624	0	0	0	6366	0	368	0	0	0	0	0	0	0	236	0	0	0	0	0	0	0	0	0	0	0	0	0	0	0	0	0	
68140	Occipital_Inf_R	0	158	0	0	0	0	0	0	0	0	0	0	0	0	0	0	0	0	0	438	0	0	0	0	0	0	0	0	0	0	0	0	0	448	0	166	0	0	0	266	0	0	0	7562	0	450	0	3366	0	1688	0	4516	0	0	0	4440	0	212	0	0	0	0	0	0	0	0	0	1690	0	608	0	0	0	0	0	0	0	0	0	0	0	0	0	0	0	1128	0	0	0	3700	0	174	0	0	0	0	138	436	124	1158	0	0	0	0	0	0	0	0	0	0	642	562	0	0	0	0	
292528	Fusiform_L	556	0	638	0	0	0	136	0	0	0	0	0	0	0	0	0	114	0	192	0	0	0	0	0	0	0	0	0	1906	0	0	0	0	0	146	0	5470	0	2988	0	2002	0	768	0	472	0	10666	476	318	0	10442	0	8658	0	0	326	370	0	250	0	0	0	0	0	0	0	1474	0	148	0	0	0	286	0	0	0	0	0	212	0	1148	0	2476	0	4198	0	1078	0	12056	0	14798	136	784	0	146	0	18134	296	33276	694	0	0	0	0	184	562	0	0	0	0	4504	1972	0	98	334	376	
247820	Fusiform_R	0	118	0	160	0	0	0	0	0	0	0	0	0	0	0	0	0	0	0	170	0	0	0	0	0	0	0	0	0	1272	0	0	0	138	540	1026	486	14606	0	13698	0	4646	0	6608	0	172	584	14844	0	490	0	746	0	4440	326	0	0	0	0	0	0	0	0	0	0	0	0	2858	0	106	0	0	0	582	0	0	324	528	0	0	0	1004	0	4052	0	696	0	2166	0	10882	614	5270	0	0	0	0	768	6542	1472	12444	0	0	0	0	0	0	0	0	0	0	3536	4036	960	0	0	0	
258376	Postcentral_L	30384	0	4408	0	0	0	2196	0	0	0	2948	0	270	0	0	0	6926	0	2352	0	0	0	0	0	0	0	0	0	3402	0	0	0	0	0	2726	0	0	0	0	0	0	0	0	0	382	0	0	0	900	0	6766	0	642	0	370	0	0	0	19034	0	25514	0	4342	0	2624	0	3146	0	5882	0	106	0	0	0	0	0	0	0	1484	0	812	0	0	0	1122	0	0	0	450	0	0	0	0	0	0	0	0	0	0	0	0	0	0	0	0	0	0	0	0	0	0	0	0	0	0	0	
216108	Postcentral_R	0	29612	778	908	0	0	0	706	0	0	0	1540	0	0	0	0	0	5176	660	5310	0	0	0	0	0	0	0	0	0	2262	0	158	126	7106	0	574	0	734	0	0	0	0	0	642	0	1186	0	160	0	2740	0	1810	0	212	0	0	0	0	0	2938	0	5714	0	8966	0	258	0	8722	0	13122	0	0	0	1678	0	0	0	0	0	978	0	1492	0	0	0	1102	0	0	0	684	0	0	0	0	0	0	0	0	0	0	0	0	0	0	0	0	0	0	0	0	0	0	0	0	0	0	
168204	Parietal_Sup_L	1916	0	1152	0	0	0	1202	0	0	0	0	0	0	0	0	0	188	0	176	0	0	0	0	0	0	0	0	0	236	0	0	0	300	0	514	0	0	0	0	0	0	0	318	0	3232	0	0	0	7198	0	11106	0	158	0	250	0	19034	0	0	0	21088	0	254	0	1520	0	11744	0	1472	0	0	0	0	0	0	0	0	0	0	0	126	0	0	0	588	0	0	0	330	0	0	0	0	0	0	0	0	0	0	0	0	0	0	0	0	0	0	0	0	0	0	0	0	0	0	0	
53540	Parietal_Sup_R	0	2022	0	0	0	0	0	0	0	0	0	0	0	0	0	0	0	98	0	1432	0	0	0	0	0	0	0	0	0	0	0	0	0	1188	0	0	0	0	0	0	0	0	0	0	0	654	0	0	0	2568	0	358	0	0	0	0	0	2938	0	0	0	2858	0	1790	0	460	866	7298	0	2240	0	0	0	0	0	0	0	0	0	0	0	0	0	0	0	0	0	0	0	0	0	0	0	0	0	0	0	0	0	0	0	0	0	0	0	0	0	0	0	0	0	0	0	0	0	0	
233536	Parietal_Inf_L	9738	0	2084	0	0	0	2862	0	0	0	594	0	0	0	0	0	978	0	322	0	0	0	0	0	0	0	0	0	306	0	0	0	0	0	696	0	0	0	0	0	0	0	524	0	0	0	0	0	350	0	6228	0	90	0	0	0	25514	0	21088	0	0	0	12984	0	20948	0	3062	0	1428	0	0	0	0	0	0	0	0	0	0	0	4088	0	0	0	2884	0	0	0	0	0	0	0	0	0	0	0	0	0	0	0	0	0	0	0	0	0	0	0	0	0	0	0	0	0	0	0	
73228	Parietal_Inf_R	0	2608	0	172	0	0	0	100	0	0	0	418	0	0	0	0	0	630	240	88	0	0	0	0	0	0	0	0	0	0	0	182	0	0	0	0	0	0	0	0	0	0	0	0	0	0	0	0	0	94	0	2566	0	0	0	0	0	5714	0	2858	0	0	0	13456	0	5782	0	392	0	128	0	0	0	0	0	0	0	0	0	378	0	582	0	0	0	0	0	0	0	226	0	0	0	0	0	0	0	0	0	0	0	0	0	0	0	0	0	0	0	0	0	0	0	0	0	0	
71524	SupraMarginal_L	1702	0	0	0	0	0	120	0	0	0	0	0	0	0	0	0	1412	0	94	0	0	0	0	0	0	0	0	0	0	0	0	0	0	0	0	0	0	0	0	0	0	0	0	0	0	0	0	0	0	0	506	0	0	0	0	0	4342	0	254	0	12984	0	0	0	7222	0	0	0	0	0	0	0	0	0	0	0	0	0	0	0	4834	0	0	0	2292	0	0	0	0	0	0	0	0	0	0	0	0	0	0	0	0	0	0	0	0	0	0	0	0	0	0	0	0	0	0	0	
101304	SupraMarginal_R	0	4290	286	280	0	0	0	154	0	0	0	538	0	0	0	0	0	3992	444	0	0	0	0	0	0	0	0	0	0	0	0	268	0	0	0	0	0	756	0	0	0	0	0	0	0	0	0	0	0	0	0	0	0	0	0	0	0	8966	0	1790	0	13456	0	0	0	3558	0	1190	0	120	0	0	0	0	0	0	0	0	0	424	0	3422	0	0	0	3214	0	0	0	3504	0	0	0	0	0	0	0	0	0	0	0	0	0	0	0	0	0	0	0	0	0	0	0	0	0	0	
126868	Angular_L	1588	0	124	0	0	0	958	0	0	0	266	0	0	0	0	0	992	0	0	0	0	0	0	0	0	0	0	0	244	0	0	0	0	0	470	0	0	0	0	0	0	0	456	0	578	0	0	0	630	0	10652	0	92	0	0	0	2624	0	1520	0	20948	0	7222	0	0	0	1252	0	120	0	0	0	0	0	0	0	0	0	0	0	4074	0	0	0	8624	0	0	0	0	0	0	0	0	0	0	0	0	0	0	0	0	0	0	0	0	0	0	0	0	0	0	0	0	0	0	0	
53448	Angular_R	0	292	0	0	0	0	0	0	0	0	0	0	0	0	0	0	0	0	0	0	0	0	0	0	0	0	0	0	0	0	0	0	0	0	0	0	0	0	0	0	0	0	0	0	0	244	0	0	0	1280	0	8298	0	0	0	0	0	258	0	460	0	5782	0	3558	0	0	0	950	0	140	0	0	0	0	0	0	0	0	0	0	0	1450	0	0	0	3362	0	0	0	650	0	0	0	0	0	0	0	0	0	0	0	0	0	0	0	0	0	0	0	0	0	0	0	0	0	0	
245760	Precuneus_L	772	0	272	0	0	0	0	0	0	0	0	0	0	0	0	0	0	0	0	262	0	0	0	0	0	0	0	0	94	0	0	0	4346	516	6836	0	2546	0	1524	0	0	0	11670	1652	13236	3484	4718	0	9852	1894	20188	1370	2136	0	1474	0	3146	0	11744	866	3062	0	0	0	1252	0	0	4274	3648	0	0	0	0	0	0	0	0	0	272	0	0	0	0	0	4246	0	0	0	1528	0	0	0	0	0	0	0	0	0	0	0	0	0	0	0	0	0	0	0	0	0	0	0	0	0	0	0	
403104	Precuneus_R	428	8396	1084	406	0	0	0	0	0	0	0	0	0	0	0	0	0	194	2074	5752	0	0	0	0	0	0	0	0	0	102	0	0	1122	13666	890	7974	110	3416	0	3330	0	0	90	18200	0	25326	0	4822	0	24624	0	14622	0	1690	0	2858	0	8722	0	7298	0	392	0	1190	0	950	4274	0	226	11044	0	0	0	0	0	0	96	120	0	178	0	1610	0	0	0	16324	0	0	0	7672	0	0	0	0	0	0	0	0	0	0	0	0	0	0	0	0	0	0	0	0	280	0	0	0	0	0	
108544	Paracentral_Lobule_L	7728	0	1154	0	0	0	0	0	0	0	0	0	0	0	0	0	0	0	4340	7974	0	0	0	0	0	0	0	0	0	0	0	0	3358	2876	5440	322	0	0	0	0	0	0	0	0	1110	0	0	0	524	0	4230	0	172	0	148	0	5882	0	1472	0	1428	0	0	0	120	0	3648	226	0	540	0	0	176	0	0	0	0	0	0	0	0	0	0	0	1186	0	0	0	218	0	0	0	0	0	0	0	0	0	0	0	0	0	0	0	0	0	0	0	0	0	0	0	0	0	0	0	
192072	Paracentral_Lobule_R	0	16010	90	264	0	0	0	0	0	0	0	0	0	0	0	0	0	98	238	15940	0	0	0	0	0	0	0	0	0	0	0	0	384	17264	0	3030	0	496	0	92	0	0	0	1174	0	1208	0	386	0	3696	0	2950	0	608	0	106	0	13122	0	2240	0	128	0	120	0	140	0	11044	540	0	0	0	0	0	0	0	0	96	0	194	0	636	0	0	0	2110	0	0	0	1632	0	0	0	0	0	0	0	0	0	0	0	0	0	0	0	0	0	0	0	0	0	0	0	0	0	0	
157856	Caudate_L	1610	0	6118	156	186	410	2286	0	0	0	182	0	1986	0	1616	0	0	0	5928	96	3572	4974	636	0	0	118	762	1910	3980	0	5784	1996	90	0	0	0	366	0	0	0	0	0	0	0	0	0	0	0	0	0	0	0	0	0	0	0	106	0	0	0	0	0	0	0	0	0	0	0	0	0	0	8078	12260	802	2068	178	10436	0	0	0	140	0	98	0	0	0	0	0	0	0	0	0	0	0	0	0	0	0	0	0	0	0	0	0	0	0	0	0	0	0	0	0	0	0	0	0	
339768	Caudate_R	254	654	10972	17502	90	3820	1296	894	0	180	622	1946	1908	1512	1176	6172	0	110	10166	5662	1204	3774	758	5580	0	2086	0	1918	4028	4686	5828	17946	1250	2008	0	0	0	2062	0	0	0	0	0	0	0	0	0	0	0	0	0	0	0	0	0	0	0	0	0	0	0	0	0	0	0	0	0	0	0	0	8078	0	1498	24600	0	1998	168	15340	0	0	0	0	0	0	0	0	0	0	0	138	0	0	0	0	0	0	0	0	0	0	0	0	0	0	0	0	0	0	0	0	0	0	0	0	0	0	
249220	Putamen_L	826	0	19532	226	4566	308	2392	0	670	0	582	0	2610	0	5282	0	152	0	17976	834	2368	2292	1464	0	0	110	596	1396	15264	0	4842	928	0	286	264	284	8384	288	934	0	710	0	0	0	0	0	0	182	0	0	0	0	0	0	286	0	0	0	0	0	0	0	0	0	0	0	0	0	176	0	12260	1498	0	0	7166	0	3444	242	0	0	1322	0	1348	0	0	0	0	0	320	0	0	0	0	0	0	0	0	0	0	0	0	0	0	0	0	0	0	0	0	0	0	0	0	0	0	0	
273168	Putamen_R	0	1302	5050	18102	0	2902	0	2372	0	174	0	3260	98	700	0	3584	0	2210	5258	8712	0	470	392	5064	0	804	0	1172	118	18540	1290	8640	724	2276	0	0	0	8106	0	508	0	348	0	0	0	0	0	0	0	0	0	0	0	0	0	582	0	1678	0	0	0	0	0	0	0	0	0	0	0	0	802	24600	0	0	0	3648	0	2316	0	0	0	0	0	0	0	308	0	0	0	474	0	0	0	0	0	0	0	0	0	0	0	0	0	0	0	0	0	0	0	0	0	0	0	0	0	0	
44904	Pallidum_L	0	0	3230	0	0	0	130	0	0	0	0	0	0	0	0	0	0	0	6632	374	0	0	0	0	0	0	0	0	0	0	0	0	200	94	0	0	718	0	0	0	0	0	0	0	0	0	0	0	0	0	0	0	0	0	0	0	0	0	0	0	0	0	0	0	0	0	0	0	0	0	2068	0	7166	0	0	0	1840	0	0	0	0	0	0	0	0	0	0	0	0	0	0	0	0	0	0	0	0	0	0	0	0	0	0	0	0	0	0	0	0	0	0	0	0	0	0	0	
17120	Pallidum_R	0	0	90	1402	0	0	0	152	0	0	0	0	0	0	0	0	0	0	254	312	0	0	0	0	0	0	0	0	0	0	0	96	86	0	0	0	0	88	0	0	0	0	0	0	0	0	0	0	0	0	0	0	0	0	0	0	0	0	0	0	0	0	0	0	0	0	0	0	0	0	178	1998	0	3648	0	0	0	256	0	0	0	0	0	0	0	0	0	0	0	0	0	0	0	0	0	0	0	0	0	0	0	0	0	0	0	0	0	0	0	0	0	0	0	0	0	0	
118212	Thalamus_L	4210	0	9526	142	0	0	1550	0	0	0	0	0	220	0	0	0	0	0	6818	216	0	0	0	0	0	0	0	0	1324	0	0	0	0	0	2376	3322	5114	2804	124	422	0	0	0	0	0	0	0	0	0	0	0	0	0	0	0	324	0	0	0	0	0	0	0	0	0	0	0	96	0	0	10436	168	3444	0	1840	0	0	4152	164	0	0	0	0	0	154	0	0	0	160	0	0	0	0	0	0	0	0	0	0	0	0	0	0	0	0	0	0	0	0	0	0	0	0	0	0	0	
121372	Thalamus_R	0	930	768	16882	0	0	0	258	0	0	0	0	0	0	0	0	0	0	250	3986	0	0	0	0	0	0	0	0	122	120	0	0	0	154	1506	2848	1682	6204	0	1000	0	0	0	0	0	0	0	0	0	0	0	0	0	0	0	528	0	0	0	0	0	0	0	0	0	0	0	120	0	96	0	15340	242	2316	0	256	4152	0	0	0	0	0	0	0	0	0	0	0	0	926	0	0	0	0	0	0	0	0	0	0	0	0	0	0	0	0	0	0	0	0	0	0	0	0	0	0	
71404	Heschl_L	1804	0	5068	0	0	0	356	0	0	0	1428	0	222	0	0	0	2584	0	1936	0	0	0	0	0	0	0	0	0	10078	0	0	0	0	0	224	218	482	190	0	0	0	0	138	0	0	0	272	0	0	0	1092	0	358	0	212	0	1484	0	0	0	0	0	0	0	0	0	272	0	0	0	0	0	0	0	0	0	164	0	0	0	2928	0	0	0	3046	0	0	0	1146	0	0	0	0	0	0	0	0	0	0	0	0	0	0	0	0	0	0	0	0	0	0	0	0	0	0	0	
15624	Heschl_R	0	370	94	254	0	0	0	0	0	0	0	132	0	0	0	0	0	1286	94	0	0	0	0	0	0	0	0	0	0	230	0	130	0	0	0	0	0	0	0	0	0	0	0	0	0	0	0	0	0	0	0	0	0	0	0	0	0	978	0	0	0	378	0	424	0	0	0	178	0	194	0	0	0	0	0	0	0	0	0	0	0	3070	0	0	0	0	0	0	0	0	0	0	0	0	0	0	0	0	0	0	0	0	0	0	0	0	0	0	0	0	0	0	0	0	0	0	
162784	Temporal_Sup_L	920	0	4686	0	0	0	1588	0	0	0	3628	0	490	0	0	0	5674	0	2220	0	0	0	0	0	0	0	0	0	12490	0	0	0	0	0	0	0	2664	0	324	0	410	0	0	0	0	0	0	0	0	0	738	0	0	0	1148	0	812	0	126	0	4088	0	4834	0	4074	0	0	0	0	0	140	0	1322	0	0	0	0	0	2928	0	0	0	3072	0	16204	0	248	0	6564	0	0	0	0	0	0	0	0	0	0	0	0	0	0	0	0	0	0	0	0	0	0	0	0	0	0	0	
73516	Temporal_Sup_R	0	798	224	1094	0	0	0	220	0	0	0	584	0	0	0	0	0	4358	220	522	0	0	0	0	0	0	0	0	0	1580	0	192	0	362	0	0	0	756	0	100	0	0	0	0	0	370	0	0	0	126	0	0	0	0	0	1004	0	1492	0	0	0	582	0	3422	0	1450	0	1610	0	636	0	0	0	0	0	0	0	0	0	3070	0	0	0	704	0	7886	0	104	0	3292	0	0	0	0	0	0	0	0	0	0	0	0	0	0	0	0	0	0	0	0	0	0	0	0	0	0	
59508	Temporal_Pole_Sup_L	0	0	896	0	740	0	694	0	0	0	418	0	356	0	1772	0	408	0	336	0	638	0	160	0	0	0	312	0	5946	0	88	0	0	0	0	0	1456	0	270	0	284	0	0	0	0	0	0	0	0	0	0	0	0	0	2476	0	0	0	0	0	0	0	0	0	0	0	0	0	0	0	98	0	1348	0	0	0	0	0	0	0	3072	0	0	0	3692	0	2020	0	2274	0	0	0	0	0	0	0	0	0	0	0	0	0	0	0	0	0	0	0	0	0	0	0	0	0	0	0	
22572	Temporal_Pole_Sup_R	0	0	0	0	0	0	0	0	0	0	0	118	0	0	0	0	0	138	0	112	0	0	0	0	0	0	0	0	0	300	0	0	0	110	0	0	0	212	0	1978	0	1218	0	0	0	0	0	0	0	0	0	0	0	0	0	4052	0	0	0	0	0	0	0	0	0	0	0	0	0	0	0	0	0	0	0	0	0	0	0	0	0	704	0	0	0	118	0	1474	0	752	0	0	0	0	0	0	0	0	0	0	0	0	0	0	0	0	0	0	0	0	0	0	0	0	0	0	
281964	Temporal_Mid_L	1804	0	4082	0	0	0	702	0	0	0	0	0	0	0	0	0	1082	0	832	0	0	0	0	0	0	0	0	0	5110	0	0	0	0	0	862	0	2430	0	264	0	0	0	958	0	2520	0	808	0	2066	0	31296	0	4624	0	4198	0	1122	0	588	0	2884	0	2292	0	8624	0	4246	0	1186	0	0	0	0	0	0	0	154	0	3046	0	16204	0	3692	0	0	0	2512	0	30794	0	0	0	0	0	0	0	0	0	0	0	0	0	0	0	0	0	0	0	0	0	0	0	0	0	0	0	
195104	Temporal_Mid_R	0	1288	0	494	0	0	0	0	0	0	0	104	0	0	0	0	0	352	102	1526	0	0	0	0	0	0	0	0	0	720	0	0	0	1976	0	582	0	318	0	98	0	0	0	1908	0	7834	0	130	0	7438	0	11372	0	1128	0	696	0	1102	0	0	0	0	0	3214	0	3362	0	16324	0	2110	0	0	0	308	0	0	0	0	0	0	0	7886	0	118	0	0	0	1154	0	23908	0	0	0	0	0	0	0	0	0	0	0	0	0	0	0	0	0	0	0	0	0	0	0	0	0	0	
15324	Temporal_Pole_Mid_L	0	0	0	0	0	0	0	0	0	0	0	0	0	0	0	0	0	0	0	0	0	0	0	0	0	0	0	0	0	0	0	0	0	0	0	0	0	0	0	0	0	0	0	0	0	0	0	0	0	0	0	0	0	0	1078	0	0	0	0	0	0	0	0	0	0	0	0	0	0	0	0	0	0	0	0	0	0	0	0	0	248	0	2020	0	2512	0	0	0	1804	0	0	0	0	0	0	0	0	0	0	0	0	0	0	0	0	0	0	0	0	0	0	0	0	0	0	0	
12472	Temporal_Pole_Mid_R	0	0	0	0	0	0	0	0	0	0	0	0	0	0	0	0	0	0	0	0	0	0	0	0	0	0	0	0	0	0	0	0	0	0	0	0	0	0	0	462	0	0	0	0	0	0	0	0	0	0	0	0	0	0	0	2166	0	0	0	0	0	0	0	0	0	0	0	0	0	0	0	0	0	0	0	0	0	0	0	0	0	104	0	1474	0	1154	0	0	0	876	0	0	0	0	0	0	0	0	0	0	0	0	0	0	0	0	0	0	0	0	0	0	0	0	0	0	
185352	Temporal_Inf_L	914	0	1424	0	0	0	376	0	0	0	0	0	0	0	0	0	260	0	456	0	0	0	0	0	0	0	0	0	2806	0	0	0	0	0	334	132	9932	126	656	0	974	0	314	0	534	0	554	0	390	0	7406	0	6366	0	12056	0	450	0	330	0	0	0	0	0	0	0	1528	0	218	0	0	0	320	0	0	0	160	0	1146	0	6564	0	2274	0	30794	0	1804	0	0	0	810	0	0	0	0	0	0	0	268	0	0	0	0	0	0	0	0	0	0	0	0	0	0	0	0	0	
186388	Temporal_Inf_R	0	1150	0	932	0	0	0	0	0	0	0	316	0	0	0	0	0	424	0	1474	0	0	0	0	0	0	0	0	0	1920	0	0	0	1600	0	1616	0	9252	0	3276	0	0	0	4342	0	1388	0	1852	0	2600	0	1396	0	3700	0	10882	0	684	0	0	0	226	0	3504	0	650	0	7672	0	1632	0	138	0	474	0	0	0	926	0	0	0	3292	0	752	0	23908	0	876	0	0	0	340	0	0	0	0	0	0	0	0	0	0	0	0	0	0	0	0	0	0	0	0	0	0	0	0	
329600	Cerebelum_Crus1_L	0	0	0	0	0	0	0	0	0	0	0	0	0	0	0	0	0	0	0	0	0	0	0	0	0	0	0	0	0	0	0	0	0	0	0	0	0	0	0	0	0	0	0	0	0	0	3146	986	0	0	232	0	368	0	14798	614	0	0	0	0	0	0	0	0	0	0	0	0	0	0	0	0	0	0	0	0	0	0	0	0	0	0	0	0	0	0	0	0	810	0	0	1466	32328	1440	304	0	7894	0	44552	1654	17994	172	21198	710	4304	0	1572	0	0	0	376	1990	4424	918	550	0	
292744	Cerebelum_Crus1_R	0	0	0	0	0	0	0	0	0	0	0	0	0	0	0	0	0	0	0	0	0	0	0	0	0	0	0	0	0	0	0	0	0	0	0	0	0	0	0	0	0	0	0	0	0	0	942	4896	0	0	0	0	0	174	136	5270	0	0	0	0	0	0	0	0	0	0	0	0	0	0	0	0	0	0	0	0	0	0	0	0	0	0	0	0	0	0	0	0	0	340	1466	0	866	16544	0	4110	348	17032	1564	53134	192	1978	616	15842	0	1276	0	340	494	1838	2674	5154	6600	1648	898	0	
275596	Cerebelum_Crus2_L	0	0	0	0	0	0	0	0	0	0	0	0	0	0	0	0	0	0	0	0	0	0	0	0	0	0	0	0	0	0	0	0	0	0	0	0	0	0	0	0	0	0	0	0	0	0	856	88	0	0	0	0	0	0	784	0	0	0	0	0	0	0	0	0	0	0	0	0	0	0	0	0	0	0	0	0	0	0	0	0	0	0	0	0	0	0	0	0	0	0	32328	866	0	4764	0	0	354	0	6426	278	37250	2352	34054	3426	5238	92	596	0	0	0	180	242	4500	2532	592	0	
137664	Cerebelum_Crus2_R	0	0	0	0	0	0	0	0	0	0	0	0	0	0	0	0	0	0	0	0	0	0	0	0	0	0	0	0	0	0	0	0	0	0	0	0	0	0	0	0	0	0	0	0	0	0	184	0	0	0	0	0	0	0	0	0	0	0	0	0	0	0	0	0	0	0	0	0	0	0	0	0	0	0	0	0	0	0	0	0	0	0	0	0	0	0	0	0	0	0	1440	16544	4764	0	0	0	0	148	280	1970	1694	11794	2366	18576	0	414	0	0	0	0	0	350	5942	1674	692	0	
13296	Cerebelum_3_L	0	0	0	0	0	0	0	0	0	0	0	0	0	0	0	0	0	0	0	0	0	0	0	0	0	0	0	0	0	0	0	0	0	0	0	0	0	0	0	0	0	0	0	0	0	0	0	0	0	0	0	0	0	0	146	0	0	0	0	0	0	0	0	0	0	0	0	0	0	0	0	0	0	0	0	0	0	0	0	0	0	0	0	0	0	0	0	0	0	0	304	0	0	0	0	0	2502	0	1626	0	0	0	0	0	348	0	0	0	696	798	228	0	0	0	0	0	
36576	Cerebelum_3_R	0	0	0	0	0	0	0	0	0	0	0	0	0	0	0	0	0	0	0	0	0	0	0	0	0	0	0	0	0	0	0	0	0	0	0	0	0	0	0	0	0	0	0	0	0	0	0	0	0	0	0	0	0	0	0	0	0	0	0	0	0	0	0	0	0	0	0	0	0	0	0	0	0	0	0	0	0	0	0	0	0	0	0	0	0	0	0	0	0	0	0	4110	0	0	0	0	0	5120	0	5510	0	0	0	144	0	0	0	0	382	2454	568	0	0	0	0	0	
197408	Cerebelum_4_5_L	0	0	0	0	0	0	0	0	0	0	0	0	0	0	0	0	0	0	0	0	0	0	0	0	0	0	0	0	0	0	0	0	0	0	0	0	0	0	410	0	0	0	0	0	0	0	5786	708	0	0	0	0	0	138	18134	768	0	0	0	0	0	0	0	0	0	0	0	0	0	0	0	0	0	0	0	0	0	0	0	0	0	0	0	0	0	0	0	0	0	0	7894	348	354	0	2502	0	0	868	32876	1586	564	0	750	130	2964	1836	0	332	304	630	11954	3722	0	410	1476	1260	
142128	Cerebelum_4_5_R	0	0	0	0	0	0	0	0	0	0	0	0	0	0	0	0	0	0	0	0	0	0	0	0	0	0	0	0	0	0	0	0	0	0	0	0	0	298	0	390	0	0	0	0	0	0	230	2910	0	0	0	0	0	436	296	6542	0	0	0	0	0	0	0	0	0	0	0	0	0	0	0	0	0	0	0	0	0	0	0	0	0	0	0	0	0	0	0	0	0	0	0	17032	0	148	0	5120	868	0	654	26094	0	0	0	222	0	278	0	0	132	1826	7102	334	0	0	0	152	
351808	Cerebelum_6_L	0	0	0	0	0	0	0	0	0	0	0	0	0	0	0	0	0	0	0	0	0	0	0	0	0	0	0	0	0	0	0	0	0	0	0	0	0	0	400	0	0	0	0	0	0	0	10338	2674	0	0	148	0	236	124	33276	1472	0	0	0	0	0	0	0	0	0	0	0	0	0	0	0	0	0	0	0	0	0	0	0	0	0	0	0	0	0	0	0	0	268	0	44552	1564	6426	280	1626	0	32876	654	0	3870	5290	0	5856	0	2462	1056	1520	124	118	298	8404	6536	1894	162	702	698	
313748	Cerebelum_6_R	0	0	0	0	0	0	0	0	0	0	0	0	0	0	0	0	0	0	0	0	0	0	0	0	0	0	0	0	0	0	0	0	0	0	0	0	0	0	0	0	0	0	0	0	0	0	1676	9748	0	0	0	0	0	1158	694	12444	0	0	0	0	0	0	0	0	0	0	0	0	0	0	0	0	0	0	0	0	0	0	0	0	0	0	0	0	0	0	0	0	0	0	1654	53134	278	1970	0	5510	1586	26094	3870	0	0	756	310	5838	0	1242	0	424	574	2638	7570	10662	5110	1182	752	0	
226860	Cerebelum_7b_L	0	0	0	0	0	0	0	0	0	0	0	0	0	0	0	0	0	0	0	0	0	0	0	0	0	0	0	0	0	0	0	0	0	0	0	0	0	0	0	0	0	0	0	0	0	0	0	0	0	0	0	0	0	0	0	0	0	0	0	0	0	0	0	0	0	0	0	0	0	0	0	0	0	0	0	0	0	0	0	0	0	0	0	0	0	0	0	0	0	0	17994	192	37250	1694	0	0	564	0	5290	0	0	1660	34688	2360	5656	0	1006	0	0	0	306	0	1484	2890	396	0	
62656	Cerebelum_7b_R	0	0	0	0	0	0	0	0	0	0	0	0	0	0	0	0	0	0	0	0	0	0	0	0	0	0	0	0	0	0	0	0	0	0	0	0	0	0	0	0	0	0	0	0	0	0	0	0	0	0	0	0	0	0	0	0	0	0	0	0	0	0	0	0	0	0	0	0	0	0	0	0	0	0	0	0	0	0	0	0	0	0	0	0	0	0	0	0	0	0	172	1978	2352	11794	0	0	0	0	0	756	1660	0	1622	8278	0	364	0	0	0	0	0	0	1454	898	0	0	
257840	Cerebelum_8_L	0	0	0	0	0	0	0	0	0	0	0	0	0	0	0	0	0	0	0	0	0	0	0	0	0	0	0	0	0	0	0	0	0	0	0	0	0	0	0	0	0	0	0	0	0	0	0	0	0	0	0	0	0	0	0	0	0	0	0	0	0	0	0	0	0	0	0	0	0	0	0	0	0	0	0	0	0	0	0	0	0	0	0	0	0	0	0	0	0	0	21198	616	34054	2366	0	0	750	0	5856	310	34688	1622	0	4462	10874	240	1396	0	0	0	366	156	3028	5496	1442	0	
155848	Cerebelum_8_R	0	0	0	0	0	0	0	0	0	0	0	0	0	0	0	0	0	0	0	0	0	0	0	0	0	0	0	0	0	0	0	0	0	0	0	0	0	0	0	0	0	0	0	0	0	0	0	0	0	0	0	0	0	0	0	0	0	0	0	0	0	0	0	0	0	0	0	0	0	0	0	0	0	0	0	0	0	0	0	0	0	0	0	0	0	0	0	0	0	0	710	15842	3426	18576	0	144	130	222	0	5838	2360	8278	4462	0	0	4652	0	338	0	144	216	352	4586	5400	2100	148	
74308	Cerebelum_9_L	0	0	0	0	0	0	0	0	0	0	0	0	0	0	0	0	0	0	0	0	0	0	0	0	0	0	0	0	0	0	0	0	0	0	0	0	0	0	0	0	0	0	0	0	0	0	132	0	0	0	0	0	0	0	184	0	0	0	0	0	0	0	0	0	0	0	0	0	0	0	0	0	0	0	0	0	0	0	0	0	0	0	0	0	0	0	0	0	0	0	4304	0	5238	0	348	0	2964	0	2462	0	5656	0	10874	0	0	0	1354	0	0	0	1950	550	196	282	440	220	
49360	Cerebelum_9_R	0	0	0	0	0	0	0	0	0	0	0	0	0	0	0	0	0	0	0	0	0	0	0	0	0	0	0	0	0	0	0	0	0	0	0	0	0	0	0	0	0	0	0	0	0	0	648	0	0	0	0	0	0	0	562	0	0	0	0	0	0	0	0	0	0	0	0	0	0	0	0	0	0	0	0	0	0	0	0	0	0	0	0	0	0	0	0	0	0	0	0	1276	92	414	0	0	1836	278	1056	1242	0	364	240	4652	0	0	0	894	770	798	2370	1976	662	1070	2126	1354	
14888	Cerebelum_10_L	0	0	0	0	0	0	0	0	0	0	0	0	0	0	0	0	0	0	0	0	0	0	0	0	0	0	0	0	0	0	0	0	0	0	0	0	0	0	0	0	0	0	0	0	0	0	0	0	0	0	0	0	0	0	0	0	0	0	0	0	0	0	0	0	0	0	0	0	0	0	0	0	0	0	0	0	0	0	0	0	0	0	0	0	0	0	0	0	0	0	1572	0	596	0	0	0	0	0	1520	0	1006	0	1396	0	1354	0	0	0	0	0	0	0	0	0	0	0	
7968	Cerebelum_10_R	0	0	0	0	0	0	0	0	0	0	0	0	0	0	0	0	0	0	0	0	0	0	0	0	0	0	0	0	0	0	0	0	0	0	0	0	0	0	0	0	0	0	0	0	0	0	142	0	0	0	0	0	0	0	0	0	0	0	0	0	0	0	0	0	0	0	0	0	0	0	0	0	0	0	0	0	0	0	0	0	0	0	0	0	0	0	0	0	0	0	0	340	0	0	0	0	332	0	124	424	0	0	0	338	0	894	0	0	0	0	366	370	0	0	328	326	
16488	Vermis_1_2	0	0	0	0	0	0	0	0	0	0	0	0	0	0	0	0	0	0	0	0	0	0	0	0	0	0	0	0	0	0	0	0	0	0	0	0	0	0	0	0	0	0	0	0	0	0	0	0	0	0	0	0	0	0	0	0	0	0	0	0	0	0	0	0	0	0	0	0	0	0	0	0	0	0	0	0	0	0	0	0	0	0	0	0	0	0	0	0	0	0	0	494	0	0	696	382	304	132	118	574	0	0	0	0	0	770	0	0	0	4068	706	0	0	0	0	0	
35164	Vermis_3	0	0	0	0	0	0	0	0	0	0	0	0	0	0	0	0	0	0	0	0	0	0	0	0	0	0	0	0	120	0	0	0	0	0	0	0	158	0	0	0	0	0	0	0	0	0	150	0	0	0	0	0	0	0	0	0	0	0	0	0	0	0	0	0	0	0	0	0	0	0	0	0	0	0	0	0	0	0	0	0	0	0	0	0	0	0	0	0	0	0	0	1838	0	0	798	2454	630	1826	298	2638	0	0	0	144	0	798	0	0	4068	0	1662	0	0	0	0	0	
142876	Vermis_4_5	0	0	0	0	0	0	0	0	0	0	0	0	0	0	0	0	0	0	0	0	0	0	0	0	0	0	0	0	0	0	0	0	0	0	0	0	0	0	0	0	0	0	0	96	0	0	3460	2944	0	0	0	0	0	642	4504	3536	0	0	0	0	0	0	0	0	0	0	0	280	0	0	0	0	0	0	0	0	0	0	0	0	0	0	0	0	0	0	0	0	0	0	376	2674	180	0	228	568	11954	7102	8404	7570	306	0	366	216	1950	2370	0	366	706	1662	0	4922	0	566	1776	1714	
122784	Vermis_6	0	0	0	0	0	0	0	0	0	0	0	0	0	0	0	0	0	0	0	0	0	0	0	0	0	0	0	0	0	0	0	0	0	0	0	0	0	0	0	0	0	0	0	0	0	0	3080	6280	0	0	0	0	0	562	1972	4036	0	0	0	0	0	0	0	0	0	0	0	0	0	0	0	0	0	0	0	0	0	0	0	0	0	0	0	0	0	0	0	0	0	0	1990	5154	242	350	0	0	3722	334	6536	10662	0	0	156	352	550	1976	0	370	0	0	4922	0	4142	864	2040	1100	
107084	Vermis_7	0	0	0	0	0	0	0	0	0	0	0	0	0	0	0	0	0	0	0	0	0	0	0	0	0	0	0	0	0	0	0	0	0	0	0	0	0	0	0	0	0	0	0	0	0	0	1110	1568	0	0	0	0	0	0	0	960	0	0	0	0	0	0	0	0	0	0	0	0	0	0	0	0	0	0	0	0	0	0	0	0	0	0	0	0	0	0	0	0	0	0	4424	6600	4500	5942	0	0	0	0	1894	5110	1484	1454	3028	4586	196	662	0	0	0	0	0	4142	0	3612	2270	0	
67060	Vermis_8	0	0	0	0	0	0	0	0	0	0	0	0	0	0	0	0	0	0	0	0	0	0	0	0	0	0	0	0	0	0	0	0	0	0	0	0	0	0	0	0	0	0	0	0	0	0	140	0	0	0	0	0	0	0	98	0	0	0	0	0	0	0	0	0	0	0	0	0	0	0	0	0	0	0	0	0	0	0	0	0	0	0	0	0	0	0	0	0	0	0	918	1648	2532	1674	0	0	410	0	162	1182	2890	898	5496	5400	282	1070	0	0	0	0	566	864	3612	0	3688	0	
47816	Vermis_9	0	0	0	0	0	0	0	0	0	0	0	0	0	0	0	0	0	0	0	0	0	0	0	0	0	0	0	0	0	0	0	0	0	0	0	0	0	0	0	0	0	0	0	0	0	0	568	0	0	0	0	0	0	0	334	0	0	0	0	0	0	0	0	0	0	0	0	0	0	0	0	0	0	0	0	0	0	0	0	0	0	0	0	0	0	0	0	0	0	0	550	898	592	692	0	0	1476	0	702	752	396	0	1442	2100	440	2126	0	328	0	0	1776	2040	2270	3688	0	738	
16908	Vermis_10	0	0	0	0	0	0	0	0	0	0	0	0	0	0	0	0	0	0	0	0	0	0	0	0	0	0	0	0	0	0	0	0	0	0	0	0	0	0	0	0	0	0	0	0	0	0	368	0	0	0	0	0	0	0	376	0	0	0	0	0	0	0	0	0	0	0	0	0	0	0	0	0	0	0	0	0	0	0	0	0	0	0	0	0	0	0	0	0	0	0	0	0	0	0	0	0	1260	152	698	0	0	0	0	148	220	1354	0	326	0	0	1714	1100	0	0	738	0	
