data	data	330144	133248	1.01064e+06	836112	207892	87708	518896	264168	62112	60888	185976	130740	266268	128128	137852	109364	165456	67872	350952	628448	66108	63240	406552	343016	34576	99140	54592	87564	496932	274788	329848	492488	187080	472504	102508	62660	236532	231560	95908	187364	31916	47292	224792	311568	90944	206992	198588	312744	109836	246756	363732	231732	128804	55128	237760	432532	238116	162584	124480	93052	196588	155180	120276	112460	154672	150836	198360	262596	121320	105384	230784	566072	334092	362332	85588	26816	125564	223272	49524	7472	146192	79832	82456	32148	257496	215012	29200	14740	196620	162784	447996	559100	209856	250108	61456	56224	294648	248024	470632	559524	151376	105972	286280	314296	132812	224608	38580	8156	32968	86508	303736	373664	209928	160008	140860	69500	
data	data	Precentral_L	Precentral_R	Frontal_Sup_L	Frontal_Sup_R	Frontal_Sup_Orb_L	Frontal_Sup_Orb_R	Frontal_Mid_L	Frontal_Mid_R	Frontal_Mid_Orb_L	Frontal_Mid_Orb_R	Frontal_Inf_Oper_L	Frontal_Inf_Oper_R	Frontal_Inf_Tri_L	Frontal_Inf_Tri_R	Frontal_Inf_Orb_L	Frontal_Inf_Orb_R	Rolandic_Oper_L	Rolandic_Oper_R	Supp_Motor_Area_L	Supp_Motor_Area_R	Olfactory_L	Olfactory_R	Frontal_Sup_Medial_L	Frontal_Sup_Medial_R	Frontal_Med_Orb_L	Frontal_Med_Orb_R	Rectus_L	Rectus_R	Insula_L	Insula_R	Cingulum_Ant_L	Cingulum_Ant_R	Cingulum_Mid_L	Cingulum_Mid_R	Cingulum_Post_L	Cingulum_Post_R	Hippocampus_L	Hippocampus_R	ParaHippocampal_L	ParaHippocampal_R	Amygdala_L	Amygdala_R	Calcarine_L	Calcarine_R	Cuneus_L	Cuneus_R	Lingual_L	Lingual_R	Occipital_Sup_L	Occipital_Sup_R	Occipital_Mid_L	Occipital_Mid_R	Occipital_Inf_L	Occipital_Inf_R	Fusiform_L	Fusiform_R	Postcentral_L	Postcentral_R	Parietal_Sup_L	Parietal_Sup_R	Parietal_Inf_L	Parietal_Inf_R	SupraMarginal_L	SupraMarginal_R	Angular_L	Angular_R	Precuneus_L	Precuneus_R	Paracentral_Lobule_L	Paracentral_Lobule_R	Caudate_L	Caudate_R	Putamen_L	Putamen_R	Pallidum_L	Pallidum_R	Thalamus_L	Thalamus_R	Heschl_L	Heschl_R	Temporal_Sup_L	Temporal_Sup_R	Temporal_Pole_Sup_L	Temporal_Pole_Sup_R	Temporal_Mid_L	Temporal_Mid_R	Temporal_Pole_Mid_L	Temporal_Pole_Mid_R	Temporal_Inf_L	Temporal_Inf_R	Cerebelum_Crus1_L	Cerebelum_Crus1_R	Cerebelum_Crus2_L	Cerebelum_Crus2_R	Cerebelum_3_L	Cerebelum_3_R	Cerebelum_4_5_L	Cerebelum_4_5_R	Cerebelum_6_L	Cerebelum_6_R	Cerebelum_7b_L	Cerebelum_7b_R	Cerebelum_8_L	Cerebelum_8_R	Cerebelum_9_L	Cerebelum_9_R	Cerebelum_10_L	Cerebelum_10_R	Vermis_1_2	Vermis_3	Vermis_4_5	Vermis_6	Vermis_7	Vermis_8	Vermis_9	Vermis_10	
330144	Precentral_L	0	828	21360	4578	1492	0	14120	360	0	0	7244	340	800	0	0	0	7712	92	3394	4772	0	0	596	96	0	0	0	0	11246	732	1408	130	1942	2476	774	0	5198	226	324	218	0	0	162	0	0	0	0	0	0	0	1136	0	890	0	1724	182	23594	292	480	0	2564	0	1220	88	178	0	354	238	15096	0	612	2682	5180	1318	1774	0	4920	1446	2418	0	1410	0	184	0	1938	0	0	0	534	0	0	0	0	0	0	0	0	0	0	0	0	0	0	0	0	0	0	0	0	0	0	0	0	0	0	0	
133248	Precentral_R	828	0	2618	7690	172	0	304	13016	0	100	166	5640	126	1808	0	140	0	4428	620	1676	0	0	0	0	0	0	0	0	270	2884	116	682	206	92	0	0	252	1342	0	444	0	0	0	0	0	0	0	0	0	0	0	0	0	0	0	438	750	10138	0	0	168	96	102	730	0	0	0	150	134	1160	700	1240	806	3112	334	0	104	732	0	0	0	110	0	0	0	0	0	0	0	0	0	0	0	0	0	0	0	0	0	0	0	0	0	0	0	0	0	0	0	0	0	0	0	0	0	0	
1.01064e+06	Frontal_Sup_L	21360	2618	0	14640	24986	0	82042	1746	5252	0	13660	178	15056	144	9454	180	11816	0	49360	16420	662	0	38996	4142	816	0	2048	0	43768	1658	16798	7120	3430	5510	0	0	7654	380	498	364	312	0	0	0	0	0	0	0	0	0	0	0	0	0	0	222	6410	242	0	0	374	0	1180	94	0	0	0	0	1312	0	9312	10164	34242	4090	13168	552	13832	1070	1458	0	1454	0	2862	0	102	0	0	0	114	0	0	0	0	0	0	0	0	0	0	0	0	0	0	0	0	0	0	0	0	0	0	0	0	0	0	0	
836112	Frontal_Sup_R	4578	7690	14640	0	640	5956	2368	31898	0	2284	0	2796	0	7242	0	3470	0	1884	11448	69394	112	96	12126	34854	104	4490	0	2196	1304	10778	4892	35390	3722	24402	0	0	722	5578	0	2620	0	0	0	0	0	0	0	146	0	0	0	0	0	0	0	2294	492	1034	0	104	0	210	0	182	0	0	0	0	3294	114	5106	39726	2468	19822	598	1762	1698	29118	0	0	0	0	0	0	0	112	0	0	0	102	0	0	0	0	0	0	0	0	0	0	0	0	0	0	0	0	0	0	0	0	0	0	0	0	0	0	
207892	Frontal_Sup_Orb_L	1492	172	24986	640	0	0	8314	102	8856	0	328	0	1964	0	8610	0	0	0	844	362	1072	0	7604	576	2936	224	8048	226	11504	0	6282	788	0	0	0	0	238	0	268	0	252	0	0	0	0	0	0	0	0	0	0	0	0	0	0	0	0	0	0	0	0	0	0	0	0	0	0	0	0	0	1234	286	4718	0	0	0	104	0	0	0	0	0	916	0	0	0	0	0	0	0	0	0	0	0	0	0	0	0	0	0	0	0	0	0	0	0	0	0	0	0	0	0	0	0	0	0	
87708	Frontal_Sup_Orb_R	0	0	0	5956	0	0	0	394	0	2360	0	0	0	0	0	2716	0	0	0	0	112	384	284	5524	96	7302	0	6536	0	226	434	4014	0	0	0	0	0	0	0	0	0	0	0	0	0	0	0	0	0	0	0	0	0	0	0	0	0	0	0	0	0	0	0	0	0	0	0	0	0	0	214	3852	154	2614	0	0	0	682	0	0	0	0	0	0	0	0	0	0	0	0	0	0	0	0	0	0	0	0	0	0	0	0	0	0	0	0	0	0	0	0	0	0	0	0	0	0	
518896	Frontal_Mid_L	14120	304	82042	2368	8314	0	0	252	2272	0	13594	206	34930	84	6040	0	6598	0	10596	2168	304	0	15912	1220	0	0	244	0	28920	576	8300	1154	292	614	0	0	1676	0	132	0	164	0	0	0	0	0	0	0	0	0	0	0	0	0	0	0	1142	0	0	0	0	0	0	0	0	0	0	0	0	0	1568	1928	7142	1036	352	0	636	0	982	0	592	0	674	0	0	0	0	0	0	0	0	0	0	0	0	0	0	0	0	0	0	0	0	0	0	0	0	0	0	0	0	0	0	0	0	0	
264168	Frontal_Mid_R	360	13016	1746	31898	102	394	252	0	0	2844	0	10846	0	10444	0	3562	0	4242	432	1324	0	0	2988	4554	0	0	0	0	142	5986	1174	12922	1042	7670	0	0	102	1078	0	412	0	0	0	0	0	0	0	0	0	0	0	0	0	0	0	408	292	1180	0	0	0	0	0	0	0	0	0	0	92	0	428	5946	748	2630	150	438	0	240	0	0	0	0	0	0	0	0	0	0	0	0	0	0	0	0	0	0	0	0	0	0	0	0	0	0	0	0	0	0	0	0	0	0	0	0	0	0	
62112	Frontal_Mid_Orb_L	0	0	5252	0	8856	0	2272	0	0	0	0	0	2242	0	9138	0	0	0	0	0	0	0	1122	136	242	0	210	0	242	0	576	122	0	0	0	0	0	0	0	0	0	0	0	0	0	0	0	0	0	0	0	0	0	0	0	0	0	0	0	0	0	0	0	0	0	0	0	0	0	0	0	0	274	0	0	0	0	0	0	0	0	0	372	0	0	0	0	0	0	0	0	0	0	0	0	0	0	0	0	0	0	0	0	0	0	0	0	0	0	0	0	0	0	0	0	0	
60888	Frontal_Mid_Orb_R	0	100	0	2284	0	2360	0	2844	0	0	0	476	0	706	0	11874	0	0	0	324	0	0	0	142	0	0	0	122	0	744	0	160	0	134	0	0	0	0	0	0	0	0	0	0	0	0	0	0	0	0	0	0	0	0	0	0	0	0	0	0	0	0	0	0	0	0	0	0	0	0	226	5264	226	972	0	0	0	1486	0	0	0	0	0	0	0	0	0	0	0	0	0	0	0	0	0	0	0	0	0	0	0	0	0	0	0	0	0	0	0	0	0	0	0	0	0	0	
185976	Frontal_Inf_Oper_L	7244	166	13660	0	328	0	13594	0	0	0	0	0	17310	0	94	0	7200	0	2798	0	0	0	3400	0	0	0	0	0	15396	0	3918	344	432	0	0	0	368	0	0	0	0	0	0	0	0	0	0	0	0	0	0	0	0	0	0	0	1620	0	0	0	0	0	0	0	0	0	0	0	0	0	144	0	662	0	0	0	98	0	564	0	714	0	2934	0	0	0	0	0	0	0	0	0	0	0	0	0	0	0	0	0	0	0	0	0	0	0	0	0	0	0	0	0	0	0	0	0	
130740	Frontal_Inf_Oper_R	340	5640	178	2796	0	0	206	10846	0	476	0	0	0	7894	0	674	0	3886	0	1484	0	0	150	0	0	0	0	0	0	14648	318	1698	0	228	0	0	0	0	0	0	0	0	0	0	0	0	0	0	0	0	0	0	0	0	0	0	0	2610	0	0	0	0	0	0	0	0	0	0	0	0	174	5564	0	5322	0	238	0	0	0	0	0	0	0	0	0	0	0	0	0	0	0	0	0	0	0	0	0	0	0	0	0	0	0	0	0	0	0	0	0	0	0	0	0	0	0	0	
266268	Frontal_Inf_Tri_L	800	126	15056	0	1964	0	34930	0	2242	0	17310	0	0	0	13240	0	228	0	3970	0	0	0	4682	0	0	0	0	0	26238	0	5904	612	794	180	0	0	166	0	0	0	0	0	0	0	0	0	0	0	0	0	0	0	0	0	0	0	106	0	0	0	0	0	0	0	0	0	0	0	0	0	282	0	2676	0	0	0	0	0	96	0	0	0	1532	0	0	0	0	0	0	0	0	0	0	0	0	0	0	0	0	0	0	0	0	0	0	0	0	0	0	0	0	0	0	0	0	0	
128128	Frontal_Inf_Tri_R	0	1808	144	7242	0	0	84	10444	0	706	0	7894	0	0	0	3264	0	0	0	978	0	0	1122	1338	0	0	0	0	0	19076	362	2394	106	2860	0	0	0	0	0	0	0	0	0	0	0	0	0	0	0	0	0	0	0	0	0	0	0	694	0	0	0	0	0	0	0	0	0	0	0	0	0	2572	0	976	0	0	0	0	0	0	0	0	0	0	0	0	0	0	0	0	0	0	0	0	0	0	0	0	0	0	0	0	0	0	0	0	0	0	0	0	0	0	0	0	0	0	
137852	Frontal_Inf_Orb_L	0	0	9454	0	8610	0	6040	0	9138	0	94	0	13240	0	0	0	0	0	108	0	890	0	0	0	0	0	412	0	12082	0	0	0	0	0	0	0	176	0	106	0	0	0	0	0	0	0	0	0	0	0	0	0	0	0	0	0	0	0	0	0	0	0	0	0	0	0	0	0	0	0	648	0	3414	0	0	0	0	0	0	0	92	0	4422	0	0	0	0	0	0	0	0	0	0	0	0	0	0	0	0	0	0	0	0	0	0	0	0	0	0	0	0	0	0	0	0	0	
109364	Frontal_Inf_Orb_R	0	140	180	3470	0	2716	0	3562	0	11874	0	674	0	3264	0	0	0	0	0	454	0	352	92	222	0	0	0	396	0	6318	0	272	0	430	0	0	0	470	0	408	0	164	0	0	0	0	0	0	0	0	0	0	0	0	0	406	0	0	0	0	0	0	0	0	0	0	0	0	0	0	512	10634	422	3342	0	0	0	3908	0	0	0	0	0	0	0	0	0	0	0	0	0	0	0	0	0	0	0	0	0	0	0	0	0	0	0	0	0	0	0	0	0	0	0	0	0	0	
165456	Rolandic_Oper_L	7712	0	11816	0	0	0	6598	0	0	0	7200	0	228	0	0	0	0	0	692	386	0	0	176	0	0	0	0	0	17666	0	478	0	228	0	0	0	1082	0	0	0	0	0	0	0	0	0	0	0	0	0	990	0	0	0	170	0	6352	0	1738	0	1534	0	1352	0	1104	0	264	0	384	0	230	256	656	138	198	0	730	0	4278	0	5254	0	984	0	1528	0	0	0	326	0	0	0	0	0	0	0	0	0	0	0	0	0	0	0	0	0	0	0	0	0	0	0	0	0	0	0	
67872	Rolandic_Oper_R	92	4428	0	1884	0	0	0	4242	0	0	0	3886	0	0	0	0	0	0	0	1216	0	0	0	0	0	0	0	0	0	6318	0	0	0	0	0	0	0	672	0	0	0	0	0	0	0	0	0	0	0	0	0	0	0	0	0	0	0	4496	0	0	0	0	0	2560	0	0	0	0	0	0	0	860	0	2410	0	0	0	0	0	632	0	240	0	0	0	0	0	0	0	0	0	0	0	0	0	0	0	0	0	0	0	0	0	0	0	0	0	0	0	0	0	0	0	0	0	0	
350952	Supp_Motor_Area_L	3394	620	49360	11448	844	0	10596	432	0	0	2798	0	3970	0	108	0	692	0	0	23946	0	0	7262	876	0	0	0	0	6370	770	3810	5582	9212	11320	0	0	256	214	0	196	0	0	0	0	0	0	0	0	0	0	0	0	0	0	0	120	1904	154	0	0	130	0	0	0	0	0	0	0	4632	288	1468	3664	3742	1828	2522	344	132	146	0	0	86	0	240	0	0	0	0	0	0	0	0	0	0	0	0	0	0	0	0	0	0	0	0	0	0	0	0	0	0	0	0	0	0	0	0	0	
628448	Supp_Motor_Area_R	4772	1676	16420	69394	362	0	2168	1324	0	324	0	1484	0	978	0	454	386	1216	23946	0	0	0	4096	7798	0	0	0	0	1142	4858	3538	10776	6510	37414	480	1620	210	5266	0	2404	0	0	0	820	0	610	0	258	0	680	0	560	0	0	0	2050	662	3308	0	222	0	494	0	682	0	120	0	6272	3072	15566	4192	24326	1548	9974	632	1290	3230	20670	0	0	0	596	0	0	0	838	0	0	0	536	0	0	0	0	0	0	0	0	0	0	0	0	0	0	0	0	0	0	0	0	0	0	0	0	0	0	
66108	Olfactory_L	0	0	662	112	1072	112	304	0	0	0	0	0	0	0	890	0	0	0	0	0	0	5610	0	0	198	102	636	1566	3068	0	2158	1908	0	0	0	0	296	0	1008	0	856	0	0	0	0	0	0	0	0	0	0	0	0	0	0	0	0	0	0	0	0	0	0	0	0	0	0	0	0	0	6824	2438	2146	0	0	0	0	0	0	0	132	0	956	0	0	0	0	0	0	0	0	0	0	0	0	0	0	0	0	0	0	0	0	0	0	0	0	0	0	0	0	0	0	0	0	0	
63240	Olfactory_R	0	0	0	96	0	384	0	0	0	0	0	0	0	0	0	352	0	0	0	0	5610	0	0	0	0	506	530	3350	0	1832	1978	2308	0	0	0	0	0	160	0	0	0	578	0	0	0	0	0	0	0	0	0	0	0	0	0	0	0	0	0	0	0	0	0	0	0	0	0	0	0	0	6464	4406	1766	622	0	0	0	678	0	0	0	0	0	0	0	0	0	0	0	0	0	0	0	0	0	0	0	0	0	0	0	0	0	0	0	0	0	0	0	0	0	0	0	0	0	0	
406552	Frontal_Sup_Medial_L	596	0	38996	12126	7604	284	15912	2988	1122	0	3400	150	4682	1122	0	92	176	0	7262	4096	0	0	0	20052	2738	1074	2838	298	958	1144	25932	20736	7810	15452	0	0	0	0	0	0	0	0	0	0	0	0	0	0	0	0	0	0	0	0	0	0	0	0	0	0	0	0	0	0	0	0	0	0	0	0	386	1548	796	746	0	0	0	0	0	0	0	0	160	0	0	0	0	0	0	0	0	0	0	0	0	0	0	0	0	0	0	0	0	0	0	0	0	0	0	0	0	0	0	0	0	0	
343016	Frontal_Sup_Medial_R	96	0	4142	34854	576	5524	1220	4554	136	142	0	0	0	1338	0	222	0	0	876	7798	0	0	20052	0	546	7258	280	2486	0	1470	6120	32624	1326	17628	0	0	0	0	0	0	0	0	0	0	0	0	0	0	0	0	0	0	0	0	0	0	0	0	0	0	0	0	0	0	0	0	0	0	0	0	396	10792	376	7850	0	284	0	542	0	0	0	0	0	0	0	0	0	0	0	0	0	0	0	0	0	0	0	0	0	0	0	0	0	0	0	0	0	0	0	0	0	0	0	0	0	0	
34576	Frontal_Med_Orb_L	0	0	816	104	2936	96	0	0	242	0	0	0	0	0	0	0	0	0	0	0	198	0	2738	546	0	1340	2708	478	0	0	3984	382	0	0	0	0	0	0	0	0	0	0	0	0	0	0	0	0	0	0	0	0	0	0	0	0	0	0	0	0	0	0	0	0	0	0	0	0	0	0	338	0	382	0	0	0	0	0	0	0	0	0	0	0	0	0	0	0	0	0	0	0	0	0	0	0	0	0	0	0	0	0	0	0	0	0	0	0	0	0	0	0	0	0	0	0	
99140	Frontal_Med_Orb_R	0	0	0	4490	224	7302	0	0	0	0	0	0	0	0	0	0	0	0	0	0	102	506	1074	7258	1340	0	430	9692	0	0	1618	7784	0	0	0	0	0	0	0	0	0	0	0	0	0	0	0	0	0	0	0	0	0	0	0	0	0	0	0	0	0	0	0	0	0	0	0	0	0	0	112	4982	0	2656	0	0	0	0	0	0	0	0	0	0	0	0	0	0	0	0	0	0	0	0	0	0	0	0	0	0	0	0	0	0	0	0	0	0	0	0	0	0	0	0	0	0	
54592	Rectus_L	0	0	2048	0	8048	0	244	0	210	0	0	0	0	0	412	0	0	0	0	0	636	530	2838	280	2708	430	0	690	188	0	5182	846	0	0	0	0	0	0	0	0	0	0	0	0	0	0	0	0	0	0	0	0	0	0	0	0	0	0	0	0	0	0	0	0	0	0	0	0	0	0	1490	0	516	0	0	0	0	0	0	0	0	0	0	0	0	0	0	0	0	0	0	0	0	0	0	0	0	0	0	0	0	0	0	0	0	0	0	0	0	0	0	0	0	0	0	0	
87564	Rectus_R	0	0	0	2196	226	6536	0	0	0	122	0	0	0	0	0	396	0	0	0	0	1566	3350	298	2486	478	9692	690	0	0	852	1278	4980	0	0	0	0	0	0	0	0	0	0	0	0	0	0	0	0	0	0	0	0	0	0	0	0	0	0	0	0	0	0	0	0	0	0	0	0	0	0	1572	3914	402	2028	0	0	0	720	0	0	0	0	0	0	0	0	0	0	0	0	0	0	0	0	0	0	0	0	0	0	0	0	0	0	0	0	0	0	0	0	0	0	0	0	0	0	
496932	Insula_L	11246	270	43768	1304	11504	0	28920	142	242	0	15396	0	26238	0	12082	0	17666	0	6370	1142	3068	0	958	0	0	0	188	0	0	0	4318	180	0	282	0	0	8746	0	1204	0	1462	0	0	0	0	0	0	0	0	0	0	0	106	0	1556	0	2402	0	0	0	0	0	608	0	0	0	0	0	644	0	1926	764	16976	112	666	0	2846	230	5472	0	5438	0	9736	0	668	0	0	0	1620	0	0	0	0	0	0	0	0	0	0	0	0	0	0	0	0	0	0	0	0	0	0	0	0	0	0	0	
274788	Insula_R	732	2884	1658	10778	0	226	576	5986	0	744	0	14648	0	19076	0	6318	0	6318	770	4858	0	1832	1144	1470	0	0	0	852	0	0	366	2108	130	3242	0	0	0	2480	0	1200	0	556	0	0	0	0	0	0	0	0	0	0	0	0	0	1226	0	1854	0	0	0	0	0	414	0	0	0	0	0	0	1098	12792	784	22852	0	262	0	1846	0	176	0	920	0	1924	0	110	0	0	0	184	0	0	0	0	0	0	0	0	0	0	0	0	0	0	0	0	0	0	0	0	0	0	0	0	0	0	
329848	Cingulum_Ant_L	1408	116	16798	4892	6282	434	8300	1174	576	0	3918	318	5904	362	0	0	478	0	3810	3538	2158	1978	25932	6120	3984	1618	5182	1278	4318	366	0	21230	3288	4510	0	0	0	0	0	0	0	0	0	0	0	0	0	0	0	0	0	0	0	0	0	0	0	0	0	0	0	0	0	0	0	0	0	0	0	0	12032	3252	7688	1188	0	0	196	0	0	0	0	0	298	0	0	0	0	0	0	0	0	0	0	0	0	0	0	0	0	0	0	0	0	0	0	0	0	0	0	0	0	0	0	0	0	0	
492488	Cingulum_Ant_R	130	682	7120	35390	788	4014	1154	12922	122	160	344	1698	612	2394	0	272	0	0	5582	10776	1908	2308	20736	32624	382	7784	846	4980	180	2108	21230	0	6092	24788	0	0	0	0	0	0	0	0	0	0	0	0	0	0	0	0	0	0	0	0	0	0	0	0	0	0	0	0	0	0	0	0	0	0	0	0	4012	19278	1232	10582	0	394	0	620	0	0	0	0	0	0	0	0	0	0	0	0	0	0	0	0	0	0	0	0	0	0	0	0	0	0	0	0	0	0	0	0	0	0	0	0	0	0	
187080	Cingulum_Mid_L	1942	206	3430	3722	0	0	292	1042	0	0	432	0	794	106	0	0	228	0	9212	6510	0	0	7810	1326	0	0	0	0	0	130	3288	6092	0	14902	2854	982	160	332	0	0	0	0	530	0	498	0	84	0	564	0	5250	0	174	0	112	0	464	104	682	0	176	0	472	0	712	0	6858	174	5936	124	104	164	0	0	0	0	102	104	0	0	1636	0	0	0	1584	0	0	0	1140	0	0	0	0	0	0	0	0	0	0	0	0	0	0	0	0	0	0	0	0	0	0	0	0	0	0	0	
472504	Cingulum_Mid_R	2476	92	5510	24402	0	0	614	7670	0	134	0	228	180	2860	0	430	0	0	11320	37414	0	0	15452	17628	0	0	0	0	282	3242	4510	24788	14902	0	792	3230	0	1094	0	0	0	0	0	1384	0	1422	0	190	0	2522	0	2102	0	0	0	92	260	2052	0	1000	0	2078	0	936	0	2274	146	16782	2522	11216	1470	1350	160	318	106	0	1866	514	0	0	0	1144	0	0	0	1874	0	0	0	1222	0	0	0	0	0	0	0	0	0	0	0	0	0	0	0	0	0	0	0	0	0	0	0	0	0	0	
102508	Cingulum_Post_L	774	0	0	0	0	0	0	0	0	0	0	0	0	0	0	0	0	0	0	480	0	0	0	0	0	0	0	0	0	0	0	0	2854	792	0	6654	8284	1918	5400	704	0	0	5428	0	1396	0	1442	396	322	0	1184	0	482	0	564	0	0	0	0	0	0	0	0	0	0	0	6456	1232	1210	310	0	0	0	0	0	0	0	1504	0	0	0	0	0	0	1198	0	0	0	84	0	0	0	0	0	0	0	0	0	0	0	0	0	0	0	0	0	0	0	0	0	186	0	0	0	0	0	
62660	Cingulum_Post_R	0	0	0	0	0	0	0	0	0	0	0	0	0	0	0	0	0	0	0	1620	0	0	0	0	0	0	0	0	0	0	0	0	982	3230	6654	0	2082	3832	1412	662	0	0	0	714	0	146	0	1372	0	0	0	0	0	0	0	0	0	234	0	0	0	0	0	0	0	0	458	5536	0	1036	84	0	0	0	0	0	126	452	0	0	0	0	0	0	0	320	0	0	0	292	0	0	0	0	0	0	0	0	0	0	0	0	0	0	0	0	0	0	0	0	86	0	0	0	0	0	
236532	Hippocampus_L	5198	252	7654	722	238	0	1676	102	0	0	368	0	166	0	176	0	1082	0	256	210	296	0	0	0	0	0	0	0	8746	0	0	0	160	0	8284	2082	0	1030	11300	732	4654	0	4016	0	658	0	2496	436	0	0	630	0	434	0	6412	0	1400	0	0	0	0	0	0	0	0	0	4996	1044	170	0	1118	538	10550	0	2074	0	8720	2830	2232	0	1468	0	488	0	2866	0	320	0	6718	0	0	0	0	0	0	0	92	0	0	0	0	0	0	0	0	0	0	0	0	0	176	0	0	0	0	0	
231560	Hippocampus_R	226	1342	380	5578	0	0	0	1078	0	0	0	0	0	0	0	470	0	672	214	5266	0	160	0	0	0	0	0	0	0	2480	0	0	332	1094	1918	3832	1030	0	844	21822	0	9180	0	304	0	0	0	640	0	0	0	0	0	0	0	25916	138	898	0	730	0	508	0	0	0	0	354	1698	0	460	122	1276	0	10268	0	1096	0	2214	0	506	0	734	0	856	0	1418	0	788	0	6766	0	0	0	0	0	0	0	172	0	0	0	0	0	0	0	0	0	0	0	0	0	0	0	0	0	0	
95908	ParaHippocampal_L	324	0	498	0	268	0	132	0	0	0	0	0	0	0	106	0	0	0	0	0	1008	0	0	0	0	0	0	0	1204	0	0	0	0	0	5400	1412	11300	844	0	734	1452	0	2270	0	306	0	4220	520	0	0	660	0	614	0	3982	0	0	0	0	0	0	0	0	0	0	0	3750	816	106	0	100	0	1146	0	116	0	632	1656	148	0	0	0	576	0	156	0	0	0	590	0	0	0	0	0	264	0	254	0	0	0	0	0	0	0	0	0	0	0	0	266	124	0	0	0	0	0	
187364	ParaHippocampal_R	218	444	364	2620	0	0	0	412	0	0	0	0	0	0	0	408	0	0	196	2404	0	0	0	0	0	0	0	0	0	1200	0	0	0	0	704	662	732	21822	734	0	0	5304	0	1718	0	0	0	6208	0	0	0	0	0	434	0	22682	138	0	0	0	0	0	0	0	0	0	254	2474	0	0	0	1234	0	6756	0	1074	0	614	0	0	0	128	0	1430	0	228	0	640	0	4036	0	990	0	86	0	0	0	2270	0	1546	0	0	0	0	0	0	0	0	0	0	518	0	0	0	0	0	
31916	Amygdala_L	0	0	312	0	252	0	164	0	0	0	0	0	0	0	0	0	0	0	0	0	856	0	0	0	0	0	0	0	1462	0	0	0	0	0	0	0	4654	0	1452	0	0	0	0	0	0	0	0	0	0	0	0	0	0	0	2562	0	0	0	0	0	0	0	0	0	0	0	0	0	0	0	0	0	672	0	0	0	0	0	0	0	130	0	584	0	888	0	446	0	1524	0	0	0	0	0	0	0	0	0	0	0	0	0	0	0	0	0	0	0	0	0	0	0	0	0	0	0	
47292	Amygdala_R	0	0	0	0	0	0	0	0	0	0	0	0	0	0	0	164	0	0	0	0	0	578	0	0	0	0	0	0	0	556	0	0	0	0	0	0	0	9180	0	5304	0	0	0	0	0	0	0	0	0	0	0	0	0	0	0	3552	0	0	0	0	0	0	0	0	0	0	0	0	0	0	0	0	0	890	0	0	0	0	0	0	0	0	0	1368	0	0	0	878	0	1176	0	0	0	0	0	0	0	0	0	0	0	0	0	0	0	0	0	0	0	0	0	0	0	0	0	0	
224792	Calcarine_L	162	0	0	0	0	0	0	0	0	0	0	0	0	0	0	0	0	0	0	0	0	0	0	0	0	0	0	0	0	0	0	0	530	0	5428	0	4016	0	2270	0	0	0	0	12248	9582	6082	8406	8128	7660	4194	17984	1404	3170	0	414	0	96	0	280	0	220	0	0	0	322	0	14628	630	204	0	0	0	0	0	0	0	0	0	0	0	104	0	0	0	3152	0	0	0	948	0	0	0	0	0	0	0	0	0	0	0	0	0	0	0	0	0	0	0	0	0	134	0	0	0	0	0	
311568	Calcarine_R	0	0	0	0	0	0	0	0	0	0	0	0	0	0	0	0	0	0	0	820	0	0	0	0	0	0	0	0	0	0	0	0	0	1384	0	714	0	304	0	1718	0	0	12248	0	1406	24760	2558	32358	186	28670	0	18144	0	3876	0	6376	0	226	0	0	0	294	0	88	0	292	0	12834	0	856	0	0	0	0	0	0	0	0	0	0	0	0	0	0	0	3584	0	0	0	2088	0	0	0	0	0	0	0	0	0	0	0	0	0	0	0	0	0	0	0	0	0	0	0	0	0	0	
90944	Cuneus_L	0	0	0	0	0	0	0	0	0	0	0	0	0	0	0	0	0	0	0	0	0	0	0	0	0	0	0	0	0	0	0	0	498	0	1396	0	658	0	306	0	0	0	9582	1406	0	3190	1420	120	11250	204	5006	0	1124	0	90	0	0	0	926	0	0	0	0	0	0	0	6916	216	0	0	0	0	0	0	0	0	0	0	0	0	0	0	0	0	702	0	0	0	462	0	0	0	0	0	0	0	0	0	0	0	0	0	0	0	0	0	0	0	0	0	0	0	0	0	0	0	
206992	Cuneus_R	0	0	0	0	0	0	0	0	0	0	0	0	0	0	0	0	0	0	0	610	0	0	0	0	0	0	0	0	0	0	0	0	0	1422	0	146	0	0	0	0	0	0	6082	24760	3190	0	632	7338	132	26050	0	13730	0	262	0	366	0	266	0	1656	0	0	0	0	0	0	1484	14020	0	602	0	0	0	0	0	0	0	0	0	0	0	0	0	0	0	482	0	0	0	266	0	0	0	0	0	0	0	0	0	0	0	0	0	0	0	0	0	0	0	0	0	0	0	0	0	0	
198588	Lingual_L	0	0	0	0	0	0	0	0	0	0	0	0	0	0	0	0	0	0	0	0	0	0	0	0	0	0	0	0	0	0	0	0	84	0	1442	0	2496	0	4220	0	0	0	8406	2558	1420	632	0	2692	766	464	17266	150	11082	104	11666	138	0	0	0	0	0	0	0	0	0	0	4746	0	0	0	0	0	0	0	0	0	96	0	0	0	0	0	0	0	1096	0	0	0	388	118	5368	194	0	0	1070	0	8372	0	9174	200	0	0	0	0	0	0	0	0	0	0	2324	562	0	0	0	0	
312744	Lingual_R	0	0	0	146	0	0	0	0	0	0	0	0	0	0	0	0	0	0	0	258	0	0	0	0	0	0	0	0	0	0	0	0	0	190	396	1372	436	640	520	6208	0	0	8128	32358	120	7338	2692	0	0	13038	0	6682	0	7020	0	20874	0	0	0	0	0	0	0	0	0	0	0	5898	0	100	0	0	0	0	0	0	0	120	0	0	0	0	0	0	0	488	0	0	0	2788	380	4748	0	0	328	0	670	6820	1286	8616	0	0	0	0	0	100	0	90	0	118	7424	7404	370	208	0	0	
109836	Occipital_Sup_L	0	0	0	0	0	0	0	0	0	0	0	0	0	0	0	0	0	0	0	0	0	0	0	0	0	0	0	0	0	0	0	0	564	0	322	0	0	0	0	0	0	0	7660	186	11250	132	766	0	0	0	21174	0	0	0	0	0	0	0	4850	0	588	0	0	0	84	0	7208	0	0	0	0	0	0	0	0	0	0	0	0	0	0	0	0	0	134	0	0	0	0	0	0	0	0	0	0	0	0	0	0	0	0	0	0	0	0	0	0	0	0	0	0	0	0	0	0	0	
246756	Occipital_Sup_R	0	0	0	0	0	0	0	0	0	0	0	0	0	0	0	0	0	0	0	680	0	0	0	0	0	0	0	0	0	0	0	0	0	2522	0	0	0	0	0	0	0	0	4194	28670	204	26050	464	13038	0	0	0	26256	0	1088	0	1548	0	1256	0	2110	0	1084	0	0	0	1390	270	10862	0	848	0	0	0	0	0	0	0	0	0	0	0	0	0	0	0	742	0	0	0	102	0	0	0	0	0	0	0	0	0	0	0	0	0	0	0	0	0	0	0	0	0	0	0	0	0	0	
363732	Occipital_Mid_L	1136	0	0	0	0	0	0	0	0	0	0	0	0	0	0	0	990	0	0	0	0	0	0	0	0	0	0	0	0	0	0	0	5250	0	1184	0	630	0	660	0	0	0	17984	0	5006	0	17266	0	21174	0	0	0	21928	0	5658	0	2986	0	10386	0	12000	0	890	0	19120	0	12786	0	1788	0	0	0	0	0	0	0	0	0	0	0	3344	0	0	0	16628	0	0	0	2660	0	0	0	0	0	0	0	192	0	220	0	0	0	0	0	0	0	0	0	0	0	0	0	0	0	0	0	
231732	Occipital_Mid_R	0	0	0	0	0	0	0	0	0	0	0	0	0	0	0	0	0	0	0	560	0	0	0	0	0	0	0	0	0	0	0	0	0	2102	0	0	0	0	0	0	0	0	1404	18144	0	13730	150	6682	0	26256	0	0	0	2816	0	1706	0	250	0	1232	0	4624	0	148	0	11162	174	8372	0	666	0	0	0	0	0	0	0	0	0	0	0	900	0	0	0	14150	0	0	0	638	0	0	0	0	0	0	0	0	0	0	0	0	0	0	0	0	0	0	0	0	0	0	0	0	0	0	
128804	Occipital_Inf_L	890	0	0	0	0	0	0	0	0	0	0	0	0	0	0	0	0	0	0	0	0	0	0	0	0	0	0	0	106	0	0	0	174	0	482	0	434	0	614	0	0	0	3170	0	1124	0	11082	0	0	0	21928	0	0	0	11346	0	84	0	0	0	524	0	0	0	736	0	1550	0	524	0	0	0	0	0	0	0	0	0	160	0	0	0	0	0	3186	0	0	0	4082	0	396	0	0	0	0	0	638	0	884	0	0	0	0	0	0	0	0	0	0	0	288	0	0	0	0	0	
55128	Occipital_Inf_R	0	0	0	0	0	0	0	0	0	0	0	0	0	0	0	0	0	0	0	0	0	0	0	0	0	0	0	0	0	0	0	0	0	0	0	0	0	0	0	434	0	0	0	3876	0	262	104	7020	0	1088	0	2816	0	0	0	6060	0	0	0	0	0	0	0	0	0	0	0	0	0	0	0	0	0	0	0	0	0	0	0	0	0	0	0	0	0	440	0	0	0	2726	0	0	0	0	0	0	0	544	0	1218	0	0	0	0	0	0	0	0	0	0	454	522	0	0	0	0	
237760	Fusiform_L	1724	0	0	0	0	0	0	0	0	0	0	0	0	0	0	0	170	0	0	0	0	0	0	0	0	0	0	0	1556	0	0	0	112	0	564	0	6412	0	3982	0	2562	0	414	0	90	0	11666	0	0	0	5658	0	11346	0	0	0	178	0	0	0	0	0	90	0	216	0	584	0	824	0	0	0	764	0	0	0	88	0	1358	0	1060	0	936	0	4078	0	1468	0	11972	0	16012	118	0	0	140	0	9708	0	20450	118	0	0	0	0	0	0	0	0	0	0	2154	308	0	0	0	0	
432532	Fusiform_R	182	438	222	2294	0	0	0	408	0	0	0	0	0	0	0	406	0	0	120	2050	0	0	0	0	0	0	0	0	0	1226	0	0	0	92	0	0	0	25916	0	22682	0	3552	0	6376	0	366	138	20874	0	1548	0	1706	0	6060	0	0	114	0	0	0	0	0	0	0	0	0	0	686	0	0	0	976	0	6132	0	1034	0	648	0	90	0	614	0	2272	0	4534	0	1060	0	15612	110	17574	0	94	326	858	454	19868	772	26844	0	0	0	314	0	0	0	0	132	668	11638	6186	0	0	0	0	
238116	Postcentral_L	23594	750	6410	492	0	0	1142	292	0	0	1620	0	106	0	0	0	6352	0	1904	662	0	0	0	0	0	0	0	0	2402	0	0	0	464	260	0	0	1400	138	0	138	0	0	96	0	0	0	0	0	0	0	2986	0	84	0	178	114	0	174	8442	0	21016	0	13080	114	3150	0	2024	0	5750	0	124	1664	1898	310	194	0	1026	120	1390	0	4332	0	0	0	2176	0	0	0	490	0	0	0	0	0	0	0	0	0	0	0	0	0	0	0	0	0	0	0	0	0	0	0	0	0	0	0	
162584	Postcentral_R	292	10138	242	1034	0	0	0	1180	0	0	0	2610	0	694	0	0	0	4496	154	3308	0	0	0	0	0	0	0	0	0	1854	0	0	104	2052	0	234	0	898	0	0	0	0	0	226	0	266	0	0	0	1256	0	250	0	0	0	0	174	0	0	9674	0	10022	0	12546	0	1336	0	4502	128	4732	114	342	100	1224	0	0	0	308	0	288	0	2438	0	0	0	1512	0	0	0	564	0	0	0	0	0	0	0	0	0	0	0	0	0	0	0	0	0	0	0	0	0	0	0	0	0	0	
124480	Parietal_Sup_L	480	0	0	0	0	0	0	0	0	0	0	0	0	0	0	0	1738	0	0	0	0	0	0	0	0	0	0	0	0	0	0	0	682	0	0	0	0	0	0	0	0	0	280	0	926	0	0	0	4850	0	10386	0	0	0	0	0	8442	0	0	0	12210	0	252	0	6252	0	8908	92	1626	0	0	0	0	0	0	0	0	0	0	0	2950	0	0	0	1696	0	0	0	470	0	0	0	0	0	0	0	0	0	0	0	0	0	0	0	0	0	0	0	0	0	0	0	0	0	0	0	
93052	Parietal_Sup_R	0	0	0	104	0	0	0	0	0	0	0	0	0	0	0	0	0	0	0	222	0	0	0	0	0	0	0	0	0	0	0	0	0	1000	0	0	0	730	0	0	0	0	0	0	0	1656	0	0	0	2110	0	1232	0	0	0	0	0	9674	0	0	0	10890	0	3348	0	5984	0	5630	0	528	0	0	0	0	0	0	0	0	0	0	0	1766	0	0	0	1190	0	0	0	462	0	0	0	0	0	0	0	0	0	0	0	0	0	0	0	0	0	0	0	0	0	0	0	0	0	0	
196588	Parietal_Inf_L	2564	168	374	0	0	0	0	0	0	0	0	0	0	0	0	0	1534	0	130	0	0	0	0	0	0	0	0	0	0	0	0	0	176	0	0	0	0	0	0	0	0	0	220	0	0	0	0	0	588	0	12000	0	524	0	0	0	21016	0	12210	0	0	0	17018	0	18000	0	566	0	1516	0	0	120	98	0	0	0	0	0	0	0	2534	0	0	0	5842	0	0	0	1096	0	0	0	0	0	0	0	0	0	0	0	0	0	0	0	0	0	0	0	0	0	0	0	0	0	0	0	
155180	Parietal_Inf_R	0	96	0	210	0	0	0	0	0	0	0	0	0	0	0	0	0	0	0	494	0	0	0	0	0	0	0	0	0	0	0	0	0	2078	0	0	0	508	0	0	0	0	0	294	0	0	0	0	0	1084	0	4624	0	0	0	0	0	10022	0	10890	0	0	0	10648	0	20228	0	3346	0	964	0	0	0	0	0	0	0	0	0	0	0	2546	0	0	0	8082	0	0	0	1476	0	0	0	0	0	0	0	0	0	0	0	0	0	0	0	0	0	0	0	0	0	0	0	0	0	0	
120276	SupraMarginal_L	1220	102	1180	0	0	0	0	0	0	0	0	0	0	0	0	0	1352	0	0	0	0	0	0	0	0	0	0	0	608	0	0	0	472	0	0	0	0	0	0	0	0	0	0	0	0	0	0	0	0	0	890	0	0	0	90	0	13080	0	252	0	17018	0	0	0	6556	0	490	0	264	0	0	0	0	0	0	0	0	0	0	0	7652	0	0	0	6504	0	0	0	2408	0	0	0	0	0	0	0	0	0	0	0	0	0	0	0	0	0	0	0	0	0	0	0	0	0	0	0	
112460	SupraMarginal_R	88	730	94	182	0	0	0	0	0	0	0	0	0	0	0	0	0	2560	0	682	0	0	0	0	0	0	0	0	0	414	0	0	0	936	0	0	0	0	0	0	0	0	0	88	0	0	0	0	0	0	0	148	0	0	0	0	114	12546	0	3348	0	10648	0	0	0	8272	0	926	0	666	0	0	0	0	0	0	0	0	0	328	0	5630	0	0	0	6534	0	0	0	1296	0	0	0	0	0	0	0	0	0	0	0	0	0	0	0	0	0	0	0	0	0	0	0	0	0	0	
154672	Angular_L	178	0	0	0	0	0	0	0	0	0	0	0	0	0	0	0	1104	0	0	0	0	0	0	0	0	0	0	0	0	0	0	0	712	0	0	0	0	0	0	0	0	0	322	0	0	0	0	0	84	0	19120	0	736	0	216	0	3150	0	6252	0	18000	0	6556	0	0	0	794	0	642	0	0	0	0	0	0	0	0	0	0	0	3614	0	0	0	13684	0	0	0	2172	0	0	0	0	0	0	0	0	0	0	0	0	0	0	0	0	0	0	0	0	0	0	0	0	0	0	0	
150836	Angular_R	0	0	0	0	0	0	0	0	0	0	0	0	0	0	0	0	0	0	0	120	0	0	0	0	0	0	0	0	0	0	0	0	0	2274	0	0	0	0	0	0	0	0	0	292	0	0	0	0	0	1390	0	11162	0	0	0	0	0	1336	0	5984	0	20228	0	8272	0	0	0	3510	0	828	0	0	0	0	0	0	0	0	0	0	0	3546	0	0	0	15202	0	0	0	1274	0	0	0	0	0	0	0	0	0	0	0	0	0	0	0	0	0	0	0	0	0	0	0	0	0	0	
198360	Precuneus_L	354	0	0	0	0	0	0	0	0	0	0	0	0	0	0	0	264	0	0	0	0	0	0	0	0	0	0	0	0	0	0	0	6858	146	6456	458	4996	354	3750	254	0	0	14628	0	6916	1484	4746	0	7208	270	12786	174	1550	0	584	0	2024	0	8908	0	566	0	490	0	794	0	0	2782	2874	0	0	0	0	0	0	0	0	322	0	0	1678	0	0	0	2964	0	0	0	1542	0	0	0	0	0	0	0	0	0	0	0	0	0	0	0	0	0	0	0	0	0	0	0	0	0	0	0	
262596	Precuneus_R	238	150	0	0	0	0	0	0	0	0	0	0	0	0	0	0	0	0	0	6272	0	0	0	0	0	0	0	0	0	0	0	0	174	16782	1232	5536	1044	1698	816	2474	0	0	630	12834	216	14020	0	5898	0	10862	0	8372	0	0	0	686	0	4502	92	5630	0	3346	0	926	0	3510	2782	0	0	8948	150	0	0	0	0	0	300	150	0	108	0	968	0	0	0	5510	0	0	0	3720	0	0	0	0	0	0	0	218	0	0	0	0	0	0	0	0	0	0	0	0	504	0	0	0	0	0	
121320	Paracentral_Lobule_L	15096	134	1312	3294	0	0	0	92	0	0	0	0	0	0	0	0	384	0	4632	3072	0	0	0	0	0	0	0	0	644	0	0	0	5936	2522	1210	0	170	0	106	0	0	0	204	0	0	0	0	0	0	0	1788	0	524	0	824	0	5750	128	1626	0	1516	0	264	0	642	0	2874	0	0	370	394	438	126	0	0	0	608	1706	0	0	410	0	0	0	1312	0	0	0	552	0	0	0	0	0	0	0	0	0	0	0	0	0	0	0	0	0	0	0	0	0	0	0	0	0	0	0	
105384	Paracentral_Lobule_R	0	1160	0	114	0	0	0	0	0	0	0	0	0	0	0	0	0	0	288	15566	0	0	0	0	0	0	0	0	0	0	0	0	124	11216	310	1036	0	460	0	0	0	0	0	856	0	602	0	100	0	848	0	666	0	0	0	0	0	4732	0	528	0	964	0	666	0	828	0	8948	370	0	0	0	0	0	0	0	0	0	0	0	0	608	0	0	0	996	0	0	0	706	0	0	0	0	0	0	0	0	0	0	0	0	0	0	0	0	0	0	0	0	0	0	0	0	0	0	
230784	Caudate_L	612	700	9312	5106	1234	214	1568	428	0	226	144	174	282	0	648	512	230	0	1468	4192	6824	6464	386	396	338	112	1490	1572	1926	1098	12032	4012	104	1470	0	84	1118	122	100	0	0	0	0	0	0	0	0	0	0	0	0	0	0	0	0	0	124	114	0	0	0	0	0	0	0	0	0	150	394	0	0	15592	17384	3456	1950	310	8866	354	0	0	0	0	0	0	0	0	0	0	0	0	0	0	0	0	0	0	0	0	0	0	0	0	0	0	0	0	0	0	0	0	0	0	0	0	0	0	
566072	Caudate_R	2682	1240	10164	39726	286	3852	1928	5946	0	5264	0	5564	0	2572	0	10634	256	860	3664	24326	2438	4406	1548	10792	0	4982	0	3914	764	12792	3252	19278	164	1350	0	0	538	1276	0	1234	0	0	0	0	0	0	0	0	0	0	0	0	0	0	0	976	1664	342	0	0	120	0	0	0	0	0	0	0	438	0	15592	0	7602	34262	1264	1996	2148	28940	0	0	0	0	0	0	0	0	0	0	0	0	0	0	0	0	0	0	0	0	0	0	0	0	0	0	0	0	0	0	0	0	0	0	0	0	0	0	
334092	Putamen_L	5180	806	34242	2468	4718	154	7142	748	274	226	662	0	2676	0	3414	422	656	0	3742	1548	2146	1766	796	376	382	0	516	402	16976	784	7688	1232	0	160	0	0	10550	0	1146	0	672	0	0	0	0	0	0	0	0	0	0	0	0	0	764	0	1898	100	0	0	98	0	0	0	0	0	0	0	126	0	17384	7602	0	2828	13304	120	4200	284	266	0	282	0	2554	0	0	0	0	0	566	0	0	0	0	0	0	0	0	0	0	0	0	0	0	0	0	0	0	0	0	0	0	0	0	0	0	0	
362332	Putamen_R	1318	3112	4090	19822	0	2614	1036	2630	0	972	0	5322	0	976	0	3342	138	2410	1828	9974	0	622	746	7850	0	2656	0	2028	112	22852	1188	10582	0	318	0	0	0	10268	0	6756	0	890	0	0	0	0	0	0	0	0	0	0	0	0	0	6132	310	1224	0	0	0	0	0	0	0	0	0	0	0	0	3456	34262	2828	0	0	2214	0	2930	0	0	0	0	0	1150	0	0	0	0	0	208	0	0	0	0	0	0	0	0	0	0	0	0	0	0	0	0	0	0	0	0	0	0	0	0	0	0	
85588	Pallidum_L	1774	334	13168	598	0	0	352	150	0	0	0	0	0	0	0	0	198	0	2522	632	0	0	0	0	0	0	0	0	666	0	0	0	0	106	0	0	2074	0	116	0	0	0	0	0	0	0	0	0	0	0	0	0	0	0	0	0	194	0	0	0	0	0	0	0	0	0	0	0	0	0	1950	1264	13304	0	0	0	3012	176	204	0	0	0	0	0	0	0	0	0	0	0	0	0	0	0	0	0	0	0	0	0	0	0	0	0	0	0	0	0	0	0	0	0	0	0	0	0	
26816	Pallidum_R	0	0	552	1762	0	0	0	438	0	0	0	238	0	0	0	0	0	0	344	1290	0	0	0	284	0	0	0	0	0	262	0	394	0	0	0	0	0	1096	0	1074	0	0	0	0	0	0	0	0	0	0	0	0	0	0	0	1034	0	0	0	0	0	0	0	0	0	0	0	0	0	0	310	1996	120	2214	0	0	0	0	0	0	0	0	0	0	0	0	0	0	0	0	0	0	0	0	0	0	0	0	0	0	0	0	0	0	0	0	0	0	0	0	0	0	0	0	0	0	
125564	Thalamus_L	4920	104	13832	1698	104	0	636	0	0	0	98	0	0	0	0	0	730	0	132	3230	0	0	0	0	0	0	0	0	2846	0	196	0	102	1866	0	126	8720	0	632	0	0	0	0	0	0	0	96	0	0	0	0	0	0	0	88	0	1026	0	0	0	0	0	0	0	0	0	0	300	608	0	8866	2148	4200	0	3012	0	0	1328	698	0	142	0	0	0	0	0	0	0	208	0	0	0	0	0	0	0	0	0	0	0	0	0	0	0	0	0	0	0	0	90	0	0	0	0	0	0	
223272	Thalamus_R	1446	732	1070	29118	0	682	0	240	0	1486	0	0	0	0	0	3908	0	0	146	20670	0	678	0	542	0	0	0	720	230	1846	0	620	104	514	1504	452	2830	2214	1656	614	0	0	0	0	0	0	0	120	0	0	0	0	0	0	0	648	120	308	0	0	0	0	0	0	0	0	322	150	1706	0	354	28940	284	2930	176	0	1328	0	228	0	0	0	0	0	0	0	0	0	0	0	0	0	0	0	0	0	0	0	0	0	0	0	0	0	0	0	0	0	0	0	0	0	0	0	0	0	
49524	Heschl_L	2418	0	1458	0	0	0	982	0	0	0	564	0	96	0	0	0	4278	0	0	0	0	0	0	0	0	0	0	0	5472	0	0	0	0	0	0	0	2232	0	148	0	0	0	0	0	0	0	0	0	0	0	0	0	160	0	1358	0	1390	0	0	0	0	0	0	0	0	0	0	0	0	0	0	0	266	0	204	0	698	228	0	0	1432	0	0	0	510	0	0	0	868	0	0	0	0	0	0	0	0	0	0	0	0	0	0	0	0	0	0	0	0	0	0	0	0	0	0	0	
7472	Heschl_R	0	0	0	0	0	0	0	0	0	0	0	0	0	0	0	0	0	632	0	0	0	0	0	0	0	0	0	0	0	176	0	0	0	0	0	0	0	506	0	0	0	0	0	0	0	0	0	0	0	0	0	0	0	0	0	90	0	288	0	0	0	0	0	328	0	0	0	108	0	0	0	0	0	0	0	0	0	0	0	0	0	876	0	0	0	356	0	0	0	376	0	0	0	0	0	0	0	0	0	0	0	0	0	0	0	0	0	0	0	0	0	0	0	0	0	0	
146192	Temporal_Sup_L	1410	0	1454	0	0	0	592	0	0	0	714	0	0	0	92	0	5254	0	86	0	132	0	0	0	0	0	0	0	5438	0	0	0	1636	0	0	0	1468	0	0	0	130	0	104	0	0	0	0	0	0	0	3344	0	0	0	1060	0	4332	0	2950	0	2534	0	7652	0	3614	0	1678	0	410	0	0	0	282	0	0	0	142	0	1432	0	0	0	1342	0	15152	0	0	0	8662	0	0	0	0	0	0	0	0	0	0	0	0	0	0	0	0	0	0	0	0	0	0	0	0	0	0	0	
79832	Temporal_Sup_R	0	110	0	0	0	0	0	0	0	0	0	0	0	0	0	0	0	240	0	596	0	0	0	0	0	0	0	0	0	920	0	0	0	1144	0	0	0	734	0	128	0	0	0	0	0	0	0	0	0	0	0	900	0	0	0	614	0	2438	0	1766	0	2546	0	5630	0	3546	0	968	0	608	0	0	0	0	0	0	0	0	0	876	0	0	0	1782	0	11462	0	0	0	2908	0	0	0	0	0	0	0	0	0	0	0	0	0	0	0	0	0	0	0	0	0	0	0	0	0	0	
82456	Temporal_Pole_Sup_L	184	0	2862	0	916	0	674	0	372	0	2934	0	1532	0	4422	0	984	0	240	0	956	0	160	0	0	0	0	0	9736	0	298	0	0	0	0	0	488	0	576	0	584	0	0	0	0	0	0	0	0	0	0	0	0	0	936	0	0	0	0	0	0	0	0	0	0	0	0	0	0	0	0	0	2554	0	0	0	0	0	0	0	1342	0	0	0	2932	0	2712	0	2834	0	0	0	0	0	0	0	0	0	0	0	0	0	0	0	0	0	0	0	0	0	0	0	0	0	0	0	
32148	Temporal_Pole_Sup_R	0	0	0	0	0	0	0	0	0	0	0	0	0	0	0	0	0	0	0	0	0	0	0	0	0	0	0	0	0	1924	0	0	0	0	0	0	0	856	0	1430	0	1368	0	0	0	0	0	0	0	0	0	0	0	0	0	2272	0	0	0	0	0	0	0	0	0	0	0	0	0	0	0	0	0	1150	0	0	0	0	0	0	0	1782	0	0	0	1918	0	1874	0	1500	0	0	0	0	0	0	0	0	0	0	0	0	0	0	0	0	0	0	0	0	0	0	0	0	0	0	
257496	Temporal_Mid_L	1938	0	102	0	0	0	0	0	0	0	0	0	0	0	0	0	1528	0	0	0	0	0	0	0	0	0	0	0	668	0	0	0	1584	0	1198	0	2866	0	156	0	888	0	3152	0	702	0	1096	0	134	0	16628	0	3186	0	4078	0	2176	0	1696	0	5842	0	6504	0	13684	0	2964	0	1312	0	0	0	0	0	0	0	0	0	510	0	15152	0	2932	0	0	0	4718	0	31354	0	0	0	0	0	0	0	0	0	0	0	0	0	0	0	0	0	0	0	0	0	0	0	0	0	0	0	
215012	Temporal_Mid_R	0	0	0	112	0	0	0	0	0	0	0	0	0	0	0	0	0	0	0	838	0	0	0	0	0	0	0	0	0	110	0	0	0	1874	0	320	0	1418	0	228	0	0	0	3584	0	482	0	488	0	742	0	14150	0	440	0	4534	0	1512	0	1190	0	8082	0	6534	0	15202	0	5510	0	996	0	0	0	0	0	0	0	0	0	356	0	11462	0	1918	0	0	0	734	0	24690	0	0	0	0	0	0	0	0	0	0	0	0	0	0	0	0	0	0	0	0	0	0	0	0	0	0	
29200	Temporal_Pole_Mid_L	0	0	0	0	0	0	0	0	0	0	0	0	0	0	0	0	0	0	0	0	0	0	0	0	0	0	0	0	0	0	0	0	0	0	0	0	320	0	0	0	446	0	0	0	0	0	0	0	0	0	0	0	0	0	1468	0	0	0	0	0	0	0	0	0	0	0	0	0	0	0	0	0	0	0	0	0	0	0	0	0	0	0	2712	0	4718	0	0	0	4936	0	0	0	0	0	0	0	0	0	0	0	0	0	0	0	0	0	0	0	0	0	0	0	0	0	0	0	
14740	Temporal_Pole_Mid_R	0	0	0	0	0	0	0	0	0	0	0	0	0	0	0	0	0	0	0	0	0	0	0	0	0	0	0	0	0	0	0	0	0	0	0	0	0	788	0	640	0	878	0	0	0	0	0	0	0	0	0	0	0	0	0	1060	0	0	0	0	0	0	0	0	0	0	0	0	0	0	0	0	0	0	0	0	0	0	0	0	0	0	0	1874	0	734	0	0	0	1396	0	0	0	0	0	0	0	0	0	0	0	0	0	0	0	0	0	0	0	0	0	0	0	0	0	0	
196620	Temporal_Inf_L	534	0	114	0	0	0	0	0	0	0	0	0	0	0	0	0	326	0	0	0	0	0	0	0	0	0	0	0	1620	0	0	0	1140	0	84	0	6718	0	590	0	1524	0	948	0	462	0	388	0	0	0	2660	0	4082	0	11972	0	490	0	470	0	1096	0	2408	0	2172	0	1542	0	552	0	0	0	566	0	0	0	208	0	868	0	8662	0	2834	0	31354	0	4936	0	0	0	3948	0	498	0	0	0	596	0	1686	0	0	0	262	0	0	0	0	0	0	0	0	0	0	0	0	0	
162784	Temporal_Inf_R	0	0	0	102	0	0	0	0	0	0	0	0	0	0	0	0	0	0	0	536	0	0	0	0	0	0	0	0	0	184	0	0	0	1222	0	292	0	6766	0	4036	0	1176	0	2088	0	266	118	2788	0	102	0	638	0	2726	0	15612	0	564	0	462	0	1476	0	1296	0	1274	0	3720	0	706	0	0	0	208	0	0	0	0	0	376	0	2908	0	1500	0	24690	0	1396	0	0	0	1316	0	0	0	0	0	0	0	422	0	0	0	426	0	0	0	0	0	0	0	0	0	0	0	0	
447996	Cerebelum_Crus1_L	0	0	0	0	0	0	0	0	0	0	0	0	0	0	0	0	0	0	0	0	0	0	0	0	0	0	0	0	0	0	0	0	0	0	0	0	0	0	0	0	0	0	0	0	0	0	5368	380	0	0	0	0	396	0	16012	110	0	0	0	0	0	0	0	0	0	0	0	0	0	0	0	0	0	0	0	0	0	0	0	0	0	0	0	0	0	0	0	0	3948	0	0	6606	26258	3190	1872	0	30230	170	69194	6628	6648	0	15228	2232	1802	1810	1330	0	142	350	8150	9946	4356	840	692	110	
559100	Cerebelum_Crus1_R	0	0	0	0	0	0	0	0	0	0	0	0	0	0	0	0	0	0	0	0	0	0	0	0	0	0	0	0	0	0	0	0	0	0	0	0	0	0	0	990	0	0	0	0	0	0	194	4748	0	0	0	0	0	0	118	17574	0	0	0	0	0	0	0	0	0	0	0	0	0	0	0	0	0	0	0	0	0	0	0	0	0	0	0	0	0	0	0	0	0	1316	6606	0	1596	29250	540	2692	1596	20664	8236	66430	710	3752	1612	28698	1094	11402	564	480	1152	3478	13096	24612	11736	7000	5514	2100	
209856	Cerebelum_Crus2_L	0	0	0	0	0	0	0	0	0	0	0	0	0	0	0	0	0	0	0	0	0	0	0	0	0	0	0	0	0	0	0	0	0	0	0	0	0	0	0	0	0	0	0	0	0	0	0	0	0	0	0	0	0	0	0	0	0	0	0	0	0	0	0	0	0	0	0	0	0	0	0	0	0	0	0	0	0	0	0	0	0	0	0	0	0	0	0	0	498	0	26258	1596	0	3450	0	0	744	0	4346	1274	26054	1824	30142	1718	1318	452	0	0	0	0	394	1742	1970	966	182	0	
250108	Cerebelum_Crus2_R	0	0	0	0	0	0	0	0	0	0	0	0	0	0	0	0	0	0	0	0	0	0	0	0	0	0	0	0	0	0	0	0	0	0	0	0	0	0	0	86	0	0	0	0	0	0	0	0	0	0	0	0	0	0	0	94	0	0	0	0	0	0	0	0	0	0	0	0	0	0	0	0	0	0	0	0	0	0	0	0	0	0	0	0	0	0	0	0	0	0	3190	29250	3450	0	146	0	446	140	2906	6872	588	19440	1532	33834	804	3468	466	0	0	0	192	5560	7424	4152	810	204	
61456	Cerebelum_3_L	0	0	0	0	0	0	0	0	0	0	0	0	0	0	0	0	0	0	0	0	0	0	0	0	0	0	0	0	0	0	0	0	0	0	0	0	0	0	264	0	0	0	0	0	0	0	1070	328	0	0	0	0	0	0	140	326	0	0	0	0	0	0	0	0	0	0	0	0	0	0	0	0	0	0	0	0	0	0	0	0	0	0	0	0	0	0	0	0	0	0	1872	540	0	146	0	0	9738	482	3870	750	0	0	274	0	2584	340	166	0	586	2262	2536	1524	288	170	232	240	
56224	Cerebelum_3_R	0	0	0	0	0	0	0	0	0	0	0	0	0	0	0	0	0	0	0	0	0	0	0	0	0	0	0	0	0	0	0	0	0	0	0	0	0	0	0	0	0	0	0	0	0	0	0	0	0	0	0	0	0	0	0	858	0	0	0	0	0	0	0	0	0	0	0	0	0	0	0	0	0	0	0	0	0	0	0	0	0	0	0	0	0	0	0	0	0	0	0	2692	0	0	0	0	0	5234	0	7442	0	0	0	276	0	1096	0	0	682	6094	734	772	654	690	582	306	
294648	Cerebelum_4_5_L	0	0	0	0	0	0	0	0	0	0	0	0	0	0	0	0	0	0	0	0	0	0	0	0	0	0	0	0	0	0	0	0	0	0	0	0	92	0	254	0	0	0	0	0	0	0	8372	670	0	0	192	0	638	0	9708	454	0	0	0	0	0	0	0	0	0	0	0	0	0	0	0	0	0	0	0	0	0	0	0	0	0	0	0	0	0	0	0	0	596	0	30230	1596	744	446	9738	0	0	800	44022	1980	1408	0	3664	180	5076	812	2290	0	580	1658	15074	3818	726	372	538	596	
248024	Cerebelum_4_5_R	0	0	0	0	0	0	0	0	0	0	0	0	0	0	0	0	0	0	0	0	0	0	0	0	0	0	0	0	0	0	0	0	0	0	0	0	0	172	0	2270	0	0	0	0	0	0	0	6820	0	0	0	0	0	544	0	19868	0	0	0	0	0	0	0	0	0	0	0	218	0	0	0	0	0	0	0	0	0	0	0	0	0	0	0	0	0	0	0	0	0	0	170	20664	0	140	482	5234	800	0	786	36446	0	0	0	274	138	726	0	176	446	3180	17810	4938	558	272	170	710	
470632	Cerebelum_6_L	0	0	0	0	0	0	0	0	0	0	0	0	0	0	0	0	0	0	0	0	0	0	0	0	0	0	0	0	0	0	0	0	0	0	0	0	0	0	0	0	0	0	0	0	0	0	9174	1286	0	0	220	0	884	0	20450	772	0	0	0	0	0	0	0	0	0	0	0	0	0	0	0	0	0	0	0	0	0	0	0	0	0	0	0	0	0	0	0	0	1686	0	69194	8236	4346	2906	3870	0	44022	786	0	8654	3296	0	7896	1820	3938	2334	2020	0	188	500	13368	14986	4776	1100	1638	970	
559524	Cerebelum_6_R	0	0	0	0	0	0	0	0	0	0	0	0	0	0	0	0	0	0	0	0	0	0	0	0	0	0	0	0	0	0	0	0	0	0	0	0	0	0	0	1546	0	0	0	0	0	0	200	8616	0	0	0	0	0	1218	118	26844	0	0	0	0	0	0	0	0	0	0	0	0	0	0	0	0	0	0	0	0	0	0	0	0	0	0	0	0	0	0	0	0	0	422	6628	66430	1274	6872	750	7442	1980	36446	8654	0	464	278	1056	8880	1192	9038	634	1182	1416	6210	21194	28200	10302	6152	5840	2284	
151376	Cerebelum_7b_L	0	0	0	0	0	0	0	0	0	0	0	0	0	0	0	0	0	0	0	0	0	0	0	0	0	0	0	0	0	0	0	0	0	0	0	0	0	0	0	0	0	0	0	0	0	0	0	0	0	0	0	0	0	0	0	0	0	0	0	0	0	0	0	0	0	0	0	0	0	0	0	0	0	0	0	0	0	0	0	0	0	0	0	0	0	0	0	0	0	0	6648	710	26054	588	0	0	1408	0	3296	464	0	162	28426	1326	1330	546	644	0	0	0	384	808	1228	1316	350	0	
105972	Cerebelum_7b_R	0	0	0	0	0	0	0	0	0	0	0	0	0	0	0	0	0	0	0	0	0	0	0	0	0	0	0	0	0	0	0	0	0	0	0	0	0	0	0	0	0	0	0	0	0	0	0	0	0	0	0	0	0	0	0	0	0	0	0	0	0	0	0	0	0	0	0	0	0	0	0	0	0	0	0	0	0	0	0	0	0	0	0	0	0	0	0	0	0	0	0	3752	1824	19440	0	0	0	0	0	278	162	0	666	22670	0	1984	0	0	0	0	0	84	708	1418	0	0	
286280	Cerebelum_8_L	0	0	0	0	0	0	0	0	0	0	0	0	0	0	0	0	0	0	0	0	0	0	0	0	0	0	0	0	0	0	0	0	0	0	0	0	0	0	0	0	0	0	0	0	0	0	0	0	0	0	0	0	0	0	0	0	0	0	0	0	0	0	0	0	0	0	0	0	0	0	0	0	0	0	0	0	0	0	0	0	0	0	0	0	0	0	0	0	262	0	15228	1612	30142	1532	274	0	3664	0	7896	1056	28426	666	0	5274	16804	3962	1526	0	118	266	2128	4652	5296	7052	4056	1248	
314296	Cerebelum_8_R	0	0	0	0	0	0	0	0	0	0	0	0	0	0	0	0	0	0	0	0	0	0	0	0	0	0	0	0	0	0	0	0	0	0	0	0	0	0	0	0	0	0	0	0	0	0	0	0	0	0	0	0	0	0	0	314	0	0	0	0	0	0	0	0	0	0	0	0	0	0	0	0	0	0	0	0	0	0	0	0	0	0	0	0	0	0	0	0	0	426	2232	28698	1718	33834	0	276	180	274	1820	8880	1326	22670	5274	0	1078	21718	244	702	0	358	180	4420	8774	7912	3408	432	
132812	Cerebelum_9_L	0	0	0	0	0	0	0	0	0	0	0	0	0	0	0	0	0	0	0	0	0	0	0	0	0	0	0	0	0	0	0	0	0	0	0	0	0	0	0	0	0	0	0	0	0	0	0	0	0	0	0	0	0	0	0	0	0	0	0	0	0	0	0	0	0	0	0	0	0	0	0	0	0	0	0	0	0	0	0	0	0	0	0	0	0	0	0	0	0	0	1802	1094	1318	804	2584	0	5076	138	3938	1192	1330	0	16804	1078	0	3240	5936	0	160	536	1974	6342	2280	2078	4340	2362	
224608	Cerebelum_9_R	0	0	0	0	0	0	0	0	0	0	0	0	0	0	0	0	0	0	0	0	0	0	0	0	0	0	0	0	0	0	0	0	0	0	0	0	0	0	0	0	0	0	0	0	0	0	0	100	0	0	0	0	0	0	0	0	0	0	0	0	0	0	0	0	0	0	0	0	0	0	0	0	0	0	0	0	0	0	0	0	0	0	0	0	0	0	0	0	0	0	1810	11402	452	3468	340	1096	812	726	2334	9038	546	1984	3962	21718	3240	0	282	1000	918	2050	2614	9718	9856	7744	10262	4832	
38580	Cerebelum_10_L	0	0	0	0	0	0	0	0	0	0	0	0	0	0	0	0	0	0	0	0	0	0	0	0	0	0	0	0	0	0	0	0	0	0	0	0	0	0	0	0	0	0	0	0	0	0	0	0	0	0	0	0	0	0	0	0	0	0	0	0	0	0	0	0	0	0	0	0	0	0	0	0	0	0	0	0	0	0	0	0	0	0	0	0	0	0	0	0	0	0	1330	564	0	466	166	0	2290	0	2020	634	644	0	1526	244	5936	282	0	0	0	0	88	2046	494	0	470	90	
8156	Cerebelum_10_R	0	0	0	0	0	0	0	0	0	0	0	0	0	0	0	0	0	0	0	0	0	0	0	0	0	0	0	0	0	0	0	0	0	0	0	0	0	0	0	0	0	0	0	0	0	0	0	90	0	0	0	0	0	0	0	0	0	0	0	0	0	0	0	0	0	0	0	0	0	0	0	0	0	0	0	0	0	0	0	0	0	0	0	0	0	0	0	0	0	0	0	480	0	0	0	0	0	176	0	1182	0	0	0	702	0	1000	0	0	0	0	100	140	208	0	0	0	
32968	Vermis_1_2	0	0	0	0	0	0	0	0	0	0	0	0	0	0	0	0	0	0	0	0	0	0	0	0	0	0	0	0	0	0	0	0	0	0	0	0	0	0	0	0	0	0	0	0	0	0	0	0	0	0	0	0	0	0	0	132	0	0	0	0	0	0	0	0	0	0	0	0	0	0	0	0	0	0	0	0	0	0	0	0	0	0	0	0	0	0	0	0	0	0	142	1152	0	0	586	682	580	446	188	1416	0	0	118	0	160	918	0	0	0	4490	1900	882	786	790	748	368	
86508	Vermis_3	0	0	0	0	0	0	0	0	0	0	0	0	0	0	0	0	0	0	0	0	0	0	0	0	0	0	0	0	0	0	0	0	0	0	0	0	0	0	266	0	0	0	0	0	0	0	0	118	0	0	0	0	0	0	0	668	0	0	0	0	0	0	0	0	0	0	0	0	0	0	0	0	0	0	0	0	90	0	0	0	0	0	0	0	0	0	0	0	0	0	350	3478	0	0	2262	6094	1658	3180	500	6210	0	0	266	358	536	2050	0	0	4490	0	3988	1772	1382	1430	1366	742	
303736	Vermis_4_5	0	0	0	0	0	0	0	0	0	0	0	0	0	0	0	0	0	0	0	0	0	0	0	0	0	0	0	0	0	0	0	0	0	0	186	86	176	0	124	518	0	0	134	0	0	0	2324	7424	0	0	0	0	288	454	2154	11638	0	0	0	0	0	0	0	0	0	0	0	504	0	0	0	0	0	0	0	0	0	0	0	0	0	0	0	0	0	0	0	0	0	0	8150	13096	394	192	2536	734	15074	17810	13368	21194	384	0	2128	180	1974	2614	88	100	1900	3988	0	12134	1750	1644	1546	2880	
373664	Vermis_6	0	0	0	0	0	0	0	0	0	0	0	0	0	0	0	0	0	0	0	0	0	0	0	0	0	0	0	0	0	0	0	0	0	0	0	0	0	0	0	0	0	0	0	0	0	0	562	7404	0	0	0	0	0	522	308	6186	0	0	0	0	0	0	0	0	0	0	0	0	0	0	0	0	0	0	0	0	0	0	0	0	0	0	0	0	0	0	0	0	0	0	9946	24612	1742	5560	1524	772	3818	4938	14986	28200	808	84	4652	4420	6342	9718	2046	140	882	1772	12134	0	11636	6688	8918	5512	
209928	Vermis_7	0	0	0	0	0	0	0	0	0	0	0	0	0	0	0	0	0	0	0	0	0	0	0	0	0	0	0	0	0	0	0	0	0	0	0	0	0	0	0	0	0	0	0	0	0	0	0	370	0	0	0	0	0	0	0	0	0	0	0	0	0	0	0	0	0	0	0	0	0	0	0	0	0	0	0	0	0	0	0	0	0	0	0	0	0	0	0	0	0	0	4356	11736	1970	7424	288	654	726	558	4776	10302	1228	708	5296	8774	2280	9856	494	208	786	1382	1750	11636	0	9460	6182	1764	
160008	Vermis_8	0	0	0	0	0	0	0	0	0	0	0	0	0	0	0	0	0	0	0	0	0	0	0	0	0	0	0	0	0	0	0	0	0	0	0	0	0	0	0	0	0	0	0	0	0	0	0	208	0	0	0	0	0	0	0	0	0	0	0	0	0	0	0	0	0	0	0	0	0	0	0	0	0	0	0	0	0	0	0	0	0	0	0	0	0	0	0	0	0	0	840	7000	966	4152	170	690	372	272	1100	6152	1316	1418	7052	7912	2078	7744	0	0	790	1430	1644	6688	9460	0	8068	2482	
140860	Vermis_9	0	0	0	0	0	0	0	0	0	0	0	0	0	0	0	0	0	0	0	0	0	0	0	0	0	0	0	0	0	0	0	0	0	0	0	0	0	0	0	0	0	0	0	0	0	0	0	0	0	0	0	0	0	0	0	0	0	0	0	0	0	0	0	0	0	0	0	0	0	0	0	0	0	0	0	0	0	0	0	0	0	0	0	0	0	0	0	0	0	0	692	5514	182	810	232	582	538	170	1638	5840	350	0	4056	3408	4340	10262	470	0	748	1366	1546	8918	6182	8068	0	4518	
