data	data	699140	407000	1.12523e+06	865016	173320	119256	584252	432572	76620	60040	353368	314536	365928	327136	201296	106712	293556	150236	816880	809736	137312	159512	446740	431632	51472	101276	99640	119556	737364	542216	364364	478244	152480	586660	179796	217272	386976	480552	162608	264232	48804	71228	248452	379684	205608	255532	320324	340800	191036	247632	414588	265928	91312	176564	427808	533868	246840	270504	68572	81268	187392	93432	97620	129452	146128	129040	282748	479256	219480	328556	457576	526520	366792	441004	69964	57052	299608	307260	91224	45764	256376	212132	146024	82500	371696	336736	19092	15260	289660	214696	384128	394672	341900	378048	36700	73592	212168	180768	364928	339188	274744	222000	304876	334296	155216	144036	20544	11200	38256	66144	145452	141244	205524	178344	97956	43948	
data	data	Precentral_L	Precentral_R	Frontal_Sup_L	Frontal_Sup_R	Frontal_Sup_Orb_L	Frontal_Sup_Orb_R	Frontal_Mid_L	Frontal_Mid_R	Frontal_Mid_Orb_L	Frontal_Mid_Orb_R	Frontal_Inf_Oper_L	Frontal_Inf_Oper_R	Frontal_Inf_Tri_L	Frontal_Inf_Tri_R	Frontal_Inf_Orb_L	Frontal_Inf_Orb_R	Rolandic_Oper_L	Rolandic_Oper_R	Supp_Motor_Area_L	Supp_Motor_Area_R	Olfactory_L	Olfactory_R	Frontal_Sup_Medial_L	Frontal_Sup_Medial_R	Frontal_Med_Orb_L	Frontal_Med_Orb_R	Rectus_L	Rectus_R	Insula_L	Insula_R	Cingulum_Ant_L	Cingulum_Ant_R	Cingulum_Mid_L	Cingulum_Mid_R	Cingulum_Post_L	Cingulum_Post_R	Hippocampus_L	Hippocampus_R	ParaHippocampal_L	ParaHippocampal_R	Amygdala_L	Amygdala_R	Calcarine_L	Calcarine_R	Cuneus_L	Cuneus_R	Lingual_L	Lingual_R	Occipital_Sup_L	Occipital_Sup_R	Occipital_Mid_L	Occipital_Mid_R	Occipital_Inf_L	Occipital_Inf_R	Fusiform_L	Fusiform_R	Postcentral_L	Postcentral_R	Parietal_Sup_L	Parietal_Sup_R	Parietal_Inf_L	Parietal_Inf_R	SupraMarginal_L	SupraMarginal_R	Angular_L	Angular_R	Precuneus_L	Precuneus_R	Paracentral_Lobule_L	Paracentral_Lobule_R	Caudate_L	Caudate_R	Putamen_L	Putamen_R	Pallidum_L	Pallidum_R	Thalamus_L	Thalamus_R	Heschl_L	Heschl_R	Temporal_Sup_L	Temporal_Sup_R	Temporal_Pole_Sup_L	Temporal_Pole_Sup_R	Temporal_Mid_L	Temporal_Mid_R	Temporal_Pole_Mid_L	Temporal_Pole_Mid_R	Temporal_Inf_L	Temporal_Inf_R	Cerebelum_Crus1_L	Cerebelum_Crus1_R	Cerebelum_Crus2_L	Cerebelum_Crus2_R	Cerebelum_3_L	Cerebelum_3_R	Cerebelum_4_5_L	Cerebelum_4_5_R	Cerebelum_6_L	Cerebelum_6_R	Cerebelum_7b_L	Cerebelum_7b_R	Cerebelum_8_L	Cerebelum_8_R	Cerebelum_9_L	Cerebelum_9_R	Cerebelum_10_L	Cerebelum_10_R	Vermis_1_2	Vermis_3	Vermis_4_5	Vermis_6	Vermis_7	Vermis_8	Vermis_9	Vermis_10	
699140	Precentral_L	0	11250	21502	9502	168	0	23318	2464	0	0	17088	1652	3988	260	0	0	12694	248	18050	18642	0	0	1182	1652	0	0	0	0	15168	1372	1122	2590	766	8956	8174	5070	8106	5590	534	2326	0	0	242	214	304	0	238	1152	282	0	2238	0	0	184	310	640	36828	2112	0	0	5678	0	1842	488	2456	0	1194	902	24190	7592	8478	4032	3746	2578	2586	280	15386	7368	2728	0	3656	152	1394	160	3744	166	0	0	596	0	0	0	0	0	0	0	0	0	0	0	0	0	0	0	0	0	0	0	0	0	0	0	0	0	0	0	
407000	Precentral_R	11250	0	5664	21040	166	0	2876	20558	0	0	422	10270	0	1522	0	0	608	2778	5920	5764	0	0	168	412	0	0	0	0	840	3714	298	492	0	3050	856	2822	1302	5748	0	694	0	0	0	1340	0	486	0	434	0	350	0	650	0	1386	0	2042	2974	23032	0	1042	0	628	0	2024	0	222	0	3894	1448	9884	3884	7184	802	4766	0	1178	3886	16386	0	306	282	560	182	0	0	2016	0	0	0	998	0	0	0	0	0	0	0	0	0	0	0	0	0	0	0	0	0	0	0	0	0	0	0	0	0	0	
1.12523e+06	Frontal_Sup_L	21502	5664	0	18252	8528	314	70858	4846	1788	0	18864	3072	36334	3760	10004	128	11772	374	95162	21450	0	0	47604	10166	2452	472	0	0	42580	3700	18692	10220	5084	12262	0	0	3064	552	866	314	0	0	0	0	0	0	160	0	0	0	0	0	0	0	1014	328	2400	184	0	0	0	0	0	0	0	0	0	0	4898	0	11938	5536	24408	3978	7328	372	1718	414	368	0	3290	122	2250	138	196	0	0	0	876	0	0	0	0	0	0	0	0	0	0	0	0	0	0	0	0	0	0	0	0	0	0	0	0	0	0	0	
865016	Frontal_Sup_R	9502	21040	18252	0	110	3610	5628	45186	0	1448	896	13344	548	16752	0	3640	678	2240	20028	55512	198	288	11204	44078	0	1982	0	1168	1812	17646	2956	30602	624	13278	684	936	1186	3118	0	896	0	0	0	0	0	0	0	148	0	0	0	0	0	0	0	854	1078	254	0	0	172	0	0	0	0	0	0	0	1874	1040	10790	30606	1554	14898	218	1264	2624	10252	0	0	160	1136	126	1288	0	960	0	0	0	142	0	0	0	0	0	0	0	0	0	0	0	0	0	0	0	0	0	0	0	0	0	0	0	0	0	0	
173320	Frontal_Sup_Orb_L	168	166	8528	110	0	260	1388	0	11422	0	1070	0	3900	0	14864	108	110	0	1248	0	2904	1480	2836	0	4122	318	6000	862	13384	118	3612	480	0	0	0	0	0	0	316	0	540	0	0	0	0	0	0	0	0	0	0	0	0	0	0	0	0	0	0	0	0	0	0	0	0	0	0	0	0	0	2056	392	2828	142	0	0	0	0	0	0	0	0	928	0	0	0	0	0	0	0	0	0	0	0	0	0	0	0	0	0	0	0	0	0	0	0	0	0	0	0	0	0	0	0	0	0	
119256	Frontal_Sup_Orb_R	0	0	314	3610	260	0	0	702	0	4016	0	0	0	198	100	3922	0	0	0	316	1504	3062	618	5290	110	9006	1020	7850	0	622	590	4676	0	0	0	0	0	0	0	0	0	0	0	0	0	0	0	0	0	0	0	0	0	0	0	0	0	0	0	0	0	0	0	0	0	0	0	0	0	0	1904	5896	324	3474	0	98	0	146	0	0	0	0	0	0	0	0	0	0	0	0	0	0	0	0	0	0	0	0	0	0	0	0	0	0	0	0	0	0	0	0	0	0	0	0	0	0	
584252	Frontal_Mid_L	23318	2876	70858	5628	1388	0	0	1462	2078	0	16920	1402	39650	700	9840	0	10790	164	11752	4422	0	0	13666	2922	0	0	0	0	29560	1558	3832	3578	1080	1720	200	112	2264	384	164	224	0	0	0	0	0	0	120	120	0	0	116	0	0	0	112	100	1388	138	0	0	134	0	0	0	0	0	0	0	490	1354	5264	3574	2868	586	782	0	2916	620	376	0	2886	228	2420	242	378	128	0	0	274	0	0	0	0	0	0	0	0	0	0	0	0	0	0	0	0	0	0	0	0	0	0	0	0	0	0	0	
432572	Frontal_Mid_R	2464	20558	4846	45186	0	702	1462	0	0	930	344	13736	410	25040	0	2304	234	1444	7954	10586	0	0	5812	12426	0	166	0	0	816	9856	2244	5172	288	8448	136	176	192	2662	0	928	0	0	0	0	0	0	0	138	0	0	0	0	0	166	0	1100	524	1928	0	0	0	0	0	172	0	0	0	0	0	0	2798	4640	736	9018	0	1990	426	3802	0	0	0	356	0	320	0	442	0	0	0	208	0	0	0	0	0	0	0	0	0	0	0	0	0	0	0	0	0	0	0	0	0	0	0	0	0	0	
76620	Frontal_Mid_Orb_L	0	0	1788	0	11422	0	2078	0	0	0	0	0	2190	0	14172	0	0	0	0	0	336	198	0	0	760	110	1348	122	2978	0	96	0	0	0	0	0	0	0	0	0	0	0	0	0	0	0	0	0	0	0	0	0	0	0	0	0	0	0	0	0	0	0	0	0	0	0	0	0	0	0	218	0	98	0	0	0	0	0	0	0	0	0	396	0	0	0	0	0	0	0	0	0	0	0	0	0	0	0	0	0	0	0	0	0	0	0	0	0	0	0	0	0	0	0	0	0	
60040	Frontal_Mid_Orb_R	0	0	0	1448	0	4016	0	930	0	0	0	0	0	696	0	11514	0	0	0	990	434	1000	0	0	0	0	124	1528	0	2386	0	0	0	0	0	0	0	0	0	0	0	96	0	0	0	0	0	0	0	0	0	0	0	0	0	0	0	0	0	0	0	0	0	0	0	0	0	0	0	0	478	1780	162	2438	0	0	0	0	0	0	0	0	0	0	0	0	0	0	0	0	0	0	0	0	0	0	0	0	0	0	0	0	0	0	0	0	0	0	0	0	0	0	0	0	0	0	
353368	Frontal_Inf_Oper_L	17088	422	18864	896	1070	0	16920	344	0	0	0	2060	16958	1734	136	0	20490	116	9314	714	0	0	1278	172	0	0	0	0	31036	2158	2284	744	0	292	198	120	1758	192	300	118	0	0	0	0	0	0	0	0	0	0	184	0	0	0	224	0	6794	0	0	0	634	0	0	0	0	0	0	0	0	0	2072	210	2480	188	240	0	1184	196	1720	0	5606	0	6386	0	462	0	0	0	328	0	0	0	0	0	0	0	0	0	0	0	0	0	0	0	0	0	0	0	0	0	0	0	0	0	0	0	
314536	Frontal_Inf_Oper_R	1652	10270	3072	13344	0	0	1402	13736	0	0	2060	0	1578	18680	0	250	232	3968	3358	10110	0	0	1308	1992	0	0	0	0	2422	28146	1626	2498	0	3368	0	0	0	902	0	536	0	0	0	0	0	0	0	0	0	0	0	0	0	0	0	552	240	754	0	0	0	0	0	176	0	0	0	0	0	0	4752	4364	1338	9208	0	1102	360	1846	0	174	0	2282	0	2264	0	1346	0	0	0	0	0	0	0	0	0	0	0	0	0	0	0	0	0	0	0	0	0	0	0	0	0	0	0	0	0	0	
365928	Frontal_Inf_Tri_L	3988	0	36334	548	3900	0	39650	410	2190	0	16958	1578	0	1592	13402	0	1402	0	7848	550	0	0	8072	962	0	0	0	0	28626	1678	4430	1640	876	640	0	0	310	0	0	0	0	0	0	0	0	0	0	0	0	0	0	0	0	0	254	0	1552	0	0	0	0	0	0	0	0	0	0	0	0	0	1012	114	870	0	0	0	0	0	142	0	590	0	602	0	0	0	0	0	244	0	0	0	0	0	0	0	0	0	0	0	0	0	0	0	0	0	0	0	0	0	0	0	0	0	0	0	
327136	Frontal_Inf_Tri_R	260	1522	3760	16752	0	198	700	25040	0	696	1734	18680	1592	0	100	2588	118	988	6872	10096	0	0	4650	6876	0	184	0	0	2034	20094	3234	7694	248	8540	0	0	0	702	0	492	0	0	0	0	0	0	0	0	0	0	0	0	0	0	0	484	0	330	0	0	0	0	0	0	0	0	0	0	0	0	2328	3316	890	8506	0	358	126	406	0	0	0	380	0	0	0	0	0	0	0	0	0	0	0	0	0	0	0	0	0	0	0	0	0	0	0	0	0	0	0	0	0	0	0	0	0	0	
201296	Frontal_Inf_Orb_L	0	0	10004	0	14864	100	9840	0	14172	0	136	0	13402	100	0	0	0	0	1016	128	2170	416	3020	268	332	0	2032	212	16796	0	1748	242	478	208	0	0	456	0	546	0	886	0	0	0	0	0	0	0	0	0	0	0	0	0	0	0	0	0	0	0	0	0	0	0	0	0	0	0	0	0	858	176	2184	0	0	0	0	0	0	0	0	0	3190	0	388	0	0	0	280	0	0	0	0	0	0	0	0	0	0	0	0	0	0	0	0	0	0	0	0	0	0	0	0	0	0	0	
106712	Frontal_Inf_Orb_R	0	0	128	3640	108	3922	0	2304	0	11514	0	250	0	2588	0	0	0	0	0	1674	1096	3000	0	0	0	0	566	3012	0	7922	236	0	0	178	0	0	0	132	0	178	0	234	0	0	0	0	0	0	0	0	0	0	0	0	0	338	0	0	0	0	0	0	0	0	0	0	0	0	0	0	1504	3328	266	3900	0	0	0	0	0	0	0	272	0	864	0	0	0	0	0	202	0	0	0	0	0	0	0	0	0	0	0	0	0	0	0	0	0	0	0	0	0	0	0	0	0	0	
293556	Rolandic_Oper_L	12694	608	11772	678	110	0	10790	234	0	0	20490	232	1402	118	0	0	0	0	7288	422	0	0	210	158	0	0	0	0	30032	204	120	170	0	0	252	114	1356	132	282	0	0	0	0	0	0	0	0	0	0	0	348	0	0	0	180	0	9362	0	0	0	462	0	2736	0	266	0	240	0	302	0	3828	190	1696	114	248	0	562	132	3268	0	13260	0	5814	0	2974	0	0	0	928	0	0	0	0	0	0	0	0	0	0	0	0	0	0	0	0	0	0	0	0	0	0	0	0	0	0	0	
150236	Rolandic_Oper_R	248	2778	374	2240	0	0	164	1444	0	0	116	3968	0	988	0	0	0	0	384	1456	0	0	104	154	0	0	0	0	0	14978	100	204	0	554	0	0	0	1076	0	284	0	0	0	126	0	0	0	0	0	0	0	0	0	600	0	916	0	8216	0	0	0	1316	0	4620	0	0	0	236	0	232	508	4506	0	4368	0	410	150	1158	0	5444	0	8382	0	912	0	984	0	0	0	420	0	0	0	0	0	0	0	0	0	0	0	0	0	0	0	0	0	0	0	0	0	0	0	0	0	0	
816880	Supp_Motor_Area_L	18050	5920	95162	20028	1248	0	11752	7954	0	0	9314	3358	7848	6872	1016	0	7288	384	0	43546	0	0	12482	4688	248	0	0	0	19328	4588	12888	5322	9852	24948	844	0	1948	374	798	282	0	0	218	0	208	0	148	0	240	0	544	0	0	0	748	244	2330	120	0	0	0	0	0	0	0	0	738	0	10306	370	10906	4942	21540	4124	6550	414	946	216	362	0	1838	0	1196	0	266	0	0	0	596	0	0	0	0	0	0	0	0	0	0	0	0	0	0	0	0	0	0	0	0	0	0	0	0	0	0	0	
809736	Supp_Motor_Area_R	18642	5764	21450	55512	0	316	4422	10586	0	990	714	10110	550	10096	128	1674	422	1456	43546	0	158	192	4436	8966	0	0	0	242	1268	12758	3656	8240	4070	54808	722	3214	1286	1230	120	182	0	0	0	1032	0	682	170	290	0	648	0	452	0	990	0	1368	578	2450	0	374	0	352	0	514	0	208	394	7090	14676	35992	6052	11610	986	5012	838	158	12254	2564	0	0	110	1162	206	1058	0	1922	0	0	0	750	0	0	0	0	0	0	0	0	0	0	0	0	0	0	0	0	0	0	0	0	0	0	0	0	0	0	
137312	Olfactory_L	0	0	0	198	2904	1504	0	0	336	434	0	0	0	0	2170	1096	0	0	0	158	0	10794	0	0	890	1012	7316	4824	1762	552	4462	2728	0	0	0	0	306	0	938	0	1060	200	0	0	0	0	0	0	0	0	0	0	0	0	196	0	0	0	0	0	0	0	0	0	0	0	0	0	0	0	11564	5660	3046	2208	0	0	0	0	0	0	0	0	338	0	0	0	0	0	0	0	0	0	0	0	0	0	0	0	0	0	0	0	0	0	0	0	0	0	0	0	0	0	0	0	0	0	
159512	Olfactory_R	0	0	0	288	1480	3062	0	0	198	1000	0	0	0	0	416	3000	0	0	0	192	10794	0	0	0	166	1968	5936	8426	0	2840	3728	4022	0	0	0	0	0	222	0	306	0	842	0	0	0	0	0	0	0	0	0	0	0	0	0	0	0	0	0	0	0	0	0	0	0	0	0	0	0	0	13648	9662	3904	3298	358	0	0	0	0	0	0	0	0	0	0	0	0	0	0	0	0	0	0	0	0	0	0	0	0	0	0	0	0	0	0	0	0	0	0	0	0	0	0	0	0	0	
446740	Frontal_Sup_Medial_L	1182	168	47604	11204	2836	618	13666	5812	0	0	1278	1308	8072	4650	3020	0	210	104	12482	4436	0	0	0	28952	3268	1278	198	0	7780	1852	18898	16552	4578	14268	0	0	0	0	0	0	0	0	0	0	0	0	0	0	0	0	0	0	0	0	0	0	0	0	0	0	0	0	0	0	0	0	0	0	0	0	922	2292	2576	956	0	0	0	350	0	0	0	0	0	0	0	0	0	0	0	0	0	0	0	0	0	0	0	0	0	0	0	0	0	0	0	0	0	0	0	0	0	0	0	0	0	0	
431632	Frontal_Sup_Medial_R	1652	412	10166	44078	0	5290	2922	12426	0	0	172	1992	962	6876	268	0	158	154	4688	8966	0	0	28952	0	278	5788	0	950	1082	2558	4106	28818	732	13872	0	0	124	134	0	0	0	0	0	0	0	0	0	0	0	0	0	0	0	0	0	0	0	0	0	0	0	0	0	0	0	0	0	0	0	0	3806	14382	510	6634	0	186	398	1324	0	0	0	0	0	0	0	0	0	0	0	0	0	0	0	0	0	0	0	0	0	0	0	0	0	0	0	0	0	0	0	0	0	0	0	0	0	0	
51472	Frontal_Med_Orb_L	0	0	2452	0	4122	110	0	0	760	0	0	0	0	0	332	0	0	0	248	0	890	166	3268	278	0	1976	3372	484	286	0	4944	572	0	0	0	0	0	0	0	0	0	0	0	0	0	0	0	0	0	0	0	0	0	0	0	0	0	0	0	0	0	0	0	0	0	0	0	0	0	0	608	0	868	0	0	0	0	0	0	0	0	0	0	0	0	0	0	0	0	0	0	0	0	0	0	0	0	0	0	0	0	0	0	0	0	0	0	0	0	0	0	0	0	0	0	0	
101276	Frontal_Med_Orb_R	0	0	472	1982	318	9006	0	166	110	0	0	0	0	184	0	0	0	0	0	0	1012	1968	1278	5788	1976	0	1104	6892	0	144	1852	7874	0	0	0	0	0	0	0	0	0	0	0	0	0	0	0	0	0	0	0	0	0	0	0	0	0	0	0	0	0	0	0	0	0	0	0	0	0	0	754	4396	266	3096	0	0	0	0	0	0	0	0	0	0	0	0	0	0	0	0	0	0	0	0	0	0	0	0	0	0	0	0	0	0	0	0	0	0	0	0	0	0	0	0	0	0	
99640	Rectus_L	0	0	0	0	6000	1020	0	0	1348	124	0	0	0	0	2032	566	0	0	0	0	7316	5936	198	0	3372	1104	0	3086	322	128	5586	2100	0	0	0	0	0	0	0	0	294	0	0	0	0	0	0	0	0	0	0	0	0	0	0	0	0	0	0	0	0	0	0	0	0	0	0	0	0	0	6432	1814	504	538	0	0	0	0	0	0	0	0	0	0	0	0	0	0	0	0	0	0	0	0	0	0	0	0	0	0	0	0	0	0	0	0	0	0	0	0	0	0	0	0	0	0	
119556	Rectus_R	0	0	0	1168	862	7850	0	0	122	1528	0	0	0	0	212	3012	0	0	0	242	4824	8426	0	950	484	6892	3086	0	0	818	1562	3912	0	0	0	0	0	0	0	0	0	218	0	0	0	0	0	0	0	0	0	0	0	0	0	0	0	0	0	0	0	0	0	0	0	0	0	0	0	0	4986	4988	1152	2484	0	0	0	0	0	0	0	0	0	0	0	0	0	0	0	0	0	0	0	0	0	0	0	0	0	0	0	0	0	0	0	0	0	0	0	0	0	0	0	0	0	0	
737364	Insula_L	15168	840	42580	1812	13384	0	29560	816	2978	0	31036	2422	28626	2034	16796	0	30032	0	19328	1268	1762	0	7780	1082	286	0	322	0	0	2418	5498	1686	544	710	902	610	13404	660	4096	388	2942	0	0	0	0	0	554	180	0	0	666	0	102	0	5136	0	5180	0	0	0	384	0	178	0	142	0	124	0	164	0	4236	552	17592	280	318	0	3626	652	5580	0	13016	0	11682	0	5924	0	0	0	8040	0	166	0	0	0	0	0	150	0	288	0	0	0	0	0	0	0	0	0	0	0	0	0	0	0	0	0	
542216	Insula_R	1372	3714	3700	17646	118	622	1558	9856	0	2386	2158	28146	1678	20094	0	7922	204	14978	4588	12758	552	2840	1852	2558	0	144	128	818	2418	0	2298	3608	0	3904	130	196	186	9028	0	1916	0	1598	0	274	0	0	0	204	0	0	0	0	0	1570	0	10838	98	2042	0	0	0	190	0	316	0	0	0	346	0	140	5014	7882	1588	28448	104	632	934	4228	0	4642	0	13122	0	4422	0	7630	0	0	0	8772	0	0	0	0	0	0	0	0	0	0	0	0	0	0	0	0	0	0	0	0	0	0	0	0	0	0	
364364	Cingulum_Ant_L	1122	298	18692	2956	3612	590	3832	2244	96	0	2284	1626	4430	3234	1748	236	120	100	12888	3656	4462	3728	18898	4106	4944	1852	5586	1562	5498	2298	0	21708	8238	7874	0	0	0	0	0	0	0	0	0	0	0	0	0	0	0	0	0	0	0	0	0	0	0	0	0	0	0	0	0	0	0	0	0	0	0	0	9244	4434	10426	1830	0	0	1220	296	0	0	0	0	214	0	0	0	0	0	0	0	0	0	0	0	0	0	0	0	0	0	0	0	0	0	0	0	0	0	0	0	0	0	0	0	0	0	
478244	Cingulum_Ant_R	2590	492	10220	30602	480	4676	3578	5172	0	0	744	2498	1640	7694	242	0	170	204	5322	8240	2728	4022	16552	28818	572	7874	2100	3912	1686	3608	21708	0	1480	12938	0	0	130	138	0	0	0	0	0	0	0	0	0	0	0	0	0	0	0	0	0	0	102	0	0	0	0	0	0	0	0	0	0	0	0	0	8468	24236	1696	9738	0	258	530	1264	0	0	0	0	0	0	0	0	0	0	0	0	0	0	0	0	0	0	0	0	0	0	0	0	0	0	0	0	0	0	0	0	0	0	0	0	0	0	
152480	Cingulum_Mid_L	766	0	5084	624	0	0	1080	288	0	0	0	0	876	248	478	0	0	0	9852	4070	0	0	4578	732	0	0	0	0	544	0	8238	1480	0	15384	3580	570	0	0	0	0	0	0	174	0	488	0	0	0	1402	0	1912	0	0	0	0	0	320	176	198	0	220	0	210	0	110	0	6282	664	4614	838	0	0	0	0	0	0	0	0	0	0	0	0	0	0	160	0	0	0	0	0	0	0	0	0	0	0	0	0	0	0	0	0	0	0	0	0	0	0	0	0	0	0	0	0	0	0	
586660	Cingulum_Mid_R	8956	3050	12262	13278	0	0	1720	8448	0	0	292	3368	640	8540	208	178	0	554	24948	54808	0	0	14268	13872	0	0	0	0	710	3904	7874	12938	15384	0	1306	5496	436	388	0	0	0	0	0	2098	0	3434	0	448	0	2950	0	2234	0	418	0	624	0	4736	0	384	0	296	0	838	0	512	1446	13412	10726	21764	868	1034	220	492	194	0	2300	442	0	0	0	282	110	0	0	2554	0	0	0	688	0	0	0	0	0	0	0	0	0	0	0	0	0	0	0	0	0	0	0	0	0	0	0	0	0	0	
179796	Cingulum_Post_L	8174	856	0	684	0	0	200	136	0	0	198	0	0	0	0	0	252	0	844	722	0	0	0	0	0	0	0	0	902	130	0	0	3580	1306	0	10498	9476	8102	926	3380	0	0	1158	116	1076	0	1830	2056	258	0	502	0	102	0	662	340	708	0	0	0	136	0	224	0	0	0	7472	1060	3266	670	100	0	0	188	0	0	7158	6970	984	0	484	0	0	0	1146	0	0	0	866	0	0	0	0	0	0	0	0	0	0	0	0	0	0	0	0	0	0	0	0	0	0	0	0	0	0	0	
217272	Cingulum_Post_R	5070	2822	0	936	0	0	112	176	0	0	120	0	0	0	0	0	114	0	0	3214	0	0	0	0	0	0	0	0	610	196	0	0	570	5496	10498	0	6954	10842	718	3332	0	0	0	4710	0	1008	902	3472	0	1120	0	666	0	1930	388	3478	302	3022	0	176	0	188	0	0	0	0	1024	12182	786	5272	0	0	0	206	0	0	6136	6020	798	0	340	152	0	0	464	994	0	0	264	632	0	0	0	0	0	0	0	0	0	0	0	0	0	0	0	0	0	0	0	0	224	0	0	0	0	0	
386976	Hippocampus_L	8106	1302	3064	1186	0	0	2264	192	0	0	1758	0	310	0	456	0	1356	0	1948	1286	306	0	0	124	0	0	0	0	13404	186	0	130	0	436	9476	6954	0	6886	21408	2474	7542	0	4278	0	130	0	9862	1548	0	0	1816	0	1146	0	21374	256	1320	0	0	0	0	0	0	0	0	0	6252	502	244	916	332	138	9220	204	916	0	12620	5976	2726	0	2650	0	2202	0	1960	0	0	0	10528	0	512	0	0	0	0	0	600	0	706	0	0	0	0	0	0	0	0	0	0	0	0	0	0	0	0	0	
480552	Hippocampus_R	5590	5748	552	3118	0	0	384	2662	0	0	192	902	0	702	0	132	132	1076	374	1230	0	222	0	134	0	0	0	0	660	9028	0	138	0	388	8102	10842	6886	0	816	34614	0	10888	0	3002	0	126	1024	8706	0	0	0	888	0	10964	412	43214	404	1458	0	0	0	0	0	332	0	0	168	6178	130	836	108	286	110	11922	0	3836	8518	13876	782	908	342	4094	0	618	474	1940	0	0	292	5250	0	674	0	0	0	156	0	1756	0	772	0	0	0	0	0	0	0	0	0	0	208	0	0	0	0	0	
162608	ParaHippocampal_L	534	0	866	0	316	0	164	0	0	0	300	0	0	0	546	0	282	0	798	120	938	0	0	0	0	0	0	0	4096	0	0	0	0	0	926	718	21408	816	0	400	3172	0	1174	0	0	0	9770	394	0	0	908	0	1002	0	15002	0	0	0	0	0	0	0	0	0	0	0	1538	0	0	114	0	0	3766	0	0	0	1346	630	0	0	358	0	634	0	276	0	0	0	2050	0	1214	0	0	0	466	0	1748	0	2080	0	0	0	0	0	0	0	0	0	0	434	0	0	0	0	0	0	
264232	ParaHippocampal_R	2326	694	314	896	0	0	224	928	0	0	118	536	0	492	0	178	0	284	282	182	0	306	0	0	0	0	0	0	388	1916	0	0	0	0	3380	3332	2474	34614	400	0	0	10130	0	510	0	0	306	8348	0	0	0	0	0	664	198	23566	220	0	0	0	0	0	0	0	0	0	0	1760	0	0	0	176	0	6898	0	3330	3836	6832	396	0	132	0	0	2506	166	0	0	1392	112	470	0	1480	0	0	0	194	0	2610	0	1620	0	0	0	0	0	0	0	0	0	0	0	0	0	0	0	0	
48804	Amygdala_L	0	0	0	0	540	0	0	0	0	0	0	0	0	0	886	0	0	0	0	0	1060	0	0	0	0	0	294	0	2942	0	0	0	0	0	0	0	7542	0	3172	0	0	0	0	0	0	0	0	0	0	0	0	0	0	0	3920	0	0	0	0	0	0	0	0	0	0	0	0	0	0	0	200	0	574	0	0	0	0	0	0	0	0	0	1842	0	0	0	0	0	1106	0	0	0	0	0	0	0	228	0	96	0	0	0	0	0	0	0	0	0	0	0	0	0	0	0	0	0	
71228	Amygdala_R	0	0	0	0	0	0	0	0	0	96	0	0	0	0	0	234	0	0	0	0	200	842	0	0	0	0	0	218	0	1598	0	0	0	0	0	0	0	10888	0	10130	0	0	0	0	0	0	0	0	0	0	0	0	0	0	0	6550	0	0	0	0	0	0	0	0	0	0	0	0	0	0	240	400	106	1420	0	0	0	0	0	0	0	0	0	1376	0	0	0	372	0	458	0	0	0	0	0	0	0	486	0	0	0	0	0	0	0	0	0	0	0	0	0	0	0	0	0	0	
248452	Calcarine_L	242	0	0	0	0	0	0	0	0	0	0	0	0	0	0	0	0	0	218	0	0	0	0	0	0	0	0	0	0	0	0	0	174	0	1158	0	4278	0	1174	0	0	0	0	6686	19958	4932	14096	1724	9776	1712	21262	254	2004	202	5684	226	248	0	0	0	350	0	236	0	378	0	13482	486	1288	0	0	0	0	0	0	0	0	0	232	0	0	0	0	0	3332	0	0	0	864	0	418	482	0	0	0	0	1732	666	1334	644	0	0	0	208	0	0	0	0	0	184	1564	238	0	0	0	100	
379684	Calcarine_R	214	1340	0	0	0	0	0	0	0	0	0	0	0	0	0	0	0	126	0	1032	0	0	0	0	0	0	0	0	0	274	0	0	0	2098	116	4710	0	3002	0	510	0	0	6686	0	5344	25836	390	20784	0	20594	0	18180	0	9388	0	11874	0	2282	0	386	0	530	0	564	0	228	2912	33956	220	3114	0	0	0	0	0	0	0	0	0	0	0	574	0	0	0	10028	0	0	0	2550	0	0	0	0	0	0	0	0	0	0	0	0	0	0	0	0	0	0	0	0	0	0	0	0	0	0	
205608	Cuneus_L	304	0	0	0	0	0	0	0	0	0	0	0	0	0	0	0	0	0	208	0	0	0	0	0	0	0	0	0	0	0	0	0	488	0	1076	0	130	0	0	0	0	0	19958	5344	0	7422	2710	914	22576	2384	16994	136	104	0	1068	102	262	0	900	0	382	0	242	0	688	0	12724	1068	1334	0	0	0	0	0	0	0	0	0	210	0	98	0	0	0	2194	0	0	0	784	0	0	0	0	0	0	0	0	0	0	0	0	0	0	0	0	0	0	0	0	0	0	0	0	0	0	0	
255532	Cuneus_R	0	486	0	0	0	0	0	0	0	0	0	0	0	0	0	0	0	0	0	682	0	0	0	0	0	0	0	0	0	0	0	0	0	3434	0	1008	0	126	0	0	0	0	4932	25836	7422	0	0	5666	0	28580	0	11112	0	1052	0	1706	0	1756	0	1826	0	116	0	170	0	226	4862	19940	124	2192	0	0	0	0	0	0	0	0	0	0	0	162	0	0	0	4350	0	0	0	0	0	0	0	0	0	0	0	0	0	0	0	0	0	0	0	0	0	0	0	0	0	0	0	0	0	0	
320324	Lingual_L	238	0	160	0	0	0	120	0	0	0	0	0	0	0	0	0	0	0	148	170	0	0	0	0	0	0	0	0	554	0	0	0	0	0	1830	902	9862	1024	9770	306	0	0	14096	390	2710	0	0	2768	3014	0	16614	0	8006	0	28616	212	0	0	0	0	0	0	0	0	0	0	7196	422	270	166	0	0	636	0	0	0	1458	542	200	0	100	0	0	0	1994	0	0	0	1466	0	6200	818	426	150	148	128	11608	832	15076	1282	0	0	0	226	0	0	0	0	144	280	4208	2410	266	0	0	0	
340800	Lingual_R	1152	434	0	148	0	0	120	138	0	0	0	0	0	0	0	0	0	0	0	290	0	0	0	0	0	0	0	0	180	204	0	0	0	448	2056	3472	1548	8706	394	8348	0	0	1724	20784	914	5666	2768	0	0	6060	0	4408	212	6194	1112	18664	0	330	0	0	0	0	0	0	0	0	402	12088	0	528	0	0	0	538	0	342	2534	3722	184	0	0	148	0	0	0	792	0	0	0	802	1288	6586	264	770	0	576	1832	6002	4260	9432	154	0	212	136	706	566	0	0	0	170	7932	7752	1424	110	424	1250	
191036	Occipital_Sup_L	282	0	0	0	0	0	0	0	0	0	0	0	0	0	0	0	0	0	240	0	0	0	0	0	0	0	0	0	0	0	0	0	1402	0	258	0	0	0	0	0	0	0	9776	0	22576	0	3014	0	0	0	29510	0	222	0	288	0	190	0	4362	0	2182	0	260	0	4224	0	10822	0	1476	0	0	0	0	0	0	0	0	0	0	0	0	0	0	0	4290	0	0	0	144	0	0	0	0	0	0	0	0	0	0	0	0	0	0	0	0	0	0	0	0	0	0	0	0	0	0	0	
247632	Occipital_Sup_R	0	350	0	0	0	0	0	0	0	0	0	0	0	0	0	0	0	0	0	648	0	0	0	0	0	0	0	0	0	0	0	0	0	2950	0	1120	0	0	0	0	0	0	1712	20594	2384	28580	0	6060	0	0	0	18616	0	1432	0	1674	0	1168	0	5682	0	712	0	332	0	4530	4120	15230	0	1802	0	0	0	0	0	0	0	0	0	0	0	132	0	0	0	3988	0	0	0	0	0	0	0	0	0	0	0	0	0	0	0	0	0	0	0	0	0	0	0	0	0	0	0	0	0	0	
414588	Occipital_Mid_L	2238	0	0	0	0	0	116	0	0	0	184	0	0	0	0	0	348	0	544	0	0	0	0	0	0	0	0	0	666	0	0	0	1912	0	502	0	1816	0	908	0	0	0	21262	0	16994	0	16614	0	29510	0	0	0	9264	0	12102	0	3714	0	8698	0	12722	0	800	0	14896	0	18476	0	3902	0	0	0	0	0	0	0	112	0	1340	0	874	0	0	0	21138	0	0	0	5510	0	0	0	0	0	0	0	0	0	132	0	0	0	0	0	0	0	0	0	0	0	0	0	0	0	0	0	
265928	Occipital_Mid_R	0	650	0	0	0	0	0	0	0	0	0	0	0	0	0	0	0	0	0	452	0	0	0	0	0	0	0	0	0	0	0	0	0	2234	0	666	0	888	0	0	0	0	254	18180	136	11112	0	4408	0	18616	0	0	0	4060	0	2926	0	1248	0	3352	0	4508	0	2048	0	17906	970	13518	102	1868	0	0	0	0	0	0	0	0	0	0	0	2522	0	0	0	18504	0	0	0	1836	0	0	0	0	0	0	0	0	0	0	0	0	0	0	0	0	0	0	0	0	0	0	0	0	0	0	
91312	Occipital_Inf_L	0	0	0	0	0	0	0	0	0	0	0	0	0	0	0	0	0	0	0	0	0	0	0	0	0	0	0	0	102	0	0	0	0	0	102	0	1146	0	1002	0	0	0	2004	0	104	0	8006	212	222	0	9264	0	0	0	9936	0	0	0	0	0	178	0	0	0	178	0	1282	0	0	0	0	0	0	0	0	0	122	0	1054	0	190	0	0	0	3248	0	0	0	4844	0	594	0	0	0	0	0	384	0	900	0	0	0	0	0	0	0	0	0	0	0	324	258	0	0	0	0	
176564	Occipital_Inf_R	184	1386	0	0	0	0	0	166	0	0	0	0	0	0	0	0	0	600	0	990	0	0	0	0	0	0	0	0	0	1570	0	0	0	418	0	1930	0	10964	0	664	0	0	202	9388	0	1052	0	6194	0	1432	0	4060	0	0	0	22180	0	1334	0	0	0	126	0	386	0	0	178	8542	0	1046	0	0	0	130	0	0	0	302	0	398	0	3210	0	0	0	3752	0	0	0	4204	0	300	0	0	0	0	0	166	0	538	0	0	0	0	0	0	0	0	0	0	136	154	0	0	0	0	
427808	Fusiform_L	310	0	1014	0	0	0	112	0	0	0	224	0	254	0	0	0	180	0	748	0	196	0	0	0	0	0	0	0	5136	0	0	0	0	0	662	388	21374	412	15002	198	3920	0	5684	0	1068	0	28616	1112	288	0	12102	0	9936	0	0	0	0	0	0	0	0	0	0	0	0	0	3746	0	100	0	0	0	1982	0	0	0	1186	406	646	0	4314	0	1402	0	3728	0	856	0	17434	0	20544	254	1260	0	240	0	12114	184	28138	624	356	0	1002	0	584	0	118	0	0	108	1766	1624	252	0	0	0	
533868	Fusiform_R	640	2042	328	854	0	0	100	1100	0	0	0	552	0	484	0	338	0	916	244	1368	0	0	0	0	0	0	0	0	0	10838	0	0	0	624	340	3478	256	43214	0	23566	0	6550	226	11874	102	1706	212	18664	0	1674	0	2926	0	22180	0	0	0	1672	0	0	0	136	0	390	0	0	148	10606	126	1428	0	144	0	7194	0	2456	298	2264	0	874	0	5050	0	6746	0	5138	0	1542	0	17682	168	14996	0	612	0	354	0	8346	494	16516	0	0	0	410	0	0	0	0	0	0	1402	1708	638	0	0	0	
246840	Postcentral_L	36828	2974	2400	1078	0	0	1388	524	0	0	6794	240	1552	0	0	0	9362	0	2330	578	0	0	0	0	0	0	0	0	5180	98	0	102	320	0	708	302	1320	404	0	220	0	0	248	0	262	0	0	0	190	0	3714	0	0	0	0	0	0	424	3398	0	12792	0	5864	0	652	0	1058	0	2476	0	5144	430	1034	192	166	0	1216	646	2650	0	4582	0	206	0	1158	0	0	0	216	0	0	0	0	0	0	0	0	0	0	0	0	0	0	0	0	0	0	0	0	0	0	0	0	0	0	0	
270504	Postcentral_R	2112	23032	184	254	0	0	138	1928	0	0	0	754	0	330	0	0	0	8216	120	2450	0	0	0	0	0	0	0	0	0	2042	0	0	176	4736	0	3022	0	1458	0	0	0	0	0	2282	0	1756	0	330	0	1168	0	1248	0	1334	0	1672	424	0	0	6580	0	12240	0	13054	0	2072	196	13084	346	15232	356	584	0	1016	0	96	128	530	0	530	0	3294	0	0	0	4388	0	0	0	360	0	0	0	0	0	0	0	0	0	0	0	0	0	0	0	0	0	0	0	0	0	0	0	0	0	0	
68572	Parietal_Sup_L	0	0	0	0	0	0	0	0	0	0	0	0	0	0	0	0	0	0	0	0	0	0	0	0	0	0	0	0	0	0	0	0	198	0	0	0	0	0	0	0	0	0	0	0	900	0	0	0	4362	0	8698	0	0	0	0	0	3398	0	0	0	6130	0	0	0	208	0	9368	0	544	0	0	0	0	0	0	0	0	0	0	0	0	0	0	0	480	0	0	0	0	0	0	0	0	0	0	0	0	0	0	0	0	0	0	0	0	0	0	0	0	0	0	0	0	0	0	0	
81268	Parietal_Sup_R	0	1042	0	0	0	0	0	0	0	0	0	0	0	0	0	0	0	0	0	374	0	0	0	0	0	0	0	0	0	0	0	0	0	384	0	176	0	0	0	0	0	0	0	386	0	1826	0	0	0	5682	0	3352	0	0	0	0	0	6580	0	0	0	3314	0	794	0	5696	580	6480	0	3790	0	0	0	0	0	0	0	0	0	0	0	0	0	0	0	178	0	0	0	0	0	0	0	0	0	0	0	0	0	0	0	0	0	0	0	0	0	0	0	0	0	0	0	0	0	0	
187392	Parietal_Inf_L	5678	0	0	172	0	0	134	0	0	0	634	0	0	0	0	0	462	0	0	0	0	0	0	0	0	0	0	0	384	0	0	0	220	0	136	0	0	0	0	0	0	0	350	0	382	0	0	0	2182	0	12722	0	178	0	0	0	12792	0	6130	0	0	0	15054	0	19728	0	1108	0	1092	0	230	0	0	0	0	0	0	0	174	0	1346	0	0	0	9996	0	0	0	2412	0	0	0	0	0	0	0	0	0	0	0	0	0	0	0	0	0	0	0	0	0	0	0	0	0	0	0	
93432	Parietal_Inf_R	0	628	0	0	0	0	0	0	0	0	0	0	0	0	0	0	0	1316	0	352	0	0	0	0	0	0	0	0	0	190	0	0	0	296	0	188	0	0	0	0	0	0	0	530	0	116	0	0	0	712	0	4508	0	126	0	136	0	12240	0	3314	0	0	0	10504	0	7834	0	1186	0	722	0	0	0	0	0	0	0	0	0	0	0	716	0	0	0	796	0	0	0	306	0	0	0	0	0	0	0	0	0	0	0	0	0	0	0	0	0	0	0	0	0	0	0	0	0	0	
97620	SupraMarginal_L	1842	0	0	0	0	0	0	0	0	0	0	0	0	0	0	0	2736	0	0	0	0	0	0	0	0	0	0	0	178	0	0	0	210	0	224	0	0	0	0	0	0	0	236	0	242	0	0	0	260	0	800	0	0	0	0	0	5864	0	0	0	15054	0	0	0	6538	0	538	0	380	0	530	0	0	0	0	0	0	0	130	0	5634	0	0	0	7060	0	0	0	354	0	0	0	0	0	0	0	0	0	0	0	0	0	0	0	0	0	0	0	0	0	0	0	0	0	0	0	
129452	SupraMarginal_R	488	2024	0	0	0	0	0	172	0	0	0	176	0	0	0	0	0	4620	0	514	0	0	0	0	0	0	0	0	0	316	0	0	0	838	0	0	0	332	0	0	0	0	0	564	0	170	0	0	0	332	0	2048	0	386	0	390	0	13054	0	794	0	10504	0	0	0	7130	0	710	240	808	136	96	122	114	0	0	0	0	0	362	0	7644	0	0	0	5282	0	0	0	4360	0	0	0	0	0	0	0	0	0	0	0	0	0	0	0	0	0	0	0	0	0	0	0	0	0	0	
146128	Angular_L	2456	0	0	0	0	0	0	0	0	0	0	0	0	0	0	0	266	0	0	0	0	0	0	0	0	0	0	0	142	0	0	0	110	0	0	0	0	0	0	0	0	0	378	0	688	0	0	0	4224	0	14896	0	178	0	0	0	652	0	208	0	19728	0	6538	0	0	0	410	0	884	0	0	0	0	0	0	0	0	0	318	0	2652	0	0	0	15906	0	0	0	2430	0	0	0	0	0	0	0	0	0	0	0	0	0	0	0	0	0	0	0	0	0	0	0	0	0	0	0	
129040	Angular_R	0	222	0	0	0	0	0	0	0	0	0	0	0	0	0	0	0	0	0	208	0	0	0	0	0	0	0	0	0	0	0	0	0	512	0	0	0	0	0	0	0	0	0	228	0	226	0	0	0	4530	0	17906	0	0	0	0	0	2072	0	5696	0	7834	0	7130	0	0	0	2140	0	706	0	0	0	0	0	0	0	0	0	0	0	4858	0	0	0	7720	0	0	0	2532	0	0	0	0	0	0	0	0	0	0	0	0	0	0	0	0	0	0	0	0	0	0	0	0	0	0	
282748	Precuneus_L	1194	0	0	0	0	0	0	0	0	0	0	0	0	0	0	0	240	0	738	394	0	0	0	0	0	0	0	0	124	0	0	0	6282	1446	7472	1024	6252	168	1538	0	0	0	13482	2912	12724	4862	7196	402	10822	4120	18476	970	1282	178	3746	148	1058	196	9368	580	1108	0	538	0	410	0	0	8726	3876	592	0	0	0	0	0	0	118	0	346	0	266	0	0	0	3360	498	0	0	2142	0	0	0	0	0	0	0	0	0	0	0	0	0	0	0	0	0	0	0	0	0	0	0	0	0	0	0	
479256	Precuneus_R	902	3894	0	0	0	0	0	0	0	0	0	0	0	0	0	0	0	236	0	7090	0	0	0	0	0	0	0	0	0	346	0	0	664	13412	1060	12182	502	6178	0	1760	0	0	486	33956	1068	19940	422	12088	0	15230	0	13518	0	8542	0	10606	0	13084	0	6480	0	1186	0	710	0	2140	8726	0	1266	15778	0	0	0	158	0	0	192	238	0	100	0	1092	0	0	0	18840	0	0	0	5310	0	0	0	0	0	0	0	0	0	0	0	0	0	0	0	0	0	0	0	0	246	0	0	0	0	0	
219480	Paracentral_Lobule_L	24190	1448	4898	1874	0	0	490	0	0	0	0	0	0	0	0	0	302	0	10306	14676	0	0	0	0	0	0	0	0	164	0	0	0	4614	10726	3266	786	244	130	0	0	0	0	1288	220	1334	124	270	0	1476	0	3902	102	0	0	100	126	2476	346	544	0	1092	0	380	240	884	0	3876	1266	0	6674	280	124	478	296	452	0	546	0	296	0	608	0	0	0	1452	112	0	0	262	0	0	0	0	0	0	0	0	0	0	0	0	0	0	0	0	0	0	0	0	0	0	0	0	0	0	0	
328556	Paracentral_Lobule_R	7592	9884	0	1040	0	0	1354	0	0	0	0	0	0	0	0	0	0	232	370	35992	0	0	0	0	0	0	0	0	0	140	0	0	838	21764	670	5272	916	836	114	0	0	0	0	3114	0	2192	166	528	0	1802	0	1868	0	1046	0	1428	0	15232	0	3790	0	722	0	808	0	706	592	15778	6674	0	2208	1060	198	0	584	0	10888	1260	0	0	0	376	0	0	0	3332	0	0	0	912	0	0	0	0	0	0	0	0	0	0	0	0	0	0	0	0	0	0	0	0	0	0	0	0	0	0	
457576	Caudate_L	8478	3884	11938	10790	2056	1904	5264	2798	218	478	2072	4752	1012	2328	858	1504	3828	508	10906	6052	11564	13648	922	3806	608	754	6432	4986	4236	5014	9244	8468	0	868	100	0	332	108	0	0	200	240	0	0	0	0	0	0	0	0	0	0	0	0	0	0	5144	356	0	0	230	0	530	136	0	0	0	0	280	2208	0	23282	21712	6112	2302	520	8964	1128	264	0	1386	348	146	386	0	196	0	0	0	0	0	0	0	0	0	0	0	0	0	0	0	0	0	0	0	0	0	0	0	0	0	0	0	0	0	0	
526520	Caudate_R	4032	7184	5536	30606	392	5896	3574	4640	0	1780	210	4364	114	3316	176	3328	190	4506	4942	11610	5660	9662	2292	14382	0	4396	1814	4988	552	7882	4434	24236	0	1034	0	0	138	286	0	176	0	400	0	0	0	0	0	0	0	0	0	0	0	0	0	144	430	584	0	0	0	0	0	96	0	0	0	0	124	1060	23282	0	7678	24604	480	2574	3270	18258	0	1098	0	438	0	308	0	104	0	0	0	0	0	0	0	0	0	0	0	0	0	0	0	0	0	0	0	0	0	0	0	0	0	0	0	0	0	0	
366792	Putamen_L	3746	802	24408	1554	2828	324	2868	736	98	162	2480	1338	870	890	2184	266	1696	0	21540	986	3046	3904	2576	510	868	266	504	1152	17592	1588	10426	1696	0	220	0	0	9220	110	3766	0	574	106	0	0	0	0	636	0	0	0	0	0	0	0	1982	0	1034	0	0	0	0	0	0	122	0	0	0	0	478	198	21712	7678	0	3686	8434	322	4506	530	120	0	388	0	2038	0	568	0	0	0	1064	0	0	0	0	0	0	0	0	0	0	0	0	0	0	0	0	0	0	0	0	0	0	0	0	0	0	0	
441004	Putamen_R	2578	4766	3978	14898	142	3474	586	9018	0	2438	188	9208	0	8506	0	3900	114	4368	4124	5012	2208	3298	956	6634	0	3096	538	2484	280	28448	1830	9738	0	492	188	206	204	11922	0	6898	0	1420	0	0	0	0	0	538	0	0	0	0	0	130	0	7194	192	1016	0	0	0	0	0	114	0	0	0	158	296	0	6112	24604	3686	0	158	5726	974	9132	0	156	0	734	0	622	0	106	0	0	0	716	0	0	0	0	0	0	0	0	0	0	0	0	0	0	0	0	0	0	0	0	0	0	0	0	0	0	
69964	Pallidum_L	2586	0	7328	218	0	0	782	0	0	0	240	0	0	0	0	0	248	0	6550	838	0	358	0	0	0	0	0	0	318	104	0	0	0	194	0	0	916	0	0	0	0	0	0	0	0	0	0	0	0	0	0	0	0	0	0	0	166	0	0	0	0	0	0	0	0	0	0	0	452	584	2302	480	8434	158	0	0	1726	0	0	0	0	0	0	0	0	0	0	0	0	0	0	0	0	0	0	0	0	0	0	0	0	0	0	0	0	0	0	0	0	0	0	0	0	0	0	0	
57052	Pallidum_R	280	1178	372	1264	0	98	0	1990	0	0	0	1102	0	358	0	0	0	410	414	158	0	0	0	186	0	0	0	0	0	632	0	258	0	0	0	0	0	3836	0	3330	0	0	0	0	0	0	0	342	0	0	0	0	0	0	0	2456	0	96	0	0	0	0	0	0	0	0	0	0	0	0	520	2574	322	5726	0	0	0	624	0	0	0	0	0	0	0	0	0	0	0	0	0	0	0	0	0	0	0	0	0	0	0	0	0	0	0	0	0	0	0	0	0	0	0	0	0	0	
299608	Thalamus_L	15386	3886	1718	2624	0	0	2916	426	0	0	1184	360	0	126	0	0	562	150	946	12254	0	0	0	398	0	0	0	0	3626	934	1220	530	0	2300	7158	6136	12620	8518	1346	3836	0	0	0	0	0	0	1458	2534	0	0	112	0	122	0	1186	298	1216	128	0	0	0	0	0	0	0	0	118	192	546	10888	8964	3270	4506	974	1726	0	0	16636	1034	0	594	0	0	0	970	0	0	0	1172	0	0	0	0	0	0	0	0	0	0	0	0	0	0	0	0	0	0	0	0	0	0	0	0	0	0	0	
307260	Thalamus_R	7368	16386	414	10252	0	146	620	3802	0	0	196	1846	0	406	0	0	132	1158	216	2564	0	0	350	1324	0	0	0	0	652	4228	296	1264	0	442	6970	6020	5976	13876	630	6832	0	0	0	0	0	0	542	3722	0	0	0	0	0	302	406	2264	646	530	0	0	0	0	0	0	0	0	0	238	0	1260	1128	18258	530	9132	0	624	16636	0	758	160	338	244	0	152	464	258	0	0	282	390	0	0	0	0	0	0	0	0	0	0	0	0	0	0	0	0	0	0	0	0	0	0	0	0	0	0	
91224	Heschl_L	2728	0	368	0	0	0	376	0	0	0	1720	0	142	0	0	0	3268	0	362	0	0	0	0	0	0	0	0	0	5580	0	0	0	0	0	984	798	2726	782	0	396	0	0	232	0	210	0	200	184	0	0	1340	0	1054	0	646	0	2650	0	0	0	174	0	130	0	318	0	346	0	296	0	264	0	120	0	0	0	1034	758	0	0	4366	0	0	0	6936	0	0	0	3956	0	168	0	0	0	0	0	0	0	0	0	0	0	0	0	0	0	0	0	0	0	0	0	0	0	0	0	
45764	Heschl_R	0	306	0	0	0	0	0	0	0	0	0	174	0	0	0	0	0	5444	0	0	0	0	0	0	0	0	0	0	0	4642	0	0	0	0	0	0	0	908	0	0	0	0	0	0	0	0	0	0	0	0	0	0	0	398	0	874	0	530	0	0	0	0	0	362	0	0	0	100	0	0	0	1098	0	156	0	0	0	160	0	0	0	6096	0	300	0	926	0	0	0	408	0	0	0	0	0	0	0	0	0	0	0	0	0	0	0	0	0	0	0	0	0	0	0	0	0	0	
256376	Temporal_Sup_L	3656	282	3290	160	0	0	2886	0	0	0	5606	0	590	0	0	0	13260	0	1838	110	0	0	0	0	0	0	0	0	13016	0	0	0	0	0	484	340	2650	342	358	132	0	0	0	0	98	0	100	0	0	0	874	0	190	0	4314	0	4582	0	0	0	1346	0	5634	0	2652	0	266	0	608	0	1386	0	388	0	0	0	594	338	4366	0	0	0	7886	0	28596	0	0	0	14150	0	312	0	0	0	0	0	160	0	348	0	0	0	0	0	0	0	0	0	0	0	0	0	0	0	0	0	
212132	Temporal_Sup_R	152	560	122	1136	0	0	228	356	0	0	0	2282	0	380	0	272	0	8382	0	1162	0	0	0	0	0	0	0	0	0	13122	0	0	0	282	0	152	0	4094	0	0	0	0	0	574	0	162	0	148	0	132	0	2522	0	3210	0	5050	0	3294	0	0	0	716	0	7644	0	4858	0	1092	0	376	348	438	0	734	0	0	0	244	0	6096	0	0	0	5142	0	22340	0	140	0	8124	0	0	0	0	0	0	0	0	0	0	0	0	0	0	0	0	0	0	0	0	0	0	0	0	0	0	
146024	Temporal_Pole_Sup_L	1394	182	2250	126	928	0	2420	0	396	0	6386	0	602	0	3190	0	5814	0	1196	206	338	0	0	0	0	0	0	0	11682	0	214	0	0	110	0	0	2202	0	634	0	1842	0	0	0	0	0	0	0	0	0	0	0	0	0	1402	0	206	0	0	0	0	0	0	0	0	0	0	0	0	0	146	0	2038	0	0	0	0	0	0	0	7886	0	0	0	8840	0	2644	0	7738	0	0	0	0	0	0	0	0	0	0	0	0	0	0	0	0	0	0	0	0	0	0	0	0	0	0	0	
82500	Temporal_Pole_Sup_R	160	0	138	1288	0	0	242	320	0	0	0	2264	0	0	0	864	0	912	0	1058	0	0	0	0	0	0	0	0	0	4422	0	0	0	0	0	0	0	618	0	2506	0	1376	0	0	0	0	0	0	0	0	0	0	0	0	0	6746	0	0	0	0	0	0	0	0	0	0	0	0	0	0	386	308	0	622	0	0	0	152	0	300	0	5142	0	0	0	5166	0	2492	0	3768	0	0	0	0	0	0	0	0	0	0	0	0	0	0	0	0	0	0	0	0	0	0	0	0	0	0	
371696	Temporal_Mid_L	3744	0	196	0	0	0	378	0	0	0	462	0	0	0	388	0	2974	0	266	0	0	0	0	0	0	0	0	0	5924	0	0	0	160	0	1146	464	1960	474	276	166	0	0	3332	0	2194	0	1994	0	4290	0	21138	0	3248	0	3728	0	1158	0	480	0	9996	0	7060	0	15906	0	3360	0	1452	0	0	0	568	0	0	0	970	464	6936	0	28596	0	8840	0	0	0	2850	0	38078	0	232	0	0	0	0	0	0	0	0	0	0	0	0	0	0	0	0	0	0	0	0	0	0	0	0	0	
336736	Temporal_Mid_R	166	2016	0	960	0	0	128	442	0	0	0	1346	0	0	0	0	0	984	0	1922	0	0	0	0	0	0	0	0	0	7630	0	0	0	2554	0	994	0	1940	0	0	0	0	0	10028	0	4350	0	792	0	3988	0	18504	0	3752	0	5138	0	4388	0	178	0	796	0	5282	0	7720	498	18840	112	3332	196	104	0	106	0	0	0	258	0	926	0	22340	0	5166	0	0	0	724	0	29768	0	0	0	0	0	0	0	0	0	0	0	0	0	0	0	0	0	0	0	0	0	0	0	0	0	0	
19092	Temporal_Pole_Mid_L	0	0	0	0	0	0	0	0	0	0	0	0	0	0	0	0	0	0	0	0	0	0	0	0	0	0	0	0	0	0	0	0	0	0	0	0	0	0	0	0	0	0	0	0	0	0	0	0	0	0	0	0	0	0	856	0	0	0	0	0	0	0	0	0	0	0	0	0	0	0	0	0	0	0	0	0	0	0	0	0	0	0	2644	0	2850	0	0	0	3196	0	0	0	0	0	0	0	0	0	0	0	0	0	0	0	0	0	0	0	0	0	0	0	0	0	0	0	
15260	Temporal_Pole_Mid_R	0	0	0	0	0	0	0	0	0	0	0	0	0	0	0	0	0	0	0	0	0	0	0	0	0	0	0	0	0	0	0	0	0	0	0	0	0	0	0	1392	0	372	0	0	0	0	0	0	0	0	0	0	0	0	0	1542	0	0	0	0	0	0	0	0	0	0	0	0	0	0	0	0	0	0	0	0	0	0	0	0	0	140	0	2492	0	724	0	0	0	968	0	0	0	0	0	0	0	0	0	0	0	0	0	0	0	0	0	0	0	0	0	0	0	0	0	0	
289660	Temporal_Inf_L	596	0	876	0	0	0	274	0	0	0	328	0	244	0	280	0	928	0	596	0	0	0	0	0	0	0	0	0	8040	0	0	0	0	0	866	264	10528	292	2050	112	1106	0	864	0	784	0	1466	0	144	0	5510	0	4844	0	17434	0	216	0	0	0	2412	0	354	0	2430	0	2142	0	262	0	0	0	1064	0	0	0	1172	282	3956	0	14150	0	7738	0	38078	0	3196	0	0	0	4064	0	1008	0	0	0	670	0	1660	0	372	0	908	0	270	0	0	0	0	0	0	0	0	0	0	0	
214696	Temporal_Inf_R	0	998	0	142	0	0	0	208	0	0	0	0	0	0	0	202	0	420	0	750	0	0	0	0	0	0	0	0	0	8772	0	0	0	688	0	632	0	5250	0	470	0	458	0	2550	0	0	0	802	0	0	0	1836	0	4204	0	17682	0	360	0	0	0	306	0	4360	0	2532	0	5310	0	912	0	0	0	716	0	0	0	390	0	408	0	8124	0	3768	0	29768	0	968	0	0	0	2356	0	306	0	0	0	0	0	384	0	0	0	316	0	0	0	0	0	0	0	0	0	0	0	0	
384128	Cerebelum_Crus1_L	0	0	0	0	0	0	0	0	0	0	0	0	0	0	0	0	0	0	0	0	0	0	0	0	0	0	0	0	166	0	0	0	0	0	0	0	512	0	1214	0	0	0	418	0	0	0	6200	1288	0	0	0	0	594	0	20544	168	0	0	0	0	0	0	0	0	0	0	0	0	0	0	0	0	0	0	0	0	0	0	168	0	312	0	0	0	232	0	0	0	4064	0	0	2068	26804	3416	2104	690	15486	230	47848	1590	11118	914	14450	2742	7796	972	1104	0	570	794	1532	4576	5894	1686	1266	534	
394672	Cerebelum_Crus1_R	0	0	0	0	0	0	0	0	0	0	0	0	0	0	0	0	0	0	0	0	0	0	0	0	0	0	0	0	0	0	0	0	0	0	0	0	0	674	0	1480	0	0	482	0	0	0	818	6586	0	0	0	0	0	300	254	14996	0	0	0	0	0	0	0	0	0	0	0	0	0	0	0	0	0	0	0	0	0	0	0	0	0	0	0	0	0	0	0	0	0	2356	2068	0	1620	27930	96	5384	1374	21304	1722	54148	218	5324	242	18126	0	3034	0	226	874	3028	5404	5244	7332	1954	2000	738	
341900	Cerebelum_Crus2_L	0	0	0	0	0	0	0	0	0	0	0	0	0	0	0	0	0	0	0	0	0	0	0	0	0	0	0	0	0	0	0	0	0	0	0	0	0	0	0	0	0	0	0	0	0	0	426	264	0	0	0	0	0	0	1260	0	0	0	0	0	0	0	0	0	0	0	0	0	0	0	0	0	0	0	0	0	0	0	0	0	0	0	0	0	0	0	0	0	1008	0	26804	1620	0	11510	188	400	678	0	3814	228	38466	7266	35228	6692	11830	656	1060	0	246	190	0	1142	12298	6526	934	216	
378048	Cerebelum_Crus2_R	0	0	0	0	0	0	0	0	0	0	0	0	0	0	0	0	0	0	0	0	0	0	0	0	0	0	0	0	0	0	0	0	0	0	0	0	0	0	0	0	0	0	0	0	0	0	150	770	0	0	0	0	0	0	0	612	0	0	0	0	0	0	0	0	0	0	0	0	0	0	0	0	0	0	0	0	0	0	0	0	0	0	0	0	0	0	0	0	0	306	3416	27930	11510	0	0	1566	248	1328	382	7750	6890	34028	4796	43588	1030	11066	0	382	464	978	744	1770	14080	9908	2936	396	
36700	Cerebelum_3_L	0	0	0	0	0	0	0	0	0	0	0	0	0	0	0	0	0	0	0	0	0	0	0	0	0	0	0	0	0	0	0	0	0	0	0	0	0	0	466	0	0	0	0	0	0	0	148	0	0	0	0	0	0	0	240	0	0	0	0	0	0	0	0	0	0	0	0	0	0	0	0	0	0	0	0	0	0	0	0	0	0	0	0	0	0	0	0	0	0	0	2104	96	188	0	0	0	5286	0	3912	112	144	0	336	0	1258	0	0	0	1308	1452	1086	214	0	0	0	0	
73592	Cerebelum_3_R	0	0	0	0	0	0	0	0	0	0	0	0	0	0	0	0	0	0	0	0	0	0	0	0	0	0	0	0	0	0	0	0	0	0	0	0	0	156	0	194	0	0	0	0	0	0	128	576	0	0	0	0	0	0	0	354	0	0	0	0	0	0	0	0	0	0	0	0	0	0	0	0	0	0	0	0	0	0	0	0	0	0	0	0	0	0	0	0	0	0	690	5384	400	1566	0	0	298	4662	428	7056	294	96	338	1958	0	1540	0	0	754	3148	694	804	1770	1620	1534	354	
212168	Cerebelum_4_5_L	0	0	0	0	0	0	0	0	0	0	0	0	0	0	0	0	0	0	0	0	0	0	0	0	0	0	0	0	150	0	0	0	0	0	0	0	600	0	1748	0	228	0	1732	0	0	0	11608	1832	0	0	0	0	384	0	12114	0	0	0	0	0	0	0	0	0	0	0	0	0	0	0	0	0	0	0	0	0	0	0	0	0	160	0	0	0	0	0	0	0	670	0	15486	1374	678	248	5286	298	0	902	29576	1744	446	0	972	682	2664	200	186	0	1236	1872	7724	1670	296	114	444	760	
180768	Cerebelum_4_5_R	0	0	0	0	0	0	0	0	0	0	0	0	0	0	0	0	0	0	0	0	0	0	0	0	0	0	0	0	0	0	0	0	0	0	0	0	0	1756	0	2610	0	486	666	0	0	0	832	6002	0	0	0	0	0	166	184	8346	0	0	0	0	0	0	0	0	0	0	0	0	0	0	0	0	0	0	0	0	0	0	0	0	0	0	0	0	0	0	0	0	0	0	230	21304	0	1328	0	4662	902	0	658	27852	0	0	0	1382	0	622	0	336	196	1322	6112	554	548	670	658	0	
364928	Cerebelum_6_L	0	0	0	0	0	0	0	0	0	0	0	0	0	0	0	0	0	0	0	0	0	0	0	0	0	0	0	0	288	0	0	0	0	0	0	0	706	0	2080	0	96	0	1334	0	0	0	15076	4260	0	0	132	0	900	0	28138	494	0	0	0	0	0	0	0	0	0	0	0	0	0	0	0	0	0	0	0	0	0	0	0	0	348	0	0	0	0	0	0	0	1660	0	47848	1722	3814	382	3912	428	29576	658	0	3168	3406	0	4060	530	5804	630	688	0	624	1158	6386	7858	1550	674	1160	916	
339188	Cerebelum_6_R	0	0	0	0	0	0	0	0	0	0	0	0	0	0	0	0	0	0	0	0	0	0	0	0	0	0	0	0	0	0	0	0	0	0	0	0	0	772	0	1620	0	0	644	0	0	0	1282	9432	0	0	0	0	0	538	624	16516	0	0	0	0	0	0	0	0	0	0	0	0	0	0	0	0	0	0	0	0	0	0	0	0	0	0	0	0	0	0	0	0	0	384	1590	54148	228	7750	112	7056	1744	27852	3168	0	0	316	114	4626	0	722	0	0	956	3418	8132	7332	5074	1144	1478	822	
274744	Cerebelum_7b_L	0	0	0	0	0	0	0	0	0	0	0	0	0	0	0	0	0	0	0	0	0	0	0	0	0	0	0	0	0	0	0	0	0	0	0	0	0	0	0	0	0	0	0	0	0	0	0	154	0	0	0	0	0	0	356	0	0	0	0	0	0	0	0	0	0	0	0	0	0	0	0	0	0	0	0	0	0	0	0	0	0	0	0	0	0	0	0	0	372	0	11118	218	38466	6890	144	294	446	0	3406	0	0	6982	35198	6272	9718	524	740	0	184	114	0	724	6802	7368	738	144	
222000	Cerebelum_7b_R	0	0	0	0	0	0	0	0	0	0	0	0	0	0	0	0	0	0	0	0	0	0	0	0	0	0	0	0	0	0	0	0	0	0	0	0	0	0	0	0	0	0	0	0	0	0	0	0	0	0	0	0	0	0	0	0	0	0	0	0	0	0	0	0	0	0	0	0	0	0	0	0	0	0	0	0	0	0	0	0	0	0	0	0	0	0	0	0	0	0	914	5324	7266	34028	0	96	0	0	0	316	6982	0	5038	29338	892	5928	0	114	0	0	0	0	6290	8036	438	0	
304876	Cerebelum_8_L	0	0	0	0	0	0	0	0	0	0	0	0	0	0	0	0	0	0	0	0	0	0	0	0	0	0	0	0	0	0	0	0	0	0	0	0	0	0	0	0	0	0	0	0	0	0	0	212	0	0	0	0	0	0	1002	0	0	0	0	0	0	0	0	0	0	0	0	0	0	0	0	0	0	0	0	0	0	0	0	0	0	0	0	0	0	0	0	0	908	0	14450	242	35228	4796	336	338	972	0	4060	114	35198	5038	0	6568	20516	2390	2424	0	148	108	0	1172	4828	8760	2408	222	
334296	Cerebelum_8_R	0	0	0	0	0	0	0	0	0	0	0	0	0	0	0	0	0	0	0	0	0	0	0	0	0	0	0	0	0	0	0	0	0	0	0	0	0	0	0	0	0	0	208	0	0	0	226	136	0	0	0	0	0	0	0	410	0	0	0	0	0	0	0	0	0	0	0	0	0	0	0	0	0	0	0	0	0	0	0	0	0	0	0	0	0	0	0	0	0	316	2742	18126	6692	43588	0	1958	682	1382	530	4626	6272	29338	6568	0	1656	15644	0	702	514	1628	1294	384	7966	10506	2728	326	
155216	Cerebelum_9_L	0	0	0	0	0	0	0	0	0	0	0	0	0	0	0	0	0	0	0	0	0	0	0	0	0	0	0	0	0	0	0	0	0	0	0	0	0	0	0	0	0	0	0	0	0	0	0	706	0	0	0	0	0	0	584	0	0	0	0	0	0	0	0	0	0	0	0	0	0	0	0	0	0	0	0	0	0	0	0	0	0	0	0	0	0	0	0	0	270	0	7796	0	11830	1030	1258	0	2664	0	5804	0	9718	892	20516	1656	0	1806	3640	0	0	0	880	844	632	2756	1804	522	
144036	Cerebelum_9_R	0	0	0	0	0	0	0	0	0	0	0	0	0	0	0	0	0	0	0	0	0	0	0	0	0	0	0	0	0	0	0	0	0	0	0	0	0	0	0	0	0	0	0	0	0	0	0	566	0	0	0	0	0	0	0	0	0	0	0	0	0	0	0	0	0	0	0	0	0	0	0	0	0	0	0	0	0	0	0	0	0	0	0	0	0	0	0	0	0	0	972	3034	656	11066	0	1540	200	622	630	722	524	5928	2390	15644	1806	0	0	2292	618	656	910	2506	3028	6060	7370	2278	
20544	Cerebelum_10_L	0	0	0	0	0	0	0	0	0	0	0	0	0	0	0	0	0	0	0	0	0	0	0	0	0	0	0	0	0	0	0	0	0	0	0	0	0	0	0	0	0	0	0	0	0	0	0	0	0	0	0	0	0	0	118	0	0	0	0	0	0	0	0	0	0	0	0	0	0	0	0	0	0	0	0	0	0	0	0	0	0	0	0	0	0	0	0	0	0	0	1104	0	1060	0	0	0	186	0	688	0	740	0	2424	0	3640	0	0	0	0	0	0	124	0	0	188	0	
11200	Cerebelum_10_R	0	0	0	0	0	0	0	0	0	0	0	0	0	0	0	0	0	0	0	0	0	0	0	0	0	0	0	0	0	0	0	0	0	0	0	0	0	0	0	0	0	0	0	0	0	0	0	0	0	0	0	0	0	0	0	0	0	0	0	0	0	0	0	0	0	0	0	0	0	0	0	0	0	0	0	0	0	0	0	0	0	0	0	0	0	0	0	0	0	0	0	226	0	382	0	0	0	336	0	0	0	114	0	702	0	2292	0	0	0	0	0	0	326	510	712	0	
38256	Vermis_1_2	0	0	0	0	0	0	0	0	0	0	0	0	0	0	0	0	0	0	0	0	0	0	0	0	0	0	0	0	0	0	0	0	0	0	0	0	0	0	0	0	0	0	0	0	0	0	144	0	0	0	0	0	0	0	0	0	0	0	0	0	0	0	0	0	0	0	0	0	0	0	0	0	0	0	0	0	0	0	0	0	0	0	0	0	0	0	0	0	0	0	570	874	246	464	1308	754	1236	196	624	956	184	0	148	514	0	618	0	0	0	4306	1842	598	916	856	1068	706	
