data	data	614652	351184	846448	794548	147300	60400	579008	481504	81972	67832	306156	252240	298468	193956	215236	129780	218876	149020	531640	640860	83324	72624	501848	336600	40080	81692	60572	67680	696428	305856	406968	442324	343580	463808	94124	115336	223916	184748	55000	88532	39996	38700	139480	251532	102712	291520	186516	226320	319404	322656	457244	212088	181476	111944	285028	272876	266356	183880	250356	147092	200924	113228	87692	92524	111036	109628	295196	347980	388448	220412	409320	585076	354328	460196	37028	25760	88656	116996	92976	18332	193500	81056	83348	59220	238224	158884	26956	14144	214916	100484	390348	396072	292484	194860	18392	81732	257028	255692	361536	393088	197440	73884	239960	214576	88168	107396	11968	5308	14392	69304	287080	140360	195792	110876	87704	43236	
data	data	Precentral_L	Precentral_R	Frontal_Sup_L	Frontal_Sup_R	Frontal_Sup_Orb_L	Frontal_Sup_Orb_R	Frontal_Mid_L	Frontal_Mid_R	Frontal_Mid_Orb_L	Frontal_Mid_Orb_R	Frontal_Inf_Oper_L	Frontal_Inf_Oper_R	Frontal_Inf_Tri_L	Frontal_Inf_Tri_R	Frontal_Inf_Orb_L	Frontal_Inf_Orb_R	Rolandic_Oper_L	Rolandic_Oper_R	Supp_Motor_Area_L	Supp_Motor_Area_R	Olfactory_L	Olfactory_R	Frontal_Sup_Medial_L	Frontal_Sup_Medial_R	Frontal_Med_Orb_L	Frontal_Med_Orb_R	Rectus_L	Rectus_R	Insula_L	Insula_R	Cingulum_Ant_L	Cingulum_Ant_R	Cingulum_Mid_L	Cingulum_Mid_R	Cingulum_Post_L	Cingulum_Post_R	Hippocampus_L	Hippocampus_R	ParaHippocampal_L	ParaHippocampal_R	Amygdala_L	Amygdala_R	Calcarine_L	Calcarine_R	Cuneus_L	Cuneus_R	Lingual_L	Lingual_R	Occipital_Sup_L	Occipital_Sup_R	Occipital_Mid_L	Occipital_Mid_R	Occipital_Inf_L	Occipital_Inf_R	Fusiform_L	Fusiform_R	Postcentral_L	Postcentral_R	Parietal_Sup_L	Parietal_Sup_R	Parietal_Inf_L	Parietal_Inf_R	SupraMarginal_L	SupraMarginal_R	Angular_L	Angular_R	Precuneus_L	Precuneus_R	Paracentral_Lobule_L	Paracentral_Lobule_R	Caudate_L	Caudate_R	Putamen_L	Putamen_R	Pallidum_L	Pallidum_R	Thalamus_L	Thalamus_R	Heschl_L	Heschl_R	Temporal_Sup_L	Temporal_Sup_R	Temporal_Pole_Sup_L	Temporal_Pole_Sup_R	Temporal_Mid_L	Temporal_Mid_R	Temporal_Pole_Mid_L	Temporal_Pole_Mid_R	Temporal_Inf_L	Temporal_Inf_R	Cerebelum_Crus1_L	Cerebelum_Crus1_R	Cerebelum_Crus2_L	Cerebelum_Crus2_R	Cerebelum_3_L	Cerebelum_3_R	Cerebelum_4_5_L	Cerebelum_4_5_R	Cerebelum_6_L	Cerebelum_6_R	Cerebelum_7b_L	Cerebelum_7b_R	Cerebelum_8_L	Cerebelum_8_R	Cerebelum_9_L	Cerebelum_9_R	Cerebelum_10_L	Cerebelum_10_R	Vermis_1_2	Vermis_3	Vermis_4_5	Vermis_6	Vermis_7	Vermis_8	Vermis_9	Vermis_10	
614652	Precentral_L	0	7664	24758	2572	90	0	27552	2366	0	0	17696	0	8026	0	158	216	14194	138	7628	8702	0	0	772	98	0	0	0	0	27136	0	950	366	652	1210	1126	794	12298	414	546	90	0	0	0	0	0	0	0	0	902	0	1114	0	678	0	1044	0	32986	438	1194	0	5214	0	1522	98	650	0	574	0	38096	4568	10094	3576	15970	430	2150	226	2472	950	7406	88	5246	0	0	0	302	0	0	0	1126	0	0	0	0	0	0	0	0	0	0	0	0	0	0	0	0	0	0	0	0	0	0	0	0	0	0	0	
351184	Precentral_R	7664	0	2542	18894	0	0	958	23934	0	714	1332	4486	274	240	156	1156	216	4268	2376	5088	0	0	350	0	0	0	0	0	1858	6948	406	574	210	140	474	990	210	3140	0	366	0	0	0	188	0	0	0	172	0	336	0	408	0	294	0	300	1796	15344	0	384	174	1556	0	1610	0	470	0	564	7778	17914	5476	10964	1656	9340	208	808	2592	3710	0	148	118	366	0	222	0	438	0	0	0	294	0	0	0	0	0	0	0	0	0	0	0	0	0	0	0	0	0	0	0	0	0	0	0	0	0	0	
846448	Frontal_Sup_L	24758	2542	0	6688	13652	0	81412	4290	4870	376	11310	1824	12450	124	8810	794	6208	0	40154	7696	232	0	53050	9492	1858	0	1470	0	29874	0	24412	7372	12646	5598	0	0	492	124	0	0	0	0	0	0	0	0	0	0	0	0	0	0	0	0	228	0	1162	0	0	0	864	0	0	0	0	0	0	0	2734	674	15312	4610	17518	520	0	0	0	156	1018	0	3200	0	450	0	0	0	0	0	200	0	0	0	0	0	0	0	0	0	0	0	0	0	0	0	0	0	0	0	0	0	0	0	0	0	0	0	
794548	Frontal_Sup_R	2572	18894	6688	0	0	1620	2026	65150	0	2140	4036	14382	864	16902	372	4606	414	4118	13174	42450	0	98	7806	26750	0	2936	0	768	6096	11260	6572	26376	4264	23028	0	0	0	2380	0	702	0	120	0	0	0	0	0	0	0	0	0	0	0	0	0	722	202	744	0	0	0	0	0	110	0	0	0	0	1324	186	7078	31100	618	29578	0	2890	528	1304	0	0	104	422	0	800	0	0	0	0	0	0	0	0	0	0	0	0	0	0	0	0	0	0	0	0	0	0	0	0	0	0	0	0	0	0	0	0	
147300	Frontal_Sup_Orb_L	90	0	13652	0	0	0	2166	0	11122	0	0	0	880	0	8614	0	0	0	1060	0	1542	0	8210	118	4616	0	5538	0	4658	0	3864	286	0	0	0	0	0	0	246	0	244	0	0	0	0	0	0	0	0	0	0	0	0	0	0	0	0	0	0	0	0	0	0	0	0	0	0	0	110	0	476	122	5876	0	0	0	0	0	0	0	0	0	160	0	0	0	0	0	0	0	0	0	0	0	0	0	0	0	0	0	0	0	0	0	0	0	0	0	0	0	0	0	0	0	0	0	
60400	Frontal_Sup_Orb_R	0	0	0	1620	0	0	0	432	0	1798	0	0	0	0	0	1896	0	0	0	0	696	1624	290	1380	368	7874	188	6900	0	246	124	456	0	0	0	0	0	0	0	0	0	0	0	0	0	0	0	0	0	0	0	0	0	0	0	0	0	0	0	0	0	0	0	0	0	0	0	0	0	0	680	1046	0	2582	0	0	0	0	0	0	0	0	0	0	0	0	0	0	0	0	0	0	0	0	0	0	0	0	0	0	0	0	0	0	0	0	0	0	0	0	0	0	0	0	0	0	
579008	Frontal_Mid_L	27552	958	81412	2026	2166	0	0	1794	4084	250	14914	1676	38366	0	11610	480	5618	0	11982	1284	0	0	15524	1490	348	0	218	0	23578	0	7988	2752	7846	2230	130	0	220	0	0	0	0	0	0	0	0	0	0	0	0	0	0	0	0	0	0	0	1962	0	0	0	1032	0	0	0	0	0	0	0	526	540	7464	1402	5680	278	0	0	0	0	716	0	888	0	520	0	0	0	0	0	0	0	0	0	0	0	0	0	0	0	0	0	0	0	0	0	0	0	0	0	0	0	0	0	0	0	0	0	
481504	Frontal_Mid_R	2366	23934	4290	65150	0	432	1794	0	0	1828	4156	17174	1022	21632	644	3340	410	3206	4750	13824	0	0	1582	2256	0	126	0	0	7042	8922	1344	2888	2966	5958	0	0	0	444	0	0	0	0	0	0	0	0	0	0	0	0	0	0	0	0	0	0	202	472	0	0	0	0	0	96	0	0	0	0	1056	0	7710	13418	422	11950	0	592	418	360	0	0	102	180	0	294	0	0	0	0	0	0	0	0	0	0	0	0	0	0	0	0	0	0	0	0	0	0	0	0	0	0	0	0	0	0	0	0	
81972	Frontal_Mid_Orb_L	0	0	4870	0	11122	0	4084	0	0	0	0	0	886	0	12550	0	0	0	500	0	0	0	674	0	244	0	1792	0	1348	0	82	0	0	0	0	0	0	0	0	0	0	0	0	0	0	0	0	0	0	0	0	0	0	0	0	0	0	0	0	0	0	0	0	0	0	0	0	0	0	0	0	0	2518	0	0	0	0	0	0	0	0	0	316	0	0	0	0	0	0	0	0	0	0	0	0	0	0	0	0	0	0	0	0	0	0	0	0	0	0	0	0	0	0	0	0	0	
67832	Frontal_Mid_Orb_R	0	714	376	2140	0	1798	250	1828	0	0	204	0	154	616	146	11926	0	0	214	1004	0	0	158	0	0	0	0	354	410	686	124	132	222	192	0	0	0	0	0	0	0	0	0	0	0	0	0	0	0	0	0	0	0	0	0	0	0	0	0	0	0	0	0	0	0	0	0	0	0	0	754	5716	82	3574	0	0	0	142	0	0	0	0	0	0	0	0	0	0	0	0	0	0	0	0	0	0	0	0	0	0	0	0	0	0	0	0	0	0	0	0	0	0	0	0	0	0	
306156	Frontal_Inf_Oper_L	17696	1332	11310	4036	0	0	14914	4156	0	204	0	0	18958	0	158	934	11150	0	8652	714	0	0	678	0	0	0	0	0	27366	0	294	0	334	130	92	0	92	188	0	0	0	0	0	0	0	0	0	0	0	0	0	0	0	0	0	0	3808	0	0	0	0	0	0	0	0	0	0	0	1202	0	11204	3932	1640	126	0	0	0	168	1106	0	3832	0	2672	0	0	0	0	0	0	0	0	0	0	0	0	0	0	0	0	0	0	0	0	0	0	0	0	0	0	0	0	0	0	0	0	0	
252240	Frontal_Inf_Oper_R	0	4486	1824	14382	0	0	1676	17174	0	0	0	0	460	14990	482	406	0	8152	724	10614	0	0	380	1370	0	0	0	0	446	14762	474	2034	276	3962	0	0	0	222	0	0	0	0	0	0	0	0	0	0	0	0	0	0	0	0	0	0	0	496	0	0	0	0	0	0	0	0	0	0	0	0	2376	9014	114	11484	0	0	0	132	0	0	0	1374	0	1834	0	0	0	0	0	0	0	0	0	0	0	0	0	0	0	0	0	0	0	0	0	0	0	0	0	0	0	0	0	0	0	0	
298468	Frontal_Inf_Tri_L	8026	274	12450	864	880	0	38366	1022	886	154	18958	460	0	0	23268	362	668	0	4192	264	100	0	1238	0	0	0	0	0	24482	0	800	498	500	188	0	0	0	0	0	0	0	0	0	0	0	0	0	0	0	0	0	0	0	0	0	0	268	0	0	0	0	0	0	0	0	0	0	0	204	112	4288	996	2394	0	0	0	0	0	92	0	278	0	1702	0	0	0	0	0	0	0	0	0	0	0	0	0	0	0	0	0	0	0	0	0	0	0	0	0	0	0	0	0	0	0	0	0	
193956	Frontal_Inf_Tri_R	0	240	124	16902	0	0	0	21632	0	616	0	14990	0	0	0	2346	0	0	844	10136	0	0	372	2246	0	0	0	0	0	9284	166	1820	190	6318	0	0	0	0	0	0	0	0	0	0	0	0	0	0	0	0	0	0	0	0	0	0	0	0	0	0	0	0	0	0	0	0	0	0	0	0	84	3248	0	5420	0	0	0	0	0	0	0	0	0	0	0	0	0	0	0	0	0	0	0	0	0	0	0	0	0	0	0	0	0	0	0	0	0	0	0	0	0	0	0	0	0	0	
215236	Frontal_Inf_Orb_L	158	156	8810	372	8614	0	11610	644	12550	146	158	482	23268	0	0	330	0	0	874	122	1576	0	1686	0	86	0	600	0	19784	0	654	478	216	120	0	0	328	0	196	0	408	0	0	0	0	0	0	0	0	0	0	0	0	0	82	0	0	0	0	0	0	0	0	0	0	0	0	0	168	100	3772	858	4988	0	0	0	0	0	0	0	276	0	2860	0	0	0	88	0	0	0	0	0	0	0	0	0	0	0	0	0	0	0	0	0	0	0	0	0	0	0	0	0	0	0	0	0	
129780	Frontal_Inf_Orb_R	216	1156	794	4606	0	1896	480	3340	0	11926	934	406	362	2346	330	0	262	0	832	2436	156	566	302	0	0	0	0	740	1456	3926	302	396	548	1004	0	0	0	102	0	0	0	0	0	0	0	0	0	0	0	0	0	0	0	0	0	0	0	0	0	0	0	0	0	0	0	0	0	0	0	0	2346	13290	264	6722	0	0	0	298	0	0	0	0	0	150	0	0	0	0	0	0	0	0	0	0	0	0	0	0	0	0	0	0	0	0	0	0	0	0	0	0	0	0	0	0	0	0	
218876	Rolandic_Oper_L	14194	216	6208	414	0	0	5618	410	0	0	11150	0	668	0	0	262	0	0	6068	274	0	0	144	0	0	0	0	0	23168	0	148	0	178	94	462	0	540	0	0	0	0	0	0	0	0	0	0	0	184	0	568	0	712	0	478	0	10374	0	178	0	272	0	1136	0	344	0	102	0	3898	0	2772	1408	450	0	0	0	0	0	6032	0	7388	0	1776	0	698	0	0	0	452	0	0	0	0	0	0	0	0	0	0	0	0	0	0	0	0	0	0	0	0	0	0	0	0	0	0	0	
149020	Rolandic_Oper_R	138	4268	0	4118	0	0	0	3206	0	0	0	8152	0	0	0	0	0	0	90	4822	0	0	0	0	0	0	0	0	0	15240	0	174	0	0	0	0	0	416	0	82	0	0	0	0	0	0	0	0	0	0	0	0	0	0	0	0	0	5038	0	0	0	194	0	1866	0	152	0	0	90	0	0	9334	0	9974	0	182	0	340	0	1646	0	2884	0	2104	0	0	0	0	0	0	0	0	0	0	0	0	0	0	0	0	0	0	0	0	0	0	0	0	0	0	0	0	0	0	0	0	
531640	Supp_Motor_Area_L	7628	2376	40154	13174	1060	0	11982	4750	500	214	8652	724	4192	844	874	832	6068	90	0	38128	0	0	12470	4616	0	0	112	0	19926	244	5820	5960	18980	20852	0	0	1058	136	90	0	0	0	0	0	0	0	0	0	0	0	0	0	0	0	0	0	978	106	84	0	0	0	0	0	0	0	0	0	10724	2724	3782	2990	6268	358	282	0	1326	736	784	0	1976	0	98	0	0	0	0	0	98	0	0	0	0	0	0	0	0	0	0	0	0	0	0	0	0	0	0	0	0	0	0	0	0	0	0	0	
640860	Supp_Motor_Area_R	8702	5088	7696	42450	0	0	1284	13824	0	1004	714	10614	264	10136	122	2436	274	4822	38128	0	0	0	4996	6482	0	0	0	0	1816	9948	2122	7760	10266	38750	0	996	0	1670	0	684	0	120	0	0	0	0	0	0	0	0	0	0	0	0	0	694	694	2986	0	0	0	0	0	124	0	0	86	142	15604	22364	1722	19010	700	13628	0	878	352	5948	0	110	0	888	0	1332	0	0	0	0	0	0	0	0	0	0	0	0	0	0	0	0	0	0	0	0	0	0	0	0	0	0	0	0	0	0	0	0	
83324	Olfactory_L	0	0	232	0	1542	696	0	0	0	0	0	0	100	0	1576	156	0	0	0	0	0	6686	84	0	432	624	4056	2224	2634	0	2940	2092	0	0	0	0	538	0	754	0	996	0	0	0	0	0	0	0	0	0	0	0	0	0	156	0	0	0	0	0	0	0	0	0	0	0	0	0	0	0	8032	2254	2280	0	0	0	0	0	0	0	306	0	272	0	0	0	0	0	0	0	0	0	0	0	0	0	0	0	0	0	0	0	0	0	0	0	0	0	0	0	0	0	0	0	0	0	
72624	Olfactory_R	0	0	0	98	0	1624	0	0	0	0	0	0	0	0	0	566	0	0	0	0	6686	0	0	250	262	1440	2612	3690	0	1786	2134	2452	0	0	0	0	0	238	0	118	0	482	0	0	0	0	0	0	0	0	0	0	0	0	0	0	0	0	0	0	0	0	0	0	0	0	0	0	0	0	7180	2612	1682	186	0	0	0	0	0	0	0	0	0	214	0	0	0	0	0	0	0	0	0	0	0	0	0	0	0	0	0	0	0	0	0	0	0	0	0	0	0	0	0	0	0	0	
501848	Frontal_Sup_Medial_L	772	350	53050	7806	8210	290	15524	1582	674	158	678	380	1238	372	1686	302	144	0	12470	4996	84	0	0	30064	3312	794	1090	148	2704	92	39488	19342	15890	13152	0	0	0	0	0	0	0	0	0	0	0	0	0	0	0	0	0	0	0	0	0	0	0	0	0	0	0	0	0	0	0	0	0	0	452	278	5090	1588	6004	670	0	0	0	0	0	0	0	0	0	0	0	0	0	0	0	0	0	0	0	0	0	0	0	0	0	0	0	0	0	0	0	0	0	0	0	0	0	0	0	0	0	0	
336600	Frontal_Sup_Medial_R	98	0	9492	26750	118	1380	1490	2256	0	0	0	1370	0	2246	0	0	0	0	4616	6482	0	250	30064	0	0	5750	0	1620	138	0	13064	27060	3744	15580	0	0	0	0	0	0	0	0	0	0	0	0	0	0	0	0	0	0	0	0	0	0	0	0	0	0	0	0	0	0	0	0	0	0	0	0	644	7632	410	5946	0	100	0	0	0	0	0	0	0	0	0	0	0	0	0	0	0	0	0	0	0	0	0	0	0	0	0	0	0	0	0	0	0	0	0	0	0	0	0	0	0	0	
40080	Frontal_Med_Orb_L	0	0	1858	0	4616	368	348	0	244	0	0	0	0	0	86	0	0	0	0	0	432	262	3312	0	0	640	2192	0	84	0	4246	198	0	0	0	0	0	0	0	0	0	0	0	0	0	0	0	0	0	0	0	0	0	0	0	0	0	0	0	0	0	0	0	0	0	0	0	0	0	0	490	0	664	0	0	0	0	0	0	0	0	0	0	0	0	0	0	0	0	0	0	0	0	0	0	0	0	0	0	0	0	0	0	0	0	0	0	0	0	0	0	0	0	0	0	0	
81692	Frontal_Med_Orb_R	0	0	0	2936	0	7874	0	126	0	0	0	0	0	0	0	0	0	0	0	0	624	1440	794	5750	640	0	432	7174	0	96	1296	4858	0	0	0	0	0	0	0	0	0	0	0	0	0	0	0	0	0	0	0	0	0	0	0	0	0	0	0	0	0	0	0	0	0	0	0	0	0	0	624	2722	88	3372	0	0	0	0	0	0	0	0	0	0	0	0	0	0	0	0	0	0	0	0	0	0	0	0	0	0	0	0	0	0	0	0	0	0	0	0	0	0	0	0	0	0	
60572	Rectus_L	0	0	1470	0	5538	188	218	0	1792	0	0	0	0	0	600	0	0	0	112	0	4056	2612	1090	0	2192	432	0	840	466	0	3000	738	0	0	0	0	0	0	0	0	0	0	0	0	0	0	0	0	0	0	0	0	0	0	0	0	0	0	0	0	0	0	0	0	0	0	0	0	0	0	3592	412	938	0	0	0	0	0	0	0	0	0	0	0	0	0	0	0	0	0	0	0	0	0	0	0	0	0	0	0	0	0	0	0	0	0	0	0	0	0	0	0	0	0	0	0	
67680	Rectus_R	0	0	0	768	0	6900	0	0	0	354	0	0	0	0	0	740	0	0	0	0	2224	3690	148	1620	0	7174	840	0	0	394	1070	3344	0	0	0	0	0	0	0	0	0	0	0	0	0	0	0	0	0	0	0	0	0	0	0	0	0	0	0	0	0	0	0	0	0	0	0	0	0	0	2200	1404	514	456	0	0	0	0	0	0	0	0	0	0	0	0	0	0	0	0	0	0	0	0	0	0	0	0	0	0	0	0	0	0	0	0	0	0	0	0	0	0	0	0	0	0	
696428	Insula_L	27136	1858	29874	6096	4658	0	23578	7042	1348	410	27366	446	24482	0	19784	1456	23168	0	19926	1816	2634	0	2704	138	84	0	466	0	0	0	1894	568	1446	554	1542	354	11474	432	1726	82	2700	0	0	0	0	0	0	0	448	0	624	0	450	0	4396	0	5020	0	296	0	396	0	0	0	140	0	276	0	6000	184	18032	5698	19872	196	0	0	508	326	8204	0	15930	0	6570	0	1042	0	374	0	3990	0	0	0	0	0	0	0	0	0	0	0	0	0	0	0	0	0	0	0	0	0	0	0	0	0	0	0	
305856	Insula_R	0	6948	0	11260	0	246	0	8922	0	686	0	14762	0	9284	0	3926	0	15240	244	9948	0	1786	92	0	0	96	0	394	0	0	0	156	0	588	0	0	0	2430	0	798	0	1172	0	0	0	0	0	0	0	0	0	0	0	0	0	702	0	2574	0	128	0	104	0	112	0	0	0	0	0	0	100	16724	0	34548	0	92	0	536	0	1242	0	3604	0	2534	0	390	0	0	0	560	0	0	0	0	0	0	0	0	0	0	0	0	0	0	0	0	0	0	0	0	0	0	0	0	0	0	
406968	Cingulum_Ant_L	950	406	24412	6572	3864	124	7988	1344	82	124	294	474	800	166	654	302	148	0	5820	2122	2940	2134	39488	13064	4246	1296	3000	1070	1894	0	0	29480	13404	10080	0	0	0	0	0	0	0	0	0	0	0	0	0	0	0	0	0	0	0	0	0	0	0	0	0	0	0	0	0	0	0	0	0	0	506	90	11326	4026	8010	784	0	0	0	0	0	0	0	0	0	0	0	0	0	0	0	0	0	0	0	0	0	0	0	0	0	0	0	0	0	0	0	0	0	0	0	0	0	0	0	0	0	0	
442324	Cingulum_Ant_R	366	574	7372	26376	286	456	2752	2888	0	132	0	2034	498	1820	478	396	0	174	5960	7760	2092	2452	19342	27060	198	4858	738	3344	568	156	29480	0	9536	30332	0	0	0	0	0	0	0	0	0	0	0	0	0	0	0	0	0	0	0	0	0	0	0	0	0	0	0	0	0	0	0	0	0	0	98	0	4378	16400	1134	8436	0	238	0	0	0	0	0	0	0	0	0	0	0	0	0	0	0	0	0	0	0	0	0	0	0	0	0	0	0	0	0	0	0	0	0	0	0	0	0	0	0	0	
343580	Cingulum_Mid_L	652	210	12646	4264	0	0	7846	2966	0	222	334	276	500	190	216	548	178	0	18980	10266	0	0	15890	3744	0	0	0	0	1446	0	13404	9536	0	23146	2746	760	0	0	0	0	0	0	864	178	412	0	348	0	4356	0	5168	0	810	0	158	0	1090	202	3970	0	550	0	106	0	666	0	10164	860	5462	1984	728	1312	538	0	0	0	0	0	0	0	0	0	0	0	898	0	0	0	0	0	0	0	0	0	0	0	0	0	0	0	0	0	0	0	0	0	0	0	0	0	0	0	0	0	0	0	
463808	Cingulum_Mid_R	1210	140	5598	23028	0	0	2230	5958	0	192	130	3962	188	6318	120	1004	94	0	20852	38750	0	0	13152	15580	0	0	0	0	554	588	10080	30332	23146	0	130	3186	0	0	0	0	0	0	0	598	0	466	0	178	0	308	0	220	0	0	0	0	0	2238	0	104	0	0	0	0	0	0	1564	3654	5214	8384	756	926	406	366	0	0	0	0	0	0	0	0	0	0	0	0	0	0	0	0	0	0	0	0	0	0	0	0	0	0	0	0	0	0	0	0	0	0	0	0	0	0	0	0	0	0	
94124	Cingulum_Post_L	1126	474	0	0	0	0	130	0	0	0	92	0	0	0	0	0	462	0	0	0	0	0	0	0	0	0	0	0	1542	0	0	0	2746	130	0	7010	6588	2426	1064	190	0	0	2580	0	372	0	2248	156	106	0	268	0	170	0	172	0	256	168	0	0	0	0	0	0	0	0	4246	544	4676	468	0	0	1074	0	0	0	3186	1618	310	0	230	0	0	0	0	0	0	0	124	0	0	0	0	0	0	0	110	0	0	0	0	0	0	0	0	0	0	0	0	0	0	0	0	0	0	0	
115336	Cingulum_Post_R	794	990	0	0	0	0	0	0	0	0	0	0	0	0	0	0	0	0	0	996	0	0	0	0	0	0	0	0	354	0	0	0	760	3186	7010	0	3112	3856	0	286	0	0	0	1924	0	894	0	2784	0	686	0	752	0	334	0	248	0	4424	0	0	0	0	0	0	0	0	718	10898	1150	4258	0	0	774	0	0	0	3334	1912	0	0	152	0	0	0	0	334	0	0	0	232	0	0	0	0	0	0	0	96	0	0	0	0	0	0	0	0	0	0	0	0	420	0	0	0	0	0	
223916	Hippocampus_L	12298	210	492	0	0	0	220	0	0	0	92	0	0	0	328	0	540	0	1058	0	538	0	0	0	0	0	0	0	11474	0	0	0	0	0	6588	3112	0	2094	8814	244	6950	0	1370	0	0	0	1238	262	0	0	0	0	234	0	9892	0	896	0	0	0	310	0	0	0	0	0	1460	514	9660	0	222	88	8272	130	862	0	3862	1138	4904	0	1710	0	984	0	340	0	120	0	8120	0	0	0	0	0	0	0	104	0	0	0	0	0	0	0	0	0	0	0	0	214	0	0	0	0	0	0	
184748	Hippocampus_R	414	3140	124	2380	0	0	0	444	0	0	188	222	0	0	0	102	0	416	136	1670	0	238	0	0	0	0	0	0	432	2430	0	0	0	0	2426	3856	2094	0	0	15554	0	7410	0	0	0	0	0	2036	0	0	0	0	0	0	0	19146	0	178	0	0	0	0	0	0	0	0	0	2716	218	604	238	1420	618	8426	0	280	2168	5148	0	90	98	438	0	1788	0	156	0	82	0	2218	0	0	0	0	0	0	0	212	0	0	0	0	0	0	0	0	0	0	0	0	420	0	0	0	0	0	
55000	ParaHippocampal_L	546	0	0	0	246	0	0	0	0	0	0	0	0	0	196	0	0	0	90	0	754	0	0	0	0	0	0	0	1726	0	0	0	0	0	1064	0	8814	0	0	0	2454	0	912	0	0	0	2110	104	0	0	98	0	252	0	3494	0	0	0	0	0	0	0	0	0	0	0	830	0	634	0	0	0	944	0	96	0	0	0	306	0	262	0	428	0	0	0	268	0	378	0	0	0	0	0	92	0	142	0	0	0	0	0	0	0	0	0	0	0	0	260	0	0	0	0	0	0	
88532	ParaHippocampal_R	90	366	0	702	0	0	0	0	0	0	0	0	0	0	0	0	0	82	0	684	0	118	0	0	0	0	0	0	82	798	0	0	0	0	190	286	244	15554	0	0	0	2550	0	0	0	0	0	1570	0	0	0	0	0	88	0	12346	0	0	0	0	0	0	0	0	0	0	0	484	88	140	0	518	100	3146	0	144	164	1728	0	0	0	0	0	1368	0	0	0	84	0	264	0	0	0	0	0	0	0	288	0	0	0	0	0	0	0	0	0	0	0	0	0	0	0	0	0	0	
39996	Amygdala_L	0	0	0	0	244	0	0	0	0	0	0	0	0	0	408	0	0	0	0	0	996	0	0	0	0	0	0	0	2700	0	0	0	0	0	0	0	6950	0	2454	0	0	0	0	0	0	0	0	0	0	0	0	0	0	0	2788	0	0	0	0	0	0	0	0	0	0	0	0	0	0	0	0	0	252	0	0	0	0	0	0	0	252	0	882	0	0	0	86	0	1986	0	0	0	0	0	0	0	0	0	0	0	0	0	0	0	0	0	0	0	0	0	0	0	0	0	0	0	
38700	Amygdala_R	0	0	0	120	0	0	0	0	0	0	0	0	0	0	0	0	0	0	0	120	0	482	0	0	0	0	0	0	0	1172	0	0	0	0	0	0	0	7410	0	2550	0	0	0	0	0	0	0	0	0	0	0	0	0	0	0	3740	0	0	0	0	0	0	0	0	0	0	0	0	0	0	0	0	0	976	0	0	0	0	0	0	0	0	0	1936	0	0	0	112	0	732	0	0	0	0	0	0	0	0	0	0	0	0	0	0	0	0	0	0	0	0	0	0	0	0	0	0	
139480	Calcarine_L	0	0	0	0	0	0	0	0	0	0	0	0	0	0	0	0	0	0	0	0	0	0	0	0	0	0	0	0	0	0	0	0	864	0	2580	0	1370	0	912	0	0	0	0	3290	7722	2496	13176	1260	7584	538	9944	0	4076	0	1100	0	0	0	372	0	0	0	0	0	0	0	10656	392	230	0	0	0	0	0	0	0	0	0	0	0	0	0	0	0	152	0	0	0	506	0	128	0	0	0	0	0	196	0	108	88	0	0	0	0	0	0	0	0	0	0	0	0	0	0	0	0	
251532	Calcarine_R	0	188	0	0	0	0	0	0	0	0	0	0	0	0	0	0	0	0	0	0	0	0	0	0	0	0	0	0	0	0	0	0	178	598	0	1924	0	0	0	0	0	0	3290	0	2794	21172	2662	16808	88	15416	0	11878	0	12174	0	9684	0	576	0	478	0	0	0	0	0	146	268	16968	0	160	0	0	0	0	0	0	0	0	0	0	0	0	0	0	0	4494	0	0	0	2278	0	0	0	0	0	0	0	0	0	856	0	0	0	0	0	0	0	0	0	0	688	0	0	0	0	0	
102712	Cuneus_L	0	0	0	0	0	0	0	0	0	0	0	0	0	0	0	0	0	0	0	0	0	0	0	0	0	0	0	0	0	0	0	0	412	0	372	0	0	0	0	0	0	0	7722	2794	0	4448	1656	210	14794	1014	10184	184	882	0	86	118	0	0	672	0	0	0	0	0	0	0	4876	288	472	0	0	0	0	0	0	0	0	0	0	0	0	0	0	0	172	0	0	0	0	0	0	0	0	0	0	0	0	0	0	0	0	0	0	0	0	0	0	0	0	0	0	0	0	0	0	0	
291520	Cuneus_R	0	0	0	0	0	0	0	0	0	0	0	0	0	0	0	0	0	0	0	0	0	0	0	0	0	0	0	0	0	0	0	0	0	466	0	894	0	0	0	0	0	0	2496	21172	4448	0	1044	3684	152	38968	130	14212	0	2964	0	2798	0	830	0	10278	0	128	0	468	0	1162	1158	31962	0	554	0	0	0	0	0	0	0	0	0	0	0	390	0	0	0	4864	0	0	0	258	0	0	0	0	0	0	0	0	0	280	0	0	0	0	0	0	0	0	0	0	0	0	0	0	0	0	
186516	Lingual_L	0	0	0	0	0	0	0	0	0	0	0	0	0	0	0	0	0	0	0	0	0	0	0	0	0	0	0	0	0	0	0	0	348	0	2248	0	1238	0	2110	0	0	0	13176	2662	1656	1044	0	2926	3346	954	12810	430	8470	338	10590	540	0	0	0	0	0	0	0	0	0	0	7064	348	0	0	0	0	0	0	0	0	0	0	0	0	0	0	0	0	0	0	0	0	670	0	3876	294	440	0	0	152	3706	252	7228	640	0	0	0	0	0	0	0	0	0	108	1694	1602	298	0	0	0	
226320	Lingual_R	0	172	0	0	0	0	0	0	0	0	0	0	0	0	0	0	0	0	0	0	0	0	0	0	0	0	0	0	0	0	0	0	0	178	156	2784	262	2036	104	1570	0	0	1260	16808	210	3684	2926	0	0	5770	0	3740	0	7536	918	13960	0	488	0	84	0	0	0	0	0	0	0	8110	0	232	0	0	0	0	0	0	90	324	0	0	0	0	0	0	0	276	0	0	0	526	3540	2290	0	0	0	212	3520	4848	5482	7494	0	0	0	0	82	0	0	0	0	114	6012	4644	718	0	0	0	
319404	Occipital_Sup_L	902	0	0	0	0	0	0	0	0	0	0	0	0	0	0	0	184	0	0	0	0	0	0	0	0	0	0	0	448	0	0	0	4356	0	106	0	0	0	0	0	0	0	7584	88	14794	152	3346	0	0	0	52728	0	5726	0	1106	0	1650	0	25446	0	5382	0	658	0	5434	0	20616	0	812	0	0	0	0	0	0	0	0	0	0	0	374	0	0	0	7364	0	0	0	446	0	0	0	0	0	0	0	0	0	0	0	0	0	0	0	0	0	0	0	0	0	0	0	0	0	0	0	
322656	Occipital_Sup_R	0	336	0	0	0	0	0	0	0	0	0	0	0	0	0	0	0	0	0	0	0	0	0	0	0	0	0	0	0	0	0	0	0	308	0	686	0	0	0	0	0	0	538	15416	1014	38968	954	5770	0	0	0	23920	0	2644	0	3448	0	1334	0	17718	0	1294	0	924	0	5828	578	31126	0	538	0	0	0	0	0	0	0	0	0	0	0	580	0	0	0	6736	0	0	0	88	0	0	0	0	0	0	0	0	0	582	0	0	0	0	0	0	0	0	0	0	0	0	0	0	0	0	
457244	Occipital_Mid_L	1114	0	0	0	0	0	0	0	0	0	0	0	0	0	0	0	568	0	0	0	0	0	0	0	0	0	0	0	624	0	0	0	5168	0	268	0	0	0	98	0	0	0	9944	0	10184	130	12810	0	52728	0	0	0	27960	0	6210	0	2930	0	31334	0	9230	0	688	0	10464	0	25298	0	1264	0	0	0	0	0	0	0	0	0	302	0	480	0	0	0	16114	0	0	0	2584	0	0	0	0	0	0	0	0	0	128	0	0	0	0	0	0	0	0	0	0	0	0	0	0	0	0	0	
212088	Occipital_Mid_R	0	408	0	0	0	0	0	0	0	0	0	0	0	0	0	0	0	0	0	0	0	0	0	0	0	0	0	0	0	0	0	0	0	220	0	752	0	0	0	0	0	0	0	11878	184	14212	430	3740	0	23920	0	0	0	5006	0	2988	0	1012	0	6094	0	638	0	254	0	6032	286	14686	0	266	0	0	0	0	0	0	0	0	0	0	0	620	0	0	0	11478	0	0	0	768	0	0	0	0	0	0	0	0	0	172	0	0	0	0	0	0	0	0	0	0	0	0	0	0	0	0	
181476	Occipital_Inf_L	678	0	0	0	0	0	0	0	0	0	0	0	0	0	0	0	712	0	0	0	0	0	0	0	0	0	0	0	450	0	0	0	810	0	170	0	234	0	252	0	0	0	4076	0	882	0	8470	0	5726	0	27960	0	0	0	13928	0	1144	0	2032	0	746	0	212	0	974	0	4364	0	516	0	0	0	0	0	0	0	0	0	1898	0	1018	0	0	0	6328	0	0	0	6438	0	720	0	0	0	0	0	0	0	0	0	0	0	0	0	0	0	0	0	0	0	0	0	0	0	0	0	
111944	Occipital_Inf_R	0	294	0	0	0	0	0	0	0	0	0	0	0	0	0	0	0	0	0	0	0	0	0	0	0	0	0	0	0	0	0	0	0	0	0	334	0	0	0	88	0	0	0	12174	0	2964	338	7536	0	2644	0	5006	0	0	0	10592	0	682	0	0	0	90	0	0	0	198	0	2496	0	150	0	0	0	0	0	0	0	0	0	0	0	174	0	0	0	3932	0	0	0	5144	0	0	0	0	0	0	0	284	0	550	0	0	0	0	0	0	0	0	0	0	302	0	0	0	0	0	
285028	Fusiform_L	1044	0	228	0	0	0	0	0	0	0	0	0	0	0	82	0	478	0	0	0	156	0	0	0	0	0	0	0	4396	0	0	0	158	0	172	0	9892	0	3494	0	2788	0	1100	0	86	0	10590	918	1106	0	6210	0	13928	0	0	90	680	0	434	0	780	0	216	0	910	0	894	0	682	0	94	0	1576	0	0	0	0	0	1518	0	2378	0	2294	0	4792	0	1846	0	16782	0	14456	148	362	0	0	124	10472	1004	17782	406	86	0	86	0	0	0	0	0	0	0	3828	968	0	0	0	0	
272876	Fusiform_R	0	300	0	722	0	0	0	0	0	0	0	0	0	0	0	0	0	0	0	694	0	0	0	0	0	0	0	0	0	702	0	0	0	0	0	248	0	19146	0	12346	0	3740	0	9684	118	2798	540	13960	0	3448	0	2988	0	10592	90	0	0	168	0	0	0	0	0	0	0	0	0	2694	0	160	0	600	0	4128	0	112	0	1322	0	128	0	1614	0	2792	0	2382	0	1544	0	9464	378	6236	0	0	0	0	986	5710	642	8746	0	0	0	114	0	0	0	0	0	0	3898	408	0	0	0	96	
266356	Postcentral_L	32986	1796	1162	202	0	0	1962	202	0	0	3808	0	268	0	0	0	10374	0	978	694	0	0	0	0	0	0	0	0	5020	0	0	0	1090	0	256	0	896	0	0	0	0	0	0	0	0	0	0	0	1650	0	2930	0	1144	0	680	0	0	128	7800	0	21802	0	7996	0	920	0	4212	0	12214	520	396	406	206	0	0	100	0	366	3048	0	3510	0	0	0	808	0	0	0	536	0	112	0	0	0	0	0	0	0	0	0	0	0	0	0	0	0	0	0	0	0	0	0	0	0	0	0	
183880	Postcentral_R	438	15344	0	744	0	0	0	472	0	0	0	496	0	0	0	0	0	5038	106	2986	0	0	0	0	0	0	0	0	0	2574	0	0	202	2238	168	4424	0	178	0	0	0	0	0	576	0	830	0	488	0	1334	0	1012	0	682	0	168	128	0	0	4658	0	11108	0	12510	0	1664	226	4910	2156	9232	254	590	166	1218	0	0	0	120	0	218	0	506	0	0	0	1138	0	0	0	506	0	0	0	0	0	0	0	0	0	0	0	0	0	0	0	0	0	0	0	0	134	0	0	0	0	0	
250356	Parietal_Sup_L	1194	0	0	0	0	0	0	0	0	0	0	0	0	0	0	0	178	0	84	0	0	0	0	0	0	0	0	0	296	0	0	0	3970	0	0	0	0	0	0	0	0	0	372	0	672	0	0	0	25446	0	31334	0	2032	0	434	0	7800	0	0	0	15324	0	738	0	4676	0	22532	0	918	0	0	0	0	0	0	0	0	0	0	0	362	0	0	0	6382	0	0	0	434	0	0	0	0	0	0	0	0	0	0	0	0	0	0	0	0	0	0	0	0	0	0	0	0	0	0	0	
147092	Parietal_Sup_R	0	384	0	0	0	0	0	0	0	0	0	0	0	0	0	0	0	0	0	0	0	0	0	0	0	0	0	0	0	128	0	0	0	104	0	0	0	0	0	0	0	0	0	478	0	10278	0	84	0	17718	0	6094	0	0	0	0	0	4658	0	0	0	5662	0	1496	0	7140	110	16322	0	622	0	0	0	136	0	0	0	0	0	0	0	338	0	0	0	1708	0	0	0	0	0	0	0	0	0	0	0	0	0	0	0	0	0	0	0	0	0	0	0	0	86	0	0	0	0	0	
200924	Parietal_Inf_L	5214	174	864	0	0	0	1032	0	0	0	0	0	0	0	0	0	272	0	0	0	0	0	0	0	0	0	0	0	396	0	0	0	550	0	0	0	310	0	0	0	0	0	0	0	0	0	0	0	5382	0	9230	0	746	0	780	0	21802	0	15324	0	0	0	11950	0	13026	0	4940	0	1084	0	0	0	0	0	0	0	0	0	196	0	1718	0	0	0	3500	0	0	0	1972	0	0	0	0	0	0	0	0	0	0	0	0	0	0	0	0	0	0	0	0	0	0	0	0	0	0	0	
113228	Parietal_Inf_R	0	1556	0	0	0	0	0	0	0	0	0	0	0	0	0	0	0	194	0	0	0	0	0	0	0	0	0	0	0	104	0	0	0	0	0	0	0	0	0	0	0	0	0	0	0	128	0	0	0	1294	0	638	0	90	0	0	0	11108	0	5662	0	0	0	15626	0	14628	0	1842	0	148	136	0	100	116	0	0	0	0	0	0	0	1280	0	0	0	1432	0	0	0	532	0	0	0	0	0	0	0	0	0	0	0	0	0	0	0	0	0	0	0	0	0	0	0	0	0	0	
87692	SupraMarginal_L	1522	0	0	0	0	0	0	0	0	0	0	0	0	0	0	0	1136	0	0	0	0	0	0	0	0	0	0	0	0	0	0	0	106	0	0	0	0	0	0	0	0	0	0	0	0	0	0	0	658	0	688	0	212	0	216	0	7996	0	738	0	11950	0	0	0	5882	0	420	0	108	0	0	0	0	0	0	0	0	0	412	0	5776	0	0	0	3896	0	0	0	2130	0	0	0	0	0	0	0	0	0	0	0	0	0	0	0	0	0	0	0	0	0	0	0	0	0	0	0	
92524	SupraMarginal_R	98	1610	0	110	0	0	0	96	0	0	0	0	0	0	0	0	0	1866	0	124	0	0	0	0	0	0	0	0	0	112	0	0	0	0	0	0	0	0	0	0	0	0	0	0	0	468	0	0	0	924	0	254	0	0	0	0	0	12510	0	1496	0	15626	0	0	0	5370	0	914	0	0	146	0	110	126	0	0	0	0	0	0	0	2400	0	0	0	1334	0	0	0	568	0	0	0	0	0	0	0	0	0	0	0	0	0	0	0	0	0	0	0	0	0	0	0	0	0	0	
111036	Angular_L	650	0	0	0	0	0	0	0	0	0	0	0	0	0	0	0	344	0	0	0	0	0	0	0	0	0	0	0	140	0	0	0	666	0	0	0	0	0	0	0	0	0	0	0	0	0	0	0	5434	0	10464	0	974	0	910	0	920	0	4676	0	13026	0	5882	0	0	0	2176	0	188	0	0	0	0	0	0	0	0	0	0	0	972	0	0	0	6022	0	0	0	2074	0	0	0	0	0	0	0	0	0	0	0	0	0	0	0	0	0	0	0	0	0	0	0	0	0	0	0	
109628	Angular_R	0	470	0	0	0	0	0	0	0	0	0	0	0	0	0	0	0	152	0	0	0	0	0	0	0	0	0	0	0	0	0	0	0	0	0	0	0	0	0	0	0	0	0	146	0	1162	0	0	0	5828	0	6032	0	198	0	0	0	1664	0	7140	0	14628	0	5370	0	0	0	3340	0	0	0	0	0	0	0	0	0	0	0	0	0	2578	0	0	0	5632	0	0	0	474	0	0	0	0	0	0	0	0	0	0	0	0	0	0	0	0	0	0	0	0	0	0	0	0	0	0	
295196	Precuneus_L	574	0	0	0	0	0	0	0	0	0	0	0	0	0	0	0	102	0	0	86	0	0	0	0	0	0	0	0	276	0	0	0	10164	1564	4246	718	1460	0	830	0	0	0	10656	268	4876	1158	7064	0	20616	578	25298	286	4364	0	894	0	4212	226	22532	110	4940	0	420	0	2176	0	0	3670	5136	1338	0	0	0	0	0	0	0	0	0	0	316	0	0	0	5188	226	0	0	706	0	148	0	0	0	0	0	176	0	0	0	0	0	0	0	0	0	0	0	0	0	0	0	0	0	0	0	
347980	Precuneus_R	0	564	0	0	0	0	0	0	0	0	0	0	0	0	0	0	0	0	0	142	0	0	0	0	0	0	0	0	0	0	0	0	860	3654	544	10898	514	2716	0	484	0	0	392	16968	288	31962	348	8110	0	31126	0	14686	0	2496	0	2694	0	4910	0	16322	0	1842	0	914	0	3340	3670	0	302	3092	0	0	0	0	0	0	390	84	0	0	0	586	0	0	0	6074	0	0	0	1074	0	0	0	0	0	0	0	388	0	0	0	0	0	0	0	0	0	0	0	0	1556	0	0	0	0	0	
388448	Paracentral_Lobule_L	38096	7778	2734	1324	110	0	526	1056	0	0	1202	0	204	0	168	0	3898	90	10724	15604	0	0	452	0	0	0	0	0	6000	0	506	98	5462	5214	4676	1150	9660	218	634	88	0	0	230	0	472	0	0	0	812	0	1264	0	516	0	682	0	12214	2156	918	0	1084	0	108	0	188	0	5136	302	0	13320	4530	1158	14928	84	5912	0	4950	766	2062	0	1860	0	0	0	206	0	0	0	600	0	94	0	0	0	0	0	0	0	0	0	0	0	0	0	0	0	0	0	0	0	0	0	0	0	0	0	
220412	Paracentral_Lobule_R	4568	17914	674	186	0	0	540	0	0	0	0	0	112	0	100	0	0	0	2724	22364	0	0	278	0	0	0	0	0	184	0	90	0	1984	8384	468	4258	0	604	0	140	0	0	0	160	0	554	0	232	0	538	0	266	0	150	0	160	520	9232	0	622	0	148	0	0	0	0	1338	3092	13320	0	2404	4216	1020	176	110	0	1754	4202	0	0	0	0	0	0	0	310	0	0	0	110	0	0	0	0	0	0	0	0	0	0	0	0	0	0	0	0	0	0	0	0	0	0	0	0	0	0	
409320	Caudate_L	10094	5476	15312	7078	476	680	7464	7710	0	754	11204	2376	4288	84	3772	2346	2772	0	3782	1722	8032	7180	5090	644	490	624	3592	2200	18032	100	11326	4378	728	756	0	0	222	238	0	0	0	0	0	0	0	0	0	0	0	0	0	0	0	0	94	0	396	254	0	0	0	136	0	146	0	0	0	0	4530	2404	0	14428	20154	412	920	0	7726	212	0	0	1244	0	582	0	0	0	0	0	0	0	0	0	0	0	0	0	0	0	0	0	0	0	0	0	0	0	0	0	0	0	0	0	0	0	0	0	
585076	Caudate_R	3576	10964	4610	31100	122	1046	1402	13418	0	5716	3932	9014	996	3248	858	13290	1408	9334	2990	19010	2254	2612	1588	7632	0	2722	412	1404	5698	16724	4026	16400	1312	926	0	0	88	1420	0	518	0	0	0	0	0	0	0	0	0	0	0	0	0	0	0	600	406	590	0	0	0	0	0	0	0	0	0	0	1158	4216	14428	0	4058	40328	0	2820	0	18096	0	0	566	1308	302	1892	0	0	0	0	0	0	0	0	0	0	0	0	0	0	0	0	0	0	0	0	0	0	0	0	0	0	0	0	0	0	0	0	
354328	Putamen_L	15970	1656	17518	618	5876	0	5680	422	2518	82	1640	114	2394	0	4988	264	450	0	6268	700	2280	1682	6004	410	664	88	938	514	19872	0	8010	1134	538	406	1074	774	8272	618	944	100	252	0	0	0	0	0	0	0	0	0	0	0	0	0	1576	0	206	166	0	0	0	100	0	110	0	0	0	0	14928	1020	20154	4058	0	406	5708	0	2076	310	344	0	2146	0	816	0	0	0	0	0	1308	0	0	0	0	0	0	0	0	0	0	0	0	0	0	0	0	0	0	0	0	0	0	0	0	0	0	0	
460196	Putamen_R	430	9340	520	29578	0	2582	278	11950	0	3574	126	11484	0	5420	0	6722	0	9974	358	13628	0	186	670	5946	0	3372	0	456	196	34548	784	8436	0	366	0	0	130	8426	0	3146	0	976	0	0	0	0	0	0	0	0	0	0	0	0	0	4128	0	1218	0	136	0	116	0	126	0	0	0	0	84	176	412	40328	406	0	0	3418	0	2154	0	0	0	1316	0	2072	0	0	0	0	0	406	0	0	0	0	0	0	0	0	0	0	0	0	0	0	0	0	0	0	0	0	0	0	0	0	0	0	
37028	Pallidum_L	2150	208	0	0	0	0	0	0	0	0	0	0	0	0	0	0	0	0	282	0	0	0	0	0	0	0	0	0	0	0	0	0	0	0	0	0	862	0	96	0	0	0	0	0	0	0	0	0	0	0	0	0	0	0	0	0	0	0	0	0	0	0	0	0	0	0	0	0	5912	110	920	0	5708	0	0	0	2266	0	0	0	0	0	0	0	0	0	0	0	0	0	0	0	0	0	0	0	0	0	0	0	0	0	0	0	0	0	0	0	0	0	0	0	0	0	0	0	
25760	Pallidum_R	226	808	0	2890	0	0	0	592	0	0	0	0	0	0	0	0	0	182	0	878	0	0	0	100	0	0	0	0	0	92	0	238	0	0	0	0	0	280	0	144	0	0	0	0	0	0	0	0	0	0	0	0	0	0	0	112	100	0	0	0	0	0	0	0	0	0	0	0	0	0	0	2820	0	3418	0	0	0	0	0	0	0	0	0	0	0	0	0	0	0	0	0	0	0	0	0	0	0	0	0	0	0	0	0	0	0	0	0	0	0	0	0	0	0	0	0	0	
88656	Thalamus_L	2472	2592	0	528	0	0	0	418	0	0	0	0	0	0	0	0	0	0	1326	352	0	0	0	0	0	0	0	0	508	0	0	0	0	0	3186	3334	3862	2168	0	164	0	0	0	0	0	0	0	90	0	0	0	0	0	0	0	0	0	0	0	0	0	0	0	0	0	0	0	390	4950	1754	7726	0	2076	0	2266	0	0	3892	0	0	174	0	0	0	0	0	0	0	100	0	0	0	0	0	0	0	0	0	0	0	0	0	0	0	0	0	0	0	0	0	0	0	0	0	0	0	
116996	Thalamus_R	950	3710	156	1304	0	0	0	360	0	142	168	132	0	0	0	298	0	340	736	5948	0	0	0	0	0	0	0	0	326	536	0	0	0	0	1618	1912	1138	5148	0	1728	0	0	0	0	0	0	0	324	0	0	0	0	0	0	0	1322	366	120	0	0	0	0	0	0	0	0	0	84	766	4202	212	18096	310	2154	0	0	3892	0	0	0	0	0	0	0	0	0	0	0	0	0	0	0	0	0	0	0	0	0	0	0	0	0	0	0	0	0	0	0	0	0	0	0	0	0	0	0	
92976	Heschl_L	7406	0	1018	0	0	0	716	0	0	0	1106	0	92	0	0	0	6032	0	784	0	0	0	0	0	0	0	0	0	8204	0	0	0	0	0	310	0	4904	0	306	0	0	0	0	0	0	0	0	0	0	0	302	0	1898	0	1518	0	3048	0	0	0	196	0	412	0	0	0	0	0	2062	0	0	0	344	0	0	0	0	0	0	0	2890	0	0	0	964	0	0	0	1976	0	0	0	0	0	0	0	0	0	0	0	0	0	0	0	0	0	0	0	0	0	0	0	0	0	0	0	
18332	Heschl_R	88	148	0	0	0	0	0	0	0	0	0	0	0	0	0	0	0	1646	0	110	0	0	0	0	0	0	0	0	0	1242	0	0	0	0	0	0	0	90	0	0	0	0	0	0	0	0	0	0	0	0	0	0	0	0	0	128	0	218	0	0	0	0	0	0	0	0	0	0	0	0	0	0	0	0	0	0	0	0	0	0	0	4378	0	0	0	878	0	0	0	240	0	0	0	0	0	0	0	0	0	0	0	0	0	0	0	0	0	0	0	0	0	0	0	0	0	0	
193500	Temporal_Sup_L	5246	118	3200	104	0	0	888	102	0	0	3832	0	278	0	276	0	7388	0	1976	0	306	0	0	0	0	0	0	0	15930	0	0	0	0	0	230	152	1710	98	262	0	252	0	0	0	0	0	0	0	374	0	480	0	1018	0	2378	0	3510	0	362	0	1718	0	5776	0	972	0	316	0	1860	0	1244	566	2146	0	0	0	174	0	2890	0	0	0	4822	0	14360	0	120	0	9316	0	0	0	0	0	0	0	0	0	0	0	0	0	0	0	0	0	0	0	0	0	0	0	0	0	0	0	
81056	Temporal_Sup_R	0	366	0	422	0	0	0	180	0	0	0	1374	0	0	0	0	0	2884	0	888	0	0	0	0	0	0	0	0	0	3604	0	0	0	0	0	0	0	438	0	0	0	0	0	0	0	390	0	0	0	580	0	620	0	174	0	1614	0	506	0	338	0	1280	0	2400	0	2578	0	586	0	0	0	1308	0	1316	0	0	0	0	0	4378	0	0	0	1378	0	7340	0	0	0	3586	0	0	0	0	0	0	0	0	0	0	0	0	0	0	0	0	0	0	0	0	0	0	0	0	0	0	
83348	Temporal_Pole_Sup_L	0	0	450	0	160	0	520	0	316	0	2672	0	1702	0	2860	0	1776	0	98	0	272	0	0	0	0	0	0	0	6570	0	0	0	0	0	0	0	984	0	428	0	882	0	0	0	0	0	0	0	0	0	0	0	0	0	2294	0	0	0	0	0	0	0	0	0	0	0	0	0	0	0	582	302	816	0	0	0	0	0	0	0	4822	0	0	0	4972	0	4182	0	4014	0	0	0	0	0	0	0	0	0	0	0	0	0	0	0	0	0	0	0	0	0	0	0	0	0	0	0	
59220	Temporal_Pole_Sup_R	0	222	0	800	0	0	0	294	0	0	0	1834	0	0	0	150	0	2104	0	1332	0	214	0	0	0	0	0	0	0	2534	0	0	0	0	0	0	0	1788	0	1368	0	1936	0	0	0	0	0	0	0	0	0	0	0	0	0	2792	0	0	0	0	0	0	0	0	0	0	0	0	0	0	0	1892	0	2072	0	0	0	0	0	0	0	1378	0	0	0	2182	0	2376	0	2342	0	0	0	0	0	0	0	0	0	0	0	0	0	0	0	0	0	0	0	0	0	0	0	0	0	0	
238224	Temporal_Mid_L	302	0	0	0	0	0	0	0	0	0	0	0	0	0	0	0	698	0	0	0	0	0	0	0	0	0	0	0	1042	0	0	0	898	0	0	0	340	0	0	0	0	0	152	0	172	0	0	0	7364	0	16114	0	6328	0	4792	0	808	0	6382	0	3500	0	3896	0	6022	0	5188	0	206	0	0	0	0	0	0	0	0	0	964	0	14360	0	4972	0	0	0	3340	0	31272	0	0	0	0	0	0	0	0	0	0	0	0	0	0	0	0	0	0	0	0	0	0	0	0	0	0	0	
158884	Temporal_Mid_R	0	438	0	0	0	0	0	0	0	0	0	0	0	0	0	0	0	0	0	0	0	0	0	0	0	0	0	0	0	390	0	0	0	0	0	334	0	156	0	0	0	0	0	4494	0	4864	0	276	0	6736	0	11478	0	3932	0	2382	0	1138	0	1708	0	1432	0	1334	0	5632	226	6074	0	310	0	0	0	0	0	0	0	0	0	878	0	7340	0	2182	0	0	0	1484	0	14224	0	0	0	0	0	0	0	0	0	0	0	0	0	0	0	0	0	0	0	0	0	0	0	0	0	0	
26956	Temporal_Pole_Mid_L	0	0	0	0	0	0	0	0	0	0	0	0	0	0	88	0	0	0	0	0	0	0	0	0	0	0	0	0	374	0	0	0	0	0	0	0	120	0	268	0	86	0	0	0	0	0	0	0	0	0	0	0	0	0	1846	0	0	0	0	0	0	0	0	0	0	0	0	0	0	0	0	0	0	0	0	0	0	0	0	0	120	0	4182	0	3340	0	0	0	3054	0	0	0	0	0	0	0	0	0	0	0	0	0	0	0	0	0	0	0	0	0	0	0	0	0	0	0	
14144	Temporal_Pole_Mid_R	0	0	0	0	0	0	0	0	0	0	0	0	0	0	0	0	0	0	0	0	0	0	0	0	0	0	0	0	0	0	0	0	0	0	0	0	0	82	0	84	0	112	0	0	0	0	0	0	0	0	0	0	0	0	0	1544	0	0	0	0	0	0	0	0	0	0	0	0	0	0	0	0	0	0	0	0	0	0	0	0	0	0	0	2376	0	1484	0	0	0	1390	0	0	0	0	0	0	0	0	0	0	0	0	0	0	0	0	0	0	0	0	0	0	0	0	0	0	
214916	Temporal_Inf_L	1126	0	200	0	0	0	0	0	0	0	0	0	0	0	0	0	452	0	98	0	0	0	0	0	0	0	0	0	3990	0	0	0	0	0	124	0	8120	0	378	0	1986	0	506	0	0	0	670	0	446	0	2584	0	6438	0	16782	0	536	0	434	0	1972	0	2130	0	2074	0	706	0	600	0	0	0	1308	0	0	0	100	0	1976	0	9316	0	4014	0	31272	0	3054	0	0	0	2688	0	380	0	0	0	210	0	348	0	202	0	238	0	0	0	0	0	0	0	0	0	0	0	0	0	
100484	Temporal_Inf_R	0	294	0	0	0	0	0	0	0	0	0	0	0	0	0	0	0	0	0	0	0	0	0	0	0	0	0	0	0	560	0	0	0	0	0	232	0	2218	0	264	0	732	0	2278	0	258	0	526	0	88	0	768	0	5144	0	9464	0	506	0	0	0	532	0	568	0	474	0	1074	0	110	0	0	0	406	0	0	0	0	0	240	0	3586	0	2342	0	14224	0	1390	0	0	0	1196	0	0	0	0	0	128	0	468	0	0	0	172	0	0	0	0	0	0	0	0	0	0	0	0	
390348	Cerebelum_Crus1_L	0	0	0	0	0	0	0	0	0	0	0	0	0	0	0	0	0	0	0	0	0	0	0	0	0	0	0	0	0	0	0	0	0	0	0	0	0	0	0	0	0	0	128	0	0	0	3876	3540	0	0	0	0	720	0	14456	378	112	0	0	0	0	0	0	0	0	0	148	0	94	0	0	0	0	0	0	0	0	0	0	0	0	0	0	0	0	0	0	0	2688	0	0	1864	22426	152	304	108	26448	1986	54012	3948	8142	0	14982	544	3676	1722	226	0	0	116	8668	4676	6736	3406	3182	1710	
396072	Cerebelum_Crus1_R	0	0	0	0	0	0	0	0	0	0	0	0	0	0	0	0	0	0	0	0	0	0	0	0	0	0	0	0	0	0	0	0	0	0	0	0	0	0	0	0	0	0	0	0	0	0	294	2290	0	0	0	0	0	0	148	6236	0	0	0	0	0	0	0	0	0	0	0	0	0	0	0	0	0	0	0	0	0	0	0	0	0	0	0	0	0	0	0	0	0	1196	1864	0	3980	22542	0	5430	1846	29366	2098	58308	82	1320	0	20628	152	2464	0	0	0	2306	13428	8770	11062	786	1238	202	
292484	Cerebelum_Crus2_L	0	0	0	0	0	0	0	0	0	0	0	0	0	0	0	0	0	0	0	0	0	0	0	0	0	0	0	0	0	0	0	0	0	0	0	0	0	0	0	0	0	0	0	0	0	0	440	0	0	0	0	0	0	0	362	0	0	0	0	0	0	0	0	0	0	0	0	0	0	0	0	0	0	0	0	0	0	0	0	0	0	0	0	0	0	0	0	0	380	0	22426	3980	0	8580	0	112	284	150	2996	1646	37030	3784	35206	3910	4800	992	730	0	0	98	216	314	11146	4856	1328	476	
194860	Cerebelum_Crus2_R	0	0	0	0	0	0	0	0	0	0	0	0	0	0	0	0	0	0	0	0	0	0	0	0	0	0	0	0	0	0	0	0	0	0	0	0	0	0	0	0	0	0	0	0	0	0	0	0	0	0	0	0	0	0	0	0	0	0	0	0	0	0	0	0	0	0	0	0	0	0	0	0	0	0	0	0	0	0	0	0	0	0	0	0	0	0	0	0	0	0	152	22542	8580	0	0	276	0	662	0	4926	1306	12876	944	29878	0	3384	0	0	0	180	178	206	7674	3362	304	0	
18392	Cerebelum_3_L	0	0	0	0	0	0	0	0	0	0	0	0	0	0	0	0	0	0	0	0	0	0	0	0	0	0	0	0	0	0	0	0	0	0	0	0	0	0	92	0	0	0	0	0	0	0	0	0	0	0	0	0	0	0	0	0	0	0	0	0	0	0	0	0	0	0	0	0	0	0	0	0	0	0	0	0	0	0	0	0	0	0	0	0	0	0	0	0	0	0	304	0	0	0	0	208	3790	92	462	112	0	0	0	0	364	132	0	0	882	1408	1030	182	0	0	138	0	
81732	Cerebelum_3_R	0	0	0	0	0	0	0	0	0	0	0	0	0	0	0	0	0	0	0	0	0	0	0	0	0	0	0	0	0	0	0	0	0	0	0	0	0	0	0	0	0	0	0	0	0	0	152	212	0	0	0	0	0	0	124	0	0	0	0	0	0	0	0	0	0	0	0	0	0	0	0	0	0	0	0	0	0	0	0	0	0	0	0	0	0	0	0	0	0	0	108	5430	112	276	208	0	488	7766	238	6798	0	0	0	1128	0	1948	0	128	382	5510	4812	1414	1452	656	1524	0	
257028	Cerebelum_4_5_L	0	0	0	0	0	0	0	0	0	0	0	0	0	0	0	0	0	0	0	0	0	0	0	0	0	0	0	0	0	0	0	0	0	0	110	0	104	0	142	0	0	0	196	0	0	0	3706	3520	0	0	0	0	0	0	10472	986	0	0	0	0	0	0	0	0	0	0	176	0	0	0	0	0	0	0	0	0	0	0	0	0	0	0	0	0	0	0	0	0	210	0	26448	1846	284	0	3790	488	0	4584	37576	4390	150	0	336	0	2794	398	0	0	406	1018	20758	2504	130	0	176	816	
255692	Cerebelum_4_5_R	0	0	0	0	0	0	0	0	0	0	0	0	0	0	0	0	0	0	0	0	0	0	0	0	0	0	0	0	0	0	0	0	0	0	0	96	0	212	0	288	0	0	0	0	0	0	252	4848	0	0	0	0	0	284	1004	5710	0	0	0	0	0	0	0	0	0	0	0	388	0	0	0	0	0	0	0	0	0	0	0	0	0	0	0	0	0	0	0	0	0	128	1986	29366	150	662	92	7766	4584	0	3440	35606	0	0	0	2172	112	1412	0	104	0	3386	19076	1682	1402	408	952	278	
361536	Cerebelum_6_L	0	0	0	0	0	0	0	0	0	0	0	0	0	0	0	0	0	0	0	0	0	0	0	0	0	0	0	0	0	0	0	0	0	0	0	0	0	0	0	0	0	0	108	0	0	0	7228	5482	0	0	128	0	0	0	17782	642	0	0	0	0	0	0	0	0	0	0	0	0	0	0	0	0	0	0	0	0	0	0	0	0	0	0	0	0	0	0	0	0	348	0	54012	2098	2996	0	462	238	37576	3440	0	5382	1688	0	3208	0	2822	978	182	0	0	166	16324	8330	4180	1760	1890	1318	
393088	Cerebelum_6_R	0	0	0	0	0	0	0	0	0	0	0	0	0	0	0	0	0	0	0	0	0	0	0	0	0	0	0	0	0	0	0	0	0	0	0	0	0	0	0	0	0	0	88	856	0	280	640	7494	0	582	0	172	0	550	406	8746	0	0	0	0	0	0	0	0	0	0	0	0	0	0	0	0	0	0	0	0	0	0	0	0	0	0	0	0	0	0	0	0	0	468	3948	58308	1646	4926	112	6798	4390	35606	5382	0	0	0	0	7734	378	2224	0	910	92	2716	18578	11816	7848	550	1730	570	
197440	Cerebelum_7b_L	0	0	0	0	0	0	0	0	0	0	0	0	0	0	0	0	0	0	0	0	0	0	0	0	0	0	0	0	0	0	0	0	0	0	0	0	0	0	0	0	0	0	0	0	0	0	0	0	0	0	0	0	0	0	86	0	0	0	0	0	0	0	0	0	0	0	0	0	0	0	0	0	0	0	0	0	0	0	0	0	0	0	0	0	0	0	0	0	202	0	8142	82	37030	1306	0	0	150	0	1688	0	0	538	36868	1152	4998	176	866	0	0	0	0	0	3016	1974	298	148	
73884	Cerebelum_7b_R	0	0	0	0	0	0	0	0	0	0	0	0	0	0	0	0	0	0	0	0	0	0	0	0	0	0	0	0	0	0	0	0	0	0	0	0	0	0	0	0	0	0	0	0	0	0	0	0	0	0	0	0	0	0	0	0	0	0	0	0	0	0	0	0	0	0	0	0	0	0	0	0	0	0	0	0	0	0	0	0	0	0	0	0	0	0	0	0	0	0	0	1320	3784	12876	0	0	0	0	0	0	538	0	318	13094	0	824	0	0	0	0	0	0	2218	1970	0	0	
239960	Cerebelum_8_L	0	0	0	0	0	0	0	0	0	0	0	0	0	0	0	0	0	0	0	0	0	0	0	0	0	0	0	0	0	0	0	0	0	0	0	0	0	0	0	0	0	0	0	0	0	0	0	0	0	0	0	0	0	0	86	0	0	0	0	0	0	0	0	0	0	0	0	0	0	0	0	0	0	0	0	0	0	0	0	0	0	0	0	0	0	0	0	0	238	0	14982	0	35206	944	0	0	336	0	3208	0	36868	318	0	2040	12250	782	1460	0	0	0	148	232	4056	4604	1628	594	
214576	Cerebelum_8_R	0	0	0	0	0	0	0	0	0	0	0	0	0	0	0	0	0	0	0	0	0	0	0	0	0	0	0	0	0	0	0	0	0	0	0	0	0	0	0	0	0	0	0	0	0	0	0	0	0	0	0	0	0	0	0	114	0	0	0	0	0	0	0	0	0	0	0	0	0	0	0	0	0	0	0	0	0	0	0	0	0	0	0	0	0	0	0	0	0	172	544	20628	3910	29878	0	1128	0	2172	0	7734	1152	13094	2040	0	154	10212	0	98	0	880	598	668	5158	5498	1456	0	
88168	Cerebelum_9_L	0	0	0	0	0	0	0	0	0	0	0	0	0	0	0	0	0	0	0	0	0	0	0	0	0	0	0	0	0	0	0	0	0	0	0	0	0	0	0	0	0	0	0	0	0	0	0	82	0	0	0	0	0	0	0	0	0	0	0	0	0	0	0	0	0	0	0	0	0	0	0	0	0	0	0	0	0	0	0	0	0	0	0	0	0	0	0	0	0	0	3676	152	4800	0	364	0	2794	112	2822	378	4998	0	12250	154	0	700	2520	0	0	0	1438	1328	1300	1424	1642	1150	
107396	Cerebelum_9_R	0	0	0	0	0	0	0	0	0	0	0	0	0	0	0	0	0	0	0	0	0	0	0	0	0	0	0	0	0	0	0	0	0	0	0	0	0	0	0	0	0	0	0	0	0	0	0	0	0	0	0	0	0	0	0	0	0	0	0	0	0	0	0	0	0	0	0	0	0	0	0	0	0	0	0	0	0	0	0	0	0	0	0	0	0	0	0	0	0	0	1722	2464	992	3384	132	1948	398	1412	978	2224	176	824	782	10212	700	0	0	1168	202	2152	2422	2930	4204	3904	5596	2772	
11968	Cerebelum_10_L	0	0	0	0	0	0	0	0	0	0	0	0	0	0	0	0	0	0	0	0	0	0	0	0	0	0	0	0	0	0	0	0	0	0	0	0	0	0	0	0	0	0	0	0	0	0	0	0	0	0	0	0	0	0	0	0	0	0	0	0	0	0	0	0	0	0	0	0	0	0	0	0	0	0	0	0	0	0	0	0	0	0	0	0	0	0	0	0	0	0	226	0	730	0	0	0	0	0	182	0	866	0	1460	0	2520	0	0	0	0	0	0	0	0	0	0	0	
5308	Cerebelum_10_R	0	0	0	0	0	0	0	0	0	0	0	0	0	0	0	0	0	0	0	0	0	0	0	0	0	0	0	0	0	0	0	0	0	0	0	0	0	0	0	0	0	0	0	0	0	0	0	0	0	0	0	0	0	0	0	0	0	0	0	0	0	0	0	0	0	0	0	0	0	0	0	0	0	0	0	0	0	0	0	0	0	0	0	0	0	0	0	0	0	0	0	0	0	0	0	128	0	104	0	910	0	0	0	98	0	1168	0	0	0	132	114	0	0	0	0	0	
14392	Vermis_1_2	0	0	0	0	0	0	0	0	0	0	0	0	0	0	0	0	0	0	0	0	0	0	0	0	0	0	0	0	0	0	0	0	0	0	0	0	0	0	0	0	0	0	0	0	0	0	0	0	0	0	0	0	0	0	0	0	0	0	0	0	0	0	0	0	0	0	0	0	0	0	0	0	0	0	0	0	0	0	0	0	0	0	0	0	0	0	0	0	0	0	0	0	0	0	882	382	406	0	0	92	0	0	0	0	0	202	0	0	0	3882	1258	0	0	0	92	0	
69304	Vermis_3	0	0	0	0	0	0	0	0	0	0	0	0	0	0	0	0	0	0	0	0	0	0	0	0	0	0	0	0	0	0	0	0	0	0	0	0	214	0	260	0	0	0	0	0	0	0	108	114	0	0	0	0	0	0	0	0	0	0	0	0	0	0	0	0	0	0	0	0	0	0	0	0	0	0	0	0	0	0	0	0	0	0	0	0	0	0	0	0	0	0	116	2306	98	180	1408	5510	1018	3386	166	2716	0	0	0	880	0	2152	0	132	3882	0	5132	1362	1268	686	1558	0	
287080	Vermis_4_5	0	0	0	0	0	0	0	0	0	0	0	0	0	0	0	0	0	0	0	0	0	0	0	0	0	0	0	0	0	0	0	0	0	0	0	420	0	420	0	0	0	0	0	688	0	0	1694	6012	0	0	0	0	0	302	3828	3898	0	134	0	86	0	0	0	0	0	0	0	1556	0	0	0	0	0	0	0	0	0	0	0	0	0	0	0	0	0	0	0	0	0	0	8668	13428	216	178	1030	4812	20758	19076	16324	18578	0	0	148	598	1438	2422	0	114	1258	5132	0	5164	1198	492	1290	2180	
140360	Vermis_6	0	0	0	0	0	0	0	0	0	0	0	0	0	0	0	0	0	0	0	0	0	0	0	0	0	0	0	0	0	0	0	0	0	0	0	0	0	0	0	0	0	0	0	0	0	0	1602	4644	0	0	0	0	0	0	968	408	0	0	0	0	0	0	0	0	0	0	0	0	0	0	0	0	0	0	0	0	0	0	0	0	0	0	0	0	0	0	0	0	0	0	4676	8770	314	206	182	1414	2504	1682	8330	11816	0	0	232	668	1328	2930	0	0	0	1362	5164	0	5308	1168	2692	1812	
195792	Vermis_7	0	0	0	0	0	0	0	0	0	0	0	0	0	0	0	0	0	0	0	0	0	0	0	0	0	0	0	0	0	0	0	0	0	0	0	0	0	0	0	0	0	0	0	0	0	0	298	718	0	0	0	0	0	0	0	0	0	0	0	0	0	0	0	0	0	0	0	0	0	0	0	0	0	0	0	0	0	0	0	0	0	0	0	0	0	0	0	0	0	0	6736	11062	11146	7674	0	1452	130	1402	4180	7848	3016	2218	4056	5158	1300	4204	0	0	0	1268	1198	5308	0	9442	5938	2144	
110876	Vermis_8	0	0	0	0	0	0	0	0	0	0	0	0	0	0	0	0	0	0	0	0	0	0	0	0	0	0	0	0	0	0	0	0	0	0	0	0	0	0	0	0	0	0	0	0	0	0	0	0	0	0	0	0	0	0	0	0	0	0	0	0	0	0	0	0	0	0	0	0	0	0	0	0	0	0	0	0	0	0	0	0	0	0	0	0	0	0	0	0	0	0	3406	786	4856	3362	0	656	0	408	1760	550	1974	1970	4604	5498	1424	3904	0	0	0	686	492	1168	9442	0	6170	2322	
87704	Vermis_9	0	0	0	0	0	0	0	0	0	0	0	0	0	0	0	0	0	0	0	0	0	0	0	0	0	0	0	0	0	0	0	0	0	0	0	0	0	0	0	0	0	0	0	0	0	0	0	0	0	0	0	0	0	0	0	0	0	0	0	0	0	0	0	0	0	0	0	0	0	0	0	0	0	0	0	0	0	0	0	0	0	0	0	0	0	0	0	0	0	0	3182	1238	1328	304	138	1524	176	952	1890	1730	298	0	1628	1456	1642	5596	0	0	92	1558	1290	2692	5938	6170	0	3030	
