data	data	666040	272860	1.13922e+06	989040	207752	174288	601560	360512	107448	38712	235392	145480	305012	155724	175492	71060	206812	112448	742316	1.05938e+06	66592	86352	450476	472504	13816	99068	68684	59796	595076	371928	275632	509840	141284	689272	145428	199548	290844	425588	92236	225868	43508	53876	253120	318552	192952	243460	225596	346224	144020	265696	392700	278400	133040	86148	425680	404284	312180	228228	102912	97496	206892	150320	116052	148644	133832	153688	297384	403748	154108	149880	335336	395600	373060	432528	61936	74168	202956	283924	93192	28228	223760	120204	91208	53860	298024	250920	23960	13840	228072	207284	524284	532796	342040	497216	54600	87588	375812	326180	496988	498216	258108	278620	364720	304596	209392	163948	38440	18872	53004	119440	280976	232956	295940	237752	135304	56216	
data	data	Precentral_L	Precentral_R	Frontal_Sup_L	Frontal_Sup_R	Frontal_Sup_Orb_L	Frontal_Sup_Orb_R	Frontal_Mid_L	Frontal_Mid_R	Frontal_Mid_Orb_L	Frontal_Mid_Orb_R	Frontal_Inf_Oper_L	Frontal_Inf_Oper_R	Frontal_Inf_Tri_L	Frontal_Inf_Tri_R	Frontal_Inf_Orb_L	Frontal_Inf_Orb_R	Rolandic_Oper_L	Rolandic_Oper_R	Supp_Motor_Area_L	Supp_Motor_Area_R	Olfactory_L	Olfactory_R	Frontal_Sup_Medial_L	Frontal_Sup_Medial_R	Frontal_Med_Orb_L	Frontal_Med_Orb_R	Rectus_L	Rectus_R	Insula_L	Insula_R	Cingulum_Ant_L	Cingulum_Ant_R	Cingulum_Mid_L	Cingulum_Mid_R	Cingulum_Post_L	Cingulum_Post_R	Hippocampus_L	Hippocampus_R	ParaHippocampal_L	ParaHippocampal_R	Amygdala_L	Amygdala_R	Calcarine_L	Calcarine_R	Cuneus_L	Cuneus_R	Lingual_L	Lingual_R	Occipital_Sup_L	Occipital_Sup_R	Occipital_Mid_L	Occipital_Mid_R	Occipital_Inf_L	Occipital_Inf_R	Fusiform_L	Fusiform_R	Postcentral_L	Postcentral_R	Parietal_Sup_L	Parietal_Sup_R	Parietal_Inf_L	Parietal_Inf_R	SupraMarginal_L	SupraMarginal_R	Angular_L	Angular_R	Precuneus_L	Precuneus_R	Paracentral_Lobule_L	Paracentral_Lobule_R	Caudate_L	Caudate_R	Putamen_L	Putamen_R	Pallidum_L	Pallidum_R	Thalamus_L	Thalamus_R	Heschl_L	Heschl_R	Temporal_Sup_L	Temporal_Sup_R	Temporal_Pole_Sup_L	Temporal_Pole_Sup_R	Temporal_Mid_L	Temporal_Mid_R	Temporal_Pole_Mid_L	Temporal_Pole_Mid_R	Temporal_Inf_L	Temporal_Inf_R	Cerebelum_Crus1_L	Cerebelum_Crus1_R	Cerebelum_Crus2_L	Cerebelum_Crus2_R	Cerebelum_3_L	Cerebelum_3_R	Cerebelum_4_5_L	Cerebelum_4_5_R	Cerebelum_6_L	Cerebelum_6_R	Cerebelum_7b_L	Cerebelum_7b_R	Cerebelum_8_L	Cerebelum_8_R	Cerebelum_9_L	Cerebelum_9_R	Cerebelum_10_L	Cerebelum_10_R	Vermis_1_2	Vermis_3	Vermis_4_5	Vermis_6	Vermis_7	Vermis_8	Vermis_9	Vermis_10	
666040	Precentral_L	0	296	18000	7060	0	0	40898	120	0	0	18240	0	7826	0	0	0	12238	0	5536	28608	0	0	0	0	0	0	0	0	17904	0	0	0	1358	20486	3536	2514	3252	714	302	0	0	0	1708	422	1246	0	0	0	0	228	8370	182	1556	0	3132	114	36560	2156	2274	0	6678	472	2412	0	1988	188	1926	1678	14904	8260	1296	3058	6418	0	3786	0	6012	4556	5672	0	5188	0	224	0	7288	0	0	0	4180	0	0	0	0	0	0	0	0	0	0	0	0	0	0	0	0	0	0	0	0	0	0	0	0	0	0	0	
272860	Precentral_R	296	0	654	7824	0	0	136	18348	0	0	0	7880	0	696	0	0	0	2148	512	2758	0	0	0	0	0	0	0	0	0	10330	0	0	0	778	0	270	152	6916	0	1180	0	0	0	650	0	568	0	524	0	1054	0	2028	0	552	0	2414	0	27820	0	324	0	1868	0	6236	0	294	0	3724	0	1866	0	2388	0	2310	0	482	0	2936	0	196	0	1440	0	0	0	8408	0	0	0	7004	0	140	0	0	0	0	0	166	0	160	0	0	0	0	0	0	0	0	0	0	0	0	0	0	0	0	
1.13922e+06	Frontal_Sup_L	18000	654	0	32546	13736	114	79162	1436	3502	0	11066	130	22932	288	7202	0	6358	0	96380	50848	0	0	53822	8394	480	122	1548	0	24746	430	15690	9284	1648	16862	152	152	6292	272	1266	0	102	0	0	0	0	0	0	0	0	0	0	0	0	0	984	0	2450	0	0	0	0	0	0	0	0	0	0	0	1574	0	20132	1868	23332	1078	5578	586	23038	702	646	0	1056	0	462	0	0	0	0	0	510	0	0	0	0	0	0	0	0	0	0	0	0	0	0	0	0	0	0	0	0	0	0	0	0	0	0	0	
989040	Frontal_Sup_R	7060	7824	32546	0	1220	12802	6880	44204	130	358	314	5682	154	8658	108	2482	1054	3298	27186	89310	0	0	11426	41662	0	1480	704	0	2952	13794	4970	29928	3002	18720	362	348	1516	10388	378	1408	0	0	0	0	0	0	0	358	0	0	0	136	0	0	0	814	520	1126	0	98	0	440	134	670	0	0	0	106	4632	0	15348	23172	3768	21134	0	5258	1546	18374	190	252	126	310	0	440	0	512	0	0	0	526	0	0	0	0	0	0	0	222	0	0	0	0	0	0	0	0	0	0	0	0	0	0	0	0	0	0	
207752	Frontal_Sup_Orb_L	0	0	13736	1220	0	0	4544	442	14186	0	346	0	6354	0	12522	0	0	0	4300	696	544	0	4460	552	990	0	8730	0	12356	0	2458	240	0	392	0	0	0	0	0	0	0	0	0	0	0	0	0	0	0	0	0	0	0	0	0	0	0	0	0	0	0	0	0	0	0	0	0	0	0	0	2106	0	12096	196	0	146	0	0	0	0	0	0	264	0	0	0	0	0	0	0	0	0	0	0	0	0	0	0	0	0	0	0	0	0	0	0	0	0	0	0	0	0	0	0	0	0	
174288	Frontal_Sup_Orb_R	0	0	114	12802	0	0	0	5586	0	3826	0	284	0	1870	0	4776	0	0	186	658	504	1354	786	9202	0	10570	632	5534	0	2668	588	7730	0	356	0	0	0	542	0	0	0	0	0	0	0	0	0	0	0	0	0	0	0	0	0	0	0	0	0	0	0	0	0	0	0	0	0	0	0	0	878	5454	0	9778	0	466	0	0	0	0	0	0	0	0	0	0	0	0	0	0	0	0	0	0	0	0	0	0	0	0	0	0	0	0	0	0	0	0	0	0	0	0	0	0	0	0	
601560	Frontal_Mid_L	40898	136	79162	6880	4544	0	0	246	3798	0	11316	0	35248	0	6822	0	5290	0	5702	7856	0	0	18832	1912	0	0	0	0	15522	0	2606	1768	0	2398	0	0	3060	102	586	0	0	0	0	0	0	0	0	0	0	0	114	0	0	0	834	0	10942	0	0	0	2060	0	790	0	0	0	0	0	206	0	4356	464	11834	116	4164	0	5050	212	1942	0	1586	0	164	0	588	0	0	0	674	0	0	0	0	0	0	0	0	0	0	0	0	0	0	0	0	0	0	0	0	0	0	0	0	0	0	0	
360512	Frontal_Mid_R	120	18348	1436	44204	442	5586	246	0	0	1178	0	8418	0	14624	0	2554	0	4700	1994	3426	0	0	1348	7834	0	684	358	0	108	12884	264	5922	0	1266	0	0	0	5708	0	816	0	0	0	0	0	0	0	180	0	0	0	112	0	102	0	1030	0	1292	0	0	0	186	0	590	0	0	0	0	0	0	1848	6976	172	13508	0	3978	0	2052	0	200	0	356	0	558	0	758	0	0	0	1682	0	98	0	0	0	0	0	0	0	110	0	0	0	0	0	0	0	0	0	0	0	0	0	0	0	0	
107448	Frontal_Mid_Orb_L	0	0	3502	130	14186	0	3798	0	0	0	106	0	4550	0	14366	0	0	0	964	0	0	0	912	0	124	0	3498	0	3754	0	122	0	0	0	0	0	0	0	0	0	0	0	0	0	0	0	0	0	0	0	0	0	0	0	0	0	0	0	0	0	0	0	0	0	0	0	0	0	0	0	298	0	3414	0	0	0	0	0	0	0	0	0	0	0	0	0	0	0	0	0	0	0	0	0	0	0	0	0	0	0	0	0	0	0	0	0	0	0	0	0	0	0	0	0	0	0	
38712	Frontal_Mid_Orb_R	0	0	0	358	0	3826	0	1178	0	0	0	0	0	672	0	7070	0	0	0	0	0	332	0	0	0	802	0	716	0	1716	0	0	0	0	0	0	0	0	0	0	0	0	0	0	0	0	0	0	0	0	0	0	0	0	0	0	0	0	0	0	0	0	0	0	0	0	0	0	0	0	0	416	0	2270	0	0	0	0	0	0	0	0	0	0	0	0	0	0	0	0	0	0	0	0	0	0	0	0	0	0	0	0	0	0	0	0	0	0	0	0	0	0	0	0	0	0	
235392	Frontal_Inf_Oper_L	18240	0	11066	314	346	0	11316	0	106	0	0	0	18514	0	490	0	10254	0	3526	286	0	0	734	0	0	0	130	0	22648	0	748	98	0	0	0	0	1048	0	0	0	0	0	0	0	0	0	0	0	0	0	0	0	0	0	208	0	6672	0	0	0	250	0	270	0	0	0	0	0	0	0	1568	122	4054	184	0	0	204	0	610	0	2176	0	1250	0	134	0	0	0	130	0	0	0	0	0	0	0	0	0	0	0	0	0	0	0	0	0	0	0	0	0	0	0	0	0	0	0	
145480	Frontal_Inf_Oper_R	0	7880	130	5682	0	284	0	8418	0	0	0	0	0	7670	0	192	0	4562	668	1710	0	0	532	1790	0	0	0	0	0	11212	0	234	0	674	0	0	0	2522	0	638	0	0	0	0	0	0	0	0	0	0	0	0	0	0	0	864	0	3076	0	0	0	0	0	0	0	0	0	0	0	0	300	292	0	8790	0	1026	0	694	0	122	0	404	0	954	0	668	0	0	0	752	0	0	0	0	0	0	0	0	0	0	0	0	0	0	0	0	0	0	0	0	0	0	0	0	0	0	
305012	Frontal_Inf_Tri_L	7826	0	22932	154	6354	0	35248	0	4550	0	18514	0	0	0	18824	0	1508	0	4038	0	0	0	5260	208	0	0	0	0	20872	0	908	182	0	0	0	0	0	0	0	0	0	0	0	0	0	0	0	0	0	0	0	0	0	0	0	0	2314	0	0	0	0	0	0	0	0	0	0	0	0	0	418	0	1316	0	0	0	0	0	0	0	370	0	710	0	0	0	0	0	0	0	0	0	0	0	0	0	0	0	0	0	0	0	0	0	0	0	0	0	0	0	0	0	0	0	0	0	
155724	Frontal_Inf_Tri_R	0	696	288	8658	0	1870	0	14624	0	672	0	7670	0	0	0	4372	0	366	2976	4522	0	0	1964	6290	0	0	0	0	0	11098	154	2576	0	3402	0	0	0	624	0	0	0	0	0	0	0	0	0	0	0	0	0	0	0	0	0	0	0	0	0	0	0	0	0	0	0	0	0	0	0	0	756	1198	0	2584	0	502	0	0	0	0	0	0	0	0	0	0	0	0	0	0	0	0	0	0	0	0	0	0	0	0	0	0	0	0	0	0	0	0	0	0	0	0	0	0	0	0	
175492	Frontal_Inf_Orb_L	0	0	7202	108	12522	0	6822	0	14366	0	490	0	18824	0	0	0	0	0	2416	0	562	0	1950	0	0	0	194	0	16674	0	330	0	0	0	0	0	172	0	384	0	134	0	0	0	0	0	0	0	0	0	0	0	0	0	0	0	0	0	0	0	0	0	0	0	0	0	0	0	0	0	156	0	3402	0	0	0	0	0	0	0	0	0	1038	0	0	0	0	0	0	0	0	0	0	0	0	0	0	0	0	0	0	0	0	0	0	0	0	0	0	0	0	0	0	0	0	0	
71060	Frontal_Inf_Orb_R	0	0	0	2482	0	4776	0	2554	0	7070	0	192	0	4372	0	0	0	0	106	218	0	1904	128	426	0	0	0	1276	0	6318	0	388	0	256	0	0	0	116	0	166	0	0	0	0	0	0	0	0	0	0	0	0	0	0	0	136	0	0	0	0	0	0	0	0	0	0	0	0	0	0	0	0	0	1570	0	0	0	0	0	0	0	0	0	704	0	0	0	372	0	0	0	0	0	0	0	0	0	0	0	0	0	0	0	0	0	0	0	0	0	0	0	0	0	0	0	0	
206812	Rolandic_Oper_L	12238	0	6358	1054	0	0	5290	0	0	0	10254	0	1508	0	0	0	0	0	2656	1056	0	0	0	0	0	0	0	0	22626	0	110	0	0	0	0	0	1862	196	0	0	0	0	0	0	0	0	0	0	0	0	124	0	0	0	214	0	10272	0	0	0	0	0	2114	0	0	0	0	0	0	0	1412	0	2016	0	0	0	1544	208	8236	0	9716	0	818	0	1026	0	0	0	498	0	0	0	0	0	0	0	0	0	0	0	0	0	0	0	0	0	0	0	0	0	0	0	0	0	0	0	
112448	Rolandic_Oper_R	0	2148	0	3298	0	0	0	4700	0	0	0	4562	0	366	0	0	0	0	0	174	0	0	0	0	0	0	0	0	0	12192	0	0	0	0	0	0	0	1488	0	0	0	0	0	0	0	0	0	0	0	0	0	0	0	0	0	0	0	3446	0	0	0	0	0	2226	0	0	0	238	0	0	0	0	0	5628	0	564	0	684	0	3514	0	7814	0	1646	0	1332	0	0	0	204	0	0	0	0	0	0	0	0	0	0	0	0	0	0	0	0	0	0	0	0	0	0	0	0	0	0	
742316	Supp_Motor_Area_L	5536	512	96380	27186	4300	186	5702	1994	964	0	3526	668	4038	2976	2416	106	2656	0	0	60924	0	0	14156	10014	0	0	1284	0	8968	2566	6764	7636	5946	25224	1954	204	3630	1056	610	252	0	0	0	0	0	0	0	0	0	0	0	0	0	0	418	160	806	0	0	0	0	0	0	0	0	0	754	0	6752	0	14372	1248	11460	2290	3984	770	16150	362	218	0	564	0	284	0	0	0	0	0	232	0	0	0	0	0	0	0	0	0	0	0	0	0	0	0	0	0	0	0	0	0	0	0	0	0	0	0	
1.05938e+06	Supp_Motor_Area_R	28608	2758	50848	89310	696	658	7856	3426	0	0	286	1710	0	4522	0	218	1056	174	60924	0	0	0	4798	15794	0	0	378	0	3298	5582	3726	11898	6908	62782	3540	5558	1628	8912	422	1942	0	0	0	1106	0	526	0	830	0	950	0	832	220	246	512	1148	612	4764	0	594	0	832	138	192	0	324	138	4676	9446	18166	11136	29792	3852	7564	144	1244	2352	33524	230	0	128	0	0	0	162	1340	0	0	166	1198	0	0	0	0	0	0	0	388	0	0	0	0	0	0	0	0	0	0	0	0	0	0	0	0	0	0	
66592	Olfactory_L	0	0	0	0	544	504	0	0	0	0	0	0	0	0	562	0	0	0	0	0	0	5278	0	0	0	740	1164	1516	1560	0	1816	2092	0	0	0	0	420	0	812	0	616	0	0	0	0	0	0	0	0	0	0	0	0	0	116	0	0	0	0	0	0	0	0	0	0	0	0	0	0	0	5694	3760	3620	1180	0	0	0	0	0	0	0	0	1302	0	0	0	0	0	0	0	0	0	0	0	0	0	0	0	0	0	0	0	0	0	0	0	0	0	0	0	0	0	0	0	0	0	
86352	Olfactory_R	0	0	0	0	0	1354	0	0	0	332	0	0	0	0	0	1904	0	0	0	0	5278	0	0	0	0	1794	802	3946	0	2320	2330	3512	0	0	0	0	0	0	0	198	0	322	0	0	0	0	0	0	0	0	0	0	0	0	0	0	0	0	0	0	0	0	0	0	0	0	0	0	0	0	6444	6534	3818	2030	0	0	0	0	0	0	0	0	0	258	0	0	0	0	0	0	0	0	0	0	0	0	0	0	0	0	0	0	0	0	0	0	0	0	0	0	0	0	0	0	0	0	
450476	Frontal_Sup_Medial_L	0	0	53822	11426	4460	786	18832	1348	912	0	734	532	5260	1964	1950	128	0	0	14156	4798	0	0	0	28086	1026	1094	1132	0	1668	2038	21278	23602	2676	16052	0	0	0	726	0	0	0	0	0	0	0	0	0	0	0	0	0	0	0	0	0	0	0	0	0	0	0	0	0	0	0	0	0	0	0	0	760	132	2476	1384	0	0	0	0	0	0	0	0	0	0	0	0	0	0	0	0	0	0	0	0	0	0	0	0	0	0	0	0	0	0	0	0	0	0	0	0	0	0	0	0	0	0	
472504	Frontal_Sup_Medial_R	0	0	8394	41662	552	9202	1912	7834	0	0	0	1790	208	6290	0	426	0	0	10014	15794	0	0	28086	0	220	6964	250	294	288	6816	9444	36636	196	19938	0	0	0	3290	0	314	0	0	0	0	0	0	0	0	0	0	0	0	0	0	0	328	0	0	0	0	0	0	0	0	0	0	0	0	0	0	1532	6504	616	9052	0	1270	0	136	0	0	0	0	0	0	0	0	0	0	0	0	0	0	0	0	0	0	0	0	0	0	0	0	0	0	0	0	0	0	0	0	0	0	0	0	0	0	
13816	Frontal_Med_Orb_L	0	0	480	0	990	0	0	0	124	0	0	0	0	0	0	0	0	0	0	0	0	0	1026	220	0	354	904	0	0	0	1938	106	0	0	0	0	0	0	0	0	0	0	0	0	0	0	0	0	0	0	0	0	0	0	0	0	0	0	0	0	0	0	0	0	0	0	0	0	0	0	190	0	576	0	0	0	0	0	0	0	0	0	0	0	0	0	0	0	0	0	0	0	0	0	0	0	0	0	0	0	0	0	0	0	0	0	0	0	0	0	0	0	0	0	0	0	
99068	Frontal_Med_Orb_R	0	0	122	1480	0	10570	0	684	0	802	0	0	0	0	0	0	0	0	0	0	740	1794	1094	6964	354	0	552	5096	0	136	850	5716	0	0	0	0	0	106	0	0	0	0	0	0	0	0	0	0	0	0	0	0	0	0	0	0	0	0	0	0	0	0	0	0	0	0	0	0	0	0	668	5534	278	5848	0	146	0	0	0	0	0	0	0	0	0	0	0	0	0	0	0	0	0	0	0	0	0	0	0	0	0	0	0	0	0	0	0	0	0	0	0	0	0	0	0	0	
68684	Rectus_L	0	0	1548	704	8730	632	0	358	3498	0	130	0	0	0	194	0	0	0	1284	378	1164	802	1132	250	904	552	0	1064	634	0	2566	578	0	210	0	0	0	0	0	0	0	0	0	0	0	0	0	0	0	0	0	0	0	0	0	0	0	0	0	0	0	0	0	0	0	0	0	0	0	0	2460	348	4078	144	0	0	0	0	0	0	0	0	0	0	0	0	0	0	0	0	0	0	0	0	0	0	0	0	0	0	0	0	0	0	0	0	0	0	0	0	0	0	0	0	0	0	
59796	Rectus_R	0	0	0	0	0	5534	0	0	0	716	0	0	0	0	0	1276	0	0	0	0	1516	3946	0	294	0	5096	1064	0	0	952	532	2348	0	0	0	0	0	0	0	0	0	0	0	0	0	0	0	0	0	0	0	0	0	0	0	0	0	0	0	0	0	0	0	0	0	0	0	0	0	0	1456	2914	748	1506	0	0	0	0	0	0	0	0	0	0	0	0	0	0	0	0	0	0	0	0	0	0	0	0	0	0	0	0	0	0	0	0	0	0	0	0	0	0	0	0	0	0	
595076	Insula_L	17904	0	24746	2952	12356	0	15522	108	3754	0	22648	0	20872	0	16674	0	22626	0	8968	3298	1560	0	1668	288	0	0	634	0	0	0	1708	222	0	258	152	0	13906	740	1572	0	2766	0	0	0	0	0	0	0	0	0	0	0	104	0	5938	0	5246	0	0	0	568	0	2462	0	174	0	0	0	0	0	4674	258	17420	294	118	128	4754	754	7960	0	18218	0	7950	0	10200	0	786	0	11412	0	0	0	0	0	0	0	0	0	218	0	0	0	0	0	0	0	0	0	0	0	0	0	0	0	0	0	
371928	Insula_R	0	10330	430	13794	0	2668	0	12884	0	1716	0	11212	0	11098	0	6318	0	12192	2566	5582	0	2320	2038	6816	0	136	0	952	0	0	0	2612	0	2470	0	0	132	10380	0	1932	0	1646	0	134	0	0	0	264	0	0	0	208	0	344	0	3284	0	6086	0	0	0	0	0	436	0	0	0	454	0	0	916	1426	0	24290	0	606	0	2224	0	2240	0	6472	0	2758	0	5360	0	328	0	5482	0	198	0	0	0	0	0	0	0	230	0	0	0	0	0	0	0	0	0	0	0	0	0	0	0	0	
275632	Cingulum_Ant_L	0	0	15690	4970	2458	588	2606	264	122	0	748	0	908	154	330	0	110	0	6764	3726	1816	2330	21278	9444	1938	850	2566	532	1708	0	0	25040	4252	8484	308	0	0	0	0	0	0	0	0	0	0	0	0	0	0	0	0	0	0	0	0	0	0	0	0	0	0	0	0	0	0	0	126	0	0	0	5948	3038	6560	2062	0	0	98	0	0	0	0	0	0	0	0	0	0	0	0	0	0	0	0	0	0	0	0	0	0	0	0	0	0	0	0	0	0	0	0	0	0	0	0	0	0	0	
509840	Cingulum_Ant_R	0	0	9284	29928	240	7730	1768	5922	0	0	98	234	182	2576	0	388	0	0	7636	11898	2092	3512	23602	36636	106	5716	578	2348	222	2612	25040	0	3588	27658	314	426	0	696	0	0	0	0	0	0	0	0	0	0	0	0	0	0	0	0	0	0	0	0	0	0	0	0	0	0	0	0	0	0	156	0	5218	20776	2104	11566	0	1562	164	344	0	0	0	0	0	0	0	0	0	0	0	0	0	0	0	0	0	0	0	0	0	0	0	0	0	0	0	0	0	0	0	0	0	0	0	0	0	0	
141284	Cingulum_Mid_L	1358	0	1648	3002	0	0	0	0	0	0	0	0	0	0	0	0	0	0	5946	6908	0	0	2676	196	0	0	0	0	0	0	4252	3588	0	10182	6534	320	0	0	0	0	0	0	1612	0	1914	0	0	0	1914	0	2186	0	108	0	130	0	320	0	394	0	622	0	134	0	804	0	8704	1222	3618	0	102	0	0	0	0	0	0	0	0	0	0	0	0	0	248	0	0	0	0	0	0	0	0	0	0	0	0	0	0	0	0	0	0	0	0	0	0	0	0	0	0	0	0	0	0	0	
689272	Cingulum_Mid_R	20486	778	16862	18720	392	356	2398	1266	0	0	0	674	0	3402	0	256	0	0	25224	62782	0	0	16052	19938	0	0	210	0	258	2470	8484	27658	10182	0	3798	9918	0	840	0	228	0	0	0	3114	0	6108	0	358	0	6674	0	3856	170	186	336	520	0	4796	0	842	0	1098	0	250	0	464	2100	17676	6690	15002	1988	5210	606	866	0	112	816	8058	0	0	0	0	0	0	108	2430	0	0	112	458	0	0	0	0	0	0	0	0	0	0	0	0	0	0	0	0	0	0	0	0	0	0	0	0	0	0	
145428	Cingulum_Post_L	3536	0	152	362	0	0	0	0	0	0	0	0	0	0	0	0	0	0	1954	3540	0	0	0	0	0	0	0	0	152	0	308	314	6534	3798	0	10534	3758	3634	814	974	0	0	2142	0	356	0	1160	872	178	0	1326	0	1434	118	3970	538	0	0	0	0	142	0	0	0	214	0	6902	1240	5688	1918	0	0	0	0	0	0	0	386	106	0	0	0	0	0	756	0	0	0	764	694	0	0	0	0	0	0	380	692	374	0	0	0	0	0	0	0	0	0	0	0	0	0	0	0	0	0	
199548	Cingulum_Post_R	2514	270	152	348	0	0	0	0	0	0	0	0	0	0	0	0	0	0	204	5558	0	0	0	0	0	0	0	0	0	0	0	426	320	9918	10534	0	2900	7150	860	2634	0	0	102	7714	172	806	318	2486	0	1010	0	626	484	1282	1526	2556	0	1602	0	924	0	584	0	0	0	108	2940	17208	1138	4830	0	0	0	0	0	0	0	972	0	0	0	0	0	0	134	674	0	0	312	3914	0	0	0	0	0	0	0	826	0	0	0	0	0	0	0	0	0	0	0	0	738	0	0	0	0	0	
290844	Hippocampus_L	3252	152	6292	1516	0	0	3060	0	0	0	1048	0	0	0	172	0	1862	0	3630	1628	420	0	0	0	0	0	0	0	13906	132	0	0	0	0	3758	2900	0	5544	12598	1662	7926	0	1538	0	0	0	3910	1530	0	0	0	0	0	0	19824	132	1102	0	0	0	150	0	236	0	0	0	2464	604	0	0	930	0	9224	0	1048	0	6698	3212	2096	0	2360	0	3920	0	350	0	598	0	7168	184	518	0	224	0	0	0	1368	1286	1290	0	0	0	0	0	0	0	0	0	0	0	0	0	0	0	0	0	
425588	Hippocampus_R	714	6916	272	10388	0	542	102	5708	0	0	0	2522	0	624	0	116	196	1488	1056	8912	0	0	726	3290	0	106	0	0	740	10380	0	696	0	840	3634	7150	5544	0	2056	28454	0	9636	0	922	0	0	392	7936	0	0	0	0	170	1118	832	23328	398	1296	0	0	0	0	138	0	0	0	430	3878	0	0	190	1300	0	18672	0	1818	248	12594	198	194	110	416	0	1280	0	1174	0	0	146	11518	0	1100	0	360	0	186	0	5176	0	1312	0	244	0	134	0	0	0	0	0	0	778	0	0	0	0	0	
92236	ParaHippocampal_L	302	0	1266	378	0	0	586	0	0	0	0	0	0	0	384	0	0	0	610	422	812	0	0	0	0	0	0	0	1572	0	0	0	0	0	814	860	12598	2056	0	862	1976	0	180	0	0	0	2914	800	0	0	0	0	0	0	6034	0	0	0	0	0	0	0	0	0	0	0	360	208	0	0	0	0	1482	0	0	0	1522	1194	0	0	130	0	1250	0	0	0	122	0	320	124	662	0	352	0	0	0	1414	688	864	0	0	0	0	0	0	0	0	0	0	0	0	0	0	0	0	0	
225868	ParaHippocampal_R	0	1180	0	1408	0	0	0	816	0	0	0	638	0	0	0	166	0	0	252	1942	0	198	0	314	0	0	0	0	0	1932	0	0	0	228	974	2634	1662	28454	862	0	0	6436	0	1114	0	0	118	8848	0	0	0	0	0	622	0	19066	0	206	0	0	0	0	0	0	0	0	112	2800	0	0	0	452	0	4882	0	520	0	4384	0	0	0	0	0	986	0	102	0	306	0	2590	0	2264	0	1156	0	476	0	7792	0	2502	0	672	0	432	0	0	0	0	0	0	436	0	0	0	0	0	
43508	Amygdala_L	0	0	102	0	0	0	0	0	0	0	0	0	0	0	134	0	0	0	0	0	616	0	0	0	0	0	0	0	2766	0	0	0	0	0	0	0	7926	0	1976	0	0	0	0	0	0	0	0	0	0	0	0	0	0	0	3390	0	0	0	0	0	0	0	0	0	0	0	0	0	0	0	114	0	444	0	0	0	98	0	0	0	0	0	3394	0	0	0	170	0	624	0	0	0	0	0	0	0	0	0	0	0	0	0	0	0	0	0	0	0	0	0	0	0	0	0	0	0	
53876	Amygdala_R	0	0	0	0	0	0	0	0	0	0	0	0	0	0	0	0	0	0	0	0	0	322	0	0	0	0	0	0	0	1646	0	0	0	0	0	0	0	9636	0	6436	0	0	0	0	0	0	0	0	0	0	0	0	0	0	0	5422	0	0	0	0	0	0	0	0	0	0	0	0	0	0	0	0	0	1060	0	0	0	0	0	0	0	0	0	1786	0	0	0	0	0	164	0	0	0	0	0	0	0	334	0	132	0	0	0	0	0	0	0	0	0	0	0	0	0	0	0	0	
253120	Calcarine_L	1708	0	0	0	0	0	0	0	0	0	0	0	0	0	0	0	0	0	0	0	0	0	0	0	0	0	0	0	0	0	0	0	1612	0	2142	102	1538	0	180	0	0	0	0	5474	16274	3010	9854	2054	8750	1710	26594	0	6200	152	8260	136	352	0	0	0	648	0	0	0	1328	0	19030	344	1274	0	0	0	0	0	0	0	0	0	0	0	0	0	0	0	5074	0	0	0	1040	0	0	0	0	0	0	0	554	0	598	134	0	0	0	0	0	0	0	0	0	0	128	164	142	0	0	0	
318552	Calcarine_R	422	650	0	0	0	0	0	0	0	0	0	0	0	0	0	0	0	0	0	1106	0	0	0	0	0	0	0	0	0	134	0	0	0	3114	0	7714	0	922	0	1114	0	0	5474	0	6362	22882	722	22770	0	18632	0	14978	0	6896	0	7304	0	1344	0	478	0	306	0	138	0	152	1854	22968	0	1258	0	0	0	0	0	0	0	0	0	0	0	0	0	0	0	3296	0	0	0	2530	0	564	0	0	0	0	0	266	0	1596	0	0	0	0	0	0	0	0	0	0	224	670	436	0	0	0	
192952	Cuneus_L	1246	0	0	0	0	0	0	0	0	0	0	0	0	0	0	0	0	0	0	0	0	0	0	0	0	0	0	0	0	0	0	0	1914	0	356	172	0	0	0	0	0	0	16274	6362	0	7962	1896	1056	19010	2692	12882	598	656	0	1074	0	260	0	1342	0	622	0	0	0	770	0	14052	1734	726	0	0	0	0	0	0	0	0	0	0	0	0	0	0	0	2332	0	0	0	384	0	0	0	0	0	0	0	0	0	0	104	0	0	0	0	0	0	0	0	0	0	0	0	0	0	0	0	
243460	Cuneus_R	0	568	0	0	0	0	0	0	0	0	0	0	0	0	0	0	0	0	0	526	0	0	0	0	0	0	0	0	0	0	0	0	0	6108	0	806	0	0	0	0	0	0	3010	22882	7962	0	0	4832	848	27938	0	11046	0	582	0	682	0	512	0	1754	0	122	0	0	0	106	7602	20034	0	442	0	0	0	0	0	0	0	0	0	0	0	0	0	0	0	2916	0	0	0	196	0	0	0	0	0	0	0	0	0	256	0	0	0	0	0	0	0	0	0	0	0	0	0	0	0	0	
225596	Lingual_L	0	0	0	0	0	0	0	0	0	0	0	0	0	0	0	0	0	0	0	0	0	0	0	0	0	0	0	0	0	0	0	0	0	0	1160	318	3910	392	2914	118	0	0	9854	722	1896	0	0	2870	3268	0	10696	0	6506	0	16914	694	0	0	0	0	0	0	0	0	0	0	3714	170	0	0	0	0	0	0	0	0	824	128	0	0	0	0	0	0	392	0	0	0	294	0	4526	2274	648	226	364	0	10362	2632	9746	2740	0	0	0	0	328	160	0	0	0	0	5272	3582	1544	110	156	374	
346224	Lingual_R	0	524	0	358	0	0	0	180	0	0	0	0	0	0	0	0	0	0	0	830	0	0	0	0	0	0	0	0	0	264	0	0	0	358	872	2486	1530	7936	800	8848	0	0	2054	22770	1056	4832	2870	0	0	6690	0	5984	0	6324	1056	21412	0	246	0	0	0	0	0	0	0	0	810	6564	0	154	0	250	0	558	0	0	0	2818	0	0	0	0	0	0	0	710	0	0	0	2408	2106	6320	192	586	0	454	1664	9766	3672	12222	0	0	0	0	0	0	0	0	0	0	6808	11276	3494	0	0	0	
144020	Occipital_Sup_L	0	0	0	0	0	0	0	0	0	0	0	0	0	0	0	0	0	0	0	0	0	0	0	0	0	0	0	0	0	0	0	0	1914	0	178	0	0	0	0	0	0	0	8750	0	19010	848	3268	0	0	0	19040	0	970	0	556	0	0	0	4172	0	804	0	0	0	108	0	10906	1486	0	0	0	0	0	0	0	0	0	0	0	0	0	0	0	0	0	0	0	0	0	0	0	0	0	0	0	0	0	0	0	0	0	0	0	0	0	0	0	0	0	0	0	0	0	0	0	0	
265696	Occipital_Sup_R	228	1054	0	0	0	0	0	0	0	0	0	0	0	0	0	0	0	0	0	950	0	0	0	0	0	0	0	0	0	0	0	0	0	6674	0	1010	0	0	0	0	0	0	1710	18632	2692	27938	0	6690	0	0	0	21824	0	648	0	704	0	726	0	7312	0	4034	0	358	0	5538	3002	16722	0	644	0	0	0	0	0	0	0	0	0	0	0	132	0	0	0	2390	0	0	0	360	0	0	0	0	0	0	0	0	0	876	0	0	0	0	0	0	0	0	0	0	0	0	0	0	0	0	
392700	Occipital_Mid_L	8370	0	0	0	0	0	114	0	0	0	0	0	0	0	0	0	124	0	0	0	0	0	0	0	0	0	0	0	0	0	0	0	2186	0	1326	0	0	0	0	0	0	0	26594	0	12882	0	10696	0	19040	0	0	0	17206	0	12362	0	8508	0	10744	0	14582	0	224	0	14648	0	11918	0	3788	0	0	0	0	0	0	0	0	0	136	0	0	0	0	0	17412	0	0	0	1796	0	144	0	0	0	0	0	582	0	672	0	0	0	0	0	0	0	0	0	0	0	296	0	0	0	0	0	
278400	Occipital_Mid_R	182	2028	0	136	0	0	0	112	0	0	0	0	0	0	0	0	0	0	0	832	0	0	0	0	0	0	0	0	0	208	0	0	0	3856	0	626	0	0	0	0	0	0	0	14978	598	11046	0	5984	0	21824	0	0	0	3668	0	2376	0	2150	0	3890	0	10170	0	4712	0	18198	2184	12184	0	506	0	0	0	0	0	0	0	0	0	0	0	758	0	0	0	13990	0	0	0	1144	0	0	0	0	0	0	0	0	0	860	0	0	0	0	0	0	0	0	0	0	0	0	0	0	0	0	
133040	Occipital_Inf_L	1556	0	0	0	0	0	0	0	0	0	0	0	0	0	0	0	0	0	0	220	0	0	0	0	0	0	0	0	104	0	0	0	108	170	1434	484	0	170	0	0	0	0	6200	0	656	0	6506	0	970	0	17206	0	0	0	16554	0	0	0	0	0	0	0	0	0	434	0	2094	0	118	146	0	0	0	0	0	0	0	0	202	0	0	0	0	0	3960	0	0	0	4246	190	326	0	0	0	0	0	910	0	1054	0	0	0	0	0	0	0	0	0	0	0	394	108	0	0	0	0	
86148	Occipital_Inf_R	0	552	0	0	0	0	0	102	0	0	0	0	0	0	0	0	0	0	0	246	0	0	0	0	0	0	0	0	0	344	0	0	0	186	118	1282	0	1118	0	622	0	0	152	6896	0	582	0	6324	0	648	0	3668	0	0	0	7876	0	188	0	0	0	0	0	0	0	0	0	2666	0	0	0	0	0	0	0	0	0	0	0	0	0	0	0	0	0	872	0	0	0	4514	0	574	0	0	0	0	0	596	0	1404	0	0	0	0	0	0	0	0	0	0	480	694	370	0	0	0	
425680	Fusiform_L	3132	0	984	0	0	0	834	0	0	0	208	0	0	0	0	0	214	0	418	512	116	0	0	0	0	0	0	0	5938	0	0	0	130	336	3970	1526	19824	832	6034	0	3390	0	8260	0	1074	0	16914	1056	556	0	12362	0	16554	0	0	186	208	0	0	0	0	0	0	0	152	0	3834	0	142	298	0	0	2200	0	0	0	544	0	1068	0	4016	0	1362	0	3488	0	650	0	14664	202	20478	526	1562	114	320	116	17428	188	26378	466	260	0	914	0	334	138	0	0	0	170	1812	2218	794	134	178	124	
404284	Fusiform_R	114	2414	0	814	0	0	0	1030	0	0	0	864	0	0	0	136	0	0	160	1148	0	0	0	328	0	0	0	0	0	3284	0	0	0	520	538	2556	132	23328	0	19066	0	5422	136	7304	0	682	694	21412	0	704	0	2376	0	7876	186	0	0	596	0	0	0	0	0	0	0	0	0	4988	0	294	0	0	0	4730	0	220	0	1920	0	0	0	714	0	4338	0	3550	0	982	0	16456	272	13876	0	1840	0	0	630	11034	384	19074	0	756	0	610	0	0	0	0	0	0	5014	4346	2294	0	0	0	
312180	Postcentral_L	36560	0	2450	520	0	0	10942	0	0	0	6672	0	2314	0	0	0	10272	0	806	612	0	0	0	0	0	0	0	0	5246	0	0	0	320	0	0	0	1102	398	0	0	0	0	352	0	260	0	0	0	0	0	8508	0	0	0	208	0	0	0	5820	0	23824	0	9934	0	3842	0	2116	0	4566	0	564	0	494	0	0	0	1294	566	5182	0	5646	0	290	0	2618	0	0	0	1792	0	0	0	0	0	0	0	0	0	0	0	0	0	0	0	0	0	0	0	0	0	0	0	0	0	0	0	
228228	Postcentral_R	2156	27820	0	1126	0	0	0	1292	0	0	0	3076	0	0	0	0	0	3446	0	4764	0	0	0	0	0	0	0	0	0	6086	0	0	0	4796	0	1602	0	1296	0	206	0	0	0	1344	0	512	0	246	0	726	0	2150	0	188	0	596	0	0	0	2960	0	4398	0	11738	0	682	0	9114	0	8432	0	0	0	598	0	0	0	476	0	674	0	2392	0	0	0	6496	0	0	0	2726	0	0	0	0	0	0	0	0	0	0	0	0	0	0	0	0	0	0	0	0	0	0	0	0	0	0	
102912	Parietal_Sup_L	2274	0	0	0	0	0	0	0	0	0	0	0	0	0	0	0	0	0	0	0	0	0	0	0	0	0	0	0	0	0	0	0	394	0	0	0	0	0	0	0	0	0	0	0	1342	0	0	0	4172	0	10744	0	0	0	0	0	5820	0	0	0	10576	0	0	0	2294	0	11608	124	2108	0	0	0	0	0	0	0	0	0	0	0	0	0	0	0	0	0	0	0	0	0	0	0	0	0	0	0	0	0	0	0	0	0	0	0	0	0	0	0	0	0	0	0	0	0	0	0	
97496	Parietal_Sup_R	0	324	0	98	0	0	0	0	0	0	0	0	0	0	0	0	0	0	0	594	0	0	0	0	0	0	0	0	0	0	0	0	0	842	0	924	0	0	0	0	0	0	0	478	0	1754	0	0	0	7312	0	3890	0	0	0	0	0	2960	0	0	0	8100	0	2772	0	6484	688	8432	0	646	0	0	0	0	0	0	0	0	0	0	0	380	0	0	0	1672	0	0	0	398	0	0	0	0	0	0	0	0	0	0	0	0	0	0	0	0	0	0	0	0	0	0	0	0	0	0	
206892	Parietal_Inf_L	6678	0	0	0	0	0	2060	0	0	0	250	0	0	0	0	0	0	0	0	0	0	0	0	0	0	0	0	0	568	0	0	0	622	0	142	0	150	0	0	0	0	0	648	0	622	0	0	0	804	0	14582	0	0	0	0	0	23824	0	10576	0	0	0	10126	0	22670	0	1154	0	1520	0	0	0	0	0	0	0	272	0	0	0	646	0	0	0	3666	0	0	0	1866	0	0	0	0	0	0	0	0	0	0	0	0	0	0	0	0	0	0	0	0	0	0	0	0	0	0	0	
150320	Parietal_Inf_R	472	1868	0	440	0	0	0	186	0	0	0	0	0	0	0	0	0	0	0	832	0	0	0	0	0	0	0	0	0	0	0	0	0	1098	0	584	0	0	0	0	0	0	0	306	0	122	0	0	0	4034	0	10170	0	0	0	0	0	4398	0	8100	0	0	0	13056	0	18150	0	2242	0	818	0	0	0	0	0	0	0	0	0	0	0	1676	0	0	0	5620	0	0	0	988	0	0	0	0	0	0	0	0	0	0	0	0	0	0	0	0	0	0	0	0	0	0	0	0	0	0	
116052	SupraMarginal_L	2412	0	0	134	0	0	790	0	0	0	270	0	0	0	0	0	2114	0	0	138	0	0	0	0	0	0	0	0	2462	0	0	0	134	0	0	0	236	138	0	0	0	0	0	0	0	0	0	0	0	0	224	0	0	0	0	0	9934	0	0	0	10126	0	0	0	4886	0	0	0	0	0	0	0	0	0	0	0	0	138	562	0	9622	0	0	0	9982	0	0	0	3724	0	0	0	0	0	0	0	0	0	0	0	0	0	0	0	0	0	0	0	0	0	0	0	0	0	0	0	
148644	SupraMarginal_R	0	6236	0	670	0	0	0	590	0	0	0	0	0	0	0	0	0	2226	0	192	0	0	0	0	0	0	0	0	0	436	0	0	0	250	0	0	0	0	0	0	0	0	0	138	0	0	0	0	0	358	0	4712	0	0	0	0	0	11738	0	2772	0	13056	0	0	0	10174	0	890	0	144	0	0	0	0	0	0	0	0	0	530	0	7576	0	0	0	10230	0	0	0	1404	0	0	0	0	0	0	0	0	0	0	0	0	0	0	0	0	0	0	0	0	0	0	0	0	0	0	
133832	Angular_L	1988	0	0	0	0	0	0	0	0	0	0	0	0	0	0	0	0	0	0	0	0	0	0	0	0	0	0	0	174	0	0	0	804	0	214	0	0	0	0	0	0	0	1328	0	770	0	0	0	108	0	14648	0	434	0	152	0	3842	0	2294	0	22670	0	4886	0	0	0	974	0	558	0	0	0	0	0	0	0	0	0	0	0	1888	0	0	0	7892	0	0	0	1292	0	0	0	0	0	0	0	0	0	0	0	0	0	0	0	0	0	0	0	0	0	0	0	0	0	0	0	
153688	Angular_R	188	294	0	0	0	0	0	0	0	0	0	0	0	0	0	0	0	0	0	324	0	0	0	0	0	0	0	0	0	0	0	0	0	464	0	108	0	0	0	0	0	0	0	152	0	106	0	0	0	5538	0	18198	0	0	0	0	0	682	0	6484	0	18150	0	10174	0	0	0	1296	0	314	0	0	0	0	0	0	0	0	0	0	0	4812	0	0	0	8960	0	0	0	600	0	0	0	0	0	0	0	0	0	0	0	0	0	0	0	0	0	0	0	0	0	0	0	0	0	0	
297384	Precuneus_L	1926	0	0	0	0	0	0	0	0	0	0	0	0	0	0	0	0	0	754	138	0	0	0	0	0	0	0	0	0	0	126	0	8704	2100	6902	2940	2464	430	360	112	0	0	19030	1854	14052	7602	3714	810	10906	3002	11918	2184	2094	0	3834	0	2116	0	11608	688	1154	0	0	0	974	0	0	14322	4256	0	0	0	0	0	0	0	0	0	0	0	0	0	0	0	3312	290	0	0	1040	0	0	0	0	0	0	0	442	114	420	0	0	0	0	0	0	0	0	0	0	0	0	0	0	0	0	0	
403748	Precuneus_R	1678	3724	0	106	0	0	0	0	0	0	0	0	0	0	0	0	0	238	0	4676	0	0	0	0	0	0	0	0	0	454	0	0	1222	17676	1240	17208	604	3878	208	2800	0	0	344	22968	1734	20034	170	6564	1486	16722	0	12184	0	2666	0	4988	0	9114	124	8432	0	2242	0	890	0	1296	14322	0	324	8172	0	0	0	0	0	0	0	142	0	0	0	364	0	0	0	5058	0	0	0	4250	0	0	0	0	0	0	0	740	0	0	0	0	0	0	0	0	0	0	0	0	832	0	0	0	0	0	
154108	Paracentral_Lobule_L	14904	0	1574	4632	0	0	206	0	0	0	0	0	0	0	0	0	0	0	6752	9446	0	0	0	0	0	0	0	0	0	0	0	156	3618	6690	5688	1138	0	0	0	0	0	0	1274	0	726	0	0	0	0	0	3788	0	118	0	142	0	4566	0	2108	0	1520	0	0	0	558	0	4256	324	0	1778	0	0	0	0	0	0	0	0	0	0	0	0	0	0	680	0	0	0	412	0	0	0	0	0	0	0	0	0	0	0	0	0	0	0	0	0	0	0	0	0	0	0	0	0	0	0	
149880	Paracentral_Lobule_R	8260	1866	0	0	0	0	0	0	0	0	0	0	0	0	0	0	0	0	0	18166	0	0	0	0	0	0	0	0	0	0	0	0	0	15002	1918	4830	0	0	0	0	0	0	0	1258	0	442	0	154	0	644	0	506	146	0	298	294	0	8432	0	646	0	818	0	144	0	314	0	8172	1778	0	0	0	0	0	0	0	0	0	0	0	0	0	0	0	100	462	0	0	100	190	0	0	0	0	0	0	0	0	0	0	0	0	0	0	0	0	0	0	0	0	0	0	0	0	0	0	
335336	Caudate_L	1296	0	20132	15348	2106	878	4356	1848	298	0	1568	300	418	756	156	0	1412	0	14372	11136	5694	6444	760	1532	190	668	2460	1456	4674	916	5948	5218	102	1988	0	0	930	190	0	0	114	0	0	0	0	0	0	0	0	0	0	0	0	0	0	0	564	0	0	0	0	0	0	0	0	0	0	0	0	0	0	10588	18260	5074	1938	880	13688	788	0	0	0	0	224	0	0	0	0	0	0	0	0	0	0	0	0	0	0	0	0	0	0	0	0	0	0	0	0	0	0	0	0	0	0	0	0	0	
395600	Caudate_R	3058	2388	1868	23172	0	5454	464	6976	0	416	122	292	0	1198	0	0	0	0	1248	29792	3760	6534	132	6504	0	5534	348	2914	258	1426	3038	20776	0	5210	0	0	0	1300	0	452	0	0	0	0	0	0	0	250	0	0	0	0	0	0	0	0	0	0	0	0	0	0	0	0	0	0	0	0	0	0	10588	0	3578	20778	0	3204	442	24210	0	0	0	0	0	0	0	0	0	0	0	0	0	0	0	0	0	0	0	116	0	0	0	0	0	0	0	0	0	0	0	0	0	0	0	0	0	0	
373060	Putamen_L	6418	0	23332	3768	12096	0	11834	172	3414	0	4054	0	1316	0	3402	0	2016	0	11460	3852	3620	3818	2476	616	576	278	4078	748	17420	0	6560	2104	0	606	0	0	9224	0	1482	0	444	0	0	0	0	0	0	0	0	0	0	0	0	0	2200	0	494	0	0	0	0	0	0	0	0	0	0	0	0	0	18260	3578	0	1562	8804	150	7482	0	0	0	390	0	1194	0	0	0	0	0	1132	0	0	0	0	0	0	0	0	0	100	0	0	0	0	0	0	0	0	0	0	0	0	0	0	0	0	0	
432528	Putamen_R	0	2310	1078	21134	196	9778	116	13508	0	2270	184	8790	0	2584	0	1570	0	5628	2290	7564	1180	2030	1384	9052	0	5848	144	1506	294	24290	2062	11566	0	866	0	0	0	18672	0	4882	0	1060	0	0	0	0	0	558	0	0	0	0	0	0	0	4730	0	598	0	0	0	0	0	0	0	0	0	0	0	0	5074	20778	1562	0	0	11160	0	3802	0	452	0	934	0	862	0	166	0	0	0	1200	0	116	0	0	0	0	0	258	0	178	0	0	0	0	0	0	0	0	0	0	0	0	0	0	0	0	
61936	Pallidum_L	3786	0	5578	0	0	0	4164	0	0	0	0	0	0	0	0	0	0	0	3984	144	0	0	0	0	0	0	0	0	118	0	0	0	0	0	0	0	1048	0	0	0	0	0	0	0	0	0	0	0	0	0	0	0	0	0	0	0	0	0	0	0	0	0	0	0	0	0	0	0	0	0	1938	0	8804	0	0	0	1404	0	0	0	0	0	0	0	0	0	0	0	0	0	0	0	0	0	0	0	0	0	0	0	0	0	0	0	0	0	0	0	0	0	0	0	0	0	0	0	
74168	Pallidum_R	0	482	586	5258	146	466	0	3978	0	0	0	1026	0	502	0	0	0	564	770	1244	0	0	0	1270	0	146	0	0	128	606	0	1562	0	112	0	0	0	1818	0	520	0	0	0	0	0	0	0	0	0	0	0	0	0	0	0	220	0	0	0	0	0	0	0	0	0	0	0	0	0	0	880	3204	150	11160	0	0	0	286	0	0	0	0	0	0	0	0	0	0	0	0	0	0	0	0	0	0	0	0	0	0	0	0	0	0	0	0	0	0	0	0	0	0	0	0	0	0	
202956	Thalamus_L	6012	0	23038	1546	0	0	5050	0	0	0	204	0	0	0	0	0	1544	0	16150	2352	0	0	0	0	0	0	0	0	4754	0	98	164	0	816	0	0	6698	248	1522	0	98	0	0	0	0	0	824	0	0	0	0	0	0	0	544	0	1294	0	0	0	272	0	0	0	0	0	0	0	0	0	13688	442	7482	0	1404	0	0	2036	2230	0	378	0	0	0	146	0	0	0	328	0	0	0	0	0	0	0	116	0	0	0	0	0	0	0	0	0	0	0	0	0	0	0	0	0	0	0	
283924	Thalamus_R	4556	2936	702	18374	0	0	212	2052	0	0	0	694	0	0	0	0	208	684	362	33524	0	0	0	136	0	0	0	0	754	2224	0	344	0	8058	386	972	3212	12594	1194	4384	0	0	0	0	0	0	128	2818	0	0	0	0	0	0	0	1920	566	476	0	0	0	0	138	0	0	0	0	142	0	0	788	24210	0	3802	0	286	2036	0	202	182	110	248	0	0	0	470	0	0	0	2974	0	120	0	0	0	0	0	1784	0	0	0	0	0	0	0	0	0	0	0	0	0	0	0	0	0	0	
93192	Heschl_L	5672	0	646	190	0	0	1942	0	0	0	610	0	0	0	0	0	8236	0	218	230	0	0	0	0	0	0	0	0	7960	0	0	0	0	0	106	0	2096	198	0	0	0	0	0	0	0	0	0	0	0	0	136	0	202	0	1068	0	5182	0	0	0	0	0	562	0	0	0	0	0	0	0	0	0	0	0	0	0	2230	202	0	0	4246	0	0	0	2368	0	0	0	2296	0	0	0	0	0	0	0	0	0	0	0	0	0	0	0	0	0	0	0	0	0	0	0	0	0	0	0	
28228	Heschl_R	0	196	0	252	0	0	0	200	0	0	0	122	0	0	0	0	0	3514	0	0	0	0	0	0	0	0	0	0	0	2240	0	0	0	0	0	0	0	194	0	0	0	0	0	0	0	0	0	0	0	0	0	0	0	0	0	0	0	674	0	0	0	0	0	530	0	0	0	0	0	0	0	0	0	452	0	0	0	182	0	0	0	4212	0	0	0	1346	0	0	0	0	0	0	0	0	0	0	0	0	0	0	0	0	0	0	0	0	0	0	0	0	0	0	0	0	0	0	
223760	Temporal_Sup_L	5188	0	1056	126	0	0	1586	0	0	0	2176	0	370	0	0	0	9716	0	564	128	0	0	0	0	0	0	0	0	18218	0	0	0	0	0	0	0	2360	110	130	0	0	0	0	0	0	0	0	0	0	0	0	0	0	0	4016	0	5646	0	0	0	646	0	9622	0	1888	0	0	0	0	0	0	0	390	0	0	0	378	110	4246	0	0	0	5108	0	27080	0	388	0	10518	0	0	0	0	0	0	0	0	0	116	0	0	0	0	0	0	0	0	0	0	0	0	0	0	0	0	0	
120204	Temporal_Sup_R	0	1440	0	310	0	0	0	356	0	0	0	404	0	0	0	0	0	7814	0	0	0	0	0	0	0	0	0	0	0	6472	0	0	0	0	0	0	0	416	0	0	0	0	0	0	0	0	0	0	0	132	0	758	0	0	0	714	0	2392	0	380	0	1676	0	7576	0	4812	0	364	0	0	0	0	0	934	0	0	0	248	0	4212	0	0	0	3282	0	13824	0	414	0	1172	0	0	0	0	0	0	0	0	0	0	0	0	0	0	0	0	0	0	0	0	0	0	0	0	0	0	
91208	Temporal_Pole_Sup_L	224	0	462	0	264	0	164	0	0	0	1250	0	710	0	1038	0	818	0	284	0	1302	0	0	0	0	0	0	0	7950	0	0	0	0	0	0	0	3920	0	1250	0	3394	0	0	0	0	0	0	0	0	0	0	0	0	0	1362	0	290	0	0	0	0	0	0	0	0	0	0	0	0	0	224	0	1194	0	0	0	0	0	0	0	5108	0	0	0	5410	0	4176	0	4810	0	0	0	0	0	0	0	0	0	0	0	0	0	0	0	0	0	0	0	0	0	0	0	0	0	0	0	
53860	Temporal_Pole_Sup_R	0	0	0	440	0	0	0	558	0	0	0	954	0	0	0	704	0	1646	0	0	0	258	0	0	0	0	0	0	0	2758	0	0	0	0	0	0	0	1280	0	986	0	1786	0	0	0	0	0	0	0	0	0	0	0	0	0	4338	0	0	0	0	0	0	0	0	0	0	0	0	0	0	0	0	0	862	0	0	0	0	0	0	0	3282	0	0	0	2050	0	2536	0	2492	0	0	0	0	0	0	0	0	0	0	0	0	0	0	0	0	0	0	0	0	0	0	0	0	0	0	
298024	Temporal_Mid_L	7288	0	0	0	0	0	588	0	0	0	134	0	0	0	0	0	1026	0	0	162	0	0	0	0	0	0	0	0	10200	0	0	0	248	108	756	134	350	0	0	0	0	0	5074	0	2332	0	392	0	0	0	17412	0	3960	0	3488	0	2618	0	0	0	3666	0	9982	0	7892	0	3312	0	680	100	0	0	0	0	0	0	146	0	2368	0	27080	0	5410	0	0	0	2574	0	29532	0	0	0	0	0	0	0	0	0	0	0	0	0	0	0	0	0	0	0	0	0	0	0	0	0	0	0	
250920	Temporal_Mid_R	0	8408	0	512	0	0	0	758	0	0	0	668	0	0	0	0	0	1332	0	1340	0	0	0	0	0	0	0	0	0	5360	0	0	0	2430	0	674	0	1174	0	102	0	0	0	3296	0	2916	0	710	0	2390	0	13990	0	872	0	3550	0	6496	0	1672	0	5620	0	10230	0	8960	290	5058	0	462	0	0	0	166	0	0	0	470	0	1346	0	13824	0	2050	0	0	0	796	0	17538	0	0	0	0	0	0	0	0	0	0	0	0	0	0	0	0	0	0	0	0	0	0	0	0	0	0	
23960	Temporal_Pole_Mid_L	0	0	0	0	0	0	0	0	0	0	0	0	0	0	0	0	0	0	0	0	0	0	0	0	0	0	0	0	786	0	0	0	0	0	0	0	598	0	122	0	170	0	0	0	0	0	0	0	0	0	0	0	0	0	650	0	0	0	0	0	0	0	0	0	0	0	0	0	0	0	0	0	0	0	0	0	0	0	0	0	388	0	4176	0	2574	0	0	0	2516	0	0	0	0	0	0	0	0	0	0	0	0	0	0	0	0	0	0	0	0	0	0	0	0	0	0	0	
13840	Temporal_Pole_Mid_R	0	0	0	0	0	0	0	0	0	0	0	0	0	0	0	372	0	0	0	0	0	0	0	0	0	0	0	0	0	328	0	0	0	0	0	0	0	0	0	306	0	0	0	0	0	0	0	0	0	0	0	0	0	0	0	982	0	0	0	0	0	0	0	0	0	0	0	0	0	0	0	0	0	0	0	0	0	0	0	0	0	414	0	2536	0	796	0	0	0	1186	0	0	0	0	0	0	0	0	0	0	0	0	0	0	0	0	0	0	0	0	0	0	0	0	0	0	
228072	Temporal_Inf_L	4180	0	510	0	0	0	674	0	0	0	130	0	0	0	0	0	498	0	232	166	0	0	0	0	0	0	0	0	11412	0	0	0	0	112	764	312	7168	146	320	0	624	0	1040	0	384	0	294	0	0	0	1796	0	4246	0	14664	0	1792	0	0	0	1866	0	3724	0	1292	0	1040	0	412	100	0	0	1132	0	0	0	328	0	2296	0	10518	0	4810	0	29532	0	2516	0	0	100	1442	0	0	0	0	0	100	0	886	0	118	0	360	0	0	0	0	0	0	0	0	0	0	0	0	0	
207284	Temporal_Inf_R	0	7004	0	526	0	0	0	1682	0	0	0	752	0	0	0	0	0	204	0	1198	0	0	0	0	0	0	0	0	0	5482	0	0	0	458	694	3914	184	11518	124	2590	0	164	0	2530	0	196	0	2408	0	360	0	1144	190	4514	202	16456	0	2726	0	398	0	988	0	1404	0	600	0	4250	0	190	0	0	0	1200	0	0	0	2974	0	0	0	1172	0	2492	0	17538	0	1186	100	0	0	984	0	0	0	0	0	122	0	562	0	0	0	0	0	0	0	0	0	0	262	0	0	0	0	0	
524284	Cerebelum_Crus1_L	0	0	0	0	0	0	0	0	0	0	0	0	0	0	0	0	0	0	0	0	0	0	0	0	0	0	0	0	0	0	0	0	0	0	0	0	518	0	662	0	0	0	0	0	0	0	4526	2106	0	0	144	0	326	0	20478	272	0	0	0	0	0	0	0	0	0	0	0	0	0	0	0	0	0	0	0	0	0	0	0	0	0	0	0	0	0	0	0	0	1442	0	0	5662	30118	3562	3186	1294	34326	1814	66444	4568	11504	338	18910	988	9304	1426	2578	102	1374	2928	5876	10204	10402	1506	2266	988	
532796	Cerebelum_Crus1_R	0	140	0	0	0	0	0	98	0	0	0	0	0	0	0	0	0	0	0	0	0	0	0	0	0	0	0	0	0	198	0	0	0	0	0	0	0	1100	0	2264	0	0	0	564	0	0	2274	6320	0	0	0	0	0	574	526	13876	0	0	0	0	0	0	0	0	0	0	0	0	0	0	0	0	0	116	0	0	0	120	0	0	0	0	0	0	0	0	0	0	0	984	5662	0	400	39684	524	4616	5492	29660	6576	62512	0	14046	210	14294	686	1690	152	230	1316	4504	15688	11894	12654	2546	1750	458	
342040	Cerebelum_Crus2_L	0	0	0	0	0	0	0	0	0	0	0	0	0	0	0	0	0	0	0	0	0	0	0	0	0	0	0	0	0	0	0	0	0	0	0	0	224	0	352	0	0	0	0	0	0	0	648	192	0	0	0	0	0	0	1562	0	0	0	0	0	0	0	0	0	0	0	0	0	0	0	0	0	0	0	0	0	0	0	0	0	0	0	0	0	0	0	0	0	0	0	30118	400	0	16196	678	114	3816	0	7572	306	31790	6708	35432	1840	9120	522	920	0	0	206	306	1270	12034	7678	726	290	
497216	Cerebelum_Crus2_R	0	0	0	0	0	0	0	0	0	0	0	0	0	0	0	0	0	0	0	0	0	0	0	0	0	0	0	0	0	0	0	0	0	0	0	0	0	360	0	1156	0	0	0	0	0	0	226	586	0	0	0	0	0	0	114	1840	0	0	0	0	0	0	0	0	0	0	0	0	0	0	0	0	0	0	0	0	0	0	0	0	0	0	0	0	0	0	0	0	0	0	3562	39684	16196	0	370	3356	2526	9400	3286	19890	9452	38150	9290	31920	2062	6022	236	1076	876	3216	4724	2620	17588	13512	4276	1036	
54600	Cerebelum_3_L	0	0	0	0	0	0	0	0	0	0	0	0	0	0	0	0	0	0	0	0	0	0	0	0	0	0	0	0	0	0	0	0	0	0	0	0	0	0	0	0	0	0	0	0	0	0	364	0	0	0	0	0	0	0	320	0	0	0	0	0	0	0	0	0	0	0	0	0	0	0	0	0	0	0	0	0	0	0	0	0	0	0	0	0	0	0	0	0	0	0	3186	524	678	370	0	110	7608	132	4042	522	522	0	706	230	826	122	0	0	1996	2798	1688	0	244	132	180	0	
87588	Cerebelum_3_R	0	0	0	0	0	0	0	0	0	0	0	0	0	0	0	0	0	0	0	0	0	0	0	0	0	0	0	0	0	0	0	0	0	0	0	0	0	186	0	476	0	0	0	0	0	0	0	454	0	0	0	0	0	0	116	0	0	0	0	0	0	0	0	0	0	0	0	0	0	0	0	0	0	0	0	0	0	0	0	0	0	0	0	0	0	0	0	0	0	0	1294	4616	114	3356	110	0	1060	5680	1288	6774	0	1012	0	1276	178	1684	0	0	1094	5748	1138	1082	1416	1108	1876	658	
375812	Cerebelum_4_5_L	0	0	0	0	0	0	0	0	0	0	0	0	0	0	0	0	0	0	0	0	0	0	0	0	0	0	0	0	0	0	0	0	0	0	380	0	1368	0	1414	0	0	0	554	0	0	0	10362	1664	0	0	582	0	910	0	17428	630	0	0	0	0	0	0	0	0	0	0	442	0	0	0	0	0	0	0	0	0	116	0	0	0	0	0	0	0	0	0	0	0	100	0	34326	5492	3816	2526	7608	1060	0	3014	44164	5884	1132	428	2374	1390	4096	1266	892	0	1774	3510	13836	5004	3308	1186	1948	1922	
326180	Cerebelum_4_5_R	0	166	0	222	0	0	0	0	0	0	0	0	0	0	0	0	0	0	0	388	0	0	0	0	0	0	0	0	0	0	0	0	0	0	692	826	1286	5176	688	7792	0	334	0	266	0	0	2632	9766	0	0	0	0	0	596	188	11034	0	0	0	0	0	0	0	0	0	0	114	740	0	0	0	116	0	258	0	0	0	1784	0	0	0	0	0	0	0	0	0	0	0	122	1814	29660	0	9400	132	5680	3014	0	2086	36586	0	2706	0	3572	254	374	0	0	186	2856	14236	2214	1960	622	552	0	
496988	Cerebelum_6_L	0	0	0	0	0	0	0	0	0	0	0	0	0	0	0	0	0	0	0	0	0	0	0	0	0	0	0	0	218	0	0	0	0	0	374	0	1290	0	864	0	0	0	598	0	0	0	9746	3672	0	0	672	0	1054	0	26378	384	0	0	0	0	0	0	0	0	0	0	420	0	0	0	0	0	100	0	0	0	0	0	0	0	116	0	0	0	0	0	0	0	886	0	66444	6576	7572	3286	4042	1288	44164	2086	0	5284	3902	336	5532	1034	5688	1320	2148	0	1370	2958	8948	13242	9796	1428	2106	1172	
498216	Cerebelum_6_R	0	160	0	0	0	0	0	110	0	0	0	0	0	0	0	0	0	0	0	0	0	0	0	0	0	0	0	0	0	230	0	0	0	0	0	0	0	1312	0	2502	0	132	134	1596	104	256	2740	12222	0	876	0	860	0	1404	466	19074	0	0	0	0	0	0	0	0	0	0	0	0	0	0	0	0	0	178	0	0	0	0	0	0	0	0	0	0	0	0	0	0	0	562	4568	62512	306	19890	522	6774	5884	36586	5284	0	0	5140	138	6656	558	940	140	172	1268	4922	18746	12004	8386	1582	1022	190	
258108	Cerebelum_7b_L	0	0	0	0	0	0	0	0	0	0	0	0	0	0	0	0	0	0	0	0	0	0	0	0	0	0	0	0	0	0	0	0	0	0	0	0	0	0	0	0	0	0	0	0	0	0	0	0	0	0	0	0	0	0	260	0	0	0	0	0	0	0	0	0	0	0	0	0	0	0	0	0	0	0	0	0	0	0	0	0	0	0	0	0	0	0	0	0	118	0	11504	0	31790	9452	522	0	1132	0	3902	0	0	7194	36448	2670	9494	286	766	0	0	0	140	0	4438	8794	144	0	
278620	Cerebelum_7b_R	0	0	0	0	0	0	0	0	0	0	0	0	0	0	0	0	0	0	0	0	0	0	0	0	0	0	0	0	0	0	0	0	0	0	0	0	0	244	0	672	0	0	0	0	0	0	0	0	0	0	0	0	0	0	0	756	0	0	0	0	0	0	0	0	0	0	0	0	0	0	0	0	0	0	0	0	0	0	0	0	0	0	0	0	0	0	0	0	0	0	338	14046	6708	38150	0	1012	428	2706	336	5140	7194	0	7376	29478	1766	4778	112	236	284	984	980	0	3206	10478	1902	0	
364720	Cerebelum_8_L	0	0	0	0	0	0	0	0	0	0	0	0	0	0	0	0	0	0	0	0	0	0	0	0	0	0	0	0	0	0	0	0	0	0	0	0	0	0	0	0	0	0	0	0	0	0	0	0	0	0	0	0	0	0	914	0	0	0	0	0	0	0	0	0	0	0	0	0	0	0	0	0	0	0	0	0	0	0	0	0	0	0	0	0	0	0	0	0	360	0	18910	210	35432	9290	706	0	2374	0	5532	138	36448	7376	0	8092	25858	3968	3006	0	0	116	206	0	5838	14124	3462	0	
304596	Cerebelum_8_R	0	0	0	0	0	0	0	0	0	0	0	0	0	0	0	0	0	0	0	0	0	0	0	0	0	0	0	0	0	0	0	0	0	0	0	0	0	134	0	432	0	0	0	0	0	0	0	0	0	0	0	0	0	0	0	610	0	0	0	0	0	0	0	0	0	0	0	0	0	0	0	0	0	0	0	0	0	0	0	0	0	0	0	0	0	0	0	0	0	0	988	14294	1840	31920	230	1276	1390	3572	1034	6656	2670	29478	8092	0	4656	16002	264	1670	906	1956	2610	154	3622	10946	4532	364	
209392	Cerebelum_9_L	0	0	0	0	0	0	0	0	0	0	0	0	0	0	0	0	0	0	0	0	0	0	0	0	0	0	0	0	0	0	0	0	0	0	0	0	0	0	0	0	0	0	0	0	0	0	328	0	0	0	0	0	0	0	334	0	0	0	0	0	0	0	0	0	0	0	0	0	0	0	0	0	0	0	0	0	0	0	0	0	0	0	0	0	0	0	0	0	0	0	9304	686	9120	2062	826	178	4096	254	5688	558	9494	1766	25858	4656	0	4682	6060	198	208	488	1786	684	3682	6460	4248	992	
163948	Cerebelum_9_R	0	0	0	0	0	0	0	0	0	0	0	0	0	0	0	0	0	0	0	0	0	0	0	0	0	0	0	0	0	0	0	0	0	0	0	0	0	0	0	0	0	0	0	0	0	0	160	0	0	0	0	0	0	0	138	0	0	0	0	0	0	0	0	0	0	0	0	0	0	0	0	0	0	0	0	0	0	0	0	0	0	0	0	0	0	0	0	0	0	0	1426	1690	522	6022	122	1684	1266	374	1320	940	286	4778	3968	16002	4682	0	122	2606	972	2126	1468	2906	3962	9358	9374	3700	
38440	Cerebelum_10_L	0	0	0	0	0	0	0	0	0	0	0	0	0	0	0	0	0	0	0	0	0	0	0	0	0	0	0	0	0	0	0	0	0	0	0	0	0	0	0	0	0	0	0	0	0	0	0	0	0	0	0	0	0	0	0	0	0	0	0	0	0	0	0	0	0	0	0	0	0	0	0	0	0	0	0	0	0	0	0	0	0	0	0	0	0	0	0	0	0	0	2578	152	920	236	0	0	892	0	2148	140	766	112	3006	264	6060	122	0	0	0	158	302	0	982	252	130	0	
18872	Cerebelum_10_R	0	0	0	0	0	0	0	0	0	0	0	0	0	0	0	0	0	0	0	0	0	0	0	0	0	0	0	0	0	0	0	0	0	0	0	0	0	0	0	0	0	0	0	0	0	0	0	0	0	0	0	0	0	0	0	0	0	0	0	0	0	0	0	0	0	0	0	0	0	0	0	0	0	0	0	0	0	0	0	0	0	0	0	0	0	0	0	0	0	0	102	230	0	1076	0	0	0	0	0	172	0	236	0	1670	198	2606	0	0	0	0	0	0	682	948	980	536	
53004	Vermis_1_2	0	0	0	0	0	0	0	0	0	0	0	0	0	0	0	0	0	0	0	0	0	0	0	0	0	0	0	0	0	0	0	0	0	0	0	0	0	0	0	0	0	0	0	0	0	0	0	0	0	0	0	0	0	0	0	0	0	0	0	0	0	0	0	0	0	0	0	0	0	0	0	0	0	0	0	0	0	0	0	0	0	0	0	0	0	0	0	0	0	0	1374	1316	0	876	1996	1094	1774	186	1370	1268	0	284	0	906	208	972	0	0	0	6760	2260	552	1144	946	936	280	
119440	Vermis_3	0	0	0	0	0	0	0	0	0	0	0	0	0	0	0	0	0	0	0	0	0	0	0	0	0	0	0	0	0	0	0	0	0	0	0	0	0	0	0	0	0	0	0	0	0	0	0	0	0	0	0	0	0	0	170	0	0	0	0	0	0	0	0	0	0	0	0	0	0	0	0	0	0	0	0	0	0	0	0	0	0	0	0	0	0	0	0	0	0	0	2928	4504	206	3216	2798	5748	3510	2856	2958	4922	0	984	116	1956	488	2126	158	0	6760	0	4894	1408	2298	1614	2324	778	
280976	Vermis_4_5	0	0	0	0	0	0	0	0	0	0	0	0	0	0	0	0	0	0	0	0	0	0	0	0	0	0	0	0	0	0	0	0	0	0	0	738	0	778	0	436	0	0	128	224	0	0	5272	6808	0	0	296	0	394	480	1812	5014	0	0	0	0	0	0	0	0	0	0	0	832	0	0	0	0	0	0	0	0	0	0	0	0	0	0	0	0	0	0	0	0	0	262	5876	15688	306	4724	1688	1138	13836	14236	8948	18746	140	980	206	2610	1786	1468	302	0	2260	4894	0	7958	3702	1048	1962	2512	
232956	Vermis_6	0	0	0	0	0	0	0	0	0	0	0	0	0	0	0	0	0	0	0	0	0	0	0	0	0	0	0	0	0	0	0	0	0	0	0	0	0	0	0	0	0	0	164	670	0	0	3582	11276	0	0	0	0	108	694	2218	4346	0	0	0	0	0	0	0	0	0	0	0	0	0	0	0	0	0	0	0	0	0	0	0	0	0	0	0	0	0	0	0	0	0	0	10204	11894	1270	2620	0	1082	5004	2214	13242	12004	0	0	0	154	684	2906	0	0	552	1408	7958	0	12026	2004	2872	3322	
