data	data	530344	259588	1.11233e+06	792880	147868	116048	566420	380068	190948	33768	278520	223624	343752	219904	267492	73324	219836	82136	966940	965456	115500	131724	535296	525308	54868	103892	84284	70776	666344	248348	408172	624732	204500	726812	139840	185836	281560	252520	83336	132332	40692	56192	233352	224836	157944	337188	327372	211736	175032	329952	465280	202128	137808	25776	401032	289884	278652	249164	183024	81112	284604	107272	116284	94508	177828	94704	340440	426280	313428	350168	430372	440176	557768	350608	138428	28584	216464	239040	84384	18316	186300	100424	86584	37316	253032	202976	17420	14472	262240	114288	408256	364816	298816	183188	21428	40108	233856	175780	464356	343272	253488	86000	331640	237820	130912	118072	44256	10800	33140	58240	198116	235476	153000	129976	96216	58840	
data	data	Precentral_L	Precentral_R	Frontal_Sup_L	Frontal_Sup_R	Frontal_Sup_Orb_L	Frontal_Sup_Orb_R	Frontal_Mid_L	Frontal_Mid_R	Frontal_Mid_Orb_L	Frontal_Mid_Orb_R	Frontal_Inf_Oper_L	Frontal_Inf_Oper_R	Frontal_Inf_Tri_L	Frontal_Inf_Tri_R	Frontal_Inf_Orb_L	Frontal_Inf_Orb_R	Rolandic_Oper_L	Rolandic_Oper_R	Supp_Motor_Area_L	Supp_Motor_Area_R	Olfactory_L	Olfactory_R	Frontal_Sup_Medial_L	Frontal_Sup_Medial_R	Frontal_Med_Orb_L	Frontal_Med_Orb_R	Rectus_L	Rectus_R	Insula_L	Insula_R	Cingulum_Ant_L	Cingulum_Ant_R	Cingulum_Mid_L	Cingulum_Mid_R	Cingulum_Post_L	Cingulum_Post_R	Hippocampus_L	Hippocampus_R	ParaHippocampal_L	ParaHippocampal_R	Amygdala_L	Amygdala_R	Calcarine_L	Calcarine_R	Cuneus_L	Cuneus_R	Lingual_L	Lingual_R	Occipital_Sup_L	Occipital_Sup_R	Occipital_Mid_L	Occipital_Mid_R	Occipital_Inf_L	Occipital_Inf_R	Fusiform_L	Fusiform_R	Postcentral_L	Postcentral_R	Parietal_Sup_L	Parietal_Sup_R	Parietal_Inf_L	Parietal_Inf_R	SupraMarginal_L	SupraMarginal_R	Angular_L	Angular_R	Precuneus_L	Precuneus_R	Paracentral_Lobule_L	Paracentral_Lobule_R	Caudate_L	Caudate_R	Putamen_L	Putamen_R	Pallidum_L	Pallidum_R	Thalamus_L	Thalamus_R	Heschl_L	Heschl_R	Temporal_Sup_L	Temporal_Sup_R	Temporal_Pole_Sup_L	Temporal_Pole_Sup_R	Temporal_Mid_L	Temporal_Mid_R	Temporal_Pole_Mid_L	Temporal_Pole_Mid_R	Temporal_Inf_L	Temporal_Inf_R	Cerebelum_Crus1_L	Cerebelum_Crus1_R	Cerebelum_Crus2_L	Cerebelum_Crus2_R	Cerebelum_3_L	Cerebelum_3_R	Cerebelum_4_5_L	Cerebelum_4_5_R	Cerebelum_6_L	Cerebelum_6_R	Cerebelum_7b_L	Cerebelum_7b_R	Cerebelum_8_L	Cerebelum_8_R	Cerebelum_9_L	Cerebelum_9_R	Cerebelum_10_L	Cerebelum_10_R	Vermis_1_2	Vermis_3	Vermis_4_5	Vermis_6	Vermis_7	Vermis_8	Vermis_9	Vermis_10	
530344	Precentral_L	0	2642	16886	1538	0	0	19758	1470	0	0	20734	258	3160	376	0	110	8308	180	12412	13326	0	0	128	0	0	0	0	0	6418	254	1272	382	268	4222	1762	2388	10282	1366	202	124	0	0	0	0	0	0	0	0	0	0	128	0	114	0	294	0	27804	384	0	0	7484	0	1424	0	126	0	250	0	32088	6430	7264	2028	17948	370	6100	0	17228	3482	1716	0	1258	0	632	0	96	0	0	0	298	0	0	0	0	0	0	0	0	0	0	0	0	0	0	0	0	0	0	0	0	0	0	0	0	0	0	0	
259588	Precentral_R	2642	0	224	7686	0	0	0	7784	0	0	0	15630	0	1116	0	0	0	2318	728	16958	0	0	0	274	0	0	0	0	118	3920	0	470	104	614	930	2186	1112	3964	0	690	0	0	0	926	0	228	0	0	0	204	0	206	0	0	0	558	0	14004	0	284	0	2374	0	3272	0	674	0	1754	3462	7480	1158	3988	250	4778	594	302	2614	10126	116	156	0	392	0	0	0	256	0	0	0	170	0	0	0	0	0	0	0	0	0	0	0	0	0	0	0	0	0	0	0	0	0	0	0	0	0	0	
1.11233e+06	Frontal_Sup_L	16886	224	0	11512	10476	0	77440	3644	11310	0	16144	1414	23632	2316	14220	332	8674	358	95020	22798	392	0	44494	9204	1936	0	2628	0	43878	826	20570	8094	5574	17788	0	0	2162	0	152	0	0	0	0	0	0	0	0	0	0	0	0	0	0	0	460	0	4720	434	0	0	1966	0	346	96	0	0	0	0	1124	538	15198	3494	38074	932	9264	220	462	0	754	0	1064	0	2218	0	192	0	0	0	512	0	0	0	0	0	0	0	0	0	0	0	0	0	0	0	0	0	0	0	0	0	0	0	0	0	0	0	
792880	Frontal_Sup_R	1538	7686	11512	0	0	5230	3322	47802	582	340	264	13310	992	10624	676	3540	0	2410	20150	44932	0	0	19816	56138	0	2972	0	0	1100	12088	4894	44600	3230	26360	0	130	0	414	0	98	0	0	0	0	0	0	0	0	0	0	0	0	0	0	0	0	0	2144	0	0	0	374	0	366	0	0	0	144	340	580	3160	19412	944	17858	314	632	492	2588	0	0	0	168	0	174	0	0	0	0	0	0	0	0	0	0	0	0	0	0	0	0	0	0	0	0	0	0	0	0	0	0	0	0	0	0	0	0	
147868	Frontal_Sup_Orb_L	0	0	10476	0	0	142	2570	0	9420	0	0	0	2096	0	11506	0	0	0	706	0	2788	770	3710	0	4658	168	9036	306	5540	0	3662	250	0	0	0	0	0	0	0	0	98	0	0	0	0	0	0	0	0	0	0	0	0	0	0	0	0	0	0	0	0	0	0	0	0	0	0	0	0	0	1220	272	4190	0	0	0	0	0	0	0	0	0	350	0	0	0	0	0	0	0	0	0	0	0	0	0	0	0	0	0	0	0	0	0	0	0	0	0	0	0	0	0	0	0	0	0	
116048	Frontal_Sup_Orb_R	0	0	0	5230	142	0	0	320	0	4682	0	0	0	142	112	4710	0	0	0	858	560	3056	444	4246	384	7444	424	7976	0	3950	480	2068	0	0	0	0	0	0	0	0	0	514	0	0	0	0	0	0	0	0	0	0	0	0	0	0	0	0	0	0	0	0	0	0	0	0	0	0	0	0	644	2312	182	6916	0	0	0	228	0	0	0	0	0	0	0	0	0	0	0	0	0	0	0	0	0	0	0	0	0	0	0	0	0	0	0	0	0	0	0	0	0	0	0	0	0	0	
566420	Frontal_Mid_L	19758	0	77440	3322	2570	0	0	2468	12610	0	6622	806	32028	1588	12836	220	532	248	14298	5062	0	0	14074	2944	0	0	170	0	18124	838	7042	3122	2628	5582	0	0	1046	0	0	0	0	0	0	0	0	0	0	0	0	0	0	0	0	0	0	0	2232	412	0	0	562	0	0	0	0	0	0	0	266	430	8194	3216	11092	306	7274	104	402	0	266	0	0	0	476	0	0	0	0	0	0	0	0	0	0	0	0	0	0	0	0	0	0	0	0	0	0	0	0	0	0	0	0	0	0	0	0	0	
380068	Frontal_Mid_R	1470	7784	3644	47802	0	320	2468	0	0	298	218	15080	520	23500	0	3528	0	660	7208	12110	0	0	1620	7390	0	0	0	0	228	7418	552	8292	1070	11218	98	206	0	446	0	0	0	0	0	214	0	0	0	0	0	0	0	0	0	0	0	0	0	988	0	156	0	860	0	748	0	144	0	392	0	178	2068	9418	134	6434	0	1902	0	1132	0	0	0	118	0	0	0	0	0	0	0	0	0	0	0	0	0	0	0	0	0	0	0	0	0	0	0	0	0	0	0	0	0	0	0	0	0	0	
190948	Frontal_Mid_Orb_L	0	0	11310	582	9420	0	12610	0	0	0	0	0	7954	0	29888	0	0	0	2346	468	354	0	2640	810	0	0	836	0	9256	0	726	772	1188	1308	0	0	0	0	0	0	0	0	0	0	0	0	0	0	0	0	0	0	0	0	0	0	0	0	0	0	0	0	0	0	0	0	0	0	0	0	166	0	2180	0	0	0	0	0	0	0	0	0	660	0	0	0	0	0	0	0	0	0	0	0	0	0	0	0	0	0	0	0	0	0	0	0	0	0	0	0	0	0	0	0	0	0	
33768	Frontal_Mid_Orb_R	0	0	0	340	0	4682	0	298	0	0	0	0	0	546	0	3426	0	0	0	0	130	886	0	0	0	370	0	2108	0	1766	0	0	0	0	0	0	0	0	0	0	0	326	0	0	0	0	0	0	0	0	0	0	0	0	0	0	0	0	0	0	0	0	0	0	0	0	0	0	0	0	134	688	0	1184	0	0	0	0	0	0	0	0	0	0	0	0	0	0	0	0	0	0	0	0	0	0	0	0	0	0	0	0	0	0	0	0	0	0	0	0	0	0	0	0	0	0	
278520	Frontal_Inf_Oper_L	20734	0	16144	264	0	0	6622	218	0	0	0	106	12176	0	278	0	12782	0	14672	746	0	0	858	154	0	0	0	0	19706	0	656	330	370	434	0	0	990	0	0	0	0	0	0	0	0	0	0	0	0	0	0	0	0	0	154	0	7058	0	0	0	3740	0	1092	0	0	0	0	0	0	0	2404	218	4850	0	1634	0	1488	0	1978	0	1790	0	4196	0	198	0	0	0	220	0	0	0	0	0	0	0	0	0	0	0	0	0	0	0	0	0	0	0	0	0	0	0	0	0	0	0	
223624	Frontal_Inf_Oper_R	258	15630	1414	13310	0	0	806	15080	0	0	106	0	378	11526	0	100	0	1946	3878	11556	0	0	0	778	0	0	0	0	172	12734	290	408	0	2672	208	400	96	114	0	0	0	0	0	774	0	158	0	0	0	130	0	136	0	0	0	0	0	4690	0	148	0	1354	0	1396	0	548	0	1214	0	126	902	1782	174	2644	0	326	122	546	0	0	0	158	0	472	0	152	0	0	0	0	0	0	0	0	0	0	0	0	0	0	0	0	0	0	0	0	0	0	0	0	0	0	0	0	0	0	
343752	Frontal_Inf_Tri_L	3160	0	23632	992	2096	0	32028	520	7954	0	12176	378	0	554	13862	0	1454	0	10038	2202	0	0	6666	1408	0	0	290	0	28496	266	5478	1550	1138	1770	0	0	0	0	0	0	0	0	0	0	0	0	0	0	0	0	0	0	0	0	0	0	612	0	0	0	0	0	0	0	0	0	0	0	0	116	7586	1504	2908	116	0	0	0	0	0	0	174	0	752	0	0	0	0	0	0	0	0	0	0	0	0	0	0	0	0	0	0	0	0	0	0	0	0	0	0	0	0	0	0	0	0	0	
219904	Frontal_Inf_Tri_R	376	1116	2316	10624	0	142	1588	23500	0	546	0	11526	554	0	0	5140	0	868	6876	7588	0	0	468	1860	0	0	0	0	246	13248	772	3092	402	8350	0	0	0	376	0	0	0	0	0	0	0	0	0	0	0	0	0	0	0	0	0	0	0	338	0	0	0	0	0	0	0	0	0	0	0	122	1038	3128	146	3258	0	348	0	0	0	0	0	0	0	0	0	0	0	0	0	0	0	0	0	0	0	0	0	0	0	0	0	0	0	0	0	0	0	0	0	0	0	0	0	0	0	0	
267492	Frontal_Inf_Orb_L	0	0	14220	676	11506	112	12836	0	29888	0	278	0	13862	0	0	0	0	0	2960	418	2634	486	3074	942	0	0	1386	228	20480	0	1196	998	1376	1370	0	0	1114	0	246	0	872	0	0	0	0	0	0	0	0	0	0	0	0	0	106	0	0	0	0	0	0	0	0	0	0	0	0	0	0	0	732	198	6298	0	0	0	0	0	0	0	0	0	3254	0	0	0	0	0	0	0	0	0	0	0	0	0	0	0	0	0	0	0	0	0	0	0	0	0	0	0	0	0	0	0	0	0	
73324	Frontal_Inf_Orb_R	110	0	332	3540	0	4710	220	3528	0	3426	0	100	0	5140	0	0	0	0	614	572	0	1834	0	314	0	298	0	826	0	6014	0	422	0	774	0	0	0	108	0	282	0	342	0	0	0	0	0	0	0	0	0	0	0	0	0	0	0	0	0	0	0	0	0	0	0	0	0	0	0	0	194	944	0	1680	0	0	0	0	0	0	0	0	0	338	0	0	0	0	0	0	0	0	0	0	0	0	0	0	0	0	0	0	0	0	0	0	0	0	0	0	0	0	0	0	0	0	
219836	Rolandic_Oper_L	8308	0	8674	0	0	0	532	0	0	0	12782	0	1454	0	0	0	0	0	9482	140	0	0	200	0	0	0	0	0	22694	0	116	0	96	180	318	0	922	0	0	0	0	0	0	0	296	0	0	0	430	0	1486	0	690	0	2008	0	5968	0	488	0	1684	0	1602	0	488	0	1138	0	148	0	1018	0	2186	0	214	0	554	112	7580	0	7860	0	2910	0	2898	0	0	0	2262	0	0	0	0	0	0	0	0	0	0	0	0	0	0	0	0	0	0	0	0	0	0	0	0	0	0	0	
82136	Rolandic_Oper_R	180	2318	358	2410	0	0	248	660	0	0	0	1946	0	868	0	0	0	0	236	6918	0	0	0	100	0	0	0	0	0	6710	0	0	0	124	0	0	214	522	0	0	0	0	0	0	0	0	0	0	0	0	0	0	0	0	0	0	0	3580	0	0	0	180	0	1102	0	0	0	0	0	224	506	750	306	2638	244	290	1322	100	0	2382	0	3138	0	494	0	0	0	0	0	0	0	0	0	0	0	0	0	0	0	0	0	0	0	0	0	0	0	0	0	0	0	0	0	0	0	0	
966940	Supp_Motor_Area_L	12412	728	95020	20150	706	0	14298	7208	2346	0	14672	3878	10038	6876	2960	614	9482	236	0	65120	0	0	15384	9920	0	0	276	0	29912	2934	11570	15366	14350	44494	836	168	1264	168	112	0	0	0	0	0	0	0	0	0	0	0	0	0	0	0	370	0	3796	182	0	0	1676	0	330	0	0	0	678	0	5074	3322	14416	4164	27050	1592	2612	196	316	0	602	0	1108	0	1880	0	200	0	0	0	408	0	0	0	0	0	0	0	0	0	0	0	0	0	0	0	0	0	0	0	0	0	0	0	0	0	0	0	
965456	Supp_Motor_Area_R	13326	16958	22798	44932	0	858	5062	12110	468	0	746	11556	2202	7588	418	572	140	6918	65120	0	0	0	4258	13880	0	1072	0	0	1308	8822	2252	18992	8988	59920	1006	3368	1002	1894	0	328	0	0	0	0	0	112	0	0	0	122	106	0	0	0	0	610	1476	6628	228	0	442	394	0	398	244	142	1652	1084	21510	38928	8730	23838	3692	11770	3146	460	1854	11998	112	1018	0	2114	0	172	0	436	0	0	0	450	0	0	0	0	0	0	0	0	0	0	0	0	0	0	0	0	0	0	0	0	0	0	0	0	0	0	
115500	Olfactory_L	0	0	392	0	2788	560	0	0	354	130	0	0	0	0	2634	0	0	0	0	0	0	7968	0	0	494	748	3286	1910	3446	0	3734	3424	0	0	0	0	448	0	450	0	714	0	0	0	0	0	0	0	0	0	0	0	0	0	0	0	0	0	0	0	0	0	0	0	0	0	0	0	0	0	10126	5280	6056	1810	118	0	0	0	0	0	0	0	880	0	0	0	0	0	0	0	0	0	0	0	0	0	0	0	0	0	0	0	0	0	0	0	0	0	0	0	0	0	0	0	0	0	
131724	Olfactory_R	0	0	0	0	770	3056	0	0	0	886	0	0	0	0	486	1834	0	0	0	0	7968	0	0	0	526	1652	2374	4028	236	2978	2976	4188	0	0	0	0	0	126	0	340	0	1396	0	0	0	0	0	0	0	0	0	0	0	0	0	0	0	0	0	0	0	0	0	0	0	0	0	0	0	0	10416	8520	7164	2942	802	0	0	0	0	0	0	0	0	198	0	0	0	0	0	0	0	0	0	0	0	0	0	0	0	0	0	0	0	0	0	0	0	0	0	0	0	0	0	0	0	0	
535296	Frontal_Sup_Medial_L	128	0	44494	19816	3710	444	14074	1620	2640	0	858	0	6666	468	3074	0	200	0	15384	4258	0	0	0	39870	3576	1012	1966	0	7970	0	30658	27860	5984	22002	0	0	0	0	0	0	0	0	0	0	0	0	0	0	0	0	0	0	0	0	0	0	0	0	0	0	0	0	0	0	0	0	0	0	0	0	2560	284	5948	124	0	0	0	0	0	0	0	0	0	0	0	0	0	0	0	0	0	0	0	0	0	0	0	0	0	0	0	0	0	0	0	0	0	0	0	0	0	0	0	0	0	0	
525308	Frontal_Sup_Medial_R	0	274	9204	56138	0	4246	2944	7390	810	0	154	778	1408	1860	942	314	0	100	9920	13880	0	0	39870	0	498	5422	0	100	2138	1010	11696	42560	2372	22170	0	0	0	0	0	0	0	0	0	0	0	0	0	0	0	0	0	0	0	0	0	0	0	0	0	0	0	0	0	0	0	0	0	0	0	0	890	10538	1562	9962	0	0	312	1192	0	0	0	0	0	0	0	0	0	0	0	0	0	0	0	0	0	0	0	0	0	0	0	0	0	0	0	0	0	0	0	0	0	0	0	0	0	0	
54868	Frontal_Med_Orb_L	0	0	1936	0	4658	384	0	0	0	0	0	0	0	0	0	0	0	0	0	0	494	526	3576	498	0	2046	4448	106	0	0	6714	884	0	0	0	0	0	0	0	0	0	0	0	0	0	0	0	0	0	0	0	0	0	0	0	0	0	0	0	0	0	0	0	0	0	0	0	0	0	0	716	122	326	0	0	0	0	0	0	0	0	0	0	0	0	0	0	0	0	0	0	0	0	0	0	0	0	0	0	0	0	0	0	0	0	0	0	0	0	0	0	0	0	0	0	0	
103892	Frontal_Med_Orb_R	0	0	0	2972	168	7444	0	0	0	370	0	0	0	0	0	298	0	0	0	1072	748	1652	1012	5422	2046	0	700	5326	0	216	2212	7674	0	0	0	0	0	0	0	0	0	0	0	0	0	0	0	0	0	0	0	0	0	0	0	0	0	0	0	0	0	0	0	0	0	0	0	0	0	0	686	4238	232	7342	0	0	0	116	0	0	0	0	0	0	0	0	0	0	0	0	0	0	0	0	0	0	0	0	0	0	0	0	0	0	0	0	0	0	0	0	0	0	0	0	0	0	
84284	Rectus_L	0	0	2628	0	9036	424	170	0	836	0	0	0	290	0	1386	0	0	0	276	0	3286	2374	1966	0	4448	700	0	1022	802	0	5914	1044	0	0	0	0	0	0	0	0	0	0	0	0	0	0	0	0	0	0	0	0	0	0	0	0	0	0	0	0	0	0	0	0	0	0	0	0	0	0	3366	870	1304	0	0	0	0	0	0	0	0	0	0	0	0	0	0	0	0	0	0	0	0	0	0	0	0	0	0	0	0	0	0	0	0	0	0	0	0	0	0	0	0	0	0	0	
70776	Rectus_R	0	0	0	0	306	7976	0	0	0	2108	0	0	0	0	228	826	0	0	0	0	1910	4028	0	100	106	5326	1022	0	122	604	1106	2330	0	0	0	0	0	0	0	0	0	162	0	0	0	0	0	0	0	0	0	0	0	0	0	0	0	0	0	0	0	0	0	0	0	0	0	0	0	0	1798	2392	1072	1866	0	0	0	0	0	0	0	0	0	0	0	0	0	0	0	0	0	0	0	0	0	0	0	0	0	0	0	0	0	0	0	0	0	0	0	0	0	0	0	0	0	0	
666344	Insula_L	6418	118	43878	1100	5540	0	18124	228	9256	0	19706	172	28496	246	20480	0	22694	0	29912	1308	3446	236	7970	2138	0	0	802	122	0	106	5070	2338	1902	3008	234	142	8762	0	1508	0	3414	0	0	0	0	0	0	0	274	0	898	0	172	0	4212	0	2140	0	520	0	1926	0	426	0	1210	0	652	0	178	0	3698	502	24138	0	192	0	3510	176	9130	0	9882	0	8010	0	5138	0	0	0	7314	0	0	0	0	0	0	0	0	0	0	0	0	0	0	0	0	0	0	0	0	0	0	0	0	0	0	0	
248348	Insula_R	254	3920	826	12088	0	3950	838	7418	0	1766	0	12734	266	13248	0	6014	0	6710	2934	8822	0	2978	0	1010	0	216	0	604	106	0	238	950	0	1490	132	198	128	4388	0	1490	0	3000	0	0	0	0	0	0	0	0	0	0	0	0	0	1166	0	1168	0	0	0	0	0	0	0	0	0	0	0	116	536	1924	0	15164	0	508	118	852	0	916	0	1566	0	692	0	194	0	0	0	538	0	0	0	0	0	0	0	0	0	0	0	0	0	0	0	0	0	0	0	0	0	0	0	0	0	0	
408172	Cingulum_Ant_L	1272	0	20570	4894	3662	480	7042	552	726	0	656	290	5478	772	1196	0	116	0	11570	2252	3734	2976	30658	11696	6714	2212	5914	1106	5070	238	0	23102	9302	9148	348	0	0	0	0	0	0	0	0	0	0	0	0	0	0	0	0	0	0	0	0	0	0	0	0	0	0	0	0	0	0	0	0	0	106	0	12358	2890	12758	1974	254	0	0	0	0	0	0	0	0	0	0	0	0	0	0	0	0	0	0	0	0	0	0	0	0	0	0	0	0	0	0	0	0	0	0	0	0	0	0	0	0	0	
624732	Cingulum_Ant_R	382	470	8094	44600	250	2068	3122	8292	772	0	330	408	1550	3092	998	422	0	0	15366	18992	3424	4188	27860	42560	884	7674	1044	2330	2338	950	23102	0	5132	33702	0	0	0	0	0	0	0	0	0	0	0	0	0	0	0	0	0	0	0	0	0	0	0	248	0	0	0	0	0	96	0	0	0	0	0	174	5604	22420	3492	14104	0	0	406	1426	0	0	0	0	0	0	0	0	0	0	0	0	0	0	0	0	0	0	0	0	0	0	0	0	0	0	0	0	0	0	0	0	0	0	0	0	0	0	
204500	Cingulum_Mid_L	268	104	5574	3230	0	0	2628	1070	1188	0	370	0	1138	402	1376	0	96	0	14350	8988	0	0	5984	2372	0	0	0	0	1902	0	9302	5132	0	16608	2638	1178	0	0	0	0	0	0	0	0	0	96	0	0	432	0	980	0	0	0	0	0	132	0	958	0	174	0	0	0	148	0	5804	834	3332	2266	468	278	450	0	0	0	0	0	0	0	0	0	0	0	0	0	0	0	0	0	0	0	0	0	0	0	0	0	0	0	0	0	0	0	0	0	0	0	0	0	0	0	0	0	0	0	
726812	Cingulum_Mid_R	4222	614	17788	26360	0	0	5582	11218	1308	0	434	2672	1770	8350	1370	774	180	124	44494	59920	0	0	22002	22170	0	0	0	0	3008	1490	9148	33702	16608	0	1186	6936	0	240	0	0	0	0	0	192	0	1282	0	130	0	1026	110	398	0	0	0	456	566	4926	270	144	338	96	0	0	294	154	3362	6444	11570	20092	1542	2200	1360	938	434	200	0	98	0	0	0	394	0	0	0	558	0	0	0	162	0	0	0	0	0	0	0	0	0	0	0	0	0	0	0	0	0	0	0	0	0	0	0	0	0	0	
139840	Cingulum_Post_L	1762	930	0	0	0	0	0	98	0	0	0	208	0	0	0	0	318	0	836	1006	0	0	0	0	0	0	0	0	234	132	348	0	2638	1186	0	11204	6796	5230	2030	1870	0	0	1232	0	146	0	1526	0	0	0	582	0	162	0	350	418	2824	576	280	0	712	0	658	0	654	0	8684	416	5892	1118	0	0	0	104	0	0	1870	3650	278	0	206	142	0	0	348	0	0	0	266	0	0	0	0	0	0	0	0	0	0	0	0	0	0	0	0	0	0	0	0	0	0	0	0	0	0	0	
185836	Cingulum_Post_R	2388	2186	0	130	0	0	0	206	0	0	0	400	0	0	0	0	0	0	168	3368	0	0	0	0	0	0	0	0	142	198	0	0	1178	6936	11204	0	6590	8714	2112	2916	0	0	0	742	0	446	778	592	0	412	0	308	0	0	448	2080	386	3618	0	0	0	0	0	0	0	0	2068	11188	1984	4806	0	0	0	262	0	0	4452	6306	380	104	214	830	0	0	0	988	0	0	152	538	0	0	0	0	0	0	0	0	0	0	0	0	0	0	0	0	0	0	0	0	0	0	0	0	0	0	
281560	Hippocampus_L	10282	1112	2162	0	0	0	1046	0	0	0	990	96	0	0	1114	0	922	214	1264	1002	448	0	0	0	0	0	0	0	8762	128	0	0	0	0	6796	6590	0	5478	11720	1786	7900	0	1788	0	272	0	4304	0	0	0	368	0	374	0	12582	116	1384	194	0	0	0	0	0	0	0	0	3208	208	2656	154	1112	776	13266	228	590	0	9852	5748	1510	0	1456	0	1148	0	220	0	168	0	6338	0	364	0	0	0	0	0	118	0	466	0	0	0	0	0	0	0	0	0	0	0	0	0	0	0	0	0	
252520	Hippocampus_R	1366	3964	0	414	0	0	0	446	0	0	0	114	0	376	0	108	0	522	168	1894	0	126	0	0	0	0	0	0	0	4388	0	0	0	240	5230	8714	5478	0	2008	19378	0	9086	0	2184	0	410	726	2568	0	0	0	0	0	0	274	17436	180	870	0	0	0	0	0	0	0	0	0	4724	946	1092	184	112	0	8348	0	1514	3214	10340	148	246	150	734	0	1696	0	270	0	122	114	3128	0	0	0	0	0	0	0	340	0	170	0	0	0	0	0	0	0	0	0	0	0	0	0	0	0	0	
83336	ParaHippocampal_L	202	0	152	0	0	0	0	0	0	0	0	0	0	0	246	0	0	0	112	0	450	0	0	0	0	0	0	0	1508	0	0	0	0	0	2030	2112	11720	2008	0	1014	1776	0	212	0	0	0	3252	0	0	0	244	0	152	0	6456	0	0	0	0	0	0	0	0	0	0	0	462	0	0	0	0	0	730	0	0	0	1788	1520	0	0	108	0	660	0	0	0	266	0	412	0	638	0	0	0	168	0	472	0	798	0	0	0	0	0	0	0	0	0	0	0	0	0	0	0	0	0	
132332	ParaHippocampal_R	124	690	0	98	0	0	0	0	0	0	0	0	0	0	0	282	0	0	0	328	0	340	0	0	0	0	0	0	0	1490	0	0	0	0	1870	2916	1786	19378	1014	0	0	4074	0	1664	0	418	518	1656	0	154	0	600	0	0	106	11756	0	510	0	0	0	0	0	0	0	0	0	2354	0	604	0	0	0	2452	0	516	822	3148	0	0	0	0	0	1578	0	372	0	752	0	584	0	164	0	0	0	0	0	800	0	248	0	0	0	0	0	0	0	0	0	0	0	0	0	0	0	0	
40692	Amygdala_L	0	0	0	0	98	0	0	0	0	0	0	0	0	0	872	0	0	0	0	0	714	0	0	0	0	0	0	0	3414	0	0	0	0	0	0	0	7900	0	1776	0	0	0	0	0	0	0	0	0	0	0	0	0	0	0	3040	0	0	0	0	0	0	0	0	0	0	0	0	0	0	0	0	0	316	0	0	0	130	0	0	0	0	0	996	0	0	0	208	0	882	0	0	0	0	0	0	0	0	0	0	0	0	0	0	0	0	0	0	0	0	0	0	0	0	0	0	0	
56192	Amygdala_R	0	0	0	0	0	514	0	0	0	326	0	0	0	0	0	342	0	0	0	0	0	1396	0	0	0	0	0	162	0	3000	0	0	0	0	0	0	0	9086	0	4074	0	0	0	0	0	0	0	0	0	0	0	0	0	0	0	3774	0	0	0	0	0	0	0	0	0	0	0	0	0	0	0	0	0	2202	0	0	0	184	0	0	0	0	0	2224	0	0	0	114	0	698	0	0	0	0	0	0	0	0	0	0	0	0	0	0	0	0	0	0	0	0	0	0	0	0	0	0	
233352	Calcarine_L	0	0	0	0	0	0	0	0	0	0	0	0	0	0	0	0	0	0	0	0	0	0	0	0	0	0	0	0	0	0	0	0	0	0	1232	0	1788	0	212	0	0	0	0	4522	12784	1126	18338	1616	7270	668	26198	412	6334	0	6778	788	0	0	170	0	0	0	0	0	0	0	12376	322	0	0	0	0	0	0	0	0	114	0	0	0	0	0	0	0	866	0	0	0	900	0	522	1128	0	0	0	0	2186	1498	2054	1382	0	0	0	0	0	0	0	0	0	0	2836	256	0	0	0	0	
224836	Calcarine_R	0	926	0	0	0	0	0	214	0	0	0	774	0	0	0	0	0	0	0	0	0	0	0	0	0	0	0	0	0	0	0	0	0	192	0	742	0	2184	0	1664	0	0	4522	0	2592	16336	1022	14040	0	13262	0	8688	0	4044	0	9584	0	2352	0	236	0	644	0	122	0	588	220	21054	0	2060	0	0	0	0	0	0	0	0	0	0	0	0	0	0	0	2702	0	0	0	1654	0	0	0	0	0	0	0	0	0	0	0	0	0	0	0	0	0	0	0	0	0	0	0	0	0	0	
157944	Cuneus_L	0	0	0	0	0	0	0	0	0	0	0	0	0	0	0	0	296	0	0	0	0	0	0	0	0	0	0	0	0	0	0	0	0	0	146	0	272	0	0	0	0	0	12784	2592	0	2434	1458	230	17376	926	13336	368	2308	0	3648	144	336	0	2696	0	370	0	146	0	286	0	13610	324	580	0	0	0	0	0	0	0	114	0	0	0	0	0	0	0	958	0	0	0	1234	0	0	0	0	0	0	0	0	0	0	0	0	0	0	0	0	0	0	0	0	0	0	0	0	0	0	0	
337188	Cuneus_R	0	228	0	0	0	0	0	0	0	0	0	158	0	0	0	0	0	0	0	112	0	0	0	0	0	0	0	0	0	0	0	0	96	1282	0	446	0	410	0	418	0	0	1126	16336	2434	0	314	1802	0	49112	0	19030	0	468	0	1008	0	3118	0	3102	0	454	0	0	0	3650	2876	38906	0	3138	0	0	0	0	0	0	0	0	0	0	0	1684	0	0	0	13666	0	0	0	3220	0	0	0	0	0	0	0	0	0	0	0	0	0	0	0	0	0	0	0	0	0	0	0	0	0	0	
327372	Lingual_L	0	0	0	0	0	0	0	0	0	0	0	0	0	0	0	0	0	0	0	0	0	0	0	0	0	0	0	0	0	0	0	0	0	0	1526	778	4304	726	3252	518	0	0	18338	1022	1458	314	0	2868	2812	300	18796	272	7010	0	21576	1544	0	0	0	0	0	0	0	0	0	0	5204	0	0	0	0	0	0	0	0	0	506	592	0	0	0	0	0	0	0	0	0	0	136	0	9564	3054	414	120	324	112	16198	3026	20344	4098	0	0	202	202	500	0	96	0	0	182	7946	2870	180	0	150	252	
211736	Lingual_R	0	0	0	0	0	0	0	0	0	0	0	0	0	0	0	0	0	0	0	0	0	0	0	0	0	0	0	0	0	0	0	0	0	130	0	592	0	2568	0	1656	0	0	1616	14040	230	1802	2868	0	0	2084	0	2546	0	984	902	13258	0	546	0	0	0	0	0	0	0	0	0	8222	0	658	0	0	0	0	0	0	0	174	0	0	0	0	0	0	0	772	0	0	0	346	1100	10970	408	104	96	0	1452	5188	3310	12260	130	0	296	0	146	0	0	0	0	116	5158	7936	1204	0	0	0	
175032	Occipital_Sup_L	0	0	0	0	0	0	0	0	0	0	0	0	0	0	0	0	430	0	0	0	0	0	0	0	0	0	0	0	274	0	0	0	432	0	0	0	0	0	0	0	0	0	7270	0	17376	0	2812	0	0	0	25726	0	882	0	774	0	744	0	7734	0	1210	0	380	0	1306	0	16166	0	1620	0	0	0	0	0	0	0	0	0	110	0	398	0	0	0	1162	0	0	0	710	0	0	0	0	0	0	0	0	0	0	0	0	0	0	0	0	0	0	0	0	0	0	0	0	0	0	0	
329952	Occipital_Sup_R	0	204	0	0	0	0	0	0	0	0	0	130	0	0	0	0	0	0	0	122	0	0	0	0	0	0	0	0	0	0	0	0	0	1026	0	412	0	0	0	154	0	0	668	13262	926	49112	300	2084	0	0	0	25248	0	496	0	1144	0	2186	0	3270	0	110	0	0	0	5170	2216	32716	0	2696	0	0	0	0	0	0	0	0	0	0	0	1890	0	0	0	16114	0	0	0	3320	0	0	0	0	0	0	0	0	0	0	0	0	0	0	0	0	0	0	0	0	0	0	0	0	0	0	
465280	Occipital_Mid_L	128	0	0	0	0	0	0	0	0	0	0	0	0	0	0	0	1486	0	0	106	0	0	0	0	0	0	0	0	898	0	0	0	980	110	582	0	368	0	244	0	0	0	26198	0	13336	0	18796	0	25726	0	0	0	20434	0	8828	0	2936	102	20986	0	11726	0	1214	0	16972	0	23242	150	1994	146	0	0	0	0	0	0	156	0	398	0	2044	0	0	0	22420	0	0	0	9426	0	222	0	0	0	0	0	0	0	286	0	0	0	0	0	0	0	0	0	0	0	0	0	0	0	0	0	
202128	Occipital_Mid_R	0	206	0	0	0	0	0	0	0	0	0	136	0	0	0	0	0	0	0	0	0	0	0	0	0	0	0	0	0	0	0	0	0	398	0	308	0	0	0	600	0	0	412	8688	368	19030	272	2546	0	25248	0	0	0	2338	0	2028	0	1426	0	1202	0	222	0	0	0	7070	904	13862	0	1592	0	0	0	0	0	0	0	0	0	0	0	536	0	0	0	11038	0	0	0	634	0	0	0	0	0	0	0	0	0	0	0	0	0	0	0	0	0	0	0	0	0	0	0	0	0	0	
137808	Occipital_Inf_L	114	0	0	0	0	0	0	0	0	0	0	0	0	0	0	0	690	0	0	0	0	0	0	0	0	0	0	0	172	0	0	0	0	0	162	0	374	0	152	0	0	0	6334	0	2308	0	7010	0	882	0	20434	0	0	0	9612	0	1034	0	680	0	778	0	366	0	216	0	3806	0	342	0	0	0	0	0	0	0	0	0	0	0	0	0	0	0	5190	0	0	0	7360	0	354	0	0	0	0	0	130	0	404	0	0	0	0	0	0	0	0	0	0	0	0	0	0	0	0	0	
25776	Occipital_Inf_R	0	0	0	0	0	0	0	0	0	0	0	0	0	0	0	0	0	0	0	0	0	0	0	0	0	0	0	0	0	0	0	0	0	0	0	0	0	0	0	0	0	0	0	4044	0	468	0	984	0	496	0	2338	0	0	0	1708	0	0	0	0	0	0	0	0	0	0	0	848	0	0	0	0	0	0	0	0	0	0	0	0	0	0	0	0	0	298	0	0	0	1606	0	98	0	0	0	0	0	0	0	0	0	0	0	0	0	0	0	0	0	0	0	0	0	0	0	0	
401032	Fusiform_L	294	0	460	0	0	0	0	0	0	0	154	0	0	0	106	0	2008	0	370	0	0	0	0	0	0	0	0	0	4212	0	0	0	0	0	350	448	12582	274	6456	106	3040	0	6778	0	3648	0	21576	902	774	0	8828	0	9612	0	0	366	720	0	300	0	598	0	318	0	148	0	6006	0	138	0	0	0	1440	0	0	0	1968	440	974	0	2962	0	916	0	1550	0	480	0	14456	0	25758	1284	892	120	108	0	13504	726	33378	1810	620	0	672	144	0	0	0	0	0	0	2850	1624	116	152	0	0	
289884	Fusiform_R	0	558	0	0	0	0	0	0	0	0	0	0	0	0	0	0	0	0	0	610	0	0	0	0	0	0	0	0	0	1166	0	0	0	456	418	2080	116	17436	0	11756	0	3774	788	9584	144	1008	1544	13258	0	1144	0	2028	0	1708	366	0	0	1328	0	0	0	168	0	200	0	0	0	5794	0	1344	0	0	0	1324	0	118	0	1664	0	330	0	1454	0	2788	0	1508	0	1472	0	9358	122	14746	0	106	0	174	900	6134	1000	15420	0	0	0	828	0	0	0	0	0	0	3814	2474	432	0	0	0	
278652	Postcentral_L	27804	0	4720	0	0	0	2232	0	0	0	7058	0	612	0	0	0	5968	0	3796	1476	0	0	0	0	0	0	0	0	2140	0	0	0	132	566	2824	386	1384	180	0	0	0	0	0	0	336	0	0	0	744	0	2936	0	1034	0	720	0	0	342	8296	0	24336	0	4468	0	3278	0	6224	0	8560	1140	3102	188	2326	0	532	0	920	390	2136	0	2394	0	186	0	1840	0	0	0	1620	0	0	0	0	0	0	0	0	0	0	0	0	0	0	0	0	0	0	0	0	0	0	0	0	0	0	0	
249164	Postcentral_R	384	14004	434	2144	0	0	412	988	0	0	0	4690	0	338	0	0	0	3580	182	6628	0	0	0	0	0	0	0	0	0	1168	0	248	0	4926	576	3618	194	870	0	510	0	0	0	2352	0	3118	0	546	0	2186	102	1426	0	0	0	1328	342	0	198	6768	222	8826	0	9304	208	674	424	9942	2108	20248	310	1304	210	1124	276	0	394	356	0	0	0	1784	0	0	0	1880	0	0	0	728	0	0	0	0	0	0	0	0	0	0	0	0	0	0	0	0	0	0	0	0	0	0	0	0	0	0	
183024	Parietal_Sup_L	0	0	0	0	0	0	0	0	0	0	0	0	0	0	0	0	488	0	0	228	0	0	0	0	0	0	0	0	520	0	0	0	958	270	280	0	0	0	0	0	0	0	170	0	2696	0	0	0	7734	0	20986	0	680	0	300	0	8296	198	0	0	16944	0	998	0	8482	0	16838	262	818	334	0	0	0	0	0	0	0	0	164	0	822	0	0	0	1098	0	0	0	948	0	0	0	0	0	0	0	0	0	0	0	0	0	0	0	0	0	0	0	0	0	0	0	0	0	0	0	
81112	Parietal_Sup_R	0	284	0	0	0	0	0	156	0	0	0	148	0	0	0	0	0	0	0	0	0	0	0	0	0	0	0	0	0	0	0	0	0	144	0	0	0	0	0	0	0	0	0	236	0	3102	0	0	0	3270	0	1202	0	0	0	0	0	6768	0	0	0	6714	0	2124	0	4072	382	7090	0	4000	0	0	0	0	0	0	0	0	0	0	0	356	0	0	0	508	0	0	0	0	0	0	0	0	0	0	0	0	0	0	0	0	0	0	0	0	0	0	0	0	0	0	0	0	0	0	
284604	Parietal_Inf_L	7484	0	1966	0	0	0	562	0	0	0	3740	0	0	0	0	0	1684	0	1676	442	0	0	0	0	0	0	0	0	1926	0	0	0	174	338	712	0	0	0	0	0	0	0	0	0	370	0	0	0	1210	0	11726	0	778	0	598	0	24336	222	16944	0	0	0	19262	0	29432	0	4250	0	968	462	746	0	736	0	280	0	510	0	324	0	2392	0	0	0	3522	0	0	0	2530	0	0	0	0	0	0	0	0	0	0	0	0	0	0	0	0	0	0	0	0	0	0	0	0	0	0	0	
107272	Parietal_Inf_R	0	2374	0	374	0	0	0	860	0	0	0	1354	0	0	0	0	0	180	0	394	0	0	0	0	0	0	0	0	0	0	0	0	0	96	0	0	0	0	0	0	0	0	0	644	0	454	0	0	0	110	0	222	0	0	0	168	0	8826	0	6714	0	0	0	16896	0	8058	0	1204	0	234	0	154	0	0	0	0	0	0	0	0	0	2640	0	0	0	1680	0	0	0	0	0	0	0	0	0	0	0	0	0	0	0	0	0	0	0	0	0	0	0	0	0	0	0	0	0	0	
116284	SupraMarginal_L	1424	0	346	0	0	0	0	0	0	0	1092	0	0	0	0	0	1602	0	330	0	0	0	0	0	0	0	0	0	426	0	0	0	0	0	658	0	0	0	0	0	0	0	0	0	146	0	0	0	380	0	1214	0	366	0	318	0	4468	0	998	0	19262	0	0	0	10738	0	1268	0	1432	0	216	0	126	0	0	0	0	0	270	0	3822	0	0	0	4772	0	0	0	2468	0	0	0	0	0	0	0	0	0	0	0	0	0	0	0	0	0	0	0	0	0	0	0	0	0	0	0	
94508	SupraMarginal_R	0	3272	96	366	0	0	0	748	0	0	0	1396	0	0	0	0	0	1102	0	398	0	0	0	0	0	0	0	0	0	0	0	96	0	0	0	0	0	0	0	0	0	0	0	122	0	0	0	0	0	0	0	0	0	0	0	200	0	9304	0	2124	0	16896	0	0	0	3570	0	280	0	0	138	302	0	0	0	0	176	0	0	0	0	5076	0	0	0	1476	0	0	0	116	0	0	0	0	0	0	0	0	0	0	0	0	0	0	0	0	0	0	0	0	0	0	0	0	0	0	
177828	Angular_L	126	0	0	0	0	0	0	0	0	0	0	0	0	0	0	0	488	0	0	244	0	0	0	0	0	0	0	0	1210	0	0	0	148	294	654	0	0	0	0	0	0	0	0	0	286	0	0	0	1306	0	16972	0	216	0	148	0	3278	208	8482	0	29432	0	10738	0	0	0	3280	0	968	360	0	0	0	0	0	0	0	0	202	0	2180	0	0	0	6444	0	0	0	1250	0	0	0	0	0	0	0	0	0	0	0	0	0	0	0	0	0	0	0	0	0	0	0	0	0	0	0	
94704	Angular_R	0	674	0	0	0	0	0	144	0	0	0	548	0	0	0	0	0	0	0	142	0	0	0	0	0	0	0	0	0	0	0	0	0	154	0	0	0	0	0	0	0	0	0	588	0	3650	0	0	0	5170	0	7070	0	0	0	0	0	674	0	4072	0	8058	0	3570	0	0	0	3956	0	522	0	0	0	0	0	0	0	0	0	0	0	3604	0	0	0	4756	0	0	0	0	0	0	0	0	0	0	0	0	0	0	0	0	0	0	0	0	0	0	0	0	0	0	0	0	0	0	
340440	Precuneus_L	250	0	0	0	0	0	0	0	0	0	0	0	0	0	0	0	1138	0	678	1652	0	0	0	0	0	0	0	0	652	0	0	0	5804	3362	8684	2068	3208	0	462	0	0	0	12376	220	13610	2876	5204	0	16166	2216	23242	904	3806	0	6006	0	6224	424	16838	382	4250	0	1268	0	3280	0	0	5572	8080	1432	0	0	0	0	0	0	182	0	222	0	1044	0	0	0	3062	582	0	0	2484	0	192	0	0	0	0	0	0	0	118	0	0	0	0	0	0	0	0	0	0	0	0	0	0	0	0	0	
426280	Precuneus_R	0	1754	0	144	0	0	0	392	0	0	0	1214	0	0	0	0	0	0	0	1084	0	0	0	0	0	0	0	0	0	0	0	0	834	6444	416	11188	208	4724	0	2354	0	0	322	21054	324	38906	0	8222	0	32716	150	13862	0	848	0	5794	0	9942	262	7090	0	1204	0	280	0	3956	5572	0	378	10726	0	0	0	0	0	0	0	216	0	0	0	1694	0	0	0	14414	0	0	0	4452	0	0	0	0	0	0	0	0	0	0	0	0	0	0	0	0	0	0	0	0	0	0	0	0	0	0	
313428	Paracentral_Lobule_L	32088	3462	1124	340	0	0	266	0	0	0	0	0	0	0	0	0	148	0	5074	21510	0	0	0	0	0	0	0	0	178	0	106	0	3332	11570	5892	1984	2656	946	0	0	0	0	0	0	580	0	0	0	1620	0	1994	0	342	0	138	0	8560	2108	818	0	968	0	1432	0	968	0	8080	378	0	16458	630	124	2428	170	1054	0	12896	2656	0	0	348	0	0	0	688	0	0	0	600	0	0	0	0	0	0	0	0	0	0	0	0	0	0	0	0	0	0	0	0	0	0	0	0	0	0	0	
350168	Paracentral_Lobule_R	6430	7480	538	580	0	0	430	178	0	0	0	126	116	122	0	0	0	224	3322	38928	0	0	0	0	0	0	0	0	0	116	0	174	2266	20092	1118	4806	154	1092	0	604	0	0	0	2060	0	3138	0	658	0	2696	146	1592	0	0	0	1344	1140	20248	334	4000	462	234	0	0	360	522	1432	10726	16458	0	1900	4124	844	292	1102	0	722	6032	0	0	0	1104	0	0	0	1686	0	0	0	832	0	0	0	0	0	0	0	0	0	0	0	0	0	0	0	0	0	0	0	0	0	0	0	0	0	0	
430372	Caudate_L	7264	1158	15198	3160	1220	644	8194	2068	166	134	2404	902	7586	1038	732	194	1018	506	14416	8730	10126	10416	2560	890	716	686	3366	1798	3698	536	12358	5604	468	1542	0	0	1112	184	0	0	0	0	0	0	0	0	0	0	0	0	0	0	0	0	0	0	3102	310	0	0	746	0	216	138	0	0	0	0	630	1900	0	17420	34850	4360	10234	192	5568	2226	142	0	0	0	360	0	0	0	0	0	0	0	0	0	0	0	0	0	0	0	0	0	0	0	0	0	0	0	0	0	0	0	0	0	0	0	0	0	
440176	Caudate_R	2028	3988	3494	19412	272	2312	3216	9418	0	688	218	1782	1504	3128	198	944	0	750	4164	23838	5280	8520	284	10538	122	4238	870	2392	502	1924	2890	22420	278	2200	0	0	776	112	0	0	0	0	0	0	0	0	0	0	0	0	0	0	0	0	0	0	188	1304	0	0	0	154	0	302	0	0	0	0	124	4124	17420	0	8036	20670	1914	1892	3874	15386	0	0	0	0	0	0	0	0	0	0	0	0	0	0	0	0	0	0	0	0	0	0	0	0	0	0	0	0	0	0	0	0	0	0	0	0	0	0	
557768	Putamen_L	17948	250	38074	944	4190	182	11092	134	2180	0	4850	174	2908	146	6298	0	2186	306	27050	3692	6056	7164	5948	1562	326	232	1304	1072	24138	0	12758	3492	450	1360	0	0	13266	0	730	0	316	0	0	0	0	0	0	0	0	0	0	0	0	0	1440	0	2326	210	0	0	736	0	126	0	0	0	0	0	2428	844	34850	8036	0	3392	16620	176	1514	182	296	0	898	0	876	0	182	0	0	0	974	0	0	0	0	0	0	0	0	0	0	0	0	0	0	0	0	0	0	0	0	0	0	0	0	0	0	0	
350608	Putamen_R	370	4778	932	17858	0	6916	306	6434	0	1184	0	2644	116	3258	0	1680	0	2638	1592	11770	1810	2942	124	9962	0	7342	0	1866	0	15164	1974	14104	0	938	104	262	228	8348	0	2452	0	2202	0	0	0	0	0	0	0	0	0	0	0	0	0	1324	0	1124	0	0	0	0	0	0	0	0	0	0	170	292	4360	20670	3392	0	540	4294	726	4870	0	210	0	254	0	146	0	0	0	0	0	634	0	0	0	0	0	0	0	0	0	0	0	0	0	0	0	0	0	0	0	0	0	0	0	0	0	0	
138428	Pallidum_L	6100	594	9264	314	0	0	7274	0	0	0	1634	0	0	0	0	0	214	244	2612	3146	118	802	0	0	0	0	0	0	192	0	254	0	0	434	0	0	590	0	0	0	0	0	0	0	0	0	0	0	0	0	0	0	0	0	0	0	532	276	0	0	280	0	0	0	0	0	0	0	1054	1102	10234	1914	16620	540	0	102	2488	286	0	0	0	0	0	0	0	0	0	0	0	0	0	0	0	0	0	0	0	0	0	0	0	0	0	0	0	0	0	0	0	0	0	0	0	0	0	0	
28584	Pallidum_R	0	302	220	632	0	0	104	1902	0	0	0	326	0	348	0	0	0	290	196	460	0	0	0	0	0	0	0	0	0	508	0	0	0	200	0	0	0	1514	0	516	0	0	0	0	0	0	0	0	0	0	0	0	0	0	0	118	0	0	0	0	0	0	0	0	0	0	0	0	0	0	192	1892	176	4294	102	0	0	0	0	0	0	0	0	0	0	0	0	0	0	0	0	0	0	0	0	0	0	0	0	0	0	0	0	0	0	0	0	0	0	0	0	0	0	0	0	0	
216464	Thalamus_L	17228	2614	462	492	0	0	402	0	0	0	1488	122	0	0	0	0	554	1322	316	1854	0	0	0	312	0	0	0	0	3510	118	0	406	0	0	1870	4452	9852	3214	1788	822	130	0	114	0	114	0	506	0	0	0	156	0	0	0	1968	0	920	394	0	0	510	0	0	176	0	0	182	0	12896	722	5568	3874	1514	726	2488	0	0	17952	2014	0	678	0	0	0	124	0	0	0	1308	0	0	0	0	0	0	0	0	0	0	0	0	0	0	0	0	0	0	0	0	0	0	0	0	0	0	0	
239040	Thalamus_R	3482	10126	0	2588	0	228	0	1132	0	0	0	546	0	0	0	0	112	100	0	11998	0	0	0	1192	0	116	0	0	176	852	0	1426	0	98	3650	6306	5748	10340	1520	3148	0	184	0	0	0	0	592	174	0	0	0	0	0	0	440	1664	390	356	0	0	0	0	0	0	0	0	0	216	2656	6032	2226	15386	182	4870	286	0	17952	0	442	0	232	0	0	0	0	0	0	0	150	206	0	0	0	0	0	0	0	0	0	0	0	0	0	0	0	0	0	0	0	0	0	0	0	0	0	0	
84384	Heschl_L	1716	116	754	0	0	0	266	0	0	0	1978	0	0	0	0	0	7580	0	602	112	0	0	0	0	0	0	0	0	9130	0	0	0	0	0	278	380	1510	148	0	0	0	0	0	0	0	0	0	0	110	0	398	0	0	0	974	0	2136	0	164	0	324	0	270	0	202	0	222	0	0	0	142	0	296	0	0	0	2014	442	0	0	5362	0	196	0	2796	0	0	0	1574	0	0	0	0	0	0	0	0	0	0	0	0	0	0	0	0	0	0	0	0	0	0	0	0	0	0	0	
18316	Heschl_R	0	156	0	0	0	0	0	0	0	0	0	0	0	0	0	0	0	2382	0	1018	0	0	0	0	0	0	0	0	0	916	0	0	0	0	0	104	0	246	0	0	0	0	0	0	0	0	0	0	0	0	0	0	0	0	0	330	0	0	0	0	0	0	0	0	0	0	0	0	0	0	0	0	0	210	0	0	0	0	0	0	0	3098	0	0	0	312	0	0	0	386	0	0	0	0	0	0	0	0	0	0	0	0	0	0	0	0	0	0	0	0	0	0	0	0	0	0	
186300	Temporal_Sup_L	1258	0	1064	0	0	0	0	0	0	0	1790	0	174	0	0	0	7860	0	1108	0	0	0	0	0	0	0	0	0	9882	0	0	0	0	0	206	214	1456	150	108	0	0	0	0	0	0	0	0	0	398	0	2044	0	0	0	2962	0	2394	0	822	0	2392	0	3822	0	2180	0	1044	0	348	0	0	0	898	0	0	0	678	232	5362	0	0	0	2508	0	22406	0	0	0	17128	0	116	0	0	0	0	0	0	0	146	0	0	0	0	0	0	0	0	0	0	0	0	0	0	0	0	0	
100424	Temporal_Sup_R	0	392	0	168	0	0	0	118	0	0	0	158	0	0	0	0	0	3138	0	2114	0	0	0	0	0	0	0	0	0	1566	0	0	0	394	142	830	0	734	0	0	0	0	0	0	0	1684	0	0	0	1890	0	536	0	0	0	1454	0	1784	0	356	0	2640	0	5076	0	3604	0	1694	0	1104	0	0	0	254	0	0	0	0	0	3098	0	0	0	236	0	11336	0	0	0	3712	0	0	0	0	0	0	0	0	0	0	0	0	0	0	0	0	0	0	0	0	0	0	0	0	0	0	
86584	Temporal_Pole_Sup_L	632	0	2218	0	350	0	476	0	660	0	4196	0	752	0	3254	0	2910	0	1880	0	880	0	0	0	0	0	0	0	8010	0	0	0	0	0	0	0	1148	0	660	0	996	0	0	0	0	0	0	0	0	0	0	0	0	0	916	0	186	0	0	0	0	0	0	0	0	0	0	0	0	0	360	0	876	0	0	0	0	0	196	0	2508	0	0	0	3136	0	2812	0	3280	0	0	0	0	0	0	0	0	0	0	0	0	0	0	0	0	0	0	0	0	0	0	0	0	0	0	0	
37316	Temporal_Pole_Sup_R	0	0	0	174	0	0	0	0	0	0	0	472	0	0	0	338	0	494	0	172	0	198	0	0	0	0	0	0	0	692	0	0	0	0	0	0	0	1696	0	1578	0	2224	0	0	0	0	0	0	0	0	0	0	0	0	0	2788	0	0	0	0	0	0	0	0	0	0	0	0	0	0	0	0	0	146	0	0	0	0	0	0	0	236	0	0	0	882	0	2670	0	3898	0	0	0	0	0	0	0	0	0	0	0	0	0	0	0	0	0	0	0	0	0	0	0	0	0	0	
253032	Temporal_Mid_L	96	0	192	0	0	0	0	0	0	0	198	0	0	0	0	0	2898	0	200	0	0	0	0	0	0	0	0	0	5138	0	0	0	0	0	348	0	220	0	0	0	0	0	866	0	958	0	0	0	1162	0	22420	0	5190	0	1550	0	1840	0	1098	0	3522	0	4772	0	6444	0	3062	0	688	0	0	0	182	0	0	0	124	0	2796	0	22406	0	3136	0	0	0	2388	0	32622	0	0	0	0	0	0	0	0	0	0	0	0	0	0	0	0	0	0	0	0	0	0	0	0	0	0	0	
202976	Temporal_Mid_R	0	256	0	0	0	0	0	0	0	0	0	152	0	0	0	0	0	0	0	436	0	0	0	0	0	0	0	0	0	194	0	0	0	558	0	988	0	270	0	372	0	0	0	2702	0	13666	0	772	0	16114	0	11038	0	298	0	1508	0	1880	0	508	0	1680	0	1476	0	4756	582	14414	0	1686	0	0	0	0	0	0	0	0	0	312	0	11336	0	882	0	0	0	444	0	12208	0	0	0	0	0	0	0	0	0	0	0	0	0	0	0	0	0	0	0	0	0	0	0	0	0	0	
17420	Temporal_Pole_Mid_L	0	0	0	0	0	0	0	0	0	0	0	0	0	0	0	0	0	0	0	0	0	0	0	0	0	0	0	0	0	0	0	0	0	0	0	0	168	0	266	0	208	0	0	0	0	0	0	0	0	0	0	0	0	0	480	0	0	0	0	0	0	0	0	0	0	0	0	0	0	0	0	0	0	0	0	0	0	0	0	0	0	0	2812	0	2388	0	0	0	2388	0	0	0	0	0	0	0	0	0	0	0	0	0	0	0	0	0	0	0	0	0	0	0	0	0	0	0	
14472	Temporal_Pole_Mid_R	0	0	0	0	0	0	0	0	0	0	0	0	0	0	0	0	0	0	0	0	0	0	0	0	0	0	0	0	0	0	0	0	0	0	0	0	0	122	0	752	0	114	0	0	0	0	0	0	0	0	0	0	0	0	0	1472	0	0	0	0	0	0	0	0	0	0	0	0	0	0	0	0	0	0	0	0	0	0	0	0	0	0	0	2670	0	444	0	0	0	1662	0	0	0	0	0	0	0	0	0	0	0	0	0	0	0	0	0	0	0	0	0	0	0	0	0	0	
262240	Temporal_Inf_L	298	0	512	0	0	0	0	0	0	0	220	0	0	0	0	0	2262	0	408	0	0	0	0	0	0	0	0	0	7314	0	0	0	0	0	266	152	6338	114	412	0	882	0	900	0	1234	0	136	0	710	0	9426	0	7360	0	14456	0	1620	0	948	0	2530	0	2468	0	1250	0	2484	0	600	0	0	0	974	0	0	0	1308	150	1574	0	17128	0	3280	0	32622	0	2388	0	0	0	3270	0	546	0	0	0	212	0	1916	0	180	0	272	0	0	0	0	0	0	0	0	0	0	0	0	0	
114288	Temporal_Inf_R	0	170	0	0	0	0	0	0	0	0	0	0	0	0	0	0	0	0	0	450	0	0	0	0	0	0	0	0	0	538	0	0	0	162	0	538	0	3128	0	584	0	698	0	1654	0	3220	0	346	0	3320	0	634	0	1606	0	9358	0	728	0	0	0	0	0	116	0	0	0	4452	0	832	0	0	0	634	0	0	0	206	0	386	0	3712	0	3898	0	12208	0	1662	0	0	0	1336	0	0	0	0	0	114	0	346	0	0	0	108	0	0	0	0	0	0	0	0	0	0	0	0	
408256	Cerebelum_Crus1_L	0	0	0	0	0	0	0	0	0	0	0	0	0	0	0	0	0	0	0	0	0	0	0	0	0	0	0	0	0	0	0	0	0	0	0	0	364	0	638	0	0	0	522	0	0	0	9564	1100	0	0	222	0	354	0	25758	122	0	0	0	0	0	0	0	0	0	0	192	0	0	0	0	0	0	0	0	0	0	0	0	0	116	0	0	0	0	0	0	0	3270	0	0	668	28114	1960	240	146	11948	258	54260	990	16166	272	19444	2432	2848	1468	2064	0	436	546	1116	5992	4422	3500	1612	1004	
364816	Cerebelum_Crus1_R	0	0	0	0	0	0	0	0	0	0	0	0	0	0	0	0	0	0	0	0	0	0	0	0	0	0	0	0	0	0	0	0	0	0	0	0	0	0	0	164	0	0	1128	0	0	0	3054	10970	0	0	0	0	0	98	1284	14746	0	0	0	0	0	0	0	0	0	0	0	0	0	0	0	0	0	0	0	0	0	0	0	0	0	0	0	0	0	0	0	0	0	1336	668	0	1084	19430	0	1296	2178	16888	2968	53142	0	2772	0	19332	0	1758	0	764	158	622	9324	11038	4094	1148	792	172	
298816	Cerebelum_Crus2_L	0	0	0	0	0	0	0	0	0	0	0	0	0	0	0	0	0	0	0	0	0	0	0	0	0	0	0	0	0	0	0	0	0	0	0	0	0	0	0	0	0	0	0	0	0	0	414	408	0	0	0	0	0	0	892	0	0	0	0	0	0	0	0	0	0	0	0	0	0	0	0	0	0	0	0	0	0	0	0	0	0	0	0	0	0	0	0	0	546	0	28114	1084	0	5654	96	156	970	0	8376	524	35126	2622	35134	2980	5524	1540	3530	0	458	552	496	3298	5478	2980	1540	916	
183188	Cerebelum_Crus2_R	0	0	0	0	0	0	0	0	0	0	0	0	0	0	0	0	0	0	0	0	0	0	0	0	0	0	0	0	0	0	0	0	0	0	0	0	0	0	0	0	0	0	0	0	0	0	120	104	0	0	0	0	0	0	120	106	0	0	0	0	0	0	0	0	0	0	0	0	0	0	0	0	0	0	0	0	0	0	0	0	0	0	0	0	0	0	0	0	0	0	1960	19430	5654	0	0	0	188	416	1204	2780	1162	16276	1072	27340	0	1884	0	134	0	98	574	2354	6256	2120	242	0	
21428	Cerebelum_3_L	0	0	0	0	0	0	0	0	0	0	0	0	0	0	0	0	0	0	0	0	0	0	0	0	0	0	0	0	0	0	0	0	0	0	0	0	0	0	168	0	0	0	0	0	0	0	324	96	0	0	0	0	0	0	108	0	0	0	0	0	0	0	0	0	0	0	0	0	0	0	0	0	0	0	0	0	0	0	0	0	0	0	0	0	0	0	0	0	0	0	240	0	96	0	0	0	4966	0	640	0	0	0	152	0	696	0	202	0	530	1390	788	202	0	0	0	116	
40108	Cerebelum_3_R	0	0	0	0	0	0	0	0	0	0	0	0	0	0	0	0	0	0	0	0	0	0	0	0	0	0	0	0	0	0	0	0	0	0	0	0	0	0	0	0	0	0	0	0	0	0	112	0	0	0	0	0	0	0	0	174	0	0	0	0	0	0	0	0	0	0	0	0	0	0	0	0	0	0	0	0	0	0	0	0	0	0	0	0	0	0	0	0	0	0	146	1296	156	0	0	0	110	4450	394	3702	142	0	238	284	0	946	0	118	1036	3474	902	620	394	620	634	106	
233856	Cerebelum_4_5_L	0	0	0	0	0	0	0	0	0	0	0	0	0	0	0	0	0	0	0	0	0	0	0	0	0	0	0	0	0	0	0	0	0	0	0	0	118	0	472	0	0	0	2186	0	0	0	16198	1452	0	0	0	0	130	0	13504	900	0	0	0	0	0	0	0	0	0	0	0	0	0	0	0	0	0	0	0	0	0	0	0	0	0	0	0	0	0	0	0	0	212	0	11948	2178	970	188	4966	110	0	2304	28766	2946	576	0	1160	248	4366	616	768	0	250	808	11084	4292	352	260	978	1622	
175780	Cerebelum_4_5_R	0	0	0	0	0	0	0	0	0	0	0	0	0	0	0	0	0	0	0	0	0	0	0	0	0	0	0	0	0	0	0	0	0	0	0	0	0	340	0	800	0	0	1498	0	0	0	3026	5188	0	0	0	0	0	0	726	6134	0	0	0	0	0	0	0	0	0	0	0	0	0	0	0	0	0	0	0	0	0	0	0	0	0	0	0	0	0	0	0	0	0	114	258	16888	0	416	0	4450	2304	0	2100	24946	0	270	0	1728	0	320	0	606	0	1978	12724	536	182	182	176	0	
464356	Cerebelum_6_L	0	0	0	0	0	0	0	0	0	0	0	0	0	0	0	0	0	0	0	0	0	0	0	0	0	0	0	0	0	0	0	0	0	0	0	0	466	0	798	0	0	0	2054	0	0	0	20344	3310	0	0	286	0	404	0	33378	1000	0	0	0	0	0	0	0	0	0	0	118	0	0	0	0	0	0	0	0	0	0	0	0	0	146	0	0	0	0	0	0	0	1916	0	54260	2968	8376	1204	640	394	28766	2100	0	4228	6328	224	10340	1824	4104	3344	1144	0	722	998	7942	12974	4474	3982	3808	2814	
343272	Cerebelum_6_R	0	0	0	0	0	0	0	0	0	0	0	0	0	0	0	0	0	0	0	0	0	0	0	0	0	0	0	0	0	0	0	0	0	0	0	0	0	170	0	248	0	0	1382	0	0	0	4098	12260	0	0	0	0	0	0	1810	15420	0	0	0	0	0	0	0	0	0	0	0	0	0	0	0	0	0	0	0	0	0	0	0	0	0	0	0	0	0	0	0	0	0	346	990	53142	524	2780	0	3702	2946	24946	4228	0	0	538	138	6788	0	574	0	914	156	1420	13182	13018	3758	1200	774	184	
253488	Cerebelum_7b_L	0	0	0	0	0	0	0	0	0	0	0	0	0	0	0	0	0	0	0	0	0	0	0	0	0	0	0	0	0	0	0	0	0	0	0	0	0	0	0	0	0	0	0	0	0	0	0	130	0	0	0	0	0	0	620	0	0	0	0	0	0	0	0	0	0	0	0	0	0	0	0	0	0	0	0	0	0	0	0	0	0	0	0	0	0	0	0	0	180	0	16166	0	35126	1162	0	142	576	0	6328	0	0	186	39754	2548	5658	1624	1640	0	404	478	250	2426	4052	4762	1538	994	
86000	Cerebelum_7b_R	0	0	0	0	0	0	0	0	0	0	0	0	0	0	0	0	0	0	0	0	0	0	0	0	0	0	0	0	0	0	0	0	0	0	0	0	0	0	0	0	0	0	0	0	0	0	0	0	0	0	0	0	0	0	0	0	0	0	0	0	0	0	0	0	0	0	0	0	0	0	0	0	0	0	0	0	0	0	0	0	0	0	0	0	0	0	0	0	0	0	272	2772	2622	16276	0	0	0	270	224	538	186	0	154	15744	0	598	0	0	0	0	214	282	2094	754	0	0	
331640	Cerebelum_8_L	0	0	0	0	0	0	0	0	0	0	0	0	0	0	0	0	0	0	0	0	0	0	0	0	0	0	0	0	0	0	0	0	0	0	0	0	0	0	0	0	0	0	0	0	0	0	202	296	0	0	0	0	0	0	672	0	0	0	0	0	0	0	0	0	0	0	0	0	0	0	0	0	0	0	0	0	0	0	0	0	0	0	0	0	0	0	0	0	272	0	19444	0	35134	1072	152	238	1160	0	10340	138	39754	154	0	3888	18030	3258	5864	0	514	648	388	4440	5768	8292	3884	1818	
237820	Cerebelum_8_R	0	0	0	0	0	0	0	0	0	0	0	0	0	0	0	0	0	0	0	0	0	0	0	0	0	0	0	0	0	0	0	0	0	0	0	0	0	0	0	0	0	0	0	0	0	0	202	0	0	0	0	0	0	0	144	828	0	0	0	0	0	0	0	0	0	0	0	0	0	0	0	0	0	0	0	0	0	0	0	0	0	0	0	0	0	0	0	0	0	108	2432	19332	2980	27340	0	284	248	1728	1824	6788	2548	15744	3888	0	1226	13752	0	822	148	428	1180	2390	6154	5470	922	0	
130912	Cerebelum_9_L	0	0	0	0	0	0	0	0	0	0	0	0	0	0	0	0	0	0	0	0	0	0	0	0	0	0	0	0	0	0	0	0	0	0	0	0	0	0	0	0	0	0	0	0	0	0	500	146	0	0	0	0	0	0	0	0	0	0	0	0	0	0	0	0	0	0	0	0	0	0	0	0	0	0	0	0	0	0	0	0	0	0	0	0	0	0	0	0	0	0	2848	0	5524	0	696	0	4366	0	4104	0	5658	0	18030	1226	0	2176	6640	0	148	104	1978	3376	1556	2020	2528	1832	
118072	Cerebelum_9_R	0	0	0	0	0	0	0	0	0	0	0	0	0	0	0	0	0	0	0	0	0	0	0	0	0	0	0	0	0	0	0	0	0	0	0	0	0	0	0	0	0	0	0	0	0	0	0	0	0	0	0	0	0	0	0	0	0	0	0	0	0	0	0	0	0	0	0	0	0	0	0	0	0	0	0	0	0	0	0	0	0	0	0	0	0	0	0	0	0	0	1468	1758	1540	1884	0	946	616	320	3344	574	1624	598	3258	13752	2176	0	0	1274	1024	1510	886	4352	2418	4226	5918	3570	
44256	Cerebelum_10_L	0	0	0	0	0	0	0	0	0	0	0	0	0	0	0	0	0	0	0	0	0	0	0	0	0	0	0	0	0	0	0	0	0	0	0	0	0	0	0	0	0	0	0	0	0	0	96	0	0	0	0	0	0	0	0	0	0	0	0	0	0	0	0	0	0	0	0	0	0	0	0	0	0	0	0	0	0	0	0	0	0	0	0	0	0	0	0	0	0	0	2064	0	3530	0	202	0	768	0	1144	0	1640	0	5864	0	6640	0	0	0	0	0	0	180	0	0	0	0	
10800	Cerebelum_10_R	0	0	0	0	0	0	0	0	0	0	0	0	0	0	0	0	0	0	0	0	0	0	0	0	0	0	0	0	0	0	0	0	0	0	0	0	0	0	0	0	0	0	0	0	0	0	0	0	0	0	0	0	0	0	0	0	0	0	0	0	0	0	0	0	0	0	0	0	0	0	0	0	0	0	0	0	0	0	0	0	0	0	0	0	0	0	0	0	0	0	0	764	0	134	0	118	0	606	0	914	0	0	0	822	0	1274	0	0	0	164	370	0	0	102	132	0	
33140	Vermis_1_2	0	0	0	0	0	0	0	0	0	0	0	0	0	0	0	0	0	0	0	0	0	0	0	0	0	0	0	0	0	0	0	0	0	0	0	0	0	0	0	0	0	0	0	0	0	0	0	0	0	0	0	0	0	0	0	0	0	0	0	0	0	0	0	0	0	0	0	0	0	0	0	0	0	0	0	0	0	0	0	0	0	0	0	0	0	0	0	0	0	0	436	158	458	0	530	1036	250	0	722	156	404	0	514	148	148	1024	0	0	0	5742	1046	982	784	856	854	322	
58240	Vermis_3	0	0	0	0	0	0	0	0	0	0	0	0	0	0	0	0	0	0	0	0	0	0	0	0	0	0	0	0	0	0	0	0	0	0	0	0	0	0	0	0	0	0	0	0	0	0	182	116	0	0	0	0	0	0	0	0	0	0	0	0	0	0	0	0	0	0	0	0	0	0	0	0	0	0	0	0	0	0	0	0	0	0	0	0	0	0	0	0	0	0	546	622	552	98	1390	3474	808	1978	998	1420	478	0	648	428	104	1510	0	164	5742	0	2334	1374	1104	1356	1316	378	
198116	Vermis_4_5	0	0	0	0	0	0	0	0	0	0	0	0	0	0	0	0	0	0	0	0	0	0	0	0	0	0	0	0	0	0	0	0	0	0	0	0	0	0	0	0	0	0	2836	0	0	0	7946	5158	0	0	0	0	0	0	2850	3814	0	0	0	0	0	0	0	0	0	0	0	0	0	0	0	0	0	0	0	0	0	0	0	0	0	0	0	0	0	0	0	0	0	0	1116	9324	496	574	788	902	11084	12724	7942	13182	250	214	388	1180	1978	886	0	370	1046	2334	0	5356	748	762	1302	1508	
