data	data	404444	254904	1.10796e+06	891640	298672	152092	530060	292848	154380	53632	176036	228584	395672	264524	229156	173384	189556	123220	998144	815520	92224	86604	326504	291608	28828	75564	59924	88044	645392	568972	265116	402644	128996	535940	122376	154120	205768	286352	113476	148948	30380	54204	222568	298496	199676	244764	246988	301748	218924	242708	404228	203280	99504	47500	343124	370648	275292	218872	188904	67496	233008	138576	120332	137480	111572	118472	298252	342540	113636	132760	339168	370892	294260	320316	49960	24516	120412	226348	62860	17560	167932	107736	106884	61136	323052	183692	33152	30944	236360	166368	420324	367064	265100	262612	26988	60020	306036	291112	459412	405408	220428	117788	233788	210164	106208	114924	15316	6876	16104	71628	297784	203832	168244	110264	97392	34776	
data	data	Precentral_L	Precentral_R	Frontal_Sup_L	Frontal_Sup_R	Frontal_Sup_Orb_L	Frontal_Sup_Orb_R	Frontal_Mid_L	Frontal_Mid_R	Frontal_Mid_Orb_L	Frontal_Mid_Orb_R	Frontal_Inf_Oper_L	Frontal_Inf_Oper_R	Frontal_Inf_Tri_L	Frontal_Inf_Tri_R	Frontal_Inf_Orb_L	Frontal_Inf_Orb_R	Rolandic_Oper_L	Rolandic_Oper_R	Supp_Motor_Area_L	Supp_Motor_Area_R	Olfactory_L	Olfactory_R	Frontal_Sup_Medial_L	Frontal_Sup_Medial_R	Frontal_Med_Orb_L	Frontal_Med_Orb_R	Rectus_L	Rectus_R	Insula_L	Insula_R	Cingulum_Ant_L	Cingulum_Ant_R	Cingulum_Mid_L	Cingulum_Mid_R	Cingulum_Post_L	Cingulum_Post_R	Hippocampus_L	Hippocampus_R	ParaHippocampal_L	ParaHippocampal_R	Amygdala_L	Amygdala_R	Calcarine_L	Calcarine_R	Cuneus_L	Cuneus_R	Lingual_L	Lingual_R	Occipital_Sup_L	Occipital_Sup_R	Occipital_Mid_L	Occipital_Mid_R	Occipital_Inf_L	Occipital_Inf_R	Fusiform_L	Fusiform_R	Postcentral_L	Postcentral_R	Parietal_Sup_L	Parietal_Sup_R	Parietal_Inf_L	Parietal_Inf_R	SupraMarginal_L	SupraMarginal_R	Angular_L	Angular_R	Precuneus_L	Precuneus_R	Paracentral_Lobule_L	Paracentral_Lobule_R	Caudate_L	Caudate_R	Putamen_L	Putamen_R	Pallidum_L	Pallidum_R	Thalamus_L	Thalamus_R	Heschl_L	Heschl_R	Temporal_Sup_L	Temporal_Sup_R	Temporal_Pole_Sup_L	Temporal_Pole_Sup_R	Temporal_Mid_L	Temporal_Mid_R	Temporal_Pole_Mid_L	Temporal_Pole_Mid_R	Temporal_Inf_L	Temporal_Inf_R	Cerebelum_Crus1_L	Cerebelum_Crus1_R	Cerebelum_Crus2_L	Cerebelum_Crus2_R	Cerebelum_3_L	Cerebelum_3_R	Cerebelum_4_5_L	Cerebelum_4_5_R	Cerebelum_6_L	Cerebelum_6_R	Cerebelum_7b_L	Cerebelum_7b_R	Cerebelum_8_L	Cerebelum_8_R	Cerebelum_9_L	Cerebelum_9_R	Cerebelum_10_L	Cerebelum_10_R	Vermis_1_2	Vermis_3	Vermis_4_5	Vermis_6	Vermis_7	Vermis_8	Vermis_9	Vermis_10	
404444	Precentral_L	0	2700	21468	2046	1410	0	20624	1122	1032	0	11046	0	3454	0	1262	220	9564	0	16810	8750	0	0	0	0	0	0	0	0	11228	360	0	0	3332	3454	7034	844	3220	342	354	0	0	0	686	0	672	0	0	0	422	0	2616	0	204	0	426	0	20644	464	1362	0	1236	0	282	0	244	0	1444	0	15480	770	4414	1174	5064	136	1170	0	6214	1988	1244	0	874	0	0	0	706	0	0	0	610	0	0	0	0	0	0	0	0	0	0	0	0	0	0	0	0	0	0	0	0	0	0	0	0	0	0	0	
254904	Precentral_R	2700	0	2644	9178	0	0	1072	14676	0	0	0	4982	0	0	0	0	240	2076	2538	4702	0	0	0	0	0	0	0	0	498	6184	0	0	0	1644	492	2486	176	6724	0	238	0	0	0	1198	0	170	0	128	0	0	0	378	0	0	0	158	772	22646	116	432	0	2004	0	1900	0	754	0	1792	258	2664	4060	4888	1834	5766	154	272	1212	6764	0	0	0	278	0	0	0	1946	0	0	0	1658	0	0	0	0	0	0	0	0	0	0	0	0	0	0	0	0	0	0	0	0	0	0	0	0	0	0	
1.10796e+06	Frontal_Sup_L	21468	2644	0	13562	24430	0	70190	4380	8430	0	11912	250	33522	1070	10574	620	10136	226	108318	22176	0	0	39340	4866	1024	0	202	0	43486	1928	17334	6060	4578	11472	1074	200	2274	904	638	192	0	0	0	0	0	0	0	0	0	0	0	0	0	0	316	0	3338	558	0	0	0	140	0	166	0	0	0	0	2678	1034	18530	4266	22682	538	5970	128	7810	3072	290	0	1038	0	1250	0	122	0	0	0	576	0	0	0	0	0	0	0	0	0	0	0	0	0	0	0	0	0	0	0	0	0	0	0	0	0	0	0	
891640	Frontal_Sup_R	2046	9178	13562	0	914	6696	4888	30820	350	310	0	16348	746	17820	374	4738	0	5214	33150	72478	0	268	14140	38044	0	1682	0	338	356	30908	7308	31056	628	27342	448	1576	180	4856	0	840	0	400	0	0	0	0	0	0	0	0	0	0	0	0	0	762	0	420	0	0	0	174	0	170	0	0	0	0	0	218	6704	22302	548	14942	0	2334	1252	15628	0	0	0	120	0	124	0	0	0	0	0	120	0	0	0	0	0	0	0	0	0	0	0	0	0	0	0	0	0	0	0	0	0	0	0	0	0	0	
298672	Frontal_Sup_Orb_L	1410	0	24430	914	0	0	5982	322	20396	0	0	0	18452	196	21166	210	0	0	4100	890	2224	0	4990	312	3746	0	4842	0	14156	514	3916	532	156	686	0	0	0	0	270	0	156	0	0	0	0	0	0	0	0	0	0	0	0	0	0	0	0	0	0	0	0	0	0	0	0	0	0	0	0	0	6052	1236	5052	0	0	0	204	0	0	0	0	0	1824	0	0	0	0	0	0	0	0	0	0	0	0	0	0	0	0	0	0	0	0	0	0	0	0	0	0	0	0	0	0	0	0	0	
152092	Frontal_Sup_Orb_R	0	0	0	6696	0	0	0	2656	0	7152	0	0	0	1452	0	6380	0	0	144	216	972	3196	134	3878	0	8192	644	7784	0	6254	192	5090	0	0	0	0	0	1320	0	742	0	748	0	0	0	0	0	0	0	0	0	0	0	0	0	840	0	0	0	0	0	0	0	0	0	0	0	0	0	0	1022	4640	0	5560	0	0	0	0	0	0	0	0	0	142	0	0	0	0	0	0	0	0	0	0	0	0	0	0	0	0	0	0	0	0	0	0	0	0	0	0	0	0	0	0	0	0	
530060	Frontal_Mid_L	20624	1072	70190	4888	5982	0	0	1318	4716	0	9942	726	36942	1264	4480	554	4098	160	13154	3932	0	0	19268	2450	0	0	0	0	25718	1824	9820	2014	512	2092	124	644	1120	198	124	0	0	0	0	0	0	0	0	0	0	0	0	0	0	0	0	0	410	120	0	0	0	0	0	0	0	0	0	0	0	152	5296	1384	1734	138	0	0	3730	1222	158	0	206	0	150	0	138	0	0	0	242	0	0	0	0	0	0	0	0	0	0	0	0	0	0	0	0	0	0	0	0	0	0	0	0	0	0	0	
292848	Frontal_Mid_R	1122	14676	4380	30820	322	2656	1318	0	232	2104	0	11630	336	13872	236	2694	126	4574	4994	3908	0	0	652	3484	0	0	0	0	316	13320	732	3466	0	1418	0	0	0	4000	0	200	0	0	0	0	0	0	0	0	0	0	0	0	0	0	0	186	122	1568	0	0	0	284	0	474	0	0	0	0	0	0	5480	3348	644	5392	0	238	292	666	0	0	0	142	0	0	0	0	0	0	0	0	0	0	0	0	0	0	0	0	0	0	0	0	0	0	0	0	0	0	0	0	0	0	0	0	0	0	
154380	Frontal_Mid_Orb_L	1032	0	8430	350	20396	0	4716	232	0	0	0	0	7074	0	17848	120	0	0	1376	448	304	0	596	0	256	0	1612	0	5944	156	324	0	0	442	0	0	0	0	0	0	0	0	0	0	0	0	0	0	0	0	0	0	0	0	0	0	0	0	0	0	0	0	0	0	0	0	0	0	0	0	2270	254	2226	0	0	0	0	0	0	0	0	0	784	0	0	0	0	0	0	0	0	0	0	0	0	0	0	0	0	0	0	0	0	0	0	0	0	0	0	0	0	0	0	0	0	0	
53632	Frontal_Mid_Orb_R	0	0	0	310	0	7152	0	2104	0	0	0	0	0	1568	0	9196	0	0	0	0	0	158	0	0	0	152	0	240	0	1764	0	152	0	0	0	0	0	0	0	0	0	0	0	0	0	0	0	0	0	0	0	0	0	0	0	0	0	0	0	0	0	0	0	0	0	0	0	0	0	0	0	978	0	3042	0	0	0	0	0	0	0	0	0	0	0	0	0	0	0	0	0	0	0	0	0	0	0	0	0	0	0	0	0	0	0	0	0	0	0	0	0	0	0	0	0	0	
176036	Frontal_Inf_Oper_L	11046	0	11912	0	0	0	9942	0	0	0	0	0	6500	0	500	0	10850	0	10100	0	0	0	132	0	0	0	0	0	19294	0	348	0	0	0	0	0	1434	0	176	0	0	0	0	0	0	0	0	0	0	0	0	0	0	0	0	0	1350	0	0	0	0	0	0	0	0	0	0	0	0	0	134	0	1328	0	0	0	274	0	684	0	510	0	1368	0	0	0	0	0	136	0	0	0	0	0	0	0	0	0	0	0	0	0	0	0	0	0	0	0	0	0	0	0	0	0	0	0	
228584	Frontal_Inf_Oper_R	0	4982	250	16348	0	0	726	11630	0	0	0	0	0	15342	0	1436	0	5838	8754	10200	0	0	0	268	0	0	0	0	0	22326	258	1152	0	3340	0	0	0	1010	0	0	0	0	0	0	0	0	0	0	0	0	0	0	0	0	0	0	0	1670	0	0	0	0	0	0	0	0	0	0	0	0	934	2874	0	4800	0	0	0	154	0	0	0	0	0	0	0	0	0	0	0	0	0	0	0	0	0	0	0	0	0	0	0	0	0	0	0	0	0	0	0	0	0	0	0	0	0	0	
395672	Frontal_Inf_Tri_L	3454	0	33522	746	18452	0	36942	336	7074	0	6500	0	0	350	16550	242	866	0	11506	888	0	0	2794	0	0	0	186	0	40874	722	2298	270	230	644	0	0	284	0	0	0	0	0	0	0	0	0	0	0	0	0	0	0	0	0	0	0	174	0	0	0	0	0	0	0	0	0	0	0	0	0	4242	1524	3050	0	0	0	218	0	0	0	254	0	2644	0	0	0	0	0	0	0	0	0	0	0	0	0	0	0	0	0	0	0	0	0	0	0	0	0	0	0	0	0	0	0	0	0	
264524	Frontal_Inf_Tri_R	0	0	1070	17820	196	1452	1264	13872	0	1568	0	15342	350	0	0	9024	0	0	7698	10338	0	0	2264	5802	0	0	0	0	264	27116	472	3160	0	7278	0	0	0	0	0	0	0	0	0	0	0	0	0	0	0	0	0	0	0	0	0	0	0	0	0	0	0	0	0	0	0	0	0	0	0	0	1630	2514	406	1362	0	0	0	0	0	0	0	0	0	0	0	0	0	0	0	0	0	0	0	0	0	0	0	0	0	0	0	0	0	0	0	0	0	0	0	0	0	0	0	0	0	0	
229156	Frontal_Inf_Orb_L	1262	0	10574	374	21166	0	4480	236	17848	0	500	0	16550	0	0	138	136	0	2412	520	2752	0	186	0	0	0	1566	0	18380	202	316	0	0	514	0	0	0	0	0	0	0	0	0	0	0	0	0	0	0	0	0	0	0	0	0	0	0	0	0	0	0	0	0	0	0	0	0	0	0	0	3112	318	6224	0	0	0	0	0	0	0	0	0	4812	0	0	0	0	0	0	0	0	0	0	0	0	0	0	0	0	0	0	0	0	0	0	0	0	0	0	0	0	0	0	0	0	0	
173384	Frontal_Inf_Orb_R	220	0	620	4738	210	6380	554	2694	120	9196	0	1436	242	9024	138	0	0	0	2226	2930	0	2406	0	850	0	276	0	1962	0	20638	0	1282	0	1136	0	0	0	170	0	0	0	350	0	0	0	0	0	0	0	0	0	0	0	0	0	0	0	0	0	0	0	0	0	0	0	0	0	0	0	0	1120	7672	118	5882	0	0	0	954	0	0	0	392	0	756	0	0	0	0	0	0	0	0	0	0	0	0	0	0	0	0	0	0	0	0	0	0	0	0	0	0	0	0	0	0	0	0	
189556	Rolandic_Oper_L	9564	240	10136	0	0	0	4098	126	0	0	10850	0	866	0	136	0	0	0	9352	0	0	0	0	0	0	0	0	0	19122	0	0	0	0	0	0	0	2326	0	144	0	0	0	0	0	0	0	0	0	0	0	494	0	272	0	350	0	7592	0	1132	0	682	0	1808	0	0	0	0	0	0	0	238	0	1244	0	0	0	250	0	4622	0	4914	0	1628	0	1520	0	0	0	1072	0	0	0	0	0	0	0	0	0	0	0	0	0	0	0	0	0	0	0	0	0	0	0	0	0	0	0	
123220	Rolandic_Oper_R	0	2076	226	5214	0	0	160	4574	0	0	0	5838	0	0	0	0	0	0	1256	3156	0	0	0	0	0	0	0	0	0	13558	0	0	0	188	0	0	0	1750	0	0	0	0	0	230	0	0	0	0	0	0	0	0	0	0	0	0	0	3222	0	0	0	0	0	4028	0	0	0	318	0	0	206	1076	180	6246	0	338	0	898	0	2120	0	4250	0	0	0	314	0	0	0	188	0	0	0	0	0	0	0	0	0	0	0	0	0	0	0	0	0	0	0	0	0	0	0	0	0	0	
998144	Supp_Motor_Area_L	16810	2538	108318	33150	4100	144	13154	4994	1376	0	10100	8754	11506	7698	2412	2226	9352	1256	0	60574	0	0	8120	1910	0	0	0	0	29932	13974	7022	11314	11782	31256	1720	0	2106	1552	578	252	0	0	0	0	114	0	0	0	0	0	0	0	0	0	318	0	3244	532	0	0	0	140	0	142	0	0	0	0	4940	828	15722	8508	21982	3860	6230	174	6842	2732	286	0	1018	0	930	0	0	0	0	0	550	0	0	0	0	0	0	0	0	0	0	0	0	0	0	0	0	0	0	0	0	0	0	0	0	0	0	0	
815520	Supp_Motor_Area_R	8750	4702	22176	72478	890	216	3932	3908	448	0	0	10200	888	10338	520	2930	0	3156	60574	0	0	0	1618	5622	0	0	0	0	490	19158	2380	14940	4154	50028	306	7236	114	2420	0	210	0	0	0	558	0	0	0	422	0	0	0	0	0	0	0	110	280	2636	0	0	0	116	0	0	0	150	0	1864	2888	12834	6176	26514	1144	10816	386	2422	3008	20060	0	0	0	0	0	0	0	310	0	0	0	284	0	0	0	0	0	0	0	0	0	0	0	0	0	0	0	0	0	0	0	0	0	0	0	0	0	0	
92224	Olfactory_L	0	0	0	0	2224	972	0	0	304	0	0	0	0	0	2752	0	0	0	0	0	0	5808	0	0	526	1270	5080	3564	3158	0	2832	3432	0	0	0	0	0	0	984	0	536	0	0	0	0	0	0	0	0	0	0	0	0	0	0	0	0	0	0	0	0	0	0	0	0	0	0	0	0	0	8704	1204	1734	0	0	0	0	0	0	0	0	0	1028	0	0	0	0	0	0	0	0	0	0	0	0	0	0	0	0	0	0	0	0	0	0	0	0	0	0	0	0	0	0	0	0	0	
86604	Olfactory_R	0	0	0	268	0	3196	0	0	0	158	0	0	0	0	0	2406	0	0	0	0	5808	0	0	156	0	1922	2570	6774	0	2682	1898	3284	0	0	0	0	0	0	0	122	0	998	0	0	0	0	0	0	0	0	0	0	0	0	0	0	0	0	0	0	0	0	0	0	0	0	0	0	0	0	6542	2892	1052	354	0	0	0	0	0	0	0	0	0	220	0	0	0	0	0	0	0	0	0	0	0	0	0	0	0	0	0	0	0	0	0	0	0	0	0	0	0	0	0	0	0	0	
326504	Frontal_Sup_Medial_L	0	0	39340	14140	4990	134	19268	652	596	0	132	0	2794	2264	186	0	0	0	8120	1618	0	0	0	20470	2072	836	0	0	2648	1848	17946	14384	1950	6864	0	0	0	0	0	0	0	0	0	0	0	0	0	0	0	0	0	0	0	0	0	0	0	0	0	0	0	0	0	0	0	0	0	0	0	0	0	0	0	0	0	0	0	0	0	0	0	0	0	0	0	0	0	0	0	0	0	0	0	0	0	0	0	0	0	0	0	0	0	0	0	0	0	0	0	0	0	0	0	0	0	0	
291608	Frontal_Sup_Medial_R	0	0	4866	38044	312	3878	2450	3484	0	0	0	268	0	5802	0	850	0	0	1910	5622	0	156	20470	0	0	4018	0	670	0	4964	7714	25690	220	11302	0	0	0	0	0	0	0	0	0	0	0	0	0	0	0	0	0	0	0	0	0	0	0	0	0	0	0	0	0	0	0	0	0	0	0	0	0	1576	0	1538	0	0	0	0	0	0	0	0	0	0	0	0	0	0	0	0	0	0	0	0	0	0	0	0	0	0	0	0	0	0	0	0	0	0	0	0	0	0	0	0	0	0	
28828	Frontal_Med_Orb_L	0	0	1024	0	3746	0	0	0	256	0	0	0	0	0	0	0	0	0	0	0	526	0	2072	0	0	350	2094	0	0	0	3302	0	0	0	0	0	0	0	0	0	0	0	0	0	0	0	0	0	0	0	0	0	0	0	0	0	0	0	0	0	0	0	0	0	0	0	0	0	0	0	720	0	324	0	0	0	0	0	0	0	0	0	0	0	0	0	0	0	0	0	0	0	0	0	0	0	0	0	0	0	0	0	0	0	0	0	0	0	0	0	0	0	0	0	0	0	
75564	Frontal_Med_Orb_R	0	0	0	1682	0	8192	0	0	0	152	0	0	0	0	0	276	0	0	0	0	1270	1922	836	4018	350	0	818	6096	0	120	2032	4842	0	0	0	0	0	0	0	0	0	0	0	0	0	0	0	0	0	0	0	0	0	0	0	0	0	0	0	0	0	0	0	0	0	0	0	0	0	0	1308	2936	160	772	0	0	0	0	0	0	0	0	0	0	0	0	0	0	0	0	0	0	0	0	0	0	0	0	0	0	0	0	0	0	0	0	0	0	0	0	0	0	0	0	0	0	
59924	Rectus_L	0	0	202	0	4842	644	0	0	1612	0	0	0	186	0	1566	0	0	0	0	0	5080	2570	0	0	2094	818	0	1718	598	0	1604	848	0	0	0	0	0	0	0	0	0	0	0	0	0	0	0	0	0	0	0	0	0	0	0	0	0	0	0	0	0	0	0	0	0	0	0	0	0	0	4430	166	984	0	0	0	0	0	0	0	0	0	0	0	0	0	0	0	0	0	0	0	0	0	0	0	0	0	0	0	0	0	0	0	0	0	0	0	0	0	0	0	0	0	0	0	
88044	Rectus_R	0	0	0	338	0	7784	0	0	0	240	0	0	0	0	0	1962	0	0	0	0	3564	6774	0	670	0	6096	1718	0	0	1004	1276	3898	0	0	0	0	0	0	0	0	0	348	0	0	0	0	0	0	0	0	0	0	0	0	0	0	0	0	0	0	0	0	0	0	0	0	0	0	0	0	3616	3150	860	582	0	0	0	0	0	0	0	0	0	142	0	0	0	0	0	0	0	0	0	0	0	0	0	0	0	0	0	0	0	0	0	0	0	0	0	0	0	0	0	0	0	0	
645392	Insula_L	11228	498	43486	356	14156	0	25718	316	5944	0	19294	0	40874	264	18380	0	19122	0	29932	490	3158	0	2648	0	0	0	598	0	0	384	2318	166	358	206	0	114	13774	138	2796	0	2406	0	0	0	0	0	0	0	0	0	358	0	114	0	2884	0	6646	0	1666	0	1764	0	860	0	0	0	0	0	0	0	2364	732	20004	0	0	0	606	232	6818	0	5324	0	5970	0	2708	0	142	0	4382	0	0	0	0	0	0	0	0	0	0	0	0	0	0	0	0	0	0	0	0	0	0	0	0	0	0	0	
568972	Insula_R	360	6184	1928	30908	514	6254	1824	13320	156	1764	0	22326	722	27116	202	20638	0	13558	13974	19158	0	2682	1848	4964	0	120	0	1004	384	0	312	2654	0	7392	180	260	0	11092	0	1770	0	2272	0	0	0	0	0	0	0	0	0	0	0	0	0	2782	0	1804	0	0	0	0	0	172	0	0	0	180	0	0	3538	13054	622	27768	0	0	0	2582	0	2002	0	7030	0	1334	0	1734	0	0	0	2044	0	0	0	0	0	0	0	0	0	0	0	0	0	0	0	0	0	0	0	0	0	0	0	0	0	0	
265116	Cingulum_Ant_L	0	0	17334	7308	3916	192	9820	732	324	0	348	258	2298	472	316	0	0	0	7022	2380	2832	1898	17946	7714	3302	2032	1604	1276	2318	312	0	19496	4050	3786	0	0	0	0	0	0	0	0	0	0	0	0	0	0	0	0	0	0	0	0	0	0	0	0	0	0	0	0	0	0	0	0	0	0	0	0	6432	976	3578	286	0	0	0	0	0	0	0	0	0	0	0	0	0	0	0	0	0	0	0	0	0	0	0	0	0	0	0	0	0	0	0	0	0	0	0	0	0	0	0	0	0	0	
402644	Cingulum_Ant_R	0	0	6060	31056	532	5090	2014	3466	0	152	0	1152	270	3160	0	1282	0	0	11314	14940	3432	3284	14384	25690	0	4842	848	3898	166	2654	19496	0	3300	21440	0	0	0	0	0	0	0	0	0	0	0	0	0	0	0	0	0	0	0	0	0	0	0	0	0	0	0	0	0	0	0	0	0	0	0	0	4958	6520	1286	4636	0	0	0	0	0	0	0	0	0	0	0	0	0	0	0	0	0	0	0	0	0	0	0	0	0	0	0	0	0	0	0	0	0	0	0	0	0	0	0	0	0	0	
128996	Cingulum_Mid_L	3332	0	4578	628	156	0	512	0	0	0	0	0	230	0	0	0	0	0	11782	4154	0	0	1950	220	0	0	0	0	358	0	4050	3300	0	9668	2408	158	0	0	0	0	0	0	198	0	1676	0	0	0	1862	0	1896	0	0	0	0	0	476	0	376	0	0	0	0	0	0	0	3004	256	6294	358	0	0	0	0	0	0	444	0	0	0	0	0	0	0	174	0	0	0	0	0	0	0	0	0	0	0	0	0	0	0	0	0	0	0	0	0	0	0	0	0	0	0	0	0	0	0	
535940	Cingulum_Mid_R	3454	1644	11472	27342	686	0	2092	1418	442	0	0	3340	644	7278	514	1136	0	188	31256	50028	0	0	6864	11302	0	0	0	0	206	7392	3786	21440	9668	0	900	9454	0	256	0	0	0	0	0	3422	0	4938	0	924	0	4616	0	1216	0	0	0	148	0	4410	0	0	0	0	0	0	0	0	2202	15934	924	9884	1122	1874	0	848	0	0	0	434	0	0	0	0	0	0	0	660	0	0	0	212	0	0	0	0	0	0	0	0	0	0	0	0	0	0	0	0	0	0	0	0	0	0	0	0	0	0	
122376	Cingulum_Post_L	7034	492	1074	448	0	0	124	0	0	0	0	0	0	0	0	0	0	0	1720	306	0	0	0	0	0	0	0	0	0	180	0	0	2408	900	0	5486	4658	3288	3530	1062	0	0	3422	0	1274	0	1566	162	298	0	502	0	116	0	918	178	1030	0	0	0	0	0	0	0	0	0	6838	1154	7094	204	0	0	0	186	0	0	976	2130	0	0	0	0	0	0	298	0	0	0	132	0	0	0	0	0	0	0	0	0	0	0	0	0	0	0	0	0	0	0	0	0	0	0	0	0	0	0	
154120	Cingulum_Post_R	844	2486	200	1576	0	0	644	0	0	0	0	0	0	0	0	0	0	0	0	7236	0	0	0	0	0	0	0	0	114	260	0	0	158	9454	5486	0	3134	5704	2022	1928	0	0	136	2148	0	698	0	4032	0	410	0	0	0	0	524	302	0	1668	0	0	0	0	0	0	0	0	828	10264	160	6652	0	298	144	288	0	0	2032	3996	0	0	0	0	0	0	0	414	0	0	0	414	0	0	0	0	0	0	0	124	0	0	0	0	0	0	0	0	0	0	0	0	282	0	0	0	0	0	
205768	Hippocampus_L	3220	176	2274	180	0	0	1120	0	0	0	1434	0	284	0	0	0	2326	0	2106	114	0	0	0	0	0	0	0	0	13774	0	0	0	0	0	4658	3134	0	3050	13522	1196	5054	0	1800	0	0	0	2246	0	0	0	142	0	0	0	9102	230	2360	0	166	0	568	0	362	0	0	0	2320	626	0	0	340	0	6310	0	554	0	3296	2330	3580	0	1090	0	526	0	1144	0	150	0	6020	0	0	0	0	0	0	0	0	0	0	0	0	0	0	0	0	0	0	0	0	0	0	0	0	0	0	0	
286352	Hippocampus_R	342	6724	904	4856	0	1320	198	4000	0	0	0	1010	0	0	0	170	0	1750	1552	2420	0	0	0	0	0	0	0	0	138	11092	0	0	0	256	3288	5704	3050	0	2038	18942	0	6596	0	522	0	0	0	2260	0	0	0	0	0	0	472	16778	0	1504	0	0	0	0	0	646	0	0	148	3618	0	328	706	732	250	18312	0	0	1130	6410	0	246	0	986	0	744	0	1146	0	0	0	9182	0	0	0	0	0	0	0	502	0	0	0	0	0	0	0	0	0	0	0	0	204	0	0	0	0	0	
113476	ParaHippocampal_L	354	0	638	0	270	0	124	0	0	0	176	0	0	0	0	0	144	0	578	0	984	0	0	0	0	0	0	0	2796	0	0	0	0	0	3530	2022	13522	2038	0	846	2878	0	1980	0	0	0	4870	0	0	0	254	0	206	0	7248	0	190	0	0	0	0	0	0	0	0	0	2804	614	0	0	0	0	1822	0	0	0	1546	1410	0	0	156	0	952	0	0	0	800	0	514	0	0	0	0	0	0	0	0	0	0	0	0	0	0	0	0	0	0	0	160	312	0	0	0	0	0	0	
148948	ParaHippocampal_R	0	238	192	840	0	742	0	200	0	0	0	0	0	0	0	0	0	0	252	210	0	122	0	0	0	0	0	0	0	1770	0	0	0	0	1062	1928	1196	18942	846	0	0	6738	0	622	0	0	0	4860	0	0	0	0	0	182	150	17074	0	0	0	0	0	0	0	0	0	0	0	2716	0	0	186	128	0	2108	0	0	376	1340	0	0	0	0	0	2432	0	0	0	1322	0	4392	0	0	0	0	0	0	0	1180	0	0	0	0	0	0	0	0	0	0	0	0	128	0	0	0	0	0	
30380	Amygdala_L	0	0	0	0	156	0	0	0	0	0	0	0	0	0	0	0	0	0	0	0	536	0	0	0	0	0	0	0	2406	0	0	0	0	0	0	0	5054	0	2878	0	0	0	0	0	0	0	0	0	0	0	0	0	0	0	2280	0	0	0	0	0	0	0	0	0	0	0	0	0	0	0	0	0	1020	0	0	0	0	0	0	0	0	0	454	0	0	0	242	0	164	0	0	0	0	0	0	0	0	0	0	0	0	0	0	0	0	0	0	0	0	0	0	0	0	0	0	0	
54204	Amygdala_R	0	0	0	400	0	748	0	0	0	0	0	0	0	0	0	350	0	0	0	0	0	998	0	0	0	0	0	348	0	2272	0	0	0	0	0	0	0	6596	0	6738	0	0	0	0	0	0	0	0	0	0	0	0	0	0	0	4694	0	0	0	0	0	0	0	0	0	0	0	0	0	0	0	0	0	1160	0	0	0	0	0	0	0	0	0	2332	0	0	0	316	0	150	0	0	0	0	0	0	0	0	0	0	0	0	0	0	0	0	0	0	0	0	0	0	0	0	0	0	
222568	Calcarine_L	686	0	0	0	0	0	0	0	0	0	0	0	0	0	0	0	0	0	0	0	0	0	0	0	0	0	0	0	0	0	0	0	198	0	3422	136	1800	0	1980	0	0	0	0	9024	14780	5528	11486	2334	6996	1336	16510	330	3056	0	2698	146	1382	0	256	0	358	0	0	0	408	0	18102	2638	1266	0	0	0	0	0	0	0	0	0	0	0	0	0	0	0	2134	0	0	0	636	0	0	162	0	0	0	0	142	280	244	232	0	0	0	0	0	0	0	0	0	0	598	0	0	0	0	0	
298496	Calcarine_R	0	1198	0	0	0	0	0	0	0	0	0	0	0	0	0	0	0	230	0	558	0	0	0	0	0	0	0	0	0	0	0	0	0	3422	0	2148	0	522	0	622	0	0	9024	0	4060	21056	2554	19352	306	19534	140	14098	0	2958	0	3364	0	5302	0	0	0	642	0	884	0	336	1634	23018	0	2112	0	0	0	0	0	0	0	0	0	0	0	228	0	0	0	6580	0	0	0	3030	0	0	0	0	0	0	0	0	0	0	0	0	0	0	0	0	0	0	0	0	336	0	0	0	0	0	
199676	Cuneus_L	672	0	0	0	0	0	0	0	0	0	0	0	0	0	0	0	0	0	114	0	0	0	0	0	0	0	0	0	0	0	0	0	1676	0	1274	0	0	0	0	0	0	0	14780	4060	0	7642	1506	134	18718	2598	13158	250	434	0	506	0	1400	0	2932	0	186	0	128	0	264	0	19708	1570	3224	0	0	0	0	0	0	0	0	0	0	0	202	0	0	0	2274	0	0	0	428	0	0	0	0	0	0	0	0	0	0	0	0	0	0	0	0	0	0	0	0	0	0	0	0	0	0	0	
244764	Cuneus_R	0	170	0	0	0	0	0	0	0	0	0	0	0	0	0	0	0	0	0	0	0	0	0	0	0	0	0	0	0	0	0	0	0	4938	0	698	0	0	0	0	0	0	5528	21056	7642	0	602	2804	774	29192	426	5212	0	180	0	410	0	1546	0	3000	0	362	0	0	0	198	10602	25216	0	454	0	0	0	0	0	0	0	0	0	0	0	0	0	0	0	1250	0	0	0	122	0	0	0	0	0	0	0	0	0	0	0	0	0	0	0	0	0	0	0	0	0	0	0	0	0	0	
246988	Lingual_L	0	0	0	0	0	0	0	0	0	0	0	0	0	0	0	0	0	0	0	0	0	0	0	0	0	0	0	0	0	0	0	0	0	0	1566	0	2246	0	4870	0	0	0	11486	2554	1506	602	0	5198	3166	468	11752	0	6624	0	16098	2872	0	0	0	0	0	0	0	0	0	0	3878	300	0	0	0	0	0	0	0	0	0	0	0	0	0	0	0	0	0	0	0	0	190	0	3008	1946	0	0	446	0	9250	4734	13028	4366	0	0	0	0	0	0	0	0	122	300	6938	3584	396	0	0	0	
301748	Lingual_R	0	128	0	0	0	0	0	0	0	0	0	0	0	0	0	0	0	0	0	422	0	0	0	0	0	0	0	0	0	0	0	0	0	924	162	4032	0	2260	0	4860	0	0	2334	19352	134	2804	5198	0	0	6202	114	6658	250	4524	2060	18812	0	586	0	0	0	0	0	0	0	0	0	7718	0	708	0	0	0	0	0	0	0	130	0	0	0	0	0	0	0	224	0	0	0	1480	2426	2026	0	0	430	464	7068	10752	8640	6348	0	0	0	0	1112	760	0	0	0	184	10690	6412	352	0	216	918	
218924	Occipital_Sup_L	422	0	0	0	0	0	0	0	0	0	0	0	0	0	0	0	0	0	0	0	0	0	0	0	0	0	0	0	0	0	0	0	1862	0	298	0	0	0	0	0	0	0	6996	306	18718	774	3166	0	0	234	39424	0	1196	0	354	0	1288	0	9356	0	3524	0	0	0	380	0	14860	198	294	0	0	0	0	0	0	0	0	0	0	0	0	0	0	0	4402	0	0	0	1082	0	110	0	0	0	0	0	0	0	218	0	0	0	0	0	0	0	0	0	0	0	0	0	0	0	0	0	
242708	Occipital_Sup_R	0	0	0	0	0	0	0	0	0	0	0	0	0	0	0	0	0	0	0	0	0	0	0	0	0	0	0	0	0	0	0	0	0	4616	0	410	0	0	0	0	0	0	1336	19534	2598	29192	468	6202	234	0	190	18786	0	498	0	1488	0	1540	0	4794	0	2164	0	352	0	4448	4834	15016	0	528	0	0	0	0	0	0	0	0	0	0	0	0	0	0	0	1974	0	0	0	152	0	0	0	0	0	0	0	0	0	0	0	0	0	0	0	0	0	0	0	0	0	0	0	0	0	0	
404228	Occipital_Mid_L	2616	0	0	0	0	0	0	0	0	0	0	0	0	0	0	0	494	0	0	0	0	0	0	0	0	0	0	0	358	0	0	0	1896	0	502	0	142	0	254	0	0	0	16510	140	13158	426	11752	114	39424	190	0	0	16080	0	6554	0	6126	0	12494	0	15460	0	1164	0	12564	0	12080	0	1438	0	0	0	0	0	0	0	0	0	120	0	618	0	0	0	19948	0	0	0	7946	0	418	0	0	0	0	0	0	0	898	0	0	0	0	0	0	0	0	0	0	0	0	230	0	0	0	0	
203280	Occipital_Mid_R	0	378	0	0	0	0	0	0	0	0	0	0	0	0	0	0	0	0	0	0	0	0	0	0	0	0	0	0	0	0	0	0	0	1216	0	0	0	0	0	0	0	0	330	14098	250	5212	0	6658	0	18786	0	0	0	4514	0	3644	0	1610	0	904	0	7142	0	3758	0	14552	128	2946	0	460	0	0	0	0	0	0	0	0	0	0	0	486	0	0	0	12872	0	0	0	1696	0	0	0	0	0	0	0	0	0	0	0	0	0	0	0	0	0	0	0	0	0	0	0	0	0	0	
99504	Occipital_Inf_L	204	0	0	0	0	0	0	0	0	0	0	0	0	0	0	0	272	0	0	0	0	0	0	0	0	0	0	0	114	0	0	0	0	0	116	0	0	0	206	0	0	0	3056	0	434	0	6624	250	1196	0	16080	0	0	0	7894	0	276	0	470	0	518	0	0	0	0	0	1048	0	160	0	0	0	0	0	0	0	0	0	442	0	160	0	0	0	2418	0	0	0	4886	0	658	0	0	0	0	0	220	0	1494	0	0	0	0	0	0	0	0	0	0	0	242	314	0	0	0	0	
47500	Occipital_Inf_R	0	0	0	0	0	0	0	0	0	0	0	0	0	0	0	0	0	0	0	0	0	0	0	0	0	0	0	0	0	0	0	0	0	0	0	0	0	0	0	182	0	0	0	2958	0	180	0	4524	0	498	0	4514	0	0	0	6222	0	0	0	0	0	0	0	0	0	0	0	176	0	0	0	0	0	0	0	0	0	0	0	0	0	0	0	0	0	744	0	0	0	3752	0	0	0	0	0	0	0	0	0	0	0	0	0	0	0	0	0	0	0	0	0	0	0	0	0	0	
343124	Fusiform_L	426	0	316	0	0	0	0	0	0	0	0	0	0	0	0	0	350	0	318	0	0	0	0	0	0	0	0	0	2884	0	0	0	0	0	918	524	9102	472	7248	150	2280	0	2698	0	506	0	16098	2060	354	0	6554	0	7894	0	0	2998	216	0	134	0	0	0	0	0	0	0	1244	0	206	0	0	0	600	0	0	0	452	500	1972	0	1924	0	2188	0	2526	0	1840	0	13744	0	17662	1402	858	0	0	0	13308	4226	28722	4262	138	0	152	0	0	0	0	0	0	0	6322	2548	266	0	0	0	
370648	Fusiform_R	0	158	0	762	0	840	0	186	0	0	0	0	0	0	0	0	0	0	0	110	0	0	0	0	0	0	0	0	0	2782	0	0	0	148	178	302	230	16778	0	17074	0	4694	146	3364	0	410	2872	18812	0	1488	0	3644	0	6222	2998	0	0	248	0	0	0	0	0	0	0	0	0	1054	0	0	0	0	0	2412	0	0	258	400	0	0	0	1658	0	6176	0	2334	0	2928	0	18222	2882	9902	0	332	0	0	4392	9838	7546	16768	0	0	132	0	0	0	0	0	0	0	7082	6310	252	0	0	0	
275292	Postcentral_L	20644	772	3338	0	0	0	410	122	0	0	1350	0	174	0	0	0	7592	0	3244	280	0	0	0	0	0	0	0	0	6646	0	0	0	476	0	1030	0	2360	0	190	0	0	0	1382	0	1400	0	0	0	1288	0	6126	0	276	0	216	0	0	240	19016	0	21436	0	10200	0	2938	0	5924	0	2976	0	176	154	2750	0	466	0	196	0	2408	0	3732	0	166	0	4196	0	0	0	1356	0	0	0	0	0	0	0	0	0	0	0	0	0	0	0	0	0	0	0	0	0	0	0	0	0	0	0	
218872	Postcentral_R	464	22646	558	420	0	0	120	1568	0	0	0	1670	0	0	0	0	0	3222	532	2636	0	0	0	0	0	0	0	0	0	1804	0	0	0	4410	0	1668	0	1504	0	0	0	0	0	5302	0	1546	0	586	0	1540	0	1610	0	0	0	248	240	0	0	5442	0	7824	0	10030	0	1654	142	13324	0	10096	454	496	366	1830	0	0	0	874	0	0	0	436	0	0	0	1456	0	0	0	718	0	0	0	0	0	0	0	0	0	0	0	0	0	0	0	0	0	0	0	0	0	0	0	0	0	0	
188904	Parietal_Sup_L	1362	116	0	0	0	0	0	0	0	0	0	0	0	0	0	0	1132	0	0	0	0	0	0	0	0	0	0	0	1666	0	0	0	376	0	0	0	166	0	0	0	0	0	256	0	2932	0	0	0	9356	0	12494	0	470	0	134	0	19016	0	0	0	19454	0	1706	0	2290	0	8340	0	292	0	0	0	0	0	0	0	0	0	326	0	2564	0	0	0	6760	0	0	0	3244	0	0	0	0	0	0	0	0	0	0	0	0	0	0	0	0	0	0	0	0	0	0	0	0	0	0	0	
67496	Parietal_Sup_R	0	432	0	0	0	0	0	0	0	0	0	0	0	0	0	0	0	0	0	0	0	0	0	0	0	0	0	0	0	0	0	0	0	0	0	0	0	0	0	0	0	0	0	0	0	3000	0	0	0	4794	0	904	0	0	0	0	0	5442	0	0	0	6762	0	2270	0	2374	1002	6260	0	508	0	0	0	0	0	0	0	0	0	0	0	0	0	0	0	0	0	0	0	0	0	0	0	0	0	0	0	0	0	0	0	0	0	0	0	0	0	0	0	0	0	0	0	0	0	0	
233008	Parietal_Inf_L	1236	0	0	0	0	0	0	0	0	0	0	0	0	0	0	0	682	0	0	0	0	0	0	0	0	0	0	0	1764	0	0	0	0	0	0	0	568	0	0	0	0	0	358	0	186	0	0	0	3524	0	15460	0	518	0	0	0	21436	0	19454	0	0	0	18486	0	15654	0	824	0	0	0	192	0	318	0	0	0	0	0	198	0	1440	0	0	0	9674	0	0	0	4532	0	0	0	0	0	0	0	0	0	0	0	0	0	0	0	0	0	0	0	0	0	0	0	0	0	0	0	
138576	Parietal_Inf_R	0	2004	140	174	0	0	0	284	0	0	0	0	0	0	0	0	0	0	140	116	0	0	0	0	0	0	0	0	0	0	0	0	0	0	0	0	0	0	0	0	0	0	0	642	0	362	0	0	0	2164	0	7142	0	0	0	0	0	7824	0	6762	0	0	0	19218	0	16918	0	1510	0	444	0	0	0	0	0	0	0	0	0	0	0	472	0	0	0	2678	0	0	0	294	0	0	0	0	0	0	0	0	0	0	0	0	0	0	0	0	0	0	0	0	0	0	0	0	0	0	
120332	SupraMarginal_L	282	0	0	0	0	0	0	0	0	0	0	0	0	0	0	0	1808	0	0	0	0	0	0	0	0	0	0	0	860	0	0	0	0	0	0	0	362	0	0	0	0	0	0	0	128	0	0	0	0	0	1164	0	0	0	0	0	10200	0	1706	0	18486	0	0	0	8752	0	186	0	0	0	226	0	318	0	0	0	0	0	256	0	5496	0	0	0	8296	0	0	0	1640	0	0	0	0	0	0	0	0	0	0	0	0	0	0	0	0	0	0	0	0	0	0	0	0	0	0	0	
137480	SupraMarginal_R	0	1900	166	170	0	0	0	474	0	0	0	0	0	0	0	0	0	4028	142	0	0	0	0	0	0	0	0	0	0	172	0	0	0	0	0	0	0	646	0	0	0	0	0	884	0	0	0	0	0	352	0	3758	0	0	0	0	0	10030	0	2270	0	19218	0	0	0	8526	0	1586	0	758	0	0	0	300	0	0	0	120	0	118	0	5876	0	0	0	6698	0	0	0	548	0	0	0	0	0	0	0	0	0	0	0	0	0	0	0	0	0	0	0	0	0	0	0	0	0	0	
111572	Angular_L	244	0	0	0	0	0	0	0	0	0	0	0	0	0	0	0	0	0	0	0	0	0	0	0	0	0	0	0	0	0	0	0	0	0	0	0	0	0	0	0	0	0	408	0	264	0	0	0	380	0	12564	0	0	0	0	0	2938	0	2290	0	15654	0	8752	0	0	0	690	0	0	0	0	0	0	0	0	0	0	0	0	0	2198	0	0	0	8396	0	0	0	1008	0	0	0	0	0	0	0	0	0	0	0	0	0	0	0	0	0	0	0	0	0	0	0	0	0	0	0	
118472	Angular_R	0	754	0	0	0	0	0	0	0	0	0	0	0	0	0	0	0	0	0	150	0	0	0	0	0	0	0	0	0	0	0	0	0	0	0	0	0	0	0	0	0	0	0	336	0	198	0	0	0	4448	0	14552	0	0	0	0	0	1654	0	2374	0	16918	0	8526	0	0	0	412	0	528	0	0	0	0	0	0	0	0	0	0	0	2252	0	0	0	5922	0	0	0	212	0	0	0	0	0	0	0	0	0	0	0	0	0	0	0	0	0	0	0	0	0	0	0	0	0	0	
298252	Precuneus_L	1444	0	0	0	0	0	0	0	0	0	0	0	0	0	0	0	0	0	0	0	0	0	0	0	0	0	0	0	0	0	0	0	3004	2202	6838	828	2320	148	2804	0	0	0	18102	1634	19708	10602	3878	0	14860	4834	12080	128	1048	0	1244	0	5924	142	8340	1002	824	0	186	0	690	0	0	13780	4988	0	0	0	0	0	0	0	0	0	0	0	286	0	0	0	4146	0	0	0	1112	0	0	0	0	0	0	0	0	0	0	0	0	0	0	0	0	0	0	0	0	0	0	0	0	0	0	0	
342540	Precuneus_R	0	1792	0	0	0	0	0	0	0	0	0	0	0	0	0	0	0	318	0	1864	0	0	0	0	0	0	0	0	0	180	0	0	256	15934	1154	10264	626	3618	614	2716	0	0	2638	23018	1570	25216	300	7718	198	15016	0	2946	0	176	0	1054	0	13324	0	6260	0	1510	0	1586	0	412	13780	0	0	8890	0	0	0	436	0	0	0	316	0	0	0	364	0	0	0	2756	0	0	0	1712	0	0	0	0	0	0	0	190	0	0	0	0	0	0	0	0	0	0	0	0	548	0	0	0	0	0	
113636	Paracentral_Lobule_L	15480	258	2678	0	0	0	0	0	0	0	0	0	0	0	0	0	0	0	4940	2888	0	0	0	0	0	0	0	0	0	0	0	0	6294	924	7094	160	0	0	0	0	0	0	1266	0	3224	0	0	0	294	0	1438	0	160	0	206	0	2976	0	292	0	0	0	0	0	0	0	4988	0	0	656	0	0	0	0	0	0	0	0	0	0	0	0	0	0	418	0	0	0	184	0	0	0	0	0	0	0	0	0	0	0	0	0	0	0	0	0	0	0	0	0	0	0	0	0	0	0	
132760	Paracentral_Lobule_R	770	2664	1034	218	0	0	152	0	0	0	0	0	0	0	0	0	0	0	828	12834	0	0	0	0	0	0	0	0	0	0	0	0	358	9884	204	6652	0	328	0	0	0	0	0	2112	0	454	0	708	0	528	0	460	0	0	0	0	0	10096	0	508	0	444	0	758	0	528	0	8890	656	0	306	434	0	0	0	0	536	1808	0	0	0	0	0	0	0	810	0	0	0	418	0	0	0	0	0	0	0	0	0	0	0	0	0	0	0	0	0	0	0	0	0	0	0	0	0	0	
339168	Caudate_L	4414	4060	18530	6704	6052	1022	5296	5480	2270	0	134	934	4242	1630	3112	1120	238	206	15722	6176	8704	6542	0	0	720	1308	4430	3616	2364	3538	6432	4958	0	1122	0	0	340	706	0	186	0	0	0	0	0	0	0	0	0	0	0	0	0	0	0	0	176	454	0	0	192	0	226	0	0	0	0	0	0	306	0	10912	12848	1070	1556	0	6702	2530	0	0	0	0	304	0	0	0	0	0	0	0	0	0	0	0	0	0	0	0	0	0	0	0	0	0	0	0	0	0	0	0	0	0	0	0	0	0	
370892	Caudate_R	1174	4888	4266	22302	1236	4640	1384	3348	254	978	0	2874	1524	2514	318	7672	0	1076	8508	26514	1204	2892	0	1576	0	2936	166	3150	732	13054	976	6520	0	1874	0	298	0	732	0	128	0	0	0	0	0	0	0	0	0	0	0	0	0	0	0	0	154	496	0	0	0	0	0	0	0	0	0	0	0	434	10912	0	1824	16466	136	2158	910	20248	0	0	0	0	0	0	0	0	0	0	0	0	0	0	0	0	0	0	0	0	0	0	0	0	0	0	0	0	0	0	0	0	0	0	0	0	0	0	
294260	Putamen_L	5064	1834	22682	548	5052	0	1734	644	2226	0	1328	0	3050	406	6224	118	1244	180	21982	1144	1734	1052	0	0	324	160	984	860	20004	622	3578	1286	0	0	0	144	6310	250	1822	0	1020	0	0	0	0	0	0	0	0	0	0	0	0	0	600	0	2750	366	0	0	318	0	318	0	0	0	0	0	0	0	12848	1824	0	268	6474	0	1480	366	174	0	1362	0	1162	0	232	0	0	0	978	0	0	0	0	0	0	0	0	0	0	0	0	0	0	0	0	0	0	0	0	0	0	0	0	0	0	0	
320316	Putamen_R	136	5766	538	14942	0	5560	138	5392	0	3042	0	4800	0	1362	0	5882	0	6246	3860	10816	0	354	0	1538	0	772	0	582	0	27768	286	4636	0	848	186	288	0	18312	0	2108	0	1160	0	0	0	0	0	0	0	0	0	0	0	0	0	2412	0	1830	0	0	0	0	0	300	0	0	0	436	0	0	1070	16466	268	0	0	3942	0	4016	0	352	0	482	0	0	0	210	0	0	0	1056	0	0	0	0	0	0	0	0	0	0	0	0	0	0	0	0	0	0	0	0	0	0	0	0	0	0	
49960	Pallidum_L	1170	154	5970	0	0	0	0	0	0	0	0	0	0	0	0	0	0	0	6230	386	0	0	0	0	0	0	0	0	0	0	0	0	0	0	0	0	554	0	0	0	0	0	0	0	0	0	0	0	0	0	0	0	0	0	0	0	466	0	0	0	0	0	0	0	0	0	0	0	0	0	1556	136	6474	0	0	0	1884	0	0	0	0	0	0	0	0	0	0	0	0	0	0	0	0	0	0	0	0	0	0	0	0	0	0	0	0	0	0	0	0	0	0	0	0	0	0	0	
24516	Pallidum_R	0	272	128	2334	0	0	0	238	0	0	0	0	0	0	0	0	0	338	174	2422	0	0	0	0	0	0	0	0	0	0	0	0	0	0	0	0	0	0	0	0	0	0	0	0	0	0	0	0	0	0	0	0	0	0	0	0	0	0	0	0	0	0	0	0	0	0	0	0	0	0	0	2158	0	3942	0	0	0	252	0	0	0	0	0	0	0	0	0	0	0	0	0	0	0	0	0	0	0	0	0	0	0	0	0	0	0	0	0	0	0	0	0	0	0	0	0	0	
120412	Thalamus_L	6214	1212	7810	1252	204	0	3730	292	0	0	274	0	218	0	0	0	250	0	6842	3008	0	0	0	0	0	0	0	0	606	0	0	0	444	0	976	2032	3296	1130	1546	376	0	0	0	0	0	0	0	0	0	0	0	0	0	0	452	258	196	0	0	0	0	0	0	0	0	0	0	0	0	536	6702	910	1480	0	1884	0	0	6076	0	0	0	0	0	0	0	0	0	0	0	0	0	0	0	0	0	0	0	0	0	0	0	0	0	0	0	0	0	0	0	0	0	0	0	0	0	0	
226348	Thalamus_R	1988	6764	3072	15628	0	0	1222	666	0	0	0	154	0	0	0	954	0	898	2732	20060	0	0	0	0	0	0	0	0	232	2582	0	0	0	434	2130	3996	2330	6410	1410	1340	0	0	0	0	0	0	0	130	0	0	0	0	0	0	500	400	0	874	0	0	0	0	0	120	0	0	0	316	0	1808	2530	20248	366	4016	0	252	6076	0	0	150	0	136	0	0	0	118	0	0	0	132	0	0	0	0	0	0	0	0	0	0	0	0	0	0	0	0	0	0	0	0	0	0	0	0	0	0	
62860	Heschl_L	1244	0	290	0	0	0	158	0	0	0	684	0	0	0	0	0	4622	0	286	0	0	0	0	0	0	0	0	0	6818	0	0	0	0	0	0	0	3580	0	0	0	0	0	0	0	0	0	0	0	0	0	120	0	442	0	1972	0	2408	0	326	0	198	0	256	0	0	0	0	0	0	0	0	0	174	0	0	0	0	0	0	0	3492	0	378	0	1398	0	0	0	2584	0	0	0	0	0	0	0	0	0	0	0	0	0	0	0	0	0	0	0	0	0	0	0	0	0	0	0	
17560	Heschl_R	0	0	0	0	0	0	0	0	0	0	0	0	0	0	0	0	0	2120	0	0	0	0	0	0	0	0	0	0	0	2002	0	0	0	0	0	0	0	246	0	0	0	0	0	0	0	0	0	0	0	0	0	0	0	0	0	0	0	0	0	0	0	0	0	118	0	0	0	0	0	0	0	0	0	352	0	0	0	150	0	0	0	2736	0	0	0	390	0	0	0	666	0	0	0	0	0	0	0	0	0	0	0	0	0	0	0	0	0	0	0	0	0	0	0	0	0	0	
167932	Temporal_Sup_L	874	0	1038	0	0	0	206	0	0	0	510	0	254	0	0	0	4914	0	1018	0	0	0	0	0	0	0	0	0	5324	0	0	0	0	0	0	0	1090	0	156	0	0	0	0	0	202	0	0	0	0	0	618	0	160	0	1924	0	3732	0	2564	0	1440	0	5496	0	2198	0	286	0	0	0	0	0	1362	0	0	0	0	0	3492	0	0	0	6820	0	28154	0	114	0	10020	0	0	0	0	0	0	0	0	0	0	0	0	0	0	0	0	0	0	0	0	0	0	0	0	0	0	0	
107736	Temporal_Sup_R	0	278	0	120	0	0	0	142	0	0	0	0	0	0	0	392	0	4250	0	0	0	0	0	0	0	0	0	0	0	7030	0	0	0	0	0	0	0	986	0	0	0	0	0	228	0	0	0	0	0	0	0	486	0	0	0	1658	0	436	0	0	0	472	0	5876	0	2252	0	364	0	0	0	0	0	482	0	0	0	136	0	2736	0	0	0	4420	0	15018	0	624	0	5482	0	0	0	0	0	0	0	0	0	0	0	0	0	0	0	0	0	0	0	0	0	0	0	0	0	0	
106884	Temporal_Pole_Sup_L	0	0	1250	0	1824	0	150	0	784	0	1368	0	2644	0	4812	0	1628	0	930	0	1028	0	0	0	0	0	0	0	5970	0	0	0	0	0	0	0	526	0	952	0	454	0	0	0	0	0	0	0	0	0	0	0	0	0	2188	0	166	0	0	0	0	0	0	0	0	0	0	0	0	0	304	0	1162	0	0	0	0	0	378	0	6820	0	0	0	8988	0	4054	0	5062	0	0	0	0	0	0	0	0	0	0	0	0	0	0	0	0	0	0	0	0	0	0	0	0	0	0	0	
61136	Temporal_Pole_Sup_R	0	0	0	124	0	142	0	0	0	0	0	0	0	0	0	756	0	0	0	0	0	220	0	0	0	0	0	142	0	1334	0	0	0	0	0	0	0	744	0	2432	0	2332	0	0	0	0	0	0	0	0	0	0	0	0	0	6176	0	0	0	0	0	0	0	0	0	0	0	0	0	0	0	0	0	0	0	0	0	0	0	0	0	4420	0	0	0	3048	0	5846	0	2852	0	0	0	0	0	0	0	0	0	0	0	0	0	0	0	0	0	0	0	0	0	0	0	0	0	0	
323052	Temporal_Mid_L	706	0	122	0	0	0	138	0	0	0	0	0	0	0	0	0	1520	0	0	0	0	0	0	0	0	0	0	0	2708	0	0	0	174	0	298	0	1144	0	0	0	0	0	2134	0	2274	0	0	0	4402	0	19948	0	2418	0	2526	0	4196	0	6760	0	9674	0	8296	0	8396	0	4146	0	418	0	0	0	232	0	0	0	0	0	1398	0	28154	0	8988	0	0	0	4948	0	35408	0	0	0	0	0	0	0	0	0	0	0	0	0	0	0	0	0	0	0	0	0	0	0	0	0	0	0	
183692	Temporal_Mid_R	0	1946	0	0	0	0	0	0	0	0	0	0	0	0	0	0	0	314	0	310	0	0	0	0	0	0	0	0	0	1734	0	0	0	660	0	414	0	1146	0	0	0	0	0	6580	0	1250	0	224	0	1974	0	12872	0	744	0	2334	0	1456	0	0	0	2678	0	6698	0	5922	0	2756	0	810	0	0	0	210	0	0	0	118	0	390	0	15018	0	3048	0	0	0	1658	0	18582	0	0	0	0	0	0	0	0	0	0	0	0	0	0	0	0	0	0	0	0	0	0	0	0	0	0	
33152	Temporal_Pole_Mid_L	0	0	0	0	0	0	0	0	0	0	0	0	0	0	0	0	0	0	0	0	0	0	0	0	0	0	0	0	142	0	0	0	0	0	0	0	150	0	800	0	242	0	0	0	0	0	0	0	0	0	0	0	0	0	1840	0	0	0	0	0	0	0	0	0	0	0	0	0	0	0	0	0	0	0	0	0	0	0	0	0	114	0	4054	0	4948	0	0	0	4286	0	0	0	0	0	0	0	0	0	0	0	0	0	0	0	0	0	0	0	0	0	0	0	0	0	0	0	
30944	Temporal_Pole_Mid_R	0	0	0	0	0	0	0	0	0	0	0	0	0	0	0	0	0	0	0	0	0	0	0	0	0	0	0	0	0	0	0	0	0	0	0	0	0	0	0	1322	0	316	0	0	0	0	0	0	0	0	0	0	0	0	0	2928	0	0	0	0	0	0	0	0	0	0	0	0	0	0	0	0	0	0	0	0	0	0	0	0	0	624	0	5846	0	1658	0	0	0	2778	0	0	0	0	0	0	0	0	0	0	0	0	0	0	0	0	0	0	0	0	0	0	0	0	0	0	
236360	Temporal_Inf_L	610	0	576	0	0	0	242	0	0	0	136	0	0	0	0	0	1072	0	550	0	0	0	0	0	0	0	0	0	4382	0	0	0	0	0	132	0	6020	0	514	0	164	0	636	0	428	0	190	0	1082	0	7946	0	4886	0	13744	0	1356	0	3244	0	4532	0	1640	0	1008	0	1112	0	184	0	0	0	978	0	0	0	0	0	2584	0	10020	0	5062	0	35408	0	4286	0	0	0	2534	0	312	0	0	0	0	0	610	0	0	0	0	0	0	0	0	0	0	0	0	0	0	0	0	0	
166368	Temporal_Inf_R	0	1658	0	120	0	0	0	0	0	0	0	0	0	0	0	0	0	188	0	284	0	0	0	0	0	0	0	0	0	2044	0	0	0	212	0	414	0	9182	0	4392	0	150	0	3030	0	122	0	1480	0	152	0	1696	0	3752	0	18222	0	718	0	0	0	294	0	548	0	212	0	1712	0	418	0	0	0	1056	0	0	0	132	0	666	0	5482	0	2852	0	18582	0	2778	0	0	0	636	0	0	0	0	0	0	0	0	0	0	0	0	0	0	0	0	0	0	0	0	0	0	0	0	
420324	Cerebelum_Crus1_L	0	0	0	0	0	0	0	0	0	0	0	0	0	0	0	0	0	0	0	0	0	0	0	0	0	0	0	0	0	0	0	0	0	0	0	0	0	0	0	0	0	0	0	0	0	0	3008	2426	110	0	418	0	658	0	17662	2882	0	0	0	0	0	0	0	0	0	0	0	0	0	0	0	0	0	0	0	0	0	0	0	0	0	0	0	0	0	0	0	0	2534	0	0	2118	36422	2172	514	498	16554	2522	46752	4780	17694	302	18372	1444	4680	1170	808	0	490	1514	6100	5646	5864	1758	1772	518	
367064	Cerebelum_Crus1_R	0	0	0	0	0	0	0	0	0	0	0	0	0	0	0	0	0	0	0	0	0	0	0	0	0	0	0	0	0	0	0	0	0	0	0	0	0	0	0	0	0	0	162	0	0	0	1946	2026	0	0	0	0	0	0	1402	9902	0	0	0	0	0	0	0	0	0	0	0	0	0	0	0	0	0	0	0	0	0	0	0	0	0	0	0	0	0	0	0	0	0	636	2118	0	1676	37514	0	2674	2402	16168	4516	47414	1536	4398	1306	13636	172	3736	0	422	0	1634	6354	8472	7526	1564	2220	0	
265100	Cerebelum_Crus2_L	0	0	0	0	0	0	0	0	0	0	0	0	0	0	0	0	0	0	0	0	0	0	0	0	0	0	0	0	0	0	0	0	0	0	0	0	0	0	0	0	0	0	0	0	0	0	0	0	0	0	0	0	0	0	858	0	0	0	0	0	0	0	0	0	0	0	0	0	0	0	0	0	0	0	0	0	0	0	0	0	0	0	0	0	0	0	0	0	312	0	36422	1676	0	7786	0	0	842	120	4450	1140	30736	4502	23414	3102	2702	160	442	0	0	114	326	404	8832	3810	400	0	
262612	Cerebelum_Crus2_R	0	0	0	0	0	0	0	0	0	0	0	0	0	0	0	0	0	0	0	0	0	0	0	0	0	0	0	0	0	0	0	0	0	0	0	0	0	0	0	0	0	0	0	0	0	0	0	0	0	0	0	0	0	0	0	332	0	0	0	0	0	0	0	0	0	0	0	0	0	0	0	0	0	0	0	0	0	0	0	0	0	0	0	0	0	0	0	0	0	0	2172	37514	7786	0	0	1244	446	3684	652	11060	4836	18036	2520	23792	0	2100	0	0	0	770	1408	422	8166	3434	932	0	
26988	Cerebelum_3_L	0	0	0	0	0	0	0	0	0	0	0	0	0	0	0	0	0	0	0	0	0	0	0	0	0	0	0	0	0	0	0	0	0	0	0	0	0	0	0	0	0	0	0	0	0	0	446	430	0	0	0	0	0	0	0	0	0	0	0	0	0	0	0	0	0	0	0	0	0	0	0	0	0	0	0	0	0	0	0	0	0	0	0	0	0	0	0	0	0	0	514	0	0	0	0	116	5078	462	1330	0	0	0	0	0	350	0	0	0	840	1940	1870	118	0	0	0	0	
60020	Cerebelum_3_R	0	0	0	0	0	0	0	0	0	0	0	0	0	0	0	0	0	0	0	0	0	0	0	0	0	0	0	0	0	0	0	0	0	0	0	0	0	0	0	0	0	0	0	0	0	0	0	464	0	0	0	0	0	0	0	0	0	0	0	0	0	0	0	0	0	0	0	0	0	0	0	0	0	0	0	0	0	0	0	0	0	0	0	0	0	0	0	0	0	0	498	2674	0	1244	116	0	916	5814	990	5720	0	0	0	210	142	1268	0	0	334	5460	2026	1092	128	0	738	176	
306036	Cerebelum_4_5_L	0	0	0	0	0	0	0	0	0	0	0	0	0	0	0	0	0	0	0	0	0	0	0	0	0	0	0	0	0	0	0	0	0	0	0	0	0	0	0	0	0	0	142	0	0	0	9250	7068	0	0	0	0	220	0	13308	4392	0	0	0	0	0	0	0	0	0	0	0	0	0	0	0	0	0	0	0	0	0	0	0	0	0	0	0	0	0	0	0	0	0	0	16554	2402	842	446	5078	916	0	12702	33450	6462	330	0	534	148	4026	1212	0	0	880	3118	23730	3398	0	0	1010	1400	
291112	Cerebelum_4_5_R	0	0	0	0	0	0	0	0	0	0	0	0	0	0	0	0	0	0	0	0	0	0	0	0	0	0	0	0	0	0	0	0	0	0	0	124	0	502	0	1180	0	0	280	0	0	0	4734	10752	0	0	0	0	0	0	4226	9838	0	0	0	0	0	0	0	0	0	0	0	190	0	0	0	0	0	0	0	0	0	0	0	0	0	0	0	0	0	0	0	0	0	0	2522	16168	120	3684	462	5814	12702	0	9826	28018	0	0	0	430	1390	1478	0	0	194	3484	23198	2120	124	0	638	1358	
459412	Cerebelum_6_L	0	0	0	0	0	0	0	0	0	0	0	0	0	0	0	0	0	0	0	0	0	0	0	0	0	0	0	0	0	0	0	0	0	0	0	0	0	0	0	0	0	0	244	0	0	0	13028	8640	218	0	898	0	1494	0	28722	7546	0	0	0	0	0	0	0	0	0	0	0	0	0	0	0	0	0	0	0	0	0	0	0	0	0	0	0	0	0	0	0	0	610	0	46752	4516	4450	652	1330	990	33450	9826	0	12142	2316	0	2878	656	3524	1932	316	0	638	2516	17788	13762	3246	870	2530	1226	
405408	Cerebelum_6_R	0	0	0	0	0	0	0	0	0	0	0	0	0	0	0	0	0	0	0	0	0	0	0	0	0	0	0	0	0	0	0	0	0	0	0	0	0	0	0	0	0	0	232	0	0	0	4366	6348	0	0	0	0	0	0	4262	16768	0	0	0	0	0	0	0	0	0	0	0	0	0	0	0	0	0	0	0	0	0	0	0	0	0	0	0	0	0	0	0	0	0	0	4780	47414	1140	11060	0	5720	6462	28018	12142	0	1152	238	1174	3318	304	3512	0	522	138	3420	13534	15526	6668	1748	2738	0	
220428	Cerebelum_7b_L	0	0	0	0	0	0	0	0	0	0	0	0	0	0	0	0	0	0	0	0	0	0	0	0	0	0	0	0	0	0	0	0	0	0	0	0	0	0	0	0	0	0	0	0	0	0	0	0	0	0	0	0	0	0	138	0	0	0	0	0	0	0	0	0	0	0	0	0	0	0	0	0	0	0	0	0	0	0	0	0	0	0	0	0	0	0	0	0	0	0	17694	1536	30736	4836	0	0	330	0	2316	1152	0	2702	27726	3158	4444	230	622	0	0	0	0	400	6684	5042	468	0	
117788	Cerebelum_7b_R	0	0	0	0	0	0	0	0	0	0	0	0	0	0	0	0	0	0	0	0	0	0	0	0	0	0	0	0	0	0	0	0	0	0	0	0	0	0	0	0	0	0	0	0	0	0	0	0	0	0	0	0	0	0	0	0	0	0	0	0	0	0	0	0	0	0	0	0	0	0	0	0	0	0	0	0	0	0	0	0	0	0	0	0	0	0	0	0	0	0	302	4398	4502	18036	0	0	0	0	0	238	2702	0	1140	18372	0	2058	0	0	0	0	0	272	3554	2722	598	0	
233788	Cerebelum_8_L	0	0	0	0	0	0	0	0	0	0	0	0	0	0	0	0	0	0	0	0	0	0	0	0	0	0	0	0	0	0	0	0	0	0	0	0	0	0	0	0	0	0	0	0	0	0	0	0	0	0	0	0	0	0	152	132	0	0	0	0	0	0	0	0	0	0	0	0	0	0	0	0	0	0	0	0	0	0	0	0	0	0	0	0	0	0	0	0	0	0	18372	1306	23414	2520	0	0	534	0	2878	1174	27726	1140	0	4482	15190	1386	2328	0	0	0	138	592	5162	6436	1832	0	
210164	Cerebelum_8_R	0	0	0	0	0	0	0	0	0	0	0	0	0	0	0	0	0	0	0	0	0	0	0	0	0	0	0	0	0	0	0	0	0	0	0	0	0	0	0	0	0	0	0	0	0	0	0	0	0	0	0	0	0	0	0	0	0	0	0	0	0	0	0	0	0	0	0	0	0	0	0	0	0	0	0	0	0	0	0	0	0	0	0	0	0	0	0	0	0	0	1444	13636	3102	23792	0	210	148	430	656	3318	3158	18372	4482	0	456	12930	0	178	0	122	332	1224	6190	7266	3518	118	
106208	Cerebelum_9_L	0	0	0	0	0	0	0	0	0	0	0	0	0	0	0	0	0	0	0	0	0	0	0	0	0	0	0	0	0	0	0	0	0	0	0	0	0	0	0	0	0	0	0	0	0	0	0	1112	0	0	0	0	0	0	0	0	0	0	0	0	0	0	0	0	0	0	0	0	0	0	0	0	0	0	0	0	0	0	0	0	0	0	0	0	0	0	0	0	0	0	4680	172	2702	0	350	142	4026	1390	3524	304	4444	0	15190	456	0	1142	3142	0	0	186	2306	2074	1126	996	2454	1186	
114924	Cerebelum_9_R	0	0	0	0	0	0	0	0	0	0	0	0	0	0	0	0	0	0	0	0	0	0	0	0	0	0	0	0	0	0	0	0	0	0	0	0	0	0	0	0	0	0	0	0	0	0	0	760	0	0	0	0	0	0	0	0	0	0	0	0	0	0	0	0	0	0	0	0	0	0	0	0	0	0	0	0	0	0	0	0	0	0	0	0	0	0	0	0	0	0	1170	3736	160	2100	0	1268	1212	1478	1932	3512	230	2058	1386	12930	1142	0	0	1032	126	1282	2388	4294	2218	3034	5688	2326	
15316	Cerebelum_10_L	0	0	0	0	0	0	0	0	0	0	0	0	0	0	0	0	0	0	0	0	0	0	0	0	0	0	0	0	0	0	0	0	0	0	0	0	0	0	0	0	0	0	0	0	0	0	0	0	0	0	0	0	0	0	0	0	0	0	0	0	0	0	0	0	0	0	0	0	0	0	0	0	0	0	0	0	0	0	0	0	0	0	0	0	0	0	0	0	0	0	808	0	442	0	0	0	0	0	316	0	622	0	2328	0	3142	0	0	0	0	0	0	0	0	0	0	0	
6876	Cerebelum_10_R	0	0	0	0	0	0	0	0	0	0	0	0	0	0	0	0	0	0	0	0	0	0	0	0	0	0	0	0	0	0	0	0	0	0	0	0	0	0	0	0	0	0	0	0	0	0	0	0	0	0	0	0	0	0	0	0	0	0	0	0	0	0	0	0	0	0	0	0	0	0	0	0	0	0	0	0	0	0	0	0	0	0	0	0	0	0	0	0	0	0	0	422	0	0	0	0	0	0	0	522	0	0	0	178	0	1032	0	0	0	0	0	482	208	182	412	0	
16104	Vermis_1_2	0	0	0	0	0	0	0	0	0	0	0	0	0	0	0	0	0	0	0	0	0	0	0	0	0	0	0	0	0	0	0	0	0	0	0	0	0	0	160	0	0	0	0	0	0	0	122	0	0	0	0	0	0	0	0	0	0	0	0	0	0	0	0	0	0	0	0	0	0	0	0	0	0	0	0	0	0	0	0	0	0	0	0	0	0	0	0	0	0	0	490	0	0	0	840	334	880	194	638	138	0	0	0	0	0	126	0	0	0	3126	1004	0	0	0	0	0	
71628	Vermis_3	0	0	0	0	0	0	0	0	0	0	0	0	0	0	0	0	0	0	0	0	0	0	0	0	0	0	0	0	0	0	0	0	0	0	0	0	0	0	312	0	0	0	0	0	0	0	300	184	0	0	0	0	0	0	0	0	0	0	0	0	0	0	0	0	0	0	0	0	0	0	0	0	0	0	0	0	0	0	0	0	0	0	0	0	0	0	0	0	0	0	1514	1634	114	770	1940	5460	3118	3484	2516	3420	0	0	0	122	186	1282	0	0	3126	0	4168	1152	134	0	730	148	
297784	Vermis_4_5	0	0	0	0	0	0	0	0	0	0	0	0	0	0	0	0	0	0	0	0	0	0	0	0	0	0	0	0	0	0	0	0	0	0	0	282	0	204	0	128	0	0	598	336	0	0	6938	10690	0	0	0	0	242	0	6322	7082	0	0	0	0	0	0	0	0	0	0	0	548	0	0	0	0	0	0	0	0	0	0	0	0	0	0	0	0	0	0	0	0	0	0	6100	6354	326	1408	1870	2026	23730	23198	17788	13534	0	0	138	332	2306	2388	0	0	1004	4168	0	4854	0	0	1254	2744	
203832	Vermis_6	0	0	0	0	0	0	0	0	0	0	0	0	0	0	0	0	0	0	0	0	0	0	0	0	0	0	0	0	0	0	0	0	0	0	0	0	0	0	0	0	0	0	0	0	0	0	3584	6412	0	0	230	0	314	0	2548	6310	0	0	0	0	0	0	0	0	0	0	0	0	0	0	0	0	0	0	0	0	0	0	0	0	0	0	0	0	0	0	0	0	0	0	5646	8472	404	422	118	1092	3398	2120	13762	15526	400	272	592	1224	2074	4294	0	482	0	1152	4854	0	4988	2642	5818	2766	
168244	Vermis_7	0	0	0	0	0	0	0	0	0	0	0	0	0	0	0	0	0	0	0	0	0	0	0	0	0	0	0	0	0	0	0	0	0	0	0	0	0	0	0	0	0	0	0	0	0	0	396	352	0	0	0	0	0	0	266	252	0	0	0	0	0	0	0	0	0	0	0	0	0	0	0	0	0	0	0	0	0	0	0	0	0	0	0	0	0	0	0	0	0	0	5864	7526	8832	8166	0	128	0	124	3246	6668	6684	3554	5162	6190	1126	2218	0	208	0	134	0	4988	0	7218	4678	142	
110264	Vermis_8	0	0	0	0	0	0	0	0	0	0	0	0	0	0	0	0	0	0	0	0	0	0	0	0	0	0	0	0	0	0	0	0	0	0	0	0	0	0	0	0	0	0	0	0	0	0	0	0	0	0	0	0	0	0	0	0	0	0	0	0	0	0	0	0	0	0	0	0	0	0	0	0	0	0	0	0	0	0	0	0	0	0	0	0	0	0	0	0	0	0	1758	1564	3810	3434	0	0	0	0	870	1748	5042	2722	6436	7266	996	3034	0	182	0	0	0	2642	7218	0	6050	360	
