data	data	634732	389888	961024	771352	184188	128264	643444	260960	104704	57304	201064	276684	200236	188432	195312	139312	214740	130360	802652	695680	148696	143724	350188	397216	37204	108328	111944	99576	545468	361660	305988	555940	130288	530436	189352	209032	333516	333096	131948	268540	37268	69080	335564	383188	221700	283232	347628	355120	277320	340096	539156	302532	150204	125872	444748	505992	273452	254932	239568	172588	178892	101124	108344	101252	117204	164780	335260	369800	255064	169368	359020	386144	354312	386648	48112	34916	191572	186152	92968	31092	232664	134688	90644	56800	286968	240384	29820	34752	307464	199132	488416	483132	334500	337044	74168	113680	354128	240524	431344	421100	270104	132592	305524	279300	159856	188608	33232	8124	50820	103600	347228	187080	292768	198352	163528	42908	
data	data	Precentral_L	Precentral_R	Frontal_Sup_L	Frontal_Sup_R	Frontal_Sup_Orb_L	Frontal_Sup_Orb_R	Frontal_Mid_L	Frontal_Mid_R	Frontal_Mid_Orb_L	Frontal_Mid_Orb_R	Frontal_Inf_Oper_L	Frontal_Inf_Oper_R	Frontal_Inf_Tri_L	Frontal_Inf_Tri_R	Frontal_Inf_Orb_L	Frontal_Inf_Orb_R	Rolandic_Oper_L	Rolandic_Oper_R	Supp_Motor_Area_L	Supp_Motor_Area_R	Olfactory_L	Olfactory_R	Frontal_Sup_Medial_L	Frontal_Sup_Medial_R	Frontal_Med_Orb_L	Frontal_Med_Orb_R	Rectus_L	Rectus_R	Insula_L	Insula_R	Cingulum_Ant_L	Cingulum_Ant_R	Cingulum_Mid_L	Cingulum_Mid_R	Cingulum_Post_L	Cingulum_Post_R	Hippocampus_L	Hippocampus_R	ParaHippocampal_L	ParaHippocampal_R	Amygdala_L	Amygdala_R	Calcarine_L	Calcarine_R	Cuneus_L	Cuneus_R	Lingual_L	Lingual_R	Occipital_Sup_L	Occipital_Sup_R	Occipital_Mid_L	Occipital_Mid_R	Occipital_Inf_L	Occipital_Inf_R	Fusiform_L	Fusiform_R	Postcentral_L	Postcentral_R	Parietal_Sup_L	Parietal_Sup_R	Parietal_Inf_L	Parietal_Inf_R	SupraMarginal_L	SupraMarginal_R	Angular_L	Angular_R	Precuneus_L	Precuneus_R	Paracentral_Lobule_L	Paracentral_Lobule_R	Caudate_L	Caudate_R	Putamen_L	Putamen_R	Pallidum_L	Pallidum_R	Thalamus_L	Thalamus_R	Heschl_L	Heschl_R	Temporal_Sup_L	Temporal_Sup_R	Temporal_Pole_Sup_L	Temporal_Pole_Sup_R	Temporal_Mid_L	Temporal_Mid_R	Temporal_Pole_Mid_L	Temporal_Pole_Mid_R	Temporal_Inf_L	Temporal_Inf_R	Cerebelum_Crus1_L	Cerebelum_Crus1_R	Cerebelum_Crus2_L	Cerebelum_Crus2_R	Cerebelum_3_L	Cerebelum_3_R	Cerebelum_4_5_L	Cerebelum_4_5_R	Cerebelum_6_L	Cerebelum_6_R	Cerebelum_7b_L	Cerebelum_7b_R	Cerebelum_8_L	Cerebelum_8_R	Cerebelum_9_L	Cerebelum_9_R	Cerebelum_10_L	Cerebelum_10_R	Vermis_1_2	Vermis_3	Vermis_4_5	Vermis_6	Vermis_7	Vermis_8	Vermis_9	Vermis_10	
634732	Precentral_L	0	16296	25916	7212	0	0	43792	1948	0	0	11992	4316	2288	0	0	0	12398	148	11686	11404	0	0	150	200	0	0	0	0	10464	260	672	360	466	6204	3700	5182	5958	2548	558	1176	0	0	516	102	152	0	458	122	402	0	2382	0	810	0	1988	1374	25478	2738	896	0	4962	0	3700	142	936	0	942	730	21190	8856	8948	2804	3778	376	2038	190	16676	2822	4654	0	3860	0	0	0	3238	0	0	0	1684	0	0	0	0	0	0	0	0	0	0	0	0	0	0	0	0	0	0	0	0	0	128	0	0	0	0	0	
389888	Precentral_R	16296	0	6924	22038	0	0	10250	13186	0	0	518	14168	252	688	0	128	0	2966	5328	6666	0	0	312	494	0	0	0	0	422	3394	954	1652	118	798	214	312	236	6670	0	2042	0	0	0	656	0	182	0	438	0	188	0	1210	0	400	0	2434	1118	16610	0	258	0	364	0	2426	0	176	0	400	5434	5040	6370	8212	870	3240	960	718	2006	15438	0	248	0	840	0	0	0	1006	0	0	0	676	0	0	0	0	0	0	0	0	0	0	0	0	0	0	0	0	0	0	0	0	0	0	0	0	0	0	
961024	Frontal_Sup_L	25916	6924	0	11776	7822	0	77124	2620	1760	100	12678	1188	12686	544	7858	558	8202	104	94878	19538	136	0	34556	8812	196	0	198	0	36694	536	14598	7452	6280	12420	184	724	4164	1012	574	232	0	0	0	0	0	0	212	0	0	0	232	0	126	0	2250	196	856	406	0	0	258	0	174	0	96	0	116	0	2024	884	8312	2244	15344	1040	2070	384	8288	1554	1486	0	6030	0	1140	0	674	0	0	0	2946	0	0	0	0	0	0	0	0	0	126	0	0	0	0	0	0	0	0	0	0	0	0	0	0	0	0	0	
771352	Frontal_Sup_R	7212	22038	11776	0	0	4684	5088	29504	0	464	270	11150	0	8296	0	3706	0	6334	19078	58758	0	0	10772	39722	108	2666	0	0	138	12498	3760	33868	1560	21406	0	0	96	4064	0	1948	0	186	0	100	0	0	0	176	0	0	0	0	0	0	0	1798	550	724	0	0	0	0	0	0	0	0	0	0	1390	1074	2454	21596	1046	18484	532	3346	616	9882	0	156	0	328	0	0	0	110	0	0	0	164	0	0	0	0	0	0	0	0	0	0	0	0	0	0	0	0	0	0	0	0	0	0	0	0	0	0	
184188	Frontal_Sup_Orb_L	0	0	7822	0	0	204	1512	0	12938	0	0	0	2146	0	16578	0	0	0	318	0	4868	1680	5578	686	3724	344	8926	862	6826	0	3330	448	0	0	0	0	0	0	0	0	96	0	0	0	0	0	0	0	0	0	0	0	0	0	0	0	0	0	0	0	0	0	0	0	0	0	0	0	0	0	4658	542	6848	0	0	0	0	0	0	0	0	0	1160	0	0	0	0	0	0	0	0	0	0	0	0	0	0	0	0	0	0	0	0	0	0	0	0	0	0	0	0	0	0	0	0	0	
128264	Frontal_Sup_Orb_R	0	0	0	4684	204	0	0	806	0	5910	0	0	0	1046	244	6390	0	0	0	262	698	4370	360	3230	134	9116	476	9096	0	5414	422	1860	0	140	0	0	0	440	0	268	0	874	0	0	0	0	0	0	0	0	0	0	0	0	0	0	0	0	0	0	0	0	0	0	0	0	0	0	0	0	526	1634	110	5418	0	0	0	0	0	0	0	0	0	0	0	0	0	0	0	0	0	0	0	0	0	0	0	0	0	0	0	0	0	0	0	0	0	0	0	0	0	0	0	0	0	0	
643444	Frontal_Mid_L	43792	10250	77124	5088	1512	0	0	3074	4124	0	12570	9222	29610	320	8164	0	2748	344	26614	4920	0	0	11352	2190	0	0	0	0	15670	626	4300	1652	3118	2804	426	1434	2846	1394	414	242	0	0	0	0	0	0	112	0	122	0	270	0	0	0	636	140	1554	694	184	0	606	0	468	128	178	0	138	104	562	700	7204	2694	2276	494	478	194	7030	2784	1872	0	1090	0	138	0	412	0	0	0	516	0	0	0	0	0	0	0	0	0	0	0	0	0	0	0	0	0	0	0	0	0	0	0	0	0	0	0	
260960	Frontal_Mid_R	1948	13186	2620	29504	0	806	3074	0	0	1736	244	15432	0	11642	0	3598	0	1754	4052	9176	0	0	1138	6318	0	144	0	0	148	4580	932	7050	108	2724	0	0	0	354	0	288	0	0	0	0	0	0	0	0	0	0	0	0	0	0	0	262	0	150	0	0	0	0	0	0	0	0	0	0	0	0	2192	850	210	3582	0	216	224	118	0	0	0	120	0	0	0	0	0	0	0	0	0	0	0	0	0	0	0	0	0	0	0	0	0	0	0	0	0	0	0	0	0	0	0	0	0	0	
104704	Frontal_Mid_Orb_L	0	0	1760	0	12938	0	4124	0	0	0	0	0	3838	0	14888	0	0	0	0	0	1174	716	0	0	520	152	2618	426	4426	0	210	190	0	0	0	0	0	0	0	0	0	0	0	0	0	0	0	0	0	0	0	0	0	0	0	0	0	0	0	0	0	0	0	0	0	0	0	0	0	0	1000	180	2448	0	0	0	0	0	0	0	0	0	744	0	0	0	0	0	0	0	0	0	0	0	0	0	0	0	0	0	0	0	0	0	0	0	0	0	0	0	0	0	0	0	0	0	
57304	Frontal_Mid_Orb_R	0	0	100	464	0	5910	0	1736	0	0	0	206	0	2852	0	9910	0	0	230	728	0	324	0	0	0	246	0	1356	0	2290	0	0	0	330	0	0	0	0	0	0	0	0	0	0	0	0	0	0	0	0	0	0	0	0	0	0	0	0	0	0	0	0	0	0	0	0	0	0	0	0	126	854	0	990	0	0	0	0	0	0	0	0	0	0	0	0	0	0	0	0	0	0	0	0	0	0	0	0	0	0	0	0	0	0	0	0	0	0	0	0	0	0	0	0	0	0	
201064	Frontal_Inf_Oper_L	11992	518	12678	270	0	0	12570	244	0	0	0	378	9850	0	366	0	11252	0	11482	488	0	0	512	262	0	0	0	0	12576	104	1542	390	334	392	0	0	164	0	0	0	0	0	0	0	0	0	0	0	0	0	0	0	0	0	0	0	876	0	0	0	0	0	0	0	0	0	0	0	0	0	336	0	1400	0	0	0	0	0	1718	0	4652	0	3060	0	0	0	0	0	126	0	0	0	0	0	0	0	0	0	0	0	0	0	0	0	0	0	0	0	0	0	0	0	0	0	0	0	
276684	Frontal_Inf_Oper_R	4316	14168	1188	11150	0	0	9222	15432	0	206	378	0	118	11998	0	1118	474	5872	2322	10074	0	0	944	1798	0	0	0	0	1742	14692	1850	7812	0	2350	0	0	0	536	0	472	0	0	0	0	0	0	0	0	0	0	154	0	0	0	0	342	448	1626	0	0	280	0	282	0	0	0	0	0	0	0	2822	1888	554	7414	0	166	0	238	592	0	408	274	0	190	246	0	0	0	186	0	0	0	0	0	0	0	0	0	0	0	0	0	0	0	0	0	0	0	0	0	0	0	0	0	0	0	
200236	Frontal_Inf_Tri_L	2288	252	12686	0	2146	0	29610	0	3838	0	9850	118	0	0	11406	0	1134	0	2112	0	0	0	2024	0	0	0	0	0	16756	0	2036	0	610	0	0	0	0	0	0	0	0	0	0	0	0	0	0	0	0	0	0	0	0	0	0	0	0	0	0	0	0	0	0	0	0	0	0	0	0	0	196	0	806	0	0	0	0	0	0	0	544	0	1706	0	0	0	0	0	0	0	0	0	0	0	0	0	0	0	0	0	0	0	0	0	0	0	0	0	0	0	0	0	0	0	0	0	
188432	Frontal_Inf_Tri_R	0	688	544	8296	0	1046	320	11642	0	2852	0	11998	0	0	0	9940	0	782	3134	7414	0	0	1384	4762	0	0	0	0	0	13694	356	6534	0	4670	0	0	0	164	0	150	0	0	0	0	0	0	0	0	0	0	0	0	0	0	0	0	0	0	0	0	0	0	0	0	0	0	0	0	0	0	0	882	0	2964	0	0	0	0	0	0	0	0	0	0	0	0	0	0	0	0	0	0	0	0	0	0	0	0	0	0	0	0	0	0	0	0	0	0	0	0	0	0	0	0	0	0	
195312	Frontal_Inf_Orb_L	0	0	7858	0	16578	244	8164	0	14888	0	366	0	11406	0	0	0	0	0	398	0	4240	1298	650	0	248	172	3934	696	11488	0	730	266	692	0	0	0	124	0	120	0	248	0	0	0	0	0	0	0	0	0	0	0	0	0	0	0	0	0	0	0	0	0	0	0	0	0	0	0	0	0	3480	454	6708	0	0	0	0	0	0	0	0	0	2206	0	0	0	0	0	0	0	0	0	0	0	0	0	0	0	0	0	0	0	0	0	0	0	0	0	0	0	0	0	0	0	0	0	
139312	Frontal_Inf_Orb_R	0	128	558	3706	0	6390	0	3598	0	9910	0	1118	0	9940	0	0	0	0	1028	2774	0	1542	102	548	0	126	0	1826	126	13892	0	382	0	1444	0	0	0	98	0	186	0	132	0	0	0	0	0	0	0	0	0	0	0	0	0	150	0	0	0	0	0	0	0	0	0	0	0	0	0	0	1676	4692	710	2430	0	0	0	254	0	0	0	0	0	190	0	0	0	0	0	0	0	0	0	0	0	0	0	0	0	0	0	0	0	0	0	0	0	0	0	0	0	0	0	0	0	0	
214740	Rolandic_Oper_L	12398	0	8202	0	0	0	2748	0	0	0	11252	474	1134	0	0	0	0	0	7730	0	0	0	0	0	0	0	0	0	12764	0	0	0	0	0	0	0	156	0	0	0	0	0	104	0	148	0	0	0	1232	0	3500	0	0	0	178	0	11682	0	3014	0	2966	0	4842	0	2004	0	896	0	194	0	148	0	1004	0	0	0	0	0	3346	0	11802	0	2354	0	968	0	0	0	130	0	0	0	0	0	0	0	0	0	0	0	0	0	0	0	0	0	0	0	0	0	0	0	0	0	0	0	
130360	Rolandic_Oper_R	148	2966	104	6334	0	0	344	1754	0	0	0	5872	0	782	0	0	0	0	202	7484	0	0	0	0	0	0	0	0	0	16342	122	328	0	0	0	0	0	488	0	184	0	0	0	0	0	0	0	0	0	0	0	0	0	0	0	296	0	6932	0	0	0	0	0	2476	0	0	0	0	0	0	150	932	0	2632	0	332	0	498	0	2712	0	3814	0	280	0	530	0	0	0	142	0	0	0	0	0	0	0	0	0	0	0	0	0	0	0	0	0	0	0	0	0	0	0	0	0	0	
802652	Supp_Motor_Area_L	11686	5328	94878	19078	318	0	26614	4052	0	230	11482	2322	2112	3134	398	1028	7730	202	0	43814	0	0	9774	9710	0	128	0	0	30860	1308	9506	9992	7512	26690	184	164	3798	170	0	126	0	0	0	0	0	0	0	0	0	0	158	0	0	0	3570	0	818	394	0	0	206	0	480	0	0	0	0	0	6342	3440	5464	1550	14078	1650	3618	340	764	112	1342	0	6014	0	978	0	712	0	0	0	4872	0	0	0	0	0	0	0	0	0	96	0	0	0	0	0	0	0	0	0	0	0	0	0	0	0	0	0	
695680	Supp_Motor_Area_R	11404	6666	19538	58758	0	262	4920	9176	0	728	488	10074	0	7414	0	2774	0	7484	43814	0	0	0	4164	15454	0	138	0	0	124	12108	1534	19478	4374	38908	156	658	0	1652	0	1306	0	0	104	0	0	0	0	0	0	0	0	0	0	0	0	884	250	2484	0	0	0	0	0	0	0	0	142	410	10556	17428	1372	12270	820	15622	302	932	114	378	0	0	0	218	0	0	0	0	0	0	0	0	0	0	0	0	0	0	0	0	0	0	0	0	0	0	0	0	0	0	0	0	0	0	0	0	0	0	
148696	Olfactory_L	0	0	136	0	4868	698	0	0	1174	0	0	0	0	0	4240	0	0	0	0	0	0	9048	328	0	820	1276	8410	3552	4018	224	4908	4090	0	0	0	0	132	0	354	0	462	0	0	0	0	0	0	0	0	0	0	0	0	0	0	0	0	0	0	0	0	0	0	0	0	0	0	0	0	0	13446	5136	4260	928	0	0	0	0	0	0	0	0	1840	0	0	0	0	0	0	0	0	0	0	0	0	0	0	0	0	0	0	0	0	0	0	0	0	0	0	0	0	0	0	0	0	0	
143724	Olfactory_R	0	0	0	0	1680	4370	0	0	716	324	0	0	0	0	1298	1542	0	0	0	0	9048	0	168	0	212	1966	5016	6764	0	3846	3788	4854	0	0	0	0	0	522	0	362	0	918	0	0	0	0	0	0	0	0	0	0	0	0	0	0	0	0	0	0	0	0	0	0	0	0	0	0	0	0	10132	8024	4302	2010	0	0	0	0	0	0	0	0	0	0	0	0	0	0	0	0	0	0	0	0	0	0	0	0	0	0	0	0	0	0	0	0	0	0	0	0	0	0	0	0	0	0	
350188	Frontal_Sup_Medial_L	150	312	34556	10772	5578	360	11352	1138	0	0	512	944	2024	1384	650	102	0	0	9774	4164	328	168	0	23160	1860	1164	552	0	4026	120	17044	14566	2872	15194	0	0	0	0	0	0	0	0	0	0	0	0	0	0	0	0	0	0	0	0	0	0	0	0	0	0	0	0	0	0	0	0	0	0	0	0	3606	530	5568	564	0	0	0	0	0	0	0	0	0	0	0	0	0	0	0	0	0	0	0	0	0	0	0	0	0	0	0	0	0	0	0	0	0	0	0	0	0	0	0	0	0	0	
397216	Frontal_Sup_Medial_R	200	494	8812	39722	686	3230	2190	6318	0	0	262	1798	0	4762	0	548	0	0	9710	15454	0	0	23160	0	454	6182	0	454	156	1970	3220	30880	340	21800	0	0	0	0	0	0	0	0	0	0	0	0	0	0	0	0	0	0	0	0	0	0	0	0	0	0	0	0	0	0	0	0	0	0	0	0	652	6790	260	7348	0	0	0	756	0	0	0	0	0	0	0	0	0	0	0	0	0	0	0	0	0	0	0	0	0	0	0	0	0	0	0	0	0	0	0	0	0	0	0	0	0	0	
37204	Frontal_Med_Orb_L	0	0	196	108	3724	134	0	0	520	0	0	0	0	0	248	0	0	0	0	0	820	212	1860	454	0	1058	2668	204	0	0	4470	712	0	0	0	0	0	0	0	0	0	0	0	0	0	0	0	0	0	0	0	0	0	0	0	0	0	0	0	0	0	0	0	0	0	0	0	0	0	0	944	112	158	0	0	0	0	0	0	0	0	0	0	0	0	0	0	0	0	0	0	0	0	0	0	0	0	0	0	0	0	0	0	0	0	0	0	0	0	0	0	0	0	0	0	0	
108328	Frontal_Med_Orb_R	0	0	0	2666	344	9116	0	144	152	246	0	0	0	0	172	126	0	0	128	138	1276	1966	1164	6182	1058	0	1046	7786	0	660	1896	6880	0	218	0	0	0	0	0	0	0	0	0	0	0	0	0	0	0	0	0	0	0	0	0	0	0	0	0	0	0	0	0	0	0	0	0	0	0	0	1236	3540	146	5878	0	0	0	0	0	0	0	0	0	0	0	0	0	0	0	0	0	0	0	0	0	0	0	0	0	0	0	0	0	0	0	0	0	0	0	0	0	0	0	0	0	0	
111944	Rectus_L	0	0	198	0	8926	476	0	0	2618	0	0	0	0	0	3934	0	0	0	0	0	8410	5016	552	0	2668	1046	0	2710	1268	0	4266	2244	0	0	0	0	0	0	0	0	0	0	0	0	0	0	0	0	0	0	0	0	0	0	0	0	0	0	0	0	0	0	0	0	0	0	0	0	0	0	7864	2022	1304	134	0	0	0	0	0	0	0	0	316	0	0	0	0	0	0	0	0	0	0	0	0	0	0	0	0	0	0	0	0	0	0	0	0	0	0	0	0	0	0	0	0	0	
99576	Rectus_R	0	0	0	0	862	9096	0	0	426	1356	0	0	0	0	696	1826	0	0	0	0	3552	6764	0	454	204	7786	2710	0	0	1480	1440	4124	0	0	0	0	0	0	0	0	0	0	0	0	0	0	0	0	0	0	0	0	0	0	0	0	0	0	0	0	0	0	0	0	0	0	0	0	0	0	2918	2572	478	1044	0	0	0	0	0	0	0	0	0	0	0	0	0	0	0	0	0	0	0	0	0	0	0	0	0	0	0	0	0	0	0	0	0	0	0	0	0	0	0	0	0	0	
545468	Insula_L	10464	422	36694	138	6826	0	15670	148	4426	0	12576	1742	16756	0	11488	126	12764	0	30860	124	4018	0	4026	156	0	0	1268	0	0	0	4794	226	328	122	174	204	11162	142	1088	0	1866	0	394	0	146	0	220	0	226	0	992	0	496	0	8608	0	2052	0	456	0	464	0	898	0	288	0	292	0	114	0	4392	184	18706	0	0	0	742	0	10034	0	11812	0	6544	0	3660	0	112	0	9998	0	0	0	0	0	0	0	0	0	106	0	0	0	0	0	0	0	0	0	0	0	0	0	0	0	0	0	
361660	Insula_R	260	3394	536	12498	0	5414	626	4580	0	2290	104	14692	0	13694	0	13892	0	16342	1308	12108	224	3846	120	1970	0	660	0	1480	0	0	800	5876	0	1502	0	114	0	6610	0	3060	0	1874	0	0	0	0	0	0	0	0	0	0	0	0	0	3952	0	2292	0	0	0	0	0	418	0	0	0	0	0	0	444	3678	210	21404	0	294	248	2572	0	2512	0	7658	0	916	0	2054	0	0	0	2304	0	0	0	0	0	0	0	0	0	0	0	0	0	0	0	0	0	0	0	0	0	0	0	0	0	0	
305988	Cingulum_Ant_L	672	954	14598	3760	3330	422	4300	932	210	0	1542	1850	2036	356	730	0	0	122	9506	1534	4908	3788	17044	3220	4470	1896	4266	1440	4794	800	0	19064	4080	5184	272	0	0	0	0	0	0	0	0	0	0	0	0	0	0	0	0	0	0	0	0	0	0	0	0	0	0	0	0	0	0	0	0	0	0	0	12924	4214	11592	2012	0	0	172	0	0	0	0	0	0	0	0	0	0	0	0	0	0	0	0	0	0	0	0	0	0	0	0	0	0	0	0	0	0	0	0	0	0	0	0	0	0	0	
555940	Cingulum_Ant_R	360	1652	7452	33868	448	1860	1652	7050	190	0	390	7812	0	6534	266	382	0	328	9992	19478	4090	4854	14566	30880	712	6880	2244	4124	226	5876	19064	0	2032	26720	0	0	0	0	0	0	0	0	0	0	0	0	0	0	0	0	0	0	0	0	0	0	0	0	0	0	0	0	0	0	0	0	0	0	0	0	8324	21100	5112	19544	0	0	122	1786	0	0	0	0	0	0	0	0	0	0	0	0	0	0	0	0	0	0	0	0	0	0	0	0	0	0	0	0	0	0	0	0	0	0	0	0	0	0	
130288	Cingulum_Mid_L	466	118	6280	1560	0	0	3118	108	0	0	334	0	610	0	692	0	0	0	7512	4374	0	0	2872	340	0	0	0	0	328	0	4080	2032	0	12496	3430	1086	112	0	0	0	0	0	524	0	1806	0	0	0	290	0	146	0	0	0	0	0	552	0	304	0	0	0	0	0	0	0	3042	638	4210	1184	240	0	260	0	0	0	0	0	0	0	0	0	0	0	0	0	0	0	0	0	0	0	0	0	0	0	0	0	0	0	0	0	0	0	0	0	0	0	0	0	0	0	0	0	0	0	
530436	Cingulum_Mid_R	6204	798	12420	21406	0	140	2804	2724	0	330	392	2350	0	4670	0	1444	0	0	26690	38908	0	0	15194	21800	0	218	0	0	122	1502	5184	26720	12496	0	2746	8156	0	344	0	284	0	0	0	1536	142	1322	0	614	0	0	0	114	0	0	0	258	0	4210	0	380	0	0	0	0	0	0	1838	8094	10294	14192	1590	944	1218	1670	204	0	122	430	0	0	0	0	0	0	0	0	0	0	0	0	0	0	0	0	0	0	0	0	0	0	0	0	0	0	0	0	0	0	0	0	0	0	0	0	0	0	
189352	Cingulum_Post_L	3700	214	184	0	0	0	426	0	0	0	0	0	0	0	0	0	0	0	184	156	0	0	0	0	0	0	0	0	174	0	272	0	3430	2746	0	15130	8220	2406	3084	2228	0	0	5456	394	1118	190	3422	798	470	0	1758	140	256	164	1976	3400	1220	2950	1186	0	722	0	0	0	0	0	10782	3336	5794	2182	162	0	112	0	0	0	2628	0	0	0	0	0	0	0	118	0	0	0	526	0	0	0	0	0	0	0	0	114	0	0	0	0	0	0	0	0	0	0	0	0	748	0	0	0	0	0	
209032	Cingulum_Post_R	5182	312	724	0	0	0	1434	0	0	0	0	0	0	0	0	0	0	0	164	658	0	0	0	0	0	0	0	0	204	114	0	0	1086	8156	15130	0	4060	6110	1690	3014	0	0	0	1994	118	630	1378	3768	0	320	136	936	0	520	994	5582	166	5182	0	0	0	0	0	0	0	136	2232	10304	4134	5316	442	0	266	0	188	0	6470	1488	0	0	0	0	0	0	0	532	0	0	428	282	0	0	0	0	0	0	0	574	0	0	0	0	0	0	0	0	0	0	0	138	1824	0	0	0	0	0	
333516	Hippocampus_L	5958	236	4164	96	0	0	2846	0	0	0	164	0	0	0	124	0	156	0	3798	0	132	0	0	0	0	0	0	0	11162	0	0	0	112	0	8220	4060	0	2672	15868	1080	6110	0	4936	0	246	0	8360	670	270	0	1524	0	188	0	26396	228	1168	0	1008	0	706	0	0	0	0	0	5708	734	1574	0	276	0	9488	0	928	0	7196	194	1944	0	2066	0	1080	0	2480	0	296	0	17166	0	884	0	0	0	0	0	262	118	1310	0	0	0	0	0	0	0	0	0	0	0	396	0	0	0	0	0	
333096	Hippocampus_R	2548	6670	1012	4064	0	440	1394	354	0	0	0	536	0	164	0	98	0	488	170	1652	0	522	0	0	0	0	0	0	142	6610	0	0	0	344	2406	6110	2672	0	1340	33950	0	8846	0	634	0	170	1046	3136	0	114	0	152	0	170	598	31952	0	530	0	0	0	140	0	154	0	112	0	2812	448	220	204	1056	208	9532	0	912	5776	9842	0	630	0	1814	0	1042	0	1344	0	858	354	4778	0	0	0	124	0	110	0	1842	0	638	0	0	0	166	0	0	0	0	0	158	240	0	0	0	0	0	
131948	ParaHippocampal_L	558	0	574	0	0	0	414	0	0	0	0	0	0	0	120	0	0	0	0	0	354	0	0	0	0	0	0	0	1088	0	0	0	0	0	3084	1690	15868	1340	0	696	2330	0	1848	0	0	0	7636	900	0	0	586	0	100	0	10812	0	242	0	254	0	152	0	0	0	0	0	2260	428	96	0	0	0	1340	0	0	0	2976	116	0	0	0	0	860	0	202	0	952	0	2142	0	676	0	0	0	514	0	1070	110	986	0	0	0	0	0	0	0	0	0	0	390	210	0	0	0	0	0	
268540	ParaHippocampal_R	1176	2042	232	1948	0	268	242	288	0	0	0	472	0	150	0	186	0	184	126	1306	0	362	0	0	0	0	0	0	0	3060	0	0	0	284	2228	3014	1080	33950	696	0	0	8146	0	806	0	110	508	5502	0	0	0	102	0	0	346	28872	0	250	0	0	0	0	0	0	0	0	0	3728	796	302	0	756	0	6802	0	830	1310	5304	0	206	0	750	0	3420	0	652	0	1848	230	1552	0	318	0	300	0	436	120	3696	0	1344	0	0	0	352	0	218	0	0	0	204	564	0	0	174	122	0	
37268	Amygdala_L	0	0	0	0	96	0	0	0	0	0	0	0	0	0	248	0	0	0	0	0	462	0	0	0	0	0	0	0	1866	0	0	0	0	0	0	0	6110	0	2330	0	0	0	0	0	0	0	0	0	0	0	0	0	0	0	3312	0	0	0	0	0	0	0	0	0	0	0	0	0	0	0	170	0	820	0	0	0	0	0	0	0	0	0	832	0	288	0	334	0	1766	0	0	0	0	0	0	0	0	0	0	0	0	0	0	0	0	0	0	0	0	0	0	0	0	0	0	0	
69080	Amygdala_R	0	0	0	186	0	874	0	0	0	0	0	0	0	0	0	132	0	0	0	0	0	918	0	0	0	0	0	0	0	1874	0	0	0	0	0	0	0	8846	0	8146	0	0	0	0	0	0	0	0	0	0	0	0	0	0	0	7426	0	0	0	0	0	0	0	0	0	0	0	0	0	0	0	0	0	716	0	0	0	0	0	0	0	0	0	2430	0	238	0	1360	0	1394	0	0	0	0	0	0	0	0	0	0	0	0	0	0	0	0	0	0	0	0	0	0	0	0	0	0	
335564	Calcarine_L	516	0	0	0	0	0	0	0	0	0	0	0	0	0	0	0	104	0	0	104	0	0	0	0	0	0	0	0	394	0	0	0	524	0	5456	0	4936	0	1848	0	0	0	0	7492	15458	2736	21648	2374	9712	1088	26442	836	12314	568	9948	738	2634	0	2458	0	920	0	0	0	0	0	18796	950	1102	120	0	0	0	0	0	0	0	0	334	0	116	0	0	0	910	0	0	0	924	0	886	1360	0	128	0	254	1618	1460	1236	1594	0	0	0	132	0	272	0	0	140	0	2796	328	318	290	316	154	
383188	Calcarine_R	102	656	0	100	0	0	0	0	0	0	0	0	0	0	0	0	0	0	0	0	0	0	0	0	0	0	0	0	0	0	0	0	0	1536	394	1994	0	634	0	806	0	0	7492	0	3560	25732	638	27908	0	25022	0	23234	0	9686	0	13956	0	3594	0	3638	0	262	0	360	0	1752	694	24230	548	248	0	0	0	0	0	0	0	358	0	0	0	268	0	0	0	7246	0	0	0	4536	0	0	0	0	0	0	0	0	0	138	0	0	0	0	0	0	0	0	0	0	142	130	0	0	0	0	
221700	Cuneus_L	152	0	0	0	0	0	0	0	0	0	0	0	0	0	0	0	148	0	0	0	0	0	0	0	0	0	0	0	146	0	0	0	1806	142	1118	118	246	0	0	0	0	0	15458	3560	0	6630	1732	390	23462	2134	14424	790	1596	0	1098	0	5220	0	5888	0	122	0	0	0	306	0	18590	1392	2932	0	0	0	0	0	0	0	0	0	0	0	182	0	0	0	816	0	0	0	252	0	0	0	0	0	0	0	0	0	0	0	0	0	0	0	0	0	0	0	0	0	0	0	0	0	0	0	
283232	Cuneus_R	0	182	0	0	0	0	0	0	0	0	0	0	0	0	0	0	0	0	0	0	0	0	0	0	0	0	0	0	0	0	0	0	0	1322	190	630	0	170	0	110	0	0	2736	25732	6630	0	0	3446	0	33266	0	17908	0	1574	0	1034	0	2754	0	9558	0	374	0	316	0	2270	1668	22504	142	296	0	0	0	0	0	0	0	126	0	0	0	1172	0	0	0	3428	0	0	0	2078	0	0	0	0	0	0	0	0	0	0	0	0	0	0	0	0	0	0	0	0	0	0	0	0	0	0	
347628	Lingual_L	458	0	212	0	0	0	112	0	0	0	0	0	0	0	0	0	0	0	0	0	0	0	0	0	0	0	0	0	220	0	0	0	0	0	3422	1378	8360	1046	7636	508	0	0	21648	638	1732	0	0	2972	3058	0	14672	0	10018	0	20766	416	122	0	0	0	0	0	0	0	0	0	6848	442	258	0	0	0	260	0	0	0	2452	0	140	0	104	0	0	0	0	0	0	0	1372	0	8454	2202	1154	216	446	344	14662	2426	13462	2472	126	0	164	234	180	846	0	0	374	800	8848	2098	636	648	1044	708	
355120	Lingual_R	122	438	0	176	0	0	0	0	0	0	0	0	0	0	0	0	0	0	0	0	0	0	0	0	0	0	0	0	0	0	0	0	0	614	798	3768	670	3136	900	5502	0	0	2374	27908	390	3446	2972	0	0	7454	0	4464	0	6218	1466	25580	0	862	0	126	0	192	0	150	0	1290	172	15054	222	0	0	0	0	0	0	0	568	794	0	0	0	126	0	0	0	6162	0	0	0	1558	4404	5646	602	102	330	388	2908	5432	6026	8106	0	0	0	0	136	180	0	0	0	564	7944	7550	1270	0	120	180	
277320	Occipital_Sup_L	402	0	0	0	0	0	122	0	0	0	0	0	0	0	0	0	1232	0	0	0	0	0	0	0	0	0	0	0	226	0	0	0	290	0	470	0	270	0	0	0	0	0	9712	0	23462	0	3058	0	0	0	39348	0	2218	0	326	0	6328	0	22202	0	2252	0	750	0	1628	0	15266	0	1454	0	0	0	0	0	0	0	0	0	116	0	1574	0	0	0	3764	0	0	0	2190	0	0	0	0	0	0	0	0	0	0	0	0	0	0	0	0	0	0	0	0	0	0	0	0	0	0	0	
340096	Occipital_Sup_R	0	188	0	0	0	0	0	0	0	0	0	0	0	0	0	0	0	0	0	0	0	0	0	0	0	0	0	0	0	0	0	0	0	0	0	320	0	114	0	0	0	0	1088	25022	2134	33266	0	7454	0	0	0	31296	0	5246	0	5024	0	2334	0	17600	0	3512	0	476	0	11602	268	14004	0	0	0	0	0	0	0	0	0	0	0	0	0	840	0	0	0	5034	0	0	0	3226	0	0	0	0	0	0	0	0	0	0	0	0	0	0	0	0	0	0	0	0	0	0	0	0	0	0	
539156	Occipital_Mid_L	2382	0	232	0	0	0	270	0	0	0	0	154	0	0	0	0	3500	0	158	0	0	0	0	0	0	0	0	0	992	0	0	0	146	0	1758	136	1524	0	586	0	0	0	26442	0	14424	0	14672	0	39348	0	0	0	23838	0	6734	0	11764	0	26646	0	14490	0	1734	0	15368	0	17290	0	3184	0	0	0	0	0	0	0	0	0	1212	0	4170	0	0	0	28298	0	0	0	7996	0	0	0	0	0	0	0	0	0	130	0	0	0	0	0	0	0	0	0	0	0	0	0	0	0	0	0	
302532	Occipital_Mid_R	0	1210	0	0	0	0	0	0	0	0	0	0	0	0	0	0	0	0	0	0	0	0	0	0	0	0	0	0	0	0	0	0	0	114	140	936	0	152	0	102	0	0	836	23234	790	17908	0	4464	0	31296	0	0	0	10082	0	3448	0	4814	0	8902	0	1616	0	250	0	12424	132	7908	0	124	0	0	0	0	0	0	0	0	0	0	0	1266	0	0	0	12656	0	0	0	6462	0	0	0	0	0	0	0	0	0	0	0	0	0	0	0	0	0	0	0	0	0	0	0	0	0	0	
150204	Occipital_Inf_L	810	0	126	0	0	0	0	0	0	0	0	0	0	0	0	0	0	0	0	0	0	0	0	0	0	0	0	0	496	0	0	0	0	0	256	0	188	0	100	0	0	0	12314	0	1596	0	10018	0	2218	0	23838	0	0	0	7218	0	2086	0	0	0	0	0	0	0	102	0	1756	0	704	0	0	0	0	0	0	0	0	0	510	0	224	0	0	0	4108	0	0	0	4852	0	586	0	152	0	0	0	250	0	594	0	0	0	0	0	0	0	0	0	0	0	0	0	0	0	0	0	
125872	Occipital_Inf_R	0	400	0	0	0	0	0	0	0	0	0	0	0	0	0	0	0	0	0	0	0	0	0	0	0	0	0	0	0	0	0	0	0	0	164	520	0	170	0	0	0	0	568	9686	0	1574	0	6218	0	5246	0	10082	0	0	0	9098	0	1346	0	356	0	100	0	126	0	454	0	3076	0	0	0	0	0	0	0	0	0	0	0	0	0	474	0	0	0	3818	0	0	0	9460	0	0	0	0	0	0	0	0	0	0	0	0	0	0	0	0	0	0	0	0	0	0	0	0	0	0	
444748	Fusiform_L	1988	0	2250	0	0	0	636	0	0	0	0	0	0	0	0	0	178	0	3570	0	0	0	0	0	0	0	0	0	8608	0	0	0	0	0	1976	994	26396	598	10812	346	3312	0	9948	0	1098	0	20766	1466	326	0	6734	0	7218	0	0	114	204	0	0	0	0	0	0	0	0	0	5998	138	946	0	0	0	5712	0	0	0	1900	0	1708	0	2866	0	2586	0	4214	0	2386	0	24592	0	18380	136	1920	0	330	0	11024	0	23212	174	570	0	600	0	0	0	0	0	0	0	1950	1356	138	0	0	0	
505992	Fusiform_R	1374	2434	196	1798	0	0	140	262	0	0	0	342	0	0	0	150	0	296	0	884	0	0	0	0	0	0	0	0	0	3952	0	0	0	258	3400	5582	228	31952	0	28872	0	7426	738	13956	0	1034	416	25580	0	5024	0	3448	0	9098	114	0	0	1290	0	242	0	218	0	156	0	1446	482	9818	1726	364	0	686	0	5546	0	552	382	3558	0	510	0	2592	0	4658	0	8760	0	2638	0	19298	120	11256	0	478	0	122	0	8696	198	13936	0	0	0	536	0	244	0	0	0	0	2336	652	254	166	126	0	
273452	Postcentral_L	25478	1118	856	550	0	0	1554	0	0	0	876	448	0	0	0	0	11682	0	818	250	0	0	0	0	0	0	0	0	2052	0	0	0	552	0	1220	166	1168	0	242	0	0	0	2634	0	5220	0	122	0	6328	0	11764	0	2086	0	204	0	0	0	12676	0	12588	0	8562	0	1156	0	9164	0	3456	256	394	0	340	0	290	0	0	0	1904	0	3532	0	0	0	3844	0	0	0	1176	0	0	0	0	0	0	0	0	0	0	0	0	0	0	0	0	0	0	0	0	0	0	0	0	0	0	0	
254932	Postcentral_R	2738	16610	406	724	0	0	694	150	0	0	0	1626	0	0	0	0	0	6932	394	2484	0	0	0	0	0	0	0	0	0	2292	0	0	0	4210	2950	5182	0	530	0	250	0	0	0	3594	0	2754	0	862	0	2334	0	4814	0	1346	0	1290	0	0	0	6960	0	7908	0	15302	0	4232	138	6924	5624	6578	186	174	0	600	0	0	0	96	0	568	0	2540	0	0	0	2894	0	0	0	1576	0	0	0	0	0	0	0	0	0	0	0	0	0	0	0	0	0	0	0	0	0	0	0	0	0	0	
239568	Parietal_Sup_L	896	0	0	0	0	0	184	0	0	0	0	0	0	0	0	0	3014	0	0	0	0	0	0	0	0	0	0	0	456	0	0	0	304	0	1186	0	1008	0	254	0	0	0	2458	0	5888	0	0	0	22202	0	26646	0	0	0	0	0	12676	0	0	0	10896	0	1052	0	2296	0	18512	0	1388	0	0	0	0	0	0	0	0	0	128	0	2570	0	0	0	3600	0	0	0	2170	0	0	0	0	0	0	0	0	0	0	0	0	0	0	0	0	0	0	0	0	0	0	0	0	0	0	0	
172588	Parietal_Sup_R	0	258	0	0	0	0	0	0	0	0	0	0	0	0	0	0	0	0	0	0	0	0	0	0	0	0	0	0	0	0	0	0	0	380	0	0	0	0	0	0	0	0	0	3638	0	9558	0	126	0	17600	0	8902	0	356	0	242	0	6960	0	0	0	8572	0	3360	0	10216	720	13052	0	596	0	0	0	0	0	0	0	0	0	0	0	200	0	0	0	1126	0	0	0	432	0	0	0	0	0	0	0	0	0	0	0	0	0	0	0	0	0	0	0	0	0	0	0	0	0	0	
178892	Parietal_Inf_L	4962	0	258	0	0	0	606	0	0	0	0	280	0	0	0	0	2966	0	206	0	0	0	0	0	0	0	0	0	464	0	0	0	0	0	722	0	706	0	152	0	0	0	920	0	122	0	0	0	2252	0	14490	0	0	0	0	0	12588	0	10896	0	0	0	12634	0	14932	0	1970	0	342	0	0	0	0	0	0	0	0	0	326	0	2492	0	0	0	3628	0	0	0	532	0	0	0	0	0	0	0	0	0	0	0	0	0	0	0	0	0	0	0	0	0	0	0	0	0	0	0	
101124	Parietal_Inf_R	0	364	0	0	0	0	0	0	0	0	0	0	0	0	0	0	0	0	0	0	0	0	0	0	0	0	0	0	0	0	0	0	0	0	0	0	0	140	0	0	0	0	0	262	0	374	0	192	0	3512	0	1616	0	100	0	218	0	7908	0	8572	0	0	0	11472	0	12950	0	1682	0	0	0	0	0	0	0	0	0	0	0	0	0	742	0	0	0	458	0	0	0	0	0	0	0	0	0	0	0	0	0	0	0	0	0	0	0	0	0	0	0	0	0	0	0	0	0	0	
108344	SupraMarginal_L	3700	0	174	0	0	0	468	0	0	0	0	282	0	0	0	0	4842	0	480	0	0	0	0	0	0	0	0	0	898	0	0	0	0	0	0	0	0	0	0	0	0	0	0	0	0	0	0	0	750	0	1734	0	0	0	0	0	8562	0	1052	0	12634	0	0	0	5042	0	492	0	0	0	0	0	0	0	0	0	0	0	660	0	6982	0	0	0	4728	0	0	0	692	0	0	0	0	0	0	0	0	0	0	0	0	0	0	0	0	0	0	0	0	0	0	0	0	0	0	0	
101252	SupraMarginal_R	142	2426	0	0	0	0	128	0	0	0	0	0	0	0	0	0	0	2476	0	0	0	0	0	0	0	0	0	0	0	418	0	0	0	0	0	0	0	154	0	0	0	0	0	360	0	316	0	150	0	476	0	250	0	126	0	156	0	15302	0	3360	0	11472	0	0	0	5108	0	1356	0	0	0	0	0	0	0	0	0	0	0	268	0	5172	0	0	0	912	0	0	0	98	0	0	0	0	0	0	0	0	0	0	0	0	0	0	0	0	0	0	0	0	0	0	0	0	0	0	
117204	Angular_L	936	0	96	0	0	0	178	0	0	0	0	0	0	0	0	0	2004	0	0	0	0	0	0	0	0	0	0	0	288	0	0	0	0	0	0	0	0	0	0	0	0	0	0	0	306	0	0	0	1628	0	15368	0	102	0	0	0	1156	0	2296	0	14932	0	5042	0	0	0	1038	0	0	0	0	0	0	0	0	0	0	0	422	0	3164	0	0	0	8926	0	0	0	720	0	0	0	0	0	0	0	0	0	0	0	0	0	0	0	0	0	0	0	0	0	0	0	0	0	0	0	
164780	Angular_R	0	176	0	0	0	0	0	0	0	0	0	0	0	0	0	0	0	0	0	0	0	0	0	0	0	0	0	0	0	0	0	0	0	0	0	136	0	112	0	0	0	0	0	1752	0	2270	0	1290	0	11602	0	12424	0	454	0	1446	0	4232	0	10216	0	12950	0	5108	0	0	0	4072	0	0	0	0	0	0	0	0	0	0	0	0	0	3180	0	0	0	9920	0	0	0	1050	0	0	0	0	0	0	0	0	0	0	0	0	0	0	0	0	0	0	0	0	0	0	0	0	0	0	
335260	Precuneus_L	942	0	116	0	0	0	138	0	0	0	0	0	0	0	0	0	896	0	0	142	0	0	0	0	0	0	0	0	292	0	0	0	3042	1838	10782	2232	5708	0	2260	0	0	0	18796	694	18590	1668	6848	172	15266	268	17290	132	1756	0	5998	482	9164	138	18512	720	1970	0	492	0	1038	0	0	6330	7856	180	0	0	0	0	0	0	0	0	204	0	862	0	0	0	2404	0	0	0	1412	0	0	0	0	0	0	0	0	0	0	0	0	0	0	0	0	0	0	0	0	0	0	0	0	0	0	0	
369800	Precuneus_R	730	400	0	0	0	0	104	0	0	0	0	0	0	0	0	0	0	0	0	410	0	0	0	0	0	0	0	0	0	0	0	0	638	8094	3336	10304	734	2812	428	3728	0	0	950	24230	1392	22504	442	15054	0	14004	0	7908	0	3076	138	9818	0	6924	0	13052	0	1682	0	1356	0	4072	6330	0	1674	2442	0	0	0	0	0	0	578	822	0	0	0	1610	0	0	0	6298	0	0	0	3438	0	0	0	0	0	0	0	1388	0	0	0	0	0	0	0	0	0	0	0	308	1692	0	0	0	0	0	
255064	Paracentral_Lobule_L	21190	5434	2024	1390	0	0	562	0	0	0	0	0	0	0	0	0	194	0	6342	10556	0	0	0	0	0	0	0	0	114	0	0	0	4210	10294	5794	4134	1574	448	96	796	0	0	1102	548	2932	142	258	222	1454	0	3184	0	704	0	946	1726	3456	5624	1388	0	342	0	0	0	0	0	7856	1674	0	11332	540	0	1174	0	1196	0	2748	0	124	0	204	0	0	0	994	0	0	0	366	0	0	0	0	0	0	0	0	0	0	0	0	0	0	0	0	0	0	0	0	0	144	0	0	0	0	0	
169368	Paracentral_Lobule_R	8856	5040	884	1074	0	0	700	0	0	0	0	0	0	0	0	0	0	0	3440	17428	0	0	0	0	0	0	0	0	0	0	0	0	1184	14192	2182	5316	0	220	0	302	0	0	120	248	0	296	0	0	0	0	0	124	0	0	0	364	256	6578	0	596	0	0	0	0	0	0	180	2442	11332	0	548	0	142	0	486	0	154	0	0	0	0	0	0	0	0	0	0	0	0	0	0	0	0	0	0	0	0	0	0	0	0	0	0	0	0	0	0	0	0	0	0	0	0	0	0	0	
359020	Caudate_L	8948	6370	8312	2454	4658	526	7204	2192	1000	126	336	2822	196	0	3480	1676	148	150	5464	1372	13446	10132	3606	652	944	1236	7864	2918	4392	444	12924	8324	240	1590	162	442	276	204	0	0	170	0	0	0	0	0	0	0	0	0	0	0	0	0	0	0	394	186	0	0	0	0	0	0	0	0	0	0	540	548	0	12986	19572	3938	2500	350	9432	542	0	0	154	0	968	0	0	0	0	0	0	0	0	0	0	0	0	0	0	0	0	0	0	0	0	0	0	0	0	0	0	0	0	0	0	0	0	0	
386144	Caudate_R	2804	8212	2244	21596	542	1634	2694	850	180	854	0	1888	0	882	454	4692	0	932	1550	12270	5136	8024	530	6790	112	3540	2022	2572	184	3678	4214	21100	0	944	0	0	0	1056	0	756	0	0	0	0	0	0	0	0	0	0	0	0	0	0	0	686	0	174	0	0	0	0	0	0	0	0	0	0	0	0	12986	0	6282	23780	118	3790	1980	18340	0	0	0	0	0	0	0	0	0	0	0	0	0	0	0	0	0	0	0	0	0	0	0	0	0	0	0	0	0	0	0	0	0	0	0	0	0	0	
354312	Putamen_L	3778	870	15344	1046	6848	110	2276	210	2448	0	1400	554	806	0	6708	710	1004	0	14078	820	4260	4302	5568	260	158	146	1304	478	18706	210	11592	5112	260	1218	112	266	9488	208	1340	0	820	0	0	0	0	0	260	0	0	0	0	0	0	0	5712	0	340	0	0	0	0	0	0	0	0	0	0	0	1174	142	19572	6282	0	1932	6160	96	1752	132	152	0	1360	0	1484	0	242	0	0	0	4712	0	348	0	0	0	0	0	0	0	486	0	0	0	0	0	0	0	0	0	0	0	0	0	0	0	0	0	
386648	Putamen_R	376	3240	1040	18484	0	5418	494	3582	0	990	0	7414	0	2964	0	2430	0	2632	1650	15622	928	2010	564	7348	0	5878	134	1044	0	21404	2012	19544	0	1670	0	0	0	9532	0	6802	0	716	0	0	0	0	0	0	0	0	0	0	0	0	0	5546	0	600	0	0	0	0	0	0	0	0	0	0	0	0	3938	23780	1932	0	0	3816	372	3308	0	206	0	2098	0	524	0	284	0	0	0	364	0	0	0	96	0	0	0	422	0	0	0	0	0	116	0	0	0	0	0	0	0	0	0	0	0	0	
48112	Pallidum_L	2038	960	2070	532	0	0	478	0	0	0	0	0	0	0	0	0	0	0	3618	302	0	0	0	0	0	0	0	0	0	0	0	0	0	204	0	188	928	0	0	0	0	0	0	0	0	0	0	0	0	0	0	0	0	0	0	0	290	0	0	0	0	0	0	0	0	0	0	0	1196	486	2500	118	6160	0	0	0	1988	0	0	0	0	0	0	0	0	0	0	0	0	0	0	0	0	0	0	0	0	0	0	0	0	0	0	0	0	0	0	0	0	0	0	0	0	0	0	0	
34916	Pallidum_R	190	718	384	3346	0	0	194	216	0	0	0	166	0	0	0	0	0	332	340	932	0	0	0	0	0	0	0	0	0	294	0	0	0	0	0	0	0	912	0	830	0	0	0	0	0	0	0	0	0	0	0	0	0	0	0	552	0	0	0	0	0	0	0	0	0	0	0	0	0	0	350	3790	96	3816	0	0	0	0	0	0	0	0	0	0	0	0	0	0	0	0	0	0	0	0	0	0	0	0	0	0	0	0	0	0	0	0	0	0	0	0	0	0	0	0	0	0	
191572	Thalamus_L	16676	2006	8288	616	0	0	7030	224	0	0	0	0	0	0	0	0	0	0	764	114	0	0	0	0	0	0	0	0	742	248	172	122	0	122	2628	6470	7196	5776	2976	1310	0	0	0	0	0	0	2452	568	0	0	0	0	0	0	1900	382	0	0	0	0	0	0	0	0	0	0	0	578	2748	154	9432	1980	1752	372	1988	0	0	6762	0	0	0	0	0	0	0	0	0	0	884	0	0	0	0	0	0	0	0	116	0	0	0	0	0	0	0	0	0	0	0	0	238	0	0	0	0	0	
186152	Thalamus_R	2822	15438	1554	9882	0	0	2784	118	0	0	0	238	0	0	0	254	0	498	112	378	0	0	0	756	0	0	0	0	0	2572	0	1786	0	430	0	1488	194	9842	116	5304	0	0	0	358	0	126	0	794	0	0	0	0	0	0	0	3558	0	96	0	0	0	0	0	0	0	0	0	822	0	0	542	18340	132	3308	0	0	6762	0	0	238	0	516	0	0	0	142	0	0	0	472	0	0	0	0	0	0	0	176	0	128	0	0	0	0	0	0	0	0	0	0	0	0	0	0	0	0	
92968	Heschl_L	4654	0	1486	0	0	0	1872	0	0	0	1718	592	0	0	0	0	3346	0	1342	0	0	0	0	0	0	0	0	0	10034	0	0	0	0	0	0	0	1944	0	0	0	0	0	334	0	0	0	140	0	116	0	1212	0	510	0	1708	0	1904	0	128	0	326	0	660	0	422	0	204	0	124	0	0	0	152	0	0	0	0	0	0	0	5046	0	0	0	3774	0	0	0	2736	0	0	0	0	0	0	0	0	0	0	0	0	0	0	0	0	0	0	0	0	0	0	0	0	0	0	0	
31092	Heschl_R	0	248	0	156	0	0	0	0	0	0	0	0	0	0	0	0	0	2712	0	0	0	0	0	0	0	0	0	0	0	2512	0	0	0	0	0	0	0	630	0	206	0	0	0	0	0	0	0	0	0	0	0	0	0	0	0	510	0	568	0	0	0	0	0	268	0	0	0	0	0	0	0	0	0	206	0	0	0	238	0	0	0	5214	0	0	0	1940	0	0	0	138	0	0	0	0	0	0	0	0	0	0	0	0	0	0	0	0	0	0	0	0	0	0	0	0	0	0	
232664	Temporal_Sup_L	3860	0	6030	0	0	0	1090	0	0	0	4652	408	544	0	0	0	11802	0	6014	0	0	0	0	0	0	0	0	0	11812	0	0	0	0	0	0	0	2066	0	0	0	0	0	116	0	182	0	104	0	1574	0	4170	0	224	0	2866	0	3532	0	2570	0	2492	0	6982	0	3164	0	862	0	204	0	154	0	1360	0	0	0	0	0	5046	0	0	0	3464	0	19632	0	0	0	9356	0	0	0	0	0	0	0	0	0	0	0	0	0	0	0	0	0	0	0	0	0	0	0	0	0	0	0	
134688	Temporal_Sup_R	0	840	0	328	0	0	0	120	0	0	0	274	0	0	0	0	0	3814	0	218	0	0	0	0	0	0	0	0	0	7658	0	0	0	0	0	0	0	1814	0	750	0	0	0	268	0	1172	0	126	0	840	0	1266	0	474	0	2592	0	2540	0	200	0	742	0	5172	0	3180	0	1610	0	0	0	0	0	2098	0	0	0	516	0	5214	0	0	0	1452	0	16284	0	272	0	5510	0	0	0	0	0	0	0	0	0	0	0	0	0	0	0	0	0	0	0	0	0	0	0	0	0	0	
90644	Temporal_Pole_Sup_L	0	0	1140	0	1160	0	138	0	744	0	3060	0	1706	0	2206	0	2354	0	978	0	1840	0	0	0	0	0	316	0	6544	0	0	0	0	0	0	0	1080	0	860	0	832	0	0	0	0	0	0	0	0	0	0	0	0	0	2586	0	0	0	0	0	0	0	0	0	0	0	0	0	0	0	968	0	1484	0	0	0	0	0	0	0	3464	0	0	0	3970	0	4514	0	3378	0	0	0	0	0	0	0	0	0	0	0	0	0	0	0	0	0	0	0	0	0	0	0	0	0	0	0	
56800	Temporal_Pole_Sup_R	0	0	0	0	0	0	0	0	0	0	0	190	0	0	0	190	0	280	0	0	0	0	0	0	0	0	0	0	0	916	0	0	0	0	0	0	0	1042	0	3420	0	2430	0	0	0	0	0	0	0	0	0	0	0	0	0	4658	0	0	0	0	0	0	0	0	0	0	0	0	0	0	0	0	0	524	0	0	0	0	0	0	0	1452	0	0	0	3266	0	6120	0	3912	0	0	0	0	0	0	0	0	0	0	0	0	0	0	0	0	0	0	0	0	0	0	0	0	0	0	
286968	Temporal_Mid_L	3238	0	674	0	0	0	412	0	0	0	0	246	0	0	0	0	968	0	712	0	0	0	0	0	0	0	0	0	3660	0	0	0	0	0	118	0	2480	0	202	0	288	0	910	0	816	0	0	0	3764	0	28298	0	4108	0	4214	0	3844	0	3600	0	3628	0	4728	0	8926	0	2404	0	994	0	0	0	242	0	0	0	0	0	3774	0	19632	0	3970	0	0	0	3302	0	29332	0	0	0	0	0	0	0	0	0	0	0	0	0	0	0	0	0	0	0	0	0	0	0	0	0	0	0	
240384	Temporal_Mid_R	0	1006	0	110	0	0	0	0	0	0	0	0	0	0	0	0	0	530	0	0	0	0	0	0	0	0	0	0	0	2054	0	0	0	0	0	532	0	1344	0	652	0	238	0	7246	0	3428	0	6162	0	5034	0	12656	0	3818	0	8760	0	2894	0	1126	0	458	0	912	0	9920	0	6298	0	0	0	0	0	284	0	0	0	142	0	1940	0	16284	0	3266	0	0	0	1768	0	21330	0	0	0	0	0	0	0	0	0	0	0	0	0	0	0	0	0	0	0	0	0	0	0	0	0	0	
29820	Temporal_Pole_Mid_L	0	0	0	0	0	0	0	0	0	0	0	0	0	0	0	0	0	0	0	0	0	0	0	0	0	0	0	0	112	0	0	0	0	0	0	0	296	0	952	0	334	0	0	0	0	0	0	0	0	0	0	0	0	0	2386	0	0	0	0	0	0	0	0	0	0	0	0	0	0	0	0	0	0	0	0	0	0	0	0	0	0	0	4514	0	3302	0	0	0	3014	0	0	0	0	0	0	0	0	0	0	0	0	0	0	0	0	0	0	0	0	0	0	0	0	0	0	0	
34752	Temporal_Pole_Mid_R	0	0	0	0	0	0	0	0	0	0	0	0	0	0	0	0	0	0	0	0	0	0	0	0	0	0	0	0	0	0	0	0	0	0	0	0	0	858	0	1848	0	1360	0	0	0	0	0	0	0	0	0	0	0	0	0	2638	0	0	0	0	0	0	0	0	0	0	0	0	0	0	0	0	0	0	0	0	0	0	0	0	0	272	0	6120	0	1768	0	0	0	2512	0	0	0	0	0	0	0	0	0	0	0	0	0	0	0	0	0	0	0	0	0	0	0	0	0	0	
307464	Temporal_Inf_L	1684	0	2946	0	0	0	516	0	0	0	126	186	0	0	0	0	130	0	4872	0	0	0	0	0	0	0	0	0	9998	0	0	0	0	0	526	428	17166	354	2142	230	1766	0	924	0	252	0	1372	0	2190	0	7996	0	4852	0	24592	0	1176	0	2170	0	532	0	692	0	720	0	1412	0	366	0	0	0	4712	0	0	0	884	0	2736	0	9356	0	3378	0	29332	0	3014	0	0	0	4408	0	842	0	0	0	198	0	1844	0	358	0	354	0	0	0	0	0	0	0	0	0	0	0	0	0	
199132	Temporal_Inf_R	0	676	0	164	0	0	0	0	0	0	0	0	0	0	0	0	0	142	0	0	0	0	0	0	0	0	0	0	0	2304	0	0	0	0	0	282	0	4778	0	1552	0	1394	0	4536	0	2078	0	1558	0	3226	0	6462	0	9460	0	19298	0	1576	0	432	0	0	0	98	0	1050	0	3438	0	0	0	0	0	364	0	0	0	472	0	138	0	5510	0	3912	0	21330	0	2512	0	0	0	716	0	0	0	0	0	0	0	108	0	0	0	0	0	0	0	0	0	0	0	0	0	0	0	0	
488416	Cerebelum_Crus1_L	0	0	0	0	0	0	0	0	0	0	0	0	0	0	0	0	0	0	0	0	0	0	0	0	0	0	0	0	0	0	0	0	0	0	0	0	884	0	676	0	0	0	886	0	0	0	8454	4404	0	0	0	0	586	0	18380	120	0	0	0	0	0	0	0	0	0	0	0	0	0	0	0	0	348	0	0	0	0	0	0	0	0	0	0	0	0	0	0	0	4408	0	0	6674	33516	5800	1930	894	24362	932	51400	5302	12952	1602	16512	1150	3620	1292	1790	0	1048	1188	8836	9784	10826	1960	1526	166	
483132	Cerebelum_Crus1_R	0	0	0	0	0	0	0	0	0	0	0	0	0	0	0	0	0	0	0	0	0	0	0	0	0	0	0	0	0	0	0	0	0	0	0	0	0	0	0	318	0	0	1360	0	0	0	2202	5646	0	0	0	0	0	0	136	11256	0	0	0	0	0	0	0	0	0	0	0	0	0	0	0	0	0	0	0	0	0	0	0	0	0	0	0	0	0	0	0	0	0	716	6674	0	4160	36644	1316	4510	4762	21206	5492	51566	1772	4246	2016	19490	1760	4258	638	214	1162	1928	15710	7842	13186	4768	4266	346	
334500	Cerebelum_Crus2_L	0	0	0	0	0	0	0	0	0	0	0	0	0	0	0	0	0	0	0	0	0	0	0	0	0	0	0	0	0	0	0	0	0	0	0	0	0	0	0	0	0	0	0	0	0	0	1154	602	0	0	0	0	152	0	1920	0	0	0	0	0	0	0	0	0	0	0	0	0	0	0	0	0	0	0	0	0	0	0	0	0	0	0	0	0	0	0	0	0	842	0	33516	4160	0	11520	204	152	796	142	5256	864	39174	5522	33046	2654	6052	606	1782	0	0	160	370	1892	11272	2764	676	0	
337044	Cerebelum_Crus2_R	0	0	0	0	0	0	0	0	0	0	0	0	0	0	0	0	0	0	0	0	0	0	0	0	0	0	0	0	0	0	0	0	0	0	0	0	0	124	0	300	0	0	128	0	0	0	216	102	0	0	0	0	0	0	0	478	0	0	0	0	0	0	0	0	0	0	0	0	0	0	0	0	0	96	0	0	0	0	0	0	0	0	0	0	0	0	0	0	0	0	5800	36644	11520	0	314	1524	1228	3214	1322	7912	8590	18378	6656	33374	1414	2090	704	536	398	1068	1806	1086	14888	4924	1532	156	
74168	Cerebelum_3_L	0	0	0	0	0	0	0	0	0	0	0	0	0	0	0	0	0	0	0	0	0	0	0	0	0	0	0	0	0	0	0	0	0	0	0	0	0	0	514	0	0	0	0	0	0	0	446	330	0	0	0	0	0	0	330	0	0	0	0	0	0	0	0	0	0	0	0	0	0	0	0	0	0	0	0	0	0	0	0	0	0	0	0	0	0	0	0	0	0	0	1930	1316	204	314	0	728	10352	138	3492	1336	218	0	484	124	1698	1330	186	0	1016	2246	2944	748	1584	1400	1462	214	
113680	Cerebelum_3_R	0	0	0	0	0	0	0	0	0	0	0	0	0	0	0	0	0	0	0	0	0	0	0	0	0	0	0	0	0	0	0	0	0	0	0	0	0	110	0	436	0	0	254	0	0	0	344	388	0	0	0	0	0	0	0	122	0	0	0	0	0	0	0	0	0	0	0	0	0	0	0	0	0	0	0	0	0	0	0	0	0	0	0	0	0	0	0	0	0	0	894	4510	152	1524	728	0	2106	4964	1516	5920	118	0	208	1982	1094	4692	0	0	684	6428	2958	1126	3792	4620	4512	658	
354128	Cerebelum_4_5_L	0	0	0	0	0	0	0	0	0	0	0	0	0	0	0	0	0	0	0	0	0	0	0	0	0	0	0	0	0	0	0	0	0	0	0	0	262	0	1070	120	0	0	1618	0	0	0	14662	2908	0	0	0	0	250	0	11024	0	0	0	0	0	0	0	0	0	0	0	0	0	0	0	0	0	0	0	0	0	0	0	0	0	0	0	0	0	0	0	0	0	198	0	24362	4762	796	1228	10352	2106	0	1732	35172	5036	1060	0	1716	664	4304	4160	366	0	2272	3916	20376	4710	5070	3878	4780	2134	
240524	Cerebelum_4_5_R	0	0	0	0	0	0	0	0	0	0	0	0	0	0	0	0	0	0	0	0	0	0	0	0	0	0	0	0	0	0	0	0	0	0	114	574	118	1842	110	3696	0	0	1460	0	0	0	2426	5432	0	0	0	0	0	0	0	8696	0	0	0	0	0	0	0	0	0	0	0	1388	0	0	0	0	0	422	0	0	116	176	0	0	0	0	0	0	0	0	0	0	0	0	932	21206	142	3214	138	4964	1732	0	1122	29492	198	496	160	4648	136	2312	0	0	274	2188	13952	778	1692	2112	1804	0	
431344	Cerebelum_6_L	0	0	126	0	0	0	0	0	0	0	0	0	0	0	0	0	0	0	96	0	0	0	0	0	0	0	0	0	106	0	0	0	0	0	0	0	1310	0	986	0	0	0	1236	0	0	0	13462	6026	0	0	130	0	594	0	23212	198	0	0	0	0	0	0	0	0	0	0	0	0	0	0	0	0	486	0	0	0	0	0	0	0	0	0	0	0	0	0	0	0	1844	0	51400	5492	5256	1322	3492	1516	35172	1122	0	6942	2278	0	3088	410	3914	2662	708	0	1120	1400	13300	12676	5924	2694	2968	1004	
421100	Cerebelum_6_R	0	0	0	0	0	0	0	0	0	0	0	0	0	0	0	0	0	0	0	0	0	0	0	0	0	0	0	0	0	0	0	0	0	0	0	0	0	638	0	1344	0	0	1594	138	0	0	2472	8106	0	0	0	0	0	0	174	13936	0	0	0	0	0	0	0	0	0	0	0	0	0	0	0	0	0	0	0	0	0	128	0	0	0	0	0	0	0	0	0	0	0	108	5302	51566	864	7912	1336	5920	5036	29492	6942	0	566	908	564	7798	1406	4660	152	288	1204	2288	18754	10470	9430	4376	4350	328	
270104	Cerebelum_7b_L	0	0	0	0	0	0	0	0	0	0	0	0	0	0	0	0	0	0	0	0	0	0	0	0	0	0	0	0	0	0	0	0	0	0	0	0	0	0	0	0	0	0	0	0	0	0	126	0	0	0	0	0	0	0	570	0	0	0	0	0	0	0	0	0	0	0	0	0	0	0	0	0	0	0	0	0	0	0	0	0	0	0	0	0	0	0	0	0	358	0	12952	1772	39174	8590	218	118	1060	198	2278	566	0	5492	36890	3518	5810	476	1292	0	0	0	530	370	8056	4002	636	0	
132592	Cerebelum_7b_R	0	0	0	0	0	0	0	0	0	0	0	0	0	0	0	0	0	0	0	0	0	0	0	0	0	0	0	0	0	0	0	0	0	0	0	0	0	0	0	0	0	0	0	0	0	0	0	0	0	0	0	0	0	0	0	0	0	0	0	0	0	0	0	0	0	0	0	0	0	0	0	0	0	0	0	0	0	0	0	0	0	0	0	0	0	0	0	0	0	0	1602	4246	5522	18378	0	0	0	496	0	908	5492	0	3118	16784	132	1054	0	0	0	0	0	0	5706	2648	210	0	
305524	Cerebelum_8_L	0	0	0	0	0	0	0	0	0	0	0	0	0	0	0	0	0	0	0	0	0	0	0	0	0	0	0	0	0	0	0	0	0	0	0	0	0	0	0	0	0	0	0	0	0	0	164	0	0	0	0	0	0	0	600	0	0	0	0	0	0	0	0	0	0	0	0	0	0	0	0	0	0	0	0	0	0	0	0	0	0	0	0	0	0	0	0	0	354	0	16512	2016	33046	6656	484	208	1716	160	3088	564	36890	3118	0	5422	21054	1268	3326	0	0	142	760	364	7002	5948	1900	0	
279300	Cerebelum_8_R	0	0	0	0	0	0	0	0	0	0	0	0	0	0	0	0	0	0	0	0	0	0	0	0	0	0	0	0	0	0	0	0	0	0	0	0	0	166	0	352	0	0	132	0	0	0	234	0	0	0	0	0	0	0	0	536	0	0	0	0	0	0	0	0	0	0	0	0	0	0	0	0	0	116	0	0	0	0	0	0	0	0	0	0	0	0	0	0	0	0	1150	19490	2654	33374	124	1982	664	4648	410	7798	3518	16784	5422	0	1648	15682	102	1406	578	1724	1418	318	5230	8552	3166	272	
159856	Cerebelum_9_L	0	0	0	0	0	0	0	0	0	0	0	0	0	0	0	0	0	0	0	0	0	0	0	0	0	0	0	0	0	0	0	0	0	0	0	0	0	0	0	0	0	0	0	0	0	0	180	136	0	0	0	0	0	0	0	0	0	0	0	0	0	0	0	0	0	0	0	0	0	0	0	0	0	0	0	0	0	0	0	0	0	0	0	0	0	0	0	0	0	0	3620	1760	6052	1414	1698	1094	4304	136	3914	1406	5810	132	21054	1648	0	3900	4300	0	474	838	3260	2212	2414	3034	3746	1392	
188608	Cerebelum_9_R	0	0	0	0	0	0	0	0	0	0	0	0	0	0	0	0	0	0	0	0	0	0	0	0	0	0	0	0	0	0	0	0	0	0	0	0	0	0	0	218	0	0	272	0	0	0	846	180	0	0	0	0	0	0	0	244	0	0	0	0	0	0	0	0	0	0	0	0	0	0	0	0	0	0	0	0	0	0	0	0	0	0	0	0	0	0	0	0	0	0	1292	4258	606	2090	1330	4692	4160	2312	2662	4660	476	1054	1268	15682	3900	0	132	1618	1696	4190	5234	3134	5440	8376	9848	2434	
33232	Cerebelum_10_L	0	0	0	0	0	0	0	0	0	0	0	0	0	0	0	0	0	0	0	0	0	0	0	0	0	0	0	0	0	0	0	0	0	0	0	0	0	0	0	0	0	0	0	0	0	0	0	0	0	0	0	0	0	0	0	0	0	0	0	0	0	0	0	0	0	0	0	0	0	0	0	0	0	0	0	0	0	0	0	0	0	0	0	0	0	0	0	0	0	0	1790	638	1782	704	186	0	366	0	708	152	1292	0	3326	102	4300	132	0	0	0	0	154	110	874	0	0	0	
8124	Cerebelum_10_R	0	0	0	0	0	0	0	0	0	0	0	0	0	0	0	0	0	0	0	0	0	0	0	0	0	0	0	0	0	0	0	0	0	0	0	0	0	0	0	0	0	0	0	0	0	0	0	0	0	0	0	0	0	0	0	0	0	0	0	0	0	0	0	0	0	0	0	0	0	0	0	0	0	0	0	0	0	0	0	0	0	0	0	0	0	0	0	0	0	0	0	214	0	536	0	0	0	0	0	288	0	0	0	1406	0	1618	0	0	0	0	0	0	0	0	0	0	
50820	Vermis_1_2	0	0	0	0	0	0	0	0	0	0	0	0	0	0	0	0	0	0	0	0	0	0	0	0	0	0	0	0	0	0	0	0	0	0	0	0	0	0	0	0	0	0	140	0	0	0	374	0	0	0	0	0	0	0	0	0	0	0	0	0	0	0	0	0	0	0	0	0	0	0	0	0	0	0	0	0	0	0	0	0	0	0	0	0	0	0	0	0	0	0	1048	1162	0	398	1016	684	2272	274	1120	1204	0	0	0	578	474	1696	0	0	0	5026	3394	836	1304	1064	1122	224	
103600	Vermis_3	0	0	0	0	0	0	0	0	0	0	0	0	0	0	0	0	0	0	0	0	0	0	0	0	0	0	0	0	0	0	0	0	0	0	0	138	0	158	390	204	0	0	0	0	0	0	800	564	0	0	0	0	0	0	0	0	0	0	0	0	0	0	0	0	0	0	0	308	0	0	0	0	0	0	0	0	0	0	0	0	0	0	0	0	0	0	0	0	0	0	1188	1928	160	1068	2246	6428	3916	2188	1400	2288	0	0	142	1724	838	4190	0	0	5026	0	4084	1422	2446	2974	2998	584	
