data	data	626424	369604	1.2058e+06	1.06876e+06	164304	103644	697456	536936	148772	29020	287764	266728	280744	205560	238472	117548	257608	116188	1.04684e+06	893396	131748	164828	786024	729204	87796	162608	112392	123728	710868	474596	737280	796436	386052	806652	154172	146388	378288	413856	120312	278924	70984	69188	200948	294884	162552	251524	240968	414472	163896	271168	383172	219432	127488	116892	369804	586176	362364	180476	165456	104588	221524	92428	94328	90108	137716	127852	300524	391840	363784	206756	544776	508152	542712	461812	62856	77628	215820	270124	110772	29344	243184	154492	125528	82472	261592	218740	21940	17536	248744	223712	491232	514876	241080	302132	48228	69948	333796	337216	467012	537324	175184	114000	226772	305148	87832	105476	11796	7072	21000	69360	303956	261212	221796	123896	66748	36592	
data	data	Precentral_L	Precentral_R	Frontal_Sup_L	Frontal_Sup_R	Frontal_Sup_Orb_L	Frontal_Sup_Orb_R	Frontal_Mid_L	Frontal_Mid_R	Frontal_Mid_Orb_L	Frontal_Mid_Orb_R	Frontal_Inf_Oper_L	Frontal_Inf_Oper_R	Frontal_Inf_Tri_L	Frontal_Inf_Tri_R	Frontal_Inf_Orb_L	Frontal_Inf_Orb_R	Rolandic_Oper_L	Rolandic_Oper_R	Supp_Motor_Area_L	Supp_Motor_Area_R	Olfactory_L	Olfactory_R	Frontal_Sup_Medial_L	Frontal_Sup_Medial_R	Frontal_Med_Orb_L	Frontal_Med_Orb_R	Rectus_L	Rectus_R	Insula_L	Insula_R	Cingulum_Ant_L	Cingulum_Ant_R	Cingulum_Mid_L	Cingulum_Mid_R	Cingulum_Post_L	Cingulum_Post_R	Hippocampus_L	Hippocampus_R	ParaHippocampal_L	ParaHippocampal_R	Amygdala_L	Amygdala_R	Calcarine_L	Calcarine_R	Cuneus_L	Cuneus_R	Lingual_L	Lingual_R	Occipital_Sup_L	Occipital_Sup_R	Occipital_Mid_L	Occipital_Mid_R	Occipital_Inf_L	Occipital_Inf_R	Fusiform_L	Fusiform_R	Postcentral_L	Postcentral_R	Parietal_Sup_L	Parietal_Sup_R	Parietal_Inf_L	Parietal_Inf_R	SupraMarginal_L	SupraMarginal_R	Angular_L	Angular_R	Precuneus_L	Precuneus_R	Paracentral_Lobule_L	Paracentral_Lobule_R	Caudate_L	Caudate_R	Putamen_L	Putamen_R	Pallidum_L	Pallidum_R	Thalamus_L	Thalamus_R	Heschl_L	Heschl_R	Temporal_Sup_L	Temporal_Sup_R	Temporal_Pole_Sup_L	Temporal_Pole_Sup_R	Temporal_Mid_L	Temporal_Mid_R	Temporal_Pole_Mid_L	Temporal_Pole_Mid_R	Temporal_Inf_L	Temporal_Inf_R	Cerebelum_Crus1_L	Cerebelum_Crus1_R	Cerebelum_Crus2_L	Cerebelum_Crus2_R	Cerebelum_3_L	Cerebelum_3_R	Cerebelum_4_5_L	Cerebelum_4_5_R	Cerebelum_6_L	Cerebelum_6_R	Cerebelum_7b_L	Cerebelum_7b_R	Cerebelum_8_L	Cerebelum_8_R	Cerebelum_9_L	Cerebelum_9_R	Cerebelum_10_L	Cerebelum_10_R	Vermis_1_2	Vermis_3	Vermis_4_5	Vermis_6	Vermis_7	Vermis_8	Vermis_9	Vermis_10	
626424	Precentral_L	0	12648	17778	5790	0	0	25242	2900	102	0	19308	226	2286	0	192	0	20306	0	17274	13634	0	0	152	106	0	0	0	0	19108	208	550	1228	390	6442	4338	3110	14112	2374	862	338	0	0	88	82	0	162	182	132	0	118	1714	0	0	0	894	304	31706	1456	172	0	3460	0	1902	114	1712	0	366	440	14818	4022	8004	1242	2914	160	138	0	16956	6760	10446	0	8736	0	88	0	2294	0	0	0	626	0	0	0	0	0	0	0	0	0	0	0	0	0	0	0	0	0	0	0	0	0	0	0	0	0	0	0	
369604	Precentral_R	12648	0	1546	6252	0	0	588	11960	0	0	90	8354	238	304	104	0	760	2318	2638	9430	0	0	0	0	0	0	0	0	3010	3864	0	0	256	386	2830	2524	4556	10336	370	1498	0	0	0	200	0	200	0	538	0	338	0	164	0	0	124	2364	5792	14502	0	600	354	954	0	632	108	716	0	1014	8098	9674	4442	5624	4030	2794	2286	330	6788	20118	1084	526	210	1414	0	0	0	808	0	0	82	914	0	0	0	0	0	0	0	120	0	0	0	0	0	0	0	0	0	0	0	0	0	0	0	0	0	0	
1.2058e+06	Frontal_Sup_L	17778	1546	0	22270	11252	198	78698	3882	10550	0	16252	1020	12484	798	10046	206	12192	0	59360	16592	748	614	75204	34500	3442	1766	2556	324	19806	1408	47254	33172	20522	26512	0	0	4376	110	318	0	246	0	0	0	0	0	0	0	0	0	0	0	0	0	248	0	4334	94	0	0	120	0	0	0	0	0	0	0	4682	0	7782	2810	21684	910	2030	160	2984	1278	414	0	4090	0	982	0	0	0	0	0	298	0	0	0	0	0	0	0	0	0	0	0	0	0	0	0	0	0	0	0	0	0	0	0	0	0	0	0	
1.06876e+06	Frontal_Sup_R	5790	6252	22270	0	392	8322	10750	64392	196	1804	1050	9614	1266	8712	748	4212	544	3662	29226	57672	706	1964	25660	62326	452	6964	732	6348	7150	13280	14416	39238	4728	30036	106	84	934	3384	0	2034	82	0	0	0	0	0	0	128	0	0	0	0	0	0	0	872	2344	478	0	0	678	0	142	0	0	0	0	0	2100	0	13070	24828	2420	18182	128	3202	696	6300	168	0	276	136	298	434	0	0	0	0	0	0	0	0	0	0	0	0	0	0	0	0	0	0	0	0	0	0	0	0	0	0	0	0	0	0	0	0	
164304	Frontal_Sup_Orb_L	0	0	11252	392	0	214	1050	108	12958	0	0	0	1164	0	10386	0	0	0	0	0	2474	910	4100	2282	6240	2738	7900	686	1694	0	5604	1230	0	0	0	0	0	0	146	0	910	0	0	0	0	0	0	0	0	0	0	0	0	0	0	0	0	0	0	0	0	0	0	0	0	0	0	0	0	0	1682	614	4844	112	0	0	0	0	0	0	0	0	462	0	0	0	0	0	0	0	0	0	0	0	0	0	0	0	0	0	0	0	0	0	0	0	0	0	0	0	0	0	0	0	0	0	
103644	Frontal_Sup_Orb_R	0	0	198	8322	214	0	0	976	0	3660	0	0	0	0	0	3146	0	0	0	0	274	1440	452	6044	778	7786	372	8744	0	502	980	3788	0	0	0	0	0	0	0	0	0	0	0	0	0	0	0	0	0	0	0	0	0	0	0	0	0	0	0	0	0	0	0	0	0	0	0	0	0	0	224	1994	0	1928	0	0	0	0	0	0	0	0	0	0	0	0	0	0	0	0	0	0	0	0	0	0	0	0	0	0	0	0	0	0	0	0	0	0	0	0	0	0	0	0	0	0	
697456	Frontal_Mid_L	25242	588	78698	10750	1050	0	0	4020	7900	0	14176	824	22928	362	8020	0	4090	0	23088	12484	0	0	26776	8950	0	0	0	0	11164	378	17562	12484	14326	15898	0	0	980	0	0	0	0	0	0	0	0	0	0	0	0	0	0	0	0	0	0	0	3956	0	0	0	364	0	0	0	0	0	0	0	466	0	8296	406	7146	146	128	0	2558	218	396	0	1222	0	516	0	82	0	0	0	90	0	0	0	0	0	0	0	0	0	0	0	0	0	0	0	0	0	0	0	0	0	0	0	0	0	0	0	
536936	Frontal_Mid_R	2900	11960	3882	64392	108	976	4020	0	450	2212	514	13766	1596	15602	1182	6512	274	1436	9522	16606	146	186	4252	13618	0	0	110	282	8666	11482	2906	6826	1928	7092	0	0	814	2016	0	784	0	0	0	0	0	0	0	130	0	0	0	0	0	0	0	420	1260	1160	0	0	570	0	124	0	0	0	0	0	976	0	13970	12344	2356	8588	300	2326	1552	2468	150	146	148	130	154	178	0	0	0	0	0	0	0	0	0	0	0	0	0	0	0	0	0	0	0	0	0	0	0	0	0	0	0	0	0	0	0	0	
148772	Frontal_Mid_Orb_L	102	0	10550	196	12958	0	7900	450	0	0	136	326	6922	0	19768	0	0	0	1092	224	452	312	160	96	478	0	2152	104	1990	0	508	164	188	174	0	0	0	0	0	0	152	0	0	0	0	0	0	0	0	0	0	0	0	0	0	0	0	0	0	0	0	0	0	0	0	0	0	0	116	0	1840	258	3730	0	0	0	606	0	0	0	0	0	282	0	0	0	0	0	0	0	0	0	0	0	0	0	0	0	0	0	0	0	0	0	0	0	0	0	0	0	0	0	0	0	0	0	
29020	Frontal_Mid_Orb_R	0	0	0	1804	0	3660	0	2212	0	0	0	0	0	508	0	5558	0	0	0	0	0	0	0	0	0	0	0	142	0	302	0	0	0	0	0	0	0	0	0	0	0	0	0	0	0	0	0	0	0	0	0	0	0	0	0	0	0	0	0	0	0	0	0	0	0	0	0	0	0	0	0	156	0	168	0	0	0	0	0	0	0	0	0	0	0	0	0	0	0	0	0	0	0	0	0	0	0	0	0	0	0	0	0	0	0	0	0	0	0	0	0	0	0	0	0	0	
287764	Frontal_Inf_Oper_L	19308	90	16252	1050	0	0	14176	514	136	0	0	142	15426	0	1096	0	17826	0	15824	2396	0	0	170	148	0	0	0	0	15954	110	296	150	212	700	0	0	752	0	0	0	0	0	0	0	0	0	0	0	0	0	0	0	0	0	96	0	8070	0	0	0	316	0	0	0	0	0	0	0	272	0	2244	128	1718	0	0	0	118	0	366	0	5528	0	2298	0	0	0	0	0	0	0	0	0	0	0	0	0	0	0	0	0	0	0	0	0	0	0	0	0	0	0	0	0	0	0	0	0	
266728	Frontal_Inf_Oper_R	226	8354	1020	9614	0	0	824	13766	326	0	142	0	1222	10542	976	352	0	5234	7740	10350	0	0	212	792	0	0	0	0	4072	19926	2264	1288	240	1682	0	0	0	2784	0	1482	0	0	0	0	0	0	0	0	0	0	0	0	0	0	0	1352	0	3962	0	96	0	100	0	0	0	144	0	162	112	0	4564	3952	836	9628	0	758	156	264	0	124	0	716	0	652	0	158	0	0	0	198	0	0	0	0	0	0	0	0	0	0	0	0	0	0	0	0	0	0	0	0	0	0	0	0	0	0	
280744	Frontal_Inf_Tri_L	2286	238	12484	1266	1164	0	22928	1596	6922	0	15426	1222	0	0	16026	0	3032	0	8022	2440	0	0	932	392	0	0	0	0	25716	80	2846	886	1744	1746	0	0	526	0	0	0	254	0	0	0	0	0	0	0	0	0	0	0	0	0	0	0	484	0	0	0	0	0	0	0	0	0	0	0	190	0	3470	148	2958	0	0	0	310	0	0	0	370	0	2268	0	0	0	0	0	0	0	0	0	0	0	0	0	0	0	0	0	0	0	0	0	0	0	0	0	0	0	0	0	0	0	0	0	
205560	Frontal_Inf_Tri_R	0	304	798	8712	0	0	362	15602	0	508	0	10542	0	0	0	5560	0	166	4614	8284	0	0	616	2314	0	0	0	0	128	23758	788	2134	408	5258	0	0	0	900	0	654	0	0	0	0	0	0	0	0	0	0	0	0	0	0	0	592	0	130	0	0	0	0	0	0	0	0	0	0	0	0	198	3764	86	4488	0	404	0	96	0	0	0	176	0	318	0	118	0	0	0	0	0	0	0	0	0	0	0	0	0	0	0	0	0	0	0	0	0	0	0	0	0	0	0	0	0	0	
238472	Frontal_Inf_Orb_L	192	104	10046	748	10386	0	8020	1182	19768	0	1096	976	16026	0	0	0	0	0	3454	1140	2706	626	416	318	80	0	1670	178	16528	102	956	562	636	1042	0	0	168	0	222	0	922	0	0	0	0	0	0	0	0	0	0	0	0	0	0	0	0	0	0	0	0	0	0	0	0	0	0	0	204	0	4058	498	8168	104	0	0	644	0	0	0	0	0	5192	0	98	0	0	0	0	0	0	0	0	0	0	0	0	0	0	0	0	0	0	0	0	0	0	0	0	0	0	0	0	0	0	0	
117548	Frontal_Inf_Orb_R	0	0	206	4212	0	3146	0	6512	0	5558	0	352	0	5560	0	0	0	0	278	388	294	1938	416	1240	0	0	108	2012	122	12152	232	1232	302	706	0	0	0	412	0	268	0	482	0	0	0	0	0	0	0	0	0	0	0	0	0	180	0	0	0	0	0	0	0	0	0	0	0	0	0	0	588	4478	162	3256	0	0	0	162	0	0	0	130	0	1528	0	162	0	0	0	0	0	0	0	0	0	0	0	0	0	0	0	0	0	0	0	0	0	0	0	0	0	0	0	0	0	0	
257608	Rolandic_Oper_L	20306	760	12192	544	0	0	4090	274	0	0	17826	0	3032	0	0	0	0	0	13436	1486	0	0	0	0	0	0	0	0	14186	0	108	0	148	88	0	0	1084	0	0	0	0	0	0	0	0	0	0	0	0	0	854	0	0	0	142	0	13490	0	96	0	748	0	982	0	500	0	122	0	676	0	1508	416	778	0	0	0	306	386	4118	0	12332	0	980	0	458	0	0	0	352	0	0	0	0	0	0	0	0	0	0	0	0	0	0	0	0	0	0	0	0	0	0	0	0	0	0	0	
116188	Rolandic_Oper_R	0	2318	0	3662	0	0	0	1436	0	0	0	5234	0	166	0	0	0	0	1180	3620	0	0	0	0	0	0	0	0	124	12750	0	0	0	218	0	0	0	2006	0	758	0	0	0	0	0	0	0	0	0	0	0	0	0	0	0	1174	0	5416	0	84	0	92	0	2444	0	160	0	498	0	190	188	1154	182	3036	116	508	0	190	0	2990	0	4370	0	796	0	632	0	0	0	402	0	0	0	0	0	0	0	0	0	0	0	0	0	0	0	0	0	0	0	0	0	0	0	0	0	0	
1.04684e+06	Supp_Motor_Area_L	17274	2638	59360	29226	0	0	23088	9522	1092	0	15824	7740	8022	4614	3454	278	13436	1180	0	65754	0	0	13006	11708	0	0	0	0	30074	7180	13972	13228	17648	32482	246	104	7278	528	414	158	172	0	0	0	0	0	0	0	0	0	0	0	0	0	2562	196	4230	496	0	0	126	0	0	0	0	0	322	340	30786	132	16154	7248	24562	2142	2934	136	4936	1470	232	0	7760	98	3040	112	576	0	0	0	2130	0	0	0	0	0	0	0	0	0	0	0	0	0	0	0	0	0	0	0	0	0	0	0	0	0	0	0	
893396	Supp_Motor_Area_R	13634	9430	16592	57672	0	0	12484	16606	224	0	2396	10350	2440	8284	1140	388	1486	3620	65754	0	0	0	5526	11918	0	0	0	0	6442	14488	3724	9766	9764	43404	1956	1702	1158	3152	0	1936	0	96	0	132	0	324	0	126	0	274	0	0	0	0	0	1026	1760	688	0	0	220	0	0	0	0	0	1742	2458	19566	15744	7768	22536	1260	13488	114	2866	2124	12790	0	0	372	292	352	836	0	218	0	0	0	90	0	0	0	0	0	0	0	0	0	0	0	0	0	0	0	0	0	0	0	0	0	0	0	0	0	0	
131748	Olfactory_L	0	0	748	706	2474	274	0	146	452	0	0	0	0	0	2706	294	0	0	0	0	0	8392	474	466	648	1844	5800	1896	3740	336	5752	2890	0	0	0	0	124	0	572	0	2690	94	0	0	0	0	0	0	0	0	0	0	0	0	0	0	0	0	0	0	0	0	0	0	0	0	0	0	0	0	10336	4674	4100	2112	0	0	0	0	0	0	0	0	1134	0	0	0	0	0	0	0	0	0	0	0	0	0	0	0	0	0	0	0	0	0	0	0	0	0	0	0	0	0	0	0	0	0	
164828	Olfactory_R	0	0	614	1964	910	1440	0	186	312	0	0	0	0	0	626	1938	0	0	0	0	8392	0	538	1344	404	3896	4086	5802	710	3150	5256	5658	0	0	0	0	0	0	0	204	1016	764	0	0	0	0	0	0	0	0	0	0	0	0	0	0	0	0	0	0	0	0	0	0	0	0	0	0	0	0	10966	9962	5550	5388	128	532	0	0	0	0	0	0	86	592	0	0	0	0	0	0	0	0	0	0	0	0	0	0	0	0	0	0	0	0	0	0	0	0	0	0	0	0	0	0	0	0	
786024	Frontal_Sup_Medial_L	152	0	75204	25660	4100	452	26776	4252	160	0	170	212	932	616	416	416	0	0	13006	5526	474	538	0	50622	4982	3996	1252	442	930	810	57400	45590	19930	33874	0	0	0	0	0	0	82	0	0	0	0	0	0	0	0	0	0	0	0	0	0	0	0	0	0	0	0	0	0	0	0	0	0	0	224	0	2876	2092	7178	1278	0	224	168	0	0	0	0	0	0	0	0	0	0	0	0	0	0	0	0	0	0	0	0	0	0	0	0	0	0	0	0	0	0	0	0	0	0	0	0	0	0	0	
729204	Frontal_Sup_Medial_R	106	0	34500	62326	2282	6044	8950	13618	96	0	148	792	392	2314	318	1240	0	0	11708	11918	466	1344	50622	0	4198	11548	1030	4960	344	2734	26872	47190	7626	32968	0	0	0	0	0	0	0	0	0	0	0	0	0	0	0	0	0	0	0	0	0	0	0	0	0	0	0	0	0	0	0	0	0	0	0	0	630	7588	1382	5958	0	390	0	0	0	0	0	0	0	0	0	0	0	0	0	0	0	0	0	0	0	0	0	0	0	0	0	0	0	0	0	0	0	0	0	0	0	0	0	0	0	0	
87796	Frontal_Med_Orb_L	0	0	3442	452	6240	778	0	0	478	0	0	0	0	0	80	0	0	0	0	0	648	404	4982	4198	0	5846	4130	834	0	0	7610	2310	0	0	0	0	0	0	0	0	0	0	0	0	0	0	0	0	0	0	0	0	0	0	0	0	0	0	0	0	0	0	0	0	0	0	0	0	0	0	450	96	920	0	0	0	0	0	0	0	0	0	0	0	0	0	0	0	0	0	0	0	0	0	0	0	0	0	0	0	0	0	0	0	0	0	0	0	0	0	0	0	0	0	0	0	
162608	Frontal_Med_Orb_R	0	0	1766	6964	2738	7786	0	0	0	0	0	0	0	0	0	0	0	0	0	0	1844	3896	3996	11548	5846	0	1774	8980	88	186	8290	10398	0	0	0	0	0	0	0	0	0	0	0	0	0	0	0	0	0	0	0	0	0	0	0	0	0	0	0	0	0	0	0	0	0	0	0	0	0	0	1024	2124	584	1472	0	0	0	0	0	0	0	0	0	0	0	0	0	0	0	0	0	0	0	0	0	0	0	0	0	0	0	0	0	0	0	0	0	0	0	0	0	0	0	0	0	0	
112392	Rectus_L	0	0	2556	732	7900	372	0	110	2152	0	0	0	0	0	1670	108	0	0	0	0	5800	4086	1252	1030	4130	1774	0	1960	654	184	6768	2078	0	0	0	0	0	0	0	0	990	0	0	0	0	0	0	0	0	0	0	0	0	0	0	0	0	0	0	0	0	0	0	0	0	0	0	0	0	0	5516	1716	2068	590	0	0	0	0	0	0	0	0	0	0	0	0	0	0	0	0	0	0	0	0	0	0	0	0	0	0	0	0	0	0	0	0	0	0	0	0	0	0	0	0	0	0	
123728	Rectus_R	0	0	324	6348	686	8744	0	282	104	142	0	0	0	0	178	2012	0	0	0	0	1896	5802	442	4960	834	8980	1960	0	0	1526	2084	5564	0	0	0	0	0	0	0	0	168	142	0	0	0	0	0	0	0	0	0	0	0	0	0	0	0	0	0	0	0	0	0	0	0	0	0	0	0	0	1728	3642	392	2826	0	98	0	0	0	0	0	0	0	0	0	0	0	0	0	0	0	0	0	0	0	0	0	0	0	0	0	0	0	0	0	0	0	0	0	0	0	0	0	0	0	0	
710868	Insula_L	19108	3010	19806	7150	1694	0	11164	8666	1990	0	15954	4072	25716	128	16528	122	14186	124	30074	6442	3740	710	930	344	0	88	654	0	0	686	4264	1286	2654	2760	372	306	18142	754	1710	168	6276	0	0	0	0	0	160	0	82	0	1322	0	0	0	5642	414	7082	1086	120	0	1650	0	642	0	1198	88	82	216	2124	0	23704	2122	23814	850	152	0	4540	1412	10896	88	11468	222	13562	0	3606	144	130	0	4750	288	0	0	0	0	0	0	0	0	0	0	0	0	0	0	0	0	0	0	0	0	0	0	0	0	0	0	
474596	Insula_R	208	3864	1408	13280	0	502	378	11482	0	302	110	19926	80	23758	102	12152	0	12750	7180	14488	336	3150	810	2734	0	186	184	1526	686	0	774	2268	624	5486	0	354	0	10930	0	4036	0	3168	0	108	0	136	0	88	0	204	0	96	0	0	0	7620	0	3656	0	92	0	120	0	124	0	178	0	526	182	262	1266	9158	440	26088	132	1332	194	494	0	2776	0	9100	0	6368	0	4304	0	0	0	2946	0	0	0	0	0	0	0	86	0	0	0	0	0	0	0	0	0	0	0	0	0	0	0	0	0	0	
737280	Cingulum_Ant_L	550	0	47254	14416	5604	980	17562	2906	508	0	296	2264	2846	788	956	232	108	0	13972	3724	5752	5256	57400	26872	7610	8290	6768	2084	4264	774	0	52982	18554	18218	194	0	0	0	0	0	346	0	0	0	0	0	0	0	0	0	0	0	0	0	0	0	0	0	0	0	0	0	0	0	0	0	162	0	1098	0	12452	5916	14584	3122	0	386	456	0	0	0	0	0	134	0	0	0	0	0	0	0	0	0	0	0	0	0	0	0	0	0	0	0	0	0	0	0	0	0	0	0	0	0	0	0	0	0	
796436	Cingulum_Ant_R	1228	0	33172	39238	1230	3788	12484	6826	164	0	150	1288	886	2134	562	1232	0	0	13228	9766	2890	5658	45590	47190	2310	10398	2078	5564	1286	2268	52982	0	14340	36796	0	0	0	0	0	0	176	0	0	0	0	0	0	0	0	0	0	0	0	0	0	0	0	0	0	0	0	0	0	0	0	0	0	0	422	0	5740	17222	5444	11168	0	1148	172	0	0	0	0	0	0	0	0	0	0	0	0	0	0	0	0	0	0	0	0	0	0	0	0	0	0	0	0	0	0	0	0	0	0	0	0	0	0	0	
386052	Cingulum_Mid_L	390	256	20522	4728	0	0	14326	1928	188	0	212	240	1744	408	636	302	148	0	17648	9764	0	0	19930	7626	0	0	0	0	2654	624	18554	14340	0	24074	2988	580	188	0	92	0	0	0	546	0	196	352	0	0	1426	272	1408	0	162	0	0	0	204	126	392	0	0	0	0	0	0	0	10548	2432	5594	544	712	488	1264	230	272	0	0	0	0	0	86	0	0	0	510	0	0	0	172	0	0	0	0	0	0	0	0	0	0	0	0	0	0	0	0	0	0	0	0	0	0	0	0	0	0	0	
806652	Cingulum_Mid_R	6442	386	26512	30036	0	0	15898	7092	174	0	700	1682	1746	5258	1042	706	88	218	32482	43404	0	0	33874	32968	0	0	0	0	2760	5486	18218	36796	24074	0	2186	4444	0	398	0	0	0	0	0	968	0	2510	0	568	196	1786	122	138	0	0	0	498	316	2628	0	408	0	698	0	1730	0	470	4090	17622	8254	16986	1340	1894	636	656	0	0	110	264	0	0	0	1114	136	0	0	1074	0	0	0	840	0	0	0	0	0	0	0	0	0	0	0	0	0	0	0	0	0	0	0	0	204	0	0	0	0	0	
154172	Cingulum_Post_L	4338	2830	0	106	0	0	0	0	0	0	0	0	0	0	0	0	0	0	246	1956	0	0	0	0	0	0	0	0	372	0	194	0	2988	2186	0	8114	7324	3452	2276	1090	0	0	3330	0	1368	122	874	546	414	0	1282	0	414	134	650	824	2626	926	282	0	230	0	0	0	0	0	7324	924	6260	2426	0	0	0	122	0	0	1300	4076	770	0	178	0	0	0	1372	0	0	0	304	0	0	0	0	0	0	0	0	286	0	250	0	0	0	0	0	0	0	0	0	0	0	0	0	0	0	0	
146388	Cingulum_Post_R	3110	2524	0	84	0	0	0	0	0	0	0	0	0	0	0	0	0	0	104	1702	0	0	0	0	0	0	0	0	306	354	0	0	580	4444	8114	0	4328	6938	790	2224	0	0	188	718	170	832	0	2792	0	790	0	118	0	344	204	1888	106	3086	0	204	0	274	0	354	0	102	2440	9306	2276	4276	116	0	0	112	0	0	562	3282	526	0	90	108	0	0	0	260	0	0	126	144	0	0	0	0	0	0	0	732	0	558	0	0	0	0	0	0	0	0	0	0	508	0	0	0	0	0	
378288	Hippocampus_L	14112	4556	4376	934	0	0	980	814	0	0	752	0	526	0	168	0	1084	0	7278	1158	124	0	0	0	0	0	0	0	18142	0	0	0	188	0	7324	4328	0	3868	14324	1516	7178	0	1592	0	0	0	3654	962	0	0	162	0	0	244	14802	1142	1416	144	0	0	384	0	118	0	0	0	3838	0	7020	924	1244	864	16214	160	1422	0	8526	7090	5086	0	2808	0	2068	0	808	0	0	0	8680	0	434	0	152	0	0	0	1114	554	876	466	154	0	84	0	104	0	0	0	0	104	0	0	0	0	0	0	
413856	Hippocampus_R	2374	10336	110	3384	0	0	0	2016	0	0	0	2784	0	900	0	412	0	2006	528	3152	0	0	0	0	0	0	0	0	754	10930	0	0	0	398	3452	6938	3868	0	790	34828	0	10326	0	1192	0	346	82	7382	0	166	0	86	0	814	154	33032	0	1666	0	0	0	302	0	608	0	258	700	5068	1444	1618	696	360	140	19582	0	3200	712	7944	344	434	82	2890	0	1384	0	1658	0	0	94	5950	0	242	0	0	0	0	0	3860	0	1670	0	0	0	0	0	0	0	0	0	0	482	0	0	0	0	0	
120312	ParaHippocampal_L	862	370	318	0	146	0	0	0	0	0	0	0	0	0	222	0	0	0	414	0	572	0	0	0	0	0	0	0	1710	0	0	0	92	0	2276	790	14324	790	0	646	1860	0	1288	0	0	0	4684	472	0	0	610	0	248	0	8352	488	372	0	0	0	0	0	0	0	200	0	2410	0	358	0	174	0	2362	0	0	0	710	996	526	0	298	0	820	0	1232	0	548	0	1328	0	856	0	242	0	122	0	2042	208	1564	188	252	0	146	0	176	0	0	0	104	210	178	0	0	0	0	0	
278924	ParaHippocampal_R	338	1498	0	2034	0	0	0	784	0	0	0	1482	0	654	0	268	0	758	158	1936	0	204	0	0	0	0	0	0	168	4036	0	0	0	0	1090	2224	1516	34828	646	0	0	8318	0	470	0	0	82	9388	0	0	0	0	0	820	0	26526	0	92	0	0	0	0	0	0	0	0	520	3670	138	0	156	96	0	10604	0	2374	206	4194	0	0	0	470	0	3136	0	778	0	1224	0	1776	0	1128	0	0	0	210	0	5394	0	2716	0	0	0	82	0	0	0	0	0	0	272	0	0	0	0	0	
70984	Amygdala_L	0	0	246	82	910	0	0	0	152	0	0	0	254	0	922	0	0	0	172	0	2690	1016	82	0	0	0	990	168	6276	0	346	176	0	0	0	0	7178	0	1860	0	0	0	0	0	0	0	0	0	0	0	0	0	0	0	2268	0	0	0	0	0	0	0	0	0	0	0	0	0	0	0	1552	862	4688	344	0	0	102	0	0	0	396	0	722	0	0	0	0	0	1038	0	0	0	0	0	0	0	0	0	0	0	0	0	0	0	0	0	0	0	0	0	0	0	0	0	0	0	
69188	Amygdala_R	0	0	0	0	0	0	0	0	0	0	0	0	0	0	0	482	0	0	0	96	94	764	0	0	0	0	0	142	0	3168	0	0	0	0	0	0	0	10326	0	8318	0	0	0	0	0	0	0	0	0	0	0	0	0	0	0	5632	0	0	0	0	0	0	0	0	0	0	0	0	0	0	98	384	0	2648	0	0	0	0	0	0	0	0	0	1730	0	88	0	212	0	250	0	0	0	0	0	0	0	162	0	0	0	0	0	0	0	0	0	0	0	0	0	0	0	0	0	0	
200948	Calcarine_L	88	0	0	0	0	0	0	0	0	0	0	0	0	0	0	0	0	0	0	0	0	0	0	0	0	0	0	0	0	0	0	0	546	0	3330	188	1592	0	1288	0	0	0	0	7092	13952	3014	9226	3516	7904	1668	16624	546	6032	270	3194	512	920	0	144	0	0	0	0	0	0	0	15068	1174	648	0	0	0	0	0	0	0	0	0	0	0	0	0	0	0	1228	0	0	0	508	0	0	0	0	0	0	0	0	0	104	0	0	0	0	0	0	0	0	0	0	0	98	0	0	0	0	0	
294884	Calcarine_R	82	200	0	0	0	0	0	0	0	0	0	0	0	0	0	0	0	0	0	132	0	0	0	0	0	0	0	0	0	108	0	0	0	968	0	718	0	1192	0	470	0	0	7092	0	6972	21830	1776	24436	104	17268	0	10354	0	9846	0	11218	0	496	0	218	0	86	0	0	0	144	1228	18158	138	1258	0	0	0	0	0	0	0	0	0	0	0	112	0	0	0	2948	0	0	0	4774	132	0	0	0	0	0	0	318	194	344	0	0	0	0	0	0	0	0	0	0	1756	260	112	0	0	0	
162552	Cuneus_L	0	0	0	0	0	0	0	0	0	0	0	0	0	0	0	0	0	0	0	0	0	0	0	0	0	0	0	0	0	0	0	0	196	0	1368	170	0	0	0	0	0	0	13952	6972	0	9318	1664	758	16260	3810	8798	440	970	102	874	268	90	0	1854	0	0	0	0	0	0	0	11044	1928	0	0	0	0	0	0	0	0	0	0	0	0	0	0	0	0	440	0	0	0	0	0	0	0	0	0	0	0	0	0	0	0	0	0	0	0	0	0	0	0	0	0	0	0	0	0	0	0	
251524	Cuneus_R	162	200	0	0	0	0	0	0	0	0	0	0	0	0	0	0	0	0	0	324	0	0	0	0	0	0	0	0	0	136	0	0	352	2510	122	832	0	346	0	0	0	0	3014	21830	9318	0	358	4902	236	29010	0	8140	0	2300	0	2780	0	208	0	2716	0	362	0	186	0	776	4672	24236	292	944	0	0	0	0	0	0	0	0	0	0	0	158	0	0	0	778	0	0	0	3032	0	0	0	0	0	0	0	0	98	172	0	0	0	0	0	0	0	0	0	0	116	144	0	0	0	0	
240968	Lingual_L	182	0	0	0	0	0	0	0	0	0	0	0	0	0	0	0	0	0	0	0	0	0	0	0	0	0	0	0	160	0	0	0	0	0	874	0	3654	82	4684	82	0	0	9226	1776	1664	358	0	5172	1148	254	6744	224	5746	320	21238	1070	226	0	0	0	0	0	0	0	84	0	4900	206	92	0	0	0	0	0	0	0	336	0	0	0	0	0	0	0	1160	0	0	0	488	0	7530	1266	0	0	148	0	12240	2242	14100	2036	0	0	0	0	0	0	0	0	0	138	5074	3168	302	0	0	90	
414472	Lingual_R	132	538	0	128	0	0	0	130	0	0	0	0	0	0	0	0	0	0	0	126	0	0	0	0	0	0	0	0	0	88	0	0	0	568	546	2792	962	7382	472	9388	0	0	3516	24436	758	4902	5172	0	0	5194	0	5074	122	9868	2396	28440	0	310	0	0	0	0	0	0	0	0	650	14340	104	790	0	0	0	326	0	0	0	2370	0	0	0	0	0	0	0	558	0	0	0	456	3648	5892	108	476	276	366	4884	15906	7032	14636	90	0	80	156	0	164	0	0	0	452	11926	6884	1070	0	0	156	
163896	Occipital_Sup_L	0	0	0	0	0	0	0	0	0	0	0	0	0	0	0	0	0	0	0	0	0	0	0	0	0	0	0	0	82	0	0	0	1426	196	414	0	0	0	0	0	0	0	7904	104	16260	236	1148	0	0	0	24510	0	678	0	352	0	276	0	12334	0	1798	0	0	0	1146	0	11960	324	310	0	0	0	0	0	0	0	0	0	0	0	0	0	0	0	490	0	0	0	0	0	0	0	0	0	0	0	0	0	0	0	0	0	0	0	0	0	0	0	0	0	0	0	0	0	0	0	
271168	Occipital_Sup_R	118	338	0	0	0	0	0	0	0	0	0	0	0	0	0	0	0	0	0	274	0	0	0	0	0	0	0	0	0	204	0	0	272	1786	0	790	0	166	0	0	0	0	1668	17268	3810	29010	254	5194	0	0	0	26138	0	2888	0	3684	0	478	0	5286	0	1364	0	628	0	5550	1016	15320	172	1124	88	0	0	0	0	0	0	0	0	0	0	314	0	0	0	3756	0	0	0	5556	118	0	0	0	0	0	0	0	186	284	0	0	0	0	0	0	0	0	0	0	110	266	106	0	0	0	
383172	Occipital_Mid_L	1714	0	0	0	0	0	0	0	0	0	0	0	0	0	0	0	854	0	0	0	0	0	0	0	0	0	0	0	1322	0	0	0	1408	122	1282	0	162	0	610	0	0	0	16624	0	8798	0	6744	0	24510	0	0	0	17098	0	7596	0	6450	0	19466	0	13214	0	952	0	16130	0	16394	492	2300	0	0	0	0	0	0	0	0	0	1024	0	1608	0	0	0	18994	0	0	0	5630	0	0	0	0	0	0	0	88	0	0	0	0	0	0	0	0	0	0	0	0	0	0	0	0	0	0	0	
219432	Occipital_Mid_R	0	164	0	0	0	0	0	0	0	0	0	0	0	0	0	0	0	0	0	0	0	0	0	0	0	0	0	0	0	96	0	0	0	138	0	118	0	86	0	0	0	0	546	10354	440	8140	224	5074	0	26138	0	0	0	7494	0	4422	0	286	0	4608	0	3216	0	902	0	13646	0	4322	0	102	0	0	0	0	0	0	0	0	0	0	0	1472	0	0	0	12282	0	0	0	4448	118	0	0	0	0	0	0	0	190	300	0	0	0	0	0	0	0	0	0	0	0	282	108	0	0	0	
127488	Occipital_Inf_L	0	0	0	0	0	0	0	0	0	0	0	0	0	0	0	0	0	0	0	0	0	0	0	0	0	0	0	0	0	0	0	0	162	0	414	0	0	0	248	0	0	0	6032	0	970	0	5746	122	678	0	17098	0	0	0	10462	0	1572	0	122	0	366	0	170	0	402	0	1686	0	810	0	0	0	0	0	0	0	0	0	96	0	894	0	0	0	5658	0	0	0	7616	0	170	140	0	0	0	0	874	244	494	150	0	0	0	0	0	0	0	0	0	0	348	0	0	0	0	0	
116892	Occipital_Inf_R	0	0	0	0	0	0	0	0	0	0	0	0	0	0	0	0	0	0	0	0	0	0	0	0	0	0	0	0	0	0	0	0	0	0	134	344	244	814	0	820	0	0	270	9846	102	2300	320	9868	0	2888	0	7494	0	0	0	9190	0	0	0	0	0	0	0	0	0	0	134	2154	0	0	0	0	0	0	0	0	0	366	0	0	0	0	0	0	0	2186	0	0	0	2900	368	94	0	0	0	0	86	970	524	2314	0	0	0	0	0	0	0	0	0	0	386	958	372	0	0	0	
369804	Fusiform_L	894	124	248	0	0	0	0	0	0	0	96	0	0	0	0	0	142	0	2562	0	0	0	0	0	0	0	0	0	5642	0	0	0	0	0	650	204	14802	154	8352	0	2268	0	3194	0	874	0	21238	2396	352	0	7596	0	10462	0	0	644	1380	0	0	0	100	0	0	0	118	0	2270	0	570	0	0	0	3444	0	0	0	370	222	1498	0	3090	0	1922	0	4528	0	956	0	15656	0	15362	996	674	0	138	0	14750	1668	23108	1512	574	0	346	0	206	0	0	0	0	0	4352	2082	116	0	0	0	
586176	Fusiform_R	304	2364	0	872	0	0	0	420	0	0	0	1352	0	592	0	180	0	1174	196	1026	0	0	0	0	0	0	0	0	414	7620	0	0	0	498	824	1888	1142	33032	488	26526	0	5632	512	11218	268	2780	1070	28440	0	3684	0	4422	0	9190	644	0	0	710	0	248	0	180	0	386	0	1570	398	6576	144	766	422	134	0	8056	0	1210	194	2462	0	416	0	4730	0	5524	0	9106	0	1374	0	26592	1924	13666	0	532	0	238	1934	16288	3326	21946	0	0	0	588	0	0	0	0	0	154	7248	4396	878	0	0	0	
362364	Postcentral_L	31706	5792	4334	2344	0	0	3956	1260	0	0	8070	0	484	0	0	0	13490	0	4230	1760	0	0	0	0	0	0	0	0	7082	0	0	0	204	316	2626	106	1416	0	372	0	0	0	920	0	90	0	226	0	276	0	6450	0	1572	0	1380	0	0	1406	8734	0	24424	0	10568	0	3650	0	5132	0	6508	284	2186	396	160	0	80	0	488	386	3642	0	7950	0	0	0	3096	0	0	0	1630	0	0	0	0	0	0	0	0	0	0	0	0	0	0	0	0	0	0	0	0	0	0	0	0	0	0	0	
180476	Postcentral_R	1456	14502	94	478	0	0	0	1160	0	0	0	3962	0	130	0	0	0	5416	496	688	0	0	0	0	0	0	0	0	1086	3656	0	0	126	2628	926	3086	144	1666	0	92	0	0	0	496	0	208	0	310	0	478	0	286	0	0	0	710	1406	0	0	7950	100	6036	0	7800	0	1652	260	5400	330	7010	1734	420	506	1348	144	88	200	442	0	502	0	1226	0	0	0	660	0	0	0	472	0	0	0	0	0	0	0	0	0	0	0	0	0	0	0	0	0	0	0	0	272	0	0	0	0	0	
165456	Parietal_Sup_L	172	0	0	0	0	0	0	0	0	0	0	0	0	0	0	0	96	0	0	0	0	0	0	0	0	0	0	0	120	0	0	0	392	0	282	0	0	0	0	0	0	0	144	0	1854	0	0	0	12334	0	19466	0	122	0	0	0	8734	0	0	0	17390	0	0	0	5520	0	12488	90	828	0	0	0	0	0	0	0	0	0	0	0	432	0	0	0	2048	0	0	0	216	0	0	0	0	0	0	0	0	0	0	0	0	0	0	0	0	0	0	0	0	0	0	0	0	0	0	0	
104588	Parietal_Sup_R	0	600	0	0	0	0	0	0	0	0	0	96	0	0	0	0	0	84	0	0	0	0	0	0	0	0	0	0	0	92	0	0	0	408	0	204	0	0	0	0	0	0	0	218	0	2716	0	0	0	5286	0	4608	0	0	0	248	0	7950	0	0	0	9794	0	4976	0	6642	160	6642	0	560	0	0	0	0	0	0	0	0	0	0	0	0	0	0	0	130	0	0	0	880	0	0	0	0	0	0	0	0	0	0	0	0	0	0	0	0	0	0	0	0	0	0	0	0	0	0	
221524	Parietal_Inf_L	3460	354	120	678	0	0	364	570	0	0	316	0	0	0	0	0	748	0	126	220	0	0	0	0	0	0	0	0	1650	0	0	0	0	0	230	0	384	0	0	0	0	0	0	0	0	0	0	0	1798	0	13214	0	366	0	100	0	24424	100	17390	0	0	0	12208	0	16074	0	2372	0	412	0	770	0	0	0	0	0	128	0	690	0	2338	0	0	0	5390	0	0	0	3768	0	0	0	0	0	0	0	0	0	0	0	0	0	0	0	0	0	0	0	0	0	0	0	0	0	0	0	
92428	Parietal_Inf_R	0	954	0	0	0	0	0	0	0	0	0	100	0	0	0	0	0	92	0	0	0	0	0	0	0	0	0	0	0	120	0	0	0	698	0	274	0	302	0	0	0	0	0	86	0	362	0	0	0	1364	0	3216	0	0	0	180	0	6036	0	9794	0	0	0	9126	0	9868	0	2188	0	978	0	0	0	0	0	0	0	0	0	0	0	176	0	0	0	182	0	0	0	118	0	0	0	0	0	0	0	0	0	0	0	0	0	0	0	0	0	0	0	0	0	0	0	0	0	0	
94328	SupraMarginal_L	1902	0	0	142	0	0	0	124	0	0	0	0	0	0	0	0	982	0	0	0	0	0	0	0	0	0	0	0	642	0	0	0	0	0	0	0	118	0	0	0	0	0	0	0	0	0	0	0	0	0	952	0	170	0	0	0	10568	0	0	0	12208	0	0	0	5662	0	0	0	0	0	138	0	0	0	0	0	0	0	230	0	4656	0	0	0	5432	0	0	0	3238	0	0	0	0	0	0	0	0	0	0	0	0	0	0	0	0	0	0	0	0	0	0	0	0	0	0	0	
90108	SupraMarginal_R	114	632	0	0	0	0	0	0	0	0	0	0	0	0	0	0	0	2444	0	0	0	0	0	0	0	0	0	0	0	124	0	0	0	1730	0	354	0	608	0	0	0	0	0	0	0	186	0	0	0	628	0	902	0	0	0	386	0	7800	0	4976	0	9126	0	0	0	4270	0	3706	0	1852	128	0	90	0	0	0	0	0	0	104	0	4202	0	0	0	332	0	0	0	360	0	0	0	0	0	0	0	0	0	0	0	0	0	0	0	0	0	0	0	0	0	0	0	0	0	0	
137716	Angular_L	1712	108	0	0	0	0	0	0	0	0	0	0	0	0	0	0	500	0	0	0	0	0	0	0	0	0	0	0	1198	0	0	0	0	0	0	0	0	0	200	0	0	0	0	0	0	0	84	0	1146	0	16130	0	402	0	118	0	3650	0	5520	0	16074	0	5662	0	0	0	1186	0	276	0	0	0	0	0	0	0	0	0	456	0	1692	0	0	0	7842	0	0	0	4902	0	0	0	0	0	0	0	0	0	0	0	0	0	0	0	0	0	0	0	0	0	0	0	0	0	0	0	
127852	Angular_R	0	716	0	0	0	0	0	0	0	0	0	144	0	0	0	0	0	160	0	0	0	0	0	0	0	0	0	0	88	178	0	0	0	470	0	102	0	258	0	0	0	0	0	144	0	776	0	0	0	5550	0	13646	0	0	0	1570	0	1652	0	6642	0	9868	0	4270	0	0	0	2184	0	532	116	0	0	0	0	0	0	0	0	0	0	4590	0	0	0	8212	0	0	0	2058	0	0	0	0	0	0	0	0	0	0	0	0	0	0	0	0	0	0	0	0	0	0	0	0	0	0	
300524	Precuneus_L	366	0	0	0	0	0	0	0	0	0	0	0	0	0	0	0	122	0	322	1742	0	0	0	0	0	0	0	0	82	0	162	0	10548	4090	7324	2440	3838	700	2410	520	0	0	15068	1228	11044	4672	4900	650	11960	1016	16394	0	1686	134	2270	398	5132	260	12488	160	2372	0	0	0	1186	0	0	11478	5228	964	0	0	0	0	0	0	0	432	258	0	330	0	0	0	2200	0	0	0	966	166	0	0	0	0	0	0	0	316	0	240	0	0	0	0	0	0	0	0	0	0	0	0	0	0	0	0	
391840	Precuneus_R	440	1014	0	0	0	0	0	0	0	0	0	162	0	0	0	0	0	498	340	2458	0	0	0	0	0	0	0	0	216	526	0	0	2432	17622	924	9306	0	5068	0	3670	0	0	1174	18158	1928	24236	206	14340	324	15320	492	4322	0	2154	0	6576	0	5400	90	6642	0	2188	0	3706	0	2184	11478	0	942	12354	290	0	88	0	0	0	0	602	0	82	0	2430	0	0	0	3700	0	0	0	5644	0	0	0	0	0	0	0	1578	0	534	0	0	0	0	0	0	0	0	0	0	2082	0	0	0	0	0	
363784	Paracentral_Lobule_L	14818	8098	4682	2100	0	0	466	976	116	0	272	112	190	0	204	0	676	0	30786	19566	0	0	224	0	0	0	0	0	2124	182	1098	422	5594	8254	6260	2276	7020	1444	358	138	0	0	648	138	0	292	92	104	310	172	2300	0	810	0	570	144	6508	330	828	0	412	0	0	0	276	0	5228	942	0	7158	5536	1724	6952	108	3620	0	11044	4748	360	0	450	0	0	0	1042	0	0	0	590	0	0	0	0	0	0	0	0	0	0	0	0	0	0	0	0	0	0	0	0	0	0	0	0	0	0	0	
206756	Paracentral_Lobule_R	4022	9674	0	0	0	0	0	0	0	0	0	0	0	0	0	0	0	190	132	15744	0	0	0	0	0	0	0	0	0	262	0	0	544	16986	2426	4276	924	1618	0	0	0	0	0	1258	0	944	0	790	0	1124	0	102	0	0	0	766	284	7010	0	560	0	978	0	1852	0	532	964	12354	7158	0	0	528	0	0	0	0	1858	4230	0	0	0	986	0	0	0	1142	0	0	0	710	0	0	0	0	0	0	0	0	0	0	0	0	0	0	0	0	0	0	0	0	450	0	0	0	0	0	
544776	Caudate_L	8004	4442	7782	13070	1682	224	8296	13970	1840	0	2244	4564	3470	198	4058	588	1508	188	16154	7768	10336	10966	2876	630	450	1024	5516	1728	23704	1266	12452	5740	712	1340	0	116	1244	696	174	156	1552	98	0	0	0	0	0	0	0	88	0	0	0	0	0	422	2186	1734	0	0	770	0	138	128	0	116	0	290	5536	0	0	16198	34190	5020	4092	1634	13304	856	214	92	920	238	940	0	0	154	0	0	0	302	0	0	0	0	0	0	0	0	0	0	0	0	0	0	0	0	0	0	0	0	0	0	0	0	0	0	
508152	Caudate_R	1242	5624	2810	24828	614	1994	406	12344	258	156	128	3952	148	3764	498	4478	416	1154	7248	22536	4674	9962	2092	7588	96	2124	1716	3642	2122	9158	5916	17222	488	1894	0	0	864	360	0	96	862	384	0	0	0	0	0	0	0	0	0	0	0	0	0	134	396	420	0	0	0	0	0	0	0	0	0	0	1724	528	16198	0	10376	30256	1162	5338	1848	19200	106	0	0	0	0	432	0	100	0	0	0	0	0	0	0	0	0	0	0	0	0	0	0	0	0	0	0	0	0	0	0	0	0	0	0	0	0	0	
542712	Putamen_L	2914	4030	21684	2420	4844	0	7146	2356	3730	0	1718	836	2958	86	8168	162	778	182	24562	1260	4100	5550	7178	1382	920	584	2068	392	23814	440	14584	5444	1264	636	0	0	16214	140	2362	0	4688	0	0	0	0	0	0	0	0	0	0	0	0	0	3444	0	160	506	0	0	0	0	0	90	0	0	0	88	6952	0	34190	10376	0	3112	9426	1112	7284	1698	0	0	3722	0	4964	0	748	0	0	0	1890	0	0	0	0	0	0	0	0	0	0	0	0	0	0	0	0	0	0	0	0	0	0	0	0	0	0	0	
461812	Putamen_R	160	2794	910	18182	112	1928	146	8588	0	168	0	9628	0	4488	104	3256	0	3036	2142	13488	2112	5388	1278	5958	0	1472	590	2826	850	26088	3122	11168	230	656	122	112	160	19582	0	10604	344	2648	0	0	0	0	0	326	0	0	0	0	0	0	0	8056	0	1348	0	0	0	0	0	0	0	0	0	0	108	0	5020	30256	3112	0	0	8320	298	2034	0	180	0	2316	0	3048	0	1366	0	0	0	678	0	0	0	0	0	0	0	0	0	0	0	0	0	0	0	0	0	0	0	0	0	0	0	0	0	0	
62856	Pallidum_L	138	2286	2030	128	0	0	128	300	0	0	0	0	0	0	0	0	0	116	2934	114	0	128	0	0	0	0	0	0	152	132	0	0	272	0	0	0	1422	0	0	0	0	0	0	0	0	0	0	0	0	0	0	0	0	0	0	0	80	144	0	0	0	0	0	0	0	0	0	0	3620	0	4092	1162	9426	0	0	140	1580	904	0	0	0	0	0	0	0	0	0	0	0	0	0	0	0	0	0	0	0	0	0	0	0	0	0	0	0	0	0	0	0	0	0	0	0	0	0	0	
77628	Pallidum_R	0	330	160	3202	0	0	0	2326	0	0	0	758	0	404	0	0	0	508	136	2866	0	532	224	390	0	0	0	98	0	1332	386	1148	0	0	0	0	0	3200	0	2374	0	0	0	0	0	0	0	0	0	0	0	0	0	0	0	1210	0	88	0	0	0	0	0	0	0	0	0	0	0	0	1634	5338	1112	8320	140	0	0	598	0	0	0	0	0	0	0	0	0	0	0	0	0	0	0	0	0	0	0	0	0	0	0	0	0	0	0	0	0	0	0	0	0	0	0	0	0	0	
215820	Thalamus_L	16956	6788	2984	696	0	0	2558	1552	606	0	118	156	310	0	644	0	306	0	4936	2124	0	0	168	0	0	0	0	0	4540	194	456	172	0	110	1300	562	8526	712	710	206	102	0	0	0	0	0	336	0	0	0	0	0	0	0	370	194	488	200	0	0	128	0	0	0	0	0	0	0	11044	1858	13304	1848	7284	298	1580	0	0	8270	1408	0	522	0	0	0	182	0	0	0	104	0	0	0	0	0	0	0	0	0	0	0	0	0	0	0	0	0	0	0	0	0	0	0	0	0	0	0	
270124	Thalamus_R	6760	20118	1278	6300	0	0	218	2468	0	0	0	264	0	96	0	162	386	190	1470	12790	0	0	0	0	0	0	0	0	1412	494	0	0	0	264	4076	3282	7090	7944	996	4194	0	0	0	0	0	0	0	2370	0	0	0	0	0	366	222	2462	386	442	0	0	0	0	0	0	0	0	432	602	4748	4230	856	19200	1698	2034	904	598	8270	0	1122	0	156	0	0	0	0	0	0	0	0	0	0	0	0	0	0	0	0	992	0	720	0	0	0	0	0	0	0	0	0	0	0	0	0	0	0	0	
110772	Heschl_L	10446	1084	414	168	0	0	396	150	0	0	366	0	0	0	0	0	4118	0	232	0	0	0	0	0	0	0	0	0	10896	0	0	0	0	0	770	526	5086	344	526	0	0	0	0	0	0	0	0	0	0	0	1024	0	96	0	1498	0	3642	0	0	0	690	0	230	0	456	0	258	0	360	0	214	106	0	0	0	0	1408	1122	0	0	3146	0	82	0	3658	0	0	0	1874	0	0	0	0	0	0	0	0	0	0	0	0	0	0	0	0	0	0	0	0	0	0	0	0	0	0	0	
29344	Heschl_R	0	526	0	0	0	0	0	146	0	0	0	124	0	0	0	0	0	2990	0	0	0	0	0	0	0	0	0	0	88	2776	0	0	0	0	0	0	0	434	0	0	0	0	0	0	0	0	0	0	0	0	0	0	0	0	0	416	0	502	0	0	0	0	0	104	0	0	0	82	0	0	92	0	0	180	0	0	0	0	0	0	0	5202	0	106	0	638	0	0	0	266	0	0	0	0	0	0	0	0	0	0	0	0	0	0	0	0	0	0	0	0	0	0	0	0	0	0	
243184	Temporal_Sup_L	8736	210	4090	276	0	0	1222	148	0	0	5528	0	370	0	0	0	12332	0	7760	372	0	0	0	0	0	0	0	0	11468	0	0	0	86	0	178	90	2808	82	298	0	396	0	0	0	0	0	0	0	0	0	1608	0	894	0	3090	0	7950	0	432	0	2338	0	4656	0	1692	0	330	0	450	0	920	0	3722	0	0	0	522	156	3146	0	0	0	3692	0	17072	0	104	0	12368	0	0	0	0	0	0	0	0	0	0	0	0	0	0	0	0	0	0	0	0	0	0	0	0	0	0	0	
154492	Temporal_Sup_R	0	1414	0	136	0	0	0	130	0	0	0	716	0	176	0	130	0	4370	98	292	0	0	0	0	0	0	0	0	222	9100	0	0	0	1114	0	108	0	2890	0	470	0	0	0	112	0	158	0	0	0	314	0	1472	0	0	0	4730	0	1226	0	0	0	176	0	4202	0	4590	0	2430	0	986	238	0	0	2316	0	0	0	0	0	5202	0	0	0	3154	0	18528	0	146	0	5900	0	0	0	0	0	0	0	0	0	0	0	0	0	0	0	0	0	0	0	0	0	0	0	0	0	0	
125528	Temporal_Pole_Sup_L	88	0	982	298	462	0	516	154	282	0	2298	0	2268	0	5192	0	980	0	3040	352	1134	86	0	0	0	0	0	0	13562	0	134	0	0	136	0	0	2068	0	820	0	722	0	0	0	0	0	0	0	0	0	0	0	0	0	1922	0	0	0	0	0	0	0	0	0	0	0	0	0	0	0	940	0	4964	0	0	0	0	0	82	0	3692	0	0	0	7122	0	3250	0	5218	0	0	0	0	0	0	0	0	0	0	0	0	0	0	0	0	0	0	0	0	0	0	0	0	0	0	0	
82472	Temporal_Pole_Sup_R	0	0	0	434	0	0	0	178	0	0	0	652	0	318	0	1528	0	796	112	836	0	592	0	0	0	0	0	0	0	6368	0	0	0	0	0	0	0	1384	0	3136	0	1730	0	0	0	0	0	0	0	0	0	0	0	0	0	5524	0	0	0	0	0	0	0	0	0	0	0	0	0	0	0	432	0	3048	0	0	0	0	0	106	0	3154	0	0	0	4466	0	3484	0	2868	0	0	0	0	0	0	0	90	0	0	0	0	0	0	0	0	0	0	0	0	0	0	0	0	0	0	
261592	Temporal_Mid_L	2294	0	0	0	0	0	82	0	0	0	0	0	0	0	98	0	458	0	576	0	0	0	0	0	0	0	0	0	3606	0	0	0	510	0	1372	0	808	0	1232	0	0	0	1228	0	440	0	1160	0	490	0	18994	0	5658	0	4528	0	3096	0	2048	0	5390	0	5432	0	7842	0	2200	0	1042	0	0	0	748	0	0	0	182	0	3658	0	17072	0	7122	0	0	0	3050	0	28380	0	0	0	0	0	0	0	0	0	0	0	0	0	0	0	0	0	0	0	0	0	0	0	0	0	0	0	
218740	Temporal_Mid_R	0	808	0	0	0	0	0	0	0	0	0	158	0	118	0	162	0	632	0	218	0	0	0	0	0	0	0	0	144	4304	0	0	0	1074	0	260	0	1658	0	778	0	88	0	2948	0	778	0	558	0	3756	0	12282	0	2186	0	9106	0	660	0	130	0	182	0	332	0	8212	0	3700	0	1142	154	100	0	1366	0	0	0	0	0	638	0	18528	0	4466	0	0	0	1264	0	26372	0	0	0	0	0	0	0	108	0	0	0	0	0	0	0	0	0	0	0	0	0	0	0	0	0	0	
21940	Temporal_Pole_Mid_L	0	0	0	0	0	0	0	0	0	0	0	0	0	0	0	0	0	0	0	0	0	0	0	0	0	0	0	0	130	0	0	0	0	0	0	0	0	0	548	0	0	0	0	0	0	0	0	0	0	0	0	0	0	0	956	0	0	0	0	0	0	0	0	0	0	0	0	0	0	0	0	0	0	0	0	0	0	0	0	0	104	0	3250	0	3050	0	0	0	2932	0	0	0	0	0	0	0	0	0	0	0	0	0	0	0	0	0	0	0	0	0	0	0	0	0	0	0	
17536	Temporal_Pole_Mid_R	0	0	0	0	0	0	0	0	0	0	0	0	0	0	0	0	0	0	0	0	0	0	0	0	0	0	0	0	0	0	0	0	0	0	0	0	0	0	0	1224	0	212	0	0	0	0	0	0	0	0	0	0	0	0	0	1374	0	0	0	0	0	0	0	0	0	0	0	0	0	0	0	0	0	0	0	0	0	0	0	0	0	146	0	3484	0	1264	0	0	0	1064	0	0	0	0	0	0	0	0	0	0	0	0	0	0	0	0	0	0	0	0	0	0	0	0	0	0	
248744	Temporal_Inf_L	626	82	298	0	0	0	90	0	0	0	0	0	0	0	0	0	352	0	2130	0	0	0	0	0	0	0	0	0	4750	0	0	0	172	0	304	126	8680	94	1328	0	1038	0	508	0	0	0	488	0	0	0	5630	0	7616	0	15656	0	1630	0	216	0	3768	0	3238	0	4902	0	966	0	590	0	0	0	1890	0	0	0	104	0	1874	0	12368	0	5218	0	28380	0	2932	0	0	0	3998	0	684	0	110	0	344	0	1052	0	140	0	0	0	0	0	0	0	0	0	0	0	0	0	0	0	
223712	Temporal_Inf_R	0	914	0	0	0	0	0	0	0	0	0	198	0	0	0	0	0	402	0	90	0	0	0	0	0	0	0	0	288	2946	0	0	0	840	0	144	0	5950	0	1776	0	250	0	4774	0	3032	0	456	0	5556	0	4448	0	2900	0	26592	0	472	0	880	0	118	0	360	0	2058	166	5644	0	710	302	0	0	678	0	0	0	0	0	266	0	5900	0	2868	0	26372	0	1064	0	0	0	1434	0	0	0	0	0	626	0	382	0	0	0	0	0	0	0	0	0	0	0	0	0	0	0	0	
491232	Cerebelum_Crus1_L	0	0	0	0	0	0	0	0	0	0	0	0	0	0	0	0	0	0	0	0	0	0	0	0	0	0	0	0	0	0	0	0	0	0	0	0	434	0	856	0	0	0	0	132	0	0	7530	3648	0	118	0	118	170	368	15362	1924	0	0	0	0	0	0	0	0	0	0	0	0	0	0	0	0	0	0	0	0	0	0	0	0	0	0	0	0	0	0	0	0	3998	0	0	8306	32674	4994	2260	342	25946	2934	52018	8630	13516	786	15874	3474	3248	400	318	0	410	690	10202	11704	8574	2458	604	596	
514876	Cerebelum_Crus1_R	0	0	0	0	0	0	0	0	0	0	0	0	0	0	0	0	0	0	0	0	0	0	0	0	0	0	0	0	0	0	0	0	0	0	0	0	0	242	0	1128	0	0	0	0	0	0	1266	5892	0	0	0	0	140	94	996	13666	0	0	0	0	0	0	0	0	0	0	0	0	0	0	0	0	0	0	0	0	0	0	0	0	0	0	0	0	0	0	0	0	0	1434	8306	0	2478	31076	562	4630	3884	25382	7352	60612	1412	5488	2050	25274	878	3582	0	334	210	2836	9896	15450	13074	4186	2604	1024	
241080	Cerebelum_Crus2_L	0	0	0	0	0	0	0	0	0	0	0	0	0	0	0	0	0	0	0	0	0	0	0	0	0	0	0	0	0	0	0	0	0	0	0	0	152	0	242	0	0	0	0	0	0	0	0	108	0	0	0	0	0	0	674	0	0	0	0	0	0	0	0	0	0	0	0	0	0	0	0	0	0	0	0	0	0	0	0	0	0	0	0	0	0	0	0	0	684	0	32674	2478	0	4394	706	0	2976	168	6218	1936	25524	2426	23460	2384	2740	84	276	0	126	164	660	3030	3900	2056	102	198	
302132	Cerebelum_Crus2_R	0	0	0	0	0	0	0	0	0	0	0	0	0	0	0	0	0	0	0	0	0	0	0	0	0	0	0	0	0	0	0	0	0	0	0	0	0	0	0	0	0	0	0	0	0	0	0	476	0	0	0	0	0	0	0	532	0	0	0	0	0	0	0	0	0	0	0	0	0	0	0	0	0	0	0	0	0	0	0	0	0	0	0	0	0	0	0	0	0	0	4994	31076	4394	0	214	1586	672	2496	3444	11870	1808	19900	2500	31574	674	3412	0	180	136	1328	1300	6748	11078	5856	2108	710	
48228	Cerebelum_3_L	0	0	0	0	0	0	0	0	0	0	0	0	0	0	0	0	0	0	0	0	0	0	0	0	0	0	0	0	0	0	0	0	0	0	0	0	0	0	122	0	0	0	0	0	0	0	148	276	0	0	0	0	0	0	138	0	0	0	0	0	0	0	0	0	0	0	0	0	0	0	0	0	0	0	0	0	0	0	0	0	0	0	0	0	0	0	0	0	110	0	2260	562	706	214	0	0	6574	254	3142	618	160	0	918	262	1788	0	96	0	878	1468	2078	502	526	208	106	0	
69948	Cerebelum_3_R	0	0	0	0	0	0	0	0	0	0	0	0	0	0	0	0	0	0	0	0	0	0	0	0	0	0	0	0	0	0	0	0	0	0	0	0	0	0	0	210	0	0	0	0	0	0	0	366	0	0	0	0	0	0	0	238	0	0	0	0	0	0	0	0	0	0	0	0	0	0	0	0	0	0	0	0	0	0	0	0	0	0	0	0	0	0	0	0	0	0	342	4630	0	1586	0	0	730	6178	534	6606	100	0	0	1754	0	2030	0	158	234	3594	1780	566	1378	1130	830	0	
333796	Cerebelum_4_5_L	0	0	0	0	0	0	0	0	0	0	0	0	0	0	0	0	0	0	0	0	0	0	0	0	0	0	0	0	0	0	0	0	0	0	0	0	1114	0	2042	0	0	0	0	0	0	0	12240	4884	0	0	88	0	874	86	14750	1934	0	0	0	0	0	0	0	0	0	0	0	0	0	0	0	0	0	0	0	0	0	0	0	0	0	0	0	0	0	0	0	0	344	0	25946	3884	2976	672	6574	730	0	7280	38064	5368	1712	0	2644	574	2332	284	400	0	1168	2206	20344	2726	1040	430	268	920	
337216	Cerebelum_4_5_R	0	120	0	0	0	0	0	0	0	0	0	0	0	0	0	0	0	0	0	0	0	0	0	0	0	0	0	0	0	86	0	0	0	0	286	732	554	3860	208	5394	0	162	0	318	0	0	2242	15906	0	0	0	0	244	970	1668	16288	0	0	0	0	0	0	0	0	0	0	316	1578	0	0	0	0	0	0	0	0	0	992	0	0	0	0	0	90	0	108	0	0	0	626	2934	25382	168	2496	254	6178	7280	0	5052	36922	244	218	226	4434	0	682	0	222	0	2276	17684	1024	984	452	206	542	
467012	Cerebelum_6_L	0	0	0	0	0	0	0	0	0	0	0	0	0	0	0	0	0	0	0	0	0	0	0	0	0	0	0	0	0	0	0	0	0	0	0	0	876	0	1564	0	0	0	104	194	0	98	14100	7032	0	186	0	190	494	524	23108	3326	0	0	0	0	0	0	0	0	0	0	0	0	0	0	0	0	0	0	0	0	0	0	0	0	0	0	0	0	0	0	0	0	1052	0	52018	7352	6218	3444	3142	534	38064	5052	0	9624	3148	198	4778	2654	3078	726	652	0	622	1010	16032	13532	5198	1504	888	1190	
537324	Cerebelum_6_R	0	0	0	0	0	0	0	0	0	0	0	0	0	0	0	0	0	0	0	0	0	0	0	0	0	0	0	0	0	0	0	0	0	0	250	558	466	1670	188	2716	0	0	0	344	0	172	2036	14636	0	284	0	300	150	2314	1512	21946	0	0	0	0	0	0	0	0	0	0	240	534	0	0	0	0	0	0	0	0	0	720	0	0	0	0	0	0	0	0	0	0	0	382	8630	60612	1936	11870	618	6606	5368	36922	9624	0	1070	864	1504	13014	686	3232	0	436	224	2966	15182	17712	11250	3368	2540	1010	
175184	Cerebelum_7b_L	0	0	0	0	0	0	0	0	0	0	0	0	0	0	0	0	0	0	0	0	0	0	0	0	0	0	0	0	0	0	0	0	0	0	0	0	154	0	252	0	0	0	0	0	0	0	0	90	0	0	0	0	0	0	574	0	0	0	0	0	0	0	0	0	0	0	0	0	0	0	0	0	0	0	0	0	0	0	0	0	0	0	0	0	0	0	0	0	140	0	13516	1412	25524	1808	160	100	1712	244	3148	1070	0	772	22854	1520	3966	84	688	0	114	198	708	1292	2902	2470	120	0	
114000	Cerebelum_7b_R	0	0	0	0	0	0	0	0	0	0	0	0	0	0	0	0	0	0	0	0	0	0	0	0	0	0	0	0	0	0	0	0	0	0	0	0	0	0	0	0	0	0	0	0	0	0	0	0	0	0	0	0	0	0	0	0	0	0	0	0	0	0	0	0	0	0	0	0	0	0	0	0	0	0	0	0	0	0	0	0	0	0	0	0	0	0	0	0	0	0	786	5488	2426	19900	0	0	0	218	198	864	772	0	964	19078	134	2510	0	0	0	0	0	432	1590	1640	0	0	
226772	Cerebelum_8_L	0	0	0	0	0	0	0	0	0	0	0	0	0	0	0	0	0	0	0	0	0	0	0	0	0	0	0	0	0	0	0	0	0	0	0	0	84	0	146	0	0	0	0	0	0	0	0	80	0	0	0	0	0	0	346	0	0	0	0	0	0	0	0	0	0	0	0	0	0	0	0	0	0	0	0	0	0	0	0	0	0	0	0	0	0	0	0	0	0	0	15874	2050	23460	2500	918	0	2644	226	4778	1504	22854	964	0	3452	14392	878	1194	96	140	124	786	2530	4976	5002	1264	124	
305148	Cerebelum_8_R	0	0	0	0	0	0	0	0	0	0	0	0	0	0	0	0	0	0	0	0	0	0	0	0	0	0	0	0	0	0	0	0	0	0	0	0	0	0	0	82	0	0	0	0	0	0	0	156	0	0	0	0	0	0	0	588	0	0	0	0	0	0	0	0	0	0	0	0	0	0	0	0	0	0	0	0	0	0	0	0	0	0	0	0	0	0	0	0	0	0	3474	25274	2384	31574	262	1754	574	4434	2654	13014	1520	19078	3452	0	1008	14382	0	476	128	1316	1442	4326	9646	6942	2370	264	
87832	Cerebelum_9_L	0	0	0	0	0	0	0	0	0	0	0	0	0	0	0	0	0	0	0	0	0	0	0	0	0	0	0	0	0	0	0	0	0	0	0	0	104	0	176	0	0	0	0	0	0	0	0	0	0	0	0	0	0	0	206	0	0	0	0	0	0	0	0	0	0	0	0	0	0	0	0	0	0	0	0	0	0	0	0	0	0	0	0	0	0	0	0	0	0	0	3248	878	2740	674	1788	0	2332	0	3078	686	3966	134	14392	1008	0	440	2274	0	98	0	244	1302	1828	1214	746	360	
105476	Cerebelum_9_R	0	0	0	0	0	0	0	0	0	0	0	0	0	0	0	0	0	0	0	0	0	0	0	0	0	0	0	0	0	0	0	0	0	0	0	0	0	0	0	0	0	0	0	0	0	0	0	164	0	0	0	0	0	0	0	0	0	0	0	0	0	0	0	0	0	0	0	0	0	0	0	0	0	0	0	0	0	0	0	0	0	0	0	0	0	0	0	0	0	0	400	3582	84	3412	0	2030	284	682	726	3232	84	2510	878	14382	440	0	0	984	224	1452	1514	2860	3028	3748	4310	1728	
11796	Cerebelum_10_L	0	0	0	0	0	0	0	0	0	0	0	0	0	0	0	0	0	0	0	0	0	0	0	0	0	0	0	0	0	0	0	0	0	0	0	0	0	0	0	0	0	0	0	0	0	0	0	0	0	0	0	0	0	0	0	0	0	0	0	0	0	0	0	0	0	0	0	0	0	0	0	0	0	0	0	0	0	0	0	0	0	0	0	0	0	0	0	0	0	0	318	0	276	0	96	0	400	0	652	0	688	0	1194	0	2274	0	0	0	0	0	0	0	0	0	0	0	
7072	Cerebelum_10_R	0	0	0	0	0	0	0	0	0	0	0	0	0	0	0	0	0	0	0	0	0	0	0	0	0	0	0	0	0	0	0	0	0	0	0	0	0	0	0	0	0	0	0	0	0	0	0	0	0	0	0	0	0	0	0	0	0	0	0	0	0	0	0	0	0	0	0	0	0	0	0	0	0	0	0	0	0	0	0	0	0	0	0	0	0	0	0	0	0	0	0	334	0	180	0	158	0	222	0	436	0	0	96	476	0	984	0	0	0	0	0	0	192	236	222	0	
