data	data	435100	331148	908028	993928	149464	91808	553312	334436	80608	45152	196484	161940	214308	112052	130556	97076	192816	155220	681252	842196	53612	79800	464304	501160	66600	94192	47784	75000	491724	330084	409680	550328	212796	725456	229044	243580	330012	422928	184232	289792	37596	70660	355884	297260	164124	284212	395468	369580	189748	277508	335032	216180	120408	112248	589716	563732	331604	317496	150680	182572	244636	235896	157116	270872	120804	211988	404536	422028	206604	312604	277092	383636	368260	338868	40008	23392	166320	254392	72028	27876	222136	150780	84276	58272	322116	234356	45216	36268	312364	273832	591376	452332	354212	284092	91060	33016	323272	226916	539960	501676	223160	183228	277368	269240	97560	107164	30400	24424	16332	24272	178760	220884	217964	95936	68704	19340	
data	data	Precentral_L	Precentral_R	Frontal_Sup_L	Frontal_Sup_R	Frontal_Sup_Orb_L	Frontal_Sup_Orb_R	Frontal_Mid_L	Frontal_Mid_R	Frontal_Mid_Orb_L	Frontal_Mid_Orb_R	Frontal_Inf_Oper_L	Frontal_Inf_Oper_R	Frontal_Inf_Tri_L	Frontal_Inf_Tri_R	Frontal_Inf_Orb_L	Frontal_Inf_Orb_R	Rolandic_Oper_L	Rolandic_Oper_R	Supp_Motor_Area_L	Supp_Motor_Area_R	Olfactory_L	Olfactory_R	Frontal_Sup_Medial_L	Frontal_Sup_Medial_R	Frontal_Med_Orb_L	Frontal_Med_Orb_R	Rectus_L	Rectus_R	Insula_L	Insula_R	Cingulum_Ant_L	Cingulum_Ant_R	Cingulum_Mid_L	Cingulum_Mid_R	Cingulum_Post_L	Cingulum_Post_R	Hippocampus_L	Hippocampus_R	ParaHippocampal_L	ParaHippocampal_R	Amygdala_L	Amygdala_R	Calcarine_L	Calcarine_R	Cuneus_L	Cuneus_R	Lingual_L	Lingual_R	Occipital_Sup_L	Occipital_Sup_R	Occipital_Mid_L	Occipital_Mid_R	Occipital_Inf_L	Occipital_Inf_R	Fusiform_L	Fusiform_R	Postcentral_L	Postcentral_R	Parietal_Sup_L	Parietal_Sup_R	Parietal_Inf_L	Parietal_Inf_R	SupraMarginal_L	SupraMarginal_R	Angular_L	Angular_R	Precuneus_L	Precuneus_R	Paracentral_Lobule_L	Paracentral_Lobule_R	Caudate_L	Caudate_R	Putamen_L	Putamen_R	Pallidum_L	Pallidum_R	Thalamus_L	Thalamus_R	Heschl_L	Heschl_R	Temporal_Sup_L	Temporal_Sup_R	Temporal_Pole_Sup_L	Temporal_Pole_Sup_R	Temporal_Mid_L	Temporal_Mid_R	Temporal_Pole_Mid_L	Temporal_Pole_Mid_R	Temporal_Inf_L	Temporal_Inf_R	Cerebelum_Crus1_L	Cerebelum_Crus1_R	Cerebelum_Crus2_L	Cerebelum_Crus2_R	Cerebelum_3_L	Cerebelum_3_R	Cerebelum_4_5_L	Cerebelum_4_5_R	Cerebelum_6_L	Cerebelum_6_R	Cerebelum_7b_L	Cerebelum_7b_R	Cerebelum_8_L	Cerebelum_8_R	Cerebelum_9_L	Cerebelum_9_R	Cerebelum_10_L	Cerebelum_10_R	Vermis_1_2	Vermis_3	Vermis_4_5	Vermis_6	Vermis_7	Vermis_8	Vermis_9	Vermis_10	
435100	Precentral_L	0	6554	16608	6604	0	0	25272	1936	0	0	17262	0	2008	0	172	0	7864	0	7206	6666	0	0	0	0	0	0	0	0	10694	0	570	110	0	2024	2204	1892	5620	902	2200	0	0	0	660	0	90	0	668	0	0	0	636	0	368	0	1996	0	24946	1280	0	0	3046	0	2028	410	284	0	640	0	18160	726	7150	646	6444	270	652	0	11160	2926	2764	0	2406	0	0	0	848	0	0	0	1854	124	0	0	0	0	0	0	0	0	0	0	0	0	0	0	0	0	0	0	0	0	0	0	0	0	0	0	
331148	Precentral_R	6554	0	1962	21792	0	0	1272	11090	0	0	150	3844	0	0	0	0	454	3892	3552	5120	0	0	76	0	0	0	0	0	1164	2126	226	1508	442	1930	2270	4320	3054	6024	1598	1006	0	0	0	216	0	368	90	290	0	0	0	466	0	0	528	784	382	21108	0	218	0	2428	0	4984	0	94	0	1674	4820	9672	436	4112	110	2274	0	126	3610	13656	290	1258	108	1808	0	0	0	1770	0	0	0	2468	0	0	0	0	0	0	0	0	0	0	0	0	0	0	0	0	0	0	0	0	0	0	0	0	0	0	
908028	Frontal_Sup_L	16608	1962	0	18788	10566	0	64812	3858	2296	0	3452	0	9648	78	5496	928	2546	0	69070	22088	0	0	55492	16488	3648	430	2006	0	22166	172	26084	12210	10474	18368	226	176	3354	194	1608	0	0	0	1410	0	1018	0	422	0	0	0	246	0	142	0	1504	0	314	1070	0	0	88	0	0	340	0	0	608	0	1164	0	7458	1020	19760	468	1476	0	6446	710	560	0	874	0	560	0	426	0	0	0	638	0	0	0	0	0	0	0	0	0	0	0	0	0	0	0	0	0	0	0	0	0	0	0	0	0	0	0	
993928	Frontal_Sup_R	6604	21792	18788	0	156	4682	2310	43148	0	3228	0	9472	0	7822	0	5684	392	4514	25506	73280	120	368	7142	42548	92	3332	0	2268	1436	15240	5602	37998	1282	39532	2260	3620	3242	8540	1836	3400	0	0	934	0	436	0	170	148	0	0	0	0	0	0	550	1272	398	944	0	0	0	0	0	188	0	0	634	468	3138	140	5684	30916	1206	18764	100	2238	3662	15464	284	178	86	564	0	0	0	0	0	0	0	1162	0	0	0	0	0	0	0	0	0	0	0	0	0	0	0	0	0	0	0	0	0	0	0	0	0	0	
149464	Frontal_Sup_Orb_L	0	0	10566	156	0	0	1156	0	11274	0	0	0	124	0	8110	0	0	0	102	0	1876	0	8918	1490	5826	392	5452	0	5020	0	5180	1244	0	0	0	0	326	0	0	0	0	0	0	0	0	0	0	0	0	0	0	0	0	0	228	0	0	0	0	0	0	0	0	0	0	0	0	0	0	0	0	0	6594	0	0	0	0	0	0	0	0	0	330	0	0	0	0	0	368	0	0	0	0	0	0	0	0	0	0	0	0	0	0	0	0	0	0	0	0	0	0	0	0	0	0	0	
91808	Frontal_Sup_Orb_R	0	0	0	4682	0	0	0	2070	0	4490	0	0	0	618	0	3286	0	0	0	192	0	622	282	3392	394	10054	0	9526	0	632	1038	2652	0	272	0	0	0	0	0	0	0	0	0	0	0	0	0	0	0	0	0	0	0	0	0	0	0	0	0	0	0	0	0	0	0	0	0	0	0	0	104	684	120	794	0	0	0	0	0	0	0	0	0	0	0	0	0	0	0	0	0	0	0	0	0	0	0	0	0	0	0	0	0	0	0	0	0	0	0	0	0	0	0	0	0	0	
553312	Frontal_Mid_L	25272	1272	64812	2310	1156	0	0	2840	4408	0	15740	0	37226	0	9900	228	1020	0	9458	2264	0	0	17432	2794	0	0	0	0	22772	0	12778	2652	5074	3342	668	180	1876	116	826	0	0	0	2330	0	1726	0	932	0	0	0	526	0	320	0	996	0	1472	320	0	0	258	0	172	158	0	0	1466	0	428	0	3548	110	7558	148	462	0	2372	318	272	0	482	0	390	0	802	0	0	0	674	0	0	0	0	0	0	0	0	0	0	0	0	0	0	0	0	0	0	0	0	0	0	0	0	0	0	0	
334436	Frontal_Mid_R	1936	11090	3858	43148	0	2070	2840	0	0	1544	106	8428	0	10776	0	5886	186	1580	5302	9126	0	0	1260	8266	0	0	0	0	1596	6516	636	4836	0	7320	440	800	786	2720	532	1094	0	0	972	0	184	0	0	0	0	0	0	0	0	0	158	258	0	1036	0	0	0	0	0	0	0	0	410	332	270	0	4448	4480	1938	4456	154	154	360	1776	76	0	0	568	0	0	86	82	0	0	0	342	0	0	0	0	0	0	0	0	0	0	0	0	0	0	0	0	0	0	0	0	0	0	0	0	0	0	
80608	Frontal_Mid_Orb_L	0	0	2296	0	11274	0	4408	0	0	0	0	0	3160	0	12768	0	0	0	0	0	172	0	248	0	522	0	1862	0	1708	0	250	0	0	0	0	0	0	0	0	0	0	0	0	0	0	0	0	0	0	0	0	0	0	0	0	0	0	0	0	0	0	0	0	0	0	0	0	0	0	0	0	0	1544	0	0	0	0	0	0	0	0	0	92	0	0	0	0	0	0	0	0	0	0	0	0	0	0	0	0	0	0	0	0	0	0	0	0	0	0	0	0	0	0	0	0	0	
45152	Frontal_Mid_Orb_R	0	0	0	3228	0	4490	0	1544	0	0	0	0	0	1548	0	5308	0	0	80	192	0	0	94	570	166	1058	0	774	0	380	144	1530	0	174	0	0	0	0	0	0	0	0	0	0	0	0	0	0	0	0	0	0	0	0	0	0	0	0	0	0	0	0	0	0	0	0	0	0	0	0	0	560	0	736	0	0	0	0	0	0	0	0	0	0	0	0	0	0	0	0	0	0	0	0	0	0	0	0	0	0	0	0	0	0	0	0	0	0	0	0	0	0	0	0	0	0	
196484	Frontal_Inf_Oper_L	17262	150	3452	0	0	0	15740	106	0	0	0	0	14358	0	180	0	10882	0	1564	0	0	0	74	0	0	0	0	0	13634	0	142	0	0	0	446	276	858	214	162	0	0	0	192	0	0	0	136	0	0	0	212	0	112	0	748	0	4040	0	0	0	300	0	284	0	0	0	158	0	246	0	152	0	2724	0	0	0	434	244	1156	0	5418	0	1446	0	286	0	0	0	454	0	0	0	0	0	0	0	0	0	0	0	0	0	0	0	0	0	0	0	0	0	0	0	0	0	0	0	
161940	Frontal_Inf_Oper_R	0	3844	0	9472	0	0	0	8428	0	0	0	0	0	7408	0	0	0	6618	0	6636	0	0	0	746	0	0	0	0	0	13112	0	760	0	4046	0	0	0	1796	0	1076	0	0	0	0	0	0	0	0	0	0	0	0	0	0	0	728	0	900	0	0	0	0	0	0	0	0	0	0	0	0	218	4208	0	8566	0	136	0	78	0	1632	0	452	0	0	0	0	0	0	0	110	0	0	0	0	0	0	0	0	0	0	0	0	0	0	0	0	0	0	0	0	0	0	0	0	0	0	
214308	Frontal_Inf_Tri_L	2008	0	9648	0	124	0	37226	0	3160	0	14358	0	0	0	12658	0	2238	0	1214	0	0	0	508	0	0	0	0	0	16980	0	176	76	0	0	0	0	104	0	0	0	0	0	148	0	112	0	0	0	0	0	0	0	0	0	158	0	670	0	0	0	0	0	78	0	0	0	86	0	0	0	0	0	2064	0	0	0	0	0	0	0	1640	0	1510	0	82	0	0	0	128	0	0	0	0	0	0	0	0	0	0	0	0	0	0	0	0	0	0	0	0	0	0	0	0	0	0	0	
112052	Frontal_Inf_Tri_R	0	0	78	7822	0	618	0	10776	0	1548	0	7408	0	0	0	4992	0	166	166	4220	0	0	0	1366	0	0	0	0	0	8118	0	2202	0	3392	0	0	0	106	0	0	0	0	0	0	0	0	0	0	0	0	0	0	0	0	0	0	0	0	0	0	0	0	0	0	0	0	0	0	0	0	0	1898	0	1150	0	0	0	0	0	0	0	0	0	0	0	0	0	0	0	0	0	0	0	0	0	0	0	0	0	0	0	0	0	0	0	0	0	0	0	0	0	0	0	0	0	0	
130556	Frontal_Inf_Orb_L	172	0	5496	0	8110	0	9900	0	12768	0	180	0	12658	0	0	0	0	0	250	0	852	0	468	0	0	0	860	0	10218	0	136	0	0	0	0	0	534	0	0	0	504	0	0	0	0	0	0	0	0	0	0	0	0	0	210	0	0	0	0	0	0	0	0	0	0	0	0	0	0	0	0	0	1014	0	0	0	0	0	0	0	0	0	830	0	0	0	0	0	118	0	0	0	0	0	0	0	0	0	0	0	0	0	0	0	0	0	0	0	0	0	0	0	0	0	0	0	
97076	Frontal_Inf_Orb_R	0	0	928	5684	0	3286	228	5886	0	5308	0	0	0	4992	0	0	0	0	626	498	0	1268	1580	3334	0	0	0	996	0	4008	246	3656	156	3356	0	0	0	86	0	296	0	248	0	0	0	0	0	0	0	0	0	0	0	0	0	236	0	0	0	0	0	0	0	0	0	0	0	0	0	0	0	454	0	730	0	0	0	0	0	0	0	0	0	358	0	0	0	94	0	0	0	0	0	0	0	0	0	0	0	0	0	0	0	0	0	0	0	0	0	0	0	0	0	0	0	0	
192816	Rolandic_Oper_L	7864	454	2546	392	0	0	1020	186	0	0	10882	0	2238	0	0	0	0	0	2272	0	0	0	0	0	0	0	0	0	19424	0	0	0	0	0	736	820	1950	672	180	0	0	0	104	0	0	0	74	0	0	0	0	0	176	0	1794	0	13614	0	0	0	1064	0	2878	0	0	0	118	0	980	0	80	0	2250	0	0	0	1006	930	3978	0	11800	0	914	0	858	0	0	0	2154	0	0	0	0	0	0	0	0	0	0	0	0	0	0	0	0	0	0	0	0	0	0	0	0	0	0	0	
155220	Rolandic_Oper_R	0	3892	0	4514	0	0	0	1580	0	0	0	6618	0	166	0	0	0	0	0	4024	0	0	0	202	0	0	0	0	0	12038	0	224	0	1700	370	824	398	2108	398	532	0	0	0	208	0	0	0	184	0	0	0	0	0	110	0	1664	0	7294	0	0	0	0	0	1738	0	0	0	688	0	688	0	1526	0	3984	0	0	80	906	0	3362	0	9142	0	0	0	860	0	0	0	5588	0	0	0	0	0	0	0	0	0	0	0	0	0	0	0	0	0	0	0	0	0	0	0	0	0	0	
681252	Supp_Motor_Area_L	7206	3552	69070	25506	102	0	9458	5302	0	80	1564	0	1214	166	250	626	2272	0	0	49856	0	0	14912	13200	0	0	0	0	9876	272	9084	13660	14964	36936	1792	278	2268	138	850	0	0	0	226	0	1100	108	182	0	570	100	88	0	0	0	908	0	136	380	0	0	0	0	0	118	0	0	1402	478	6630	654	7510	1100	14488	614	4126	76	3234	160	276	0	706	0	292	0	208	0	0	0	302	0	0	0	0	0	0	0	0	0	0	0	0	0	0	0	0	0	0	0	0	0	0	0	0	0	0	0	
842196	Supp_Motor_Area_R	6666	5120	22088	73280	0	192	2264	9126	0	192	0	6636	0	4220	0	498	0	4024	49856	0	0	0	3042	17994	0	0	0	0	318	10392	3104	16668	6226	65864	3256	5452	120	3486	84	2110	0	0	410	990	322	1640	0	282	0	1310	0	766	0	0	94	936	0	2082	0	112	0	148	0	318	0	196	408	5894	12756	20634	3894	23030	928	13886	98	2262	122	2256	0	174	0	492	0	0	0	1242	0	0	0	1138	0	0	0	0	0	0	0	0	0	0	0	0	0	0	0	0	0	0	0	0	0	0	0	0	0	0	
53612	Olfactory_L	0	0	0	120	1876	0	0	0	172	0	0	0	0	0	852	0	0	0	0	0	0	4050	0	0	158	184	570	556	2932	0	2116	1012	0	0	0	0	686	0	202	0	602	0	0	0	0	0	0	0	0	0	0	0	0	0	340	0	0	0	0	0	0	0	0	0	0	0	0	0	0	0	5068	2016	2406	0	0	0	0	0	0	0	0	0	504	0	0	0	0	0	384	0	0	0	0	0	0	0	0	0	0	0	0	0	0	0	0	0	0	0	0	0	0	0	0	0	0	0	
79800	Olfactory_R	0	0	0	368	0	622	0	0	0	0	0	0	0	0	0	1268	0	0	0	0	4050	0	0	198	0	1330	144	2988	0	2942	2396	3028	0	0	0	0	0	422	0	510	0	846	0	0	0	0	0	0	0	0	0	0	0	0	0	526	0	0	0	0	0	0	0	0	0	0	0	0	0	0	6596	5280	4630	1606	0	0	0	0	0	0	0	0	0	150	0	0	0	0	0	0	0	0	0	0	0	0	0	0	0	0	0	0	0	0	0	0	0	0	0	0	0	0	0	0	0	0	
464304	Frontal_Sup_Medial_L	0	76	55492	7142	8918	282	17432	1260	248	94	74	0	508	0	468	1580	0	0	14912	3042	0	0	0	28668	7122	1674	2482	0	958	0	30182	19146	11420	14180	118	0	0	0	0	0	0	0	94	0	170	0	0	0	0	0	0	0	0	0	0	0	0	0	0	0	0	0	0	0	0	0	76	0	0	0	132	206	3922	74	0	0	0	0	0	0	0	0	0	0	0	0	0	0	0	0	0	0	0	0	0	0	0	0	0	0	0	0	0	0	0	0	0	0	0	0	0	0	0	0	0	0	
501160	Frontal_Sup_Medial_R	0	0	16488	42548	1490	3392	2794	8266	0	570	0	746	0	1366	0	3334	0	202	13200	17994	0	198	28668	0	1624	7084	360	2226	0	1714	10906	40916	3340	30974	0	0	0	84	0	0	0	0	0	0	0	0	0	0	0	0	0	0	0	0	0	0	0	0	0	0	0	0	0	0	0	0	0	0	0	0	330	6552	240	2682	0	0	0	292	0	0	0	0	0	0	0	0	0	0	0	0	0	0	0	0	0	0	0	0	0	0	0	0	0	0	0	0	0	0	0	0	0	0	0	0	0	0	
66600	Frontal_Med_Orb_L	0	0	3648	92	5826	394	0	0	522	166	0	0	0	0	0	0	0	0	0	0	158	0	7122	1624	0	1728	4640	106	0	0	5730	616	0	0	0	0	0	0	0	0	0	0	0	0	0	0	0	0	0	0	0	0	0	0	0	0	0	0	0	0	0	0	0	0	0	0	0	0	0	0	240	0	688	0	0	0	0	0	0	0	0	0	0	0	0	0	0	0	0	0	0	0	0	0	0	0	0	0	0	0	0	0	0	0	0	0	0	0	0	0	0	0	0	0	0	0	
94192	Frontal_Med_Orb_R	0	0	430	3332	392	10054	0	0	0	1058	0	0	0	0	0	0	0	0	0	0	184	1330	1674	7084	1728	0	298	8850	0	0	3318	5068	0	0	0	0	0	0	0	0	0	0	0	0	0	0	0	0	0	0	0	0	0	0	0	0	0	0	0	0	0	0	0	0	0	0	0	0	0	0	302	1464	218	312	0	0	0	0	0	0	0	0	0	0	0	0	0	0	0	0	0	0	0	0	0	0	0	0	0	0	0	0	0	0	0	0	0	0	0	0	0	0	0	0	0	0	
47784	Rectus_L	0	0	2006	0	5452	0	0	0	1862	0	0	0	0	0	860	0	0	0	0	0	570	144	2482	360	4640	298	0	128	422	0	3514	80	0	0	0	0	0	0	0	0	0	0	0	0	0	0	0	0	0	0	0	0	0	0	0	0	0	0	0	0	0	0	0	0	0	0	0	0	0	0	430	0	644	0	0	0	0	0	0	0	0	0	0	0	0	0	0	0	0	0	0	0	0	0	0	0	0	0	0	0	0	0	0	0	0	0	0	0	0	0	0	0	0	0	0	0	
75000	Rectus_R	0	0	0	2268	0	9526	0	0	0	774	0	0	0	0	0	996	0	0	0	0	556	2988	0	2226	106	8850	128	0	0	1172	972	3428	0	0	0	0	0	0	0	0	0	0	0	0	0	0	0	0	0	0	0	0	0	0	0	0	0	0	0	0	0	0	0	0	0	0	0	0	0	0	718	1560	348	808	0	0	0	0	0	0	0	0	0	76	0	0	0	0	0	0	0	0	0	0	0	0	0	0	0	0	0	0	0	0	0	0	0	0	0	0	0	0	0	0	0	0	
491724	Insula_L	10694	1164	22166	1436	5020	0	22772	1596	1708	0	13634	0	16980	0	10218	0	19424	0	9876	318	2932	0	958	0	0	0	422	0	0	0	1508	122	0	326	1466	1490	11466	1226	3302	0	1038	0	1046	0	264	0	348	0	0	0	254	0	356	0	10400	0	6946	0	0	0	230	0	580	0	0	0	588	0	870	0	1996	0	19032	0	90	0	2824	1808	6360	0	10582	0	4532	0	3238	0	0	0	9984	0	90	0	0	0	0	0	74	0	108	0	0	0	0	0	0	0	0	0	0	0	0	0	0	0	0	0	
330084	Insula_R	0	2126	172	15240	0	632	0	6516	0	380	0	13112	0	8118	0	4008	0	12038	272	10392	0	2942	0	1714	0	0	0	1172	0	0	0	2372	0	5260	692	1482	818	8186	816	3798	0	1464	0	172	0	0	0	192	0	0	0	0	0	100	98	6154	0	1686	0	0	0	0	0	152	0	0	156	1134	0	146	140	6454	0	24814	0	178	126	2540	0	2186	0	6802	0	300	0	1438	0	0	0	6352	0	0	0	0	0	0	0	0	0	0	0	0	0	0	0	0	0	0	0	0	0	0	0	0	0	0	
409680	Cingulum_Ant_L	570	226	26084	5602	5180	1038	12778	636	250	144	142	0	176	0	136	246	0	0	9084	3104	2116	2396	30182	10906	5730	3318	3514	972	1508	0	0	23656	11032	8070	354	0	494	0	160	0	0	0	572	0	184	0	310	0	0	0	0	0	0	0	148	0	0	0	0	0	0	0	0	0	0	0	466	0	148	0	13542	2806	15386	748	100	0	424	0	0	0	0	0	0	0	90	0	0	0	112	0	0	0	0	0	0	0	0	0	0	0	0	0	0	0	0	0	0	0	0	0	0	0	0	0	0	0	
550328	Cingulum_Ant_R	110	1508	12210	37998	1244	2652	2652	4836	0	1530	0	760	76	2202	0	3656	0	224	13660	16668	1012	3028	19146	40916	616	5068	80	3428	122	2372	23656	0	6240	32544	0	0	0	112	0	0	0	0	0	0	0	0	0	0	0	0	0	0	0	0	0	0	0	0	0	0	0	0	0	0	0	0	76	0	0	0	4268	18104	3908	7362	228	88	0	804	0	0	0	0	0	0	0	0	0	0	0	0	0	0	0	0	0	0	0	0	0	0	0	0	0	0	0	0	0	0	0	0	0	0	0	0	0	0	
212796	Cingulum_Mid_L	0	442	10474	1282	0	0	5074	0	0	0	0	0	0	0	0	156	0	0	14964	6226	0	0	11420	3340	0	0	0	0	0	0	11032	6240	0	17070	3284	372	0	0	0	0	0	0	160	0	2682	0	0	0	1622	0	442	0	0	0	0	0	0	0	116	0	0	0	0	0	0	0	5740	830	3050	286	0	0	94	0	0	0	0	0	0	0	0	0	0	0	0	0	0	0	0	0	0	0	0	0	0	0	0	0	0	0	0	0	0	0	0	0	0	0	0	0	0	0	0	0	0	0	
725456	Cingulum_Mid_R	2024	1930	18368	39532	0	272	3342	7320	0	174	0	4046	0	3392	0	3356	0	1700	36936	65864	0	0	14180	30974	0	0	0	0	326	5260	8070	32544	17070	0	2388	5822	100	140	0	96	0	0	350	694	276	3208	0	300	0	2616	0	1618	0	0	0	82	0	2468	0	84	0	0	0	96	0	90	1036	10698	6198	12558	2690	7400	702	2064	272	0	106	0	0	0	0	0	0	0	0	1708	0	0	0	188	0	0	0	0	0	0	0	0	0	0	0	0	0	0	0	0	0	0	0	0	0	0	0	0	0	0	
229044	Cingulum_Post_L	2204	2270	226	2260	0	0	668	440	0	0	446	0	0	0	0	0	736	370	1792	3256	0	0	118	0	0	0	0	0	1466	692	354	0	3284	2388	0	12170	7888	5166	4516	222	0	0	9764	0	1416	0	7934	0	908	0	932	0	382	0	3942	82	1090	0	114	0	218	0	106	0	0	0	13952	1452	5246	2632	180	134	120	0	0	0	2066	6778	418	0	138	0	0	0	488	0	0	0	784	80	150	0	0	0	0	0	0	0	0	0	0	0	0	0	0	0	0	0	0	0	84	0	0	0	0	0	
243580	Cingulum_Post_R	1892	4320	176	3620	0	0	180	800	0	0	276	0	0	0	0	0	820	824	278	5452	0	0	0	0	0	0	0	0	1490	1482	0	0	372	5822	12170	0	6156	10860	2874	1644	0	0	184	3654	0	390	0	6900	0	192	0	94	0	84	876	1694	998	2362	0	464	0	508	0	506	0	584	1178	15350	1298	5908	0	278	0	74	0	0	3080	10020	474	0	168	230	0	0	0	804	0	0	84	1532	0	0	0	0	0	0	0	0	0	0	0	0	0	0	0	0	0	0	0	0	314	0	0	0	0	0	
330012	Hippocampus_L	5620	3054	3354	3242	326	0	1876	786	0	0	858	0	104	0	534	0	1950	398	2268	120	686	0	0	0	0	0	0	0	11466	818	494	0	0	100	7888	6156	0	4982	23838	254	6900	0	2244	0	0	0	4554	0	0	0	0	0	0	0	23024	120	1664	92	0	0	0	0	90	0	0	0	3050	1446	86	0	1052	86	7804	0	298	0	6862	7820	1042	0	2640	0	1744	0	156	0	874	0	9384	124	170	0	0	0	0	0	296	0	212	0	0	0	0	0	0	0	0	0	0	0	0	0	0	0	0	0	
422928	Hippocampus_R	902	6024	194	8540	0	0	116	2720	0	0	214	1796	0	106	0	86	672	2108	138	3486	0	422	0	84	0	0	0	0	1226	8186	0	112	0	140	5166	10860	4982	0	2370	39422	0	9338	206	2628	0	0	104	6116	0	0	0	0	0	74	550	33090	880	1096	0	0	0	0	0	140	0	0	418	8236	0	224	196	2644	0	17250	0	732	1544	10722	342	0	126	1486	0	1272	0	438	0	0	0	8408	0	776	0	90	0	90	0	636	0	1062	0	0	0	124	0	0	0	0	0	0	354	0	0	0	0	0	
184232	ParaHippocampal_L	2200	1598	1608	1836	0	0	826	532	0	0	162	0	0	0	0	0	180	398	850	84	202	0	0	0	0	0	0	0	3302	816	160	0	0	0	4516	2874	23838	2370	0	246	3058	0	1544	0	0	0	3964	0	0	0	0	0	0	0	12038	116	0	88	0	0	0	0	0	0	0	0	2146	1440	0	0	246	0	1416	0	0	0	3320	4222	0	0	1074	0	2792	0	128	0	2076	0	3338	116	0	0	0	0	0	0	396	0	0	0	0	0	0	0	0	0	0	0	0	0	0	0	0	0	0	0	
289792	ParaHippocampal_R	0	1006	0	3400	0	0	0	1094	0	0	0	1076	0	0	0	296	0	532	0	2110	0	510	0	0	0	0	0	0	0	3798	0	0	0	96	222	1644	254	39422	246	0	0	10790	0	1958	0	0	0	5162	0	0	0	0	0	0	0	30724	0	312	0	0	0	0	0	0	0	0	122	4558	0	128	0	1430	0	12050	0	600	0	2012	0	0	0	334	0	5044	0	104	0	2122	0	3124	0	906	0	132	0	108	0	2296	0	2006	0	0	0	196	0	918	0	188	0	0	170	0	574	554	568	0	
37596	Amygdala_L	0	0	0	0	0	0	0	0	0	0	0	0	0	0	504	0	0	0	0	0	602	0	0	0	0	0	0	0	1038	0	0	0	0	0	0	0	6900	0	3058	0	0	0	0	0	0	0	0	0	0	0	0	0	0	0	3236	0	0	0	0	0	0	0	0	0	0	0	0	0	0	0	0	0	956	0	0	0	0	0	0	0	0	0	1256	0	0	0	764	0	484	0	0	0	0	0	0	0	0	0	0	0	0	0	0	0	0	0	0	0	0	0	0	0	0	0	0	0	
70660	Amygdala_R	0	0	0	0	0	0	0	0	0	0	0	0	0	0	0	248	0	0	0	0	0	846	0	0	0	0	0	0	0	1464	0	0	0	0	0	0	0	9338	0	10790	0	0	0	0	0	0	0	0	0	0	0	0	0	0	0	7688	0	0	0	0	0	0	0	0	0	0	0	0	0	0	0	0	0	1914	0	0	0	0	0	0	0	0	0	2670	0	0	0	210	0	162	0	0	0	0	0	0	0	0	0	0	0	0	0	0	0	0	0	0	0	0	0	0	0	0	0	0	
355884	Calcarine_L	660	0	1410	934	0	0	2330	972	0	0	192	0	148	0	0	0	104	0	226	410	0	0	94	0	0	0	0	0	1046	0	572	0	160	350	9764	184	2244	206	1544	0	0	0	0	10424	11442	8986	30134	3458	10136	5500	12150	1074	4768	694	13182	1150	1076	0	1408	0	262	0	0	0	102	0	25110	752	3160	0	2456	138	382	0	0	0	196	212	210	0	0	0	0	0	2060	0	0	0	1526	362	1204	0	0	0	0	0	0	0	560	0	0	0	0	0	0	0	0	0	0	0	0	118	0	0	0	0	
297260	Calcarine_R	0	216	0	0	0	0	0	0	0	0	0	0	0	0	0	0	0	208	0	990	0	0	0	0	0	0	0	0	0	172	0	0	0	694	0	3654	0	2628	0	1958	0	0	10424	0	1644	22158	2998	25476	126	16216	0	6070	0	8538	0	10608	0	820	0	248	0	120	0	120	0	138	2058	18146	0	1766	0	0	0	0	0	0	0	0	0	0	0	126	0	0	0	2440	0	0	0	7792	0	0	0	0	0	0	0	78	0	0	0	0	0	0	0	0	0	0	0	0	0	0	0	0	0	0	
164124	Cuneus_L	90	0	1018	436	0	0	1726	184	0	0	0	0	112	0	0	0	0	0	1100	322	0	0	170	0	0	0	0	0	264	0	184	0	2682	276	1416	0	0	0	0	0	0	0	11442	1644	0	3688	1606	152	18190	782	5942	0	98	0	450	90	212	0	5024	0	0	0	0	0	0	0	19678	538	1294	0	876	0	122	0	0	0	0	0	0	0	0	0	0	0	254	0	0	0	0	0	0	0	0	0	0	0	0	0	0	0	0	0	0	0	0	0	0	0	0	0	0	0	0	0	0	0	
284212	Cuneus_R	0	368	0	0	0	0	0	0	0	0	0	0	0	0	0	0	0	0	108	1640	0	0	0	0	0	0	0	0	0	0	0	0	0	3208	0	390	0	0	0	0	0	0	8986	22158	3688	0	1824	7322	236	30742	0	11442	0	3450	0	3530	0	1200	0	870	0	440	0	440	0	520	8662	22118	84	3532	0	0	0	0	0	0	0	0	0	0	0	0	0	0	0	3420	0	0	0	1728	0	0	0	0	0	0	0	0	0	0	0	0	0	0	0	0	0	0	0	0	0	0	0	0	0	0	
395468	Lingual_L	668	90	422	170	0	0	932	0	0	0	136	0	0	0	0	0	74	0	182	0	0	0	0	0	0	0	0	0	348	0	310	0	0	0	7934	0	4554	104	3964	0	0	0	30134	2998	1606	1824	0	5942	2790	1936	8616	958	6844	174	30466	1286	802	0	656	0	568	0	0	0	268	0	16176	306	1682	0	412	0	258	0	0	0	882	172	130	0	0	0	0	0	2102	0	0	0	1330	0	13644	1882	1358	252	234	0	6200	900	17234	3634	360	0	156	0	0	0	0	0	0	0	2218	6530	1926	0	0	0	
369580	Lingual_R	0	290	0	148	0	0	0	0	0	0	0	0	0	0	0	0	0	184	0	282	0	0	0	0	0	0	0	0	0	192	0	0	0	300	0	6900	0	6116	0	5162	0	0	3458	25476	152	7322	5942	0	0	6988	0	4490	0	7126	3110	25692	0	700	0	150	0	160	0	156	0	186	1452	17276	0	860	0	102	0	0	0	0	0	624	0	0	0	86	0	0	0	316	0	0	0	3984	4626	8190	258	0	150	164	1798	4760	6796	11080	132	0	92	0	0	0	0	0	0	156	3274	7418	376	0	0	138	
189748	Occipital_Sup_L	0	0	0	0	0	0	0	0	0	0	0	0	0	0	0	0	0	0	570	0	0	0	0	0	0	0	0	0	0	0	0	0	1622	0	908	0	0	0	0	0	0	0	10136	126	18190	236	2790	0	0	0	17764	0	1462	0	1952	0	192	0	13336	0	1166	0	0	0	156	0	19292	154	576	0	0	0	0	0	0	0	0	0	0	0	0	0	0	0	4000	0	0	0	246	0	0	0	0	0	0	0	0	0	0	0	0	0	0	0	0	0	0	0	0	0	0	0	0	0	0	0	
277508	Occipital_Sup_R	0	0	0	0	0	0	0	0	0	0	0	0	0	0	0	0	0	0	100	1310	0	0	0	0	0	0	0	0	0	0	0	0	0	2616	0	192	0	0	0	0	0	0	5500	16216	782	30742	1936	6988	0	0	0	21944	0	3924	0	3756	0	590	0	3370	0	2448	0	1568	0	4790	6076	16604	0	2430	0	0	0	0	0	0	0	0	0	0	0	0	0	0	0	2860	0	0	0	2012	0	0	0	0	0	0	0	0	0	0	0	0	0	0	0	0	0	0	0	0	0	0	0	0	0	0	
335032	Occipital_Mid_L	636	0	246	0	0	0	526	0	0	0	212	0	0	0	0	0	0	0	88	0	0	0	0	0	0	0	0	0	254	0	0	0	442	0	932	0	0	0	0	0	0	0	12150	0	5942	0	8616	0	17764	0	0	0	16736	0	11756	0	2146	0	14256	0	15362	0	474	0	13630	0	11390	0	1664	0	0	0	0	0	0	0	0	0	0	0	226	0	0	0	26736	0	0	0	5332	0	0	0	0	0	0	0	0	0	0	0	0	0	0	0	0	0	0	0	0	0	0	0	0	0	0	0	
216180	Occipital_Mid_R	0	466	0	0	0	0	0	0	0	0	0	0	0	0	0	0	0	0	0	766	0	0	0	0	0	0	0	0	0	0	0	0	0	1618	0	94	0	0	0	0	0	0	1074	6070	0	11442	958	4490	0	21944	0	0	0	6968	0	2970	0	1184	0	2308	0	3028	0	2878	0	9510	2732	10000	0	2820	0	0	0	0	0	0	0	0	0	0	0	76	0	0	0	11502	0	0	0	3192	0	0	0	0	0	0	0	0	0	0	0	0	0	0	0	0	0	0	0	0	0	0	0	0	0	0	
120408	Occipital_Inf_L	368	0	142	0	0	0	320	0	0	0	112	0	0	0	0	0	176	0	0	0	0	0	0	0	0	0	0	0	356	0	0	0	0	0	382	0	0	0	0	0	0	0	4768	0	98	0	6844	0	1462	0	16736	0	0	0	8994	0	862	0	362	0	640	0	288	0	954	0	1036	0	456	0	0	0	0	0	0	0	0	0	312	0	0	0	0	0	8932	0	0	0	5358	0	170	0	0	0	0	0	0	0	0	0	0	0	0	0	0	0	0	0	0	0	0	76	0	0	0	0	
112248	Occipital_Inf_R	0	0	0	0	0	0	0	0	0	0	0	0	0	0	0	0	0	110	0	0	0	0	0	0	0	0	0	0	0	100	0	0	0	0	0	84	0	74	0	0	0	0	694	8538	0	3450	174	7126	0	3924	0	6968	0	0	0	7740	0	124	0	0	0	0	0	0	0	0	1194	3222	0	114	0	0	0	0	0	0	0	0	0	0	0	0	0	0	0	1194	0	0	0	9988	0	142	0	0	0	0	0	0	0	706	0	0	0	0	0	0	0	0	0	0	0	332	126	0	0	0	
589716	Fusiform_L	1996	528	1504	550	228	0	996	158	0	0	748	0	158	0	210	0	1794	0	908	94	340	0	0	0	0	0	0	0	10400	98	148	0	0	0	3942	876	23024	550	12038	0	3236	0	13182	0	450	0	30466	3110	1952	0	11756	0	8994	0	0	728	2416	0	440	0	808	0	0	0	440	0	7676	382	790	86	130	0	3948	0	0	0	1676	1320	1610	0	3700	0	4328	0	9040	0	3916	0	24522	0	31458	1318	4902	88	498	0	9302	312	33430	2532	648	0	504	0	0	0	0	0	0	0	1034	5334	1108	0	0	0	
563732	Fusiform_R	0	784	0	1272	0	0	0	258	0	0	0	728	0	0	0	236	0	1664	0	936	0	526	0	0	0	0	0	0	0	6154	0	0	0	82	82	1694	120	33090	116	30724	0	7688	1150	10608	90	3530	1286	25692	0	3756	0	2970	0	7740	728	0	0	1102	0	0	0	0	0	0	0	0	1122	6600	0	506	0	830	0	8928	0	162	0	1450	0	0	0	2442	0	8936	0	920	0	3898	0	16000	1718	25232	300	846	116	998	1310	10872	2428	31228	156	354	298	1088	110	850	0	92	0	0	2022	2668	1132	670	688	90	
331604	Postcentral_L	24946	382	314	398	0	0	1472	0	0	0	4040	0	670	0	0	0	13614	0	136	0	0	0	0	0	0	0	0	0	6946	0	0	0	0	0	1090	998	1664	880	0	0	0	0	1076	0	212	0	802	0	192	0	2146	0	862	0	2416	0	0	0	5610	0	31210	0	22476	0	1594	0	2030	0	8044	0	540	0	682	0	80	0	1084	1078	2590	0	10870	0	0	0	4466	0	0	0	8192	0	0	0	0	0	0	0	0	0	0	0	0	0	0	0	0	0	0	0	0	0	0	0	0	0	0	0	
317496	Postcentral_R	1280	21108	1070	944	0	0	320	1036	0	0	0	900	0	0	0	0	0	7294	380	2082	0	0	0	0	0	0	0	0	0	1686	0	0	0	2468	0	2362	92	1096	88	312	0	0	0	820	0	1200	0	700	0	590	0	1184	0	124	0	1102	0	0	0	7982	0	15208	0	21650	0	7982	0	6282	224	28140	138	0	0	424	0	0	0	346	0	530	0	5710	0	0	0	5678	0	0	0	8216	0	0	0	0	0	0	0	0	0	0	0	0	0	0	0	0	0	0	0	0	0	0	0	0	0	0	
150680	Parietal_Sup_L	0	0	0	0	0	0	0	0	0	0	0	0	0	0	0	0	0	0	0	0	0	0	0	0	0	0	0	0	0	0	0	0	116	0	114	0	0	0	0	0	0	0	1408	0	5024	0	656	0	13336	0	14256	0	362	0	440	0	5610	0	0	0	11440	0	480	0	1772	0	13516	0	1298	0	0	0	0	0	0	0	0	0	0	0	110	0	0	0	3084	0	0	0	2318	0	0	0	0	0	0	0	0	0	0	0	0	0	0	0	0	0	0	0	0	0	0	0	0	0	0	0	
182572	Parietal_Sup_R	0	218	0	0	0	0	0	0	0	0	0	0	0	0	0	0	0	0	0	112	0	0	0	0	0	0	0	0	0	0	0	0	0	84	0	464	0	0	0	0	0	0	0	248	0	870	0	150	0	3370	0	2308	0	0	0	0	0	7982	0	0	0	21378	0	16690	0	18144	444	6224	0	5084	0	0	0	0	0	0	0	0	0	0	0	862	0	0	0	5270	0	0	0	1384	0	0	0	0	0	0	0	0	0	0	0	0	0	0	0	0	0	0	0	0	0	0	0	0	0	0	
244636	Parietal_Inf_L	3046	0	88	0	0	0	258	0	0	0	300	0	0	0	0	0	1064	0	0	0	0	0	0	0	0	0	0	0	230	0	0	0	0	0	218	0	0	0	0	0	0	0	262	0	0	0	568	0	1166	0	15362	0	640	0	808	0	31210	0	11440	0	0	0	20810	0	20134	0	1268	0	1810	0	0	0	0	0	0	0	0	0	0	0	2618	0	0	0	4834	0	0	0	4184	0	0	0	0	0	0	0	0	0	0	0	0	0	0	0	0	0	0	0	0	0	0	0	0	0	0	0	
235896	Parietal_Inf_R	0	2428	0	0	0	0	0	0	0	0	0	0	0	0	0	0	0	0	0	148	0	0	0	0	0	0	0	0	0	0	0	0	0	0	0	508	0	0	0	0	0	0	0	120	0	440	0	160	0	2448	0	3028	0	0	0	0	0	15208	0	21378	0	0	0	27516	0	24432	0	3318	0	7306	0	0	0	0	0	0	0	0	0	0	0	1428	0	0	0	6334	0	0	0	1748	0	0	0	0	0	0	0	0	0	0	0	0	0	0	0	0	0	0	0	0	0	0	0	0	0	0	
157116	SupraMarginal_L	2028	0	0	0	0	0	172	0	0	0	284	0	78	0	0	0	2878	0	0	0	0	0	0	0	0	0	0	0	580	0	0	0	0	0	106	0	90	0	0	0	0	0	0	0	0	0	0	0	0	0	474	0	288	0	0	0	22476	0	480	0	20810	0	0	0	7430	0	100	0	386	0	0	0	0	0	0	0	0	0	212	0	9006	0	0	0	8742	0	0	0	1938	0	0	0	0	0	0	0	0	0	0	0	0	0	0	0	0	0	0	0	0	0	0	0	0	0	0	0	
270872	SupraMarginal_R	410	4984	340	188	0	0	158	0	0	0	0	0	0	0	0	0	0	1738	118	318	0	0	0	0	0	0	0	0	0	152	0	0	0	96	0	506	0	140	0	0	0	0	0	120	0	440	0	156	0	1568	0	2878	0	0	0	0	0	21650	0	16690	0	27516	0	0	0	19296	0	2818	0	10830	0	0	0	100	0	0	0	80	0	126	0	9512	0	0	0	10188	0	0	0	2320	0	0	0	0	0	0	0	0	0	0	0	0	0	0	0	0	0	0	0	0	0	0	0	0	0	0	
120804	Angular_L	284	0	0	0	0	0	0	0	0	0	0	0	0	0	0	0	0	0	0	0	0	0	0	0	0	0	0	0	0	0	0	0	0	0	0	0	0	0	0	0	0	0	102	0	0	0	268	0	156	0	13630	0	954	0	440	0	1594	0	1772	0	20134	0	7430	0	0	0	262	0	482	0	0	0	0	0	0	0	0	0	0	0	2422	0	0	0	9262	0	0	0	1210	0	0	0	0	0	0	0	0	0	0	0	0	0	0	0	0	0	0	0	0	0	0	0	0	0	0	0	
211988	Angular_R	0	94	0	0	0	0	0	0	0	0	0	0	0	0	0	0	0	0	0	196	0	0	0	0	0	0	0	0	0	0	0	0	0	90	0	584	0	0	0	0	0	0	0	138	0	520	0	186	0	4790	0	9510	0	0	0	0	0	7982	0	18144	0	24432	0	19296	0	0	0	3874	0	4468	0	0	0	0	0	0	0	0	0	0	0	2234	0	0	0	8114	0	0	0	1342	0	0	0	0	0	0	0	0	0	0	0	0	0	0	0	0	0	0	0	0	0	0	0	0	0	0	
404536	Precuneus_L	640	0	608	634	0	0	1466	410	0	0	158	0	86	0	0	0	118	0	1402	408	0	0	76	0	0	0	0	0	588	156	466	76	5740	1036	13952	1178	3050	418	2146	122	0	0	25110	2058	19678	8662	16176	1452	19292	6076	11390	2732	1036	1194	7676	1122	2030	0	13516	444	1268	0	100	0	262	0	0	10730	6320	222	1328	92	328	0	0	0	244	566	182	0	0	0	0	0	2544	678	0	0	1828	328	362	0	0	0	0	0	112	0	196	0	0	0	0	0	0	0	0	0	0	0	0	0	0	0	0	0	
422028	Precuneus_R	0	1674	0	468	0	0	0	332	0	0	0	0	0	0	0	0	0	688	478	5894	0	0	0	0	0	0	0	0	0	1134	0	0	830	10698	1452	15350	1446	8236	1440	4558	0	0	752	18146	538	22118	306	17276	154	16604	0	10000	0	3222	382	6600	0	6282	0	6224	0	3318	0	2818	0	3874	10730	0	256	13908	0	0	0	0	0	0	0	2424	0	0	0	216	0	0	0	5340	0	0	0	4152	0	0	0	0	0	0	0	306	0	0	0	0	0	0	0	0	0	0	0	0	390	0	0	0	0	0	
206604	Paracentral_Lobule_L	18160	4820	1164	3138	0	0	428	270	0	0	246	0	0	0	0	0	980	0	6630	12756	0	0	0	0	0	0	0	0	870	0	148	0	3050	6198	5246	1298	86	0	0	0	0	0	3160	0	1294	84	1682	0	576	0	1664	0	456	0	790	0	8044	224	1298	0	1810	0	386	0	482	0	6320	256	0	5866	836	264	0	96	0	0	384	172	92	0	166	0	0	0	352	0	0	0	1060	0	0	0	0	0	0	0	0	0	0	0	0	0	0	0	0	0	0	0	0	0	0	0	0	0	0	0	
312604	Paracentral_Lobule_R	726	9672	0	140	0	0	0	0	0	0	0	0	0	0	0	0	0	688	654	20634	0	0	0	0	0	0	0	0	0	146	0	0	286	12558	2632	5908	0	224	0	128	0	0	0	1766	0	3532	0	860	0	2430	0	2820	0	114	86	506	0	28140	0	5084	0	7306	0	10830	0	4468	222	13908	5866	0	0	0	0	0	0	0	0	0	0	248	0	2054	0	0	0	6974	0	0	0	4692	0	0	0	0	0	0	0	0	0	0	0	0	0	0	0	0	0	0	0	0	0	0	0	0	0	0	
277092	Caudate_L	7150	436	7458	5684	0	104	3548	4448	0	0	152	218	0	0	0	0	80	0	7510	3894	5068	6596	132	330	240	302	430	718	1996	140	13542	4268	0	2690	180	0	1052	196	246	0	0	0	2456	0	876	0	412	0	0	0	0	0	0	0	130	0	540	138	0	0	0	0	0	0	0	0	1328	0	836	0	0	11364	24534	2664	3454	392	9486	1054	0	0	0	0	0	0	0	0	0	0	74	0	0	0	0	0	0	0	0	0	0	0	0	0	0	0	0	0	0	0	0	0	0	0	0	0	0	0	
383636	Caudate_R	646	4112	1020	30916	0	684	110	4480	0	560	0	4208	0	1898	0	454	0	1526	1100	23030	2016	5280	206	6552	0	1464	0	1560	0	6454	2806	18104	0	7400	134	278	86	2644	0	1430	0	0	138	0	0	0	0	102	0	0	0	0	0	0	0	830	0	0	0	0	0	0	0	0	0	0	92	0	264	0	11364	0	7106	19624	728	2056	554	17426	0	0	0	0	0	0	0	0	0	0	0	294	0	0	0	0	0	0	0	0	0	82	0	0	0	0	0	0	0	0	0	0	0	0	0	0	0	0	
368260	Putamen_L	6444	110	19760	1206	6594	120	7558	1938	1544	0	2724	0	2064	0	1014	0	2250	0	14488	928	2406	4630	3922	240	688	218	644	348	19032	0	15386	3908	94	702	120	0	7804	0	1416	0	956	0	382	0	122	0	258	0	0	0	0	0	0	0	3948	0	682	0	0	0	0	0	0	0	0	0	328	0	0	0	24534	7106	0	1990	5802	238	1464	0	110	0	1648	0	1888	0	228	0	0	0	2060	0	0	0	0	0	0	0	0	0	86	0	0	0	0	0	0	0	0	0	0	0	0	0	0	0	0	0	
338868	Putamen_R	270	2274	468	18764	0	794	148	4456	0	736	0	8566	0	1150	0	730	0	3984	614	13886	0	1606	74	2682	0	312	0	808	0	24814	748	7362	0	2064	0	74	0	17250	0	12050	0	1914	0	0	0	0	0	0	0	0	0	0	0	0	0	8928	0	424	0	0	0	0	0	100	0	0	0	0	96	0	2664	19624	1990	0	278	2138	0	1058	0	118	0	950	0	476	0	98	0	0	0	1736	0	0	0	0	0	0	0	0	0	158	0	0	0	0	0	0	0	0	0	0	0	0	0	0	0	0	
40008	Pallidum_L	652	0	1476	100	0	0	462	154	0	0	0	0	0	0	0	0	0	0	4126	98	0	0	0	0	0	0	0	0	90	0	100	228	0	272	0	0	298	0	0	0	0	0	0	0	0	0	0	0	0	0	0	0	0	0	0	0	80	0	0	0	0	0	0	0	0	0	0	0	0	0	3454	728	5802	278	0	120	1486	0	0	0	0	0	0	0	0	0	0	0	0	0	0	0	0	0	0	0	0	0	0	0	0	0	0	0	0	0	0	0	0	0	0	0	0	0	0	0	
23392	Pallidum_R	0	126	0	2238	0	0	0	154	0	0	0	136	0	0	0	0	0	0	76	2262	0	0	0	0	0	0	0	0	0	178	0	88	0	0	0	0	0	732	0	600	0	0	0	0	0	0	0	0	0	0	0	0	0	0	0	162	0	0	0	0	0	0	0	0	0	0	0	0	0	0	392	2056	238	2138	120	0	0	0	0	0	0	0	0	0	0	0	0	0	0	0	0	0	0	0	0	0	0	0	0	0	0	0	0	0	0	0	0	0	0	0	0	0	0	0	0	0	
166320	Thalamus_L	11160	3610	6446	3662	0	0	2372	360	0	0	434	0	0	0	0	0	1006	80	3234	122	0	0	0	0	0	0	0	0	2824	126	424	0	0	106	2066	3080	6862	1544	3320	0	0	0	196	0	0	0	882	0	0	0	0	0	0	0	1676	0	1084	0	0	0	0	0	0	0	0	0	244	0	384	0	9486	554	1464	0	1486	0	0	10050	1322	0	300	0	0	0	216	0	0	0	978	0	0	0	0	0	0	0	0	0	0	0	0	0	0	0	0	0	0	0	0	0	0	0	0	0	0	0	
254392	Thalamus_R	2926	13656	710	15464	0	0	318	1776	0	0	244	78	0	0	0	0	930	906	160	2256	0	0	0	292	0	0	0	0	1808	2540	0	804	0	0	6778	10020	7820	10722	4222	2012	0	0	212	0	0	0	172	624	0	0	0	0	0	0	1320	1450	1078	346	0	0	0	0	0	80	0	0	566	2424	172	0	1054	17426	0	1058	0	0	10050	0	558	86	190	170	0	0	0	0	0	0	82	1376	0	0	0	0	0	0	0	0	0	84	0	0	0	0	0	0	0	0	0	0	176	0	0	0	0	0	
72028	Heschl_L	2764	290	560	284	0	0	272	76	0	0	1156	0	0	0	0	0	3978	0	276	0	0	0	0	0	0	0	0	0	6360	0	0	0	0	0	418	474	1042	342	0	0	0	0	210	0	0	0	130	0	0	0	0	0	312	0	1610	0	2590	0	0	0	0	0	212	0	0	0	182	0	92	0	0	0	110	0	0	0	1322	558	0	0	2882	0	0	0	2448	0	0	0	5064	0	0	0	0	0	0	0	0	0	0	0	0	0	0	0	0	0	0	0	0	0	0	0	0	0	0	0	
27876	Heschl_R	0	1258	0	178	0	0	0	0	0	0	0	1632	0	0	0	0	0	3362	0	174	0	0	0	0	0	0	0	0	0	2186	0	0	0	0	0	0	0	0	0	0	0	0	0	0	0	0	0	0	0	0	0	0	0	0	0	0	0	530	0	0	0	0	0	126	0	0	0	0	0	248	0	0	0	118	0	0	0	86	0	0	0	3110	0	0	0	536	0	0	0	394	0	0	0	0	0	0	0	0	0	0	0	0	0	0	0	0	0	0	0	0	0	0	0	0	0	0	
222136	Temporal_Sup_L	2406	108	874	86	0	0	482	0	0	0	5418	0	1640	0	0	0	11800	0	706	0	0	0	0	0	0	0	0	0	10582	0	0	0	0	0	138	168	2640	126	1074	0	0	0	0	0	0	0	0	0	0	0	226	0	0	0	3700	0	10870	0	110	0	2618	0	9006	0	2422	0	0	0	166	0	0	0	1648	0	0	0	300	190	2882	0	0	0	3480	0	23124	0	0	0	11908	0	0	0	0	0	0	0	0	0	170	0	0	0	0	0	0	0	0	0	0	0	0	0	0	0	0	0	
150780	Temporal_Sup_R	0	1808	0	564	0	0	0	568	0	0	0	452	0	0	0	0	0	9142	0	492	0	0	0	0	0	0	0	0	0	6802	0	0	0	0	0	230	0	1486	0	334	0	0	0	126	0	0	0	86	0	0	0	76	0	0	0	2442	0	5710	0	862	0	1428	0	9512	0	2234	0	216	0	2054	0	0	0	950	0	0	0	170	0	3110	0	0	0	966	0	14838	0	746	0	7986	0	0	0	0	0	0	0	0	0	0	0	0	0	0	0	0	0	0	0	0	0	0	0	0	0	0	
84276	Temporal_Pole_Sup_L	0	0	560	0	330	0	390	0	92	0	1446	0	1510	0	830	0	914	0	292	0	504	0	0	0	0	0	0	0	4532	0	0	0	0	0	0	0	1744	0	2792	0	1256	0	0	0	0	0	0	0	0	0	0	0	0	0	4328	0	0	0	0	0	0	0	0	0	0	0	0	0	0	0	0	0	1888	0	0	0	0	0	0	0	3480	0	0	0	5778	0	5954	0	3518	0	0	0	0	0	0	0	0	0	0	0	0	0	0	0	0	0	0	0	0	0	0	0	0	0	0	0	
58272	Temporal_Pole_Sup_R	0	0	0	0	0	0	0	0	0	0	0	0	0	0	0	358	0	0	0	0	0	150	0	0	0	0	0	76	0	300	0	0	0	0	0	0	0	1272	0	5044	0	2670	0	0	0	0	0	0	0	0	0	0	0	0	0	8936	0	0	0	0	0	0	0	0	0	0	0	0	0	0	0	0	0	476	0	0	0	0	0	0	0	966	0	0	0	1192	0	5368	0	2328	0	0	0	0	0	0	0	0	0	0	0	0	0	0	0	0	0	0	0	0	0	0	0	0	0	0	
322116	Temporal_Mid_L	848	0	426	0	0	0	802	86	0	0	286	0	82	0	0	0	858	0	208	0	0	0	0	0	0	0	0	0	3238	0	90	0	0	0	488	0	156	0	128	0	0	0	2060	0	254	0	2102	0	4000	0	26736	0	8932	0	9040	0	4466	0	3084	0	4834	0	8742	0	9262	0	2544	0	352	0	0	0	228	0	0	0	216	0	2448	0	23124	0	5778	0	0	0	5218	0	29942	0	0	0	0	0	0	0	0	0	0	0	0	0	0	0	0	0	0	0	0	0	0	0	0	0	0	0	
234356	Temporal_Mid_R	0	1770	0	0	0	0	0	82	0	0	0	0	0	0	0	0	0	860	0	1242	0	0	0	0	0	0	0	0	0	1438	0	0	0	1708	0	804	0	438	0	104	0	0	0	2440	0	3420	0	316	0	2860	0	11502	0	1194	0	920	0	5678	0	5270	0	6334	0	10188	0	8114	678	5340	0	6974	0	0	0	98	0	0	0	0	0	536	0	14838	0	1192	0	0	0	3106	0	17734	0	0	0	0	0	0	0	0	0	0	0	0	0	0	0	0	0	0	0	0	0	0	0	0	0	0	
45216	Temporal_Pole_Mid_L	0	0	0	0	0	0	0	0	0	0	0	0	0	0	0	0	0	0	0	0	0	0	0	0	0	0	0	0	0	0	0	0	0	0	0	0	874	0	2076	0	764	0	0	0	0	0	0	0	0	0	0	0	0	0	3916	0	0	0	0	0	0	0	0	0	0	0	0	0	0	0	0	0	0	0	0	0	0	0	0	0	0	0	5954	0	5218	0	0	0	3806	0	0	0	0	0	0	0	0	0	0	0	0	0	0	0	0	0	0	0	0	0	0	0	0	0	0	0	
36268	Temporal_Pole_Mid_R	0	0	0	0	0	0	0	0	0	0	0	0	0	0	0	94	0	0	0	0	0	0	0	0	0	0	0	0	0	0	0	0	0	0	0	0	0	0	0	2122	0	210	0	0	0	0	0	0	0	0	0	0	0	0	0	3898	0	0	0	0	0	0	0	0	0	0	0	0	0	0	0	0	0	0	0	0	0	0	0	0	0	746	0	5368	0	3106	0	0	0	2590	0	0	0	0	0	0	0	0	0	0	0	0	0	0	0	0	0	0	0	0	0	0	0	0	0	0	
312364	Temporal_Inf_L	1854	0	638	0	368	0	674	0	0	0	454	0	128	0	118	0	2154	0	302	0	384	0	0	0	0	0	0	0	9984	0	112	0	0	0	784	84	9384	0	3338	0	484	0	1526	0	0	0	1330	0	246	0	5332	0	5358	0	24522	0	8192	0	2318	0	4184	0	1938	0	1210	0	1828	0	1060	0	74	0	2060	0	0	0	978	82	5064	0	11908	0	3518	0	29942	0	3806	0	0	0	4520	0	1392	0	128	0	614	0	1808	0	0	0	0	0	0	0	0	0	0	0	0	0	0	0	0	0	
273832	Temporal_Inf_R	124	2468	0	1162	0	0	0	342	0	0	0	110	0	0	0	0	0	5588	0	1138	0	0	0	0	0	0	0	0	0	6352	0	0	0	188	80	1532	124	8408	116	3124	0	162	362	7792	0	1728	0	3984	0	2012	0	3192	0	9988	0	16000	0	8216	0	1384	0	1748	0	2320	0	1342	328	4152	0	4692	0	294	0	1736	0	0	0	1376	0	394	0	7986	0	2328	0	17734	0	2590	0	0	0	1904	0	0	0	0	0	0	0	316	0	0	0	0	0	0	0	0	0	0	0	0	0	0	0	0	
591376	Cerebelum_Crus1_L	0	0	0	0	0	0	0	0	0	0	0	0	0	0	0	0	0	0	0	0	0	0	0	0	0	0	0	0	90	0	0	0	0	0	150	0	170	0	0	0	0	0	1204	0	0	0	13644	4626	0	0	0	0	170	0	31458	1718	0	0	0	0	0	0	0	0	0	0	362	0	0	0	0	0	0	0	0	0	0	0	0	0	0	0	0	0	0	0	0	0	4520	0	0	8332	47518	5404	7178	170	26708	4016	64418	10000	13662	1526	14970	2650	1554	156	470	0	340	384	8264	10512	8542	342	270	190	
452332	Cerebelum_Crus1_R	0	0	0	0	0	0	0	0	0	0	0	0	0	0	0	0	0	0	0	0	0	0	0	0	0	0	0	0	0	0	0	0	0	0	0	0	0	776	0	906	0	0	0	0	0	0	1882	8190	0	0	0	0	0	142	1318	25232	0	0	0	0	0	0	0	0	0	0	0	0	0	0	0	0	0	0	0	0	0	0	0	0	0	0	0	0	0	0	0	0	0	1904	8332	0	3174	32772	1240	1856	4432	12968	8940	56156	1210	9670	2730	16046	908	626	80	156	0	0	4758	8524	10056	654	528	0	
354212	Cerebelum_Crus2_L	0	0	0	0	0	0	0	0	0	0	0	0	0	0	0	0	0	0	0	0	0	0	0	0	0	0	0	0	0	0	0	0	0	0	0	0	0	0	0	0	0	0	0	0	0	0	1358	258	0	0	0	0	0	0	4902	300	0	0	0	0	0	0	0	0	0	0	0	0	0	0	0	0	0	0	0	0	0	0	0	0	0	0	0	0	0	0	0	0	1392	0	47518	3174	0	6884	3080	0	6990	650	14474	1952	30118	4174	27282	4178	3310	114	1468	0	0	0	1086	1536	8046	2632	230	0	
284092	Cerebelum_Crus2_R	0	0	0	0	0	0	0	0	0	0	0	0	0	0	0	0	0	0	0	0	0	0	0	0	0	0	0	0	0	0	0	0	0	0	0	0	0	90	0	132	0	0	0	0	0	0	252	0	0	0	0	0	0	0	88	846	0	0	0	0	0	0	0	0	0	0	0	0	0	0	0	0	0	0	0	0	0	0	0	0	0	0	0	0	0	0	0	0	0	0	5404	32772	6884	0	696	164	1224	782	2424	8114	4402	25422	5452	26848	1004	1290	84	344	0	0	246	2432	11570	2664	416	0	
91060	Cerebelum_3_L	0	0	0	0	0	0	0	0	0	0	0	0	0	0	0	0	0	0	0	0	0	0	0	0	0	0	0	0	0	0	0	0	0	0	0	0	0	0	0	0	0	0	0	0	0	0	234	150	0	0	0	0	0	0	498	116	0	0	0	0	0	0	0	0	0	0	0	0	0	0	0	0	0	0	0	0	0	0	0	0	0	0	0	0	0	0	0	0	128	0	7178	1240	3080	696	0	80	11620	616	7162	1862	346	78	1422	450	1284	176	0	0	908	1522	1670	1346	1176	224	268	0	
33016	Cerebelum_3_R	0	0	0	0	0	0	0	0	0	0	0	0	0	0	0	0	0	0	0	0	0	0	0	0	0	0	0	0	0	0	0	0	0	0	0	0	0	90	0	108	0	0	0	0	0	0	0	164	0	0	0	0	0	0	0	998	0	0	0	0	0	0	0	0	0	0	0	0	0	0	0	0	0	0	0	0	0	0	0	0	0	0	0	0	0	0	0	0	0	0	170	1856	0	164	80	0	538	3838	298	3924	0	82	0	258	0	516	0	0	254	926	670	416	162	258	566	172	
323272	Cerebelum_4_5_L	0	0	0	0	0	0	0	0	0	0	0	0	0	0	0	0	0	0	0	0	0	0	0	0	0	0	0	0	74	0	0	0	0	0	0	0	296	0	396	0	0	0	0	0	0	0	6200	1798	0	0	0	0	0	0	9302	1310	0	0	0	0	0	0	0	0	0	0	112	0	0	0	0	0	0	0	0	0	0	0	0	0	0	0	0	0	0	0	0	0	614	0	26708	4432	6990	1224	11620	538	0	7850	36652	9388	1924	118	4142	682	2278	812	432	0	1000	1572	14846	4756	1742	206	786	836	
226916	Cerebelum_4_5_R	0	0	0	0	0	0	0	0	0	0	0	0	0	0	0	0	0	0	0	0	0	0	0	0	0	0	0	0	0	0	0	0	0	0	0	0	0	636	0	2296	0	0	0	78	0	0	900	4760	0	0	0	0	0	0	312	10872	0	0	0	0	0	0	0	0	0	0	0	306	0	0	0	0	0	0	0	0	0	0	0	0	0	0	0	0	0	0	0	0	0	0	4016	12968	650	782	616	3838	7850	0	5194	28116	340	252	842	1164	222	3862	0	824	172	650	11664	2240	1820	2074	2638	504	
539960	Cerebelum_6_L	0	0	0	0	0	0	0	0	0	0	0	0	0	0	0	0	0	0	0	0	0	0	0	0	0	0	0	0	108	0	0	0	0	0	0	0	212	0	0	0	0	0	560	0	0	0	17234	6796	0	0	0	0	0	0	33430	2428	0	0	0	0	0	0	0	0	0	0	196	0	0	0	0	0	86	0	0	0	0	0	0	0	170	0	0	0	0	0	0	0	1808	0	64418	8940	14474	2424	7162	298	36652	5194	0	16204	3516	174	3810	1156	2860	430	574	0	388	554	11272	19386	5670	288	480	628	
501676	Cerebelum_6_R	0	0	0	0	0	0	0	0	0	0	0	0	0	0	0	0	0	0	0	0	0	0	0	0	0	0	0	0	0	0	0	0	0	0	0	0	0	1062	0	2006	0	0	0	0	0	0	3634	11080	0	0	0	0	0	706	2532	31228	0	0	0	0	0	0	0	0	0	0	0	0	0	0	0	82	0	158	0	0	0	84	0	0	0	0	0	0	0	0	0	0	0	316	10000	56156	1952	8114	1862	3924	9388	28116	16204	0	514	1666	1440	6458	1928	4258	0	690	296	752	11340	15794	8896	3548	4088	566	
223160	Cerebelum_7b_L	0	0	0	0	0	0	0	0	0	0	0	0	0	0	0	0	0	0	0	0	0	0	0	0	0	0	0	0	0	0	0	0	0	0	0	0	0	0	0	0	0	0	0	0	0	0	360	132	0	0	0	0	0	0	648	156	0	0	0	0	0	0	0	0	0	0	0	0	0	0	0	0	0	0	0	0	0	0	0	0	0	0	0	0	0	0	0	0	0	0	13662	1210	30118	4402	346	0	1924	340	3516	514	0	3556	30352	3296	5452	82	2858	0	0	0	496	174	4694	3170	122	0	
183228	Cerebelum_7b_R	0	0	0	0	0	0	0	0	0	0	0	0	0	0	0	0	0	0	0	0	0	0	0	0	0	0	0	0	0	0	0	0	0	0	0	0	0	0	0	0	0	0	0	0	0	0	0	0	0	0	0	0	0	0	0	354	0	0	0	0	0	0	0	0	0	0	0	0	0	0	0	0	0	0	0	0	0	0	0	0	0	0	0	0	0	0	0	0	0	0	1526	9670	4174	25422	78	82	118	252	174	1666	3556	0	3296	28414	214	3762	0	948	0	0	0	134	4406	3232	136	0	
277368	Cerebelum_8_L	0	0	0	0	0	0	0	0	0	0	0	0	0	0	0	0	0	0	0	0	0	0	0	0	0	0	0	0	0	0	0	0	0	0	0	0	0	0	0	0	0	0	0	0	0	0	156	92	0	0	0	0	0	0	504	298	0	0	0	0	0	0	0	0	0	0	0	0	0	0	0	0	0	0	0	0	0	0	0	0	0	0	0	0	0	0	0	0	0	0	14970	2730	27282	5452	1422	0	4142	842	3810	1440	30352	3296	0	7192	13466	464	4428	126	0	0	978	312	8100	5528	1302	0	
269240	Cerebelum_8_R	0	0	0	0	0	0	0	0	0	0	0	0	0	0	0	0	0	0	0	0	0	0	0	0	0	0	0	0	0	0	0	0	0	0	0	0	0	124	0	196	0	0	0	0	0	0	0	0	0	0	0	0	0	0	0	1088	0	0	0	0	0	0	0	0	0	0	0	0	0	0	0	0	0	0	0	0	0	0	0	0	0	0	0	0	0	0	0	0	0	0	2650	16046	4178	26848	450	258	682	1164	1156	6458	3296	28414	7192	0	1486	13950	86	3056	0	0	84	888	7890	5374	1606	0	
97560	Cerebelum_9_L	0	0	0	0	0	0	0	0	0	0	0	0	0	0	0	0	0	0	0	0	0	0	0	0	0	0	0	0	0	0	0	0	0	0	0	0	0	0	0	0	0	0	0	0	0	0	0	0	0	0	0	0	0	0	0	110	0	0	0	0	0	0	0	0	0	0	0	0	0	0	0	0	0	0	0	0	0	0	0	0	0	0	0	0	0	0	0	0	0	0	1554	908	3310	1004	1284	0	2278	222	2860	1928	5452	214	13466	1486	0	472	4598	100	0	0	170	2004	2362	1388	1430	180	
107164	Cerebelum_9_R	0	0	0	0	0	0	0	0	0	0	0	0	0	0	0	0	0	0	0	0	0	0	0	0	0	0	0	0	0	0	0	0	0	0	0	0	0	0	0	918	0	0	0	0	0	0	0	0	0	0	0	0	0	0	0	850	0	0	0	0	0	0	0	0	0	0	0	0	0	0	0	0	0	0	0	0	0	0	0	0	0	0	0	0	0	0	0	0	0	0	156	626	114	1290	176	516	812	3862	430	4258	82	3762	464	13950	472	0	0	4706	148	160	1078	1618	2738	3714	5246	1436	
30400	Cerebelum_10_L	0	0	0	0	0	0	0	0	0	0	0	0	0	0	0	0	0	0	0	0	0	0	0	0	0	0	0	0	0	0	0	0	0	0	0	0	0	0	0	0	0	0	0	0	0	0	0	0	0	0	0	0	0	0	0	0	0	0	0	0	0	0	0	0	0	0	0	0	0	0	0	0	0	0	0	0	0	0	0	0	0	0	0	0	0	0	0	0	0	0	470	80	1468	84	0	0	432	0	574	0	2858	0	4428	86	4598	0	0	0	0	0	0	0	122	0	0	0	
24424	Cerebelum_10_R	0	0	0	0	0	0	0	0	0	0	0	0	0	0	0	0	0	0	0	0	0	0	0	0	0	0	0	0	0	0	0	0	0	0	0	0	0	0	0	188	0	0	0	0	0	0	0	0	0	0	0	0	0	0	0	92	0	0	0	0	0	0	0	0	0	0	0	0	0	0	0	0	0	0	0	0	0	0	0	0	0	0	0	0	0	0	0	0	0	0	0	156	0	344	0	0	0	824	0	690	0	948	126	3056	100	4706	0	0	0	0	0	0	296	272	414	0	
16332	Vermis_1_2	0	0	0	0	0	0	0	0	0	0	0	0	0	0	0	0	0	0	0	0	0	0	0	0	0	0	0	0	0	0	0	0	0	0	0	0	0	0	0	0	0	0	0	0	0	0	0	0	0	0	0	0	0	0	0	0	0	0	0	0	0	0	0	0	0	0	0	0	0	0	0	0	0	0	0	0	0	0	0	0	0	0	0	0	0	0	0	0	0	0	340	0	0	0	908	254	1000	172	388	296	0	0	0	0	0	148	0	0	0	3066	1338	120	0	0	136	0	
24272	Vermis_3	0	0	0	0	0	0	0	0	0	0	0	0	0	0	0	0	0	0	0	0	0	0	0	0	0	0	0	0	0	0	0	0	0	0	0	0	0	0	0	0	0	0	0	0	0	0	0	156	0	0	0	0	0	0	0	0	0	0	0	0	0	0	0	0	0	0	0	0	0	0	0	0	0	0	0	0	0	0	0	0	0	0	0	0	0	0	0	0	0	0	384	0	0	0	1522	926	1572	650	554	752	0	0	0	0	0	160	0	0	3066	0	1776	380	0	0	238	0	
178760	Vermis_4_5	0	0	0	0	0	0	0	0	0	0	0	0	0	0	0	0	0	0	0	0	0	0	0	0	0	0	0	0	0	0	0	0	0	0	84	314	0	354	0	170	0	0	0	0	0	0	2218	3274	0	0	0	0	0	0	1034	2022	0	0	0	0	0	0	0	0	0	0	0	390	0	0	0	0	0	0	0	0	0	176	0	0	0	0	0	0	0	0	0	0	0	0	8264	4758	1086	246	1670	670	14846	11664	11272	11340	496	0	978	84	170	1078	0	0	1338	1776	0	4820	74	158	1082	1474	
