data	data	495180	464568	824532	632412	100764	79536	422428	148748	106632	24652	233136	226724	269044	136028	302112	65040	214564	159124	587232	498216	117780	108936	306620	246520	33576	78552	43548	74632	566012	364840	283548	445860	178360	394112	194872	186360	227956	255224	104120	124828	63584	51912	293452	294484	199552	269688	369036	273920	174108	212096	539592	194396	230504	105780	463876	300612	317384	235864	116396	96488	207280	118368	94976	135104	153552	94692	348684	372256	183880	166016	329332	353612	417064	304048	44516	15120	276760	223140	126696	31672	276496	116224	101760	54776	407204	213620	14864	16248	333124	216660	519636	411132	306840	279332	60732	86808	380028	301988	529672	463324	301440	164484	412464	272348	172012	111152	31572	11440	41916	80048	251468	212788	233980	154304	87832	30656	
data	data	Precentral_L	Precentral_R	Frontal_Sup_L	Frontal_Sup_R	Frontal_Sup_Orb_L	Frontal_Sup_Orb_R	Frontal_Mid_L	Frontal_Mid_R	Frontal_Mid_Orb_L	Frontal_Mid_Orb_R	Frontal_Inf_Oper_L	Frontal_Inf_Oper_R	Frontal_Inf_Tri_L	Frontal_Inf_Tri_R	Frontal_Inf_Orb_L	Frontal_Inf_Orb_R	Rolandic_Oper_L	Rolandic_Oper_R	Supp_Motor_Area_L	Supp_Motor_Area_R	Olfactory_L	Olfactory_R	Frontal_Sup_Medial_L	Frontal_Sup_Medial_R	Frontal_Med_Orb_L	Frontal_Med_Orb_R	Rectus_L	Rectus_R	Insula_L	Insula_R	Cingulum_Ant_L	Cingulum_Ant_R	Cingulum_Mid_L	Cingulum_Mid_R	Cingulum_Post_L	Cingulum_Post_R	Hippocampus_L	Hippocampus_R	ParaHippocampal_L	ParaHippocampal_R	Amygdala_L	Amygdala_R	Calcarine_L	Calcarine_R	Cuneus_L	Cuneus_R	Lingual_L	Lingual_R	Occipital_Sup_L	Occipital_Sup_R	Occipital_Mid_L	Occipital_Mid_R	Occipital_Inf_L	Occipital_Inf_R	Fusiform_L	Fusiform_R	Postcentral_L	Postcentral_R	Parietal_Sup_L	Parietal_Sup_R	Parietal_Inf_L	Parietal_Inf_R	SupraMarginal_L	SupraMarginal_R	Angular_L	Angular_R	Precuneus_L	Precuneus_R	Paracentral_Lobule_L	Paracentral_Lobule_R	Caudate_L	Caudate_R	Putamen_L	Putamen_R	Pallidum_L	Pallidum_R	Thalamus_L	Thalamus_R	Heschl_L	Heschl_R	Temporal_Sup_L	Temporal_Sup_R	Temporal_Pole_Sup_L	Temporal_Pole_Sup_R	Temporal_Mid_L	Temporal_Mid_R	Temporal_Pole_Mid_L	Temporal_Pole_Mid_R	Temporal_Inf_L	Temporal_Inf_R	Cerebelum_Crus1_L	Cerebelum_Crus1_R	Cerebelum_Crus2_L	Cerebelum_Crus2_R	Cerebelum_3_L	Cerebelum_3_R	Cerebelum_4_5_L	Cerebelum_4_5_R	Cerebelum_6_L	Cerebelum_6_R	Cerebelum_7b_L	Cerebelum_7b_R	Cerebelum_8_L	Cerebelum_8_R	Cerebelum_9_L	Cerebelum_9_R	Cerebelum_10_L	Cerebelum_10_R	Vermis_1_2	Vermis_3	Vermis_4_5	Vermis_6	Vermis_7	Vermis_8	Vermis_9	Vermis_10	
495180	Precentral_L	0	4568	29160	1804	0	0	10050	76	0	0	14184	214	1558	0	148	0	10040	86	29132	8544	0	0	0	0	0	0	0	0	13808	170	70	158	378	1958	6246	248	3622	176	96	0	0	0	184	0	0	0	80	0	0	0	2140	0	662	0	736	0	38650	312	368	0	7206	94	1720	118	1838	0	1866	0	11988	3228	2364	478	11372	82	2902	96	7404	166	5804	0	2646	0	0	0	3602	0	0	0	2990	0	0	0	0	0	0	0	0	0	0	0	0	0	0	0	0	0	0	0	0	0	0	0	0	0	0	0	
464568	Precentral_R	4568	0	7176	30878	0	0	2648	6008	0	0	136	12476	0	1166	794	0	108	4612	2612	19676	0	72	116	0	0	0	0	0	152	3166	136	476	114	5218	2062	5718	296	6954	0	834	0	0	0	1264	0	706	0	282	0	210	70	626	0	252	0	1244	1644	22488	0	1740	1272	1698	0	2486	0	482	116	3520	2110	13782	6904	8716	1220	2622	1398	84	10150	24092	0	294	0	304	0	0	0	1322	0	0	0	1014	0	0	0	0	0	0	0	0	0	0	0	0	0	0	0	0	0	0	0	0	0	0	0	0	0	0	
824532	Frontal_Sup_L	29160	7176	0	9164	4624	0	68640	992	3000	0	8608	892	15056	182	10066	0	4944	1150	67074	14770	104	92	34440	3038	478	0	708	88	15828	982	11902	4364	8956	4350	5504	4206	4666	3692	90	154	0	0	88	0	0	0	0	82	0	0	110	0	0	0	262	94	5812	244	0	0	646	0	398	0	136	0	874	376	2082	1802	3980	2164	17274	674	3222	306	15442	4018	1198	0	678	102	416	0	308	0	0	0	254	84	0	0	0	0	0	0	0	0	0	0	0	0	0	0	0	0	0	0	0	0	0	0	0	0	0	0	
632412	Frontal_Sup_R	1804	30878	9164	0	0	1740	1308	22116	0	298	270	10920	170	12040	1560	2292	0	1858	10676	37130	84	536	6094	30478	0	3156	0	894	162	16466	4146	28256	728	14650	912	2588	228	2364	0	88	0	172	0	0	0	0	0	0	0	0	0	0	0	0	0	100	1142	1136	0	0	770	108	0	228	0	0	0	0	738	184	5114	13902	1054	10178	894	738	4940	18478	0	192	0	84	0	0	0	0	0	0	0	0	0	0	0	0	0	0	0	0	0	0	0	0	0	0	0	0	0	0	0	0	0	0	0	0	0	0	
100764	Frontal_Sup_Orb_L	0	0	4624	0	0	0	906	0	8040	0	0	0	362	0	8916	0	0	0	0	0	2756	510	2448	300	2750	104	5254	242	2622	0	2768	242	0	0	0	0	0	0	320	0	914	0	0	0	0	0	0	0	0	0	0	0	0	0	0	0	0	0	0	0	0	0	0	0	0	0	0	0	0	0	1932	0	3554	0	0	0	0	0	0	0	0	0	692	0	0	0	126	0	0	0	0	0	0	0	0	0	0	0	0	0	0	0	0	0	0	0	0	0	0	0	0	0	0	0	0	0	
79536	Frontal_Sup_Orb_R	0	0	0	1740	0	0	0	0	0	3318	0	0	0	0	0	4582	0	0	0	0	720	2674	0	1542	292	6602	82	7912	0	1542	494	1242	0	0	0	0	0	0	0	0	0	0	0	0	0	0	0	0	0	0	0	0	0	0	0	0	0	0	0	0	0	0	0	0	0	0	0	0	0	0	852	1702	682	3790	0	0	0	0	0	0	0	0	0	0	0	0	0	0	0	0	0	0	0	0	0	0	0	0	0	0	0	0	0	0	0	0	0	0	0	0	0	0	0	0	0	0	
422428	Frontal_Mid_L	10050	2648	68640	1308	906	0	0	72	8012	0	7706	424	27110	180	10262	0	684	416	7504	2644	0	0	12484	458	0	0	0	0	12280	592	5514	1650	4788	1970	2506	1606	1910	1450	0	0	0	0	0	0	0	0	0	0	0	0	0	0	0	0	0	0	1014	214	0	0	0	98	130	120	0	0	534	120	148	944	1510	1370	2086	258	78	102	4454	1278	214	0	170	0	522	0	0	0	0	0	76	0	0	0	0	0	0	0	0	0	0	0	0	0	0	0	0	0	0	0	0	0	0	0	0	0	0	0	
148748	Frontal_Mid_R	76	6008	992	22116	0	0	72	0	0	136	0	7404	0	10078	1228	1012	0	310	950	3958	0	0	194	1682	0	0	0	0	0	3138	268	2326	0	3210	0	0	0	446	0	0	0	0	0	0	0	0	0	0	0	0	0	0	0	0	0	78	0	1628	0	134	0	408	0	548	0	122	0	0	0	146	3394	120	0	950	76	0	0	1084	0	0	0	0	0	0	0	82	0	0	0	0	0	0	0	0	0	0	0	0	0	0	0	0	0	0	0	0	0	0	0	0	0	0	0	0	0	0	
106632	Frontal_Mid_Orb_L	0	0	3000	0	8040	0	8012	0	0	0	606	0	6568	0	15130	0	0	0	0	0	660	306	336	0	290	0	1966	112	3702	0	592	196	74	0	0	0	0	0	0	0	102	0	0	0	0	0	0	0	0	0	0	0	0	0	0	0	0	0	0	0	0	0	0	0	0	0	0	0	0	0	954	252	1832	0	0	0	0	0	0	0	0	0	586	0	0	0	0	0	0	0	0	0	0	0	0	0	0	0	0	0	0	0	0	0	0	0	0	0	0	0	0	0	0	0	0	0	
24652	Frontal_Mid_Orb_R	0	0	0	298	0	3318	0	136	0	0	0	0	0	122	0	6844	0	72	0	0	0	0	0	0	0	0	0	0	0	730	0	0	0	0	0	0	0	0	0	0	0	0	0	0	0	0	0	0	0	0	0	0	0	0	0	0	0	0	0	0	0	0	0	0	0	0	0	0	0	0	0	0	0	806	0	0	0	0	0	0	0	0	0	0	0	0	0	0	0	0	0	0	0	0	0	0	0	0	0	0	0	0	0	0	0	0	0	0	0	0	0	0	0	0	0	0	
233136	Frontal_Inf_Oper_L	14184	136	8608	270	0	0	7706	0	606	0	0	436	13704	0	1298	0	10180	0	6246	602	0	0	420	184	0	0	0	0	16886	544	1588	942	428	0	140	0	840	0	0	0	0	0	0	0	0	0	0	0	0	0	0	0	0	0	104	0	3348	0	0	0	544	0	832	0	460	0	0	0	0	0	2394	5418	2372	286	0	0	2124	0	2518	0	6374	0	1084	0	2282	0	0	0	480	0	0	0	0	0	0	0	0	0	0	0	0	0	0	0	0	0	0	0	0	0	0	0	0	0	0	0	
226724	Frontal_Inf_Oper_R	214	12476	892	10920	0	0	424	7404	0	0	436	0	244	9920	290	0	0	7384	646	4326	0	0	276	1384	0	0	0	0	260	22422	838	8796	0	2972	0	80	0	1774	0	138	0	0	0	0	0	0	0	0	0	0	0	0	0	0	0	206	0	4422	0	268	0	774	0	888	0	200	0	0	0	220	1294	2898	200	3968	74	0	540	1830	0	0	0	436	0	0	0	380	0	0	0	248	0	0	0	0	0	0	0	0	0	0	0	0	0	0	0	0	0	0	0	0	0	0	0	0	0	0	
269044	Frontal_Inf_Tri_L	1558	0	15056	170	362	0	27110	0	6568	0	13704	244	0	0	17770	0	340	70	1864	228	70	0	5328	106	0	0	0	0	25674	352	4896	1372	960	292	0	0	82	0	0	0	94	0	0	0	0	0	0	0	0	0	0	0	0	0	0	0	642	0	0	0	0	0	0	0	0	0	0	0	0	0	1186	3824	1980	272	0	0	318	0	84	0	320	0	1626	0	0	0	0	0	0	0	0	0	0	0	0	0	0	0	0	0	0	0	0	0	0	0	0	0	0	0	0	0	0	0	0	0	
136028	Frontal_Inf_Tri_R	0	1166	182	12040	0	0	180	10078	0	122	0	9920	0	0	0	1592	0	1796	156	776	0	0	530	1384	0	0	0	0	0	12790	616	9848	0	2270	0	0	0	148	0	0	0	0	0	0	0	0	0	0	0	0	0	0	0	0	0	0	0	86	0	0	0	0	0	0	0	0	0	0	0	0	116	994	0	1224	0	0	0	0	0	0	0	0	0	0	0	0	0	0	0	0	0	0	0	0	0	0	0	0	0	0	0	0	0	0	0	0	0	0	0	0	0	0	0	0	0	0	
302112	Frontal_Inf_Orb_L	148	794	10066	1560	8916	0	10262	1228	15130	0	1298	290	17770	0	0	0	76	1084	4508	534	3936	510	2184	120	178	0	2046	204	28056	576	2308	1032	326	176	0	0	976	0	1040	0	2004	0	0	0	0	0	0	0	0	0	0	0	0	0	70	0	0	350	0	0	0	78	0	0	0	0	0	0	0	0	9224	1218	14600	322	0	0	0	250	0	122	86	0	4986	0	0	0	414	0	0	0	0	0	0	0	0	0	0	0	0	0	0	0	0	0	0	0	0	0	0	0	0	0	0	0	0	0	
65040	Frontal_Inf_Orb_R	0	0	0	2292	0	4582	0	1012	0	6844	0	0	0	1592	0	0	0	178	0	0	0	1236	0	146	0	144	0	936	0	9036	0	0	0	0	0	0	0	192	0	154	0	110	0	0	0	0	0	0	0	0	0	0	0	0	0	104	0	0	0	0	0	0	0	0	0	0	0	0	0	0	0	312	0	2594	0	0	0	0	0	0	0	470	0	360	0	146	0	0	0	80	0	0	0	0	0	0	0	0	0	0	0	0	0	0	0	0	0	0	0	0	0	0	0	0	0	0	
214564	Rolandic_Oper_L	10040	108	4944	0	0	0	684	0	0	0	10180	0	340	0	76	0	0	0	6140	1538	0	0	0	0	0	0	0	0	16868	0	0	94	0	0	86	0	946	0	0	0	0	0	0	0	0	0	0	0	0	0	1188	0	374	0	516	0	8978	0	0	0	952	0	2800	0	1424	0	178	0	500	0	242	264	1352	0	0	0	598	0	7018	0	15960	0	944	0	9290	0	0	0	2660	0	0	0	0	0	0	0	0	0	0	0	0	0	0	0	0	0	0	0	0	0	0	0	0	0	0	0	
159124	Rolandic_Oper_R	86	4612	1150	1858	0	0	416	310	0	72	0	7384	70	1796	1084	178	0	0	922	1458	0	0	456	426	0	0	0	0	0	13282	500	1750	0	138	0	0	0	2280	0	176	0	0	0	0	0	0	0	0	0	0	0	0	0	0	0	352	0	6720	0	0	0	186	0	2850	0	0	0	0	0	0	3240	2920	1710	8578	0	122	262	2032	0	3030	0	5112	0	250	0	1420	0	0	0	374	0	0	0	0	0	0	0	0	0	0	0	0	0	0	0	0	0	0	0	0	0	0	0	0	0	0	
587232	Supp_Motor_Area_L	29132	2612	67074	10676	0	0	7504	950	0	0	6246	646	1864	156	4508	0	6140	922	0	26396	92	0	5356	2258	0	0	0	0	11166	812	2786	2870	8074	9322	3612	2314	4584	1556	192	70	132	0	72	0	0	0	0	0	0	0	116	0	0	0	426	0	6056	294	0	0	632	0	374	0	136	0	852	394	13124	446	5132	2446	19664	888	4490	294	11934	1812	1076	0	1230	104	218	0	548	0	0	0	836	0	0	0	0	0	0	0	0	0	0	0	0	0	0	0	0	0	0	0	0	0	0	0	0	0	0	0	
498216	Supp_Motor_Area_R	8544	19676	14770	37130	0	0	2644	3958	0	0	602	4326	228	776	534	0	1538	1458	26396	0	0	0	1438	6202	0	0	0	0	1452	4336	3146	9066	3264	33348	896	6546	328	506	0	228	0	0	0	472	0	358	0	152	0	176	270	186	0	0	0	268	1676	1250	128	0	174	0	0	74	0	0	344	2184	5366	15596	5894	9062	2434	2034	820	788	3922	1282	122	78	296	0	0	0	0	210	0	0	0	156	0	0	0	0	0	0	0	0	0	0	0	0	0	0	0	0	0	0	0	0	0	0	0	0	0	0	
117780	Olfactory_L	0	0	104	84	2756	720	0	0	660	0	0	0	70	0	3936	0	0	0	92	0	0	7502	138	80	694	462	1970	1672	2790	0	3242	2562	0	0	0	0	502	0	1288	0	2292	0	0	0	0	0	0	0	0	0	0	0	0	0	84	0	0	0	0	0	0	0	0	0	0	0	0	0	0	0	10626	4262	7762	1464	0	0	0	0	0	0	0	0	1076	0	0	0	0	0	0	0	0	0	0	0	0	0	0	0	0	0	0	0	0	0	0	0	0	0	0	0	0	0	0	0	0	0	
108936	Olfactory_R	0	72	92	536	510	2674	0	0	306	0	0	0	0	0	510	1236	0	0	0	0	7502	0	136	298	70	1250	604	4248	0	1638	2476	3302	0	0	0	0	0	162	0	166	126	570	0	0	0	0	0	0	0	0	0	0	0	0	0	0	0	0	0	0	0	0	0	0	0	0	0	0	0	0	9914	6806	6404	2700	0	78	0	82	0	0	0	0	0	0	0	0	0	0	0	0	0	0	0	0	0	0	0	0	0	0	0	0	0	0	0	0	0	0	0	0	0	0	0	0	0	0	
306620	Frontal_Sup_Medial_L	0	116	34440	6094	2448	0	12484	194	336	0	420	276	5328	530	2184	0	0	456	5356	1438	138	136	0	15730	1748	262	690	74	5724	506	23726	11238	5462	7204	0	0	0	0	0	0	0	0	0	0	0	0	0	0	0	0	0	0	0	0	0	0	0	74	0	0	0	0	0	0	0	0	0	0	0	0	2346	470	5230	188	0	0	0	0	0	0	0	0	264	0	0	0	0	0	0	0	0	0	0	0	0	0	0	0	0	0	0	0	0	0	0	0	0	0	0	0	0	0	0	0	0	0	
246520	Frontal_Sup_Medial_R	0	0	3038	30478	300	1542	458	1682	0	0	184	1384	106	1384	120	146	0	426	2258	6202	80	298	15730	0	698	5292	0	888	126	3416	4970	19988	650	9950	0	0	0	0	0	0	0	120	0	0	0	0	0	0	0	0	0	0	0	0	0	0	0	0	0	0	0	0	0	0	0	0	0	0	0	0	676	3544	148	6894	0	0	0	0	0	84	0	0	0	0	0	0	0	0	0	0	0	0	0	0	0	0	0	0	0	0	0	0	0	0	0	0	0	0	0	0	0	0	0	0	0	0	
33576	Frontal_Med_Orb_L	0	0	478	0	2750	292	0	0	290	0	0	0	0	0	178	0	0	0	0	0	694	70	1748	698	0	1338	1410	246	144	0	4026	442	0	0	0	0	0	0	0	0	212	0	0	0	0	0	0	0	0	0	0	0	0	0	0	0	0	0	0	0	0	0	0	0	0	0	0	0	0	0	822	78	768	104	0	0	0	0	0	0	0	0	0	0	0	0	0	0	0	0	0	0	0	0	0	0	0	0	0	0	0	0	0	0	0	0	0	0	0	0	0	0	0	0	0	0	
78552	Frontal_Med_Orb_R	0	0	0	3156	104	6602	0	0	0	0	0	0	0	0	0	144	0	0	0	0	462	1250	262	5292	1338	0	270	5964	0	386	1504	5326	0	0	0	0	0	0	0	0	0	92	0	0	0	0	0	0	0	0	0	0	0	0	0	0	0	0	0	0	0	0	0	0	0	0	0	0	0	0	486	1578	332	4728	0	0	0	0	0	0	0	0	0	0	0	0	0	0	0	0	0	0	0	0	0	0	0	0	0	0	0	0	0	0	0	0	0	0	0	0	0	0	0	0	0	0	
43548	Rectus_L	0	0	708	0	5254	82	0	0	1966	0	0	0	0	0	2046	0	0	0	0	0	1970	604	690	0	1410	270	0	260	478	0	2412	376	0	0	0	0	0	0	0	0	272	0	0	0	0	0	0	0	0	0	0	0	0	0	0	0	0	0	0	0	0	0	0	0	0	0	0	0	0	0	1944	0	1032	0	0	0	0	0	0	0	0	0	0	0	0	0	0	0	0	0	0	0	0	0	0	0	0	0	0	0	0	0	0	0	0	0	0	0	0	0	0	0	0	0	0	0	
74632	Rectus_R	0	0	88	894	242	7912	0	0	112	0	0	0	0	0	204	936	0	0	0	0	1672	4248	74	888	246	5964	260	0	0	670	462	3022	0	0	0	0	0	0	0	0	0	0	0	0	0	0	0	0	0	0	0	0	0	0	0	0	0	0	0	0	0	0	0	0	0	0	0	0	0	0	1830	3030	1226	3336	0	0	0	0	0	0	0	0	0	0	0	0	0	0	0	0	0	0	0	0	0	0	0	0	0	0	0	0	0	0	0	0	0	0	0	0	0	0	0	0	0	0	
566012	Insula_L	13808	152	15828	162	2622	0	12280	0	3702	0	16886	260	25674	0	28056	0	16868	0	11166	1452	2790	0	5724	126	144	0	478	0	0	372	4864	832	1062	422	856	0	10608	0	1626	0	5412	0	210	0	0	0	0	0	0	0	1042	0	464	0	2932	0	8488	0	162	0	1226	0	696	0	1092	0	784	0	998	0	1788	2600	22434	190	0	0	6542	0	10248	0	13586	0	6132	0	8736	0	408	0	7552	0	192	0	0	0	0	0	0	0	272	0	0	0	0	0	0	0	0	0	0	0	0	0	0	0	0	0	
364840	Insula_R	170	3166	982	16466	0	1542	592	3138	0	730	544	22422	352	12790	576	9036	0	13282	812	4336	0	1638	506	3416	0	386	0	670	372	0	1376	13374	138	3384	0	0	0	7414	0	1196	0	890	0	0	0	0	0	0	0	0	0	0	0	0	0	2286	0	1752	0	0	0	82	0	320	0	0	0	0	0	78	1754	3534	1184	22716	0	266	246	2330	0	1824	0	9468	0	1946	0	4194	0	104	0	2640	0	0	0	0	0	0	0	0	0	0	0	0	0	0	0	0	0	0	0	0	0	0	0	0	0	0	
283548	Cingulum_Ant_L	70	136	11902	4146	2768	494	5514	268	592	0	1588	838	4896	616	2308	0	0	500	2786	3146	3242	2476	23726	4970	4026	1504	2412	462	4864	1376	0	17514	5390	4552	104	0	0	0	0	0	238	0	0	0	0	0	0	0	0	0	0	0	0	0	0	0	0	82	0	0	0	0	0	0	0	0	0	0	0	0	7440	3816	8576	2168	0	0	0	112	0	0	0	0	156	0	0	0	0	0	0	0	0	0	0	0	0	0	0	0	0	0	0	0	0	0	0	0	0	0	0	0	0	0	0	0	0	0	
445860	Cingulum_Ant_R	158	476	4364	28256	242	1242	1650	2326	196	0	942	8796	1372	9848	1032	0	94	1750	2870	9066	2562	3302	11238	19988	442	5326	376	3022	832	13374	17514	0	1954	15910	0	0	0	88	0	0	0	0	0	0	0	0	0	0	0	0	0	0	0	0	0	0	0	364	0	0	0	0	0	0	0	0	0	0	0	0	6324	26950	2158	15538	0	0	130	502	0	222	0	134	0	0	0	0	0	0	0	0	0	0	0	0	0	0	0	0	0	0	0	0	0	0	0	0	0	0	0	0	0	0	0	0	0	0	
178360	Cingulum_Mid_L	378	114	8956	728	0	0	4788	0	74	0	428	0	960	0	326	0	0	0	8074	3264	0	0	5462	650	0	0	0	0	1062	138	5390	1954	0	9454	4430	852	0	0	0	0	0	0	420	0	976	168	196	0	1608	130	6708	0	156	0	112	0	1322	0	1626	0	590	0	0	0	298	0	9750	1344	5052	330	0	0	108	186	0	0	368	0	0	0	0	0	0	0	250	0	0	0	0	0	0	0	0	0	0	0	0	0	0	0	0	0	0	0	0	0	0	0	0	0	0	0	0	0	0	0	
394112	Cingulum_Mid_R	1958	5218	4350	14650	0	0	1970	3210	0	0	0	2972	292	2270	176	0	0	138	9322	33348	0	0	7204	9950	0	0	0	0	422	3384	4552	15910	9454	0	2244	8030	0	0	0	0	0	0	0	2698	0	5072	0	440	0	3212	1070	2326	0	716	0	0	360	2402	584	144	158	0	0	0	0	0	3116	14050	3258	11600	148	280	158	1308	0	0	516	0	0	0	0	0	0	0	0	1242	0	0	0	1174	0	0	0	0	0	0	0	0	0	0	0	0	0	0	0	0	0	0	0	0	0	0	0	0	0	0	
194872	Cingulum_Post_L	6246	2062	5504	912	0	0	2506	0	0	0	140	0	0	0	0	0	86	0	3612	896	0	0	0	0	0	0	0	0	856	0	104	0	4430	2244	0	7942	6082	3968	1058	206	0	0	2098	0	936	480	1630	112	524	0	3074	0	72	0	132	156	2846	0	1578	0	770	0	0	0	772	0	10802	2386	7844	616	152	0	0	0	0	0	6786	3106	978	0	88	0	0	0	300	0	0	0	262	82	0	0	0	0	0	0	0	0	0	0	0	0	0	0	0	0	0	0	0	0	0	0	0	0	0	0	
186360	Cingulum_Post_R	248	5718	4206	2588	0	0	1606	0	0	0	0	80	0	0	0	0	0	0	2314	6546	0	0	0	0	0	0	0	0	0	0	0	0	852	8030	7942	0	1098	7928	0	1046	0	0	0	1168	150	724	0	2162	0	192	262	532	0	280	0	1910	198	884	168	0	0	0	0	0	0	0	1522	10398	892	5676	158	0	0	0	0	0	8372	6114	0	0	0	0	0	0	0	500	0	0	0	554	0	0	0	0	0	0	0	0	0	0	0	0	0	0	0	0	0	0	0	0	162	0	0	0	0	0	
227956	Hippocampus_L	3622	296	4666	228	0	0	1910	0	0	0	840	0	82	0	976	0	946	0	4584	328	502	0	0	0	0	0	0	0	10608	0	0	0	0	0	6082	1098	0	1086	12486	0	8490	0	2074	0	114	0	3186	0	86	0	206	0	290	0	11422	0	706	0	0	0	0	0	80	0	0	0	4142	0	294	0	0	94	6852	0	860	0	6216	798	2172	0	2902	0	694	0	1198	0	0	0	8198	0	442	0	70	0	270	0	544	0	918	0	0	0	0	0	0	0	0	0	0	320	0	0	0	0	0	0	
255224	Hippocampus_R	176	6954	3692	2364	0	0	1450	446	0	0	0	1774	0	148	0	192	0	2280	1556	506	0	162	0	0	0	0	0	0	0	7414	0	88	0	0	3968	7928	1086	0	0	18246	0	7824	0	526	0	0	0	2972	0	0	0	0	0	0	0	16994	164	444	0	0	0	0	0	0	0	0	0	4158	0	488	260	98	106	9690	0	120	5168	7712	0	90	0	374	0	696	0	960	0	74	0	7050	0	80	0	0	0	0	0	552	0	480	0	0	0	0	0	0	0	0	0	0	102	0	0	0	0	0	
104120	ParaHippocampal_L	96	0	90	0	320	0	0	0	0	0	0	0	0	0	1040	0	0	0	192	0	1288	0	0	0	0	0	0	0	1626	0	0	0	0	0	1058	0	12486	0	0	0	2304	0	844	0	0	0	3606	0	0	0	272	0	998	0	10608	0	0	0	0	0	0	0	0	0	0	0	1284	0	0	0	0	0	1128	0	0	0	1182	0	0	0	124	0	916	0	138	0	90	0	1648	0	1102	0	184	0	532	0	2828	0	2908	0	386	0	162	0	272	0	0	0	0	152	0	0	110	86	0	0	
124828	ParaHippocampal_R	0	834	154	88	0	0	0	0	0	0	0	138	0	0	0	154	0	176	70	228	0	166	0	0	0	0	0	0	0	1196	0	0	0	0	206	1046	0	18246	0	0	0	5400	0	446	0	0	0	2722	0	0	0	0	0	286	0	15742	0	0	0	0	0	0	0	0	0	0	0	1774	0	318	0	0	0	2758	0	0	176	1306	0	0	0	88	0	686	0	632	0	188	0	3934	0	352	0	0	0	0	0	1684	0	1130	0	0	0	90	0	0	0	0	0	0	0	0	0	0	0	0	
63584	Amygdala_L	0	0	0	0	914	0	0	0	102	0	0	0	94	0	2004	0	0	0	132	0	2292	126	0	0	212	0	272	0	5412	0	238	0	0	0	0	0	8490	0	2304	0	0	0	0	0	0	0	0	0	0	0	0	0	0	0	2818	0	0	0	0	0	0	0	0	0	0	0	0	0	100	0	684	72	2572	0	0	0	122	0	0	0	618	0	744	0	0	0	102	0	1368	0	0	0	0	0	0	0	0	0	0	0	0	0	0	0	0	0	0	0	0	0	0	0	0	0	0	0	
51912	Amygdala_R	0	0	0	172	0	0	0	0	0	0	0	0	0	0	0	110	0	0	0	0	0	570	0	120	0	92	0	0	0	890	0	0	0	0	0	0	0	7824	0	5400	0	0	0	0	0	0	0	0	0	0	0	0	0	0	0	6652	0	0	0	0	0	0	0	0	0	0	0	0	0	0	0	0	0	1272	0	0	0	0	0	0	0	0	0	1414	0	0	0	130	0	1310	0	0	0	0	0	0	0	0	0	0	0	0	0	0	0	0	0	0	0	0	0	0	0	0	0	0	
293452	Calcarine_L	184	0	88	0	0	0	0	0	0	0	0	0	0	0	0	0	0	0	72	0	0	0	0	0	0	0	0	0	210	0	0	0	420	0	2098	0	2074	0	844	0	0	0	0	10068	16226	9210	18060	2416	10404	5166	24876	2028	7138	860	4406	864	582	0	986	128	520	78	0	0	468	88	17388	1060	502	0	0	0	0	0	0	0	82	0	428	0	0	0	0	0	3770	0	0	0	2524	0	286	0	0	0	0	0	0	0	124	0	0	0	0	0	0	0	0	0	0	0	0	0	0	0	0	0	
294484	Calcarine_R	0	1264	0	0	0	0	0	0	0	0	0	0	0	0	0	0	0	0	0	472	0	0	0	0	0	0	0	0	0	0	0	0	0	2698	0	1168	0	526	0	446	0	0	10068	0	2676	23124	2228	11934	76	16094	104	15498	0	9220	0	5854	0	2450	0	240	0	678	0	670	0	1334	874	23786	114	1456	0	0	0	0	0	0	0	0	0	0	0	0	0	0	0	6496	0	0	0	5694	0	0	0	0	0	0	0	0	0	0	0	0	0	0	0	0	0	0	0	0	0	0	0	0	0	0	
199552	Cuneus_L	0	0	0	0	0	0	0	0	0	0	0	0	0	0	0	0	0	0	0	0	0	0	0	0	0	0	0	0	0	0	0	0	976	0	936	150	114	0	0	0	0	0	16226	2676	0	6256	3176	0	20378	2908	13834	848	1798	82	1014	0	1146	0	3252	0	910	0	0	0	598	70	15896	2490	1112	0	0	0	0	0	0	0	0	0	0	0	0	0	0	0	2078	0	0	0	852	0	0	0	0	0	0	0	0	0	0	0	0	0	0	0	0	0	0	0	0	0	0	0	0	0	0	0	
269688	Cuneus_R	0	706	0	0	0	0	0	0	0	0	0	0	0	0	0	0	0	0	0	358	0	0	0	0	0	0	0	0	0	0	0	0	168	5072	480	724	0	0	0	0	0	0	9210	23124	6256	0	1106	1632	290	28778	428	10796	0	4400	0	1442	0	1360	0	3088	0	422	0	0	0	546	6158	24714	94	1260	0	0	0	0	0	0	0	0	0	0	0	0	0	0	0	1150	0	0	0	1082	0	0	0	0	0	0	0	0	0	0	0	0	0	0	0	0	0	0	0	0	0	0	0	0	0	0	
369036	Lingual_L	80	0	0	0	0	0	0	0	0	0	0	0	0	0	0	0	0	0	0	0	0	0	0	0	0	0	0	0	0	0	0	0	196	0	1630	0	3186	0	3606	0	0	0	18060	2228	3176	1106	0	4410	3170	880	18582	854	15080	508	26212	1302	240	0	274	0	184	0	0	0	274	0	8272	96	348	0	0	0	0	0	0	0	452	0	120	0	0	0	0	0	522	0	0	0	522	0	15830	1944	196	0	582	0	17808	1566	19618	2662	180	0	564	0	122	0	0	0	0	116	3664	3630	466	0	0	0	
273920	Lingual_R	0	282	82	0	0	0	0	0	0	0	0	0	0	0	0	0	0	0	0	152	0	0	0	0	0	0	0	0	0	0	0	0	0	440	112	2162	0	2972	0	2722	0	0	2416	11934	0	1632	4410	0	0	1050	0	2196	120	4520	1484	14324	0	352	0	0	0	0	0	0	0	0	188	11668	0	476	0	0	0	0	0	0	102	374	0	0	0	0	0	0	0	378	0	0	0	656	3670	11730	234	256	98	110	3266	9818	6016	14516	104	0	632	324	342	0	0	0	0	338	7828	8314	1710	450	0	0	
174108	Occipital_Sup_L	0	0	0	0	0	0	0	0	0	0	0	0	0	0	0	0	0	0	0	0	0	0	0	0	0	0	0	0	0	0	0	0	1608	0	524	0	86	0	0	0	0	0	10404	76	20378	290	3170	0	0	94	24404	0	2134	0	1484	0	462	0	5246	0	524	0	0	0	258	0	14012	710	224	0	0	0	0	0	0	0	0	0	0	0	0	0	0	0	836	0	0	0	0	0	0	0	0	0	0	0	0	0	130	0	0	0	0	0	0	0	0	0	0	0	0	0	0	0	0	0	
212096	Occipital_Sup_R	0	210	0	0	0	0	0	0	0	0	0	0	0	0	0	0	0	0	0	176	0	0	0	0	0	0	0	0	0	0	0	0	130	3212	0	192	0	0	0	0	0	0	5166	16094	2908	28778	880	1050	94	0	366	16706	0	2312	0	842	0	966	0	5090	0	1022	0	0	0	2460	1738	13418	0	846	0	0	0	0	0	0	0	0	0	0	0	0	0	0	0	1086	0	0	0	306	0	0	0	0	0	0	0	0	0	0	0	0	0	0	0	0	0	0	0	0	0	0	0	0	0	0	
539592	Occipital_Mid_L	2140	70	110	0	0	0	0	0	0	0	0	0	0	0	0	0	1188	0	116	270	0	0	0	0	0	0	0	0	1042	0	0	0	6708	1070	3074	262	206	0	272	0	0	0	24876	104	13834	428	18582	0	24404	366	0	0	30120	0	17128	0	9042	0	11922	0	17668	0	1222	0	20486	0	23704	924	4494	164	0	0	0	0	0	0	0	0	1106	0	2210	0	0	0	21730	0	0	0	6428	0	924	0	0	0	0	0	286	0	1024	0	0	0	0	0	0	0	0	0	0	0	92	0	0	0	0	0	
194396	Occipital_Mid_R	0	626	0	0	0	0	0	0	0	0	0	0	0	0	0	0	0	0	0	186	0	0	0	0	0	0	0	0	0	0	0	0	0	2326	0	532	0	0	0	0	0	0	2028	15498	848	10796	854	2196	0	16706	0	0	0	5402	0	802	0	2454	0	720	0	1610	0	998	0	9968	342	8022	0	1172	0	0	0	0	0	0	0	0	0	0	0	86	0	0	0	10462	0	0	0	2564	0	0	0	0	0	0	0	0	0	0	0	0	0	0	0	0	0	0	0	0	0	0	0	0	0	0	
230504	Occipital_Inf_L	662	0	0	0	0	0	0	0	0	0	0	0	0	0	0	0	374	0	0	0	0	0	0	0	0	0	0	0	464	0	0	0	156	0	72	0	290	0	998	0	0	0	7138	0	1798	0	15080	120	2134	0	30120	0	0	0	24008	0	340	0	0	0	164	0	272	0	572	0	2406	0	332	0	0	0	0	0	0	0	0	0	732	0	840	0	0	0	8968	0	0	0	10520	0	1510	70	0	0	0	0	1402	0	3020	90	0	0	0	0	0	0	0	0	0	0	246	354	0	0	0	0	
105780	Occipital_Inf_R	0	252	0	0	0	0	0	0	0	0	0	0	0	0	0	0	0	0	0	0	0	0	0	0	0	0	0	0	0	0	0	0	0	716	0	280	0	0	0	286	0	0	860	9220	82	4400	508	4520	0	2312	0	5402	0	0	142	7814	0	446	0	0	0	0	0	0	0	0	0	3550	0	452	0	0	0	0	0	0	0	0	0	0	0	0	0	0	0	2966	0	0	0	7294	118	270	0	0	0	0	0	0	256	332	0	0	0	0	0	0	0	0	0	0	0	412	0	0	0	0	
463876	Fusiform_L	736	0	262	0	0	0	0	0	0	0	104	0	0	0	70	0	516	0	426	0	84	0	0	0	0	0	0	0	2932	0	0	0	112	0	132	0	11422	0	10608	0	2818	0	4406	0	1014	0	26212	1484	1484	0	17128	0	24008	142	0	510	308	0	0	0	180	0	472	0	942	0	1782	0	256	0	0	0	1480	0	0	0	542	0	620	0	2252	0	1608	0	5376	0	828	0	16938	0	26768	1168	1810	0	590	94	18308	190	31836	1422	1808	0	1940	84	676	0	0	0	0	124	984	2996	540	258	148	0	
300612	Fusiform_R	0	1244	94	100	0	0	0	78	0	0	0	206	0	0	0	104	0	352	0	268	0	0	0	0	0	0	0	0	0	2286	0	0	0	0	156	1910	0	16994	0	15742	0	6652	864	5854	0	1442	1302	14324	0	842	0	802	0	7814	510	0	0	82	0	0	0	0	0	0	0	0	0	3956	0	704	0	0	0	2810	0	0	104	858	0	74	0	2298	0	3990	0	2172	0	1006	0	15536	672	10148	0	338	0	94	442	6226	1238	12640	0	74	232	484	130	280	0	0	0	0	1264	1760	382	278	94	0	
317384	Postcentral_L	38650	1644	5812	1142	0	0	1014	0	0	0	3348	0	642	0	0	0	8978	0	6056	1676	0	0	0	0	0	0	0	0	8488	0	0	0	1322	360	2846	198	706	164	0	0	0	0	582	0	1146	0	240	0	462	0	9042	0	340	0	308	0	0	0	6730	0	20764	0	7772	0	3214	0	4468	0	3776	82	80	104	1866	0	0	0	1924	214	4064	0	3574	0	0	0	2976	0	0	0	1918	0	0	0	0	0	0	0	0	0	0	0	0	0	0	0	0	0	0	0	0	0	0	0	0	0	0	0	
235864	Postcentral_R	312	22488	244	1136	0	0	214	1628	0	0	0	4422	0	86	350	0	0	6720	294	1250	0	0	74	0	0	0	0	0	0	1752	82	364	0	2402	0	884	0	444	0	0	0	0	0	2450	0	1360	0	352	0	966	0	2454	0	446	0	82	0	0	0	8836	0	9314	0	15272	0	2678	130	8356	0	4984	1508	1128	730	1250	108	0	362	638	0	608	0	1260	0	0	0	4330	0	0	0	3184	0	0	0	0	0	0	0	0	0	0	0	0	0	0	0	0	0	0	0	0	0	0	0	0	0	0	
116396	Parietal_Sup_L	368	0	0	0	0	0	0	0	0	0	0	0	0	0	0	0	0	0	0	128	0	0	0	0	0	0	0	0	162	0	0	0	1626	584	1578	168	0	0	0	0	0	0	986	0	3252	0	274	0	5246	0	11922	0	0	0	0	0	6730	0	0	0	10560	0	0	0	530	0	11946	388	1558	80	0	0	0	0	0	0	0	0	0	0	0	0	0	0	112	0	0	0	0	0	0	0	0	0	0	0	0	0	0	0	0	0	0	0	0	0	0	0	0	0	0	0	0	0	0	0	
96488	Parietal_Sup_R	0	1740	0	0	0	0	0	134	0	0	0	268	0	0	0	0	0	0	0	0	0	0	0	0	0	0	0	0	0	0	0	0	0	144	0	0	0	0	0	0	0	0	128	240	0	3088	0	0	0	5090	0	720	0	0	0	0	0	8836	0	0	0	9344	0	5092	0	2838	728	6840	0	208	150	0	138	0	0	0	0	0	0	0	0	72	0	0	0	1330	0	0	0	1116	0	0	0	0	0	0	0	0	0	0	0	0	0	0	0	0	0	0	0	0	0	0	0	0	0	0	
207280	Parietal_Inf_L	7206	1272	646	770	0	0	0	0	0	0	544	0	0	0	0	0	952	0	632	174	0	0	0	0	0	0	0	0	1226	0	0	0	590	158	770	0	0	0	0	0	0	0	520	0	910	0	184	0	524	0	17668	0	164	0	180	0	20764	0	10560	0	0	0	10614	0	17478	0	2138	0	2524	0	0	114	0	0	0	0	0	116	0	0	972	0	0	0	2320	0	0	0	950	0	0	0	0	0	0	0	0	0	0	0	0	0	0	0	0	0	0	0	0	0	0	0	0	0	0	0	
118368	Parietal_Inf_R	94	1698	0	108	0	0	98	408	0	0	0	774	0	0	78	0	0	186	0	0	0	0	0	0	0	0	0	0	0	82	0	0	0	0	0	0	0	0	0	0	0	0	78	678	0	422	0	0	0	1022	0	1610	0	0	0	0	0	9314	0	9344	0	0	0	17404	0	10718	0	556	0	132	284	0	276	92	0	0	0	0	0	0	0	986	0	0	0	2028	0	0	0	714	0	0	0	0	0	0	0	0	0	0	0	0	0	0	0	0	0	0	0	0	0	0	0	0	0	0	
94976	SupraMarginal_L	1720	0	398	0	0	0	130	0	0	0	832	0	0	0	0	0	2800	0	374	0	0	0	0	0	0	0	0	0	696	0	0	0	0	0	0	0	80	0	0	0	0	0	0	0	0	0	0	0	0	0	1222	0	272	0	472	0	7772	0	0	0	10614	0	0	0	5338	0	72	0	468	0	0	0	250	0	0	0	340	0	112	0	6618	0	0	0	4832	0	0	0	2076	0	0	0	0	0	0	0	0	0	0	0	0	0	0	0	0	0	0	0	0	0	0	0	0	0	0	0	
135104	SupraMarginal_R	118	2486	0	228	0	0	120	548	0	0	0	888	0	0	0	0	0	2850	0	74	0	0	0	0	0	0	0	0	0	320	0	0	0	0	0	0	0	0	0	0	0	0	0	670	0	0	0	0	0	0	0	998	0	0	0	0	0	15272	0	5092	0	17404	0	0	0	7638	0	588	0	148	326	0	318	90	0	0	0	0	0	112	0	6030	0	0	0	3984	0	0	0	1250	0	0	0	0	0	0	0	0	0	0	0	0	0	0	0	0	0	0	0	0	0	0	0	0	0	0	
153552	Angular_L	1838	0	136	0	0	0	0	0	0	0	460	0	0	0	0	0	1424	0	136	0	0	0	0	0	0	0	0	0	1092	0	0	0	298	0	772	0	0	0	0	0	0	0	468	0	598	0	274	0	258	0	20486	0	572	0	942	0	3214	0	530	0	17478	0	5338	0	0	0	2016	0	3080	0	0	0	74	0	0	0	130	0	198	0	2072	0	0	0	9238	0	0	0	3654	0	0	0	0	0	0	0	0	0	0	0	0	0	0	0	0	0	0	0	0	0	0	0	0	0	0	0	
94692	Angular_R	0	482	0	0	0	0	0	122	0	0	0	200	0	0	0	0	0	0	0	0	0	0	0	0	0	0	0	0	0	0	0	0	0	0	0	0	0	0	0	0	0	0	88	1334	70	546	0	0	0	2460	0	9968	0	0	0	0	0	2678	0	2838	0	10718	0	7638	0	0	0	972	0	0	0	0	0	172	0	0	0	0	0	0	0	1596	0	0	0	4402	0	0	0	1062	0	0	0	0	0	0	0	0	0	0	0	0	0	0	0	0	0	0	0	0	0	0	0	0	0	0	
348684	Precuneus_L	1866	116	874	0	0	0	534	0	0	0	0	0	0	0	0	0	178	0	852	344	0	0	0	0	0	0	0	0	784	0	0	0	9750	3116	10802	1522	4142	0	1284	0	0	0	17388	874	15896	6158	8272	188	14012	1738	23704	342	2406	0	1782	0	4468	130	11946	728	2138	0	72	0	2016	0	0	12054	5116	344	0	0	0	0	0	0	456	0	846	0	142	0	0	0	3128	0	0	0	1834	0	0	0	0	0	0	0	0	0	0	0	0	0	0	0	0	0	0	0	0	0	0	0	0	0	0	0	
372256	Precuneus_R	0	3520	376	0	0	0	120	0	0	0	0	0	0	0	0	0	0	0	394	2184	0	0	0	0	0	0	0	0	0	0	0	0	1344	14050	2386	10398	0	4158	0	1774	0	0	1060	23786	2490	24714	96	11668	710	13418	924	8022	0	3550	0	3956	0	8356	388	6840	0	556	0	588	0	972	12054	0	744	7136	0	0	0	0	0	0	482	360	0	0	0	128	0	0	0	5240	0	0	0	6742	0	0	0	0	0	0	0	146	0	0	0	0	0	0	0	0	0	0	0	0	298	0	0	0	0	0	
183880	Paracentral_Lobule_L	11988	2110	2082	738	0	0	148	0	0	0	0	0	0	0	0	0	500	0	13124	5366	0	0	0	0	0	0	0	0	998	0	0	0	5052	3258	7844	892	294	0	0	0	100	0	502	114	1112	94	348	0	224	0	4494	0	332	0	256	0	3776	0	1558	0	2524	0	468	0	3080	0	5116	744	0	2820	198	0	802	0	0	0	6060	122	108	0	410	0	0	0	1240	0	0	0	944	0	0	0	0	0	0	0	0	0	0	0	0	0	0	0	0	0	0	0	0	0	0	0	0	0	0	0	
166016	Paracentral_Lobule_R	3228	13782	1802	184	0	0	944	146	0	0	0	220	0	0	0	0	0	0	446	15596	0	0	0	0	0	0	0	0	0	78	0	0	330	11600	616	5676	0	488	0	318	0	0	0	1456	0	1260	0	476	0	846	164	1172	0	452	0	704	82	4984	80	208	0	132	0	148	0	0	344	7136	2820	0	792	0	76	128	0	0	994	0	0	0	0	0	0	0	0	1544	0	0	0	1556	0	0	0	0	0	0	0	0	0	0	0	0	0	0	0	0	0	0	0	0	0	0	0	0	0	0	
329332	Caudate_L	2364	6904	3980	5114	1932	852	1510	3394	954	0	2394	1294	1186	116	9224	0	242	3240	5132	5894	10626	9914	2346	676	822	486	1944	1830	1788	1754	7440	6324	0	148	152	158	0	260	0	0	684	0	0	0	0	0	0	0	0	0	0	0	0	0	0	0	80	1508	0	150	0	284	0	326	0	0	0	0	198	792	0	18012	26292	3882	1468	374	6666	938	0	448	0	0	0	0	0	170	0	0	0	0	0	0	0	0	0	0	0	0	0	0	0	0	0	0	0	0	0	0	0	0	0	0	0	0	0	0	
353612	Caudate_R	478	8716	2164	13902	0	1702	1370	120	252	0	5418	2898	3824	994	1218	312	264	2920	2446	9062	4262	6806	470	3544	78	1578	0	3030	2600	3534	3816	26950	0	280	0	0	94	98	0	0	72	0	0	0	0	0	0	0	0	0	0	0	0	0	0	0	104	1128	0	0	114	0	0	0	0	0	0	0	0	0	18012	0	7894	16530	0	2160	1362	13568	0	222	80	170	0	0	0	190	0	0	0	0	0	0	0	0	0	0	0	0	0	0	0	0	0	0	0	0	0	0	0	0	0	0	0	0	0	0	
417064	Putamen_L	11372	1220	17274	1054	3554	682	2086	0	1832	0	2372	200	1980	0	14600	0	1352	1710	19664	2434	7762	6404	5230	148	768	332	1032	1226	22434	1184	8576	2158	108	158	0	0	6852	106	1128	0	2572	0	0	0	0	0	0	0	0	0	0	0	0	0	1480	0	1866	730	0	138	0	276	250	318	74	0	0	0	802	76	26292	7894	0	2656	4234	230	2978	160	0	240	2486	0	1340	0	244	174	88	0	1604	0	140	0	0	0	0	0	0	0	198	0	0	0	0	0	0	0	0	0	0	0	0	0	0	0	0	0	
304048	Putamen_R	82	2622	674	10178	0	3790	258	950	0	806	286	3968	272	1224	322	2594	0	8578	888	2034	1464	2700	188	6894	104	4728	0	3336	190	22716	2168	15538	186	1308	0	0	0	9690	0	2758	0	1272	0	0	0	0	0	0	0	0	0	0	0	0	0	2810	0	1250	0	0	0	92	0	90	0	172	0	0	0	128	3882	16530	2656	0	0	1620	0	3378	0	676	0	1150	0	344	0	738	0	0	0	1742	0	0	0	0	0	0	0	0	0	0	0	0	0	0	0	0	0	0	0	0	0	0	0	0	0	0	
44516	Pallidum_L	2902	1398	3222	894	0	0	78	76	0	0	0	74	0	0	0	0	0	0	4490	820	0	0	0	0	0	0	0	0	0	0	0	0	0	0	0	0	860	0	0	0	0	0	0	0	0	0	0	0	0	0	0	0	0	0	0	0	0	108	0	0	0	0	0	0	0	0	0	0	0	0	1468	0	4234	0	0	0	1634	0	0	0	0	0	0	0	0	0	0	0	0	0	0	0	0	0	0	0	0	0	0	0	0	0	0	0	0	0	0	0	0	0	0	0	0	0	0	0	
15120	Pallidum_R	96	84	306	738	0	0	102	0	0	0	0	0	0	0	0	0	0	122	294	788	0	78	0	0	0	0	0	0	0	266	0	0	0	0	0	0	0	120	0	0	0	0	0	0	0	0	0	0	0	0	0	0	0	0	0	0	0	0	0	0	0	0	0	0	0	0	0	0	0	0	374	2160	230	1620	0	0	0	112	0	0	0	0	0	0	0	70	0	0	0	0	0	0	0	0	0	0	0	0	0	0	0	0	0	0	0	0	0	0	0	0	0	0	0	0	0	0	
276760	Thalamus_L	7404	10150	15442	4940	0	0	4454	0	0	0	2124	540	318	0	0	0	598	262	11934	3922	0	0	0	0	0	0	0	0	6542	246	0	130	368	516	6786	8372	6216	5168	1182	176	122	0	82	0	0	0	452	102	0	0	0	0	0	0	542	104	1924	362	0	0	0	0	340	0	130	0	456	482	6060	994	6666	1362	2978	0	1634	0	0	11922	1788	0	688	0	0	0	402	0	0	0	900	98	0	0	0	0	0	0	0	0	0	0	0	0	0	0	0	0	0	0	0	0	0	0	0	0	0	0	
223140	Thalamus_R	166	24092	4018	18478	0	0	1278	1084	0	0	0	1830	0	0	250	0	0	2032	1812	1282	0	82	0	0	0	0	0	0	0	2330	112	502	0	0	3106	6114	798	7712	0	1306	0	0	0	0	0	0	0	374	0	0	0	0	0	0	0	858	214	638	0	0	116	0	0	0	0	0	0	360	122	0	938	13568	160	3378	0	112	11922	0	0	0	0	0	0	0	0	92	0	0	0	246	0	0	0	0	0	0	0	88	0	0	0	0	0	0	0	0	0	0	0	0	0	0	0	0	0	0	
126696	Heschl_L	5804	0	1198	0	0	0	214	0	0	0	2518	0	84	0	0	0	7018	0	1076	122	0	0	0	0	0	0	0	0	10248	0	0	0	0	0	978	0	2172	0	0	0	0	0	428	0	0	0	120	0	0	0	1106	0	732	0	620	0	4064	0	0	0	0	0	112	0	198	0	846	0	108	0	0	0	0	0	0	0	1788	0	0	0	7276	0	0	0	9992	0	0	0	4526	0	0	0	0	0	0	0	0	0	0	0	0	0	0	0	0	0	0	0	0	0	0	0	0	0	0	0	
31672	Heschl_R	0	294	0	192	0	0	0	0	0	0	0	0	0	0	122	0	0	3030	0	78	0	0	0	84	0	0	0	0	0	1824	0	222	0	0	0	0	0	90	0	0	0	0	0	0	0	0	0	0	0	0	0	0	0	0	0	74	0	608	0	0	0	0	0	112	0	0	0	0	0	0	448	222	240	676	0	0	0	0	0	0	0	4032	0	284	0	2120	0	0	0	1084	0	0	0	0	0	0	0	0	0	0	0	0	0	0	0	0	0	0	0	0	0	0	0	0	0	0	
276496	Temporal_Sup_L	2646	0	678	0	0	0	170	0	0	0	6374	0	320	0	86	0	15960	0	1230	296	0	0	0	0	0	0	0	0	13586	0	0	0	0	0	88	0	2902	0	124	0	618	0	0	0	0	0	0	0	0	0	2210	0	840	0	2252	0	3574	0	0	0	972	0	6618	0	2072	0	142	0	410	0	0	80	2486	0	0	0	688	0	7276	0	0	0	5198	0	37452	0	0	0	20586	0	146	0	0	0	0	0	0	0	168	0	0	0	0	0	0	0	0	0	0	0	0	0	0	0	0	0	
116224	Temporal_Sup_R	0	304	102	84	0	0	0	0	0	0	0	436	0	0	0	470	0	5112	104	0	0	0	0	0	0	0	0	0	0	9468	0	134	0	0	0	0	0	374	0	88	0	0	0	0	0	0	0	0	0	0	0	86	0	0	0	2298	0	1260	0	72	0	986	0	6030	0	1596	0	128	0	0	0	170	0	1150	0	0	0	0	0	4032	0	0	0	5758	0	13808	0	182	0	3880	0	0	0	0	0	0	0	0	0	0	0	0	0	0	0	0	0	0	0	0	0	0	0	0	0	0	
101760	Temporal_Pole_Sup_L	0	0	416	0	692	0	522	0	586	0	1084	0	1626	0	4986	0	944	0	218	0	1076	0	264	0	0	0	0	0	6132	0	156	0	0	0	0	0	694	0	916	0	744	0	0	0	0	0	0	0	0	0	0	0	0	0	1608	0	0	0	0	0	0	0	0	0	0	0	0	0	0	0	0	0	1340	0	0	0	0	0	0	0	5198	0	0	0	10312	0	1790	0	9576	0	0	0	0	0	0	0	0	0	0	0	0	0	0	0	0	0	0	0	0	0	0	0	0	0	0	0	
54776	Temporal_Pole_Sup_R	0	0	0	0	0	0	0	0	0	0	0	0	0	0	0	360	0	250	0	0	0	0	0	0	0	0	0	0	0	1946	0	0	0	0	0	0	0	696	0	686	0	1414	0	0	0	0	0	0	0	0	0	0	0	0	0	3990	0	0	0	0	0	0	0	0	0	0	0	0	0	0	0	0	0	344	0	0	0	0	0	284	0	5758	0	0	0	3914	0	2444	0	5302	0	0	0	0	0	0	0	0	0	0	0	0	0	0	0	0	0	0	0	0	0	0	0	0	0	0	
407204	Temporal_Mid_L	3602	0	308	0	0	0	0	0	0	0	2282	0	0	0	0	0	9290	0	548	0	0	0	0	0	0	0	0	0	8736	0	0	0	250	0	300	0	1198	0	138	0	0	0	3770	0	2078	0	522	0	836	0	21730	0	8968	0	5376	0	2976	0	112	0	2320	0	4832	0	9238	0	3128	0	1240	0	0	0	244	0	0	0	402	0	9992	0	37452	0	10312	0	0	0	1728	0	49434	0	260	0	0	0	0	0	0	0	0	0	0	0	0	0	0	0	0	0	0	0	0	0	0	0	0	0	
213620	Temporal_Mid_R	0	1322	0	0	0	0	0	82	0	0	0	380	0	0	0	146	0	1420	0	210	0	0	0	0	0	0	0	0	0	4194	0	0	0	1242	0	500	0	960	0	632	0	0	0	6496	0	1150	0	378	0	1086	0	10462	0	2966	0	2172	0	4330	0	1330	0	2028	0	3984	0	4402	0	5240	0	1544	170	190	174	738	0	70	0	92	0	2120	0	13808	0	3914	0	0	0	1412	0	25466	0	0	0	0	0	0	0	0	0	0	0	0	0	0	0	0	0	0	0	0	0	0	0	0	0	0	
14864	Temporal_Pole_Mid_L	0	0	0	0	126	0	0	0	0	0	0	0	0	0	414	0	0	0	0	0	0	0	0	0	0	0	0	0	408	0	0	0	0	0	0	0	0	0	90	0	102	0	0	0	0	0	0	0	0	0	0	0	0	0	828	0	0	0	0	0	0	0	0	0	0	0	0	0	0	0	0	0	88	0	0	0	0	0	0	0	0	0	1790	0	1728	0	0	0	1858	0	0	0	0	0	0	0	0	0	0	0	0	0	0	0	0	0	0	0	0	0	0	0	0	0	0	0	
16248	Temporal_Pole_Mid_R	0	0	0	0	0	0	0	0	0	0	0	0	0	0	0	0	0	0	0	0	0	0	0	0	0	0	0	0	0	104	0	0	0	0	0	0	0	74	0	188	0	130	0	0	0	0	0	0	0	0	0	0	0	0	0	1006	0	0	0	0	0	0	0	0	0	0	0	0	0	0	0	0	0	0	0	0	0	0	0	0	0	182	0	2444	0	1412	0	0	0	2584	0	0	0	0	0	0	0	0	0	0	0	0	0	0	0	0	0	0	0	0	0	0	0	0	0	0	
333124	Temporal_Inf_L	2990	0	254	0	0	0	76	0	0	0	480	0	0	0	0	0	2660	0	836	0	0	0	0	0	0	0	0	0	7552	0	0	0	0	0	262	0	8198	0	1648	0	1368	0	2524	0	852	0	522	0	0	0	6428	0	10520	0	16938	0	1918	0	0	0	950	0	2076	0	3654	0	1834	0	944	0	0	0	1604	0	0	0	900	0	4526	0	20586	0	9576	0	49434	0	1858	0	0	0	1714	0	0	0	0	0	242	0	638	0	0	0	0	0	0	0	0	0	0	0	0	0	0	0	0	0	
216660	Temporal_Inf_R	0	1014	84	0	0	0	0	0	0	0	0	248	0	0	0	80	0	374	0	156	0	0	0	0	0	0	0	0	0	2640	0	0	0	1174	82	554	0	7050	0	3934	0	1310	0	5694	0	1082	0	656	0	306	0	2564	0	7294	0	15536	0	3184	0	1116	0	714	0	1250	0	1062	0	6742	0	1556	0	0	0	1742	0	0	98	246	0	1084	0	3880	0	5302	0	25466	0	2584	0	0	0	396	0	0	0	0	0	0	0	76	0	0	0	0	0	0	0	0	0	0	0	0	0	0	0	0	
519636	Cerebelum_Crus1_L	0	0	0	0	0	0	0	0	0	0	0	0	0	0	0	0	0	0	0	0	0	0	0	0	0	0	0	0	192	0	0	0	0	0	0	0	442	0	1102	0	0	0	286	0	0	0	15830	3670	0	0	924	0	1510	118	26768	672	0	0	0	0	0	0	0	0	0	0	0	0	0	0	0	0	140	0	0	0	0	0	0	0	146	0	0	0	260	0	0	0	1714	0	0	3898	31254	3858	990	224	26700	1032	61332	5160	18862	1948	21770	2110	3268	170	670	0	76	122	2832	10650	7504	1110	350	154	
411132	Cerebelum_Crus1_R	0	0	0	0	0	0	0	0	0	0	0	0	0	0	0	0	0	0	0	0	0	0	0	0	0	0	0	0	0	0	0	0	0	0	0	0	0	80	0	352	0	0	0	0	0	0	1944	11730	0	0	0	0	70	270	1168	10148	0	0	0	0	0	0	0	0	0	0	0	0	0	0	0	0	0	0	0	0	0	0	0	0	0	0	0	0	0	0	0	0	0	396	3898	0	486	27006	296	3182	2832	24480	5422	61788	190	3280	794	9470	600	1668	74	150	214	1178	12498	11000	6734	910	1032	226	
306840	Cerebelum_Crus2_L	0	0	0	0	0	0	0	0	0	0	0	0	0	0	0	0	0	0	0	0	0	0	0	0	0	0	0	0	0	0	0	0	0	0	0	0	70	0	184	0	0	0	0	0	0	0	196	234	0	0	0	0	0	0	1810	0	0	0	0	0	0	0	0	0	0	0	0	0	0	0	0	0	0	0	0	0	0	0	0	0	0	0	0	0	0	0	0	0	0	0	31254	486	0	7802	214	86	2832	224	9028	624	37972	5716	34264	4164	5196	76	310	0	0	0	384	1176	7080	1796	168	74	
279332	Cerebelum_Crus2_R	0	0	0	0	0	0	0	0	0	0	0	0	0	0	0	0	0	0	0	0	0	0	0	0	0	0	0	0	0	0	0	0	0	0	0	0	0	0	0	0	0	0	0	0	0	0	0	256	0	0	0	0	0	0	0	338	0	0	0	0	0	0	0	0	0	0	0	0	0	0	0	0	0	0	0	0	0	0	0	0	0	0	0	0	0	0	0	0	0	0	3858	27006	7802	0	160	1200	416	3338	912	14170	7182	19252	9394	21870	964	1242	146	206	208	700	1668	1506	10994	3796	960	122	
60732	Cerebelum_3_L	0	0	0	0	0	0	0	0	0	0	0	0	0	0	0	0	0	0	0	0	0	0	0	0	0	0	0	0	0	0	0	0	0	0	0	0	270	0	532	0	0	0	0	0	0	0	582	98	0	0	0	0	0	0	590	0	0	0	0	0	0	0	0	0	0	0	0	0	0	0	0	0	0	0	0	0	0	0	0	0	0	0	0	0	0	0	0	0	0	0	990	296	214	160	0	166	8130	834	2606	614	118	0	558	232	1944	528	156	0	2006	2906	3028	888	652	652	460	156	
86808	Cerebelum_3_R	0	0	0	0	0	0	0	0	0	0	0	0	0	0	0	0	0	0	0	0	0	0	0	0	0	0	0	0	0	0	0	0	0	0	0	0	0	0	0	0	0	0	0	0	0	0	0	110	0	0	0	0	0	0	94	94	0	0	0	0	0	0	0	0	0	0	0	0	0	0	0	0	0	0	0	0	0	0	0	0	0	0	0	0	0	0	0	0	0	0	224	3182	86	1200	166	0	492	7758	610	4910	80	566	840	3150	636	3178	82	0	1078	4212	3224	604	1748	2832	2098	150	
380028	Cerebelum_4_5_L	0	0	0	0	0	0	0	0	0	0	0	0	0	0	0	0	0	0	0	0	0	0	0	0	0	0	0	0	0	0	0	0	0	0	0	0	544	0	2828	0	0	0	0	0	0	0	17808	3266	0	0	286	0	1402	0	18308	442	0	0	0	0	0	0	0	0	0	0	0	0	0	0	0	0	0	0	0	0	0	0	0	0	0	0	0	0	0	0	0	0	242	0	26700	2832	2832	416	8130	492	0	4952	45594	5346	2992	88	8170	514	7268	656	410	0	926	1786	13814	6244	1608	1272	776	1070	
301988	Cerebelum_4_5_R	0	0	0	0	0	0	0	0	0	0	0	0	0	0	0	0	0	0	0	0	0	0	0	0	0	0	0	0	0	0	0	0	0	0	0	0	0	552	0	1684	0	0	0	0	0	0	1566	9818	0	0	0	0	0	0	190	6226	0	0	0	0	0	0	0	0	0	0	0	146	0	0	0	0	0	0	0	0	0	88	0	0	0	0	0	0	0	0	0	0	0	0	1032	24480	224	3338	834	7758	4952	0	3114	37494	216	1180	2100	5688	1526	1872	204	254	226	3074	19438	2482	3360	3992	1704	182	
529672	Cerebelum_6_L	0	0	0	0	0	0	0	0	0	0	0	0	0	0	0	0	0	0	0	0	0	0	0	0	0	0	0	0	272	0	0	0	0	0	0	0	918	0	2908	0	0	0	124	0	0	0	19618	6016	130	0	1024	0	3020	256	31836	1238	0	0	0	0	0	0	0	0	0	0	0	0	0	0	0	0	198	0	0	0	0	0	0	0	168	0	0	0	0	0	0	0	638	0	61332	5422	9028	912	2606	610	45594	3114	0	8314	8226	128	12940	644	5320	446	386	0	102	480	7430	15844	4364	1688	1002	540	
463324	Cerebelum_6_R	0	0	0	0	0	0	0	0	0	0	0	0	0	0	0	0	0	0	0	0	0	0	0	0	0	0	0	0	0	0	0	0	0	0	0	0	0	480	0	1130	0	0	0	0	0	0	2662	14516	0	0	0	0	90	332	1422	12640	0	0	0	0	0	0	0	0	0	0	0	0	0	0	0	0	0	0	0	0	0	0	0	0	0	0	0	0	0	0	0	0	0	76	5160	61788	624	14170	614	4910	5346	37494	8314	0	292	1434	1606	9422	1464	2704	178	646	222	1478	16812	13738	6712	1670	1176	340	
301440	Cerebelum_7b_L	0	0	0	0	0	0	0	0	0	0	0	0	0	0	0	0	0	0	0	0	0	0	0	0	0	0	0	0	0	0	0	0	0	0	0	0	0	0	386	0	0	0	0	0	0	0	180	104	0	0	0	0	0	0	1808	0	0	0	0	0	0	0	0	0	0	0	0	0	0	0	0	0	0	0	0	0	0	0	0	0	0	0	0	0	0	0	0	0	0	0	18862	190	37972	7182	118	80	2992	216	8226	292	0	6360	41038	4516	8218	0	856	0	0	0	356	454	7016	3180	118	0	
164484	Cerebelum_7b_R	0	0	0	0	0	0	0	0	0	0	0	0	0	0	0	0	0	0	0	0	0	0	0	0	0	0	0	0	0	0	0	0	0	0	0	0	0	0	0	0	0	0	0	0	0	0	0	0	0	0	0	0	0	0	0	74	0	0	0	0	0	0	0	0	0	0	0	0	0	0	0	0	0	0	0	0	0	0	0	0	0	0	0	0	0	0	0	0	0	0	1948	3280	5716	19252	0	566	88	1180	128	1434	6360	0	7562	23104	256	2140	0	102	0	156	336	0	5124	3266	170	0	
412464	Cerebelum_8_L	0	0	0	0	0	0	0	0	0	0	0	0	0	0	0	0	0	0	0	0	0	0	0	0	0	0	0	0	0	0	0	0	0	0	0	0	0	0	162	0	0	0	0	0	0	0	564	632	0	0	0	0	0	0	1940	232	0	0	0	0	0	0	0	0	0	0	0	0	0	0	0	0	0	0	0	0	0	0	0	0	0	0	0	0	0	0	0	0	0	0	21770	794	34264	9394	558	840	8170	2100	12940	1606	41038	7562	0	8564	20232	1262	3722	162	466	698	2720	1346	11936	8448	1986	124	
272348	Cerebelum_8_R	0	0	0	0	0	0	0	0	0	0	0	0	0	0	0	0	0	0	0	0	0	0	0	0	0	0	0	0	0	0	0	0	0	0	0	0	0	0	0	90	0	0	0	0	0	0	0	324	0	0	0	0	0	0	84	484	0	0	0	0	0	0	0	0	0	0	0	0	0	0	0	0	0	0	0	0	0	0	0	0	0	0	0	0	0	0	0	0	0	0	2110	9470	4164	21870	232	3150	514	5688	644	9422	4516	23104	8564	0	2450	12850	514	1806	646	1786	2220	174	7776	8224	3130	168	
172012	Cerebelum_9_L	0	0	0	0	0	0	0	0	0	0	0	0	0	0	0	0	0	0	0	0	0	0	0	0	0	0	0	0	0	0	0	0	0	0	0	0	0	0	272	0	0	0	0	0	0	0	122	342	0	0	0	0	0	0	676	130	0	0	0	0	0	0	0	0	0	0	0	0	0	0	0	0	0	0	0	0	0	0	0	0	0	0	0	0	0	0	0	0	0	0	3268	600	5196	964	1944	636	7268	1526	5320	1464	8218	256	20232	2450	0	1732	4904	168	568	506	2012	2346	4134	4666	3034	1052	
111152	Cerebelum_9_R	0	0	0	0	0	0	0	0	0	0	0	0	0	0	0	0	0	0	0	0	0	0	0	0	0	0	0	0	0	0	0	0	0	0	0	0	0	0	0	0	0	0	0	0	0	0	0	0	0	0	0	0	0	0	0	280	0	0	0	0	0	0	0	0	0	0	0	0	0	0	0	0	0	0	0	0	0	0	0	0	0	0	0	0	0	0	0	0	0	0	170	1668	76	1242	528	3178	656	1872	446	2704	0	2140	1262	12850	1732	0	238	1802	1526	3046	1396	1862	2248	4506	6020	2128	
31572	Cerebelum_10_L	0	0	0	0	0	0	0	0	0	0	0	0	0	0	0	0	0	0	0	0	0	0	0	0	0	0	0	0	0	0	0	0	0	0	0	0	0	0	0	0	0	0	0	0	0	0	0	0	0	0	0	0	0	0	0	0	0	0	0	0	0	0	0	0	0	0	0	0	0	0	0	0	0	0	0	0	0	0	0	0	0	0	0	0	0	0	0	0	0	0	670	74	310	146	156	82	410	204	386	178	856	0	3722	514	4904	238	0	0	132	76	164	122	796	1026	620	0	
11440	Cerebelum_10_R	0	0	0	0	0	0	0	0	0	0	0	0	0	0	0	0	0	0	0	0	0	0	0	0	0	0	0	0	0	0	0	0	0	0	0	0	0	0	0	0	0	0	0	0	0	0	0	0	0	0	0	0	0	0	0	0	0	0	0	0	0	0	0	0	0	0	0	0	0	0	0	0	0	0	0	0	0	0	0	0	0	0	0	0	0	0	0	0	0	0	0	150	0	206	0	0	0	254	0	646	0	102	162	1806	168	1802	0	0	0	0	0	0	170	254	0	0	
41916	Vermis_1_2	0	0	0	0	0	0	0	0	0	0	0	0	0	0	0	0	0	0	0	0	0	0	0	0	0	0	0	0	0	0	0	0	0	0	0	0	0	0	0	0	0	0	0	0	0	0	0	0	0	0	0	0	0	0	0	0	0	0	0	0	0	0	0	0	0	0	0	0	0	0	0	0	0	0	0	0	0	0	0	0	0	0	0	0	0	0	0	0	0	0	76	214	0	208	2006	1078	926	226	102	222	0	0	466	646	568	1526	132	0	0	6064	1978	332	1076	1336	1444	332	
80048	Vermis_3	0	0	0	0	0	0	0	0	0	0	0	0	0	0	0	0	0	0	0	0	0	0	0	0	0	0	0	0	0	0	0	0	0	0	0	0	320	0	152	0	0	0	0	0	0	0	116	338	0	0	0	0	0	0	124	0	0	0	0	0	0	0	0	0	0	0	0	0	0	0	0	0	0	0	0	0	0	0	0	0	0	0	0	0	0	0	0	0	0	0	122	1178	0	700	2906	4212	1786	3074	480	1478	0	156	698	1786	506	3046	76	0	6064	0	3856	500	1494	2456	2070	330	
251468	Vermis_4_5	0	0	0	0	0	0	0	0	0	0	0	0	0	0	0	0	0	0	0	0	0	0	0	0	0	0	0	0	0	0	0	0	0	0	0	162	0	102	0	0	0	0	0	0	0	0	3664	7828	0	0	92	0	246	0	984	1264	0	0	0	0	0	0	0	0	0	0	0	298	0	0	0	0	0	0	0	0	0	0	0	0	0	0	0	0	0	0	0	0	0	0	2832	12498	384	1668	3028	3224	13814	19438	7430	16812	356	336	2720	2220	2012	1396	164	0	1978	3856	0	6434	3092	2666	1312	1424	
