data	data	561196	322308	611692	616296	110068	93200	572424	267736	64436	67680	244460	249276	164544	183020	149696	111736	205100	110640	675920	682880	124240	148108	288608	281536	22184	104384	80268	120392	611608	475648	211456	356600	137816	489868	175896	183192	248960	343284	136360	233652	47732	65876	338756	414600	228596	418348	338372	400204	217564	311180	547648	174508	268756	173112	525516	840528	254232	304936	163804	175072	254916	144736	112212	86128	211980	95972	336284	501304	322592	227952	327664	340200	261680	333064	40060	13660	132628	185892	71620	23260	236928	139040	144824	61680	324932	213680	45456	21112	289236	230320	744636	557044	436320	357708	89860	87248	496732	357288	766360	649132	321488	252208	435088	405388	192844	241980	38488	19452	67104	129136	414144	453940	371444	244836	198028	70856	
data	data	Precentral_L	Precentral_R	Frontal_Sup_L	Frontal_Sup_R	Frontal_Sup_Orb_L	Frontal_Sup_Orb_R	Frontal_Mid_L	Frontal_Mid_R	Frontal_Mid_Orb_L	Frontal_Mid_Orb_R	Frontal_Inf_Oper_L	Frontal_Inf_Oper_R	Frontal_Inf_Tri_L	Frontal_Inf_Tri_R	Frontal_Inf_Orb_L	Frontal_Inf_Orb_R	Rolandic_Oper_L	Rolandic_Oper_R	Supp_Motor_Area_L	Supp_Motor_Area_R	Olfactory_L	Olfactory_R	Frontal_Sup_Medial_L	Frontal_Sup_Medial_R	Frontal_Med_Orb_L	Frontal_Med_Orb_R	Rectus_L	Rectus_R	Insula_L	Insula_R	Cingulum_Ant_L	Cingulum_Ant_R	Cingulum_Mid_L	Cingulum_Mid_R	Cingulum_Post_L	Cingulum_Post_R	Hippocampus_L	Hippocampus_R	ParaHippocampal_L	ParaHippocampal_R	Amygdala_L	Amygdala_R	Calcarine_L	Calcarine_R	Cuneus_L	Cuneus_R	Lingual_L	Lingual_R	Occipital_Sup_L	Occipital_Sup_R	Occipital_Mid_L	Occipital_Mid_R	Occipital_Inf_L	Occipital_Inf_R	Fusiform_L	Fusiform_R	Postcentral_L	Postcentral_R	Parietal_Sup_L	Parietal_Sup_R	Parietal_Inf_L	Parietal_Inf_R	SupraMarginal_L	SupraMarginal_R	Angular_L	Angular_R	Precuneus_L	Precuneus_R	Paracentral_Lobule_L	Paracentral_Lobule_R	Caudate_L	Caudate_R	Putamen_L	Putamen_R	Pallidum_L	Pallidum_R	Thalamus_L	Thalamus_R	Heschl_L	Heschl_R	Temporal_Sup_L	Temporal_Sup_R	Temporal_Pole_Sup_L	Temporal_Pole_Sup_R	Temporal_Mid_L	Temporal_Mid_R	Temporal_Pole_Mid_L	Temporal_Pole_Mid_R	Temporal_Inf_L	Temporal_Inf_R	Cerebelum_Crus1_L	Cerebelum_Crus1_R	Cerebelum_Crus2_L	Cerebelum_Crus2_R	Cerebelum_3_L	Cerebelum_3_R	Cerebelum_4_5_L	Cerebelum_4_5_R	Cerebelum_6_L	Cerebelum_6_R	Cerebelum_7b_L	Cerebelum_7b_R	Cerebelum_8_L	Cerebelum_8_R	Cerebelum_9_L	Cerebelum_9_R	Cerebelum_10_L	Cerebelum_10_R	Vermis_1_2	Vermis_3	Vermis_4_5	Vermis_6	Vermis_7	Vermis_8	Vermis_9	Vermis_10	
561196	Precentral_L	0	1618	8380	3206	0	0	34508	1246	290	0	14758	268	3330	298	676	146	12842	0	9984	12154	0	0	424	0	0	0	0	0	20092	544	752	860	232	6298	3122	3312	5338	2610	140	492	0	0	210	0	118	72	0	188	0	0	1674	0	758	116	1202	1470	27594	418	2244	0	4286	0	3332	0	1566	0	724	150	35236	4328	7566	2304	5336	164	562	0	14020	3992	3322	118	6646	186	548	0	742	106	0	0	748	298	0	0	0	0	0	0	0	178	0	0	0	0	0	0	0	0	0	0	0	156	0	0	0	0	0	0	
322308	Precentral_R	1618	0	2218	4088	0	0	700	16352	0	0	334	7782	0	240	0	0	0	2570	4540	6088	0	0	0	0	0	0	0	0	528	6632	0	0	244	6430	756	2768	0	4064	0	2284	0	0	0	1490	0	2086	0	406	0	598	0	230	0	794	0	4820	112	27606	0	1266	70	1686	0	2082	0	392	262	6570	3946	15908	1956	2884	170	8096	0	1136	204	2382	0	194	0	658	0	82	0	876	0	0	0	1660	0	0	0	0	0	0	0	296	0	0	0	0	0	0	0	0	0	0	0	0	0	0	0	0	0	0	
611692	Frontal_Sup_L	8380	2218	0	9948	5376	78	61670	2894	3312	70	8856	536	11640	464	4424	290	5710	106	61528	5862	128	92	33356	1262	426	220	454	0	19558	1028	9130	1212	4726	876	0	0	482	144	0	0	0	0	0	0	0	90	0	0	0	0	0	0	0	0	0	130	638	220	0	96	86	74	92	0	0	0	0	174	3010	0	8588	4074	9552	688	3544	0	1694	2506	120	0	2136	0	1878	0	0	0	0	0	0	0	0	0	0	0	0	0	0	0	0	0	0	0	0	0	0	0	0	0	0	0	0	0	0	0	0	0	
616296	Frontal_Sup_R	3206	4088	9948	0	0	2840	5670	23948	94	2752	1118	8424	138	6546	158	2532	0	3630	28616	56140	0	440	10108	29030	0	3096	0	1242	2690	13048	2792	18752	460	18516	0	92	448	2864	0	754	0	0	0	0	0	84	0	0	0	78	0	0	0	0	0	980	188	1360	0	124	88	122	0	132	0	0	0	224	794	0	5962	10082	814	7844	0	0	688	11960	156	0	0	1120	0	902	0	84	0	0	0	92	0	0	0	0	0	0	0	90	0	0	0	0	0	0	0	0	0	0	0	0	0	0	0	0	0	0	
110068	Frontal_Sup_Orb_L	0	0	5376	0	0	304	1156	0	7122	88	0	0	304	0	8878	112	0	0	270	0	4550	1054	1876	126	1576	214	5800	660	4262	72	2664	416	0	0	0	0	0	0	250	0	234	0	0	0	0	0	0	0	0	0	0	0	0	0	0	0	0	0	0	0	0	0	0	0	0	0	0	0	0	0	2566	368	3156	0	0	0	0	0	0	0	0	0	1580	0	0	0	0	0	0	0	0	0	0	0	0	0	0	0	0	0	0	0	0	0	0	0	0	0	0	0	0	0	0	0	0	0	
93200	Frontal_Sup_Orb_R	0	0	78	2840	304	0	0	1700	0	4042	0	0	0	84	174	3554	0	0	70	338	842	4330	272	2792	620	6670	898	8468	90	2334	640	3212	0	424	0	0	0	0	0	0	0	136	0	0	0	0	0	0	0	0	0	0	0	0	0	0	0	0	0	0	0	0	0	0	0	0	0	0	0	0	816	720	0	152	0	0	0	0	0	0	0	0	0	0	0	0	0	0	0	0	0	0	0	0	0	0	0	0	0	0	0	0	0	0	0	0	0	0	0	0	0	0	0	0	0	0	
572424	Frontal_Mid_L	34508	700	61670	5670	1156	0	0	1512	3934	0	15776	422	25522	466	5466	188	8822	0	23384	4308	0	0	19014	296	0	0	0	0	23050	664	6118	1204	5386	2330	0	0	1088	142	244	0	0	0	0	0	0	0	0	0	0	0	0	0	0	0	0	200	4902	0	0	0	568	0	988	0	0	0	0	116	2920	0	6808	1382	5784	238	1354	0	2316	1312	588	0	2612	98	716	0	0	0	0	0	106	80	0	0	0	0	0	0	0	0	0	0	0	0	0	0	0	0	0	0	0	84	0	0	0	0	0	0	
267736	Frontal_Mid_R	1246	16352	2894	23948	0	1700	1512	0	0	2982	304	11324	0	10416	0	3840	0	1464	5218	5474	0	0	120	2448	0	128	0	0	898	11374	192	2104	0	3360	0	0	72	2202	0	1954	0	0	0	0	0	0	0	0	0	0	0	0	0	0	0	1974	232	1406	0	90	112	82	0	0	0	0	0	82	0	0	3666	2734	488	7670	0	362	122	710	0	0	0	260	0	76	0	0	0	0	0	0	0	0	0	0	0	0	0	276	0	0	0	0	0	0	0	0	0	0	0	0	0	0	0	0	0	0	
64436	Frontal_Mid_Orb_L	290	0	3312	94	7122	0	3934	0	0	0	0	0	2578	0	9308	0	0	0	654	0	152	0	320	0	148	0	922	0	1790	0	244	0	0	0	0	0	0	0	0	0	0	0	0	0	0	0	0	0	0	0	0	0	0	0	0	0	0	0	0	0	0	0	0	0	0	0	0	0	0	0	426	80	756	0	0	0	0	0	0	0	0	0	88	0	0	0	0	0	0	0	0	0	0	0	0	0	0	0	0	0	0	0	0	0	0	0	0	0	0	0	0	0	0	0	0	0	
67680	Frontal_Mid_Orb_R	0	0	70	2752	88	4042	0	2982	0	0	0	98	0	820	80	6050	0	0	612	2084	232	914	704	1850	0	162	242	1644	104	444	136	2542	0	3012	0	0	0	0	0	0	0	0	0	0	0	0	0	0	0	0	0	0	0	0	0	0	0	0	0	0	0	0	0	0	0	0	0	0	0	0	444	1228	0	504	0	0	0	0	0	0	0	0	0	0	0	0	0	0	0	0	0	0	0	0	0	0	0	0	0	0	0	0	0	0	0	0	0	0	0	0	0	0	0	0	0	0	
244460	Frontal_Inf_Oper_L	14758	334	8856	1118	0	0	15776	304	0	0	0	264	10556	104	218	0	12900	0	8666	250	0	0	264	0	0	0	0	0	27044	370	96	0	0	0	0	0	174	166	0	0	0	0	0	0	0	76	0	0	0	70	0	0	0	0	90	0	2242	82	0	0	256	0	0	0	0	0	0	176	0	0	4792	562	1286	154	0	0	384	824	126	0	4438	0	4354	0	0	0	0	0	100	0	0	0	0	0	0	0	0	0	0	0	0	0	0	0	0	0	0	0	0	0	0	0	0	0	0	0	
249276	Frontal_Inf_Oper_R	268	7782	536	8424	0	0	422	11324	0	98	264	0	0	15110	0	328	0	4486	1930	7186	0	0	70	470	0	72	0	0	656	31478	80	482	0	3730	0	0	82	512	0	280	0	0	0	0	0	0	0	0	0	0	0	0	0	0	0	258	160	4120	0	106	0	134	0	0	0	0	0	0	0	0	1894	7234	966	10540	0	288	100	560	0	0	0	478	0	1730	0	0	0	0	0	0	0	0	0	0	0	0	0	0	0	0	0	0	0	0	0	0	0	0	0	0	0	0	0	0	0	0	
164544	Frontal_Inf_Tri_L	3330	0	11640	138	304	0	25522	0	2578	0	10556	0	0	0	7744	0	556	0	1640	0	0	0	3966	0	0	0	0	0	10490	0	366	98	396	0	0	0	116	0	0	0	0	0	0	0	0	0	0	0	0	0	0	0	0	0	0	0	248	0	0	0	136	0	0	0	0	0	0	0	0	0	302	0	932	0	0	0	222	142	0	0	162	0	688	0	0	0	0	0	0	0	0	0	0	0	0	0	0	0	0	0	0	0	0	0	0	0	0	0	0	0	0	0	0	0	0	0	
183020	Frontal_Inf_Tri_R	298	240	464	6546	0	84	466	10416	0	820	104	15110	0	0	0	3666	0	144	1962	7720	0	0	480	2084	0	240	0	84	550	18418	292	2692	0	6148	0	0	84	0	0	0	0	0	0	0	0	0	0	0	0	0	0	0	0	0	0	0	174	0	0	0	76	0	0	0	0	0	0	0	0	0	2084	4806	1216	3516	0	0	84	196	0	0	0	0	0	246	0	0	0	0	0	0	0	0	0	0	0	0	0	0	0	0	0	0	0	0	0	0	0	0	0	0	0	0	0	0	0	0	
149696	Frontal_Inf_Orb_L	676	0	4424	158	8878	174	5466	0	9308	80	218	0	7744	0	0	70	0	0	1310	96	4682	648	1278	114	0	112	1916	422	14124	0	844	268	454	0	0	0	0	0	654	0	398	0	0	0	0	0	0	0	0	0	0	0	0	0	0	0	0	0	0	0	0	0	0	0	0	0	0	0	0	0	1874	314	5064	0	0	0	0	0	0	0	0	0	3080	0	0	0	0	0	0	0	0	0	0	0	0	0	0	0	0	0	0	0	0	0	0	0	0	0	0	0	0	0	0	0	0	0	
111736	Frontal_Inf_Orb_R	146	0	290	2532	112	3554	188	3840	0	6050	0	328	0	3666	70	0	0	0	592	2974	294	4002	0	270	0	186	282	3658	226	8376	154	940	0	2200	0	0	0	248	0	242	0	340	0	0	0	0	0	0	0	0	0	0	0	0	0	336	0	0	0	0	0	0	0	0	0	0	0	0	0	0	1310	4274	152	3772	0	0	0	0	0	0	0	0	0	158	0	0	0	0	0	106	0	0	0	0	0	0	0	0	0	0	0	0	0	0	0	0	0	0	0	0	0	0	0	0	0	0	
205100	Rolandic_Oper_L	12842	0	5710	0	0	0	8822	0	0	0	12900	0	556	0	0	0	0	0	6270	0	0	0	116	0	0	0	0	0	21990	0	70	0	0	0	340	0	92	0	0	0	0	0	142	0	0	0	0	0	0	0	530	0	858	0	920	0	7332	0	186	0	200	0	1544	0	200	0	510	0	0	0	254	172	188	0	0	0	0	146	2136	0	12026	0	2986	0	1544	0	0	0	968	0	0	0	0	0	0	0	0	0	0	0	0	0	0	0	0	0	0	0	0	0	0	0	0	0	0	0	
110640	Rolandic_Oper_R	0	2570	106	3630	0	0	0	1464	0	0	0	4486	0	144	0	0	0	0	1382	3026	0	0	0	0	0	0	0	0	72	15514	0	0	0	0	0	0	0	1498	0	166	0	0	0	0	0	0	0	0	0	0	0	0	0	0	0	508	0	4556	0	0	0	202	0	2214	0	0	0	0	0	0	162	1336	0	2748	0	0	0	1104	0	662	0	4862	0	2472	0	200	0	0	0	236	0	0	0	0	0	0	0	0	0	0	0	0	0	0	0	0	0	0	0	0	0	0	0	0	0	0	
675920	Supp_Motor_Area_L	9984	4540	61528	28616	270	70	23384	5218	654	612	8666	1930	1640	1962	1310	592	6270	1382	0	40930	0	154	4586	2640	0	72	0	142	23524	4808	2754	4130	4910	16338	158	370	3646	434	300	114	0	0	114	0	270	74	0	0	0	0	110	0	86	0	1706	210	752	452	0	82	118	0	96	0	0	0	198	168	10050	402	10184	7194	12192	3482	4580	0	3764	3846	246	0	3618	748	1800	358	82	0	0	0	2340	0	0	0	0	0	0	0	0	0	0	0	0	0	0	0	0	0	0	0	0	0	0	0	0	0	0	0	
682880	Supp_Motor_Area_R	12154	6088	5862	56140	0	338	4308	5474	0	2084	250	7186	0	7720	96	2974	0	3026	40930	0	0	586	2106	8584	0	316	0	510	1268	12200	1016	8650	5338	53322	608	1270	464	2834	0	386	0	0	0	902	0	1364	0	146	0	586	0	96	0	450	0	2378	338	4332	0	906	222	386	0	746	0	0	212	2944	19658	17956	1978	11808	700	7914	0	0	720	6964	174	120	0	1330	0	506	0	644	0	0	0	872	0	0	0	0	0	0	0	0	0	0	0	0	0	0	0	0	0	0	0	0	0	0	0	0	0	0	
124240	Olfactory_L	0	0	128	0	4550	842	0	0	152	232	0	0	0	0	4682	294	0	0	0	0	0	8022	0	240	206	468	5536	2350	5262	330	3360	2622	0	0	0	0	888	0	1770	0	1882	120	0	0	0	0	0	0	0	0	0	0	0	0	328	0	0	0	0	0	0	0	0	0	0	0	0	0	0	0	9228	4862	2156	84	0	0	0	0	0	0	102	0	1308	0	0	0	0	0	116	0	0	0	0	0	0	0	0	0	0	0	0	0	0	0	0	0	0	0	0	0	0	0	0	0	0	0	
148108	Olfactory_R	0	0	92	440	1054	4330	0	0	0	914	0	0	0	0	648	4002	0	0	154	586	8022	0	0	1374	108	2696	4366	9700	200	5462	2892	5126	0	566	0	0	0	246	0	134	0	1620	0	0	0	0	0	0	0	0	0	0	0	0	0	82	0	0	0	0	0	0	0	0	0	0	0	0	0	0	8728	7724	1984	680	0	0	0	0	0	0	0	0	124	0	0	0	0	0	0	0	0	0	0	0	0	0	0	0	0	0	0	0	0	0	0	0	0	0	0	0	0	0	0	0	0	0	
288608	Frontal_Sup_Medial_L	424	0	33356	10108	1876	272	19014	120	320	704	264	70	3966	480	1278	0	116	0	4586	2106	0	0	0	17658	1224	912	554	0	3268	170	13292	11920	4062	9080	0	0	0	0	0	0	0	0	0	0	0	0	0	0	0	0	0	0	0	0	0	0	0	0	0	0	0	0	0	0	0	0	0	0	0	0	1176	146	1700	0	0	0	0	0	0	0	0	0	82	0	0	0	0	0	0	0	0	0	0	0	0	0	0	0	0	0	0	0	0	0	0	0	0	0	0	0	0	0	0	0	0	0	
281536	Frontal_Sup_Medial_R	0	0	1262	29030	126	2792	296	2448	0	1850	0	470	0	2084	114	270	0	0	2640	8584	240	1374	17658	0	438	8698	240	2838	0	694	6886	28940	194	15294	0	0	0	0	0	0	0	0	0	0	0	0	0	0	0	0	0	0	0	0	0	0	0	0	0	0	0	0	0	0	0	0	0	0	0	0	508	3152	198	1450	0	0	0	0	0	0	0	0	0	0	0	0	0	0	0	0	0	0	0	0	0	0	0	0	0	0	0	0	0	0	0	0	0	0	0	0	0	0	0	0	0	0	
22184	Frontal_Med_Orb_L	0	0	426	0	1576	620	0	0	148	0	0	0	0	0	0	0	0	0	0	0	206	108	1224	438	0	1552	1062	246	0	0	2474	642	0	0	0	0	0	0	0	0	0	0	0	0	0	0	0	0	0	0	0	0	0	0	0	0	0	0	0	0	0	0	0	0	0	0	0	0	0	0	208	0	162	0	0	0	0	0	0	0	0	0	0	0	0	0	0	0	0	0	0	0	0	0	0	0	0	0	0	0	0	0	0	0	0	0	0	0	0	0	0	0	0	0	0	0	
104384	Frontal_Med_Orb_R	0	0	220	3096	214	6670	0	128	0	162	0	72	0	240	112	186	0	0	72	316	468	2696	912	8698	1552	0	442	7510	0	142	2556	11358	0	498	0	0	0	0	0	0	0	0	0	0	0	0	0	0	0	0	0	0	0	0	0	0	0	0	0	0	0	0	0	0	0	0	0	0	0	0	498	2694	74	606	0	0	0	0	0	0	0	0	0	0	0	0	0	0	0	0	0	0	0	0	0	0	0	0	0	0	0	0	0	0	0	0	0	0	0	0	0	0	0	0	0	0	
80268	Rectus_L	0	0	454	0	5800	898	0	0	922	242	0	0	0	0	1916	282	0	0	0	0	5536	4366	554	240	1062	442	0	2390	610	278	3924	1968	0	0	0	0	0	0	0	0	0	106	0	0	0	0	0	0	0	0	0	0	0	0	0	0	0	0	0	0	0	0	0	0	0	0	0	0	0	0	4776	1876	1132	0	0	0	0	0	0	0	0	0	360	0	0	0	0	0	0	0	0	0	0	0	0	0	0	0	0	0	0	0	0	0	0	0	0	0	0	0	0	0	0	0	0	0	
120392	Rectus_R	0	0	0	1242	660	8468	0	0	0	1644	0	0	0	84	422	3658	0	0	142	510	2350	9700	0	2838	246	7510	2390	0	138	3800	836	6580	0	486	0	0	0	0	0	0	0	374	0	0	0	0	0	0	0	0	0	0	0	0	0	0	0	0	0	0	0	0	0	0	0	0	0	0	0	0	2196	3042	198	594	0	0	0	0	0	0	0	0	88	0	0	0	0	0	0	0	0	0	0	0	0	0	0	0	0	0	0	0	0	0	0	0	0	0	0	0	0	0	0	0	0	0	
611608	Insula_L	20092	528	19558	2690	4262	90	23050	898	1790	104	27044	656	10490	550	14124	226	21990	72	23524	1268	5262	200	3268	0	0	0	610	138	0	832	1718	304	568	254	856	694	12286	484	1804	104	4898	0	406	0	136	76	0	128	0	70	926	0	1596	0	6904	100	7356	96	190	0	800	0	406	0	778	0	720	178	240	0	10444	1822	18992	198	72	0	2782	1132	8286	0	12614	0	9336	0	3698	0	0	0	7730	0	0	0	0	0	0	0	102	0	102	0	0	0	0	0	0	0	0	0	0	102	0	0	0	0	0	0	
475648	Insula_R	544	6632	1028	13048	72	2334	664	11374	0	444	370	31478	0	18418	0	8376	0	15514	4808	12200	330	5462	170	694	0	142	278	3800	832	0	202	1224	0	5538	0	0	82	10184	0	3180	0	2508	0	0	0	0	0	426	0	0	0	0	0	92	0	6978	120	3232	0	0	0	110	0	736	0	0	0	144	138	116	3008	10310	1202	26958	0	100	154	3974	0	2688	0	8426	0	2786	0	1932	0	0	0	1804	0	70	0	0	0	0	0	262	0	128	0	0	0	0	0	0	0	0	0	0	0	0	0	0	0	0	
211456	Cingulum_Ant_L	752	0	9130	2792	2664	640	6118	192	244	136	96	80	366	292	844	154	70	0	2754	1016	3360	2892	13292	6886	2474	2556	3924	836	1718	202	0	17670	3574	2628	0	0	0	0	0	0	0	76	0	0	0	0	0	0	0	0	0	0	0	0	0	0	0	0	0	0	0	0	0	0	0	0	0	0	0	0	7084	2096	6030	90	0	0	0	0	0	0	0	0	0	0	0	0	0	0	0	0	0	0	0	0	0	0	0	0	0	0	0	0	0	0	0	0	0	0	0	0	0	0	0	0	0	0	
356600	Cingulum_Ant_R	860	0	1212	18752	416	3212	1204	2104	0	2542	0	482	98	2692	268	940	0	0	4130	8650	2622	5126	11920	28940	642	11358	1968	6580	304	1224	17670	0	1854	21996	0	84	78	0	0	0	0	152	0	0	0	0	0	0	0	0	0	0	0	0	0	0	264	0	0	0	126	0	0	0	0	0	0	0	0	0	3120	9610	1296	3702	0	0	102	0	0	0	0	0	0	0	0	0	0	0	0	0	0	0	0	0	0	0	0	0	0	0	0	0	0	0	0	0	0	0	0	0	0	0	0	0	0	0	
137816	Cingulum_Mid_L	232	244	4726	460	0	0	5386	0	0	0	0	0	396	0	454	0	0	0	4910	5338	0	0	4062	194	0	0	0	0	568	0	3574	1854	0	10996	3634	1360	0	0	0	0	0	0	640	0	1342	0	0	0	2752	0	1936	0	250	0	110	0	454	202	402	194	194	0	0	0	108	0	5418	1002	3394	642	528	0	788	0	0	0	0	0	0	0	0	0	0	0	164	0	0	0	0	0	0	0	0	0	0	0	0	0	0	0	0	0	0	0	0	0	0	0	0	0	0	0	0	0	0	0	
489868	Cingulum_Mid_R	6298	6430	876	18516	0	424	2330	3360	0	3012	0	3730	0	6148	0	2200	0	0	16338	53322	0	566	9080	15294	0	498	0	486	254	5538	2628	21996	10996	0	2294	4896	154	166	0	0	0	0	0	1318	0	1512	0	0	0	0	0	0	0	202	0	594	280	4908	0	360	160	0	0	112	0	0	574	4812	10998	13828	260	2608	184	3454	0	0	136	162	76	0	0	74	0	0	0	134	0	0	0	358	0	0	0	0	0	0	0	0	0	0	0	0	0	0	0	0	0	0	0	0	0	0	0	0	0	0	
175896	Cingulum_Post_L	3122	756	0	0	0	0	0	0	0	0	0	0	0	0	0	0	340	0	158	608	0	0	0	0	0	0	0	0	856	0	0	0	3634	2294	0	13726	5882	3334	3612	1108	0	0	3302	0	1564	0	1900	386	1646	0	3550	0	3182	264	3344	4516	592	784	160	0	150	0	0	0	94	0	9686	1200	6138	1058	0	0	168	0	0	0	692	320	732	0	184	0	0	0	848	86	0	0	540	1052	0	0	0	0	0	0	0	304	0	0	0	0	0	0	0	0	0	0	0	0	76	0	0	0	0	0	
183192	Cingulum_Post_R	3312	2768	0	92	0	0	0	0	0	0	0	0	0	0	0	0	0	0	370	1270	0	0	0	0	0	0	0	0	694	0	0	84	1360	4896	13726	0	4588	4658	1884	1874	0	0	0	3016	0	1128	1172	1472	0	694	0	312	0	1774	170	7850	114	2716	0	406	76	288	0	0	0	128	1958	11412	2990	3084	0	0	182	0	0	0	1820	698	728	0	0	0	0	0	0	558	0	0	134	3344	0	0	0	0	0	0	0	776	0	0	0	0	0	0	0	0	0	0	0	0	1020	0	0	0	0	0	
248960	Hippocampus_L	5338	0	482	448	0	0	1088	72	0	0	174	82	116	84	0	0	92	0	3646	464	888	0	0	0	0	0	0	0	12286	82	0	78	0	154	5882	4588	0	2442	14786	1188	7070	0	2082	0	82	0	4308	628	0	0	368	0	354	0	12194	448	248	0	0	0	0	0	0	0	0	0	2324	304	1142	0	304	0	6430	0	1310	0	4518	362	2794	0	2544	0	2152	0	2180	0	256	0	11462	0	854	0	0	0	0	0	1610	446	1020	0	0	0	0	0	0	0	0	0	0	226	0	0	0	0	0	0	
343284	Hippocampus_R	2610	4064	144	2864	0	0	142	2202	0	0	166	512	0	0	0	248	0	1498	434	2834	0	246	0	0	0	0	0	0	484	10184	0	0	0	166	3334	4658	2442	0	1356	30990	0	9482	0	86	0	0	908	4728	0	0	0	0	0	96	104	35332	0	816	0	0	0	124	0	792	0	0	0	2164	2674	1260	480	272	108	13392	0	608	1550	6788	300	436	0	3486	0	700	0	2598	0	144	70	4226	0	0	0	0	0	456	84	4844	0	166	0	0	80	0	0	118	0	0	0	0	400	0	0	96	96	0	
136360	ParaHippocampal_L	140	0	0	0	250	0	244	0	0	0	0	0	0	0	654	0	0	0	300	0	1770	0	0	0	0	0	0	0	1804	0	0	0	0	0	3612	1884	14786	1356	0	902	2488	0	2110	0	78	0	5422	504	0	0	388	0	490	0	8870	406	0	0	0	0	0	0	0	0	0	0	2206	286	0	0	220	0	1224	0	432	0	552	260	106	0	124	0	1480	0	156	0	1538	0	2224	0	1688	0	0	0	342	74	3818	276	2284	0	82	0	0	0	158	0	0	0	0	192	0	0	0	0	0	0	
233652	ParaHippocampal_R	492	2284	0	754	0	0	0	1954	0	0	0	280	0	0	0	242	0	166	114	386	0	134	0	0	0	0	0	0	104	3180	0	0	0	0	1108	1874	1188	30990	902	0	0	6060	0	88	0	0	610	5482	0	0	0	0	0	0	86	26326	0	212	0	0	0	0	0	0	0	0	0	2226	346	124	0	0	0	10594	0	606	696	2866	92	0	0	1362	0	850	0	1054	0	288	0	1134	98	134	0	0	0	742	0	6046	180	406	88	0	290	0	0	360	0	0	0	0	232	114	216	332	334	0	
47732	Amygdala_L	0	0	0	0	234	0	0	0	0	0	0	0	0	0	398	0	0	0	0	0	1882	0	0	0	0	0	0	0	4898	0	0	0	0	0	0	0	7070	0	2488	0	0	0	0	0	0	0	0	0	0	0	0	0	0	0	2448	0	0	0	0	0	0	0	0	0	0	0	0	0	0	0	140	0	326	0	0	0	0	0	0	0	570	0	1676	0	100	0	482	0	1084	0	0	0	0	0	0	0	70	0	0	0	0	0	0	0	0	0	0	0	0	0	0	0	0	0	0	0	
65876	Amygdala_R	0	0	0	0	0	136	0	0	0	0	0	0	0	0	0	340	0	0	0	0	120	1620	0	0	0	0	106	374	0	2508	76	152	0	0	0	0	0	9482	0	6060	0	0	0	0	0	0	0	0	0	0	0	0	0	0	0	7060	0	0	0	0	0	0	0	0	0	0	0	0	0	0	100	296	0	2408	0	0	0	108	0	0	0	0	0	1128	0	0	0	348	0	308	0	0	0	0	0	0	0	208	0	0	0	0	0	0	0	0	0	0	0	0	0	0	0	0	0	0	
338756	Calcarine_L	210	0	0	0	0	0	0	0	0	0	0	0	0	0	0	0	142	0	114	0	0	0	0	0	0	0	0	0	406	0	0	0	640	0	3302	0	2082	0	2110	0	0	0	0	9720	20820	9954	15884	5118	12500	1482	31454	0	10872	74	7022	336	660	162	220	0	1424	0	198	0	1804	0	22524	1600	886	0	0	0	0	0	0	0	0	0	116	0	98	0	0	0	2832	0	0	0	280	0	218	198	0	0	0	0	180	156	540	248	0	0	0	0	0	0	0	0	0	0	404	300	88	0	0	0	
414600	Calcarine_R	0	1490	0	0	0	0	0	0	0	0	0	0	0	0	0	0	0	0	0	902	0	0	0	0	0	0	0	0	0	0	0	0	0	1318	0	3016	0	86	0	88	0	0	9720	0	7090	35598	2496	24486	358	21050	0	8130	0	11010	0	14542	0	6834	0	3038	0	1646	0	330	0	294	5494	33142	216	4200	80	0	0	0	0	0	0	110	0	0	0	0	0	0	0	2130	0	0	0	2984	522	538	0	0	0	0	118	190	634	802	0	0	0	0	0	0	0	0	0	0	1416	1086	116	0	0	0	
228596	Cuneus_L	118	0	0	0	0	0	0	0	0	0	0	0	0	0	0	0	0	0	270	0	0	0	0	0	0	0	0	0	136	0	0	0	1342	0	1564	0	82	0	78	0	0	0	20820	7090	0	11870	2696	1508	23226	1770	17094	86	2568	0	1386	0	288	0	338	0	376	0	0	0	394	0	15478	1116	2050	0	0	0	0	0	0	0	0	0	0	0	0	0	0	0	554	0	0	0	0	0	0	0	0	0	0	0	0	0	0	0	0	0	0	0	0	0	0	0	0	0	0	0	0	0	0	0	
418348	Cuneus_R	72	2086	90	84	0	0	0	0	0	0	76	0	0	0	0	0	0	0	74	1364	0	0	0	0	0	0	0	0	76	0	0	0	0	1512	0	1128	0	0	0	0	0	0	9954	35598	11870	0	904	7318	982	38828	146	10526	0	3332	0	5688	0	10884	0	7094	0	2994	0	434	0	612	7330	38170	216	5842	162	0	0	0	0	0	0	110	0	0	0	94	0	0	0	2074	0	0	0	1198	0	0	0	0	0	0	0	0	0	126	0	0	0	0	0	0	0	0	0	0	126	0	0	0	0	0	
338372	Lingual_L	0	0	0	0	0	0	0	0	0	0	0	0	0	0	0	0	0	0	0	0	0	0	0	0	0	0	0	0	0	0	0	0	0	0	1900	1172	4308	908	5422	610	0	0	15884	2496	2696	904	0	6758	4602	430	14472	0	11980	218	22138	4324	0	0	0	0	0	0	0	0	0	0	4508	556	0	0	0	0	0	0	0	0	378	160	0	0	0	0	0	0	252	0	0	0	514	0	8236	2656	246	0	1020	120	13654	3992	15920	4258	0	0	106	0	394	0	0	0	0	168	6918	3414	494	0	0	0	
400204	Lingual_R	188	406	0	0	0	0	0	0	0	0	0	0	0	0	0	0	0	0	0	146	0	0	0	0	0	0	0	0	128	426	0	0	0	0	386	1472	628	4728	504	5482	0	0	5118	24486	1508	7318	6758	0	0	6148	74	3244	266	6286	1848	30750	0	530	0	184	0	270	0	0	0	86	1210	9804	98	302	0	0	126	298	0	0	502	1040	0	0	0	194	0	0	0	1226	0	0	82	1252	4638	7490	304	362	362	528	5558	11664	8354	11516	0	152	0	464	220	92	0	0	128	414	12674	8738	764	0	104	74	
217564	Occipital_Sup_L	0	0	0	0	0	0	0	0	0	0	0	0	0	0	0	0	0	0	0	0	0	0	0	0	0	0	0	0	0	0	0	0	2752	0	1646	0	0	0	0	0	0	0	12500	358	23226	982	4602	0	0	82	34360	0	3128	0	1066	0	284	0	7346	0	1484	0	0	0	586	0	11486	888	1528	0	0	0	0	0	0	0	0	0	0	0	0	0	0	0	392	0	0	0	0	0	86	0	0	0	0	0	0	0	0	0	0	0	0	0	0	0	0	0	0	0	0	0	0	0	0	0	
311180	Occipital_Sup_R	0	598	0	78	0	0	0	0	0	0	70	0	0	0	0	0	0	0	0	586	0	0	0	0	0	0	0	0	70	0	0	0	0	0	0	694	0	0	0	0	0	0	1482	21050	1770	38828	430	6148	82	0	0	20466	0	5326	0	6172	0	2008	0	9792	0	4640	0	294	0	4176	1554	23686	0	876	130	0	0	0	0	0	0	92	0	0	0	198	0	0	0	3038	0	0	0	1072	0	0	0	0	0	0	0	0	0	78	0	0	0	0	0	0	0	0	0	0	106	0	0	0	0	0	
547648	Occipital_Mid_L	1674	0	0	0	0	0	0	0	0	0	0	0	0	0	0	0	530	0	110	0	0	0	0	0	0	0	0	0	926	0	0	0	1936	0	3550	0	368	0	388	0	0	0	31454	0	17094	146	14472	74	34360	0	0	0	32772	0	15466	92	6876	0	17414	0	17908	0	1144	0	24354	0	20398	240	4080	0	0	0	0	0	0	0	0	0	268	0	672	0	0	0	20300	0	0	0	2598	0	268	196	0	0	0	0	234	82	634	220	0	0	0	0	0	0	0	0	0	0	168	204	154	0	0	0	
174508	Occipital_Mid_R	0	230	0	0	0	0	0	0	0	0	0	0	0	0	0	0	0	0	0	96	0	0	0	0	0	0	0	0	0	0	0	0	0	0	0	312	0	0	0	0	0	0	0	8130	86	10526	0	3244	0	20466	0	0	0	7552	0	3550	0	264	0	2596	0	3470	0	76	0	9474	136	5010	0	212	0	0	0	0	0	0	0	0	0	0	0	1218	0	0	0	9740	0	0	0	866	0	0	0	0	0	0	0	0	0	0	0	0	0	0	0	0	0	0	0	0	0	0	0	0	0	0	
268756	Occipital_Inf_L	758	0	0	0	0	0	0	0	0	0	0	0	0	0	0	0	858	0	86	0	0	0	0	0	0	0	0	0	1596	0	0	0	250	0	3182	0	354	0	490	0	0	0	10872	0	2568	0	11980	266	3128	0	32772	0	0	0	25850	284	1180	0	122	0	1848	0	102	0	1944	0	6748	0	1522	0	0	0	0	0	0	0	0	0	744	0	646	0	0	0	7988	0	0	0	7230	0	1524	348	112	0	0	0	1880	296	3130	418	0	0	0	0	0	0	0	0	0	0	770	336	196	0	0	0	
173112	Occipital_Inf_R	116	794	0	0	0	0	0	0	0	0	0	0	0	0	0	0	0	0	0	450	0	0	0	0	0	0	0	0	0	92	0	0	0	202	264	1774	0	96	0	0	0	0	74	11010	0	3332	218	6286	0	5326	0	7552	0	0	0	19392	0	892	0	700	0	1224	0	128	0	642	154	8038	70	676	130	0	0	0	0	0	0	0	0	0	0	118	0	0	0	3744	0	0	0	10200	176	264	0	0	0	0	150	160	274	678	0	0	0	0	0	0	0	0	0	0	528	632	0	0	0	0	
525516	Fusiform_L	1202	0	0	0	0	0	0	0	0	0	90	0	0	0	0	0	920	0	1706	0	328	0	0	0	0	0	0	0	6904	0	0	0	110	0	3344	170	12194	104	8870	86	2448	0	7022	0	1386	0	22138	1848	1066	0	15466	0	25850	0	0	1780	1716	0	108	0	686	0	74	0	638	0	5958	0	1242	0	100	0	1782	0	0	0	278	0	2258	0	3026	0	4024	0	6410	0	2312	0	26200	0	23338	1530	496	0	846	120	19398	1972	32826	2318	320	0	234	0	542	0	0	0	0	160	4536	1736	466	0	76	0	
840528	Fusiform_R	1470	4820	130	980	0	0	200	1974	0	0	0	258	0	0	0	336	0	508	210	2378	0	82	0	0	0	0	0	0	100	6978	0	0	0	594	4516	7850	448	35332	406	26326	0	7060	336	14542	0	5688	4324	30750	0	6172	92	3550	284	19392	1780	0	0	2144	0	1276	0	2342	0	1908	0	980	310	12936	1664	2012	398	104	0	10556	0	420	136	3172	0	754	0	4576	0	4076	0	10836	0	1734	0	26310	4074	28268	278	2030	282	2664	6738	23970	7524	38516	0	766	304	2454	336	962	0	226	142	544	13932	6178	638	434	494	0	
254232	Postcentral_L	27594	112	638	188	0	0	4902	232	0	0	2242	160	248	174	0	0	7332	0	752	338	0	0	0	0	0	0	0	0	7356	120	0	264	454	280	592	114	248	0	0	0	0	0	660	0	288	0	0	0	284	0	6876	0	1180	0	1716	0	0	0	11522	0	16498	0	8778	0	1782	0	4628	0	4448	0	1258	300	628	0	0	0	402	520	2128	0	6782	0	0	0	1104	0	0	0	994	0	0	0	0	0	0	0	0	0	0	0	0	0	0	0	0	0	0	0	0	0	0	0	0	0	0	0	
304936	Postcentral_R	418	27606	220	1360	0	0	0	1406	0	0	82	4120	0	0	0	0	0	4556	452	4332	0	0	0	0	0	0	0	0	96	3232	0	0	202	4908	784	2716	0	816	0	212	0	0	162	6834	0	10884	0	530	0	2008	0	264	0	892	0	2144	0	0	0	6920	0	7894	0	12498	0	456	508	20870	2416	13940	276	222	0	1928	0	84	0	206	0	0	0	510	0	0	0	1186	0	0	0	1248	0	0	0	0	0	0	0	0	0	0	0	0	0	0	0	0	0	0	0	0	70	0	0	0	0	0	
163804	Parietal_Sup_L	2244	0	0	0	0	0	0	0	0	0	0	0	0	0	0	0	186	0	0	0	0	0	0	0	0	0	0	0	190	0	0	0	402	0	160	0	0	0	0	0	0	0	220	0	338	0	0	0	7346	0	17414	0	122	0	108	0	11522	0	0	0	18934	0	982	0	7408	0	11016	496	2386	0	0	0	0	0	0	0	0	0	0	0	134	0	0	0	294	0	0	0	0	0	0	0	0	0	0	0	0	0	0	0	0	0	0	0	0	0	0	0	0	0	0	0	0	0	0	0	
175072	Parietal_Sup_R	0	1266	96	124	0	0	0	90	0	0	0	106	0	0	0	0	0	0	82	906	0	0	0	0	0	0	0	0	0	0	0	0	194	360	0	406	0	0	0	0	0	0	0	3038	0	7094	0	184	0	9792	0	2596	0	700	0	1276	0	6920	0	0	0	15872	0	1878	0	6922	1054	17710	0	768	152	0	0	0	0	0	0	80	0	0	0	582	0	0	0	4980	0	0	0	2308	0	0	0	0	0	0	0	0	0	0	0	0	0	0	0	0	0	0	0	0	0	0	0	0	0	0	
254916	Parietal_Inf_L	4286	70	86	88	0	0	568	112	0	0	256	0	136	76	0	0	200	0	118	222	0	0	0	0	0	0	0	0	800	0	0	126	194	160	150	76	0	0	0	0	0	0	1424	0	376	0	0	0	1484	0	17908	0	1848	0	686	0	16498	0	18934	0	0	0	15610	0	28246	0	2432	0	2256	0	302	82	108	0	0	0	78	0	194	0	694	0	0	0	8760	0	0	0	1814	0	0	0	0	0	0	0	0	0	0	0	0	0	0	0	0	0	0	0	0	0	0	0	0	0	0	0	
144736	Parietal_Inf_R	0	1686	74	122	0	0	0	82	0	0	0	134	0	0	0	0	0	202	0	386	0	0	0	0	0	0	0	0	0	110	0	0	0	0	0	288	0	124	0	0	0	0	0	1646	0	2994	0	270	0	4640	0	3470	0	1224	0	2342	0	7894	0	15872	0	0	0	7032	0	10806	0	5260	0	346	104	0	0	0	0	0	0	110	0	0	0	588	0	0	0	2664	0	0	0	1898	0	0	0	0	0	0	0	0	0	0	0	0	0	0	0	0	0	0	0	0	0	0	0	0	0	0	
112212	SupraMarginal_L	3332	0	92	0	0	0	988	0	0	0	0	0	0	0	0	0	1544	0	96	0	0	0	0	0	0	0	0	0	406	0	0	0	0	0	0	0	0	0	0	0	0	0	198	0	0	0	0	0	0	0	1144	0	102	0	74	0	8778	0	982	0	15610	0	0	0	7446	0	102	0	312	0	0	0	0	0	0	0	0	0	274	0	7784	0	0	0	4658	0	0	0	2184	0	0	0	0	0	0	0	0	0	0	0	0	0	0	0	0	0	0	0	0	0	0	0	0	0	0	0	
86128	SupraMarginal_R	0	2082	0	132	0	0	0	0	0	0	0	0	0	0	0	0	0	2214	0	746	0	0	0	0	0	0	0	0	0	736	0	0	0	112	0	0	0	792	0	0	0	0	0	330	0	434	0	0	0	294	0	76	0	128	0	1908	0	12498	0	1878	0	7032	0	0	0	4344	0	886	0	508	70	0	0	0	0	0	0	244	0	96	0	3848	0	0	0	1048	0	0	0	628	0	0	0	0	0	0	0	0	0	0	0	0	0	0	0	0	0	0	0	0	0	0	0	0	0	0	
211980	Angular_L	1566	0	0	0	0	0	0	0	0	0	0	0	0	0	0	0	200	0	0	0	0	0	0	0	0	0	0	0	778	0	0	0	108	0	94	0	0	0	0	0	0	0	1804	0	394	0	0	0	586	0	24354	0	1944	0	638	0	1782	0	7408	0	28246	0	7446	0	0	0	1066	0	1348	0	0	0	0	0	0	0	0	0	356	0	3434	0	0	0	20942	0	0	0	1496	0	0	0	0	0	0	0	0	0	0	0	0	0	0	0	0	0	0	0	0	0	0	0	0	0	0	0	
95972	Angular_R	0	392	0	0	0	0	0	0	0	0	0	0	0	0	0	0	0	0	0	0	0	0	0	0	0	0	0	0	0	0	0	0	0	0	0	128	0	0	0	0	0	0	0	294	0	612	0	86	0	4176	0	9474	0	642	0	980	0	456	0	6922	0	10806	0	4344	0	0	0	1228	0	102	0	0	0	0	0	0	0	0	0	0	0	2732	0	0	0	3966	0	0	0	646	0	0	0	0	0	0	0	0	0	0	0	0	0	0	0	0	0	0	0	0	0	0	0	0	0	0	
336284	Precuneus_L	724	262	0	0	0	0	0	0	0	0	0	0	0	0	0	0	510	0	198	212	0	0	0	0	0	0	0	0	720	0	0	0	5418	574	9686	1958	2324	0	2206	0	0	0	22524	5494	15478	7330	4508	1210	11486	1554	20398	136	6748	154	5958	310	4628	508	11016	1054	2432	0	102	0	1066	0	0	9654	4882	1124	0	0	0	0	0	0	0	0	172	0	214	0	0	0	2402	0	0	0	468	174	0	0	0	0	0	0	92	0	0	0	0	0	0	0	0	0	0	0	0	0	74	0	0	0	0	0	
501304	Precuneus_R	150	6570	174	224	0	0	116	82	0	0	176	0	0	0	0	0	0	0	168	2944	0	0	0	0	0	0	0	0	178	144	0	0	1002	4812	1200	11412	304	2164	286	2226	0	0	1600	33142	1116	38170	556	9804	888	23686	240	5010	0	8038	0	12936	0	20870	496	17710	0	5260	0	886	0	1228	9654	0	554	10818	374	0	0	106	0	0	0	654	0	0	0	288	0	0	0	3880	0	0	0	4428	0	0	0	0	0	76	92	2044	0	0	0	0	0	0	0	0	0	0	0	0	1716	0	0	0	0	0	
322592	Paracentral_Lobule_L	35236	3946	3010	794	0	0	2920	0	0	0	0	0	0	0	0	0	0	0	10050	19658	0	0	0	0	0	0	0	0	240	138	0	0	3394	10998	6138	2990	1142	2674	0	346	0	0	886	216	2050	216	0	98	1528	0	4080	0	1522	70	1242	1664	4448	2416	2386	0	2256	0	312	0	1348	0	4882	554	0	10700	776	1642	1174	0	468	0	6156	2264	0	138	132	138	0	0	1030	108	0	0	300	316	0	0	0	0	0	0	0	106	0	0	0	0	0	0	0	0	0	0	0	0	0	0	0	0	0	0	
227952	Paracentral_Lobule_R	4328	15908	0	0	0	0	0	0	0	0	0	0	0	0	0	0	0	0	402	17956	0	0	0	0	0	0	0	0	0	116	0	0	642	13828	1058	3084	0	1260	0	124	0	0	0	4200	0	5842	0	302	0	876	0	212	0	676	0	2012	0	13940	0	768	0	346	0	508	0	102	1124	10818	10700	0	0	104	0	0	0	0	88	568	0	88	0	268	0	0	0	656	0	0	0	1072	0	0	0	0	0	0	0	0	0	0	0	0	0	0	0	0	0	0	0	0	0	0	0	0	0	0	
327664	Caudate_L	7566	1956	8588	5962	2566	816	6808	3666	426	444	4792	1894	302	2084	1874	1310	254	162	10184	1978	9228	8728	1176	508	208	498	4776	2196	10444	3008	7084	3120	528	260	0	0	304	480	220	0	140	100	0	80	0	162	0	0	0	130	0	0	0	130	100	398	1258	276	0	152	302	104	0	70	0	0	0	374	776	0	0	13384	17064	844	968	90	6894	2322	148	72	214	184	280	74	0	98	0	0	72	174	0	0	0	0	0	0	0	0	0	0	0	0	0	0	0	0	0	0	0	0	0	0	0	0	0	0	
340200	Caudate_R	2304	2884	4074	10082	368	720	1382	2734	80	1228	562	7234	0	4806	314	4274	172	1336	7194	11808	4862	7724	146	3152	0	2694	1876	3042	1822	10310	2096	9610	0	2608	0	0	0	272	0	0	0	296	0	0	0	0	0	0	0	0	0	0	0	0	0	104	300	222	0	0	82	0	0	0	0	0	0	0	1642	104	13384	0	3368	18350	0	1098	1346	14892	0	0	76	220	0	846	0	0	0	0	0	0	0	0	0	0	0	0	0	0	0	0	0	0	0	0	0	0	0	0	0	0	0	0	0	0	0	0	
261680	Putamen_L	5336	170	9552	814	3156	0	5784	488	756	0	1286	966	932	1216	5064	152	188	0	12192	700	2156	1984	1700	198	162	74	1132	198	18992	1202	6030	1296	788	184	168	182	6430	108	1224	0	326	0	0	0	0	0	0	126	0	0	0	0	0	0	1782	0	628	0	0	0	108	0	0	0	0	0	0	0	1174	0	17064	3368	0	0	5212	0	3080	106	0	0	1246	0	1126	0	138	0	0	0	1754	0	124	0	0	0	0	0	164	0	164	0	0	0	0	0	0	0	0	0	0	190	0	0	0	0	0	0	
333064	Putamen_R	164	8096	688	7844	0	152	238	7670	0	504	154	10540	0	3516	0	3772	0	2748	3482	7914	84	680	0	1450	0	606	0	594	198	26958	90	3702	0	3454	0	0	0	13392	0	10594	0	2408	0	0	0	0	0	298	0	0	0	0	0	0	0	10556	0	1928	0	0	0	0	0	0	0	0	0	106	0	0	844	18350	0	0	0	2038	76	4452	0	0	0	2590	0	928	0	940	0	0	0	834	0	0	0	0	0	0	0	900	0	0	0	0	0	0	0	0	0	0	0	0	0	0	0	0	0	0	
40060	Pallidum_L	562	0	3544	0	0	0	1354	0	0	0	0	0	0	0	0	0	0	0	4580	0	0	0	0	0	0	0	0	0	72	0	0	0	0	0	0	0	1310	0	432	0	0	0	0	0	0	0	0	0	0	0	0	0	0	0	0	0	0	0	0	0	0	0	0	0	0	0	0	0	468	0	968	0	5212	0	0	0	1528	0	0	0	0	0	0	0	0	0	0	0	0	0	0	0	0	0	0	0	0	0	0	0	0	0	0	0	0	0	0	0	0	0	0	0	0	0	0	0	
13660	Pallidum_R	0	1136	0	0	0	0	0	362	0	0	0	288	0	0	0	0	0	0	0	0	0	0	0	0	0	0	0	0	0	100	0	0	0	0	0	0	0	608	0	606	0	0	0	0	0	0	0	0	0	0	0	0	0	0	0	420	0	84	0	0	0	0	0	0	0	0	0	0	0	0	90	1098	0	2038	0	0	0	0	0	0	0	0	0	0	0	0	0	0	0	0	0	0	0	0	0	0	0	0	0	0	0	0	0	0	0	0	0	0	0	0	0	0	0	0	0	0	
132628	Thalamus_L	14020	204	1694	688	0	0	2316	122	0	0	384	100	222	84	0	0	0	0	3764	720	0	0	0	0	0	0	0	0	2782	154	0	102	0	136	692	1820	4518	1550	552	696	0	0	0	0	0	0	378	502	0	0	0	0	0	0	278	136	402	0	0	0	78	0	0	0	0	0	0	0	6156	88	6894	1346	3080	76	1528	0	0	5786	926	0	292	0	0	0	0	0	0	0	506	0	0	0	0	0	0	0	0	350	0	0	0	0	0	0	0	0	0	0	0	192	0	0	0	0	0	0	
185892	Thalamus_R	3992	2382	2506	11960	0	0	1312	710	0	0	824	560	142	196	0	0	146	1104	3846	6964	0	0	0	0	0	0	0	0	1132	3974	0	0	0	162	320	698	362	6788	260	2866	0	108	0	110	0	110	160	1040	0	92	0	0	0	0	0	3172	520	206	0	80	0	110	0	244	0	0	0	654	2264	568	2322	14892	106	4452	0	0	5786	0	0	0	0	822	0	130	0	350	0	0	0	362	0	0	0	0	0	172	0	908	0	0	0	0	0	0	0	0	0	0	0	0	0	0	0	0	0	0	
71620	Heschl_L	3322	0	120	156	0	0	588	0	0	0	126	0	0	0	0	0	2136	0	246	174	0	0	0	0	0	0	0	0	8286	0	0	0	0	76	732	728	2794	300	106	92	0	0	116	0	0	0	0	0	0	0	268	0	744	0	2258	0	2128	0	0	0	194	0	274	0	356	0	172	0	0	0	148	0	0	0	0	0	926	0	0	0	3100	0	0	0	1890	0	0	0	3254	0	0	0	0	0	0	0	0	0	0	0	0	0	0	0	0	0	0	0	0	0	0	0	0	0	0	0	
23260	Heschl_R	118	194	0	0	0	0	0	0	0	0	0	0	0	0	0	0	0	662	0	120	0	0	0	0	0	0	0	0	0	2688	0	0	0	0	0	0	0	436	0	0	0	0	0	0	0	0	0	0	0	0	0	0	0	0	0	754	0	0	0	0	0	0	0	96	0	0	0	0	138	88	72	0	0	0	0	0	0	0	0	0	0	5262	0	0	0	770	0	0	0	232	0	0	0	0	0	0	0	0	0	0	0	0	0	0	0	0	0	0	0	0	0	0	0	0	0	0	
236928	Temporal_Sup_L	6646	0	2136	0	0	0	2612	0	0	0	4438	0	162	0	0	0	12026	0	3618	0	102	0	0	0	0	0	0	0	12614	0	0	0	0	0	184	0	2544	0	124	0	570	0	98	0	0	0	0	0	0	0	672	0	646	0	3026	0	6782	0	134	0	694	0	7784	0	3434	0	214	0	132	0	214	76	1246	0	0	0	292	0	3100	0	0	0	6854	0	24390	0	0	0	10800	0	0	0	0	0	0	0	0	0	100	0	0	0	0	0	0	0	0	0	0	0	0	0	0	0	0	0	
139040	Temporal_Sup_R	186	658	0	1120	0	0	98	260	0	0	0	478	0	0	0	0	0	4862	748	1330	0	0	0	0	0	0	0	0	0	8426	0	0	0	74	0	0	0	3486	0	1362	0	0	0	0	0	94	0	194	0	198	0	1218	0	118	0	4576	0	510	0	582	0	588	0	3848	0	2732	0	288	138	268	184	220	0	2590	0	0	0	822	0	5262	0	0	0	2346	0	16254	0	150	0	3252	0	0	0	0	0	0	0	0	0	0	0	0	0	0	0	0	0	0	0	0	0	0	0	0	0	0	
144824	Temporal_Pole_Sup_L	548	0	1878	0	1580	0	716	0	88	0	4354	0	688	0	3080	0	2986	0	1800	0	1308	124	82	0	0	0	360	88	9336	0	0	0	0	0	0	0	2152	0	1480	0	1676	0	0	0	0	0	0	0	0	0	0	0	0	0	4024	0	0	0	0	0	0	0	0	0	0	0	0	0	0	0	280	0	1126	0	0	0	0	0	0	0	6854	0	0	0	11214	0	6314	0	8276	0	0	0	0	0	0	0	0	0	0	0	0	0	0	0	0	0	0	0	0	0	0	0	0	0	0	0	
61680	Temporal_Pole_Sup_R	0	82	0	902	0	0	0	76	0	0	0	1730	0	246	0	158	0	2472	358	506	0	0	0	0	0	0	0	0	0	2786	0	0	0	0	0	0	0	700	0	850	0	1128	0	0	0	0	0	0	0	0	0	0	0	0	0	4076	0	0	0	0	0	0	0	0	0	0	0	0	0	0	74	846	0	928	0	0	0	130	0	0	0	2346	0	0	0	2332	0	4002	0	4112	0	0	0	0	0	0	0	0	0	0	0	0	0	0	0	0	0	0	0	0	0	0	0	0	0	0	
324932	Temporal_Mid_L	742	0	0	0	0	0	0	0	0	0	0	0	0	0	0	0	1544	0	82	0	0	0	0	0	0	0	0	0	3698	0	0	0	164	0	848	0	2180	0	156	0	100	0	2832	0	554	0	252	0	392	0	20300	0	7988	0	6410	0	1104	0	294	0	8760	0	4658	0	20942	0	2402	0	1030	0	0	0	138	0	0	0	0	0	1890	0	24390	0	11214	0	0	0	5816	0	31586	0	0	0	0	0	0	0	0	0	0	0	0	0	0	0	0	0	0	0	0	0	0	0	0	0	0	0	
213680	Temporal_Mid_R	106	876	0	84	0	0	0	0	0	0	0	0	0	0	0	0	0	200	0	644	0	0	0	0	0	0	0	0	0	1932	0	0	0	134	86	558	0	2598	0	1054	0	0	0	2130	0	2074	0	1226	0	3038	0	9740	0	3744	0	10836	0	1186	0	4980	0	2664	0	1048	0	3966	0	3880	108	656	98	0	0	940	0	0	0	350	0	770	0	16254	0	2332	0	0	0	1460	0	25088	0	0	0	0	0	0	0	0	0	0	0	0	0	0	0	0	0	0	0	0	0	0	0	0	0	0	
45456	Temporal_Pole_Mid_L	0	0	0	0	0	0	0	0	0	0	0	0	0	0	0	0	0	0	0	0	0	0	0	0	0	0	0	0	0	0	0	0	0	0	0	0	256	0	1538	0	482	0	0	0	0	0	0	0	0	0	0	0	0	0	2312	0	0	0	0	0	0	0	0	0	0	0	0	0	0	0	0	0	0	0	0	0	0	0	0	0	0	0	6314	0	5816	0	0	0	6010	0	0	0	0	0	0	0	0	0	0	0	0	0	0	0	0	0	0	0	0	0	0	0	0	0	0	0	
21112	Temporal_Pole_Mid_R	0	0	0	0	0	0	0	0	0	0	0	0	0	0	0	0	0	0	0	0	0	0	0	0	0	0	0	0	0	0	0	0	0	0	0	0	0	144	0	288	0	348	0	0	0	0	0	0	0	0	0	0	0	0	0	1734	0	0	0	0	0	0	0	0	0	0	0	0	0	0	0	0	0	0	0	0	0	0	0	0	0	150	0	4002	0	1460	0	0	0	2430	0	0	0	0	0	0	0	0	0	0	0	0	0	0	0	0	0	0	0	0	0	0	0	0	0	0	
289236	Temporal_Inf_L	748	0	0	0	0	0	106	0	0	0	100	0	0	0	0	0	968	0	2340	0	116	0	0	0	0	0	0	0	7730	0	0	0	0	0	540	134	11462	70	2224	0	1084	0	280	0	0	0	514	82	0	0	2598	0	7230	0	26200	0	994	0	0	0	1814	0	2184	0	1496	0	468	0	300	0	72	0	1754	0	0	0	506	0	3254	0	10800	0	8276	0	31586	0	6010	0	0	0	4764	0	212	0	98	0	1696	0	3344	0	162	0	174	0	128	0	0	0	0	0	0	0	0	0	0	0	
230320	Temporal_Inf_R	298	1660	0	92	0	0	80	0	0	0	0	0	0	0	0	106	0	236	0	872	0	0	0	0	0	0	0	0	0	1804	0	0	0	358	1052	3344	0	4226	0	1134	0	308	0	2984	0	1198	0	1252	0	1072	0	866	0	10200	0	26310	0	1248	0	2308	0	1898	0	628	0	646	174	4428	316	1072	174	0	0	834	0	0	0	362	0	232	0	3252	0	4112	0	25088	0	2430	0	0	0	3518	0	404	0	0	0	0	0	458	0	842	0	1202	0	0	0	0	0	0	82	0	0	0	0	0	
744636	Cerebelum_Crus1_L	0	0	0	0	0	0	0	0	0	0	0	0	0	0	0	0	0	0	0	0	0	0	0	0	0	0	0	0	0	0	0	0	0	0	0	0	854	0	1688	98	0	0	218	522	0	0	8236	4638	86	0	268	0	1524	176	23338	4074	0	0	0	0	0	0	0	0	0	0	0	0	0	0	0	0	124	0	0	0	0	0	0	0	0	0	0	0	0	0	0	0	4764	0	0	10336	38492	10500	3356	1756	31128	6230	68378	14860	17996	7784	21096	10054	6258	3544	1010	154	1796	3722	14514	20320	17742	5208	4054	1422	
557044	Cerebelum_Crus1_R	0	0	0	0	0	0	0	0	0	0	0	0	0	0	0	0	0	0	0	0	0	0	0	0	0	0	0	0	0	70	0	0	0	0	0	0	0	0	0	134	0	0	198	538	0	0	2656	7490	0	0	196	0	348	264	1530	28268	0	0	0	0	0	0	0	0	0	0	0	0	0	0	0	0	0	0	0	0	0	0	0	0	0	0	0	0	0	0	0	0	0	3518	10336	0	2968	26268	1406	1288	8198	13076	14162	62226	702	9854	1402	22450	464	3572	0	1246	1178	3052	15620	19806	8694	1970	2792	582	
436320	Cerebelum_Crus2_L	0	0	0	0	0	0	0	0	0	0	0	0	0	0	0	0	0	0	0	0	0	0	0	0	0	0	0	0	0	0	0	0	0	0	0	0	0	0	0	0	0	0	0	0	0	0	246	304	0	0	0	0	112	0	496	278	0	0	0	0	0	0	0	0	0	0	0	0	0	0	0	0	0	0	0	0	0	0	0	0	0	0	0	0	0	0	0	0	212	0	38492	2968	0	19910	574	762	1322	694	10958	3478	33730	14382	31178	11184	3756	2410	1166	78	332	524	562	8730	21206	5084	2300	732	
357708	Cerebelum_Crus2_R	0	0	0	0	0	0	0	0	0	0	0	0	0	0	0	0	0	0	0	0	0	0	0	0	0	0	0	0	0	0	0	0	0	0	0	0	0	0	0	0	0	0	0	0	0	0	0	362	0	0	0	0	0	0	0	2030	0	0	0	0	0	0	0	0	0	0	0	0	0	0	0	0	0	0	0	0	0	0	0	0	0	0	0	0	0	0	0	0	0	404	10500	26268	19910	0	0	232	306	330	3146	11240	6252	28274	3680	32852	218	3518	0	340	166	324	1010	4662	18886	3134	664	146	
89860	Cerebelum_3_L	0	0	0	0	0	0	0	0	0	0	0	0	0	0	0	0	0	0	0	0	0	0	0	0	0	0	0	0	0	0	0	0	0	0	0	0	0	0	342	0	0	0	0	0	0	0	1020	362	0	0	0	0	0	0	846	282	0	0	0	0	0	0	0	0	0	0	0	0	0	0	0	0	0	0	0	0	0	0	0	0	0	0	0	0	0	0	0	0	98	0	3356	1406	574	0	0	204	9990	1520	5270	1986	176	0	938	110	3620	672	0	0	1618	3738	2742	1206	590	728	1078	458	
87248	Cerebelum_3_R	0	0	0	0	0	0	0	0	0	0	0	0	0	0	0	0	0	0	0	0	0	0	0	0	0	0	0	0	0	0	0	0	0	0	0	0	0	456	74	742	0	0	0	0	0	0	120	528	0	0	0	0	0	0	120	2664	0	0	0	0	0	0	0	0	0	0	0	76	0	0	0	0	0	0	0	0	0	172	0	0	0	0	0	0	0	0	0	0	0	0	1756	1288	762	232	204	0	1326	6544	2126	5856	798	0	1106	398	116	1722	0	0	1058	3900	1424	2040	1504	2130	2070	312	
496732	Cerebelum_4_5_L	0	0	0	0	0	0	0	0	0	0	0	0	0	0	0	0	0	0	0	0	0	0	0	0	0	0	0	0	102	0	0	0	0	0	0	0	1610	84	3818	0	70	0	180	118	0	0	13654	5558	0	0	234	0	1880	150	19398	6738	0	0	0	0	0	0	0	0	0	0	92	92	0	0	0	0	164	0	0	0	0	0	0	0	0	0	0	0	0	0	0	0	1696	0	31128	8198	1322	306	9990	1326	0	11176	48848	13472	1000	112	3826	458	7672	1414	1396	0	3034	6464	25666	8772	960	1320	2638	2230	
357288	Cerebelum_4_5_R	178	296	0	90	0	0	0	276	0	0	0	0	0	0	0	0	0	0	0	0	0	0	0	0	0	0	0	0	0	262	0	0	0	0	304	776	446	4844	276	6046	0	208	156	190	0	0	3992	11664	0	0	82	0	296	160	1972	23970	0	0	0	0	0	0	0	0	0	0	0	2044	106	0	0	0	0	900	0	0	350	908	0	0	0	0	0	0	0	0	0	0	0	0	6230	13076	694	330	1520	6544	11176	0	10342	27824	784	124	1700	966	1058	3014	0	0	362	4374	17924	3530	1294	2312	2456	218	
766360	Cerebelum_6_L	0	0	0	0	0	0	0	0	0	0	0	0	0	0	0	0	0	0	0	0	0	0	0	0	0	0	0	0	102	0	0	0	0	0	0	0	1020	0	2284	180	0	0	540	634	0	0	15920	8354	0	0	634	0	3130	274	32826	7524	0	0	0	0	0	0	0	0	0	0	0	0	0	0	0	0	164	0	0	0	0	0	0	0	100	0	0	0	0	0	0	0	3344	0	68378	14162	10958	3146	5270	2126	48848	10342	0	20616	7218	1572	11862	4248	10010	4802	1682	184	2632	4876	23300	25302	10634	5402	5994	2586	
649132	Cerebelum_6_R	0	0	0	0	0	0	0	0	0	0	0	0	0	0	0	0	0	0	0	0	0	0	0	0	0	0	0	0	0	128	0	0	0	0	0	0	0	166	0	406	0	0	248	802	0	126	4258	11516	0	78	220	0	418	678	2318	38516	0	0	0	0	0	0	0	0	0	0	0	0	0	0	0	0	0	0	0	0	0	0	0	0	0	0	0	0	0	0	0	0	0	458	14860	62226	3478	11240	1986	5856	13472	27824	20616	0	1502	3422	2906	11838	1062	5916	0	1300	1584	5640	23038	24396	8972	4432	5614	1050	
321488	Cerebelum_7b_L	0	0	0	0	0	0	0	0	0	0	0	0	0	0	0	0	0	0	0	0	0	0	0	0	0	0	0	0	0	0	0	0	0	0	0	0	0	0	82	88	0	0	0	0	0	0	0	0	0	0	0	0	0	0	320	0	0	0	0	0	0	0	0	0	0	0	0	0	0	0	0	0	0	0	0	0	0	0	0	0	0	0	0	0	0	0	0	0	162	0	17996	702	33730	6252	176	798	1000	784	7218	1502	0	5900	38216	6724	4878	3054	1516	0	376	438	268	5652	10550	8432	3300	630	
252208	Cerebelum_7b_R	0	0	0	0	0	0	0	0	0	0	0	0	0	0	0	0	0	0	0	0	0	0	0	0	0	0	0	0	0	0	0	0	0	0	0	0	0	0	0	0	0	0	0	0	0	0	0	152	0	0	0	0	0	0	0	766	0	0	0	0	0	0	0	0	0	0	0	0	0	0	0	0	0	0	0	0	0	0	0	0	0	0	0	0	0	0	0	0	0	842	7784	9854	14382	28274	0	0	112	124	1572	3422	5900	0	3774	26132	286	2760	0	194	0	102	346	2110	13850	3198	168	0	
435088	Cerebelum_8_L	0	0	0	0	0	0	0	0	0	0	0	0	0	0	0	0	0	0	0	0	0	0	0	0	0	0	0	0	0	0	0	0	0	0	0	0	0	80	0	290	0	0	0	0	0	0	106	0	0	0	0	0	0	0	234	304	0	0	0	0	0	0	0	0	0	0	0	0	0	0	0	0	0	0	0	0	0	0	0	0	0	0	0	0	0	0	0	0	174	0	21096	1402	31178	3680	938	1106	3826	1700	11862	2906	38216	3774	0	8558	24984	8444	5194	88	756	806	1004	8060	11106	15582	8280	1810	
405388	Cerebelum_8_R	0	0	0	0	0	0	0	0	0	0	0	0	0	0	0	0	0	0	0	0	0	0	0	0	0	0	0	0	0	0	0	0	0	0	0	0	0	0	0	0	0	0	0	0	0	0	0	464	0	0	0	0	0	0	0	2454	0	0	0	0	0	0	0	0	0	0	0	0	0	0	0	0	0	0	0	0	0	0	0	0	0	0	0	0	0	0	0	0	0	1202	10054	22450	11184	32852	110	398	458	966	4248	11838	6724	26132	8558	0	2160	23092	0	2366	286	554	1134	6386	14636	9456	2240	292	
192844	Cerebelum_9_L	0	0	0	0	0	0	0	0	0	0	0	0	0	0	0	0	0	0	0	0	0	0	0	0	0	0	0	0	0	0	0	0	0	0	0	0	0	0	158	0	0	0	0	0	0	0	394	220	0	0	0	0	0	0	542	336	0	0	0	0	0	0	0	0	0	0	0	0	0	0	0	0	0	0	0	0	0	0	0	0	0	0	0	0	0	0	0	0	128	0	6258	464	3756	218	3620	116	7672	1058	10010	1062	4878	286	24984	2160	0	4278	6414	0	186	498	1198	1488	1250	5392	5680	1718	
241980	Cerebelum_9_R	0	0	0	0	0	0	0	0	0	0	0	0	0	0	0	0	0	0	0	0	0	0	0	0	0	0	0	0	0	0	0	0	0	0	0	0	0	118	0	360	0	0	0	0	0	0	0	92	0	0	0	0	0	0	0	962	0	0	0	0	0	0	0	0	0	0	0	0	0	0	0	0	0	0	0	0	0	0	0	0	0	0	0	0	0	0	0	0	0	0	3544	3572	2410	3518	672	1722	1414	3014	4802	5916	3054	2760	8444	23092	4278	0	122	2364	1576	1772	1282	6622	5814	11510	12384	3800	
38488	Cerebelum_10_L	0	0	0	0	0	0	0	0	0	0	0	0	0	0	0	0	0	0	0	0	0	0	0	0	0	0	0	0	0	0	0	0	0	0	0	0	0	0	0	0	0	0	0	0	0	0	0	0	0	0	0	0	0	0	0	0	0	0	0	0	0	0	0	0	0	0	0	0	0	0	0	0	0	0	0	0	0	0	0	0	0	0	0	0	0	0	0	0	0	0	1010	0	1166	0	0	0	1396	0	1682	0	1516	0	5194	0	6414	122	0	0	0	0	0	280	0	138	186	140	
19452	Cerebelum_10_R	0	0	0	0	0	0	0	0	0	0	0	0	0	0	0	0	0	0	0	0	0	0	0	0	0	0	0	0	0	0	0	0	0	0	0	0	0	0	0	0	0	0	0	0	0	0	0	0	0	0	0	0	0	0	0	226	0	0	0	0	0	0	0	0	0	0	0	0	0	0	0	0	0	0	0	0	0	0	0	0	0	0	0	0	0	0	0	0	0	0	154	1246	78	340	0	0	0	0	184	1300	0	194	88	2366	0	2364	0	0	0	72	120	304	236	212	242	0	
