data	data	483756	403008	776556	704172	86944	107616	408636	225288	59344	36900	233392	226800	244612	222580	136356	115976	247684	106112	618276	914768	32568	47836	213904	223844	4392	63736	13684	51280	454816	466020	168328	292056	149004	503852	181268	204672	215624	357108	83816	186540	29024	78940	226360	322840	166488	260732	238240	184600	174760	284284	497064	238128	87680	52608	286120	399056	292828	213052	121916	83612	193448	126072	178192	148724	141512	81748	245928	433372	188996	342484	189912	268312	243684	337216	34620	10568	103180	132656	42676	24524	215088	83652	65740	42432	306696	147928	13264	5172	202548	154028	432456	410448	291440	240268	18736	51816	235268	154484	396380	380712	233412	129856	322416	262772	151008	106080	14152	17612	24740	41416	154660	194864	157572	103784	87852	38496	
data	data	Precentral_L	Precentral_R	Frontal_Sup_L	Frontal_Sup_R	Frontal_Sup_Orb_L	Frontal_Sup_Orb_R	Frontal_Mid_L	Frontal_Mid_R	Frontal_Mid_Orb_L	Frontal_Mid_Orb_R	Frontal_Inf_Oper_L	Frontal_Inf_Oper_R	Frontal_Inf_Tri_L	Frontal_Inf_Tri_R	Frontal_Inf_Orb_L	Frontal_Inf_Orb_R	Rolandic_Oper_L	Rolandic_Oper_R	Supp_Motor_Area_L	Supp_Motor_Area_R	Olfactory_L	Olfactory_R	Frontal_Sup_Medial_L	Frontal_Sup_Medial_R	Frontal_Med_Orb_L	Frontal_Med_Orb_R	Rectus_L	Rectus_R	Insula_L	Insula_R	Cingulum_Ant_L	Cingulum_Ant_R	Cingulum_Mid_L	Cingulum_Mid_R	Cingulum_Post_L	Cingulum_Post_R	Hippocampus_L	Hippocampus_R	ParaHippocampal_L	ParaHippocampal_R	Amygdala_L	Amygdala_R	Calcarine_L	Calcarine_R	Cuneus_L	Cuneus_R	Lingual_L	Lingual_R	Occipital_Sup_L	Occipital_Sup_R	Occipital_Mid_L	Occipital_Mid_R	Occipital_Inf_L	Occipital_Inf_R	Fusiform_L	Fusiform_R	Postcentral_L	Postcentral_R	Parietal_Sup_L	Parietal_Sup_R	Parietal_Inf_L	Parietal_Inf_R	SupraMarginal_L	SupraMarginal_R	Angular_L	Angular_R	Precuneus_L	Precuneus_R	Paracentral_Lobule_L	Paracentral_Lobule_R	Caudate_L	Caudate_R	Putamen_L	Putamen_R	Pallidum_L	Pallidum_R	Thalamus_L	Thalamus_R	Heschl_L	Heschl_R	Temporal_Sup_L	Temporal_Sup_R	Temporal_Pole_Sup_L	Temporal_Pole_Sup_R	Temporal_Mid_L	Temporal_Mid_R	Temporal_Pole_Mid_L	Temporal_Pole_Mid_R	Temporal_Inf_L	Temporal_Inf_R	Cerebelum_Crus1_L	Cerebelum_Crus1_R	Cerebelum_Crus2_L	Cerebelum_Crus2_R	Cerebelum_3_L	Cerebelum_3_R	Cerebelum_4_5_L	Cerebelum_4_5_R	Cerebelum_6_L	Cerebelum_6_R	Cerebelum_7b_L	Cerebelum_7b_R	Cerebelum_8_L	Cerebelum_8_R	Cerebelum_9_L	Cerebelum_9_R	Cerebelum_10_L	Cerebelum_10_R	Vermis_1_2	Vermis_3	Vermis_4_5	Vermis_6	Vermis_7	Vermis_8	Vermis_9	Vermis_10	
483756	Precentral_L	0	3042	18270	946	0	0	15960	0	0	0	5394	0	500	0	0	0	11474	0	14058	18176	0	0	0	0	0	0	0	0	9996	0	0	0	2784	9076	2560	1672	7196	268	2356	0	0	0	1732	0	244	0	244	156	0	0	9640	0	1578	0	1886	0	25242	0	0	0	6728	0	5782	0	530	0	786	272	15782	9926	2964	1344	9452	0	2620	0	10858	1212	1210	0	3786	0	0	0	2498	0	0	0	1678	0	0	0	0	0	0	0	0	0	0	0	0	0	0	0	0	0	0	0	0	0	0	0	0	0	0	0	
403008	Precentral_R	3042	0	88	14880	0	0	0	10630	0	0	0	13042	0	108	0	0	0	2562	786	28096	0	0	0	0	0	0	0	0	0	5184	0	0	168	15456	1662	3148	184	7652	190	1470	0	284	0	2882	0	1318	0	244	0	1586	0	2854	0	346	98	3518	826	20730	0	1326	108	1904	660	6086	0	0	96	5686	2540	23046	184	3590	84	3246	0	504	0	4508	0	366	0	802	0	0	0	1834	0	0	0	1154	0	258	0	0	0	0	0	96	0	392	0	0	0	0	0	0	0	0	0	0	0	0	0	0	0	0	
776556	Frontal_Sup_L	18270	88	0	11384	5456	0	60056	322	1472	0	16336	1470	21504	2566	6876	0	13870	0	80930	17084	0	0	34152	258	202	0	0	0	28794	3146	11726	1298	3078	2390	0	0	1354	0	108	0	0	0	0	0	0	0	0	0	0	0	0	0	0	0	0	0	3700	0	0	0	568	0	554	0	0	0	0	0	2072	328	9912	434	13058	160	2134	0	4820	0	376	0	3828	0	1960	0	184	0	0	0	0	0	0	0	0	0	0	0	0	0	0	0	0	0	0	0	0	0	0	0	0	0	0	0	0	0	0	0	
704172	Frontal_Sup_R	946	14880	11384	0	0	5586	186	21556	0	910	1322	7784	216	7988	0	6326	198	8170	20420	77508	214	84	7272	28808	0	1086	0	0	604	23716	2780	26206	1164	13946	380	490	400	6236	356	1702	0	0	0	0	0	0	0	0	0	174	0	182	0	0	0	1274	148	2072	0	0	0	568	132	1110	0	0	0	176	360	564	2080	12966	572	13786	0	496	0	12260	0	542	0	238	0	146	0	298	0	0	0	192	0	446	0	0	0	0	0	0	0	480	0	0	0	0	0	0	0	0	0	0	0	0	0	0	0	0	
86944	Frontal_Sup_Orb_L	0	0	5456	0	0	0	304	0	5994	0	0	0	734	0	9304	0	0	0	148	0	650	0	1100	0	292	0	2156	0	7716	0	1124	0	0	0	0	0	0	0	0	0	0	0	0	0	0	0	0	0	0	0	0	0	0	0	0	0	0	0	0	0	0	0	0	0	0	0	0	0	0	0	260	0	8070	0	0	0	0	0	0	0	0	0	164	0	0	0	0	0	0	0	0	0	0	0	0	0	0	0	0	0	0	0	0	0	0	0	0	0	0	0	0	0	0	0	0	0	
107616	Frontal_Sup_Orb_R	0	0	0	5586	0	0	0	1654	0	5540	0	0	0	0	0	5380	0	0	0	0	0	1118	328	3190	0	8090	0	8376	0	1332	0	1932	0	0	0	0	0	0	0	0	0	0	0	0	0	0	0	0	0	0	0	0	0	0	0	0	0	0	0	0	0	0	0	0	0	0	0	0	0	0	104	4476	0	6702	0	0	0	0	0	0	0	0	0	0	0	0	0	0	0	0	0	0	0	0	0	0	0	0	0	0	0	0	0	0	0	0	0	0	0	0	0	0	0	0	0	0	
408636	Frontal_Mid_L	15960	0	60056	186	304	0	0	0	1854	0	15714	208	30186	876	6108	0	3752	0	17388	1262	0	0	14910	0	0	0	0	0	10990	728	2430	100	676	176	0	0	2212	0	1044	0	0	0	0	0	0	0	0	0	0	0	0	0	0	0	134	0	460	0	0	0	0	0	104	0	0	0	0	0	456	116	1018	122	5694	0	2354	0	5076	0	0	0	1192	0	238	0	90	0	0	0	144	0	0	0	0	0	0	0	0	0	0	0	0	0	0	0	0	0	0	0	0	0	0	0	0	0	0	0	
225288	Frontal_Mid_R	0	10630	322	21556	0	1654	0	0	0	3718	0	9944	0	16698	0	9742	0	1206	448	4698	0	0	134	2576	0	0	0	0	0	11826	96	1314	0	724	0	0	102	1280	100	552	0	162	0	0	0	0	0	0	0	200	0	0	0	0	0	598	0	1226	0	248	0	1604	0	1868	0	0	0	162	0	0	146	492	0	5350	0	438	0	422	0	0	0	0	0	0	0	0	0	0	0	0	0	166	0	0	0	0	0	0	0	242	0	0	0	0	0	0	0	0	0	0	0	0	0	0	0	0	
59344	Frontal_Mid_Orb_L	0	0	1472	0	5994	0	1854	0	0	0	0	0	1852	0	11940	0	0	0	0	0	98	0	0	0	0	0	192	0	4236	0	0	0	0	0	0	0	0	0	0	0	0	0	0	0	0	0	0	0	0	0	0	0	0	0	0	0	0	0	0	0	0	0	0	0	0	0	0	0	0	0	0	0	1860	0	0	0	0	0	0	0	0	0	174	0	0	0	0	0	0	0	0	0	0	0	0	0	0	0	0	0	0	0	0	0	0	0	0	0	0	0	0	0	0	0	0	0	
36900	Frontal_Mid_Orb_R	0	0	0	910	0	5540	0	3718	0	0	0	0	0	438	0	6164	0	0	0	0	0	0	0	0	0	228	0	594	0	712	0	0	0	0	0	0	0	0	0	0	0	0	0	0	0	0	0	0	0	0	0	0	0	0	0	0	0	0	0	0	0	0	0	0	0	0	0	0	0	0	0	0	0	146	0	0	0	0	0	0	0	0	0	0	0	0	0	0	0	0	0	0	0	0	0	0	0	0	0	0	0	0	0	0	0	0	0	0	0	0	0	0	0	0	0	0	
233392	Frontal_Inf_Oper_L	5394	0	16336	1322	0	0	15714	0	0	0	0	2566	16530	3568	854	0	11274	0	7260	1420	0	0	116	0	0	0	0	0	17270	5486	2404	256	0	0	0	0	0	0	0	0	0	0	0	0	0	0	0	0	0	0	0	0	0	0	0	0	224	0	0	0	0	0	0	0	0	0	0	0	0	0	960	0	488	96	138	0	0	0	0	0	3656	0	3166	0	198	0	0	0	0	0	0	0	0	0	0	0	0	0	0	0	0	0	0	0	0	0	0	0	0	0	0	0	0	0	0	0	
226800	Frontal_Inf_Oper_R	0	13042	1470	7784	0	0	208	9944	0	0	2566	0	1040	14134	0	336	90	4422	2504	7956	0	0	0	0	0	0	0	0	882	22068	174	144	0	676	0	0	126	984	112	376	0	90	0	0	0	0	0	0	0	202	0	0	0	0	0	504	0	4332	0	246	0	1744	0	2464	0	0	0	182	0	728	2874	3562	252	4000	0	484	0	444	0	0	0	82	0	0	0	0	0	0	0	172	0	0	0	0	0	0	0	0	0	0	0	0	0	0	0	0	0	0	0	0	0	0	0	0	0	0	
244612	Frontal_Inf_Tri_L	500	0	21504	216	734	0	30186	0	1852	0	16530	1040	0	2630	12302	0	1006	0	6142	252	0	0	2040	0	0	0	0	0	15934	2600	4518	560	426	0	0	0	0	0	0	0	0	0	0	0	0	0	0	0	0	0	0	0	0	0	0	0	102	0	0	0	0	0	0	0	0	0	0	0	0	0	0	0	412	0	0	0	0	0	0	0	490	0	330	0	0	0	0	0	0	0	0	0	0	0	0	0	0	0	0	0	0	0	0	0	0	0	0	0	0	0	0	0	0	0	0	0	
222580	Frontal_Inf_Tri_R	0	108	2566	7988	0	0	876	16698	0	438	3568	14134	2630	0	308	4502	0	1024	3834	4208	0	0	0	1620	0	0	0	0	1520	24636	502	3844	0	878	0	0	0	274	0	210	0	0	0	0	0	0	0	0	0	0	0	0	0	0	0	212	0	0	0	0	0	0	0	0	0	0	0	0	0	0	3418	5452	620	5036	0	0	0	0	0	0	0	0	0	0	0	0	0	0	0	0	0	86	0	0	0	0	0	0	0	100	0	0	0	0	0	0	0	0	0	0	0	0	0	0	0	0	
136356	Frontal_Inf_Orb_L	0	0	6876	0	9304	0	6108	0	11940	0	854	0	12302	308	0	0	100	0	944	0	816	0	668	0	0	0	98	0	11632	252	672	422	238	0	0	0	0	0	0	0	0	0	0	0	0	0	0	0	0	0	0	0	0	0	0	0	0	0	0	0	0	0	0	0	0	0	0	0	0	0	0	0	4168	0	0	0	0	0	0	0	0	0	476	0	0	0	0	0	0	0	0	0	0	0	0	0	0	0	0	0	0	0	0	0	0	0	0	0	0	0	0	0	0	0	0	0	
115976	Frontal_Inf_Orb_R	0	0	0	6326	0	5380	0	9742	0	6164	0	336	0	4502	0	0	0	0	124	884	0	1392	0	594	0	362	0	1596	0	10506	368	380	0	296	0	0	0	678	0	234	0	1052	0	0	0	0	0	0	0	0	0	0	0	0	0	422	0	0	0	0	0	0	0	0	0	0	0	0	0	0	576	1900	0	3728	0	0	0	0	0	0	0	0	0	356	0	0	0	0	0	90	0	0	0	0	0	0	0	0	0	0	0	0	0	0	0	0	0	0	0	0	0	0	0	0	0	0	
247684	Rolandic_Oper_L	11474	0	13870	198	0	0	3752	0	0	0	11274	90	1006	0	100	0	0	0	9906	286	0	0	0	0	0	0	0	0	27176	298	520	0	0	0	338	156	2858	136	172	0	0	0	0	0	0	0	316	0	0	0	724	0	110	0	1048	0	6942	0	0	0	314	0	5744	0	458	0	206	0	0	0	444	0	1312	0	0	0	646	172	3330	0	11768	0	3114	0	1930	0	0	0	1654	0	0	0	0	0	0	0	0	0	0	0	0	0	0	0	0	0	0	0	0	0	0	0	0	0	0	0	
106112	Rolandic_Oper_R	0	2562	0	8170	0	0	0	1206	0	0	0	4422	0	1024	0	0	0	0	1170	7474	0	0	0	0	0	0	0	0	0	10336	0	0	0	122	444	442	0	552	0	202	0	0	0	0	0	0	0	0	0	0	0	0	0	0	0	326	0	3258	0	0	0	344	324	2076	0	0	0	0	0	146	124	1366	0	2804	0	0	0	112	0	1500	0	2026	0	318	0	102	0	0	0	104	0	0	0	0	0	0	0	0	0	0	0	0	0	0	0	0	0	0	0	0	0	0	0	0	0	0	
618276	Supp_Motor_Area_L	14058	786	80930	20420	148	0	17388	448	0	0	7260	2504	6142	3834	944	124	9906	1170	0	44814	148	0	6328	1830	0	0	0	0	10600	5632	7028	5028	5924	11894	268	316	594	180	0	0	0	0	0	102	0	100	0	0	0	254	0	0	0	0	0	0	3956	544	0	0	790	118	618	356	0	0	0	288	6562	542	7956	3788	10396	1390	182	250	272	0	380	200	2342	0	1106	0	0	0	0	0	0	0	0	0	0	0	0	0	0	0	0	0	0	0	0	0	0	0	0	0	0	0	0	0	0	0	0	0	
914768	Supp_Motor_Area_R	18176	28096	17084	77508	0	0	1262	4698	0	0	1420	7956	252	4208	0	884	286	7474	44814	0	188	0	1910	9780	0	0	0	0	648	17470	2642	18020	6262	56840	2232	5952	0	2808	0	694	0	0	0	1974	0	1286	0	280	0	1124	0	696	0	310	212	2564	2216	2748	0	228	284	652	774	2552	0	0	162	4136	19440	39784	2998	17106	2070	3982	998	624	112	5052	0	676	0	536	0	86	0	630	0	0	98	946	0	236	0	0	0	0	0	0	0	248	0	0	0	0	0	0	0	0	0	0	0	0	0	0	0	0	
32568	Olfactory_L	0	0	0	214	650	0	0	0	98	0	0	0	0	0	816	0	0	0	148	188	0	2334	0	0	0	384	408	438	1510	98	1456	1212	0	0	0	0	0	0	116	0	226	0	0	0	0	0	0	0	0	0	0	0	0	0	0	0	0	0	0	0	0	0	0	0	0	0	0	0	0	0	3330	1206	526	576	0	0	0	0	0	0	0	0	350	0	0	0	0	0	0	0	0	0	0	0	0	0	0	0	0	0	0	0	0	0	0	0	0	0	0	0	0	0	0	0	0	0	
47836	Olfactory_R	0	0	0	84	0	1118	0	0	0	0	0	0	0	0	0	1392	0	0	0	0	2334	0	0	0	0	1148	156	2184	0	2204	1378	1820	0	0	0	0	0	0	0	0	0	402	0	0	0	0	0	0	0	0	0	0	0	0	0	0	0	0	0	0	0	0	0	0	0	0	0	0	0	0	4182	3726	758	906	0	0	0	0	0	0	0	0	0	126	0	0	0	0	0	0	0	0	0	0	0	0	0	0	0	0	0	0	0	0	0	0	0	0	0	0	0	0	0	0	0	0	
213904	Frontal_Sup_Medial_L	0	0	34152	7272	1100	328	14910	134	0	0	116	0	2040	0	668	0	0	0	6328	1910	0	0	0	14824	228	804	0	0	110	0	6802	7620	2458	4918	0	0	0	0	0	0	0	0	0	0	0	0	0	0	0	0	0	0	0	0	0	0	0	0	0	0	0	0	0	0	0	0	0	0	0	0	0	0	230	0	0	0	0	0	0	0	0	0	0	0	0	0	0	0	0	0	0	0	0	0	0	0	0	0	0	0	0	0	0	0	0	0	0	0	0	0	0	0	0	0	0	0	
223844	Frontal_Sup_Medial_R	0	0	258	28808	0	3190	0	2576	0	0	0	0	0	1620	0	594	0	0	1830	9780	0	0	14824	0	0	2280	0	0	0	2246	2704	20408	0	12802	0	0	0	98	0	0	0	0	0	0	0	0	0	0	0	0	0	0	0	0	0	0	0	0	0	0	0	0	0	0	0	0	0	0	0	0	0	2848	0	5056	0	0	0	0	0	0	0	0	0	0	0	0	0	0	0	0	0	0	0	0	0	0	0	0	0	0	0	0	0	0	0	0	0	0	0	0	0	0	0	0	0	0	
4392	Frontal_Med_Orb_L	0	0	202	0	292	0	0	0	0	0	0	0	0	0	0	0	0	0	0	0	0	0	228	0	0	226	466	0	0	0	232	0	0	0	0	0	0	0	0	0	0	0	0	0	0	0	0	0	0	0	0	0	0	0	0	0	0	0	0	0	0	0	0	0	0	0	0	0	0	0	282	0	268	0	0	0	0	0	0	0	0	0	0	0	0	0	0	0	0	0	0	0	0	0	0	0	0	0	0	0	0	0	0	0	0	0	0	0	0	0	0	0	0	0	0	0	
63736	Frontal_Med_Orb_R	0	0	0	1086	0	8090	0	0	0	228	0	0	0	0	0	362	0	0	0	0	384	1148	804	2280	226	0	0	6502	0	128	176	2156	0	0	0	0	0	0	0	0	0	0	0	0	0	0	0	0	0	0	0	0	0	0	0	0	0	0	0	0	0	0	0	0	0	0	0	0	0	0	504	4050	0	3744	0	0	0	0	0	0	0	0	0	0	0	0	0	0	0	0	0	0	0	0	0	0	0	0	0	0	0	0	0	0	0	0	0	0	0	0	0	0	0	0	0	0	
13684	Rectus_L	0	0	0	0	2156	0	0	0	192	0	0	0	0	0	98	0	0	0	0	0	408	156	0	0	466	0	0	0	0	0	800	0	0	0	0	0	0	0	0	0	0	0	0	0	0	0	0	0	0	0	0	0	0	0	0	0	0	0	0	0	0	0	0	0	0	0	0	0	0	0	1150	82	1334	0	0	0	0	0	0	0	0	0	0	0	0	0	0	0	0	0	0	0	0	0	0	0	0	0	0	0	0	0	0	0	0	0	0	0	0	0	0	0	0	0	0	0	
51280	Rectus_R	0	0	0	0	0	8376	0	0	0	594	0	0	0	0	0	1596	0	0	0	0	438	2184	0	0	0	6502	0	0	0	730	96	674	0	0	0	0	0	0	0	0	0	0	0	0	0	0	0	0	0	0	0	0	0	0	0	0	0	0	0	0	0	0	0	0	0	0	0	0	0	0	564	2038	0	1848	0	0	0	0	0	0	0	0	0	0	0	0	0	0	0	0	0	0	0	0	0	0	0	0	0	0	0	0	0	0	0	0	0	0	0	0	0	0	0	0	0	0	
454816	Insula_L	9996	0	28794	604	7716	0	10990	0	4236	0	17270	882	15934	1520	11632	0	27176	0	10600	648	1510	0	110	0	0	0	0	0	0	2414	4952	562	0	0	382	210	11522	178	546	0	888	0	0	0	0	0	408	0	0	0	204	0	108	0	3450	0	3760	0	0	0	84	0	3644	0	0	0	238	0	0	0	1066	0	16126	0	0	0	1444	296	3590	0	10754	0	5842	0	1688	0	172	0	3262	0	0	0	0	0	0	0	0	0	0	0	0	0	0	0	0	0	0	0	0	0	0	0	0	0	0	0	
466020	Insula_R	0	5184	3146	23716	0	1332	728	11826	0	712	5486	22068	2600	24636	252	10506	298	10336	5632	17470	98	2204	0	2246	0	128	0	730	2414	0	392	2470	0	1430	86	0	0	8992	0	4600	0	2008	0	96	0	0	0	0	0	0	0	122	0	0	0	6656	0	2830	0	0	0	536	0	1978	0	0	0	96	0	982	4292	6178	612	19686	0	0	0	266	0	1992	0	4974	82	1894	0	1770	0	0	0	960	0	1558	0	0	0	0	0	0	0	1724	0	0	0	0	0	0	0	0	0	0	0	0	0	0	0	0	
168328	Cingulum_Ant_L	0	0	11726	2780	1124	0	2430	96	0	0	2404	174	4518	502	672	368	520	0	7028	2642	1456	1378	6802	2704	232	176	800	96	4952	392	0	8194	4696	1476	246	0	0	0	0	0	0	0	0	0	0	0	0	0	0	0	0	0	0	0	0	0	0	0	0	0	0	0	0	0	0	0	0	0	0	0	5204	2316	4912	854	0	0	0	0	0	0	112	0	182	0	0	0	0	0	0	0	0	0	0	0	0	0	0	0	0	0	0	0	0	0	0	0	0	0	0	0	0	0	0	0	0	0	
292056	Cingulum_Ant_R	0	0	1298	26206	0	1932	100	1314	0	0	256	144	560	3844	422	380	0	0	5028	18020	1212	1820	7620	20408	0	2156	0	674	562	2470	8194	0	1574	18996	0	134	0	0	0	0	0	0	0	0	0	0	0	0	0	0	0	0	0	0	0	0	0	0	0	0	0	0	0	0	0	0	0	0	0	0	2974	8838	672	8220	0	0	0	0	0	0	0	0	0	0	0	0	0	0	0	0	0	0	0	0	0	0	0	0	0	0	0	0	0	0	0	0	0	0	0	0	0	0	0	0	0	0	
149004	Cingulum_Mid_L	2784	168	3078	1164	0	0	676	0	0	0	0	0	426	0	238	0	0	0	5924	6262	0	0	2458	0	0	0	0	0	0	0	4696	1574	0	9418	4204	962	0	0	0	0	0	0	1198	642	2696	520	88	0	960	88	4576	110	492	0	238	0	392	0	1488	0	0	0	694	0	172	0	6948	1492	4544	1684	0	0	0	0	0	0	0	0	0	0	166	0	0	0	1048	0	0	0	234	0	0	0	0	0	0	0	0	0	0	0	0	0	0	0	0	0	0	0	0	0	0	0	0	0	0	0	
503852	Cingulum_Mid_R	9076	15456	2390	13946	0	0	176	724	0	0	0	676	0	878	0	296	0	122	11894	56840	0	0	4918	12802	0	0	0	0	0	1430	1476	18996	9418	0	3114	9436	0	1052	0	270	0	0	0	5554	236	3690	0	970	0	1396	0	1736	0	176	206	1302	1152	1536	0	294	252	0	678	1376	0	0	1472	13538	8578	29562	0	258	0	382	0	0	0	162	0	118	0	344	0	0	0	714	0	0	86	572	0	0	0	0	0	0	0	0	0	0	0	0	0	0	0	0	0	0	0	0	200	0	0	0	0	0	
181268	Cingulum_Post_L	2560	1662	0	380	0	0	0	0	0	0	0	0	0	0	0	0	338	444	268	2232	0	0	0	0	0	0	0	0	382	86	246	0	4204	3114	0	17458	4102	4196	2510	348	0	0	3582	234	1372	152	1420	144	192	0	1764	256	88	0	1992	298	3786	0	0	0	208	0	5960	1794	210	94	6130	1998	2918	2308	0	0	0	84	0	0	318	2176	108	560	800	2518	0	0	1270	308	0	0	930	132	0	0	0	0	0	0	0	0	0	0	0	0	0	0	0	0	0	0	0	0	0	0	0	0	0	0	
204672	Cingulum_Post_R	1672	3148	0	490	0	0	0	0	0	0	0	0	0	0	0	0	156	442	316	5952	0	0	0	0	0	0	0	0	210	0	0	134	962	9436	17458	0	3664	6880	1578	632	0	0	206	2112	114	1362	170	5226	0	110	0	458	0	118	200	1294	1036	0	0	0	124	0	2830	2656	0	94	1414	14592	88	4522	0	0	0	84	0	0	1050	2988	188	456	206	2498	0	0	0	488	0	0	154	558	0	0	0	0	0	0	0	0	0	0	0	0	0	0	0	0	0	0	0	0	1810	0	0	0	0	0	
215624	Hippocampus_L	7196	184	1354	400	0	0	2212	102	0	0	0	126	0	0	0	0	2858	0	594	0	0	0	0	0	0	0	0	0	11522	0	0	0	0	0	4102	3664	0	3834	11082	646	5566	0	1504	0	0	0	1446	0	0	0	0	0	0	0	12116	240	2878	0	0	0	0	0	1468	0	0	0	1898	512	110	0	644	0	6868	298	0	0	4120	2662	2202	0	3220	0	1038	0	538	0	258	0	8350	0	0	0	0	0	0	0	0	0	0	0	0	0	0	0	0	0	0	0	0	0	0	0	0	0	0	0	
357108	Hippocampus_R	268	7652	0	6236	0	0	0	1280	0	0	0	984	0	274	0	678	136	552	180	2808	0	0	0	98	0	0	0	0	178	8992	0	0	0	1052	4196	6880	3834	0	2196	24568	0	12098	110	128	0	0	180	1970	0	0	0	0	0	538	162	34094	134	496	0	0	0	0	236	400	0	0	462	2930	0	1908	0	162	0	18534	0	288	822	6194	162	108	96	928	0	3488	0	1812	0	124	132	9830	0	2452	0	0	0	156	0	438	0	3030	0	0	0	0	0	0	0	0	0	0	910	0	0	0	0	0	
83816	ParaHippocampal_L	2356	190	108	356	0	0	1044	100	0	0	0	112	0	0	0	0	172	0	0	0	116	0	0	0	0	0	0	0	546	0	0	0	0	0	2510	1578	11082	2196	0	572	768	0	1416	0	0	0	1610	0	0	0	304	0	0	0	4732	230	714	0	0	0	0	0	176	0	0	0	1744	312	0	0	0	0	2866	282	0	0	350	1164	0	0	170	0	96	0	152	0	0	0	1528	0	0	0	0	0	0	0	162	0	94	0	0	0	0	0	0	0	0	0	0	0	0	0	0	0	0	0	
186540	ParaHippocampal_R	0	1470	0	1702	0	0	0	552	0	0	0	376	0	210	0	234	0	202	0	694	0	0	0	0	0	0	0	0	0	4600	0	0	0	270	348	632	646	24568	572	0	0	6442	0	938	0	0	0	2296	0	0	0	0	0	216	0	22776	0	174	0	0	0	0	0	170	0	0	0	1616	0	400	0	0	0	8598	0	166	0	1950	0	0	0	432	0	1056	0	178	0	102	0	2160	0	2466	0	0	0	236	0	784	0	3038	0	0	0	0	0	0	0	0	0	0	0	0	0	0	0	0	
29024	Amygdala_L	0	0	0	0	0	0	0	0	0	0	0	0	0	0	0	0	0	0	0	0	226	0	0	0	0	0	0	0	888	0	0	0	0	0	0	0	5566	0	768	0	0	0	0	0	0	0	0	0	0	0	0	0	0	0	3658	0	0	0	0	0	0	0	0	0	0	0	0	0	0	0	82	0	444	0	0	0	0	0	0	0	0	0	514	0	0	0	146	0	2220	0	0	0	0	0	0	0	0	0	0	0	0	0	0	0	0	0	0	0	0	0	0	0	0	0	0	0	
78940	Amygdala_R	0	284	0	0	0	0	0	162	0	0	0	90	0	0	0	1052	0	0	0	0	0	402	0	0	0	0	0	0	0	2008	0	0	0	0	0	0	0	12098	0	6442	0	0	0	0	0	0	0	0	0	0	0	0	0	0	0	7370	0	0	0	0	0	0	0	0	0	0	0	0	0	0	0	0	0	4460	0	0	0	0	0	0	0	0	0	3618	0	96	0	174	0	1214	0	0	0	0	0	0	0	0	0	0	0	0	0	0	0	0	0	0	0	0	0	0	0	0	0	0	
226360	Calcarine_L	1732	0	0	0	0	0	0	0	0	0	0	0	0	0	0	0	0	0	0	0	0	0	0	0	0	0	0	0	0	0	0	0	1198	0	3582	206	1504	110	1416	0	0	0	0	5096	9936	3356	11150	914	5882	2558	33738	178	3334	0	6058	0	406	0	0	0	0	0	124	0	462	0	13982	270	1974	0	0	0	0	0	0	0	0	0	0	0	84	0	0	0	2938	0	0	0	992	0	0	0	0	0	0	0	0	0	0	0	0	0	0	0	0	0	0	0	0	0	0	0	0	0	0	0	
322840	Calcarine_R	0	2882	0	0	0	0	0	0	0	0	0	0	0	0	0	0	0	0	102	1974	0	0	0	0	0	0	0	0	0	96	0	0	642	5554	234	2112	0	128	0	938	0	0	5096	0	4102	24842	720	19732	0	18838	0	14030	0	5580	0	6260	0	3018	0	82	0	238	0	350	0	206	410	30310	0	3184	0	0	0	0	0	0	0	0	0	0	0	350	0	0	0	4804	0	0	0	4346	0	0	0	0	0	0	0	0	0	166	0	0	0	0	0	0	0	0	0	0	94	0	0	0	0	0	
166488	Cuneus_L	244	0	0	0	0	0	0	0	0	0	0	0	0	0	0	0	0	0	0	0	0	0	0	0	0	0	0	0	0	0	0	0	2696	236	1372	114	0	0	0	0	0	0	9936	4102	0	8520	758	662	16956	4794	13212	0	606	0	712	0	152	0	1582	0	150	0	0	0	160	0	14218	734	336	0	0	0	0	0	0	0	0	0	0	0	0	0	0	0	852	0	0	0	140	0	0	0	0	0	0	0	0	0	0	0	0	0	0	0	0	0	0	0	0	0	0	0	0	0	0	0	
260732	Cuneus_R	0	1318	0	0	0	0	0	0	0	0	0	0	0	0	0	0	0	0	100	1286	0	0	0	0	0	0	0	0	0	0	0	0	520	3690	152	1362	0	0	0	0	0	0	3356	24842	8520	0	242	4536	0	32748	0	10850	0	0	0	106	0	2308	0	1568	0	292	0	0	0	436	2982	26770	0	1814	0	0	0	0	0	0	0	0	0	0	0	0	0	0	0	382	0	0	0	186	0	0	0	0	0	0	0	0	0	0	0	0	0	0	0	0	0	0	0	0	0	0	0	0	0	0	
238240	Lingual_L	244	0	0	0	0	0	0	0	0	0	0	0	0	0	0	0	316	0	0	0	0	0	0	0	0	0	0	0	408	0	0	0	88	0	1420	170	1446	180	1610	0	0	0	11150	720	758	242	0	1210	1600	0	12156	0	3392	0	13990	296	0	0	0	0	0	0	358	0	0	0	3828	202	86	0	0	0	0	0	0	0	0	128	102	0	0	0	0	0	544	0	0	0	248	0	10822	2216	328	0	0	192	11900	664	16968	4458	0	0	140	230	212	302	0	178	0	174	4486	7180	986	0	424	368	
184600	Lingual_R	156	244	0	0	0	0	0	0	0	0	0	0	0	0	0	0	0	0	0	280	0	0	0	0	0	0	0	0	0	0	0	0	0	970	144	5226	0	1970	0	2296	0	0	914	19732	662	4536	1210	0	0	8190	0	5572	0	4184	0	10632	0	0	0	0	0	0	0	0	0	0	168	9096	0	276	0	0	0	0	0	0	0	156	0	0	0	0	0	0	0	308	0	0	0	834	420	1464	0	0	0	176	384	2136	1072	4564	0	0	0	0	0	0	0	0	0	0	2416	1912	0	0	0	0	
174760	Occipital_Sup_L	0	0	0	0	0	0	0	0	0	0	0	0	0	0	0	0	0	0	0	0	0	0	0	0	0	0	0	0	0	0	0	0	960	0	192	0	0	0	0	0	0	0	5882	0	16956	0	1600	0	0	0	28310	0	124	0	0	0	2650	0	11142	0	5838	0	0	0	1262	0	10908	98	106	0	0	0	0	0	0	0	0	0	0	0	0	0	0	0	1352	0	0	0	0	0	0	0	0	0	0	0	0	0	0	0	0	0	0	0	0	0	0	0	0	0	0	0	0	0	0	0	
284284	Occipital_Sup_R	0	1586	0	174	0	0	0	200	0	0	0	202	0	0	0	0	0	0	254	1124	0	0	0	0	0	0	0	0	0	0	0	0	88	1396	0	110	0	0	0	0	0	0	2558	18838	4794	32748	0	8190	0	0	0	21344	0	376	0	770	0	3782	0	5278	0	2394	0	268	0	3796	3286	25952	0	2378	0	0	0	0	0	0	0	0	0	0	0	88	0	0	0	168	0	0	0	0	0	0	0	0	0	0	0	0	0	0	0	0	0	0	0	0	0	0	0	0	0	0	0	0	0	0	
497064	Occipital_Mid_L	9640	0	0	0	0	0	0	0	0	0	0	0	0	0	0	0	724	0	0	0	0	0	0	0	0	0	0	0	204	0	0	0	4576	0	1764	0	0	0	304	0	0	0	33738	0	13212	0	12156	0	28310	0	0	0	16958	0	7384	0	11144	0	13368	0	14854	0	1642	0	24168	0	14184	0	3208	0	0	0	146	0	0	0	0	0	0	0	844	0	0	0	30686	0	0	0	5220	0	0	0	0	0	0	0	98	0	0	0	0	0	0	0	0	0	0	0	0	0	0	0	0	0	0	0	
238128	Occipital_Mid_R	0	2854	0	182	0	0	0	0	0	0	0	0	0	0	0	0	0	0	0	696	0	0	0	0	0	0	0	0	0	122	0	0	110	1736	256	458	0	0	0	0	0	0	178	14030	0	10850	0	5572	0	21344	0	0	0	1806	0	804	0	3374	0	1656	0	4846	0	748	0	11768	906	17946	0	3386	0	0	0	0	0	0	0	0	0	0	0	700	0	0	0	11548	0	0	0	1188	0	0	0	0	0	0	0	0	0	0	0	0	0	0	0	0	0	0	0	0	0	0	0	0	0	0	
87680	Occipital_Inf_L	1578	0	0	0	0	0	0	0	0	0	0	0	0	0	0	0	110	0	0	0	0	0	0	0	0	0	0	0	108	0	0	0	492	0	88	0	0	0	0	0	0	0	3334	0	606	0	3392	0	124	0	16958	0	0	0	5176	0	0	0	0	0	0	0	120	0	190	0	746	0	0	0	0	0	0	0	0	0	0	0	168	0	220	0	0	0	4174	0	0	0	6256	0	0	0	0	0	0	0	0	0	0	0	0	0	0	0	0	0	0	0	0	0	0	0	0	0	0	0	
52608	Occipital_Inf_R	0	346	0	0	0	0	0	0	0	0	0	0	0	0	0	0	0	0	0	310	0	0	0	0	0	0	0	0	0	0	0	0	0	176	0	118	0	538	0	216	0	0	0	5580	0	0	0	4184	0	376	0	1806	0	0	0	6286	0	0	0	0	0	0	0	0	0	0	0	742	0	292	0	0	0	0	0	0	0	0	0	0	0	0	0	0	0	826	0	0	0	4296	0	100	0	0	0	0	0	0	0	112	0	0	0	0	0	0	0	0	0	0	0	0	0	0	0	0	
286120	Fusiform_L	1886	98	0	0	0	0	134	0	0	0	0	0	0	0	0	0	1048	0	0	212	0	0	0	0	0	0	0	0	3450	0	0	0	238	206	1992	200	12116	162	4732	0	3658	0	6058	0	712	0	13990	0	0	0	7384	0	5176	0	0	0	234	0	0	0	0	0	1250	0	112	0	4664	0	94	208	0	0	1280	0	0	0	376	140	2400	0	1932	0	376	0	1668	0	146	0	14248	0	16362	150	554	0	0	112	8992	0	18206	206	376	0	568	0	88	754	0	0	122	190	1056	1296	204	216	796	232	
399056	Fusiform_R	0	3518	0	1274	0	0	0	598	0	0	0	504	0	212	0	422	0	326	0	2564	0	0	0	0	0	0	0	0	0	6656	0	0	0	1302	298	1294	240	34094	230	22776	0	7370	0	6260	0	106	296	10632	0	770	0	804	0	6286	0	0	0	296	0	0	0	0	0	244	0	0	0	4358	0	1994	0	88	0	13504	0	176	0	692	0	0	0	726	0	1446	0	3470	0	532	0	20332	0	13638	0	204	0	480	420	6844	370	17118	0	150	0	244	0	0	0	0	0	0	2264	1106	0	0	0	0	
292828	Postcentral_L	25242	826	3700	148	0	0	460	0	0	0	224	0	102	0	0	0	6942	0	3956	2216	0	0	0	0	0	0	0	0	3760	0	0	0	392	1152	3786	1036	2878	134	714	0	0	0	406	0	152	0	0	0	2650	0	11144	0	0	0	234	0	0	0	7184	0	28282	0	13286	156	3424	0	2440	0	5648	1262	0	164	2314	0	178	0	504	88	770	0	3414	204	0	0	4364	0	0	0	478	0	0	0	0	0	0	0	0	0	0	0	0	0	0	0	0	0	0	0	0	0	0	0	0	0	0	0	
213052	Postcentral_R	0	20730	0	2072	0	0	0	1226	0	0	0	4332	0	0	0	0	0	3258	544	2748	0	0	0	0	0	0	0	0	0	2830	0	0	0	1536	0	0	0	496	0	174	0	0	0	3018	0	2308	0	0	0	3782	0	3374	0	0	0	296	0	0	0	7556	0	10976	0	17936	0	280	96	8752	0	6290	0	112	0	338	0	0	0	156	0	150	0	480	0	0	0	540	0	0	0	140	0	0	0	0	0	0	0	0	0	0	0	0	0	0	0	0	0	0	0	0	0	0	0	0	0	0	
121916	Parietal_Sup_L	0	0	0	0	0	0	0	0	0	0	0	0	0	0	0	0	0	0	0	0	0	0	0	0	0	0	0	0	0	0	0	0	1488	0	0	0	0	0	0	0	0	0	0	0	1582	0	0	0	11142	0	13368	0	0	0	0	0	7184	0	0	0	10026	0	0	0	2224	0	9602	210	352	0	0	0	0	0	0	0	0	0	0	0	0	0	0	0	3674	0	0	0	106	0	0	0	0	0	0	0	0	0	0	0	0	0	0	0	0	0	0	0	0	0	0	0	0	0	0	0	
83612	Parietal_Sup_R	0	1326	0	0	0	0	0	248	0	0	0	246	0	0	0	0	0	0	0	228	0	0	0	0	0	0	0	0	0	0	0	0	0	294	0	0	0	0	0	0	0	0	0	82	0	1568	0	0	0	5278	0	1656	0	0	0	0	0	7556	0	0	0	7034	0	1960	0	3136	408	8126	0	2460	0	0	0	0	0	0	0	0	0	0	0	0	0	0	0	200	0	0	0	0	0	0	0	0	0	0	0	0	0	0	0	0	0	0	0	0	0	0	0	0	0	0	0	0	0	0	
193448	Parietal_Inf_L	6728	108	568	0	0	0	0	0	0	0	0	0	0	0	0	0	314	0	790	284	0	0	0	0	0	0	0	0	84	0	0	0	0	252	208	124	0	0	0	0	0	0	0	0	150	0	0	0	5838	0	14854	0	0	0	0	0	28282	0	10026	0	0	0	7586	0	12780	0	578	0	994	232	0	0	224	0	0	0	0	0	0	0	418	0	0	0	4986	0	0	0	316	0	0	0	0	0	0	0	0	0	0	0	0	0	0	0	0	0	0	0	0	0	0	0	0	0	0	0	
126072	Parietal_Inf_R	0	1904	0	568	0	0	0	1604	0	0	0	1744	0	0	0	0	0	344	118	652	0	0	0	0	0	0	0	0	0	536	0	0	0	0	0	0	0	0	0	0	0	0	0	238	0	292	0	0	0	2394	0	4846	0	0	0	0	0	10976	0	7034	0	0	0	16608	0	9362	0	1880	0	160	0	0	0	86	0	0	0	0	0	0	0	232	0	0	0	1458	0	0	0	0	0	0	0	0	0	0	0	0	0	0	0	0	0	0	0	0	0	0	0	0	0	0	0	0	0	0	
178192	SupraMarginal_L	5782	660	554	132	0	0	104	0	0	0	0	0	0	0	0	0	5744	324	618	774	0	0	0	0	0	0	0	0	3644	0	0	0	694	678	5960	2830	1468	236	176	0	0	0	124	0	0	0	358	0	0	0	1642	0	120	0	1250	0	13286	0	0	0	7586	0	0	840	5430	0	596	212	308	830	0	124	408	0	0	0	196	0	384	306	12684	924	0	0	9012	94	0	0	2004	0	0	0	0	0	0	0	0	0	0	0	0	0	0	0	0	0	0	0	0	0	0	0	0	0	0	0	
148724	SupraMarginal_R	0	6086	0	1110	0	0	0	1868	0	0	0	2464	0	0	0	0	0	2076	356	2552	0	0	0	0	0	0	0	0	0	1978	0	0	0	1376	1794	2656	0	400	0	170	0	0	0	350	0	0	0	0	0	268	0	748	0	0	0	244	156	17936	0	1960	0	16608	840	0	0	2080	0	462	0	1544	0	86	0	452	0	188	0	0	0	174	0	3866	0	0	0	1424	0	0	0	90	0	0	0	0	0	0	0	0	0	0	0	0	0	0	0	0	0	0	0	0	0	0	0	0	0	0	
141512	Angular_L	530	0	0	0	0	0	0	0	0	0	0	0	0	0	0	0	458	0	0	0	0	0	0	0	0	0	0	0	0	0	0	0	172	0	210	0	0	0	0	0	0	0	462	0	160	0	0	0	1262	0	24168	0	190	0	112	0	3424	0	2224	0	12780	0	5430	0	0	0	404	0	356	0	0	0	0	0	0	0	0	0	0	0	2170	0	0	0	14412	0	0	0	1832	0	0	0	0	0	0	0	0	0	0	0	0	0	0	0	0	0	0	0	0	0	0	0	0	0	0	0	
81748	Angular_R	0	0	0	0	0	0	0	0	0	0	0	0	0	0	0	0	0	0	0	0	0	0	0	0	0	0	0	0	0	0	0	0	0	0	94	94	0	0	0	0	0	0	0	206	0	436	0	0	0	3796	0	11768	0	0	0	0	0	280	0	3136	0	9362	0	2080	0	0	0	1536	0	192	0	0	0	0	0	0	0	0	0	0	0	1498	0	0	0	6396	0	0	0	0	0	0	0	0	0	0	0	0	0	0	0	0	0	0	0	0	0	0	0	0	0	0	0	0	0	0	
245928	Precuneus_L	786	96	0	0	0	0	0	0	0	0	0	0	0	0	0	0	206	0	0	162	0	0	0	0	0	0	0	0	238	0	0	0	6948	1472	6130	1414	1898	462	1744	0	0	0	13982	410	14218	2982	3828	168	10908	3286	14184	906	746	0	4664	0	2440	96	9602	408	578	0	596	0	404	0	0	9348	3126	256	0	0	0	0	0	0	0	0	0	0	172	0	0	0	2994	0	0	0	1106	0	0	0	0	0	0	0	0	0	0	0	0	0	0	0	0	0	0	0	0	0	0	0	0	0	0	0	
433372	Precuneus_R	272	5686	0	176	0	0	0	162	0	0	0	182	0	0	0	0	0	0	288	4136	0	0	0	0	0	0	0	0	0	96	0	0	1492	13538	1998	14592	512	2930	312	1616	0	0	270	30310	734	26770	202	9096	98	25952	0	17946	0	742	0	4358	0	8752	210	8126	0	1880	212	462	0	1536	9348	0	0	11080	0	0	0	0	0	0	0	0	0	0	0	366	0	0	0	5344	0	0	0	2462	0	0	0	0	0	0	0	176	0	0	0	0	0	0	0	0	0	0	0	0	2266	0	0	0	0	0	
188996	Paracentral_Lobule_L	15782	2540	2072	360	0	0	456	0	0	0	0	0	0	0	0	0	0	0	6562	19440	0	0	0	0	0	0	0	0	0	0	0	0	4544	8578	2918	88	110	0	0	0	0	0	1974	0	336	0	86	0	106	0	3208	0	0	0	94	0	5648	0	352	0	994	0	308	0	356	0	3126	0	0	12168	194	522	224	0	0	0	82	290	0	0	0	0	0	0	856	0	0	0	124	0	0	0	0	0	0	0	0	0	0	0	0	0	0	0	0	0	0	0	0	0	0	0	0	0	0	0	
342484	Paracentral_Lobule_R	9926	23046	328	564	0	0	116	0	0	0	0	728	0	0	0	0	0	146	542	39784	0	0	0	0	0	0	0	0	0	982	0	0	1684	29562	2308	4522	0	1908	0	400	0	0	0	3184	0	1814	0	276	0	2378	0	3386	0	292	208	1994	1262	6290	0	2460	232	160	830	1544	0	192	256	11080	12168	0	136	626	88	404	0	0	0	228	0	146	0	414	0	0	0	1778	0	0	96	774	0	0	0	0	0	0	0	0	0	0	0	0	0	0	0	0	0	0	0	0	0	0	0	0	0	0	
189912	Caudate_L	2964	184	9912	2080	260	104	1018	146	0	0	960	2874	0	3418	0	576	444	124	7956	2998	3330	4182	0	0	282	504	1150	564	1066	4292	5204	2974	0	0	0	0	644	0	0	0	82	0	0	0	0	0	0	0	0	0	0	0	0	0	0	0	0	0	0	0	0	0	0	0	0	0	0	0	194	136	0	8294	10868	1218	1602	0	11542	654	0	0	0	0	156	0	0	0	0	0	0	0	0	0	0	0	0	0	0	0	0	0	0	0	0	0	0	0	0	0	0	0	0	0	0	0	0	0	
268312	Caudate_R	1344	3590	434	12966	0	4476	122	492	0	0	0	3562	0	5452	0	1900	0	1366	3788	17106	1206	3726	0	2848	0	4050	82	2038	0	6178	2316	8838	0	258	0	0	0	162	0	0	0	0	0	0	0	0	0	0	0	0	0	0	0	0	0	88	164	112	0	0	0	0	124	86	0	0	0	0	522	626	8294	0	1188	17706	84	672	196	15994	0	0	0	0	0	0	0	0	0	0	0	0	0	0	0	0	0	0	0	0	0	0	0	0	0	0	0	0	0	0	0	0	0	0	0	0	0	0	
243684	Putamen_L	9452	84	13058	572	8070	0	5694	0	1860	0	488	252	412	620	4168	0	1312	0	10396	2070	526	758	230	0	268	0	1334	0	16126	612	4912	672	0	0	0	0	6868	0	2866	0	444	0	0	0	0	0	0	0	0	0	146	0	0	0	1280	0	2314	0	0	0	224	0	408	0	0	0	0	0	224	88	10868	1188	0	416	5462	0	2026	116	0	0	1656	0	530	0	0	0	0	0	772	0	0	0	0	0	0	0	0	0	0	0	0	0	0	0	0	0	0	0	0	0	0	0	0	0	0	0	
337216	Putamen_R	0	3246	160	13786	0	6702	0	5350	0	146	96	4000	0	5036	0	3728	0	2804	1390	3982	576	906	0	5056	0	3744	0	1848	0	19686	854	8220	0	382	84	84	298	18534	282	8598	0	4460	0	0	0	0	0	0	0	0	0	0	0	0	0	13504	0	338	0	0	0	86	0	452	0	0	0	0	0	404	1218	17706	416	0	0	998	0	1112	0	0	0	266	0	1482	0	332	0	0	0	1872	0	1798	0	0	0	114	0	278	0	2194	0	0	0	0	0	0	0	0	0	0	0	0	0	0	0	0	
34620	Pallidum_L	2620	0	2134	0	0	0	2354	0	0	0	138	0	0	0	0	0	0	0	182	998	0	0	0	0	0	0	0	0	0	0	0	0	0	0	0	0	0	0	0	0	0	0	0	0	0	0	0	0	0	0	0	0	0	0	0	0	178	0	0	0	0	0	0	0	0	0	0	0	0	0	1602	84	5462	0	0	0	1558	0	0	0	0	0	0	0	0	0	0	0	0	0	0	0	0	0	0	0	0	0	0	0	0	0	0	0	0	0	0	0	0	0	0	0	0	0	0	0	
10568	Pallidum_R	0	504	0	496	0	0	0	438	0	0	0	484	0	0	0	0	0	0	250	624	0	0	0	0	0	0	0	0	0	0	0	0	0	0	0	0	0	288	0	166	0	0	0	0	0	0	0	0	0	0	0	0	0	0	0	176	0	0	0	0	0	0	0	188	0	0	0	0	0	0	0	672	0	998	0	0	0	0	0	0	0	0	0	0	0	0	0	0	0	0	0	0	0	0	0	0	0	0	0	0	0	0	0	0	0	0	0	0	0	0	0	0	0	0	0	0	
103180	Thalamus_L	10858	0	4820	0	0	0	5076	0	0	0	0	0	0	0	0	0	646	0	272	112	0	0	0	0	0	0	0	0	1444	0	0	0	0	0	318	1050	4120	822	350	0	0	0	0	0	0	0	0	0	0	0	0	0	0	0	376	0	504	0	0	0	0	0	196	0	0	0	0	0	82	0	11542	196	2026	0	1558	0	0	3740	566	0	416	0	0	0	0	0	0	0	500	0	0	0	0	0	0	0	0	0	0	0	0	0	0	0	0	0	0	0	0	0	0	0	0	0	0	0	
132656	Thalamus_R	1212	4508	0	12260	0	0	0	422	0	0	0	444	0	0	0	0	172	112	0	5052	0	0	0	0	0	0	0	0	296	266	0	0	0	162	2176	2988	2662	6194	1164	1950	0	0	0	0	0	0	128	156	0	0	0	0	0	0	140	692	88	156	0	0	0	0	0	0	0	0	0	0	290	228	654	15994	116	1112	0	0	3740	0	210	0	110	0	0	0	0	0	0	0	122	0	0	102	0	0	0	0	0	90	0	160	0	0	0	0	0	0	0	0	0	0	0	0	0	0	0	0	
42676	Heschl_L	1210	0	376	0	0	0	0	0	0	0	0	0	0	0	0	0	3330	0	380	0	0	0	0	0	0	0	0	0	3590	0	0	0	0	0	108	188	2202	162	0	0	0	0	0	0	0	0	102	0	0	0	0	0	168	0	2400	0	770	0	0	0	0	0	384	0	0	0	0	0	0	0	0	0	0	0	0	0	566	210	0	0	1490	0	0	0	944	0	0	0	2758	0	0	0	0	0	0	0	0	0	0	0	0	0	0	0	0	0	0	0	0	0	0	0	0	0	0	0	
24524	Heschl_R	0	366	0	542	0	0	0	0	0	0	0	0	0	0	0	0	0	1500	200	676	0	0	0	0	0	0	0	0	0	1992	0	0	0	118	560	456	0	108	0	0	0	0	0	0	0	0	0	0	0	0	0	0	0	0	0	0	0	150	0	0	0	0	306	174	0	0	0	0	0	146	0	0	0	0	0	0	0	0	0	0	0	4286	0	0	0	682	0	0	0	0	0	0	0	0	0	0	0	0	0	0	0	0	0	0	0	0	0	0	0	0	0	0	0	0	0	0	
215088	Temporal_Sup_L	3786	0	3828	0	0	0	1192	0	0	0	3656	0	490	0	0	0	11768	0	2342	0	0	0	0	0	0	0	0	0	10754	0	112	0	166	0	800	206	3220	96	170	0	0	0	84	0	0	0	0	0	0	0	844	0	220	0	1932	0	3414	0	0	0	418	0	12684	0	2170	0	172	0	0	0	0	0	1656	0	0	0	416	110	1490	0	0	0	4030	0	24650	0	360	0	10308	0	0	0	0	0	0	0	0	0	0	0	0	0	0	0	0	0	0	0	0	0	0	0	0	0	0	0	
83652	Temporal_Sup_R	0	802	0	238	0	0	0	0	0	0	0	82	0	0	0	0	0	2026	0	536	0	0	0	0	0	0	0	0	0	4974	0	0	0	344	2518	2498	0	928	0	432	0	0	0	350	0	0	0	0	0	88	0	700	0	0	0	726	204	480	0	0	0	232	924	3866	0	1498	0	366	0	414	0	0	0	266	0	0	0	0	0	4286	0	0	0	2520	0	8920	0	170	0	438	0	0	0	0	0	0	0	0	0	0	0	0	0	0	0	0	0	0	0	0	0	0	0	0	0	0	
65740	Temporal_Pole_Sup_L	0	0	1960	0	164	0	238	0	174	0	3166	0	330	0	476	0	3114	0	1106	0	350	0	0	0	0	0	0	0	5842	82	182	0	0	0	0	0	1038	0	96	0	514	0	0	0	0	0	0	0	0	0	0	0	0	0	376	0	0	0	0	0	0	0	0	0	0	0	0	0	0	0	156	0	530	0	0	0	0	0	0	0	4030	0	0	0	5080	0	2542	0	1324	0	0	0	0	0	0	0	0	0	0	0	0	0	0	0	0	0	0	0	0	0	0	0	0	0	0	0	
42432	Temporal_Pole_Sup_R	0	0	0	146	0	0	0	0	0	0	0	0	0	0	0	356	0	318	0	86	0	126	0	0	0	0	0	0	0	1894	0	0	0	0	0	0	0	3488	0	1056	0	3618	0	0	0	0	0	0	0	0	0	0	0	0	0	1446	0	0	0	0	0	0	0	0	0	0	0	0	0	0	0	0	0	1482	0	0	0	0	0	0	0	2520	0	0	0	3264	0	638	0	778	0	0	0	0	0	0	0	0	0	0	0	0	0	0	0	0	0	0	0	0	0	0	0	0	0	0	
306696	Temporal_Mid_L	2498	0	184	0	0	0	90	0	0	0	198	0	0	0	0	0	1930	0	0	0	0	0	0	0	0	0	0	0	1688	0	0	0	1048	0	1270	0	538	0	152	0	0	0	2938	0	852	0	544	0	1352	0	30686	0	4174	0	1668	0	4364	0	3674	0	4986	0	9012	0	14412	0	2994	0	856	0	0	0	0	0	0	0	0	0	944	0	24650	0	5080	0	0	0	2478	0	28088	0	0	0	0	0	0	0	0	0	0	0	0	0	0	0	0	0	0	0	0	0	0	0	0	0	0	0	
147928	Temporal_Mid_R	0	1834	0	298	0	0	0	0	0	0	0	0	0	0	0	0	0	102	0	630	0	0	0	0	0	0	0	0	0	1770	0	0	0	714	308	488	0	1812	0	178	0	96	0	4804	0	382	0	308	0	168	0	11548	0	826	0	3470	0	540	0	200	0	1458	94	1424	0	6396	0	5344	0	1778	0	0	0	332	0	0	0	0	0	682	0	8920	0	3264	0	0	0	446	0	13350	0	0	0	0	0	0	0	0	0	0	0	0	0	0	0	0	0	0	0	0	0	0	0	0	0	0	
13264	Temporal_Pole_Mid_L	0	0	0	0	0	0	0	0	0	0	0	0	0	0	0	0	0	0	0	0	0	0	0	0	0	0	0	0	172	0	0	0	0	0	0	0	258	0	0	0	146	0	0	0	0	0	0	0	0	0	0	0	0	0	146	0	0	0	0	0	0	0	0	0	0	0	0	0	0	0	0	0	0	0	0	0	0	0	0	0	360	0	2542	0	2478	0	0	0	530	0	0	0	0	0	0	0	0	0	0	0	0	0	0	0	0	0	0	0	0	0	0	0	0	0	0	0	
5172	Temporal_Pole_Mid_R	0	0	0	0	0	0	0	0	0	0	0	0	0	0	0	0	0	0	0	0	0	0	0	0	0	0	0	0	0	0	0	0	0	0	0	0	0	124	0	102	0	174	0	0	0	0	0	0	0	0	0	0	0	0	0	532	0	0	0	0	0	0	0	0	0	0	0	0	0	0	0	0	0	0	0	0	0	0	0	0	0	170	0	638	0	446	0	0	0	400	0	0	0	0	0	0	0	0	0	0	0	0	0	0	0	0	0	0	0	0	0	0	0	0	0	0	
202548	Temporal_Inf_L	1678	0	0	0	0	0	144	0	0	0	0	0	0	0	0	0	1654	0	0	98	0	0	0	0	0	0	0	0	3262	0	0	0	234	86	930	154	8350	132	1528	0	2220	0	992	0	140	0	248	0	0	0	5220	0	6256	0	14248	0	478	0	106	0	316	0	2004	0	1832	0	1106	0	124	96	0	0	772	0	0	0	500	122	2758	0	10308	0	1324	0	28088	0	530	0	0	0	1998	0	450	0	0	0	0	0	430	0	200	0	158	0	0	0	0	0	0	0	0	0	0	0	0	0	
154028	Temporal_Inf_R	0	1154	0	192	0	0	0	0	0	0	0	172	0	0	0	90	0	104	0	946	0	0	0	0	0	0	0	0	0	960	0	0	0	572	132	558	0	9830	0	2160	0	1214	0	4346	0	186	0	834	0	0	0	1188	0	4296	0	20332	0	140	0	0	0	0	0	90	0	0	0	2462	0	774	0	0	0	1872	0	0	0	0	0	0	0	438	0	778	0	13350	0	400	0	0	0	4124	0	400	0	0	0	0	0	2440	0	216	0	264	0	0	0	0	0	0	0	0	0	0	0	0	
432456	Cerebelum_Crus1_L	0	0	0	0	0	0	0	0	0	0	0	0	0	0	0	0	0	0	0	0	0	0	0	0	0	0	0	0	0	0	0	0	0	0	0	0	0	0	0	0	0	0	0	0	0	0	10822	420	0	0	0	0	0	0	16362	0	0	0	0	0	0	0	0	0	0	0	0	0	0	0	0	0	0	0	0	0	0	0	0	0	0	0	0	0	0	0	0	0	1998	0	0	2828	35122	2300	666	0	21648	168	60088	3100	14532	514	21258	2356	5394	1054	560	240	0	0	790	5558	6392	748	1158	152	
410448	Cerebelum_Crus1_R	0	258	0	446	0	0	0	166	0	0	0	0	0	86	0	0	0	0	0	236	0	0	0	0	0	0	0	0	0	1558	0	0	0	0	0	0	0	2452	0	2466	0	0	0	0	0	0	2216	1464	0	0	0	0	0	100	150	13638	0	0	0	0	0	0	0	0	0	0	0	0	0	0	0	0	0	1798	0	0	0	102	0	0	0	0	0	0	0	0	0	0	0	4124	2828	0	744	31372	0	2276	934	14708	5488	59406	532	6668	1090	23412	530	910	0	410	138	330	4058	9310	6828	1532	460	0	
291440	Cerebelum_Crus2_L	0	0	0	0	0	0	0	0	0	0	0	0	0	0	0	0	0	0	0	0	0	0	0	0	0	0	0	0	0	0	0	0	0	0	0	0	0	0	0	0	0	0	0	0	0	0	328	0	0	0	0	0	0	0	554	0	0	0	0	0	0	0	0	0	0	0	0	0	0	0	0	0	0	0	0	0	0	0	0	0	0	0	0	0	0	0	0	0	450	0	35122	744	0	3716	0	0	264	0	4072	390	39254	2206	39616	3354	8754	0	348	0	0	0	0	732	4006	1708	102	0	
240268	Cerebelum_Crus2_R	0	0	0	0	0	0	0	0	0	0	0	0	0	0	0	0	0	0	0	0	0	0	0	0	0	0	0	0	0	0	0	0	0	0	0	0	0	0	0	0	0	0	0	0	0	0	0	0	0	0	0	0	0	0	0	204	0	0	0	0	0	0	0	0	0	0	0	0	0	0	0	0	0	0	0	0	0	0	0	0	0	0	0	0	0	0	0	0	0	400	2300	31372	3716	0	0	0	0	0	392	3208	2622	20772	5214	35550	1178	666	0	0	0	0	0	514	8610	3204	212	0	
18736	Cerebelum_3_L	0	0	0	0	0	0	0	0	0	0	0	0	0	0	0	0	0	0	0	0	0	0	0	0	0	0	0	0	0	0	0	0	0	0	0	0	0	0	0	0	0	0	0	0	0	0	0	0	0	0	0	0	0	0	0	0	0	0	0	0	0	0	0	0	0	0	0	0	0	0	0	0	0	0	0	0	0	0	0	0	0	0	0	0	0	0	0	0	0	0	666	0	0	0	0	0	4602	0	1198	0	0	0	160	0	820	0	0	0	480	944	498	0	0	0	0	0	
51816	Cerebelum_3_R	0	0	0	0	0	0	0	0	0	0	0	0	0	0	0	0	0	0	0	0	0	0	0	0	0	0	0	0	0	0	0	0	0	0	0	0	0	156	0	236	0	0	0	0	0	0	192	176	0	0	0	0	0	0	112	480	0	0	0	0	0	0	0	0	0	0	0	0	0	0	0	0	0	114	0	0	0	0	0	0	0	0	0	0	0	0	0	0	0	0	0	2276	0	0	0	0	434	5924	772	5186	0	0	0	0	0	1086	0	0	972	3378	1604	1010	186	520	862	232	
235268	Cerebelum_4_5_L	0	0	0	0	0	0	0	0	0	0	0	0	0	0	0	0	0	0	0	0	0	0	0	0	0	0	0	0	0	0	0	0	0	0	0	0	0	0	162	0	0	0	0	0	0	0	11900	384	0	0	98	0	0	0	8992	420	0	0	0	0	0	0	0	0	0	0	0	0	0	0	0	0	0	0	0	0	0	0	0	0	0	0	0	0	0	0	0	0	0	0	21648	934	264	0	4602	434	0	2120	32322	3186	250	0	1128	272	3282	2084	634	196	582	1006	10028	5682	0	228	2182	2614	
154484	Cerebelum_4_5_R	0	96	0	0	0	0	0	0	0	0	0	0	0	0	0	0	0	0	0	0	0	0	0	0	0	0	0	0	0	0	0	0	0	0	0	0	0	438	0	784	0	0	0	0	0	0	664	2136	0	0	0	0	0	0	0	6844	0	0	0	0	0	0	0	0	0	0	0	176	0	0	0	0	0	278	0	0	0	90	0	0	0	0	0	0	0	0	0	0	0	0	168	14708	0	0	0	5924	2120	0	952	26876	0	0	0	170	0	664	0	186	762	1224	8886	1820	134	262	574	306	
396380	Cerebelum_6_L	0	0	0	0	0	0	0	0	0	0	0	0	0	0	0	0	0	0	0	0	0	0	0	0	0	0	0	0	0	0	0	0	0	0	0	0	0	0	94	0	0	0	0	0	0	0	16968	1072	0	0	0	0	0	0	18206	370	0	0	0	0	0	0	0	0	0	0	0	0	0	0	0	0	0	0	0	0	0	0	0	0	0	0	0	0	0	0	0	0	430	0	60088	5488	4072	392	1198	772	32322	952	0	8972	2728	0	4144	716	3566	3406	564	726	394	826	4074	14252	5278	1924	3510	686	
380712	Cerebelum_6_R	0	392	0	480	0	0	0	242	0	0	0	0	0	100	0	0	0	0	0	248	0	0	0	0	0	0	0	0	0	1724	0	0	0	0	0	0	0	3030	0	3038	0	0	0	166	0	0	4458	4564	0	0	0	0	0	112	206	17118	0	0	0	0	0	0	0	0	0	0	0	0	0	0	0	0	0	2194	0	0	0	160	0	0	0	0	0	0	0	0	0	0	0	2440	3100	59406	390	3208	0	5186	3186	26876	8972	0	198	938	334	3386	0	1160	0	974	182	498	10534	14418	5304	668	766	0	
233412	Cerebelum_7b_L	0	0	0	0	0	0	0	0	0	0	0	0	0	0	0	0	0	0	0	0	0	0	0	0	0	0	0	0	0	0	0	0	0	0	0	0	0	0	0	0	0	0	0	0	0	0	0	0	0	0	0	0	0	0	376	0	0	0	0	0	0	0	0	0	0	0	0	0	0	0	0	0	0	0	0	0	0	0	0	0	0	0	0	0	0	0	0	0	200	0	14532	532	39254	2622	0	0	250	0	2728	198	0	1492	38794	2234	8030	0	344	0	0	0	0	308	3020	1710	82	0	
129856	Cerebelum_7b_R	0	0	0	0	0	0	0	0	0	0	0	0	0	0	0	0	0	0	0	0	0	0	0	0	0	0	0	0	0	0	0	0	0	0	0	0	0	0	0	0	0	0	0	0	0	0	0	0	0	0	0	0	0	0	0	150	0	0	0	0	0	0	0	0	0	0	0	0	0	0	0	0	0	0	0	0	0	0	0	0	0	0	0	0	0	0	0	0	0	216	514	6668	2206	20772	0	0	0	0	0	938	1492	0	2552	21774	290	1248	0	0	0	0	0	0	3608	2284	216	0	
322416	Cerebelum_8_L	0	0	0	0	0	0	0	0	0	0	0	0	0	0	0	0	0	0	0	0	0	0	0	0	0	0	0	0	0	0	0	0	0	0	0	0	0	0	0	0	0	0	0	0	0	0	140	0	0	0	0	0	0	0	568	0	0	0	0	0	0	0	0	0	0	0	0	0	0	0	0	0	0	0	0	0	0	0	0	0	0	0	0	0	0	0	0	0	158	0	21258	1090	39616	5214	160	0	1128	0	4144	334	38794	2552	0	7046	22692	354	1746	0	0	0	0	498	6056	6638	1022	0	
262772	Cerebelum_8_R	0	0	0	0	0	0	0	0	0	0	0	0	0	0	0	0	0	0	0	0	0	0	0	0	0	0	0	0	0	0	0	0	0	0	0	0	0	0	0	0	0	0	0	0	0	0	230	0	0	0	0	0	0	0	0	244	0	0	0	0	0	0	0	0	0	0	0	0	0	0	0	0	0	0	0	0	0	0	0	0	0	0	0	0	0	0	0	0	0	264	2356	23412	3354	35550	0	0	272	170	716	3386	2234	21774	7046	0	3186	9214	0	188	0	0	516	1046	8638	5750	1410	430	
151008	Cerebelum_9_L	0	0	0	0	0	0	0	0	0	0	0	0	0	0	0	0	0	0	0	0	0	0	0	0	0	0	0	0	0	0	0	0	0	0	0	0	0	0	0	0	0	0	0	0	0	0	212	0	0	0	0	0	0	0	88	0	0	0	0	0	0	0	0	0	0	0	0	0	0	0	0	0	0	0	0	0	0	0	0	0	0	0	0	0	0	0	0	0	0	0	5394	530	8754	1178	820	0	3282	0	3566	0	8030	290	22692	3186	0	1676	2880	278	0	0	642	696	3120	4680	2670	840	
106080	Cerebelum_9_R	0	0	0	0	0	0	0	0	0	0	0	0	0	0	0	0	0	0	0	0	0	0	0	0	0	0	0	0	0	0	0	0	0	0	0	0	0	0	0	0	0	0	0	0	0	0	302	0	0	0	0	0	0	0	754	0	0	0	0	0	0	0	0	0	0	0	0	0	0	0	0	0	0	0	0	0	0	0	0	0	0	0	0	0	0	0	0	0	0	0	1054	910	0	666	0	1086	2084	664	3406	1160	0	1248	354	9214	1676	0	0	1860	604	1424	2614	5298	2816	4374	6868	2604	
14152	Cerebelum_10_L	0	0	0	0	0	0	0	0	0	0	0	0	0	0	0	0	0	0	0	0	0	0	0	0	0	0	0	0	0	0	0	0	0	0	0	0	0	0	0	0	0	0	0	0	0	0	0	0	0	0	0	0	0	0	0	0	0	0	0	0	0	0	0	0	0	0	0	0	0	0	0	0	0	0	0	0	0	0	0	0	0	0	0	0	0	0	0	0	0	0	560	0	348	0	0	0	634	0	564	0	344	0	1746	0	2880	0	0	0	0	0	0	0	0	0	0	0	
17612	Cerebelum_10_R	0	0	0	0	0	0	0	0	0	0	0	0	0	0	0	0	0	0	0	0	0	0	0	0	0	0	0	0	0	0	0	0	0	0	0	0	0	0	0	0	0	0	0	0	0	0	178	0	0	0	0	0	0	0	0	0	0	0	0	0	0	0	0	0	0	0	0	0	0	0	0	0	0	0	0	0	0	0	0	0	0	0	0	0	0	0	0	0	0	0	240	410	0	0	0	0	196	186	726	974	0	0	0	188	278	1860	0	0	0	0	254	846	626	760	938	146	
24740	Vermis_1_2	0	0	0	0	0	0	0	0	0	0	0	0	0	0	0	0	0	0	0	0	0	0	0	0	0	0	0	0	0	0	0	0	0	0	0	0	0	0	0	0	0	0	0	0	0	0	0	0	0	0	0	0	0	0	122	0	0	0	0	0	0	0	0	0	0	0	0	0	0	0	0	0	0	0	0	0	0	0	0	0	0	0	0	0	0	0	0	0	0	0	0	138	0	0	480	972	582	762	394	182	0	0	0	0	0	604	0	0	0	5218	1468	530	0	240	482	196	
41416	Vermis_3	0	0	0	0	0	0	0	0	0	0	0	0	0	0	0	0	0	0	0	0	0	0	0	0	0	0	0	0	0	0	0	0	0	0	0	0	0	0	0	0	0	0	0	0	0	0	174	0	0	0	0	0	0	0	190	0	0	0	0	0	0	0	0	0	0	0	0	0	0	0	0	0	0	0	0	0	0	0	0	0	0	0	0	0	0	0	0	0	0	0	0	330	0	0	944	3378	1006	1224	826	498	0	0	0	0	0	1424	0	0	5218	0	2228	1104	192	534	1010	428	
154660	Vermis_4_5	0	0	0	0	0	0	0	0	0	0	0	0	0	0	0	0	0	0	0	0	0	0	0	0	0	0	0	0	0	0	0	0	0	200	0	1810	0	910	0	0	0	0	0	94	0	0	4486	2416	0	0	0	0	0	0	1056	2264	0	0	0	0	0	0	0	0	0	0	0	2266	0	0	0	0	0	0	0	0	0	0	0	0	0	0	0	0	0	0	0	0	0	0	790	4058	0	0	498	1604	10028	8886	4074	10534	0	0	0	516	642	2614	0	254	1468	2228	0	7920	0	122	2462	3130	
194864	Vermis_6	0	0	0	0	0	0	0	0	0	0	0	0	0	0	0	0	0	0	0	0	0	0	0	0	0	0	0	0	0	0	0	0	0	0	0	0	0	0	0	0	0	0	0	0	0	0	7180	1912	0	0	0	0	0	0	1296	1106	0	0	0	0	0	0	0	0	0	0	0	0	0	0	0	0	0	0	0	0	0	0	0	0	0	0	0	0	0	0	0	0	0	0	5558	9310	732	514	0	1010	5682	1820	14252	14418	308	0	498	1046	696	5298	0	846	530	1104	7920	0	3870	2016	5250	3260	
157572	Vermis_7	0	0	0	0	0	0	0	0	0	0	0	0	0	0	0	0	0	0	0	0	0	0	0	0	0	0	0	0	0	0	0	0	0	0	0	0	0	0	0	0	0	0	0	0	0	0	986	0	0	0	0	0	0	0	204	0	0	0	0	0	0	0	0	0	0	0	0	0	0	0	0	0	0	0	0	0	0	0	0	0	0	0	0	0	0	0	0	0	0	0	6392	6828	4006	8610	0	186	0	134	5278	5304	3020	3608	6056	8638	3120	2816	0	626	0	192	0	3870	0	5810	2700	402	
103784	Vermis_8	0	0	0	0	0	0	0	0	0	0	0	0	0	0	0	0	0	0	0	0	0	0	0	0	0	0	0	0	0	0	0	0	0	0	0	0	0	0	0	0	0	0	0	0	0	0	0	0	0	0	0	0	0	0	216	0	0	0	0	0	0	0	0	0	0	0	0	0	0	0	0	0	0	0	0	0	0	0	0	0	0	0	0	0	0	0	0	0	0	0	748	1532	1708	3204	0	520	228	262	1924	668	1710	2284	6638	5750	4680	4374	0	760	240	534	122	2016	5810	0	5256	708	
87852	Vermis_9	0	0	0	0	0	0	0	0	0	0	0	0	0	0	0	0	0	0	0	0	0	0	0	0	0	0	0	0	0	0	0	0	0	0	0	0	0	0	0	0	0	0	0	0	0	0	424	0	0	0	0	0	0	0	796	0	0	0	0	0	0	0	0	0	0	0	0	0	0	0	0	0	0	0	0	0	0	0	0	0	0	0	0	0	0	0	0	0	0	0	1158	460	102	212	0	862	2182	574	3510	766	82	216	1022	1410	2670	6868	0	938	482	1010	2462	5250	2700	5256	0	2514	
