data	data	367624	284432	800580	715872	174480	75280	403164	221760	71780	31612	255056	210012	230088	175628	204868	80744	238016	101096	615688	673424	101608	136596	276768	239020	54252	75120	70148	66052	727432	403324	290596	473672	97564	386372	144968	167000	277304	498468	126168	345852	51556	102200	319064	406296	230828	375516	373144	476328	275072	395208	539816	332624	167624	156436	458080	659936	334064	307144	191596	125080	237388	196200	79316	181644	176616	188200	375060	425204	302992	194588	363956	316052	387704	353948	59876	23480	115312	172036	69808	24836	249348	123332	98004	99752	328024	252688	18368	37028	362576	263304	595380	745952	469780	443876	71164	149256	453080	428512	568664	728996	448932	270752	508152	520996	186132	251544	27328	13056	50976	152704	403196	364172	332272	269536	208644	55080	
data	data	Precentral_L	Precentral_R	Frontal_Sup_L	Frontal_Sup_R	Frontal_Sup_Orb_L	Frontal_Sup_Orb_R	Frontal_Mid_L	Frontal_Mid_R	Frontal_Mid_Orb_L	Frontal_Mid_Orb_R	Frontal_Inf_Oper_L	Frontal_Inf_Oper_R	Frontal_Inf_Tri_L	Frontal_Inf_Tri_R	Frontal_Inf_Orb_L	Frontal_Inf_Orb_R	Rolandic_Oper_L	Rolandic_Oper_R	Supp_Motor_Area_L	Supp_Motor_Area_R	Olfactory_L	Olfactory_R	Frontal_Sup_Medial_L	Frontal_Sup_Medial_R	Frontal_Med_Orb_L	Frontal_Med_Orb_R	Rectus_L	Rectus_R	Insula_L	Insula_R	Cingulum_Ant_L	Cingulum_Ant_R	Cingulum_Mid_L	Cingulum_Mid_R	Cingulum_Post_L	Cingulum_Post_R	Hippocampus_L	Hippocampus_R	ParaHippocampal_L	ParaHippocampal_R	Amygdala_L	Amygdala_R	Calcarine_L	Calcarine_R	Cuneus_L	Cuneus_R	Lingual_L	Lingual_R	Occipital_Sup_L	Occipital_Sup_R	Occipital_Mid_L	Occipital_Mid_R	Occipital_Inf_L	Occipital_Inf_R	Fusiform_L	Fusiform_R	Postcentral_L	Postcentral_R	Parietal_Sup_L	Parietal_Sup_R	Parietal_Inf_L	Parietal_Inf_R	SupraMarginal_L	SupraMarginal_R	Angular_L	Angular_R	Precuneus_L	Precuneus_R	Paracentral_Lobule_L	Paracentral_Lobule_R	Caudate_L	Caudate_R	Putamen_L	Putamen_R	Pallidum_L	Pallidum_R	Thalamus_L	Thalamus_R	Heschl_L	Heschl_R	Temporal_Sup_L	Temporal_Sup_R	Temporal_Pole_Sup_L	Temporal_Pole_Sup_R	Temporal_Mid_L	Temporal_Mid_R	Temporal_Pole_Mid_L	Temporal_Pole_Mid_R	Temporal_Inf_L	Temporal_Inf_R	Cerebelum_Crus1_L	Cerebelum_Crus1_R	Cerebelum_Crus2_L	Cerebelum_Crus2_R	Cerebelum_3_L	Cerebelum_3_R	Cerebelum_4_5_L	Cerebelum_4_5_R	Cerebelum_6_L	Cerebelum_6_R	Cerebelum_7b_L	Cerebelum_7b_R	Cerebelum_8_L	Cerebelum_8_R	Cerebelum_9_L	Cerebelum_9_R	Cerebelum_10_L	Cerebelum_10_R	Vermis_1_2	Vermis_3	Vermis_4_5	Vermis_6	Vermis_7	Vermis_8	Vermis_9	Vermis_10	
367624	Precentral_L	0	3802	12142	2532	0	0	19592	1642	0	0	10566	0	696	0	0	0	9230	0	15394	5856	0	0	0	0	0	0	0	0	9090	0	294	110	170	1814	468	114	2578	0	168	0	0	0	614	96	330	128	236	88	1318	226	7246	0	624	0	1242	0	26616	1364	852	0	2474	178	950	190	1134	0	1538	354	19574	1480	842	390	238	0	0	0	4932	520	1874	0	2860	0	0	0	4604	0	0	0	2442	0	0	0	0	0	0	0	0	0	0	0	0	0	0	0	0	0	0	0	0	0	0	0	0	0	0	0	
284432	Precentral_R	3802	0	1154	9442	0	0	498	6984	0	0	80	7022	0	0	0	0	432	1488	2338	8104	0	0	0	0	0	0	0	0	2274	3678	0	348	82	482	984	878	1808	6998	342	866	0	0	0	510	0	994	0	340	0	1438	172	856	0	364	282	1896	2854	20906	0	648	362	1060	104	1984	80	192	128	2610	3302	7332	3036	5950	5714	2398	3110	168	1038	9206	244	216	330	390	0	0	0	768	0	0	268	546	0	192	0	0	0	0	0	0	0	144	0	0	0	0	0	0	0	0	0	0	0	0	0	0	0	0	
800580	Frontal_Sup_L	12142	1154	0	11618	10990	0	59464	1562	2222	0	12158	316	18372	516	10146	0	9264	0	70508	13524	132	0	37166	2974	2918	0	1198	0	42826	554	15022	2974	1458	3294	224	176	3686	590	492	82	0	0	0	0	0	0	0	0	0	0	490	0	0	0	368	0	2810	226	0	0	264	0	162	0	116	0	96	0	3160	0	6016	828	22396	532	2922	0	2034	510	1496	0	4616	0	638	0	400	0	0	0	488	0	0	0	0	0	0	0	0	0	0	0	0	0	0	0	0	0	0	0	0	0	0	0	0	0	0	0	
715872	Frontal_Sup_R	2532	9442	11618	0	0	3802	1624	26338	0	1530	2998	12498	112	9070	0	3416	3142	3286	18852	67514	0	278	8254	28400	0	2020	0	178	7698	11074	4542	32044	1408	17710	286	538	502	6620	0	2590	0	190	0	138	0	0	110	260	0	0	140	0	0	0	0	2364	996	560	0	0	186	0	0	0	0	0	0	384	1884	88	6360	12116	3422	14950	660	1462	576	4002	104	0	2306	152	780	626	0	96	0	0	80	316	0	148	0	90	0	0	0	264	0	210	0	0	0	0	0	0	0	0	0	0	0	0	0	0	0	0	
174480	Frontal_Sup_Orb_L	0	0	10990	0	0	106	2222	0	10344	0	0	0	2024	0	17860	0	0	0	0	0	3786	966	3300	148	4876	116	7208	222	8848	0	1464	140	0	0	0	0	0	0	0	0	164	0	0	0	0	0	0	0	0	0	0	0	0	0	0	0	0	0	0	0	0	0	0	0	0	0	0	0	0	0	3108	818	6634	128	142	0	0	0	0	0	0	0	1626	0	0	0	0	0	0	0	0	0	0	0	0	0	0	0	0	0	0	0	0	0	0	0	0	0	0	0	0	0	0	0	0	0	
75280	Frontal_Sup_Orb_R	0	0	0	3802	106	0	0	672	0	3748	0	0	0	0	126	3564	0	0	0	0	358	4000	304	2832	0	4214	0	5192	96	2140	220	1082	0	0	0	0	0	0	0	0	0	0	0	0	0	0	0	0	0	0	0	0	0	0	0	0	0	0	0	0	0	0	0	0	0	0	0	0	0	0	580	2770	344	1490	0	0	0	0	0	0	0	0	0	0	0	0	0	0	0	0	0	0	0	0	0	0	0	0	0	0	0	0	0	0	0	0	0	0	0	0	0	0	0	0	0	0	
403164	Frontal_Mid_L	19592	498	59464	1624	2222	0	0	546	3384	0	11456	0	26376	0	5282	0	3778	0	17330	1334	0	0	11488	420	362	0	228	0	17858	0	2550	324	536	458	136	0	2130	0	470	0	0	0	0	0	0	0	0	0	0	0	202	0	0	0	326	0	1256	120	0	0	214	0	0	0	0	0	190	0	570	0	504	106	3102	0	0	0	1636	236	1146	0	1560	0	0	0	200	0	0	0	368	0	0	0	0	0	0	0	0	0	0	0	0	0	0	0	0	0	0	0	0	0	0	0	0	0	0	0	
221760	Frontal_Mid_R	1642	6984	1562	26338	0	672	546	0	0	1136	1266	8554	186	12968	0	1966	1440	700	2364	4012	0	0	280	1728	0	0	0	0	5158	2120	328	4712	0	2204	176	202	874	2248	0	642	0	0	0	0	0	0	0	156	0	108	166	0	0	0	0	692	1344	524	0	0	100	0	0	94	0	0	0	138	184	92	4964	440	3296	2598	848	0	398	648	180	0	818	0	84	0	0	0	0	0	0	0	0	0	0	0	0	0	0	0	0	0	0	0	0	0	0	0	0	0	0	0	0	0	0	0	0	0	
71780	Frontal_Mid_Orb_L	0	0	2222	0	10344	0	3384	0	0	0	0	0	1086	0	13620	0	0	0	0	0	160	0	0	0	276	0	1534	0	2516	0	0	0	0	0	0	0	0	0	0	0	0	0	0	0	0	0	0	0	0	0	0	0	0	0	0	0	0	0	0	0	0	0	0	0	0	0	0	0	0	0	0	0	522	0	0	0	0	0	0	0	0	0	226	0	0	0	0	0	0	0	0	0	0	0	0	0	0	0	0	0	0	0	0	0	0	0	0	0	0	0	0	0	0	0	0	0	
31612	Frontal_Mid_Orb_R	0	0	0	1530	0	3748	0	1136	0	0	0	0	0	178	0	6474	0	0	0	0	0	206	0	0	0	0	0	166	0	1722	0	0	0	0	0	0	0	0	0	0	0	0	0	0	0	0	0	0	0	0	0	0	0	0	0	0	0	0	0	0	0	0	0	0	0	0	0	0	0	0	0	172	0	474	0	0	0	0	0	0	0	0	0	0	0	0	0	0	0	0	0	0	0	0	0	0	0	0	0	0	0	0	0	0	0	0	0	0	0	0	0	0	0	0	0	0	
255056	Frontal_Inf_Oper_L	10566	80	12158	2998	0	0	11456	1266	0	0	0	354	12368	586	250	0	11736	0	10152	1954	0	0	584	108	0	0	0	0	22360	524	5470	2332	262	0	0	0	248	220	0	0	0	0	0	0	0	0	0	0	0	0	402	0	0	0	232	0	2636	0	202	0	504	0	0	0	324	0	418	0	420	0	3174	1168	1528	276	0	0	0	92	664	0	4692	0	2194	0	240	0	0	0	330	0	0	0	0	0	0	0	0	0	0	0	0	0	0	0	0	0	0	0	0	0	0	0	0	0	0	0	
210012	Frontal_Inf_Oper_R	0	7022	316	12498	0	0	0	8554	0	0	354	0	0	10470	0	472	184	4474	668	9702	0	0	424	778	0	0	0	0	1338	14796	758	5258	0	1090	0	0	610	2050	0	532	0	306	0	0	0	84	0	0	0	236	0	152	0	0	0	558	0	4096	0	0	0	342	0	352	0	0	0	84	78	230	2384	1788	2460	5596	560	0	180	1222	0	146	0	246	0	1558	0	0	0	0	0	0	0	0	0	0	0	0	0	0	0	0	0	0	0	0	0	0	0	0	0	0	0	0	0	0	0	0	
230088	Frontal_Inf_Tri_L	696	0	18372	112	2024	0	26376	186	1086	0	12368	0	0	0	7688	0	322	0	4532	0	0	0	3480	0	294	0	282	0	22192	0	7364	1006	370	0	0	0	0	0	0	0	0	0	0	0	0	0	0	0	0	0	0	0	0	0	0	0	0	0	0	0	0	0	0	0	0	0	0	0	0	0	1738	226	3992	0	0	0	0	0	0	0	94	0	244	0	0	0	0	0	0	0	0	0	0	0	0	0	0	0	0	0	0	0	0	0	0	0	0	0	0	0	0	0	0	0	0	0	
175628	Frontal_Inf_Tri_R	0	0	516	9070	0	0	0	12968	0	178	586	10470	0	0	0	1582	0	230	1050	4420	0	0	490	1870	0	0	0	0	948	14696	988	16584	0	1998	0	0	0	0	0	0	0	0	0	0	0	0	0	0	0	0	0	0	0	0	0	0	0	0	0	0	0	0	0	0	0	0	0	0	0	0	2214	4832	442	1438	0	0	0	136	0	0	0	0	0	108	0	0	0	0	0	0	0	0	0	0	0	0	0	0	0	0	0	0	0	0	0	0	0	0	0	0	0	0	0	0	0	0	
204868	Frontal_Inf_Orb_L	0	0	10146	0	17860	126	5282	0	13620	0	250	0	7688	0	0	0	0	0	0	0	5328	1520	472	0	570	134	2250	188	17562	0	926	296	0	0	0	0	308	0	108	0	562	0	0	0	0	0	0	0	0	0	0	0	0	0	0	0	0	0	0	0	0	0	0	0	0	0	0	0	0	0	4022	1342	7048	206	250	0	0	0	0	0	0	0	4370	0	0	0	0	0	0	0	0	0	0	0	0	0	0	0	0	0	0	0	0	0	0	0	0	0	0	0	0	0	0	0	0	0	
80744	Frontal_Inf_Orb_R	0	0	0	3416	0	3564	0	1966	0	6474	0	472	0	1582	0	0	0	118	0	0	0	2962	0	1386	0	136	0	1542	0	8720	0	1498	0	0	0	0	0	0	0	288	0	150	0	0	0	0	0	0	0	0	0	0	0	0	0	118	0	0	0	0	0	0	0	0	0	0	0	0	0	0	0	996	0	1382	0	0	0	0	0	0	0	1046	0	1744	0	416	0	396	0	0	0	0	0	0	0	0	0	0	0	0	0	0	0	0	0	0	0	0	0	0	0	0	0	0	0	0	
238016	Rolandic_Oper_L	9230	432	9264	3142	0	0	3778	1440	0	0	11736	184	322	0	0	0	0	0	7318	1812	0	0	0	0	0	0	0	0	24216	110	158	376	0	0	0	0	1160	0	78	0	0	0	198	0	0	0	0	0	104	0	1138	0	170	0	786	0	7948	278	114	0	964	0	1910	0	438	0	324	0	440	0	1138	320	1136	88	312	0	312	96	4274	0	13166	0	1650	0	3868	0	0	0	3080	0	0	0	0	0	0	0	0	0	0	0	0	0	0	0	0	0	0	0	0	0	0	0	0	0	0	0	
101096	Rolandic_Oper_R	0	1488	0	3286	0	0	0	700	0	0	0	4474	0	230	0	118	0	0	0	2588	0	0	0	0	0	0	0	0	174	11514	90	282	0	106	0	0	0	3012	0	1156	0	0	0	0	0	0	0	166	0	108	0	102	0	340	0	2308	84	4302	0	0	0	108	0	1654	0	0	0	100	0	0	334	224	282	4064	92	0	0	356	0	956	0	2518	0	2030	0	390	0	0	0	714	0	98	0	0	0	0	0	0	0	0	0	0	0	0	0	0	0	0	0	0	0	0	0	0	0	0	
615688	Supp_Motor_Area_L	15394	2338	70508	18852	0	0	17330	2364	0	0	10152	668	4532	1050	0	0	7318	0	0	35660	0	0	5826	1612	0	0	0	0	16156	690	7922	6382	6080	17354	1230	262	2022	516	0	0	0	0	0	0	82	0	0	0	0	0	190	0	0	0	312	0	1152	234	0	0	118	0	0	0	0	0	682	186	21048	604	5486	988	8432	566	2262	0	6986	462	498	0	4080	0	436	0	286	0	0	0	536	0	0	0	0	0	0	0	0	0	0	0	0	0	0	0	0	0	0	0	0	0	0	0	0	0	0	0	
673424	Supp_Motor_Area_R	5856	8104	13524	67514	0	0	1334	4012	0	0	1954	9702	0	4420	0	0	1812	2588	35660	0	0	0	1296	5432	0	0	0	0	4336	7810	2644	15782	4242	40192	1102	3882	262	5548	0	2138	0	190	0	872	0	350	0	694	0	298	0	358	0	552	176	2500	1222	2742	0	120	0	410	0	282	0	120	338	3798	16648	15414	3926	10510	2476	11324	492	1400	494	2550	0	0	1482	186	690	566	0	798	0	0	120	634	0	256	0	88	0	0	0	212	0	278	0	0	0	0	0	0	0	0	0	0	0	0	0	0	0	0	
101608	Olfactory_L	0	0	132	0	3786	358	0	0	160	0	0	0	0	0	5328	0	0	0	0	0	0	5852	0	0	980	1350	2632	1026	6250	0	2902	2214	0	0	0	0	384	0	490	0	1112	0	0	0	0	0	0	0	0	0	0	0	0	0	114	0	0	0	0	0	0	0	0	0	0	0	0	0	0	0	7172	3574	2492	120	358	0	0	0	0	0	0	0	2018	0	0	0	0	0	0	0	0	0	0	0	0	0	0	0	0	0	0	0	0	0	0	0	0	0	0	0	0	0	0	0	0	0	
136596	Olfactory_R	0	0	0	278	966	4000	0	0	0	206	0	0	0	0	1520	2962	0	0	0	0	5852	0	0	584	448	4008	2004	6438	778	3834	2838	4736	0	0	0	0	0	126	0	488	0	474	0	0	0	0	0	0	0	0	0	0	0	0	0	0	0	0	0	0	0	0	0	0	0	0	0	0	0	0	8980	9474	4972	1352	130	0	0	0	0	0	0	0	230	620	0	0	0	0	0	0	0	0	0	0	0	0	0	0	0	0	0	0	0	0	0	0	0	0	0	0	0	0	0	0	0	0	
276768	Frontal_Sup_Medial_L	0	0	37166	8254	3300	304	11488	280	0	0	584	424	3480	490	472	0	0	0	5826	1296	0	0	0	17072	2470	526	474	0	6342	790	14538	9462	2016	4002	0	0	0	0	0	0	0	0	0	0	0	0	0	0	0	0	0	0	0	0	0	0	0	0	0	0	0	0	0	0	0	0	0	0	0	0	1140	978	4176	1034	0	0	0	0	0	0	0	0	0	0	0	0	0	0	0	0	0	0	0	0	0	0	0	0	0	0	0	0	0	0	0	0	0	0	0	0	0	0	0	0	0	0	
239020	Frontal_Sup_Medial_R	0	0	2974	28400	148	2832	420	1728	0	0	108	778	0	1870	0	1386	0	0	1612	5432	0	584	17072	0	246	3296	0	470	294	2752	7886	23322	208	10040	0	0	0	0	0	0	0	0	0	0	0	0	0	0	0	0	0	0	0	0	0	0	0	0	0	0	0	0	0	0	0	0	0	0	0	0	410	2376	198	2668	0	0	0	0	0	0	0	0	0	0	0	0	0	0	0	0	0	0	0	0	0	0	0	0	0	0	0	0	0	0	0	0	0	0	0	0	0	0	0	0	0	0	
54252	Frontal_Med_Orb_L	0	0	2918	0	4876	0	362	0	276	0	0	0	294	0	570	0	0	0	0	0	980	448	2470	246	0	1390	3838	262	1232	0	3794	646	0	0	0	0	0	0	0	0	0	0	0	0	0	0	0	0	0	0	0	0	0	0	0	0	0	0	0	0	0	0	0	0	0	0	0	0	0	0	862	240	1422	0	0	0	0	0	0	0	0	0	0	0	0	0	0	0	0	0	0	0	0	0	0	0	0	0	0	0	0	0	0	0	0	0	0	0	0	0	0	0	0	0	0	0	
75120	Frontal_Med_Orb_R	0	0	0	2020	116	4214	0	0	0	0	0	0	0	0	134	136	0	0	0	0	1350	4008	526	3296	1390	0	682	5842	174	216	1832	5332	0	0	0	0	0	0	0	0	0	0	0	0	0	0	0	0	0	0	0	0	0	0	0	0	0	0	0	0	0	0	0	0	0	0	0	0	0	0	1240	2580	836	1636	0	0	0	0	0	0	0	0	0	0	0	0	0	0	0	0	0	0	0	0	0	0	0	0	0	0	0	0	0	0	0	0	0	0	0	0	0	0	0	0	0	0	
70148	Rectus_L	0	0	1198	0	7208	0	228	0	1534	0	0	0	282	0	2250	0	0	0	0	0	2632	2004	474	0	3838	682	0	1032	1204	0	3488	1488	0	0	0	0	0	0	0	0	0	0	0	0	0	0	0	0	0	0	0	0	0	0	0	0	0	0	0	0	0	0	0	0	0	0	0	0	0	0	3076	754	1382	130	0	0	0	0	0	0	0	0	190	0	0	0	0	0	0	0	0	0	0	0	0	0	0	0	0	0	0	0	0	0	0	0	0	0	0	0	0	0	0	0	0	0	
66052	Rectus_R	0	0	0	178	222	5192	0	0	0	166	0	0	0	0	188	1542	0	0	0	0	1026	6438	0	470	262	5842	1032	0	96	1358	496	2752	0	0	0	0	0	0	0	0	0	0	0	0	0	0	0	0	0	0	0	0	0	0	0	0	0	0	0	0	0	0	0	0	0	0	0	0	0	0	1530	2634	710	804	0	0	0	0	0	0	0	0	0	88	0	0	0	0	0	0	0	0	0	0	0	0	0	0	0	0	0	0	0	0	0	0	0	0	0	0	0	0	0	0	0	0	
727432	Insula_L	9090	2274	42826	7698	8848	96	17858	5158	2516	0	22360	1338	22192	948	17562	0	24216	174	16156	4336	6250	778	6342	294	1232	174	1204	96	0	1144	8802	3890	138	118	380	218	15226	862	3018	166	3180	0	252	0	0	0	116	0	122	0	1226	0	200	0	6226	182	3594	750	142	0	1728	204	1260	214	508	0	466	0	734	0	14378	2866	24852	1180	684	344	2346	1302	5826	0	15944	0	6478	0	3356	0	0	0	7078	0	0	0	0	0	0	0	0	0	0	0	0	0	0	0	0	0	0	0	0	0	0	0	0	0	0	0	
403324	Insula_R	0	3678	554	11074	0	2140	0	2120	0	1722	524	14796	0	14696	0	8720	110	11514	690	7810	0	3834	790	2752	0	216	0	1358	1144	0	1618	11650	0	1450	444	830	364	13674	100	4690	0	2562	0	234	0	178	0	680	0	130	0	142	0	120	0	6804	0	5372	0	0	0	122	0	1114	0	0	0	762	0	180	2652	5856	942	24970	0	0	0	2954	0	1770	0	5602	84	6552	0	3182	0	762	0	1500	0	462	0	0	0	0	0	270	0	422	0	0	0	0	0	0	0	0	0	220	0	0	0	0	0	0	
290596	Cingulum_Ant_L	294	0	15022	4542	1464	220	2550	328	0	0	5470	758	7364	988	926	0	158	90	7922	2644	2902	2838	14538	7886	3794	1832	3488	496	8802	1618	0	18458	2870	1156	0	0	0	194	0	0	0	0	0	0	0	0	0	0	0	0	0	0	0	0	0	0	102	0	0	0	0	0	0	0	0	0	0	0	0	0	8992	3440	8038	2636	94	0	96	94	0	0	0	0	194	0	0	0	0	0	0	0	0	0	0	0	0	0	0	0	0	0	0	0	0	0	0	0	0	0	0	0	0	0	0	0	0	0	
473672	Cingulum_Ant_R	110	348	2974	32044	140	1082	324	4712	0	0	2332	5258	1006	16584	296	1498	376	282	6382	15782	2214	4736	9462	23322	646	5332	1488	2752	3890	11650	18458	0	1180	13458	0	0	78	236	0	86	0	0	0	0	0	0	0	0	0	0	0	0	0	0	0	80	0	0	0	0	98	0	0	0	0	0	0	0	136	0	9130	22168	3462	9618	0	144	144	950	0	0	0	0	248	140	0	0	0	0	0	0	0	0	0	0	0	0	0	0	0	0	0	0	0	0	0	0	0	0	0	0	0	0	0	0	0	0	
97564	Cingulum_Mid_L	170	82	1458	1408	0	0	536	0	0	0	262	0	370	0	0	0	0	0	6080	4242	0	0	2016	208	0	0	0	0	138	0	2870	1180	0	8666	4580	908	0	0	0	0	0	0	330	0	1150	104	100	96	1710	0	960	0	0	0	0	0	250	0	894	0	0	0	0	0	0	0	4150	946	2608	310	0	0	0	0	0	0	0	0	0	0	0	0	0	0	0	0	0	0	0	0	0	0	0	0	0	0	0	0	0	0	0	0	0	0	0	0	0	0	0	0	0	0	0	0	0	0	
386372	Cingulum_Mid_R	1814	482	3294	17710	0	0	458	2204	0	0	0	1090	0	1998	0	0	0	106	17354	40192	0	0	4002	10040	0	0	0	0	118	1450	1156	13458	8666	0	2304	8674	0	1330	0	418	0	0	0	2356	0	1216	0	2132	0	866	0	786	0	1056	150	920	748	2674	0	142	0	154	0	88	0	156	1194	10558	9384	13342	624	1414	566	1798	270	0	0	0	0	0	0	120	0	0	0	1230	0	0	102	732	0	90	0	0	0	0	0	0	0	0	0	0	0	0	0	0	0	0	0	0	0	0	0	0	0	0	
144968	Cingulum_Post_L	468	984	224	286	0	0	136	176	0	0	0	0	0	0	0	0	0	0	1230	1102	0	0	0	0	0	0	0	0	380	444	0	0	4580	2304	0	10376	5914	4516	2644	1648	0	0	2082	226	2202	148	800	246	422	0	258	0	100	0	3086	1164	420	404	0	0	542	0	1478	0	0	0	7784	1808	1388	738	100	270	90	832	0	0	500	5284	322	0	268	0	0	0	220	0	0	0	1890	0	0	0	0	0	0	0	0	0	0	0	0	0	0	0	0	0	0	0	0	0	0	0	0	0	0	0	
167000	Cingulum_Post_R	114	878	176	538	0	0	0	202	0	0	0	0	0	0	0	0	0	0	262	3882	0	0	0	0	0	0	0	0	218	830	0	0	908	8674	10376	0	3154	8008	1502	2652	0	0	94	3098	212	1320	136	3558	0	610	0	290	0	200	924	2718	0	1078	0	0	0	0	0	0	0	150	1616	13724	716	4122	114	0	100	842	0	0	0	3550	172	0	0	0	0	0	0	0	0	0	788	310	0	176	0	0	0	0	0	0	0	116	0	0	0	0	0	0	0	0	0	0	392	0	0	0	0	0	
277304	Hippocampus_L	2578	1808	3686	502	0	0	2130	874	0	0	248	610	0	0	308	0	1160	0	2022	262	384	0	0	0	0	0	0	0	15226	364	0	78	0	0	5914	3154	0	2542	15836	1342	9070	0	1756	0	344	0	3998	196	0	0	396	0	112	0	14954	940	244	504	0	0	138	90	204	94	92	0	2944	0	1298	0	1020	540	6782	572	444	0	5472	6418	3188	0	3516	0	796	0	864	0	0	0	10100	0	0	0	0	0	152	0	272	0	114	0	0	0	0	0	0	0	0	0	0	0	0	0	0	0	0	0	
498468	Hippocampus_R	0	6998	590	6620	0	0	0	2248	0	0	220	2050	0	0	0	0	0	3012	516	5548	0	126	0	0	0	0	0	0	862	13674	194	236	0	1330	4516	8008	2542	0	1296	42728	0	13950	96	2432	0	430	468	9028	0	128	0	164	0	238	834	38686	0	4132	0	0	0	492	0	2256	0	0	382	8328	0	1920	1524	396	954	18278	0	1026	96	8654	0	1410	0	2578	0	1190	0	3158	0	344	758	6160	0	2794	92	1114	108	350	300	4076	0	3176	158	0	188	694	0	566	0	0	0	296	578	0	270	330	340	0	
126168	ParaHippocampal_L	168	342	492	0	0	0	470	0	0	0	0	0	0	0	108	0	78	0	0	0	490	0	0	0	0	0	0	0	3018	100	0	0	0	0	2644	1502	15836	1296	0	838	4456	88	670	0	172	0	3900	192	0	0	176	0	82	0	10976	534	0	0	0	0	0	0	0	0	0	0	1182	0	118	0	104	0	922	162	0	0	1070	2300	152	0	1218	0	356	0	242	0	160	0	4228	0	100	0	0	0	492	0	740	0	360	0	0	0	0	0	0	0	0	0	160	390	0	0	0	0	0	0	
345852	ParaHippocampal_R	0	866	82	2590	0	0	0	642	0	0	0	532	0	0	0	288	0	1156	0	2138	0	488	0	0	0	0	0	0	166	4690	0	86	0	418	1648	2652	1342	42728	838	0	0	12870	0	846	0	112	408	7558	0	0	0	104	0	382	402	35606	0	984	0	0	0	222	0	1052	0	0	190	3410	0	332	276	134	182	8360	0	786	78	2928	0	590	0	1534	0	2546	0	2052	0	1010	350	5488	0	2596	126	1262	102	910	336	5986	0	3354	202	96	240	1164	0	742	0	98	0	0	458	0	306	396	410	0	
51556	Amygdala_L	0	0	0	0	164	0	0	0	0	0	0	0	0	0	562	0	0	0	0	0	1112	0	0	0	0	0	0	0	3180	0	0	0	0	0	0	0	9070	0	4456	0	0	0	0	0	0	0	0	0	0	0	0	0	0	0	5114	0	0	0	0	0	0	0	0	0	0	0	0	0	0	0	150	0	674	0	0	0	0	0	0	0	0	0	764	0	0	0	0	0	532	0	0	0	0	0	0	0	0	0	0	0	0	0	0	0	0	0	0	0	0	0	0	0	0	0	0	0	
102200	Amygdala_R	0	0	0	190	0	0	0	0	0	0	0	306	0	0	0	150	0	0	0	190	0	474	0	0	0	0	0	0	0	2562	0	0	0	0	0	0	0	13950	88	12870	0	0	0	0	0	0	344	0	0	0	0	0	0	0	0	9002	0	0	0	0	0	0	0	0	0	0	0	0	0	0	0	0	0	4440	0	0	0	0	0	0	0	78	0	3170	0	236	0	528	0	682	0	228	0	0	0	0	180	994	0	340	0	0	0	98	0	0	0	0	0	0	0	0	0	0	0	0	
319064	Calcarine_L	614	0	0	0	0	0	0	0	0	0	0	0	0	0	0	0	198	0	0	0	0	0	0	0	0	0	0	0	252	0	0	0	330	0	2082	94	1756	96	670	0	0	0	0	7248	24180	5654	19696	2692	15980	2046	26252	708	9200	96	5486	470	3220	0	1306	0	2118	0	132	0	626	0	16162	652	1446	0	0	0	0	0	0	0	0	0	0	0	138	0	0	0	3416	0	0	0	3346	0	240	0	0	0	0	0	0	0	596	0	0	0	0	0	0	0	0	0	0	0	196	138	0	0	0	0	
406296	Calcarine_R	96	510	0	138	0	0	0	0	0	0	0	0	0	0	0	0	0	0	0	872	0	0	0	0	0	0	0	0	0	234	0	0	0	2356	226	3098	0	2432	0	846	0	0	7248	0	7706	36878	4300	25928	90	28724	0	17746	0	6826	0	7932	0	3540	0	1190	0	2886	0	524	0	3928	1774	24436	248	2596	0	0	0	0	0	0	0	0	0	88	0	126	0	0	0	2342	0	0	0	4296	0	450	0	0	0	0	0	0	0	338	0	0	0	0	0	0	0	0	0	0	200	0	0	0	0	0	
230828	Cuneus_L	330	0	0	0	0	0	0	0	0	0	0	0	0	0	0	0	0	0	82	0	0	0	0	0	0	0	0	0	0	0	0	0	1150	0	2202	212	344	0	172	0	0	0	24180	7706	0	9012	4296	2360	19178	780	9844	194	1064	312	1040	748	3414	0	2606	0	2050	0	0	0	222	0	16406	2144	1968	0	0	0	0	0	0	0	0	0	0	0	0	0	0	0	712	0	0	0	686	0	0	0	0	0	0	0	0	0	0	0	0	0	0	0	0	0	0	0	0	0	0	0	0	0	0	0	
375516	Cuneus_R	128	994	0	0	0	0	0	0	0	0	0	84	0	0	0	0	0	0	0	350	0	0	0	0	0	0	0	0	0	178	0	0	104	1216	148	1320	0	430	0	112	0	0	5654	36878	9012	0	2340	8932	150	45344	0	19440	0	1296	0	1116	116	4158	0	3340	0	3022	0	2402	0	5068	4328	26084	182	2766	0	0	0	0	0	0	0	0	0	80	0	172	0	0	0	360	0	0	0	290	0	0	0	0	0	0	0	0	0	0	0	0	0	0	0	0	0	0	0	0	164	0	0	0	0	0	
373144	Lingual_L	236	0	0	110	0	0	0	0	0	0	0	0	0	0	0	0	0	0	0	0	0	0	0	0	0	0	0	0	116	0	0	0	100	0	800	136	3998	468	3900	408	0	344	19696	4300	4296	2340	0	6112	4358	1368	11428	512	7374	224	22196	2398	760	0	0	0	312	0	0	0	172	0	8858	84	632	0	0	0	0	106	0	0	292	256	0	0	156	0	0	0	988	0	0	0	2402	0	11804	4536	852	100	226	186	11678	2134	21132	6542	154	0	228	166	0	78	0	0	0	268	3810	8110	2142	112	78	0	
476328	Lingual_R	88	340	0	260	0	0	0	156	0	0	0	0	0	0	0	0	0	166	0	694	0	0	0	0	0	0	0	0	0	680	0	0	96	2132	246	3558	196	9028	192	7558	0	0	2692	25928	2360	8932	6112	0	0	8112	0	9326	0	12380	1210	33806	0	1322	0	478	0	1978	0	402	0	3088	132	12870	200	1560	124	0	0	402	0	0	0	810	0	100	0	224	0	0	0	1586	0	0	0	5798	2652	11396	194	574	434	542	2522	10176	6072	14556	144	0	578	198	538	194	0	0	92	394	7002	10218	1816	322	228	0	
275072	Occipital_Sup_L	1318	0	0	0	0	0	0	0	0	0	0	0	0	0	0	0	104	0	0	0	0	0	0	0	0	0	0	0	122	0	0	0	1710	0	422	0	0	0	0	0	0	0	15980	90	19178	150	4358	0	0	0	37936	0	3252	0	540	0	2784	0	15204	0	3730	0	266	0	2714	0	18576	0	2212	0	0	0	0	0	0	0	0	0	0	0	0	0	0	0	3832	0	0	0	3058	0	0	0	0	0	0	0	0	0	0	0	0	0	0	0	0	0	0	0	0	0	0	0	0	0	0	0	
395208	Occipital_Sup_R	226	1438	0	0	0	0	0	108	0	0	0	236	0	0	0	0	0	108	0	298	0	0	0	0	0	0	0	0	0	130	0	0	0	866	0	610	0	128	0	0	0	0	2046	28724	780	45344	1368	8112	0	0	0	35158	0	2572	0	1226	210	6092	0	9712	0	5126	0	3532	0	9146	2640	25432	270	3814	136	0	100	0	0	0	0	0	0	108	0	222	0	0	0	1262	0	0	0	324	0	0	0	0	0	0	0	0	0	0	0	0	0	0	0	0	0	0	0	0	0	0	0	0	0	0	
539816	Occipital_Mid_L	7246	172	490	140	0	0	202	166	0	0	402	0	0	0	0	0	1138	0	190	0	0	0	0	0	0	0	0	0	1226	0	0	0	960	0	258	0	396	0	176	0	0	0	26252	0	9844	0	11428	0	37936	0	0	0	23926	0	6154	0	13100	0	16828	0	16324	0	1414	0	26964	0	21714	0	6044	0	0	0	0	0	0	0	0	0	0	0	700	0	0	0	24368	0	0	0	11994	0	0	0	0	0	0	0	80	0	874	0	0	0	0	0	0	0	0	0	0	0	436	366	0	0	0	0	
332624	Occipital_Mid_R	0	856	0	0	0	0	0	0	0	0	0	152	0	0	0	0	0	102	0	358	0	0	0	0	0	0	0	0	0	142	0	0	0	786	0	290	0	164	0	104	0	0	708	17746	194	19440	512	9326	0	35158	0	0	0	8976	0	3758	0	3158	0	5454	0	7006	0	5034	0	17258	158	8974	188	1582	0	0	0	0	0	0	0	0	0	186	0	550	0	0	0	13520	0	0	0	4258	0	132	0	0	0	0	0	0	0	82	0	0	0	0	0	0	0	0	0	0	0	0	0	0	0	0	
167624	Occipital_Inf_L	624	0	0	0	0	0	0	0	0	0	0	0	0	0	0	0	170	0	0	0	0	0	0	0	0	0	0	0	200	0	0	0	0	0	100	0	112	0	82	0	0	0	9200	0	1064	0	7374	0	3252	0	23926	0	0	0	9894	0	534	0	836	0	252	0	102	0	2146	0	3022	0	234	0	0	0	0	0	0	0	0	0	0	0	0	0	0	0	7158	0	0	0	10286	0	300	0	0	0	0	0	304	0	1510	0	0	0	0	0	0	0	0	0	0	0	604	526	0	0	0	0	
156436	Occipital_Inf_R	0	364	0	0	0	0	0	0	0	0	0	0	0	0	0	0	0	340	0	552	0	0	0	0	0	0	0	0	0	120	0	0	0	1056	0	200	0	238	0	382	0	0	96	6826	312	1296	224	12380	0	2572	0	8976	0	0	110	15322	0	1076	0	358	0	1968	0	538	0	1914	0	1742	202	1378	0	0	0	0	0	0	0	0	0	82	0	288	0	0	0	3596	0	0	0	9904	240	594	0	0	0	0	112	542	430	826	0	0	0	0	0	0	0	0	0	0	258	690	114	0	0	0	
458080	Fusiform_L	1242	282	368	0	0	0	326	0	0	0	232	0	0	0	0	0	786	0	312	176	114	0	0	0	0	0	0	0	6226	0	0	0	0	150	3086	924	14954	834	10976	402	5114	0	5486	0	1040	0	22196	1210	540	0	6154	0	9894	110	0	972	1198	164	222	0	1052	0	1416	0	570	0	4894	0	800	214	0	0	502	86	0	0	244	1064	1972	0	4884	0	1354	0	3008	0	1048	0	22496	0	23494	1976	4094	0	222	0	12208	524	30434	2716	1874	0	1112	0	0	0	0	0	0	78	2910	5046	1058	0	0	0	
659936	Fusiform_R	0	1896	0	2364	0	0	0	692	0	0	0	558	0	0	0	118	0	2308	0	2500	0	0	0	0	0	0	0	0	182	6804	0	80	0	920	1164	2718	940	38686	534	35606	0	9002	470	7932	748	1116	2398	33806	0	1226	0	3758	0	15322	972	0	0	2882	0	180	0	806	0	2264	0	814	80	6958	0	1422	356	116	244	8282	0	636	0	1750	0	1288	0	2786	0	7328	0	6762	0	2308	200	28354	1498	21540	258	1684	204	408	1598	12546	3228	21826	236	762	478	1258	300	338	0	0	0	182	4400	5042	780	382	384	0	
334064	Postcentral_L	26616	2854	2810	996	0	0	1256	1344	0	0	2636	0	0	0	0	0	7948	84	1152	1222	0	0	0	0	0	0	0	0	3594	0	102	0	250	748	420	0	244	0	0	0	0	0	3220	0	3414	116	760	0	2784	210	13100	0	534	0	1198	0	0	914	11096	0	26366	172	5342	182	7230	0	8668	302	14722	1046	118	0	0	0	0	0	0	0	2392	0	2538	0	0	0	3964	0	0	0	2368	0	0	0	0	0	0	0	0	0	0	0	0	0	0	0	0	0	0	0	0	0	0	0	0	0	0	0	
307144	Postcentral_R	1364	20906	226	560	0	0	120	524	0	0	0	4096	0	0	0	0	278	4302	234	2742	0	0	0	0	0	0	0	0	750	5372	0	0	0	2674	404	1078	504	4132	0	984	0	0	0	3540	0	4158	0	1322	0	6092	0	3158	0	1076	164	2882	914	0	0	8654	0	11888	0	15628	0	3190	310	13080	824	10658	1070	0	2056	2204	1320	172	272	1102	0	150	92	1582	0	0	0	3488	0	0	120	772	0	224	0	0	0	0	0	0	0	160	0	0	0	0	0	0	0	0	0	0	0	0	0	0	0	0	
191596	Parietal_Sup_L	852	0	0	0	0	0	0	0	0	0	202	0	0	0	0	0	114	0	0	0	0	0	0	0	0	0	0	0	142	0	0	0	894	0	0	0	0	0	0	0	0	0	1306	0	2606	0	0	0	15204	0	16828	0	836	0	222	0	11096	0	0	0	15166	0	740	0	4126	0	19472	120	3618	0	0	0	0	0	0	0	0	0	0	0	154	0	0	0	1114	0	0	0	986	0	0	0	0	0	0	0	0	0	0	0	0	0	0	0	0	0	0	0	0	0	0	0	0	0	0	0	
125080	Parietal_Sup_R	0	648	0	0	0	0	0	0	0	0	0	0	0	0	0	0	0	0	0	120	0	0	0	0	0	0	0	0	0	0	0	0	0	142	0	0	0	0	0	0	0	0	0	1190	0	3340	0	478	0	9712	0	5454	0	358	0	180	0	8654	0	0	0	8868	0	4822	0	5692	284	10972	0	762	0	0	0	0	0	0	0	0	0	134	0	218	0	0	0	370	0	0	0	142	0	0	0	0	0	0	0	0	0	0	0	0	0	0	0	0	0	0	0	0	0	0	0	0	0	0	
237388	Parietal_Inf_L	2474	362	264	186	0	0	214	100	0	0	504	0	0	0	0	0	964	0	118	0	0	0	0	0	0	0	0	0	1728	0	0	98	0	0	542	0	138	0	0	0	0	0	2118	0	2050	0	312	0	3730	0	16324	0	252	0	1052	0	26366	0	15166	0	0	0	7586	0	15406	0	7990	0	4850	0	0	276	0	0	0	0	0	144	146	0	1298	0	0	0	3172	0	0	0	2764	0	0	0	0	0	0	0	0	0	0	0	0	0	0	0	0	0	0	0	0	0	0	0	0	0	0	0	
196200	Parietal_Inf_R	178	1060	0	0	0	0	0	0	0	0	0	342	0	0	0	0	0	108	0	410	0	0	0	0	0	0	0	0	204	122	0	0	0	154	0	0	90	492	0	222	0	0	0	2886	0	3022	0	1978	0	5126	0	7006	0	1968	0	806	172	11888	0	8868	0	0	0	19438	0	19110	0	2228	0	546	268	0	258	280	118	0	132	250	0	184	0	1434	0	0	0	5352	0	0	0	1400	0	0	0	0	0	0	0	0	0	0	0	0	0	0	0	0	0	0	0	0	0	0	0	0	0	0	
79316	SupraMarginal_L	950	104	162	0	0	0	0	0	0	0	0	0	0	0	0	0	1910	0	0	0	0	0	0	0	0	0	0	0	1260	0	0	0	0	0	1478	0	204	0	0	0	0	0	132	0	0	0	0	0	266	0	1414	0	102	0	1416	0	5342	0	740	0	7586	0	0	0	3462	0	1310	0	464	0	0	0	0	0	0	0	0	0	392	0	4408	0	0	0	4290	0	0	0	2266	0	0	0	0	0	0	0	0	0	0	0	0	0	0	0	0	0	0	0	0	0	0	0	0	0	0	0	
181644	SupraMarginal_R	190	1984	0	0	0	0	0	94	0	0	0	352	0	0	0	0	0	1654	0	282	0	0	0	0	0	0	0	0	214	1114	0	0	0	88	0	0	94	2256	0	1052	0	0	0	524	0	2402	0	402	0	3532	0	5034	0	538	0	2264	182	15628	0	4822	0	19438	0	0	0	8864	0	2692	0	310	276	0	270	288	122	0	134	252	0	546	0	6886	0	0	0	4312	0	0	0	1730	0	0	0	0	0	0	0	0	0	0	0	0	0	0	0	0	0	0	0	0	0	0	0	0	0	0	
176616	Angular_L	1134	80	116	0	0	0	0	0	0	0	324	0	0	0	0	0	438	0	0	0	0	0	0	0	0	0	0	0	508	0	0	0	0	0	0	0	92	0	0	0	0	0	626	0	222	0	172	0	2714	0	26964	0	2146	0	570	0	7230	0	4126	0	15406	0	3462	0	0	0	4064	0	944	0	0	0	0	0	0	0	0	0	0	0	712	0	0	0	12834	0	0	0	3424	0	0	0	0	0	0	0	0	0	0	0	0	0	0	0	0	0	0	0	0	0	0	0	0	0	0	0	
188200	Angular_R	0	192	0	0	0	0	0	0	0	0	0	0	0	0	0	0	0	0	0	120	0	0	0	0	0	0	0	0	0	0	0	0	0	156	0	150	0	0	0	0	0	0	0	3928	0	5068	0	3088	0	9146	0	17258	0	1914	0	814	0	3190	0	5692	0	19110	0	8864	0	0	0	1502	0	402	0	0	0	0	0	0	0	0	0	0	0	2792	0	0	0	9524	0	0	0	1190	0	0	0	0	0	0	0	0	0	0	0	0	0	0	0	0	0	0	0	0	0	0	0	0	0	0	
375060	Precuneus_L	1538	128	96	0	0	0	190	0	0	0	418	0	0	0	0	0	324	0	682	338	0	0	0	0	0	0	0	0	466	0	0	0	4150	1194	7784	1616	2944	382	1182	190	0	0	16162	1774	16406	4328	8858	132	18576	2640	21714	158	3022	0	4894	80	8668	310	19472	284	7990	0	1310	0	4064	0	0	7386	6470	456	0	0	0	0	0	0	0	308	0	0	466	0	0	0	3786	0	0	0	3974	0	0	0	0	0	0	0	0	0	220	0	0	0	0	0	0	0	0	0	0	0	0	0	0	0	0	0	
425204	Precuneus_R	354	2610	0	384	0	0	0	138	0	0	0	84	0	0	0	0	0	100	186	3798	0	0	0	0	0	0	0	0	0	762	0	0	946	10558	1808	13724	0	8328	0	3410	0	0	652	24436	2144	26084	84	12870	0	25432	0	8974	0	1742	0	6958	302	13080	120	10972	0	2228	0	2692	0	1502	7386	0	1048	11482	144	0	0	132	0	0	0	240	0	144	0	240	0	0	0	416	0	0	0	1784	0	730	0	0	0	0	0	208	0	498	0	0	0	0	0	0	0	0	0	0	688	0	0	0	0	0	
302992	Paracentral_Lobule_L	19574	3302	3160	1884	0	0	570	184	0	0	420	78	0	0	0	0	440	0	21048	16648	0	0	0	0	0	0	0	0	734	0	0	136	2608	9384	1388	716	1298	0	118	0	0	0	1446	248	1968	182	632	200	2212	270	6044	188	234	202	800	0	14722	824	3618	0	4850	0	464	0	944	0	6470	1048	0	6384	884	336	1018	0	686	0	6036	376	88	0	302	0	0	0	1826	616	0	0	1576	112	0	0	0	0	0	0	0	0	0	0	0	0	0	0	0	0	0	0	0	0	0	0	0	0	0	0	
194588	Paracentral_Lobule_R	1480	7332	0	88	0	0	0	92	0	0	0	230	0	0	0	0	0	0	604	15414	0	0	0	0	0	0	0	0	0	180	0	0	310	13342	738	4122	0	1920	0	332	0	0	0	2596	0	2766	0	1560	0	3814	0	1582	0	1378	214	1422	1046	10658	0	762	0	546	0	310	0	402	456	11482	6384	0	0	0	0	0	0	0	0	0	0	0	0	190	0	0	0	2156	0	0	140	952	0	176	0	0	0	0	0	0	0	118	0	0	0	0	0	0	0	0	0	0	0	0	0	0	0	0	
363956	Caudate_L	842	3036	6016	6360	3108	580	504	4964	0	0	3174	2384	1738	2214	4022	0	1138	334	5486	3926	7172	8980	1140	410	862	1240	3076	1530	14378	2652	8992	9130	0	624	100	114	1020	1524	104	276	150	0	0	0	0	0	0	124	0	136	0	0	0	0	0	356	118	1070	0	0	0	268	0	276	0	0	0	144	884	0	0	15042	29006	3268	2632	688	10788	1312	0	0	1318	0	1248	0	0	0	0	0	0	0	0	0	0	0	0	0	0	0	0	0	0	0	0	0	0	0	0	0	0	0	0	0	0	0	0	0	
316052	Caudate_R	390	5950	828	12116	818	2770	106	440	0	172	1168	1788	226	4832	1342	996	320	224	988	10510	3574	9474	978	2376	240	2580	754	2634	2866	5856	3440	22168	0	1414	270	0	540	396	0	134	0	0	0	0	0	0	0	0	0	0	0	0	0	0	0	116	0	0	0	0	276	0	0	0	0	0	0	0	336	0	15042	0	6570	15420	302	2030	596	10916	84	0	100	0	300	260	0	0	0	0	0	0	0	0	0	0	0	0	0	0	0	0	0	0	0	0	0	0	0	0	0	0	0	0	0	0	0	0	
387704	Putamen_L	238	5714	22396	3422	6634	344	3102	3296	522	0	1528	2460	3992	442	7048	0	1136	282	8432	2476	2492	4972	4176	198	1422	836	1382	710	24852	942	8038	3462	0	566	90	100	6782	954	922	182	674	0	0	0	0	0	0	0	0	100	0	0	0	0	502	244	0	2056	0	0	0	258	0	270	0	0	0	0	1018	0	29006	6570	0	1406	9004	254	2800	522	0	0	1592	0	536	0	0	0	0	0	498	0	0	0	0	0	0	0	0	0	0	0	0	0	0	0	0	0	0	0	0	0	0	0	0	0	0	0	
353948	Putamen_R	0	2398	532	14950	128	1490	0	2598	0	474	276	5596	0	1438	206	1382	88	4064	566	11324	120	1352	1034	2668	0	1636	130	804	1180	24970	2636	9618	0	1798	832	842	572	18278	162	8360	0	4440	0	0	0	0	106	402	0	0	0	0	0	0	86	8282	0	2204	0	0	0	280	0	288	0	0	0	132	0	0	3268	15420	1406	0	0	2540	104	5110	0	0	78	1042	0	2012	0	946	0	472	80	1290	0	410	0	266	0	0	0	974	0	590	0	0	0	0	0	0	0	0	0	244	0	0	0	0	0	0	
59876	Pallidum_L	0	3110	2922	660	142	0	0	848	0	0	0	560	0	0	250	0	312	92	2262	492	358	130	0	0	0	0	0	0	684	0	94	0	0	270	0	0	444	0	0	0	0	0	0	0	0	0	0	0	0	0	0	0	0	0	0	0	0	1320	0	0	0	118	0	122	0	0	0	0	686	0	2632	302	9004	0	0	0	1640	118	0	0	266	0	100	0	0	0	0	0	0	0	0	0	0	0	0	0	0	0	0	0	0	0	0	0	0	0	0	0	0	0	0	0	0	0	0	0	
23480	Pallidum_R	0	168	0	1462	0	0	0	0	0	0	0	0	0	0	0	0	0	0	0	1400	0	0	0	0	0	0	0	0	344	0	0	144	0	0	0	0	0	1026	0	786	0	0	0	0	0	0	0	0	0	0	0	0	0	0	0	636	0	172	0	0	0	0	0	0	0	0	0	0	0	0	688	2030	254	2540	0	0	0	0	0	0	0	0	0	0	0	0	0	0	0	90	0	0	0	0	0	0	0	0	0	0	0	0	0	0	0	0	0	0	0	0	0	0	0	0	0	0	
115312	Thalamus_L	4932	1038	2034	576	0	0	1636	398	0	0	0	180	0	0	0	0	312	0	6986	494	0	0	0	0	0	0	0	0	2346	0	96	144	0	0	500	0	5472	96	1070	78	0	0	0	0	0	0	292	0	0	0	0	0	0	0	244	0	0	272	0	0	0	132	0	134	0	0	0	0	6036	0	10788	596	2800	104	1640	0	0	4594	814	0	326	0	0	0	80	0	0	0	416	0	0	0	0	0	0	0	0	0	0	0	0	0	0	0	0	0	0	0	0	0	0	0	0	0	0	0	
172036	Thalamus_R	520	9206	510	4002	0	0	236	648	0	0	92	1222	0	136	0	0	96	356	462	2550	0	0	0	0	0	0	0	0	1302	2954	94	950	0	0	5284	3550	6418	8654	2300	2928	0	0	0	0	0	0	256	810	0	0	0	0	0	0	1064	1750	0	1102	0	0	144	250	0	252	0	0	308	240	376	0	1312	10916	522	5110	118	0	4594	0	532	0	208	140	0	0	0	0	0	0	930	104	0	0	0	0	90	0	112	0	0	0	0	0	0	0	0	0	0	0	0	308	0	0	0	0	0	0	
69808	Heschl_L	1874	244	1496	104	0	0	1146	180	0	0	664	0	0	0	0	0	4274	0	498	0	0	0	0	0	0	0	0	0	5826	0	0	0	0	0	322	172	3188	0	152	0	0	0	0	0	0	0	0	0	0	0	0	0	0	0	1972	0	2392	0	0	0	146	0	392	0	0	0	0	0	88	0	0	84	0	0	0	0	814	532	0	0	4372	0	0	0	1586	0	0	0	2386	0	0	0	0	0	0	0	0	0	0	0	0	0	0	0	0	0	0	0	0	0	0	0	0	0	0	0	
24836	Heschl_R	0	216	0	0	0	0	0	0	0	0	0	146	0	0	0	0	0	956	0	0	0	0	0	0	0	0	0	0	0	1770	0	0	0	0	0	0	0	1410	0	590	0	0	0	88	0	80	0	100	0	108	0	186	0	82	0	1288	0	150	0	134	0	184	0	546	0	0	0	144	0	0	0	0	0	0	0	0	0	0	0	0	0	2780	0	98	0	616	0	0	0	436	0	170	0	0	0	0	0	0	0	140	0	0	0	0	0	0	0	0	0	0	0	0	0	0	0	0	
249348	Temporal_Sup_L	2860	330	4616	2306	0	0	1560	818	0	0	4692	0	94	0	0	0	13166	0	4080	1482	0	0	0	0	0	0	0	0	15944	0	0	0	0	0	268	0	3516	0	1218	0	0	0	138	0	0	0	156	0	0	0	700	0	0	0	4884	0	2538	92	154	0	1298	0	4408	0	712	0	466	0	302	0	1318	100	1592	78	266	0	326	208	4372	0	0	0	5266	0	20970	0	152	0	17140	0	0	0	0	0	0	0	0	0	88	0	0	0	0	0	0	0	0	0	0	0	0	0	0	0	0	0	
123332	Temporal_Sup_R	0	390	0	152	0	0	0	0	0	0	0	246	0	0	0	1046	0	2518	0	186	0	0	0	0	0	0	0	0	0	5602	0	0	0	120	0	0	0	2578	0	1534	0	78	0	126	0	172	0	224	0	222	0	550	0	288	0	2786	0	1582	0	218	0	1434	0	6886	0	2792	0	240	0	190	0	0	0	1042	0	0	0	140	0	2780	0	0	0	3708	0	16136	0	278	0	5422	0	0	0	0	0	0	0	0	0	0	0	0	0	0	0	0	0	0	0	0	0	0	0	0	0	0	
98004	Temporal_Pole_Sup_L	0	0	638	780	1626	0	0	84	226	0	2194	0	244	0	4370	0	1650	0	436	690	2018	230	0	0	0	0	190	0	6478	84	194	248	0	0	0	0	796	0	356	0	764	0	0	0	0	0	0	0	0	0	0	0	0	0	1354	0	0	0	0	0	0	0	0	0	0	0	0	0	0	0	1248	300	536	0	100	0	0	0	0	0	5266	0	0	0	7054	0	2626	0	6222	0	0	0	0	0	0	0	0	0	0	0	0	0	0	0	0	0	0	0	0	0	0	0	0	0	0	0	
99752	Temporal_Pole_Sup_R	0	0	0	626	0	0	0	0	0	0	0	1558	0	108	0	1744	0	2030	0	566	0	620	0	0	0	0	0	88	0	6552	0	140	0	0	0	0	0	1190	0	2546	0	3170	0	0	0	0	0	0	0	0	0	0	0	0	0	7328	0	0	0	0	0	0	0	0	0	0	0	0	0	0	0	260	0	2012	0	0	0	0	0	98	0	3708	0	0	0	4854	0	5538	0	5058	0	0	0	0	0	0	0	82	0	0	0	0	0	0	0	0	0	0	0	0	0	0	0	0	0	0	
328024	Temporal_Mid_L	4604	0	400	0	0	0	200	0	0	0	240	0	0	0	0	0	3868	0	286	0	0	0	0	0	0	0	0	0	3356	0	0	0	0	0	220	0	864	0	242	0	0	0	3416	0	712	0	988	0	3832	0	24368	0	7158	0	3008	0	3964	0	1114	0	3172	0	4290	0	12834	0	3786	0	1826	0	0	0	0	0	0	0	80	0	1586	0	20970	0	7054	0	0	0	2866	0	42708	0	0	0	0	0	0	0	0	0	0	0	0	0	0	0	0	0	0	0	0	0	0	0	0	0	0	0	
252688	Temporal_Mid_R	0	768	0	96	0	0	0	0	0	0	0	0	0	0	0	416	0	390	0	798	0	0	0	0	0	0	0	0	0	3182	0	0	0	1230	0	0	0	3158	0	2052	0	236	0	2342	0	360	0	1586	0	1262	0	13520	0	3596	0	6762	0	3488	0	370	0	5352	0	4312	0	9524	0	416	616	2156	0	0	0	946	0	0	0	0	0	616	0	16136	0	4854	0	0	0	2940	0	32468	0	166	0	0	0	0	0	78	0	152	0	0	0	0	0	0	0	0	0	0	0	0	0	0	0	0	
18368	Temporal_Pole_Mid_L	0	0	0	0	0	0	0	0	0	0	0	0	0	0	0	0	0	0	0	0	0	0	0	0	0	0	0	0	0	0	0	0	0	0	0	0	0	0	160	0	0	0	0	0	0	0	0	0	0	0	0	0	0	0	1048	0	0	0	0	0	0	0	0	0	0	0	0	0	0	0	0	0	0	0	0	0	0	0	0	0	152	0	2626	0	2866	0	0	0	2332	0	0	0	0	0	0	0	0	0	0	0	0	0	0	0	0	0	0	0	0	0	0	0	0	0	0	0	
37028	Temporal_Pole_Mid_R	0	0	0	0	0	0	0	0	0	0	0	0	0	0	0	396	0	0	0	0	0	0	0	0	0	0	0	0	0	762	0	0	0	0	0	0	0	344	0	1010	0	528	0	0	0	0	0	0	0	0	0	0	0	0	0	2308	0	0	0	0	0	0	0	0	0	0	0	0	0	0	0	0	0	472	0	0	0	0	0	0	0	278	0	5538	0	2940	0	0	0	3938	0	0	0	0	0	0	0	0	0	0	0	0	0	0	0	0	0	0	0	0	0	0	0	0	0	0	
362576	Temporal_Inf_L	2442	268	488	80	0	0	368	0	0	0	330	0	0	0	0	0	3080	0	536	120	0	0	0	0	0	0	0	0	7078	0	0	0	0	102	1890	788	10100	758	4228	350	532	0	3346	0	686	0	2402	0	3058	0	11994	0	10286	0	22496	200	2368	120	986	0	2764	0	2266	0	3424	0	3974	0	1576	140	0	0	498	80	0	0	416	930	2386	0	17140	0	6222	0	42708	0	2332	0	0	0	1348	0	566	0	0	0	356	0	584	0	98	0	0	0	0	0	0	0	0	0	0	0	0	0	0	0	
263304	Temporal_Inf_R	0	546	0	316	0	0	0	0	0	0	0	0	0	0	0	0	0	714	0	634	0	0	0	0	0	0	0	0	0	1500	0	0	0	732	0	310	0	6160	0	5488	0	682	0	4296	0	290	0	5798	0	324	0	4258	0	9904	0	28354	0	772	0	142	0	1400	0	1730	0	1190	0	1784	112	952	0	0	0	1290	0	90	0	104	0	436	0	5422	0	5058	0	32468	0	3938	0	0	0	2354	0	330	0	0	0	400	0	1234	0	140	0	0	0	0	0	0	0	0	0	0	0	0	0	0	
595380	Cerebelum_Crus1_L	0	0	0	0	0	0	0	0	0	0	0	0	0	0	0	0	0	0	0	0	0	0	0	0	0	0	0	0	0	0	0	0	0	0	0	0	0	0	100	0	0	0	240	0	0	0	11804	2652	0	0	0	0	300	240	23494	1498	0	0	0	0	0	0	0	0	0	0	0	0	0	0	0	0	0	0	0	0	0	0	0	0	0	0	0	0	0	0	0	0	1348	0	0	10268	43142	2354	2324	1568	31498	3938	63980	12816	17732	764	19680	1600	3240	692	704	0	918	1758	11212	14150	9492	884	866	434	
745952	Cerebelum_Crus1_R	0	192	0	148	0	0	0	0	0	0	0	0	0	0	0	0	0	98	0	256	0	0	0	0	0	0	0	0	0	462	0	0	0	90	0	176	0	2794	0	2596	0	228	0	450	0	0	4536	11396	0	0	0	132	0	594	1976	21540	0	224	0	0	0	0	0	0	0	0	0	730	0	176	0	0	0	410	0	0	0	0	0	170	0	0	0	0	0	166	0	0	0	2354	10268	0	3934	38992	1720	6310	9376	31534	9724	77124	2886	13788	5920	24892	2114	8010	0	350	1040	4862	17896	21440	15602	6464	5994	842	
469780	Cerebelum_Crus2_L	0	0	0	0	0	0	0	0	0	0	0	0	0	0	0	0	0	0	0	0	0	0	0	0	0	0	0	0	0	0	0	0	0	0	0	0	0	92	0	126	0	0	0	0	0	0	852	194	0	0	0	0	0	0	4094	258	0	0	0	0	0	0	0	0	0	0	0	0	0	0	0	0	0	0	0	0	0	0	0	0	0	0	0	0	0	0	0	0	566	0	43142	3934	0	15586	552	818	5740	1328	13238	3032	46542	6616	38936	12836	5694	1556	684	78	126	480	2072	1048	13538	7262	3630	240	
443876	Cerebelum_Crus2_R	0	0	0	90	0	0	0	0	0	0	0	0	0	0	0	0	0	0	0	88	0	0	0	0	0	0	0	0	0	0	0	0	0	0	0	0	0	1114	0	1262	0	0	0	0	0	0	100	574	0	0	0	0	0	0	0	1684	0	0	0	0	0	0	0	0	0	0	0	0	0	0	0	0	0	266	0	0	0	0	0	0	0	0	0	0	0	0	0	0	0	330	2354	38992	15586	0	488	1746	1850	3658	1144	12808	9656	35334	6312	43850	876	8560	0	648	142	782	1528	1882	16668	7854	3462	250	
71164	Cerebelum_3_L	0	0	0	0	0	0	0	0	0	0	0	0	0	0	0	0	0	0	0	0	0	0	0	0	0	0	0	0	0	0	0	0	0	0	0	0	152	108	492	102	0	0	0	0	0	0	226	434	0	0	0	0	0	0	222	204	0	0	0	0	0	0	0	0	0	0	0	0	0	0	0	0	0	0	0	0	0	90	0	0	0	0	0	0	0	0	0	0	0	0	2324	1720	552	488	0	1248	6502	1326	1772	2196	330	98	1776	628	502	520	0	0	1844	2918	2692	1522	1300	662	632	0	
149256	Cerebelum_3_R	0	0	0	0	0	0	0	0	0	0	0	0	0	0	0	0	0	0	0	0	0	0	0	0	0	0	0	0	0	0	0	0	0	0	0	0	0	350	0	910	0	0	0	0	0	0	186	542	0	0	0	0	0	0	0	408	0	0	0	0	0	0	0	0	0	0	0	0	0	0	0	0	0	0	0	0	0	0	0	0	0	0	0	0	0	0	0	0	0	0	1568	6310	818	1746	1248	0	4114	10344	1146	10418	862	544	2508	3444	918	3052	0	0	1112	6878	5946	1438	2186	2400	2734	498	
453080	Cerebelum_4_5_L	0	0	0	0	0	0	0	0	0	0	0	0	0	0	0	0	0	0	0	0	0	0	0	0	0	0	0	0	0	0	0	0	0	0	0	0	272	300	740	336	0	180	0	0	0	0	11678	2522	0	0	80	0	304	112	12208	1598	0	0	0	0	0	0	0	0	0	0	0	0	0	0	0	0	0	0	0	0	0	112	0	0	0	0	0	0	0	0	0	0	356	0	31498	9376	5740	1850	6502	4114	0	10426	42196	13172	4292	378	7462	2496	4154	2364	236	0	2096	5740	23454	7808	3878	2284	2474	1752	
428512	Cerebelum_4_5_R	0	0	0	264	0	0	0	0	0	0	0	0	0	0	0	0	0	0	0	212	0	0	0	0	0	0	0	0	0	270	0	0	0	0	0	0	0	4076	0	5986	0	994	0	0	0	0	2134	10176	0	0	0	0	0	542	524	12546	0	0	0	0	0	0	0	0	0	0	0	208	0	0	0	0	0	974	0	0	0	0	0	0	0	0	0	82	0	78	0	0	0	400	3938	31534	1328	3658	1326	10344	10426	0	5488	43336	1160	1076	3358	6226	1794	2852	82	0	180	6032	23258	7294	3818	2896	2892	494	
568664	Cerebelum_6_L	0	0	0	0	0	0	0	0	0	0	0	0	0	0	0	0	0	0	0	0	0	0	0	0	0	0	0	0	0	0	0	0	0	0	0	0	114	0	360	0	0	0	596	0	0	0	21132	6072	0	0	874	0	1510	430	30434	3228	0	0	0	0	0	0	0	0	0	0	220	0	0	0	0	0	0	0	0	0	0	0	0	0	88	0	0	0	0	0	0	0	584	0	63980	9724	13238	1144	1772	1146	42196	5488	0	14388	7122	308	6780	956	3036	872	896	0	996	1988	16628	18874	4828	872	942	516	
728996	Cerebelum_6_R	0	144	0	210	0	0	0	0	0	0	0	0	0	0	0	0	0	0	0	278	0	0	0	0	0	0	0	0	0	422	0	0	0	0	0	116	0	3176	0	3354	0	340	0	338	0	0	6542	14556	0	0	0	82	0	826	2716	21826	0	160	0	0	0	0	0	0	0	0	0	498	0	118	0	0	0	590	0	0	0	0	0	140	0	0	0	0	0	152	0	0	0	1234	12816	77124	3032	12808	2196	10418	13172	43336	14388	0	2072	3460	5636	10526	2510	5234	0	238	1584	7630	24184	27454	15124	5318	5420	1000	
448932	Cerebelum_7b_L	0	0	0	0	0	0	0	0	0	0	0	0	0	0	0	0	0	0	0	0	0	0	0	0	0	0	0	0	0	0	0	0	0	0	0	0	0	158	0	202	0	0	0	0	0	0	154	144	0	0	0	0	0	0	1874	236	0	0	0	0	0	0	0	0	0	0	0	0	0	0	0	0	0	0	0	0	0	0	0	0	0	0	0	0	0	0	0	0	98	0	17732	2886	46542	9656	330	862	4292	1160	7122	2072	0	5604	57238	16128	13722	3080	2220	106	210	716	1156	372	9058	13500	5602	234	
270752	Cerebelum_7b_R	0	0	0	0	0	0	0	0	0	0	0	0	0	0	0	0	0	0	0	0	0	0	0	0	0	0	0	0	0	0	0	0	0	0	0	0	0	0	0	96	0	0	0	0	0	0	0	0	0	0	0	0	0	0	0	762	0	0	0	0	0	0	0	0	0	0	0	0	0	0	0	0	0	0	0	0	0	0	0	0	0	0	0	0	0	0	0	0	0	140	764	13788	6616	35334	98	544	378	1076	308	3460	5604	0	4364	40894	90	9296	0	422	0	88	410	0	5126	5330	388	0	
508152	Cerebelum_8_L	0	0	0	0	0	0	0	0	0	0	0	0	0	0	0	0	0	0	0	0	0	0	0	0	0	0	0	0	0	0	0	0	0	0	0	0	0	188	0	240	0	0	0	0	0	0	228	578	0	0	0	0	0	0	1112	478	0	0	0	0	0	0	0	0	0	0	0	0	0	0	0	0	0	0	0	0	0	0	0	0	0	0	0	0	0	0	0	0	0	0	19680	5920	38936	6312	1776	2508	7462	3358	6780	5636	57238	4364	0	16200	21666	5596	3336	116	450	1620	3038	3290	8700	17246	8846	1178	
520996	Cerebelum_8_R	0	0	0	0	0	0	0	0	0	0	0	0	0	0	0	0	0	0	0	0	0	0	0	0	0	0	0	0	0	0	0	0	0	0	0	0	0	694	0	1164	0	98	0	0	0	0	166	198	0	0	0	0	0	0	0	1258	0	0	0	0	0	0	0	0	0	0	0	0	0	0	0	0	0	0	0	0	0	0	0	0	0	0	0	0	0	0	0	0	0	0	1600	24892	12836	43850	628	3444	2496	6226	956	10526	16128	40894	16200	0	2074	25816	146	1482	340	1944	2954	608	11880	17704	10344	952	
186132	Cerebelum_9_L	0	0	0	0	0	0	0	0	0	0	0	0	0	0	0	0	0	0	0	0	0	0	0	0	0	0	0	0	0	0	0	0	0	0	0	0	0	0	0	0	0	0	0	0	0	0	0	538	0	0	0	0	0	0	0	300	0	0	0	0	0	0	0	0	0	0	0	0	0	0	0	0	0	0	0	0	0	0	0	0	0	0	0	0	0	0	0	0	0	0	3240	2114	5694	876	502	918	4154	1794	3036	2510	13722	90	21666	2074	0	4422	4710	0	476	1444	2848	4044	2650	2960	4392	1892	
251544	Cerebelum_9_R	0	0	0	0	0	0	0	0	0	0	0	0	0	0	0	0	0	0	0	0	0	0	0	0	0	0	0	0	0	0	0	0	0	0	0	0	0	566	0	742	0	0	0	0	0	0	78	194	0	0	0	0	0	0	0	338	0	0	0	0	0	0	0	0	0	0	0	0	0	0	0	0	0	0	0	0	0	0	0	0	0	0	0	0	0	0	0	0	0	0	692	8010	1556	8560	520	3052	2364	2852	872	5234	3080	9296	5596	25816	4422	0	172	2056	898	3120	3804	2996	4058	8350	12938	3540	
27328	Cerebelum_10_L	0	0	0	0	0	0	0	0	0	0	0	0	0	0	0	0	0	0	0	0	0	0	0	0	0	0	0	0	0	0	0	0	0	0	0	0	0	0	0	0	0	0	0	0	0	0	0	0	0	0	0	0	0	0	0	0	0	0	0	0	0	0	0	0	0	0	0	0	0	0	0	0	0	0	0	0	0	0	0	0	0	0	0	0	0	0	0	0	0	0	704	0	684	0	0	0	236	82	896	0	2220	0	3336	146	4710	172	0	0	0	0	0	0	108	198	172	0	
13056	Cerebelum_10_R	0	0	0	0	0	0	0	0	0	0	0	0	0	0	0	0	0	0	0	0	0	0	0	0	0	0	0	0	0	0	0	0	0	0	0	0	0	0	0	98	0	0	0	0	0	0	0	0	0	0	0	0	0	0	0	0	0	0	0	0	0	0	0	0	0	0	0	0	0	0	0	0	0	0	0	0	0	0	0	0	0	0	0	0	0	0	0	0	0	0	0	350	78	648	0	0	0	0	0	238	106	422	116	1482	0	2056	0	0	0	0	0	0	148	352	434	0	
