data	data	543568	347220	802812	840532	139284	86040	556412	363860	61044	42612	332728	179212	365940	256664	195720	99776	284152	104420	595684	715888	122228	114144	347276	318420	39488	73604	76404	76356	855204	452100	352852	414700	154368	370428	194808	270652	348024	436344	128040	280296	64768	97052	408028	367704	217404	403200	353976	401552	297608	370864	668476	317700	238056	116240	674968	681316	421488	233028	225692	303712	252092	219716	144384	202004	145252	118208	393604	520484	368228	181500	477324	434496	392524	485428	62460	43320	202448	225284	130116	29704	272948	96488	119868	61080	377724	237960	29056	17440	411968	281016	528704	576500	301028	295208	103132	117760	366184	307796	497924	612540	226320	139212	274656	316684	107932	136628	16436	20232	124472	211432	283208	211000	182876	219856	150764	89840	
data	data	Precentral_L	Precentral_R	Frontal_Sup_L	Frontal_Sup_R	Frontal_Sup_Orb_L	Frontal_Sup_Orb_R	Frontal_Mid_L	Frontal_Mid_R	Frontal_Mid_Orb_L	Frontal_Mid_Orb_R	Frontal_Inf_Oper_L	Frontal_Inf_Oper_R	Frontal_Inf_Tri_L	Frontal_Inf_Tri_R	Frontal_Inf_Orb_L	Frontal_Inf_Orb_R	Rolandic_Oper_L	Rolandic_Oper_R	Supp_Motor_Area_L	Supp_Motor_Area_R	Olfactory_L	Olfactory_R	Frontal_Sup_Medial_L	Frontal_Sup_Medial_R	Frontal_Med_Orb_L	Frontal_Med_Orb_R	Rectus_L	Rectus_R	Insula_L	Insula_R	Cingulum_Ant_L	Cingulum_Ant_R	Cingulum_Mid_L	Cingulum_Mid_R	Cingulum_Post_L	Cingulum_Post_R	Hippocampus_L	Hippocampus_R	ParaHippocampal_L	ParaHippocampal_R	Amygdala_L	Amygdala_R	Calcarine_L	Calcarine_R	Cuneus_L	Cuneus_R	Lingual_L	Lingual_R	Occipital_Sup_L	Occipital_Sup_R	Occipital_Mid_L	Occipital_Mid_R	Occipital_Inf_L	Occipital_Inf_R	Fusiform_L	Fusiform_R	Postcentral_L	Postcentral_R	Parietal_Sup_L	Parietal_Sup_R	Parietal_Inf_L	Parietal_Inf_R	SupraMarginal_L	SupraMarginal_R	Angular_L	Angular_R	Precuneus_L	Precuneus_R	Paracentral_Lobule_L	Paracentral_Lobule_R	Caudate_L	Caudate_R	Putamen_L	Putamen_R	Pallidum_L	Pallidum_R	Thalamus_L	Thalamus_R	Heschl_L	Heschl_R	Temporal_Sup_L	Temporal_Sup_R	Temporal_Pole_Sup_L	Temporal_Pole_Sup_R	Temporal_Mid_L	Temporal_Mid_R	Temporal_Pole_Mid_L	Temporal_Pole_Mid_R	Temporal_Inf_L	Temporal_Inf_R	Cerebelum_Crus1_L	Cerebelum_Crus1_R	Cerebelum_Crus2_L	Cerebelum_Crus2_R	Cerebelum_3_L	Cerebelum_3_R	Cerebelum_4_5_L	Cerebelum_4_5_R	Cerebelum_6_L	Cerebelum_6_R	Cerebelum_7b_L	Cerebelum_7b_R	Cerebelum_8_L	Cerebelum_8_R	Cerebelum_9_L	Cerebelum_9_R	Cerebelum_10_L	Cerebelum_10_R	Vermis_1_2	Vermis_3	Vermis_4_5	Vermis_6	Vermis_7	Vermis_8	Vermis_9	Vermis_10	
543568	Precentral_L	0	9618	22420	3792	0	0	27174	2670	0	0	13594	116	3584	372	146	0	12936	0	10540	6708	0	0	178	0	0	0	0	0	15944	460	466	416	106	754	690	802	5506	378	178	0	80	0	272	0	0	0	0	0	0	0	1026	0	166	0	2082	130	40654	2036	762	1484	5874	1728	2738	1978	1138	0	360	132	18956	1358	6098	2480	13832	632	5054	122	5368	2328	4388	0	4600	0	220	0	1650	0	0	0	2440	0	70	0	0	0	0	0	0	0	0	0	0	0	0	0	0	0	0	0	0	0	0	0	0	0	0	0	
347220	Precentral_R	9618	0	1038	14578	0	0	874	14820	0	0	136	4914	148	278	0	98	128	1834	1178	6878	0	0	0	0	0	0	0	0	760	6022	104	82	0	1064	2074	3340	1890	9070	324	1278	0	0	0	730	0	280	0	256	0	282	72	244	0	0	328	3000	5632	12954	0	928	194	2042	84	1892	0	240	322	1724	6214	5446	2266	9382	722	2290	268	692	2940	20470	226	194	92	508	0	0	0	2644	0	0	194	5108	0	222	0	0	0	0	0	0	0	0	0	0	0	0	0	0	0	0	0	0	0	0	0	0	0	0	
802812	Frontal_Sup_L	22420	1038	0	16438	8980	212	65982	3132	1380	0	18358	186	20914	1154	8766	134	9238	0	45588	11400	1178	0	38476	13384	598	564	342	0	32436	742	13470	10136	3992	6952	0	0	2034	0	164	0	148	0	0	0	0	0	0	0	0	0	0	0	0	0	1500	0	4602	136	0	0	398	0	750	0	0	0	0	0	1144	0	9864	440	12452	212	2392	0	438	0	852	0	2976	0	1900	0	132	0	0	0	1282	0	0	0	0	0	0	0	0	0	0	0	0	0	0	0	0	0	0	0	0	0	0	0	0	0	0	0	
840532	Frontal_Sup_R	3792	14578	16438	0	278	3952	5724	41178	0	1130	794	8626	796	14676	140	4768	566	9142	23466	63136	0	326	12946	36484	106	3098	0	1074	2080	16240	4968	23188	2782	12194	652	924	588	6054	102	1534	0	312	0	78	0	0	0	312	0	0	0	106	0	0	96	3302	1586	2854	0	990	68	1654	0	1632	0	0	0	742	1932	72	8398	16440	1172	24968	554	2942	2198	6822	0	856	224	336	144	196	0	200	0	0	76	410	0	0	0	0	0	0	0	0	0	74	0	0	0	0	0	0	0	0	0	0	0	0	0	0	0	0	
139284	Frontal_Sup_Orb_L	0	0	8980	278	0	80	968	0	8728	0	536	0	1342	0	12046	0	0	0	222	216	3890	226	5728	642	2730	0	4928	116	7380	0	3006	1228	0	238	0	0	0	0	226	0	386	0	0	0	0	0	0	0	0	0	0	0	0	0	0	0	0	0	0	0	0	0	0	0	0	0	0	0	0	0	1476	74	2926	0	0	0	0	0	0	0	0	0	1046	0	0	0	0	0	0	0	0	0	0	0	0	0	0	0	0	0	0	0	0	0	0	0	0	0	0	0	0	0	0	0	0	0	
86040	Frontal_Sup_Orb_R	0	0	212	3952	80	0	0	1044	0	7346	0	0	0	0	0	2646	0	0	0	204	722	1914	402	2540	204	6508	370	6092	0	224	494	320	0	0	0	0	0	0	0	0	0	0	0	0	0	0	0	0	0	0	0	0	0	0	0	0	0	0	0	0	0	0	0	0	0	0	0	0	0	0	976	1110	578	5082	0	0	0	0	0	0	0	0	0	0	0	0	0	0	0	0	0	0	0	0	0	0	0	0	0	0	0	0	0	0	0	0	0	0	0	0	0	0	0	0	0	0	
556412	Frontal_Mid_L	27174	874	65982	5724	968	0	0	876	1902	0	18228	0	35208	486	7318	0	5412	0	17896	2968	380	0	13604	4596	0	0	0	0	26526	338	6582	3022	2524	4122	0	0	1290	0	100	0	72	0	0	0	0	0	0	0	0	0	0	0	0	0	872	0	5554	244	0	78	450	90	558	96	0	0	0	0	182	0	2664	224	5646	98	558	0	892	0	1770	0	2752	0	388	0	154	0	0	0	764	0	0	0	0	0	0	0	0	0	0	0	0	0	0	0	0	0	0	0	0	0	0	0	0	0	0	0	
363860	Frontal_Mid_R	2670	14820	3132	41178	0	1044	876	0	0	2012	208	9936	284	16904	76	5424	296	1160	2546	5158	0	70	764	4128	0	0	0	0	1456	12340	848	2230	138	740	278	524	452	1254	0	238	0	220	0	468	0	148	0	234	0	138	0	170	0	0	160	1436	1576	1888	0	880	0	1274	0	1120	0	106	0	1100	510	224	6064	9906	702	10438	408	568	1930	1618	156	72	182	204	0	0	0	1638	0	0	136	2958	0	114	0	0	0	0	0	0	0	0	0	0	0	0	0	0	0	0	0	0	0	0	0	0	0	0	
61044	Frontal_Mid_Orb_L	0	0	1380	0	8728	0	1902	0	0	0	0	0	1506	0	10390	0	0	0	0	0	856	108	338	0	84	0	1162	70	2236	0	96	0	0	0	0	0	0	0	0	0	86	0	0	0	0	0	0	0	0	0	0	0	0	0	0	0	0	0	0	0	0	0	0	0	0	0	0	0	0	0	200	0	1114	0	0	0	0	0	0	0	0	0	266	0	0	0	0	0	0	0	0	0	0	0	0	0	0	0	0	0	0	0	0	0	0	0	0	0	0	0	0	0	0	0	0	0	
42612	Frontal_Mid_Orb_R	0	0	0	1130	0	7346	0	2012	0	0	0	0	0	328	0	5098	0	0	0	88	162	362	0	76	0	542	68	1342	0	362	0	0	0	0	0	0	0	0	0	0	0	0	0	0	0	0	0	0	0	0	0	0	0	0	0	0	0	0	0	0	0	0	0	0	0	0	0	0	0	0	198	266	128	1798	0	0	0	0	0	0	0	0	0	0	0	0	0	0	0	0	0	0	0	0	0	0	0	0	0	0	0	0	0	0	0	0	0	0	0	0	0	0	0	0	0	0	
332728	Frontal_Inf_Oper_L	13594	136	18358	794	536	0	18228	208	0	0	0	0	26492	0	1838	0	11132	0	10192	844	166	0	1508	118	92	0	0	0	32992	0	4410	682	88	90	0	0	310	0	0	0	0	0	0	0	0	0	0	0	0	0	94	0	0	0	344	0	5074	0	0	0	184	0	134	0	0	0	0	0	234	0	3954	118	6194	0	130	0	148	0	1496	0	3126	0	1836	0	220	0	0	0	270	0	0	0	0	0	0	0	0	0	0	0	0	0	0	0	0	0	0	0	0	0	0	0	0	0	0	0	
179212	Frontal_Inf_Oper_R	116	4914	186	8626	0	0	0	9936	0	0	0	0	104	11072	0	0	0	4874	712	7966	0	0	0	176	0	0	0	0	204	14958	278	654	0	0	0	0	0	1744	0	890	0	0	0	0	0	0	0	0	0	0	0	0	0	0	0	1440	120	2308	0	0	0	0	0	0	0	0	0	248	0	0	1096	3928	322	10168	0	538	244	664	0	156	0	168	0	228	0	270	0	0	0	298	0	0	0	0	0	0	0	0	0	0	0	0	0	0	0	0	0	0	0	0	0	0	0	0	0	0	
365940	Frontal_Inf_Tri_L	3584	148	20914	796	1342	0	35208	284	1506	0	26492	104	0	380	14372	0	1304	0	6082	1078	190	0	2504	376	202	0	0	0	40538	376	7982	1724	196	346	0	0	230	0	0	0	0	0	0	0	0	0	0	0	0	0	0	0	0	0	184	0	468	70	0	0	0	0	0	0	0	0	0	0	0	0	4960	408	7018	144	178	0	122	0	92	0	412	0	492	0	0	0	0	0	164	0	0	0	0	0	0	0	0	0	0	0	0	0	0	0	0	0	0	0	0	0	0	0	0	0	0	0	
256664	Frontal_Inf_Tri_R	372	278	1154	14676	0	0	486	16904	0	328	0	11072	380	0	178	6808	0	208	2312	9356	0	0	1072	5586	0	0	0	0	510	22590	780	3604	70	2600	0	0	0	590	0	392	0	0	0	0	0	0	0	0	0	0	0	0	0	0	0	452	240	94	0	0	0	0	0	0	0	0	0	0	136	0	4196	9436	626	9524	0	80	574	668	0	0	0	0	0	0	0	0	0	0	0	0	0	0	0	0	0	0	0	0	0	0	0	0	0	0	0	0	0	0	0	0	0	0	0	0	0	0	
195720	Frontal_Inf_Orb_L	146	0	8766	140	12046	0	7318	76	10390	0	1838	0	14372	178	0	0	0	0	522	86	3438	160	2194	484	216	0	1430	90	15750	188	3156	1026	0	198	0	0	362	0	320	0	548	0	0	0	0	0	0	0	0	0	0	0	0	0	218	0	0	0	0	0	0	0	0	0	0	0	0	0	0	0	3090	276	5664	0	0	0	0	0	0	0	0	0	2858	0	80	0	152	0	84	0	0	0	0	0	0	0	0	0	0	0	0	0	0	0	0	0	0	0	0	0	0	0	0	0	0	0	
99776	Frontal_Inf_Orb_R	0	98	134	4768	0	2646	0	5424	0	5098	0	0	0	6808	0	0	0	0	88	1284	88	1758	210	462	0	0	0	404	0	8584	324	992	0	160	0	0	0	244	0	136	0	918	0	0	0	0	0	0	0	0	0	0	0	0	0	78	0	0	0	0	0	0	0	0	0	0	0	0	0	0	418	3064	0	4810	0	0	146	352	0	0	0	0	0	278	0	114	0	0	0	0	0	0	0	0	0	0	0	0	0	0	0	0	0	0	0	0	0	0	0	0	0	0	0	0	0	0	
284152	Rolandic_Oper_L	12936	128	9238	566	0	0	5412	296	0	0	11132	0	1304	0	0	0	0	0	7770	558	0	0	0	0	0	0	0	0	22950	0	0	0	0	0	590	356	536	0	0	0	0	0	812	0	126	0	0	0	0	0	4210	0	386	0	1804	0	12688	218	1664	256	5114	258	5312	264	3528	0	464	0	1806	0	1452	228	334	0	0	0	304	0	7522	0	12276	0	1674	0	4218	0	0	0	1386	0	0	0	0	0	0	0	0	0	0	0	0	0	0	0	0	0	0	0	0	0	0	0	0	0	0	0	
104420	Rolandic_Oper_R	0	1834	0	9142	0	0	0	1160	0	0	0	4874	0	208	0	0	0	0	234	8714	0	0	0	0	0	0	0	0	106	10384	0	0	0	104	0	0	0	402	0	90	0	0	0	0	0	0	0	0	0	0	0	0	0	0	0	470	0	2708	0	0	0	224	0	2060	0	82	0	240	0	118	120	900	76	1806	0	0	108	174	0	2820	0	2432	0	436	0	74	0	0	0	110	0	0	0	0	0	0	0	0	0	0	0	0	0	0	0	0	0	0	0	0	0	0	0	0	0	0	
595684	Supp_Motor_Area_L	10540	1178	45588	23466	222	0	17896	2546	0	0	10192	712	6082	2312	522	88	7770	234	0	45100	0	0	7996	4498	0	0	0	0	18184	1002	4290	6720	10022	14124	764	724	1558	212	108	0	76	0	0	0	0	0	0	0	0	0	122	0	0	0	1026	110	1786	154	172	0	806	0	514	0	410	0	384	208	22308	1112	5852	1016	8568	1514	706	526	610	170	544	0	2330	0	1168	0	176	0	0	0	824	0	0	0	0	0	0	0	0	0	0	0	0	0	0	0	0	0	0	0	0	0	0	0	0	0	0	0	
715888	Supp_Motor_Area_R	6708	6878	11400	63136	216	204	2968	5158	0	88	844	7966	1078	9356	86	1284	558	8714	45100	0	0	0	1146	5896	0	0	0	380	2098	10994	2238	10300	9194	31460	2512	4178	186	3282	0	1742	0	0	270	192	0	354	84	88	0	356	460	112	126	0	260	2488	2742	2260	0	508	106	770	0	938	0	0	1222	1676	25730	18594	5324	11782	554	15080	72	1582	938	2766	82	808	240	468	142	150	184	386	0	0	94	540	0	0	0	0	0	0	0	0	0	68	0	0	0	0	0	0	0	0	0	0	0	0	0	0	0	0	
122228	Olfactory_L	0	0	1178	0	3890	722	380	0	856	162	166	0	190	0	3438	88	0	0	0	0	0	6024	362	0	1358	626	6548	2354	5394	0	4758	3466	0	0	0	0	510	0	1044	0	1774	0	0	0	0	0	0	0	0	0	0	0	0	0	262	0	0	0	0	0	0	0	0	0	0	0	0	0	0	0	7480	1942	3730	888	0	0	0	0	0	0	0	0	1524	0	0	0	0	0	0	0	0	0	0	0	0	0	0	0	0	0	0	0	0	0	0	0	0	0	0	0	0	0	0	0	0	0	
114144	Olfactory_R	0	0	0	326	226	1914	0	70	108	362	0	0	0	0	160	1758	0	0	0	0	6024	0	0	0	426	1508	3296	5754	212	3362	3468	4352	0	0	0	0	0	404	0	168	152	1408	0	0	0	0	0	0	0	0	0	0	0	0	0	0	0	0	0	0	0	0	0	0	0	0	0	0	0	0	8188	4768	5016	2326	0	204	0	0	0	0	0	0	138	658	0	316	0	0	0	0	0	0	0	0	0	0	0	0	0	0	0	0	0	0	0	0	0	0	0	0	0	0	0	0	0	0	
347276	Frontal_Sup_Medial_L	178	0	38476	12946	5728	402	13604	764	338	0	1508	0	2504	1072	2194	210	0	0	7996	1146	362	0	0	23028	2142	1222	596	0	4052	638	18894	16060	4502	10020	0	0	0	0	0	0	0	0	0	0	0	0	0	0	0	0	0	0	0	0	0	0	0	0	0	0	0	0	0	0	0	0	0	0	0	0	688	170	1808	168	0	0	0	0	0	0	0	0	222	0	0	0	0	0	0	0	0	0	0	0	0	0	0	0	0	0	0	0	0	0	0	0	0	0	0	0	0	0	0	0	0	0	
318420	Frontal_Sup_Medial_R	0	0	13384	36484	642	2540	4596	4128	0	76	118	176	376	5586	484	462	0	0	4498	5896	0	0	23028	0	514	4696	0	494	716	2544	6964	21440	946	11746	0	0	0	144	0	104	0	0	0	0	0	0	0	0	0	0	0	0	0	0	0	68	0	0	0	0	0	0	0	0	0	0	0	0	0	0	234	1192	310	4624	0	0	0	0	0	0	0	0	0	0	0	0	0	0	0	0	0	0	0	0	0	0	0	0	0	0	0	0	0	0	0	0	0	0	0	0	0	0	0	0	0	0	
39488	Frontal_Med_Orb_L	0	0	598	106	2730	204	0	0	84	0	92	0	202	0	216	0	0	0	0	0	1358	426	2142	514	0	1012	2698	264	296	0	4288	1014	0	0	0	0	0	0	0	0	0	0	0	0	0	0	0	0	0	0	0	0	0	0	0	0	0	0	0	0	0	0	0	0	0	0	0	0	0	0	1026	126	246	102	0	0	0	0	0	0	0	0	0	0	0	0	0	0	0	0	0	0	0	0	0	0	0	0	0	0	0	0	0	0	0	0	0	0	0	0	0	0	0	0	0	0	
73604	Frontal_Med_Orb_R	0	0	564	3098	0	6508	0	0	0	542	0	0	0	0	0	0	0	0	0	0	626	1508	1222	4696	1012	0	304	5442	0	0	1970	3294	0	0	0	0	0	0	0	0	0	0	0	0	0	0	0	0	0	0	0	0	0	0	0	0	0	0	0	0	0	0	0	0	0	0	0	0	0	0	482	1280	286	3968	0	0	0	0	0	0	0	0	0	0	0	0	0	0	0	0	0	0	0	0	0	0	0	0	0	0	0	0	0	0	0	0	0	0	0	0	0	0	0	0	0	0	
76404	Rectus_L	0	0	342	0	4928	370	0	0	1162	68	0	0	0	0	1430	0	0	0	0	0	6548	3296	596	0	2698	304	0	1316	794	0	5210	2708	0	0	0	0	0	0	0	0	406	0	0	0	0	0	0	0	0	0	0	0	0	0	0	0	0	0	0	0	0	0	0	0	0	0	0	0	0	0	3984	628	866	222	0	0	0	0	0	0	0	0	326	0	0	0	0	0	0	0	0	0	0	0	0	0	0	0	0	0	0	0	0	0	0	0	0	0	0	0	0	0	0	0	0	0	
76356	Rectus_R	0	0	0	1074	116	6092	0	0	70	1342	0	0	0	0	90	404	0	0	0	380	2354	5754	0	494	264	5442	1316	0	104	348	1302	2914	0	0	0	0	0	0	0	0	70	72	0	0	0	0	0	0	0	0	0	0	0	0	0	0	0	0	0	0	0	0	0	0	0	0	0	0	0	0	2608	1688	1574	2236	0	0	0	0	0	0	0	0	70	0	0	0	0	0	0	0	0	0	0	0	0	0	0	0	0	0	0	0	0	0	0	0	0	0	0	0	0	0	0	0	0	0	
855204	Insula_L	15944	760	32436	2080	7380	0	26526	1456	2236	0	32992	204	40538	510	15750	0	22950	106	18184	2098	5394	212	4052	716	296	0	794	104	0	548	10712	2728	158	516	714	556	17022	142	2418	0	3848	0	870	0	148	0	108	0	0	0	2754	0	576	0	14894	0	7278	274	1094	470	3942	502	2534	502	1980	0	514	0	2844	0	14454	1472	26068	244	244	0	5008	258	12878	0	16612	0	10024	0	7194	0	198	0	15952	0	806	0	296	0	390	0	498	0	642	0	0	0	0	0	0	0	0	0	0	0	0	0	0	0	0	0	
452100	Insula_R	460	6022	742	16240	0	224	338	12340	0	362	0	14958	376	22590	188	8584	0	10384	1002	10994	0	3362	638	2544	0	0	0	348	548	0	962	4220	0	952	186	408	140	11504	0	4256	0	3300	0	882	0	206	0	592	0	204	0	424	0	0	0	10720	332	1574	0	184	0	284	0	408	0	84	0	2534	140	230	4410	10494	784	27318	0	246	428	1180	0	2866	0	6252	0	1834	0	5382	0	0	0	6308	0	158	0	0	0	0	0	88	0	332	0	0	0	0	0	0	0	0	0	0	0	0	0	0	0	0	
352852	Cingulum_Ant_L	466	104	13470	4968	3006	494	6582	848	96	0	4410	278	7982	780	3156	324	0	0	4290	2238	4758	3468	18894	6964	4288	1970	5210	1302	10712	962	0	27962	3726	4362	0	0	0	0	0	0	150	0	0	0	0	0	0	0	0	0	0	0	0	0	0	0	114	0	0	90	0	126	0	124	0	0	0	0	76	0	12504	3552	9668	1774	0	0	0	0	0	0	0	0	178	0	0	0	0	0	0	0	0	0	0	0	0	0	0	0	0	0	0	0	0	0	0	0	0	0	0	0	0	0	0	0	0	0	
414700	Cingulum_Ant_R	416	82	10136	23188	1228	320	3022	2230	0	0	682	654	1724	3604	1026	992	0	0	6720	10300	3466	4352	16060	21440	1014	3294	2708	2914	2728	4220	27962	0	3818	15438	0	0	0	162	0	108	0	0	0	0	0	0	0	0	0	0	0	0	0	0	0	80	172	174	0	200	0	258	0	254	0	0	0	0	158	0	7296	9332	5022	8170	0	0	0	98	0	0	0	0	128	0	0	0	0	0	0	0	0	0	0	0	0	0	0	0	0	0	0	0	0	0	0	0	0	0	0	0	0	0	0	0	0	0	
154368	Cingulum_Mid_L	106	0	3992	2782	0	0	2524	138	0	0	88	0	196	70	0	0	0	0	10022	9194	0	0	4502	946	0	0	0	0	158	0	3726	3818	0	15476	2084	496	0	0	0	0	0	0	688	0	358	0	110	0	834	0	856	0	502	0	648	0	100	0	0	0	0	0	0	0	0	0	5082	788	5832	684	0	0	0	0	0	0	260	0	0	0	0	0	0	0	124	0	0	0	0	0	0	0	0	0	0	0	0	0	0	0	0	0	0	0	0	0	0	0	0	0	0	0	0	0	0	0	
370428	Cingulum_Mid_R	754	1064	6952	12194	238	0	4122	740	0	0	90	0	346	2600	198	160	0	104	14124	31460	0	0	10020	11746	0	0	0	0	516	952	4362	15438	15476	0	2788	7562	0	96	0	0	0	0	88	504	0	532	0	0	0	420	150	264	0	74	0	236	1086	1726	0	514	0	102	0	252	0	0	2072	5560	12342	14134	72	198	154	0	0	0	0	150	0	0	0	114	0	0	70	90	0	0	0	208	0	0	0	0	0	0	0	0	0	0	0	0	0	0	0	0	0	0	0	0	0	0	0	0	0	0	
194808	Cingulum_Post_L	690	2074	0	652	0	0	0	278	0	0	0	0	0	0	0	0	590	0	764	2512	0	0	0	0	0	0	0	0	714	186	0	0	2084	2788	0	16406	4500	4762	1964	688	0	0	4058	82	1520	146	2248	116	956	0	3138	0	1106	0	4480	1100	2370	440	696	0	406	0	276	0	532	0	11496	3054	4394	2842	438	124	0	428	168	0	844	3468	336	0	558	0	0	0	1356	0	0	0	1172	136	484	0	0	0	0	0	304	0	480	0	0	0	0	0	0	0	0	0	0	0	0	0	0	0	0	0	
270652	Cingulum_Post_R	802	3340	0	924	0	0	0	524	0	0	0	0	0	0	0	0	356	0	724	4178	0	0	0	0	0	0	0	0	556	408	0	0	496	7562	16406	0	3214	9456	1402	2462	0	0	184	5156	188	2712	424	6702	0	2536	148	1614	596	412	2638	6602	836	1488	0	2026	144	136	216	84	160	68	2898	21646	2586	6586	430	116	0	906	168	0	552	3728	168	0	220	160	0	0	210	1058	0	0	680	2882	446	116	0	0	0	0	262	454	448	306	0	0	0	0	0	0	0	0	0	0	420	0	0	0	0	0	
348024	Hippocampus_L	5506	1890	2034	588	0	0	1290	452	0	0	310	0	230	0	362	0	536	0	1558	186	510	0	0	0	0	0	0	0	17022	140	0	0	0	0	4500	3214	0	3106	17322	620	10246	0	1522	0	0	0	2714	152	0	0	0	0	0	0	26264	572	2026	148	0	438	218	442	208	442	0	0	2028	292	2086	0	3612	1302	7020	300	770	0	8924	3568	2284	0	6536	0	2992	0	2276	0	124	0	17334	0	1100	0	330	0	554	0	2026	0	1422	0	0	0	0	0	0	0	0	0	0	364	0	0	0	0	0	0	
436344	Hippocampus_R	378	9070	0	6054	0	0	0	1254	0	0	0	1744	0	590	0	244	0	402	212	3282	0	404	0	144	0	0	0	0	142	11504	0	162	0	96	4762	9456	3106	0	1196	35726	0	13446	100	2092	0	170	286	5014	0	258	0	468	0	434	228	45170	276	178	0	116	0	0	0	88	0	0	238	6950	182	252	622	1974	0	19404	216	1346	682	8612	124	132	0	1924	0	1240	0	2166	0	0	94	5986	0	802	0	0	0	208	0	2962	0	3264	0	0	0	0	0	0	0	0	90	106	344	0	0	0	0	0	
128040	ParaHippocampal_L	178	324	164	102	226	0	100	0	0	0	0	0	0	0	320	0	0	0	108	0	1044	0	0	0	0	0	0	0	2418	0	0	0	0	0	1964	1402	17322	1196	0	142	4108	0	672	0	0	0	2904	110	0	0	0	0	0	0	10040	124	122	0	0	0	0	0	0	0	0	0	770	96	144	0	318	84	1032	164	84	0	2230	994	0	0	360	0	1404	0	0	0	848	0	1728	0	1262	0	86	0	748	0	3866	0	1942	0	192	0	90	0	0	0	0	0	0	488	0	0	0	0	0	0	
280296	ParaHippocampal_R	0	1278	0	1534	0	0	0	238	0	0	0	890	0	392	0	136	0	90	0	1742	0	168	0	104	0	0	0	0	0	4256	0	108	0	0	688	2462	620	35726	142	0	0	10950	0	1064	0	0	0	5614	0	0	0	136	0	186	0	30178	68	0	0	0	0	0	0	0	0	0	74	3318	0	0	0	1134	0	10210	0	1094	0	2326	0	0	0	758	0	2776	0	746	0	956	0	1380	0	2860	0	0	0	1790	0	5958	0	4920	0	0	0	86	0	0	0	0	384	442	166	0	0	0	0	0	
64768	Amygdala_L	80	0	148	0	386	0	72	0	86	0	0	0	0	0	548	0	0	0	76	0	1774	152	0	0	0	0	406	70	3848	0	150	0	0	0	0	0	10246	0	4108	0	0	0	0	0	0	0	0	0	0	0	0	0	0	0	4606	0	0	0	0	0	0	0	0	0	0	0	0	0	0	0	506	0	950	0	0	0	98	0	0	0	0	0	3024	0	0	0	232	0	612	0	0	0	0	0	0	0	206	0	0	0	0	0	0	0	0	0	0	0	0	0	0	0	0	0	0	0	
97052	Amygdala_R	0	0	0	312	0	0	0	220	0	0	0	0	0	0	0	918	0	0	0	0	0	1408	0	0	0	0	0	72	0	3300	0	0	0	0	0	0	0	13446	0	10950	0	0	0	0	0	0	0	0	0	0	0	0	0	0	0	9298	0	0	0	0	0	0	0	0	0	0	0	0	0	0	0	122	0	1796	0	0	0	68	0	0	0	188	0	3800	0	750	0	68	0	1314	0	0	0	0	0	94	0	202	0	200	0	0	0	0	0	0	0	0	0	0	0	0	0	0	0	0	
408028	Calcarine_L	272	0	0	0	0	0	0	0	0	0	0	0	0	0	0	0	812	0	0	270	0	0	0	0	0	0	0	0	870	0	0	0	688	88	4058	184	1522	100	672	0	0	0	0	9908	17138	5576	24460	5316	17946	1828	37908	1416	15692	334	13890	392	730	122	2632	142	482	142	202	142	716	0	22656	1424	368	0	0	0	0	0	0	0	182	0	886	0	306	0	0	0	5546	0	0	0	2886	0	678	242	0	0	0	0	214	0	1062	222	0	0	0	0	0	0	0	0	0	0	160	532	0	0	0	0	
367704	Calcarine_R	0	730	0	78	0	0	0	468	0	0	0	0	0	0	0	0	0	0	0	192	0	0	0	0	0	0	0	0	0	882	0	0	0	504	82	5156	0	2092	0	1064	0	0	9908	0	12264	28588	2666	24104	386	20290	148	17028	0	4860	0	10478	0	164	0	1288	0	0	0	0	0	318	1546	25546	0	264	0	0	0	0	0	0	0	0	0	0	0	0	0	0	0	1894	0	0	0	3834	0	2158	0	0	0	0	94	638	348	2634	0	0	0	0	0	0	0	0	0	0	452	604	102	0	0	0	
217404	Cuneus_L	0	0	0	0	0	0	0	0	0	0	0	0	0	0	0	0	126	0	0	0	0	0	0	0	0	0	0	0	148	0	0	0	358	0	1520	188	0	0	0	0	0	0	17138	12264	0	14846	4562	2370	18058	5058	11146	2270	1784	266	1540	342	138	0	2724	0	104	0	0	0	0	0	7560	2876	120	0	0	0	0	0	0	0	150	0	146	0	0	0	0	0	220	78	0	0	138	94	84	132	0	0	0	0	0	0	0	154	0	0	0	0	0	0	0	0	0	0	0	0	0	0	0	0	
403200	Cuneus_R	0	280	0	0	0	0	0	148	0	0	0	0	0	0	0	0	0	0	0	354	0	0	0	0	0	0	0	0	0	206	0	0	0	532	146	2712	0	170	0	0	0	0	5576	28588	14846	0	942	5314	338	41556	88	16812	0	1832	0	2408	0	2944	0	16588	0	432	0	194	0	1586	5996	36152	102	1328	0	0	0	0	0	0	0	0	0	0	0	216	0	0	0	6924	0	0	0	5130	0	722	0	0	0	0	0	0	0	438	0	0	0	0	0	0	0	0	0	0	0	0	0	0	0	0	
353976	Lingual_L	0	0	0	0	0	0	0	0	0	0	0	0	0	0	0	0	0	0	0	84	0	0	0	0	0	0	0	0	108	0	0	0	110	0	2248	424	2714	286	2904	0	0	0	24460	2666	4562	942	0	5002	11340	222	23922	470	10922	140	20606	1290	1002	0	4156	0	564	0	0	0	168	0	10000	262	256	0	0	0	0	0	0	0	560	180	0	0	0	0	0	0	186	0	0	0	204	0	7472	918	902	522	786	0	8740	778	14064	1914	0	0	0	84	0	0	0	0	0	126	2078	4334	1310	0	0	0	
401552	Lingual_R	0	256	0	312	0	0	0	234	0	0	0	0	0	0	0	0	0	0	0	88	0	0	0	0	0	0	0	0	0	592	0	0	0	0	116	6702	152	5014	110	5614	0	0	5316	24104	2370	5314	5002	0	258	6526	512	9320	106	6468	390	28908	0	0	0	646	0	0	0	0	0	102	418	14080	0	0	0	0	0	274	0	0	0	654	0	0	0	74	0	0	0	862	0	0	0	1414	2634	8538	1196	1226	0	616	2994	7826	5224	16062	0	0	0	130	0	0	0	0	146	222	6570	10894	3896	116	94	84	
297608	Occipital_Sup_L	0	0	0	0	0	0	0	0	0	0	0	0	0	0	0	0	0	0	0	0	0	0	0	0	0	0	0	0	0	0	0	0	834	0	956	0	0	0	0	0	0	0	17946	386	18058	338	11340	258	0	164	39486	0	6424	0	8906	0	1494	0	19308	0	2242	0	0	0	1338	0	13662	626	186	0	0	0	0	0	0	0	234	0	0	0	0	0	0	0	2322	0	0	0	1884	0	276	0	0	0	0	0	0	0	136	0	0	0	0	0	0	0	0	0	0	0	0	0	0	0	0	0	
370864	Occipital_Sup_R	0	282	0	0	0	0	0	138	0	0	0	0	0	0	0	0	0	0	0	356	0	0	0	0	0	0	0	0	0	204	0	0	0	420	0	2536	0	258	0	0	0	0	1828	20290	5058	41556	222	6526	164	0	0	29624	0	3326	0	3024	70	2330	0	19376	0	830	0	194	0	5326	1872	26000	116	1378	0	0	0	0	0	0	0	0	0	0	0	154	0	0	0	5498	0	0	0	5208	0	656	0	0	0	0	0	92	0	520	0	0	0	0	0	0	0	0	0	0	0	0	0	0	0	0	
668476	Occipital_Mid_L	1026	72	0	0	0	0	0	0	0	0	94	0	0	0	0	0	4210	0	122	460	0	0	0	0	0	0	0	0	2754	0	0	0	856	150	3138	148	0	0	0	0	0	0	37908	148	11146	88	23922	512	39486	0	0	0	33616	0	24098	0	5412	502	22132	604	12622	604	1994	604	19016	0	21318	432	2536	194	0	0	0	0	0	0	126	0	3248	0	5442	0	0	0	33674	0	0	0	16492	0	1134	0	0	0	0	0	204	0	1286	84	0	0	0	0	0	0	0	0	0	0	126	498	0	0	0	0	
317700	Occipital_Mid_R	0	244	0	106	0	0	0	170	0	0	0	0	0	0	0	0	0	0	0	112	0	0	0	0	0	0	0	0	0	424	0	0	0	264	0	1614	0	468	0	136	0	0	1416	17028	2270	16812	470	9320	0	29624	0	0	0	10346	0	8646	0	1508	0	9098	0	1546	0	76	0	11480	524	12320	0	542	0	0	0	0	0	0	0	0	0	86	0	208	0	0	0	11760	0	0	0	7038	0	826	0	0	0	0	90	250	0	1566	0	0	0	0	0	0	0	0	0	0	262	200	0	0	0	0	
238056	Occipital_Inf_L	166	0	0	0	0	0	0	0	0	0	0	0	0	0	0	0	386	0	0	126	0	0	0	0	0	0	0	0	576	0	0	0	502	0	1106	596	0	0	0	0	0	0	15692	0	1784	0	10922	106	6424	0	33616	0	0	0	19740	0	430	0	1248	78	202	78	0	78	448	0	5704	536	450	0	0	0	0	0	0	0	104	0	604	0	128	0	0	0	5824	0	0	0	7910	0	1846	0	0	0	0	0	262	0	1112	0	0	0	0	0	0	0	0	0	0	0	0	244	0	0	0	0	
116240	Occipital_Inf_R	0	0	0	0	0	0	0	0	0	0	0	0	0	0	0	0	0	0	0	0	0	0	0	0	0	0	0	0	0	0	0	0	0	74	0	412	0	434	0	186	0	0	334	4860	266	1832	140	6468	0	3326	0	10346	0	0	0	10738	0	0	0	312	0	0	0	0	0	460	108	2358	0	76	0	0	0	0	0	0	0	0	0	0	0	0	0	0	0	2342	0	0	0	5084	80	1634	0	0	0	0	518	1358	184	2162	0	0	0	0	0	0	0	0	0	0	1558	388	82	0	0	0	
674968	Fusiform_L	2082	328	1500	96	0	0	872	160	0	0	344	0	184	0	218	0	1804	0	1026	260	262	0	0	0	0	0	0	0	14894	0	0	0	648	0	4480	2638	26264	228	10040	0	4606	0	13890	0	1540	0	20606	390	8906	0	24098	0	19740	0	0	336	2500	76	5120	208	1528	210	490	212	566	0	10222	1264	1552	0	856	174	2726	0	0	0	3412	270	3700	0	7252	0	3506	0	5158	0	1914	0	27146	0	26496	1274	3716	462	2334	130	18602	164	31142	1636	1256	0	1036	264	334	0	102	0	848	1076	2162	1008	268	300	180	192	
681316	Fusiform_R	130	3000	0	3302	0	0	0	1436	0	0	0	1440	0	452	0	78	0	470	110	2488	0	0	0	68	0	0	0	0	0	10720	0	80	0	236	1100	6602	572	45170	124	30178	0	9298	392	10478	342	2408	1290	28908	0	3024	0	8646	0	10738	336	0	212	290	0	856	0	302	0	238	0	364	216	12324	180	554	0	1034	0	12652	0	606	0	3296	0	306	0	3052	0	5342	0	5474	0	1638	0	18414	1400	17948	482	1068	294	1406	2322	13672	2412	29020	0	170	0	618	0	90	0	0	1572	1968	7638	5514	2026	72	0	0	
421488	Postcentral_L	40654	5632	4602	1586	0	0	5554	1576	0	0	5074	120	468	240	0	0	12688	0	1786	2742	0	0	0	0	0	0	0	0	7278	332	114	172	100	1086	2370	836	2026	276	122	68	0	0	730	0	138	0	1002	0	1494	70	5412	0	430	0	2500	212	0	1450	9990	702	20240	766	12254	978	2590	0	8706	266	20058	2076	2906	1422	756	642	0	0	3294	1224	2758	0	3956	0	0	0	2510	0	0	0	1710	0	0	0	0	0	0	0	0	0	0	0	0	0	0	0	0	0	0	0	0	0	0	0	0	0	0	0	
233028	Postcentral_R	2036	12954	136	2854	0	0	244	1888	0	0	0	2308	70	94	0	0	218	2708	154	2260	0	0	0	0	0	0	0	0	274	1574	0	174	0	1726	440	1488	148	178	0	0	0	0	122	164	0	2944	0	0	0	2330	502	1508	0	0	76	290	1450	0	0	15340	920	16574	1036	18230	0	928	476	4986	1592	6990	604	0	206	186	72	0	284	0	116	180	510	188	0	0	1608	340	0	0	1148	688	0	0	0	0	0	0	0	0	0	0	0	0	0	0	0	0	0	0	0	0	0	0	0	0	0	0	
225692	Parietal_Sup_L	762	0	0	0	0	0	0	0	0	0	0	0	0	0	0	0	1664	0	172	0	0	0	0	0	0	0	0	0	1094	0	0	0	0	0	696	0	0	0	0	0	0	0	2632	0	2724	0	4156	0	19308	0	22132	0	1248	0	5120	0	9990	0	0	74	14000	74	300	74	5314	0	11032	346	796	0	0	0	0	0	0	0	0	0	706	0	518	0	0	0	4614	0	0	0	3224	0	76	0	0	0	0	0	0	0	0	0	0	0	0	0	0	0	0	0	0	0	0	0	0	0	0	0	
303712	Parietal_Sup_R	1484	928	0	990	0	0	78	880	0	0	0	0	0	0	0	0	256	0	0	508	0	0	0	0	0	0	0	0	470	184	90	200	0	514	0	2026	438	116	0	0	0	0	142	1288	0	16588	0	646	0	19376	604	9098	78	312	208	856	702	15340	74	0	926	17404	1082	14356	0	5178	1368	19478	1114	1894	1362	0	236	0	0	0	896	0	294	0	652	162	0	0	2144	3434	0	0	1642	3604	0	156	0	0	0	0	0	0	0	0	0	0	0	0	0	0	0	0	0	0	0	0	0	0	0	0	
252092	Parietal_Inf_L	5874	194	398	68	0	0	450	0	0	0	184	0	0	0	0	0	5114	0	806	106	0	0	0	0	0	0	0	0	3942	0	0	0	0	0	406	144	218	0	0	0	0	0	482	0	104	0	564	0	2242	0	12622	0	202	0	1528	0	20240	920	14000	926	0	938	20952	944	16492	0	2084	0	1236	0	298	158	0	0	0	0	124	0	1922	0	3036	0	0	0	4208	0	0	0	1920	0	0	0	0	0	0	0	0	0	0	0	0	0	0	0	0	0	0	0	0	0	0	0	0	0	0	0	
219716	Parietal_Inf_R	1728	2042	0	1654	0	0	90	1274	0	0	0	0	0	0	0	0	258	224	0	770	0	0	0	0	0	0	0	0	502	284	126	258	0	102	0	136	442	0	0	0	0	0	142	0	0	432	0	0	0	830	604	1546	78	0	210	302	766	16574	74	17404	938	0	1086	27436	0	12290	182	516	1074	1578	1456	0	268	106	0	0	904	0	296	166	656	1106	0	0	2146	2140	0	0	1646	5016	0	0	0	0	0	0	0	0	0	0	0	0	0	0	0	0	0	0	0	0	0	0	0	0	0	0	
144384	SupraMarginal_L	2738	84	750	0	0	0	558	0	0	0	134	0	0	0	0	0	5312	0	514	0	0	0	0	0	0	0	0	0	2534	0	0	0	0	0	276	216	208	0	0	0	0	0	202	0	0	0	0	0	0	0	1994	0	0	0	490	0	12254	1036	300	1082	20952	1086	0	1086	3874	0	228	0	674	0	352	0	0	0	0	0	100	0	824	0	6570	0	0	0	4170	0	0	0	1594	0	0	0	0	0	0	0	0	0	0	0	0	0	0	0	0	0	0	0	0	0	0	0	0	0	0	0	
202004	SupraMarginal_R	1978	1892	0	1632	0	0	96	1120	0	0	0	0	0	0	0	0	264	2060	0	938	0	0	0	0	0	0	0	0	502	408	124	254	0	252	0	84	442	88	0	0	0	0	142	0	0	194	0	0	0	194	604	76	78	0	212	238	978	18230	74	14356	944	27436	1086	0	0	4020	176	304	1322	2010	1446	0	268	104	0	0	904	0	298	734	666	2822	0	0	2150	2224	0	0	1646	2932	0	0	0	0	0	0	0	0	0	0	0	0	0	0	0	0	0	0	0	0	0	0	0	0	0	0	
145252	Angular_L	1138	0	0	0	0	0	0	0	0	0	0	0	0	0	0	0	3528	0	410	0	0	0	0	0	0	0	0	0	1980	0	0	0	0	0	532	160	0	0	0	0	0	0	716	0	0	0	168	0	1338	0	19016	0	448	0	566	0	2590	0	5314	0	16492	0	3874	0	0	0	1466	0	638	0	68	0	0	0	0	0	0	0	1166	0	3056	0	0	0	6366	0	0	0	1596	0	0	0	0	0	0	0	0	0	0	0	0	0	0	0	0	0	0	0	0	0	0	0	0	0	0	0	
118208	Angular_R	0	240	0	0	0	0	0	106	0	0	0	0	0	0	0	0	0	82	0	0	0	0	0	0	0	0	0	0	0	84	0	0	0	0	0	68	0	0	0	0	0	0	0	318	0	1586	0	102	0	5326	0	11480	0	460	0	364	0	928	0	5178	0	12290	0	4020	0	0	410	2242	0	184	0	0	0	0	0	0	0	0	0	0	0	1776	0	0	0	5002	0	0	0	6858	0	0	0	0	0	0	0	0	0	0	0	0	0	0	0	0	0	0	0	0	0	0	0	0	0	0	
393604	Precuneus_L	360	322	0	0	0	0	0	0	0	0	0	0	0	0	0	0	464	0	384	1222	0	0	0	0	0	0	0	0	514	0	0	0	5082	2072	11496	2898	2028	238	770	74	0	0	22656	1546	7560	5996	10000	418	13662	1872	21318	524	5704	108	10222	216	8706	476	11032	1368	2084	182	228	176	1466	410	0	15516	8940	864	0	86	0	0	0	0	1234	168	448	0	308	0	0	0	6980	1680	0	0	3600	480	238	0	0	0	0	0	162	0	244	0	0	0	0	0	0	0	0	0	0	0	0	0	0	0	0	0	
520484	Precuneus_R	132	1724	0	742	0	0	0	1100	0	0	0	248	0	0	0	0	0	240	208	1676	0	0	0	0	0	0	0	0	0	2534	0	0	788	5560	3054	21646	292	6950	96	3318	0	0	1424	25546	2876	36152	262	14080	626	26000	432	12320	536	2358	1264	12324	266	4986	346	19478	0	516	0	304	0	2242	15516	0	682	3748	0	0	0	950	0	0	0	252	0	176	74	530	0	0	148	10268	0	0	258	9860	0	712	0	0	0	0	0	1126	0	634	0	0	0	0	0	0	0	0	0	0	662	0	0	0	0	0	
368228	Paracentral_Lobule_L	18956	6214	1144	1932	0	0	182	510	0	0	234	0	0	136	0	0	1806	0	22308	25730	0	0	0	0	0	0	0	0	2844	140	76	158	5832	12342	4394	2586	2086	182	144	0	0	0	368	0	120	102	256	0	186	116	2536	0	450	0	1552	180	20058	1592	796	1114	1236	1074	674	1322	638	0	8940	682	0	9380	2492	1928	3686	158	1200	172	5148	2544	596	0	418	0	0	0	1348	0	0	0	1014	102	0	0	0	0	0	0	0	0	0	0	0	0	0	0	0	0	0	0	0	0	0	0	0	0	0	0	
181500	Paracentral_Lobule_R	1358	5446	0	72	0	0	0	224	0	0	0	0	0	0	0	0	0	118	1112	18594	0	0	0	0	0	0	0	0	0	230	0	0	684	14134	2842	6586	0	252	0	0	0	0	0	264	0	1328	0	0	0	1378	194	542	0	76	0	554	2076	6990	0	1894	0	1578	0	2010	0	184	864	3748	9380	0	0	1392	0	70	0	0	364	1438	0	0	0	548	0	0	104	1044	0	0	0	1078	0	0	0	0	0	0	0	0	0	0	0	0	0	0	0	0	0	0	0	0	0	0	0	0	0	0	
477324	Caudate_L	6098	2266	9864	8398	1476	976	2664	6064	200	198	3954	1096	4960	4196	3090	418	1452	120	5852	5324	7480	8188	688	234	1026	482	3984	2608	14454	4410	12504	7296	0	72	438	430	3612	622	318	0	506	0	0	0	0	0	0	0	0	0	0	0	0	0	856	0	2906	604	0	1362	298	1456	352	1446	68	0	0	0	2492	0	0	23638	27336	6318	5178	1388	18716	3268	650	0	764	0	608	0	134	0	0	0	806	0	0	0	0	0	0	0	0	0	0	0	0	0	0	0	0	0	0	0	0	0	0	0	0	0	0	0	
434496	Caudate_R	2480	9382	440	16440	74	1110	224	9906	0	266	118	3928	408	9436	276	3064	228	900	1016	11782	1942	4768	170	1192	126	1280	628	1688	1472	10494	3552	9332	0	198	124	116	1302	1974	84	1134	0	122	0	0	0	0	0	0	0	0	0	0	0	0	174	1034	1422	0	0	0	158	0	0	0	0	0	86	0	1928	1392	23638	0	6340	30454	1052	3968	8412	23534	106	0	126	110	0	0	0	0	0	0	138	0	0	0	0	0	0	0	0	0	0	0	0	0	0	0	0	0	0	0	0	0	0	0	0	0	0	0	
392524	Putamen_L	13832	722	12452	1172	2926	578	5646	702	1114	128	6194	322	7018	626	5664	0	334	76	8568	554	3730	5016	1808	310	246	286	866	1574	26068	784	9668	5022	0	154	0	0	7020	0	1032	0	950	0	0	0	0	0	0	0	0	0	0	0	0	0	2726	0	756	206	0	236	0	268	0	268	0	0	0	0	3686	0	27336	6340	0	2870	7728	456	3232	0	254	0	1844	0	2456	0	360	0	0	0	1992	0	86	0	0	0	0	0	0	0	0	0	0	0	0	0	0	0	0	0	0	0	0	0	0	0	0	0	
485428	Putamen_R	632	2290	212	24968	0	5082	98	10438	0	1798	0	10168	144	9524	0	4810	0	1806	1514	15080	888	2326	168	4624	102	3968	222	2236	244	27318	1774	8170	0	0	428	906	300	19404	164	10210	0	1796	0	0	0	0	0	274	0	0	0	0	0	0	0	12652	642	186	0	0	0	106	0	104	0	0	0	950	158	70	6318	30454	2870	0	84	4848	192	4200	0	132	0	1380	0	460	0	900	0	0	0	1064	0	0	0	0	0	0	0	162	0	696	0	0	0	0	0	0	0	0	0	0	0	0	0	0	0	0	
62460	Pallidum_L	5054	268	2392	554	0	0	558	408	0	0	130	0	178	0	0	0	0	0	706	72	0	0	0	0	0	0	0	0	244	0	0	0	0	0	168	168	770	216	84	0	0	0	0	0	0	0	0	0	0	0	0	0	0	0	0	0	0	72	0	0	0	0	0	0	0	0	0	0	1200	0	5178	1052	7728	84	0	0	3186	760	0	0	0	0	0	0	0	0	0	0	0	0	0	0	0	0	0	0	0	0	0	0	0	0	0	0	0	0	0	0	0	0	0	0	0	0	0	0	
43320	Pallidum_R	122	692	0	2942	0	0	0	568	0	0	0	538	0	80	0	0	0	0	526	1582	0	204	0	0	0	0	0	0	0	246	0	0	0	0	0	0	0	1346	0	1094	0	0	0	0	0	0	0	0	0	0	0	0	0	0	0	606	0	0	0	0	0	0	0	0	0	0	0	0	172	0	1388	3968	456	4848	0	0	114	168	0	0	0	0	0	0	0	0	0	0	0	0	0	0	0	0	0	0	0	0	0	0	0	0	0	0	0	0	0	0	0	0	0	0	0	0	0	0	
202448	Thalamus_L	5368	2940	438	2198	0	0	892	1930	0	0	148	244	122	574	0	146	304	108	610	938	0	0	0	0	0	0	0	0	5008	428	0	0	260	0	844	552	8924	682	2230	0	98	0	182	0	150	0	560	0	234	0	126	0	104	0	3412	0	3294	284	0	896	124	904	100	904	0	0	1234	0	5148	364	18716	8412	3232	192	3186	114	0	7336	2148	0	956	0	0	0	622	0	0	0	2304	0	0	0	0	0	0	0	0	0	0	0	0	0	0	0	0	0	0	0	0	0	0	0	0	0	0	0	
225284	Thalamus_R	2328	20470	0	6822	0	0	0	1618	0	0	0	664	0	668	0	352	0	174	170	2766	0	0	0	0	0	0	0	0	258	1180	0	98	0	150	3468	3728	3568	8612	994	2326	0	68	0	0	0	0	180	654	0	0	0	0	0	0	270	3296	1224	0	0	0	0	0	0	0	0	0	168	252	2544	1438	3268	23534	0	4200	760	168	7336	0	162	0	0	198	0	0	0	488	0	0	148	1034	0	130	0	0	0	0	0	392	0	248	0	0	0	0	0	0	0	0	0	0	68	0	0	0	0	0	
130116	Heschl_L	4388	226	852	0	0	0	1770	156	0	0	1496	0	92	0	0	0	7522	0	544	82	0	0	0	0	0	0	0	0	12878	0	0	0	0	0	336	168	2284	124	0	0	0	0	886	0	146	0	0	0	0	0	3248	0	604	0	3700	0	2758	116	706	294	1922	296	824	298	1166	0	448	0	596	0	650	106	254	0	0	0	2148	162	0	0	2808	0	0	0	4684	0	0	0	3210	0	110	0	0	0	0	0	0	0	0	0	0	0	0	0	0	0	0	0	0	0	0	0	0	0	0	0	
29704	Heschl_R	0	194	0	856	0	0	0	72	0	0	0	156	0	0	0	0	0	2820	0	808	0	0	0	0	0	0	0	0	0	2866	0	0	0	0	0	0	0	132	0	0	0	0	0	0	0	0	0	0	0	0	0	86	0	0	0	306	0	180	0	0	0	166	0	734	0	0	0	176	0	0	0	0	0	132	0	0	0	0	0	0	0	4268	0	238	0	280	0	0	0	382	0	0	0	0	0	0	0	0	0	0	0	0	0	0	0	0	0	0	0	0	0	0	0	0	0	0	
272948	Temporal_Sup_L	4600	92	2976	224	0	0	2752	182	0	0	3126	0	412	0	0	0	12276	0	2330	240	0	0	0	0	0	0	0	0	16612	0	0	0	0	0	558	220	6536	0	360	0	0	0	306	0	0	0	0	0	0	0	5442	0	128	0	7252	0	3956	510	518	652	3036	656	6570	666	3056	0	308	74	418	0	764	126	1844	0	0	0	956	0	2808	0	0	0	3934	0	22696	0	248	0	14682	0	570	0	108	0	168	0	206	0	320	0	0	0	0	0	0	0	0	0	0	0	0	0	0	0	0	0	
96488	Temporal_Sup_R	0	508	0	336	0	0	0	204	0	0	0	168	0	0	0	0	0	2432	0	468	0	0	0	0	0	0	0	0	0	6252	0	0	0	114	0	160	0	1924	0	758	0	188	0	0	0	216	0	74	0	154	0	208	0	0	0	3052	0	188	0	162	0	1106	0	2822	0	1776	0	530	0	548	0	110	0	1380	0	0	0	198	0	4268	0	0	0	2858	0	12302	0	184	0	2512	0	0	0	0	0	0	0	0	0	84	0	0	0	0	0	0	0	0	0	0	0	0	0	0	0	0	
119868	Temporal_Pole_Sup_L	220	0	1900	144	1046	0	388	0	266	0	1836	0	492	0	2858	0	1674	0	1168	142	1524	138	222	0	0	0	326	70	10024	0	178	128	0	0	0	0	2992	0	1404	0	3024	0	0	0	0	0	0	0	0	0	0	0	0	0	3506	0	0	0	0	0	0	0	0	0	0	0	0	0	0	0	608	0	2456	0	0	0	0	0	0	0	3934	0	0	0	6130	0	4364	0	6772	0	0	0	0	0	0	0	0	0	0	0	0	0	0	0	0	0	0	0	0	0	0	0	0	0	0	0	
61080	Temporal_Pole_Sup_R	0	0	0	196	0	0	0	0	0	0	0	228	0	0	0	278	0	436	0	150	0	658	0	0	0	0	0	0	0	1834	0	0	0	0	0	0	0	1240	0	2776	0	3800	0	0	0	0	0	0	0	0	0	0	0	0	0	5342	0	0	0	0	0	0	0	0	0	0	0	0	0	0	0	0	0	460	0	0	0	0	0	238	0	2858	0	0	0	2964	0	3598	0	3484	0	0	0	0	0	0	0	0	0	0	0	0	0	0	0	0	0	0	0	0	0	0	0	0	0	0	
377724	Temporal_Mid_L	1650	0	132	0	0	0	154	0	0	0	220	0	0	0	80	0	4218	0	176	184	0	0	0	0	0	0	0	0	7194	0	0	0	124	70	1356	210	2276	0	0	0	0	0	5546	0	220	0	186	0	2322	0	33674	0	5824	0	5158	0	2510	1608	4614	2144	4208	2146	4170	2150	6366	0	6980	148	1348	104	134	0	360	0	0	0	622	0	4684	0	22696	0	6130	0	0	0	2888	0	40636	0	1140	0	0	0	0	0	0	0	102	0	0	0	0	0	0	0	0	0	0	0	0	0	0	0	0	0	
237960	Temporal_Mid_R	0	2644	0	200	0	0	0	1638	0	0	0	270	0	0	0	114	0	74	0	386	0	316	0	0	0	0	0	0	0	5382	0	0	0	90	0	1058	0	2166	0	746	0	750	0	1894	78	6924	0	862	0	5498	0	11760	0	2342	0	5474	0	340	0	3434	0	2140	0	2224	0	5002	1680	10268	0	1044	0	0	0	900	0	0	0	488	0	280	0	12302	0	2964	0	0	0	746	0	24172	0	154	0	0	0	0	0	0	0	176	0	0	0	0	0	0	0	0	0	0	0	0	0	0	0	0	
29056	Temporal_Pole_Mid_L	0	0	0	0	0	0	0	0	0	0	0	0	0	0	152	0	0	0	0	0	0	0	0	0	0	0	0	0	198	0	0	0	0	0	0	0	124	0	848	0	232	0	0	0	0	0	0	0	0	0	0	0	0	0	1914	0	0	0	0	0	0	0	0	0	0	0	0	0	0	0	0	0	0	0	0	0	0	0	0	0	248	0	4364	0	2888	0	0	0	3560	0	0	0	0	0	0	0	0	0	0	0	0	0	0	0	0	0	0	0	0	0	0	0	0	0	0	0	
17440	Temporal_Pole_Mid_R	0	0	0	0	0	0	0	0	0	0	0	0	0	0	0	0	0	0	0	0	0	0	0	0	0	0	0	0	0	0	0	0	0	0	0	0	0	0	0	956	0	68	0	0	0	0	0	0	0	0	0	0	0	0	0	1638	0	0	0	0	0	0	0	0	0	0	0	0	0	0	0	0	0	0	0	0	0	0	0	0	0	184	0	3598	0	746	0	0	0	1530	0	0	0	0	0	0	0	0	0	0	0	0	0	0	0	0	0	0	0	0	0	0	0	0	0	0	
411968	Temporal_Inf_L	2440	194	1282	76	0	0	764	136	0	0	270	0	164	0	84	0	1386	0	824	94	0	0	0	0	0	0	0	0	15952	0	0	0	0	0	1172	680	17334	94	1728	0	612	0	2886	0	138	0	204	0	1884	0	16492	0	7910	0	27146	0	1710	1148	3224	1642	1920	1646	1594	1646	1596	0	3600	258	1014	0	806	138	1992	0	0	0	2304	148	3210	0	14682	0	6772	0	40636	0	3560	0	0	0	4610	0	508	0	636	0	1182	0	1856	0	0	0	0	0	0	0	0	0	0	0	0	0	0	0	0	0	
281016	Temporal_Inf_R	0	5108	0	410	0	0	0	2958	0	0	0	298	0	0	0	0	0	110	0	540	0	0	0	0	0	0	0	0	0	6308	0	0	0	208	136	2882	0	5986	0	1380	0	1314	0	3834	94	5130	0	1414	0	5208	0	7038	0	5084	0	18414	0	688	0	3604	0	5016	0	2932	0	6858	480	9860	102	1078	0	0	0	1064	0	0	0	1034	0	382	0	2512	0	3484	0	24172	0	1530	0	0	0	1092	0	0	0	0	0	0	0	486	0	0	0	0	0	0	0	0	108	96	76	0	0	0	0	0	
528704	Cerebelum_Crus1_L	70	0	0	0	0	0	0	0	0	0	0	0	0	0	0	0	0	0	0	0	0	0	0	0	0	0	0	0	806	0	0	0	0	0	484	446	1100	0	1262	0	0	0	678	0	84	0	7472	2634	276	0	1134	0	1846	80	26496	1400	0	0	76	0	0	0	0	0	0	0	238	0	0	0	0	0	86	0	0	0	0	0	110	0	570	0	0	0	1140	0	0	0	4610	0	0	4980	34412	2492	6364	440	32288	444	59616	5978	15860	222	13658	998	3430	432	142	0	1978	2586	5990	7372	6006	2526	1676	1364	
576500	Cerebelum_Crus1_R	0	222	0	0	0	0	0	114	0	0	0	0	0	0	0	0	0	0	0	0	0	0	0	0	0	0	0	0	0	158	0	0	0	0	0	116	0	802	0	2860	0	0	242	2158	132	722	918	8538	0	656	0	826	0	1634	1274	17948	0	0	0	156	0	0	0	0	0	0	0	712	0	0	0	0	0	0	0	0	0	130	0	0	0	0	0	0	0	154	0	0	0	1092	4980	0	2164	26850	2904	13138	4334	31608	5264	66062	240	4450	270	16878	0	1752	0	392	8644	17190	17112	9522	8238	2446	1390	858	
301028	Cerebelum_Crus2_L	0	0	0	0	0	0	0	0	0	0	0	0	0	0	0	0	0	0	0	0	0	0	0	0	0	0	0	0	296	0	0	0	0	0	0	0	330	0	86	0	0	0	0	0	0	0	902	1196	0	0	0	0	0	0	3716	482	0	0	0	0	0	0	0	0	0	0	0	0	0	0	0	0	0	0	0	0	0	0	0	0	108	0	0	0	0	0	0	0	508	0	34412	2164	0	7226	2510	122	5318	90	11742	1732	24204	2892	20094	2572	3314	200	0	0	652	758	866	4016	9716	5062	1754	1474	
295208	Cerebelum_Crus2_R	0	0	0	0	0	0	0	0	0	0	0	0	0	0	0	0	0	0	0	0	0	0	0	0	0	0	0	0	0	0	0	0	0	0	0	0	0	0	0	0	0	0	0	0	0	0	522	1226	0	0	0	0	0	0	462	1068	0	0	0	0	0	0	0	0	0	0	0	0	0	0	0	0	0	0	0	0	0	0	0	0	0	0	0	0	0	0	0	0	0	0	2492	26850	7226	0	1294	770	1008	1228	1880	10096	3552	16266	2536	29712	120	4858	0	928	4236	4914	2344	2846	9858	5974	2412	926	
103132	Cerebelum_3_L	0	0	0	0	0	0	0	0	0	0	0	0	0	0	0	0	0	0	0	0	0	0	0	0	0	0	0	0	390	0	0	0	0	0	0	0	554	0	748	0	0	0	0	0	0	0	786	0	0	0	0	0	0	0	2334	294	0	0	0	0	0	0	0	0	0	0	0	0	0	0	0	0	0	0	0	0	0	0	0	0	168	0	0	0	0	0	0	0	636	0	6364	2904	2510	1294	0	232	10882	270	6646	2956	688	0	1016	1086	658	0	164	0	2640	4160	912	0	0	168	106	0	
117760	Cerebelum_3_R	0	0	0	0	0	0	0	0	0	0	0	0	0	0	0	0	0	0	0	0	0	0	0	0	0	0	0	0	0	0	0	0	0	0	0	0	0	208	0	1790	0	94	0	0	0	0	0	616	0	0	0	0	0	0	130	1406	0	0	0	0	0	0	0	0	0	0	0	0	0	0	0	0	0	0	0	0	0	0	0	0	0	0	0	0	0	0	0	0	0	0	440	13138	122	770	232	0	898	11152	444	14228	68	140	118	1482	72	414	0	0	1096	7102	2126	0	0	294	300	0	
366184	Cerebelum_4_5_L	0	0	0	0	0	0	0	0	0	0	0	0	0	0	0	0	0	0	0	0	0	0	0	0	0	0	0	0	498	0	0	0	0	0	304	262	2026	0	3866	0	206	0	214	94	0	0	8740	2994	0	0	204	90	262	518	18602	2322	0	0	0	0	0	0	0	0	0	0	162	0	0	0	0	0	0	0	0	0	0	0	0	0	206	0	0	0	0	0	0	0	1182	0	32288	4334	5318	1008	10882	898	0	2346	41796	6862	1856	80	2560	864	1814	242	860	0	2236	4146	13392	3088	412	1104	1074	880	
307796	Cerebelum_4_5_R	0	0	0	0	0	0	0	0	0	0	0	0	0	0	0	0	0	0	0	0	0	0	0	0	0	0	0	0	0	88	0	0	0	0	0	454	0	2962	0	5958	0	202	0	638	0	0	778	7826	0	92	0	250	0	1358	164	13672	0	0	0	0	0	0	0	0	0	0	0	1126	0	0	0	0	0	162	0	0	0	392	0	0	0	0	0	0	0	0	0	0	0	0	444	31608	90	1228	270	11152	2346	0	1212	38250	0	346	0	2200	0	876	0	130	1938	8420	14314	1002	266	754	858	72	
497924	Cerebelum_6_L	0	0	0	0	0	0	0	0	0	0	0	0	0	0	0	0	0	0	0	0	0	0	0	0	0	0	0	0	642	0	0	0	0	0	480	448	1422	0	1942	0	0	0	1062	348	0	0	14064	5224	136	0	1286	0	1112	184	31142	2412	0	0	0	0	0	0	0	0	0	0	244	0	0	0	0	0	0	0	0	0	0	0	0	0	320	0	0	0	102	0	0	0	1856	0	59616	5264	11742	1880	6646	444	41796	1212	0	8206	4472	0	4882	794	2784	440	242	0	2228	2822	9116	10984	4206	1956	1486	1318	
612540	Cerebelum_6_R	0	0	0	74	0	0	0	0	0	0	0	0	0	0	0	0	0	0	0	68	0	0	0	0	0	0	0	0	0	332	0	0	0	0	0	306	0	3264	0	4920	0	200	222	2634	154	438	1914	16062	0	520	84	1566	0	2162	1636	29020	0	0	0	0	0	0	0	0	0	0	0	634	0	0	0	0	0	696	0	0	0	248	0	0	0	84	0	0	0	176	0	0	0	486	5978	66062	1732	10096	2956	14228	6862	38250	8206	0	162	926	254	7518	76	1850	0	596	8632	17570	23418	13830	5704	1678	1184	602	
226320	Cerebelum_7b_L	0	0	0	0	0	0	0	0	0	0	0	0	0	0	0	0	0	0	0	0	0	0	0	0	0	0	0	0	0	0	0	0	0	0	0	0	0	0	192	0	0	0	0	0	0	0	0	0	0	0	0	0	0	0	1256	0	0	0	0	0	0	0	0	0	0	0	0	0	0	0	0	0	0	0	0	0	0	0	0	0	0	0	0	0	0	0	0	0	0	0	15860	240	24204	3552	688	68	1856	0	4472	162	0	2588	28942	4424	4602	638	832	130	376	368	218	1018	4412	8460	1990	1612	
139212	Cerebelum_7b_R	0	0	0	0	0	0	0	0	0	0	0	0	0	0	0	0	0	0	0	0	0	0	0	0	0	0	0	0	0	0	0	0	0	0	0	0	0	0	0	0	0	0	0	0	0	0	0	0	0	0	0	0	0	0	0	170	0	0	0	0	0	0	0	0	0	0	0	0	0	0	0	0	0	0	0	0	0	0	0	0	0	0	0	0	0	0	0	0	0	0	222	4450	2892	16266	0	140	80	346	0	926	2588	0	1898	24396	116	4166	0	336	222	292	130	110	2708	4676	1874	602	
274656	Cerebelum_8_L	0	0	0	0	0	0	0	0	0	0	0	0	0	0	0	0	0	0	0	0	0	0	0	0	0	0	0	0	0	0	0	0	0	0	0	0	0	0	90	0	0	0	0	0	0	0	0	0	0	0	0	0	0	0	1036	0	0	0	0	0	0	0	0	0	0	0	0	0	0	0	0	0	0	0	0	0	0	0	0	0	0	0	0	0	0	0	0	0	0	0	13658	270	20094	2536	1016	118	2560	0	4882	254	28942	1898	0	5612	20306	1922	2034	200	480	508	596	1590	3642	12886	6238	3960	
316684	Cerebelum_8_R	0	0	0	0	0	0	0	0	0	0	0	0	0	0	0	0	0	0	0	0	0	0	0	0	0	0	0	0	0	0	0	0	0	0	0	0	0	0	0	86	0	0	0	0	0	0	84	130	0	0	0	0	0	0	264	618	0	0	0	0	0	0	0	0	0	0	0	0	0	0	0	0	0	0	0	0	0	0	0	0	0	0	0	0	0	0	0	0	0	0	998	16878	2572	29712	1086	1482	864	2200	794	7518	4424	24396	5612	0	808	20630	410	1512	3068	4130	1710	596	3190	12440	7674	2456	
107932	Cerebelum_9_L	0	0	0	0	0	0	0	0	0	0	0	0	0	0	0	0	0	0	0	0	0	0	0	0	0	0	0	0	0	0	0	0	0	0	0	0	0	0	0	0	0	0	0	0	0	0	0	0	0	0	0	0	0	0	334	0	0	0	0	0	0	0	0	0	0	0	0	0	0	0	0	0	0	0	0	0	0	0	0	0	0	0	0	0	0	0	0	0	0	0	3430	0	3314	120	658	72	1814	0	2784	76	4602	116	20306	808	0	1444	2544	86	92	98	458	248	0	3484	4196	2882	
