data	data	404004	273988	933296	843972	131908	112792	392400	162692	82412	25500	324844	177812	337520	156632	180088	56988	250864	175640	891200	827864	83136	89592	405908	398400	34016	83884	52288	49044	647852	398432	465368	524264	149956	564012	123596	192636	317164	352760	120376	225540	41432	58064	228560	209292	169264	219568	302168	198472	189860	227928	384168	164048	147924	105556	462724	387780	239808	231280	107776	136576	204944	203180	133608	183876	152096	184428	212576	312148	235408	222368	341048	579412	420640	403344	163196	40924	144472	153744	72384	33012	194400	142000	173728	40764	250076	227744	25888	13068	209852	183124	508064	448320	328356	269232	28104	70912	311336	254664	485452	447992	243064	119068	370404	277992	112512	127864	35912	12328	30356	92756	206244	230800	169040	134560	98744	69056	
data	data	Precentral_L	Precentral_R	Frontal_Sup_L	Frontal_Sup_R	Frontal_Sup_Orb_L	Frontal_Sup_Orb_R	Frontal_Mid_L	Frontal_Mid_R	Frontal_Mid_Orb_L	Frontal_Mid_Orb_R	Frontal_Inf_Oper_L	Frontal_Inf_Oper_R	Frontal_Inf_Tri_L	Frontal_Inf_Tri_R	Frontal_Inf_Orb_L	Frontal_Inf_Orb_R	Rolandic_Oper_L	Rolandic_Oper_R	Supp_Motor_Area_L	Supp_Motor_Area_R	Olfactory_L	Olfactory_R	Frontal_Sup_Medial_L	Frontal_Sup_Medial_R	Frontal_Med_Orb_L	Frontal_Med_Orb_R	Rectus_L	Rectus_R	Insula_L	Insula_R	Cingulum_Ant_L	Cingulum_Ant_R	Cingulum_Mid_L	Cingulum_Mid_R	Cingulum_Post_L	Cingulum_Post_R	Hippocampus_L	Hippocampus_R	ParaHippocampal_L	ParaHippocampal_R	Amygdala_L	Amygdala_R	Calcarine_L	Calcarine_R	Cuneus_L	Cuneus_R	Lingual_L	Lingual_R	Occipital_Sup_L	Occipital_Sup_R	Occipital_Mid_L	Occipital_Mid_R	Occipital_Inf_L	Occipital_Inf_R	Fusiform_L	Fusiform_R	Postcentral_L	Postcentral_R	Parietal_Sup_L	Parietal_Sup_R	Parietal_Inf_L	Parietal_Inf_R	SupraMarginal_L	SupraMarginal_R	Angular_L	Angular_R	Precuneus_L	Precuneus_R	Paracentral_Lobule_L	Paracentral_Lobule_R	Caudate_L	Caudate_R	Putamen_L	Putamen_R	Pallidum_L	Pallidum_R	Thalamus_L	Thalamus_R	Heschl_L	Heschl_R	Temporal_Sup_L	Temporal_Sup_R	Temporal_Pole_Sup_L	Temporal_Pole_Sup_R	Temporal_Mid_L	Temporal_Mid_R	Temporal_Pole_Mid_L	Temporal_Pole_Mid_R	Temporal_Inf_L	Temporal_Inf_R	Cerebelum_Crus1_L	Cerebelum_Crus1_R	Cerebelum_Crus2_L	Cerebelum_Crus2_R	Cerebelum_3_L	Cerebelum_3_R	Cerebelum_4_5_L	Cerebelum_4_5_R	Cerebelum_6_L	Cerebelum_6_R	Cerebelum_7b_L	Cerebelum_7b_R	Cerebelum_8_L	Cerebelum_8_R	Cerebelum_9_L	Cerebelum_9_R	Cerebelum_10_L	Cerebelum_10_R	Vermis_1_2	Vermis_3	Vermis_4_5	Vermis_6	Vermis_7	Vermis_8	Vermis_9	Vermis_10	
404004	Precentral_L	0	2750	20564	2382	0	0	16014	0	0	0	7386	130	2648	98	110	0	6868	134	19140	7994	0	0	174	282	0	0	0	0	7994	854	452	866	336	3910	2232	2972	7822	3672	276	1368	0	0	0	0	0	0	0	0	0	0	280	0	0	0	112	988	20160	0	0	0	2676	0	1562	92	208	0	0	194	19352	1904	4086	2052	6108	440	5734	0	10488	2506	756	266	1064	262	262	0	138	182	0	0	210	492	0	0	0	0	0	0	0	0	0	0	0	0	0	0	0	0	0	0	0	0	0	0	0	0	0	0	
273988	Precentral_R	2750	0	1104	15760	0	0	0	1794	0	0	0	2674	0	0	0	0	196	1354	3504	12788	0	0	0	0	0	0	0	0	120	2338	0	0	488	2922	638	1194	464	3536	0	336	0	0	0	236	0	774	0	0	0	184	0	0	0	274	0	828	186	25022	0	1908	0	3290	0	5264	0	1498	266	6244	5314	12792	1222	1454	1044	1600	582	264	604	6772	0	122	0	674	0	0	0	2634	0	0	0	1982	0	0	0	0	0	0	0	0	0	0	0	0	0	0	0	0	0	0	0	0	0	0	0	0	0	0	
933296	Frontal_Sup_L	20564	1104	0	9128	4880	0	65050	132	1842	0	7956	86	12516	126	5222	0	7986	290	78144	18648	0	0	44638	7852	1220	0	0	0	22972	384	29588	6700	6012	8598	0	0	2866	184	250	82	0	0	0	0	0	0	0	0	0	0	202	0	0	0	478	0	7044	152	0	0	588	0	270	0	156	0	0	110	7568	126	10038	3432	34102	342	21764	0	9630	468	602	0	1546	0	2128	0	162	0	0	0	720	0	0	0	0	0	0	0	0	0	0	0	0	0	0	0	0	0	0	0	0	0	0	0	0	0	0	0	
843972	Frontal_Sup_R	2382	15760	9128	0	124	5686	2068	24314	0	1170	5284	9868	3236	11282	0	2790	978	11100	25066	51090	0	138	12166	37028	174	1280	0	0	2754	18244	5846	41076	952	26772	0	124	436	5102	0	1130	0	0	0	0	0	0	0	0	0	0	0	0	0	0	0	696	142	2246	0	0	0	0	0	898	0	0	0	238	426	364	4150	34906	878	22518	350	4438	586	11404	90	820	118	1212	544	0	0	98	0	0	0	0	0	82	0	0	0	0	0	94	0	140	0	0	0	0	0	0	0	0	0	0	0	0	0	0	0	0	
131908	Frontal_Sup_Orb_L	0	0	4880	124	0	0	1374	0	10548	0	134	0	3974	0	11464	0	0	0	130	0	1900	388	2718	684	3246	370	4174	0	7454	0	3824	512	0	0	0	0	0	0	380	0	730	0	0	0	0	0	0	0	0	0	0	0	0	0	0	0	0	0	0	0	0	0	0	0	0	0	0	0	0	0	514	380	5316	304	0	0	0	0	0	0	0	0	432	0	0	0	0	0	0	0	0	0	0	0	0	0	0	0	0	0	0	0	0	0	0	0	0	0	0	0	0	0	0	0	0	0	
112792	Frontal_Sup_Orb_R	0	0	0	5686	0	0	0	692	0	3300	0	0	0	0	0	3534	0	0	224	1440	130	1222	80	4116	118	6822	142	6214	0	1784	194	3792	0	0	0	0	0	0	0	0	0	0	0	0	0	0	0	0	0	0	0	0	0	0	0	0	0	0	0	0	0	0	0	0	0	0	0	0	0	0	224	8206	0	8476	0	0	0	0	0	0	0	0	0	0	0	0	0	0	0	0	0	0	0	0	0	0	0	0	0	0	0	0	0	0	0	0	0	0	0	0	0	0	0	0	0	0	
392400	Frontal_Mid_L	16014	0	65050	2068	1374	0	0	0	2602	0	10040	0	21662	88	3206	0	2244	0	5862	1468	0	0	15784	2014	0	0	0	0	11490	110	13706	2324	3608	2516	0	0	284	0	0	0	0	0	0	0	0	0	0	0	0	0	0	0	0	0	0	0	936	0	0	0	100	0	0	0	0	0	0	0	0	0	2092	820	4276	94	2724	0	206	0	0	0	452	0	794	0	0	0	0	0	192	0	0	0	0	0	0	0	0	0	0	0	0	0	0	0	0	0	0	0	0	0	0	0	0	0	0	0	
162692	Frontal_Mid_R	0	1794	132	24314	0	692	0	0	0	992	248	10542	158	13790	0	1916	0	1448	2460	3828	0	0	776	1822	0	0	0	0	94	3722	0	1100	0	3558	0	0	0	1006	0	164	0	0	0	0	0	0	0	0	0	0	0	0	0	0	0	86	0	116	0	0	0	0	0	0	0	0	0	0	0	0	148	1904	0	3774	0	462	0	0	0	0	0	300	0	0	0	0	0	0	0	0	0	0	0	0	0	0	0	0	0	0	0	0	0	0	0	0	0	0	0	0	0	0	0	0	0	0	
82412	Frontal_Mid_Orb_L	0	0	1842	0	10548	0	2602	0	0	0	0	0	3784	0	13330	0	0	0	0	0	302	206	132	0	212	0	1004	0	2954	0	480	170	0	0	0	0	0	0	0	0	0	0	0	0	0	0	0	0	0	0	0	0	0	0	0	0	0	0	0	0	0	0	0	0	0	0	0	0	0	0	272	208	2964	196	0	0	0	0	0	0	0	0	0	0	0	0	0	0	0	0	0	0	0	0	0	0	0	0	0	0	0	0	0	0	0	0	0	0	0	0	0	0	0	0	0	0	
25500	Frontal_Mid_Orb_R	0	0	0	1170	0	3300	0	992	0	0	304	0	190	416	0	3364	0	0	0	0	0	124	0	0	0	218	0	442	0	418	0	224	0	0	0	0	0	0	0	0	0	0	0	0	0	0	0	0	0	0	0	0	0	0	0	0	0	0	0	0	0	0	0	0	0	0	0	0	0	0	118	964	0	506	0	0	0	0	0	0	0	0	0	0	0	0	0	0	0	0	0	0	0	0	0	0	0	0	0	0	0	0	0	0	0	0	0	0	0	0	0	0	0	0	0	0	
324844	Frontal_Inf_Oper_L	7386	0	7956	5284	134	0	10040	248	0	304	0	1776	26118	470	684	772	11298	906	6442	1900	0	0	1050	1140	0	0	0	0	23852	2668	12062	2164	0	274	0	0	0	182	0	0	0	0	0	0	0	0	0	0	0	0	0	0	0	0	0	0	1126	0	0	0	0	0	0	0	0	0	0	0	0	0	12378	8554	3872	1024	0	0	200	100	160	0	486	0	9412	0	0	0	0	0	0	0	0	0	0	0	0	0	0	0	0	0	0	0	0	0	0	0	0	0	0	0	0	0	0	0	0	0	
177812	Frontal_Inf_Oper_R	130	2674	86	9868	0	0	0	10542	0	0	1776	0	314	14008	0	228	914	5312	1478	5530	0	0	290	2048	0	0	0	0	1516	13968	210	2828	0	1568	0	0	0	490	0	126	0	0	0	0	0	0	0	0	0	0	0	0	0	0	0	0	0	696	0	0	0	0	0	0	0	0	0	0	0	0	1630	6144	0	2736	0	0	0	0	0	0	0	314	1238	244	0	0	0	0	0	0	0	0	0	0	0	0	0	0	0	0	0	0	0	0	0	0	0	0	0	0	0	0	0	0	0	0	
337520	Frontal_Inf_Tri_L	2648	0	12516	3236	3974	0	21662	158	3784	190	26118	314	0	124	19698	532	484	140	2486	1362	606	0	3940	892	0	0	0	0	28106	518	16396	1592	160	392	0	0	0	104	166	0	204	0	0	0	0	0	0	0	0	0	0	0	0	0	0	0	204	0	0	0	0	0	0	0	0	0	0	0	0	0	6512	3164	4188	602	0	0	192	0	0	0	106	0	1290	0	0	0	0	0	0	0	0	0	0	0	0	0	0	0	0	0	0	0	0	0	0	0	0	0	0	0	0	0	0	0	0	0	
156632	Frontal_Inf_Tri_R	98	0	126	11282	0	0	88	13790	0	416	470	14008	124	0	0	1730	234	974	3130	4324	0	0	494	1486	0	0	0	0	376	11904	0	2700	0	4128	0	0	0	260	0	0	0	0	0	0	0	0	0	0	0	0	0	0	0	0	0	0	0	0	0	0	0	0	0	0	0	0	0	0	0	0	284	2058	0	3546	0	0	0	0	0	0	0	124	162	0	0	0	0	0	0	0	0	0	0	0	0	0	0	0	0	0	0	0	0	0	0	0	0	0	0	0	0	0	0	0	0	0	
180088	Frontal_Inf_Orb_L	110	0	5222	0	11464	0	3206	0	13330	0	684	0	19698	0	0	0	104	0	330	0	2458	0	1252	120	0	0	438	0	20328	0	1414	96	0	0	0	0	100	0	794	0	890	0	0	0	0	0	0	0	0	0	0	0	0	0	0	0	0	0	0	0	0	0	0	0	0	0	0	0	0	0	522	0	5428	0	0	0	0	0	0	0	0	0	2056	0	0	0	0	0	0	0	0	0	0	0	0	0	0	0	0	0	0	0	0	0	0	0	0	0	0	0	0	0	0	0	0	0	
56988	Frontal_Inf_Orb_R	0	0	0	2790	0	3534	0	1916	0	3364	772	228	532	1730	0	0	0	80	170	310	0	546	0	0	0	94	0	702	108	4864	0	406	0	260	0	0	0	102	0	144	0	0	0	0	0	0	0	0	0	0	0	0	0	0	0	0	0	0	0	0	0	0	0	0	0	0	0	0	0	0	198	2762	0	2250	0	0	0	0	0	0	0	158	0	474	0	0	0	0	0	0	0	0	0	0	0	0	0	0	0	0	0	0	0	0	0	0	0	0	0	0	0	0	0	0	0	0	
250864	Rolandic_Oper_L	6868	196	7986	978	0	0	2244	0	0	0	11298	914	484	234	104	0	0	620	9348	494	0	0	164	396	0	0	0	0	29672	1572	484	586	0	96	0	0	4124	150	0	108	0	0	0	0	0	0	0	0	0	0	170	0	0	0	154	0	7832	0	0	0	594	0	4600	0	344	0	0	0	0	0	4720	3548	2024	358	422	0	400	0	4012	0	8654	0	6750	0	690	0	0	0	1040	0	0	0	0	0	0	0	0	0	0	0	0	0	0	0	0	0	0	0	0	0	0	0	0	0	0	0	
175640	Rolandic_Oper_R	134	1354	290	11100	0	0	0	1448	0	0	906	5312	140	974	0	80	620	0	946	9192	0	0	0	508	0	0	0	0	876	20452	92	554	0	380	0	0	0	2714	0	540	0	0	0	0	0	0	0	0	0	0	0	0	0	0	0	312	0	4834	0	0	0	0	0	2444	0	0	0	0	0	0	1780	4568	0	8240	0	376	0	0	0	2160	0	3368	728	254	0	0	0	0	0	144	0	0	0	0	0	0	0	0	0	0	0	0	0	0	0	0	0	0	0	0	0	0	0	0	0	0	
891200	Supp_Motor_Area_L	19140	3504	78144	25066	130	224	5862	2460	0	0	6442	1478	2486	3130	330	170	9348	946	0	77980	0	0	10190	5270	0	0	0	0	15050	4018	16562	10974	10180	35802	140	122	2106	2834	210	1014	0	0	0	0	0	0	0	0	0	0	180	0	0	0	612	718	7438	420	0	0	566	0	300	114	136	0	166	254	14036	752	10978	12610	17790	3320	6114	326	2570	9378	798	0	1506	138	2096	0	174	0	0	0	690	108	0	0	0	0	0	0	0	0	0	0	0	0	0	0	0	0	0	0	0	0	0	0	0	0	0	0	
827864	Supp_Motor_Area_R	7994	12788	18648	51090	0	1440	1468	3828	0	0	1900	5530	1362	4324	0	310	494	9192	77980	0	0	0	2956	9822	0	226	0	0	1902	13644	3112	19478	5706	47048	972	1110	160	4158	0	1208	0	0	0	100	0	86	0	134	0	126	0	0	0	270	0	1568	200	2326	0	202	0	924	0	3100	0	208	308	640	18414	16354	3590	25402	2214	11648	1504	1200	474	9030	0	156	0	1018	262	0	0	552	0	0	0	1914	0	0	0	0	0	0	0	0	0	158	0	0	0	0	0	0	0	0	0	0	0	0	0	0	0	0	
83136	Olfactory_L	0	0	0	0	1900	130	0	0	302	0	0	0	606	0	2458	0	0	0	0	0	0	5478	0	0	144	306	3138	572	3100	0	2432	1454	0	0	0	0	94	0	1180	0	1210	0	0	0	0	0	0	0	0	0	0	0	0	0	0	0	0	0	0	0	0	0	0	0	0	0	0	0	0	0	6192	5194	2482	1564	0	228	0	0	0	0	0	0	1404	0	0	0	0	0	0	0	0	0	0	0	0	0	0	0	0	0	0	0	0	0	0	0	0	0	0	0	0	0	0	0	0	0	
89592	Olfactory_R	0	0	0	138	388	1222	0	0	206	124	0	0	0	0	0	546	0	0	0	0	5478	0	0	0	96	1380	2496	2386	0	1434	2420	3034	0	0	0	0	0	94	0	636	0	618	0	0	0	0	0	0	0	0	0	0	0	0	0	0	0	0	0	0	0	0	0	0	0	0	0	0	0	0	6904	8582	2624	3020	0	690	0	0	0	0	0	0	0	280	0	0	0	0	0	0	0	0	0	0	0	0	0	0	0	0	0	0	0	0	0	0	0	0	0	0	0	0	0	0	0	0	
405908	Frontal_Sup_Medial_L	174	0	44638	12166	2718	80	15784	776	132	0	1050	290	3940	494	1252	0	164	0	10190	2956	0	0	0	28796	1710	218	0	0	6094	494	28362	17150	6440	13050	0	0	0	0	0	0	0	0	0	0	0	0	0	0	0	0	0	0	0	0	0	0	0	0	0	0	0	0	0	0	0	0	0	0	0	0	288	268	2816	226	0	0	0	0	0	0	0	0	238	0	0	0	0	0	0	0	0	0	0	0	0	0	0	0	0	0	0	0	0	0	0	0	0	0	0	0	0	0	0	0	0	0	
398400	Frontal_Sup_Medial_R	282	0	7852	37028	684	4116	2014	1822	0	0	1140	2048	892	1486	120	0	396	508	5270	9822	0	0	28796	0	1474	4080	164	290	1652	4312	11564	31694	1416	15828	0	0	0	138	0	0	0	0	0	0	0	0	0	0	0	0	0	0	0	0	0	0	0	0	0	0	0	0	0	0	0	0	0	0	0	0	970	12914	740	7382	0	0	0	0	0	0	0	0	306	0	0	0	0	0	0	0	0	0	0	0	0	0	0	0	0	0	0	0	0	0	0	0	0	0	0	0	0	0	0	0	0	0	
34016	Frontal_Med_Orb_L	0	0	1220	174	3246	118	0	0	212	0	0	0	0	0	0	0	0	0	0	0	144	96	1710	1474	0	980	2052	0	212	0	3580	416	0	0	0	0	0	0	0	0	0	0	0	0	0	0	0	0	0	0	0	0	0	0	0	0	0	0	0	0	0	0	0	0	0	0	0	0	0	0	328	158	794	94	0	0	0	0	0	0	0	0	0	0	0	0	0	0	0	0	0	0	0	0	0	0	0	0	0	0	0	0	0	0	0	0	0	0	0	0	0	0	0	0	0	0	
83884	Frontal_Med_Orb_R	0	0	0	1280	370	6822	0	0	0	218	0	0	0	0	0	94	0	0	0	226	306	1380	218	4080	980	0	310	5076	0	106	982	6022	0	0	0	0	0	0	0	0	0	0	0	0	0	0	0	0	0	0	0	0	0	0	0	0	0	0	0	0	0	0	0	0	0	0	0	0	0	0	212	7510	0	5750	0	0	0	0	0	0	0	0	0	0	0	0	0	0	0	0	0	0	0	0	0	0	0	0	0	0	0	0	0	0	0	0	0	0	0	0	0	0	0	0	0	0	
52288	Rectus_L	0	0	0	0	4174	142	0	0	1004	0	0	0	0	0	438	0	0	0	0	0	3138	2496	0	164	2052	310	0	568	404	0	2808	774	0	0	0	0	0	0	0	0	126	0	0	0	0	0	0	0	0	0	0	0	0	0	0	0	0	0	0	0	0	0	0	0	0	0	0	0	0	0	3152	2244	1568	582	0	0	0	0	0	0	0	0	0	0	0	0	0	0	0	0	0	0	0	0	0	0	0	0	0	0	0	0	0	0	0	0	0	0	0	0	0	0	0	0	0	0	
49044	Rectus_R	0	0	0	0	0	6214	0	0	0	442	0	0	0	0	0	702	0	0	0	0	572	2386	0	290	0	5076	568	0	0	500	610	2216	0	0	0	0	0	0	0	0	0	0	0	0	0	0	0	0	0	0	0	0	0	0	0	0	0	0	0	0	0	0	0	0	0	0	0	0	0	0	430	2812	166	1538	0	0	0	0	0	0	0	0	0	0	0	0	0	0	0	0	0	0	0	0	0	0	0	0	0	0	0	0	0	0	0	0	0	0	0	0	0	0	0	0	0	0	
647852	Insula_L	7994	120	22972	2754	7454	0	11490	94	2954	0	23852	1516	28106	376	20328	108	29672	876	15050	1902	3100	0	6094	1652	212	0	404	0	0	2344	15548	2546	0	780	306	616	15102	812	2232	700	3396	0	0	0	0	0	0	0	0	0	310	0	96	0	2696	166	4244	0	0	0	126	0	3320	0	0	0	0	274	112	0	9948	6486	19052	778	510	0	2328	98	6782	0	11228	0	15372	0	2026	0	0	0	4512	0	0	0	0	0	0	0	0	0	0	0	0	0	0	0	0	0	0	0	0	0	0	0	0	0	0	0	
398432	Insula_R	854	2338	384	18244	0	1784	110	3722	0	418	2668	13968	518	11904	0	4864	1572	20452	4018	13644	0	1434	494	4312	0	106	0	500	2344	0	346	4886	0	3696	360	388	330	6908	0	1752	0	1592	0	0	0	0	0	0	0	0	0	0	0	0	0	2880	0	2202	0	98	0	114	0	244	0	100	0	0	398	300	3572	13036	88	23728	0	246	374	2186	0	2968	0	6358	2004	1194	0	3492	0	0	0	2642	0	0	0	0	0	0	0	82	0	0	0	0	0	0	0	0	0	0	0	0	0	0	0	0	0	0	
465368	Cingulum_Ant_L	452	0	29588	5846	3824	194	13706	0	480	0	12062	210	16396	0	1414	0	484	92	16562	3112	2432	2420	28362	11564	3580	982	2808	610	15548	346	0	19252	7826	7008	0	0	0	0	0	0	0	0	0	0	0	0	0	0	0	0	0	0	0	0	0	0	0	0	0	0	0	0	0	0	0	0	0	0	0	0	8678	4198	9166	2326	0	0	232	0	0	0	0	0	924	0	0	0	0	0	0	0	0	0	0	0	0	0	0	0	0	0	0	0	0	0	0	0	0	0	0	0	0	0	0	0	0	0	
524264	Cingulum_Ant_R	866	0	6700	41076	512	3792	2324	1100	170	224	2164	2828	1592	2700	96	406	586	554	10974	19478	1454	3034	17150	31694	416	6022	774	2216	2546	4886	19252	0	3780	24716	0	0	0	144	0	0	0	0	0	0	0	0	0	0	0	0	0	0	0	0	0	0	0	0	0	0	0	0	0	0	0	0	0	0	0	0	4062	27850	1120	12254	0	88	0	80	84	0	118	0	250	0	0	0	0	0	0	0	0	0	0	0	0	0	0	0	0	0	0	0	0	0	0	0	0	0	0	0	0	0	0	0	0	0	
149956	Cingulum_Mid_L	336	488	6012	952	0	0	3608	0	0	0	0	0	160	0	0	0	0	0	10180	5706	0	0	6440	1416	0	0	0	0	0	0	7826	3780	0	12316	2864	238	0	0	0	0	0	0	90	0	866	148	0	0	266	160	276	0	0	0	0	0	0	176	112	0	0	102	0	0	0	116	4478	794	3854	1218	0	0	0	0	0	0	0	0	0	0	0	0	0	0	0	0	0	0	0	0	0	0	0	0	0	0	0	0	0	0	0	0	0	0	0	0	0	0	0	0	0	0	0	0	0	0	
564012	Cingulum_Mid_R	3910	2922	8598	26772	0	0	2516	3558	0	0	274	1568	392	4128	0	260	96	380	35802	47048	0	0	13050	15828	0	0	0	0	780	3696	7008	24716	12316	0	1564	5734	0	350	0	0	0	0	0	336	0	932	0	0	0	582	0	104	0	186	0	284	82	5866	0	1124	0	2004	0	2464	0	468	2688	9814	11346	15296	336	876	630	1366	476	0	0	0	0	0	0	260	138	0	0	362	0	0	0	720	0	0	0	0	0	0	0	0	0	0	0	0	0	0	0	0	0	0	0	0	0	0	0	0	0	0	
123596	Cingulum_Post_L	2232	638	0	0	0	0	0	0	0	0	0	0	0	0	0	0	0	0	140	972	0	0	0	0	0	0	0	0	306	360	0	0	2864	1564	0	14048	6140	5380	1414	2326	0	0	1136	106	294	416	784	106	288	446	106	134	0	144	462	2308	0	618	0	0	0	220	0	98	0	178	4674	1938	2432	1542	0	0	0	0	0	0	0	266	620	0	254	116	0	0	126	276	0	0	340	2986	0	0	0	0	0	0	0	0	0	0	0	0	0	0	0	0	0	0	0	0	0	0	0	0	0	0	
192636	Cingulum_Post_R	2972	1194	0	124	0	0	0	0	0	0	0	0	0	0	0	0	0	0	122	1110	0	0	0	0	0	0	0	0	616	388	0	0	238	5734	14048	0	7490	8658	1932	5020	0	0	542	2424	0	2354	546	928	0	2028	0	782	0	398	722	2892	0	1374	0	232	0	588	0	406	0	450	2900	13702	872	2456	0	0	0	0	0	0	1016	514	942	86	594	446	0	0	98	1106	0	0	678	3846	0	0	0	0	0	0	0	0	0	0	0	0	0	0	0	0	0	0	0	0	750	0	0	0	0	0	
317164	Hippocampus_L	7822	464	2866	436	0	0	284	0	0	0	0	0	0	0	100	0	4124	0	2106	160	94	0	0	0	0	0	0	0	15102	330	0	0	0	0	6140	7490	0	6466	12556	4708	6192	0	1916	0	450	0	2816	486	0	0	790	0	3622	0	14648	1662	3320	0	186	0	942	0	3258	0	1038	0	3104	1760	428	0	412	0	8396	0	1292	0	4818	1312	3254	164	7316	172	3016	0	1314	116	0	0	7022	110	1080	0	90	0	0	0	220	0	244	0	128	0	0	0	0	0	0	0	0	84	156	0	0	0	0	0	
352760	Hippocampus_R	3672	3536	184	5102	0	0	0	1006	0	0	182	490	104	260	0	102	150	2714	2834	4158	0	94	0	138	0	0	0	0	812	6908	0	144	0	350	5380	8658	6466	0	1668	28976	0	9438	0	706	0	0	430	3378	0	0	0	0	0	0	594	23818	0	802	0	0	0	0	0	654	0	0	436	4936	814	364	150	602	0	17596	0	544	2618	5268	962	806	662	1810	0	1030	0	1640	0	0	604	7330	0	510	0	0	0	82	0	1628	0	1344	0	0	0	146	0	0	0	0	0	0	590	0	0	0	0	0	
120376	ParaHippocampal_L	276	0	250	0	380	0	0	0	0	0	0	0	166	0	794	0	0	0	210	0	1180	0	0	0	0	0	0	0	2232	0	0	0	0	0	1414	1932	12556	1668	0	1550	2248	0	1374	0	368	0	3326	332	0	0	530	0	834	0	8724	246	112	0	0	0	0	0	0	0	0	0	2338	1186	0	0	0	0	1512	0	0	0	316	0	0	0	316	0	1734	0	270	0	704	0	2632	0	600	0	96	0	292	128	1876	0	1368	0	620	0	316	0	0	0	208	0	294	474	206	0	0	0	0	0	
225540	ParaHippocampal_R	1368	336	82	1130	0	0	0	164	0	0	0	126	0	0	0	144	108	540	1014	1208	0	636	0	0	0	0	0	0	700	1752	0	0	0	0	2326	5020	4708	28976	1550	0	0	7496	0	512	0	0	430	4050	0	0	0	0	0	168	530	17926	0	98	0	0	0	0	0	0	0	0	424	4154	0	0	0	0	0	6334	0	330	1658	2204	896	106	626	316	0	2114	0	200	0	132	594	1236	0	1302	0	148	0	258	0	3322	0	2574	0	0	0	376	0	0	0	0	0	0	368	0	0	0	0	0	
41432	Amygdala_L	0	0	0	0	730	0	0	0	0	0	0	0	204	0	890	0	0	0	0	0	1210	0	0	0	0	0	126	0	3396	0	0	0	0	0	0	0	6192	0	2248	0	0	0	0	0	0	0	0	0	0	0	0	0	0	0	2116	0	0	0	0	0	0	0	0	0	0	0	0	0	0	0	0	0	618	0	0	0	0	0	0	0	0	0	2320	0	0	0	114	0	552	0	0	0	0	0	0	0	0	0	0	0	0	0	0	0	0	0	0	0	0	0	0	0	0	0	0	0	
58064	Amygdala_R	0	0	0	0	0	0	0	0	0	0	0	0	0	0	0	0	0	0	0	0	0	618	0	0	0	0	0	0	0	1592	0	0	0	0	0	0	0	9438	0	7496	0	0	0	0	0	0	0	0	0	0	0	0	0	0	0	3980	0	0	0	0	0	0	0	0	0	0	0	0	0	0	0	106	0	3186	0	0	0	152	0	0	0	0	0	2376	0	0	0	0	0	0	0	0	0	0	0	0	0	88	0	0	0	0	0	0	0	0	0	0	0	0	0	0	0	0	0	0	
228560	Calcarine_L	0	0	0	0	0	0	0	0	0	0	0	0	0	0	0	0	0	0	0	0	0	0	0	0	0	0	0	0	0	0	0	0	90	0	1136	542	1916	0	1374	0	0	0	0	8214	18566	4662	12514	1030	13520	3044	19912	332	4288	0	1816	0	94	0	464	0	482	0	0	0	1530	0	14588	1356	0	0	0	0	0	0	0	0	0	0	96	0	0	0	0	0	2176	100	0	0	268	0	170	0	0	0	0	0	0	0	0	0	0	0	0	0	0	0	0	0	0	0	0	0	0	0	0	0	
209292	Calcarine_R	0	236	0	0	0	0	0	0	0	0	0	0	0	0	0	0	0	0	0	100	0	0	0	0	0	0	0	0	0	0	0	0	0	336	106	2424	0	706	0	512	0	0	8214	0	3604	16552	952	12580	0	17778	0	8068	0	5040	0	5022	0	264	0	426	0	960	0	254	0	1262	200	14078	0	320	0	0	0	0	0	0	0	0	0	0	0	520	0	0	0	3230	0	0	0	414	0	0	0	0	0	0	0	254	0	0	0	0	0	0	0	0	0	0	0	0	234	0	0	0	0	0	
169264	Cuneus_L	0	0	0	0	0	0	0	0	0	0	0	0	0	0	0	0	0	0	0	0	0	0	0	0	0	0	0	0	0	0	0	0	866	0	294	0	450	0	368	0	0	0	18566	3604	0	7636	3358	0	18198	3984	8428	112	686	0	204	0	0	0	1204	112	494	0	0	0	940	0	12730	1106	94	0	0	0	0	0	0	0	0	0	82	0	0	0	0	0	962	0	0	0	154	0	0	0	0	0	0	0	0	0	0	0	0	0	0	0	0	0	0	0	0	0	0	0	0	0	0	0	
219568	Cuneus_R	0	774	0	0	0	0	0	0	0	0	0	0	0	0	0	0	0	0	0	86	0	0	0	0	0	0	0	0	0	0	0	0	148	932	416	2354	0	0	0	0	0	0	4662	16552	7636	0	446	1734	118	28694	0	10710	0	758	0	554	0	1578	0	4548	0	1660	0	128	0	1842	2170	18484	124	1322	0	0	0	0	0	0	0	0	0	0	0	128	0	0	0	1064	0	0	0	162	0	0	0	0	0	0	0	0	0	0	0	0	0	0	0	0	0	0	0	0	0	0	0	0	0	0	
302168	Lingual_L	0	0	0	0	0	0	0	0	0	0	0	0	0	0	0	0	0	0	0	0	0	0	0	0	0	0	0	0	0	0	0	0	0	0	784	546	2816	430	3326	430	0	0	12514	952	3358	446	0	2518	4338	400	12288	94	6464	438	18348	1342	0	0	0	0	0	0	0	0	308	0	4618	380	0	0	0	0	0	0	0	0	294	0	0	0	0	0	0	0	626	0	0	0	184	82	12910	3168	1382	214	364	112	14150	1900	17798	4054	864	0	1208	0	248	128	104	0	94	230	4722	6526	2004	200	242	138	
198472	Lingual_R	0	0	0	0	0	0	0	0	0	0	0	0	0	0	0	0	0	0	0	134	0	0	0	0	0	0	0	0	0	0	0	0	0	0	106	928	486	3378	332	4050	0	0	1030	12580	0	1734	2518	0	0	2534	0	2200	0	3584	374	14864	0	0	0	0	0	86	0	0	0	118	152	5022	0	150	0	0	250	0	0	0	0	212	0	0	0	0	0	0	0	274	0	0	0	902	988	7656	382	316	0	598	1466	6444	1590	10338	0	0	0	0	0	0	0	0	94	364	5130	4970	390	130	140	242	
189860	Occipital_Sup_L	0	0	0	0	0	0	0	0	0	0	0	0	0	0	0	0	0	0	0	0	0	0	0	0	0	0	0	0	0	0	0	0	266	0	288	0	0	0	0	0	0	0	13520	0	18198	118	4338	0	0	0	26526	0	1056	0	308	0	2802	0	9768	0	6136	0	0	0	646	0	10038	0	134	0	0	0	0	0	0	0	0	0	0	0	0	0	0	0	696	0	0	0	92	0	0	0	0	0	0	0	0	0	0	0	0	0	0	0	0	0	0	0	0	0	0	0	0	0	0	0	
227928	Occipital_Sup_R	0	184	0	0	0	0	0	0	0	0	0	0	0	0	0	0	0	0	0	126	0	0	0	0	0	0	0	0	0	0	0	0	160	582	446	2028	0	0	0	0	0	0	3044	17778	3984	28694	400	2534	0	0	0	23332	0	2118	0	1490	0	186	0	4822	0	2352	0	162	0	5186	630	10772	232	292	0	0	0	0	0	0	0	0	0	0	0	0	0	0	0	2220	0	0	0	210	0	0	0	0	0	0	0	0	0	0	0	0	0	0	0	0	0	0	0	0	0	0	0	0	0	0	
384168	Occipital_Mid_L	280	0	202	0	0	0	0	0	0	0	0	0	0	0	0	0	170	0	180	0	0	0	0	0	0	0	0	0	310	0	0	0	276	0	106	0	790	0	530	0	0	0	19912	0	8428	0	12288	0	26526	0	0	0	21904	0	8594	0	5142	0	10138	0	12560	0	1542	0	18252	0	10830	0	2542	0	0	0	0	0	0	0	0	0	302	0	740	0	0	0	25196	0	0	0	4142	0	202	0	0	0	0	0	0	0	0	0	0	0	0	0	0	0	0	0	0	0	0	0	0	0	0	0	
164048	Occipital_Mid_R	0	0	0	0	0	0	0	0	0	0	0	0	0	0	0	0	0	0	0	0	0	0	0	0	0	0	0	0	0	0	0	0	0	104	134	782	0	0	0	0	0	0	332	8068	112	10710	94	2200	0	23332	0	0	0	5110	0	1602	0	0	0	3222	0	4026	0	140	0	7448	100	6170	90	0	0	0	0	0	0	0	0	0	0	0	0	174	0	0	0	7710	0	0	0	364	0	0	0	0	0	0	0	0	0	0	0	0	0	0	0	0	0	0	0	0	0	0	0	0	0	0	
147924	Occipital_Inf_L	0	0	0	0	0	0	0	0	0	0	0	0	0	0	0	0	0	0	0	0	0	0	0	0	0	0	0	0	96	0	0	0	0	0	0	0	3622	0	834	0	0	0	4288	0	686	0	6464	0	1056	0	21904	0	0	0	13624	0	296	0	244	0	1282	0	1384	0	3306	0	572	0	106	0	0	0	0	0	0	0	0	0	552	0	2044	0	0	0	6318	0	0	0	3222	0	1958	0	0	0	0	0	0	0	104	0	0	0	0	0	0	0	0	0	0	0	0	0	0	0	0	0	
105556	Occipital_Inf_R	0	274	0	0	0	0	0	0	0	0	0	0	0	0	0	0	0	0	0	270	0	0	0	0	0	0	0	0	0	0	0	0	0	186	144	398	0	0	0	168	0	0	0	5040	0	758	438	3584	0	2118	0	5110	0	0	138	10060	0	196	0	556	0	2090	0	442	0	3854	0	726	124	368	0	0	0	0	0	0	0	0	0	0	0	144	0	0	0	5020	0	0	0	7194	0	116	0	0	0	0	512	848	176	588	0	0	0	0	0	0	0	0	0	0	838	300	0	0	0	0	
462724	Fusiform_L	112	0	478	0	0	0	0	0	0	0	0	0	0	0	0	0	154	0	612	0	0	0	0	0	0	0	0	0	2696	0	0	0	0	0	462	722	14648	594	8724	530	2116	0	1816	0	204	0	18348	374	308	0	8594	0	13624	138	0	372	324	0	194	0	1316	0	1468	0	1626	0	952	280	140	0	0	0	1232	0	0	0	946	0	912	0	4686	0	4140	0	6292	0	2138	0	18374	0	31294	398	3218	0	502	96	18306	770	37346	884	5068	0	4836	0	662	0	746	0	0	138	3204	2758	490	0	0	0	
387780	Fusiform_R	988	828	0	696	0	0	0	86	0	0	0	0	0	0	0	0	0	312	718	1568	0	0	0	0	0	0	0	0	166	2880	0	0	0	284	2308	2892	1662	23818	246	17926	0	3980	0	5022	0	554	1342	14864	0	1490	0	1602	0	10060	372	0	0	502	0	374	0	920	0	534	0	1112	94	1932	568	950	0	0	0	4456	0	100	402	1104	300	536	348	1446	0	3862	0	4240	0	1560	246	16070	270	15252	94	540	0	334	1052	10482	620	20196	0	152	0	1158	0	144	0	0	0	138	3056	2000	82	0	0	0	
239808	Postcentral_L	20160	186	7044	142	0	0	936	0	0	0	1126	0	204	0	0	0	7832	0	7438	200	0	0	0	0	0	0	0	0	4244	0	0	0	0	82	0	0	3320	0	112	0	0	0	94	0	0	0	0	0	2802	0	5142	0	296	0	324	0	0	0	8434	0	21256	0	10976	0	4034	0	1948	0	3142	0	184	248	1542	84	748	0	134	0	1054	0	3658	0	0	0	558	0	0	0	220	0	0	0	0	0	0	0	0	0	0	0	0	0	0	0	0	0	0	0	0	0	0	0	0	0	0	0	
231280	Postcentral_R	0	25022	152	2246	0	0	0	116	0	0	0	696	0	0	0	0	0	4834	420	2326	0	0	0	0	0	0	0	0	0	2202	0	0	176	5866	618	1374	0	802	0	98	0	0	0	264	0	1578	0	0	0	186	0	0	0	196	0	502	0	0	0	8482	0	9978	0	12158	0	1990	330	10254	316	16280	146	0	82	606	0	0	0	0	0	482	0	776	0	0	0	2466	0	0	0	1620	0	0	0	0	0	0	0	0	0	0	0	0	0	0	0	0	0	0	0	0	0	0	0	0	0	0	
107776	Parietal_Sup_L	0	0	0	0	0	0	0	0	0	0	0	0	0	0	0	0	0	0	0	0	0	0	0	0	0	0	0	0	0	0	0	0	112	0	0	0	186	0	0	0	0	0	464	0	1204	0	0	0	9768	0	10138	0	244	0	194	0	8434	0	0	0	11354	0	0	0	2766	0	7884	0	530	0	0	0	0	0	0	0	0	0	0	0	400	0	0	0	210	0	0	0	0	0	0	0	0	0	0	0	0	0	0	0	0	0	0	0	0	0	0	0	0	0	0	0	0	0	0	0	
136576	Parietal_Sup_R	0	1908	0	0	0	0	0	0	0	0	0	0	0	0	0	0	0	0	0	202	0	0	0	0	0	0	0	0	0	98	0	0	0	1124	0	232	0	0	0	0	0	0	0	426	112	4548	0	0	0	4822	0	3222	0	556	0	374	0	8482	0	0	0	12084	0	7610	0	9228	416	6128	148	2960	0	0	0	0	0	0	0	0	0	0	0	752	0	0	0	2084	0	0	0	772	0	0	0	0	0	0	0	0	0	0	0	0	0	0	0	0	0	0	0	0	0	0	0	0	0	0	
204944	Parietal_Inf_L	2676	0	588	0	0	0	100	0	0	0	0	0	0	0	0	0	594	0	566	0	0	0	0	0	0	0	0	0	126	0	0	0	0	0	0	0	942	0	0	0	0	0	482	0	494	0	0	0	6136	0	12560	0	1282	0	1316	0	21256	0	11354	0	0	0	15944	0	19150	0	1286	0	776	0	0	0	0	0	0	0	0	0	510	0	2544	0	0	0	1526	0	0	0	0	0	264	0	0	0	0	0	0	0	0	0	0	0	0	0	0	0	0	0	0	0	0	0	0	0	0	0	
203180	Parietal_Inf_R	0	3290	0	0	0	0	0	0	0	0	0	0	0	0	0	0	0	0	0	924	0	0	0	0	0	0	0	0	0	114	0	0	102	2004	220	588	0	0	0	0	0	0	0	960	0	1660	0	86	0	2352	0	4026	0	2090	0	920	0	9978	0	12084	0	0	0	18204	0	21332	102	3036	416	4296	0	0	0	0	0	0	0	90	0	0	0	3156	0	0	0	7096	0	0	0	2464	0	0	0	0	0	0	0	0	0	0	0	0	0	0	0	0	0	0	0	0	0	0	0	0	0	0	
133608	SupraMarginal_L	1562	0	270	0	0	0	0	0	0	0	0	0	0	0	0	0	4600	0	300	0	0	0	0	0	0	0	0	0	3320	0	0	0	0	0	0	0	3258	0	0	0	0	0	0	0	0	0	0	0	0	0	1542	0	1384	0	1468	0	10976	0	0	0	15944	0	0	0	6536	0	0	0	568	0	0	0	0	0	0	0	0	0	436	0	9332	0	0	0	4792	0	0	0	240	0	276	0	0	0	0	0	0	0	0	0	0	0	0	0	0	0	0	0	0	0	0	0	0	0	0	0	
183876	SupraMarginal_R	92	5264	0	898	0	0	0	0	0	0	0	0	0	0	0	0	0	2444	114	3100	0	0	0	0	0	0	0	0	0	244	0	0	0	2464	98	406	0	654	0	0	0	0	0	254	0	128	0	0	0	162	0	140	0	442	0	534	0	12158	0	7610	0	18204	0	0	0	10992	96	2374	304	5758	200	0	96	0	0	0	0	124	0	148	0	7978	0	0	0	5582	0	0	0	2876	0	0	0	0	0	0	0	0	0	0	0	0	0	0	0	0	0	0	0	0	0	0	0	0	0	0	
152096	Angular_L	208	0	156	0	0	0	0	0	0	0	0	0	0	0	0	0	344	0	136	0	0	0	0	0	0	0	0	0	0	0	0	0	0	0	0	0	1038	0	0	0	0	0	1530	0	940	0	308	0	646	0	18252	0	3306	0	1626	0	4034	0	2766	0	19150	0	6536	0	0	0	1092	0	446	0	0	0	0	0	0	0	0	0	654	0	2964	0	0	0	9542	0	0	0	88	0	286	0	0	0	0	0	0	0	0	0	0	0	0	0	0	0	0	0	0	0	0	0	0	0	0	0	
184428	Angular_R	0	1498	0	0	0	0	0	0	0	0	0	0	0	0	0	0	0	0	0	208	0	0	0	0	0	0	0	0	0	100	0	0	116	468	178	450	0	0	0	0	0	0	0	1262	0	1842	0	118	0	5186	0	7448	0	3854	0	1112	0	1990	0	9228	0	21332	0	10992	0	0	96	2146	294	1794	0	0	0	0	0	0	0	0	0	0	0	6410	0	0	0	11004	0	0	0	3088	0	0	0	0	0	0	0	0	0	0	0	0	0	0	0	0	0	0	0	0	0	0	0	0	0	0	
212576	Precuneus_L	0	266	0	0	0	0	0	0	0	0	0	0	0	0	0	0	0	0	166	308	0	0	0	0	0	0	0	0	0	0	0	0	4478	2688	4674	2900	3104	436	2338	424	0	0	14588	200	12730	2170	4618	152	10038	630	10830	100	572	0	952	94	1948	330	7884	416	1286	102	0	96	1092	96	0	7658	2260	566	0	0	0	0	0	0	128	0	114	0	0	0	0	0	2114	86	0	0	434	0	84	0	0	0	0	0	0	0	0	0	0	0	0	0	0	0	0	0	0	0	138	0	0	0	0	0	
312148	Precuneus_R	194	6244	110	238	0	0	0	0	0	0	0	0	0	0	0	0	0	0	254	640	0	0	0	0	0	0	0	0	274	0	0	0	794	9814	1938	13702	1760	4936	1186	4154	0	0	1356	14078	1106	18484	380	5022	0	10772	0	6170	0	726	280	1932	0	10254	0	6128	0	3036	0	2374	0	2146	7658	0	360	9784	0	0	0	0	0	0	804	90	168	0	0	574	0	0	0	3454	0	0	136	1332	0	0	0	0	0	0	0	404	0	0	0	0	0	0	0	0	0	0	0	0	828	0	0	0	0	0	
235408	Paracentral_Lobule_L	19352	5314	7568	426	0	0	0	0	0	0	0	0	0	0	0	0	0	0	14036	18414	0	0	0	0	0	0	0	0	112	398	0	0	3854	11346	2432	872	428	814	0	0	0	0	0	0	94	124	0	0	134	232	2542	90	106	124	140	568	3142	316	530	148	776	416	568	304	446	294	2260	360	0	7540	1458	92	1046	100	2282	0	2582	288	0	0	0	0	0	0	1318	198	0	0	474	1246	0	0	0	0	0	0	0	0	0	0	0	0	0	0	0	0	0	0	0	0	0	0	0	0	0	0	
222368	Paracentral_Lobule_R	1904	12792	126	364	0	0	0	0	0	0	0	0	0	0	0	0	0	0	752	16354	0	0	0	0	0	0	0	0	0	300	0	0	1218	15296	1542	2456	0	364	0	0	0	0	0	320	0	1322	0	150	0	292	0	0	0	368	0	950	0	16280	0	2960	0	4296	0	5758	0	1794	566	9784	7540	0	0	0	0	0	0	0	0	0	0	0	0	622	0	0	0	2310	0	0	0	2404	0	0	0	0	0	0	0	0	0	0	0	0	0	0	0	0	0	0	0	0	0	0	0	0	0	0	
341048	Caudate_L	4086	1222	10038	4150	514	224	2092	148	272	118	12378	1630	6512	284	522	198	4720	1780	10978	3590	6192	6904	288	970	328	212	3152	430	9948	3572	8678	4062	0	336	0	0	412	150	0	0	0	0	0	0	0	0	0	0	0	0	0	0	0	0	0	0	184	146	0	0	0	0	0	200	0	0	0	0	1458	0	0	19096	19210	3570	3554	1362	5880	352	104	0	190	0	4128	0	0	0	0	0	0	0	0	0	0	0	0	0	0	0	0	0	0	0	0	0	0	0	0	0	0	0	0	0	0	0	0	0	
579412	Caudate_R	2052	1454	3432	34906	380	8206	820	1904	208	964	8554	6144	3164	2058	0	2762	3548	4568	12610	25402	5194	8582	268	12914	158	7510	2244	2812	6486	13036	4198	27850	0	876	0	0	0	602	0	0	0	106	0	0	0	0	0	0	0	0	0	0	0	0	0	0	248	0	0	0	0	0	0	0	0	0	0	0	92	0	19096	0	4882	24928	350	4706	316	15230	162	0	218	98	3206	202	0	0	0	0	0	0	0	0	0	0	0	0	0	0	0	0	0	0	0	0	0	0	0	0	0	0	0	0	0	0	0	0	
420640	Putamen_L	6108	1044	34102	878	5316	0	4276	0	2964	0	3872	0	4188	0	5428	0	2024	0	17790	2214	2482	2624	2816	740	794	0	1568	166	19052	88	9166	1120	0	630	0	0	8396	0	1512	0	618	0	0	0	0	0	0	250	0	0	0	0	0	0	1232	0	1542	82	0	0	0	0	0	96	0	0	0	0	1046	0	19210	4882	0	1166	24482	726	7868	148	228	0	1376	0	2808	0	134	0	0	0	1068	0	0	0	0	0	0	0	0	0	0	0	0	0	0	0	0	0	0	0	0	0	0	0	0	0	0	0	
403344	Putamen_R	440	1600	342	22518	304	8476	94	3774	196	506	1024	2736	602	3546	0	2250	358	8240	3320	11648	1564	3020	226	7382	94	5750	582	1538	778	23728	2326	12254	0	1366	0	0	0	17596	0	6334	0	3186	0	0	0	0	0	0	0	0	0	0	0	0	0	4456	84	606	0	0	0	0	0	0	0	0	0	0	100	0	3570	24928	1166	0	0	4376	0	0	154	346	172	512	0	252	0	126	0	0	0	366	0	124	0	0	0	0	0	316	0	320	0	0	0	0	0	0	0	0	0	0	0	0	0	0	0	0	
163196	Pallidum_L	5734	582	21764	350	0	0	2724	0	0	0	0	0	0	0	0	0	422	0	6114	1504	0	0	0	0	0	0	0	0	510	0	0	0	0	476	0	0	1292	0	0	0	0	0	0	0	0	0	0	0	0	0	0	0	0	0	0	0	748	0	0	0	0	0	0	0	0	0	0	0	2282	0	3554	350	24482	0	0	0	8314	138	144	0	114	0	0	0	0	0	0	0	0	0	0	0	0	0	0	0	0	0	0	0	0	0	0	0	0	0	0	0	0	0	0	0	0	0	0	0	
40924	Pallidum_R	0	264	0	4438	0	0	0	462	0	0	0	0	0	0	0	0	0	376	326	1200	228	690	0	0	0	0	0	0	0	246	0	88	0	0	0	0	0	544	0	330	0	0	0	0	0	0	0	0	0	0	0	0	0	0	0	100	0	0	0	0	0	0	0	0	0	0	0	0	0	0	1362	4706	726	4376	0	0	0	0	0	0	0	0	0	0	0	0	0	0	0	0	0	0	0	0	0	0	0	0	0	0	0	0	0	0	0	0	0	0	0	0	0	0	0	0	0	0	
144472	Thalamus_L	10488	604	9630	586	0	0	206	0	0	0	200	0	192	0	0	0	400	0	2570	474	0	0	0	0	0	0	0	0	2328	374	232	0	0	0	0	1016	4818	2618	316	1658	0	0	0	0	0	0	294	0	0	0	0	0	0	0	946	402	134	0	0	0	0	0	0	0	0	0	128	804	2582	0	5880	316	7868	0	8314	0	0	3288	680	224	340	196	0	0	0	80	0	0	1050	0	0	0	0	0	0	0	0	0	0	0	0	0	0	0	0	0	0	0	0	0	0	0	0	0	0	0	
153744	Thalamus_R	2506	6772	468	11404	0	0	0	0	0	0	100	0	0	0	0	0	0	0	9378	9030	0	0	0	0	0	0	0	0	98	2186	0	80	0	0	266	514	1312	5268	0	2204	0	152	0	0	0	0	0	212	0	0	0	0	0	0	0	1104	0	0	0	0	0	90	0	124	0	0	0	90	288	0	352	15230	148	0	138	0	3288	0	0	1022	0	1632	84	0	0	948	0	0	0	242	0	0	0	0	0	0	0	142	0	0	0	0	0	0	0	0	0	0	0	0	0	0	0	0	0	0	
72384	Heschl_L	756	0	602	90	0	0	0	0	0	0	160	0	0	0	0	0	4012	0	798	0	0	0	0	0	0	0	0	0	6782	0	0	84	0	0	620	942	3254	962	0	896	0	0	96	0	82	0	0	0	0	0	302	0	552	0	912	300	1054	0	0	0	510	0	436	0	654	0	114	168	0	0	104	162	228	154	144	0	680	0	0	0	5360	0	0	0	2404	0	0	0	1724	0	94	0	0	0	0	0	0	0	0	0	0	0	0	0	0	0	0	0	0	0	0	0	0	0	0	0	
33012	Heschl_R	266	122	0	820	0	0	0	0	0	0	0	0	0	0	0	0	0	2160	0	156	0	0	0	0	0	0	0	0	0	2968	0	0	0	0	0	86	164	806	0	106	0	0	0	0	0	0	0	0	0	0	0	0	0	0	0	536	0	482	0	0	0	0	0	148	0	0	0	0	0	0	0	0	0	346	0	0	224	1022	0	0	0	3706	0	0	0	1822	0	0	0	566	0	0	0	0	0	0	0	0	0	0	0	0	0	0	0	0	0	0	0	0	0	0	0	0	0	0	
194400	Temporal_Sup_L	1064	0	1546	118	0	0	452	0	0	0	486	0	106	0	0	0	8654	0	1506	0	0	0	0	0	0	0	0	0	11228	0	0	118	0	0	254	594	7316	662	316	626	0	0	0	0	0	0	0	0	0	0	740	0	2044	0	4686	348	3658	0	400	0	2544	0	9332	0	2964	0	0	0	0	0	190	218	1376	172	114	0	340	0	5360	0	0	0	1534	0	16598	0	0	0	9242	0	294	0	0	0	0	0	0	0	0	0	0	0	0	0	0	0	0	0	0	0	0	0	0	0	0	0	
142000	Temporal_Sup_R	262	674	0	1212	0	0	0	300	0	0	0	314	0	124	0	158	0	3368	138	1018	0	0	0	0	0	0	0	0	0	6358	0	0	0	260	116	446	172	1810	0	316	0	0	0	520	0	128	0	0	0	0	0	174	0	144	0	1446	0	776	0	752	0	3156	0	7978	0	6410	0	574	0	622	0	98	0	512	0	0	196	1632	0	3706	0	0	0	2842	0	18896	0	148	0	3244	0	0	0	0	0	0	0	0	0	0	0	0	0	0	0	0	0	0	0	0	0	0	0	0	0	0	
173728	Temporal_Pole_Sup_L	262	0	2128	544	432	0	794	0	0	0	9412	1238	1290	162	2056	0	6750	728	2096	262	1404	0	238	306	0	0	0	0	15372	2004	924	250	0	138	0	0	3016	0	1734	0	2320	0	0	0	0	0	0	0	0	0	0	0	0	0	4140	0	0	0	0	0	0	0	0	0	0	0	0	0	0	0	4128	3206	2808	0	0	0	0	84	0	0	1534	0	0	0	5972	0	3804	0	5328	0	0	0	0	0	0	0	0	0	0	0	0	0	0	0	0	0	0	0	0	0	0	0	0	0	0	0	
40764	Temporal_Pole_Sup_R	0	0	0	0	0	0	0	0	0	0	0	244	0	0	0	474	0	254	0	0	0	280	0	0	0	0	0	0	0	1194	0	0	0	0	0	0	0	1030	0	2114	0	2376	0	0	0	0	0	0	0	0	0	0	0	0	0	3862	0	0	0	0	0	0	0	0	0	0	0	0	0	0	0	202	0	252	0	0	0	0	0	0	0	2842	0	0	0	2470	0	1846	0	942	0	0	0	0	0	0	0	0	0	0	0	0	0	0	0	0	0	0	0	0	0	0	0	0	0	0	
250076	Temporal_Mid_L	138	0	162	0	0	0	0	0	0	0	0	0	0	0	0	0	690	0	174	0	0	0	0	0	0	0	0	0	2026	0	0	0	0	0	126	98	1314	0	270	0	0	0	2176	0	962	0	626	0	696	0	25196	0	6318	0	6292	0	558	0	210	0	1526	0	4792	0	9542	0	2114	0	1318	0	0	0	134	0	0	0	0	0	2404	0	16598	0	5972	0	0	0	3378	0	28886	0	342	0	0	0	0	0	0	0	0	0	0	0	0	0	0	0	0	0	0	0	0	0	0	0	0	0	
227744	Temporal_Mid_R	182	2634	0	98	0	0	0	0	0	0	0	0	0	0	0	0	0	0	0	552	0	0	0	0	0	0	0	0	0	3492	0	0	0	362	276	1106	116	1640	0	200	0	0	100	3230	0	1064	0	274	0	2220	0	7710	0	5020	0	4240	0	2466	0	2084	0	7096	0	5582	0	11004	86	3454	198	2310	0	0	0	126	0	0	80	948	0	1822	0	18896	0	2470	0	0	0	1808	0	18926	0	0	0	0	0	0	0	0	0	0	0	0	0	0	0	0	0	0	0	0	0	0	0	0	0	0	
25888	Temporal_Pole_Mid_L	0	0	0	0	0	0	0	0	0	0	0	0	0	0	0	0	0	0	0	0	0	0	0	0	0	0	0	0	0	0	0	0	0	0	0	0	0	0	704	0	114	0	0	0	0	0	0	0	0	0	0	0	0	0	2138	0	0	0	0	0	0	0	0	0	0	0	0	0	0	0	0	0	0	0	0	0	0	0	0	0	0	0	3804	0	3378	0	0	0	2806	0	0	0	0	0	0	0	0	0	0	0	0	0	0	0	0	0	0	0	0	0	0	0	0	0	0	0	
13068	Temporal_Pole_Mid_R	0	0	0	0	0	0	0	0	0	0	0	0	0	0	0	0	0	0	0	0	0	0	0	0	0	0	0	0	0	0	0	0	0	0	0	0	0	0	0	132	0	0	0	0	0	0	0	0	0	0	0	0	0	0	0	1560	0	0	0	0	0	0	0	0	0	0	0	0	0	0	0	0	0	0	0	0	0	0	0	0	0	148	0	1846	0	1808	0	0	0	1040	0	0	0	0	0	0	0	0	0	0	0	0	0	0	0	0	0	0	0	0	0	0	0	0	0	0	
209852	Temporal_Inf_L	210	0	720	0	0	0	192	0	0	0	0	0	0	0	0	0	1040	0	690	0	0	0	0	0	0	0	0	0	4512	0	0	0	0	0	340	678	7022	604	2632	594	552	0	268	0	154	0	184	0	92	0	4142	0	3222	0	18374	246	220	0	0	0	0	0	240	0	88	0	434	136	474	0	0	0	1068	0	0	0	1050	0	1724	0	9242	0	5328	0	28886	0	2806	0	0	0	3220	0	716	0	0	0	702	0	1048	0	554	0	372	0	0	0	150	0	0	0	0	0	0	0	0	0	
183124	Temporal_Inf_R	492	1982	0	0	0	0	0	0	0	0	0	0	0	0	0	0	0	144	108	1914	0	0	0	0	0	0	0	0	0	2642	0	0	0	720	2986	3846	110	7330	0	1236	0	0	0	414	0	162	82	902	0	210	0	364	0	7194	0	16070	0	1620	0	772	0	2464	0	2876	0	3088	0	1332	1246	2404	0	0	0	366	0	0	0	242	0	566	0	3244	0	942	0	18926	0	1040	0	0	0	758	0	0	0	0	110	202	0	264	0	0	0	0	0	0	0	0	0	0	192	0	0	0	0	0	
508064	Cerebelum_Crus1_L	0	0	0	0	0	0	0	0	0	0	0	0	0	0	0	0	0	0	0	0	0	0	0	0	0	0	0	0	0	0	0	0	0	0	0	0	1080	0	600	0	0	0	170	0	0	0	12910	988	0	0	202	0	1958	0	31294	270	0	0	0	0	264	0	276	0	286	0	84	0	0	0	0	0	0	0	0	0	0	0	94	0	294	0	0	0	342	0	0	0	3220	0	0	2036	37588	1070	446	1112	21002	1564	59686	4404	14974	174	24790	1154	2994	392	1768	0	234	1304	5112	10558	4438	1306	786	808	
448320	Cerebelum_Crus1_R	0	0	0	82	0	0	0	0	0	0	0	0	0	0	0	0	0	0	0	0	0	0	0	0	0	0	0	0	0	0	0	0	0	0	0	0	0	510	0	1302	0	0	0	0	0	0	3168	7656	0	0	0	0	0	116	398	15252	0	0	0	0	0	0	0	0	0	0	0	0	0	0	0	0	0	124	0	0	0	0	0	0	0	0	0	0	0	0	0	0	0	758	2036	0	1620	33784	0	3202	1918	24338	2932	63704	594	4224	644	20766	0	2642	0	398	256	2314	8594	10214	6900	1756	1366	592	
328356	Cerebelum_Crus2_L	0	0	0	0	0	0	0	0	0	0	0	0	0	0	0	0	0	0	0	0	0	0	0	0	0	0	0	0	0	0	0	0	0	0	0	0	90	0	96	0	0	0	0	0	0	0	1382	382	0	0	0	0	0	0	3218	94	0	0	0	0	0	0	0	0	0	0	0	0	0	0	0	0	0	0	0	0	0	0	0	0	0	0	0	0	0	0	0	0	716	0	37588	1620	0	3930	146	502	4184	698	13304	1712	33290	766	35494	2498	3082	508	1112	0	208	676	1506	4966	5336	3342	942	790	
269232	Cerebelum_Crus2_R	0	0	0	0	0	0	0	0	0	0	0	0	0	0	0	0	0	0	0	0	0	0	0	0	0	0	0	0	0	0	0	0	0	0	0	0	0	0	0	148	0	0	0	0	0	0	214	316	0	0	0	0	0	0	0	540	0	0	0	0	0	0	0	0	0	0	0	0	0	0	0	0	0	0	0	0	0	0	0	0	0	0	0	0	0	0	0	0	0	0	1070	33784	3930	0	0	572	182	1668	528	10164	1688	23502	1554	35160	0	4572	0	394	0	404	490	2066	7056	3696	682	236	
28104	Cerebelum_3_L	0	0	0	0	0	0	0	0	0	0	0	0	0	0	0	0	0	0	0	0	0	0	0	0	0	0	0	0	0	0	0	0	0	0	0	0	0	0	292	0	0	0	0	0	0	0	364	0	0	0	0	0	0	0	502	0	0	0	0	0	0	0	0	0	0	0	0	0	0	0	0	0	0	0	0	0	0	0	0	0	0	0	0	0	0	0	0	0	0	0	446	0	146	0	0	80	6650	0	1304	0	0	0	628	0	1624	82	94	0	380	762	616	82	0	0	0	0	
70912	Cerebelum_3_R	0	0	0	0	0	0	0	0	0	0	0	0	0	0	0	0	0	0	0	0	0	0	0	0	0	0	0	0	0	0	0	0	0	0	0	0	0	82	128	258	0	0	0	0	0	0	112	598	0	0	0	0	0	0	96	334	0	0	0	0	0	0	0	0	0	0	0	0	0	0	0	0	0	0	0	0	0	0	0	0	0	0	0	0	0	0	0	0	0	0	1112	3202	502	572	80	0	572	4604	1332	5854	104	0	404	824	166	1454	0	0	362	4608	1732	1670	1514	1598	1278	304	
311336	Cerebelum_4_5_L	0	0	0	0	0	0	0	0	0	0	0	0	0	0	0	0	0	0	0	0	0	0	0	0	0	0	0	0	0	0	0	0	0	0	0	0	220	0	1876	0	0	0	0	0	0	0	14150	1466	0	0	0	0	0	512	18306	1052	0	0	0	0	0	0	0	0	0	0	0	0	0	0	0	0	0	0	0	0	0	0	0	0	0	0	0	0	0	0	0	0	702	110	21002	1918	4184	182	6650	572	0	4134	36404	2812	6140	0	8254	0	3392	228	1206	0	194	1440	14232	2756	416	236	354	568	
254664	Cerebelum_4_5_R	0	0	0	94	0	0	0	0	0	0	0	0	0	0	0	0	0	0	0	0	0	0	0	0	0	0	0	0	0	82	0	0	0	0	0	0	0	1628	0	3322	0	88	0	254	0	0	1900	6444	0	0	0	0	0	848	770	10482	0	0	0	0	0	0	0	0	0	0	0	404	0	0	0	0	0	316	0	0	0	142	0	0	0	0	0	0	0	0	0	0	0	202	1564	24338	698	1668	0	4604	4134	0	3034	35068	200	216	664	1456	142	520	0	538	228	3012	12866	3302	668	458	582	396	
485452	Cerebelum_6_L	0	0	0	0	0	0	0	0	0	0	0	0	0	0	0	0	0	0	0	0	0	0	0	0	0	0	0	0	0	0	0	0	0	0	0	0	244	0	1368	0	0	0	0	0	0	0	17798	1590	0	0	0	0	104	176	37346	620	0	0	0	0	0	0	0	0	0	0	0	0	0	0	0	0	0	0	0	0	0	0	0	0	0	0	0	0	0	0	0	0	1048	0	59686	2932	13304	528	1304	1332	36404	3034	0	5944	7904	0	13084	458	2986	372	1904	0	286	1706	9656	13138	3604	994	806	1066	
447992	Cerebelum_6_R	0	0	0	140	0	0	0	0	0	0	0	0	0	0	0	0	0	0	0	158	0	0	0	0	0	0	0	0	0	0	0	0	0	0	0	0	0	1344	0	2574	0	0	0	0	0	0	4054	10338	0	0	0	0	0	588	884	20196	0	0	0	0	0	0	0	0	0	0	0	0	0	0	0	0	0	320	0	0	0	0	0	0	0	0	0	0	0	0	0	0	0	264	4404	63704	1712	10164	0	5854	2812	35068	5944	0	206	676	566	7672	128	1396	0	790	486	4500	11090	14984	5750	2004	2026	1200	
243064	Cerebelum_7b_L	0	0	0	0	0	0	0	0	0	0	0	0	0	0	0	0	0	0	0	0	0	0	0	0	0	0	0	0	0	0	0	0	0	0	0	0	128	0	620	0	0	0	0	0	0	0	864	0	0	0	0	0	0	0	5068	0	0	0	0	0	0	0	0	0	0	0	0	0	0	0	0	0	0	0	0	0	0	0	0	0	0	0	0	0	0	0	0	0	554	0	14974	594	33290	1688	0	104	6140	200	7904	206	0	440	34876	1704	3000	346	698	0	0	212	880	1074	2438	2656	564	310	
119068	Cerebelum_7b_R	0	0	0	0	0	0	0	0	0	0	0	0	0	0	0	0	0	0	0	0	0	0	0	0	0	0	0	0	0	0	0	0	0	0	0	0	0	0	0	0	0	0	0	0	0	0	0	0	0	0	0	0	0	0	0	152	0	0	0	0	0	0	0	0	0	0	0	0	0	0	0	0	0	0	0	0	0	0	0	0	0	0	0	0	0	0	0	0	0	0	174	4224	766	23502	0	0	0	216	0	676	440	0	420	23068	0	3256	0	84	0	0	0	290	1030	1236	0	0	
370404	Cerebelum_8_L	0	0	0	0	0	0	0	0	0	0	0	0	0	0	0	0	0	0	0	0	0	0	0	0	0	0	0	0	0	0	0	0	0	0	0	0	0	0	316	0	0	0	0	0	0	0	1208	0	0	0	0	0	0	0	4836	0	0	0	0	0	0	0	0	0	0	0	0	0	0	0	0	0	0	0	0	0	0	0	0	0	0	0	0	0	0	0	0	0	372	0	24790	644	35494	1554	628	404	8254	664	13084	566	34876	420	0	4090	22706	2464	4106	0	242	824	2080	3092	4518	7402	3594	1974	
277992	Cerebelum_8_R	0	0	0	0	0	0	0	0	0	0	0	0	0	0	0	0	0	0	0	0	0	0	0	0	0	0	0	0	0	0	0	0	0	0	0	0	0	146	0	376	0	0	0	0	0	0	0	0	0	0	0	0	0	0	0	1158	0	0	0	0	0	0	0	0	0	0	0	0	0	0	0	0	0	0	0	0	0	0	0	0	0	0	0	0	0	0	0	0	0	0	1154	20766	2498	35160	0	824	0	1456	458	7672	1704	23068	4090	0	112	18672	0	1798	436	794	0	1590	4906	7064	2442	652	
112512	Cerebelum_9_L	0	0	0	0	0	0	0	0	0	0	0	0	0	0	0	0	0	0	0	0	0	0	0	0	0	0	0	0	0	0	0	0	0	0	0	0	0	0	0	0	0	0	0	0	0	0	248	0	0	0	0	0	0	0	662	0	0	0	0	0	0	0	0	0	0	0	0	0	0	0	0	0	0	0	0	0	0	0	0	0	0	0	0	0	0	0	0	0	0	0	2994	0	3082	0	1624	166	3392	142	2986	128	3000	0	22706	112	0	1886	5522	0	118	370	506	706	914	1436	2148	1408	
127864	Cerebelum_9_R	0	0	0	0	0	0	0	0	0	0	0	0	0	0	0	0	0	0	0	0	0	0	0	0	0	0	0	0	0	0	0	0	0	0	0	0	0	0	0	0	0	0	0	0	0	0	128	0	0	0	0	0	0	0	0	144	0	0	0	0	0	0	0	0	0	0	0	0	0	0	0	0	0	0	0	0	0	0	0	0	0	0	0	0	0	0	0	0	0	0	392	2642	508	4572	82	1454	228	520	372	1396	346	3256	2464	18672	1886	0	132	1902	968	2126	334	1436	3072	5084	6724	3092	
35912	Cerebelum_10_L	0	0	0	0	0	0	0	0	0	0	0	0	0	0	0	0	0	0	0	0	0	0	0	0	0	0	0	0	0	0	0	0	0	0	0	0	0	0	208	0	0	0	0	0	0	0	104	0	0	0	0	0	0	0	746	0	0	0	0	0	0	0	0	0	0	0	0	0	0	0	0	0	0	0	0	0	0	0	0	0	0	0	0	0	0	0	0	0	150	0	1768	0	1112	0	94	0	1206	0	1904	0	698	0	4106	0	5522	132	0	0	0	0	120	86	0	0	0	0	
12328	Cerebelum_10_R	0	0	0	0	0	0	0	0	0	0	0	0	0	0	0	0	0	0	0	0	0	0	0	0	0	0	0	0	0	0	0	0	0	0	0	0	0	0	0	0	0	0	0	0	0	0	0	0	0	0	0	0	0	0	0	0	0	0	0	0	0	0	0	0	0	0	0	0	0	0	0	0	0	0	0	0	0	0	0	0	0	0	0	0	0	0	0	0	0	0	0	398	0	394	0	0	0	538	0	790	0	84	0	1798	0	1902	0	0	0	82	0	0	0	82	96	0	
30356	Vermis_1_2	0	0	0	0	0	0	0	0	0	0	0	0	0	0	0	0	0	0	0	0	0	0	0	0	0	0	0	0	0	0	0	0	0	0	0	0	0	0	294	0	0	0	0	0	0	0	94	94	0	0	0	0	0	0	0	0	0	0	0	0	0	0	0	0	0	0	0	0	0	0	0	0	0	0	0	0	0	0	0	0	0	0	0	0	0	0	0	0	0	0	234	256	208	0	380	362	194	228	286	486	0	0	242	436	118	968	0	0	0	4318	478	898	646	1016	1340	1602	
92756	Vermis_3	0	0	0	0	0	0	0	0	0	0	0	0	0	0	0	0	0	0	0	0	0	0	0	0	0	0	0	0	0	0	0	0	0	0	0	0	84	0	474	0	0	0	0	0	0	0	230	364	0	0	0	0	0	0	138	138	0	0	0	0	0	0	0	0	0	0	0	0	0	0	0	0	0	0	0	0	0	0	0	0	0	0	0	0	0	0	0	0	0	0	1304	2314	676	404	762	4608	1440	3012	1706	4500	212	0	824	794	370	2126	0	82	4318	0	2974	2566	2414	2894	2690	1960	
206244	Vermis_4_5	0	0	0	0	0	0	0	0	0	0	0	0	0	0	0	0	0	0	0	0	0	0	0	0	0	0	0	0	0	0	0	0	0	0	0	750	156	590	206	368	0	0	0	234	0	0	4722	5130	0	0	0	0	0	838	3204	3056	0	0	0	0	0	0	0	0	0	0	138	828	0	0	0	0	0	0	0	0	0	0	0	0	0	0	0	0	0	0	0	0	0	192	5112	8594	1506	490	616	1732	14232	12866	9656	11090	880	0	2080	0	506	334	120	0	478	2974	0	5452	1060	622	898	1412	
