data	data	442956	379116	868824	851184	123760	40852	552320	170536	92236	16720	258484	173508	270296	129224	163732	54136	222828	182104	768472	703548	49188	53928	270356	295084	26880	61192	45712	37888	601964	428972	219276	499364	125760	465156	157432	195536	291520	407124	115368	299388	47824	54360	320420	482036	214484	305316	415388	327240	210116	304628	619876	191624	234596	134668	515252	629744	396752	312048	283944	155480	313800	71080	91560	117608	168856	95148	353996	412720	446744	226184	222140	390564	245596	268240	47564	17484	122640	141300	50116	18208	202408	117500	70224	44068	291812	176660	28660	12616	308184	217728	501200	608092	275656	310320	24240	43992	354272	325548	554344	511364	165640	69984	249836	212396	99800	115112	18336	11048	24224	70484	368612	350852	229528	137068	79104	38956	
data	data	Precentral_L	Precentral_R	Frontal_Sup_L	Frontal_Sup_R	Frontal_Sup_Orb_L	Frontal_Sup_Orb_R	Frontal_Mid_L	Frontal_Mid_R	Frontal_Mid_Orb_L	Frontal_Mid_Orb_R	Frontal_Inf_Oper_L	Frontal_Inf_Oper_R	Frontal_Inf_Tri_L	Frontal_Inf_Tri_R	Frontal_Inf_Orb_L	Frontal_Inf_Orb_R	Rolandic_Oper_L	Rolandic_Oper_R	Supp_Motor_Area_L	Supp_Motor_Area_R	Olfactory_L	Olfactory_R	Frontal_Sup_Medial_L	Frontal_Sup_Medial_R	Frontal_Med_Orb_L	Frontal_Med_Orb_R	Rectus_L	Rectus_R	Insula_L	Insula_R	Cingulum_Ant_L	Cingulum_Ant_R	Cingulum_Mid_L	Cingulum_Mid_R	Cingulum_Post_L	Cingulum_Post_R	Hippocampus_L	Hippocampus_R	ParaHippocampal_L	ParaHippocampal_R	Amygdala_L	Amygdala_R	Calcarine_L	Calcarine_R	Cuneus_L	Cuneus_R	Lingual_L	Lingual_R	Occipital_Sup_L	Occipital_Sup_R	Occipital_Mid_L	Occipital_Mid_R	Occipital_Inf_L	Occipital_Inf_R	Fusiform_L	Fusiform_R	Postcentral_L	Postcentral_R	Parietal_Sup_L	Parietal_Sup_R	Parietal_Inf_L	Parietal_Inf_R	SupraMarginal_L	SupraMarginal_R	Angular_L	Angular_R	Precuneus_L	Precuneus_R	Paracentral_Lobule_L	Paracentral_Lobule_R	Caudate_L	Caudate_R	Putamen_L	Putamen_R	Pallidum_L	Pallidum_R	Thalamus_L	Thalamus_R	Heschl_L	Heschl_R	Temporal_Sup_L	Temporal_Sup_R	Temporal_Pole_Sup_L	Temporal_Pole_Sup_R	Temporal_Mid_L	Temporal_Mid_R	Temporal_Pole_Mid_L	Temporal_Pole_Mid_R	Temporal_Inf_L	Temporal_Inf_R	Cerebelum_Crus1_L	Cerebelum_Crus1_R	Cerebelum_Crus2_L	Cerebelum_Crus2_R	Cerebelum_3_L	Cerebelum_3_R	Cerebelum_4_5_L	Cerebelum_4_5_R	Cerebelum_6_L	Cerebelum_6_R	Cerebelum_7b_L	Cerebelum_7b_R	Cerebelum_8_L	Cerebelum_8_R	Cerebelum_9_L	Cerebelum_9_R	Cerebelum_10_L	Cerebelum_10_R	Vermis_1_2	Vermis_3	Vermis_4_5	Vermis_6	Vermis_7	Vermis_8	Vermis_9	Vermis_10	
442956	Precentral_L	0	7462	9790	6502	0	0	21140	0	0	0	8124	0	248	0	0	0	9716	0	4048	14414	0	0	0	0	0	0	0	0	11892	178	0	238	154	7020	606	452	5646	408	706	396	0	0	0	0	0	0	0	0	0	0	3936	0	1116	0	5186	366	34114	1794	2894	0	6950	0	994	0	3156	0	2106	0	20936	6388	4906	1568	1428	140	262	0	4430	560	2406	0	3172	0	0	0	1032	0	0	0	2498	0	0	0	0	0	0	0	0	0	0	0	0	0	0	0	0	0	0	0	0	0	0	0	0	0	0	0	
379116	Precentral_R	7462	0	2152	30950	0	0	206	7776	0	0	0	5548	0	146	0	0	0	3028	5948	26242	0	0	0	104	0	0	0	0	0	4826	104	686	0	2238	0	316	232	7752	0	3472	0	0	0	2092	0	324	0	94	0	674	0	184	0	468	0	4926	298	20790	0	2382	0	1160	0	1822	0	1052	0	1334	10512	6302	1438	7606	262	3118	402	282	1512	7398	0	394	0	750	0	0	0	502	0	0	0	2292	0	0	0	0	0	0	0	0	0	0	0	0	0	0	0	0	0	0	0	0	0	0	0	0	0	0	
868824	Frontal_Sup_L	9790	2152	0	9550	8056	0	73966	140	3082	0	19678	348	16290	0	5146	0	10786	372	85298	9976	0	0	37464	1458	180	0	0	0	37718	570	12430	3824	6720	1016	0	0	8808	142	996	0	0	0	0	0	0	0	0	0	0	0	518	0	0	0	2006	0	2314	372	542	0	386	0	96	0	0	0	162	0	4680	0	13026	3866	24368	586	3398	0	5390	918	136	0	3878	0	1246	0	0	0	0	0	568	0	0	0	0	0	0	0	0	0	0	0	0	0	0	0	0	0	0	0	0	0	0	0	0	0	0	0	
851184	Frontal_Sup_R	6502	30950	9550	0	0	620	480	25744	0	0	368	10574	410	9294	110	1958	0	10604	19262	77904	0	0	7420	37538	0	2582	0	104	870	16410	4208	49080	2156	22570	0	192	212	4254	0	1692	0	0	0	152	0	0	0	0	0	136	0	0	0	0	0	1196	276	2922	0	274	0	280	0	428	0	226	0	156	10584	0	2860	26196	374	10328	346	1322	1468	11742	0	126	0	186	0	154	0	98	0	0	0	144	0	0	0	0	0	0	0	0	0	0	0	0	0	0	0	0	0	0	0	0	0	0	0	0	0	0	
123760	Frontal_Sup_Orb_L	0	0	8056	0	0	0	722	0	11004	0	176	0	922	0	9984	0	0	0	460	0	1756	228	4344	0	1960	0	5268	0	5310	0	3418	0	174	0	0	0	106	0	116	0	276	0	0	0	0	0	0	0	0	0	0	0	0	0	0	0	0	0	0	0	0	0	0	0	0	0	0	0	0	0	1288	0	6134	0	0	0	0	0	0	0	0	0	178	0	0	0	0	0	0	0	0	0	0	0	0	0	0	0	0	0	0	0	0	0	0	0	0	0	0	0	0	0	0	0	0	0	
40852	Frontal_Sup_Orb_R	0	0	0	620	0	0	0	310	0	1898	0	0	0	344	0	1780	0	0	0	0	0	908	0	292	0	4968	0	6764	0	278	0	102	0	0	0	0	0	0	0	0	0	0	0	0	0	0	0	0	0	0	0	0	0	0	0	0	0	0	0	0	0	0	0	0	0	0	0	0	0	0	0	1314	0	848	0	0	0	0	0	0	0	0	0	0	0	0	0	0	0	0	0	0	0	0	0	0	0	0	0	0	0	0	0	0	0	0	0	0	0	0	0	0	0	0	0	0	
552320	Frontal_Mid_L	21140	206	73966	480	722	0	0	0	5476	0	16074	0	35716	0	11418	0	9304	0	16164	558	0	0	15062	202	0	0	0	0	29108	0	4318	370	5072	354	0	0	3798	0	202	0	0	0	0	0	0	0	0	0	0	0	480	0	0	0	702	0	4590	0	730	0	2334	0	100	0	104	0	156	0	432	0	6004	1048	3522	0	0	0	1056	156	288	0	3408	0	762	0	0	0	0	0	578	0	0	0	0	0	0	0	0	0	0	0	0	0	0	0	0	0	0	0	0	0	0	0	0	0	0	0	
170536	Frontal_Mid_R	0	7776	140	25744	0	310	0	0	0	704	0	6440	0	5120	0	2168	0	4198	346	1134	0	0	896	1918	0	0	0	0	102	5078	0	2296	0	1666	0	0	0	2590	0	930	0	0	0	182	0	0	0	0	0	164	0	0	0	0	0	852	0	3542	0	370	0	132	0	304	0	126	0	0	0	0	0	1306	0	6634	0	974	0	682	0	150	0	174	0	0	0	0	0	0	0	120	0	0	0	0	0	0	0	0	0	0	0	0	0	0	0	0	0	0	0	0	0	0	0	0	0	0	
92236	Frontal_Mid_Orb_L	0	0	3082	0	11004	0	5476	0	0	0	0	0	3646	0	13868	0	0	0	168	0	422	0	0	0	0	0	514	0	5114	0	0	0	0	0	0	0	0	0	0	0	178	0	0	0	0	0	0	0	0	0	0	0	0	0	0	0	0	0	0	0	0	0	0	0	0	0	0	0	0	0	106	0	2284	0	0	0	0	0	0	0	0	0	256	0	0	0	0	0	0	0	0	0	0	0	0	0	0	0	0	0	0	0	0	0	0	0	0	0	0	0	0	0	0	0	0	0	
16720	Frontal_Mid_Orb_R	0	0	0	0	0	1898	0	704	0	0	0	0	0	974	0	3568	0	0	0	0	0	88	0	0	0	272	0	444	0	294	0	0	0	0	0	0	0	0	0	0	0	0	0	0	0	0	0	0	0	0	0	0	0	0	0	0	0	0	0	0	0	0	0	0	0	0	0	0	0	0	0	0	0	118	0	0	0	0	0	0	0	0	0	0	0	0	0	0	0	0	0	0	0	0	0	0	0	0	0	0	0	0	0	0	0	0	0	0	0	0	0	0	0	0	0	0	
258484	Frontal_Inf_Oper_L	8124	0	19678	368	176	0	16074	0	0	0	0	464	14360	0	454	0	13846	0	13654	144	0	0	598	186	0	0	0	0	24380	176	2586	274	674	0	0	0	1904	0	0	0	0	0	0	0	0	0	0	0	0	0	0	0	0	0	446	0	1368	0	0	0	182	0	0	0	0	0	0	0	0	0	1636	460	1466	0	0	0	0	0	256	0	2770	0	2158	0	0	0	0	0	380	0	0	0	0	0	0	0	0	0	0	0	0	0	0	0	0	0	0	0	0	0	0	0	0	0	0	0	
173508	Frontal_Inf_Oper_R	0	5548	348	10574	0	0	0	6440	0	0	464	0	526	10480	124	316	0	3978	368	5116	0	0	0	2426	0	0	0	0	964	15500	210	3590	0	0	0	0	0	2156	0	1186	0	0	0	96	0	0	0	0	0	0	0	0	0	0	0	1170	0	1812	0	0	0	0	0	0	0	0	0	0	0	0	1274	5258	0	5360	0	408	0	232	0	238	0	102	0	186	0	0	0	0	0	304	0	0	0	0	0	0	0	0	0	0	0	0	0	0	0	0	0	0	0	0	0	0	0	0	0	0	
270296	Frontal_Inf_Tri_L	248	0	16290	410	922	0	35716	0	3646	0	14360	526	0	0	14074	0	946	0	5362	180	0	0	2380	188	0	0	0	0	29474	274	3006	298	2144	0	0	0	130	0	0	0	0	0	0	0	0	0	0	0	0	0	0	0	0	0	0	0	0	0	0	0	0	0	0	0	0	0	0	0	0	0	1328	422	1828	0	0	0	0	0	0	0	116	0	880	0	0	0	0	0	0	0	0	0	0	0	0	0	0	0	0	0	0	0	0	0	0	0	0	0	0	0	0	0	0	0	0	0	
129224	Frontal_Inf_Tri_R	0	146	0	9294	0	344	0	5120	0	974	0	10480	0	0	0	5566	0	94	0	3010	0	0	0	4702	0	272	0	0	0	12196	180	4642	0	0	0	0	0	0	0	0	0	0	0	0	0	0	0	0	0	0	0	0	0	0	0	0	0	0	0	0	0	0	0	0	0	0	0	0	0	0	96	3870	0	3626	0	0	0	0	0	0	0	0	0	0	0	0	0	0	0	0	0	0	0	0	0	0	0	0	0	0	0	0	0	0	0	0	0	0	0	0	0	0	0	0	0	0	
163732	Frontal_Inf_Orb_L	0	0	5146	110	9984	0	11418	0	13868	0	454	124	14074	0	0	0	0	0	1340	0	1572	224	230	0	108	0	1350	0	13924	110	330	0	210	0	0	0	92	0	0	0	258	0	0	0	0	0	0	0	0	0	0	0	0	0	0	0	0	0	0	0	0	0	0	0	0	0	0	0	0	0	728	136	4224	0	0	0	0	0	0	0	0	0	1852	0	0	0	0	0	0	0	0	0	0	0	0	0	0	0	0	0	0	0	0	0	0	0	0	0	0	0	0	0	0	0	0	0	
54136	Frontal_Inf_Orb_R	0	0	0	1958	0	1780	0	2168	0	3568	0	316	0	5566	0	0	0	0	0	450	0	1340	0	112	0	0	0	434	0	6122	0	216	0	0	0	0	0	0	0	0	0	198	0	0	0	0	0	0	0	0	0	0	0	0	0	0	0	0	0	0	0	0	0	0	0	0	0	0	0	0	0	738	0	2102	0	0	0	0	0	0	0	0	0	0	0	0	0	0	0	0	0	0	0	0	0	0	0	0	0	0	0	0	0	0	0	0	0	0	0	0	0	0	0	0	0	0	
222828	Rolandic_Oper_L	9716	0	10786	0	0	0	9304	0	0	0	13846	0	946	0	0	0	0	0	6818	0	0	0	0	0	0	0	0	0	20234	0	0	0	328	0	0	0	1406	0	0	0	0	0	0	0	0	0	0	0	0	0	380	0	394	0	2642	0	6688	0	170	0	236	0	1336	0	290	0	160	0	0	0	172	0	336	0	0	0	122	0	3668	0	13836	0	1948	0	2018	0	0	0	3634	0	0	0	0	0	0	0	0	0	0	0	0	0	0	0	0	0	0	0	0	0	0	0	0	0	0	0	
182104	Rolandic_Oper_R	0	3028	372	10604	0	0	0	4198	0	0	0	3978	0	94	0	0	0	0	678	2884	0	0	0	0	0	0	0	0	0	24408	0	326	0	134	0	168	0	5568	0	2914	0	0	0	432	0	0	0	0	0	154	0	0	0	0	0	2312	0	5514	0	486	0	0	0	4594	0	142	0	346	100	152	214	1754	0	4120	0	190	0	2882	0	1810	0	4392	0	186	0	502	0	0	0	1416	0	0	0	0	0	0	0	0	0	0	0	0	0	0	0	0	0	0	0	0	0	0	0	0	0	0	
768472	Supp_Motor_Area_L	4048	5948	85298	19262	460	0	16164	346	168	0	13654	368	5362	0	1340	0	6818	678	0	42782	0	0	4596	1842	0	0	0	0	21804	908	4574	8780	9302	17924	1532	584	6514	194	466	92	0	0	0	0	578	0	0	0	492	0	88	0	0	0	1534	0	1312	674	0	0	0	0	92	0	0	0	576	564	33248	126	12556	5384	18522	922	6242	0	14688	1540	0	0	1934	0	936	0	0	0	0	0	420	0	0	0	0	0	0	0	0	0	0	0	0	0	0	0	0	0	0	0	0	0	0	0	0	0	0	0	
703548	Supp_Motor_Area_R	14414	26242	9976	77904	0	0	558	1134	0	0	144	5116	180	3010	0	450	0	2884	42782	0	0	0	694	5974	0	0	0	0	442	4822	4080	26190	3872	39594	592	1336	344	3386	184	2740	0	0	0	0	0	112	0	0	0	0	0	0	0	0	290	3198	582	1922	0	0	0	0	0	0	0	0	110	1290	27146	10598	1644	12880	248	3808	336	286	1484	6048	0	0	0	0	0	122	0	0	0	0	0	626	0	0	0	0	0	0	0	0	0	0	0	0	0	0	0	0	0	0	0	0	0	0	0	0	0	0	
49188	Olfactory_L	0	0	0	0	1756	0	0	0	422	0	0	0	0	0	1572	0	0	0	0	0	0	3482	0	0	932	0	3126	0	1582	0	2642	1054	0	0	0	0	106	0	400	0	460	0	0	0	0	0	0	0	0	0	0	0	0	0	0	0	0	0	0	0	0	0	0	0	0	0	0	0	0	0	4182	2428	310	140	0	0	0	0	0	0	0	0	0	0	0	0	0	0	0	0	0	0	0	0	0	0	0	0	0	0	0	0	0	0	0	0	0	0	0	0	0	0	0	0	0	0	
53928	Olfactory_R	0	0	0	0	228	908	0	0	0	88	0	0	0	0	224	1340	0	0	0	0	3482	0	0	0	278	1180	1898	2180	0	2002	1780	2416	0	0	0	0	0	0	0	0	0	362	0	0	0	0	0	0	0	0	0	0	0	0	0	0	0	0	0	0	0	0	0	0	0	0	0	0	0	0	3808	3836	402	552	0	0	0	0	0	0	0	0	0	0	0	0	0	0	0	0	0	0	0	0	0	0	0	0	0	0	0	0	0	0	0	0	0	0	0	0	0	0	0	0	0	0	
270356	Frontal_Sup_Medial_L	0	0	37464	7420	4344	0	15062	896	0	0	598	0	2380	0	230	0	0	0	4596	694	0	0	0	14590	1610	680	182	0	2048	0	13962	10464	6212	8654	0	0	0	0	0	0	0	0	0	0	0	0	0	0	0	0	0	0	0	0	0	0	0	0	0	0	0	0	0	0	0	0	0	0	0	0	1454	112	1526	0	0	0	0	0	0	0	0	0	0	0	0	0	0	0	0	0	0	0	0	0	0	0	0	0	0	0	0	0	0	0	0	0	0	0	0	0	0	0	0	0	0	0	
295084	Frontal_Sup_Medial_R	0	104	1458	37538	0	292	202	1918	0	0	186	2426	188	4702	0	112	0	0	1842	5974	0	0	14590	0	0	4310	0	0	418	6170	1484	32160	0	13356	0	0	0	0	0	0	0	0	0	0	0	0	0	0	0	0	0	0	0	0	0	0	0	0	0	0	0	0	0	0	0	0	0	0	130	0	1178	12768	0	4036	0	0	0	0	0	0	0	0	0	0	0	0	0	0	0	0	0	0	0	0	0	0	0	0	0	0	0	0	0	0	0	0	0	0	0	0	0	0	0	0	0	0	
26880	Frontal_Med_Orb_L	0	0	180	0	1960	0	0	0	0	0	0	0	0	0	108	0	0	0	0	0	932	278	1610	0	0	658	2122	0	0	0	4128	428	0	0	0	0	0	0	0	0	0	0	0	0	0	0	0	0	0	0	0	0	0	0	0	0	0	0	0	0	0	0	0	0	0	0	0	0	0	0	822	214	0	0	0	0	0	0	0	0	0	0	0	0	0	0	0	0	0	0	0	0	0	0	0	0	0	0	0	0	0	0	0	0	0	0	0	0	0	0	0	0	0	0	0	0	
61192	Frontal_Med_Orb_R	0	0	0	2582	0	4968	0	0	0	272	0	0	0	272	0	0	0	0	0	0	0	1180	680	4310	658	0	112	6342	0	254	510	3598	0	0	0	0	0	0	0	0	0	0	0	0	0	0	0	0	0	0	0	0	0	0	0	0	0	0	0	0	0	0	0	0	0	0	0	0	0	0	0	3398	0	1460	0	0	0	0	0	0	0	0	0	0	0	0	0	0	0	0	0	0	0	0	0	0	0	0	0	0	0	0	0	0	0	0	0	0	0	0	0	0	0	0	0	0	
45712	Rectus_L	0	0	0	0	5268	0	0	0	514	0	0	0	0	0	1350	0	0	0	0	0	3126	1898	182	0	2122	112	0	118	236	0	3420	636	0	0	0	0	0	0	0	0	0	0	0	0	0	0	0	0	0	0	0	0	0	0	0	0	0	0	0	0	0	0	0	0	0	0	0	0	0	0	2724	1150	0	0	0	0	0	0	0	0	0	0	0	0	0	0	0	0	0	0	0	0	0	0	0	0	0	0	0	0	0	0	0	0	0	0	0	0	0	0	0	0	0	0	0	0	
37888	Rectus_R	0	0	0	104	0	6764	0	0	0	444	0	0	0	0	0	434	0	0	0	0	0	2180	0	0	0	6342	118	0	0	190	152	1356	0	0	0	0	0	0	0	0	0	0	0	0	0	0	0	0	0	0	0	0	0	0	0	0	0	0	0	0	0	0	0	0	0	0	0	0	0	0	0	734	0	126	0	0	0	0	0	0	0	0	0	0	0	0	0	0	0	0	0	0	0	0	0	0	0	0	0	0	0	0	0	0	0	0	0	0	0	0	0	0	0	0	0	0	
601964	Insula_L	11892	0	37718	870	5310	0	29108	102	5114	0	24380	964	29474	0	13924	0	20234	0	21804	442	1582	0	2048	418	0	0	236	0	0	574	3620	812	1892	0	0	0	20754	0	2200	0	2814	0	0	0	0	0	0	0	0	0	442	0	344	0	9066	0	3220	0	332	0	280	0	134	0	280	0	384	0	100	0	3382	1214	16530	116	0	166	1172	0	5172	0	8920	0	3530	0	1330	0	0	0	6582	0	0	0	0	0	0	0	0	0	0	0	0	0	0	0	0	0	0	0	0	0	0	0	0	0	0	0	
428972	Insula_R	178	4826	570	16410	0	278	0	5078	0	294	176	15500	274	12196	110	6122	0	24408	908	4822	0	2002	0	6170	0	254	0	190	574	0	202	6742	0	790	686	1344	142	19340	150	11618	0	2708	0	848	0	0	0	834	0	0	0	0	0	278	0	13176	110	2902	0	194	0	0	0	638	0	224	0	972	276	1310	952	9282	0	20024	0	276	0	3180	0	1174	0	5486	0	298	0	1924	0	0	0	4964	0	0	0	0	0	0	0	0	0	0	0	0	0	0	0	0	0	0	0	0	102	0	0	0	0	0	
219276	Cingulum_Ant_L	0	104	12430	4208	3418	0	4318	0	0	0	2586	210	3006	180	330	0	0	0	4574	4080	2642	1780	13962	1484	4128	510	3420	152	3620	202	0	15716	1714	2528	0	0	0	122	0	0	0	0	0	0	0	0	0	0	0	0	0	0	0	0	0	0	0	0	0	0	0	0	0	0	0	0	0	0	0	0	6914	4678	4438	1328	0	0	0	770	0	0	0	0	86	0	0	0	0	0	0	0	0	0	0	0	0	0	0	0	0	0	0	0	0	0	0	0	0	0	0	0	0	0	0	0	0	0	
499364	Cingulum_Ant_R	238	686	3824	49080	0	102	370	2296	0	0	274	3590	298	4642	0	216	0	326	8780	26190	1054	2416	10464	32160	428	3598	636	1356	812	6742	15716	0	2900	22480	0	0	0	342	0	174	0	0	0	0	0	0	0	0	0	0	0	0	0	0	0	0	138	368	0	0	0	0	0	0	0	0	0	0	286	0	4326	30296	2198	6502	0	206	0	3172	0	0	0	0	0	0	0	0	0	0	0	0	0	0	0	0	0	0	0	0	0	0	0	0	0	0	0	0	0	0	0	0	0	0	0	0	0	0	
125760	Cingulum_Mid_L	154	0	6720	2156	174	0	5072	0	0	0	674	0	2144	0	210	0	328	0	9302	3872	0	0	6212	0	0	0	0	0	1892	0	1714	2900	0	6886	3380	386	164	0	0	0	0	0	0	0	790	0	0	0	376	0	622	0	0	0	0	0	100	0	542	0	0	0	0	0	0	0	2634	496	2884	0	0	0	0	0	0	0	0	0	0	0	96	0	0	0	0	0	0	0	0	0	0	0	0	0	0	0	0	0	0	0	0	0	0	0	0	0	0	0	0	0	0	0	0	0	0	0	
465156	Cingulum_Mid_R	7020	2238	1016	22570	0	0	354	1666	0	0	0	0	0	0	0	0	0	134	17924	39594	0	0	8654	13356	0	0	0	0	0	790	2528	22480	6886	0	4410	9002	292	830	288	760	0	0	0	2732	0	1230	0	96	0	182	0	0	132	686	2046	2372	2404	10658	0	394	0	0	0	0	0	0	1022	9306	16926	17666	0	228	0	0	0	102	0	0	0	0	0	128	0	0	0	92	0	0	166	1218	0	0	0	0	0	0	0	0	0	0	0	0	0	0	0	0	0	0	0	0	0	0	0	0	0	0	
157432	Cingulum_Post_L	606	0	0	0	0	0	0	0	0	0	0	0	0	0	0	0	0	0	1532	592	0	0	0	0	0	0	0	0	0	686	0	0	3380	4410	0	12278	4658	4306	3678	3302	0	0	2850	234	1186	168	1682	264	842	0	254	0	696	186	5962	3352	1316	2428	0	0	0	0	0	0	0	0	6636	1044	4238	2764	0	0	0	0	0	0	0	0	170	0	0	0	0	0	106	0	0	0	1406	894	0	0	0	0	0	0	0	0	0	0	0	0	0	0	0	0	0	0	0	0	610	0	0	0	0	0	
195536	Cingulum_Post_R	452	316	0	192	0	0	0	0	0	0	0	0	0	0	0	0	0	168	584	1336	0	0	0	0	0	0	0	0	0	1344	0	0	386	9002	12278	0	3524	6648	2632	5104	0	0	134	6696	0	1134	0	2388	0	194	0	144	0	2180	2190	7958	704	2644	0	168	0	0	0	0	0	0	1156	16286	936	3458	0	0	0	0	0	0	0	174	0	0	0	108	0	0	0	194	0	0	0	2946	0	0	0	0	0	0	0	0	0	0	0	0	0	0	0	0	0	0	0	0	2010	0	0	0	0	0	
291520	Hippocampus_L	5646	232	8808	212	106	0	3798	0	0	0	1904	0	130	0	92	0	1406	0	6514	344	106	0	0	0	0	0	0	0	20754	142	0	0	164	292	4658	3524	0	3552	17192	1982	8760	0	1332	0	0	0	1904	858	0	0	186	0	200	0	16772	1218	860	228	166	0	142	0	0	0	148	0	1628	264	2420	292	246	0	8470	0	1042	0	3344	718	3192	0	1400	0	1082	0	434	0	294	0	5486	0	286	0	0	0	0	166	112	0	134	0	0	0	0	0	0	0	0	0	96	200	122	0	0	0	0	0	
407124	Hippocampus_R	408	7752	142	4254	0	0	0	2590	0	0	0	2156	0	0	0	0	0	5568	194	3386	0	0	0	0	0	0	0	0	0	19340	122	342	0	830	4306	6648	3552	0	2640	40750	0	9850	0	598	0	0	0	5020	0	0	0	0	0	156	686	35874	0	1740	0	104	0	0	0	518	0	0	150	4110	310	1774	0	748	0	17868	0	230	330	5234	0	558	0	1944	0	1190	0	2212	0	0	0	5148	0	116	0	0	110	0	0	582	0	174	0	0	0	0	0	0	0	0	0	0	1248	0	0	0	0	0	
115368	ParaHippocampal_L	706	0	996	0	116	0	202	0	0	0	0	0	0	0	0	0	0	0	466	184	400	0	0	0	0	0	0	0	2200	150	0	0	0	288	3678	2632	17192	2640	0	1738	3900	0	1212	0	0	0	1964	898	0	0	0	0	0	0	7986	1108	0	218	0	0	0	0	0	0	0	0	1520	256	208	288	0	0	766	0	0	0	358	388	0	0	146	0	804	0	0	0	422	0	224	0	0	0	0	0	190	148	506	0	0	0	0	0	0	0	0	0	0	0	166	306	114	0	0	0	0	0	
299388	ParaHippocampal_R	396	3472	0	1692	0	0	0	930	0	0	0	1186	0	0	0	0	0	2914	92	2740	0	0	0	0	0	0	0	0	0	11618	0	174	0	760	3302	5104	1982	40750	1738	0	0	6032	0	414	0	0	0	4780	0	0	0	0	0	124	376	30528	0	1152	0	94	0	0	0	120	0	0	132	2902	302	1686	0	402	0	7876	0	190	246	2344	0	396	0	1248	0	2846	0	128	0	512	0	3238	0	392	0	0	0	0	0	818	0	480	0	0	0	0	0	0	0	0	0	0	1086	0	0	0	0	0	
47824	Amygdala_L	0	0	0	0	276	0	0	0	178	0	0	0	0	0	258	0	0	0	0	0	460	0	0	0	0	0	0	0	2814	0	0	0	0	0	0	0	8760	0	3900	0	0	0	0	0	0	0	0	0	0	0	0	0	0	0	3916	0	0	0	0	0	0	0	0	0	0	0	0	0	0	0	0	0	1232	0	0	0	0	0	0	0	0	0	688	0	0	0	380	0	1050	0	0	0	0	0	0	0	0	0	0	0	0	0	0	0	0	0	0	0	0	0	0	0	0	0	0	0	
54360	Amygdala_R	0	0	0	0	0	0	0	0	0	0	0	0	0	0	0	198	0	0	0	0	0	362	0	0	0	0	0	0	0	2708	0	0	0	0	0	0	0	9850	0	6032	0	0	0	0	0	0	0	0	0	0	0	0	0	0	0	3118	0	0	0	0	0	0	0	0	0	0	0	0	0	0	0	0	0	2854	0	0	0	0	0	0	0	0	0	2058	0	0	0	0	0	0	0	0	0	0	0	0	0	0	0	0	0	0	0	0	0	0	0	0	0	0	0	0	0	0	0	0	
320420	Calcarine_L	0	0	0	0	0	0	0	0	0	0	0	0	0	0	0	0	0	0	0	0	0	0	0	0	0	0	0	0	0	0	0	0	0	0	2850	134	1332	0	1212	0	0	0	0	7524	19310	6776	15206	3716	11398	3300	30620	842	15152	608	9056	800	954	0	2056	474	984	0	0	0	132	0	18650	874	1046	0	0	0	0	0	0	0	0	0	0	0	0	0	0	0	1474	0	0	0	3182	0	0	0	0	0	0	0	0	0	0	0	0	0	0	0	0	0	0	0	0	0	548	0	0	0	0	0	
482036	Calcarine_R	0	2092	0	152	0	0	0	182	0	0	0	96	0	0	0	0	0	432	0	0	0	0	0	0	0	0	0	0	0	848	0	0	0	2732	234	6696	0	598	0	414	0	0	7524	0	2742	33182	1360	18530	0	32088	138	16066	138	15902	0	16450	0	8662	0	9680	0	460	0	752	0	700	2078	41244	0	7528	0	166	0	0	0	0	0	0	0	0	0	386	0	0	0	4224	0	0	0	6542	0	0	0	0	0	0	0	0	0	0	0	0	0	0	0	0	0	0	0	0	0	0	0	0	0	0	
214484	Cuneus_L	0	0	0	0	0	0	0	0	0	0	0	0	0	0	0	0	0	0	578	0	0	0	0	0	0	0	0	0	0	0	0	0	790	0	1186	0	0	0	0	0	0	0	19310	2742	0	7324	1814	88	23534	1916	16230	0	4120	0	1862	0	722	0	3544	268	794	0	0	0	176	0	13694	1992	2890	0	0	0	0	0	0	0	0	0	0	0	0	0	0	0	1086	0	0	0	582	0	0	0	0	0	0	0	0	0	0	0	0	0	0	0	0	0	0	0	0	0	0	0	0	0	0	0	
305316	Cuneus_R	0	324	0	0	0	0	0	0	0	0	0	0	0	0	0	0	0	0	0	112	0	0	0	0	0	0	0	0	0	0	0	0	0	1230	168	1134	0	0	0	0	0	0	6776	33182	7324	0	1148	6152	0	34126	0	9734	0	1998	0	4088	0	1784	0	5330	0	0	0	0	0	480	3690	27606	0	2448	0	0	0	0	0	0	0	0	0	0	0	144	0	0	0	3234	0	0	0	446	0	0	0	0	0	0	0	0	0	0	0	0	0	0	0	0	0	0	0	0	0	0	0	0	0	0	
415388	Lingual_L	0	0	0	0	0	0	0	0	0	0	0	0	0	0	0	0	0	0	0	0	0	0	0	0	0	0	0	0	0	0	0	0	0	0	1682	0	1904	0	1964	0	0	0	15206	1360	1814	1148	0	4038	2060	1162	12286	208	7520	0	18874	1982	0	0	98	132	0	0	0	0	0	0	4924	244	90	0	0	0	0	0	0	0	0	0	0	0	0	0	0	0	174	0	0	0	226	0	19668	10770	970	4196	492	0	23812	4448	32734	9636	0	0	0	0	0	0	0	0	0	0	7568	12242	2062	0	0	0	
327240	Lingual_R	0	94	0	0	0	0	0	0	0	0	0	0	0	0	0	0	0	0	0	0	0	0	0	0	0	0	0	0	0	834	0	0	0	96	264	2388	858	5020	898	4780	0	0	3716	18530	88	6152	4038	0	0	6180	0	3342	0	5868	338	24454	0	628	0	496	0	0	0	0	0	0	226	10336	0	762	0	0	0	0	0	0	0	0	0	0	0	92	0	0	0	0	0	0	0	1036	714	13374	130	0	162	400	3170	10624	2062	12766	0	0	0	0	0	0	0	0	170	214	11212	6714	124	0	0	270	
210116	Occipital_Sup_L	0	0	0	0	0	0	0	0	0	0	0	0	0	0	0	0	0	0	492	0	0	0	0	0	0	0	0	0	0	0	0	0	376	0	842	0	0	0	0	0	0	0	11398	0	23534	0	2060	0	0	0	31382	0	3292	0	724	0	3060	0	12396	0	2264	0	0	0	140	0	11172	0	1666	0	0	0	0	0	0	0	0	0	0	0	0	0	0	0	174	0	0	0	86	0	0	0	0	0	0	0	0	0	0	0	0	0	0	0	0	0	0	0	0	0	0	0	0	0	0	0	
304628	Occipital_Sup_R	0	674	0	136	0	0	0	164	0	0	0	0	0	0	0	0	0	154	0	0	0	0	0	0	0	0	0	0	0	0	0	0	0	182	0	194	0	0	0	0	0	0	3300	32088	1916	34126	1162	6180	0	0	0	23594	0	2158	0	9006	0	2108	0	10052	0	368	0	376	0	2498	534	16210	0	584	0	134	0	0	0	0	0	0	0	0	0	452	0	0	0	3648	0	0	0	316	0	0	0	0	0	0	0	0	0	0	0	0	0	0	0	0	0	0	0	0	0	0	0	0	0	0	
619876	Occipital_Mid_L	3936	0	518	0	0	0	480	0	0	0	0	0	0	0	0	0	380	0	88	0	0	0	0	0	0	0	0	0	442	0	0	0	622	0	254	0	186	0	0	0	0	0	30620	138	16230	0	12286	0	31382	0	0	0	33088	0	15004	0	21826	0	32442	0	27894	0	3306	0	16922	0	24374	0	8078	0	0	0	0	0	0	0	0	0	0	0	1170	0	0	0	20422	0	0	0	7850	0	0	0	0	0	0	0	0	0	0	0	0	0	0	0	0	0	0	0	0	0	0	0	0	0	0	0	
191624	Occipital_Mid_R	0	184	0	0	0	0	0	0	0	0	0	0	0	0	0	0	0	0	0	0	0	0	0	0	0	0	0	0	0	0	0	0	0	0	0	144	0	0	0	0	0	0	842	16066	0	9734	208	3342	0	23594	0	0	0	5652	0	6190	0	614	0	3052	0	1530	0	404	0	6870	92	4404	0	292	0	0	0	0	0	0	0	0	0	0	0	898	0	0	0	9292	0	0	0	2408	0	0	0	0	0	0	0	0	0	0	0	0	0	0	0	0	0	0	0	0	0	0	0	0	0	0	
234596	Occipital_Inf_L	1116	0	0	0	0	0	0	0	0	0	0	0	0	0	0	0	394	0	0	0	0	0	0	0	0	0	0	0	344	0	0	0	0	132	696	0	200	0	0	0	0	0	15152	138	4120	0	7520	0	3292	0	33088	0	0	0	20756	0	2646	96	2056	0	1270	0	0	0	638	0	6206	0	954	132	0	0	0	0	0	0	0	0	0	0	400	0	0	0	3974	0	0	0	10760	0	402	0	0	0	0	0	374	0	442	0	0	0	0	0	0	0	0	0	0	0	0	0	0	0	0	0	
134668	Occipital_Inf_R	0	468	0	0	0	0	0	0	0	0	0	0	0	0	0	0	0	0	0	0	0	0	0	0	0	0	0	0	0	278	0	0	0	686	186	2180	0	156	0	124	0	0	608	15902	0	1998	0	5868	0	2158	0	5652	0	0	0	10042	0	1376	0	336	0	0	0	0	0	0	140	6400	0	1430	0	0	0	0	0	0	0	0	0	0	0	0	0	0	0	2318	0	0	0	8914	0	114	0	0	0	0	0	0	0	0	0	0	0	0	0	0	0	0	0	0	0	0	0	0	0	0	
515252	Fusiform_L	5186	0	2006	0	0	0	702	0	0	0	446	0	0	0	0	0	2642	0	1534	290	0	0	0	0	0	0	0	0	9066	0	0	0	0	2046	5962	2190	16772	686	7986	376	3916	0	9056	0	1862	0	18874	338	724	0	15004	0	20756	0	0	770	3250	1738	1098	0	552	0	94	0	694	0	9276	0	2478	1992	0	0	1380	0	0	0	286	306	2852	0	3100	0	2642	0	5910	0	2230	0	24082	0	22208	720	192	112	0	0	11842	434	25922	416	0	0	146	0	104	0	0	0	0	0	1430	650	300	0	0	0	
629744	Fusiform_R	366	4926	0	1196	0	0	0	852	0	0	0	1170	0	0	0	0	0	2312	0	3198	0	0	0	0	0	0	0	0	0	13176	0	0	0	2372	3352	7958	1218	35874	1108	30528	0	3118	800	16450	0	4088	1982	24454	0	9006	0	6190	0	10042	770	0	108	3836	0	1908	0	0	0	160	0	604	244	11684	316	5134	0	214	0	5968	0	138	136	1190	0	424	0	3276	0	5474	0	4214	0	1278	0	20900	528	18844	120	700	0	0	2340	9786	1138	16628	0	0	0	130	0	0	0	0	108	112	7660	2950	0	0	0	116	
396752	Postcentral_L	34114	298	2314	276	0	0	4590	0	0	0	1368	0	0	0	0	0	6688	0	1312	582	0	0	0	0	0	0	0	0	3220	110	0	138	100	2404	1316	704	860	0	0	0	0	0	954	0	722	0	0	0	3060	0	21826	0	2646	0	3250	108	0	1494	21880	0	29084	0	8358	0	5774	0	8716	0	12132	2082	938	614	140	114	0	0	184	0	1624	0	4542	0	0	0	4030	0	0	0	3710	0	0	0	0	0	0	0	0	0	0	0	0	0	0	0	0	0	0	0	0	0	0	0	0	0	0	0	
312048	Postcentral_R	1794	20790	372	2922	0	0	0	3542	0	0	0	1812	0	0	0	0	0	5514	674	1922	0	0	0	0	0	0	0	0	0	2902	0	368	0	10658	2428	2644	228	1740	218	1152	0	0	0	8662	0	1784	0	628	0	2108	0	614	96	1376	1738	3836	1494	0	0	13108	0	6356	0	16078	0	1414	156	5676	2688	14814	0	2776	0	1454	0	118	0	266	0	332	0	2576	0	0	0	1232	0	0	116	2848	0	0	0	0	0	0	0	0	0	0	0	0	0	0	0	0	0	0	0	0	0	0	0	0	0	0	
283944	Parietal_Sup_L	2894	0	542	0	0	0	730	0	0	0	0	0	0	0	0	0	170	0	0	0	0	0	0	0	0	0	0	0	332	0	0	0	542	0	0	0	166	0	0	0	0	0	2056	0	3544	0	98	0	12396	0	32442	0	2056	0	1098	0	21880	0	0	0	21648	0	2116	0	3592	0	20576	254	6826	0	0	0	0	0	0	0	0	0	0	0	640	0	0	0	3226	0	0	0	2148	0	0	0	0	0	0	0	0	0	0	0	0	0	0	0	0	0	0	0	0	0	0	0	0	0	0	0	
155480	Parietal_Sup_R	0	2382	0	274	0	0	0	370	0	0	0	0	0	0	0	0	0	486	0	0	0	0	0	0	0	0	0	0	0	194	0	0	0	394	0	168	0	104	0	94	0	0	474	9680	268	5330	132	496	0	10052	0	3052	0	336	0	1908	0	13108	0	0	0	5330	0	3318	0	4484	126	10012	0	1580	0	456	0	0	0	0	0	0	0	0	0	1068	0	0	0	1438	0	0	0	626	0	0	0	0	0	0	0	0	0	0	0	0	0	0	0	0	0	0	0	0	0	0	0	0	0	0	
313800	Parietal_Inf_L	6950	0	386	0	0	0	2334	0	0	0	182	0	0	0	0	0	236	0	0	0	0	0	0	0	0	0	0	0	280	0	0	0	0	0	0	0	142	0	0	0	0	0	984	0	794	0	0	0	2264	0	27894	0	1270	0	552	0	29084	0	21648	0	0	0	10264	0	25578	0	5064	0	4508	0	294	0	0	0	0	0	0	0	0	0	1028	0	0	0	11536	0	0	0	3628	0	0	0	0	0	0	0	0	0	0	0	0	0	0	0	0	0	0	0	0	0	0	0	0	0	0	0	
71080	Parietal_Inf_R	0	1160	0	280	0	0	0	132	0	0	0	0	0	0	0	0	0	0	0	0	0	0	0	0	0	0	0	0	0	0	0	0	0	0	0	0	0	0	0	0	0	0	0	460	0	0	0	0	0	368	0	1530	0	0	0	0	0	6356	0	5330	0	0	0	8822	0	10068	0	180	0	0	0	86	0	0	0	0	0	0	0	0	0	214	0	0	0	438	0	0	0	116	0	0	0	0	0	0	0	0	0	0	0	0	0	0	0	0	0	0	0	0	0	0	0	0	0	0	
91560	SupraMarginal_L	994	0	96	0	0	0	100	0	0	0	0	0	0	0	0	0	1336	0	92	0	0	0	0	0	0	0	0	0	134	0	0	0	0	0	0	0	0	0	0	0	0	0	0	0	0	0	0	0	0	0	3306	0	0	0	94	0	8358	0	2116	0	10264	0	0	0	5680	0	530	0	466	0	0	0	0	0	0	0	0	0	0	0	5626	0	0	0	5890	0	0	0	698	0	0	0	0	0	0	0	0	0	0	0	0	0	0	0	0	0	0	0	0	0	0	0	0	0	0	0	
117608	SupraMarginal_R	0	1822	0	428	0	0	0	304	0	0	0	0	0	0	0	0	0	4594	0	0	0	0	0	0	0	0	0	0	0	638	0	0	0	0	0	0	0	518	0	120	0	0	0	752	0	0	0	0	0	376	0	404	0	0	0	160	0	16078	0	3318	0	8822	0	0	0	7442	0	126	0	0	0	526	0	0	0	0	0	96	0	190	0	8380	0	0	0	3396	0	0	0	314	0	0	0	0	0	0	0	0	0	0	0	0	0	0	0	0	0	0	0	0	0	0	0	0	0	0	
168856	Angular_L	3156	0	0	0	0	0	104	0	0	0	0	0	0	0	0	0	290	0	0	0	0	0	0	0	0	0	0	0	280	0	0	0	0	0	0	0	148	0	0	0	0	0	132	0	176	0	0	0	140	0	16922	0	638	0	694	0	5774	0	3592	0	25578	0	5680	0	0	0	3958	0	588	0	0	0	0	0	0	0	0	0	0	0	1182	0	0	0	13518	0	0	0	1878	0	0	0	0	0	0	0	0	0	0	0	0	0	0	0	0	0	0	0	0	0	0	0	0	0	0	0	
95148	Angular_R	0	1052	0	226	0	0	0	126	0	0	0	0	0	0	0	0	0	142	0	0	0	0	0	0	0	0	0	0	0	224	0	0	0	0	0	0	0	0	0	0	0	0	0	700	0	480	0	0	0	2498	0	6870	0	0	0	604	0	1414	0	4484	0	10068	0	7442	0	0	0	542	0	0	0	0	0	0	0	0	0	0	0	0	0	3852	0	0	0	6204	0	0	0	646	0	0	0	0	0	0	0	0	0	0	0	0	0	0	0	0	0	0	0	0	0	0	0	0	0	0	
353996	Precuneus_L	2106	0	162	0	0	0	156	0	0	0	0	0	0	0	0	0	160	0	576	110	0	0	0	0	0	0	0	0	384	0	0	0	2634	1022	6636	1156	1628	150	1520	132	0	0	18650	2078	13694	3690	4924	226	11172	534	24374	92	6206	140	9276	244	8716	156	20576	126	5064	0	530	0	3958	0	0	8734	7976	348	0	0	0	0	0	0	0	0	142	0	224	0	0	0	2064	222	0	0	3548	108	0	0	0	0	0	0	90	0	0	0	0	0	0	0	0	0	0	0	0	0	584	0	0	0	0	0	
412720	Precuneus_R	0	1334	0	156	0	0	0	0	0	0	0	0	0	0	0	0	0	346	564	1290	0	0	0	0	0	0	0	0	0	972	0	0	496	9306	1044	16286	264	4110	256	2902	0	0	874	41244	1992	27606	244	10336	0	16210	0	4404	0	6400	0	11684	0	5676	254	10012	0	180	0	126	0	542	8734	0	100	9104	0	0	0	0	0	0	0	0	0	0	0	342	0	0	0	5546	0	0	0	3806	0	0	0	0	0	0	0	348	0	0	0	0	0	0	0	0	0	0	0	0	1270	0	0	0	0	0	
446744	Paracentral_Lobule_L	20936	10512	4680	10584	0	0	432	0	0	0	0	0	0	0	0	0	0	100	33248	27146	0	0	0	130	0	0	0	0	100	276	0	286	2884	16926	4238	936	2420	310	208	302	0	0	1046	0	2890	0	90	0	1666	0	8078	0	954	0	2478	316	12132	2688	6826	0	4508	0	466	0	588	0	7976	100	0	9180	3226	1052	2560	110	2254	0	13010	212	0	0	140	0	0	0	1158	0	0	0	1014	0	0	0	0	0	0	0	0	0	0	0	0	0	0	0	0	0	0	0	0	0	0	0	0	0	0	0	
226184	Paracentral_Lobule_R	6388	6302	0	0	0	0	0	0	0	0	0	0	0	0	0	0	0	152	126	10598	0	0	0	0	0	0	0	0	0	1310	0	0	0	17666	2764	3458	292	1774	288	1686	0	0	0	7528	0	2448	0	762	0	584	0	292	132	1430	1992	5134	2082	14814	0	1580	0	0	0	0	0	0	348	9104	9180	0	0	0	0	0	0	0	0	0	0	0	0	168	0	0	0	362	0	0	166	2182	0	0	0	0	0	0	0	0	0	0	0	0	0	0	0	0	0	0	0	0	0	0	0	0	0	0	
222140	Caudate_L	4906	1438	13026	2860	1288	0	6004	0	106	0	1636	1274	1328	96	728	0	172	214	12556	1644	4182	3808	1454	1178	822	0	2724	0	3382	952	6914	4326	0	0	0	0	246	0	0	0	0	0	0	0	0	0	0	0	0	0	0	0	0	0	0	0	938	0	0	0	294	0	0	0	0	0	0	0	3226	0	0	9254	8530	562	1556	0	7304	142	0	0	0	0	0	0	0	0	0	0	0	0	0	0	0	0	0	0	0	0	0	0	0	0	0	0	0	0	0	0	0	0	0	0	0	0	0	0	
390564	Caudate_R	1568	7606	3866	26196	0	1314	1048	1306	0	0	460	5258	422	3870	136	738	0	1754	5384	12880	2428	3836	112	12768	214	3398	1150	734	1214	9282	4678	30296	0	228	0	0	0	748	0	402	0	0	0	166	0	0	0	0	0	134	0	0	0	0	0	214	614	2776	0	456	0	86	0	526	0	0	0	0	1052	0	9254	0	626	15830	0	1988	224	16042	0	0	0	0	0	0	0	0	0	0	0	0	0	0	0	0	0	0	0	0	0	0	0	0	0	0	0	0	0	0	0	0	0	0	0	0	0	0	
245596	Putamen_L	1428	262	24368	374	6134	0	3522	0	2284	0	1466	0	1828	0	4224	0	336	0	18522	248	310	402	1526	0	0	0	0	0	16530	0	4438	2198	0	0	0	0	8470	0	766	0	1232	0	0	0	0	0	0	0	0	0	0	0	0	0	1380	0	140	0	0	0	0	0	0	0	0	0	0	0	2560	0	8530	626	0	96	6008	0	1622	0	110	0	0	0	454	0	0	0	0	0	404	0	0	0	0	0	0	0	0	0	0	0	0	0	0	0	0	0	0	0	0	0	0	0	0	0	0	0	
268240	Putamen_R	140	3118	586	10328	0	848	0	6634	0	118	0	5360	0	3626	0	2102	0	4120	922	3808	140	552	0	4036	0	1460	0	126	116	20024	1328	6502	0	0	0	0	0	17868	0	7876	0	2854	0	0	0	0	0	0	0	0	0	0	0	0	0	5968	114	1454	0	0	0	0	0	0	0	0	0	0	110	0	562	15830	96	0	0	1866	0	3246	0	0	0	100	0	0	0	0	0	0	0	182	0	0	0	0	0	0	0	0	0	0	0	0	0	0	0	0	0	0	0	0	0	0	0	0	0	0	
47564	Pallidum_L	262	402	3398	346	0	0	0	0	0	0	0	0	0	0	0	0	0	0	6242	336	0	0	0	0	0	0	0	0	0	0	0	0	0	0	0	0	1042	0	0	0	0	0	0	0	0	0	0	0	0	0	0	0	0	0	0	0	0	0	0	0	0	0	0	0	0	0	0	0	2254	0	1556	0	6008	0	0	0	1936	0	0	0	0	0	0	0	0	0	0	0	0	0	0	0	0	0	0	0	0	0	0	0	0	0	0	0	0	0	0	0	0	0	0	0	0	0	0	0	
17484	Pallidum_R	0	282	0	1322	0	0	0	974	0	0	0	408	0	0	0	0	0	190	0	286	0	0	0	0	0	0	0	0	166	276	0	206	0	102	0	0	0	230	0	190	0	0	0	0	0	0	0	0	0	0	0	0	0	0	0	138	0	118	0	0	0	0	0	0	0	0	0	0	0	0	0	1988	0	1866	0	0	0	0	0	0	0	0	0	0	0	0	0	0	0	0	0	0	0	0	0	0	0	0	0	0	0	0	0	0	0	0	0	0	0	0	0	0	0	0	0	0	
122640	Thalamus_L	4430	1512	5390	1468	0	0	1056	0	0	0	0	0	0	0	0	0	122	0	14688	1484	0	0	0	0	0	0	0	0	1172	0	0	0	0	0	0	0	3344	330	358	246	0	0	0	0	0	0	0	0	0	0	0	0	0	0	286	136	184	0	0	0	0	0	0	0	0	0	0	0	13010	0	7304	224	1622	0	1936	0	0	892	0	0	0	0	0	0	0	0	0	0	126	0	0	0	0	0	0	0	0	0	0	0	0	0	0	0	0	0	0	0	0	0	0	0	0	0	0	0	
141300	Thalamus_R	560	7398	918	11742	0	0	156	682	0	0	0	232	0	0	0	0	0	2882	1540	6048	0	0	0	0	0	0	0	0	0	3180	770	3172	0	0	0	174	718	5234	388	2344	0	0	0	0	0	0	0	0	0	0	0	0	0	0	306	1190	0	266	0	0	0	0	0	96	0	0	0	0	212	0	142	16042	0	3246	0	0	892	0	0	0	0	0	0	0	0	120	0	0	0	0	0	0	0	0	0	0	0	0	0	0	0	0	0	0	0	0	0	0	0	0	0	0	0	0	0	0	
50116	Heschl_L	2406	0	136	0	0	0	288	0	0	0	256	0	0	0	0	0	3668	0	0	0	0	0	0	0	0	0	0	0	5172	0	0	0	0	0	170	0	3192	0	0	0	0	0	0	0	0	0	0	0	0	0	0	0	0	0	2852	0	1624	0	0	0	0	0	0	0	0	0	142	0	0	0	0	0	110	0	0	0	0	0	0	0	2270	0	0	0	744	0	0	0	2028	0	0	0	0	0	0	0	0	0	0	0	0	0	0	0	0	0	0	0	0	0	0	0	0	0	0	0	
18208	Heschl_R	0	394	0	126	0	0	0	150	0	0	0	238	0	0	0	0	0	1810	0	0	0	0	0	0	0	0	0	0	0	1174	0	0	0	0	0	0	0	558	0	396	0	0	0	0	0	0	0	0	0	0	0	0	0	0	0	424	0	332	0	0	0	0	0	190	0	0	0	0	0	0	0	0	0	0	0	0	0	0	0	0	0	2844	0	0	0	206	0	0	0	262	0	0	0	0	0	0	0	0	0	0	0	0	0	0	0	0	0	0	0	0	0	0	0	0	0	0	
202408	Temporal_Sup_L	3172	0	3878	0	0	0	3408	0	0	0	2770	0	116	0	0	0	13836	0	1934	0	0	0	0	0	0	0	0	0	8920	0	0	0	96	0	0	0	1400	0	146	0	0	0	0	0	0	0	0	0	0	0	1170	0	400	0	3100	0	4542	0	640	0	1028	0	5626	0	1182	0	224	0	140	0	0	0	0	0	0	0	0	0	2270	0	0	0	1652	0	22750	0	0	0	16804	0	0	0	0	0	0	0	0	0	0	0	0	0	0	0	0	0	0	0	0	0	0	0	0	0	0	0	
117500	Temporal_Sup_R	0	750	0	186	0	0	0	174	0	0	0	102	0	0	0	0	0	4392	0	0	0	0	0	0	0	0	0	0	0	5486	0	0	0	128	0	108	0	1944	0	1248	0	0	0	386	0	144	0	92	0	452	0	898	0	0	0	3276	0	2576	0	1068	0	214	0	8380	0	3852	0	342	0	168	0	0	0	100	0	0	0	0	0	2844	0	0	0	1528	0	13500	0	188	0	4224	0	0	0	0	0	0	0	0	0	0	0	0	0	0	0	0	0	0	0	0	0	0	0	0	0	0	
70224	Temporal_Pole_Sup_L	0	0	1246	0	178	0	762	0	256	0	2158	0	880	0	1852	0	1948	0	936	0	0	0	0	0	0	0	0	0	3530	0	86	0	0	0	0	0	1082	0	804	0	688	0	0	0	0	0	0	0	0	0	0	0	0	0	2642	0	0	0	0	0	0	0	0	0	0	0	0	0	0	0	0	0	454	0	0	0	0	0	0	0	1652	0	0	0	5090	0	3760	0	5108	0	0	0	0	0	0	0	0	0	0	0	0	0	0	0	0	0	0	0	0	0	0	0	0	0	0	0	
44068	Temporal_Pole_Sup_R	0	0	0	154	0	0	0	0	0	0	0	186	0	0	0	0	0	186	0	122	0	0	0	0	0	0	0	0	0	298	0	0	0	0	0	0	0	1190	0	2846	0	2058	0	0	0	0	0	0	0	0	0	0	0	0	0	5474	0	0	0	0	0	0	0	0	0	0	0	0	0	0	0	0	0	0	0	0	0	0	0	0	0	1528	0	0	0	2982	0	2578	0	2432	0	0	0	0	0	0	0	0	0	0	0	0	0	0	0	0	0	0	0	0	0	0	0	0	0	0	
291812	Temporal_Mid_L	1032	0	0	0	0	0	0	0	0	0	0	0	0	0	0	0	2018	0	0	0	0	0	0	0	0	0	0	0	1330	0	0	0	0	0	106	0	434	0	0	0	0	0	1474	0	1086	0	174	0	174	0	20422	0	3974	0	5910	0	4030	0	3226	0	11536	0	5890	0	13518	0	2064	0	1158	0	0	0	0	0	0	0	0	0	744	0	22750	0	5090	0	0	0	3476	0	34290	0	0	0	0	0	0	0	0	0	0	0	0	0	0	0	0	0	0	0	0	0	0	0	0	0	0	0	
176660	Temporal_Mid_R	0	502	0	98	0	0	0	0	0	0	0	0	0	0	0	0	0	502	0	0	0	0	0	0	0	0	0	0	0	1924	0	0	0	92	0	194	0	2212	0	128	0	0	0	4224	0	3234	0	0	0	3648	0	9292	0	2318	0	4214	0	1232	0	1438	0	438	0	3396	0	6204	222	5546	0	362	0	0	0	0	0	0	0	120	0	206	0	13500	0	2982	0	0	0	1204	0	18898	0	0	0	0	0	0	0	0	0	0	0	0	0	0	0	0	0	0	0	0	0	0	0	0	0	0	
28660	Temporal_Pole_Mid_L	0	0	0	0	0	0	0	0	0	0	0	0	0	0	0	0	0	0	0	0	0	0	0	0	0	0	0	0	0	0	0	0	0	0	0	0	294	0	422	0	380	0	0	0	0	0	0	0	0	0	0	0	0	0	2230	0	0	0	0	0	0	0	0	0	0	0	0	0	0	0	0	0	0	0	0	0	0	0	0	0	0	0	3760	0	3476	0	0	0	3768	0	0	0	0	0	0	0	0	0	0	0	0	0	0	0	0	0	0	0	0	0	0	0	0	0	0	0	
12616	Temporal_Pole_Mid_R	0	0	0	0	0	0	0	0	0	0	0	0	0	0	0	0	0	0	0	0	0	0	0	0	0	0	0	0	0	0	0	0	0	0	0	0	0	0	0	512	0	0	0	0	0	0	0	0	0	0	0	0	0	0	0	1278	0	0	0	0	0	0	0	0	0	0	0	0	0	0	0	0	0	0	0	0	0	0	0	0	0	188	0	2578	0	1204	0	0	0	548	0	0	0	0	0	0	0	0	0	0	0	0	0	0	0	0	0	0	0	0	0	0	0	0	0	0	
308184	Temporal_Inf_L	2498	0	568	0	0	0	578	0	0	0	380	0	0	0	0	0	3634	0	420	0	0	0	0	0	0	0	0	0	6582	0	0	0	0	166	1406	0	5486	0	224	0	1050	0	3182	0	582	0	226	0	86	0	7850	0	10760	0	24082	0	3710	116	2148	0	3628	0	698	0	1878	0	3548	0	1014	166	0	0	404	0	0	0	126	0	2028	0	16804	0	5108	0	34290	0	3768	0	0	0	3542	0	152	0	0	0	148	0	1056	0	0	0	0	0	0	0	0	0	0	0	0	0	0	0	0	0	
217728	Temporal_Inf_R	0	2292	0	144	0	0	0	120	0	0	0	304	0	0	0	0	0	1416	0	626	0	0	0	0	0	0	0	0	0	4964	0	0	0	1218	894	2946	0	5148	0	3238	0	0	0	6542	0	446	0	1036	0	316	0	2408	0	8914	0	20900	0	2848	0	626	0	116	0	314	0	646	108	3806	0	2182	0	0	0	182	0	0	0	0	0	262	0	4224	0	2432	0	18898	0	548	0	0	0	3968	0	838	0	0	0	578	0	2196	0	0	0	90	0	0	0	0	0	0	130	0	0	0	0	0	
501200	Cerebelum_Crus1_L	0	0	0	0	0	0	0	0	0	0	0	0	0	0	0	0	0	0	0	0	0	0	0	0	0	0	0	0	0	0	0	0	0	0	0	0	286	0	0	0	0	0	0	0	0	0	19668	714	0	0	0	0	402	0	22208	528	0	0	0	0	0	0	0	0	0	0	0	0	0	0	0	0	0	0	0	0	0	0	0	0	0	0	0	0	0	0	0	0	3542	0	0	6926	36488	8032	112	512	25958	2152	63836	3708	8576	840	10120	1918	1044	454	440	0	166	1170	7636	10806	10172	1694	492	0	
608092	Cerebelum_Crus1_R	0	0	0	0	0	0	0	0	0	0	0	0	0	0	0	0	0	0	0	0	0	0	0	0	0	0	0	0	0	0	0	0	0	0	0	0	0	116	0	392	0	0	0	0	0	0	10770	13374	0	0	0	0	0	114	720	18844	0	0	0	0	0	0	0	0	0	0	0	0	0	0	0	0	0	0	0	0	0	0	0	0	0	0	0	0	0	0	0	0	0	3968	6926	0	4184	35972	138	1534	6656	31540	14200	71584	1080	3232	2166	10326	0	1076	0	276	506	1216	22110	26956	11692	1380	318	680	
275656	Cerebelum_Crus2_L	0	0	0	0	0	0	0	0	0	0	0	0	0	0	0	0	0	0	0	0	0	0	0	0	0	0	0	0	0	0	0	0	0	0	0	0	0	0	0	0	0	0	0	0	0	0	970	130	0	0	0	0	0	0	192	120	0	0	0	0	0	0	0	0	0	0	0	0	0	0	0	0	0	0	0	0	0	0	0	0	0	0	0	0	0	0	0	0	152	0	36488	4184	0	10606	124	114	2884	596	13858	998	21016	1600	17374	1716	1940	122	396	0	0	572	1848	5920	11358	2410	140	0	
310320	Cerebelum_Crus2_R	0	0	0	0	0	0	0	0	0	0	0	0	0	0	0	0	0	0	0	0	0	0	0	0	0	0	0	0	0	0	0	0	0	0	0	0	0	0	0	0	0	0	0	0	0	0	4196	0	0	0	0	0	0	0	112	700	0	0	0	0	0	0	0	0	0	0	0	0	0	0	0	0	0	0	0	0	0	0	0	0	0	0	0	0	0	0	0	0	0	838	8032	35972	10606	0	136	306	1494	3452	9132	16462	2802	9520	3336	10476	0	672	0	0	178	712	2822	12156	17326	3198	266	258	
24240	Cerebelum_3_L	0	0	0	0	0	0	0	0	0	0	0	0	0	0	0	0	0	0	0	0	0	0	0	0	0	0	0	0	0	0	0	0	0	0	0	0	0	110	190	0	0	0	0	0	0	0	492	162	0	0	0	0	0	0	0	0	0	0	0	0	0	0	0	0	0	0	0	0	0	0	0	0	0	0	0	0	0	0	0	0	0	0	0	0	0	0	0	0	0	0	112	138	124	136	0	106	3668	0	660	0	0	0	1314	102	1500	240	0	0	758	698	316	228	182	304	490	90	
43992	Cerebelum_3_R	0	0	0	0	0	0	0	0	0	0	0	0	0	0	0	0	0	0	0	0	0	0	0	0	0	0	0	0	0	0	0	0	0	0	0	0	166	0	148	0	0	0	0	0	0	0	0	400	0	0	0	0	0	0	0	0	0	0	0	0	0	0	0	0	0	0	0	0	0	0	0	0	0	0	0	0	0	0	0	0	0	0	0	0	0	0	0	0	0	0	512	1534	114	306	106	0	922	3194	738	1916	92	96	286	1784	0	1764	0	0	106	2336	1402	138	404	1862	1670	0	
354272	Cerebelum_4_5_L	0	0	0	0	0	0	0	0	0	0	0	0	0	0	0	0	0	0	0	0	0	0	0	0	0	0	0	0	0	0	0	0	0	0	0	0	112	0	506	0	0	0	0	0	0	0	23812	3170	0	0	0	0	374	0	11842	2340	0	0	0	0	0	0	0	0	0	0	90	0	0	0	0	0	0	0	0	0	0	0	0	0	0	0	0	0	0	0	0	0	148	0	25958	6656	2884	1494	3668	922	0	7296	37630	5776	414	0	4662	1244	4862	1004	0	0	694	2336	17032	5356	1494	1470	1358	532	
325548	Cerebelum_4_5_R	0	0	0	0	0	0	0	0	0	0	0	0	0	0	0	0	0	0	0	0	0	0	0	0	0	0	0	0	0	0	0	0	0	0	0	0	0	582	0	818	0	0	0	0	0	0	4448	10624	0	0	0	0	0	0	434	9786	0	0	0	0	0	0	0	0	0	0	0	348	0	0	0	0	0	0	0	0	0	0	0	0	0	0	0	0	0	0	0	0	0	578	2152	31540	596	3452	0	3194	7296	0	3674	36486	376	330	744	3442	0	1670	0	114	484	2434	24084	6116	2498	2374	1524	576	
554344	Cerebelum_6_L	0	0	0	0	0	0	0	0	0	0	0	0	0	0	0	0	0	0	0	0	0	0	0	0	0	0	0	0	0	0	0	0	0	0	0	0	134	0	0	0	0	0	0	0	0	0	32734	2062	0	0	0	0	442	0	25922	1138	0	0	0	0	0	0	0	0	0	0	0	0	0	0	0	0	0	0	0	0	0	0	0	0	0	0	0	0	0	0	0	0	1056	0	63836	14200	13858	9132	660	738	37630	3674	0	10306	3508	344	5452	2230	380	750	270	0	364	1760	11306	21092	8956	2140	892	206	
511364	Cerebelum_6_R	0	0	0	0	0	0	0	0	0	0	0	0	0	0	0	0	0	0	0	0	0	0	0	0	0	0	0	0	0	0	0	0	0	0	0	0	0	174	0	480	0	0	0	0	0	0	9636	12766	0	0	0	0	0	0	416	16628	0	0	0	0	0	0	0	0	0	0	0	0	0	0	0	0	0	0	0	0	0	0	0	0	0	0	0	0	0	0	0	0	0	2196	3708	71584	998	16462	0	1916	5776	36486	10306	0	256	254	662	5936	0	1430	0	636	536	1658	23784	23574	4876	1436	474	638	
165640	Cerebelum_7b_L	0	0	0	0	0	0	0	0	0	0	0	0	0	0	0	0	0	0	0	0	0	0	0	0	0	0	0	0	0	0	0	0	0	0	0	0	0	0	0	0	0	0	0	0	0	0	0	0	0	0	0	0	0	0	0	0	0	0	0	0	0	0	0	0	0	0	0	0	0	0	0	0	0	0	0	0	0	0	0	0	0	0	0	0	0	0	0	0	0	0	8576	1080	21016	2802	0	92	414	376	3508	256	0	570	24662	1974	5682	312	374	0	0	382	556	2100	4148	3490	450	0	
69984	Cerebelum_7b_R	0	0	0	0	0	0	0	0	0	0	0	0	0	0	0	0	0	0	0	0	0	0	0	0	0	0	0	0	0	0	0	0	0	0	0	0	0	0	0	0	0	0	0	0	0	0	0	0	0	0	0	0	0	0	0	0	0	0	0	0	0	0	0	0	0	0	0	0	0	0	0	0	0	0	0	0	0	0	0	0	0	0	0	0	0	0	0	0	0	0	840	3232	1600	9520	0	96	0	330	344	254	570	0	404	10992	0	1634	0	0	0	132	346	564	2106	1758	270	0	
249836	Cerebelum_8_L	0	0	0	0	0	0	0	0	0	0	0	0	0	0	0	0	0	0	0	0	0	0	0	0	0	0	0	0	0	0	0	0	0	0	0	0	0	0	0	0	0	0	0	0	0	0	0	0	0	0	0	0	0	0	146	0	0	0	0	0	0	0	0	0	0	0	0	0	0	0	0	0	0	0	0	0	0	0	0	0	0	0	0	0	0	0	0	0	0	0	10120	2166	17374	3336	1314	286	4662	744	5452	662	24662	404	0	3038	23914	1698	3214	0	132	884	1332	3954	5790	6322	2488	824	
212396	Cerebelum_8_R	0	0	0	0	0	0	0	0	0	0	0	0	0	0	0	0	0	0	0	0	0	0	0	0	0	0	0	0	0	0	0	0	0	0	0	0	0	0	0	0	0	0	0	0	0	0	0	0	0	0	0	0	0	0	0	130	0	0	0	0	0	0	0	0	0	0	0	0	0	0	0	0	0	0	0	0	0	0	0	0	0	0	0	0	0	0	0	0	0	90	1918	10326	1716	10476	102	1784	1244	3442	2230	5936	1974	10992	3038	0	120	21622	0	2386	204	2010	2528	1554	5068	9720	4518	1070	
99800	Cerebelum_9_L	0	0	0	0	0	0	0	0	0	0	0	0	0	0	0	0	0	0	0	0	0	0	0	0	0	0	0	0	0	0	0	0	0	0	0	0	0	0	0	0	0	0	0	0	0	0	0	0	0	0	0	0	0	0	104	0	0	0	0	0	0	0	0	0	0	0	0	0	0	0	0	0	0	0	0	0	0	0	0	0	0	0	0	0	0	0	0	0	0	0	1044	0	1940	0	1500	0	4862	0	380	0	5682	0	23914	120	0	1010	4474	0	0	0	126	136	388	1090	2192	938	
115112	Cerebelum_9_R	0	0	0	0	0	0	0	0	0	0	0	0	0	0	0	0	0	0	0	0	0	0	0	0	0	0	0	0	0	0	0	0	0	0	0	0	0	0	0	0	0	0	0	0	0	0	0	0	0	0	0	0	0	0	0	0	0	0	0	0	0	0	0	0	0	0	0	0	0	0	0	0	0	0	0	0	0	0	0	0	0	0	0	0	0	0	0	0	0	0	454	1076	122	672	240	1764	1004	1670	750	1430	312	1634	1698	21622	1010	0	0	2112	162	1870	1722	404	840	5560	6906	2522	
18336	Cerebelum_10_L	0	0	0	0	0	0	0	0	0	0	0	0	0	0	0	0	0	0	0	0	0	0	0	0	0	0	0	0	0	0	0	0	0	0	0	0	0	0	0	0	0	0	0	0	0	0	0	0	0	0	0	0	0	0	0	0	0	0	0	0	0	0	0	0	0	0	0	0	0	0	0	0	0	0	0	0	0	0	0	0	0	0	0	0	0	0	0	0	0	0	440	0	396	0	0	0	0	0	270	0	374	0	3214	0	4474	0	0	0	0	0	0	0	0	0	0	0	
11048	Cerebelum_10_R	0	0	0	0	0	0	0	0	0	0	0	0	0	0	0	0	0	0	0	0	0	0	0	0	0	0	0	0	0	0	0	0	0	0	0	0	0	0	0	0	0	0	0	0	0	0	0	0	0	0	0	0	0	0	0	0	0	0	0	0	0	0	0	0	0	0	0	0	0	0	0	0	0	0	0	0	0	0	0	0	0	0	0	0	0	0	0	0	0	0	0	276	0	0	0	0	0	114	0	636	0	0	0	2386	0	2112	0	0	0	0	0	0	0	0	0	0	
24224	Vermis_1_2	0	0	0	0	0	0	0	0	0	0	0	0	0	0	0	0	0	0	0	0	0	0	0	0	0	0	0	0	0	0	0	0	0	0	0	0	96	0	166	0	0	0	0	0	0	0	0	170	0	0	0	0	0	0	0	108	0	0	0	0	0	0	0	0	0	0	0	0	0	0	0	0	0	0	0	0	0	0	0	0	0	0	0	0	0	0	0	0	0	0	166	506	0	178	758	106	694	484	364	536	0	0	132	204	0	162	0	0	0	3080	1736	1062	362	286	200	556	
70484	Vermis_3	0	0	0	0	0	0	0	0	0	0	0	0	0	0	0	0	0	0	0	0	0	0	0	0	0	0	0	0	0	0	0	0	0	0	0	0	200	0	306	0	0	0	0	0	0	0	0	214	0	0	0	0	0	0	0	112	0	0	0	0	0	0	0	0	0	0	0	0	0	0	0	0	0	0	0	0	0	0	0	0	0	0	0	0	0	0	0	0	0	0	1170	1216	572	712	698	2336	2336	2434	1760	1658	382	132	884	2010	0	1870	0	0	3080	0	4496	1122	1400	2286	1856	0	
368612	Vermis_4_5	0	0	0	0	0	0	0	0	0	0	0	0	0	0	0	0	0	0	0	0	0	0	0	0	0	0	0	0	0	102	0	0	0	0	610	2010	122	1248	114	1086	0	0	548	0	0	0	7568	11212	0	0	0	0	0	0	1430	7660	0	0	0	0	0	0	0	0	0	0	584	1270	0	0	0	0	0	0	0	0	0	0	0	0	0	0	0	0	0	0	0	0	0	130	7636	22110	1848	2822	316	1402	17032	24084	11306	23784	556	346	1332	2528	126	1722	0	0	1736	4496	0	13324	3594	3128	1942	1442	
350852	Vermis_6	0	0	0	0	0	0	0	0	0	0	0	0	0	0	0	0	0	0	0	0	0	0	0	0	0	0	0	0	0	0	0	0	0	0	0	0	0	0	0	0	0	0	0	0	0	0	12242	6714	0	0	0	0	0	0	650	2950	0	0	0	0	0	0	0	0	0	0	0	0	0	0	0	0	0	0	0	0	0	0	0	0	0	0	0	0	0	0	0	0	0	0	10806	26956	5920	12156	228	138	5356	6116	21092	23574	2100	564	3954	1554	136	404	0	0	1062	1122	13324	0	12264	1816	420	1808	
229528	Vermis_7	0	0	0	0	0	0	0	0	0	0	0	0	0	0	0	0	0	0	0	0	0	0	0	0	0	0	0	0	0	0	0	0	0	0	0	0	0	0	0	0	0	0	0	0	0	0	2062	124	0	0	0	0	0	0	300	0	0	0	0	0	0	0	0	0	0	0	0	0	0	0	0	0	0	0	0	0	0	0	0	0	0	0	0	0	0	0	0	0	0	0	10172	11692	11358	17326	182	404	1494	2498	8956	4876	4148	2106	5790	5068	388	840	0	0	362	1400	3594	12264	0	5066	1134	1160	
137068	Vermis_8	0	0	0	0	0	0	0	0	0	0	0	0	0	0	0	0	0	0	0	0	0	0	0	0	0	0	0	0	0	0	0	0	0	0	0	0	0	0	0	0	0	0	0	0	0	0	0	0	0	0	0	0	0	0	0	0	0	0	0	0	0	0	0	0	0	0	0	0	0	0	0	0	0	0	0	0	0	0	0	0	0	0	0	0	0	0	0	0	0	0	1694	1380	2410	3198	304	1862	1470	2374	2140	1436	3490	1758	6322	9720	1090	5560	0	0	286	2286	3128	1816	5066	0	6752	2992	
