data	data	355820	181216	793676	763260	154640	80712	520644	187144	122480	26412	210796	131024	230828	128292	163240	47928	162404	182752	571484	710276	56616	52356	287520	333140	24868	62172	35428	68380	537884	313904	245688	404656	125072	454132	144000	196140	245112	398972	78328	205648	42604	66460	263956	364248	198820	305360	245108	319644	231204	351608	477532	303148	128876	71268	314632	424728	226652	202808	181544	150360	255940	159688	124372	124912	182444	154044	263384	416012	236548	207900	168232	338156	241900	414960	45892	49784	184796	205936	87980	46496	170976	112812	70012	62596	281148	299288	28684	42804	248204	303292	482204	392420	326864	336108	34444	89036	251416	249052	478216	416376	317808	139612	366696	293056	112764	172108	22852	2024	43688	99660	275584	267096	241872	149492	109552	59684	
data	data	Precentral_L	Precentral_R	Frontal_Sup_L	Frontal_Sup_R	Frontal_Sup_Orb_L	Frontal_Sup_Orb_R	Frontal_Mid_L	Frontal_Mid_R	Frontal_Mid_Orb_L	Frontal_Mid_Orb_R	Frontal_Inf_Oper_L	Frontal_Inf_Oper_R	Frontal_Inf_Tri_L	Frontal_Inf_Tri_R	Frontal_Inf_Orb_L	Frontal_Inf_Orb_R	Rolandic_Oper_L	Rolandic_Oper_R	Supp_Motor_Area_L	Supp_Motor_Area_R	Olfactory_L	Olfactory_R	Frontal_Sup_Medial_L	Frontal_Sup_Medial_R	Frontal_Med_Orb_L	Frontal_Med_Orb_R	Rectus_L	Rectus_R	Insula_L	Insula_R	Cingulum_Ant_L	Cingulum_Ant_R	Cingulum_Mid_L	Cingulum_Mid_R	Cingulum_Post_L	Cingulum_Post_R	Hippocampus_L	Hippocampus_R	ParaHippocampal_L	ParaHippocampal_R	Amygdala_L	Amygdala_R	Calcarine_L	Calcarine_R	Cuneus_L	Cuneus_R	Lingual_L	Lingual_R	Occipital_Sup_L	Occipital_Sup_R	Occipital_Mid_L	Occipital_Mid_R	Occipital_Inf_L	Occipital_Inf_R	Fusiform_L	Fusiform_R	Postcentral_L	Postcentral_R	Parietal_Sup_L	Parietal_Sup_R	Parietal_Inf_L	Parietal_Inf_R	SupraMarginal_L	SupraMarginal_R	Angular_L	Angular_R	Precuneus_L	Precuneus_R	Paracentral_Lobule_L	Paracentral_Lobule_R	Caudate_L	Caudate_R	Putamen_L	Putamen_R	Pallidum_L	Pallidum_R	Thalamus_L	Thalamus_R	Heschl_L	Heschl_R	Temporal_Sup_L	Temporal_Sup_R	Temporal_Pole_Sup_L	Temporal_Pole_Sup_R	Temporal_Mid_L	Temporal_Mid_R	Temporal_Pole_Mid_L	Temporal_Pole_Mid_R	Temporal_Inf_L	Temporal_Inf_R	Cerebelum_Crus1_L	Cerebelum_Crus1_R	Cerebelum_Crus2_L	Cerebelum_Crus2_R	Cerebelum_3_L	Cerebelum_3_R	Cerebelum_4_5_L	Cerebelum_4_5_R	Cerebelum_6_L	Cerebelum_6_R	Cerebelum_7b_L	Cerebelum_7b_R	Cerebelum_8_L	Cerebelum_8_R	Cerebelum_9_L	Cerebelum_9_R	Cerebelum_10_L	Cerebelum_10_R	Vermis_1_2	Vermis_3	Vermis_4_5	Vermis_6	Vermis_7	Vermis_8	Vermis_9	Vermis_10	
355820	Precentral_L	0	212	6170	0	370	0	21682	0	0	0	17762	0	6734	0	0	0	8908	0	1872	654	0	0	0	0	0	0	0	0	16122	0	0	0	194	0	4098	432	6900	318	800	188	0	0	98	0	0	0	166	0	168	0	2804	0	0	0	1098	0	28158	0	778	0	3434	0	766	0	556	0	816	0	16456	558	466	540	8440	0	1340	0	3904	400	5062	0	2726	0	116	0	2196	0	0	0	3448	0	0	0	0	0	0	0	0	0	0	0	0	0	0	0	0	0	0	0	0	0	0	0	0	0	0	0	
181216	Precentral_R	212	0	364	3904	0	0	230	11542	0	0	0	3464	0	0	0	0	0	2804	788	6208	0	0	0	0	0	0	0	0	0	2862	0	0	150	4286	546	3216	300	5982	0	1658	0	0	0	616	0	86	0	82	0	0	0	1152	0	220	0	1408	0	11330	0	88	0	662	0	1022	0	664	88	1930	78	9676	0	130	0	2326	0	0	580	1982	0	142	0	592	0	0	0	3532	0	0	0	3706	0	0	0	0	0	0	0	0	0	0	0	0	0	0	0	0	0	0	0	0	0	0	0	0	0	0	
793676	Frontal_Sup_L	6170	364	0	18574	8936	0	68002	0	4056	0	7912	356	11440	500	6450	0	3840	94	66152	27732	200	0	39604	834	1422	0	242	0	34114	124	22200	2164	1772	7952	624	1048	1442	486	126	0	154	0	0	0	0	0	0	0	0	0	0	0	0	0	0	0	1588	0	0	0	70	0	0	0	0	0	0	0	2674	0	13088	1876	15570	578	3244	190	9696	1496	296	0	328	0	1058	0	0	0	0	0	0	0	0	0	0	0	0	0	0	0	0	0	0	0	0	0	0	0	0	0	0	0	0	0	0	0	0	0	
763260	Frontal_Sup_R	0	3904	18574	0	0	2174	1422	19944	0	280	0	7084	0	10448	0	2354	0	10320	20664	66784	0	0	7670	43756	140	2976	0	96	0	16932	3454	39262	2074	21934	420	730	210	6284	0	1870	0	0	0	0	0	0	0	86	0	0	0	0	0	0	0	158	0	146	0	0	0	0	0	0	0	0	0	0	204	0	4528	27092	0	27896	0	1312	778	7670	0	0	0	0	0	0	0	0	0	0	0	0	0	0	0	0	0	0	0	0	0	0	0	0	0	0	0	0	0	0	0	0	0	0	0	0	0	0	
154640	Frontal_Sup_Orb_L	370	0	8936	0	0	0	1580	0	16658	0	0	0	256	0	14414	0	0	0	746	0	2214	0	2536	0	2066	0	2920	0	12938	0	1262	0	0	0	0	0	0	0	286	0	502	0	0	0	0	0	0	0	0	0	0	0	0	0	0	0	0	0	0	0	0	0	0	0	0	0	0	0	0	0	326	0	8722	0	0	0	0	0	0	0	0	0	588	0	0	0	0	0	0	0	0	0	0	0	0	0	0	0	0	0	0	0	0	0	0	0	0	0	0	0	0	0	0	0	0	0	
80712	Frontal_Sup_Orb_R	0	0	0	2174	0	0	0	1590	0	4488	0	0	0	186	0	2582	0	0	0	0	764	2360	0	2662	74	7160	218	8172	0	322	388	1728	0	0	0	0	0	0	0	0	0	0	0	0	0	0	0	0	0	0	0	0	0	0	0	0	0	0	0	0	0	0	0	0	0	0	0	0	0	0	770	2826	0	1892	0	0	0	0	0	0	0	0	0	0	0	0	0	0	0	0	0	0	0	0	0	0	0	0	0	0	0	0	0	0	0	0	0	0	0	0	0	0	0	0	0	0	
520644	Frontal_Mid_L	21682	230	68002	1422	1580	0	0	0	3364	0	20868	228	38518	298	8780	0	2382	0	9910	2712	0	0	16514	114	0	0	0	0	25222	100	8502	98	854	1312	968	1384	1796	794	148	174	0	0	0	0	0	0	0	0	0	0	0	0	0	0	0	0	3686	0	0	0	454	0	0	0	0	0	0	0	148	308	1952	596	1322	318	398	0	10062	1818	758	0	546	0	0	0	0	0	0	0	0	0	0	0	0	0	0	0	0	0	0	0	0	0	0	0	0	0	0	0	0	0	0	0	0	0	0	0	
187144	Frontal_Mid_R	0	11542	0	19944	0	1590	0	0	0	1574	0	6696	0	12584	0	1488	0	6436	650	1694	0	0	294	2278	0	0	0	0	0	8926	162	3658	184	2148	0	0	0	1368	0	394	0	0	0	0	0	0	0	0	0	0	0	588	0	0	0	160	0	424	0	0	0	192	0	328	0	536	0	800	0	146	0	776	0	3912	0	0	0	462	0	0	0	158	0	0	0	1120	0	0	0	360	0	0	0	0	0	0	0	0	0	0	0	0	0	0	0	0	0	0	0	0	0	0	0	0	0	0	
122480	Frontal_Mid_Orb_L	0	0	4056	0	16658	0	3364	0	0	0	0	0	1312	0	18268	0	0	0	0	0	1752	0	80	0	140	0	1350	0	7822	0	0	0	0	0	0	0	0	0	264	0	462	0	0	0	0	0	0	0	0	0	0	0	0	0	0	0	0	0	0	0	0	0	0	0	0	0	0	0	0	0	0	0	5114	0	0	0	0	0	0	0	0	0	598	0	0	0	0	0	0	0	0	0	0	0	0	0	0	0	0	0	0	0	0	0	0	0	0	0	0	0	0	0	0	0	0	0	
26412	Frontal_Mid_Orb_R	0	0	0	280	0	4488	0	1574	0	0	0	0	0	148	0	4028	0	0	0	86	0	0	0	0	0	392	0	916	0	0	0	0	0	0	0	0	0	0	0	0	0	0	0	0	0	0	0	0	0	0	0	0	0	0	0	0	0	0	0	0	0	0	0	0	0	0	0	0	0	0	0	606	0	688	0	0	0	0	0	0	0	0	0	0	0	0	0	0	0	0	0	0	0	0	0	0	0	0	0	0	0	0	0	0	0	0	0	0	0	0	0	0	0	0	0	0	
210796	Frontal_Inf_Oper_L	17762	0	7912	0	0	0	20868	0	0	0	0	0	18860	0	0	0	6534	0	1370	0	0	0	732	0	0	0	0	0	17960	0	742	0	0	0	180	166	1460	138	0	102	0	0	0	0	0	0	0	0	0	0	0	0	0	0	0	0	3528	0	0	0	0	0	0	0	0	0	98	0	154	0	190	0	1852	0	0	0	914	116	1850	0	534	0	1376	0	0	0	0	0	0	0	0	0	0	0	0	0	0	0	0	0	0	0	0	0	0	0	0	0	0	0	0	0	0	0	0	0	
131024	Frontal_Inf_Oper_R	0	3464	356	7084	0	0	228	6696	0	0	0	0	0	10410	0	0	0	6420	724	5124	0	0	0	490	0	0	0	0	0	10578	0	724	0	1672	0	0	0	1568	0	376	0	0	0	0	0	0	0	0	0	0	0	0	0	0	0	174	0	1300	0	0	0	0	0	0	0	0	0	0	0	0	558	1418	0	5892	0	0	0	72	0	84	0	0	0	0	0	0	0	0	0	100	0	0	0	0	0	0	0	0	0	0	0	0	0	0	0	0	0	0	0	0	0	0	0	0	0	0	
230828	Frontal_Inf_Tri_L	6734	0	11440	0	256	0	38518	0	1312	0	18860	0	0	0	8452	0	456	0	1128	0	0	0	3302	0	0	0	0	0	17978	0	3474	0	420	0	0	0	502	0	0	0	0	0	0	0	0	0	0	0	0	0	0	0	0	0	0	0	622	0	0	0	0	0	0	0	0	0	0	0	0	0	172	0	1196	0	0	0	424	0	90	0	78	0	0	0	0	0	0	0	0	0	0	0	0	0	0	0	0	0	0	0	0	0	0	0	0	0	0	0	0	0	0	0	0	0	0	0	
128292	Frontal_Inf_Tri_R	0	0	500	10448	0	186	298	12584	0	148	0	10410	0	0	0	2064	0	646	2092	6412	0	0	0	1738	0	0	0	0	0	7052	0	1682	0	4456	0	0	0	92	0	0	0	0	0	0	0	0	0	0	0	0	0	0	0	0	0	0	0	0	0	0	0	0	0	0	0	0	0	0	0	0	578	1496	0	1264	0	0	0	0	0	0	0	0	0	0	0	0	0	0	0	0	0	0	0	0	0	0	0	0	0	0	0	0	0	0	0	0	0	0	0	0	0	0	0	0	0	0	
163240	Frontal_Inf_Orb_L	0	0	6450	0	14414	0	8780	0	18268	0	0	0	8452	0	0	0	0	0	346	0	2226	0	224	0	0	0	730	0	13086	0	156	0	0	0	0	0	0	0	272	0	502	0	0	0	0	0	0	0	0	0	0	0	0	0	0	0	0	0	0	0	0	0	0	0	0	0	0	0	0	0	0	0	7062	0	0	0	0	0	0	0	0	0	652	0	0	0	0	0	0	0	0	0	0	0	0	0	0	0	0	0	0	0	0	0	0	0	0	0	0	0	0	0	0	0	0	0	
47928	Frontal_Inf_Orb_R	0	0	0	2354	0	2582	0	1488	0	4028	0	0	0	2064	0	0	0	0	386	1434	0	406	0	1116	0	154	0	876	0	2102	0	316	0	754	0	0	0	0	0	0	0	0	0	0	0	0	0	0	0	0	0	0	0	0	0	0	0	0	0	0	0	0	0	0	0	0	0	0	0	0	0	1698	0	2206	0	0	0	0	0	0	0	0	0	0	0	0	0	0	0	0	0	0	0	0	0	0	0	0	0	0	0	0	0	0	0	0	0	0	0	0	0	0	0	0	0	0	
162404	Rolandic_Oper_L	8908	0	3840	0	0	0	2382	0	0	0	6534	0	456	0	0	0	0	0	990	98	0	0	0	0	0	0	0	0	16706	0	0	0	0	0	0	0	2274	0	84	0	0	0	0	0	0	0	0	0	272	0	1638	0	0	0	280	0	8114	0	1180	0	912	0	1176	0	744	0	252	0	760	0	222	0	1232	0	214	0	2304	0	6324	0	6636	0	1668	0	1664	0	0	0	3338	0	0	0	0	0	0	0	0	0	0	0	0	0	0	0	0	0	0	0	0	0	0	0	0	0	0	0	
182752	Rolandic_Oper_R	0	2804	94	10320	0	0	0	6436	0	0	0	6420	0	646	0	0	0	0	168	4036	0	0	0	170	0	0	0	0	0	22104	0	312	0	190	0	0	0	6580	0	1600	0	0	0	0	0	0	0	0	0	0	0	150	0	0	0	1062	0	3052	0	0	0	144	0	2146	0	412	0	360	0	344	314	1152	0	6202	0	0	70	2760	0	3508	0	4352	0	0	0	1516	0	0	0	1952	0	0	0	0	0	0	0	0	0	0	0	0	0	0	0	0	0	0	0	0	0	0	0	0	0	0	
571484	Supp_Motor_Area_L	1872	788	66152	20664	746	0	9910	650	0	0	1370	724	1128	2092	346	386	990	168	0	53552	0	0	4816	1524	0	0	0	0	6762	398	5380	5380	8230	21912	1578	1732	1400	96	0	0	138	0	0	0	104	0	0	0	0	0	0	0	0	0	0	0	542	0	0	0	0	0	0	0	0	0	124	0	19614	302	10740	2222	10164	2722	5408	2058	10236	246	102	0	168	0	106	0	0	0	0	0	0	0	0	0	0	0	0	0	0	0	0	0	0	0	0	0	0	0	0	0	0	0	0	0	0	0	0	0	
710276	Supp_Motor_Area_R	654	6208	27732	66784	0	0	2712	1694	0	86	0	5124	0	6412	0	1434	98	4036	53552	0	0	0	2076	12592	0	0	0	0	108	8410	1328	17604	5646	50722	678	6902	0	2582	0	552	0	0	0	620	0	272	0	104	0	0	0	494	0	442	0	478	0	1866	0	0	0	0	0	0	0	0	0	930	2800	12810	4778	17394	0	16290	0	1694	254	4404	0	0	0	162	0	0	0	1598	0	0	0	2022	0	0	0	0	0	0	0	0	0	0	0	0	0	0	0	0	0	0	0	0	0	0	0	0	0	0	
56616	Olfactory_L	0	0	200	0	2214	764	0	0	1752	0	0	0	0	0	2226	0	0	0	0	0	0	3610	0	0	650	306	2062	1620	2314	0	2146	1200	0	0	0	0	0	0	302	0	468	0	0	0	0	0	0	0	0	0	0	0	0	0	0	0	0	0	0	0	0	0	0	0	0	0	0	0	0	0	4780	656	764	0	0	0	0	0	0	0	0	0	274	0	0	0	0	0	0	0	0	0	0	0	0	0	0	0	0	0	0	0	0	0	0	0	0	0	0	0	0	0	0	0	0	0	
52356	Olfactory_R	0	0	0	0	0	2360	0	0	0	0	0	0	0	0	0	406	0	0	0	0	3610	0	0	572	0	842	1206	4358	0	1504	1484	1792	0	0	0	0	0	0	0	70	0	234	0	0	0	0	0	0	0	0	0	0	0	0	0	0	0	0	0	0	0	0	0	0	0	0	0	0	0	0	4646	1588	552	954	0	0	0	0	0	0	0	0	0	0	0	0	0	0	0	0	0	0	0	0	0	0	0	0	0	0	0	0	0	0	0	0	0	0	0	0	0	0	0	0	0	0	
287520	Frontal_Sup_Medial_L	0	0	39604	7670	2536	0	16514	294	80	0	732	0	3302	0	224	0	0	0	4816	2076	0	0	0	13590	1816	196	336	0	4928	0	23618	8152	2578	7084	0	0	0	0	0	0	0	0	0	0	0	0	0	0	0	0	0	0	0	0	0	0	0	0	0	0	0	0	0	0	0	0	0	0	98	0	712	0	2804	0	0	0	0	0	0	0	0	0	0	0	0	0	0	0	0	0	0	0	0	0	0	0	0	0	0	0	0	0	0	0	0	0	0	0	0	0	0	0	0	0	0	0	
333140	Frontal_Sup_Medial_R	0	0	834	43756	0	2662	114	2278	0	0	0	490	0	1738	0	1116	0	170	1524	12592	0	572	13590	0	200	3662	0	818	110	3324	5000	34028	1842	16272	0	0	0	0	0	0	0	0	0	0	0	0	0	0	0	0	0	0	0	0	0	0	0	0	0	0	0	0	0	0	0	0	0	0	0	0	122	11880	0	7780	0	0	0	96	0	0	0	0	0	0	0	0	0	0	0	0	0	0	0	0	0	0	0	0	0	0	0	0	0	0	0	0	0	0	0	0	0	0	0	0	0	0	
24868	Frontal_Med_Orb_L	0	0	1422	140	2066	74	0	0	140	0	0	0	0	0	0	0	0	0	0	0	650	0	1816	200	0	522	1412	0	0	0	2818	0	0	0	0	0	0	0	0	0	0	0	0	0	0	0	0	0	0	0	0	0	0	0	0	0	0	0	0	0	0	0	0	0	0	0	0	0	0	0	742	0	432	0	0	0	0	0	0	0	0	0	0	0	0	0	0	0	0	0	0	0	0	0	0	0	0	0	0	0	0	0	0	0	0	0	0	0	0	0	0	0	0	0	0	0	
62172	Frontal_Med_Orb_R	0	0	0	2976	0	7160	0	0	0	392	0	0	0	0	0	154	0	0	0	0	306	842	196	3662	522	0	0	5428	0	0	1134	3908	0	0	0	0	0	0	0	0	0	0	0	0	0	0	0	0	0	0	0	0	0	0	0	0	0	0	0	0	0	0	0	0	0	0	0	0	0	0	344	2942	0	1120	0	0	0	0	0	0	0	0	0	0	0	0	0	0	0	0	0	0	0	0	0	0	0	0	0	0	0	0	0	0	0	0	0	0	0	0	0	0	0	0	0	0	
35428	Rectus_L	0	0	242	0	2920	218	0	0	1350	0	0	0	0	0	730	0	0	0	0	0	2062	1206	336	0	1412	0	0	526	302	0	3150	620	0	0	0	0	0	0	0	0	0	0	0	0	0	0	0	0	0	0	0	0	0	0	0	0	0	0	0	0	0	0	0	0	0	0	0	0	0	0	1994	134	512	0	0	0	0	0	0	0	0	0	0	0	0	0	0	0	0	0	0	0	0	0	0	0	0	0	0	0	0	0	0	0	0	0	0	0	0	0	0	0	0	0	0	0	
68380	Rectus_R	0	0	0	96	0	8172	0	0	0	916	0	0	0	0	0	876	0	0	0	0	1620	4358	0	818	0	5428	526	0	0	950	1216	3314	0	0	0	0	0	0	0	0	0	0	0	0	0	0	0	0	0	0	0	0	0	0	0	0	0	0	0	0	0	0	0	0	0	0	0	0	0	0	2210	1822	186	1682	0	0	0	0	0	0	0	0	0	0	0	0	0	0	0	0	0	0	0	0	0	0	0	0	0	0	0	0	0	0	0	0	0	0	0	0	0	0	0	0	0	0	
537884	Insula_L	16122	0	34114	0	12938	0	25222	0	7822	0	17960	0	17978	0	13086	0	16706	0	6762	108	2314	0	4928	110	0	0	302	0	0	0	5636	118	106	0	580	442	14844	302	1500	184	2942	0	0	0	0	0	0	0	168	0	1600	0	0	0	3210	0	8480	0	778	0	340	0	210	0	106	0	584	0	1046	0	1486	0	17830	86	212	0	3266	246	9586	0	7256	0	4450	0	594	0	292	0	3990	0	0	0	0	0	0	0	0	0	0	0	0	0	0	0	0	0	0	0	0	0	0	0	0	0	0	0	
313904	Insula_R	0	2862	124	16932	0	322	100	8926	0	0	0	10578	0	7052	0	2102	0	22104	398	8410	0	1504	0	3324	0	0	0	950	0	0	0	3138	0	808	0	0	0	12352	0	3702	0	678	0	0	0	0	0	0	0	0	0	80	0	0	0	2418	0	2162	0	0	0	0	0	0	0	0	0	180	0	170	352	5074	0	24976	0	0	0	1960	0	3474	0	2924	0	304	0	2184	0	0	0	4328	0	0	0	0	0	0	0	0	0	0	0	0	0	0	0	0	0	0	0	0	0	0	0	0	0	0	
245688	Cingulum_Ant_L	0	0	22200	3454	1262	388	8502	162	0	0	742	0	3474	0	156	0	0	0	5380	1328	2146	1484	23618	5000	2818	1134	3150	1216	5636	0	0	9748	5380	2988	512	0	0	0	0	0	0	0	0	0	0	0	0	0	0	0	0	0	0	0	0	0	0	0	0	0	0	0	0	0	0	0	0	0	156	0	4834	846	4988	142	0	0	0	0	0	0	0	0	0	0	0	0	0	0	0	0	0	0	0	0	0	0	0	0	0	0	0	0	0	0	0	0	0	0	0	0	0	0	0	0	0	0	
404656	Cingulum_Ant_R	0	0	2164	39262	0	1728	98	3658	0	0	0	724	0	1682	0	316	0	312	5380	17604	1200	1792	8152	34028	0	3908	620	3314	118	3138	9748	0	2734	24190	0	0	0	0	0	0	0	0	0	0	0	0	0	0	0	0	0	0	0	0	0	0	0	0	0	0	0	0	0	0	0	0	0	0	0	0	2748	22350	354	10508	0	0	0	498	0	0	0	0	0	0	0	0	0	0	0	0	0	0	0	0	0	0	0	0	0	0	0	0	0	0	0	0	0	0	0	0	0	0	0	0	0	0	
125072	Cingulum_Mid_L	194	150	1772	2074	0	0	854	184	0	0	0	0	420	0	0	0	0	0	8230	5646	0	0	2578	1842	0	0	0	0	106	0	5380	2734	0	11716	2698	2076	0	0	0	0	0	0	498	650	882	0	186	0	226	0	1796	178	116	0	0	0	0	0	176	0	106	0	0	0	0	0	1806	1612	3998	1088	0	0	0	0	0	0	0	0	0	0	0	0	0	0	564	0	0	0	0	0	0	0	0	0	0	0	0	0	0	0	0	0	0	0	0	0	0	0	0	0	0	0	0	0	0	0	
454132	Cingulum_Mid_R	0	4286	7952	21934	0	0	1312	2148	0	0	0	1672	0	4456	0	754	0	190	21912	50722	0	0	7084	16272	0	0	0	0	0	808	2988	24190	11716	0	1252	10176	0	280	0	102	0	0	0	2142	0	360	0	924	0	0	0	778	0	642	0	334	0	4066	0	0	0	0	0	0	0	0	0	4404	412	14346	746	878	0	268	0	0	0	0	0	0	0	70	0	0	0	2386	0	0	0	2104	0	0	0	0	0	0	0	0	0	0	0	0	0	0	0	0	0	0	0	0	0	0	0	0	0	0	
144000	Cingulum_Post_L	4098	546	624	420	0	0	968	0	0	0	180	0	0	0	0	0	0	0	1578	678	0	0	0	0	0	0	0	0	580	0	512	0	2698	1252	0	10240	7818	4404	1168	2244	0	0	3586	0	1192	0	2328	106	0	0	282	0	0	0	122	676	268	166	0	0	0	0	0	0	0	0	6424	1080	5682	450	114	344	0	0	0	0	3786	4472	436	0	80	0	0	0	172	0	0	0	226	0	0	0	0	0	0	0	0	0	0	0	0	0	0	0	0	0	0	0	0	0	0	0	0	0	0	0	
196140	Cingulum_Post_R	432	3216	1048	730	0	0	1384	0	0	0	166	0	0	0	0	0	0	0	1732	6902	0	0	0	0	0	0	0	0	442	0	0	0	2076	10176	10240	0	4286	7892	204	3458	0	0	0	1900	0	286	0	4520	0	0	0	104	0	134	0	1550	166	1574	0	0	0	0	0	0	0	0	1238	10880	80	6362	114	446	0	142	0	0	5014	5754	216	0	0	0	0	0	0	952	0	0	0	1910	0	0	0	0	0	0	0	0	0	0	0	0	0	0	0	0	0	0	0	0	344	0	0	0	0	0	
245112	Hippocampus_L	6900	300	1442	210	0	0	1796	0	0	0	1460	0	502	0	0	0	2274	0	1400	0	0	0	0	0	0	0	0	0	14844	0	0	0	0	0	7818	4286	0	3392	8280	1982	8024	0	2538	0	0	0	2968	0	0	0	454	0	506	0	8526	598	3178	0	128	0	556	0	292	0	0	0	4292	538	1272	0	162	0	5168	0	536	0	3896	2912	4870	0	3260	0	1192	0	1050	0	644	0	8110	0	0	0	0	0	0	0	0	0	0	0	0	0	0	0	0	0	0	0	0	0	0	0	0	0	0	0	
398972	Hippocampus_R	318	5982	486	6284	0	0	794	1368	0	0	138	1568	0	92	0	0	0	6580	96	2582	0	0	0	0	0	0	0	0	302	12352	0	0	0	280	4404	7892	3392	0	170	28412	0	9556	0	1982	0	84	0	4356	0	0	0	460	0	320	0	25780	114	1364	0	0	0	124	0	216	0	192	726	6654	0	988	122	818	0	19464	0	106	2622	6812	150	2318	0	2854	0	3324	0	5286	0	1900	0	17008	0	0	0	0	0	0	0	0	0	0	0	0	0	0	0	0	0	0	0	0	294	0	0	0	0	0	
78328	ParaHippocampal_L	800	0	126	0	286	0	148	0	264	0	0	0	0	0	272	0	84	0	0	0	302	0	0	0	0	0	0	0	1500	0	0	0	0	0	1168	204	8280	170	0	160	1970	0	1160	0	0	0	3844	96	0	0	0	0	2062	0	6838	0	248	0	0	0	0	0	0	0	0	0	1416	0	164	0	0	0	764	0	0	0	528	118	70	0	280	0	718	0	460	0	824	0	2896	0	0	0	0	0	0	156	92	0	0	0	0	0	0	0	0	0	0	0	0	696	0	0	0	0	0	0	
205648	ParaHippocampal_R	188	1658	0	1870	0	0	174	394	0	0	102	376	0	0	0	0	0	1600	0	552	0	70	0	0	0	0	0	0	184	3702	0	0	0	102	2244	3458	1982	28412	160	0	0	6822	0	1366	0	0	0	3426	0	0	0	0	0	442	0	15816	0	152	0	0	0	0	0	0	0	0	526	3264	0	320	0	84	0	5742	0	0	920	2664	110	978	0	1236	0	2076	0	1012	0	1566	0	6548	0	0	0	0	0	0	0	416	0	0	0	0	0	0	0	0	0	0	0	0	110	0	0	0	0	0	
42604	Amygdala_L	0	0	154	0	502	0	0	0	462	0	0	0	0	0	502	0	0	0	138	0	468	0	0	0	0	0	0	0	2942	0	0	0	0	0	0	0	8024	0	1970	0	0	0	0	0	0	0	0	0	0	0	0	0	0	0	2876	0	0	0	0	0	0	0	0	0	0	0	0	0	92	0	0	0	266	0	0	0	0	0	0	0	284	0	664	0	0	0	532	0	1426	0	0	0	0	0	0	0	0	0	0	0	0	0	0	0	0	0	0	0	0	0	0	0	0	0	0	0	
66460	Amygdala_R	0	0	0	0	0	0	0	0	0	0	0	0	0	0	0	0	0	0	0	0	0	234	0	0	0	0	0	0	0	678	0	0	0	0	0	0	0	9556	0	6822	0	0	0	0	0	0	0	0	0	0	0	0	0	0	0	6778	0	0	0	0	0	0	0	0	0	0	0	0	0	0	0	0	0	826	0	0	0	0	0	0	0	0	0	4604	0	0	0	3076	0	656	0	0	0	0	0	0	0	0	0	0	0	0	0	0	0	0	0	0	0	0	0	0	0	0	0	0	
263956	Calcarine_L	98	0	0	0	0	0	0	0	0	0	0	0	0	0	0	0	0	0	0	0	0	0	0	0	0	0	0	0	0	0	0	0	498	0	3586	0	2538	0	1160	0	0	0	0	7112	17004	4518	17490	2974	14004	3852	22004	1530	6782	0	2310	148	0	0	90	0	0	0	0	0	0	0	15488	356	1546	0	0	0	0	0	0	0	0	0	0	0	0	0	0	0	4610	0	0	0	1272	0	0	0	0	0	0	0	0	0	482	0	0	0	0	0	0	0	0	0	0	0	210	316	0	0	0	0	
364248	Calcarine_R	0	616	0	0	0	0	0	0	0	0	0	0	0	0	0	0	0	0	0	620	0	0	0	0	0	0	0	0	0	0	0	0	650	2142	0	1900	0	1982	0	1366	0	0	7112	0	5422	29538	386	26840	524	28780	72	18616	0	5002	0	6998	0	482	0	270	0	86	0	0	0	0	932	28174	0	4310	0	0	0	0	0	0	0	0	0	0	0	0	0	0	0	3260	0	0	0	5846	0	0	0	0	0	0	0	0	0	0	0	0	0	0	0	0	0	0	0	0	0	198	0	0	0	0	
198820	Cuneus_L	0	0	0	0	0	0	0	0	0	0	0	0	0	0	0	0	0	0	104	0	0	0	0	0	0	0	0	0	0	0	0	0	882	0	1192	0	0	0	0	0	0	0	17004	5422	0	7898	3192	970	24940	4218	14220	436	1258	0	184	0	0	0	982	0	0	0	0	0	0	0	13190	902	1434	0	0	0	0	0	0	0	0	0	0	0	0	0	0	0	158	0	0	0	86	0	0	0	0	0	0	0	0	0	298	0	0	0	0	0	0	0	0	0	0	0	184	256	0	0	0	0	
305360	Cuneus_R	0	86	0	0	0	0	0	0	0	0	0	0	0	0	0	0	0	0	0	272	0	0	0	0	0	0	0	0	0	0	0	0	0	360	0	286	0	84	0	0	0	0	4518	29538	7898	0	248	6522	1292	41036	224	16762	0	568	0	840	0	2546	0	4460	0	1648	0	0	0	384	2318	26176	0	2412	0	0	0	0	0	0	0	0	0	0	0	0	0	0	0	1346	0	0	0	738	0	0	0	0	0	0	0	0	0	0	0	0	0	0	0	0	0	0	0	0	118	0	0	0	0	0	
245108	Lingual_L	166	0	0	0	0	0	0	0	0	0	0	0	0	0	0	0	0	0	0	0	0	0	0	0	0	0	0	0	0	0	0	0	186	0	2328	0	2968	0	3844	0	0	0	17490	386	3192	248	0	1030	5270	154	11516	0	9450	0	17480	236	0	0	0	0	0	0	0	0	0	0	7358	0	342	0	0	0	0	0	0	0	278	0	0	0	0	0	0	0	810	0	0	0	1574	0	4520	426	382	128	0	0	9342	602	13674	592	606	0	550	0	0	0	0	0	0	0	2906	2424	96	0	0	0	
319644	Lingual_R	0	82	0	86	0	0	0	0	0	0	0	0	0	0	0	0	0	0	0	104	0	0	0	0	0	0	0	0	0	0	0	0	0	924	106	4520	0	4356	96	3426	0	0	2974	26840	970	6522	1030	0	106	9342	0	6864	0	3578	108	17286	0	0	0	0	0	0	0	0	0	0	84	12808	0	1282	0	0	0	0	0	0	0	180	0	0	0	0	0	0	0	778	0	0	0	1624	1054	7634	84	1114	90	86	2414	8310	2622	10762	0	0	0	0	0	164	0	0	0	94	9468	8870	282	118	138	442	
231204	Occipital_Sup_L	168	0	0	0	0	0	0	0	0	0	0	0	0	0	0	0	272	0	0	0	0	0	0	0	0	0	0	0	168	0	0	0	226	0	0	0	0	0	0	0	0	0	14004	524	24940	1292	5270	106	0	440	34540	0	954	0	188	0	390	0	10958	0	1934	0	202	0	700	0	13162	0	2944	0	0	0	0	0	0	0	0	0	0	0	136	0	0	0	138	0	0	0	162	0	76	134	0	0	0	0	0	0	674	152	0	0	0	0	0	0	0	0	0	0	214	534	0	0	0	0	
351608	Occipital_Sup_R	0	0	0	0	0	0	0	0	0	0	0	0	0	0	0	0	0	0	0	0	0	0	0	0	0	0	0	0	0	0	0	0	0	0	0	0	0	0	0	0	0	0	3852	28780	4218	41036	154	9342	440	0	0	30224	0	1676	0	1490	0	5004	0	11974	0	2760	0	0	0	2096	1688	25008	0	3432	0	0	0	0	0	0	0	0	0	0	0	0	0	0	0	2208	0	0	0	422	0	0	0	0	0	0	0	0	0	0	0	0	0	0	0	0	0	0	0	0	0	0	0	0	0	0	
477532	Occipital_Mid_L	2804	0	0	0	0	0	0	0	0	0	0	0	0	0	0	0	1638	0	0	0	0	0	0	0	0	0	0	0	1600	0	0	0	1796	0	282	0	454	0	0	0	0	0	22004	72	14220	224	11516	0	34540	0	0	0	20066	0	5876	0	1102	0	24082	0	16398	0	1364	0	19760	0	15970	0	18736	0	0	0	0	0	0	0	0	0	418	0	1020	0	0	0	17798	0	0	0	3278	0	104	134	0	0	0	0	0	0	772	152	0	0	0	0	0	0	0	0	0	0	144	442	0	0	0	0	
303148	Occipital_Mid_R	0	1152	0	0	0	0	0	588	0	0	0	0	0	0	0	0	0	150	0	494	0	0	0	0	0	0	0	0	0	80	0	0	178	778	0	104	0	460	0	0	0	0	1530	18616	436	16762	0	6864	0	30224	0	0	0	5764	0	3514	0	1574	0	6778	0	5414	0	308	0	10878	986	16916	0	1592	0	0	0	0	0	0	0	0	0	0	0	870	0	0	0	14916	0	0	0	3648	0	0	0	0	0	0	0	0	0	0	0	0	0	0	0	0	0	0	0	0	0	0	0	0	0	0	
128876	Occipital_Inf_L	0	0	0	0	0	0	0	0	0	0	0	0	0	0	0	0	0	0	0	0	0	0	0	0	0	0	0	0	0	0	0	0	116	0	0	0	506	0	2062	0	0	0	6782	0	1258	0	9450	0	954	0	20066	0	0	0	13616	0	0	0	0	0	0	0	0	0	248	0	914	0	624	0	0	0	0	0	0	0	0	0	0	0	0	0	0	0	2768	0	0	0	4202	0	408	0	0	0	0	0	70	0	394	0	0	0	0	0	0	0	0	0	0	0	0	0	0	0	0	0	
71268	Occipital_Inf_R	0	220	0	0	0	0	0	0	0	0	0	0	0	0	0	0	0	0	0	442	0	0	0	0	0	0	0	0	0	0	0	0	0	642	0	134	0	320	0	442	0	0	0	5002	0	568	0	3578	0	1676	0	5764	0	0	0	7580	0	84	0	0	0	0	0	0	0	0	0	1254	0	694	0	0	0	0	0	0	0	0	0	0	0	0	0	0	0	1114	0	0	0	4054	0	212	0	0	0	0	0	0	0	1022	0	0	0	0	0	0	0	0	0	0	0	832	0	0	0	0	
314632	Fusiform_L	1098	0	0	0	0	0	0	0	0	0	0	0	0	0	0	0	280	0	0	0	0	0	0	0	0	0	0	0	3210	0	0	0	0	0	122	0	8526	0	6838	0	2876	0	2310	0	184	0	17480	108	188	0	5876	0	13616	0	0	0	212	0	0	0	0	0	0	0	0	0	700	0	902	0	0	0	380	0	0	0	196	0	848	0	1668	0	2254	0	3284	0	1566	0	14900	0	18298	114	1788	76	198	0	11144	208	28142	236	1898	0	1574	0	144	0	94	0	164	198	1732	1164	98	0	168	256	
424728	Fusiform_R	0	1408	0	158	0	0	0	160	0	0	0	174	0	0	0	0	0	1062	0	478	0	0	0	0	0	0	0	0	0	2418	0	0	0	334	676	1550	598	25780	0	15816	0	6778	148	6998	0	840	236	17286	0	1490	0	3514	0	7580	0	0	0	490	0	0	0	70	0	124	0	98	104	3682	0	694	0	0	0	2644	0	0	380	922	0	1056	0	2520	0	7638	0	8022	0	5346	0	26616	390	14682	0	528	0	684	800	8616	1132	18418	0	0	0	378	0	0	0	0	0	76	5542	5230	0	0	0	0	
226652	Postcentral_L	28158	0	1588	0	0	0	3686	0	0	0	3528	0	622	0	0	0	8114	0	542	0	0	0	0	0	0	0	0	0	8480	0	0	0	0	0	268	166	3178	114	248	0	0	0	0	0	0	0	0	0	390	0	1102	0	0	0	212	0	0	0	4032	0	18398	0	10084	0	324	0	1374	0	3332	0	94	0	6114	0	744	0	708	92	4020	0	2338	0	0	0	574	0	0	0	702	0	0	0	0	0	0	0	0	0	0	0	0	0	0	0	0	0	0	0	0	0	0	0	0	0	0	0	
202808	Postcentral_R	0	11330	0	146	0	0	0	424	0	0	0	1300	0	0	0	0	0	3052	0	1866	0	0	0	0	0	0	0	0	0	2162	0	0	0	4066	166	1574	0	1364	0	152	0	0	0	482	0	2546	0	0	0	5004	0	1574	0	84	0	490	0	0	0	5824	0	11024	0	13592	0	2338	176	8162	0	12740	0	0	0	1056	0	0	0	406	0	134	0	1912	0	0	0	4650	0	0	0	1608	0	0	0	0	0	0	0	0	0	0	0	0	0	0	0	0	0	0	0	0	0	0	0	0	0	0	
181544	Parietal_Sup_L	778	0	0	0	0	0	0	0	0	0	0	0	0	0	0	0	1180	0	0	0	0	0	0	0	0	0	0	0	778	0	0	0	176	0	0	0	128	0	0	0	0	0	90	0	982	0	0	0	10958	0	24082	0	0	0	0	0	4032	0	0	0	14786	0	1298	0	9970	0	16426	0	2740	0	0	0	0	0	0	0	0	0	128	0	700	0	0	0	758	0	0	0	782	0	0	0	0	0	0	0	0	0	0	0	0	0	0	0	0	0	0	0	0	0	0	0	0	0	0	0	
150360	Parietal_Sup_R	0	88	0	0	0	0	0	0	0	0	0	0	0	0	0	0	0	0	0	0	0	0	0	0	0	0	0	0	0	0	0	0	0	0	0	0	0	0	0	0	0	0	0	270	0	4460	0	0	0	11974	0	6778	0	0	0	0	0	5824	0	0	0	13098	0	1894	0	12132	404	11826	0	3284	0	0	0	0	0	0	0	0	0	0	0	84	0	0	0	2544	0	0	0	520	0	0	0	0	0	0	0	0	0	0	0	0	0	0	0	0	0	0	0	0	0	0	0	0	0	0	
255940	Parietal_Inf_L	3434	0	70	0	0	0	454	0	0	0	0	0	0	0	0	0	912	0	0	0	0	0	0	0	0	0	0	0	340	0	0	0	106	0	0	0	556	0	0	0	0	0	0	0	0	0	0	0	1934	0	16398	0	0	0	0	0	18398	0	14786	0	0	0	18246	0	29806	0	3526	0	3146	0	0	0	620	0	0	0	0	0	116	0	4210	0	0	0	6854	0	0	0	4058	0	0	0	0	0	0	0	0	0	0	0	0	0	0	0	0	0	0	0	0	0	0	0	0	0	0	0	
159688	Parietal_Inf_R	0	662	0	0	0	0	0	192	0	0	0	0	0	0	0	0	0	144	0	0	0	0	0	0	0	0	0	0	0	0	0	0	0	0	0	0	0	124	0	0	0	0	0	86	0	1648	0	0	0	2760	0	5414	0	0	0	70	0	11024	0	13098	0	0	0	14992	0	18584	96	2816	0	398	0	0	0	0	0	0	0	0	0	0	0	1220	0	0	0	5576	0	0	0	940	0	0	0	0	0	0	0	0	0	0	0	0	0	0	0	0	0	0	0	0	0	0	0	0	0	0	
124372	SupraMarginal_L	766	0	0	0	0	0	0	0	0	0	0	0	0	0	0	0	1176	0	0	0	0	0	0	0	0	0	0	0	210	0	0	0	0	0	0	0	292	0	0	0	0	0	0	0	0	0	0	0	202	0	1364	0	0	0	0	0	10084	0	1298	0	18246	0	0	0	7464	0	230	0	372	0	0	0	0	0	0	0	0	0	0	0	8170	0	0	0	9260	0	0	0	3052	0	0	0	0	0	0	0	0	0	0	0	0	0	0	0	0	0	0	0	0	0	0	0	0	0	0	0	
124912	SupraMarginal_R	0	1022	0	0	0	0	0	328	0	0	0	0	0	0	0	0	0	2146	0	0	0	0	0	0	0	0	0	0	0	0	0	0	0	0	0	0	0	216	0	0	0	0	0	0	0	0	0	0	0	0	0	308	0	0	0	124	0	13592	0	1894	0	14992	0	0	0	10930	0	0	0	120	0	0	0	0	0	0	0	0	0	0	0	4836	0	0	0	9648	0	0	0	2300	0	0	0	0	0	0	0	0	0	0	0	0	0	0	0	0	0	0	0	0	0	0	0	0	0	0	
182444	Angular_L	556	0	0	0	0	0	0	0	0	0	0	0	0	0	0	0	744	0	0	0	0	0	0	0	0	0	0	0	106	0	0	0	0	0	0	0	0	0	0	0	0	0	0	0	0	0	0	0	700	0	19760	0	248	0	0	0	324	0	9970	0	29806	0	7464	0	0	0	2532	0	1876	0	0	0	0	0	0	0	0	0	0	0	3190	0	0	0	10184	0	0	0	3762	0	0	0	0	0	0	0	0	0	0	0	0	0	0	0	0	0	0	0	0	0	0	0	0	0	0	0	
154044	Angular_R	0	664	0	0	0	0	0	536	0	0	0	0	0	0	0	0	0	412	0	0	0	0	0	0	0	0	0	0	0	0	0	0	0	0	0	0	0	192	0	0	0	0	0	0	0	384	0	0	0	2096	0	10878	0	0	0	98	0	2338	0	12132	0	18584	0	10930	0	0	0	596	0	0	0	0	0	0	0	0	0	0	0	86	0	2624	0	0	0	12170	0	0	0	2302	0	0	0	0	0	0	0	0	0	0	0	0	0	0	0	0	0	0	0	0	0	0	0	0	0	0	
263384	Precuneus_L	816	88	0	0	0	0	0	0	0	0	98	0	0	0	0	0	252	0	124	0	0	0	0	0	0	0	0	0	584	0	0	0	1806	0	6424	1238	4292	726	1416	526	0	0	15488	932	13190	2318	7358	84	13162	1688	15970	986	914	0	700	104	1374	176	16426	404	3526	96	230	0	2532	0	0	4754	3986	1234	0	0	0	0	0	0	0	342	316	0	168	0	0	0	3182	0	0	0	1662	0	0	0	0	0	0	0	0	0	0	0	0	0	0	0	0	0	0	0	0	0	0	0	0	0	0	0	
416012	Precuneus_R	0	1930	0	0	0	0	0	800	0	0	0	0	0	0	0	0	0	360	0	930	0	0	0	0	0	0	0	0	0	180	0	0	1612	4404	1080	10880	538	6654	0	3264	0	0	356	28174	902	26176	0	12808	0	25008	0	16916	0	1254	0	3682	0	8162	0	11826	0	2816	0	0	0	596	4754	0	0	14308	0	0	0	0	0	0	808	654	0	0	0	94	0	0	0	7402	0	0	0	8230	0	0	0	0	0	0	0	0	0	0	0	0	0	0	0	0	0	0	0	0	448	0	0	0	0	0	
236548	Paracentral_Lobule_L	16456	78	2674	204	0	0	148	0	0	0	154	0	0	0	0	0	760	0	19614	2800	0	0	98	0	0	0	0	0	1046	0	156	0	3998	412	5682	80	1272	0	164	0	92	0	1546	0	1434	0	342	0	2944	0	18736	0	624	0	902	0	3332	0	2740	0	3146	0	372	0	1876	0	3986	0	0	126	600	220	1792	706	2032	554	6072	0	212	0	658	0	0	0	5272	0	0	0	2162	0	0	0	0	0	0	0	0	0	0	0	0	0	0	0	0	0	0	0	0	0	0	0	0	0	0	0	
207900	Paracentral_Lobule_R	558	9676	0	0	0	0	308	146	0	0	0	0	0	0	0	0	0	344	302	12810	0	0	0	0	0	0	0	0	0	170	0	0	1088	14346	450	6362	0	988	0	320	0	0	0	4310	0	2412	0	1282	0	3432	0	1592	0	694	0	694	0	12740	0	3284	0	398	0	120	0	0	1234	14308	126	0	0	0	0	0	0	0	0	0	0	192	0	1014	0	0	0	4296	0	0	0	3954	0	0	0	0	0	0	0	0	0	0	0	0	0	0	0	0	0	0	0	0	0	0	0	0	0	0	
168232	Caudate_L	466	0	13088	4528	326	770	1952	0	0	0	190	558	172	578	0	0	222	314	10740	4778	4780	4646	712	122	742	344	1994	2210	1486	352	4834	2748	0	746	114	114	162	122	0	0	0	0	0	0	0	0	0	0	0	0	0	0	0	0	0	0	94	0	0	0	0	0	0	0	0	0	0	0	600	0	0	3696	6438	416	596	92	5678	1362	0	0	150	0	0	0	0	0	0	0	84	0	0	0	0	0	0	0	0	0	0	0	0	0	0	0	0	0	0	0	0	0	0	0	0	0	0	0	
338156	Caudate_R	540	130	1876	27092	0	2826	596	776	0	606	0	1418	0	1496	0	1698	0	1152	2222	17394	656	1588	0	11880	0	2942	134	1822	0	5074	846	22350	0	878	344	446	0	818	0	84	0	0	0	0	0	0	0	0	0	0	0	0	0	0	0	0	0	0	0	0	0	0	0	0	0	0	0	0	220	0	3696	0	344	29562	106	3986	2934	18468	0	0	0	0	0	0	0	78	0	0	0	0	0	0	0	0	0	0	0	0	0	0	0	0	0	0	0	0	0	0	0	0	0	0	0	0	0	0	
241900	Putamen_L	8440	0	15570	0	8722	0	1322	0	5114	0	1852	0	1196	0	7062	0	1232	0	10164	0	764	552	2804	0	432	0	512	186	17830	0	4988	354	0	0	0	0	5168	0	764	0	266	0	0	0	0	0	0	0	0	0	0	0	0	0	380	0	6114	0	0	0	620	0	0	0	0	0	0	0	1792	0	6438	344	0	0	5602	0	2066	0	122	0	558	0	1074	0	162	0	0	0	384	0	0	0	0	0	0	0	0	0	0	0	0	0	0	0	0	0	0	0	0	0	0	0	0	0	0	0	
414960	Putamen_R	0	2326	578	27896	0	1892	318	3912	0	688	0	5892	0	1264	0	2206	0	6202	2722	16290	0	954	0	7780	0	1120	0	1682	86	24976	142	10508	0	268	0	142	0	19464	0	5742	0	826	0	0	0	0	0	0	0	0	0	0	0	0	0	2644	0	1056	0	0	0	0	0	0	0	0	0	0	706	0	416	29562	0	0	0	9122	616	16706	0	186	0	0	0	136	0	0	0	0	0	454	0	0	0	0	0	0	0	0	0	0	0	0	0	0	0	0	0	0	0	0	0	0	0	0	0	0	
45892	Pallidum_L	1340	0	3244	0	0	0	398	0	0	0	0	0	0	0	0	0	214	0	5408	0	0	0	0	0	0	0	0	0	212	0	0	0	0	0	0	0	536	0	0	0	0	0	0	0	0	0	0	0	0	0	0	0	0	0	0	0	744	0	0	0	0	0	0	0	0	0	0	0	2032	0	596	106	5602	0	0	0	2330	184	0	0	0	0	0	0	0	0	0	0	0	0	0	0	0	0	0	0	0	0	0	0	0	0	0	0	0	0	0	0	0	0	0	0	0	0	0	0	
49784	Pallidum_R	0	0	190	1312	0	0	0	0	0	0	0	0	0	0	0	0	0	0	2058	1694	0	0	0	0	0	0	0	0	0	0	0	0	0	0	0	0	0	106	0	0	0	0	0	0	0	0	0	0	0	0	0	0	0	0	0	0	0	0	0	0	0	0	0	0	0	0	0	0	554	0	92	3986	0	9122	0	0	86	5692	0	0	0	0	0	0	0	0	0	0	0	0	0	0	0	0	0	0	0	0	0	0	0	0	0	0	0	0	0	0	0	0	0	0	0	0	0	0	
184796	Thalamus_L	3904	580	9696	778	0	0	10062	0	0	0	914	0	424	0	0	0	2304	70	10236	254	0	0	0	0	0	0	0	0	3266	0	0	0	0	0	3786	5014	3896	2622	528	920	0	0	0	0	0	0	278	0	0	0	0	0	0	0	196	380	708	0	0	0	0	0	0	0	0	0	0	808	6072	0	5678	2934	2066	616	2330	86	0	10592	250	0	150	0	0	0	0	0	0	0	0	0	0	0	0	0	0	0	0	0	0	0	0	0	0	0	0	0	0	0	0	0	0	0	0	0	0	0	
205936	Thalamus_R	400	1982	1496	7670	0	0	1818	462	0	0	116	72	0	0	0	0	0	2760	246	4404	0	0	0	96	0	0	0	0	246	1960	0	498	0	0	4472	5754	2912	6812	118	2664	0	0	0	0	0	0	0	180	0	0	0	0	0	0	0	922	92	406	0	0	0	0	0	0	0	0	342	654	0	0	1362	18468	0	16706	184	5692	10592	0	106	0	0	0	0	0	0	188	0	0	0	116	0	0	0	0	0	0	0	0	0	0	0	0	0	0	0	0	0	0	0	0	0	0	0	0	0	0	
87980	Heschl_L	5062	0	296	0	0	0	758	0	0	0	1850	0	90	0	0	0	6324	0	102	0	0	0	0	0	0	0	0	0	9586	0	0	0	0	0	436	216	4870	150	70	110	0	0	0	0	0	0	0	0	0	0	418	0	0	0	848	0	4020	0	128	0	116	0	0	0	0	0	316	0	212	0	0	0	122	0	0	0	250	106	0	0	3466	0	0	0	744	0	0	0	3324	0	0	0	0	0	0	0	0	0	0	0	0	0	0	0	0	0	0	0	0	0	0	0	0	0	0	0	
46496	Heschl_R	0	142	0	0	0	0	0	0	0	0	0	84	0	0	0	0	0	3508	0	0	0	0	0	0	0	0	0	0	0	3474	0	0	0	0	0	0	0	2318	0	978	0	0	0	0	0	0	0	0	0	0	0	0	0	0	0	1056	0	134	0	0	0	0	0	0	0	86	0	0	0	192	0	0	0	186	0	0	0	0	0	0	0	6606	0	0	0	2148	0	0	0	2336	0	0	0	0	0	0	0	0	0	0	0	0	0	0	0	0	0	0	0	0	0	0	0	0	0	0	
170976	Temporal_Sup_L	2726	0	328	0	0	0	546	0	0	0	534	0	78	0	0	0	6636	0	168	0	0	0	0	0	0	0	0	0	7256	0	0	0	0	0	80	0	3260	0	280	0	284	0	0	0	0	0	0	0	136	0	1020	0	0	0	1668	0	2338	0	700	0	4210	0	8170	0	3190	0	168	0	658	0	150	0	558	0	0	0	150	0	3466	0	0	0	3214	0	22144	0	116	0	11256	0	0	0	0	0	0	0	0	0	0	0	0	0	0	0	0	0	0	0	0	0	0	0	0	0	0	0	
112812	Temporal_Sup_R	0	592	0	0	0	0	0	158	0	0	0	0	0	0	0	0	0	4352	0	162	0	0	0	0	0	0	0	0	0	2924	0	0	0	70	0	0	0	2854	0	1236	0	0	0	0	0	0	0	0	0	0	0	870	0	0	0	2520	0	1912	0	84	0	1220	0	4836	0	2624	0	94	0	1014	0	0	0	0	0	0	0	0	0	6606	0	0	0	3284	0	13966	0	304	0	4724	0	0	0	0	0	0	0	0	0	0	0	0	0	0	0	0	0	0	0	0	0	0	0	0	0	0	
70012	Temporal_Pole_Sup_L	116	0	1058	0	588	0	0	0	598	0	1376	0	0	0	652	0	1668	0	106	0	274	0	0	0	0	0	0	0	4450	0	0	0	0	0	0	0	1192	0	718	0	664	0	0	0	0	0	0	0	0	0	0	0	0	0	2254	0	0	0	0	0	0	0	0	0	0	0	0	0	0	0	0	0	1074	0	0	0	0	0	0	0	3214	0	0	0	6560	0	3450	0	4994	0	0	0	0	0	0	0	0	0	0	0	0	0	0	0	0	0	0	0	0	0	0	0	0	0	0	0	
62596	Temporal_Pole_Sup_R	0	0	0	0	0	0	0	0	0	0	0	0	0	0	0	0	0	0	0	0	0	0	0	0	0	0	0	0	0	304	0	0	0	0	0	0	0	3324	0	2076	0	4604	0	0	0	0	0	0	0	0	0	0	0	0	0	7638	0	0	0	0	0	0	0	0	0	0	0	0	0	0	0	0	0	136	0	0	0	0	0	0	0	3284	0	0	0	1676	0	5744	0	2512	0	0	0	0	0	0	0	0	0	0	0	0	0	0	0	0	0	0	0	0	0	0	0	0	0	0	
281148	Temporal_Mid_L	2196	0	0	0	0	0	0	0	0	0	0	0	0	0	0	0	1664	0	0	0	0	0	0	0	0	0	0	0	594	0	0	0	564	0	172	0	1050	0	460	0	0	0	4610	0	158	0	810	0	138	0	17798	0	2768	0	3284	0	574	0	758	0	6854	0	9260	0	10184	0	3182	0	5272	0	0	0	162	0	0	0	0	0	744	0	22144	0	6560	0	0	0	3512	0	35102	0	0	0	0	0	0	0	0	0	0	0	0	0	0	0	0	0	0	0	0	0	0	0	0	0	0	0	
299288	Temporal_Mid_R	0	3532	0	0	0	0	0	1120	0	0	0	0	0	0	0	0	0	1516	0	1598	0	0	0	0	0	0	0	0	0	2184	0	0	0	2386	0	952	0	5286	0	1012	0	0	0	3260	0	1346	0	778	0	2208	0	14916	0	1114	0	8022	0	4650	0	2544	0	5576	0	9648	0	12170	0	7402	0	4296	0	78	0	0	0	0	0	188	0	2148	0	13966	0	1676	0	0	0	824	0	33248	0	0	0	0	0	0	0	0	0	0	0	0	0	0	0	0	0	0	0	0	0	0	0	0	0	0	
28684	Temporal_Pole_Mid_L	0	0	0	0	0	0	0	0	0	0	0	0	0	0	0	0	0	0	0	0	0	0	0	0	0	0	0	0	292	0	0	0	0	0	0	0	644	0	824	0	532	0	0	0	0	0	0	0	0	0	0	0	0	0	1566	0	0	0	0	0	0	0	0	0	0	0	0	0	0	0	0	0	0	0	0	0	0	0	0	0	116	0	3450	0	3512	0	0	0	3406	0	0	0	0	0	0	0	0	0	0	0	0	0	0	0	0	0	0	0	0	0	0	0	0	0	0	0	
42804	Temporal_Pole_Mid_R	0	0	0	0	0	0	0	0	0	0	0	0	0	0	0	0	0	0	0	0	0	0	0	0	0	0	0	0	0	0	0	0	0	0	0	0	0	1900	0	1566	0	3076	0	0	0	0	0	0	0	0	0	0	0	0	0	5346	0	0	0	0	0	0	0	0	0	0	0	0	0	0	0	0	0	0	0	0	0	0	0	0	0	304	0	5744	0	824	0	0	0	2642	0	0	0	0	0	0	0	0	0	0	0	0	0	0	0	0	0	0	0	0	0	0	0	0	0	0	
248204	Temporal_Inf_L	3448	0	0	0	0	0	0	0	0	0	0	0	0	0	0	0	3338	0	0	0	0	0	0	0	0	0	0	0	3990	0	0	0	0	0	226	0	8110	0	2896	0	1426	0	1272	0	86	0	1574	0	162	0	3278	0	4202	0	14900	0	702	0	782	0	4058	0	3052	0	3762	0	1662	0	2162	0	84	0	384	0	0	0	0	0	3324	0	11256	0	4994	0	35102	0	3406	0	0	0	464	0	0	0	0	0	0	0	0	0	0	0	0	0	0	0	0	0	0	0	0	0	0	0	0	0	
303292	Temporal_Inf_R	0	3706	0	0	0	0	0	360	0	0	0	100	0	0	0	0	0	1952	0	2022	0	0	0	0	0	0	0	0	0	4328	0	0	0	2104	0	1910	0	17008	0	6548	0	656	0	5846	0	738	0	1624	0	422	0	3648	0	4054	0	26616	0	1608	0	520	0	940	0	2300	0	2302	0	8230	0	3954	0	0	0	454	0	0	0	116	0	2336	0	4724	0	2512	0	33248	0	2642	0	0	0	1008	0	0	0	152	0	234	0	724	0	0	0	0	0	0	0	0	0	0	0	0	0	0	0	0	
482204	Cerebelum_Crus1_L	0	0	0	0	0	0	0	0	0	0	0	0	0	0	0	0	0	0	0	0	0	0	0	0	0	0	0	0	0	0	0	0	0	0	0	0	0	0	0	0	0	0	0	0	0	0	4520	1054	76	0	104	0	408	0	18298	390	0	0	0	0	0	0	0	0	0	0	0	0	0	0	0	0	0	0	0	0	0	0	0	0	0	0	0	0	0	0	0	0	464	0	0	2142	36030	6210	662	950	15100	2120	51698	3782	22484	1632	21676	7298	2704	3730	934	0	1040	1614	5850	9328	11064	3298	2926	1516	
392420	Cerebelum_Crus1_R	0	0	0	0	0	0	0	0	0	0	0	0	0	0	0	0	0	0	0	0	0	0	0	0	0	0	0	0	0	0	0	0	0	0	0	0	0	0	0	0	0	0	0	0	0	0	426	7634	134	0	134	0	0	212	114	14682	0	0	0	0	0	0	0	0	0	0	0	0	0	0	0	0	0	0	0	0	0	0	0	0	0	0	0	0	0	0	0	0	0	1008	2142	0	888	37276	120	4080	1662	18396	3910	51118	526	3184	516	11810	166	1674	0	0	162	2170	10962	12104	5574	1964	1186	276	
326864	Cerebelum_Crus2_L	0	0	0	0	0	0	0	0	0	0	0	0	0	0	0	0	0	0	0	0	0	0	0	0	0	0	0	0	0	0	0	0	0	0	0	0	0	0	0	0	0	0	0	0	0	0	382	84	0	0	0	0	0	0	1788	0	0	0	0	0	0	0	0	0	0	0	0	0	0	0	0	0	0	0	0	0	0	0	0	0	0	0	0	0	0	0	0	0	0	0	36030	888	0	7474	88	192	1848	194	7606	806	39954	3290	33530	6604	2920	1530	464	0	138	242	584	2168	10020	3686	618	304	
336108	Cerebelum_Crus2_R	0	0	0	0	0	0	0	0	0	0	0	0	0	0	0	0	0	0	0	0	0	0	0	0	0	0	0	0	0	0	0	0	0	0	0	0	0	0	0	0	0	0	0	0	0	0	128	1114	0	0	0	0	0	0	76	528	0	0	0	0	0	0	0	0	0	0	0	0	0	0	0	0	0	0	0	0	0	0	0	0	0	0	0	0	0	0	0	0	0	0	6210	37276	7474	0	0	1768	350	3570	2226	12114	6506	25016	6020	29916	110	4460	0	0	72	986	2530	4346	11108	3528	520	102	
34444	Cerebelum_3_L	0	0	0	0	0	0	0	0	0	0	0	0	0	0	0	0	0	0	0	0	0	0	0	0	0	0	0	0	0	0	0	0	0	0	0	0	0	0	0	0	0	0	0	0	0	0	0	90	0	0	0	0	0	0	198	0	0	0	0	0	0	0	0	0	0	0	0	0	0	0	0	0	0	0	0	0	0	0	0	0	0	0	0	0	0	0	0	0	0	0	662	120	88	0	0	400	5842	196	2054	222	124	0	204	0	828	96	0	0	1274	3076	1226	366	78	0	78	0	
89036	Cerebelum_3_R	0	0	0	0	0	0	0	0	0	0	0	0	0	0	0	0	0	0	0	0	0	0	0	0	0	0	0	0	0	0	0	0	0	0	0	0	0	0	156	0	0	0	0	0	0	0	0	86	0	0	0	0	0	0	0	684	0	0	0	0	0	0	0	0	0	0	0	0	0	0	0	0	0	0	0	0	0	0	0	0	0	0	0	0	0	0	0	0	0	152	950	4080	192	1768	400	0	1044	6020	1626	7432	190	0	334	360	294	2250	0	0	788	5682	3228	1694	1084	1246	1930	848	
251416	Cerebelum_4_5_L	0	0	0	0	0	0	0	0	0	0	0	0	0	0	0	0	0	0	0	0	0	0	0	0	0	0	0	0	0	0	0	0	0	0	0	0	0	0	92	0	0	0	0	0	0	0	9342	2414	0	0	0	0	70	0	11144	800	0	0	0	0	0	0	0	0	0	0	0	0	0	0	0	0	0	0	0	0	0	0	0	0	0	0	0	0	0	0	0	0	0	0	15100	1662	1848	350	5842	1044	0	4478	33426	3000	3356	0	3340	92	3062	458	104	0	2282	3508	13348	3202	306	242	472	1324	
249052	Cerebelum_4_5_R	0	0	0	0	0	0	0	0	0	0	0	0	0	0	0	0	0	0	0	0	0	0	0	0	0	0	0	0	0	0	0	0	0	0	0	0	0	0	0	416	0	0	0	0	0	0	602	8310	0	0	0	0	0	0	208	8616	0	0	0	0	0	0	0	0	0	0	0	0	0	0	0	0	0	0	0	0	0	0	0	0	0	0	0	0	0	0	0	0	0	234	2120	18396	194	3570	196	6020	4478	0	4600	31630	256	0	272	920	364	1398	0	0	112	2464	19118	4992	1506	1574	1418	542	
478216	Cerebelum_6_L	0	0	0	0	0	0	0	0	0	0	0	0	0	0	0	0	0	0	0	0	0	0	0	0	0	0	0	0	0	0	0	0	0	0	0	0	0	0	0	0	0	0	482	0	298	0	13674	2622	674	0	772	0	394	0	28142	1132	0	0	0	0	0	0	0	0	0	0	0	0	0	0	0	0	0	0	0	0	0	0	0	0	0	0	0	0	0	0	0	0	0	0	51698	3910	7606	2226	2054	1626	33426	4600	0	6778	8020	494	9030	3122	3984	4352	692	0	1778	2776	12728	14584	5938	2978	3888	2630	
416376	Cerebelum_6_R	0	0	0	0	0	0	0	0	0	0	0	0	0	0	0	0	0	0	0	0	0	0	0	0	0	0	0	0	0	0	0	0	0	0	0	0	0	0	0	0	0	0	0	0	0	0	592	10762	152	0	152	0	0	1022	236	18418	0	0	0	0	0	0	0	0	0	0	0	0	0	0	0	0	0	0	0	0	0	0	0	0	0	0	0	0	0	0	0	0	0	724	3782	51118	806	12114	222	7432	3000	31630	6778	0	442	314	464	5350	364	2264	0	0	394	3470	18470	17330	4990	2136	2210	1050	
317808	Cerebelum_7b_L	0	0	0	0	0	0	0	0	0	0	0	0	0	0	0	0	0	0	0	0	0	0	0	0	0	0	0	0	0	0	0	0	0	0	0	0	0	0	0	0	0	0	0	0	0	0	606	0	0	0	0	0	0	0	1898	0	0	0	0	0	0	0	0	0	0	0	0	0	0	0	0	0	0	0	0	0	0	0	0	0	0	0	0	0	0	0	0	0	0	0	22484	526	39954	6506	124	190	3356	256	8020	442	0	2706	41450	7180	4578	1614	532	0	312	316	1260	1278	8868	4046	402	0	
139612	Cerebelum_7b_R	0	0	0	0	0	0	0	0	0	0	0	0	0	0	0	0	0	0	0	0	0	0	0	0	0	0	0	0	0	0	0	0	0	0	0	0	0	0	0	0	0	0	0	0	0	0	0	0	0	0	0	0	0	0	0	0	0	0	0	0	0	0	0	0	0	0	0	0	0	0	0	0	0	0	0	0	0	0	0	0	0	0	0	0	0	0	0	0	0	0	1632	3184	3290	25016	0	0	0	0	494	314	2706	0	2154	20722	0	3762	0	0	0	0	0	360	4028	2010	134	0	
366696	Cerebelum_8_L	0	0	0	0	0	0	0	0	0	0	0	0	0	0	0	0	0	0	0	0	0	0	0	0	0	0	0	0	0	0	0	0	0	0	0	0	0	0	0	0	0	0	0	0	0	0	550	0	0	0	0	0	0	0	1574	0	0	0	0	0	0	0	0	0	0	0	0	0	0	0	0	0	0	0	0	0	0	0	0	0	0	0	0	0	0	0	0	0	0	0	21676	516	33530	6020	204	334	3340	272	9030	464	41450	2154	0	9956	17532	4822	3170	0	342	462	1248	2006	10812	8202	3148	534	
293056	Cerebelum_8_R	0	0	0	0	0	0	0	0	0	0	0	0	0	0	0	0	0	0	0	0	0	0	0	0	0	0	0	0	0	0	0	0	0	0	0	0	0	0	0	0	0	0	0	0	0	0	0	0	0	0	0	0	0	0	0	378	0	0	0	0	0	0	0	0	0	0	0	0	0	0	0	0	0	0	0	0	0	0	0	0	0	0	0	0	0	0	0	0	0	0	7298	11810	6604	29916	0	360	92	920	3122	5350	7180	20722	9956	0	1180	16434	108	98	86	298	252	2888	13140	6350	1798	188	
112764	Cerebelum_9_L	0	0	0	0	0	0	0	0	0	0	0	0	0	0	0	0	0	0	0	0	0	0	0	0	0	0	0	0	0	0	0	0	0	0	0	0	0	0	0	0	0	0	0	0	0	0	0	0	0	0	0	0	0	0	144	0	0	0	0	0	0	0	0	0	0	0	0	0	0	0	0	0	0	0	0	0	0	0	0	0	0	0	0	0	0	0	0	0	0	0	2704	166	2920	110	828	294	3062	364	3984	364	4578	0	17532	1180	0	2286	4788	0	108	450	814	1880	1142	2936	2490	1258	
172108	Cerebelum_9_R	0	0	0	0	0	0	0	0	0	0	0	0	0	0	0	0	0	0	0	0	0	0	0	0	0	0	0	0	0	0	0	0	0	0	0	0	0	0	0	0	0	0	0	0	0	0	0	164	0	0	0	0	0	0	0	0	0	0	0	0	0	0	0	0	0	0	0	0	0	0	0	0	0	0	0	0	0	0	0	0	0	0	0	0	0	0	0	0	0	0	3730	1674	1530	4460	96	2250	458	1398	4352	2264	1614	3762	4822	16434	2286	0	130	692	598	2520	1068	4168	7310	7502	7792	2980	
22852	Cerebelum_10_L	0	0	0	0	0	0	0	0	0	0	0	0	0	0	0	0	0	0	0	0	0	0	0	0	0	0	0	0	0	0	0	0	0	0	0	0	0	0	0	0	0	0	0	0	0	0	0	0	0	0	0	0	0	0	94	0	0	0	0	0	0	0	0	0	0	0	0	0	0	0	0	0	0	0	0	0	0	0	0	0	0	0	0	0	0	0	0	0	0	0	934	0	464	0	0	0	104	0	692	0	532	0	3170	108	4788	130	0	0	0	0	0	0	130	158	122	0	
2024	Cerebelum_10_R	0	0	0	0	0	0	0	0	0	0	0	0	0	0	0	0	0	0	0	0	0	0	0	0	0	0	0	0	0	0	0	0	0	0	0	0	0	0	0	0	0	0	0	0	0	0	0	0	0	0	0	0	0	0	0	0	0	0	0	0	0	0	0	0	0	0	0	0	0	0	0	0	0	0	0	0	0	0	0	0	0	0	0	0	0	0	0	0	0	0	0	0	0	0	0	0	0	0	0	0	0	0	0	98	0	692	0	0	0	0	0	0	0	76	146	0	
43688	Vermis_1_2	0	0	0	0	0	0	0	0	0	0	0	0	0	0	0	0	0	0	0	0	0	0	0	0	0	0	0	0	0	0	0	0	0	0	0	0	0	0	0	0	0	0	0	0	0	0	0	0	0	0	0	0	0	0	164	0	0	0	0	0	0	0	0	0	0	0	0	0	0	0	0	0	0	0	0	0	0	0	0	0	0	0	0	0	0	0	0	0	0	0	1040	162	138	72	1274	788	2282	112	1778	394	312	0	342	86	108	598	0	0	0	5818	3422	904	324	356	712	658	
99660	Vermis_3	0	0	0	0	0	0	0	0	0	0	0	0	0	0	0	0	0	0	0	0	0	0	0	0	0	0	0	0	0	0	0	0	0	0	0	0	0	0	696	0	0	0	0	0	0	0	0	94	0	0	0	0	0	0	198	76	0	0	0	0	0	0	0	0	0	0	0	0	0	0	0	0	0	0	0	0	0	0	0	0	0	0	0	0	0	0	0	0	0	0	1614	2170	242	986	3076	5682	3508	2464	2776	3470	316	0	462	298	450	2520	0	0	5818	0	4498	2138	1234	1400	2304	1340	
275584	Vermis_4_5	0	0	0	0	0	0	0	0	0	0	0	0	0	0	0	0	0	0	0	0	0	0	0	0	0	0	0	0	0	0	0	0	0	0	0	344	0	294	0	110	0	0	210	0	184	118	2906	9468	214	0	144	0	0	0	1732	5542	0	0	0	0	0	0	0	0	0	0	0	448	0	0	0	0	0	0	0	0	0	0	0	0	0	0	0	0	0	0	0	0	0	0	5850	10962	584	2530	1226	3228	13348	19118	12728	18470	1260	0	1248	252	814	1068	0	0	3422	4498	0	9926	622	536	1420	2968	
267096	Vermis_6	0	0	0	0	0	0	0	0	0	0	0	0	0	0	0	0	0	0	0	0	0	0	0	0	0	0	0	0	0	0	0	0	0	0	0	0	0	0	0	0	0	0	316	198	256	0	2424	8870	534	0	442	0	0	832	1164	5230	0	0	0	0	0	0	0	0	0	0	0	0	0	0	0	0	0	0	0	0	0	0	0	0	0	0	0	0	0	0	0	0	0	0	9328	12104	2168	4346	366	1694	3202	4992	14584	17330	1278	360	2006	2888	1880	4168	0	0	904	2138	9926	0	6140	2592	3864	5024	
241872	Vermis_7	0	0	0	0	0	0	0	0	0	0	0	0	0	0	0	0	0	0	0	0	0	0	0	0	0	0	0	0	0	0	0	0	0	0	0	0	0	0	0	0	0	0	0	0	0	0	96	282	0	0	0	0	0	0	98	0	0	0	0	0	0	0	0	0	0	0	0	0	0	0	0	0	0	0	0	0	0	0	0	0	0	0	0	0	0	0	0	0	0	0	11064	5574	10020	11108	78	1084	306	1506	5938	4990	8868	4028	10812	13140	1142	7310	130	0	324	1234	622	6140	0	9318	4736	988	
149492	Vermis_8	0	0	0	0	0	0	0	0	0	0	0	0	0	0	0	0	0	0	0	0	0	0	0	0	0	0	0	0	0	0	0	0	0	0	0	0	0	0	0	0	0	0	0	0	0	0	0	118	0	0	0	0	0	0	0	0	0	0	0	0	0	0	0	0	0	0	0	0	0	0	0	0	0	0	0	0	0	0	0	0	0	0	0	0	0	0	0	0	0	0	3298	1964	3686	3528	0	1246	242	1574	2978	2136	4046	2010	8202	6350	2936	7502	158	76	356	1400	536	2592	9318	0	7018	1476	
109552	Vermis_9	0	0	0	0	0	0	0	0	0	0	0	0	0	0	0	0	0	0	0	0	0	0	0	0	0	0	0	0	0	0	0	0	0	0	0	0	0	0	0	0	0	0	0	0	0	0	0	138	0	0	0	0	0	0	168	0	0	0	0	0	0	0	0	0	0	0	0	0	0	0	0	0	0	0	0	0	0	0	0	0	0	0	0	0	0	0	0	0	0	0	2926	1186	618	520	78	1930	472	1418	3888	2210	402	134	3148	1798	2490	7792	122	146	712	2304	1420	3864	4736	7018	0	3138	
