data	data	346332	226572	910204	815176	155356	131976	432120	257320	74504	34000	342772	178592	321932	177100	167676	129340	236992	149004	651828	553688	115928	121248	284228	334004	28136	70444	102732	82316	647812	356244	426916	605244	146304	420852	231548	223480	235548	292544	112712	160444	56388	82328	282452	275144	130340	248484	371600	309380	174692	233292	398076	221152	118088	125252	440856	450636	217060	198200	81296	109864	201908	133040	101296	172820	132204	128992	252888	340672	207580	110300	446832	495648	341252	284348	56952	18416	157124	168824	86220	25824	182728	120120	86344	45132	332256	227256	20152	16036	293776	206864	509296	446408	544004	501556	40524	77092	388216	279704	535676	465024	431576	177068	482828	430912	110456	179352	29276	18776	28568	90260	267840	265816	322340	252368	122780	40804	
data	data	Precentral_L	Precentral_R	Frontal_Sup_L	Frontal_Sup_R	Frontal_Sup_Orb_L	Frontal_Sup_Orb_R	Frontal_Mid_L	Frontal_Mid_R	Frontal_Mid_Orb_L	Frontal_Mid_Orb_R	Frontal_Inf_Oper_L	Frontal_Inf_Oper_R	Frontal_Inf_Tri_L	Frontal_Inf_Tri_R	Frontal_Inf_Orb_L	Frontal_Inf_Orb_R	Rolandic_Oper_L	Rolandic_Oper_R	Supp_Motor_Area_L	Supp_Motor_Area_R	Olfactory_L	Olfactory_R	Frontal_Sup_Medial_L	Frontal_Sup_Medial_R	Frontal_Med_Orb_L	Frontal_Med_Orb_R	Rectus_L	Rectus_R	Insula_L	Insula_R	Cingulum_Ant_L	Cingulum_Ant_R	Cingulum_Mid_L	Cingulum_Mid_R	Cingulum_Post_L	Cingulum_Post_R	Hippocampus_L	Hippocampus_R	ParaHippocampal_L	ParaHippocampal_R	Amygdala_L	Amygdala_R	Calcarine_L	Calcarine_R	Cuneus_L	Cuneus_R	Lingual_L	Lingual_R	Occipital_Sup_L	Occipital_Sup_R	Occipital_Mid_L	Occipital_Mid_R	Occipital_Inf_L	Occipital_Inf_R	Fusiform_L	Fusiform_R	Postcentral_L	Postcentral_R	Parietal_Sup_L	Parietal_Sup_R	Parietal_Inf_L	Parietal_Inf_R	SupraMarginal_L	SupraMarginal_R	Angular_L	Angular_R	Precuneus_L	Precuneus_R	Paracentral_Lobule_L	Paracentral_Lobule_R	Caudate_L	Caudate_R	Putamen_L	Putamen_R	Pallidum_L	Pallidum_R	Thalamus_L	Thalamus_R	Heschl_L	Heschl_R	Temporal_Sup_L	Temporal_Sup_R	Temporal_Pole_Sup_L	Temporal_Pole_Sup_R	Temporal_Mid_L	Temporal_Mid_R	Temporal_Pole_Mid_L	Temporal_Pole_Mid_R	Temporal_Inf_L	Temporal_Inf_R	Cerebelum_Crus1_L	Cerebelum_Crus1_R	Cerebelum_Crus2_L	Cerebelum_Crus2_R	Cerebelum_3_L	Cerebelum_3_R	Cerebelum_4_5_L	Cerebelum_4_5_R	Cerebelum_6_L	Cerebelum_6_R	Cerebelum_7b_L	Cerebelum_7b_R	Cerebelum_8_L	Cerebelum_8_R	Cerebelum_9_L	Cerebelum_9_R	Cerebelum_10_L	Cerebelum_10_R	Vermis_1_2	Vermis_3	Vermis_4_5	Vermis_6	Vermis_7	Vermis_8	Vermis_9	Vermis_10	
346332	Precentral_L	0	5758	25754	1272	0	0	15338	312	0	0	5426	94	298	0	0	0	5204	192	17962	4906	0	0	0	104	0	0	0	0	7098	388	180	334	324	1504	4004	3422	1136	1138	0	0	0	0	0	0	0	0	0	0	0	0	0	0	0	182	196	2288	20682	1090	0	0	442	0	342	0	88	0	156	140	19028	1108	4946	1906	2384	178	1500	0	7136	2198	1792	0	1268	0	0	0	670	0	0	0	764	534	0	0	0	0	0	0	0	0	0	0	0	0	0	0	0	0	0	0	0	0	0	0	0	0	0	0	
226572	Precentral_R	5758	0	7024	5142	0	0	1024	10820	0	0	256	7758	94	0	0	0	0	3456	8882	1958	0	0	0	0	0	0	0	0	1524	3410	836	760	1054	872	778	1136	186	1648	0	232	0	0	0	0	0	0	0	0	0	0	0	0	0	96	0	802	1002	13792	0	644	0	812	0	1532	0	132	92	154	9658	3328	1944	2266	980	1354	510	0	1716	6586	102	0	352	86	0	0	0	172	0	0	102	464	0	0	0	0	0	0	0	0	0	0	0	0	0	0	0	0	0	0	0	0	0	0	0	0	0	0	
910204	Frontal_Sup_L	25754	7024	0	9844	6000	464	67450	5034	2350	0	18542	238	19532	0	7614	0	9648	764	83228	9680	0	0	35390	1150	500	154	88	0	31590	292	21226	3882	4396	1078	1982	964	1106	1756	0	274	0	0	126	128	0	0	0	0	0	0	100	0	0	0	336	982	3718	1332	90	0	980	0	712	128	280	0	190	298	10488	366	12854	4636	14010	558	4094	0	6658	3274	818	0	3868	164	1364	0	1144	348	0	0	1400	664	0	0	0	0	0	0	0	0	0	0	0	0	0	0	0	0	0	0	0	0	0	0	0	0	0	0	
815176	Frontal_Sup_R	1272	5142	9844	0	444	8548	770	32458	104	1864	5464	9340	3418	11620	456	9002	742	6706	15494	60690	566	630	8308	38780	0	3090	418	846	5764	14706	10074	46038	1370	27122	200	0	0	1904	0	996	0	120	0	0	0	0	0	0	0	0	0	0	0	0	0	210	272	1140	0	0	0	0	0	0	0	0	0	0	1776	0	5796	29790	1502	10326	0	1128	504	10590	0	0	122	0	122	0	0	0	0	0	0	0	0	0	0	0	0	0	0	0	0	0	0	0	0	0	0	0	0	0	0	0	0	0	0	0	0	0	
155356	Frontal_Sup_Orb_L	0	0	6000	444	0	618	632	124	11612	0	268	104	978	0	13850	102	0	92	828	0	3134	2124	4176	116	2494	110	7616	1334	5022	148	4276	840	0	0	0	0	0	0	108	0	210	0	0	0	0	0	0	0	0	0	0	0	0	0	0	0	0	0	0	0	0	0	0	0	0	0	0	0	0	0	2988	1090	5112	0	0	0	0	0	0	0	0	0	1128	0	0	0	0	0	0	0	0	0	0	0	0	0	0	0	0	0	0	0	0	0	0	0	0	0	0	0	0	0	0	0	0	0	
131976	Frontal_Sup_Orb_R	0	0	464	8548	618	0	100	2378	160	4500	300	0	140	400	414	5310	100	0	208	638	1418	1670	546	7148	0	6014	1176	6144	336	1388	510	4942	0	0	0	0	0	0	0	0	0	0	0	0	0	0	0	0	0	0	0	0	0	0	0	0	0	0	0	0	0	0	0	0	0	0	0	0	0	0	1572	4792	346	3496	0	0	84	128	0	0	0	0	0	0	0	0	0	0	0	0	0	0	0	0	0	0	0	0	0	0	0	0	0	0	0	0	0	0	0	0	0	0	0	0	0	0	
432120	Frontal_Mid_L	15338	1024	67450	770	632	100	0	414	2114	0	11346	0	23704	0	5232	0	3844	0	11518	1046	0	0	15930	250	0	0	0	0	13436	106	6286	452	1782	838	3226	2242	1642	104	0	0	0	0	0	0	0	0	0	0	0	0	0	0	0	0	274	92	3914	1044	0	0	438	0	394	0	240	0	0	0	1348	684	2912	872	5168	312	1428	0	2452	132	514	0	1036	0	154	0	582	0	0	0	1244	0	0	0	0	0	0	0	0	0	0	0	0	0	0	0	0	0	0	0	0	0	0	0	0	0	0	0	
257320	Frontal_Mid_R	312	10820	5034	32458	124	2378	414	0	0	2384	282	8358	104	12032	0	8870	0	3968	5308	4988	0	0	194	4064	0	0	0	0	1156	4668	1674	5598	0	3290	88	0	0	656	0	304	0	0	0	0	0	0	0	0	0	0	0	0	0	0	0	94	0	2858	0	0	0	0	0	0	0	0	0	0	0	0	792	2238	526	1974	0	0	198	172	0	0	282	0	0	0	0	0	0	0	0	0	0	0	0	0	0	0	0	0	0	0	0	0	0	0	0	0	0	0	0	0	0	0	0	0	0	0	
74504	Frontal_Mid_Orb_L	0	0	2350	104	11612	160	2114	0	0	0	0	0	1520	0	13058	0	0	0	0	0	428	424	0	0	178	0	2596	316	580	0	0	200	0	0	0	0	0	0	0	0	0	0	0	0	0	0	0	0	0	0	0	0	0	0	0	0	0	0	0	0	0	0	0	0	0	0	0	0	0	0	430	0	922	0	0	0	0	0	0	0	0	0	260	0	0	0	0	0	0	0	0	0	0	0	0	0	0	0	0	0	0	0	0	0	0	0	0	0	0	0	0	0	0	0	0	0	
34000	Frontal_Mid_Orb_R	0	0	0	1864	0	4500	0	2384	0	0	0	0	0	762	0	6326	0	0	0	0	0	0	0	98	0	280	0	446	0	138	0	0	0	0	0	0	0	0	0	0	0	0	0	0	0	0	0	0	0	0	0	0	0	0	0	0	0	0	0	0	0	0	0	0	0	0	0	0	0	0	0	98	0	104	0	0	0	0	0	0	0	0	0	0	0	0	0	0	0	0	0	0	0	0	0	0	0	0	0	0	0	0	0	0	0	0	0	0	0	0	0	0	0	0	0	0	
342772	Frontal_Inf_Oper_L	5426	256	18542	5464	268	300	11346	282	0	0	0	168	25776	0	108	0	12858	0	9912	2010	0	0	1124	3026	0	86	0	0	30034	254	7160	3728	584	122	0	0	606	0	0	0	0	0	0	0	0	0	0	0	0	0	0	0	0	0	330	0	2890	122	0	0	0	0	0	0	0	0	0	0	0	0	11744	7500	3634	1210	0	0	130	242	268	0	1232	0	2464	0	0	0	0	0	180	0	0	0	0	0	0	0	0	0	0	0	0	0	0	0	0	0	0	0	0	0	0	0	0	0	0	0	
178592	Frontal_Inf_Oper_R	94	7758	238	9340	104	0	0	8358	0	0	168	0	156	6980	0	366	0	8498	820	5756	0	0	228	630	0	0	0	0	198	15824	982	3876	0	3114	0	0	0	936	0	638	0	224	0	0	0	0	0	0	0	0	0	0	0	0	0	0	0	5552	0	0	0	0	0	0	0	0	0	0	98	0	370	556	132	6798	0	0	0	240	0	0	0	132	0	132	0	0	0	0	0	0	0	0	0	0	0	0	0	0	0	0	0	0	0	0	0	0	0	0	0	0	0	0	0	0	0	0	
321932	Frontal_Inf_Tri_L	298	94	19532	3418	978	140	23704	104	1520	0	25776	156	0	0	12880	0	1370	0	2974	1400	0	0	3292	1720	0	0	0	0	29660	244	7852	2224	1510	874	0	0	96	0	0	0	0	0	0	0	0	0	0	0	0	0	0	0	0	0	186	0	0	0	0	0	0	0	0	0	0	0	0	0	0	0	7908	4606	3616	1176	0	0	0	144	0	0	206	0	1224	0	0	0	0	0	84	0	0	0	0	0	0	0	0	0	0	0	0	0	0	0	0	0	0	0	0	0	0	0	0	0	0	0	
177100	Frontal_Inf_Tri_R	0	0	0	11620	0	400	0	12032	0	762	0	6980	0	0	0	7748	0	128	1786	4844	0	0	274	4904	0	380	0	0	0	16518	2092	10896	0	5400	0	0	0	122	0	108	0	0	0	0	0	0	0	0	0	0	0	0	0	0	0	0	0	0	0	0	0	0	0	0	0	0	0	0	0	0	0	426	0	1130	0	0	0	0	0	0	0	0	0	0	0	0	0	0	0	0	0	0	0	0	0	0	0	0	0	0	0	0	0	0	0	0	0	0	0	0	0	0	0	0	0	0	
167676	Frontal_Inf_Orb_L	0	0	7614	456	13850	414	5232	0	13058	0	108	0	12880	0	0	0	0	0	330	0	2352	1550	2262	90	110	0	2692	940	9876	0	1282	544	934	766	0	0	0	0	0	0	0	0	0	0	0	0	0	0	0	0	0	0	0	0	0	0	0	0	0	0	0	0	0	0	0	0	0	0	0	0	1804	672	2226	0	0	0	0	0	0	0	0	0	1796	0	0	0	0	0	0	0	0	0	0	0	0	0	0	0	0	0	0	0	0	0	0	0	0	0	0	0	0	0	0	0	0	0	
129340	Frontal_Inf_Orb_R	0	0	0	9002	102	5310	0	8870	0	6326	0	366	0	7748	0	0	0	0	486	1454	348	1052	86	2030	0	186	284	1622	0	10436	554	2784	0	964	0	0	0	0	0	0	0	0	0	0	0	0	0	0	0	0	0	0	0	0	0	0	0	0	0	0	0	0	0	0	0	0	0	0	0	0	366	1892	0	2220	0	0	0	0	0	0	0	0	0	182	0	0	0	0	0	0	0	0	0	0	0	0	0	0	0	0	0	0	0	0	0	0	0	0	0	0	0	0	0	0	0	0	
236992	Rolandic_Oper_L	5204	0	9648	742	0	100	3844	0	0	0	12858	0	1370	0	0	0	0	0	8702	262	0	0	0	354	0	0	0	0	28074	0	608	654	0	0	860	962	1228	0	174	0	0	0	516	0	0	0	120	0	0	0	1170	0	176	0	120	166	7550	94	0	0	114	0	922	0	0	0	520	152	0	0	4016	1716	2590	0	300	0	1186	488	6804	0	7102	0	2130	0	3010	0	0	0	1890	0	0	0	0	0	0	0	0	0	0	0	0	0	0	0	0	0	0	0	0	0	0	0	0	0	0	0	
149004	Rolandic_Oper_R	192	3456	764	6706	92	0	0	3968	0	0	0	8498	0	128	0	0	0	0	678	3640	0	0	0	100	0	0	0	0	132	14754	170	656	0	486	186	0	0	2250	0	216	0	0	0	0	0	0	0	0	0	0	0	0	0	0	0	84	0	7262	0	0	0	0	0	3096	0	90	0	0	0	90	714	1204	832	5416	682	604	0	1236	0	1436	0	3580	0	282	0	712	0	0	0	110	0	0	0	0	0	0	0	0	0	0	0	0	0	0	0	0	0	0	0	0	0	0	0	0	0	0	
651828	Supp_Motor_Area_L	17962	8882	83228	15494	828	208	11518	5308	0	0	9912	820	2974	1786	330	486	8702	678	0	30942	0	0	8004	2812	0	0	0	0	19848	698	6558	4698	6340	15646	1798	836	1214	1782	0	278	0	0	0	124	0	0	0	0	0	0	0	0	0	0	914	966	3342	1326	0	0	806	0	698	128	204	0	106	290	10236	1398	7640	1568	6604	536	1412	0	6754	2822	724	0	3334	164	414	0	444	350	0	0	1354	686	0	0	0	0	0	0	0	0	0	0	0	0	0	0	0	0	0	0	0	0	0	0	0	0	0	0	
553688	Supp_Motor_Area_R	4906	1958	9680	60690	0	638	1046	4988	0	0	2010	5756	1400	4844	0	1454	262	3640	30942	0	0	0	1426	6468	0	254	0	0	1954	6000	4982	18106	3284	40306	2042	3354	0	894	0	684	0	102	0	0	0	0	0	0	0	0	0	0	0	0	0	0	222	324	0	96	0	326	0	194	0	232	202	984	9626	9458	2080	17650	686	5100	86	1042	236	4230	0	0	0	0	0	0	0	0	0	0	0	0	0	0	0	0	0	0	0	0	0	0	0	0	0	0	0	0	0	0	0	0	0	0	0	0	0	0	
115928	Olfactory_L	0	0	0	566	3134	1418	0	0	428	0	0	0	0	0	2352	348	0	0	0	0	0	8460	118	0	258	456	6456	3796	2630	236	3728	4334	0	0	0	0	0	0	908	0	718	104	0	0	0	0	0	0	0	0	0	0	0	0	0	0	0	0	0	0	0	0	0	0	0	0	0	0	0	0	8936	4172	2522	204	0	0	0	0	0	0	0	0	1682	0	0	0	0	0	0	0	0	0	0	0	0	0	0	0	0	0	0	0	0	0	0	0	0	0	0	0	0	0	0	0	0	0	
121248	Olfactory_R	0	0	0	630	2124	1670	0	0	424	0	0	0	0	0	1550	1052	0	0	0	0	8460	0	0	0	170	572	5844	5082	0	2718	3612	4358	0	0	0	0	0	0	0	144	0	1094	0	0	0	0	0	0	0	0	0	0	0	0	0	0	0	0	0	0	0	0	0	0	0	0	0	0	0	0	9658	6384	3352	1268	86	0	0	0	0	0	0	0	0	372	0	0	0	0	0	0	0	0	0	0	0	0	0	0	0	0	0	0	0	0	0	0	0	0	0	0	0	0	0	0	0	0	
284228	Frontal_Sup_Medial_L	0	0	35390	8308	4176	546	15930	194	0	0	1124	228	3292	274	2262	86	0	0	8004	1426	118	0	0	13110	1678	308	316	0	1624	298	18974	8180	3780	9120	0	0	0	0	0	0	0	0	0	0	0	0	0	0	0	0	0	0	0	0	0	0	0	0	0	0	0	0	0	0	0	0	0	0	0	0	422	270	2522	0	0	0	0	0	0	0	0	0	154	0	0	0	0	0	0	0	0	0	0	0	0	0	0	0	0	0	0	0	0	0	0	0	0	0	0	0	0	0	0	0	0	0	
334004	Frontal_Sup_Medial_R	104	0	1150	38780	116	7148	250	4064	0	98	3026	630	1720	4904	90	2030	354	100	2812	6468	0	0	13110	0	0	4686	0	124	3124	4806	4178	30390	318	14464	0	0	0	0	0	0	0	0	0	0	0	0	0	0	0	0	0	0	0	0	0	0	0	0	0	0	0	0	0	0	0	0	0	0	0	0	2512	10414	468	4186	0	0	176	202	0	0	0	0	0	0	0	0	0	0	0	0	0	0	0	0	0	0	0	0	0	0	0	0	0	0	0	0	0	0	0	0	0	0	0	0	0	0	
28136	Frontal_Med_Orb_L	0	0	500	0	2494	0	0	0	178	0	0	0	0	0	110	0	0	0	0	0	258	170	1678	0	0	330	2154	112	84	0	3792	540	0	0	0	0	0	0	0	0	0	0	0	0	0	0	0	0	0	0	0	0	0	0	0	0	0	0	0	0	0	0	0	0	0	0	0	0	0	0	332	0	1336	0	0	0	0	0	0	0	0	0	0	0	0	0	0	0	0	0	0	0	0	0	0	0	0	0	0	0	0	0	0	0	0	0	0	0	0	0	0	0	0	0	0	0	
70444	Frontal_Med_Orb_R	0	0	154	3090	110	6014	0	0	0	280	86	0	0	380	0	186	0	0	0	254	456	572	308	4686	330	0	378	4216	114	508	718	5816	0	0	0	0	0	0	0	0	0	0	0	0	0	0	0	0	0	0	0	0	0	0	0	0	0	0	0	0	0	0	0	0	0	0	0	0	0	0	520	3896	156	1994	0	0	0	0	0	0	0	0	0	0	0	0	0	0	0	0	0	0	0	0	0	0	0	0	0	0	0	0	0	0	0	0	0	0	0	0	0	0	0	0	0	0	
102732	Rectus_L	0	0	88	418	7616	1176	0	0	2596	0	0	0	0	0	2692	284	0	0	0	0	6456	5844	316	0	2154	378	0	3002	96	122	4454	3208	0	0	0	0	0	0	0	0	0	0	0	0	0	0	0	0	0	0	0	0	0	0	0	0	0	0	0	0	0	0	0	0	0	0	0	0	0	0	5512	2474	2222	116	0	0	0	0	0	0	0	0	142	0	0	0	0	0	0	0	0	0	0	0	0	0	0	0	0	0	0	0	0	0	0	0	0	0	0	0	0	0	0	0	0	0	
82316	Rectus_R	0	0	0	846	1334	6144	0	0	316	446	0	0	0	0	940	1622	0	0	0	0	3796	5082	0	124	112	4216	3002	0	0	1150	1528	2546	0	0	0	0	0	0	0	0	0	0	0	0	0	0	0	0	0	0	0	0	0	0	0	0	0	0	0	0	0	0	0	0	0	0	0	0	0	0	3874	2480	1208	302	0	0	0	0	0	0	0	0	0	90	0	0	0	0	0	0	0	0	0	0	0	0	0	0	0	0	0	0	0	0	0	0	0	0	0	0	0	0	0	0	0	0	
647812	Insula_L	7098	1524	31590	5764	5022	336	13436	1156	580	0	30034	198	29660	0	9876	0	28074	132	19848	1954	2630	0	1624	3124	84	114	96	0	0	282	5998	4174	784	200	1992	2044	9548	86	2222	0	3308	0	114	0	0	0	0	0	0	0	122	0	0	0	4534	224	4264	288	0	0	168	0	456	0	0	0	172	238	364	0	17526	9208	20128	1244	280	0	2562	1250	8744	0	11124	0	9032	0	1634	0	0	0	5638	0	0	0	0	0	0	0	0	0	0	0	0	0	0	0	0	0	0	0	0	0	0	0	0	0	0	0	
356244	Insula_R	388	3410	292	14706	148	1388	106	4668	0	138	254	15824	244	16518	0	10436	0	14754	698	6000	236	2718	298	4806	0	508	122	1150	282	0	2660	11796	0	2652	216	202	0	7718	0	1996	0	4884	0	0	0	0	0	0	0	0	0	0	0	0	0	1696	0	3972	0	0	0	0	0	2050	0	0	0	246	414	0	668	2002	252	20410	0	408	0	1494	0	2706	0	4402	0	1396	0	1122	0	0	0	2562	0	0	0	0	0	0	0	106	0	0	0	0	0	0	0	0	0	0	0	0	0	0	0	0	0	0	
426916	Cingulum_Ant_L	180	836	21226	10074	4276	510	6286	1674	0	0	7160	982	7852	2092	1282	554	608	170	6558	4982	3728	3612	18974	4178	3792	718	4454	1528	5998	2660	0	32070	6104	8728	0	0	0	0	0	0	0	0	0	0	0	0	0	0	0	0	0	0	0	0	0	0	0	228	0	0	0	0	0	0	0	0	0	0	0	0	9408	13170	10980	3340	0	0	960	1016	0	0	0	0	510	0	0	0	0	0	0	0	0	0	0	0	0	0	0	0	0	0	0	0	0	0	0	0	0	0	0	0	0	0	0	0	0	0	
605244	Cingulum_Ant_R	334	760	3882	46038	840	4942	452	5598	200	0	3728	3876	2224	10896	544	2784	654	656	4698	18106	4334	4358	8180	30390	540	5816	3208	2546	4174	11796	32070	0	1584	24758	194	150	108	150	0	0	0	0	0	0	0	0	0	0	0	0	0	0	0	0	0	0	0	332	0	0	0	0	0	0	0	0	0	0	0	0	9286	28040	3874	12634	0	0	1228	1376	0	0	100	0	184	0	0	0	0	0	0	0	0	0	0	0	0	0	0	0	0	0	0	0	0	0	0	0	0	0	0	0	0	0	0	0	0	0	
146304	Cingulum_Mid_L	324	1054	4396	1370	0	0	1782	0	0	0	584	0	1510	0	934	0	0	0	6340	3284	0	0	3780	318	0	0	0	0	784	0	6104	1584	0	12264	3300	1538	0	0	0	0	0	0	188	0	482	138	0	0	964	0	2192	0	0	0	0	0	688	0	682	0	1962	0	146	0	1848	0	6220	926	2558	738	0	0	0	0	0	0	0	0	0	0	196	0	0	0	1694	0	0	0	280	0	0	0	0	0	0	0	0	0	0	0	0	0	0	0	0	0	0	0	0	0	0	0	0	0	0	0	
420852	Cingulum_Mid_R	1504	872	1078	27122	0	0	838	3290	0	0	122	3114	874	5400	766	964	0	486	15646	40306	0	0	9120	14464	0	0	0	0	200	2652	8728	24758	12264	0	2274	6226	0	96	0	0	0	0	0	538	0	956	0	0	0	214	0	270	0	0	0	0	108	194	0	176	0	810	0	470	0	646	1242	5180	5954	8998	0	204	0	766	0	0	0	0	0	0	0	142	0	0	0	262	0	0	0	132	0	0	0	0	0	0	0	0	0	0	0	0	0	0	0	0	0	0	0	0	0	0	0	0	0	0	
231548	Cingulum_Post_L	4004	778	1982	200	0	0	3226	88	0	0	0	0	0	0	0	0	860	186	1798	2042	0	0	0	0	0	0	0	0	1992	216	0	194	3300	2274	0	25122	4972	594	932	220	0	0	4906	522	1018	0	1912	226	218	0	656	0	310	136	708	498	10348	3564	202	0	4994	376	462	748	144	226	8646	5330	3816	2818	272	416	168	140	0	0	0	104	744	0	206	286	0	0	2430	760	0	0	988	906	0	0	0	0	0	0	0	0	0	0	0	0	0	0	0	0	0	0	0	0	590	0	0	0	0	0	
223480	Cingulum_Post_R	3422	1136	964	0	0	0	2242	0	0	0	0	0	0	0	0	0	962	0	836	3354	0	0	0	0	0	0	0	0	2044	202	0	150	1538	6226	25122	0	5484	2628	1600	376	0	0	0	2118	0	238	1046	1880	0	0	0	148	120	460	976	2076	870	3872	0	346	0	1402	0	2112	0	826	1668	17174	1654	5018	150	350	0	100	0	0	318	204	570	0	102	406	0	0	244	1686	0	0	124	3080	0	0	0	0	0	0	0	536	0	0	0	0	0	0	0	0	0	0	0	0	1580	0	0	0	0	0	
235548	Hippocampus_L	1136	186	1106	0	0	0	1642	0	0	0	606	0	96	0	0	0	1228	0	1214	0	0	0	0	0	0	0	0	0	9548	0	0	108	0	0	4972	5484	0	2214	16282	258	9776	0	964	0	0	0	3226	498	0	0	154	0	332	0	17784	138	176	0	0	0	0	0	0	0	0	0	1900	1176	412	0	864	474	7844	0	254	0	5816	528	952	0	1844	0	2018	0	1312	0	0	0	12440	90	0	0	0	0	0	0	322	0	0	0	0	0	0	0	0	0	0	0	0	0	400	0	0	0	0	0	
292544	Hippocampus_R	1138	1648	1756	1904	0	0	104	656	0	0	0	936	0	122	0	0	0	2250	1782	894	0	0	0	0	0	0	0	0	86	7718	0	150	0	96	594	2628	2214	0	1104	25356	0	12982	0	0	0	0	956	1958	0	0	0	0	0	638	388	24224	0	1788	0	0	0	0	0	2026	0	0	0	1352	266	0	140	402	0	11294	0	1012	1152	6110	0	1346	0	3966	0	1394	0	4166	0	0	0	13448	0	0	0	0	0	104	0	1610	0	112	0	0	0	0	0	0	0	0	0	0	302	0	0	0	0	0	
112712	ParaHippocampal_L	0	0	0	0	108	0	0	0	0	0	0	0	0	0	0	0	174	0	0	0	908	0	0	0	0	0	0	0	2222	0	0	0	0	0	932	1600	16282	1104	0	0	4038	0	672	0	194	0	3018	94	0	0	1688	0	888	0	10992	0	0	0	0	0	0	0	0	0	0	0	1082	0	0	0	158	0	1340	0	0	0	1478	0	0	0	146	0	1282	0	838	0	204	0	2928	0	212	0	0	0	376	0	908	0	490	0	0	0	0	0	0	0	0	0	0	0	0	0	0	0	0	0	
160444	ParaHippocampal_R	0	232	274	996	0	0	0	304	0	0	0	638	0	108	0	0	0	216	278	684	0	144	0	0	0	0	0	0	0	1996	0	0	0	0	220	376	258	25356	0	0	0	10282	0	100	0	0	0	1948	0	0	0	0	0	152	0	14336	0	0	0	0	0	0	0	0	0	0	0	506	0	0	0	0	0	6712	0	690	0	1828	0	0	0	674	0	1638	0	1540	0	798	0	4128	0	146	0	0	0	110	0	2190	0	268	0	0	0	0	0	0	0	0	0	0	96	0	0	0	0	0	
56388	Amygdala_L	0	0	0	0	210	0	0	0	0	0	0	0	0	0	0	0	0	0	0	0	718	0	0	0	0	0	0	0	3308	0	0	0	0	0	0	0	9776	0	4038	0	0	0	0	0	0	0	0	0	0	0	0	0	0	0	6062	0	0	0	0	0	0	0	0	0	0	0	0	0	0	0	186	0	204	0	0	0	96	0	0	0	160	0	2044	0	0	0	0	0	1254	0	0	0	0	0	0	0	138	0	0	0	0	0	0	0	0	0	0	0	0	0	0	0	0	0	0	0	
82328	Amygdala_R	0	0	0	120	0	0	0	0	0	0	0	224	0	0	0	0	0	0	0	102	104	1094	0	0	0	0	0	0	0	4884	0	0	0	0	0	0	0	12982	0	10282	0	0	0	0	0	0	0	0	0	0	0	0	0	0	0	4324	0	0	0	0	0	0	0	0	0	0	0	0	0	0	0	146	0	3382	0	0	0	704	0	0	0	0	0	1924	0	0	0	316	0	0	0	0	0	0	0	0	0	576	0	0	0	0	0	0	0	0	0	0	0	0	0	0	0	0	0	0	
282452	Calcarine_L	0	0	126	0	0	0	0	0	0	0	0	0	0	0	0	0	516	0	0	0	0	0	0	0	0	0	0	0	114	0	0	0	188	0	4906	0	964	0	672	0	0	0	0	7502	13180	6940	17112	1022	12342	4134	31474	1640	5504	0	2260	0	266	0	772	0	606	0	238	0	412	0	18060	232	0	0	0	0	0	0	0	0	0	0	388	0	206	0	0	0	5894	134	0	0	3422	0	0	0	0	0	0	0	0	0	0	0	0	0	0	0	0	0	0	0	0	0	0	0	0	0	0	0	
275144	Calcarine_R	0	0	128	0	0	0	0	0	0	0	0	0	0	0	0	0	0	0	124	0	0	0	0	0	0	0	0	0	0	0	0	0	0	538	522	2118	0	0	0	100	0	0	7502	0	1460	21852	1280	15938	0	18706	0	14292	0	11818	0	10802	0	322	0	324	0	114	0	152	0	92	370	22260	0	386	0	0	0	0	0	0	0	0	0	0	0	0	0	0	0	2960	0	0	0	3126	0	0	0	0	0	0	0	286	0	0	0	0	0	0	0	0	0	0	0	0	0	0	0	0	0	0	
130340	Cuneus_L	0	0	0	0	0	0	0	0	0	0	0	0	0	0	0	0	0	0	0	0	0	0	0	0	0	0	0	0	0	0	0	0	482	0	1018	0	0	0	194	0	0	0	13180	1460	0	2130	2500	0	18116	634	12426	158	1102	0	272	0	186	0	920	0	560	0	0	0	0	0	8438	364	298	0	0	0	0	0	0	0	0	0	0	0	0	0	0	0	518	0	0	0	214	0	0	0	0	0	0	0	0	0	0	0	0	0	0	0	0	0	0	0	0	0	0	0	0	0	0	0	
248484	Cuneus_R	0	0	0	0	0	0	0	0	0	0	0	0	0	0	0	0	0	0	0	0	0	0	0	0	0	0	0	0	0	0	0	0	138	956	0	238	0	0	0	0	0	0	6940	21852	2130	0	760	2040	0	33384	0	16010	0	1532	0	346	0	1580	0	5352	0	0	0	0	0	94	3234	22890	0	140	0	0	0	0	0	0	0	0	0	0	0	0	0	0	0	4290	0	0	0	336	0	0	0	0	0	0	0	0	0	0	0	0	0	0	0	0	0	0	0	0	0	0	0	0	0	0	
371600	Lingual_L	0	0	0	0	0	0	0	0	0	0	0	0	0	0	0	0	120	0	0	0	0	0	0	0	0	0	0	0	0	0	0	0	0	0	1912	1046	3226	956	3018	0	0	0	17112	1280	2500	760	0	5768	2106	830	17514	600	8522	444	21998	2050	0	0	0	0	0	0	0	0	0	0	6046	94	0	0	0	0	0	0	0	0	352	0	214	0	0	0	0	0	1194	0	0	0	378	0	11104	1820	1798	996	704	0	16494	2250	23214	3786	230	102	370	416	196	950	0	0	88	176	8504	8256	952	792	1060	1502	
309380	Lingual_R	0	0	0	0	0	0	0	0	0	0	0	0	0	0	0	0	0	0	0	0	0	0	0	0	0	0	0	0	0	0	0	0	0	0	226	1880	498	1958	94	1948	0	0	1022	15938	0	2040	5768	0	0	4028	0	4176	224	6646	2626	23426	0	0	0	0	0	0	0	0	0	0	150	8880	0	0	0	0	0	0	0	0	0	754	0	0	0	0	0	0	0	662	0	0	0	1506	2798	9192	1206	2958	0	136	3950	7234	5776	13276	192	0	876	166	220	156	0	0	0	0	6028	10930	4742	242	162	0	
174692	Occipital_Sup_L	0	0	0	0	0	0	0	0	0	0	0	0	0	0	0	0	0	0	0	0	0	0	0	0	0	0	0	0	0	0	0	0	964	0	218	0	0	0	0	0	0	0	12342	0	18116	0	2106	0	0	0	29716	0	138	0	0	0	194	0	7930	0	3590	0	0	0	1072	0	9090	0	0	0	0	0	0	0	0	0	0	0	0	0	0	0	0	0	1698	0	0	0	172	0	0	0	0	0	0	0	0	0	0	0	0	0	0	0	0	0	0	0	0	0	0	0	0	0	0	0	
233292	Occipital_Sup_R	0	0	0	0	0	0	0	0	0	0	0	0	0	0	0	0	0	0	0	0	0	0	0	0	0	0	0	0	0	0	0	0	0	214	0	0	0	0	0	0	0	0	4134	18706	634	33384	830	4028	0	0	0	24438	0	2162	0	678	0	606	0	4050	0	646	0	298	0	1880	1612	12330	0	180	0	0	0	0	0	0	0	0	0	0	0	0	0	0	0	5684	0	0	0	152	0	0	0	0	0	0	0	0	0	0	0	0	0	0	0	0	0	0	0	0	0	0	0	0	0	0	
398076	Occipital_Mid_L	0	0	100	0	0	0	0	0	0	0	0	0	0	0	0	0	1170	0	0	0	0	0	0	0	0	0	0	0	122	0	0	0	2192	0	656	0	154	0	1688	0	0	0	31474	0	12426	0	17514	0	29716	0	0	0	16024	0	4844	0	726	0	7078	0	12978	0	2070	0	18552	0	14024	0	0	0	0	0	0	0	0	0	0	0	196	0	1128	0	0	0	19340	0	0	0	4118	0	192	0	0	0	0	0	0	0	468	0	0	0	0	0	0	0	0	0	0	0	0	88	0	0	0	0	
221152	Occipital_Mid_R	0	0	0	0	0	0	0	0	0	0	0	0	0	0	0	0	0	0	0	0	0	0	0	0	0	0	0	0	0	0	0	0	0	270	0	148	0	0	0	0	0	0	1640	14292	158	16010	600	4176	0	24438	0	0	0	6692	0	2114	0	114	0	1510	0	3634	0	794	0	9182	1894	10982	0	118	0	0	0	0	0	0	0	0	0	0	0	514	0	0	0	10290	0	0	0	1006	0	0	0	0	0	0	0	0	0	0	0	0	0	0	0	0	0	0	0	0	0	0	0	0	0	0	
118088	Occipital_Inf_L	0	0	0	0	0	0	0	0	0	0	0	0	0	0	0	0	176	0	0	0	0	0	0	0	0	0	0	0	0	0	0	0	0	0	310	120	332	0	888	0	0	0	5504	0	1102	0	8522	224	138	0	16024	0	0	0	10400	0	296	0	0	0	152	0	248	0	248	0	2450	0	0	0	0	0	0	0	0	0	0	0	0	0	256	0	0	0	4632	0	0	0	4736	0	442	0	174	0	0	0	158	0	1166	0	0	0	0	0	0	0	0	0	0	0	0	346	0	0	0	0	
125252	Occipital_Inf_R	182	96	0	0	0	0	0	0	0	0	0	0	0	0	0	0	0	0	0	0	0	0	0	0	0	0	0	0	0	0	0	0	0	0	136	460	0	638	0	152	0	0	0	11818	0	1532	444	6646	0	2162	0	6692	0	0	190	10780	0	232	0	130	0	0	0	94	0	0	0	5134	0	0	0	0	0	0	0	0	0	0	0	0	0	0	0	0	0	1948	0	0	0	4410	298	910	170	634	0	0	532	546	536	1998	0	0	0	0	0	0	0	0	0	0	610	1550	966	0	0	0	
440856	Fusiform_L	196	0	336	0	0	0	274	0	0	0	330	0	186	0	0	0	120	0	914	0	0	0	0	0	0	0	0	0	4534	0	0	0	0	0	708	976	17784	388	10992	0	6062	0	2260	0	272	0	21998	2626	0	0	4844	0	10400	190	0	888	0	0	0	0	0	0	0	0	0	0	1962	94	0	0	718	116	3180	0	0	0	974	0	0	0	576	0	2044	0	2312	0	1902	0	15780	0	19780	1216	4894	908	648	0	17234	1138	33038	2576	1298	102	1638	406	306	952	102	0	88	168	5974	6990	682	792	1062	1500	
450636	Fusiform_R	2288	802	982	210	0	0	92	94	0	0	0	0	0	0	0	0	166	84	966	0	0	0	0	0	0	0	0	0	224	1696	0	0	0	0	498	2076	138	24224	0	14336	0	4324	0	10802	0	346	2050	23426	0	678	0	2114	0	10780	888	0	164	590	0	134	0	252	0	458	0	214	0	6560	608	90	96	0	0	2786	0	0	0	950	0	628	0	4242	0	6342	0	5074	0	2096	0	23522	1506	14564	820	4366	0	620	2180	6768	2386	18956	188	86	656	972	176	256	0	0	0	120	2592	5658	3012	224	122	0	
217060	Postcentral_L	20682	1002	3718	272	0	0	3914	0	0	0	2890	0	0	0	0	0	7550	0	3342	222	0	0	0	0	0	0	0	0	4264	0	0	0	688	108	10348	870	176	0	0	0	0	0	266	0	186	0	0	0	194	0	726	0	296	0	0	164	0	354	4358	0	19378	0	3356	0	466	0	2582	92	3798	128	3892	1238	368	0	196	0	170	1066	1416	0	2396	0	0	0	854	0	0	0	544	0	0	0	0	0	0	0	0	0	0	0	0	0	0	0	0	0	0	0	0	0	0	0	0	0	0	0	
198200	Postcentral_R	1090	13792	1332	1140	0	0	1044	2858	0	0	122	5552	0	0	0	0	94	7262	1326	324	0	0	0	0	0	0	0	0	288	3972	228	332	0	194	3564	3872	0	1788	0	0	0	0	0	322	0	1580	0	0	0	606	0	114	0	232	0	590	354	0	0	6952	0	6326	0	11984	0	1692	0	2788	164	6422	656	548	552	1086	472	118	94	250	0	202	0	664	0	0	0	2984	0	0	0	1174	0	0	0	0	0	0	0	0	0	0	0	0	0	0	0	0	0	0	0	0	0	0	0	0	0	0	
81296	Parietal_Sup_L	0	0	90	0	0	0	0	0	0	0	0	0	0	0	0	0	0	0	0	0	0	0	0	0	0	0	0	0	0	0	0	0	682	0	202	0	0	0	0	0	0	0	772	0	920	0	0	0	7930	0	7078	0	0	0	0	0	4358	0	0	0	7932	0	0	0	1170	0	7616	0	928	0	0	0	0	0	0	0	0	0	0	0	0	0	0	0	840	0	0	0	130	0	0	0	0	0	0	0	0	0	0	0	0	0	0	0	0	0	0	0	0	0	0	0	0	0	0	0	
109864	Parietal_Sup_R	0	644	0	0	0	0	0	0	0	0	0	0	0	0	0	0	0	0	0	96	0	0	0	0	0	0	0	0	0	0	0	0	0	176	0	346	0	0	0	0	0	0	0	324	0	5352	0	0	0	4050	0	1510	0	130	0	134	0	6952	0	0	0	11560	0	10288	0	3810	124	7766	0	394	0	0	0	0	0	0	0	0	0	0	0	0	0	0	0	1276	0	0	0	0	0	0	0	0	0	0	0	0	0	0	0	0	0	0	0	0	0	0	0	0	0	0	0	0	0	0	
201908	Parietal_Inf_L	442	0	980	0	0	0	438	0	0	0	0	0	0	0	0	0	114	0	806	0	0	0	0	0	0	0	0	0	168	0	0	0	1962	0	4994	0	0	0	0	0	0	0	606	0	560	0	0	0	3590	0	12978	0	152	0	0	0	19378	0	7932	0	0	0	12500	0	18898	0	3320	0	1724	0	144	122	0	0	0	0	0	98	0	0	1158	0	0	0	5486	0	0	0	2404	0	0	0	0	0	0	0	0	0	0	0	0	0	0	0	0	0	0	0	0	0	0	0	0	0	0	0	
133040	Parietal_Inf_R	0	812	0	0	0	0	0	0	0	0	0	0	0	0	0	0	0	0	0	326	0	0	0	0	0	0	0	0	0	0	0	0	0	810	376	1402	0	0	0	0	0	0	0	114	0	0	0	0	0	646	0	3634	0	0	0	252	0	6326	0	11560	0	0	0	17784	0	13062	0	4840	0	1682	0	0	0	0	0	0	0	0	0	0	0	308	0	0	0	2284	0	0	0	302	0	0	0	0	0	0	0	0	0	0	0	0	0	0	0	0	0	0	0	0	0	0	0	0	0	0	
101296	SupraMarginal_L	342	0	712	0	0	0	394	0	0	0	0	0	0	0	0	0	922	0	698	0	0	0	0	0	0	0	0	0	456	0	0	0	146	0	462	0	0	0	0	0	0	0	238	0	0	0	0	0	0	0	2070	0	248	0	0	0	3356	0	0	0	12500	0	0	0	6746	0	434	0	110	0	0	0	0	0	0	0	0	0	0	0	6874	0	0	0	10758	0	0	0	3182	0	0	0	0	0	0	0	0	0	0	0	0	0	0	0	0	0	0	0	0	0	0	0	0	0	0	0	
172820	SupraMarginal_R	0	1532	128	0	0	0	0	0	0	0	0	0	0	0	0	0	0	3096	128	194	0	0	0	0	0	0	0	0	0	2050	0	0	0	470	748	2112	0	2026	0	0	0	0	0	152	0	0	0	0	0	298	0	794	0	94	0	458	0	11984	0	10288	0	17784	0	0	0	11234	0	5040	0	980	0	0	0	132	0	0	0	0	0	290	0	5258	0	0	0	8540	0	0	0	600	0	0	0	0	0	0	0	0	0	0	0	0	0	0	0	0	0	0	0	0	0	0	0	0	0	0	
132204	Angular_L	88	0	280	0	0	0	240	0	0	0	0	0	0	0	0	0	0	0	204	0	0	0	0	0	0	0	0	0	0	0	0	0	1848	0	144	0	0	0	0	0	0	0	412	0	0	0	0	0	1072	0	18552	0	248	0	0	0	466	0	1170	0	18898	0	6746	0	0	0	2760	0	0	0	0	0	0	0	0	0	0	0	0	0	1094	0	0	0	9862	0	0	0	2018	0	0	0	0	0	0	0	0	0	0	0	0	0	0	0	0	0	0	0	0	0	0	0	0	0	0	0	
128992	Angular_R	0	132	0	0	0	0	0	0	0	0	0	0	0	0	0	0	0	90	0	232	0	0	0	0	0	0	0	0	0	0	0	0	0	646	226	826	0	0	0	0	0	0	0	92	0	94	0	0	0	1880	0	9182	0	0	0	214	0	1692	0	3810	0	13062	0	11234	0	0	0	3752	0	1678	0	0	0	0	0	0	0	0	0	96	0	4568	0	0	0	10538	0	0	0	452	0	0	0	0	0	0	0	0	0	0	0	0	0	0	0	0	0	0	0	0	0	0	0	0	0	0	
252888	Precuneus_L	156	92	190	0	0	0	0	0	0	0	0	0	0	0	0	0	520	0	106	202	0	0	0	0	0	0	0	0	172	0	0	0	6220	1242	8646	1668	1900	0	1082	0	0	0	18060	370	8438	3234	6046	150	9090	1612	14024	1894	2450	0	1962	0	2582	0	7616	124	3320	0	434	0	2760	0	0	4962	2182	162	0	0	0	0	0	0	0	0	580	0	422	0	0	0	7748	264	0	0	3642	0	0	0	0	0	0	0	0	0	0	0	0	0	0	0	0	0	0	0	0	0	120	0	0	0	0	0	
340672	Precuneus_R	140	154	298	0	0	0	0	0	0	0	0	0	0	0	0	0	152	0	290	984	0	0	0	0	0	0	0	0	238	246	0	0	926	5180	5330	17174	1176	1352	0	506	0	0	232	22260	364	22890	94	8880	0	12330	0	10982	0	5134	94	6560	92	2788	0	7766	0	4840	0	5040	0	3752	4962	0	0	2278	0	0	0	0	0	0	0	108	0	0	0	610	0	0	0	6930	0	0	0	5132	0	0	0	0	0	0	0	834	0	0	0	0	0	0	0	0	0	0	0	0	1238	0	0	0	0	0	
207580	Paracentral_Lobule_L	19028	9658	10488	1776	0	0	1348	0	0	0	0	98	0	0	0	0	0	0	10236	9626	0	0	0	0	0	0	0	0	364	414	0	0	2558	5954	3816	1654	412	266	0	0	0	0	0	0	298	0	0	0	0	0	0	0	0	0	0	608	3798	164	928	0	1724	0	110	0	0	0	2182	0	0	4582	1592	1324	960	108	1592	0	4502	1216	0	0	90	0	0	0	104	0	0	0	126	86	0	0	0	0	0	0	0	0	0	0	0	0	0	0	0	0	0	0	0	0	0	0	0	0	0	0	
110300	Paracentral_Lobule_R	1108	3328	366	0	0	0	684	0	0	0	0	0	0	0	0	0	0	90	1398	9458	0	0	0	0	0	0	0	0	0	0	0	0	738	8998	2818	5018	0	0	0	0	0	0	0	386	0	140	0	0	0	180	0	118	0	0	0	90	128	6422	0	394	0	1682	0	980	0	1678	162	2278	4582	0	0	0	0	0	0	0	0	0	0	0	0	168	0	0	0	1102	0	0	0	656	0	0	0	0	0	0	0	0	0	0	0	0	0	0	0	0	0	0	0	0	0	0	0	0	0	0	
446832	Caudate_L	4946	1944	12854	5796	2988	1572	2912	792	430	0	11744	370	7908	0	1804	366	4016	714	7640	2080	8936	9658	422	2512	332	520	5512	3874	17526	668	9408	9286	0	0	272	150	864	140	158	0	186	0	0	0	0	0	0	0	0	0	0	0	0	0	718	96	3892	656	0	0	144	0	0	0	0	0	0	0	1592	0	0	22144	26422	3226	4150	514	12128	3164	438	0	1122	0	1008	0	118	0	0	0	584	0	0	0	0	0	0	0	0	0	0	0	0	0	0	0	0	0	0	0	0	0	0	0	0	0	0	0	
495648	Caudate_R	1906	2266	4636	29790	1090	4792	872	2238	0	98	7500	556	4606	426	672	1892	1716	1204	1568	17650	4172	6384	270	10414	0	3896	2474	2480	9208	2002	13170	28040	0	204	416	350	474	402	0	0	0	146	0	0	0	0	0	0	0	0	0	0	0	0	116	0	1238	548	0	0	122	0	0	0	0	0	0	0	1324	0	22144	0	7696	16740	342	1770	2336	22096	510	0	354	0	338	0	86	0	0	0	84	0	0	0	0	0	0	0	0	0	0	0	0	0	0	0	0	0	0	0	0	0	0	0	0	0	0	0	
341252	Putamen_L	2384	980	14010	1502	5112	346	5168	526	922	0	3634	132	3616	0	2226	0	2590	832	6604	686	2522	3352	2522	468	1336	156	2222	1208	20128	252	10980	3874	0	0	168	0	7844	0	1340	0	204	0	0	0	0	0	0	0	0	0	0	0	0	0	3180	0	368	552	0	0	0	0	0	0	0	0	0	0	960	0	26422	7696	0	1560	8340	170	3702	824	474	0	1948	0	1074	0	326	0	0	0	3184	0	0	0	0	0	0	0	0	0	0	0	0	0	0	0	0	0	0	0	0	0	0	0	0	0	0	0	
284348	Putamen_R	178	1354	558	10326	0	3496	312	1974	0	104	1210	6798	1176	1130	0	2220	0	5416	536	5100	204	1268	0	4186	0	1994	116	302	1244	20410	3340	12634	0	766	140	100	0	11294	0	6712	0	3382	0	0	0	0	0	0	0	0	0	0	0	0	0	2786	0	1086	0	0	0	0	0	132	0	0	0	0	108	0	3226	16740	1560	0	0	1646	116	2538	0	140	0	380	0	980	0	88	0	0	0	334	0	0	0	0	0	0	0	334	0	0	0	0	0	0	0	0	0	0	0	0	0	0	0	0	0	0	
56952	Pallidum_L	1500	510	4094	0	0	0	1428	0	0	0	0	0	0	0	0	0	300	682	1412	86	0	86	0	0	0	0	0	0	280	0	0	0	0	0	0	0	254	0	0	0	0	0	0	0	0	0	0	0	0	0	0	0	0	0	0	0	196	472	0	0	0	0	0	0	0	0	0	0	1592	0	4150	342	8340	0	0	0	2480	132	140	0	0	0	0	0	0	0	0	0	0	0	0	0	0	0	0	0	0	0	0	0	0	0	0	0	0	0	0	0	0	0	0	0	0	0	0	0	
18416	Pallidum_R	0	0	0	1128	0	0	0	0	0	0	0	0	0	0	0	0	0	604	0	1042	0	0	0	0	0	0	0	0	0	408	0	0	0	0	0	0	0	1012	0	690	0	0	0	0	0	0	0	0	0	0	0	0	0	0	0	0	0	118	0	0	0	0	0	0	0	0	0	0	0	0	514	1770	170	1646	0	0	0	0	0	106	0	0	0	0	0	0	0	0	0	0	0	0	0	0	0	0	0	0	0	0	0	0	0	0	0	0	0	0	0	0	0	0	0	0	0	0	
157124	Thalamus_L	7136	1716	6658	504	0	84	2452	198	0	0	130	0	0	0	0	0	1186	0	6754	236	0	0	0	176	0	0	0	0	2562	0	960	1228	0	0	0	318	5816	1152	1478	0	96	0	0	0	0	0	352	0	0	0	0	0	0	0	974	0	170	94	0	0	0	0	0	0	0	0	0	0	4502	0	12128	2336	3702	116	2480	0	0	2652	1326	0	2146	0	0	0	2142	0	0	0	2602	0	0	0	0	0	0	0	0	0	0	0	0	0	0	0	0	0	0	0	0	0	0	0	0	0	0	0	
168824	Thalamus_R	2198	6586	3274	10590	0	128	132	172	0	0	242	240	144	0	0	0	488	1236	2822	4230	0	0	0	202	0	0	0	0	1250	1494	1016	1376	0	0	104	204	528	6110	0	1828	0	704	0	0	0	0	0	754	0	0	0	0	0	0	0	950	1066	250	0	0	98	0	0	0	0	0	0	108	1216	0	3164	22096	824	2538	132	0	2652	0	404	0	190	0	0	0	0	0	0	0	0	414	0	0	0	0	0	0	0	258	0	0	0	0	0	0	0	0	0	0	0	0	0	0	0	0	0	0	
86220	Heschl_L	1792	102	818	0	0	0	514	0	0	0	268	0	0	0	0	0	6804	0	724	0	0	0	0	0	0	0	0	0	8744	0	0	0	0	0	744	570	952	0	0	0	0	0	388	0	0	0	214	0	0	0	196	0	0	0	0	0	1416	0	0	0	0	0	0	0	0	0	580	0	0	0	438	510	474	0	140	0	1326	404	0	0	4602	0	0	0	7052	0	0	0	3338	0	0	0	0	0	0	0	0	0	0	0	0	0	0	0	0	0	0	0	0	0	0	0	0	0	0	0	
25824	Heschl_R	0	0	0	0	0	0	0	0	0	0	0	0	0	0	0	0	0	1436	0	0	0	0	0	0	0	0	0	0	0	2706	0	0	0	0	0	0	0	1346	0	0	0	0	0	0	0	0	0	0	0	0	0	0	0	0	0	628	0	202	0	0	0	0	0	290	0	96	0	0	0	0	0	0	0	140	0	106	0	0	0	0	0	4154	0	0	0	822	0	0	0	986	0	0	0	0	0	0	0	0	0	0	0	0	0	0	0	0	0	0	0	0	0	0	0	0	0	0	
182728	Temporal_Sup_L	1268	352	3868	122	0	0	1036	282	0	0	1232	0	206	0	0	0	7102	0	3334	0	0	0	0	0	0	0	0	0	11124	0	0	100	196	0	206	102	1844	0	146	0	160	0	206	0	0	0	0	0	0	0	1128	0	256	0	576	0	2396	0	0	0	1158	0	6874	0	1094	0	422	0	90	0	1122	354	1948	0	0	0	2146	190	4602	0	0	0	766	0	22538	0	0	0	10818	0	0	0	0	0	0	0	0	0	0	0	0	0	0	0	0	0	0	0	0	0	0	0	0	0	0	0	
120120	Temporal_Sup_R	0	86	164	0	0	0	0	0	0	0	0	132	0	0	0	0	0	3580	164	0	0	0	0	0	0	0	0	0	0	4402	0	0	0	142	286	406	0	3966	0	674	0	0	0	0	0	0	0	0	0	0	0	514	0	0	0	4242	0	664	0	0	0	308	0	5258	0	4568	0	610	0	168	0	0	0	380	0	0	0	0	0	4154	0	0	0	1916	0	15520	0	170	0	7586	0	0	0	0	0	0	0	0	0	0	0	0	0	0	0	0	0	0	0	0	0	0	0	0	0	0	
86344	Temporal_Pole_Sup_L	0	0	1364	122	1128	0	154	0	260	0	2464	0	1224	0	1796	0	2130	0	414	0	1682	0	154	0	0	0	142	0	9032	0	510	184	0	0	0	0	2018	0	1282	0	2044	0	0	0	0	0	0	0	0	0	0	0	0	0	2044	0	0	0	0	0	0	0	0	0	0	0	0	0	0	0	1008	338	1074	0	0	0	0	0	0	0	766	0	0	0	3654	0	1894	0	4290	0	0	0	0	0	0	0	0	0	0	0	0	0	0	0	0	0	0	0	0	0	0	0	0	0	0	0	
45132	Temporal_Pole_Sup_R	0	0	0	0	0	0	0	0	0	0	0	132	0	0	0	182	0	282	0	0	0	372	0	0	0	0	0	90	0	1396	0	0	0	0	0	0	0	1394	0	1638	0	1924	0	0	0	0	0	0	0	0	0	0	0	0	0	6342	0	0	0	0	0	0	0	0	0	0	0	0	0	0	0	0	0	980	0	0	0	0	0	0	0	1916	0	0	0	596	0	2364	0	2822	0	0	0	0	0	0	0	136	0	0	0	0	0	0	0	0	0	0	0	0	0	0	0	0	0	0	
332256	Temporal_Mid_L	670	0	1144	0	0	0	582	0	0	0	0	0	0	0	0	0	3010	0	444	0	0	0	0	0	0	0	0	0	1634	0	0	0	1694	0	2430	244	1312	0	838	0	0	0	5894	0	518	0	1194	0	1698	0	19340	0	4632	0	2312	0	854	0	840	0	5486	0	10758	0	9862	0	7748	0	104	0	118	86	326	0	0	0	2142	0	7052	0	22538	0	3654	0	0	0	2884	0	42086	0	0	0	0	0	0	0	0	0	0	0	0	0	0	0	0	0	0	0	0	0	0	0	0	0	0	0	
227256	Temporal_Mid_R	0	172	348	0	0	0	0	0	0	0	0	0	0	0	0	0	0	712	350	0	0	0	0	0	0	0	0	0	0	1122	0	0	0	262	760	1686	0	4166	0	1540	0	0	134	2960	0	4290	0	662	0	5684	0	10290	0	1948	0	5074	0	2984	0	1276	0	2284	0	8540	0	10538	264	6930	0	1102	0	0	0	88	0	0	0	0	0	822	0	15520	0	596	0	0	0	1268	0	19256	0	0	0	0	0	0	0	0	0	0	0	0	0	0	0	0	0	0	0	0	0	0	0	0	0	0	
20152	Temporal_Pole_Mid_L	0	0	0	0	0	0	0	0	0	0	0	0	0	0	0	0	0	0	0	0	0	0	0	0	0	0	0	0	0	0	0	0	0	0	0	0	0	0	204	0	0	0	0	0	0	0	0	0	0	0	0	0	0	0	1902	0	0	0	0	0	0	0	0	0	0	0	0	0	0	0	0	0	0	0	0	0	0	0	0	0	0	0	1894	0	2884	0	0	0	3192	0	0	0	0	0	0	0	0	0	0	0	0	0	0	0	0	0	0	0	0	0	0	0	0	0	0	0	
16036	Temporal_Pole_Mid_R	0	0	0	0	0	0	0	0	0	0	0	0	0	0	0	0	0	0	0	0	0	0	0	0	0	0	0	0	0	0	0	0	0	0	0	0	0	0	0	798	0	316	0	0	0	0	0	0	0	0	0	0	0	0	0	2096	0	0	0	0	0	0	0	0	0	0	0	0	0	0	0	0	0	0	0	0	0	0	0	0	0	170	0	2364	0	1268	0	0	0	1006	0	0	0	0	0	0	0	0	0	0	0	0	0	0	0	0	0	0	0	0	0	0	0	0	0	0	
293776	Temporal_Inf_L	764	102	1400	0	0	0	1244	0	0	0	180	0	84	0	0	0	1890	0	1354	0	0	0	0	0	0	0	0	0	5638	0	0	0	280	0	988	124	12440	0	2928	0	1254	0	3422	0	214	0	378	0	172	0	4118	0	4736	0	15780	0	544	0	130	0	2404	0	3182	0	2018	0	3642	0	126	0	584	84	3184	0	0	0	2602	0	3338	0	10818	0	4290	0	42086	0	3192	0	0	0	2322	0	780	0	0	0	204	0	966	0	470	0	432	0	0	0	0	0	0	0	0	0	0	0	0	0	
206864	Temporal_Inf_R	534	464	664	0	0	0	0	0	0	0	0	0	0	0	0	0	0	110	686	0	0	0	0	0	0	0	0	0	0	2562	0	0	0	132	906	3080	90	13448	0	4128	0	0	0	3126	0	336	0	1506	0	152	0	1006	0	4410	0	23522	0	1174	0	0	0	302	0	600	0	452	0	5132	86	656	0	0	0	334	0	0	0	414	0	986	0	7586	0	2822	0	19256	0	1006	0	0	0	848	0	86	0	0	0	232	0	184	0	0	0	326	0	0	0	0	0	0	88	0	0	0	0	0	
509296	Cerebelum_Crus1_L	0	0	0	0	0	0	0	0	0	0	0	0	0	0	0	0	0	0	0	0	0	0	0	0	0	0	0	0	0	0	0	0	0	0	0	0	0	0	212	0	0	0	0	0	0	0	11104	2798	0	0	192	0	442	298	19780	1506	0	0	0	0	0	0	0	0	0	0	0	0	0	0	0	0	0	0	0	0	0	0	0	0	0	0	0	0	0	0	0	0	2322	0	0	2180	43782	2814	2232	94	28160	1016	61048	4668	16804	990	18866	1334	2804	1252	1084	170	156	866	5052	9478	7096	1908	1346	794	
446408	Cerebelum_Crus1_R	0	0	0	0	0	0	0	0	0	0	0	0	0	0	0	0	0	0	0	0	0	0	0	0	0	0	0	0	0	0	0	0	0	0	0	0	0	0	0	146	0	0	0	0	0	0	1820	9192	0	0	0	0	0	910	1216	14564	0	0	0	0	0	0	0	0	0	0	0	0	0	0	0	0	0	0	0	0	0	0	0	0	0	0	0	0	0	0	0	0	0	848	2180	0	3446	45026	190	2202	2416	18076	2356	45806	2186	5634	2678	26430	204	4078	0	88	470	2550	7894	7712	8740	3298	848	0	
544004	Cerebelum_Crus2_L	0	0	0	0	0	0	0	0	0	0	0	0	0	0	0	0	0	0	0	0	0	0	0	0	0	0	0	0	0	0	0	0	0	0	0	0	0	0	0	0	0	0	0	0	0	0	1798	1206	0	0	0	0	174	170	4894	820	0	0	0	0	0	0	0	0	0	0	0	0	0	0	0	0	0	0	0	0	0	0	0	0	0	0	0	0	0	0	0	0	780	0	43782	3446	0	15044	632	354	8418	1362	18376	3606	56770	6752	50172	8990	4710	1356	1080	264	314	744	2426	4394	16720	10112	2008	328	
501556	Cerebelum_Crus2_R	0	0	0	0	0	0	0	0	0	0	0	0	0	0	0	0	0	0	0	0	0	0	0	0	0	0	0	0	0	0	0	0	0	0	0	0	0	0	0	0	0	0	0	0	0	0	996	2958	0	0	0	0	0	634	908	4366	0	0	0	0	0	0	0	0	0	0	0	0	0	0	0	0	0	0	0	0	0	0	0	0	0	0	0	0	0	0	0	0	0	86	2814	45026	15044	0	236	1730	1966	9344	1972	21656	11636	22658	10456	39978	408	7518	0	450	780	2422	5472	5092	19150	11212	3656	154	
40524	Cerebelum_3_L	0	0	0	0	0	0	0	0	0	0	0	0	0	0	0	0	0	0	0	0	0	0	0	0	0	0	0	0	0	0	0	0	0	0	0	0	0	0	376	0	0	0	0	0	0	0	704	0	0	0	0	0	0	0	648	0	0	0	0	0	0	0	0	0	0	0	0	0	0	0	0	0	0	0	0	0	0	0	0	0	0	0	0	0	0	0	0	0	0	0	2232	190	632	236	0	0	7042	0	3110	216	336	0	756	336	606	338	0	0	856	922	304	210	212	0	0	0	
77092	Cerebelum_3_R	0	0	0	0	0	0	0	0	0	0	0	0	0	0	0	0	0	0	0	0	0	0	0	0	0	0	0	0	0	0	0	0	0	0	0	0	0	104	0	110	0	0	0	0	0	0	0	136	0	0	0	0	0	0	0	620	0	0	0	0	0	0	0	0	0	0	0	0	0	0	0	0	0	0	0	0	0	0	0	0	0	0	0	0	0	0	0	0	0	0	94	2202	354	1730	0	0	102	8182	84	8000	398	286	412	2982	0	1878	0	0	504	6254	730	220	852	1266	1046	0	
388216	Cerebelum_4_5_L	0	0	0	0	0	0	0	0	0	0	0	0	0	0	0	0	0	0	0	0	0	0	0	0	0	0	0	0	0	0	0	0	0	0	0	0	322	0	908	0	138	0	0	0	0	0	16494	3950	0	0	0	0	158	532	17234	2180	0	0	0	0	0	0	0	0	0	0	0	0	0	0	0	0	0	0	0	0	0	0	0	0	0	0	0	0	0	0	0	0	204	0	28160	2416	8418	1966	7042	102	0	3146	45978	5588	3516	230	5724	1730	2970	1378	520	0	614	1724	15620	7700	1704	1966	1820	1956	
279704	Cerebelum_4_5_R	0	0	0	0	0	0	0	0	0	0	0	0	0	0	0	0	0	0	0	0	0	0	0	0	0	0	0	0	0	106	0	0	0	0	0	536	0	1610	0	2190	0	576	0	286	0	0	2250	7234	0	0	0	0	0	546	1138	6768	0	0	0	0	0	0	0	0	0	0	0	834	0	0	0	0	0	334	0	0	0	258	0	0	0	0	0	136	0	0	0	0	0	232	1016	18076	1362	9344	0	8182	3146	0	1830	31806	1280	798	1350	6362	120	3350	0	406	118	4188	11740	1386	3074	3456	2428	0	
535676	Cerebelum_6_L	0	0	0	0	0	0	0	0	0	0	0	0	0	0	0	0	0	0	0	0	0	0	0	0	0	0	0	0	0	0	0	0	0	0	0	0	0	0	490	0	0	0	0	0	0	0	23214	5776	0	0	468	0	1166	536	33038	2386	0	0	0	0	0	0	0	0	0	0	0	0	0	0	0	0	0	0	0	0	0	0	0	0	0	0	0	0	0	0	0	0	966	0	61048	2356	18376	1972	3110	84	45978	1830	0	5808	7238	306	9534	1188	2910	1412	898	102	222	1092	11550	14352	3342	1758	1658	1674	
465024	Cerebelum_6_R	0	0	0	0	0	0	0	0	0	0	0	0	0	0	0	0	0	0	0	0	0	0	0	0	0	0	0	0	0	0	0	0	0	0	0	0	0	112	0	268	0	0	0	0	0	0	3786	13276	0	0	0	0	0	1998	2576	18956	0	0	0	0	0	0	0	0	0	0	0	0	0	0	0	0	0	0	0	0	0	0	0	0	0	0	0	0	0	0	0	0	0	184	4668	45806	3606	21656	216	8000	5588	31806	5808	0	1510	2284	2602	12324	300	1860	0	218	472	4906	13112	12384	9502	2066	662	0	
431576	Cerebelum_7b_L	0	0	0	0	0	0	0	0	0	0	0	0	0	0	0	0	0	0	0	0	0	0	0	0	0	0	0	0	0	0	0	0	0	0	0	0	0	0	0	0	0	0	0	0	0	0	230	192	0	0	0	0	0	0	1298	188	0	0	0	0	0	0	0	0	0	0	0	0	0	0	0	0	0	0	0	0	0	0	0	0	0	0	0	0	0	0	0	0	470	0	16804	2186	56770	11636	336	398	3516	1280	7238	1510	0	5364	56370	10610	6312	1104	1772	136	258	512	1600	1510	10904	13142	1854	288	
177068	Cerebelum_7b_R	0	0	0	0	0	0	0	0	0	0	0	0	0	0	0	0	0	0	0	0	0	0	0	0	0	0	0	0	0	0	0	0	0	0	0	0	0	0	0	0	0	0	0	0	0	0	102	0	0	0	0	0	0	0	102	86	0	0	0	0	0	0	0	0	0	0	0	0	0	0	0	0	0	0	0	0	0	0	0	0	0	0	0	0	0	0	0	0	0	0	990	5634	6752	22658	0	286	230	798	306	2284	5364	0	4504	21796	110	3566	0	0	0	370	594	422	7270	3854	456	0	
482828	Cerebelum_8_L	0	0	0	0	0	0	0	0	0	0	0	0	0	0	0	0	0	0	0	0	0	0	0	0	0	0	0	0	0	0	0	0	0	0	0	0	0	0	0	0	0	0	0	0	0	0	370	876	0	0	0	0	0	0	1638	656	0	0	0	0	0	0	0	0	0	0	0	0	0	0	0	0	0	0	0	0	0	0	0	0	0	0	0	0	0	0	0	0	432	0	18866	2678	50172	10456	756	412	5724	1350	9534	2602	56370	4504	0	12354	20022	1762	3350	110	294	574	1974	3426	11126	15464	2946	616	
430912	Cerebelum_8_R	0	0	0	0	0	0	0	0	0	0	0	0	0	0	0	0	0	0	0	0	0	0	0	0	0	0	0	0	0	0	0	0	0	0	0	0	0	0	0	0	0	0	0	0	0	0	416	166	0	0	0	0	0	0	406	972	0	0	0	0	0	0	0	0	0	0	0	0	0	0	0	0	0	0	0	0	0	0	0	0	0	0	0	0	0	0	0	0	0	326	1334	26430	8990	39978	336	2982	1730	6362	1188	12324	10610	21796	12354	0	1098	23778	0	602	920	3508	4108	2078	11044	14448	4790	382	
110456	Cerebelum_9_L	0	0	0	0	0	0	0	0	0	0	0	0	0	0	0	0	0	0	0	0	0	0	0	0	0	0	0	0	0	0	0	0	0	0	0	0	0	0	0	0	0	0	0	0	0	0	196	220	0	0	0	0	0	0	306	176	0	0	0	0	0	0	0	0	0	0	0	0	0	0	0	0	0	0	0	0	0	0	0	0	0	0	0	0	0	0	0	0	0	0	2804	204	4710	408	606	0	2970	120	2910	300	6312	110	20022	1098	0	1000	5218	0	0	0	972	876	728	1184	1194	584	
179352	Cerebelum_9_R	0	0	0	0	0	0	0	0	0	0	0	0	0	0	0	0	0	0	0	0	0	0	0	0	0	0	0	0	0	0	0	0	0	0	0	0	0	0	0	0	0	0	0	0	0	0	950	156	0	0	0	0	0	0	952	256	0	0	0	0	0	0	0	0	0	0	0	0	0	0	0	0	0	0	0	0	0	0	0	0	0	0	0	0	0	0	0	0	0	0	1252	4078	1356	7518	338	1878	1378	3350	1412	1860	1104	3566	1762	23778	1000	0	0	3072	460	1936	1824	1770	5094	7324	8492	1760	
29276	Cerebelum_10_L	0	0	0	0	0	0	0	0	0	0	0	0	0	0	0	0	0	0	0	0	0	0	0	0	0	0	0	0	0	0	0	0	0	0	0	0	0	0	0	0	0	0	0	0	0	0	0	0	0	0	0	0	0	0	102	0	0	0	0	0	0	0	0	0	0	0	0	0	0	0	0	0	0	0	0	0	0	0	0	0	0	0	0	0	0	0	0	0	0	0	1084	0	1080	0	0	0	520	0	898	0	1772	0	3350	0	5218	0	0	0	0	0	0	130	0	0	278	206	
18776	Cerebelum_10_R	0	0	0	0	0	0	0	0	0	0	0	0	0	0	0	0	0	0	0	0	0	0	0	0	0	0	0	0	0	0	0	0	0	0	0	0	0	0	0	0	0	0	0	0	0	0	0	0	0	0	0	0	0	0	0	0	0	0	0	0	0	0	0	0	0	0	0	0	0	0	0	0	0	0	0	0	0	0	0	0	0	0	0	0	0	0	0	0	0	0	170	88	264	450	0	0	0	406	102	218	136	0	110	602	0	3072	0	0	0	0	116	154	840	1218	1316	126	
28568	Vermis_1_2	0	0	0	0	0	0	0	0	0	0	0	0	0	0	0	0	0	0	0	0	0	0	0	0	0	0	0	0	0	0	0	0	0	0	0	0	0	0	0	0	0	0	0	0	0	0	88	0	0	0	0	0	0	0	88	0	0	0	0	0	0	0	0	0	0	0	0	0	0	0	0	0	0	0	0	0	0	0	0	0	0	0	0	0	0	0	0	0	0	0	156	470	314	780	856	504	614	118	222	472	258	0	294	920	0	460	0	0	0	5316	1240	184	326	360	244	0	
90260	Vermis_3	0	0	0	0	0	0	0	0	0	0	0	0	0	0	0	0	0	0	0	0	0	0	0	0	0	0	0	0	0	0	0	0	0	0	0	0	0	0	0	0	0	0	0	0	0	0	176	0	0	0	0	0	0	0	168	120	0	0	0	0	0	0	0	0	0	0	0	0	0	0	0	0	0	0	0	0	0	0	0	0	0	0	0	0	0	0	0	0	0	0	866	2550	744	2422	922	6254	1724	4188	1092	4906	512	370	574	3508	0	1936	0	0	5316	0	3596	318	922	1110	836	0	
267840	Vermis_4_5	0	0	0	0	0	0	0	0	0	0	0	0	0	0	0	0	0	0	0	0	0	0	0	0	0	0	0	0	0	0	0	0	0	0	590	1580	400	302	0	96	0	0	0	0	0	0	8504	6028	0	0	0	0	0	610	5974	2592	0	0	0	0	0	0	0	0	0	0	120	1238	0	0	0	0	0	0	0	0	0	0	0	0	0	0	0	0	0	0	0	0	0	88	5052	7894	2426	5472	304	730	15620	11740	11550	13112	1600	594	1974	4108	972	1824	0	116	1240	3596	0	6606	1754	2890	2436	2188	
