data	data	360848	346764	797028	828540	221320	178064	341580	253796	109140	62564	260904	314784	325200	316820	134336	152708	236872	171788	846760	683724	116004	134540	406164	383952	52240	105968	86948	87960	625404	634032	376680	438524	133520	532912	197836	222788	268112	428092	207848	318660	89620	120036	249116	244860	221276	208996	320992	260420	183724	210108	359320	178484	186324	123604	499012	558064	247736	222752	107956	92792	211544	110692	112752	116544	157420	137348	360464	394004	203504	135496	449492	614388	269756	457120	41036	27228	115116	180064	82704	52372	181652	186516	120928	150904	284972	234056	37300	73720	278548	232600	578532	629272	470112	426824	63868	83752	386820	303396	524564	555384	338892	204212	458304	358928	246572	163776	95000	9092	68484	108024	219192	254720	294876	147552	90640	27544	
data	data	Precentral_L	Precentral_R	Frontal_Sup_L	Frontal_Sup_R	Frontal_Sup_Orb_L	Frontal_Sup_Orb_R	Frontal_Mid_L	Frontal_Mid_R	Frontal_Mid_Orb_L	Frontal_Mid_Orb_R	Frontal_Inf_Oper_L	Frontal_Inf_Oper_R	Frontal_Inf_Tri_L	Frontal_Inf_Tri_R	Frontal_Inf_Orb_L	Frontal_Inf_Orb_R	Rolandic_Oper_L	Rolandic_Oper_R	Supp_Motor_Area_L	Supp_Motor_Area_R	Olfactory_L	Olfactory_R	Frontal_Sup_Medial_L	Frontal_Sup_Medial_R	Frontal_Med_Orb_L	Frontal_Med_Orb_R	Rectus_L	Rectus_R	Insula_L	Insula_R	Cingulum_Ant_L	Cingulum_Ant_R	Cingulum_Mid_L	Cingulum_Mid_R	Cingulum_Post_L	Cingulum_Post_R	Hippocampus_L	Hippocampus_R	ParaHippocampal_L	ParaHippocampal_R	Amygdala_L	Amygdala_R	Calcarine_L	Calcarine_R	Cuneus_L	Cuneus_R	Lingual_L	Lingual_R	Occipital_Sup_L	Occipital_Sup_R	Occipital_Mid_L	Occipital_Mid_R	Occipital_Inf_L	Occipital_Inf_R	Fusiform_L	Fusiform_R	Postcentral_L	Postcentral_R	Parietal_Sup_L	Parietal_Sup_R	Parietal_Inf_L	Parietal_Inf_R	SupraMarginal_L	SupraMarginal_R	Angular_L	Angular_R	Precuneus_L	Precuneus_R	Paracentral_Lobule_L	Paracentral_Lobule_R	Caudate_L	Caudate_R	Putamen_L	Putamen_R	Pallidum_L	Pallidum_R	Thalamus_L	Thalamus_R	Heschl_L	Heschl_R	Temporal_Sup_L	Temporal_Sup_R	Temporal_Pole_Sup_L	Temporal_Pole_Sup_R	Temporal_Mid_L	Temporal_Mid_R	Temporal_Pole_Mid_L	Temporal_Pole_Mid_R	Temporal_Inf_L	Temporal_Inf_R	Cerebelum_Crus1_L	Cerebelum_Crus1_R	Cerebelum_Crus2_L	Cerebelum_Crus2_R	Cerebelum_3_L	Cerebelum_3_R	Cerebelum_4_5_L	Cerebelum_4_5_R	Cerebelum_6_L	Cerebelum_6_R	Cerebelum_7b_L	Cerebelum_7b_R	Cerebelum_8_L	Cerebelum_8_R	Cerebelum_9_L	Cerebelum_9_R	Cerebelum_10_L	Cerebelum_10_R	Vermis_1_2	Vermis_3	Vermis_4_5	Vermis_6	Vermis_7	Vermis_8	Vermis_9	Vermis_10	
360848	Precentral_L	0	8536	23446	4000	0	0	12410	1086	0	0	9446	0	4200	0	0	0	4140	624	13384	8694	0	0	246	0	0	0	0	0	3466	854	322	96	148	3132	2078	482	3356	230	1214	0	0	0	316	0	660	0	0	0	206	0	882	0	586	0	588	96	21646	1656	0	0	1404	132	952	176	574	0	1384	102	10798	4200	6332	640	5762	360	2626	0	8634	414	866	0	1220	112	0	0	830	0	0	0	524	156	0	0	0	0	0	0	0	0	0	0	0	0	0	0	0	0	0	0	0	0	0	0	0	0	0	0	
346764	Precentral_R	8536	0	2462	35980	0	0	994	6694	0	0	664	7378	292	1040	0	0	742	1680	5608	10064	0	0	0	0	0	0	0	0	1254	986	126	154	0	1144	516	1390	200	3682	0	378	0	0	0	212	0	0	0	0	0	0	0	300	0	86	0	832	482	22484	0	248	0	2426	0	3768	0	1230	108	1630	5920	6524	2418	8046	118	1816	0	176	948	17148	0	0	118	762	148	0	0	1798	0	0	0	1672	0	0	0	0	0	0	0	0	0	0	0	0	0	0	0	0	0	0	0	0	0	0	0	0	0	0	
797028	Frontal_Sup_L	23446	2462	0	9380	13270	114	54782	1216	2018	0	11142	810	17424	1296	1720	0	8774	220	81124	14564	98	0	41668	7102	1460	92	0	0	21474	1398	18480	4504	3932	7344	188	108	1844	238	898	116	0	0	0	0	0	0	0	0	0	0	0	0	0	0	168	162	3570	172	0	0	334	0	244	0	0	0	0	0	2378	0	9032	1948	10802	1204	4044	206	5986	340	222	0	2074	0	830	0	92	0	0	0	0	0	0	0	0	0	0	0	0	0	0	0	0	0	0	0	0	0	0	0	0	0	0	0	0	0	0	0	
828540	Frontal_Sup_R	4000	35980	9380	0	170	10340	1834	25104	0	1004	618	9042	226	5848	0	1550	736	5460	34742	62108	0	104	8300	36656	0	3090	0	438	1350	14614	3164	24390	550	32188	0	136	104	4572	0	716	0	0	0	0	0	0	0	0	0	0	0	0	0	0	0	706	0	2972	0	0	0	0	0	300	0	0	0	0	2646	0	2654	27744	166	13484	0	520	912	20928	0	764	94	488	210	82	0	0	0	0	0	0	0	294	0	0	0	0	0	0	0	296	0	0	0	252	0	244	0	0	0	0	0	0	0	0	0	0	
221320	Frontal_Sup_Orb_L	0	0	13270	170	0	0	3598	0	14442	0	618	116	5594	340	12214	0	204	0	794	112	3822	706	10212	1306	3438	322	6572	0	9438	282	7948	1650	0	202	0	0	0	0	212	0	1110	0	0	0	0	0	0	0	0	0	0	0	0	0	0	0	0	0	0	0	0	0	0	0	0	0	0	0	0	0	3838	532	7260	0	0	0	0	0	0	0	0	0	338	0	0	0	0	0	0	0	0	0	0	0	0	0	0	0	0	0	0	0	0	0	0	0	0	0	0	0	0	0	0	0	0	0	
178064	Frontal_Sup_Orb_R	0	0	114	10340	0	0	0	3534	0	6966	0	960	0	2114	0	7036	0	110	306	334	494	4282	168	4926	0	8154	276	7282	0	6382	262	4634	0	648	0	0	0	228	0	0	0	898	0	0	0	0	0	0	0	0	0	0	0	0	0	0	0	0	0	0	0	0	0	0	0	0	0	0	0	0	548	9282	262	8354	0	0	0	0	0	0	0	0	0	138	0	0	0	0	0	0	0	0	0	0	0	0	0	0	0	0	0	0	0	0	0	0	0	0	0	0	0	0	0	0	0	0	
341580	Frontal_Mid_L	12410	994	54782	1834	3598	0	0	484	3410	0	5848	86	23570	146	1626	0	406	280	19176	1882	320	0	14218	1416	202	0	0	0	6824	692	5924	296	864	1142	0	0	264	94	160	0	0	0	0	0	0	0	0	0	0	0	0	0	0	0	0	0	1000	270	0	0	0	0	0	0	0	0	0	0	0	0	2526	1106	1408	600	530	146	120	136	0	0	0	0	0	0	0	0	0	0	0	0	0	0	0	0	0	0	0	0	0	0	0	0	0	0	0	0	0	0	0	0	0	0	0	0	0	0	
253796	Frontal_Mid_R	1086	6694	1216	25104	0	3534	484	0	0	4012	1556	8520	944	14714	0	2958	954	2002	3378	5318	0	0	792	7106	0	0	0	0	2110	5324	822	5380	0	6028	0	0	0	1036	0	112	0	0	0	0	0	0	0	0	0	0	0	0	0	0	0	98	0	1470	0	0	0	0	0	320	0	0	0	0	0	0	4774	3948	606	2928	0	82	120	602	0	108	160	166	332	0	0	0	0	0	0	0	0	0	0	0	0	0	0	0	0	0	0	0	0	0	0	0	0	0	0	0	0	0	0	0	0	0	
109140	Frontal_Mid_Orb_L	0	0	2018	0	14442	0	3410	0	0	0	88	0	3376	0	12428	0	0	0	96	0	1420	554	258	0	280	0	3966	0	4028	0	1120	126	0	0	0	0	0	0	0	0	562	0	0	0	0	0	0	0	0	0	0	0	0	0	0	0	0	0	0	0	0	0	0	0	0	0	0	0	0	0	2258	298	3710	0	0	0	0	0	0	0	0	0	132	0	0	0	0	0	0	0	0	0	0	0	0	0	0	0	0	0	0	0	0	0	0	0	0	0	0	0	0	0	0	0	0	0	
62564	Frontal_Mid_Orb_R	0	0	0	1004	0	6966	0	4012	0	0	0	588	0	3064	0	9338	0	118	0	0	0	334	0	214	0	194	0	688	0	2416	0	338	0	0	0	0	0	0	0	0	0	194	0	0	0	0	0	0	0	0	0	0	0	0	0	0	0	0	0	0	0	0	0	0	0	0	0	0	0	0	82	718	0	1014	0	0	0	0	0	0	0	0	0	0	0	0	0	0	0	0	0	0	0	0	0	0	0	0	0	0	0	0	0	0	0	0	0	0	0	0	0	0	0	0	0	0	
260904	Frontal_Inf_Oper_L	9446	664	11142	618	618	0	5848	1556	88	0	0	2822	17896	3260	352	0	9924	536	9928	124	0	0	1318	644	168	0	0	0	19384	3180	3170	924	224	676	0	0	172	352	0	160	0	0	0	0	0	0	0	0	0	0	0	0	0	0	0	252	4376	0	0	0	0	0	0	0	0	0	0	0	0	0	6996	3448	1174	1132	0	0	0	0	430	0	3048	0	3682	0	192	0	0	0	0	0	0	136	0	0	0	0	0	0	0	136	0	0	0	128	0	128	0	0	0	0	0	0	0	0	0	0	
314784	Frontal_Inf_Oper_R	0	7378	810	9042	116	960	86	8520	0	588	2822	0	3224	22092	288	2132	1100	6580	4498	7652	0	0	326	986	0	388	0	0	4888	22020	1096	2904	0	2882	0	0	110	1240	0	690	0	0	0	0	0	0	0	0	0	0	0	0	0	0	0	442	0	1086	0	0	0	0	0	0	0	0	0	0	0	0	10160	18202	1524	8274	0	118	0	308	0	288	136	554	366	316	0	0	0	0	0	0	0	98	0	0	0	0	0	0	0	102	0	0	0	0	0	0	0	0	0	0	0	0	0	0	0	0	
325200	Frontal_Inf_Tri_L	4200	292	17424	226	5594	0	23570	944	3376	0	17896	3224	0	6792	5564	0	1118	138	8674	102	314	0	4390	294	854	0	0	0	27860	5514	8530	644	166	236	0	0	256	84	0	0	0	0	0	0	0	0	0	0	0	0	0	0	0	0	0	0	830	0	0	0	0	0	0	0	0	0	0	0	0	0	4622	5538	2000	380	0	0	0	0	0	0	134	0	820	0	0	0	0	0	0	0	0	0	0	0	0	0	0	0	0	0	0	0	0	0	0	0	0	0	0	0	0	0	0	0	0	0	
316820	Frontal_Inf_Tri_R	0	1040	1296	5848	340	2114	146	14714	0	3064	3260	22092	6792	0	346	4354	602	1062	3380	4054	0	0	1630	2338	106	306	0	0	7506	22692	3346	6534	142	4504	0	0	148	472	0	196	0	0	0	0	0	0	0	0	0	0	0	0	0	0	0	96	0	84	0	0	0	0	0	0	0	0	0	0	0	0	9916	15758	2504	5022	0	84	0	344	0	0	0	0	178	0	0	0	0	0	0	0	0	0	0	0	0	0	0	0	0	0	0	0	0	0	0	0	0	0	0	0	0	0	0	0	0	0	
134336	Frontal_Inf_Orb_L	0	0	1720	0	12214	0	1626	0	12428	0	352	288	5564	346	0	0	0	0	118	0	4036	324	276	0	332	0	2570	0	11886	236	1000	94	0	0	0	0	0	0	206	0	1064	0	0	0	0	0	0	0	0	0	0	0	0	0	0	0	0	0	0	0	0	0	0	0	0	0	0	0	0	0	2276	504	6562	0	0	0	0	0	0	0	0	0	1146	0	0	0	0	0	0	0	0	0	0	0	0	0	0	0	0	0	0	0	0	0	0	0	0	0	0	0	0	0	0	0	0	0	
152708	Frontal_Inf_Orb_R	0	0	0	1550	0	7036	0	2958	0	9338	0	2132	0	4354	0	0	0	468	112	222	0	3994	0	476	0	154	0	3018	96	18954	0	636	0	220	0	0	0	760	0	896	0	2500	0	0	0	0	0	0	0	0	0	0	0	0	0	250	0	0	0	0	0	0	0	0	0	0	0	0	0	0	198	2292	0	8704	0	0	0	0	0	0	0	950	0	3564	0	208	0	190	0	124	0	0	0	0	0	0	0	0	0	0	0	0	0	0	0	0	0	0	0	0	0	0	0	0	0	0	
236872	Rolandic_Oper_L	4140	742	8774	736	204	0	406	954	0	0	9924	1100	1118	602	0	0	0	416	8642	402	0	0	244	408	0	0	0	0	23600	2062	370	496	0	444	0	0	2226	184	370	0	0	0	126	0	0	0	0	0	0	0	292	0	418	0	556	98	8266	0	0	0	658	0	2436	0	330	0	138	0	0	0	7714	2986	2084	1236	150	0	624	168	4978	0	9904	0	3176	0	2236	0	0	0	1298	0	0	0	0	0	0	0	0	0	0	0	0	0	0	0	0	0	0	0	0	0	0	0	0	0	0	0	
171788	Rolandic_Oper_R	624	1680	220	5460	0	110	280	2002	0	118	536	6580	138	1062	0	468	416	0	1272	4848	0	0	0	140	0	0	0	0	740	16810	110	318	0	288	0	0	0	2340	0	998	0	0	0	0	0	0	0	0	0	0	0	0	0	0	0	930	0	5082	0	0	0	82	0	3994	0	124	0	0	0	0	2054	5116	90	6772	0	868	350	922	0	4308	0	4706	180	1740	0	140	0	0	0	140	0	230	0	0	0	0	0	0	0	230	0	0	0	146	0	132	0	0	0	0	0	0	0	0	0	0	
846760	Supp_Motor_Area_L	13384	5608	81124	34742	794	306	19176	3378	96	0	9928	4498	8674	3380	118	112	8642	1272	0	59654	0	0	11844	10658	162	0	0	0	15294	3916	9554	9060	8620	32114	466	434	770	470	264	234	0	0	0	0	0	0	0	0	0	0	0	0	0	0	0	282	2990	376	0	0	98	0	92	0	0	0	266	108	21446	2308	10176	5498	6788	1898	2220	192	5704	696	224	0	2058	0	734	0	0	0	0	0	0	0	0	122	0	0	0	0	0	0	0	122	0	0	0	120	0	116	0	0	0	0	0	0	0	0	0	0	
683724	Supp_Motor_Area_R	8694	10064	14564	62108	112	334	1882	5318	0	0	124	7652	102	4054	0	222	402	4848	59654	0	0	0	1988	11338	0	0	0	0	720	8740	2496	9180	5442	44996	1032	2208	180	1264	0	446	0	0	0	0	108	0	0	0	0	0	0	98	0	0	0	748	566	5700	0	0	0	642	0	1904	0	154	512	498	17588	13314	1800	14692	156	6012	0	250	960	2794	0	710	0	502	0	0	0	386	0	0	0	574	0	274	0	0	0	0	0	0	0	276	0	0	0	244	0	236	0	0	0	0	0	0	0	0	0	0	
116004	Olfactory_L	0	0	98	0	3822	494	320	0	1420	0	0	0	314	0	4036	0	0	0	0	0	0	6436	126	90	974	860	5998	1618	5156	0	5442	3832	0	0	0	0	0	0	1262	0	2606	116	0	0	0	0	0	0	0	0	0	0	0	0	0	0	0	0	0	0	0	0	0	0	0	0	0	0	0	0	7186	2806	1962	610	0	0	0	0	0	0	0	0	418	0	0	0	0	0	0	0	0	0	0	0	0	0	0	0	0	0	0	0	0	0	0	0	0	0	0	0	0	0	0	0	0	0	
134540	Olfactory_R	0	0	0	104	706	4282	0	0	554	334	0	0	0	0	324	3994	0	0	0	0	6436	0	0	346	244	3372	3020	8562	180	3044	3734	5132	0	0	0	0	0	0	0	526	764	1054	0	0	0	0	0	0	0	0	0	0	0	0	0	0	0	0	0	0	0	0	0	0	0	0	0	0	0	0	6834	7694	2914	2394	0	0	0	0	0	0	0	0	0	722	0	0	0	0	0	0	0	0	0	0	0	0	0	0	0	0	0	0	0	0	0	0	0	0	0	0	0	0	0	0	0	0	
406164	Frontal_Sup_Medial_L	246	0	41668	8300	10212	168	14218	792	258	0	1318	326	4390	1630	276	0	244	0	11844	1988	126	0	0	21946	3418	1368	220	0	6760	1446	31448	15178	6576	10858	664	0	0	0	0	0	0	0	0	0	0	0	0	0	0	0	0	0	0	0	0	0	0	0	0	0	0	0	0	0	0	0	374	0	0	0	1288	808	2402	324	0	0	0	0	0	0	0	0	0	0	0	0	0	0	0	0	0	0	0	0	0	0	0	0	0	0	0	0	0	0	0	0	0	0	0	0	0	0	0	0	0	0	
383952	Frontal_Sup_Medial_R	0	0	7102	36656	1306	4926	1416	7106	0	214	644	986	294	2338	0	476	408	140	10658	11338	90	346	21946	0	702	7012	0	654	974	4812	4594	26184	382	23706	0	0	0	146	0	0	0	0	0	0	0	0	0	0	0	0	0	0	0	0	0	0	0	0	0	0	0	0	0	0	0	0	0	0	0	0	1248	8406	0	4524	0	0	0	0	0	0	0	0	242	0	0	0	0	0	0	0	0	0	0	0	0	0	0	0	0	0	0	0	0	0	0	0	0	0	0	0	0	0	0	0	0	0	
52240	Frontal_Med_Orb_L	0	0	1460	0	3438	0	202	0	280	0	168	0	854	106	332	0	0	0	162	0	974	244	3418	702	0	1582	2466	372	1376	126	5598	596	0	0	0	0	0	0	120	0	0	0	0	0	0	0	0	0	0	0	0	0	0	0	0	0	0	0	0	0	0	0	0	0	0	0	0	0	0	0	1004	128	412	0	0	0	0	0	0	0	0	0	0	0	0	0	0	0	0	0	0	0	0	0	0	0	0	0	0	0	0	0	0	0	0	0	0	0	0	0	0	0	0	0	0	0	
105968	Frontal_Med_Orb_R	0	0	92	3090	322	8154	0	0	0	194	0	388	0	306	0	154	0	0	0	0	860	3372	1368	7012	1582	0	622	5706	0	1610	1638	6708	0	0	0	0	0	148	0	0	0	0	0	0	0	0	0	0	0	0	0	0	0	0	0	0	0	0	0	0	0	0	0	0	0	0	0	0	0	0	518	5336	260	3544	0	0	0	0	0	0	0	0	0	0	0	0	0	0	0	0	0	0	0	0	0	0	0	0	0	0	0	0	0	0	0	0	0	0	0	0	0	0	0	0	0	0	
86948	Rectus_L	0	0	0	0	6572	276	0	0	3966	0	0	0	0	0	2570	0	0	0	0	0	5998	3020	220	0	2466	622	0	1096	816	0	5324	2242	0	0	0	0	0	0	336	0	934	0	0	0	0	0	0	0	0	0	0	0	0	0	0	0	0	0	0	0	0	0	0	0	0	0	0	0	0	0	4916	1362	478	260	0	0	0	0	0	0	0	0	0	0	0	0	0	0	0	0	0	0	0	0	0	0	0	0	0	0	0	0	0	0	0	0	0	0	0	0	0	0	0	0	0	0	
87960	Rectus_R	0	0	0	438	0	7282	0	0	0	688	0	0	0	0	0	3018	0	0	0	0	1618	8562	0	654	372	5706	1096	0	0	1832	1524	4152	0	0	0	0	0	0	0	0	0	856	0	0	0	0	0	0	0	0	0	0	0	0	0	0	0	0	0	0	0	0	0	0	0	0	0	0	0	0	470	3844	126	1742	0	0	0	0	0	0	0	0	0	0	0	0	0	0	0	0	0	0	0	0	0	0	0	0	0	0	0	0	0	0	0	0	0	0	0	0	0	0	0	0	0	0	
625404	Insula_L	3466	1254	21474	1350	9438	0	6824	2110	4028	0	19384	4888	27860	7506	11886	96	23600	740	15294	720	5156	180	6760	974	1376	0	816	0	0	8426	11388	1390	334	1062	0	0	13450	502	4590	202	4988	0	150	0	0	0	310	0	0	0	122	0	798	0	4968	312	3786	0	0	0	1952	0	1910	0	554	0	180	0	160	0	15360	9844	17046	2758	114	104	1196	254	7722	0	6470	100	7154	0	2110	0	0	0	2774	0	142	146	0	0	0	0	110	0	168	152	0	0	0	132	0	132	0	0	0	0	0	0	0	0	0	0	
634032	Insula_R	854	986	1398	14614	282	6382	692	5324	0	2416	3180	22020	5514	22692	236	18954	2062	16810	3916	8740	0	3044	1446	4812	126	1610	0	1832	8426	0	2350	8626	0	3142	0	0	450	10972	0	3546	0	3120	0	0	0	0	0	0	0	0	0	0	0	0	0	3684	0	1110	0	0	0	176	0	772	0	158	0	0	0	0	11040	31338	2334	33074	0	1032	746	3142	0	5804	328	13734	636	7508	0	3806	0	1114	0	2590	0	608	0	122	0	0	0	198	0	640	0	98	0	414	0	236	0	0	0	0	0	0	0	0	0	0	
376680	Cingulum_Ant_L	322	126	18480	3164	7948	262	5924	822	1120	0	3170	1096	8530	3346	1000	0	370	110	9554	2496	5442	3734	31448	4594	5598	1638	5324	1524	11388	2350	0	19666	5876	5332	340	0	0	124	194	0	138	0	0	0	0	0	0	0	0	0	0	0	0	0	0	0	0	0	0	0	0	0	0	0	0	0	152	0	0	0	6550	3790	3996	1084	0	0	0	116	0	0	0	0	102	0	0	0	0	0	0	0	0	0	0	0	0	0	0	0	0	0	0	0	0	0	0	0	0	0	0	0	0	0	0	0	0	0	
438524	Cingulum_Ant_R	96	154	4504	24390	1650	4634	296	5380	126	338	924	2904	644	6534	94	636	496	318	9060	9180	3832	5132	15178	26184	596	6708	2242	4152	1390	8626	19666	0	2266	20762	0	112	0	378	0	0	0	0	0	0	0	0	0	0	0	0	0	0	0	0	0	0	0	0	0	0	0	0	0	0	0	0	0	0	0	0	3840	15822	736	8902	0	0	0	132	0	0	0	0	248	0	0	0	0	0	0	0	0	0	0	0	0	0	0	0	0	0	0	0	0	0	0	0	0	0	0	0	0	0	0	0	0	0	
133520	Cingulum_Mid_L	148	0	3932	550	0	0	864	0	0	0	224	0	166	142	0	0	0	0	8620	5442	0	0	6576	382	0	0	0	0	334	0	5876	2266	0	11908	4284	1000	0	0	0	0	0	0	160	0	1004	172	0	0	1060	144	324	0	0	0	0	0	192	0	338	0	0	0	0	0	0	0	5768	1320	3012	458	94	0	0	0	0	0	0	0	0	0	0	0	0	0	0	0	0	0	0	0	0	0	0	0	0	0	0	0	0	0	0	0	0	0	0	0	0	0	0	0	0	0	0	0	0	0	
532912	Cingulum_Mid_R	3132	1144	7344	32188	202	648	1142	6028	0	0	676	2882	236	4504	0	220	444	288	32114	44996	0	0	10858	23706	0	0	0	0	1062	3142	5332	20762	11908	0	1842	6516	82	494	0	206	0	0	0	850	282	1166	0	156	206	792	0	174	0	0	0	272	510	2538	0	464	0	358	0	548	0	100	1894	6738	7270	9186	1328	3714	110	2158	0	0	202	220	0	0	0	0	246	0	0	228	0	0	0	124	0	138	0	0	0	0	0	0	0	138	0	0	0	128	0	120	0	0	0	0	0	0	0	0	0	0	
197836	Cingulum_Post_L	2078	516	188	0	0	0	0	0	0	0	0	0	0	0	0	0	0	0	466	1032	0	0	664	0	0	0	0	0	0	0	340	0	4284	1842	0	20328	3516	1286	2932	826	0	0	2850	788	4176	332	2602	390	2382	0	1518	772	1512	2418	2598	1472	2456	1222	0	0	100	452	0	876	114	268	11646	6532	1284	556	0	0	0	0	0	0	258	0	0	0	0	274	0	0	762	3132	0	0	736	3484	94	0	0	0	0	0	0	0	148	0	0	0	0	0	0	0	0	0	0	0	416	0	0	0	0	0	
222788	Cingulum_Post_R	482	1390	108	136	0	0	0	0	0	0	0	0	0	0	0	0	0	0	434	2208	0	0	0	0	0	0	0	0	0	0	0	112	1000	6516	20328	0	3326	3498	1744	2206	0	0	102	4498	1092	1274	338	3002	708	390	0	2906	0	4726	470	2254	88	3244	0	432	0	1412	0	1474	0	1112	2810	18194	678	2726	0	0	0	0	0	0	814	216	0	0	0	320	0	0	0	6766	0	0	0	4690	0	0	0	0	0	0	0	194	0	86	0	0	0	0	0	0	0	0	0	0	890	0	0	0	0	0	
268112	Hippocampus_L	3356	200	1844	104	0	0	264	0	0	0	172	110	256	148	0	0	2226	0	770	180	0	0	0	0	0	0	0	0	13450	450	0	0	0	82	3516	3326	0	2276	24180	1186	12714	0	1290	0	0	0	3552	270	0	0	424	0	266	0	18274	530	1100	0	0	0	416	0	284	0	0	0	1742	460	294	124	1378	682	7292	474	856	0	2214	214	1842	0	3160	0	2004	0	688	0	0	0	4758	178	2206	0	0	0	150	0	2848	96	2766	0	0	0	90	0	0	0	0	0	0	0	324	0	0	0	0	0	
428092	Hippocampus_R	230	3682	238	4572	0	228	94	1036	0	0	352	1240	84	472	0	760	184	2340	470	1264	0	0	0	146	0	148	0	0	502	10972	124	378	0	494	1286	3498	2276	0	970	38202	0	14394	0	404	0	0	160	5748	0	0	0	152	0	192	140	37494	0	360	0	0	0	0	0	88	0	0	0	2774	104	0	1188	1310	204	16090	0	1768	2378	6774	0	966	0	3752	102	4110	0	3112	0	366	0	10848	0	5164	0	738	0	550	0	5250	0	5882	0	758	0	2616	0	1276	100	0	0	112	380	0	0	0	0	0	
207848	ParaHippocampal_L	1214	0	898	0	212	0	160	0	0	0	0	0	0	0	206	0	370	0	264	0	1262	0	0	0	120	0	336	0	4590	0	194	0	0	0	2932	1744	24180	970	0	656	7598	0	1280	0	0	0	6018	100	0	0	548	0	398	0	17896	192	260	0	0	0	0	0	0	0	0	0	1838	356	184	0	1078	190	2936	174	162	0	424	0	260	0	1112	0	1050	0	452	0	216	0	2996	82	3482	0	214	0	600	0	5556	0	5328	0	0	0	170	0	148	0	0	0	0	0	318	0	0	0	0	0	
318660	ParaHippocampal_R	0	378	116	716	0	0	0	112	0	0	160	690	0	196	0	896	0	998	234	446	0	526	0	0	0	0	0	0	202	3546	0	0	0	206	826	2206	1186	38202	656	0	0	13426	0	2014	0	0	90	9398	0	0	0	430	0	486	0	29962	0	116	0	0	0	0	0	0	0	0	0	4304	0	0	632	584	98	7256	0	1238	540	2698	0	110	0	500	0	5568	0	290	0	3356	0	2004	0	4370	0	334	0	1084	0	8472	0	5502	0	188	0	918	0	366	0	0	0	138	360	0	0	0	0	0	
89620	Amygdala_L	0	0	0	0	1110	0	0	0	562	0	0	0	0	0	1064	0	0	0	0	0	2606	764	0	0	0	0	934	0	4988	0	138	0	0	0	0	0	12714	0	7598	0	0	0	0	0	0	0	0	0	0	0	0	0	0	0	5618	0	0	0	0	0	0	0	0	0	0	0	0	0	104	0	1126	412	1362	86	0	0	314	0	0	0	0	0	1584	0	0	0	0	0	504	0	272	0	0	0	0	0	540	0	410	0	0	0	0	0	0	0	0	0	0	0	0	0	0	0	0	0	
120036	Amygdala_R	0	0	0	0	0	898	0	0	0	194	0	0	0	0	0	2500	0	0	0	0	116	1054	0	0	0	0	0	856	0	3120	0	0	0	0	0	0	0	14394	0	13426	0	0	0	0	0	0	0	0	0	0	0	0	0	0	0	6968	0	0	0	0	0	0	0	0	0	0	0	0	0	0	176	526	132	4734	0	0	0	0	0	0	0	0	0	4920	0	0	0	2310	0	406	0	464	0	0	0	266	0	1802	0	636	0	0	0	120	0	0	0	0	0	0	0	0	0	0	0	0	
249116	Calcarine_L	316	0	0	0	0	0	0	0	0	0	0	0	0	0	0	0	126	0	0	0	0	0	0	0	0	0	0	0	150	0	0	0	160	0	2850	102	1290	0	1280	0	0	0	0	5626	16154	4284	12658	2004	9212	1578	20214	100	7186	156	3474	254	2768	0	1592	0	2532	0	252	0	418	0	22126	1318	262	0	0	0	0	0	0	0	0	0	258	0	122	0	0	0	1282	0	0	0	1060	0	140	0	0	0	0	0	82	96	606	140	0	0	0	0	0	0	0	0	0	0	162	168	0	0	0	0	
244860	Calcarine_R	0	212	0	0	0	0	0	0	0	0	0	0	0	0	0	0	0	0	0	0	0	0	0	0	0	0	0	0	0	0	0	0	0	850	788	4498	0	404	0	2014	0	0	5626	0	3384	16140	804	14276	156	13546	0	7974	0	9978	0	8600	0	310	0	492	0	380	0	0	0	528	3038	23448	0	204	0	0	0	0	0	0	0	0	0	0	0	0	0	0	0	1510	0	0	0	1892	0	200	0	0	0	0	0	264	0	580	0	0	0	0	0	0	0	0	0	0	334	0	0	0	0	0	
221276	Cuneus_L	660	0	0	0	0	0	0	0	0	0	0	0	0	0	0	0	0	0	0	108	0	0	0	0	0	0	0	0	0	0	0	0	1004	282	4176	1092	0	0	0	0	0	0	16154	3384	0	6280	676	0	21884	2052	9416	214	984	160	580	0	3602	0	4884	0	2272	0	0	88	646	0	23888	3640	1110	96	0	0	0	0	0	0	0	0	0	0	0	0	0	0	382	416	0	0	258	250	0	0	0	0	0	0	0	0	0	0	0	0	0	0	0	0	0	0	0	0	0	0	0	0	0	0	
208996	Cuneus_R	0	0	0	0	0	0	0	0	0	0	0	0	0	0	0	0	0	0	0	0	0	0	0	0	0	0	0	0	0	0	0	0	172	1166	332	1274	0	0	0	0	0	0	4284	16140	6280	0	0	892	570	27570	100	8732	0	1166	0	926	0	0	0	2970	0	124	0	0	0	360	6940	23202	0	576	0	0	0	0	0	0	0	0	0	0	0	0	0	0	0	302	0	0	0	420	0	0	0	0	0	0	0	0	0	0	0	0	0	0	0	0	0	0	0	0	0	0	0	0	0	0	
320992	Lingual_L	0	0	0	0	0	0	0	0	0	0	0	0	0	0	0	0	0	0	0	0	0	0	0	0	0	0	0	0	310	0	0	0	0	0	2602	338	3552	160	6018	90	0	0	12658	804	676	0	0	3954	628	82	13640	0	9948	86	19352	1074	158	0	0	0	278	0	188	0	0	0	6176	0	0	0	0	0	0	0	0	0	234	0	374	0	0	0	0	0	424	0	0	0	1550	0	11858	3988	1578	820	102	0	13678	2754	20670	4708	0	0	196	0	0	194	0	0	316	182	5672	6104	1546	208	336	232	
260420	Lingual_R	0	0	0	0	0	0	0	0	0	0	0	0	0	0	0	0	0	0	0	0	0	0	0	0	0	0	0	0	0	0	0	0	0	156	390	3002	270	5748	100	9398	0	0	2004	14276	0	892	3954	0	0	2528	142	4638	312	6836	424	18714	0	180	0	158	0	196	0	0	0	208	156	12668	0	0	0	0	0	248	0	0	206	698	0	0	0	0	0	0	0	382	0	0	0	964	956	5906	180	132	0	854	2120	8438	3102	9558	0	0	0	0	0	0	0	0	0	132	4092	4460	432	0	0	0	
183724	Occipital_Sup_L	206	0	0	0	0	0	0	0	0	0	0	0	0	0	0	0	0	0	0	0	0	0	0	0	0	0	0	0	0	0	0	0	1060	206	2382	708	0	0	0	0	0	0	9212	156	21884	570	628	0	0	0	22564	0	376	0	316	0	1502	0	8650	0	3334	0	98	0	2068	0	13444	1170	500	0	0	0	0	0	0	0	0	0	0	0	0	0	0	0	156	294	0	0	100	184	0	0	0	0	0	0	0	0	94	0	0	0	0	0	0	0	0	0	0	0	0	0	0	0	0	0	
210108	Occipital_Sup_R	0	0	0	0	0	0	0	0	0	0	0	0	0	0	0	0	0	0	0	0	0	0	0	0	0	0	0	0	0	0	0	0	144	792	0	390	0	0	0	0	0	0	1578	13546	2052	27570	82	2528	0	0	0	16506	0	2216	0	2172	0	186	0	7260	0	558	0	0	0	4368	4076	18010	0	694	0	0	0	0	0	0	0	0	0	0	0	0	0	0	0	230	0	0	0	96	0	0	0	0	0	0	0	0	0	0	0	0	0	0	0	0	0	0	0	0	0	0	0	0	0	0	
359320	Occipital_Mid_L	882	0	0	0	0	0	0	0	0	0	0	0	0	0	0	0	292	0	0	0	0	0	0	0	0	0	0	0	122	0	0	0	324	0	1518	0	424	0	548	0	0	0	20214	0	9416	100	13640	142	22564	0	0	0	17958	0	6202	0	4068	0	8540	0	12938	0	1468	0	22586	0	10826	154	792	0	0	0	0	0	0	0	0	0	288	0	216	0	0	0	16914	0	0	0	4592	0	274	0	0	0	0	0	204	126	806	140	0	0	0	0	0	0	0	0	0	0	184	198	0	0	0	0	
178484	Occipital_Mid_R	0	300	0	0	0	0	0	0	0	0	0	0	0	0	0	0	0	0	0	98	0	0	0	0	0	0	0	0	0	0	0	0	0	174	772	2906	0	152	0	430	0	0	100	7974	214	8732	0	4638	0	16506	0	0	0	6706	0	3738	0	560	0	2558	0	864	0	542	0	12064	342	7642	0	184	0	0	0	0	0	0	0	0	0	0	0	510	0	0	0	9070	0	0	0	1466	0	0	0	0	0	0	0	0	0	0	0	0	0	0	0	0	0	0	0	0	0	0	0	0	0	0	
186324	Occipital_Inf_L	586	0	0	0	0	0	0	0	0	0	0	0	0	0	0	0	418	0	0	0	0	0	0	0	0	0	0	0	798	0	0	0	0	0	1512	0	266	0	398	0	0	0	7186	0	984	0	9948	312	376	0	17958	0	0	0	15972	0	1996	0	0	0	1318	0	692	0	314	0	5338	0	86	0	0	0	0	0	0	0	0	0	1282	0	660	0	0	0	6916	0	0	0	9132	0	1174	382	212	130	0	0	1018	274	3354	646	0	0	0	0	0	0	0	0	0	0	542	846	136	0	0	0	
123604	Occipital_Inf_R	0	86	0	0	0	0	0	0	0	0	0	0	0	0	0	0	0	0	0	0	0	0	0	0	0	0	0	0	0	0	0	0	0	0	2418	4726	0	192	0	486	0	0	156	9978	160	1166	86	6836	0	2216	0	6706	0	0	0	12422	0	0	0	0	0	0	0	0	0	94	372	7794	0	0	0	0	0	0	0	0	0	0	0	0	0	0	0	0	0	2144	0	0	0	3176	0	0	0	0	0	0	0	170	0	206	0	0	0	0	0	0	0	0	0	0	106	106	0	0	0	0	
499012	Fusiform_L	588	0	168	0	0	0	0	0	0	0	0	0	0	0	0	0	556	0	0	0	0	0	0	0	0	0	0	0	4968	0	0	0	0	0	2598	470	18274	140	17896	0	5618	0	3474	0	580	0	19352	424	316	0	6202	0	15972	0	0	86	2096	0	84	0	1542	0	970	0	784	0	4420	104	220	0	180	128	540	132	0	0	128	0	2928	0	6206	0	3278	0	7354	0	2466	0	24238	0	26864	1384	3136	840	542	0	17038	336	36622	1234	308	0	984	0	556	0	274	0	0	0	926	1772	1210	0	0	0	
558064	Fusiform_R	96	832	162	706	0	0	0	98	0	0	252	442	0	96	0	250	98	930	282	748	0	0	0	0	0	0	0	0	312	3684	0	0	0	272	1472	2254	530	37494	192	29962	0	6968	254	8600	0	926	1074	18714	0	2172	0	3738	0	12422	86	0	0	424	0	0	0	82	0	142	0	204	170	5722	0	210	794	456	128	5830	0	862	356	1962	0	660	0	3644	0	9314	0	4370	0	4108	0	22998	182	24380	0	1986	0	1284	1276	12794	480	25786	0	1550	0	5658	0	1902	136	0	0	150	1810	950	154	0	0	0	
247736	Postcentral_L	21646	482	3570	0	0	0	1000	0	0	0	4376	0	830	0	0	0	8266	0	2990	566	0	0	0	0	0	0	0	0	3786	0	0	0	192	510	2456	88	1100	0	260	0	0	0	2768	0	3602	0	158	0	1502	0	4068	0	1996	0	2096	0	0	102	5084	0	16084	0	6786	0	4580	0	7444	0	3474	540	2494	0	1040	0	246	0	444	0	1552	0	3534	0	0	0	1376	0	0	0	780	0	0	0	0	0	0	0	0	0	0	0	0	0	0	0	0	0	0	0	0	0	0	0	0	0	0	0	
222752	Postcentral_R	1656	22484	172	2972	0	0	270	1470	0	0	0	1086	0	84	0	0	0	5082	376	5700	0	0	0	0	0	0	0	0	0	1110	0	0	0	2538	1222	3244	0	360	0	116	0	0	0	310	0	0	0	180	0	186	0	560	0	0	0	424	102	0	0	4550	0	11920	0	17736	0	4266	130	5338	1262	8128	198	278	0	422	0	94	0	0	0	350	0	1170	0	0	0	2060	0	0	0	1770	0	0	0	0	0	0	0	0	0	0	0	0	0	0	0	0	0	0	0	0	0	0	0	0	0	0	
107956	Parietal_Sup_L	0	0	0	0	0	0	0	0	0	0	0	0	0	0	0	0	0	0	0	0	0	0	0	0	0	0	0	0	0	0	0	0	338	0	0	0	0	0	0	0	0	0	1592	0	4884	0	0	0	8650	0	8540	0	0	0	84	0	5084	0	0	0	9652	0	0	0	3428	0	11356	0	370	0	0	0	0	0	0	0	0	0	0	0	0	0	0	0	0	0	0	0	0	0	0	0	0	0	0	0	0	0	0	0	0	0	0	0	0	0	0	0	0	0	0	0	0	0	0	0	
92792	Parietal_Sup_R	0	248	0	0	0	0	0	0	0	0	0	0	0	0	0	0	0	0	0	0	0	0	0	0	0	0	0	0	0	0	0	0	0	464	0	432	0	0	0	0	0	0	0	492	0	2970	0	158	0	7260	0	2558	0	0	0	0	0	4550	0	0	0	6050	0	102	0	6896	2398	10172	0	1206	0	0	0	0	0	0	0	0	0	0	0	0	0	0	0	202	0	0	0	238	0	0	0	0	0	0	0	0	0	0	0	0	0	0	0	0	0	0	0	0	0	0	0	0	0	0	
211544	Parietal_Inf_L	1404	0	334	0	0	0	0	0	0	0	0	0	0	0	0	0	658	0	98	0	0	0	0	0	0	0	0	0	1952	0	0	0	0	0	100	0	416	0	0	0	0	0	2532	0	2272	0	278	0	3334	0	12938	0	1318	0	1542	0	16084	0	9652	0	0	0	16040	0	20876	0	5162	0	380	0	90	0	0	0	0	0	112	0	1466	0	466	0	0	0	4272	0	0	0	1996	0	0	0	0	0	0	0	0	0	0	0	0	0	0	0	0	0	0	0	0	0	0	0	0	0	0	0	
110692	Parietal_Inf_R	132	2426	0	0	0	0	0	0	0	0	0	0	0	0	0	0	0	82	0	642	0	0	0	0	0	0	0	0	0	176	0	0	0	358	452	1412	0	0	0	0	0	0	0	380	0	124	0	196	0	558	0	864	0	0	0	82	0	11920	0	6050	0	0	0	10478	0	12402	90	2490	0	1070	0	0	0	0	0	0	0	0	0	0	0	448	0	0	0	1658	0	0	0	856	0	0	0	0	0	0	0	0	0	0	0	0	0	0	0	0	0	0	0	0	0	0	0	0	0	0	
112752	SupraMarginal_L	952	0	244	0	0	0	0	0	0	0	0	0	0	0	0	0	2436	0	92	0	0	0	0	0	0	0	0	0	1910	0	0	0	0	0	0	0	284	0	0	0	0	0	252	0	0	0	188	0	98	0	1468	0	692	0	970	0	6786	0	0	0	16040	0	0	0	7512	0	254	0	0	0	102	0	0	0	0	0	122	0	1370	0	5138	0	0	0	6424	0	0	0	3042	0	0	0	0	0	0	0	0	0	0	0	0	0	0	0	0	0	0	0	0	0	0	0	0	0	0	0	
116544	SupraMarginal_R	176	3768	0	300	0	0	0	320	0	0	0	0	0	0	0	0	0	3994	0	1904	0	0	0	0	0	0	0	0	0	772	0	0	0	548	876	1474	0	88	0	0	0	0	0	0	88	0	0	0	0	0	0	542	0	0	0	142	0	17736	0	102	0	10478	0	0	0	5306	102	192	0	2144	0	0	0	0	0	0	0	0	0	510	0	4006	0	0	0	1666	0	0	0	1038	0	0	0	0	0	0	0	0	0	0	0	0	0	0	0	0	0	0	0	0	0	0	0	0	0	0	
157420	Angular_L	574	0	0	0	0	0	0	0	0	0	0	0	0	0	0	0	330	0	0	0	0	0	0	0	0	0	0	0	554	0	0	0	0	0	114	0	0	0	0	0	0	0	418	0	646	0	0	0	2068	0	22586	0	314	0	784	0	4580	0	3428	0	20876	0	7512	0	0	0	762	0	458	0	0	0	0	0	0	0	0	0	406	0	858	0	0	0	9018	0	0	0	2424	0	0	0	0	0	0	0	0	0	0	0	0	0	0	0	0	0	0	0	0	0	0	0	0	0	0	0	
137348	Angular_R	0	1230	0	0	0	0	0	0	0	0	0	0	0	0	0	0	0	124	0	154	0	0	0	0	0	0	0	0	0	158	0	0	0	100	268	1112	0	0	0	0	0	0	0	528	0	360	0	208	0	4368	0	12064	0	94	0	204	0	4266	0	6896	0	12402	0	5306	0	0	0	3222	0	312	0	0	0	0	0	0	0	0	0	0	0	3798	0	0	0	9494	0	0	0	2006	0	0	0	0	0	0	0	0	0	0	0	0	0	0	0	0	0	0	0	0	0	0	0	0	0	0	
360464	Precuneus_L	1384	108	0	0	0	0	0	0	0	0	0	0	0	0	0	0	138	0	266	512	0	0	374	0	0	0	0	0	180	0	152	0	5768	1894	11646	2810	1742	0	1838	0	0	0	22126	3038	23888	6940	6176	156	13444	4076	10826	342	5338	372	4420	170	7444	130	11356	2398	5162	90	254	102	762	0	0	13314	3356	1558	0	0	0	0	0	0	108	0	238	0	100	0	0	0	1190	536	0	0	1126	396	98	0	0	0	0	0	0	0	188	0	0	0	0	0	0	0	0	0	0	0	202	0	0	0	0	0	
394004	Precuneus_R	102	1630	0	0	0	0	0	0	0	0	0	0	0	0	0	0	0	0	108	498	0	0	0	0	0	0	0	0	0	0	0	0	1320	6738	6532	18194	460	2774	356	4304	0	0	1318	23448	3640	23202	0	12668	1170	18010	154	7642	0	7794	104	5722	0	5338	0	10172	0	2490	0	192	0	3222	13314	0	330	3896	0	0	0	0	0	0	0	114	0	0	0	0	0	0	0	4048	0	0	0	3028	0	506	0	0	0	0	0	832	0	516	0	0	0	0	0	0	0	0	0	0	1116	0	0	0	0	0	
203504	Paracentral_Lobule_L	10798	5920	2378	2646	0	0	0	0	0	0	0	0	0	0	0	0	0	0	21446	17588	0	0	0	0	0	0	0	0	160	0	0	0	3012	7270	1284	678	294	104	184	0	104	0	262	0	1110	0	0	0	500	0	792	0	86	0	220	0	3474	1262	370	0	380	0	0	0	458	0	3356	330	0	5988	1656	266	542	0	602	0	5794	438	0	0	0	0	0	0	0	0	0	0	0	0	0	0	0	0	0	0	0	0	0	0	0	0	0	0	0	0	0	0	0	0	0	0	0	0	0	0	
135496	Paracentral_Lobule_R	4200	6524	0	0	0	0	0	0	0	0	0	0	0	0	0	0	0	0	2308	13314	0	0	0	0	0	0	0	0	0	0	0	0	458	9186	556	2726	124	0	0	0	0	0	0	204	96	576	0	0	0	694	0	184	0	0	0	210	540	8128	0	1206	0	1070	0	2144	0	312	1558	3896	5988	0	0	0	0	0	0	0	248	0	0	0	0	156	0	0	0	508	0	0	0	634	0	0	0	0	0	0	0	0	0	0	0	0	0	0	0	0	0	0	0	0	0	0	0	0	0	0	
449492	Caudate_L	6332	2418	9032	2654	3838	548	2526	4774	2258	82	6996	10160	4622	9916	2276	198	7714	2054	10176	1800	7186	6834	1288	1248	1004	518	4916	470	15360	11040	6550	3840	94	1328	0	0	1378	1188	1078	632	1126	176	0	0	0	0	0	0	0	0	0	0	0	0	180	794	2494	198	0	0	90	0	102	0	0	0	0	0	1656	0	0	25684	15120	7190	1714	516	6424	616	368	0	816	268	1372	120	0	0	0	0	0	0	0	358	0	0	0	0	0	0	0	358	0	0	0	340	0	340	0	0	0	0	0	0	0	0	0	0	
614388	Caudate_R	640	8046	1948	27744	532	9282	1106	3948	298	718	3448	18202	5538	15758	504	2292	2986	5116	5498	14692	2806	7694	808	8406	128	5336	1362	3844	9844	31338	3790	15822	0	3714	0	0	682	1310	190	584	412	526	0	0	0	0	0	0	0	0	0	0	0	0	128	456	0	278	0	0	0	0	0	0	0	0	0	0	266	0	25684	0	6278	29228	0	1748	426	13488	0	0	446	456	888	268	0	0	0	0	0	0	0	130	0	0	0	0	0	0	0	134	0	0	0	0	0	0	0	0	0	0	0	0	0	0	0	0	
269756	Putamen_L	5762	118	10802	166	7260	262	1408	606	3710	0	1174	1524	2000	2504	6562	0	2084	90	6788	156	1962	2914	2402	0	412	260	478	126	17046	2334	3996	736	0	110	0	0	7292	204	2936	98	1362	132	0	0	0	0	0	0	0	0	0	0	0	0	540	128	1040	0	0	0	0	0	0	0	0	0	0	0	542	0	15120	6278	0	1922	5732	110	3402	90	132	0	498	0	1156	0	0	0	0	0	110	0	92	0	0	0	0	0	112	0	98	0	0	0	0	0	0	0	0	0	0	0	0	0	0	0	0	0	
457120	Putamen_R	360	1816	1204	13484	0	8354	600	2928	0	1014	1132	8274	380	5022	0	8704	1236	6772	1898	6012	610	2394	324	4524	0	3544	260	1742	2758	33074	1084	8902	0	2158	0	0	474	16090	174	7256	86	4734	0	0	0	0	0	248	0	0	0	0	0	0	132	5830	0	422	0	0	0	0	0	0	0	0	0	0	0	0	7190	29228	1922	0	0	3250	882	8400	0	206	214	1696	320	1624	0	384	0	0	0	1334	0	1452	0	258	0	0	0	566	0	1522	0	130	0	1098	0	874	0	0	0	0	0	0	0	0	0	0	
41036	Pallidum_L	2626	0	4044	0	0	0	530	0	0	0	0	0	0	0	0	0	150	0	2220	0	0	0	0	0	0	0	0	0	114	0	0	0	0	0	0	0	856	0	162	0	0	0	0	0	0	0	0	0	0	0	0	0	0	0	0	0	246	0	0	0	0	0	0	0	0	0	0	0	602	0	1714	0	5732	0	0	0	1522	0	0	0	0	0	0	0	0	0	0	0	0	0	0	0	0	0	0	0	0	0	0	0	0	0	0	0	0	0	0	0	0	0	0	0	0	0	0	0	
27228	Pallidum_R	0	176	206	520	0	0	146	82	0	0	0	118	0	84	0	0	0	868	192	250	0	0	0	0	0	0	0	0	104	1032	0	0	0	0	0	0	0	1768	0	1238	0	0	0	0	0	0	0	0	0	0	0	0	0	0	0	862	0	94	0	0	0	0	0	0	0	0	0	0	0	0	516	1748	110	3250	0	0	0	250	0	0	0	0	0	0	0	0	0	0	0	0	0	0	0	0	0	0	0	0	0	0	0	0	0	0	0	0	0	0	0	0	0	0	0	0	0	0	
115116	Thalamus_L	8634	948	5986	912	0	0	120	120	0	0	0	0	0	0	0	0	624	350	5704	960	0	0	0	0	0	0	0	0	1196	746	0	0	0	202	258	814	2214	2378	424	540	314	0	0	0	0	0	234	206	0	0	0	0	0	0	128	356	444	0	0	0	112	0	122	0	0	0	108	0	5794	248	6424	426	3402	882	1522	0	0	3082	102	0	102	124	0	0	0	0	0	0	0	296	0	0	0	0	0	0	0	0	0	0	0	0	0	0	0	0	0	0	0	0	0	0	0	0	0	0	
180064	Thalamus_R	414	17148	340	20928	0	0	136	602	0	0	0	308	0	344	0	0	168	922	696	2794	0	0	0	0	0	0	0	0	254	3142	116	132	0	220	0	216	214	6774	0	2698	0	0	0	0	0	0	0	698	0	0	0	0	0	0	0	1962	0	0	0	0	0	0	0	0	0	0	0	114	438	0	616	13488	90	8400	0	250	3082	0	0	0	0	686	0	0	0	318	0	0	0	344	0	220	0	0	0	0	0	252	0	224	0	0	0	182	0	102	0	0	0	0	0	0	0	0	0	0	
82704	Heschl_L	866	0	222	0	0	0	0	0	0	0	430	0	0	0	0	0	4978	0	224	0	0	0	0	0	0	0	0	0	7722	0	0	0	0	0	0	0	1842	0	260	0	0	0	258	0	0	0	374	0	0	0	288	0	1282	0	2928	0	1552	0	0	0	1466	0	1370	0	406	0	238	0	0	0	368	0	132	0	0	0	102	0	0	0	3806	0	0	0	6110	0	0	0	3880	0	156	0	0	0	0	0	0	0	92	0	0	0	0	0	0	0	0	0	0	0	0	0	0	0	0	0	
52372	Heschl_R	0	0	0	764	0	0	0	108	0	0	0	288	0	0	0	0	0	4308	0	710	0	0	0	0	0	0	0	0	0	5804	0	0	0	0	0	0	0	966	0	110	0	0	0	0	0	0	0	0	0	0	0	0	0	0	0	660	0	350	0	0	0	0	0	510	0	0	0	0	0	0	0	0	0	206	0	0	0	0	0	0	0	8962	0	924	0	1208	0	0	0	308	0	0	0	0	0	0	0	0	0	0	0	0	0	0	0	0	0	0	0	0	0	0	0	0	0	0	
181652	Temporal_Sup_L	1220	118	2074	94	0	0	0	160	0	0	3048	136	134	0	0	0	9904	0	2058	0	0	0	0	0	0	0	0	0	6470	328	0	0	0	0	0	0	3160	0	1112	0	0	0	122	0	0	0	0	0	0	0	216	0	660	0	6206	0	3534	0	0	0	466	0	5138	0	858	0	100	0	0	0	816	446	498	214	0	0	102	0	3806	0	0	0	7392	0	19080	0	110	0	10600	0	264	0	0	0	0	0	0	0	182	0	0	0	0	0	0	0	0	0	0	0	0	0	0	0	0	0	
186516	Temporal_Sup_R	112	762	0	488	0	0	0	166	0	0	0	554	0	0	0	950	0	4706	0	502	0	0	0	0	0	0	0	0	100	13734	0	0	0	0	274	320	0	3752	0	500	0	0	0	0	0	0	0	0	0	0	0	510	0	0	0	3644	0	1170	0	0	0	448	0	4006	0	3798	0	0	0	156	268	456	0	1696	0	0	124	686	0	8962	0	0	0	10540	0	18744	0	4036	0	5930	0	412	0	0	0	0	0	0	0	418	0	118	0	216	0	0	0	0	0	0	0	0	0	0	0	0	
120928	Temporal_Pole_Sup_L	0	148	830	210	338	0	0	332	132	0	3682	366	820	178	1146	0	3176	180	734	0	418	0	0	242	0	0	0	0	7154	636	102	248	0	246	0	0	2004	102	1050	0	1584	0	0	0	0	0	0	0	0	0	0	0	0	0	3278	0	0	0	0	0	0	0	0	0	0	0	0	0	0	0	1372	888	1156	320	0	0	0	0	0	0	7392	0	0	0	8818	0	5030	0	6152	0	0	0	0	0	0	0	0	0	0	0	0	0	0	0	0	0	0	0	0	0	0	0	0	0	0	0	
150904	Temporal_Pole_Sup_R	0	0	0	82	0	138	0	0	0	0	0	316	0	0	0	3564	0	1740	0	0	0	722	0	0	0	0	0	0	0	7508	0	0	0	0	0	0	0	4110	0	5568	0	4920	0	0	0	0	0	0	0	0	0	0	0	0	0	9314	0	0	0	0	0	0	0	0	0	0	0	0	0	0	120	268	0	1624	0	0	0	0	0	924	0	10540	0	0	0	7896	0	11854	0	3238	0	158	0	0	0	0	0	480	0	368	0	0	0	0	0	0	0	0	0	0	0	0	0	0	0	0	
284972	Temporal_Mid_L	830	0	92	0	0	0	0	0	0	0	192	0	0	0	0	0	2236	0	0	0	0	0	0	0	0	0	0	0	2110	0	0	0	0	0	762	0	688	0	452	0	0	0	1282	0	382	0	424	0	156	0	16914	0	6916	0	7354	0	1376	0	0	0	4272	0	6424	0	9018	0	1190	0	0	0	0	0	0	0	0	0	0	0	6110	0	19080	0	8818	0	0	0	4262	0	40448	0	534	0	0	0	0	0	0	0	164	0	0	0	0	0	0	0	0	0	0	0	0	0	0	0	0	0	
234056	Temporal_Mid_R	0	1798	0	0	0	0	0	0	0	0	0	0	0	0	0	208	0	140	0	386	0	0	0	0	0	0	0	0	0	3806	0	0	0	228	3132	6766	0	3112	0	290	0	0	0	1510	416	302	0	382	294	230	0	9070	0	2144	0	4370	0	2060	0	202	0	1658	0	1666	0	9494	536	4048	0	508	0	0	0	384	0	0	0	318	0	1208	0	18744	0	7896	0	0	0	6304	0	21880	0	584	0	0	0	0	0	0	0	582	0	152	0	220	0	0	0	0	0	0	0	0	0	0	0	0	
37300	Temporal_Pole_Mid_L	0	0	0	0	0	0	0	0	0	0	0	0	0	0	0	0	0	0	0	0	0	0	0	0	0	0	0	0	0	0	0	0	0	0	0	0	0	0	216	0	0	0	0	0	0	0	0	0	0	0	0	0	0	0	2466	0	0	0	0	0	0	0	0	0	0	0	0	0	0	0	0	0	0	0	0	0	0	0	0	0	110	0	5030	0	4262	0	0	0	6566	0	0	0	0	0	0	0	0	0	0	0	0	0	0	0	0	0	0	0	0	0	0	0	0	0	0	0	
73720	Temporal_Pole_Mid_R	0	0	0	0	0	0	0	0	0	0	0	0	0	0	0	190	0	0	0	0	0	0	0	0	0	0	0	0	0	1114	0	0	0	0	0	0	0	366	0	3356	0	2310	0	0	0	0	0	0	0	0	0	0	0	0	0	4108	0	0	0	0	0	0	0	0	0	0	0	0	0	0	0	0	0	0	0	0	0	0	0	0	0	4036	0	11854	0	6304	0	0	0	3222	0	0	0	0	0	0	0	0	0	0	0	0	0	0	0	0	0	0	0	0	0	0	0	0	0	0	
278548	Temporal_Inf_L	524	0	0	0	0	0	0	0	0	0	0	0	0	0	0	0	1298	0	0	0	0	0	0	0	0	0	0	0	2774	0	0	0	0	0	736	0	4758	0	2996	0	504	0	1060	0	258	0	1550	0	100	0	4592	0	9132	0	24238	0	780	0	0	0	1996	0	3042	0	2424	0	1126	0	0	0	0	0	110	0	0	0	0	0	3880	0	10600	0	6152	0	40448	0	6566	0	0	0	3732	0	440	0	0	0	434	0	1926	0	298	0	530	0	140	0	130	0	0	0	0	0	0	0	0	0	
232600	Temporal_Inf_R	156	1672	0	0	0	0	0	0	0	0	0	0	0	0	0	124	0	140	0	574	0	0	0	0	0	0	0	0	0	2590	0	0	0	124	3484	4690	178	10848	82	2004	0	406	0	1892	250	420	0	964	184	96	0	1466	0	3176	0	22998	0	1770	0	238	0	856	0	1038	0	2006	396	3028	0	634	0	0	0	1334	0	0	296	344	0	308	0	5930	0	3238	0	21880	0	3222	0	0	0	5186	0	638	0	0	0	388	0	2084	0	612	0	1828	0	528	0	0	0	0	0	0	0	0	0	0	
578532	Cerebelum_Crus1_L	0	0	0	0	0	0	0	0	0	0	0	0	0	0	0	0	0	0	0	0	0	0	0	0	0	0	0	0	142	0	0	0	0	0	94	0	2206	0	3482	0	272	0	140	0	0	0	11858	956	0	0	274	0	1174	0	26864	182	0	0	0	0	0	0	0	0	0	0	98	0	0	0	0	0	92	0	0	0	0	0	156	0	264	0	0	0	534	0	0	0	3732	0	0	10812	43086	10352	3348	162	23464	352	59650	5886	16490	310	23452	252	5028	220	3426	0	1192	1548	1982	9802	14786	530	464	152	
629272	Cerebelum_Crus1_R	0	0	0	294	0	0	0	0	0	0	136	98	0	0	0	0	0	230	122	274	0	0	0	0	0	0	0	0	146	608	0	0	0	138	0	0	0	5164	0	4370	0	464	0	200	0	0	3988	5906	0	0	0	0	382	0	1384	24380	0	0	0	0	0	0	0	0	0	0	0	506	0	0	358	130	0	1452	0	0	0	220	0	0	0	412	0	158	0	584	0	0	0	5186	10812	0	6234	34006	842	4248	8274	25006	9098	66128	2702	7210	3934	25930	1032	4658	358	0	2298	4334	11440	13054	13704	1172	688	184	
470112	Cerebelum_Crus2_L	0	0	0	0	0	0	0	0	0	0	0	0	0	0	0	0	0	0	0	0	0	0	0	0	0	0	0	0	0	0	0	0	0	0	0	0	0	0	214	0	0	0	0	0	0	0	1578	180	0	0	0	0	212	0	3136	0	0	0	0	0	0	0	0	0	0	0	0	0	0	0	0	0	0	0	0	0	0	0	0	0	0	0	0	0	0	0	0	0	440	0	43086	6234	0	14442	468	0	4306	0	12356	2954	46776	3442	44962	916	13698	172	7986	0	744	582	716	5044	16962	2922	418	110	
426824	Cerebelum_Crus2_R	0	0	0	0	0	0	0	0	0	0	0	0	0	0	0	0	0	0	0	0	0	0	0	0	0	0	0	0	0	122	0	0	0	0	0	0	0	738	0	334	0	0	0	0	0	0	820	132	0	0	0	0	130	0	840	1986	0	0	0	0	0	0	0	0	0	0	0	0	0	0	0	0	0	258	0	0	0	0	0	0	0	0	0	0	0	0	0	0	0	638	10352	34006	14442	0	474	1344	1508	2480	4154	8742	9600	25598	8430	36436	2446	4828	278	0	1226	1840	1962	4988	23426	6930	1606	318	
63868	Cerebelum_3_L	0	0	0	0	0	0	0	0	0	0	0	0	0	0	0	0	0	0	0	0	0	0	0	0	0	0	0	0	0	0	0	0	0	0	0	0	150	0	600	0	0	0	0	0	0	0	102	0	0	0	0	0	0	0	542	0	0	0	0	0	0	0	0	0	0	0	0	0	0	0	0	0	0	0	0	0	0	0	0	0	0	0	0	0	0	0	0	0	0	0	3348	842	468	474	0	98	8288	0	4194	592	208	94	1920	150	2568	202	138	0	1142	3124	1018	626	744	200	102	0	
83752	Cerebelum_3_R	0	0	0	0	0	0	0	0	0	0	0	0	0	0	0	0	0	0	0	0	0	0	0	0	0	0	0	0	0	0	0	0	0	0	0	0	0	550	0	1084	0	266	0	0	0	0	0	854	0	0	0	0	0	0	0	1284	0	0	0	0	0	0	0	0	0	0	0	0	0	0	0	0	0	0	0	0	0	0	0	0	0	0	0	0	0	0	0	0	0	0	162	4248	0	1344	98	0	1126	8764	264	8096	0	330	0	1640	0	1158	0	0	2414	5248	1632	306	284	314	324	86	
386820	Cerebelum_4_5_L	0	0	0	0	0	0	0	0	0	0	0	0	0	0	0	0	0	0	0	0	0	0	0	0	0	0	0	0	110	0	0	0	0	0	0	0	2848	0	5556	0	540	0	82	0	0	0	13678	2120	0	0	204	0	1018	0	17038	1276	0	0	0	0	0	0	0	0	0	0	0	0	0	0	0	0	112	0	0	0	0	0	0	0	0	0	0	0	0	0	0	0	434	0	23464	8274	4306	1508	8288	1126	0	6182	37502	9098	780	172	4804	434	5070	888	532	0	2500	4298	15626	8696	1836	576	1258	1176	
303396	Cerebelum_4_5_R	0	0	0	0	0	0	0	0	0	0	0	0	0	0	0	0	0	0	0	0	0	0	0	0	0	0	0	0	0	198	0	0	0	0	0	194	96	5250	0	8472	0	1802	96	264	0	0	2754	8438	0	0	126	0	274	170	336	12794	0	0	0	0	0	0	0	0	0	0	0	832	0	0	0	0	0	566	0	0	0	252	0	0	0	0	0	480	0	0	0	0	0	388	352	25006	0	2480	0	8764	6182	0	1760	36066	0	704	180	3728	158	1376	0	0	1580	4658	10750	2532	246	558	632	204	
524564	Cerebelum_6_L	0	0	0	0	0	0	0	0	0	0	0	0	0	0	0	0	0	0	0	0	0	0	0	0	0	0	0	0	168	0	0	0	0	0	148	0	2766	0	5328	0	410	0	606	0	0	0	20670	3102	94	0	806	0	3354	0	36622	480	0	0	0	0	0	0	0	0	0	0	188	0	0	0	0	0	98	0	0	0	0	0	92	0	182	0	0	0	164	0	0	0	1926	0	59650	9098	12356	4154	4194	264	37502	1760	0	9010	3030	418	7438	446	3720	436	1108	0	846	1416	5446	14126	6766	644	910	340	
555384	Cerebelum_6_R	0	0	0	296	0	0	0	0	0	0	136	102	0	0	0	0	0	230	122	276	0	0	0	0	0	0	0	0	152	640	0	0	0	138	0	86	0	5882	0	5502	0	636	140	580	0	0	4708	9558	0	0	140	0	646	206	1234	25786	0	0	0	0	0	0	0	0	0	0	0	516	0	0	358	134	0	1522	0	0	0	224	0	0	0	418	0	368	0	582	0	0	0	2084	5886	66128	2954	8742	592	8096	9098	36066	9010	0	1100	2630	1174	12150	660	4144	210	218	2876	5196	13932	14400	6052	1538	1150	288	
338892	Cerebelum_7b_L	0	0	0	0	0	0	0	0	0	0	0	0	0	0	0	0	0	0	0	0	0	0	0	0	0	0	0	0	0	0	0	0	0	0	0	0	0	0	0	0	0	0	0	0	0	0	0	0	0	0	0	0	0	0	308	0	0	0	0	0	0	0	0	0	0	0	0	0	0	0	0	0	0	0	0	0	0	0	0	0	0	0	0	0	0	0	0	0	298	0	16490	2702	46776	9600	208	0	780	0	3030	1100	0	4156	45808	1090	13360	238	6102	0	460	266	270	2082	9992	3948	382	0	
204212	Cerebelum_7b_R	0	0	0	0	0	0	0	0	0	0	0	0	0	0	0	0	0	0	0	0	0	0	0	0	0	0	0	0	0	98	0	0	0	0	0	0	0	758	0	188	0	0	0	0	0	0	0	0	0	0	0	0	0	0	0	1550	0	0	0	0	0	0	0	0	0	0	0	0	0	0	0	0	0	130	0	0	0	0	0	0	0	118	0	0	0	152	0	0	0	612	310	7210	3442	25598	94	330	172	704	418	2630	4156	0	4846	28890	1938	2550	0	102	212	322	336	802	5896	6524	874	144	
458304	Cerebelum_8_L	0	0	0	0	0	0	0	0	0	0	0	0	0	0	0	0	0	0	0	0	0	0	0	0	0	0	0	0	0	0	0	0	0	0	0	0	90	0	170	0	0	0	0	0	0	0	196	0	0	0	0	0	0	0	984	0	0	0	0	0	0	0	0	0	0	0	0	0	0	0	0	0	0	0	0	0	0	0	0	0	0	0	0	0	0	0	0	0	530	0	23452	3934	44962	8430	1920	0	4804	180	7438	1174	45808	4846	0	3992	35338	2260	11286	96	766	1060	842	3000	9632	8216	3616	130	
358928	Cerebelum_8_R	0	0	0	252	0	0	0	0	0	0	128	0	0	0	0	0	0	146	120	244	0	0	0	0	0	0	0	0	132	414	0	0	0	128	0	0	0	2616	0	918	0	120	0	0	0	0	0	0	0	0	0	0	0	0	0	5658	0	0	0	0	0	0	0	0	0	0	0	0	0	0	340	0	0	1098	0	0	0	182	0	0	0	216	0	0	0	220	0	0	0	1828	252	25930	916	36436	150	1640	434	3728	446	12150	1090	28890	3992	0	2850	22834	390	1154	1102	1532	1434	970	5168	7604	3400	212	
246572	Cerebelum_9_L	0	0	0	0	0	0	0	0	0	0	0	0	0	0	0	0	0	0	0	0	0	0	0	0	0	0	0	0	0	0	0	0	0	0	0	0	0	0	148	0	0	0	0	0	0	0	0	0	0	0	0	0	0	0	556	0	0	0	0	0	0	0	0	0	0	0	0	0	0	0	0	0	0	0	0	0	0	0	0	0	0	0	0	0	0	0	0	0	140	0	5028	1032	13698	2446	2568	0	5070	158	3720	660	13360	1938	35338	2850	0	2556	13562	106	424	840	1760	1986	3268	5344	3896	834	
163776	Cerebelum_9_R	0	0	0	244	0	0	0	0	0	0	128	0	0	0	0	0	0	132	116	236	0	0	0	0	0	0	0	0	132	236	0	0	0	120	0	0	0	1276	0	366	0	0	0	0	0	0	194	0	0	0	0	0	0	0	0	1902	0	0	0	0	0	0	0	0	0	0	0	0	0	0	340	0	0	874	0	0	0	102	0	0	0	0	0	0	0	0	0	0	0	528	220	4658	172	4828	202	1158	888	1376	436	4144	238	2550	2260	22834	2556	0	502	2310	748	1234	1110	1818	2422	6966	7606	1726	
95000	Cerebelum_10_L	0	0	0	0	0	0	0	0	0	0	0	0	0	0	0	0	0	0	0	0	0	0	0	0	0	0	0	0	0	0	0	0	0	0	0	0	0	100	0	0	0	0	0	0	0	0	0	0	0	0	0	0	0	0	274	136	0	0	0	0	0	0	0	0	0	0	0	0	0	0	0	0	0	0	0	0	0	0	0	0	0	0	0	0	0	0	0	0	130	0	3426	358	7986	278	138	0	532	0	1108	210	6102	0	11286	390	13562	502	0	0	0	0	0	126	200	294	362	0	
9092	Cerebelum_10_R	0	0	0	0	0	0	0	0	0	0	0	0	0	0	0	0	0	0	0	0	0	0	0	0	0	0	0	0	0	0	0	0	0	0	0	0	0	0	0	0	0	0	0	0	0	0	0	0	0	0	0	0	0	0	0	0	0	0	0	0	0	0	0	0	0	0	0	0	0	0	0	0	0	0	0	0	0	0	0	0	0	0	0	0	0	0	0	0	0	0	0	0	0	0	0	0	0	0	0	218	0	102	96	1154	106	2310	0	0	0	0	0	0	0	278	282	0	
