data	data	624880	185604	978900	785080	93696	122828	458484	232900	74608	15176	222016	187016	232204	152760	162180	140484	261596	122868	778552	1.01996e+06	93368	90500	178592	214528	14352	73116	40868	54876	678716	412080	185256	318404	125080	448380	161136	245028	392972	385796	187236	261552	55304	70772	200128	328280	126732	296248	248788	293720	109164	286360	488880	246548	213764	68404	469204	532012	284008	224344	86372	46736	226628	58696	110384	98208	118764	99556	227760	483480	191472	247116	287372	475468	362976	365176	76768	53136	164164	205772	131712	46576	199500	165028	133016	97428	389760	272888	22512	41932	308364	263556	536568	418384	274296	317444	46344	59488	319620	285744	551288	494568	244784	181708	422112	386448	130712	249928	17536	66288	16544	56484	224240	272552	327284	238828	209892	29804	
data	data	Precentral_L	Precentral_R	Frontal_Sup_L	Frontal_Sup_R	Frontal_Sup_Orb_L	Frontal_Sup_Orb_R	Frontal_Mid_L	Frontal_Mid_R	Frontal_Mid_Orb_L	Frontal_Mid_Orb_R	Frontal_Inf_Oper_L	Frontal_Inf_Oper_R	Frontal_Inf_Tri_L	Frontal_Inf_Tri_R	Frontal_Inf_Orb_L	Frontal_Inf_Orb_R	Rolandic_Oper_L	Rolandic_Oper_R	Supp_Motor_Area_L	Supp_Motor_Area_R	Olfactory_L	Olfactory_R	Frontal_Sup_Medial_L	Frontal_Sup_Medial_R	Frontal_Med_Orb_L	Frontal_Med_Orb_R	Rectus_L	Rectus_R	Insula_L	Insula_R	Cingulum_Ant_L	Cingulum_Ant_R	Cingulum_Mid_L	Cingulum_Mid_R	Cingulum_Post_L	Cingulum_Post_R	Hippocampus_L	Hippocampus_R	ParaHippocampal_L	ParaHippocampal_R	Amygdala_L	Amygdala_R	Calcarine_L	Calcarine_R	Cuneus_L	Cuneus_R	Lingual_L	Lingual_R	Occipital_Sup_L	Occipital_Sup_R	Occipital_Mid_L	Occipital_Mid_R	Occipital_Inf_L	Occipital_Inf_R	Fusiform_L	Fusiform_R	Postcentral_L	Postcentral_R	Parietal_Sup_L	Parietal_Sup_R	Parietal_Inf_L	Parietal_Inf_R	SupraMarginal_L	SupraMarginal_R	Angular_L	Angular_R	Precuneus_L	Precuneus_R	Paracentral_Lobule_L	Paracentral_Lobule_R	Caudate_L	Caudate_R	Putamen_L	Putamen_R	Pallidum_L	Pallidum_R	Thalamus_L	Thalamus_R	Heschl_L	Heschl_R	Temporal_Sup_L	Temporal_Sup_R	Temporal_Pole_Sup_L	Temporal_Pole_Sup_R	Temporal_Mid_L	Temporal_Mid_R	Temporal_Pole_Mid_L	Temporal_Pole_Mid_R	Temporal_Inf_L	Temporal_Inf_R	Cerebelum_Crus1_L	Cerebelum_Crus1_R	Cerebelum_Crus2_L	Cerebelum_Crus2_R	Cerebelum_3_L	Cerebelum_3_R	Cerebelum_4_5_L	Cerebelum_4_5_R	Cerebelum_6_L	Cerebelum_6_R	Cerebelum_7b_L	Cerebelum_7b_R	Cerebelum_8_L	Cerebelum_8_R	Cerebelum_9_L	Cerebelum_9_R	Cerebelum_10_L	Cerebelum_10_R	Vermis_1_2	Vermis_3	Vermis_4_5	Vermis_6	Vermis_7	Vermis_8	Vermis_9	Vermis_10	
624880	Precentral_L	0	3932	32068	5052	0	0	35166	772	0	0	12854	188	1572	0	128	144	11012	0	15888	12212	0	0	0	0	0	0	0	0	19356	180	194	234	4646	4230	5176	1626	5126	0	948	0	0	0	2256	164	1494	0	406	0	452	0	13372	124	3142	0	2248	0	28300	150	1598	0	9750	0	5146	0	628	0	1826	1578	26730	1218	5766	2626	7642	0	1784	0	4782	282	5748	0	2768	0	0	0	4826	0	0	0	2930	0	0	0	0	0	0	0	0	0	0	0	0	0	0	0	0	0	0	0	0	0	0	0	0	0	0	0	
185604	Precentral_R	3932	0	3420	4644	0	0	726	9152	0	0	0	3194	0	0	180	0	630	1790	3184	8070	0	0	0	0	0	0	0	0	338	1750	0	0	0	1758	0	318	0	368	0	148	0	0	0	1382	0	1456	0	636	0	692	0	656	0	388	0	884	4386	15578	0	0	128	134	140	3188	0	0	174	4544	0	6082	2362	1562	680	900	368	0	0	432	0	356	0	954	0	0	0	558	0	0	0	580	0	0	0	0	0	0	0	0	0	0	0	0	0	0	0	0	0	0	0	0	0	0	0	0	0	0	
978900	Frontal_Sup_L	32068	3420	0	16202	3580	0	56536	8430	1856	0	11608	722	20022	170	3580	654	12224	112	108498	26140	0	0	23766	690	208	0	0	0	36860	852	8812	1014	4220	2948	424	160	10314	0	2558	0	178	0	510	0	0	0	0	0	0	0	1342	0	330	0	3184	0	6098	0	122	0	1098	0	332	0	0	0	218	164	3182	246	11558	3544	28134	420	8338	0	15894	404	1228	0	910	0	1434	0	586	0	0	0	1348	0	0	0	0	0	0	0	0	0	0	0	0	0	0	0	0	0	0	0	0	0	0	0	0	0	0	0	
785080	Frontal_Sup_R	5052	4644	16202	0	0	5232	2714	30002	0	186	0	13200	200	11712	424	4658	0	5126	21528	83258	0	0	8160	28964	0	1872	0	0	1928	13202	1420	22894	178	16628	640	1044	1946	4274	598	2266	0	0	0	260	0	0	0	554	0	0	0	0	0	410	268	2188	334	558	0	0	0	0	0	316	0	0	0	144	1046	238	4678	26892	2128	21870	756	3688	3584	10910	0	146	0	542	0	0	0	302	0	0	0	576	0	0	0	0	0	0	0	0	0	0	0	0	0	0	0	0	0	0	0	0	0	0	0	0	0	0	
93696	Frontal_Sup_Orb_L	0	0	3580	0	0	0	1256	0	8874	0	0	0	1544	0	9068	0	0	0	0	0	2302	0	2178	0	1604	0	5548	0	3116	0	2192	0	0	0	0	0	0	0	216	0	0	0	0	0	0	0	0	0	0	0	0	0	0	0	0	0	0	0	0	0	0	0	0	0	0	0	0	0	0	0	646	0	4240	0	0	0	0	0	0	0	0	0	484	0	0	0	0	0	0	0	0	0	0	0	0	0	0	0	0	0	0	0	0	0	0	0	0	0	0	0	0	0	0	0	0	0	
122828	Frontal_Sup_Orb_R	0	0	0	5232	0	0	0	2400	0	2858	0	510	0	128	0	5724	0	182	164	1058	1056	2940	0	3482	0	7972	0	6894	0	1514	480	3870	0	332	0	0	0	0	0	0	0	0	0	0	0	0	0	0	0	0	0	0	0	0	0	0	0	0	0	0	0	0	0	0	0	0	0	0	0	0	992	8602	346	4678	0	0	0	0	0	0	0	0	0	0	0	0	0	0	0	0	0	0	0	0	0	0	0	0	0	0	0	0	0	0	0	0	0	0	0	0	0	0	0	0	0	0	
458484	Frontal_Mid_L	35166	726	56536	2714	1256	0	0	738	3276	0	9642	836	22042	0	3194	342	5108	0	5114	4252	0	0	9004	0	0	0	0	0	16912	892	3606	944	666	212	0	0	5970	0	1074	0	0	0	508	0	0	0	0	0	0	0	1748	0	540	0	1962	0	2252	0	118	0	1202	0	236	0	0	0	218	220	832	426	4624	3362	11636	322	2070	0	2382	124	2090	0	306	0	134	0	574	0	0	0	1134	0	0	0	0	0	0	0	0	0	0	0	0	0	0	0	0	0	0	0	0	0	0	0	0	0	0	0	
232900	Frontal_Mid_R	772	9152	8430	30002	0	2400	738	0	0	436	0	5666	0	11878	0	4908	0	2312	8400	3786	0	0	552	3256	0	0	0	0	142	5748	208	2858	0	1110	0	0	0	0	0	0	0	0	0	0	0	0	0	0	0	0	0	0	0	0	0	0	0	356	0	0	0	0	0	0	0	0	0	0	0	0	2094	4204	290	4538	160	976	0	740	0	0	0	338	0	0	0	0	0	0	0	0	0	0	0	0	0	0	0	0	0	0	0	0	0	0	0	0	0	0	0	0	0	0	0	0	0	0	
74608	Frontal_Mid_Orb_L	0	0	1856	0	8874	0	3276	0	0	0	0	0	3298	0	11792	0	0	0	110	0	980	0	132	0	0	0	2188	0	2176	0	198	0	0	0	0	0	0	0	0	0	0	0	0	0	0	0	0	0	0	0	0	0	0	0	0	0	0	0	0	0	0	0	0	0	0	0	0	0	0	0	264	0	2000	0	0	0	0	0	0	0	0	0	160	0	0	0	0	0	0	0	0	0	0	0	0	0	0	0	0	0	0	0	0	0	0	0	0	0	0	0	0	0	0	0	0	0	
15176	Frontal_Mid_Orb_R	0	0	0	186	0	2858	0	436	0	0	0	0	0	114	0	3120	0	0	0	0	0	0	0	0	0	112	0	0	0	346	0	0	0	0	0	0	0	0	0	0	0	0	0	0	0	0	0	0	0	0	0	0	0	0	0	0	0	0	0	0	0	0	0	0	0	0	0	0	0	0	0	182	0	234	0	0	0	0	0	0	0	0	0	0	0	0	0	0	0	0	0	0	0	0	0	0	0	0	0	0	0	0	0	0	0	0	0	0	0	0	0	0	0	0	0	0	
222016	Frontal_Inf_Oper_L	12854	0	11608	0	0	0	9642	0	0	0	0	0	11220	0	674	0	11786	0	7776	0	0	0	344	0	0	0	0	0	27058	0	360	0	0	0	0	0	690	0	0	0	0	0	0	0	0	0	0	0	0	0	212	0	128	0	404	0	4778	0	0	0	674	0	182	0	0	0	0	0	0	0	1214	242	1050	0	0	0	0	0	2528	0	1986	0	2676	0	396	0	0	0	526	0	0	0	0	0	0	0	0	0	0	0	0	0	0	0	0	0	0	0	0	0	0	0	0	0	0	0	
187016	Frontal_Inf_Oper_R	188	3194	722	13200	0	510	836	5666	0	0	0	0	482	12262	572	630	0	5940	1266	9208	0	0	0	1114	0	0	0	0	1076	15618	188	2532	0	1298	0	0	0	312	0	168	0	0	0	0	0	0	0	0	0	0	0	0	0	0	0	0	0	1908	0	0	0	0	0	0	0	0	0	0	0	0	1022	7434	0	5110	0	366	0	0	0	124	0	362	0	200	0	0	0	0	0	0	0	0	0	0	0	0	0	0	0	0	0	0	0	0	0	0	0	0	0	0	0	0	0	0	0	0	
232204	Frontal_Inf_Tri_L	1572	0	20022	200	1544	0	22042	0	3298	0	11220	482	0	312	9706	498	850	0	7434	192	0	0	2752	0	0	0	0	0	20908	834	2948	208	176	0	0	0	0	0	0	0	0	0	0	0	0	0	0	0	0	0	0	0	0	0	0	0	436	0	0	0	0	0	0	0	0	0	0	0	0	0	2718	1924	2700	220	0	0	0	0	0	0	0	0	906	0	0	0	0	0	0	0	0	0	0	0	0	0	0	0	0	0	0	0	0	0	0	0	0	0	0	0	0	0	0	0	0	0	
152760	Frontal_Inf_Tri_R	0	0	170	11712	0	128	0	11878	0	114	0	12262	312	0	0	5220	0	236	1130	5088	0	0	0	1762	0	0	0	0	524	13310	324	4168	0	1562	0	0	0	0	0	0	0	0	0	0	0	0	0	0	0	0	0	0	0	0	0	0	0	0	0	0	0	0	0	0	0	0	0	0	0	0	674	4346	0	1460	0	0	0	0	0	0	0	0	0	0	0	0	0	0	0	0	0	0	0	0	0	0	0	0	0	0	0	0	0	0	0	0	0	0	0	0	0	0	0	0	0	0	
162180	Frontal_Inf_Orb_L	128	180	3580	424	9068	0	3194	0	11792	0	674	572	9706	0	0	146	0	0	1938	402	2904	0	320	0	0	0	2478	0	12348	706	666	362	0	0	0	0	0	0	348	0	636	0	0	0	0	0	0	0	0	0	0	0	0	0	0	0	0	0	0	0	0	0	0	0	0	0	0	0	0	0	6036	2882	6340	392	0	0	0	0	0	0	442	0	2316	0	110	0	0	0	0	0	0	0	0	0	0	0	0	0	0	0	0	0	0	0	0	0	0	0	0	0	0	0	0	0	0	0	
140484	Frontal_Inf_Orb_R	144	0	654	4658	0	5724	342	4908	0	3120	0	630	498	5220	146	0	0	282	1528	2724	0	1098	0	536	0	0	0	1468	630	10818	198	1308	0	1164	0	0	0	322	0	372	0	664	0	0	0	0	0	0	0	0	0	0	0	0	0	1182	0	0	0	0	0	0	0	0	0	0	0	0	0	0	386	8098	0	4898	0	0	0	0	0	0	0	1542	0	3390	0	636	0	312	0	642	0	0	0	0	0	0	0	0	0	0	0	0	0	0	0	0	0	0	0	0	0	0	0	0	0	0	
261596	Rolandic_Oper_L	11012	630	12224	0	0	0	5108	0	0	0	11786	0	850	0	0	0	0	0	10494	0	0	0	0	0	0	0	0	0	28658	0	0	0	0	0	0	0	348	0	0	0	0	0	322	0	0	0	0	0	0	0	5416	0	3636	0	2024	0	6776	0	0	0	1098	0	4024	0	390	0	126	0	154	0	1234	0	350	0	0	0	0	0	4814	0	7716	0	1992	0	5940	0	0	0	3676	0	0	0	0	0	0	0	0	0	0	0	0	0	0	0	0	0	0	0	0	0	0	0	0	0	0	0	
122868	Rolandic_Oper_R	0	1790	112	5126	0	182	0	2312	0	0	0	5940	0	236	0	282	0	0	178	4538	0	0	0	156	0	0	0	0	130	15144	0	330	0	192	0	110	0	570	0	130	0	0	0	910	0	0	0	268	0	0	0	282	0	220	0	320	0	2762	0	0	0	0	0	1330	0	0	0	304	0	0	0	1888	0	3614	0	266	0	126	0	3896	0	3640	0	1612	0	1174	0	0	0	1364	0	0	0	0	0	0	0	0	0	0	0	0	0	0	0	0	0	0	0	0	0	0	0	0	0	0	
778552	Supp_Motor_Area_L	15888	3184	108498	21528	0	164	5114	8400	110	0	7776	1266	7434	1130	1938	1528	10494	178	0	44350	0	0	3260	3566	0	0	0	0	27628	1894	6310	5350	11608	15578	710	0	5822	0	1720	0	178	0	0	0	0	0	0	0	0	0	272	0	0	0	1928	0	4710	0	0	0	636	0	184	0	0	0	0	0	6552	0	10070	3828	16412	886	5166	0	12268	322	542	0	766	0	1216	0	272	0	0	0	642	0	0	0	0	0	0	0	0	0	0	0	0	0	0	0	0	0	0	0	0	0	0	0	0	0	0	0	
1.01996e+06	Supp_Motor_Area_R	12212	8070	26140	83258	0	1058	4252	3786	0	0	0	9208	192	5088	402	2724	0	4538	44350	0	0	0	460	7156	0	272	0	0	1772	10746	1426	12258	2390	55924	2194	15594	2184	9994	1006	3846	0	0	160	4568	0	4206	0	2730	0	2798	410	2748	0	522	368	4370	400	8470	0	140	0	568	0	3680	0	422	752	23296	3518	22916	3412	26078	2416	20988	1086	3300	2968	23290	132	238	0	1912	0	0	0	2236	0	0	0	2380	0	0	0	0	0	0	0	0	0	0	0	0	0	0	0	0	0	0	0	0	0	0	0	0	0	0	
93368	Olfactory_L	0	0	0	0	2302	1056	0	0	980	0	0	0	0	0	2904	0	0	0	0	0	0	7350	0	0	408	238	3116	1374	1810	0	3862	2380	0	0	0	0	148	0	404	0	552	0	0	0	0	0	0	0	0	0	0	0	0	0	110	0	0	0	0	0	0	0	0	0	0	0	0	0	0	0	9244	3632	4278	328	0	0	0	0	0	0	0	0	208	0	0	0	0	0	0	0	0	0	0	0	0	0	0	0	0	0	0	0	0	0	0	0	0	0	0	0	0	0	0	0	0	0	
90500	Olfactory_R	0	0	0	0	0	2940	0	0	0	0	0	0	0	0	0	1098	0	0	0	0	7350	0	0	0	0	1306	210	4290	0	1110	3712	4060	0	0	0	0	0	0	0	228	0	486	0	0	0	0	0	0	0	0	0	0	0	0	0	0	0	0	0	0	0	0	0	0	0	0	0	0	0	0	8196	5336	3872	818	0	238	0	0	0	0	0	0	0	0	0	0	0	0	0	0	0	0	0	0	0	0	0	0	0	0	0	0	0	0	0	0	0	0	0	0	0	0	0	0	0	0	
178592	Frontal_Sup_Medial_L	0	0	23766	8160	2178	0	9004	552	132	0	344	0	2752	0	320	0	0	0	3260	460	0	0	0	10086	654	0	0	0	1058	0	12510	5852	2900	4452	0	0	0	0	0	0	0	0	0	0	0	0	0	0	0	0	0	0	0	0	0	0	0	0	0	0	0	0	0	0	0	0	0	0	0	0	132	0	724	0	0	0	0	0	0	0	0	0	0	0	0	0	0	0	0	0	0	0	0	0	0	0	0	0	0	0	0	0	0	0	0	0	0	0	0	0	0	0	0	0	0	0	
214528	Frontal_Sup_Medial_R	0	0	690	28964	0	3482	0	3256	0	0	0	1114	0	1762	0	536	0	156	3566	7156	0	0	10086	0	180	3942	0	0	0	2274	2984	18788	0	10616	0	0	0	0	0	0	0	0	0	0	0	0	0	0	0	0	0	0	0	0	0	0	0	0	0	0	0	0	0	0	0	0	0	0	0	0	0	4352	0	3360	0	0	0	0	0	0	0	0	0	0	0	0	0	0	0	0	0	0	0	0	0	0	0	0	0	0	0	0	0	0	0	0	0	0	0	0	0	0	0	0	0	0	
14352	Frontal_Med_Orb_L	0	0	208	0	1604	0	0	0	0	0	0	0	0	0	0	0	0	0	0	0	408	0	654	180	0	544	1240	0	0	0	1868	178	0	0	0	0	0	0	0	0	0	0	0	0	0	0	0	0	0	0	0	0	0	0	0	0	0	0	0	0	0	0	0	0	0	0	0	0	0	0	292	0	0	0	0	0	0	0	0	0	0	0	0	0	0	0	0	0	0	0	0	0	0	0	0	0	0	0	0	0	0	0	0	0	0	0	0	0	0	0	0	0	0	0	0	0	
73116	Frontal_Med_Orb_R	0	0	0	1872	0	7972	0	0	0	112	0	0	0	0	0	0	0	0	0	272	238	1306	0	3942	544	0	0	4450	0	0	1808	5302	0	0	0	0	0	0	0	0	0	0	0	0	0	0	0	0	0	0	0	0	0	0	0	0	0	0	0	0	0	0	0	0	0	0	0	0	0	0	152	5954	0	2634	0	0	0	0	0	0	0	0	0	0	0	0	0	0	0	0	0	0	0	0	0	0	0	0	0	0	0	0	0	0	0	0	0	0	0	0	0	0	0	0	0	0	
40868	Rectus_L	0	0	0	0	5548	0	0	0	2188	0	0	0	0	0	2478	0	0	0	0	0	3116	210	0	0	1240	0	0	0	452	0	2280	392	0	0	0	0	0	0	0	0	0	0	0	0	0	0	0	0	0	0	0	0	0	0	0	0	0	0	0	0	0	0	0	0	0	0	0	0	0	0	1768	0	628	0	0	0	0	0	0	0	0	0	134	0	0	0	0	0	0	0	0	0	0	0	0	0	0	0	0	0	0	0	0	0	0	0	0	0	0	0	0	0	0	0	0	0	
54876	Rectus_R	0	0	0	0	0	6894	0	0	0	0	0	0	0	0	0	1468	0	0	0	0	1374	4290	0	0	0	4450	0	0	0	310	456	2198	0	0	0	0	0	0	0	0	0	0	0	0	0	0	0	0	0	0	0	0	0	0	0	0	0	0	0	0	0	0	0	0	0	0	0	0	0	0	1298	3160	558	982	0	0	0	0	0	0	0	0	0	0	0	0	0	0	0	0	0	0	0	0	0	0	0	0	0	0	0	0	0	0	0	0	0	0	0	0	0	0	0	0	0	0	
678716	Insula_L	19356	338	36860	1928	3116	0	16912	142	2176	0	27058	1076	20908	524	12348	630	28658	130	27628	1772	1810	0	1058	0	0	0	452	0	0	1546	2782	448	150	0	0	0	13184	0	1666	0	2198	0	524	0	0	0	0	0	0	0	6018	0	4294	0	6594	0	5812	0	144	0	2608	0	3480	0	280	0	194	0	188	0	8522	3974	19874	434	0	0	1400	180	12642	0	10886	0	5740	0	8950	0	0	0	9766	0	0	0	0	0	0	0	0	0	0	0	0	0	0	0	0	0	0	0	0	0	0	0	0	0	0	0	
412080	Insula_R	180	1750	852	13202	0	1514	892	5748	0	346	0	15618	834	13310	706	10818	0	15144	1894	10746	0	1110	0	2274	0	0	0	310	1546	0	390	5598	0	1898	0	126	0	7474	0	1498	0	312	0	1890	0	0	0	564	0	0	0	550	0	694	0	8796	0	1620	0	0	0	0	0	154	0	0	0	452	0	0	1206	13468	0	22468	0	578	0	592	0	5500	0	13304	0	4178	0	4750	0	0	0	9186	0	0	0	0	0	0	0	0	0	0	0	0	0	0	0	0	0	0	0	0	0	0	0	0	0	0	
185256	Cingulum_Ant_L	194	0	8812	1420	2192	480	3606	208	198	0	360	188	2948	324	666	198	0	0	6310	1426	3862	3712	12510	2984	1868	1808	2280	456	2782	390	0	10706	3186	1402	0	0	0	0	0	0	0	0	0	0	0	0	0	0	0	0	0	0	0	0	0	0	0	0	0	0	0	0	0	0	0	0	0	0	0	0	6728	3360	4050	1014	0	0	0	0	0	0	0	0	0	0	0	0	0	0	0	0	0	0	0	0	0	0	0	0	0	0	0	0	0	0	0	0	0	0	0	0	0	0	0	0	0	0	
318404	Cingulum_Ant_R	234	0	1014	22894	0	3870	944	2858	0	0	0	2532	208	4168	362	1308	0	330	5350	12258	2380	4060	5852	18788	178	5302	392	2198	448	5598	10706	0	530	16148	0	0	0	0	0	0	0	0	0	0	0	0	0	0	0	0	0	0	0	0	0	0	0	0	0	0	0	0	0	0	0	0	0	0	0	0	4068	15556	1486	7182	0	0	0	0	0	0	0	0	0	0	0	0	0	0	0	0	0	0	0	0	0	0	0	0	0	0	0	0	0	0	0	0	0	0	0	0	0	0	0	0	0	0	
125080	Cingulum_Mid_L	4646	0	4220	178	0	0	666	0	0	0	0	0	176	0	0	0	0	0	11608	2390	0	0	2900	0	0	0	0	0	150	0	3186	530	0	6930	1874	434	0	0	0	0	0	0	0	0	0	162	0	0	1288	164	2860	0	0	0	0	0	470	0	1704	0	252	0	0	0	0	0	4548	1064	9916	224	0	0	0	0	0	0	0	0	0	0	0	0	0	0	0	0	0	0	0	0	0	0	0	0	0	0	0	0	0	0	0	0	0	0	0	0	0	0	0	0	0	0	0	0	0	0	
448380	Cingulum_Mid_R	4230	1758	2948	16628	0	332	212	1110	0	0	0	1298	0	1562	0	1164	0	192	15578	55924	0	0	4452	10616	0	0	0	0	0	1898	1402	16148	6930	0	1512	14126	0	116	0	0	0	0	0	2836	0	2710	0	1270	0	2114	134	1554	0	0	0	288	0	5506	0	0	0	358	0	1634	0	244	368	20676	1810	17660	0	2006	0	696	0	0	0	0	0	0	0	448	0	0	0	1274	0	0	0	468	0	0	0	0	0	0	0	0	0	0	0	0	0	0	0	0	0	0	0	0	0	0	0	0	0	0	
161136	Cingulum_Post_L	5176	0	424	640	0	0	0	0	0	0	0	0	0	0	0	0	0	0	710	2194	0	0	0	0	0	0	0	0	0	0	0	0	1874	1512	0	12524	9180	5578	5048	2338	0	0	1622	0	1314	0	1154	1632	842	0	1722	0	466	0	4076	2090	0	132	246	0	0	0	0	316	0	0	5778	2412	3406	226	0	0	0	0	0	0	1520	3210	0	0	0	0	0	0	0	0	0	0	160	914	0	0	0	0	0	0	0	0	0	0	0	0	0	0	0	0	0	0	0	0	132	0	0	0	0	0	
245028	Cingulum_Post_R	1626	318	160	1044	0	0	0	0	0	0	0	0	0	0	0	0	0	110	0	15594	0	0	0	0	0	0	0	0	0	126	0	0	434	14126	12524	0	8280	8382	3284	4100	0	0	0	2500	0	982	588	3794	0	538	134	564	0	252	2264	3836	0	1492	0	0	0	356	0	1766	0	224	1730	17558	172	4218	0	0	0	0	0	0	2394	4048	0	0	0	396	0	0	0	686	0	0	0	1744	0	0	0	0	0	0	0	0	0	0	0	0	0	0	0	0	0	0	0	0	170	0	0	0	0	0	
392972	Hippocampus_L	5126	0	10314	1946	0	0	5970	0	0	0	690	0	0	0	0	0	348	0	5822	2184	148	0	0	0	0	0	0	0	13184	0	0	0	0	0	9180	8280	0	6202	21342	2678	9460	0	892	0	0	0	2990	1890	0	0	754	0	1042	0	24444	2022	294	0	0	0	212	0	0	0	0	0	3502	1550	0	0	1134	126	12934	0	1482	0	5184	4172	2148	0	2986	0	6156	0	6128	0	420	0	8532	812	594	0	0	0	0	0	476	0	620	0	0	0	0	0	0	0	0	0	0	0	116	0	0	0	0	0	
385796	Hippocampus_R	0	368	0	4274	0	0	0	0	0	0	0	312	0	0	0	322	0	570	0	9994	0	0	0	0	0	0	0	0	0	7474	0	0	0	116	5578	8382	6202	0	2172	30974	0	11302	0	2430	0	0	422	7194	0	0	0	172	0	586	1262	37524	0	336	0	0	0	0	0	116	0	0	336	5856	0	0	0	1734	0	13956	0	2886	2326	8110	0	402	0	2530	0	2000	0	2206	0	580	0	10274	0	0	0	0	0	0	0	1114	0	506	0	0	0	0	0	0	0	0	0	0	0	0	0	0	0	0	
187236	ParaHippocampal_L	948	0	2558	598	216	0	1074	0	0	0	0	0	0	0	348	0	0	0	1720	1006	404	0	0	0	0	0	0	0	1666	0	0	0	0	0	5048	3284	21342	2172	0	1252	650	0	1346	0	0	0	4290	564	0	0	1490	0	1744	0	18072	1052	0	0	0	0	0	0	0	0	0	0	3724	266	0	0	0	0	4764	0	1566	0	1574	1688	0	0	332	0	692	0	230	0	384	0	1234	592	846	0	0	0	436	0	846	0	988	0	0	0	0	0	0	0	0	0	206	406	0	0	0	0	0	0	
261552	ParaHippocampal_R	0	148	0	2266	0	0	0	0	0	0	0	168	0	0	0	372	0	130	0	3846	0	228	0	0	0	0	0	0	0	1498	0	0	0	0	2338	4100	2678	30974	1252	0	0	5980	0	1782	0	0	224	8746	0	0	0	0	0	546	802	27896	0	0	0	0	0	0	0	0	0	0	112	4476	0	0	0	1298	0	6944	0	2532	1140	4432	0	0	0	0	0	5078	0	244	0	2286	0	3304	0	0	0	0	0	0	0	2232	0	724	0	0	0	0	0	0	0	0	0	0	0	0	0	0	0	0	
55304	Amygdala_L	0	0	178	0	0	0	0	0	0	0	0	0	0	0	636	0	0	0	178	0	552	0	0	0	0	0	0	0	2198	0	0	0	0	0	0	0	9460	0	650	0	0	0	0	0	0	0	0	0	0	0	0	0	0	0	3716	0	0	0	0	0	0	0	0	0	0	0	0	0	0	0	0	0	430	0	0	0	0	0	0	0	538	0	4572	0	2396	0	262	0	1886	0	0	0	0	0	0	0	0	0	0	0	0	0	0	0	0	0	0	0	0	0	0	0	0	0	0	0	
70772	Amygdala_R	0	0	0	0	0	0	0	0	0	0	0	0	0	0	0	664	0	0	0	0	0	486	0	0	0	0	0	0	0	312	0	0	0	0	0	0	0	11302	0	5980	0	0	0	0	0	0	0	0	0	0	0	0	0	0	0	6294	0	0	0	0	0	0	0	0	0	0	0	0	0	0	0	0	0	1352	0	0	0	0	0	0	0	378	0	4628	0	608	0	1474	0	1908	0	0	0	0	0	0	0	0	0	0	0	0	0	0	0	0	0	0	0	0	0	0	0	0	0	0	
200128	Calcarine_L	2256	0	510	0	0	0	508	0	0	0	0	0	0	0	0	0	322	0	0	160	0	0	0	0	0	0	0	0	524	0	0	0	0	0	1622	0	892	0	1346	0	0	0	0	8862	10796	6928	9398	1444	8586	2090	18832	218	5524	0	2490	0	128	0	0	0	316	0	636	0	0	0	11556	332	2392	0	0	0	0	0	0	0	0	0	204	0	450	0	0	0	374	0	0	0	368	0	0	0	0	0	0	0	0	0	0	0	0	0	0	0	0	0	0	0	0	0	0	0	0	0	0	0	
328280	Calcarine_R	164	1382	0	260	0	0	0	0	0	0	0	0	0	0	0	0	0	910	0	4568	0	0	0	0	0	0	0	0	0	1890	0	0	0	2836	0	2500	0	2430	0	1782	0	0	8862	0	4756	24214	1464	20050	0	24716	0	16300	0	2358	0	5836	0	1022	0	0	0	168	0	438	0	156	1942	19848	0	3082	0	0	0	0	0	0	0	0	0	380	0	230	0	0	0	4830	0	0	0	4766	0	0	0	0	0	0	0	0	0	0	0	0	0	0	0	0	0	0	0	0	0	0	0	0	0	0	
126732	Cuneus_L	1494	0	0	0	0	0	0	0	0	0	0	0	0	0	0	0	0	0	0	0	0	0	0	0	0	0	0	0	0	0	0	0	0	0	1314	0	0	0	0	0	0	0	10796	4756	0	6868	720	0	14714	1924	9560	400	626	0	0	0	0	0	156	0	0	0	0	0	0	0	7156	810	1928	0	0	0	0	0	0	0	0	0	0	0	0	0	0	0	144	0	0	0	0	0	0	0	0	0	0	0	0	0	0	0	0	0	0	0	0	0	0	0	0	0	0	0	0	0	0	0	
296248	Cuneus_R	0	1456	0	0	0	0	0	0	0	0	0	0	0	0	0	0	0	0	0	4206	0	0	0	0	0	0	0	0	0	0	0	0	162	2710	0	982	0	0	0	0	0	0	6928	24214	6868	0	124	2268	300	34378	0	14896	0	422	0	884	0	1928	0	3644	0	598	0	0	0	740	5676	26160	0	4834	0	0	0	0	0	0	0	0	0	0	0	142	0	0	0	2726	0	0	0	878	0	0	0	0	0	0	0	0	0	0	0	0	0	0	0	0	0	0	0	0	0	0	0	0	0	0	
248788	Lingual_L	406	0	0	0	0	0	0	0	0	0	0	0	0	0	0	0	0	0	0	0	0	0	0	0	0	0	0	0	0	0	0	0	0	0	1154	588	2990	422	4290	224	0	0	9398	1464	720	124	0	4022	1748	170	16966	0	11106	192	16498	1410	0	0	0	0	0	0	0	0	0	0	4382	236	754	0	0	0	0	0	0	0	202	194	0	0	0	0	0	0	0	0	0	0	306	0	4454	580	176	0	222	0	12744	3580	12976	2326	0	0	134	0	142	116	0	0	0	0	5166	1656	156	0	0	0	
293720	Lingual_R	0	636	0	554	0	0	0	0	0	0	0	0	0	0	0	0	0	268	0	2730	0	0	0	0	0	0	0	0	0	564	0	0	0	1270	1632	3794	1890	7194	564	8746	0	0	1444	20050	0	2268	4022	0	0	4926	130	2952	340	4810	1306	22560	0	412	0	0	0	0	0	0	0	0	396	9452	0	1254	0	208	0	214	0	0	644	2180	0	132	0	0	0	0	0	526	0	0	0	1606	526	2736	0	0	0	120	2642	8512	3488	8402	0	0	124	0	0	332	0	0	0	0	4922	2318	338	220	340	166	
109164	Occipital_Sup_L	452	0	0	0	0	0	0	0	0	0	0	0	0	0	0	0	0	0	0	0	0	0	0	0	0	0	0	0	0	0	0	0	1288	0	842	0	0	0	0	0	0	0	8586	0	14714	300	1748	0	0	0	18258	0	304	0	182	0	0	0	2420	0	0	0	0	0	0	0	4128	0	1360	0	0	0	0	0	0	0	0	0	0	0	0	0	0	0	0	0	0	0	0	0	0	0	0	0	0	0	0	0	0	0	0	0	0	0	0	0	0	0	0	0	0	0	0	0	0	0	
286360	Occipital_Sup_R	0	692	0	0	0	0	0	0	0	0	0	0	0	0	0	0	0	0	0	2798	0	0	0	0	0	0	0	0	0	0	0	0	164	2114	0	538	0	0	0	0	0	0	2090	24716	1924	34378	170	4926	0	0	0	26118	0	1094	0	2692	0	2120	0	3950	0	958	0	0	0	4094	2718	18110	0	3450	0	0	0	0	0	0	0	0	0	0	0	186	0	0	0	2328	0	0	0	852	0	0	0	0	0	0	0	0	0	0	0	0	0	0	0	0	0	0	0	0	0	0	0	0	0	0	
488880	Occipital_Mid_L	13372	0	1342	0	0	0	1748	0	0	0	212	0	0	0	0	0	5416	0	272	410	0	0	0	0	0	0	0	0	6018	0	0	0	2860	134	1722	134	754	0	1490	0	0	0	18832	0	9560	0	16966	130	18258	0	0	0	31952	0	9068	116	6252	146	7058	0	16234	0	4540	0	15084	0	11738	248	7742	162	0	0	162	0	0	0	0	0	3544	0	2238	0	0	0	20332	0	0	0	6674	0	0	0	0	0	0	0	286	192	670	146	0	0	0	0	0	0	0	0	0	0	226	0	0	0	0	0	
246548	Occipital_Mid_R	124	656	0	0	0	0	0	0	0	0	0	0	0	0	0	0	0	282	0	2748	0	0	0	0	0	0	0	0	0	550	0	0	0	1554	0	564	0	172	0	0	0	0	218	16300	400	14896	0	2952	0	26118	0	0	0	3064	0	2532	0	1486	0	592	0	4888	0	288	0	13930	814	10932	0	2602	0	0	0	0	0	0	0	0	0	160	0	384	0	0	0	11290	0	0	0	2778	0	0	0	0	0	0	0	0	0	0	0	0	0	0	0	0	0	0	0	0	0	0	0	0	0	0	
213764	Occipital_Inf_L	3142	0	330	0	0	0	540	0	0	0	128	0	0	0	0	0	3636	0	0	0	0	0	0	0	0	0	0	0	4294	0	0	0	0	0	466	0	1042	0	1744	0	0	0	5524	0	626	0	11106	340	304	0	31952	0	0	0	14440	282	550	0	272	0	862	0	1566	0	456	0	3554	0	806	0	0	0	0	0	0	0	0	0	2292	0	1982	0	0	0	4616	0	0	0	6090	0	0	0	0	0	0	0	922	482	1642	298	0	0	0	0	0	0	0	0	0	0	596	0	0	0	0	0	
68404	Occipital_Inf_R	0	388	0	410	0	0	0	0	0	0	0	0	0	0	0	0	0	220	0	522	0	0	0	0	0	0	0	0	0	694	0	0	0	0	0	252	0	586	0	546	0	0	0	2358	0	422	192	4810	0	1094	0	3064	0	0	148	8528	0	0	0	0	0	0	0	0	0	0	0	482	0	0	0	0	0	0	0	0	0	0	0	256	0	0	0	0	0	820	0	0	0	4758	0	0	0	0	0	0	204	862	312	1592	0	0	0	0	0	0	0	0	0	0	532	150	0	0	0	0	
469204	Fusiform_L	2248	0	3184	268	0	0	1962	0	0	0	404	0	0	0	0	0	2024	0	1928	368	110	0	0	0	0	0	0	0	6594	0	0	0	0	0	4076	2264	24444	1262	18072	802	3716	0	2490	0	0	0	16498	1306	182	0	9068	0	14440	148	0	1736	280	0	0	0	188	0	0	0	0	0	4362	194	0	0	164	0	3460	0	0	0	1172	854	3370	0	3558	0	5248	0	6786	0	1650	0	16900	488	16476	298	212	0	0	0	15940	1860	25684	1500	0	0	214	0	230	0	0	0	0	0	2630	1118	172	0	0	0	
532012	Fusiform_R	0	884	0	2188	0	0	0	0	0	0	0	0	0	0	0	1182	0	320	0	4370	0	0	0	0	0	0	0	0	0	8796	0	0	0	288	2090	3836	2022	37524	1052	27896	0	6294	0	5836	0	884	1410	22560	0	2692	116	2532	282	8528	1736	0	0	218	0	0	0	0	0	0	0	0	0	4358	0	0	0	984	0	10044	0	2016	834	3668	0	300	0	3302	0	7394	0	4272	0	4276	0	22114	714	13120	0	510	0	146	1774	12546	2762	19142	0	0	158	206	0	0	0	0	0	0	4444	1386	0	0	0	0	
284008	Postcentral_L	28300	4386	6098	334	0	0	2252	0	0	0	4778	0	436	0	0	0	6776	0	4710	400	0	0	0	0	0	0	0	0	5812	0	0	0	470	0	0	0	294	0	0	0	0	0	128	0	0	0	0	0	0	0	6252	0	550	0	280	0	0	0	4360	0	23404	0	6772	0	8548	0	1138	0	8256	0	490	1104	152	0	0	0	186	206	1766	0	1202	0	0	0	9252	0	0	0	2912	0	0	0	0	0	0	0	0	0	0	0	0	0	0	0	0	0	0	0	0	0	0	0	0	0	0	0	
224344	Postcentral_R	150	15578	0	558	0	0	0	356	0	0	0	1908	0	0	0	0	0	2762	0	8470	0	0	0	0	0	0	0	0	0	1620	0	0	0	5506	132	1492	0	336	0	0	0	0	0	1022	0	1928	0	412	0	2120	146	1486	0	0	0	218	0	0	0	2314	0	4408	0	14396	0	1858	144	10838	0	17878	154	932	0	314	0	0	0	554	0	376	0	2260	0	0	0	7246	0	0	0	2300	0	0	0	0	0	0	0	0	0	0	0	0	0	0	0	0	0	0	0	0	0	0	0	0	0	0	
86372	Parietal_Sup_L	1598	0	122	0	0	0	118	0	0	0	0	0	0	0	0	0	0	0	0	0	0	0	0	0	0	0	0	0	144	0	0	0	1704	0	246	0	0	0	0	0	0	0	0	0	156	0	0	0	2420	0	7058	0	272	0	0	0	4360	0	0	0	8282	0	0	0	352	0	12382	140	2612	0	0	0	182	0	126	0	0	0	0	0	0	0	0	0	738	0	0	0	174	0	0	0	0	0	0	0	0	0	0	0	0	0	0	0	0	0	0	0	0	0	0	0	0	0	0	0	
46736	Parietal_Sup_R	0	0	0	0	0	0	0	0	0	0	0	0	0	0	0	0	0	0	0	140	0	0	0	0	0	0	0	0	0	0	0	0	0	0	0	0	0	0	0	0	0	0	0	0	0	3644	0	0	0	3950	0	592	0	0	0	0	0	2314	0	0	0	758	0	0	0	1050	1504	8498	0	918	0	0	0	0	0	0	0	0	0	0	0	0	0	0	0	0	0	0	0	0	0	0	0	0	0	0	0	0	0	0	0	0	0	0	0	0	0	0	0	0	0	0	0	0	0	0	
226628	Parietal_Inf_L	9750	128	1098	0	0	0	1202	0	0	0	674	0	0	0	0	0	1098	0	636	0	0	0	0	0	0	0	0	0	2608	0	0	0	252	0	0	0	212	0	0	0	0	0	316	0	0	0	0	0	0	0	16234	0	862	0	188	0	23404	0	8282	0	0	0	8620	0	14698	0	1164	0	5386	0	0	0	280	0	192	0	0	0	1288	0	778	0	0	0	10300	0	0	0	3664	0	0	0	0	0	0	0	0	0	0	0	0	0	0	0	0	0	0	0	0	0	0	0	0	0	0	0	
58696	Parietal_Inf_R	0	134	0	0	0	0	0	0	0	0	0	0	0	0	0	0	0	0	0	568	0	0	0	0	0	0	0	0	0	0	0	0	0	358	0	356	0	0	0	0	0	0	0	168	0	598	0	0	0	958	0	4888	0	0	0	0	0	4408	0	758	0	0	0	5268	0	8188	0	712	0	466	0	0	0	0	0	0	0	0	0	0	0	220	0	0	0	1062	0	0	0	238	0	0	0	0	0	0	0	0	0	0	0	0	0	0	0	0	0	0	0	0	0	0	0	0	0	0	
110384	SupraMarginal_L	5146	140	332	0	0	0	236	0	0	0	182	0	0	0	0	0	4024	0	184	0	0	0	0	0	0	0	0	0	3480	0	0	0	0	0	0	0	0	0	0	0	0	0	636	0	0	0	0	0	0	0	4540	0	1566	0	0	0	6772	0	0	0	8620	0	0	0	2458	0	322	0	702	0	0	0	0	0	0	0	0	0	884	0	5406	0	0	0	6302	0	0	0	3260	0	0	0	0	0	0	0	0	0	0	0	0	0	0	0	0	0	0	0	0	0	0	0	0	0	0	0	
98208	SupraMarginal_R	0	3188	0	316	0	0	0	0	0	0	0	0	0	0	0	0	0	1330	0	3680	0	0	0	0	0	0	0	0	0	154	0	0	0	1634	316	1766	0	116	0	0	0	0	0	438	0	0	0	0	0	0	0	288	0	0	0	0	0	14396	0	0	0	5268	0	0	0	4648	0	1376	0	308	0	884	0	0	0	0	0	480	0	0	0	4100	0	0	0	3176	0	0	0	1242	0	0	0	0	0	0	0	0	0	0	0	0	0	0	0	0	0	0	0	0	0	0	0	0	0	0	
118764	Angular_L	628	0	0	0	0	0	0	0	0	0	0	0	0	0	0	0	390	0	0	0	0	0	0	0	0	0	0	0	280	0	0	0	0	0	0	0	0	0	0	0	0	0	0	0	0	0	0	0	0	0	15084	0	456	0	0	0	8548	0	352	0	14698	0	2458	0	0	0	236	0	172	0	0	0	0	0	0	0	0	0	0	0	726	0	0	0	12552	0	0	0	2802	0	0	0	0	0	0	0	0	0	0	0	0	0	0	0	0	0	0	0	0	0	0	0	0	0	0	0	
99556	Angular_R	0	0	0	0	0	0	0	0	0	0	0	0	0	0	0	0	0	0	0	422	0	0	0	0	0	0	0	0	0	0	0	0	0	244	0	224	0	0	0	0	0	0	0	156	0	740	0	0	0	4094	0	13930	0	0	0	0	0	1858	0	1050	0	8188	0	4648	0	0	0	418	0	578	0	0	0	0	0	0	0	0	0	0	0	4062	0	0	0	8716	0	0	0	450	0	0	0	0	0	0	0	0	0	0	0	0	0	0	0	0	0	0	0	0	0	0	0	0	0	0	
227760	Precuneus_L	1826	174	218	0	0	0	218	0	0	0	0	0	0	0	0	0	126	0	0	752	0	0	0	0	0	0	0	0	194	0	0	0	4548	368	5778	1730	3502	336	3724	112	0	0	11556	1942	7156	5676	4382	396	4128	2718	11738	814	3554	0	4362	0	1138	144	12382	1504	1164	0	322	0	236	0	0	8510	4480	530	0	0	0	0	0	0	0	0	0	0	288	0	0	0	498	0	0	0	656	0	0	0	0	0	0	0	0	0	0	0	0	0	0	0	0	0	0	0	0	0	0	0	0	0	0	0	
483480	Precuneus_R	1578	4544	164	144	0	0	220	0	0	0	0	0	0	0	0	0	0	304	0	23296	0	0	0	0	0	0	0	0	0	452	0	0	1064	20676	2412	17558	1550	5856	266	4476	0	0	332	19848	810	26160	236	9452	0	18110	248	10932	0	482	194	4358	0	10838	140	8498	0	712	0	1376	0	418	8510	0	244	21502	0	0	0	0	0	0	214	254	0	242	0	960	0	0	0	8536	0	0	0	3344	0	0	0	0	0	0	0	0	0	0	0	0	0	0	0	0	0	0	0	0	230	0	0	0	0	0	
191472	Paracentral_Lobule_L	26730	0	3182	1046	0	0	832	0	0	0	0	0	0	0	0	0	154	0	6552	3518	0	0	0	0	0	0	0	0	188	0	0	0	9916	1810	3406	172	0	0	0	0	0	0	2392	0	1928	0	754	0	1360	0	7742	0	806	0	0	0	8256	0	2612	0	5386	0	702	0	172	0	4480	244	0	290	0	0	148	0	0	0	0	0	0	0	184	0	0	0	580	0	0	0	194	0	0	0	0	0	0	0	0	0	0	0	0	0	0	0	0	0	0	0	0	0	0	0	0	0	0	0	
247116	Paracentral_Lobule_R	1218	6082	246	238	0	0	426	0	0	0	0	0	0	0	0	0	0	0	0	22916	0	0	0	0	0	0	0	0	0	0	0	0	224	17660	226	4218	0	0	0	0	0	0	0	3082	0	4834	0	1254	0	3450	162	2602	0	0	0	0	0	17878	0	918	0	466	0	308	0	578	530	21502	290	0	0	0	0	0	0	0	0	0	0	0	0	1744	0	0	0	8662	0	0	0	1844	0	0	0	0	0	0	0	0	0	0	0	0	0	0	0	0	0	0	0	0	0	0	0	0	0	0	
287372	Caudate_L	5766	2362	11558	4678	646	992	4624	2094	264	0	1214	1022	2718	674	6036	386	1234	0	10070	3412	9244	8196	132	0	292	152	1768	1298	8522	1206	6728	4068	0	0	0	0	1134	0	0	0	0	0	0	0	0	0	0	0	0	0	0	0	0	0	164	0	490	154	0	0	0	0	0	0	0	0	0	0	0	0	0	12668	16212	986	2582	234	5550	974	0	0	494	0	688	0	0	0	0	0	0	0	0	0	0	0	0	0	0	0	0	0	0	0	0	0	0	0	0	0	0	0	0	0	0	0	0	0	
475468	Caudate_R	2626	1562	3544	26892	0	8602	3362	4204	0	182	242	7434	1924	4346	2882	8098	0	1888	3828	26078	3632	5336	0	4352	0	5954	0	3160	3974	13468	3360	15556	0	2006	0	0	126	1734	0	1298	0	0	0	0	0	0	0	208	0	0	0	0	0	0	0	984	1104	932	0	0	0	0	0	884	0	0	0	0	0	0	12668	0	2858	24584	0	3378	1200	16696	0	0	0	266	0	0	0	178	0	0	0	144	0	0	0	0	0	0	0	0	0	0	0	0	0	0	0	0	0	0	0	0	0	0	0	0	0	0	
362976	Putamen_L	7642	680	28134	2128	4240	346	11636	290	2000	0	1050	0	2700	0	6340	0	350	0	16412	2416	4278	3872	724	0	0	0	628	558	19874	0	4050	1486	0	0	0	0	12934	0	4764	0	430	0	0	0	0	0	0	0	0	0	162	0	0	0	3460	0	152	0	182	0	280	0	0	0	0	0	0	0	148	0	16212	2858	0	308	10960	0	3712	306	0	0	322	0	640	0	292	0	0	0	1532	0	0	0	0	0	0	0	0	0	0	0	0	0	0	0	0	0	0	0	0	0	0	0	0	0	0	0	
365176	Putamen_R	0	900	420	21870	0	4678	322	4538	0	234	0	5110	220	1460	392	4898	0	3614	886	20988	328	818	0	3360	0	2634	0	982	434	22468	1014	7182	0	696	0	0	0	13956	0	6944	0	1352	0	0	0	0	0	214	0	0	0	0	0	0	0	10044	0	314	0	0	0	0	0	0	0	0	0	0	0	0	986	24584	308	0	0	6110	0	3508	0	116	0	1214	0	376	0	172	0	0	0	1944	0	0	0	0	0	0	0	0	0	0	0	0	0	0	0	0	0	0	0	0	0	0	0	0	0	0	
76768	Pallidum_L	1784	368	8338	756	0	0	2070	160	0	0	0	0	0	0	0	0	0	0	5166	1086	0	0	0	0	0	0	0	0	0	0	0	0	0	0	0	0	1482	0	1566	0	0	0	0	0	0	0	0	0	0	0	0	0	0	0	0	0	0	0	126	0	192	0	0	0	0	0	0	0	0	0	2582	0	10960	0	0	0	1614	134	0	0	0	0	0	0	0	0	0	0	0	0	0	0	0	0	0	0	0	0	0	0	0	0	0	0	0	0	0	0	0	0	0	0	0	0	0	0	
53136	Pallidum_R	0	0	0	3688	0	0	0	976	0	0	0	366	0	0	0	0	0	266	0	3300	0	238	0	0	0	0	0	0	0	578	0	0	0	0	0	0	0	2886	0	2532	0	0	0	0	0	0	0	0	0	0	0	0	0	0	0	2016	0	0	0	0	0	0	0	0	0	0	0	0	0	0	234	3378	0	6110	0	0	0	0	0	0	0	0	0	0	0	0	0	0	0	0	0	0	0	0	0	0	0	0	0	0	0	0	0	0	0	0	0	0	0	0	0	0	0	0	0	0	
164164	Thalamus_L	4782	0	15894	3584	0	0	2382	0	0	0	0	0	0	0	0	0	0	0	12268	2968	0	0	0	0	0	0	0	0	1400	0	0	0	0	0	1520	2394	5184	2326	1574	1140	0	0	0	0	0	0	202	644	0	0	0	0	0	0	1172	834	186	0	0	0	0	0	0	0	0	0	0	214	0	0	5550	1200	3712	0	1614	0	0	9170	0	0	0	0	0	0	0	0	0	0	0	168	0	0	0	0	0	0	0	0	0	0	0	0	0	0	0	0	0	0	0	0	0	0	0	0	0	0	
205772	Thalamus_R	282	432	404	10910	0	0	124	740	0	0	0	0	0	0	0	0	0	126	322	23290	0	0	0	0	0	0	0	0	180	592	0	0	0	0	3210	4048	4172	8110	1688	4432	0	0	0	0	0	0	194	2180	0	0	0	0	0	0	854	3668	206	554	0	0	0	0	0	480	0	0	0	254	0	0	974	16696	306	3508	134	0	9170	0	0	0	0	0	0	0	0	0	0	0	0	528	0	0	0	0	0	0	0	118	0	0	0	0	0	0	0	0	0	0	0	0	0	0	0	0	0	0	
131712	Heschl_L	5748	0	1228	0	0	0	2090	0	0	0	2528	0	0	0	0	0	4814	0	542	132	0	0	0	0	0	0	0	0	12642	0	0	0	0	0	0	0	2148	0	0	0	0	0	204	0	0	0	0	0	0	0	3544	0	2292	0	3370	0	1766	0	0	0	1288	0	884	0	0	0	0	0	0	0	0	0	0	0	0	0	0	0	0	0	5796	0	0	0	8354	0	0	0	6486	0	0	0	0	0	0	0	0	0	0	0	0	0	0	0	0	0	0	0	0	0	0	0	0	0	0	0	
46576	Heschl_R	0	356	0	146	0	0	0	0	0	0	0	124	0	0	0	0	0	3896	0	238	0	0	0	0	0	0	0	0	0	5500	0	0	0	0	0	0	0	402	0	0	0	0	0	380	0	0	0	132	0	0	0	160	0	256	0	300	0	376	0	0	0	0	0	0	0	0	0	242	0	0	0	0	0	116	0	0	0	0	0	0	0	7012	0	382	0	1852	0	0	0	1418	0	0	0	0	0	0	0	0	0	0	0	0	0	0	0	0	0	0	0	0	0	0	0	0	0	0	
199500	Temporal_Sup_L	2768	0	910	0	0	0	306	0	0	0	1986	0	0	0	442	0	7716	0	766	0	0	0	0	0	0	0	0	0	10886	0	0	0	0	0	0	0	2986	0	332	0	538	0	450	0	0	0	0	0	0	0	2238	0	1982	0	3558	0	1202	0	0	0	778	0	5406	0	726	0	288	0	184	0	494	0	322	0	0	0	0	0	5796	0	0	0	8292	0	24316	0	140	0	13942	0	0	0	0	0	0	0	0	0	0	0	0	0	0	0	0	0	0	0	0	0	0	0	0	0	0	0	
165028	Temporal_Sup_R	0	954	0	542	0	0	0	338	0	0	0	362	0	0	0	1542	0	3640	0	1912	0	0	0	0	0	0	0	0	0	13304	0	0	0	448	0	396	0	2530	0	0	0	378	0	230	0	142	0	0	0	186	0	384	0	0	0	3302	0	2260	0	0	0	220	0	4100	0	4062	0	960	0	1744	0	266	0	1214	0	0	0	0	0	7012	0	0	0	4614	0	19060	0	508	0	5904	0	0	0	0	0	0	0	0	0	0	0	0	0	0	0	0	0	0	0	0	0	0	0	0	0	0	
133016	Temporal_Pole_Sup_L	0	0	1434	0	484	0	134	0	160	0	2676	0	906	0	2316	0	1992	0	1216	0	208	0	0	0	0	0	134	0	5740	0	0	0	0	0	0	0	6156	0	692	0	4572	0	0	0	0	0	0	0	0	0	0	0	0	0	5248	0	0	0	0	0	0	0	0	0	0	0	0	0	0	0	688	0	640	0	0	0	0	0	0	0	8292	0	0	0	12088	0	3402	0	7330	0	0	0	0	0	0	0	0	0	0	0	0	0	0	0	0	0	0	0	0	0	0	0	0	0	0	0	
97428	Temporal_Pole_Sup_R	0	0	0	0	0	0	0	0	0	0	0	200	0	0	0	3390	0	1612	0	0	0	0	0	0	0	0	0	0	0	4178	0	0	0	0	0	0	0	2000	0	5078	0	4628	0	0	0	0	0	0	0	0	0	0	0	0	0	7394	0	0	0	0	0	0	0	0	0	0	0	0	0	0	0	0	0	376	0	0	0	0	0	382	0	4614	0	0	0	4362	0	5984	0	4516	0	0	0	0	0	0	0	0	0	0	0	0	0	0	0	0	0	0	0	0	0	0	0	0	0	0	
389760	Temporal_Mid_L	4826	0	586	0	0	0	574	0	0	0	396	0	0	0	110	0	5940	0	272	0	0	0	0	0	0	0	0	0	8950	0	0	0	0	0	0	0	6128	0	230	0	2396	0	374	0	144	0	0	0	0	0	20332	0	4616	0	6786	0	9252	0	738	0	10300	0	6302	0	12552	0	498	0	580	0	0	0	292	0	0	0	0	0	8354	0	24316	0	12088	0	0	0	2190	0	44758	0	0	0	0	0	0	0	0	0	0	0	0	0	0	0	0	0	0	0	0	0	0	0	0	0	0	0	
272888	Temporal_Mid_R	0	558	0	302	0	0	0	0	0	0	0	0	0	0	0	636	0	1174	0	2236	0	0	0	0	0	0	0	0	0	4750	0	0	0	1274	0	686	0	2206	0	244	0	608	0	4830	0	2726	0	526	0	2328	0	11290	0	820	0	4272	0	7246	0	0	0	1062	0	3176	0	8716	0	8536	0	8662	0	178	0	172	0	0	0	0	0	1852	0	19060	0	4362	0	0	0	2418	0	29538	0	0	0	0	0	0	0	0	0	0	0	0	0	0	0	0	0	0	0	0	0	0	0	0	0	0	
22512	Temporal_Pole_Mid_L	0	0	0	0	0	0	0	0	0	0	0	0	0	0	0	0	0	0	0	0	0	0	0	0	0	0	0	0	0	0	0	0	0	0	0	0	420	0	384	0	262	0	0	0	0	0	0	0	0	0	0	0	0	0	1650	0	0	0	0	0	0	0	0	0	0	0	0	0	0	0	0	0	0	0	0	0	0	0	0	0	140	0	3402	0	2190	0	0	0	2808	0	0	0	0	0	0	0	0	0	0	0	0	0	0	0	0	0	0	0	0	0	0	0	0	0	0	0	
41932	Temporal_Pole_Mid_R	0	0	0	0	0	0	0	0	0	0	0	0	0	0	0	312	0	0	0	0	0	0	0	0	0	0	0	0	0	0	0	0	0	0	0	0	0	580	0	2286	0	1474	0	0	0	0	0	0	0	0	0	0	0	0	0	4276	0	0	0	0	0	0	0	0	0	0	0	0	0	0	0	0	0	0	0	0	0	0	0	0	0	508	0	5984	0	2418	0	0	0	3128	0	0	0	0	0	0	0	0	0	0	0	0	0	0	0	0	0	0	0	0	0	0	0	0	0	0	
308364	Temporal_Inf_L	2930	0	1348	0	0	0	1134	0	0	0	526	0	0	0	0	0	3676	0	642	0	0	0	0	0	0	0	0	0	9766	0	0	0	0	0	160	0	8532	0	1234	0	1886	0	368	0	0	0	306	0	0	0	6674	0	6090	0	16900	0	2912	0	174	0	3664	0	3260	0	2802	0	656	0	194	0	0	0	1532	0	0	0	0	0	6486	0	13942	0	7330	0	44758	0	2808	0	0	0	1492	0	0	0	0	0	0	0	0	0	0	0	0	0	0	0	0	0	0	0	0	0	0	0	0	0	
263556	Temporal_Inf_R	0	580	0	576	0	0	0	0	0	0	0	0	0	0	0	642	0	1364	0	2380	0	0	0	0	0	0	0	0	0	9186	0	0	0	468	914	1744	812	10274	592	3304	0	1908	0	4766	0	878	0	1606	0	852	0	2778	0	4758	488	22114	0	2300	0	0	0	238	0	1242	0	450	0	3344	0	1844	0	144	0	1944	0	0	168	528	0	1418	0	5904	0	4516	0	29538	0	3128	0	0	0	1852	0	0	0	0	0	0	0	236	0	0	0	0	0	0	0	0	0	0	0	0	0	0	0	0	
536568	Cerebelum_Crus1_L	0	0	0	0	0	0	0	0	0	0	0	0	0	0	0	0	0	0	0	0	0	0	0	0	0	0	0	0	0	0	0	0	0	0	0	0	594	0	846	0	0	0	0	0	0	0	4454	526	0	0	0	0	0	0	16476	714	0	0	0	0	0	0	0	0	0	0	0	0	0	0	0	0	0	0	0	0	0	0	0	0	0	0	0	0	0	0	0	0	1492	0	0	2912	35170	5332	672	450	19826	2808	53682	9324	20408	3646	28302	10018	2148	4908	304	1724	0	450	4152	9514	14868	7028	5164	372	
418384	Cerebelum_Crus1_R	0	0	0	0	0	0	0	0	0	0	0	0	0	0	0	0	0	0	0	0	0	0	0	0	0	0	0	0	0	0	0	0	0	0	0	0	0	0	0	0	0	0	0	0	0	0	580	2736	0	0	0	0	0	0	298	13120	0	0	0	0	0	0	0	0	0	0	0	0	0	0	0	0	0	0	0	0	0	0	0	0	0	0	0	0	0	0	0	0	0	1852	2912	0	1262	39134	330	3698	4110	19216	3448	52472	756	10436	1428	25226	370	4658	0	762	0	1938	7408	3066	5200	1362	1414	0	
274296	Cerebelum_Crus2_L	0	0	0	0	0	0	0	0	0	0	0	0	0	0	0	0	0	0	0	0	0	0	0	0	0	0	0	0	0	0	0	0	0	0	0	0	0	0	0	0	0	0	0	0	0	0	176	0	0	0	0	0	0	0	212	0	0	0	0	0	0	0	0	0	0	0	0	0	0	0	0	0	0	0	0	0	0	0	0	0	0	0	0	0	0	0	0	0	0	0	35170	1262	0	4126	0	0	442	188	8454	3086	28200	3360	27226	6214	2096	1264	0	640	0	0	168	1472	8662	3290	1440	0	
317444	Cerebelum_Crus2_R	0	0	0	0	0	0	0	0	0	0	0	0	0	0	0	0	0	0	0	0	0	0	0	0	0	0	0	0	0	0	0	0	0	0	0	0	0	0	0	0	0	0	0	0	0	0	0	0	0	0	0	0	0	0	0	510	0	0	0	0	0	0	0	0	0	0	0	0	0	0	0	0	0	0	0	0	0	0	0	0	0	0	0	0	0	0	0	0	0	0	5332	39134	4126	0	114	760	464	2432	1044	9838	5398	25070	6056	35270	486	5786	0	284	0	322	768	734	8642	4760	1392	0	
46344	Cerebelum_3_L	0	0	0	0	0	0	0	0	0	0	0	0	0	0	0	0	0	0	0	0	0	0	0	0	0	0	0	0	0	0	0	0	0	0	0	0	0	0	436	0	0	0	0	0	0	0	222	0	0	0	0	0	0	0	0	0	0	0	0	0	0	0	0	0	0	0	0	0	0	0	0	0	0	0	0	0	0	0	0	0	0	0	0	0	0	0	0	0	0	0	672	330	0	114	0	334	5518	190	2582	700	0	0	562	616	1498	646	0	116	1292	1856	1160	1352	1018	1018	940	0	
59488	Cerebelum_3_R	0	0	0	0	0	0	0	0	0	0	0	0	0	0	0	0	0	0	0	0	0	0	0	0	0	0	0	0	0	0	0	0	0	0	0	0	0	0	0	0	0	0	0	0	0	0	0	120	0	0	0	0	0	0	0	146	0	0	0	0	0	0	0	0	0	0	0	0	0	0	0	0	0	0	0	0	0	0	0	0	0	0	0	0	0	0	0	0	0	0	450	3698	0	760	334	0	1116	6012	516	6472	0	0	144	396	0	582	0	0	576	4106	2324	532	772	322	366	0	
319620	Cerebelum_4_5_L	0	0	0	0	0	0	0	0	0	0	0	0	0	0	0	0	0	0	0	0	0	0	0	0	0	0	0	0	0	0	0	0	0	0	0	0	476	0	846	0	0	0	0	0	0	0	12744	2642	0	0	286	0	922	204	15940	1774	0	0	0	0	0	0	0	0	0	0	0	0	0	0	0	0	0	0	0	0	0	0	0	0	0	0	0	0	0	0	0	0	0	0	19826	4110	442	464	5518	1116	0	9586	36446	7762	594	0	3034	670	2316	1524	370	238	596	2280	16820	4584	1874	1396	1434	976	
285744	Cerebelum_4_5_R	0	0	0	0	0	0	0	0	0	0	0	0	0	0	0	0	0	0	0	0	0	0	0	0	0	0	0	0	0	0	0	0	0	0	0	0	0	1114	0	2232	0	0	0	0	0	0	3580	8512	0	0	192	0	482	862	1860	12546	0	0	0	0	0	0	0	0	0	0	0	0	0	0	0	0	0	0	0	0	0	118	0	0	0	0	0	0	0	0	0	0	0	0	2808	19216	188	2432	190	6012	9586	0	7406	32876	206	138	608	934	170	1336	0	0	186	3082	17644	3488	1212	280	514	862	
551288	Cerebelum_6_L	0	0	0	0	0	0	0	0	0	0	0	0	0	0	0	0	0	0	0	0	0	0	0	0	0	0	0	0	0	0	0	0	0	0	0	0	620	0	988	0	0	0	0	0	0	0	12976	3488	0	0	670	0	1642	312	25684	2762	0	0	0	0	0	0	0	0	0	0	0	0	0	0	0	0	0	0	0	0	0	0	0	0	0	0	0	0	0	0	0	0	0	0	53682	3448	8454	1044	2582	516	36446	7406	0	12316	5476	698	13742	4416	5006	7704	632	2644	152	650	11054	19272	11438	7902	8392	1430	
494568	Cerebelum_6_R	0	0	0	0	0	0	0	0	0	0	0	0	0	0	0	0	0	0	0	0	0	0	0	0	0	0	0	0	0	0	0	0	0	0	0	0	0	506	0	724	0	0	0	0	0	0	2326	8402	0	0	146	0	298	1592	1500	19142	0	0	0	0	0	0	0	0	0	0	0	0	0	0	0	0	0	0	0	0	0	0	0	0	0	0	0	0	0	0	0	0	0	236	9324	52472	3086	9838	700	6472	7762	32876	12316	0	1790	2664	3740	10322	488	5424	0	1864	428	3904	15070	12230	10670	3232	4830	910	
244784	Cerebelum_7b_L	0	0	0	0	0	0	0	0	0	0	0	0	0	0	0	0	0	0	0	0	0	0	0	0	0	0	0	0	0	0	0	0	0	0	0	0	0	0	0	0	0	0	0	0	0	0	0	0	0	0	0	0	0	0	0	0	0	0	0	0	0	0	0	0	0	0	0	0	0	0	0	0	0	0	0	0	0	0	0	0	0	0	0	0	0	0	0	0	0	0	20408	756	28200	5398	0	0	594	206	5476	1790	0	3420	28974	6518	2824	1136	252	368	0	0	232	1320	7720	5444	1356	0	
181708	Cerebelum_7b_R	0	0	0	0	0	0	0	0	0	0	0	0	0	0	0	0	0	0	0	0	0	0	0	0	0	0	0	0	0	0	0	0	0	0	0	0	0	0	0	0	0	0	0	0	0	0	0	0	0	0	0	0	0	0	0	0	0	0	0	0	0	0	0	0	0	0	0	0	0	0	0	0	0	0	0	0	0	0	0	0	0	0	0	0	0	0	0	0	0	0	3646	10436	3360	25070	0	0	0	138	698	2664	3420	0	3528	24722	190	3696	0	150	0	0	0	386	5848	2224	678	0	
422112	Cerebelum_8_L	0	0	0	0	0	0	0	0	0	0	0	0	0	0	0	0	0	0	0	0	0	0	0	0	0	0	0	0	0	0	0	0	0	0	0	0	0	0	0	0	0	0	0	0	0	0	134	124	0	0	0	0	0	0	214	158	0	0	0	0	0	0	0	0	0	0	0	0	0	0	0	0	0	0	0	0	0	0	0	0	0	0	0	0	0	0	0	0	0	0	28302	1428	27226	6056	562	144	3034	608	13742	3740	28974	3528	0	11104	19604	8566	1998	2932	0	132	744	8402	14868	14576	9734	422	
386448	Cerebelum_8_R	0	0	0	0	0	0	0	0	0	0	0	0	0	0	0	0	0	0	0	0	0	0	0	0	0	0	0	0	0	0	0	0	0	0	0	0	0	0	0	0	0	0	0	0	0	0	0	0	0	0	0	0	0	0	0	206	0	0	0	0	0	0	0	0	0	0	0	0	0	0	0	0	0	0	0	0	0	0	0	0	0	0	0	0	0	0	0	0	0	0	10018	25226	6214	35270	616	396	670	934	4416	10322	6518	24722	11104	0	1782	17432	0	1752	0	150	348	3978	14822	10228	6100	0	
130712	Cerebelum_9_L	0	0	0	0	0	0	0	0	0	0	0	0	0	0	0	0	0	0	0	0	0	0	0	0	0	0	0	0	0	0	0	0	0	0	0	0	0	0	0	0	0	0	0	0	0	0	142	0	0	0	0	0	0	0	230	0	0	0	0	0	0	0	0	0	0	0	0	0	0	0	0	0	0	0	0	0	0	0	0	0	0	0	0	0	0	0	0	0	0	0	2148	370	2096	486	1498	0	2316	170	5006	488	2824	190	19604	1782	0	4262	2948	1036	0	0	412	4600	3130	4070	4856	692	
249928	Cerebelum_9_R	0	0	0	0	0	0	0	0	0	0	0	0	0	0	0	0	0	0	0	0	0	0	0	0	0	0	0	0	0	0	0	0	0	0	0	0	0	0	0	0	0	0	0	0	0	0	116	332	0	0	0	0	0	0	0	0	0	0	0	0	0	0	0	0	0	0	0	0	0	0	0	0	0	0	0	0	0	0	0	0	0	0	0	0	0	0	0	0	0	0	4908	4658	1264	5786	646	582	1524	1336	7704	5424	1136	3696	8566	17432	4262	0	374	4776	194	510	1812	10156	9652	11000	15086	2032	
17536	Cerebelum_10_L	0	0	0	0	0	0	0	0	0	0	0	0	0	0	0	0	0	0	0	0	0	0	0	0	0	0	0	0	0	0	0	0	0	0	0	0	0	0	0	0	0	0	0	0	0	0	0	0	0	0	0	0	0	0	0	0	0	0	0	0	0	0	0	0	0	0	0	0	0	0	0	0	0	0	0	0	0	0	0	0	0	0	0	0	0	0	0	0	0	0	304	0	0	0	0	0	370	0	632	0	252	0	1998	0	2948	374	0	0	0	0	0	654	364	432	440	0	
66288	Cerebelum_10_R	0	0	0	0	0	0	0	0	0	0	0	0	0	0	0	0	0	0	0	0	0	0	0	0	0	0	0	0	0	0	0	0	0	0	0	0	0	0	0	0	0	0	0	0	0	0	0	0	0	0	0	0	0	0	0	0	0	0	0	0	0	0	0	0	0	0	0	0	0	0	0	0	0	0	0	0	0	0	0	0	0	0	0	0	0	0	0	0	0	0	1724	762	640	284	116	0	238	0	2644	1864	368	150	2932	1752	1036	4776	0	0	0	0	0	3160	3736	3488	3474	0	
16544	Vermis_1_2	0	0	0	0	0	0	0	0	0	0	0	0	0	0	0	0	0	0	0	0	0	0	0	0	0	0	0	0	0	0	0	0	0	0	0	0	0	0	206	0	0	0	0	0	0	0	0	0	0	0	0	0	0	0	0	0	0	0	0	0	0	0	0	0	0	0	0	0	0	0	0	0	0	0	0	0	0	0	0	0	0	0	0	0	0	0	0	0	0	0	0	0	0	0	1292	576	596	186	152	428	0	0	0	0	0	194	0	0	0	3742	760	140	0	0	0	0	
56484	Vermis_3	0	0	0	0	0	0	0	0	0	0	0	0	0	0	0	0	0	0	0	0	0	0	0	0	0	0	0	0	0	0	0	0	0	0	0	0	0	0	406	0	0	0	0	0	0	0	0	0	0	0	0	0	0	0	0	0	0	0	0	0	0	0	0	0	0	0	0	0	0	0	0	0	0	0	0	0	0	0	0	0	0	0	0	0	0	0	0	0	0	0	450	1938	0	322	1856	4106	2280	3082	650	3904	0	0	132	150	0	510	0	0	3742	0	3232	504	436	214	328	0	
224240	Vermis_4_5	0	0	0	0	0	0	0	0	0	0	0	0	0	0	0	0	0	0	0	0	0	0	0	0	0	0	0	0	0	0	0	0	0	0	132	170	116	0	0	0	0	0	0	0	0	0	5166	4922	0	0	226	0	596	532	2630	4444	0	0	0	0	0	0	0	0	0	0	0	230	0	0	0	0	0	0	0	0	0	0	0	0	0	0	0	0	0	0	0	0	0	0	4152	7408	168	768	1160	2324	16820	17644	11054	15070	232	0	744	348	412	1812	0	0	760	3232	0	4838	890	506	704	1910	
272552	Vermis_6	0	0	0	0	0	0	0	0	0	0	0	0	0	0	0	0	0	0	0	0	0	0	0	0	0	0	0	0	0	0	0	0	0	0	0	0	0	0	0	0	0	0	0	0	0	0	1656	2318	0	0	0	0	0	150	1118	1386	0	0	0	0	0	0	0	0	0	0	0	0	0	0	0	0	0	0	0	0	0	0	0	0	0	0	0	0	0	0	0	0	0	0	9514	3066	1472	734	1352	532	4584	3488	19272	12230	1320	386	8402	3978	4600	10156	654	3160	140	504	4838	0	12218	9450	10832	2766	
327284	Vermis_7	0	0	0	0	0	0	0	0	0	0	0	0	0	0	0	0	0	0	0	0	0	0	0	0	0	0	0	0	0	0	0	0	0	0	0	0	0	0	0	0	0	0	0	0	0	0	156	338	0	0	0	0	0	0	172	0	0	0	0	0	0	0	0	0	0	0	0	0	0	0	0	0	0	0	0	0	0	0	0	0	0	0	0	0	0	0	0	0	0	0	14868	5200	8662	8642	1018	772	1874	1212	11438	10670	7720	5848	14868	14822	3130	9652	364	3736	0	436	890	12218	0	13316	11136	484	
