data	data	508324	272548	759236	814936	107160	61428	406628	355892	61532	28136	250496	159716	319556	189228	168928	132592	167412	86196	622232	833036	68972	73936	255644	250512	64908	86292	73684	68892	592456	284000	238196	415528	179776	481472	94380	129660	224184	280856	67304	155588	47412	64188	315540	272104	244828	218048	183804	265064	218788	294168	487732	252116	95612	80888	281164	470224	402364	237660	242696	86280	266592	68884	97068	74580	185108	99404	417740	265000	219048	251676	216060	482944	252136	416976	48180	22308	143128	274032	91456	39032	162748	76956	102312	55752	332792	138588	36464	31352	287240	148280	423072	433236	356124	343372	41664	42236	245376	213788	377636	444868	250008	145748	421988	358104	160680	180380	37436	8192	17888	35368	206504	186152	292148	184288	142204	60036	
data	data	Precentral_L	Precentral_R	Frontal_Sup_L	Frontal_Sup_R	Frontal_Sup_Orb_L	Frontal_Sup_Orb_R	Frontal_Mid_L	Frontal_Mid_R	Frontal_Mid_Orb_L	Frontal_Mid_Orb_R	Frontal_Inf_Oper_L	Frontal_Inf_Oper_R	Frontal_Inf_Tri_L	Frontal_Inf_Tri_R	Frontal_Inf_Orb_L	Frontal_Inf_Orb_R	Rolandic_Oper_L	Rolandic_Oper_R	Supp_Motor_Area_L	Supp_Motor_Area_R	Olfactory_L	Olfactory_R	Frontal_Sup_Medial_L	Frontal_Sup_Medial_R	Frontal_Med_Orb_L	Frontal_Med_Orb_R	Rectus_L	Rectus_R	Insula_L	Insula_R	Cingulum_Ant_L	Cingulum_Ant_R	Cingulum_Mid_L	Cingulum_Mid_R	Cingulum_Post_L	Cingulum_Post_R	Hippocampus_L	Hippocampus_R	ParaHippocampal_L	ParaHippocampal_R	Amygdala_L	Amygdala_R	Calcarine_L	Calcarine_R	Cuneus_L	Cuneus_R	Lingual_L	Lingual_R	Occipital_Sup_L	Occipital_Sup_R	Occipital_Mid_L	Occipital_Mid_R	Occipital_Inf_L	Occipital_Inf_R	Fusiform_L	Fusiform_R	Postcentral_L	Postcentral_R	Parietal_Sup_L	Parietal_Sup_R	Parietal_Inf_L	Parietal_Inf_R	SupraMarginal_L	SupraMarginal_R	Angular_L	Angular_R	Precuneus_L	Precuneus_R	Paracentral_Lobule_L	Paracentral_Lobule_R	Caudate_L	Caudate_R	Putamen_L	Putamen_R	Pallidum_L	Pallidum_R	Thalamus_L	Thalamus_R	Heschl_L	Heschl_R	Temporal_Sup_L	Temporal_Sup_R	Temporal_Pole_Sup_L	Temporal_Pole_Sup_R	Temporal_Mid_L	Temporal_Mid_R	Temporal_Pole_Mid_L	Temporal_Pole_Mid_R	Temporal_Inf_L	Temporal_Inf_R	Cerebelum_Crus1_L	Cerebelum_Crus1_R	Cerebelum_Crus2_L	Cerebelum_Crus2_R	Cerebelum_3_L	Cerebelum_3_R	Cerebelum_4_5_L	Cerebelum_4_5_R	Cerebelum_6_L	Cerebelum_6_R	Cerebelum_7b_L	Cerebelum_7b_R	Cerebelum_8_L	Cerebelum_8_R	Cerebelum_9_L	Cerebelum_9_R	Cerebelum_10_L	Cerebelum_10_R	Vermis_1_2	Vermis_3	Vermis_4_5	Vermis_6	Vermis_7	Vermis_8	Vermis_9	Vermis_10	
508324	Precentral_L	0	5256	21972	3226	0	0	16232	1352	0	0	18004	104	3662	188	500	0	12270	366	17030	8468	0	0	660	0	0	0	0	0	15072	334	1454	360	1960	4576	570	606	6966	402	326	122	0	0	100	0	0	0	0	0	332	0	1136	0	366	0	480	96	31714	350	526	0	424	0	1200	0	364	0	760	0	15272	2636	2896	7672	8180	1430	2656	232	18196	6710	2830	0	3558	0	790	0	520	0	0	0	698	0	0	0	0	0	0	0	0	0	0	0	0	0	0	0	0	0	0	0	0	0	0	0	0	0	0	0	
272548	Precentral_R	5256	0	338	6882	0	0	170	11066	0	0	108	2662	108	314	812	0	1390	2612	1720	6678	0	0	0	0	0	0	0	0	3116	3316	0	0	148	2816	0	148	1156	4708	0	1476	0	0	0	0	0	0	0	0	0	686	0	90	0	0	334	1454	3338	8762	0	568	0	808	240	2682	0	658	102	216	3862	9858	2040	9786	4290	4638	986	106	730	21422	134	276	304	196	148	0	0	0	0	0	186	374	0	0	0	0	0	0	0	0	0	0	0	0	0	0	0	0	0	0	0	0	0	0	0	0	0	0	
759236	Frontal_Sup_L	21972	338	0	8794	4942	0	66340	1986	2992	0	19724	316	27708	878	7040	468	6176	0	73478	9806	108	0	30076	628	2602	110	1066	0	34388	260	11662	2162	6990	1094	234	0	0	0	0	0	0	0	0	0	0	0	0	0	0	0	0	0	0	0	0	0	1140	0	0	0	0	0	0	0	0	0	240	0	1116	0	9560	8250	8492	2864	0	0	0	1272	206	0	1074	0	1066	0	0	0	0	0	0	0	0	0	0	0	0	0	0	0	0	0	0	0	0	0	0	0	0	0	0	0	0	0	0	0	0	0	
814936	Frontal_Sup_R	3226	6882	8794	0	0	4216	158	38372	0	2702	226	12736	258	11206	272	8664	234	4308	19528	86422	0	0	5612	32634	0	4102	0	1072	1178	17394	4458	30712	2714	22520	0	0	366	4016	0	2346	0	0	0	0	0	0	0	0	0	0	0	0	0	0	0	1348	154	1100	0	0	0	0	0	428	0	0	0	0	1056	0	532	24274	1244	35660	588	2156	0	1246	0	200	0	154	0	0	0	0	0	0	0	0	0	0	0	0	0	0	0	0	0	0	0	0	0	0	0	0	0	0	0	0	0	0	0	0	0	0	
107160	Frontal_Sup_Orb_L	0	0	4942	0	0	0	1064	0	7574	0	0	0	1270	0	8200	0	0	0	0	0	1916	208	2764	0	6748	368	6746	90	2886	0	2820	350	0	0	0	0	0	0	0	0	138	0	0	0	0	0	0	0	0	0	0	0	0	0	0	0	0	0	0	0	0	0	0	0	0	0	0	0	0	0	1224	182	4090	0	0	0	0	0	0	0	0	0	0	0	0	0	0	0	0	0	0	0	0	0	0	0	0	0	0	0	0	0	0	0	0	0	0	0	0	0	0	0	0	0	0	0	
61428	Frontal_Sup_Orb_R	0	0	0	4216	0	0	0	1076	0	3262	0	0	0	0	0	2912	0	0	0	0	0	592	0	1112	236	5806	512	6902	0	450	626	222	0	0	0	0	0	0	0	0	0	0	0	0	0	0	0	0	0	0	0	0	0	0	0	0	0	0	0	0	0	0	0	0	0	0	0	0	0	0	0	1480	0	1310	0	0	0	0	0	0	0	0	0	0	0	0	0	0	0	0	0	0	0	0	0	0	0	0	0	0	0	0	0	0	0	0	0	0	0	0	0	0	0	0	0	0	
406628	Frontal_Mid_L	16232	170	66340	158	1064	0	0	152	3438	0	11470	0	34940	188	5158	0	2036	0	20014	220	0	0	10022	120	0	0	0	0	21186	0	1386	350	1588	120	0	0	0	0	0	0	0	0	0	0	0	0	0	0	0	0	0	0	0	0	0	0	912	0	0	0	0	0	0	0	0	0	0	0	0	0	3152	1392	648	214	0	0	0	422	0	0	222	0	0	0	0	0	0	0	0	0	0	0	0	0	0	0	0	0	0	0	0	0	0	0	0	0	0	0	0	0	0	0	0	0	0	0	
355892	Frontal_Mid_R	1352	11066	1986	38372	0	1076	152	0	0	3234	0	8632	180	21992	292	11342	440	1874	6282	15110	0	0	590	5824	0	0	0	0	1086	6826	326	9860	418	6016	0	0	144	798	0	262	0	0	0	0	0	0	0	0	0	112	0	0	0	0	0	264	656	256	0	0	0	0	0	0	0	0	0	0	286	0	720	8052	516	10642	0	0	0	792	0	0	0	118	0	0	0	0	0	0	0	0	0	0	0	0	0	0	0	0	0	0	0	0	0	0	0	0	0	0	0	0	0	0	0	0	0	0	
61532	Frontal_Mid_Orb_L	0	0	2992	0	7574	0	3438	0	0	0	0	0	3516	0	10062	0	0	0	0	0	0	0	0	0	0	0	494	0	2144	0	0	0	0	0	0	0	0	0	0	0	0	0	0	0	0	0	0	0	0	0	0	0	0	0	0	0	0	0	0	0	0	0	0	0	0	0	0	0	0	0	0	0	546	0	0	0	0	0	0	0	0	0	0	0	0	0	0	0	0	0	0	0	0	0	0	0	0	0	0	0	0	0	0	0	0	0	0	0	0	0	0	0	0	0	0	0	
28136	Frontal_Mid_Orb_R	0	0	0	2702	0	3262	0	3234	0	0	0	0	0	178	0	4288	0	0	0	182	0	0	0	0	0	0	0	0	0	0	0	0	0	0	0	0	0	0	0	0	0	0	0	0	0	0	0	0	0	0	0	0	0	0	0	0	0	0	0	0	0	0	0	0	0	0	0	0	0	0	0	222	0	0	0	0	0	0	0	0	0	0	0	0	0	0	0	0	0	0	0	0	0	0	0	0	0	0	0	0	0	0	0	0	0	0	0	0	0	0	0	0	0	0	0	0	
250496	Frontal_Inf_Oper_L	18004	108	19724	226	0	0	11470	0	0	0	0	154	18416	180	666	0	8576	0	13914	244	0	0	1112	0	0	0	0	0	14442	0	1582	238	146	0	0	0	1084	0	0	0	0	0	0	0	0	0	0	0	120	0	276	0	198	0	240	0	6232	0	132	0	0	0	0	0	0	0	140	0	0	0	600	942	816	0	154	0	0	182	1248	0	1384	0	1472	0	324	0	0	0	502	0	0	0	0	0	0	0	0	0	0	0	0	0	0	0	0	0	0	0	0	0	0	0	0	0	0	0	
159716	Frontal_Inf_Oper_R	104	2662	316	12736	0	0	0	8632	0	0	154	0	334	16186	0	674	0	4034	1942	11798	0	0	0	116	0	0	0	0	212	8812	88	1774	0	848	0	0	0	386	0	196	0	0	0	0	0	0	0	0	0	0	0	0	0	0	0	102	0	1322	0	0	0	0	0	138	0	0	0	0	0	0	256	1938	0	3412	0	0	0	190	0	122	0	0	0	374	0	0	0	0	0	0	0	0	0	0	0	0	0	0	0	0	0	0	0	0	0	0	0	0	0	0	0	0	0	0	0	0	
319556	Frontal_Inf_Tri_L	3662	108	27708	258	1270	0	34940	180	3516	0	18416	334	0	426	15396	0	1218	0	10330	236	0	0	2104	0	0	0	0	0	28870	0	2490	748	252	96	0	0	0	0	0	0	0	0	0	0	0	0	0	0	0	0	0	0	0	0	0	0	276	0	0	0	0	0	0	0	0	0	0	0	0	0	2566	1708	2036	0	0	0	0	152	124	0	0	0	358	0	0	0	0	0	0	0	0	0	0	0	0	0	0	0	0	0	0	0	0	0	0	0	0	0	0	0	0	0	0	0	0	0	
189228	Frontal_Inf_Tri_R	188	314	878	11206	0	0	188	21992	0	178	180	16186	426	0	0	6344	0	574	2734	10862	0	0	0	356	0	0	0	0	328	8172	242	5082	0	2102	0	0	0	98	0	0	0	0	0	0	0	0	0	0	0	0	0	0	0	0	0	0	0	0	0	0	0	0	0	0	0	0	0	0	0	0	544	2608	0	2744	0	0	0	88	0	0	0	0	0	0	0	0	0	0	0	0	0	0	0	0	0	0	0	0	0	0	0	0	0	0	0	0	0	0	0	0	0	0	0	0	0	0	
168928	Frontal_Inf_Orb_L	500	812	7040	272	8200	0	5158	292	10062	0	666	0	15396	0	0	0	0	0	974	110	2598	0	0	0	0	0	572	0	20486	0	116	0	0	0	0	0	248	0	136	0	426	0	0	0	0	0	0	0	0	0	0	0	0	0	0	0	0	0	0	0	0	0	0	0	0	0	0	0	0	0	1044	332	8118	0	0	0	0	0	0	0	0	0	906	0	0	0	0	0	0	0	0	0	0	0	0	0	0	0	0	0	0	0	0	0	0	0	0	0	0	0	0	0	0	0	0	0	
132592	Frontal_Inf_Orb_R	0	0	468	8664	0	2912	0	11342	0	4288	0	674	0	6344	0	0	0	106	800	4384	0	1776	0	2090	0	0	0	1294	0	6262	0	2716	0	1132	0	0	0	252	0	0	0	762	0	0	0	0	0	0	0	0	0	0	0	0	0	0	0	0	0	0	0	0	0	0	0	0	0	0	0	0	144	4416	0	5470	0	0	0	0	0	0	0	0	0	0	0	0	0	0	0	0	0	0	0	0	0	0	0	0	0	0	0	0	0	0	0	0	0	0	0	0	0	0	0	0	0	0	
167412	Rolandic_Oper_L	12270	1390	6176	234	0	0	2036	440	0	0	8576	0	1218	0	0	0	0	0	2026	148	0	0	0	0	0	0	0	0	12996	0	0	0	0	0	0	0	500	0	0	0	0	0	0	0	0	0	0	0	134	0	730	0	562	0	530	0	12866	0	392	0	698	0	1846	0	680	0	386	0	0	184	382	348	704	0	394	0	108	1008	3164	0	5994	0	2116	0	988	0	0	0	1482	0	0	0	0	0	0	0	0	0	0	0	0	0	0	0	0	0	0	0	0	0	0	0	0	0	0	0	
86196	Rolandic_Oper_R	366	2612	0	4308	0	0	0	1874	0	0	0	4034	0	574	0	106	0	0	0	3192	0	0	0	0	0	0	0	0	0	10420	0	0	0	0	0	0	0	100	0	0	0	0	0	0	0	0	0	0	0	0	0	0	0	0	0	96	362	2946	0	0	0	280	0	3044	0	602	0	0	0	0	0	190	102	2310	0	0	0	0	0	2026	0	2846	0	708	0	0	0	0	0	0	0	0	0	0	0	0	0	0	0	0	0	0	0	0	0	0	0	0	0	0	0	0	0	0	0	0	
622232	Supp_Motor_Area_L	17030	1720	73478	19528	0	0	20014	6282	0	0	13914	1942	10330	2734	974	800	2026	0	0	34460	0	0	13276	2502	0	0	0	0	13096	1202	9642	5264	12960	18804	760	316	0	0	0	0	0	0	0	0	0	0	0	0	0	0	0	0	0	0	0	0	326	0	0	0	0	0	0	0	0	0	736	0	11492	804	3488	5566	1536	2582	250	0	0	974	0	0	144	0	164	0	0	0	0	0	0	0	0	0	0	0	0	0	0	0	0	0	0	0	0	0	0	0	0	0	0	0	0	0	0	0	0	0	
833036	Supp_Motor_Area_R	8468	6678	9806	86422	0	0	220	15110	0	182	244	11798	236	10862	110	4384	148	3192	34460	0	0	0	1420	10730	0	0	0	0	1042	12972	1586	19748	3432	50700	372	1836	896	3892	0	2380	0	0	0	0	0	0	0	0	0	88	0	0	0	0	0	1284	986	4594	0	0	0	102	0	438	0	104	478	514	12044	17100	1376	29434	2030	27656	1400	2502	576	10348	0	138	0	0	0	0	0	0	0	0	0	0	0	0	0	0	0	0	0	0	0	0	0	0	0	0	0	0	0	0	0	0	0	0	0	0	0	0	
68972	Olfactory_L	0	0	108	0	1916	0	0	0	0	0	0	0	0	0	2598	0	0	0	0	0	0	4636	0	0	1410	508	4218	1718	3338	0	2288	2124	0	0	0	0	378	0	268	0	914	0	0	0	0	0	0	0	0	0	0	0	0	0	0	0	0	0	0	0	0	0	0	0	0	0	0	0	0	0	4964	1406	1440	0	0	0	0	0	0	0	0	0	254	0	0	0	0	0	0	0	0	0	0	0	0	0	0	0	0	0	0	0	0	0	0	0	0	0	0	0	0	0	0	0	0	0	
73936	Olfactory_R	0	0	0	0	208	592	0	0	0	0	0	0	0	0	0	1776	0	0	0	0	4636	0	0	0	680	1082	3162	3634	0	2870	2046	3406	0	0	0	0	0	354	0	0	0	1674	0	0	0	0	0	0	0	0	0	0	0	0	0	0	0	0	0	0	0	0	0	0	0	0	0	0	0	0	5538	3512	1208	590	0	0	0	0	0	0	0	0	0	0	0	0	0	0	0	0	0	0	0	0	0	0	0	0	0	0	0	0	0	0	0	0	0	0	0	0	0	0	0	0	0	0	
255644	Frontal_Sup_Medial_L	660	0	30076	5612	2764	0	10022	590	0	0	1112	0	2104	0	0	0	0	0	13276	1420	0	0	0	10154	3404	302	718	0	3840	0	17146	7122	4798	6798	0	0	0	0	0	0	0	0	0	0	0	0	0	0	0	0	0	0	0	0	0	0	0	0	0	0	0	0	0	0	0	0	0	0	0	0	2720	310	2756	0	0	0	0	118	0	0	0	0	0	0	0	0	0	0	0	0	0	0	0	0	0	0	0	0	0	0	0	0	0	0	0	0	0	0	0	0	0	0	0	0	0	0	
250512	Frontal_Sup_Medial_R	0	0	628	32634	0	1112	120	5824	0	0	0	116	0	356	0	2090	0	0	2502	10730	0	0	10154	0	330	5962	0	1014	0	438	5622	21464	482	11650	0	0	0	0	0	0	0	0	0	0	0	0	0	0	0	0	0	0	0	0	0	0	0	0	0	0	0	0	0	0	0	0	0	0	0	0	106	7002	0	4920	0	0	0	0	0	0	0	0	0	0	0	0	0	0	0	0	0	0	0	0	0	0	0	0	0	0	0	0	0	0	0	0	0	0	0	0	0	0	0	0	0	0	
64908	Frontal_Med_Orb_L	0	0	2602	0	6748	236	0	0	0	0	0	0	0	0	0	0	0	0	0	0	1410	680	3404	330	0	1738	3902	346	114	0	6656	1374	0	0	0	0	0	0	0	0	0	0	0	0	0	0	0	0	0	0	0	0	0	0	0	0	0	0	0	0	0	0	0	0	0	0	0	0	0	0	1480	456	978	0	0	0	0	0	0	0	0	0	0	0	0	0	0	0	0	0	0	0	0	0	0	0	0	0	0	0	0	0	0	0	0	0	0	0	0	0	0	0	0	0	0	0	
86292	Frontal_Med_Orb_R	0	0	110	4102	368	5806	0	0	0	0	0	0	0	0	0	0	0	0	0	0	508	1082	302	5962	1738	0	814	6722	0	0	3430	6464	0	0	0	0	0	0	0	0	0	0	0	0	0	0	0	0	0	0	0	0	0	0	0	0	0	0	0	0	0	0	0	0	0	0	0	0	0	0	384	4088	0	1266	0	0	0	0	0	0	0	0	0	0	0	0	0	0	0	0	0	0	0	0	0	0	0	0	0	0	0	0	0	0	0	0	0	0	0	0	0	0	0	0	0	0	
73684	Rectus_L	0	0	1066	0	6746	512	0	0	494	0	0	0	0	0	572	0	0	0	0	0	4218	3162	718	0	3902	814	0	2184	496	0	2900	1248	0	0	0	0	0	0	0	0	0	0	0	0	0	0	0	0	0	0	0	0	0	0	0	0	0	0	0	0	0	0	0	0	0	0	0	0	0	0	4972	898	1940	0	0	0	0	0	0	0	0	0	0	0	0	0	0	0	0	0	0	0	0	0	0	0	0	0	0	0	0	0	0	0	0	0	0	0	0	0	0	0	0	0	0	0	
68892	Rectus_R	0	0	0	1072	90	6902	0	0	0	0	0	0	0	0	0	1294	0	0	0	0	1718	3634	0	1014	346	6722	2184	0	0	1118	868	2434	0	0	0	0	0	0	0	0	0	258	0	0	0	0	0	0	0	0	0	0	0	0	0	0	0	0	0	0	0	0	0	0	0	0	0	0	0	0	1652	1944	338	858	0	0	0	0	0	0	0	0	0	0	0	0	0	0	0	0	0	0	0	0	0	0	0	0	0	0	0	0	0	0	0	0	0	0	0	0	0	0	0	0	0	0	
592456	Insula_L	15072	3116	34388	1178	2886	0	21186	1086	2144	0	14442	212	28870	328	20486	0	12996	0	13096	1042	3338	0	3840	0	114	0	496	0	0	114	1864	532	816	0	0	0	14826	0	1394	0	6148	0	124	0	180	0	0	0	604	0	2144	0	732	0	4764	0	4778	342	688	0	832	0	858	0	504	90	694	0	334	294	5224	2374	23510	356	104	0	1156	2442	11242	0	5356	0	6000	0	5378	0	146	0	8968	0	0	0	0	0	0	0	0	0	0	0	0	0	0	0	0	0	0	0	0	0	0	0	0	0	0	0	
284000	Insula_R	334	3316	260	17394	0	450	0	6826	0	0	0	8812	0	8172	0	6262	0	10420	1202	12972	0	2870	0	438	0	0	0	1118	114	0	162	2746	204	1384	0	88	0	4932	0	1680	0	3470	0	0	0	0	0	0	0	202	0	0	0	0	0	1970	284	2160	0	0	0	0	0	900	0	0	0	0	0	0	136	2432	156	31656	0	0	0	344	0	1556	0	1692	0	1116	0	766	0	0	0	1004	0	0	0	0	0	0	0	0	0	0	0	0	0	0	0	0	0	0	0	0	0	0	0	0	0	0	
238196	Cingulum_Ant_L	1454	0	11662	4458	2820	626	1386	326	0	0	1582	88	2490	242	116	0	0	0	9642	1586	2288	2046	17146	5622	6656	3430	2900	868	1864	162	0	15568	5190	3264	284	0	0	0	0	0	0	0	0	0	0	0	0	0	0	0	0	0	0	0	0	0	0	0	0	0	0	0	0	0	0	0	180	0	210	0	6204	1928	4490	320	0	0	0	0	0	0	0	0	0	0	0	0	0	0	0	0	0	0	0	0	0	0	0	0	0	0	0	0	0	0	0	0	0	0	0	0	0	0	0	0	0	0	
415528	Cingulum_Ant_R	360	0	2162	30712	350	222	350	9860	0	0	238	1774	748	5082	0	2716	0	0	5264	19748	2124	3406	7122	21464	1374	6464	1248	2434	532	2746	15568	0	3962	22962	122	248	0	0	0	0	0	0	0	0	0	0	0	0	0	0	0	0	0	0	0	0	0	0	0	0	0	0	0	0	0	0	0	0	0	0	3906	19502	1298	11138	0	0	0	558	0	0	0	0	0	0	0	0	0	0	0	0	0	0	0	0	0	0	0	0	0	0	0	0	0	0	0	0	0	0	0	0	0	0	0	0	0	0	
179776	Cingulum_Mid_L	1960	148	6990	2714	0	0	1588	418	0	0	146	0	252	0	0	0	0	0	12960	3432	0	0	4798	482	0	0	0	0	816	204	5190	3962	0	8852	4488	200	0	0	0	0	0	0	556	0	2500	0	0	0	4714	0	4332	0	0	0	152	0	598	0	882	0	662	0	0	0	614	0	10054	316	3190	180	0	0	0	214	0	0	0	0	146	0	0	0	0	0	784	0	0	0	394	0	0	0	0	0	0	0	0	0	0	0	0	0	0	0	0	0	0	0	0	0	0	0	0	0	0	0	
481472	Cingulum_Mid_R	4576	2816	1094	22520	0	0	120	6016	0	0	0	848	96	2102	0	1132	0	0	18804	50700	0	0	6798	11650	0	0	0	0	0	1384	3264	22962	8852	0	1572	6162	658	684	0	0	0	0	0	162	0	600	0	102	0	1140	150	368	0	0	0	150	1672	8316	120	720	94	0	0	0	0	0	1472	5934	10582	19504	384	5126	588	1440	564	160	1044	5534	0	0	0	0	0	0	0	0	0	0	0	0	0	0	0	0	0	0	0	0	0	0	0	0	0	0	0	0	0	0	0	0	0	0	0	0	0	0	
94380	Cingulum_Post_L	570	0	234	0	0	0	0	0	0	0	0	0	0	0	0	0	0	0	760	372	0	0	0	0	0	0	0	0	0	0	284	122	4488	1572	0	4854	4358	2042	1630	554	0	0	2072	0	724	0	994	0	378	0	2020	0	264	0	508	470	1670	866	558	0	144	0	0	0	0	0	7128	314	2912	552	0	0	0	0	0	0	1250	1356	138	0	0	0	0	0	910	0	0	0	122	0	0	0	0	0	0	0	0	0	0	0	0	0	0	0	0	0	0	0	0	0	0	0	0	0	0	0	
129660	Cingulum_Post_R	606	148	0	0	0	0	0	0	0	0	0	0	0	0	0	0	0	0	316	1836	0	0	0	0	0	0	0	0	0	88	0	248	200	6162	4854	0	2816	5496	774	1470	0	0	0	1310	0	1558	0	1480	0	2050	268	1980	0	0	0	2086	472	2572	266	182	0	0	0	0	0	200	1116	14366	508	3546	0	0	0	0	0	0	1986	2540	140	0	0	0	0	0	0	686	0	0	0	404	0	0	0	0	0	0	0	0	0	0	0	0	0	0	0	0	0	0	0	0	100	0	0	0	0	0	
224184	Hippocampus_L	6966	1156	0	366	0	0	0	144	0	0	1084	0	0	0	248	0	500	0	0	896	378	0	0	0	0	0	0	0	14826	0	0	0	0	658	4358	2816	0	2432	11056	708	7538	0	1614	0	0	0	2056	116	0	0	586	0	0	0	10450	496	1974	0	454	0	138	0	586	0	0	0	2490	152	410	700	260	264	6364	0	0	0	7012	2362	1844	0	1182	0	3942	0	722	0	484	0	9192	0	0	0	0	0	0	0	112	0	0	0	0	0	0	0	0	0	0	0	0	0	0	0	0	0	0	0	
280856	Hippocampus_R	402	4708	0	4016	0	0	0	798	0	0	0	386	0	98	0	252	0	100	0	3892	0	354	0	0	0	0	0	0	0	4932	0	0	0	684	2042	5496	2432	0	748	25084	0	11008	0	998	0	90	0	3160	0	230	260	134	0	112	0	28896	480	2286	276	0	0	0	0	0	0	0	358	3792	102	390	0	114	0	14282	0	440	1602	5606	122	96	0	368	0	2380	0	350	0	584	0	5248	0	0	0	0	0	0	0	94	0	0	0	0	0	0	0	0	0	0	0	0	146	0	0	0	0	0	
67304	ParaHippocampal_L	326	0	0	0	0	0	0	0	0	0	0	0	0	0	136	0	0	0	0	0	268	0	0	0	0	0	0	0	1394	0	0	0	0	0	1630	774	11056	748	0	236	1488	0	600	0	0	0	2434	88	0	0	92	0	0	0	6018	134	0	0	0	0	0	0	0	0	0	0	1296	0	0	0	0	0	804	0	0	0	1410	572	124	0	114	0	500	0	0	0	290	0	824	0	0	0	0	0	174	0	0	0	0	0	0	0	0	0	0	0	0	0	0	122	0	0	0	0	0	0	
155588	ParaHippocampal_R	122	1476	0	2346	0	0	0	262	0	0	0	196	0	0	0	0	0	0	0	2380	0	0	0	0	0	0	0	0	0	1680	0	0	0	0	554	1470	708	25084	236	0	0	4434	0	768	0	0	0	3460	0	0	0	114	0	0	0	17138	126	148	0	0	0	0	0	0	0	0	0	1702	0	0	0	0	0	7052	0	384	344	1602	0	0	0	180	0	1108	0	184	0	800	0	1426	0	0	0	0	0	0	0	188	0	0	0	0	0	0	0	0	0	0	0	0	122	0	0	0	0	0	
47412	Amygdala_L	0	0	0	0	138	0	0	0	0	0	0	0	0	0	426	0	0	0	0	0	914	0	0	0	0	0	0	0	6148	0	0	0	0	0	0	0	7538	0	1488	0	0	0	0	0	0	0	0	0	0	0	0	0	0	0	1408	0	0	0	0	0	0	0	0	0	0	0	0	0	0	0	0	0	1070	0	0	0	0	0	0	0	0	0	2878	0	0	0	504	0	1194	0	0	0	0	0	0	0	0	0	0	0	0	0	0	0	0	0	0	0	0	0	0	0	0	0	0	0	
64188	Amygdala_R	0	0	0	0	0	0	0	0	0	0	0	0	0	0	0	762	0	0	0	0	0	1674	0	0	0	0	0	258	0	3470	0	0	0	0	0	0	0	11008	0	4434	0	0	0	0	0	0	0	0	0	0	0	0	0	0	0	5614	0	0	0	0	0	0	0	0	0	0	0	0	0	0	0	0	0	1132	0	0	0	0	0	0	0	0	0	2298	0	0	0	572	0	872	0	0	0	0	0	0	0	0	0	0	0	0	0	0	0	0	0	0	0	0	0	0	0	0	0	0	
315540	Calcarine_L	100	0	0	0	0	0	0	0	0	0	0	0	0	0	0	0	0	0	0	0	0	0	0	0	0	0	0	0	124	0	0	0	556	0	2072	0	1614	0	600	0	0	0	0	7802	23722	5806	9196	2658	9932	3446	22842	626	3406	94	2308	394	10814	126	7502	0	5368	0	102	0	2692	0	24622	90	368	130	0	0	0	0	0	0	146	0	88	0	0	0	0	0	5048	0	0	0	1680	0	0	180	0	0	0	0	0	554	0	404	0	0	0	0	0	0	0	0	0	0	558	0	0	0	0	0	
272104	Calcarine_R	0	0	0	0	0	0	0	0	0	0	0	0	0	0	0	0	0	0	0	0	0	0	0	0	0	0	0	0	0	0	0	0	0	162	0	1310	0	998	0	768	0	0	7802	0	3864	23458	434	21924	0	23070	0	17418	0	2968	0	7932	0	788	0	176	0	320	0	108	0	1654	0	13598	0	468	0	0	0	0	0	0	0	0	0	118	0	118	0	0	0	4214	0	0	0	1820	0	0	0	0	0	0	0	0	122	232	0	0	0	0	0	0	0	0	0	0	0	208	0	0	0	0	
244828	Cuneus_L	0	0	0	0	0	0	0	0	0	0	0	0	0	0	0	0	0	0	0	0	0	0	0	0	0	0	0	0	180	0	0	0	2500	0	724	0	0	0	0	0	0	0	23722	3864	0	5010	2384	644	15916	2380	15044	218	1366	0	750	0	8414	0	5546	0	3596	0	0	0	1804	0	21160	228	360	136	0	0	0	0	0	0	142	0	162	0	0	0	0	0	4458	0	0	0	1706	0	0	0	0	0	0	0	0	0	0	0	0	0	0	0	0	0	0	0	0	0	0	0	0	0	0	0	
218048	Cuneus_R	0	0	0	0	0	0	0	0	0	0	0	0	0	0	0	0	0	0	0	0	0	0	0	0	0	0	0	0	0	0	0	0	0	600	0	1558	0	90	0	0	0	0	5806	23458	5010	0	132	6178	0	30576	0	12084	0	514	0	1542	0	1100	0	920	0	0	0	0	0	582	698	15192	0	1128	0	0	0	0	0	0	0	0	0	144	0	158	0	0	0	1022	0	0	0	532	0	0	0	0	0	0	0	0	0	0	0	0	0	0	0	0	0	0	0	0	0	0	0	0	0	0	
183804	Lingual_L	0	0	0	0	0	0	0	0	0	0	0	0	0	0	0	0	0	0	0	0	0	0	0	0	0	0	0	0	0	0	0	0	0	0	994	0	2056	0	2434	0	0	0	9196	434	2384	132	0	1994	1466	0	9098	0	2394	292	10940	992	998	0	454	0	312	0	0	0	268	0	4410	0	0	0	0	0	0	0	0	0	0	0	0	0	0	0	0	0	546	0	0	0	300	0	4614	866	408	92	126	0	9032	1394	12726	2272	180	0	824	0	154	150	104	0	0	102	2048	3818	692	0	112	94	
265064	Lingual_R	0	0	0	0	0	0	0	0	0	0	0	0	0	0	0	0	0	0	0	0	0	0	0	0	0	0	0	0	0	0	0	0	0	102	0	1480	116	3160	88	3460	0	0	2658	21924	644	6178	1994	0	0	7916	0	4236	0	6898	216	21132	0	338	0	0	0	0	0	0	0	0	0	8106	0	120	0	0	0	0	0	0	0	274	0	0	0	0	0	0	0	434	0	0	0	480	1264	7404	418	236	0	342	998	5438	1868	11566	0	0	0	0	0	0	0	0	0	0	4328	4758	1958	0	0	0	
218788	Occipital_Sup_L	332	0	0	0	0	0	0	0	0	0	120	0	0	0	0	0	134	0	0	0	0	0	0	0	0	0	0	0	604	0	0	0	4714	0	378	0	0	0	0	0	0	0	9932	0	15916	0	1466	0	0	0	31220	0	680	0	688	0	1724	0	12608	0	3244	0	446	0	3816	0	17300	0	246	0	0	0	0	0	0	0	0	0	402	0	0	0	0	0	2298	0	0	0	1126	0	0	0	0	0	0	0	0	0	0	0	0	0	0	0	0	0	0	0	0	0	0	0	0	0	0	0	
294168	Occipital_Sup_R	0	686	0	0	0	0	0	112	0	0	0	0	0	0	0	0	0	0	0	88	0	0	0	0	0	0	0	0	0	202	0	0	0	1140	0	2050	0	230	0	0	0	0	3446	23070	2380	30576	0	7916	0	0	0	27378	0	1312	0	3148	0	4278	0	6760	0	540	0	498	0	3522	0	16242	0	2122	0	0	0	124	0	0	0	0	0	466	0	632	0	0	0	5102	0	0	0	3064	0	0	0	0	0	0	0	0	0	0	0	0	0	0	0	0	0	0	0	0	0	0	0	0	0	0	
487732	Occipital_Mid_L	1136	0	0	0	0	0	0	0	0	0	276	0	0	0	0	0	730	0	0	0	0	0	0	0	0	0	0	0	2144	0	0	0	4332	150	2020	268	586	260	92	0	0	0	22842	0	15044	0	9098	0	31220	0	0	0	15766	0	6704	0	11672	140	23148	0	20318	0	1718	0	18766	0	26802	0	806	124	0	0	208	0	0	0	282	198	1278	0	214	0	0	0	18360	0	0	0	7028	0	0	0	0	0	0	0	0	0	136	0	0	0	0	0	0	0	0	0	0	0	0	0	0	0	0	0	
252116	Occipital_Mid_R	0	90	0	0	0	0	0	0	0	0	0	0	0	0	0	0	0	0	0	0	0	0	0	0	0	0	0	0	0	0	0	0	0	368	0	1980	0	134	0	114	0	0	626	17418	218	12084	0	4236	0	27378	0	0	0	4198	0	3268	0	2102	0	1992	0	2554	0	104	0	12676	0	11082	0	1034	0	0	0	0	0	0	0	0	0	856	0	976	0	0	0	15632	0	0	0	4938	0	0	0	0	0	0	0	0	0	0	0	0	0	0	0	0	0	0	0	0	0	0	0	0	0	0	
95612	Occipital_Inf_L	366	0	0	0	0	0	0	0	0	0	198	0	0	0	0	0	562	0	0	0	0	0	0	0	0	0	0	0	732	0	0	0	0	0	264	0	0	0	0	0	0	0	3406	0	1366	0	2394	0	680	0	15766	0	0	0	6946	0	1530	0	180	0	428	0	0	0	840	0	1538	0	90	0	0	0	0	0	0	0	0	0	204	0	210	0	0	0	4986	0	0	0	3582	0	538	0	0	0	0	0	210	0	790	0	0	0	0	0	0	0	0	0	0	0	0	0	0	0	0	0	
80888	Occipital_Inf_R	0	0	0	0	0	0	0	0	0	0	0	0	0	0	0	0	0	0	0	0	0	0	0	0	0	0	0	0	0	0	0	0	0	0	0	0	0	112	0	0	0	0	94	2968	0	514	292	6898	0	1312	0	4198	0	0	0	10572	0	0	0	0	0	0	0	0	0	0	0	990	0	0	0	0	0	0	0	0	0	0	0	0	0	0	0	0	0	626	0	0	0	2258	522	1846	196	0	0	0	140	448	412	3478	0	0	0	0	0	0	0	0	0	0	448	1190	930	0	0	0	
281164	Fusiform_L	480	334	0	0	0	0	0	0	0	0	240	0	0	0	0	0	530	0	0	0	0	0	0	0	0	0	0	0	4764	0	0	0	152	0	508	0	10450	0	6018	0	1408	0	2308	0	750	0	10940	216	688	0	6704	0	6946	0	0	142	832	0	170	0	758	0	132	0	862	0	2242	0	0	108	0	0	1366	0	0	0	422	134	1754	0	828	0	1068	0	4756	0	686	0	13972	0	15442	354	1866	0	90	0	9954	0	23262	754	746	0	1452	0	0	144	0	0	0	0	282	1854	434	0	144	136	
470224	Fusiform_R	96	1454	0	1348	0	0	0	264	0	0	0	102	0	0	0	0	0	96	0	1284	0	0	0	0	0	0	0	0	0	1970	0	0	0	150	470	2086	496	28896	134	17138	0	5614	394	7932	0	1542	992	21132	0	3148	0	3268	0	10572	142	0	124	3504	0	0	0	230	0	518	0	530	104	3620	0	206	0	96	0	4762	0	0	220	1154	0	140	0	872	0	3354	0	856	0	1878	0	13676	1262	24102	298	1266	0	892	906	13172	1456	31800	0	120	0	1648	0	314	0	0	0	0	5370	3936	1816	90	100	0	
402364	Postcentral_L	31714	3338	1140	154	0	0	912	656	0	0	6232	0	276	0	0	0	12866	362	326	986	0	0	0	0	0	0	0	0	4778	284	0	0	598	1672	1670	472	1974	480	0	126	0	0	10814	0	8414	0	998	0	1724	0	11672	0	1530	0	832	124	0	2470	12082	0	16022	0	10090	0	1196	0	17048	0	9136	2436	188	670	688	278	388	0	5526	1514	1946	0	5156	0	0	0	4772	0	0	0	2452	0	0	0	0	0	0	0	0	0	0	0	0	0	0	0	0	0	0	0	0	0	0	0	0	0	0	0	
237660	Postcentral_R	350	8762	0	1100	0	0	0	256	0	0	0	1322	0	0	0	0	0	2946	0	4594	0	0	0	0	0	0	0	0	342	2160	0	0	0	8316	866	2572	0	2286	0	148	0	0	126	788	0	1100	0	338	0	4278	140	2102	0	0	0	3504	2470	0	344	7868	180	4908	0	9644	0	2098	688	8130	3800	19138	440	1312	630	570	0	0	110	2448	0	1008	0	2494	0	0	0	716	0	0	0	1438	0	0	0	0	0	0	0	0	0	0	0	0	0	0	0	0	0	0	0	0	0	0	0	0	0	0	
242696	Parietal_Sup_L	526	0	0	0	0	0	0	0	0	0	132	0	0	0	0	0	392	0	0	0	0	0	0	0	0	0	0	0	688	0	0	0	882	120	558	266	454	276	0	0	0	0	7502	0	5546	0	454	0	12608	0	23148	0	180	0	170	0	12082	344	0	0	15942	0	888	0	5226	0	29760	0	240	106	0	0	150	0	0	0	250	252	204	0	0	0	0	0	1072	0	0	0	930	0	0	0	0	0	0	0	0	0	0	0	0	0	0	0	0	0	0	0	0	0	0	0	0	0	0	0	
86280	Parietal_Sup_R	0	568	0	0	0	0	0	0	0	0	0	0	0	0	0	0	0	0	0	0	0	0	0	0	0	0	0	0	0	0	0	0	0	720	0	182	0	0	0	0	0	0	0	176	0	920	0	0	0	6760	0	1992	0	0	0	0	0	7868	0	0	0	5300	0	856	0	5144	0	9548	0	3106	0	0	0	0	0	0	0	0	0	0	0	0	0	0	0	0	0	0	0	0	0	0	0	0	0	0	0	0	0	0	0	0	0	0	0	0	0	0	0	0	0	0	0	0	0	0	
266592	Parietal_Inf_L	424	0	0	0	0	0	0	0	0	0	0	0	0	0	0	0	698	0	0	0	0	0	0	0	0	0	0	0	832	0	0	0	662	94	144	0	138	0	0	0	0	0	5368	0	3596	0	312	0	3244	0	20318	0	428	0	758	0	16022	180	15942	0	0	0	11974	0	26372	0	10188	0	0	110	0	0	88	0	0	0	0	0	294	0	2622	0	0	0	9068	0	0	0	3420	0	0	0	0	0	0	0	0	0	0	0	0	0	0	0	0	0	0	0	0	0	0	0	0	0	0	0	
68884	Parietal_Inf_R	0	808	0	0	0	0	0	0	0	0	0	0	0	0	0	0	0	280	0	102	0	0	0	0	0	0	0	0	0	0	0	0	0	0	0	0	0	0	0	0	0	0	0	320	0	0	0	0	0	540	0	2554	0	0	0	230	0	4908	0	5300	0	0	0	7960	0	9912	0	168	0	0	0	112	102	0	0	0	0	0	0	0	0	416	0	0	0	358	0	0	0	372	0	0	0	0	0	0	0	0	0	0	0	0	0	0	0	0	0	0	0	0	0	0	0	0	0	0	
97068	SupraMarginal_L	1200	240	0	0	0	0	0	0	0	0	0	0	0	0	0	0	1846	0	0	0	0	0	0	0	0	0	0	0	858	0	0	0	0	0	0	0	586	0	0	0	0	0	102	0	0	0	0	0	446	0	1718	0	0	0	132	0	10090	0	888	0	11974	0	0	0	5718	0	894	0	0	0	0	0	0	0	0	0	0	0	152	0	6060	0	0	0	5026	0	0	0	604	0	0	0	0	0	0	0	0	0	0	0	0	0	0	0	0	0	0	0	0	0	0	0	0	0	0	0	
74580	SupraMarginal_R	0	2682	0	428	0	0	0	0	0	0	0	138	0	0	0	0	0	3044	0	438	0	0	0	0	0	0	0	0	0	900	0	0	0	0	0	0	0	0	0	0	0	0	0	108	0	0	0	0	0	498	0	104	0	0	0	518	0	9644	0	856	0	7960	0	0	0	4606	0	208	0	106	0	96	118	136	0	0	0	100	0	0	0	3454	0	0	0	604	0	0	0	544	0	0	0	0	0	0	0	0	0	0	0	0	0	0	0	0	0	0	0	0	0	0	0	0	0	0	
185108	Angular_L	364	0	0	0	0	0	0	0	0	0	0	0	0	0	0	0	680	0	0	0	0	0	0	0	0	0	0	0	504	0	0	0	614	0	0	0	0	0	0	0	0	0	2692	0	1804	0	268	0	3816	0	18766	0	840	0	862	0	1196	0	5226	0	26372	0	5718	0	0	0	4734	0	0	0	0	0	0	0	0	0	0	0	326	0	2634	0	0	0	11348	0	0	0	3790	0	0	0	0	0	0	0	0	0	0	0	0	0	0	0	0	0	0	0	0	0	0	0	0	0	0	0	
99404	Angular_R	0	658	0	0	0	0	0	0	0	0	0	0	0	0	0	0	0	602	0	104	0	0	0	0	0	0	0	0	90	0	0	0	0	0	0	200	0	0	0	0	0	0	0	1654	0	582	0	0	0	3522	0	12676	0	0	0	530	0	2098	0	5144	0	9912	0	4606	0	0	0	1320	0	176	0	112	106	0	0	0	0	0	0	120	0	1720	0	0	0	3106	0	0	0	664	0	0	0	0	0	0	0	0	0	0	0	0	0	0	0	0	0	0	0	0	0	0	0	0	0	0	
417740	Precuneus_L	760	102	240	0	0	0	0	0	0	0	140	0	0	0	0	0	386	0	736	478	0	0	0	0	0	0	0	0	694	0	180	0	10054	1472	7128	1116	2490	358	1296	0	0	0	24622	0	21160	698	4410	0	17300	0	26802	0	1538	0	2242	104	17048	688	29760	0	10188	0	894	0	4734	0	0	3070	5352	484	0	0	0	0	0	0	384	370	388	0	0	0	0	0	6038	0	0	0	2862	0	0	0	0	0	0	0	104	0	0	0	0	0	0	0	0	0	0	0	0	0	0	0	0	0	0	0	
265000	Precuneus_R	0	216	0	0	0	0	0	0	0	0	0	0	0	0	0	0	0	0	0	514	0	0	0	0	0	0	0	0	0	0	0	0	316	5934	314	14366	152	3792	0	1702	0	0	90	13598	228	15192	0	8106	0	16242	0	11082	0	990	0	3620	0	8130	0	9548	0	168	0	208	0	1320	3070	0	180	7606	0	0	0	0	0	0	96	452	0	278	0	296	0	0	0	2738	0	0	0	1814	0	0	0	0	0	0	0	0	0	0	0	0	0	0	0	0	0	0	0	0	142	0	0	0	0	0	
219048	Paracentral_Lobule_L	15272	3862	1116	1056	0	0	0	286	0	0	0	0	0	0	0	0	0	0	11492	12044	0	0	0	0	0	0	0	0	334	0	210	0	3190	10582	2912	508	410	102	0	0	0	0	368	0	360	0	0	0	246	0	806	0	90	0	0	0	9136	3800	240	0	0	0	0	0	0	0	5352	180	0	9294	1204	2072	374	170	0	0	9234	2928	0	0	0	0	0	0	294	0	0	0	0	0	0	0	0	0	0	0	0	0	0	0	0	0	0	0	0	0	0	0	0	0	0	0	0	0	0	0	
251676	Paracentral_Lobule_R	2636	9858	0	0	0	0	0	0	0	0	0	0	0	0	0	0	184	0	804	17100	0	0	0	0	0	0	0	0	294	0	0	0	180	19504	552	3546	700	390	0	0	0	0	130	468	136	1128	0	120	0	2122	124	1034	0	0	108	206	2436	19138	106	3106	110	0	0	106	0	176	484	7606	9294	0	628	6488	506	0	186	0	2350	11026	0	0	0	362	0	0	0	190	0	0	0	216	0	0	0	0	0	0	0	0	0	0	0	0	0	0	0	0	0	0	0	0	0	0	0	0	0	0	
216060	Caudate_L	2896	2040	9560	532	1224	0	3152	720	0	0	600	256	2566	544	1044	144	382	0	3488	1376	4964	5538	2720	106	1480	384	4972	1652	5224	136	6204	3906	0	384	0	0	260	0	0	0	0	0	0	0	0	0	0	0	0	0	0	0	0	0	0	0	188	440	0	0	0	0	0	0	0	0	0	0	1204	628	0	8986	15140	496	4214	0	5654	2420	92	0	114	0	0	0	0	0	0	0	0	0	0	0	0	0	0	0	0	0	0	0	0	0	0	0	0	0	0	0	0	0	0	0	0	0	0	0	
482944	Caudate_R	7672	9786	8250	24274	182	1480	1392	8052	0	222	942	1938	1708	2608	332	4416	348	190	5566	29434	1406	3512	310	7002	456	4088	898	1944	2374	2432	1928	19502	0	5126	0	0	264	114	0	0	0	0	0	0	0	0	0	0	0	0	0	0	0	0	0	96	670	1312	0	0	0	112	0	96	0	112	0	0	2072	6488	8986	0	1890	20444	434	2218	1090	35166	0	0	138	0	0	0	0	0	0	0	0	0	0	0	0	0	0	0	0	0	0	0	0	0	0	0	0	0	0	0	0	0	0	0	0	0	0	0	
252136	Putamen_L	8180	4290	8492	1244	4090	0	648	516	546	0	816	0	2036	0	8118	0	704	102	1536	2030	1440	1208	2756	0	978	0	1940	338	23510	156	4490	1298	0	588	0	0	6364	0	804	0	1070	0	0	0	0	0	0	0	0	0	208	0	0	0	1366	0	688	630	150	0	88	102	0	118	0	106	0	0	374	506	15140	1890	0	210	8732	0	630	2390	116	0	446	0	1028	0	0	0	0	0	772	0	0	0	0	0	0	0	0	0	0	0	0	0	0	0	0	0	0	0	0	90	0	0	0	0	0	0	
416976	Putamen_R	1430	4638	2864	35660	0	1310	214	10642	0	0	0	3412	0	2744	0	5470	0	2310	2582	27656	0	590	0	4920	0	1266	0	858	356	31656	320	11138	214	1440	0	0	0	14282	0	7052	0	1132	0	0	0	0	0	0	0	124	0	0	0	0	0	4762	278	570	0	0	0	0	0	136	0	0	0	0	170	0	496	20444	210	0	0	2704	0	1202	0	144	0	124	0	426	0	0	0	0	0	542	0	0	0	0	0	0	0	0	0	0	0	0	0	0	0	0	0	0	0	0	0	0	0	0	0	0	
48180	Pallidum_L	2656	986	0	588	0	0	0	0	0	0	154	0	0	0	0	0	394	0	250	1400	0	0	0	0	0	0	0	0	104	0	0	0	0	564	0	0	0	0	0	0	0	0	0	0	0	0	0	0	0	0	0	0	0	0	0	0	388	0	0	0	0	0	0	0	0	0	0	0	0	186	4214	434	8732	0	0	0	2366	554	0	0	120	0	0	0	0	0	0	0	0	0	0	0	0	0	0	0	0	0	0	0	0	0	0	0	0	0	0	0	0	0	0	0	0	0	0	0	
22308	Pallidum_R	232	106	0	2156	0	0	0	0	0	0	0	0	0	0	0	0	0	0	0	2502	0	0	0	0	0	0	0	0	0	0	0	0	0	160	0	0	0	440	0	384	0	0	0	0	0	0	0	0	0	0	0	0	0	0	0	0	0	0	0	0	0	0	0	0	0	0	0	0	0	0	0	2218	0	2704	0	0	0	252	0	0	0	0	0	0	0	0	0	0	0	0	0	0	0	0	0	0	0	0	0	0	0	0	0	0	0	0	0	0	0	0	0	0	0	0	0	0	
143128	Thalamus_L	18196	730	0	0	0	0	0	0	0	0	0	0	0	0	0	0	108	0	0	576	0	0	0	0	0	0	0	0	1156	0	0	0	0	1044	1250	1986	7012	1602	1410	344	0	0	146	0	142	0	0	0	0	0	282	0	0	0	422	220	5526	110	250	0	0	0	0	0	0	0	384	96	9234	2350	5654	1090	630	0	2366	0	0	5614	1028	0	0	0	0	0	0	0	0	0	606	0	0	0	0	0	0	0	0	0	0	0	0	0	0	0	0	0	0	0	0	0	0	0	0	0	0	0	
274032	Thalamus_R	6710	21422	1272	1246	0	0	422	792	0	0	182	190	152	88	0	0	1008	0	974	10348	0	0	118	0	0	0	0	0	2442	344	0	558	0	5534	1356	2540	2362	5606	572	1602	0	0	0	0	0	0	0	274	0	0	198	0	0	0	134	1154	1514	2448	252	0	0	0	0	100	0	0	370	452	2928	11026	2420	35166	2390	1202	554	252	5614	0	196	0	298	0	0	0	0	0	0	0	0	234	0	0	0	0	0	0	0	0	0	0	0	0	0	0	0	0	0	0	0	0	0	0	0	0	0	0	
91456	Heschl_L	2830	134	206	0	0	0	0	0	0	0	1248	0	124	0	0	0	3164	0	0	0	0	0	0	0	0	0	0	0	11242	0	0	0	146	0	138	140	1844	122	124	0	0	0	88	0	162	0	0	0	402	0	1278	0	204	0	1754	0	1946	0	204	0	294	0	152	0	326	0	388	0	0	0	92	0	116	0	0	0	1028	196	0	0	3426	0	90	0	5350	0	0	0	6770	0	0	0	0	0	0	0	0	0	0	0	0	0	0	0	0	0	0	0	0	0	0	0	0	0	0	0	
39032	Heschl_R	0	276	0	200	0	0	0	0	0	0	0	122	0	0	0	0	0	2026	0	138	0	0	0	0	0	0	0	0	0	1556	0	0	0	0	0	0	0	96	0	0	0	0	0	118	0	144	0	0	0	466	0	856	0	0	0	140	0	1008	0	0	0	0	0	0	0	120	0	278	0	0	0	0	0	144	0	0	0	0	0	0	0	5292	0	254	0	3432	0	0	0	2850	0	0	0	0	0	0	0	0	0	0	0	0	0	0	0	0	0	0	0	0	0	0	0	0	0	0	
162748	Temporal_Sup_L	3558	304	1074	0	0	0	222	0	0	0	1384	0	0	0	0	0	5994	0	144	0	0	0	0	0	0	0	0	0	5356	0	0	0	0	0	0	0	1182	0	114	0	0	0	0	0	0	0	0	0	0	0	214	0	210	0	828	0	5156	0	0	0	2622	0	6060	0	2634	0	0	0	0	0	114	138	446	0	120	0	0	298	3426	0	0	0	4234	0	21374	0	144	0	14024	0	0	0	0	0	0	0	0	0	0	0	0	0	0	0	0	0	0	0	0	0	0	0	0	0	0	0	
76956	Temporal_Sup_R	0	196	0	154	0	0	0	118	0	0	0	0	0	0	0	0	0	2846	0	0	0	0	0	0	0	0	0	0	0	1692	0	0	0	0	0	0	0	368	0	180	0	0	0	118	0	158	0	0	0	632	0	976	0	0	0	872	0	2494	0	0	0	416	0	3454	0	1720	0	296	0	362	0	0	0	124	0	0	0	0	0	5292	0	0	0	3214	0	8560	0	582	0	3654	0	0	0	0	0	0	0	0	0	0	0	0	0	0	0	0	0	0	0	0	0	0	0	0	0	0	
102312	Temporal_Pole_Sup_L	790	148	1066	0	0	0	0	0	0	0	1472	0	358	0	906	0	2116	0	164	0	254	0	0	0	0	0	0	0	6000	0	0	0	0	0	0	0	3942	0	500	0	2878	0	0	0	0	0	0	0	0	0	0	0	0	0	1068	0	0	0	0	0	0	0	0	0	0	0	0	0	0	0	0	0	1028	0	0	0	0	0	90	0	4234	0	0	0	9794	0	6250	0	8098	0	0	0	0	0	0	0	0	0	0	0	0	0	0	0	0	0	0	0	0	0	0	0	0	0	0	0	
55752	Temporal_Pole_Sup_R	0	0	0	0	0	0	0	0	0	0	0	374	0	0	0	0	0	708	0	0	0	0	0	0	0	0	0	0	0	1116	0	0	0	0	0	0	0	2380	0	1108	0	2298	0	0	0	0	0	0	0	0	0	0	0	0	0	3354	0	0	0	0	0	0	0	0	0	0	0	0	0	0	0	0	0	426	0	0	0	0	0	254	0	3214	0	0	0	2866	0	5706	0	4072	0	0	0	0	0	0	0	0	0	0	0	0	0	0	0	0	0	0	0	0	0	0	0	0	0	0	
332792	Temporal_Mid_L	520	0	0	0	0	0	0	0	0	0	324	0	0	0	0	0	988	0	0	0	0	0	0	0	0	0	0	0	5378	0	0	0	784	0	910	0	722	0	0	0	0	0	5048	0	4458	0	546	0	2298	0	18360	0	4986	0	4756	0	4772	0	1072	0	9068	0	5026	0	11348	0	6038	0	294	0	0	0	0	0	0	0	0	0	5350	0	21374	0	9794	0	0	0	4978	0	37204	0	0	0	0	0	0	0	0	0	0	0	0	0	0	0	0	0	0	0	0	0	0	0	0	0	0	0	
138588	Temporal_Mid_R	0	0	0	0	0	0	0	0	0	0	0	0	0	0	0	0	0	0	0	0	0	0	0	0	0	0	0	0	0	766	0	0	0	0	0	686	0	350	0	184	0	0	0	4214	0	1022	0	434	0	5102	0	15632	0	626	0	856	0	716	0	0	0	358	0	604	0	3106	0	2738	0	190	0	0	0	0	0	0	0	0	0	3432	0	8560	0	2866	0	0	0	2728	0	14124	0	0	0	0	0	0	0	0	0	0	0	0	0	0	0	0	0	0	0	0	0	0	0	0	0	0	
36464	Temporal_Pole_Mid_L	0	0	0	0	0	0	0	0	0	0	0	0	0	0	0	0	0	0	0	0	0	0	0	0	0	0	0	0	146	0	0	0	0	0	0	0	484	0	290	0	504	0	0	0	0	0	0	0	0	0	0	0	0	0	686	0	0	0	0	0	0	0	0	0	0	0	0	0	0	0	0	0	0	0	0	0	0	0	0	0	144	0	6250	0	4978	0	0	0	4750	0	0	0	0	0	0	0	0	0	0	0	0	0	0	0	0	0	0	0	0	0	0	0	0	0	0	0	
31352	Temporal_Pole_Mid_R	0	0	0	0	0	0	0	0	0	0	0	0	0	0	0	0	0	0	0	0	0	0	0	0	0	0	0	0	0	0	0	0	0	0	0	0	0	584	0	800	0	572	0	0	0	0	0	0	0	0	0	0	0	0	0	1878	0	0	0	0	0	0	0	0	0	0	0	0	0	0	0	0	0	0	0	0	0	0	0	0	0	582	0	5706	0	2728	0	0	0	2826	0	0	0	0	0	0	0	0	0	0	0	0	0	0	0	0	0	0	0	0	0	0	0	0	0	0	
287240	Temporal_Inf_L	698	186	0	0	0	0	0	0	0	0	502	0	0	0	0	0	1482	0	0	0	0	0	0	0	0	0	0	0	8968	0	0	0	394	0	122	0	9192	0	824	0	1194	0	1680	0	1706	0	300	0	1126	0	7028	0	3582	0	13972	0	2452	0	930	0	3420	0	604	0	3790	0	2862	0	0	0	0	0	772	0	0	0	606	0	6770	0	14024	0	8098	0	37204	0	4750	0	0	0	2142	0	688	0	0	0	0	0	788	0	396	0	368	0	0	0	0	0	0	0	0	0	0	0	0	0	
148280	Temporal_Inf_R	0	374	0	0	0	0	0	0	0	0	0	0	0	0	0	0	0	0	0	0	0	0	0	0	0	0	0	0	0	1004	0	0	0	0	0	404	0	5248	0	1426	0	872	0	1820	0	532	0	480	0	3064	0	4938	0	2258	0	13676	0	1438	0	0	0	372	0	544	0	664	0	1814	0	216	0	0	0	542	0	0	0	234	0	2850	0	3654	0	4072	0	14124	0	2826	0	0	0	2224	0	620	0	0	0	126	0	882	0	296	0	546	0	0	0	0	0	0	0	0	0	0	0	0	
423072	Cerebelum_Crus1_L	0	0	0	0	0	0	0	0	0	0	0	0	0	0	0	0	0	0	0	0	0	0	0	0	0	0	0	0	0	0	0	0	0	0	0	0	0	0	0	0	0	0	0	0	0	0	4614	1264	0	0	0	0	538	522	15442	1262	0	0	0	0	0	0	0	0	0	0	0	0	0	0	0	0	0	0	0	0	0	0	0	0	0	0	0	0	0	0	0	0	2142	0	0	3458	36306	1140	1372	422	17120	1678	49686	6058	10128	0	23314	586	4328	2228	1852	0	226	420	4618	8822	6326	1280	2590	1794	
433236	Cerebelum_Crus1_R	0	0	0	0	0	0	0	0	0	0	0	0	0	0	0	0	0	0	0	0	0	0	0	0	0	0	0	0	0	0	0	0	0	0	0	0	0	0	0	0	0	0	180	0	0	0	866	7404	0	0	0	0	0	1846	354	24102	0	0	0	0	0	0	0	0	0	0	0	0	0	0	0	0	0	0	0	0	0	0	0	0	0	0	0	0	0	0	0	0	0	2224	3458	0	2086	33866	288	1118	2580	15416	3678	53042	244	5820	1206	20526	522	3754	0	230	316	544	9914	6458	8452	2676	2836	612	
356124	Cerebelum_Crus2_L	0	0	0	0	0	0	0	0	0	0	0	0	0	0	0	0	0	0	0	0	0	0	0	0	0	0	0	0	0	0	0	0	0	0	0	0	0	0	0	0	0	0	0	0	0	0	408	418	0	0	0	0	0	196	1866	298	0	0	0	0	0	0	0	0	0	0	0	0	0	0	0	0	0	0	0	0	0	0	0	0	0	0	0	0	0	0	0	0	688	0	36306	2086	0	9894	394	104	2514	292	6606	1634	33940	4384	37484	5686	4432	1234	1850	0	0	100	810	2024	14836	5054	1662	862	
343372	Cerebelum_Crus2_R	0	0	0	0	0	0	0	0	0	0	0	0	0	0	0	0	0	0	0	0	0	0	0	0	0	0	0	0	0	0	0	0	0	0	0	0	0	0	0	0	0	0	0	0	0	0	92	236	0	0	0	0	0	0	0	1266	0	0	0	0	0	0	0	0	0	0	0	0	0	0	0	0	0	0	0	0	0	0	0	0	0	0	0	0	0	0	0	0	0	620	1140	33866	9894	0	292	208	1142	2014	584	8762	6364	21036	9620	37550	2870	4154	0	386	0	120	1300	1130	16928	7422	2084	606	
41664	Cerebelum_3_L	0	0	0	0	0	0	0	0	0	0	0	0	0	0	0	0	0	0	0	0	0	0	0	0	0	0	0	0	0	0	0	0	0	0	0	0	0	0	174	0	0	0	0	0	0	0	126	0	0	0	0	0	0	0	90	0	0	0	0	0	0	0	0	0	0	0	0	0	0	0	0	0	0	0	0	0	0	0	0	0	0	0	0	0	0	0	0	0	0	0	1372	288	394	292	0	276	6610	366	1472	398	108	0	830	802	1492	324	0	0	688	1604	1090	126	820	700	390	0	
42236	Cerebelum_3_R	0	0	0	0	0	0	0	0	0	0	0	0	0	0	0	0	0	0	0	0	0	0	0	0	0	0	0	0	0	0	0	0	0	0	0	0	0	0	0	0	0	0	0	0	0	0	0	342	0	0	0	0	0	0	0	892	0	0	0	0	0	0	0	0	0	0	0	0	0	0	0	0	0	0	0	0	0	0	0	0	0	0	0	0	0	0	0	0	0	0	422	1118	104	208	276	0	860	4294	528	3206	0	0	234	268	112	1192	0	0	342	2838	1910	124	478	552	818	0	
245376	Cerebelum_4_5_L	0	0	0	0	0	0	0	0	0	0	0	0	0	0	0	0	0	0	0	0	0	0	0	0	0	0	0	0	0	0	0	0	0	0	0	0	112	0	0	0	0	0	0	0	0	0	9032	998	0	0	0	0	210	140	9954	906	0	0	0	0	0	0	0	0	0	0	104	0	0	0	0	0	0	0	0	0	0	0	0	0	0	0	0	0	0	0	0	0	0	0	17120	2580	2514	1142	6610	860	0	4306	29564	4134	810	0	7072	1126	4088	1040	570	0	608	1464	9934	2034	1278	788	1040	550	
213788	Cerebelum_4_5_R	0	0	0	0	0	0	0	0	0	0	0	0	0	0	0	0	0	0	0	0	0	0	0	0	0	0	0	0	0	0	0	0	0	0	0	0	0	94	0	188	0	0	554	0	0	0	1394	5438	0	0	0	0	0	448	0	13172	0	0	0	0	0	0	0	0	0	0	0	0	0	0	0	0	0	0	0	0	0	0	0	0	0	0	0	0	0	0	0	0	0	126	1678	15416	292	2014	366	4294	4306	0	2412	27884	0	0	674	3092	188	1408	0	0	110	858	16966	844	1404	584	690	0	
377636	Cerebelum_6_L	0	0	0	0	0	0	0	0	0	0	0	0	0	0	0	0	0	0	0	0	0	0	0	0	0	0	0	0	0	0	0	0	0	0	0	0	0	0	0	0	0	0	0	122	0	0	12726	1868	0	0	136	0	790	412	23262	1456	0	0	0	0	0	0	0	0	0	0	0	0	0	0	0	0	0	0	0	0	0	0	0	0	0	0	0	0	0	0	0	0	788	0	49686	3678	6606	584	1472	528	29564	2412	0	7358	2620	0	11402	402	2016	2348	856	0	352	584	6498	11380	2472	602	2238	1600	
444868	Cerebelum_6_R	0	0	0	0	0	0	0	0	0	0	0	0	0	0	0	0	0	0	0	0	0	0	0	0	0	0	0	0	0	0	0	0	0	0	0	0	0	0	0	0	0	0	404	232	0	0	2272	11566	0	0	0	0	0	3478	754	31800	0	0	0	0	0	0	0	0	0	0	0	0	0	0	0	0	0	0	0	0	0	0	0	0	0	0	0	0	0	0	0	0	0	882	6058	53042	1634	8762	398	3206	4134	27884	7358	0	0	774	1116	9032	146	3514	0	174	632	916	17112	12684	7302	2102	2692	374	
250008	Cerebelum_7b_L	0	0	0	0	0	0	0	0	0	0	0	0	0	0	0	0	0	0	0	0	0	0	0	0	0	0	0	0	0	0	0	0	0	0	0	0	0	0	0	0	0	0	0	0	0	0	180	0	0	0	0	0	0	0	746	0	0	0	0	0	0	0	0	0	0	0	0	0	0	0	0	0	0	0	0	0	0	0	0	0	0	0	0	0	0	0	0	0	396	0	10128	244	33940	6364	108	0	810	0	2620	0	0	5052	38196	5634	3890	640	1170	0	0	0	152	172	6664	7004	770	124	
145748	Cerebelum_7b_R	0	0	0	0	0	0	0	0	0	0	0	0	0	0	0	0	0	0	0	0	0	0	0	0	0	0	0	0	0	0	0	0	0	0	0	0	0	0	0	0	0	0	0	0	0	0	0	0	0	0	0	0	0	0	0	120	0	0	0	0	0	0	0	0	0	0	0	0	0	0	0	0	0	0	0	0	0	0	0	0	0	0	0	0	0	0	0	0	0	296	0	5820	4384	21036	0	0	0	0	0	774	5052	0	4456	20728	404	1192	0	0	0	0	0	0	4390	4128	94	0	
421988	Cerebelum_8_L	0	0	0	0	0	0	0	0	0	0	0	0	0	0	0	0	0	0	0	0	0	0	0	0	0	0	0	0	0	0	0	0	0	0	0	0	0	0	0	0	0	0	0	0	0	0	824	0	0	0	0	0	0	0	1452	0	0	0	0	0	0	0	0	0	0	0	0	0	0	0	0	0	0	0	0	0	0	0	0	0	0	0	0	0	0	0	0	0	368	0	23314	1206	37484	9620	830	234	7072	674	11402	1116	38196	4456	0	10378	21834	2864	6076	0	130	224	1762	1808	12744	10654	3466	806	
358104	Cerebelum_8_R	0	0	0	0	0	0	0	0	0	0	0	0	0	0	0	0	0	0	0	0	0	0	0	0	0	0	0	0	0	0	0	0	0	0	0	0	0	0	0	0	0	0	0	0	0	0	0	0	0	0	0	0	0	0	0	1648	0	0	0	0	0	0	0	0	0	0	0	0	0	0	0	0	0	0	0	0	0	0	0	0	0	0	0	0	0	0	0	0	0	546	586	20526	5686	37550	802	268	1126	3092	402	9032	5634	20728	10378	0	5222	21314	0	1170	0	114	1524	1418	14718	10450	4850	268	
160680	Cerebelum_9_L	0	0	0	0	0	0	0	0	0	0	0	0	0	0	0	0	0	0	0	0	0	0	0	0	0	0	0	0	0	0	0	0	0	0	0	0	0	0	0	0	0	0	0	0	0	0	154	0	0	0	0	0	0	0	0	0	0	0	0	0	0	0	0	0	0	0	0	0	0	0	0	0	0	0	0	0	0	0	0	0	0	0	0	0	0	0	0	0	0	0	4328	522	4432	2870	1492	112	4088	188	2016	146	3890	404	21834	5222	0	3998	5972	188	0	0	548	802	6484	4992	4738	920	
180380	Cerebelum_9_R	0	0	0	0	0	0	0	0	0	0	0	0	0	0	0	0	0	0	0	0	0	0	0	0	0	0	0	0	0	0	0	0	0	0	0	0	0	0	0	0	0	0	0	0	0	0	150	0	0	0	0	0	0	0	144	314	0	0	0	0	0	0	0	0	0	0	0	0	0	0	0	0	0	0	0	0	0	0	0	0	0	0	0	0	0	0	0	0	0	0	2228	3754	1234	4154	324	1192	1040	1408	2348	3514	640	1192	2864	21314	3998	0	0	1304	698	1096	2082	4132	5768	6892	12202	4204	
37436	Cerebelum_10_L	0	0	0	0	0	0	0	0	0	0	0	0	0	0	0	0	0	0	0	0	0	0	0	0	0	0	0	0	0	0	0	0	0	0	0	0	0	0	0	0	0	0	0	0	0	0	104	0	0	0	0	0	0	0	0	0	0	0	0	0	0	0	0	0	0	0	0	0	0	0	0	0	0	0	0	0	0	0	0	0	0	0	0	0	0	0	0	0	0	0	1852	0	1850	0	0	0	570	0	856	0	1170	0	6076	0	5972	0	0	0	0	0	118	0	150	0	0	0	
8192	Cerebelum_10_R	0	0	0	0	0	0	0	0	0	0	0	0	0	0	0	0	0	0	0	0	0	0	0	0	0	0	0	0	0	0	0	0	0	0	0	0	0	0	0	0	0	0	0	0	0	0	0	0	0	0	0	0	0	0	0	0	0	0	0	0	0	0	0	0	0	0	0	0	0	0	0	0	0	0	0	0	0	0	0	0	0	0	0	0	0	0	0	0	0	0	0	230	0	386	0	0	0	0	0	174	0	0	0	1170	188	1304	0	0	0	0	0	96	314	0	234	0	
17888	Vermis_1_2	0	0	0	0	0	0	0	0	0	0	0	0	0	0	0	0	0	0	0	0	0	0	0	0	0	0	0	0	0	0	0	0	0	0	0	0	0	0	0	0	0	0	0	0	0	0	0	0	0	0	0	0	0	0	0	0	0	0	0	0	0	0	0	0	0	0	0	0	0	0	0	0	0	0	0	0	0	0	0	0	0	0	0	0	0	0	0	0	0	0	226	316	0	0	688	342	608	110	352	632	0	0	130	0	0	698	0	0	0	2954	606	246	192	346	498	0	
35368	Vermis_3	0	0	0	0	0	0	0	0	0	0	0	0	0	0	0	0	0	0	0	0	0	0	0	0	0	0	0	0	0	0	0	0	0	0	0	0	0	0	122	0	0	0	0	0	0	0	102	0	0	0	0	0	0	0	0	0	0	0	0	0	0	0	0	0	0	0	0	0	0	0	0	0	90	0	0	0	0	0	0	0	0	0	0	0	0	0	0	0	0	0	420	544	100	120	1604	2838	1464	858	584	916	0	0	224	114	0	1096	0	0	2954	0	1860	158	362	504	650	0	
206504	Vermis_4_5	0	0	0	0	0	0	0	0	0	0	0	0	0	0	0	0	0	0	0	0	0	0	0	0	0	0	0	0	0	0	0	0	0	0	0	100	0	146	0	122	0	0	558	0	0	0	2048	4328	0	0	0	0	0	448	282	5370	0	0	0	0	0	0	0	0	0	0	0	142	0	0	0	0	0	0	0	0	0	0	0	0	0	0	0	0	0	0	0	0	0	0	4618	9914	810	1300	1090	1910	9934	16966	6498	17112	152	0	1762	1524	548	2082	118	0	606	1860	0	5664	926	706	1748	1860	
186152	Vermis_6	0	0	0	0	0	0	0	0	0	0	0	0	0	0	0	0	0	0	0	0	0	0	0	0	0	0	0	0	0	0	0	0	0	0	0	0	0	0	0	0	0	0	0	208	0	0	3818	4758	0	0	0	0	0	1190	1854	3936	0	0	0	0	0	0	0	0	0	0	0	0	0	0	0	0	0	0	0	0	0	0	0	0	0	0	0	0	0	0	0	0	0	0	8822	6458	2024	1130	126	124	2034	844	11380	12684	172	0	1808	1418	802	4132	0	96	246	158	5664	0	6516	1628	4346	4700	
292148	Vermis_7	0	0	0	0	0	0	0	0	0	0	0	0	0	0	0	0	0	0	0	0	0	0	0	0	0	0	0	0	0	0	0	0	0	0	0	0	0	0	0	0	0	0	0	0	0	0	692	1958	0	0	0	0	0	930	434	1816	0	0	0	0	0	0	0	0	0	0	0	0	0	0	0	0	0	0	0	0	0	0	0	0	0	0	0	0	0	0	0	0	0	0	6326	8452	14836	16928	820	478	1278	1404	2472	7302	6664	4390	12744	14718	6484	5768	150	314	192	362	926	6516	0	11844	6554	2322	
184288	Vermis_8	0	0	0	0	0	0	0	0	0	0	0	0	0	0	0	0	0	0	0	0	0	0	0	0	0	0	0	0	0	0	0	0	0	0	0	0	0	0	0	0	0	0	0	0	0	0	0	0	0	0	0	0	0	0	0	90	0	0	0	0	0	0	0	0	0	0	0	0	0	0	0	0	0	0	0	0	0	0	0	0	0	0	0	0	0	0	0	0	0	0	1280	2676	5054	7422	700	552	788	584	602	2102	7004	4128	10654	10450	4992	6892	0	0	346	504	706	1628	11844	0	8258	2888	
