data	data	517076	279032	933020	1.04333e+06	201304	96572	547316	262560	104576	34740	217480	269120	257676	194116	199244	139384	387756	207960	741108	807252	115056	139448	333424	322176	49120	117820	76924	96696	688012	463424	264272	477592	141248	407884	156356	212428	302044	318216	97432	233708	45512	55104	371680	422972	271824	385512	318384	433172	306316	422404	617544	260356	172204	144844	382564	523176	328332	157860	202192	145076	239436	128080	105288	69440	143200	129352	400624	493156	134068	48932	336072	505932	419536	431028	79744	83332	166256	203524	102724	28596	325608	157232	137992	115484	327604	191140	50036	35660	391572	213200	469084	402096	345884	288896	43616	60308	269552	208360	477064	422872	258528	118344	356664	329208	119612	169304	12152	16004	28780	79772	233436	263504	199584	153160	141476	29444	
data	data	Precentral_L	Precentral_R	Frontal_Sup_L	Frontal_Sup_R	Frontal_Sup_Orb_L	Frontal_Sup_Orb_R	Frontal_Mid_L	Frontal_Mid_R	Frontal_Mid_Orb_L	Frontal_Mid_Orb_R	Frontal_Inf_Oper_L	Frontal_Inf_Oper_R	Frontal_Inf_Tri_L	Frontal_Inf_Tri_R	Frontal_Inf_Orb_L	Frontal_Inf_Orb_R	Rolandic_Oper_L	Rolandic_Oper_R	Supp_Motor_Area_L	Supp_Motor_Area_R	Olfactory_L	Olfactory_R	Frontal_Sup_Medial_L	Frontal_Sup_Medial_R	Frontal_Med_Orb_L	Frontal_Med_Orb_R	Rectus_L	Rectus_R	Insula_L	Insula_R	Cingulum_Ant_L	Cingulum_Ant_R	Cingulum_Mid_L	Cingulum_Mid_R	Cingulum_Post_L	Cingulum_Post_R	Hippocampus_L	Hippocampus_R	ParaHippocampal_L	ParaHippocampal_R	Amygdala_L	Amygdala_R	Calcarine_L	Calcarine_R	Cuneus_L	Cuneus_R	Lingual_L	Lingual_R	Occipital_Sup_L	Occipital_Sup_R	Occipital_Mid_L	Occipital_Mid_R	Occipital_Inf_L	Occipital_Inf_R	Fusiform_L	Fusiform_R	Postcentral_L	Postcentral_R	Parietal_Sup_L	Parietal_Sup_R	Parietal_Inf_L	Parietal_Inf_R	SupraMarginal_L	SupraMarginal_R	Angular_L	Angular_R	Precuneus_L	Precuneus_R	Paracentral_Lobule_L	Paracentral_Lobule_R	Caudate_L	Caudate_R	Putamen_L	Putamen_R	Pallidum_L	Pallidum_R	Thalamus_L	Thalamus_R	Heschl_L	Heschl_R	Temporal_Sup_L	Temporal_Sup_R	Temporal_Pole_Sup_L	Temporal_Pole_Sup_R	Temporal_Mid_L	Temporal_Mid_R	Temporal_Pole_Mid_L	Temporal_Pole_Mid_R	Temporal_Inf_L	Temporal_Inf_R	Cerebelum_Crus1_L	Cerebelum_Crus1_R	Cerebelum_Crus2_L	Cerebelum_Crus2_R	Cerebelum_3_L	Cerebelum_3_R	Cerebelum_4_5_L	Cerebelum_4_5_R	Cerebelum_6_L	Cerebelum_6_R	Cerebelum_7b_L	Cerebelum_7b_R	Cerebelum_8_L	Cerebelum_8_R	Cerebelum_9_L	Cerebelum_9_R	Cerebelum_10_L	Cerebelum_10_R	Vermis_1_2	Vermis_3	Vermis_4_5	Vermis_6	Vermis_7	Vermis_8	Vermis_9	Vermis_10	
517076	Precentral_L	0	5414	14346	10168	0	0	22024	0	0	0	12854	0	1034	0	0	0	23950	0	7158	5356	0	0	0	0	0	0	0	0	10684	0	0	0	1324	598	7514	2146	7810	1132	888	86	0	0	1068	0	718	0	340	0	940	0	5368	0	1274	0	1802	0	35038	106	1680	0	11496	0	2586	0	2620	0	3468	250	12808	158	2886	1844	3022	126	636	126	13398	3712	4418	0	6604	0	0	0	1824	0	0	0	3736	0	0	0	0	0	0	0	0	0	0	0	0	0	0	0	0	0	0	0	0	0	0	0	0	0	0	0	
279032	Precentral_R	5414	0	384	31576	0	0	108	8266	0	0	0	3844	0	250	0	0	0	2674	758	5714	0	0	0	0	0	0	0	0	0	4040	184	164	426	1756	1342	4822	474	5756	0	1430	0	0	0	614	0	570	0	706	0	1350	0	468	0	184	0	2670	0	16938	0	2852	0	3278	0	914	0	274	748	4130	356	758	910	3236	196	3018	0	1056	560	4624	0	436	0	1176	0	0	0	3522	0	0	0	4590	0	0	0	0	0	0	0	0	0	0	0	0	0	0	0	0	0	0	0	0	0	0	0	0	0	0	
933020	Frontal_Sup_L	14346	384	0	6714	16786	288	64198	406	6406	0	13928	162	18280	192	11878	0	13684	0	76582	10136	1382	586	38318	1688	2080	0	1536	310	49636	354	10922	2110	4632	2612	426	318	6818	302	756	0	668	0	678	0	330	0	178	0	622	0	1274	0	0	0	932	0	3586	0	290	0	434	0	100	0	164	0	768	0	2270	0	11922	2038	33234	364	3798	116	7224	922	956	0	8548	0	4966	0	136	0	0	0	836	0	0	0	0	0	0	0	0	0	0	0	0	0	0	0	0	0	0	0	0	0	0	0	0	0	0	0	
1.04333e+06	Frontal_Sup_R	10168	31576	6714	0	316	3154	1898	30620	0	936	294	16210	214	9068	0	5910	206	12768	23576	85338	116	598	13440	40010	86	5468	0	1718	1494	17558	3652	37396	1898	27620	2376	6836	1572	5730	0	2144	0	178	0	268	0	292	0	492	0	300	0	128	0	98	0	2186	160	1078	0	136	212	294	0	0	0	92	352	1910	1568	356	7920	33854	2176	19210	650	2940	2346	22574	0	308	154	3484	0	4206	0	1220	0	0	0	1844	0	0	0	0	0	0	0	0	0	0	0	0	0	0	0	0	0	0	0	0	0	0	0	0	0	0	
201304	Frontal_Sup_Orb_L	0	0	16786	316	0	218	5708	0	12762	0	0	0	2970	0	10514	0	0	0	1692	288	2640	510	4888	0	4668	298	9270	320	8724	116	4456	146	0	98	0	0	0	0	0	0	410	0	0	0	0	0	0	0	0	0	0	0	0	0	0	0	122	0	0	0	0	0	0	0	0	0	0	0	0	0	3778	486	6432	118	0	0	0	0	0	0	0	0	1918	0	0	0	0	0	0	0	0	0	0	0	0	0	0	0	0	0	0	0	0	0	0	0	0	0	0	0	0	0	0	0	0	0	
96572	Frontal_Sup_Orb_R	0	0	288	3154	218	0	0	1172	118	4820	0	0	0	158	340	3160	0	0	0	180	1772	3928	0	2164	222	5734	548	9278	100	2288	252	1256	0	0	0	0	0	88	0	92	0	104	0	0	0	0	0	0	0	0	0	0	0	0	0	0	0	0	0	0	0	0	0	0	0	0	0	0	0	0	1408	3410	516	1518	0	0	0	0	0	0	0	0	0	0	0	0	0	0	0	0	0	0	0	0	0	0	0	0	0	0	0	0	0	0	0	0	0	0	0	0	0	0	0	0	0	0	
547316	Frontal_Mid_L	22024	108	64198	1898	5708	0	0	0	6654	0	11766	0	34054	0	11030	0	9748	0	14802	1650	974	0	7754	136	142	0	118	0	28970	0	930	112	866	106	848	694	5566	660	464	0	636	0	702	0	118	0	204	0	378	0	1282	0	0	0	372	0	4014	0	464	0	1922	0	166	0	428	0	932	100	0	0	3060	332	12102	0	1332	0	2012	786	524	0	6450	0	2900	0	90	0	0	0	372	0	0	0	0	0	0	0	0	0	0	0	0	0	0	0	0	0	0	0	0	0	0	0	0	0	0	0	
262560	Frontal_Mid_R	0	8266	406	30620	0	1172	0	0	0	3758	0	11522	0	16998	0	7520	0	5128	1976	4896	0	0	774	2204	0	150	0	0	178	10278	214	1410	0	1454	0	244	0	2998	0	1322	0	0	0	0	0	0	0	0	0	0	0	0	0	0	0	1366	0	350	0	0	0	110	0	0	0	0	0	0	0	0	1868	2582	464	6966	0	1366	0	774	0	0	0	652	0	714	0	144	0	0	0	436	0	0	0	0	0	0	0	0	0	0	0	0	0	0	0	0	0	0	0	0	0	0	0	0	0	0	
104576	Frontal_Mid_Orb_L	0	0	6406	0	12762	118	6654	0	0	0	0	0	3360	0	12336	0	0	0	0	0	338	264	250	0	804	0	2886	122	2104	0	644	0	0	0	0	0	0	0	0	0	0	0	0	0	0	0	0	0	0	0	0	0	0	0	0	0	0	0	0	0	0	0	0	0	0	0	0	0	0	0	440	202	1314	0	0	0	0	0	0	0	0	0	1284	0	0	0	0	0	0	0	0	0	0	0	0	0	0	0	0	0	0	0	0	0	0	0	0	0	0	0	0	0	0	0	0	0	
34740	Frontal_Mid_Orb_R	0	0	0	936	0	4820	0	3758	0	0	0	0	0	552	0	5522	0	0	0	0	0	0	0	208	0	526	0	442	0	170	0	112	0	0	0	0	0	0	0	0	0	0	0	0	0	0	0	0	0	0	0	0	0	0	0	0	0	0	0	0	0	0	0	0	0	0	0	0	0	0	0	154	0	170	0	0	0	0	0	0	0	0	0	0	0	0	0	0	0	0	0	0	0	0	0	0	0	0	0	0	0	0	0	0	0	0	0	0	0	0	0	0	0	0	0	0	
217480	Frontal_Inf_Oper_L	12854	0	13928	294	0	0	11766	0	0	0	0	0	8910	0	0	0	13764	0	9608	286	0	0	354	0	0	0	0	0	11818	0	1092	0	0	0	0	0	1544	0	108	0	0	0	0	0	0	0	0	0	0	0	96	0	0	0	134	0	5322	0	0	0	486	0	0	0	0	0	0	0	0	0	756	0	2074	0	0	0	402	0	510	0	9202	0	3186	0	88	0	0	0	158	0	0	0	0	0	0	0	0	0	0	0	0	0	0	0	0	0	0	0	0	0	0	0	0	0	0	0	
269120	Frontal_Inf_Oper_R	0	3844	162	16210	0	0	0	11522	0	0	0	0	0	11144	0	168	0	16090	1410	14076	0	0	0	178	0	0	0	0	0	24720	252	1230	0	744	0	90	0	2472	0	948	0	0	0	0	0	0	0	0	0	0	0	0	0	0	0	1618	0	1334	0	330	0	400	0	0	0	0	0	0	0	0	780	2100	276	8554	0	278	0	858	0	0	0	5264	0	6952	0	0	0	0	0	556	0	0	0	0	0	0	0	0	0	0	0	0	0	0	0	0	0	0	0	0	0	0	0	0	0	0	
257676	Frontal_Inf_Tri_L	1034	0	18280	214	2970	0	34054	0	3360	0	8910	0	0	0	15664	0	844	0	6660	206	126	0	3898	0	350	0	0	0	24096	0	2580	0	0	0	0	0	1076	0	0	0	0	0	0	0	0	0	0	0	0	0	0	0	0	0	0	0	0	0	0	0	0	0	0	0	0	0	0	0	0	0	1076	0	1454	0	0	0	0	0	0	0	568	0	1418	0	0	0	0	0	0	0	0	0	0	0	0	0	0	0	0	0	0	0	0	0	0	0	0	0	0	0	0	0	0	0	0	0	
194116	Frontal_Inf_Tri_R	0	250	192	9068	0	158	0	16998	0	552	0	11144	0	0	0	7154	0	1740	2726	6164	0	0	92	528	0	190	0	0	0	16472	766	4382	0	2672	0	0	0	1878	0	1314	0	0	0	0	0	0	0	0	0	0	0	0	0	0	0	1738	0	0	0	0	0	0	0	0	0	0	0	0	0	0	886	2874	350	4678	0	0	0	0	0	0	0	808	0	734	0	0	0	0	0	550	0	0	0	0	0	0	0	0	0	0	0	0	0	0	0	0	0	0	0	0	0	0	0	0	0	0	
199244	Frontal_Inf_Orb_L	0	0	11878	0	10514	340	11030	0	12336	0	0	0	15664	0	0	0	0	0	1114	0	2560	750	978	0	166	0	2366	390	14618	172	452	0	0	0	0	0	126	0	0	0	248	0	0	0	0	0	0	0	0	0	0	0	0	0	0	0	0	0	0	0	0	0	0	0	0	0	0	0	0	0	2868	514	4348	138	0	0	0	0	0	0	0	0	6052	0	0	0	0	0	0	0	0	0	0	0	0	0	0	0	0	0	0	0	0	0	0	0	0	0	0	0	0	0	0	0	0	0	
139384	Frontal_Inf_Orb_R	0	0	0	5910	0	3160	0	7520	0	5522	0	168	0	7154	0	0	0	0	1740	2510	166	2192	0	868	0	304	0	1938	0	16066	118	1794	0	1532	0	0	0	112	0	114	0	172	0	0	0	0	0	0	0	0	0	0	0	0	0	0	0	0	0	0	0	0	0	0	0	0	0	0	0	0	386	3666	0	6106	0	234	0	94	0	0	0	0	0	146	0	0	0	0	0	0	0	0	0	0	0	0	0	0	0	0	0	0	0	0	0	0	0	0	0	0	0	0	0	0	0	0	
387756	Rolandic_Oper_L	23950	0	13684	206	0	0	9748	0	0	0	13764	0	844	0	0	0	0	0	6348	182	0	0	90	0	0	0	0	0	19178	0	0	0	110	0	176	0	3970	0	390	0	0	0	314	0	180	0	0	0	244	0	4610	0	300	0	1654	0	25036	0	6224	0	10016	0	3360	0	1876	0	1784	0	408	0	320	0	1454	0	0	0	460	90	8672	0	22566	0	2492	0	2248	0	0	0	6930	0	0	0	0	0	0	0	0	0	0	0	0	0	0	0	0	0	0	0	0	0	0	0	0	0	0	0	
207960	Rolandic_Oper_R	0	2674	0	12768	0	0	0	5128	0	0	0	16090	0	1740	0	0	0	0	526	11320	0	0	0	0	0	0	0	0	0	20594	0	0	0	104	0	88	0	1828	0	360	0	0	0	0	0	0	0	0	0	0	0	0	0	0	0	820	0	3348	0	202	0	238	0	3022	0	0	0	136	0	0	128	288	0	3824	0	198	0	1064	0	1480	0	7974	0	7234	0	172	0	0	0	632	0	0	0	0	0	0	0	0	0	0	0	0	0	0	0	0	0	0	0	0	0	0	0	0	0	0	
741108	Supp_Motor_Area_L	7158	758	76582	23576	1692	0	14802	1976	0	0	9608	1410	6660	2726	1114	1740	6348	526	0	52096	0	88	11354	6548	252	226	0	0	23530	2900	6356	10896	11938	19746	1444	2544	3728	0	0	0	158	0	0	0	0	344	0	0	0	102	0	0	0	0	460	0	0	0	0	0	0	0	0	0	0	0	358	954	4998	426	8438	4974	15906	1030	3544	942	7130	1138	0	0	5922	316	1992	356	86	0	0	0	658	0	0	0	0	0	0	0	0	0	0	0	0	0	0	0	0	0	0	0	0	0	0	0	0	0	0	0	
807252	Supp_Motor_Area_R	5356	5714	10136	85338	288	180	1650	4896	0	0	286	14076	206	6164	0	2510	182	11320	52096	0	0	146	2488	12496	0	882	0	196	1510	15522	3584	24256	4940	40190	732	10272	222	2062	0	1182	0	0	0	194	0	1182	0	142	0	288	0	0	0	0	0	930	106	456	0	104	176	134	0	0	0	0	1154	3468	2216	2618	7090	27094	1710	11886	466	3186	110	8794	0	0	142	3658	0	5126	0	0	0	0	0	118	0	0	0	0	0	0	0	0	0	0	0	0	0	0	0	0	0	0	0	0	0	0	0	0	0	0	
115056	Olfactory_L	0	0	1382	116	2640	1772	974	0	338	0	0	0	126	0	2560	166	0	0	0	0	0	7388	0	86	348	540	2390	2324	3970	880	3450	1578	0	0	0	0	170	0	216	0	802	0	0	0	0	0	0	0	0	0	0	0	0	0	0	0	0	0	0	0	0	0	0	0	0	0	0	0	0	0	9056	5658	3720	2436	266	950	88	0	0	0	0	0	1138	0	0	0	0	0	0	0	0	0	0	0	0	0	0	0	0	0	0	0	0	0	0	0	0	0	0	0	0	0	0	0	0	0	
139448	Olfactory_R	0	0	586	598	510	3928	0	0	264	0	0	0	0	0	750	2192	0	0	88	146	7388	0	0	490	124	2930	1406	5960	326	3340	2990	4556	0	0	0	0	0	168	0	208	110	266	0	0	0	0	0	0	0	0	0	0	0	0	0	0	0	0	0	0	0	0	0	0	0	0	0	0	0	0	8358	11024	3982	3858	610	2334	94	140	0	0	0	0	0	0	0	0	0	0	0	0	0	0	0	0	0	0	0	0	0	0	0	0	0	0	0	0	0	0	0	0	0	0	0	0	0	0	
333424	Frontal_Sup_Medial_L	0	0	38318	13440	4888	0	7754	774	250	0	354	0	3898	92	978	0	90	0	11354	2488	0	0	0	20288	2944	672	610	0	8140	94	17958	11980	2964	8584	0	0	96	0	0	0	0	0	0	0	0	0	0	0	0	0	0	0	0	0	0	0	176	0	0	0	0	0	0	0	0	0	0	0	0	0	2284	964	3698	582	0	0	0	0	0	0	0	0	0	0	0	0	0	0	0	0	0	0	0	0	0	0	0	0	0	0	0	0	0	0	0	0	0	0	0	0	0	0	0	0	0	0	
322176	Frontal_Sup_Medial_R	0	0	1688	40010	0	2164	136	2204	0	208	0	178	0	528	0	868	0	0	6548	12496	86	490	20288	0	242	8872	0	1820	0	836	3552	25634	278	13964	0	238	0	0	0	0	0	0	0	0	0	0	0	0	0	0	0	0	0	0	0	0	0	0	0	0	0	0	0	0	0	0	0	0	0	0	396	9132	172	7710	0	350	0	0	0	0	0	0	0	0	0	0	0	0	0	0	0	0	0	0	0	0	0	0	0	0	0	0	0	0	0	0	0	0	0	0	0	0	0	0	0	0	
49120	Frontal_Med_Orb_L	0	0	2080	86	4668	222	142	0	804	0	0	0	350	0	166	0	0	0	252	0	348	124	2944	242	0	1702	3452	234	782	0	4904	186	0	0	0	0	0	0	0	0	0	0	0	0	0	0	0	0	0	0	0	0	0	0	0	0	0	0	0	0	0	0	0	0	0	0	0	0	0	0	346	244	282	0	0	0	0	0	0	0	0	0	0	0	0	0	0	0	0	0	0	0	0	0	0	0	0	0	0	0	0	0	0	0	0	0	0	0	0	0	0	0	0	0	0	0	
117820	Frontal_Med_Orb_R	0	0	0	5468	298	5734	0	150	0	526	0	0	0	190	0	304	0	0	226	882	540	2930	672	8872	1702	0	622	8016	0	334	2072	8108	0	0	0	0	0	0	0	0	0	0	0	0	0	0	0	0	0	0	0	0	0	0	0	0	0	0	0	0	0	0	0	0	0	0	0	0	0	0	366	5838	104	4450	0	506	0	0	0	0	0	0	0	0	0	0	0	0	0	0	0	0	0	0	0	0	0	0	0	0	0	0	0	0	0	0	0	0	0	0	0	0	0	0	0	0	
76924	Rectus_L	0	0	1536	0	9270	548	118	0	2886	0	0	0	0	0	2366	0	0	0	0	0	2390	1406	610	0	3452	622	0	1172	1234	192	4464	442	0	0	0	0	0	0	0	0	0	0	0	0	0	0	0	0	0	0	0	0	0	0	0	0	0	0	0	0	0	0	0	0	0	0	0	0	0	0	2922	1076	1074	428	0	120	0	0	0	0	0	0	134	0	0	0	0	0	0	0	0	0	0	0	0	0	0	0	0	0	0	0	0	0	0	0	0	0	0	0	0	0	0	0	0	0	
96696	Rectus_R	0	0	310	1718	320	9278	0	0	122	442	0	0	0	0	390	1938	0	0	0	196	2324	5960	0	1820	234	8016	1172	0	110	3210	936	2844	0	0	0	0	0	0	0	0	0	0	0	0	0	0	0	0	0	0	0	0	0	0	0	0	0	0	0	0	0	0	0	0	0	0	0	0	0	0	1654	3778	544	1032	0	0	0	0	0	0	0	0	0	0	0	0	0	0	0	0	0	0	0	0	0	0	0	0	0	0	0	0	0	0	0	0	0	0	0	0	0	0	0	0	0	0	
688012	Insula_L	10684	0	49636	1494	8724	100	28970	178	2104	0	11818	0	24096	0	14618	0	19178	0	23530	1510	3970	326	8140	0	782	0	1234	110	0	102	5462	228	160	284	238	98	18672	92	872	0	1928	0	228	0	0	0	572	0	140	0	1460	0	680	0	5676	0	8520	0	854	0	1960	0	382	0	632	0	512	0	214	0	6056	544	26488	134	0	0	2154	128	8062	0	16334	0	6384	0	4710	0	0	0	11844	0	0	0	0	0	0	0	0	0	0	0	0	0	0	0	0	0	0	0	0	0	0	0	0	0	0	0	
463424	Insula_R	0	4040	354	17558	116	2288	0	10278	0	170	0	24720	0	16472	172	16066	0	20594	2900	15522	880	3340	94	836	0	334	192	3210	102	0	842	5470	0	2778	98	160	94	7192	0	3122	0	228	0	0	0	0	0	120	0	0	0	0	0	98	0	5410	0	1348	0	350	0	454	0	824	0	0	0	300	0	0	1862	6826	664	22834	0	458	0	1132	0	3152	0	11406	0	6232	0	2342	0	0	0	5678	0	0	0	0	0	0	0	0	0	0	0	0	0	0	0	0	0	0	0	0	0	0	0	0	0	0	
264272	Cingulum_Ant_L	0	184	10922	3652	4456	252	930	214	644	0	1092	252	2580	766	452	118	0	0	6356	3584	3450	2990	17958	3552	4904	2072	4464	936	5462	842	0	15914	4770	2776	408	278	0	0	0	0	0	0	0	0	0	0	0	0	0	0	0	0	0	0	0	0	0	0	0	0	0	0	0	0	0	0	0	0	0	0	8854	6320	5178	3178	214	1034	0	0	0	0	0	0	128	0	0	0	0	0	0	0	0	0	0	0	0	0	0	0	0	0	0	0	0	0	0	0	0	0	0	0	0	0	0	0	0	0	
477592	Cingulum_Ant_R	0	164	2110	37396	146	1256	112	1410	0	112	0	1230	0	4382	0	1794	0	0	10896	24256	1578	4556	11980	25634	186	8108	442	2844	228	5470	15914	0	2012	23994	0	770	0	0	0	0	0	0	0	0	0	0	0	0	0	0	0	0	0	0	0	0	0	0	0	0	0	0	0	0	0	0	0	0	0	0	3956	27590	1484	14380	162	2244	0	0	0	0	0	0	0	0	0	0	0	0	0	0	0	0	0	0	0	0	0	0	0	0	0	0	0	0	0	0	0	0	0	0	0	0	0	0	0	0	
141248	Cingulum_Mid_L	1324	426	4632	1898	0	0	866	0	0	0	0	0	0	0	0	0	110	0	11938	4940	0	0	2964	278	0	0	0	0	160	0	4770	2012	0	7882	5018	2940	0	0	0	0	0	0	2352	0	1976	98	0	0	534	0	1362	0	0	0	0	0	514	0	274	0	0	0	0	0	0	0	3232	380	4952	0	456	204	732	0	428	252	0	154	0	0	0	0	0	0	566	0	0	0	0	0	0	0	0	0	0	0	0	0	0	0	0	0	0	0	0	0	0	0	0	0	0	0	0	0	0	0	
407884	Cingulum_Mid_R	598	1756	2612	27620	98	0	106	1454	0	0	0	744	0	2672	0	1532	0	104	19746	40190	0	0	8584	13964	0	0	0	0	284	2778	2776	23994	7882	0	1786	12718	0	140	0	0	0	0	0	1024	0	2284	0	1570	0	646	0	362	0	98	0	110	0	410	0	0	0	0	0	0	0	0	1544	8642	926	3598	1662	5222	466	946	0	294	0	0	0	0	0	0	0	0	0	0	0	0	0	0	0	0	0	0	0	0	0	0	0	0	0	0	0	0	0	0	0	0	0	0	0	0	0	0	0	0	
156356	Cingulum_Post_L	7514	1342	426	2376	0	0	848	0	0	0	0	0	0	0	0	0	176	0	1444	732	0	0	0	0	0	0	0	0	238	98	408	0	5018	1786	0	7264	5646	2546	2126	206	0	0	2584	0	3530	180	1962	96	2088	0	1460	0	630	0	848	0	246	0	0	0	158	0	150	0	0	0	8806	1678	4710	90	132	346	312	154	0	0	2964	2912	106	0	162	0	0	0	672	0	0	0	1008	0	0	0	0	0	0	0	0	0	0	0	0	0	0	0	0	0	0	0	0	0	0	0	0	0	0	0	
212428	Cingulum_Post_R	2146	4822	318	6836	0	0	694	244	0	0	0	90	0	0	0	0	0	88	2544	10272	0	0	0	238	0	0	0	0	98	160	278	770	2940	12718	7264	0	3206	5684	288	1484	0	0	0	2194	136	3024	0	4144	0	788	0	912	0	246	138	1190	0	794	0	0	0	0	0	0	0	0	1856	14474	810	1838	134	1416	224	200	0	144	3092	3712	0	0	0	0	0	0	0	540	0	0	0	428	0	0	0	0	0	0	0	0	0	0	0	0	0	0	0	0	0	0	0	0	598	0	0	0	0	0	
302044	Hippocampus_L	7810	474	6818	1572	0	0	5566	0	0	0	1544	0	1076	0	126	0	3970	0	3728	222	170	0	96	0	0	0	0	0	18672	94	0	0	0	0	5646	3206	0	2250	13124	214	6664	0	1920	0	114	0	2956	0	182	0	724	0	330	0	13256	0	2640	0	0	0	196	0	106	0	102	0	3366	634	336	0	784	202	11364	152	1916	0	7308	2968	2970	0	3292	0	898	0	752	0	278	0	7672	0	114	0	0	0	0	0	148	0	300	0	0	0	0	0	0	0	0	0	0	0	0	0	0	0	0	0	
318216	Hippocampus_R	1132	5756	302	5730	0	88	660	2998	0	0	0	2472	0	1878	0	112	0	1828	0	2062	0	168	0	0	0	0	0	0	92	7192	0	0	0	140	2546	5684	2250	0	118	28720	0	7696	0	1012	0	0	0	3720	0	0	0	0	0	382	0	29742	0	1640	0	138	0	150	0	232	0	0	0	5014	0	0	108	1038	214	15658	0	2142	1524	6296	0	516	0	588	0	656	0	302	0	102	0	6624	0	208	0	0	0	0	0	486	0	516	0	0	0	0	0	0	0	0	0	0	476	0	0	0	0	0	
97432	ParaHippocampal_L	888	0	756	0	0	0	464	0	0	0	108	0	0	0	0	0	390	0	0	0	216	0	0	0	0	0	0	0	872	0	0	0	0	0	2126	288	13124	118	0	118	2880	0	1496	0	120	0	3756	0	102	0	308	0	1152	0	9238	0	202	0	0	0	0	0	0	0	0	0	2842	96	160	0	168	0	1866	0	240	0	678	162	94	0	170	0	748	0	0	0	1176	0	842	0	0	0	0	0	86	0	308	0	358	0	0	0	0	0	0	0	0	0	0	0	0	0	0	0	0	0	
233708	ParaHippocampal_R	86	1430	0	2144	0	92	0	1322	0	0	0	948	0	1314	0	114	0	360	0	1182	0	208	0	0	0	0	0	0	0	3122	0	0	0	0	206	1484	214	28720	118	0	0	6804	0	826	0	0	0	4800	0	248	0	96	0	314	0	28188	0	342	0	0	0	86	0	0	0	0	92	4010	0	0	0	486	0	9350	0	1828	112	2262	0	340	0	582	0	1808	0	478	0	1828	0	6646	0	318	0	0	0	0	96	856	0	602	0	0	0	0	0	0	0	0	0	0	392	0	0	0	0	0	
45512	Amygdala_L	0	0	668	0	410	0	636	0	0	0	0	0	0	0	248	0	0	0	158	0	802	110	0	0	0	0	0	0	1928	0	0	0	0	0	0	0	6664	0	2880	0	0	0	0	0	0	0	0	0	0	0	0	0	0	0	4446	0	0	0	0	0	0	0	0	0	0	0	0	0	0	0	170	104	722	0	0	0	152	0	0	0	118	0	584	0	0	0	372	0	1584	0	0	0	0	0	0	0	0	0	0	0	0	0	0	0	0	0	0	0	0	0	0	0	0	0	0	0	
55104	Amygdala_R	0	0	0	178	0	104	0	0	0	0	0	0	0	0	0	172	0	0	0	0	0	266	0	0	0	0	0	0	0	228	0	0	0	0	0	0	0	7696	0	6804	0	0	0	0	0	0	0	0	0	0	0	0	0	0	0	7304	0	0	0	0	0	0	0	0	0	0	0	0	0	0	0	178	0	720	0	0	0	192	0	0	0	0	0	1652	0	0	0	774	0	1284	0	0	0	0	0	0	0	0	0	0	0	0	0	0	0	0	0	0	0	0	0	0	0	0	0	0	
371680	Calcarine_L	1068	0	678	0	0	0	702	0	0	0	0	0	0	0	0	0	314	0	0	0	0	0	0	0	0	0	0	0	228	0	0	0	2352	0	2584	0	1920	0	1496	0	0	0	0	10656	29198	6840	23058	6710	22354	3576	29006	382	3564	490	674	1384	1318	0	1660	0	676	0	90	0	358	0	22334	1768	2482	0	248	0	976	0	522	0	0	0	0	0	0	0	0	0	2988	0	0	0	1044	0	0	0	0	0	0	0	0	0	0	0	0	0	0	0	0	0	0	0	0	0	142	0	0	0	0	0	
422972	Calcarine_R	0	614	0	268	0	0	0	0	0	0	0	0	0	0	0	0	0	0	0	194	0	0	0	0	0	0	0	0	0	0	0	0	0	1024	0	2194	0	1012	0	826	0	0	10656	0	5966	37406	4216	31076	262	31930	164	13794	0	11184	0	9008	0	3606	0	3166	0	1042	0	0	0	518	1732	31636	0	1284	0	0	0	0	0	0	0	0	0	0	0	0	0	0	0	4282	0	0	0	1712	0	0	0	0	0	0	0	184	0	0	0	0	0	0	0	0	0	0	0	0	530	0	0	0	0	0	
271824	Cuneus_L	718	0	330	0	0	0	118	0	0	0	0	0	0	0	0	0	180	0	0	0	0	0	0	0	0	0	0	0	0	0	0	0	1976	0	3530	136	114	0	120	0	0	0	29198	5966	0	9252	4972	1206	26374	1904	17468	0	1914	0	470	102	626	0	1952	0	234	0	0	0	102	0	20770	1162	2190	0	188	0	430	0	246	0	0	0	0	0	0	0	0	0	1234	0	0	0	730	0	0	0	0	0	0	0	0	0	0	0	0	0	0	0	0	0	0	0	0	0	0	0	0	0	0	0	
385512	Cuneus_R	0	570	0	292	0	0	0	0	0	0	0	0	0	0	0	0	0	0	344	1182	0	0	0	0	0	0	0	0	0	0	0	0	98	2284	180	3024	0	0	0	0	0	0	6840	37406	9252	0	906	11916	420	44706	110	13524	0	7166	0	2974	0	1158	0	7884	0	900	0	0	0	844	3492	32296	100	610	0	0	0	0	0	0	0	0	0	0	0	0	0	0	0	1282	0	0	0	872	0	0	0	0	0	0	0	0	0	0	0	0	0	0	0	0	0	0	0	0	124	0	0	0	0	0	
318384	Lingual_L	340	0	178	0	0	0	204	0	0	0	0	0	0	0	0	0	0	0	0	0	0	0	0	0	0	0	0	0	572	0	0	0	0	0	1962	0	2956	0	3756	0	0	0	23058	4216	4972	906	0	5658	9162	1626	26450	174	12802	348	12762	1480	96	0	278	0	0	0	98	0	362	0	5712	470	150	0	0	0	86	0	0	0	812	0	0	0	0	0	0	0	840	0	0	0	854	0	2986	1306	160	244	0	112	9576	1672	9790	1858	110	0	428	0	0	0	0	0	0	126	4448	2672	364	0	0	0	
433172	Lingual_R	0	706	0	492	0	0	0	0	0	0	0	0	0	0	0	0	0	0	0	142	0	0	0	0	0	0	0	0	0	120	0	0	0	1570	96	4144	0	3720	0	4800	0	0	6710	31076	1206	11916	5658	0	208	14558	190	5854	0	6588	692	27080	0	2870	0	402	0	0	0	0	0	94	628	20564	0	1604	0	128	0	0	0	0	0	574	0	0	0	0	0	0	0	870	0	0	0	1058	2462	7746	0	496	274	236	2694	9152	5640	11030	0	0	0	310	534	354	0	0	238	186	8294	8402	1186	300	206	528	
306316	Occipital_Sup_L	940	0	622	0	0	0	378	0	0	0	0	0	0	0	0	0	244	0	0	0	0	0	0	0	0	0	0	0	140	0	0	0	534	0	2088	0	182	0	102	0	0	0	22354	262	26374	420	9162	208	0	0	44720	0	3698	0	348	0	1374	0	10908	0	4374	0	0	0	932	0	18992	288	568	0	0	0	570	0	198	0	0	0	0	0	136	0	0	0	1424	0	0	0	618	0	0	0	0	0	0	0	0	0	0	0	0	0	0	0	0	0	0	0	0	0	0	0	0	0	0	0	
422404	Occipital_Sup_R	0	1350	0	300	0	0	0	0	0	0	0	0	0	0	0	0	0	0	102	288	0	0	0	0	0	0	0	0	0	0	0	0	0	646	0	788	0	0	0	248	0	0	3576	31930	1904	44706	1626	14558	0	0	0	31840	0	11346	0	6884	0	1298	0	12116	0	3996	0	0	0	5416	1940	27878	0	436	0	0	0	0	0	0	0	0	0	0	0	102	0	0	0	3800	0	0	0	2128	0	0	0	0	0	0	0	0	0	0	0	0	0	0	0	0	0	0	0	0	0	0	0	0	0	0	
617544	Occipital_Mid_L	5368	0	1274	0	0	0	1282	0	0	0	96	0	0	0	0	0	4610	0	0	0	0	0	0	0	0	0	0	0	1460	0	0	0	1362	0	1460	0	724	0	308	0	0	0	29006	164	17468	110	26450	190	44720	0	0	0	23696	0	6838	92	8646	0	20328	0	14142	0	4638	0	19162	0	24866	0	2860	0	152	0	1394	0	520	0	92	0	388	0	4114	0	0	0	26560	0	0	0	14104	0	0	0	0	0	0	0	0	0	128	0	0	0	0	0	0	0	0	0	0	0	0	0	0	0	0	0	
260356	Occipital_Mid_R	0	468	0	128	0	0	0	0	0	0	0	0	0	0	0	0	0	0	0	0	0	0	0	0	0	0	0	0	0	0	0	0	0	362	0	912	0	0	0	96	0	0	382	13794	0	13524	174	5854	0	31840	0	0	0	7608	0	2798	0	718	0	6070	0	8236	0	0	0	15494	204	10818	0	368	0	0	0	0	0	0	0	0	0	0	0	140	0	0	0	9464	0	0	0	726	0	0	0	0	0	0	0	0	0	0	0	0	0	0	0	0	0	0	0	0	0	0	0	0	0	0	
172204	Occipital_Inf_L	1274	0	0	0	0	0	0	0	0	0	0	0	0	0	0	0	300	0	0	0	0	0	0	0	0	0	0	0	680	0	0	0	0	0	630	0	330	0	1152	0	0	0	3564	0	1914	0	12802	0	3698	0	23696	0	0	0	15712	0	186	0	754	0	684	0	0	0	264	0	2216	0	1152	0	0	0	0	0	0	0	0	0	248	0	472	0	0	0	3700	0	0	0	8176	0	734	0	0	0	0	0	536	0	752	0	0	0	0	0	0	0	0	0	0	0	476	0	0	0	0	0	
144844	Occipital_Inf_R	0	184	0	98	0	0	0	0	0	0	0	0	0	0	0	0	0	0	0	0	0	0	0	0	0	0	0	0	0	98	0	0	0	98	0	246	0	382	0	314	0	0	490	11184	0	7166	348	6588	0	11346	0	7608	0	0	0	12302	0	170	0	2078	0	212	0	0	0	236	0	6660	0	100	0	0	0	0	0	0	0	0	0	0	0	0	0	0	0	1374	0	0	0	2570	0	192	0	0	0	0	0	0	0	378	0	0	0	0	0	0	0	0	0	0	0	0	0	0	0	0	
382564	Fusiform_L	1802	0	932	0	0	0	372	0	0	0	134	0	0	0	0	0	1654	0	460	0	0	0	0	0	0	0	0	0	5676	0	0	0	0	0	848	138	13256	0	9238	0	4446	0	674	0	470	0	12762	692	348	0	6838	0	15712	0	0	718	862	0	156	0	288	0	0	0	0	0	1042	0	968	0	110	0	2266	0	166	0	356	0	1962	0	3662	0	3026	0	2630	0	2794	0	20978	0	19472	948	2752	266	94	202	10794	630	25262	1662	1102	0	2410	102	368	148	0	0	0	222	2680	2852	484	134	262	0	
523176	Fusiform_R	0	2670	0	2186	0	0	0	1366	0	0	0	1618	0	1738	0	0	0	820	0	930	0	0	0	0	0	0	0	0	0	5410	0	0	0	110	0	1190	0	29742	0	28188	0	7304	1384	9008	102	2974	1480	27080	0	6884	92	2798	0	12302	718	0	0	816	0	546	0	116	0	90	0	0	200	6296	0	0	0	280	0	10036	0	1146	0	1074	0	498	0	1046	0	5102	0	1870	0	3580	0	20884	2100	13328	0	450	118	474	1784	8508	3926	17760	0	0	0	432	396	128	0	0	140	326	4054	5068	588	220	114	0	
328332	Postcentral_L	35038	0	3586	160	122	0	4014	0	0	0	5322	0	0	0	0	0	25036	0	0	106	0	0	176	0	0	0	0	0	8520	0	0	0	514	0	246	0	2640	0	202	0	0	0	1318	0	626	0	96	0	1374	0	8646	0	186	0	862	0	0	0	8920	0	22460	0	7318	0	3100	0	5186	0	1430	0	580	88	1718	0	604	0	358	120	5228	0	4314	0	0	0	700	0	0	0	3252	0	0	0	0	0	0	0	0	0	0	0	0	0	0	0	0	0	0	0	0	0	0	0	0	0	0	0	
157860	Postcentral_R	106	16938	0	1078	0	0	0	350	0	0	0	1334	0	0	0	0	0	3348	0	456	0	0	0	0	0	0	0	0	0	1348	0	0	0	410	0	794	0	1640	0	342	0	0	0	3606	0	1158	0	2870	0	1298	0	718	0	170	0	816	0	0	0	5660	0	5750	0	7446	0	348	530	11054	92	4238	0	0	0	660	0	0	0	416	0	320	0	926	0	0	0	900	0	0	0	1520	0	0	0	0	0	0	0	290	0	0	0	0	0	0	0	0	0	0	0	0	0	0	0	0	0	0	
202192	Parietal_Sup_L	1680	0	290	0	0	0	464	0	0	0	0	0	0	0	0	0	6224	0	0	0	0	0	0	0	0	0	0	0	854	0	0	0	274	0	0	0	0	0	0	0	0	0	1660	0	1952	0	278	0	10908	0	20328	0	754	0	156	0	8920	0	0	0	13486	0	1244	0	1956	0	18828	296	636	0	0	0	136	0	0	0	0	0	214	0	3752	0	0	0	1470	0	0	0	4336	0	0	0	0	0	0	0	0	0	0	0	0	0	0	0	0	0	0	0	0	0	0	0	0	0	0	0	
145076	Parietal_Sup_R	0	2852	0	136	0	0	0	0	0	0	0	330	0	0	0	0	0	202	0	104	0	0	0	0	0	0	0	0	0	350	0	0	0	0	0	0	0	138	0	0	0	0	0	3166	0	7884	0	402	0	12116	0	6070	0	2078	0	546	0	5660	0	0	0	11088	0	648	0	4970	478	11366	0	722	0	0	0	140	0	0	0	0	0	108	0	270	0	0	0	498	0	0	0	216	0	0	0	0	0	0	0	0	0	0	0	0	0	0	0	0	0	0	0	0	0	0	0	0	0	0	
239436	Parietal_Inf_L	11496	0	434	212	0	0	1922	0	0	0	486	0	0	0	0	0	10016	0	0	176	0	0	0	0	0	0	0	0	1960	0	0	0	0	0	158	0	196	0	0	0	0	0	676	0	234	0	0	0	4374	0	14142	0	684	0	288	0	22460	0	13486	0	0	0	12022	0	11634	0	3368	0	558	0	238	0	352	0	168	0	0	0	486	0	3902	0	0	0	844	0	0	0	2746	0	0	0	0	0	0	0	0	0	0	0	0	0	0	0	0	0	0	0	0	0	0	0	0	0	0	0	
128080	Parietal_Inf_R	0	3278	0	294	0	0	0	110	0	0	0	400	0	0	0	0	0	238	0	134	0	0	0	0	0	0	0	0	0	454	0	0	0	0	0	0	0	150	0	86	0	0	0	1042	0	900	0	0	0	3996	0	8236	0	212	0	116	0	5750	0	11088	0	0	0	3774	0	16368	550	2852	0	140	0	0	0	164	0	0	0	0	0	160	0	534	0	0	0	2352	0	0	0	662	0	0	0	0	0	0	0	0	0	0	0	0	0	0	0	0	0	0	0	0	0	0	0	0	0	0	
105288	SupraMarginal_L	2586	0	100	0	0	0	166	0	0	0	0	0	0	0	0	0	3360	0	0	0	0	0	0	0	0	0	0	0	382	0	0	0	0	0	150	0	106	0	0	0	0	0	90	0	0	0	98	0	0	0	4638	0	0	0	0	0	7318	0	1244	0	12022	0	0	0	8574	0	1274	0	0	0	0	0	0	0	0	0	0	0	178	0	3944	0	0	0	4520	0	0	0	1894	0	0	0	0	0	0	0	0	0	0	0	0	0	0	0	0	0	0	0	0	0	0	0	0	0	0	0	
69440	SupraMarginal_R	0	914	0	0	0	0	0	0	0	0	0	0	0	0	0	0	0	3022	0	0	0	0	0	0	0	0	0	0	0	824	0	0	0	0	0	0	0	232	0	0	0	0	0	0	0	0	0	0	0	0	0	0	0	0	0	90	0	7446	0	648	0	3774	0	0	0	4672	526	630	0	0	0	0	0	0	0	0	0	0	0	524	0	5778	0	0	0	4300	0	0	0	1340	0	0	0	0	0	0	0	0	0	0	0	0	0	0	0	0	0	0	0	0	0	0	0	0	0	0	
143200	Angular_L	2620	0	164	0	0	0	428	0	0	0	0	0	0	0	0	0	1876	0	0	0	0	0	0	0	0	0	0	0	632	0	0	0	0	0	0	0	102	0	0	0	0	0	358	0	102	0	362	0	932	0	19162	0	264	0	0	0	3100	0	1956	0	11634	0	8574	0	0	0	1650	0	0	0	0	0	144	0	0	0	0	0	252	0	2774	0	0	0	10292	0	0	0	4222	0	0	0	0	0	0	0	0	0	0	0	0	0	0	0	0	0	0	0	0	0	0	0	0	0	0	0	
129352	Angular_R	0	274	0	92	0	0	0	0	0	0	0	0	0	0	0	0	0	0	0	0	0	0	0	0	0	0	0	0	0	0	0	0	0	0	0	0	0	0	0	0	0	0	0	518	0	844	0	94	0	5416	0	15494	0	236	0	0	0	348	0	4970	0	16368	0	4672	0	0	462	1702	0	0	0	0	0	0	0	0	0	0	0	0	0	3388	0	0	0	8600	0	0	0	1198	0	0	0	0	0	0	0	0	0	0	0	0	0	0	0	0	0	0	0	0	0	0	0	0	0	0	
400624	Precuneus_L	3468	748	768	352	0	0	932	0	0	0	0	0	0	0	0	0	1784	0	358	1154	0	0	0	0	0	0	0	0	512	0	0	0	3232	1544	8806	1856	3366	0	2842	92	0	0	22334	1732	20770	3492	5712	628	18992	1940	24866	204	2216	0	1042	200	5186	530	18828	478	3368	550	1274	526	1650	462	0	11062	5128	96	106	492	418	0	234	0	190	0	220	0	1358	262	0	0	3922	1948	0	0	4104	1872	0	0	0	0	0	0	0	0	0	0	0	0	0	0	0	0	0	0	0	0	106	0	0	0	0	0	
493156	Precuneus_R	250	4130	0	1910	0	0	100	0	0	0	0	0	0	0	0	0	0	136	954	3468	0	0	0	0	0	0	0	0	0	300	0	0	380	8642	1678	14474	634	5014	96	4010	0	0	1768	31636	1162	32296	470	20564	288	27878	0	10818	0	6660	0	6296	0	11054	296	11366	0	2852	0	630	0	1702	11062	0	396	4648	0	214	0	132	0	0	442	1120	0	96	0	416	0	0	0	6698	0	0	0	5326	0	0	0	0	0	0	0	736	0	0	0	0	0	0	0	0	0	0	0	0	1380	0	0	0	0	0	
134068	Paracentral_Lobule_L	12808	356	2270	1568	0	0	0	0	0	0	0	0	0	0	0	0	408	0	4998	2216	0	0	0	0	0	0	0	0	214	0	0	0	4952	926	4710	810	336	0	160	0	0	0	2482	0	2190	100	150	0	568	0	2860	0	1152	0	968	0	1430	92	636	0	558	0	0	0	0	0	5128	396	0	378	872	260	92	0	0	0	4602	676	0	0	332	0	0	0	1710	0	0	0	2670	0	0	0	0	0	0	0	0	0	0	0	0	0	0	0	0	0	0	0	0	0	0	0	0	0	0	0	
48932	Paracentral_Lobule_R	158	758	0	356	0	0	0	0	0	0	0	0	0	0	0	0	0	0	426	2618	0	0	0	0	0	0	0	0	0	0	0	0	0	3598	90	1838	0	0	0	0	0	0	0	1284	0	610	0	1604	0	436	0	368	0	100	0	0	0	4238	0	722	0	140	0	0	0	0	96	4648	378	0	0	0	0	0	0	0	0	0	0	0	0	0	0	0	0	0	0	0	0	0	0	0	0	0	0	0	0	0	0	0	0	0	0	0	0	0	0	0	0	0	0	0	0	0	0	0	
336072	Caudate_L	2886	910	11922	7920	3778	1408	3060	1868	440	0	756	780	1076	886	2868	386	320	128	8438	7090	9056	8358	2284	396	346	366	2922	1654	6056	1862	8854	3956	456	1662	132	134	784	108	168	0	170	0	248	0	188	0	0	0	0	0	152	0	0	0	110	0	580	0	0	0	238	0	0	0	0	0	106	0	872	0	0	13792	21898	3810	6574	2026	9174	690	100	0	170	0	664	0	0	0	0	0	0	0	0	0	0	0	0	0	0	0	0	0	0	0	0	0	0	0	0	0	0	0	0	0	0	0	0	0	
505932	Caudate_R	1844	3236	2038	33854	486	3410	332	2582	202	154	0	2100	0	2874	514	3666	0	288	4974	27094	5658	11024	964	9132	244	5838	1076	3778	544	6826	6320	27590	204	5222	346	1416	202	1038	0	486	104	178	0	0	0	0	0	128	0	0	0	0	0	0	0	280	88	0	0	0	0	0	0	0	0	0	492	214	260	0	13792	0	5392	26822	580	6848	856	19376	0	0	0	0	0	0	0	0	0	0	0	0	0	0	0	0	0	0	0	0	0	0	0	0	0	0	0	0	0	0	0	0	0	0	0	0	0	0	
419536	Putamen_L	3022	196	33234	2176	6432	516	12102	464	1314	0	2074	276	1454	350	4348	0	1454	0	15906	1710	3720	3982	3698	172	282	104	1074	544	26488	664	5178	1484	732	466	312	224	11364	214	1866	0	722	0	976	0	430	0	86	0	570	0	1394	0	0	0	2266	0	1718	0	136	0	352	0	0	0	144	0	418	0	92	0	21898	5392	0	2252	11864	808	3234	450	232	0	1614	0	1422	0	158	0	0	0	1544	0	0	0	0	0	0	0	0	0	0	0	0	0	0	0	0	0	0	0	0	0	0	0	0	0	0	0	
431028	Putamen_R	126	3018	364	19210	118	1518	0	6966	0	170	0	8554	0	4678	138	6106	0	3824	1030	11886	2436	3858	582	7710	0	4450	428	1032	134	22834	3178	14380	0	946	154	200	152	15658	0	9350	0	720	0	0	0	0	0	0	0	0	0	0	0	0	0	10036	0	660	0	140	0	164	0	0	0	0	0	132	0	0	3810	26822	2252	0	280	6952	186	3452	0	194	0	1008	0	492	0	122	0	0	0	2306	0	0	0	0	0	0	0	390	0	208	0	0	0	0	0	0	0	0	0	0	0	0	0	0	0	0	
79744	Pallidum_L	636	0	3798	650	0	0	1332	0	0	0	0	0	0	0	0	0	0	0	3544	466	266	610	0	0	0	0	0	0	0	0	214	162	428	0	0	0	1916	0	240	0	0	0	522	0	246	0	0	0	198	0	520	0	0	0	166	0	604	0	0	0	168	0	0	0	0	0	234	0	0	0	6574	580	11864	280	0	266	3182	206	0	0	0	0	0	0	0	0	0	0	0	0	0	0	0	0	0	0	0	0	0	0	0	0	0	0	0	0	0	0	0	0	0	0	0	0	0	0	
83332	Pallidum_R	126	1056	116	2940	0	0	0	1366	0	0	0	278	0	0	0	234	0	198	942	3186	950	2334	0	350	0	506	120	0	0	458	1034	2244	252	294	0	144	0	2142	0	1828	0	0	0	0	0	0	0	0	0	0	0	0	0	0	0	1146	0	0	0	0	0	0	0	0	0	0	0	0	0	0	2026	6848	808	6952	266	0	0	326	0	0	0	0	0	0	0	0	0	0	0	0	0	0	0	0	0	0	0	196	0	0	0	0	0	0	0	0	0	0	0	0	0	0	0	0	0	0	
166256	Thalamus_L	13398	560	7224	2346	0	0	2012	0	0	0	402	0	0	0	0	0	460	0	7130	110	88	94	0	0	0	0	0	0	2154	0	0	0	0	0	2964	3092	7308	1524	678	112	152	0	0	0	0	0	812	0	0	0	92	0	0	0	356	0	358	0	0	0	0	0	0	0	0	0	190	442	4602	0	9174	856	3234	186	3182	0	0	7098	208	0	348	0	0	0	0	0	0	0	182	0	0	0	0	0	0	0	0	0	0	0	0	0	0	0	0	0	0	0	0	0	0	0	0	0	0	0	
203524	Thalamus_R	3712	4624	922	22574	0	0	786	774	0	0	0	858	0	0	0	94	90	1064	1138	8794	0	140	0	0	0	0	0	0	128	1132	0	0	154	0	2912	3712	2968	6296	162	2262	0	192	0	0	0	0	0	574	0	0	0	0	0	0	0	1074	120	416	0	0	0	0	0	0	0	0	0	1120	676	0	690	19376	450	3452	206	326	7098	0	0	162	0	0	0	0	0	0	0	0	0	266	0	0	0	0	0	0	0	0	0	104	0	0	0	0	0	0	0	0	0	0	164	0	0	0	0	0	
102724	Heschl_L	4418	0	956	0	0	0	524	0	0	0	510	0	0	0	0	0	8672	0	0	0	0	0	0	0	0	0	0	0	8062	0	0	0	0	0	106	0	2970	0	94	0	0	0	0	0	0	0	0	0	0	0	388	0	248	0	1962	0	5228	0	214	0	486	0	178	0	252	0	220	0	0	0	100	0	232	0	0	0	208	0	0	0	6274	0	0	0	4100	0	0	0	4960	0	0	0	0	0	0	0	0	0	0	0	0	0	0	0	0	0	0	0	0	0	0	0	0	0	0	0	
28596	Heschl_R	0	436	0	308	0	0	0	0	0	0	0	0	0	0	0	0	0	1480	0	0	0	0	0	0	0	0	0	0	0	3152	0	0	0	0	0	0	0	516	0	340	0	0	0	0	0	0	0	0	0	0	0	0	0	0	0	498	0	320	0	108	0	160	0	524	0	0	0	96	0	0	0	0	0	194	0	0	0	162	0	0	0	4558	0	0	0	808	0	0	0	638	0	0	0	0	0	0	0	0	0	0	0	0	0	0	0	0	0	0	0	0	0	0	0	0	0	0	
325608	Temporal_Sup_L	6604	0	8548	154	0	0	6450	0	0	0	9202	0	568	0	0	0	22566	0	5922	142	0	0	0	0	0	0	0	0	16334	0	0	0	0	0	162	0	3292	0	170	0	118	0	0	0	0	0	0	0	136	0	4114	0	472	0	3662	0	4314	0	3752	0	3902	0	3944	0	2774	0	1358	0	332	0	170	0	1614	0	0	0	348	0	6274	0	0	0	3748	0	22862	0	0	0	18796	0	0	0	0	0	0	0	0	0	0	0	0	0	0	0	0	0	0	0	0	0	0	0	0	0	0	0	
157232	Temporal_Sup_R	0	1176	0	3484	0	0	0	652	0	0	0	5264	0	808	0	0	0	7974	316	3658	0	0	0	0	0	0	0	0	0	11406	0	0	0	0	0	0	0	588	0	582	0	0	0	0	0	0	0	0	0	102	0	140	0	0	0	1046	0	926	0	270	0	534	0	5778	0	3388	262	416	0	0	0	0	0	1008	0	0	0	0	0	4558	0	0	0	6162	0	13554	0	252	0	4312	0	0	0	0	0	0	0	0	0	0	0	0	0	0	0	0	0	0	0	0	0	0	0	0	0	0	
137992	Temporal_Pole_Sup_L	0	0	4966	0	1918	0	2900	0	1284	0	3186	0	1418	0	6052	0	2492	0	1992	0	1138	0	0	0	0	0	134	0	6384	0	128	0	0	0	0	0	898	0	748	0	584	0	0	0	0	0	0	0	0	0	0	0	0	0	3026	0	0	0	0	0	0	0	0	0	0	0	0	0	0	0	664	0	1422	0	0	0	0	0	0	0	3748	0	0	0	8560	0	6882	0	8472	0	0	0	0	0	0	0	0	0	0	0	0	0	0	0	0	0	0	0	0	0	0	0	0	0	0	0	
115484	Temporal_Pole_Sup_R	0	0	0	4206	0	0	0	714	0	0	0	6952	0	734	0	146	0	7234	356	5126	0	0	0	0	0	0	0	0	0	6232	0	0	0	0	0	0	0	656	0	1808	0	1652	0	0	0	0	0	0	0	0	0	0	0	0	0	5102	0	0	0	0	0	0	0	0	0	0	0	0	0	0	0	0	0	492	0	0	0	0	0	0	0	6162	0	0	0	2258	0	5162	0	2750	0	0	0	0	0	0	0	0	0	0	0	0	0	0	0	0	0	0	0	0	0	0	0	0	0	0	
327604	Temporal_Mid_L	1824	0	136	0	0	0	90	0	0	0	88	0	0	0	0	0	2248	0	86	0	0	0	0	0	0	0	0	0	4710	0	0	0	566	0	672	0	752	0	0	0	0	0	2988	0	1234	0	840	0	1424	0	26560	0	3700	0	2630	0	700	0	1470	0	844	0	4520	0	10292	0	3922	0	1710	0	0	0	158	0	0	0	0	0	4100	0	22862	0	8560	0	0	0	6954	0	47162	0	0	0	0	0	0	0	0	0	0	0	0	0	0	0	0	0	0	0	0	0	0	0	0	0	0	0	
191140	Temporal_Mid_R	0	3522	0	1220	0	0	0	144	0	0	0	0	0	0	0	0	0	172	0	0	0	0	0	0	0	0	0	0	0	2342	0	0	0	0	0	540	0	302	0	478	0	0	0	4282	0	1282	0	870	0	3800	0	9464	0	1374	0	1870	0	900	0	498	0	2352	0	4300	0	8600	1948	6698	0	0	0	0	0	122	0	0	0	0	0	808	0	13554	0	2258	0	0	0	2810	0	19060	0	0	0	0	0	0	0	0	0	0	0	0	0	0	0	0	0	0	0	0	0	0	0	0	0	0	
50036	Temporal_Pole_Mid_L	0	0	0	0	0	0	0	0	0	0	0	0	0	0	0	0	0	0	0	0	0	0	0	0	0	0	0	0	0	0	0	0	0	0	0	0	278	0	1176	0	372	0	0	0	0	0	0	0	0	0	0	0	0	0	2794	0	0	0	0	0	0	0	0	0	0	0	0	0	0	0	0	0	0	0	0	0	0	0	0	0	0	0	6882	0	6954	0	0	0	6562	0	0	0	0	0	0	0	0	0	0	0	0	0	0	0	0	0	0	0	0	0	0	0	0	0	0	0	
35660	Temporal_Pole_Mid_R	0	0	0	0	0	0	0	0	0	0	0	0	0	0	0	0	0	0	0	0	0	0	0	0	0	0	0	0	0	0	0	0	0	0	0	0	0	102	0	1828	0	774	0	0	0	0	0	0	0	0	0	0	0	0	0	3580	0	0	0	0	0	0	0	0	0	0	0	0	0	0	0	0	0	0	0	0	0	0	0	0	0	252	0	5162	0	2810	0	0	0	3322	0	0	0	0	0	0	0	0	0	0	0	0	0	0	0	0	0	0	0	0	0	0	0	0	0	0	
391572	Temporal_Inf_L	3736	0	836	0	0	0	372	0	0	0	158	0	0	0	0	0	6930	0	658	0	0	0	0	0	0	0	0	0	11844	0	0	0	0	0	1008	0	7672	0	842	0	1584	0	1044	0	730	0	854	0	618	0	14104	0	8176	0	20978	0	3252	0	4336	0	2746	0	1894	0	4222	0	4104	0	2670	0	0	0	1544	0	0	0	182	0	4960	0	18796	0	8472	0	47162	0	6562	0	0	0	1858	0	216	0	0	0	0	0	666	0	0	0	0	0	0	0	0	0	0	0	0	0	0	0	0	0	
213200	Temporal_Inf_R	0	4590	0	1844	0	0	0	436	0	0	0	556	0	550	0	0	0	632	0	118	0	0	0	0	0	0	0	0	0	5678	0	0	0	0	0	428	0	6624	0	6646	0	1284	0	1712	0	872	0	1058	0	2128	0	726	0	2570	0	20884	0	1520	0	216	0	662	0	1340	0	1198	1872	5326	0	0	0	0	0	2306	0	0	0	266	0	638	0	4312	0	2750	0	19060	0	3322	0	0	0	1598	0	136	0	0	0	190	0	552	0	0	0	0	0	0	0	0	0	0	0	0	0	0	0	0	
469084	Cerebelum_Crus1_L	0	0	0	0	0	0	0	0	0	0	0	0	0	0	0	0	0	0	0	0	0	0	0	0	0	0	0	0	0	0	0	0	0	0	0	0	114	0	0	0	0	0	0	0	0	0	2986	2462	0	0	0	0	734	0	19472	2100	0	0	0	0	0	0	0	0	0	0	0	0	0	0	0	0	0	0	0	0	0	0	0	0	0	0	0	0	0	0	0	0	1858	0	0	5100	28038	3066	2156	1092	19316	1158	52556	7418	13656	170	23308	3444	3614	3402	412	286	792	2316	4416	10900	7758	4806	5266	370	
402096	Cerebelum_Crus1_R	0	0	0	0	0	0	0	0	0	0	0	0	0	0	0	0	0	0	0	0	0	0	0	0	0	0	0	0	0	0	0	0	0	0	0	0	0	208	0	318	0	0	0	0	0	0	1306	7746	0	0	0	0	0	192	948	13328	0	0	0	0	0	0	0	0	0	0	0	0	0	0	0	0	0	0	0	0	0	0	0	0	0	0	0	0	0	0	0	0	0	1598	5100	0	778	27660	152	1808	2120	14588	7646	53274	124	3088	292	19810	226	4334	88	828	486	1504	7252	14212	6830	1778	1426	0	
345884	Cerebelum_Crus2_L	0	0	0	0	0	0	0	0	0	0	0	0	0	0	0	0	0	0	0	0	0	0	0	0	0	0	0	0	0	0	0	0	0	0	0	0	0	0	0	0	0	0	0	0	0	0	160	0	0	0	0	0	0	0	2752	0	0	0	0	0	0	0	0	0	0	0	0	0	0	0	0	0	0	0	0	0	0	0	0	0	0	0	0	0	0	0	0	0	216	0	28038	778	0	9246	346	566	3274	0	7572	1104	38398	3646	38086	9344	4104	3176	0	110	104	624	336	1804	9008	6438	3546	166	
288896	Cerebelum_Crus2_R	0	0	0	0	0	0	0	0	0	0	0	0	0	0	0	0	0	0	0	0	0	0	0	0	0	0	0	0	0	0	0	0	0	0	0	0	0	0	0	0	0	0	0	0	0	0	244	496	0	0	0	0	0	0	266	450	0	0	0	0	0	0	0	0	0	0	0	0	0	0	0	0	0	0	0	0	0	0	0	0	0	0	0	0	0	0	0	0	0	136	3066	27660	9246	0	0	0	0	164	1878	5744	4110	21798	3030	37910	354	7358	0	454	0	0	0	2364	10668	3952	3100	0	
43616	Cerebelum_3_L	0	0	0	0	0	0	0	0	0	0	0	0	0	0	0	0	0	0	0	0	0	0	0	0	0	0	0	0	0	0	0	0	0	0	0	0	0	0	86	0	0	0	0	0	0	0	0	274	0	0	0	0	0	0	94	118	0	0	0	0	0	0	0	0	0	0	0	0	0	0	0	0	0	0	0	0	0	0	0	0	0	0	0	0	0	0	0	0	0	0	2156	152	346	0	0	220	4752	222	3542	252	458	0	1088	0	296	156	0	0	946	3758	2210	374	0	0	152	156	
60308	Cerebelum_3_R	0	0	0	0	0	0	0	0	0	0	0	0	0	0	0	0	0	0	0	0	0	0	0	0	0	0	0	0	0	0	0	0	0	0	0	0	0	0	0	0	0	0	0	0	0	0	112	236	0	0	0	0	0	0	202	474	0	0	0	0	0	0	0	0	0	0	0	0	0	0	0	0	0	0	0	0	0	0	0	0	0	0	0	0	0	0	0	0	0	0	1092	1808	566	0	220	0	1056	4352	1600	4658	0	0	908	334	1010	402	106	0	710	5072	2510	1350	250	356	770	0	
269552	Cerebelum_4_5_L	0	0	0	0	0	0	0	0	0	0	0	0	0	0	0	0	0	0	0	0	0	0	0	0	0	0	0	0	0	0	0	0	0	0	0	0	148	0	308	96	0	0	0	0	0	0	9576	2694	0	0	0	0	536	0	10794	1784	0	0	0	0	0	0	0	0	0	0	0	0	0	0	0	0	0	0	0	0	0	0	0	0	0	0	0	0	0	0	0	0	0	0	19316	2120	3274	0	4752	1056	0	5930	31580	3460	1978	0	5992	130	3252	642	242	0	878	3538	14938	3288	176	128	1006	1164	
208360	Cerebelum_4_5_R	0	0	0	0	0	0	0	0	0	0	0	0	0	0	0	0	0	0	0	0	0	0	0	0	0	0	0	0	0	0	0	0	0	0	0	0	0	486	0	856	0	0	0	184	0	0	1672	9152	0	0	0	0	0	0	630	8508	0	290	0	0	0	0	0	0	0	0	0	736	0	0	0	0	0	390	0	196	0	0	0	0	0	0	0	0	0	0	0	0	0	190	1158	14588	0	164	222	4352	5930	0	3092	26030	0	0	168	616	596	392	0	0	476	2198	17198	2568	200	144	146	652	
477064	Cerebelum_6_L	0	0	0	0	0	0	0	0	0	0	0	0	0	0	0	0	0	0	0	0	0	0	0	0	0	0	0	0	0	0	0	0	0	0	0	0	300	0	358	0	0	0	0	0	0	0	9790	5640	0	0	128	0	752	0	25262	3926	0	0	0	0	0	0	0	0	0	0	0	0	0	0	0	0	0	0	0	0	0	0	0	0	0	0	0	0	0	0	0	0	666	0	52556	7646	7572	1878	3542	1600	31580	3092	0	12298	5198	0	11650	660	4328	2068	1370	108	1196	3342	10970	19384	4108	1762	3010	792	
422872	Cerebelum_6_R	0	0	0	0	0	0	0	0	0	0	0	0	0	0	0	0	0	0	0	0	0	0	0	0	0	0	0	0	0	0	0	0	0	0	0	0	0	516	0	602	0	0	0	0	0	0	1858	11030	0	0	0	0	0	378	1662	17760	0	0	0	0	0	0	0	0	0	0	0	0	0	0	0	0	0	208	0	0	0	104	0	0	0	0	0	0	0	0	0	0	0	552	7418	53274	1104	5744	252	4658	3460	26030	12298	0	246	136	942	7140	1548	2608	614	814	1514	3210	12484	19526	7038	2594	2114	0	
258528	Cerebelum_7b_L	0	0	0	0	0	0	0	0	0	0	0	0	0	0	0	0	0	0	0	0	0	0	0	0	0	0	0	0	0	0	0	0	0	0	0	0	0	0	0	0	0	0	0	0	0	0	110	0	0	0	0	0	0	0	1102	0	0	0	0	0	0	0	0	0	0	0	0	0	0	0	0	0	0	0	0	0	0	0	0	0	0	0	0	0	0	0	0	0	0	0	13656	124	38398	4110	458	0	1978	0	5198	246	0	1342	36948	6702	2682	2052	272	0	156	322	314	316	5042	5934	1802	0	
118344	Cerebelum_7b_R	0	0	0	0	0	0	0	0	0	0	0	0	0	0	0	0	0	0	0	0	0	0	0	0	0	0	0	0	0	0	0	0	0	0	0	0	0	0	0	0	0	0	0	0	0	0	0	0	0	0	0	0	0	0	0	0	0	0	0	0	0	0	0	0	0	0	0	0	0	0	0	0	0	0	0	0	0	0	0	0	0	0	0	0	0	0	0	0	0	0	170	3088	3646	21798	0	0	0	0	0	136	1342	0	698	22516	0	2928	0	0	0	0	0	0	1866	806	178	0	
356664	Cerebelum_8_L	0	0	0	0	0	0	0	0	0	0	0	0	0	0	0	0	0	0	0	0	0	0	0	0	0	0	0	0	0	0	0	0	0	0	0	0	0	0	0	0	0	0	0	0	0	0	428	0	0	0	0	0	0	0	2410	0	0	0	0	0	0	0	0	0	0	0	0	0	0	0	0	0	0	0	0	0	0	0	0	0	0	0	0	0	0	0	0	0	0	0	23308	292	38086	3030	1088	908	5992	168	11650	942	36948	698	0	7154	16540	3608	538	0	506	1552	1462	2272	5010	8548	4924	270	
329208	Cerebelum_8_R	0	0	0	0	0	0	0	0	0	0	0	0	0	0	0	0	0	0	0	0	0	0	0	0	0	0	0	0	0	0	0	0	0	0	0	0	0	0	0	0	0	0	0	0	0	0	0	310	0	0	0	0	0	0	102	432	0	0	0	0	0	0	0	0	0	0	0	0	0	0	0	0	0	0	0	0	0	0	0	0	0	0	0	0	0	0	0	0	0	0	3444	19810	9344	37910	0	334	130	616	660	7140	6702	22516	7154	0	942	18150	0	1336	192	326	222	1220	9942	9624	6046	0	
119612	Cerebelum_9_L	0	0	0	0	0	0	0	0	0	0	0	0	0	0	0	0	0	0	0	0	0	0	0	0	0	0	0	0	0	0	0	0	0	0	0	0	0	0	0	0	0	0	0	0	0	0	0	534	0	0	0	0	0	0	368	396	0	0	0	0	0	0	0	0	0	0	0	0	0	0	0	0	0	0	0	0	0	0	0	0	0	0	0	0	0	0	0	0	0	0	3614	226	4104	354	296	1010	3252	596	4328	1548	2682	0	16540	942	0	2800	1356	0	416	1060	1992	4368	828	1364	3478	1354	
169304	Cerebelum_9_R	0	0	0	0	0	0	0	0	0	0	0	0	0	0	0	0	0	0	0	0	0	0	0	0	0	0	0	0	0	0	0	0	0	0	0	0	0	0	0	0	0	0	0	0	0	0	0	354	0	0	0	0	0	0	148	128	0	0	0	0	0	0	0	0	0	0	0	0	0	0	0	0	0	0	0	0	0	0	0	0	0	0	0	0	0	0	0	0	0	0	3402	4334	3176	7358	156	402	642	392	2068	2608	2052	2928	3608	18150	2800	0	0	1750	172	414	892	3408	5562	6730	9354	1664	
12152	Cerebelum_10_L	0	0	0	0	0	0	0	0	0	0	0	0	0	0	0	0	0	0	0	0	0	0	0	0	0	0	0	0	0	0	0	0	0	0	0	0	0	0	0	0	0	0	0	0	0	0	0	0	0	0	0	0	0	0	0	0	0	0	0	0	0	0	0	0	0	0	0	0	0	0	0	0	0	0	0	0	0	0	0	0	0	0	0	0	0	0	0	0	0	0	412	88	0	0	0	106	242	0	1370	614	272	0	538	0	1356	0	0	0	130	110	156	682	0	0	0	0	
16004	Cerebelum_10_R	0	0	0	0	0	0	0	0	0	0	0	0	0	0	0	0	0	0	0	0	0	0	0	0	0	0	0	0	0	0	0	0	0	0	0	0	0	0	0	0	0	0	0	0	0	0	0	0	0	0	0	0	0	0	0	0	0	0	0	0	0	0	0	0	0	0	0	0	0	0	0	0	0	0	0	0	0	0	0	0	0	0	0	0	0	0	0	0	0	0	286	828	110	454	0	0	0	0	108	814	0	0	0	1336	0	1750	0	0	0	0	0	234	792	632	658	0	
28780	Vermis_1_2	0	0	0	0	0	0	0	0	0	0	0	0	0	0	0	0	0	0	0	0	0	0	0	0	0	0	0	0	0	0	0	0	0	0	0	0	0	0	0	0	0	0	0	0	0	0	0	238	0	0	0	0	0	0	0	140	0	0	0	0	0	0	0	0	0	0	0	0	0	0	0	0	0	0	0	0	0	0	0	0	0	0	0	0	0	0	0	0	0	0	792	486	104	0	946	710	878	476	1196	1514	156	0	506	192	416	172	130	0	0	2820	1314	828	0	124	252	0	
79772	Vermis_3	0	0	0	0	0	0	0	0	0	0	0	0	0	0	0	0	0	0	0	0	0	0	0	0	0	0	0	0	0	0	0	0	0	0	0	0	0	0	0	0	0	0	0	0	0	0	126	186	0	0	0	0	0	0	222	326	0	0	0	0	0	0	0	0	0	0	0	0	0	0	0	0	0	0	0	0	0	0	0	0	0	0	0	0	0	0	0	0	0	0	2316	1504	624	0	3758	5072	3538	2198	3342	3210	322	0	1552	326	1060	414	110	0	2820	0	4054	1382	266	378	780	0	
