data	data	487700	431628	1.0398e+06	1.07623e+06	174172	161116	520808	243824	97752	24352	267192	105144	252484	163208	163636	93664	218600	78020	735140	740404	82812	104024	415104	411568	36872	75452	49136	59764	619288	279248	290680	408480	179752	516396	185780	199024	294732	337228	109548	169092	40348	52616	433656	405428	279960	344316	337300	323304	298308	359360	520048	253612	251176	109100	407536	472172	309768	206524	149764	96972	224160	86476	107232	95596	124744	117736	405536	460960	220840	134828	303056	434828	395164	443156	57184	38464	185228	229464	46632	29220	236656	117528	101188	63940	299976	223892	33136	25536	324040	231196	535680	432824	266692	306324	30384	65168	270964	173640	483468	403784	217260	133360	251564	234472	160464	137988	15108	12600	30988	78492	173892	158152	241368	134272	101540	50332	
data	data	Precentral_L	Precentral_R	Frontal_Sup_L	Frontal_Sup_R	Frontal_Sup_Orb_L	Frontal_Sup_Orb_R	Frontal_Mid_L	Frontal_Mid_R	Frontal_Mid_Orb_L	Frontal_Mid_Orb_R	Frontal_Inf_Oper_L	Frontal_Inf_Oper_R	Frontal_Inf_Tri_L	Frontal_Inf_Tri_R	Frontal_Inf_Orb_L	Frontal_Inf_Orb_R	Rolandic_Oper_L	Rolandic_Oper_R	Supp_Motor_Area_L	Supp_Motor_Area_R	Olfactory_L	Olfactory_R	Frontal_Sup_Medial_L	Frontal_Sup_Medial_R	Frontal_Med_Orb_L	Frontal_Med_Orb_R	Rectus_L	Rectus_R	Insula_L	Insula_R	Cingulum_Ant_L	Cingulum_Ant_R	Cingulum_Mid_L	Cingulum_Mid_R	Cingulum_Post_L	Cingulum_Post_R	Hippocampus_L	Hippocampus_R	ParaHippocampal_L	ParaHippocampal_R	Amygdala_L	Amygdala_R	Calcarine_L	Calcarine_R	Cuneus_L	Cuneus_R	Lingual_L	Lingual_R	Occipital_Sup_L	Occipital_Sup_R	Occipital_Mid_L	Occipital_Mid_R	Occipital_Inf_L	Occipital_Inf_R	Fusiform_L	Fusiform_R	Postcentral_L	Postcentral_R	Parietal_Sup_L	Parietal_Sup_R	Parietal_Inf_L	Parietal_Inf_R	SupraMarginal_L	SupraMarginal_R	Angular_L	Angular_R	Precuneus_L	Precuneus_R	Paracentral_Lobule_L	Paracentral_Lobule_R	Caudate_L	Caudate_R	Putamen_L	Putamen_R	Pallidum_L	Pallidum_R	Thalamus_L	Thalamus_R	Heschl_L	Heschl_R	Temporal_Sup_L	Temporal_Sup_R	Temporal_Pole_Sup_L	Temporal_Pole_Sup_R	Temporal_Mid_L	Temporal_Mid_R	Temporal_Pole_Mid_L	Temporal_Pole_Mid_R	Temporal_Inf_L	Temporal_Inf_R	Cerebelum_Crus1_L	Cerebelum_Crus1_R	Cerebelum_Crus2_L	Cerebelum_Crus2_R	Cerebelum_3_L	Cerebelum_3_R	Cerebelum_4_5_L	Cerebelum_4_5_R	Cerebelum_6_L	Cerebelum_6_R	Cerebelum_7b_L	Cerebelum_7b_R	Cerebelum_8_L	Cerebelum_8_R	Cerebelum_9_L	Cerebelum_9_R	Cerebelum_10_L	Cerebelum_10_R	Vermis_1_2	Vermis_3	Vermis_4_5	Vermis_6	Vermis_7	Vermis_8	Vermis_9	Vermis_10	
487700	Precentral_L	0	10472	22424	11004	0	0	16798	114	0	0	20264	0	1930	0	0	0	9986	0	14396	10930	0	0	292	0	0	0	0	0	8922	0	0	0	1442	4118	5482	3272	5828	2130	0	410	0	0	540	0	234	214	224	0	410	174	3540	0	1870	0	520	434	18110	776	1212	0	2860	226	1148	394	1486	286	2166	764	14074	2344	3852	1200	4544	462	970	0	16424	3478	2188	0	3946	0	0	0	992	216	0	0	1358	0	0	0	0	0	0	0	0	0	0	0	0	0	0	0	0	0	0	0	0	0	0	0	0	0	0	0	
431628	Precentral_R	10472	0	4260	50732	0	0	474	4180	0	0	0	4984	0	406	0	0	574	896	4866	15822	122	0	0	138	0	0	0	0	516	3140	0	0	260	2594	1466	3088	1684	10398	0	898	0	0	0	388	172	222	0	236	182	728	0	866	0	1510	0	5428	3422	12826	0	474	0	1384	242	3382	0	768	304	2940	7934	2320	2426	6712	1340	5334	722	488	4176	17860	204	1060	264	1156	0	0	0	1502	0	0	172	4700	0	0	0	0	0	0	0	0	0	0	0	0	0	0	0	0	0	0	0	0	0	0	0	0	0	0	
1.0398e+06	Frontal_Sup_L	22424	4260	0	16850	11770	236	80564	1542	4250	0	18724	228	19150	378	7850	386	10542	338	97574	15606	618	128	47620	3738	758	0	138	0	38616	686	17464	5246	3362	4790	0	0	5262	296	368	168	144	0	0	0	0	0	102	0	0	0	0	0	0	0	1312	220	4298	686	0	168	0	620	126	868	0	234	0	122	218	0	11374	2866	27530	2296	4934	170	9670	220	560	0	4006	0	2116	0	486	114	0	0	2282	0	230	0	0	0	0	0	0	0	0	0	0	0	0	0	0	0	0	0	0	0	0	0	0	0	0	0	
1.07623e+06	Frontal_Sup_R	11004	50732	16850	0	332	9262	2114	35950	0	1062	886	7104	264	11290	182	5014	712	3724	18170	78356	124	0	15092	51684	0	2690	0	208	3464	14620	4952	32240	988	22756	1304	1858	1706	10706	0	1424	0	190	0	0	0	0	0	0	0	122	0	180	0	116	0	3166	1860	596	0	0	0	316	208	476	0	354	128	420	7682	0	7112	32402	1102	30492	558	1286	5960	21352	118	258	288	234	0	722	0	182	0	0	156	1254	0	0	0	0	0	0	0	0	0	0	0	0	0	0	0	0	0	0	0	0	0	0	0	0	0	0	
174172	Frontal_Sup_Orb_L	0	0	11770	332	0	0	3476	0	13376	0	0	0	878	0	11804	0	0	0	614	192	2250	178	4132	376	4706	142	7168	0	9174	0	3910	396	0	274	0	0	0	0	0	0	198	0	0	0	0	0	0	0	0	0	0	0	0	0	0	0	0	0	0	0	0	0	0	0	0	0	0	0	0	0	1608	200	9342	100	0	0	0	0	0	0	0	0	490	0	0	0	0	0	0	0	0	0	0	0	0	0	0	0	0	0	0	0	0	0	0	0	0	0	0	0	0	0	0	0	0	0	
161116	Frontal_Sup_Orb_R	0	0	236	9262	0	0	104	628	0	3134	0	0	0	1024	0	3670	0	0	324	2470	620	1796	1022	9480	510	9188	130	8096	102	1520	644	7364	0	568	0	0	0	0	0	0	0	128	0	0	0	0	0	0	0	0	0	0	0	0	0	0	0	0	0	0	0	0	0	0	0	0	0	0	0	0	1056	8846	638	7876	0	0	0	0	0	0	0	0	0	122	0	0	0	0	0	0	0	0	0	0	0	0	0	0	0	0	0	0	0	0	0	0	0	0	0	0	0	0	0	0	0	0	
520808	Frontal_Mid_L	16798	474	80564	2114	3476	104	0	246	4220	0	12438	0	32386	0	9270	120	3580	0	16190	720	0	0	18984	1316	0	0	0	0	24764	0	6662	2774	2170	1664	0	0	1312	0	0	0	0	0	0	0	0	0	0	0	0	0	140	0	388	0	248	0	514	0	0	0	0	102	188	148	0	0	0	0	0	0	2588	650	5722	400	1628	0	1806	0	546	0	1708	0	226	0	354	0	0	0	702	0	0	0	0	0	0	0	0	0	0	0	0	0	0	0	0	0	0	0	0	0	0	0	0	0	0	0	
243824	Frontal_Mid_R	114	4180	1542	35950	0	628	246	0	0	362	528	8786	0	14974	0	1542	324	460	1540	7090	0	0	540	6452	0	0	0	0	1310	4544	642	1994	0	2178	0	0	0	2368	0	292	0	0	0	0	0	0	0	0	0	0	0	0	0	0	0	766	0	0	0	0	0	0	0	0	0	0	0	0	0	0	2230	8432	324	9534	120	924	0	880	0	0	0	0	0	0	0	0	0	0	0	116	0	0	0	0	0	0	0	0	0	0	0	0	0	0	0	0	0	0	0	0	0	0	0	0	0	0	
97752	Frontal_Mid_Orb_L	0	0	4250	0	13376	0	4220	0	0	0	0	0	1370	0	14068	0	0	0	0	0	264	0	0	0	378	0	2908	0	4266	0	196	0	0	0	0	0	0	0	0	0	0	0	0	0	0	0	0	0	0	0	0	0	0	0	0	0	0	0	0	0	0	0	0	0	0	0	0	0	0	0	516	0	3064	0	0	0	0	0	0	0	0	0	0	0	0	0	0	0	0	0	0	0	0	0	0	0	0	0	0	0	0	0	0	0	0	0	0	0	0	0	0	0	0	0	0	0	
24352	Frontal_Mid_Orb_R	0	0	0	1062	0	3134	0	362	0	0	0	0	0	102	0	2592	0	0	0	538	0	0	0	306	0	664	0	952	0	538	0	228	0	0	0	0	0	0	0	0	0	0	0	0	0	0	0	0	0	0	0	0	0	0	0	0	0	0	0	0	0	0	0	0	0	0	0	0	0	0	0	1000	0	698	0	0	0	0	0	0	0	0	0	0	0	0	0	0	0	0	0	0	0	0	0	0	0	0	0	0	0	0	0	0	0	0	0	0	0	0	0	0	0	0	0	0	
267192	Frontal_Inf_Oper_L	20264	0	18724	886	0	0	12438	528	0	0	0	0	12734	0	1332	0	9832	0	15420	376	0	0	2292	0	0	0	0	0	19590	388	2664	108	0	0	0	0	788	0	0	0	0	0	0	0	0	0	0	0	0	0	0	0	114	0	138	0	1130	0	0	0	0	0	0	0	0	0	0	0	0	0	2708	266	1328	434	0	0	210	0	704	0	3208	0	4610	0	128	0	0	0	254	0	0	0	0	0	0	0	0	0	0	0	0	0	0	0	0	0	0	0	0	0	0	0	0	0	0	0	
105144	Frontal_Inf_Oper_R	0	4984	228	7104	0	0	0	8786	0	0	0	0	0	7284	0	178	0	3482	382	3848	0	0	0	436	0	0	0	0	0	6536	188	808	0	668	0	0	0	778	0	140	0	0	0	0	0	0	0	0	0	0	0	0	0	0	0	280	0	236	0	0	0	0	0	0	0	0	0	0	0	0	118	1474	0	3026	0	414	0	244	0	212	0	0	0	738	0	0	0	0	0	0	0	0	0	0	0	0	0	0	0	0	0	0	0	0	0	0	0	0	0	0	0	0	0	0	0	0	
252484	Frontal_Inf_Tri_L	1930	0	19150	264	878	0	32386	0	1370	0	12734	0	0	0	10366	0	814	0	4160	0	0	0	4280	0	0	0	0	0	23582	350	5974	574	690	154	0	0	104	0	0	0	0	0	0	0	0	0	0	0	0	0	0	0	0	0	0	0	0	0	0	0	0	0	0	0	0	0	0	0	0	0	1358	0	2056	340	0	0	0	0	0	0	376	0	2352	0	0	0	0	0	0	0	0	0	0	0	0	0	0	0	0	0	0	0	0	0	0	0	0	0	0	0	0	0	0	0	0	0	
163208	Frontal_Inf_Tri_R	0	406	378	11290	0	1024	0	14974	0	102	0	7284	0	0	0	3466	0	236	1320	5140	0	0	1090	5034	0	0	0	0	114	10952	716	5008	0	7172	0	0	0	216	0	0	0	0	0	0	0	0	0	0	0	0	0	0	0	0	0	0	0	0	0	0	0	0	0	0	0	0	0	0	0	0	232	2378	0	3072	0	0	0	0	0	0	0	0	0	0	0	0	0	0	0	0	0	0	0	0	0	0	0	0	0	0	0	0	0	0	0	0	0	0	0	0	0	0	0	0	0	0	
163636	Frontal_Inf_Orb_L	0	0	7850	182	11804	0	9270	0	14068	0	1332	0	10366	0	0	0	0	0	466	0	1678	0	756	0	0	0	1436	0	13558	0	656	338	336	0	0	0	144	0	0	0	246	0	0	0	0	0	0	0	0	0	0	0	0	0	0	0	0	0	0	0	0	0	0	0	0	0	0	0	0	0	1138	0	4260	0	0	0	0	0	0	0	0	0	1934	0	0	0	0	0	0	0	0	0	0	0	0	0	0	0	0	0	0	0	0	0	0	0	0	0	0	0	0	0	0	0	0	0	
93664	Frontal_Inf_Orb_R	0	0	386	5014	0	3670	120	1542	0	2592	0	178	0	3466	0	0	0	0	264	3184	196	1136	0	742	0	0	0	1364	400	7890	200	808	0	358	0	0	0	110	0	0	0	170	0	0	0	0	0	0	0	0	0	0	0	0	0	0	0	0	0	0	0	0	0	0	0	0	0	0	0	0	788	5374	214	5976	0	0	0	140	0	0	0	126	0	424	0	0	0	0	0	0	0	0	0	0	0	0	0	0	0	0	0	0	0	0	0	0	0	0	0	0	0	0	0	0	0	0	
218600	Rolandic_Oper_L	9986	574	10542	712	0	0	3580	324	0	0	9832	0	814	0	0	0	0	0	9592	258	0	0	1860	0	0	0	0	0	20686	0	174	0	0	0	0	0	1308	0	0	0	0	0	0	0	0	0	0	0	0	0	384	0	1526	0	620	0	6538	238	0	0	1480	0	2150	0	468	0	0	0	0	0	2254	388	492	128	98	0	400	0	2724	0	14384	0	1686	0	1170	0	0	0	1930	0	0	0	0	0	0	0	0	0	0	0	0	0	0	0	0	0	0	0	0	0	0	0	0	0	0	0	
78020	Rolandic_Oper_R	0	896	338	3724	0	0	0	460	0	0	0	3482	0	236	0	0	0	0	346	3154	0	0	0	0	0	0	0	0	0	6988	0	0	0	212	0	0	0	534	0	0	0	0	0	0	0	0	0	0	0	0	0	0	0	0	0	266	0	2220	0	0	0	118	0	3186	0	420	0	250	0	0	0	804	0	2122	0	366	0	146	0	2594	0	3860	0	1340	0	702	0	0	0	246	0	0	0	0	0	0	0	0	0	0	0	0	0	0	0	0	0	0	0	0	0	0	0	0	0	0	
735140	Supp_Motor_Area_L	14396	4866	97574	18170	614	324	16190	1540	0	0	15420	382	4160	1320	466	264	9592	346	0	39066	0	0	11850	3356	0	0	0	0	22370	1112	7152	5498	8082	18212	660	0	2690	492	0	272	0	0	0	0	0	0	0	0	0	0	0	0	0	0	764	396	4154	612	0	154	0	506	0	716	0	176	164	144	6266	270	8940	2774	19806	2566	3176	182	776	242	402	0	3846	0	1786	0	520	98	0	0	1698	0	0	0	0	0	0	0	0	0	0	0	0	0	0	0	0	0	0	0	0	0	0	0	0	0	0	0	
740404	Supp_Motor_Area_R	10930	15822	15606	78356	192	2470	720	7090	0	538	376	3848	0	5140	0	3184	258	3154	39066	0	0	0	1918	10174	0	104	0	0	1582	9586	1650	11968	4248	38488	934	1906	0	4298	0	1832	0	186	112	332	228	714	0	162	252	474	0	196	0	0	0	3248	340	1734	0	0	0	222	0	262	0	294	376	1602	17370	6826	2090	23846	464	23188	0	2962	618	4168	0	140	0	144	0	722	0	212	0	0	0	1280	0	0	0	0	0	0	0	0	0	0	0	0	0	0	0	0	0	0	0	0	0	0	0	0	0	0	
82812	Olfactory_L	0	122	618	124	2250	620	0	0	264	0	0	0	0	0	1678	196	0	0	0	0	0	5204	0	0	310	0	1656	1094	2914	0	2468	1056	0	0	0	0	566	0	244	0	720	0	0	0	0	0	0	0	0	0	0	0	0	0	244	0	0	0	0	0	0	0	0	0	0	0	0	0	0	0	7538	3674	4808	2044	0	118	246	220	0	0	0	0	410	0	0	0	0	0	0	0	0	0	0	0	0	0	0	0	0	0	0	0	0	0	0	0	0	0	0	0	0	0	0	0	0	0	
104024	Olfactory_R	0	0	128	0	178	1796	0	0	0	0	0	0	0	0	0	1136	0	0	0	0	5204	0	0	0	0	618	556	2848	234	1736	3106	2502	0	0	0	0	0	358	0	554	0	1004	0	0	0	0	0	0	0	0	0	0	0	0	0	0	0	0	0	0	0	0	0	0	0	0	0	0	0	0	8758	8836	6138	3156	478	884	0	1048	0	0	0	0	0	756	0	0	0	0	0	0	0	0	0	0	0	0	0	0	0	0	0	0	0	0	0	0	0	0	0	0	0	0	0	0	0	0	
415104	Frontal_Sup_Medial_L	292	0	47620	15092	4132	1022	18984	540	0	0	2292	0	4280	1090	756	0	1860	0	11850	1918	0	0	0	25030	2406	1672	0	0	6240	496	18688	17962	4138	13076	0	0	254	0	0	0	0	0	0	0	0	0	0	0	0	0	0	0	0	0	0	0	0	0	0	0	0	0	0	0	0	0	0	0	0	0	1644	322	2506	228	0	0	370	0	0	0	618	0	174	0	0	0	0	0	0	0	0	0	0	0	0	0	0	0	0	0	0	0	0	0	0	0	0	0	0	0	0	0	0	0	0	0	
411568	Frontal_Sup_Medial_R	0	138	3738	51684	376	9480	1316	6452	0	306	0	436	0	5034	0	742	0	0	3356	10174	0	0	25030	0	368	6698	0	794	306	3934	3518	33212	222	18744	0	0	0	332	0	0	0	0	0	0	0	0	0	0	0	0	0	0	0	0	0	174	0	0	0	0	0	0	0	0	0	0	0	0	0	0	498	9732	102	8788	0	0	0	100	0	0	0	0	0	0	0	0	0	0	0	0	0	0	0	0	0	0	0	0	0	0	0	0	0	0	0	0	0	0	0	0	0	0	0	0	0	0	
36872	Frontal_Med_Orb_L	0	0	758	0	4706	510	0	0	378	0	0	0	0	0	0	0	0	0	0	0	310	0	2406	368	0	1140	2570	216	0	0	3588	0	0	0	0	0	0	0	0	0	0	0	0	0	0	0	0	0	0	0	0	0	0	0	0	0	0	0	0	0	0	0	0	0	0	0	0	0	0	0	556	0	930	0	0	0	0	0	0	0	0	0	0	0	0	0	0	0	0	0	0	0	0	0	0	0	0	0	0	0	0	0	0	0	0	0	0	0	0	0	0	0	0	0	0	0	
75452	Frontal_Med_Orb_R	0	0	0	2690	142	9188	0	0	0	664	0	0	0	0	0	0	0	0	0	104	0	618	1672	6698	1140	0	176	6006	0	0	708	4052	0	0	0	0	0	0	0	0	0	0	0	0	0	0	0	0	0	0	0	0	0	0	0	0	0	0	0	0	0	0	0	0	0	0	0	0	0	0	0	3286	0	582	0	0	0	0	0	0	0	0	0	0	0	0	0	0	0	0	0	0	0	0	0	0	0	0	0	0	0	0	0	0	0	0	0	0	0	0	0	0	0	0	0	0	
49136	Rectus_L	0	0	138	0	7168	130	0	0	2908	0	0	0	0	0	1436	0	0	0	0	0	1656	556	0	0	2570	176	0	290	734	0	1574	196	0	0	0	0	0	0	0	0	0	0	0	0	0	0	0	0	0	0	0	0	0	0	0	0	0	0	0	0	0	0	0	0	0	0	0	0	0	0	2382	432	1820	402	0	0	0	0	0	0	0	0	0	0	0	0	0	0	0	0	0	0	0	0	0	0	0	0	0	0	0	0	0	0	0	0	0	0	0	0	0	0	0	0	0	0	
59764	Rectus_R	0	0	0	208	0	8096	0	0	0	952	0	0	0	0	0	1364	0	0	0	0	1094	2848	0	794	216	6006	290	0	0	506	438	1376	0	0	0	0	0	0	0	0	0	0	0	0	0	0	0	0	0	0	0	0	0	0	0	0	0	0	0	0	0	0	0	0	0	0	0	0	0	0	1220	2016	1040	1418	0	0	0	0	0	0	0	0	0	0	0	0	0	0	0	0	0	0	0	0	0	0	0	0	0	0	0	0	0	0	0	0	0	0	0	0	0	0	0	0	0	0	
619288	Insula_L	8922	516	38616	3464	9174	102	24764	1310	4266	0	19590	0	23582	114	13558	400	20686	0	22370	1582	2914	234	6240	306	0	0	734	0	0	580	9968	916	678	322	252	256	10996	318	782	0	1574	0	0	0	0	0	0	0	0	0	578	0	1730	0	4154	0	2272	114	0	0	1140	188	1052	260	338	0	0	0	0	0	8346	1522	20498	922	138	0	2094	300	5450	0	10768	0	7076	0	2704	0	220	0	7694	0	0	0	0	0	0	0	0	0	0	0	0	0	0	0	0	0	0	0	0	0	0	0	0	0	0	0	
279248	Insula_R	0	3140	686	14620	0	1520	0	4544	0	538	388	6536	350	10952	0	7890	0	6988	1112	9586	0	1736	496	3934	0	0	0	506	580	0	1086	4726	0	3468	0	120	0	4628	0	648	0	636	0	0	0	0	0	0	0	0	0	0	0	198	0	4456	0	116	0	0	0	0	0	0	0	186	0	142	0	0	1192	3928	508	22354	0	146	0	604	0	1868	0	5042	0	2372	0	1382	0	0	0	3716	0	0	0	0	0	0	0	0	0	0	0	0	0	0	0	0	0	0	0	0	0	0	0	0	0	0	
290680	Cingulum_Ant_L	0	0	17464	4952	3910	644	6662	642	196	0	2664	188	5974	716	656	200	174	0	7152	1650	2468	3106	18688	3518	3588	708	1574	438	9968	1086	0	12876	4580	3052	668	0	0	0	0	0	0	0	0	0	0	0	0	0	0	0	0	0	0	0	0	0	0	0	0	0	0	0	0	0	0	0	176	0	0	0	9068	3486	9342	2330	0	102	418	0	0	0	0	0	256	0	0	0	0	0	0	0	0	0	0	0	0	0	0	0	0	0	0	0	0	0	0	0	0	0	0	0	0	0	0	0	0	0	
408480	Cingulum_Ant_R	0	0	5246	32240	396	7364	2774	1994	0	228	108	808	574	5008	338	808	0	0	5498	11968	1056	2502	17962	33212	0	4052	196	1376	916	4726	12876	0	1720	25844	0	0	0	0	0	0	0	0	0	0	0	0	0	0	0	0	0	0	0	0	0	0	0	0	0	0	0	0	0	0	0	0	0	0	0	0	2846	10984	754	7866	0	0	0	0	0	0	0	0	0	0	0	0	0	0	0	0	0	0	0	0	0	0	0	0	0	0	0	0	0	0	0	0	0	0	0	0	0	0	0	0	0	0	
179752	Cingulum_Mid_L	1442	260	3362	988	0	0	2170	0	0	0	0	0	690	0	336	0	0	0	8082	4248	0	0	4138	222	0	0	0	0	678	0	4580	1720	0	10250	6078	1828	0	0	0	0	0	0	1132	0	1466	134	244	0	4204	134	3486	0	208	0	0	0	2386	642	496	0	1090	0	0	0	440	0	11182	944	4742	1820	0	0	152	0	0	0	0	0	0	0	244	0	0	0	3468	0	0	0	190	0	0	0	0	0	0	0	0	0	0	0	0	0	0	0	0	0	0	0	0	0	0	0	0	0	0	0	
516396	Cingulum_Mid_R	4118	2594	4790	22756	274	568	1664	2178	0	0	0	668	154	7172	0	358	0	212	18212	38488	0	0	13076	18744	0	0	0	0	322	3468	3052	25844	10250	0	2996	9026	0	104	0	0	0	0	462	2260	150	5600	246	664	506	3690	0	1204	0	374	0	320	148	6194	0	798	0	204	0	0	0	0	1826	14310	9480	14826	0	560	0	2122	0	0	0	0	0	0	0	98	0	0	0	930	0	0	0	138	0	0	0	0	0	0	0	0	0	0	0	0	0	0	0	0	0	0	0	0	0	0	0	0	0	0	
185780	Cingulum_Post_L	5482	1466	0	1304	0	0	0	0	0	0	0	0	0	0	0	0	0	0	660	934	0	0	0	0	0	0	0	0	252	0	668	0	6078	2996	0	12462	6504	4232	2430	2254	0	0	3148	118	1174	146	3538	820	2070	0	306	0	526	0	1772	480	2424	590	0	0	140	0	0	0	0	0	12368	2598	5508	1676	0	0	454	0	0	0	2118	2414	156	0	0	0	0	0	262	0	0	0	228	0	0	0	0	0	0	0	0	134	0	0	0	0	0	0	0	0	0	0	0	0	0	0	0	0	0	0	
199024	Cingulum_Post_R	3272	3088	0	1858	0	0	0	0	0	0	0	0	0	0	0	0	0	0	0	1906	0	0	0	0	0	0	0	0	256	120	0	0	1828	9026	12462	0	5398	5682	1206	3022	0	0	156	2264	164	1080	484	3056	534	1570	0	786	246	796	870	3268	200	4324	0	812	0	248	0	104	0	0	2846	10542	1266	4828	0	0	456	0	0	0	2624	3050	162	0	0	158	0	0	0	576	0	0	180	2360	0	0	0	0	0	0	0	236	0	0	0	0	0	0	0	0	0	0	0	0	142	0	0	0	0	0	
294732	Hippocampus_L	5828	1684	5262	1706	0	0	1312	0	0	0	788	0	104	0	144	0	1308	0	2690	0	566	0	254	0	0	0	0	0	10996	0	0	0	0	0	6504	5398	0	6004	14308	3152	7792	0	668	0	0	0	2358	1182	0	0	0	0	1004	0	18334	798	390	0	0	0	0	0	0	0	0	0	1784	572	0	0	340	0	8080	0	550	0	8404	4328	2062	0	2652	0	1598	0	898	0	320	0	12752	0	980	0	0	0	0	0	0	154	644	0	256	0	348	0	0	0	0	0	0	110	0	0	0	0	0	0	
337228	Hippocampus_R	2130	10398	296	10706	0	0	0	2368	0	0	0	778	0	216	0	110	0	534	492	4298	0	358	0	332	0	0	0	0	318	4628	0	0	0	104	4232	5682	6004	0	1654	21014	0	7768	0	176	0	0	376	2716	0	0	0	0	294	276	1134	29948	0	150	0	0	0	0	0	0	0	0	236	1640	244	0	0	852	654	16926	0	720	4468	10036	0	258	0	1016	0	2246	0	136	0	364	296	8442	0	0	0	0	0	0	0	492	0	0	0	0	0	0	0	0	0	0	0	0	98	0	0	0	0	0	
109548	ParaHippocampal_L	0	0	368	0	0	0	0	0	0	0	0	0	0	0	0	0	0	0	0	0	244	0	0	0	0	0	0	0	782	0	0	0	0	0	2430	1206	14308	1654	0	1418	2590	0	560	0	0	0	3836	646	0	0	0	0	1744	0	12160	262	0	0	0	0	0	0	0	0	0	0	1604	390	0	0	0	0	892	0	0	0	1466	950	0	0	198	0	368	0	184	0	110	0	2744	0	328	0	0	0	216	0	384	0	486	0	0	0	0	0	0	0	0	0	0	246	0	0	0	0	0	0	
169092	ParaHippocampal_R	410	898	168	1424	0	0	0	292	0	0	0	140	0	0	0	0	0	0	272	1832	0	554	0	0	0	0	0	0	0	648	0	0	0	0	2254	3022	3152	21014	1418	0	0	5500	0	332	0	0	330	3264	0	0	0	0	242	0	978	15404	0	0	0	0	0	0	0	0	0	0	224	1710	158	0	0	492	180	4674	0	626	1624	4290	0	0	0	120	0	2220	0	0	0	678	0	2500	0	152	0	0	0	0	0	1022	0	228	0	0	0	0	0	0	0	0	0	0	0	0	100	0	0	0	
40348	Amygdala_L	0	0	144	0	198	0	0	0	0	0	0	0	0	0	246	0	0	0	0	0	720	0	0	0	0	0	0	0	1574	0	0	0	0	0	0	0	7792	0	2590	0	0	0	0	0	0	0	0	0	0	0	0	0	0	0	3914	0	0	0	0	0	0	0	0	0	0	0	0	0	0	0	122	0	214	0	0	0	150	0	0	0	0	0	1052	0	0	0	180	0	1278	0	0	0	0	0	0	0	0	0	0	0	0	0	0	0	0	0	0	0	0	0	0	0	0	0	0	0	
52616	Amygdala_R	0	0	0	190	0	128	0	0	0	0	0	0	0	0	0	170	0	0	0	186	0	1004	0	0	0	0	0	0	0	636	0	0	0	0	0	0	0	7768	0	5500	0	0	0	0	0	0	0	0	0	0	0	0	0	0	0	5086	0	0	0	0	0	0	0	0	0	0	0	0	0	0	0	0	0	1346	0	0	0	0	0	0	0	0	0	3210	0	0	0	416	0	668	0	0	0	0	0	0	0	0	0	0	0	0	0	0	0	0	0	0	0	0	0	0	0	0	0	0	
433656	Calcarine_L	540	0	0	0	0	0	0	0	0	0	0	0	0	0	0	0	0	0	0	112	0	0	0	0	0	0	0	0	0	0	0	0	1132	462	3148	156	668	0	560	0	0	0	0	17958	23776	12548	23646	9490	16774	8410	34808	1628	12152	326	3166	772	5790	0	2826	898	2478	0	0	0	216	0	20424	4430	1220	294	0	0	0	0	0	0	0	0	0	0	0	0	0	0	3994	120	0	0	658	0	470	0	0	0	0	0	180	0	300	0	0	0	0	0	0	0	0	0	0	0	178	120	0	0	0	0	
405428	Calcarine_R	0	388	0	0	0	0	0	0	0	0	0	0	0	0	0	0	0	0	0	332	0	0	0	0	0	0	0	0	0	0	0	0	0	2260	118	2264	0	176	0	332	0	0	17958	0	5102	33284	6182	29966	0	27876	0	18746	0	7698	0	11818	0	1684	0	1048	0	0	0	0	0	292	2058	25102	556	1162	0	0	0	0	0	0	0	0	0	0	0	126	0	0	0	4258	0	0	0	1800	0	0	0	0	0	0	0	0	0	0	0	0	0	0	0	0	0	0	0	0	128	0	0	0	0	0	
279960	Cuneus_L	234	172	0	0	0	0	0	0	0	0	0	0	0	0	0	0	0	0	0	228	0	0	0	0	0	0	0	0	0	0	0	0	1466	150	1174	164	0	0	0	0	0	0	23776	5102	0	7564	5172	1154	30140	1102	18170	492	2910	0	538	324	6074	0	4854	0	2068	0	0	0	0	0	18914	2756	3558	0	0	0	0	0	0	0	0	0	0	0	0	0	0	0	1022	0	0	0	0	0	126	0	0	0	0	0	114	0	212	0	0	0	0	0	0	0	0	0	0	0	122	128	0	0	0	0	
344316	Cuneus_R	214	222	0	0	0	0	0	0	0	0	0	0	0	0	0	0	0	0	0	714	0	0	0	0	0	0	0	0	0	0	0	0	134	5600	146	1080	0	0	0	0	0	0	12548	33284	7564	0	3626	8440	1060	35386	128	12032	0	924	0	854	0	1598	416	1984	0	0	0	0	0	166	9372	28620	834	2768	0	0	0	0	0	0	0	0	0	0	0	188	0	0	0	2256	0	0	0	0	0	0	0	0	0	0	0	0	0	0	0	0	0	0	0	0	0	0	0	0	0	0	0	0	0	0	
337300	Lingual_L	224	0	102	0	0	0	0	0	0	0	0	0	0	0	0	0	0	0	0	0	0	0	0	0	0	0	0	0	0	0	0	0	244	246	3538	484	2358	376	3836	330	0	0	23646	6182	5172	3626	0	7880	8236	4492	19480	364	11556	202	15014	212	540	0	0	882	142	0	0	0	122	0	8766	3168	262	194	0	0	0	0	0	0	246	106	0	0	0	0	0	0	482	0	0	0	700	0	6586	396	656	0	0	0	8516	406	9364	1538	0	0	0	0	0	184	0	0	0	184	4012	2782	232	0	0	384	
323304	Lingual_R	0	236	0	0	0	0	0	0	0	0	0	0	0	0	0	0	0	0	0	162	0	0	0	0	0	0	0	0	0	0	0	0	0	664	820	3056	1182	2716	646	3264	0	0	9490	29966	1154	8440	7880	0	0	11402	208	4860	380	4416	1206	18178	0	480	0	904	0	0	0	0	0	0	1144	15362	98	364	0	0	0	0	0	0	168	770	0	0	0	0	0	0	0	1068	0	0	0	1844	1582	2382	322	0	0	0	1700	3766	3896	6592	114	0	0	0	0	0	0	0	0	154	4200	4314	0	0	0	102	
298308	Occipital_Sup_L	410	182	0	0	0	0	0	0	0	0	0	0	0	0	0	0	0	0	0	252	0	0	0	0	0	0	0	0	0	0	0	0	4204	506	2070	534	0	0	0	0	0	0	16774	0	30140	1060	8236	0	0	132	36034	0	4994	0	1238	0	3154	0	7536	0	1250	0	0	0	878	0	21378	1930	3444	220	0	0	0	0	0	0	0	0	0	0	0	0	0	0	1476	0	0	0	0	0	174	0	0	0	0	0	206	0	346	0	0	0	0	0	0	0	0	0	0	0	214	182	0	0	0	0	
359360	Occipital_Sup_R	174	728	0	122	0	0	0	0	0	0	0	0	0	0	0	0	0	0	0	474	0	0	0	0	0	0	0	0	0	0	0	0	134	3690	0	1570	0	0	0	0	0	0	8410	27876	1102	35386	4492	11402	132	0	0	26316	0	2452	0	1460	0	2720	152	8982	0	2668	0	158	0	9174	2438	19512	368	1800	0	0	0	0	0	0	0	0	0	0	0	730	0	0	0	4754	0	0	0	304	0	0	0	0	0	0	0	0	0	0	0	0	0	0	0	0	0	0	0	0	0	0	0	0	0	0	
520048	Occipital_Mid_L	3540	0	0	0	0	0	140	0	0	0	0	0	0	0	0	0	384	0	0	0	0	0	0	0	0	0	0	0	578	0	0	0	3486	0	306	0	0	0	0	0	0	0	34808	0	18170	128	19480	208	36034	0	0	0	31404	0	7738	0	9984	0	13454	0	14888	0	224	0	19572	0	17186	274	1592	0	0	0	0	0	0	0	0	0	0	0	634	0	0	0	19466	0	0	0	2468	0	972	0	0	0	0	0	664	0	1028	152	0	0	0	0	0	0	0	0	0	0	668	394	0	0	0	0	
253612	Occipital_Mid_R	0	866	0	180	0	0	0	0	0	0	0	0	0	0	0	0	0	0	0	196	0	0	0	0	0	0	0	0	0	0	0	0	0	1204	0	786	0	0	0	0	0	0	1628	18746	492	12032	364	4860	0	26316	0	0	0	6812	0	3164	0	2086	0	2890	0	2760	0	406	0	14424	208	8624	144	462	0	0	0	0	0	0	0	0	0	0	0	958	0	0	0	15278	0	0	0	920	0	0	0	0	0	0	0	0	0	0	0	0	0	0	0	0	0	0	0	0	0	0	0	0	0	0	
251176	Occipital_Inf_L	1870	0	0	0	0	0	388	0	0	0	114	0	0	0	0	0	1526	0	0	0	0	0	0	0	0	0	0	0	1730	0	0	0	208	0	526	246	1004	294	1744	242	0	0	12152	0	2910	0	11556	380	4994	0	31404	0	0	0	13772	0	3954	0	0	0	510	0	298	0	168	0	4410	0	346	0	0	0	0	0	0	0	318	190	198	0	1618	0	0	0	9586	0	0	0	10288	0	1020	0	0	0	0	0	1576	0	2258	212	0	0	0	0	0	0	0	0	0	0	1150	428	0	0	0	0	
109100	Occipital_Inf_R	0	1510	0	116	0	0	0	0	0	0	0	0	0	0	0	0	0	0	0	0	0	0	0	0	0	0	0	0	0	198	0	0	0	374	0	796	0	276	0	0	0	0	326	7698	0	924	202	4416	0	2452	0	6812	0	0	0	9802	0	1388	0	658	0	1366	0	154	0	348	0	3428	0	420	0	0	0	0	0	0	0	0	0	0	0	240	0	0	0	4632	0	0	0	4122	206	184	0	0	0	0	0	0	322	692	0	0	0	0	0	0	0	0	0	0	0	488	0	0	0	0	
407536	Fusiform_L	520	0	1312	0	0	0	248	0	0	0	138	0	0	0	0	0	620	0	764	0	244	0	0	0	0	0	0	0	4154	0	0	0	0	0	1772	870	18334	1134	12160	978	3914	0	3166	0	538	0	15014	1206	1238	0	7738	0	13772	0	0	452	0	0	0	0	0	0	0	0	0	0	2700	368	0	0	0	0	1822	0	0	0	1496	680	1366	0	3286	0	800	0	2396	0	614	0	20288	0	22030	726	894	234	102	0	13886	294	25428	1846	2266	0	2312	336	646	156	0	0	0	102	3008	2244	680	298	178	0	
472172	Fusiform_R	434	5428	220	3166	0	0	0	766	0	0	0	280	0	0	0	0	0	266	396	3248	0	0	0	174	0	0	0	0	0	4456	0	0	0	320	480	3268	798	29948	262	15404	0	5086	772	11818	324	854	212	18178	0	1460	0	3164	0	9802	452	0	0	920	0	198	0	304	0	130	0	114	0	6786	248	210	0	406	176	9566	0	290	914	2390	0	410	0	2724	0	4818	0	2944	0	3066	0	25294	914	16508	222	3002	0	764	122	8076	1262	18290	116	106	0	304	0	0	0	0	0	0	1072	1698	286	0	0	0	
309768	Postcentral_L	18110	3422	4298	1860	0	0	514	0	0	0	1130	0	0	0	0	0	6538	0	4154	340	0	0	0	0	0	0	0	0	2272	0	0	0	2386	148	2424	200	390	0	0	0	0	0	5790	0	6074	0	540	0	3154	0	9984	0	3954	0	0	0	0	566	8672	0	21532	166	11368	318	2054	208	10496	122	7106	116	192	880	812	0	266	0	270	0	754	0	4430	0	0	0	5110	118	0	0	1646	0	0	0	0	0	0	0	0	0	0	0	0	0	0	0	0	0	0	0	0	0	0	0	0	0	0	0	
206524	Postcentral_R	776	12826	686	596	0	0	0	0	0	0	0	236	0	0	0	0	238	2220	612	1734	0	0	0	0	0	0	0	0	114	116	0	0	642	6194	590	4324	0	150	0	0	0	0	0	1684	0	1598	0	480	0	2720	0	2086	0	1388	0	920	566	0	0	5174	0	6304	0	10468	0	1450	304	18096	386	7652	158	466	222	0	148	0	0	138	0	0	0	910	0	0	0	5538	0	0	0	2352	0	0	0	0	0	0	0	0	0	0	0	0	0	0	0	0	0	0	0	0	0	0	0	0	0	0	
149764	Parietal_Sup_L	1212	0	0	0	0	0	0	0	0	0	0	0	0	0	0	0	0	0	0	0	0	0	0	0	0	0	0	0	0	0	0	0	496	0	0	0	0	0	0	0	0	0	2826	0	4854	416	0	0	7536	152	13454	0	0	0	0	0	8672	0	0	0	15480	0	0	0	2856	0	15554	828	314	0	0	0	0	0	0	0	0	0	0	0	0	0	0	0	232	0	0	0	0	0	0	0	0	0	0	0	0	0	0	0	0	0	0	0	0	0	0	0	0	0	0	0	0	0	0	0	
96972	Parietal_Sup_R	0	474	168	0	0	0	0	0	0	0	0	0	0	0	0	0	0	0	154	0	0	0	0	0	0	0	0	0	0	0	0	0	0	798	0	812	0	0	0	0	0	0	898	1048	0	1984	882	904	0	8982	0	2890	0	658	0	198	0	5174	0	0	0	5774	0	1992	0	6822	126	6244	0	1504	0	0	0	0	0	0	0	0	0	0	0	0	0	0	0	0	0	0	0	0	0	0	0	0	0	0	0	0	0	0	0	0	0	0	0	0	0	0	0	0	0	0	0	0	0	0	
224160	Parietal_Inf_L	2860	0	0	0	0	0	0	0	0	0	0	0	0	0	0	0	1480	0	0	0	0	0	0	0	0	0	0	0	1140	0	0	0	1090	0	140	0	0	0	0	0	0	0	2478	0	2068	0	142	0	1250	0	14888	0	510	0	0	0	21532	0	15480	0	0	0	16882	0	17260	0	5020	0	564	0	0	0	0	0	0	0	0	0	0	0	2700	0	0	0	4318	0	0	0	278	0	0	0	0	0	0	0	0	0	0	0	0	0	0	0	0	0	0	0	0	0	0	0	0	0	0	0	
86476	Parietal_Inf_R	226	1384	620	316	0	0	102	0	0	0	0	0	0	0	0	0	0	118	506	222	0	0	0	0	0	0	0	0	188	0	0	0	0	204	0	248	0	0	0	0	0	0	0	0	0	0	0	0	0	2668	0	2760	0	1366	0	304	166	6304	0	5774	0	0	0	8512	0	8802	0	624	0	260	102	0	282	0	198	0	0	0	0	0	0	394	0	0	0	470	0	0	0	118	0	0	0	0	0	0	0	0	0	0	0	0	0	0	0	0	0	0	0	0	0	0	0	0	0	0	
107232	SupraMarginal_L	1148	242	126	208	0	0	188	0	0	0	0	0	0	0	0	0	2150	0	0	0	0	0	0	0	0	0	0	0	1052	0	0	0	0	0	0	0	0	0	0	0	0	0	0	0	0	0	0	0	0	0	224	0	298	0	0	0	11368	0	0	0	16882	0	0	0	6614	0	0	0	0	0	0	0	248	0	0	0	0	0	230	0	6398	0	0	0	6002	0	0	0	238	0	0	0	0	0	0	0	0	0	0	0	0	0	0	0	0	0	0	0	0	0	0	0	0	0	0	0	
95596	SupraMarginal_R	394	3382	868	476	0	0	148	0	0	0	0	0	0	0	0	0	0	3186	716	262	0	0	0	0	0	0	0	0	260	0	0	0	0	0	0	104	0	0	0	0	0	0	0	0	0	0	0	0	0	158	0	406	0	154	0	130	318	10468	0	1992	0	8512	0	0	0	4266	0	1356	0	0	304	0	510	0	302	0	0	0	0	114	0	5040	0	0	0	3764	0	0	0	208	0	0	0	0	0	0	0	0	0	0	0	0	0	0	0	0	0	0	0	0	0	0	0	0	0	0	
124744	Angular_L	1486	0	0	0	0	0	0	0	0	0	0	0	0	0	0	0	468	0	0	0	0	0	0	0	0	0	0	0	338	0	0	0	440	0	0	0	0	0	0	0	0	0	216	0	0	0	122	0	878	0	19572	0	168	0	0	0	2054	0	2856	0	17260	0	6614	0	0	0	1090	0	262	0	0	0	0	0	0	0	0	0	0	0	1764	0	0	0	6784	0	0	0	0	0	0	0	0	0	0	0	0	0	0	0	0	0	0	0	0	0	0	0	0	0	0	0	0	0	0	0	
117736	Angular_R	286	768	234	354	0	0	0	0	0	0	0	0	0	0	0	0	0	420	176	294	0	0	0	0	0	0	0	0	0	186	0	0	0	0	0	0	0	0	0	0	0	0	0	292	0	166	0	0	0	9174	0	14424	0	348	0	114	208	1450	0	6822	0	8802	0	4266	0	0	0	1374	0	0	190	0	262	0	170	0	0	0	0	216	0	2604	0	0	0	5092	0	0	0	176	0	0	0	0	0	0	0	0	0	0	0	0	0	0	0	0	0	0	0	0	0	0	0	0	0	0	
405536	Precuneus_L	2166	304	0	128	0	0	0	0	0	0	0	0	0	0	0	0	0	0	164	376	0	0	0	0	0	0	0	0	0	0	176	0	11182	1826	12368	2846	1784	236	1604	224	0	0	20424	2058	18914	9372	8766	1144	21378	2438	17186	208	4410	0	2700	0	10496	304	15554	126	5020	0	0	0	1090	0	0	13594	6436	732	0	0	0	0	0	0	0	0	0	0	176	0	0	0	3712	102	0	0	1044	0	0	0	0	0	0	0	0	0	0	0	0	0	0	0	0	0	0	0	0	0	0	0	0	0	0	0	
460960	Precuneus_R	764	2940	122	420	0	0	0	0	0	0	0	0	0	0	0	0	0	250	144	1602	0	0	0	0	0	0	0	0	0	142	0	0	944	14310	2598	10542	572	1640	390	1710	0	0	4430	25102	2756	28620	3168	15362	1930	19512	274	8624	0	3428	368	6786	122	18096	828	6244	0	624	0	1356	0	1374	13594	0	1982	8986	0	0	164	0	130	0	0	160	0	124	0	1810	0	0	0	10396	0	0	0	4364	0	0	0	0	0	0	0	316	0	0	0	0	0	0	0	0	0	0	0	0	360	0	0	0	0	0	
220840	Paracentral_Lobule_L	14074	7934	218	7682	0	0	0	0	0	0	0	0	0	0	0	0	0	0	6266	17370	0	0	0	0	0	0	0	0	0	0	0	0	4742	9480	5508	1266	0	244	0	158	0	0	1220	556	3558	834	262	98	3444	368	1592	144	346	0	0	248	7106	386	314	0	564	0	0	0	262	0	6436	1982	0	4812	0	0	0	258	0	0	188	0	0	0	0	0	0	0	500	0	0	0	0	0	0	0	0	0	0	0	0	0	0	0	0	0	0	0	0	0	0	0	0	0	0	0	0	0	0	0	
134828	Paracentral_Lobule_R	2344	2320	0	0	0	0	0	0	0	0	0	0	0	0	0	0	0	0	270	6826	0	0	0	0	0	0	0	0	0	0	0	0	1820	14826	1676	4828	0	0	0	0	0	0	294	1162	0	2768	194	364	220	1800	0	462	0	420	0	210	116	7652	0	1504	0	260	0	0	0	0	732	8986	4812	0	0	0	0	0	0	0	0	0	0	0	0	0	0	0	0	428	0	0	0	120	0	0	0	0	0	0	0	0	0	0	0	0	0	0	0	0	0	0	0	0	0	0	0	0	0	0	
303056	Caudate_L	3852	2426	11374	7112	1608	1056	2588	2230	516	0	2708	118	1358	232	1138	788	2254	0	8940	2090	7538	8758	1644	498	556	0	2382	1220	8346	1192	9068	2846	0	0	0	0	340	0	0	0	122	0	0	0	0	0	0	0	0	0	0	0	0	0	0	0	192	158	0	0	0	102	0	304	0	190	0	0	0	0	0	10716	21660	5096	3850	932	9292	778	0	0	872	102	204	0	0	182	0	0	0	0	0	0	0	0	0	0	0	0	0	0	0	0	0	0	0	0	0	0	0	0	0	0	0	0	0	0	
434828	Caudate_R	1200	6712	2866	32402	200	8846	650	8432	0	1000	266	1474	0	2378	0	5374	388	804	2774	23846	3674	8836	322	9732	0	3286	432	2016	1522	3928	3486	10984	0	560	0	0	0	852	0	492	0	0	0	0	0	0	0	0	0	0	0	0	0	0	0	406	880	466	0	0	0	0	0	0	0	0	0	0	0	0	10716	0	5768	22378	392	4162	360	21842	0	0	168	0	0	142	0	0	0	0	0	0	0	0	0	0	0	0	0	0	0	0	0	0	0	0	0	0	0	0	0	0	0	0	0	0	0	0	
395164	Putamen_L	4544	1340	27530	1102	9342	638	5722	324	3064	0	1328	0	2056	0	4260	214	492	0	19806	464	4808	6138	2506	102	930	0	1820	1040	20498	508	9342	754	152	0	454	456	8080	654	892	180	214	0	0	0	0	0	0	0	0	0	0	0	0	0	1822	176	812	222	0	0	0	282	248	510	0	262	0	164	0	0	21660	5768	0	2304	7828	678	3700	1110	104	0	1688	0	2170	0	580	186	0	0	2760	0	256	0	0	0	0	0	0	0	252	0	132	0	154	0	0	0	0	0	0	0	0	0	0	0	0	0	
443156	Putamen_R	462	5334	2296	30492	100	7876	400	9534	0	698	434	3026	340	3072	0	5976	128	2122	2566	23188	2044	3156	228	8788	0	582	402	1418	922	22354	2330	7866	0	2122	0	0	0	16926	0	4674	0	1346	0	0	0	0	0	0	0	0	0	0	0	0	0	9566	0	0	0	0	0	0	0	0	0	0	0	0	258	0	5096	22378	2304	0	0	3674	382	2286	0	0	0	232	0	404	0	0	0	0	0	1796	0	0	0	0	0	0	0	0	0	0	0	0	0	0	0	0	0	0	0	0	0	0	0	0	0	0	
57184	Pallidum_L	970	722	4934	558	0	0	1628	120	0	0	0	0	0	0	0	0	98	0	3176	0	0	478	0	0	0	0	0	0	138	0	0	0	0	0	0	0	550	0	0	0	0	0	0	0	0	0	0	0	0	0	0	0	0	0	0	0	266	148	0	0	0	198	0	302	0	170	0	130	0	0	3850	392	7828	0	0	0	1832	104	0	0	0	0	0	0	0	0	0	0	0	0	0	0	0	0	0	0	0	0	0	0	0	0	0	0	0	0	0	0	0	0	0	0	0	0	0	0	
38464	Pallidum_R	0	488	170	1286	0	0	0	924	0	0	0	414	0	0	0	0	0	366	182	2962	118	884	0	0	0	0	0	0	0	146	102	0	0	0	0	0	0	720	0	626	0	0	0	0	0	0	0	0	0	0	0	0	0	0	0	290	0	0	0	0	0	0	0	0	0	0	0	0	0	0	932	4162	678	3674	0	0	0	108	0	0	0	0	0	0	0	0	0	0	0	0	0	0	0	0	0	0	0	0	0	0	0	0	0	0	0	0	0	0	0	0	0	0	0	0	0	0	
185228	Thalamus_L	16424	4176	9670	5960	0	0	1806	0	0	0	210	0	0	0	0	0	400	0	776	618	246	0	370	0	0	0	0	0	2094	0	418	0	0	0	2118	2624	8404	4468	1466	1624	150	0	0	0	0	0	246	168	0	0	0	0	318	0	1496	914	270	0	0	0	0	0	0	0	0	0	0	0	188	0	9292	360	3700	382	1832	0	0	7294	144	0	546	0	0	0	0	0	0	0	1244	0	198	0	0	0	0	0	0	0	0	0	0	0	0	0	0	0	0	0	0	0	0	0	0	0	0	0	
229464	Thalamus_R	3478	17860	220	21352	0	0	0	880	0	0	0	244	0	0	0	140	0	146	242	4168	220	1048	0	100	0	0	0	0	300	604	0	0	0	0	2414	3050	4328	10036	950	4290	0	0	0	0	0	0	106	770	0	0	0	0	190	0	680	2390	0	138	0	0	0	0	0	0	0	0	0	160	0	0	778	21842	1110	2286	104	108	7294	0	0	0	0	124	0	0	0	0	0	0	304	132	0	0	0	0	0	0	0	146	0	0	0	0	0	0	0	0	0	0	0	0	0	0	0	0	0	0	
46632	Heschl_L	2188	204	560	118	0	0	546	0	0	0	704	0	0	0	0	0	2724	0	402	0	0	0	0	0	0	0	0	0	5450	0	0	0	0	0	156	162	2062	0	0	0	0	0	0	0	0	0	0	0	0	0	0	0	198	0	1366	0	754	0	0	0	0	0	230	0	0	0	0	0	0	0	0	0	104	0	0	0	144	0	0	0	2132	0	0	0	928	0	0	0	2184	0	0	0	0	0	0	0	0	0	0	0	0	0	0	0	0	0	0	0	0	0	0	0	0	0	0	0	
29220	Heschl_R	0	1060	0	258	0	0	0	0	0	0	0	212	0	0	0	0	0	2594	0	140	0	0	0	0	0	0	0	0	0	1868	0	0	0	0	0	0	0	258	0	0	0	0	0	0	0	0	0	0	0	0	0	0	0	0	0	410	0	0	0	0	0	0	0	114	0	216	0	124	0	0	0	0	0	0	0	0	0	0	0	0	0	4178	0	0	0	1624	0	0	0	1554	0	0	0	0	0	0	0	0	0	0	0	0	0	0	0	0	0	0	0	0	0	0	0	0	0	0	
236656	Temporal_Sup_L	3946	264	4006	288	0	0	1708	0	0	0	3208	0	376	0	0	0	14384	0	3846	0	0	0	618	0	0	0	0	0	10768	0	0	0	244	0	0	0	2652	0	198	0	0	0	0	0	0	0	0	0	0	0	634	0	1618	0	3286	0	4430	0	0	0	2700	0	6398	0	1764	0	176	0	0	0	872	168	1688	0	0	0	546	0	2132	0	0	0	4152	0	22634	0	394	0	18230	0	0	0	0	0	0	0	0	0	0	0	0	0	0	0	0	0	0	0	0	0	0	0	0	0	0	0	
117528	Temporal_Sup_R	0	1156	0	234	0	0	0	0	0	0	0	0	0	0	0	126	0	3860	0	144	0	0	0	0	0	0	0	0	0	5042	0	0	0	98	0	158	0	1016	0	120	0	0	0	126	0	188	0	0	0	730	0	958	0	240	0	2724	0	910	0	0	0	394	0	5040	0	2604	0	1810	0	0	102	0	0	232	0	0	0	124	0	4178	0	0	0	2210	0	15412	0	0	0	8828	0	0	0	0	0	0	0	0	0	0	0	0	0	0	0	0	0	0	0	0	0	0	0	0	0	0	
101188	Temporal_Pole_Sup_L	0	0	2116	0	490	0	226	0	0	0	4610	0	2352	0	1934	0	1686	0	1786	0	410	0	174	0	0	0	0	0	7076	0	256	0	0	0	0	0	1598	0	368	0	1052	0	0	0	0	0	0	0	0	0	0	0	0	0	800	0	0	0	0	0	0	0	0	0	0	0	0	0	0	0	204	0	2170	0	0	0	0	0	0	0	4152	0	0	0	6278	0	4900	0	5956	0	0	0	0	0	0	0	0	0	0	0	0	0	0	0	0	0	0	0	0	0	0	0	0	0	0	0	
63940	Temporal_Pole_Sup_R	0	0	0	722	0	122	0	0	0	0	0	738	0	0	0	424	0	1340	0	722	0	756	0	0	0	0	0	0	0	2372	0	0	0	0	0	0	0	2246	0	2220	0	3210	0	0	0	0	0	0	0	0	0	0	0	0	0	4818	0	0	0	0	0	0	0	0	0	0	0	0	0	0	0	142	0	404	0	0	0	0	0	0	0	2210	0	0	0	2218	0	3390	0	3916	0	0	0	0	0	0	0	0	0	0	0	0	0	0	0	0	0	0	0	0	0	0	0	0	0	0	
299976	Temporal_Mid_L	992	0	486	0	0	0	354	0	0	0	128	0	0	0	0	0	1170	0	520	0	0	0	0	0	0	0	0	0	2704	0	0	0	3468	0	262	0	898	0	184	0	0	0	3994	0	1022	0	482	0	1476	0	19466	0	9586	0	2396	0	5110	0	232	0	4318	0	6002	0	6784	0	3712	0	500	0	0	0	580	0	0	0	0	0	928	0	22634	0	6278	0	0	0	5338	0	37984	0	0	0	0	0	0	0	0	0	0	0	0	0	0	0	0	0	0	0	0	0	0	0	0	0	0	0	
223892	Temporal_Mid_R	216	1502	114	182	0	0	0	0	0	0	0	0	0	0	0	0	0	702	98	212	0	0	0	0	0	0	0	0	0	1382	0	0	0	930	0	576	0	136	0	0	0	0	120	4258	0	2256	0	1068	0	4754	0	15278	0	4632	0	2944	118	5538	0	0	0	470	0	3764	0	5092	102	10396	0	428	182	0	186	0	0	0	0	0	0	1624	0	15412	0	2218	0	0	0	1482	0	23574	0	0	0	0	0	0	0	0	0	0	0	0	0	0	0	0	0	0	0	0	0	0	0	0	0	0	
33136	Temporal_Pole_Mid_L	0	0	0	0	0	0	0	0	0	0	0	0	0	0	0	0	0	0	0	0	0	0	0	0	0	0	0	0	220	0	0	0	0	0	0	0	320	0	110	0	180	0	0	0	0	0	0	0	0	0	0	0	0	0	614	0	0	0	0	0	0	0	0	0	0	0	0	0	0	0	0	0	0	0	0	0	0	0	0	0	394	0	4900	0	5338	0	0	0	4492	0	0	0	0	0	0	0	0	0	0	0	0	0	0	0	0	0	0	0	0	0	0	0	0	0	0	0	
25536	Temporal_Pole_Mid_R	0	0	0	0	0	0	0	0	0	0	0	0	0	0	0	0	0	0	0	0	0	0	0	0	0	0	0	0	0	0	0	0	0	0	0	0	0	364	0	678	0	416	0	0	0	0	0	0	0	0	0	0	0	0	0	3066	0	0	0	0	0	0	0	0	0	0	0	0	0	0	0	0	0	0	0	0	0	0	0	0	0	0	0	3390	0	1482	0	0	0	3372	0	0	0	0	0	0	0	0	0	0	0	0	0	0	0	0	0	0	0	0	0	0	0	0	0	0	
324040	Temporal_Inf_L	1358	172	2282	156	0	0	702	0	0	0	254	0	0	0	0	0	1930	0	1698	0	0	0	0	0	0	0	0	0	7694	0	0	0	190	0	228	180	12752	296	2744	0	1278	0	658	0	0	0	700	0	0	0	2468	0	10288	0	20288	0	1646	0	0	0	278	0	238	0	0	0	1044	0	0	0	0	0	2760	0	0	0	1244	304	2184	0	18230	0	5956	0	37984	0	4492	0	0	0	8448	252	2340	0	0	0	0	106	3034	324	1240	0	972	0	122	0	0	0	0	0	0	198	308	0	0	0	
231196	Temporal_Inf_R	0	4700	0	1254	0	0	0	116	0	0	0	0	0	0	0	0	0	246	0	1280	0	0	0	0	0	0	0	0	0	3716	0	0	0	138	0	2360	0	8442	0	2500	0	668	0	1800	0	0	0	1844	0	304	0	920	0	4122	0	25294	0	2352	0	0	0	118	0	208	0	176	0	4364	0	120	0	0	0	1796	0	0	0	132	0	1554	0	8828	0	3916	0	23574	0	3372	0	0	0	3950	0	972	0	0	0	106	0	356	0	0	0	0	0	0	0	0	0	0	0	0	0	0	0	0	
535680	Cerebelum_Crus1_L	0	0	230	0	0	0	0	0	0	0	0	0	0	0	0	0	0	0	0	0	0	0	0	0	0	0	0	0	0	0	0	0	0	0	0	0	980	0	328	0	0	0	470	0	126	0	6586	1582	174	0	972	0	1020	206	22030	914	0	0	0	0	0	0	0	0	0	0	0	0	0	0	0	0	256	0	0	0	198	0	0	0	0	0	0	0	0	0	0	0	8448	0	0	8950	39748	4316	452	1208	20096	1630	49216	11016	22534	1366	21558	3682	5486	1098	190	158	274	1202	4176	8690	11736	2782	1336	420	
432824	Cerebelum_Crus1_R	0	0	0	0	0	0	0	0	0	0	0	0	0	0	0	0	0	0	0	0	0	0	0	0	0	0	0	0	0	0	0	0	0	0	0	0	0	0	0	152	0	0	0	0	0	0	396	2382	0	0	0	0	0	184	726	16508	0	0	0	0	0	0	0	0	0	0	0	0	0	0	0	0	0	0	0	0	0	0	0	0	0	0	0	0	0	0	0	0	252	3950	8950	0	3770	46102	0	3284	1186	15868	7378	50282	1314	8888	1082	18386	590	2836	0	0	216	1208	3760	6954	8104	970	570	164	
266692	Cerebelum_Crus2_L	0	0	0	0	0	0	0	0	0	0	0	0	0	0	0	0	0	0	0	0	0	0	0	0	0	0	0	0	0	0	0	0	0	0	0	0	0	0	0	0	0	0	0	0	0	0	656	322	0	0	0	0	0	0	894	222	0	0	0	0	0	0	0	0	0	0	0	0	0	0	0	0	0	0	0	0	0	0	0	0	0	0	0	0	0	0	0	0	2340	0	39748	3770	0	6338	172	118	1046	242	7986	2880	24518	3828	19596	3050	2260	176	0	0	0	108	346	2106	7934	2216	320	154	
306324	Cerebelum_Crus2_R	0	0	0	0	0	0	0	0	0	0	0	0	0	0	0	0	0	0	0	0	0	0	0	0	0	0	0	0	0	0	0	0	0	0	0	0	0	0	0	0	0	0	0	0	0	0	0	0	0	0	0	0	0	0	234	3002	0	0	0	0	0	0	0	0	0	0	0	0	0	0	0	0	0	0	0	0	0	0	0	0	0	0	0	0	0	0	0	0	0	972	4316	46102	6338	0	0	972	834	3148	2634	15854	2406	20834	2034	26964	614	2564	0	0	0	268	568	1294	8634	2210	366	0	
30384	Cerebelum_3_L	0	0	0	0	0	0	0	0	0	0	0	0	0	0	0	0	0	0	0	0	0	0	0	0	0	0	0	0	0	0	0	0	0	0	0	0	0	0	216	0	0	0	0	0	0	0	0	0	0	0	0	0	0	0	102	0	0	0	0	0	0	0	0	0	0	0	0	0	0	0	0	0	0	0	0	0	0	0	0	0	0	0	0	0	0	0	0	0	0	0	452	0	172	0	0	0	6130	0	792	116	180	0	302	0	1428	100	516	0	836	1984	1454	0	224	188	0	0	
65168	Cerebelum_3_R	0	0	0	0	0	0	0	0	0	0	0	0	0	0	0	0	0	0	0	0	0	0	0	0	0	0	0	0	0	0	0	0	0	0	0	0	0	0	0	0	0	0	0	0	0	0	0	0	0	0	0	0	0	0	0	764	0	0	0	0	0	0	0	0	0	0	0	0	0	0	0	0	0	0	0	0	0	0	0	0	0	0	0	0	0	0	0	0	0	0	1208	3284	118	972	0	0	446	5488	1316	5064	0	0	144	750	394	1792	0	280	194	5726	1040	306	1780	748	770	0	
270964	Cerebelum_4_5_L	0	0	0	0	0	0	0	0	0	0	0	0	0	0	0	0	0	0	0	0	0	0	0	0	0	0	0	0	0	0	0	0	0	0	0	0	0	0	384	0	0	0	180	0	114	0	8516	1700	206	0	664	0	1576	0	13886	122	0	0	0	0	0	0	0	0	0	0	0	0	0	0	0	0	0	0	0	0	0	0	0	0	0	0	0	0	0	0	0	0	0	0	20096	1186	1046	834	6130	446	0	1600	34526	3296	872	0	1244	1448	5790	1510	1286	128	902	2072	12710	3298	3256	1778	1268	1412	
173640	Cerebelum_4_5_R	0	0	0	0	0	0	0	0	0	0	0	0	0	0	0	0	0	0	0	0	0	0	0	0	0	0	0	0	0	0	0	0	0	0	134	236	154	492	0	1022	0	0	0	0	0	0	406	3766	0	0	0	0	0	0	294	8076	0	0	0	0	0	0	0	0	0	0	0	316	0	0	0	0	0	0	0	0	0	146	0	0	0	0	0	0	0	0	0	0	106	106	1630	15868	242	3148	0	5488	1600	0	2164	24518	224	0	182	650	478	996	0	198	116	1752	7724	898	1970	888	832	0	
483468	Cerebelum_6_L	0	0	0	0	0	0	0	0	0	0	0	0	0	0	0	0	0	0	0	0	0	0	0	0	0	0	0	0	0	0	0	0	0	0	0	0	644	0	486	0	0	0	300	0	212	0	9364	3896	346	0	1028	0	2258	322	25428	1262	0	0	0	0	0	0	0	0	0	0	0	0	0	0	0	0	252	0	0	0	0	0	0	0	0	0	0	0	0	0	0	0	3034	0	49216	7378	7986	2634	792	1316	34526	2164	0	12596	5966	278	5496	2940	6288	4188	654	756	458	1596	9930	13436	11526	5174	4336	1272	
403784	Cerebelum_6_R	0	0	0	0	0	0	0	0	0	0	0	0	0	0	0	0	0	0	0	0	0	0	0	0	0	0	0	0	0	0	0	0	0	0	0	0	0	0	0	228	0	0	0	0	0	0	1538	6592	0	0	152	0	212	692	1846	18290	0	0	0	0	0	0	0	0	0	0	0	0	0	0	0	0	0	0	0	0	0	0	0	0	0	0	0	0	0	0	0	0	324	356	11016	50282	2880	15854	116	5064	3296	24518	12596	0	1204	1662	628	5908	886	1270	0	320	442	2174	9312	13016	7022	1014	896	286	
217260	Cerebelum_7b_L	0	0	0	0	0	0	0	0	0	0	0	0	0	0	0	0	0	0	0	0	0	0	0	0	0	0	0	0	0	0	0	0	0	0	0	0	256	0	0	0	0	0	0	0	0	0	0	114	0	0	0	0	0	0	2266	116	0	0	0	0	0	0	0	0	0	0	0	0	0	0	0	0	132	0	0	0	0	0	0	0	0	0	0	0	0	0	0	0	1240	0	22534	1314	24518	2406	180	0	872	224	5966	1204	0	1230	29120	1494	4934	398	282	0	0	0	136	802	3892	2198	434	368	
133360	Cerebelum_7b_R	0	0	0	0	0	0	0	0	0	0	0	0	0	0	0	0	0	0	0	0	0	0	0	0	0	0	0	0	0	0	0	0	0	0	0	0	0	0	0	0	0	0	0	0	0	0	0	0	0	0	0	0	0	0	0	106	0	0	0	0	0	0	0	0	0	0	0	0	0	0	0	0	0	0	0	0	0	0	0	0	0	0	0	0	0	0	0	0	0	0	1366	8888	3828	20834	0	0	0	0	278	1662	1230	0	912	19790	130	2088	0	0	0	0	0	146	4426	874	122	0	
251564	Cerebelum_8_L	0	0	0	0	0	0	0	0	0	0	0	0	0	0	0	0	0	0	0	0	0	0	0	0	0	0	0	0	0	0	0	0	0	0	0	0	348	0	0	0	0	0	0	0	0	0	0	0	0	0	0	0	0	0	2312	0	0	0	0	0	0	0	0	0	0	0	0	0	0	0	0	0	154	0	0	0	0	0	0	0	0	0	0	0	0	0	0	0	972	0	21558	1082	19596	2034	302	144	1244	182	5496	628	29120	912	0	2166	20260	1692	1328	0	0	150	0	350	4328	5088	2814	1522	
234472	Cerebelum_8_R	0	0	0	0	0	0	0	0	0	0	0	0	0	0	0	0	0	0	0	0	0	0	0	0	0	0	0	0	0	0	0	0	0	0	0	0	0	0	0	0	0	0	0	0	0	0	0	0	0	0	0	0	0	0	336	304	0	0	0	0	0	0	0	0	0	0	0	0	0	0	0	0	0	0	0	0	0	0	0	0	0	0	0	0	0	0	0	0	0	0	3682	18386	3050	26964	0	750	1448	650	2940	5908	1494	19790	2166	0	1176	12340	0	262	0	722	98	106	7628	4814	2084	138	
160464	Cerebelum_9_L	0	0	0	0	0	0	0	0	0	0	0	0	0	0	0	0	0	0	0	0	0	0	0	0	0	0	0	0	0	0	0	0	0	0	0	0	0	0	0	0	0	0	0	0	0	0	0	0	0	0	0	0	0	0	646	0	0	0	0	0	0	0	0	0	0	0	0	0	0	0	0	0	0	0	0	0	0	0	0	0	0	0	0	0	0	0	0	0	122	0	5486	590	2260	614	1428	394	5790	478	6288	886	4934	130	20260	1176	0	4108	2436	278	242	664	968	1162	4976	5348	5272	3296	
137988	Cerebelum_9_R	0	0	0	0	0	0	0	0	0	0	0	0	0	0	0	0	0	0	0	0	0	0	0	0	0	0	0	0	0	0	0	0	0	0	0	0	0	0	0	0	0	0	0	0	0	0	184	0	0	0	0	0	0	0	156	0	0	0	0	0	0	0	0	0	0	0	0	0	0	0	0	0	0	0	0	0	0	0	0	0	0	0	0	0	0	0	0	0	0	0	1098	2836	176	2564	100	1792	1510	996	4188	1270	398	2088	1692	12340	4108	0	104	1106	1038	2674	1712	1294	5850	6912	7502	3306	
15108	Cerebelum_10_L	0	0	0	0	0	0	0	0	0	0	0	0	0	0	0	0	0	0	0	0	0	0	0	0	0	0	0	0	0	0	0	0	0	0	0	0	0	0	0	0	0	0	0	0	0	0	0	0	0	0	0	0	0	0	0	0	0	0	0	0	0	0	0	0	0	0	0	0	0	0	0	0	0	0	0	0	0	0	0	0	0	0	0	0	0	0	0	0	0	0	190	0	0	0	516	0	1286	0	654	0	282	0	1328	0	2436	104	0	0	0	0	240	0	236	176	106	0	
12600	Cerebelum_10_R	0	0	0	0	0	0	0	0	0	0	0	0	0	0	0	0	0	0	0	0	0	0	0	0	0	0	0	0	0	0	0	0	0	0	0	0	0	0	0	0	0	0	0	0	0	0	0	0	0	0	0	0	0	0	0	0	0	0	0	0	0	0	0	0	0	0	0	0	0	0	0	0	0	0	0	0	0	0	0	0	0	0	0	0	0	0	0	0	0	0	158	0	0	0	0	280	128	198	756	320	0	0	0	262	278	1106	0	0	0	296	0	0	840	782	780	116	
30988	Vermis_1_2	0	0	0	0	0	0	0	0	0	0	0	0	0	0	0	0	0	0	0	0	0	0	0	0	0	0	0	0	0	0	0	0	0	0	0	0	0	0	0	0	0	0	0	0	0	0	0	0	0	0	0	0	0	0	0	0	0	0	0	0	0	0	0	0	0	0	0	0	0	0	0	0	0	0	0	0	0	0	0	0	0	0	0	0	0	0	0	0	0	0	274	216	0	0	836	194	902	116	458	442	0	0	0	0	242	1038	0	0	0	5694	3878	282	250	238	322	112	
78492	Vermis_3	0	0	0	0	0	0	0	0	0	0	0	0	0	0	0	0	0	0	0	0	0	0	0	0	0	0	0	0	0	0	0	0	0	0	0	0	110	0	246	0	0	0	0	0	0	0	184	154	0	0	0	0	0	0	102	0	0	0	0	0	0	0	0	0	0	0	0	0	0	0	0	0	0	0	0	0	0	0	0	0	0	0	0	0	0	0	0	0	0	0	1202	1208	108	268	1984	5726	2072	1752	1596	2174	0	0	150	722	664	2674	0	296	5694	0	5832	548	1700	896	1014	170	
173892	Vermis_4_5	0	0	0	0	0	0	0	0	0	0	0	0	0	0	0	0	0	0	0	0	0	0	0	0	0	0	0	0	0	0	0	0	0	0	0	142	0	98	0	0	0	0	178	128	122	0	4012	4200	214	0	668	0	1150	0	3008	1072	0	0	0	0	0	0	0	0	0	0	0	360	0	0	0	0	0	0	0	0	0	0	0	0	0	0	0	0	0	0	0	0	0	0	4176	3760	346	568	1454	1040	12710	7724	9930	9312	136	0	0	98	968	1712	240	0	3878	5832	0	4490	610	378	630	1602	
