data	data	434920	327388	830060	603356	142068	55652	581780	258356	73200	10924	278068	224612	246788	102612	162752	25064	231920	114784	1.02941e+06	873136	74156	77760	270916	285224	31040	53180	85604	50828	660664	242400	178004	295756	128380	469884	80868	307872	282584	452612	36480	253284	29876	51784	181460	387872	80980	247860	256072	418768	145352	286508	302008	280796	42904	101584	354296	337600	353460	147944	140944	133088	272324	118568	118484	72216	264448	221380	225404	401392	461424	225428	236488	379240	336372	373648	57208	36600	162148	212128	70700	18308	255936	101024	100044	33968	274764	215380	18336	2916	264064	143824	526300	404652	330416	248892	18212	80892	267828	218640	487216	446976	212024	100676	220440	240720	78028	116564	18732	13860	14024	37144	154056	189756	209960	93840	71756	35668	
data	data	Precentral_L	Precentral_R	Frontal_Sup_L	Frontal_Sup_R	Frontal_Sup_Orb_L	Frontal_Sup_Orb_R	Frontal_Mid_L	Frontal_Mid_R	Frontal_Mid_Orb_L	Frontal_Mid_Orb_R	Frontal_Inf_Oper_L	Frontal_Inf_Oper_R	Frontal_Inf_Tri_L	Frontal_Inf_Tri_R	Frontal_Inf_Orb_L	Frontal_Inf_Orb_R	Rolandic_Oper_L	Rolandic_Oper_R	Supp_Motor_Area_L	Supp_Motor_Area_R	Olfactory_L	Olfactory_R	Frontal_Sup_Medial_L	Frontal_Sup_Medial_R	Frontal_Med_Orb_L	Frontal_Med_Orb_R	Rectus_L	Rectus_R	Insula_L	Insula_R	Cingulum_Ant_L	Cingulum_Ant_R	Cingulum_Mid_L	Cingulum_Mid_R	Cingulum_Post_L	Cingulum_Post_R	Hippocampus_L	Hippocampus_R	ParaHippocampal_L	ParaHippocampal_R	Amygdala_L	Amygdala_R	Calcarine_L	Calcarine_R	Cuneus_L	Cuneus_R	Lingual_L	Lingual_R	Occipital_Sup_L	Occipital_Sup_R	Occipital_Mid_L	Occipital_Mid_R	Occipital_Inf_L	Occipital_Inf_R	Fusiform_L	Fusiform_R	Postcentral_L	Postcentral_R	Parietal_Sup_L	Parietal_Sup_R	Parietal_Inf_L	Parietal_Inf_R	SupraMarginal_L	SupraMarginal_R	Angular_L	Angular_R	Precuneus_L	Precuneus_R	Paracentral_Lobule_L	Paracentral_Lobule_R	Caudate_L	Caudate_R	Putamen_L	Putamen_R	Pallidum_L	Pallidum_R	Thalamus_L	Thalamus_R	Heschl_L	Heschl_R	Temporal_Sup_L	Temporal_Sup_R	Temporal_Pole_Sup_L	Temporal_Pole_Sup_R	Temporal_Mid_L	Temporal_Mid_R	Temporal_Pole_Mid_L	Temporal_Pole_Mid_R	Temporal_Inf_L	Temporal_Inf_R	Cerebelum_Crus1_L	Cerebelum_Crus1_R	Cerebelum_Crus2_L	Cerebelum_Crus2_R	Cerebelum_3_L	Cerebelum_3_R	Cerebelum_4_5_L	Cerebelum_4_5_R	Cerebelum_6_L	Cerebelum_6_R	Cerebelum_7b_L	Cerebelum_7b_R	Cerebelum_8_L	Cerebelum_8_R	Cerebelum_9_L	Cerebelum_9_R	Cerebelum_10_L	Cerebelum_10_R	Vermis_1_2	Vermis_3	Vermis_4_5	Vermis_6	Vermis_7	Vermis_8	Vermis_9	Vermis_10	
434920	Precentral_L	0	148	16956	106	0	0	15438	90	0	0	8870	0	662	0	0	0	10890	0	27226	206	0	0	0	0	0	0	0	0	16394	0	0	0	0	206	0	0	9232	0	244	0	0	0	0	0	0	0	0	0	542	0	3220	0	204	0	3750	0	35832	0	1938	0	7248	0	1196	0	2456	0	426	0	26422	0	0	430	3426	0	1138	0	11220	0	3388	0	4826	0	530	0	1258	0	0	0	1342	0	0	0	0	0	0	0	0	0	0	0	0	0	0	0	0	0	0	0	0	0	0	0	0	0	0	0	
327388	Precentral_R	148	0	0	14778	0	0	0	9774	0	0	0	12370	0	0	0	0	0	1886	2944	17000	0	0	0	0	0	0	0	0	0	2878	0	0	290	1198	1492	2642	1412	14144	0	730	0	0	0	0	0	0	0	0	0	0	0	114	0	0	0	552	0	12382	0	0	0	786	0	810	0	5334	388	464	2674	8512	0	8172	0	5914	0	1788	384	22782	0	126	0	1668	0	0	0	4168	0	0	0	2990	0	0	0	0	0	0	0	0	0	0	0	0	0	0	0	0	0	0	0	0	0	0	0	0	0	0	
830060	Frontal_Sup_L	16956	0	0	2902	7714	0	80306	1182	2112	0	22356	0	21308	96	3126	0	9198	0	72970	7300	0	0	40566	942	2558	0	262	0	38836	178	12694	4456	3702	2400	0	0	5526	0	0	0	0	0	0	0	0	0	0	0	0	0	332	0	0	0	544	0	6414	0	458	0	934	0	1170	0	336	0	0	0	5704	0	10810	2072	13020	1056	2030	0	238	0	670	0	4474	0	4624	0	0	0	0	0	498	0	0	0	0	0	0	0	0	0	0	0	0	0	0	0	0	0	0	0	0	0	0	0	0	0	0	0	
603356	Frontal_Sup_R	106	14778	2902	0	0	3480	4592	23272	114	450	0	13600	148	5574	192	2416	0	3134	11492	55776	0	86	7834	37304	0	3692	0	778	5068	7902	1692	22148	1714	20536	0	0	0	1650	0	0	0	0	0	0	0	0	0	0	0	0	0	0	0	0	0	0	0	700	0	0	0	180	0	184	0	452	0	0	1160	350	3044	15212	3478	15396	0	528	136	8328	0	0	0	100	0	0	0	0	0	0	0	0	0	0	0	0	0	0	0	0	0	0	0	0	0	0	0	0	0	0	0	0	0	0	0	0	0	0	
142068	Frontal_Sup_Orb_L	0	0	7714	0	0	0	3036	0	10510	0	0	0	1016	0	10650	0	0	0	0	304	2778	1442	3756	0	3704	0	6784	0	2812	0	4158	282	0	0	0	0	0	0	0	0	0	0	0	0	0	0	0	0	0	0	0	0	0	0	0	0	0	0	0	0	0	0	0	0	0	0	0	0	0	0	2444	1034	8610	0	0	0	0	0	0	0	0	0	0	0	0	0	0	0	0	0	0	0	0	0	0	0	0	0	0	0	0	0	0	0	0	0	0	0	0	0	0	0	0	0	0	0	
55652	Frontal_Sup_Orb_R	0	0	0	3480	0	0	0	0	0	742	0	0	0	0	0	312	0	0	0	0	0	530	0	3548	0	5292	0	3818	0	0	128	1088	0	0	0	0	0	0	0	0	0	0	0	0	0	0	0	0	0	0	0	0	0	0	0	0	0	0	0	0	0	0	0	0	0	0	0	0	0	0	0	4800	0	4088	0	0	0	0	0	0	0	0	0	0	0	0	0	0	0	0	0	0	0	0	0	0	0	0	0	0	0	0	0	0	0	0	0	0	0	0	0	0	0	0	0	0	
581780	Frontal_Mid_L	15438	0	80306	4592	3036	0	0	1988	2740	0	13424	0	30180	358	5800	0	996	0	24460	8222	0	0	14150	512	0	0	0	0	29504	254	3970	1730	1502	2978	0	0	3430	0	0	0	0	0	0	0	0	0	0	0	0	0	260	0	0	0	492	0	2470	0	430	0	792	0	0	0	226	0	0	0	662	0	14624	3182	13004	1480	1276	0	116	0	540	0	876	0	440	0	0	0	0	0	450	0	0	0	0	0	0	0	0	0	0	0	0	0	0	0	0	0	0	0	0	0	0	0	0	0	0	0	
258356	Frontal_Mid_R	90	9774	1182	23272	0	0	1988	0	0	1102	0	9800	0	7320	0	3356	0	2274	5790	11818	0	0	476	4316	0	0	0	82	2372	3208	0	1284	190	4210	90	242	94	2546	0	174	0	0	0	0	0	0	0	0	0	0	0	0	0	0	0	158	84	252	0	0	0	656	0	456	0	542	84	82	1338	116	2758	12066	1394	8602	94	1306	0	1320	0	0	0	500	0	0	0	224	0	0	0	96	0	0	0	0	0	0	0	0	0	0	0	0	0	0	0	0	0	0	0	0	0	0	0	0	0	0	
73200	Frontal_Mid_Orb_L	0	0	2112	114	10510	0	2740	0	0	0	0	0	816	0	10224	0	0	0	0	492	248	186	0	0	136	0	1598	0	1776	0	172	0	0	0	0	0	0	0	0	0	0	0	0	0	0	0	0	0	0	0	0	0	0	0	0	0	0	0	0	0	0	0	0	0	0	0	0	0	0	0	434	198	4844	0	0	0	0	0	0	0	0	0	0	0	0	0	0	0	0	0	0	0	0	0	0	0	0	0	0	0	0	0	0	0	0	0	0	0	0	0	0	0	0	0	0	0	
10924	Frontal_Mid_Orb_R	0	0	0	450	0	742	0	1102	0	0	0	0	0	0	0	1826	0	0	0	0	0	0	0	196	0	0	0	0	0	0	0	0	0	0	0	0	0	0	0	0	0	0	0	0	0	0	0	0	0	0	0	0	0	0	0	0	0	0	0	0	0	0	0	0	0	0	0	0	0	0	0	390	0	756	0	0	0	0	0	0	0	0	0	0	0	0	0	0	0	0	0	0	0	0	0	0	0	0	0	0	0	0	0	0	0	0	0	0	0	0	0	0	0	0	0	0	
278068	Frontal_Inf_Oper_L	8870	0	22356	0	0	0	13424	0	0	0	0	0	20140	0	256	0	11710	0	19776	224	0	0	0	0	0	0	0	0	22520	0	0	208	0	380	0	0	1094	0	0	0	0	0	0	0	0	0	0	0	0	0	0	0	0	0	212	0	2536	0	0	0	146	0	0	0	0	0	0	0	120	0	162	0	228	0	0	0	0	0	346	0	7808	0	6284	0	0	0	0	0	234	0	0	0	0	0	0	0	0	0	0	0	0	0	0	0	0	0	0	0	0	0	0	0	0	0	0	0	
224612	Frontal_Inf_Oper_R	0	12370	0	13600	0	0	0	9800	0	0	0	0	0	11586	0	0	0	5566	478	16642	0	0	210	1238	0	0	0	0	0	13976	0	0	0	714	0	0	0	3336	0	130	0	0	0	0	0	0	0	0	0	0	0	0	0	0	0	200	0	3760	0	0	0	1538	0	1314	0	3032	0	0	0	142	0	0	0	8366	0	468	0	244	0	0	0	1152	0	244	0	1318	0	0	0	882	0	0	0	0	0	0	0	0	0	0	0	0	0	0	0	0	0	0	0	0	0	0	0	0	0	0	
246788	Frontal_Inf_Tri_L	662	0	21308	148	1016	0	30180	0	816	0	20140	0	0	0	8262	0	1342	0	13128	618	0	0	138	0	0	0	0	0	19132	0	498	568	90	352	0	0	548	0	0	0	0	0	0	0	0	0	0	0	0	0	0	0	0	0	0	0	0	0	0	0	0	0	0	0	0	0	0	0	0	0	1314	0	1238	0	0	0	0	0	0	0	866	0	1030	0	0	0	0	0	0	0	0	0	0	0	0	0	0	0	0	0	0	0	0	0	0	0	0	0	0	0	0	0	0	0	0	0	
102612	Frontal_Inf_Tri_R	0	0	96	5574	0	0	358	7320	0	0	0	11586	0	0	0	1086	0	120	924	8756	0	0	196	1616	0	0	0	0	560	7500	0	282	0	1376	0	0	0	246	0	0	0	0	0	0	0	0	0	0	0	0	0	0	0	0	0	0	0	0	0	0	0	82	0	0	0	0	0	0	0	0	628	234	0	2572	0	194	0	0	0	0	0	0	0	0	0	0	0	0	0	0	0	0	0	0	0	0	0	0	0	0	0	0	0	0	0	0	0	0	0	0	0	0	0	0	0	0	
162752	Frontal_Inf_Orb_L	0	0	3126	192	10650	0	5800	0	10224	0	256	0	8262	0	0	0	0	0	1608	1768	2042	1282	0	0	296	0	2770	0	13228	0	620	342	0	164	0	0	578	0	0	0	174	0	0	0	0	0	0	0	0	0	0	0	0	0	0	0	0	0	0	0	0	0	0	0	0	0	0	0	0	0	2468	844	13142	0	0	0	0	0	0	0	368	0	1172	0	0	0	0	0	0	0	0	0	0	0	0	0	0	0	0	0	0	0	0	0	0	0	0	0	0	0	0	0	0	0	0	0	
25064	Frontal_Inf_Orb_R	0	0	0	2416	0	312	0	3356	0	1826	0	0	0	1086	0	0	0	0	0	256	0	138	0	0	0	0	0	562	0	1014	0	0	0	0	0	0	0	0	0	0	0	0	0	0	0	0	0	0	0	0	0	0	0	0	0	0	0	0	0	0	0	0	0	0	0	0	0	0	0	0	0	548	0	1018	0	0	0	0	0	0	0	0	0	0	0	0	0	0	0	0	0	0	0	0	0	0	0	0	0	0	0	0	0	0	0	0	0	0	0	0	0	0	0	0	0	0	
231920	Rolandic_Oper_L	10890	0	9198	0	0	0	996	0	0	0	11710	0	1342	0	0	0	0	0	11838	0	0	0	0	0	0	0	0	0	15986	0	0	108	0	254	0	0	2276	0	610	0	0	0	0	0	0	0	0	0	0	0	0	0	0	0	3974	0	10614	0	0	0	1092	0	3362	0	300	0	0	0	2562	0	0	0	0	0	0	0	0	0	6082	0	16400	0	4800	0	814	0	0	0	752	0	0	0	0	0	0	0	0	0	0	0	0	0	0	0	0	0	0	0	0	0	0	0	0	0	0	0	
114784	Rolandic_Oper_R	0	1886	0	3134	0	0	0	2274	0	0	0	5566	0	120	0	0	0	0	0	3862	0	0	0	0	0	0	0	0	0	12824	0	0	0	206	0	0	0	2566	0	0	0	0	0	0	0	0	0	0	0	0	0	170	0	0	0	420	0	3692	0	0	0	0	0	2636	0	1958	0	92	0	142	0	0	0	3816	0	0	0	0	0	2206	0	6228	0	282	0	2224	0	0	0	1088	0	0	0	0	0	0	0	0	0	0	0	0	0	0	0	0	0	0	0	0	0	0	0	0	0	0	
1.02941e+06	Supp_Motor_Area_L	27226	2944	72970	11492	0	0	24460	5790	0	0	19776	478	13128	924	1608	0	11838	0	0	53362	0	0	6684	7206	0	0	0	0	37444	540	3854	9334	9402	25552	0	1062	12528	114	102	0	0	0	0	0	0	0	0	0	0	0	266	0	0	0	490	0	10370	714	330	0	832	0	1192	0	282	0	0	118	62560	3362	5486	6878	17612	1988	6490	0	24578	82	856	0	5608	0	4300	0	96	0	0	0	396	0	0	0	0	0	0	0	0	0	0	0	0	0	0	0	0	0	0	0	0	0	0	0	0	0	0	0	
873136	Supp_Motor_Area_R	206	17000	7300	55776	304	0	8222	11818	492	0	224	16642	618	8756	1768	256	0	3862	53362	0	0	0	2004	13168	0	0	0	0	13356	13282	404	5130	7150	48216	2144	11794	1766	3450	0	212	0	0	0	0	0	0	0	0	0	0	0	92	0	0	0	96	108	6804	0	0	0	208	0	246	0	682	182	902	11254	33040	6046	24392	5620	16618	284	2232	410	17694	0	0	320	228	92	0	0	336	0	0	0	0	0	0	0	0	0	0	0	0	0	0	0	0	0	0	0	0	0	0	0	0	0	0	0	0	0	0	
74156	Olfactory_L	0	0	0	0	2778	0	0	0	248	0	0	0	0	0	2042	0	0	0	0	0	0	5536	0	0	232	0	5286	1078	1282	0	3124	2688	0	0	0	0	0	0	0	0	0	0	0	0	0	0	0	0	0	0	0	0	0	0	0	0	0	0	0	0	0	0	0	0	0	0	0	0	0	0	7164	3296	2324	0	0	0	0	0	0	0	0	0	0	0	0	0	0	0	0	0	0	0	0	0	0	0	0	0	0	0	0	0	0	0	0	0	0	0	0	0	0	0	0	0	0	0	
77760	Olfactory_R	0	0	0	86	1442	530	0	0	186	0	0	0	0	0	1282	138	0	0	0	0	5536	0	0	0	0	718	4484	3020	0	880	2334	3588	0	0	0	0	0	384	0	0	0	686	0	0	0	0	0	0	0	0	0	0	0	0	0	0	0	0	0	0	0	0	0	0	0	0	0	0	0	0	6318	5392	1876	0	0	0	0	0	0	0	0	0	0	0	0	0	0	0	0	0	0	0	0	0	0	0	0	0	0	0	0	0	0	0	0	0	0	0	0	0	0	0	0	0	0	0	
270916	Frontal_Sup_Medial_L	0	0	40566	7834	3756	0	14150	476	0	0	0	210	138	196	0	0	0	0	6684	2004	0	0	0	11900	3186	0	418	0	1418	0	13150	9544	4632	10028	0	0	0	0	0	0	0	0	0	0	0	0	0	0	0	0	0	0	0	0	0	0	0	0	0	0	0	0	0	0	0	0	0	0	0	0	3578	344	966	280	0	0	0	0	0	0	0	0	0	0	0	0	0	0	0	0	0	0	0	0	0	0	0	0	0	0	0	0	0	0	0	0	0	0	0	0	0	0	0	0	0	0	
285224	Frontal_Sup_Medial_R	0	0	942	37304	0	3548	512	4316	0	196	0	1238	0	1616	0	0	0	0	7206	13168	0	0	11900	0	0	4168	0	776	514	122	2436	21882	516	18552	0	0	0	162	0	0	0	0	0	0	0	0	0	0	0	0	0	0	0	0	0	0	0	0	0	0	0	0	0	0	0	0	0	0	0	0	304	5946	0	5288	0	0	0	0	0	0	0	0	0	0	0	0	0	0	0	0	0	0	0	0	0	0	0	0	0	0	0	0	0	0	0	0	0	0	0	0	0	0	0	0	0	0	
31040	Frontal_Med_Orb_L	0	0	2558	0	3704	0	0	0	136	0	0	0	0	0	296	0	0	0	0	0	232	0	3186	0	0	0	1642	0	0	0	2638	108	0	0	0	0	0	0	0	0	0	0	0	0	0	0	0	0	0	0	0	0	0	0	0	0	0	0	0	0	0	0	0	0	0	0	0	0	0	0	364	0	656	0	0	0	0	0	0	0	0	0	0	0	0	0	0	0	0	0	0	0	0	0	0	0	0	0	0	0	0	0	0	0	0	0	0	0	0	0	0	0	0	0	0	0	
53180	Frontal_Med_Orb_R	0	0	0	3692	0	5292	0	0	0	0	0	0	0	0	0	0	0	0	0	0	0	718	0	4168	0	0	0	3894	0	0	534	2240	0	0	0	0	0	0	0	0	0	0	0	0	0	0	0	0	0	0	0	0	0	0	0	0	0	0	0	0	0	0	0	0	0	0	0	0	0	0	0	3638	0	2414	0	0	0	0	0	0	0	0	0	0	0	0	0	0	0	0	0	0	0	0	0	0	0	0	0	0	0	0	0	0	0	0	0	0	0	0	0	0	0	0	0	0	
85604	Rectus_L	0	0	262	0	6784	0	0	0	1598	0	0	0	0	0	2770	0	0	0	0	0	5286	4484	418	0	1642	0	0	1042	168	0	4398	2248	0	0	0	0	0	0	0	0	0	0	0	0	0	0	0	0	0	0	0	0	0	0	0	0	0	0	0	0	0	0	0	0	0	0	0	0	0	0	5598	2820	3284	0	0	0	0	0	0	0	0	0	0	0	0	0	0	0	0	0	0	0	0	0	0	0	0	0	0	0	0	0	0	0	0	0	0	0	0	0	0	0	0	0	0	0	
50828	Rectus_R	0	0	0	778	0	3818	0	82	0	0	0	0	0	0	0	562	0	0	0	0	1078	3020	0	776	0	3894	1042	0	0	240	1042	2482	0	0	0	0	0	0	0	0	0	0	0	0	0	0	0	0	0	0	0	0	0	0	0	0	0	0	0	0	0	0	0	0	0	0	0	0	0	0	1018	3862	414	1306	0	0	0	0	0	0	0	0	0	0	0	0	0	0	0	0	0	0	0	0	0	0	0	0	0	0	0	0	0	0	0	0	0	0	0	0	0	0	0	0	0	0	
660664	Insula_L	16394	0	38836	5068	2812	0	29504	2372	1776	0	22520	0	19132	560	13228	0	15986	0	37444	13356	1282	0	1418	514	0	0	168	0	0	310	1654	2476	774	4460	0	0	22272	0	446	0	798	0	0	0	0	0	0	0	0	0	0	0	0	0	5094	0	5356	0	0	0	210	0	192	0	0	0	0	0	2758	0	7614	3348	18672	1398	0	0	618	0	6842	0	11000	0	6900	0	1152	0	0	0	3618	0	0	0	0	0	0	0	0	0	0	0	0	0	0	0	0	0	0	0	0	0	0	0	0	0	0	0	
242400	Insula_R	0	2878	178	7902	0	0	254	3208	0	0	0	13976	0	7500	0	1014	0	12824	540	13282	0	880	0	122	0	0	0	240	310	0	0	0	0	132	0	0	0	10346	0	460	0	1826	0	0	0	0	0	0	0	0	0	142	0	0	0	988	0	2410	0	0	0	118	0	0	0	3086	0	112	0	238	250	678	234	25298	0	0	0	142	0	1222	0	2524	0	992	0	3154	0	0	0	1740	0	0	0	0	0	0	0	0	0	0	0	0	0	0	0	0	0	0	0	0	0	0	0	0	0	0	
178004	Cingulum_Ant_L	0	0	12694	1692	4158	128	3970	0	172	0	0	0	498	0	620	0	0	0	3854	404	3124	2334	13150	2436	2638	534	4398	1042	1654	0	0	11226	3942	3286	622	0	0	0	0	0	0	0	0	0	0	0	0	0	0	0	0	0	0	0	0	0	0	0	0	0	0	0	0	0	0	0	0	0	0	0	5630	2108	2488	200	0	0	0	0	0	0	0	0	0	0	0	0	0	0	0	0	0	0	0	0	0	0	0	0	0	0	0	0	0	0	0	0	0	0	0	0	0	0	0	0	0	0	
295756	Cingulum_Ant_R	0	0	4456	22148	282	1088	1730	1284	0	0	208	0	568	282	342	0	108	0	9334	5130	2688	3588	9544	21882	108	2240	2248	2482	2476	0	11226	0	4900	22134	118	0	0	0	0	0	0	0	0	0	0	0	0	0	0	0	0	0	0	0	0	0	0	0	0	0	0	0	0	0	0	0	0	0	0	0	4160	7120	1132	2778	0	0	0	0	0	0	94	0	0	0	0	0	0	0	0	0	0	0	0	0	0	0	0	0	0	0	0	0	0	0	0	0	0	0	0	0	0	0	0	0	0	0	
128380	Cingulum_Mid_L	0	290	3702	1714	0	0	1502	190	0	0	0	0	90	0	0	0	0	0	9402	7150	0	0	4632	516	0	0	0	0	774	0	3942	4900	0	11658	3228	808	0	0	0	0	0	0	0	0	280	0	0	0	338	0	756	0	0	0	174	0	0	300	90	0	88	0	0	0	206	0	1478	166	2706	1730	684	126	94	0	0	0	0	0	0	0	0	0	0	0	340	0	0	0	136	0	0	0	0	0	0	0	0	0	0	0	0	0	0	0	0	0	0	0	0	0	0	0	0	0	0	0	
469884	Cingulum_Mid_R	206	1198	2400	20536	0	0	2978	4210	0	0	380	714	352	1376	164	0	254	206	25552	48216	0	0	10028	18552	0	0	0	0	4460	132	3286	22134	11658	0	604	13274	0	958	0	256	0	0	0	180	0	182	0	270	0	314	0	472	0	0	0	0	0	4204	0	628	0	494	0	0	0	162	662	4086	4512	14032	3690	3794	318	900	186	654	0	84	0	0	210	130	106	0	0	392	0	0	0	196	0	0	0	0	0	0	0	0	0	0	0	0	0	0	0	0	0	0	0	0	0	0	0	0	0	0	
80868	Cingulum_Post_L	0	1492	0	0	0	0	0	90	0	0	0	0	0	0	0	0	0	0	0	2144	0	0	0	0	0	0	0	0	0	0	622	118	3228	604	0	6632	5354	1566	1202	0	0	0	586	0	256	0	430	0	236	0	1634	0	86	0	690	0	0	0	0	0	0	0	0	0	238	0	3988	430	1544	1008	0	436	0	0	0	0	498	3316	0	0	0	0	0	0	1554	0	0	0	452	0	0	0	0	0	0	0	0	0	0	0	0	0	0	0	0	0	0	0	0	0	0	0	0	0	0	0	
307872	Cingulum_Post_R	0	2642	0	0	0	0	0	242	0	0	0	0	0	0	0	0	0	0	1062	11794	0	0	0	0	0	0	0	0	0	0	0	0	808	13274	6632	0	3490	18118	384	13338	0	0	0	11804	0	2430	0	14540	0	1706	0	2220	0	0	0	1686	0	1388	0	268	0	160	0	0	0	158	2428	21636	1840	7710	0	2262	0	386	84	212	168	4310	0	0	0	100	0	0	0	3250	0	0	0	1118	0	0	0	0	0	0	0	0	0	0	0	0	0	0	0	0	0	0	0	0	288	0	0	0	0	0	
282584	Hippocampus_L	9232	1412	5526	0	0	0	3430	94	0	0	1094	0	548	0	578	0	2276	0	12528	1766	0	0	0	0	0	0	0	0	22272	0	0	0	0	0	5354	3490	0	1550	4704	0	6586	0	834	0	0	0	1264	0	0	0	0	0	0	0	8174	0	1236	0	0	0	100	0	0	0	0	0	2980	116	8892	674	0	266	9786	0	452	0	5042	2804	2906	0	3108	0	1824	0	1090	0	282	0	7022	0	0	0	0	0	0	0	0	0	0	0	0	0	0	0	0	0	0	0	0	0	0	0	0	0	0	0	
452612	Hippocampus_R	0	14144	0	1650	0	0	0	2546	0	0	0	3336	0	246	0	0	0	2566	114	3450	0	384	0	162	0	0	0	0	0	10346	0	0	0	958	1566	18118	1550	0	0	27166	0	10740	0	12354	0	2266	0	15736	0	1562	0	1944	0	0	0	16974	0	2188	0	172	0	146	0	178	0	3632	1226	17920	0	1174	0	0	0	23438	0	1330	128	5730	0	1122	0	2026	0	2896	0	6218	0	0	0	6270	0	0	0	0	94	0	112	90	0	0	0	0	0	0	0	0	0	0	0	0	338	0	0	0	0	0	
36480	ParaHippocampal_L	244	0	0	0	0	0	0	0	0	0	0	0	0	0	0	0	610	0	102	0	0	0	0	0	0	0	0	0	446	0	0	0	0	0	1202	384	4704	0	0	0	770	0	568	0	0	0	2860	0	0	0	0	0	0	0	2376	0	170	0	0	0	0	0	0	0	0	0	2290	0	396	0	0	0	134	0	0	0	228	104	96	0	310	0	0	0	0	0	0	0	246	0	0	0	0	0	0	0	0	0	0	0	0	0	0	0	0	0	0	0	0	0	0	0	0	0	0	0	
253284	ParaHippocampal_R	0	730	0	0	0	0	0	174	0	0	0	130	0	0	0	0	0	0	0	212	0	0	0	0	0	0	0	0	0	460	0	0	0	256	0	13338	0	27166	0	0	0	4180	0	12014	0	2146	0	17474	0	1480	0	1934	0	948	0	14434	0	154	0	154	0	0	0	0	0	146	544	16276	0	0	0	0	0	3222	0	804	0	1130	0	118	0	218	0	820	0	2934	0	268	0	2252	0	0	0	0	82	0	0	132	0	0	0	0	0	0	0	0	0	0	0	0	312	0	0	0	0	0	
29876	Amygdala_L	0	0	0	0	0	0	0	0	0	0	0	0	0	0	174	0	0	0	0	0	0	0	0	0	0	0	0	0	798	0	0	0	0	0	0	0	6586	0	770	0	0	0	0	0	0	0	0	0	0	0	0	0	0	0	2494	0	0	0	0	0	0	0	0	0	0	0	0	0	0	0	0	0	130	0	0	0	0	0	0	0	0	0	1248	0	382	0	304	0	2052	0	0	0	0	0	0	0	0	0	0	0	0	0	0	0	0	0	0	0	0	0	0	0	0	0	0	0	
51784	Amygdala_R	0	0	0	0	0	0	0	0	0	0	0	0	0	0	0	0	0	0	0	0	0	686	0	0	0	0	0	0	0	1826	0	0	0	0	0	0	0	10740	0	4180	0	0	0	0	0	0	0	0	0	0	0	0	0	0	0	4990	0	0	0	0	0	0	0	0	0	0	0	0	0	0	0	0	0	480	0	0	0	0	0	0	0	0	0	2990	0	0	0	0	0	0	0	0	0	0	0	0	0	0	0	0	0	0	0	0	0	0	0	0	0	0	0	0	0	0	0	0	
181460	Calcarine_L	0	0	0	0	0	0	0	0	0	0	0	0	0	0	0	0	0	0	0	0	0	0	0	0	0	0	0	0	0	0	0	0	0	0	586	0	834	0	568	0	0	0	0	9348	5700	6306	12940	2772	6464	5588	13930	2052	1510	462	2452	112	0	0	648	820	0	0	0	0	240	0	11204	1014	0	0	0	0	0	0	0	0	0	0	0	0	0	0	0	0	4492	0	0	0	596	0	0	0	0	0	0	0	0	0	92	0	0	0	0	0	0	0	0	0	0	0	0	0	0	0	0	0	
387872	Calcarine_R	0	0	0	0	0	0	0	0	0	0	0	0	0	0	0	0	0	0	0	0	0	0	0	0	0	0	0	0	0	0	0	0	0	180	0	11804	0	12354	0	12014	0	0	9348	0	2712	28022	1816	29770	0	27266	0	16630	0	3420	0	4246	0	0	0	3540	0	0	0	0	0	0	1432	25192	0	0	0	0	0	0	0	0	0	0	0	0	0	0	0	0	0	3124	0	0	0	1066	0	0	0	0	0	0	0	0	0	0	0	0	0	0	0	0	0	0	0	0	0	0	0	0	0	0	
80980	Cuneus_L	0	0	0	0	0	0	0	0	0	0	0	0	0	0	0	0	0	0	0	0	0	0	0	0	0	0	0	0	0	0	0	0	280	0	256	0	0	0	0	0	0	0	5700	2712	0	3218	1562	108	11816	1050	6158	0	178	0	236	0	0	0	1448	142	0	0	0	0	0	0	4524	164	0	0	0	0	0	0	0	0	0	0	0	0	0	0	0	0	844	0	0	0	94	0	0	0	0	0	0	0	0	0	0	0	0	0	0	0	0	0	0	0	0	0	0	0	0	0	0	0	
247860	Cuneus_R	0	0	0	0	0	0	0	0	0	0	0	0	0	0	0	0	0	0	0	0	0	0	0	0	0	0	0	0	0	0	0	0	0	182	0	2430	0	2266	0	2146	0	0	6306	28022	3218	0	1250	4658	0	32784	0	10118	0	92	0	508	0	158	0	5780	0	0	0	0	0	0	3972	17686	0	124	0	0	0	0	0	0	0	0	0	0	0	140	0	0	0	2090	0	0	0	0	0	0	0	0	0	0	0	0	0	0	0	0	0	0	0	0	0	0	0	0	0	0	0	0	0	0	
256072	Lingual_L	0	0	0	0	0	0	0	0	0	0	0	0	0	0	0	0	0	0	0	0	0	0	0	0	0	0	0	0	0	0	0	0	0	0	430	0	1264	0	2860	0	0	0	12940	1816	1562	1250	0	848	1570	1092	5694	588	1962	0	16158	0	0	0	228	0	0	0	0	0	134	0	8182	0	0	0	0	0	0	0	0	0	0	94	0	0	0	0	0	0	1660	0	0	0	260	0	20820	0	4448	0	0	352	11492	388	24244	692	0	0	0	0	460	422	0	0	0	136	418	2336	880	148	208	0	
418768	Lingual_R	0	0	0	0	0	0	0	0	0	0	0	0	0	0	0	0	0	0	0	0	0	0	0	0	0	0	0	0	0	0	0	0	0	270	0	14540	0	15736	0	17474	0	0	2772	29770	108	4658	848	0	0	6642	0	13420	0	11234	0	22034	0	96	0	212	0	0	0	0	0	0	882	21952	0	0	0	0	0	0	0	0	0	0	0	0	0	0	0	0	0	3032	0	0	0	1616	372	8968	286	0	274	378	578	7242	1058	15860	0	0	0	88	0	194	0	0	0	436	2516	3838	0	0	0	0	
145352	Occipital_Sup_L	542	0	0	0	0	0	0	0	0	0	0	0	0	0	0	0	0	0	0	0	0	0	0	0	0	0	0	0	0	0	0	0	338	0	236	0	0	0	0	0	0	0	6464	0	11816	0	1570	0	0	0	25458	0	270	0	192	0	748	0	9128	0	1988	0	82	0	5484	0	7610	0	0	0	0	0	0	0	0	0	0	0	0	0	0	0	0	0	750	0	0	0	0	0	0	0	0	0	0	0	0	0	0	0	0	0	0	0	0	0	0	0	0	0	0	0	0	0	0	0	
286508	Occipital_Sup_R	0	0	0	0	0	0	0	0	0	0	0	0	0	0	0	0	0	0	0	0	0	0	0	0	0	0	0	0	0	0	0	0	0	314	0	1706	0	1562	0	1480	0	0	5588	27266	1050	32784	1092	6642	0	0	0	24882	0	1490	0	872	0	292	0	9894	0	966	0	0	0	2522	2860	17240	0	202	0	0	0	0	0	0	0	0	0	0	0	146	0	0	0	2200	0	0	0	204	0	0	0	0	0	0	0	0	0	0	0	0	0	0	0	0	0	0	0	0	0	0	0	0	0	0	
302008	Occipital_Mid_L	3220	0	332	0	0	0	260	0	0	0	0	0	0	0	0	0	0	0	266	0	0	0	0	0	0	0	0	0	0	0	0	0	756	0	1634	0	0	0	0	0	0	0	13930	0	6158	0	5694	0	25458	0	0	0	9046	0	2908	0	5574	0	12472	0	11166	0	392	0	20526	0	12342	0	1974	0	0	0	0	0	0	0	0	0	0	0	0	0	0	0	14944	0	0	0	1952	0	0	0	0	0	0	0	0	0	0	0	0	0	0	0	0	0	0	0	0	0	0	0	0	0	0	0	
280796	Occipital_Mid_R	0	114	0	0	0	0	0	0	0	0	0	0	0	0	0	0	0	170	0	92	0	0	0	0	0	0	0	0	0	142	0	0	0	472	0	2220	0	1944	0	1934	0	0	2052	16630	0	10118	588	13420	0	24882	0	0	0	6670	0	3818	0	450	0	8400	0	8578	0	0	0	14642	1440	9412	0	272	0	0	0	0	0	0	0	0	0	196	0	338	0	0	0	9996	0	0	0	1408	0	0	0	0	0	0	0	0	0	0	0	0	0	0	0	0	0	0	0	0	0	0	0	0	0	0	
42904	Occipital_Inf_L	204	0	0	0	0	0	0	0	0	0	0	0	0	0	0	0	0	0	0	0	0	0	0	0	0	0	0	0	0	0	0	0	0	0	86	0	0	0	0	0	0	0	1510	0	178	0	1962	0	270	0	9046	0	0	0	2880	0	458	0	0	0	344	0	0	0	280	0	528	0	212	0	0	0	0	0	0	0	0	0	0	0	0	0	0	0	2036	0	0	0	988	0	0	0	0	0	0	0	0	0	372	0	0	0	0	0	0	0	0	0	0	0	0	98	0	0	0	0	
101584	Occipital_Inf_R	0	0	0	0	0	0	0	0	0	0	0	0	0	0	0	0	0	0	0	0	0	0	0	0	0	0	0	0	0	0	0	0	0	0	0	0	0	0	0	948	0	0	462	3420	0	92	0	11234	0	1490	0	6670	0	0	0	12288	0	0	0	0	0	0	0	0	0	0	0	504	0	0	0	0	0	0	0	0	0	0	0	0	0	0	0	0	0	964	0	0	0	5184	0	1684	0	0	0	0	0	554	0	4650	0	0	0	0	0	0	0	0	0	0	114	534	0	0	0	0	
354296	Fusiform_L	3750	0	544	0	0	0	492	0	0	0	212	0	0	0	0	0	3974	0	490	0	0	0	0	0	0	0	0	0	5094	0	0	0	174	0	690	0	8174	0	2376	0	2494	0	2452	0	236	0	16158	0	192	0	2908	0	2880	0	0	0	3800	0	0	0	2080	0	644	0	1520	0	2030	0	3458	0	0	0	326	0	0	0	0	0	4488	0	4130	0	1560	0	3860	0	1300	0	18012	0	32194	0	4762	0	0	0	5978	0	32294	226	82	0	0	0	0	92	0	0	0	0	0	862	160	0	0	0	
337600	Fusiform_R	0	552	0	0	0	0	0	158	0	0	0	200	0	0	0	0	0	420	0	96	0	0	0	0	0	0	0	0	0	988	0	0	0	0	0	1686	0	16974	0	14434	0	4990	112	4246	0	508	0	22034	0	872	0	3818	0	12288	0	0	0	100	0	0	0	314	0	322	0	722	114	3490	0	0	0	0	0	1402	0	134	0	256	0	278	0	1208	0	3180	0	2576	0	162	0	10902	0	21688	0	2528	0	88	0	5454	142	27480	0	0	0	96	0	0	0	0	0	0	450	1338	0	0	0	0	
353460	Postcentral_L	35832	0	6414	0	0	0	2470	84	0	0	2536	0	0	0	0	0	10614	0	10370	108	0	0	0	0	0	0	0	0	5356	0	0	0	0	0	0	0	1236	0	170	0	0	0	0	0	0	0	0	0	748	0	5574	0	458	0	3800	0	0	0	8272	0	25336	0	10852	0	10206	0	2890	0	14110	0	0	396	0	0	0	0	0	0	1458	0	7150	0	0	0	5228	0	0	0	5062	0	0	0	0	0	0	0	0	0	0	0	0	0	0	0	0	0	0	0	0	0	0	0	0	0	0	0	
147944	Postcentral_R	0	12382	0	700	0	0	0	252	0	0	0	3760	0	0	0	0	0	3692	714	6804	0	0	0	0	0	0	0	0	0	2410	0	0	300	4204	0	1388	0	2188	0	154	0	0	0	0	0	158	0	96	0	292	0	450	0	0	0	100	0	0	0	2894	0	3690	0	7986	0	2214	162	2692	312	6586	0	1010	0	2082	0	672	0	794	0	86	0	980	0	0	0	1206	0	0	0	562	0	0	0	0	0	0	0	0	0	0	0	0	0	0	0	0	0	0	0	0	0	0	0	0	0	0	
140944	Parietal_Sup_L	1938	0	458	0	0	0	430	0	0	0	0	0	0	0	0	0	0	0	330	0	0	0	0	0	0	0	0	0	0	0	0	0	90	0	0	0	0	0	0	0	0	0	648	0	1448	0	228	0	9128	0	12472	0	0	0	0	0	8272	0	0	0	11024	0	436	0	9130	0	10724	0	3716	0	0	0	0	0	0	0	0	0	0	0	0	0	0	0	0	0	0	0	0	0	0	0	0	0	0	0	0	0	0	0	0	0	0	0	0	0	0	0	0	0	0	0	0	0	0	0	
133088	Parietal_Sup_R	0	0	0	0	0	0	0	0	0	0	0	0	0	0	0	0	0	0	0	0	0	0	0	0	0	0	0	0	0	0	0	0	0	628	0	268	0	172	0	154	0	0	820	3540	142	5780	0	212	0	9894	0	8400	0	0	0	0	0	2894	0	0	0	5614	0	82	0	9062	2736	15718	0	428	0	0	0	0	0	0	0	0	0	0	0	0	0	0	0	0	0	0	0	0	0	0	0	0	0	0	0	0	0	0	0	0	0	0	0	0	0	0	0	0	0	0	0	0	0	0	
272324	Parietal_Inf_L	7248	0	934	0	0	0	792	0	0	0	146	0	0	0	0	0	1092	0	832	0	0	0	0	0	0	0	0	0	210	0	0	0	88	0	0	0	100	0	0	0	0	0	0	0	0	0	0	0	1988	0	11166	0	344	0	2080	0	25336	0	11024	0	0	0	12030	0	33404	0	1834	0	3032	0	0	0	0	0	0	0	0	0	0	0	4284	0	0	0	10996	0	0	0	7202	0	0	0	0	0	0	0	0	0	0	0	0	0	0	0	0	0	0	0	0	0	0	0	0	0	0	0	
118568	Parietal_Inf_R	0	786	0	180	0	0	0	656	0	0	0	1538	0	82	0	0	0	0	0	208	0	0	0	0	0	0	0	0	0	118	0	0	0	494	0	160	0	146	0	0	0	0	0	0	0	0	0	0	0	966	0	8578	0	0	0	314	0	3690	0	5614	0	0	0	9596	0	22328	0	956	0	272	0	0	0	92	0	0	0	0	0	0	0	422	0	0	0	1782	0	0	0	306	0	0	0	0	0	0	0	0	0	0	0	0	0	0	0	0	0	0	0	0	0	0	0	0	0	0	
118484	SupraMarginal_L	1196	0	1170	0	0	0	0	0	0	0	0	0	0	0	0	0	3362	0	1192	0	0	0	0	0	0	0	0	0	192	0	0	0	0	0	0	0	0	0	0	0	0	0	0	0	0	0	0	0	82	0	392	0	0	0	644	0	10852	0	436	0	12030	0	0	0	7630	0	126	0	420	0	0	0	0	0	0	0	0	0	0	0	9262	0	0	0	5592	0	0	0	4664	0	0	0	0	0	0	0	0	0	0	0	0	0	0	0	0	0	0	0	0	0	0	0	0	0	0	0	
72216	SupraMarginal_R	0	810	0	184	0	0	0	456	0	0	0	1314	0	0	0	0	0	2636	0	246	0	0	0	0	0	0	0	0	0	0	0	0	0	0	0	0	0	178	0	0	0	0	0	0	0	0	0	0	0	0	0	0	0	0	0	322	0	7986	0	82	0	9596	0	0	0	7816	0	0	0	0	0	0	0	0	0	0	0	0	0	84	0	3222	0	0	0	826	0	0	0	350	0	0	0	0	0	0	0	0	0	0	0	0	0	0	0	0	0	0	0	0	0	0	0	0	0	0	
264448	Angular_L	2456	0	336	0	0	0	226	0	0	0	0	0	0	0	0	0	300	0	282	0	0	0	0	0	0	0	0	0	0	0	0	0	206	0	238	0	0	0	0	0	0	0	240	0	0	0	134	0	5484	0	20526	0	280	0	1520	0	10206	0	9130	0	33404	0	7630	0	0	0	2536	0	1402	0	0	0	0	0	0	0	0	0	0	0	5420	0	0	0	18084	0	0	0	12184	0	0	0	0	0	0	0	0	0	0	0	0	0	0	0	0	0	0	0	0	0	0	0	0	0	0	0	
221380	Angular_R	0	5334	0	452	0	0	0	542	0	0	0	3032	0	0	0	0	0	1958	0	682	0	0	0	0	0	0	0	0	0	3086	0	0	0	162	0	158	0	3632	0	146	0	0	0	0	0	0	0	0	0	2522	0	14642	0	0	0	722	0	2214	0	9062	0	22328	0	7816	0	0	0	814	0	178	0	0	0	5094	0	0	0	0	0	458	0	6760	0	0	0	13924	0	0	0	4972	0	0	0	0	0	0	0	0	0	0	0	0	0	0	0	0	0	0	0	0	0	0	0	0	0	0	
225404	Precuneus_L	426	388	0	0	0	0	0	84	0	0	0	0	0	0	0	0	0	0	0	182	0	0	0	0	0	0	0	0	0	0	0	0	1478	662	3988	2428	2980	1226	2290	544	0	0	11204	1432	4524	3972	8182	882	7610	2860	12342	1440	528	0	2030	114	2890	162	10724	2736	1834	0	126	0	2536	0	0	10244	2530	334	0	0	0	0	0	0	0	662	0	0	0	0	0	0	3140	428	0	0	560	0	0	0	0	0	0	0	0	0	0	0	0	0	0	0	0	0	0	0	0	0	0	0	0	0	0	0	
401392	Precuneus_R	0	464	0	0	0	0	0	82	0	0	0	0	0	0	0	0	0	92	118	902	0	0	0	0	0	0	0	0	0	112	0	0	166	4086	430	21636	116	17920	0	16276	0	0	1014	25192	164	17686	0	21952	0	17240	0	9412	0	504	0	3490	0	2692	0	15718	0	956	0	0	0	814	10244	0	238	2698	0	96	0	130	0	0	0	756	0	0	0	218	0	0	0	5204	0	0	0	1410	0	0	0	0	0	0	0	0	0	0	0	0	0	0	0	0	0	0	0	0	468	0	0	0	0	0	
461424	Paracentral_Lobule_L	26422	2674	5704	1160	0	0	662	1338	0	0	120	0	0	0	0	0	2562	0	62560	11254	0	0	0	0	0	0	0	0	2758	0	0	0	2706	4512	1544	1840	8892	0	396	0	0	0	0	0	0	0	0	0	0	0	1974	0	212	0	3458	0	14110	312	3716	0	3032	0	420	0	1402	0	2530	238	0	4480	1212	2088	13034	382	6470	0	30246	130	466	0	874	0	0	0	1684	0	0	0	1138	0	0	0	0	0	0	0	0	0	0	0	0	0	0	0	0	0	0	0	0	0	0	0	0	0	0	0	
225428	Paracentral_Lobule_R	0	8512	0	350	0	0	0	116	0	0	0	142	0	0	0	0	0	142	3362	33040	0	0	0	0	0	0	0	0	0	238	0	0	1730	14032	1008	7710	674	1174	0	0	0	0	0	0	0	124	0	0	0	202	0	272	0	0	0	0	0	6586	0	428	0	272	0	0	0	178	334	2698	4480	0	0	10460	0	832	0	696	104	12238	0	0	0	118	0	0	0	178	0	0	0	284	0	0	0	0	0	0	0	0	0	0	0	0	0	0	0	0	0	0	0	0	0	0	0	0	0	0	
236488	Caudate_L	0	0	10810	3044	2444	0	14624	2758	434	0	162	0	1314	628	2468	0	0	0	5486	6046	7164	6318	3578	304	364	0	5598	1018	7614	250	5630	4160	684	3690	0	0	0	0	0	0	0	0	0	0	0	0	0	0	0	0	0	0	0	0	0	0	0	0	0	0	0	0	0	0	0	0	0	0	1212	0	0	7296	10334	326	274	0	2116	0	0	0	96	0	0	0	0	0	0	0	0	0	0	0	0	0	0	0	0	0	0	0	0	0	0	0	0	0	0	0	0	0	0	0	0	0	0	0	
379240	Caudate_R	430	8172	2072	15212	1034	4800	3182	12066	198	390	0	0	0	234	844	548	0	0	6878	24392	3296	5392	344	5946	0	3638	2820	3862	3348	678	2108	7120	126	3794	436	2262	266	0	0	0	0	0	0	0	0	0	0	0	0	0	0	0	0	0	0	0	396	1010	0	0	0	0	0	0	0	0	0	96	2088	10460	7296	0	4528	17324	422	1466	392	18254	0	0	0	0	0	0	0	0	0	0	0	0	0	0	0	0	0	0	0	0	0	0	0	0	0	0	0	0	0	0	0	0	0	0	0	0	0	0	
336372	Putamen_L	3426	0	13020	3478	8610	0	13004	1394	4844	0	228	0	1238	0	13142	0	0	0	17612	5620	2324	1876	966	0	656	0	3284	414	18672	234	2488	1132	94	318	0	0	9786	0	134	0	130	0	0	0	0	0	0	0	0	0	0	0	0	0	326	0	0	0	0	0	0	0	0	0	0	0	0	0	13034	0	10334	4528	0	1668	6992	0	1280	0	0	0	812	0	876	0	0	0	0	0	212	0	0	0	0	0	0	0	0	0	0	0	0	0	0	0	0	0	0	0	0	0	0	0	0	0	0	0	
373648	Putamen_R	0	5914	1056	15396	0	4088	1480	8602	0	756	0	8366	0	2572	0	1018	0	3816	1988	16618	0	0	280	5288	0	2414	0	1306	1398	25298	200	2778	0	900	0	386	0	23438	0	3222	0	480	0	0	0	0	0	0	0	0	0	0	0	0	0	1402	0	2082	0	0	0	92	0	0	0	5094	0	130	382	832	326	17324	1668	0	0	5202	0	3616	0	298	0	1274	0	0	0	4282	0	0	0	3762	0	0	0	0	0	0	0	0	0	0	0	0	0	0	0	0	0	0	0	0	0	0	0	0	0	0	
57208	Pallidum_L	1138	0	2030	0	0	0	1276	94	0	0	0	0	0	0	0	0	0	0	6490	284	0	0	0	0	0	0	0	0	0	0	0	0	0	186	0	84	452	0	0	0	0	0	0	0	0	0	0	0	0	0	0	0	0	0	0	0	0	0	0	0	0	0	0	0	0	0	0	0	6470	0	274	422	6992	0	0	0	2412	0	0	0	0	0	0	0	0	0	0	0	0	0	0	0	0	0	0	0	0	0	0	0	0	0	0	0	0	0	0	0	0	0	0	0	0	0	0	0	
36600	Pallidum_R	0	1788	0	528	0	0	0	1306	0	0	0	468	0	194	0	0	0	0	0	2232	0	0	0	0	0	0	0	0	0	0	0	0	0	654	0	212	0	1330	0	804	0	0	0	0	0	0	0	0	0	0	0	0	0	0	0	134	0	672	0	0	0	0	0	0	0	0	0	0	0	696	0	1466	0	5202	0	0	0	614	0	0	0	0	0	0	0	0	0	0	0	0	0	0	0	0	0	0	0	0	0	0	0	0	0	0	0	0	0	0	0	0	0	0	0	0	0	0	
162148	Thalamus_L	11220	384	238	136	0	0	116	0	0	0	0	0	0	0	0	0	0	0	24578	410	0	0	0	0	0	0	0	0	618	0	0	0	0	0	498	168	5042	128	228	0	0	0	0	0	0	0	0	0	0	0	0	0	0	0	0	0	0	0	0	0	0	0	0	0	0	0	0	0	30246	104	2116	392	1280	0	2412	0	0	580	180	0	0	0	0	0	0	0	0	0	0	0	0	0	0	0	0	0	0	0	0	0	0	0	0	0	0	0	0	0	0	0	0	0	0	0	0	0	
212128	Thalamus_R	0	22782	0	8328	0	0	0	1320	0	0	0	244	0	0	0	0	0	0	82	17694	0	0	0	0	0	0	0	0	0	142	0	0	0	84	3316	4310	2804	5730	104	1130	0	0	0	0	0	0	94	0	0	0	0	0	0	0	0	256	0	794	0	0	0	0	0	0	0	0	662	756	130	12238	0	18254	0	3616	0	614	580	0	0	0	0	0	0	0	0	0	0	0	0	0	0	0	0	0	0	0	0	0	0	0	0	0	0	0	0	0	0	0	0	0	0	0	0	0	0	0	
70700	Heschl_L	3388	0	670	0	0	0	540	0	0	0	346	0	0	0	0	0	6082	0	856	0	0	0	0	0	0	0	0	0	6842	0	0	0	0	0	0	0	2906	0	96	0	0	0	0	0	0	0	0	0	0	0	0	0	0	0	4488	0	1458	0	0	0	0	0	0	0	0	0	0	0	466	0	0	0	0	0	0	0	180	0	0	0	3048	0	0	0	1654	0	0	0	2330	0	0	0	0	0	0	0	0	0	0	0	0	0	0	0	0	0	0	0	0	0	0	0	0	0	0	0	
18308	Heschl_R	0	126	0	0	0	0	0	0	0	0	0	0	0	0	0	0	0	2206	0	0	0	0	0	0	0	0	0	0	0	1222	0	0	0	0	0	0	0	1122	0	118	0	0	0	0	0	0	0	0	0	0	0	196	0	0	0	278	0	86	0	0	0	0	0	84	0	458	0	0	0	0	0	0	0	298	0	0	0	0	0	0	0	1980	0	0	0	604	0	0	0	376	0	0	0	0	0	0	0	0	0	0	0	0	0	0	0	0	0	0	0	0	0	0	0	0	0	0	
255936	Temporal_Sup_L	4826	0	4474	0	0	0	876	0	0	0	7808	0	866	0	368	0	16400	0	5608	320	0	0	0	0	0	0	0	0	11000	0	0	94	0	210	0	0	3108	0	310	0	0	0	0	0	0	0	0	0	0	0	0	0	0	0	4130	0	7150	0	0	0	4284	0	9262	0	5420	0	0	0	874	0	96	0	812	0	0	0	0	0	3048	0	0	0	7598	0	17142	0	320	0	11564	0	0	0	0	0	0	0	0	0	0	0	0	0	0	0	0	0	0	0	0	0	0	0	0	0	0	0	
101024	Temporal_Sup_R	0	1668	0	100	0	0	0	500	0	0	0	1152	0	0	0	0	0	6228	0	228	0	0	0	0	0	0	0	0	0	2524	0	0	0	130	0	100	0	2026	0	218	0	0	0	0	0	140	0	0	0	146	0	338	0	0	0	1208	0	980	0	0	0	422	0	3222	0	6760	0	218	0	118	0	0	0	1274	0	0	0	0	0	1980	0	0	0	2992	0	12670	0	0	0	3170	0	0	0	0	0	0	0	0	0	0	0	0	0	0	0	0	0	0	0	0	0	0	0	0	0	0	
100044	Temporal_Pole_Sup_L	530	0	4624	0	0	0	440	0	0	0	6284	0	1030	0	1172	0	4800	0	4300	92	0	0	0	0	0	0	0	0	6900	0	0	0	0	106	0	0	1824	0	0	0	1248	0	0	0	0	0	0	0	0	0	0	0	0	0	1560	0	0	0	0	0	0	0	0	0	0	0	0	0	0	0	0	0	876	0	0	0	0	0	0	0	7598	0	0	0	2860	0	1606	0	2172	0	0	0	0	0	0	0	0	0	0	0	0	0	0	0	0	0	0	0	0	0	0	0	0	0	0	0	
33968	Temporal_Pole_Sup_R	0	0	0	0	0	0	0	0	0	0	0	244	0	0	0	0	0	282	0	0	0	0	0	0	0	0	0	0	0	992	0	0	0	0	0	0	0	2896	0	820	0	2990	0	0	0	0	0	0	0	0	0	0	0	0	0	3180	0	0	0	0	0	0	0	0	0	0	0	0	0	0	0	0	0	0	0	0	0	0	0	0	0	2992	0	0	0	1202	0	710	0	676	0	0	0	0	0	0	0	0	0	0	0	0	0	0	0	0	0	0	0	0	0	0	0	0	0	0	
274764	Temporal_Mid_L	1258	0	0	0	0	0	0	0	0	0	0	0	0	0	0	0	814	0	96	0	0	0	0	0	0	0	0	0	1152	0	0	0	340	0	1554	0	1090	0	0	0	382	0	4492	0	844	0	1660	0	750	0	14944	0	2036	0	3860	0	5228	0	0	0	10996	0	5592	0	18084	0	3140	0	1684	0	0	0	0	0	0	0	0	0	1654	0	17142	0	2860	0	0	0	2744	0	32986	0	0	0	0	0	0	0	0	0	0	0	0	0	0	0	0	0	0	0	0	0	0	0	0	0	0	0	
215380	Temporal_Mid_R	0	4168	0	0	0	0	0	224	0	0	0	1318	0	0	0	0	0	2224	0	336	0	0	0	0	0	0	0	0	0	3154	0	0	0	392	0	3250	0	6218	0	2934	0	0	0	3124	0	2090	0	3032	0	2200	0	9996	0	964	0	2576	0	1206	0	0	0	1782	0	826	0	13924	428	5204	0	178	0	0	0	4282	0	0	0	0	0	604	0	12670	0	1202	0	0	0	318	0	16866	0	0	0	0	0	0	0	0	0	0	0	0	0	0	0	0	0	0	0	0	0	0	0	0	0	0	
18336	Temporal_Pole_Mid_L	0	0	0	0	0	0	0	0	0	0	0	0	0	0	0	0	0	0	0	0	0	0	0	0	0	0	0	0	0	0	0	0	0	0	0	0	282	0	0	0	304	0	0	0	0	0	0	0	0	0	0	0	0	0	1300	0	0	0	0	0	0	0	0	0	0	0	0	0	0	0	0	0	0	0	0	0	0	0	0	0	320	0	1606	0	2744	0	0	0	2612	0	0	0	0	0	0	0	0	0	0	0	0	0	0	0	0	0	0	0	0	0	0	0	0	0	0	0	
2916	Temporal_Pole_Mid_R	0	0	0	0	0	0	0	0	0	0	0	0	0	0	0	0	0	0	0	0	0	0	0	0	0	0	0	0	0	0	0	0	0	0	0	0	0	0	0	268	0	0	0	0	0	0	0	0	0	0	0	0	0	0	0	162	0	0	0	0	0	0	0	0	0	0	0	0	0	0	0	0	0	0	0	0	0	0	0	0	0	0	0	710	0	318	0	0	0	0	0	0	0	0	0	0	0	0	0	0	0	0	0	0	0	0	0	0	0	0	0	0	0	0	0	0	
264064	Temporal_Inf_L	1342	0	498	0	0	0	450	0	0	0	234	0	0	0	0	0	752	0	396	0	0	0	0	0	0	0	0	0	3618	0	0	0	136	0	452	0	7022	0	246	0	2052	0	596	0	94	0	260	0	0	0	1952	0	988	0	18012	0	5062	0	0	0	7202	0	4664	0	12184	0	560	0	1138	0	0	0	212	0	0	0	0	0	2330	0	11564	0	2172	0	32986	0	2612	0	0	0	5518	0	2828	0	0	0	0	0	1638	0	262	0	0	0	0	0	0	0	0	0	0	0	0	0	0	0	
143824	Temporal_Inf_R	0	2990	0	0	0	0	0	96	0	0	0	882	0	0	0	0	0	1088	0	0	0	0	0	0	0	0	0	0	0	1740	0	0	0	196	0	1118	0	6270	0	2252	0	0	0	1066	0	0	0	1616	0	204	0	1408	0	5184	0	10902	0	562	0	0	0	306	0	350	0	4972	0	1410	0	284	0	0	0	3762	0	0	0	0	0	376	0	3170	0	676	0	16866	0	0	0	0	0	1722	0	0	0	0	0	0	0	444	0	0	0	0	0	0	0	0	0	0	0	0	0	0	0	0	
526300	Cerebelum_Crus1_L	0	0	0	0	0	0	0	0	0	0	0	0	0	0	0	0	0	0	0	0	0	0	0	0	0	0	0	0	0	0	0	0	0	0	0	0	0	0	0	0	0	0	0	0	0	0	20820	372	0	0	0	0	0	0	32194	0	0	0	0	0	0	0	0	0	0	0	0	0	0	0	0	0	0	0	0	0	0	0	0	0	0	0	0	0	0	0	0	0	5518	0	0	388	59454	400	324	856	23006	1190	70630	3302	14554	0	11428	2170	404	1258	118	0	260	618	1884	5062	5842	442	518	138	
404652	Cerebelum_Crus1_R	0	0	0	0	0	0	0	0	0	0	0	0	0	0	0	0	0	0	0	0	0	0	0	0	0	0	0	0	0	0	0	0	0	0	0	0	0	0	0	0	0	0	0	0	0	0	0	8968	0	0	0	0	0	1684	0	21688	0	0	0	0	0	0	0	0	0	0	0	0	0	0	0	0	0	0	0	0	0	0	0	0	0	0	0	0	0	0	0	0	0	1722	388	0	614	43470	0	880	426	12706	1612	65592	0	8376	0	15226	166	624	0	234	142	178	3776	5216	8406	0	232	0	
330416	Cerebelum_Crus2_L	0	0	0	0	0	0	0	0	0	0	0	0	0	0	0	0	0	0	0	0	0	0	0	0	0	0	0	0	0	0	0	0	0	0	0	0	0	0	0	0	0	0	0	0	0	0	4448	286	0	0	0	0	0	0	4762	0	0	0	0	0	0	0	0	0	0	0	0	0	0	0	0	0	0	0	0	0	0	0	0	0	0	0	0	0	0	0	0	0	2828	0	59454	614	0	3840	270	0	10384	356	25568	1226	22338	490	14964	3490	128	160	214	0	148	308	1074	2094	4524	1136	104	0	
248892	Cerebelum_Crus2_R	0	0	0	0	0	0	0	0	0	0	0	0	0	0	0	0	0	0	0	0	0	0	0	0	0	0	0	0	0	0	0	0	0	0	0	0	0	0	0	0	0	0	0	0	0	0	0	0	0	0	0	0	0	0	0	2528	0	0	0	0	0	0	0	0	0	0	0	0	0	0	0	0	0	0	0	0	0	0	0	0	0	0	0	0	0	0	0	0	0	0	400	43470	3840	0	0	182	244	1884	770	16320	1546	15688	1374	21814	116	122	0	122	0	0	760	890	10058	2318	0	0	
18212	Cerebelum_3_L	0	0	0	0	0	0	0	0	0	0	0	0	0	0	0	0	0	0	0	0	0	0	0	0	0	0	0	0	0	0	0	0	0	0	0	0	0	94	0	82	0	0	0	0	0	0	0	274	0	0	0	0	0	0	0	0	0	0	0	0	0	0	0	0	0	0	0	0	0	0	0	0	0	0	0	0	0	0	0	0	0	0	0	0	0	0	0	0	0	0	324	0	270	0	0	0	4300	108	566	138	0	0	194	0	810	0	0	0	302	812	360	290	88	0	94	0	
80892	Cerebelum_3_R	0	0	0	0	0	0	0	0	0	0	0	0	0	0	0	0	0	0	0	0	0	0	0	0	0	0	0	0	0	0	0	0	0	0	0	0	0	0	0	0	0	0	0	0	0	0	352	378	0	0	0	0	0	0	0	88	0	0	0	0	0	0	0	0	0	0	0	0	0	0	0	0	0	0	0	0	0	0	0	0	0	0	0	0	0	0	0	0	0	0	856	880	0	182	0	0	1828	7086	2492	4322	436	0	722	120	1104	4436	0	108	174	1928	3080	2738	3554	1342	1898	342	
267828	Cerebelum_4_5_L	0	0	0	0	0	0	0	0	0	0	0	0	0	0	0	0	0	0	0	0	0	0	0	0	0	0	0	0	0	0	0	0	0	0	0	0	0	112	0	0	0	0	0	0	0	0	11492	578	0	0	0	0	0	0	5978	0	0	0	0	0	0	0	0	0	0	0	0	0	0	0	0	0	0	0	0	0	0	0	0	0	0	0	0	0	0	0	0	0	0	0	23006	426	10384	244	4300	1828	0	4230	32492	2924	266	0	966	0	6900	2102	130	0	534	1390	7866	7664	3612	628	1540	2322	
218640	Cerebelum_4_5_R	0	0	0	0	0	0	0	0	0	0	0	0	0	0	0	0	0	0	0	0	0	0	0	0	0	0	0	0	0	0	0	0	0	0	0	0	0	90	0	132	0	0	0	0	0	0	388	7242	0	0	0	0	0	554	0	5454	0	0	0	0	0	0	0	0	0	0	0	0	0	0	0	0	0	0	0	0	0	0	0	0	0	0	0	0	0	0	0	0	0	0	1190	12706	356	1884	108	7086	4230	0	5320	28362	332	0	580	958	1550	3868	0	410	118	610	11770	6186	3352	1092	1650	1742	
487216	Cerebelum_6_L	0	0	0	0	0	0	0	0	0	0	0	0	0	0	0	0	0	0	0	0	0	0	0	0	0	0	0	0	0	0	0	0	0	0	0	0	0	0	0	0	0	0	92	0	0	0	24244	1058	0	0	0	0	372	0	32294	142	0	0	0	0	0	0	0	0	0	0	0	0	0	0	0	0	0	0	0	0	0	0	0	0	0	0	0	0	0	0	0	0	1638	0	70630	1612	25568	770	566	2492	32492	5320	0	6132	1720	0	1614	174	2316	3160	262	0	420	964	6656	12124	4264	790	2014	1708	
446976	Cerebelum_6_R	0	0	0	0	0	0	0	0	0	0	0	0	0	0	0	0	0	0	0	0	0	0	0	0	0	0	0	0	0	0	0	0	0	0	0	0	0	0	0	0	0	0	0	0	0	0	692	15860	0	0	0	0	0	4650	226	27480	0	0	0	0	0	0	0	0	0	0	0	0	0	0	0	0	0	0	0	0	0	0	0	0	0	0	0	0	0	0	0	0	0	444	3302	65592	1226	16320	138	4322	2924	28362	6132	0	470	926	750	5376	920	3834	0	630	440	982	9436	12070	6818	832	1790	544	
212024	Cerebelum_7b_L	0	0	0	0	0	0	0	0	0	0	0	0	0	0	0	0	0	0	0	0	0	0	0	0	0	0	0	0	0	0	0	0	0	0	0	0	0	0	0	0	0	0	0	0	0	0	0	0	0	0	0	0	0	0	82	0	0	0	0	0	0	0	0	0	0	0	0	0	0	0	0	0	0	0	0	0	0	0	0	0	0	0	0	0	0	0	0	0	262	0	14554	0	22338	1546	0	436	266	332	1720	470	0	312	34786	7556	3446	796	1546	0	0	112	132	344	6506	6902	1568	0	
100676	Cerebelum_7b_R	0	0	0	0	0	0	0	0	0	0	0	0	0	0	0	0	0	0	0	0	0	0	0	0	0	0	0	0	0	0	0	0	0	0	0	0	0	0	0	0	0	0	0	0	0	0	0	0	0	0	0	0	0	0	0	0	0	0	0	0	0	0	0	0	0	0	0	0	0	0	0	0	0	0	0	0	0	0	0	0	0	0	0	0	0	0	0	0	0	0	0	8376	490	15688	0	0	0	0	0	926	312	0	348	18602	0	416	0	0	0	0	0	0	3344	1836	0	0	
220440	Cerebelum_8_L	0	0	0	0	0	0	0	0	0	0	0	0	0	0	0	0	0	0	0	0	0	0	0	0	0	0	0	0	0	0	0	0	0	0	0	0	0	0	0	0	0	0	0	0	0	0	0	0	0	0	0	0	0	0	0	0	0	0	0	0	0	0	0	0	0	0	0	0	0	0	0	0	0	0	0	0	0	0	0	0	0	0	0	0	0	0	0	0	0	0	11428	0	14964	1374	194	722	966	580	1614	750	34786	348	0	8642	9394	1374	3694	0	0	164	274	746	7428	8328	2450	0	
240720	Cerebelum_8_R	0	0	0	0	0	0	0	0	0	0	0	0	0	0	0	0	0	0	0	0	0	0	0	0	0	0	0	0	0	0	0	0	0	0	0	0	0	0	0	0	0	0	0	0	0	0	0	88	0	0	0	0	0	0	0	96	0	0	0	0	0	0	0	0	0	0	0	0	0	0	0	0	0	0	0	0	0	0	0	0	0	0	0	0	0	0	0	0	0	0	2170	15226	3490	21814	0	120	0	958	174	5376	7556	18602	8642	0	0	9792	0	3080	0	0	488	684	12494	7932	1578	0	
78028	Cerebelum_9_L	0	0	0	0	0	0	0	0	0	0	0	0	0	0	0	0	0	0	0	0	0	0	0	0	0	0	0	0	0	0	0	0	0	0	0	0	0	0	0	0	0	0	0	0	0	0	460	0	0	0	0	0	0	0	0	0	0	0	0	0	0	0	0	0	0	0	0	0	0	0	0	0	0	0	0	0	0	0	0	0	0	0	0	0	0	0	0	0	0	0	404	166	128	116	810	1104	6900	1550	2316	920	3446	0	9394	0	0	876	3402	0	0	192	1108	2588	1846	144	598	546	
116564	Cerebelum_9_R	0	0	0	0	0	0	0	0	0	0	0	0	0	0	0	0	0	0	0	0	0	0	0	0	0	0	0	0	0	0	0	0	0	0	0	0	0	0	0	0	0	0	0	0	0	0	422	194	0	0	0	0	0	0	92	0	0	0	0	0	0	0	0	0	0	0	0	0	0	0	0	0	0	0	0	0	0	0	0	0	0	0	0	0	0	0	0	0	0	0	1258	624	160	122	0	4436	2102	3868	3160	3834	796	416	1374	9792	876	0	0	2148	442	1818	3868	4074	4658	2214	4240	1294	
18732	Cerebelum_10_L	0	0	0	0	0	0	0	0	0	0	0	0	0	0	0	0	0	0	0	0	0	0	0	0	0	0	0	0	0	0	0	0	0	0	0	0	0	0	0	0	0	0	0	0	0	0	0	0	0	0	0	0	0	0	0	0	0	0	0	0	0	0	0	0	0	0	0	0	0	0	0	0	0	0	0	0	0	0	0	0	0	0	0	0	0	0	0	0	0	0	118	0	214	0	0	0	130	0	262	0	1546	0	3694	0	3402	0	0	0	0	0	0	0	0	0	0	0	
13860	Cerebelum_10_R	0	0	0	0	0	0	0	0	0	0	0	0	0	0	0	0	0	0	0	0	0	0	0	0	0	0	0	0	0	0	0	0	0	0	0	0	0	0	0	0	0	0	0	0	0	0	0	0	0	0	0	0	0	0	0	0	0	0	0	0	0	0	0	0	0	0	0	0	0	0	0	0	0	0	0	0	0	0	0	0	0	0	0	0	0	0	0	0	0	0	0	234	0	122	0	108	0	410	0	630	0	0	0	3080	0	2148	0	0	0	0	198	0	0	0	0	0	
14024	Vermis_1_2	0	0	0	0	0	0	0	0	0	0	0	0	0	0	0	0	0	0	0	0	0	0	0	0	0	0	0	0	0	0	0	0	0	0	0	0	0	0	0	0	0	0	0	0	0	0	0	0	0	0	0	0	0	0	0	0	0	0	0	0	0	0	0	0	0	0	0	0	0	0	0	0	0	0	0	0	0	0	0	0	0	0	0	0	0	0	0	0	0	0	260	142	148	0	302	174	534	118	420	440	0	0	0	0	0	442	0	0	0	2076	1030	430	172	0	324	0	
37144	Vermis_3	0	0	0	0	0	0	0	0	0	0	0	0	0	0	0	0	0	0	0	0	0	0	0	0	0	0	0	0	0	0	0	0	0	0	0	0	0	0	0	0	0	0	0	0	0	0	136	436	0	0	0	0	0	0	0	0	0	0	0	0	0	0	0	0	0	0	0	0	0	0	0	0	0	0	0	0	0	0	0	0	0	0	0	0	0	0	0	0	0	0	618	178	308	0	812	1928	1390	610	964	982	112	0	164	0	192	1818	0	0	2076	0	2658	968	820	460	942	0	
154056	Vermis_4_5	0	0	0	0	0	0	0	0	0	0	0	0	0	0	0	0	0	0	0	0	0	0	0	0	0	0	0	0	0	0	0	0	0	0	0	288	0	338	0	312	0	0	0	0	0	0	418	2516	0	0	0	0	0	114	0	450	0	0	0	0	0	0	0	0	0	0	0	468	0	0	0	0	0	0	0	0	0	0	0	0	0	0	0	0	0	0	0	0	0	0	1884	3776	1074	760	360	3080	7866	11770	6656	9436	132	0	274	488	1108	3868	0	198	1030	2658	0	7396	1602	784	2502	3422	
189756	Vermis_6	0	0	0	0	0	0	0	0	0	0	0	0	0	0	0	0	0	0	0	0	0	0	0	0	0	0	0	0	0	0	0	0	0	0	0	0	0	0	0	0	0	0	0	0	0	0	2336	3838	0	0	0	0	98	534	862	1338	0	0	0	0	0	0	0	0	0	0	0	0	0	0	0	0	0	0	0	0	0	0	0	0	0	0	0	0	0	0	0	0	0	0	5062	5216	2094	890	290	2738	7664	6186	12124	12070	344	0	746	684	2588	4074	0	0	430	968	7396	0	6154	1100	3440	3614	
209960	Vermis_7	0	0	0	0	0	0	0	0	0	0	0	0	0	0	0	0	0	0	0	0	0	0	0	0	0	0	0	0	0	0	0	0	0	0	0	0	0	0	0	0	0	0	0	0	0	0	880	0	0	0	0	0	0	0	160	0	0	0	0	0	0	0	0	0	0	0	0	0	0	0	0	0	0	0	0	0	0	0	0	0	0	0	0	0	0	0	0	0	0	0	5842	8406	4524	10058	88	3554	3612	3352	4264	6818	6506	3344	7428	12494	1846	4658	0	0	172	820	1602	6154	0	4950	2966	482	
93840	Vermis_8	0	0	0	0	0	0	0	0	0	0	0	0	0	0	0	0	0	0	0	0	0	0	0	0	0	0	0	0	0	0	0	0	0	0	0	0	0	0	0	0	0	0	0	0	0	0	148	0	0	0	0	0	0	0	0	0	0	0	0	0	0	0	0	0	0	0	0	0	0	0	0	0	0	0	0	0	0	0	0	0	0	0	0	0	0	0	0	0	0	0	442	0	1136	2318	0	1342	628	1092	790	832	6902	1836	8328	7932	144	2214	0	0	0	460	784	1100	4950	0	3542	0	
71756	Vermis_9	0	0	0	0	0	0	0	0	0	0	0	0	0	0	0	0	0	0	0	0	0	0	0	0	0	0	0	0	0	0	0	0	0	0	0	0	0	0	0	0	0	0	0	0	0	0	208	0	0	0	0	0	0	0	0	0	0	0	0	0	0	0	0	0	0	0	0	0	0	0	0	0	0	0	0	0	0	0	0	0	0	0	0	0	0	0	0	0	0	0	518	232	104	0	94	1898	1540	1650	2014	1790	1568	0	2450	1578	598	4240	0	0	324	942	2502	3440	2966	3542	0	1680	
35668	Vermis_10	0	0	0	0	0	0	0	0	0	0	0	0	0	0	0	0	0	0	0	0	0	0	0	0	0	0	0	0	0	0	0	0	0	0	0	0	0	0	0	0	0	0	0	0	0	0	0	0	0	0	0	0	0	0	0	0	0	0	0	0	0	0	0	0	0	0	0	0	0	0	0	0	0	0	0	0	0	0	0	0	0	0	0	0	0	0	0	0	0	0	138	0	0	0	0	342	2322	1742	1708	544	0	0	0	0	546	1294	0	0	0	0	3422	3614	482	0	1680	0	
