data	data	482944	370364	1.18252e+06	1.04132e+06	136672	101284	645456	319348	98944	38456	381340	221608	287504	202944	187160	120152	440212	115032	670820	822772	84044	108876	492084	503912	70984	149932	76356	132376	827264	359360	505416	630704	170928	685176	150572	165352	275488	312912	114504	203764	49692	64348	244684	279928	133252	304472	363248	304396	159672	391456	580236	299300	149804	131648	348968	463928	419580	189428	154628	112736	214904	127084	99800	121056	148884	133400	300216	413788	257640	266124	441108	507224	418048	416492	48624	50936	152232	159748	146212	28028	266564	104632	182400	61580	348300	229176	32804	28216	286040	200140	398088	382452	324524	270148	22008	50804	268932	239280	448548	440776	258724	169804	330824	272036	190456	149256	24352	14380	30852	62996	247748	214112	154276	100328	90176	32680	
data	data	Precentral_L	Precentral_R	Frontal_Sup_L	Frontal_Sup_R	Frontal_Sup_Orb_L	Frontal_Sup_Orb_R	Frontal_Mid_L	Frontal_Mid_R	Frontal_Mid_Orb_L	Frontal_Mid_Orb_R	Frontal_Inf_Oper_L	Frontal_Inf_Oper_R	Frontal_Inf_Tri_L	Frontal_Inf_Tri_R	Frontal_Inf_Orb_L	Frontal_Inf_Orb_R	Rolandic_Oper_L	Rolandic_Oper_R	Supp_Motor_Area_L	Supp_Motor_Area_R	Olfactory_L	Olfactory_R	Frontal_Sup_Medial_L	Frontal_Sup_Medial_R	Frontal_Med_Orb_L	Frontal_Med_Orb_R	Rectus_L	Rectus_R	Insula_L	Insula_R	Cingulum_Ant_L	Cingulum_Ant_R	Cingulum_Mid_L	Cingulum_Mid_R	Cingulum_Post_L	Cingulum_Post_R	Hippocampus_L	Hippocampus_R	ParaHippocampal_L	ParaHippocampal_R	Amygdala_L	Amygdala_R	Calcarine_L	Calcarine_R	Cuneus_L	Cuneus_R	Lingual_L	Lingual_R	Occipital_Sup_L	Occipital_Sup_R	Occipital_Mid_L	Occipital_Mid_R	Occipital_Inf_L	Occipital_Inf_R	Fusiform_L	Fusiform_R	Postcentral_L	Postcentral_R	Parietal_Sup_L	Parietal_Sup_R	Parietal_Inf_L	Parietal_Inf_R	SupraMarginal_L	SupraMarginal_R	Angular_L	Angular_R	Precuneus_L	Precuneus_R	Paracentral_Lobule_L	Paracentral_Lobule_R	Caudate_L	Caudate_R	Putamen_L	Putamen_R	Pallidum_L	Pallidum_R	Thalamus_L	Thalamus_R	Heschl_L	Heschl_R	Temporal_Sup_L	Temporal_Sup_R	Temporal_Pole_Sup_L	Temporal_Pole_Sup_R	Temporal_Mid_L	Temporal_Mid_R	Temporal_Pole_Mid_L	Temporal_Pole_Mid_R	Temporal_Inf_L	Temporal_Inf_R	Cerebelum_Crus1_L	Cerebelum_Crus1_R	Cerebelum_Crus2_L	Cerebelum_Crus2_R	Cerebelum_3_L	Cerebelum_3_R	Cerebelum_4_5_L	Cerebelum_4_5_R	Cerebelum_6_L	Cerebelum_6_R	Cerebelum_7b_L	Cerebelum_7b_R	Cerebelum_8_L	Cerebelum_8_R	Cerebelum_9_L	Cerebelum_9_R	Cerebelum_10_L	Cerebelum_10_R	Vermis_1_2	Vermis_3	Vermis_4_5	Vermis_6	Vermis_7	Vermis_8	Vermis_9	Vermis_10	
482944	Precentral_L	0	10040	29792	4804	0	0	21042	302	0	0	13940	0	5034	0	0	0	14296	0	3418	9050	0	0	126	0	0	0	0	0	14310	0	104	88	0	3470	4252	536	398	0	134	0	0	0	282	174	0	402	186	0	0	402	3324	270	0	0	0	0	31274	470	1224	0	8668	0	2984	0	1042	0	1106	626	16280	6282	3172	1144	1708	0	702	0	2436	468	9404	0	4284	0	0	0	6534	0	0	0	1488	0	0	0	0	0	0	0	0	0	0	0	0	0	0	0	0	0	0	0	0	0	0	0	0	0	0	0	
370364	Precentral_R	10040	0	4190	35418	0	0	1816	8292	0	0	148	4712	0	94	0	0	538	1010	5808	13740	0	0	0	130	0	0	0	0	1472	1612	0	390	0	660	926	926	266	5336	0	1350	0	186	0	0	0	292	0	100	0	736	164	1066	0	288	0	652	3860	9966	98	462	730	1508	0	2434	88	474	166	1264	5496	10798	2904	15684	2622	1242	364	138	1328	18054	582	0	262	224	0	0	156	668	0	0	154	1098	0	0	0	0	0	0	0	0	0	0	0	0	0	0	0	0	0	0	0	0	0	0	0	0	0	0	
1.18252e+06	Frontal_Sup_L	29792	4190	0	14570	14438	340	85390	2088	7160	0	16100	2052	15834	1500	14260	484	30666	684	50700	14194	2164	0	47940	13222	3106	834	1798	214	55406	1864	29838	12392	4220	7396	744	0	1428	86	430	0	332	0	178	0	0	0	190	0	0	0	2492	0	90	0	324	0	17084	0	886	0	3910	0	1814	0	780	0	554	0	574	98	10610	4818	15888	2170	4646	638	2890	390	10330	0	9892	0	3984	0	6094	0	0	0	2082	0	0	0	0	0	0	0	0	0	0	0	0	0	0	0	0	0	0	0	0	0	0	0	0	0	0	0	
1.04132e+06	Frontal_Sup_R	4804	35418	14570	0	282	6488	3186	43906	0	2322	1710	9834	528	7988	104	6364	2754	4210	23522	66418	160	2134	16218	45742	690	6958	126	4928	4972	13810	10966	40422	3470	31330	388	0	266	5296	0	1650	0	280	0	0	0	0	0	334	0	0	126	0	0	202	112	1192	2536	1246	0	94	638	132	0	204	0	0	142	214	796	174	4474	33886	2476	19390	216	2076	1364	19720	572	92	1014	226	530	262	150	474	0	0	230	1152	0	0	0	0	0	0	0	0	0	0	0	0	0	0	0	0	0	0	0	0	0	0	0	0	0	0	
136672	Frontal_Sup_Orb_L	0	0	14438	282	0	0	4404	0	10172	0	824	0	1230	0	6408	0	112	90	714	0	2654	0	2078	574	4946	778	5076	104	5682	130	2504	620	0	0	0	0	0	0	0	0	188	0	0	0	0	0	0	0	0	0	0	0	0	0	0	0	0	0	0	0	0	0	0	0	0	0	0	0	0	0	814	302	1866	288	0	166	0	0	0	0	104	0	788	0	0	0	0	0	0	0	0	0	0	0	0	0	0	0	0	0	0	0	0	0	0	0	0	0	0	0	0	0	0	0	0	0	
101284	Frontal_Sup_Orb_R	0	0	340	6488	0	0	0	1800	0	3866	0	0	0	154	0	2176	0	0	0	0	0	2150	808	4842	824	10028	178	9980	0	642	1864	3110	0	0	0	0	0	0	0	0	0	100	0	0	0	0	0	0	0	0	0	0	0	0	0	0	0	0	0	0	0	0	0	0	0	0	0	0	0	0	0	456	0	836	0	0	0	0	0	0	0	0	0	0	0	0	0	0	0	0	0	0	0	0	0	0	0	0	0	0	0	0	0	0	0	0	0	0	0	0	0	0	0	0	0	0	
645456	Frontal_Mid_L	21042	1816	85390	3186	4404	0	0	400	8842	0	16712	704	38130	652	18024	126	15746	166	5070	2130	1246	0	12454	2156	376	0	234	0	36844	626	4134	1480	394	1604	652	0	660	0	232	0	318	0	0	0	0	0	0	0	0	0	566	0	0	0	86	0	8686	0	0	0	776	0	322	0	0	0	248	0	0	0	644	1004	3164	710	690	258	448	0	7604	0	5148	0	2346	0	3434	0	0	0	644	0	0	0	0	0	0	0	0	0	0	0	0	0	0	0	0	0	0	0	0	0	0	0	0	0	0	0	
319348	Frontal_Mid_R	302	8292	2088	43906	0	1800	400	0	0	2936	110	8188	0	13104	0	7056	604	308	9954	13304	0	1816	1030	7090	0	386	0	1632	1482	4226	836	3660	0	13086	0	0	162	190	0	98	0	0	0	0	0	0	0	0	0	0	0	0	0	0	0	106	258	190	0	0	0	0	0	0	0	0	0	0	0	0	1894	1350	1682	4950	0	274	356	0	384	0	184	0	0	0	0	0	0	0	0	0	0	0	0	0	0	0	0	0	0	0	0	0	0	0	0	0	0	0	0	0	0	0	0	0	0	0	
98944	Frontal_Mid_Orb_L	0	0	7160	0	10172	0	8842	0	0	0	0	0	2220	0	14770	0	0	0	0	0	1034	0	0	0	286	0	1400	0	2116	0	0	0	0	0	0	0	0	0	0	0	110	0	0	0	0	0	0	0	0	0	0	0	0	0	0	0	0	0	0	0	0	0	0	0	0	0	0	0	0	0	112	0	224	0	0	0	0	0	0	0	0	0	1026	0	0	0	0	0	0	0	0	0	0	0	0	0	0	0	0	0	0	0	0	0	0	0	0	0	0	0	0	0	0	0	0	0	
38456	Frontal_Mid_Orb_R	0	0	0	2322	0	3866	0	2936	0	0	0	0	0	956	0	5936	0	0	0	0	0	332	0	146	96	986	0	854	0	414	142	134	0	0	0	0	0	0	0	0	0	0	0	0	0	0	0	0	0	0	0	0	0	0	0	0	0	0	0	0	0	0	0	0	0	0	0	0	0	0	0	0	0	108	0	0	0	0	0	0	0	0	0	0	0	0	0	0	0	0	0	0	0	0	0	0	0	0	0	0	0	0	0	0	0	0	0	0	0	0	0	0	0	0	0	0	
381340	Frontal_Inf_Oper_L	13940	148	16100	1710	824	0	16712	110	0	0	0	4194	18530	2198	686	166	19684	1052	4942	1090	0	0	3004	630	0	0	0	0	30288	2748	4956	1812	0	372	0	0	0	144	0	88	0	0	0	0	0	0	0	0	0	0	0	0	0	0	0	138	7460	0	0	0	516	0	198	0	0	0	0	0	0	0	8576	3114	5586	1888	0	412	312	0	1274	0	4978	0	10090	0	0	0	0	0	0	0	0	0	0	0	0	0	0	0	0	0	0	0	0	0	0	0	0	0	0	0	0	0	0	0	0	0	
221608	Frontal_Inf_Oper_R	0	4712	2052	9834	0	0	704	8188	0	0	4194	0	0	12470	0	362	2510	4188	3006	6958	102	144	216	704	0	0	0	0	4598	14876	1326	3702	0	4796	0	0	0	634	0	124	0	0	0	0	0	0	0	0	0	138	0	204	0	0	0	208	0	1278	0	142	0	298	0	0	0	94	0	330	0	144	5506	4744	2142	2062	0	0	0	98	0	0	254	0	2040	600	0	0	0	0	0	122	0	0	0	0	0	0	0	0	0	0	0	0	0	0	0	0	0	0	0	0	0	0	0	0	0	0	
287504	Frontal_Inf_Tri_L	5034	0	15834	528	1230	0	38130	0	2220	0	18530	0	0	0	16452	0	4554	0	912	176	108	0	2804	610	0	0	0	0	25376	92	3568	1376	0	338	0	0	0	0	0	0	0	0	0	0	0	0	0	0	0	0	0	0	0	0	0	0	1388	0	0	0	0	0	0	0	0	0	0	0	0	0	502	270	1032	200	0	0	0	0	0	0	578	0	1910	0	0	0	0	0	0	0	0	0	0	0	0	0	0	0	0	0	0	0	0	0	0	0	0	0	0	0	0	0	0	0	0	0	
202944	Frontal_Inf_Tri_R	0	94	1500	7988	0	154	652	13104	0	956	2198	12470	0	0	0	17772	1734	606	1308	2298	0	1052	316	1466	0	0	0	488	2492	12242	1448	5306	0	1780	0	0	0	86	0	0	0	0	0	0	0	0	0	0	0	0	0	0	0	0	0	0	0	0	0	0	0	0	0	0	0	0	0	0	0	0	2050	3820	822	3302	0	0	0	218	0	0	198	0	1552	0	0	0	0	0	0	0	0	0	0	0	0	0	0	0	0	0	0	0	0	0	0	0	0	0	0	0	0	0	0	0	0	0	
187160	Frontal_Inf_Orb_L	0	0	14260	104	6408	0	18024	0	14770	0	686	0	16452	0	0	0	140	0	252	0	1520	0	114	0	242	0	1080	0	13222	0	0	96	0	0	0	0	92	0	108	0	292	0	0	0	0	0	0	0	0	0	0	0	0	0	0	0	0	0	0	0	0	0	0	0	0	0	0	0	0	0	392	182	1512	122	0	0	0	0	0	0	90	0	3420	0	0	0	0	0	0	0	0	0	0	0	0	0	0	0	0	0	0	0	0	0	0	0	0	0	0	0	0	0	0	0	0	0	
120152	Frontal_Inf_Orb_R	0	0	484	6364	0	2176	126	7056	0	5936	166	362	0	17772	0	0	170	0	362	940	0	546	134	874	0	242	0	632	310	7238	430	1642	0	502	0	0	0	0	0	0	0	0	0	0	0	0	0	0	0	0	0	0	0	0	0	0	0	0	0	0	0	0	0	0	0	0	0	0	0	0	356	2340	176	2524	0	0	0	216	0	0	0	0	0	0	0	0	0	0	0	0	0	0	0	0	0	0	0	0	0	0	0	0	0	0	0	0	0	0	0	0	0	0	0	0	0	0	
440212	Rolandic_Oper_L	14296	538	30666	2754	112	0	15746	604	0	0	19684	2510	4554	1734	140	170	0	708	9438	2402	0	0	1736	454	0	0	0	0	38446	1568	1744	864	0	642	0	0	354	106	0	0	0	0	0	0	0	0	0	0	0	0	638	0	0	0	134	0	21770	0	408	0	636	0	1294	0	394	0	304	0	554	0	5648	1906	2704	1164	134	344	248	0	6466	0	15206	0	5948	0	1616	0	0	0	620	0	0	0	0	0	0	0	0	0	0	0	0	0	0	0	0	0	0	0	0	0	0	0	0	0	0	0	
115032	Rolandic_Oper_R	0	1010	684	4210	90	0	166	308	0	0	1052	4188	0	606	0	0	708	0	426	5146	0	0	0	0	0	0	0	0	1390	13626	386	266	0	222	0	0	0	210	0	0	0	0	0	0	0	0	0	0	0	264	0	338	0	342	0	162	0	3118	0	436	0	164	0	1744	0	0	132	1146	0	440	1992	1288	1076	2032	0	192	484	0	0	1310	0	3326	462	912	0	808	0	0	0	654	0	0	0	0	0	0	0	0	0	0	0	0	0	0	0	0	0	0	0	0	0	0	0	0	0	0	
670820	Supp_Motor_Area_L	3418	5808	50700	23522	714	0	5070	9954	0	0	4942	3006	912	1308	252	362	9438	426	0	59338	0	0	8226	6038	0	0	0	0	13700	1348	9590	8914	11056	35290	700	362	2650	0	352	0	0	0	0	0	0	0	0	0	134	140	310	120	0	0	340	0	3126	0	0	0	0	0	0	0	0	0	322	644	5516	3566	8444	4018	10912	1250	3392	292	8864	138	874	0	3088	0	986	0	580	0	0	0	958	0	0	0	0	0	0	0	0	0	0	0	0	0	0	0	0	0	0	0	0	0	0	0	0	0	0	0	
822772	Supp_Motor_Area_R	9050	13740	14194	66418	0	0	2130	13304	0	0	1090	6958	176	2298	0	940	2402	5146	59338	0	0	0	4110	9280	102	282	0	114	3300	8452	3442	13656	4428	56796	2238	4660	1588	2620	236	758	0	0	0	286	0	650	0	258	0	820	244	566	0	208	86	898	1072	2920	0	0	0	108	0	610	0	0	854	2720	15754	24966	3282	16486	2126	9900	314	2360	2480	3350	492	174	992	238	288	246	500	448	0	0	648	796	0	0	0	0	0	0	0	0	0	0	0	0	0	0	0	0	0	0	0	0	0	0	0	0	0	0	
84044	Olfactory_L	0	0	2164	160	2654	0	1246	0	1034	0	0	102	108	0	1520	0	0	0	0	0	0	5254	0	0	692	202	4316	1914	2916	180	2572	1876	0	0	0	0	274	0	436	0	914	0	0	0	0	0	0	0	0	0	0	0	0	0	182	0	0	0	0	0	0	0	0	0	0	0	0	0	0	0	4700	3914	1834	398	0	0	0	0	0	0	0	0	460	0	0	0	0	0	0	0	0	0	0	0	0	0	0	0	0	0	0	0	0	0	0	0	0	0	0	0	0	0	0	0	0	0	
108876	Olfactory_R	0	0	0	2134	0	2150	0	1816	0	332	0	144	0	1052	0	546	0	0	0	0	5254	0	0	982	248	1410	2324	6038	0	2862	1934	2608	0	0	0	0	0	0	0	98	0	388	0	0	0	0	0	0	0	0	0	0	0	0	0	174	0	0	0	0	0	0	0	0	0	0	0	0	0	0	7130	7534	4564	2484	86	0	0	0	0	0	0	0	0	146	0	0	0	0	0	0	0	0	0	0	0	0	0	0	0	0	0	0	0	0	0	0	0	0	0	0	0	0	0	0	0	0	
492084	Frontal_Sup_Medial_L	126	0	47940	16218	2078	808	12454	1030	0	0	3004	216	2804	316	114	134	1736	0	8226	4110	0	0	0	36846	2782	3072	808	476	4716	244	36448	26978	5980	20404	0	0	0	0	0	0	0	0	0	0	0	0	0	0	0	0	0	0	0	0	0	0	0	0	0	0	0	0	0	0	0	0	0	0	0	0	1552	442	1842	372	0	160	180	0	0	0	588	0	838	0	0	0	0	0	0	0	0	0	0	0	0	0	0	0	0	0	0	0	0	0	0	0	0	0	0	0	0	0	0	0	0	0	
503912	Frontal_Sup_Medial_R	0	130	13222	45742	574	4842	2156	7090	0	146	630	704	610	1466	0	874	454	0	6038	9280	0	982	36846	0	2062	11496	502	4774	1236	1314	19492	38056	3712	27370	0	0	0	0	0	0	0	0	0	0	0	0	0	0	0	0	0	0	0	0	0	0	122	0	0	0	0	0	0	0	0	0	0	0	0	0	808	4244	838	3478	0	0	198	130	0	0	138	0	200	0	0	0	0	0	0	0	0	0	0	0	0	0	0	0	0	0	0	0	0	0	0	0	0	0	0	0	0	0	0	0	0	0	
70984	Frontal_Med_Orb_L	0	0	3106	690	4946	824	376	0	286	96	0	0	0	0	242	0	0	0	0	102	692	248	2782	2062	0	4156	3592	1062	132	0	6112	2680	0	0	0	0	0	0	0	0	0	0	0	0	0	0	0	0	0	0	0	0	0	0	0	0	0	0	0	0	0	0	0	0	0	0	0	0	0	0	410	360	368	168	0	0	0	0	0	0	0	0	0	0	0	0	0	0	0	0	0	0	0	0	0	0	0	0	0	0	0	0	0	0	0	0	0	0	0	0	0	0	0	0	0	0	
149932	Frontal_Med_Orb_R	0	0	834	6958	778	10028	0	386	0	986	0	0	0	0	0	242	0	0	0	282	202	1410	3072	11496	4156	0	810	11362	0	178	6850	10678	0	0	0	0	0	0	0	0	0	0	0	0	0	0	0	0	0	0	0	0	0	0	0	0	0	0	0	0	0	0	0	0	0	0	0	0	0	0	106	2226	178	1748	0	0	0	0	0	0	0	0	0	0	0	0	0	0	0	0	0	0	0	0	0	0	0	0	0	0	0	0	0	0	0	0	0	0	0	0	0	0	0	0	0	0	
76356	Rectus_L	0	0	1798	126	5076	178	234	0	1400	0	0	0	0	0	1080	0	0	0	0	0	4316	2324	808	502	3592	810	0	1444	328	0	6634	2530	0	0	0	0	0	0	0	0	0	0	0	0	0	0	0	0	0	0	0	0	0	0	0	0	0	0	0	0	0	0	0	0	0	0	0	0	0	0	2038	1954	632	374	0	0	0	0	0	0	0	0	0	0	0	0	0	0	0	0	0	0	0	0	0	0	0	0	0	0	0	0	0	0	0	0	0	0	0	0	0	0	0	0	0	0	
132376	Rectus_R	0	0	214	4928	104	9980	0	1632	0	854	0	0	0	488	0	632	0	0	0	114	1914	6038	476	4774	1062	11362	1444	0	0	980	2782	7240	0	0	0	0	0	0	0	0	0	116	0	0	0	0	0	0	0	0	0	0	0	0	0	0	0	0	0	0	0	0	0	0	0	0	0	0	0	0	1954	3214	1604	2282	0	0	0	0	0	0	0	0	0	0	0	0	0	0	0	0	0	0	0	0	0	0	0	0	0	0	0	0	0	0	0	0	0	0	0	0	0	0	0	0	0	0	
827264	Insula_L	14310	1472	55406	4972	5682	0	36844	1482	2116	0	30288	4598	25376	2492	13222	310	38446	1390	13700	3300	2916	0	4716	1236	132	0	328	0	0	3314	6032	2876	0	888	638	0	8250	166	1246	0	2994	0	170	0	0	0	204	0	0	0	2406	0	104	0	4612	120	9584	0	764	0	1232	0	618	0	744	0	562	0	520	0	15804	4240	21498	2466	140	796	1610	194	12430	0	15824	0	13042	116	5450	0	0	0	7244	0	0	0	0	0	0	0	0	0	0	0	0	0	0	0	0	0	0	0	0	0	0	0	0	0	0	0	
359360	Insula_R	0	1612	1864	13810	130	642	626	4226	0	414	2748	14876	92	12242	0	7238	1568	13626	1348	8452	180	2862	244	1314	0	178	0	980	3314	0	1158	4776	0	1544	0	172	0	6260	0	3978	0	1484	0	0	0	162	0	642	0	642	0	836	0	670	0	5362	0	928	0	0	0	170	0	326	0	156	0	1114	0	638	4782	5872	2250	20072	0	94	546	270	0	3238	232	4224	908	1244	0	5826	0	0	0	4518	0	0	0	0	0	0	0	0	0	0	0	0	0	0	0	0	0	0	0	0	0	0	0	0	0	0	
505416	Cingulum_Ant_L	104	0	29838	10966	2504	1864	4134	836	0	142	4956	1326	3568	1448	0	430	1744	386	9590	3442	2572	1934	36448	19492	6112	6850	6634	2782	6032	1158	0	35284	6870	11066	138	0	0	0	0	0	0	0	0	0	0	0	0	0	0	0	0	0	0	0	0	0	0	0	0	0	0	0	0	0	0	0	0	0	0	0	11098	3558	12434	1934	0	424	1256	0	0	0	460	0	894	0	0	0	0	0	0	0	0	0	0	0	0	0	0	0	0	0	0	0	0	0	0	0	0	0	0	0	0	0	0	0	0	0	
630704	Cingulum_Ant_R	88	390	12392	40422	620	3110	1480	3660	0	134	1812	3702	1376	5306	96	1642	864	266	8914	13656	1876	2608	26978	38056	2680	10678	2530	7240	2876	4776	35284	0	5050	28264	0	0	0	0	0	0	0	0	0	0	0	0	0	0	0	0	0	0	0	0	0	0	0	0	0	0	0	0	0	0	0	0	0	0	0	0	5380	20846	4616	13662	0	252	554	626	0	0	252	0	338	0	0	0	0	0	0	0	0	0	0	0	0	0	0	0	0	0	0	0	0	0	0	0	0	0	0	0	0	0	0	0	0	0	
170928	Cingulum_Mid_L	0	0	4220	3470	0	0	394	0	0	0	0	0	0	0	0	0	0	0	11056	4428	0	0	5980	3712	0	0	0	0	0	0	6870	5050	0	17856	2728	1200	0	0	0	0	0	0	0	0	0	192	0	0	1124	372	3324	248	0	0	0	0	808	86	1396	0	360	0	0	0	180	0	4740	2218	2792	660	0	0	0	0	0	0	0	0	0	0	0	0	0	0	0	0	0	0	0	0	0	0	0	0	0	0	0	0	0	0	0	0	0	0	0	0	0	0	0	0	0	0	0	0	0	0	
685176	Cingulum_Mid_R	3470	660	7396	31330	0	0	1604	13086	0	0	372	4796	338	1780	0	502	642	222	35290	56796	0	0	20404	27370	0	0	0	0	888	1544	11066	28264	17856	0	2214	6348	0	174	0	0	0	0	0	1742	0	5280	0	0	0	5496	218	4020	0	0	0	0	206	3186	0	0	0	0	0	0	0	0	2678	13248	10424	16916	486	1148	228	1222	0	176	86	0	0	170	224	292	94	0	0	460	0	0	0	176	0	0	0	0	0	0	0	0	0	0	0	0	0	0	0	0	0	0	0	0	0	0	0	0	0	0	
150572	Cingulum_Post_L	4252	926	744	388	0	0	652	0	0	0	0	0	0	0	0	0	0	0	700	2238	0	0	0	0	0	0	0	0	638	0	138	0	2728	2214	0	8890	6824	2778	3504	562	0	0	2066	0	406	0	1666	0	970	0	3022	0	490	0	2118	0	898	844	0	0	0	0	122	0	138	0	8188	1212	5020	2374	0	0	122	0	0	0	890	512	704	0	474	0	0	0	3134	0	0	0	1740	0	0	0	0	0	0	0	0	0	0	0	0	0	0	0	0	0	0	0	0	0	0	0	0	0	0	0	
165352	Cingulum_Post_R	536	926	0	0	0	0	0	0	0	0	0	0	0	0	0	0	0	0	362	4660	0	0	0	0	0	0	0	0	0	172	0	0	1200	6348	8890	0	6806	4756	2558	1870	0	0	124	1906	0	1252	1092	848	0	1204	336	836	0	726	1152	550	0	2360	0	0	0	0	188	0	274	0	2780	13488	424	5226	0	0	124	0	0	0	1864	1070	254	220	0	780	0	0	1022	952	0	0	1054	1114	0	0	0	0	0	0	0	0	0	0	0	0	0	0	0	0	0	0	0	0	372	0	0	0	0	0	
275488	Hippocampus_L	398	266	1428	266	0	0	660	162	0	0	0	0	0	0	92	0	354	0	2650	1588	274	0	0	0	0	0	0	0	8250	0	0	0	0	0	6824	6806	0	3848	12970	1446	6992	0	1716	0	0	0	4598	112	0	0	2702	0	990	0	18042	140	0	0	0	0	0	0	366	0	596	0	3526	632	0	0	926	130	6454	0	612	0	8870	2004	688	0	2944	0	1478	0	5754	0	102	0	18948	0	0	0	0	0	0	0	140	0	0	0	0	0	0	0	0	0	0	0	0	0	0	0	0	0	0	0	
312912	Hippocampus_R	0	5336	86	5296	0	0	0	190	0	0	144	634	0	86	0	0	106	210	0	2620	0	0	0	0	0	0	0	0	166	6260	0	0	0	174	2778	4756	3848	0	1702	28944	0	9052	102	496	0	0	940	4754	0	154	0	112	0	1228	656	31178	0	462	0	0	0	0	0	310	0	0	1112	4008	0	448	228	1116	0	16028	0	1558	628	3572	0	524	0	1082	0	1238	0	1904	0	198	0	8926	0	0	0	0	0	0	0	584	0	0	0	0	0	0	0	0	0	0	0	0	522	0	0	0	0	0	
114504	ParaHippocampal_L	134	0	430	0	0	0	232	0	0	0	0	0	0	0	108	0	0	0	352	236	436	0	0	0	0	0	0	0	1246	0	0	0	0	0	3504	2558	12970	1702	0	598	1916	0	1502	0	0	0	7012	140	0	0	3840	0	756	0	7992	0	0	0	0	0	0	0	0	0	0	0	2420	254	0	0	0	0	660	0	0	0	860	318	128	0	104	0	518	0	1974	0	0	0	1570	0	0	0	0	0	0	92	354	0	240	0	0	0	0	0	0	0	0	0	0	96	0	0	0	0	0	0	
203764	ParaHippocampal_R	0	1350	0	1650	0	0	0	98	0	0	88	124	0	0	0	0	0	0	0	758	0	98	0	0	0	0	0	0	0	3978	0	0	0	0	562	1870	1446	28944	598	0	0	6700	0	170	0	0	502	4514	0	0	0	0	0	534	0	21824	0	260	0	0	0	0	0	240	0	0	632	2712	0	0	138	774	0	10086	0	1366	236	1766	0	344	0	712	0	1850	0	576	0	560	0	2084	0	0	0	0	0	0	0	866	0	0	0	0	0	0	0	0	0	0	0	0	872	0	0	0	0	0	
49692	Amygdala_L	0	0	332	0	188	0	318	0	110	0	0	0	0	0	292	0	0	0	0	0	914	0	0	0	0	0	0	0	2994	0	0	0	0	0	0	0	6992	0	1916	0	0	0	0	0	0	0	0	0	0	0	0	0	0	0	4076	0	0	0	0	0	0	0	0	0	0	0	0	0	0	0	0	0	1912	0	0	0	174	0	0	0	0	0	1748	0	0	0	120	0	2760	0	0	0	0	0	0	0	0	0	0	0	0	0	0	0	0	0	0	0	0	0	0	0	0	0	0	0	
64348	Amygdala_R	0	186	0	280	0	100	0	0	0	0	0	0	0	0	0	0	0	0	0	0	0	388	0	0	0	0	0	116	0	1484	0	0	0	0	0	0	0	9052	0	6700	0	0	0	0	0	0	0	0	0	0	0	0	0	0	0	7372	0	0	0	0	0	0	0	0	0	0	0	0	0	0	0	256	0	2694	0	0	0	286	0	0	0	0	0	2270	0	0	0	378	0	612	0	0	0	0	0	0	0	0	0	0	0	0	0	0	0	0	0	0	0	0	0	0	0	0	0	0	
244684	Calcarine_L	282	0	178	0	0	0	0	0	0	0	0	0	0	0	0	0	0	0	0	0	0	0	0	0	0	0	0	0	170	0	0	0	0	0	2066	124	1716	102	1502	0	0	0	0	11740	10402	8208	17998	3810	8942	5236	26080	1142	3924	102	1994	276	222	0	0	0	0	0	0	0	0	0	10724	778	210	0	0	0	0	0	0	0	0	0	88	0	0	0	0	0	1350	0	0	0	0	0	0	86	0	0	0	0	262	700	352	412	0	0	0	0	0	0	0	0	0	92	914	158	0	0	0	0	
279928	Calcarine_R	174	0	0	0	0	0	0	0	0	0	0	0	0	0	0	0	0	0	0	286	0	0	0	0	0	0	0	0	0	0	0	0	0	1742	0	1906	0	496	0	170	0	0	11740	0	2714	26342	4118	15950	0	25760	0	10988	0	5566	0	4740	0	2884	0	112	0	0	0	0	0	0	878	18302	210	3412	0	0	0	0	0	0	0	0	0	0	0	0	0	0	0	402	0	0	0	918	0	0	0	0	0	0	0	0	0	0	0	0	0	0	0	0	0	0	0	0	0	154	0	0	0	0	
133252	Cuneus_L	0	0	0	0	0	0	0	0	0	0	0	0	0	0	0	0	0	0	0	0	0	0	0	0	0	0	0	0	0	0	0	0	0	0	406	0	0	0	0	0	0	0	10402	2714	0	4452	1864	0	14810	1088	12394	0	1248	0	90	0	854	0	564	0	0	0	0	0	0	0	10982	736	684	0	0	0	0	0	0	0	0	0	0	0	0	0	0	0	3338	0	0	0	0	0	0	0	0	0	0	0	0	0	0	0	0	0	0	0	0	0	0	0	0	0	0	0	0	0	0	0	
304472	Cuneus_R	402	292	0	0	0	0	0	0	0	0	0	0	0	0	0	0	0	0	0	650	0	0	0	0	0	0	0	0	0	162	0	0	192	5280	0	1252	0	0	0	0	0	0	8208	26342	4452	0	1904	4790	0	36746	0	14414	0	978	0	904	0	5664	0	544	0	254	0	0	0	316	3342	26096	500	5318	0	0	0	0	0	0	0	0	0	0	0	0	0	0	0	1976	0	0	0	1258	0	0	0	0	0	0	0	0	0	0	0	0	0	0	0	0	0	0	0	0	0	0	0	0	0	0	
363248	Lingual_L	186	0	190	0	0	0	0	0	0	0	0	0	0	0	0	0	0	0	0	0	0	0	0	0	0	0	0	0	204	0	0	0	0	0	1666	1092	4598	940	7012	502	0	0	17998	4118	1864	1904	0	7312	3262	1860	26216	748	11452	256	15002	1836	0	0	0	0	0	0	0	0	0	0	5816	276	0	0	0	0	0	0	0	0	384	222	180	0	0	0	0	0	3670	0	0	0	2928	0	5058	324	570	0	172	366	12760	2668	15378	2290	0	0	0	0	1104	1238	86	0	334	628	7760	5602	186	0	168	1238	
304396	Lingual_R	0	100	0	334	0	0	0	0	0	0	0	0	0	0	0	0	0	0	0	258	0	0	0	0	0	0	0	0	0	642	0	0	0	0	0	848	112	4754	140	4514	0	0	3810	15950	0	4790	7312	0	0	7010	0	2364	338	8796	1264	22882	0	0	0	0	0	0	0	0	0	0	0	6164	0	0	0	0	0	574	0	90	0	150	0	154	0	138	0	0	0	190	0	0	0	1052	1998	6408	262	774	172	240	2746	7088	5272	14100	0	0	0	104	626	0	0	0	0	98	6980	8308	2292	0	0	0	
159672	Occipital_Sup_L	0	0	0	0	0	0	0	0	0	0	0	0	0	0	0	0	0	0	134	0	0	0	0	0	0	0	0	0	0	0	0	0	1124	0	970	0	0	0	0	0	0	0	8942	0	14810	0	3262	0	0	0	25746	0	940	0	0	0	1630	0	4252	0	206	0	0	0	0	0	13784	106	1962	0	0	0	0	0	0	0	0	0	0	0	0	0	0	0	1968	0	0	0	0	0	0	0	0	0	0	0	0	0	0	0	0	0	0	0	0	0	0	0	0	0	0	0	0	0	0	0	
391456	Occipital_Sup_R	402	736	0	0	0	0	0	0	0	0	0	138	0	0	0	0	0	264	140	820	0	0	0	0	0	0	0	0	0	642	0	0	372	5496	0	1204	0	154	0	0	0	0	5236	25760	1088	36746	1860	7010	0	0	0	32594	0	3630	0	2970	0	6194	0	5226	0	2524	0	1232	0	5200	1584	31014	516	5710	0	0	0	0	0	0	0	0	0	178	0	744	0	0	0	5646	0	0	0	2698	0	0	0	0	0	0	0	0	0	0	0	0	0	0	0	0	0	0	0	0	0	0	0	0	0	0	
580236	Occipital_Mid_L	3324	164	2492	126	0	0	566	0	0	0	0	0	0	0	0	0	638	0	310	244	0	0	0	0	0	0	0	0	2406	0	0	0	3324	218	3022	336	2702	0	3840	0	0	0	26080	0	12394	0	26216	0	25746	0	0	0	22414	0	10178	0	13994	0	17168	0	18864	0	1802	0	22622	0	22794	0	11008	166	0	0	92	0	0	0	622	0	1390	0	1416	0	0	0	22326	0	0	0	7690	0	150	0	104	0	0	0	120	0	900	0	0	0	0	0	0	0	0	0	0	0	0	150	0	0	0	0	
299300	Occipital_Mid_R	270	1066	0	0	0	0	0	0	0	0	0	204	0	0	0	0	0	338	120	566	0	0	0	0	0	0	0	0	0	836	0	0	248	4020	0	836	0	112	0	0	0	0	1142	10988	0	14414	748	2364	0	32594	0	0	0	3704	0	1110	0	3948	0	3878	0	6644	0	3594	0	15630	546	14974	364	3644	0	0	0	0	0	0	0	0	0	106	0	1226	0	0	0	16152	0	0	0	3264	0	0	0	0	0	0	0	0	0	0	0	0	0	0	0	0	0	0	0	0	0	0	0	0	0	0	
149804	Occipital_Inf_L	0	0	90	0	0	0	0	0	0	0	0	0	0	0	0	0	0	0	0	0	0	0	0	0	0	0	0	0	104	0	0	0	0	0	490	0	990	0	756	0	0	0	3924	0	1248	0	11452	338	940	0	22414	0	0	0	11888	0	236	0	0	0	0	0	0	0	0	0	1460	0	176	0	0	0	0	0	0	0	0	0	0	0	0	0	0	0	4088	0	0	0	5402	0	2456	0	240	0	0	0	1280	0	4290	0	0	0	0	0	0	0	0	0	0	0	154	486	0	0	0	0	
131648	Occipital_Inf_R	0	288	0	202	0	0	0	0	0	0	0	0	0	0	0	0	0	342	0	208	0	0	0	0	0	0	0	0	0	670	0	0	0	0	0	726	0	1228	0	534	0	0	102	5566	0	978	256	8796	0	3630	0	3704	0	0	94	12146	0	374	0	0	0	0	0	0	0	0	0	3088	0	350	0	0	0	0	0	0	0	0	0	230	0	354	0	0	0	960	0	0	0	8298	286	2028	0	244	0	0	350	1362	358	4400	0	0	0	0	0	0	0	0	0	0	1088	1708	876	0	0	0	
348968	Fusiform_L	0	0	324	112	0	0	86	0	0	0	0	0	0	0	0	0	134	0	340	86	182	0	0	0	0	0	0	0	4612	0	0	0	0	0	2118	1152	18042	656	7992	0	4076	0	1994	0	90	0	15002	1264	0	0	10178	0	11888	94	0	298	0	0	0	0	0	0	0	0	0	0	1300	0	0	0	440	0	3160	0	0	0	824	94	0	0	1386	0	2388	0	2860	0	1970	0	18344	0	16150	252	1070	0	0	102	12080	656	23298	932	138	0	690	0	288	324	0	0	240	290	1886	1996	162	0	94	350	
463928	Fusiform_R	0	652	0	1192	0	0	0	106	0	0	138	208	0	0	0	0	0	162	0	898	0	174	0	0	0	0	0	0	120	5362	0	0	0	0	0	550	140	31178	0	21824	0	7372	276	4740	0	904	1836	22882	0	2970	0	1110	0	12146	298	0	0	102	0	0	0	0	0	0	0	0	0	1916	0	0	184	920	0	12306	0	1392	0	250	0	450	0	1230	0	5116	0	3710	0	2288	0	17220	848	15974	98	824	0	516	1708	10780	1866	21934	0	0	0	290	480	0	0	0	0	378	5742	4282	1922	0	0	0	
419580	Postcentral_L	31274	3860	17084	2536	0	0	8686	258	0	0	7460	0	1388	0	0	0	21770	0	3126	1072	0	0	0	122	0	0	0	0	9584	0	0	0	808	206	898	0	0	0	0	0	0	0	222	0	854	0	0	0	1630	0	13994	0	236	0	0	0	0	0	10576	0	23754	0	9648	0	4150	0	6564	0	14626	0	320	178	320	0	0	0	160	0	4764	0	5912	0	0	0	1646	0	0	0	104	0	0	0	0	0	0	0	0	0	0	0	0	0	0	0	0	0	0	0	0	0	0	0	0	0	0	0	
189428	Postcentral_R	470	9966	0	1246	0	0	0	190	0	0	0	1278	0	0	0	0	0	3118	0	2920	0	0	0	0	0	0	0	0	0	928	0	0	86	3186	844	2360	0	462	0	260	0	0	0	2884	0	5664	0	0	0	6194	0	3948	0	374	0	102	0	0	0	5252	0	3280	0	7586	0	688	110	11224	866	12120	104	240	170	276	92	0	0	172	0	354	0	1106	0	0	0	3156	0	0	0	1438	0	0	0	0	0	0	0	0	0	0	0	0	0	0	0	0	0	0	0	0	0	0	0	0	0	0	
154628	Parietal_Sup_L	1224	98	886	0	0	0	0	0	0	0	0	0	0	0	0	0	408	0	0	0	0	0	0	0	0	0	0	0	764	0	0	0	1396	0	0	0	0	0	0	0	0	0	0	0	564	0	0	0	4252	0	17168	0	0	0	0	0	10576	0	0	0	15322	0	208	0	6804	0	12748	0	4256	0	0	0	0	0	0	0	0	0	0	0	498	0	0	0	142	0	0	0	0	0	0	0	0	0	0	0	0	0	0	0	0	0	0	0	0	0	0	0	0	0	0	0	0	0	0	0	
112736	Parietal_Sup_R	0	462	0	94	0	0	0	0	0	0	0	142	0	0	0	0	0	436	0	0	0	0	0	0	0	0	0	0	0	0	0	0	0	0	0	0	0	0	0	0	0	0	0	112	0	544	0	0	0	5226	0	3878	0	0	0	0	0	5252	0	0	0	11636	0	5776	0	10046	402	8976	0	574	0	0	0	0	0	0	0	0	0	120	0	812	0	0	0	1880	0	0	0	0	0	0	0	0	0	0	0	0	0	0	0	0	0	0	0	0	0	0	0	0	0	0	0	0	0	0	
214904	Parietal_Inf_L	8668	730	3910	638	0	0	776	0	0	0	516	0	0	0	0	0	636	0	0	0	0	0	0	0	0	0	0	0	1232	0	0	0	360	0	0	0	0	0	0	0	0	0	0	0	0	0	0	0	206	0	18864	0	0	0	0	0	23754	0	15322	0	0	0	8150	0	17932	0	2894	0	2136	0	0	0	0	0	0	0	0	0	224	0	372	0	0	0	132	0	0	0	0	0	0	0	0	0	0	0	0	0	0	0	0	0	0	0	0	0	0	0	0	0	0	0	0	0	0	0	
127084	Parietal_Inf_R	0	1508	0	132	0	0	0	0	0	0	0	298	0	0	0	0	0	164	0	108	0	0	0	0	0	0	0	0	0	170	0	0	0	0	0	0	0	0	0	0	0	0	0	0	0	254	0	0	0	2524	0	6644	0	0	0	0	0	3280	0	11636	0	0	0	13674	0	14934	0	1380	0	0	0	0	0	0	0	0	0	0	0	0	0	2064	0	0	0	4772	0	0	0	0	0	0	0	0	0	0	0	0	0	0	0	0	0	0	0	0	0	0	0	0	0	0	0	0	0	0	
99800	SupraMarginal_L	2984	0	1814	0	0	0	322	0	0	0	198	0	0	0	0	0	1294	0	0	0	0	0	0	0	0	0	0	0	618	0	0	0	0	0	122	188	366	0	0	0	0	0	0	0	0	0	0	0	0	0	1802	0	0	0	0	0	9648	0	208	0	8150	0	0	0	7562	0	0	0	810	0	0	0	0	0	0	0	312	0	302	0	6030	0	0	0	6482	0	0	0	688	0	0	0	0	0	0	0	0	0	0	0	0	0	0	0	0	0	0	0	0	0	0	0	0	0	0	0	
121056	SupraMarginal_R	0	2434	0	204	0	0	0	0	0	0	0	0	0	0	0	0	0	1744	0	610	0	0	0	0	0	0	0	0	0	326	0	0	0	0	0	0	0	310	0	240	0	0	0	0	0	0	0	0	0	1232	0	3594	0	0	0	0	0	7586	0	5776	0	13674	0	0	0	8686	0	988	0	744	0	0	0	0	0	0	0	0	0	0	0	5624	0	0	0	6658	0	0	0	98	0	0	0	0	0	0	0	0	0	0	0	0	0	0	0	0	0	0	0	0	0	0	0	0	0	0	
148884	Angular_L	1042	88	780	0	0	0	0	0	0	0	0	0	0	0	0	0	394	0	0	0	0	0	0	0	0	0	0	0	744	0	0	0	180	0	138	274	596	0	0	0	0	0	0	0	0	0	0	0	0	0	22622	0	0	0	0	0	4150	0	6804	0	17932	0	7562	0	0	0	1620	0	1154	0	0	0	0	0	0	0	526	0	0	0	2190	0	0	0	4666	0	0	0	980	0	0	0	0	0	0	0	0	0	0	0	0	0	0	0	0	0	0	0	0	0	0	0	0	0	0	0	
133400	Angular_R	0	474	0	0	0	0	0	0	0	0	0	94	0	0	0	0	0	0	0	0	0	0	0	0	0	0	0	0	0	156	0	0	0	0	0	0	0	0	0	0	0	0	0	0	0	316	0	0	0	5200	0	15630	0	0	0	0	0	688	0	10046	0	14934	0	8686	0	0	90	1988	0	0	0	0	0	0	0	0	0	0	0	0	0	1930	0	0	0	6468	0	0	0	0	0	0	0	0	0	0	0	0	0	0	0	0	0	0	0	0	0	0	0	0	0	0	0	0	0	0	
300216	Precuneus_L	1106	166	554	142	0	0	248	0	0	0	0	0	0	0	0	0	304	132	322	854	0	0	0	0	0	0	0	0	562	0	0	0	4740	2678	8188	2780	3526	1112	2420	632	0	0	10724	878	10982	3342	5816	0	13784	1584	22794	546	1460	0	1300	0	6564	110	12748	402	2894	0	0	0	1620	90	0	8416	7476	676	0	0	0	0	0	0	0	0	238	0	228	0	0	0	4644	0	0	0	326	0	0	0	0	0	0	0	0	0	0	0	0	0	0	0	0	0	0	0	0	0	0	0	0	0	0	0	
413788	Precuneus_R	626	1264	0	214	0	0	0	0	0	0	0	330	0	0	0	0	0	1146	644	2720	0	0	0	0	0	0	0	0	0	1114	0	0	2218	13248	1212	13488	632	4008	254	2712	0	0	778	18302	736	26096	276	6164	106	31014	0	14974	0	3088	0	1916	0	11224	0	8976	0	1380	0	988	0	1988	8416	0	850	11100	0	0	0	0	0	0	100	326	0	818	0	2092	0	0	0	4454	0	0	0	3490	0	0	0	0	0	0	0	500	0	0	0	0	0	0	0	0	0	0	0	0	912	0	0	0	0	0	
257640	Paracentral_Lobule_L	16280	5496	574	796	0	0	0	0	0	0	0	0	0	0	0	0	554	0	5516	15754	0	0	0	0	0	0	0	0	520	0	0	0	2792	10424	5020	424	0	0	0	0	0	0	210	210	684	500	0	0	1962	516	11008	364	176	0	0	0	14626	866	4256	0	2136	0	810	0	1154	0	7476	850	0	11948	0	164	0	0	0	0	0	144	162	0	758	0	0	0	3446	0	0	0	244	0	0	0	0	0	0	0	0	0	0	0	0	0	0	0	0	0	0	0	0	0	0	0	0	0	0	0	
266124	Paracentral_Lobule_R	6282	10798	98	174	0	0	0	0	0	0	0	144	0	0	0	0	0	440	3566	24966	0	0	0	0	0	0	0	0	0	638	0	0	660	16916	2374	5226	0	448	0	0	0	0	0	3412	0	5318	0	0	0	5710	166	3644	0	350	0	0	0	12120	0	574	0	0	0	744	0	0	676	11100	11948	0	106	148	0	0	0	0	0	0	0	332	0	614	0	0	0	2484	0	0	0	886	0	0	0	0	0	0	0	0	0	0	0	0	0	0	0	0	0	0	0	0	0	0	0	0	0	0	
441108	Caudate_L	3172	2904	10610	4474	814	0	644	1894	112	0	8576	5506	502	2050	392	356	5648	1992	8444	3282	4700	7130	1552	808	410	106	2038	1954	15804	4782	11098	5380	0	486	0	0	926	228	0	138	0	0	0	0	0	0	0	0	0	0	0	0	0	0	440	184	320	104	0	0	0	0	0	0	0	0	0	0	0	106	0	24302	39804	11258	3784	1522	12260	784	330	0	2450	0	3182	136	0	0	0	0	676	0	0	0	0	0	0	0	0	0	0	0	0	0	0	0	0	0	0	0	0	0	0	0	0	0	0	0	
507224	Caudate_R	1144	15684	4818	33886	302	456	1004	1350	0	0	3114	4744	270	3820	182	2340	1906	1288	4018	16486	3914	7534	442	4244	360	2226	1954	3214	4240	5872	3558	20846	0	1148	0	0	130	1116	0	774	0	256	0	0	0	0	0	0	0	0	0	0	0	0	0	920	178	240	0	0	0	0	0	0	0	0	0	0	164	148	24302	0	16956	28304	846	2746	822	17480	148	0	468	0	820	188	0	0	0	0	0	242	0	0	0	0	0	0	0	0	0	0	0	0	0	0	0	0	0	0	0	0	0	0	0	0	0	0	
418048	Putamen_L	1708	2622	15888	2476	1866	0	3164	1682	224	0	5586	2142	1032	822	1512	176	2704	1076	10912	2126	1834	4564	1842	838	368	178	632	1604	21498	2250	12434	4616	0	228	122	124	6454	0	660	0	1912	0	0	0	0	0	0	0	0	0	92	0	0	0	3160	0	320	170	0	0	0	0	0	0	0	0	0	0	0	0	39804	16956	0	9336	6742	1042	4158	208	286	0	1600	0	1536	0	328	0	0	0	3410	0	0	0	0	0	0	0	0	0	0	0	0	0	0	0	0	0	0	0	0	0	0	0	0	0	0	0	
416492	Putamen_R	0	1242	2170	19390	288	836	710	4950	0	108	1888	2062	200	3302	122	2524	1164	2032	1250	9900	398	2484	372	3478	168	1748	374	2282	2466	20072	1934	13662	0	1222	0	0	0	16028	0	10086	0	2694	0	0	0	0	0	574	0	0	0	0	0	0	0	12306	0	276	0	0	0	0	0	0	0	0	0	0	0	0	11258	28304	9336	0	100	6276	172	1410	0	0	322	360	698	470	0	270	0	0	0	2508	0	0	0	0	0	0	0	0	0	0	0	0	0	0	0	0	0	0	0	0	0	0	0	0	0	0	
48624	Pallidum_L	702	364	4646	216	0	0	690	0	0	0	0	0	0	0	0	0	134	0	3392	314	0	86	0	0	0	0	0	0	140	0	0	0	0	0	0	0	612	0	0	0	0	0	0	0	0	0	0	0	0	0	0	0	0	0	0	0	0	92	0	0	0	0	0	0	0	0	0	0	0	0	3784	846	6742	100	0	96	1356	0	0	0	0	0	0	0	0	0	0	0	0	0	0	0	0	0	0	0	0	0	0	0	0	0	0	0	0	0	0	0	0	0	0	0	0	0	0	0	
50936	Pallidum_R	0	138	638	2076	166	0	258	274	0	0	412	0	0	0	0	0	344	192	292	2360	0	0	160	0	0	0	0	0	796	94	424	252	0	176	0	0	0	1558	0	1366	0	0	0	0	0	0	0	90	0	0	0	0	0	0	0	1392	0	0	0	0	0	0	0	0	0	0	0	0	0	0	1522	2746	1042	6276	96	0	0	0	0	0	0	0	192	0	0	0	0	0	0	136	0	0	0	0	0	0	0	0	0	0	0	0	0	0	0	0	0	0	0	0	0	0	0	0	0	0	
152232	Thalamus_L	2436	1328	2890	1364	0	0	448	356	0	0	312	0	0	0	0	0	248	484	8864	2480	0	0	180	198	0	0	0	0	1610	546	1256	554	0	86	890	1864	8870	628	860	236	174	0	0	0	0	0	384	0	0	0	622	0	0	0	824	0	160	0	0	0	0	0	312	0	526	0	0	100	0	0	12260	822	4158	172	1356	0	0	4356	344	0	1468	0	200	0	3364	0	0	0	5526	0	0	0	0	0	0	0	0	0	0	0	0	0	0	0	0	0	0	0	0	0	0	0	0	0	0	0	
159748	Thalamus_R	468	18054	390	19720	0	0	0	0	0	0	0	98	0	218	0	216	0	0	138	3350	0	0	0	130	0	0	0	0	194	270	0	626	0	0	512	1070	2004	3572	318	1766	0	286	0	0	0	0	222	150	0	0	0	0	0	0	94	250	0	172	0	0	0	0	0	0	0	0	0	326	144	0	784	17480	208	1410	0	0	4356	0	0	0	0	0	0	0	418	0	0	0	460	0	0	0	0	0	0	0	0	0	0	0	0	0	0	0	0	0	0	0	0	0	0	0	0	0	0	0	
146212	Heschl_L	9404	582	10330	572	0	0	7604	384	0	0	1274	0	0	0	0	0	6466	0	874	492	0	0	0	0	0	0	0	0	12430	0	0	0	0	0	704	254	688	0	128	0	0	0	88	0	0	0	180	0	0	0	1390	0	0	0	0	0	4764	0	0	0	224	0	302	0	0	0	238	0	162	0	330	148	286	0	0	0	344	0	0	0	3944	0	0	0	7056	0	0	0	1464	0	0	0	0	0	0	0	0	0	0	0	0	0	0	0	0	0	0	0	0	0	0	0	0	0	0	0	
28028	Heschl_R	0	0	0	92	0	0	0	0	0	0	0	0	0	0	0	0	0	1310	0	174	0	0	0	0	0	0	0	0	0	3238	0	0	0	170	0	220	0	524	0	344	0	0	0	0	0	0	0	154	0	178	0	106	0	230	0	450	0	354	0	120	0	0	0	0	0	0	0	818	0	332	0	0	0	0	0	0	0	0	0	0	0	2136	0	146	0	1534	0	0	0	1384	0	0	0	0	0	0	0	0	0	0	0	0	0	0	0	0	0	0	0	0	0	0	0	0	0	0	
266564	Temporal_Sup_L	4284	262	9892	1014	104	0	5148	184	0	0	4978	254	578	198	90	0	15206	0	3088	992	0	0	588	138	0	0	0	0	15824	232	460	252	0	224	474	0	2944	0	104	0	0	0	0	0	0	0	0	0	0	0	1416	0	0	0	1386	0	5912	0	498	0	372	0	6030	0	2190	0	228	0	758	0	2450	468	1600	322	0	0	1468	0	3944	0	0	0	5244	0	21916	0	418	0	9150	0	0	0	0	0	0	0	0	0	0	0	0	0	0	0	0	0	0	0	0	0	0	0	0	0	0	0	
104632	Temporal_Sup_R	0	224	0	226	0	0	0	0	0	0	0	0	0	0	0	0	0	3326	0	238	0	0	0	0	0	0	0	0	0	4224	0	0	0	292	0	780	0	1082	0	712	0	0	0	0	0	0	0	138	0	744	0	1226	0	354	0	1230	0	1106	0	812	0	2064	0	5624	0	1930	0	2092	0	614	0	0	0	360	0	0	0	0	0	2136	0	0	0	1940	0	14736	0	316	0	3790	0	0	0	0	0	0	0	0	0	0	0	0	0	0	0	0	0	0	0	0	0	0	0	0	0	0	
182400	Temporal_Pole_Sup_L	0	0	3984	530	788	0	2346	0	1026	0	10090	2040	1910	1552	3420	0	5948	462	986	288	460	0	838	200	0	0	0	0	13042	908	894	338	0	94	0	0	1478	0	518	0	1748	0	0	0	0	0	0	0	0	0	0	0	0	0	2388	0	0	0	0	0	0	0	0	0	0	0	0	0	0	0	3182	820	1536	698	0	192	200	0	0	0	5244	0	0	0	9220	0	4984	0	6848	0	0	0	0	0	0	0	0	0	0	0	0	0	0	0	0	0	0	0	0	0	0	0	0	0	0	0	
61580	Temporal_Pole_Sup_R	0	0	0	262	0	0	0	0	0	0	0	600	0	0	0	0	0	912	0	246	0	146	0	0	0	0	0	0	116	1244	0	0	0	0	0	0	0	1238	0	1850	0	2270	0	0	0	0	0	0	0	0	0	0	0	0	0	5116	0	0	0	0	0	0	0	0	0	0	0	0	0	0	136	188	0	470	0	0	0	0	0	146	0	1940	0	0	0	3598	0	5618	0	4694	0	0	0	0	0	0	0	0	0	0	0	0	0	0	0	0	0	0	0	0	0	0	0	0	0	0	
348300	Temporal_Mid_L	6534	156	6094	150	0	0	3434	0	0	0	0	0	0	0	0	0	1616	0	580	500	0	0	0	0	0	0	0	0	5450	0	0	0	0	0	3134	1022	5754	0	1974	0	0	0	1350	0	3338	0	3670	0	1968	0	22326	0	4088	0	2860	0	1646	0	142	0	132	0	6482	0	4666	0	4644	0	3446	0	0	0	328	0	0	0	3364	418	7056	0	21916	0	9220	0	0	0	4660	0	30032	0	0	0	0	0	0	0	0	0	0	0	0	0	0	0	0	0	0	0	0	0	0	0	0	0	0	0	
229176	Temporal_Mid_R	0	668	0	474	0	0	0	0	0	0	0	0	0	0	0	0	0	808	0	448	0	0	0	0	0	0	0	0	0	5826	0	0	0	460	0	952	0	1904	0	576	0	0	0	402	0	1976	0	190	0	5646	0	16152	0	960	0	3710	0	3156	0	1880	0	4772	0	6658	0	6468	0	4454	0	2484	0	0	0	270	0	0	0	0	0	1534	0	14736	0	3598	0	0	0	2070	0	21356	0	0	0	0	0	0	0	0	0	0	0	0	0	0	0	0	0	0	0	0	0	0	0	0	0	0	
32804	Temporal_Pole_Mid_L	0	0	0	0	0	0	0	0	0	0	0	0	0	0	0	0	0	0	0	0	0	0	0	0	0	0	0	0	0	0	0	0	0	0	0	0	102	0	0	0	120	0	0	0	0	0	0	0	0	0	0	0	0	0	1970	0	0	0	0	0	0	0	0	0	0	0	0	0	0	0	0	0	0	0	0	0	0	0	0	0	418	0	4984	0	4660	0	0	0	4148	0	0	0	0	0	0	0	0	0	0	0	0	0	0	0	0	0	0	0	0	0	0	0	0	0	0	0	
28216	Temporal_Pole_Mid_R	0	0	0	0	0	0	0	0	0	0	0	0	0	0	0	0	0	0	0	0	0	0	0	0	0	0	0	0	0	0	0	0	0	0	0	0	0	198	0	560	0	378	0	0	0	0	0	0	0	0	0	0	0	0	0	2288	0	0	0	0	0	0	0	0	0	0	0	0	0	0	0	0	0	0	0	0	0	0	0	0	0	316	0	5618	0	2070	0	0	0	2680	0	0	0	0	0	0	0	0	0	0	0	0	0	0	0	0	0	0	0	0	0	0	0	0	0	0	
286040	Temporal_Inf_L	1488	154	2082	230	0	0	644	0	0	0	0	0	0	0	0	0	620	0	958	648	0	0	0	0	0	0	0	0	7244	0	0	0	0	0	1740	1054	18948	0	1570	0	2760	0	0	0	0	0	2928	0	0	0	7690	0	5402	0	18344	0	104	0	0	0	0	0	688	0	980	0	326	0	244	0	676	0	3410	0	0	0	5526	460	1464	0	9150	0	6848	0	30032	0	4148	0	0	0	2666	0	296	0	0	0	190	0	1162	0	0	0	146	0	0	0	0	0	0	0	0	0	0	0	0	0	
200140	Temporal_Inf_R	0	1098	0	1152	0	0	0	0	0	0	0	122	0	0	0	0	0	654	0	796	0	0	0	0	0	0	0	0	0	4518	0	0	0	176	0	1114	0	8926	0	2084	0	612	0	918	0	1258	0	1052	0	2698	0	3264	0	8298	0	17220	0	1438	0	0	0	0	0	98	0	0	0	3490	0	886	0	242	0	2508	0	136	0	0	0	1384	0	3790	0	4694	0	21356	0	2680	0	0	0	1228	0	0	0	0	0	0	0	180	0	0	0	0	0	0	0	0	0	0	0	0	0	0	0	0	
398088	Cerebelum_Crus1_L	0	0	0	0	0	0	0	0	0	0	0	0	0	0	0	0	0	0	0	0	0	0	0	0	0	0	0	0	0	0	0	0	0	0	0	0	0	0	0	0	0	0	0	0	0	0	5058	1998	0	0	150	0	2456	286	16150	848	0	0	0	0	0	0	0	0	0	0	0	0	0	0	0	0	0	0	0	0	0	0	0	0	0	0	0	0	0	0	0	0	2666	0	0	1810	32714	2174	638	100	14152	800	45326	3992	15060	356	24480	1620	9104	1232	712	0	280	344	2544	4488	4450	1304	1548	204	
382452	Cerebelum_Crus1_R	0	0	0	0	0	0	0	0	0	0	0	0	0	0	0	0	0	0	0	0	0	0	0	0	0	0	0	0	0	0	0	0	0	0	0	0	0	0	0	0	0	0	86	0	0	0	324	6408	0	0	0	0	0	2028	252	15974	0	0	0	0	0	0	0	0	0	0	0	0	0	0	0	0	0	0	0	0	0	0	0	0	0	0	0	0	0	0	0	0	0	1228	1810	0	2138	27586	0	2634	1108	18130	1102	49512	948	9726	1268	24894	322	3538	0	1008	108	1446	4660	3144	7100	1546	1198	0	
324524	Cerebelum_Crus2_L	0	0	0	0	0	0	0	0	0	0	0	0	0	0	0	0	0	0	0	0	0	0	0	0	0	0	0	0	0	0	0	0	0	0	0	0	0	0	0	0	0	0	0	0	0	0	570	262	0	0	104	0	240	0	1070	98	0	0	0	0	0	0	0	0	0	0	0	0	0	0	0	0	0	0	0	0	0	0	0	0	0	0	0	0	0	0	0	0	296	0	32714	2138	0	7312	0	0	304	234	7482	2312	39038	3798	36864	5076	9980	1342	112	0	0	0	372	932	6852	1936	824	0	
270148	Cerebelum_Crus2_R	0	0	0	0	0	0	0	0	0	0	0	0	0	0	0	0	0	0	0	0	0	0	0	0	0	0	0	0	0	0	0	0	0	0	0	0	0	0	0	0	0	0	0	0	0	0	0	774	0	0	0	0	0	244	0	824	0	0	0	0	0	0	0	0	0	0	0	0	0	0	0	0	0	0	0	0	0	0	0	0	0	0	0	0	0	0	0	0	0	0	2174	27586	7312	0	0	358	0	1038	310	9912	4616	26330	4368	29284	906	5624	0	216	0	348	134	746	8414	2030	1526	0	
22008	Cerebelum_3_L	0	0	0	0	0	0	0	0	0	0	0	0	0	0	0	0	0	0	0	0	0	0	0	0	0	0	0	0	0	0	0	0	0	0	0	0	0	0	0	0	0	0	0	0	0	0	172	172	0	0	0	0	0	0	0	0	0	0	0	0	0	0	0	0	0	0	0	0	0	0	0	0	0	0	0	0	0	0	0	0	0	0	0	0	0	0	0	0	0	0	638	0	0	0	0	0	4338	122	1510	92	0	0	0	0	346	0	0	0	1240	1260	1006	108	0	0	0	0	
50804	Cerebelum_3_R	0	0	0	0	0	0	0	0	0	0	0	0	0	0	0	0	0	0	0	0	0	0	0	0	0	0	0	0	0	0	0	0	0	0	0	0	0	0	92	0	0	0	0	0	0	0	366	240	0	0	0	0	0	0	102	516	0	0	0	0	0	0	0	0	0	0	0	0	0	0	0	0	0	0	0	0	0	0	0	0	0	0	0	0	0	0	0	0	0	0	100	2634	0	358	0	0	966	5794	684	6254	0	88	0	0	194	296	0	0	688	3816	1094	668	0	112	340	0	
268932	Cerebelum_4_5_L	0	0	0	0	0	0	0	0	0	0	0	0	0	0	0	0	0	0	0	0	0	0	0	0	0	0	0	0	0	0	0	0	0	0	0	0	140	0	354	0	0	0	262	0	0	0	12760	2746	0	0	120	0	1280	350	12080	1708	0	0	0	0	0	0	0	0	0	0	0	0	0	0	0	0	0	0	0	0	0	0	0	0	0	0	0	0	0	0	0	0	190	0	14152	1108	304	0	4338	966	0	5956	31248	5202	252	0	534	0	4364	2418	730	0	1766	2792	16646	5996	0	164	1284	2256	
239280	Cerebelum_4_5_R	0	0	0	0	0	0	0	0	0	0	0	0	0	0	0	0	0	0	0	0	0	0	0	0	0	0	0	0	0	0	0	0	0	0	0	0	0	584	0	866	0	0	700	0	0	0	2668	7088	0	0	0	0	0	1362	656	10780	0	0	0	0	0	0	0	0	0	0	0	500	0	0	0	0	0	0	0	0	0	0	0	0	0	0	0	0	0	0	0	0	0	0	800	18130	234	1038	122	5794	5956	0	4610	31728	186	128	270	534	1170	326	444	0	340	3076	16310	2674	154	0	112	300	
448548	Cerebelum_6_L	0	0	0	0	0	0	0	0	0	0	0	0	0	0	0	0	0	0	0	0	0	0	0	0	0	0	0	0	0	0	0	0	0	0	0	0	0	0	240	0	0	0	352	0	0	0	15378	5272	0	0	900	0	4290	358	23298	1866	0	0	0	0	0	0	0	0	0	0	0	0	0	0	0	0	0	0	0	0	0	0	0	0	0	0	0	0	0	0	0	0	1162	0	45326	1102	7482	310	1510	684	31248	4610	0	7778	5894	0	10304	274	8418	3822	2316	226	1166	1694	12542	14334	1730	2958	3934	1496	
440776	Cerebelum_6_R	0	0	0	0	0	0	0	0	0	0	0	0	0	0	0	0	0	0	0	0	0	0	0	0	0	0	0	0	0	0	0	0	0	0	0	0	0	0	0	0	0	0	412	0	0	0	2290	14100	0	0	0	0	0	4400	932	21934	0	0	0	0	0	0	0	0	0	0	0	0	0	0	0	0	0	0	0	0	0	0	0	0	0	0	0	0	0	0	0	0	0	180	3992	49512	2312	9912	92	6254	5202	31728	7778	0	1002	2286	1520	6462	1678	1902	700	1400	474	3592	14760	11274	8258	1952	2098	0	
258724	Cerebelum_7b_L	0	0	0	0	0	0	0	0	0	0	0	0	0	0	0	0	0	0	0	0	0	0	0	0	0	0	0	0	0	0	0	0	0	0	0	0	0	0	0	0	0	0	0	0	0	0	0	0	0	0	0	0	0	0	138	0	0	0	0	0	0	0	0	0	0	0	0	0	0	0	0	0	0	0	0	0	0	0	0	0	0	0	0	0	0	0	0	0	0	0	15060	948	39038	4616	0	0	252	186	5894	1002	0	3312	35764	4574	7930	1304	378	0	0	0	278	322	4868	3118	380	0	
169804	Cerebelum_7b_R	0	0	0	0	0	0	0	0	0	0	0	0	0	0	0	0	0	0	0	0	0	0	0	0	0	0	0	0	0	0	0	0	0	0	0	0	0	0	0	0	0	0	0	0	0	0	0	0	0	0	0	0	0	0	0	0	0	0	0	0	0	0	0	0	0	0	0	0	0	0	0	0	0	0	0	0	0	0	0	0	0	0	0	0	0	0	0	0	0	0	356	9726	3798	26330	0	88	0	128	0	2286	3312	0	3158	26908	366	3600	0	92	0	88	0	0	2334	2332	0	0	
330824	Cerebelum_8_L	0	0	0	0	0	0	0	0	0	0	0	0	0	0	0	0	0	0	0	0	0	0	0	0	0	0	0	0	0	0	0	0	0	0	0	0	0	0	0	0	0	0	0	0	0	0	0	0	0	0	0	0	0	0	690	0	0	0	0	0	0	0	0	0	0	0	0	0	0	0	0	0	0	0	0	0	0	0	0	0	0	0	0	0	0	0	0	0	146	0	24480	1268	36864	4368	0	0	534	270	10304	1520	35764	3158	0	6338	21958	2282	1068	0	0	0	508	972	5118	5894	1822	86	
272036	Cerebelum_8_R	0	0	0	0	0	0	0	0	0	0	0	0	0	0	0	0	0	0	0	0	0	0	0	0	0	0	0	0	0	0	0	0	0	0	0	0	0	0	0	0	0	0	0	0	0	0	0	104	0	0	0	0	0	0	0	290	0	0	0	0	0	0	0	0	0	0	0	0	0	0	0	0	0	0	0	0	0	0	0	0	0	0	0	0	0	0	0	0	0	0	1620	24894	5076	29284	0	0	0	534	274	6462	4574	26908	6338	0	1278	15468	0	708	0	0	0	254	5522	4802	1628	0	
190456	Cerebelum_9_L	0	0	0	0	0	0	0	0	0	0	0	0	0	0	0	0	0	0	0	0	0	0	0	0	0	0	0	0	0	0	0	0	0	0	0	0	0	0	0	0	0	0	0	0	0	0	1104	626	0	0	0	0	0	0	288	480	0	0	0	0	0	0	0	0	0	0	0	0	0	0	0	0	0	0	0	0	0	0	0	0	0	0	0	0	0	0	0	0	0	0	9104	322	9980	906	346	194	4364	1170	8418	1678	7930	366	21958	1278	0	3236	2506	110	188	322	3856	4452	1530	3378	3996	1142	
149256	Cerebelum_9_R	0	0	0	0	0	0	0	0	0	0	0	0	0	0	0	0	0	0	0	0	0	0	0	0	0	0	0	0	0	0	0	0	0	0	0	0	0	0	0	0	0	0	0	0	0	0	1238	0	0	0	0	0	0	0	324	0	0	0	0	0	0	0	0	0	0	0	0	0	0	0	0	0	0	0	0	0	0	0	0	0	0	0	0	0	0	0	0	0	0	0	1232	3538	1342	5624	0	296	2418	326	3822	1902	1304	3600	2282	15468	3236	0	330	1524	606	828	2710	5538	3074	4096	5780	2190	
24352	Cerebelum_10_L	0	0	0	0	0	0	0	0	0	0	0	0	0	0	0	0	0	0	0	0	0	0	0	0	0	0	0	0	0	0	0	0	0	0	0	0	0	0	0	0	0	0	0	0	0	0	86	0	0	0	0	0	0	0	0	0	0	0	0	0	0	0	0	0	0	0	0	0	0	0	0	0	0	0	0	0	0	0	0	0	0	0	0	0	0	0	0	0	0	0	712	0	112	0	0	0	730	444	2316	700	378	0	1068	0	2506	330	0	0	0	0	1016	1080	0	220	378	100	
14380	Cerebelum_10_R	0	0	0	0	0	0	0	0	0	0	0	0	0	0	0	0	0	0	0	0	0	0	0	0	0	0	0	0	0	0	0	0	0	0	0	0	0	0	0	0	0	0	0	0	0	0	0	0	0	0	0	0	0	0	0	0	0	0	0	0	0	0	0	0	0	0	0	0	0	0	0	0	0	0	0	0	0	0	0	0	0	0	0	0	0	0	0	0	0	0	0	1008	0	216	0	0	0	0	226	1400	0	92	0	708	110	1524	0	0	0	0	0	390	894	436	186	0	
30852	Vermis_1_2	0	0	0	0	0	0	0	0	0	0	0	0	0	0	0	0	0	0	0	0	0	0	0	0	0	0	0	0	0	0	0	0	0	0	0	0	0	0	0	0	0	0	0	0	0	0	334	0	0	0	0	0	0	0	240	0	0	0	0	0	0	0	0	0	0	0	0	0	0	0	0	0	0	0	0	0	0	0	0	0	0	0	0	0	0	0	0	0	0	0	280	108	0	0	1240	688	1766	340	1166	474	0	0	0	0	188	606	0	0	0	4438	1958	828	0	192	580	0	
62996	Vermis_3	0	0	0	0	0	0	0	0	0	0	0	0	0	0	0	0	0	0	0	0	0	0	0	0	0	0	0	0	0	0	0	0	0	0	0	0	0	0	96	0	0	0	92	0	0	0	628	98	0	0	0	0	0	0	290	378	0	0	0	0	0	0	0	0	0	0	0	0	0	0	0	0	0	0	0	0	0	0	0	0	0	0	0	0	0	0	0	0	0	0	344	1446	0	348	1260	3816	2792	3076	1694	3592	0	88	0	0	322	828	0	0	4438	0	3402	1336	0	262	872	0	
