data	data	484872	269712	922680	664764	120776	89148	503848	214104	80964	18508	190448	119868	213992	100560	155552	98188	175472	119764	838364	818616	86412	83756	368920	418964	32092	89404	45952	52904	516056	296424	319488	494516	190284	607484	126580	142920	336448	376856	159344	241368	48576	82396	227948	400352	188192	410676	321880	337908	186624	429620	405608	217364	200360	144784	528396	550008	229476	249548	176592	81700	161840	86832	121300	125668	102900	144432	313964	479020	380904	237540	280260	370492	405464	324384	56776	68376	205548	207916	85624	39604	181376	144740	116652	71492	307196	212812	38020	21220	358948	321248	654312	492720	368788	282440	76476	75852	431408	341220	687040	577144	280496	172996	399328	339080	181068	165664	37772	48016	34956	62028	317404	315436	235600	110756	97084	34228	
data	data	Precentral_L	Precentral_R	Frontal_Sup_L	Frontal_Sup_R	Frontal_Sup_Orb_L	Frontal_Sup_Orb_R	Frontal_Mid_L	Frontal_Mid_R	Frontal_Mid_Orb_L	Frontal_Mid_Orb_R	Frontal_Inf_Oper_L	Frontal_Inf_Oper_R	Frontal_Inf_Tri_L	Frontal_Inf_Tri_R	Frontal_Inf_Orb_L	Frontal_Inf_Orb_R	Rolandic_Oper_L	Rolandic_Oper_R	Supp_Motor_Area_L	Supp_Motor_Area_R	Olfactory_L	Olfactory_R	Frontal_Sup_Medial_L	Frontal_Sup_Medial_R	Frontal_Med_Orb_L	Frontal_Med_Orb_R	Rectus_L	Rectus_R	Insula_L	Insula_R	Cingulum_Ant_L	Cingulum_Ant_R	Cingulum_Mid_L	Cingulum_Mid_R	Cingulum_Post_L	Cingulum_Post_R	Hippocampus_L	Hippocampus_R	ParaHippocampal_L	ParaHippocampal_R	Amygdala_L	Amygdala_R	Calcarine_L	Calcarine_R	Cuneus_L	Cuneus_R	Lingual_L	Lingual_R	Occipital_Sup_L	Occipital_Sup_R	Occipital_Mid_L	Occipital_Mid_R	Occipital_Inf_L	Occipital_Inf_R	Fusiform_L	Fusiform_R	Postcentral_L	Postcentral_R	Parietal_Sup_L	Parietal_Sup_R	Parietal_Inf_L	Parietal_Inf_R	SupraMarginal_L	SupraMarginal_R	Angular_L	Angular_R	Precuneus_L	Precuneus_R	Paracentral_Lobule_L	Paracentral_Lobule_R	Caudate_L	Caudate_R	Putamen_L	Putamen_R	Pallidum_L	Pallidum_R	Thalamus_L	Thalamus_R	Heschl_L	Heschl_R	Temporal_Sup_L	Temporal_Sup_R	Temporal_Pole_Sup_L	Temporal_Pole_Sup_R	Temporal_Mid_L	Temporal_Mid_R	Temporal_Pole_Mid_L	Temporal_Pole_Mid_R	Temporal_Inf_L	Temporal_Inf_R	Cerebelum_Crus1_L	Cerebelum_Crus1_R	Cerebelum_Crus2_L	Cerebelum_Crus2_R	Cerebelum_3_L	Cerebelum_3_R	Cerebelum_4_5_L	Cerebelum_4_5_R	Cerebelum_6_L	Cerebelum_6_R	Cerebelum_7b_L	Cerebelum_7b_R	Cerebelum_8_L	Cerebelum_8_R	Cerebelum_9_L	Cerebelum_9_R	Cerebelum_10_L	Cerebelum_10_R	Vermis_1_2	Vermis_3	Vermis_4_5	Vermis_6	Vermis_7	Vermis_8	Vermis_9	Vermis_10	
484872	Precentral_L	0	2416	24810	1012	0	0	17542	0	0	0	13556	0	1272	0	0	0	8346	0	25156	10858	0	0	96	0	0	0	0	0	12300	96	94	0	2294	7100	2446	2100	8216	1452	812	156	0	0	460	0	98	0	178	228	0	0	214	0	0	0	688	102	23570	0	454	0	1946	0	1542	0	402	0	934	542	29602	1544	5928	110	11140	108	4932	0	7664	1182	3590	0	1670	0	406	0	140	0	0	0	710	0	0	0	0	0	0	0	0	0	0	0	0	0	0	0	0	0	0	0	0	0	222	0	0	0	0	0	
269712	Precentral_R	2416	0	470	4702	0	0	420	5194	0	0	0	3826	0	114	0	0	0	2452	586	12736	0	0	0	158	0	0	0	0	0	1884	108	292	0	9630	190	1226	214	3904	0	682	0	0	0	2806	0	1866	0	528	0	3072	0	618	0	126	0	1488	1100	21988	0	402	0	1288	0	2872	0	1468	0	8238	1680	9870	182	4970	0	2872	0	614	1022	7676	0	330	0	1402	0	0	0	2464	0	0	0	2710	0	0	0	0	0	0	0	0	0	0	0	0	0	0	0	0	0	0	0	0	0	0	0	0	0	0	
922680	Frontal_Sup_L	24810	470	0	11176	10768	0	67864	482	5696	0	14172	0	15910	104	10124	0	4738	0	83584	15454	376	0	39804	8720	800	134	280	0	32836	276	21692	9316	4168	9012	0	132	2334	150	656	0	98	0	0	0	0	0	0	0	0	0	0	0	0	0	658	0	2340	0	0	0	0	0	0	0	0	0	0	0	12396	0	13286	580	26556	160	2448	0	1490	306	268	0	1788	0	2248	0	184	0	0	0	496	0	0	0	0	0	0	0	0	0	0	0	0	0	0	0	0	0	0	0	0	0	0	0	0	0	0	0	
664764	Frontal_Sup_R	1012	4702	11176	0	0	4168	2040	33722	0	474	0	7764	194	6982	0	4490	0	4346	19750	56038	0	0	9532	38358	0	2972	0	100	500	14864	4962	34256	2192	18336	94	0	0	1098	0	634	0	0	0	0	0	0	0	98	0	0	0	0	0	0	0	484	146	324	0	0	0	0	0	0	0	0	0	0	636	110	5992	16272	598	15648	0	924	528	5622	0	0	0	0	0	244	0	0	0	0	0	0	0	0	0	0	0	0	0	0	0	0	0	0	0	0	0	0	0	0	0	0	0	0	0	0	0	0	
120776	Frontal_Sup_Orb_L	0	0	10768	0	0	0	1876	0	10612	0	0	0	700	0	7976	0	0	0	870	0	1734	240	3324	194	3628	84	4528	0	2418	0	4690	186	0	0	0	0	0	0	0	0	582	0	0	0	0	0	0	0	0	0	0	0	0	0	0	0	0	0	0	0	0	0	0	0	0	0	0	0	0	0	1098	178	4166	0	0	0	0	0	0	0	0	0	536	0	0	0	0	0	0	0	0	0	0	0	0	0	0	0	0	0	0	0	0	0	0	0	0	0	0	0	0	0	0	0	0	0	
89148	Frontal_Sup_Orb_R	0	0	0	4168	0	0	0	618	0	2960	0	0	0	108	0	2450	0	0	0	726	272	890	0	3814	188	8490	166	6496	0	742	166	3090	0	0	0	0	0	0	0	0	0	220	0	0	0	0	0	0	0	0	0	0	0	0	0	0	0	0	0	0	0	0	0	0	0	0	0	0	0	0	304	5530	168	2886	0	0	0	122	0	0	0	0	0	0	0	0	0	0	0	0	0	0	0	0	0	0	0	0	0	0	0	0	0	0	0	0	0	0	0	0	0	0	0	0	0	0	
503848	Frontal_Mid_L	17542	420	67864	2040	1876	0	0	84	5368	0	11496	0	34936	0	14008	0	1390	0	16128	1772	90	0	16194	3144	0	0	0	0	25130	0	4926	2724	2366	3696	252	0	1968	116	438	0	0	0	110	0	0	0	0	0	0	0	0	0	0	0	230	0	590	0	0	0	0	0	0	0	0	0	108	0	1058	0	1488	0	9356	0	0	0	830	136	600	0	432	0	916	0	0	0	0	0	102	0	0	0	0	0	0	0	0	0	0	0	0	0	0	0	0	0	0	0	0	0	0	0	0	0	0	0	
214104	Frontal_Mid_R	0	5194	482	33722	0	618	84	0	0	1304	0	7984	0	14590	0	4650	0	1794	1994	6978	0	0	522	3550	0	0	0	0	0	7222	490	3104	0	1922	0	0	0	724	0	400	0	0	0	0	0	0	0	0	0	0	0	0	0	0	0	422	0	174	0	0	0	0	0	0	0	0	0	0	0	0	648	2342	0	5120	0	1018	0	0	0	0	0	0	0	0	0	0	0	0	0	0	0	0	0	0	0	0	0	0	0	0	0	0	0	0	0	0	0	0	0	0	0	0	0	0	0	0	
80964	Frontal_Mid_Orb_L	0	0	5696	0	10612	0	5368	0	0	0	0	0	1676	0	10784	0	0	0	148	0	252	0	0	0	1000	0	2042	0	1548	0	354	0	0	0	0	0	0	0	0	0	0	0	0	0	0	0	0	0	0	0	0	0	0	0	0	0	0	0	0	0	0	0	0	0	0	0	0	0	0	0	318	0	518	0	0	0	0	0	0	0	0	0	166	0	0	0	0	0	0	0	0	0	0	0	0	0	0	0	0	0	0	0	0	0	0	0	0	0	0	0	0	0	0	0	0	0	
18508	Frontal_Mid_Orb_R	0	0	0	474	0	2960	0	1304	0	0	0	0	0	226	0	3288	0	0	0	0	0	0	0	0	0	158	0	186	0	196	0	0	0	0	0	0	0	0	0	0	0	0	0	0	0	0	0	0	0	0	0	0	0	0	0	0	0	0	0	0	0	0	0	0	0	0	0	0	0	0	0	184	0	278	0	0	0	0	0	0	0	0	0	0	0	0	0	0	0	0	0	0	0	0	0	0	0	0	0	0	0	0	0	0	0	0	0	0	0	0	0	0	0	0	0	0	
190448	Frontal_Inf_Oper_L	13556	0	14172	0	0	0	11496	0	0	0	0	0	8984	0	152	0	7916	0	7982	0	0	0	404	0	0	0	0	0	13194	0	164	0	0	0	0	0	1680	0	236	0	0	0	0	0	0	0	0	0	0	0	0	0	0	0	322	0	6470	0	0	0	0	0	0	0	0	0	0	0	210	0	0	0	928	0	0	0	414	0	1388	0	2716	0	2536	0	0	0	0	0	304	0	0	0	0	0	0	0	0	0	0	0	0	0	0	0	0	0	0	0	0	0	0	0	0	0	0	0	
119868	Frontal_Inf_Oper_R	0	3826	0	7764	0	0	0	7984	0	0	0	0	0	7448	0	1220	0	3498	116	4412	0	0	0	0	0	0	0	0	0	10898	384	836	0	104	0	0	0	1232	0	540	0	0	0	0	0	0	0	0	0	0	0	0	0	0	0	944	0	2024	0	0	0	0	0	0	0	0	0	0	0	0	128	418	0	4542	0	712	0	104	0	0	0	0	0	606	0	0	0	0	0	194	0	0	0	0	0	0	0	0	0	0	0	0	0	0	0	0	0	0	0	0	0	0	0	0	0	0	
213992	Frontal_Inf_Tri_L	1272	0	15910	194	700	0	34936	0	1676	0	8984	0	0	0	12856	0	802	0	3790	218	0	0	1758	286	0	0	0	0	20024	0	242	160	666	280	0	0	150	0	0	0	0	0	0	0	0	0	0	0	0	0	0	0	0	0	0	0	0	0	0	0	0	0	0	0	0	0	0	0	0	0	0	0	1044	0	0	0	0	0	0	0	348	0	700	0	0	0	0	0	0	0	0	0	0	0	0	0	0	0	0	0	0	0	0	0	0	0	0	0	0	0	0	0	0	0	0	0	
100560	Frontal_Inf_Tri_R	0	114	104	6982	0	108	0	14590	0	226	0	7448	0	0	0	5820	0	218	1198	2780	0	0	0	776	0	0	0	0	0	5808	298	606	0	1164	0	0	0	86	0	0	0	0	0	0	0	0	0	0	0	0	0	0	0	0	0	0	0	0	0	0	0	0	0	0	0	0	0	0	0	0	96	308	0	1188	0	262	0	0	0	0	0	0	0	100	0	0	0	0	0	0	0	0	0	0	0	0	0	0	0	0	0	0	0	0	0	0	0	0	0	0	0	0	0	0	0	0	
155552	Frontal_Inf_Orb_L	0	0	10124	0	7976	0	14008	0	10784	0	152	0	12856	0	0	0	0	0	282	0	1958	218	166	0	228	0	1198	0	9962	0	418	0	86	0	0	0	0	0	96	0	614	0	0	0	0	0	0	0	0	0	0	0	0	0	0	0	0	0	0	0	0	0	0	0	0	0	0	0	0	0	876	164	3758	0	0	0	0	0	0	0	0	0	1852	0	0	0	0	0	0	0	0	0	0	0	0	0	0	0	0	0	0	0	0	0	0	0	0	0	0	0	0	0	0	0	0	0	
98188	Frontal_Inf_Orb_R	0	0	0	4490	0	2450	0	4650	0	3288	0	1220	0	5820	0	0	0	404	1080	2758	350	1804	0	418	0	0	0	1416	0	9058	0	766	0	1612	0	0	0	98	0	0	0	430	0	0	0	0	0	0	0	0	0	0	0	0	0	148	0	0	0	0	0	0	0	0	0	0	0	0	0	0	196	780	0	3038	0	0	0	0	0	0	0	680	0	2008	0	132	0	0	0	0	0	0	0	0	0	0	0	0	0	0	0	0	0	0	0	0	0	0	0	0	0	0	0	0	0	0	
175472	Rolandic_Oper_L	8346	0	4738	0	0	0	1390	0	0	0	7916	0	802	0	0	0	0	0	5126	0	0	0	0	0	0	0	0	0	15708	0	0	0	0	0	0	0	2422	0	478	0	0	0	0	0	0	0	0	0	0	0	548	0	454	0	786	0	11382	0	1008	0	1286	0	1972	0	254	0	130	0	710	0	0	0	1260	0	94	0	180	0	5836	0	6578	0	1978	0	2406	0	0	0	3342	0	606	0	0	0	0	0	0	0	0	0	0	0	0	0	0	0	0	0	0	0	0	0	0	0	0	0	
119764	Rolandic_Oper_R	0	2452	0	4346	0	0	0	1794	0	0	0	3498	0	218	0	404	0	0	0	3824	0	0	0	0	0	0	0	0	0	12216	0	0	0	92	0	0	0	2324	0	360	0	0	0	0	0	0	0	466	0	400	0	0	0	0	0	506	0	4730	0	0	0	0	0	4426	0	354	0	196	0	110	0	206	0	6496	0	1300	0	1000	0	2148	0	4506	0	778	0	390	0	0	0	342	0	0	0	0	0	0	0	0	0	0	0	0	0	0	0	0	0	0	0	0	0	0	0	0	0	0	
838364	Supp_Motor_Area_L	25156	586	83584	19750	870	0	16128	1994	148	0	7982	116	3790	1198	282	1080	5126	0	0	50312	0	0	12184	10190	0	0	0	0	19326	1052	11540	12842	10042	28712	232	400	4692	588	508	256	0	0	0	0	0	0	0	0	0	0	0	0	0	0	648	96	2304	0	0	0	0	0	0	0	0	0	118	154	29504	400	15290	684	22086	254	4514	0	6256	652	274	0	2588	0	1844	0	222	0	0	0	628	0	0	0	0	0	0	0	0	0	0	0	0	0	0	0	0	0	0	0	0	0	0	0	0	0	0	0	
818616	Supp_Motor_Area_R	10858	12736	15454	56038	0	726	1772	6978	0	0	0	4412	218	2780	0	2758	0	3824	50312	0	0	0	3020	17128	0	418	0	0	430	9200	3130	18572	11280	55234	944	3744	788	3738	128	692	0	0	0	1336	0	414	0	496	0	324	0	188	0	86	0	730	520	3682	0	0	0	0	0	286	0	118	394	4756	15804	15526	5966	21142	212	10668	0	3570	3806	19412	0	348	0	850	0	188	0	594	0	0	0	490	0	0	0	0	0	0	0	0	0	0	0	0	0	0	0	0	0	0	0	0	90	0	0	0	0	0	
86412	Olfactory_L	0	0	376	0	1734	272	90	0	252	0	0	0	0	0	1958	350	0	0	0	0	0	6380	0	0	338	84	2012	846	2940	326	1888	1054	0	0	0	0	290	0	518	0	1538	0	0	0	0	0	0	0	0	0	0	0	0	0	84	0	0	0	0	0	0	0	0	0	0	0	0	0	0	0	7250	5498	5346	788	114	0	0	0	0	0	0	0	880	0	0	0	0	0	0	0	0	0	0	0	0	0	0	0	0	0	0	0	0	0	0	0	0	0	0	0	0	0	0	0	0	0	
83756	Olfactory_R	0	0	0	0	240	890	0	0	0	0	0	0	0	0	218	1804	0	0	0	0	6380	0	0	0	0	208	1260	2084	88	1870	1754	1438	0	0	0	0	0	200	0	116	0	524	0	0	0	0	0	0	0	0	0	0	0	0	0	0	0	0	0	0	0	0	0	0	0	0	0	0	0	0	7526	7314	6076	1298	342	148	0	0	0	0	0	0	0	100	0	0	0	0	0	0	0	0	0	0	0	0	0	0	0	0	0	0	0	0	0	0	0	0	0	0	0	0	0	0	0	0	
368920	Frontal_Sup_Medial_L	96	0	39804	9532	3324	0	16194	522	0	0	404	0	1758	0	166	0	0	0	12184	3020	0	0	0	23570	1890	1174	298	0	3688	0	22298	19092	3820	14496	0	0	0	0	0	0	0	0	0	0	0	0	0	0	0	0	0	0	0	0	0	0	0	0	0	0	0	0	0	0	0	0	0	0	0	0	874	592	5528	136	0	0	0	0	0	0	0	0	0	0	0	0	0	0	0	0	0	0	0	0	0	0	0	0	0	0	0	0	0	0	0	0	0	0	0	0	0	0	0	0	0	0	
418964	Frontal_Sup_Medial_R	0	158	8720	38358	194	3814	3144	3550	0	0	0	0	286	776	0	418	0	0	10190	17128	0	0	23570	0	344	7474	0	476	626	756	8024	37058	1016	22186	0	0	0	226	0	130	0	0	0	0	0	0	0	0	0	0	0	0	0	0	0	0	0	0	0	0	0	0	0	0	0	0	0	0	0	0	1210	13174	1390	4746	0	0	0	340	0	0	0	0	0	0	0	0	0	0	0	0	0	0	0	0	0	0	0	0	0	0	0	0	0	0	0	0	0	0	0	0	0	0	0	0	0	0	
32092	Frontal_Med_Orb_L	0	0	800	0	3628	188	0	0	1000	0	0	0	0	0	228	0	0	0	0	0	338	0	1890	344	0	918	1930	172	100	0	3116	210	0	0	0	0	0	0	0	0	0	0	0	0	0	0	0	0	0	0	0	0	0	0	0	0	0	0	0	0	0	0	0	0	0	0	0	0	0	0	632	118	434	0	0	0	0	0	0	0	0	0	0	0	0	0	0	0	0	0	0	0	0	0	0	0	0	0	0	0	0	0	0	0	0	0	0	0	0	0	0	0	0	0	0	0	
89404	Frontal_Med_Orb_R	0	0	134	2972	84	8490	0	0	0	158	0	0	0	0	0	0	0	0	0	418	84	208	1174	7474	918	0	84	6716	0	0	1778	5820	0	0	0	0	0	0	0	0	0	0	0	0	0	0	0	0	0	0	0	0	0	0	0	0	0	0	0	0	0	0	0	0	0	0	0	0	0	0	330	6038	90	1732	0	0	0	0	0	0	0	0	0	0	0	0	0	0	0	0	0	0	0	0	0	0	0	0	0	0	0	0	0	0	0	0	0	0	0	0	0	0	0	0	0	0	
45952	Rectus_L	0	0	280	0	4528	166	0	0	2042	0	0	0	0	0	1198	0	0	0	0	0	2012	1260	298	0	1930	84	0	442	438	92	2756	392	0	0	0	0	0	0	0	0	98	0	0	0	0	0	0	0	0	0	0	0	0	0	0	0	0	0	0	0	0	0	0	0	0	0	0	0	0	0	2314	976	1580	0	0	0	0	0	0	0	0	0	90	0	0	0	0	0	0	0	0	0	0	0	0	0	0	0	0	0	0	0	0	0	0	0	0	0	0	0	0	0	0	0	0	0	
52904	Rectus_R	0	0	0	100	0	6496	0	0	0	186	0	0	0	0	0	1416	0	0	0	0	846	2084	0	476	172	6716	442	0	0	1268	756	1490	0	0	0	0	0	0	0	0	0	266	0	0	0	0	0	0	0	0	0	0	0	0	0	0	0	0	0	0	0	0	0	0	0	0	0	0	0	0	610	2020	452	656	0	0	0	0	0	0	0	0	0	0	0	0	0	0	0	0	0	0	0	0	0	0	0	0	0	0	0	0	0	0	0	0	0	0	0	0	0	0	0	0	0	0	
516056	Insula_L	12300	0	32836	500	2418	0	25130	0	1548	0	13194	0	20024	0	9962	0	15708	0	19326	430	2940	88	3688	626	100	0	438	0	0	0	2362	540	1234	624	238	0	16150	126	2482	0	4196	0	86	0	0	0	120	0	0	0	106	0	118	0	3958	0	7400	0	620	0	694	0	424	0	230	0	148	0	812	0	1104	118	21132	0	102	0	2704	158	7986	0	6802	0	7362	0	1136	0	104	0	4962	0	318	0	0	0	0	0	0	0	116	0	0	0	0	0	0	0	0	0	0	0	0	0	0	0	0	0	
296424	Insula_R	96	1884	276	14864	0	742	0	7222	0	196	0	10898	0	5808	0	9058	0	12216	1052	9200	326	1870	0	756	0	0	92	1268	0	0	124	546	0	902	238	356	122	10428	0	3772	0	1214	0	360	0	0	0	404	0	154	0	0	0	220	0	5074	0	1408	0	0	0	0	0	228	0	100	0	564	86	154	400	1410	132	20864	0	882	634	3048	0	2974	0	6962	0	1676	0	1894	0	0	0	2388	0	154	0	0	0	0	0	150	0	366	0	0	0	0	0	0	0	0	0	0	0	0	0	0	0	0	
319488	Cingulum_Ant_L	94	108	21692	4962	4690	166	4926	490	354	0	164	384	242	298	418	0	0	0	11540	3130	1888	1754	22298	8024	3116	1778	2756	756	2362	124	0	24440	4222	5254	396	0	0	0	0	0	0	0	0	0	0	0	0	0	0	0	0	0	0	0	0	0	0	0	0	0	0	0	0	0	0	0	0	0	0	0	7170	6212	10976	2372	0	188	0	0	0	0	0	0	0	0	0	0	0	0	0	0	0	0	0	0	0	0	0	0	0	0	0	0	0	0	0	0	0	0	0	0	0	0	0	0	0	0	
494516	Cingulum_Ant_R	0	292	9316	34256	186	3090	2724	3104	0	0	0	836	160	606	0	766	0	0	12842	18572	1054	1438	19092	37058	210	5820	392	1490	540	546	24440	0	3690	26482	0	0	0	234	0	140	0	0	0	0	0	0	0	0	0	0	0	0	0	0	0	0	0	0	0	0	0	0	0	0	0	0	0	0	0	0	3998	21022	3342	8232	92	784	0	412	0	0	0	0	0	0	0	0	0	0	0	0	0	0	0	0	0	0	0	0	0	0	0	0	0	0	0	0	0	0	0	0	0	0	0	0	0	0	
190284	Cingulum_Mid_L	2294	0	4168	2192	0	0	2366	0	0	0	0	0	666	0	86	0	0	0	10042	11280	0	0	3820	1016	0	0	0	0	1234	0	4222	3690	0	17656	5618	1388	0	0	0	0	0	0	318	0	2528	84	0	0	298	0	1544	0	1102	0	1062	0	874	0	200	0	0	0	0	0	0	0	7114	1206	5826	496	0	0	666	0	0	0	0	0	0	0	0	0	0	0	86	0	0	0	0	0	0	0	0	0	0	0	0	0	0	0	0	0	0	0	0	0	0	0	0	0	0	0	0	0	0	0	
607484	Cingulum_Mid_R	7100	9630	9012	18336	0	0	3696	1922	0	0	0	104	280	1164	0	1612	0	92	28712	55234	0	0	14496	22186	0	0	0	0	624	902	5254	26482	17656	0	1030	9896	358	1206	0	148	0	0	0	3810	0	2342	0	426	0	1438	0	650	0	278	0	592	208	2910	0	0	0	0	0	156	0	0	2462	13984	11848	15058	406	1552	1290	336	0	0	1072	2930	0	140	0	746	0	0	0	1154	0	0	0	684	0	0	0	0	0	0	0	0	0	0	0	0	0	0	0	0	0	0	0	0	138	0	0	0	0	0	
126580	Cingulum_Post_L	2446	190	0	94	0	0	252	0	0	0	0	0	0	0	0	0	0	0	232	944	0	0	0	0	0	0	0	0	238	238	396	0	5618	1030	0	6794	6254	1934	2748	120	0	0	5168	256	1230	0	1190	344	174	0	902	0	208	0	1328	0	304	0	306	0	0	0	0	0	0	0	9918	1838	5172	440	0	0	0	0	0	0	1624	400	306	110	0	228	0	0	538	86	0	0	664	96	0	0	0	0	0	0	118	0	0	0	0	0	0	0	0	0	0	0	0	0	814	0	0	0	0	0	
142920	Cingulum_Post_R	2100	1226	132	0	0	0	0	0	0	0	0	0	0	0	0	0	0	0	400	3744	0	0	0	0	0	0	0	0	0	356	0	0	1388	9896	6794	0	1882	5724	314	852	0	0	88	2014	0	518	0	2938	0	180	0	0	0	0	120	714	0	716	0	0	0	0	0	0	0	0	2542	10428	2700	3554	136	0	0	110	0	0	4522	3306	0	144	0	330	0	0	0	138	0	0	0	288	0	0	0	0	0	0	0	0	0	0	0	0	0	0	0	0	0	0	0	0	1166	0	0	0	0	0	
336448	Hippocampus_L	8216	214	2334	0	0	0	1968	0	0	0	1680	0	150	0	0	0	2422	0	4692	788	290	0	0	0	0	0	0	0	16150	122	0	0	0	358	6254	1882	0	1978	20806	496	6494	0	3804	0	0	0	7116	428	0	0	584	0	1052	0	22612	238	1474	0	204	0	178	0	128	0	0	0	4690	162	5472	346	224	0	9032	0	948	0	6506	678	3660	0	2942	118	2126	0	1452	0	262	0	11330	0	648	0	0	0	0	0	594	176	818	0	0	0	0	0	0	0	0	0	0	212	716	0	0	0	0	0	
376856	Hippocampus_R	1452	3904	150	1098	0	0	116	724	0	0	0	1232	0	86	0	98	0	2324	588	3738	0	200	0	226	0	0	0	0	126	10428	0	234	0	1206	1934	5724	1978	0	590	31476	0	13162	0	650	0	184	282	7342	0	402	0	0	0	358	376	28090	0	1122	0	0	0	734	0	896	0	912	0	6562	1544	1472	110	938	0	12400	0	2420	4402	7510	0	1930	0	3400	0	2114	0	4194	0	626	0	9622	0	610	0	0	0	130	0	1964	0	1192	0	0	0	0	0	0	0	0	0	0	1146	0	0	0	0	0	
159344	ParaHippocampal_L	812	0	656	0	0	0	438	0	0	0	236	0	0	0	96	0	478	0	508	128	518	0	0	0	0	0	0	0	2482	0	0	0	0	0	2748	314	20806	590	0	384	3120	0	3114	0	0	0	7648	376	0	0	206	0	250	0	14596	164	242	0	0	0	0	0	0	0	0	0	4068	0	420	0	0	0	2426	0	0	0	2180	238	84	0	242	0	2524	0	262	0	1346	0	1374	0	458	0	0	0	178	0	1270	154	856	0	0	0	0	0	0	0	0	0	152	394	136	0	0	0	0	0	
241368	ParaHippocampal_R	156	682	0	634	0	0	0	400	0	0	0	540	0	0	0	0	0	360	256	692	0	116	0	130	0	0	0	0	0	3772	0	140	0	148	120	852	496	31476	384	0	0	8660	0	634	0	0	270	9048	0	0	0	0	0	186	358	25468	0	112	0	0	0	154	0	0	0	176	0	3210	214	92	0	448	0	6310	0	1968	614	1986	0	372	0	814	0	2694	0	1494	0	604	0	2812	0	1640	0	84	0	452	0	5216	0	2484	0	0	0	96	0	0	0	0	0	0	554	0	106	0	0	0	
48576	Amygdala_L	0	0	98	0	582	0	0	0	0	0	0	0	0	0	614	0	0	0	0	0	1538	0	0	0	0	0	98	0	4196	0	0	0	0	0	0	0	6494	0	3120	0	0	0	0	0	0	0	0	0	0	0	0	0	0	0	2526	0	0	0	0	0	0	0	0	0	0	0	0	0	0	0	0	0	496	0	0	0	0	0	0	0	410	0	2788	0	0	0	668	0	660	0	0	0	0	0	0	0	0	0	0	0	0	0	0	0	0	0	0	0	0	0	0	0	0	0	0	0	
82396	Amygdala_R	0	0	0	0	0	220	0	0	0	0	0	0	0	0	0	430	0	0	0	0	0	524	0	0	0	0	0	266	0	1214	0	0	0	0	0	0	0	13162	0	8660	0	0	0	0	0	0	0	0	0	0	0	0	0	0	0	6308	0	0	0	0	0	0	0	0	0	0	0	0	0	0	0	146	0	1664	0	0	0	0	0	0	0	128	0	3492	0	1934	0	824	0	2226	0	0	0	0	0	0	0	0	0	0	0	0	0	0	0	0	0	0	0	0	0	0	0	0	0	0	
227948	Calcarine_L	460	0	0	0	0	0	110	0	0	0	0	0	0	0	0	0	0	0	0	0	0	0	0	0	0	0	0	0	86	0	0	0	318	0	5168	88	3804	0	3114	0	0	0	0	9272	12640	5302	12840	3032	8316	1628	15574	268	4410	0	4146	120	432	0	1076	0	300	0	0	0	122	0	13642	1062	192	0	0	0	0	0	0	0	0	0	166	0	0	0	0	0	2932	0	0	0	2122	0	92	0	0	0	0	0	144	0	160	0	0	0	0	0	0	0	0	0	0	0	746	90	0	0	0	0	
400352	Calcarine_R	0	2806	0	0	0	0	0	0	0	0	0	0	0	0	0	0	0	0	0	1336	0	0	0	0	0	0	0	0	0	360	0	0	0	3810	256	2014	0	650	0	634	0	0	9272	0	5290	30458	1882	23922	544	26070	164	20274	0	8874	0	10756	0	2222	0	102	0	592	0	512	0	1278	1184	24316	0	5392	0	0	0	0	0	0	0	0	0	150	0	366	0	0	0	6708	0	0	0	7132	0	0	0	0	0	0	0	188	0	168	0	0	0	0	0	0	0	0	0	0	272	222	0	0	0	0	
188192	Cuneus_L	98	0	0	0	0	0	0	0	0	0	0	0	0	0	0	0	0	0	0	0	0	0	0	0	0	0	0	0	0	0	0	0	2528	0	1230	0	0	0	0	0	0	0	12640	5290	0	9056	1994	648	19736	3090	14644	210	2488	0	2054	138	0	0	1412	0	0	0	0	0	104	0	13554	1702	166	0	0	0	0	0	0	0	0	0	0	0	0	0	0	0	1064	0	0	0	250	0	0	0	0	0	0	0	0	0	0	0	0	0	0	0	0	0	0	0	0	0	0	0	0	0	0	0	
410676	Cuneus_R	0	1866	0	0	0	0	0	0	0	0	0	0	0	0	0	0	0	0	0	414	0	0	0	0	0	0	0	0	0	0	0	0	84	2342	0	518	0	184	0	0	0	0	5302	30458	9056	0	404	5340	1488	49942	600	11216	0	6310	0	5024	0	8068	0	5140	0	180	0	546	0	700	4840	33322	0	8346	0	0	0	0	0	0	0	0	0	184	0	766	0	0	0	1864	0	0	0	10834	0	0	0	0	0	0	0	0	0	0	0	0	0	0	0	0	0	0	0	0	0	0	0	0	0	0	
321880	Lingual_L	178	0	0	0	0	0	0	0	0	0	0	0	0	0	0	0	0	0	0	0	0	0	0	0	0	0	0	0	120	0	0	0	0	0	1190	0	7116	282	7648	270	0	0	12840	1882	1994	404	0	3886	4400	112	11732	0	11426	86	26798	1476	0	0	0	0	0	0	0	0	0	0	3514	158	116	0	0	0	0	0	0	0	2024	114	114	0	0	0	0	0	212	0	0	0	716	0	10710	2604	274	0	150	106	9752	4200	15116	4054	0	0	0	0	0	112	0	0	104	336	7396	4902	0	0	0	316	
337908	Lingual_R	228	528	0	98	0	0	0	0	0	0	0	0	0	0	0	0	0	466	0	496	0	0	0	0	0	0	0	0	0	404	0	0	0	426	344	2938	428	7342	376	9048	0	0	3032	23922	648	5340	3886	0	0	6060	0	4166	354	6744	2012	28592	0	444	0	0	0	0	0	0	0	96	214	8176	120	242	0	198	0	1474	0	266	550	1192	0	0	0	0	0	0	0	112	0	0	0	2484	2678	4210	140	0	150	0	2388	7716	5460	10342	144	0	220	0	0	0	0	0	0	0	4840	6956	264	0	0	0	
186624	Occipital_Sup_L	0	0	0	0	0	0	0	0	0	0	0	0	0	0	0	0	0	0	0	0	0	0	0	0	0	0	0	0	0	0	0	0	298	0	174	0	0	0	0	0	0	0	8316	544	19736	1488	4400	0	0	130	30628	0	1480	0	896	0	144	0	9326	0	406	0	0	0	496	0	13038	184	230	0	0	0	0	0	0	0	0	0	0	0	0	0	0	0	1136	0	0	0	262	0	0	0	0	0	0	0	0	0	0	0	0	0	0	0	0	0	0	0	0	0	0	0	0	0	0	0	
429620	Occipital_Sup_R	0	3072	0	0	0	0	0	0	0	0	0	0	0	0	0	0	0	400	0	324	0	0	0	0	0	0	0	0	0	154	0	0	0	1438	0	180	0	402	0	0	0	0	1628	26070	3090	49942	112	6060	130	0	0	22028	0	9394	0	8200	0	9438	0	6300	0	2266	0	3214	0	6020	1592	25240	0	7462	0	0	0	0	0	0	0	0	0	254	0	1830	0	0	0	4072	0	0	0	14498	0	0	0	0	0	0	0	0	0	0	0	0	0	0	0	0	0	0	0	0	0	0	0	0	0	0	
405608	Occipital_Mid_L	214	0	0	0	0	0	0	0	0	0	0	0	0	0	0	0	548	0	0	0	0	0	0	0	0	0	0	0	106	0	0	0	1544	0	902	0	584	0	206	0	0	0	15574	164	14644	600	11732	0	30628	0	0	0	22092	0	12640	0	2208	0	19698	0	8478	0	1372	0	12932	0	17034	0	3930	0	0	0	0	0	0	0	0	0	0	0	564	0	0	0	17978	0	0	0	5460	0	104	0	0	0	0	0	0	0	422	0	0	0	0	0	0	0	0	0	0	0	112	334	0	0	0	0	
217364	Occipital_Mid_R	0	618	0	0	0	0	0	0	0	0	0	0	0	0	0	0	0	0	0	188	0	0	0	0	0	0	0	0	0	0	0	0	0	650	0	0	0	0	0	0	0	0	268	20274	210	11216	0	4166	0	22028	0	0	0	6964	0	3826	0	1290	0	448	0	1110	0	376	0	11456	0	6570	0	1948	0	0	0	0	0	0	0	0	0	0	0	888	0	0	0	11802	0	0	0	2386	0	0	0	0	0	0	0	0	0	0	0	0	0	0	0	0	0	0	0	0	0	0	0	0	0	0	
200360	Occipital_Inf_L	0	0	0	0	0	0	0	0	0	0	0	0	0	0	0	0	454	0	0	0	0	0	0	0	0	0	0	0	118	0	0	0	1102	0	208	0	1052	0	250	0	0	0	4410	0	2488	0	11426	354	1480	0	22092	0	0	0	21016	0	578	0	720	0	130	0	246	0	244	0	2774	0	966	0	0	0	0	0	0	0	140	0	104	0	1008	0	0	0	9018	0	0	0	9998	0	914	218	0	0	0	0	232	190	2942	426	0	0	0	0	0	0	0	0	0	0	624	2258	0	0	0	0	
144784	Occipital_Inf_R	0	126	0	0	0	0	0	0	0	0	0	0	0	0	0	0	0	0	0	86	0	0	0	0	0	0	0	0	0	220	0	0	0	278	0	0	0	358	0	186	0	0	0	8874	0	6310	86	6744	0	9394	0	6964	0	0	0	12540	0	376	0	202	0	0	0	0	0	400	0	3738	0	620	0	0	0	0	0	0	0	0	0	204	0	234	0	0	0	1984	0	0	0	9658	0	342	0	0	0	0	118	234	164	1364	0	0	0	0	0	0	0	0	0	0	100	488	0	0	0	0	
528396	Fusiform_L	688	0	658	0	0	0	230	0	0	0	322	0	0	0	0	0	786	0	648	0	84	0	0	0	0	0	0	0	3958	0	0	0	1062	0	1328	120	22612	376	14596	358	2526	0	4146	0	2054	0	26798	2012	896	0	12640	0	21016	0	0	908	636	0	204	0	112	0	0	0	92	0	4168	0	1126	0	0	0	1502	0	0	0	1704	154	1682	0	2436	0	3140	0	4360	0	1696	0	27798	0	25050	1698	1438	142	340	476	13178	1990	30970	3926	288	0	316	112	112	150	120	0	148	414	4024	6930	262	0	398	84	
550008	Fusiform_R	102	1488	0	484	0	0	0	422	0	0	0	944	0	0	0	148	0	506	96	730	0	0	0	0	0	0	0	0	0	5074	0	0	0	592	0	714	238	28090	164	25468	0	6308	120	10756	138	5024	1476	28592	0	8200	0	3826	0	12540	908	0	0	1974	0	1598	0	1308	0	530	0	1048	0	5926	122	774	0	284	0	6428	0	1696	464	1556	0	732	0	1992	0	6356	0	3948	0	1738	0	23128	1354	17264	0	408	180	746	2388	12600	3204	23020	128	100	208	370	0	0	0	0	0	84	3260	4584	356	0	0	0	
229476	Postcentral_L	23570	1100	2340	146	0	0	590	0	0	0	6470	0	0	0	0	0	11382	0	2304	520	0	0	0	0	0	0	0	0	7400	0	0	0	874	208	304	0	1474	0	242	0	0	0	432	0	0	0	0	0	144	0	2208	0	578	0	636	0	0	0	7676	0	16782	0	11664	0	1096	0	2064	0	2760	0	0	0	356	0	0	0	722	104	3042	0	2028	0	0	0	1260	0	0	0	1942	0	320	0	0	0	0	0	0	0	0	0	0	0	0	0	0	0	0	0	0	0	0	0	0	0	0	0	
249548	Postcentral_R	0	21988	0	324	0	0	0	174	0	0	0	2024	0	0	0	0	0	4730	0	3682	0	0	0	0	0	0	0	0	0	1408	0	0	0	2910	0	716	0	1122	0	112	0	0	0	2222	0	8068	0	444	0	9438	0	1290	0	376	0	1974	0	0	0	4686	0	4210	0	11826	0	3176	476	13466	0	10050	0	336	0	2868	0	466	0	754	0	786	0	1626	0	0	0	1094	0	0	0	5952	0	0	0	0	0	0	0	0	0	0	0	0	0	0	0	0	0	0	0	0	0	0	0	0	0	0	
176592	Parietal_Sup_L	454	0	0	0	0	0	0	0	0	0	0	0	0	0	0	0	1008	0	0	0	0	0	0	0	0	0	0	0	620	0	0	0	200	0	306	0	204	0	0	0	0	0	1076	0	1412	0	0	0	9326	0	19698	0	720	0	204	0	7676	0	0	0	12422	0	1076	0	2848	0	18358	102	3038	0	0	0	0	0	0	0	0	0	0	0	286	0	0	0	3922	0	0	0	3340	0	0	0	0	0	0	0	0	0	0	0	0	0	0	0	0	0	0	0	0	0	0	0	0	0	0	0	
81700	Parietal_Sup_R	0	402	0	0	0	0	0	0	0	0	0	0	0	0	0	0	0	0	0	0	0	0	0	0	0	0	0	0	0	0	0	0	0	0	0	0	0	0	0	0	0	0	0	102	0	5140	0	0	0	6300	0	448	0	202	0	1598	0	4686	0	0	0	4076	0	628	0	2664	332	7852	0	1612	0	0	0	0	0	0	0	0	0	0	0	456	0	0	0	240	0	0	0	4112	0	0	0	0	0	0	0	0	0	0	0	0	0	0	0	0	0	0	0	0	0	0	0	0	0	0	
161840	Parietal_Inf_L	1946	0	0	0	0	0	0	0	0	0	0	0	0	0	0	0	1286	0	0	0	0	0	0	0	0	0	0	0	694	0	0	0	0	0	0	0	178	0	0	0	0	0	300	0	0	0	0	0	406	0	8478	0	130	0	112	0	16782	0	12422	0	0	0	15444	0	12454	0	624	0	668	0	0	0	110	0	0	0	0	0	102	0	670	0	0	0	3292	0	0	0	4822	0	0	0	0	0	0	0	0	0	0	0	0	0	0	0	0	0	0	0	0	0	0	0	0	0	0	0	
86832	Parietal_Inf_R	0	1288	0	0	0	0	0	0	0	0	0	0	0	0	0	0	0	0	0	0	0	0	0	0	0	0	0	0	0	0	0	0	0	0	0	0	0	734	0	154	0	0	0	592	0	180	0	0	0	2266	0	1110	0	0	0	1308	0	4210	0	4076	0	0	0	8512	0	14950	0	302	0	0	0	0	0	0	0	0	0	0	0	180	0	694	0	0	0	774	0	0	0	2086	0	0	0	0	0	0	0	0	0	0	0	0	0	0	0	0	0	0	0	0	0	0	0	0	0	0	
121300	SupraMarginal_L	1542	0	0	0	0	0	0	0	0	0	0	0	0	0	0	0	1972	0	0	0	0	0	0	0	0	0	0	0	424	0	0	0	0	0	0	0	128	0	0	0	0	0	0	0	0	0	0	0	0	0	1372	0	246	0	0	0	11664	0	1076	0	15444	0	0	0	6262	0	110	0	444	0	0	0	110	0	0	0	0	0	192	0	6588	0	0	0	8422	0	0	0	4654	0	0	0	0	0	0	0	0	0	0	0	0	0	0	0	0	0	0	0	0	0	0	0	0	0	0	0	
125668	SupraMarginal_R	0	2872	0	0	0	0	0	0	0	0	0	0	0	0	0	0	0	4426	0	286	0	0	0	0	0	0	0	0	0	228	0	0	0	156	0	0	0	896	0	0	0	0	0	512	0	546	0	0	0	3214	0	376	0	0	0	530	0	11826	0	628	0	8512	0	0	0	12286	0	748	0	290	0	0	0	0	0	0	0	0	0	292	0	6270	0	0	0	4082	0	0	0	3858	0	0	0	0	0	0	0	0	0	0	0	0	0	0	0	0	0	0	0	0	0	0	0	0	0	0	
102900	Angular_L	402	0	0	0	0	0	0	0	0	0	0	0	0	0	0	0	254	0	0	0	0	0	0	0	0	0	0	0	230	0	0	0	0	0	0	0	0	0	0	0	0	0	122	0	104	0	0	0	496	0	12932	0	244	0	92	0	1096	0	2848	0	12454	0	6262	0	0	0	522	0	136	0	0	0	0	0	0	0	0	0	0	0	1908	0	0	0	7374	0	0	0	3974	0	0	0	0	0	0	0	0	0	0	0	0	0	0	0	0	0	0	0	0	0	0	0	0	0	0	0	
144432	Angular_R	0	1468	0	0	0	0	0	0	0	0	0	0	0	0	0	0	0	354	0	118	0	0	0	0	0	0	0	0	0	100	0	0	0	0	0	0	0	912	0	176	0	0	0	1278	0	700	0	96	0	6020	0	11456	0	400	0	1048	0	3176	0	2664	0	14950	0	12286	0	0	0	766	0	222	0	0	0	0	0	0	0	0	0	252	0	4124	0	0	0	6896	0	0	0	2754	0	0	0	0	0	0	0	0	0	0	0	0	0	0	0	0	0	0	0	0	0	0	0	0	0	0	
313964	Precuneus_L	934	0	0	0	0	0	108	0	0	0	0	0	0	0	0	0	130	0	118	394	0	0	0	0	0	0	0	0	148	0	0	0	7114	2462	9918	2542	4690	0	4068	0	0	0	13642	1184	13554	4840	3514	214	13038	1592	17034	0	2774	0	4168	0	2064	476	18358	332	624	0	110	0	522	0	0	10842	4826	980	0	0	0	0	0	0	322	0	186	0	114	0	0	0	5370	242	0	0	2994	0	0	0	0	0	0	0	104	0	0	0	0	0	0	0	0	0	0	0	0	0	336	0	0	0	0	0	
479020	Precuneus_R	542	8238	0	0	0	0	0	0	0	0	0	0	0	0	0	0	0	196	154	4756	0	0	0	0	0	0	0	0	0	564	0	0	1206	13984	1838	10428	162	6562	0	3210	0	0	1062	24316	1702	33322	158	8176	184	25240	0	6570	0	3738	0	5926	0	13466	102	7852	0	302	0	748	0	766	10842	0	572	20604	0	0	0	190	0	0	1418	2246	0	516	0	1792	0	0	0	3284	0	0	0	10552	0	0	0	0	0	0	0	286	0	0	0	0	0	0	0	0	0	0	0	0	1738	0	0	0	0	0	
380904	Paracentral_Lobule_L	29602	1680	12396	636	0	0	1058	0	0	0	210	0	0	0	0	0	710	0	29504	15804	0	0	0	0	0	0	0	0	812	86	0	0	5826	11848	5172	2700	5472	1544	420	214	0	0	192	0	166	0	116	120	230	0	3930	0	966	0	1126	122	2760	0	3038	0	668	0	444	0	136	0	4826	572	0	2716	5638	148	9216	0	5104	0	17580	1466	0	0	254	0	0	0	1754	0	0	0	1372	0	0	0	0	0	0	0	0	0	0	0	0	0	0	0	0	0	0	0	0	0	98	0	0	0	0	0	
237540	Paracentral_Lobule_R	1544	9870	0	110	0	0	0	0	0	0	0	0	0	0	0	0	0	110	400	15526	0	0	0	0	0	0	0	0	0	154	0	0	496	15058	440	3554	346	1472	0	92	0	0	0	5392	0	8346	0	242	0	7462	0	1948	0	620	0	774	0	10050	0	1612	0	0	0	290	0	222	980	20604	2716	0	0	248	0	0	0	0	1146	2076	0	232	0	1084	0	0	0	1572	0	0	0	1982	0	0	0	0	0	0	0	0	0	0	0	0	0	0	0	0	0	0	0	0	0	0	0	0	0	0	
280260	Caudate_L	5928	182	13286	5992	1098	304	1488	648	318	0	0	128	0	96	876	196	0	0	15290	5966	7250	7526	874	1210	632	330	2314	610	1104	400	7170	3998	0	406	0	136	224	110	0	0	0	0	0	0	0	0	0	0	0	0	0	0	0	0	0	0	0	0	0	0	0	0	0	0	0	0	0	0	5638	0	0	15838	16636	2812	2192	1368	8700	856	0	0	0	0	0	0	0	0	0	0	0	0	0	0	0	0	0	0	0	0	0	0	0	0	0	0	0	0	0	0	0	0	0	0	0	0	0	0	
370492	Caudate_R	110	4970	580	16272	178	5530	0	2342	0	184	0	418	0	308	164	780	0	206	684	21142	5498	7314	592	13174	118	6038	976	2020	118	1410	6212	21022	0	1552	0	0	0	938	0	448	0	146	0	0	0	0	0	198	0	0	0	0	0	0	0	284	0	336	0	0	0	0	0	0	0	0	0	0	148	248	15838	0	7644	16044	714	4962	1948	14498	0	0	0	212	0	0	0	330	0	0	0	398	0	0	0	0	0	0	0	0	0	0	0	0	0	0	0	0	0	0	0	0	0	0	0	0	0	0	
405464	Putamen_L	11140	0	26556	598	4166	168	9356	0	518	0	928	0	1044	0	3758	0	1260	0	22086	212	5346	6076	5528	1390	434	90	1580	452	21132	132	10976	3342	666	1290	0	0	9032	0	2426	0	496	0	0	0	0	0	0	0	0	0	0	0	0	0	1502	0	356	0	0	0	110	0	110	0	0	0	0	0	9216	0	16636	7644	0	1932	5134	710	2592	0	160	0	1234	0	2500	0	272	0	0	0	446	0	0	0	0	0	0	0	0	0	0	0	0	0	0	0	0	0	0	0	0	0	0	0	0	0	0	0	
324384	Putamen_R	108	2872	160	15648	0	2886	0	5120	0	278	0	4542	0	1188	0	3038	0	6496	254	10668	788	1298	136	4746	0	1732	0	656	0	20864	2372	8232	0	336	0	110	0	12400	0	6310	0	1664	0	0	0	0	0	1474	0	0	0	0	0	0	0	6428	0	2868	0	0	0	0	0	0	0	0	0	190	0	0	2812	16044	1932	0	88	8682	330	3720	0	240	0	688	0	260	0	118	0	0	0	678	0	134	0	0	0	0	0	136	0	468	0	0	0	0	0	0	0	0	0	0	0	0	0	0	0	0	
56776	Pallidum_L	4932	0	2448	0	0	0	0	0	0	0	0	0	0	0	0	0	94	0	4514	0	114	342	0	0	0	0	0	0	102	0	0	92	0	0	0	0	948	0	0	0	0	0	0	0	0	0	0	0	0	0	0	0	0	0	0	0	0	0	0	0	0	0	0	0	0	0	0	0	5104	0	2192	714	5134	88	0	218	1352	0	0	0	0	0	0	0	0	0	0	0	0	0	0	0	0	0	0	0	0	0	0	0	0	0	0	0	0	0	0	0	0	0	0	0	0	0	0	0	
68376	Pallidum_R	0	614	0	924	0	0	0	1018	0	0	0	712	0	262	0	0	0	1300	0	3570	0	148	0	0	0	0	0	0	0	882	188	784	0	0	0	0	0	2420	0	1968	0	0	0	0	0	0	0	266	0	0	0	0	0	0	0	1696	0	466	0	0	0	0	0	0	0	0	0	0	0	0	1368	4962	710	8682	218	0	0	710	0	214	0	106	0	0	0	0	0	0	0	0	0	0	0	0	0	0	0	0	0	0	0	0	0	0	0	0	0	0	0	0	0	0	0	0	0	0	
205548	Thalamus_L	7664	1022	1490	528	0	0	830	0	0	0	414	0	0	0	0	0	180	0	6256	3806	0	0	0	0	0	0	0	0	2704	634	0	0	0	1072	1624	4522	6506	4402	2180	614	0	0	0	0	0	0	2024	550	0	0	0	0	140	0	1704	464	722	0	0	0	0	0	0	0	0	0	322	1418	17580	1146	8700	1948	2592	330	1352	0	0	11822	996	254	200	646	0	0	108	306	0	0	328	354	0	0	0	0	0	0	222	0	0	0	0	0	0	0	0	0	0	0	0	98	0	0	0	0	0	0	
207916	Thalamus_R	1182	7676	306	5622	0	122	136	0	0	0	0	104	0	0	0	0	0	1000	652	19412	0	0	0	340	0	0	0	0	158	3048	0	412	0	2930	400	3306	678	7510	238	1986	0	0	0	0	0	0	114	1192	0	0	0	0	0	0	154	1556	104	754	0	0	0	0	0	0	0	0	0	2246	1466	2076	856	14498	0	3720	0	710	11822	0	0	454	0	2060	0	0	0	1176	0	0	0	1556	0	0	0	0	0	0	0	0	0	0	0	0	0	0	0	0	0	0	84	142	0	0	0	0	0	0	
85624	Heschl_L	3590	0	268	0	0	0	600	0	0	0	1388	0	0	0	0	0	5836	0	274	0	0	0	0	0	0	0	0	0	7986	0	0	0	0	0	306	0	3660	0	84	0	0	0	166	0	0	0	114	0	0	0	0	0	104	0	1682	0	3042	0	0	0	102	0	192	0	0	0	186	0	0	0	0	0	160	0	0	0	996	0	0	0	3540	0	0	0	1804	0	0	0	4884	0	1194	0	0	0	0	0	0	0	654	0	0	0	0	0	0	0	0	0	0	0	0	0	0	0	0	0	
39604	Heschl_R	0	330	0	0	0	0	0	0	0	0	0	0	0	0	0	0	0	2148	0	348	0	0	0	0	0	0	0	0	0	2974	0	0	0	140	110	144	0	1930	0	372	0	0	0	150	0	184	0	0	0	254	0	0	0	204	0	732	0	786	0	0	0	180	0	292	0	252	0	516	0	232	0	0	0	240	0	214	254	454	0	0	0	4550	0	0	0	1006	0	0	0	806	0	0	0	0	0	0	0	0	0	0	0	0	0	0	0	0	0	0	0	0	0	0	0	0	0	0	
181376	Temporal_Sup_L	1670	0	1788	0	0	0	432	0	0	0	2716	0	348	0	0	0	6578	0	2588	0	0	0	0	0	0	0	0	0	6802	0	0	0	0	0	0	0	2942	0	242	0	410	0	0	0	0	0	0	0	0	0	564	0	1008	0	2436	0	2028	0	286	0	670	0	6588	0	1908	0	114	0	254	0	0	0	1234	0	0	0	200	0	3540	0	0	0	4224	0	23226	0	0	0	14548	0	704	0	0	0	0	0	0	0	640	0	0	0	0	0	0	0	0	0	0	0	0	0	0	0	0	0	
144740	Temporal_Sup_R	0	1402	0	0	0	0	0	0	0	0	0	0	0	0	0	680	0	4506	0	850	0	0	0	0	0	0	0	0	0	6962	0	0	0	746	228	330	118	3400	0	814	0	128	0	366	0	766	0	0	0	1830	0	888	0	234	0	1992	0	1626	0	456	0	694	0	6270	0	4124	0	1792	0	1084	0	212	0	688	0	106	646	2060	0	4550	0	0	0	4426	0	12562	0	304	0	4530	0	0	0	0	0	0	0	0	0	0	0	0	0	0	0	0	0	0	0	0	0	0	0	0	0	0	
116652	Temporal_Pole_Sup_L	406	0	2248	0	536	0	916	0	166	0	2536	0	700	0	1852	0	1978	0	1844	0	880	0	0	0	0	0	90	0	7362	0	0	0	0	0	0	0	2126	0	2524	0	2788	0	0	0	0	0	0	0	0	0	0	0	0	0	3140	0	0	0	0	0	0	0	0	0	0	0	0	0	0	0	0	0	2500	0	0	0	0	0	0	0	4224	0	0	0	7920	0	5628	0	5962	0	0	0	0	0	0	0	0	0	0	0	0	0	0	0	0	0	0	0	0	0	0	0	0	0	0	0	
71492	Temporal_Pole_Sup_R	0	0	0	244	0	0	0	0	0	0	0	606	0	100	0	2008	0	778	0	188	0	100	0	0	0	0	0	0	0	1676	0	0	0	0	0	0	0	2114	0	2694	0	3492	0	0	0	0	0	0	0	0	0	0	0	0	0	6356	0	0	0	0	0	0	0	0	0	0	0	0	0	0	0	0	0	260	0	0	0	0	0	0	0	4426	0	0	0	4174	0	3536	0	2994	0	0	0	0	0	0	0	0	0	0	0	0	0	0	0	0	0	0	0	0	0	0	0	0	0	0	
307196	Temporal_Mid_L	140	0	184	0	0	0	0	0	0	0	0	0	0	0	0	0	2406	0	222	0	0	0	0	0	0	0	0	0	1136	0	0	0	86	0	538	0	1452	0	262	0	0	0	2932	0	1064	0	212	0	1136	0	17978	0	9018	0	4360	0	1260	0	3922	0	3292	0	8422	0	7374	0	5370	0	1754	0	0	0	272	0	0	0	108	0	1804	0	23226	0	7920	0	0	0	4556	0	40162	0	318	0	0	0	0	0	0	0	712	0	0	0	0	0	0	0	0	0	0	0	0	0	0	0	0	0	
212812	Temporal_Mid_R	0	2464	0	0	0	0	0	0	0	0	0	0	0	0	0	132	0	390	0	594	0	0	0	0	0	0	0	0	0	1894	0	0	0	1154	86	138	0	4194	0	1494	0	1934	0	6708	0	1864	0	112	0	4072	0	11802	0	1984	0	3948	0	1094	0	240	0	774	0	4082	0	6896	242	3284	0	1572	0	330	0	118	0	0	306	1176	0	1006	0	12562	0	4174	0	0	0	2034	0	21468	0	0	0	0	0	0	0	0	0	84	0	0	0	0	0	0	0	0	0	0	0	0	0	0	0	0	
38020	Temporal_Pole_Mid_L	0	0	0	0	0	0	0	0	0	0	0	0	0	0	0	0	0	0	0	0	0	0	0	0	0	0	0	0	104	0	0	0	0	0	0	0	262	0	1346	0	668	0	0	0	0	0	0	0	0	0	0	0	0	0	1696	0	0	0	0	0	0	0	0	0	0	0	0	0	0	0	0	0	0	0	0	0	0	0	0	0	0	0	5628	0	4556	0	0	0	4750	0	0	0	0	0	0	0	0	0	0	0	0	0	0	0	0	0	0	0	0	0	0	0	0	0	0	0	
21220	Temporal_Pole_Mid_R	0	0	0	0	0	0	0	0	0	0	0	0	0	0	0	0	0	0	0	0	0	0	0	0	0	0	0	0	0	0	0	0	0	0	0	0	0	626	0	604	0	824	0	0	0	0	0	0	0	0	0	0	0	0	0	1738	0	0	0	0	0	0	0	0	0	0	0	0	0	0	0	0	0	0	0	0	0	0	0	0	0	304	0	3536	0	2034	0	0	0	944	0	0	0	0	0	0	0	0	0	0	0	0	0	0	0	0	0	0	0	0	0	0	0	0	0	0	
358948	Temporal_Inf_L	710	0	496	0	0	0	102	0	0	0	304	0	0	0	0	0	3342	0	628	0	0	0	0	0	0	0	0	0	4962	0	0	0	0	0	664	0	11330	0	1374	0	660	0	2122	0	250	0	716	0	262	0	5460	0	9998	0	27798	0	1942	0	3340	0	4822	0	4654	0	3974	0	2994	0	1372	0	0	0	446	0	0	0	328	0	4884	0	14548	0	5962	0	40162	0	4750	0	0	0	8336	0	598	0	0	0	580	0	4604	0	0	0	0	0	0	0	0	0	0	0	0	0	0	0	0	0	
321248	Temporal_Inf_R	0	2710	0	0	0	0	0	0	0	0	0	194	0	0	0	0	0	342	0	490	0	0	0	0	0	0	0	0	0	2388	0	0	0	684	96	288	0	9622	0	2812	0	2226	0	7132	0	10834	0	2484	0	14498	0	2386	0	9658	0	23128	0	5952	0	4112	0	2086	0	3858	0	2754	0	10552	0	1982	0	398	0	678	0	0	354	1556	0	806	0	4530	0	2994	0	21468	0	944	0	0	0	2128	0	206	0	124	0	292	0	752	0	126	0	0	0	0	0	0	0	0	0	0	0	0	0	0	
654312	Cerebelum_Crus1_L	0	0	0	0	0	0	0	0	0	0	0	0	0	0	0	0	606	0	0	0	0	0	0	0	0	0	0	0	318	0	0	0	0	0	0	0	648	0	458	0	0	0	92	0	0	0	10710	2678	0	0	104	0	914	0	25050	1354	320	0	0	0	0	0	0	0	0	0	0	0	0	0	0	0	0	0	0	0	0	0	1194	0	704	0	0	0	318	0	0	0	8336	0	0	4906	43946	2866	3670	1412	34048	6914	72678	10944	15162	1388	23038	4068	6732	1230	2092	432	616	1152	12510	11804	8086	1766	1340	552	
492720	Cerebelum_Crus1_R	0	0	0	0	0	0	0	0	0	0	0	0	0	0	0	0	0	0	0	0	0	0	0	0	0	0	0	0	0	154	0	0	0	0	0	0	0	610	0	1640	0	0	0	0	0	0	2604	4210	0	0	0	0	218	342	1698	17264	0	0	0	0	0	0	0	0	0	0	0	0	0	0	0	0	0	134	0	0	0	0	0	0	0	0	0	0	0	0	0	0	0	2128	4906	0	650	37532	584	1852	7118	23434	9494	57656	622	14518	1578	21862	728	2450	98	638	138	512	10426	8110	8728	672	768	284	
368788	Cerebelum_Crus2_L	0	0	0	0	0	0	0	0	0	0	0	0	0	0	0	0	0	0	0	0	0	0	0	0	0	0	0	0	0	0	0	0	0	0	0	0	0	0	0	0	0	0	0	0	0	0	274	140	0	0	0	0	0	0	1438	0	0	0	0	0	0	0	0	0	0	0	0	0	0	0	0	0	0	0	0	0	0	0	0	0	0	0	0	0	0	0	0	0	598	0	43946	650	0	3430	1248	210	4074	378	11784	1520	39886	2716	39308	4238	9154	1308	2472	594	96	164	428	1844	7062	4090	1094	250	
282440	Cerebelum_Crus2_R	0	0	0	0	0	0	0	0	0	0	0	0	0	0	0	0	0	0	0	0	0	0	0	0	0	0	0	0	0	0	0	0	0	0	0	0	0	0	0	84	0	0	0	0	0	0	0	0	0	0	0	0	0	0	142	408	0	0	0	0	0	0	0	0	0	0	0	0	0	0	0	0	0	0	0	0	0	0	0	0	0	0	0	0	0	0	0	0	0	206	2866	37532	3430	0	406	136	528	844	2906	8104	1944	27878	4192	33376	1060	2784	214	746	0	0	110	1338	8120	1478	388	0	
76476	Cerebelum_3_L	0	0	0	0	0	0	0	0	0	0	0	0	0	0	0	0	0	0	0	0	0	0	0	0	0	0	0	0	0	0	0	0	0	0	0	0	0	0	178	0	0	0	0	0	0	0	150	150	0	0	0	0	0	0	340	180	0	0	0	0	0	0	0	0	0	0	0	0	0	0	0	0	0	0	0	0	0	0	0	0	0	0	0	0	0	0	0	0	0	0	3670	584	1248	406	0	380	8804	796	5326	1364	430	118	1640	616	2810	266	168	142	1320	2336	2394	1166	886	172	198	0	
75852	Cerebelum_3_R	0	0	0	0	0	0	0	0	0	0	0	0	0	0	0	0	0	0	0	0	0	0	0	0	0	0	0	0	0	0	0	0	0	0	0	0	0	130	0	452	0	0	0	0	0	0	106	0	0	0	0	0	0	0	476	746	0	0	0	0	0	0	0	0	0	0	0	0	0	0	0	0	0	0	0	0	0	0	0	0	0	0	0	0	0	0	0	0	0	124	1412	1852	210	136	380	0	1472	5278	2260	6454	180	0	416	510	276	2284	0	0	1814	3728	1886	2474	474	488	1624	284	
431408	Cerebelum_4_5_L	0	0	0	0	0	0	0	0	0	0	0	0	0	0	0	0	0	0	0	0	0	0	0	0	0	0	0	0	0	0	0	0	0	0	118	0	594	0	1270	0	0	0	144	0	0	0	9752	2388	0	0	0	0	232	118	13178	2388	0	0	0	0	0	0	0	0	0	0	104	0	0	0	0	0	0	0	0	0	222	0	0	0	0	0	0	0	0	0	0	0	580	0	34048	7118	4074	528	8804	1472	0	12208	45726	13374	2154	128	5714	1322	5856	1768	536	332	1544	2754	22668	7824	1776	260	1220	1408	
341220	Cerebelum_4_5_R	0	0	0	0	0	0	0	0	0	0	0	0	0	0	0	0	0	0	0	0	0	0	0	0	0	0	0	0	0	150	0	0	0	0	0	0	176	1964	154	5216	0	0	0	188	0	0	4200	7716	0	0	0	0	190	234	1990	12600	0	0	0	0	0	0	0	0	0	0	0	286	0	0	0	0	0	136	0	0	0	0	0	0	0	0	0	0	0	0	0	0	0	292	6914	23434	378	844	796	5278	12208	0	11048	37438	674	182	1380	1868	830	1662	128	380	302	1322	18076	5754	1764	330	1532	596	
687040	Cerebelum_6_L	0	0	0	0	0	0	0	0	0	0	0	0	0	0	0	0	0	0	0	0	0	0	0	0	0	0	0	0	116	0	0	0	0	0	0	0	818	0	856	0	0	0	160	0	0	0	15116	5460	0	0	422	0	2942	164	30970	3204	0	0	0	0	0	0	0	0	0	0	0	0	0	0	0	0	0	0	0	0	0	0	654	0	640	0	0	0	712	0	0	0	4604	0	72678	9494	11784	2906	5326	2260	45726	11048	0	21412	4774	1076	9980	5330	6428	2806	1352	1398	1092	1972	19408	25760	8286	1026	2264	1096	
577144	Cerebelum_6_R	0	0	0	0	0	0	0	0	0	0	0	0	0	0	0	0	0	0	0	0	0	0	0	0	0	0	0	0	0	366	0	0	0	0	0	0	0	1192	0	2484	0	0	0	168	0	0	4054	10342	0	0	0	0	426	1364	3926	23020	0	0	0	0	0	0	0	0	0	0	0	0	0	0	0	0	0	468	0	0	0	0	0	0	0	0	0	0	0	84	0	0	0	752	10944	57656	1520	8104	1364	6454	13374	37438	21412	0	1420	1430	3104	9884	1770	3726	150	2270	768	2110	17814	21108	11078	1290	3040	698	
280496	Cerebelum_7b_L	0	0	0	0	0	0	0	0	0	0	0	0	0	0	0	0	0	0	0	0	0	0	0	0	0	0	0	0	0	0	0	0	0	0	0	0	0	0	0	0	0	0	0	0	0	0	0	144	0	0	0	0	0	0	288	128	0	0	0	0	0	0	0	0	0	0	0	0	0	0	0	0	0	0	0	0	0	0	0	0	0	0	0	0	0	0	0	0	0	0	15162	622	39886	1944	430	180	2154	674	4774	1420	0	2340	39938	3184	8194	1316	1480	452	142	184	1262	1216	5590	5966	1178	0	
172996	Cerebelum_7b_R	0	0	0	0	0	0	0	0	0	0	0	0	0	0	0	0	0	0	0	0	0	0	0	0	0	0	0	0	0	0	0	0	0	0	0	0	0	0	0	0	0	0	0	0	0	0	0	0	0	0	0	0	0	0	0	100	0	0	0	0	0	0	0	0	0	0	0	0	0	0	0	0	0	0	0	0	0	0	0	0	0	0	0	0	0	0	0	0	0	126	1388	14518	2716	27878	118	0	128	182	1076	1430	2340	0	3156	23674	422	1554	134	292	0	0	0	156	3180	1930	0	0	
399328	Cerebelum_8_L	0	0	0	0	0	0	0	0	0	0	0	0	0	0	0	0	0	0	0	0	0	0	0	0	0	0	0	0	0	0	0	0	0	0	0	0	0	0	0	0	0	0	0	0	0	0	0	220	0	0	0	0	0	0	316	208	0	0	0	0	0	0	0	0	0	0	0	0	0	0	0	0	0	0	0	0	0	0	0	0	0	0	0	0	0	0	0	0	0	0	23038	1578	39308	4192	1640	416	5714	1380	9980	3104	39938	3156	0	7282	19970	3518	4678	1308	238	454	2388	3192	10052	9020	3252	124	
339080	Cerebelum_8_R	0	0	0	0	0	0	0	0	0	0	0	0	0	0	0	0	0	0	0	0	0	0	0	0	0	0	0	0	0	0	0	0	0	0	0	0	0	0	0	96	0	0	0	0	0	0	0	0	0	0	0	0	0	0	112	370	0	0	0	0	0	0	0	0	0	0	0	0	0	0	0	0	0	0	0	0	0	0	0	0	0	0	0	0	0	0	0	0	0	0	4068	21862	4238	33376	616	510	1322	1868	5330	9884	3184	23674	7282	0	2652	21678	280	4280	126	336	238	3590	12064	4506	1768	230	
181068	Cerebelum_9_L	0	0	0	0	0	0	0	0	0	0	0	0	0	0	0	0	0	0	0	0	0	0	0	0	0	0	0	0	0	0	0	0	0	0	0	0	0	0	0	0	0	0	0	0	0	0	0	0	0	0	0	0	0	0	112	0	0	0	0	0	0	0	0	0	0	0	0	0	0	0	0	0	0	0	0	0	0	0	0	0	0	0	0	0	0	0	0	0	0	0	6732	728	9154	1060	2810	276	5856	830	6428	1770	8194	422	19970	2652	0	3158	4160	738	136	236	1090	2888	4146	2656	3536	796	
165664	Cerebelum_9_R	0	0	0	0	0	0	0	0	0	0	0	0	0	0	0	0	0	0	0	0	0	0	0	0	0	0	0	0	0	0	0	0	0	0	0	0	0	0	0	0	0	0	0	0	0	0	112	0	0	0	0	0	0	0	150	0	0	0	0	0	0	0	0	0	0	0	0	0	0	0	0	0	0	0	0	0	0	0	0	0	0	0	0	0	0	0	0	0	0	0	1230	2450	1308	2784	266	2284	1768	1662	2806	3726	1316	1554	3518	21678	3158	0	84	3804	726	1658	2044	4422	4208	4120	7726	2270	
37772	Cerebelum_10_L	0	0	0	0	0	0	0	0	0	0	0	0	0	0	0	0	0	0	0	0	0	0	0	0	0	0	0	0	0	0	0	0	0	0	0	0	0	0	0	0	0	0	0	0	0	0	0	0	0	0	0	0	0	0	120	0	0	0	0	0	0	0	0	0	0	0	0	0	0	0	0	0	0	0	0	0	0	0	0	0	0	0	0	0	0	0	0	0	0	0	2092	98	2472	214	168	0	536	128	1352	150	1480	134	4678	280	4160	84	0	0	0	0	212	124	312	92	0	0	
48016	Cerebelum_10_R	0	0	0	0	0	0	0	0	0	0	0	0	0	0	0	0	0	0	0	0	0	0	0	0	0	0	0	0	0	0	0	0	0	0	0	0	0	0	0	0	0	0	0	0	0	0	0	0	0	0	0	0	0	0	0	0	0	0	0	0	0	0	0	0	0	0	0	0	0	0	0	0	0	0	0	0	0	0	0	0	0	0	0	0	0	0	0	0	0	0	432	638	594	746	142	0	332	380	1398	2270	452	292	1308	4280	738	3804	0	0	0	0	0	1506	2514	1138	1044	0	
34956	Vermis_1_2	0	0	0	0	0	0	0	0	0	0	0	0	0	0	0	0	0	0	0	0	0	0	0	0	0	0	0	0	0	0	0	0	0	0	0	0	0	0	152	0	0	0	0	0	0	0	104	0	0	0	0	0	0	0	148	0	0	0	0	0	0	0	0	0	0	0	0	0	0	0	0	0	0	0	0	0	0	84	0	0	0	0	0	0	0	0	0	0	0	0	616	138	96	0	1320	1814	1544	302	1092	768	142	0	238	126	136	726	0	0	0	4578	1672	706	138	162	496	180	
62028	Vermis_3	0	0	0	0	0	0	0	0	0	0	0	0	0	0	0	0	0	0	0	0	0	0	0	0	0	0	0	0	0	0	0	0	0	0	0	0	212	0	394	0	0	0	0	0	0	0	336	0	0	0	0	0	0	0	414	84	0	0	0	0	0	0	0	0	0	0	0	0	0	0	0	0	0	0	0	0	98	142	0	0	0	0	0	0	0	0	0	0	0	0	1152	512	164	0	2336	3728	2754	1322	1972	2110	184	0	454	336	236	1658	0	0	4578	0	2432	1450	274	306	1240	136	
317404	Vermis_4_5	222	0	0	0	0	0	0	0	0	0	0	0	0	0	0	0	0	0	0	90	0	0	0	0	0	0	0	0	0	0	0	0	0	138	814	1166	716	1146	136	554	0	0	746	272	0	0	7396	4840	0	0	112	0	624	100	4024	3260	0	0	0	0	0	0	0	0	0	0	336	1738	98	0	0	0	0	0	0	0	0	0	0	0	0	0	0	0	0	0	0	0	0	0	12510	10426	428	110	2394	1886	22668	18076	19408	17814	1262	0	2388	238	1090	2044	212	0	1672	2432	0	9126	292	150	1538	2010	
