data	data	343976	175168	888004	785520	206956	128360	445200	235540	113260	42756	242632	188520	238192	193524	183584	107060	244164	139416	815160	726196	72696	83012	416032	384740	36004	99980	49412	64116	548528	307180	342524	575088	182556	496752	140648	208200	303916	473312	115656	364424	33528	53896	258824	450300	171900	526000	380588	428868	202912	523536	393840	303320	186192	156412	385936	600800	262324	248972	122828	142504	167728	84004	75752	89012	83516	193692	263888	551196	150888	161136	266932	488068	340744	342908	39896	18840	171176	207808	66116	60384	244068	176400	77844	58052	290120	300280	15628	34176	233380	243356	474540	466044	359912	371484	43804	84712	306132	278620	466504	495652	221388	168516	269372	315804	116676	150540	23176	8168	37344	60336	230660	233408	273392	191852	124096	52588	
data	data	Precentral_L	Precentral_R	Frontal_Sup_L	Frontal_Sup_R	Frontal_Sup_Orb_L	Frontal_Sup_Orb_R	Frontal_Mid_L	Frontal_Mid_R	Frontal_Mid_Orb_L	Frontal_Mid_Orb_R	Frontal_Inf_Oper_L	Frontal_Inf_Oper_R	Frontal_Inf_Tri_L	Frontal_Inf_Tri_R	Frontal_Inf_Orb_L	Frontal_Inf_Orb_R	Rolandic_Oper_L	Rolandic_Oper_R	Supp_Motor_Area_L	Supp_Motor_Area_R	Olfactory_L	Olfactory_R	Frontal_Sup_Medial_L	Frontal_Sup_Medial_R	Frontal_Med_Orb_L	Frontal_Med_Orb_R	Rectus_L	Rectus_R	Insula_L	Insula_R	Cingulum_Ant_L	Cingulum_Ant_R	Cingulum_Mid_L	Cingulum_Mid_R	Cingulum_Post_L	Cingulum_Post_R	Hippocampus_L	Hippocampus_R	ParaHippocampal_L	ParaHippocampal_R	Amygdala_L	Amygdala_R	Calcarine_L	Calcarine_R	Cuneus_L	Cuneus_R	Lingual_L	Lingual_R	Occipital_Sup_L	Occipital_Sup_R	Occipital_Mid_L	Occipital_Mid_R	Occipital_Inf_L	Occipital_Inf_R	Fusiform_L	Fusiform_R	Postcentral_L	Postcentral_R	Parietal_Sup_L	Parietal_Sup_R	Parietal_Inf_L	Parietal_Inf_R	SupraMarginal_L	SupraMarginal_R	Angular_L	Angular_R	Precuneus_L	Precuneus_R	Paracentral_Lobule_L	Paracentral_Lobule_R	Caudate_L	Caudate_R	Putamen_L	Putamen_R	Pallidum_L	Pallidum_R	Thalamus_L	Thalamus_R	Heschl_L	Heschl_R	Temporal_Sup_L	Temporal_Sup_R	Temporal_Pole_Sup_L	Temporal_Pole_Sup_R	Temporal_Mid_L	Temporal_Mid_R	Temporal_Pole_Mid_L	Temporal_Pole_Mid_R	Temporal_Inf_L	Temporal_Inf_R	Cerebelum_Crus1_L	Cerebelum_Crus1_R	Cerebelum_Crus2_L	Cerebelum_Crus2_R	Cerebelum_3_L	Cerebelum_3_R	Cerebelum_4_5_L	Cerebelum_4_5_R	Cerebelum_6_L	Cerebelum_6_R	Cerebelum_7b_L	Cerebelum_7b_R	Cerebelum_8_L	Cerebelum_8_R	Cerebelum_9_L	Cerebelum_9_R	Cerebelum_10_L	Cerebelum_10_R	Vermis_1_2	Vermis_3	Vermis_4_5	Vermis_6	Vermis_7	Vermis_8	Vermis_9	Vermis_10	
343976	Precentral_L	0	148	16082	1330	0	0	10716	0	0	0	9542	0	3844	0	0	0	9912	250	14042	428	0	0	0	0	0	0	0	0	10648	256	120	386	354	280	2368	1962	9050	1858	1776	340	0	0	302	458	100	112	606	320	154	0	2262	0	1058	0	2278	266	26108	126	126	98	3984	0	276	0	0	0	776	566	12812	0	884	470	3874	170	450	0	5396	1558	3402	210	3804	0	420	0	2126	0	0	0	744	0	0	0	0	0	0	0	0	0	0	0	0	0	0	0	0	0	0	0	0	0	0	0	0	0	0	0	
175168	Precentral_R	148	0	0	10942	0	0	0	4256	0	0	0	10210	0	1136	0	0	0	4550	154	9852	0	0	0	0	0	0	0	0	0	1070	0	0	0	1984	254	1408	0	3298	0	840	0	0	0	1078	0	644	0	580	0	392	0	320	0	482	0	1592	0	12282	0	2000	0	430	0	1084	0	280	0	2010	318	4128	0	1450	0	1376	0	354	448	1712	0	1706	0	682	0	0	0	1160	0	0	0	974	0	0	0	0	0	0	0	0	0	0	0	0	0	0	0	0	0	0	0	0	0	0	0	0	0	0	
888004	Frontal_Sup_L	16082	0	0	7390	10606	0	69658	468	2898	0	10746	602	12048	232	6864	0	12002	1100	95216	9546	0	0	49362	6076	636	0	0	0	25432	1036	20620	7102	5758	4874	258	0	7278	132	1808	0	0	0	0	0	0	0	154	0	0	0	426	0	0	0	596	0	5410	330	0	308	0	0	0	0	0	0	0	0	464	0	6594	7262	20632	1278	4228	0	2676	194	1106	446	4208	0	1474	0	262	0	0	0	124	0	0	0	0	0	0	0	0	0	0	0	0	0	0	0	0	0	0	0	0	0	0	0	0	0	0	0	
785520	Frontal_Sup_R	1330	10942	7390	0	0	2498	1450	36404	0	704	196	11676	128	13178	0	5360	0	6718	14074	63858	0	0	11984	36580	0	2404	0	0	162	12696	2296	29824	1656	16050	2430	3892	1216	7942	130	1628	0	0	0	200	0	192	0	194	0	176	0	0	0	146	0	1014	0	3428	0	1160	0	138	0	0	0	0	0	1326	1174	172	730	29152	204	11850	128	1678	3454	26084	0	1752	0	508	0	864	0	0	0	0	0	240	0	0	0	0	0	0	0	0	0	0	0	0	0	0	0	0	0	0	0	0	0	0	0	0	0	0	
206956	Frontal_Sup_Orb_L	0	0	10606	0	0	0	3714	0	14370	0	1396	0	2410	0	13918	0	0	0	3152	0	2900	816	5136	110	4064	0	5638	0	14286	0	3888	902	184	120	0	0	200	0	0	0	838	0	0	0	0	0	0	0	0	0	0	0	0	0	0	0	0	0	0	0	0	0	0	0	0	0	0	0	0	0	2956	860	10142	240	0	0	0	0	0	0	0	0	632	0	0	0	0	0	0	0	0	0	0	0	0	0	0	0	0	0	0	0	0	0	0	0	0	0	0	0	0	0	0	0	0	0	
128360	Frontal_Sup_Orb_R	0	0	0	2498	0	0	0	1660	0	6722	0	0	0	1226	0	4370	0	0	0	500	1164	2542	800	3360	0	8784	218	8950	118	872	736	4630	0	0	0	0	0	0	0	0	0	0	0	0	0	0	0	0	0	0	0	0	0	0	0	0	0	0	0	0	0	0	0	0	0	0	0	0	0	0	1784	6144	1458	5644	0	0	0	0	0	0	0	0	0	0	0	0	0	0	0	0	0	0	0	0	0	0	0	0	0	0	0	0	0	0	0	0	0	0	0	0	0	0	0	0	0	0	
445200	Frontal_Mid_L	10716	0	69658	1450	3714	0	0	144	4240	0	7616	102	23852	136	7500	0	2110	250	27698	1136	0	0	23134	2290	0	0	0	0	13008	0	3020	1322	1776	2598	0	0	3036	0	914	0	0	0	0	0	0	0	0	0	0	0	154	0	0	0	336	0	762	0	0	0	0	0	0	0	0	0	0	0	0	0	586	1382	3768	218	654	0	270	0	682	200	1224	0	690	0	132	0	0	0	122	0	0	0	0	0	0	0	0	0	0	0	0	0	0	0	0	0	0	0	0	0	0	0	0	0	0	0	
235540	Frontal_Mid_R	0	4256	468	36404	0	1660	144	0	0	2218	296	8480	154	19280	0	5526	0	1750	1228	5714	0	0	1016	7392	0	0	0	0	0	6568	1442	3964	140	3606	172	214	114	376	0	0	0	0	0	0	0	0	0	0	0	0	0	0	0	0	0	0	0	678	0	440	0	0	0	0	0	0	0	108	0	0	218	600	0	1456	0	0	108	588	0	530	0	0	0	462	0	0	0	0	0	0	0	0	0	0	0	0	0	0	0	0	0	0	0	0	0	0	0	0	0	0	0	0	0	0	0	0	
113260	Frontal_Mid_Orb_L	0	0	2898	0	14370	0	4240	0	0	0	226	0	2948	0	17038	0	0	0	738	0	468	166	122	0	546	0	1132	0	5100	0	546	244	0	0	0	0	0	0	0	0	176	0	0	0	0	0	0	0	0	0	0	0	0	0	0	0	0	0	0	0	0	0	0	0	0	0	0	0	0	0	950	234	4166	0	0	0	0	0	0	0	0	0	322	0	0	0	0	0	0	0	0	0	0	0	0	0	0	0	0	0	0	0	0	0	0	0	0	0	0	0	0	0	0	0	0	0	
42756	Frontal_Mid_Orb_R	0	0	0	704	0	6722	0	2218	0	0	0	0	0	1782	0	6532	0	0	0	0	146	260	0	0	0	0	0	854	0	432	0	0	0	0	0	0	0	0	0	0	0	0	0	0	0	0	0	0	0	0	0	0	0	0	0	0	0	0	0	0	0	0	0	0	0	0	0	0	0	0	226	320	208	974	0	0	0	0	0	0	0	0	0	0	0	0	0	0	0	0	0	0	0	0	0	0	0	0	0	0	0	0	0	0	0	0	0	0	0	0	0	0	0	0	0	0	
242632	Frontal_Inf_Oper_L	9542	0	10746	196	1396	0	7616	296	226	0	0	446	17000	0	240	0	7054	0	8978	216	0	98	1448	0	122	228	0	0	16356	678	6804	3702	642	0	0	0	1374	0	0	0	0	0	0	0	0	0	0	0	0	0	0	0	0	0	198	0	4452	0	0	0	0	0	0	0	0	0	0	0	0	0	5170	3928	2252	440	0	0	134	0	490	0	4580	0	3926	178	164	0	0	0	0	0	0	0	0	0	0	0	0	0	0	0	0	0	0	0	0	0	0	0	0	0	0	0	0	0	0	0	
188520	Frontal_Inf_Oper_R	0	10210	602	11676	0	0	102	8480	0	0	446	0	236	8222	0	782	0	3924	1088	6960	0	0	564	3250	0	0	0	0	0	12872	2138	5788	0	1912	0	0	0	390	0	168	0	0	0	0	0	0	0	0	0	0	0	0	0	0	0	236	0	3270	0	534	0	196	0	0	0	0	0	154	0	0	1062	3300	112	1924	0	412	112	200	0	986	0	304	0	1376	0	150	0	0	0	122	0	0	0	0	0	0	0	0	0	0	0	0	0	0	0	0	0	0	0	0	0	0	0	0	0	0	
238192	Frontal_Inf_Tri_L	3844	0	12048	128	2410	0	23852	154	2948	0	17000	236	0	0	15458	0	672	0	3868	150	0	0	3380	152	0	0	0	0	19156	320	5692	990	414	150	0	0	0	0	0	0	0	0	0	0	0	0	0	0	0	0	0	0	0	0	0	0	1504	0	0	0	0	0	0	0	0	0	0	0	0	0	1980	1146	474	288	0	0	0	0	0	0	106	0	576	0	0	0	0	0	0	0	0	0	0	0	0	0	0	0	0	0	0	0	0	0	0	0	0	0	0	0	0	0	0	0	0	0	
193524	Frontal_Inf_Tri_R	0	1136	232	13178	0	1226	136	19280	0	1782	0	8222	0	0	0	10190	0	470	750	2186	0	0	928	7068	0	216	0	0	0	11968	2104	9118	0	2490	0	0	0	0	0	0	0	0	0	0	0	0	0	0	0	0	0	0	0	0	0	0	0	0	0	0	0	0	0	0	0	0	0	0	0	0	0	1902	0	2180	0	0	0	0	0	0	0	0	0	0	0	0	0	0	0	0	0	0	0	0	0	0	0	0	0	0	0	0	0	0	0	0	0	0	0	0	0	0	0	0	0	0	
183584	Frontal_Inf_Orb_L	0	0	6864	0	13918	0	7500	0	17038	0	240	0	15458	0	0	0	0	0	932	0	1810	0	906	0	112	0	1526	0	15904	0	230	0	0	0	0	0	142	0	0	0	912	0	0	0	0	0	0	0	0	0	0	0	0	0	0	0	0	0	0	0	0	0	0	0	0	0	0	0	0	0	860	108	5230	0	0	0	0	0	0	0	0	0	2102	0	0	0	0	0	0	0	0	0	0	0	0	0	0	0	0	0	0	0	0	0	0	0	0	0	0	0	0	0	0	0	0	0	
107060	Frontal_Inf_Orb_R	0	0	0	5360	0	4370	0	5526	0	6532	0	782	0	10190	0	0	0	0	252	466	110	940	256	1274	0	0	0	900	0	8686	142	1570	0	714	0	0	0	0	0	296	0	160	0	0	0	0	0	0	0	0	0	0	0	0	0	0	0	0	0	0	0	0	0	0	0	0	0	0	0	0	158	984	128	2720	0	0	0	0	0	0	0	172	0	664	0	178	0	0	0	0	0	0	0	0	0	0	0	0	0	0	0	0	0	0	0	0	0	0	0	0	0	0	0	0	0	0	
244164	Rolandic_Oper_L	9912	0	12002	0	0	0	2110	0	0	0	7054	0	672	0	0	0	0	0	10890	0	0	0	0	0	0	0	0	0	22744	0	404	366	0	0	0	0	2866	0	154	0	0	0	176	0	0	0	158	0	0	0	534	0	680	0	1140	0	13756	0	0	0	2936	0	3058	0	0	0	172	0	198	0	702	430	2138	0	304	0	214	0	3252	0	14522	0	3204	0	3882	0	0	0	1452	0	0	0	0	0	0	0	0	0	0	0	0	0	0	0	0	0	0	0	0	0	0	0	0	0	0	0	
139416	Rolandic_Oper_R	250	4550	1100	6718	0	0	250	1750	0	0	0	3924	0	470	0	0	0	0	1300	4942	0	0	0	100	0	0	0	0	0	11546	290	240	0	286	0	0	0	3190	0	588	0	0	0	0	0	0	0	0	0	98	0	0	0	0	0	348	0	4496	0	914	0	128	0	2680	0	134	0	410	0	98	384	338	0	3758	0	0	198	1488	0	6912	0	4916	0	562	0	244	0	0	0	108	0	0	0	0	0	0	0	0	0	0	0	0	0	0	0	0	0	0	0	0	0	0	0	0	0	0	
815160	Supp_Motor_Area_L	14042	154	95216	14074	3152	0	27698	1228	738	0	8978	1088	3868	750	932	252	10890	1300	0	42310	0	0	13660	5770	232	126	0	0	17790	1736	10540	11792	11896	24216	2534	1516	4444	670	828	106	0	0	0	816	0	244	0	632	0	100	0	0	0	0	348	160	5210	270	0	218	0	0	0	0	0	0	118	1442	8472	108	8330	7992	18152	1842	3590	0	8014	688	714	448	3638	0	1266	146	0	96	0	0	0	0	0	0	0	0	0	0	0	0	0	0	0	0	0	0	0	0	0	0	0	0	0	0	0	0	0	0	
726196	Supp_Motor_Area_R	428	9852	9546	63858	0	500	1136	5714	0	0	216	6960	150	2186	0	466	0	4942	42310	0	0	0	4262	12596	0	1204	0	0	108	6782	2260	20298	6256	49436	1348	6056	218	3800	0	1622	0	0	0	2706	0	2416	0	1776	0	1360	0	350	0	1340	0	3298	0	3606	0	1238	0	268	0	1034	0	818	106	7840	5916	7240	802	25670	402	7674	172	1660	1778	10100	0	1432	0	1890	0	592	0	2318	0	0	0	2786	0	0	0	0	0	0	0	0	0	0	0	0	0	0	0	0	0	0	0	0	0	0	0	0	0	0	
72696	Olfactory_L	0	0	0	0	2900	1164	0	0	468	146	0	0	0	0	1810	110	0	0	0	0	0	3874	0	0	1054	126	2658	1598	3010	0	2656	1650	0	0	0	0	0	0	380	0	568	0	0	0	0	0	0	0	0	0	0	0	0	0	0	0	0	0	0	0	0	0	0	0	0	0	0	0	0	0	6672	2164	2818	396	0	0	0	0	0	0	0	0	126	0	0	0	0	0	0	0	0	0	0	0	0	0	0	0	0	0	0	0	0	0	0	0	0	0	0	0	0	0	0	0	0	0	
83012	Olfactory_R	0	0	0	0	816	2542	0	0	166	260	98	0	0	0	0	940	0	0	0	0	3874	0	0	0	522	696	1186	4160	246	994	1874	2036	0	0	0	0	0	240	0	590	0	1048	0	0	0	0	0	0	0	0	0	0	0	0	0	0	0	0	0	0	0	0	0	0	0	0	0	0	0	0	6992	5982	4464	1422	240	0	0	0	0	0	0	0	0	118	0	0	0	0	0	0	0	0	0	0	0	0	0	0	0	0	0	0	0	0	0	0	0	0	0	0	0	0	0	0	0	0	
416032	Frontal_Sup_Medial_L	0	0	49362	11984	5136	800	23134	1016	122	0	1448	564	3380	928	906	256	0	0	13660	4262	0	0	0	26804	1112	2106	96	0	3258	498	17726	16428	4480	12554	0	0	0	0	0	0	0	0	0	0	0	0	0	0	0	0	0	0	0	0	0	0	0	0	0	0	0	0	0	0	0	0	0	0	0	0	1064	3078	660	262	0	0	694	124	0	0	0	0	114	0	0	0	0	0	0	0	0	0	0	0	0	0	0	0	0	0	0	0	0	0	0	0	0	0	0	0	0	0	0	0	0	0	
384740	Frontal_Sup_Medial_R	0	0	6076	36580	110	3360	2290	7392	0	0	0	3250	152	7068	0	1274	0	100	5770	12596	0	0	26804	0	0	6800	0	0	96	3284	4136	30656	2058	21104	0	0	0	138	0	0	0	0	0	0	0	0	0	0	0	0	0	0	0	0	0	0	0	0	0	0	0	0	0	0	0	0	0	0	0	0	186	7370	0	3616	0	0	104	0	0	0	0	0	0	0	0	0	0	0	0	0	0	0	0	0	0	0	0	0	0	0	0	0	0	0	0	0	0	0	0	0	0	0	0	0	0	0	
36004	Frontal_Med_Orb_L	0	0	636	0	4064	0	0	0	546	0	122	0	0	0	112	0	0	0	232	0	1054	522	1112	0	0	484	2516	0	422	0	2662	836	0	0	0	0	0	0	0	0	0	0	0	0	0	0	0	0	0	0	0	0	0	0	0	0	0	0	0	0	0	0	0	0	0	0	0	0	0	0	1450	554	562	116	0	0	0	0	0	0	0	0	0	0	0	0	0	0	0	0	0	0	0	0	0	0	0	0	0	0	0	0	0	0	0	0	0	0	0	0	0	0	0	0	0	0	
99980	Frontal_Med_Orb_R	0	0	0	2404	0	8784	0	0	0	0	228	0	0	216	0	0	0	0	126	1204	126	696	2106	6800	484	0	0	4488	0	620	1872	8844	0	0	0	0	0	0	0	0	0	0	0	0	0	0	0	0	0	0	0	0	0	0	0	0	0	0	0	0	0	0	0	0	0	0	0	0	0	0	392	5996	204	4400	0	0	0	0	0	0	0	0	0	0	0	0	0	0	0	0	0	0	0	0	0	0	0	0	0	0	0	0	0	0	0	0	0	0	0	0	0	0	0	0	0	0	
49412	Rectus_L	0	0	0	0	5638	218	0	0	1132	0	0	0	0	0	1526	0	0	0	0	0	2658	1186	96	0	2516	0	0	262	530	0	2046	846	0	0	0	0	0	0	0	0	462	0	0	0	0	0	0	0	0	0	0	0	0	0	0	0	0	0	0	0	0	0	0	0	0	0	0	0	0	0	2978	680	1718	214	0	0	0	0	0	0	0	0	0	0	0	0	0	0	0	0	0	0	0	0	0	0	0	0	0	0	0	0	0	0	0	0	0	0	0	0	0	0	0	0	0	0	
64116	Rectus_R	0	0	0	0	0	8950	0	0	0	854	0	0	0	0	0	900	0	0	0	0	1598	4160	0	0	0	4488	262	0	154	222	186	1194	0	0	0	0	0	0	0	0	0	0	0	0	0	0	0	0	0	0	0	0	0	0	0	0	0	0	0	0	0	0	0	0	0	0	0	0	0	0	2478	3298	1996	1318	0	0	0	0	0	0	0	0	0	0	0	0	0	0	0	0	0	0	0	0	0	0	0	0	0	0	0	0	0	0	0	0	0	0	0	0	0	0	0	0	0	0	
548528	Insula_L	10648	0	25432	162	14286	118	13008	0	5100	0	16356	0	19156	0	15904	0	22744	0	17790	108	3010	246	3258	96	422	0	530	154	0	0	5916	1424	152	0	96	0	14988	0	1638	0	2154	0	170	0	0	0	354	0	0	0	548	0	1212	0	4608	0	7472	118	0	118	108	0	816	0	0	0	194	0	260	0	3422	1704	20858	104	306	0	1058	0	7750	0	14068	0	5766	0	3894	0	0	0	4460	0	0	0	0	0	0	0	0	0	0	0	0	0	0	0	0	0	0	0	0	0	0	0	0	0	0	0	
307180	Insula_R	256	1070	1036	12696	0	872	0	6568	0	432	678	12872	320	11968	0	8686	0	11546	1736	6782	0	994	498	3284	0	620	0	222	0	0	2408	7718	112	1774	584	836	376	9220	0	3876	0	1426	0	0	0	0	0	146	0	96	0	0	0	110	0	2292	0	1102	0	278	0	0	0	156	0	0	0	414	306	0	1572	4532	322	17850	0	272	474	2876	0	2028	0	2926	0	2662	0	682	0	0	0	712	0	0	0	0	0	0	0	0	0	316	0	0	0	0	0	0	0	0	0	0	0	0	0	0	0	0	
342524	Cingulum_Ant_L	120	0	20620	2296	3888	736	3020	1442	546	0	6804	2138	5692	2104	230	142	404	290	10540	2260	2656	1874	17726	4136	2662	1872	2046	186	5916	2408	0	20074	6774	3482	0	100	0	136	0	0	0	0	0	0	0	0	0	0	0	0	0	0	0	0	0	0	0	0	0	0	0	0	0	0	0	0	0	0	0	0	14930	7210	6438	1992	264	0	3132	562	0	0	418	0	796	200	0	0	0	0	0	0	0	0	0	0	0	0	0	0	0	0	0	0	0	0	0	0	0	0	0	0	0	0	0	0	0	0	
575088	Cingulum_Ant_R	386	0	7102	29824	902	4630	1322	3964	244	0	3702	5788	990	9118	0	1570	366	240	11792	20298	1650	2036	16428	30656	836	8844	846	1194	1424	7718	20074	0	3786	23572	0	0	0	290	0	106	0	0	0	0	0	0	0	0	0	0	0	0	0	0	0	0	0	0	0	0	0	0	0	0	0	0	0	0	0	0	8016	40014	1784	12400	0	124	1364	1856	0	0	0	0	0	288	0	0	0	0	0	0	0	0	0	0	0	0	0	0	0	0	0	0	0	0	0	0	0	0	0	0	0	0	0	0	0	0	
182556	Cingulum_Mid_L	354	0	5758	1656	184	0	1776	140	0	0	642	0	414	0	0	0	0	0	11896	6256	0	0	4480	2058	0	0	0	0	152	112	6774	3786	0	13636	3110	1986	0	128	0	108	0	0	1168	0	1148	976	326	0	1558	718	3840	114	0	0	0	162	454	0	752	0	158	0	0	0	468	122	4422	1508	1632	882	370	862	450	228	100	0	300	0	0	0	218	0	0	0	1954	0	0	0	982	0	0	0	0	0	0	0	0	0	0	0	0	0	0	0	0	0	0	0	0	0	0	0	0	0	0	0	
496752	Cingulum_Mid_R	280	1984	4874	16050	120	0	2598	3606	0	0	0	1912	150	2490	0	714	0	286	24216	49436	0	0	12554	21104	0	0	0	0	0	1774	3482	23572	13636	0	2630	8936	0	1346	0	854	0	0	0	3148	0	4282	0	1940	0	2376	0	472	0	904	0	1900	0	464	0	332	0	0	0	210	0	154	668	11678	5442	5554	296	5538	112	1162	0	0	226	98	0	0	0	450	0	206	0	1146	0	0	0	1014	0	0	0	0	0	0	0	0	0	0	0	0	0	0	0	0	0	0	0	0	0	0	0	0	0	0	
140648	Cingulum_Post_L	2368	254	258	2430	0	0	0	172	0	0	0	0	0	0	0	0	0	0	2534	1348	0	0	0	0	0	0	0	0	96	584	0	0	3110	2630	0	10642	6624	4922	2630	942	0	0	3020	312	1144	132	2850	0	0	0	334	0	274	0	660	704	0	0	0	0	0	0	0	0	0	0	6602	1020	3974	150	0	0	0	148	0	0	3102	3530	130	0	0	0	0	0	366	0	0	0	152	176	0	0	0	0	0	0	0	0	0	0	0	0	0	0	0	0	0	0	0	0	0	0	0	0	0	0	
208200	Cingulum_Post_R	1962	1408	0	3892	0	0	0	214	0	0	0	0	0	0	0	0	0	0	1516	6056	0	0	0	0	0	0	0	0	0	836	100	0	1986	8936	10642	0	3266	11426	314	4176	0	0	0	3372	0	1886	0	2968	0	540	0	338	0	884	102	3594	0	0	0	0	0	0	0	0	0	0	1018	14488	3334	2198	198	0	0	228	0	0	4918	5224	0	0	0	0	0	0	0	482	0	0	0	1474	0	0	0	0	0	0	0	0	0	0	0	0	0	0	0	0	0	0	0	0	124	0	0	0	0	0	
303916	Hippocampus_L	9050	0	7278	1216	200	0	3036	114	0	0	1374	0	0	0	142	0	2866	0	4444	218	0	0	0	0	0	0	0	0	14988	376	0	0	0	0	6624	3266	0	3006	17506	850	4542	0	1476	0	0	0	5162	0	0	0	554	0	728	0	15056	640	1232	158	0	152	0	0	112	0	0	0	3684	184	3012	0	274	0	14248	96	670	0	4356	2300	4252	0	2100	0	404	0	472	0	0	0	7766	158	254	0	0	0	0	0	478	0	488	0	288	0	108	0	0	0	0	0	0	0	0	0	0	0	0	0	
473312	Hippocampus_R	1858	3298	132	7942	0	0	0	376	0	0	0	390	0	0	0	0	0	3190	670	3800	0	240	0	138	0	0	0	0	0	9220	136	290	128	1346	4922	11426	3006	0	246	43980	0	8160	0	1312	0	6300	0	4054	0	6864	0	686	0	2010	96	38566	0	2654	0	1102	0	302	0	566	0	1072	0	12500	2216	4982	0	476	0	15572	0	520	3808	6718	0	1554	0	3234	0	948	0	1640	0	118	0	8436	0	342	0	0	0	0	0	828	0	1938	0	0	0	112	0	0	0	0	0	0	130	0	106	0	0	0	
115656	ParaHippocampal_L	1776	0	1808	130	0	0	914	0	0	0	0	0	0	0	0	0	154	0	828	0	380	0	0	0	0	0	0	0	1638	0	0	0	0	0	2630	314	17506	246	0	0	2246	0	1034	0	0	0	4306	0	0	0	0	0	294	0	7800	0	0	0	0	0	0	0	0	0	0	0	2680	0	554	0	0	0	4650	0	0	0	862	136	0	0	98	0	196	0	0	0	0	0	914	0	478	0	0	0	0	0	1166	0	1048	0	728	0	314	0	0	0	0	0	0	0	0	0	0	0	0	0	
364424	ParaHippocampal_R	340	840	0	1628	0	0	0	0	0	0	0	168	0	0	0	296	0	588	106	1622	0	590	0	0	0	0	0	0	0	3876	0	106	108	854	942	4176	850	43980	0	0	0	7078	0	1114	0	6506	0	3600	0	7070	0	738	0	1018	0	36714	0	2292	0	1102	0	310	0	474	0	1104	0	11370	370	5084	0	266	0	11346	0	338	928	1948	0	680	0	2562	0	1438	0	1424	0	778	0	7314	0	728	0	238	0	0	0	2078	0	2482	0	0	0	286	0	0	0	0	0	0	100	0	264	0	0	0	
33528	Amygdala_L	0	0	0	0	838	0	0	0	176	0	0	0	0	0	912	0	0	0	0	0	568	0	0	0	0	0	462	0	2154	0	0	0	0	0	0	0	4542	0	2246	0	0	0	0	0	0	0	0	0	0	0	0	0	0	0	2332	0	0	0	0	0	0	0	0	0	0	0	0	0	0	0	156	0	1416	0	0	0	0	0	0	0	0	0	316	0	0	0	0	0	646	0	0	0	0	0	0	0	0	0	0	0	0	0	0	0	0	0	0	0	0	0	0	0	0	0	0	0	
53896	Amygdala_R	0	0	0	0	0	0	0	0	0	0	0	0	0	0	0	160	0	0	0	0	0	1048	0	0	0	0	0	0	0	1426	0	0	0	0	0	0	0	8160	0	7078	0	0	0	0	0	0	0	0	0	0	0	0	0	0	0	5188	0	0	0	0	0	0	0	0	0	0	0	0	0	0	0	0	0	1520	0	0	0	0	0	0	0	0	0	1904	0	0	0	346	0	118	0	0	0	0	0	0	0	0	0	0	0	0	0	0	0	0	0	0	0	0	0	0	0	0	0	0	
258824	Calcarine_L	302	0	0	0	0	0	0	0	0	0	0	0	0	0	0	0	176	0	0	0	0	0	0	0	0	0	0	0	170	0	0	0	1168	0	3020	0	1476	0	1034	0	0	0	0	9734	17042	9392	19332	5002	15382	2872	15098	1070	5652	0	2282	208	1218	0	574	0	0	0	0	0	0	0	12836	778	254	0	0	0	0	0	0	0	0	0	0	0	176	0	0	0	1714	176	0	0	742	0	0	0	0	0	0	0	126	0	212	0	0	0	0	0	0	0	0	0	0	0	0	194	0	0	0	0	
450300	Calcarine_R	458	1078	0	200	0	0	0	0	0	0	0	0	0	0	0	0	0	0	816	2706	0	0	0	0	0	0	0	0	0	0	0	0	0	3148	312	3372	0	1312	0	1114	0	0	9734	0	5664	37398	2238	39488	418	31350	158	16286	122	7644	0	11712	0	1734	0	144	0	214	0	0	0	424	2704	27572	550	1138	0	0	0	114	0	0	0	0	0	174	0	430	0	0	0	8096	0	0	0	4098	0	0	0	0	0	0	0	176	0	240	0	0	0	0	0	0	0	0	0	0	484	130	0	0	0	0	
171900	Cuneus_L	100	0	0	0	0	0	0	0	0	0	0	0	0	0	0	0	0	0	0	0	0	0	0	0	0	0	0	0	0	0	0	0	1148	0	1144	0	0	0	0	0	0	0	17042	5664	0	9196	2008	1054	18370	2700	9170	430	2258	0	220	0	366	0	2930	0	0	0	0	0	0	0	10800	970	202	0	0	0	0	0	0	0	0	0	0	0	0	0	0	0	178	0	0	0	0	0	0	0	0	0	0	0	0	0	0	0	0	0	0	0	0	0	0	0	0	0	0	0	0	0	0	0	
526000	Cuneus_R	112	644	0	192	0	0	0	0	0	0	0	0	0	0	0	0	0	0	244	2416	0	0	0	0	0	0	0	0	0	0	0	0	976	4282	132	1886	0	6300	0	6506	0	0	9392	37398	9196	0	1512	12702	1300	56584	152	18988	0	1530	0	9956	0	4540	0	2676	0	124	0	456	0	5078	7022	40132	202	8140	0	0	0	2720	0	0	0	0	0	0	0	2058	0	0	0	6318	0	0	0	988	0	0	0	0	0	0	0	0	0	0	0	0	0	0	0	0	0	0	0	0	146	0	0	0	0	0	
380588	Lingual_L	606	0	154	0	0	0	0	0	0	0	0	0	0	0	0	0	158	0	0	0	0	0	0	0	0	0	0	0	354	0	0	0	326	0	2850	0	5162	0	4306	0	0	0	19332	2238	2008	1512	0	5132	8078	1524	19982	1100	13158	270	26872	658	270	0	172	0	0	0	0	0	0	0	9204	0	350	0	0	0	200	0	0	0	230	0	752	0	432	0	0	0	794	116	0	0	2286	0	9114	796	768	104	484	184	14846	898	19414	2240	0	0	0	0	430	290	0	0	128	292	4226	4532	646	0	172	144	
428868	Lingual_R	320	580	0	194	0	0	0	0	0	0	0	0	0	0	0	0	0	0	632	1776	0	0	0	0	0	0	0	0	0	146	0	0	0	1940	0	2968	0	4054	0	3600	0	0	5002	39488	1054	12702	5132	0	0	13674	0	9714	0	12414	280	23894	0	750	0	0	0	0	0	0	0	158	418	17016	370	596	0	0	0	132	0	0	198	154	0	260	0	402	0	0	0	4120	0	0	0	5698	1334	3082	480	360	302	406	1744	6748	3800	9060	0	0	0	0	630	292	0	0	134	456	7600	6638	1174	0	358	0	
202912	Occipital_Sup_L	154	0	0	0	0	0	0	0	0	0	0	0	0	0	0	0	0	0	0	0	0	0	0	0	0	0	0	0	0	0	0	0	1558	0	0	0	0	0	0	0	0	0	15382	418	18370	1300	8078	0	0	100	31102	0	3972	0	650	0	780	0	7142	0	720	0	0	0	0	0	10958	190	240	0	0	0	0	0	0	0	0	0	0	0	0	0	0	0	342	0	0	0	0	0	0	0	0	0	0	0	0	0	0	0	0	0	0	0	0	0	0	0	0	0	0	0	0	0	0	0	
523536	Occipital_Sup_R	0	392	0	176	0	0	0	0	0	0	0	0	0	0	0	0	0	98	100	1360	0	0	0	0	0	0	0	0	0	96	0	0	718	2376	0	540	0	6864	0	7070	0	0	2872	31350	2700	56584	1524	13674	100	0	0	30774	0	2326	0	11502	0	5762	0	7508	0	1206	0	800	0	12230	5112	32070	0	7688	0	0	0	2886	0	0	0	0	0	0	0	4052	0	0	0	7902	0	0	0	1068	0	0	0	0	0	0	0	0	0	128	0	0	0	0	0	0	0	0	0	0	160	0	0	0	0	0	
393840	Occipital_Mid_L	2262	0	426	0	0	0	154	0	0	0	0	0	0	0	0	0	534	0	0	0	0	0	0	0	0	0	0	0	548	0	0	0	3840	0	334	0	554	0	0	0	0	0	15098	158	9170	152	19982	0	31102	0	0	0	23050	0	4680	0	4772	0	13412	0	11992	0	120	0	12326	0	11644	0	2510	0	0	0	0	0	0	0	0	0	0	0	1426	0	0	0	21992	0	0	0	4238	0	0	0	0	0	0	0	212	0	232	0	0	0	0	0	0	0	0	0	0	0	0	0	0	0	0	0	
303320	Occipital_Mid_R	0	320	0	0	0	0	0	0	0	0	0	0	0	0	0	0	0	0	0	350	0	0	0	0	0	0	0	0	0	0	0	0	114	472	0	338	0	686	0	738	0	0	1070	16286	430	18988	1100	9714	0	30774	0	0	0	5302	0	6528	0	902	0	2350	0	3112	0	248	0	17504	938	7246	0	1044	0	0	0	304	0	0	0	0	0	0	0	856	0	0	0	18484	0	0	0	4848	0	0	0	0	0	0	0	142	0	206	0	0	0	0	0	0	0	0	0	0	266	0	0	0	0	0	
186192	Occipital_Inf_L	1058	0	0	0	0	0	0	0	0	0	0	0	0	0	0	0	680	0	0	0	0	0	0	0	0	0	0	0	1212	0	0	0	0	0	274	0	728	0	294	0	0	0	5652	122	2258	0	13158	0	3972	0	23050	0	0	0	14750	0	962	0	234	0	0	0	104	0	918	0	2846	0	766	0	0	0	0	0	0	0	0	0	496	0	1176	0	0	0	5680	0	0	0	10098	0	108	0	0	0	0	0	1104	0	1130	0	0	0	0	0	0	0	0	0	0	0	266	0	0	0	0	0	
156412	Occipital_Inf_R	0	482	0	146	0	0	0	0	0	0	0	0	0	0	0	0	0	0	0	1340	0	0	0	0	0	0	0	0	0	110	0	0	0	904	0	884	0	2010	0	1018	0	0	0	7644	0	1530	270	12414	0	2326	0	5302	0	0	0	18996	0	260	0	0	0	98	0	0	0	178	0	4286	0	396	0	0	0	218	0	0	0	0	0	336	0	476	0	0	0	3160	0	0	0	10340	0	112	0	0	0	0	0	686	0	1246	0	0	0	0	0	0	0	0	0	0	916	122	0	0	0	0	
385936	Fusiform_L	2278	0	596	0	0	0	336	0	0	0	198	0	0	0	0	0	1140	0	348	0	0	0	0	0	0	0	0	0	4608	0	0	0	0	0	660	102	15056	96	7800	0	2332	0	2282	0	220	0	26872	280	650	0	4680	0	14750	0	0	126	934	0	0	0	0	0	110	0	0	0	2220	0	548	0	0	0	2830	0	0	0	338	0	2310	0	3594	0	936	0	2492	0	520	0	17676	0	20618	146	3892	0	144	110	14256	206	27038	342	1276	0	528	0	0	292	0	0	0	0	2054	1682	0	0	144	322	
600800	Fusiform_R	266	1592	0	1014	0	0	0	0	0	0	0	236	0	0	0	0	0	348	160	3298	0	0	0	0	0	0	0	0	0	2292	0	0	162	1900	704	3594	640	38566	0	36714	0	5188	208	11712	0	9956	658	23894	0	11502	0	6528	0	18996	126	0	0	2784	0	1194	0	468	0	548	0	1822	128	15412	334	5692	0	0	0	7958	0	206	728	1028	0	1504	0	4560	0	5756	0	6116	0	3158	0	23590	376	7162	126	276	0	126	374	7592	786	14144	0	0	0	132	0	0	0	0	0	104	4020	1708	234	0	0	0	
262324	Postcentral_L	26108	0	5410	0	0	0	762	0	0	0	4452	0	1504	0	0	0	13756	0	5210	0	0	0	0	0	0	0	0	0	7472	0	0	0	454	0	0	0	1232	0	0	0	0	0	1218	0	366	0	270	0	780	0	4772	0	962	0	934	0	0	0	5288	0	17572	0	8444	0	272	0	4892	0	3302	0	0	0	412	0	0	0	186	0	2244	0	8148	0	0	0	4042	0	0	0	698	0	0	0	0	0	0	0	0	0	0	0	0	0	0	0	0	0	0	0	0	0	0	0	0	0	0	0	
248972	Postcentral_R	126	12282	330	3428	0	0	0	678	0	0	0	3270	0	0	0	0	0	4496	270	3606	0	0	0	0	0	0	0	0	118	1102	0	0	0	464	0	0	158	2654	0	2292	0	0	0	1734	0	4540	0	750	0	5762	0	902	0	260	0	2784	0	0	0	18770	0	6546	0	11350	0	4350	0	9616	216	2382	166	0	128	792	0	0	2106	0	0	732	0	4416	0	0	0	7068	0	0	0	3842	0	0	0	0	0	0	0	0	0	0	0	0	0	0	0	0	0	0	0	0	0	0	0	0	0	0	
122828	Parietal_Sup_L	126	0	0	0	0	0	0	0	0	0	0	0	0	0	0	0	0	0	0	0	0	0	0	0	0	0	0	0	0	0	0	0	752	0	0	0	0	0	0	0	0	0	574	0	2930	0	172	0	7142	0	13412	0	234	0	0	0	5288	0	0	0	14680	0	0	0	2082	0	12628	0	476	0	0	0	0	0	0	0	0	0	0	0	162	0	0	0	756	0	0	0	0	0	0	0	0	0	0	0	0	0	0	0	0	0	0	0	0	0	0	0	0	0	0	0	0	0	0	0	
142504	Parietal_Sup_R	98	2000	308	1160	0	0	0	440	0	0	0	534	0	0	0	0	0	914	218	1238	0	0	0	0	0	0	0	0	118	278	0	0	0	332	0	0	152	1102	0	1102	0	0	0	144	0	2676	0	0	0	7508	0	2350	0	0	0	1194	0	18770	0	0	0	5180	0	3116	0	5680	0	8292	182	788	162	0	128	328	0	0	2058	0	0	408	0	1084	0	0	0	672	0	0	0	538	0	0	0	0	0	0	0	0	0	0	0	0	0	0	0	0	0	0	0	0	0	0	0	0	0	0	
167728	Parietal_Inf_L	3984	0	0	0	0	0	0	0	0	0	0	0	0	0	0	0	2936	0	0	0	0	0	0	0	0	0	0	0	108	0	0	0	158	0	0	0	0	0	0	0	0	0	0	0	0	0	0	0	720	0	11992	0	0	0	0	0	17572	0	14680	0	0	0	8516	0	10136	0	3190	0	1124	0	0	0	0	0	0	0	0	0	0	0	2204	0	0	0	6334	0	0	0	210	0	0	0	0	0	0	0	0	0	0	0	0	0	0	0	0	0	0	0	0	0	0	0	0	0	0	0	
84004	Parietal_Inf_R	0	430	0	138	0	0	0	0	0	0	0	196	0	0	0	0	0	128	0	268	0	0	0	0	0	0	0	0	0	0	0	0	0	0	0	0	0	302	0	310	0	0	0	214	0	124	0	0	0	1206	0	3112	0	98	0	468	0	6546	0	5180	0	0	0	7088	0	10706	0	144	0	0	0	0	0	0	0	0	0	0	0	0	0	1406	0	0	0	2574	0	0	0	1364	0	0	0	0	0	0	0	0	0	0	0	0	0	0	0	0	0	0	0	0	0	0	0	0	0	0	
75752	SupraMarginal_L	276	0	0	0	0	0	0	0	0	0	0	0	0	0	0	0	3058	0	0	0	0	0	0	0	0	0	0	0	816	0	0	0	0	0	0	0	112	0	0	0	0	0	0	0	0	0	0	0	0	0	120	0	104	0	110	0	8444	0	0	0	8516	0	0	0	3872	0	0	0	0	0	0	0	0	0	0	0	0	0	182	0	6006	0	0	0	5676	0	0	0	584	0	0	0	0	0	0	0	0	0	0	0	0	0	0	0	0	0	0	0	0	0	0	0	0	0	0	0	
89012	SupraMarginal_R	0	1084	0	0	0	0	0	0	0	0	0	0	0	0	0	0	0	2680	0	1034	0	0	0	0	0	0	0	0	0	156	0	0	0	210	0	0	0	566	0	474	0	0	0	0	0	456	0	0	0	800	0	248	0	0	0	548	0	11350	0	3116	0	7088	0	0	0	5366	0	862	0	740	0	0	0	210	0	0	0	0	0	0	0	6196	0	0	0	950	0	0	0	372	0	0	0	0	0	0	0	0	0	0	0	0	0	0	0	0	0	0	0	0	0	0	0	0	0	0	
83516	Angular_L	0	0	0	0	0	0	0	0	0	0	0	0	0	0	0	0	0	0	0	0	0	0	0	0	0	0	0	0	0	0	0	0	468	0	0	0	0	0	0	0	0	0	0	0	0	0	0	0	0	0	12326	0	918	0	0	0	272	0	2082	0	10136	0	3872	0	0	0	172	0	0	0	0	0	0	0	0	0	0	0	0	0	760	0	0	0	9372	0	0	0	1380	0	0	0	0	0	0	0	0	0	0	0	0	0	0	0	0	0	0	0	0	0	0	0	0	0	0	0	
193692	Angular_R	0	280	0	0	0	0	0	0	0	0	0	0	0	0	0	0	0	134	0	818	0	0	0	0	0	0	0	0	0	0	0	0	122	154	0	0	0	1072	0	1104	0	0	0	424	0	5078	0	158	0	12230	0	17504	0	178	0	1822	0	4350	0	5680	0	10706	0	5366	0	0	0	4166	0	1588	0	0	0	454	0	0	0	0	0	0	0	7662	0	0	0	14310	0	0	0	1486	0	0	0	0	0	0	0	0	0	0	0	0	0	0	0	0	0	0	0	0	0	0	0	0	0	0	
263888	Precuneus_L	776	0	0	0	0	0	0	0	0	0	0	0	0	0	0	0	172	0	118	106	0	0	0	0	0	0	0	0	194	0	0	0	4422	668	6602	1018	3684	0	2680	0	0	0	12836	2704	10800	7022	9204	418	10958	5112	11644	938	2846	0	2220	128	4892	0	12628	0	3190	0	0	0	172	0	0	8188	2092	354	0	0	0	0	0	0	148	0	156	0	422	0	0	0	1786	0	0	0	646	0	0	0	0	0	0	0	0	0	0	0	0	0	0	0	0	0	0	0	0	0	0	0	0	0	0	0	
551196	Precuneus_R	566	2010	0	1326	0	0	0	108	0	0	0	154	0	0	0	0	0	410	1442	7840	0	0	0	0	0	0	0	0	0	414	0	0	1508	11678	1020	14488	184	12500	0	11370	0	0	778	27572	970	40132	0	17016	190	32070	0	7246	0	4286	0	15412	0	9616	0	8292	0	144	0	862	0	4166	8188	0	1030	13796	0	0	0	3044	0	0	492	206	0	148	0	2540	0	0	0	6084	0	0	0	3892	0	0	0	0	0	0	0	128	0	0	0	0	0	0	0	0	0	0	0	0	280	0	0	0	0	0	
150888	Paracentral_Lobule_L	12812	318	464	1174	0	0	0	0	0	0	0	0	0	0	0	0	198	0	8472	5916	0	0	0	0	0	0	0	0	260	306	0	0	1632	5442	3974	3334	3012	2216	554	370	0	0	254	550	202	202	350	370	240	0	2510	0	766	0	548	334	3302	216	476	182	1124	0	0	0	0	0	2092	1030	0	420	362	114	0	0	0	0	5032	1796	166	0	180	0	0	0	1718	0	0	0	346	108	0	0	0	0	0	0	0	0	0	0	0	0	0	0	0	0	0	0	0	0	0	0	0	0	0	0	
161136	Paracentral_Lobule_R	0	4128	0	172	0	0	0	0	0	0	0	0	0	0	0	0	0	98	108	7240	0	0	0	0	0	0	0	0	0	0	0	0	882	5554	150	2198	0	4982	0	5084	0	0	0	1138	0	8140	0	596	0	7688	0	1044	0	396	0	5692	0	2382	0	788	0	0	0	740	0	1588	354	13796	420	0	0	0	0	2240	0	0	0	0	0	0	0	760	0	0	0	1516	0	0	0	694	0	0	0	0	0	0	0	0	0	0	0	0	0	0	0	0	0	0	0	0	0	0	0	0	0	0	
266932	Caudate_L	884	0	6594	730	2956	1784	586	218	950	226	5170	1062	1980	0	860	158	702	384	8330	802	6672	6992	1064	186	1450	392	2978	2478	3422	1572	14930	8016	370	296	0	198	274	0	0	0	156	0	0	0	0	0	0	0	0	0	0	0	0	0	0	0	0	166	0	162	0	0	0	0	0	0	0	0	362	0	0	15938	15772	1958	1886	178	8564	1750	0	184	186	0	224	314	0	0	0	0	0	0	0	0	0	0	0	0	0	0	0	0	0	0	0	0	0	0	0	0	0	0	0	0	0	0	0	0	
488068	Caudate_R	470	1450	7262	29152	860	6144	1382	600	234	320	3928	3300	1146	1902	108	984	430	338	7992	25670	2164	5982	3078	7370	554	5996	680	3298	1704	4532	7210	40014	862	5538	0	0	0	476	0	266	0	0	0	0	0	0	0	0	0	0	0	0	0	0	0	0	0	0	0	0	0	0	0	0	0	0	0	0	114	0	15938	0	4302	18512	362	1946	3064	16272	0	0	0	0	0	128	0	0	0	0	0	0	0	0	0	0	0	0	0	0	0	0	0	0	0	0	0	0	0	0	0	0	0	0	0	0	0	0	
340744	Putamen_L	3874	0	20632	204	10142	1458	3768	0	4166	208	2252	112	474	0	5230	128	2138	0	18152	402	2818	4464	660	0	562	204	1718	1996	20858	322	6438	1784	450	112	0	0	14248	0	4650	0	1416	0	0	0	0	0	200	0	0	0	0	0	0	0	2830	0	412	128	0	128	0	0	0	0	0	0	0	0	0	0	15772	4302	0	462	4950	0	2028	250	0	0	614	0	532	102	0	0	0	0	1622	0	0	0	0	0	0	0	0	0	0	0	0	0	0	0	0	0	0	0	0	0	0	0	0	0	0	0	
342908	Putamen_R	170	1376	1278	11850	240	5644	218	1456	0	974	440	1924	288	2180	0	2720	0	3758	1842	7674	396	1422	262	3616	116	4400	214	1318	104	17850	1992	12400	228	1162	148	228	96	15572	0	11346	0	1520	0	114	0	2720	0	132	0	2886	0	304	0	218	0	7958	0	792	0	328	0	0	0	210	0	454	0	3044	0	2240	1958	18512	462	0	0	1634	828	4626	0	522	0	786	0	182	0	316	0	0	0	464	0	160	0	0	0	0	0	114	0	1068	0	0	0	0	0	0	0	0	0	0	0	0	0	0	0	0	
39896	Pallidum_L	450	0	4228	128	0	0	654	0	0	0	0	0	0	0	0	0	304	0	3590	172	0	240	0	0	0	0	0	0	306	0	264	0	100	0	0	0	670	0	0	0	0	0	0	0	0	0	0	0	0	0	0	0	0	0	0	0	0	0	0	0	0	0	0	0	0	0	0	0	0	0	1886	362	4950	0	0	0	1644	0	0	0	0	0	0	0	0	0	0	0	0	0	0	0	0	0	0	0	0	0	0	0	0	0	0	0	0	0	0	0	0	0	0	0	0	0	0	0	
18840	Pallidum_R	0	354	0	1678	0	0	0	0	0	0	0	412	0	0	0	0	0	0	0	1660	0	0	0	0	0	0	0	0	0	272	0	124	0	0	0	0	0	520	0	338	0	0	0	0	0	0	0	0	0	0	0	0	0	0	0	206	0	0	0	0	0	0	0	0	0	0	0	0	0	0	178	1946	0	1634	0	0	0	98	0	0	0	0	0	0	0	0	0	0	0	0	0	0	0	0	0	0	0	0	0	0	0	0	0	0	0	0	0	0	0	0	0	0	0	0	0	0	
171176	Thalamus_L	5396	448	2676	3454	0	0	270	108	0	0	134	112	0	0	0	0	214	198	8014	1778	0	0	694	104	0	0	0	0	1058	474	3132	1364	300	226	3102	4918	4356	3808	862	928	0	0	0	0	0	0	230	198	0	0	0	0	0	0	338	728	186	2106	0	2058	0	0	0	0	0	0	148	492	5032	0	8564	3064	2028	828	1644	0	0	9110	152	0	98	0	0	0	0	0	0	0	282	174	0	0	0	0	0	0	0	0	0	0	0	0	0	0	0	0	0	0	0	0	0	0	0	0	0	0	
207808	Thalamus_R	1558	1712	194	26084	0	0	0	588	0	0	0	200	0	0	0	0	0	1488	688	10100	0	0	124	0	0	0	0	0	0	2876	562	1856	0	98	3530	5224	2300	6718	136	1948	0	0	0	0	0	0	0	154	0	0	0	0	0	0	0	1028	0	0	0	0	0	0	0	0	0	0	0	206	1796	0	1750	16272	250	4626	0	98	9110	0	0	246	0	166	0	0	0	0	0	0	0	218	0	0	0	0	0	0	0	0	0	0	0	0	0	0	0	0	0	0	0	0	0	0	0	0	0	0	
66116	Heschl_L	3402	0	1106	0	0	0	682	0	0	0	490	0	0	0	0	0	3252	0	714	0	0	0	0	0	0	0	0	0	7750	0	0	0	0	0	130	0	4252	0	0	0	0	0	0	0	0	0	752	0	0	0	0	0	496	0	2310	0	2244	0	0	0	0	0	182	0	0	0	156	0	166	0	0	0	0	0	0	0	152	0	0	0	2850	0	0	0	790	0	0	0	1182	0	0	0	0	0	0	0	0	0	0	0	0	0	0	0	0	0	0	0	0	0	0	0	0	0	0	0	
60384	Heschl_R	210	1706	446	1752	0	0	200	530	0	0	0	986	0	0	0	0	0	6912	448	1432	0	0	0	0	0	0	0	0	0	2028	0	0	0	0	0	0	0	1554	0	680	0	0	0	174	0	0	0	260	0	0	0	0	0	336	0	1504	0	732	0	408	0	0	0	0	0	0	0	148	0	0	184	0	0	522	0	0	0	246	0	0	0	4966	0	0	0	1060	0	0	0	768	0	0	0	0	0	0	0	0	0	0	0	0	0	0	0	0	0	0	0	0	0	0	0	0	0	0	
244068	Temporal_Sup_L	3804	0	4208	0	0	0	1224	0	0	0	4580	0	106	0	0	0	14522	0	3638	0	0	0	0	0	0	0	0	0	14068	0	418	0	218	0	0	0	2100	0	98	0	0	0	176	0	0	0	432	0	0	0	1426	0	1176	0	3594	0	8148	0	162	0	2204	0	6006	0	760	0	422	0	180	0	186	0	614	0	0	0	98	0	2850	0	0	0	4548	0	28304	0	0	0	11764	0	0	0	0	0	0	0	0	0	0	0	0	0	0	0	0	0	0	0	0	0	0	0	0	0	0	0	
176400	Temporal_Sup_R	0	682	0	508	0	0	0	0	0	0	0	304	0	0	0	172	0	4916	0	1890	0	0	0	0	0	0	0	0	0	2926	0	0	0	450	0	0	0	3234	0	2562	0	0	0	430	0	2058	0	402	0	4052	0	856	0	476	0	4560	0	4416	0	1084	0	1406	0	6196	0	7662	0	2540	0	760	0	0	0	786	0	0	0	166	0	4966	0	0	0	1842	0	20354	0	1362	0	4182	0	0	0	0	0	0	0	0	0	0	0	0	0	0	0	0	0	0	0	0	0	0	0	0	0	0	
77844	Temporal_Pole_Sup_L	420	0	1474	0	632	0	690	0	322	0	3926	0	576	0	2102	0	3204	0	1266	0	126	0	114	0	0	0	0	0	5766	0	796	0	0	0	0	0	404	0	196	0	316	0	0	0	0	0	0	0	0	0	0	0	0	0	936	0	0	0	0	0	0	0	0	0	0	0	0	0	0	0	224	0	532	0	0	0	0	0	0	0	4548	0	0	0	4426	0	2362	0	3564	0	0	0	0	0	0	0	0	0	0	0	0	0	0	0	0	0	0	0	0	0	0	0	0	0	0	0	
58052	Temporal_Pole_Sup_R	0	0	0	864	0	0	0	462	0	0	178	1376	0	0	0	664	0	562	146	592	0	118	0	0	0	0	0	0	0	2662	200	288	0	206	0	0	0	948	0	1438	0	1904	0	0	0	0	0	0	0	0	0	0	0	0	0	5756	0	0	0	0	0	0	0	0	0	0	0	0	0	0	314	128	102	182	0	0	0	0	0	0	0	1842	0	0	0	2480	0	4102	0	1512	0	0	0	0	0	0	0	0	0	0	0	0	0	0	0	0	0	0	0	0	0	0	0	0	0	0	
290120	Temporal_Mid_L	2126	0	262	0	0	0	132	0	0	0	164	0	0	0	0	0	3882	0	0	0	0	0	0	0	0	0	0	0	3894	0	0	0	1954	0	366	0	472	0	0	0	0	0	1714	0	178	0	794	0	342	0	21992	0	5680	0	2492	0	4042	0	756	0	6334	0	5676	0	9372	0	1786	0	1718	0	0	0	0	0	0	0	0	0	790	0	28304	0	4426	0	0	0	2612	0	32800	0	0	0	0	0	0	0	0	0	0	0	0	0	0	0	0	0	0	0	0	0	0	0	0	0	0	0	
300280	Temporal_Mid_R	0	1160	0	0	0	0	0	0	0	0	0	150	0	0	0	178	0	244	96	2318	0	0	0	0	0	0	0	0	0	682	0	0	0	1146	0	482	0	1640	0	1424	0	0	176	8096	0	6318	116	4120	0	7902	0	18484	0	3160	0	6116	0	7068	0	672	0	2574	0	950	0	14310	0	6084	0	1516	0	0	0	316	0	0	0	0	0	1060	0	20354	0	2480	0	0	0	4644	0	23940	0	0	0	0	0	0	0	0	0	0	0	0	0	0	0	0	0	0	0	0	164	0	0	0	0	0	
15628	Temporal_Pole_Mid_L	0	0	0	0	0	0	0	0	0	0	0	0	0	0	0	0	0	0	0	0	0	0	0	0	0	0	0	0	0	0	0	0	0	0	0	0	0	0	0	0	0	0	0	0	0	0	0	0	0	0	0	0	0	0	520	0	0	0	0	0	0	0	0	0	0	0	0	0	0	0	0	0	0	0	0	0	0	0	0	0	0	0	2362	0	2612	0	0	0	2320	0	0	0	0	0	0	0	0	0	0	0	0	0	0	0	0	0	0	0	0	0	0	0	0	0	0	0	
34176	Temporal_Pole_Mid_R	0	0	0	0	0	0	0	0	0	0	0	0	0	0	0	0	0	0	0	0	0	0	0	0	0	0	0	0	0	0	0	0	0	0	0	0	0	118	0	778	0	346	0	0	0	0	0	0	0	0	0	0	0	0	0	3158	0	0	0	0	0	0	0	0	0	0	0	0	0	0	0	0	0	0	0	0	0	0	0	0	0	1362	0	4102	0	4644	0	0	0	2580	0	0	0	0	0	0	0	0	0	0	0	0	0	0	0	0	0	0	0	0	0	0	0	0	0	0	
233380	Temporal_Inf_L	744	0	124	0	0	0	122	0	0	0	0	0	0	0	0	0	1452	0	0	0	0	0	0	0	0	0	0	0	4460	0	0	0	982	0	152	0	7766	0	914	0	646	0	742	0	0	0	2286	0	0	0	4238	0	10098	0	17676	0	698	0	0	0	210	0	584	0	1380	0	646	0	346	0	0	0	1622	0	0	0	282	0	1182	0	11764	0	3564	0	32800	0	2320	0	0	0	4170	0	1256	0	0	0	0	0	990	0	352	0	122	0	0	0	0	0	0	0	0	0	0	0	0	0	
243356	Temporal_Inf_R	0	974	0	240	0	0	0	0	0	0	0	122	0	0	0	0	0	108	0	2786	0	0	0	0	0	0	0	0	0	712	0	0	0	1014	176	1474	158	8436	0	7314	0	118	0	4098	0	988	0	5698	0	1068	0	4848	0	10340	0	23590	0	3842	0	538	0	1364	0	372	0	1486	0	3892	108	694	0	0	0	464	0	0	174	218	0	768	0	4182	0	1512	0	23940	0	2580	0	0	0	480	0	0	0	0	0	136	0	356	0	0	0	0	0	0	0	0	0	0	310	0	0	0	0	0	
474540	Cerebelum_Crus1_L	0	0	0	0	0	0	0	0	0	0	0	0	0	0	0	0	0	0	0	0	0	0	0	0	0	0	0	0	0	0	0	0	0	0	0	0	254	0	478	0	0	0	0	0	0	0	9114	1334	0	0	0	0	108	0	20618	376	0	0	0	0	0	0	0	0	0	0	0	0	0	0	0	0	0	0	0	0	0	0	0	0	0	0	0	0	0	0	0	0	4170	0	0	8628	42288	4274	1440	296	24358	1862	54416	9426	11618	170	12800	410	2368	630	624	0	328	824	3952	7406	10182	1184	954	380	
466044	Cerebelum_Crus1_R	0	0	0	0	0	0	0	0	0	0	0	0	0	0	0	0	0	0	0	0	0	0	0	0	0	0	0	0	0	0	0	0	0	0	0	0	0	342	0	728	0	0	0	0	0	0	796	3082	0	0	0	0	0	112	146	7162	0	0	0	0	0	0	0	0	0	0	0	0	0	0	0	0	0	160	0	0	0	0	0	0	0	0	0	0	0	0	0	0	0	480	8628	0	5448	35866	270	4536	1320	26388	6802	60198	414	5912	828	18882	320	2264	0	148	170	1228	7294	11266	16288	2784	2424	336	
359912	Cerebelum_Crus2_L	0	0	0	0	0	0	0	0	0	0	0	0	0	0	0	0	0	0	0	0	0	0	0	0	0	0	0	0	0	0	0	0	0	0	0	0	0	0	0	0	0	0	0	0	0	0	768	480	0	0	0	0	0	0	3892	126	0	0	0	0	0	0	0	0	0	0	0	0	0	0	0	0	0	0	0	0	0	0	0	0	0	0	0	0	0	0	0	0	1256	0	42288	5448	0	11120	540	96	3446	324	13402	5090	27888	4822	25738	3082	2992	220	856	0	0	0	322	3858	14190	6288	1062	362	
371484	Cerebelum_Crus2_R	0	0	0	0	0	0	0	0	0	0	0	0	0	0	0	0	0	0	0	0	0	0	0	0	0	0	0	0	0	0	0	0	0	0	0	0	0	0	0	238	0	0	0	0	0	0	104	360	0	0	0	0	0	0	0	276	0	0	0	0	0	0	0	0	0	0	0	0	0	0	0	0	0	0	0	0	0	0	0	0	0	0	0	0	0	0	0	0	0	0	4274	35866	11120	0	124	2210	544	6458	2928	17210	5166	22082	5544	31926	170	2106	0	132	140	896	2234	3646	19014	7714	2752	508	
43804	Cerebelum_3_L	0	0	0	0	0	0	0	0	0	0	0	0	0	0	0	0	0	0	0	0	0	0	0	0	0	0	0	0	0	0	0	0	0	0	0	0	0	0	0	0	0	0	0	0	0	0	484	302	0	0	0	0	0	0	144	0	0	0	0	0	0	0	0	0	0	0	0	0	0	0	0	0	0	0	0	0	0	0	0	0	0	0	0	0	0	0	0	0	0	0	1440	270	540	124	0	130	5800	288	3068	436	102	0	272	0	2350	592	0	0	844	1228	1390	1060	184	280	312	262	
84712	Cerebelum_3_R	0	0	0	0	0	0	0	0	0	0	0	0	0	0	0	0	0	0	0	0	0	0	0	0	0	0	0	0	0	0	0	0	0	0	0	0	0	0	0	0	0	0	0	0	0	0	184	406	0	0	0	0	0	0	110	126	0	0	0	0	0	0	0	0	0	0	0	0	0	0	0	0	0	0	0	0	0	0	0	0	0	0	0	0	0	0	0	0	0	0	296	4536	96	2210	130	0	998	7128	934	6266	0	208	0	1144	346	2434	0	0	1848	3116	2184	1980	858	1572	2362	884	
306132	Cerebelum_4_5_L	0	0	0	0	0	0	0	0	0	0	0	0	0	0	0	0	0	0	0	0	0	0	0	0	0	0	0	0	0	0	0	0	0	0	0	0	478	0	1166	0	0	0	126	0	0	0	14846	1744	0	0	212	0	1104	0	14256	374	0	0	0	0	0	0	0	0	0	0	0	0	0	0	0	0	0	0	0	0	0	0	0	0	0	0	0	0	0	0	0	0	0	0	24358	1320	3446	544	5800	998	0	4084	38350	2656	1516	0	1314	350	5482	2474	574	0	1172	2140	13360	4794	356	486	1312	1874	
278620	Cerebelum_4_5_R	0	0	0	0	0	0	0	0	0	0	0	0	0	0	0	0	0	0	0	0	0	0	0	0	0	0	0	0	0	0	0	0	0	0	0	0	0	828	0	2078	0	0	0	176	0	0	898	6748	0	0	0	142	0	686	206	7592	0	0	0	0	0	0	0	0	0	0	0	128	0	0	0	0	0	114	0	0	0	0	0	0	0	0	0	0	0	0	0	0	0	136	1862	26388	324	6458	288	7128	4084	0	2616	35412	0	752	142	4916	656	1806	0	152	214	2316	15578	2312	2438	1564	1842	330	
466504	Cerebelum_6_L	0	0	0	0	0	0	0	0	0	0	0	0	0	0	0	0	0	0	0	0	0	0	0	0	0	0	0	0	0	0	0	0	0	0	0	0	488	0	1048	0	0	0	212	0	0	0	19414	3800	0	0	232	0	1130	0	27038	786	0	0	0	0	0	0	0	0	0	0	0	0	0	0	0	0	0	0	0	0	0	0	0	0	0	0	0	0	0	0	0	0	990	0	54416	6802	13402	2928	3068	934	38350	2616	0	9982	3520	0	2770	454	2886	1978	544	0	654	1148	8464	13768	5606	1492	1626	706	
495652	Cerebelum_6_R	0	0	0	0	0	0	0	0	0	0	0	0	0	0	0	0	0	0	0	0	0	0	0	0	0	0	0	0	0	316	0	0	0	0	0	0	0	1938	0	2482	0	0	0	240	0	0	2240	9060	0	128	0	206	0	1246	342	14144	0	0	0	0	0	0	0	0	0	0	0	0	0	0	0	0	0	1068	0	0	0	0	0	0	0	0	0	0	0	0	0	0	0	356	9426	60198	5090	17210	436	6266	2656	35412	9982	0	176	2390	354	9196	476	2838	0	298	256	1610	12560	15486	15144	3178	3108	314	
221388	Cerebelum_7b_L	0	0	0	0	0	0	0	0	0	0	0	0	0	0	0	0	0	0	0	0	0	0	0	0	0	0	0	0	0	0	0	0	0	0	0	0	288	0	728	0	0	0	0	0	0	0	0	0	0	0	0	0	0	0	1276	0	0	0	0	0	0	0	0	0	0	0	0	0	0	0	0	0	0	0	0	0	0	0	0	0	0	0	0	0	0	0	0	0	352	0	11618	414	27888	5166	102	0	1516	0	3520	176	0	4324	32158	4698	3382	0	1040	0	0	0	0	144	4786	6972	146	0	
168516	Cerebelum_7b_R	0	0	0	0	0	0	0	0	0	0	0	0	0	0	0	0	0	0	0	0	0	0	0	0	0	0	0	0	0	0	0	0	0	0	0	0	0	0	0	0	0	0	0	0	0	0	0	0	0	0	0	0	0	0	0	0	0	0	0	0	0	0	0	0	0	0	0	0	0	0	0	0	0	0	0	0	0	0	0	0	0	0	0	0	0	0	0	0	0	0	170	5912	4822	22082	0	208	0	752	0	2390	4324	0	3764	27904	0	2006	0	0	0	132	300	0	3592	5532	262	106	
269372	Cerebelum_8_L	0	0	0	0	0	0	0	0	0	0	0	0	0	0	0	0	0	0	0	0	0	0	0	0	0	0	0	0	0	0	0	0	0	0	0	0	108	0	314	0	0	0	0	0	0	0	0	0	0	0	0	0	0	0	528	0	0	0	0	0	0	0	0	0	0	0	0	0	0	0	0	0	0	0	0	0	0	0	0	0	0	0	0	0	0	0	0	0	122	0	12800	828	25738	5544	272	0	1314	142	2770	354	32158	3764	0	8050	17376	940	3600	0	0	0	98	210	5492	10382	1582	200	
315804	Cerebelum_8_R	0	0	0	0	0	0	0	0	0	0	0	0	0	0	0	0	0	0	0	0	0	0	0	0	0	0	0	0	0	0	0	0	0	0	0	0	0	112	0	286	0	0	0	0	0	0	0	0	0	0	0	0	0	0	0	132	0	0	0	0	0	0	0	0	0	0	0	0	0	0	0	0	0	0	0	0	0	0	0	0	0	0	0	0	0	0	0	0	0	0	410	18882	3082	31926	0	1144	350	4916	454	9196	4698	27904	8050	0	364	17704	0	616	0	660	1788	682	8166	11302	4068	1010	
116676	Cerebelum_9_L	0	0	0	0	0	0	0	0	0	0	0	0	0	0	0	0	0	0	0	0	0	0	0	0	0	0	0	0	0	0	0	0	0	0	0	0	0	0	0	0	0	0	0	0	0	0	430	630	0	0	0	0	0	0	0	0	0	0	0	0	0	0	0	0	0	0	0	0	0	0	0	0	0	0	0	0	0	0	0	0	0	0	0	0	0	0	0	0	0	0	2368	320	2992	170	2350	346	5482	656	2886	476	3382	0	17376	364	0	1700	4350	0	320	272	2946	2480	608	1720	2374	1340	
150540	Cerebelum_9_R	0	0	0	0	0	0	0	0	0	0	0	0	0	0	0	0	0	0	0	0	0	0	0	0	0	0	0	0	0	0	0	0	0	0	0	0	0	0	0	0	0	0	0	0	0	0	290	292	0	0	0	0	0	0	292	0	0	0	0	0	0	0	0	0	0	0	0	0	0	0	0	0	0	0	0	0	0	0	0	0	0	0	0	0	0	0	0	0	0	0	630	2264	220	2106	592	2434	2474	1806	1978	2838	0	2006	940	17704	1700	0	0	1598	2452	2290	3354	4540	2736	6456	8154	3124	
23176	Cerebelum_10_L	0	0	0	0	0	0	0	0	0	0	0	0	0	0	0	0	0	0	0	0	0	0	0	0	0	0	0	0	0	0	0	0	0	0	0	0	0	0	0	0	0	0	0	0	0	0	0	0	0	0	0	0	0	0	0	0	0	0	0	0	0	0	0	0	0	0	0	0	0	0	0	0	0	0	0	0	0	0	0	0	0	0	0	0	0	0	0	0	0	0	624	0	856	0	0	0	574	0	544	0	1040	0	3600	0	4350	0	0	0	0	0	0	0	0	0	0	0	
8168	Cerebelum_10_R	0	0	0	0	0	0	0	0	0	0	0	0	0	0	0	0	0	0	0	0	0	0	0	0	0	0	0	0	0	0	0	0	0	0	0	0	0	0	0	0	0	0	0	0	0	0	0	0	0	0	0	0	0	0	0	0	0	0	0	0	0	0	0	0	0	0	0	0	0	0	0	0	0	0	0	0	0	0	0	0	0	0	0	0	0	0	0	0	0	0	0	148	0	132	0	0	0	152	0	298	0	0	0	616	0	1598	0	0	0	0	0	182	220	370	368	0	
37344	Vermis_1_2	0	0	0	0	0	0	0	0	0	0	0	0	0	0	0	0	0	0	0	0	0	0	0	0	0	0	0	0	0	0	0	0	0	0	0	0	0	0	0	0	0	0	0	0	0	0	128	134	0	0	0	0	0	0	0	0	0	0	0	0	0	0	0	0	0	0	0	0	0	0	0	0	0	0	0	0	0	0	0	0	0	0	0	0	0	0	0	0	0	0	328	170	0	140	844	1848	1172	214	654	256	0	0	0	0	320	2452	0	0	0	4766	1612	1050	0	714	1186	684	
60336	Vermis_3	0	0	0	0	0	0	0	0	0	0	0	0	0	0	0	0	0	0	0	0	0	0	0	0	0	0	0	0	0	0	0	0	0	0	0	0	0	0	0	0	0	0	0	0	0	0	292	456	0	0	0	0	0	0	0	104	0	0	0	0	0	0	0	0	0	0	0	0	0	0	0	0	0	0	0	0	0	0	0	0	0	0	0	0	0	0	0	0	0	0	824	1228	0	896	1228	3116	2140	2316	1148	1610	0	132	0	660	272	2290	0	0	4766	0	3368	974	364	442	1100	442	
230660	Vermis_4_5	0	0	0	0	0	0	0	0	0	0	0	0	0	0	0	0	0	0	0	0	0	0	0	0	0	0	0	0	0	0	0	0	0	0	0	124	0	130	0	100	0	0	0	484	0	146	4226	7600	0	160	0	266	266	916	2054	4020	0	0	0	0	0	0	0	0	0	0	0	280	0	0	0	0	0	0	0	0	0	0	0	0	0	0	0	0	0	164	0	0	0	310	3952	7294	322	2234	1390	2184	13360	15578	8464	12560	0	300	98	1788	2946	3354	0	0	1612	3368	0	7412	798	698	2000	2372	
