data	data	465748	173256	810216	609564	149936	77428	446572	224308	57536	46292	352224	267152	301684	167812	180560	138324	214020	151156	605828	490680	124148	136088	297952	273792	33272	93628	81836	81492	598940	494696	374688	472448	158852	397352	219588	251720	263152	342728	121676	214216	31540	52580	321084	296548	193388	278220	282880	376784	231396	328076	518728	233480	240904	67904	452212	511612	311544	250784	83912	70768	150132	125404	87036	126148	77716	116496	308104	409936	361764	174248	434496	605444	369404	382884	56128	23888	225420	156016	63996	40488	183004	121324	99652	66308	336260	238336	25468	32108	254916	178192	386696	369596	248628	242140	42100	64824	307356	280192	443176	407260	195816	118800	294840	285444	108588	136048	12508	7008	27684	71208	263484	216336	144108	78004	86148	42556	
data	data	Precentral_L	Precentral_R	Frontal_Sup_L	Frontal_Sup_R	Frontal_Sup_Orb_L	Frontal_Sup_Orb_R	Frontal_Mid_L	Frontal_Mid_R	Frontal_Mid_Orb_L	Frontal_Mid_Orb_R	Frontal_Inf_Oper_L	Frontal_Inf_Oper_R	Frontal_Inf_Tri_L	Frontal_Inf_Tri_R	Frontal_Inf_Orb_L	Frontal_Inf_Orb_R	Rolandic_Oper_L	Rolandic_Oper_R	Supp_Motor_Area_L	Supp_Motor_Area_R	Olfactory_L	Olfactory_R	Frontal_Sup_Medial_L	Frontal_Sup_Medial_R	Frontal_Med_Orb_L	Frontal_Med_Orb_R	Rectus_L	Rectus_R	Insula_L	Insula_R	Cingulum_Ant_L	Cingulum_Ant_R	Cingulum_Mid_L	Cingulum_Mid_R	Cingulum_Post_L	Cingulum_Post_R	Hippocampus_L	Hippocampus_R	ParaHippocampal_L	ParaHippocampal_R	Amygdala_L	Amygdala_R	Calcarine_L	Calcarine_R	Cuneus_L	Cuneus_R	Lingual_L	Lingual_R	Occipital_Sup_L	Occipital_Sup_R	Occipital_Mid_L	Occipital_Mid_R	Occipital_Inf_L	Occipital_Inf_R	Fusiform_L	Fusiform_R	Postcentral_L	Postcentral_R	Parietal_Sup_L	Parietal_Sup_R	Parietal_Inf_L	Parietal_Inf_R	SupraMarginal_L	SupraMarginal_R	Angular_L	Angular_R	Precuneus_L	Precuneus_R	Paracentral_Lobule_L	Paracentral_Lobule_R	Caudate_L	Caudate_R	Putamen_L	Putamen_R	Pallidum_L	Pallidum_R	Thalamus_L	Thalamus_R	Heschl_L	Heschl_R	Temporal_Sup_L	Temporal_Sup_R	Temporal_Pole_Sup_L	Temporal_Pole_Sup_R	Temporal_Mid_L	Temporal_Mid_R	Temporal_Pole_Mid_L	Temporal_Pole_Mid_R	Temporal_Inf_L	Temporal_Inf_R	Cerebelum_Crus1_L	Cerebelum_Crus1_R	Cerebelum_Crus2_L	Cerebelum_Crus2_R	Cerebelum_3_L	Cerebelum_3_R	Cerebelum_4_5_L	Cerebelum_4_5_R	Cerebelum_6_L	Cerebelum_6_R	Cerebelum_7b_L	Cerebelum_7b_R	Cerebelum_8_L	Cerebelum_8_R	Cerebelum_9_L	Cerebelum_9_R	Cerebelum_10_L	Cerebelum_10_R	Vermis_1_2	Vermis_3	Vermis_4_5	Vermis_6	Vermis_7	Vermis_8	Vermis_9	Vermis_10	
465748	Precentral_L	0	2964	27210	6636	0	0	21472	2184	0	0	12176	0	1412	0	0	0	7854	196	30310	7300	0	0	106	0	0	0	0	0	6202	456	342	98	294	2180	4156	2400	2918	1420	136	378	0	0	94	110	186	0	0	746	124	0	486	0	118	0	174	348	25172	680	78	0	3736	0	836	0	0	0	982	914	30132	348	6748	836	5150	0	3810	0	6520	658	490	0	1210	0	0	0	632	0	0	0	540	216	0	0	0	0	0	0	0	0	0	0	0	0	0	0	0	0	0	0	0	0	0	0	0	0	0	0	
173256	Precentral_R	2964	0	1664	5962	0	0	862	4164	0	0	306	3092	0	176	0	164	154	1412	2394	2086	0	0	104	152	0	0	0	0	260	1558	152	476	138	922	470	1304	654	1924	0	522	0	94	0	432	0	126	0	472	0	596	0	528	0	0	0	792	1282	14062	0	84	0	202	0	374	0	104	112	1202	2326	3070	2306	6766	624	1842	358	0	2874	11036	0	0	0	0	0	0	0	500	0	0	0	428	0	0	0	0	0	0	0	0	0	0	0	0	0	0	0	0	0	0	0	0	0	0	0	0	0	0	
810216	Frontal_Sup_L	27210	1664	0	9806	7940	98	71692	866	2452	0	21764	790	26294	166	8204	0	6448	82	54536	11166	0	0	32390	3320	108	296	0	0	24040	724	14296	5376	3384	3632	634	398	4266	590	318	396	0	0	0	0	0	0	0	294	0	0	0	0	0	0	254	194	6094	120	0	0	636	0	374	0	0	0	156	284	12664	86	5844	1574	20208	186	2674	0	5222	1200	0	0	694	0	338	0	76	0	0	0	590	0	0	0	0	0	0	0	0	0	0	0	0	0	0	0	0	0	0	0	0	0	0	0	0	0	0	0	
609564	Frontal_Sup_R	6636	5962	9806	0	0	1658	5370	21710	0	432	4204	8334	344	6056	0	2312	1982	8298	10942	40638	0	72	8470	34454	142	1770	0	126	3206	9980	5098	27406	2106	12374	124	116	394	2260	0	902	0	0	0	96	0	0	0	0	0	0	0	0	0	0	0	1220	234	2328	0	0	0	0	0	478	0	0	0	176	1976	456	8594	22448	1710	11508	0	1226	1022	5754	0	360	0	422	334	244	0	120	0	0	0	392	0	0	0	0	0	0	0	0	0	0	0	0	0	0	0	0	0	0	0	0	0	0	0	0	0	0	
149936	Frontal_Sup_Orb_L	0	0	7940	0	0	520	948	0	6820	0	0	0	1368	0	12872	176	0	0	0	0	4242	2516	3284	86	2286	458	7078	1050	6928	0	5172	808	0	0	0	0	0	0	118	0	0	0	0	0	0	0	0	0	0	0	0	0	0	0	0	0	0	0	0	0	0	0	0	0	0	0	0	0	0	0	3374	1294	4946	342	0	0	0	0	0	0	0	0	342	0	0	0	0	0	0	0	0	0	0	0	0	0	0	0	0	0	0	0	0	0	0	0	0	0	0	0	0	0	0	0	0	0	
77428	Frontal_Sup_Orb_R	0	0	98	1658	520	0	0	82	0	2788	0	0	0	0	514	2102	0	0	0	0	730	1492	164	2232	714	6898	856	6394	0	576	1526	3742	0	0	0	0	0	0	0	0	0	0	0	0	0	0	0	0	0	0	0	0	0	0	0	0	0	0	0	0	0	0	0	0	0	0	0	0	0	0	698	2482	86	2362	0	0	0	0	0	0	0	0	0	0	0	0	0	0	0	0	0	0	0	0	0	0	0	0	0	0	0	0	0	0	0	0	0	0	0	0	0	0	0	0	0	0	
446572	Frontal_Mid_L	21472	862	71692	5370	948	0	0	1444	2520	0	21582	118	34690	94	5104	0	1008	106	11806	3328	0	0	15264	562	0	0	0	0	8954	124	3830	816	946	684	122	236	346	194	0	94	0	0	0	0	0	0	0	120	0	0	0	0	0	0	80	0	0	418	0	0	0	0	0	0	0	0	0	148	836	0	4646	606	980	0	0	0	370	372	0	0	0	0	280	0	0	0	0	0	114	0	0	0	0	0	0	0	0	0	0	0	0	0	0	0	0	0	0	0	0	0	0	0	0	0	0	0	
224308	Frontal_Mid_R	2184	4164	866	21710	0	82	1444	0	0	432	2160	14538	0	14084	0	2072	1422	2012	616	1202	0	0	1212	3806	0	0	0	0	1986	4538	1578	5378	506	2180	124	98	190	294	0	138	0	0	0	0	0	0	0	0	0	0	0	0	0	0	0	0	0	0	0	0	0	0	0	0	0	0	0	0	0	0	5786	10030	1278	3166	0	0	178	492	0	0	0	0	208	0	0	0	0	0	0	0	0	0	0	0	0	0	0	0	0	0	0	0	0	0	0	0	0	0	0	0	0	0	0	0	0	0	
57536	Frontal_Mid_Orb_L	0	0	2452	0	6820	0	2520	0	0	0	0	0	2544	0	10186	0	0	0	0	0	0	0	158	0	192	0	1256	0	2076	0	224	0	0	0	0	0	0	0	0	0	0	0	0	0	0	0	0	0	0	0	0	0	0	0	0	0	0	0	0	0	0	0	0	0	0	0	0	0	0	0	0	0	340	0	0	0	0	0	0	0	0	0	0	0	0	0	0	0	0	0	0	0	0	0	0	0	0	0	0	0	0	0	0	0	0	0	0	0	0	0	0	0	0	0	0	0	
46292	Frontal_Mid_Orb_R	0	0	0	432	0	2788	0	432	0	0	0	0	0	74	0	9462	0	0	0	0	0	252	0	192	0	214	0	908	0	1328	0	0	0	0	0	0	0	0	0	0	0	0	0	0	0	0	0	0	0	0	0	0	0	0	0	0	0	0	0	0	0	0	0	0	0	0	0	0	0	0	0	3384	0	3680	0	0	0	0	0	0	0	0	0	0	0	0	0	0	0	0	0	0	0	0	0	0	0	0	0	0	0	0	0	0	0	0	0	0	0	0	0	0	0	0	0	0	
352224	Frontal_Inf_Oper_L	12176	306	21764	4204	0	0	21582	2160	0	0	0	1886	19818	262	214	270	10540	1104	8622	992	0	0	5482	926	0	0	0	0	26592	2786	6148	1426	358	74	76	0	202	0	0	0	0	0	0	0	0	0	0	0	0	0	0	0	0	0	0	0	1968	122	0	0	0	0	0	0	0	0	0	0	88	0	11440	4372	2666	1296	0	140	102	0	94	0	884	0	2890	0	80	0	0	0	0	0	0	0	0	0	0	0	0	0	0	0	0	0	0	0	0	0	0	0	0	0	0	0	0	0	0	0	
267152	Frontal_Inf_Oper_R	0	3092	790	8334	0	0	118	14538	0	0	1886	0	232	21848	0	2928	416	3600	2242	3990	0	0	346	2054	0	0	0	0	1744	20984	3950	9346	486	4432	0	0	0	104	0	0	0	0	0	0	0	0	0	0	0	0	0	0	0	0	0	0	0	1692	0	0	0	0	0	0	0	0	0	0	0	0	3798	13998	1466	4042	0	0	0	274	0	0	110	0	178	558	0	0	0	0	0	0	0	0	0	0	0	0	0	0	0	0	0	0	0	0	0	0	0	0	0	0	0	0	0	0	0	0	
301684	Frontal_Inf_Tri_L	1412	0	26294	344	1368	0	34690	0	2544	0	19818	232	0	96	11820	0	504	0	2250	148	0	0	8630	154	0	0	0	0	25700	194	8094	910	432	0	0	0	0	0	0	0	0	0	0	0	0	0	0	0	0	0	0	0	0	0	0	0	0	0	0	0	0	0	0	0	0	0	0	0	0	0	1486	378	2294	88	0	0	0	0	0	0	0	0	962	0	0	0	0	0	0	0	0	0	0	0	0	0	0	0	0	0	0	0	0	0	0	0	0	0	0	0	0	0	0	0	0	0	
167812	Frontal_Inf_Tri_R	0	176	166	6056	0	0	94	14084	0	74	262	21848	96	0	0	4494	0	0	1232	3184	0	0	362	1432	0	0	0	0	178	10520	2620	6664	526	4314	0	0	0	0	0	0	0	0	0	0	0	0	0	0	0	0	0	0	0	0	0	0	0	78	0	0	0	0	0	0	0	0	0	0	0	0	0	4496	0	950	0	0	0	0	0	0	0	0	0	0	0	0	0	0	0	0	0	0	0	0	0	0	0	0	0	0	0	0	0	0	0	0	0	0	0	0	0	0	0	0	0	0	
180560	Frontal_Inf_Orb_L	0	0	8204	0	12872	514	5104	0	10186	0	214	0	11820	0	0	176	0	0	178	0	4322	2458	1192	0	210	356	4402	994	14090	0	3894	866	0	0	0	0	0	0	0	0	0	0	0	0	0	0	0	0	0	0	0	0	0	0	0	0	0	0	0	0	0	0	0	0	0	0	0	0	0	0	3168	1282	1906	306	0	0	0	0	0	0	288	0	1194	0	84	0	0	0	0	0	0	0	0	0	0	0	0	0	0	0	0	0	0	0	0	0	0	0	0	0	0	0	0	0	0	0	
138324	Frontal_Inf_Orb_R	0	164	0	2312	176	2102	0	2072	0	9462	270	2928	0	4494	176	0	160	528	0	818	256	1028	0	326	0	0	236	1184	266	13038	160	450	0	144	0	0	0	188	0	226	0	0	0	0	0	0	0	0	0	0	0	0	0	0	0	144	0	0	0	0	0	0	0	0	0	0	0	0	0	0	618	14920	0	9354	0	0	0	120	0	0	0	0	0	842	0	0	0	0	0	0	0	0	0	0	0	0	0	0	0	0	0	0	0	0	0	0	0	0	0	0	0	0	0	0	0	0	
214020	Rolandic_Oper_L	7854	154	6448	1982	0	0	1008	1422	0	0	10540	416	504	0	0	160	0	240	5792	254	0	0	78	562	0	0	0	0	27550	480	280	364	0	0	128	0	706	0	206	0	0	0	484	0	0	0	236	0	222	0	520	0	132	0	76	0	7588	0	0	0	586	0	1836	0	0	0	652	0	3070	0	4716	1442	2684	156	108	0	0	0	4244	0	5954	0	1608	0	2068	0	0	0	1500	0	0	0	0	0	0	0	0	0	0	0	0	0	0	0	0	0	0	0	0	0	0	0	0	0	0	0	
151156	Rolandic_Oper_R	196	1412	82	8298	0	0	106	2012	0	0	1104	3600	0	0	0	528	240	0	270	6102	0	0	0	362	0	0	0	0	1054	17924	0	158	0	180	0	508	0	2028	0	114	0	0	0	74	0	0	0	0	0	0	0	0	0	0	0	108	0	6978	0	0	0	0	0	1764	0	0	0	158	86	546	1972	4076	234	4972	0	0	1364	1874	0	1786	0	2444	0	682	0	90	0	0	0	92	0	0	0	0	0	0	0	0	0	0	0	0	0	0	0	0	0	0	0	0	0	0	0	0	0	0	
605828	Supp_Motor_Area_L	30310	2394	54536	10942	0	0	11806	616	0	0	8622	2242	2250	1232	178	0	5792	270	0	30238	0	0	3776	1478	0	0	0	0	10370	1612	4674	4960	5980	16116	946	360	1244	446	180	270	0	0	0	0	0	0	0	0	0	0	0	0	0	0	184	166	7510	304	0	0	948	0	618	186	0	0	320	0	38672	106	8434	2554	16838	370	4592	0	2992	1792	154	0	1192	0	106	0	134	82	0	0	732	88	0	0	0	0	0	0	0	0	0	0	0	0	0	0	0	0	0	0	0	0	0	0	0	0	0	0	
490680	Supp_Motor_Area_R	7300	2086	11166	40638	0	0	3328	1202	0	0	992	3990	148	3184	0	818	254	6102	30238	0	0	0	786	3512	0	0	0	0	508	5688	2530	10238	5708	37270	594	3974	546	1268	102	330	0	0	0	176	0	336	0	298	0	496	0	426	0	140	0	1320	460	2850	0	0	72	304	0	2670	0	124	0	1612	9720	10810	4634	8542	918	3328	170	684	4102	2126	0	478	0	730	0	0	0	1324	0	0	0	1990	0	0	0	0	0	0	0	0	0	0	0	0	0	0	0	0	0	0	0	0	0	0	0	0	0	0	
124148	Olfactory_L	0	0	0	0	4242	730	0	0	0	0	0	0	0	0	4322	256	0	0	0	0	0	8874	0	184	386	874	5152	2132	2124	0	3994	2586	0	0	0	0	242	0	662	0	890	112	0	0	0	0	0	0	0	0	0	0	0	0	86	0	0	0	0	0	0	0	0	0	0	0	0	0	0	0	10608	6580	3644	2436	0	378	0	0	0	0	0	0	580	0	0	0	0	0	0	0	0	0	0	0	0	0	0	0	0	0	0	0	0	0	0	0	0	0	0	0	0	0	0	0	0	0	
136088	Olfactory_R	0	0	0	72	2516	1492	0	0	0	252	0	0	0	0	2458	1028	0	0	0	0	8874	0	0	216	140	2596	3626	4878	72	1814	3670	4704	0	0	0	0	0	0	0	368	0	854	0	0	0	0	0	0	0	0	0	0	0	0	0	0	0	0	0	0	0	0	0	0	0	0	0	0	0	0	10840	9462	4346	2890	90	574	0	0	0	0	0	0	0	212	0	0	0	0	0	0	0	0	0	0	0	0	0	0	0	0	0	0	0	0	0	0	0	0	0	0	0	0	0	0	0	0	
297952	Frontal_Sup_Medial_L	106	104	32390	8470	3284	164	15264	1212	158	0	5482	346	8630	362	1192	0	78	0	3776	786	0	0	0	14704	1042	670	102	0	6062	0	18392	9400	4224	5984	0	0	0	0	0	0	0	0	0	0	0	0	0	0	0	0	0	0	0	0	0	0	0	0	0	0	0	0	0	0	0	0	0	0	0	0	2456	894	3008	128	0	0	0	0	0	0	0	0	106	0	0	0	0	0	0	0	0	0	0	0	0	0	0	0	0	0	0	0	0	0	0	0	0	0	0	0	0	0	0	0	0	0	
273792	Frontal_Sup_Medial_R	0	152	3320	34454	86	2232	562	3806	0	192	926	2054	154	1432	0	326	562	362	1478	3512	184	216	14704	0	416	4408	126	826	956	1516	5770	22540	888	8404	0	0	0	804	0	320	0	0	0	0	0	0	0	0	0	0	0	0	0	0	0	602	0	0	0	0	0	0	0	0	0	0	0	0	0	0	1444	9802	288	6438	0	0	0	124	0	0	0	0	172	174	0	0	0	0	0	164	0	0	0	0	0	0	0	0	0	0	0	0	0	0	0	0	0	0	0	0	0	0	0	0	0	0	
33272	Frontal_Med_Orb_L	0	0	108	142	2286	714	0	0	192	0	0	0	0	0	210	0	0	0	0	0	386	140	1042	416	0	1692	2094	716	0	0	3920	444	0	0	0	0	0	0	0	0	0	0	0	0	0	0	0	0	0	0	0	0	0	0	0	0	0	0	0	0	0	0	0	0	0	0	0	0	0	0	1042	148	844	100	0	0	0	0	0	0	0	0	0	0	0	0	0	0	0	0	0	0	0	0	0	0	0	0	0	0	0	0	0	0	0	0	0	0	0	0	0	0	0	0	0	0	
93628	Frontal_Med_Orb_R	0	0	296	1770	458	6898	0	0	0	214	0	0	0	0	356	0	0	0	0	0	874	2596	670	4408	1692	0	1100	5486	140	0	3686	8312	0	0	0	0	0	0	0	0	0	0	0	0	0	0	0	0	0	0	0	0	0	0	0	0	0	0	0	0	0	0	0	0	0	0	0	0	0	0	794	3522	388	3154	0	0	0	0	0	0	0	0	0	0	0	0	0	0	0	0	0	0	0	0	0	0	0	0	0	0	0	0	0	0	0	0	0	0	0	0	0	0	0	0	0	0	
81836	Rectus_L	0	0	0	0	7078	856	0	0	1256	0	0	0	0	0	4402	236	0	0	0	0	5152	3626	102	126	2094	1100	0	2006	732	0	3106	1148	0	0	0	0	0	0	0	0	0	0	0	0	0	0	0	0	0	0	0	0	0	0	0	0	0	0	0	0	0	0	0	0	0	0	0	0	0	0	4788	1820	662	422	0	0	0	0	0	0	0	0	206	0	0	0	0	0	0	0	0	0	0	0	0	0	0	0	0	0	0	0	0	0	0	0	0	0	0	0	0	0	0	0	0	0	
81492	Rectus_R	0	0	0	126	1050	6394	0	0	0	908	0	0	0	0	994	1184	0	0	0	0	2132	4878	0	826	716	5486	2006	0	106	850	1894	3168	0	0	0	0	0	0	0	136	0	0	0	0	0	0	0	0	0	0	0	0	0	0	0	0	0	0	0	0	0	0	0	0	0	0	0	0	0	0	2070	2876	570	2298	0	0	0	0	0	0	0	0	0	78	0	0	0	0	0	0	0	0	0	0	0	0	0	0	0	0	0	0	0	0	0	0	0	0	0	0	0	0	0	0	0	0	
598940	Insula_L	6202	260	24040	3206	6928	0	8954	1986	2076	0	26592	1744	25700	178	14090	266	27550	1054	10370	508	2124	72	6062	956	0	140	732	106	0	2672	11856	2122	94	0	1354	866	6752	548	1356	186	1258	0	486	0	0	0	250	102	0	0	368	0	146	0	2752	162	5962	122	0	0	952	0	698	0	0	0	1010	244	3098	0	11466	4724	19380	1176	122	82	626	0	5992	0	13848	0	5936	0	10546	0	110	0	8150	0	0	0	0	0	0	0	0	0	0	0	0	0	0	0	0	0	0	0	0	0	0	0	0	0	0	0	
494696	Insula_R	456	1558	724	9980	0	576	124	4538	0	1328	2786	20984	194	10520	0	13038	480	17924	1612	5688	0	1814	0	1516	0	0	0	850	2672	0	2618	6252	0	2018	608	2488	214	11106	0	1274	0	476	0	0	0	92	0	164	0	824	0	208	0	0	0	6688	0	4020	0	180	0	218	0	2614	0	514	162	1810	134	1652	5084	24300	1714	24542	0	408	2886	3318	0	4730	118	12618	260	3746	0	9314	0	280	0	8334	0	0	0	0	0	0	0	0	0	0	0	0	0	0	0	0	0	0	0	0	0	0	0	0	0	0	
374688	Cingulum_Ant_L	342	152	14296	5098	5172	1526	3830	1578	224	0	6148	3950	8094	2620	3894	160	280	0	4674	2530	3994	3670	18392	5770	3920	3686	3106	1894	11856	2618	0	25006	5634	4144	0	0	0	0	0	0	0	0	0	0	0	0	0	0	0	0	0	0	0	0	0	0	0	0	0	0	0	0	0	0	0	0	0	0	0	0	9710	6824	9152	2918	0	0	0	76	0	0	0	0	406	0	0	0	0	0	0	0	0	0	0	0	0	0	0	0	0	0	0	0	0	0	0	0	0	0	0	0	0	0	0	0	0	0	
472448	Cingulum_Ant_R	98	476	5376	27406	808	3742	816	5378	0	0	1426	9346	910	6664	866	450	364	158	4960	10238	2586	4704	9400	22540	444	8312	1148	3168	2122	6252	25006	0	5098	20108	0	0	0	436	0	200	0	0	0	0	0	0	0	0	0	0	0	0	0	0	0	292	0	0	0	0	0	0	0	0	0	0	0	0	0	0	4568	24154	2342	13238	0	0	78	356	0	0	0	0	190	0	0	0	0	0	0	0	0	0	0	0	0	0	0	0	0	0	0	0	0	0	0	0	0	0	0	0	0	0	0	0	0	0	
158852	Cingulum_Mid_L	294	138	3384	2106	0	0	946	506	0	0	358	486	432	526	0	0	0	0	5980	5708	0	0	4224	888	0	0	0	0	94	0	5634	5098	0	17810	6030	828	80	0	0	0	0	0	416	104	1478	384	0	0	1074	546	890	332	92	0	90	0	774	86	146	0	0	0	0	0	0	0	2504	920	6694	804	0	210	148	84	0	0	100	0	0	0	0	0	0	0	0	0	0	0	0	0	0	0	0	0	0	0	0	0	0	0	0	0	0	0	0	0	0	0	0	0	0	0	0	0	0	0	
397352	Cingulum_Mid_R	2180	922	3632	12374	0	0	684	2180	0	0	74	4432	0	4314	0	144	0	180	16116	37270	0	0	5984	8404	0	0	0	0	0	2018	4144	20108	17810	0	1680	7276	318	624	0	198	0	0	0	568	176	3340	0	874	0	3950	0	1522	0	88	0	968	138	1710	0	228	0	148	0	312	0	114	1618	9230	5252	7068	1182	1706	196	630	0	0	2272	100	0	88	0	280	0	0	0	976	0	0	0	876	0	0	0	0	0	0	0	0	0	0	0	0	0	0	0	0	0	0	0	0	0	0	0	0	0	0	
219588	Cingulum_Post_L	4156	470	634	124	0	0	122	124	0	0	76	0	0	0	0	0	128	0	946	594	0	0	0	0	0	0	0	0	1354	608	0	0	6030	1680	0	11944	11208	4766	3172	1114	0	0	5840	286	3910	102	2840	944	1354	0	2138	0	1068	0	2292	1274	2756	106	232	0	614	0	90	0	0	0	11378	3230	8352	190	72	0	326	0	0	0	6898	230	1872	92	112	0	0	0	1026	0	0	0	542	230	0	0	0	0	0	0	0	0	0	0	0	0	0	0	0	0	0	0	0	0	148	0	0	0	0	0	
251720	Cingulum_Post_R	2400	1304	398	116	0	0	236	98	0	0	0	0	0	0	0	0	0	508	360	3974	0	0	0	0	0	0	0	0	866	2488	0	0	828	7276	11944	0	5642	11406	98	3560	0	0	0	2422	228	876	0	9980	0	1062	0	494	0	94	90	5702	526	3286	0	0	78	142	0	166	0	112	738	16956	756	3514	340	0	210	96	0	0	13354	2942	1318	900	0	404	0	0	0	1824	0	0	126	3336	0	0	0	0	0	0	0	0	0	0	0	0	0	0	0	0	0	0	0	0	286	0	0	0	0	0	
263152	Hippocampus_L	2918	654	4266	394	0	0	346	190	0	0	202	0	0	0	0	0	706	0	1244	546	242	0	0	0	0	0	0	0	6752	214	0	0	80	318	11208	5642	0	2504	17062	656	5774	0	4868	194	138	0	6286	668	262	0	1176	0	730	0	13378	500	1708	78	0	0	214	0	0	0	0	0	7804	1642	904	102	202	0	8106	0	618	0	8680	118	2298	0	434	0	738	0	634	0	174	0	6732	0	0	0	0	0	0	0	146	0	0	0	0	0	0	0	0	0	0	0	0	0	126	0	0	0	0	0	
342728	Hippocampus_R	1420	1924	590	2260	0	0	194	294	0	0	0	104	0	0	0	188	0	2028	446	1268	0	0	0	804	0	0	0	0	548	11106	0	436	0	624	4766	11406	2504	0	0	29498	0	8644	0	1150	0	0	0	5526	0	0	0	0	0	0	0	32434	320	1218	0	0	0	0	0	142	0	0	0	4564	220	228	622	2154	298	11610	0	290	9322	8580	724	614	0	742	0	210	0	724	0	0	0	5336	0	138	0	0	0	388	0	2446	0	312	0	0	0	0	0	0	0	0	0	0	0	0	0	0	0	0	
121676	ParaHippocampal_L	136	0	318	0	118	0	0	0	0	0	0	0	0	0	0	0	206	0	180	102	662	0	0	0	0	0	0	0	1356	0	0	0	0	0	3172	98	17062	0	0	0	3410	0	3328	0	138	0	6574	0	156	0	918	0	586	0	9912	0	162	0	0	0	0	0	0	0	0	0	4258	0	118	0	0	0	2188	0	0	0	852	0	122	0	0	0	648	0	368	0	150	0	2546	0	148	0	0	0	286	0	308	0	164	0	0	0	0	0	0	0	0	0	0	88	0	0	0	0	0	0	
214216	ParaHippocampal_R	378	522	396	902	0	0	94	138	0	0	0	0	0	0	0	226	0	114	270	330	0	368	0	320	0	0	0	136	186	1274	0	200	0	198	1114	3560	656	29498	0	0	0	6794	0	760	0	0	0	7646	0	0	0	0	0	0	0	25076	108	396	0	0	0	0	0	0	0	0	0	3160	0	164	316	1098	180	6088	0	152	1880	2390	192	0	0	0	0	1928	0	0	0	1184	0	328	0	468	0	0	0	550	0	4324	0	712	0	0	0	176	0	86	0	0	0	0	72	0	0	0	0	0	
31540	Amygdala_L	0	0	0	0	0	0	0	0	0	0	0	0	0	0	0	0	0	0	0	0	890	0	0	0	0	0	0	0	1258	0	0	0	0	0	0	0	5774	0	3410	0	0	0	0	0	0	0	0	0	0	0	0	0	0	0	2626	0	0	0	0	0	0	0	0	0	0	0	0	0	0	0	372	0	586	0	0	0	0	0	0	0	0	0	266	0	0	0	0	0	588	0	0	0	0	0	0	0	0	0	0	0	0	0	0	0	0	0	0	0	0	0	0	0	0	0	0	0	
52580	Amygdala_R	0	94	0	0	0	0	0	0	0	0	0	0	0	0	0	0	0	0	0	0	112	854	0	0	0	0	0	0	0	476	0	0	0	0	0	0	0	8644	0	6794	0	0	0	0	0	0	0	0	0	0	0	0	0	0	0	5244	0	0	0	0	0	0	0	0	0	0	0	0	0	0	116	366	120	758	0	0	0	336	0	0	0	0	0	1952	0	0	0	106	0	318	0	0	0	0	0	0	0	0	0	0	0	0	0	0	0	0	0	0	0	0	0	0	0	0	0	0	
321084	Calcarine_L	94	0	0	0	0	0	0	0	0	0	0	0	0	0	0	0	484	0	0	0	0	0	0	0	0	0	0	0	486	0	0	0	416	0	5840	0	4868	0	3328	0	0	0	0	5920	14038	4014	16344	988	12936	2000	30472	514	12100	0	11120	94	1488	0	0	0	0	0	0	0	256	0	20666	168	2692	0	0	0	0	0	0	0	0	0	234	0	280	0	0	0	6022	0	0	0	1672	0	168	0	0	0	0	0	216	0	422	0	0	0	0	0	0	0	0	0	0	0	202	0	0	0	0	0	
296548	Calcarine_R	110	432	0	96	0	0	0	0	0	0	0	0	0	0	0	0	0	74	0	176	0	0	0	0	0	0	0	0	0	0	0	0	104	568	286	2422	194	1150	0	760	0	0	5920	0	3752	27268	3364	19492	178	22090	76	11720	0	4866	0	9810	0	3720	0	150	0	204	0	198	0	126	414	21064	0	1480	0	0	0	0	0	0	340	0	0	0	0	0	0	0	0	2480	0	0	0	1884	0	0	0	0	0	0	0	0	366	166	0	0	0	0	0	0	0	0	0	0	356	418	0	0	0	0	
193388	Cuneus_L	186	0	0	0	0	0	0	0	0	0	0	0	0	0	0	0	0	0	0	0	0	0	0	0	0	0	0	0	0	0	0	0	1478	176	3910	228	138	0	138	0	0	0	14038	3752	0	6582	908	130	22192	2222	15322	136	1014	0	704	0	2158	0	314	0	130	0	0	0	0	0	15584	1562	2766	0	0	0	0	0	0	0	0	0	0	0	0	0	0	0	854	0	0	0	72	0	0	0	0	0	0	0	0	0	0	0	0	0	0	0	0	0	0	0	0	0	0	0	0	0	0	0	
278220	Cuneus_R	0	126	0	0	0	0	0	0	0	0	0	0	0	0	0	0	0	0	0	336	0	0	0	0	0	0	0	0	0	92	0	0	384	3340	102	876	0	0	0	0	0	0	4014	27268	6582	0	2038	8054	346	38986	118	11336	0	506	0	3114	0	1962	0	1676	0	430	0	0	0	470	2228	19796	0	1672	0	0	0	0	0	0	84	0	0	0	0	82	0	0	0	2006	0	0	0	264	0	0	0	0	0	0	0	0	324	132	0	0	0	0	0	0	0	0	0	0	0	366	0	0	0	0	
282880	Lingual_L	0	0	0	0	0	0	0	0	0	0	0	0	0	0	0	0	236	0	0	0	0	0	0	0	0	0	0	0	250	0	0	0	0	0	2840	0	6286	0	6574	0	0	0	16344	3364	908	2038	0	4556	1950	1772	15038	468	11002	428	19778	1318	148	0	0	0	0	0	0	0	0	0	6644	0	128	0	0	0	0	0	0	0	398	0	0	0	0	0	0	0	482	0	0	0	948	0	4928	298	320	0	0	0	9848	974	13238	930	122	0	820	0	448	0	0	0	0	74	3310	2138	94	0	0	0	
376784	Lingual_R	746	472	294	0	0	0	120	0	0	0	0	0	0	0	0	0	0	0	0	298	0	0	0	0	0	0	0	0	102	164	0	0	0	874	944	9980	668	5526	0	7646	0	0	988	19492	130	8054	4556	0	0	8698	124	4682	346	5082	1416	23562	0	2212	0	0	0	96	0	0	0	76	114	13646	0	1162	0	0	0	92	0	0	3106	600	92	0	0	0	0	0	0	316	0	0	0	1632	1838	4790	568	590	128	378	2972	8680	6800	9402	86	0	400	434	374	692	0	0	144	436	8496	9630	1842	336	702	566	
231396	Occipital_Sup_L	124	0	0	0	0	0	0	0	0	0	0	0	0	0	0	0	222	0	0	0	0	0	0	0	0	0	0	0	0	0	0	0	1074	0	1354	0	262	0	156	0	0	0	12936	178	22192	346	1950	0	0	0	36714	0	3458	0	1612	0	4954	0	7132	0	1972	0	178	0	478	0	13364	242	2418	0	0	0	0	0	0	0	0	0	0	0	142	0	0	0	1872	0	0	0	368	0	0	0	0	0	0	0	0	0	0	0	0	0	0	0	0	0	0	0	0	0	0	0	0	0	0	0	
328076	Occipital_Sup_R	0	596	0	0	0	0	0	0	0	0	0	0	0	0	0	0	0	0	0	496	0	0	0	0	0	0	0	0	0	824	0	0	546	3950	0	1062	0	0	0	0	0	0	2000	22090	2222	38986	1772	8698	0	0	0	23386	0	1762	0	4776	0	3644	0	4776	0	3336	0	100	0	5436	2618	22034	0	3354	0	0	0	0	0	0	108	0	0	0	0	524	0	0	0	3362	0	0	0	744	0	0	0	0	0	0	0	0	328	138	0	0	0	0	0	0	0	0	0	0	0	370	0	0	0	0	
518728	Occipital_Mid_L	486	0	0	0	0	0	0	0	0	0	0	0	0	0	0	0	520	0	0	0	0	0	0	0	0	0	0	0	368	0	0	0	890	0	2138	0	1176	0	918	0	0	0	30472	76	15322	118	15038	124	36714	0	0	0	35306	0	19928	90	7410	0	11868	0	9318	0	1316	0	14190	0	16898	96	6372	0	0	0	0	0	0	0	0	0	492	0	1636	0	0	0	23054	0	0	0	4242	0	456	104	0	0	0	0	356	96	1108	168	0	0	0	0	0	0	0	0	0	0	280	220	0	0	0	0	
233480	Occipital_Mid_R	0	528	0	0	0	0	0	0	0	0	0	0	0	0	0	0	0	0	0	426	0	0	0	0	0	0	0	0	0	208	0	0	332	1522	0	494	0	0	0	0	0	0	514	11720	136	11336	468	4682	0	23386	0	0	0	4256	0	3278	0	2104	0	2002	0	6770	0	536	0	16638	878	8164	0	1440	0	0	0	0	0	0	0	0	0	0	0	162	0	0	0	13342	0	0	0	1236	0	0	0	0	0	0	0	0	86	0	0	0	0	0	0	0	0	0	0	0	0	96	0	0	0	0	
240904	Occipital_Inf_L	118	0	0	0	0	0	0	0	0	0	0	0	0	0	0	0	132	0	0	0	0	0	0	0	0	0	0	0	146	0	0	0	92	0	1068	0	730	0	586	0	0	0	12100	0	1014	0	11002	346	3458	0	35306	0	0	0	23742	184	548	0	0	0	0	0	0	0	206	0	4686	0	982	0	0	0	0	0	0	0	0	0	306	0	150	0	0	0	7544	0	0	0	4604	0	2400	182	108	0	0	0	2384	386	4098	330	0	0	0	0	0	0	0	0	0	0	1110	404	0	0	0	0	
67904	Occipital_Inf_R	0	0	0	0	0	0	0	0	0	0	0	0	0	0	0	0	0	0	0	140	0	0	0	0	0	0	0	0	0	0	0	0	0	88	0	94	0	0	0	0	0	0	0	4866	0	506	428	5082	0	1762	0	4256	0	0	178	7034	0	232	0	0	0	0	0	0	0	0	0	1330	0	188	0	0	0	0	0	0	0	0	0	0	0	0	0	0	0	1364	0	0	0	3460	96	0	0	0	0	0	0	200	604	860	0	0	0	0	0	0	0	0	0	0	170	1014	0	0	0	0	
452212	Fusiform_L	174	0	254	0	0	0	80	0	0	0	0	0	0	0	0	0	76	0	184	0	86	0	0	0	0	0	0	0	2752	0	0	0	90	0	2292	90	13378	0	9912	0	2626	0	11120	0	704	0	19778	1416	1612	0	19928	0	23742	178	0	660	706	0	0	0	0	0	0	0	126	0	5400	0	874	0	0	0	1922	0	0	0	620	0	240	0	156	0	3862	0	5712	0	1326	0	13192	0	21672	578	1262	0	156	0	17058	1370	30768	1104	596	0	850	0	288	0	0	0	0	0	3448	1520	168	0	0	0	
511612	Fusiform_R	348	792	194	1220	0	0	0	0	0	0	0	0	0	0	0	144	0	108	166	1320	0	0	0	602	0	0	0	0	162	6688	0	292	0	968	1274	5702	500	32434	0	25076	0	5244	94	9810	0	3114	1318	23562	0	4776	90	3278	184	7034	660	0	100	878	0	0	0	138	0	136	0	0	0	6444	132	932	208	1374	84	8476	0	116	1946	2006	172	0	0	1862	0	6786	0	2724	0	2712	0	16766	758	11496	258	522	0	1454	1450	13770	3444	18470	0	0	220	802	308	754	0	0	152	326	3824	4852	584	104	566	546	
311544	Postcentral_L	25172	1282	6094	234	0	0	0	0	0	0	1968	0	0	0	0	0	7588	0	7510	460	0	0	0	0	0	0	0	0	5962	0	0	0	774	138	2756	526	1708	320	162	108	0	0	1488	0	2158	0	148	0	4954	0	7410	0	548	0	706	100	0	136	4570	0	23386	0	12914	0	2694	0	3586	188	11926	0	358	0	2854	0	304	0	698	72	1218	0	3792	0	0	0	4456	0	0	0	2346	0	0	0	0	0	0	0	0	0	0	0	0	0	0	0	0	0	0	0	0	0	0	0	0	0	0	0	
250784	Postcentral_R	680	14062	120	2328	0	0	418	0	0	0	122	1692	0	78	0	0	0	6978	304	2850	0	0	0	0	0	0	0	0	122	4020	0	0	86	1710	106	3286	78	1218	0	396	0	0	0	3720	0	1962	0	2212	0	3644	0	2104	0	232	0	878	136	0	0	8122	0	6312	0	9056	0	2160	778	15376	256	15232	1002	184	252	2174	84	0	1050	1346	0	0	0	822	0	0	0	3410	0	0	0	2234	0	0	0	0	0	0	0	0	0	0	0	0	0	0	0	0	0	0	0	0	0	0	0	0	0	0	
83912	Parietal_Sup_L	78	0	0	0	0	0	0	0	0	0	0	0	0	0	0	0	0	0	0	0	0	0	0	0	0	0	0	0	0	0	0	0	146	0	232	0	0	0	0	0	0	0	0	0	314	0	0	0	7132	0	11868	0	0	0	0	0	4570	0	0	0	8526	0	148	0	2132	0	5236	0	844	0	0	0	0	0	0	0	0	0	0	0	104	0	0	0	454	0	0	0	172	0	0	0	0	0	0	0	0	0	0	0	0	0	0	0	0	0	0	0	0	0	0	0	0	0	0	0	
70768	Parietal_Sup_R	0	84	0	0	0	0	0	0	0	0	0	0	0	0	0	0	0	0	0	0	0	0	0	0	0	0	0	0	0	180	0	0	0	228	0	0	0	0	0	0	0	0	0	150	0	1676	0	0	0	4776	0	2002	0	0	0	0	0	8122	0	0	0	4486	0	2606	0	3650	146	4754	0	768	0	0	0	0	0	0	0	0	0	0	0	182	0	0	0	1222	0	0	0	352	0	0	0	0	0	0	0	0	0	0	0	0	0	0	0	0	0	0	0	0	0	0	0	0	0	0	
150132	Parietal_Inf_L	3736	0	636	0	0	0	0	0	0	0	0	0	0	0	0	0	586	0	948	72	0	0	0	0	0	0	0	0	952	0	0	0	0	0	614	78	214	0	0	0	0	0	0	0	130	0	0	0	1972	0	9318	0	0	0	0	0	23386	0	8526	0	0	0	12756	0	6770	0	574	0	1396	0	0	0	358	0	94	0	88	0	212	0	452	0	0	0	786	0	0	0	412	0	0	0	0	0	0	0	0	0	0	0	0	0	0	0	0	0	0	0	0	0	0	0	0	0	0	0	
125404	Parietal_Inf_R	0	202	0	0	0	0	0	0	0	0	0	0	0	0	0	0	0	0	0	304	0	0	0	0	0	0	0	0	0	218	0	0	0	148	0	142	0	0	0	0	0	0	0	204	0	430	0	96	0	3336	0	6770	0	0	0	138	0	6312	0	4486	0	0	0	15304	0	12372	274	2124	0	2154	0	0	0	0	0	0	0	0	0	0	0	842	0	0	0	6138	0	0	0	708	0	0	0	0	0	0	0	0	0	0	0	0	0	0	0	0	0	0	0	0	0	0	0	0	0	0	
87036	SupraMarginal_L	836	0	374	0	0	0	0	0	0	0	0	0	0	0	0	0	1836	0	618	0	0	0	0	0	0	0	0	0	698	0	0	0	0	0	90	0	0	0	0	0	0	0	0	0	0	0	0	0	178	0	1316	0	0	0	0	0	12914	0	148	0	12756	0	0	0	3460	0	154	0	674	0	0	0	0	0	0	0	0	0	468	0	3428	0	0	0	2808	0	0	0	762	0	0	0	0	0	0	0	0	0	0	0	0	0	0	0	0	0	0	0	0	0	0	0	0	0	0	0	
126148	SupraMarginal_R	0	374	0	478	0	0	0	0	0	0	0	0	0	0	0	0	0	1764	186	2670	0	0	0	0	0	0	0	0	0	2614	0	0	0	312	0	166	0	142	0	0	0	0	0	198	0	0	0	0	0	100	0	536	0	0	0	136	0	9056	0	2606	0	15304	0	0	0	6168	0	1088	188	3066	0	0	0	0	0	0	212	166	0	276	0	5416	0	0	0	9186	0	0	0	666	0	0	0	0	0	0	0	0	0	0	0	0	0	0	0	0	0	0	0	0	0	0	0	0	0	0	
77716	Angular_L	0	0	0	0	0	0	0	0	0	0	0	0	0	0	0	0	0	0	0	0	0	0	0	0	0	0	0	0	0	0	0	0	0	0	0	0	0	0	0	0	0	0	256	0	0	0	0	0	478	0	14190	0	206	0	126	0	2694	0	2132	0	6770	0	3460	0	0	0	368	0	78	0	0	0	0	0	0	0	0	0	0	0	1402	0	0	0	6698	0	0	0	0	0	0	0	0	0	0	0	0	0	0	0	0	0	0	0	0	0	0	0	0	0	0	0	0	0	0	0	
116496	Angular_R	0	104	0	0	0	0	0	0	0	0	0	0	0	0	0	0	0	0	0	124	0	0	0	0	0	0	0	0	0	514	0	0	0	114	0	112	0	0	0	0	0	0	0	126	0	470	0	76	0	5436	0	16638	0	0	0	0	0	2160	0	3650	0	12372	0	6168	0	0	172	1174	0	710	0	0	0	0	0	0	0	0	0	0	0	2038	0	0	0	5714	0	0	0	376	0	0	0	0	0	0	0	0	0	0	0	0	0	0	0	0	0	0	0	0	0	0	0	0	0	0	
308104	Precuneus_L	982	112	156	0	0	0	0	0	0	0	0	0	0	0	0	0	652	0	320	0	0	0	0	0	0	0	0	0	1010	162	0	0	2504	1618	11378	738	7804	0	4258	0	0	0	20666	414	15584	2228	6644	114	13364	2618	16898	878	4686	0	5400	0	3586	778	5236	146	574	274	154	0	368	172	0	8034	4026	1702	0	0	0	0	0	0	230	0	680	0	344	74	0	0	4536	208	0	0	1664	78	0	0	0	0	0	0	0	0	0	0	0	0	0	0	0	0	0	0	0	0	0	0	0	0	0	0	
409936	Precuneus_R	914	1202	284	176	0	0	148	0	0	0	0	0	0	0	0	0	0	158	0	1612	0	0	0	0	0	0	0	0	244	1810	0	0	920	9230	3230	16956	1642	4564	0	3160	0	0	168	21064	1562	19796	0	13646	242	22034	96	8164	0	1330	0	6444	188	15376	0	4754	0	2124	0	1088	0	1174	8034	0	128	14658	0	0	0	80	0	0	3366	134	252	92	0	1058	0	0	0	6426	0	0	0	4584	0	0	0	0	0	0	0	236	0	0	0	0	0	0	0	0	0	0	0	0	420	0	0	0	0	0	
361764	Paracentral_Lobule_L	30132	2326	12664	1976	0	0	836	0	0	0	88	0	0	0	0	0	3070	86	38672	9720	0	0	0	0	0	0	0	0	3098	134	0	0	6694	5252	8352	756	904	220	118	0	0	0	2692	0	2766	0	128	0	2418	0	6372	0	982	0	874	132	11926	256	844	0	1396	0	674	188	78	0	4026	128	0	550	964	656	4120	0	4724	0	3686	330	252	0	442	0	0	0	2586	152	0	0	1282	160	0	0	0	0	0	0	0	0	0	0	0	0	0	0	0	0	0	0	0	0	0	0	0	0	0	0	
174248	Paracentral_Lobule_R	348	3070	86	456	0	0	0	0	0	0	0	0	0	0	0	0	0	546	106	10810	0	0	0	0	0	0	0	0	0	1652	0	0	804	7068	190	3514	102	228	0	164	0	0	0	1480	0	1672	0	1162	0	3354	0	1440	0	188	0	932	0	15232	0	768	0	2154	0	3066	0	710	1702	14658	550	0	748	0	0	0	0	0	1384	90	0	104	0	920	0	0	0	2854	0	0	0	2812	0	0	0	0	0	0	0	0	0	0	0	0	0	0	0	0	0	0	0	0	0	0	0	0	0	0	
434496	Caudate_L	6748	2306	5844	8594	3374	698	4646	5786	0	0	11440	3798	1486	0	3168	618	4716	1972	8434	4634	10608	10840	2456	1444	1042	794	4788	2070	11466	5084	9710	4568	0	1182	72	340	202	622	0	316	372	116	0	0	0	0	0	0	0	0	0	0	0	0	0	208	358	1002	0	0	0	0	0	0	0	0	0	0	964	748	0	26660	23834	5020	1568	1412	4920	2016	0	0	222	104	1724	0	0	0	0	0	0	134	0	0	0	0	0	0	0	0	0	0	0	0	0	0	0	0	0	0	0	0	0	0	0	0	0	0	
605444	Caudate_R	836	6766	1574	22448	1294	2482	606	10030	0	3384	4372	13998	378	4496	1282	14920	1442	4076	2554	8542	6580	9462	894	9802	148	3522	1820	2876	4724	24300	6824	24154	210	1706	0	0	0	2154	0	1098	0	366	0	0	0	0	0	0	0	0	0	0	0	0	0	1374	0	184	0	0	0	0	0	0	0	0	0	0	656	0	26660	0	10422	37744	350	2456	1100	13598	0	0	72	88	902	678	0	0	0	0	0	318	0	0	0	0	0	0	0	0	0	0	0	0	0	0	0	0	0	0	0	0	0	0	0	0	0	0	
369404	Putamen_L	5150	624	20208	1710	4946	86	980	1278	340	0	2666	1466	2294	0	1906	0	2684	234	16838	918	3644	4346	3008	288	844	388	662	570	19380	1714	9152	2342	148	196	326	210	8106	298	2188	180	586	120	0	0	0	0	0	0	0	0	0	0	0	0	1922	84	2854	252	0	0	358	0	0	0	0	0	0	0	4120	0	23834	10422	0	1798	6242	790	2838	462	188	0	1466	0	624	0	564	0	0	0	2860	0	0	0	0	0	0	0	0	0	0	0	0	0	0	0	0	0	0	0	0	0	0	0	0	0	0	0	
382884	Putamen_R	0	1842	186	11508	342	2362	0	3166	0	3680	1296	4042	88	950	306	9354	156	4972	370	3328	2436	2890	128	6438	100	3154	422	2298	1176	24542	2918	13238	84	630	0	96	0	11610	0	6088	0	758	0	0	0	0	0	92	0	0	0	0	0	0	0	8476	0	2174	0	0	0	0	0	0	0	0	0	80	0	0	5020	37744	1798	0	0	3236	360	2026	0	204	0	890	128	638	0	134	0	0	0	1412	0	0	0	0	0	0	0	76	0	0	0	0	0	0	0	0	0	0	0	0	0	0	0	0	0	0	
56128	Pallidum_L	3810	358	2674	0	0	0	0	0	0	0	0	0	0	0	0	0	108	0	4592	170	0	90	0	0	0	0	0	0	122	0	0	0	0	0	0	0	618	0	0	0	0	0	0	0	0	0	0	0	0	0	0	0	0	0	0	0	304	84	0	0	94	0	0	0	0	0	0	0	4724	0	1568	350	6242	0	0	0	2046	110	0	0	0	0	0	0	0	0	0	0	0	0	0	0	0	0	0	0	0	0	0	0	0	0	0	0	0	0	0	0	0	0	0	0	0	0	0	0	
23888	Pallidum_R	0	0	0	1226	0	0	0	0	0	0	140	0	0	0	0	0	0	0	0	684	378	574	0	0	0	0	0	0	82	408	0	0	0	0	0	0	0	290	0	152	0	0	0	0	0	0	0	0	0	0	0	0	0	0	0	116	0	0	0	0	0	0	0	0	0	0	0	0	0	0	1412	2456	790	3236	0	0	0	0	0	0	0	0	0	0	0	0	0	0	0	0	0	0	0	0	0	0	0	0	0	0	0	0	0	0	0	0	0	0	0	0	0	0	0	0	0	0	
225420	Thalamus_L	6520	2874	5222	1022	0	0	370	178	0	0	102	0	0	0	0	0	0	1364	2992	4102	0	0	0	0	0	0	0	0	626	2886	0	78	100	2272	6898	13354	8680	9322	852	1880	0	0	0	340	0	84	398	3106	0	108	0	0	0	0	620	1946	698	1050	0	0	88	0	0	212	0	0	230	3366	3686	1384	4920	1100	2838	360	2046	0	0	10272	540	374	0	0	0	0	0	162	0	0	296	608	0	0	0	0	0	0	0	0	0	0	0	0	0	0	0	0	0	0	0	0	184	0	0	0	0	0	
156016	Thalamus_R	658	11036	1200	5754	0	0	372	492	0	0	0	274	0	0	0	120	0	1874	1792	2126	0	0	0	124	0	0	0	0	0	3318	76	356	0	100	230	2942	118	8580	0	2390	0	336	0	0	0	0	0	600	0	0	0	0	0	0	0	2006	72	1346	0	0	0	0	0	166	0	0	0	134	330	90	2016	13598	462	2026	110	0	10272	0	0	342	0	0	0	0	0	78	0	0	0	92	0	0	0	0	0	0	0	0	0	0	0	0	0	0	0	0	0	0	0	0	0	0	0	0	0	0	
63996	Heschl_L	490	0	0	0	0	0	0	0	0	0	94	0	0	0	0	0	4244	0	154	0	0	0	0	0	0	0	0	0	5992	0	0	0	0	0	1872	1318	2298	724	122	192	0	0	234	0	0	0	0	92	0	0	492	0	306	0	240	172	1218	0	0	0	212	0	468	0	0	0	680	252	252	0	0	0	188	0	0	0	540	0	0	0	1914	0	0	0	3822	0	0	0	3416	0	0	0	0	0	0	0	0	0	0	0	0	0	0	0	0	0	0	0	0	0	0	0	0	0	0	0	
40488	Heschl_R	0	0	0	360	0	0	0	0	0	0	0	0	0	0	0	0	0	1786	0	478	0	0	0	0	0	0	0	0	0	4730	0	0	0	88	92	900	0	614	0	0	0	0	0	0	0	0	0	0	0	0	0	0	0	0	0	0	0	0	0	0	0	0	0	276	0	0	0	92	0	104	0	0	0	204	0	0	374	342	0	0	0	5622	0	0	0	3914	0	0	0	268	0	0	0	0	0	0	0	0	0	0	0	0	0	0	0	0	0	0	0	0	0	0	0	0	0	0	
183004	Temporal_Sup_L	1210	0	694	0	0	0	0	0	0	0	884	110	0	0	288	0	5954	0	1192	0	0	0	0	0	0	0	0	0	13848	118	0	0	0	0	112	0	434	0	0	0	0	0	280	0	0	0	0	0	142	0	1636	0	150	0	156	0	3792	0	104	0	452	0	3428	0	1402	0	344	0	442	0	222	72	1466	0	0	0	0	0	1914	0	0	0	5102	0	31382	0	0	0	14172	0	0	0	0	0	0	0	0	0	0	0	0	0	0	0	0	0	0	0	0	0	0	0	0	0	0	0	
121324	Temporal_Sup_R	0	0	0	422	0	0	0	0	0	0	0	0	0	0	0	0	0	2444	0	730	0	0	0	0	0	0	0	0	0	12618	0	0	0	280	0	404	0	742	0	0	0	0	0	0	0	82	0	0	0	524	0	162	0	0	0	1862	0	822	0	182	0	842	0	5416	0	2038	74	1058	0	920	104	88	0	890	0	0	0	0	0	5622	0	0	0	2122	0	17042	0	702	0	2470	0	0	0	0	0	0	0	0	0	0	0	0	0	0	0	0	0	0	0	0	0	0	0	0	0	0	
99652	Temporal_Pole_Sup_L	0	0	338	334	342	0	280	208	0	0	2890	178	962	0	1194	0	1608	0	106	0	580	0	106	172	0	0	206	0	5936	260	406	190	0	0	0	0	738	0	648	0	266	0	0	0	0	0	0	0	0	0	0	0	0	0	3862	0	0	0	0	0	0	0	0	0	0	0	0	0	0	0	1724	902	624	128	0	0	0	0	0	0	5102	0	0	0	9090	0	3672	0	6774	0	0	0	0	0	0	0	0	0	0	0	0	0	0	0	0	0	0	0	0	0	0	0	0	0	0	0	
66308	Temporal_Pole_Sup_R	0	0	0	244	0	0	0	0	0	0	0	558	0	0	0	842	0	682	0	0	0	212	0	174	0	0	0	78	0	3746	0	0	0	0	0	0	0	210	0	1928	0	1952	0	0	0	0	0	0	0	0	0	0	0	0	0	6786	0	0	0	0	0	0	0	0	0	0	0	0	0	0	0	678	0	638	0	0	0	0	0	0	0	2122	0	0	0	2768	0	5468	0	4068	0	0	0	0	0	0	0	0	0	0	0	0	0	0	0	0	0	0	0	0	0	0	0	0	0	0	
336260	Temporal_Mid_L	632	0	76	0	0	0	0	0	0	0	80	0	0	0	84	0	2068	0	134	0	0	0	0	0	0	0	0	0	10546	0	0	0	0	0	1026	0	634	0	368	0	0	0	6022	0	854	0	482	0	1872	0	23054	0	7544	0	5712	0	4456	0	454	0	786	0	2808	0	6698	0	4536	0	2586	0	0	0	564	0	0	0	0	0	3822	0	31382	0	9090	0	0	0	4100	0	35660	0	0	0	0	0	0	0	0	0	0	0	0	0	0	0	0	0	0	0	0	0	0	0	0	0	0	0	
238336	Temporal_Mid_R	0	500	0	120	0	0	0	0	0	0	0	0	0	0	0	0	0	90	82	1324	0	0	0	0	0	0	0	0	0	9314	0	0	0	976	0	1824	0	724	0	0	0	0	0	2480	0	2006	0	316	0	3362	0	13342	0	1364	0	2724	0	3410	0	1222	0	6138	0	9186	0	5714	208	6426	152	2854	0	0	0	134	0	0	162	78	0	3914	0	17042	0	2768	0	0	0	2716	0	16496	0	0	0	0	0	0	0	0	0	0	0	0	0	0	0	0	0	0	0	0	0	0	0	0	0	0	
25468	Temporal_Pole_Mid_L	0	0	0	0	0	0	0	0	0	0	0	0	0	0	0	0	0	0	0	0	0	0	0	0	0	0	0	0	110	0	0	0	0	0	0	0	174	0	150	0	0	0	0	0	0	0	0	0	0	0	0	0	0	0	1326	0	0	0	0	0	0	0	0	0	0	0	0	0	0	0	0	0	0	0	0	0	0	0	0	0	0	0	3672	0	4100	0	0	0	3202	0	0	0	0	0	0	0	0	0	0	0	0	0	0	0	0	0	0	0	0	0	0	0	0	0	0	0	
32108	Temporal_Pole_Mid_R	0	0	0	0	0	0	0	0	0	0	0	0	0	0	0	0	0	0	0	0	0	0	0	0	0	0	0	0	0	280	0	0	0	0	0	0	0	0	0	1184	0	106	0	0	0	0	0	0	0	0	0	0	0	0	0	2712	0	0	0	0	0	0	0	0	0	0	0	0	0	0	0	0	0	0	0	0	0	0	0	0	0	702	0	5468	0	2716	0	0	0	2886	0	0	0	0	0	0	0	0	0	0	0	0	0	0	0	0	0	0	0	0	0	0	0	0	0	0	
254916	Temporal_Inf_L	540	0	590	0	0	0	114	0	0	0	0	0	0	0	0	0	1500	0	732	0	0	0	0	0	0	0	0	0	8150	0	0	0	0	0	542	126	6732	0	2546	0	588	0	1672	0	72	0	948	0	368	0	4242	0	4604	0	13192	0	2346	0	172	0	412	0	762	0	0	0	1664	0	1282	0	0	0	2860	0	0	0	296	0	3416	0	14172	0	6774	0	35660	0	3202	0	0	0	2634	0	948	118	0	0	608	0	1122	0	636	0	812	156	0	0	0	0	0	0	0	0	0	148	0	0	
178192	Temporal_Inf_R	216	428	0	392	0	0	0	0	0	0	0	0	0	0	0	0	0	92	88	1990	0	0	0	164	0	0	0	0	0	8334	0	0	0	876	230	3336	0	5336	0	328	0	318	0	1884	0	264	0	1632	0	744	0	1236	0	3460	0	16766	0	2234	0	352	0	708	0	666	0	376	78	4584	160	2812	134	318	0	1412	0	0	608	92	0	268	0	2470	0	4068	0	16496	0	2886	0	0	0	260	0	0	0	0	0	0	0	0	0	0	0	0	0	0	0	0	0	0	0	0	0	0	0	0	
386696	Cerebelum_Crus1_L	0	0	0	0	0	0	0	0	0	0	0	0	0	0	0	0	0	0	0	0	0	0	0	0	0	0	0	0	0	0	0	0	0	0	0	0	0	0	148	0	0	0	168	0	0	0	4928	1838	0	0	456	0	2400	96	21672	758	0	0	0	0	0	0	0	0	0	0	0	0	0	0	0	0	0	0	0	0	0	0	0	0	0	0	0	0	0	0	0	0	2634	0	0	1526	27754	2694	438	174	18162	1072	48626	2038	14578	272	21276	2012	4118	382	406	0	0	354	2936	3712	4144	1018	442	116	
369596	Cerebelum_Crus1_R	0	0	0	0	0	0	0	0	0	0	0	0	0	0	0	0	0	0	0	0	0	0	0	0	0	0	0	0	0	0	0	0	0	0	0	0	0	138	0	468	0	0	0	0	0	0	298	4790	0	0	104	0	182	0	578	11496	0	0	0	0	0	0	0	0	0	0	0	0	0	0	0	0	0	0	0	0	0	0	0	0	0	0	0	0	0	0	0	0	0	260	1526	0	598	20842	482	2918	2658	20332	3602	52252	128	2360	1062	17704	1144	4672	0	390	630	1702	8754	9260	8576	1496	2354	1042	
248628	Cerebelum_Crus2_L	0	0	0	0	0	0	0	0	0	0	0	0	0	0	0	0	0	0	0	0	0	0	0	0	0	0	0	0	0	0	0	0	0	0	0	0	0	0	0	0	0	0	0	0	0	0	320	568	0	0	0	0	108	0	1262	258	0	0	0	0	0	0	0	0	0	0	0	0	0	0	0	0	0	0	0	0	0	0	0	0	0	0	0	0	0	0	0	0	948	0	27754	598	0	6334	0	0	1264	94	5588	472	34372	2928	30106	3592	1234	86	96	0	0	0	178	926	3124	1938	166	0	
242140	Cerebelum_Crus2_R	0	0	0	0	0	0	0	0	0	0	0	0	0	0	0	0	0	0	0	0	0	0	0	0	0	0	0	0	0	0	0	0	0	0	0	0	0	0	0	0	0	0	0	0	0	0	0	590	0	0	0	0	0	0	0	522	0	0	0	0	0	0	0	0	0	0	0	0	0	0	0	0	0	0	0	0	0	0	0	0	0	0	0	0	0	0	0	0	118	0	2694	20842	6334	0	0	0	84	712	1138	3744	928	22566	3446	39196	792	3382	0	194	0	0	770	926	8996	2252	844	0	
42100	Cerebelum_3_L	0	0	0	0	0	0	0	0	0	0	0	0	0	0	0	0	0	0	0	0	0	0	0	0	0	0	0	0	0	0	0	0	0	0	0	0	0	0	286	0	0	0	0	0	0	0	0	128	0	0	0	0	0	0	156	0	0	0	0	0	0	0	0	0	0	0	0	0	0	0	0	0	0	0	0	0	0	0	0	0	0	0	0	0	0	0	0	0	0	0	438	482	0	0	0	528	6562	338	1752	746	0	0	92	0	468	270	118	0	1656	4212	1606	546	132	76	292	166	
64824	Cerebelum_3_R	0	0	0	0	0	0	0	0	0	0	0	0	0	0	0	0	0	0	0	0	0	0	0	0	0	0	0	0	0	0	0	0	0	0	0	0	0	388	0	550	0	0	0	0	0	0	0	378	0	0	0	0	0	0	0	1454	0	0	0	0	0	0	0	0	0	0	0	0	0	0	0	0	0	0	0	0	0	0	0	0	0	0	0	0	0	0	0	0	0	0	174	2918	0	0	528	0	1664	7758	758	6446	0	0	0	168	166	744	0	0	234	2664	2752	1080	278	106	1112	92	
307356	Cerebelum_4_5_L	0	0	0	0	0	0	0	0	0	0	0	0	0	0	0	0	0	0	0	0	0	0	0	0	0	0	0	0	0	0	0	0	0	0	0	0	146	0	308	0	0	0	216	0	0	0	9848	2972	0	0	356	0	2384	0	17058	1450	0	0	0	0	0	0	0	0	0	0	0	0	0	0	0	0	0	0	0	0	0	0	0	0	0	0	0	0	0	0	0	0	608	0	18162	2658	1264	84	6562	1664	0	6744	35698	5052	970	0	2892	236	4790	1810	174	0	1082	4176	16524	3732	552	294	1654	1558	
280192	Cerebelum_4_5_R	0	0	0	0	0	0	0	0	0	0	0	0	0	0	0	0	0	0	0	0	0	0	0	0	0	0	0	0	0	0	0	0	0	0	0	0	0	2446	0	4324	0	0	0	0	0	0	974	8680	0	0	96	0	386	200	1370	13770	0	0	0	0	0	0	0	0	0	0	0	236	0	0	0	0	0	76	0	0	0	0	0	0	0	0	0	0	0	0	0	0	0	0	1072	20332	94	712	338	7758	6744	0	5088	30978	0	0	308	926	1166	2816	0	0	602	2138	15110	5696	970	346	2108	2236	
443176	Cerebelum_6_L	0	0	0	0	0	0	0	0	0	0	0	0	0	0	0	0	0	0	0	0	0	0	0	0	0	0	0	0	0	0	0	0	0	0	0	0	0	0	164	0	0	0	422	366	0	324	13238	6800	0	328	1108	86	4098	604	30768	3444	0	0	0	0	0	0	0	0	0	0	0	0	0	0	0	0	0	0	0	0	0	0	0	0	0	0	0	0	0	0	0	0	1122	0	48626	3602	5588	1138	1752	758	35698	5088	0	6898	3890	78	8542	976	4344	882	1110	0	346	1724	12698	10188	3108	382	900	400	
407260	Cerebelum_6_R	0	0	0	0	0	0	0	0	0	0	0	0	0	0	0	0	0	0	0	0	0	0	0	0	0	0	0	0	0	0	0	0	0	0	0	0	0	312	0	712	0	0	0	166	0	132	930	9402	0	138	168	0	330	860	1104	18470	0	0	0	0	0	0	0	0	0	0	0	0	0	0	0	0	0	0	0	0	0	0	0	0	0	0	0	0	0	0	0	0	0	0	2038	52252	472	3744	746	6446	5052	30978	6898	0	98	620	654	5418	1550	5650	134	466	986	2866	14354	14756	7414	1584	3950	1780	
195816	Cerebelum_7b_L	0	0	0	0	0	0	0	0	0	0	0	0	0	0	0	0	0	0	0	0	0	0	0	0	0	0	0	0	0	0	0	0	0	0	0	0	0	0	0	0	0	0	0	0	0	0	122	86	0	0	0	0	0	0	596	0	0	0	0	0	0	0	0	0	0	0	0	0	0	0	0	0	0	0	0	0	0	0	0	0	0	0	0	0	0	0	0	0	636	0	14578	128	34372	928	0	0	970	0	3890	98	0	274	34096	2110	1054	0	318	0	0	0	118	158	1466	1910	0	0	
118800	Cerebelum_7b_R	0	0	0	0	0	0	0	0	0	0	0	0	0	0	0	0	0	0	0	0	0	0	0	0	0	0	0	0	0	0	0	0	0	0	0	0	0	0	0	0	0	0	0	0	0	0	0	0	0	0	0	0	0	0	0	0	0	0	0	0	0	0	0	0	0	0	0	0	0	0	0	0	0	0	0	0	0	0	0	0	0	0	0	0	0	0	0	0	0	0	272	2360	2928	22566	0	0	0	0	78	620	274	0	480	24454	104	2498	0	194	0	0	0	0	2050	522	0	0	
294840	Cerebelum_8_L	0	0	0	0	0	0	0	0	0	0	0	0	0	0	0	0	0	0	0	0	0	0	0	0	0	0	0	0	0	0	0	0	0	0	0	0	0	0	0	0	0	0	0	0	0	0	820	400	0	0	0	0	0	0	850	220	0	0	0	0	0	0	0	0	0	0	0	0	0	0	0	0	0	0	0	0	0	0	0	0	0	0	0	0	0	0	0	0	812	0	21276	1062	30106	3446	92	0	2892	308	8542	654	34096	480	0	8006	15300	1434	1184	0	0	0	634	1080	4760	7282	1684	0	
285444	Cerebelum_8_R	0	0	0	0	0	0	0	0	0	0	0	0	0	0	0	0	0	0	0	0	0	0	0	0	0	0	0	0	0	0	0	0	0	0	0	0	0	0	0	176	0	0	0	0	0	0	0	434	0	0	0	0	0	0	0	802	0	0	0	0	0	0	0	0	0	0	0	0	0	0	0	0	0	0	0	0	0	0	0	0	0	0	0	0	0	0	0	0	156	0	2012	17704	3592	39196	0	168	236	926	976	5418	2110	24454	8006	0	1486	16010	126	590	0	156	870	1060	6650	7118	2290	0	
108588	Cerebelum_9_L	0	0	0	0	0	0	0	0	0	0	0	0	0	0	0	0	0	0	0	0	0	0	0	0	0	0	0	0	0	0	0	0	0	0	0	0	0	0	0	0	0	0	0	0	0	0	448	374	0	0	0	0	0	0	288	308	0	0	0	0	0	0	0	0	0	0	0	0	0	0	0	0	0	0	0	0	0	0	0	0	0	0	0	0	0	0	0	0	0	0	4118	1144	1234	792	468	166	4790	1166	4344	1550	1054	104	15300	1486	0	2244	2040	0	80	306	2894	2674	1358	1048	1518	998	
136048	Cerebelum_9_R	0	0	0	0	0	0	0	0	0	0	0	0	0	0	0	0	0	0	0	0	0	0	0	0	0	0	0	0	0	0	0	0	0	0	0	0	0	0	0	86	0	0	0	0	0	0	0	692	0	0	0	0	0	0	0	754	0	0	0	0	0	0	0	0	0	0	0	0	0	0	0	0	0	0	0	0	0	0	0	0	0	0	0	0	0	0	0	0	0	0	382	4672	86	3382	270	744	1810	2816	882	5650	0	2498	1434	16010	2244	0	0	1296	478	1502	3978	4248	1636	2064	5898	2512	
12508	Cerebelum_10_L	0	0	0	0	0	0	0	0	0	0	0	0	0	0	0	0	0	0	0	0	0	0	0	0	0	0	0	0	0	0	0	0	0	0	0	0	0	0	0	0	0	0	0	0	0	0	0	0	0	0	0	0	0	0	0	0	0	0	0	0	0	0	0	0	0	0	0	0	0	0	0	0	0	0	0	0	0	0	0	0	0	0	0	0	0	0	0	0	0	0	406	0	96	0	118	0	174	0	1110	134	318	0	1184	126	2040	0	0	0	0	0	86	222	240	0	0	0	
7008	Cerebelum_10_R	0	0	0	0	0	0	0	0	0	0	0	0	0	0	0	0	0	0	0	0	0	0	0	0	0	0	0	0	0	0	0	0	0	0	0	0	0	0	0	0	0	0	0	0	0	0	0	0	0	0	0	0	0	0	0	0	0	0	0	0	0	0	0	0	0	0	0	0	0	0	0	0	0	0	0	0	0	0	0	0	0	0	0	0	0	0	0	0	0	0	0	390	0	194	0	0	0	0	0	466	0	194	0	590	0	1296	0	0	0	0	0	74	92	104	104	0	
27684	Vermis_1_2	0	0	0	0	0	0	0	0	0	0	0	0	0	0	0	0	0	0	0	0	0	0	0	0	0	0	0	0	0	0	0	0	0	0	0	0	0	0	0	0	0	0	0	0	0	0	0	144	0	0	0	0	0	0	0	152	0	0	0	0	0	0	0	0	0	0	0	0	0	0	0	0	0	0	0	0	0	0	0	0	0	0	0	0	0	0	0	0	0	0	0	630	0	0	1656	234	1082	602	346	986	0	0	0	0	80	478	0	0	0	4156	1452	658	90	130	540	426	
71208	Vermis_3	0	0	0	0	0	0	0	0	0	0	0	0	0	0	0	0	0	0	0	0	0	0	0	0	0	0	0	0	0	0	0	0	0	0	0	0	0	0	88	0	0	0	0	0	0	0	74	436	0	0	0	0	0	0	0	326	0	0	0	0	0	0	0	0	0	0	0	0	0	0	0	0	0	0	0	0	0	0	0	0	0	0	0	0	0	0	0	0	0	0	354	1702	0	0	4212	2664	4176	2138	1724	2866	0	0	0	156	306	1502	0	0	4156	0	4306	1616	244	312	1456	790	
263484	Vermis_4_5	0	0	0	0	0	0	0	0	0	0	0	0	0	0	0	0	0	0	0	0	0	0	0	0	0	0	0	0	0	0	0	0	0	0	148	286	126	0	0	72	0	0	202	356	0	0	3310	8496	0	0	280	0	1110	170	3448	3824	0	0	0	0	0	0	0	0	0	0	0	420	0	0	0	0	0	0	0	0	184	0	0	0	0	0	0	0	0	0	0	0	0	0	2936	8754	178	770	1606	2752	16524	15110	12698	14354	118	0	634	870	2894	3978	86	0	1452	4306	0	10400	1534	638	3226	3492	
