data	data	424088	255880	931592	773080	115892	83560	381208	287156	118496	49888	243460	261672	212880	261420	176892	79392	207176	145204	908556	764692	74672	76832	273076	429516	26392	82476	63176	63600	521280	356304	284044	506380	208296	546892	156232	127836	223524	288824	55820	174124	21688	34664	206268	235976	165600	276664	249476	233728	147600	267528	430892	187476	103588	64772	368232	349416	256984	262192	168864	123292	196264	113260	80400	103648	142532	122612	274684	433444	262808	203724	257300	281048	339284	293368	72748	27040	123168	110212	89376	39812	202344	122572	87252	38656	268776	250340	28996	12044	288988	150076	399292	340084	245556	288652	12724	41664	182324	182828	420464	351120	176348	101924	244984	240436	79712	139528	16592	18788	9864	21272	165408	263764	222064	91180	65336	31040	
data	data	Precentral_L	Precentral_R	Frontal_Sup_L	Frontal_Sup_R	Frontal_Sup_Orb_L	Frontal_Sup_Orb_R	Frontal_Mid_L	Frontal_Mid_R	Frontal_Mid_Orb_L	Frontal_Mid_Orb_R	Frontal_Inf_Oper_L	Frontal_Inf_Oper_R	Frontal_Inf_Tri_L	Frontal_Inf_Tri_R	Frontal_Inf_Orb_L	Frontal_Inf_Orb_R	Rolandic_Oper_L	Rolandic_Oper_R	Supp_Motor_Area_L	Supp_Motor_Area_R	Olfactory_L	Olfactory_R	Frontal_Sup_Medial_L	Frontal_Sup_Medial_R	Frontal_Med_Orb_L	Frontal_Med_Orb_R	Rectus_L	Rectus_R	Insula_L	Insula_R	Cingulum_Ant_L	Cingulum_Ant_R	Cingulum_Mid_L	Cingulum_Mid_R	Cingulum_Post_L	Cingulum_Post_R	Hippocampus_L	Hippocampus_R	ParaHippocampal_L	ParaHippocampal_R	Amygdala_L	Amygdala_R	Calcarine_L	Calcarine_R	Cuneus_L	Cuneus_R	Lingual_L	Lingual_R	Occipital_Sup_L	Occipital_Sup_R	Occipital_Mid_L	Occipital_Mid_R	Occipital_Inf_L	Occipital_Inf_R	Fusiform_L	Fusiform_R	Postcentral_L	Postcentral_R	Parietal_Sup_L	Parietal_Sup_R	Parietal_Inf_L	Parietal_Inf_R	SupraMarginal_L	SupraMarginal_R	Angular_L	Angular_R	Precuneus_L	Precuneus_R	Paracentral_Lobule_L	Paracentral_Lobule_R	Caudate_L	Caudate_R	Putamen_L	Putamen_R	Pallidum_L	Pallidum_R	Thalamus_L	Thalamus_R	Heschl_L	Heschl_R	Temporal_Sup_L	Temporal_Sup_R	Temporal_Pole_Sup_L	Temporal_Pole_Sup_R	Temporal_Mid_L	Temporal_Mid_R	Temporal_Pole_Mid_L	Temporal_Pole_Mid_R	Temporal_Inf_L	Temporal_Inf_R	Cerebelum_Crus1_L	Cerebelum_Crus1_R	Cerebelum_Crus2_L	Cerebelum_Crus2_R	Cerebelum_3_L	Cerebelum_3_R	Cerebelum_4_5_L	Cerebelum_4_5_R	Cerebelum_6_L	Cerebelum_6_R	Cerebelum_7b_L	Cerebelum_7b_R	Cerebelum_8_L	Cerebelum_8_R	Cerebelum_9_L	Cerebelum_9_R	Cerebelum_10_L	Cerebelum_10_R	Vermis_1_2	Vermis_3	Vermis_4_5	Vermis_6	Vermis_7	Vermis_8	Vermis_9	Vermis_10	
424088	Precentral_L	0	4062	16876	2054	0	0	12670	288	254	0	5702	142	298	0	336	0	8296	0	26334	10020	0	0	178	0	0	0	0	0	7980	0	180	306	1286	5860	1798	382	7592	0	118	0	0	0	212	0	150	0	0	214	0	0	1266	0	0	0	482	0	26354	248	366	0	2350	0	280	0	120	0	728	736	23514	1370	3030	2270	4312	150	4286	192	16452	2010	3320	0	2990	0	338	0	818	0	0	0	290	0	0	0	0	0	0	0	0	0	0	0	0	0	0	0	0	0	0	0	0	0	184	0	0	0	0	0	
255880	Precentral_R	4062	0	290	8692	0	0	0	12952	0	0	0	4106	0	0	0	0	0	1982	1824	12570	0	0	0	474	0	0	0	0	130	3254	0	794	598	5388	1084	2176	0	5374	0	658	0	0	0	412	0	388	0	456	0	374	0	114	0	0	0	328	0	16516	0	126	0	388	0	660	0	0	0	1836	7092	9234	850	6648	120	3220	0	140	676	11678	0	0	0	0	0	0	0	0	0	0	0	0	0	0	0	0	0	0	0	0	0	0	0	0	0	0	0	0	0	0	0	0	276	0	0	0	0	0	
931592	Frontal_Sup_L	16876	290	0	13514	5554	0	62940	1264	6310	0	14066	898	14356	900	10258	0	10648	0	103402	24074	0	0	36138	4332	1086	0	0	0	32698	326	16780	7268	4144	9384	222	0	3960	0	0	0	0	0	0	0	0	0	0	0	0	0	596	0	0	0	236	0	9884	0	254	0	616	0	278	0	164	0	0	0	2018	0	8578	132	26024	0	5622	0	1412	0	2390	0	3414	0	1676	0	408	0	0	0	406	0	0	0	0	0	0	0	0	0	0	0	0	0	0	0	0	0	0	0	0	0	0	0	0	0	0	0	
773080	Frontal_Sup_R	2054	8692	13514	0	0	4366	2098	38692	0	1316	1544	17212	402	17642	0	3122	536	8266	17408	54754	0	0	7848	47882	0	2936	0	338	3020	22026	3972	37740	614	21078	0	0	434	2062	0	652	0	0	0	0	0	0	0	182	0	0	0	0	0	0	0	306	0	1474	0	0	0	0	0	0	0	0	0	190	750	156	4634	13678	1202	14562	0	2042	0	4350	154	0	272	0	0	368	0	0	0	0	0	0	0	0	0	0	0	0	0	0	0	0	0	0	0	0	0	0	0	0	0	0	0	0	0	0	0	0	
115892	Frontal_Sup_Orb_L	0	0	5554	0	0	0	254	0	13080	0	0	0	0	0	9808	0	0	0	0	0	1654	726	2426	0	2776	230	6002	404	2370	0	3106	272	0	0	0	0	0	0	0	0	0	0	0	0	0	0	0	0	0	0	0	0	0	0	0	0	0	0	0	0	0	0	0	0	0	0	0	0	0	0	952	340	7658	150	0	0	0	0	0	0	0	0	184	0	0	0	0	0	0	0	0	0	0	0	0	0	0	0	0	0	0	0	0	0	0	0	0	0	0	0	0	0	0	0	0	0	
83560	Frontal_Sup_Orb_R	0	0	0	4366	0	0	0	3214	0	6178	0	0	0	398	0	4376	0	0	0	0	104	746	0	3256	0	6040	0	5356	0	676	0	1178	0	0	0	0	0	0	0	0	0	0	0	0	0	0	0	0	0	0	0	0	0	0	0	0	0	0	0	0	0	0	0	0	0	0	0	0	0	0	0	1590	0	4302	0	0	0	0	0	0	0	0	0	0	0	0	0	0	0	0	0	0	0	0	0	0	0	0	0	0	0	0	0	0	0	0	0	0	0	0	0	0	0	0	0	0	
381208	Frontal_Mid_L	12670	0	62940	2098	254	0	0	516	3882	0	11580	168	25636	170	7772	0	1838	0	19864	4352	0	0	7084	246	0	0	0	0	14846	0	3726	540	188	2702	0	0	440	0	0	0	0	0	0	0	0	0	0	0	0	0	0	0	0	0	0	0	242	0	0	0	0	0	0	0	0	0	0	0	316	0	1830	0	2032	0	712	0	486	0	210	0	698	0	448	0	118	0	0	0	0	0	0	0	0	0	0	0	0	0	0	0	0	0	0	0	0	0	0	0	0	0	0	0	0	0	0	0	
287156	Frontal_Mid_R	288	12952	1264	38692	0	3214	516	0	0	3878	0	8742	0	16500	0	5048	0	2138	3122	9454	0	0	476	7200	0	0	0	0	764	6836	220	4306	0	4078	0	0	0	1080	0	354	0	0	0	0	0	0	0	0	0	0	0	0	0	0	0	0	0	606	0	0	0	0	0	0	0	0	0	0	210	0	2674	2988	396	2536	0	0	0	3046	0	0	0	0	0	0	0	0	0	0	0	0	0	0	0	0	0	0	0	0	0	0	0	0	0	0	0	0	0	0	0	0	0	0	0	0	0	0	
118496	Frontal_Mid_Orb_L	254	0	6310	0	13080	0	3882	0	0	0	350	0	1648	0	19166	0	218	0	646	0	278	212	286	0	418	0	2112	138	4620	0	274	0	0	0	0	0	0	0	0	0	0	0	0	0	0	0	0	0	0	0	0	0	0	0	0	0	0	0	0	0	0	0	0	0	0	0	0	0	0	0	484	114	4272	0	0	0	0	0	0	0	0	0	486	0	0	0	0	0	0	0	0	0	0	0	0	0	0	0	0	0	0	0	0	0	0	0	0	0	0	0	0	0	0	0	0	0	
49888	Frontal_Mid_Orb_R	0	0	0	1316	0	6178	0	3878	0	0	0	0	0	744	0	8414	0	0	0	0	0	0	0	132	0	770	0	682	0	952	0	0	0	0	0	0	0	0	0	0	0	0	0	0	0	0	0	0	0	0	0	0	0	0	0	0	0	0	0	0	0	0	0	0	0	0	0	0	0	0	0	248	0	1630	0	0	0	0	0	0	0	0	0	0	0	0	0	0	0	0	0	0	0	0	0	0	0	0	0	0	0	0	0	0	0	0	0	0	0	0	0	0	0	0	0	0	
243460	Frontal_Inf_Oper_L	5702	0	14066	1544	0	0	11580	0	350	0	0	3816	15884	3584	748	0	9880	0	9786	2388	0	0	988	208	0	0	0	0	17956	446	2760	1830	178	1456	0	0	286	0	0	0	0	0	0	0	0	0	0	0	0	0	0	0	0	0	0	0	1698	0	0	0	0	0	0	0	0	0	0	0	0	0	3030	0	1346	0	0	0	0	0	1808	0	4082	0	3722	0	608	0	0	0	0	0	0	0	0	0	0	0	0	0	0	0	0	0	0	0	0	0	0	0	0	0	0	0	0	0	0	0	
261672	Frontal_Inf_Oper_R	142	4106	898	17212	0	0	168	8742	0	0	3816	0	710	15860	0	110	268	5404	5306	16466	0	0	546	5390	0	0	0	0	2496	13050	1498	5900	0	10848	0	0	0	548	0	210	0	0	0	0	0	0	0	0	0	0	0	0	0	0	0	0	0	1652	0	0	0	0	0	0	0	0	0	0	0	0	4042	1878	824	2290	0	0	0	0	0	0	138	0	0	318	0	0	0	0	0	0	0	0	0	0	0	0	0	0	0	0	0	0	0	0	0	0	0	0	0	0	0	0	0	0	0	0	
212880	Frontal_Inf_Tri_L	298	0	14356	402	0	0	25636	0	1648	0	15884	710	0	812	11006	0	886	0	3908	514	0	0	992	0	0	0	0	0	20052	0	3838	430	112	172	0	0	0	0	0	0	0	0	0	0	0	0	0	0	0	0	0	0	0	0	0	0	0	0	0	0	0	0	0	0	0	0	0	0	0	0	1230	0	2196	0	0	0	0	0	360	0	280	0	718	0	0	0	0	0	0	0	0	0	0	0	0	0	0	0	0	0	0	0	0	0	0	0	0	0	0	0	0	0	0	0	0	0	
261420	Frontal_Inf_Tri_R	0	0	900	17642	0	398	170	16500	0	744	3584	15860	812	0	0	4888	110	0	4824	8438	0	0	1754	10622	0	0	0	0	2204	16700	1130	11388	0	7896	0	0	0	0	0	0	0	0	0	0	0	0	0	0	0	0	0	0	0	0	0	0	0	0	0	0	0	0	0	0	0	0	0	0	0	0	2842	622	682	0	0	0	0	0	0	0	0	0	0	0	0	0	0	0	0	0	0	0	0	0	0	0	0	0	0	0	0	0	0	0	0	0	0	0	0	0	0	0	0	0	0	0	
176892	Frontal_Inf_Orb_L	336	0	10258	0	9808	0	7772	0	19166	0	748	0	11006	0	0	0	344	0	1108	0	1476	158	300	0	130	0	1082	104	13850	0	262	0	0	0	0	0	118	0	0	0	140	0	0	0	0	0	0	0	0	0	0	0	0	0	0	0	0	0	0	0	0	0	0	0	0	0	0	0	0	0	462	104	7492	0	0	0	0	0	0	0	214	0	2008	0	0	0	0	0	0	0	0	0	0	0	0	0	0	0	0	0	0	0	0	0	0	0	0	0	0	0	0	0	0	0	0	0	
79392	Frontal_Inf_Orb_R	0	0	0	3122	0	4376	0	5048	0	8414	0	110	0	4888	0	0	0	0	0	0	0	588	0	374	0	0	0	1334	0	5700	0	214	0	160	0	0	0	0	0	0	0	0	0	0	0	0	0	0	0	0	0	0	0	0	0	0	0	0	0	0	0	0	0	0	0	0	0	0	0	0	0	494	0	2624	0	0	0	0	0	0	0	562	0	1220	0	218	0	104	0	146	0	0	0	0	0	0	0	0	0	0	0	0	0	0	0	0	0	0	0	0	0	0	0	0	0	0	
207176	Rolandic_Oper_L	8296	0	10648	536	0	0	1838	0	218	0	9880	268	886	110	344	0	0	0	8336	652	0	0	490	0	0	0	0	0	16372	0	472	160	166	128	0	0	1764	0	0	0	0	0	0	0	0	0	0	0	0	0	464	0	0	0	240	0	10400	0	186	0	414	0	3310	0	296	0	0	0	0	0	598	0	784	0	258	0	276	0	5222	0	12766	0	3360	0	2342	0	0	0	1108	0	0	0	0	0	0	0	0	0	0	0	0	0	0	0	0	0	0	0	0	0	0	0	0	0	0	0	
145204	Rolandic_Oper_R	0	1982	0	8266	0	0	0	2138	0	0	0	5404	0	0	0	0	0	0	334	6296	0	0	0	672	0	0	0	0	0	17494	140	646	0	1958	0	0	0	3150	0	412	0	0	0	334	0	306	0	0	0	400	0	548	0	366	0	580	0	3456	0	0	0	232	0	3516	0	198	0	374	0	0	338	750	0	3256	0	480	0	280	0	3100	0	4240	0	592	0	174	0	0	0	190	0	0	0	0	0	0	0	0	0	0	0	0	0	0	0	0	0	0	0	0	0	0	0	0	0	0	
908556	Supp_Motor_Area_L	26334	1824	103402	17408	0	0	19864	3122	646	0	9786	5306	3908	4824	1108	0	8336	334	0	49800	0	0	11790	6086	0	0	0	0	19842	978	12406	9440	10272	27612	1048	204	5260	0	0	0	0	0	0	0	0	0	0	0	0	0	596	0	0	0	256	0	10002	0	254	0	696	0	278	0	164	0	0	0	25138	656	11316	410	18592	206	7606	0	11356	0	2296	0	2416	0	326	0	342	0	0	0	432	0	0	0	0	0	0	0	0	0	0	0	0	0	0	0	0	0	0	0	0	0	0	0	0	0	0	0	
764692	Supp_Motor_Area_R	10020	12570	24074	54754	0	0	4352	9454	0	0	2388	16466	514	8438	0	0	652	6296	49800	0	0	0	2610	13360	0	0	0	0	3600	9170	4520	13684	6848	59206	1426	3440	520	1610	0	548	0	0	0	312	0	164	0	248	0	202	0	0	0	0	0	274	190	1892	0	0	0	0	0	0	0	0	0	1566	17330	13738	5512	6830	2252	7836	1130	782	0	694	226	0	288	0	0	322	0	134	0	0	0	0	0	0	0	0	0	0	0	0	0	0	0	0	0	0	0	0	0	0	0	0	104	0	0	0	0	0	
74672	Olfactory_L	0	0	0	0	1654	104	0	0	278	0	0	0	0	0	1476	0	0	0	0	0	0	5174	0	0	0	544	3640	1764	1728	0	2316	2492	0	0	0	0	396	0	226	0	680	0	0	0	0	0	0	0	0	0	0	0	0	0	174	0	0	0	0	0	0	0	0	0	0	0	0	0	0	0	5992	3512	3222	1612	0	142	0	0	0	0	0	0	210	0	0	0	0	0	0	0	0	0	0	0	0	0	0	0	0	0	0	0	0	0	0	0	0	0	0	0	0	0	0	0	0	0	
76832	Olfactory_R	0	0	0	0	726	746	0	0	212	0	0	0	0	0	158	588	0	0	0	0	5174	0	0	172	0	1034	2986	3170	0	1820	1650	2542	0	0	0	0	0	0	0	0	0	516	0	0	0	0	0	0	0	0	0	0	0	0	0	0	0	0	0	0	0	0	0	0	0	0	0	0	0	0	6408	4970	3582	1774	0	188	0	0	0	0	0	0	0	0	0	0	0	0	0	0	0	0	0	0	0	0	0	0	0	0	0	0	0	0	0	0	0	0	0	0	0	0	0	0	0	0	
273076	Frontal_Sup_Medial_L	178	0	36138	7848	2426	0	7084	476	286	0	988	546	992	1754	300	0	490	0	11790	2610	0	0	0	18522	2766	482	0	0	2766	1058	14704	11006	2580	6170	0	0	0	0	0	0	0	0	0	0	0	0	0	0	0	0	0	0	0	0	0	0	0	0	0	0	0	0	0	0	0	0	0	0	0	0	124	382	1460	0	0	0	0	0	0	0	208	0	404	0	0	0	0	0	0	0	0	0	0	0	0	0	0	0	0	0	0	0	0	0	0	0	0	0	0	0	0	0	0	0	0	0	
429516	Frontal_Sup_Medial_R	0	474	4332	47882	0	3256	246	7200	0	132	208	5390	0	10622	0	374	0	672	6086	13360	0	172	18522	0	350	6068	0	678	240	10788	3554	38760	364	15718	0	0	0	272	0	0	0	0	0	0	0	0	0	0	0	0	0	0	0	0	0	0	0	0	0	0	0	0	0	0	0	0	0	0	0	0	558	9132	174	8992	0	0	0	182	0	0	0	0	0	0	0	0	0	0	0	0	0	0	0	0	0	0	0	0	0	0	0	0	0	0	0	0	0	0	0	0	0	0	0	0	0	0	
26392	Frontal_Med_Orb_L	0	0	1086	0	2776	0	0	0	418	0	0	0	0	0	130	0	0	0	0	0	0	0	2766	350	0	988	1216	0	238	0	2584	116	0	0	0	0	0	0	0	0	0	0	0	0	0	0	0	0	0	0	0	0	0	0	0	0	0	0	0	0	0	0	0	0	0	0	0	0	0	0	0	0	528	0	0	0	0	0	0	0	0	0	0	0	0	0	0	0	0	0	0	0	0	0	0	0	0	0	0	0	0	0	0	0	0	0	0	0	0	0	0	0	0	0	0	0	
82476	Frontal_Med_Orb_R	0	0	0	2936	230	6040	0	0	0	770	0	0	0	0	0	0	0	0	0	0	544	1034	482	6068	988	0	496	5848	0	0	1184	5040	0	0	0	0	0	0	0	0	0	0	0	0	0	0	0	0	0	0	0	0	0	0	0	0	0	0	0	0	0	0	0	0	0	0	0	0	0	0	602	3962	178	4836	0	0	0	0	0	0	0	0	0	0	0	0	0	0	0	0	0	0	0	0	0	0	0	0	0	0	0	0	0	0	0	0	0	0	0	0	0	0	0	0	0	0	
63176	Rectus_L	0	0	0	0	6002	0	0	0	2112	0	0	0	0	0	1082	0	0	0	0	0	3640	2986	0	0	1216	496	0	1614	154	0	2716	1446	0	0	0	0	0	0	0	0	0	0	0	0	0	0	0	0	0	0	0	0	0	0	0	0	0	0	0	0	0	0	0	0	0	0	0	0	0	0	3280	1426	2784	634	0	0	0	0	0	0	0	0	0	0	0	0	0	0	0	0	0	0	0	0	0	0	0	0	0	0	0	0	0	0	0	0	0	0	0	0	0	0	0	0	0	0	
63600	Rectus_R	0	0	0	338	404	5356	0	0	138	682	0	0	0	0	104	1334	0	0	0	0	1764	3170	0	678	0	5848	1614	0	0	560	610	2174	0	0	0	0	0	0	0	0	0	110	0	0	0	0	0	0	0	0	0	0	0	0	0	0	0	0	0	0	0	0	0	0	0	0	0	0	0	0	1556	2442	392	2526	0	0	0	0	0	0	0	0	0	0	0	0	0	0	0	0	0	0	0	0	0	0	0	0	0	0	0	0	0	0	0	0	0	0	0	0	0	0	0	0	0	0	
521280	Insula_L	7980	130	32698	3020	2370	0	14846	764	4620	0	17956	2496	20052	2204	13850	0	16372	0	19842	3600	1728	0	2766	240	238	0	154	0	0	152	8106	992	468	1002	114	0	13714	0	1012	0	1058	0	238	0	0	0	158	0	0	0	1590	0	0	0	4116	0	4596	0	172	0	262	0	336	0	194	0	136	0	326	0	6012	0	20868	0	276	0	1360	106	7658	0	6664	0	5730	0	1656	0	0	0	3642	0	0	0	0	0	0	0	0	0	0	0	0	0	0	0	0	0	0	0	0	0	0	0	0	0	0	0	
356304	Insula_R	0	3254	326	22026	0	676	0	6836	0	952	446	13050	0	16700	0	5700	0	17494	978	9170	0	1820	1058	10788	0	0	0	560	152	0	1472	13770	0	4762	0	0	0	6860	0	1878	0	732	0	286	0	304	0	120	0	374	0	490	0	372	0	1228	0	676	0	0	0	654	0	318	0	466	0	340	0	0	1084	2324	260	13470	0	350	0	328	0	3910	0	5708	0	1450	0	1812	0	0	0	368	0	0	0	0	0	0	0	0	0	0	0	0	0	0	0	0	0	0	0	0	0	0	0	0	0	0	
284044	Cingulum_Ant_L	180	0	16780	3972	3106	0	3726	220	274	0	2760	1498	3838	1130	262	0	472	140	12406	4520	2316	1650	14704	3554	2584	1184	2716	610	8106	1472	0	14302	5748	5684	288	0	0	0	0	0	0	0	0	0	0	0	0	0	0	0	0	0	0	0	0	0	0	0	0	0	0	0	0	0	0	0	0	0	0	0	7484	3604	8520	1632	0	0	0	0	0	0	206	0	374	0	0	0	0	0	0	0	0	0	0	0	0	0	0	0	0	0	0	0	0	0	0	0	0	0	0	0	0	0	0	0	0	0	
506380	Cingulum_Ant_R	306	794	7268	37740	272	1178	540	4306	0	0	1830	5900	430	11388	0	214	160	646	9440	13684	2492	2542	11006	38760	116	5040	1446	2174	992	13770	14302	0	2650	22550	0	0	0	240	0	0	0	0	0	0	0	0	0	0	0	0	0	0	0	0	0	0	0	122	0	0	0	0	0	0	0	0	0	0	122	0	3786	20536	1620	12392	0	0	0	436	0	0	0	0	0	0	0	0	0	0	0	0	0	0	0	0	0	0	0	0	0	0	0	0	0	0	0	0	0	0	0	0	0	0	0	0	0	0	
208296	Cingulum_Mid_L	1286	598	4144	614	0	0	188	0	0	0	178	0	112	0	0	0	166	0	10272	6848	0	0	2580	364	0	0	0	0	468	0	5748	2650	0	10568	12754	360	0	0	0	0	0	0	1192	0	1344	0	490	0	694	0	6274	0	0	0	162	0	4232	0	4524	0	5526	0	1644	0	1166	0	7466	1044	5224	1460	0	0	0	0	0	0	0	0	0	0	284	0	0	0	256	188	0	0	1080	0	0	0	0	0	0	0	0	0	0	0	0	0	0	0	0	0	0	0	0	0	0	0	0	0	0	0	
546892	Cingulum_Mid_R	5860	5388	9384	21078	0	0	2702	4078	0	0	1456	10848	172	7896	0	160	128	1958	27612	59206	0	0	6170	15718	0	0	0	0	1002	4762	5684	22550	10568	0	2604	5886	0	156	0	0	0	0	0	662	0	498	0	422	0	1150	0	460	0	0	0	0	0	1064	0	0	0	0	0	0	0	0	778	7568	10728	12078	1716	1180	0	338	0	0	0	0	0	0	0	0	0	0	0	1472	0	0	0	0	0	0	0	0	0	0	0	0	0	0	0	0	0	0	0	0	0	0	0	0	306	0	0	0	0	0	
156232	Cingulum_Post_L	1798	1084	222	0	0	0	0	0	0	0	0	0	0	0	0	0	0	0	1048	1426	0	0	0	0	0	0	0	0	114	0	288	0	12754	2604	0	9388	2406	2466	1026	1080	0	0	808	410	1428	338	1296	0	418	140	1238	0	0	0	1196	466	4260	268	3788	0	3646	0	182	0	364	0	9648	4240	3928	1436	0	0	0	0	0	0	0	152	0	0	130	0	0	0	210	0	0	0	422	0	0	0	0	0	0	0	0	0	0	0	0	0	0	0	0	0	0	0	0	0	0	0	0	0	0	0	
127836	Cingulum_Post_R	382	2176	0	0	0	0	0	0	0	0	0	0	0	0	0	0	0	0	204	3440	0	0	0	0	0	0	0	0	0	0	0	0	360	5886	9388	0	1764	6148	594	2194	0	0	0	1468	260	708	338	1420	0	366	0	288	0	0	270	1316	0	2446	0	0	0	0	0	0	0	0	1422	11400	1358	5836	0	0	0	450	0	0	0	1450	0	0	0	0	0	0	0	0	0	0	0	0	0	0	0	0	0	0	0	0	0	0	0	0	0	0	0	0	0	0	0	0	586	0	0	0	0	0	
223524	Hippocampus_L	7592	0	3960	434	0	0	440	0	0	0	286	0	0	0	118	0	1764	0	5260	520	396	0	0	0	0	0	0	0	13714	0	0	0	0	0	2406	1764	0	2394	7506	802	4350	0	966	0	170	0	3176	0	0	0	442	0	494	0	14800	374	3398	0	0	0	192	0	174	0	110	0	1792	882	1648	0	542	0	6846	0	458	0	4718	668	3730	0	1938	0	530	0	458	0	0	0	9550	0	0	0	0	0	0	0	0	0	0	0	0	0	0	0	0	0	0	0	0	0	0	0	0	0	0	0	
288824	Hippocampus_R	0	5374	0	2062	0	0	0	1080	0	0	0	548	0	0	0	0	0	3150	0	1610	0	0	0	272	0	0	0	0	0	6860	0	240	0	156	2466	6148	2394	0	864	27386	0	6066	0	534	0	0	358	3606	0	0	0	106	0	974	218	24786	0	2648	0	0	0	1448	0	4510	0	1396	0	4408	0	450	0	396	0	13022	0	822	622	5978	0	1304	0	2930	0	200	0	1580	0	0	0	4346	0	0	0	0	0	0	0	722	0	0	0	0	0	0	0	0	0	0	0	0	372	0	0	0	0	0	
55820	ParaHippocampal_L	118	0	0	0	0	0	0	0	0	0	0	0	0	0	0	0	0	0	0	0	226	0	0	0	0	0	0	0	1012	0	0	0	0	0	1026	594	7506	864	0	384	1196	0	446	0	0	0	3602	130	0	0	330	0	122	0	4968	166	0	0	0	0	0	0	0	0	0	0	1318	676	0	0	0	0	0	0	0	0	740	114	0	0	0	0	0	0	0	0	0	0	398	0	530	0	0	0	0	0	756	0	688	0	0	0	0	0	0	0	0	0	0	0	0	0	0	0	0	0	
174124	ParaHippocampal_R	0	658	0	652	0	0	0	354	0	0	0	210	0	0	0	0	0	412	0	548	0	0	0	0	0	0	0	0	0	1878	0	0	0	0	1080	2194	802	27386	384	0	0	4148	0	814	0	0	208	5286	0	0	0	0	0	374	108	18016	0	342	0	0	0	256	0	1680	0	516	0	3244	0	0	0	144	0	6482	0	558	0	2236	0	254	0	812	0	620	0	624	0	400	0	1828	0	0	0	0	0	0	0	1094	0	178	0	0	0	0	0	0	0	0	0	0	282	0	0	0	0	0	
21688	Amygdala_L	0	0	0	0	0	0	0	0	0	0	0	0	0	0	140	0	0	0	0	0	680	0	0	0	0	0	0	0	1058	0	0	0	0	0	0	0	4350	0	1196	0	0	0	0	0	0	0	0	0	0	0	0	0	0	0	2042	0	0	0	0	0	0	0	0	0	0	0	0	0	0	0	0	0	210	0	0	0	0	0	0	0	0	0	318	0	0	0	0	0	850	0	0	0	0	0	0	0	0	0	0	0	0	0	0	0	0	0	0	0	0	0	0	0	0	0	0	0	
34664	Amygdala_R	0	0	0	0	0	0	0	0	0	0	0	0	0	0	0	0	0	0	0	0	0	516	0	0	0	0	0	110	0	732	0	0	0	0	0	0	0	6066	0	4148	0	0	0	0	0	0	0	0	0	0	0	0	0	0	0	4556	0	0	0	0	0	0	0	0	0	0	0	0	0	0	0	0	0	292	0	0	0	0	0	0	0	0	0	708	0	0	0	204	0	0	0	0	0	0	0	0	0	0	0	0	0	0	0	0	0	0	0	0	0	0	0	0	0	0	0	0	
206268	Calcarine_L	212	0	0	0	0	0	0	0	0	0	0	0	0	0	0	0	0	0	0	0	0	0	0	0	0	0	0	0	238	0	0	0	1192	0	808	0	966	0	446	0	0	0	0	4934	18816	3286	12116	1442	6984	502	23046	0	4148	0	3230	0	554	0	254	0	210	0	0	0	554	0	13666	846	0	0	0	0	0	0	0	0	0	0	302	0	196	0	0	0	3202	0	0	0	340	0	0	0	0	0	0	0	246	0	188	0	0	0	0	0	0	0	0	0	0	0	210	0	0	0	0	0	
235976	Calcarine_R	0	412	0	0	0	0	0	0	0	0	0	0	0	0	0	0	0	334	0	312	0	0	0	0	0	0	0	0	0	286	0	0	0	662	410	1468	0	534	0	814	0	0	4934	0	2966	19630	3130	12830	0	13300	0	10764	0	4392	0	3520	0	4100	0	702	0	252	0	0	0	0	1582	20584	0	2188	0	0	0	0	0	0	0	122	0	226	0	226	0	0	0	4546	0	0	0	1674	0	0	0	0	0	0	0	0	0	0	0	0	0	0	0	0	0	0	0	0	816	272	0	0	0	0	
165600	Cuneus_L	150	0	0	0	0	0	0	0	0	0	0	0	0	0	0	0	0	0	0	0	0	0	0	0	0	0	0	0	0	0	0	0	1344	0	1428	260	170	0	0	0	0	0	18816	2966	0	5118	3038	0	16488	612	12462	0	1772	0	762	0	250	0	1938	0	112	0	0	0	110	0	12898	1908	0	0	0	0	0	0	0	0	0	0	0	0	0	0	0	0	198	0	0	0	0	0	0	0	0	0	0	0	0	0	0	0	0	0	0	0	0	0	0	0	0	0	0	0	0	0	0	0	
276664	Cuneus_R	0	388	0	0	0	0	0	0	0	0	0	0	0	0	0	0	0	306	0	164	0	0	0	0	0	0	0	0	0	304	0	0	0	498	338	708	0	0	0	0	0	0	3286	19630	5118	0	264	866	538	32936	152	7472	0	174	0	382	0	8468	354	5582	0	286	0	118	0	272	5148	28234	0	6234	0	0	0	0	0	0	0	0	0	272	0	1404	0	0	0	5580	0	0	0	2708	0	0	0	0	0	0	0	0	0	0	0	0	0	0	0	0	0	0	0	0	148	0	0	0	0	0	
249476	Lingual_L	0	0	0	0	0	0	0	0	0	0	0	0	0	0	0	0	0	0	0	0	0	0	0	0	0	0	0	0	158	0	0	0	490	0	1296	338	3176	358	3602	208	0	0	12116	3130	3038	264	0	3170	1420	334	8712	308	4388	234	19454	290	0	0	0	0	0	0	0	0	0	0	5534	436	0	0	0	0	0	0	0	0	0	0	294	0	194	0	0	0	298	0	0	0	164	0	10012	430	1362	1240	534	0	11506	0	14754	208	848	464	1610	1090	186	242	0	0	0	0	2388	2302	1550	414	194	0	
233728	Lingual_R	214	456	0	182	0	0	0	0	0	0	0	0	0	0	0	0	0	0	0	248	0	0	0	0	0	0	0	0	0	120	0	0	0	422	0	1420	0	3606	130	5286	0	0	1442	12830	0	866	3170	0	0	3398	0	3906	0	5708	0	17966	0	1092	0	0	0	0	0	0	0	0	0	7132	0	676	0	0	0	680	0	0	0	662	0	0	0	0	0	0	0	1272	0	0	0	2022	396	7718	0	384	0	0	224	7230	1068	10200	0	0	0	112	0	294	0	0	0	0	6522	7090	320	0	0	400	
147600	Occipital_Sup_L	0	0	0	0	0	0	0	0	0	0	0	0	0	0	0	0	0	0	0	0	0	0	0	0	0	0	0	0	0	0	0	0	694	0	418	0	0	0	0	0	0	0	6984	0	16488	538	1420	0	0	156	23670	116	660	0	320	0	0	0	6386	0	1208	0	0	0	158	0	12882	1562	0	0	0	0	0	0	0	0	0	0	0	0	0	0	0	0	0	0	0	0	140	0	0	0	0	0	0	0	0	0	0	0	0	0	0	0	0	0	0	0	0	0	0	0	0	0	0	0	
267528	Occipital_Sup_R	0	374	0	0	0	0	0	0	0	0	0	0	0	0	0	0	0	400	0	202	0	0	0	0	0	0	0	0	0	374	0	0	0	1150	140	366	0	0	0	0	0	0	502	13300	612	32936	334	3398	156	0	0	15550	0	308	0	590	0	7274	0	8106	0	1170	0	122	0	4524	1698	22820	0	6118	0	0	0	0	0	0	0	0	0	286	0	850	0	0	0	6948	0	0	0	2916	0	0	0	0	0	0	0	0	0	0	0	0	0	0	0	0	0	0	0	0	0	240	0	0	0	0	
430892	Occipital_Mid_L	1266	0	596	0	0	0	0	0	0	0	0	0	0	0	0	0	464	0	596	0	0	0	0	0	0	0	0	0	1590	0	0	0	6274	0	1238	0	442	0	330	0	0	0	23046	0	12462	152	8712	0	23670	0	0	0	15364	0	6928	0	3208	0	14668	0	17046	0	2200	0	24854	0	14526	402	562	0	0	0	0	0	0	0	0	0	414	0	1080	0	0	0	25740	0	0	0	7616	0	0	0	0	0	0	0	0	0	0	0	0	0	0	0	0	0	0	0	0	0	0	0	0	0	0	0	
187476	Occipital_Mid_R	0	114	0	0	0	0	0	0	0	0	0	0	0	0	0	0	0	548	0	0	0	0	0	0	0	0	0	0	0	490	0	0	0	460	0	288	0	106	0	0	0	0	0	10764	0	7472	308	3906	116	15550	0	0	0	2870	0	672	0	1368	0	1016	0	1912	0	128	0	14748	560	6386	0	1452	0	126	0	0	0	0	0	0	0	336	0	1034	0	0	0	19102	0	0	0	1748	0	0	0	0	0	0	0	0	0	0	0	0	0	0	0	0	0	0	0	0	0	158	0	0	0	0	
103588	Occipital_Inf_L	0	0	0	0	0	0	0	0	0	0	0	0	0	0	0	0	0	0	0	0	0	0	0	0	0	0	0	0	0	0	0	0	0	0	0	0	494	0	122	0	0	0	4148	0	1772	0	4388	0	660	0	15364	0	0	0	10474	0	186	0	688	0	488	0	294	0	544	0	606	0	0	0	0	0	0	0	0	0	0	0	118	0	966	0	0	0	3668	0	0	0	6814	0	0	0	0	0	0	0	0	0	0	0	0	0	0	0	0	0	0	0	0	0	0	0	0	0	0	0	
64772	Occipital_Inf_R	0	0	0	0	0	0	0	0	0	0	0	0	0	0	0	0	0	366	0	0	0	0	0	0	0	0	0	0	0	372	0	0	0	0	0	0	0	974	0	374	0	0	0	4392	0	174	234	5708	0	308	0	2870	0	0	0	9040	0	0	0	0	0	0	0	0	0	0	0	558	0	0	0	0	0	0	0	0	0	0	0	326	0	286	0	0	0	1002	0	0	0	5112	0	0	0	0	0	0	0	0	0	124	0	0	0	0	0	0	0	0	0	0	0	166	0	0	0	0	
368232	Fusiform_L	482	0	236	0	0	0	0	0	0	0	0	0	0	0	0	0	240	0	256	0	174	0	0	0	0	0	0	0	4116	0	0	0	162	0	1196	270	14800	218	4968	108	2042	0	3230	0	762	0	19454	0	320	0	6928	0	10474	0	0	0	966	0	772	0	684	0	602	0	626	0	2604	218	0	0	0	0	394	0	0	0	190	0	2406	0	4060	0	1308	0	5288	0	1494	0	20938	0	23626	0	2678	0	0	0	12544	0	29602	0	624	0	1126	0	0	0	0	0	0	0	930	0	0	0	0	0	
349416	Fusiform_R	0	328	0	306	0	0	0	0	0	0	0	0	0	0	0	0	0	580	0	274	0	0	0	0	0	0	0	0	0	1228	0	0	0	0	466	1316	374	24786	166	18016	0	4556	0	3520	0	382	290	17966	0	590	0	672	0	9040	0	0	0	742	0	0	0	384	0	896	0	362	0	3456	0	260	0	188	0	3994	0	396	0	1258	0	892	0	1428	0	3096	0	3308	0	876	0	14510	0	14954	0	1064	0	812	0	9838	202	18550	0	0	0	440	0	294	0	0	0	0	4002	3228	128	0	0	294	
256984	Postcentral_L	26354	0	9884	0	0	0	242	0	0	0	1698	0	0	0	0	0	10400	0	10002	190	0	0	0	0	0	0	0	0	4596	0	0	0	4232	0	4260	0	3398	0	0	0	0	0	554	0	250	0	0	0	0	0	3208	0	186	0	966	0	0	0	5536	0	15018	0	6156	0	776	0	3396	0	3954	0	132	0	3282	0	944	0	446	0	1900	0	3164	0	108	0	1806	0	0	0	1454	0	0	0	0	0	0	0	0	0	0	0	0	0	0	0	0	0	0	0	0	0	0	0	0	0	0	0	
262192	Postcentral_R	248	16516	0	1474	0	0	0	606	0	0	0	1652	0	0	0	0	0	3456	0	1892	0	0	0	0	0	0	0	0	0	676	0	122	0	1064	268	2446	0	2648	0	342	0	0	0	4100	0	8468	0	1092	0	7274	0	1368	0	0	0	742	0	0	0	8558	0	8200	0	12348	0	1248	206	20250	156	11266	0	820	0	1288	0	412	0	758	0	380	0	2238	0	0	0	4244	0	0	0	1594	0	0	0	0	0	0	0	0	0	0	0	0	0	0	0	0	0	0	0	0	676	0	0	0	0	0	
168864	Parietal_Sup_L	366	0	254	0	0	0	0	0	0	0	0	0	0	0	0	0	186	0	254	0	0	0	0	0	0	0	0	0	172	0	0	0	4524	0	3788	0	0	0	0	0	0	0	254	0	1938	354	0	0	6386	0	14668	0	688	0	772	0	5536	0	0	0	18558	0	268	0	6494	0	11432	1040	272	0	0	0	0	0	0	0	0	0	0	0	308	0	0	0	1346	0	0	0	4574	0	0	0	0	0	0	0	0	0	0	0	0	0	0	0	0	0	0	0	0	0	0	0	0	0	0	0	
123292	Parietal_Sup_R	0	126	0	0	0	0	0	0	0	0	0	0	0	0	0	0	0	0	0	0	0	0	0	0	0	0	0	0	0	0	0	0	0	0	0	0	0	0	0	0	0	0	0	702	0	5582	0	0	0	8106	0	1016	0	0	0	0	0	8558	0	0	0	9022	0	2216	0	3610	1748	12100	0	344	0	0	0	0	0	0	0	0	0	228	0	2822	0	0	0	5140	0	0	0	326	0	0	0	0	0	0	0	0	0	0	0	0	0	0	0	0	0	0	0	0	0	0	0	0	0	0	
196264	Parietal_Inf_L	2350	0	616	0	0	0	0	0	0	0	0	0	0	0	0	0	414	0	696	0	0	0	0	0	0	0	0	0	262	0	0	0	5526	0	3646	0	192	0	0	0	0	0	210	0	112	0	0	0	1208	0	17046	0	488	0	684	0	15018	0	18558	0	0	0	8086	0	15812	0	1386	0	676	0	0	0	206	0	0	0	0	0	0	0	248	0	0	0	1734	0	0	0	2958	0	0	0	0	0	0	0	0	0	0	0	0	0	0	0	0	0	0	0	0	0	0	0	0	0	0	0	
113260	Parietal_Inf_R	0	388	0	0	0	0	0	0	0	0	0	0	0	0	0	0	0	232	0	0	0	0	0	0	0	0	0	0	0	654	0	0	0	0	0	0	0	1448	0	256	0	0	0	252	0	286	0	0	0	1170	0	1912	0	0	0	384	0	8200	0	9022	0	0	0	12006	0	13308	0	866	0	0	0	0	0	180	0	406	0	0	0	666	0	1460	0	0	0	3374	0	0	0	160	0	0	0	0	0	0	0	0	0	0	0	0	0	0	0	0	0	0	0	0	0	0	0	0	0	0	
80400	SupraMarginal_L	280	0	278	0	0	0	0	0	0	0	0	0	0	0	0	0	3310	0	278	0	0	0	0	0	0	0	0	0	336	0	0	0	1644	0	182	0	174	0	0	0	0	0	0	0	0	0	0	0	0	0	2200	0	294	0	602	0	6156	0	268	0	8086	0	0	0	3486	0	150	0	0	0	0	0	0	0	0	0	0	0	218	0	5108	0	0	0	3032	0	0	0	4118	0	0	0	0	0	0	0	0	0	0	0	0	0	0	0	0	0	0	0	0	0	0	0	0	0	0	0	
103648	SupraMarginal_R	0	660	0	0	0	0	0	0	0	0	0	0	0	0	0	0	0	3516	0	0	0	0	0	0	0	0	0	0	0	318	0	0	0	0	0	0	0	4510	0	1680	0	0	0	0	0	118	0	0	0	122	0	128	0	0	0	896	0	12348	0	2216	0	12006	0	0	0	6716	0	272	0	0	0	0	0	0	0	0	0	0	0	346	0	4600	0	0	0	1372	0	0	0	0	0	0	0	0	0	0	0	0	0	0	0	0	0	0	0	0	0	0	0	0	0	0	0	0	0	0	
142532	Angular_L	120	0	164	0	0	0	0	0	0	0	0	0	0	0	0	0	296	0	164	0	0	0	0	0	0	0	0	0	194	0	0	0	1166	0	364	0	110	0	0	0	0	0	554	0	110	0	0	0	158	0	24854	0	544	0	626	0	776	0	6494	0	15812	0	3486	0	0	0	874	0	350	0	0	0	0	0	0	0	0	0	0	0	450	0	0	0	9120	0	0	0	4480	0	0	0	0	0	0	0	0	0	0	0	0	0	0	0	0	0	0	0	0	0	0	0	0	0	0	0	
122612	Angular_R	0	0	0	0	0	0	0	0	0	0	0	0	0	0	0	0	0	198	0	0	0	0	0	0	0	0	0	0	0	466	0	0	0	0	0	0	0	1396	0	516	0	0	0	0	0	272	0	0	0	4524	0	14748	0	0	0	362	0	1248	0	3610	0	13308	0	6716	0	0	0	562	0	0	0	0	0	0	0	148	0	0	0	356	0	4294	0	0	0	8582	0	0	0	0	0	0	0	0	0	0	0	0	0	0	0	0	0	0	0	0	0	0	0	0	0	0	0	0	0	0	
274684	Precuneus_L	728	0	0	0	0	0	0	0	0	0	0	0	0	0	0	0	0	0	0	0	0	0	0	0	0	0	0	0	136	0	0	0	7466	778	9648	1422	1792	0	1318	0	0	0	13666	1582	12898	5148	5534	0	12882	1698	14526	560	606	0	2604	0	3396	206	11432	1748	1386	0	150	0	874	0	0	13228	3152	1210	0	0	0	0	0	0	0	0	212	0	332	0	0	0	1698	168	0	0	3054	0	0	0	0	0	0	0	0	0	0	0	0	0	0	0	0	0	0	0	0	0	104	0	0	0	0	0	
433444	Precuneus_R	736	1836	0	190	0	0	0	0	0	0	0	0	0	0	0	0	0	374	0	1566	0	0	0	0	0	0	0	0	0	340	0	0	1044	7568	4240	11400	882	4408	676	3244	0	0	846	20584	1908	28234	436	7132	1562	22820	402	6386	0	558	218	3456	0	20250	1040	12100	0	866	0	272	0	562	13228	0	352	16620	0	198	0	252	0	0	0	226	0	266	0	1466	0	0	0	8726	0	0	0	3634	0	0	0	0	0	0	0	136	0	0	0	0	0	0	0	0	0	0	0	0	3482	0	0	0	0	0	
262808	Paracentral_Lobule_L	23514	7092	2018	750	0	0	316	210	0	0	0	0	0	0	0	0	0	0	25138	17330	0	0	0	0	0	0	0	0	326	0	0	122	5224	10728	3928	1358	1648	0	0	0	0	0	0	0	0	0	0	0	0	0	562	0	0	0	0	0	3954	156	272	0	676	0	0	0	350	0	3152	352	0	6354	1912	0	208	0	2378	0	11172	0	0	0	0	0	0	0	204	0	0	0	0	0	0	0	0	0	0	0	0	0	0	0	0	0	0	0	0	0	0	0	0	0	0	0	0	0	0	0	
203724	Paracentral_Lobule_R	1370	9234	0	156	0	0	0	0	0	0	0	0	0	0	0	0	0	0	656	13738	0	0	0	0	0	0	0	0	0	0	0	0	1460	12078	1436	5836	0	450	0	0	0	0	0	2188	0	6234	0	676	0	6118	0	1452	0	0	0	260	0	11266	0	344	0	0	0	0	0	0	1210	16620	6354	0	0	0	0	0	0	0	0	0	0	0	0	132	0	0	0	1556	0	0	0	688	0	0	0	0	0	0	0	0	0	0	0	0	0	0	0	0	0	0	0	0	350	0	0	0	0	0	
257300	Caudate_L	3030	850	8578	4634	952	0	1830	2674	484	0	3030	4042	1230	2842	462	0	598	338	11316	5512	5992	6408	124	558	0	602	3280	1556	6012	1084	7484	3786	0	1716	0	0	542	0	0	0	0	0	0	0	0	0	0	0	0	0	0	0	0	0	0	0	132	0	0	0	0	0	0	0	0	0	0	0	1912	0	0	6874	17710	2136	2610	240	4728	170	0	0	448	0	144	0	0	0	0	0	0	0	0	0	0	0	0	0	0	0	0	0	0	0	0	0	0	0	0	0	0	0	0	0	0	0	0	0	
281048	Caudate_R	2270	6648	132	13678	340	1590	0	2988	114	248	0	1878	0	622	104	494	0	750	410	6830	3512	4970	382	9132	0	3962	1426	2442	0	2324	3604	20536	0	1180	0	0	0	396	0	144	0	0	0	0	0	0	0	0	0	0	0	126	0	0	0	188	0	820	0	0	0	0	0	0	0	0	0	198	0	0	6874	0	3498	18906	0	2692	164	13952	0	0	0	0	0	0	0	0	0	0	0	0	0	0	0	0	0	0	0	0	0	0	0	0	0	0	0	0	0	0	0	0	0	0	0	0	0	0	
339284	Putamen_L	4312	120	26024	1202	7658	0	2032	396	4272	0	1346	824	2196	682	7492	0	784	0	18592	2252	3222	3582	1460	174	528	178	2784	392	20868	260	8520	1620	0	0	0	0	6846	0	0	0	210	0	0	0	0	0	0	0	0	0	0	0	0	0	394	0	3282	0	0	0	206	0	0	0	0	0	0	0	208	0	17710	3498	0	1326	7154	170	1784	0	720	0	486	0	1060	0	0	0	0	0	816	0	0	0	0	0	0	0	0	0	0	0	0	0	0	0	0	0	0	0	0	0	0	0	0	0	0	0	
293368	Putamen_R	150	3220	0	14562	150	4302	0	2536	0	1630	0	2290	0	0	0	2624	0	3256	206	7836	1612	1774	0	8992	0	4836	634	2526	0	13470	1632	12392	0	338	0	450	0	13022	0	6482	0	292	0	0	0	0	0	680	0	0	0	0	0	0	0	3994	0	1288	0	0	0	180	0	0	0	0	0	252	0	0	2136	18906	1326	0	0	3360	0	2034	0	112	0	196	0	0	0	178	0	0	0	828	0	0	0	0	0	0	0	0	0	0	0	0	0	0	0	0	0	0	0	0	0	0	0	0	0	0	
72748	Pallidum_L	4286	0	5622	0	0	0	712	0	0	0	0	0	0	0	0	0	258	0	7606	1130	0	0	0	0	0	0	0	0	276	0	0	0	0	0	0	0	458	0	0	0	0	0	0	0	0	0	0	0	0	0	0	0	0	0	0	0	944	0	0	0	0	0	0	0	0	0	0	0	2378	0	2610	0	7154	0	0	0	2748	0	0	0	192	0	0	0	0	0	0	0	0	0	0	0	0	0	0	0	0	0	0	0	0	0	0	0	0	0	0	0	0	0	0	0	0	0	0	0	
27040	Pallidum_R	192	140	0	2042	0	0	0	0	0	0	0	0	0	0	0	0	0	480	0	782	142	188	0	0	0	0	0	0	0	350	0	0	0	0	0	0	0	822	0	558	0	0	0	0	0	0	0	0	0	0	0	0	0	0	0	396	0	412	0	0	0	406	0	0	0	148	0	0	0	0	240	2692	170	3360	0	0	0	0	0	0	0	0	0	0	0	0	0	0	0	0	0	0	0	0	0	0	0	0	0	0	0	0	0	0	0	0	0	0	0	0	0	0	0	0	0	0	
123168	Thalamus_L	16452	676	1412	0	0	0	486	0	0	0	0	0	0	0	0	0	276	0	11356	0	0	0	0	0	0	0	0	0	1360	0	0	0	0	0	0	0	4718	622	740	0	0	0	0	0	0	0	0	0	0	0	0	0	0	0	190	0	446	0	0	0	0	0	0	0	0	0	0	0	11172	0	4728	164	1784	0	2748	0	0	1702	224	0	0	0	0	0	0	0	0	0	328	0	0	0	0	0	0	0	0	0	0	0	0	0	0	0	0	0	0	0	0	0	0	0	0	0	0	0	
110212	Thalamus_R	2010	11678	0	4350	0	0	0	3046	0	0	0	0	0	0	0	0	0	280	0	694	0	0	0	182	0	0	0	0	106	328	0	436	0	0	152	1450	668	5978	114	2236	0	0	0	122	0	0	0	662	0	0	0	0	0	0	0	1258	0	758	0	0	0	0	0	0	0	0	0	226	0	0	170	13952	0	2034	0	0	1702	0	0	0	0	0	0	0	0	0	0	0	0	296	0	0	0	0	0	0	0	218	0	0	0	0	0	0	0	0	0	0	0	0	0	0	0	0	0	0	
89376	Heschl_L	3320	0	2390	154	0	0	210	0	0	0	1808	0	360	0	0	0	5222	0	2296	226	0	0	0	0	0	0	0	0	7658	0	0	0	0	0	0	0	3730	0	0	0	0	0	302	0	0	0	294	0	0	0	414	0	118	0	2406	0	1900	0	0	0	0	0	218	0	0	0	212	0	0	0	0	0	720	0	0	0	224	0	0	0	4810	0	0	0	3102	0	0	0	2594	0	0	0	0	0	0	0	0	0	0	0	0	0	0	0	0	0	0	0	0	0	0	0	0	0	0	0	
39812	Heschl_R	0	0	0	0	0	0	0	0	0	0	0	0	0	0	0	0	0	3100	0	0	0	0	0	0	0	0	0	0	0	3910	0	0	0	0	0	0	0	1304	0	254	0	0	0	226	0	272	0	0	0	286	0	336	0	326	0	892	0	380	0	228	0	666	0	346	0	356	0	266	0	0	0	0	0	112	0	0	0	0	0	0	0	4924	0	0	0	1222	0	0	0	500	0	0	0	0	0	0	0	0	0	0	0	0	0	0	0	0	0	0	0	0	0	0	0	0	0	0	
202344	Temporal_Sup_L	2990	0	3414	272	0	0	698	0	0	0	4082	138	280	0	214	0	12766	0	2416	288	0	0	208	0	0	0	0	0	6664	0	206	0	284	0	130	0	1938	0	0	0	0	0	196	0	0	0	194	0	0	0	1080	0	966	0	4060	0	3164	0	308	0	248	0	5108	0	450	0	332	0	0	0	448	0	486	0	192	0	0	0	4810	0	0	0	5210	0	22030	0	0	0	14902	0	0	0	0	0	0	0	0	0	0	0	0	0	0	0	0	0	0	0	0	0	0	0	0	0	0	0	
122572	Temporal_Sup_R	0	0	0	0	0	0	0	0	0	0	0	0	0	0	0	562	0	4240	0	0	0	0	0	0	0	0	0	0	0	5708	0	0	0	0	0	0	0	2930	0	812	0	0	0	226	0	1404	0	0	0	850	0	1034	0	286	0	1428	0	2238	0	2822	0	1460	0	4600	0	4294	0	1466	0	132	0	0	0	196	0	0	0	0	0	4924	0	0	0	1974	0	15520	0	192	0	1988	0	0	0	0	0	0	0	0	0	0	0	0	0	0	0	0	0	0	0	0	0	0	0	0	0	0	
87252	Temporal_Pole_Sup_L	338	0	1676	0	184	0	448	0	486	0	3722	0	718	0	2008	0	3360	0	326	0	210	0	404	0	0	0	0	0	5730	0	374	0	0	0	0	0	530	0	0	0	318	0	0	0	0	0	0	0	0	0	0	0	0	0	1308	0	108	0	0	0	0	0	0	0	0	0	0	0	0	0	144	0	1060	0	0	0	0	0	0	0	5210	0	0	0	6376	0	4202	0	4386	0	0	0	0	0	0	0	0	0	0	0	0	0	0	0	0	0	0	0	0	0	0	0	0	0	0	0	
38656	Temporal_Pole_Sup_R	0	0	0	368	0	0	0	0	0	0	0	318	0	0	0	1220	0	592	0	322	0	0	0	0	0	0	0	0	0	1450	0	0	0	0	0	0	0	200	0	620	0	708	0	0	0	0	0	0	0	0	0	0	0	0	0	3096	0	0	0	0	0	0	0	0	0	0	0	0	0	0	0	0	0	0	0	0	0	0	0	0	0	1974	0	0	0	3334	0	2566	0	2560	0	0	0	0	0	0	0	0	0	0	0	0	0	0	0	0	0	0	0	0	0	0	0	0	0	0	
268776	Temporal_Mid_L	818	0	408	0	0	0	118	0	0	0	608	0	0	0	0	0	2342	0	342	0	0	0	0	0	0	0	0	0	1656	0	0	0	256	0	210	0	458	0	0	0	0	0	3202	0	198	0	298	0	0	0	25740	0	3668	0	5288	0	1806	0	1346	0	1734	0	3032	0	9120	0	1698	0	204	0	0	0	0	0	0	0	0	0	3102	0	22030	0	6376	0	0	0	4304	0	34026	0	0	0	0	0	0	0	0	0	0	0	0	0	0	0	0	0	0	0	0	0	0	0	0	0	0	0	
250340	Temporal_Mid_R	0	0	0	0	0	0	0	0	0	0	0	0	0	0	0	218	0	174	0	134	0	0	0	0	0	0	0	0	0	1812	0	0	188	1472	0	0	0	1580	0	624	0	0	0	4546	0	5580	0	1272	0	6948	0	19102	0	1002	0	3308	0	4244	0	5140	0	3374	0	1372	0	8582	168	8726	0	1556	0	0	0	178	0	0	0	0	0	1222	0	15520	0	3334	0	0	0	828	0	22966	0	0	0	0	0	0	0	0	0	0	0	0	0	0	0	0	0	0	0	0	0	0	0	0	0	0	
28996	Temporal_Pole_Mid_L	0	0	0	0	0	0	0	0	0	0	0	0	0	0	0	0	0	0	0	0	0	0	0	0	0	0	0	0	0	0	0	0	0	0	0	0	0	0	0	0	0	0	0	0	0	0	0	0	0	0	0	0	0	0	1494	0	0	0	0	0	0	0	0	0	0	0	0	0	0	0	0	0	0	0	0	0	0	0	0	0	0	0	4202	0	4304	0	0	0	4498	0	0	0	0	0	0	0	0	0	0	0	0	0	0	0	0	0	0	0	0	0	0	0	0	0	0	0	
12044	Temporal_Pole_Mid_R	0	0	0	0	0	0	0	0	0	0	0	0	0	0	0	104	0	0	0	0	0	0	0	0	0	0	0	0	0	0	0	0	0	0	0	0	0	0	0	400	0	204	0	0	0	0	0	0	0	0	0	0	0	0	0	876	0	0	0	0	0	0	0	0	0	0	0	0	0	0	0	0	0	0	0	0	0	0	0	0	0	192	0	2566	0	828	0	0	0	852	0	0	0	0	0	0	0	0	0	0	0	0	0	0	0	0	0	0	0	0	0	0	0	0	0	0	
288988	Temporal_Inf_L	290	0	406	0	0	0	0	0	0	0	0	0	0	0	0	0	1108	0	432	0	0	0	0	0	0	0	0	0	3642	0	0	0	1080	0	422	0	9550	0	398	0	850	0	340	0	0	0	164	0	140	0	7616	0	6814	0	20938	0	1454	0	4574	0	2958	0	4118	0	4480	0	3054	0	0	0	0	0	816	0	0	0	328	0	2594	0	14902	0	4386	0	34026	0	4498	0	0	0	4570	0	1952	0	0	0	282	0	1048	0	112	0	152	0	0	0	0	0	0	0	0	0	0	0	0	0	
150076	Temporal_Inf_R	0	0	0	0	0	0	0	0	0	0	0	0	0	0	0	146	0	190	0	0	0	0	0	0	0	0	0	0	0	368	0	0	0	0	0	0	0	4346	0	1828	0	0	0	1674	0	2708	0	2022	0	2916	0	1748	0	5112	0	14510	0	1594	0	326	0	160	0	0	0	0	0	3634	0	688	0	0	0	828	0	0	0	296	0	500	0	1988	0	2560	0	22966	0	852	0	0	0	810	0	122	0	0	0	0	0	146	0	0	0	0	0	0	0	0	0	0	0	0	0	0	0	0	
399292	Cerebelum_Crus1_L	0	0	0	0	0	0	0	0	0	0	0	0	0	0	0	0	0	0	0	0	0	0	0	0	0	0	0	0	0	0	0	0	0	0	0	0	0	0	530	0	0	0	0	0	0	0	10012	396	0	0	0	0	0	0	23626	0	0	0	0	0	0	0	0	0	0	0	0	0	0	0	0	0	0	0	0	0	0	0	0	0	0	0	0	0	0	0	0	0	4570	0	0	652	36900	6794	164	0	14348	0	50118	320	12880	3556	16880	2896	1916	642	132	0	0	0	1000	2570	7264	1038	292	150	
340084	Cerebelum_Crus1_R	0	0	0	0	0	0	0	0	0	0	0	0	0	0	0	0	0	0	0	0	0	0	0	0	0	0	0	0	0	0	0	0	0	0	0	0	0	0	0	0	0	0	0	0	0	0	430	7718	0	0	0	0	0	0	0	14954	0	0	0	0	0	0	0	0	0	0	0	0	0	0	0	0	0	0	0	0	0	0	0	0	0	0	0	0	0	0	0	0	0	810	652	0	298	29546	0	796	0	14924	1372	49984	140	4422	168	12914	0	3160	0	306	164	250	7574	12064	5732	414	614	636	
245556	Cerebelum_Crus2_L	0	0	0	0	0	0	0	0	0	0	0	0	0	0	0	0	0	0	0	0	0	0	0	0	0	0	0	0	0	0	0	0	0	0	0	0	0	0	0	0	0	0	0	0	0	0	1362	0	0	0	0	0	0	0	2678	0	0	0	0	0	0	0	0	0	0	0	0	0	0	0	0	0	0	0	0	0	0	0	0	0	0	0	0	0	0	0	0	0	1952	0	36900	298	0	7366	0	0	2678	0	8924	114	24090	3676	21642	1846	604	262	0	0	0	0	354	838	5544	1526	124	0	
288652	Cerebelum_Crus2_R	0	0	0	0	0	0	0	0	0	0	0	0	0	0	0	0	0	0	0	0	0	0	0	0	0	0	0	0	0	0	0	0	0	0	0	0	0	0	0	0	0	0	0	0	0	0	1240	384	0	0	0	0	0	0	0	1064	0	0	0	0	0	0	0	0	0	0	0	0	0	0	0	0	0	0	0	0	0	0	0	0	0	0	0	0	0	0	0	0	0	122	6794	29546	7366	0	0	290	0	2016	5508	12954	4122	14560	3168	22448	532	3894	0	486	0	112	1446	8148	15104	2094	682	246	
12724	Cerebelum_3_L	0	0	0	0	0	0	0	0	0	0	0	0	0	0	0	0	0	0	0	0	0	0	0	0	0	0	0	0	0	0	0	0	0	0	0	0	0	0	0	0	0	0	0	0	0	0	534	0	0	0	0	0	0	0	0	0	0	0	0	0	0	0	0	0	0	0	0	0	0	0	0	0	0	0	0	0	0	0	0	0	0	0	0	0	0	0	0	0	0	0	164	0	0	0	0	0	3584	0	592	0	0	0	0	0	260	0	0	0	362	538	328	0	0	0	0	0	
41664	Cerebelum_3_R	0	0	0	0	0	0	0	0	0	0	0	0	0	0	0	0	0	0	0	0	0	0	0	0	0	0	0	0	0	0	0	0	0	0	0	0	0	0	0	0	0	0	0	0	0	0	0	0	0	0	0	0	0	0	0	812	0	0	0	0	0	0	0	0	0	0	0	0	0	0	0	0	0	0	0	0	0	0	0	0	0	0	0	0	0	0	0	0	0	0	0	796	0	290	0	0	0	4966	454	4260	0	0	292	258	170	1294	0	0	412	1552	1766	1114	868	524	1004	0	
182324	Cerebelum_4_5_L	0	0	0	0	0	0	0	0	0	0	0	0	0	0	0	0	0	0	0	0	0	0	0	0	0	0	0	0	0	0	0	0	0	0	0	0	0	0	756	0	0	0	246	0	0	0	11506	224	0	0	0	0	0	0	12544	0	0	0	0	0	0	0	0	0	0	0	0	0	0	0	0	0	0	0	0	0	0	0	0	0	0	0	0	0	0	0	0	0	282	0	14348	0	2678	0	3584	0	0	324	27668	234	1718	0	3108	0	3910	108	200	0	154	194	4594	1348	0	0	120	1314	
182828	Cerebelum_4_5_R	0	0	0	0	0	0	0	0	0	0	0	0	0	0	0	0	0	0	0	0	0	0	0	0	0	0	0	0	0	0	0	0	0	0	0	0	0	722	0	1094	0	0	0	0	0	0	0	7230	0	0	0	0	0	0	0	9838	0	0	0	0	0	0	0	0	0	0	0	136	0	0	0	0	0	0	0	0	0	218	0	0	0	0	0	0	0	0	0	0	0	0	0	14924	0	2016	0	4966	324	0	614	26746	0	240	218	994	224	1766	0	0	0	744	11222	3666	1136	644	1222	510	
420464	Cerebelum_6_L	0	0	0	0	0	0	0	0	0	0	0	0	0	0	0	0	0	0	0	0	0	0	0	0	0	0	0	0	0	0	0	0	0	0	0	0	0	0	688	0	0	0	188	0	0	0	14754	1068	0	0	0	0	0	0	29602	202	0	0	0	0	0	0	0	0	0	0	0	0	0	0	0	0	0	0	0	0	0	0	0	0	0	0	0	0	0	0	0	0	1048	0	50118	1372	8924	5508	592	454	27668	614	0	1038	6370	1452	13204	5968	5172	3840	258	154	0	330	3316	10862	8872	3522	2250	824	
351120	Cerebelum_6_R	0	0	0	0	0	0	0	0	0	0	0	0	0	0	0	0	0	0	0	0	0	0	0	0	0	0	0	0	0	0	0	0	0	0	0	0	0	0	0	178	0	0	0	0	0	0	208	10200	0	0	0	0	0	124	0	18550	0	0	0	0	0	0	0	0	0	0	0	0	0	0	0	0	0	0	0	0	0	0	0	0	0	0	0	0	0	0	0	0	0	146	320	49984	114	12954	0	4260	234	26746	1038	0	136	1492	174	8768	134	3664	0	262	312	466	11292	15812	4128	816	1700	1348	
176348	Cerebelum_7b_L	0	0	0	0	0	0	0	0	0	0	0	0	0	0	0	0	0	0	0	0	0	0	0	0	0	0	0	0	0	0	0	0	0	0	0	0	0	0	0	0	0	0	0	0	0	0	848	0	0	0	0	0	0	0	624	0	0	0	0	0	0	0	0	0	0	0	0	0	0	0	0	0	0	0	0	0	0	0	0	0	0	0	0	0	0	0	0	0	112	0	12880	140	24090	4122	0	0	1718	0	6370	136	0	2288	22022	2206	294	606	0	0	0	0	270	1578	4702	2942	226	0	
101924	Cerebelum_7b_R	0	0	0	0	0	0	0	0	0	0	0	0	0	0	0	0	0	0	0	0	0	0	0	0	0	0	0	0	0	0	0	0	0	0	0	0	0	0	0	0	0	0	0	0	0	0	464	0	0	0	0	0	0	0	0	0	0	0	0	0	0	0	0	0	0	0	0	0	0	0	0	0	0	0	0	0	0	0	0	0	0	0	0	0	0	0	0	0	0	0	3556	4422	3676	14560	0	0	0	240	1452	1492	2288	0	536	10422	0	350	0	0	0	0	196	1330	5398	580	0	0	
244984	Cerebelum_8_L	0	0	0	0	0	0	0	0	0	0	0	0	0	0	0	0	0	0	0	0	0	0	0	0	0	0	0	0	0	0	0	0	0	0	0	0	0	0	0	0	0	0	0	0	0	0	1610	0	0	0	0	0	0	0	1126	0	0	0	0	0	0	0	0	0	0	0	0	0	0	0	0	0	0	0	0	0	0	0	0	0	0	0	0	0	0	0	0	0	152	0	16880	168	21642	3168	0	292	3108	218	13204	174	22022	536	0	4078	11106	2844	2456	0	0	202	688	5016	5510	5020	1272	0	
240436	Cerebelum_8_R	0	0	0	0	0	0	0	0	0	0	0	0	0	0	0	0	0	0	0	0	0	0	0	0	0	0	0	0	0	0	0	0	0	0	0	0	0	0	0	0	0	0	0	0	0	0	1090	112	0	0	0	0	0	0	0	440	0	0	0	0	0	0	0	0	0	0	0	0	0	0	0	0	0	0	0	0	0	0	0	0	0	0	0	0	0	0	0	0	0	0	2896	12914	1846	22448	0	258	0	994	5968	8768	2206	10422	4078	0	1164	15122	0	2614	106	128	760	9036	11304	3848	1514	182	
79712	Cerebelum_9_L	0	0	0	0	0	0	0	0	0	0	0	0	0	0	0	0	0	0	0	0	0	0	0	0	0	0	0	0	0	0	0	0	0	0	0	0	0	0	0	0	0	0	0	0	0	0	186	0	0	0	0	0	0	0	0	0	0	0	0	0	0	0	0	0	0	0	0	0	0	0	0	0	0	0	0	0	0	0	0	0	0	0	0	0	0	0	0	0	0	0	1916	0	604	532	260	170	3910	224	5172	134	294	0	11106	1164	0	1206	5250	0	0	0	748	2460	1656	1114	876	874	
139528	Cerebelum_9_R	0	0	0	0	0	0	0	0	0	0	0	0	0	0	0	0	0	0	0	0	0	0	0	0	0	0	0	0	0	0	0	0	0	0	0	0	0	0	0	0	0	0	0	0	0	0	242	294	0	0	0	0	0	0	0	294	0	0	0	0	0	0	0	0	0	0	0	0	0	0	0	0	0	0	0	0	0	0	0	0	0	0	0	0	0	0	0	0	0	0	642	3160	262	3894	0	1294	108	1766	3840	3664	606	350	2844	15122	1206	0	0	3720	340	738	2156	7398	5942	3848	4392	1642	
16592	Cerebelum_10_L	0	0	0	0	0	0	0	0	0	0	0	0	0	0	0	0	0	0	0	0	0	0	0	0	0	0	0	0	0	0	0	0	0	0	0	0	0	0	0	0	0	0	0	0	0	0	0	0	0	0	0	0	0	0	0	0	0	0	0	0	0	0	0	0	0	0	0	0	0	0	0	0	0	0	0	0	0	0	0	0	0	0	0	0	0	0	0	0	0	0	132	0	0	0	0	0	200	0	258	0	0	0	2456	0	5250	0	0	0	0	0	0	0	0	0	0	0	
18788	Cerebelum_10_R	0	0	0	0	0	0	0	0	0	0	0	0	0	0	0	0	0	0	0	0	0	0	0	0	0	0	0	0	0	0	0	0	0	0	0	0	0	0	0	0	0	0	0	0	0	0	0	0	0	0	0	0	0	0	0	0	0	0	0	0	0	0	0	0	0	0	0	0	0	0	0	0	0	0	0	0	0	0	0	0	0	0	0	0	0	0	0	0	0	0	0	306	0	486	0	0	0	0	154	262	0	0	0	2614	0	3720	0	0	0	0	0	658	680	282	232	0	
9864	Vermis_1_2	0	0	0	0	0	0	0	0	0	0	0	0	0	0	0	0	0	0	0	0	0	0	0	0	0	0	0	0	0	0	0	0	0	0	0	0	0	0	0	0	0	0	0	0	0	0	0	0	0	0	0	0	0	0	0	0	0	0	0	0	0	0	0	0	0	0	0	0	0	0	0	0	0	0	0	0	0	0	0	0	0	0	0	0	0	0	0	0	0	0	0	164	0	0	362	412	154	0	0	312	0	0	0	106	0	340	0	0	0	1844	372	314	196	108	248	0	
21272	Vermis_3	0	0	0	0	0	0	0	0	0	0	0	0	0	0	0	0	0	0	0	0	0	0	0	0	0	0	0	0	0	0	0	0	0	0	0	0	0	0	0	0	0	0	0	0	0	0	0	0	0	0	0	0	0	0	0	0	0	0	0	0	0	0	0	0	0	0	0	0	0	0	0	0	0	0	0	0	0	0	0	0	0	0	0	0	0	0	0	0	0	0	0	250	0	112	538	1552	194	744	330	466	0	0	202	128	0	738	0	0	1844	0	1186	720	600	366	666	0	
165408	Vermis_4_5	184	276	0	0	0	0	0	0	0	0	0	0	0	0	0	0	0	0	0	104	0	0	0	0	0	0	0	0	0	0	0	0	0	306	0	586	0	372	0	282	0	0	210	816	0	148	2388	6522	0	0	0	0	0	0	930	4002	0	676	0	0	0	0	0	0	0	0	104	3482	0	350	0	0	0	0	0	0	0	0	0	0	0	0	0	0	0	0	0	0	0	0	1000	7574	354	1446	328	1766	4594	11222	3316	11292	270	196	688	760	748	2156	0	0	372	1186	0	6350	1066	620	1262	2400	
263764	Vermis_6	0	0	0	0	0	0	0	0	0	0	0	0	0	0	0	0	0	0	0	0	0	0	0	0	0	0	0	0	0	0	0	0	0	0	0	0	0	0	0	0	0	0	0	272	0	0	2302	7090	0	240	0	158	0	166	0	3228	0	0	0	0	0	0	0	0	0	0	0	0	0	0	0	0	0	0	0	0	0	0	0	0	0	0	0	0	0	0	0	0	0	0	2570	12064	838	8148	0	1114	1348	3666	10862	15812	1578	1330	5016	9036	2460	7398	0	658	314	720	6350	0	13022	5730	5156	3236	
222064	Vermis_7	0	0	0	0	0	0	0	0	0	0	0	0	0	0	0	0	0	0	0	0	0	0	0	0	0	0	0	0	0	0	0	0	0	0	0	0	0	0	0	0	0	0	0	0	0	0	1550	320	0	0	0	0	0	0	0	128	0	0	0	0	0	0	0	0	0	0	0	0	0	0	0	0	0	0	0	0	0	0	0	0	0	0	0	0	0	0	0	0	0	0	7264	5732	5544	15104	0	868	0	1136	8872	4128	4702	5398	5510	11304	1656	5942	0	680	196	600	1066	13022	0	6048	3878	384	
91180	Vermis_8	0	0	0	0	0	0	0	0	0	0	0	0	0	0	0	0	0	0	0	0	0	0	0	0	0	0	0	0	0	0	0	0	0	0	0	0	0	0	0	0	0	0	0	0	0	0	414	0	0	0	0	0	0	0	0	0	0	0	0	0	0	0	0	0	0	0	0	0	0	0	0	0	0	0	0	0	0	0	0	0	0	0	0	0	0	0	0	0	0	0	1038	414	1526	2094	0	524	0	644	3522	816	2942	580	5020	3848	1114	3848	0	282	108	366	620	5730	6048	0	3878	214	
65336	Vermis_9	0	0	0	0	0	0	0	0	0	0	0	0	0	0	0	0	0	0	0	0	0	0	0	0	0	0	0	0	0	0	0	0	0	0	0	0	0	0	0	0	0	0	0	0	0	0	194	0	0	0	0	0	0	0	0	0	0	0	0	0	0	0	0	0	0	0	0	0	0	0	0	0	0	0	0	0	0	0	0	0	0	0	0	0	0	0	0	0	0	0	292	614	124	682	0	1004	120	1222	2250	1700	226	0	1272	1514	876	4392	0	232	248	666	1262	5156	3878	3878	0	866	
