data	data	320636	154508	1.19402e+06	737652	269188	204812	560292	372844	141848	39316	263404	146984	326300	138040	176644	109092	281368	153620	780480	1.00599e+06	61596	114604	671776	546504	81660	213080	59084	44716	698508	315304	499840	538564	203104	726780	186900	164960	271112	322288	126204	169812	40400	50764	200692	288324	186352	252048	288232	189568	173616	259360	589596	195308	203720	89256	403696	385688	322636	153636	87396	92020	195272	84480	165288	145748	198248	139860	232048	346964	141924	79884	308976	352148	423872	402432	61688	85552	116376	166324	115084	35032	311176	162564	100816	74696	487772	236644	63752	54232	434952	252652	324700	339904	271712	230232	17996	33248	196264	145168	340412	301456	244468	111656	254356	191332	122232	95284	26328	24728	14448	20804	176392	124396	145660	68172	50104	6880	
data	data	Precentral_L	Precentral_R	Frontal_Sup_L	Frontal_Sup_R	Frontal_Sup_Orb_L	Frontal_Sup_Orb_R	Frontal_Mid_L	Frontal_Mid_R	Frontal_Mid_Orb_L	Frontal_Mid_Orb_R	Frontal_Inf_Oper_L	Frontal_Inf_Oper_R	Frontal_Inf_Tri_L	Frontal_Inf_Tri_R	Frontal_Inf_Orb_L	Frontal_Inf_Orb_R	Rolandic_Oper_L	Rolandic_Oper_R	Supp_Motor_Area_L	Supp_Motor_Area_R	Olfactory_L	Olfactory_R	Frontal_Sup_Medial_L	Frontal_Sup_Medial_R	Frontal_Med_Orb_L	Frontal_Med_Orb_R	Rectus_L	Rectus_R	Insula_L	Insula_R	Cingulum_Ant_L	Cingulum_Ant_R	Cingulum_Mid_L	Cingulum_Mid_R	Cingulum_Post_L	Cingulum_Post_R	Hippocampus_L	Hippocampus_R	ParaHippocampal_L	ParaHippocampal_R	Amygdala_L	Amygdala_R	Calcarine_L	Calcarine_R	Cuneus_L	Cuneus_R	Lingual_L	Lingual_R	Occipital_Sup_L	Occipital_Sup_R	Occipital_Mid_L	Occipital_Mid_R	Occipital_Inf_L	Occipital_Inf_R	Fusiform_L	Fusiform_R	Postcentral_L	Postcentral_R	Parietal_Sup_L	Parietal_Sup_R	Parietal_Inf_L	Parietal_Inf_R	SupraMarginal_L	SupraMarginal_R	Angular_L	Angular_R	Precuneus_L	Precuneus_R	Paracentral_Lobule_L	Paracentral_Lobule_R	Caudate_L	Caudate_R	Putamen_L	Putamen_R	Pallidum_L	Pallidum_R	Thalamus_L	Thalamus_R	Heschl_L	Heschl_R	Temporal_Sup_L	Temporal_Sup_R	Temporal_Pole_Sup_L	Temporal_Pole_Sup_R	Temporal_Mid_L	Temporal_Mid_R	Temporal_Pole_Mid_L	Temporal_Pole_Mid_R	Temporal_Inf_L	Temporal_Inf_R	Cerebelum_Crus1_L	Cerebelum_Crus1_R	Cerebelum_Crus2_L	Cerebelum_Crus2_R	Cerebelum_3_L	Cerebelum_3_R	Cerebelum_4_5_L	Cerebelum_4_5_R	Cerebelum_6_L	Cerebelum_6_R	Cerebelum_7b_L	Cerebelum_7b_R	Cerebelum_8_L	Cerebelum_8_R	Cerebelum_9_L	Cerebelum_9_R	Cerebelum_10_L	Cerebelum_10_R	Vermis_1_2	Vermis_3	Vermis_4_5	Vermis_6	Vermis_7	Vermis_8	Vermis_9	Vermis_10	
320636	Precentral_L	0	1302	11662	516	510	0	18060	1416	202	0	12128	0	1766	0	0	0	6464	0	6180	1840	0	0	370	388	0	0	0	0	5648	0	1018	304	3268	854	2144	176	1024	472	0	0	0	0	130	0	478	0	0	0	682	0	8104	0	384	0	102	98	29488	0	434	0	3284	0	1682	0	1892	0	932	0	17352	0	762	316	2236	0	1042	0	490	142	2452	0	2854	0	0	0	4210	0	0	0	3060	0	0	0	0	0	0	0	0	0	0	0	0	0	0	0	0	0	0	0	0	0	0	0	0	0	0	0	
154508	Precentral_R	1302	0	986	6688	0	0	972	13882	0	0	0	8062	0	0	0	0	168	3368	992	5670	0	0	0	324	0	0	0	0	320	3012	0	0	0	294	0	0	102	422	0	0	0	0	0	124	0	0	0	0	0	142	0	0	0	338	0	392	370	16004	0	972	0	794	0	4010	0	256	0	338	0	2770	1712	0	496	174	172	0	758	0	0	182	0	276	0	0	0	0	0	0	0	410	0	0	0	0	0	0	0	0	0	0	0	0	0	0	0	0	0	0	0	0	0	0	0	0	0	0	
1.19402e+06	Frontal_Sup_L	11662	986	0	13994	23150	444	75184	7234	5148	0	12228	248	23190	238	8234	0	6266	106	91388	33736	694	1674	71136	6120	1312	910	208	0	33388	408	33676	8538	10170	13568	3926	2006	4904	1754	434	462	0	0	0	0	0	0	232	0	448	0	2382	0	292	0	680	560	5688	94	200	0	776	0	990	0	548	0	498	0	562	0	14900	3818	25180	1690	4530	1606	7416	1470	1570	0	4740	0	644	0	3100	0	0	0	3462	210	0	0	0	0	0	0	0	0	0	0	0	0	0	0	0	0	0	0	0	0	0	0	0	0	0	0	
737652	Frontal_Sup_R	516	6688	13994	0	96	13620	1308	39936	0	672	264	2500	186	6308	0	3906	396	3348	11262	58450	126	2170	12034	48240	126	9520	0	208	938	9824	6402	28460	2108	20678	106	218	288	5148	0	492	0	0	0	124	0	0	0	0	0	154	0	0	0	332	0	1924	368	898	0	0	0	0	0	402	0	0	0	402	0	220	6490	14446	2452	20840	154	2800	468	3566	0	508	114	880	0	0	0	132	0	0	0	616	0	0	0	0	0	0	0	0	0	0	0	0	0	0	0	0	0	0	0	0	0	0	0	0	0	0	
269188	Frontal_Sup_Orb_L	510	0	23150	96	0	210	8316	0	16594	0	3582	0	7764	0	10426	0	1288	0	2196	182	1120	0	11256	142	6302	582	7366	292	13482	0	7362	132	390	182	0	0	0	0	114	0	0	0	0	0	0	0	0	0	0	0	130	0	0	0	0	0	210	0	0	0	0	0	0	0	0	0	0	0	0	0	1158	0	7654	0	0	0	0	0	0	0	748	0	1172	0	314	0	0	0	172	0	0	0	0	0	0	0	0	0	0	0	0	0	0	0	0	0	0	0	0	0	0	0	0	0	0	0	
204812	Frontal_Sup_Orb_R	0	0	444	13620	210	0	0	4724	0	6302	0	532	0	1464	0	6888	0	184	416	4266	0	2176	1560	9752	728	12206	266	5476	0	2406	740	6276	0	2018	0	0	0	0	0	0	0	0	0	0	0	0	0	0	0	0	0	0	0	0	0	0	0	0	0	0	0	0	0	0	0	0	0	0	0	0	248	9822	0	8382	0	1300	0	0	0	0	0	0	0	0	0	0	0	0	0	0	0	0	0	0	0	0	0	0	0	0	0	0	0	0	0	0	0	0	0	0	0	0	0	0	0	0	
560292	Frontal_Mid_L	18060	972	75184	1308	8316	0	0	1610	4364	0	13736	0	35842	0	10562	0	5556	0	9904	5592	0	0	21260	2932	0	122	0	0	25658	0	9118	1156	1118	4106	176	98	358	144	0	0	0	0	0	0	92	0	0	0	546	0	996	0	122	0	0	0	3508	0	352	0	330	0	1386	0	550	0	638	0	256	0	3216	614	2872	152	1188	0	1106	126	1070	0	1822	0	256	0	928	0	0	0	768	0	0	0	0	0	0	0	0	0	0	0	0	0	0	0	0	0	0	0	0	0	0	0	0	0	0	0	
372844	Frontal_Mid_R	1416	13882	7234	39936	0	4724	1610	0	0	848	318	8036	182	14636	0	4466	474	7126	4996	12740	286	628	2342	13660	0	324	0	0	1312	7922	1602	5982	268	7324	0	0	134	630	0	0	0	0	0	0	0	0	0	0	0	0	0	0	0	0	0	378	406	1776	0	0	0	134	0	624	0	0	0	0	0	0	6924	3638	2778	2154	416	500	624	366	0	124	126	206	0	0	0	0	0	0	0	210	0	0	0	0	0	0	0	0	0	0	0	0	0	0	0	0	0	0	0	0	0	0	0	0	0	0	
141848	Frontal_Mid_Orb_L	202	0	5148	0	16594	0	4364	0	0	0	1428	0	6228	0	13836	0	586	0	1044	0	128	0	2170	0	2254	168	2820	0	6302	0	1944	0	0	0	0	0	0	0	0	0	0	0	0	0	0	0	0	0	0	0	0	0	0	0	0	0	0	0	0	0	0	0	0	0	0	0	0	0	0	0	366	0	4338	0	0	0	0	0	0	0	358	0	528	0	118	0	0	0	0	0	0	0	0	0	0	0	0	0	0	0	0	0	0	0	0	0	0	0	0	0	0	0	0	0	0	0	
39316	Frontal_Mid_Orb_R	0	0	0	672	0	6302	0	848	0	0	0	0	0	242	0	6104	0	0	0	536	0	0	0	194	0	254	0	524	0	1240	0	0	0	164	0	0	0	0	0	0	0	0	0	0	0	0	0	0	0	0	0	0	0	0	0	0	0	0	0	0	0	0	0	0	0	0	0	0	0	0	0	994	0	1584	0	0	0	0	0	0	0	0	0	0	0	0	0	0	0	0	0	0	0	0	0	0	0	0	0	0	0	0	0	0	0	0	0	0	0	0	0	0	0	0	0	0	
263404	Frontal_Inf_Oper_L	12128	0	12228	264	3582	0	13736	318	1428	0	0	0	17892	0	580	0	8318	0	4754	1840	120	226	3328	1014	0	0	0	0	20978	0	7114	932	0	998	168	108	202	0	0	0	0	0	0	0	0	0	0	0	0	0	200	0	0	0	0	0	5372	0	0	0	242	0	0	0	0	0	0	0	0	0	1324	364	3200	0	706	108	756	0	378	0	2600	0	2586	0	1028	0	0	0	582	0	0	0	0	0	0	0	0	0	0	0	0	0	0	0	0	0	0	0	0	0	0	0	0	0	0	0	
146984	Frontal_Inf_Oper_R	0	8062	248	2500	0	532	0	8036	0	0	0	0	0	8112	0	492	0	9320	534	2902	0	0	186	2222	0	1006	0	0	0	13142	0	1130	0	1338	0	0	0	352	0	0	0	0	0	0	0	0	0	0	0	0	0	0	0	0	0	164	0	3080	0	0	0	150	0	926	0	126	0	0	0	0	686	2150	0	4732	0	104	0	118	0	0	0	368	0	648	0	0	0	0	0	126	0	0	0	0	0	0	0	0	0	0	0	0	0	0	0	0	0	0	0	0	0	0	0	0	0	0	
326300	Frontal_Inf_Tri_L	1766	0	23190	186	7764	0	35842	182	6228	0	17892	0	0	0	17024	0	1276	0	4538	1070	152	212	7416	290	0	0	0	0	24014	0	5702	440	192	316	0	0	0	0	0	0	0	0	0	0	0	0	0	0	0	0	0	0	0	0	0	0	560	0	0	0	0	0	0	0	0	0	0	0	0	0	802	296	1544	0	400	0	694	0	0	0	754	0	2202	0	206	0	0	0	0	0	0	0	0	0	0	0	0	0	0	0	0	0	0	0	0	0	0	0	0	0	0	0	0	0	0	0	
138040	Frontal_Inf_Tri_R	0	0	238	6308	0	1464	0	14636	0	242	0	8112	0	0	0	4856	0	344	1334	5494	0	0	834	5716	0	1008	0	0	0	6138	138	3706	444	4896	0	0	0	0	0	0	0	0	0	0	0	0	0	0	0	0	0	0	0	0	0	0	0	0	0	0	0	0	0	0	0	0	0	0	0	0	286	1798	0	844	0	0	0	0	0	0	0	0	0	184	0	0	0	0	0	0	0	0	0	0	0	0	0	0	0	0	0	0	0	0	0	0	0	0	0	0	0	0	0	0	0	0	
176644	Frontal_Inf_Orb_L	0	0	8234	0	10426	0	10562	0	13836	0	580	0	17024	0	0	0	202	0	950	0	1250	0	1474	0	0	0	570	0	15912	0	214	0	0	0	0	0	0	0	378	0	0	0	0	0	0	0	0	0	0	0	0	0	0	0	0	0	0	0	0	0	0	0	0	0	0	0	0	0	0	0	146	0	5090	0	0	0	0	0	0	0	174	0	1300	0	0	0	0	0	0	0	0	0	0	0	0	0	0	0	0	0	0	0	0	0	0	0	0	0	0	0	0	0	0	0	0	0	
109092	Frontal_Inf_Orb_R	0	0	0	3906	0	6888	0	4466	0	6104	0	492	0	4856	0	0	0	324	124	2182	0	926	0	804	0	238	0	888	0	11262	0	618	0	922	0	0	0	158	0	124	0	130	0	0	0	0	0	0	0	0	0	0	0	0	0	0	0	0	0	0	0	0	0	0	0	0	0	0	0	0	128	1992	0	6786	0	0	0	0	0	0	0	0	0	228	0	0	0	0	0	0	0	0	0	0	0	0	0	0	0	0	0	0	0	0	0	0	0	0	0	0	0	0	0	0	0	0	
281368	Rolandic_Oper_L	6464	168	6266	396	1288	0	5556	474	586	0	8318	0	1276	0	202	0	0	0	2540	1072	0	0	798	116	0	0	0	0	29272	0	918	150	344	130	274	146	738	184	0	0	0	0	0	0	0	0	0	0	0	0	4424	0	466	0	0	98	12798	0	0	0	2788	0	4482	0	4308	0	164	0	1518	0	328	0	986	148	126	180	226	0	8232	0	13736	0	2698	0	9690	0	114	0	5498	0	0	0	0	0	0	0	0	0	0	0	0	0	0	0	0	0	0	0	0	0	0	0	0	0	0	0	
153620	Rolandic_Oper_R	0	3368	106	3348	0	184	0	7126	0	0	0	9320	0	344	0	324	0	0	0	2576	0	0	0	362	0	0	0	0	0	20196	0	0	0	0	0	0	0	1006	0	0	0	0	0	0	0	0	0	0	0	0	0	0	0	144	0	670	0	5820	0	0	0	196	0	4908	0	0	0	0	0	0	128	476	0	5732	0	0	0	138	0	2976	0	5794	0	666	0	588	0	0	0	314	0	0	0	0	0	0	0	0	0	0	0	0	0	0	0	0	0	0	0	0	0	0	0	0	0	0	
780480	Supp_Motor_Area_L	6180	992	91388	11262	2196	416	9904	4996	1044	0	4754	534	4538	1334	950	124	2540	0	0	47308	112	250	32102	12138	0	1068	0	0	11290	430	14654	10064	15280	27996	2092	1990	4326	1890	432	624	0	0	0	0	98	0	236	98	0	0	1536	0	0	0	622	668	4132	332	0	0	506	0	248	214	368	0	240	148	3132	0	9570	3396	17086	1152	2986	510	7428	2518	792	0	2488	0	0	0	704	0	0	0	1578	256	0	0	0	0	0	0	0	0	0	0	0	0	0	0	0	0	0	0	0	0	0	0	0	0	0	0	
1.00599e+06	Supp_Motor_Area_R	1840	5670	33736	58450	182	4266	5592	12740	0	536	1840	2902	1070	5494	0	2182	1072	2576	47308	0	168	1604	14304	29354	0	4636	0	94	2284	7030	6292	17108	6340	74934	524	6818	628	11322	0	1714	0	0	0	3772	0	2488	0	506	0	2440	0	1106	0	1026	0	4260	990	5868	0	0	0	804	0	3420	0	598	0	13124	528	7024	9352	16190	4224	20316	418	3692	794	12812	0	988	286	2432	0	0	0	5836	0	0	0	4908	0	0	0	0	0	0	0	0	0	0	0	0	0	0	0	0	0	0	0	0	182	0	0	0	0	0	
61596	Olfactory_L	0	0	694	126	1120	0	0	286	128	0	120	0	152	0	1250	0	0	0	112	168	0	2080	0	0	1602	214	780	0	2474	0	3408	730	0	0	0	0	276	0	464	0	600	0	0	0	0	0	0	0	0	0	0	0	0	0	148	0	0	0	0	0	0	0	0	0	0	0	0	0	0	0	5740	1100	4500	116	1302	602	0	138	0	0	0	0	368	0	0	0	0	0	0	0	0	0	0	0	0	0	0	0	0	0	0	0	0	0	0	0	0	0	0	0	0	0	0	0	0	0	
114604	Olfactory_R	0	0	1674	2170	0	2176	0	628	0	0	226	0	212	0	0	926	0	0	250	1604	2080	0	104	1338	252	6508	0	2212	0	2634	2862	6016	0	0	0	0	0	530	0	436	0	544	0	0	0	0	0	0	0	0	0	0	0	0	0	0	0	0	0	0	0	0	0	0	0	0	0	0	0	0	3794	7684	1992	2874	832	3610	0	424	0	0	0	100	0	610	0	0	0	0	0	0	0	0	0	0	0	0	0	0	0	0	0	0	0	0	0	0	0	0	0	0	0	0	0	0	0	0	
671776	Frontal_Sup_Medial_L	370	0	71136	12034	11256	1560	21260	2342	2170	0	3328	186	7416	834	1474	0	798	0	32102	14304	0	104	0	26500	2388	1338	362	0	12230	296	38004	22094	6366	21080	0	0	436	0	0	0	0	0	0	0	0	0	0	0	0	0	0	0	0	0	550	0	0	0	0	0	0	0	0	0	0	0	0	0	0	0	5962	1730	10320	360	0	0	126	94	0	0	1570	0	114	0	128	0	0	0	1166	0	0	0	0	0	0	0	0	0	0	0	0	0	0	0	0	0	0	0	0	0	0	0	0	0	0	0	
546504	Frontal_Sup_Medial_R	388	324	6120	48240	142	9752	2932	13660	0	194	1014	2222	290	5716	0	804	116	362	12138	29354	0	1338	26500	0	324	11046	0	214	222	2482	6966	37362	1726	35612	0	0	0	146	0	0	0	0	0	0	0	0	0	0	0	0	0	0	0	0	0	132	0	0	0	0	0	0	0	0	0	0	0	0	0	0	2636	7582	558	3872	0	624	0	142	0	0	0	0	0	0	0	0	0	0	0	0	0	0	0	0	0	0	0	0	0	0	0	0	0	0	0	0	0	0	0	0	0	0	0	0	0	0	
81660	Frontal_Med_Orb_L	0	0	1312	126	6302	728	0	0	2254	0	0	0	0	0	0	0	0	0	0	0	1602	252	2388	324	0	2388	6216	942	0	0	7884	438	0	0	0	0	0	0	0	0	0	0	0	0	0	0	0	0	0	0	0	0	0	0	0	0	0	0	0	0	0	0	0	0	0	0	0	0	0	0	3298	148	3860	0	368	0	0	0	0	0	0	0	0	0	0	0	0	0	0	0	0	0	0	0	0	0	0	0	0	0	0	0	0	0	0	0	0	0	0	0	0	0	0	0	0	0	
213080	Frontal_Med_Orb_R	0	0	910	9520	582	12206	122	324	168	254	0	1006	0	1008	0	238	0	0	1068	4636	214	6508	1338	11046	2388	0	570	4384	0	530	2964	15294	0	1728	0	0	0	0	0	0	0	0	0	0	0	0	0	0	0	0	0	0	0	0	0	0	0	0	0	0	0	0	0	0	0	0	0	0	0	0	720	14282	418	8944	0	3006	0	164	0	0	0	0	0	0	0	0	0	0	0	0	0	0	0	0	0	0	0	0	0	0	0	0	0	0	0	0	0	0	0	0	0	0	0	0	0	0	
59084	Rectus_L	0	0	208	0	7366	266	0	0	2820	0	0	0	0	0	570	0	0	0	0	0	780	0	362	0	6216	570	0	392	306	0	3260	134	0	0	0	0	0	0	0	0	0	0	0	0	0	0	0	0	0	0	0	0	0	0	0	0	0	0	0	0	0	0	0	0	0	0	0	0	0	0	2556	0	3622	0	114	0	0	0	0	0	0	0	0	0	0	0	0	0	0	0	0	0	0	0	0	0	0	0	0	0	0	0	0	0	0	0	0	0	0	0	0	0	0	0	0	0	
44716	Rectus_R	0	0	0	208	292	5476	0	0	0	524	0	0	0	0	0	888	0	0	0	94	0	2212	0	214	942	4384	392	0	0	952	258	576	0	0	0	0	0	0	0	112	0	134	0	0	0	0	0	0	0	0	0	0	0	0	0	0	0	0	0	0	0	0	0	0	0	0	0	0	0	0	0	2088	0	1670	0	824	0	0	0	0	0	0	0	118	0	0	0	0	0	0	0	0	0	0	0	0	0	0	0	0	0	0	0	0	0	0	0	0	0	0	0	0	0	0	0	0	
698508	Insula_L	5648	320	33388	938	13482	0	25658	1312	6302	0	20978	0	24014	0	15912	0	29272	0	11290	2284	2474	0	12230	222	0	0	306	0	0	0	8408	860	366	286	1574	1140	7544	470	1198	164	1002	0	0	0	0	0	0	0	0	0	5762	0	964	0	4026	180	7456	0	0	0	3848	0	4106	0	3926	0	202	0	1114	0	2640	0	21810	238	112	320	1396	432	10426	0	18594	0	4644	0	14220	0	202	0	13594	0	0	0	0	0	0	0	0	0	0	0	0	0	0	0	0	0	0	0	0	0	0	0	0	0	0	0	
315304	Insula_R	0	3012	408	9824	0	2406	0	7922	0	1240	0	13142	0	6138	0	11262	0	20196	430	7030	0	2634	296	2482	0	530	0	952	0	0	0	1260	0	2078	0	0	0	5686	0	564	0	294	0	252	0	0	0	0	0	152	0	262	0	750	0	3846	0	2106	0	0	0	470	0	1384	0	926	0	486	0	0	292	2824	0	24490	0	156	0	780	0	2382	0	6696	0	2138	0	3396	0	200	0	3878	0	0	0	0	0	0	0	0	0	0	0	0	0	0	0	0	0	0	0	0	0	0	0	0	0	0	
499840	Cingulum_Ant_L	1018	0	33676	6402	7362	740	9118	1602	1944	0	7114	0	5702	138	214	0	918	0	14654	6292	3408	2862	38004	6966	7884	2964	3260	258	8408	0	0	21684	10102	6910	0	0	0	108	0	0	0	0	0	0	0	0	0	0	0	0	138	0	0	0	0	0	230	0	0	0	0	0	0	0	0	0	0	0	0	0	16238	3918	14362	1352	1344	1652	0	208	0	0	234	0	176	0	152	0	0	0	204	0	0	0	0	0	0	0	0	0	0	0	0	0	0	0	0	0	0	0	0	0	0	0	0	0	0	0	
538564	Cingulum_Ant_R	304	0	8538	28460	132	6276	1156	5982	0	0	932	1130	440	3706	0	618	150	0	10064	17108	730	6016	22094	37362	438	15294	134	576	860	1260	21684	0	5752	29162	0	0	0	0	0	0	0	0	0	0	0	0	0	0	0	0	0	0	0	0	0	0	0	0	0	0	0	0	0	0	0	0	0	0	0	0	5454	20520	2744	9122	354	4284	0	446	0	0	0	0	0	0	0	0	0	0	0	0	0	0	0	0	0	0	0	0	0	0	0	0	0	0	0	0	0	0	0	0	0	0	0	0	0	0	
203104	Cingulum_Mid_L	3268	0	10170	2108	390	0	1118	268	0	0	0	0	192	444	0	0	344	0	15280	6340	0	0	6366	1726	0	0	0	0	366	0	10102	5752	0	16910	2020	1004	0	0	0	0	0	0	0	0	462	494	0	0	1158	950	2694	164	0	0	0	0	236	0	926	0	128	0	0	0	160	0	2750	1542	3914	146	236	94	0	0	0	0	0	0	226	0	156	0	0	0	576	0	0	0	372	0	0	0	0	0	0	0	0	0	0	0	0	0	0	0	0	0	0	0	0	0	0	0	0	0	0	0	
726780	Cingulum_Mid_R	854	294	13568	20678	182	2018	4106	7324	0	164	998	1338	316	4896	0	922	130	0	27996	74934	0	0	21080	35612	0	1728	0	0	286	2078	6910	29162	16910	0	334	6414	0	302	0	0	0	0	0	4592	122	6022	0	668	0	6890	0	3004	0	666	0	540	122	530	0	314	0	670	0	1814	0	928	1068	23180	258	5576	4654	5256	484	1932	0	112	0	192	0	440	0	1466	0	0	0	6212	0	0	0	3954	0	0	0	0	0	0	0	0	0	0	0	0	0	0	0	0	0	0	0	0	190	0	0	0	0	0	
186900	Cingulum_Post_L	2144	0	3926	106	0	0	176	0	0	0	168	0	0	0	0	0	274	0	2092	524	0	0	0	0	0	0	0	0	1574	0	0	0	2020	334	0	10994	11794	4134	4490	1396	0	0	4166	0	2752	246	3998	328	658	170	5156	0	1094	0	1602	802	724	0	114	0	0	0	126	0	0	0	8816	1436	1092	0	0	0	1042	114	0	0	1796	3464	314	0	230	0	0	0	3592	0	0	0	2988	484	0	0	0	0	0	0	0	0	0	0	0	0	0	0	0	0	0	0	0	0	0	0	0	0	0	0	
164960	Cingulum_Post_R	176	0	2006	218	0	0	98	0	0	0	108	0	0	0	0	0	146	0	1990	6818	0	0	0	0	0	0	0	0	1140	0	0	0	1004	6414	10994	0	7682	6270	2072	1946	0	0	0	2572	0	1430	1890	1976	0	1120	528	440	186	784	776	1568	654	0	0	0	0	0	100	0	0	0	590	8598	0	0	0	0	1026	126	0	0	2494	4196	216	0	0	0	0	0	296	96	0	0	344	1156	0	0	0	0	0	0	0	0	0	0	0	0	0	0	0	0	0	0	0	0	236	0	0	0	0	0	
271112	Hippocampus_L	1024	102	4904	288	0	0	358	134	0	0	202	0	0	0	0	0	738	0	4326	628	276	0	436	0	0	0	0	0	7544	0	0	0	0	0	11794	7682	0	3740	16014	1282	6694	0	3220	0	1724	0	7274	476	188	0	3362	0	1270	0	11320	700	2222	0	0	0	94	0	480	0	0	0	4978	482	170	0	134	0	7720	224	290	0	2800	3112	1800	0	2186	0	386	0	2012	0	214	0	8106	446	0	0	0	0	0	0	0	0	0	0	0	0	0	0	0	0	0	0	0	0	0	0	0	0	0	0	
322288	Hippocampus_R	472	422	1754	5148	0	0	144	630	0	0	0	352	0	0	0	158	184	1006	1890	11322	0	530	0	146	0	0	0	0	470	5686	108	0	0	302	4134	6270	3740	0	1574	21324	0	7258	0	612	0	0	1300	1592	0	138	260	0	104	1180	520	27702	266	254	0	0	0	0	0	182	0	0	130	2968	0	0	708	96	688	13312	0	470	1410	7374	0	344	0	750	0	2470	0	3716	0	1136	140	15464	0	834	0	0	0	0	0	0	0	0	0	0	0	0	0	0	0	0	0	0	0	0	0	0	0	0	
126204	ParaHippocampal_L	0	0	434	0	114	0	0	0	0	0	0	0	0	0	378	0	0	0	432	0	464	0	0	0	0	0	0	0	1198	0	0	0	0	0	4490	2072	16014	1574	0	456	2986	0	1886	0	1186	0	6318	250	116	0	2188	0	668	0	6636	182	134	0	0	0	0	0	0	0	0	0	2892	220	112	0	0	0	2546	0	548	0	662	1032	0	0	196	0	980	0	418	0	1106	0	1576	0	122	0	0	0	118	0	260	0	138	0	0	0	0	0	0	0	0	0	0	0	0	0	0	0	0	0	
169812	ParaHippocampal_R	0	0	462	492	0	0	0	0	0	0	0	0	0	0	0	124	0	0	624	1714	0	436	0	0	0	0	0	112	164	564	0	0	0	0	1396	1946	1282	21324	456	0	0	6438	0	0	0	0	392	1618	0	0	98	0	0	0	130	19736	0	0	0	0	0	0	0	0	0	0	0	732	0	0	0	0	238	4524	0	226	518	3414	0	0	0	0	0	3676	0	730	0	2974	0	7102	0	630	0	0	0	0	0	634	0	0	0	0	0	0	0	0	0	0	0	0	0	0	0	0	0	0	
40400	Amygdala_L	0	0	0	0	0	0	0	0	0	0	0	0	0	0	0	0	0	0	0	0	600	0	0	0	0	0	0	0	1002	0	0	0	0	0	0	0	6694	0	2986	0	0	0	0	0	0	0	0	0	0	0	0	0	0	0	3514	0	0	0	0	0	0	0	0	0	0	0	0	0	0	0	424	0	2494	0	0	0	230	0	0	0	0	0	444	0	0	0	288	0	1524	0	0	0	0	0	0	0	0	0	0	0	0	0	0	0	0	0	0	0	0	0	0	0	0	0	0	0	
50764	Amygdala_R	0	0	0	0	0	0	0	0	0	0	0	0	0	0	0	130	0	0	0	0	0	544	0	0	0	0	0	134	0	294	0	0	0	0	0	0	0	7258	0	6438	0	0	0	0	0	0	0	0	0	0	0	0	0	0	0	4434	0	0	0	0	0	0	0	0	0	0	0	0	0	0	0	0	0	2560	0	0	0	184	0	0	0	0	0	2270	0	0	0	886	0	250	0	0	0	0	0	0	0	0	0	0	0	0	0	0	0	0	0	0	0	0	0	0	0	0	0	0	
200692	Calcarine_L	130	0	0	0	0	0	0	0	0	0	0	0	0	0	0	0	0	0	0	0	0	0	0	0	0	0	0	0	0	0	0	0	0	0	4166	0	3220	0	1886	0	0	0	0	4508	14142	1854	12154	1710	14094	628	19194	202	3452	0	2024	0	0	0	0	0	0	0	0	0	0	0	10682	280	236	0	0	0	0	0	0	0	0	0	0	0	0	0	0	0	2422	0	0	0	1962	0	94	0	0	0	0	0	346	0	336	0	0	0	0	0	224	0	0	0	0	0	400	0	0	0	0	0	
288324	Calcarine_R	0	124	0	124	0	0	0	0	0	0	0	0	0	0	0	0	0	0	0	3772	0	0	0	0	0	0	0	0	0	252	0	0	0	4592	0	2572	0	612	0	0	0	0	4508	0	6168	26916	348	18440	632	20690	310	13706	0	5258	0	5876	0	0	0	576	0	0	0	0	0	1004	1056	21272	0	1384	0	0	0	124	0	0	0	0	0	0	0	526	0	0	0	2132	0	0	0	918	0	0	0	0	0	0	0	0	0	0	0	0	0	0	0	0	0	0	0	0	270	0	0	0	0	0	
186352	Cuneus_L	478	0	0	0	0	0	92	0	0	0	0	0	0	0	0	0	0	0	98	0	0	0	0	0	0	0	0	0	0	0	0	0	462	122	2752	0	1724	0	1186	0	0	0	14142	6168	0	7732	2230	1136	18864	3442	10706	824	1470	208	1026	148	0	0	1512	0	0	0	0	0	0	0	11692	1522	860	0	0	0	0	0	0	0	0	0	0	0	0	0	0	0	1658	0	0	0	922	0	0	0	0	0	0	0	0	0	0	0	0	0	0	0	0	0	0	0	0	0	0	0	0	0	0	0	
252048	Cuneus_R	0	0	0	0	0	0	0	0	0	0	0	0	0	0	0	0	0	0	0	2488	0	0	0	0	0	0	0	0	0	0	0	0	494	6022	246	1430	0	0	0	0	0	0	1854	26916	7732	0	0	4966	850	32846	338	7480	0	600	0	364	0	0	0	2222	0	0	0	0	0	214	4286	23394	0	992	0	0	0	0	0	0	0	0	0	0	0	0	0	0	0	148	0	0	0	142	0	0	0	0	0	0	0	0	0	0	0	0	0	0	0	0	0	0	0	0	0	0	0	0	0	0	
288232	Lingual_L	0	0	232	0	0	0	0	0	0	0	0	0	0	0	0	0	0	0	236	0	0	0	0	0	0	0	0	0	0	0	0	0	0	0	3998	1890	7274	1300	6318	392	0	0	12154	348	2230	0	0	1376	2622	0	20752	0	15418	0	22156	562	106	0	0	0	0	0	0	0	0	0	5420	204	0	0	0	0	410	0	0	0	554	898	0	0	0	0	0	0	2280	0	0	0	2234	102	4506	908	292	0	234	0	5580	874	12252	1744	116	0	0	0	0	0	0	0	0	0	2826	2588	730	0	0	0	
189568	Lingual_R	0	0	0	0	0	0	0	0	0	0	0	0	0	0	0	0	0	0	98	506	0	0	0	0	0	0	0	0	0	0	0	0	0	668	328	1976	476	1592	250	1618	0	0	1710	18440	1136	4966	1376	0	0	4546	0	3710	0	5298	140	17564	0	0	0	0	0	0	0	0	0	0	0	6570	0	0	0	0	0	0	0	0	0	364	0	0	0	0	0	0	0	420	0	0	0	1142	276	1766	0	0	0	92	600	3178	1414	5454	0	0	0	0	0	0	0	0	0	0	3244	3322	544	0	0	0	
173616	Occipital_Sup_L	682	0	448	0	0	0	546	0	0	0	0	0	0	0	0	0	0	0	0	0	0	0	0	0	0	0	0	0	0	0	0	0	1158	0	658	0	188	0	116	0	0	0	14094	632	18864	850	2622	0	0	206	24746	0	1474	0	824	0	0	0	6068	0	558	0	0	0	0	0	10234	438	786	0	0	0	0	0	0	0	0	0	0	0	0	0	0	0	504	0	0	0	112	0	0	0	0	0	0	0	0	0	0	0	0	0	0	0	0	0	0	0	0	0	0	0	0	0	0	0	
259360	Occipital_Sup_R	0	142	0	154	0	0	0	0	0	0	0	0	0	0	0	0	0	0	0	2440	0	0	0	0	0	0	0	0	0	152	0	0	950	6890	170	1120	0	138	0	0	0	0	628	20690	3442	32846	0	4546	206	0	110	19780	0	1290	0	714	0	112	0	5138	0	1044	0	164	0	2608	2342	19854	0	672	0	0	0	132	0	0	0	0	0	0	0	0	0	0	0	498	0	0	0	708	0	0	0	0	0	0	0	0	0	0	0	0	0	0	0	0	0	0	0	0	0	0	0	0	0	0	
589596	Occipital_Mid_L	8104	0	2382	0	130	0	996	0	0	0	200	0	0	0	0	0	4424	0	1536	0	0	0	0	0	0	0	0	0	5762	0	138	0	2694	0	5156	528	3362	260	2188	98	0	0	19194	310	10706	338	20752	0	24746	110	0	0	30244	0	17350	0	7390	0	6712	0	13308	0	3482	0	20482	0	11190	136	9560	0	106	0	176	0	0	0	206	250	2664	0	4152	0	0	0	30482	0	0	0	19490	0	1208	0	102	0	0	0	262	0	1518	0	0	0	0	0	0	0	0	0	0	0	102	112	0	0	0	0	
195308	Occipital_Mid_R	0	0	0	0	0	0	0	0	0	0	0	0	0	0	0	0	0	0	0	1106	0	0	0	0	0	0	0	0	0	262	0	0	164	3004	0	440	0	0	0	0	0	0	202	13706	824	7480	0	3710	0	19780	0	0	0	4308	0	1814	0	204	0	2952	0	3754	0	704	0	15794	368	6136	0	136	0	0	0	192	0	0	0	0	0	92	0	690	0	0	0	8548	0	0	0	1284	0	0	0	0	0	0	0	0	0	0	0	0	0	0	0	0	0	0	0	0	0	0	0	0	0	0	
203720	Occipital_Inf_L	384	0	292	0	0	0	122	0	0	0	0	0	0	0	0	0	466	0	0	0	0	0	0	0	0	0	0	0	964	0	0	0	0	0	1094	186	1270	104	668	0	0	0	3452	0	1470	0	15418	0	1474	0	30244	0	0	0	19754	0	286	0	0	0	128	0	162	0	724	0	1424	0	0	0	0	0	0	0	0	0	0	102	876	0	250	0	0	0	7132	0	0	0	5306	0	2348	0	184	0	0	0	746	0	4354	0	0	0	0	0	0	0	0	0	0	0	132	344	0	0	0	0	
89256	Occipital_Inf_R	0	338	0	332	0	0	0	0	0	0	0	0	0	0	0	0	0	144	0	1026	0	0	0	0	0	0	0	0	0	750	0	0	0	666	0	784	0	1180	0	0	0	0	0	5258	208	600	0	5298	0	1290	0	4308	0	0	0	9064	0	146	0	0	0	0	0	154	0	100	0	2052	0	244	150	0	0	212	0	0	124	0	0	92	0	114	0	0	0	1980	0	0	0	6740	0	0	0	0	0	0	94	236	0	470	0	0	0	0	0	0	0	0	0	0	362	112	0	0	0	0	
403696	Fusiform_L	102	0	680	0	0	0	0	0	0	0	0	0	0	0	0	0	0	0	622	0	148	0	550	0	0	0	0	0	4026	0	0	0	0	0	1602	776	11320	520	6636	130	3514	0	2024	0	1026	0	22156	140	824	0	17350	0	19754	0	0	106	0	0	0	0	0	0	0	0	0	0	1042	0	0	0	0	0	4878	0	0	0	432	422	162	0	3492	0	2312	0	3770	0	4066	0	16804	0	16664	320	704	0	358	0	13726	0	32996	488	552	0	326	0	194	0	0	0	0	0	2262	1184	440	128	120	0	
385688	Fusiform_R	98	392	560	1924	0	0	0	378	0	0	0	164	0	0	0	0	98	670	668	4260	0	0	0	132	0	0	0	0	180	3846	0	0	0	540	802	1568	700	27702	182	19736	0	4434	0	5876	148	364	562	17564	0	714	0	1814	0	9064	106	0	110	160	0	0	0	0	0	178	0	0	0	3074	0	100	288	0	186	7880	0	142	432	2456	0	264	0	908	0	4472	0	3776	0	4548	0	24964	106	7124	0	0	0	140	476	7812	812	12050	0	0	0	0	0	0	0	0	0	0	2914	1906	320	0	0	0	
322636	Postcentral_L	29488	370	5688	368	210	0	3508	406	0	0	5372	0	560	0	0	0	12798	0	4132	990	0	0	0	0	0	0	0	0	7456	0	230	0	236	122	724	654	2222	266	134	0	0	0	0	0	0	0	106	0	0	0	7390	0	286	0	0	110	0	0	5624	0	19254	0	14506	0	4998	0	2880	0	11826	0	162	0	984	0	162	0	200	96	3646	0	6736	0	0	0	3714	0	0	0	2704	0	0	0	0	0	0	0	0	0	0	0	0	0	0	0	0	0	0	0	0	0	0	0	0	0	0	0	
153636	Postcentral_R	0	16004	94	898	0	0	0	1776	0	0	0	3080	0	0	0	0	0	5820	332	5868	0	0	0	0	0	0	0	0	0	2106	0	0	0	530	0	0	0	254	0	0	0	0	0	0	0	0	0	0	0	112	0	204	0	146	0	160	0	0	0	5686	0	4674	0	16210	0	1098	0	2188	0	7180	188	0	0	344	0	0	0	0	0	482	0	792	0	0	0	260	0	0	0	332	0	0	0	0	0	0	0	0	0	0	0	0	0	0	0	0	0	0	0	0	0	0	0	0	0	0	
87396	Parietal_Sup_L	434	0	200	0	0	0	352	0	0	0	0	0	0	0	0	0	0	0	0	0	0	0	0	0	0	0	0	0	0	0	0	0	926	0	114	0	0	0	0	0	0	0	0	0	1512	0	0	0	6068	0	6712	0	0	0	0	0	5624	0	0	0	6852	0	0	0	1524	0	10874	0	2506	0	0	0	0	0	0	0	0	0	0	0	0	0	0	0	0	0	0	0	0	0	0	0	0	0	0	0	0	0	0	0	0	0	0	0	0	0	0	0	0	0	0	0	0	0	0	0	
92020	Parietal_Sup_R	0	972	0	0	0	0	0	0	0	0	0	0	0	0	0	0	0	0	0	0	0	0	0	0	0	0	0	0	0	0	0	0	0	314	0	0	0	0	0	0	0	0	0	576	0	2222	0	0	0	5138	0	2952	0	0	0	0	0	5686	0	0	0	9444	0	286	0	7906	580	6172	0	3762	0	0	0	0	0	0	0	0	0	0	0	0	0	0	0	0	0	0	0	0	0	0	0	0	0	0	0	0	0	0	0	0	0	0	0	0	0	0	0	0	0	0	0	0	0	0	
195272	Parietal_Inf_L	3284	0	776	0	0	0	330	0	0	0	242	0	0	0	0	0	2788	0	506	0	0	0	0	0	0	0	0	0	3848	0	0	0	128	0	0	0	94	0	0	0	0	0	0	0	0	0	0	0	558	0	13308	0	128	0	0	0	19254	0	6852	0	0	0	13648	0	17728	0	520	0	3334	0	0	0	0	0	0	0	0	0	704	0	2684	0	0	0	3780	0	0	0	3142	0	0	0	0	0	0	0	0	0	0	0	0	0	0	0	0	0	0	0	0	0	0	0	0	0	0	0	
84480	Parietal_Inf_R	0	794	0	0	0	0	0	134	0	0	0	150	0	0	0	0	0	196	0	804	0	0	0	0	0	0	0	0	0	470	0	0	0	670	0	0	0	0	0	0	0	0	0	0	0	0	0	0	0	1044	0	3754	0	0	0	0	0	4674	0	9444	0	0	0	6630	0	11948	0	348	0	466	0	0	0	140	0	0	0	0	0	0	0	280	0	0	0	186	0	0	0	108	0	0	0	0	0	0	0	0	0	0	0	0	0	0	0	0	0	0	0	0	0	0	0	0	0	0	
165288	SupraMarginal_L	1682	0	990	0	0	0	1386	0	0	0	0	0	0	0	0	0	4482	0	248	0	0	0	0	0	0	0	0	0	4106	0	0	0	0	0	126	100	480	0	0	0	0	0	0	0	0	0	0	0	0	0	3482	0	162	0	0	0	14506	0	0	0	13648	0	0	0	11848	0	0	0	788	0	0	0	186	0	0	0	0	0	664	0	8660	0	0	0	9956	0	0	0	5144	0	0	0	0	0	0	0	0	0	0	0	0	0	0	0	0	0	0	0	0	0	0	0	0	0	0	0	
145748	SupraMarginal_R	0	4010	0	402	0	0	0	624	0	0	0	926	0	0	0	0	0	4908	214	3420	0	0	0	0	0	0	0	0	0	1384	0	0	0	1814	0	0	0	182	0	0	0	0	0	0	0	0	0	0	0	164	0	704	0	154	0	178	0	16210	0	286	0	6630	0	0	0	7516	0	844	0	708	0	0	0	336	0	0	0	0	0	1242	0	11870	0	0	0	7334	0	0	0	814	0	0	0	0	0	0	0	0	0	0	0	0	0	0	0	0	0	0	0	0	0	0	0	0	0	0	
198248	Angular_L	1892	0	548	0	0	0	550	0	0	0	0	0	0	0	0	0	4308	0	368	0	0	0	0	0	0	0	0	0	3926	0	0	0	160	0	0	0	0	0	0	0	0	0	0	0	0	0	0	0	0	0	20482	0	724	0	0	0	4998	0	1524	0	17728	0	11848	0	0	0	274	0	2914	0	0	0	0	0	0	0	0	0	976	0	6990	0	0	0	13804	0	0	0	5110	0	0	0	0	0	0	0	0	0	0	0	0	0	0	0	0	0	0	0	0	0	0	0	0	0	0	0	
139860	Angular_R	0	256	0	0	0	0	0	0	0	0	0	126	0	0	0	0	0	0	0	598	0	0	0	0	0	0	0	0	0	926	0	0	0	928	0	0	0	0	0	0	0	0	0	1004	0	214	0	0	0	2608	0	15794	0	100	0	0	0	1098	0	7906	0	11948	0	7516	0	0	0	684	0	122	0	0	0	634	0	0	0	0	0	260	0	7182	0	0	0	9678	0	0	0	348	0	0	0	0	0	0	0	0	0	0	0	0	0	0	0	0	0	0	0	0	0	0	0	0	0	0	
232048	Precuneus_L	932	0	498	0	0	0	638	0	0	0	0	0	0	0	0	0	164	0	240	0	0	0	0	0	0	0	0	0	202	0	0	0	2750	1068	8816	590	4978	130	2892	0	0	0	10682	1056	11692	4286	5420	0	10234	2342	11190	368	1424	0	1042	0	2880	0	10874	580	520	0	0	0	274	0	0	7544	3118	0	0	0	0	0	0	0	0	106	130	0	110	0	0	0	3578	0	0	0	2676	0	0	0	0	0	0	0	0	0	0	0	0	0	0	0	0	0	0	0	0	0	0	0	0	0	0	0	
346964	Precuneus_R	0	338	0	402	0	0	0	0	0	0	0	0	0	0	0	0	0	0	148	13124	0	0	0	0	0	0	0	0	0	486	0	0	1542	23180	1436	8598	482	2968	220	732	0	0	280	21272	1522	23394	204	6570	438	19854	136	6136	0	2052	0	3074	0	2188	0	6172	0	348	0	844	0	684	7544	0	142	6028	0	0	0	244	0	0	0	484	0	250	0	610	0	0	0	3792	0	0	0	4388	0	0	0	0	0	0	0	124	0	0	0	0	0	0	0	0	0	0	0	0	1052	0	0	0	0	0	
141924	Paracentral_Lobule_L	17352	0	562	0	0	0	256	0	0	0	0	0	0	0	0	0	1518	0	3132	528	0	0	0	0	0	0	0	0	1114	0	0	0	3914	258	1092	0	170	0	112	0	0	0	236	0	860	0	0	0	786	0	9560	0	0	0	0	0	11826	0	2506	0	3334	0	788	0	2914	0	3118	142	0	304	0	0	0	0	0	0	0	0	412	0	1798	0	0	0	1370	0	0	0	1000	0	0	0	0	0	0	0	0	0	0	0	0	0	0	0	0	0	0	0	0	0	0	0	0	0	0	0	
79884	Paracentral_Lobule_R	0	2770	0	220	0	0	0	0	0	0	0	0	0	0	0	0	0	0	0	7024	0	0	0	0	0	0	0	0	0	0	0	0	146	5576	0	0	0	0	0	0	0	0	0	1384	0	992	0	0	0	672	0	136	0	244	0	100	0	7180	0	3762	0	466	0	708	0	122	0	6028	304	0	0	0	0	0	0	0	0	0	0	0	0	172	0	0	0	856	0	0	0	1080	0	0	0	0	0	0	0	0	0	0	0	0	0	0	0	0	0	0	0	0	0	0	0	0	0	0	
308976	Caudate_L	762	1712	14900	6490	1158	248	3216	6924	366	0	1324	686	802	286	146	128	328	128	9570	9352	5740	3794	5962	2636	3298	720	2556	0	2640	292	16238	5454	236	4654	0	0	134	708	0	0	424	0	0	0	0	0	0	0	0	0	106	0	0	150	0	288	162	188	0	0	0	0	0	0	0	0	0	0	0	0	0	6468	17510	1500	3456	1620	6724	1912	0	0	0	0	0	0	120	0	0	0	112	160	0	0	0	0	0	0	0	0	0	0	0	0	0	0	0	0	0	0	0	0	0	0	0	0	0	0	
352148	Caudate_R	316	0	3818	14446	0	9822	614	3638	0	994	364	2150	296	1798	0	1992	0	476	3396	16190	1100	7684	1730	7582	148	14282	0	2088	0	2824	3918	20520	94	5256	0	0	0	96	0	0	0	0	0	0	0	0	0	0	0	0	0	0	0	0	0	0	0	0	0	0	0	0	0	0	0	0	0	0	0	0	6468	0	2402	19736	906	6980	800	11150	0	0	0	0	0	0	0	0	0	0	0	0	0	0	0	0	0	0	0	0	0	0	0	0	0	0	0	0	0	0	0	0	0	0	0	0	0	0	
423872	Putamen_L	2236	496	25180	2452	7654	0	2872	2778	4338	0	3200	0	1544	0	5090	0	986	0	17086	4224	4500	1992	10320	558	3860	418	3622	0	21810	0	14362	2744	0	484	1042	1026	7720	688	2546	238	2494	0	0	0	0	0	410	0	0	0	176	0	0	0	4878	186	984	0	0	0	0	0	186	0	0	0	0	0	0	0	17510	2402	0	798	7184	1130	4538	872	356	0	3530	0	636	0	262	0	0	0	5214	124	0	0	0	0	0	0	0	0	0	0	0	0	0	0	0	0	0	0	0	0	0	0	0	0	0	0	
402432	Putamen_R	0	174	1690	20840	0	8382	152	2154	0	1584	0	4732	0	844	0	6786	148	5732	1152	20316	116	2874	360	3872	0	8944	0	1670	238	24490	1352	9122	0	1932	114	126	224	13312	0	4524	0	2560	0	124	0	0	0	0	0	132	0	192	0	212	0	7880	0	344	0	0	0	140	0	336	0	634	0	244	0	0	1500	19736	798	0	0	5504	150	4896	0	298	0	730	0	1048	0	1438	0	172	0	3972	0	220	0	0	0	0	0	0	0	0	0	0	0	0	0	0	0	0	0	0	0	0	0	0	0	0	
61688	Pallidum_L	1042	172	4530	154	0	0	1188	416	0	0	706	0	400	0	0	0	126	0	2986	418	1302	832	0	0	368	0	114	0	112	0	1344	354	0	0	0	0	290	0	548	0	0	0	0	0	0	0	0	0	0	0	0	0	0	0	0	0	162	0	0	0	0	0	0	0	0	0	0	0	0	0	3456	906	7184	0	0	470	1042	222	0	0	0	0	0	0	0	0	0	0	0	0	0	0	0	0	0	0	0	0	0	0	0	0	0	0	0	0	0	0	0	0	0	0	0	0	0	0	
85552	Pallidum_R	0	0	1606	2800	0	1300	0	500	0	0	108	104	0	0	0	0	180	0	510	3692	602	3610	0	624	0	3006	0	824	320	156	1652	4284	0	112	0	0	0	470	0	226	0	0	0	0	0	0	0	0	0	0	0	0	0	0	0	142	0	0	0	0	0	0	0	0	0	0	0	0	0	0	1620	6980	1130	5504	470	0	0	244	0	0	0	0	0	0	0	0	0	0	0	0	0	0	0	0	0	0	0	0	0	0	0	0	0	0	0	0	0	0	0	0	0	0	0	0	0	0	
116376	Thalamus_L	490	758	7416	468	0	0	1106	624	0	0	756	0	694	0	0	0	226	0	7428	794	0	0	126	0	0	0	0	0	1396	0	0	0	0	0	1796	2494	2800	1410	662	518	230	0	0	0	0	0	554	0	0	0	206	0	0	124	432	432	200	0	0	0	0	0	0	0	0	0	0	0	0	0	6724	800	4538	150	1042	0	0	9932	0	0	192	0	0	0	0	0	0	0	374	296	0	0	0	0	0	0	0	0	0	0	0	0	0	0	0	0	0	0	0	0	0	0	0	0	0	0	
166324	Thalamus_R	142	0	1470	3566	0	0	126	366	0	0	0	118	0	0	0	0	0	138	2518	12812	138	424	94	142	0	164	0	0	432	780	208	446	0	192	3464	4196	3112	7374	1032	3414	0	184	0	0	0	0	898	364	0	0	250	0	102	0	422	2456	96	0	0	0	0	0	0	0	0	0	106	484	0	0	1912	11150	872	4896	222	244	9932	0	0	0	0	0	0	98	0	0	0	0	140	1466	0	0	0	0	0	0	0	0	0	0	0	0	0	0	0	0	0	0	0	0	0	0	0	0	0	0	
115084	Heschl_L	2452	0	1570	0	0	0	1070	0	0	0	378	0	0	0	0	0	8232	0	792	0	0	0	0	0	0	0	0	0	10426	0	0	0	226	0	314	216	1800	0	0	0	0	0	0	0	0	0	0	0	0	0	2664	0	876	0	162	0	3646	0	0	0	704	0	664	0	976	0	130	0	412	0	0	0	356	0	0	0	0	0	0	0	5126	0	0	0	9864	0	0	0	4486	0	0	0	0	0	0	0	0	0	0	0	0	0	0	0	0	0	0	0	0	0	0	0	0	0	0	0	
35032	Heschl_R	0	182	0	508	0	0	0	124	0	0	0	0	0	0	0	0	0	2976	0	988	0	0	0	0	0	0	0	0	0	2382	0	0	0	440	0	0	0	344	0	0	0	0	0	0	0	0	0	0	0	0	0	92	0	92	0	264	0	482	0	0	0	0	0	1242	0	260	0	250	0	0	0	0	0	298	0	0	0	0	0	0	0	5678	0	0	0	572	0	0	0	342	0	0	0	0	0	0	0	0	0	0	0	0	0	0	0	0	0	0	0	0	0	0	0	0	0	0	
311176	Temporal_Sup_L	2854	0	4740	114	748	0	1822	126	358	0	2600	0	754	0	174	0	13736	0	2488	286	0	0	1570	0	0	0	0	0	18594	0	234	0	156	0	230	0	2186	0	196	0	0	0	0	0	0	0	0	0	0	0	4152	0	250	0	3492	0	6736	0	0	0	2684	0	8660	0	6990	0	110	0	1798	0	0	0	3530	0	0	0	192	0	5126	0	0	0	8182	0	29454	0	1616	0	18650	0	0	0	0	0	0	0	0	0	0	0	0	0	0	0	0	0	0	0	0	0	0	0	0	0	0	0	
162564	Temporal_Sup_R	0	276	0	880	0	0	0	206	0	0	0	368	0	0	0	0	0	5794	0	2432	0	100	0	0	0	0	0	0	0	6696	0	0	0	1466	0	0	0	750	0	0	0	0	0	526	0	0	0	0	0	0	0	690	0	114	0	908	0	792	0	0	0	280	0	11870	0	7182	0	610	0	172	0	0	0	730	0	0	0	0	0	5678	0	0	0	4706	0	23842	0	1200	0	3014	0	0	0	0	0	0	0	0	0	0	0	0	0	0	0	0	0	0	0	0	0	0	0	0	0	0	
100816	Temporal_Pole_Sup_L	0	0	644	0	1172	0	256	0	528	0	2586	0	2202	0	1300	0	2698	0	0	0	368	0	114	0	0	0	0	0	4644	0	176	0	0	0	0	0	386	0	980	0	444	0	0	0	0	0	0	0	0	0	0	0	0	0	2312	0	0	0	0	0	0	0	0	0	0	0	0	0	0	0	0	0	636	0	0	0	0	0	0	0	8182	0	0	0	7538	0	9496	0	3746	0	0	0	0	0	0	0	0	0	0	0	0	0	0	0	0	0	0	0	0	0	0	0	0	0	0	0	
74696	Temporal_Pole_Sup_R	0	0	0	0	0	0	0	0	0	0	0	648	0	184	0	228	0	666	0	0	0	610	0	0	0	0	0	118	0	2138	0	0	0	0	0	0	0	2470	0	3676	0	2270	0	0	0	0	0	0	0	0	0	0	0	0	0	4472	0	0	0	0	0	0	0	0	0	0	0	0	0	0	0	0	0	1048	0	0	0	98	0	0	0	4706	0	0	0	3922	0	7438	0	2656	0	0	0	0	0	0	0	0	0	0	0	0	0	0	0	0	0	0	0	0	0	0	0	0	0	0	
487772	Temporal_Mid_L	4210	0	3100	0	314	0	928	0	118	0	1028	0	206	0	0	0	9690	0	704	0	0	0	128	0	0	0	0	0	14220	0	152	0	576	0	3592	296	2012	0	418	0	0	0	2422	0	1658	0	2280	0	504	0	30482	0	7132	0	3770	0	3714	0	0	0	3780	0	9956	0	13804	0	3578	0	1370	0	120	0	262	0	0	0	0	0	9864	0	29454	0	7538	0	0	0	7962	0	62544	0	0	0	0	0	0	0	0	0	0	0	0	0	0	0	0	0	0	0	0	0	0	0	0	0	0	0	
236644	Temporal_Mid_R	0	0	0	132	0	0	0	0	0	0	0	0	0	0	0	0	0	588	0	5836	0	0	0	0	0	0	0	0	0	3396	0	0	0	6212	0	96	0	3716	0	730	0	0	0	2132	0	148	0	420	0	498	0	8548	0	1980	0	3776	0	260	0	0	0	186	0	7334	0	9678	0	3792	0	856	0	0	0	1438	0	0	0	0	0	572	0	23842	0	3922	0	0	0	3876	0	24220	0	138	0	0	0	0	0	0	0	0	0	0	0	0	0	0	0	0	0	0	0	0	0	0	0	0	
63752	Temporal_Pole_Mid_L	0	0	0	0	0	0	0	0	0	0	0	0	0	0	0	0	114	0	0	0	0	0	0	0	0	0	0	0	202	0	0	0	0	0	0	0	214	0	1106	0	288	0	0	0	0	0	0	0	0	0	0	0	0	0	4066	0	0	0	0	0	0	0	0	0	0	0	0	0	0	0	0	0	0	0	0	0	0	0	0	0	1616	0	9496	0	7962	0	0	0	6812	0	0	0	0	0	0	0	0	0	0	0	0	0	0	0	0	0	0	0	0	0	0	0	0	0	0	0	
54232	Temporal_Pole_Mid_R	0	0	0	0	0	0	0	0	0	0	0	0	0	0	0	0	0	0	0	0	0	0	0	0	0	0	0	0	0	200	0	0	0	0	0	0	0	1136	0	2974	0	886	0	0	0	0	0	0	0	0	0	0	0	0	0	4548	0	0	0	0	0	0	0	0	0	0	0	0	0	0	0	0	0	172	0	0	0	0	0	0	0	1200	0	7438	0	3876	0	0	0	4686	0	0	0	0	0	0	0	0	0	0	0	0	0	0	0	0	0	0	0	0	0	0	0	0	0	0	
434952	Temporal_Inf_L	3060	0	3462	0	172	0	768	0	0	0	582	0	0	0	0	0	5498	0	1578	0	0	0	1166	0	0	0	0	0	13594	0	204	0	372	0	2988	344	8106	140	1576	0	1524	0	1962	0	922	0	2234	0	112	0	19490	0	5306	0	16804	0	2704	0	0	0	3142	0	5144	0	5110	0	2676	0	1000	0	112	0	5214	0	0	0	374	140	4486	0	18650	0	3746	0	62544	0	6812	0	0	0	1630	0	378	0	0	0	0	0	910	0	420	0	320	0	0	0	0	0	0	0	0	0	0	0	0	0	
252652	Temporal_Inf_R	0	410	210	616	0	0	0	210	0	0	0	126	0	0	0	0	0	314	256	4908	0	0	0	0	0	0	0	0	0	3878	0	0	0	3954	484	1156	446	15464	0	7102	0	250	0	918	0	142	102	1142	0	708	0	1284	0	6740	0	24964	0	332	0	0	0	108	0	814	0	348	0	4388	0	1080	160	0	124	3972	0	0	296	1466	0	342	0	3014	0	2656	0	24220	0	4686	0	0	0	1694	0	0	0	0	0	266	0	422	0	0	0	0	0	0	0	0	0	0	154	0	0	0	0	0	
324700	Cerebelum_Crus1_L	0	0	0	0	0	0	0	0	0	0	0	0	0	0	0	0	0	0	0	0	0	0	0	0	0	0	0	0	0	0	0	0	0	0	0	0	0	0	122	0	0	0	94	0	0	0	4506	276	0	0	1208	0	2348	0	16664	106	0	0	0	0	0	0	0	0	0	0	0	0	0	0	0	0	0	0	0	0	0	0	0	0	0	0	0	0	0	0	0	0	1630	0	0	1538	32606	2242	196	0	4854	0	38082	1252	15794	846	20480	1178	5662	186	1056	0	0	0	864	2394	5022	688	456	0	
339904	Cerebelum_Crus1_R	0	0	0	0	0	0	0	0	0	0	0	0	0	0	0	0	0	0	0	0	0	0	0	0	0	0	0	0	0	0	0	0	0	0	0	0	0	834	0	630	0	0	0	0	0	0	908	1766	0	0	0	0	0	0	320	7124	0	0	0	0	0	0	0	0	0	0	0	0	0	0	0	0	0	220	0	0	0	0	0	0	0	0	0	0	0	138	0	0	0	1694	1538	0	942	29654	0	2662	998	13058	1766	48206	888	6296	566	19168	180	5226	0	2672	306	550	4372	7854	7996	758	662	0	
271712	Cerebelum_Crus2_L	0	0	0	0	0	0	0	0	0	0	0	0	0	0	0	0	0	0	0	0	0	0	0	0	0	0	0	0	0	0	0	0	0	0	0	0	0	0	0	0	0	0	0	0	0	0	292	0	0	0	102	0	184	0	704	0	0	0	0	0	0	0	0	0	0	0	0	0	0	0	0	0	0	0	0	0	0	0	0	0	0	0	0	0	0	0	0	0	378	0	32606	942	0	7676	0	0	416	0	3602	284	35644	3678	29014	1914	7136	264	1016	0	0	0	130	374	7548	1724	228	0	
230232	Cerebelum_Crus2_R	0	0	0	0	0	0	0	0	0	0	0	0	0	0	0	0	0	0	0	0	0	0	0	0	0	0	0	0	0	0	0	0	0	0	0	0	0	0	0	0	0	0	0	0	0	0	0	0	0	0	0	0	0	0	0	0	0	0	0	0	0	0	0	0	0	0	0	0	0	0	0	0	0	0	0	0	0	0	0	0	0	0	0	0	0	0	0	0	0	0	2242	29654	7676	0	0	0	0	0	416	3184	6490	17108	2592	25780	200	6030	0	412	0	0	0	220	10836	1924	352	0	
17996	Cerebelum_3_L	0	0	0	0	0	0	0	0	0	0	0	0	0	0	0	0	0	0	0	0	0	0	0	0	0	0	0	0	0	0	0	0	0	0	0	0	0	0	118	0	0	0	0	0	0	0	234	0	0	0	0	0	0	0	358	0	0	0	0	0	0	0	0	0	0	0	0	0	0	0	0	0	0	0	0	0	0	0	0	0	0	0	0	0	0	0	0	0	0	0	196	0	0	0	0	0	4202	0	1162	0	0	0	0	0	1014	0	256	0	536	366	556	0	0	0	0	0	
33248	Cerebelum_3_R	0	0	0	0	0	0	0	0	0	0	0	0	0	0	0	0	0	0	0	0	0	0	0	0	0	0	0	0	0	0	0	0	0	0	0	0	0	0	0	0	0	0	0	0	0	0	0	92	0	0	0	0	0	0	0	140	0	0	0	0	0	0	0	0	0	0	0	0	0	0	0	0	0	0	0	0	0	0	0	0	0	0	0	0	0	0	0	0	0	0	0	2662	0	0	0	0	218	4384	0	4970	0	0	0	0	0	796	0	0	928	1930	504	0	0	0	0	0	
196264	Cerebelum_4_5_L	0	0	0	0	0	0	0	0	0	0	0	0	0	0	0	0	0	0	0	0	0	0	0	0	0	0	0	0	0	0	0	0	0	0	0	0	0	0	260	0	0	0	346	0	0	0	5580	600	0	0	262	0	746	94	13726	476	0	0	0	0	0	0	0	0	0	0	0	0	0	0	0	0	0	0	0	0	0	0	0	0	0	0	0	0	0	0	0	0	0	0	4854	998	416	0	4202	218	0	2648	27854	2752	2660	0	2142	108	5936	554	1270	0	298	456	14862	1898	0	552	990	374	
145168	Cerebelum_4_5_R	0	0	0	0	0	0	0	0	0	0	0	0	0	0	0	0	0	0	0	0	0	0	0	0	0	0	0	0	0	0	0	0	0	0	0	0	0	0	0	634	0	0	0	0	0	0	874	3178	0	0	0	0	0	236	0	7812	0	0	0	0	0	0	0	0	0	0	0	124	0	0	0	0	0	0	0	0	0	0	0	0	0	0	0	0	0	0	0	0	0	266	0	13058	0	0	0	4384	2648	0	454	24812	0	0	94	100	230	954	0	438	324	680	10210	658	0	0	212	204	
340412	Cerebelum_6_L	0	0	0	0	0	0	0	0	0	0	0	0	0	0	0	0	0	0	0	0	0	0	0	0	0	0	0	0	0	0	0	0	0	0	0	0	0	0	138	0	0	0	336	0	0	0	12252	1414	0	0	1518	0	4354	0	32996	812	0	0	0	0	0	0	0	0	0	0	0	0	0	0	0	0	0	0	0	0	0	0	0	0	0	0	0	0	0	0	0	0	910	0	38082	1766	3602	416	1162	0	27854	454	0	3038	6542	0	6748	418	3710	322	530	0	0	0	9258	6430	3208	954	874	108	
301456	Cerebelum_6_R	0	0	0	0	0	0	0	0	0	0	0	0	0	0	0	0	0	0	0	0	0	0	0	0	0	0	0	0	0	0	0	0	0	0	0	0	0	0	0	0	0	0	0	0	0	0	1744	5454	0	0	0	0	0	470	488	12050	0	0	0	0	0	0	0	0	0	0	0	0	0	0	0	0	0	0	0	0	0	0	0	0	0	0	0	0	0	0	0	0	0	422	1252	48206	284	3184	0	4970	2752	24812	3038	0	190	1098	378	3142	354	2010	0	3200	406	1310	10656	11004	5672	1046	906	230	
244468	Cerebelum_7b_L	0	0	0	0	0	0	0	0	0	0	0	0	0	0	0	0	0	0	0	0	0	0	0	0	0	0	0	0	0	0	0	0	0	0	0	0	0	0	0	0	0	0	0	0	0	0	116	0	0	0	0	0	0	0	552	0	0	0	0	0	0	0	0	0	0	0	0	0	0	0	0	0	0	0	0	0	0	0	0	0	0	0	0	0	0	0	0	0	420	0	15794	888	35644	6490	0	0	2660	0	6542	190	0	3940	28586	2442	5540	296	846	0	0	0	1212	128	6836	2884	228	0	
111656	Cerebelum_7b_R	0	0	0	0	0	0	0	0	0	0	0	0	0	0	0	0	0	0	0	0	0	0	0	0	0	0	0	0	0	0	0	0	0	0	0	0	0	0	0	0	0	0	0	0	0	0	0	0	0	0	0	0	0	0	0	0	0	0	0	0	0	0	0	0	0	0	0	0	0	0	0	0	0	0	0	0	0	0	0	0	0	0	0	0	0	0	0	0	0	0	846	6296	3678	17108	0	0	0	0	0	1098	3940	0	1752	13732	0	1002	0	112	0	0	0	0	4008	2118	138	0	
254356	Cerebelum_8_L	0	0	0	0	0	0	0	0	0	0	0	0	0	0	0	0	0	0	0	0	0	0	0	0	0	0	0	0	0	0	0	0	0	0	0	0	0	0	0	0	0	0	0	0	0	0	0	0	0	0	0	0	0	0	326	0	0	0	0	0	0	0	0	0	0	0	0	0	0	0	0	0	0	0	0	0	0	0	0	0	0	0	0	0	0	0	0	0	320	0	20480	566	29014	2592	0	0	2142	94	6748	378	28586	1752	0	3566	16158	908	1958	0	0	0	1540	302	3528	4854	1366	0	
191332	Cerebelum_8_R	0	0	0	0	0	0	0	0	0	0	0	0	0	0	0	0	0	0	0	0	0	0	0	0	0	0	0	0	0	0	0	0	0	0	0	0	0	0	0	0	0	0	0	0	0	0	0	0	0	0	0	0	0	0	0	0	0	0	0	0	0	0	0	0	0	0	0	0	0	0	0	0	0	0	0	0	0	0	0	0	0	0	0	0	0	0	0	0	0	0	1178	19168	1914	25780	0	0	108	100	418	3142	2442	13732	3566	0	350	12328	0	514	0	0	236	794	5264	3436	1094	102	
122232	Cerebelum_9_L	0	0	0	0	0	0	0	0	0	0	0	0	0	0	0	0	0	0	0	0	0	0	0	0	0	0	0	0	0	0	0	0	0	0	0	0	0	0	0	0	0	0	224	0	0	0	0	0	0	0	0	0	0	0	194	0	0	0	0	0	0	0	0	0	0	0	0	0	0	0	0	0	0	0	0	0	0	0	0	0	0	0	0	0	0	0	0	0	0	0	5662	180	7136	200	1014	0	5936	230	3710	354	5540	0	16158	350	0	496	5584	0	0	160	3458	844	596	1402	1430	258	
95284	Cerebelum_9_R	0	0	0	0	0	0	0	0	0	0	0	0	0	0	0	0	0	0	0	0	0	0	0	0	0	0	0	0	0	0	0	0	0	0	0	0	0	0	0	0	0	0	0	0	0	0	0	0	0	0	0	0	0	0	0	0	0	0	0	0	0	0	0	0	0	0	0	0	0	0	0	0	0	0	0	0	0	0	0	0	0	0	0	0	0	0	0	0	0	0	186	5226	264	6030	0	796	554	954	322	2010	296	1002	908	12328	496	0	0	1968	312	544	3246	2944	1272	1712	3590	682	
26328	Cerebelum_10_L	0	0	0	0	0	0	0	0	0	0	0	0	0	0	0	0	0	0	0	0	0	0	0	0	0	0	0	0	0	0	0	0	0	0	0	0	0	0	0	0	0	0	0	0	0	0	0	0	0	0	0	0	0	0	0	0	0	0	0	0	0	0	0	0	0	0	0	0	0	0	0	0	0	0	0	0	0	0	0	0	0	0	0	0	0	0	0	0	0	0	1056	0	1016	0	256	0	1270	0	530	0	846	0	1958	0	5584	0	0	0	0	0	648	0	0	0	0	0	
24728	Cerebelum_10_R	0	0	0	0	0	0	0	0	0	0	0	0	0	0	0	0	0	0	0	0	0	0	0	0	0	0	0	0	0	0	0	0	0	0	0	0	0	0	0	0	0	0	0	0	0	0	0	0	0	0	0	0	0	0	0	0	0	0	0	0	0	0	0	0	0	0	0	0	0	0	0	0	0	0	0	0	0	0	0	0	0	0	0	0	0	0	0	0	0	0	0	2672	0	412	0	0	0	438	0	3200	0	112	0	514	0	1968	0	0	0	0	1136	966	0	108	838	0	
14448	Vermis_1_2	0	0	0	0	0	0	0	0	0	0	0	0	0	0	0	0	0	0	0	0	0	0	0	0	0	0	0	0	0	0	0	0	0	0	0	0	0	0	0	0	0	0	0	0	0	0	0	0	0	0	0	0	0	0	0	0	0	0	0	0	0	0	0	0	0	0	0	0	0	0	0	0	0	0	0	0	0	0	0	0	0	0	0	0	0	0	0	0	0	0	0	306	0	0	536	928	298	324	0	406	0	0	0	0	0	312	0	0	0	3588	526	0	0	0	0	0	
20804	Vermis_3	0	0	0	0	0	0	0	0	0	0	0	0	0	0	0	0	0	0	0	0	0	0	0	0	0	0	0	0	0	0	0	0	0	0	0	0	0	0	0	0	0	0	0	0	0	0	0	0	0	0	0	0	0	0	0	0	0	0	0	0	0	0	0	0	0	0	0	0	0	0	0	0	0	0	0	0	0	0	0	0	0	0	0	0	0	0	0	0	0	0	0	550	0	0	366	1930	456	680	0	1310	0	0	0	0	160	544	0	0	3588	0	818	0	0	0	0	0	
176392	Vermis_4_5	0	0	0	0	0	0	0	0	0	0	0	0	0	0	0	0	0	0	0	182	0	0	0	0	0	0	0	0	0	0	0	0	0	190	0	236	0	0	0	0	0	0	400	270	0	0	2826	3244	0	0	102	0	132	362	2262	2914	0	0	0	0	0	0	0	0	0	0	0	1052	0	0	0	0	0	0	0	0	0	0	0	0	0	0	0	0	0	0	0	0	0	154	864	4372	130	0	556	504	14862	10210	9258	10656	1212	0	1540	236	3458	3246	648	1136	526	818	0	5412	0	868	2556	802	
124396	Vermis_6	0	0	0	0	0	0	0	0	0	0	0	0	0	0	0	0	0	0	0	0	0	0	0	0	0	0	0	0	0	0	0	0	0	0	0	0	0	0	0	0	0	0	0	0	0	0	2588	3322	0	0	112	0	344	112	1184	1906	0	0	0	0	0	0	0	0	0	0	0	0	0	0	0	0	0	0	0	0	0	0	0	0	0	0	0	0	0	0	0	0	0	0	2394	7854	374	220	0	0	1898	658	6430	11004	128	0	302	794	844	2944	0	966	0	0	5412	0	4350	2108	3518	432	
