data	data	409444	283248	1.05563e+06	815704	170188	174240	506252	388388	79940	28808	207184	237188	213932	169972	190320	103388	248588	182568	863404	622168	153860	168784	445908	488232	74396	168804	93036	90988	737200	421672	417400	607044	194544	514252	171520	234012	415656	524916	203696	391916	75460	68304	301112	344788	292592	356212	293592	385736	220808	310640	492776	276160	233372	109844	513456	569932	290048	149336	157276	152172	277180	146392	110680	105716	168352	217100	439968	473576	217036	88944	384096	435472	459848	470944	64524	73340	168664	268060	104208	73444	278496	178676	103752	78644	373712	268836	22028	36204	334912	354608	420592	371144	242276	294096	55380	56544	247684	201648	443392	407424	219224	167608	293824	303740	147892	179968	47824	26268	17408	63096	199576	256820	202056	84820	84336	21472	
data	data	Precentral_L	Precentral_R	Frontal_Sup_L	Frontal_Sup_R	Frontal_Sup_Orb_L	Frontal_Sup_Orb_R	Frontal_Mid_L	Frontal_Mid_R	Frontal_Mid_Orb_L	Frontal_Mid_Orb_R	Frontal_Inf_Oper_L	Frontal_Inf_Oper_R	Frontal_Inf_Tri_L	Frontal_Inf_Tri_R	Frontal_Inf_Orb_L	Frontal_Inf_Orb_R	Rolandic_Oper_L	Rolandic_Oper_R	Supp_Motor_Area_L	Supp_Motor_Area_R	Olfactory_L	Olfactory_R	Frontal_Sup_Medial_L	Frontal_Sup_Medial_R	Frontal_Med_Orb_L	Frontal_Med_Orb_R	Rectus_L	Rectus_R	Insula_L	Insula_R	Cingulum_Ant_L	Cingulum_Ant_R	Cingulum_Mid_L	Cingulum_Mid_R	Cingulum_Post_L	Cingulum_Post_R	Hippocampus_L	Hippocampus_R	ParaHippocampal_L	ParaHippocampal_R	Amygdala_L	Amygdala_R	Calcarine_L	Calcarine_R	Cuneus_L	Cuneus_R	Lingual_L	Lingual_R	Occipital_Sup_L	Occipital_Sup_R	Occipital_Mid_L	Occipital_Mid_R	Occipital_Inf_L	Occipital_Inf_R	Fusiform_L	Fusiform_R	Postcentral_L	Postcentral_R	Parietal_Sup_L	Parietal_Sup_R	Parietal_Inf_L	Parietal_Inf_R	SupraMarginal_L	SupraMarginal_R	Angular_L	Angular_R	Precuneus_L	Precuneus_R	Paracentral_Lobule_L	Paracentral_Lobule_R	Caudate_L	Caudate_R	Putamen_L	Putamen_R	Pallidum_L	Pallidum_R	Thalamus_L	Thalamus_R	Heschl_L	Heschl_R	Temporal_Sup_L	Temporal_Sup_R	Temporal_Pole_Sup_L	Temporal_Pole_Sup_R	Temporal_Mid_L	Temporal_Mid_R	Temporal_Pole_Mid_L	Temporal_Pole_Mid_R	Temporal_Inf_L	Temporal_Inf_R	Cerebelum_Crus1_L	Cerebelum_Crus1_R	Cerebelum_Crus2_L	Cerebelum_Crus2_R	Cerebelum_3_L	Cerebelum_3_R	Cerebelum_4_5_L	Cerebelum_4_5_R	Cerebelum_6_L	Cerebelum_6_R	Cerebelum_7b_L	Cerebelum_7b_R	Cerebelum_8_L	Cerebelum_8_R	Cerebelum_9_L	Cerebelum_9_R	Cerebelum_10_L	Cerebelum_10_R	Vermis_1_2	Vermis_3	Vermis_4_5	Vermis_6	Vermis_7	Vermis_8	Vermis_9	Vermis_10	
409444	Precentral_L	0	8618	19076	7558	0	0	21932	2176	0	0	10362	216	1440	0	0	0	9174	346	6430	3330	0	0	0	0	0	0	0	0	11410	218	150	188	346	1112	1638	710	5848	1064	1794	510	0	0	0	0	0	0	0	260	0	0	2824	0	754	0	1002	356	28520	0	712	0	6972	0	2532	0	508	0	620	96	10992	0	3914	2736	4934	310	980	0	8142	4540	3760	0	1124	0	0	0	1442	0	0	0	1046	0	0	0	0	0	0	0	0	0	0	0	0	0	0	0	0	0	0	0	0	0	0	0	0	0	0	0	
283248	Precentral_R	8618	0	3026	24106	0	0	2400	8056	0	0	112	5094	0	404	0	0	124	3278	2824	5584	0	0	0	0	0	0	0	0	194	2044	0	0	104	1700	936	1682	1576	8316	1020	2228	0	0	0	316	0	146	0	324	0	170	0	256	350	124	936	2398	622	13520	0	324	136	986	0	1782	0	336	186	778	4334	3254	1362	4178	802	2114	174	136	4324	11004	0	138	0	368	0	0	0	442	0	0	170	1708	0	0	0	0	0	0	0	0	0	0	0	0	0	0	0	0	0	0	0	0	0	0	0	0	0	0	
1.05563e+06	Frontal_Sup_L	19076	3026	0	14766	9848	186	70296	9174	4618	0	8502	4574	10806	2540	8214	164	8554	1082	94524	17228	1232	580	43734	13244	1598	258	1424	0	40348	1892	19754	13560	5398	12784	214	266	9324	1044	1342	508	728	0	0	0	0	0	0	0	0	0	166	0	334	0	3748	320	2190	0	0	0	262	0	0	0	0	0	0	0	1474	0	11582	4480	23806	3030	4804	424	5162	1424	452	0	2280	0	704	0	572	0	0	0	4056	0	0	0	0	0	0	0	0	0	134	0	0	0	0	0	0	0	0	0	0	0	0	0	0	0	0	0	
815704	Frontal_Sup_R	7558	24106	14766	0	0	11108	4250	45296	0	892	0	8136	0	10066	0	3976	0	2682	16966	42344	134	1384	14358	42812	138	6384	0	1462	336	7468	5220	34338	1986	22396	688	1486	1638	6780	1086	2226	0	118	0	0	0	0	0	0	0	0	0	104	388	0	1020	2502	678	970	0	0	140	0	0	278	0	0	0	112	3518	0	3186	11294	642	13480	196	2608	3752	17232	0	122	0	148	0	0	0	184	0	0	186	528	0	0	0	0	0	0	0	0	0	0	0	0	0	0	0	0	0	0	0	0	0	0	0	0	0	0	
170188	Frontal_Sup_Orb_L	0	0	9848	0	0	108	1324	0	11168	0	0	0	492	0	10124	0	0	0	504	0	4414	598	3754	170	5016	422	7822	132	7890	0	7592	370	0	0	0	0	334	0	342	0	678	0	0	0	0	0	0	0	0	0	0	0	0	0	166	0	0	0	0	0	0	0	0	0	0	0	0	0	0	0	4578	574	4170	0	290	0	0	0	0	0	0	0	2104	0	0	0	0	0	110	0	0	0	0	0	0	0	0	0	0	0	0	0	0	0	0	0	0	0	0	0	0	0	0	0	0	0	
174240	Frontal_Sup_Orb_R	0	0	186	11108	108	0	0	2434	0	4444	0	0	0	378	0	5732	0	0	162	180	846	4420	1184	9720	590	13808	814	9340	144	2342	2218	5878	0	256	0	0	0	0	0	0	116	152	0	0	0	0	0	0	0	0	0	0	0	0	0	0	0	0	0	0	0	0	0	0	0	0	0	0	0	0	436	5266	282	4576	0	0	0	0	0	0	0	0	0	0	0	0	0	0	0	0	0	0	0	0	0	0	0	0	0	0	0	0	0	0	0	0	0	0	0	0	0	0	0	0	0	0	
506252	Frontal_Mid_L	21932	2400	70296	4250	1324	0	0	5308	3118	0	11748	1310	30774	146	8868	0	3692	180	12598	1100	192	0	16752	4784	368	0	240	0	22570	212	4386	3212	2174	2352	128	316	2696	306	436	130	632	0	0	0	0	0	0	0	0	0	0	0	152	0	538	0	560	0	0	0	116	0	0	0	0	0	0	0	182	0	3226	652	2634	202	110	0	1654	842	210	0	336	0	410	0	106	0	0	0	266	0	0	0	0	0	0	0	0	0	0	0	0	0	0	0	0	0	0	0	0	0	0	0	0	0	0	0	
388388	Frontal_Mid_R	2176	8056	9174	45296	0	2434	5308	0	0	1664	140	15220	0	15252	0	6382	226	3390	10054	11420	0	332	1156	7802	0	354	0	410	770	8332	728	6430	350	3838	0	122	210	3530	0	732	0	0	0	364	0	184	0	198	0	134	0	450	0	0	0	676	396	372	0	0	0	0	0	0	0	0	0	508	256	0	4852	2290	422	5592	128	560	166	2798	142	0	0	222	0	0	0	598	0	0	0	1598	0	0	0	0	0	0	0	0	0	0	0	0	0	0	0	0	0	0	0	0	0	0	0	0	0	0	
79940	Frontal_Mid_Orb_L	0	0	4618	0	11168	0	3118	0	0	0	0	0	1740	0	9756	0	0	0	0	0	198	0	740	0	1518	128	3084	0	2080	0	1346	0	0	0	0	0	0	0	0	0	0	0	0	0	0	0	0	0	0	0	0	0	0	0	0	0	0	0	0	0	0	0	0	0	0	0	0	0	0	0	174	0	162	0	0	0	0	0	0	0	0	0	140	0	0	0	0	0	0	0	0	0	0	0	0	0	0	0	0	0	0	0	0	0	0	0	0	0	0	0	0	0	0	0	0	0	
28808	Frontal_Mid_Orb_R	0	0	0	892	0	4444	0	1664	0	0	0	0	0	260	0	5436	0	0	0	0	0	178	0	284	0	134	0	422	0	138	0	126	0	0	0	0	0	0	0	0	0	0	0	0	0	0	0	0	0	0	0	0	0	0	0	0	0	0	0	0	0	0	0	0	0	0	0	0	0	0	0	210	0	216	0	0	0	0	0	0	0	0	0	0	0	0	0	0	0	0	0	0	0	0	0	0	0	0	0	0	0	0	0	0	0	0	0	0	0	0	0	0	0	0	0	0	
207184	Frontal_Inf_Oper_L	10362	112	8502	0	0	0	11748	140	0	0	0	0	14516	0	210	0	12360	0	7980	0	0	0	0	0	0	0	0	0	20684	0	0	0	0	0	0	0	1306	0	178	0	0	0	0	0	0	0	0	0	0	0	0	0	234	0	1278	0	2208	0	0	0	0	0	0	0	0	0	0	0	0	0	232	220	1344	0	0	0	276	172	870	0	3802	0	902	0	1586	0	0	0	2370	0	0	0	0	0	0	0	0	0	0	0	0	0	0	0	0	0	0	0	0	0	0	0	0	0	0	0	
237188	Frontal_Inf_Oper_R	216	5094	4574	8136	0	0	1310	15220	0	0	0	0	0	12906	0	178	0	10158	5896	8438	0	0	226	968	0	0	0	0	154	13678	676	2260	600	2492	0	0	0	3990	0	1796	0	0	0	246	0	0	0	166	0	0	0	338	0	0	0	1262	0	152	0	0	0	0	0	0	0	0	0	316	0	0	1560	2170	166	8146	0	478	0	694	0	396	0	816	0	500	0	758	0	0	0	1464	0	0	0	0	0	0	0	0	0	0	0	0	0	0	0	0	0	0	0	0	0	0	0	0	0	0	
213932	Frontal_Inf_Tri_L	1440	0	10806	0	492	0	30774	0	1740	0	14516	0	0	0	12136	0	2786	0	4074	0	120	0	334	0	0	0	140	0	21630	0	208	0	0	0	0	0	280	0	0	0	100	0	0	0	0	0	0	0	0	0	0	0	112	0	674	0	0	0	0	0	0	0	0	0	0	0	0	0	0	0	272	0	394	0	0	0	0	0	0	0	1408	0	1102	0	570	0	0	0	858	0	0	0	0	0	0	0	0	0	0	0	0	0	0	0	0	0	0	0	0	0	0	0	0	0	0	0	
169972	Frontal_Inf_Tri_R	0	404	2540	10066	0	378	146	15252	0	260	0	12906	0	0	0	6364	0	2534	3480	5914	0	0	362	2138	0	134	0	0	0	11370	606	4256	492	1852	0	0	0	338	0	218	0	0	0	0	0	0	0	0	0	0	0	0	0	0	0	246	0	0	0	0	0	0	0	0	0	0	0	0	0	0	200	482	0	2048	0	0	0	0	0	0	0	0	0	0	0	0	0	0	0	0	0	0	0	0	0	0	0	0	0	0	0	0	0	0	0	0	0	0	0	0	0	0	0	0	0	0	
190320	Frontal_Inf_Orb_L	0	0	8214	0	10124	0	8868	0	9756	0	210	0	12136	0	0	0	0	0	1686	0	4266	540	316	0	794	0	3398	100	17792	0	1660	254	0	0	0	0	552	0	550	0	702	0	0	0	0	0	0	0	0	0	0	0	0	0	382	0	0	0	0	0	0	0	0	0	0	0	0	0	0	0	4362	494	2814	158	0	0	0	0	0	0	494	0	3856	0	370	0	0	0	312	0	0	0	0	0	0	0	0	0	0	0	0	0	0	0	0	0	0	0	0	0	0	0	0	0	0	0	
103388	Frontal_Inf_Orb_R	0	0	164	3976	0	5732	0	6382	0	5436	0	178	0	6364	0	0	0	0	254	310	280	2092	112	1738	0	282	0	1676	0	11078	160	960	0	214	0	0	0	0	0	318	0	818	0	0	0	0	0	0	0	0	0	0	0	0	0	150	0	0	0	0	0	0	0	0	0	0	0	0	0	0	122	790	0	1528	0	0	0	0	0	0	0	0	0	482	0	98	0	0	0	0	0	0	0	0	0	0	0	0	0	0	0	0	0	0	0	0	0	0	0	0	0	0	0	0	0	0	
248588	Rolandic_Oper_L	9174	124	8554	0	0	0	3692	226	0	0	12360	0	2786	0	0	0	0	0	6970	0	0	0	0	0	0	0	0	0	23482	0	0	0	216	0	0	0	2600	0	226	0	0	0	232	0	228	0	0	0	230	0	2590	0	234	0	958	0	9380	0	482	0	1148	0	2068	0	428	0	1022	0	98	0	320	0	1608	0	0	0	198	0	7488	0	13886	0	1396	0	5738	0	0	0	4152	0	0	0	0	0	0	0	0	0	0	0	0	0	0	0	0	0	0	0	0	0	0	0	0	0	0	0	
182568	Rolandic_Oper_R	346	3278	1082	2682	0	0	180	3390	0	0	0	10158	0	2534	0	0	0	0	2394	4876	0	0	0	0	0	0	0	0	0	12798	174	476	258	1422	0	170	0	6276	0	1942	0	0	0	648	0	102	0	526	0	204	0	212	0	0	0	2204	0	2742	0	380	0	214	0	2626	0	234	132	1502	0	110	352	1224	98	3604	0	318	0	1266	0	4752	0	9842	0	446	0	804	0	0	0	2306	0	0	0	0	0	0	0	0	0	0	0	0	0	0	0	0	0	0	0	0	0	0	0	0	0	0	
863404	Supp_Motor_Area_L	6430	2824	94524	16966	504	162	12598	10054	0	0	7980	5896	4074	3480	1686	254	6970	2394	0	43656	284	132	10228	7472	0	160	238	0	27452	4498	7304	11948	12484	22962	2228	466	5804	1894	632	1200	124	204	0	0	0	0	0	0	0	0	152	0	250	0	3348	878	1384	0	0	0	186	0	0	0	0	0	102	106	19776	204	13524	7364	17734	7752	3424	432	9010	662	216	0	2078	0	304	0	522	0	0	0	4020	0	0	0	0	0	0	0	0	0	108	0	0	0	0	0	0	0	0	0	0	0	0	0	0	0	0	0	
622168	Supp_Motor_Area_R	3330	5584	17228	42344	0	180	1100	11420	0	0	0	8438	0	5914	0	310	0	4876	43656	0	0	0	4012	8550	0	204	0	0	160	4930	2660	11482	4986	37968	2348	5640	0	4972	0	2736	0	164	0	0	0	448	0	0	0	188	0	184	0	0	0	3074	150	176	0	96	0	144	0	168	0	294	422	1542	8218	8294	3702	17198	978	12474	176	2872	128	12686	0	290	0	292	0	0	0	456	0	0	0	1242	0	0	0	0	0	0	0	0	0	0	0	0	0	0	0	0	0	0	0	0	0	0	0	0	0	0	
153860	Olfactory_L	0	0	1232	134	4414	846	192	0	198	0	0	0	120	0	4266	280	0	0	284	0	0	6132	642	162	2012	1466	4352	1042	6632	0	6430	2118	0	0	0	0	584	0	496	0	2610	0	0	0	0	0	0	0	0	0	0	0	0	0	230	0	0	0	0	0	0	0	0	0	0	0	0	0	0	0	12340	5110	9048	1240	496	0	0	0	0	0	0	0	1822	0	0	0	0	0	0	0	0	0	0	0	0	0	0	0	0	0	0	0	0	0	0	0	0	0	0	0	0	0	0	0	0	0	
168784	Olfactory_R	0	0	580	1384	598	4420	0	332	0	178	0	0	0	0	540	2092	0	0	132	0	6132	0	540	1402	396	6168	494	5496	2086	1988	5644	7826	0	0	0	0	282	0	0	324	996	1078	0	0	0	0	0	0	0	0	0	0	0	0	136	0	0	0	0	0	0	0	0	0	0	0	0	0	0	0	8028	12818	7314	2656	858	968	0	0	0	0	0	0	166	340	0	0	0	0	0	0	0	0	0	0	0	0	0	0	0	0	0	0	0	0	0	0	0	0	0	0	0	0	0	0	0	0	
445908	Frontal_Sup_Medial_L	0	0	43734	14358	3754	1184	16752	1156	740	0	0	226	334	362	316	112	0	0	10228	4012	642	540	0	35140	2778	2252	1522	518	2150	0	28412	25824	5826	15818	0	0	0	0	0	0	120	0	0	0	0	0	0	0	0	0	0	0	0	0	0	0	0	0	0	0	0	0	0	0	0	0	0	0	0	0	1166	934	1606	438	0	0	0	0	0	0	0	0	0	0	0	0	0	0	0	0	0	0	0	0	0	0	0	0	0	0	0	0	0	0	0	0	0	0	0	0	0	0	0	0	0	0	
488232	Frontal_Sup_Medial_R	0	0	13244	42812	170	9720	4784	7802	0	284	0	968	0	2138	0	1738	0	0	7472	8550	162	1402	35140	0	918	9562	0	1654	322	2940	15182	41904	3208	21218	0	0	0	0	0	0	0	0	0	0	0	0	0	0	0	0	0	0	0	0	0	0	0	0	0	0	0	0	0	0	0	0	0	0	0	0	622	4330	370	5500	0	0	0	0	0	0	0	0	0	0	0	0	0	0	0	0	0	0	0	0	0	0	0	0	0	0	0	0	0	0	0	0	0	0	0	0	0	0	0	0	0	0	
74396	Frontal_Med_Orb_L	0	0	1598	138	5016	590	368	0	1518	0	0	0	0	0	794	0	0	0	0	0	2012	396	2778	918	0	3010	4436	548	1520	0	7110	762	0	0	0	0	178	0	160	0	414	0	0	0	0	0	0	0	0	0	0	0	0	0	0	0	0	0	0	0	0	0	0	0	0	0	0	0	0	0	970	402	1136	0	0	0	0	0	0	0	0	0	426	0	0	0	0	0	0	0	0	0	0	0	0	0	0	0	0	0	0	0	0	0	0	0	0	0	0	0	0	0	0	0	0	0	
168804	Frontal_Med_Orb_R	0	0	258	6384	422	13808	0	354	128	134	0	0	0	134	0	282	0	0	160	204	1466	6168	2252	9562	3010	0	1224	8434	196	494	5234	11626	0	288	0	0	0	0	0	0	150	0	0	0	0	0	0	0	0	0	0	0	0	0	0	0	0	0	0	0	0	0	0	0	0	0	0	0	0	0	734	6804	538	3954	0	0	0	0	0	0	0	0	0	0	0	0	0	0	0	0	0	0	0	0	0	0	0	0	0	0	0	0	0	0	0	0	0	0	0	0	0	0	0	0	0	0	
93036	Rectus_L	0	0	1424	0	7822	814	240	0	3084	0	0	0	140	0	3398	0	0	0	238	0	4352	494	1522	0	4436	1224	0	1004	3108	0	4986	378	0	0	0	0	0	0	250	0	462	0	0	0	0	0	0	0	0	0	0	0	0	0	0	0	0	0	0	0	0	0	0	0	0	0	0	0	0	0	3792	380	1860	0	0	0	0	0	0	0	0	0	1110	0	0	0	0	0	0	0	0	0	0	0	0	0	0	0	0	0	0	0	0	0	0	0	0	0	0	0	0	0	0	0	0	0	
90988	Rectus_R	0	0	0	1462	132	9340	0	410	0	422	0	0	0	0	100	1676	0	0	0	0	1042	5496	518	1654	548	8434	1004	0	202	702	1712	3846	0	0	0	0	0	0	0	0	134	318	0	0	0	0	0	0	0	0	0	0	0	0	0	0	0	0	0	0	0	0	0	0	0	0	0	0	0	0	548	4260	388	1050	0	0	0	0	0	0	0	0	0	96	0	0	0	0	0	0	0	0	0	0	0	0	0	0	0	0	0	0	0	0	0	0	0	0	0	0	0	0	0	0	0	0	
737200	Insula_L	11410	194	40348	336	7890	144	22570	770	2080	0	20684	154	21630	0	17792	0	23482	0	27452	160	6632	2086	2150	322	1520	196	3108	202	0	0	5336	1016	0	102	0	0	18666	0	2594	0	4798	0	128	0	0	0	144	0	0	0	1754	0	1318	0	10394	0	10884	0	256	0	460	0	1594	0	280	0	354	0	164	0	8628	2780	23954	430	594	750	584	0	9536	0	15584	0	6088	0	8246	0	0	0	16692	0	124	0	0	0	0	0	154	0	902	0	0	0	0	0	0	0	0	0	0	0	0	0	0	0	0	0	
421672	Insula_R	218	2044	1892	7468	0	2342	212	8332	0	138	0	13678	0	11370	0	11078	0	12798	4498	4930	0	1988	0	2940	0	494	0	702	0	0	264	5606	0	836	0	482	0	15336	0	7084	0	2284	0	1828	0	784	0	1134	0	740	0	1684	0	238	0	8706	0	1156	0	128	0	0	0	232	0	578	0	2572	0	184	796	2918	130	26046	0	584	0	1568	0	8116	0	10864	0	3122	0	6104	0	0	0	11458	0	0	0	0	0	0	0	0	0	152	0	0	0	0	0	0	0	0	0	0	0	0	0	0	0	0	
417400	Cingulum_Ant_L	150	0	19754	5220	7592	2218	4386	728	1346	0	0	676	208	606	1660	160	0	174	7304	2660	6430	5644	28412	15182	7110	5234	4986	1712	5336	264	0	28758	5330	7060	0	0	362	0	210	0	1736	0	0	0	0	0	0	0	0	0	0	0	0	0	152	0	0	0	0	0	0	0	0	0	0	0	0	0	0	0	9250	7018	9728	2840	132	322	0	0	0	0	0	0	650	0	0	0	0	0	0	0	0	0	0	0	0	0	0	0	0	0	0	0	0	0	0	0	0	0	0	0	0	0	0	0	0	0	
607044	Cingulum_Ant_R	188	0	13560	34338	370	5878	3212	6430	0	126	0	2260	0	4256	254	960	0	476	11948	11482	2118	7826	25824	41904	762	11626	378	3846	1016	5606	28758	0	5296	30392	0	0	0	0	0	0	422	0	0	0	0	0	0	0	0	0	0	0	0	0	0	0	0	0	0	0	0	0	0	0	0	0	0	0	0	0	5524	19982	3648	11898	0	280	0	678	0	0	0	0	0	0	0	0	0	0	0	0	0	0	0	0	0	0	0	0	0	0	0	0	0	0	0	0	0	0	0	0	0	0	0	0	0	0	
194544	Cingulum_Mid_L	346	104	5398	1986	0	0	2174	350	0	0	0	600	0	492	0	0	216	258	12484	4986	0	0	5826	3208	0	0	0	0	0	0	5330	5296	0	14052	4542	1120	0	0	0	0	0	0	908	466	3346	798	0	300	720	310	1250	0	524	0	122	0	154	292	154	112	98	0	0	0	0	164	7552	2946	6398	756	0	0	0	0	0	0	0	0	0	0	294	0	0	0	840	0	0	0	0	0	0	0	0	0	0	0	0	0	0	0	0	0	0	0	0	0	0	0	0	0	0	0	0	0	0	0	
514252	Cingulum_Mid_R	1112	1700	12784	22396	0	256	2352	3838	0	0	0	2492	0	1852	0	214	0	1422	22962	37968	0	0	15818	21218	0	288	0	0	102	836	7060	30392	14052	0	4356	12062	0	498	0	178	0	0	0	442	96	2370	0	160	228	1204	0	604	0	0	0	316	0	1432	0	702	0	532	0	406	0	926	2360	10744	3338	8410	720	942	236	364	0	0	0	368	0	0	0	434	0	0	0	706	0	0	0	878	0	0	0	0	0	0	0	0	0	0	0	0	0	0	0	0	0	0	0	0	0	0	0	0	0	0	
171520	Cingulum_Post_L	1638	936	214	688	0	0	128	0	0	0	0	0	0	0	0	0	0	0	2228	2348	0	0	0	0	0	0	0	0	0	0	0	0	4542	4356	0	11532	4344	2862	3994	1554	0	0	4688	336	2236	478	2208	414	564	240	1510	152	1846	0	3122	796	440	146	0	0	0	112	0	108	0	210	9702	4500	5738	1540	0	0	0	0	0	0	326	1496	0	0	132	0	0	0	620	0	0	0	330	278	0	0	0	0	0	0	0	0	0	0	0	0	0	0	0	0	0	0	0	0	128	0	0	0	0	0	
234012	Cingulum_Post_R	710	1682	266	1486	0	0	316	122	0	0	0	0	0	0	0	0	0	170	466	5640	0	0	0	0	0	0	0	0	0	482	0	0	1120	12062	11532	0	3888	6954	3324	3550	0	0	530	3108	614	2758	378	4354	376	950	158	576	1420	380	2932	2634	120	544	0	632	0	366	0	322	0	720	4890	17050	2032	4498	0	0	148	242	0	0	1402	3220	0	162	0	248	0	0	0	714	0	0	414	2354	0	0	0	0	0	0	0	154	0	0	0	0	0	0	0	0	0	0	0	0	1836	0	0	0	0	0	
415656	Hippocampus_L	5848	1576	9324	1638	334	0	2696	210	0	0	1306	0	280	0	552	0	2600	0	5804	0	584	282	0	0	178	0	0	0	18666	0	362	0	0	0	4344	3888	0	3770	22142	2292	7818	0	1824	0	0	0	4256	850	0	0	0	0	3968	0	28750	954	4028	0	0	0	0	0	0	0	0	0	3120	592	256	0	1354	534	17008	226	1806	118	4734	3380	4664	0	3218	0	430	0	1762	0	0	0	20564	204	276	0	0	0	0	0	594	0	1762	0	0	0	0	0	0	0	0	0	0	102	0	0	0	0	0	0	
524916	Hippocampus_R	1064	8316	1044	6780	0	0	306	3530	0	0	0	3990	0	338	0	0	0	6276	1894	4972	0	0	0	0	0	0	0	0	0	15336	0	0	0	498	2862	6954	3770	0	3492	46262	0	8428	0	2022	0	486	518	4628	0	392	0	996	1194	986	2734	41978	140	1968	0	0	0	0	0	0	0	130	492	5332	440	808	278	1914	184	23534	0	2636	2368	10576	0	1744	0	3540	0	762	0	3212	0	0	368	14646	0	332	0	0	0	100	172	2024	234	1030	0	0	0	0	0	0	0	0	0	0	1240	208	0	0	0	0	
203696	ParaHippocampal_L	1794	1020	1342	1086	342	0	436	0	0	0	178	0	0	0	550	0	226	0	632	0	496	0	0	0	160	0	250	0	2594	0	210	0	0	0	3994	3324	22142	3492	0	2188	2480	0	1872	0	0	0	6090	718	0	0	136	0	3732	0	15440	896	1020	0	0	0	0	0	0	0	0	0	3304	484	0	0	512	164	3836	126	454	0	2226	2816	644	0	136	0	1912	0	0	0	744	0	2042	194	296	0	0	0	434	0	1266	0	1038	0	0	0	0	0	218	0	0	0	0	162	0	0	0	0	0	0	
391916	ParaHippocampal_R	510	2228	508	2226	0	0	130	732	0	0	0	1796	0	218	0	318	0	1942	1200	2736	0	324	0	0	0	0	0	0	0	7084	0	0	0	178	1554	3550	2292	46262	2188	0	0	8634	0	1500	0	124	346	5822	0	110	0	148	796	1366	1820	37842	0	940	0	0	0	0	0	0	0	0	0	3292	206	308	132	1350	0	15264	0	2480	1356	7182	0	326	0	1056	0	4780	0	900	0	2376	278	9146	0	674	0	0	0	306	136	3544	268	1804	0	0	0	0	0	0	0	0	0	0	1128	242	0	0	0	0	
75460	Amygdala_L	0	0	728	0	678	116	632	0	0	0	0	0	100	0	702	0	0	0	124	0	2610	996	120	0	414	150	462	134	4798	0	1736	422	0	0	0	0	7818	0	2480	0	0	0	0	0	0	0	0	0	0	0	0	0	0	0	3288	0	0	0	0	0	0	0	0	0	0	0	0	0	0	0	2304	860	3938	350	0	0	0	0	0	0	96	0	662	0	0	0	0	0	858	0	0	0	0	0	0	0	0	0	154	0	0	0	0	0	0	0	0	0	0	0	0	0	0	0	0	0	
68304	Amygdala_R	0	0	0	118	0	152	0	0	0	0	0	0	0	0	0	818	0	0	204	164	0	1078	0	0	0	0	0	318	0	2284	0	0	0	0	0	0	0	8428	0	8634	0	0	0	0	0	0	0	0	0	0	0	0	0	0	0	4844	0	0	0	0	0	0	0	0	0	0	0	0	0	0	0	326	0	3068	0	168	0	0	0	0	0	0	0	2410	0	182	0	304	0	408	0	0	0	0	0	0	0	244	0	0	0	0	0	0	0	0	0	0	0	0	0	0	0	0	0	0	
301112	Calcarine_L	0	0	0	0	0	0	0	0	0	0	0	0	0	0	0	0	232	0	0	0	0	0	0	0	0	0	0	0	128	0	0	0	908	0	4688	530	1824	0	1872	0	0	0	0	8880	22026	6048	16506	3972	12932	1262	18172	202	3548	268	3852	1054	908	0	494	0	442	0	0	0	334	0	22946	2678	1508	0	0	0	0	0	0	0	0	0	158	0	368	0	0	0	2740	0	0	0	0	0	0	114	0	0	0	246	240	1732	276	1560	0	0	0	0	0	570	0	0	0	320	2708	766	0	0	164	380	
344788	Calcarine_R	0	316	0	0	0	0	0	364	0	0	0	246	0	0	0	0	0	648	0	0	0	0	0	0	0	0	0	0	0	1828	0	0	466	442	336	3108	0	2022	0	1500	0	0	8880	0	7678	26416	1060	33416	518	19000	254	9340	0	3646	0	5036	0	708	0	1010	0	1128	0	806	0	1678	3198	25636	0	0	0	0	0	820	0	0	0	0	0	506	0	396	0	0	0	2236	0	0	0	5156	0	0	0	0	0	0	0	716	120	388	0	0	0	0	0	0	0	0	0	0	1150	222	0	0	0	0	
292592	Cuneus_L	0	0	0	0	0	0	0	0	0	0	0	0	0	0	0	0	228	0	0	0	0	0	0	0	0	0	0	0	0	0	0	0	3346	96	2236	614	0	0	0	0	0	0	22026	7678	0	13926	2144	1528	24774	4712	16460	472	1666	0	804	192	1030	0	1714	166	518	0	0	0	356	0	28922	4998	2582	0	0	0	0	0	0	0	0	0	0	0	478	0	0	0	2476	0	0	0	0	154	0	0	0	0	0	0	0	0	0	0	0	0	0	0	0	0	0	0	0	0	0	0	0	0	0	0	
356212	Cuneus_R	0	146	0	0	0	0	0	184	0	0	0	0	0	0	0	0	0	102	0	448	0	0	0	0	0	0	0	0	0	784	0	0	798	2370	478	2758	0	486	0	124	0	0	6048	26416	13926	0	292	9694	1242	38384	492	16674	0	746	0	1024	0	306	158	6316	0	918	0	184	0	2690	8370	29690	0	372	0	0	0	288	0	0	0	0	0	200	0	194	0	0	0	2554	0	0	0	2250	0	0	0	0	0	0	0	0	0	0	0	0	0	0	0	0	0	0	0	0	0	0	0	0	0	0	
293592	Lingual_L	0	0	0	0	0	0	0	0	0	0	0	0	0	0	0	0	0	0	0	0	0	0	0	0	0	0	0	0	144	0	0	0	0	0	2208	378	4256	518	6090	346	0	0	16506	1060	2144	292	0	4136	2720	0	12500	0	10082	634	23448	2348	0	0	0	0	0	0	0	0	0	0	6146	542	0	0	0	0	0	0	0	0	216	234	0	0	100	0	0	0	150	0	0	0	740	164	2898	504	130	98	664	348	11080	2890	12948	3334	0	0	0	0	202	846	0	0	104	606	6728	4078	402	0	362	472	
385736	Lingual_R	260	324	0	0	0	0	0	198	0	0	0	166	0	0	0	0	0	526	0	0	0	0	0	0	0	0	0	0	0	1134	0	0	300	160	414	4354	850	4628	718	5822	0	0	3972	33416	1528	9694	4136	0	0	9992	190	5354	228	6384	816	20776	0	578	0	740	0	872	0	588	0	1046	1226	17744	0	0	0	0	172	590	0	0	402	994	0	314	0	236	0	0	0	778	0	0	0	4066	1504	2796	384	172	396	728	1754	7370	3518	10058	0	0	0	0	448	0	0	0	0	342	9012	6400	1300	0	0	0	
220808	Occipital_Sup_L	0	0	0	0	0	0	0	0	0	0	0	0	0	0	0	0	230	0	0	0	0	0	0	0	0	0	0	0	0	0	0	0	720	228	564	376	0	0	0	0	0	0	12932	518	24774	1242	2720	0	0	222	31342	0	976	0	700	0	312	0	7530	0	1530	0	0	0	1134	0	18594	978	384	0	0	0	0	0	0	0	0	0	0	0	298	0	0	0	2100	0	0	0	0	0	0	0	0	0	0	0	0	0	0	0	0	0	0	0	0	0	0	0	0	0	0	0	0	0	0	0	
310640	Occipital_Sup_R	0	170	0	0	0	0	0	134	0	0	0	0	0	0	0	0	0	204	0	188	0	0	0	0	0	0	0	0	0	740	0	0	310	1204	240	950	0	392	0	110	0	0	1262	19000	4712	38384	0	9992	222	0	0	28682	0	2318	0	1992	0	608	0	8018	0	1558	0	276	0	6710	3234	17502	0	294	0	0	0	234	0	0	0	0	0	248	0	252	0	0	0	3016	0	0	0	2046	0	0	0	0	0	0	0	0	0	118	0	0	0	0	0	0	0	0	0	0	0	0	0	0	0	0	
492776	Occipital_Mid_L	2824	0	166	0	0	0	0	0	0	0	0	0	0	0	0	0	2590	0	152	0	0	0	0	0	0	0	0	0	1754	0	0	0	1250	0	1510	158	0	0	136	0	0	0	18172	254	16460	492	12500	190	31342	0	0	0	22666	0	6930	0	3510	0	16522	0	21084	0	3760	0	23738	0	21412	662	1744	0	0	0	0	0	0	0	0	0	982	0	4496	0	0	0	24512	0	0	0	2766	0	326	0	0	0	0	0	262	0	732	0	0	0	0	0	0	0	0	0	0	0	218	116	0	0	0	0	
276160	Occipital_Mid_R	0	256	0	104	0	0	0	450	0	0	0	338	0	0	0	0	0	212	0	184	0	0	0	0	0	0	0	0	0	1684	0	0	0	604	152	576	0	996	0	148	0	0	202	9340	472	16674	0	5354	0	28682	0	0	0	5408	0	1282	0	616	0	5990	0	5952	0	410	0	18402	968	8486	0	158	0	0	0	1070	0	0	0	0	0	472	0	778	0	0	0	16006	0	0	0	5354	0	0	0	0	0	0	0	0	0	176	0	0	0	0	0	0	0	0	0	0	0	124	0	0	0	0	
233372	Occipital_Inf_L	754	350	334	388	0	0	152	0	0	0	234	0	112	0	0	0	234	0	250	0	0	0	0	0	0	0	0	0	1318	0	0	0	524	0	1846	1420	3968	1194	3732	796	0	0	3548	0	1666	0	10082	228	976	0	22666	0	0	0	18254	402	628	0	136	0	1796	0	406	0	1902	0	2118	108	194	0	0	0	104	0	0	0	364	868	770	0	1078	0	0	0	9230	0	0	0	7528	0	3494	0	0	0	246	0	3438	140	5988	132	0	0	0	0	0	0	0	0	0	0	390	200	0	0	0	0	
109844	Occipital_Inf_R	0	124	0	0	0	0	0	0	0	0	0	0	0	0	0	0	0	0	0	0	0	0	0	0	0	0	0	0	0	238	0	0	0	0	0	380	0	986	0	1366	0	0	268	3646	0	746	634	6384	0	2318	0	5408	0	0	158	10446	0	0	0	0	0	0	0	130	0	0	140	734	0	0	0	0	0	0	0	0	0	136	0	122	0	264	0	0	0	2460	0	0	0	5980	462	1030	0	0	0	0	234	706	868	4072	0	0	0	0	0	0	0	0	0	0	1002	2828	652	0	0	0	
513456	Fusiform_L	1002	936	3748	1020	166	0	538	0	0	0	1278	0	674	0	382	0	958	0	3348	0	230	136	0	0	0	0	0	0	10394	0	152	0	122	0	3122	2932	28750	2734	15440	1820	3288	0	3852	0	804	0	23448	816	700	0	6930	0	18254	158	0	1206	410	0	0	0	0	0	0	0	0	0	2210	218	0	0	566	212	6662	140	0	0	1494	2264	148	0	2684	0	2638	0	4558	0	1838	0	24490	196	15600	152	134	0	598	0	15338	546	28754	946	0	0	0	0	112	298	0	0	0	154	1924	1664	254	0	188	0	
569932	Fusiform_R	356	2398	320	2502	0	0	0	676	0	0	0	1262	0	246	0	150	0	2204	878	3074	0	0	0	0	0	0	0	0	0	8706	0	0	0	316	796	2634	954	41978	896	37842	0	4844	1054	5036	192	1024	2348	20776	0	1992	0	1282	402	10446	1206	0	0	922	0	0	0	0	0	0	0	0	270	3348	340	550	0	848	0	14508	0	1170	886	4924	0	1034	0	3378	0	5150	0	3324	0	3082	0	24124	1342	7162	236	210	0	282	794	10846	2930	19900	0	0	0	0	0	0	0	0	0	760	6332	6434	1090	0	0	0	
290048	Postcentral_L	28520	622	2190	678	0	0	560	396	0	0	2208	0	0	0	0	0	9380	0	1384	150	0	0	0	0	0	0	0	0	10884	0	0	0	154	0	440	120	4028	140	1020	0	0	0	908	0	1030	0	0	0	312	0	3510	0	628	0	410	0	0	0	7212	0	23130	0	10250	0	1260	0	6502	0	4564	0	1534	246	2974	0	0	0	2148	332	7332	0	4330	0	0	0	1940	0	0	0	1598	0	0	0	0	0	0	0	0	0	0	0	0	0	0	0	0	0	0	0	0	0	0	0	0	0	0	0	
149336	Postcentral_R	0	13520	0	970	0	0	0	372	0	0	0	152	0	0	0	0	0	2742	0	176	0	0	0	0	0	0	0	0	0	1156	0	0	292	1432	146	544	0	1968	0	940	0	0	0	708	0	306	0	578	0	608	0	616	0	0	0	922	0	0	0	8536	0	8248	0	9462	0	3728	552	6330	0	4070	0	488	0	630	0	0	0	1504	0	98	0	1378	0	0	0	748	0	0	0	748	0	0	0	0	0	0	0	0	0	0	0	0	0	0	0	0	0	0	0	0	0	0	0	0	0	0	
157276	Parietal_Sup_L	712	0	0	0	0	0	0	0	0	0	0	0	0	0	0	0	482	0	0	0	0	0	0	0	0	0	0	0	256	0	0	0	154	0	0	0	0	0	0	0	0	0	494	0	1714	158	0	0	7530	0	16522	0	136	0	0	0	7212	0	0	0	15674	0	1652	0	6188	0	16122	510	754	0	0	0	0	0	0	0	0	0	0	0	892	0	0	0	1476	0	0	0	0	0	0	0	0	0	0	0	0	0	0	0	0	0	0	0	0	0	0	0	0	0	0	0	0	0	0	0	
152172	Parietal_Sup_R	0	324	0	0	0	0	0	0	0	0	0	0	0	0	0	0	0	380	0	96	0	0	0	0	0	0	0	0	0	128	0	0	112	702	0	632	0	0	0	0	0	0	0	1010	166	6316	0	740	0	8018	0	5990	0	0	0	0	0	8536	0	0	0	11386	0	2242	0	13190	1224	11930	0	718	0	124	0	0	0	0	0	284	0	0	0	276	0	0	0	932	0	0	0	630	0	0	0	0	0	0	0	0	0	0	0	0	0	0	0	0	0	0	0	0	0	0	0	0	0	0	
277180	Parietal_Inf_L	6972	136	262	140	0	0	116	0	0	0	0	0	0	0	0	0	1148	0	186	0	0	0	0	0	0	0	0	0	460	0	0	0	98	0	0	0	0	0	0	0	0	0	442	0	518	0	0	0	1530	0	21084	0	1796	0	0	0	23130	0	15674	0	0	0	16368	0	26376	0	5206	0	1526	0	0	0	96	0	0	0	154	0	98	0	4196	0	0	0	10420	0	0	0	458	0	0	0	0	0	0	0	0	0	0	0	0	0	0	0	0	0	0	0	0	0	0	0	0	0	0	0	
146392	Parietal_Inf_R	0	986	0	0	0	0	0	0	0	0	0	0	0	0	0	0	0	214	0	144	0	0	0	0	0	0	0	0	0	0	0	0	0	532	112	366	0	0	0	0	0	0	0	1128	0	918	0	872	0	1558	0	5952	0	0	0	0	0	8248	0	11386	0	0	0	10420	0	21256	212	3188	0	486	0	142	0	0	0	0	0	344	0	0	0	532	0	0	0	2542	0	0	0	1658	0	0	0	0	0	0	0	0	0	0	0	0	0	0	0	0	0	0	0	0	0	0	0	0	0	0	
110680	SupraMarginal_L	2532	0	0	0	0	0	0	0	0	0	0	0	0	0	0	0	2068	0	0	0	0	0	0	0	0	0	0	0	1594	0	0	0	0	0	0	0	0	0	0	0	0	0	0	0	0	0	0	0	0	0	3760	0	406	0	0	0	10250	0	1652	0	16368	0	0	0	3434	0	1372	0	428	0	0	0	0	0	0	0	0	0	646	0	6648	0	0	0	3980	0	0	0	202	0	0	0	0	0	0	0	0	0	0	0	0	0	0	0	0	0	0	0	0	0	0	0	0	0	0	0	
105716	SupraMarginal_R	0	1782	0	278	0	0	0	0	0	0	0	0	0	0	0	0	0	2626	0	168	0	0	0	0	0	0	0	0	0	232	0	0	0	406	108	322	0	0	0	0	0	0	0	806	0	184	0	588	0	276	0	410	0	130	0	0	0	9462	0	2242	0	10420	0	0	0	9220	154	1964	0	126	0	176	0	0	0	0	0	464	0	178	0	4942	0	0	0	3348	0	0	0	1846	0	0	0	0	0	0	0	0	0	0	0	0	0	0	0	0	0	0	0	0	0	0	0	0	0	0	
168352	Angular_L	508	0	0	0	0	0	0	0	0	0	0	0	0	0	0	0	428	0	0	0	0	0	0	0	0	0	0	0	280	0	0	0	0	0	0	0	0	0	0	0	0	0	334	0	356	0	0	0	1134	0	23738	0	1902	0	0	0	1260	0	6188	0	26376	0	3434	0	0	0	1880	0	180	0	0	0	0	0	0	0	0	0	0	0	2342	0	0	0	13426	0	0	0	410	0	0	0	0	0	0	0	0	0	0	0	0	0	0	0	0	0	0	0	0	0	0	0	0	0	0	0	
217100	Angular_R	0	336	0	0	0	0	0	0	0	0	0	0	0	0	0	0	0	234	0	294	0	0	0	0	0	0	0	0	0	578	0	0	164	926	210	720	0	130	0	0	0	0	0	1678	0	2690	0	1046	0	6710	0	18402	0	0	0	0	0	3728	0	13190	0	21256	0	9220	0	0	588	5336	230	834	0	136	0	0	0	0	0	288	0	228	0	3626	0	0	0	12416	0	0	0	3356	0	0	0	0	0	0	0	0	0	0	0	0	0	0	0	0	0	0	0	0	0	0	0	0	0	0	
439968	Precuneus_L	620	186	0	0	0	0	0	0	0	0	0	0	0	0	0	0	1022	132	102	422	0	0	0	0	0	0	0	0	354	0	0	0	7552	2360	9702	4890	3120	492	3304	0	0	0	22946	3198	28922	8370	6146	1226	18594	3234	21412	968	2118	140	2210	270	6502	552	16122	1224	5206	212	1372	154	1880	588	0	18570	5848	550	0	0	0	0	0	0	0	224	166	0	1542	308	0	0	3766	394	0	0	106	372	0	0	0	0	0	0	112	0	104	0	0	0	0	0	0	0	0	0	0	0	98	0	0	0	0	0	
473576	Precuneus_R	96	778	0	112	0	0	0	508	0	0	0	316	0	0	0	0	0	1502	106	1542	0	0	0	0	0	0	0	0	0	2572	0	0	2946	10744	4500	17050	592	5332	484	3292	0	0	2678	25636	4998	29690	542	17744	978	17502	662	8486	108	734	218	3348	0	6330	510	11930	0	3188	0	1964	0	5336	18570	0	582	3900	0	0	0	1066	0	0	0	1188	0	798	0	1666	0	0	224	3178	0	0	0	7506	0	0	0	0	0	0	0	814	0	0	0	0	0	0	0	0	0	0	0	0	2242	0	0	0	0	0	
217036	Paracentral_Lobule_L	10992	4334	1474	3518	0	0	182	256	0	0	0	0	0	0	0	0	98	0	19776	8218	0	0	0	0	0	0	0	0	164	0	0	0	6398	3338	5738	2032	256	440	0	206	0	0	1508	0	2582	0	0	0	384	0	1744	0	194	0	0	340	4564	0	754	0	1526	0	428	0	180	230	5848	582	0	2766	4304	746	262	544	452	122	8682	572	118	0	288	0	0	0	960	170	0	0	0	248	0	0	0	0	0	0	0	0	0	0	0	0	0	0	0	0	0	0	0	0	0	0	0	0	0	0	
88944	Paracentral_Lobule_R	0	3254	0	0	0	0	0	0	0	0	0	0	0	0	0	0	0	110	204	8294	0	0	0	0	0	0	0	0	0	184	0	0	756	8410	1540	4498	0	808	0	308	0	0	0	0	0	372	0	0	0	294	0	158	0	0	0	550	0	4070	0	718	0	486	0	126	0	834	550	3900	2766	0	0	0	0	0	0	0	0	0	0	0	0	104	0	0	0	252	0	0	0	926	0	0	0	0	0	0	0	0	0	0	0	0	0	0	0	0	0	0	0	0	0	0	0	0	0	0	
384096	Caudate_L	3914	1362	11582	3186	4578	436	3226	4852	174	0	232	1560	272	200	4362	122	320	352	13524	3702	12340	8028	1166	622	970	734	3792	548	8628	796	9250	5524	0	720	0	0	1354	278	512	132	2304	0	0	0	0	0	0	0	0	0	0	0	0	0	566	0	1534	0	0	0	0	0	0	0	0	0	0	0	4304	0	0	15312	28250	5020	5044	3280	10544	446	150	0	0	0	1596	0	0	0	0	0	348	0	0	0	0	0	0	0	0	0	0	0	0	0	0	0	0	0	0	0	0	0	0	0	0	0	0	0	
435472	Caudate_R	2736	4178	4480	11294	574	5266	652	2290	0	210	220	2170	0	482	494	790	0	1224	7364	17198	5110	12818	934	4330	402	6804	380	4260	2780	2918	7018	19982	0	942	0	0	534	1914	164	1350	860	326	0	0	0	0	0	0	0	0	0	0	0	0	212	848	246	488	0	124	0	142	0	176	0	136	0	0	746	0	15312	0	11742	21932	1774	5740	738	21262	0	0	0	146	154	108	0	106	0	0	0	156	0	0	0	0	0	0	0	0	0	0	0	0	0	0	0	0	0	0	0	0	0	0	0	0	0	0	
459848	Putamen_L	4934	802	23806	642	4170	282	2634	422	162	0	1344	166	394	0	2814	0	1608	98	17734	978	9048	7314	1606	370	1136	538	1860	388	23954	130	9728	3648	0	236	0	148	17008	184	3836	0	3938	0	0	0	0	0	0	172	0	0	0	0	104	0	6662	0	2974	0	0	0	96	0	0	0	0	0	0	0	262	0	28250	11742	0	3438	8116	3012	3822	254	748	0	3120	0	1304	0	906	0	0	0	6610	0	0	0	0	0	0	0	0	0	272	0	0	0	0	0	0	0	0	0	0	0	0	0	0	0	0	0	
470944	Putamen_R	310	2114	3030	13480	0	4576	202	5592	0	216	0	8146	0	2048	158	1528	0	3604	7752	12474	1240	2656	438	5500	0	3954	0	1050	430	26046	2840	11898	0	364	0	242	226	23534	126	15264	350	3068	0	820	0	288	0	590	0	234	0	1070	0	0	140	14508	0	630	0	0	0	0	0	0	0	0	0	1066	544	0	5020	21932	3438	0	0	6122	132	2760	0	194	0	1606	0	908	0	2058	0	0	0	6504	0	0	0	0	0	0	0	194	0	258	0	0	0	0	0	0	0	0	0	0	0	0	0	0	0	0	
64524	Pallidum_L	980	174	4804	196	290	0	110	128	0	0	0	0	0	0	0	0	0	0	3424	176	496	858	0	0	0	0	0	0	594	0	132	0	0	0	0	0	1806	0	454	0	0	0	0	0	0	0	0	0	0	0	0	0	0	0	0	0	0	0	0	0	0	0	0	0	0	0	0	0	452	0	5044	1774	8116	0	0	452	1702	100	0	0	0	0	0	0	0	0	0	0	0	0	0	0	0	0	0	0	0	0	0	0	0	0	0	0	0	0	0	0	0	0	0	0	0	0	0	0	
73340	Pallidum_R	0	136	424	2608	0	0	0	560	0	0	0	478	0	0	0	0	0	318	432	2872	0	968	0	0	0	0	0	0	750	584	322	280	0	0	0	0	118	2636	0	2480	0	168	0	0	0	0	0	0	0	0	0	0	0	0	0	1170	0	0	0	0	0	0	0	0	0	0	0	0	122	0	3280	5740	3012	6122	452	0	0	528	0	0	0	0	0	0	0	0	0	0	0	110	0	0	0	0	0	0	0	0	0	0	0	0	0	0	0	0	0	0	0	0	0	0	0	0	0	0	
168664	Thalamus_L	8142	4324	5162	3752	0	0	1654	166	0	0	276	0	0	0	0	0	198	0	9010	128	0	0	0	0	0	0	0	0	584	0	0	0	0	0	326	1402	4734	2368	2226	1356	0	0	0	0	0	0	216	402	0	0	0	0	364	0	1494	886	2148	0	0	0	154	0	0	0	0	0	0	0	8682	0	10544	738	3822	132	1702	0	0	6672	0	0	0	0	0	0	0	0	0	0	274	142	0	0	0	0	0	0	0	0	0	0	0	0	0	0	0	0	0	0	0	152	0	0	0	0	0	0	
268060	Thalamus_R	4540	11004	1424	17232	0	0	842	2798	0	0	172	694	0	0	0	0	0	1266	662	12686	0	0	0	0	0	0	0	0	0	1568	0	678	0	368	1496	3220	3380	10576	2816	7182	0	0	0	0	0	0	234	994	0	0	0	0	868	136	2264	4924	332	1504	0	284	0	344	0	464	0	288	224	1188	572	0	446	21262	254	2760	100	528	6672	0	0	154	0	264	0	0	0	174	0	0	306	1114	0	0	0	0	0	0	0	282	0	150	0	0	0	0	0	0	0	0	0	0	340	0	0	0	0	0	
104208	Heschl_L	3760	0	452	0	0	0	210	142	0	0	870	0	0	0	0	0	7488	0	216	0	0	0	0	0	0	0	0	0	9536	0	0	0	0	0	0	0	4664	0	644	0	0	0	158	0	0	0	0	0	0	0	982	0	770	0	148	0	7332	0	0	0	98	0	646	0	0	0	166	0	118	0	150	0	748	0	0	0	0	0	0	0	5956	0	0	0	2504	0	0	0	4346	0	0	0	0	0	0	0	0	0	0	0	0	0	0	0	0	0	0	0	0	0	0	0	0	0	0	0	
73444	Heschl_R	0	138	0	122	0	0	0	0	0	0	0	396	0	0	0	0	0	4752	0	290	0	0	0	0	0	0	0	0	0	8116	0	0	0	0	0	162	0	1744	0	326	0	0	0	506	0	200	0	314	0	248	0	472	0	122	0	1034	0	98	0	0	0	0	0	178	0	228	0	798	0	0	0	0	0	194	0	0	0	154	0	0	0	9120	0	134	0	3242	0	0	0	3634	0	0	0	0	0	0	0	0	0	0	0	0	0	0	0	0	0	0	0	0	0	0	0	0	0	0	
278496	Temporal_Sup_L	1124	0	2280	0	0	0	336	0	0	0	3802	0	1408	0	494	0	13886	0	2078	0	0	0	0	0	0	0	0	0	15584	0	0	0	294	0	132	0	3218	0	136	0	96	0	368	0	478	0	100	0	298	0	4496	0	1078	0	2684	0	4330	0	892	0	4196	0	6648	0	2342	0	1542	0	288	0	0	0	3120	0	0	0	0	0	5956	0	0	0	5636	0	34262	0	0	0	15316	0	0	0	0	0	0	0	96	0	254	0	0	0	0	0	0	0	0	0	0	0	0	0	0	0	0	0	
178676	Temporal_Sup_R	0	368	0	148	0	0	0	222	0	0	0	816	0	0	0	0	0	9842	0	292	0	0	0	0	0	0	0	0	0	10864	0	0	0	434	0	248	0	3540	0	1056	0	0	0	396	0	194	0	236	0	252	0	778	0	264	0	3378	0	1378	0	276	0	532	0	4942	0	3626	308	1666	0	104	0	146	0	1606	0	0	0	264	0	9120	0	0	0	4876	0	17794	0	618	0	8754	0	0	0	0	0	0	0	0	0	0	0	0	0	0	0	0	0	0	0	0	0	0	0	0	0	0	
103752	Temporal_Pole_Sup_L	0	0	704	0	2104	0	410	0	140	0	902	0	1102	0	3856	0	1396	0	304	0	1822	166	0	0	426	0	1110	0	6088	0	650	0	0	0	0	0	430	0	1912	0	662	0	0	0	0	0	0	0	0	0	0	0	0	0	2638	0	0	0	0	0	0	0	0	0	0	0	0	0	0	0	1596	154	1304	0	0	0	0	0	0	0	5636	0	0	0	9428	0	2618	0	4318	0	0	0	0	0	0	0	0	0	0	0	0	0	0	0	0	0	0	0	0	0	0	0	0	0	0	0	
78644	Temporal_Pole_Sup_R	0	0	0	0	0	0	0	0	0	0	0	500	0	0	0	482	0	446	0	0	0	340	0	0	0	0	0	96	0	3122	0	0	0	0	0	0	0	762	0	4780	0	2410	0	0	0	0	0	0	0	0	0	0	0	0	0	5150	0	0	0	0	0	0	0	0	0	0	0	0	0	0	0	108	0	908	0	0	0	0	0	134	0	4876	0	0	0	5202	0	6032	0	3974	0	0	0	0	0	0	0	0	0	0	0	0	0	0	0	0	0	0	0	0	0	0	0	0	0	0	
373712	Temporal_Mid_L	1442	0	572	0	0	0	106	0	0	0	1586	0	570	0	370	0	5738	0	522	0	0	0	0	0	0	0	0	0	8246	0	0	0	840	0	620	0	1762	0	0	0	0	0	2740	0	2476	0	150	0	2100	0	24512	0	9230	0	4558	0	1940	0	1476	0	10420	0	3980	0	13426	0	3766	224	960	0	0	0	906	0	0	0	0	0	2504	0	34262	0	9428	0	0	0	3628	0	31340	0	0	0	0	0	0	0	106	0	350	0	0	0	0	0	0	0	0	0	0	0	0	0	0	0	0	0	
268836	Temporal_Mid_R	0	442	0	184	0	0	0	598	0	0	0	758	0	0	0	98	0	804	0	456	0	0	0	0	0	0	0	0	0	6104	0	0	0	706	0	714	0	3212	0	900	0	182	0	2236	0	2554	0	778	0	3016	0	16006	0	2460	0	3324	0	748	0	932	0	2542	0	3348	0	12416	394	3178	170	252	0	106	0	2058	0	0	0	174	0	3242	0	17794	0	5202	0	0	0	3214	0	33116	0	0	0	0	0	0	0	0	0	0	0	0	0	0	0	0	0	0	0	0	0	0	0	0	0	0	
22028	Temporal_Pole_Mid_L	0	0	0	0	0	0	0	0	0	0	0	0	0	0	0	0	0	0	0	0	0	0	0	0	0	0	0	0	0	0	0	0	0	0	0	0	0	0	744	0	0	0	0	0	0	0	0	0	0	0	0	0	0	0	1838	0	0	0	0	0	0	0	0	0	0	0	0	0	0	0	0	0	0	0	0	0	0	0	0	0	0	0	2618	0	3628	0	0	0	2186	0	0	0	0	0	0	0	0	0	0	0	0	0	0	0	0	0	0	0	0	0	0	0	0	0	0	0	
36204	Temporal_Pole_Mid_R	0	0	0	0	0	0	0	0	0	0	0	0	0	0	0	0	0	0	0	0	0	0	0	0	0	0	0	0	0	0	0	0	0	0	0	0	0	0	0	2376	0	304	0	0	0	0	0	0	0	0	0	0	0	0	0	3082	0	0	0	0	0	0	0	0	0	0	0	0	0	0	0	0	0	0	0	0	0	0	0	0	0	618	0	6032	0	3214	0	0	0	2476	0	0	0	0	0	0	0	0	0	0	0	0	0	0	0	0	0	0	0	0	0	0	0	0	0	0	
334912	Temporal_Inf_L	1046	170	4056	186	110	0	266	0	0	0	2370	0	858	0	312	0	4152	0	4020	0	0	0	0	0	0	0	0	0	16692	0	0	0	0	0	330	414	20564	368	2042	278	858	0	0	0	0	0	740	0	0	0	2766	0	7528	0	24490	0	1598	0	0	0	458	0	202	0	410	0	106	0	0	0	348	0	6610	0	0	0	274	306	4346	0	15316	0	4318	0	31340	0	2186	0	0	0	1718	0	264	0	0	0	750	0	2290	0	0	0	0	0	0	0	0	0	0	0	0	0	0	0	0	0	
354608	Temporal_Inf_R	0	1708	0	528	0	0	0	1598	0	0	0	1464	0	0	0	0	0	2306	0	1242	0	0	0	0	0	0	0	0	0	11458	0	0	0	878	278	2354	204	14646	194	9146	0	408	0	5156	154	2250	164	4066	0	2046	0	5354	0	5980	196	24124	0	748	0	630	0	1658	0	1846	0	3356	372	7506	248	926	0	156	0	6504	0	110	142	1114	0	3634	0	8754	0	3974	0	33116	0	2476	0	0	0	254	0	0	0	0	0	504	104	866	0	0	0	0	0	0	0	0	0	0	286	118	0	0	0	0	
420592	Cerebelum_Crus1_L	0	0	0	0	0	0	0	0	0	0	0	0	0	0	0	0	0	0	0	0	0	0	0	0	0	0	0	0	124	0	0	0	0	0	0	0	276	0	296	0	0	0	0	0	0	0	2898	1504	0	0	326	0	3494	462	15600	1342	0	0	0	0	0	0	0	0	0	0	0	0	0	0	0	0	0	0	0	0	0	0	0	0	0	0	0	0	0	0	0	0	1718	0	0	3224	27158	4906	4084	102	15804	208	49322	5030	11212	3146	16426	4090	5184	2918	1378	518	116	264	960	12622	9756	1600	2228	0	
371144	Cerebelum_Crus1_R	0	0	0	0	0	0	0	0	0	0	0	0	0	0	0	0	0	0	0	0	0	0	0	0	0	0	0	0	0	0	0	0	0	0	0	0	0	332	0	674	0	0	114	0	0	0	504	2796	0	0	0	0	0	1030	152	7162	0	0	0	0	0	0	0	0	0	0	0	0	0	0	0	0	0	0	0	0	0	0	0	0	0	0	0	0	0	0	0	0	0	254	3224	0	1166	30426	142	3102	706	12030	3042	46160	634	9138	1504	26056	884	10908	144	1982	144	2370	2350	6094	7646	1214	1266	222	
242276	Cerebelum_Crus2_L	0	0	0	0	0	0	0	0	0	0	0	0	0	0	0	0	0	0	0	0	0	0	0	0	0	0	0	0	0	0	0	0	0	0	0	0	0	0	0	0	0	0	0	0	0	0	130	384	0	0	0	0	0	0	134	236	0	0	0	0	0	0	0	0	0	0	0	0	0	0	0	0	0	0	0	0	0	0	0	0	0	0	0	0	0	0	0	0	264	0	27158	1166	0	5050	0	0	110	0	3140	1044	28724	4142	26210	4020	4342	784	1320	162	0	0	0	3254	6610	2190	564	0	
294096	Cerebelum_Crus2_R	0	0	0	0	0	0	0	0	0	0	0	0	0	0	0	0	0	0	0	0	0	0	0	0	0	0	0	0	0	0	0	0	0	0	0	0	0	0	0	0	0	0	0	0	0	0	98	172	0	0	0	0	0	0	0	210	0	0	0	0	0	0	0	0	0	0	0	0	0	0	0	0	0	0	0	0	0	0	0	0	0	0	0	0	0	0	0	0	0	0	4906	30426	5050	0	98	180	330	274	1412	4984	3746	25826	4390	37774	828	9336	134	250	0	198	548	2358	9202	3186	954	178	
55380	Cerebelum_3_L	0	0	0	0	0	0	0	0	0	0	0	0	0	0	0	0	0	0	0	0	0	0	0	0	0	0	0	0	0	0	0	0	0	0	0	0	0	0	434	0	0	0	0	0	0	0	664	396	0	0	0	0	246	0	598	0	0	0	0	0	0	0	0	0	0	0	0	0	0	0	0	0	0	0	0	0	0	0	0	0	0	0	0	0	0	0	0	0	0	0	4084	142	0	98	0	0	8090	290	5282	360	0	0	360	0	1520	338	0	0	854	1486	1556	450	102	0	188	152	
56544	Cerebelum_3_R	0	0	0	0	0	0	0	0	0	0	0	0	0	0	0	0	0	0	0	0	0	0	0	0	0	0	0	0	0	0	0	0	0	0	0	0	0	100	0	306	0	0	246	0	0	0	348	728	0	0	0	0	0	0	0	282	0	0	0	0	0	0	0	0	0	0	0	0	0	0	0	0	0	0	0	0	0	0	0	0	0	0	0	0	0	0	0	0	0	0	102	3102	0	180	0	0	374	5886	158	7216	0	132	0	258	230	932	0	160	698	4368	1060	572	0	0	468	366	
247684	Cerebelum_4_5_L	0	0	0	0	0	0	0	0	0	0	0	0	0	0	0	0	0	0	0	0	0	0	0	0	0	0	0	0	154	0	0	0	0	0	0	0	594	172	1266	136	0	0	240	0	0	0	11080	1754	0	0	262	0	3438	234	15338	794	0	0	0	0	0	0	0	0	0	0	112	0	0	0	0	0	0	0	0	0	0	0	0	0	96	0	0	0	106	0	0	0	750	0	15804	706	110	330	8090	374	0	2222	31990	2764	704	198	740	372	4916	1856	950	0	232	1040	8868	2578	194	136	1240	902	
201648	Cerebelum_4_5_R	0	0	0	0	0	0	0	0	0	0	0	0	0	0	0	0	0	0	0	0	0	0	0	0	0	0	0	0	0	0	0	0	0	0	0	154	0	2024	0	3544	0	244	1732	716	0	0	2890	7370	0	0	0	0	140	706	546	10846	0	0	0	0	0	0	0	0	0	0	0	814	0	0	0	0	0	194	0	0	0	282	0	0	0	0	0	0	0	0	0	0	0	504	208	12030	0	274	290	5886	2222	0	1296	27268	0	246	0	310	606	704	0	250	0	3354	11478	1026	0	0	202	468	
443392	Cerebelum_6_L	0	0	134	0	0	0	0	0	0	0	0	0	0	0	0	0	0	0	108	0	0	0	0	0	0	0	0	0	902	0	0	0	0	0	0	0	1762	234	1038	268	154	0	276	120	0	0	12948	3518	0	0	732	0	5988	868	28754	2930	0	0	0	0	0	0	0	0	0	0	104	0	0	0	0	0	272	0	0	0	0	0	0	0	254	0	0	0	350	0	0	0	2290	104	49322	3042	3140	1412	5282	158	31990	1296	0	7350	3228	236	6102	1326	5204	3764	1034	504	148	388	5210	16584	5772	1610	3318	168	
407424	Cerebelum_6_R	0	0	0	0	0	0	0	0	0	0	0	0	0	0	0	0	0	0	0	0	0	0	0	0	0	0	0	0	0	152	0	0	0	0	0	0	0	1030	0	1804	0	0	1560	388	0	0	3334	10058	0	118	0	176	132	4072	946	19900	0	0	0	0	0	0	0	0	0	0	0	0	0	0	0	0	0	258	0	0	0	150	0	0	0	0	0	0	0	0	0	0	0	866	5030	46160	1044	4984	360	7216	2764	27268	7350	0	568	2016	1308	7024	990	4038	134	2460	370	4516	11540	12686	6818	952	1172	0	
219224	Cerebelum_7b_L	0	0	0	0	0	0	0	0	0	0	0	0	0	0	0	0	0	0	0	0	0	0	0	0	0	0	0	0	0	0	0	0	0	0	0	0	0	0	0	0	0	0	0	0	0	0	0	0	0	0	0	0	0	0	0	0	0	0	0	0	0	0	0	0	0	0	0	0	0	0	0	0	0	0	0	0	0	0	0	0	0	0	0	0	0	0	0	0	0	0	11212	634	28724	3746	0	0	704	0	3228	568	0	2764	31636	3936	7028	786	3284	0	0	0	0	2120	5140	3280	822	0	
167608	Cerebelum_7b_R	0	0	0	0	0	0	0	0	0	0	0	0	0	0	0	0	0	0	0	0	0	0	0	0	0	0	0	0	0	0	0	0	0	0	0	0	0	0	0	0	0	0	0	0	0	0	0	0	0	0	0	0	0	0	0	0	0	0	0	0	0	0	0	0	0	0	0	0	0	0	0	0	0	0	0	0	0	0	0	0	0	0	0	0	0	0	0	0	0	0	3146	9138	4142	25826	0	132	198	246	236	2016	2764	0	2500	22946	0	1298	0	118	0	146	360	432	5764	2280	116	0	
293824	Cerebelum_8_L	0	0	0	0	0	0	0	0	0	0	0	0	0	0	0	0	0	0	0	0	0	0	0	0	0	0	0	0	0	0	0	0	0	0	0	0	0	0	0	0	0	0	0	0	0	0	0	0	0	0	0	0	0	0	0	0	0	0	0	0	0	0	0	0	0	0	0	0	0	0	0	0	0	0	0	0	0	0	0	0	0	0	0	0	0	0	0	0	0	0	16426	1504	26210	4390	360	0	740	0	6102	1308	31636	2500	0	5266	17984	3084	6168	310	0	0	152	5716	8118	5748	3190	0	
303740	Cerebelum_8_R	0	0	0	0	0	0	0	0	0	0	0	0	0	0	0	0	0	0	0	0	0	0	0	0	0	0	0	0	0	0	0	0	0	0	0	0	0	0	0	0	0	0	0	0	0	0	0	0	0	0	0	0	0	0	0	0	0	0	0	0	0	0	0	0	0	0	0	0	0	0	0	0	0	0	0	0	0	0	0	0	0	0	0	0	0	0	0	0	0	0	4090	26056	4020	37774	0	258	372	310	1326	7024	3936	22946	5266	0	610	17512	0	1370	140	356	648	2576	9224	4198	1606	252	
147892	Cerebelum_9_L	0	0	0	0	0	0	0	0	0	0	0	0	0	0	0	0	0	0	0	0	0	0	0	0	0	0	0	0	0	0	0	0	0	0	0	0	0	0	218	0	0	0	0	0	0	0	202	448	0	0	0	0	0	0	112	0	0	0	0	0	0	0	0	0	0	0	0	0	0	0	0	0	0	0	0	0	0	0	0	0	0	0	0	0	0	0	0	0	0	0	5184	884	4342	828	1520	230	4916	606	5204	990	7028	0	17984	610	0	2482	7466	160	0	374	2872	3626	2142	806	1942	770	
179968	Cerebelum_9_R	0	0	0	0	0	0	0	0	0	0	0	0	0	0	0	0	0	0	0	0	0	0	0	0	0	0	0	0	0	0	0	0	0	0	0	0	0	0	0	0	0	0	570	0	0	0	846	0	0	0	0	0	0	0	298	0	0	0	0	0	0	0	0	0	0	0	0	0	0	0	0	0	0	0	0	0	0	0	0	0	0	0	0	0	0	0	0	0	0	0	2918	10908	784	9336	338	932	1856	704	3764	4038	786	1298	3084	17512	2482	0	332	2158	378	1136	2784	6118	2812	3376	6760	1676	
47824	Cerebelum_10_L	0	0	0	0	0	0	0	0	0	0	0	0	0	0	0	0	0	0	0	0	0	0	0	0	0	0	0	0	0	0	0	0	0	0	0	0	0	0	0	0	0	0	0	0	0	0	0	0	0	0	0	0	0	0	0	0	0	0	0	0	0	0	0	0	0	0	0	0	0	0	0	0	0	0	0	0	0	0	0	0	0	0	0	0	0	0	0	0	0	0	1378	144	1320	134	0	0	950	0	1034	134	3284	0	6168	0	7466	332	0	0	0	0	0	756	432	116	264	0	
26268	Cerebelum_10_R	0	0	0	0	0	0	0	0	0	0	0	0	0	0	0	0	0	0	0	0	0	0	0	0	0	0	0	0	0	0	0	0	0	0	0	0	0	0	0	0	0	0	0	0	0	0	0	0	0	0	0	0	0	0	0	0	0	0	0	0	0	0	0	0	0	0	0	0	0	0	0	0	0	0	0	0	0	0	0	0	0	0	0	0	0	0	0	0	0	0	518	1982	162	250	0	160	0	250	504	2460	0	118	310	1370	160	2158	0	0	0	0	0	848	664	540	680	0	
