data	data	378748	192540	1.26116e+06	917564	149804	82880	563980	260340	57980	19696	357660	176696	363808	227104	167028	99100	164340	94972	854932	1.14723e+06	89552	81516	473472	513816	27832	81352	58852	78388	692320	333768	361528	494516	236272	762380	79720	110204	220364	271784	67452	100780	43220	56936	141136	172660	91064	301484	233212	177264	136436	342880	338104	229680	58512	35368	274172	342956	221604	203048	165912	141828	214960	107240	89536	120828	130020	110068	178484	379272	236332	281280	325956	298184	299556	326492	36008	15736	123068	160344	81784	17472	149072	73032	78980	57340	238232	153824	27484	31624	224664	224008	384204	419896	219336	245044	15080	45516	306836	226788	485668	425852	139340	99996	214940	222928	108696	85460	16632	37324	8032	41788	256072	213924	131720	106020	64240	35828	
data	data	Precentral_L	Precentral_R	Frontal_Sup_L	Frontal_Sup_R	Frontal_Sup_Orb_L	Frontal_Sup_Orb_R	Frontal_Mid_L	Frontal_Mid_R	Frontal_Mid_Orb_L	Frontal_Mid_Orb_R	Frontal_Inf_Oper_L	Frontal_Inf_Oper_R	Frontal_Inf_Tri_L	Frontal_Inf_Tri_R	Frontal_Inf_Orb_L	Frontal_Inf_Orb_R	Rolandic_Oper_L	Rolandic_Oper_R	Supp_Motor_Area_L	Supp_Motor_Area_R	Olfactory_L	Olfactory_R	Frontal_Sup_Medial_L	Frontal_Sup_Medial_R	Frontal_Med_Orb_L	Frontal_Med_Orb_R	Rectus_L	Rectus_R	Insula_L	Insula_R	Cingulum_Ant_L	Cingulum_Ant_R	Cingulum_Mid_L	Cingulum_Mid_R	Cingulum_Post_L	Cingulum_Post_R	Hippocampus_L	Hippocampus_R	ParaHippocampal_L	ParaHippocampal_R	Amygdala_L	Amygdala_R	Calcarine_L	Calcarine_R	Cuneus_L	Cuneus_R	Lingual_L	Lingual_R	Occipital_Sup_L	Occipital_Sup_R	Occipital_Mid_L	Occipital_Mid_R	Occipital_Inf_L	Occipital_Inf_R	Fusiform_L	Fusiform_R	Postcentral_L	Postcentral_R	Parietal_Sup_L	Parietal_Sup_R	Parietal_Inf_L	Parietal_Inf_R	SupraMarginal_L	SupraMarginal_R	Angular_L	Angular_R	Precuneus_L	Precuneus_R	Paracentral_Lobule_L	Paracentral_Lobule_R	Caudate_L	Caudate_R	Putamen_L	Putamen_R	Pallidum_L	Pallidum_R	Thalamus_L	Thalamus_R	Heschl_L	Heschl_R	Temporal_Sup_L	Temporal_Sup_R	Temporal_Pole_Sup_L	Temporal_Pole_Sup_R	Temporal_Mid_L	Temporal_Mid_R	Temporal_Pole_Mid_L	Temporal_Pole_Mid_R	Temporal_Inf_L	Temporal_Inf_R	Cerebelum_Crus1_L	Cerebelum_Crus1_R	Cerebelum_Crus2_L	Cerebelum_Crus2_R	Cerebelum_3_L	Cerebelum_3_R	Cerebelum_4_5_L	Cerebelum_4_5_R	Cerebelum_6_L	Cerebelum_6_R	Cerebelum_7b_L	Cerebelum_7b_R	Cerebelum_8_L	Cerebelum_8_R	Cerebelum_9_L	Cerebelum_9_R	Cerebelum_10_L	Cerebelum_10_R	Vermis_1_2	Vermis_3	Vermis_4_5	Vermis_6	Vermis_7	Vermis_8	Vermis_9	Vermis_10	
378748	Precentral_L	0	126	18020	184	0	0	26016	108	0	0	15748	0	5532	0	0	0	7148	0	9818	7650	0	0	0	0	0	0	0	0	15322	0	0	0	652	5706	646	656	5838	676	142	0	0	0	170	0	0	0	0	0	232	0	982	0	108	0	2042	0	27462	0	202	0	1708	0	840	0	158	0	0	0	11518	1588	1950	0	2500	0	256	0	8518	880	4428	0	500	0	0	0	2174	0	0	0	1170	0	0	0	0	0	0	0	0	0	0	0	0	0	0	0	0	0	0	0	0	0	0	0	0	0	0	0	
192540	Precentral_R	126	0	2754	7174	0	0	0	16236	0	0	0	4522	0	294	0	0	0	1920	364	2964	0	0	0	0	0	0	0	0	0	3542	0	0	0	938	0	136	0	6384	0	496	0	0	0	618	0	1844	0	566	0	2440	0	728	0	0	0	2196	0	15344	0	296	0	156	0	1578	0	0	0	3842	0	6204	230	1412	0	7572	0	1292	0	882	0	0	0	0	0	0	0	0	0	0	0	1220	0	0	0	0	0	0	0	0	0	0	0	0	0	0	0	0	0	0	0	0	0	0	0	0	0	0	
1.26116e+06	Frontal_Sup_L	18020	2754	0	20068	11436	0	81688	2310	2434	0	22130	0	26266	436	10704	0	7144	0	100032	49288	1422	0	48056	14268	518	0	806	0	51020	410	19614	9506	7554	28376	0	0	8796	0	730	0	108	0	0	0	0	0	0	0	0	0	0	0	0	0	540	0	2762	0	0	0	0	0	0	0	0	0	0	0	2550	0	17342	502	31196	112	7268	0	16594	284	1358	0	2250	0	1286	0	0	0	0	0	640	0	0	0	0	0	0	0	0	0	0	0	0	0	0	0	0	0	0	0	0	0	0	0	0	0	0	0	
917564	Frontal_Sup_R	184	7174	20068	0	132	3298	3452	24420	0	382	7720	10114	3222	9756	252	4812	212	6094	20868	89642	240	1324	17420	53854	0	3024	208	2658	9550	13744	11164	34016	4672	32068	0	0	0	3298	0	138	0	618	0	0	0	0	0	0	0	0	0	0	0	0	0	568	0	782	0	0	0	0	0	118	0	0	0	0	0	130	12594	15300	1756	14456	0	1080	0	12062	0	0	0	0	0	138	0	0	0	0	0	0	0	0	0	0	0	0	0	0	0	0	0	0	0	0	0	0	0	0	0	0	0	0	0	0	0	0	
149804	Frontal_Sup_Orb_L	0	0	11436	132	0	0	3080	0	10180	0	0	0	980	0	13568	0	0	0	264	180	3550	258	2756	0	2546	0	4374	0	8508	0	4022	0	0	0	0	0	0	0	328	0	382	0	0	0	0	0	0	0	0	0	0	0	0	0	0	0	0	0	0	0	0	0	0	0	0	0	0	0	0	0	1334	0	6108	0	0	0	0	0	0	0	0	0	916	0	0	0	0	0	0	0	0	0	0	0	0	0	0	0	0	0	0	0	0	0	0	0	0	0	0	0	0	0	0	0	0	0	
82880	Frontal_Sup_Orb_R	0	0	0	3298	0	0	0	272	0	5532	0	0	0	0	0	4002	0	0	0	0	476	1242	156	3406	136	7280	432	8250	0	1646	378	1452	0	0	0	0	0	0	0	0	0	0	0	0	0	0	0	0	0	0	0	0	0	0	0	0	0	0	0	0	0	0	0	0	0	0	0	0	0	0	446	1112	0	1812	0	0	0	0	0	0	0	0	0	112	0	0	0	0	0	0	0	0	0	0	0	0	0	0	0	0	0	0	0	0	0	0	0	0	0	0	0	0	0	0	0	0	
563980	Frontal_Mid_L	26016	0	81688	3452	3080	0	0	0	2728	0	19746	0	45986	120	7270	0	2192	0	18058	6050	472	0	14594	2614	0	0	0	0	25584	126	6166	1420	2620	3756	0	0	1398	136	0	0	0	0	0	0	0	0	0	0	0	0	0	0	0	0	0	0	1862	0	0	0	0	0	0	0	0	0	0	0	0	0	884	0	2120	0	0	0	972	136	182	0	0	0	562	0	0	0	0	0	0	0	0	0	0	0	0	0	0	0	0	0	0	0	0	0	0	0	0	0	0	0	0	0	0	0	0	0	
260340	Frontal_Mid_R	108	16236	2310	24420	0	272	0	0	0	414	268	13792	170	18596	0	1390	0	3278	766	4880	0	0	306	3176	0	0	0	0	388	8220	192	1284	0	2110	0	0	0	4738	0	634	0	0	0	0	0	0	0	0	0	0	0	0	0	0	0	2980	0	712	0	0	0	0	0	0	0	0	0	0	0	0	1900	3198	120	9254	0	1362	0	1400	0	0	0	0	0	0	0	0	0	0	0	1296	0	0	0	0	0	0	0	0	0	0	0	0	0	0	0	0	0	0	0	0	0	0	0	0	0	0	
57980	Frontal_Mid_Orb_L	0	0	2434	0	10180	0	2728	0	0	0	0	0	356	0	10840	0	0	0	0	0	0	0	0	0	184	0	1218	0	380	0	0	0	0	0	0	0	0	0	0	0	0	0	0	0	0	0	0	0	0	0	0	0	0	0	0	0	0	0	0	0	0	0	0	0	0	0	0	0	0	0	0	0	490	0	0	0	0	0	0	0	0	0	180	0	0	0	0	0	0	0	0	0	0	0	0	0	0	0	0	0	0	0	0	0	0	0	0	0	0	0	0	0	0	0	0	0	
19696	Frontal_Mid_Orb_R	0	0	0	382	0	5532	0	414	0	0	0	0	0	130	0	2910	0	0	0	0	0	0	0	276	0	0	0	0	0	204	0	0	0	0	0	0	0	0	0	0	0	0	0	0	0	0	0	0	0	0	0	0	0	0	0	0	0	0	0	0	0	0	0	0	0	0	0	0	0	0	0	0	0	0	0	0	0	0	0	0	0	0	0	0	0	0	0	0	0	0	0	0	0	0	0	0	0	0	0	0	0	0	0	0	0	0	0	0	0	0	0	0	0	0	0	0	
357660	Frontal_Inf_Oper_L	15748	0	22130	7720	0	0	19746	268	0	0	0	0	22634	300	126	0	10316	0	17890	9070	0	0	120	0	0	0	0	0	27726	0	1158	828	0	1518	0	0	1782	0	0	0	0	0	0	0	0	0	0	0	0	0	0	0	0	0	110	0	2128	0	0	0	0	0	0	0	0	0	0	0	0	0	9372	0	2820	0	0	0	0	0	1140	0	2134	0	1886	0	0	0	0	0	160	0	0	0	0	0	0	0	0	0	0	0	0	0	0	0	0	0	0	0	0	0	0	0	0	0	0	0	
176696	Frontal_Inf_Oper_R	0	4522	0	10114	0	0	0	13792	0	0	0	0	0	15854	0	1108	0	8524	0	7648	0	0	0	590	0	0	0	0	0	10522	0	716	0	0	0	0	0	2058	0	364	0	0	0	0	0	0	0	0	0	0	0	0	0	0	0	1290	0	2068	0	0	0	0	0	0	0	0	0	0	0	0	462	1202	0	6432	0	176	0	0	0	0	0	118	0	408	0	0	0	0	0	380	0	0	0	0	0	0	0	0	0	0	0	0	0	0	0	0	0	0	0	0	0	0	0	0	0	0	
363808	Frontal_Inf_Tri_L	5532	0	26266	3222	980	0	45986	170	356	0	22634	0	0	258	12576	0	236	0	10406	4266	150	0	2298	892	0	0	0	0	34018	188	1874	1014	172	1392	0	0	118	0	0	0	0	0	0	0	0	0	0	0	0	0	0	0	0	0	0	0	252	0	0	0	0	0	0	0	0	0	0	0	0	0	3400	0	2834	0	0	0	0	0	0	0	0	0	414	0	0	0	0	0	0	0	0	0	0	0	0	0	0	0	0	0	0	0	0	0	0	0	0	0	0	0	0	0	0	0	0	0	
227104	Frontal_Inf_Tri_R	0	294	436	9756	0	0	120	18596	0	130	300	15854	258	0	0	5286	0	342	932	11162	0	0	114	1544	0	0	0	0	464	20522	394	2272	0	1804	0	0	0	308	0	0	0	0	0	0	0	0	0	0	0	0	0	0	0	0	0	214	0	0	0	0	0	0	0	0	0	0	0	0	0	0	3364	12160	184	5378	0	0	0	1364	0	0	0	0	0	0	0	0	0	0	0	0	0	0	0	0	0	0	0	0	0	0	0	0	0	0	0	0	0	0	0	0	0	0	0	0	0	0	
167028	Frontal_Inf_Orb_L	0	0	10704	252	13568	0	7270	0	10840	0	126	0	12576	0	0	0	0	0	1416	428	2044	170	582	156	0	0	760	0	13448	0	676	188	0	226	0	0	0	0	152	0	230	0	0	0	0	0	0	0	0	0	0	0	0	0	0	0	0	0	0	0	0	0	0	0	0	0	0	0	0	0	1014	0	4438	0	0	0	0	0	0	0	0	0	2250	0	0	0	0	0	0	0	0	0	0	0	0	0	0	0	0	0	0	0	0	0	0	0	0	0	0	0	0	0	0	0	0	0	
99100	Frontal_Inf_Orb_R	0	0	0	4812	0	4002	0	1390	0	2910	0	1108	0	5286	0	0	0	118	0	1396	0	864	0	3580	0	0	0	814	0	11262	0	3488	0	298	0	0	0	0	0	128	0	574	0	0	0	0	0	0	0	0	0	0	0	0	0	0	0	0	0	0	0	0	0	0	0	0	0	0	0	0	208	1946	0	4786	0	0	0	0	0	0	0	0	0	580	0	0	0	0	0	0	0	0	0	0	0	0	0	0	0	0	0	0	0	0	0	0	0	0	0	0	0	0	0	0	0	0	
164340	Rolandic_Oper_L	7148	0	7144	212	0	0	2192	0	0	0	10316	0	236	0	0	0	0	0	5986	256	0	0	0	0	0	0	0	0	15502	0	0	0	0	0	0	0	2018	0	0	0	0	0	104	0	0	0	0	0	202	0	1450	0	0	0	816	0	5834	0	134	0	202	0	1924	0	0	0	0	0	208	0	254	0	1062	0	0	0	196	0	5250	0	7012	0	1660	0	2482	0	0	0	2370	0	0	0	0	0	0	0	0	0	0	0	0	0	0	0	0	0	0	0	0	0	0	0	0	0	0	0	
94972	Rolandic_Oper_R	0	1920	0	6094	0	0	0	3278	0	0	0	8524	0	342	0	118	0	0	0	3696	0	0	0	144	0	0	0	0	0	9340	0	146	0	106	0	0	0	1730	0	0	0	0	0	0	0	0	0	0	0	0	0	0	0	0	0	1016	0	2736	0	0	0	0	0	1318	0	0	0	0	0	0	0	0	0	3732	0	214	0	152	0	514	0	1404	0	398	0	0	0	0	0	564	0	0	0	0	0	0	0	0	0	0	0	0	0	0	0	0	0	0	0	0	0	0	0	0	0	0	
854932	Supp_Motor_Area_L	9818	364	100032	20868	264	0	18058	766	0	0	17890	0	10406	932	1416	0	5986	0	0	64810	146	0	15098	9306	0	0	0	0	24192	966	6568	8404	13714	38516	3332	324	3310	0	0	0	0	0	364	0	328	0	0	0	0	0	0	0	0	0	526	0	376	0	0	0	0	0	0	0	0	0	534	0	11150	504	14452	462	10080	0	526	0	8398	190	1034	0	2138	0	380	0	106	0	0	0	432	0	0	0	0	0	0	0	0	0	0	0	0	0	0	0	0	0	0	0	0	0	0	0	0	0	0	0	
1.14723e+06	Supp_Motor_Area_R	7650	2964	49288	89642	180	0	6050	4880	0	0	9070	7648	4266	11162	428	1396	256	3696	64810	0	0	0	10316	14550	0	0	0	0	11516	9238	7156	17388	9064	89682	864	2938	192	4454	0	0	0	0	0	0	0	1508	0	0	0	2160	0	658	0	0	0	1238	1540	1534	0	142	0	380	0	2410	0	1012	0	2762	11442	18548	15820	28778	2320	6372	294	942	1460	27362	172	0	0	136	0	0	0	1444	0	0	0	2438	0	0	0	0	0	0	0	0	0	0	0	0	0	0	0	0	0	0	0	0	0	0	0	0	0	0	
89552	Olfactory_L	0	0	1422	240	3550	476	472	0	0	0	0	0	150	0	2044	0	0	0	146	0	0	6130	456	158	646	150	4862	934	3788	0	3238	1520	0	0	0	0	0	0	588	0	920	0	0	0	0	0	0	0	0	0	0	0	0	0	0	0	0	0	0	0	0	0	0	0	0	0	0	0	0	0	7426	3034	2104	144	0	0	0	0	0	0	0	0	178	0	0	0	0	0	0	0	0	0	0	0	0	0	0	0	0	0	0	0	0	0	0	0	0	0	0	0	0	0	0	0	0	0	
81516	Olfactory_R	0	0	0	1324	258	1242	0	0	0	0	0	0	0	0	170	864	0	0	0	0	6130	0	0	886	310	1566	2788	3240	112	1852	1962	3068	0	0	0	0	0	0	0	268	0	868	0	0	0	0	0	0	0	0	0	0	0	0	0	108	0	0	0	0	0	0	0	0	0	0	0	0	0	0	6466	4204	1938	772	0	0	0	0	0	0	0	0	0	362	0	0	0	0	0	0	0	0	0	0	0	0	0	0	0	0	0	0	0	0	0	0	0	0	0	0	0	0	0	0	0	0	
473472	Frontal_Sup_Medial_L	0	0	48056	17420	2756	156	14594	306	0	0	120	0	2298	114	582	0	0	0	15098	10316	456	0	0	33304	1258	402	618	0	2668	166	28194	21176	11446	20806	0	0	0	0	0	0	0	0	0	0	0	0	0	0	0	0	0	0	0	0	0	0	0	0	0	0	0	0	0	0	0	0	0	0	0	0	264	302	3564	296	0	0	0	0	0	0	0	0	0	0	0	0	0	0	0	0	0	0	0	0	0	0	0	0	0	0	0	0	0	0	0	0	0	0	0	0	0	0	0	0	0	0	
513816	Frontal_Sup_Medial_R	0	0	14268	53854	0	3406	2614	3176	0	276	0	590	892	1544	156	3580	0	144	9306	14550	158	886	33304	0	406	5314	136	2630	844	5632	14978	41530	4270	22610	0	0	0	176	0	0	0	104	0	0	0	0	0	0	0	0	0	0	0	0	0	110	0	0	0	0	0	0	0	0	0	0	0	0	0	0	340	5816	144	8854	0	0	0	0	0	0	0	0	0	310	0	0	0	0	0	0	0	0	0	0	0	0	0	0	0	0	0	0	0	0	0	0	0	0	0	0	0	0	0	0	0	0	
27832	Frontal_Med_Orb_L	0	0	518	0	2546	136	0	0	184	0	0	0	0	0	0	0	0	0	0	0	646	310	1258	406	0	846	1810	216	0	0	3328	142	0	0	0	0	0	0	0	0	0	0	0	0	0	0	0	0	0	0	0	0	0	0	0	0	0	0	0	0	0	0	0	0	0	0	0	0	0	0	822	0	748	0	0	0	0	0	0	0	0	0	0	0	0	0	0	0	0	0	0	0	0	0	0	0	0	0	0	0	0	0	0	0	0	0	0	0	0	0	0	0	0	0	0	0	
81352	Frontal_Med_Orb_R	0	0	0	3024	0	7280	0	0	0	0	0	0	0	0	0	0	0	0	0	0	150	1566	402	5314	846	0	128	9396	0	0	968	6102	0	0	0	0	0	0	0	0	0	0	0	0	0	0	0	0	0	0	0	0	0	0	0	0	0	0	0	0	0	0	0	0	0	0	0	0	0	0	124	2684	0	2692	0	0	0	0	0	0	0	0	0	0	0	0	0	0	0	0	0	0	0	0	0	0	0	0	0	0	0	0	0	0	0	0	0	0	0	0	0	0	0	0	0	0	
58852	Rectus_L	0	0	806	208	4374	432	0	0	1218	0	0	0	0	0	760	0	0	0	0	0	4862	2788	618	136	1810	128	0	838	858	0	3540	800	0	0	0	0	0	0	0	0	0	0	0	0	0	0	0	0	0	0	0	0	0	0	0	0	0	0	0	0	0	0	0	0	0	0	0	0	0	0	3284	848	990	128	0	0	0	0	0	0	0	0	0	0	0	0	0	0	0	0	0	0	0	0	0	0	0	0	0	0	0	0	0	0	0	0	0	0	0	0	0	0	0	0	0	0	
78388	Rectus_R	0	0	0	2658	0	8250	0	0	0	0	0	0	0	0	0	814	0	0	0	0	934	3240	0	2630	216	9396	838	0	0	892	530	3576	0	0	0	0	0	0	0	0	0	0	0	0	0	0	0	0	0	0	0	0	0	0	0	0	0	0	0	0	0	0	0	0	0	0	0	0	0	0	866	2028	0	2196	0	0	0	0	0	0	0	0	0	130	0	0	0	0	0	0	0	0	0	0	0	0	0	0	0	0	0	0	0	0	0	0	0	0	0	0	0	0	0	0	0	0	
692320	Insula_L	15322	0	51020	9550	8508	0	25584	388	380	0	27726	0	34018	464	13448	0	15502	0	24192	11516	3788	112	2668	844	0	0	858	0	0	182	3184	1210	166	2542	0	0	15200	260	1288	0	2472	0	0	0	0	0	0	0	194	0	202	0	0	0	2466	0	8142	0	124	0	112	0	970	0	0	0	0	0	232	0	14480	134	22942	0	0	0	1210	316	7642	0	7220	0	4454	0	394	0	0	0	2534	0	0	0	0	0	0	0	0	0	0	0	0	0	0	0	0	0	0	0	0	0	0	0	0	0	0	0	
333768	Insula_R	0	3542	410	13744	0	1646	126	8220	0	204	0	10522	188	20522	0	11262	0	9340	966	9238	0	1852	166	5632	0	0	0	892	182	0	316	6344	0	1918	0	0	0	9024	0	1780	0	2292	0	0	0	0	0	0	0	0	0	0	0	0	0	4558	0	964	0	0	0	0	0	500	0	0	0	0	0	0	2082	6482	120	23440	0	0	0	340	0	1056	0	2502	0	1566	0	800	0	0	0	2146	0	0	0	0	0	0	0	0	0	0	0	0	0	0	0	0	0	0	0	0	0	0	0	0	0	0	
361528	Cingulum_Ant_L	0	0	19614	11164	4022	378	6166	192	0	0	1158	0	1874	394	676	0	0	0	6568	7156	3238	1962	28194	14978	3328	968	3540	530	3184	316	0	24852	6136	10266	0	0	0	0	0	0	0	0	0	0	0	0	0	0	0	0	0	0	0	0	0	0	0	0	0	0	0	0	0	0	0	0	0	0	0	0	6258	2926	9248	1478	0	0	0	0	0	0	0	0	0	0	0	0	0	0	0	0	0	0	0	0	0	0	0	0	0	0	0	0	0	0	0	0	0	0	0	0	0	0	0	0	0	0	
494516	Cingulum_Ant_R	0	0	9506	34016	0	1452	1420	1284	0	0	828	716	1014	2272	188	3488	0	146	8404	17388	1520	3068	21176	41530	142	6102	800	3576	1210	6344	24852	0	5962	24696	0	0	0	0	0	0	0	0	0	0	0	0	0	0	0	0	0	0	0	0	0	0	0	0	0	0	0	0	0	0	0	0	0	0	0	0	2382	9866	1178	10476	0	0	0	0	0	0	0	0	0	256	0	0	0	0	0	0	0	0	0	0	0	0	0	0	0	0	0	0	0	0	0	0	0	0	0	0	0	0	0	0	0	0	
236272	Cingulum_Mid_L	652	0	7554	4672	0	0	2620	0	0	0	0	0	172	0	0	0	0	0	13714	9064	0	0	11446	4270	0	0	0	0	166	0	6136	5962	0	19610	2624	726	0	0	0	0	0	0	990	0	1978	318	220	0	3824	326	2888	102	0	0	0	0	620	0	1970	0	240	0	364	0	102	0	6056	766	7512	472	0	0	0	0	0	0	0	0	0	0	0	0	0	0	0	0	0	0	0	0	0	0	0	0	0	0	0	0	0	0	0	0	0	0	0	0	0	0	0	0	0	0	0	0	0	0	
762380	Cingulum_Mid_R	5706	938	28376	32068	0	0	3756	2110	0	0	1518	0	1392	1804	226	298	0	106	38516	89682	0	0	20806	22610	0	0	0	0	2542	1918	10266	24696	19610	0	1004	5966	104	878	0	0	0	0	0	486	0	2924	0	620	0	3032	0	1690	0	0	0	550	556	1396	0	300	0	344	0	2146	0	884	120	7066	10050	15952	3116	4606	676	242	266	0	1032	3002	0	0	0	0	0	0	0	1294	0	0	0	1944	0	0	0	0	0	0	0	0	0	0	0	0	0	0	0	0	0	0	0	0	0	0	0	0	0	0	
79720	Cingulum_Post_L	646	0	0	0	0	0	0	0	0	0	0	0	0	0	0	0	0	0	3332	864	0	0	0	0	0	0	0	0	0	0	0	0	2624	1004	0	7748	2960	2706	1788	1332	0	0	676	0	364	122	332	0	132	0	340	0	0	0	1956	0	156	0	0	0	0	0	0	0	0	0	3870	1140	4712	166	0	0	0	0	0	0	0	390	0	0	0	0	0	0	146	0	0	0	354	0	0	0	0	0	0	0	0	0	0	0	0	0	0	0	0	0	0	0	0	0	0	0	0	0	0	0	
110204	Cingulum_Post_R	656	136	0	0	0	0	0	0	0	0	0	0	0	0	0	0	0	0	324	2938	0	0	0	0	0	0	0	0	0	0	0	0	726	5966	7748	0	3342	5040	1824	2402	0	0	0	734	126	398	0	2372	0	116	0	0	0	0	0	910	0	332	0	0	0	190	0	822	0	140	1718	8126	1132	2124	0	0	0	0	0	0	0	876	0	0	0	0	0	0	0	510	0	0	0	3252	0	0	0	0	0	0	0	0	0	0	0	0	0	0	0	0	0	0	0	0	122	0	0	0	0	0	
220364	Hippocampus_L	5838	0	8796	0	0	0	1398	0	0	0	1782	0	118	0	0	0	2018	0	3310	192	0	0	0	0	0	0	0	0	15200	0	0	0	0	104	2960	3342	0	3920	9510	2008	8226	0	402	0	0	0	1160	0	0	0	0	0	0	0	7212	0	1266	0	0	0	0	0	0	0	0	0	2118	430	0	0	230	0	8448	0	662	0	3402	1946	2188	0	2928	0	844	0	996	0	0	0	6552	0	0	0	0	0	198	0	478	0	0	0	0	0	0	0	0	0	0	0	0	0	0	0	0	0	0	0	
271784	Hippocampus_R	676	6384	0	3298	0	0	136	4738	0	0	0	2058	0	308	0	0	0	1730	0	4454	0	0	0	176	0	0	0	0	260	9024	0	0	0	878	2706	5040	3920	0	2040	13566	0	8822	0	0	0	0	0	886	0	0	0	0	0	0	0	23698	0	662	0	0	0	0	0	0	0	0	854	1976	188	1336	0	134	0	17522	0	134	1158	4134	286	348	0	1054	0	1372	0	1066	0	368	0	7802	0	0	0	0	174	0	140	0	0	0	0	0	0	0	0	0	0	0	0	222	164	0	0	0	0	0	
67452	ParaHippocampal_L	142	0	730	0	328	0	0	0	0	0	0	0	0	0	152	0	0	0	0	0	588	0	0	0	0	0	0	0	1288	0	0	0	0	0	1788	1824	9510	2040	0	1502	2548	0	600	0	0	0	1584	0	0	0	0	0	0	0	2610	0	0	0	0	0	0	0	0	0	0	0	2134	412	0	0	0	0	1132	0	146	0	338	454	0	0	0	0	340	0	0	0	164	0	322	0	0	0	0	0	252	0	682	0	116	0	0	0	0	0	0	0	0	0	0	0	0	0	0	0	0	0	
100780	ParaHippocampal_R	0	496	0	138	0	0	0	634	0	0	0	364	0	0	0	128	0	0	0	0	0	268	0	0	0	0	0	0	0	1780	0	0	0	0	1332	2402	2008	13566	1502	0	0	4318	0	238	0	0	0	1260	0	0	0	0	0	124	0	9210	0	0	0	0	0	0	0	0	0	0	452	1700	0	0	0	0	0	2920	0	0	286	1232	0	160	0	534	0	1516	0	240	0	462	0	958	0	0	0	0	0	0	0	0	0	0	0	0	0	0	0	0	0	0	0	0	162	0	0	0	0	0	
43220	Amygdala_L	0	0	108	0	382	0	0	0	0	0	0	0	0	0	230	0	0	0	0	0	920	0	0	0	0	0	0	0	2472	0	0	0	0	0	0	0	8226	0	2548	0	0	0	0	0	0	0	0	0	0	0	0	0	0	0	3890	0	0	0	0	0	0	0	0	0	0	0	0	0	0	0	0	0	508	0	0	0	0	0	0	0	0	0	482	0	392	0	0	0	1452	0	0	0	0	0	0	0	0	0	0	0	0	0	0	0	0	0	0	0	0	0	0	0	0	0	0	0	
56936	Amygdala_R	0	0	0	618	0	0	0	0	0	0	0	0	0	0	0	574	0	0	0	0	0	868	0	104	0	0	0	0	0	2292	0	0	0	0	0	0	0	8822	0	4318	0	0	0	0	0	0	0	0	0	0	0	0	0	0	0	5832	0	0	0	0	0	0	0	0	0	0	0	0	0	0	0	0	0	1720	0	0	0	0	0	0	0	0	0	2000	0	212	0	450	0	658	0	0	0	0	0	0	0	0	0	0	0	0	0	0	0	0	0	0	0	0	0	0	0	0	0	0	
141136	Calcarine_L	170	0	0	0	0	0	0	0	0	0	0	0	0	0	0	0	104	0	364	0	0	0	0	0	0	0	0	0	0	0	0	0	990	0	676	0	402	0	600	0	0	0	0	3250	6344	2212	7922	1220	5946	1286	16326	0	4296	0	942	0	1328	0	1802	0	688	0	138	0	136	0	10128	0	1818	0	0	0	0	0	0	0	0	0	0	0	0	0	0	0	760	0	0	0	720	0	0	0	0	0	0	0	0	0	0	0	0	0	0	0	0	0	0	0	0	0	0	0	0	0	0	0	
172660	Calcarine_R	0	618	0	0	0	0	0	0	0	0	0	0	0	0	0	0	0	0	0	0	0	0	0	0	0	0	0	0	0	0	0	0	0	486	0	734	0	0	0	238	0	0	3250	0	362	17866	376	10426	0	17622	0	10586	0	2536	0	2464	0	984	0	542	0	0	0	114	0	152	116	11046	0	1602	0	0	0	0	0	0	0	0	0	0	0	0	0	0	0	1274	0	0	0	2936	0	0	0	0	0	0	0	0	0	0	0	0	0	0	0	0	0	0	0	0	0	0	0	0	0	0	
91064	Cuneus_L	0	0	0	0	0	0	0	0	0	0	0	0	0	0	0	0	0	0	328	0	0	0	0	0	0	0	0	0	0	0	0	0	1978	0	364	126	0	0	0	0	0	0	6344	362	0	3488	442	0	9624	602	7522	0	328	0	0	0	308	0	2468	0	348	0	0	0	0	0	7936	1476	1364	0	0	0	0	0	0	0	0	0	0	0	0	0	0	0	124	0	0	0	0	0	0	0	0	0	0	0	0	0	0	0	0	0	0	0	0	0	0	0	0	0	0	0	0	0	0	0	
301484	Cuneus_R	0	1844	0	0	0	0	0	0	0	0	0	0	0	0	0	0	0	0	0	1508	0	0	0	0	0	0	0	0	0	0	0	0	318	2924	122	398	0	0	0	0	0	0	2212	17866	3488	0	130	2972	0	40578	0	16610	0	388	0	566	0	4534	0	6750	0	452	0	544	0	616	2406	27786	274	12966	0	0	0	0	0	0	0	0	0	0	0	0	0	0	0	1338	0	0	0	1152	0	0	0	0	0	0	0	0	0	0	0	0	0	0	0	0	0	0	0	0	0	0	0	0	0	0	
233212	Lingual_L	0	0	0	0	0	0	0	0	0	0	0	0	0	0	0	0	0	0	0	0	0	0	0	0	0	0	0	0	0	0	0	0	220	0	332	0	1160	0	1584	0	0	0	7922	376	442	130	0	2180	1914	0	7192	0	2876	0	9074	2012	0	0	148	0	0	0	0	0	0	0	3524	0	238	0	0	0	0	0	0	0	0	0	0	0	0	0	0	0	0	0	0	0	242	0	11096	6096	504	526	0	0	11396	344	22326	6940	0	0	114	0	104	0	0	0	0	0	2908	9804	2780	0	0	102	
177264	Lingual_R	0	566	0	0	0	0	0	0	0	0	0	0	0	0	0	0	0	0	0	0	0	0	0	0	0	0	0	0	0	0	0	0	0	620	0	2372	0	886	0	1260	0	0	1220	10426	0	2972	2180	0	0	4278	0	2396	0	1788	0	9648	0	856	0	0	0	0	0	0	0	0	0	8188	0	1294	0	0	0	0	0	0	0	0	0	0	0	0	0	0	0	1064	0	0	0	3388	478	4692	0	0	170	0	1900	5212	3166	8398	0	0	0	0	524	0	0	0	0	0	3450	4786	454	0	0	0	
136436	Occipital_Sup_L	232	0	0	0	0	0	0	0	0	0	0	0	0	0	0	0	202	0	0	0	0	0	0	0	0	0	0	0	194	0	0	0	3824	0	132	0	0	0	0	0	0	0	5946	0	9624	0	1914	0	0	0	21632	0	392	0	0	0	1372	0	8476	0	544	0	966	0	852	0	7372	0	3736	0	0	0	0	0	0	0	0	0	0	0	172	0	0	0	454	0	0	0	182	0	0	0	0	0	0	0	0	0	0	0	0	0	0	0	0	0	0	0	0	0	0	0	0	0	0	0	
342880	Occipital_Sup_R	0	2440	0	0	0	0	0	0	0	0	0	0	0	0	0	0	0	0	0	2160	0	0	0	0	0	0	0	0	0	0	0	0	326	3032	0	116	0	0	0	0	0	0	1286	17622	602	40578	0	4278	0	0	0	24264	0	874	0	1406	0	6068	0	10020	0	2004	0	924	0	3422	1192	28200	408	17040	0	0	0	0	0	0	0	0	0	0	0	0	0	0	0	1830	0	0	0	1348	0	0	0	0	0	0	0	0	0	0	0	0	0	0	0	0	0	0	0	0	0	0	0	0	0	0	
338104	Occipital_Mid_L	982	0	0	0	0	0	0	0	0	0	0	0	0	0	0	0	1450	0	0	0	0	0	0	0	0	0	0	0	202	0	0	0	2888	0	340	0	0	0	0	0	0	0	16326	0	7522	0	7192	0	21632	0	0	0	11988	0	1090	0	4422	0	20848	0	16338	0	1356	0	16486	0	9416	0	11570	0	0	0	0	0	0	0	0	0	1086	0	300	0	0	0	13564	0	0	0	2054	0	0	0	0	0	0	0	0	0	0	0	0	0	0	0	0	0	0	0	0	0	0	0	0	0	0	0	
229680	Occipital_Mid_R	0	728	0	0	0	0	0	0	0	0	0	0	0	0	0	0	0	0	0	658	0	0	0	0	0	0	0	0	0	0	0	0	102	1690	0	0	0	0	0	0	0	0	0	10586	0	16610	0	2396	0	24264	0	0	0	2304	0	1318	0	1994	0	5660	0	6556	0	1126	0	12220	840	12560	440	5392	0	0	0	0	0	0	0	0	0	0	0	0	0	0	0	6330	0	0	0	1066	0	0	0	0	0	0	0	0	0	0	0	0	0	0	0	0	0	0	0	0	0	0	0	0	0	0	
58512	Occipital_Inf_L	108	0	0	0	0	0	0	0	0	0	0	0	0	0	0	0	0	0	0	0	0	0	0	0	0	0	0	0	0	0	0	0	0	0	0	0	0	0	0	0	0	0	4296	0	328	0	2876	0	392	0	11988	0	0	0	2870	0	0	0	0	0	0	0	0	0	0	0	894	0	160	0	0	0	0	0	0	0	0	0	0	0	0	0	0	0	3198	0	0	0	2146	0	0	0	0	0	0	0	0	0	0	0	0	0	0	0	0	0	0	0	0	0	0	0	0	0	0	0	
35368	Occipital_Inf_R	0	0	0	0	0	0	0	0	0	0	0	0	0	0	0	0	0	0	0	0	0	0	0	0	0	0	0	0	0	0	0	0	0	0	0	0	0	0	0	124	0	0	0	2536	0	388	0	1788	0	874	0	2304	0	0	0	3368	0	0	0	0	0	0	0	0	0	0	0	378	0	228	0	0	0	0	0	0	0	0	0	0	0	0	0	0	0	1766	0	0	0	3930	0	0	0	0	0	0	0	0	0	0	0	0	0	0	0	0	0	0	0	0	0	0	0	0	0	0	
274172	Fusiform_L	2042	0	540	0	0	0	0	0	0	0	110	0	0	0	0	0	816	0	526	0	0	0	0	0	0	0	0	0	2466	0	0	0	0	0	1956	0	7212	0	2610	0	3890	0	942	0	0	0	9074	0	0	0	1090	0	2870	0	0	0	448	0	0	0	274	0	568	0	224	0	1956	0	1872	0	0	0	460	0	0	0	0	0	1378	0	1262	0	3494	0	3848	0	2348	0	14286	0	23190	128	1522	0	0	0	12352	126	27344	196	0	0	0	0	0	0	0	0	0	0	3138	528	0	0	0	0	
342956	Fusiform_R	0	2196	0	568	0	0	0	2980	0	0	0	1290	0	214	0	0	0	1016	0	1238	0	108	0	110	0	0	0	0	0	4558	0	0	0	550	0	910	0	23698	0	9210	0	5832	0	2464	0	566	2012	9648	0	1406	0	1318	0	3368	0	0	0	312	0	0	0	0	0	0	0	0	0	974	154	642	0	0	0	9718	0	0	0	110	0	560	0	1940	0	6322	0	4724	0	3638	0	19706	262	14360	0	0	0	0	964	5594	2412	16822	0	0	0	120	272	0	0	0	0	0	1880	4248	484	0	0	0	
221604	Postcentral_L	27462	0	2762	0	0	0	1862	0	0	0	2128	0	252	0	0	0	5834	0	376	1540	0	0	0	0	0	0	0	0	8142	0	0	0	620	556	156	0	1266	0	0	0	0	0	1328	0	308	0	0	0	1372	0	4422	0	0	0	448	0	0	0	8684	0	22208	0	4106	0	686	0	2958	0	5210	0	250	0	846	0	132	0	298	0	2708	0	1406	0	0	0	286	0	0	0	190	0	0	0	0	0	0	0	0	0	0	0	0	0	0	0	0	0	0	0	0	0	0	0	0	0	0	0	
203048	Postcentral_R	0	15344	0	782	0	0	0	712	0	0	0	2068	0	0	0	0	0	2736	0	1534	0	0	0	0	0	0	0	0	0	964	0	0	0	1396	0	332	0	662	0	0	0	0	0	984	0	4534	0	856	0	6068	0	1994	0	0	0	312	0	0	0	10560	0	7502	0	16048	0	576	0	11248	142	11660	0	0	0	756	0	0	0	0	0	0	0	216	0	0	0	548	0	0	0	990	0	0	0	0	0	0	0	0	0	0	0	0	0	0	0	0	0	0	0	0	0	0	0	0	0	0	
165912	Parietal_Sup_L	202	0	0	0	0	0	0	0	0	0	0	0	0	0	0	0	134	0	0	0	0	0	0	0	0	0	0	0	124	0	0	0	1970	0	0	0	0	0	0	0	0	0	1802	0	2468	0	148	0	8476	0	20848	0	0	0	0	0	8684	0	0	0	14656	0	868	0	4204	0	9036	0	7936	0	0	0	0	0	0	0	0	0	0	0	168	0	0	0	768	0	0	0	464	0	0	0	0	0	0	0	0	0	0	0	0	0	0	0	0	0	0	0	0	0	0	0	0	0	0	0	
141828	Parietal_Sup_R	0	296	0	0	0	0	0	0	0	0	0	0	0	0	0	0	0	0	0	142	0	0	0	0	0	0	0	0	0	0	0	0	0	300	0	0	0	0	0	0	0	0	0	542	0	6750	0	0	0	10020	0	5660	0	0	0	0	0	10560	0	0	0	9338	0	5364	0	3958	266	13724	0	3202	0	0	0	0	0	0	0	0	0	0	0	0	0	0	0	330	0	0	0	462	0	0	0	0	0	0	0	0	0	0	0	0	0	0	0	0	0	0	0	0	0	0	0	0	0	0	
214960	Parietal_Inf_L	1708	0	0	0	0	0	0	0	0	0	0	0	0	0	0	0	202	0	0	0	0	0	0	0	0	0	0	0	112	0	0	0	240	0	0	0	0	0	0	0	0	0	688	0	348	0	0	0	544	0	16338	0	0	0	274	0	22208	0	14656	0	0	0	12700	0	22504	0	2152	0	2912	0	0	0	0	0	0	0	0	0	304	0	772	0	0	0	5588	0	0	0	3230	0	0	0	0	0	0	0	0	0	0	0	0	0	0	0	0	0	0	0	0	0	0	0	0	0	0	0	
107240	Parietal_Inf_R	0	156	0	0	0	0	0	0	0	0	0	0	0	0	0	0	0	0	0	380	0	0	0	0	0	0	0	0	0	0	0	0	0	344	0	190	0	0	0	0	0	0	0	0	0	452	0	0	0	2004	0	6556	0	0	0	0	0	7502	0	9338	0	0	0	10658	0	11944	0	1984	184	1928	0	0	0	0	0	0	0	0	0	0	0	0	0	0	0	0	0	0	0	0	0	0	0	0	0	0	0	0	0	0	0	0	0	0	0	0	0	0	0	0	0	0	0	0	0	0	
89536	SupraMarginal_L	840	0	0	0	0	0	0	0	0	0	0	0	0	0	0	0	1924	0	0	0	0	0	0	0	0	0	0	0	970	0	0	0	364	0	0	0	0	0	0	0	0	0	138	0	0	0	0	0	966	0	1356	0	0	0	568	0	4106	0	868	0	12700	0	0	0	5780	0	212	0	1154	0	0	0	0	0	0	0	0	0	296	0	3404	0	0	0	4152	0	0	0	4970	0	0	0	0	0	0	0	0	0	0	0	0	0	0	0	0	0	0	0	0	0	0	0	0	0	0	0	
120828	SupraMarginal_R	0	1578	0	118	0	0	0	0	0	0	0	0	0	0	0	0	0	1318	0	2410	0	0	0	0	0	0	0	0	0	500	0	0	0	2146	0	822	0	0	0	0	0	0	0	114	0	544	0	0	0	924	0	1126	0	0	0	0	0	16048	0	5364	0	10658	0	0	0	3596	0	2550	1310	2774	0	0	0	0	0	0	0	0	0	0	0	3466	0	0	0	1746	0	0	0	1302	0	0	0	0	0	0	0	0	0	0	0	0	0	0	0	0	0	0	0	0	0	0	0	0	0	0	
130020	Angular_L	158	0	0	0	0	0	0	0	0	0	0	0	0	0	0	0	0	0	0	0	0	0	0	0	0	0	0	0	0	0	0	0	102	0	0	0	0	0	0	0	0	0	136	0	0	0	0	0	852	0	16486	0	0	0	224	0	686	0	4204	0	22504	0	5780	0	0	0	152	0	1398	0	0	0	0	0	0	0	0	0	318	0	1318	0	0	0	7944	0	0	0	2748	0	0	0	0	0	0	0	0	0	0	0	0	0	0	0	0	0	0	0	0	0	0	0	0	0	0	0	
110068	Angular_R	0	0	0	0	0	0	0	0	0	0	0	0	0	0	0	0	0	0	0	1012	0	0	0	0	0	0	0	0	0	0	0	0	0	884	0	140	0	0	0	0	0	0	0	152	0	616	0	0	0	3422	0	12220	0	0	0	0	0	576	0	3958	0	11944	0	3596	0	0	0	1954	824	1506	0	0	0	0	0	0	0	0	0	110	0	3956	0	0	0	6622	0	0	0	1542	0	0	0	0	0	0	0	0	0	0	0	0	0	0	0	0	0	0	0	0	0	0	0	0	0	0	
178484	Precuneus_L	0	0	0	0	0	0	0	0	0	0	0	0	0	0	0	0	0	0	534	0	0	0	0	0	0	0	0	0	0	0	0	0	6056	120	3870	1718	2118	854	2134	452	0	0	10128	116	7936	2406	3524	0	7372	1192	9416	840	894	0	1956	0	2958	0	9036	266	2152	0	212	0	152	0	0	3956	4742	716	0	0	0	0	0	0	0	136	0	0	0	0	0	0	524	0	0	0	756	0	0	0	0	0	0	0	0	0	0	0	0	0	0	0	0	0	0	0	0	0	0	0	0	0	0	0	
379272	Precuneus_R	0	3842	0	0	0	0	0	0	0	0	0	0	0	0	0	0	0	0	0	2762	0	0	0	0	0	0	0	0	0	0	0	0	766	7066	1140	8126	430	1976	412	1700	0	0	0	11046	1476	27786	0	8188	0	28200	0	12560	0	378	0	974	0	11248	0	13724	0	1984	0	2550	0	1954	3956	0	514	25000	0	0	0	0	0	0	0	292	0	0	0	130	0	0	0	1826	0	0	0	7462	0	0	0	0	0	0	0	0	0	0	0	0	0	0	0	0	0	0	0	0	168	0	0	0	0	0	
236332	Paracentral_Lobule_L	11518	0	2550	0	0	0	0	0	0	0	0	0	0	0	0	0	208	0	11150	11442	0	0	0	0	0	0	0	0	232	0	0	0	7512	10050	4712	1132	0	188	0	0	0	0	1818	0	1364	274	238	0	3736	408	11570	440	160	0	1872	154	5210	142	7936	0	2912	184	1154	1310	1398	824	4742	514	0	1250	560	0	0	0	0	0	1122	0	114	0	162	0	0	0	3236	878	0	0	1148	642	0	0	0	0	0	0	0	0	0	0	0	0	0	0	0	0	0	0	0	0	0	0	0	0	0	0	
281280	Paracentral_Lobule_R	1588	6204	0	130	0	0	0	0	0	0	0	0	0	0	0	0	0	0	504	18548	0	0	0	0	0	0	0	0	0	0	0	0	472	15952	166	2124	0	1336	0	0	0	0	0	1602	0	12966	0	1294	0	17040	0	5392	0	228	0	642	0	11660	0	3202	0	1928	0	2774	0	1506	716	25000	1250	0	708	486	0	0	0	0	436	626	0	0	0	132	0	0	0	1380	0	0	0	2648	0	0	0	0	0	0	0	0	0	0	0	0	0	0	0	0	0	0	0	0	0	0	0	0	0	0	
325956	Caudate_L	1950	230	17342	12594	1334	446	884	1900	0	0	9372	462	3400	3364	1014	208	254	0	14452	15820	7426	6466	264	340	822	124	3284	866	14480	2082	6258	2382	0	3116	0	0	230	0	0	0	0	0	0	0	0	0	0	0	0	0	0	0	0	0	0	0	250	0	0	0	0	0	0	0	0	0	0	0	560	708	0	5424	12256	180	998	0	9142	294	0	0	0	0	0	0	0	0	0	0	0	0	0	0	0	0	0	0	0	0	0	0	0	0	0	0	0	0	0	0	0	0	0	0	0	0	0	0	
298184	Caudate_R	0	1412	502	15300	0	1112	0	3198	0	0	0	1202	0	12160	0	1946	0	0	462	28778	3034	4204	302	5816	0	2684	848	2028	134	6482	2926	9866	0	4606	0	0	0	134	0	0	0	0	0	0	0	0	0	0	0	0	0	0	0	0	0	0	0	0	0	0	0	0	0	0	0	0	0	0	0	486	5424	0	1790	13782	0	1020	0	17454	0	0	0	0	0	0	0	0	0	0	0	0	0	0	0	0	0	0	0	0	0	0	0	0	0	0	0	0	0	0	0	0	0	0	0	0	0	0	
299556	Putamen_L	2500	0	31196	1756	6108	0	2120	120	490	0	2820	0	2834	184	4438	0	1062	0	10080	2320	2104	1938	3564	144	748	0	990	0	22942	120	9248	1178	0	676	0	0	8448	0	1132	0	508	0	0	0	0	0	0	0	0	0	0	0	0	0	460	0	846	0	0	0	0	0	0	0	0	0	0	0	0	0	12256	1790	0	0	6100	0	2900	0	0	0	2172	0	1034	0	0	0	0	0	452	0	0	0	0	0	0	0	0	0	0	0	0	0	0	0	0	0	0	0	0	0	0	0	0	0	0	0	
326492	Putamen_R	0	7572	112	14456	0	1812	0	9254	0	0	0	6432	0	5378	0	4786	0	3732	0	6372	144	772	296	8854	0	2692	128	2196	0	23440	1478	10476	0	242	0	0	0	17522	0	2920	0	1720	0	0	0	0	0	0	0	0	0	0	0	0	0	9718	0	756	0	0	0	0	0	0	0	0	0	0	0	0	180	13782	0	0	0	1648	0	1238	0	0	0	468	0	298	0	110	0	0	0	2262	0	0	0	0	0	0	0	0	0	0	0	0	0	0	0	0	0	0	0	0	0	0	0	0	0	0	
36008	Pallidum_L	256	0	7268	0	0	0	0	0	0	0	0	0	0	0	0	0	0	0	526	294	0	0	0	0	0	0	0	0	0	0	0	0	0	266	0	0	662	0	146	0	0	0	0	0	0	0	0	0	0	0	0	0	0	0	0	0	132	0	0	0	0	0	0	0	0	0	0	0	0	0	998	0	6100	0	0	0	1356	0	0	0	0	0	0	0	0	0	0	0	0	0	0	0	0	0	0	0	0	0	0	0	0	0	0	0	0	0	0	0	0	0	0	0	0	0	0	0	
15736	Pallidum_R	0	1292	0	1080	0	0	0	1362	0	0	0	176	0	0	0	0	0	214	0	942	0	0	0	0	0	0	0	0	0	0	0	0	0	0	0	0	0	134	0	0	0	0	0	0	0	0	0	0	0	0	0	0	0	0	0	0	0	0	0	0	0	0	0	0	0	0	0	0	0	0	0	1020	0	1648	0	0	0	0	0	0	0	0	0	0	0	0	0	0	0	0	0	0	0	0	0	0	0	0	0	0	0	0	0	0	0	0	0	0	0	0	0	0	0	0	0	0	
123068	Thalamus_L	8518	0	16594	0	0	0	972	0	0	0	0	0	0	0	0	0	196	0	8398	1460	0	0	0	0	0	0	0	0	1210	0	0	0	0	1032	0	0	3402	1158	338	286	0	0	0	0	0	0	0	0	0	0	0	0	0	0	0	0	298	0	0	0	0	0	0	0	0	0	0	0	1122	436	9142	0	2900	0	1356	0	0	2332	384	0	0	0	0	0	0	0	0	0	0	0	0	0	0	0	0	0	0	0	0	0	0	0	0	0	0	0	0	0	0	0	0	0	0	0	0	0	
160344	Thalamus_R	880	882	284	12062	0	0	136	1400	0	0	0	0	0	1364	0	0	0	152	190	27362	0	0	0	0	0	0	0	0	316	340	0	0	0	3002	390	876	1946	4134	454	1232	0	0	0	0	0	0	0	0	0	0	0	0	0	0	0	110	0	0	0	0	0	0	0	0	0	0	136	292	0	626	294	17454	0	1238	0	0	2332	0	288	0	0	0	0	0	0	0	0	0	0	0	0	0	0	0	0	0	0	0	0	0	0	0	0	0	0	0	0	0	0	0	0	0	0	0	0	0	
81784	Heschl_L	4428	0	1358	0	0	0	182	0	0	0	1140	0	0	0	0	0	5250	0	1034	172	0	0	0	0	0	0	0	0	7642	0	0	0	0	0	0	0	2188	286	0	0	0	0	0	0	0	0	0	0	0	0	1086	0	0	0	1378	0	2708	0	0	0	304	0	296	0	318	0	0	0	114	0	0	0	0	0	0	0	384	288	0	0	2664	0	0	0	3606	0	0	0	4066	0	0	0	0	0	0	0	0	0	0	0	0	0	0	0	0	0	0	0	0	0	0	0	0	0	0	0	
17472	Heschl_R	0	0	0	0	0	0	0	0	0	0	0	0	0	0	0	0	0	514	0	0	0	0	0	0	0	0	0	0	0	1056	0	0	0	0	0	0	0	348	0	160	0	0	0	0	0	0	0	0	0	0	0	0	0	0	0	560	0	0	0	0	0	0	0	0	0	110	0	0	0	0	0	0	0	0	0	0	0	0	0	0	0	3854	0	0	0	1228	0	0	0	906	0	0	0	0	0	0	0	0	0	0	0	0	0	0	0	0	0	0	0	0	0	0	0	0	0	0	
149072	Temporal_Sup_L	500	0	2250	0	0	0	0	0	0	0	2134	0	0	0	0	0	7012	0	2138	0	0	0	0	0	0	0	0	0	7220	0	0	0	0	0	0	0	2928	0	0	0	0	0	0	0	0	0	0	0	172	0	300	0	0	0	1262	0	1406	0	168	0	772	0	3404	0	1318	0	0	0	162	0	0	0	2172	0	0	0	0	0	2664	0	0	0	4810	0	19656	0	0	0	12088	0	0	0	0	0	0	0	0	0	0	0	0	0	0	0	0	0	0	0	0	0	0	0	0	0	0	0	
73032	Temporal_Sup_R	0	0	0	0	0	0	0	0	0	0	0	118	0	0	0	0	0	1404	0	136	0	0	0	0	0	0	0	0	0	2502	0	0	0	0	0	0	0	1054	0	534	0	0	0	0	0	0	0	0	0	0	0	0	0	0	0	1940	0	216	0	0	0	0	0	3466	0	3956	0	130	0	132	0	0	0	468	0	0	0	0	0	3854	0	0	0	1722	0	9944	0	564	0	4376	0	0	0	0	0	0	0	0	0	0	0	0	0	0	0	0	0	0	0	0	0	0	0	0	0	0	
78980	Temporal_Pole_Sup_L	0	0	1286	0	916	0	562	0	180	0	1886	0	414	0	2250	0	1660	0	380	0	178	0	0	0	0	0	0	0	4454	0	0	0	0	0	0	0	844	0	340	0	482	0	0	0	0	0	0	0	0	0	0	0	0	0	3494	0	0	0	0	0	0	0	0	0	0	0	0	0	0	0	0	0	1034	0	0	0	0	0	0	0	4810	0	0	0	5438	0	3346	0	5536	0	0	0	0	0	0	0	0	0	0	0	0	0	0	0	0	0	0	0	0	0	0	0	0	0	0	0	
57340	Temporal_Pole_Sup_R	0	0	0	138	0	112	0	0	0	0	0	408	0	0	0	580	0	398	0	0	0	362	0	310	0	0	0	130	0	1566	0	256	0	0	0	0	0	1372	0	1516	0	2000	0	0	0	0	0	0	0	0	0	0	0	0	0	6322	0	0	0	0	0	0	0	0	0	0	0	0	0	0	0	0	0	298	0	0	0	0	0	0	0	1722	0	0	0	2074	0	5100	0	4006	0	0	0	0	0	0	0	0	0	0	0	0	0	0	0	0	0	0	0	0	0	0	0	0	0	0	
238232	Temporal_Mid_L	2174	0	0	0	0	0	0	0	0	0	0	0	0	0	0	0	2482	0	106	0	0	0	0	0	0	0	0	0	394	0	0	0	0	0	146	0	996	0	0	0	392	0	760	0	124	0	0	0	454	0	13564	0	3198	0	3848	0	286	0	768	0	5588	0	4152	0	7944	0	524	0	3236	0	0	0	0	0	0	0	0	0	3606	0	19656	0	5438	0	0	0	3770	0	35510	0	0	0	0	0	0	0	0	0	0	0	0	0	0	0	0	0	0	0	0	0	0	0	0	0	0	0	
153824	Temporal_Mid_R	0	0	0	0	0	0	0	0	0	0	0	0	0	0	0	0	0	0	0	1444	0	0	0	0	0	0	0	0	0	800	0	0	0	1294	0	510	0	1066	0	240	0	212	0	1274	0	1338	0	1064	0	1830	0	6330	0	1766	0	4724	0	548	0	330	0	0	0	1746	0	6622	0	1826	878	1380	0	0	0	110	0	0	0	0	0	1228	0	9944	0	2074	0	0	0	1804	0	24530	0	0	0	0	0	0	0	0	0	0	0	0	0	0	0	0	0	0	0	0	0	0	0	0	0	0	
27484	Temporal_Pole_Mid_L	0	0	0	0	0	0	0	0	0	0	0	0	0	0	0	0	0	0	0	0	0	0	0	0	0	0	0	0	0	0	0	0	0	0	0	0	0	0	164	0	0	0	0	0	0	0	0	0	0	0	0	0	0	0	2348	0	0	0	0	0	0	0	0	0	0	0	0	0	0	0	0	0	0	0	0	0	0	0	0	0	0	0	3346	0	3770	0	0	0	4114	0	0	0	0	0	0	0	0	0	0	0	0	0	0	0	0	0	0	0	0	0	0	0	0	0	0	0	
31624	Temporal_Pole_Mid_R	0	0	0	0	0	0	0	0	0	0	0	0	0	0	0	0	0	0	0	0	0	0	0	0	0	0	0	0	0	0	0	0	0	0	0	0	0	368	0	462	0	450	0	0	0	0	0	0	0	0	0	0	0	0	0	3638	0	0	0	0	0	0	0	0	0	0	0	0	0	0	0	0	0	0	0	0	0	0	0	0	0	564	0	5100	0	1804	0	0	0	3426	0	0	0	0	0	0	0	0	0	0	0	0	0	0	0	0	0	0	0	0	0	0	0	0	0	0	
224664	Temporal_Inf_L	1170	0	640	0	0	0	0	0	0	0	160	0	0	0	0	0	2370	0	432	0	0	0	0	0	0	0	0	0	2534	0	0	0	0	0	354	0	6552	0	322	0	1452	0	720	0	0	0	242	0	182	0	2054	0	2146	0	14286	0	190	0	464	0	3230	0	4970	0	2748	0	756	0	1148	0	0	0	452	0	0	0	0	0	4066	0	12088	0	5536	0	35510	0	4114	0	0	0	1324	0	0	0	0	0	0	0	120	0	0	0	0	0	0	0	0	0	0	0	0	0	0	0	0	0	
224008	Temporal_Inf_R	0	1220	0	0	0	0	0	1296	0	0	0	380	0	0	0	0	0	564	0	2438	0	0	0	0	0	0	0	0	0	2146	0	0	0	1944	0	3252	0	7802	0	958	0	658	0	2936	0	1152	0	3388	0	1348	0	1066	0	3930	0	19706	0	990	0	462	0	0	0	1302	0	1542	0	7462	642	2648	0	0	0	2262	0	0	0	0	0	906	0	4376	0	4006	0	24530	0	3426	0	0	0	1266	0	0	0	0	0	0	0	0	0	0	0	0	0	0	0	0	0	0	0	0	0	0	0	0	
384204	Cerebelum_Crus1_L	0	0	0	0	0	0	0	0	0	0	0	0	0	0	0	0	0	0	0	0	0	0	0	0	0	0	0	0	0	0	0	0	0	0	0	0	0	0	0	0	0	0	0	0	0	0	11096	478	0	0	0	0	0	0	23190	262	0	0	0	0	0	0	0	0	0	0	0	0	0	0	0	0	0	0	0	0	0	0	0	0	0	0	0	0	0	0	0	0	1324	0	0	2710	33128	930	106	0	24214	1150	55304	1992	4998	0	7416	332	936	166	150	0	0	232	12136	4770	3652	520	316	594	
419896	Cerebelum_Crus1_R	0	0	0	0	0	0	0	0	0	0	0	0	0	0	0	0	0	0	0	0	0	0	0	0	0	0	0	0	0	0	0	0	0	0	0	0	0	0	0	0	0	0	0	0	0	0	6096	4692	0	0	0	0	0	0	128	14360	0	0	0	0	0	0	0	0	0	0	0	0	0	0	0	0	0	0	0	0	0	0	0	0	0	0	0	0	0	0	0	0	0	1266	2710	0	642	32908	0	2254	2528	20872	10384	56588	0	5244	390	12624	618	1040	0	1746	0	674	7622	14836	8158	1068	500	0	
219336	Cerebelum_Crus2_L	0	0	0	0	0	0	0	0	0	0	0	0	0	0	0	0	0	0	0	0	0	0	0	0	0	0	0	0	0	0	0	0	0	0	0	0	0	0	0	0	0	0	0	0	0	0	504	0	0	0	0	0	0	0	1522	0	0	0	0	0	0	0	0	0	0	0	0	0	0	0	0	0	0	0	0	0	0	0	0	0	0	0	0	0	0	0	0	0	0	0	33128	642	0	2596	0	0	1438	0	6660	148	25618	1230	22712	1538	2234	214	440	0	0	0	128	990	3996	3408	364	158	
245044	Cerebelum_Crus2_R	0	0	0	0	0	0	0	0	0	0	0	0	0	0	0	0	0	0	0	0	0	0	0	0	0	0	0	0	0	0	0	0	0	0	0	0	0	0	0	0	0	0	0	0	0	0	526	0	0	0	0	0	0	0	0	0	0	0	0	0	0	0	0	0	0	0	0	0	0	0	0	0	0	0	0	0	0	0	0	0	0	0	0	0	0	0	0	0	0	0	930	32908	2596	0	0	620	590	2084	1702	9482	1814	20546	2526	27044	226	1776	0	2188	0	520	1514	1600	5364	4742	976	248	
15080	Cerebelum_3_L	0	0	0	0	0	0	0	0	0	0	0	0	0	0	0	0	0	0	0	0	0	0	0	0	0	0	0	0	0	0	0	0	0	0	0	0	198	174	252	0	0	0	0	0	0	0	0	170	0	0	0	0	0	0	0	0	0	0	0	0	0	0	0	0	0	0	0	0	0	0	0	0	0	0	0	0	0	0	0	0	0	0	0	0	0	0	0	0	0	0	106	0	0	0	0	0	3388	0	438	0	0	0	0	0	446	0	0	0	380	1706	282	0	0	0	0	0	
45516	Cerebelum_3_R	0	0	0	0	0	0	0	0	0	0	0	0	0	0	0	0	0	0	0	0	0	0	0	0	0	0	0	0	0	0	0	0	0	0	0	0	0	0	0	0	0	0	0	0	0	0	0	0	0	0	0	0	0	0	0	0	0	0	0	0	0	0	0	0	0	0	0	0	0	0	0	0	0	0	0	0	0	0	0	0	0	0	0	0	0	0	0	0	0	0	0	2254	0	620	0	0	1028	4640	476	4946	0	0	0	720	0	934	0	0	342	3384	1552	0	428	680	754	0	
306836	Cerebelum_4_5_L	0	0	0	0	0	0	0	0	0	0	0	0	0	0	0	0	0	0	0	0	0	0	0	0	0	0	0	0	0	0	0	0	0	0	0	0	478	140	682	0	0	0	0	0	0	0	11396	1900	0	0	0	0	0	0	12352	964	0	0	0	0	0	0	0	0	0	0	0	0	0	0	0	0	0	0	0	0	0	0	0	0	0	0	0	0	0	0	0	0	0	0	24214	2528	1438	590	3388	1028	0	6194	41994	5132	878	0	1876	662	3452	364	0	140	102	2042	24516	2504	246	414	464	1340	
226788	Cerebelum_4_5_R	0	0	0	0	0	0	0	0	0	0	0	0	0	0	0	0	0	0	0	0	0	0	0	0	0	0	0	0	0	0	0	0	0	0	0	0	0	0	0	0	0	0	0	0	0	0	344	5212	0	0	0	0	0	0	126	5594	0	0	0	0	0	0	0	0	0	0	0	0	0	0	0	0	0	0	0	0	0	0	0	0	0	0	0	0	0	0	0	0	0	0	1150	20872	0	2084	0	4640	6194	0	3238	36604	0	0	108	2194	1078	450	0	1576	0	1484	17130	2760	282	104	170	0	
485668	Cerebelum_6_L	0	0	0	0	0	0	0	0	0	0	0	0	0	0	0	0	0	0	0	0	0	0	0	0	0	0	0	0	0	0	0	0	0	0	0	0	0	0	116	0	0	0	0	0	0	0	22326	3166	0	0	0	0	0	0	27344	2412	0	0	0	0	0	0	0	0	0	0	0	0	0	0	0	0	0	0	0	0	0	0	0	0	0	0	0	0	0	0	0	0	120	0	55304	10384	6660	1702	438	476	41994	3238	0	11370	2256	0	3356	410	2662	244	0	0	0	862	20366	17576	6672	316	252	812	
425852	Cerebelum_6_R	0	0	0	0	0	0	0	0	0	0	0	0	0	0	0	0	0	0	0	0	0	0	0	0	0	0	0	0	0	0	0	0	0	0	0	0	0	0	0	0	0	0	0	0	0	0	6940	8398	0	0	0	0	0	0	196	16822	0	0	0	0	0	0	0	0	0	0	0	0	0	0	0	0	0	0	0	0	0	0	0	0	0	0	0	0	0	0	0	0	0	0	1992	56588	148	9482	0	4946	5132	36604	11370	0	0	152	614	5724	1608	1294	0	2962	0	1410	15514	18208	5148	610	694	370	
139340	Cerebelum_7b_L	0	0	0	0	0	0	0	0	0	0	0	0	0	0	0	0	0	0	0	0	0	0	0	0	0	0	0	0	0	0	0	0	0	0	0	0	0	0	0	0	0	0	0	0	0	0	0	0	0	0	0	0	0	0	0	0	0	0	0	0	0	0	0	0	0	0	0	0	0	0	0	0	0	0	0	0	0	0	0	0	0	0	0	0	0	0	0	0	0	0	4998	0	25618	1814	0	0	878	0	2256	0	0	1678	24104	726	1742	116	556	0	0	0	290	260	1324	3204	106	0	
99996	Cerebelum_7b_R	0	0	0	0	0	0	0	0	0	0	0	0	0	0	0	0	0	0	0	0	0	0	0	0	0	0	0	0	0	0	0	0	0	0	0	0	0	0	0	0	0	0	0	0	0	0	0	0	0	0	0	0	0	0	0	0	0	0	0	0	0	0	0	0	0	0	0	0	0	0	0	0	0	0	0	0	0	0	0	0	0	0	0	0	0	0	0	0	0	0	0	5244	1230	20546	0	0	0	0	0	152	1678	0	2036	16298	0	196	0	0	0	0	0	0	400	2218	0	0	
214940	Cerebelum_8_L	0	0	0	0	0	0	0	0	0	0	0	0	0	0	0	0	0	0	0	0	0	0	0	0	0	0	0	0	0	0	0	0	0	0	0	0	0	0	0	0	0	0	0	0	0	0	114	0	0	0	0	0	0	0	0	0	0	0	0	0	0	0	0	0	0	0	0	0	0	0	0	0	0	0	0	0	0	0	0	0	0	0	0	0	0	0	0	0	0	0	7416	390	22712	2526	0	0	1876	108	3356	614	24104	2036	0	3612	17062	1502	3210	0	0	0	520	1030	2782	8428	3142	930	
222928	Cerebelum_8_R	0	0	0	0	0	0	0	0	0	0	0	0	0	0	0	0	0	0	0	0	0	0	0	0	0	0	0	0	0	0	0	0	0	0	0	0	0	0	0	0	0	0	0	0	0	0	0	0	0	0	0	0	0	0	0	120	0	0	0	0	0	0	0	0	0	0	0	0	0	0	0	0	0	0	0	0	0	0	0	0	0	0	0	0	0	0	0	0	0	0	332	12624	1538	27044	0	720	662	2194	410	5724	726	16298	3612	0	1580	14590	0	5672	0	558	1394	868	4072	6700	3276	750	
108696	Cerebelum_9_L	0	0	0	0	0	0	0	0	0	0	0	0	0	0	0	0	0	0	0	0	0	0	0	0	0	0	0	0	0	0	0	0	0	0	0	0	0	0	0	0	0	0	0	0	0	0	104	524	0	0	0	0	0	0	0	272	0	0	0	0	0	0	0	0	0	0	0	0	0	0	0	0	0	0	0	0	0	0	0	0	0	0	0	0	0	0	0	0	0	0	936	618	2234	226	446	0	3452	1078	2662	1608	1742	0	17062	1580	0	1750	3960	0	0	158	1542	3350	746	3300	3462	1536	
85460	Cerebelum_9_R	0	0	0	0	0	0	0	0	0	0	0	0	0	0	0	0	0	0	0	0	0	0	0	0	0	0	0	0	0	0	0	0	0	0	0	0	0	0	0	0	0	0	0	0	0	0	0	0	0	0	0	0	0	0	0	0	0	0	0	0	0	0	0	0	0	0	0	0	0	0	0	0	0	0	0	0	0	0	0	0	0	0	0	0	0	0	0	0	0	0	166	1040	214	1776	0	934	364	450	244	1294	116	196	1502	14590	1750	0	0	3524	0	682	720	1338	2118	3466	4436	1810	
16632	Cerebelum_10_L	0	0	0	0	0	0	0	0	0	0	0	0	0	0	0	0	0	0	0	0	0	0	0	0	0	0	0	0	0	0	0	0	0	0	0	0	0	0	0	0	0	0	0	0	0	0	0	0	0	0	0	0	0	0	0	0	0	0	0	0	0	0	0	0	0	0	0	0	0	0	0	0	0	0	0	0	0	0	0	0	0	0	0	0	0	0	0	0	0	0	150	0	440	0	0	0	0	0	0	0	556	0	3210	0	3960	0	0	0	0	0	0	0	0	0	0	0	
37324	Cerebelum_10_R	0	0	0	0	0	0	0	0	0	0	0	0	0	0	0	0	0	0	0	0	0	0	0	0	0	0	0	0	0	0	0	0	0	0	0	0	0	0	0	0	0	0	0	0	0	0	0	0	0	0	0	0	0	0	0	0	0	0	0	0	0	0	0	0	0	0	0	0	0	0	0	0	0	0	0	0	0	0	0	0	0	0	0	0	0	0	0	0	0	0	0	1746	0	2188	0	0	140	1576	0	2962	0	0	0	5672	0	3524	0	0	0	0	854	0	0	0	0	0	
8032	Vermis_1_2	0	0	0	0	0	0	0	0	0	0	0	0	0	0	0	0	0	0	0	0	0	0	0	0	0	0	0	0	0	0	0	0	0	0	0	0	0	0	0	0	0	0	0	0	0	0	0	0	0	0	0	0	0	0	0	0	0	0	0	0	0	0	0	0	0	0	0	0	0	0	0	0	0	0	0	0	0	0	0	0	0	0	0	0	0	0	0	0	0	0	0	0	0	0	380	342	102	0	0	0	0	0	0	0	0	0	0	0	0	3192	0	0	0	0	0	0	
41788	Vermis_3	0	0	0	0	0	0	0	0	0	0	0	0	0	0	0	0	0	0	0	0	0	0	0	0	0	0	0	0	0	0	0	0	0	0	0	0	0	222	0	0	0	0	0	0	0	0	0	0	0	0	0	0	0	0	0	0	0	0	0	0	0	0	0	0	0	0	0	0	0	0	0	0	0	0	0	0	0	0	0	0	0	0	0	0	0	0	0	0	0	0	232	674	0	520	1706	3384	2042	1484	862	1410	0	0	0	558	158	682	0	0	3192	0	2312	0	306	502	544	104	
256072	Vermis_4_5	0	0	0	0	0	0	0	0	0	0	0	0	0	0	0	0	0	0	0	0	0	0	0	0	0	0	0	0	0	0	0	0	0	0	0	122	0	164	0	162	0	0	0	0	0	0	2908	3450	0	0	0	0	0	0	3138	1880	0	0	0	0	0	0	0	0	0	0	0	168	0	0	0	0	0	0	0	0	0	0	0	0	0	0	0	0	0	0	0	0	0	0	12136	7622	128	1514	282	1552	24516	17130	20366	15514	290	0	520	1394	1542	720	0	854	0	2312	0	4580	328	290	604	1850	
213924	Vermis_6	0	0	0	0	0	0	0	0	0	0	0	0	0	0	0	0	0	0	0	0	0	0	0	0	0	0	0	0	0	0	0	0	0	0	0	0	0	0	0	0	0	0	0	0	0	0	9804	4786	0	0	0	0	0	0	528	4248	0	0	0	0	0	0	0	0	0	0	0	0	0	0	0	0	0	0	0	0	0	0	0	0	0	0	0	0	0	0	0	0	0	0	4770	14836	990	1600	0	0	2504	2760	17576	18208	260	0	1030	868	3350	1338	0	0	0	0	4580	0	8056	1034	1404	2432	
131720	Vermis_7	0	0	0	0	0	0	0	0	0	0	0	0	0	0	0	0	0	0	0	0	0	0	0	0	0	0	0	0	0	0	0	0	0	0	0	0	0	0	0	0	0	0	0	0	0	0	2780	454	0	0	0	0	0	0	0	484	0	0	0	0	0	0	0	0	0	0	0	0	0	0	0	0	0	0	0	0	0	0	0	0	0	0	0	0	0	0	0	0	0	0	3652	8158	3996	5364	0	428	246	282	6672	5148	1324	400	2782	4072	746	2118	0	0	0	306	328	8056	0	4902	2424	738	
106020	Vermis_8	0	0	0	0	0	0	0	0	0	0	0	0	0	0	0	0	0	0	0	0	0	0	0	0	0	0	0	0	0	0	0	0	0	0	0	0	0	0	0	0	0	0	0	0	0	0	0	0	0	0	0	0	0	0	0	0	0	0	0	0	0	0	0	0	0	0	0	0	0	0	0	0	0	0	0	0	0	0	0	0	0	0	0	0	0	0	0	0	0	0	520	1068	3408	4742	0	680	414	104	316	610	3204	2218	8428	6700	3300	3466	0	0	0	502	290	1034	4902	0	5598	1506	
64240	Vermis_9	0	0	0	0	0	0	0	0	0	0	0	0	0	0	0	0	0	0	0	0	0	0	0	0	0	0	0	0	0	0	0	0	0	0	0	0	0	0	0	0	0	0	0	0	0	0	0	0	0	0	0	0	0	0	0	0	0	0	0	0	0	0	0	0	0	0	0	0	0	0	0	0	0	0	0	0	0	0	0	0	0	0	0	0	0	0	0	0	0	0	316	500	364	976	0	754	464	170	252	694	106	0	3142	3276	3462	4436	0	0	0	544	604	1404	2424	5598	0	2634	
35828	Vermis_10	0	0	0	0	0	0	0	0	0	0	0	0	0	0	0	0	0	0	0	0	0	0	0	0	0	0	0	0	0	0	0	0	0	0	0	0	0	0	0	0	0	0	0	0	0	0	102	0	0	0	0	0	0	0	0	0	0	0	0	0	0	0	0	0	0	0	0	0	0	0	0	0	0	0	0	0	0	0	0	0	0	0	0	0	0	0	0	0	0	0	594	0	158	248	0	0	1340	0	812	370	0	0	930	750	1536	1810	0	0	0	104	1850	2432	738	1506	2634	0	
