data	data	418016	287516	1.13315e+06	1.12601e+06	220716	246952	556860	281576	115552	86240	205124	180444	326864	232508	242692	136148	300856	115192	826148	938508	223032	222128	487716	484372	55560	182152	58256	186672	729396	413504	378728	538028	205652	643056	126852	149848	264232	358520	192324	224256	66076	68752	232424	247648	126652	187700	347316	296920	172852	223852	316172	181152	169336	83556	487616	438528	261144	184300	103052	156276	248532	194460	129864	277732	177016	172768	302572	372780	175948	198100	542636	571380	543656	443980	135384	36232	182396	176232	87552	28584	278500	183468	161992	104356	353148	253832	45888	48040	287120	239028	497528	431260	386152	283712	117684	105600	445716	283528	561076	441272	298836	179796	388232	325448	188044	191988	14260	10016	30084	80908	365032	291468	189436	284916	219972	48052	
data	data	Precentral_L	Precentral_R	Frontal_Sup_L	Frontal_Sup_R	Frontal_Sup_Orb_L	Frontal_Sup_Orb_R	Frontal_Mid_L	Frontal_Mid_R	Frontal_Mid_Orb_L	Frontal_Mid_Orb_R	Frontal_Inf_Oper_L	Frontal_Inf_Oper_R	Frontal_Inf_Tri_L	Frontal_Inf_Tri_R	Frontal_Inf_Orb_L	Frontal_Inf_Orb_R	Rolandic_Oper_L	Rolandic_Oper_R	Supp_Motor_Area_L	Supp_Motor_Area_R	Olfactory_L	Olfactory_R	Frontal_Sup_Medial_L	Frontal_Sup_Medial_R	Frontal_Med_Orb_L	Frontal_Med_Orb_R	Rectus_L	Rectus_R	Insula_L	Insula_R	Cingulum_Ant_L	Cingulum_Ant_R	Cingulum_Mid_L	Cingulum_Mid_R	Cingulum_Post_L	Cingulum_Post_R	Hippocampus_L	Hippocampus_R	ParaHippocampal_L	ParaHippocampal_R	Amygdala_L	Amygdala_R	Calcarine_L	Calcarine_R	Cuneus_L	Cuneus_R	Lingual_L	Lingual_R	Occipital_Sup_L	Occipital_Sup_R	Occipital_Mid_L	Occipital_Mid_R	Occipital_Inf_L	Occipital_Inf_R	Fusiform_L	Fusiform_R	Postcentral_L	Postcentral_R	Parietal_Sup_L	Parietal_Sup_R	Parietal_Inf_L	Parietal_Inf_R	SupraMarginal_L	SupraMarginal_R	Angular_L	Angular_R	Precuneus_L	Precuneus_R	Paracentral_Lobule_L	Paracentral_Lobule_R	Caudate_L	Caudate_R	Putamen_L	Putamen_R	Pallidum_L	Pallidum_R	Thalamus_L	Thalamus_R	Heschl_L	Heschl_R	Temporal_Sup_L	Temporal_Sup_R	Temporal_Pole_Sup_L	Temporal_Pole_Sup_R	Temporal_Mid_L	Temporal_Mid_R	Temporal_Pole_Mid_L	Temporal_Pole_Mid_R	Temporal_Inf_L	Temporal_Inf_R	Cerebelum_Crus1_L	Cerebelum_Crus1_R	Cerebelum_Crus2_L	Cerebelum_Crus2_R	Cerebelum_3_L	Cerebelum_3_R	Cerebelum_4_5_L	Cerebelum_4_5_R	Cerebelum_6_L	Cerebelum_6_R	Cerebelum_7b_L	Cerebelum_7b_R	Cerebelum_8_L	Cerebelum_8_R	Cerebelum_9_L	Cerebelum_9_R	Cerebelum_10_L	Cerebelum_10_R	Vermis_1_2	Vermis_3	Vermis_4_5	Vermis_6	Vermis_7	Vermis_8	Vermis_9	Vermis_10	
418016	Precentral_L	0	2436	24422	10390	174	0	16242	1638	0	0	9184	0	5356	0	138	0	8276	0	6848	7304	0	0	858	98	0	0	0	0	7940	88	1902	792	314	826	128	0	7700	212	4024	164	900	0	0	0	0	0	0	0	0	0	104	0	116	0	260	0	23604	0	0	0	3992	0	2346	0	326	0	0	0	4110	0	14254	1346	4546	296	1424	0	27654	902	1658	0	2496	0	464	0	274	0	0	0	482	0	0	0	0	0	0	0	0	0	0	0	0	0	0	0	0	0	0	0	0	0	0	0	0	0	0	0	
287516	Precentral_R	2436	0	608	9446	0	0	572	21258	0	0	0	11218	0	2652	0	0	544	3898	260	3354	0	0	0	122	0	0	0	0	484	5714	202	768	0	3638	190	702	94	2204	0	376	0	0	0	94	0	0	0	0	0	360	0	274	0	100	0	2208	924	19770	0	642	136	1980	0	7502	0	580	0	3586	0	9706	5118	6262	668	5936	0	124	926	956	0	182	0	1884	0	0	0	1412	0	0	0	1688	0	0	0	0	0	0	0	0	0	0	0	0	0	0	0	0	0	0	0	0	0	0	0	0	0	0	
1.13315e+06	Frontal_Sup_L	24422	608	0	24252	11976	100	83362	690	4022	0	10890	428	22004	840	7384	0	13374	0	82990	28382	1078	0	48366	7246	2130	344	104	0	44146	436	25048	7722	7646	10646	96	0	4674	0	1170	0	2050	0	0	0	0	0	0	0	0	0	0	0	0	0	572	0	1298	130	0	0	344	0	148	0	0	0	256	0	2556	0	22836	1106	33270	154	4802	0	15588	146	610	0	1936	0	1658	0	172	0	0	0	366	0	0	0	0	0	0	0	0	0	0	0	0	0	0	0	0	0	0	0	0	0	0	0	0	0	0	0	
1.12601e+06	Frontal_Sup_R	10390	9446	24252	0	500	11182	7632	38536	0	2932	192	10756	202	16908	202	2818	544	1554	28972	86654	2996	4226	14350	41894	186	5848	570	3932	1138	16296	5882	30366	2960	32766	866	206	620	4642	442	990	0	506	0	0	122	0	0	0	192	0	172	0	0	0	0	188	1948	2358	0	0	614	174	0	672	0	0	274	454	4838	838	19644	40498	4854	21366	2878	2190	2190	30364	264	0	0	88	0	212	0	142	0	0	0	118	0	0	0	0	0	0	0	0	0	0	0	0	0	0	0	0	0	0	0	0	0	0	0	0	0	0	
220716	Frontal_Sup_Orb_L	174	0	11976	500	0	794	4676	0	14710	0	516	0	6770	0	14922	0	164	0	4464	540	3042	1664	4924	366	3512	564	3638	968	9518	0	3794	224	0	128	0	0	0	0	0	0	0	0	0	0	0	0	0	0	0	0	0	0	0	0	0	0	0	0	0	0	0	0	0	0	0	0	0	0	0	0	2970	812	13356	358	0	0	0	0	0	0	0	0	314	0	0	0	0	0	0	0	0	0	0	0	0	0	0	0	0	0	0	0	0	0	0	0	0	0	0	0	0	0	0	0	0	0	
246952	Frontal_Sup_Orb_R	0	0	100	11182	794	0	0	1622	0	5294	0	132	0	1588	476	3836	0	0	302	5346	4794	8880	432	5240	676	13172	1152	13028	0	2358	2296	5562	0	2616	0	0	0	0	0	0	0	0	0	0	0	0	0	0	0	0	0	0	0	0	0	0	0	0	0	0	0	0	0	0	0	0	0	0	0	0	4908	13758	3546	7742	2252	392	0	0	0	0	0	0	0	0	0	0	0	0	0	0	0	0	0	0	0	0	0	0	0	0	0	0	0	0	0	0	0	0	0	0	0	0	0	0	0	0	
556860	Frontal_Mid_L	16242	572	83362	7632	4676	0	0	682	3490	0	8452	0	35818	240	6502	0	4532	0	9234	8560	0	0	18086	1660	144	0	0	0	21072	224	6558	2832	2512	4920	0	0	1460	0	702	0	0	0	0	0	0	0	0	0	0	0	0	0	0	0	0	0	1364	0	0	0	354	0	0	0	0	0	0	0	0	0	10768	366	5992	0	3666	0	4090	0	720	0	490	0	456	0	0	0	0	0	0	0	0	0	0	0	0	0	0	0	0	0	0	0	0	0	0	0	0	0	0	0	0	0	0	0	0	0	
281576	Frontal_Mid_R	1638	21258	690	38536	0	1622	682	0	0	1756	0	10998	0	17292	0	988	172	120	912	4570	430	430	2658	6000	0	228	0	592	182	2654	436	4010	318	3222	0	0	0	592	0	116	0	0	0	0	0	0	0	0	0	0	0	0	0	0	0	446	144	842	0	0	0	126	0	380	0	0	0	532	0	436	4614	3914	888	2626	408	322	754	458	0	0	0	0	0	0	0	182	0	0	0	614	0	0	0	0	0	0	0	0	0	0	0	0	0	0	0	0	0	0	0	0	0	0	0	0	0	0	
115552	Frontal_Mid_Orb_L	0	0	4022	0	14710	0	3490	0	0	0	266	0	4802	0	15720	0	0	0	1066	0	200	118	920	0	432	0	468	0	4224	0	922	0	0	0	0	0	0	0	0	0	0	0	0	0	0	0	0	0	0	0	0	0	0	0	0	0	0	0	0	0	0	0	0	0	0	0	0	0	0	0	238	0	5888	0	0	0	0	0	0	0	0	0	290	0	0	0	0	0	0	0	0	0	0	0	0	0	0	0	0	0	0	0	0	0	0	0	0	0	0	0	0	0	0	0	0	0	
86240	Frontal_Mid_Orb_R	0	0	0	2932	0	5294	0	1756	0	0	0	264	0	2884	0	10366	0	0	0	2742	606	1058	0	180	152	1366	0	1620	0	3032	0	122	0	1530	0	0	0	0	0	0	0	0	0	0	0	0	0	0	0	0	0	0	0	0	0	0	0	0	0	0	0	0	0	0	0	0	0	0	0	0	616	2920	596	2538	546	0	0	0	0	0	0	0	0	0	0	0	0	0	0	0	0	0	0	0	0	0	0	0	0	0	0	0	0	0	0	0	0	0	0	0	0	0	0	0	0	0	
205124	Frontal_Inf_Oper_L	9184	0	10890	192	516	0	8452	0	266	0	0	0	13080	0	1332	0	13534	0	5024	130	0	0	1812	100	0	0	0	0	19862	0	404	192	0	0	0	0	396	0	248	0	0	0	0	0	0	0	0	0	0	0	0	0	0	0	0	0	4312	0	0	0	204	0	0	0	0	0	0	0	0	0	714	0	3198	0	498	0	340	0	472	0	3492	0	3718	0	0	0	0	0	0	0	0	0	0	0	0	0	0	0	0	0	0	0	0	0	0	0	0	0	0	0	0	0	0	0	0	0	
180444	Frontal_Inf_Oper_R	0	11218	428	10756	0	132	0	10998	0	264	0	0	0	10958	0	1744	0	3154	478	6170	0	0	134	474	0	118	0	88	0	13568	126	1444	0	994	0	0	0	346	0	138	0	0	0	0	0	0	0	0	0	0	0	0	0	0	0	0	0	1274	0	0	0	0	0	170	0	0	0	104	0	0	2874	1960	484	8516	0	0	444	132	0	0	0	130	0	404	0	0	0	0	0	0	0	0	0	0	0	0	0	0	0	0	0	0	0	0	0	0	0	0	0	0	0	0	0	0	0	0	
326864	Frontal_Inf_Tri_L	5356	0	22004	202	6770	0	35818	0	4802	0	13080	0	0	0	20622	0	2252	0	4130	210	0	0	3480	174	0	0	0	0	30964	0	652	292	760	202	0	0	394	0	242	0	0	0	0	0	0	0	0	0	0	0	0	0	0	0	0	0	1746	0	0	0	130	0	0	0	0	0	0	0	0	0	490	0	5216	0	600	0	168	0	448	0	706	0	1522	0	0	0	0	0	0	0	0	0	0	0	0	0	0	0	0	0	0	0	0	0	0	0	0	0	0	0	0	0	0	0	0	0	
232508	Frontal_Inf_Tri_R	0	2652	840	16908	0	1588	240	17292	0	2884	0	10958	0	0	0	4852	0	1180	2070	5816	230	248	3368	7976	0	972	0	484	0	15162	302	4982	464	5100	0	0	0	466	0	144	0	0	0	0	0	0	0	0	0	0	0	0	0	0	0	0	0	416	0	0	0	0	0	0	0	0	0	0	0	0	1942	1824	572	3952	216	0	154	0	0	0	0	0	0	0	0	0	0	0	0	0	0	0	0	0	0	0	0	0	0	0	0	0	0	0	0	0	0	0	0	0	0	0	0	0	0	0	
242692	Frontal_Inf_Orb_L	138	0	7384	202	14922	476	6502	0	15720	0	1332	0	20622	0	0	0	170	0	2576	230	4108	932	1144	0	0	122	1730	614	21778	0	212	0	0	0	0	0	1614	0	298	0	1248	0	0	0	0	0	0	0	0	0	0	0	0	0	148	0	0	0	0	0	0	0	0	0	0	0	0	0	0	0	1782	344	10160	150	0	0	0	0	0	0	744	0	3142	0	288	0	0	0	514	0	0	0	0	0	0	0	0	0	0	0	0	0	0	0	0	0	0	0	0	0	0	0	0	0	0	0	
136148	Frontal_Inf_Orb_R	0	0	0	2818	0	3836	0	988	0	10366	0	1744	0	4852	0	0	0	1106	0	2744	838	3432	98	178	0	0	0	4046	0	12694	0	116	0	1430	0	0	0	124	0	0	0	138	0	0	0	0	0	0	0	0	0	0	0	0	0	0	0	0	0	0	0	0	0	0	0	0	0	0	0	0	820	4330	778	5900	614	246	0	0	0	260	0	1242	0	2336	0	0	0	0	0	0	0	0	0	0	0	0	0	0	0	0	0	0	0	0	0	0	0	0	0	0	0	0	0	0	0	0	
300856	Rolandic_Oper_L	8276	544	13374	544	164	0	4532	172	0	0	13534	0	2252	0	170	0	0	0	6348	548	0	0	732	0	0	0	0	0	33120	0	0	0	0	0	0	0	900	0	278	0	0	0	0	0	0	0	0	0	0	0	0	0	486	0	1532	0	14020	0	0	0	3856	0	5214	0	1384	0	0	0	88	0	2148	362	1452	0	172	0	0	0	6166	0	16464	0	4990	0	4196	0	0	0	2410	0	0	0	0	0	0	0	0	0	0	0	0	0	0	0	0	0	0	0	0	0	0	0	0	0	0	0	
115192	Rolandic_Oper_R	0	3898	0	1554	0	0	0	120	0	0	0	3154	0	1180	0	1106	0	0	0	1388	0	0	0	0	0	0	0	0	0	13562	0	564	0	428	0	0	0	2004	0	284	0	0	0	0	0	0	0	0	0	0	0	0	0	0	0	194	0	4264	0	0	0	0	0	2420	0	0	0	306	0	382	0	4610	0	6558	0	406	0	0	0	2740	0	4588	0	1512	0	258	0	0	0	116	0	0	0	0	0	0	0	0	0	0	0	0	0	0	0	0	0	0	0	0	0	0	0	0	0	0	
826148	Supp_Motor_Area_L	6848	260	82990	28972	4464	302	9234	912	1066	0	5024	478	4130	2070	2576	0	6348	0	0	53744	682	0	18082	10004	956	392	0	0	25050	1252	15428	11442	12528	24848	2356	888	3090	0	690	0	1752	0	224	0	848	0	0	0	886	0	840	0	88	0	544	0	614	0	116	0	522	0	324	0	156	0	2152	266	22960	3358	10406	1836	22232	586	202	0	1360	590	284	0	1166	0	928	0	348	0	0	0	380	0	0	0	0	0	0	0	0	0	0	0	0	0	0	0	0	0	0	0	0	0	0	0	0	0	0	0	
938508	Supp_Motor_Area_R	7304	3354	28382	86654	540	5346	8560	4570	0	2742	130	6170	210	5816	230	2744	548	1388	53744	0	1850	2406	10164	20414	184	2092	554	2936	922	10910	4544	21670	7516	53466	1954	3928	194	1822	122	592	0	320	92	0	186	0	0	0	192	0	0	0	0	0	0	1364	902	992	0	140	532	220	0	428	0	0	1204	966	11986	9546	19052	20762	2494	15068	1000	280	1334	10780	228	98	0	330	0	212	0	844	0	0	0	1030	0	0	0	0	0	0	0	0	0	0	0	0	0	0	0	0	0	0	0	0	0	0	0	0	0	0	
223032	Olfactory_L	0	0	1078	2996	3042	4794	0	430	200	606	0	0	0	230	4108	838	0	0	682	1850	0	14036	0	180	1024	1458	4278	6960	3992	240	2772	1844	0	548	0	0	1994	0	740	0	1778	0	0	0	0	0	0	0	0	0	0	0	0	0	88	0	0	0	0	0	0	0	0	0	0	0	0	0	0	0	17542	10002	11840	2524	4868	308	0	462	0	0	150	0	1034	0	0	0	0	0	0	0	0	0	0	0	0	0	0	0	0	0	0	0	0	0	0	0	0	0	0	0	0	0	0	0	0	0	
222128	Olfactory_R	0	0	0	4226	1664	8880	0	430	118	1058	0	0	0	248	932	3432	0	0	0	2406	14036	0	0	234	398	2602	2740	11854	0	2998	2176	2020	0	722	0	0	0	356	92	224	0	370	0	0	0	0	0	0	0	0	0	0	0	0	0	0	0	0	0	0	0	0	0	0	0	0	0	0	0	0	13192	13394	8966	4574	4914	502	0	1190	0	0	0	0	0	116	0	0	0	0	0	0	0	0	0	0	0	0	0	0	0	0	0	0	0	0	0	0	0	0	0	0	0	0	0	0	0	0	
487716	Frontal_Sup_Medial_L	858	0	48366	14350	4924	432	18086	2658	920	0	1812	134	3480	3368	1144	98	732	0	18082	10164	0	0	0	28682	2214	1626	0	0	4920	1548	22904	20376	10580	14752	218	0	0	0	0	0	0	0	0	0	138	0	0	0	142	0	0	0	0	0	0	0	0	0	0	0	0	0	0	0	0	0	918	0	0	0	892	892	1956	696	150	0	0	0	0	0	248	0	398	0	0	0	0	0	0	0	0	0	0	0	0	0	0	0	0	0	0	0	0	0	0	0	0	0	0	0	0	0	0	0	0	0	
484372	Frontal_Sup_Medial_R	98	122	7246	41894	366	5240	1660	6000	0	180	100	474	174	7976	0	178	0	0	10004	20414	180	234	28682	0	770	9930	0	458	246	5138	13706	37254	2596	24806	0	0	0	0	0	0	0	0	0	0	0	0	0	0	0	0	0	0	0	0	0	0	0	0	0	0	0	0	0	0	0	0	0	0	0	0	1080	8418	336	6130	96	0	0	0	0	0	0	0	0	0	0	0	0	0	0	0	0	0	0	0	0	0	0	0	0	0	0	0	0	0	0	0	0	0	0	0	0	0	0	0	0	0	
55560	Frontal_Med_Orb_L	0	0	2130	186	3512	676	144	0	432	152	0	0	0	0	0	0	0	0	956	184	1024	398	2214	770	0	2102	1176	590	0	0	4590	788	0	0	0	0	0	0	0	0	0	0	0	0	0	0	0	0	0	0	0	0	0	0	0	0	0	0	0	0	0	0	0	0	0	0	0	0	0	0	1984	492	3012	268	0	0	0	0	0	0	0	0	0	0	0	0	0	0	0	0	0	0	0	0	0	0	0	0	0	0	0	0	0	0	0	0	0	0	0	0	0	0	0	0	0	0	
182152	Frontal_Med_Orb_R	0	0	344	5848	564	13172	0	228	0	1366	0	118	0	972	122	0	0	0	392	2092	1458	2602	1626	9930	2102	0	1000	5842	0	750	5470	11322	0	1662	0	0	0	0	0	0	0	0	0	0	0	0	0	0	0	0	0	0	0	0	0	0	0	0	0	0	0	0	0	0	0	0	0	0	0	0	1750	10270	1114	8176	240	544	0	0	0	0	0	0	0	0	0	0	0	0	0	0	0	0	0	0	0	0	0	0	0	0	0	0	0	0	0	0	0	0	0	0	0	0	0	0	0	0	
58256	Rectus_L	0	0	104	570	3638	1152	0	0	468	0	0	0	0	0	1730	0	0	0	0	554	4278	2740	0	0	1176	1000	0	2476	278	0	564	258	0	0	0	0	0	0	0	0	0	0	0	0	0	0	0	0	0	0	0	0	0	0	0	0	0	0	0	0	0	0	0	0	0	0	0	0	0	0	4544	1110	2066	422	0	0	0	0	0	0	0	0	0	0	0	0	0	0	0	0	0	0	0	0	0	0	0	0	0	0	0	0	0	0	0	0	0	0	0	0	0	0	0	0	0	0	
186672	Rectus_R	0	0	0	3932	968	13028	0	592	0	1620	0	88	0	484	614	4046	0	0	0	2936	6960	11854	0	458	590	5842	2476	0	0	1722	428	1650	0	936	0	0	0	0	0	0	0	0	0	0	0	0	0	0	0	0	0	0	0	0	0	0	0	0	0	0	0	0	0	0	0	0	0	0	0	0	6770	11216	5172	5390	3376	188	0	0	0	0	0	0	0	0	0	0	0	0	0	0	0	0	0	0	0	0	0	0	0	0	0	0	0	0	0	0	0	0	0	0	0	0	0	0	0	0	
729396	Insula_L	7940	484	44146	1138	9518	0	21072	182	4224	0	19862	0	30964	0	21778	0	33120	0	25050	922	3992	0	4920	246	0	0	278	0	0	0	1282	320	888	244	0	0	13364	0	5198	0	3036	0	0	0	0	0	0	0	0	0	0	0	396	0	4666	0	7730	0	0	0	4334	0	4754	0	726	0	0	0	94	0	3518	298	31784	0	1330	0	1300	0	9546	0	16106	0	11926	0	5802	0	200	0	5282	0	0	0	0	0	0	0	298	0	440	0	0	0	0	0	0	0	0	0	0	0	0	0	0	0	0	0	
413504	Insula_R	88	5714	436	16296	0	2358	224	2654	0	3032	0	13568	0	15162	0	12694	0	13562	1252	10910	240	2998	1548	5138	0	750	0	1722	0	0	0	2458	314	5372	0	412	0	10636	0	1934	0	1004	0	154	0	0	0	108	0	0	0	0	0	0	0	3664	0	1834	0	114	0	190	0	1212	0	142	0	580	0	414	566	6478	230	29472	178	428	0	534	0	3200	0	9526	0	4242	0	4890	0	132	0	5628	0	0	0	0	0	0	0	360	0	0	0	0	0	0	0	0	0	0	0	0	0	0	0	0	0	0	
378728	Cingulum_Ant_L	1902	202	25048	5882	3794	2296	6558	436	922	0	404	126	652	302	212	0	0	0	15428	4544	2772	2176	22904	13706	4590	5470	564	428	1282	0	0	23778	6716	5940	234	0	316	0	200	0	0	0	0	0	0	0	0	0	0	0	0	0	0	0	0	0	156	0	0	0	0	0	0	0	0	0	308	0	0	0	11400	2848	12052	1252	856	0	458	0	250	0	0	0	0	0	0	0	0	0	0	0	0	0	0	0	0	0	0	0	0	0	0	0	0	0	0	0	0	0	0	0	0	0	0	0	0	0	
538028	Cingulum_Ant_R	792	768	7722	30366	224	5562	2832	4010	0	122	192	1444	292	4982	0	116	0	564	11442	21670	1844	2020	20376	37254	788	11322	258	1650	320	2458	23778	0	4434	25632	106	262	88	0	0	0	0	0	0	0	0	0	0	0	0	0	0	0	0	0	0	0	320	164	0	0	0	0	0	0	0	0	132	358	0	0	4984	22474	1816	11432	152	404	118	970	0	0	0	0	0	0	0	0	0	0	0	0	0	0	0	0	0	0	0	0	0	0	0	0	0	0	0	0	0	0	0	0	0	0	0	0	0	0	
205652	Cingulum_Mid_L	314	0	7646	2960	0	0	2512	318	0	0	0	0	760	464	0	0	0	0	12528	7516	0	0	10580	2596	0	0	0	0	888	314	6716	4434	0	14378	4134	952	0	0	0	0	0	0	478	216	1208	262	0	0	1382	190	688	148	0	0	0	96	226	0	786	0	228	0	0	0	116	0	8890	1300	5336	424	254	0	228	0	0	0	0	0	0	0	0	0	0	0	146	0	0	0	0	214	0	0	0	0	0	0	0	0	0	0	0	0	0	0	0	0	0	0	0	0	0	0	0	0	0	0	
643056	Cingulum_Mid_R	826	3638	10646	32766	128	2616	4920	3222	0	1530	0	994	202	5100	0	1430	0	428	24848	53466	548	722	14752	24806	0	1662	0	936	244	5372	5940	25632	14378	0	2314	7092	0	608	0	98	0	0	0	1092	0	226	0	148	0	340	0	202	0	0	0	602	0	3300	0	158	0	736	0	3224	0	0	2296	12830	5502	15446	8238	7808	730	4338	204	0	150	146	0	0	0	560	0	0	0	602	0	0	0	786	0	0	0	0	0	0	0	0	0	0	0	0	0	0	0	0	0	0	0	0	0	0	0	0	0	0	
126852	Cingulum_Post_L	128	190	96	866	0	0	0	0	0	0	0	0	0	0	0	0	0	0	2356	1954	0	0	218	0	0	0	0	0	0	0	234	106	4134	2314	0	7056	2980	1524	2130	220	0	0	4974	0	2298	0	1824	0	624	0	1940	0	1974	0	3280	0	430	0	178	0	346	0	0	0	412	0	10546	1094	2720	786	0	0	0	0	0	0	420	1376	0	0	0	0	0	0	714	0	0	0	196	0	136	0	0	0	0	0	0	0	652	0	0	0	0	0	0	0	0	0	0	0	0	0	0	0	0	0	
149848	Cingulum_Post_R	0	702	0	206	0	0	0	0	0	0	0	0	0	0	0	0	0	0	888	3928	0	0	0	0	0	0	0	0	0	412	0	262	952	7092	7056	0	1502	8304	676	2024	0	0	376	3882	410	1164	0	4248	0	428	106	326	0	352	0	3638	0	322	0	168	0	164	0	154	0	198	3100	12896	526	3158	0	0	0	0	0	0	126	2424	0	0	0	0	0	0	0	588	0	0	0	1752	0	0	0	0	0	0	0	0	0	0	0	0	0	0	0	0	0	0	0	0	414	0	0	0	0	0	
264232	Hippocampus_L	7700	94	4674	620	0	0	1460	0	0	0	396	0	394	0	1614	0	900	0	3090	194	1994	0	0	0	0	0	0	0	13364	0	316	88	0	0	2980	1502	0	1644	24232	428	8314	0	1422	0	0	0	3662	108	0	0	0	0	366	0	11056	0	282	0	0	0	258	0	226	0	0	0	3110	386	0	0	526	0	8968	122	1300	0	4832	1920	3372	0	1666	0	3314	0	400	0	588	0	4024	0	420	0	0	0	0	94	1900	0	1566	0	106	0	0	0	0	0	0	0	0	0	124	0	0	0	0	0	
358520	Hippocampus_R	212	2204	0	4642	0	0	0	592	0	0	0	346	0	466	0	124	0	2004	0	1822	0	356	0	0	0	0	0	0	0	10636	0	0	0	608	1524	8304	1644	0	916	31706	0	9846	0	4134	0	176	0	6214	0	156	0	134	0	552	0	30752	252	962	0	224	0	286	0	1140	0	220	634	8226	0	920	0	608	0	10012	0	1030	204	5622	0	336	0	2498	0	4806	0	2996	0	858	0	10712	0	114	132	0	0	258	0	3094	0	676	118	0	150	370	0	246	0	0	0	416	582	0	0	252	236	0	
192324	ParaHippocampal_L	4024	0	1170	442	0	0	702	0	0	0	248	0	242	0	298	0	278	0	690	122	740	92	0	0	0	0	0	0	5198	0	200	0	0	0	2130	676	24232	916	0	310	3930	0	1816	0	0	0	5924	172	0	0	128	0	490	0	12368	0	0	0	0	0	0	0	0	0	0	0	3860	154	0	0	346	0	2162	126	146	0	2562	1058	2038	0	494	0	2830	0	374	0	2314	0	1954	0	770	0	0	0	336	0	3542	0	2290	0	98	0	118	0	160	0	422	0	0	0	88	0	0	190	192	0	
224256	ParaHippocampal_R	164	376	0	990	0	0	0	116	0	0	0	138	0	144	0	0	0	284	0	592	0	224	0	0	0	0	0	0	0	1934	0	0	0	98	220	2024	428	31706	310	0	0	8300	0	908	0	0	0	4548	0	0	0	0	0	284	0	24668	188	118	0	0	0	0	0	0	0	0	162	2336	0	168	0	178	0	3656	0	766	158	1728	0	0	0	406	0	5684	0	400	0	3000	0	2566	0	268	232	0	0	422	0	5844	0	1554	254	0	336	690	0	650	0	104	0	304	360	0	0	564	576	0	
66076	Amygdala_L	900	0	2050	0	0	0	0	0	0	0	0	0	0	0	1248	0	0	0	1752	0	1778	0	0	0	0	0	0	0	3036	0	0	0	0	0	0	0	8314	0	3930	0	0	0	0	0	0	0	0	0	0	0	0	0	0	0	2372	0	0	0	0	0	0	0	0	0	0	0	0	0	0	0	118	0	2242	0	0	0	914	0	0	0	216	0	2140	0	0	0	1036	0	110	0	0	0	0	0	0	0	520	0	362	0	0	0	0	0	0	0	0	0	0	0	0	0	0	0	0	0	
68752	Amygdala_R	0	0	0	506	0	0	0	0	0	0	0	0	0	0	0	138	0	0	0	320	0	370	0	0	0	0	0	0	0	1004	0	0	0	0	0	0	0	9846	0	8300	0	0	0	0	0	0	0	0	0	0	0	0	0	0	0	5330	0	0	0	0	0	0	0	0	0	0	0	0	0	0	0	178	0	1266	0	310	0	866	0	0	0	126	0	2992	0	0	0	1598	0	288	0	0	0	0	0	0	0	938	0	0	0	0	0	0	0	0	0	0	0	0	0	0	0	0	0	0	
232424	Calcarine_L	0	0	0	0	0	0	0	0	0	0	0	0	0	0	0	0	0	0	224	92	0	0	0	0	0	0	0	0	0	0	0	0	478	0	4974	376	1422	0	1816	0	0	0	0	6714	10258	6082	11626	884	11066	3782	16342	950	6872	282	7160	116	240	0	760	0	494	0	0	0	1358	0	18164	516	500	0	0	0	0	0	0	0	0	0	0	0	0	0	0	0	1628	0	0	0	110	158	92	0	0	0	0	0	0	0	530	0	0	0	0	0	0	0	0	0	0	0	0	146	0	0	0	0	
247648	Calcarine_R	0	94	0	0	0	0	0	0	0	0	0	0	0	0	0	0	0	0	0	0	0	0	0	0	0	0	0	0	0	154	0	0	216	1092	0	3882	0	4134	0	908	0	0	6714	0	1678	17946	2008	15402	0	18640	0	9452	0	5026	0	7544	0	176	0	470	0	182	0	146	0	130	1020	19878	0	598	0	0	0	0	0	0	0	126	0	0	0	0	0	0	0	304	0	0	0	3942	306	0	96	0	0	0	124	0	574	0	0	0	0	0	0	0	0	0	0	0	212	650	0	0	0	0	
126652	Cuneus_L	0	0	0	122	0	0	0	0	0	0	0	0	0	0	0	0	0	0	848	186	0	0	138	0	0	0	0	0	0	0	0	0	1208	0	2298	410	0	0	0	0	0	0	10258	1678	0	2968	1814	114	14992	294	7272	0	744	0	532	0	0	0	1218	0	156	0	0	0	96	0	13134	1910	770	0	0	0	0	0	0	0	0	0	0	0	0	0	0	0	166	0	0	0	0	0	0	0	0	0	0	0	0	0	0	0	0	0	0	0	0	0	0	0	0	0	0	0	0	0	0	0	
187700	Cuneus_R	0	0	0	0	0	0	0	0	0	0	0	0	0	0	0	0	0	0	0	0	0	0	0	0	0	0	0	0	0	0	0	0	262	226	0	1164	0	176	0	0	0	0	6082	17946	2968	0	1542	2906	152	22986	0	7034	0	826	0	2674	0	496	244	3164	0	462	0	444	0	290	2448	15770	0	1132	0	0	0	0	0	0	0	0	0	0	0	0	0	0	0	190	0	0	0	2266	0	0	0	0	0	0	0	0	0	0	0	0	0	0	0	0	0	0	0	0	0	0	0	0	0	0	
347316	Lingual_L	0	0	0	0	0	0	0	0	0	0	0	0	0	0	0	0	0	0	0	0	0	0	0	0	0	0	0	0	0	0	0	0	0	0	1824	0	3662	0	5924	0	0	0	11626	2008	1814	1542	0	2994	3532	850	4276	392	7484	152	21972	224	0	0	0	0	0	0	0	0	190	0	8160	0	0	0	0	0	0	0	0	0	916	0	0	0	0	0	0	0	510	0	0	0	992	0	17012	1592	2184	470	550	984	18754	568	23836	2762	1236	0	1848	394	544	842	0	0	0	126	8650	5642	1194	1380	1566	480	
296920	Lingual_R	0	0	0	0	0	0	0	0	0	0	0	0	0	0	0	0	0	0	0	0	0	0	0	0	0	0	0	0	0	108	0	0	0	148	0	4248	108	6214	172	4548	0	0	884	15402	114	2906	2994	0	0	3760	0	2420	0	5144	384	15688	0	98	0	206	0	0	0	0	0	0	274	11648	0	156	0	0	0	0	0	0	146	396	0	0	0	0	0	0	0	102	0	0	0	850	6492	8326	3308	256	656	308	2592	5380	7218	13268	250	0	488	232	282	212	0	0	140	380	5564	9894	3542	252	302	0	
172852	Occipital_Sup_L	0	0	0	192	0	0	0	0	0	0	0	0	0	0	0	0	0	0	886	192	0	0	142	0	0	0	0	0	0	0	0	0	1382	0	624	0	0	0	0	0	0	0	11066	0	14992	152	3532	0	0	0	24010	0	1970	0	1782	0	0	0	7344	0	4202	0	0	0	1342	0	10832	214	832	0	0	0	0	0	0	0	0	0	0	0	0	0	0	0	738	0	0	0	0	0	0	0	0	0	0	0	0	0	0	0	0	0	0	0	0	0	0	0	0	0	0	0	0	0	0	0	
223852	Occipital_Sup_R	0	360	0	0	0	0	0	0	0	0	0	0	0	0	0	0	0	0	0	0	0	0	0	0	0	0	0	0	0	0	0	0	190	340	0	428	0	156	0	0	0	0	3782	18640	294	22986	850	3760	0	0	0	21046	0	3818	0	4116	0	658	136	6140	0	1250	0	800	0	3264	520	9874	0	1594	0	0	0	0	0	0	0	0	0	0	0	0	0	0	0	1564	0	0	0	4690	162	0	0	0	0	0	0	0	220	0	0	0	0	0	0	0	0	0	0	0	0	288	0	0	0	0	
316172	Occipital_Mid_L	104	0	0	172	0	0	0	0	0	0	0	0	0	0	0	0	0	0	840	0	0	0	0	0	0	0	0	0	0	0	0	0	688	0	1940	106	0	0	128	0	0	0	16342	0	7272	0	4276	0	24010	0	0	0	15560	0	6524	0	2744	0	5912	0	12316	0	494	0	21668	0	10590	150	1414	0	0	0	0	0	0	0	0	0	0	0	0	0	0	0	21970	0	0	0	2536	0	0	0	0	0	0	0	0	0	232	0	0	0	0	0	0	0	0	0	0	0	0	98	0	0	0	0	
181152	Occipital_Mid_R	0	274	0	0	0	0	0	0	0	0	0	0	0	0	0	0	0	0	0	0	0	0	0	0	0	0	0	0	0	0	0	0	148	202	0	326	0	134	0	0	0	0	950	9452	0	7034	392	2420	0	21046	0	0	0	7448	0	3370	0	274	100	4140	0	5066	0	1496	0	12116	158	2308	0	394	0	0	0	0	0	0	0	0	0	0	0	796	0	0	0	5794	0	0	0	3760	194	0	0	0	0	0	0	0	272	188	0	0	0	0	0	0	0	0	0	0	0	324	0	0	0	0	
169336	Occipital_Inf_L	116	0	0	0	0	0	0	0	0	0	0	0	0	0	0	0	486	0	88	0	0	0	0	0	0	0	0	0	396	0	0	0	0	0	1974	0	366	0	490	0	0	0	6872	0	744	0	7484	0	1970	0	15560	0	0	0	16984	0	1516	0	244	0	1074	0	394	0	3058	0	6190	0	266	0	0	0	0	0	0	0	0	0	346	0	280	0	0	0	7878	0	0	0	5518	0	904	0	0	0	0	0	474	0	2216	0	0	0	0	0	0	0	0	0	0	0	378	402	0	0	0	0	
83556	Occipital_Inf_R	0	100	0	0	0	0	0	0	0	0	0	0	0	0	0	0	0	0	0	0	0	0	0	0	0	0	0	0	0	0	0	0	0	0	0	352	0	552	0	284	0	0	282	5026	0	826	152	5144	0	3818	0	7448	0	0	0	8280	0	0	0	178	0	186	0	186	0	118	0	738	0	90	0	0	0	0	0	0	0	0	0	0	0	0	0	0	0	918	0	0	0	2032	612	0	0	0	162	0	472	0	1166	986	0	0	0	0	0	0	0	0	0	0	320	1350	0	0	0	0	
487616	Fusiform_L	260	0	572	0	0	0	0	0	0	0	0	0	0	0	148	0	1532	0	544	0	88	0	0	0	0	0	0	0	4666	0	0	0	0	0	3280	0	11056	0	12368	0	2372	0	7160	0	532	0	21972	384	1782	0	6524	0	16984	0	0	0	1092	0	158	0	818	0	526	0	1700	0	7388	0	260	0	0	0	1536	0	0	0	230	0	1590	0	3950	0	4652	0	8266	0	3422	0	27896	0	22076	114	3084	0	240	648	15622	340	33856	178	1208	0	1534	166	740	508	406	0	0	0	3236	1770	0	1174	1200	0	
438528	Fusiform_R	0	2208	0	188	0	0	0	446	0	0	0	0	0	0	0	0	0	194	0	1364	0	0	0	0	0	0	0	0	0	3664	0	0	96	602	0	3638	0	30752	0	24668	0	5330	116	7544	0	2674	224	15688	0	4116	0	3370	0	8280	0	0	0	528	0	758	0	856	0	1088	0	542	554	8882	0	2004	0	114	0	1904	0	306	98	798	0	0	0	2504	0	7654	0	1824	0	3068	0	15910	698	12742	318	744	448	546	1124	10406	1578	15318	336	146	564	1608	224	754	0	114	0	158	3134	2398	0	676	676	0	
261144	Postcentral_L	23604	924	1298	1948	0	0	1364	144	0	0	4312	0	1746	0	0	0	14020	0	614	902	0	0	0	0	0	0	0	0	7730	0	156	320	226	0	430	0	282	252	0	188	0	0	240	0	0	0	0	0	0	0	2744	0	1516	0	1092	0	0	0	6456	0	23548	0	7500	0	3160	0	1866	0	3446	0	1768	1450	256	530	250	0	276	0	2094	0	5706	0	702	0	4126	0	0	0	1386	0	0	0	0	0	0	0	0	0	0	0	0	0	0	0	0	0	0	0	0	0	0	0	0	0	0	0	
184300	Postcentral_R	0	19770	130	2358	0	0	0	842	0	0	0	1274	0	416	0	0	0	4264	0	992	0	0	0	0	0	0	0	0	0	1834	0	164	0	3300	0	322	0	962	0	118	0	0	0	176	0	496	0	98	0	658	0	274	0	0	0	528	0	0	0	3274	0	5774	0	16392	0	638	0	11430	0	9250	132	2094	0	1486	0	0	0	478	0	292	0	750	0	0	0	850	0	0	0	334	0	0	0	0	0	0	0	0	0	0	0	0	0	0	0	0	0	0	0	0	0	0	0	0	0	0	
103052	Parietal_Sup_L	0	0	0	0	0	0	0	0	0	0	0	0	0	0	0	0	0	0	116	0	0	0	0	0	0	0	0	0	0	0	0	0	786	0	178	0	0	0	0	0	0	0	760	0	1218	244	0	0	7344	136	5912	100	244	0	158	0	6456	0	0	0	9990	0	0	0	3390	0	11216	1220	1920	0	0	0	0	0	0	0	0	0	0	0	0	0	0	0	0	0	0	0	0	138	0	0	0	0	0	0	0	0	0	0	0	0	0	0	0	0	0	0	0	0	0	0	0	0	0	0	
156276	Parietal_Sup_R	0	642	0	0	0	0	0	0	0	0	0	0	0	0	0	0	0	0	0	140	0	0	0	0	0	0	0	0	0	114	0	0	0	158	0	168	0	224	0	0	0	0	0	470	0	3164	0	206	0	6140	0	4140	0	178	0	758	0	3274	0	0	0	14394	0	12628	0	10888	454	8262	0	1212	0	0	0	0	0	0	0	0	0	0	0	662	0	0	0	6446	0	0	0	3416	0	0	0	0	0	0	0	0	0	0	0	0	0	0	0	0	0	0	0	0	0	0	0	0	0	0	
248532	Parietal_Inf_L	3992	136	344	614	0	0	354	0	0	0	204	0	130	0	0	0	3856	0	522	532	0	0	0	0	0	0	0	0	4334	0	0	0	228	0	346	0	258	0	0	0	0	0	494	0	156	0	0	0	4202	0	12316	0	1074	0	818	0	23548	0	9990	0	0	0	16916	0	20526	0	2408	0	3368	0	884	114	134	0	0	0	124	0	822	0	2266	0	0	0	5224	0	0	0	3032	0	0	0	0	0	0	0	0	0	0	0	0	0	0	0	0	0	0	0	0	0	0	0	0	0	0	0	
194460	Parietal_Inf_R	0	1980	0	174	0	0	0	126	0	0	0	0	0	0	0	0	0	0	0	220	0	0	0	0	0	0	0	0	0	190	0	0	0	736	0	164	0	286	0	0	0	0	0	182	0	462	0	0	0	1250	0	5066	0	186	0	856	0	5774	0	14394	0	0	0	25110	0	17072	92	3108	0	2308	0	172	0	0	0	0	0	0	0	0	0	2274	0	0	0	11084	0	0	0	3964	0	0	0	0	0	0	0	0	0	0	0	0	0	0	0	0	0	0	0	0	0	0	0	0	0	0	
129864	SupraMarginal_L	2346	0	148	0	0	0	0	0	0	0	0	0	0	0	0	0	5214	0	324	0	0	0	0	0	0	0	0	0	4754	0	0	0	0	0	0	0	226	0	0	0	0	0	0	0	0	0	0	0	0	0	494	0	394	0	526	0	7500	0	0	0	16916	0	0	0	6214	0	0	0	1398	0	0	0	0	0	0	0	0	0	506	0	7962	0	272	0	6882	0	0	0	2856	0	0	0	0	0	0	0	0	0	0	0	0	0	0	0	0	0	0	0	0	0	0	0	0	0	0	0	
277732	SupraMarginal_R	0	7502	0	672	0	0	0	380	0	0	0	170	0	0	0	0	0	2420	0	428	0	0	0	0	0	0	0	0	0	1212	0	0	0	3224	0	154	0	1140	0	0	0	0	0	146	0	444	0	0	0	800	0	1496	0	186	0	1088	0	16392	0	12628	0	25110	0	0	0	13172	96	8894	0	7620	0	832	0	148	0	0	0	290	0	360	0	10654	0	172	0	15408	0	0	0	5628	0	0	0	0	0	0	0	0	0	0	0	0	0	0	0	0	0	0	0	0	0	0	0	0	0	0	
177016	Angular_L	326	0	0	0	0	0	0	0	0	0	0	0	0	0	0	0	1384	0	156	0	0	0	0	0	0	0	0	0	726	0	0	0	116	0	412	0	0	0	0	0	0	0	1358	0	96	0	190	0	1342	0	21668	0	3058	0	1700	0	3160	0	3390	0	20526	0	6214	0	0	0	1382	0	1026	0	114	0	0	0	0	0	0	0	380	0	2216	0	0	0	14402	0	0	0	3166	0	0	0	0	0	0	0	0	0	0	0	0	0	0	0	0	0	0	0	0	0	0	0	0	0	0	0	
172768	Angular_R	0	580	0	0	0	0	0	0	0	0	0	0	0	0	0	0	0	0	0	0	0	0	0	0	0	0	0	0	0	142	0	0	0	0	0	198	0	220	0	0	0	0	0	130	0	290	0	0	0	3264	0	12116	0	118	0	542	0	638	0	10888	0	17072	0	13172	0	0	0	858	0	766	0	0	0	0	0	0	0	0	0	0	0	8394	0	0	0	15304	0	0	0	1692	0	0	0	0	0	0	0	0	0	0	0	0	0	0	0	0	0	0	0	0	0	0	0	0	0	0	
302572	Precuneus_L	0	0	256	274	0	0	0	0	0	0	0	0	0	0	0	0	0	0	2152	1204	0	0	918	0	0	0	0	0	0	0	308	132	8890	2296	10546	3100	3110	634	3860	162	0	0	18164	1020	13134	2448	8160	274	10832	520	10590	158	6190	0	7388	554	1866	0	11216	454	2408	92	0	96	1382	0	0	7396	3930	560	0	0	0	0	0	0	348	600	0	0	0	0	0	0	1804	0	0	0	236	206	264	0	0	0	0	0	150	0	1004	0	0	0	0	0	0	0	0	0	0	0	0	0	0	0	0	0	
372780	Precuneus_R	0	3586	0	454	0	0	0	532	0	0	0	104	0	0	0	0	0	306	266	966	0	0	0	0	0	0	0	0	0	580	0	358	1300	12830	1094	12896	386	8226	154	2336	0	0	516	19878	1910	15770	0	11648	214	9874	150	2308	0	738	0	8882	0	11430	1220	8262	0	3108	0	8894	0	858	7396	0	446	16488	0	322	0	130	0	0	0	1286	0	0	0	1024	0	0	0	1810	0	0	0	4720	0	0	0	0	0	0	0	194	0	0	0	0	0	0	0	0	0	0	0	0	540	0	0	0	0	0	
175948	Paracentral_Lobule_L	4110	0	2556	4838	0	0	0	0	0	0	0	0	0	0	0	0	88	0	22960	11986	0	0	0	0	0	0	0	0	94	0	0	0	5336	5502	2720	526	0	0	0	0	0	0	500	0	770	0	0	0	832	0	1414	0	266	0	260	0	3446	0	1920	0	3368	0	1398	0	1026	0	3930	446	0	4040	388	492	0	0	0	0	692	584	0	0	126	0	0	0	890	0	0	0	470	0	0	0	0	0	0	0	0	0	0	0	0	0	0	0	0	0	0	0	0	0	0	0	0	0	0	0	
198100	Paracentral_Lobule_R	0	9706	0	838	0	0	0	436	0	0	0	0	0	0	0	0	0	382	3358	9546	0	0	0	0	0	0	0	0	0	414	0	0	424	15446	786	3158	0	920	0	168	0	0	0	598	0	1132	0	156	0	1594	0	394	0	90	0	2004	0	9250	0	1212	0	2308	0	7620	0	766	560	16488	4040	0	0	182	0	0	0	0	0	260	0	0	0	2090	0	0	0	1762	0	0	0	962	0	0	0	0	0	0	0	0	0	0	0	0	0	0	0	0	0	0	0	0	0	0	0	0	0	0	
542636	Caudate_L	14254	5118	22836	19644	2970	4908	10768	4614	238	616	714	2874	490	1942	1782	820	2148	0	10406	19052	17542	13192	892	1080	1984	1750	4544	6770	3518	566	11400	4984	254	8238	0	0	526	0	346	0	118	0	0	0	0	0	0	0	0	0	0	0	0	0	0	0	1768	132	0	0	884	0	0	0	114	0	0	0	388	0	0	11654	26204	2548	8992	378	13548	488	188	0	134	0	0	0	0	0	0	0	0	0	0	0	0	0	0	0	0	0	0	0	0	0	0	0	0	0	0	0	0	0	0	0	0	0	0	0	
571380	Caudate_R	1346	6262	1106	40498	812	13758	366	3914	0	2920	0	1960	0	1824	344	4330	362	4610	1836	20762	10002	13394	892	8418	492	10270	1110	11216	298	6478	2848	22474	0	7808	0	0	0	608	0	178	0	178	0	0	0	0	0	0	0	0	0	0	0	0	0	114	1450	2094	0	0	114	172	0	832	0	0	0	322	492	182	11654	0	7750	32178	4750	4272	380	14922	0	122	0	216	0	0	0	0	0	0	0	0	0	0	0	0	0	0	0	0	0	0	0	0	0	0	0	0	0	0	0	0	0	0	0	0	0	0	
543656	Putamen_L	4546	668	33270	4854	13356	3546	5992	888	5888	596	3198	484	5216	572	10160	778	1452	0	22232	2494	11840	8966	1956	336	3012	1114	2066	5172	31784	230	12052	1816	228	730	0	0	8968	0	2162	0	2242	0	0	0	0	0	0	0	0	0	0	0	0	0	1536	0	256	0	0	0	134	0	0	0	0	0	0	0	0	0	26204	7750	0	1946	12484	0	1724	400	248	0	1100	0	1688	0	346	0	0	0	838	0	0	0	0	0	0	0	142	0	168	0	0	0	0	0	0	0	0	0	0	0	0	0	0	0	0	0	
443980	Putamen_R	296	5936	154	21366	358	7742	0	2626	0	2538	0	8516	0	3952	150	5900	0	6558	586	15068	2524	4574	696	6130	268	8176	422	5390	0	29472	1252	11432	0	4338	0	0	122	10012	126	3656	0	1266	0	0	0	0	0	0	0	0	0	0	0	0	0	1904	530	1486	0	0	0	0	0	148	0	0	0	130	0	0	2548	32178	1946	0	976	4486	106	1340	0	90	0	476	0	1062	0	0	0	0	0	262	0	0	0	0	0	0	0	720	0	0	0	0	0	0	0	0	0	0	0	0	0	0	0	0	0	0	
135384	Pallidum_L	1424	0	4802	2878	0	2252	3666	408	0	546	498	0	600	216	0	614	172	0	202	1000	4868	4914	150	96	0	240	0	3376	1330	178	856	152	0	204	0	0	1300	0	146	0	0	0	0	0	0	0	0	0	0	0	0	0	0	0	0	0	250	0	0	0	0	0	0	0	0	0	0	0	0	0	8992	4750	12484	976	0	0	2940	212	0	0	0	0	0	0	0	0	0	0	0	0	0	0	0	0	0	0	0	0	0	0	0	0	0	0	0	0	0	0	0	0	0	0	0	0	0	0	
36232	Pallidum_R	0	124	0	2190	0	392	0	322	0	0	0	0	0	0	0	246	0	406	0	280	308	502	0	0	0	544	0	188	0	428	0	404	0	0	0	0	0	1030	0	766	0	310	0	0	0	0	0	0	0	0	0	0	0	0	0	306	0	0	0	0	0	0	0	0	0	0	0	0	0	0	378	4272	0	4486	0	0	0	132	0	0	0	0	0	0	0	0	0	0	0	0	0	0	0	0	0	0	0	102	0	0	0	0	0	0	0	0	0	0	0	0	0	0	0	0	0	0	
182396	Thalamus_L	27654	926	15588	2190	0	0	4090	754	0	0	340	444	168	154	0	0	0	0	1360	1334	0	0	0	0	0	0	0	0	1300	0	458	118	0	150	420	126	4832	204	2562	158	914	0	0	0	0	0	916	146	0	0	0	0	0	0	230	98	276	0	0	0	124	0	0	0	0	0	348	0	692	0	13548	380	1724	106	2940	0	0	3014	148	0	0	0	0	0	0	0	0	0	0	0	0	0	0	0	0	0	132	0	132	0	0	0	0	0	0	0	0	0	0	0	0	0	0	0	0	0	
176232	Thalamus_R	902	956	146	30364	0	0	0	458	0	0	0	132	0	0	0	0	0	0	590	10780	462	1190	0	0	0	0	0	0	0	534	0	970	0	146	1376	2424	1920	5622	1058	1728	0	866	0	126	0	0	0	396	0	0	0	0	0	0	0	798	0	478	0	0	0	0	0	290	0	0	600	1286	584	260	488	14922	400	1340	212	132	3014	0	0	0	0	0	0	0	0	0	0	0	0	166	0	0	0	0	0	0	0	0	0	0	0	0	0	0	0	0	0	0	0	0	0	0	0	0	0	0	
87552	Heschl_L	1658	0	610	264	0	0	720	0	0	0	472	0	448	0	0	0	6166	0	284	228	0	0	0	0	0	0	0	0	9546	0	250	0	0	0	0	0	3372	0	2038	0	0	0	0	0	0	0	0	0	0	0	0	0	346	0	1590	0	2094	0	0	0	822	0	506	0	380	0	0	0	0	0	188	0	248	0	0	0	148	0	0	0	5248	0	442	0	2892	0	0	0	2816	0	0	0	0	0	0	0	0	0	0	0	0	0	0	0	0	0	0	0	0	0	0	0	0	0	0	0	
28584	Heschl_R	0	182	0	0	0	0	0	0	0	0	0	0	0	0	0	260	0	2740	0	98	0	0	0	0	0	0	0	0	0	3200	0	0	0	0	0	0	0	336	0	0	0	0	0	0	0	0	0	0	0	0	0	0	0	0	0	0	0	292	0	0	0	0	0	360	0	0	0	0	0	0	0	122	0	90	0	0	0	0	0	0	0	4172	0	356	0	1306	0	0	0	778	0	0	0	0	0	0	0	0	0	0	0	0	0	0	0	0	0	0	0	0	0	0	0	0	0	0	
278500	Temporal_Sup_L	2496	0	1936	0	0	0	490	0	0	0	3492	0	706	0	744	0	16464	0	1166	0	150	0	248	0	0	0	0	0	16106	0	0	0	0	0	0	0	1666	0	494	0	216	0	0	0	0	0	0	0	0	0	0	0	280	0	3950	0	5706	0	0	0	2266	0	7962	0	2216	0	0	0	126	0	134	0	1100	0	0	0	0	0	5248	0	0	0	11810	0	33608	0	868	0	16684	0	0	0	0	0	0	0	144	0	774	0	0	0	0	0	0	0	0	0	0	0	0	0	0	0	0	0	
183468	Temporal_Sup_R	0	1884	0	88	0	0	0	0	0	0	0	130	0	0	0	1242	0	4588	0	330	0	0	0	0	0	0	0	0	0	9526	0	0	0	560	0	0	0	2498	0	406	0	126	0	0	0	0	0	0	0	0	0	796	0	0	0	2504	0	750	0	662	0	2274	0	10654	0	8394	0	1024	0	2090	0	216	0	476	0	0	0	0	0	4172	0	0	0	5860	0	23266	0	1296	0	5922	0	0	0	0	0	0	0	0	0	0	0	0	0	0	0	0	0	0	0	0	0	0	0	0	0	0	
161992	Temporal_Pole_Sup_L	464	0	1658	0	314	0	456	0	290	0	3718	0	1522	0	3142	0	4990	0	928	0	1034	0	398	0	0	0	0	0	11926	0	0	0	0	0	0	0	3314	0	2830	0	2140	0	0	0	0	0	0	0	0	0	0	0	0	0	4652	0	702	0	0	0	0	0	272	0	0	0	0	0	0	0	0	0	1688	0	0	0	0	0	442	0	11810	0	0	0	8298	0	6678	0	7056	0	0	0	0	0	0	0	0	0	274	0	0	0	0	0	0	0	0	0	0	0	0	0	0	0	0	0	
104356	Temporal_Pole_Sup_R	0	0	0	212	0	0	0	0	0	0	0	404	0	0	0	2336	0	1512	0	212	0	116	0	0	0	0	0	0	0	4242	0	0	0	0	0	0	0	4806	0	5684	0	2992	0	0	0	0	0	0	0	0	0	0	0	0	0	7654	0	0	0	0	0	0	0	172	0	0	0	0	0	0	0	0	0	1062	0	0	0	0	0	356	0	5860	0	0	0	2898	0	6850	0	4552	0	0	0	0	0	0	0	168	0	90	0	0	0	0	0	0	0	0	0	0	0	0	0	0	0	0	
353148	Temporal_Mid_L	274	0	172	0	0	0	0	0	0	0	0	0	0	0	288	0	4196	0	348	0	0	0	0	0	0	0	0	0	5802	0	0	0	146	0	714	0	400	0	374	0	0	0	1628	0	166	0	510	0	738	0	21970	0	7878	0	8266	0	4126	0	0	0	5224	0	6882	0	14402	0	1804	0	890	0	0	0	346	0	0	0	0	0	2892	0	33608	0	8298	0	0	0	4010	0	39438	0	0	0	0	0	0	0	94	0	690	0	0	0	0	0	0	0	0	0	0	0	0	0	0	0	0	0	
253832	Temporal_Mid_R	0	1412	0	142	0	0	0	182	0	0	0	0	0	0	0	0	0	258	0	844	0	0	0	0	0	0	0	0	0	4890	0	0	0	602	0	588	0	2996	0	400	0	0	0	304	0	190	0	102	0	1564	0	5794	0	918	0	1824	0	850	0	6446	0	11084	0	15408	0	15304	0	1810	0	1762	0	0	0	0	0	0	0	0	0	1306	0	23266	0	2898	0	0	0	4252	0	19520	0	0	0	0	0	0	0	0	0	0	0	0	0	0	0	0	0	0	0	0	0	0	0	0	0	0	
45888	Temporal_Pole_Mid_L	0	0	0	0	0	0	0	0	0	0	0	0	0	0	0	0	0	0	0	0	0	0	0	0	0	0	0	0	200	0	0	0	0	0	0	0	588	0	2314	0	1036	0	0	0	0	0	0	0	0	0	0	0	0	0	3422	0	0	0	0	0	0	0	0	0	0	0	0	0	0	0	0	0	0	0	0	0	0	0	0	0	868	0	6678	0	4010	0	0	0	3828	0	0	0	0	0	0	0	0	0	0	0	0	0	0	0	0	0	0	0	0	0	0	0	0	0	0	0	
48040	Temporal_Pole_Mid_R	0	0	0	0	0	0	0	0	0	0	0	0	0	0	0	0	0	0	0	0	0	0	0	0	0	0	0	0	0	132	0	0	0	0	0	0	0	858	0	3000	0	1598	0	0	0	0	0	0	0	0	0	0	0	0	0	3068	0	0	0	0	0	0	0	0	0	0	0	0	0	0	0	0	0	0	0	0	0	0	0	0	0	1296	0	6850	0	4252	0	0	0	2966	0	0	0	0	0	0	0	0	0	0	0	0	0	0	0	0	0	0	0	0	0	0	0	0	0	0	
287120	Temporal_Inf_L	482	0	366	0	0	0	0	0	0	0	0	0	0	0	514	0	2410	0	380	0	0	0	0	0	0	0	0	0	5282	0	0	0	0	0	196	0	4024	0	1954	0	110	0	110	0	0	0	992	0	0	0	2536	0	5518	0	27896	0	1386	0	0	0	3032	0	2856	0	3166	0	236	0	470	0	0	0	838	0	0	0	0	0	2816	0	16684	0	7056	0	39438	0	3828	0	0	0	1860	0	380	0	0	0	1836	0	3858	0	154	0	274	0	222	0	0	0	0	0	0	0	0	208	192	0	
239028	Temporal_Inf_R	0	1688	0	118	0	0	0	614	0	0	0	0	0	0	0	0	0	116	0	1030	0	0	0	0	0	0	0	0	0	5628	0	0	214	786	0	1752	0	10712	0	2566	0	288	158	3942	0	2266	0	850	0	4690	0	3760	0	2032	0	15910	0	334	138	3416	0	3964	0	5628	0	1692	206	4720	0	962	0	0	0	262	0	0	0	166	0	778	0	5922	0	4552	0	19520	0	2966	0	0	0	2026	0	566	0	0	0	400	0	1114	0	176	0	696	0	0	0	0	0	0	190	0	0	0	0	0	
497528	Cerebelum_Crus1_L	0	0	0	0	0	0	0	0	0	0	0	0	0	0	0	0	0	0	0	0	0	0	0	0	0	0	0	0	0	0	0	0	0	0	136	0	420	0	770	0	0	0	92	306	0	0	17012	6492	0	162	0	194	904	612	22076	698	0	0	0	0	0	0	0	0	0	0	264	0	0	0	0	0	0	0	0	0	0	0	0	0	0	0	0	0	0	0	0	0	1860	0	0	5276	34178	2950	1410	1616	22100	1172	56312	6270	11554	344	13016	1106	2754	1366	0	0	0	424	9072	11788	8676	2848	2534	0	
431260	Cerebelum_Crus1_R	0	0	0	0	0	0	0	0	0	0	0	0	0	0	0	0	0	0	0	0	0	0	0	0	0	0	0	0	0	0	0	0	0	0	0	0	0	114	0	268	0	0	0	0	0	0	1592	8326	0	0	0	0	0	0	114	12742	0	0	0	0	0	0	0	0	0	0	0	0	0	0	0	0	0	0	0	0	0	0	0	0	0	0	0	0	0	0	0	0	0	2026	5276	0	4204	25128	1950	2284	5166	21466	6154	53364	264	6888	674	15148	1152	896	0	0	0	574	15074	13444	10068	706	568	0	
386152	Cerebelum_Crus2_L	0	0	0	0	0	0	0	0	0	0	0	0	0	0	0	0	0	0	0	0	0	0	0	0	0	0	0	0	0	0	0	0	0	0	0	0	0	132	0	232	0	0	0	96	0	0	2184	3308	0	0	0	0	0	0	3084	318	0	0	0	0	0	0	0	0	0	0	0	0	0	0	0	0	0	0	0	0	0	0	0	0	0	0	0	0	0	0	0	0	380	0	34178	4204	0	11634	864	488	4664	1076	10308	3422	36200	3868	31136	4754	4232	1774	210	112	0	292	1786	4494	13504	7566	2422	154	
283712	Cerebelum_Crus2_R	0	0	0	0	0	0	0	0	0	0	0	0	0	0	0	0	0	0	0	0	0	0	0	0	0	0	0	0	0	0	0	0	0	0	0	0	0	0	0	0	0	0	0	0	0	0	470	256	0	0	0	0	0	0	0	744	0	0	0	0	0	0	0	0	0	0	0	0	0	0	0	0	0	0	0	0	0	0	0	0	0	0	0	0	0	0	0	0	0	566	2950	25128	11634	0	672	390	1820	1486	2558	7844	4960	21056	4356	26162	848	1788	0	102	0	144	2810	3512	12800	6102	532	166	
117684	Cerebelum_3_L	0	0	0	0	0	0	0	0	0	0	0	0	0	0	0	0	0	0	0	0	0	0	0	0	0	0	0	0	0	0	0	0	0	0	0	0	0	0	336	0	0	0	0	0	0	0	550	656	0	0	0	0	0	162	240	448	0	0	0	0	0	0	0	0	0	0	0	0	0	0	0	0	0	0	0	0	0	0	0	0	0	0	0	0	0	0	0	0	0	0	1410	1950	864	672	0	226	12236	200	4612	2332	1136	146	3934	514	6810	432	146	0	2456	4820	3966	3732	1072	1118	1186	480	
105600	Cerebelum_3_R	0	0	0	0	0	0	0	0	0	0	0	0	0	0	0	0	0	0	0	0	0	0	0	0	0	0	0	0	0	0	0	0	0	0	0	0	94	258	0	422	0	0	0	0	0	0	984	308	0	0	0	0	0	0	648	546	0	0	0	0	0	0	0	0	0	0	0	0	0	0	0	0	0	0	0	0	0	0	0	0	0	0	0	0	0	0	0	0	0	0	1616	2284	488	390	226	0	2580	8022	1972	4042	798	280	1060	2308	110	4732	0	0	800	4386	4210	196	154	3662	4662	562	
445716	Cerebelum_4_5_L	0	0	0	0	0	0	0	0	0	0	0	0	0	0	0	0	0	0	0	0	0	0	0	0	0	0	0	0	298	0	0	0	0	0	0	0	1900	0	3542	0	520	0	0	124	0	0	18754	2592	0	0	0	0	474	472	15622	1124	0	0	0	0	0	0	0	0	0	0	150	0	0	0	0	0	142	0	0	0	132	0	0	0	144	0	0	0	94	0	0	0	1836	0	22100	5166	4664	1820	12236	2580	0	2068	37386	6516	5312	196	9054	1888	7488	2402	546	0	2082	3852	21686	11544	1446	5228	5902	1776	
283528	Cerebelum_4_5_R	0	0	0	0	0	0	0	0	0	0	0	0	0	0	0	0	0	0	0	0	0	0	0	0	0	0	0	0	0	360	0	0	0	0	0	0	0	3094	0	5844	0	938	0	0	0	0	568	5380	0	0	0	0	0	0	340	10406	0	0	0	0	0	0	0	0	0	0	0	194	0	0	0	0	0	720	0	102	0	0	0	0	0	0	0	168	0	0	0	0	0	400	1172	21466	1076	1486	200	8022	2068	0	1524	29568	1276	842	1830	5328	176	5648	0	198	0	2076	17088	1388	338	4732	5220	528	
561076	Cerebelum_6_L	0	0	0	0	0	0	0	0	0	0	0	0	0	0	0	0	0	0	0	0	0	0	0	0	0	0	0	0	440	0	0	0	0	0	652	0	1566	0	2290	0	362	0	530	574	0	0	23836	7218	0	220	232	272	2216	1166	33856	1578	0	0	0	0	0	0	0	0	0	0	1004	0	0	0	0	0	168	0	0	0	132	0	0	0	774	0	274	0	690	0	0	0	3858	0	56312	6154	10308	2558	4612	1972	37386	1524	0	8440	4988	256	7942	1452	4744	1662	288	0	0	526	14452	17418	5222	4124	4010	280	
441272	Cerebelum_6_R	0	0	0	0	0	0	0	0	0	0	0	0	0	0	0	0	0	0	0	0	0	0	0	0	0	0	0	0	0	0	0	0	0	0	0	0	0	676	0	1554	0	0	0	0	0	0	2762	13268	0	0	0	188	0	986	178	15318	0	0	0	0	0	0	0	0	0	0	0	0	0	0	0	0	0	0	0	0	0	0	0	0	0	0	0	90	0	0	0	0	0	1114	6270	53364	3422	7844	2332	4042	6516	29568	8440	0	518	1514	1170	7158	1464	1630	0	208	0	894	19958	17408	8218	1334	1094	136	
298836	Cerebelum_7b_L	0	0	0	0	0	0	0	0	0	0	0	0	0	0	0	0	0	0	0	0	0	0	0	0	0	0	0	0	0	0	0	0	0	0	0	0	106	118	98	254	0	0	0	0	0	0	1236	250	0	0	0	0	0	0	1208	336	0	0	0	0	0	0	0	0	0	0	0	0	0	0	0	0	0	0	0	0	0	0	0	0	0	0	0	0	0	0	0	0	154	0	11554	264	36200	4960	1136	798	5312	1276	4988	518	0	4512	38596	5276	7244	2372	430	0	104	520	2050	772	2466	10312	3786	212	
179796	Cerebelum_7b_R	0	0	0	0	0	0	0	0	0	0	0	0	0	0	0	0	0	0	0	0	0	0	0	0	0	0	0	0	0	0	0	0	0	0	0	0	0	0	0	0	0	0	0	0	0	0	0	0	0	0	0	0	0	0	0	146	0	0	0	0	0	0	0	0	0	0	0	0	0	0	0	0	0	0	0	0	0	0	0	0	0	0	0	0	0	0	0	0	0	176	344	6888	3868	21056	146	280	196	842	256	1514	4512	0	5160	26114	834	4868	0	244	0	160	732	300	2294	7714	1254	0	
388232	Cerebelum_8_L	0	0	0	0	0	0	0	0	0	0	0	0	0	0	0	0	0	0	0	0	0	0	0	0	0	0	0	0	0	0	0	0	0	0	0	0	0	150	118	336	0	0	0	0	0	0	1848	488	0	0	0	0	0	0	1534	564	0	0	0	0	0	0	0	0	0	0	0	0	0	0	0	0	0	0	0	0	0	0	0	0	0	0	0	0	0	0	0	0	274	0	13016	674	31136	4356	3934	1060	9054	1830	7942	1170	38596	5160	0	7752	21792	4292	1900	140	196	1428	3658	2126	2752	15484	8528	828	
325448	Cerebelum_8_R	0	0	0	0	0	0	0	0	0	0	0	0	0	0	0	0	0	0	0	0	0	0	0	0	0	0	0	0	0	0	0	0	0	0	0	0	0	370	0	690	0	0	0	0	0	0	394	232	0	0	0	0	0	0	166	1608	0	0	0	0	0	0	0	0	0	0	0	0	0	0	0	0	0	0	0	0	0	0	0	0	0	0	0	0	0	0	0	0	0	696	1106	15148	4754	26162	514	2308	1888	5328	1452	7158	5276	26114	7752	0	1266	20974	0	1456	0	738	4176	1410	2926	12732	7252	678	
188044	Cerebelum_9_L	0	0	0	0	0	0	0	0	0	0	0	0	0	0	0	0	0	0	0	0	0	0	0	0	0	0	0	0	0	0	0	0	0	0	0	0	0	0	160	0	0	0	0	0	0	0	544	282	0	0	0	0	0	0	740	224	0	0	0	0	0	0	0	0	0	0	0	0	0	0	0	0	0	0	0	0	0	0	0	0	0	0	0	0	0	0	0	0	222	0	2754	1152	4232	848	6810	110	7488	176	4744	1464	7244	834	21792	1266	0	1878	2782	0	240	1428	3006	3408	1024	7408	7832	1930	
191988	Cerebelum_9_R	0	0	0	0	0	0	0	0	0	0	0	0	0	0	0	0	0	0	0	0	0	0	0	0	0	0	0	0	0	0	0	0	0	0	0	0	0	246	0	650	0	0	0	0	0	0	842	212	0	0	0	0	0	0	508	754	0	0	0	0	0	0	0	0	0	0	0	0	0	0	0	0	0	0	0	0	0	0	0	0	0	0	0	0	0	0	0	0	0	0	1366	896	1774	1788	432	4732	2402	5648	1662	1630	2372	4868	4292	20974	1878	0	0	1606	546	2510	3706	570	658	11502	12796	2174	
14260	Cerebelum_10_L	0	0	0	0	0	0	0	0	0	0	0	0	0	0	0	0	0	0	0	0	0	0	0	0	0	0	0	0	0	0	0	0	0	0	0	0	0	0	422	0	0	0	0	0	0	0	0	0	0	0	0	0	0	0	406	0	0	0	0	0	0	0	0	0	0	0	0	0	0	0	0	0	0	0	0	0	0	0	0	0	0	0	0	0	0	0	0	0	0	0	0	0	210	0	146	0	546	0	288	0	430	0	1900	0	2782	0	0	0	0	0	0	0	0	0	0	0	
10016	Cerebelum_10_R	0	0	0	0	0	0	0	0	0	0	0	0	0	0	0	0	0	0	0	0	0	0	0	0	0	0	0	0	0	0	0	0	0	0	0	0	0	0	0	104	0	0	0	0	0	0	0	0	0	0	0	0	0	0	0	114	0	0	0	0	0	0	0	0	0	0	0	0	0	0	0	0	0	0	0	0	0	0	0	0	0	0	0	0	0	0	0	0	0	0	0	0	112	102	0	0	0	198	0	208	0	244	140	1456	0	1606	0	0	0	0	0	0	0	294	430	0	
30084	Vermis_1_2	0	0	0	0	0	0	0	0	0	0	0	0	0	0	0	0	0	0	0	0	0	0	0	0	0	0	0	0	0	0	0	0	0	0	0	0	0	0	0	0	0	0	0	0	0	0	0	140	0	0	0	0	0	0	0	0	0	0	0	0	0	0	0	0	0	0	0	0	0	0	0	0	0	0	0	0	0	0	0	0	0	0	0	0	0	0	0	0	0	0	0	0	0	0	2456	800	2082	0	0	0	104	0	196	0	240	546	0	0	0	6432	1132	0	0	304	466	144	
