data	data	411824	385956	972536	764768	176232	140400	506892	353712	114324	73124	185196	271332	343016	224312	150536	105080	239936	144844	676816	624512	59172	69964	365924	364576	46632	92704	54240	51060	497464	367900	295424	478348	173292	411484	203784	237212	206500	254196	96928	178748	19468	52156	301516	287068	182032	289548	375328	378764	168308	272624	495584	250704	209228	139884	485304	426184	248592	219648	90856	125052	207768	132244	161072	126480	110300	120548	280952	352932	168396	177712	348076	337736	343836	216408	70908	26468	199852	197496	60336	34760	232072	148372	58880	45812	337976	229244	24220	21748	219272	225964	550084	447572	394708	356596	54316	48128	416544	267288	546624	486212	252104	165256	350644	347648	186964	201208	26320	28840	20360	57532	267232	175552	242548	237256	164396	57496	
data	data	Precentral_L	Precentral_R	Frontal_Sup_L	Frontal_Sup_R	Frontal_Sup_Orb_L	Frontal_Sup_Orb_R	Frontal_Mid_L	Frontal_Mid_R	Frontal_Mid_Orb_L	Frontal_Mid_Orb_R	Frontal_Inf_Oper_L	Frontal_Inf_Oper_R	Frontal_Inf_Tri_L	Frontal_Inf_Tri_R	Frontal_Inf_Orb_L	Frontal_Inf_Orb_R	Rolandic_Oper_L	Rolandic_Oper_R	Supp_Motor_Area_L	Supp_Motor_Area_R	Olfactory_L	Olfactory_R	Frontal_Sup_Medial_L	Frontal_Sup_Medial_R	Frontal_Med_Orb_L	Frontal_Med_Orb_R	Rectus_L	Rectus_R	Insula_L	Insula_R	Cingulum_Ant_L	Cingulum_Ant_R	Cingulum_Mid_L	Cingulum_Mid_R	Cingulum_Post_L	Cingulum_Post_R	Hippocampus_L	Hippocampus_R	ParaHippocampal_L	ParaHippocampal_R	Amygdala_L	Amygdala_R	Calcarine_L	Calcarine_R	Cuneus_L	Cuneus_R	Lingual_L	Lingual_R	Occipital_Sup_L	Occipital_Sup_R	Occipital_Mid_L	Occipital_Mid_R	Occipital_Inf_L	Occipital_Inf_R	Fusiform_L	Fusiform_R	Postcentral_L	Postcentral_R	Parietal_Sup_L	Parietal_Sup_R	Parietal_Inf_L	Parietal_Inf_R	SupraMarginal_L	SupraMarginal_R	Angular_L	Angular_R	Precuneus_L	Precuneus_R	Paracentral_Lobule_L	Paracentral_Lobule_R	Caudate_L	Caudate_R	Putamen_L	Putamen_R	Pallidum_L	Pallidum_R	Thalamus_L	Thalamus_R	Heschl_L	Heschl_R	Temporal_Sup_L	Temporal_Sup_R	Temporal_Pole_Sup_L	Temporal_Pole_Sup_R	Temporal_Mid_L	Temporal_Mid_R	Temporal_Pole_Mid_L	Temporal_Pole_Mid_R	Temporal_Inf_L	Temporal_Inf_R	Cerebelum_Crus1_L	Cerebelum_Crus1_R	Cerebelum_Crus2_L	Cerebelum_Crus2_R	Cerebelum_3_L	Cerebelum_3_R	Cerebelum_4_5_L	Cerebelum_4_5_R	Cerebelum_6_L	Cerebelum_6_R	Cerebelum_7b_L	Cerebelum_7b_R	Cerebelum_8_L	Cerebelum_8_R	Cerebelum_9_L	Cerebelum_9_R	Cerebelum_10_L	Cerebelum_10_R	Vermis_1_2	Vermis_3	Vermis_4_5	Vermis_6	Vermis_7	Vermis_8	Vermis_9	Vermis_10	
411824	Precentral_L	0	12580	12294	4538	0	0	19550	1050	0	0	9960	1084	2712	102	0	0	8966	672	8686	6662	0	0	0	116	0	0	0	0	3954	1038	336	1512	5672	2484	5830	3150	734	124	0	0	0	0	392	0	380	0	0	0	570	0	1352	0	0	0	0	0	26494	424	274	84	5702	218	1944	238	424	0	1874	0	20866	1830	4078	3118	2768	774	908	416	8090	1356	1050	0	1780	0	100	0	3844	0	0	0	758	0	0	0	0	0	0	0	0	0	0	0	0	0	0	0	0	0	0	0	0	0	0	0	0	0	0	0	
385956	Precentral_R	12580	0	4058	18732	0	170	1252	12070	0	92	372	14694	206	1436	0	96	250	2236	4750	9820	0	0	0	212	0	114	0	0	238	2498	220	754	510	2696	4364	7288	1426	3756	152	310	0	0	190	572	0	220	0	484	0	162	0	810	0	180	0	200	1302	18286	0	1406	696	2990	0	3876	0	432	336	2366	6924	12964	2410	4978	982	2842	552	0	3942	9134	474	248	84	716	0	0	110	2050	0	0	0	2556	0	0	0	0	0	0	0	0	0	0	0	0	0	0	0	0	0	0	0	0	152	0	0	0	0	0	
972536	Frontal_Sup_L	12294	4058	0	17248	11368	494	74010	5120	4512	324	8060	2932	32730	632	7356	258	9406	784	79898	23262	0	0	45500	5370	1904	530	278	0	33866	2586	15772	6118	4178	5438	208	0	370	0	82	0	0	0	0	0	0	0	0	0	0	0	0	0	0	0	0	0	2608	1602	0	0	140	172	642	218	0	0	0	0	5050	0	16078	4464	21954	724	6974	414	4924	446	678	0	1956	0	278	0	0	0	0	0	0	0	0	0	0	0	0	0	0	0	0	0	0	0	0	0	0	0	0	0	0	0	0	0	0	0	0	0	
764768	Frontal_Sup_R	4538	18732	17248	0	0	4342	4314	46312	0	2688	608	10522	350	9972	0	3928	646	4650	22674	61076	0	0	8322	36680	136	3334	0	0	1294	13556	4536	31538	1108	17064	808	1162	860	900	86	0	0	0	0	0	0	0	0	0	0	0	0	0	0	0	0	0	280	1988	0	0	142	0	88	84	0	84	0	92	1354	838	4658	16536	1668	8128	200	1278	1928	8172	334	0	298	154	0	0	0	0	0	0	0	96	0	0	0	0	0	0	0	0	0	0	0	0	0	0	0	0	0	0	0	0	0	0	0	0	0	0	
176232	Frontal_Sup_Orb_L	0	0	11368	0	0	0	4576	0	17988	0	836	0	3528	0	11834	0	0	0	2430	152	638	0	5810	228	2552	0	4246	0	9456	0	4436	138	0	0	0	0	0	0	120	0	0	0	0	0	0	0	0	0	0	0	0	0	0	0	0	0	0	0	0	0	0	0	0	0	0	0	0	0	0	0	252	0	7528	0	0	0	0	0	0	0	0	0	0	0	0	0	0	0	0	0	0	0	0	0	0	0	0	0	0	0	0	0	0	0	0	0	0	0	0	0	0	0	0	0	0	0	
140400	Frontal_Sup_Orb_R	0	170	494	4342	0	0	84	1618	0	9666	0	98	0	296	0	7880	0	0	128	858	448	1450	860	5634	100	8446	408	7650	0	1820	688	4710	0	346	0	0	0	0	0	0	0	0	0	0	0	0	0	0	0	0	0	0	0	0	0	0	0	0	0	0	0	0	0	0	0	0	0	0	0	0	484	5664	88	5770	0	0	0	0	0	0	0	0	0	0	0	0	0	0	0	0	0	0	0	0	0	0	0	0	0	0	0	0	0	0	0	0	0	0	0	0	0	0	0	0	0	0	
506892	Frontal_Mid_L	19550	1252	74010	4314	4576	84	0	1380	4380	0	10854	2408	42534	392	5676	0	2014	744	5338	3946	0	0	20186	1530	578	92	130	0	19940	1916	5360	1746	1106	714	208	104	428	0	124	0	0	0	0	0	0	0	0	0	0	0	0	0	0	0	0	0	1712	266	0	0	296	0	176	0	0	0	130	0	518	0	3658	1588	1832	890	274	0	3394	488	262	0	348	0	0	0	0	0	0	0	0	0	0	0	0	0	0	0	0	0	0	0	0	0	0	0	0	0	0	0	0	0	0	0	0	0	0	0	
353712	Frontal_Mid_R	1050	12070	5120	46312	0	1618	1380	0	0	1618	308	12216	242	21666	0	3954	322	1510	4738	7948	0	0	1450	10146	92	426	0	0	490	7340	1694	9980	258	5466	88	126	106	892	0	0	0	0	0	0	0	0	0	0	0	0	0	0	0	0	0	0	360	1740	0	168	0	252	0	318	0	106	0	98	170	560	2090	2332	892	3896	84	102	298	2176	0	0	146	0	0	0	0	220	0	0	0	222	0	0	0	0	0	0	0	0	0	0	0	0	0	0	0	0	0	0	0	0	0	0	0	0	0	0	
114324	Frontal_Mid_Orb_L	0	0	4512	0	17988	0	4380	0	0	0	142	0	3680	0	13600	0	0	0	716	0	386	0	588	0	782	0	2592	0	3448	0	1076	0	0	0	0	0	0	0	0	0	0	0	0	0	0	0	0	0	0	0	0	0	0	0	0	0	0	0	0	0	0	0	0	0	0	0	0	0	0	0	88	0	3184	0	0	0	0	0	0	0	0	0	0	0	0	0	0	0	0	0	0	0	0	0	0	0	0	0	0	0	0	0	0	0	0	0	0	0	0	0	0	0	0	0	0	0	
73124	Frontal_Mid_Orb_R	0	92	324	2688	0	9666	0	1618	0	0	0	126	0	376	0	6084	0	0	190	980	0	0	522	3282	0	2352	0	1160	0	470	190	2814	0	474	0	0	0	0	0	0	0	0	0	0	0	0	0	0	0	0	0	0	0	0	0	0	0	0	0	0	0	0	0	0	0	0	0	0	0	0	146	1898	0	1110	0	0	0	0	0	0	0	0	0	0	0	0	0	0	0	0	0	0	0	0	0	0	0	0	0	0	0	0	0	0	0	0	0	0	0	0	0	0	0	0	0	0	
185196	Frontal_Inf_Oper_L	9960	372	8060	608	836	0	10854	308	142	0	0	256	14586	0	1418	0	6494	0	3502	584	0	0	2358	294	508	84	0	0	13176	212	4526	606	0	126	0	0	154	0	0	0	0	0	0	0	0	0	0	0	0	0	0	0	0	0	0	0	4622	0	0	0	246	0	120	0	0	0	0	0	0	0	1704	304	2664	0	408	0	650	0	178	0	382	0	1296	0	0	0	0	0	0	0	0	0	0	0	0	0	0	0	0	0	0	0	0	0	0	0	0	0	0	0	0	0	0	0	0	0	
271332	Frontal_Inf_Oper_R	1084	14694	2932	10522	0	98	2408	12216	0	126	256	0	0	11800	0	324	270	7856	3926	6274	0	0	122	1978	0	118	0	0	564	20356	326	3656	0	2152	164	212	192	1730	0	232	0	0	0	0	0	0	0	0	0	100	0	0	0	0	0	0	278	4228	0	882	0	838	0	950	0	330	0	318	84	968	5638	1354	2274	3944	0	112	694	4690	0	116	0	190	0	96	0	484	0	0	0	510	0	0	0	0	0	0	0	0	0	0	0	0	0	0	0	0	0	0	0	0	0	0	0	0	0	0	
343016	Frontal_Inf_Tri_L	2712	206	32730	350	3528	0	42534	242	3680	0	14586	0	0	0	11614	0	446	0	2666	594	0	0	9382	532	1074	110	258	0	32818	0	5612	672	722	300	0	0	166	0	0	0	0	0	0	0	0	0	0	0	0	0	0	0	0	0	0	0	794	0	0	0	204	0	0	0	0	0	0	0	0	0	618	102	986	0	0	0	1270	0	0	0	0	0	0	0	0	0	0	0	0	0	0	0	0	0	0	0	0	0	0	0	0	0	0	0	0	0	0	0	0	0	0	0	0	0	0	0	
224312	Frontal_Inf_Tri_R	102	1436	632	9972	0	296	392	21666	0	376	0	11800	0	0	0	6366	0	704	2164	4116	0	0	1824	6076	0	196	0	0	0	18058	1112	8104	1072	9772	0	0	0	0	0	0	0	0	0	0	0	0	0	0	0	0	0	0	0	0	0	0	0	618	0	106	0	118	0	122	0	0	0	90	0	418	514	524	162	2208	0	154	0	518	0	0	0	0	0	0	0	192	0	0	0	176	0	0	0	0	0	0	0	0	0	0	0	0	0	0	0	0	0	0	0	0	0	0	0	0	0	0	
150536	Frontal_Inf_Orb_L	0	0	7356	0	11834	0	5676	0	13600	0	1418	0	11614	0	0	0	0	0	1290	0	712	0	2024	154	130	0	876	0	12502	0	808	102	128	128	0	0	0	0	112	0	0	0	0	0	0	0	0	0	0	0	0	0	0	0	0	0	0	0	0	0	0	0	0	0	0	0	0	0	0	0	120	0	4298	0	0	0	0	0	0	0	0	0	386	0	0	0	0	0	0	0	0	0	0	0	0	0	0	0	0	0	0	0	0	0	0	0	0	0	0	0	0	0	0	0	0	0	
105080	Frontal_Inf_Orb_R	0	96	258	3928	0	7880	0	3954	0	6084	0	324	0	6366	0	0	0	94	636	1858	92	408	270	3614	0	526	92	1480	0	5898	290	3146	80	2042	0	0	0	0	0	0	0	0	0	0	0	0	0	0	0	0	0	0	0	0	0	0	0	0	0	0	0	0	0	0	0	0	0	0	0	0	272	1502	0	1350	0	0	0	0	0	0	0	0	0	0	0	0	0	0	0	0	0	0	0	0	0	0	0	0	0	0	0	0	0	0	0	0	0	0	0	0	0	0	0	0	0	0	
239936	Rolandic_Oper_L	8966	250	9406	646	0	0	2014	322	0	0	6494	270	446	0	0	0	0	84	7780	444	0	0	208	92	96	0	0	0	22222	262	406	220	80	0	154	0	616	0	96	0	0	0	160	0	0	0	0	0	0	0	868	0	0	0	0	0	13494	0	848	0	5044	0	5532	0	3422	0	262	0	80	0	1380	512	2752	0	514	138	486	152	6148	0	12634	0	1592	0	1864	0	0	0	512	0	0	0	0	0	0	0	0	0	0	0	0	0	0	0	0	0	0	0	0	0	0	0	0	0	0	0	
144844	Rolandic_Oper_R	672	2236	784	4650	0	0	744	1510	0	0	0	7856	0	704	0	94	84	0	836	2590	0	0	0	360	0	0	0	0	272	11922	0	424	0	110	0	0	0	166	0	0	0	0	0	90	0	544	0	0	0	740	0	306	0	0	0	0	148	5134	0	598	0	0	0	2206	0	106	0	1842	0	1190	3514	1378	1656	4896	0	620	580	316	0	2594	0	6870	0	500	0	346	0	0	0	234	0	0	0	0	0	0	0	0	0	0	0	0	0	0	0	0	0	0	0	0	0	0	0	0	0	0	
676816	Supp_Motor_Area_L	8686	4750	79898	22674	2430	128	5338	4738	716	190	3502	3926	2666	2164	1290	636	7780	836	0	44928	0	0	7734	5054	798	154	114	0	11044	4412	8810	8058	10362	18264	1752	1056	82	0	0	0	0	0	0	0	0	0	0	0	0	0	0	0	0	0	0	0	2074	1426	0	0	0	88	578	124	0	0	144	90	6326	1248	15630	3910	19178	894	6462	370	2042	202	580	0	1808	0	264	0	0	0	0	0	0	0	0	0	0	0	0	0	0	0	0	0	0	0	0	0	0	0	0	0	0	0	0	0	0	0	0	0	
624512	Supp_Motor_Area_R	6662	9820	23262	61076	152	858	3946	7948	0	980	584	6274	594	4116	0	1858	444	2590	44928	0	0	0	2474	10814	0	812	0	0	1358	8416	2388	18782	4388	33828	1950	5158	0	0	0	0	0	0	0	110	0	162	0	96	0	0	0	0	0	0	0	0	314	1574	0	0	0	0	84	110	0	0	0	1310	5620	8250	2820	12334	1162	4034	246	1606	442	4540	0	92	148	186	0	0	0	346	0	0	0	210	0	0	0	0	0	0	0	0	0	0	0	0	0	0	0	0	0	0	0	0	0	0	0	0	0	0	
59172	Olfactory_L	0	0	0	0	638	448	0	0	386	0	0	0	0	0	712	92	0	0	0	0	0	4650	0	0	272	264	3424	1278	1440	0	2492	2116	0	0	0	0	84	0	372	0	394	0	0	0	0	0	0	0	0	0	0	0	0	0	0	0	0	0	0	0	0	0	0	0	0	0	0	0	0	0	5582	2030	2638	0	0	0	0	0	0	0	0	0	274	0	0	0	0	0	0	0	0	0	0	0	0	0	0	0	0	0	0	0	0	0	0	0	0	0	0	0	0	0	0	0	0	0	
69964	Olfactory_R	0	0	0	0	0	1450	0	0	0	0	0	0	0	0	0	408	0	0	0	0	4650	0	0	0	124	628	2736	2824	0	1458	2458	3100	0	0	0	0	0	154	0	110	0	686	0	0	0	0	0	0	0	0	0	0	0	0	0	0	0	0	0	0	0	0	0	0	0	0	0	0	0	0	6188	4260	2672	784	0	98	0	194	0	0	0	0	0	0	0	0	0	0	0	0	0	0	0	0	0	0	0	0	0	0	0	0	0	0	0	0	0	0	0	0	0	0	0	0	0	0	
365924	Frontal_Sup_Medial_L	0	0	45500	8322	5810	860	20186	1450	588	522	2358	122	9382	1824	2024	270	208	0	7734	2474	0	0	0	19296	1922	1254	90	0	6602	1784	14582	11758	4172	10370	0	0	0	0	0	0	0	0	0	0	0	0	0	0	0	0	0	0	0	0	0	0	0	0	0	0	0	0	0	0	0	0	0	0	0	0	148	152	472	446	0	0	280	0	0	0	0	0	0	0	0	0	0	0	0	0	0	0	0	0	0	0	0	0	0	0	0	0	0	0	0	0	0	0	0	0	0	0	0	0	0	0	
364576	Frontal_Sup_Medial_R	116	212	5370	36680	228	5634	1530	10146	0	3282	294	1978	532	6076	154	3614	92	360	5054	10814	0	0	19296	0	232	6270	0	0	420	7986	5216	25340	940	15304	0	0	0	0	0	0	0	0	0	0	0	0	0	0	0	0	0	0	0	0	0	0	0	0	0	0	0	0	0	0	0	0	0	0	0	0	430	4124	142	4272	0	0	150	0	0	0	0	0	0	0	0	0	0	0	0	0	0	0	0	0	0	0	0	0	0	0	0	0	0	0	0	0	0	0	0	0	0	0	0	0	0	0	
46632	Frontal_Med_Orb_L	0	0	1904	136	2552	100	578	92	782	0	508	0	1074	0	130	0	96	0	798	0	272	124	1922	232	0	914	1730	88	1358	0	5342	522	0	0	0	0	0	0	0	0	0	0	0	0	0	0	0	0	0	0	0	0	0	0	0	0	0	0	0	0	0	0	0	0	0	0	0	0	0	0	380	92	1590	0	0	0	0	0	0	0	0	0	0	0	0	0	0	0	0	0	0	0	0	0	0	0	0	0	0	0	0	0	0	0	0	0	0	0	0	0	0	0	0	0	0	0	
92704	Frontal_Med_Orb_R	0	114	530	3334	0	8446	92	426	0	2352	84	118	110	196	0	526	0	0	154	812	264	628	1254	6270	914	0	160	3072	96	238	1738	6844	0	300	0	0	0	0	0	0	0	0	0	0	0	0	0	0	0	0	0	0	0	0	0	0	0	0	0	0	0	0	0	0	0	0	0	0	0	0	326	4274	166	2514	0	0	0	0	0	0	0	0	0	0	0	0	0	0	0	0	0	0	0	0	0	0	0	0	0	0	0	0	0	0	0	0	0	0	0	0	0	0	0	0	0	0	
54240	Rectus_L	0	0	278	0	4246	408	130	0	2592	0	0	0	258	0	876	92	0	0	114	0	3424	2736	90	0	1730	160	0	660	506	0	2268	852	0	0	0	0	0	0	0	0	0	0	0	0	0	0	0	0	0	0	0	0	0	0	0	0	0	0	0	0	0	0	0	0	0	0	0	0	0	0	3574	900	1226	0	0	0	0	0	0	0	0	0	0	0	0	0	0	0	0	0	0	0	0	0	0	0	0	0	0	0	0	0	0	0	0	0	0	0	0	0	0	0	0	0	0	0	
51060	Rectus_R	0	0	0	0	0	7650	0	0	0	1160	0	0	0	0	0	1480	0	0	0	0	1278	2824	0	0	88	3072	660	0	0	576	720	1584	0	0	0	0	0	0	0	0	0	0	0	0	0	0	0	0	0	0	0	0	0	0	0	0	0	0	0	0	0	0	0	0	0	0	0	0	0	0	1254	1424	606	1154	0	0	0	0	0	0	0	0	0	0	0	0	0	0	0	0	0	0	0	0	0	0	0	0	0	0	0	0	0	0	0	0	0	0	0	0	0	0	0	0	0	0	
497464	Insula_L	3954	238	33866	1294	9456	0	19940	490	3448	0	13176	564	32818	0	12502	0	22222	272	11044	1358	1440	0	6602	420	1358	96	506	0	0	466	4664	956	116	100	462	188	4076	0	1730	0	992	0	368	0	0	0	0	0	0	0	480	0	0	0	1908	0	4550	0	128	0	2266	0	3568	0	286	0	280	0	82	0	2966	1122	15598	0	190	0	2190	196	6092	0	8598	0	3516	0	2546	0	0	0	988	0	0	0	0	0	0	0	0	0	0	0	0	0	0	0	0	0	0	0	0	0	0	0	0	0	0	0	
367900	Insula_R	1038	2498	2586	13556	0	1820	1916	7340	0	470	212	20356	0	18058	0	5898	262	11922	4412	8416	0	1458	1784	7986	0	238	0	576	466	0	728	7416	904	7620	82	112	98	2260	0	956	0	1630	0	180	0	228	0	0	0	210	0	140	0	0	0	1570	234	2026	0	468	0	0	0	316	0	0	0	742	0	1362	5666	2444	2002	18464	0	534	490	576	0	1830	0	4488	0	1460	0	1656	0	0	0	1504	0	0	0	0	0	0	0	286	0	0	0	0	0	0	0	0	0	0	0	0	0	0	0	0	0	0	
295424	Cingulum_Ant_L	336	220	15772	4536	4436	688	5360	1694	1076	190	4526	326	5612	1112	808	290	406	0	8810	2388	2492	2458	14582	5216	5342	1738	2268	720	4664	728	0	15744	7192	5536	154	0	0	0	0	0	0	0	0	0	0	0	0	0	0	0	0	0	0	0	0	0	152	0	0	0	0	0	110	0	0	0	0	0	0	0	7050	3428	7992	834	0	0	622	0	0	0	0	0	104	0	0	0	0	0	0	0	0	0	0	0	0	0	0	0	0	0	0	0	0	0	0	0	0	0	0	0	0	0	0	0	0	0	
478348	Cingulum_Ant_R	1512	754	6118	31538	138	4710	1746	9980	0	2814	606	3656	672	8104	102	3146	220	424	8058	18782	2116	3100	11758	25340	522	6844	852	1584	956	7416	15744	0	1836	23886	0	0	142	0	0	0	0	0	0	0	0	0	0	0	0	0	0	0	0	0	0	0	920	0	0	0	158	0	0	0	0	0	0	0	0	0	4986	17618	3002	5456	0	0	794	710	354	0	0	0	0	0	0	0	0	0	0	0	0	0	0	0	0	0	0	0	0	0	0	0	0	0	0	0	0	0	0	0	0	0	0	0	0	0	
173292	Cingulum_Mid_L	5672	510	4178	1108	0	0	1106	258	0	0	0	0	722	1072	128	80	80	0	10362	4388	0	0	4172	940	0	0	0	0	116	904	7192	1836	0	10208	5030	1396	0	0	0	0	0	0	584	0	1266	86	0	0	2338	0	2418	0	0	0	0	0	0	0	326	0	198	0	0	0	134	0	7730	1492	6808	842	0	0	0	148	0	0	136	0	0	0	0	0	0	0	580	0	0	0	102	0	0	0	0	0	0	0	0	0	0	0	0	0	0	0	0	0	0	0	0	0	0	0	0	0	0	0	
411484	Cingulum_Mid_R	2484	2696	5438	17064	0	346	714	5466	0	474	126	2152	300	9772	128	2042	0	110	18264	33828	0	0	10370	15304	0	300	0	0	100	7620	5536	23886	10208	0	2134	7148	0	0	0	0	0	0	0	808	82	998	0	634	0	342	0	130	0	0	0	0	0	922	0	0	0	0	0	0	0	0	860	5936	2308	5918	218	1308	0	822	0	0	208	0	0	0	0	0	0	0	0	0	0	0	0	0	0	0	0	0	0	0	0	0	0	0	0	0	0	0	0	0	0	0	0	0	238	0	0	0	0	0	
203784	Cingulum_Post_L	5830	4364	208	808	0	0	208	88	0	0	0	164	0	0	0	0	154	0	1752	1950	0	0	0	0	0	0	0	0	462	82	154	0	5030	2134	0	13860	9362	4662	2046	1098	0	0	5320	0	2674	118	2490	118	1190	0	2300	0	80	0	188	584	368	0	186	0	210	0	0	0	0	0	10520	1692	5752	2522	0	0	86	0	0	0	3014	4038	978	0	250	0	0	0	1854	0	0	0	184	0	0	0	0	0	0	0	432	0	0	0	0	0	0	0	0	0	0	0	0	0	328	0	0	0	0	0	
237212	Cingulum_Post_R	3150	7288	0	1162	0	0	104	126	0	0	0	212	0	0	0	0	0	0	1056	5158	0	0	0	0	0	0	0	0	188	112	0	0	1396	7148	13860	0	6456	6774	1388	2038	0	0	318	3580	336	1594	386	3952	0	238	0	1616	0	594	0	1956	84	4158	0	0	0	300	0	450	0	0	2038	16070	1724	7246	0	0	86	0	0	0	3510	4272	920	0	124	88	0	0	180	876	0	0	102	2228	0	0	0	0	0	0	0	140	0	0	0	0	0	0	0	0	0	0	0	0	1824	0	0	0	0	0	
206500	Hippocampus_L	734	1426	370	860	0	0	428	106	0	0	154	192	166	0	0	0	616	0	82	0	84	0	0	0	0	0	0	0	4076	98	0	142	0	0	9362	6456	0	4576	12278	1062	3786	0	4094	0	518	0	5484	204	0	0	1410	0	712	0	10052	556	408	0	0	0	0	0	0	0	0	0	4750	572	132	0	234	176	3150	0	304	0	4998	4612	1480	0	3398	0	1420	0	890	0	80	0	5364	0	0	0	0	0	104	0	696	0	0	0	0	0	0	0	0	0	0	0	0	118	280	0	0	0	0	0	
254196	Hippocampus_R	124	3756	0	900	0	0	0	892	0	0	0	1730	0	0	0	0	0	166	0	0	0	154	0	0	0	0	0	0	0	2260	0	0	0	0	4662	6774	4576	0	982	24326	0	7082	0	1916	0	254	288	3956	0	278	0	1072	0	2654	0	20766	0	174	0	0	0	96	0	108	0	0	184	3730	0	0	0	0	0	4904	0	832	2540	5994	456	212	0	2990	0	418	102	2472	0	0	0	6338	0	724	0	84	0	0	0	3344	0	1302	0	0	0	0	0	0	0	0	0	0	526	0	0	0	0	0	
96928	ParaHippocampal_L	0	152	82	86	120	0	124	0	0	0	0	0	0	0	112	0	96	0	0	0	372	0	0	0	0	0	0	0	1730	0	0	0	0	0	2046	1388	12278	982	0	186	922	0	1246	0	240	0	5428	88	0	0	2466	0	878	0	6468	0	86	0	0	0	0	0	0	0	0	0	1558	0	0	0	0	0	1332	0	0	0	952	822	0	0	884	0	508	0	876	0	0	0	2086	0	0	0	0	0	638	0	910	0	136	0	0	0	0	0	0	0	0	0	0	186	0	0	0	0	0	0	
178748	ParaHippocampal_R	0	310	0	0	0	0	0	0	0	0	0	232	0	0	0	0	0	0	0	0	0	110	0	0	0	0	0	0	0	956	0	0	0	0	1098	2038	1062	24326	186	0	0	6402	0	1762	0	228	110	5038	0	260	0	964	0	2746	0	20212	0	0	0	0	0	0	0	0	0	0	0	2420	0	0	0	0	0	2712	0	688	90	1338	0	80	0	1050	0	1706	0	1150	0	580	0	3106	0	476	0	0	0	744	0	3464	0	1324	0	0	0	0	0	0	0	0	0	206	200	0	0	0	0	0	
19468	Amygdala_L	0	0	0	0	0	0	0	0	0	0	0	0	0	0	0	0	0	0	0	0	394	0	0	0	0	0	0	0	992	0	0	0	0	0	0	0	3786	0	922	0	0	0	0	0	0	0	0	0	0	0	0	0	0	0	1834	0	0	0	0	0	0	0	0	0	0	0	0	0	0	0	0	0	386	0	0	0	0	0	0	0	0	0	1202	0	0	0	0	0	218	0	0	0	0	0	0	0	0	0	0	0	0	0	0	0	0	0	0	0	0	0	0	0	0	0	0	0	
52156	Amygdala_R	0	0	0	0	0	0	0	0	0	0	0	0	0	0	0	0	0	0	0	0	0	686	0	0	0	0	0	0	0	1630	0	0	0	0	0	0	0	7082	0	6402	0	0	0	0	0	0	0	0	0	0	0	0	0	0	0	6464	0	0	0	0	0	0	0	0	0	0	0	0	0	0	0	0	0	996	0	0	0	260	0	0	0	330	0	1716	0	282	0	0	0	112	0	0	0	0	0	0	0	118	0	0	0	0	0	0	0	0	0	0	0	0	0	0	0	0	0	0	
301516	Calcarine_L	392	190	0	0	0	0	0	0	0	0	0	0	0	0	0	0	160	0	0	0	0	0	0	0	0	0	0	0	368	0	0	0	584	0	5320	318	4094	0	1246	0	0	0	0	7686	17272	6718	13332	1472	10154	1160	24844	454	6928	0	5414	146	2020	0	338	0	1674	0	718	0	86	0	23802	1060	480	144	0	0	0	0	0	0	472	0	80	0	1676	0	0	0	6852	0	0	0	866	0	860	0	0	0	0	0	592	0	392	0	0	0	0	0	0	0	0	0	0	0	394	0	0	0	0	0	
287068	Calcarine_R	0	572	0	0	0	0	0	0	0	0	0	0	0	0	0	0	0	90	0	110	0	0	0	0	0	0	0	0	0	180	0	0	0	808	0	3580	0	1916	0	1762	0	0	7686	0	5134	25496	1878	24712	492	15984	432	12078	0	3580	0	5596	0	1592	0	86	0	166	0	0	0	0	176	19374	0	1410	0	0	0	0	0	0	0	126	0	0	0	94	0	0	0	2744	0	0	0	4654	0	0	0	0	0	0	0	102	80	0	0	0	0	0	0	0	0	0	0	0	844	0	0	0	0	0	
182032	Cuneus_L	380	0	0	0	0	0	0	0	0	0	0	0	0	0	0	0	0	0	0	0	0	0	0	0	0	0	0	0	0	0	0	0	1266	82	2674	336	518	0	240	0	0	0	17272	5134	0	8654	1362	226	17064	1956	12590	670	686	0	578	0	176	0	722	0	80	0	84	0	114	0	12812	1732	1006	0	0	0	0	0	0	0	0	0	0	0	248	0	0	0	2104	0	0	0	250	0	0	0	0	0	0	0	0	0	0	0	0	0	0	0	0	0	0	0	0	0	0	0	0	0	0	0	
289548	Cuneus_R	0	220	0	0	0	0	0	0	0	0	0	0	0	0	0	0	0	544	0	162	0	0	0	0	0	0	0	0	0	228	0	0	86	998	118	1594	0	254	0	228	0	0	6718	25496	8654	0	864	4356	888	36662	746	13346	0	688	0	1336	0	1942	0	6236	0	376	0	202	0	398	2710	22946	0	1886	0	0	0	0	0	0	0	0	0	0	0	646	0	0	0	2044	0	0	0	1202	0	0	0	0	0	0	0	0	0	0	0	0	0	0	0	0	0	0	0	0	0	0	0	0	0	0	
375328	Lingual_L	0	0	0	0	0	0	0	0	0	0	0	0	0	0	0	0	0	0	0	0	0	0	0	0	0	0	0	0	0	0	0	0	0	0	2490	386	5484	288	5428	110	0	0	13332	1878	1362	864	0	7974	1958	620	21380	180	14222	744	23258	1894	108	0	0	0	0	0	0	0	0	0	5612	138	0	0	0	0	0	0	0	0	120	178	0	0	614	0	0	0	1580	0	0	0	2356	0	8484	2022	2186	622	146	0	14716	3624	18852	4822	0	0	0	0	170	0	0	0	116	202	8162	6226	2602	0	0	154	
378764	Lingual_R	0	484	0	0	0	0	0	0	0	0	0	0	0	0	0	0	0	0	0	96	0	0	0	0	0	0	0	0	0	0	0	0	0	634	118	3952	204	3956	88	5038	0	0	1472	24712	226	4356	7974	0	0	4076	660	6706	868	9066	2838	19714	0	1172	0	0	0	168	0	0	0	84	112	13314	0	1034	0	0	0	0	0	0	0	158	0	0	0	0	0	0	0	1128	0	0	0	2628	4132	6296	848	652	140	0	5410	8668	8868	15738	0	0	80	0	536	94	114	0	0	0	9280	8626	2382	194	204	84	
168308	Occipital_Sup_L	570	0	0	0	0	0	0	0	0	0	0	0	0	0	0	0	0	0	0	0	0	0	0	0	0	0	0	0	0	0	0	0	2338	0	1190	0	0	0	0	0	0	0	10154	492	17064	888	1958	0	0	0	25952	0	666	0	560	0	102	0	5156	0	2106	0	200	0	686	0	11764	356	718	0	0	0	0	0	0	0	0	0	0	0	80	0	0	0	818	0	0	0	336	0	0	0	0	0	0	0	0	0	0	0	0	0	0	0	0	0	0	0	0	0	0	0	0	0	0	0	
272624	Occipital_Sup_R	0	162	0	0	0	0	0	0	0	0	0	100	0	0	0	0	0	740	0	0	0	0	0	0	0	0	0	0	0	210	0	0	0	342	0	238	0	278	0	260	0	0	1160	15984	1956	36662	620	4076	0	0	0	24112	0	1008	0	1650	0	1878	0	10634	0	2126	0	374	0	6294	1590	17258	0	1976	0	0	0	0	0	0	0	0	0	0	0	922	0	0	0	2358	0	0	0	1344	0	0	0	0	0	0	0	0	0	0	0	0	0	0	0	0	0	0	0	0	0	0	0	0	0	0	
495584	Occipital_Mid_L	1352	0	0	0	0	0	0	0	0	0	0	0	0	0	0	0	868	0	0	0	0	0	0	0	0	0	0	0	480	0	0	0	2418	0	2300	0	1410	0	2466	0	0	0	24844	432	12590	746	21380	660	25952	0	0	0	28294	0	19974	0	596	0	6006	0	7032	0	2734	0	12612	0	15008	330	1368	0	0	0	0	0	0	0	772	0	170	0	4192	0	0	0	29790	0	0	0	11612	0	2640	0	382	0	0	0	1248	238	2956	196	0	0	0	0	0	0	0	0	0	0	988	620	136	0	0	0	
250704	Occipital_Mid_R	0	810	0	0	0	0	0	0	0	0	0	0	0	0	0	0	0	306	0	0	0	0	0	0	0	0	0	0	0	140	0	0	0	130	0	1616	0	1072	0	964	0	0	454	12078	670	13346	180	6706	0	24112	0	0	0	6168	0	4194	0	830	0	3862	0	4762	0	706	0	10558	182	9146	0	738	0	0	0	0	0	0	0	0	0	0	0	542	0	0	0	13906	0	0	0	4748	174	240	0	0	0	0	0	0	340	792	0	0	0	0	120	0	0	0	0	0	260	500	0	0	0	0	
209228	Occipital_Inf_L	0	0	0	0	0	0	0	0	0	0	0	0	0	0	0	0	0	0	0	0	0	0	0	0	0	0	0	0	0	0	0	0	0	0	80	0	712	0	878	0	0	0	6928	0	686	0	14222	868	666	0	28294	0	0	0	23420	0	0	0	0	0	0	0	0	0	0	0	1352	0	0	0	0	0	0	0	0	0	106	0	0	0	302	0	0	0	3734	0	0	0	4640	0	4662	86	530	0	0	0	3020	370	6074	356	0	0	0	0	0	0	0	0	0	0	1488	880	260	0	0	0	
139884	Occipital_Inf_R	0	180	0	0	0	0	0	0	0	0	0	0	0	0	0	0	0	0	0	0	0	0	0	0	0	0	0	0	0	0	0	0	0	0	0	594	0	2654	0	2746	0	0	0	3580	0	688	744	9066	0	1008	0	6168	0	0	242	17528	0	250	0	0	0	156	0	0	0	106	0	1180	0	266	0	0	0	0	0	0	0	0	0	0	0	308	0	0	0	2424	0	0	0	6638	560	946	0	156	0	0	726	1848	1122	4558	0	0	0	0	238	0	0	0	0	0	1402	1576	284	0	0	0	
485304	Fusiform_L	0	0	0	0	0	0	0	0	0	0	0	0	0	0	0	0	0	0	0	0	0	0	0	0	0	0	0	0	1908	0	0	0	0	0	188	0	10052	0	6468	0	1834	0	5414	0	578	0	23258	2838	560	0	19974	0	23420	242	0	560	0	0	0	0	0	0	0	0	0	0	1236	0	0	0	0	0	550	0	0	0	274	0	0	0	4758	0	3890	0	8508	0	2930	0	21822	0	28072	406	2066	0	358	158	23110	1070	34620	1970	278	0	746	0	150	0	196	0	86	212	4030	3082	682	0	0	98	
426184	Fusiform_R	0	200	0	0	0	0	0	0	0	0	0	0	0	0	0	0	0	0	0	0	0	0	0	0	0	0	0	0	0	1570	0	0	0	0	584	1956	556	20766	0	20212	0	6464	146	5596	0	1336	1894	19714	0	1650	0	4194	0	17528	560	0	0	242	0	0	0	146	0	0	0	0	0	1922	0	244	0	0	0	2140	0	266	0	598	0	0	0	3784	0	5710	0	5334	0	3020	0	15612	1630	13738	92	1130	0	146	2118	15124	2838	22596	0	110	0	692	470	94	144	156	0	0	3932	3338	564	118	118	0	
248592	Postcentral_L	26494	1302	2608	280	0	0	1712	360	0	0	4622	278	794	0	0	0	13494	148	2074	314	0	0	0	0	0	0	0	0	4550	234	152	920	0	0	368	84	408	0	86	0	0	0	2020	0	176	0	108	0	102	0	596	0	0	0	0	0	0	126	7348	0	22040	154	8550	154	352	0	2412	0	1312	0	936	2368	1836	0	992	460	1436	670	2624	0	4530	0	0	0	1452	0	0	0	260	0	0	0	0	0	0	0	0	0	0	0	0	0	0	0	0	0	0	0	0	0	0	0	0	0	0	0	
219648	Postcentral_R	424	18286	1602	1988	0	0	266	1740	0	0	0	4228	0	618	0	0	0	5134	1426	1574	0	0	0	0	0	0	0	0	0	2026	0	0	0	922	0	4158	0	174	0	0	0	0	0	1592	0	1942	0	1172	0	1878	0	830	0	250	0	242	126	0	0	8026	0	9518	0	12158	0	764	0	6714	170	10904	686	198	472	608	0	0	104	216	0	1258	0	2078	0	0	0	1390	0	0	0	1532	0	0	0	0	0	0	0	0	0	0	0	0	0	0	0	0	0	0	0	0	430	0	0	0	0	0	
90856	Parietal_Sup_L	274	0	0	0	0	0	0	0	0	0	0	0	0	0	0	0	848	0	0	0	0	0	0	0	0	0	0	0	128	0	0	0	326	0	186	0	0	0	0	0	0	0	338	0	722	0	0	0	5156	0	6006	0	0	0	0	0	7348	0	0	0	11896	0	662	0	810	0	9402	146	376	0	0	0	0	0	0	0	0	0	0	0	296	0	0	0	414	0	0	0	94	0	0	0	0	0	0	0	0	0	0	0	0	0	0	0	0	0	0	0	0	0	0	0	0	0	0	0	
125052	Parietal_Sup_R	84	1406	0	0	0	0	0	168	0	0	0	882	0	106	0	0	0	598	0	0	0	0	0	0	0	0	0	0	0	468	0	0	0	0	0	0	0	0	0	0	0	0	0	86	0	6236	0	0	0	10634	0	3862	0	0	0	0	0	8026	0	0	0	7664	0	2988	0	7626	232	8088	0	2000	0	0	0	0	0	0	0	0	0	0	0	618	0	0	0	390	0	0	0	364	0	0	0	0	0	0	0	0	0	0	0	0	0	0	0	0	0	0	0	0	0	0	0	0	0	0	
207768	Parietal_Inf_L	5702	696	140	142	0	0	296	0	0	0	246	0	204	0	0	0	5044	0	0	0	0	0	0	0	0	0	0	0	2266	0	0	158	198	0	210	0	0	0	0	0	0	0	1674	0	80	0	0	0	2106	0	7032	0	0	0	0	0	22040	0	11896	0	0	0	18436	0	10300	0	2340	0	800	0	206	630	216	0	0	0	208	340	152	0	3658	0	0	0	5664	0	0	0	804	0	0	0	0	0	0	0	0	0	0	0	0	0	0	0	0	0	0	0	0	0	0	0	0	0	0	0	
132244	Parietal_Inf_R	218	2990	172	0	0	0	0	252	0	0	0	838	0	118	0	0	0	0	88	0	0	0	0	0	0	0	0	0	0	0	0	0	0	0	0	300	0	96	0	0	0	0	0	166	0	376	0	168	0	2126	0	4762	0	156	0	146	154	9518	0	7664	0	0	0	15370	0	13190	0	1196	0	1042	0	0	0	0	0	0	0	142	0	0	0	586	0	0	0	1810	0	0	0	2386	0	0	0	0	0	0	0	0	0	0	0	0	0	0	0	0	0	0	0	0	92	0	0	0	0	0	
161072	SupraMarginal_L	1944	0	642	88	0	0	176	0	0	0	120	0	0	0	0	0	5532	0	578	84	0	0	0	0	0	0	0	0	3568	0	110	0	0	0	0	0	0	0	0	0	0	0	718	0	84	0	0	0	200	0	2734	0	0	0	0	0	8550	0	662	0	18436	0	0	0	9216	0	816	0	194	0	0	152	532	0	102	0	264	0	276	0	11820	0	0	0	12194	0	0	0	744	0	0	0	0	0	0	0	0	0	0	0	0	0	0	0	0	0	0	0	0	0	0	0	0	0	0	0	
126480	SupraMarginal_R	238	3876	218	84	0	0	0	318	0	0	0	950	0	122	0	0	0	2206	124	110	0	0	0	0	0	0	0	0	0	316	0	0	0	0	0	450	0	108	0	0	0	0	0	0	0	202	0	0	0	374	0	706	0	0	0	0	154	12158	0	2988	0	15370	0	0	0	6282	0	602	0	384	0	82	0	0	0	0	0	244	0	670	0	6248	0	0	0	4112	0	0	0	3544	0	0	0	0	0	0	0	0	0	0	0	0	0	0	0	0	0	0	0	0	0	0	0	0	0	0	
110300	Angular_L	424	0	0	0	0	0	0	0	0	0	0	0	0	0	0	0	3422	0	0	0	0	0	0	0	0	0	0	0	286	0	0	0	134	0	0	0	0	0	0	0	0	0	86	0	114	0	0	0	686	0	12612	0	0	0	0	0	352	0	810	0	10300	0	9216	0	0	0	272	0	174	0	0	0	0	0	0	0	0	0	0	0	4952	0	0	0	9070	0	0	0	2240	0	0	0	0	0	0	0	0	0	0	0	0	0	0	0	0	0	0	0	0	0	0	0	0	0	0	0	
120548	Angular_R	0	432	0	84	0	0	0	106	0	0	0	330	0	0	0	0	0	106	0	0	0	0	0	0	0	0	0	0	0	0	0	0	0	0	0	0	0	0	0	0	0	0	0	0	0	398	0	84	0	6294	0	10558	0	106	0	0	0	764	0	7626	0	13190	0	6282	0	0	0	878	0	536	0	0	0	0	0	0	0	0	0	234	0	4200	0	0	0	6236	0	0	0	1830	0	0	0	0	0	0	0	0	0	0	0	0	0	0	0	0	0	0	0	0	0	0	0	0	0	0	
280952	Precuneus_L	1874	336	0	0	0	0	130	0	0	0	0	0	0	0	0	0	262	0	144	0	0	0	0	0	0	0	0	0	280	0	0	0	7730	860	10520	2038	4750	184	1558	0	0	0	23802	176	12812	2710	5612	112	11764	1590	15008	182	1352	0	1236	0	2412	0	9402	232	2340	0	816	0	272	0	0	6122	3298	408	0	0	0	0	0	0	128	0	0	0	1058	0	0	0	5142	0	0	0	796	0	216	0	0	0	0	0	498	0	0	0	0	0	0	0	0	0	0	0	0	0	314	0	0	0	0	0	
352932	Precuneus_R	0	2366	0	92	0	0	0	98	0	0	0	318	0	90	0	0	0	1842	90	1310	0	0	0	0	0	0	0	0	0	742	0	0	1492	5936	1692	16070	572	3730	0	2420	0	0	1060	19374	1732	22946	138	13314	356	17258	330	9146	0	1180	0	1922	0	6714	146	8088	0	1196	0	602	0	878	6122	0	144	8274	0	0	0	0	0	0	0	554	0	0	0	2116	0	0	0	4872	0	0	0	6136	0	0	0	0	0	0	0	246	0	0	0	0	0	0	0	0	0	0	0	0	2762	0	0	0	0	0	
168396	Paracentral_Lobule_L	20866	6924	5050	1354	0	0	518	170	0	0	0	84	0	0	0	0	80	0	6326	5620	0	0	0	0	0	0	0	0	82	0	0	0	6808	2308	5752	1724	132	0	0	0	0	0	480	0	1006	0	0	0	718	0	1368	0	0	0	0	0	1312	170	376	0	800	0	194	0	174	0	3298	144	0	3458	252	290	534	0	364	0	2958	150	0	0	0	0	0	0	1972	0	0	0	382	0	0	0	0	0	0	0	0	0	0	0	0	0	0	0	0	0	0	0	0	0	0	0	0	0	0	0	
177712	Paracentral_Lobule_R	1830	12964	0	838	0	0	0	560	0	0	0	968	0	418	0	0	0	1190	1248	8250	0	0	0	0	0	0	0	0	0	1362	0	0	842	5918	2522	7246	0	0	0	0	0	0	144	1410	0	1886	0	1034	0	1976	0	738	0	266	0	244	0	10904	0	2000	0	1042	0	384	0	536	408	8274	3458	0	0	0	0	0	0	0	0	0	0	988	0	2028	0	0	0	2278	0	0	0	2488	0	0	0	0	0	0	0	0	0	0	0	0	0	0	0	0	0	0	0	0	214	0	0	0	0	0	
348076	Caudate_L	4078	2410	16078	4658	252	484	3658	2090	88	146	1704	5638	618	514	120	272	1380	3514	15630	2820	5582	6188	148	430	380	326	3574	1254	2966	5666	7050	4986	0	218	0	0	234	0	0	0	0	0	0	0	0	0	0	0	0	0	0	0	0	0	0	0	936	686	0	0	206	0	0	0	0	0	0	0	252	0	0	17242	24028	2882	4926	562	13362	2584	98	0	482	312	326	0	0	0	0	0	0	0	0	0	0	0	0	0	0	0	0	0	0	0	0	0	0	0	0	0	0	0	0	0	0	0	0	0	
337736	Caudate_R	3118	4978	4464	16536	0	5664	1588	2332	0	1898	304	1354	102	524	0	1502	512	1378	3910	12334	2030	4260	152	4124	92	4274	900	1424	1122	2444	3428	17618	0	1308	0	0	176	0	0	0	0	0	0	0	0	0	0	0	0	0	0	0	0	0	0	0	2368	198	0	0	630	0	152	82	0	0	0	0	290	0	17242	0	7868	9702	954	1658	4326	16770	378	0	0	110	0	0	0	166	0	0	0	124	0	0	0	0	0	0	0	0	0	0	0	0	0	0	0	0	0	0	0	0	0	0	0	0	0	0	
343836	Putamen_L	2768	982	21954	1668	7528	88	1832	892	3184	0	2664	2274	986	162	4298	0	2752	1656	19178	1162	2638	2672	472	142	1590	166	1226	606	15598	2002	7992	3002	0	0	86	86	3150	0	1332	0	386	0	0	0	0	0	0	0	0	0	0	0	0	0	550	0	1836	472	0	0	216	0	532	0	0	0	0	0	534	0	24028	7868	0	976	8194	194	4700	270	422	0	720	172	698	0	134	0	0	0	228	0	0	0	0	0	0	0	0	0	0	0	0	0	0	0	0	0	0	0	0	0	0	0	0	0	0	0	
216408	Putamen_R	774	2842	724	8128	0	5770	890	3896	0	1110	0	3944	0	2208	0	1350	0	4896	894	4034	0	784	446	4272	0	2514	0	1154	0	18464	834	5456	148	822	0	0	0	4904	0	2712	0	996	0	0	0	0	0	0	0	0	0	0	0	0	0	2140	0	608	0	0	0	0	0	0	0	0	0	0	0	0	2882	9702	976	0	0	2472	474	2186	0	0	0	812	0	186	0	192	0	0	0	360	0	0	0	0	0	0	0	248	0	0	0	0	0	0	0	0	0	0	0	0	0	0	0	0	0	0	
70908	Pallidum_L	908	552	6974	200	0	0	274	84	0	0	408	0	0	0	0	0	514	0	6462	246	0	0	0	0	0	0	0	0	190	0	0	0	0	0	0	0	304	0	0	0	0	0	0	0	0	0	0	0	0	0	0	0	0	0	0	0	992	0	0	0	0	0	102	0	0	0	0	0	364	0	4926	954	8194	0	0	0	2806	0	0	0	0	0	0	0	0	0	0	0	0	0	0	0	0	0	0	0	0	0	0	0	0	0	0	0	0	0	0	0	0	0	0	0	0	0	0	0	
26468	Pallidum_R	416	0	414	1278	0	0	0	102	0	0	0	112	0	154	0	0	138	620	370	1606	0	98	0	0	0	0	0	0	0	534	0	0	0	0	0	0	0	832	0	688	0	0	0	0	0	0	0	0	0	0	0	0	0	0	0	266	460	0	0	0	0	0	0	0	0	0	0	0	0	0	562	1658	194	2472	0	0	0	128	0	0	0	132	0	0	0	0	0	0	0	0	0	0	0	0	0	0	0	0	0	0	0	0	0	0	0	0	0	0	0	0	0	0	0	0	0	0	
199852	Thalamus_L	8090	3942	4924	1928	0	0	3394	298	0	0	650	694	1270	0	0	0	486	580	2042	442	0	0	280	150	0	0	0	0	2190	490	622	794	136	208	3014	3510	4998	2540	952	90	0	0	472	0	0	0	120	0	0	0	772	0	106	0	274	0	1436	104	0	0	208	0	264	0	0	0	128	0	2958	0	13362	4326	4700	474	2806	0	0	15782	774	0	370	0	0	0	1372	0	0	0	404	0	0	0	0	0	0	0	0	0	0	0	0	0	0	0	0	0	0	0	0	0	0	0	0	0	0	0	
197496	Thalamus_R	1356	9134	446	8172	0	0	488	2176	0	0	0	4690	0	518	0	0	152	316	202	4540	0	194	0	0	0	0	0	0	196	576	0	710	0	0	4038	4272	4612	5994	822	1338	0	260	0	126	0	0	178	158	0	0	0	0	0	0	0	598	670	216	0	0	340	142	0	244	0	0	0	554	150	0	2584	16770	270	2186	0	128	15782	0	598	0	140	110	0	0	280	368	0	0	170	784	0	0	0	0	0	0	0	0	0	0	0	0	0	0	0	0	0	0	0	0	0	0	0	0	0	0	
60336	Heschl_L	1050	474	678	334	0	0	262	0	0	0	178	0	0	0	0	0	6148	0	580	0	0	0	0	0	0	0	0	0	6092	0	0	354	0	0	978	920	1480	456	0	0	0	0	80	0	0	0	0	0	0	0	170	0	0	0	0	0	2624	0	0	0	152	0	276	0	0	0	0	0	0	0	98	378	422	0	0	0	774	598	0	0	3696	0	110	0	492	0	0	0	314	0	0	0	0	0	0	0	0	0	0	0	0	0	0	0	0	0	0	0	0	0	0	0	0	0	0	0	
34760	Heschl_R	0	248	0	0	0	0	0	0	0	0	0	116	0	0	0	0	0	2594	0	92	0	0	0	0	0	0	0	0	0	1830	0	0	0	0	0	0	0	212	0	80	0	0	0	0	0	0	0	0	0	0	0	0	0	0	0	0	0	1258	0	0	0	0	0	670	0	234	0	0	0	988	0	0	0	0	0	0	0	0	0	0	0	6242	0	0	0	2130	0	0	0	686	0	0	0	0	0	0	0	0	0	0	0	0	0	0	0	0	0	0	0	0	0	0	0	0	0	0	
232072	Temporal_Sup_L	1780	84	1956	298	0	0	348	146	0	0	382	0	0	0	0	0	12634	0	1808	148	0	0	0	0	0	0	0	0	8598	0	0	0	0	0	250	124	3398	0	884	0	0	0	1676	0	248	0	614	0	80	0	4192	0	302	0	4758	0	4530	0	296	0	3658	0	11820	0	4952	0	1058	0	0	0	482	0	720	0	0	0	370	140	3696	0	0	0	2730	0	26168	0	102	0	10606	0	0	0	0	0	0	0	0	0	0	0	0	0	0	0	0	0	0	0	0	0	0	0	0	0	0	0	
148372	Temporal_Sup_R	0	716	0	154	0	0	0	0	0	0	0	190	0	0	0	0	0	6870	0	186	0	0	0	0	0	0	0	0	0	4488	0	0	0	0	0	88	0	2990	0	1050	0	330	0	94	0	646	0	0	0	922	0	542	0	308	0	3784	0	2078	0	618	0	586	0	6248	0	4200	0	2116	0	2028	312	110	172	812	0	132	0	110	0	6242	0	0	0	2884	0	16230	0	296	0	4320	0	226	0	0	0	0	0	822	0	286	0	0	0	0	0	0	0	0	0	0	0	0	0	0	0	0	
58880	Temporal_Pole_Sup_L	100	0	278	0	0	0	0	0	0	0	1296	0	0	0	386	0	1592	0	264	0	274	0	0	0	0	0	0	0	3516	0	104	0	0	0	0	0	1420	0	508	0	1202	0	0	0	0	0	0	0	0	0	0	0	0	0	3890	0	0	0	0	0	0	0	0	0	0	0	0	0	0	0	326	0	698	0	0	0	0	0	110	0	2730	0	0	0	4346	0	2662	0	3738	0	0	0	0	0	0	0	0	0	0	0	0	0	0	0	0	0	0	0	0	0	0	0	0	0	0	0	
45812	Temporal_Pole_Sup_R	0	0	0	0	0	0	0	0	0	0	0	96	0	0	0	0	0	500	0	0	0	0	0	0	0	0	0	0	0	1460	0	0	0	0	0	0	0	418	0	1706	0	1716	0	0	0	0	0	0	0	0	0	0	0	0	0	5710	0	0	0	0	0	0	0	0	0	0	0	0	0	0	0	0	0	186	0	0	0	0	0	0	0	2884	0	0	0	3036	0	3900	0	1294	0	0	0	0	0	0	0	0	0	0	0	0	0	0	0	0	0	0	0	0	0	0	0	0	0	0	
337976	Temporal_Mid_L	3844	110	0	0	0	0	0	0	0	0	0	0	0	0	0	0	1864	0	0	0	0	0	0	0	0	0	0	0	2546	0	0	0	580	0	1854	180	890	102	876	0	0	0	6852	0	2104	0	1580	0	818	0	29790	0	3734	0	8508	0	1452	0	414	0	5664	0	12194	0	9070	0	5142	0	1972	0	0	0	134	0	0	0	1372	280	492	0	26168	0	4346	0	0	0	2930	0	30954	0	172	0	0	0	0	0	0	0	0	0	0	0	0	0	0	0	0	0	0	0	0	0	0	0	0	0	
229244	Temporal_Mid_R	0	2050	0	0	0	0	0	220	0	0	0	484	0	192	0	0	0	346	0	346	0	0	0	0	0	0	0	0	0	1656	0	0	0	0	0	876	0	2472	0	1150	0	282	0	2744	0	2044	0	1128	0	2358	0	13906	0	2424	0	5334	0	1390	0	390	0	1810	0	4112	0	6236	0	4872	0	2278	0	166	0	192	0	0	0	368	0	2130	0	16230	0	3036	0	0	0	1324	0	29322	0	122	0	0	0	0	0	282	0	154	0	0	0	0	0	0	0	0	0	0	196	0	0	0	0	0	
24220	Temporal_Pole_Mid_L	0	0	0	0	0	0	0	0	0	0	0	0	0	0	0	0	0	0	0	0	0	0	0	0	0	0	0	0	0	0	0	0	0	0	0	0	80	0	0	0	0	0	0	0	0	0	0	0	0	0	0	0	0	0	2930	0	0	0	0	0	0	0	0	0	0	0	0	0	0	0	0	0	0	0	0	0	0	0	0	0	102	0	2662	0	2930	0	0	0	3406	0	0	0	0	0	0	0	0	0	0	0	0	0	0	0	0	0	0	0	0	0	0	0	0	0	0	0	
21748	Temporal_Pole_Mid_R	0	0	0	0	0	0	0	0	0	0	0	0	0	0	0	0	0	0	0	0	0	0	0	0	0	0	0	0	0	0	0	0	0	0	0	0	0	0	0	580	0	0	0	0	0	0	0	0	0	0	0	0	0	0	0	3020	0	0	0	0	0	0	0	0	0	0	0	0	0	0	0	0	0	0	0	0	0	0	0	0	0	296	0	3900	0	1324	0	0	0	1754	0	0	0	0	0	0	0	0	0	0	0	0	0	0	0	0	0	0	0	0	0	0	0	0	0	0	
219272	Temporal_Inf_L	758	0	0	0	0	0	0	0	0	0	0	0	0	0	0	0	512	0	0	0	0	0	0	0	0	0	0	0	988	0	0	0	102	0	184	102	5364	0	2086	0	218	0	866	0	250	0	2356	0	336	0	11612	0	4640	0	21822	0	260	0	94	0	804	0	744	0	2240	0	796	0	382	0	0	0	228	0	0	0	404	170	314	0	10606	0	3738	0	30954	0	3406	0	0	0	1920	0	0	0	0	0	138	0	242	0	0	0	0	0	0	0	0	0	0	0	0	0	0	0	0	0	
225964	Temporal_Inf_R	0	2556	0	96	0	0	0	222	0	0	0	510	0	176	0	0	0	234	0	210	0	0	0	0	0	0	0	0	0	1504	0	0	0	0	0	2228	0	6338	0	3106	0	112	0	4654	0	1202	0	2628	0	1344	0	4748	0	6638	0	15612	0	1532	0	364	0	2386	0	3544	0	1830	0	6136	0	2488	0	124	0	360	0	0	0	784	0	686	0	4320	0	1294	0	29322	0	1754	0	0	0	898	0	0	0	0	0	276	0	410	0	0	0	0	0	0	0	0	0	0	356	0	0	0	0	0	
550084	Cerebelum_Crus1_L	0	0	0	0	0	0	0	0	0	0	0	0	0	0	0	0	0	0	0	0	0	0	0	0	0	0	0	0	0	0	0	0	0	0	0	0	0	0	0	0	0	0	860	0	0	0	8484	4132	0	0	2640	174	4662	560	28072	1630	0	0	0	0	0	0	0	0	0	0	216	0	0	0	0	0	0	0	0	0	0	0	0	0	0	0	0	0	172	0	0	0	1920	0	0	4276	36130	2322	2560	642	37100	1932	64856	6060	10824	242	19260	668	5130	860	1274	0	382	1358	6730	5724	7222	2784	2388	796	
447572	Cerebelum_Crus1_R	0	0	0	0	0	0	0	0	0	0	0	0	0	0	0	0	0	0	0	0	0	0	0	0	0	0	0	0	0	0	0	0	0	0	0	0	0	724	0	476	0	0	0	0	0	0	2022	6296	0	0	0	240	86	946	406	13738	0	0	0	0	0	0	0	0	0	0	0	0	0	0	0	0	0	0	0	0	0	0	0	0	0	226	0	0	0	122	0	0	0	898	4276	0	3742	35852	158	2410	1742	22422	2944	53560	274	4158	886	25520	154	7980	0	2054	88	914	4592	2404	11830	4942	4348	356	
394708	Cerebelum_Crus2_L	0	0	0	0	0	0	0	0	0	0	0	0	0	0	0	0	0	0	0	0	0	0	0	0	0	0	0	0	0	0	0	0	0	0	0	0	0	0	0	0	0	0	0	0	0	0	2186	848	0	0	382	0	530	0	2066	92	0	0	0	0	0	0	0	0	0	0	0	0	0	0	0	0	0	0	0	0	0	0	0	0	0	0	0	0	0	0	0	0	0	0	36130	3742	0	13234	258	92	3160	248	8574	1164	38652	4802	39884	4782	11316	398	382	0	0	92	538	1026	11862	8602	1490	822	
356596	Cerebelum_Crus2_R	0	0	0	0	0	0	0	0	0	0	0	0	0	0	0	0	0	0	0	0	0	0	0	0	0	0	0	0	0	0	0	0	0	0	0	0	0	84	0	0	0	0	0	0	0	0	622	652	0	0	0	0	0	156	0	1130	0	0	0	0	0	0	0	0	0	0	0	0	0	0	0	0	0	0	0	0	0	0	0	0	0	0	0	0	0	0	0	0	0	0	2322	35852	13234	0	0	0	202	512	932	8202	3672	24906	4738	41526	88	10344	0	976	0	0	116	908	13916	9740	3278	190	
54316	Cerebelum_3_L	0	0	0	0	0	0	0	0	0	0	0	0	0	0	0	0	0	0	0	0	0	0	0	0	0	0	0	0	0	0	0	0	0	0	0	0	104	0	638	0	0	0	0	0	0	0	146	140	0	0	0	0	0	0	358	0	0	0	0	0	0	0	0	0	0	0	0	0	0	0	0	0	0	0	0	0	0	0	0	0	0	0	0	0	0	0	0	0	0	0	2560	158	258	0	0	242	7890	284	3694	540	0	0	288	0	1720	382	108	0	1132	2838	1800	748	154	188	338	450	
48128	Cerebelum_3_R	0	0	0	0	0	0	0	0	0	0	0	0	0	0	0	0	0	0	0	0	0	0	0	0	0	0	0	0	0	0	0	0	0	0	0	0	0	0	0	744	0	0	0	0	0	0	0	0	0	0	0	0	0	0	158	146	0	0	0	0	0	0	0	0	0	0	0	0	0	0	0	0	0	0	0	0	0	0	0	0	0	0	0	0	0	0	0	0	0	0	642	2410	92	0	242	0	882	4432	720	5230	0	0	116	308	0	700	0	0	222	3540	1542	132	772	696	338	0	
416544	Cerebelum_4_5_L	0	0	0	0	0	0	0	0	0	0	0	0	0	0	0	0	0	0	0	0	0	0	0	0	0	0	0	0	0	0	0	0	0	0	432	0	696	0	910	0	0	0	592	0	0	0	14716	5410	0	0	1248	0	3020	726	23110	2118	0	0	0	0	0	0	0	0	0	0	498	0	0	0	0	0	0	0	0	0	0	0	0	0	0	0	0	0	0	0	0	0	138	0	37100	1742	3160	202	7890	882	0	6408	50132	6192	1090	0	1452	180	3764	1120	332	0	606	1894	20200	5436	670	760	1446	2000	
267288	Cerebelum_4_5_R	0	0	0	0	0	0	0	0	0	0	0	0	0	0	0	0	0	0	0	0	0	0	0	0	0	0	0	0	0	286	0	0	0	0	0	140	0	3344	0	3464	0	118	0	102	0	0	3624	8668	0	0	238	0	370	1848	1070	15124	0	0	0	0	0	0	0	0	0	0	0	246	0	0	0	0	0	248	0	0	0	0	0	0	0	822	0	0	0	282	0	0	0	276	1932	22422	248	512	284	4432	6408	0	4022	34568	0	0	122	764	218	342	0	148	114	1854	13276	566	442	356	258	86	
546624	Cerebelum_6_L	0	0	0	0	0	0	0	0	0	0	0	0	0	0	0	0	0	0	0	0	0	0	0	0	0	0	0	0	0	0	0	0	0	0	0	0	0	0	136	0	0	0	392	80	0	0	18852	8868	0	0	2956	340	6074	1122	34620	2838	0	0	0	0	0	0	0	0	0	0	0	0	0	0	0	0	0	0	0	0	0	0	0	0	0	0	0	0	0	0	0	0	242	0	64856	2944	8574	932	3694	720	50132	4022	0	9372	3162	0	4942	150	4832	740	2124	0	546	1706	13782	11280	4154	1746	1788	594	
486212	Cerebelum_6_R	0	0	0	0	0	0	0	0	0	0	0	0	0	0	0	0	0	0	0	0	0	0	0	0	0	0	0	0	0	0	0	0	0	0	0	0	0	1302	0	1324	0	0	0	0	0	0	4822	15738	0	0	196	792	356	4558	1970	22596	0	0	0	0	0	0	0	0	0	0	0	0	0	0	0	0	0	0	0	0	0	0	0	0	0	286	0	0	0	154	0	0	0	410	6060	53560	1164	8202	540	5230	6192	34568	9372	0	82	726	428	9048	1222	5676	212	2082	178	2356	12756	9736	9334	4648	4694	536	
252104	Cerebelum_7b_L	0	0	0	0	0	0	0	0	0	0	0	0	0	0	0	0	0	0	0	0	0	0	0	0	0	0	0	0	0	0	0	0	0	0	0	0	0	0	0	0	0	0	0	0	0	0	0	0	0	0	0	0	0	0	278	0	0	0	0	0	0	0	0	0	0	0	0	0	0	0	0	0	0	0	0	0	0	0	0	0	0	0	0	0	0	0	0	0	0	0	10824	274	38652	3672	0	0	1090	0	3162	82	0	1664	38000	2808	12394	318	566	0	0	0	0	0	3386	6676	1436	770	
165256	Cerebelum_7b_R	0	0	0	0	0	0	0	0	0	0	0	0	0	0	0	0	0	0	0	0	0	0	0	0	0	0	0	0	0	0	0	0	0	0	0	0	0	0	0	0	0	0	0	0	0	0	0	0	0	0	0	0	0	0	0	110	0	0	0	0	0	0	0	0	0	0	0	0	0	0	0	0	0	0	0	0	0	0	0	0	0	0	0	0	0	0	0	0	0	0	242	4158	4802	24906	0	0	0	0	0	726	1664	0	3186	26760	0	7224	0	0	0	0	0	0	2668	5504	582	96	
350644	Cerebelum_8_L	0	0	0	0	0	0	0	0	0	0	0	0	0	0	0	0	0	0	0	0	0	0	0	0	0	0	0	0	0	0	0	0	0	0	0	0	0	0	0	0	0	0	0	0	0	0	0	80	0	0	0	0	0	0	746	0	0	0	0	0	0	0	0	0	0	0	0	0	0	0	0	0	0	0	0	0	0	0	0	0	0	0	0	0	0	0	0	0	0	0	19260	886	39884	4738	288	116	1452	122	4942	428	38000	3186	0	7190	25866	2048	1702	0	0	0	304	354	4510	12402	5126	1692	
347648	Cerebelum_8_R	0	0	0	0	0	0	0	0	0	0	0	0	0	0	0	0	0	0	0	0	0	0	0	0	0	0	0	0	0	0	0	0	0	0	0	0	0	0	0	0	0	0	0	0	0	0	0	0	0	0	0	0	0	0	0	692	0	0	0	0	0	0	0	0	0	0	0	0	0	0	0	0	0	0	0	0	0	0	0	0	0	0	0	0	0	0	0	0	0	0	668	25520	4782	41526	0	308	180	764	150	9048	2808	26760	7190	0	194	24048	0	1664	84	288	260	0	7898	12740	5930	322	
186964	Cerebelum_9_L	0	0	0	0	0	0	0	0	0	0	0	0	0	0	0	0	0	0	0	0	0	0	0	0	0	0	0	0	0	0	0	0	0	0	0	0	0	0	0	0	0	0	0	0	0	0	170	536	0	0	0	120	0	238	150	470	0	0	0	0	0	0	0	0	0	0	0	0	0	0	0	0	0	0	0	0	0	0	0	0	0	0	0	0	0	0	0	0	0	0	5130	154	11316	88	1720	0	3764	218	4832	1222	12394	0	25866	194	0	2272	4442	0	98	388	2806	3654	1120	3348	4692	2080	
201208	Cerebelum_9_R	0	0	0	0	0	0	0	0	0	0	0	0	0	0	0	0	0	0	0	0	0	0	0	0	0	0	0	0	0	0	0	0	0	0	0	0	0	0	0	0	0	0	0	0	0	0	0	94	0	0	0	0	0	0	0	94	0	0	0	0	0	0	0	0	0	0	0	0	0	0	0	0	0	0	0	0	0	0	0	0	0	0	0	0	0	0	0	0	0	0	860	7980	398	10344	382	700	1120	342	740	5676	318	7224	2048	24048	2272	0	0	2950	178	778	1344	2232	6426	8836	10746	2474	
26320	Cerebelum_10_L	0	0	0	0	0	0	0	0	0	0	0	0	0	0	0	0	0	0	0	0	0	0	0	0	0	0	0	0	0	0	0	0	0	0	0	0	0	0	0	0	0	0	0	0	0	0	0	114	0	0	0	0	0	0	196	144	0	0	0	0	0	0	0	0	0	0	0	0	0	0	0	0	0	0	0	0	0	0	0	0	0	0	0	0	0	0	0	0	0	0	1274	0	382	0	108	0	332	0	2124	212	566	0	1702	0	4442	0	0	0	0	0	0	256	0	628	680	0	
28840	Cerebelum_10_R	0	0	0	0	0	0	0	0	0	0	0	0	0	0	0	0	0	0	0	0	0	0	0	0	0	0	0	0	0	0	0	0	0	0	0	0	0	0	0	0	0	0	0	0	0	0	0	0	0	0	0	0	0	0	0	156	0	0	0	0	0	0	0	0	0	0	0	0	0	0	0	0	0	0	0	0	0	0	0	0	0	0	0	0	0	0	0	0	0	0	0	2054	0	976	0	0	0	148	0	2082	0	0	0	1664	0	2950	0	0	0	0	0	0	1586	1302	1422	80	
20360	Vermis_1_2	0	0	0	0	0	0	0	0	0	0	0	0	0	0	0	0	0	0	0	0	0	0	0	0	0	0	0	0	0	0	0	0	0	0	0	0	0	0	0	0	0	0	0	0	0	0	116	0	0	0	0	0	0	0	86	0	0	0	0	0	0	0	0	0	0	0	0	0	0	0	0	0	0	0	0	0	0	0	0	0	0	0	0	0	0	0	0	0	0	0	382	88	0	0	1132	222	606	114	546	178	0	0	0	84	98	178	0	0	0	4848	666	276	148	144	168	100	
57532	Vermis_3	0	0	0	0	0	0	0	0	0	0	0	0	0	0	0	0	0	0	0	0	0	0	0	0	0	0	0	0	0	0	0	0	0	0	0	0	118	0	186	206	0	0	0	0	0	0	202	0	0	0	0	0	0	0	212	0	0	0	0	0	0	0	0	0	0	0	0	0	0	0	0	0	0	0	0	0	0	0	0	0	0	0	0	0	0	0	0	0	0	0	1358	914	92	0	2838	3540	1894	1854	1706	2356	0	0	0	288	388	778	0	0	4848	0	2518	410	668	630	526	236	
