data	data	530608	456768	1.33556e+06	1.12232e+06	224044	134796	678976	438148	96244	53560	282384	230316	296268	114900	187852	101644	270856	229888	1.14437e+06	913712	77192	90596	509456	523720	55116	119904	92976	101684	720540	382516	463748	630312	233532	644352	132692	138024	223460	272088	77820	152200	34748	47116	276708	285148	189852	247736	300464	242020	194004	208140	404876	182768	142288	68000	385044	396200	284344	239236	125052	100976	287192	141752	180884	129132	184768	149556	350456	335568	205868	142720	361012	484252	374496	357628	48148	26924	114828	176784	76344	32772	244996	115284	77584	70764	293652	197224	29448	15804	254144	195644	472680	345428	291492	233540	31524	92124	325224	240344	465628	363380	165604	104716	325868	242856	90192	119064	16276	9248	18120	47856	270736	204312	250692	119064	118972	34204	
data	data	Precentral_L	Precentral_R	Frontal_Sup_L	Frontal_Sup_R	Frontal_Sup_Orb_L	Frontal_Sup_Orb_R	Frontal_Mid_L	Frontal_Mid_R	Frontal_Mid_Orb_L	Frontal_Mid_Orb_R	Frontal_Inf_Oper_L	Frontal_Inf_Oper_R	Frontal_Inf_Tri_L	Frontal_Inf_Tri_R	Frontal_Inf_Orb_L	Frontal_Inf_Orb_R	Rolandic_Oper_L	Rolandic_Oper_R	Supp_Motor_Area_L	Supp_Motor_Area_R	Olfactory_L	Olfactory_R	Frontal_Sup_Medial_L	Frontal_Sup_Medial_R	Frontal_Med_Orb_L	Frontal_Med_Orb_R	Rectus_L	Rectus_R	Insula_L	Insula_R	Cingulum_Ant_L	Cingulum_Ant_R	Cingulum_Mid_L	Cingulum_Mid_R	Cingulum_Post_L	Cingulum_Post_R	Hippocampus_L	Hippocampus_R	ParaHippocampal_L	ParaHippocampal_R	Amygdala_L	Amygdala_R	Calcarine_L	Calcarine_R	Cuneus_L	Cuneus_R	Lingual_L	Lingual_R	Occipital_Sup_L	Occipital_Sup_R	Occipital_Mid_L	Occipital_Mid_R	Occipital_Inf_L	Occipital_Inf_R	Fusiform_L	Fusiform_R	Postcentral_L	Postcentral_R	Parietal_Sup_L	Parietal_Sup_R	Parietal_Inf_L	Parietal_Inf_R	SupraMarginal_L	SupraMarginal_R	Angular_L	Angular_R	Precuneus_L	Precuneus_R	Paracentral_Lobule_L	Paracentral_Lobule_R	Caudate_L	Caudate_R	Putamen_L	Putamen_R	Pallidum_L	Pallidum_R	Thalamus_L	Thalamus_R	Heschl_L	Heschl_R	Temporal_Sup_L	Temporal_Sup_R	Temporal_Pole_Sup_L	Temporal_Pole_Sup_R	Temporal_Mid_L	Temporal_Mid_R	Temporal_Pole_Mid_L	Temporal_Pole_Mid_R	Temporal_Inf_L	Temporal_Inf_R	Cerebelum_Crus1_L	Cerebelum_Crus1_R	Cerebelum_Crus2_L	Cerebelum_Crus2_R	Cerebelum_3_L	Cerebelum_3_R	Cerebelum_4_5_L	Cerebelum_4_5_R	Cerebelum_6_L	Cerebelum_6_R	Cerebelum_7b_L	Cerebelum_7b_R	Cerebelum_8_L	Cerebelum_8_R	Cerebelum_9_L	Cerebelum_9_R	Cerebelum_10_L	Cerebelum_10_R	Vermis_1_2	Vermis_3	Vermis_4_5	Vermis_6	Vermis_7	Vermis_8	Vermis_9	Vermis_10	
530608	Precentral_L	0	12166	18168	13860	0	0	35488	1584	0	0	13562	2296	3040	0	174	0	11446	1374	12708	14196	0	0	192	466	0	0	0	0	10980	2854	1144	848	1314	8110	1688	152	3768	1010	138	0	0	0	1048	0	0	0	272	0	0	0	1504	0	620	0	3034	0	21410	220	422	0	2972	0	1196	0	448	0	940	0	15820	1642	10436	3214	1702	684	500	0	15590	1192	3010	0	3328	0	0	446	412	0	0	0	516	0	0	0	0	0	0	0	0	0	0	0	0	0	0	0	0	0	0	0	0	0	0	0	0	0	0	0	
456768	Precentral_R	12166	0	4924	48490	0	0	2964	15652	0	0	258	11756	136	528	0	0	0	8606	5928	16608	0	0	0	480	0	0	0	0	296	5684	162	464	726	1356	446	758	0	6874	0	1218	0	0	0	0	0	0	0	0	0	0	0	0	0	540	398	3046	530	19562	0	652	142	1458	0	2390	0	148	292	960	6514	2084	1386	13442	0	2832	0	0	610	20162	0	890	0	322	0	0	0	720	0	0	0	2824	0	0	0	0	0	0	0	0	0	0	0	0	0	0	0	0	0	0	0	0	0	0	0	0	0	0	
1.33556e+06	Frontal_Sup_L	18168	4924	0	19806	20496	284	87280	3454	8534	0	16370	1978	22354	186	14094	136	13904	1398	120794	22670	0	0	57996	14418	1346	566	1806	0	52304	2514	25502	17032	8728	17168	146	0	5880	704	334	0	240	0	0	0	0	0	0	0	0	0	0	0	0	0	596	0	1378	398	0	0	634	0	158	0	0	0	148	0	4166	0	17068	3478	33148	1016	5826	0	6696	210	464	0	4902	0	1510	274	670	0	0	0	1524	0	0	0	0	0	0	0	0	0	0	0	0	0	0	0	0	0	0	0	0	0	0	0	0	0	0	0	
1.12232e+06	Frontal_Sup_R	13860	48490	19806	0	786	9522	6732	54618	0	2260	588	7284	238	6324	0	3870	254	8562	29890	80756	0	0	14770	52014	436	7030	554	2478	1178	8680	8568	37390	5278	27860	0	0	0	3580	0	854	0	0	0	0	0	0	0	0	0	0	0	0	0	0	252	1100	418	4088	0	0	0	0	0	0	0	0	276	0	7630	210	5774	33528	582	13496	0	1948	842	24542	0	274	0	264	0	544	0	186	0	0	0	698	0	0	0	0	0	0	0	0	0	0	0	0	0	0	0	0	0	0	0	0	0	0	0	0	0	0	
224044	Frontal_Sup_Orb_L	0	0	20496	786	0	160	2998	0	11258	0	338	0	2762	0	11710	0	0	0	3708	538	1184	0	4260	1336	4218	648	7122	428	17402	0	5210	966	0	388	0	0	210	0	0	0	174	0	0	0	0	0	0	0	0	0	0	0	0	0	0	0	0	0	0	0	0	0	0	0	0	0	0	0	0	0	2266	394	10122	150	0	0	0	0	0	0	0	0	790	0	0	0	0	0	0	0	0	0	0	0	0	0	0	0	0	0	0	0	0	0	0	0	0	0	0	0	0	0	0	0	0	0	
134796	Frontal_Sup_Orb_R	0	0	284	9522	160	0	0	2246	0	7556	0	0	0	198	0	4276	0	0	174	246	348	1244	988	5504	422	8238	374	8586	0	1062	626	3978	0	154	0	0	0	0	0	0	0	0	0	0	0	0	0	0	0	0	0	0	0	0	0	0	0	0	0	0	0	0	0	0	0	0	0	0	0	0	500	4934	0	5778	0	0	0	0	0	0	0	0	0	0	0	0	0	0	0	0	0	0	0	0	0	0	0	0	0	0	0	0	0	0	0	0	0	0	0	0	0	0	0	0	0	0	
678976	Frontal_Mid_L	35488	2964	87280	6732	2998	0	0	1670	6070	0	11500	584	31272	0	11376	0	3844	202	26774	3868	0	0	26996	3674	0	0	430	0	20030	1020	8088	3684	4146	4604	0	0	1260	674	0	0	0	0	0	0	0	0	0	0	0	0	0	0	0	0	0	0	2566	204	0	0	1760	0	188	0	0	0	0	0	498	0	8884	1988	2666	578	498	0	10664	458	298	0	804	0	206	0	0	0	0	0	0	0	0	0	0	0	0	0	0	0	0	0	0	0	0	0	0	0	0	0	0	0	0	0	0	0	0	0	
438148	Frontal_Mid_R	1584	15652	3454	54618	0	2246	1670	0	0	1850	0	13322	0	14436	0	6712	0	12826	8796	13642	0	0	1416	10800	0	0	0	0	286	10758	1324	9704	520	7524	0	0	0	2918	0	462	0	0	0	0	0	0	0	0	0	0	0	0	0	0	0	632	0	3082	0	0	0	184	0	248	0	0	0	0	0	0	2942	3872	226	7112	0	884	0	1484	0	972	0	380	0	384	0	0	0	0	0	152	0	0	0	0	0	0	0	0	0	0	0	0	0	0	0	0	0	0	0	0	0	0	0	0	0	0	
96244	Frontal_Mid_Orb_L	0	0	8534	0	11258	0	6070	0	0	0	0	0	2154	0	12374	0	0	0	224	0	0	0	140	0	0	0	834	0	4352	0	270	0	0	0	0	0	0	0	0	0	0	0	0	0	0	0	0	0	0	0	0	0	0	0	0	0	0	0	0	0	0	0	0	0	0	0	0	0	0	0	206	0	1366	0	0	0	0	0	0	0	0	0	340	0	0	0	0	0	0	0	0	0	0	0	0	0	0	0	0	0	0	0	0	0	0	0	0	0	0	0	0	0	0	0	0	0	
53560	Frontal_Mid_Orb_R	0	0	0	2260	0	7556	0	1850	0	0	0	0	0	1216	0	5968	0	0	0	0	152	406	0	0	0	1316	0	2706	0	374	0	0	0	0	0	0	0	0	0	0	0	0	0	0	0	0	0	0	0	0	0	0	0	0	0	0	0	0	0	0	0	0	0	0	0	0	0	0	0	0	180	1344	0	1452	0	0	0	0	0	0	0	0	0	0	0	0	0	0	0	0	0	0	0	0	0	0	0	0	0	0	0	0	0	0	0	0	0	0	0	0	0	0	0	0	0	0	
282384	Frontal_Inf_Oper_L	13562	258	16370	588	338	0	11500	0	0	0	0	0	17698	0	268	0	14216	0	14740	636	0	0	280	152	0	0	148	0	27578	0	1588	548	228	426	0	0	1770	0	124	0	0	0	0	0	0	0	0	0	0	0	0	0	0	0	276	0	2942	0	0	0	438	0	0	0	0	0	0	0	0	0	1838	190	4656	0	426	0	678	0	770	0	3722	0	1642	0	180	0	0	0	418	0	0	0	0	0	0	0	0	0	0	0	0	0	0	0	0	0	0	0	0	0	0	0	0	0	0	0	
230316	Frontal_Inf_Oper_R	2296	11756	1978	7284	0	0	584	13322	0	0	0	0	0	7116	0	576	0	8890	4778	8322	0	0	174	1272	0	0	0	0	160	16316	532	2512	0	3688	0	0	0	1422	0	380	0	0	0	0	0	0	0	0	0	0	0	0	0	0	0	594	0	3646	0	0	0	0	0	0	0	0	0	0	1300	0	2070	7770	262	3872	0	0	0	0	0	554	0	232	0	1364	0	0	0	0	0	136	0	0	0	0	0	0	0	0	0	0	0	0	0	0	0	0	0	0	0	0	0	0	0	0	0	0	
296268	Frontal_Inf_Tri_L	3040	136	22354	238	2762	0	31272	0	2154	0	17698	0	0	0	14230	0	4146	0	8126	216	0	0	1978	154	140	0	702	0	28400	0	2130	410	208	218	0	0	686	0	0	0	0	0	0	0	0	0	0	0	0	0	0	0	0	0	0	0	564	0	0	0	202	0	0	0	0	0	0	0	0	0	1760	0	2644	0	160	0	240	0	0	0	522	0	644	0	0	0	0	0	0	0	0	0	0	0	0	0	0	0	0	0	0	0	0	0	0	0	0	0	0	0	0	0	0	0	0	0	
114900	Frontal_Inf_Tri_R	0	528	186	6324	0	198	0	14436	0	1216	0	7116	0	0	0	5894	0	600	1362	3694	0	0	156	1226	0	0	0	0	0	6872	268	2100	0	1720	0	0	0	0	0	0	0	0	0	0	0	0	0	0	0	0	0	0	0	0	0	0	0	274	0	0	0	0	0	0	0	0	0	0	0	0	508	1518	0	1254	0	0	0	0	0	0	0	0	0	0	0	0	0	0	0	0	0	0	0	0	0	0	0	0	0	0	0	0	0	0	0	0	0	0	0	0	0	0	0	0	0	0	
187852	Frontal_Inf_Orb_L	174	0	14094	0	11710	0	11376	0	12374	0	268	0	14230	0	0	0	0	0	786	0	1182	0	602	0	0	0	850	0	19136	0	0	0	0	0	0	0	414	0	332	0	224	0	0	0	0	0	0	0	0	0	0	0	0	0	0	0	0	0	0	0	0	0	0	0	0	0	0	0	0	0	400	0	4164	0	0	0	0	0	0	0	0	0	1610	0	0	0	0	0	0	0	0	0	0	0	0	0	0	0	0	0	0	0	0	0	0	0	0	0	0	0	0	0	0	0	0	0	
101644	Frontal_Inf_Orb_R	0	0	136	3870	0	4276	0	6712	0	5968	0	576	0	5894	0	0	0	142	1014	1176	0	1872	0	150	0	0	0	2832	0	7678	0	400	0	1028	0	0	0	0	0	130	0	164	0	0	0	0	0	0	0	0	0	0	0	0	0	126	0	0	0	0	0	0	0	0	0	0	0	0	0	0	326	1838	0	4110	0	0	0	128	0	0	0	0	0	276	0	0	0	0	0	0	0	0	0	0	0	0	0	0	0	0	0	0	0	0	0	0	0	0	0	0	0	0	0	0	0	0	
270856	Rolandic_Oper_L	11446	0	13904	254	0	0	3844	0	0	0	14216	0	4146	0	0	0	0	0	12350	314	0	0	0	0	0	0	0	0	26348	0	588	280	0	224	0	0	2248	0	0	0	0	0	572	0	0	0	0	0	0	0	524	0	770	0	1408	0	7544	0	0	0	696	0	2344	0	198	0	422	0	0	0	464	0	1626	0	212	0	244	0	6576	0	13806	0	1316	0	3488	0	0	0	3056	0	0	0	0	0	0	0	0	0	0	0	0	0	0	0	0	0	0	0	0	0	0	0	0	0	0	0	
229888	Rolandic_Oper_R	1374	8606	1398	8562	0	0	202	12826	0	0	0	8890	0	600	0	142	0	0	4716	7756	0	0	346	2492	0	0	0	0	0	19758	0	516	0	2416	0	0	0	2064	0	502	0	0	0	0	0	0	0	0	0	0	0	0	0	0	0	846	0	10076	0	178	0	270	0	2516	0	0	0	272	738	0	466	1818	0	4098	0	0	0	382	0	3954	0	3202	0	2414	0	132	0	0	0	416	0	0	0	0	0	0	0	0	0	0	0	0	0	0	0	0	0	0	0	0	0	0	0	0	0	0	
1.14437e+06	Supp_Motor_Area_L	12708	5928	120794	29890	3708	174	26774	8796	224	0	14740	4778	8126	1362	786	1014	12350	4716	0	63658	0	0	24186	11730	264	0	598	0	29128	7334	16276	21316	14480	40118	1046	156	3750	1066	250	206	168	0	0	0	0	0	0	0	0	0	0	0	0	0	466	224	780	572	0	0	282	0	124	0	0	0	0	0	9780	602	15072	7112	25088	4706	3706	0	2056	146	244	0	4352	0	1196	916	658	0	0	0	1504	0	0	0	0	0	0	0	0	0	0	0	0	0	0	0	0	0	0	0	0	0	0	0	0	0	0	0	
913712	Supp_Motor_Area_R	14196	16608	22670	80756	538	246	3868	13642	0	0	636	8322	216	3694	0	1176	314	7756	63658	0	0	0	3164	14682	0	160	0	0	1338	11368	3202	19158	9710	55616	4144	4444	124	2440	0	750	0	0	178	424	0	0	0	0	0	0	0	0	0	380	714	1716	296	3448	0	0	0	0	0	0	0	0	508	1208	16508	11936	4792	22508	642	10136	0	1828	212	7670	0	0	0	186	0	1270	0	322	0	0	0	1378	0	0	0	0	0	0	0	0	0	0	0	0	0	0	0	0	0	0	0	0	0	0	0	0	0	0	
77192	Olfactory_L	0	0	0	0	1184	348	0	0	0	152	0	0	0	0	1182	0	0	0	0	0	0	5064	0	0	764	364	3400	1610	2070	0	3442	2700	0	0	0	0	770	0	566	0	616	0	0	0	0	0	0	0	0	0	0	0	0	0	0	0	0	0	0	0	0	0	0	0	0	0	0	0	0	0	6204	3668	2562	1486	0	0	0	0	0	0	0	0	444	0	0	0	0	0	0	0	0	0	0	0	0	0	0	0	0	0	0	0	0	0	0	0	0	0	0	0	0	0	0	0	0	0	
90596	Olfactory_R	0	0	0	0	0	1244	0	0	0	406	0	0	0	0	0	1872	0	0	0	0	5064	0	0	0	366	848	2644	3606	124	2326	2592	3154	0	0	0	0	0	0	0	142	0	486	0	0	0	0	0	0	0	0	0	0	0	0	0	0	0	0	0	0	0	0	0	0	0	0	0	0	0	0	6614	6908	3076	3414	284	128	0	0	0	0	0	0	0	0	0	0	0	0	0	0	0	0	0	0	0	0	0	0	0	0	0	0	0	0	0	0	0	0	0	0	0	0	0	0	0	0	
509456	Frontal_Sup_Medial_L	192	0	57996	14770	4260	988	26996	1416	140	0	280	174	1978	156	602	0	0	346	24186	3164	0	0	0	31998	2796	2174	702	442	2792	0	26766	22104	10158	13130	0	0	0	0	0	0	0	0	0	0	0	0	0	0	0	0	0	0	0	0	0	0	0	338	0	0	0	0	0	0	0	0	0	0	0	0	1440	524	1404	316	0	0	0	0	0	0	0	0	0	0	0	0	0	0	0	0	0	0	0	0	0	0	0	0	0	0	0	0	0	0	0	0	0	0	0	0	0	0	0	0	0	0	
523720	Frontal_Sup_Medial_R	466	480	14418	52014	1336	5504	3674	10800	0	0	152	1272	154	1226	0	150	0	2492	11730	14682	0	0	31998	0	1276	9178	808	2588	918	308	14506	37324	3464	20474	0	0	0	0	0	0	0	0	0	0	0	0	0	0	0	0	0	0	0	0	0	0	0	1860	0	0	0	0	0	0	0	0	0	0	0	0	2146	9300	746	4416	0	0	0	0	0	0	0	0	0	0	0	0	0	0	0	0	0	0	0	0	0	0	0	0	0	0	0	0	0	0	0	0	0	0	0	0	0	0	0	0	0	0	
55116	Frontal_Med_Orb_L	0	0	1346	436	4218	422	0	0	0	0	0	0	140	0	0	0	0	0	264	0	764	366	2796	1276	0	1554	4202	762	176	0	5528	1140	0	0	0	0	0	0	0	0	0	0	0	0	0	0	0	0	0	0	0	0	0	0	0	0	0	0	0	0	0	0	0	0	0	0	0	0	0	0	684	424	718	342	0	0	0	0	0	0	0	0	0	0	0	0	0	0	0	0	0	0	0	0	0	0	0	0	0	0	0	0	0	0	0	0	0	0	0	0	0	0	0	0	0	0	
119904	Frontal_Med_Orb_R	0	0	566	7030	648	8238	0	0	0	1316	0	0	0	0	0	0	0	0	0	160	364	848	2174	9178	1554	0	1276	7894	0	0	2026	6600	0	0	0	0	0	0	0	0	0	0	0	0	0	0	0	0	0	0	0	0	0	0	0	0	0	0	0	0	0	0	0	0	0	0	0	0	0	0	358	5206	0	4516	0	0	0	0	0	0	0	0	0	0	0	0	0	0	0	0	0	0	0	0	0	0	0	0	0	0	0	0	0	0	0	0	0	0	0	0	0	0	0	0	0	0	
92976	Rectus_L	0	0	1806	554	7122	374	430	0	834	0	148	0	702	0	850	0	0	0	598	0	3400	2644	702	808	4202	1276	0	2098	1380	0	5768	1782	0	0	0	0	0	0	0	0	0	0	0	0	0	0	0	0	0	0	0	0	0	0	0	0	0	0	0	0	0	0	0	0	0	0	0	0	0	0	3882	1452	3088	588	0	0	0	0	0	0	0	0	0	0	0	0	0	0	0	0	0	0	0	0	0	0	0	0	0	0	0	0	0	0	0	0	0	0	0	0	0	0	0	0	0	0	
101684	Rectus_R	0	0	0	2478	428	8586	0	0	0	2706	0	0	0	0	0	2832	0	0	0	0	1610	3606	442	2588	762	7894	2098	0	0	1670	1190	3420	0	0	0	0	0	0	0	0	0	0	0	0	0	0	0	0	0	0	0	0	0	0	0	0	0	0	0	0	0	0	0	0	0	0	0	0	0	0	1422	3132	368	3610	0	0	0	0	0	0	0	0	0	0	0	0	0	0	0	0	0	0	0	0	0	0	0	0	0	0	0	0	0	0	0	0	0	0	0	0	0	0	0	0	0	0	
720540	Insula_L	10980	296	52304	1178	17402	0	20030	286	4352	0	27578	160	28400	0	19136	0	26348	0	29128	1338	2070	124	2792	918	176	0	1380	0	0	220	4432	1872	360	1052	324	206	15456	230	2226	0	1906	0	432	0	0	0	164	0	0	0	524	0	940	0	4930	0	3158	0	0	0	578	0	840	0	0	0	508	0	130	0	6244	630	24974	170	424	0	2200	172	9146	0	12930	0	5444	0	4214	0	0	0	6858	0	0	0	0	0	0	0	0	0	0	0	0	0	0	0	0	0	0	0	0	0	0	0	0	0	0	0	
382516	Insula_R	2854	5684	2514	8680	0	1062	1020	10758	0	374	0	16316	0	6872	0	7678	0	19758	7334	11368	0	2326	0	308	0	0	0	1670	220	0	314	614	122	4018	0	0	0	7784	0	3526	0	1238	0	0	0	0	0	0	0	0	0	0	0	240	0	5892	0	2764	0	186	0	288	0	382	0	0	0	194	1470	126	2594	10060	318	20546	0	218	0	322	0	2990	0	7762	0	5204	0	2638	0	0	0	2652	0	0	0	0	0	0	0	0	0	0	0	0	0	0	0	0	0	0	0	0	0	0	0	0	0	0	
463748	Cingulum_Ant_L	1144	162	25502	8568	5210	626	8088	1324	270	0	1588	532	2130	268	0	0	588	0	16276	3202	3442	2592	26766	14506	5528	2026	5768	1190	4432	314	0	38654	9744	9242	0	0	284	0	0	0	0	0	0	0	0	0	0	0	0	0	0	0	0	0	0	0	466	0	0	0	0	0	0	0	0	0	0	0	0	0	11722	6722	8290	3786	152	328	150	170	0	0	122	0	0	0	0	0	0	0	0	0	0	0	0	0	0	0	0	0	0	0	0	0	0	0	0	0	0	0	0	0	0	0	0	0	0	0	
630312	Cingulum_Ant_R	848	464	17032	37390	966	3978	3684	9704	0	0	548	2512	410	2100	0	400	280	516	21316	19158	2700	3154	22104	37324	1140	6600	1782	3420	1872	614	38654	0	6496	29226	0	0	0	0	0	0	0	0	0	0	0	0	0	0	0	0	0	0	0	0	0	0	0	546	0	0	0	0	0	0	0	0	0	0	140	0	7050	19174	2654	8448	0	492	0	260	0	0	0	0	0	0	0	0	0	0	0	0	0	0	0	0	0	0	0	0	0	0	0	0	0	0	0	0	0	0	0	0	0	0	0	0	0	0	
233532	Cingulum_Mid_L	1314	726	8728	5278	0	0	4146	520	0	0	228	0	208	0	0	0	0	0	14480	9710	0	0	10158	3464	0	0	0	0	360	122	9744	6496	0	20518	4978	978	0	0	0	0	0	0	234	844	676	236	0	0	1172	0	450	0	0	0	0	0	0	0	0	0	0	0	0	0	0	0	4470	1464	3946	706	286	0	126	0	0	0	0	0	0	0	0	0	0	0	0	0	0	0	0	0	0	0	0	0	0	0	0	0	0	0	0	0	0	0	0	0	0	0	0	0	0	0	0	0	0	0	
644352	Cingulum_Mid_R	8110	1356	17168	27860	388	154	4604	7524	0	0	426	3688	218	1720	0	1028	224	2416	40118	55616	0	0	13130	20474	0	0	0	0	1052	4018	9242	29226	20518	0	1806	7046	0	162	0	0	0	0	0	3392	0	968	0	444	0	254	0	254	0	128	412	338	0	2838	0	0	0	196	0	0	0	302	714	7696	7192	8942	2542	3896	358	420	0	0	0	0	0	0	0	0	0	574	0	456	0	0	0	568	0	0	0	0	0	0	0	0	0	0	0	0	0	0	0	0	0	0	0	0	0	0	0	0	0	0	
132692	Cingulum_Post_L	1688	446	146	0	0	0	0	0	0	0	0	0	0	0	0	0	0	0	1046	4144	0	0	0	0	0	0	0	0	324	0	0	0	4978	1806	0	9314	2418	3972	1256	426	0	0	3726	0	2310	0	2056	194	926	0	526	0	214	0	3450	374	1158	158	0	0	128	0	176	0	0	0	7480	1930	4416	3654	0	0	0	0	0	0	0	358	0	0	0	0	0	0	124	0	0	0	158	0	0	0	0	0	0	0	0	0	0	0	0	0	0	0	0	0	0	0	0	0	866	0	0	0	0	0	
138024	Cingulum_Post_R	152	758	0	0	0	0	0	0	0	0	0	0	0	0	0	0	0	0	156	4444	0	0	0	0	0	0	0	0	206	0	0	0	978	7046	9314	0	2170	5784	1058	990	0	0	238	1434	414	1318	0	2100	354	338	0	212	0	458	1678	2808	126	1362	0	0	0	0	0	0	0	146	1790	11226	618	5030	0	0	0	0	0	0	0	674	0	0	0	0	0	0	0	312	0	0	0	1662	0	0	0	0	0	0	0	0	0	0	0	0	0	0	0	0	0	0	0	0	1658	0	0	0	0	0	
223460	Hippocampus_L	3768	0	5880	0	210	0	1260	0	0	0	1770	0	686	0	414	0	2248	0	3750	124	770	0	0	0	0	0	0	0	15456	0	284	0	0	0	2418	2170	0	2558	11650	526	6698	0	490	0	0	0	2350	176	0	0	0	0	0	0	11824	0	508	0	0	0	0	0	0	0	0	0	1568	512	0	0	614	0	8086	0	1360	0	4350	1346	2332	0	2718	0	1464	0	1260	0	160	0	7414	0	0	0	0	0	0	0	254	0	304	0	0	0	0	0	0	0	0	0	0	0	0	0	0	0	0	0	
272088	Hippocampus_R	1010	6874	704	3580	0	0	674	2918	0	0	0	1422	0	0	0	0	0	2064	1066	2440	0	0	0	0	0	0	0	0	230	7784	0	0	0	162	3972	5784	2558	0	1630	20866	0	7498	0	164	0	0	592	2194	0	0	0	0	0	0	1040	20550	0	848	0	0	0	140	0	176	0	0	174	2752	450	300	950	880	0	16150	0	834	220	4080	0	444	0	2674	0	986	0	1716	0	0	0	2364	0	0	0	0	0	0	0	1702	0	170	0	0	0	0	0	0	0	0	0	0	258	0	0	0	0	0	
77820	ParaHippocampal_L	138	0	334	0	0	0	0	0	0	0	124	0	0	0	332	0	0	0	250	0	566	0	0	0	0	0	0	0	2226	0	0	0	0	0	1256	1058	11650	1630	0	570	1418	0	428	0	0	0	2618	168	0	0	0	0	0	0	5958	0	0	0	0	0	0	0	0	0	0	0	1488	224	0	0	0	0	1078	0	0	0	1120	1206	0	0	382	0	718	0	0	0	336	0	840	0	0	0	0	0	138	0	378	0	278	0	0	0	0	0	0	0	0	0	0	0	0	0	0	0	0	0	
152200	ParaHippocampal_R	0	1218	0	854	0	0	0	462	0	0	0	380	0	0	0	130	0	502	206	750	0	142	0	0	0	0	0	0	0	3526	0	0	0	0	426	990	526	20866	570	0	0	6598	0	176	0	0	314	2372	0	0	0	0	0	0	260	16848	0	168	0	0	0	0	0	0	0	0	0	1072	0	0	126	168	0	4248	0	196	0	1510	0	254	0	1314	0	2390	0	552	0	880	0	1330	0	152	0	0	0	0	0	2704	0	920	0	0	0	0	0	0	0	0	0	0	0	0	0	0	0	0	
34748	Amygdala_L	0	0	240	0	174	0	0	0	0	0	0	0	0	0	224	0	0	0	168	0	616	0	0	0	0	0	0	0	1906	0	0	0	0	0	0	0	6698	0	1418	0	0	0	0	0	0	0	0	0	0	0	0	0	0	0	2794	0	0	0	0	0	0	0	0	0	0	0	0	0	0	0	0	0	882	0	0	0	0	0	0	0	0	0	1162	0	0	0	226	0	866	0	0	0	0	0	0	0	0	0	0	0	0	0	0	0	0	0	0	0	0	0	0	0	0	0	0	0	
47116	Amygdala_R	0	0	0	0	0	0	0	0	0	0	0	0	0	0	0	164	0	0	0	0	0	486	0	0	0	0	0	0	0	1238	0	0	0	0	0	0	0	7498	0	6598	0	0	0	0	0	0	0	0	0	0	0	0	0	0	0	4812	0	0	0	0	0	0	0	0	0	0	0	0	0	0	0	0	0	596	0	0	0	0	0	0	0	0	0	2006	0	0	0	0	0	0	0	0	0	0	0	0	0	160	0	0	0	0	0	0	0	0	0	0	0	0	0	0	0	0	0	0	
276708	Calcarine_L	1048	0	0	0	0	0	0	0	0	0	0	0	0	0	0	0	572	0	0	178	0	0	0	0	0	0	0	0	432	0	0	0	234	0	3726	238	490	0	428	0	0	0	0	7418	12700	3312	15500	4162	11498	898	19834	314	6390	0	7374	186	6496	0	226	0	1848	0	1580	0	1028	0	23736	486	956	124	0	0	0	0	0	0	0	0	166	0	396	0	0	0	2820	0	0	0	1198	0	238	0	0	0	0	0	0	0	124	0	0	0	0	0	0	0	0	0	0	0	0	0	0	0	0	0	
285148	Calcarine_R	0	0	0	0	0	0	0	0	0	0	0	0	0	0	0	0	0	0	0	424	0	0	0	0	0	0	0	0	0	0	0	0	844	3392	0	1434	0	164	0	176	0	0	7418	0	7250	24470	950	22838	312	15854	346	12108	0	3282	0	4952	0	406	0	162	0	446	0	200	0	1184	2948	21296	0	1382	0	0	0	0	0	0	0	0	0	0	0	0	0	0	0	5064	0	0	0	3272	0	0	0	0	0	0	0	0	0	0	0	0	0	0	0	0	0	0	0	0	0	0	0	0	0	0	
189852	Cuneus_L	0	0	0	0	0	0	0	0	0	0	0	0	0	0	0	0	0	0	0	0	0	0	0	0	0	0	0	0	0	0	0	0	676	0	2310	414	0	0	0	0	0	0	12700	7250	0	10788	1158	1238	19822	4030	8346	1698	178	364	222	662	280	0	2190	282	184	0	0	0	0	0	17826	2164	0	0	0	0	0	0	0	0	0	0	0	0	0	0	0	0	144	0	0	0	0	0	0	0	0	0	0	0	0	0	0	0	0	0	0	0	0	0	0	0	0	0	0	0	0	0	0	0	
247736	Cuneus_R	0	0	0	0	0	0	0	0	0	0	0	0	0	0	0	0	0	0	0	0	0	0	0	0	0	0	0	0	0	0	0	0	236	968	0	1318	0	0	0	0	0	0	3312	24470	10788	0	0	6182	240	29018	0	12494	0	772	0	1332	0	298	0	3838	0	496	0	0	0	1784	7122	18148	0	282	0	0	0	0	0	0	0	0	0	0	0	0	0	0	0	312	0	0	0	458	0	0	0	0	0	0	0	0	0	0	0	0	0	0	0	0	0	0	0	0	0	0	0	0	0	0	
300464	Lingual_L	272	0	0	0	0	0	0	0	0	0	0	0	0	0	0	0	0	0	0	0	0	0	0	0	0	0	0	0	164	0	0	0	0	0	2056	0	2350	592	2618	314	0	0	15500	950	1158	0	0	2250	3656	0	13550	0	4552	0	17104	782	2066	0	354	0	796	0	736	0	342	0	9736	0	140	0	0	0	0	0	0	0	262	548	0	0	142	0	0	0	870	0	0	0	386	0	10376	1352	886	290	258	260	14846	1688	19130	2568	404	0	688	338	0	396	0	0	0	270	5240	4944	1098	0	500	454	
242020	Lingual_R	0	0	0	0	0	0	0	0	0	0	0	0	0	0	0	0	0	0	0	0	0	0	0	0	0	0	0	0	0	0	0	0	0	444	194	2100	176	2194	168	2372	0	0	4162	22838	1238	6182	2250	0	148	5740	304	6746	0	3972	346	16050	0	126	0	0	0	0	0	0	0	198	506	7590	0	370	0	0	0	0	0	0	0	334	0	0	0	0	0	0	0	680	0	0	0	1052	644	5424	182	344	0	536	1594	4344	1898	8412	0	0	228	206	0	140	0	0	0	168	4366	3410	634	0	0	0	
194004	Occipital_Sup_L	0	0	0	0	0	0	0	0	0	0	0	0	0	0	0	0	0	0	0	0	0	0	0	0	0	0	0	0	0	0	0	0	1172	0	926	354	0	0	0	0	0	0	11498	312	19822	240	3656	148	0	0	29190	0	942	0	332	0	222	0	6818	0	3244	0	0	0	504	0	15830	866	0	0	0	0	0	0	0	0	0	0	0	0	0	0	0	0	926	0	0	0	0	0	0	0	0	0	0	0	0	0	0	0	0	0	0	0	0	0	0	0	0	0	0	0	0	0	0	0	
208140	Occipital_Sup_R	0	0	0	0	0	0	0	0	0	0	0	0	0	0	0	0	0	0	0	0	0	0	0	0	0	0	0	0	0	0	0	0	0	254	0	338	0	0	0	0	0	0	898	15854	4030	29018	0	5740	0	0	0	17644	0	580	0	850	0	834	0	5878	0	1024	0	0	0	4478	2770	12960	0	528	0	0	0	0	0	0	0	0	0	0	0	0	0	0	0	174	0	0	0	218	0	0	0	0	0	0	0	0	0	0	0	0	0	0	0	0	0	0	0	0	0	0	0	0	0	0	
404876	Occipital_Mid_L	1504	0	0	0	0	0	0	0	0	0	0	0	0	0	0	0	524	0	0	0	0	0	0	0	0	0	0	0	524	0	0	0	450	0	526	0	0	0	0	0	0	0	19834	346	8346	0	13550	304	29190	0	0	0	22728	0	9260	0	9824	0	13024	0	17642	0	1390	0	17954	0	12020	0	556	0	0	0	0	0	0	0	0	0	0	0	366	0	0	0	17334	0	0	0	4058	0	208	0	0	0	0	0	138	0	610	0	0	0	0	0	0	0	0	0	0	0	0	228	0	0	0	0	
182768	Occipital_Mid_R	0	0	0	0	0	0	0	0	0	0	0	0	0	0	0	0	0	0	0	0	0	0	0	0	0	0	0	0	0	0	0	0	0	254	0	212	0	0	0	0	0	0	314	12108	1698	12494	0	6746	0	17644	0	0	0	3352	0	2472	0	916	0	2076	0	3184	0	190	0	10402	1758	8130	0	828	0	0	0	0	0	0	0	0	0	0	0	200	0	0	0	5220	0	0	0	1186	0	0	0	0	0	0	0	0	0	0	0	0	0	0	0	0	0	0	0	0	0	0	0	0	0	0	
142288	Occipital_Inf_L	620	0	0	0	0	0	0	0	0	0	0	0	0	0	0	0	770	0	0	0	0	0	0	0	0	0	0	0	940	0	0	0	0	0	214	0	0	0	0	0	0	0	6390	0	178	0	4552	0	942	0	22728	0	0	0	10628	0	2624	0	0	0	390	0	1026	0	1132	0	3300	0	410	0	0	0	0	0	0	0	0	0	420	0	502	0	0	0	5288	0	0	0	5894	0	884	0	0	0	0	0	370	0	786	0	0	0	0	0	0	0	0	0	0	0	156	0	0	0	0	0	
68000	Occipital_Inf_R	0	540	0	0	0	0	0	0	0	0	0	0	0	0	0	0	0	0	0	380	0	0	0	0	0	0	0	0	0	240	0	0	0	128	0	458	0	0	0	0	0	0	0	3282	364	772	0	3972	0	580	0	3352	0	0	0	8224	0	206	0	0	0	302	0	0	0	278	162	1404	0	386	0	0	0	0	0	0	0	0	0	0	0	0	0	0	0	1508	0	0	0	6426	0	148	0	0	0	0	0	0	0	656	0	0	0	0	0	0	0	0	0	0	0	232	0	0	0	0	
385044	Fusiform_L	3034	398	596	252	0	0	0	0	0	0	276	0	0	0	0	0	1408	0	466	714	0	0	0	0	0	0	0	0	4930	0	0	0	0	412	3450	1678	11824	1040	5958	260	2794	0	7374	0	222	0	17104	346	332	0	9260	0	10628	0	0	392	1474	0	0	0	2220	0	4520	0	1528	0	6322	304	3156	314	156	0	1006	0	0	0	334	0	2550	0	3376	0	1612	0	6932	0	1848	0	16174	0	16586	380	1676	0	0	0	8392	426	20538	646	326	0	676	0	140	0	0	0	0	0	1958	1472	332	0	0	0	
396200	Fusiform_R	0	3046	0	1100	0	0	0	632	0	0	0	594	0	0	0	126	0	846	224	1716	0	0	0	0	0	0	0	0	0	5892	0	0	0	338	374	2808	0	20550	0	16848	0	4812	186	4952	662	1332	782	16050	0	850	0	2472	0	8224	392	0	0	950	0	0	0	432	0	416	0	316	296	3226	0	844	0	262	0	6740	0	0	0	0	0	352	0	3806	0	3460	0	5082	0	1208	0	20212	778	12536	240	644	0	840	1870	10320	1580	17662	0	0	648	542	0	0	0	0	0	0	5112	1520	398	0	0	0	
284344	Postcentral_L	21410	530	1378	418	0	0	2566	0	0	0	2942	0	564	0	0	0	7544	0	780	296	0	0	0	0	0	0	0	0	3158	0	466	0	0	0	1158	126	508	0	0	0	0	0	6496	0	280	0	2066	0	222	0	9824	0	2624	0	1474	0	0	0	10398	0	25054	0	9566	0	5866	0	11464	0	2914	0	2270	0	396	0	0	0	308	0	1196	0	3022	0	0	0	1612	0	0	0	1276	0	0	0	0	0	0	0	0	0	0	0	0	0	0	0	0	0	0	0	0	0	0	0	0	0	0	0	
239236	Postcentral_R	220	19562	398	4088	0	0	204	3082	0	0	0	3646	0	274	0	0	0	10076	572	3448	0	0	338	1860	0	0	0	0	0	2764	0	546	0	2838	158	1362	0	848	0	168	0	0	0	406	0	298	0	126	0	834	0	916	0	206	0	950	0	0	0	8672	0	9648	0	13366	0	2590	0	8798	0	9232	352	280	0	732	0	0	0	134	0	698	0	906	0	0	0	1700	0	0	0	2322	0	0	0	0	0	0	0	0	0	0	0	0	0	0	0	0	0	0	0	0	0	0	0	0	0	0	
125052	Parietal_Sup_L	422	0	0	0	0	0	0	0	0	0	0	0	0	0	0	0	0	0	0	0	0	0	0	0	0	0	0	0	0	0	0	0	0	0	0	0	0	0	0	0	0	0	226	0	2190	0	354	0	6818	0	13024	0	0	0	0	0	10398	0	0	0	13368	0	622	0	4972	0	9886	0	246	0	0	0	0	0	0	0	0	0	0	0	0	0	0	0	0	0	0	0	0	0	0	0	0	0	0	0	0	0	0	0	0	0	0	0	0	0	0	0	0	0	0	0	0	0	0	0	
100976	Parietal_Sup_R	0	652	0	0	0	0	0	0	0	0	0	0	0	0	0	0	0	178	0	0	0	0	0	0	0	0	0	0	0	186	0	0	0	0	0	0	0	0	0	0	0	0	0	162	282	3838	0	0	0	5878	0	2076	0	0	0	0	0	8672	0	0	0	8168	0	2770	0	4960	1674	10028	0	488	0	0	0	142	0	0	0	0	0	0	0	0	0	0	0	126	0	0	0	208	0	0	0	0	0	0	0	0	0	0	0	0	0	0	0	0	0	0	0	0	0	0	0	0	0	0	
287192	Parietal_Inf_L	2972	142	634	0	0	0	1760	0	0	0	438	0	202	0	0	0	696	0	282	0	0	0	0	0	0	0	0	0	578	0	0	0	0	0	128	0	0	0	0	0	0	0	1848	0	184	0	796	0	3244	0	17642	0	390	0	2220	0	25054	0	13368	0	0	0	23824	0	28574	0	4838	0	954	0	500	0	0	0	0	0	0	0	0	0	2358	0	0	0	5784	0	0	0	4186	0	0	0	0	0	0	0	0	0	0	0	0	0	0	0	0	0	0	0	0	0	0	0	0	0	0	0	
141752	Parietal_Inf_R	0	1458	0	0	0	0	0	184	0	0	0	0	0	0	0	0	0	270	0	0	0	0	0	0	0	0	0	0	0	288	0	0	0	196	0	0	0	140	0	0	0	0	0	446	0	496	0	0	0	1024	0	3184	0	302	0	432	0	9648	0	8168	0	0	0	12546	0	18808	0	2242	0	894	0	0	0	200	0	0	0	0	0	0	0	464	0	0	0	5974	0	0	0	3512	0	0	0	0	0	0	0	0	0	0	0	0	0	0	0	0	0	0	0	0	0	0	0	0	0	0	
180884	SupraMarginal_L	1196	0	158	0	0	0	188	0	0	0	0	0	0	0	0	0	2344	0	124	0	0	0	0	0	0	0	0	0	840	0	0	0	0	0	176	0	0	0	0	0	0	0	1580	0	0	0	736	0	0	0	1390	0	1026	0	4520	0	9566	0	622	0	23824	0	0	0	12838	0	1458	0	200	0	0	0	0	0	0	0	0	0	0	0	10608	0	0	0	11072	0	0	0	5976	0	0	0	0	0	0	0	0	0	0	0	0	0	0	0	0	0	0	0	0	0	0	0	0	0	0	0	
129132	SupraMarginal_R	0	2390	0	0	0	0	0	248	0	0	0	0	0	0	0	0	0	2516	0	0	0	0	0	0	0	0	0	0	0	382	0	0	0	0	0	0	0	176	0	0	0	0	0	200	0	0	0	0	0	0	0	190	0	0	0	416	0	13366	0	2770	0	12546	0	0	0	7562	0	3094	0	1702	140	146	0	250	0	0	0	0	0	160	0	6494	0	0	0	6844	0	0	0	2974	0	0	0	0	0	0	0	0	0	0	0	0	0	0	0	0	0	0	0	0	0	0	0	0	0	0	
184768	Angular_L	448	0	0	0	0	0	0	0	0	0	0	0	0	0	0	0	198	0	0	0	0	0	0	0	0	0	0	0	0	0	0	0	0	0	0	0	0	0	0	0	0	0	1028	0	0	0	342	0	504	0	17954	0	1132	0	1528	0	5866	0	4972	0	28574	0	12838	0	0	0	2240	0	684	0	0	0	0	0	0	0	0	0	0	0	3078	0	0	0	7836	0	0	0	3162	0	0	0	0	0	0	0	0	0	0	0	0	0	0	0	0	0	0	0	0	0	0	0	0	0	0	0	
149556	Angular_R	0	148	0	0	0	0	0	0	0	0	0	0	0	0	0	0	0	0	0	0	0	0	0	0	0	0	0	0	0	0	0	0	0	302	0	146	0	0	0	0	0	0	0	1184	0	1784	0	198	0	4478	0	10402	0	278	0	316	0	2590	0	4960	0	18808	0	7562	0	0	288	3766	0	826	0	0	0	0	0	0	0	0	0	0	0	3136	0	0	0	10614	0	0	0	2992	0	0	0	0	0	0	0	0	0	0	0	0	0	0	0	0	0	0	0	0	0	0	0	0	0	0	
350456	Precuneus_L	940	292	148	276	0	0	0	0	0	0	0	0	0	0	0	0	422	0	0	508	0	0	0	0	0	0	0	0	508	0	0	0	4470	714	7480	1790	1568	174	1488	0	0	0	23736	2948	17826	7122	9736	506	15830	2770	12020	1758	3300	162	6322	296	11464	0	9886	1674	4838	0	1458	0	2240	288	0	10324	3870	322	0	0	0	0	0	0	0	0	142	0	312	0	0	0	1774	0	0	0	996	0	172	0	0	0	0	0	0	0	0	0	0	0	0	0	0	0	0	0	0	0	358	0	0	0	0	0	
335568	Precuneus_R	0	960	0	0	0	0	0	0	0	0	0	0	0	0	0	0	0	272	0	1208	0	0	0	0	0	0	0	0	0	194	0	0	1464	7696	1930	11226	512	2752	224	1072	0	0	486	21296	2164	18148	0	7590	866	12960	0	8130	0	1404	304	3226	0	8798	0	10028	0	2242	0	3094	0	3766	10324	0	194	10230	0	0	0	0	0	0	0	342	0	0	0	682	0	0	0	4710	0	0	0	5164	0	0	0	0	0	0	0	382	0	0	0	0	0	0	0	0	0	0	0	0	1744	0	0	0	0	0	
205868	Paracentral_Lobule_L	15820	6514	4166	7630	0	0	498	0	0	0	0	1300	0	0	0	0	0	738	9780	16508	0	0	0	0	0	0	0	0	130	1470	0	140	3946	7192	4416	618	0	450	0	0	0	0	956	0	0	0	140	0	0	0	556	0	410	0	3156	0	2914	0	246	0	954	0	200	0	684	0	3870	194	0	4946	0	982	0	0	0	0	728	0	0	0	0	0	0	262	168	0	0	0	252	0	0	0	0	0	0	0	0	0	0	0	0	0	0	0	0	0	0	0	0	0	0	0	0	0	0	0	
142720	Paracentral_Lobule_R	1642	2084	0	210	0	0	0	0	0	0	0	0	0	0	0	0	0	0	602	11936	0	0	0	0	0	0	0	0	0	126	0	0	706	8942	3654	5030	0	300	0	0	0	0	124	1382	0	282	0	370	0	528	0	828	0	386	314	844	0	9232	0	488	0	894	0	1702	0	826	322	10230	4946	0	0	0	0	0	0	0	0	0	0	0	0	240	0	0	0	810	0	0	0	1380	0	0	0	0	0	0	0	0	0	0	0	0	0	0	0	0	0	0	0	0	0	0	0	0	0	0	
361012	Caudate_L	10436	1386	17068	5774	2266	500	8884	2942	206	180	1838	2070	1760	508	400	326	464	466	15072	4792	6204	6614	1440	2146	684	358	3882	1422	6244	2594	11722	7050	286	2542	0	0	614	950	0	126	0	0	0	0	0	0	0	0	0	0	0	0	0	0	156	0	2270	352	0	0	500	0	0	140	0	0	0	0	0	0	0	13746	18484	3802	2594	268	4824	618	0	0	186	0	210	0	0	0	0	0	140	0	0	0	0	0	0	0	0	0	0	0	0	0	0	0	0	0	0	0	0	0	0	0	0	0	0	0	
484252	Caudate_R	3214	13442	3478	33528	394	4934	1988	3872	0	1344	190	7770	0	1518	0	1838	0	1818	7112	22508	3668	6908	524	9300	424	5206	1452	3132	630	10060	6722	19174	0	3896	0	0	0	880	0	168	0	0	0	0	0	0	0	0	0	0	0	0	0	0	0	262	0	280	0	0	0	0	0	146	0	0	0	0	982	0	13746	0	4010	21204	386	2244	0	17124	0	0	0	0	0	650	0	0	0	0	0	0	0	0	0	0	0	0	0	0	0	0	0	0	0	0	0	0	0	0	0	0	0	0	0	0	0	0	
374496	Putamen_L	1702	0	33148	582	10122	0	2666	226	1366	0	4656	262	2644	0	4164	0	1626	0	25088	642	2562	3076	1404	746	718	0	3088	368	24974	318	8290	2654	126	358	0	0	8086	0	1078	0	882	0	0	0	0	0	0	0	0	0	0	0	0	0	1006	0	396	0	0	0	0	0	0	0	0	0	0	0	0	0	18484	4010	0	1846	6192	0	1496	0	0	0	2178	0	1424	0	652	0	0	0	1942	0	0	0	0	0	0	0	0	0	0	0	0	0	0	0	0	0	0	0	0	0	0	0	0	0	0	0	
357628	Putamen_R	684	2832	1016	13496	150	5778	578	7112	0	1452	0	3872	0	1254	0	4110	0	4098	4706	10136	1486	3414	316	4416	342	4516	588	3610	170	20546	3786	8448	0	420	0	0	0	16150	0	4248	0	596	0	0	0	0	0	0	0	0	0	0	0	0	0	6740	0	732	0	142	0	200	0	250	0	0	0	0	0	0	3802	21204	1846	0	138	3958	0	1288	0	246	0	1018	0	1234	0	400	0	0	0	704	0	0	0	0	0	0	0	586	0	0	0	0	0	0	0	0	0	0	0	0	0	0	0	0	0	0	
48148	Pallidum_L	500	0	5826	0	0	0	498	0	0	0	426	0	160	0	0	0	212	0	3706	0	0	284	0	0	0	0	0	0	424	0	152	0	0	0	0	0	1360	0	0	0	0	0	0	0	0	0	0	0	0	0	0	0	0	0	0	0	0	0	0	0	0	0	0	0	0	0	0	0	0	0	2594	386	6192	138	0	0	1216	0	0	0	0	0	0	0	0	0	0	0	0	0	0	0	0	0	0	0	0	0	0	0	0	0	0	0	0	0	0	0	0	0	0	0	0	0	0	0	
26924	Pallidum_R	0	0	0	1948	0	0	0	884	0	0	0	0	0	0	0	0	0	0	0	1828	0	128	0	0	0	0	0	0	0	218	328	492	0	0	0	0	0	834	0	196	0	0	0	0	0	0	0	0	0	0	0	0	0	0	0	0	0	0	0	0	0	0	0	0	0	0	0	0	0	0	268	2244	0	3958	0	0	0	136	0	0	0	0	0	0	0	0	0	0	0	0	0	0	0	0	0	0	0	0	0	0	0	0	0	0	0	0	0	0	0	0	0	0	0	0	0	0	
114828	Thalamus_L	15590	610	6696	842	0	0	10664	0	0	0	678	0	240	0	0	0	244	0	2056	212	0	0	0	0	0	0	0	0	2200	0	150	0	0	0	0	0	4350	220	1120	0	0	0	0	0	0	0	262	0	0	0	0	0	0	0	334	0	308	0	0	0	0	0	0	0	0	0	0	0	728	0	4824	0	1496	0	1216	0	0	1216	706	0	252	0	0	0	0	0	0	0	200	0	0	0	0	0	0	0	0	0	0	0	0	0	0	0	0	0	0	0	0	0	0	0	0	0	0	0	
176784	Thalamus_R	1192	20162	210	24542	0	0	458	1484	0	0	0	0	0	0	0	128	0	382	146	7670	0	0	0	0	0	0	0	0	172	322	170	260	0	0	358	674	1346	4080	1206	1510	0	0	0	0	0	0	548	334	0	0	0	0	0	0	0	0	0	134	0	0	0	0	0	0	0	0	0	342	0	0	618	17124	0	1288	0	136	1216	0	0	0	0	0	0	0	0	0	0	0	0	0	0	0	0	0	0	0	0	180	0	0	0	0	0	0	0	0	0	0	0	0	0	0	0	0	0	0	
76344	Heschl_L	3010	0	464	0	0	0	298	0	0	0	770	0	0	0	0	0	6576	0	244	0	0	0	0	0	0	0	0	0	9146	0	0	0	0	0	0	0	2332	0	0	0	0	0	166	0	0	0	0	0	0	0	0	0	420	0	2550	0	1196	0	0	0	0	0	0	0	0	0	142	0	0	0	0	0	0	0	0	0	706	0	0	0	4818	0	0	0	2600	0	0	0	2600	0	134	0	0	0	0	0	0	0	0	0	0	0	0	0	0	0	0	0	0	0	0	0	0	0	0	0	
32772	Heschl_R	0	890	0	274	0	0	0	972	0	0	0	554	0	0	0	0	0	3954	0	0	0	0	0	0	0	0	0	0	0	2990	0	0	0	0	0	0	0	444	0	254	0	0	0	0	0	0	0	0	0	0	0	0	0	0	0	352	0	698	0	0	0	0	0	160	0	0	0	0	0	0	0	0	0	246	0	0	0	0	0	0	0	3654	0	0	0	720	0	0	0	224	0	0	0	0	0	0	0	0	0	0	0	0	0	0	0	0	0	0	0	0	0	0	0	0	0	0	
244996	Temporal_Sup_L	3328	0	4902	0	0	0	804	0	0	0	3722	0	522	0	0	0	13806	0	4352	0	0	0	0	0	0	0	0	0	12930	0	122	0	0	0	0	0	2718	0	382	0	0	0	396	0	0	0	142	0	0	0	366	0	502	0	3376	0	3022	0	0	0	2358	0	10608	0	3078	0	312	0	0	0	186	0	2178	0	0	0	252	0	4818	0	0	0	3900	0	27588	0	226	0	11602	0	0	0	0	0	0	0	0	0	0	0	0	0	0	0	0	0	0	0	0	0	0	0	0	0	0	0	
115284	Temporal_Sup_R	0	322	0	264	0	0	0	380	0	0	0	232	0	0	0	0	0	3202	0	186	0	0	0	0	0	0	0	0	0	7762	0	0	0	0	0	0	0	2674	0	1314	0	0	0	0	0	0	0	0	0	0	0	200	0	0	0	3806	0	906	0	0	0	464	0	6494	0	3136	0	682	0	240	0	0	0	1018	0	0	0	0	0	3654	0	0	0	3310	0	14288	0	310	0	2798	0	0	0	0	0	0	0	0	0	0	0	0	0	0	0	0	0	0	0	0	0	0	0	0	0	0	
77584	Temporal_Pole_Sup_L	0	0	1510	0	790	0	206	0	340	0	1642	0	644	0	1610	0	1316	0	1196	0	444	0	0	0	0	0	0	0	5444	0	0	0	0	0	0	0	1464	0	718	0	1162	0	0	0	0	0	0	0	0	0	0	0	0	0	1612	0	0	0	0	0	0	0	0	0	0	0	0	0	0	0	210	0	1424	0	0	0	0	0	0	0	3900	0	0	0	5432	0	3556	0	4172	0	0	0	0	0	0	0	0	0	0	0	0	0	0	0	0	0	0	0	0	0	0	0	0	0	0	0	
70764	Temporal_Pole_Sup_R	446	0	274	544	0	0	0	384	0	0	0	1364	0	0	0	276	0	2414	916	1270	0	0	0	0	0	0	0	0	0	5204	0	0	0	574	0	0	0	986	0	2390	0	2006	0	0	0	0	0	0	0	0	0	0	0	0	0	3460	0	0	0	0	0	0	0	0	0	0	0	0	262	0	0	650	0	1234	0	0	0	0	0	0	0	3310	0	0	0	2144	0	3066	0	2208	0	0	0	0	0	0	0	0	0	0	0	0	0	0	0	0	0	0	0	0	0	0	0	0	0	0	
293652	Temporal_Mid_L	412	0	670	0	0	0	0	0	0	0	180	0	0	0	0	0	3488	0	658	0	0	0	0	0	0	0	0	0	4214	0	0	0	0	0	124	0	1260	0	0	0	0	0	2820	0	144	0	870	0	926	0	17334	0	5288	0	6932	0	1612	0	0	0	5784	0	11072	0	7836	0	1774	0	168	0	0	0	652	0	0	0	0	0	2600	0	27588	0	5432	0	0	0	4414	0	32574	0	0	0	0	0	0	0	0	0	0	0	0	0	0	0	0	0	0	0	0	0	0	0	0	0	0	0	
197224	Temporal_Mid_R	0	720	0	186	0	0	0	0	0	0	0	0	0	0	0	0	0	132	0	322	0	0	0	0	0	0	0	0	0	2638	0	0	0	456	0	312	0	1716	0	552	0	0	0	5064	0	312	0	680	0	174	0	5220	0	1508	0	5082	0	1700	0	126	0	5974	0	6844	0	10614	0	4710	0	810	0	0	0	400	0	0	0	0	0	720	0	14288	0	2144	0	0	0	1238	0	23970	0	0	0	0	0	0	0	0	0	0	0	0	0	0	0	0	0	0	0	0	0	0	0	0	0	0	
29448	Temporal_Pole_Mid_L	0	0	0	0	0	0	0	0	0	0	0	0	0	0	0	0	0	0	0	0	0	0	0	0	0	0	0	0	0	0	0	0	0	0	0	0	160	0	336	0	226	0	0	0	0	0	0	0	0	0	0	0	0	0	1848	0	0	0	0	0	0	0	0	0	0	0	0	0	0	0	0	0	0	0	0	0	0	0	0	0	226	0	3556	0	4414	0	0	0	3958	0	0	0	0	0	0	0	0	0	0	0	0	0	0	0	0	0	0	0	0	0	0	0	0	0	0	0	
15804	Temporal_Pole_Mid_R	0	0	0	0	0	0	0	0	0	0	0	0	0	0	0	0	0	0	0	0	0	0	0	0	0	0	0	0	0	0	0	0	0	0	0	0	0	0	0	880	0	0	0	0	0	0	0	0	0	0	0	0	0	0	0	1208	0	0	0	0	0	0	0	0	0	0	0	0	0	0	0	0	0	0	0	0	0	0	0	0	0	310	0	3066	0	1238	0	0	0	1200	0	0	0	0	0	0	0	0	0	0	0	0	0	0	0	0	0	0	0	0	0	0	0	0	0	0	
254144	Temporal_Inf_L	516	0	1524	0	0	0	0	0	0	0	418	0	0	0	0	0	3056	0	1504	0	0	0	0	0	0	0	0	0	6858	0	0	0	0	0	158	0	7414	0	840	0	866	0	1198	0	0	0	386	0	0	0	4058	0	5894	0	16174	0	1276	0	0	0	4186	0	5976	0	3162	0	996	0	252	0	140	0	1942	0	0	0	200	0	2600	0	11602	0	4172	0	32574	0	3958	0	0	0	2464	0	0	0	0	0	234	0	474	0	0	0	0	0	0	0	0	0	0	0	0	0	0	0	0	0	
195644	Temporal_Inf_R	0	2824	0	698	0	0	0	152	0	0	0	136	0	0	0	0	0	416	0	1378	0	0	0	0	0	0	0	0	0	2652	0	0	0	568	0	1662	0	2364	0	1330	0	0	0	3272	0	458	0	1052	0	218	0	1186	0	6426	0	20212	0	2322	0	208	0	3512	0	2974	0	2992	0	5164	0	1380	0	0	0	704	0	0	0	0	0	224	0	2798	0	2208	0	23970	0	1200	0	0	0	960	0	0	0	0	0	0	0	202	0	0	0	0	0	0	0	0	0	0	0	0	0	0	0	0	
472680	Cerebelum_Crus1_L	0	0	0	0	0	0	0	0	0	0	0	0	0	0	0	0	0	0	0	0	0	0	0	0	0	0	0	0	0	0	0	0	0	0	0	0	0	0	0	0	0	0	238	0	0	0	10376	644	0	0	208	0	884	0	16586	778	0	0	0	0	0	0	0	0	0	0	172	0	0	0	0	0	0	0	0	0	0	0	134	0	0	0	0	0	0	0	0	0	2464	0	0	3308	39020	4876	1228	814	21960	2810	51908	3398	11118	1692	19364	4792	3460	1266	416	270	0	382	6950	7954	12448	1838	1726	858	
345428	Cerebelum_Crus1_R	0	0	0	0	0	0	0	0	0	0	0	0	0	0	0	0	0	0	0	0	0	0	0	0	0	0	0	0	0	0	0	0	0	0	0	0	0	0	0	152	0	0	0	0	0	0	1352	5424	0	0	0	0	0	148	380	12536	0	0	0	0	0	0	0	0	0	0	0	0	0	0	0	0	0	0	0	0	0	0	0	0	0	0	0	0	0	0	0	0	0	960	3308	0	1644	25338	194	3214	3748	14590	4740	42850	438	5772	2620	14824	268	1844	0	0	0	892	9254	6758	6718	1260	1488	0	
291492	Cerebelum_Crus2_L	0	0	0	0	0	0	0	0	0	0	0	0	0	0	0	0	0	0	0	0	0	0	0	0	0	0	0	0	0	0	0	0	0	0	0	0	0	0	0	0	0	0	0	0	0	0	886	182	0	0	0	0	0	0	1676	240	0	0	0	0	0	0	0	0	0	0	0	0	0	0	0	0	0	0	0	0	0	0	0	0	0	0	0	0	0	0	0	0	0	0	39020	1644	0	6868	718	308	4926	880	12214	1126	20072	3278	21834	4354	2456	534	442	168	0	182	1824	3050	13414	2326	768	356	
233540	Cerebelum_Crus2_R	0	0	0	0	0	0	0	0	0	0	0	0	0	0	0	0	0	0	0	0	0	0	0	0	0	0	0	0	0	0	0	0	0	0	0	0	0	0	0	0	0	0	0	0	0	0	290	344	0	0	0	0	0	0	0	644	0	0	0	0	0	0	0	0	0	0	0	0	0	0	0	0	0	0	0	0	0	0	0	0	0	0	0	0	0	0	0	0	0	0	4876	25338	6868	0	0	558	954	1564	1696	7046	2432	16300	4046	23524	374	1196	0	204	0	206	1004	2432	12274	1866	734	0	
31524	Cerebelum_3_L	0	0	0	0	0	0	0	0	0	0	0	0	0	0	0	0	0	0	0	0	0	0	0	0	0	0	0	0	0	0	0	0	0	0	0	0	0	0	138	0	0	0	0	0	0	0	258	0	0	0	0	0	0	0	0	0	0	0	0	0	0	0	0	0	0	0	0	0	0	0	0	0	0	0	0	0	0	0	0	0	0	0	0	0	0	0	0	0	0	0	1228	194	718	0	0	262	5178	246	2246	350	0	0	666	0	696	140	0	0	404	926	1174	396	278	124	140	0	
92124	Cerebelum_3_R	0	0	0	0	0	0	0	0	0	0	0	0	0	0	0	0	0	0	0	0	0	0	0	0	0	0	0	0	0	0	0	0	0	0	0	0	0	0	0	0	0	0	0	0	0	0	260	536	0	0	0	0	0	0	0	840	0	0	0	0	0	0	0	0	0	0	0	0	0	0	0	0	0	0	0	0	0	0	0	0	0	0	0	0	0	0	0	0	0	0	814	3214	308	558	262	0	1560	6644	1608	6464	0	0	1258	652	376	3366	0	0	1248	2864	3354	2294	2104	1964	3250	264	
325224	Cerebelum_4_5_L	0	0	0	0	0	0	0	0	0	0	0	0	0	0	0	0	0	0	0	0	0	0	0	0	0	0	0	0	0	0	0	0	0	0	0	0	254	0	378	0	0	0	0	0	0	0	14846	1594	0	0	138	0	370	0	8392	1870	0	0	0	0	0	0	0	0	0	0	0	0	0	0	0	0	0	0	0	0	0	0	0	0	0	0	0	0	0	0	0	0	234	0	21960	3748	4926	954	5178	1560	0	6724	36696	6184	1112	0	9168	1412	4136	1310	294	0	534	1858	16744	3794	3056	578	1452	1158	
240344	Cerebelum_4_5_R	0	0	0	0	0	0	0	0	0	0	0	0	0	0	0	0	0	0	0	0	0	0	0	0	0	0	0	0	0	0	0	0	0	0	0	0	0	1702	0	2704	0	160	0	0	0	0	1688	4344	0	0	0	0	0	0	426	10320	0	0	0	0	0	0	0	0	0	0	0	382	0	0	0	0	0	586	0	0	0	180	0	0	0	0	0	0	0	0	0	0	0	0	2810	14590	880	1564	246	6644	6724	0	5284	25618	166	0	2952	1698	212	1758	0	134	0	1410	16872	2212	2310	1094	2000	502	
465628	Cerebelum_6_L	0	0	0	0	0	0	0	0	0	0	0	0	0	0	0	0	0	0	0	0	0	0	0	0	0	0	0	0	0	0	0	0	0	0	0	0	304	0	278	0	0	0	124	0	0	0	19130	1898	0	0	610	0	786	0	20538	1580	0	0	0	0	0	0	0	0	0	0	0	0	0	0	0	0	0	0	0	0	0	0	0	0	0	0	0	0	0	0	0	0	474	0	51908	4740	12214	1696	2246	1608	36696	5284	0	7634	2708	0	12538	2446	3908	1970	484	156	396	960	13472	11378	7262	1548	2614	1226	
363380	Cerebelum_6_R	0	0	0	0	0	0	0	0	0	0	0	0	0	0	0	0	0	0	0	0	0	0	0	0	0	0	0	0	0	0	0	0	0	0	0	0	0	170	0	920	0	0	0	0	0	0	2568	8412	0	0	0	0	0	656	646	17662	0	0	0	0	0	0	0	0	0	0	0	0	0	0	0	0	0	0	0	0	0	0	0	0	0	0	0	0	0	0	0	0	0	202	3398	42850	1126	7046	350	6464	6184	25618	7634	0	194	446	2798	5820	312	2504	0	192	432	1526	15560	9948	5856	1570	2626	0	
165604	Cerebelum_7b_L	0	0	0	0	0	0	0	0	0	0	0	0	0	0	0	0	0	0	0	0	0	0	0	0	0	0	0	0	0	0	0	0	0	0	0	0	0	0	0	0	0	0	0	0	0	0	404	0	0	0	0	0	0	0	326	0	0	0	0	0	0	0	0	0	0	0	0	0	0	0	0	0	0	0	0	0	0	0	0	0	0	0	0	0	0	0	0	0	0	0	11118	438	20072	2432	0	0	1112	166	2708	194	0	2246	24586	3596	2476	368	956	0	0	0	404	392	4204	3944	660	0	
104716	Cerebelum_7b_R	0	0	0	0	0	0	0	0	0	0	0	0	0	0	0	0	0	0	0	0	0	0	0	0	0	0	0	0	0	0	0	0	0	0	0	0	0	0	0	0	0	0	0	0	0	0	0	0	0	0	0	0	0	0	0	0	0	0	0	0	0	0	0	0	0	0	0	0	0	0	0	0	0	0	0	0	0	0	0	0	0	0	0	0	0	0	0	0	0	0	1692	5772	3278	16300	0	0	0	0	0	446	2246	0	1974	14664	0	146	0	0	0	0	0	126	3770	1944	0	0	
325868	Cerebelum_8_L	0	0	0	0	0	0	0	0	0	0	0	0	0	0	0	0	0	0	0	0	0	0	0	0	0	0	0	0	0	0	0	0	0	0	0	0	0	0	0	0	0	0	0	0	0	0	688	228	0	0	0	0	0	0	676	648	0	0	0	0	0	0	0	0	0	0	0	0	0	0	0	0	0	0	0	0	0	0	0	0	0	0	0	0	0	0	0	0	0	0	19364	2620	21834	4046	666	1258	9168	2952	12538	2798	24586	1974	0	8206	13152	2684	2444	0	0	842	5466	1642	9258	8318	4584	294	
242856	Cerebelum_8_R	0	0	0	0	0	0	0	0	0	0	0	0	0	0	0	0	0	0	0	0	0	0	0	0	0	0	0	0	0	0	0	0	0	0	0	0	0	0	0	0	0	0	0	0	0	0	338	206	0	0	0	0	0	0	0	542	0	0	0	0	0	0	0	0	0	0	0	0	0	0	0	0	0	0	0	0	0	0	0	0	0	0	0	0	0	0	0	0	0	0	4792	14824	4354	23524	0	652	1412	1698	2446	5820	3596	14664	8206	0	800	8440	0	820	0	270	1552	3382	9790	6432	2868	0	
90192	Cerebelum_9_L	0	0	0	0	0	0	0	0	0	0	0	0	0	0	0	0	0	0	0	0	0	0	0	0	0	0	0	0	0	0	0	0	0	0	0	0	0	0	0	0	0	0	0	0	0	0	0	0	0	0	0	0	0	0	140	0	0	0	0	0	0	0	0	0	0	0	0	0	0	0	0	0	0	0	0	0	0	0	0	0	0	0	0	0	0	0	0	0	0	0	3460	268	2456	374	696	376	4136	212	3908	312	2476	0	13152	800	0	1264	2966	0	0	220	658	1232	1724	1442	2236	588	
119064	Cerebelum_9_R	0	0	0	0	0	0	0	0	0	0	0	0	0	0	0	0	0	0	0	0	0	0	0	0	0	0	0	0	0	0	0	0	0	0	0	0	0	0	0	0	0	0	0	0	0	0	396	140	0	0	0	0	0	0	0	0	0	0	0	0	0	0	0	0	0	0	0	0	0	0	0	0	0	0	0	0	0	0	0	0	0	0	0	0	0	0	0	0	0	0	1266	1844	534	1196	140	3366	1310	1758	1970	2504	368	146	2684	8440	1264	0	0	1220	1054	1796	2468	4676	4066	4900	8148	1878	
16276	Cerebelum_10_L	0	0	0	0	0	0	0	0	0	0	0	0	0	0	0	0	0	0	0	0	0	0	0	0	0	0	0	0	0	0	0	0	0	0	0	0	0	0	0	0	0	0	0	0	0	0	0	0	0	0	0	0	0	0	0	0	0	0	0	0	0	0	0	0	0	0	0	0	0	0	0	0	0	0	0	0	0	0	0	0	0	0	0	0	0	0	0	0	0	0	416	0	442	0	0	0	294	0	484	0	956	0	2444	0	2966	0	0	0	0	0	136	0	0	0	0	0	
9248	Cerebelum_10_R	0	0	0	0	0	0	0	0	0	0	0	0	0	0	0	0	0	0	0	0	0	0	0	0	0	0	0	0	0	0	0	0	0	0	0	0	0	0	0	0	0	0	0	0	0	0	0	0	0	0	0	0	0	0	0	0	0	0	0	0	0	0	0	0	0	0	0	0	0	0	0	0	0	0	0	0	0	0	0	0	0	0	0	0	0	0	0	0	0	0	270	0	168	204	0	0	0	134	156	192	0	0	0	820	0	1220	0	0	0	0	0	606	530	0	164	160	
18120	Vermis_1_2	0	0	0	0	0	0	0	0	0	0	0	0	0	0	0	0	0	0	0	0	0	0	0	0	0	0	0	0	0	0	0	0	0	0	0	0	0	0	0	0	0	0	0	0	0	0	0	0	0	0	0	0	0	0	0	0	0	0	0	0	0	0	0	0	0	0	0	0	0	0	0	0	0	0	0	0	0	0	0	0	0	0	0	0	0	0	0	0	0	0	0	0	0	0	404	1248	534	0	396	432	0	0	0	0	0	1054	0	0	0	2136	560	916	144	320	720	196	
47856	Vermis_3	0	0	0	0	0	0	0	0	0	0	0	0	0	0	0	0	0	0	0	0	0	0	0	0	0	0	0	0	0	0	0	0	0	0	0	0	0	0	0	0	0	0	0	0	0	0	270	168	0	0	0	0	0	0	0	0	0	0	0	0	0	0	0	0	0	0	0	0	0	0	0	0	0	0	0	0	0	0	0	0	0	0	0	0	0	0	0	0	0	0	382	892	182	206	926	2864	1858	1410	960	1526	0	0	842	270	220	1796	0	0	2136	0	1858	1192	1194	1122	1654	0	
270736	Vermis_4_5	0	0	0	0	0	0	0	0	0	0	0	0	0	0	0	0	0	0	0	0	0	0	0	0	0	0	0	0	0	0	0	0	0	0	866	1658	0	258	0	0	0	0	0	0	0	0	5240	4366	0	0	0	0	156	0	1958	5112	0	0	0	0	0	0	0	0	0	0	358	1744	0	0	0	0	0	0	0	0	0	0	0	0	0	0	0	0	0	0	0	0	0	0	6950	9254	1824	1004	1174	3354	16744	16872	13472	15560	404	0	5466	1552	658	2468	136	0	560	1858	0	6146	2688	928	2544	2036	
204312	Vermis_6	0	0	0	0	0	0	0	0	0	0	0	0	0	0	0	0	0	0	0	0	0	0	0	0	0	0	0	0	0	0	0	0	0	0	0	0	0	0	0	0	0	0	0	0	0	0	4944	3410	0	0	228	0	0	232	1472	1520	0	0	0	0	0	0	0	0	0	0	0	0	0	0	0	0	0	0	0	0	0	0	0	0	0	0	0	0	0	0	0	0	0	0	7954	6758	3050	2432	396	2294	3794	2212	11378	9948	392	126	1642	3382	1232	4676	0	606	916	1192	6146	0	8702	2586	5014	3522	
