data	data	618316	367684	1.13068e+06	981796	191188	102860	678772	328584	128516	43396	441308	225208	505332	238916	248092	104276	267984	127028	684804	774892	104184	103148	479008	463856	28272	115064	79000	93648	911444	418148	497456	543900	201620	550360	136128	179928	266196	321328	107132	161228	44904	66028	173492	288512	105904	308276	196300	305876	244944	392056	597936	284248	157452	143796	387452	438536	284268	296272	170960	245544	220940	107324	119744	98560	228656	119104	231900	507344	313304	429900	450760	460272	290480	367520	32524	13356	128420	201712	85800	27664	226592	85640	127108	59988	338276	316136	33832	19444	313788	203084	447776	388052	344540	254456	27068	44836	251440	248252	489660	413596	305236	122796	396080	271552	163608	193192	27084	15324	13232	41900	222684	210264	217320	201060	117744	34020	
data	data	Precentral_L	Precentral_R	Frontal_Sup_L	Frontal_Sup_R	Frontal_Sup_Orb_L	Frontal_Sup_Orb_R	Frontal_Mid_L	Frontal_Mid_R	Frontal_Mid_Orb_L	Frontal_Mid_Orb_R	Frontal_Inf_Oper_L	Frontal_Inf_Oper_R	Frontal_Inf_Tri_L	Frontal_Inf_Tri_R	Frontal_Inf_Orb_L	Frontal_Inf_Orb_R	Rolandic_Oper_L	Rolandic_Oper_R	Supp_Motor_Area_L	Supp_Motor_Area_R	Olfactory_L	Olfactory_R	Frontal_Sup_Medial_L	Frontal_Sup_Medial_R	Frontal_Med_Orb_L	Frontal_Med_Orb_R	Rectus_L	Rectus_R	Insula_L	Insula_R	Cingulum_Ant_L	Cingulum_Ant_R	Cingulum_Mid_L	Cingulum_Mid_R	Cingulum_Post_L	Cingulum_Post_R	Hippocampus_L	Hippocampus_R	ParaHippocampal_L	ParaHippocampal_R	Amygdala_L	Amygdala_R	Calcarine_L	Calcarine_R	Cuneus_L	Cuneus_R	Lingual_L	Lingual_R	Occipital_Sup_L	Occipital_Sup_R	Occipital_Mid_L	Occipital_Mid_R	Occipital_Inf_L	Occipital_Inf_R	Fusiform_L	Fusiform_R	Postcentral_L	Postcentral_R	Parietal_Sup_L	Parietal_Sup_R	Parietal_Inf_L	Parietal_Inf_R	SupraMarginal_L	SupraMarginal_R	Angular_L	Angular_R	Precuneus_L	Precuneus_R	Paracentral_Lobule_L	Paracentral_Lobule_R	Caudate_L	Caudate_R	Putamen_L	Putamen_R	Pallidum_L	Pallidum_R	Thalamus_L	Thalamus_R	Heschl_L	Heschl_R	Temporal_Sup_L	Temporal_Sup_R	Temporal_Pole_Sup_L	Temporal_Pole_Sup_R	Temporal_Mid_L	Temporal_Mid_R	Temporal_Pole_Mid_L	Temporal_Pole_Mid_R	Temporal_Inf_L	Temporal_Inf_R	Cerebelum_Crus1_L	Cerebelum_Crus1_R	Cerebelum_Crus2_L	Cerebelum_Crus2_R	Cerebelum_3_L	Cerebelum_3_R	Cerebelum_4_5_L	Cerebelum_4_5_R	Cerebelum_6_L	Cerebelum_6_R	Cerebelum_7b_L	Cerebelum_7b_R	Cerebelum_8_L	Cerebelum_8_R	Cerebelum_9_L	Cerebelum_9_R	Cerebelum_10_L	Cerebelum_10_R	Vermis_1_2	Vermis_3	Vermis_4_5	Vermis_6	Vermis_7	Vermis_8	Vermis_9	Vermis_10	
618316	Precentral_L	0	11018	27856	5308	0	0	23158	2494	0	0	11864	620	5000	0	0	0	12034	146	14626	20610	0	0	1164	438	0	0	0	0	11790	212	1904	528	1760	5588	4844	1872	6584	862	1302	146	0	0	336	0	192	0	156	0	6348	0	11680	0	1510	0	1430	0	26636	200	1940	0	3710	0	266	0	924	0	1406	176	39190	2374	2016	1380	5636	750	2014	182	11148	2288	2418	0	2866	0	950	0	3864	0	0	0	1444	0	0	0	0	0	0	0	0	0	0	0	0	0	0	0	0	0	0	0	0	0	0	0	0	0	0	0	
367684	Precentral_R	11018	0	976	4186	0	0	802	14160	0	0	0	7930	0	254	0	0	0	2768	1232	12040	0	0	0	0	0	0	0	0	342	6368	0	0	256	6478	1406	3338	850	9272	156	1470	0	0	0	930	0	1376	0	192	380	2760	706	1060	202	290	254	652	662	19340	158	3302	122	1396	0	1990	0	620	276	6158	9200	15768	1512	2066	242	4062	154	224	2936	8008	0	472	0	988	0	0	0	7154	0	0	0	2928	0	0	0	0	0	0	0	0	0	0	0	0	0	0	0	0	0	0	0	0	0	0	0	0	0	0	
1.13068e+06	Frontal_Sup_L	27856	976	0	15946	15726	0	82504	1558	8118	0	26828	276	31526	4532	12950	0	16760	90	69250	14490	842	0	49436	8654	482	90	90	0	55846	372	25296	8142	9520	10472	466	156	1834	86	612	0	226	0	166	0	0	0	0	0	1782	0	6620	0	358	0	382	0	7756	0	246	0	940	0	178	0	636	0	314	0	8440	166	5508	956	10778	404	1872	0	4100	254	1484	0	2956	0	2492	0	3112	0	0	0	1434	0	0	0	0	0	0	0	0	0	0	0	0	0	0	0	0	0	0	0	0	0	0	0	0	0	0	0	
981796	Frontal_Sup_R	5308	4186	15946	0	986	3902	4536	44300	146	1008	5558	12776	3600	19616	1470	7004	2226	7130	14692	55592	0	210	12554	44682	0	3556	0	532	16438	21240	11386	35436	2930	23410	298	308	1220	4728	890	1198	0	180	0	0	0	0	0	0	598	212	1424	0	694	0	832	626	656	2406	166	426	88	326	0	170	94	0	172	270	1538	382	20694	26608	6536	20798	0	826	396	9662	90	304	208	308	130	232	306	834	0	0	424	284	0	0	0	0	0	0	0	0	0	0	0	0	0	0	0	0	0	0	0	0	0	0	0	0	0	0	
191188	Frontal_Sup_Orb_L	0	0	15726	986	0	0	4622	0	13724	0	182	0	3626	376	10332	0	0	0	598	264	3692	0	5620	552	2716	342	3938	0	11128	0	6588	286	102	506	0	0	0	0	368	0	340	0	0	0	0	0	0	0	0	0	0	0	0	0	0	0	0	0	0	0	0	0	0	0	0	0	0	0	0	0	1230	118	7488	0	0	0	0	0	0	0	0	0	144	0	0	0	0	0	0	0	0	0	0	0	0	0	0	0	0	0	0	0	0	0	0	0	0	0	0	0	0	0	0	0	0	0	
102860	Frontal_Sup_Orb_R	0	0	0	3902	0	0	0	1610	0	6598	0	0	0	492	0	3124	0	0	0	0	300	1886	392	3082	194	7292	588	8230	0	1704	1246	2540	0	0	0	0	0	0	0	0	0	98	0	0	0	0	0	0	0	0	0	0	0	0	0	0	0	0	0	0	0	0	0	0	0	0	0	0	0	0	322	3228	0	4602	0	0	0	0	0	0	0	0	0	0	0	0	0	0	0	0	0	0	0	0	0	0	0	0	0	0	0	0	0	0	0	0	0	0	0	0	0	0	0	0	0	0	
678772	Frontal_Mid_L	23158	802	82504	4536	4622	0	0	872	6284	0	22396	144	45594	1536	13784	0	5666	0	21026	2090	106	0	21524	3198	0	0	0	0	28000	96	11760	2762	4024	1398	340	174	2056	164	686	0	0	0	198	0	0	0	0	0	940	0	6386	0	380	0	496	0	2362	0	410	0	866	0	106	0	582	0	302	0	660	0	560	262	3924	156	596	0	1948	214	954	0	924	0	684	0	2900	0	0	0	1274	0	0	0	0	0	0	0	0	0	0	0	0	0	0	0	0	0	0	0	0	0	0	0	0	0	0	0	
328584	Frontal_Mid_R	2494	14160	1558	44300	0	1610	872	0	0	2522	824	8788	790	21104	344	7374	324	3474	1480	1788	0	0	194	2042	0	0	0	0	2866	8364	354	1456	176	642	166	220	476	3056	426	554	0	0	0	0	0	84	0	0	238	270	484	0	84	0	116	188	316	2994	84	582	112	416	0	406	0	100	114	414	1246	534	5516	4108	1414	4950	0	0	630	2380	0	134	0	172	0	0	110	950	0	0	0	348	0	0	0	0	0	0	0	0	0	0	0	0	0	0	0	0	0	0	0	0	0	0	0	0	0	0	
128516	Frontal_Mid_Orb_L	0	0	8118	146	13724	0	6284	0	0	0	172	0	5800	0	17456	0	0	0	160	0	1058	0	100	0	124	0	1194	0	6070	0	188	0	0	0	0	0	0	0	156	0	122	0	0	0	0	0	0	0	0	0	0	0	0	0	0	0	0	0	0	0	0	0	0	0	0	0	0	0	0	0	270	0	2348	0	0	0	0	0	0	0	0	0	768	0	0	0	0	0	0	0	0	0	0	0	0	0	0	0	0	0	0	0	0	0	0	0	0	0	0	0	0	0	0	0	0	0	
43396	Frontal_Mid_Orb_R	0	0	0	1008	0	6598	0	2522	0	0	0	0	0	826	0	5580	0	0	0	0	0	342	0	0	0	0	0	872	0	1610	0	0	0	0	0	0	0	0	0	0	0	0	0	0	0	0	0	0	0	0	0	0	0	0	0	0	0	0	0	0	0	0	0	0	0	0	0	0	0	0	0	248	0	2092	0	0	0	0	0	0	0	0	0	0	0	0	0	0	0	0	0	0	0	0	0	0	0	0	0	0	0	0	0	0	0	0	0	0	0	0	0	0	0	0	0	0	
441308	Frontal_Inf_Oper_L	11864	0	26828	5558	182	0	22396	824	172	0	0	98	33418	952	1654	0	14216	0	20248	3270	0	0	3936	1292	0	0	0	0	38200	202	5780	1718	232	1868	0	0	126	0	0	0	0	0	0	0	0	0	0	0	130	0	1114	0	0	0	0	0	3678	0	0	0	132	0	0	0	114	0	0	0	0	0	5960	612	4416	116	0	0	130	0	202	0	4684	0	3498	0	698	0	0	0	136	0	0	0	0	0	0	0	0	0	0	0	0	0	0	0	0	0	0	0	0	0	0	0	0	0	0	0	
225208	Frontal_Inf_Oper_R	620	7930	276	12776	0	0	144	8788	0	0	98	0	106	10018	0	796	0	7420	230	7288	0	0	0	390	0	0	0	0	1320	22278	134	230	0	364	0	0	0	1416	90	674	0	0	0	0	0	0	0	0	0	228	0	0	0	0	0	504	234	5046	0	290	0	0	0	144	0	0	0	342	132	418	1870	8792	362	7716	0	88	118	1136	0	284	0	504	0	616	0	394	0	0	0	0	0	0	0	0	0	0	0	0	0	0	0	0	0	0	0	0	0	0	0	0	0	0	0	0	0	0	
505332	Frontal_Inf_Tri_L	5000	0	31526	3600	3626	0	45594	790	5800	0	33418	106	0	1122	25470	0	3688	0	14866	1326	278	0	5064	946	0	0	0	0	42468	186	8130	1676	1592	900	0	0	84	0	0	0	0	0	0	0	0	0	0	0	124	0	1072	0	0	0	0	0	764	0	0	0	128	0	0	0	106	0	0	0	0	0	5126	724	2400	164	0	0	0	0	0	0	2032	0	2184	0	454	0	0	0	132	0	0	0	0	0	0	0	0	0	0	0	0	0	0	0	0	0	0	0	0	0	0	0	0	0	0	0	
238916	Frontal_Inf_Tri_R	0	254	4532	19616	376	492	1536	21104	0	826	952	10018	1122	0	380	6226	114	454	3378	2888	0	124	880	1278	0	144	0	106	2770	15248	1602	1444	164	920	0	0	0	104	0	0	0	0	0	0	0	0	0	0	0	0	0	0	0	0	0	96	0	92	0	0	0	0	0	0	0	0	0	0	0	0	5752	9016	2692	2638	0	0	0	120	0	0	0	0	0	0	0	0	0	0	0	0	0	0	0	0	0	0	0	0	0	0	0	0	0	0	0	0	0	0	0	0	0	0	0	0	0	0	
248092	Frontal_Inf_Orb_L	0	0	12950	1470	10332	0	13784	344	17456	0	1654	0	25470	380	0	0	386	0	1862	524	3490	0	1174	258	0	0	804	0	18914	0	1744	460	628	398	0	0	0	0	214	0	374	0	0	0	0	0	0	0	0	0	0	0	0	0	0	0	0	0	0	0	0	0	0	0	0	0	0	0	0	0	2402	356	2620	86	0	0	0	0	0	0	552	0	2960	0	0	0	0	0	0	0	0	0	0	0	0	0	0	0	0	0	0	0	0	0	0	0	0	0	0	0	0	0	0	0	0	0	
104276	Frontal_Inf_Orb_R	0	0	0	7004	0	3124	0	7374	0	5580	0	796	0	6226	0	0	0	0	264	888	320	2130	206	638	0	118	270	2366	98	8652	180	1032	84	568	0	0	0	0	0	0	0	136	0	0	0	0	0	0	0	0	0	0	0	0	0	0	0	0	0	0	0	0	0	0	0	0	0	0	0	0	542	1780	0	1762	0	0	0	0	0	0	0	0	0	0	0	0	0	0	0	0	0	0	0	0	0	0	0	0	0	0	0	0	0	0	0	0	0	0	0	0	0	0	0	0	0	0	
267984	Rolandic_Oper_L	12034	0	16760	2226	0	0	5666	324	0	0	14216	0	3688	114	386	0	0	0	9300	2116	0	0	634	138	0	0	0	0	26848	0	430	186	84	408	0	0	752	0	0	0	0	0	0	0	0	0	0	0	532	0	932	0	110	0	364	0	9508	0	0	0	140	0	1078	0	368	0	0	0	0	0	2416	252	296	0	0	0	0	122	3916	0	10332	0	3044	0	2408	0	0	0	1864	0	0	0	0	0	0	0	0	0	0	0	0	0	0	0	0	0	0	0	0	0	0	0	0	0	0	0	
127028	Rolandic_Oper_R	146	2768	90	7130	0	0	0	3474	0	0	0	7420	0	454	0	0	0	0	174	5382	0	0	0	0	0	0	0	0	878	12894	0	0	0	0	0	0	0	1728	0	0	0	0	0	0	0	0	0	0	0	0	0	0	0	0	0	0	0	4604	0	0	0	0	0	3062	0	0	0	0	0	166	1110	3482	0	1554	0	0	0	898	0	2094	0	2934	0	654	0	288	0	0	0	130	0	0	0	0	0	0	0	0	0	0	0	0	0	0	0	0	0	0	0	0	0	0	0	0	0	0	
684804	Supp_Motor_Area_L	14626	1232	69250	14692	598	0	21026	1480	160	0	20248	230	14866	3378	1862	264	9300	174	0	36088	0	0	8474	4670	0	0	0	0	30604	1046	11600	8118	9664	17640	844	0	1364	572	504	314	0	0	110	0	0	0	0	0	280	0	2214	0	154	0	194	452	2382	0	0	0	298	0	0	0	186	0	304	0	10682	290	3918	2852	3358	1926	1158	102	1372	238	170	0	1850	0	1754	0	918	0	0	0	352	0	0	0	0	0	0	0	0	0	0	0	0	0	0	0	0	0	0	0	0	0	0	0	0	0	0	0	
774892	Supp_Motor_Area_R	20610	12040	14490	55592	264	0	2090	1788	0	0	3270	7288	1326	2888	524	888	2116	5382	36088	0	0	0	3226	12622	0	144	0	0	9092	9568	3350	9736	5152	45622	1416	6128	752	3986	498	1760	0	134	84	1228	0	1172	0	122	468	862	1516	496	826	0	944	1442	892	1006	212	400	0	0	0	0	0	0	948	5452	19976	16774	8970	17806	3140	9948	298	1104	354	8234	0	268	114	198	100	186	306	1076	0	0	458	236	0	0	0	0	0	0	0	0	0	0	0	0	0	0	0	0	0	0	0	0	0	0	0	0	0	0	
104184	Olfactory_L	0	0	842	0	3692	300	106	0	1058	0	0	0	278	0	3490	320	0	0	0	0	0	7372	0	0	0	724	5942	1902	4942	228	2696	2702	0	0	0	0	0	0	436	0	686	0	0	0	0	0	0	0	0	0	0	0	0	0	0	0	0	0	0	0	0	0	0	0	0	0	0	0	0	0	8866	3912	730	124	0	0	0	0	0	0	0	0	744	0	0	0	0	0	0	0	0	0	0	0	0	0	0	0	0	0	0	0	0	0	0	0	0	0	0	0	0	0	0	0	0	0	
103148	Olfactory_R	0	0	0	210	0	1886	0	0	0	342	0	0	0	124	0	2130	0	0	0	0	7372	0	0	0	0	1454	5128	5178	0	3204	2424	3786	0	0	0	0	0	216	0	108	0	1034	0	0	0	0	0	0	0	0	0	0	0	0	0	0	0	0	0	0	0	0	0	0	0	0	0	0	0	0	9078	6136	920	744	0	0	0	100	0	0	0	0	0	0	0	0	0	0	0	0	0	0	0	0	0	0	0	0	0	0	0	0	0	0	0	0	0	0	0	0	0	0	0	0	0	0	
479008	Frontal_Sup_Medial_L	1164	0	49436	12554	5620	392	21524	194	100	0	3936	0	5064	880	1174	206	634	0	8474	3226	0	0	0	27784	1418	948	0	136	5932	262	39882	18960	11888	10614	0	0	0	0	0	0	0	0	0	0	0	0	0	0	0	0	504	0	0	0	0	0	274	0	0	0	100	0	0	0	0	0	0	0	0	0	2206	706	2494	424	0	0	0	0	0	0	112	0	94	0	188	0	0	0	0	0	0	0	0	0	0	0	0	0	0	0	0	0	0	0	0	0	0	0	0	0	0	0	0	0	0	0	
463856	Frontal_Sup_Medial_R	438	0	8654	44682	552	3082	3198	2042	0	0	1292	390	946	1278	258	638	138	0	4670	12622	0	0	27784	0	836	7556	296	1038	1952	1278	16146	44184	5004	26278	0	0	0	0	0	0	0	0	0	0	0	0	0	0	0	0	336	0	0	0	0	0	128	0	0	0	0	0	0	0	0	0	0	0	0	0	1954	5442	676	6036	0	0	0	0	0	0	0	0	0	0	124	0	0	0	0	0	0	0	0	0	0	0	0	0	0	0	0	0	0	0	0	0	0	0	0	0	0	0	0	0	0	0	
28272	Frontal_Med_Orb_L	0	0	482	0	2716	194	0	0	124	0	0	0	0	0	0	0	0	0	0	0	0	0	1418	836	0	1484	2126	292	0	0	3530	816	0	0	0	0	0	0	0	0	0	0	0	0	0	0	0	0	0	0	0	0	0	0	0	0	0	0	0	0	0	0	0	0	0	0	0	0	0	0	118	0	0	0	0	0	0	0	0	0	0	0	0	0	0	0	0	0	0	0	0	0	0	0	0	0	0	0	0	0	0	0	0	0	0	0	0	0	0	0	0	0	0	0	0	0	
115064	Frontal_Med_Orb_R	0	0	90	3556	342	7292	0	0	0	0	0	0	0	144	0	118	0	0	0	144	724	1454	948	7556	1484	0	1512	8216	124	380	4792	10652	0	0	0	0	0	0	0	0	0	0	0	0	0	0	0	0	0	0	0	0	0	0	0	0	0	0	0	0	0	0	0	0	0	0	0	0	0	0	888	3924	96	3096	0	0	0	0	0	0	0	0	0	0	0	0	0	0	0	0	0	0	0	0	0	0	0	0	0	0	0	0	0	0	0	0	0	0	0	0	0	0	0	0	0	0	
79000	Rectus_L	0	0	90	0	3938	588	0	0	1194	0	0	0	0	0	804	270	0	0	0	0	5942	5128	0	296	2126	1512	0	2254	438	168	4088	2262	0	0	0	0	0	0	0	0	98	0	0	0	0	0	0	0	0	0	0	0	0	0	0	0	0	0	0	0	0	0	0	0	0	0	0	0	0	0	5338	2626	340	0	0	0	0	0	0	0	0	0	0	0	0	0	0	0	0	0	0	0	0	0	0	0	0	0	0	0	0	0	0	0	0	0	0	0	0	0	0	0	0	0	0	0	
93648	Rectus_R	0	0	0	532	0	8230	0	0	0	872	0	0	0	106	0	2366	0	0	0	0	1902	5178	136	1038	292	8216	2254	0	0	1884	2170	5996	0	0	0	0	0	0	0	0	0	0	0	0	0	0	0	0	0	0	0	0	0	0	0	0	0	0	0	0	0	0	0	0	0	0	0	0	0	0	1908	3050	86	608	0	0	0	0	0	0	0	0	0	0	0	0	0	0	0	0	0	0	0	0	0	0	0	0	0	0	0	0	0	0	0	0	0	0	0	0	0	0	0	0	0	0	
911444	Insula_L	11790	342	55846	16438	11128	0	28000	2866	6070	0	38200	1320	42468	2770	18914	98	26848	878	30604	9092	4942	0	5932	1952	0	124	438	0	0	1558	7886	2206	2228	4014	490	276	15922	274	3562	0	2858	0	0	0	0	0	0	0	600	0	3236	0	800	0	4726	0	3392	0	0	0	282	0	516	0	624	0	122	0	482	0	23298	3380	20146	704	0	0	1528	968	5688	0	7108	0	9394	0	3248	0	124	0	6836	0	0	0	0	0	0	0	0	0	186	0	0	0	0	0	0	0	0	0	0	0	0	0	0	0	0	0	
418148	Insula_R	212	6368	372	21240	0	1704	96	8364	0	1610	202	22278	186	15248	0	8652	0	12894	1046	9568	228	3204	262	1278	0	380	168	1884	1558	0	360	2052	114	898	84	368	84	9760	100	2964	0	3872	0	180	0	242	0	0	0	946	0	132	0	166	0	2496	0	3294	0	598	0	184	0	352	0	98	0	1288	0	1306	4200	16422	1360	20014	0	0	0	3040	0	3056	0	3722	0	934	0	3334	0	0	0	2052	0	0	0	0	0	0	0	0	0	0	0	0	0	0	0	0	0	0	0	0	0	0	0	0	0	0	
497456	Cingulum_Ant_L	1904	0	25296	11386	6588	1246	11760	354	188	0	5780	134	8130	1602	1744	180	430	0	11600	3350	2696	2424	39882	16146	3530	4792	4088	2170	7886	360	0	31156	8024	8284	0	0	0	0	0	0	0	0	0	0	0	0	0	0	86	0	1078	0	0	0	0	0	502	0	0	0	198	0	0	0	0	0	0	0	0	0	10558	3822	6966	1594	0	0	0	0	0	0	142	0	134	0	390	0	0	0	148	0	0	0	0	0	0	0	0	0	0	0	0	0	0	0	0	0	0	0	0	0	0	0	0	0	0	0	
543900	Cingulum_Ant_R	528	0	8142	35436	286	2540	2762	1456	0	0	1718	230	1676	1444	460	1032	186	0	8118	9736	2702	3786	18960	44184	816	10652	2262	5996	2206	2052	31156	0	5992	26082	0	0	0	0	0	0	0	0	0	0	0	0	0	0	0	0	420	0	0	0	0	0	142	0	0	0	0	0	0	0	0	0	0	0	0	0	7300	16760	2344	12236	0	0	0	0	0	0	0	0	0	0	152	0	0	0	0	0	0	0	0	0	0	0	0	0	0	0	0	0	0	0	0	0	0	0	0	0	0	0	0	0	0	0	
201620	Cingulum_Mid_L	1760	256	9520	2930	102	0	4024	176	0	0	232	0	1592	164	628	84	84	0	9664	5152	0	0	11888	5004	0	0	0	0	2228	114	8024	5992	0	12154	4270	520	134	0	90	0	0	0	132	0	288	0	0	0	1232	294	1422	0	0	0	0	0	250	0	420	0	292	0	0	0	278	0	2542	970	4368	432	308	0	406	0	146	0	244	0	0	0	0	0	0	0	0	0	0	0	0	0	0	0	0	0	0	0	0	0	0	0	0	0	0	0	0	0	0	0	0	0	0	0	0	0	0	0	
550360	Cingulum_Mid_R	5588	6478	10472	23410	506	0	1398	642	0	0	1868	364	900	920	398	568	408	0	17640	45622	0	0	10614	26278	0	0	0	0	4014	898	8284	26082	12154	0	1528	7146	0	248	0	196	0	0	0	2204	0	2710	0	230	84	2764	294	1350	98	156	112	102	90	5114	0	834	0	90	0	0	0	0	1020	11658	6100	17940	1918	1262	996	304	120	0	0	740	0	0	160	0	138	0	106	1476	0	0	88	298	0	0	0	0	0	0	0	0	0	0	0	0	0	0	0	0	0	0	0	0	0	0	0	0	0	0	
136128	Cingulum_Post_L	4844	1406	466	298	0	0	340	166	0	0	0	0	0	0	0	0	0	0	844	1416	0	0	0	0	0	0	0	0	490	84	0	0	4270	1528	0	7816	5760	3300	1758	280	0	0	2098	118	612	0	260	210	372	0	2230	0	2046	0	3526	0	92	152	0	0	0	0	0	0	0	0	6820	1472	3908	1164	0	0	0	0	0	0	1830	3894	466	0	0	0	0	0	286	112	0	0	1330	0	0	0	0	0	0	0	0	0	0	0	0	0	0	0	0	0	0	0	0	0	0	0	0	0	0	0	
179928	Cingulum_Post_R	1872	3338	156	308	0	0	174	220	0	0	0	0	0	0	0	0	0	0	0	6128	0	0	0	0	0	0	0	0	276	368	0	0	520	7146	7816	0	4116	7378	322	1242	0	0	0	2214	0	1900	0	2190	170	2118	636	664	226	164	328	494	0	2404	0	710	0	0	0	0	0	0	1628	13990	474	7056	0	0	0	86	0	0	2234	5054	430	202	0	0	0	0	180	2012	0	0	630	390	0	0	0	0	0	0	0	0	0	0	0	0	0	0	0	0	0	0	0	0	0	0	0	0	0	0	
266196	Hippocampus_L	6584	850	1834	1220	0	0	2056	476	0	0	126	0	84	0	0	0	752	0	1364	752	0	0	0	0	0	0	0	0	15922	84	0	0	134	0	5760	4116	0	2842	14540	206	8686	0	1868	0	0	0	1484	110	170	0	878	0	632	0	16382	0	86	0	0	0	0	0	0	0	0	0	3308	290	628	0	1676	92	5068	224	170	0	5012	4316	2284	0	2420	0	2916	0	1088	0	364	0	10426	0	340	0	0	0	140	0	746	0	1286	0	0	0	132	0	84	0	0	0	0	90	0	0	0	0	0	0	
321328	Hippocampus_R	862	9272	86	4728	0	0	164	3056	0	0	0	1416	0	104	0	0	0	1728	572	3986	0	216	0	0	0	0	0	0	274	9760	0	0	0	248	3300	7378	2842	0	418	24042	0	10638	0	1494	0	316	0	3140	0	392	0	278	0	668	192	19992	0	1056	0	278	0	300	0	0	0	0	266	6200	0	1972	170	2118	0	12748	0	138	1016	8582	276	1756	0	720	0	2098	0	3796	0	96	246	4944	0	0	0	0	0	0	0	124	0	202	0	0	0	0	0	0	0	0	0	0	0	0	0	0	0	0	
107132	ParaHippocampal_L	1302	156	612	890	368	0	686	426	156	0	0	90	0	0	214	0	0	0	504	498	436	0	0	0	0	0	0	0	3562	100	0	0	90	0	1758	322	14540	418	0	122	1944	0	1270	0	0	0	1170	178	0	0	250	0	0	0	5984	0	0	0	0	0	0	0	0	0	0	0	1842	148	180	0	1764	136	2254	222	0	0	406	702	0	0	96	0	488	0	0	0	268	0	440	0	1114	0	216	0	498	104	2012	0	1560	0	118	0	498	0	198	0	0	0	0	256	0	0	0	0	0	0	
161228	ParaHippocampal_R	146	1470	0	1198	0	0	0	554	0	0	0	674	0	0	0	0	0	0	314	1760	0	108	0	0	0	0	0	0	0	2964	0	0	0	196	280	1242	206	24042	122	0	0	6280	0	654	0	164	0	2070	0	178	0	100	0	694	0	16336	0	362	0	146	0	114	0	0	0	0	86	1974	0	868	0	1052	0	5636	0	106	0	1656	0	294	0	214	0	1556	0	1058	0	352	0	2444	0	0	0	0	0	0	0	562	0	296	0	0	0	0	0	0	0	0	0	86	0	0	0	0	0	0	
44904	Amygdala_L	0	0	226	0	340	0	0	0	122	0	0	0	0	0	374	0	0	0	0	0	686	0	0	0	0	0	98	0	2858	0	0	0	0	0	0	0	8686	0	1944	0	0	0	0	0	0	0	0	0	0	0	0	0	0	0	3780	0	0	0	0	0	0	0	0	0	0	0	0	0	0	0	0	0	352	0	0	0	134	0	0	0	0	0	1580	0	0	0	154	0	916	0	0	0	0	0	0	0	108	0	94	0	0	0	0	0	0	0	0	0	0	0	0	0	0	0	0	0	
66028	Amygdala_R	0	0	0	180	0	98	0	0	0	0	0	0	0	0	0	136	0	0	0	134	0	1034	0	0	0	0	0	0	0	3872	0	0	0	0	0	0	0	10638	0	6280	0	0	0	0	0	0	0	0	0	0	0	0	0	0	0	5756	0	0	0	0	0	0	0	0	0	0	0	0	0	0	0	138	0	1668	0	0	0	0	0	0	0	0	0	2380	0	0	0	144	0	556	0	0	0	0	0	0	0	0	0	0	0	0	0	0	0	0	0	0	0	0	0	0	0	0	0	0	
173492	Calcarine_L	336	0	166	0	0	0	198	0	0	0	0	0	0	0	0	0	0	0	110	84	0	0	0	0	0	0	0	0	0	0	0	0	132	0	2098	0	1868	0	1270	0	0	0	0	5468	7604	3268	7332	2168	4780	1044	24250	402	4156	166	2864	228	708	0	244	0	0	0	0	0	0	0	11134	232	2612	0	0	0	0	0	0	0	0	0	0	0	0	0	0	0	1180	0	0	0	546	0	98	0	0	0	0	0	0	0	0	0	0	0	0	0	0	0	0	0	0	0	0	0	0	0	0	0	
288512	Calcarine_R	0	930	0	0	0	0	0	0	0	0	0	0	0	0	0	0	0	0	0	1228	0	0	0	0	0	0	0	0	0	180	0	0	0	2204	118	2214	0	1494	0	654	0	0	5468	0	4056	25060	1314	22234	94	16696	0	12422	0	6146	0	8520	0	1096	0	794	0	0	0	0	0	0	128	20536	0	3856	0	0	0	0	0	0	0	84	0	0	0	0	0	0	0	3746	0	0	0	2068	0	0	0	0	0	0	88	172	132	156	0	0	0	0	0	0	0	0	0	0	178	190	0	0	0	0	
105904	Cuneus_L	192	0	0	0	0	0	0	0	0	0	0	0	0	0	0	0	0	0	0	0	0	0	0	0	0	0	0	0	0	0	0	0	288	0	612	0	0	0	0	0	0	0	7604	4056	0	5056	294	408	10942	1368	8738	246	874	0	820	100	236	0	1096	0	194	0	0	0	204	0	7452	250	1922	0	0	0	0	0	0	0	0	0	0	0	0	0	0	0	0	0	0	0	0	0	0	0	0	0	0	0	0	0	0	0	0	0	0	0	0	0	0	0	0	0	0	0	0	0	0	0	
308276	Cuneus_R	0	1376	0	0	0	0	0	84	0	0	0	0	0	0	0	0	0	0	0	1172	0	0	0	0	0	0	0	0	0	242	0	0	0	2710	0	1900	0	316	0	164	0	0	3268	25060	5056	0	370	5388	166	36514	106	16950	0	1362	0	2134	0	3206	0	6712	0	614	0	478	0	1566	550	20486	0	10142	0	0	0	0	0	0	0	0	0	0	0	110	0	0	0	5208	0	0	0	728	0	0	0	0	0	0	0	0	0	0	0	0	0	0	0	0	0	0	0	0	0	0	0	0	0	0	
196300	Lingual_L	156	0	0	0	0	0	0	0	0	0	0	0	0	0	0	0	0	0	0	0	0	0	0	0	0	0	0	0	0	0	0	0	0	0	260	0	1484	0	1170	0	0	0	7332	1314	294	370	0	3478	1076	458	7528	100	4516	274	14496	1146	0	0	0	0	0	0	0	0	0	0	2608	0	152	0	0	0	0	0	0	0	228	0	0	0	0	0	0	0	0	0	0	0	0	0	8838	310	1278	148	0	0	9130	1012	18116	1490	372	0	244	0	104	0	0	0	0	0	2518	4270	1880	0	0	0	
305876	Lingual_R	0	192	0	0	0	0	0	0	0	0	0	0	0	0	0	0	0	0	0	122	0	0	0	0	0	0	0	0	0	0	0	0	0	230	210	2190	110	3140	178	2070	0	0	2168	22234	408	5388	3478	0	0	4322	0	4428	112	7186	1470	20456	0	334	0	224	0	0	0	0	0	0	0	9462	0	836	0	0	0	0	0	0	0	172	0	0	0	0	0	0	0	842	0	0	0	1154	3804	1228	1098	154	156	222	3164	8884	7984	7484	984	0	1880	88	952	366	0	0	0	496	9216	9616	1166	464	310	106	
244944	Occipital_Sup_L	6348	380	1782	598	0	0	940	238	0	0	130	0	124	0	0	0	532	0	280	468	0	0	0	0	0	0	0	0	600	0	86	0	1232	84	372	170	170	0	0	0	0	0	4780	94	10942	166	1076	0	0	0	36100	0	2340	0	1378	0	4530	0	10996	0	3484	0	630	0	5616	0	11728	0	4678	0	1952	0	0	0	0	0	96	0	104	0	634	0	0	0	4846	0	0	0	1644	0	0	0	0	0	0	0	0	0	124	0	0	0	0	0	0	0	0	0	0	0	0	0	0	0	0	0	
392056	Occipital_Sup_R	0	2760	0	212	0	0	0	270	0	0	0	228	0	0	0	0	0	0	0	862	0	0	0	0	0	0	0	0	0	946	0	0	294	2764	0	2118	0	392	0	178	0	0	1044	16696	1368	36514	458	4322	0	0	0	23828	0	994	0	1202	0	8834	0	20130	0	1982	0	992	0	4246	118	30446	0	19934	0	96	0	0	0	0	0	128	0	96	0	342	0	0	0	9430	0	0	0	1804	0	0	0	0	0	0	0	0	0	0	0	0	0	0	0	0	0	0	0	0	0	0	0	0	0	0	
597936	Occipital_Mid_L	11680	706	6620	1424	0	0	6386	484	0	0	1114	0	1072	0	0	0	932	0	2214	1516	0	0	504	336	0	0	0	0	3236	0	1078	420	1422	294	2230	636	878	0	250	0	0	0	24250	0	8738	106	7528	0	36100	0	0	0	24632	0	7028	0	11702	0	22834	0	15940	0	632	0	27400	0	19370	0	10916	180	3344	0	0	86	0	0	290	124	196	0	944	0	0	0	21502	0	0	0	8574	0	650	0	0	0	0	0	0	0	374	0	0	0	0	0	0	0	0	0	0	0	0	96	0	0	0	0	
284248	Occipital_Mid_R	0	1060	0	0	0	0	0	0	0	0	0	0	0	0	0	0	0	0	0	496	0	0	0	0	0	0	0	0	0	132	0	0	0	1350	0	664	0	278	0	100	0	0	402	12422	246	16950	100	4428	0	23828	0	0	0	13164	0	5494	0	2822	0	4636	0	3424	0	2060	0	11998	0	13472	0	6326	0	0	0	0	0	0	0	0	0	0	0	146	0	0	0	12718	0	0	0	3408	0	0	0	0	0	0	0	0	0	0	0	0	0	0	0	0	0	0	0	0	0	0	0	0	0	0	
157452	Occipital_Inf_L	1510	202	358	694	0	0	380	84	0	0	0	0	0	0	0	0	110	0	154	826	0	0	0	0	0	0	0	0	800	0	0	0	0	98	2046	226	632	0	0	0	0	0	4156	0	874	0	4516	112	2340	0	24632	0	0	0	13890	88	714	0	170	0	522	0	0	0	2540	0	3196	0	920	140	158	0	0	0	0	0	0	90	94	0	180	0	0	0	3442	0	0	0	5612	0	1140	0	0	0	0	0	0	0	728	110	0	0	0	0	0	0	0	0	0	0	0	242	0	0	0	0	
143796	Occipital_Inf_R	0	290	0	0	0	0	0	0	0	0	0	0	0	0	0	0	0	0	0	0	0	0	0	0	0	0	0	0	0	166	0	0	0	156	0	164	0	668	0	694	0	0	166	6146	0	1362	274	7186	0	994	0	13164	0	0	0	17276	0	648	0	122	0	0	0	0	0	0	0	3072	0	962	0	0	0	0	0	0	0	134	0	0	0	0	0	0	0	3058	0	0	0	9466	176	0	0	0	0	0	340	228	650	1716	106	0	94	0	160	0	0	0	0	0	580	1388	292	0	0	0	
387452	Fusiform_L	1430	254	382	832	0	0	496	116	0	0	0	0	0	0	0	0	364	0	194	944	0	0	0	0	0	0	0	0	4726	0	0	0	0	112	3526	328	16382	192	5984	0	3780	0	2864	0	820	0	14496	1470	1378	0	7028	0	13890	0	0	632	512	0	0	0	274	0	0	0	474	0	4948	0	410	168	208	92	764	0	0	0	488	392	792	0	3250	0	1802	0	842	0	1526	0	16766	0	22966	196	2470	0	264	0	11148	988	29330	818	1442	0	2474	0	852	0	108	0	0	0	1984	1950	408	0	0	0	
438536	Fusiform_R	0	652	0	626	0	0	0	188	0	0	0	504	0	96	0	0	0	0	452	1442	0	0	0	0	0	0	0	0	0	2496	0	0	0	102	0	494	0	19992	0	16336	0	5756	228	8520	100	2134	1146	20456	0	1202	0	5494	88	17276	632	0	0	320	0	124	0	0	0	0	0	0	0	3180	0	686	0	1558	0	6204	0	86	0	386	0	168	0	514	0	4990	0	2840	0	1816	0	16914	1726	9250	554	464	0	696	2318	11420	4404	18380	834	0	1076	666	812	1018	0	0	0	864	7632	7340	1844	1014	634	124	
284268	Postcentral_L	26636	662	7756	656	0	0	2362	316	0	0	3678	234	764	0	0	0	9508	0	2382	892	0	0	274	128	0	0	0	0	3392	0	502	142	250	90	92	0	86	0	0	0	0	0	708	0	236	0	0	0	4530	0	11702	0	714	0	512	0	0	0	8900	0	22360	0	8580	0	3672	0	2976	0	5314	0	1438	218	0	334	0	96	0	234	2004	0	4036	0	208	0	1724	0	0	0	836	0	0	0	0	0	0	0	0	0	0	0	0	0	0	0	0	0	0	0	0	0	0	0	0	0	0	0	
296272	Postcentral_R	200	19340	0	2406	0	0	0	2994	0	0	0	5046	0	92	0	0	0	4604	0	1006	0	0	0	0	0	0	0	0	0	3294	0	0	0	5114	152	2404	0	1056	0	362	0	0	0	1096	0	3206	0	334	0	8834	0	2822	0	648	0	320	0	0	0	15162	0	6140	0	10368	0	1190	132	14874	0	21048	134	246	0	1780	0	98	298	866	0	214	0	1616	0	0	0	5896	0	0	0	2744	0	0	0	0	0	0	0	0	0	0	0	0	0	0	0	0	0	0	0	0	0	0	0	0	0	0	
170960	Parietal_Sup_L	1940	158	246	166	0	0	410	84	0	0	0	0	0	0	0	0	0	0	0	212	0	0	0	0	0	0	0	0	0	0	0	0	420	0	0	0	0	0	0	0	0	0	244	0	1096	0	0	0	10996	0	22834	0	170	0	0	0	8900	0	0	0	11236	0	0	0	8858	0	14514	0	2666	0	170	0	0	0	0	0	0	0	0	0	0	0	0	0	160	0	0	0	0	0	0	0	0	0	0	0	0	0	0	0	0	0	0	0	0	0	0	0	0	0	0	0	0	0	0	0	
245544	Parietal_Sup_R	0	3302	0	426	0	0	0	582	0	0	0	290	0	0	0	0	0	0	0	400	0	0	0	0	0	0	0	0	0	598	0	0	0	834	0	710	0	278	0	146	0	0	0	794	0	6712	0	224	0	20130	0	4636	0	122	0	124	0	15162	0	0	0	8316	0	630	0	4318	356	24422	0	19688	0	0	0	0	0	0	0	124	0	84	0	376	0	0	0	7424	0	0	0	1564	0	0	0	0	0	0	0	0	0	0	0	0	0	0	0	0	0	0	0	0	0	0	0	0	0	0	
220940	Parietal_Inf_L	3710	122	940	88	0	0	866	112	0	0	132	0	128	0	0	0	140	0	298	0	0	0	100	0	0	0	0	0	282	0	198	0	292	0	0	0	0	0	0	0	0	0	0	0	194	0	0	0	3484	0	15940	0	522	0	274	0	22360	0	11236	0	0	0	12368	0	22410	0	3154	0	624	0	402	0	0	0	0	0	0	0	368	0	620	0	0	0	5020	0	0	0	4086	0	0	0	0	0	0	0	0	0	0	0	0	0	0	0	0	0	0	0	0	0	0	0	0	0	0	0	
107324	Parietal_Inf_R	0	1396	0	326	0	0	0	416	0	0	0	0	0	0	0	0	0	0	0	0	0	0	0	0	0	0	0	0	0	184	0	0	0	90	0	0	0	300	0	114	0	0	0	0	0	614	0	0	0	1982	0	3424	0	0	0	0	0	6140	0	8316	0	0	0	6120	0	12294	0	1772	0	1612	0	0	0	0	0	0	0	0	0	0	0	918	0	0	0	6266	0	0	0	1378	0	0	0	0	0	0	0	0	0	0	0	0	0	0	0	0	0	0	0	0	0	0	0	0	0	0	
119744	SupraMarginal_L	266	0	178	0	0	0	106	0	0	0	0	0	0	0	0	0	1078	0	0	0	0	0	0	0	0	0	0	0	516	0	0	0	0	0	0	0	0	0	0	0	0	0	0	0	0	0	0	0	630	0	632	0	0	0	0	0	8580	0	0	0	12368	0	0	0	9570	0	0	0	0	0	106	0	0	0	0	0	0	0	2038	0	6952	0	0	0	9102	0	0	0	7750	0	0	0	0	0	0	0	0	0	0	0	0	0	0	0	0	0	0	0	0	0	0	0	0	0	0	0	
98560	SupraMarginal_R	0	1990	0	170	0	0	0	406	0	0	0	144	0	0	0	0	0	3062	0	0	0	0	0	0	0	0	0	0	0	352	0	0	0	0	0	0	0	0	0	0	0	0	0	0	0	478	0	0	0	992	0	2060	0	0	0	0	0	10368	0	630	0	6120	0	0	0	8804	0	720	0	1014	0	0	0	0	0	0	0	0	0	154	0	4550	0	0	0	5278	0	0	0	1988	0	0	0	0	0	0	0	0	0	0	0	0	0	0	0	0	0	0	0	0	0	0	0	0	0	0	
228656	Angular_L	924	0	636	94	0	0	582	0	0	0	114	0	106	0	0	0	368	0	186	0	0	0	0	0	0	0	0	0	624	0	0	0	278	0	0	0	0	0	0	0	0	0	0	0	204	0	0	0	5616	0	27400	0	2540	0	474	0	3672	0	8858	0	22410	0	9570	0	0	0	3844	0	518	0	208	0	0	0	0	0	0	0	1758	0	3368	0	0	0	12644	0	0	0	7162	0	86	0	0	0	0	0	0	0	84	0	0	0	0	0	0	0	0	0	0	0	0	0	0	0	0	0	
119104	Angular_R	0	620	0	0	0	0	0	100	0	0	0	0	0	0	0	0	0	0	0	0	0	0	0	0	0	0	0	0	0	98	0	0	0	0	0	0	0	0	0	0	0	0	0	0	0	1566	0	0	0	4246	0	11998	0	0	0	0	0	1190	0	4318	0	12294	0	8804	0	0	0	3110	0	2122	0	0	0	0	0	0	0	0	0	0	0	2072	0	0	0	6518	0	0	0	496	0	0	0	0	0	0	0	0	0	0	0	0	0	0	0	0	0	0	0	0	0	0	0	0	0	0	
231900	Precuneus_L	1406	276	314	172	0	0	302	114	0	0	0	0	0	0	0	0	0	0	304	948	0	0	0	0	0	0	0	0	122	0	0	0	2542	1020	6820	1628	3308	266	1842	86	0	0	11134	128	7452	550	2608	0	11728	118	19370	0	3196	0	4948	0	2976	132	14514	356	3154	0	0	0	3844	0	0	3220	3768	230	214	0	108	0	112	0	120	240	0	0	0	0	0	0	0	90	0	0	170	0	0	0	0	0	0	0	0	0	0	0	0	0	0	0	0	0	0	0	0	0	0	0	0	0	0	0	
507344	Precuneus_R	176	6158	0	270	0	0	0	414	0	0	0	342	0	0	0	0	0	0	0	5452	0	0	0	0	0	0	0	0	0	1288	0	0	970	11658	1472	13990	290	6200	148	1974	0	0	232	20536	250	20486	0	9462	0	30446	0	13472	0	3072	0	3180	0	14874	0	24422	0	1772	0	720	0	3110	3220	0	198	34722	0	120	0	0	0	0	0	444	0	346	0	446	0	0	0	12718	0	0	0	4622	0	0	0	0	0	0	0	0	0	0	0	0	0	0	0	0	0	0	0	0	0	0	0	0	0	0	
313304	Paracentral_Lobule_L	39190	9200	8440	1538	0	0	660	1246	0	0	0	132	0	0	0	0	0	0	10682	19976	0	0	0	0	0	0	0	0	482	0	0	0	4368	6100	3908	474	628	0	180	0	0	0	2612	0	1922	0	152	0	4678	0	10916	0	920	0	410	0	5314	0	2666	0	624	0	0	0	518	0	3768	198	0	2622	882	922	1372	150	1428	0	6102	934	0	0	0	0	0	0	192	0	0	0	146	0	0	0	0	0	0	0	0	0	0	0	0	0	0	0	0	0	0	0	0	0	0	0	0	0	0	0	
429900	Paracentral_Lobule_R	2374	15768	166	382	0	0	0	534	0	0	0	418	0	0	0	0	0	166	290	16774	0	0	0	0	0	0	0	0	0	1306	0	0	432	17940	1164	7056	0	1972	0	868	0	0	0	3856	0	10142	0	836	0	19934	180	6326	140	962	168	686	0	21048	0	19688	0	1612	0	1014	0	2122	230	34722	2622	0	0	1058	100	0	94	0	0	1182	0	272	0	572	0	0	96	13896	0	0	148	3634	0	0	0	0	0	0	0	0	0	0	0	0	0	0	0	0	0	0	0	0	0	0	0	0	0	0	
450760	Caudate_L	2016	1512	5508	20694	1230	322	560	5516	270	0	5960	1870	5126	5752	2402	542	2416	1110	3918	8970	8866	9078	2206	1954	118	888	5338	1908	23298	4200	10558	7300	308	1918	0	0	1676	170	1764	0	0	0	0	0	0	0	0	0	1952	0	3344	0	158	0	208	0	1438	134	170	0	402	0	106	0	208	0	214	0	882	0	0	20984	24540	3692	1762	0	4964	1296	0	0	118	0	0	0	1016	0	0	0	550	0	0	0	0	0	0	0	0	0	0	0	0	0	0	0	0	0	0	0	0	0	0	0	0	0	0	0	
460272	Caudate_R	1380	2066	956	26608	118	3228	262	4108	0	248	612	8792	724	9016	356	1780	252	3482	2852	17806	3912	6136	706	5442	0	3924	2626	3050	3380	16422	3822	16760	0	1262	0	0	92	2118	136	1052	0	138	0	0	0	0	0	0	0	96	0	0	0	0	92	1558	218	246	0	0	0	0	0	0	0	0	0	120	922	1058	20984	0	5564	27946	84	1180	798	12936	0	0	0	126	0	430	0	0	0	0	0	154	0	0	0	0	0	0	0	0	0	0	0	0	0	0	0	0	0	0	0	0	0	0	0	0	0	0	
290480	Putamen_L	5636	242	10778	6536	7488	0	3924	1414	2348	0	4416	362	2400	2692	2620	0	296	0	3358	3140	730	920	2494	676	0	96	340	86	20146	1360	6966	2344	406	996	0	0	5068	0	2254	0	352	0	0	0	0	0	0	0	0	0	0	0	0	0	764	0	0	0	0	0	0	0	0	0	0	0	108	0	1372	100	24540	5564	0	1466	4570	0	2478	452	132	0	88	0	550	0	0	0	0	0	172	0	0	0	0	0	0	0	0	0	0	0	0	0	0	0	0	0	0	0	0	0	0	0	0	0	0	0	
367520	Putamen_R	750	4062	404	20798	0	4602	156	4950	0	2092	116	7716	164	2638	86	1762	0	1554	1926	9948	124	744	424	6036	0	3096	0	608	704	20014	1594	12236	0	304	0	86	224	12748	222	5636	0	1668	0	0	0	0	0	0	0	0	86	0	0	0	0	6204	334	1780	0	0	0	0	0	0	0	0	0	0	150	0	3692	27946	1466	0	0	2448	112	7830	0	186	0	208	0	418	0	118	0	0	0	590	0	0	0	0	0	0	0	0	0	0	0	0	0	0	0	0	0	0	0	0	0	0	0	0	0	0	
32524	Pallidum_L	2014	154	1872	0	0	0	596	0	0	0	0	0	0	0	0	0	0	0	1158	298	0	0	0	0	0	0	0	0	0	0	0	0	146	120	0	0	170	0	0	0	0	0	0	0	0	0	0	0	0	0	0	0	0	0	0	0	0	0	0	0	0	0	0	0	0	0	112	0	1428	94	1762	84	4570	0	0	0	1684	0	0	0	0	0	0	0	0	0	0	0	0	0	0	0	0	0	0	0	0	0	0	0	0	0	0	0	0	0	0	0	0	0	0	0	0	0	0	0	
13356	Pallidum_R	182	224	0	826	0	0	0	0	0	0	0	88	0	0	0	0	0	0	102	1104	0	0	0	0	0	0	0	0	0	0	0	0	0	0	0	0	0	138	0	106	0	0	0	0	0	0	0	0	0	0	0	0	0	0	0	86	96	98	0	0	0	0	0	0	0	0	0	0	0	0	0	1180	0	2448	0	0	0	0	0	0	0	0	0	0	0	0	0	0	0	0	0	0	0	0	0	0	0	0	0	0	0	0	0	0	0	0	0	0	0	0	0	0	0	0	0	0	
128420	Thalamus_L	11148	2936	4100	396	0	0	1948	630	0	0	130	118	0	0	0	0	0	0	1372	354	0	0	0	0	0	0	0	0	1528	0	0	0	244	0	1830	2234	5012	1016	406	0	134	0	0	0	0	0	228	0	96	0	290	0	0	0	488	0	0	298	0	0	0	0	0	0	0	0	120	0	6102	0	4964	798	2478	112	1684	0	0	8204	958	0	110	0	0	0	436	0	0	0	1308	0	0	0	0	0	0	0	0	0	0	0	0	0	0	0	0	0	0	0	0	0	0	0	0	0	0	0	
201712	Thalamus_R	2288	8008	254	9662	0	0	214	2380	0	0	0	1136	0	120	0	0	122	898	238	8234	0	100	0	0	0	0	0	0	968	3040	0	0	0	740	3894	5054	4316	8582	702	1656	0	0	0	84	0	0	0	172	0	128	124	0	90	134	392	386	234	866	0	124	0	0	0	0	0	0	240	444	934	1182	1296	12936	452	7830	0	0	8204	0	426	90	0	102	0	0	0	386	0	0	478	516	0	0	0	0	0	0	0	0	0	0	0	0	0	0	0	0	0	0	0	0	0	0	0	0	0	0	
85800	Heschl_L	2418	0	1484	90	0	0	954	0	0	0	202	0	0	0	0	0	3916	0	170	0	0	0	0	0	0	0	0	0	5688	0	0	0	0	0	466	430	2284	276	0	0	0	0	0	0	0	0	0	0	104	0	196	0	94	0	792	0	2004	0	0	0	368	0	2038	0	1758	0	0	0	0	0	0	0	132	0	0	0	958	426	0	0	5652	0	0	0	5500	0	0	0	4500	0	0	0	0	0	0	0	0	0	0	0	0	0	0	0	0	0	0	0	0	0	0	0	0	0	0	0	
27664	Heschl_R	0	472	0	304	0	0	0	134	0	0	0	284	0	0	0	0	0	2094	0	268	0	0	0	0	0	0	0	0	0	3056	0	0	0	0	0	202	0	1756	0	294	0	0	0	0	0	0	0	0	0	96	0	0	0	0	0	168	0	214	0	84	0	0	0	154	0	0	0	346	0	272	0	0	0	186	0	0	0	90	0	0	0	2332	0	0	0	692	0	0	0	334	0	0	0	0	0	0	0	0	0	0	0	0	0	0	0	0	0	0	0	0	0	0	0	0	0	0	
226592	Temporal_Sup_L	2866	0	2956	208	0	0	924	0	0	0	4684	0	2032	0	552	0	10332	0	1850	114	0	0	112	0	0	0	0	0	7108	0	142	0	0	160	0	0	2420	0	96	0	0	0	0	0	0	0	0	0	634	0	944	0	180	0	3250	0	4036	0	0	0	620	0	6952	0	3368	0	0	0	0	0	118	0	88	0	0	0	110	0	5652	0	0	0	7774	0	27066	0	108	0	15840	0	0	0	0	0	0	0	0	0	0	0	0	0	0	0	0	0	0	0	0	0	0	0	0	0	0	0	
85640	Temporal_Sup_R	0	988	0	308	0	0	0	172	0	0	0	504	0	0	0	0	0	2934	0	198	0	0	0	0	0	0	0	0	0	3722	0	0	0	0	0	0	0	720	0	214	0	0	0	0	0	110	0	0	0	342	0	146	0	0	0	514	0	1616	0	376	0	918	0	4550	0	2072	0	446	0	572	0	126	0	208	0	0	0	102	0	2332	0	0	0	3896	0	11108	0	444	0	3182	0	0	0	0	0	0	0	0	0	0	0	0	0	0	0	0	0	0	0	0	0	0	0	0	0	0	
127108	Temporal_Pole_Sup_L	950	0	2492	130	144	0	684	0	768	0	3498	0	2184	0	2960	0	3044	0	1754	100	744	0	94	0	0	0	0	0	9394	0	134	0	0	138	0	0	2916	0	488	0	1580	0	0	0	0	0	0	0	0	0	0	0	0	0	1802	0	208	0	0	0	0	0	0	0	0	0	0	0	0	0	0	0	550	0	0	0	0	0	0	0	7774	0	0	0	8676	0	5214	0	5134	0	0	0	0	0	0	0	0	0	0	0	0	0	0	0	0	0	0	0	0	0	0	0	0	0	0	0	
59988	Temporal_Pole_Sup_R	0	0	0	232	0	0	0	0	0	0	0	616	0	0	0	0	0	654	0	186	0	0	0	0	0	0	0	0	0	934	0	0	0	0	0	0	0	2098	0	1556	0	2380	0	0	0	0	0	0	0	0	0	0	0	0	0	4990	0	0	0	0	0	0	0	0	0	0	0	0	0	0	0	430	0	418	0	0	0	0	0	0	0	3896	0	0	0	3590	0	3292	0	4722	0	0	0	0	0	0	0	0	0	0	0	0	0	0	0	0	0	0	0	0	0	0	0	0	0	0	
338276	Temporal_Mid_L	3864	0	3112	306	0	0	2900	110	0	0	698	0	454	0	0	0	2408	0	918	306	0	0	188	124	0	0	0	0	3248	0	390	152	0	106	286	180	1088	0	0	0	0	0	1180	0	0	0	0	0	4846	0	21502	0	3442	0	842	0	1724	0	160	0	5020	0	9102	0	12644	0	0	0	192	96	1016	0	0	0	0	0	436	0	5500	0	27066	0	8676	0	0	0	4280	0	40576	0	0	0	0	0	0	0	0	0	0	0	0	0	0	0	0	0	0	0	0	0	0	0	0	0	0	0	
316136	Temporal_Mid_R	0	7154	0	834	0	0	0	950	0	0	0	394	0	0	0	0	0	288	0	1076	0	0	0	0	0	0	0	0	0	3334	0	0	0	1476	112	2012	0	3796	0	1058	0	0	0	3746	0	5208	0	842	0	9430	0	12718	0	3058	0	2840	0	5896	0	7424	0	6266	0	5278	0	6518	90	12718	0	13896	0	0	0	118	0	0	0	386	0	692	0	11108	0	3590	0	0	0	1358	0	22404	0	0	0	0	0	0	0	0	0	0	0	0	0	0	0	0	0	0	0	0	0	0	0	0	0	0	
33832	Temporal_Pole_Mid_L	0	0	0	0	0	0	0	0	0	0	0	0	0	0	0	0	0	0	0	0	0	0	0	0	0	0	0	0	124	0	0	0	0	0	0	0	364	0	268	0	154	0	0	0	0	0	0	0	0	0	0	0	0	0	1526	0	0	0	0	0	0	0	0	0	0	0	0	0	0	0	0	0	0	0	0	0	0	0	0	0	108	0	5214	0	4280	0	0	0	4878	0	0	0	0	0	0	0	0	0	0	0	0	0	0	0	0	0	0	0	0	0	0	0	0	0	0	0	
19444	Temporal_Pole_Mid_R	0	0	0	0	0	0	0	0	0	0	0	0	0	0	0	0	0	0	0	0	0	0	0	0	0	0	0	0	0	0	0	0	0	0	0	0	0	96	0	352	0	144	0	0	0	0	0	0	0	0	0	0	0	0	0	1816	0	0	0	0	0	0	0	0	0	0	0	0	0	0	0	0	0	0	0	0	0	0	0	0	0	444	0	3292	0	1358	0	0	0	2220	0	0	0	0	0	0	0	0	0	0	0	0	0	0	0	0	0	0	0	0	0	0	0	0	0	0	
313788	Temporal_Inf_L	1444	0	1434	424	0	0	1274	0	0	0	136	0	132	0	0	0	1864	0	352	458	0	0	0	0	0	0	0	0	6836	0	148	0	0	88	1330	630	10426	246	440	0	916	0	546	0	0	0	0	0	1644	0	8574	0	5612	0	16766	0	836	0	0	0	4086	0	7750	0	7162	0	170	0	146	148	550	0	172	0	0	0	1308	478	4500	0	15840	0	5134	0	40576	0	4878	0	0	0	886	0	98	0	0	0	0	0	362	0	0	0	94	0	0	0	0	0	0	0	0	0	0	0	0	0	
203084	Temporal_Inf_R	0	2928	0	284	0	0	0	348	0	0	0	0	0	0	0	0	0	130	0	236	0	0	0	0	0	0	0	0	0	2052	0	0	0	298	0	390	0	4944	0	2444	0	556	0	2068	0	728	0	1154	0	1804	0	3408	0	9466	0	16914	0	2744	0	1564	0	1378	0	1988	0	496	0	4622	0	3634	0	154	0	590	0	0	0	516	0	334	0	3182	0	4722	0	22404	0	2220	0	0	0	444	0	0	0	0	0	0	0	144	0	0	0	140	0	114	0	0	0	0	0	0	0	0	0	0	
447776	Cerebelum_Crus1_L	0	0	0	0	0	0	0	0	0	0	0	0	0	0	0	0	0	0	0	0	0	0	0	0	0	0	0	0	0	0	0	0	0	0	0	0	340	0	1114	0	0	0	98	0	0	0	8838	3804	0	0	650	0	1140	176	22966	1726	0	0	0	0	0	0	0	0	86	0	0	0	0	0	0	0	0	0	0	0	0	0	0	0	0	0	0	0	0	0	0	0	886	0	0	1078	30202	676	748	0	16800	3080	57060	2588	16338	112	25242	150	8118	314	2142	0	128	140	4180	6102	3722	1802	1216	126	
388052	Cerebelum_Crus1_R	0	0	0	0	0	0	0	0	0	0	0	0	0	0	0	0	0	0	0	0	0	0	0	0	0	0	0	0	0	0	0	0	0	0	0	0	0	0	0	0	0	0	0	0	0	0	310	1228	0	0	0	0	0	0	196	9250	0	0	0	0	0	0	0	0	0	0	0	0	0	0	0	0	0	0	0	0	0	0	0	0	0	0	0	0	0	0	0	0	0	444	1078	0	1682	25498	172	2908	1328	19506	1560	46592	1314	4110	2108	25834	494	13406	0	1008	148	1464	6672	2832	11538	6642	4058	646	
344540	Cerebelum_Crus2_L	0	0	0	0	0	0	0	0	0	0	0	0	0	0	0	0	0	0	0	0	0	0	0	0	0	0	0	0	0	0	0	0	0	0	0	0	0	0	216	0	0	0	0	0	0	0	1278	1098	0	0	0	0	0	0	2470	554	0	0	0	0	0	0	0	0	0	0	0	0	0	0	0	0	0	0	0	0	0	0	0	0	0	0	0	0	0	0	0	0	98	0	30202	1682	0	5716	0	0	974	804	8516	1110	42820	3460	41738	2246	8548	304	1482	0	0	0	780	2434	7316	5150	1166	108	
254456	Cerebelum_Crus2_R	0	0	0	0	0	0	0	0	0	0	0	0	0	0	0	0	0	0	0	0	0	0	0	0	0	0	0	0	0	0	0	0	0	0	0	0	0	0	0	0	0	0	0	0	0	0	148	154	0	0	0	0	0	0	0	464	0	0	0	0	0	0	0	0	0	0	0	0	0	0	0	0	0	0	0	0	0	0	0	0	0	0	0	0	0	0	0	0	0	0	676	25498	5716	0	0	0	0	178	396	4886	3776	19418	3600	30974	106	8820	0	124	0	0	0	942	10776	8150	1970	456	
27068	Cerebelum_3_L	0	0	0	0	0	0	0	0	0	0	0	0	0	0	0	0	0	0	0	0	0	0	0	0	0	0	0	0	0	0	0	0	0	0	0	0	140	0	498	0	0	0	0	0	0	0	0	156	0	0	0	0	0	0	264	0	0	0	0	0	0	0	0	0	0	0	0	0	0	0	0	0	0	0	0	0	0	0	0	0	0	0	0	0	0	0	0	0	0	0	748	172	0	0	0	96	6104	244	1090	260	0	0	266	0	896	0	0	0	498	1032	1070	0	0	0	0	0	
44836	Cerebelum_3_R	0	0	0	0	0	0	0	0	0	0	0	0	0	0	0	0	0	0	0	0	0	0	0	0	0	0	0	0	0	0	0	0	0	0	0	0	0	0	104	0	0	0	0	0	0	0	0	222	0	0	0	0	0	0	0	696	0	0	0	0	0	0	0	0	0	0	0	0	0	0	0	0	0	0	0	0	0	0	0	0	0	0	0	0	0	0	0	0	0	0	0	2908	0	0	96	0	274	6324	130	7034	0	0	0	320	0	214	0	0	214	2270	1228	256	0	0	128	0	
251440	Cerebelum_4_5_L	0	0	0	0	0	0	0	0	0	0	0	0	0	0	0	0	0	0	0	0	0	0	0	0	0	0	0	0	0	0	0	0	0	0	0	0	746	0	2012	0	108	0	0	88	0	0	9130	3164	0	0	0	0	0	340	11148	2318	0	0	0	0	0	0	0	0	0	0	0	0	0	0	0	0	0	0	0	0	0	0	0	0	0	0	0	0	0	0	0	0	0	0	16800	1328	974	0	6104	274	0	4576	31478	3978	1902	0	3526	0	5280	674	124	0	404	990	13478	3350	110	108	402	806	
248252	Cerebelum_4_5_R	0	0	0	0	0	0	0	0	0	0	0	0	0	0	0	0	0	0	0	0	0	0	0	0	0	0	0	0	0	0	0	0	0	0	0	0	0	124	0	562	0	0	0	172	0	0	1012	8884	0	0	0	0	0	228	988	11420	0	0	0	0	0	0	0	0	0	0	0	0	0	0	0	0	0	0	0	0	0	0	0	0	0	0	0	0	0	0	0	0	0	0	3080	19506	804	178	244	6324	4576	0	6178	30094	528	0	1446	778	756	766	0	0	0	2702	16476	5056	376	302	338	228	
489660	Cerebelum_6_L	0	0	0	0	0	0	0	0	0	0	0	0	0	0	0	0	0	0	0	0	0	0	0	0	0	0	0	0	186	0	0	0	0	0	0	0	1286	0	1560	0	94	0	0	132	0	0	18116	7984	124	0	374	0	728	650	29330	4404	0	0	0	0	0	0	0	0	84	0	0	0	0	0	0	0	0	0	0	0	0	0	0	0	0	0	0	0	0	0	0	0	362	0	57060	1560	8516	396	1090	130	31478	6178	0	6178	8334	0	15122	0	8846	1004	2094	0	138	252	12178	12930	3540	778	902	712	
413596	Cerebelum_6_R	0	0	0	0	0	0	0	0	0	0	0	0	0	0	0	0	0	0	0	0	0	0	0	0	0	0	0	0	0	0	0	0	0	0	0	0	0	202	0	296	0	0	0	156	0	0	1490	7484	0	0	0	0	110	1716	818	18380	0	0	0	0	0	0	0	0	0	0	0	0	0	0	0	0	0	0	0	0	0	0	0	0	0	0	0	0	0	0	0	0	0	144	2588	46592	1110	4886	260	7034	3978	30094	6178	0	1286	186	1766	8514	1330	8908	0	1692	356	3076	12284	10534	10680	6318	5480	872	
305236	Cerebelum_7b_L	0	0	0	0	0	0	0	0	0	0	0	0	0	0	0	0	0	0	0	0	0	0	0	0	0	0	0	0	0	0	0	0	0	0	0	0	0	0	118	0	0	0	0	0	0	0	372	984	0	0	0	0	0	106	1442	834	0	0	0	0	0	0	0	0	0	0	0	0	0	0	0	0	0	0	0	0	0	0	0	0	0	0	0	0	0	0	0	0	0	0	16338	1314	42820	3776	0	0	1902	528	8334	1286	0	3082	43674	3036	8132	424	1510	0	0	0	624	1718	4122	5630	512	0	
122796	Cerebelum_7b_R	0	0	0	0	0	0	0	0	0	0	0	0	0	0	0	0	0	0	0	0	0	0	0	0	0	0	0	0	0	0	0	0	0	0	0	0	0	0	0	0	0	0	0	0	0	0	0	0	0	0	0	0	0	0	0	0	0	0	0	0	0	0	0	0	0	0	0	0	0	0	0	0	0	0	0	0	0	0	0	0	0	0	0	0	0	0	0	0	0	0	112	4110	3460	19418	0	0	0	0	0	186	3082	0	2338	20304	0	1306	0	0	0	0	0	0	2438	4644	0	0	
396080	Cerebelum_8_L	0	0	0	0	0	0	0	0	0	0	0	0	0	0	0	0	0	0	0	0	0	0	0	0	0	0	0	0	0	0	0	0	0	0	0	0	132	0	498	0	0	0	0	0	0	0	244	1880	0	0	0	0	0	94	2474	1076	0	0	0	0	0	0	0	0	0	0	0	0	0	0	0	0	0	0	0	0	0	0	0	0	0	0	0	0	0	0	0	0	94	0	25242	2108	41738	3600	266	0	3526	1446	15122	1766	43674	2338	0	4518	19700	1714	2986	0	0	0	1556	2864	4872	10090	2294	128	
271552	Cerebelum_8_R	0	0	0	0	0	0	0	0	0	0	0	0	0	0	0	0	0	0	0	0	0	0	0	0	0	0	0	0	0	0	0	0	0	0	0	0	0	0	0	0	0	0	0	0	0	0	0	88	0	0	0	0	0	0	0	666	0	0	0	0	0	0	0	0	0	0	0	0	0	0	0	0	0	0	0	0	0	0	0	0	0	0	0	0	0	0	0	0	0	140	150	25834	2246	30974	0	320	0	778	0	8514	3036	20304	4518	0	270	20826	0	1070	0	176	270	282	4578	8858	1790	88	
163608	Cerebelum_9_L	0	0	0	0	0	0	0	0	0	0	0	0	0	0	0	0	0	0	0	0	0	0	0	0	0	0	0	0	0	0	0	0	0	0	0	0	84	0	198	0	0	0	0	0	0	0	104	952	0	0	0	0	0	160	852	812	0	0	0	0	0	0	0	0	0	0	0	0	0	0	0	0	0	0	0	0	0	0	0	0	0	0	0	0	0	0	0	0	0	0	8118	494	8548	106	896	0	5280	756	8846	1330	8132	0	19700	270	0	1018	2972	0	0	186	3522	2390	946	2112	2350	670	
193192	Cerebelum_9_R	0	0	0	0	0	0	0	0	0	0	0	0	0	0	0	0	0	0	0	0	0	0	0	0	0	0	0	0	0	0	0	0	0	0	0	0	0	0	0	0	0	0	0	0	0	0	0	366	0	0	0	0	0	0	0	1018	0	0	0	0	0	0	0	0	0	0	0	0	0	0	0	0	0	0	0	0	0	0	0	0	0	0	0	0	0	0	0	0	0	114	314	13406	304	8820	0	214	674	766	1004	8908	424	1306	1714	20826	1018	0	0	2062	0	238	1314	3978	6820	8454	9884	2650	
27084	Cerebelum_10_L	0	0	0	0	0	0	0	0	0	0	0	0	0	0	0	0	0	0	0	0	0	0	0	0	0	0	0	0	0	0	0	0	0	0	0	0	0	0	0	0	0	0	0	0	0	0	0	0	0	0	0	0	0	0	108	0	0	0	0	0	0	0	0	0	0	0	0	0	0	0	0	0	0	0	0	0	0	0	0	0	0	0	0	0	0	0	0	0	0	0	2142	0	1482	0	0	0	124	0	2094	0	1510	0	2986	0	2972	0	0	0	0	0	0	124	0	0	0	0	
15324	Cerebelum_10_R	0	0	0	0	0	0	0	0	0	0	0	0	0	0	0	0	0	0	0	0	0	0	0	0	0	0	0	0	0	0	0	0	0	0	0	0	0	0	0	0	0	0	0	0	0	0	0	0	0	0	0	0	0	0	0	0	0	0	0	0	0	0	0	0	0	0	0	0	0	0	0	0	0	0	0	0	0	0	0	0	0	0	0	0	0	0	0	0	0	0	0	1008	0	124	0	0	0	0	0	1692	0	0	0	1070	0	2062	0	0	0	0	0	150	520	556	480	0	
13232	Vermis_1_2	0	0	0	0	0	0	0	0	0	0	0	0	0	0	0	0	0	0	0	0	0	0	0	0	0	0	0	0	0	0	0	0	0	0	0	0	0	0	0	0	0	0	0	0	0	0	0	0	0	0	0	0	0	0	0	0	0	0	0	0	0	0	0	0	0	0	0	0	0	0	0	0	0	0	0	0	0	0	0	0	0	0	0	0	0	0	0	0	0	0	128	148	0	0	498	214	404	0	138	356	0	0	0	0	0	0	0	0	0	3934	796	0	0	0	0	0	
41900	Vermis_3	0	0	0	0	0	0	0	0	0	0	0	0	0	0	0	0	0	0	0	0	0	0	0	0	0	0	0	0	0	0	0	0	0	0	0	0	90	0	256	86	0	0	0	0	0	0	0	496	0	0	0	0	0	0	0	864	0	0	0	0	0	0	0	0	0	0	0	0	0	0	0	0	0	0	0	0	0	0	0	0	0	0	0	0	0	0	0	0	0	0	140	1464	0	0	1032	2270	990	2702	252	3076	0	0	0	176	186	238	0	0	3934	0	2364	236	0	0	98	0	
