data	data	419920	205908	1.17511e+06	814760	180984	70868	693212	331060	103268	23052	280044	177844	327232	183240	228436	132512	341932	109856	700276	751276	71652	79616	566264	465812	98604	114736	63532	92332	612960	254976	355848	524624	213136	633760	107124	139248	249732	369912	81932	235864	25496	43496	269612	387560	201420	345928	266292	318456	159756	409260	425304	372452	227696	159052	351424	391076	292300	187004	168096	173208	192960	115500	115736	100140	119396	132768	256024	408584	133268	154248	258056	357168	291612	345136	45276	18952	134388	137036	100260	21960	257172	87776	85332	48812	265640	170692	15708	10268	337228	202280	291096	334408	173796	237648	15364	65300	207212	212700	279208	299948	125320	90820	188160	172632	79816	129648	11428	1396	11888	45020	216916	155960	149740	104536	97276	34916	
data	data	Precentral_L	Precentral_R	Frontal_Sup_L	Frontal_Sup_R	Frontal_Sup_Orb_L	Frontal_Sup_Orb_R	Frontal_Mid_L	Frontal_Mid_R	Frontal_Mid_Orb_L	Frontal_Mid_Orb_R	Frontal_Inf_Oper_L	Frontal_Inf_Oper_R	Frontal_Inf_Tri_L	Frontal_Inf_Tri_R	Frontal_Inf_Orb_L	Frontal_Inf_Orb_R	Rolandic_Oper_L	Rolandic_Oper_R	Supp_Motor_Area_L	Supp_Motor_Area_R	Olfactory_L	Olfactory_R	Frontal_Sup_Medial_L	Frontal_Sup_Medial_R	Frontal_Med_Orb_L	Frontal_Med_Orb_R	Rectus_L	Rectus_R	Insula_L	Insula_R	Cingulum_Ant_L	Cingulum_Ant_R	Cingulum_Mid_L	Cingulum_Mid_R	Cingulum_Post_L	Cingulum_Post_R	Hippocampus_L	Hippocampus_R	ParaHippocampal_L	ParaHippocampal_R	Amygdala_L	Amygdala_R	Calcarine_L	Calcarine_R	Cuneus_L	Cuneus_R	Lingual_L	Lingual_R	Occipital_Sup_L	Occipital_Sup_R	Occipital_Mid_L	Occipital_Mid_R	Occipital_Inf_L	Occipital_Inf_R	Fusiform_L	Fusiform_R	Postcentral_L	Postcentral_R	Parietal_Sup_L	Parietal_Sup_R	Parietal_Inf_L	Parietal_Inf_R	SupraMarginal_L	SupraMarginal_R	Angular_L	Angular_R	Precuneus_L	Precuneus_R	Paracentral_Lobule_L	Paracentral_Lobule_R	Caudate_L	Caudate_R	Putamen_L	Putamen_R	Pallidum_L	Pallidum_R	Thalamus_L	Thalamus_R	Heschl_L	Heschl_R	Temporal_Sup_L	Temporal_Sup_R	Temporal_Pole_Sup_L	Temporal_Pole_Sup_R	Temporal_Mid_L	Temporal_Mid_R	Temporal_Pole_Mid_L	Temporal_Pole_Mid_R	Temporal_Inf_L	Temporal_Inf_R	Cerebelum_Crus1_L	Cerebelum_Crus1_R	Cerebelum_Crus2_L	Cerebelum_Crus2_R	Cerebelum_3_L	Cerebelum_3_R	Cerebelum_4_5_L	Cerebelum_4_5_R	Cerebelum_6_L	Cerebelum_6_R	Cerebelum_7b_L	Cerebelum_7b_R	Cerebelum_8_L	Cerebelum_8_R	Cerebelum_9_L	Cerebelum_9_R	Cerebelum_10_L	Cerebelum_10_R	Vermis_1_2	Vermis_3	Vermis_4_5	Vermis_6	Vermis_7	Vermis_8	Vermis_9	Vermis_10	
419920	Precentral_L	0	686	23032	2304	0	0	25810	106	0	0	10546	0	2034	0	0	0	19356	0	8100	4388	0	0	0	0	0	0	0	0	12966	0	0	0	0	830	1162	838	7438	296	0	0	0	0	324	0	0	0	0	0	0	0	1618	0	758	0	1152	0	29474	0	946	0	1988	0	3524	0	320	0	528	0	9922	1096	3336	1038	6490	0	1418	0	8208	1426	5244	0	6062	0	524	0	1914	0	0	0	2758	0	0	0	0	0	0	0	0	0	0	0	0	0	0	0	0	0	0	0	0	0	0	0	0	0	0	0	
205908	Precentral_R	686	0	2004	7932	0	0	0	8144	0	0	0	5068	0	0	0	142	168	332	632	9246	0	0	0	0	0	0	0	0	164	1566	0	0	104	5732	360	2276	590	4552	0	798	0	0	0	718	0	244	0	476	0	1412	0	1158	0	210	0	924	0	16118	0	640	0	534	0	1280	0	232	0	2710	904	8602	398	4700	0	3198	0	454	796	5736	0	0	0	0	0	0	0	280	0	0	0	572	0	0	0	0	0	0	0	0	0	0	0	0	0	0	0	0	0	0	0	0	162	0	0	0	0	0	
1.17511e+06	Frontal_Sup_L	23032	2004	0	14124	14622	0	97042	2510	8014	0	19258	672	18790	1668	15060	590	17818	0	75858	25348	394	0	59168	17544	5494	294	746	0	32772	538	20338	14340	11472	16302	334	216	4186	148	0	0	0	0	0	0	0	0	0	0	0	0	210	0	0	0	322	0	6632	166	656	0	700	0	652	0	234	0	128	228	5182	546	8746	2330	16078	202	3354	0	8228	916	1282	0	6566	0	2950	0	142	0	0	0	410	0	0	0	0	0	0	0	0	0	0	0	0	0	0	0	0	0	0	0	0	0	0	0	0	0	0	0	
814760	Frontal_Sup_R	2304	7932	14124	0	0	3592	5552	40142	0	546	258	11056	1432	8424	108	3732	428	5204	17720	66022	0	342	19430	40180	0	4612	0	2822	998	11656	8728	35664	5956	28058	108	0	122	5574	114	2384	0	0	0	0	0	0	0	0	0	194	0	160	0	0	0	2372	630	1364	0	108	0	0	214	0	0	0	0	326	246	148	2882	16648	324	16424	0	932	0	7086	0	0	238	210	0	1550	0	0	0	0	0	0	0	0	0	0	0	0	0	0	0	0	0	0	0	0	0	0	0	0	0	0	0	0	0	0	0	0	
180984	Frontal_Sup_Orb_L	0	0	14622	0	0	0	4204	0	13126	0	662	0	972	0	12260	0	306	0	236	0	1790	118	7672	420	10240	1022	7362	248	5970	0	4598	198	0	0	0	0	0	0	0	0	226	0	0	0	0	0	0	0	0	0	0	0	0	0	0	0	0	0	0	0	0	0	0	0	0	0	0	0	0	0	988	0	2590	0	0	0	0	0	0	0	104	0	558	0	0	0	0	0	0	0	0	0	0	0	0	0	0	0	0	0	0	0	0	0	0	0	0	0	0	0	0	0	0	0	0	0	
70868	Frontal_Sup_Orb_R	0	0	0	3592	0	0	0	1344	0	4642	0	0	0	312	0	2396	0	0	246	254	0	1272	518	2094	450	6956	0	7978	0	470	400	474	0	250	0	0	0	0	0	0	0	0	0	0	0	0	0	0	0	0	0	0	0	0	0	0	0	0	0	0	0	0	0	0	0	0	0	0	0	0	0	906	0	880	0	0	0	0	0	0	0	0	0	0	0	0	0	0	0	0	0	0	0	0	0	0	0	0	0	0	0	0	0	0	0	0	0	0	0	0	0	0	0	0	0	0	
693212	Frontal_Mid_L	25810	0	97042	5552	4204	0	0	744	6950	0	14222	824	46366	930	14004	0	8234	0	20320	5524	138	0	19362	4296	496	0	0	0	22452	156	8388	3836	5882	3328	180	160	2478	150	0	0	0	0	0	0	0	0	0	0	0	0	246	0	0	0	546	0	5054	0	666	0	828	0	906	0	330	0	100	0	0	0	2996	500	5800	146	420	0	426	232	998	0	2516	0	1316	0	164	0	0	0	388	0	0	0	0	0	0	0	0	0	0	0	0	0	0	0	0	0	0	0	0	0	0	0	0	0	0	0	
331060	Frontal_Mid_R	106	8144	2510	40142	0	1344	744	0	0	1480	264	8726	876	15710	0	3346	0	1224	4932	13784	0	0	2704	5030	0	124	0	0	684	5458	426	5204	970	8652	0	0	0	7142	0	3002	0	0	0	0	0	0	0	0	0	120	0	0	0	0	0	2974	0	176	0	0	0	0	0	0	0	0	0	180	0	0	2520	2878	1864	10310	0	0	112	984	0	0	0	0	0	684	0	0	0	0	0	0	0	0	0	0	0	0	0	0	0	0	0	0	0	0	0	0	0	0	0	0	0	0	0	0	0	0	
103268	Frontal_Mid_Orb_L	0	0	8014	0	13126	0	6950	0	0	0	492	0	604	0	12038	0	218	0	158	0	0	0	2298	0	2920	192	1524	0	1450	0	978	0	0	0	0	0	0	0	0	0	0	0	0	0	0	0	0	0	0	0	0	0	0	0	0	0	0	0	0	0	0	0	0	0	0	0	0	0	0	0	0	0	310	0	0	0	0	0	0	0	0	0	362	0	0	0	0	0	0	0	0	0	0	0	0	0	0	0	0	0	0	0	0	0	0	0	0	0	0	0	0	0	0	0	0	0	
23052	Frontal_Mid_Orb_R	0	0	0	546	0	4642	0	1480	0	0	0	0	0	602	0	2054	0	0	320	328	0	0	0	112	0	0	0	504	0	0	0	0	0	328	0	0	0	0	0	0	0	0	0	0	0	0	0	0	0	0	0	0	0	0	0	0	0	0	0	0	0	0	0	0	0	0	0	0	0	0	0	280	0	330	0	0	0	0	0	0	0	0	0	0	0	0	0	0	0	0	0	0	0	0	0	0	0	0	0	0	0	0	0	0	0	0	0	0	0	0	0	0	0	0	0	0	
280044	Frontal_Inf_Oper_L	10546	0	19258	258	662	0	14222	264	492	0	0	146	17898	282	2072	642	14848	0	15202	666	0	0	576	0	164	0	0	0	20952	104	628	158	356	330	0	0	308	0	0	0	0	0	0	0	0	0	0	0	0	0	0	0	0	0	182	0	3536	0	0	0	0	0	106	0	0	0	0	0	0	0	1478	946	972	0	0	0	0	0	276	0	6688	0	4804	0	0	0	0	0	0	0	0	0	0	0	0	0	0	0	0	0	0	0	0	0	0	0	0	0	0	0	0	0	0	0	0	0	
177844	Frontal_Inf_Oper_R	0	5068	672	11056	0	0	824	8726	0	0	146	0	1172	12652	0	1738	122	2786	2806	10322	0	0	148	386	0	0	0	0	1178	11010	188	2170	0	2482	0	0	0	1498	0	492	0	0	0	0	0	0	0	0	0	204	0	224	0	0	0	496	0	730	0	0	0	0	0	0	0	0	0	0	0	0	1166	2384	738	3398	0	194	0	108	0	0	0	0	0	1638	0	0	0	0	0	0	0	0	0	0	0	0	0	0	0	0	0	0	0	0	0	0	0	0	0	0	0	0	0	0	0	0	
327232	Frontal_Inf_Tri_L	2034	0	18790	1432	972	0	46366	876	604	0	17898	1172	0	1318	18762	614	380	0	8794	2370	0	0	1212	196	162	0	0	0	25482	358	2084	570	2290	674	0	0	0	0	0	0	0	0	0	0	0	0	0	0	0	0	0	0	0	0	0	0	102	0	0	0	0	0	0	0	0	0	0	0	0	0	3508	1752	1290	0	0	0	296	106	0	0	304	0	848	0	0	0	0	0	0	0	0	0	0	0	0	0	0	0	0	0	0	0	0	0	0	0	0	0	0	0	0	0	0	0	0	0	
183240	Frontal_Inf_Tri_R	0	0	1668	8424	0	312	930	15710	0	602	282	12652	1318	0	0	4874	138	0	4250	9170	0	0	260	700	0	122	0	0	1344	10358	260	3828	0	3774	0	0	0	0	0	0	0	0	0	0	0	0	0	0	0	0	0	0	0	0	0	0	0	0	0	0	0	0	0	0	0	0	0	0	0	0	3482	2348	2306	2400	0	0	108	0	0	0	0	0	0	0	0	0	0	0	0	0	0	0	0	0	0	0	0	0	0	0	0	0	0	0	0	0	0	0	0	0	0	0	0	0	0	0	
228436	Frontal_Inf_Orb_L	0	0	15060	108	12260	0	14004	0	12038	0	2072	0	18762	0	0	104	236	0	1294	120	1688	0	3380	0	3448	0	830	0	20860	0	738	0	346	0	0	0	128	0	0	0	186	0	0	0	0	0	0	0	0	0	0	0	0	0	0	0	0	0	0	0	0	0	0	0	0	0	0	0	0	0	960	142	3142	0	0	0	0	0	0	0	198	0	2114	0	0	0	0	0	0	0	0	0	0	0	0	0	0	0	0	0	0	0	0	0	0	0	0	0	0	0	0	0	0	0	0	0	
132512	Frontal_Inf_Orb_R	0	142	590	3732	0	2396	0	3346	0	2054	642	1738	614	4874	104	0	174	0	3170	4628	218	1426	0	164	0	0	0	664	612	9714	0	686	140	2984	0	0	0	998	0	668	0	0	0	0	0	0	0	0	0	0	0	0	0	0	0	562	0	0	0	0	0	0	0	0	0	0	0	0	0	0	1482	9990	0	7196	0	0	0	194	0	0	170	0	0	184	0	0	0	0	0	0	0	0	0	0	0	0	0	0	0	0	0	0	0	0	0	0	0	0	0	0	0	0	0	0	0	0	
341932	Rolandic_Oper_L	19356	168	17818	428	306	0	8234	0	218	0	14848	122	380	138	236	174	0	0	12020	974	0	0	550	0	0	0	0	0	31232	0	384	112	210	466	368	390	2858	188	0	0	0	0	0	0	0	0	0	0	0	0	1944	0	840	0	862	0	13704	0	882	0	724	0	1740	0	388	0	480	0	0	0	778	0	1956	0	252	0	5638	310	5338	0	16252	0	3384	0	1586	0	0	0	1730	0	0	0	0	0	0	0	0	0	0	0	0	0	0	0	0	0	0	0	0	0	0	0	0	0	0	0	
109856	Rolandic_Oper_R	0	332	0	5204	0	0	0	1224	0	0	0	2786	0	0	0	0	0	0	0	4702	0	0	0	0	0	0	0	0	0	10368	0	0	0	110	0	0	0	3568	0	1026	0	0	0	0	0	0	0	0	0	324	0	150	0	176	0	1298	0	1700	0	270	0	0	0	2078	0	0	0	878	0	128	0	1686	0	5164	0	808	0	234	0	1842	0	4098	0	3732	0	210	0	0	0	832	0	0	0	0	0	0	0	0	0	0	0	0	0	0	0	0	0	0	0	0	0	0	0	0	0	0	
700276	Supp_Motor_Area_L	8100	632	75858	17720	236	246	20320	4932	158	320	15202	2806	8794	4250	1294	3170	12020	0	0	50542	0	0	11458	5622	0	0	0	0	16302	1718	4650	8716	14256	27844	932	0	450	234	0	120	0	0	0	0	0	0	0	0	0	0	0	0	0	0	212	116	2098	0	0	0	0	0	0	0	0	0	0	0	5578	628	4048	2268	6478	634	0	0	524	752	386	0	5296	0	2006	0	0	0	0	0	212	0	0	0	0	0	0	0	0	0	0	0	0	0	0	0	0	0	0	0	0	0	0	0	0	0	0	0	
751276	Supp_Motor_Area_R	4388	9246	25348	66022	0	254	5524	13784	0	328	666	10322	2370	9170	120	4628	974	4702	50542	0	0	0	5252	6234	0	0	0	0	1204	8856	2006	11776	8196	52910	882	5412	606	1576	0	834	0	0	0	284	0	102	0	0	0	298	0	238	0	0	0	892	740	2182	0	600	0	112	214	0	0	0	222	2358	9270	14350	4454	14694	1012	4812	0	848	482	1022	0	0	712	302	0	1158	0	0	0	0	0	148	0	0	0	0	0	0	0	0	0	0	0	0	0	0	0	0	0	0	0	0	0	0	0	0	0	0	
71652	Olfactory_L	0	0	394	0	1790	0	138	0	0	0	0	0	0	0	1688	218	0	0	0	0	0	4116	0	0	546	268	2872	2012	2762	0	2732	1782	0	0	0	0	110	0	154	0	594	0	0	0	0	0	0	0	0	0	0	0	0	0	0	0	0	0	0	0	0	0	0	0	0	0	0	0	0	0	6068	2338	3906	668	272	0	0	0	0	0	0	0	398	0	0	0	0	0	0	0	0	0	0	0	0	0	0	0	0	0	0	0	0	0	0	0	0	0	0	0	0	0	0	0	0	0	
79616	Olfactory_R	0	0	0	342	118	1272	0	0	0	0	0	0	0	0	0	1426	0	0	0	0	4116	0	0	216	180	1058	1202	4352	0	1788	1860	2492	0	0	0	0	0	0	0	154	0	178	0	0	0	0	0	0	0	0	0	0	0	0	0	0	0	0	0	0	0	0	0	0	0	0	0	0	0	0	6576	5846	4142	1784	258	282	0	0	0	0	0	0	0	166	0	0	0	0	0	0	0	0	0	0	0	0	0	0	0	0	0	0	0	0	0	0	0	0	0	0	0	0	0	0	0	0	
566264	Frontal_Sup_Medial_L	0	0	59168	19430	7672	518	19362	2704	2298	0	576	148	1212	260	3380	0	550	0	11458	5252	0	0	0	42126	8618	3176	880	250	2338	148	27260	30150	8946	22190	0	0	0	0	0	0	0	0	0	0	0	0	0	0	0	0	0	0	0	0	0	0	0	0	0	0	0	0	0	0	0	0	0	0	0	0	292	354	1430	432	0	0	0	0	0	0	442	0	112	0	0	0	0	0	0	0	0	0	0	0	0	0	0	0	0	0	0	0	0	0	0	0	0	0	0	0	0	0	0	0	0	0	
465812	Frontal_Sup_Medial_R	0	0	17544	40180	420	2094	4296	5030	0	112	0	386	196	700	0	164	0	0	5622	6234	0	216	42126	0	1924	10472	222	3130	208	494	14030	37290	3586	23226	0	0	0	0	0	0	0	0	0	0	0	0	0	0	0	0	0	0	0	0	0	0	0	0	0	0	0	0	0	0	0	0	0	0	0	0	0	6032	146	6826	0	0	0	0	0	0	0	0	0	0	0	0	0	0	0	0	0	0	0	0	0	0	0	0	0	0	0	0	0	0	0	0	0	0	0	0	0	0	0	0	0	0	
98604	Frontal_Med_Orb_L	0	0	5494	0	10240	450	496	0	2920	0	164	0	162	0	3448	0	0	0	0	0	546	180	8618	1924	0	2590	3464	348	1574	0	4958	256	0	0	0	0	0	0	0	0	0	0	0	0	0	0	0	0	0	0	0	0	0	0	0	0	0	0	0	0	0	0	0	0	0	0	0	0	0	0	576	0	772	0	0	0	0	0	0	0	0	0	122	0	0	0	0	0	0	0	0	0	0	0	0	0	0	0	0	0	0	0	0	0	0	0	0	0	0	0	0	0	0	0	0	0	
114736	Frontal_Med_Orb_R	0	0	294	4612	1022	6956	0	124	192	0	0	0	0	122	0	0	0	0	0	0	268	1058	3176	10472	2590	0	512	9428	0	0	3328	5550	0	0	0	0	0	0	0	0	0	0	0	0	0	0	0	0	0	0	0	0	0	0	0	0	0	0	0	0	0	0	0	0	0	0	0	0	0	0	188	3698	100	3678	0	0	0	0	0	0	0	0	0	0	0	0	0	0	0	0	0	0	0	0	0	0	0	0	0	0	0	0	0	0	0	0	0	0	0	0	0	0	0	0	0	0	
63532	Rectus_L	0	0	746	0	7362	0	0	0	1524	0	0	0	0	0	830	0	0	0	0	0	2872	1202	880	222	3464	512	0	1354	242	0	4606	1242	0	0	0	0	0	0	0	0	102	0	0	0	0	0	0	0	0	0	0	0	0	0	0	0	0	0	0	0	0	0	0	0	0	0	0	0	0	0	2802	194	1610	0	0	0	0	0	0	0	0	0	0	0	0	0	0	0	0	0	0	0	0	0	0	0	0	0	0	0	0	0	0	0	0	0	0	0	0	0	0	0	0	0	0	0	
92332	Rectus_R	0	0	0	2822	248	7978	0	0	0	504	0	0	0	0	0	664	0	0	0	0	2012	4352	250	3130	348	9428	1354	0	0	346	1998	4084	0	0	0	0	0	0	0	0	0	0	0	0	0	0	0	0	0	0	0	0	0	0	0	0	0	0	0	0	0	0	0	0	0	0	0	0	0	0	2242	1950	1142	1216	98	0	0	0	0	0	0	0	0	0	0	0	0	0	0	0	0	0	0	0	0	0	0	0	0	0	0	0	0	0	0	0	0	0	0	0	0	0	0	0	0	0	
612960	Insula_L	12966	164	32772	998	5970	0	22452	684	1450	0	20952	1178	25482	1344	20860	612	31232	0	16302	1204	2762	0	2338	208	1574	0	242	0	0	320	2102	312	912	330	938	884	11678	440	832	0	2140	0	134	0	0	0	0	0	0	0	1890	0	1138	0	5532	0	6090	0	692	0	612	0	778	0	800	0	472	0	310	0	2474	1048	14608	114	128	0	2518	698	8256	0	15440	0	8318	0	2780	0	256	0	6760	0	0	0	0	0	0	0	0	0	0	0	0	0	0	0	0	0	0	0	0	0	0	0	0	0	0	0	
254976	Insula_R	0	1566	538	11656	0	470	156	5458	0	0	104	11010	358	10358	0	9714	0	10368	1718	8856	0	1788	148	494	0	0	0	346	320	0	0	1040	118	1376	0	0	0	7014	0	3874	0	448	0	0	0	0	0	0	0	0	0	0	0	256	0	4218	0	1170	0	0	0	0	0	0	0	0	0	246	0	0	1126	5738	396	15450	0	222	0	370	0	1092	0	2404	0	3146	0	454	0	0	0	1904	0	0	0	0	0	0	0	0	0	0	0	0	0	0	0	0	0	0	0	0	0	0	0	0	0	0	
355848	Cingulum_Ant_L	0	0	20338	8728	4598	400	8388	426	978	0	628	188	2084	260	738	0	384	0	4650	2006	2732	1860	27260	14030	4958	3328	4606	1998	2102	0	0	26002	6212	7656	0	0	0	0	0	0	0	0	0	0	0	0	0	0	0	0	0	0	0	0	0	0	0	0	0	0	0	0	0	0	0	0	0	0	0	0	7786	1306	9196	440	258	0	1118	0	0	0	282	0	0	0	0	0	0	0	0	0	0	0	0	0	0	0	0	0	0	0	0	0	0	0	0	0	0	0	0	0	0	0	0	0	0	0	
524624	Cingulum_Ant_R	0	0	14340	35664	198	474	3836	5204	0	0	158	2170	570	3828	0	686	112	0	8716	11776	1782	2492	30150	37290	256	5550	1242	4084	312	1040	26002	0	6106	29060	0	0	0	0	0	0	0	0	0	0	0	0	0	0	0	0	0	0	0	0	0	0	0	0	0	0	0	0	0	0	0	0	0	0	0	0	4014	11660	2858	10178	132	0	372	0	0	0	0	0	0	0	0	0	0	0	0	0	0	0	0	0	0	0	0	0	0	0	0	0	0	0	0	0	0	0	0	0	0	0	0	0	0	0	
213136	Cingulum_Mid_L	0	104	11472	5956	0	0	5882	970	0	0	356	0	2290	0	346	140	210	0	14256	8196	0	0	8946	3586	0	0	0	0	912	118	6212	6106	0	15342	3962	772	0	0	0	0	0	0	174	0	192	0	0	0	412	0	874	0	184	0	0	0	162	0	182	0	0	0	0	0	118	0	2882	934	3420	404	0	0	0	112	0	0	0	0	0	0	166	0	0	0	218	0	0	0	0	0	0	0	0	0	0	0	0	0	0	0	0	0	0	0	0	0	0	0	0	0	0	0	0	0	0	0	
633760	Cingulum_Mid_R	830	5732	16302	28058	0	250	3328	8652	0	328	330	2482	674	3774	0	2984	466	110	27844	52910	0	0	22190	23226	0	0	0	0	330	1376	7656	29060	15342	0	1196	8002	610	536	0	158	0	0	0	2202	0	1944	0	900	0	1698	0	848	0	120	0	246	0	3324	0	2166	0	428	0	226	0	114	1188	12886	5950	14024	362	880	0	502	0	0	432	404	0	0	406	200	0	0	0	0	0	0	0	260	0	0	0	0	0	0	0	0	0	0	0	0	0	0	0	0	0	0	0	0	434	0	0	0	0	0	
107124	Cingulum_Post_L	1162	360	334	108	0	0	180	0	0	0	0	0	0	0	0	0	368	0	932	882	0	0	0	0	0	0	0	0	938	0	0	0	3962	1196	0	7248	5490	3258	3148	1168	0	0	3674	0	604	176	1440	0	0	0	118	0	182	0	714	214	748	0	0	0	0	0	0	0	0	0	4936	1288	3420	584	0	218	296	0	0	0	948	2244	190	0	438	0	0	0	0	0	0	0	396	0	0	0	0	0	0	0	0	0	0	0	0	0	0	0	0	0	0	0	0	0	0	0	0	0	0	0	
139248	Cingulum_Post_R	838	2276	216	0	0	0	160	0	0	0	0	0	0	0	0	0	390	0	0	5412	0	0	0	0	0	0	0	0	884	0	0	0	772	8002	7248	0	4546	5592	2006	2638	0	0	0	786	0	952	0	2116	0	218	0	168	0	152	388	578	166	964	0	0	0	0	0	0	0	0	860	9256	1090	4842	0	292	314	0	0	0	1134	2288	198	0	488	380	0	0	0	0	0	0	100	570	0	0	0	0	0	0	0	0	0	0	0	0	0	0	0	0	0	0	0	0	344	0	0	0	0	0	
249732	Hippocampus_L	7438	590	4186	122	0	0	2478	0	0	0	308	0	0	0	128	0	2858	0	450	606	110	0	0	0	0	0	0	0	11678	0	0	0	0	610	5490	4546	0	3758	9652	1384	4642	0	1318	0	0	0	2474	0	0	0	278	0	1606	0	13688	254	1516	0	0	0	0	0	158	0	0	0	2318	462	232	288	228	0	7302	110	1984	0	6322	3622	3114	0	2992	0	780	0	292	0	184	0	12202	0	0	0	0	0	0	0	108	0	0	0	0	0	0	0	0	0	0	0	0	0	0	0	0	0	0	0	
369912	Hippocampus_R	296	4552	148	5574	0	0	150	7142	0	0	0	1498	0	0	0	998	188	3568	234	1576	0	0	0	0	0	0	0	0	440	7014	0	0	0	536	3258	5592	3758	0	2828	31862	0	8626	0	986	0	154	0	3652	0	338	0	290	0	644	378	30386	0	1198	0	212	0	0	0	1090	0	130	372	5970	0	528	0	1640	0	20276	0	480	816	4498	0	1078	160	2680	0	950	0	3280	0	326	0	11846	0	0	0	0	0	0	0	310	0	0	0	0	0	0	0	0	0	0	0	0	450	0	0	0	0	0	
81932	ParaHippocampal_L	0	0	0	114	0	0	0	0	0	0	0	0	0	0	0	0	0	0	0	0	154	0	0	0	0	0	0	0	832	0	0	0	0	0	3148	2006	9652	2828	0	1286	1110	0	1304	0	0	0	3504	210	0	0	470	0	1070	0	4918	254	0	0	0	0	0	0	0	0	0	0	2328	414	0	0	0	0	228	108	0	0	814	1538	0	0	0	0	142	0	0	0	152	0	1656	0	0	0	0	0	104	0	364	0	122	0	0	0	0	0	0	0	0	0	0	136	0	0	0	0	0	0	
235864	ParaHippocampal_R	0	798	0	2384	0	0	0	3002	0	0	0	492	0	0	0	668	0	1026	120	834	0	154	0	0	0	0	0	0	0	3874	0	0	0	158	1168	2638	1384	31862	1286	0	0	4722	0	696	0	0	0	4678	0	152	0	384	0	984	214	25718	0	274	0	0	0	0	0	0	0	0	222	4016	0	128	0	776	0	11210	0	316	0	1272	0	146	0	900	0	740	0	1400	0	348	0	6130	0	0	0	0	0	0	0	434	0	0	0	0	0	0	0	0	0	0	0	0	224	0	0	0	0	0	
25496	Amygdala_L	0	0	0	0	226	0	0	0	0	0	0	0	0	0	186	0	0	0	0	0	594	0	0	0	0	0	102	0	2140	0	0	0	0	0	0	0	4642	0	1110	0	0	0	0	0	0	0	0	0	0	0	0	0	0	0	1836	0	0	0	0	0	0	0	0	0	0	0	0	0	0	0	128	0	300	0	0	0	0	0	0	0	0	0	522	0	0	0	0	0	962	0	0	0	0	0	0	0	0	0	0	0	0	0	0	0	0	0	0	0	0	0	0	0	0	0	0	0	
43496	Amygdala_R	0	0	0	0	0	0	0	0	0	0	0	0	0	0	0	0	0	0	0	0	0	178	0	0	0	0	0	0	0	448	0	0	0	0	0	0	0	8626	0	4722	0	0	0	0	0	0	0	0	0	0	0	0	0	0	0	4648	0	0	0	0	0	0	0	0	0	0	0	0	0	0	0	0	0	1052	0	0	0	0	0	0	0	0	0	1016	0	170	0	346	0	542	0	0	0	0	0	0	0	0	0	0	0	0	0	0	0	0	0	0	0	0	0	0	0	0	0	0	
269612	Calcarine_L	324	0	0	0	0	0	0	0	0	0	0	0	0	0	0	0	0	0	0	0	0	0	0	0	0	0	0	0	134	0	0	0	174	0	3674	0	1318	0	1304	0	0	0	0	9846	18760	7544	13336	6520	11854	1084	14264	862	8714	710	3688	264	2460	0	444	0	186	0	0	0	172	0	17944	810	1072	0	0	0	0	0	0	0	0	0	0	0	0	0	0	0	3160	0	0	0	4184	0	0	0	0	0	0	0	0	0	0	0	0	0	0	0	0	0	0	0	0	0	0	0	0	0	0	0	
387560	Calcarine_R	0	718	0	0	0	0	0	0	0	0	0	0	0	0	0	0	0	0	0	284	0	0	0	0	0	0	0	0	0	0	0	0	0	2202	0	786	0	986	0	696	0	0	9846	0	8066	32476	4090	32716	362	26288	126	21372	0	13892	0	6274	0	888	0	786	0	0	0	0	0	118	1368	24100	0	1238	0	0	0	0	0	0	0	0	0	0	0	0	0	0	0	578	0	0	0	3196	0	0	0	0	0	0	0	0	0	110	0	0	0	0	0	0	0	0	0	0	218	0	0	0	0	0	
201420	Cuneus_L	0	0	0	0	0	0	0	0	0	0	0	0	0	0	0	0	0	0	0	0	0	0	0	0	0	0	0	0	0	0	0	0	192	0	604	0	0	0	0	0	0	0	18760	8066	0	15534	1690	2692	20620	4032	5910	1860	728	1904	350	434	1140	0	2294	0	110	0	0	0	0	0	11374	1088	356	0	0	0	0	0	0	0	0	0	0	0	0	0	0	0	646	0	0	0	326	0	0	0	0	0	0	0	0	0	0	0	0	0	0	0	0	0	0	0	0	0	0	0	0	0	0	0	
345928	Cuneus_R	0	244	0	0	0	0	0	0	0	0	0	0	0	0	0	0	0	0	0	102	0	0	0	0	0	0	0	0	0	0	0	0	0	1944	176	952	0	154	0	0	0	0	7544	32476	15534	0	678	8994	2334	40920	214	17032	0	5652	0	1396	0	244	0	4758	0	230	0	0	0	1376	3808	25074	0	442	0	0	0	0	0	0	0	0	0	0	0	0	0	0	0	198	0	0	0	488	0	0	0	0	0	0	0	0	0	0	0	0	0	0	0	0	0	0	0	0	0	0	0	0	0	0	
266292	Lingual_L	0	0	0	0	0	0	0	0	0	0	0	0	0	0	0	0	0	0	0	0	0	0	0	0	0	0	0	0	0	0	0	0	0	0	1440	0	2474	0	3504	0	0	0	13336	4090	1690	678	0	4570	1132	478	15002	536	14300	332	16908	624	598	0	560	0	224	0	142	0	138	0	5670	210	340	0	0	0	0	0	0	0	0	0	0	0	0	0	0	0	1082	0	0	0	2324	0	8788	736	1146	0	320	0	9676	1362	11648	1238	104	0	216	0	200	0	0	0	204	414	3320	934	298	0	0	160	
318456	Lingual_R	0	476	0	0	0	0	0	0	0	0	0	0	0	0	0	0	0	0	0	0	0	0	0	0	0	0	0	0	0	0	0	0	0	900	0	2116	0	3652	210	4678	0	0	6520	32716	2692	8994	4570	0	308	10684	126	14718	0	15188	0	14868	0	668	0	152	0	0	0	0	0	0	358	11874	0	894	0	0	0	0	0	0	0	0	0	0	0	0	0	0	0	352	0	0	0	2358	488	2704	406	0	0	0	312	2428	468	4694	0	0	0	0	0	0	0	0	0	0	2930	3922	804	0	0	0	
159756	Occipital_Sup_L	0	0	0	0	0	0	0	0	0	0	0	0	0	0	0	0	0	0	0	0	0	0	0	0	0	0	0	0	0	0	0	0	412	0	0	0	0	0	0	0	0	0	11854	362	20620	2334	1132	308	0	322	21374	302	758	302	364	0	0	0	5696	0	1876	0	0	0	264	0	10612	310	0	0	0	0	0	0	0	0	0	0	0	0	0	0	0	0	676	0	0	0	0	0	0	0	0	0	0	0	0	0	0	0	0	0	0	0	0	0	0	0	0	0	0	0	0	0	0	0	
409260	Occipital_Sup_R	0	1412	0	194	0	0	0	120	0	0	0	204	0	0	0	0	0	324	0	298	0	0	0	0	0	0	0	0	0	0	0	0	0	1698	0	218	0	338	0	152	0	0	1084	26288	4032	40920	478	10684	322	0	124	46020	0	6908	0	1708	0	5142	0	12090	0	3958	0	1108	0	7404	518	21886	0	1240	0	0	0	0	0	0	0	0	0	0	0	474	0	0	0	5072	0	0	0	2212	0	0	0	0	0	0	0	0	0	0	0	0	0	0	0	0	0	0	0	0	0	0	0	0	0	0	
425304	Occipital_Mid_L	1618	0	210	0	0	0	246	0	0	0	0	0	0	0	0	0	1944	0	0	0	0	0	0	0	0	0	0	0	1890	0	0	0	874	0	118	0	278	0	470	0	0	0	14264	126	5910	214	15002	126	21374	124	0	124	25740	124	11158	0	4214	0	14902	0	16450	0	3614	0	17476	0	11794	0	250	0	0	0	0	0	0	0	0	0	1160	0	2544	0	0	0	26412	0	0	0	11726	0	0	0	0	0	0	0	0	0	176	0	0	0	0	0	0	0	0	0	0	0	0	0	0	0	0	0	
372452	Occipital_Mid_R	0	1158	0	160	0	0	0	0	0	0	0	224	0	0	0	0	0	150	0	238	0	0	0	0	0	0	0	0	0	0	0	0	0	848	0	168	0	290	0	384	0	0	862	21372	1860	17032	536	14718	302	46020	124	0	0	10940	0	2966	0	3470	0	8898	0	5840	0	938	0	15160	300	12578	0	948	0	0	0	0	0	0	0	0	0	0	0	570	0	0	0	14280	0	0	0	2892	0	0	0	0	0	0	0	0	0	0	0	0	0	0	0	0	0	0	0	0	0	0	0	0	0	0	
227696	Occipital_Inf_L	758	0	0	0	0	0	0	0	0	0	0	0	0	0	0	0	840	0	0	0	0	0	0	0	0	0	0	0	1138	0	0	0	184	0	182	0	1606	0	1070	0	0	0	8714	0	728	0	14300	0	758	0	25740	0	0	0	21232	0	228	0	998	0	1160	0	304	0	1442	0	4486	0	478	0	0	0	0	0	0	0	0	0	2346	0	614	0	0	0	7548	0	0	0	16120	0	170	0	0	0	0	0	0	0	704	0	0	0	0	0	0	0	0	0	0	0	0	0	0	0	0	0	
159052	Occipital_Inf_R	0	210	0	0	0	0	0	0	0	0	0	0	0	0	0	0	0	176	0	0	0	0	0	0	0	0	0	0	0	256	0	0	0	120	0	152	0	644	0	984	0	0	710	13892	1904	5652	332	15188	302	6908	124	10940	0	0	0	10402	0	162	0	0	0	0	0	142	0	0	222	2740	0	106	0	0	0	0	0	0	0	0	0	0	0	110	0	0	0	972	0	0	0	4742	0	492	0	0	0	0	0	0	0	588	0	0	0	0	0	0	0	0	0	0	0	354	0	0	0	0	
351424	Fusiform_L	1152	0	322	0	0	0	546	0	0	0	182	0	0	0	0	0	862	0	212	0	0	0	0	0	0	0	0	0	5532	0	0	0	0	0	714	388	13688	378	4918	214	1836	0	3688	0	350	0	16908	0	364	0	11158	0	21232	0	0	306	384	0	1250	0	1426	0	1720	0	1758	0	2642	0	444	0	0	0	1402	0	0	0	364	0	1996	0	1698	0	1124	0	2046	0	904	0	27564	0	13928	370	130	0	0	0	8946	472	17858	484	224	0	102	0	0	0	0	0	0	0	868	412	246	0	0	0	
391076	Fusiform_R	0	924	0	2372	0	0	0	2974	0	0	0	496	0	0	0	562	0	1298	116	892	0	0	0	0	0	0	0	0	0	4218	0	0	0	246	214	578	254	30386	254	25718	0	4648	264	6274	434	1396	624	14868	0	1708	0	2966	0	10402	306	0	0	420	0	0	0	0	0	518	0	0	0	3720	0	214	0	766	0	11008	0	242	0	654	0	666	0	1748	0	1256	0	3120	0	378	0	21732	680	7110	114	0	0	0	1248	6548	1032	9822	0	0	0	0	0	112	0	0	0	120	3588	2852	370	0	108	0	
292300	Postcentral_L	29474	0	6632	630	0	0	5054	0	0	0	3536	0	102	0	0	0	13704	0	2098	740	0	0	0	0	0	0	0	0	6090	0	0	0	162	0	748	166	1516	0	0	0	0	0	2460	0	1140	0	598	0	0	0	4214	0	228	0	384	0	0	0	11832	0	18084	0	11504	0	1478	0	6772	0	3266	0	764	0	1878	0	720	0	1072	118	2268	0	4248	0	134	0	976	0	0	0	1360	0	0	0	0	0	0	0	0	0	0	0	0	0	0	0	0	0	0	0	0	0	0	0	0	0	0	0	
187004	Postcentral_R	0	16118	166	1364	0	0	0	176	0	0	0	730	0	0	0	0	0	1700	0	2182	0	0	0	0	0	0	0	0	0	1170	0	0	0	3324	0	964	0	1198	0	274	0	0	0	888	0	244	0	668	0	5142	0	3470	0	162	0	420	0	0	0	9662	0	7348	0	12596	0	2112	162	9078	132	6716	0	274	0	1330	0	206	0	242	0	138	0	1002	0	0	0	862	0	0	0	894	0	0	0	0	0	0	0	0	0	0	0	0	0	0	0	0	0	0	0	0	388	0	0	0	0	0	
168096	Parietal_Sup_L	946	0	656	0	0	0	666	0	0	0	0	0	0	0	0	0	882	0	0	0	0	0	0	0	0	0	0	0	692	0	0	0	182	0	0	0	0	0	0	0	0	0	444	0	2294	0	560	0	5696	0	14902	0	998	0	1250	0	11832	0	0	0	15098	0	3504	0	3128	0	11768	282	314	0	0	0	0	0	0	0	0	0	0	0	2032	0	0	0	1310	0	0	0	4612	0	0	0	0	0	0	0	0	0	0	0	0	0	0	0	0	0	0	0	0	0	0	0	0	0	0	0	
173208	Parietal_Sup_R	0	640	0	108	0	0	0	0	0	0	0	0	0	0	0	0	0	270	0	600	0	0	0	0	0	0	0	0	0	0	0	0	0	2166	0	0	0	212	0	0	0	0	0	786	0	4758	0	152	0	12090	0	8898	0	0	0	0	0	9662	0	0	0	13050	0	1468	0	9840	232	18316	0	3176	0	0	0	0	0	0	0	0	0	0	0	180	0	0	0	0	0	0	0	0	0	0	0	0	0	0	0	0	0	0	0	0	0	0	0	0	0	0	0	0	0	0	0	0	0	0	
192960	Parietal_Inf_L	1988	0	700	0	0	0	828	0	0	0	0	0	0	0	0	0	724	0	0	0	0	0	0	0	0	0	0	0	612	0	0	0	0	0	0	0	0	0	0	0	0	0	186	0	110	0	224	0	1876	0	16450	0	1160	0	1426	0	18084	0	15098	0	0	0	14062	0	15476	0	1232	0	0	0	0	0	0	0	0	0	0	0	0	0	436	0	0	0	3188	0	0	0	2620	0	0	0	0	0	0	0	0	0	0	0	0	0	0	0	0	0	0	0	0	0	0	0	0	0	0	0	
115500	Parietal_Inf_R	0	534	0	0	0	0	0	0	0	0	0	0	0	0	0	0	0	0	0	112	0	0	0	0	0	0	0	0	0	0	0	0	0	428	0	0	0	0	0	0	0	0	0	0	0	230	0	0	0	3958	0	5840	0	0	0	0	0	7348	0	13050	0	0	0	9772	0	12740	0	1330	0	188	0	0	0	0	0	0	0	0	0	0	0	0	0	0	0	1836	0	0	0	384	0	0	0	0	0	0	0	0	0	0	0	0	0	0	0	0	0	0	0	0	0	0	0	0	0	0	
115736	SupraMarginal_L	3524	0	652	214	0	0	906	0	0	0	106	0	0	0	0	0	1740	0	0	214	0	0	0	0	0	0	0	0	778	0	0	0	0	0	0	0	158	0	0	0	0	0	0	0	0	0	142	0	0	0	3614	0	304	0	1720	0	11504	0	3504	0	14062	0	0	0	4824	0	244	0	0	0	210	0	0	0	0	0	0	0	0	0	5144	0	0	0	2406	0	0	0	1898	0	0	0	0	0	0	0	0	0	0	0	0	0	0	0	0	0	0	0	0	0	0	0	0	0	0	0	
100140	SupraMarginal_R	0	1280	0	0	0	0	0	0	0	0	0	0	0	0	0	0	0	2078	0	0	0	0	0	0	0	0	0	0	0	0	0	0	0	226	0	0	0	1090	0	0	0	0	0	0	0	0	0	0	0	1108	0	938	0	142	0	518	0	12596	0	1468	0	9772	0	0	0	6360	0	1274	0	0	0	0	0	0	0	0	0	0	0	0	0	3484	0	0	0	4394	0	0	0	3342	0	0	0	0	0	0	0	0	0	0	0	0	0	0	0	0	0	0	0	0	0	0	0	0	0	0	
119396	Angular_L	320	0	234	0	0	0	330	0	0	0	0	0	0	0	0	0	388	0	0	0	0	0	0	0	0	0	0	0	800	0	0	0	118	0	0	0	0	0	0	0	0	0	172	0	0	0	138	0	264	0	17476	0	1442	0	1758	0	1478	0	3128	0	15476	0	4824	0	0	0	310	0	0	0	0	0	0	0	0	0	0	0	0	0	822	0	0	0	8178	0	0	0	2042	0	0	0	0	0	0	0	0	0	0	0	0	0	0	0	0	0	0	0	0	0	0	0	0	0	0	0	
132768	Angular_R	0	232	0	0	0	0	0	0	0	0	0	0	0	0	0	0	0	0	0	0	0	0	0	0	0	0	0	0	0	0	0	0	0	114	0	0	0	130	0	0	0	0	0	118	0	1376	0	0	0	7404	0	15160	0	0	0	0	0	2112	0	9840	0	12740	0	6360	0	0	0	1604	0	0	0	0	0	0	0	0	0	0	0	0	0	796	0	0	0	7318	0	0	0	1080	0	0	0	0	0	0	0	0	0	0	0	0	0	0	0	0	0	0	0	0	0	0	0	0	0	0	
256024	Precuneus_L	528	0	128	0	0	0	100	0	0	0	0	0	0	0	0	0	480	0	0	222	0	0	0	0	0	0	0	0	472	0	0	0	2882	1188	4936	860	2318	372	2328	222	0	0	17944	1368	11374	3808	5670	358	10612	518	11794	300	4486	222	2642	0	6772	162	11768	232	1232	0	244	0	310	0	0	7568	3770	626	0	0	0	0	0	0	0	0	106	0	494	0	0	0	2704	0	0	0	3760	0	0	0	0	0	0	0	132	0	0	0	0	0	0	0	0	0	0	0	0	0	0	0	0	0	0	0	
408584	Precuneus_R	0	2710	228	326	0	0	0	180	0	0	0	0	0	0	0	0	0	878	0	2358	0	0	0	0	0	0	0	0	0	246	0	0	934	12886	1288	9256	462	5970	414	4016	0	0	810	24100	1088	25074	210	11874	310	21886	0	12578	0	2740	0	3720	0	9078	282	18316	0	1330	0	1274	0	1604	7568	0	800	10634	0	0	0	0	0	0	0	0	0	152	0	810	0	0	0	292	0	0	0	3668	0	0	0	0	0	0	0	254	0	0	0	0	0	0	0	0	0	0	0	0	1688	0	0	0	0	0	
133268	Paracentral_Lobule_L	9922	904	5182	246	0	0	0	0	0	0	0	0	0	0	0	0	0	0	5578	9270	0	0	0	0	0	0	0	0	310	0	0	0	3420	5950	3420	1090	232	0	0	0	0	0	1072	0	356	0	340	0	0	0	250	0	478	0	444	0	3266	132	314	0	0	0	0	0	0	0	3770	800	0	3142	772	1668	0	0	0	0	2790	868	0	0	0	0	0	0	140	0	0	0	508	0	0	0	0	0	0	0	0	0	0	0	0	0	0	0	0	0	0	0	0	0	0	0	0	0	0	0	
154248	Paracentral_Lobule_R	1096	8602	546	148	0	0	0	0	0	0	0	0	0	0	0	0	0	128	628	14350	0	0	0	0	0	0	0	0	0	0	0	0	404	14024	584	4842	288	528	0	128	0	0	0	1238	0	442	0	894	0	1240	0	948	0	106	0	214	0	6716	0	3176	0	188	0	0	0	0	626	10634	3142	0	0	274	0	0	0	0	120	156	0	0	0	0	0	0	0	0	0	0	0	226	0	0	0	0	0	0	0	0	0	0	0	0	0	0	0	0	0	0	0	0	488	0	0	0	0	0	
258056	Caudate_L	3336	398	8746	2882	988	0	2996	2520	0	0	1478	1166	3508	3482	960	1482	778	0	4048	4454	6068	6576	292	0	576	188	2802	2242	2474	1126	7786	4014	0	362	0	0	228	0	0	0	128	0	0	0	0	0	0	0	0	0	0	0	0	0	0	0	764	0	0	0	0	0	210	0	0	0	0	0	772	0	0	12738	21356	1752	2932	336	7896	1840	0	0	176	0	172	0	0	0	0	0	0	0	0	0	0	0	0	0	0	0	0	0	0	0	0	0	0	0	0	0	0	0	0	0	0	0	0	0	
357168	Caudate_R	1038	4700	2330	16648	0	906	500	2878	0	280	946	2384	1752	2348	142	9990	0	1686	2268	14694	2338	5846	354	6032	0	3698	194	1950	1048	5738	1306	11660	0	880	218	292	0	1640	0	776	0	0	0	0	0	0	0	0	0	0	0	0	0	0	0	766	0	274	0	0	0	0	0	0	0	0	0	0	1668	274	12738	0	4862	22972	202	2150	1756	20946	0	0	0	146	124	246	0	0	0	0	0	0	0	0	0	0	0	0	0	0	0	0	0	0	0	0	0	0	0	0	0	0	0	0	0	0	0	0	
291612	Putamen_L	6490	0	16078	324	2590	0	5800	1864	310	0	972	738	1290	2306	3142	0	1956	0	6478	1012	3906	4142	1430	146	772	100	1610	1142	14608	396	9196	2858	0	0	296	314	7302	0	228	0	300	0	0	0	0	0	0	0	0	0	0	0	0	0	1402	0	1878	0	0	0	0	0	0	0	0	0	0	0	0	0	21356	4862	0	1332	6974	312	4270	268	442	0	896	0	502	0	216	0	0	0	1000	0	0	0	0	0	0	0	0	0	0	0	0	0	0	0	0	0	0	0	0	0	0	0	0	0	0	0	
345136	Putamen_R	0	3198	202	16424	0	880	146	10310	0	330	0	3398	0	2400	0	7196	0	5164	634	4812	668	1784	432	6826	0	3678	0	1216	114	15450	440	10178	112	502	0	0	110	20276	108	11210	0	1052	0	0	0	0	0	0	0	0	0	0	0	0	0	11008	0	1330	0	0	0	0	0	0	0	0	0	0	0	0	1752	22972	1332	0	0	1694	0	1490	0	0	0	562	0	678	0	0	0	0	0	500	0	0	0	0	0	0	0	0	0	0	0	0	0	0	0	0	0	0	0	0	0	0	0	0	0	0	
45276	Pallidum_L	1418	0	3354	0	0	0	420	0	0	0	0	0	0	0	0	0	252	0	0	0	272	258	0	0	0	0	0	98	128	0	258	132	0	0	0	0	1984	0	0	0	0	0	0	0	0	0	0	0	0	0	0	0	0	0	0	0	720	0	0	0	0	0	0	0	0	0	0	0	0	0	2932	202	6974	0	0	0	2246	0	324	0	236	0	0	0	178	0	0	0	252	0	0	0	0	0	0	0	0	0	0	0	0	0	0	0	0	0	0	0	0	0	0	0	0	0	0	0	
18952	Pallidum_R	0	454	0	932	0	0	0	0	0	0	0	194	0	0	0	0	0	808	0	848	0	282	0	0	0	0	0	0	0	222	0	0	0	0	0	0	0	480	0	316	0	0	0	0	0	0	0	0	0	0	0	0	0	0	0	242	0	206	0	0	0	0	0	0	0	0	0	0	0	0	336	2150	312	1694	0	0	0	0	0	0	0	0	0	0	0	0	0	0	0	0	0	0	0	0	0	0	0	0	0	0	0	0	0	0	0	0	0	0	0	0	0	0	0	0	0	0	
134388	Thalamus_L	8208	796	8228	0	0	0	426	112	0	0	0	0	296	108	0	0	5638	0	524	482	0	0	0	0	0	0	0	0	2518	0	1118	372	0	432	948	1134	6322	816	814	0	0	0	0	0	0	0	0	0	0	0	0	0	0	0	364	0	1072	0	0	0	0	0	0	0	0	0	0	0	2790	120	7896	1756	4270	0	2246	0	0	5448	374	0	474	0	0	0	98	0	0	0	994	0	0	0	0	0	0	0	0	0	0	0	0	0	0	0	0	0	0	0	0	0	0	0	0	0	0	0	
137036	Thalamus_R	1426	5736	916	7086	0	0	232	984	0	0	0	108	106	0	0	194	310	234	752	1022	0	0	0	0	0	0	0	0	698	370	0	0	0	404	2244	2288	3622	4498	1538	1272	0	0	0	0	0	0	0	0	0	0	0	0	0	0	0	654	118	242	0	0	0	0	0	0	0	0	0	0	868	156	1840	20946	268	1490	0	0	5448	0	100	0	348	0	0	0	0	0	0	0	0	0	0	0	0	0	0	0	0	0	0	0	0	0	0	0	0	0	0	0	0	0	0	0	0	0	0	0	
100260	Heschl_L	5244	0	1282	0	0	0	998	0	0	0	276	0	0	0	0	0	5338	0	386	0	0	0	0	0	0	0	0	0	8256	0	0	0	0	0	190	198	3114	0	0	0	0	0	0	0	0	0	0	0	0	0	1160	0	2346	0	1996	0	2268	0	0	0	0	0	0	0	0	0	106	0	0	0	0	0	442	0	324	0	374	100	0	0	4936	0	0	0	4444	0	0	0	6352	0	0	0	0	0	0	0	0	0	0	0	0	0	0	0	0	0	0	0	0	0	0	0	0	0	0	0	
21960	Heschl_R	0	0	0	0	0	0	0	0	0	0	0	0	0	0	0	0	0	1842	0	0	0	0	0	0	0	0	0	0	0	1092	0	0	0	0	0	0	0	1078	0	146	0	0	0	0	0	0	0	0	0	0	0	0	0	0	0	666	0	138	0	0	0	0	0	0	0	0	0	152	0	0	0	0	0	0	0	0	0	0	0	0	0	3874	0	0	0	996	0	0	0	996	0	0	0	0	0	0	0	0	0	0	0	0	0	0	0	0	0	0	0	0	0	0	0	0	0	0	
257172	Temporal_Sup_L	6062	0	6566	238	104	0	2516	0	0	0	6688	0	304	0	198	170	16252	0	5296	712	0	0	442	0	0	0	0	0	15440	0	282	0	166	406	438	488	2992	160	0	0	0	0	0	0	0	0	0	0	0	0	2544	0	614	0	1698	0	4248	0	2032	0	436	0	5144	0	822	0	494	0	0	0	176	0	896	0	236	0	474	348	4936	0	0	0	3900	0	20710	0	0	0	12958	0	0	0	0	0	0	0	0	0	0	0	0	0	0	0	0	0	0	0	0	0	0	0	0	0	0	0	
87776	Temporal_Sup_R	0	0	0	210	0	0	0	0	0	0	0	0	0	0	0	0	0	4098	0	302	0	0	0	0	0	0	0	0	0	2404	0	0	0	200	0	380	0	2680	0	900	0	0	0	0	0	0	0	0	0	474	0	570	0	110	0	1748	0	1002	0	180	0	0	0	3484	0	796	0	810	0	0	0	146	0	562	0	0	0	0	0	3874	0	0	0	1972	0	12906	0	258	0	3822	0	0	0	0	0	0	0	0	0	0	0	0	0	0	0	0	0	0	0	0	0	0	0	0	0	0	
85332	Temporal_Pole_Sup_L	524	0	2950	0	558	0	1316	0	362	0	4804	0	848	0	2114	0	3384	0	2006	0	398	0	112	0	122	0	0	0	8318	0	0	0	0	0	0	0	780	0	142	0	522	0	0	0	0	0	0	0	0	0	0	0	0	0	1124	0	134	0	0	0	0	0	0	0	0	0	0	0	0	0	172	124	502	0	0	0	0	0	0	0	3900	0	0	0	2744	0	2318	0	2388	0	0	0	0	0	0	0	0	0	0	0	0	0	0	0	0	0	0	0	0	0	0	0	0	0	0	0	
48812	Temporal_Pole_Sup_R	0	0	0	1550	0	0	0	684	0	0	0	1638	0	0	0	184	0	3732	0	1158	0	166	0	0	0	0	0	0	0	3146	0	0	0	0	0	0	0	950	0	740	0	1016	0	0	0	0	0	0	0	0	0	0	0	0	0	1256	0	0	0	0	0	0	0	0	0	0	0	0	0	0	0	246	0	678	0	0	0	0	0	0	0	1972	0	0	0	2234	0	1382	0	1674	0	0	0	0	0	0	0	0	0	0	0	0	0	0	0	0	0	0	0	0	0	0	0	0	0	0	
265640	Temporal_Mid_L	1914	0	142	0	0	0	164	0	0	0	0	0	0	0	0	0	1586	0	0	0	0	0	0	0	0	0	0	0	2780	0	0	0	218	0	0	0	292	0	0	0	0	0	3160	0	646	0	1082	0	676	0	26412	0	7548	0	2046	0	976	0	1310	0	3188	0	2406	0	8178	0	2704	0	140	0	0	0	216	0	178	0	98	0	4444	0	20710	0	2744	0	0	0	1964	0	34898	0	0	0	0	0	0	0	0	0	0	0	0	0	0	0	0	0	0	0	0	0	0	0	0	0	0	0	
170692	Temporal_Mid_R	0	280	0	0	0	0	0	0	0	0	0	0	0	0	0	0	0	210	0	0	0	0	0	0	0	0	0	0	0	454	0	0	0	0	0	0	0	3280	0	1400	0	170	0	578	0	198	0	352	0	5072	0	14280	0	972	0	3120	0	862	0	0	0	1836	0	4394	0	7318	0	292	0	0	0	0	0	0	0	0	0	0	0	996	0	12906	0	2234	0	0	0	1242	0	22900	0	0	0	0	0	0	0	0	0	0	0	0	0	0	0	0	0	0	0	0	0	0	0	0	0	0	
15708	Temporal_Pole_Mid_L	0	0	0	0	0	0	0	0	0	0	0	0	0	0	0	0	0	0	0	0	0	0	0	0	0	0	0	0	256	0	0	0	0	0	0	0	184	0	152	0	0	0	0	0	0	0	0	0	0	0	0	0	0	0	904	0	0	0	0	0	0	0	0	0	0	0	0	0	0	0	0	0	0	0	0	0	0	0	0	0	0	0	2318	0	1964	0	0	0	2076	0	0	0	0	0	0	0	0	0	0	0	0	0	0	0	0	0	0	0	0	0	0	0	0	0	0	0	
10268	Temporal_Pole_Mid_R	0	0	0	0	0	0	0	0	0	0	0	0	0	0	0	0	0	0	0	0	0	0	0	0	0	0	0	0	0	0	0	0	0	0	0	0	0	326	0	348	0	346	0	0	0	0	0	0	0	0	0	0	0	0	0	378	0	0	0	0	0	0	0	0	0	0	0	0	0	0	0	0	0	0	0	0	0	0	0	0	0	258	0	1382	0	1242	0	0	0	854	0	0	0	0	0	0	0	0	0	0	0	0	0	0	0	0	0	0	0	0	0	0	0	0	0	0	
337228	Temporal_Inf_L	2758	0	410	0	0	0	388	0	0	0	0	0	0	0	0	0	1730	0	212	0	0	0	0	0	0	0	0	0	6760	0	0	0	0	0	396	100	12202	0	1656	0	962	0	4184	0	326	0	2324	0	0	0	11726	0	16120	0	27564	0	1360	0	4612	0	2620	0	1898	0	2042	0	3760	0	508	0	0	0	1000	0	252	0	994	0	6352	0	12958	0	2388	0	34898	0	2076	0	0	0	896	0	0	0	0	0	0	0	182	0	0	0	0	0	0	0	0	0	0	0	0	0	0	0	0	0	
202280	Temporal_Inf_R	0	572	0	0	0	0	0	0	0	0	0	0	0	0	0	0	0	832	0	148	0	0	0	0	0	0	0	0	0	1904	0	0	0	260	0	570	0	11846	0	6130	0	542	0	3196	0	488	0	2358	0	2212	0	2892	0	4742	0	21732	0	894	0	0	0	384	0	3342	0	1080	0	3668	0	226	0	0	0	500	0	0	0	0	0	996	0	3822	0	1674	0	22900	0	854	0	0	0	376	0	0	0	0	0	0	0	0	0	0	0	0	0	0	0	0	0	0	0	0	0	0	0	0	
291096	Cerebelum_Crus1_L	0	0	0	0	0	0	0	0	0	0	0	0	0	0	0	0	0	0	0	0	0	0	0	0	0	0	0	0	0	0	0	0	0	0	0	0	0	0	0	0	0	0	0	0	0	0	8788	488	0	0	0	0	170	0	13928	680	0	0	0	0	0	0	0	0	0	0	0	0	0	0	0	0	0	0	0	0	0	0	0	0	0	0	0	0	0	0	0	0	896	0	0	2636	24038	836	126	0	16278	1990	42878	2782	6834	0	7698	396	552	274	138	0	0	0	4982	3536	4188	284	152	0	
334408	Cerebelum_Crus1_R	0	0	0	0	0	0	0	0	0	0	0	0	0	0	0	0	0	0	0	0	0	0	0	0	0	0	0	0	0	0	0	0	0	0	0	0	0	0	0	0	0	0	0	0	0	0	736	2704	0	0	0	0	0	492	370	7110	0	0	0	0	0	0	0	0	0	0	0	0	0	0	0	0	0	0	0	0	0	0	0	0	0	0	0	0	0	0	0	0	0	376	2636	0	1182	35242	0	1418	2726	16544	3068	40252	394	5884	772	12136	156	2334	0	0	0	496	7670	10006	8418	1790	1938	354	
173796	Cerebelum_Crus2_L	0	0	0	0	0	0	0	0	0	0	0	0	0	0	0	0	0	0	0	0	0	0	0	0	0	0	0	0	0	0	0	0	0	0	0	0	0	0	0	0	0	0	0	0	0	0	1146	406	0	0	0	0	0	0	130	114	0	0	0	0	0	0	0	0	0	0	0	0	0	0	0	0	0	0	0	0	0	0	0	0	0	0	0	0	0	0	0	0	0	0	24038	1182	0	2396	0	0	510	144	5404	936	20998	186	16170	1782	656	730	0	0	0	0	420	2222	4514	2326	488	0	
237648	Cerebelum_Crus2_R	0	0	0	0	0	0	0	0	0	0	0	0	0	0	0	0	0	0	0	0	0	0	0	0	0	0	0	0	0	0	0	0	0	0	0	0	0	0	0	0	0	0	0	0	0	0	0	0	0	0	0	0	0	0	0	0	0	0	0	0	0	0	0	0	0	0	0	0	0	0	0	0	0	0	0	0	0	0	0	0	0	0	0	0	0	0	0	0	0	0	836	35242	2396	0	0	462	106	3038	464	10126	1490	20944	3080	23074	0	2364	0	0	0	118	932	2586	6348	4088	1130	0	
15364	Cerebelum_3_L	0	0	0	0	0	0	0	0	0	0	0	0	0	0	0	0	0	0	0	0	0	0	0	0	0	0	0	0	0	0	0	0	0	0	0	0	0	0	104	0	0	0	0	0	0	0	320	0	0	0	0	0	0	0	0	0	0	0	0	0	0	0	0	0	0	0	0	0	0	0	0	0	0	0	0	0	0	0	0	0	0	0	0	0	0	0	0	0	0	0	126	0	0	0	0	130	4960	0	304	0	0	0	202	0	706	0	0	0	168	440	222	0	0	0	0	0	
65300	Cerebelum_3_R	0	0	0	0	0	0	0	0	0	0	0	0	0	0	0	0	0	0	0	0	0	0	0	0	0	0	0	0	0	0	0	0	0	0	0	0	0	0	0	0	0	0	0	0	0	0	0	0	0	0	0	0	0	0	0	0	0	0	0	0	0	0	0	0	0	0	0	0	0	0	0	0	0	0	0	0	0	0	0	0	0	0	0	0	0	0	0	0	0	0	0	1418	0	462	130	0	198	5138	0	2674	0	0	674	738	494	4202	0	0	510	4232	4442	1736	1132	1322	2586	562	
207212	Cerebelum_4_5_L	0	0	0	0	0	0	0	0	0	0	0	0	0	0	0	0	0	0	0	0	0	0	0	0	0	0	0	0	0	0	0	0	0	0	0	0	108	0	364	0	0	0	0	0	0	0	9676	312	0	0	0	0	0	0	8946	1248	0	0	0	0	0	0	0	0	0	0	132	0	0	0	0	0	0	0	0	0	0	0	0	0	0	0	0	0	0	0	0	0	0	0	16278	2726	510	106	4960	198	0	4184	27686	3764	768	0	1392	0	3512	198	486	0	450	1110	12140	1324	424	110	190	304	
212700	Cerebelum_4_5_R	0	0	0	0	0	0	0	0	0	0	0	0	0	0	0	0	0	0	0	0	0	0	0	0	0	0	0	0	0	0	0	0	0	0	0	0	0	310	0	434	0	0	0	0	0	0	1362	2428	0	0	0	0	0	0	472	6548	0	0	0	0	0	0	0	0	0	0	0	254	0	0	0	0	0	0	0	0	0	0	0	0	0	0	0	0	0	0	0	0	0	0	1990	16544	144	3038	0	5138	4184	0	2808	25586	142	0	708	1514	454	4312	0	0	142	1772	15040	4356	1824	1366	2800	680	
279208	Cerebelum_6_L	0	0	0	0	0	0	0	0	0	0	0	0	0	0	0	0	0	0	0	0	0	0	0	0	0	0	0	0	0	0	0	0	0	0	0	0	0	0	122	0	0	0	0	0	0	0	11648	468	0	0	176	0	704	0	17858	1032	0	0	0	0	0	0	0	0	0	0	0	0	0	0	0	0	0	0	0	0	0	0	0	0	0	0	0	0	0	0	0	0	182	0	42878	3068	5404	464	304	0	27686	2808	0	3440	1874	0	2448	0	1076	280	216	0	0	154	7838	4350	2514	188	252	172	
299948	Cerebelum_6_R	0	0	0	0	0	0	0	0	0	0	0	0	0	0	0	0	0	0	0	0	0	0	0	0	0	0	0	0	0	0	0	0	0	0	0	0	0	0	0	0	0	0	0	110	0	0	1238	4694	0	0	0	0	0	588	484	9822	0	0	0	0	0	0	0	0	0	0	0	0	0	0	0	0	0	0	0	0	0	0	0	0	0	0	0	0	0	0	0	0	0	0	2782	40252	936	10126	0	2674	3764	25586	3440	0	212	164	334	1806	108	3138	0	0	0	820	13184	12506	6692	1346	2692	476	
125320	Cerebelum_7b_L	0	0	0	0	0	0	0	0	0	0	0	0	0	0	0	0	0	0	0	0	0	0	0	0	0	0	0	0	0	0	0	0	0	0	0	0	0	0	0	0	0	0	0	0	0	0	104	0	0	0	0	0	0	0	224	0	0	0	0	0	0	0	0	0	0	0	0	0	0	0	0	0	0	0	0	0	0	0	0	0	0	0	0	0	0	0	0	0	0	0	6834	394	20998	1490	0	0	768	142	1874	212	0	168	20822	1160	2168	410	158	0	0	0	376	154	1808	2084	312	0	
90820	Cerebelum_7b_R	0	0	0	0	0	0	0	0	0	0	0	0	0	0	0	0	0	0	0	0	0	0	0	0	0	0	0	0	0	0	0	0	0	0	0	0	0	0	0	0	0	0	0	0	0	0	0	0	0	0	0	0	0	0	0	0	0	0	0	0	0	0	0	0	0	0	0	0	0	0	0	0	0	0	0	0	0	0	0	0	0	0	0	0	0	0	0	0	0	0	0	5884	186	20944	0	0	0	0	0	164	168	0	256	16602	0	500	0	0	0	0	0	0	104	602	0	0	
188160	Cerebelum_8_L	0	0	0	0	0	0	0	0	0	0	0	0	0	0	0	0	0	0	0	0	0	0	0	0	0	0	0	0	0	0	0	0	0	0	0	0	0	0	0	0	0	0	0	0	0	0	216	0	0	0	0	0	0	0	102	0	0	0	0	0	0	0	0	0	0	0	0	0	0	0	0	0	0	0	0	0	0	0	0	0	0	0	0	0	0	0	0	0	0	0	7698	772	16170	3080	202	674	1392	708	2448	334	20822	256	0	3542	12844	2896	1568	0	0	302	1044	702	5802	6824	3196	486	
172632	Cerebelum_8_R	0	0	0	0	0	0	0	0	0	0	0	0	0	0	0	0	0	0	0	0	0	0	0	0	0	0	0	0	0	0	0	0	0	0	0	0	0	0	0	0	0	0	0	0	0	0	0	0	0	0	0	0	0	0	0	0	0	0	0	0	0	0	0	0	0	0	0	0	0	0	0	0	0	0	0	0	0	0	0	0	0	0	0	0	0	0	0	0	0	0	396	12136	1782	23074	0	738	0	1514	0	1806	1160	16602	3542	0	726	10610	0	272	0	216	574	234	3406	5310	2218	0	
79816	Cerebelum_9_L	0	0	0	0	0	0	0	0	0	0	0	0	0	0	0	0	0	0	0	0	0	0	0	0	0	0	0	0	0	0	0	0	0	0	0	0	0	0	0	0	0	0	0	0	0	0	200	0	0	0	0	0	0	0	0	0	0	0	0	0	0	0	0	0	0	0	0	0	0	0	0	0	0	0	0	0	0	0	0	0	0	0	0	0	0	0	0	0	0	0	552	156	656	0	706	494	3512	454	1076	108	2168	0	12844	726	0	1932	3148	0	0	296	1422	660	2306	2938	2684	870	
129648	Cerebelum_9_R	0	0	0	0	0	0	0	0	0	0	0	0	0	0	0	0	0	0	0	0	0	0	0	0	0	0	0	0	0	0	0	0	0	0	0	0	0	0	0	0	0	0	0	0	0	0	0	0	0	0	0	0	0	0	0	112	0	0	0	0	0	0	0	0	0	0	0	0	0	0	0	0	0	0	0	0	0	0	0	0	0	0	0	0	0	0	0	0	0	0	274	2334	730	2364	0	4202	198	4312	280	3138	410	500	2896	10610	1932	0	0	426	172	1846	4372	3520	4410	5532	7556	2698	
11428	Cerebelum_10_L	0	0	0	0	0	0	0	0	0	0	0	0	0	0	0	0	0	0	0	0	0	0	0	0	0	0	0	0	0	0	0	0	0	0	0	0	0	0	0	0	0	0	0	0	0	0	0	0	0	0	0	0	0	0	0	0	0	0	0	0	0	0	0	0	0	0	0	0	0	0	0	0	0	0	0	0	0	0	0	0	0	0	0	0	0	0	0	0	0	0	138	0	0	0	0	0	486	0	216	0	158	0	1568	0	3148	0	0	0	0	0	0	0	0	0	0	0	
1396	Cerebelum_10_R	0	0	0	0	0	0	0	0	0	0	0	0	0	0	0	0	0	0	0	0	0	0	0	0	0	0	0	0	0	0	0	0	0	0	0	0	0	0	0	0	0	0	0	0	0	0	0	0	0	0	0	0	0	0	0	0	0	0	0	0	0	0	0	0	0	0	0	0	0	0	0	0	0	0	0	0	0	0	0	0	0	0	0	0	0	0	0	0	0	0	0	0	0	0	0	0	0	0	0	0	0	0	0	272	0	426	0	0	0	0	0	0	0	0	0	0	
11888	Vermis_1_2	0	0	0	0	0	0	0	0	0	0	0	0	0	0	0	0	0	0	0	0	0	0	0	0	0	0	0	0	0	0	0	0	0	0	0	0	0	0	0	0	0	0	0	0	0	0	204	0	0	0	0	0	0	0	0	0	0	0	0	0	0	0	0	0	0	0	0	0	0	0	0	0	0	0	0	0	0	0	0	0	0	0	0	0	0	0	0	0	0	0	0	0	0	0	168	510	450	142	0	0	0	0	0	0	0	172	0	0	0	3238	934	126	0	0	0	0	
45020	Vermis_3	0	0	0	0	0	0	0	0	0	0	0	0	0	0	0	0	0	0	0	0	0	0	0	0	0	0	0	0	0	0	0	0	0	0	0	0	0	0	136	0	0	0	0	0	0	0	414	0	0	0	0	0	0	0	0	120	0	0	0	0	0	0	0	0	0	0	0	0	0	0	0	0	0	0	0	0	0	0	0	0	0	0	0	0	0	0	0	0	0	0	0	496	0	118	440	4232	1110	1772	154	820	0	0	302	216	296	1846	0	0	3238	0	3050	736	426	762	1174	652	
216916	Vermis_4_5	0	162	0	0	0	0	0	0	0	0	0	0	0	0	0	0	0	0	0	0	0	0	0	0	0	0	0	0	0	0	0	0	0	434	0	344	0	450	0	224	0	0	0	218	0	0	3320	2930	0	0	0	0	0	0	868	3588	0	388	0	0	0	0	0	0	0	0	0	1688	0	488	0	0	0	0	0	0	0	0	0	0	0	0	0	0	0	0	0	0	0	0	4982	7670	420	932	222	4442	12140	15040	7838	13184	376	0	1044	574	1422	4372	0	0	934	3050	0	6542	1450	1342	3302	2078	
155960	Vermis_6	0	0	0	0	0	0	0	0	0	0	0	0	0	0	0	0	0	0	0	0	0	0	0	0	0	0	0	0	0	0	0	0	0	0	0	0	0	0	0	0	0	0	0	0	0	0	934	3922	0	0	0	0	0	354	412	2852	0	0	0	0	0	0	0	0	0	0	0	0	0	0	0	0	0	0	0	0	0	0	0	0	0	0	0	0	0	0	0	0	0	0	3536	10006	2222	2586	0	1736	1324	4356	4350	12506	154	0	702	234	660	3520	0	0	126	736	6542	0	7090	1162	3338	2620	
149740	Vermis_7	0	0	0	0	0	0	0	0	0	0	0	0	0	0	0	0	0	0	0	0	0	0	0	0	0	0	0	0	0	0	0	0	0	0	0	0	0	0	0	0	0	0	0	0	0	0	298	804	0	0	0	0	0	0	246	370	0	0	0	0	0	0	0	0	0	0	0	0	0	0	0	0	0	0	0	0	0	0	0	0	0	0	0	0	0	0	0	0	0	0	4188	8418	4514	6348	0	1132	424	1824	2514	6692	1808	104	5802	3406	2306	4410	0	0	0	426	1450	7090	0	5358	4028	910	
