data	data	508208	190908	899636	733232	168808	84220	484644	258960	76000	15952	190232	165204	254168	156088	175348	97328	201340	99408	651888	902804	93732	90384	453136	396848	46276	100136	50100	73332	640148	308180	304216	439248	219992	568728	164592	210012	278920	305036	132644	149332	30132	41800	213848	293440	145120	207192	357780	364780	146164	232128	419276	268840	83436	180512	345504	432864	283132	277492	177876	128496	246676	76316	93316	106440	147228	101896	315868	371600	271752	228636	286504	361324	389172	299024	113852	28832	193568	169576	97848	28988	209488	89840	83784	47888	341040	296832	39336	14620	255480	212548	424148	423120	356392	275340	12116	44920	324912	226644	470432	405056	240740	162412	306532	269348	117788	102928	13168	24572	9060	43652	314792	199108	156760	129888	78772	39052	
data	data	Precentral_L	Precentral_R	Frontal_Sup_L	Frontal_Sup_R	Frontal_Sup_Orb_L	Frontal_Sup_Orb_R	Frontal_Mid_L	Frontal_Mid_R	Frontal_Mid_Orb_L	Frontal_Mid_Orb_R	Frontal_Inf_Oper_L	Frontal_Inf_Oper_R	Frontal_Inf_Tri_L	Frontal_Inf_Tri_R	Frontal_Inf_Orb_L	Frontal_Inf_Orb_R	Rolandic_Oper_L	Rolandic_Oper_R	Supp_Motor_Area_L	Supp_Motor_Area_R	Olfactory_L	Olfactory_R	Frontal_Sup_Medial_L	Frontal_Sup_Medial_R	Frontal_Med_Orb_L	Frontal_Med_Orb_R	Rectus_L	Rectus_R	Insula_L	Insula_R	Cingulum_Ant_L	Cingulum_Ant_R	Cingulum_Mid_L	Cingulum_Mid_R	Cingulum_Post_L	Cingulum_Post_R	Hippocampus_L	Hippocampus_R	ParaHippocampal_L	ParaHippocampal_R	Amygdala_L	Amygdala_R	Calcarine_L	Calcarine_R	Cuneus_L	Cuneus_R	Lingual_L	Lingual_R	Occipital_Sup_L	Occipital_Sup_R	Occipital_Mid_L	Occipital_Mid_R	Occipital_Inf_L	Occipital_Inf_R	Fusiform_L	Fusiform_R	Postcentral_L	Postcentral_R	Parietal_Sup_L	Parietal_Sup_R	Parietal_Inf_L	Parietal_Inf_R	SupraMarginal_L	SupraMarginal_R	Angular_L	Angular_R	Precuneus_L	Precuneus_R	Paracentral_Lobule_L	Paracentral_Lobule_R	Caudate_L	Caudate_R	Putamen_L	Putamen_R	Pallidum_L	Pallidum_R	Thalamus_L	Thalamus_R	Heschl_L	Heschl_R	Temporal_Sup_L	Temporal_Sup_R	Temporal_Pole_Sup_L	Temporal_Pole_Sup_R	Temporal_Mid_L	Temporal_Mid_R	Temporal_Pole_Mid_L	Temporal_Pole_Mid_R	Temporal_Inf_L	Temporal_Inf_R	Cerebelum_Crus1_L	Cerebelum_Crus1_R	Cerebelum_Crus2_L	Cerebelum_Crus2_R	Cerebelum_3_L	Cerebelum_3_R	Cerebelum_4_5_L	Cerebelum_4_5_R	Cerebelum_6_L	Cerebelum_6_R	Cerebelum_7b_L	Cerebelum_7b_R	Cerebelum_8_L	Cerebelum_8_R	Cerebelum_9_L	Cerebelum_9_R	Cerebelum_10_L	Cerebelum_10_R	Vermis_1_2	Vermis_3	Vermis_4_5	Vermis_6	Vermis_7	Vermis_8	Vermis_9	Vermis_10	
508208	Precentral_L	0	374	11048	2000	410	0	20860	612	0	0	13662	0	3804	0	976	0	13236	0	3110	14718	0	0	430	0	0	0	0	0	24278	462	190	0	218	8190	1070	2352	12024	1936	2020	470	0	0	0	0	0	0	620	70	0	0	196	0	0	0	1026	70	26806	226	148	0	5304	0	1590	0	0	0	106	210	26474	3264	5512	1928	7562	368	958	0	16330	3248	7276	0	4366	78	0	0	474	0	0	0	1148	0	0	0	0	0	0	0	0	0	0	0	0	0	0	0	0	0	0	0	0	296	0	0	0	0	0	0	
190908	Precentral_R	374	0	2572	12170	0	0	382	9800	0	0	0	2954	0	202	0	0	0	1930	2000	7510	0	0	0	206	0	0	0	0	120	2588	0	358	490	1054	1468	1516	104	4166	0	98	0	0	0	622	0	192	0	514	0	0	216	0	0	0	0	256	516	19814	0	146	0	156	0	3168	0	0	120	1456	1650	5494	844	524	144	2484	158	416	1632	1768	0	268	0	184	0	0	114	0	0	0	92	108	0	0	0	0	0	0	0	0	0	0	0	0	0	0	0	0	0	0	0	0	336	0	0	0	0	0	
899636	Frontal_Sup_L	11048	2572	0	9186	12594	0	66772	2420	3718	0	7114	1152	15642	342	7812	0	6690	86	58966	24318	702	84	50620	9602	1048	326	514	0	40618	408	22406	6222	8418	13104	0	94	2734	0	102	0	162	0	0	0	0	0	0	0	0	0	0	0	0	0	1218	0	3084	278	0	0	0	0	0	0	0	0	0	0	802	94	10946	884	24588	130	8234	0	6776	364	522	0	2764	0	334	0	0	0	0	0	992	0	102	0	0	0	0	0	0	0	110	0	0	0	0	0	0	0	0	0	0	0	0	0	0	0	0	0	
733232	Frontal_Sup_R	2000	12170	9186	0	0	1882	3346	33570	0	0	102	5478	102	8782	0	3008	228	3000	20400	69154	0	0	15834	38446	880	3212	0	84	468	10890	3194	31578	2224	24136	202	606	840	8060	0	902	0	0	0	0	0	0	0	118	0	0	0	0	0	0	82	340	158	780	0	0	0	0	0	128	0	0	0	0	302	268	6994	12344	1920	9884	2228	1948	3892	11120	0	0	72	0	0	0	0	0	0	0	0	74	0	0	0	0	0	0	0	0	0	0	0	0	0	0	0	0	0	0	0	0	0	0	0	0	0	0	
168808	Frontal_Sup_Orb_L	410	0	12594	0	0	0	2360	0	11200	0	0	0	1058	0	14508	0	0	0	1470	162	3082	212	2914	0	2218	0	5014	76	12348	0	2600	0	160	0	0	0	108	0	330	0	398	0	0	0	0	0	0	0	0	0	0	0	0	0	0	0	0	0	0	0	0	0	0	0	0	0	0	0	0	0	1272	322	7132	0	474	0	522	98	0	0	0	0	1362	0	0	0	0	0	0	0	0	0	0	0	0	0	0	0	0	0	0	0	0	0	0	0	0	0	0	0	0	0	0	0	0	0	
84220	Frontal_Sup_Orb_R	0	0	0	1882	0	0	0	1498	0	3614	0	0	0	184	0	4474	0	0	0	0	662	1640	0	1770	1366	7696	412	8750	0	286	234	1396	0	0	0	0	0	0	0	0	0	0	0	0	0	0	0	0	0	0	0	0	0	0	0	0	0	0	0	0	0	0	0	0	0	0	0	0	0	0	570	2546	154	2976	0	0	0	0	0	0	0	0	0	0	0	0	0	0	0	0	0	0	0	0	0	0	0	0	0	0	0	0	0	0	0	0	0	0	0	0	0	0	0	0	0	0	
484644	Frontal_Mid_L	20860	382	66772	3346	2360	0	0	784	4198	0	10482	242	28768	88	6726	0	3664	0	14954	4576	0	0	12778	1274	0	0	0	0	26328	88	4492	882	4270	2202	0	0	324	0	0	0	0	0	0	0	0	0	0	0	0	0	0	0	0	0	0	0	1426	0	0	0	146	0	0	0	0	0	0	0	866	0	5096	322	4520	0	1938	0	5064	224	136	0	1744	0	0	0	0	0	0	0	0	0	0	0	0	0	0	0	0	0	0	0	0	0	0	0	0	0	0	0	0	0	0	0	0	0	0	0	
258960	Frontal_Mid_R	612	9800	2420	33570	0	1498	784	0	0	964	0	7388	0	13774	0	6494	0	816	3140	4680	0	0	3674	9234	0	0	0	0	182	8424	232	5110	88	3398	0	176	86	678	0	0	0	0	0	0	0	0	0	0	0	0	0	0	0	0	0	0	0	372	0	0	0	0	0	88	0	0	0	0	92	0	2094	1364	476	4872	416	948	970	566	0	0	0	0	0	0	0	0	0	0	0	0	0	0	0	0	0	0	0	0	0	0	0	0	0	0	0	0	0	0	0	0	0	0	0	0	0	0	
76000	Frontal_Mid_Orb_L	0	0	3718	0	11200	0	4198	0	0	0	0	0	1636	0	12466	0	0	0	0	0	426	0	0	0	106	0	1290	0	1654	0	0	0	0	0	0	0	0	0	0	0	0	0	0	0	0	0	0	0	0	0	0	0	0	0	0	0	0	0	0	0	0	0	0	0	0	0	0	0	0	0	192	0	650	0	0	0	0	0	0	0	0	0	464	0	0	0	0	0	0	0	0	0	0	0	0	0	0	0	0	0	0	0	0	0	0	0	0	0	0	0	0	0	0	0	0	0	
15952	Frontal_Mid_Orb_R	0	0	0	0	0	3614	0	964	0	0	0	0	0	218	0	2724	0	0	0	0	0	0	0	0	0	0	0	352	0	104	0	0	0	0	0	0	0	0	0	0	0	0	0	0	0	0	0	0	0	0	0	0	0	0	0	0	0	0	0	0	0	0	0	0	0	0	0	0	0	0	0	0	0	0	0	0	0	0	0	0	0	0	0	0	0	0	0	0	0	0	0	0	0	0	0	0	0	0	0	0	0	0	0	0	0	0	0	0	0	0	0	0	0	0	0	0	
190232	Frontal_Inf_Oper_L	13662	0	7114	102	0	0	10482	0	0	0	0	0	12722	0	148	0	13164	0	3646	362	0	0	304	0	0	0	0	0	15998	0	676	0	0	0	0	0	270	0	0	0	0	0	0	0	0	0	0	0	0	0	0	0	0	0	72	0	4480	0	0	0	494	0	110	0	0	0	0	0	0	0	108	0	2556	0	912	0	126	0	850	0	5610	0	884	0	112	0	0	0	152	0	0	0	0	0	0	0	0	0	0	0	0	0	0	0	0	0	0	0	0	0	0	0	0	0	0	0	
165204	Frontal_Inf_Oper_R	0	2954	1152	5478	0	0	242	7388	0	0	0	0	110	10322	96	250	0	3874	5990	10016	0	0	870	1406	0	0	0	0	462	11924	218	3252	0	1868	0	0	0	494	0	220	0	0	0	0	0	0	0	0	0	0	0	0	0	0	0	218	0	1272	0	0	0	0	0	0	0	0	0	0	0	0	1254	3762	512	6066	436	0	228	0	0	150	0	118	0	0	0	0	0	0	0	0	0	0	0	0	0	0	0	0	0	0	0	0	0	0	0	0	0	0	0	0	0	0	0	0	0	0	
254168	Frontal_Inf_Tri_L	3804	0	15642	102	1058	0	28768	0	1636	0	12722	110	0	0	13348	0	2490	0	7030	358	0	0	912	0	0	0	0	0	28578	0	1546	92	250	124	0	0	184	0	0	0	0	0	0	0	0	0	0	0	0	0	0	0	0	0	0	0	382	0	0	0	0	0	0	0	0	0	0	0	0	0	820	76	3420	0	774	0	522	0	180	0	1476	0	680	0	0	0	0	0	0	0	0	0	0	0	0	0	0	0	0	0	0	0	0	0	0	0	0	0	0	0	0	0	0	0	0	0	
156088	Frontal_Inf_Tri_R	0	202	342	8782	0	184	88	13774	0	218	0	10322	0	0	0	3682	0	144	3436	5862	0	0	840	2118	0	0	0	0	0	17782	150	1720	0	1064	0	0	0	210	0	102	0	0	0	0	0	0	0	0	0	0	0	0	0	0	0	92	0	0	0	0	0	0	0	0	0	0	0	0	0	0	0	3052	0	3680	0	0	128	70	0	0	0	0	0	0	0	0	0	0	0	0	0	0	0	0	0	0	0	0	0	0	0	0	0	0	0	0	0	0	0	0	0	0	0	0	0	0	
175348	Frontal_Inf_Orb_L	976	0	7812	0	14508	0	6726	0	12466	0	148	96	13348	0	0	0	0	0	1570	78	3084	0	306	0	404	0	1186	0	15566	0	460	0	0	0	0	0	444	0	248	0	364	0	0	0	0	0	0	0	0	0	0	0	0	0	132	0	90	0	0	0	0	0	0	0	0	0	0	0	0	0	1374	122	3362	0	522	0	386	0	0	0	154	0	1742	0	0	0	0	0	0	0	0	0	0	0	0	0	0	0	0	0	0	0	0	0	0	0	0	0	0	0	0	0	0	0	0	0	
97328	Frontal_Inf_Orb_R	0	0	0	3008	0	4474	0	6494	0	2724	0	250	0	3682	0	0	0	0	414	1718	652	1734	0	286	0	242	324	2010	0	6738	174	694	0	300	0	0	0	168	0	96	0	446	0	0	0	0	0	0	0	0	0	0	0	0	0	116	0	0	0	0	0	0	0	0	0	0	0	0	0	0	496	5134	126	4546	0	0	0	1618	0	0	0	0	0	0	0	0	0	0	0	0	0	0	0	0	0	0	0	0	0	0	0	0	0	0	0	0	0	0	0	0	0	0	0	0	0	0	
201340	Rolandic_Oper_L	13236	0	6690	228	0	0	3664	0	0	0	13164	0	2490	0	0	0	0	0	1374	442	0	0	0	0	0	0	0	0	15684	0	84	0	0	0	0	0	304	0	148	0	0	0	0	0	0	0	0	0	0	0	1512	0	0	0	0	0	9790	0	1216	0	1524	0	1222	0	132	0	372	0	332	0	204	0	1970	0	608	0	102	0	5122	0	12596	0	1842	0	3164	0	0	0	1454	0	0	0	0	0	0	0	0	0	0	0	0	0	0	0	0	0	0	0	0	0	0	0	0	0	0	0	
99408	Rolandic_Oper_R	0	1930	86	3000	0	0	0	816	0	0	0	3874	0	144	0	0	0	0	2542	9588	0	0	0	0	0	0	0	0	0	11920	0	136	0	0	0	0	0	1316	0	0	0	0	0	0	0	0	0	0	0	0	0	0	0	0	0	106	0	2660	0	0	0	0	0	2274	0	0	0	0	0	200	0	484	0	1594	0	0	100	0	0	2976	0	3486	0	208	0	92	0	0	0	172	0	0	0	0	0	0	0	0	0	0	0	0	0	0	0	0	0	0	0	0	0	0	0	0	0	0	
651888	Supp_Motor_Area_L	3110	2000	58966	20400	1470	0	14954	3140	0	0	3646	5990	7030	3436	1570	414	1374	2542	0	58128	0	0	13990	6788	166	0	210	0	14516	4750	7698	9088	18342	30890	194	252	162	0	0	0	0	0	0	0	0	0	0	0	0	0	0	0	0	0	0	0	256	412	0	0	0	0	0	98	0	0	208	222	4884	220	6150	3976	8456	772	2908	0	1476	0	0	0	500	110	0	80	0	0	0	0	0	0	0	0	0	0	0	0	0	0	0	0	0	0	0	0	0	0	0	0	0	0	0	0	0	0	0	0	
902804	Supp_Motor_Area_R	14718	7510	24318	69154	162	0	4576	4680	0	0	362	10016	358	5862	78	1718	442	9588	58128	0	0	0	4834	8552	0	0	0	0	1250	14734	3328	13636	12690	48486	782	1100	772	8424	0	1570	0	0	0	0	0	0	0	136	0	0	0	0	0	0	72	946	340	2904	0	0	0	172	0	230	0	0	266	110	19706	11334	10336	24848	3290	13614	3490	2200	4394	20170	0	270	234	272	0	88	0	0	0	0	0	152	0	0	0	0	0	0	0	0	0	0	0	0	0	0	0	0	0	0	0	0	0	0	0	0	0	0	
93732	Olfactory_L	0	0	702	0	3082	662	0	0	426	0	0	0	0	0	3084	652	0	0	0	0	0	5558	82	0	844	336	3564	1544	4700	364	2596	1658	0	0	0	0	744	0	666	0	1046	0	0	0	0	0	0	0	0	0	0	0	0	0	306	0	0	0	0	0	0	0	0	0	0	0	0	0	0	0	6662	3334	2914	314	194	0	0	0	0	0	178	0	536	0	0	0	0	0	118	0	0	0	0	0	0	0	0	0	0	0	0	0	0	0	0	0	0	0	0	0	0	0	0	0	0	0	
90384	Olfactory_R	0	0	84	0	212	1640	0	0	0	0	0	0	0	0	0	1734	0	0	0	0	5558	0	0	106	108	1500	1814	3618	0	2092	2744	2678	0	0	0	0	0	0	0	0	0	304	0	0	0	0	0	0	0	0	0	0	0	0	0	0	0	0	0	0	0	0	0	0	0	0	0	0	0	0	7856	7140	4642	1026	336	0	0	0	0	0	0	0	0	0	0	0	0	0	0	0	0	0	0	0	0	0	0	0	0	0	0	0	0	0	0	0	0	0	0	0	0	0	0	0	0	0	
453136	Frontal_Sup_Medial_L	430	0	50620	15834	2914	0	12778	3674	0	0	304	870	912	840	306	0	0	0	13990	4834	82	0	0	31082	1854	1214	268	0	3522	672	27290	18944	6726	19206	0	0	70	0	0	0	0	0	0	0	0	0	0	0	0	0	0	0	0	0	0	0	0	0	0	0	0	0	0	0	0	0	0	0	0	0	912	514	4824	238	298	0	468	0	0	0	0	0	78	0	0	0	0	0	0	0	0	0	0	0	0	0	0	0	0	0	0	0	0	0	0	0	0	0	0	0	0	0	0	0	0	0	
396848	Frontal_Sup_Medial_R	0	206	9602	38446	0	1770	1274	9234	0	0	0	1406	0	2118	0	286	0	0	6788	8552	0	106	31082	0	1502	7800	0	722	192	1922	5414	31508	1000	20820	0	0	0	0	0	0	0	0	0	0	0	0	0	0	0	0	0	0	0	0	0	0	0	0	0	0	0	0	0	0	0	0	0	0	0	0	94	9130	122	6566	0	0	268	494	0	0	0	0	0	0	0	0	0	0	0	0	0	0	0	0	0	0	0	0	0	0	0	0	0	0	0	0	0	0	0	0	0	0	0	0	0	0	
46276	Frontal_Med_Orb_L	0	0	1048	880	2218	1366	0	0	106	0	0	0	0	0	404	0	0	0	166	0	844	108	1854	1502	0	3286	1838	624	386	0	2962	410	0	0	0	0	0	0	0	0	0	0	0	0	0	0	0	0	0	0	0	0	0	0	0	0	0	0	0	0	0	0	0	0	0	0	0	0	0	0	582	860	924	770	0	0	0	0	0	0	0	0	0	0	0	0	0	0	0	0	0	0	0	0	0	0	0	0	0	0	0	0	0	0	0	0	0	0	0	0	0	0	0	0	0	0	
100136	Frontal_Med_Orb_R	0	0	326	3212	0	7696	0	0	0	0	0	0	0	0	0	242	0	0	0	0	336	1500	1214	7800	3286	0	192	7574	0	0	1770	5896	0	0	0	0	0	0	0	0	0	0	0	0	0	0	0	0	0	0	0	0	0	0	0	0	0	0	0	0	0	0	0	0	0	0	0	0	0	0	96	4716	76	4136	0	0	0	0	0	0	0	0	0	0	0	0	0	0	0	0	0	0	0	0	0	0	0	0	0	0	0	0	0	0	0	0	0	0	0	0	0	0	0	0	0	0	
50100	Rectus_L	0	0	514	0	5014	412	0	0	1290	0	0	0	0	0	1186	324	0	0	210	0	3564	1814	268	0	1838	192	0	910	618	0	1870	632	0	0	0	0	0	0	80	0	82	0	0	0	0	0	0	0	0	0	0	0	0	0	0	0	0	0	0	0	0	0	0	0	0	0	0	0	0	0	2514	818	900	0	0	0	0	0	0	0	0	0	0	0	0	0	0	0	0	0	0	0	0	0	0	0	0	0	0	0	0	0	0	0	0	0	0	0	0	0	0	0	0	0	0	0	
73332	Rectus_R	0	0	0	84	76	8750	0	0	0	352	0	0	0	0	0	2010	0	0	0	0	1544	3618	0	722	624	7574	910	0	0	680	1182	3794	0	0	0	0	0	0	0	0	0	0	0	0	0	0	0	0	0	0	0	0	0	0	0	0	0	0	0	0	0	0	0	0	0	0	0	0	0	0	1170	2466	440	670	0	0	0	0	0	0	0	0	0	0	0	0	0	0	0	0	0	0	0	0	0	0	0	0	0	0	0	0	0	0	0	0	0	0	0	0	0	0	0	0	0	0	
640148	Insula_L	24278	120	40618	468	12348	0	26328	182	1654	0	15998	462	28578	0	15566	0	15684	0	14516	1250	4700	0	3522	192	386	0	618	0	0	0	3698	322	712	346	272	276	11050	262	2264	0	2782	0	0	0	0	0	348	0	0	0	386	0	0	0	5408	0	11782	0	276	0	1322	0	684	0	70	0	218	0	416	0	2374	580	27830	0	3496	0	2618	310	11706	0	8982	0	4528	0	2028	0	72	0	4820	0	180	0	0	0	0	0	0	0	188	0	0	0	0	0	0	0	0	0	0	0	0	0	0	0	0	0	
308180	Insula_R	462	2588	408	10890	0	286	88	8424	0	104	0	11924	0	17782	0	6738	0	11920	4750	14734	364	2092	672	1922	0	0	0	680	0	0	216	1680	0	756	108	558	258	6228	0	1488	0	964	0	0	0	0	0	0	0	0	0	0	0	0	0	2540	0	330	0	0	0	76	0	0	0	0	0	130	412	430	282	4404	72	19682	0	0	784	1286	0	3114	0	5996	0	1568	0	1142	0	98	0	2660	0	0	0	0	0	0	0	0	0	0	0	0	0	0	0	0	0	0	0	0	0	0	0	0	0	0	
304216	Cingulum_Ant_L	190	0	22406	3194	2600	234	4492	232	0	0	676	218	1546	150	460	174	84	0	7698	3328	2596	2744	27290	5414	2962	1770	1870	1182	3698	216	0	18272	6236	5468	0	0	0	0	0	0	0	0	0	0	0	0	0	0	0	0	0	0	0	0	0	0	0	0	0	0	0	0	0	0	0	0	0	0	0	0	7002	5456	9750	2224	106	0	88	0	0	0	0	0	82	0	0	0	0	0	0	0	0	0	0	0	0	0	0	0	0	0	0	0	0	0	0	0	0	0	0	0	0	0	0	0	0	0	
439248	Cingulum_Ant_R	0	358	6222	31578	0	1396	882	5110	0	0	0	3252	92	1720	0	694	0	136	9088	13636	1658	2678	18944	31508	410	5896	632	3794	322	1680	18272	0	2574	24018	0	0	0	0	0	0	0	0	0	0	0	0	0	0	0	0	0	0	0	0	0	0	0	80	0	0	0	0	0	0	0	0	0	0	0	0	2572	17886	1456	9886	0	0	504	690	0	0	0	0	0	0	0	0	0	0	0	0	0	0	0	0	0	0	0	0	0	0	0	0	0	0	0	0	0	0	0	0	0	0	0	0	0	0	
219992	Cingulum_Mid_L	218	490	8418	2224	160	0	4270	88	0	0	0	0	250	0	0	0	0	0	18342	12690	0	0	6726	1000	0	0	0	0	712	0	6236	2574	0	19812	2954	950	0	0	0	0	0	0	968	306	798	952	0	94	344	546	766	386	0	226	0	86	74	616	674	0	82	0	0	0	0	0	6944	2238	2900	1372	0	0	388	0	0	0	148	0	0	0	74	0	0	0	166	342	0	0	122	170	0	0	0	0	0	0	0	0	0	0	0	0	0	0	0	0	0	0	0	0	100	0	0	0	0	0	
568728	Cingulum_Mid_R	8190	1054	13104	24136	0	0	2202	3398	0	0	0	1868	124	1064	0	300	0	0	30890	48486	0	0	19206	20820	0	0	0	0	346	756	5468	24018	19812	0	3542	4430	0	76	0	0	0	0	0	626	0	434	0	620	0	0	92	0	0	148	0	406	180	3858	0	0	0	0	0	0	0	0	1126	5276	16820	14510	2270	932	978	88	1038	0	470	338	0	0	0	0	0	0	0	70	0	0	0	78	0	0	0	0	0	0	0	0	0	0	0	0	0	0	0	0	0	0	0	0	716	0	0	0	0	0	
164592	Cingulum_Post_L	1070	1468	0	202	0	0	0	0	0	0	0	0	0	0	0	0	0	0	194	782	0	0	0	0	0	0	0	0	272	108	0	0	2954	3542	0	16822	5476	5814	2988	906	0	0	2816	114	584	0	2432	744	180	0	1074	0	78	0	1134	624	540	3128	396	430	136	0	0	0	114	0	8404	4876	1556	3698	0	0	0	0	0	0	1106	632	268	0	144	0	0	0	984	200	0	0	678	646	0	0	0	0	0	0	446	0	0	0	0	0	0	0	0	0	0	0	0	0	1536	0	0	0	0	0	
210012	Cingulum_Post_R	2352	1516	94	606	0	0	0	176	0	0	0	0	0	0	0	0	0	0	252	1100	0	0	0	0	0	0	0	0	276	558	0	0	950	4430	16822	0	5370	9494	2010	1804	0	0	938	828	194	316	1288	6304	0	0	464	0	0	246	750	1756	1034	3366	148	1736	0	76	0	0	0	0	3980	12818	2726	2842	0	0	0	408	0	0	2812	2566	264	0	128	82	0	0	348	530	0	0	304	1792	0	0	0	0	0	0	230	0	0	0	0	0	0	0	0	0	0	0	0	0	5922	0	0	0	0	0	
278920	Hippocampus_L	12024	104	2734	840	108	0	324	86	0	0	270	0	184	0	444	0	304	0	162	772	744	0	70	0	0	0	0	0	11050	258	0	0	0	0	5476	5370	0	4716	16160	1058	4880	0	1428	0	0	0	5746	224	0	0	444	0	94	0	16026	0	3166	0	148	0	304	0	0	0	124	0	3326	538	1954	0	810	208	8918	300	422	0	4512	1464	3210	0	1594	0	796	0	1486	0	0	0	10884	0	580	0	116	0	0	0	1266	0	646	0	0	0	86	0	0	0	0	0	0	196	306	0	0	0	0	0	
305036	Hippocampus_R	1936	4166	0	8060	0	0	0	678	0	0	0	494	0	210	0	168	0	1316	0	8424	0	0	0	0	0	0	0	0	262	6228	0	0	0	76	5814	9494	4716	0	1722	20060	0	6874	140	466	0	0	918	3066	0	0	128	0	0	94	714	21604	640	892	0	0	0	76	0	0	0	0	1010	2336	3006	1718	0	94	0	10870	0	1618	2436	5320	254	1632	102	1476	0	1748	114	1408	0	0	164	5568	0	220	0	0	0	0	134	1004	0	192	0	0	0	0	0	0	0	0	0	0	658	0	0	0	0	0	
132644	ParaHippocampal_L	2020	0	102	0	330	0	0	0	0	0	0	0	0	0	248	0	148	0	0	0	666	0	0	0	0	0	80	0	2264	0	0	0	0	0	2988	2010	16160	1722	0	212	1728	0	1824	0	0	0	7718	178	0	0	528	0	72	0	8264	0	988	0	0	0	0	0	0	0	0	0	3716	374	334	0	0	0	2598	0	0	0	522	324	144	0	234	0	1058	0	114	0	850	0	624	0	898	0	0	0	276	0	2472	0	1078	0	0	0	74	0	0	0	0	0	0	204	178	0	0	0	0	0	
149332	ParaHippocampal_R	470	98	0	902	0	0	0	0	0	0	0	220	0	102	0	96	0	0	0	1570	0	0	0	0	0	0	0	0	0	1488	0	0	0	0	906	1804	1058	20060	212	0	0	4312	0	468	0	0	106	4404	0	0	0	0	0	364	116	17158	0	0	0	0	0	0	0	0	0	0	110	1058	360	0	0	0	0	5502	0	1426	958	1106	0	112	0	162	0	2492	0	302	0	518	0	1496	0	176	0	0	0	92	0	2378	0	210	0	0	0	0	0	0	0	0	0	0	294	0	0	0	0	0	
30132	Amygdala_L	0	0	162	0	398	0	0	0	0	0	0	0	0	0	364	0	0	0	0	0	1046	0	0	0	0	0	82	0	2782	0	0	0	0	0	0	0	4880	0	1728	0	0	0	0	0	0	0	0	0	0	0	0	0	0	0	1916	0	0	0	0	0	0	0	0	0	0	0	0	0	0	0	0	270	264	74	0	0	0	0	0	0	0	0	470	0	0	0	0	0	630	0	0	0	0	0	0	0	0	0	0	0	0	0	0	0	0	0	0	0	0	0	0	0	0	0	0	0	
41800	Amygdala_R	0	0	0	0	0	0	0	0	0	0	0	0	0	0	0	446	0	0	0	0	0	304	0	0	0	0	0	0	0	964	0	0	0	0	0	0	0	6874	0	4312	0	0	0	0	0	0	0	0	0	0	0	0	0	0	0	4634	0	0	0	0	0	0	0	0	0	0	0	0	0	0	0	0	0	1144	0	0	0	0	0	0	0	0	0	2132	0	0	0	0	0	90	0	0	0	0	0	0	0	0	0	0	0	0	0	0	0	0	0	0	0	0	0	0	0	0	0	0	
213848	Calcarine_L	0	0	0	0	0	0	0	0	0	0	0	0	0	0	0	0	0	0	0	0	0	0	0	0	0	0	0	0	0	0	0	0	968	0	2816	938	1428	140	1824	0	0	0	0	4404	11658	2670	12312	1582	7412	1324	19914	384	4066	0	2536	444	498	0	2072	0	348	0	0	0	306	0	17452	1292	130	0	0	0	0	0	0	0	0	0	168	0	148	0	0	0	3790	0	0	0	1656	0	0	0	0	0	0	0	832	0	668	0	0	0	0	0	0	0	0	0	0	0	520	224	0	0	0	0	
293440	Calcarine_R	0	622	0	0	0	0	0	0	0	0	0	0	0	0	0	0	0	0	0	0	0	0	0	0	0	0	0	0	0	0	0	0	306	626	114	828	0	466	0	468	0	0	4404	0	3688	19464	2424	20288	82	18402	0	14836	0	8368	0	12606	0	2486	0	1184	0	72	0	102	0	276	1136	17930	120	2816	0	0	0	0	0	0	0	0	0	0	0	0	0	0	0	7494	0	0	0	1736	0	350	0	0	0	0	0	988	0	366	0	0	0	0	0	0	0	0	0	0	1672	0	0	0	0	0	
145120	Cuneus_L	0	0	0	0	0	0	0	0	0	0	0	0	0	0	0	0	0	0	0	0	0	0	0	0	0	0	0	0	0	0	0	0	798	0	584	194	0	0	0	0	0	0	11658	3688	0	6088	340	190	16852	1888	9890	366	0	0	0	114	0	0	3754	0	0	0	0	0	0	0	12554	1856	0	0	0	0	0	0	0	0	0	0	0	0	0	0	0	0	1312	0	0	0	434	0	0	0	0	0	0	0	0	0	0	0	0	0	0	0	0	0	0	0	0	0	0	0	0	0	0	0	
207192	Cuneus_R	0	192	0	0	0	0	0	0	0	0	0	0	0	0	0	0	0	0	0	0	0	0	0	0	0	0	0	0	0	0	0	0	952	434	0	316	0	0	0	0	0	0	2670	19464	6088	0	700	4356	98	19186	0	9658	0	3676	0	2768	0	1762	0	2206	0	104	0	102	0	378	3418	14654	98	2790	0	0	0	0	0	0	0	0	0	0	0	0	0	0	0	5556	0	0	0	1764	0	0	0	0	0	0	0	0	0	0	0	0	0	0	0	0	0	0	0	0	206	0	0	0	0	0	
357780	Lingual_L	620	0	0	0	0	0	0	0	0	0	0	0	0	0	0	0	0	0	0	0	0	0	0	0	0	0	0	0	348	0	0	0	0	0	2432	1288	5746	918	7718	106	0	0	12312	2424	340	700	0	4438	622	692	10728	324	3914	0	20184	1020	430	0	152	0	144	0	0	0	704	0	9016	414	108	0	0	0	494	0	0	0	298	178	110	0	98	0	0	0	3108	0	0	0	842	0	14738	1806	2414	320	464	0	19230	1528	23994	2516	414	110	538	368	530	430	0	0	0	208	9504	4594	404	614	498	698	
364780	Lingual_R	70	514	0	118	0	0	0	0	0	0	0	0	0	0	0	0	0	0	0	136	0	0	0	0	0	0	0	0	0	0	0	0	94	620	744	6304	224	3066	178	4404	0	0	1582	20288	190	4356	4438	0	0	5564	128	5222	96	8252	792	24440	0	1788	0	1232	0	76	0	0	0	180	580	15312	126	1766	0	0	0	0	0	0	0	130	0	0	0	0	0	0	0	3768	0	0	0	1116	2282	8068	2256	802	84	72	3368	9598	4964	10548	100	82	0	0	104	0	0	0	0	82	12804	6178	3104	0	0	0	
146164	Occipital_Sup_L	0	0	0	0	0	0	0	0	0	0	0	0	0	0	0	0	0	0	0	0	0	0	0	0	0	0	0	0	0	0	0	0	344	0	180	0	0	0	0	0	0	0	7412	82	16852	98	622	0	0	0	22136	0	424	0	0	0	182	0	9720	0	332	0	0	0	194	0	12392	0	238	0	0	0	0	0	0	0	0	0	0	0	0	0	0	0	1564	0	0	0	310	0	0	0	0	0	0	0	0	0	0	0	0	0	0	0	0	0	0	0	0	0	0	0	0	0	0	0	
232128	Occipital_Sup_R	0	0	0	0	0	0	0	0	0	0	0	0	0	0	0	0	0	0	0	0	0	0	0	0	0	0	0	0	0	0	0	0	546	0	0	0	0	0	0	0	0	0	1324	18402	1888	19186	692	5564	0	0	0	22778	0	6026	0	3274	0	3230	0	4270	0	598	0	70	0	2844	1198	9930	0	1698	0	0	0	0	0	0	0	0	0	0	0	0	0	0	0	9900	0	0	0	2646	0	0	0	0	0	0	0	0	0	0	0	0	0	0	0	0	0	0	0	0	0	0	0	0	0	0	
419276	Occipital_Mid_L	196	216	0	0	0	0	0	0	0	0	0	0	0	0	0	0	1512	0	0	0	0	0	0	0	0	0	0	0	386	0	0	0	766	92	1074	464	444	128	528	0	0	0	19914	0	9890	0	10728	128	22136	0	0	0	14864	0	6814	80	3768	256	22508	0	17154	0	1788	0	18396	0	18776	128	1438	266	0	0	0	0	0	0	0	0	600	0	2054	0	0	0	23728	0	0	0	6518	90	228	0	190	0	0	0	74	0	900	0	0	0	0	0	0	0	0	0	0	0	130	288	0	0	0	0	
268840	Occipital_Mid_R	0	0	0	0	0	0	0	0	0	0	0	0	0	0	0	0	0	0	0	0	0	0	0	0	0	0	0	0	0	0	0	0	386	0	0	0	0	0	0	0	0	0	384	14836	366	9658	324	5222	0	22778	0	0	0	14154	0	5172	0	2650	0	2216	0	2282	0	676	0	9892	1082	9050	0	1644	0	0	0	0	0	0	0	0	0	0	0	110	0	0	0	26060	0	0	0	5478	0	0	0	0	0	0	0	0	0	0	0	0	0	0	0	0	0	0	0	0	0	0	0	0	0	0	
83436	Occipital_Inf_L	0	0	0	0	0	0	0	0	0	0	0	0	0	0	0	0	0	0	0	0	0	0	0	0	0	0	0	0	0	0	0	0	0	0	78	0	94	0	72	0	0	0	4066	0	0	0	3914	96	424	0	14864	0	0	0	6010	0	180	0	156	0	124	0	0	0	232	0	350	0	202	0	0	0	0	0	0	0	0	0	102	0	70	0	0	0	4152	0	0	0	5372	0	144	0	0	0	0	0	0	0	678	0	0	0	0	0	0	0	0	0	0	0	112	226	0	0	0	0	
180512	Occipital_Inf_R	0	0	0	0	0	0	0	0	0	0	0	0	0	0	0	0	0	0	0	0	0	0	0	0	0	0	0	0	0	0	0	0	226	148	0	246	0	94	0	364	0	0	0	8368	0	3676	0	8252	0	6026	0	14154	0	0	0	11756	0	2180	0	1364	0	0	0	0	0	596	578	6548	0	1698	0	0	0	0	0	0	0	0	0	0	0	0	0	0	0	13360	0	0	0	9484	0	186	0	0	0	0	0	126	70	306	0	0	0	0	0	0	0	0	0	0	202	248	0	0	0	0	
345504	Fusiform_L	1026	0	1218	82	0	0	0	0	0	0	72	0	0	0	132	0	0	0	0	72	306	0	0	0	0	0	0	0	5408	0	0	0	0	0	1134	750	16026	714	8264	116	1916	0	2536	0	0	0	20184	792	0	0	6814	0	6010	0	0	0	782	0	0	0	0	0	0	0	696	0	1620	0	72	0	0	0	4120	0	0	0	512	140	626	0	1768	0	3804	0	4370	0	3506	0	16756	0	21354	160	1786	0	0	0	8042	90	24210	318	590	0	708	0	144	0	0	0	0	0	1692	1314	0	0	0	0	
432864	Fusiform_R	70	256	0	340	0	0	0	0	0	0	0	218	0	92	0	116	0	106	0	946	0	0	0	0	0	0	0	0	0	2540	0	0	86	406	624	1756	0	21604	0	17158	0	4634	444	12606	114	2768	1020	24440	0	3274	80	5172	0	11756	0	0	272	1378	0	478	0	144	0	94	0	318	254	5472	424	2538	0	0	0	6540	0	394	0	166	0	312	0	666	0	6868	70	7340	0	2118	0	17164	532	13364	326	332	0	1078	1420	8888	1760	16340	0	0	0	302	0	240	0	138	0	0	3076	2124	876	0	0	0	
283132	Postcentral_L	26806	516	3084	158	0	0	1426	0	0	0	4480	0	382	0	90	0	9790	0	256	340	0	0	0	0	0	0	0	0	11782	0	0	0	74	180	540	1034	3166	640	988	0	0	0	498	0	0	0	430	0	182	0	3768	0	180	0	782	272	0	600	6898	0	24222	0	6140	0	1090	0	2670	0	7356	602	452	0	4536	0	626	0	294	0	5500	0	2968	0	194	0	3050	0	0	0	2220	304	0	0	0	0	0	0	0	0	0	0	0	0	0	0	0	0	0	0	0	0	0	0	0	0	0	0	
277492	Postcentral_R	226	19814	278	780	0	0	0	372	0	0	0	1272	0	0	0	0	0	2660	412	2904	0	0	0	0	0	0	0	0	0	330	0	80	616	3858	3128	3366	0	892	0	0	0	0	0	2486	0	1762	0	1788	0	3230	256	2650	0	2180	0	1378	600	0	70	15836	0	6134	0	15086	0	2330	340	10678	3896	14558	328	76	80	0	84	0	428	74	0	192	0	788	0	0	124	5482	0	0	90	3846	0	0	0	0	0	0	0	0	0	0	0	0	0	0	0	0	0	0	0	0	908	0	0	0	0	0	
177876	Parietal_Sup_L	148	0	0	0	0	0	0	0	0	0	0	0	0	0	0	0	1216	0	0	0	0	0	0	0	0	0	0	0	276	0	0	0	674	0	396	148	148	0	0	0	0	0	2072	0	3754	0	152	0	9720	0	22508	0	156	0	0	0	6898	70	0	0	11004	0	1158	0	4044	0	18934	96	562	70	0	0	0	0	0	0	0	0	126	0	1302	0	0	0	2496	0	0	0	810	0	0	0	0	0	0	0	0	0	0	0	0	0	0	0	0	0	0	0	0	0	0	0	0	0	0	0	
128496	Parietal_Sup_R	0	146	0	0	0	0	0	0	0	0	0	0	0	0	0	0	0	0	0	0	0	0	0	0	0	0	0	0	0	0	0	0	0	0	430	1736	0	0	0	0	0	0	0	1184	0	2206	0	1232	0	4270	0	2216	0	1364	0	478	0	15836	0	0	0	4122	0	1318	0	4448	150	12260	78	2980	0	0	0	0	0	0	0	0	0	0	0	250	0	0	0	4316	0	0	0	2330	0	0	0	0	0	0	0	0	0	0	0	0	0	0	0	0	0	0	0	0	898	0	0	0	0	0	
246676	Parietal_Inf_L	5304	0	0	0	0	0	146	0	0	0	494	0	0	0	0	0	1524	0	0	0	0	0	0	0	0	0	0	0	1322	0	0	0	82	0	136	0	304	0	0	0	0	0	348	0	0	0	144	0	332	0	17154	0	124	0	0	0	24222	0	11004	0	0	0	13902	0	23398	0	3234	0	956	0	0	0	0	0	0	0	0	0	762	0	2726	0	0	0	13602	0	0	0	2118	0	0	0	0	0	0	0	0	0	0	0	0	0	0	0	0	0	0	0	0	0	0	0	0	0	0	0	
76316	Parietal_Inf_R	0	156	0	0	0	0	0	0	0	0	0	0	0	0	0	0	0	0	0	172	0	0	0	0	0	0	0	0	0	76	0	0	0	0	0	76	0	76	0	0	0	0	0	72	0	104	0	76	0	598	0	2282	0	0	0	144	0	6134	0	4122	0	0	0	8660	0	11816	0	594	0	198	0	0	0	0	0	0	0	0	0	196	0	564	0	0	0	428	0	0	0	1614	0	0	0	0	0	0	0	0	0	0	0	0	0	0	0	0	0	0	0	0	0	0	0	0	0	0	
93316	SupraMarginal_L	1590	0	0	0	0	0	0	0	0	0	110	0	0	0	0	0	1222	0	0	0	0	0	0	0	0	0	0	0	684	0	0	0	0	0	0	0	0	0	0	0	0	0	0	0	0	0	0	0	0	0	1788	0	0	0	0	0	6140	0	1158	0	13902	0	0	0	4780	0	868	0	184	0	80	0	0	0	0	0	0	0	220	0	6294	0	0	0	7434	0	0	0	204	0	0	0	0	0	0	0	0	0	0	0	0	0	0	0	0	0	0	0	0	0	0	0	0	0	0	0	
106440	SupraMarginal_R	0	3168	0	128	0	0	0	88	0	0	0	0	0	0	0	0	0	2274	98	230	0	0	0	0	0	0	0	0	0	0	0	0	0	0	0	0	0	0	0	0	0	0	0	102	0	102	0	0	0	70	0	676	0	0	0	94	0	15086	0	1318	0	8660	0	0	0	5484	0	476	0	212	0	0	0	0	0	0	0	0	0	246	0	9172	0	0	0	3204	0	0	0	2332	0	0	0	0	0	0	0	0	0	0	0	0	0	0	0	0	0	0	0	0	0	0	0	0	0	0	
147228	Angular_L	0	0	0	0	0	0	0	0	0	0	0	0	0	0	0	0	132	0	0	0	0	0	0	0	0	0	0	0	70	0	0	0	0	0	114	0	124	0	0	0	0	0	306	0	0	0	704	0	194	0	18396	0	232	0	696	0	1090	0	4044	0	23398	0	4780	0	0	0	1034	0	262	0	0	0	0	0	0	0	0	0	158	0	1628	0	0	0	14854	0	0	0	1398	0	0	0	0	0	0	0	0	0	0	0	0	0	0	0	0	0	0	0	0	0	0	0	0	0	0	0	
101896	Angular_R	0	0	0	0	0	0	0	0	0	0	0	0	0	0	0	0	0	0	0	0	0	0	0	0	0	0	0	0	0	0	0	0	0	0	0	0	0	0	0	0	0	0	0	276	0	378	0	180	0	2844	0	9892	0	596	0	318	0	2330	0	4448	0	11816	0	5484	0	0	0	1050	0	264	0	0	0	0	0	0	0	0	0	0	0	2118	0	0	0	7244	0	0	0	1710	0	0	0	0	0	0	0	0	0	0	0	0	0	0	0	0	0	0	0	0	0	0	0	0	0	0	
315868	Precuneus_L	106	120	0	0	0	0	0	0	0	0	0	0	0	0	0	0	372	0	208	266	0	0	0	0	0	0	0	0	218	0	0	0	6944	1126	8404	3980	3326	1010	3716	110	0	0	17452	1136	12554	3418	9016	580	12392	1198	18776	1082	350	578	1620	254	2670	340	18934	150	3234	0	868	0	1034	0	0	8826	774	716	0	0	0	0	0	0	78	144	228	0	526	0	0	0	3532	976	0	0	1652	440	104	0	0	0	0	0	1292	0	132	0	0	0	0	0	0	0	0	0	0	0	972	0	0	0	0	0	
371600	Precuneus_R	210	1456	0	0	0	0	0	0	0	0	0	0	0	0	0	0	0	0	222	110	0	0	0	0	0	0	0	0	0	130	0	0	2238	5276	4876	12818	538	2336	374	1058	0	0	1292	17930	1856	14654	414	15312	0	9930	128	9050	0	6548	0	5472	0	10678	96	12260	0	594	0	476	0	1050	8826	0	904	11828	0	0	0	0	0	0	0	280	0	0	0	0	0	0	86	8512	0	0	0	4056	0	360	0	0	0	0	80	1322	0	382	0	0	0	0	0	0	0	0	0	0	9782	0	0	0	0	0	
271752	Paracentral_Lobule_L	26474	1650	802	302	0	0	866	92	0	0	0	0	0	0	0	0	332	0	4884	19706	0	0	0	0	0	0	0	0	416	412	0	0	2900	16820	1556	2726	1954	3006	334	360	0	0	130	120	0	98	108	126	238	0	1438	0	202	0	72	424	7356	3896	562	78	956	0	184	0	262	0	774	904	0	12610	1778	1688	0	276	128	0	9486	2574	288	0	260	92	0	0	1436	0	0	0	956	402	0	0	0	0	0	0	0	0	0	0	0	0	0	0	0	0	0	0	0	272	110	0	0	0	0	0	
228636	Paracentral_Lobule_R	3264	5494	94	268	0	0	0	0	0	0	0	0	0	0	0	0	0	200	220	11334	0	0	0	0	0	0	0	0	0	430	0	0	1372	14510	3698	2842	0	1718	0	0	0	0	0	2816	0	2790	0	1766	0	1698	266	1644	0	1698	0	2538	602	14558	70	2980	0	198	0	212	0	264	716	11828	12610	0	684	88	0	0	0	0	806	196	0	192	0	178	0	0	150	3842	0	0	116	2564	0	0	0	0	0	0	0	0	0	0	0	0	0	0	0	0	0	0	0	0	804	0	0	0	0	0	
286504	Caudate_L	5512	844	10946	6994	1272	570	5096	2094	192	0	108	1254	820	0	1374	496	204	0	6150	10336	6662	7856	912	94	582	96	2514	1170	2374	282	7002	2572	0	2270	0	0	810	0	0	0	0	0	0	0	0	0	0	0	0	0	0	0	0	0	0	0	452	328	0	0	0	0	80	0	0	0	0	0	1778	684	0	10542	18184	2026	7896	330	11204	290	0	0	0	0	0	0	0	0	0	0	0	0	0	0	0	0	0	0	0	0	0	0	0	0	0	0	0	0	0	0	0	0	0	0	0	0	0	0	
361324	Caudate_R	1928	524	884	12344	322	2546	322	1364	0	0	0	3762	76	3052	122	5134	0	484	3976	24848	3334	7140	514	9130	860	4716	818	2466	580	4404	5456	17886	0	932	0	0	208	94	0	0	270	0	0	0	0	0	0	0	0	0	0	0	0	0	0	0	0	76	0	0	0	0	0	0	0	0	0	0	1688	88	10542	0	4688	18702	396	2388	1678	19920	0	0	0	0	0	0	0	0	0	0	0	0	0	0	0	0	0	0	0	0	0	0	0	0	0	0	0	0	0	0	0	0	0	0	0	0	0	0	
389172	Putamen_L	7562	144	24588	1920	7132	154	4520	476	650	0	2556	512	3420	0	3362	126	1970	0	8456	3290	2914	4642	4824	122	924	76	900	440	27830	72	9750	1456	388	978	0	0	8918	0	2598	0	264	0	0	0	0	0	494	0	0	0	0	0	0	0	4120	0	4536	80	0	0	0	0	0	0	0	0	0	0	0	0	18184	4688	0	528	14692	0	2070	0	96	0	1886	0	768	0	298	0	0	0	3730	0	184	0	0	0	0	0	80	0	218	0	0	0	0	0	0	0	0	0	0	0	0	0	0	0	0	0	
299024	Putamen_R	368	2484	130	9884	0	2976	0	4872	0	0	0	6066	0	3680	0	4546	0	1594	772	13614	314	1026	238	6566	770	4136	0	670	0	19682	2224	9886	0	88	0	408	300	10870	0	5502	74	1144	0	0	0	0	0	0	0	0	0	0	0	0	0	6540	0	0	0	0	0	0	0	0	0	0	0	0	276	0	2026	18702	528	0	0	2668	678	1426	0	0	0	326	0	720	0	138	0	0	0	600	0	0	0	0	0	0	0	0	0	0	0	0	0	0	0	0	0	0	0	0	0	0	0	0	0	0	
113852	Pallidum_L	958	158	8234	2228	474	0	1938	416	0	0	912	436	774	0	522	0	608	0	2908	3490	194	336	298	0	0	0	0	0	3496	0	106	0	0	1038	0	0	422	0	0	0	0	0	0	0	0	0	0	0	0	0	0	0	0	0	0	0	626	84	0	0	0	0	0	0	0	0	0	0	128	0	7896	396	14692	0	0	0	2904	0	0	0	254	0	0	0	0	0	0	0	0	0	0	0	0	0	0	0	0	0	0	0	0	0	0	0	0	0	0	0	0	0	0	0	0	0	0	0	
28832	Pallidum_R	0	416	0	1948	0	0	0	948	0	0	0	0	0	0	0	0	0	0	0	2200	0	0	0	0	0	0	0	0	0	0	0	0	0	0	0	0	0	1618	0	1426	0	0	0	0	0	0	0	0	0	0	0	0	0	0	0	394	0	0	0	0	0	0	0	0	0	0	0	0	0	0	330	2388	0	2668	0	0	0	80	0	0	0	0	0	0	0	0	0	0	0	0	0	0	0	0	0	0	0	0	0	0	0	0	0	0	0	0	0	0	0	0	0	0	0	0	0	0	
193568	Thalamus_L	16330	1632	6776	3892	522	0	5064	970	0	0	126	228	522	128	386	0	102	100	1476	4394	0	0	468	268	0	0	0	0	2618	784	88	504	148	470	1106	2812	4512	2436	522	958	0	0	0	0	0	0	298	0	0	0	0	0	0	0	512	0	294	428	0	0	0	0	0	0	0	0	78	0	9486	806	11204	1678	2070	678	2904	0	0	5236	0	0	0	78	0	0	0	0	0	0	332	0	0	0	0	0	0	0	0	0	0	0	0	0	0	0	0	0	0	0	0	360	0	0	0	0	0	0	
169576	Thalamus_R	3248	1768	364	11120	98	0	224	566	0	0	0	0	0	70	0	1618	0	0	0	20170	0	0	0	494	0	0	0	0	310	1286	0	690	0	338	632	2566	1464	5320	324	1106	0	0	0	0	0	0	178	130	0	0	0	0	0	0	140	166	0	74	0	0	0	0	0	0	0	0	144	280	2574	196	290	19920	0	1426	0	80	5236	0	0	0	0	106	0	0	0	0	0	0	0	0	0	0	0	0	0	0	0	0	0	0	0	0	0	0	0	0	0	0	0	0	72	0	0	0	0	0	
97848	Heschl_L	7276	0	522	0	0	0	136	0	0	0	850	0	180	0	0	0	5122	0	0	0	0	0	0	0	0	0	0	0	11706	0	0	0	0	0	268	264	3210	254	144	0	0	0	168	0	0	0	110	0	0	0	600	0	102	0	626	0	5500	0	126	0	762	0	220	0	158	0	228	0	288	0	0	0	96	0	0	0	0	0	0	0	3654	0	564	0	3024	0	0	0	2766	0	0	0	0	0	0	0	0	0	0	0	0	0	0	0	0	0	0	0	0	0	0	0	0	0	0	0	
28988	Heschl_R	0	268	0	0	0	0	0	0	0	0	0	150	0	0	0	0	0	2976	0	270	0	0	0	0	0	0	0	0	0	3114	0	0	0	0	0	0	0	1632	0	112	0	0	0	0	0	0	0	0	0	0	0	0	0	0	0	312	0	192	0	0	0	196	0	246	0	0	0	0	0	192	0	0	0	0	0	0	0	0	0	0	0	3556	0	0	0	856	0	0	0	422	0	0	0	0	0	0	0	0	0	0	0	0	0	0	0	0	0	0	0	0	0	0	0	0	0	0	
209488	Temporal_Sup_L	4366	0	2764	72	0	0	1744	0	0	0	5610	0	1476	0	154	0	12596	0	500	234	178	0	0	0	0	0	0	0	8982	0	0	0	74	0	144	128	1594	102	234	0	0	0	148	0	0	0	98	0	0	0	2054	0	70	0	1768	0	2968	0	1302	0	2726	0	6294	0	1628	0	526	0	260	0	0	0	1886	0	254	0	0	0	3654	0	0	0	4660	0	23172	0	148	0	10176	0	0	0	0	0	0	0	0	0	0	0	0	0	0	0	0	0	0	0	0	0	0	0	0	0	0	0	
89840	Temporal_Sup_R	78	184	0	0	0	0	0	0	0	0	0	118	0	0	0	0	0	3486	110	272	0	0	0	0	0	0	0	0	0	5996	0	0	0	0	0	82	0	1476	0	162	0	0	0	0	0	0	0	0	0	0	0	110	0	0	0	666	0	788	0	250	0	564	0	9172	0	2118	0	0	92	178	0	0	0	326	0	0	78	106	0	3556	0	0	0	1238	0	10158	0	124	0	3432	0	0	0	0	0	0	0	0	0	0	0	0	0	0	0	0	0	0	0	0	0	0	0	0	0	0	
83784	Temporal_Pole_Sup_L	0	0	334	0	1362	0	0	0	464	0	884	0	680	0	1742	0	1842	0	0	0	536	0	78	0	0	0	0	0	4528	0	82	0	0	0	0	0	796	0	1058	0	470	0	0	0	0	0	0	0	0	0	0	0	0	0	3804	0	194	0	0	0	0	0	0	0	0	0	0	0	0	0	0	0	768	0	0	0	0	0	564	0	4660	0	0	0	6174	0	6450	0	4422	0	0	0	0	0	0	0	0	0	0	0	0	0	0	0	0	0	0	0	0	0	0	0	0	0	0	0	
47888	Temporal_Pole_Sup_R	0	0	0	0	0	0	0	0	0	0	0	0	0	0	0	0	0	208	80	88	0	0	0	0	0	0	0	0	0	1568	0	0	0	0	0	0	0	1748	0	2492	0	2132	0	0	0	0	0	0	0	0	0	0	0	0	0	6868	0	0	0	0	0	0	0	0	0	0	0	0	0	0	0	0	0	720	0	0	0	0	0	0	0	1238	0	0	0	1082	0	2576	0	3144	0	0	0	0	0	0	0	0	0	0	0	0	0	0	0	0	0	0	0	0	0	0	0	0	0	0	
341040	Temporal_Mid_L	474	114	0	0	0	0	0	0	0	0	112	0	0	0	0	0	3164	0	0	0	0	0	0	0	0	0	0	0	2028	0	0	0	166	0	984	348	1486	114	114	0	0	0	3790	0	1312	0	3108	0	1564	0	23728	0	4152	0	4370	70	3050	124	2496	0	13602	0	7434	0	14854	0	3532	86	1436	150	0	0	298	0	0	0	0	0	3024	0	23172	0	6174	0	0	0	4696	0	35118	76	0	0	0	0	0	0	0	0	0	0	0	0	0	0	0	0	0	0	0	0	0	0	0	0	0	0	
296832	Temporal_Mid_R	0	0	0	0	0	0	0	0	0	0	0	0	0	0	0	0	0	92	0	0	0	0	0	0	0	0	0	0	0	1142	0	0	342	70	200	530	0	1408	0	302	0	0	0	7494	0	5556	0	3768	0	9900	0	26060	0	13360	0	7340	0	5482	0	4316	0	428	0	3204	0	7244	976	8512	0	3842	0	0	0	138	0	0	0	0	0	856	0	10158	0	1082	0	0	0	608	0	23884	0	0	0	0	0	0	0	0	0	0	0	0	0	0	0	0	0	0	0	0	122	0	0	0	0	0	
39336	Temporal_Pole_Mid_L	0	0	0	0	0	0	0	0	0	0	0	0	0	0	0	0	0	0	0	0	0	0	0	0	0	0	0	0	72	0	0	0	0	0	0	0	0	0	850	0	0	0	0	0	0	0	0	0	0	0	0	0	0	0	3506	0	0	0	0	0	0	0	0	0	0	0	0	0	0	0	0	0	0	0	0	0	0	0	0	0	148	0	6450	0	4696	0	0	0	3946	0	0	0	0	0	0	0	0	0	0	0	0	0	0	0	0	0	0	0	0	0	0	0	0	0	0	0	
14620	Temporal_Pole_Mid_R	0	0	0	0	0	0	0	0	0	0	0	0	0	0	0	0	0	0	0	0	0	0	0	0	0	0	0	0	0	98	0	0	0	0	0	0	0	0	0	518	0	0	0	0	0	0	0	0	0	0	0	0	0	0	0	2118	0	0	0	0	0	0	0	0	0	0	0	0	0	0	0	0	0	0	0	0	0	0	0	0	0	124	0	2576	0	608	0	0	0	1268	0	0	0	0	0	0	0	0	0	0	0	0	0	0	0	0	0	0	0	0	0	0	0	0	0	0	
255480	Temporal_Inf_L	1148	92	992	0	0	0	0	0	0	0	152	0	0	0	0	0	1454	0	0	0	118	0	0	0	0	0	0	0	4820	0	0	0	122	0	678	304	10884	164	624	0	630	0	1656	0	434	0	842	0	310	0	6518	0	5372	0	16756	0	2220	90	810	0	2118	0	204	0	1398	0	1652	0	956	116	0	0	3730	0	0	0	332	0	2766	0	10176	0	4422	0	35118	0	3946	0	0	0	2188	0	262	0	0	0	0	0	798	0	160	0	208	0	0	0	0	0	0	0	0	0	0	0	0	0	
212548	Temporal_Inf_R	0	108	0	74	0	0	0	0	0	0	0	0	0	0	0	0	0	172	0	152	0	0	0	0	0	0	0	0	0	2660	0	0	170	78	646	1792	0	5568	0	1496	0	90	0	1736	0	1764	0	1116	0	2646	90	5478	0	9484	0	17164	304	3846	0	2330	0	1614	0	2332	0	1710	440	4056	402	2564	0	0	0	600	0	0	0	0	0	422	0	3432	0	3144	76	23884	0	1268	0	0	0	998	0	0	0	0	0	0	0	0	0	0	0	0	0	0	0	0	0	0	368	0	0	0	0	0	
424148	Cerebelum_Crus1_L	0	0	102	0	0	0	0	0	0	0	0	0	0	0	0	0	0	0	0	0	0	0	0	0	0	0	0	0	180	0	0	0	0	0	0	0	580	0	898	0	0	0	0	0	0	0	14738	2282	0	0	228	0	144	0	21354	532	0	0	0	0	0	0	0	0	0	0	104	0	0	0	0	0	184	0	0	0	0	0	0	0	0	0	0	0	0	0	0	0	2188	0	0	1890	31152	636	100	0	25616	832	58576	2672	12950	142	16692	446	2904	310	152	0	0	0	5894	4412	1796	430	528	430	
423120	Cerebelum_Crus1_R	0	0	0	0	0	0	0	0	0	0	0	0	0	0	0	0	0	0	0	0	0	0	0	0	0	0	0	0	0	0	0	0	0	0	0	0	0	220	0	176	0	0	0	350	0	0	1806	8068	0	0	0	0	0	186	160	13364	0	0	0	0	0	0	0	0	0	0	0	360	0	0	0	0	0	0	0	0	0	0	0	0	0	0	0	0	0	0	0	0	0	998	1890	0	3926	31928	0	1916	3518	21044	5466	53856	254	9344	542	13364	228	564	0	2820	0	2142	11246	10764	8886	1844	330	0	
356392	Cerebelum_Crus2_L	0	0	0	0	0	0	0	0	0	0	0	0	0	0	0	0	0	0	0	0	0	0	0	0	0	0	0	0	0	0	0	0	0	0	0	0	116	0	0	0	0	0	0	0	0	0	2414	2256	0	0	190	0	0	0	1786	326	0	0	0	0	0	0	0	0	0	0	0	0	0	0	0	0	0	0	0	0	0	0	0	0	0	0	0	0	0	0	0	0	262	0	31152	3926	0	6758	0	76	5636	488	11910	2974	40638	1778	37844	1734	6366	190	480	0	0	102	1026	4208	10044	2612	694	210	
275340	Cerebelum_Crus2_R	0	0	0	0	0	0	0	0	0	0	0	0	0	0	0	0	0	0	0	0	0	0	0	0	0	0	0	0	0	0	0	0	0	0	0	0	0	0	0	0	0	0	0	0	0	0	320	802	0	0	0	0	0	0	0	332	0	0	0	0	0	0	0	0	0	0	0	0	0	0	0	0	0	0	0	0	0	0	0	0	0	0	0	0	0	0	0	0	0	0	636	31928	6758	0	0	1092	748	1510	878	8996	1552	27462	1396	28110	632	2152	94	1502	0	708	1952	3174	9820	4078	822	216	
12116	Cerebelum_3_L	0	0	0	0	0	0	0	0	0	0	0	0	0	0	0	0	0	0	0	0	0	0	0	0	0	0	0	0	0	0	0	0	0	0	0	0	0	0	276	0	0	0	0	0	0	0	464	84	0	0	0	0	0	0	0	0	0	0	0	0	0	0	0	0	0	0	0	0	0	0	0	0	0	0	0	0	0	0	0	0	0	0	0	0	0	0	0	0	0	0	100	0	0	0	0	0	3822	0	382	0	0	0	0	0	0	0	0	0	426	306	198	0	0	0	0	0	
44920	Cerebelum_3_R	0	0	0	0	0	0	0	0	0	0	0	0	0	0	0	0	0	0	0	0	0	0	0	0	0	0	0	0	0	0	0	0	0	0	0	0	0	0	0	92	0	0	0	0	0	0	0	72	0	0	0	0	0	0	0	1078	0	0	0	0	0	0	0	0	0	0	0	0	0	0	0	0	0	0	0	0	0	0	0	0	0	0	0	0	0	0	0	0	0	0	0	1916	76	1092	0	0	0	5316	0	5272	0	304	0	1670	0	446	0	0	296	2610	518	124	334	790	454	0	
324912	Cerebelum_4_5_L	0	0	0	0	0	0	0	0	0	0	0	0	0	0	0	0	0	0	0	0	0	0	0	0	0	0	0	0	0	0	0	0	0	0	446	230	1266	134	2472	0	0	0	832	0	0	0	19230	3368	0	0	74	0	0	0	8042	1420	0	0	0	0	0	0	0	0	0	0	1292	80	0	0	0	0	80	0	0	0	0	0	0	0	0	0	0	0	0	0	0	0	0	0	25616	3518	5636	748	3822	0	0	3036	37976	5030	3416	236	5390	760	2860	830	346	0	74	392	14962	5104	516	1094	1010	1118	
226644	Cerebelum_4_5_R	0	0	0	0	0	0	0	0	0	0	0	0	0	0	0	0	0	0	0	0	0	0	0	0	0	0	0	0	0	0	0	0	0	0	0	0	0	1004	0	2378	0	0	0	988	0	0	1528	9598	0	0	0	0	0	126	90	8888	0	0	0	0	0	0	0	0	0	0	0	1322	0	0	0	0	0	0	0	0	0	0	0	0	0	0	0	0	0	0	0	0	0	0	832	21044	488	1510	0	5316	3036	0	2652	30816	0	294	82	2308	104	406	0	654	0	2522	13016	850	834	530	106	0	
470432	Cerebelum_6_L	0	0	110	0	0	0	0	0	0	0	0	0	0	0	0	0	0	0	0	0	0	0	0	0	0	0	0	0	188	0	0	0	0	0	0	0	646	0	1078	0	0	0	668	0	0	0	23994	4964	0	0	900	0	678	70	24210	1760	0	0	0	0	0	0	0	0	0	0	132	0	0	0	0	0	218	0	0	0	0	0	0	0	0	0	0	0	0	0	0	0	798	0	58576	5466	11910	878	382	0	37976	2652	0	7372	6506	232	8412	792	3454	516	470	0	0	184	14698	10432	1624	750	724	796	
405056	Cerebelum_6_R	0	0	0	0	0	0	0	0	0	0	0	0	0	0	0	0	0	0	0	0	0	0	0	0	0	0	0	0	0	0	0	0	0	0	0	0	0	192	0	210	0	0	0	366	0	0	2516	10548	0	0	0	0	0	306	318	16340	0	0	0	0	0	0	0	0	0	0	0	382	0	0	0	0	0	0	0	0	0	0	0	0	0	0	0	0	0	0	0	0	0	0	2672	53856	2974	8996	0	5272	5030	30816	7372	0	246	1268	354	7450	148	912	0	2062	0	2964	15616	13040	8054	1988	260	0	
240740	Cerebelum_7b_L	0	0	0	0	0	0	0	0	0	0	0	0	0	0	0	0	0	0	0	0	0	0	0	0	0	0	0	0	0	0	0	0	0	0	0	0	0	0	0	0	0	0	0	0	0	0	414	100	0	0	0	0	0	0	590	0	0	0	0	0	0	0	0	0	0	0	0	0	0	0	0	0	0	0	0	0	0	0	0	0	0	0	0	0	0	0	0	0	160	0	12950	254	40638	1552	0	0	3416	0	6506	246	0	628	40840	1628	4516	0	396	0	0	0	474	404	1722	2778	158	0	
162412	Cerebelum_7b_R	0	0	0	0	0	0	0	0	0	0	0	0	0	0	0	0	0	0	0	0	0	0	0	0	0	0	0	0	0	0	0	0	0	0	0	0	0	0	0	0	0	0	0	0	0	0	110	82	0	0	0	0	0	0	0	0	0	0	0	0	0	0	0	0	0	0	0	0	0	0	0	0	0	0	0	0	0	0	0	0	0	0	0	0	0	0	0	0	0	0	142	9344	1778	27462	0	304	236	294	232	1268	628	0	446	27732	164	4622	0	178	0	172	606	504	2774	1746	310	72	
306532	Cerebelum_8_L	0	0	0	0	0	0	0	0	0	0	0	0	0	0	0	0	0	0	0	0	0	0	0	0	0	0	0	0	0	0	0	0	0	0	0	0	86	0	74	0	0	0	0	0	0	0	538	0	0	0	0	0	0	0	708	0	0	0	0	0	0	0	0	0	0	0	0	0	0	0	0	0	0	0	0	0	0	0	0	0	0	0	0	0	0	0	0	0	208	0	16692	542	37844	1396	0	0	5390	82	8412	354	40840	446	0	3066	20696	1404	1516	0	0	0	830	616	1948	5866	3064	648	
269348	Cerebelum_8_R	0	0	0	0	0	0	0	0	0	0	0	0	0	0	0	0	0	0	0	0	0	0	0	0	0	0	0	0	0	0	0	0	0	0	0	0	0	0	0	0	0	0	0	0	0	0	368	0	0	0	0	0	0	0	0	302	0	0	0	0	0	0	0	0	0	0	0	0	0	0	0	0	0	0	0	0	0	0	0	0	0	0	0	0	0	0	0	0	0	0	446	13364	1734	28110	0	1670	760	2308	792	7450	1628	27732	3066	0	776	16080	0	2210	170	1442	2838	2792	5180	9218	3640	598	
117788	Cerebelum_9_L	0	0	0	0	0	0	0	0	0	0	0	0	0	0	0	0	0	0	0	0	0	0	0	0	0	0	0	0	0	0	0	0	0	0	0	0	0	0	0	0	0	0	0	0	0	0	530	104	0	0	0	0	0	0	144	0	0	0	0	0	0	0	0	0	0	0	0	0	0	0	0	0	0	0	0	0	0	0	0	0	0	0	0	0	0	0	0	0	0	0	2904	228	6366	632	0	0	2860	104	3454	148	4516	164	20696	776	0	1732	2878	0	0	0	1580	1130	1240	2470	3324	914	
102928	Cerebelum_9_R	0	0	0	0	0	0	0	0	0	0	0	0	0	0	0	0	0	0	0	0	0	0	0	0	0	0	0	0	0	0	0	0	0	0	0	0	0	0	0	0	0	0	0	0	0	0	430	0	0	0	0	0	0	0	0	240	0	0	0	0	0	0	0	0	0	0	0	0	0	0	0	0	0	0	0	0	0	0	0	0	0	0	0	0	0	0	0	0	0	0	310	564	190	2152	0	446	830	406	516	912	0	4622	1404	16080	1732	0	0	1608	0	0	1442	1860	982	5364	6282	3092	
13168	Cerebelum_10_L	0	0	0	0	0	0	0	0	0	0	0	0	0	0	0	0	0	0	0	0	0	0	0	0	0	0	0	0	0	0	0	0	0	0	0	0	0	0	0	0	0	0	0	0	0	0	0	0	0	0	0	0	0	0	0	0	0	0	0	0	0	0	0	0	0	0	0	0	0	0	0	0	0	0	0	0	0	0	0	0	0	0	0	0	0	0	0	0	0	0	152	0	480	94	0	0	346	0	470	0	396	0	1516	0	2878	0	0	0	0	0	0	0	108	0	144	0	
24572	Cerebelum_10_R	0	0	0	0	0	0	0	0	0	0	0	0	0	0	0	0	0	0	0	0	0	0	0	0	0	0	0	0	0	0	0	0	0	0	0	0	0	0	0	0	0	0	0	0	0	0	0	0	0	0	0	0	0	0	0	138	0	0	0	0	0	0	0	0	0	0	0	0	0	0	0	0	0	0	0	0	0	0	0	0	0	0	0	0	0	0	0	0	0	0	0	2820	0	1502	0	0	0	654	0	2062	0	178	0	2210	0	1608	0	0	0	80	238	136	154	322	184	0	
9060	Vermis_1_2	0	0	0	0	0	0	0	0	0	0	0	0	0	0	0	0	0	0	0	0	0	0	0	0	0	0	0	0	0	0	0	0	0	0	0	0	0	0	0	0	0	0	0	0	0	0	0	0	0	0	0	0	0	0	0	0	0	0	0	0	0	0	0	0	0	0	0	0	0	0	0	0	0	0	0	0	0	0	0	0	0	0	0	0	0	0	0	0	0	0	0	0	0	0	426	296	74	0	0	0	0	0	0	170	0	0	0	0	0	3010	210	0	0	172	172	0	
43652	Vermis_3	296	0	0	0	0	0	0	0	0	0	0	0	0	0	0	0	0	0	0	0	0	0	0	0	0	0	0	0	0	0	0	0	0	0	0	0	196	0	204	0	0	0	0	0	0	0	208	82	0	0	0	0	0	0	0	0	0	0	0	0	0	0	0	0	0	0	0	0	272	0	0	0	0	0	0	0	360	0	0	0	0	0	0	0	0	0	0	0	0	0	0	2142	102	708	306	2610	392	2522	184	2964	0	172	0	1442	0	0	0	80	3010	0	2022	270	312	620	350	0	
314792	Vermis_4_5	0	336	0	0	0	0	0	0	0	0	0	0	0	0	0	0	0	0	0	0	0	0	0	0	0	0	0	0	0	0	0	0	100	716	1536	5922	306	658	178	294	0	0	520	1672	0	206	9504	12804	0	0	130	0	112	202	1692	3076	0	908	0	898	0	0	0	0	0	0	972	9782	110	804	0	0	0	0	0	0	0	72	0	0	0	0	0	0	0	122	0	0	0	368	5894	11246	1026	1952	198	518	14962	13016	14698	15616	474	606	830	2838	1580	1442	0	238	210	2022	0	7402	1148	1828	1706	1946	
199108	Vermis_6	0	0	0	0	0	0	0	0	0	0	0	0	0	0	0	0	0	0	0	0	0	0	0	0	0	0	0	0	0	0	0	0	0	0	0	0	0	0	0	0	0	0	224	0	0	0	4594	6178	0	0	288	0	226	248	1314	2124	0	0	0	0	0	0	0	0	0	0	0	0	0	0	0	0	0	0	0	0	0	0	0	0	0	0	0	0	0	0	0	0	0	0	4412	10764	4208	3174	0	124	5104	850	10432	13040	404	504	616	2792	1130	1860	0	136	0	270	7402	0	9318	3662	2060	2096	
