data	data	554640	297596	881008	841620	111336	85484	543260	427980	77176	33776	244396	201436	242716	281972	149188	89864	211804	152972	665696	720276	80336	77876	336764	330512	35736	115448	68956	62796	538480	431684	299724	523380	123148	402216	157032	172456	240228	259172	97156	134188	39624	49044	210244	336208	182284	297496	232996	293556	196940	301608	440116	222780	143112	169212	343764	484128	373668	239968	129744	80836	206924	155196	85016	163660	64328	112912	146932	325512	114096	117580	312760	354472	344772	230448	46976	16408	186992	171320	79832	26584	158616	85280	52676	57312	341028	247540	21572	19340	303840	315060	660572	601740	450052	418980	59368	77220	285156	192460	548592	500400	284736	220208	289692	385624	118244	167472	15348	12760	28568	35968	216748	309148	439968	127224	115592	35372	
data	data	Precentral_L	Precentral_R	Frontal_Sup_L	Frontal_Sup_R	Frontal_Sup_Orb_L	Frontal_Sup_Orb_R	Frontal_Mid_L	Frontal_Mid_R	Frontal_Mid_Orb_L	Frontal_Mid_Orb_R	Frontal_Inf_Oper_L	Frontal_Inf_Oper_R	Frontal_Inf_Tri_L	Frontal_Inf_Tri_R	Frontal_Inf_Orb_L	Frontal_Inf_Orb_R	Rolandic_Oper_L	Rolandic_Oper_R	Supp_Motor_Area_L	Supp_Motor_Area_R	Olfactory_L	Olfactory_R	Frontal_Sup_Medial_L	Frontal_Sup_Medial_R	Frontal_Med_Orb_L	Frontal_Med_Orb_R	Rectus_L	Rectus_R	Insula_L	Insula_R	Cingulum_Ant_L	Cingulum_Ant_R	Cingulum_Mid_L	Cingulum_Mid_R	Cingulum_Post_L	Cingulum_Post_R	Hippocampus_L	Hippocampus_R	ParaHippocampal_L	ParaHippocampal_R	Amygdala_L	Amygdala_R	Calcarine_L	Calcarine_R	Cuneus_L	Cuneus_R	Lingual_L	Lingual_R	Occipital_Sup_L	Occipital_Sup_R	Occipital_Mid_L	Occipital_Mid_R	Occipital_Inf_L	Occipital_Inf_R	Fusiform_L	Fusiform_R	Postcentral_L	Postcentral_R	Parietal_Sup_L	Parietal_Sup_R	Parietal_Inf_L	Parietal_Inf_R	SupraMarginal_L	SupraMarginal_R	Angular_L	Angular_R	Precuneus_L	Precuneus_R	Paracentral_Lobule_L	Paracentral_Lobule_R	Caudate_L	Caudate_R	Putamen_L	Putamen_R	Pallidum_L	Pallidum_R	Thalamus_L	Thalamus_R	Heschl_L	Heschl_R	Temporal_Sup_L	Temporal_Sup_R	Temporal_Pole_Sup_L	Temporal_Pole_Sup_R	Temporal_Mid_L	Temporal_Mid_R	Temporal_Pole_Mid_L	Temporal_Pole_Mid_R	Temporal_Inf_L	Temporal_Inf_R	Cerebelum_Crus1_L	Cerebelum_Crus1_R	Cerebelum_Crus2_L	Cerebelum_Crus2_R	Cerebelum_3_L	Cerebelum_3_R	Cerebelum_4_5_L	Cerebelum_4_5_R	Cerebelum_6_L	Cerebelum_6_R	Cerebelum_7b_L	Cerebelum_7b_R	Cerebelum_8_L	Cerebelum_8_R	Cerebelum_9_L	Cerebelum_9_R	Cerebelum_10_L	Cerebelum_10_R	Vermis_1_2	Vermis_3	Vermis_4_5	Vermis_6	Vermis_7	Vermis_8	Vermis_9	Vermis_10	
554640	Precentral_L	0	5076	14488	6732	0	0	36334	4608	0	0	16474	0	1474	0	96	0	11972	460	10812	6868	0	0	0	0	0	0	0	0	11372	260	90	192	1174	1144	5350	1934	8010	1844	2388	92	0	0	830	256	626	88	284	0	154	0	4742	0	212	344	1136	500	42744	494	2324	0	9718	0	2148	150	688	0	1054	306	16624	0	11442	718	2304	406	422	0	11676	2000	2574	290	784	148	0	0	6490	0	0	0	3210	190	0	0	0	0	0	0	0	0	0	0	0	0	0	0	0	0	0	0	0	0	0	0	0	0	0	0	
297596	Precentral_R	5076	0	4454	9532	0	0	1750	24504	0	0	254	5966	0	848	0	610	268	7144	2764	15782	0	0	148	314	0	0	0	0	960	6742	98	1094	248	2498	354	4232	452	4744	114	576	0	0	0	842	0	778	0	0	0	534	0	108	0	1060	0	1480	1424	17428	0	150	0	504	0	1440	0	240	0	2404	966	2516	3790	1888	1948	984	140	0	448	1376	446	674	0	398	0	0	0	1000	0	0	0	2306	0	0	0	0	0	0	0	0	0	0	0	0	0	0	0	0	0	0	0	0	0	0	0	0	0	0	
881008	Frontal_Sup_L	14488	4454	0	15556	7102	0	54970	8390	1384	0	17600	212	20548	234	5258	0	11916	0	85886	22654	0	0	35856	458	602	172	498	0	39270	394	17600	4618	6782	4610	1644	86	2446	708	408	0	0	0	0	0	0	0	236	0	0	0	0	0	0	0	184	0	3682	356	110	0	280	0	0	0	0	0	0	0	3978	0	6122	1458	26552	460	5202	0	2568	0	928	0	1190	0	258	0	0	0	0	0	136	0	0	0	0	0	0	0	0	0	0	0	0	0	0	0	0	0	0	0	0	0	0	0	0	0	0	0	
841620	Frontal_Sup_R	6732	9532	15556	0	164	3996	6488	50692	0	210	1172	9066	252	19598	142	2192	754	6084	21438	64758	0	0	13090	33850	278	4896	0	0	2110	20826	5618	40682	1628	23100	194	920	308	3684	0	1662	0	0	0	0	0	0	0	116	0	0	0	0	0	0	0	182	728	954	0	0	0	0	0	0	0	0	0	0	840	120	7814	19094	1764	7874	186	1714	580	5934	174	558	90	316	0	100	0	0	0	0	0	0	0	0	0	0	0	0	0	0	0	0	0	0	0	0	0	0	0	0	0	0	0	0	0	0	0	0	
111336	Frontal_Sup_Orb_L	0	0	7102	164	0	0	596	94	8616	0	0	0	88	0	5674	0	0	0	2268	0	2158	378	3566	0	3988	154	7818	318	2776	0	1950	282	0	0	0	0	0	0	0	0	146	0	0	0	0	0	0	0	0	0	0	0	0	0	0	0	0	0	0	0	0	0	0	0	0	0	0	0	0	0	1636	240	5254	0	0	0	0	0	0	0	0	0	402	0	0	0	0	0	0	0	0	0	0	0	0	0	0	0	0	0	0	0	0	0	0	0	0	0	0	0	0	0	0	0	0	0	
85484	Frontal_Sup_Orb_R	0	0	0	3996	0	0	0	280	0	2504	0	94	0	360	0	2334	0	0	0	724	392	1446	314	4940	96	7340	0	5730	0	1678	480	3772	0	0	0	0	0	0	0	0	0	0	0	0	0	0	0	0	0	0	0	0	0	0	0	0	0	0	0	0	0	0	0	0	0	0	0	0	0	0	400	2166	136	3560	0	0	0	0	0	0	0	0	0	0	0	0	0	0	0	0	0	0	0	0	0	0	0	0	0	0	0	0	0	0	0	0	0	0	0	0	0	0	0	0	0	0	
543260	Frontal_Mid_L	36334	1750	54970	6488	596	0	0	4190	1714	0	20076	0	29814	0	4720	0	4542	0	5908	4380	0	0	18454	160	0	0	0	0	20978	0	10148	1942	3650	1062	2180	2816	2544	1062	1034	0	0	0	0	0	0	0	260	0	0	0	0	0	0	0	480	0	2756	182	814	0	1124	0	0	0	0	0	118	0	174	0	3882	940	2686	0	396	0	13036	2830	440	0	0	0	0	0	0	0	0	0	0	0	0	0	0	0	0	0	0	0	0	0	0	0	0	0	0	0	0	0	0	0	0	0	0	0	0	0	
427980	Frontal_Mid_R	4608	24504	8390	50692	94	280	4190	0	0	376	532	13544	114	19038	94	3146	494	8792	6806	6660	0	0	1330	2638	0	382	0	0	1910	14904	1434	10814	218	3002	106	0	578	470	132	306	0	0	0	0	0	0	0	0	0	0	0	0	0	0	0	114	670	1174	0	0	0	0	0	0	0	0	0	0	0	0	9692	5002	3060	1520	94	0	610	184	438	558	0	296	0	0	0	0	0	0	0	0	0	0	0	0	0	0	0	0	0	0	0	0	0	0	0	0	0	0	0	0	0	0	0	0	0	0	
77176	Frontal_Mid_Orb_L	0	0	1384	0	8616	0	1714	0	0	0	0	0	1434	0	12810	0	0	0	318	0	308	0	0	0	1086	0	4366	0	2318	0	262	0	0	0	0	0	0	0	0	0	0	0	0	0	0	0	0	0	0	0	0	0	0	0	0	0	0	0	0	0	0	0	0	0	0	0	0	0	0	0	270	0	3428	0	0	0	0	0	0	0	0	0	274	0	0	0	0	0	0	0	0	0	0	0	0	0	0	0	0	0	0	0	0	0	0	0	0	0	0	0	0	0	0	0	0	0	
33776	Frontal_Mid_Orb_R	0	0	0	210	0	2504	0	376	0	0	0	0	0	1150	0	8018	0	0	0	152	0	0	0	184	0	438	0	346	0	1532	0	152	0	138	0	0	0	0	0	0	0	0	0	0	0	0	0	0	0	0	0	0	0	0	0	0	0	0	0	0	0	0	0	0	0	0	0	0	0	0	0	156	0	1532	0	0	0	0	0	0	0	0	0	0	0	0	0	0	0	0	0	0	0	0	0	0	0	0	0	0	0	0	0	0	0	0	0	0	0	0	0	0	0	0	0	0	
244396	Frontal_Inf_Oper_L	16474	254	17600	1172	0	0	20076	532	0	0	0	0	12996	0	1148	0	11596	0	9038	754	0	0	808	0	0	0	0	0	20340	0	838	158	184	0	0	0	0	0	0	0	0	0	0	0	0	0	0	0	0	0	0	0	0	0	0	0	4184	0	624	0	874	0	0	0	0	0	0	0	0	0	506	0	498	0	0	0	0	0	0	0	926	0	528	0	90	0	0	0	0	0	0	0	0	0	0	0	0	0	0	0	0	0	0	0	0	0	0	0	0	0	0	0	0	0	0	0	
201436	Frontal_Inf_Oper_R	0	5966	212	9066	0	94	0	13544	0	0	0	0	0	17436	0	250	0	9348	548	3326	0	0	200	932	0	124	0	0	0	24308	288	3174	0	778	0	0	0	336	0	166	0	0	0	0	0	0	0	0	0	0	0	0	0	0	0	0	0	1210	0	0	0	0	0	0	0	0	0	0	0	0	1982	3954	334	2902	0	0	0	0	0	0	0	0	0	240	0	0	0	0	0	0	0	0	0	0	0	0	0	0	0	0	0	0	0	0	0	0	0	0	0	0	0	0	0	0	0	0	
242716	Frontal_Inf_Tri_L	1474	0	20548	252	88	0	29814	114	1434	0	12996	0	0	0	11124	0	246	0	2082	148	0	0	5364	0	0	0	0	0	29870	0	3418	248	1670	92	0	0	0	0	0	0	0	0	0	0	0	0	0	0	0	0	0	0	0	0	0	0	0	0	0	0	0	0	0	0	0	0	0	0	0	0	0	0	212	0	0	0	0	0	0	0	0	0	164	0	0	0	0	0	0	0	0	0	0	0	0	0	0	0	0	0	0	0	0	0	0	0	0	0	0	0	0	0	0	0	0	0	
281972	Frontal_Inf_Tri_R	0	848	234	19598	0	360	0	19038	0	1150	0	17436	0	0	0	5156	0	1592	3280	8948	0	0	1156	6680	0	422	0	0	0	27958	1206	10958	196	5714	0	0	0	0	0	0	0	0	0	0	0	0	0	0	0	0	0	0	0	0	0	0	0	0	0	0	0	0	0	0	0	0	0	0	0	0	2206	5488	366	996	0	0	0	0	0	0	0	0	0	0	0	0	0	0	0	0	0	0	0	0	0	0	0	0	0	0	0	0	0	0	0	0	0	0	0	0	0	0	0	0	0	0	
149188	Frontal_Inf_Orb_L	96	0	5258	142	5674	0	4720	94	12810	0	1148	0	11124	0	0	0	94	0	1576	94	1548	342	768	0	108	0	2504	280	14658	0	1180	292	414	0	0	0	0	0	0	0	126	0	0	0	0	0	0	0	0	0	0	0	0	0	0	0	0	0	0	0	0	0	0	0	0	0	0	0	0	0	2050	168	6534	0	0	0	0	0	0	0	0	0	792	0	0	0	0	0	0	0	0	0	0	0	0	0	0	0	0	0	0	0	0	0	0	0	0	0	0	0	0	0	0	0	0	0	
89864	Frontal_Inf_Orb_R	0	610	0	2192	0	2334	0	3146	0	8018	0	250	0	5156	0	0	0	214	182	762	0	528	324	872	0	112	0	1152	0	8188	0	738	0	940	0	0	0	0	0	0	0	0	0	0	0	0	0	0	0	0	0	0	0	0	0	0	0	0	0	0	0	0	0	0	0	0	0	0	0	0	0	482	0	2994	0	0	0	0	0	0	0	2294	0	3314	0	130	0	0	0	0	0	0	0	0	0	0	0	0	0	0	0	0	0	0	0	0	0	0	0	0	0	0	0	0	0	0	
211804	Rolandic_Oper_L	11972	268	11916	754	0	0	4542	494	0	0	11596	0	246	0	94	0	0	0	9698	322	0	0	0	0	0	0	0	0	19518	0	0	0	0	0	320	0	1812	0	148	0	0	0	0	0	0	0	0	0	0	0	0	0	0	0	202	0	12144	0	380	0	1942	0	1722	0	0	0	88	0	0	0	414	134	2544	0	0	0	0	0	2856	0	5252	0	506	0	1908	0	0	0	2110	0	0	0	0	0	0	0	0	0	0	0	0	0	0	0	0	0	0	0	0	0	0	0	0	0	0	0	
152972	Rolandic_Oper_R	460	7144	0	6084	0	0	0	8792	0	0	0	9348	0	1592	0	214	0	0	0	3346	0	0	0	86	0	0	0	0	0	19122	0	1170	0	0	0	0	0	188	0	0	0	0	0	0	0	0	0	0	0	0	0	0	0	0	0	0	288	4720	0	94	0	606	0	3654	0	212	0	0	0	210	522	296	0	1254	0	0	0	0	0	2788	0	3426	0	382	0	288	0	0	0	200	0	0	0	0	0	0	0	0	0	0	0	0	0	0	0	0	0	0	0	0	0	0	0	0	0	0	
665696	Supp_Motor_Area_L	10812	2764	85886	21438	2268	0	5908	6806	318	0	9038	548	2082	3280	1576	182	9698	0	0	39214	0	0	6332	3662	94	138	224	0	20826	2374	7328	10848	9152	18662	2892	0	2374	672	390	0	0	0	0	0	316	0	188	0	0	0	164	0	0	0	164	0	2690	156	98	0	238	0	0	0	0	0	122	0	3408	0	4628	1308	21700	544	5072	0	2234	0	754	0	932	0	242	0	0	0	0	0	104	0	0	0	0	0	0	0	0	0	0	0	0	0	0	0	0	0	0	0	0	0	0	0	0	0	0	0	
720276	Supp_Motor_Area_R	6868	15782	22654	64758	0	724	4380	6660	0	152	754	3326	148	8948	94	762	322	3346	39214	0	0	0	2880	9096	0	758	0	0	842	10274	1724	18504	3772	42336	538	8130	0	4362	0	1684	0	0	0	1148	140	1546	0	644	0	834	0	190	0	1742	0	1890	558	2166	0	140	0	502	0	1352	0	204	98	5418	2520	12482	2576	16680	650	9928	294	2934	194	4390	0	0	0	0	0	0	0	1684	0	0	0	3442	0	0	0	0	0	0	0	0	0	0	0	0	0	0	0	0	0	0	0	0	0	0	0	0	0	0	
80336	Olfactory_L	0	0	0	0	2158	392	0	0	308	0	0	0	0	0	1548	0	0	0	0	0	0	5058	0	0	286	0	3252	2532	3002	0	3250	2112	0	0	0	0	362	0	108	0	1334	0	0	0	0	0	0	0	0	0	0	0	0	0	232	0	0	0	0	0	0	0	0	0	0	0	0	0	0	0	6674	3014	3544	606	0	0	0	0	0	0	0	0	396	0	0	0	0	0	0	0	0	0	0	0	0	0	0	0	0	0	0	0	0	0	0	0	0	0	0	0	0	0	0	0	0	0	
77876	Olfactory_R	0	0	0	0	378	1446	0	0	0	0	0	0	0	0	342	528	0	0	0	0	5058	0	0	0	0	526	1336	4466	0	1668	2682	2162	0	0	0	0	0	0	0	0	0	356	0	0	0	0	0	0	0	0	0	0	0	0	0	0	0	0	0	0	0	0	0	0	0	0	0	0	0	0	7192	4802	4546	1188	262	0	0	0	0	0	0	0	0	0	0	0	0	0	0	0	0	0	0	0	0	0	0	0	0	0	0	0	0	0	0	0	0	0	0	0	0	0	0	0	0	0	
336764	Frontal_Sup_Medial_L	0	148	35856	13090	3566	314	18454	1330	0	0	808	200	5364	1156	768	324	0	0	6332	2880	0	0	0	19778	1666	1992	136	0	3290	1038	15860	13182	5404	12532	0	0	0	0	0	0	0	0	0	0	0	0	0	0	0	0	0	0	0	0	0	0	0	0	0	0	0	0	0	0	0	0	0	0	0	0	372	1388	876	278	0	0	0	0	0	0	0	0	0	0	0	0	0	0	0	0	0	0	0	0	0	0	0	0	0	0	0	0	0	0	0	0	0	0	0	0	0	0	0	0	0	0	
330512	Frontal_Sup_Medial_R	0	314	458	33850	0	4940	160	2638	0	184	0	932	0	6680	0	872	0	86	3662	9096	0	0	19778	0	890	10410	0	528	0	6532	6478	28830	160	16064	0	0	0	0	0	0	0	0	0	0	0	0	0	0	0	0	0	0	0	0	0	0	0	0	0	0	0	0	0	0	0	0	0	0	0	0	0	7886	0	3828	0	0	0	0	0	0	0	0	0	0	0	0	0	0	0	0	0	0	0	0	0	0	0	0	0	0	0	0	0	0	0	0	0	0	0	0	0	0	0	0	0	0	
35736	Frontal_Med_Orb_L	0	0	602	278	3988	96	0	0	1086	0	0	0	0	0	108	0	0	0	94	0	286	0	1666	890	0	2138	1884	0	126	0	1854	1590	0	0	0	0	0	0	0	0	0	0	0	0	0	0	0	0	0	0	0	0	0	0	0	0	0	0	0	0	0	0	0	0	0	0	0	0	0	0	444	344	140	254	0	0	0	0	0	0	0	0	0	0	0	0	0	0	0	0	0	0	0	0	0	0	0	0	0	0	0	0	0	0	0	0	0	0	0	0	0	0	0	0	0	0	
115448	Frontal_Med_Orb_R	0	0	172	4896	154	7340	0	382	0	438	0	124	0	422	0	112	0	0	138	758	0	526	1992	10410	2138	0	116	5004	0	878	3576	10292	0	0	0	0	0	0	0	0	0	0	0	0	0	0	0	0	0	0	0	0	0	0	0	0	0	0	0	0	0	0	0	0	0	0	0	0	0	0	258	3454	122	4022	0	0	0	0	0	0	0	0	0	0	0	0	0	0	0	0	0	0	0	0	0	0	0	0	0	0	0	0	0	0	0	0	0	0	0	0	0	0	0	0	0	0	
68956	Rectus_L	0	0	498	0	7818	0	0	0	4366	0	0	0	0	0	2504	0	0	0	224	0	3252	1336	136	0	1884	116	0	976	1162	0	3338	1054	0	0	0	0	0	0	0	0	302	0	0	0	0	0	0	0	0	0	0	0	0	0	0	0	0	0	0	0	0	0	0	0	0	0	0	0	0	0	2910	712	1472	276	0	0	0	0	0	0	0	0	142	0	0	0	0	0	0	0	0	0	0	0	0	0	0	0	0	0	0	0	0	0	0	0	0	0	0	0	0	0	0	0	0	0	
62796	Rectus_R	0	0	0	0	318	5730	0	0	0	346	0	0	0	0	280	1152	0	0	0	0	2532	4466	0	528	0	5004	976	0	0	720	950	2066	0	0	0	0	0	0	0	0	0	0	0	0	0	0	0	0	0	0	0	0	0	0	0	0	0	0	0	0	0	0	0	0	0	0	0	0	0	0	2416	1364	1260	1290	0	0	0	0	0	0	0	0	0	0	0	0	0	0	0	0	0	0	0	0	0	0	0	0	0	0	0	0	0	0	0	0	0	0	0	0	0	0	0	0	0	0	
538480	Insula_L	11372	960	39270	2110	2776	0	20978	1910	2318	0	20340	0	29870	0	14658	0	19518	0	20826	842	3002	0	3290	0	126	0	1162	0	0	0	2952	220	1132	0	288	0	7132	0	1116	0	938	0	0	0	0	0	116	0	0	0	96	0	0	0	2012	0	9806	0	574	0	1698	0	462	0	106	0	0	0	0	0	2082	186	18054	0	0	0	286	0	8114	0	6934	0	2300	0	1354	0	398	0	5556	0	0	0	0	0	0	0	0	0	0	0	0	0	0	0	0	0	0	0	0	0	0	0	0	0	0	0	
431684	Insula_R	260	6742	394	20826	0	1678	0	14904	0	1532	0	24308	0	27958	0	8188	0	19122	2374	10274	0	1668	1038	6532	0	878	0	720	0	0	1106	11178	254	4186	0	0	0	2866	0	998	0	246	0	106	0	0	0	0	0	0	0	0	0	130	0	2706	176	2604	0	0	0	0	0	188	0	0	0	96	0	0	2586	9248	402	16114	0	0	0	0	0	568	0	4480	0	3948	0	794	0	0	0	1466	0	0	0	0	0	0	0	0	0	0	0	0	0	0	0	0	0	0	0	0	0	0	0	0	0	0	
299724	Cingulum_Ant_L	90	98	17600	5618	1950	480	10148	1434	262	0	838	288	3418	1206	1180	0	0	0	7328	1724	3250	2682	15860	6478	1854	3576	3338	950	2952	1106	0	17370	8564	3114	0	0	0	0	0	0	86	0	0	0	0	0	0	0	0	0	0	0	0	0	0	0	0	0	0	0	0	0	0	0	0	0	0	0	0	0	9932	5116	8448	1524	0	0	0	0	0	0	0	0	0	0	0	0	0	0	0	0	0	0	0	0	0	0	0	0	0	0	0	0	0	0	0	0	0	0	0	0	0	0	0	0	0	0	
523380	Cingulum_Ant_R	192	1094	4618	40682	282	3772	1942	10814	0	152	158	3174	248	10958	292	738	0	1170	10848	18504	2112	2162	13182	28830	1590	10292	1054	2066	220	11178	17370	0	1770	22726	0	0	0	0	0	0	0	0	0	0	0	0	0	0	0	0	0	0	0	0	0	0	0	0	0	0	0	0	0	0	0	0	0	0	0	0	4236	22626	2350	8288	0	0	0	0	0	0	0	0	0	0	0	0	0	0	0	0	0	0	0	0	0	0	0	0	0	0	0	0	0	0	0	0	0	0	0	0	0	0	0	0	0	0	
123148	Cingulum_Mid_L	1174	248	6782	1628	0	0	3650	218	0	0	184	0	1670	196	414	0	0	0	9152	3772	0	0	5404	160	0	0	0	0	1132	254	8564	1770	0	7704	2920	344	0	0	0	0	0	0	0	0	250	0	0	0	102	0	616	0	0	0	0	0	272	0	374	0	124	0	0	0	0	0	890	198	1212	0	0	196	0	0	0	0	0	0	0	0	0	0	0	0	0	0	0	0	0	0	0	0	0	0	0	0	0	0	0	0	0	0	0	0	0	0	0	0	0	0	0	0	0	0	0	0	
402216	Cingulum_Mid_R	1144	2498	4610	23100	0	0	1062	3002	0	138	0	778	92	5714	0	940	0	0	18662	42336	0	0	12532	16064	0	0	0	0	0	4186	3114	22726	7704	0	210	7312	0	0	0	0	0	0	0	444	0	1732	0	686	0	998	0	254	0	166	0	0	0	110	0	0	0	0	0	0	0	0	96	6848	892	6718	0	3222	0	496	0	0	0	0	0	0	0	0	0	0	0	0	0	0	0	522	0	0	0	0	0	0	0	0	0	0	0	0	0	0	0	0	0	0	0	0	0	0	0	0	0	0	
157032	Cingulum_Post_L	5350	354	1644	194	0	0	2180	106	0	0	0	0	0	0	0	0	320	0	2892	538	0	0	0	0	0	0	0	0	288	0	0	0	2920	210	0	7820	8024	3736	3704	0	0	0	2832	0	2844	0	518	0	0	0	2258	0	90	0	1006	0	536	0	0	0	328	0	280	0	0	0	8244	490	3912	0	144	0	96	0	0	0	5486	6650	622	0	0	0	0	0	1720	0	0	0	180	0	0	0	0	0	0	0	0	0	0	0	0	0	0	0	0	0	0	0	0	0	0	0	0	0	0	0	
172456	Cingulum_Post_R	1934	4232	86	920	0	0	2816	0	0	0	0	0	0	0	0	0	0	0	0	8130	0	0	0	0	0	0	0	0	0	0	0	0	344	7312	7820	0	3332	7494	1834	766	0	0	0	422	0	878	0	844	0	296	0	0	0	458	638	548	0	562	0	0	0	0	0	0	0	0	516	10356	0	4084	106	336	102	0	0	0	8172	10450	0	0	0	0	0	0	0	0	0	0	0	440	0	0	0	0	0	0	0	0	0	0	0	0	0	0	0	0	0	0	0	0	0	0	0	0	0	0	
240228	Hippocampus_L	8010	452	2446	308	0	0	2544	578	0	0	0	0	0	0	0	0	1812	0	2374	0	362	0	0	0	0	0	0	0	7132	0	0	0	0	0	8024	3332	0	2630	14310	0	6888	0	728	0	166	0	2514	0	0	0	126	0	624	0	11172	0	3780	0	378	0	582	0	286	0	0	0	4588	258	180	0	1412	0	5850	0	364	0	7094	3322	4798	0	1254	0	540	0	806	0	282	0	7642	0	166	0	0	0	0	0	0	0	0	0	0	0	0	0	0	0	0	0	0	0	0	0	0	0	0	0	
259172	Hippocampus_R	1844	4744	708	3684	0	0	1062	470	0	0	0	336	0	0	0	0	0	188	672	4362	0	0	0	0	0	0	0	0	0	2866	0	0	0	0	3736	7494	2630	0	1354	21910	0	7038	0	1646	0	0	0	2824	0	0	0	0	0	366	356	20276	914	720	0	0	0	0	0	0	0	0	358	5460	0	0	1632	324	644	10726	0	258	2498	6130	0	0	0	248	0	676	0	1256	0	0	0	6234	0	0	0	0	0	0	0	360	0	582	0	0	0	0	0	0	0	0	0	0	0	0	0	0	0	0	
97156	ParaHippocampal_L	2388	114	408	0	0	0	1034	132	0	0	0	0	0	0	0	0	148	0	390	0	108	0	0	0	0	0	0	0	1116	0	0	0	0	0	3704	1834	14310	1354	0	0	1856	0	122	0	0	0	1690	0	0	0	118	0	524	0	6070	0	396	0	112	0	156	0	0	0	0	0	1608	108	0	0	346	0	1784	0	0	0	3102	1802	144	0	232	0	348	0	0	0	684	0	336	0	0	0	0	0	0	0	0	0	0	0	0	0	0	0	0	0	0	0	0	0	0	0	0	0	0	0	
134188	ParaHippocampal_R	92	576	0	1662	0	0	0	306	0	0	0	166	0	0	0	0	0	0	0	1684	0	0	0	0	0	0	0	0	0	998	0	0	0	0	0	766	0	21910	0	0	0	6260	0	170	0	0	0	1388	0	0	0	0	0	200	0	15978	0	0	0	0	0	0	0	0	0	0	0	918	0	0	172	138	86	6004	0	148	0	978	0	0	0	0	0	1594	0	360	0	874	0	2576	0	0	0	0	0	0	0	632	0	458	0	0	0	0	0	0	0	0	0	0	0	0	0	0	0	0	
39624	Amygdala_L	0	0	0	0	146	0	0	0	0	0	0	0	0	0	126	0	0	0	0	0	1334	0	0	0	0	0	302	0	938	0	86	0	0	0	0	0	6888	0	1856	0	0	0	0	0	0	0	0	0	0	0	0	0	0	0	3372	0	0	0	0	0	0	0	0	0	0	0	0	0	0	0	282	0	1214	0	0	0	0	0	0	0	0	0	210	0	106	0	206	0	2746	0	0	0	0	0	0	0	0	0	0	0	0	0	0	0	0	0	0	0	0	0	0	0	0	0	0	0	
49044	Amygdala_R	0	0	0	0	0	0	0	0	0	0	0	0	0	0	0	0	0	0	0	0	0	356	0	0	0	0	0	0	0	246	0	0	0	0	0	0	0	7038	0	6260	0	0	0	0	0	0	0	0	0	0	0	0	0	0	0	6286	0	0	0	0	0	0	0	0	0	0	0	0	0	0	0	0	0	1198	0	0	0	0	0	0	0	0	0	1426	0	86	0	106	0	1520	0	0	0	0	0	0	0	0	0	0	0	0	0	0	0	0	0	0	0	0	0	0	0	0	0	0	
210244	Calcarine_L	830	0	0	0	0	0	0	0	0	0	0	0	0	0	0	0	0	0	0	0	0	0	0	0	0	0	0	0	0	0	0	0	0	0	2832	0	728	0	122	0	0	0	0	8846	15688	6354	8252	2470	11194	3458	23166	416	6540	0	272	0	384	0	0	0	0	0	0	0	106	0	8972	0	768	0	0	0	0	0	0	0	0	0	0	0	0	0	0	0	3456	0	0	0	268	0	0	0	0	0	0	0	0	0	0	0	0	0	0	0	0	0	0	0	0	0	0	0	0	0	0	0	
336208	Calcarine_R	256	842	0	0	0	0	0	0	0	0	0	0	0	0	0	0	0	0	0	1148	0	0	0	0	0	0	0	0	0	106	0	0	0	444	0	422	0	1646	0	170	0	0	8846	0	3426	27720	2064	22898	642	25508	574	19820	0	10146	0	8364	224	1360	0	224	0	0	0	0	0	0	430	16660	0	2050	212	0	0	0	0	0	0	0	0	0	0	0	0	0	0	5938	0	0	0	5964	0	0	0	0	0	0	0	0	0	0	0	0	0	0	0	0	0	0	0	0	0	0	0	0	0	0	
182284	Cuneus_L	626	0	0	0	0	0	0	0	0	0	0	0	0	0	0	0	0	0	316	140	0	0	0	0	0	0	0	0	0	0	0	0	250	0	2844	0	166	0	0	0	0	0	15688	3426	0	6366	494	0	19334	3000	18752	718	6724	0	94	0	490	0	124	0	0	0	0	0	96	0	7182	0	1538	0	0	0	0	0	0	0	0	0	0	0	0	0	0	0	2570	0	0	0	204	0	0	0	0	0	0	0	0	0	0	0	0	0	0	0	0	0	0	0	0	0	0	0	0	0	0	0	
297496	Cuneus_R	88	778	0	0	0	0	0	0	0	0	0	0	0	0	0	0	0	0	0	1546	0	0	0	0	0	0	0	0	0	0	0	0	0	1732	0	878	0	0	0	0	0	0	6354	27720	6366	0	474	3974	364	35764	138	14542	0	3790	0	2998	0	3282	0	1108	0	92	0	0	0	122	1364	24180	0	4566	0	0	0	0	0	0	0	0	0	0	0	0	0	0	0	3370	0	0	0	3158	0	0	0	0	0	0	0	0	0	0	0	0	0	0	0	0	0	0	0	0	0	0	0	0	0	0	
232996	Lingual_L	284	0	236	0	0	0	260	0	0	0	0	0	0	0	0	0	0	0	188	0	0	0	0	0	0	0	0	0	116	0	0	0	0	0	518	0	2514	0	1690	0	0	0	8252	2064	494	474	0	4142	1778	498	7364	0	4328	0	15490	430	0	0	0	0	0	0	0	0	0	0	3170	0	0	0	118	0	648	0	0	0	1040	128	0	0	0	0	0	0	246	0	0	0	374	0	11114	1956	174	0	88	0	11248	0	19538	2494	104	0	0	0	0	0	0	0	0	0	4200	6448	2290	0	0	0	
293556	Lingual_R	0	0	0	116	0	0	0	0	0	0	0	0	0	0	0	0	0	0	0	644	0	0	0	0	0	0	0	0	0	0	0	0	0	686	0	844	0	2824	0	1388	0	0	2470	22898	0	3974	4142	0	0	5822	0	4200	184	8974	2384	21096	0	516	0	0	0	0	0	0	0	0	0	10982	0	1674	0	0	0	0	0	0	0	376	0	0	0	0	0	0	0	586	0	0	86	2780	3374	4908	250	0	0	326	496	4938	6610	10406	0	0	114	0	0	204	0	0	0	0	5258	9140	674	210	224	0	
196940	Occipital_Sup_L	154	0	0	0	0	0	0	0	0	0	0	0	0	0	0	0	0	0	0	0	0	0	0	0	0	0	0	0	0	0	0	0	102	0	0	0	0	0	0	0	0	0	11194	642	19334	364	1778	0	0	174	39490	0	9366	0	0	0	226	0	3558	0	1882	0	150	0	3360	0	2248	0	146	0	0	0	0	0	0	0	0	0	0	0	176	0	0	0	3098	0	0	0	1028	0	0	0	0	0	0	0	0	0	0	0	0	0	0	0	0	0	0	0	0	0	0	0	0	0	0	0	
301608	Occipital_Sup_R	0	534	0	0	0	0	0	0	0	0	0	0	0	0	0	0	0	0	0	834	0	0	0	0	0	0	0	0	0	0	0	0	0	998	0	296	0	0	0	0	0	0	3458	25508	3000	35764	498	5822	174	0	0	22978	0	3062	0	2874	0	5008	0	3786	0	1996	0	160	0	3184	808	18012	0	966	0	0	0	0	0	0	0	0	0	0	0	0	0	0	0	3660	0	0	0	7338	0	0	0	0	0	0	0	0	0	0	0	0	0	0	0	0	0	0	0	0	0	86	0	0	0	0	
440116	Occipital_Mid_L	4742	0	0	0	0	0	0	0	0	0	0	0	0	0	0	0	0	0	164	0	0	0	0	0	0	0	0	0	96	0	0	0	616	0	2258	0	126	0	118	0	0	0	23166	574	18752	138	7364	0	39490	0	0	0	26514	0	1680	0	10026	0	11866	0	8436	0	810	0	12886	0	10148	0	4926	0	0	0	0	0	0	0	0	0	0	0	380	0	0	0	28344	0	0	0	6438	0	0	0	0	0	0	0	0	0	0	0	0	0	0	0	0	0	0	0	0	0	0	0	0	0	0	0	
222780	Occipital_Mid_R	0	108	0	0	0	0	0	0	0	0	0	0	0	0	0	0	0	0	0	190	0	0	0	0	0	0	0	0	0	0	0	0	0	254	0	0	0	0	0	0	0	0	416	19820	718	14542	0	4200	0	22978	0	0	0	6194	0	2450	0	802	0	1110	0	3380	0	376	0	10030	0	7094	0	184	0	0	0	0	0	0	0	0	0	0	0	122	0	0	0	12974	0	0	0	3448	0	0	0	0	0	0	0	0	0	0	0	0	0	0	0	0	0	0	0	0	0	0	0	0	0	0	
143112	Occipital_Inf_L	212	0	0	0	0	0	0	0	0	0	0	0	0	0	0	0	0	0	0	0	0	0	0	0	0	0	0	0	0	0	0	0	0	0	90	0	624	0	524	0	0	0	6540	0	6724	0	4328	184	9366	0	26514	0	0	0	5538	0	0	0	1258	0	0	0	0	0	0	0	1632	0	0	0	0	0	0	0	0	0	0	0	258	0	0	0	0	0	1944	0	0	0	4356	0	0	132	0	0	0	0	0	0	594	172	0	0	0	0	0	0	0	0	0	0	0	566	0	0	0	0	
169212	Occipital_Inf_R	344	1060	0	0	0	0	0	0	0	0	0	0	0	0	0	0	0	0	0	1742	0	0	0	0	0	0	0	0	0	130	0	0	0	166	0	458	0	366	0	200	0	0	0	10146	0	3790	0	8974	0	3062	0	6194	0	0	0	17878	308	1188	0	0	0	150	0	144	0	0	0	7352	0	1142	320	0	0	0	0	0	0	0	0	0	0	0	0	0	0	2448	0	0	0	9310	216	624	0	0	0	92	0	974	522	2562	0	0	0	0	0	0	0	0	0	0	1260	1484	0	0	0	0	
343764	Fusiform_L	1136	0	184	0	0	0	480	0	0	0	0	0	0	0	0	0	202	0	164	0	232	0	0	0	0	0	0	0	2012	0	0	0	0	0	1006	638	11172	356	6070	0	3372	0	272	0	94	0	15490	2384	0	0	1680	0	5538	0	0	462	284	0	0	0	0	0	0	0	0	0	614	0	0	0	90	0	762	0	0	0	1738	674	1322	0	544	0	1604	0	760	0	1206	0	13694	0	31038	1682	1552	0	218	0	12186	0	34114	2084	1052	0	896	0	92	0	0	0	0	0	2760	5412	2560	0	0	0	
484128	Fusiform_R	500	1480	0	182	0	0	0	114	0	0	0	0	0	0	0	0	0	0	0	1890	0	0	0	0	0	0	0	0	0	2706	0	0	0	0	0	548	0	20276	0	15978	0	6286	0	8364	0	2998	430	21096	0	2874	0	2450	0	17878	462	0	440	960	0	0	0	0	0	142	0	0	0	7372	0	676	482	88	0	3248	0	0	0	0	0	310	0	2610	0	4594	0	5750	0	2436	0	27270	1198	19938	0	264	0	1010	312	10864	2720	28464	0	114	86	548	0	252	0	0	0	342	6780	5144	678	226	234	0	
373668	Postcentral_L	42744	1424	3682	728	0	0	2756	670	0	0	4184	0	0	0	0	0	12144	288	2690	558	0	0	0	0	0	0	0	0	9806	176	0	0	272	0	536	0	3780	914	396	0	0	0	384	224	490	0	0	0	226	0	10026	0	0	308	284	440	0	204	15056	0	27990	0	6614	108	1404	0	3984	148	4454	0	4388	0	850	296	116	0	184	0	3934	210	2654	116	0	0	7972	0	0	0	5884	138	0	0	0	0	0	0	0	0	0	0	0	0	0	0	0	0	0	0	0	0	0	0	0	0	0	0	
239968	Postcentral_R	494	17428	356	954	0	0	182	1174	0	0	0	1210	0	0	0	0	0	4720	156	2166	0	0	0	0	0	0	0	0	0	2604	0	0	0	110	0	562	0	720	0	0	0	0	0	1360	0	3282	0	516	0	5008	0	802	0	1188	0	960	204	0	0	6346	0	16780	0	17502	0	4204	88	7814	116	4918	438	144	92	352	0	0	0	100	0	824	0	1490	0	0	0	5218	0	0	0	7402	0	0	0	0	0	0	0	0	0	0	0	0	0	0	0	0	0	0	0	0	0	0	0	0	0	0	
129744	Parietal_Sup_L	2324	0	110	0	0	0	814	0	0	0	624	0	0	0	0	0	380	0	98	0	0	0	0	0	0	0	0	0	574	0	0	0	374	0	0	0	378	0	112	0	0	0	0	0	124	0	0	0	3558	0	11866	0	1258	0	0	0	15056	0	0	0	14916	0	440	0	130	0	6412	0	1012	0	0	0	272	0	0	0	0	0	388	0	252	0	0	0	2182	0	0	0	1218	0	0	0	0	0	0	0	0	0	0	0	0	0	0	0	0	0	0	0	0	0	0	0	0	0	0	0	
80836	Parietal_Sup_R	0	150	0	0	0	0	0	0	0	0	0	0	0	0	0	0	0	94	0	140	0	0	0	0	0	0	0	0	0	0	0	0	0	0	0	0	0	0	0	0	0	0	0	224	0	1108	0	0	0	3786	0	1110	0	0	0	0	0	6346	0	0	0	8374	0	5506	0	4544	0	3212	0	260	0	0	0	0	0	0	0	0	0	0	0	304	0	0	0	3086	0	0	0	2174	0	0	0	0	0	0	0	0	0	0	0	0	0	0	0	0	0	0	0	0	0	0	0	0	0	0	
206924	Parietal_Inf_L	9718	0	280	0	0	0	1124	0	0	0	874	0	0	0	0	0	1942	0	238	0	0	0	0	0	0	0	0	0	1698	0	0	0	124	0	328	0	582	0	156	0	0	0	0	0	0	0	0	0	1882	0	8436	0	0	0	0	0	27990	0	14916	0	0	0	14584	0	4452	0	300	0	590	0	0	0	438	0	0	0	0	0	670	0	1238	0	0	0	6714	0	0	0	4188	0	0	0	0	0	0	0	0	0	0	0	0	0	0	0	0	0	0	0	0	0	0	0	0	0	0	0	
155196	Parietal_Inf_R	0	504	0	0	0	0	0	0	0	0	0	0	0	0	0	0	0	606	0	502	0	0	0	0	0	0	0	0	0	0	0	0	0	0	0	0	0	0	0	0	0	0	0	0	0	92	0	0	0	1996	0	3380	0	150	0	0	0	16780	0	8374	0	0	0	19974	0	12716	0	264	0	356	0	0	0	0	0	0	0	0	0	138	0	652	0	0	0	6306	0	0	0	4808	0	0	0	0	0	0	0	0	0	0	0	0	0	0	0	0	0	0	0	0	0	0	0	0	0	0	
85016	SupraMarginal_L	2148	0	0	0	0	0	0	0	0	0	0	0	0	0	0	0	1722	0	0	0	0	0	0	0	0	0	0	0	462	0	0	0	0	0	280	0	286	0	0	0	0	0	0	0	0	0	0	0	150	0	810	0	0	0	0	0	6614	0	440	0	14584	0	0	0	1578	0	0	0	320	0	0	0	0	0	0	0	0	0	276	0	3442	0	0	0	6312	0	0	0	3084	0	0	0	0	0	0	0	0	0	0	0	0	0	0	0	0	0	0	0	0	0	0	0	0	0	0	0	
163660	SupraMarginal_R	150	1440	0	0	0	0	0	0	0	0	0	0	0	0	0	0	0	3654	0	1352	0	0	0	0	0	0	0	0	0	188	0	0	0	0	0	0	0	0	0	0	0	0	0	0	0	0	0	0	0	160	0	376	0	144	0	142	108	17502	0	5506	0	19974	0	0	0	12560	0	176	0	1086	128	0	0	0	0	0	0	0	0	222	0	4370	0	0	0	9432	0	0	0	3160	0	0	0	0	0	0	0	0	0	0	0	0	0	0	0	0	0	0	0	0	0	0	0	0	0	0	
64328	Angular_L	688	0	0	0	0	0	0	0	0	0	0	0	0	0	0	0	0	0	0	0	0	0	0	0	0	0	0	0	106	0	0	0	0	0	0	0	0	0	0	0	0	0	106	0	96	0	0	0	3360	0	12886	0	0	0	0	0	1404	0	130	0	4452	0	1578	0	0	0	0	0	196	0	0	0	0	0	0	0	0	0	0	0	980	0	0	0	4930	0	0	0	1252	0	0	0	0	0	0	0	0	0	0	0	0	0	0	0	0	0	0	0	0	0	0	0	0	0	0	0	
112912	Angular_R	0	240	0	0	0	0	0	0	0	0	0	0	0	0	0	0	0	212	0	204	0	0	0	0	0	0	0	0	0	0	0	0	0	0	0	0	0	0	0	0	0	0	0	0	0	122	0	0	0	3184	0	10030	0	0	0	0	0	4204	0	4544	0	12716	0	12560	0	0	0	216	0	190	0	0	0	0	0	0	0	0	0	0	0	1644	0	0	0	4754	0	0	0	1636	0	0	0	0	0	0	0	0	0	0	0	0	0	0	0	0	0	0	0	0	0	0	0	0	0	0	
146932	Precuneus_L	1054	0	0	0	0	0	118	0	0	0	0	0	0	0	0	0	88	0	122	98	0	0	0	0	0	0	0	0	0	0	0	0	890	96	8244	516	4588	358	1608	0	0	0	8972	430	7182	1364	3170	0	2248	808	10148	0	1632	0	614	0	3984	88	6412	0	300	0	0	0	0	0	0	1312	3698	0	0	0	0	0	0	0	0	346	206	0	0	0	0	0	2494	0	0	0	278	0	0	0	0	0	0	0	0	0	0	0	0	0	0	0	0	0	0	0	0	0	0	0	0	0	0	0	
325512	Precuneus_R	306	2404	0	0	0	0	0	0	0	0	0	0	0	0	0	0	0	0	0	5418	0	0	0	0	0	0	0	0	0	96	0	0	198	6848	490	10356	258	5460	108	918	0	0	0	16660	0	24180	0	10982	0	18012	0	7094	0	7352	0	7372	148	7814	0	3212	0	264	0	176	0	216	1312	0	102	11164	172	0	0	0	0	0	154	712	0	0	0	0	0	0	0	3894	0	0	0	8904	0	0	0	0	0	0	0	0	0	0	0	0	0	0	0	0	0	0	0	0	0	0	0	0	0	0	
114096	Paracentral_Lobule_L	16624	966	3978	840	0	0	174	0	0	0	0	0	0	0	0	0	0	0	3408	2520	0	0	0	0	0	0	0	0	0	0	0	0	1212	892	3912	0	180	0	0	0	0	0	768	0	1538	0	0	0	146	0	4926	0	0	0	0	0	4454	116	1012	0	590	0	320	0	196	0	3698	102	0	170	0	0	0	0	0	0	0	96	0	0	0	0	0	0	3202	0	0	0	1008	0	0	0	0	0	0	0	0	0	0	0	0	0	0	0	0	0	0	0	0	0	0	0	0	0	0	0	
117580	Paracentral_Lobule_R	0	2516	0	120	0	0	0	0	0	0	0	0	0	0	0	0	0	210	0	12482	0	0	0	0	0	0	0	0	0	0	0	0	0	6718	0	4084	0	0	0	0	0	0	0	2050	0	4566	0	1674	0	966	0	184	0	1142	0	676	0	4918	0	260	0	356	0	1086	0	190	0	11164	170	0	0	0	0	0	0	0	0	0	0	0	0	0	0	0	0	1196	0	0	0	2062	0	0	0	0	0	0	0	0	0	0	0	0	0	0	0	0	0	0	0	0	0	0	0	0	0	0	
312760	Caudate_L	11442	3790	6122	7814	1636	400	3882	9692	270	0	506	1982	0	2206	2050	0	414	522	4628	2576	6674	7192	372	0	444	258	2910	2416	2082	2586	9932	4236	0	0	144	106	1412	1632	346	172	282	0	0	212	0	0	118	0	0	0	0	0	0	320	90	482	4388	438	0	0	0	0	0	128	0	0	0	172	0	0	0	11420	21622	2102	2268	0	6282	1890	718	306	0	150	0	0	0	0	0	0	0	146	0	0	0	0	0	0	0	0	0	0	0	0	0	0	0	0	0	0	0	0	0	0	0	0	0	0	
354472	Caudate_R	718	1888	1458	19094	240	2166	940	5002	0	156	0	3954	0	5488	168	482	134	296	1308	16680	3014	4802	1388	7886	344	3454	712	1364	186	9248	5116	22626	196	3222	0	336	0	324	0	138	0	0	0	0	0	0	0	0	0	0	0	0	0	0	0	88	0	144	0	0	0	0	0	0	0	0	0	0	0	0	11420	0	4328	13688	286	1256	4302	17196	0	0	0	0	0	0	0	0	0	0	0	0	0	0	0	0	0	0	0	0	0	0	0	0	0	0	0	0	0	0	0	0	0	0	0	0	0	0	
344772	Putamen_L	2304	1948	26552	1764	5254	136	2686	3060	3428	0	498	334	212	366	6534	0	2544	0	21700	650	3544	4546	876	0	140	122	1472	1260	18054	402	8448	2350	0	0	96	102	5850	644	1784	86	1214	0	0	0	0	0	648	0	0	0	0	0	0	0	762	0	850	92	272	0	438	0	0	0	0	0	0	0	0	0	21622	4328	0	1082	6526	0	2440	0	608	0	440	0	596	0	0	0	0	0	722	0	0	0	0	0	0	0	0	0	0	0	0	0	0	0	0	0	0	0	0	0	0	0	0	0	0	0	
230448	Putamen_R	406	984	460	7874	0	3560	0	1520	0	1532	0	2902	0	996	0	2994	0	1254	544	9928	606	1188	278	3828	254	4022	276	1290	0	16114	1524	8288	0	496	0	0	0	10726	0	6004	0	1198	0	0	0	0	0	0	0	0	0	0	0	0	0	3248	296	352	0	0	0	0	0	0	0	0	0	0	0	0	2102	13688	1082	0	0	1894	0	356	0	0	0	0	0	294	0	128	0	0	0	496	0	0	0	0	0	0	0	0	0	242	0	0	0	0	0	0	0	0	0	0	0	0	0	0	0	0	
46976	Pallidum_L	422	140	5202	186	0	0	396	94	0	0	0	0	0	0	0	0	0	0	5072	294	0	262	0	0	0	0	0	0	0	0	0	0	0	0	0	0	364	0	0	0	0	0	0	0	0	0	0	0	0	0	0	0	0	0	0	0	116	0	0	0	0	0	0	0	0	0	0	0	0	0	2268	286	6526	0	0	0	1700	160	0	0	0	0	0	0	0	0	0	0	0	0	0	0	0	0	0	0	0	0	0	0	0	0	0	0	0	0	0	0	0	0	0	0	0	0	0	0	
16408	Pallidum_R	0	0	0	1714	0	0	0	0	0	0	0	0	0	0	0	0	0	0	0	2934	0	0	0	0	0	0	0	0	0	0	0	0	0	0	0	0	0	258	0	148	0	0	0	0	0	0	0	0	0	0	0	0	0	0	0	0	0	0	0	0	0	0	0	0	0	0	0	0	0	0	0	1256	0	1894	0	0	0	0	0	0	0	0	0	0	0	0	0	0	0	0	0	0	0	0	0	0	0	0	0	0	0	0	0	0	0	0	0	0	0	0	0	0	0	0	0	0	
186992	Thalamus_L	11676	448	2568	580	0	0	13036	610	0	0	0	0	0	0	0	0	0	0	2234	194	0	0	0	0	0	0	0	0	286	0	0	0	0	0	5486	8172	7094	2498	3102	0	0	0	0	0	0	0	1040	0	0	0	0	0	0	0	1738	0	184	0	0	0	0	0	0	0	0	0	0	154	0	0	6282	4302	2440	0	1700	0	0	17580	0	0	0	0	0	0	0	0	0	0	92	0	0	0	0	0	0	0	0	0	0	0	0	0	0	0	0	0	0	0	0	0	0	0	0	0	0	0	
171320	Thalamus_R	2000	1376	0	5934	0	0	2830	184	0	0	0	0	0	0	0	0	0	0	0	4390	0	0	0	0	0	0	0	0	0	0	0	0	0	0	6650	10450	3322	6130	1802	978	0	0	0	0	0	0	128	376	0	0	0	0	0	0	674	0	0	100	0	0	0	0	0	0	0	0	346	712	96	0	1890	17196	0	356	160	0	17580	0	0	0	0	0	0	0	0	0	0	0	0	0	0	0	0	0	0	0	0	0	0	0	0	0	0	0	0	0	0	0	0	0	0	0	0	0	0	0	
79832	Heschl_L	2574	446	928	174	0	0	440	438	0	0	0	0	0	0	0	0	2856	0	754	0	0	0	0	0	0	0	0	0	8114	0	0	0	0	0	622	0	4798	0	144	0	0	0	0	0	0	0	0	0	0	0	0	0	258	0	1322	0	3934	0	388	0	670	0	276	0	0	0	206	0	0	0	718	0	608	0	0	0	0	0	0	0	1922	0	0	0	2374	0	0	0	4832	0	120	0	0	0	0	0	0	0	0	0	0	0	0	0	0	0	0	0	0	0	0	0	0	0	0	0	
26584	Heschl_R	290	674	0	558	0	0	0	558	0	0	0	0	0	0	0	0	0	2788	0	0	0	0	0	0	0	0	0	0	0	568	0	0	0	0	0	0	0	0	0	0	0	0	0	0	0	0	0	0	0	0	0	0	0	0	0	310	210	824	0	0	0	138	0	222	0	0	0	0	0	0	306	0	0	0	0	0	0	0	0	0	0	2870	0	0	0	1520	0	0	0	1456	0	0	0	0	0	0	0	0	0	0	0	0	0	0	0	0	0	0	0	0	0	0	0	0	0	0	
158616	Temporal_Sup_L	784	0	1190	90	0	0	0	0	0	0	926	0	0	0	0	0	5252	0	932	0	0	0	0	0	0	0	0	0	6934	0	0	0	0	0	0	0	1254	0	232	0	0	0	0	0	0	0	0	0	176	0	380	0	0	0	544	0	2654	0	252	0	1238	0	3442	0	980	0	0	0	0	0	0	0	440	0	0	0	0	0	1922	0	0	0	4576	0	27836	0	288	0	16986	0	0	0	0	0	0	0	0	0	0	0	0	0	0	0	0	0	0	0	0	0	0	0	0	0	0	0	
85280	Temporal_Sup_R	148	398	0	316	0	0	0	296	0	0	0	0	0	0	0	2294	0	3426	0	0	0	0	0	0	0	0	0	0	0	4480	0	0	0	0	0	0	0	248	0	0	0	0	0	0	0	0	0	0	0	0	0	122	0	0	0	2610	116	1490	0	304	0	652	0	4370	0	1644	0	0	0	0	150	0	0	0	0	0	0	0	0	2870	0	0	0	3396	0	9306	0	0	0	4004	0	0	0	0	0	0	0	0	0	0	0	0	0	0	0	0	0	0	0	0	0	0	0	0	0	0	
52676	Temporal_Pole_Sup_L	0	0	258	0	402	0	0	0	274	0	528	0	164	0	792	0	506	0	242	0	396	0	0	0	0	0	142	0	2300	0	0	0	0	0	0	0	540	0	348	0	210	0	0	0	0	0	0	0	0	0	0	0	0	0	1604	0	0	0	0	0	0	0	0	0	0	0	0	0	0	0	0	0	596	0	0	0	0	0	0	0	4576	0	0	0	6098	0	2740	0	3622	0	0	0	0	0	0	0	0	0	0	0	0	0	0	0	0	0	0	0	0	0	0	0	0	0	0	0	
57312	Temporal_Pole_Sup_R	0	0	0	100	0	0	0	0	0	0	0	240	0	0	0	3314	0	382	0	0	0	0	0	0	0	0	0	0	0	3948	0	0	0	0	0	0	0	676	0	1594	0	1426	0	0	0	0	0	0	0	0	0	0	0	0	0	4594	0	0	0	0	0	0	0	0	0	0	0	0	0	0	0	0	0	294	0	0	0	0	0	0	0	3396	0	0	0	2998	0	3630	0	2064	0	0	0	0	0	0	0	0	0	0	0	0	0	0	0	0	0	0	0	0	0	0	0	0	0	0	
341028	Temporal_Mid_L	6490	0	0	0	0	0	0	0	0	0	90	0	0	0	0	0	1908	0	0	0	0	0	0	0	0	0	0	0	1354	0	0	0	0	0	1720	0	806	0	0	0	106	0	3456	0	2570	0	246	0	3098	0	28344	0	1944	0	760	0	7972	0	2182	0	6714	0	6312	0	4930	0	2494	0	3202	0	0	0	0	0	0	0	0	0	2374	0	27836	0	6098	0	0	0	3042	0	44466	0	0	0	0	0	0	0	0	0	0	0	0	0	0	0	0	0	0	0	0	0	0	0	0	0	0	0	
247540	Temporal_Mid_R	0	1000	0	0	0	0	0	0	0	0	0	0	0	0	0	130	0	288	0	1684	0	0	0	0	0	0	0	0	0	794	0	0	0	0	0	0	0	1256	0	360	0	86	0	5938	0	3370	0	586	0	3660	0	12974	0	2448	0	5750	0	5218	0	3086	0	6306	0	9432	0	4754	0	3894	0	1196	0	0	0	128	0	0	0	0	0	1520	0	9306	0	2998	0	0	0	1152	0	34266	0	0	0	0	0	0	0	0	0	190	0	0	0	0	0	0	0	0	0	0	0	0	0	0	0	0	
21572	Temporal_Pole_Mid_L	0	0	0	0	0	0	0	0	0	0	0	0	0	0	0	0	0	0	0	0	0	0	0	0	0	0	0	0	398	0	0	0	0	0	0	0	282	0	684	0	206	0	0	0	0	0	0	0	0	0	0	0	0	0	1206	0	0	0	0	0	0	0	0	0	0	0	0	0	0	0	0	0	0	0	0	0	0	0	0	0	288	0	2740	0	3042	0	0	0	1940	0	0	0	0	0	0	0	0	0	0	0	0	0	0	0	0	0	0	0	0	0	0	0	0	0	0	0	
19340	Temporal_Pole_Mid_R	0	0	0	0	0	0	0	0	0	0	0	0	0	0	0	0	0	0	0	0	0	0	0	0	0	0	0	0	0	0	0	0	0	0	0	0	0	0	0	874	0	106	0	0	0	0	0	0	0	0	0	0	0	0	0	2436	0	0	0	0	0	0	0	0	0	0	0	0	0	0	0	0	0	0	0	0	0	0	0	0	0	0	0	3630	0	1152	0	0	0	1472	0	0	0	0	0	0	0	0	0	0	0	0	0	0	0	0	0	0	0	0	0	0	0	0	0	0	
303840	Temporal_Inf_L	3210	0	136	0	0	0	0	0	0	0	0	0	0	0	0	0	2110	0	104	0	0	0	0	0	0	0	0	0	5556	0	0	0	0	0	180	0	7642	0	336	0	2746	0	268	0	204	0	374	86	1028	0	6438	0	4356	0	13694	0	5884	0	1218	0	4188	0	3084	0	1252	0	278	0	1008	0	0	0	722	0	0	0	92	0	4832	0	16986	0	3622	0	44466	0	1940	0	0	0	7024	122	1144	0	0	0	612	0	3248	168	768	0	384	0	0	0	0	0	0	0	114	204	92	0	0	0	
315060	Temporal_Inf_R	190	2306	0	0	0	0	0	0	0	0	0	0	0	0	0	0	0	200	0	3442	0	0	0	0	0	0	0	0	0	1466	0	0	0	522	0	440	0	6234	0	2576	0	1520	0	5964	0	3158	0	2780	0	7338	0	3448	0	9310	0	27270	138	7402	0	2174	0	4808	0	3160	0	1636	0	8904	0	2062	146	0	0	496	0	0	0	0	0	1456	0	4004	0	2064	0	34266	0	1472	0	0	0	2970	0	134	0	108	0	222	0	1744	0	0	0	0	0	0	0	0	0	0	0	0	0	0	0	0	
660572	Cerebelum_Crus1_L	0	0	0	0	0	0	0	0	0	0	0	0	0	0	0	0	0	0	0	0	0	0	0	0	0	0	0	0	0	0	0	0	0	0	0	0	166	0	0	0	0	0	0	0	0	0	11114	3374	0	0	0	0	0	216	31038	1198	0	0	0	0	0	0	0	0	0	0	0	0	0	0	0	0	0	0	0	0	0	0	120	0	0	0	0	0	0	0	0	0	7024	0	0	15868	45176	15460	2396	220	23610	434	57624	8238	21098	5732	18112	10974	2878	1888	140	208	158	0	6196	11342	25304	1708	1038	234	
601740	Cerebelum_Crus1_R	0	0	0	0	0	0	0	0	0	0	0	0	0	0	0	0	0	0	0	0	0	0	0	0	0	0	0	0	0	0	0	0	0	0	0	0	0	0	0	0	0	0	0	0	0	0	1956	4908	0	0	0	0	132	624	1682	19938	0	0	0	0	0	0	0	0	0	0	0	0	0	0	0	0	0	0	0	0	0	0	0	0	0	0	0	0	0	0	0	0	122	2970	15868	0	12900	41456	1138	3368	2684	13028	11902	58862	1996	12382	2054	25242	1426	6014	0	800	730	894	7314	16510	25962	2952	2858	198	
450052	Cerebelum_Crus2_L	0	0	0	0	0	0	0	0	0	0	0	0	0	0	0	0	0	0	0	0	0	0	0	0	0	0	0	0	0	0	0	0	0	0	0	0	0	0	0	0	0	0	0	0	0	0	174	250	0	0	0	0	0	0	1552	0	0	0	0	0	0	0	0	0	0	0	0	0	0	0	0	0	0	0	0	0	0	0	0	0	0	0	0	0	0	0	0	0	1144	0	45176	12900	0	21736	306	0	1248	0	4556	2420	44004	10904	34904	11536	4180	926	674	0	0	0	260	1320	23130	1622	104	0	
418980	Cerebelum_Crus2_R	0	0	0	0	0	0	0	0	0	0	0	0	0	0	0	0	0	0	0	0	0	0	0	0	0	0	0	0	0	0	0	0	0	0	0	0	0	0	0	0	0	0	0	0	0	0	0	0	0	0	0	0	0	0	0	264	0	0	0	0	0	0	0	0	0	0	0	0	0	0	0	0	0	0	0	0	0	0	0	0	0	0	0	0	0	0	0	0	0	134	15460	41456	21736	0	424	354	788	558	2092	4378	7544	28468	5970	37838	1534	6082	0	716	144	108	100	1100	27470	3288	1484	0	
59368	Cerebelum_3_L	0	0	0	0	0	0	0	0	0	0	0	0	0	0	0	0	0	0	0	0	0	0	0	0	0	0	0	0	0	0	0	0	0	0	0	0	0	0	0	0	0	0	0	0	0	0	88	0	0	0	0	0	0	0	218	0	0	0	0	0	0	0	0	0	0	0	0	0	0	0	0	0	0	0	0	0	0	0	0	0	0	0	0	0	0	0	0	0	0	0	2396	1138	306	424	0	118	8278	86	5112	1328	182	0	326	380	1938	520	0	0	538	564	894	2006	1136	592	692	424	
77220	Cerebelum_3_R	0	0	0	0	0	0	0	0	0	0	0	0	0	0	0	0	0	0	0	0	0	0	0	0	0	0	0	0	0	0	0	0	0	0	0	0	0	0	0	0	0	0	0	0	0	0	0	326	0	0	0	0	0	92	0	1010	0	0	0	0	0	0	0	0	0	0	0	0	0	0	0	0	0	0	0	0	0	0	0	0	0	0	0	0	0	0	0	0	0	108	220	3368	0	354	118	0	226	6764	326	7420	0	0	88	1038	170	2074	0	0	1810	3154	1600	1756	1888	2136	2410	154	
285156	Cerebelum_4_5_L	0	0	0	0	0	0	0	0	0	0	0	0	0	0	0	0	0	0	0	0	0	0	0	0	0	0	0	0	0	0	0	0	0	0	0	0	0	0	0	0	0	0	0	0	0	0	11248	496	0	0	0	0	0	0	12186	312	0	0	0	0	0	0	0	0	0	0	0	0	0	0	0	0	0	0	0	0	0	0	0	0	0	0	0	0	0	0	0	0	612	0	23610	2684	1248	788	8278	226	0	894	40964	3030	966	0	1240	694	4984	938	276	0	392	406	14574	5800	2010	778	1410	1534	
192460	Cerebelum_4_5_R	0	0	0	0	0	0	0	0	0	0	0	0	0	0	0	0	0	0	0	0	0	0	0	0	0	0	0	0	0	0	0	0	0	0	0	0	0	360	0	632	0	0	0	0	0	0	0	4938	0	0	0	0	0	974	0	10864	0	0	0	0	0	0	0	0	0	0	0	0	0	0	0	0	0	0	0	0	0	0	0	0	0	0	0	0	0	0	0	0	0	222	434	13028	0	558	86	6764	894	0	692	28342	0	0	104	1494	146	1928	0	122	316	1910	13524	1742	1990	2056	2110	0	
548592	Cerebelum_6_L	0	0	0	0	0	0	0	0	0	0	0	0	0	0	0	0	0	0	0	0	0	0	0	0	0	0	0	0	0	0	0	0	0	0	0	0	0	0	0	0	0	0	0	0	0	0	19538	6610	0	0	0	0	594	522	34114	2720	0	0	0	0	0	0	0	0	0	0	0	0	0	0	0	0	0	0	0	0	0	0	0	0	0	0	0	0	0	0	0	0	3248	0	57624	11902	4556	2092	5112	326	40964	692	0	14412	2852	0	3084	2096	4542	1798	234	100	298	180	12874	26470	9406	1416	2222	1698	
500400	Cerebelum_6_R	0	0	0	0	0	0	0	0	0	0	0	0	0	0	0	0	0	0	0	0	0	0	0	0	0	0	0	0	0	0	0	0	0	0	0	0	0	582	0	458	0	0	0	0	0	0	2494	10406	0	0	0	0	172	2562	2084	28464	0	0	0	0	0	0	0	0	0	0	0	0	0	0	0	0	0	242	0	0	0	0	0	0	0	0	0	0	0	190	0	0	168	1744	8238	58862	2420	4378	1328	7420	3030	28342	14412	0	116	326	760	5402	1158	3768	0	498	1214	1956	13680	21512	13400	4070	4138	206	
284736	Cerebelum_7b_L	0	0	0	0	0	0	0	0	0	0	0	0	0	0	0	0	0	0	0	0	0	0	0	0	0	0	0	0	0	0	0	0	0	0	0	0	0	0	0	0	0	0	0	0	0	0	104	0	0	0	0	0	0	0	1052	0	0	0	0	0	0	0	0	0	0	0	0	0	0	0	0	0	0	0	0	0	0	0	0	0	0	0	0	0	0	0	0	0	768	0	21098	1996	44004	7544	182	0	966	0	2852	116	0	5170	36514	4368	5216	248	930	0	0	0	0	148	7568	1388	136	0	
220208	Cerebelum_7b_R	0	0	0	0	0	0	0	0	0	0	0	0	0	0	0	0	0	0	0	0	0	0	0	0	0	0	0	0	0	0	0	0	0	0	0	0	0	0	0	0	0	0	0	0	0	0	0	0	0	0	0	0	0	0	0	114	0	0	0	0	0	0	0	0	0	0	0	0	0	0	0	0	0	0	0	0	0	0	0	0	0	0	0	0	0	0	0	0	0	0	5732	12382	10904	28468	0	0	0	0	0	326	5170	0	2872	27354	146	3580	0	342	0	0	0	0	11048	1666	0	0	
289692	Cerebelum_8_L	0	0	0	0	0	0	0	0	0	0	0	0	0	0	0	0	0	0	0	0	0	0	0	0	0	0	0	0	0	0	0	0	0	0	0	0	0	0	0	0	0	0	0	0	0	0	0	114	0	0	0	0	0	0	896	86	0	0	0	0	0	0	0	0	0	0	0	0	0	0	0	0	0	0	0	0	0	0	0	0	0	0	0	0	0	0	0	0	384	0	18112	2054	34904	5970	326	88	1240	104	3084	760	36514	2872	0	5852	14446	1276	2488	0	0	0	0	640	8064	3362	1210	0	
385624	Cerebelum_8_R	0	0	0	0	0	0	0	0	0	0	0	0	0	0	0	0	0	0	0	0	0	0	0	0	0	0	0	0	0	0	0	0	0	0	0	0	0	0	0	0	0	0	0	0	0	0	0	0	0	0	0	0	0	0	0	548	0	0	0	0	0	0	0	0	0	0	0	0	0	0	0	0	0	0	0	0	0	0	0	0	0	0	0	0	0	0	0	0	0	0	10974	25242	11536	37838	380	1038	694	1494	2096	5402	4368	27354	5852	0	1658	21116	0	1794	378	340	300	1188	21428	5680	4014	100	
118244	Cerebelum_9_L	0	0	0	0	0	0	0	0	0	0	0	0	0	0	0	0	0	0	0	0	0	0	0	0	0	0	0	0	0	0	0	0	0	0	0	0	0	0	0	0	0	0	0	0	0	0	0	0	0	0	0	0	0	0	92	0	0	0	0	0	0	0	0	0	0	0	0	0	0	0	0	0	0	0	0	0	0	0	0	0	0	0	0	0	0	0	0	0	0	0	2878	1426	4180	1534	1938	170	4984	146	4542	1158	5216	146	14446	1658	0	1426	2932	0	120	92	216	1956	3096	2108	1760	902	
167472	Cerebelum_9_R	0	0	0	0	0	0	0	0	0	0	0	0	0	0	0	0	0	0	0	0	0	0	0	0	0	0	0	0	0	0	0	0	0	0	0	0	0	0	0	0	0	0	0	0	0	0	0	204	0	0	0	0	0	0	0	252	0	0	0	0	0	0	0	0	0	0	0	0	0	0	0	0	0	0	0	0	0	0	0	0	0	0	0	0	0	0	0	0	0	0	1888	6014	926	6082	520	2074	938	1928	1798	3768	248	3580	1276	21116	1426	0	0	1524	648	672	1366	3686	6410	6298	7200	1894	
15348	Cerebelum_10_L	0	0	0	0	0	0	0	0	0	0	0	0	0	0	0	0	0	0	0	0	0	0	0	0	0	0	0	0	0	0	0	0	0	0	0	0	0	0	0	0	0	0	0	0	0	0	0	0	0	0	0	0	0	0	0	0	0	0	0	0	0	0	0	0	0	0	0	0	0	0	0	0	0	0	0	0	0	0	0	0	0	0	0	0	0	0	0	0	0	0	140	0	674	0	0	0	276	0	234	0	930	0	2488	0	2932	0	0	0	0	0	0	0	0	0	0	0	
12760	Cerebelum_10_R	0	0	0	0	0	0	0	0	0	0	0	0	0	0	0	0	0	0	0	0	0	0	0	0	0	0	0	0	0	0	0	0	0	0	0	0	0	0	0	0	0	0	0	0	0	0	0	0	0	0	0	0	0	0	0	0	0	0	0	0	0	0	0	0	0	0	0	0	0	0	0	0	0	0	0	0	0	0	0	0	0	0	0	0	0	0	0	0	0	0	208	800	0	716	0	0	0	122	100	498	0	342	0	1794	0	1524	0	0	0	0	0	0	276	0	0	0	
28568	Vermis_1_2	0	0	0	0	0	0	0	0	0	0	0	0	0	0	0	0	0	0	0	0	0	0	0	0	0	0	0	0	0	0	0	0	0	0	0	0	0	0	0	0	0	0	0	0	0	0	0	0	0	0	0	0	0	0	0	0	0	0	0	0	0	0	0	0	0	0	0	0	0	0	0	0	0	0	0	0	0	0	0	0	0	0	0	0	0	0	0	0	0	0	158	730	0	144	538	1810	392	316	298	1214	0	0	0	378	120	648	0	0	0	3394	1328	620	610	582	882	122	
35968	Vermis_3	0	0	0	0	0	0	0	0	0	0	0	0	0	0	0	0	0	0	0	0	0	0	0	0	0	0	0	0	0	0	0	0	0	0	0	0	0	0	0	0	0	0	0	0	0	0	0	0	0	0	0	0	0	0	0	342	0	0	0	0	0	0	0	0	0	0	0	0	0	0	0	0	0	0	0	0	0	0	0	0	0	0	0	0	0	0	0	0	0	0	0	894	0	108	564	3154	406	1910	180	1956	0	0	0	340	92	672	0	0	3394	0	1566	558	530	594	724	0	
216748	Vermis_4_5	0	0	0	0	0	0	0	0	0	0	0	0	0	0	0	0	0	0	0	0	0	0	0	0	0	0	0	0	0	0	0	0	0	0	0	0	0	0	0	0	0	0	0	0	0	0	4200	5258	0	0	0	0	0	1260	2760	6780	0	0	0	0	0	0	0	0	0	0	0	0	0	0	0	0	0	0	0	0	0	0	0	0	0	0	0	0	0	0	0	0	114	0	6196	7314	260	100	894	1600	14574	13524	12874	13680	0	0	0	300	216	1366	0	0	1328	1566	0	6674	596	954	1922	2064	
309148	Vermis_6	0	0	0	0	0	0	0	0	0	0	0	0	0	0	0	0	0	0	0	0	0	0	0	0	0	0	0	0	0	0	0	0	0	0	0	0	0	0	0	0	0	0	0	0	0	0	6448	9140	0	86	0	0	566	1484	5412	5144	0	0	0	0	0	0	0	0	0	0	0	0	0	0	0	0	0	0	0	0	0	0	0	0	0	0	0	0	0	0	0	0	204	0	11342	16510	1320	1100	2006	1756	5800	1742	26470	21512	148	0	640	1188	1956	3686	0	0	620	558	6674	0	8896	3292	5016	3858	
439968	Vermis_7	0	0	0	0	0	0	0	0	0	0	0	0	0	0	0	0	0	0	0	0	0	0	0	0	0	0	0	0	0	0	0	0	0	0	0	0	0	0	0	0	0	0	0	0	0	0	2290	674	0	0	0	0	0	0	2560	678	0	0	0	0	0	0	0	0	0	0	0	0	0	0	0	0	0	0	0	0	0	0	0	0	0	0	0	0	0	0	0	0	92	0	25304	25962	23130	27470	1136	1888	2010	1990	9406	13400	7568	11048	8064	21428	3096	6410	0	276	610	530	596	8896	0	7556	5566	350	
127224	Vermis_8	0	0	0	0	0	0	0	0	0	0	0	0	0	0	0	0	0	0	0	0	0	0	0	0	0	0	0	0	0	0	0	0	0	0	0	0	0	0	0	0	0	0	0	0	0	0	0	210	0	0	0	0	0	0	0	226	0	0	0	0	0	0	0	0	0	0	0	0	0	0	0	0	0	0	0	0	0	0	0	0	0	0	0	0	0	0	0	0	0	0	1708	2952	1622	3288	592	2136	778	2056	1416	4070	1388	1666	3362	5680	2108	6298	0	0	582	594	954	3292	7556	0	7786	1292	
