data	data	272808	108524	627308	660856	119744	49856	350384	170004	90468	14856	171940	215228	304032	211448	155292	142644	209120	98680	400872	757828	71880	76372	311964	211292	21080	42240	35040	54676	641156	408420	250264	272604	126600	332480	76436	123048	321940	359800	147432	293512	38748	69740	224948	286904	172768	283496	395720	412536	113936	278316	363380	325092	151484	70428	498580	466240	250864	130008	97248	63400	170364	102604	91800	114480	201096	164348	232000	283084	78220	70380	159320	567044	416784	437752	94064	74468	225960	261476	76780	28204	194076	113232	81168	50344	323032	284204	33876	18056	263528	206308	656560	536320	447792	389152	54956	95544	482116	367636	661164	656584	373832	253168	426324	430672	191944	196828	43104	15484	39128	99964	364316	310660	121572	142244	178512	44056	
data	data	Precentral_L	Precentral_R	Frontal_Sup_L	Frontal_Sup_R	Frontal_Sup_Orb_L	Frontal_Sup_Orb_R	Frontal_Mid_L	Frontal_Mid_R	Frontal_Mid_Orb_L	Frontal_Mid_Orb_R	Frontal_Inf_Oper_L	Frontal_Inf_Oper_R	Frontal_Inf_Tri_L	Frontal_Inf_Tri_R	Frontal_Inf_Orb_L	Frontal_Inf_Orb_R	Rolandic_Oper_L	Rolandic_Oper_R	Supp_Motor_Area_L	Supp_Motor_Area_R	Olfactory_L	Olfactory_R	Frontal_Sup_Medial_L	Frontal_Sup_Medial_R	Frontal_Med_Orb_L	Frontal_Med_Orb_R	Rectus_L	Rectus_R	Insula_L	Insula_R	Cingulum_Ant_L	Cingulum_Ant_R	Cingulum_Mid_L	Cingulum_Mid_R	Cingulum_Post_L	Cingulum_Post_R	Hippocampus_L	Hippocampus_R	ParaHippocampal_L	ParaHippocampal_R	Amygdala_L	Amygdala_R	Calcarine_L	Calcarine_R	Cuneus_L	Cuneus_R	Lingual_L	Lingual_R	Occipital_Sup_L	Occipital_Sup_R	Occipital_Mid_L	Occipital_Mid_R	Occipital_Inf_L	Occipital_Inf_R	Fusiform_L	Fusiform_R	Postcentral_L	Postcentral_R	Parietal_Sup_L	Parietal_Sup_R	Parietal_Inf_L	Parietal_Inf_R	SupraMarginal_L	SupraMarginal_R	Angular_L	Angular_R	Precuneus_L	Precuneus_R	Paracentral_Lobule_L	Paracentral_Lobule_R	Caudate_L	Caudate_R	Putamen_L	Putamen_R	Pallidum_L	Pallidum_R	Thalamus_L	Thalamus_R	Heschl_L	Heschl_R	Temporal_Sup_L	Temporal_Sup_R	Temporal_Pole_Sup_L	Temporal_Pole_Sup_R	Temporal_Mid_L	Temporal_Mid_R	Temporal_Pole_Mid_L	Temporal_Pole_Mid_R	Temporal_Inf_L	Temporal_Inf_R	Cerebelum_Crus1_L	Cerebelum_Crus1_R	Cerebelum_Crus2_L	Cerebelum_Crus2_R	Cerebelum_3_L	Cerebelum_3_R	Cerebelum_4_5_L	Cerebelum_4_5_R	Cerebelum_6_L	Cerebelum_6_R	Cerebelum_7b_L	Cerebelum_7b_R	Cerebelum_8_L	Cerebelum_8_R	Cerebelum_9_L	Cerebelum_9_R	Cerebelum_10_L	Cerebelum_10_R	Vermis_1_2	Vermis_3	Vermis_4_5	Vermis_6	Vermis_7	Vermis_8	Vermis_9	Vermis_10	
272808	Precentral_L	0	0	8620	0	0	0	17220	0	0	0	8738	0	1106	0	0	0	15900	0	4962	0	0	0	78	0	0	0	0	0	18722	0	0	0	472	0	124	0	3488	0	214	0	0	0	0	0	0	0	0	0	0	0	2036	0	1130	0	1470	0	25994	0	562	0	3092	0	344	0	1852	0	192	0	3476	0	0	134	1850	122	0	0	828	0	3186	0	2690	0	146	0	5506	0	0	0	2150	0	0	0	0	0	0	0	0	0	0	0	0	0	0	0	0	0	0	0	0	0	0	0	0	0	0	0	
108524	Precentral_R	0	0	0	5232	0	0	0	4010	0	0	0	2736	0	0	0	0	0	1772	0	6742	0	0	0	0	0	0	0	0	0	2318	0	0	0	216	0	0	0	2952	0	352	0	0	0	0	0	82	0	0	0	80	0	130	0	0	0	202	0	11320	0	240	0	844	0	3274	0	492	0	304	0	3196	0	136	0	1730	0	132	0	278	0	238	0	730	0	0	0	2388	0	0	0	2136	0	0	0	0	0	0	0	0	0	0	0	0	0	0	0	0	0	0	0	0	0	0	0	0	0	0	
627308	Frontal_Sup_L	8620	0	0	1690	4296	0	49506	146	2570	0	14522	0	14642	138	3744	836	7422	0	41886	2376	0	0	36162	2214	980	0	0	0	36086	732	8424	1268	2706	1922	0	0	10266	222	1666	104	0	0	0	0	0	0	0	0	0	0	0	0	0	0	1394	0	3138	0	0	0	0	0	0	0	0	0	0	0	1442	0	1534	3846	28724	3188	4886	460	5416	380	1046	0	748	0	1216	0	0	0	0	0	332	0	300	0	0	0	0	0	0	0	458	0	0	0	0	0	0	0	0	0	0	0	0	0	0	0	0	0	
660856	Frontal_Sup_R	0	5232	1690	0	80	1082	642	23876	0	124	520	14670	1650	13056	530	2026	0	5404	1228	76862	0	0	6706	24148	0	1404	0	0	3072	18752	4138	21472	448	13070	0	228	196	11478	334	3876	0	0	0	0	0	0	0	154	0	0	0	0	0	0	0	1272	0	814	0	0	0	0	0	80	0	0	0	0	0	144	1192	26130	2234	18118	310	4986	132	13658	0	206	0	918	0	78	0	1168	0	0	0	754	0	0	0	0	0	0	86	0	0	0	0	0	0	0	0	0	0	0	0	0	0	0	0	0	0	0	
119744	Frontal_Sup_Orb_L	0	0	4296	80	0	0	1474	0	15044	0	0	0	1596	0	12428	180	0	0	0	0	1394	508	1752	0	2108	0	5022	290	3510	80	2454	264	0	0	0	0	0	0	0	0	428	0	0	0	0	0	0	0	0	0	0	0	0	0	0	0	0	0	0	0	0	0	0	0	0	0	0	0	0	0	1544	384	4860	176	0	0	0	0	0	0	0	0	0	0	0	0	0	0	0	0	0	0	0	0	0	0	0	0	0	0	0	0	0	0	0	0	0	0	0	0	0	0	0	0	0	0	
49856	Frontal_Sup_Orb_R	0	0	0	1082	0	0	0	200	0	2134	0	0	0	0	0	2294	0	0	0	0	708	1662	0	1320	266	5550	112	5772	0	676	178	770	0	0	0	0	0	0	0	0	0	0	0	0	0	0	0	0	0	0	0	0	0	0	0	0	0	0	0	0	0	0	0	0	0	0	0	0	0	0	702	842	422	238	0	0	0	0	0	0	0	0	0	0	0	0	0	0	0	0	0	0	0	0	0	0	0	0	0	0	0	0	0	0	0	0	0	0	0	0	0	0	0	0	0	0	
350384	Frontal_Mid_L	17220	0	49506	642	1474	0	0	78	2184	0	11382	0	23480	184	2214	114	1132	0	3804	698	0	0	18246	860	0	0	0	0	22770	260	6394	1666	1654	710	0	0	1902	0	0	0	0	0	0	0	0	0	0	0	0	0	0	0	0	0	90	0	1692	0	0	0	0	0	0	0	0	0	0	0	0	0	260	462	1610	298	0	0	878	86	1072	0	80	0	90	0	0	0	0	0	0	0	0	0	0	0	0	0	0	0	0	0	0	0	0	0	0	0	0	0	0	0	0	0	0	0	0	0	
170004	Frontal_Mid_R	0	4010	146	23876	0	200	78	0	0	534	0	5354	908	10916	364	1554	0	0	0	9262	0	0	1102	4828	0	0	0	0	1110	4108	742	4048	0	3344	0	0	0	644	0	196	0	0	0	0	0	0	0	0	0	0	0	0	0	0	0	0	0	0	0	0	0	0	0	0	0	0	0	0	0	0	1012	5558	0	636	0	100	98	274	0	0	0	0	0	0	0	0	0	0	0	0	0	0	0	0	0	0	0	0	0	0	0	0	0	0	0	0	0	0	0	0	0	0	0	0	0	0	
90468	Frontal_Mid_Orb_L	0	0	2570	0	15044	0	2184	0	0	0	0	0	1560	0	13208	0	0	0	0	0	232	156	86	0	644	0	3586	112	1492	0	444	102	0	0	0	0	0	0	0	0	0	0	0	0	0	0	0	0	0	0	0	0	0	0	0	0	0	0	0	0	0	0	0	0	0	0	0	0	0	0	644	0	3170	0	0	0	0	0	0	0	0	0	0	0	0	0	0	0	0	0	0	0	0	0	0	0	0	0	0	0	0	0	0	0	0	0	0	0	0	0	0	0	0	0	0	0	
14856	Frontal_Mid_Orb_R	0	0	0	124	0	2134	0	534	0	0	0	0	0	226	0	3548	0	0	0	0	0	0	0	0	0	290	0	458	0	114	0	0	0	0	0	0	0	0	0	0	0	0	0	0	0	0	0	0	0	0	0	0	0	0	0	0	0	0	0	0	0	0	0	0	0	0	0	0	0	0	0	0	0	0	0	0	0	0	0	0	0	0	0	0	0	0	0	0	0	0	0	0	0	0	0	0	0	0	0	0	0	0	0	0	0	0	0	0	0	0	0	0	0	0	0	0	
171940	Frontal_Inf_Oper_L	8738	0	14522	520	0	0	11382	0	0	0	0	0	9900	0	0	0	7396	0	7134	812	0	0	690	102	0	0	0	0	12892	184	328	138	718	548	0	0	738	114	0	0	0	0	0	0	0	0	0	0	0	0	0	0	0	0	0	0	3798	0	0	0	0	0	0	0	0	0	0	0	0	0	0	706	658	644	0	112	98	0	1354	0	1270	0	474	0	0	0	0	0	0	0	0	0	0	0	0	0	0	0	0	0	0	0	0	0	0	0	0	0	0	0	0	0	0	0	0	0	
215228	Frontal_Inf_Oper_R	0	2736	0	14670	0	0	0	5354	0	0	0	0	118	15214	0	0	0	3636	0	14146	0	0	0	984	0	0	0	0	138	17196	316	814	0	1218	0	0	0	2426	0	818	0	88	0	0	0	0	0	0	0	0	0	0	0	0	0	468	0	1056	0	0	0	0	0	0	0	0	0	0	0	0	232	12296	242	10194	0	880	0	1542	0	0	0	832	0	0	0	0	0	0	0	0	0	0	0	0	0	0	0	0	0	0	0	0	0	0	0	0	0	0	0	0	0	0	0	0	0	0	
304032	Frontal_Inf_Tri_L	1106	0	14642	1650	1596	0	23480	908	1560	0	9900	118	0	1130	11988	834	252	0	2440	1324	0	0	10842	208	0	0	0	0	34272	1546	11388	2418	1798	506	0	0	0	0	0	0	0	0	0	0	0	0	0	0	0	0	0	0	0	0	0	0	206	0	0	0	0	0	0	0	0	0	0	0	0	0	4938	3376	4624	1434	0	282	792	156	132	0	0	0	170	0	0	0	0	0	0	0	0	0	0	0	0	0	0	0	0	0	0	0	0	0	0	0	0	0	0	0	0	0	0	0	0	0	
211448	Frontal_Inf_Tri_R	0	0	138	13056	0	0	184	10916	0	226	0	15214	1130	0	224	1162	0	396	0	9124	0	0	984	3322	0	0	0	0	1334	17246	1654	6978	0	2646	0	0	0	1352	0	588	0	0	0	0	0	0	0	0	0	0	0	0	0	0	0	372	0	0	0	0	0	0	0	0	0	0	0	0	0	0	1666	10406	200	3818	246	206	284	454	0	0	0	198	0	0	0	0	0	0	0	0	0	0	0	0	0	0	0	0	0	0	0	0	0	0	0	0	0	0	0	0	0	0	0	0	0	0	
155292	Frontal_Inf_Orb_L	0	0	3744	530	12428	0	2214	364	13208	0	0	0	11988	224	0	396	0	0	280	416	1598	464	1048	0	0	0	1548	272	9826	334	1538	376	0	100	0	0	0	0	110	0	366	0	0	0	0	0	0	0	0	0	0	0	0	0	0	0	0	0	0	0	0	0	0	0	0	0	0	0	0	0	2590	1102	8614	500	0	80	0	0	0	0	0	0	1388	0	0	0	0	0	0	0	0	0	0	0	0	0	0	0	0	0	0	0	0	0	0	0	0	0	0	0	0	0	0	0	0	0	
142644	Frontal_Inf_Orb_R	0	0	836	2026	180	2294	114	1554	0	3548	0	0	834	1162	396	0	0	0	460	1048	194	1402	208	716	0	196	0	1426	3048	5338	938	4264	0	254	0	0	0	160	0	258	0	784	0	0	0	0	0	0	0	0	0	0	0	0	0	0	0	0	0	0	0	0	0	0	0	0	0	0	0	0	2276	17996	3918	9826	1002	1232	514	728	0	0	0	0	0	192	0	0	0	0	0	0	0	0	0	0	0	0	0	0	0	0	0	0	0	0	0	0	0	0	0	0	0	0	0	0	0	0	
209120	Rolandic_Oper_L	15900	0	7422	0	0	0	1132	0	0	0	7396	0	252	0	0	0	0	0	3490	0	0	0	0	0	0	0	0	0	21476	0	0	0	266	0	0	0	2780	0	0	0	0	0	0	0	0	0	0	0	0	0	1560	0	682	0	848	0	17134	0	810	0	1584	0	2122	0	3324	0	228	0	1348	0	0	0	710	0	0	0	168	0	3830	0	5478	0	790	0	1756	0	0	0	2074	0	0	0	0	0	0	0	0	0	0	0	0	0	0	0	0	0	0	0	0	0	0	0	0	0	0	0	
98680	Rolandic_Oper_R	0	1772	0	5404	0	0	0	0	0	0	0	3636	0	396	0	0	0	0	0	5198	0	0	0	0	0	0	0	0	0	6980	0	0	0	88	0	0	0	2260	0	0	0	0	0	0	0	114	0	152	0	98	0	180	0	0	0	0	0	3728	0	0	0	314	0	2204	0	606	0	234	0	0	0	3116	0	4868	0	214	0	946	0	2492	0	3100	0	214	0	696	0	0	0	330	0	0	0	0	0	0	0	0	0	0	0	0	0	0	0	0	0	0	0	0	0	0	0	0	0	0	
400872	Supp_Motor_Area_L	4962	0	41886	1228	0	0	3804	0	0	0	7134	0	2440	0	280	460	3490	0	0	11932	0	0	3622	396	0	0	0	0	10014	440	686	1106	5532	6240	154	0	10008	522	2104	246	0	84	0	0	0	0	0	0	0	0	0	0	0	0	1470	0	2060	0	0	0	0	0	0	0	0	0	110	0	2686	82	766	5268	23570	4822	8444	964	26324	2512	670	0	442	0	316	0	0	0	0	0	452	0	342	0	0	0	0	0	0	0	366	0	0	0	0	0	0	0	0	0	0	0	0	0	0	0	0	0	
757828	Supp_Motor_Area_R	0	6742	2376	76862	0	0	698	9262	0	0	812	14146	1324	9124	416	1048	0	5198	11932	0	0	0	1984	6740	0	0	0	0	2870	17434	1736	4376	4410	30330	378	1690	908	14390	500	6434	0	102	0	92	0	774	0	2144	0	596	0	612	0	0	164	2336	0	2586	0	82	0	508	0	138	0	788	96	2764	5630	10308	1226	28588	4108	20440	2002	5390	5034	38384	0	220	0	964	0	78	0	3262	0	0	0	2514	0	586	0	0	0	0	96	1270	0	912	0	0	0	0	0	0	0	0	0	0	0	0	0	0	0	0	
71880	Olfactory_L	0	0	0	0	1394	708	0	0	232	0	0	0	0	0	1598	194	0	0	0	0	0	6300	0	0	0	292	1218	2044	2704	78	1604	1050	0	0	0	0	0	0	246	0	898	0	0	0	0	0	0	0	0	0	0	0	0	0	0	0	0	0	0	0	0	0	0	0	0	0	0	0	0	0	7660	2544	4800	282	0	0	0	0	0	0	0	0	94	0	0	0	0	0	0	0	0	0	0	0	0	0	0	0	0	0	0	0	0	0	0	0	0	0	0	0	0	0	0	0	0	0	
76372	Olfactory_R	0	0	0	0	508	1662	0	0	156	0	0	0	0	0	464	1402	0	0	0	0	6300	0	0	0	0	602	664	3454	0	2094	1186	1490	0	0	0	0	0	382	0	586	0	1522	0	0	0	0	0	0	0	0	0	0	0	0	0	0	0	0	0	0	0	0	0	0	0	0	0	0	0	0	6374	3880	4066	1172	0	0	0	0	0	0	0	0	0	222	0	0	0	0	0	0	0	0	0	0	0	0	0	0	0	0	0	0	0	0	0	0	0	0	0	0	0	0	0	0	0	0	
311964	Frontal_Sup_Medial_L	78	0	36162	6706	1752	0	18246	1102	86	0	690	0	10842	984	1048	208	0	0	3622	1984	0	0	0	15338	1954	126	0	0	10024	480	21552	10898	2824	8350	0	0	0	0	0	0	0	0	0	0	0	0	0	0	0	0	0	0	0	0	0	0	0	0	0	0	0	0	0	0	0	0	0	0	0	0	212	344	258	112	0	0	0	0	0	0	0	0	0	0	0	0	0	0	0	0	0	0	0	0	0	0	0	0	0	0	0	0	0	0	0	0	0	0	0	0	0	0	0	0	0	0	
211292	Frontal_Sup_Medial_R	0	0	2214	24148	0	1320	860	4828	0	0	102	984	208	3322	0	716	0	0	396	6740	0	0	15338	0	210	2770	0	0	164	1544	4750	18570	412	15200	0	0	0	0	0	0	0	0	0	0	0	0	0	0	0	0	0	0	0	0	0	0	0	0	0	0	0	0	0	0	0	0	0	0	0	0	98	752	0	0	0	0	0	0	0	0	0	0	0	0	0	0	0	0	0	0	0	0	0	0	0	0	0	0	0	0	0	0	0	0	0	0	0	0	0	0	0	0	0	0	0	0	
21080	Frontal_Med_Orb_L	0	0	980	0	2108	266	0	0	644	0	0	0	0	0	0	0	0	0	0	0	0	0	1954	210	0	1138	948	0	0	0	2292	0	0	0	0	0	0	0	0	0	0	0	0	0	0	0	0	0	0	0	0	0	0	0	0	0	0	0	0	0	0	0	0	0	0	0	0	0	0	0	0	0	0	0	0	0	0	0	0	0	0	0	0	0	0	0	0	0	0	0	0	0	0	0	0	0	0	0	0	0	0	0	0	0	0	0	0	0	0	0	0	0	0	0	0	0	
42240	Frontal_Med_Orb_R	0	0	0	1404	0	5550	0	0	0	290	0	0	0	0	0	196	0	0	0	0	292	602	126	2770	1138	0	104	3914	0	0	1184	2716	0	0	0	0	0	0	0	0	0	0	0	0	0	0	0	0	0	0	0	0	0	0	0	0	0	0	0	0	0	0	0	0	0	0	0	0	0	0	250	422	162	0	0	0	0	0	0	0	0	0	0	0	0	0	0	0	0	0	0	0	0	0	0	0	0	0	0	0	0	0	0	0	0	0	0	0	0	0	0	0	0	0	0	0	
35040	Rectus_L	0	0	0	0	5022	112	0	0	3586	0	0	0	0	0	1548	0	0	0	0	0	1218	664	0	0	948	104	0	462	196	0	1050	278	0	0	0	0	0	0	0	0	100	0	0	0	0	0	0	0	0	0	0	0	0	0	0	0	0	0	0	0	0	0	0	0	0	0	0	0	0	0	1616	154	462	0	0	0	0	0	0	0	0	0	0	0	0	0	0	0	0	0	0	0	0	0	0	0	0	0	0	0	0	0	0	0	0	0	0	0	0	0	0	0	0	0	0	0	
54676	Rectus_R	0	0	0	0	290	5772	0	0	112	458	0	0	0	0	272	1426	0	0	0	0	2044	3454	0	0	0	3914	462	0	0	1232	364	1410	0	0	0	0	0	0	0	0	0	230	0	0	0	0	0	0	0	0	0	0	0	0	0	0	0	0	0	0	0	0	0	0	0	0	0	0	0	0	2028	1530	1362	978	0	0	0	0	0	0	0	0	0	0	0	0	0	0	0	0	0	0	0	0	0	0	0	0	0	0	0	0	0	0	0	0	0	0	0	0	0	0	0	0	0	0	
641156	Insula_L	18722	0	36086	3072	3510	0	22770	1110	1492	0	12892	138	34272	1334	9826	3048	21476	0	10014	2870	2704	0	10024	164	0	0	196	0	0	1898	12704	3030	2112	670	0	0	17432	0	1122	0	3170	0	0	0	0	0	0	0	0	0	1174	0	208	0	3090	0	11934	0	770	0	1124	0	532	0	2108	0	204	0	1372	0	5374	6174	21622	1922	0	350	2056	692	7472	0	4728	0	4838	0	1588	0	0	0	3080	0	0	0	0	0	0	0	0	0	308	0	0	0	0	0	0	0	0	0	0	0	0	0	0	0	0	0	
408420	Insula_R	0	2318	732	18752	80	676	260	4108	0	114	184	17196	1546	17246	334	5338	0	6980	440	17434	78	2094	480	1544	0	0	0	1232	1898	0	1758	3260	250	1990	0	0	0	11714	0	2428	0	2946	0	122	0	88	0	188	0	78	0	162	0	102	0	1704	0	2676	0	574	0	222	0	236	0	278	0	340	0	176	2828	23478	2730	26128	628	1238	852	2028	0	1292	0	3638	0	606	0	3882	0	0	0	2400	0	0	0	0	0	0	0	126	0	0	0	0	0	0	0	0	0	0	0	0	0	0	0	0	0	0	
250264	Cingulum_Ant_L	0	0	8424	4138	2454	178	6394	742	444	0	328	316	11388	1654	1538	938	0	0	686	1736	1604	1186	21552	4750	2292	1184	1050	364	12704	1758	0	20220	3812	3554	0	0	0	0	0	0	0	0	0	0	0	0	0	0	0	0	0	0	0	0	0	0	0	0	0	0	0	0	0	0	0	0	0	0	0	0	3550	1888	1600	706	0	0	0	0	0	0	0	0	0	0	0	0	0	0	0	0	0	0	0	0	0	0	0	0	0	0	0	0	0	0	0	0	0	0	0	0	0	0	0	0	0	0	
272604	Cingulum_Ant_R	0	0	1268	21472	264	770	1666	4048	102	0	138	814	2418	6978	376	4264	0	0	1106	4376	1050	1490	10898	18570	0	2716	278	1410	3030	3260	20220	0	2968	13592	0	0	0	0	0	0	0	0	0	0	0	0	0	0	0	0	0	0	0	0	0	0	0	0	0	0	0	0	0	0	0	0	0	0	0	0	2204	3002	548	1006	0	0	0	0	0	0	0	0	0	0	0	0	0	0	0	0	0	0	0	0	0	0	0	0	0	0	0	0	0	0	0	0	0	0	0	0	0	0	0	0	0	0	
126600	Cingulum_Mid_L	472	0	2706	448	0	0	1654	0	0	0	718	0	1798	0	0	0	266	0	5532	4410	0	0	2824	412	0	0	0	0	2112	250	3812	2968	0	12110	4778	468	290	0	0	0	0	0	0	0	270	126	112	0	468	92	2174	80	328	0	224	0	322	0	208	0	0	0	0	0	850	0	2620	518	2066	496	0	560	446	508	370	0	832	312	0	0	0	0	0	0	1116	0	0	0	174	0	0	0	0	0	0	0	0	0	0	0	0	0	0	0	0	0	0	0	0	0	0	0	0	0	0	0	
332480	Cingulum_Mid_R	0	216	1922	13070	0	0	710	3344	0	0	548	1218	506	2646	100	254	0	88	6240	30330	0	0	8350	15200	0	0	0	0	670	1990	3554	13592	12110	0	2012	6668	98	1434	0	124	0	0	0	206	0	3880	0	0	0	2536	0	1184	0	0	0	0	0	2328	0	172	0	664	0	232	0	1262	672	8456	2508	3858	180	3468	856	1030	896	136	1050	968	0	0	0	0	0	0	0	2048	0	0	0	656	0	0	0	0	0	0	0	0	0	0	0	0	0	0	0	0	0	0	0	0	0	0	0	0	0	0	
76436	Cingulum_Post_L	124	0	0	0	0	0	0	0	0	0	0	0	0	0	0	0	0	0	154	378	0	0	0	0	0	0	0	0	0	0	0	0	4778	2012	0	4482	654	214	154	82	0	0	2780	116	536	880	1468	0	0	538	3596	520	1274	0	540	0	154	238	0	0	0	0	0	0	728	470	5830	1478	402	150	0	0	0	0	0	0	226	302	0	0	0	0	0	0	2202	596	0	0	162	0	0	0	0	0	0	0	0	0	0	0	0	0	0	0	0	0	0	0	0	0	0	0	0	0	0	0	
123048	Cingulum_Post_R	0	0	0	228	0	0	0	0	0	0	0	0	0	0	0	0	0	0	0	1690	0	0	0	0	0	0	0	0	0	0	0	0	468	6668	4482	0	216	2906	166	1710	0	0	376	1166	124	3508	84	2774	0	2048	0	2208	0	0	0	368	0	684	0	0	0	254	0	198	0	1640	1664	15386	236	626	0	0	0	0	0	0	618	1766	0	0	0	80	0	0	0	5272	0	0	0	756	0	0	0	0	0	0	0	150	0	0	0	0	0	0	0	0	0	0	0	0	1004	0	0	0	0	0	
321940	Hippocampus_L	3488	0	10266	196	0	0	1902	0	0	0	738	0	0	0	0	0	2780	0	10008	908	0	0	0	0	0	0	0	0	17432	0	0	0	290	98	654	216	0	846	17398	600	6922	0	706	0	0	0	4372	846	0	0	292	0	302	0	21234	222	1464	0	0	0	0	0	0	0	96	0	2554	98	406	0	142	546	14940	228	1876	0	8284	734	3302	0	2194	0	1460	0	1708	0	210	0	10148	0	2382	0	0	0	0	0	1444	0	4038	0	0	0	0	0	0	0	0	0	0	0	0	0	0	0	0	0	
359800	Hippocampus_R	0	2952	222	11478	0	0	0	644	0	0	114	2426	0	1352	0	160	0	2260	522	14390	0	382	0	0	0	0	0	0	0	11714	0	0	0	1434	214	2906	846	0	594	33166	0	12198	0	0	0	0	0	3558	0	0	0	0	0	0	118	21892	0	298	0	0	0	0	0	0	0	0	0	2140	520	270	0	3176	288	21868	194	880	480	5870	0	568	0	1890	0	430	0	2136	0	0	0	6304	0	1010	0	162	0	0	0	2510	90	1708	0	0	0	224	0	314	0	0	0	0	532	206	0	0	290	0	
147432	ParaHippocampal_L	214	0	1666	334	0	0	0	0	0	0	0	0	0	0	110	0	0	0	2104	500	246	0	0	0	0	0	0	0	1122	0	0	0	0	0	154	166	17398	594	0	608	2218	0	242	0	0	0	6462	720	0	0	328	0	1870	0	14338	176	0	0	0	0	0	0	0	0	0	0	1746	98	0	0	0	0	2974	130	320	0	3094	450	0	0	0	0	2882	0	186	0	2358	0	1064	0	1660	0	0	0	146	0	2020	0	2628	0	0	0	0	0	0	0	0	0	160	230	0	0	0	0	0	0	
293512	ParaHippocampal_R	0	352	104	3876	0	0	0	196	0	0	0	818	0	588	0	258	0	0	246	6434	0	586	0	0	0	0	0	0	0	2428	0	0	0	124	82	1710	600	33166	608	0	0	7160	0	276	0	0	0	10388	0	0	0	438	0	912	176	29376	0	0	0	0	0	0	0	0	0	0	0	2838	0	0	0	1140	176	8508	118	428	392	4528	0	280	0	744	0	2920	0	818	0	1508	0	5636	0	2248	0	240	0	102	0	6376	134	4870	0	98	0	364	0	406	0	0	0	0	344	256	0	0	382	0	
38748	Amygdala_L	0	0	0	0	428	0	0	0	0	0	0	0	0	0	366	0	0	0	0	0	898	0	0	0	0	0	100	0	3170	0	0	0	0	0	0	0	6922	0	2218	0	0	0	0	0	0	0	0	0	0	0	0	0	0	0	2504	0	0	0	0	0	0	0	0	0	0	0	0	0	0	0	0	0	1008	0	0	0	0	0	0	0	144	0	582	0	254	0	284	0	496	0	0	0	0	0	0	0	0	0	0	0	0	0	0	0	0	0	0	0	0	0	0	0	0	0	0	0	
69740	Amygdala_R	0	0	0	0	0	0	0	0	0	0	0	88	0	0	0	784	0	0	84	102	0	1522	0	0	0	0	0	230	0	2946	0	0	0	0	0	0	0	12198	0	7160	0	0	0	0	0	0	0	0	0	0	0	0	0	0	0	4744	0	0	0	0	0	0	0	0	0	0	0	0	0	0	0	574	0	2926	0	0	0	0	0	0	0	0	0	1512	0	0	0	0	0	0	0	0	0	0	0	0	0	0	0	0	0	0	0	0	0	0	0	0	0	0	0	0	0	0	0	0	
224948	Calcarine_L	0	0	0	0	0	0	0	0	0	0	0	0	0	0	0	0	0	0	0	0	0	0	0	0	0	0	0	0	0	0	0	0	0	0	2780	376	706	0	242	0	0	0	0	11672	13152	6692	10508	6732	9386	3198	20090	2308	5864	514	1530	1386	0	0	0	82	0	0	0	0	0	0	11952	1632	0	0	0	0	0	0	0	0	0	0	0	0	0	0	0	0	1478	0	0	0	0	0	0	0	0	0	0	0	0	0	0	0	0	0	0	0	0	0	0	0	0	0	194	0	0	0	0	0	
286904	Calcarine_R	0	0	0	0	0	0	0	0	0	0	0	0	0	0	0	0	0	0	0	92	0	0	0	0	0	0	0	0	0	122	0	0	0	206	116	1166	0	0	0	276	0	0	11672	0	6010	25808	752	17898	584	21888	248	24596	0	3166	0	5598	0	0	0	272	0	168	0	0	0	286	938	11494	0	0	0	0	0	0	0	0	0	0	0	0	0	0	0	0	0	7742	0	0	0	1978	0	0	0	0	0	0	0	0	0	0	0	0	0	0	0	0	0	0	0	0	376	0	0	0	0	0	
172768	Cuneus_L	0	0	0	0	0	0	0	0	0	0	0	0	0	0	0	0	0	0	0	0	0	0	0	0	0	0	0	0	0	0	0	0	270	0	536	124	0	0	0	0	0	0	13152	6010	0	9384	856	210	13950	2726	12036	852	1802	0	966	0	0	0	1036	112	0	0	0	0	104	0	16528	1628	0	0	0	0	0	0	0	0	0	0	88	0	0	0	0	0	3762	0	0	0	252	0	0	0	0	0	0	0	0	0	0	0	0	0	0	0	0	0	0	0	0	0	0	0	0	0	0	0	
283496	Cuneus_R	0	82	0	0	0	0	0	0	0	0	0	0	0	0	0	0	0	114	0	774	0	0	0	0	0	0	0	0	0	88	0	0	126	3880	880	3508	0	0	0	0	0	0	6692	25808	9384	0	188	2972	1104	34736	172	19130	0	84	0	286	0	638	0	1990	0	526	0	218	0	504	3696	20876	148	812	0	0	0	0	0	0	0	0	0	0	0	0	0	0	0	2112	0	0	0	220	0	0	0	0	0	0	0	0	0	0	0	0	0	0	0	0	0	0	0	0	0	0	0	0	0	0	
395720	Lingual_L	0	0	0	0	0	0	0	0	0	0	0	0	0	0	0	0	0	0	0	0	0	0	0	0	0	0	0	0	0	0	0	0	112	0	1468	84	4372	0	6462	0	0	0	10508	752	856	188	0	4256	1058	170	12858	236	12344	0	28168	1000	0	0	0	0	0	0	0	0	96	0	5276	194	0	0	0	0	0	0	0	0	598	0	0	0	0	0	0	0	610	0	0	0	318	0	15566	1828	622	110	1040	614	27104	2844	28764	4184	80	0	196	130	1316	470	0	0	860	1774	9540	6174	762	0	664	1234	
412536	Lingual_R	0	0	0	154	0	0	0	0	0	0	0	0	0	0	0	0	0	152	0	2144	0	0	0	0	0	0	0	0	0	188	0	0	0	0	0	2774	846	3558	720	10388	0	0	6732	17898	210	2972	4256	0	0	4614	0	10214	0	7134	1772	27340	0	0	0	0	0	0	0	0	0	0	374	6448	0	0	0	0	0	286	0	0	0	3228	0	80	0	0	0	0	0	1388	0	0	0	3574	4108	10604	1638	536	858	456	5506	12148	6222	18704	502	0	1070	228	344	96	206	0	94	346	12094	9650	886	0	268	260	
113936	Occipital_Sup_L	0	0	0	0	0	0	0	0	0	0	0	0	0	0	0	0	0	0	0	0	0	0	0	0	0	0	0	0	0	0	0	0	468	0	0	0	0	0	0	0	0	0	9386	584	13950	1104	1058	0	0	190	16994	0	1478	0	154	0	0	0	2804	0	244	0	0	0	0	0	8110	330	0	0	0	0	0	0	0	0	0	0	0	0	0	0	0	0	114	0	0	0	0	0	0	0	0	0	0	0	0	0	0	0	0	0	0	0	0	0	0	0	0	0	0	0	0	0	0	0	
278316	Occipital_Sup_R	0	80	0	0	0	0	0	0	0	0	0	0	0	0	0	0	0	98	0	596	0	0	0	0	0	0	0	0	0	78	0	0	92	2536	538	2048	0	0	0	0	0	0	3198	21888	2726	34736	170	4614	190	0	0	30516	0	544	0	614	0	1874	0	6006	0	2718	0	218	0	5282	1426	13042	128	758	0	0	0	0	0	0	0	0	0	0	0	0	0	0	0	2188	0	0	0	256	0	0	0	0	0	0	0	0	0	0	0	0	0	0	0	0	0	0	0	0	0	0	0	0	0	0	
363380	Occipital_Mid_L	2036	0	0	0	0	0	0	0	0	0	0	0	0	0	0	0	1560	0	0	0	0	0	0	0	0	0	0	0	1174	0	0	0	2174	0	3596	0	292	0	328	0	0	0	20090	248	12036	172	12858	0	16994	0	0	0	22118	0	7028	0	2042	0	9300	0	11132	0	292	0	20238	0	15696	0	1126	0	0	0	0	0	0	0	0	0	540	0	974	0	0	0	15832	0	0	0	1190	0	0	0	0	0	0	0	270	0	354	0	0	0	0	0	0	0	0	0	0	0	0	0	0	0	0	0	
325092	Occipital_Mid_R	0	130	0	0	0	0	0	0	0	0	0	0	0	0	0	0	0	180	0	612	0	0	0	0	0	0	0	0	0	162	0	0	80	1184	520	2208	0	0	0	438	0	0	2308	24596	852	19130	236	10214	0	30516	0	0	0	5038	0	5640	0	384	0	1096	0	3926	0	866	0	18000	588	10586	118	796	0	0	0	0	0	0	0	0	0	136	0	298	0	0	0	18916	0	0	0	2698	0	0	0	0	0	0	0	0	0	0	0	0	0	0	0	0	0	0	0	0	94	0	0	0	0	0	
151484	Occipital_Inf_L	1130	0	0	0	0	0	0	0	0	0	0	0	0	0	0	0	682	0	0	0	0	0	0	0	0	0	0	0	208	0	0	0	328	0	1274	0	302	0	1870	0	0	0	5864	0	1802	0	12344	0	1478	0	22118	0	0	0	13848	0	192	0	80	0	0	0	0	0	404	0	2740	0	0	0	0	0	0	0	0	0	0	0	556	0	122	0	0	0	3412	0	0	0	3508	0	496	0	0	0	0	0	348	0	636	0	0	0	0	0	0	0	0	0	0	0	0	0	0	0	0	0	
70428	Occipital_Inf_R	0	0	0	0	0	0	0	0	0	0	0	0	0	0	0	0	0	0	0	0	0	0	0	0	0	0	0	0	0	102	0	0	0	0	0	0	0	0	0	912	0	0	514	3166	0	84	0	7134	0	544	0	5038	0	0	0	7834	0	0	0	0	0	0	0	0	0	0	0	428	0	0	0	0	0	0	0	0	0	0	0	96	0	82	0	0	0	3142	0	0	0	4604	0	236	0	0	0	0	0	120	0	772	0	0	0	0	0	0	0	0	0	0	120	202	84	0	0	0	
498580	Fusiform_L	1470	0	1394	0	0	0	90	0	0	0	0	0	0	0	0	0	848	0	1470	164	0	0	0	0	0	0	0	0	3090	0	0	0	224	0	540	0	21234	118	14338	176	2504	0	1530	0	966	0	28168	1772	154	0	7028	0	13848	0	0	140	188	0	140	0	106	0	134	0	616	0	2188	0	540	0	0	0	2334	0	128	0	1556	182	2782	0	3782	0	2168	0	7456	0	816	0	23246	0	31306	0	1246	0	260	106	20184	500	40612	608	254	0	270	0	284	120	90	0	0	182	1562	1956	0	0	122	0	
466240	Fusiform_R	0	202	0	1272	0	0	0	0	0	0	0	468	0	372	0	0	0	0	0	2336	0	0	0	0	0	0	0	0	0	1704	0	0	0	0	0	368	222	21892	176	29376	0	4744	1386	5598	0	286	1000	27340	0	614	0	5640	0	7834	140	0	0	0	0	0	0	0	0	0	0	0	0	1538	0	0	0	172	0	3462	0	194	0	1134	0	190	0	2870	0	7538	0	5886	0	2874	0	18872	888	16264	556	836	0	482	2092	16166	1206	23738	222	170	486	1362	150	586	84	0	0	108	6712	2232	144	102	694	140	
250864	Postcentral_L	25994	0	3138	0	0	0	1692	0	0	0	3798	0	206	0	0	0	17134	0	2060	0	0	0	0	0	0	0	0	0	11934	0	0	0	322	0	154	0	1464	0	0	0	0	0	0	0	0	0	0	0	0	0	2042	0	192	0	188	0	0	0	4918	0	21838	0	8976	0	6190	0	842	0	3602	0	0	0	498	0	0	0	104	0	2006	0	4032	0	172	0	1466	0	0	0	470	0	0	0	0	0	0	0	0	0	0	0	0	0	0	0	0	0	0	0	0	0	0	0	0	0	0	0	
130008	Postcentral_R	0	11320	0	814	0	0	0	0	0	0	0	1056	0	0	0	0	0	3728	0	2586	0	0	0	0	0	0	0	0	0	2676	0	0	0	2328	238	684	0	298	0	0	0	0	0	0	0	638	0	0	0	1874	0	384	0	0	0	0	0	0	0	4746	0	4962	0	13810	0	2002	206	3212	120	3928	0	0	0	248	0	0	0	0	0	502	0	1324	0	0	0	1148	0	0	0	172	0	0	0	0	0	0	0	0	0	0	0	0	0	0	0	0	0	0	0	0	0	0	0	0	0	0	
97248	Parietal_Sup_L	562	0	0	0	0	0	0	0	0	0	0	0	0	0	0	0	810	0	0	0	0	0	0	0	0	0	0	0	770	0	0	0	208	0	0	0	0	0	0	0	0	0	0	0	1036	0	0	0	2804	0	9300	0	80	0	140	0	4918	0	0	0	11386	0	0	0	7366	0	7556	366	616	0	0	0	0	0	0	0	0	0	202	0	108	0	0	0	124	0	0	0	272	0	0	0	0	0	0	0	0	0	0	0	0	0	0	0	0	0	0	0	0	0	0	0	0	0	0	0	
63400	Parietal_Sup_R	0	240	0	0	0	0	0	0	0	0	0	0	0	0	0	0	0	0	0	82	0	0	0	0	0	0	0	0	0	574	0	0	0	172	0	0	0	0	0	0	0	0	82	272	112	1990	0	0	0	6006	0	1096	0	0	0	0	0	4746	0	0	0	4480	0	1018	0	4530	630	4876	0	672	0	0	0	0	0	0	0	0	0	0	0	0	0	0	0	122	0	0	0	0	0	0	0	0	0	0	0	0	0	0	0	0	0	0	0	0	0	0	0	0	0	0	0	0	0	0	
170364	Parietal_Inf_L	3092	0	0	0	0	0	0	0	0	0	0	0	0	0	0	0	1584	0	0	0	0	0	0	0	0	0	0	0	1124	0	0	0	0	0	0	0	0	0	0	0	0	0	0	0	0	0	0	0	244	0	11132	0	0	0	106	0	21838	0	11386	0	0	0	9374	0	18542	0	1744	0	1088	0	0	0	0	0	0	0	0	0	134	0	1286	0	0	0	2010	0	0	0	498	0	0	0	0	0	0	0	0	0	0	0	0	0	0	0	0	0	0	0	0	0	0	0	0	0	0	0	
102604	Parietal_Inf_R	0	844	0	0	0	0	0	0	0	0	0	0	0	0	0	0	0	314	0	508	0	0	0	0	0	0	0	0	0	222	0	0	0	664	0	254	0	0	0	0	0	0	0	168	0	526	0	0	0	2718	0	3926	0	0	0	0	0	4962	0	4480	0	0	0	10374	0	14682	94	1594	114	192	0	0	0	0	0	0	0	0	0	0	0	1032	0	0	0	3090	0	0	0	544	0	0	0	0	0	0	0	0	0	0	0	0	0	0	0	0	0	0	0	0	0	0	0	0	0	0	
91800	SupraMarginal_L	344	0	0	0	0	0	0	0	0	0	0	0	0	0	0	0	2122	0	0	0	0	0	0	0	0	0	0	0	532	0	0	0	0	0	0	0	0	0	0	0	0	0	0	0	0	0	0	0	0	0	292	0	0	0	134	0	8976	0	0	0	9374	0	0	0	9858	0	0	0	0	0	0	0	0	0	0	0	0	0	370	0	6374	0	0	0	6672	0	0	0	852	0	0	0	0	0	0	0	0	0	0	0	0	0	0	0	0	0	0	0	0	0	0	0	0	0	0	0	
114480	SupraMarginal_R	0	3274	0	80	0	0	0	0	0	0	0	0	0	0	0	0	0	2204	0	138	0	0	0	0	0	0	0	0	0	236	0	0	0	232	0	198	0	0	0	0	0	0	0	0	0	218	0	0	0	218	0	866	0	0	0	0	0	13810	0	1018	0	10374	0	0	0	11010	0	514	0	0	0	0	0	0	0	0	0	0	0	276	0	5452	0	0	0	6094	0	0	0	1028	0	0	0	0	0	0	0	0	0	0	0	0	0	0	0	0	0	0	0	0	0	0	0	0	0	0	
201096	Angular_L	1852	0	0	0	0	0	0	0	0	0	0	0	0	0	0	0	3324	0	0	0	0	0	0	0	0	0	0	0	2108	0	0	0	850	0	728	0	96	0	0	0	0	0	0	0	104	0	96	0	0	0	20238	0	404	0	616	0	6190	0	7366	0	18542	0	9858	0	0	0	1912	0	1522	0	0	0	0	0	0	0	0	0	464	0	7554	0	0	0	13460	0	0	0	3264	0	0	0	0	0	0	0	0	0	0	0	0	0	0	0	0	0	0	0	0	0	0	0	0	0	0	0	
164348	Angular_R	0	492	0	0	0	0	0	0	0	0	0	0	0	0	0	0	0	606	0	788	0	0	0	0	0	0	0	0	0	278	0	0	0	1262	470	1640	0	0	0	0	0	0	0	286	0	504	0	0	0	5282	0	18000	0	0	0	0	0	2002	0	4530	0	14682	0	11010	0	0	84	1664	108	438	0	0	0	0	0	0	0	0	0	232	0	3536	0	0	0	11664	0	0	0	2616	0	0	0	0	0	0	0	0	0	0	0	0	0	0	0	0	0	0	0	0	0	0	0	0	0	0	
232000	Precuneus_L	192	0	0	0	0	0	0	0	0	0	0	0	0	0	0	0	228	0	110	96	0	0	0	0	0	0	0	0	204	0	0	0	2620	672	5830	1664	2554	0	1746	0	0	0	11952	938	16528	3696	5276	374	8110	1426	15696	588	2740	0	2188	0	842	206	7556	630	1744	94	0	0	1912	84	0	9494	1632	224	0	0	0	0	0	0	96	0	150	0	0	0	0	0	4988	196	0	0	400	0	0	0	0	0	0	0	0	0	184	0	0	0	0	0	0	0	0	0	0	0	140	0	0	0	0	0	
283084	Precuneus_R	0	304	0	0	0	0	0	0	0	0	0	0	0	0	0	0	0	234	0	2764	0	0	0	0	0	0	0	0	0	340	0	0	518	8456	1478	15386	98	2140	98	2838	0	0	1632	11494	1628	20876	194	6448	330	13042	0	10586	0	428	0	1538	0	3212	366	4876	0	1594	0	514	0	1664	9494	0	488	4050	0	0	0	0	0	0	134	1276	0	0	0	148	0	0	0	8278	0	0	0	1140	0	0	0	0	0	0	0	252	0	0	0	0	0	0	0	0	0	0	0	0	1206	0	0	0	0	0	
78220	Paracentral_Lobule_L	3476	0	1442	0	0	0	0	0	0	0	0	0	0	0	0	0	1348	0	2686	5630	0	0	0	0	0	0	0	0	1372	0	0	0	2066	2508	402	236	406	520	0	0	0	0	0	0	0	148	0	0	0	128	1126	118	0	0	540	0	3602	120	616	0	1088	114	0	0	1522	108	1632	488	0	1014	0	102	294	0	0	0	1302	1050	174	0	0	0	0	0	844	276	0	0	530	82	0	0	0	0	0	0	0	0	0	0	0	0	0	0	0	0	0	0	0	0	0	0	0	0	0	0	
70380	Paracentral_Lobule_R	0	3196	0	144	0	0	0	0	0	0	0	0	0	0	0	0	0	0	82	10308	0	0	0	0	0	0	0	0	0	176	0	0	496	3858	150	626	0	270	0	0	0	0	0	0	0	812	0	0	0	758	0	796	0	0	0	0	0	3928	0	672	0	192	0	0	0	438	224	4050	1014	0	0	0	0	0	0	0	0	0	0	0	0	0	0	0	0	1566	0	0	0	1434	0	0	0	0	0	0	0	0	0	0	0	0	0	0	0	0	0	0	0	0	0	0	0	0	0	0	
159320	Caudate_L	0	0	1534	1192	1544	702	260	1012	644	0	0	232	4938	1666	2590	2276	0	0	766	1226	7660	6374	212	98	0	250	1616	2028	5374	2828	3550	2204	0	180	0	0	142	0	0	0	0	0	0	0	0	0	0	0	0	0	0	0	0	0	0	0	0	0	0	0	0	0	0	0	0	0	0	0	0	0	0	9438	10686	3640	140	626	1722	310	0	0	0	0	0	0	0	0	0	0	0	0	0	0	0	0	0	0	0	0	0	0	0	0	0	0	0	0	0	0	0	0	0	0	0	0	0	0	
567044	Caudate_R	134	136	3846	26130	384	842	462	5558	0	0	706	12296	3376	10406	1102	17996	0	3116	5268	28588	2544	3880	344	752	0	422	154	1530	6174	23478	1888	3002	560	3468	0	0	546	3176	0	1140	0	574	0	0	0	0	0	0	0	0	0	0	0	0	0	172	0	0	0	0	0	0	0	0	0	0	0	0	102	0	9438	0	14364	36898	5470	7300	17116	17980	0	0	0	594	0	110	0	0	0	0	0	0	0	0	0	0	0	0	0	0	0	0	0	0	0	0	0	0	0	0	0	0	0	0	0	0	0	0	
416784	Putamen_L	1850	0	28724	2234	4860	422	1610	0	3170	0	658	242	4624	200	8614	3918	710	0	23570	4108	4800	4066	258	0	0	162	462	1362	21622	2730	1600	548	446	856	0	0	14940	288	2974	176	1008	0	0	0	0	0	0	0	0	0	0	0	0	0	2334	0	498	0	0	0	0	0	0	0	0	0	0	0	294	0	10686	14364	0	9570	12332	1374	4558	708	134	0	444	0	1826	0	90	0	0	0	484	0	290	0	0	0	0	0	0	0	594	0	0	0	0	0	0	0	0	0	0	0	0	0	0	0	0	0	
437752	Putamen_R	122	1730	3188	18118	176	238	298	636	0	0	644	10194	1434	3818	500	9826	0	4868	4822	20440	282	1172	112	0	0	0	0	978	1922	26128	706	1006	508	1030	0	0	228	21868	130	8508	0	2926	0	0	0	0	0	286	0	0	0	0	0	0	0	3462	0	248	0	0	0	0	0	0	0	0	0	0	0	0	3640	36898	9570	0	2194	7912	542	3550	0	100	0	1392	0	218	0	0	0	0	0	150	0	0	0	0	0	0	0	158	0	0	0	0	0	0	0	0	0	0	0	0	0	0	0	0	0	0	
94064	Pallidum_L	0	0	4886	310	0	0	0	0	0	0	0	0	0	246	0	1002	0	0	8444	2002	0	0	0	0	0	0	0	0	0	628	0	0	370	896	0	0	1876	194	320	118	0	0	0	0	0	0	0	0	0	0	0	0	0	0	128	0	0	0	0	0	0	0	0	0	0	0	0	0	0	0	140	5470	12332	2194	0	510	4370	596	0	0	0	0	0	0	0	0	0	0	0	0	0	0	0	0	0	0	0	0	0	0	0	0	0	0	0	0	0	0	0	0	0	0	0	0	0	0	
74468	Pallidum_R	0	132	460	4986	0	0	0	100	0	0	112	880	282	206	80	1232	0	214	964	5390	0	0	0	0	0	0	0	0	350	1238	0	0	0	136	0	0	0	880	0	428	0	0	0	0	0	0	0	0	0	0	0	0	0	0	0	194	0	0	0	0	0	0	0	0	0	0	0	0	0	0	626	7300	1374	7912	510	0	588	660	0	0	0	0	0	0	0	0	0	0	0	0	0	0	0	0	0	0	0	0	0	0	0	0	0	0	0	0	0	0	0	0	0	0	0	0	0	0	
225960	Thalamus_L	828	0	5416	132	0	0	878	98	0	0	98	0	792	284	0	514	168	0	26324	5034	0	0	0	0	0	0	0	0	2056	852	0	0	832	1050	226	618	8284	480	3094	392	0	0	0	0	0	0	598	0	0	0	0	0	0	0	1556	0	104	0	0	0	0	0	0	0	0	0	96	134	1302	0	1722	17116	4558	542	4370	588	0	19536	646	0	178	0	0	0	0	0	0	0	352	0	416	0	0	0	0	0	246	0	470	0	0	0	0	0	0	0	0	0	0	0	0	0	0	0	0	0	
261476	Thalamus_R	0	278	380	13658	0	0	86	274	0	0	0	1542	156	454	0	728	0	946	2512	38384	0	0	0	0	0	0	0	0	692	2028	0	0	312	968	302	1766	734	5870	450	4528	0	0	0	0	0	0	0	3228	0	0	0	0	0	0	182	1134	0	0	0	0	0	0	0	0	0	0	0	1276	1050	0	310	17980	708	3550	596	660	19536	0	0	0	0	190	0	0	0	0	0	0	0	0	0	588	0	0	0	0	0	1402	0	914	0	0	0	0	0	0	0	0	0	0	386	0	0	0	0	0	
76780	Heschl_L	3186	0	1046	0	0	0	1072	0	0	0	1354	0	132	0	0	0	3830	0	670	0	0	0	0	0	0	0	0	0	7472	0	0	0	0	0	0	0	3302	0	0	0	0	0	0	0	88	0	0	0	0	0	540	0	556	0	2782	0	2006	0	202	0	134	0	370	0	464	0	150	0	174	0	0	0	134	0	0	0	646	0	0	0	3654	0	0	0	1656	0	0	0	2686	0	84	0	0	0	0	0	0	0	0	0	0	0	0	0	0	0	0	0	0	0	0	0	0	0	0	0	
28204	Heschl_R	0	238	0	206	0	0	0	0	0	0	0	0	0	0	0	0	0	2492	0	220	0	0	0	0	0	0	0	0	0	1292	0	0	0	0	0	0	0	568	0	280	0	0	0	0	0	0	0	80	0	0	0	136	0	96	0	190	0	502	0	0	0	0	0	276	0	232	0	0	0	0	0	0	0	100	0	0	0	0	0	0	0	3898	0	242	0	1696	0	0	0	1358	0	0	0	0	0	0	0	0	0	0	0	0	0	0	0	0	0	0	0	0	0	0	0	0	0	0	
194076	Temporal_Sup_L	2690	0	748	0	0	0	80	0	0	0	1270	0	0	0	0	0	5478	0	442	0	0	0	0	0	0	0	0	0	4728	0	0	0	0	0	0	0	2194	0	0	0	144	0	0	0	0	0	0	0	0	0	974	0	122	0	3782	0	4032	0	108	0	1286	0	6374	0	7554	0	0	0	0	0	0	0	444	0	0	0	178	0	3654	0	0	0	3242	0	32518	0	0	0	14796	0	110	0	0	0	0	0	0	0	90	0	0	0	0	0	0	0	0	0	0	0	0	0	0	0	0	0	
113232	Temporal_Sup_R	0	730	0	918	0	0	0	0	0	0	0	832	0	198	0	0	0	3100	0	964	0	0	0	0	0	0	0	0	0	3638	0	0	0	0	0	80	0	1890	0	744	0	0	0	0	0	0	0	0	0	0	0	298	0	82	0	2870	0	1324	0	0	0	1032	0	5452	0	3536	0	148	0	0	0	594	0	1392	0	0	0	190	0	3898	0	0	0	4180	0	12564	0	214	0	5748	0	0	0	0	0	0	0	0	0	0	0	0	0	0	0	0	0	0	0	0	0	0	0	0	0	0	
81168	Temporal_Pole_Sup_L	146	0	1216	0	0	0	90	0	0	0	474	0	170	0	1388	0	790	0	316	0	94	0	0	0	0	0	0	0	4838	0	0	0	0	0	0	0	1460	0	2882	0	582	0	0	0	0	0	0	0	0	0	0	0	0	0	2168	0	172	0	0	0	0	0	0	0	0	0	0	0	0	0	0	0	1826	0	0	0	0	0	0	0	3242	0	0	0	8110	0	5282	0	5338	0	0	0	0	0	0	0	0	0	0	0	0	0	0	0	0	0	0	0	0	0	0	0	0	0	0	0	
50344	Temporal_Pole_Sup_R	0	0	0	78	0	0	0	0	0	0	0	0	0	0	0	192	0	214	0	78	0	222	0	0	0	0	0	0	0	606	0	0	0	0	0	0	0	430	0	2920	0	1512	0	0	0	0	0	0	0	0	0	0	0	0	0	7538	0	0	0	0	0	0	0	0	0	0	0	0	0	0	0	110	0	218	0	0	0	0	0	242	0	4180	0	0	0	1268	0	3088	0	2276	0	0	0	0	0	0	0	0	0	0	0	0	0	0	0	0	0	0	0	0	0	0	0	0	0	0	
323032	Temporal_Mid_L	5506	0	0	0	0	0	0	0	0	0	0	0	0	0	0	0	1756	0	0	0	0	0	0	0	0	0	0	0	1588	0	0	0	1116	0	2202	0	1708	0	186	0	254	0	1478	0	3762	0	610	0	114	0	15832	0	3412	0	7456	0	1466	0	124	0	2010	0	6672	0	13460	0	4988	0	844	0	0	0	90	0	0	0	0	0	1656	0	32518	0	8110	0	0	0	4370	0	37890	0	222	0	0	0	0	0	0	0	116	0	0	0	0	0	0	0	0	0	0	0	0	0	0	0	0	0	
284204	Temporal_Mid_R	0	2388	0	1168	0	0	0	0	0	0	0	0	0	0	0	0	0	696	0	3262	0	0	0	0	0	0	0	0	0	3882	0	0	0	2048	596	5272	0	2136	0	818	0	0	0	7742	0	2112	0	1388	0	2188	0	18916	0	3142	0	5886	0	1148	0	122	0	3090	0	6094	0	11664	196	8278	276	1566	0	0	0	0	0	0	0	0	0	1696	0	12564	0	1268	0	0	0	674	0	29738	0	0	0	0	0	0	0	0	0	0	0	0	0	0	0	0	0	0	0	0	88	0	0	0	0	0	
33876	Temporal_Pole_Mid_L	0	0	0	0	0	0	0	0	0	0	0	0	0	0	0	0	0	0	0	0	0	0	0	0	0	0	0	0	0	0	0	0	0	0	0	0	210	0	2358	0	284	0	0	0	0	0	0	0	0	0	0	0	0	0	816	0	0	0	0	0	0	0	0	0	0	0	0	0	0	0	0	0	0	0	0	0	0	0	0	0	0	0	5282	0	4370	0	0	0	3618	0	0	0	0	0	0	0	0	0	0	0	0	0	0	0	0	0	0	0	0	0	0	0	0	0	0	0	
18056	Temporal_Pole_Mid_R	0	0	0	0	0	0	0	0	0	0	0	0	0	0	0	0	0	0	0	0	0	0	0	0	0	0	0	0	0	0	0	0	0	0	0	0	0	0	0	1508	0	0	0	0	0	0	0	0	0	0	0	0	0	0	0	2874	0	0	0	0	0	0	0	0	0	0	0	0	0	0	0	0	0	0	0	0	0	0	0	0	0	214	0	3088	0	674	0	0	0	670	0	0	0	0	0	0	0	0	0	0	0	0	0	0	0	0	0	0	0	0	0	0	0	0	0	0	
263528	Temporal_Inf_L	2150	0	332	0	0	0	0	0	0	0	0	0	0	0	0	0	2074	0	452	0	0	0	0	0	0	0	0	0	3080	0	0	0	174	0	162	0	10148	0	1064	0	496	0	0	0	252	0	318	0	0	0	1190	0	3508	0	23246	0	470	0	272	0	498	0	852	0	3264	0	400	0	530	0	0	0	484	0	0	0	352	0	2686	0	14796	0	5338	0	37890	0	3618	0	0	0	6546	0	300	0	0	0	1050	0	3772	0	0	0	0	0	0	0	0	0	0	0	0	0	0	0	0	0	
206308	Temporal_Inf_R	0	2136	0	754	0	0	0	0	0	0	0	0	0	0	0	0	0	330	0	2514	0	0	0	0	0	0	0	0	0	2400	0	0	0	656	0	756	0	6304	0	5636	0	0	0	1978	0	220	0	3574	0	256	0	2698	0	4604	0	18872	0	172	0	0	0	544	0	1028	0	2616	0	1140	82	1434	0	0	0	150	0	0	0	0	0	1358	0	5748	0	2276	0	29738	0	670	0	0	0	1880	0	0	0	0	0	360	0	270	0	0	0	0	0	0	0	0	0	0	0	0	0	0	0	0	
656560	Cerebelum_Crus1_L	0	0	300	0	0	0	0	0	0	0	0	0	0	0	0	0	0	0	342	0	0	0	0	0	0	0	0	0	0	0	0	0	0	0	0	0	2382	0	1660	0	0	0	0	0	0	0	15566	4108	0	0	0	0	496	0	31306	888	0	0	0	0	0	0	0	0	0	0	0	0	0	0	0	0	290	0	0	0	416	0	84	0	110	0	0	0	222	0	0	0	6546	0	0	1256	50788	784	956	504	31814	1782	76228	5350	29770	126	31564	428	6858	896	2180	0	352	1082	5332	10312	2644	914	1644	0	
536320	Cerebelum_Crus1_R	0	0	0	0	0	0	0	0	0	0	0	0	0	0	0	0	0	0	0	586	0	0	0	0	0	0	0	0	0	0	0	0	0	0	0	0	0	1010	0	2248	0	0	0	0	0	0	1828	10604	0	0	0	0	0	236	0	16264	0	0	0	0	0	0	0	0	0	0	0	0	0	0	0	0	0	0	0	0	0	588	0	0	0	0	0	0	0	0	0	0	0	1880	1256	0	1620	37064	0	1944	2752	24544	1910	74300	610	14712	1000	33762	286	5226	100	1172	0	1064	10924	6708	6194	2252	3330	186	
447792	Cerebelum_Crus2_L	0	0	0	0	0	0	0	0	0	0	0	0	0	0	0	0	0	0	0	0	0	0	0	0	0	0	0	0	0	0	0	0	0	0	0	0	0	0	0	0	0	0	0	0	0	0	622	1638	0	0	0	0	0	0	1246	556	0	0	0	0	0	0	0	0	0	0	0	0	0	0	0	0	0	0	0	0	0	0	0	0	0	0	0	0	0	0	0	0	300	0	50788	1620	0	6470	138	144	4098	502	14084	2952	50836	3348	46548	4726	10574	558	2748	0	84	198	1678	4302	5312	5648	2178	0	
389152	Cerebelum_Crus2_R	0	0	0	0	0	0	0	0	0	0	0	0	0	0	0	0	0	0	0	0	0	0	0	0	0	0	0	0	0	0	0	0	0	0	0	0	0	162	0	240	0	0	0	0	0	0	110	536	0	0	0	0	0	0	0	836	0	0	0	0	0	0	0	0	0	0	0	0	0	0	0	0	0	0	0	0	0	0	0	0	0	0	0	0	0	0	0	0	0	0	784	37064	6470	0	0	476	384	2022	790	13962	3688	42568	4288	53154	188	8028	0	634	0	130	916	1918	6436	5972	2820	0	
54956	Cerebelum_3_L	0	0	0	0	0	0	0	0	0	0	0	0	0	0	0	0	0	0	0	0	0	0	0	0	0	0	0	0	0	0	0	0	0	0	0	0	0	0	146	0	0	0	0	0	0	0	1040	858	0	0	0	0	0	0	260	0	0	0	0	0	0	0	0	0	0	0	0	0	0	0	0	0	0	0	0	0	0	0	0	0	0	0	0	0	0	0	0	0	0	0	956	0	138	0	0	1264	8416	132	3342	452	90	0	146	0	1686	416	80	0	1224	3126	2050	1132	0	0	386	138	
95544	Cerebelum_3_R	0	0	0	0	0	0	0	0	0	0	0	0	0	0	0	0	0	0	0	0	0	0	0	0	0	0	0	0	0	0	0	0	0	0	0	0	0	0	0	102	0	0	0	0	0	0	614	456	0	0	0	0	0	0	106	482	0	0	0	0	0	0	0	0	0	0	0	0	0	0	0	0	0	0	0	0	0	0	0	0	0	0	0	0	0	0	0	0	0	0	504	1944	144	476	1264	0	3468	7560	2264	8778	0	142	218	820	1124	2476	88	0	1122	4844	3550	2744	0	0	2482	0	
482116	Cerebelum_4_5_L	0	0	0	86	0	0	0	0	0	0	0	0	0	0	0	0	0	0	0	96	0	0	0	0	0	0	0	0	0	0	0	0	0	0	0	0	1444	0	2020	0	0	0	0	0	0	0	27104	5506	0	0	270	0	348	0	20184	2092	0	0	0	0	0	0	0	0	0	0	0	0	0	0	0	0	0	0	0	0	246	0	0	0	0	0	0	0	0	0	0	0	1050	0	31814	2752	4098	384	8416	3468	0	9390	54024	9148	1536	178	1086	462	5486	2306	390	0	1880	5360	22836	9418	0	0	2804	3376	
367636	Cerebelum_4_5_R	0	0	0	0	0	0	0	0	0	0	0	0	0	0	0	0	0	0	0	1270	0	0	0	0	0	0	0	0	0	126	0	0	0	0	0	150	0	2510	0	6376	0	0	0	0	0	0	2844	12148	0	0	0	0	0	120	500	16166	0	0	0	0	0	0	0	0	0	0	0	252	0	0	0	0	0	158	0	0	0	1402	0	0	0	0	0	0	0	0	0	0	0	360	1782	24544	502	2022	132	7560	9390	0	3976	45380	254	476	620	3544	630	1942	110	0	244	2504	25076	4884	202	114	2226	1322	
661164	Cerebelum_6_L	0	0	458	0	0	0	0	0	0	0	0	0	0	0	0	0	0	0	366	0	0	0	0	0	0	0	0	0	308	0	0	0	0	0	0	0	4038	90	2628	134	0	0	0	0	0	0	28764	6222	0	0	354	0	636	0	40612	1206	0	0	0	0	0	0	0	0	0	0	184	0	0	0	0	0	594	0	0	0	470	0	0	0	90	0	0	0	116	0	0	0	3772	0	76228	1910	14084	790	3342	2264	54024	3976	0	10078	7048	226	8328	452	7162	3804	1338	0	1534	4122	13236	18872	1588	502	4054	578	
656584	Cerebelum_6_R	0	0	0	0	0	0	0	0	0	0	0	0	0	0	0	0	0	0	0	912	0	0	0	0	0	0	0	0	0	0	0	0	0	0	0	0	0	1708	0	4870	0	0	0	0	0	0	4184	18704	0	0	0	0	0	772	608	23738	0	0	0	0	0	0	0	0	0	0	0	0	0	0	0	0	0	0	0	0	0	914	0	0	0	0	0	0	0	0	0	0	0	270	5350	74300	2952	13962	452	8778	9148	45380	10078	0	1174	4696	2620	16868	2560	7684	508	1092	1130	4424	23006	18152	5562	2408	8152	1176	
373832	Cerebelum_7b_L	0	0	0	0	0	0	0	0	0	0	0	0	0	0	0	0	0	0	0	0	0	0	0	0	0	0	0	0	0	0	0	0	0	0	0	0	0	0	0	0	0	0	0	0	0	0	80	502	0	0	0	0	0	0	254	222	0	0	0	0	0	0	0	0	0	0	0	0	0	0	0	0	0	0	0	0	0	0	0	0	0	0	0	0	0	0	0	0	0	0	29770	610	50836	3688	90	0	1536	254	7048	1174	0	3802	50632	6640	11446	634	2464	0	0	114	636	1752	3008	7726	1998	0	
253168	Cerebelum_7b_R	0	0	0	0	0	0	0	0	0	0	0	0	0	0	0	0	0	0	0	0	0	0	0	0	0	0	0	0	0	0	0	0	0	0	0	0	0	0	0	98	0	0	0	0	0	0	0	0	0	0	0	0	0	0	0	170	0	0	0	0	0	0	0	0	0	0	0	0	0	0	0	0	0	0	0	0	0	0	0	0	0	0	0	0	0	0	0	0	0	0	126	14712	3348	42568	0	142	178	476	226	4696	3802	0	3768	39664	96	3794	0	360	0	0	366	400	2000	4848	746	0	
426324	Cerebelum_8_L	0	0	0	0	0	0	0	0	0	0	0	0	0	0	0	0	0	0	0	0	0	0	0	0	0	0	0	0	0	0	0	0	0	0	0	0	0	0	0	0	0	0	0	0	0	0	196	1070	0	0	0	0	0	0	270	486	0	0	0	0	0	0	0	0	0	0	0	0	0	0	0	0	0	0	0	0	0	0	0	0	0	0	0	0	0	0	0	0	0	0	31564	1000	46548	4288	146	218	1086	620	8328	2620	50632	3768	0	7956	22480	1790	4768	0	184	312	1284	3660	3712	10200	3976	0	
430672	Cerebelum_8_R	0	0	0	0	0	0	0	0	0	0	0	0	0	0	0	0	0	0	0	0	0	0	0	0	0	0	0	0	0	0	0	0	0	0	0	0	0	224	0	364	0	0	0	0	0	0	130	228	0	0	0	0	0	0	0	1362	0	0	0	0	0	0	0	0	0	0	0	0	0	0	0	0	0	0	0	0	0	0	0	0	0	0	0	0	0	0	0	0	0	0	428	33762	4726	53154	0	820	462	3544	452	16868	6640	39664	7956	0	162	18972	0	1686	0	176	1140	1070	6072	10708	4566	0	
191944	Cerebelum_9_L	0	0	0	0	0	0	0	0	0	0	0	0	0	0	0	0	0	0	0	0	0	0	0	0	0	0	0	0	0	0	0	0	0	0	0	0	0	0	0	0	0	0	0	0	0	0	1316	344	0	0	0	0	0	0	284	150	0	0	0	0	0	0	0	0	0	0	0	0	0	0	0	0	0	0	0	0	0	0	0	0	0	0	0	0	0	0	0	0	0	0	6858	286	10574	188	1686	1124	5486	630	7162	2560	11446	96	22480	162	0	2696	4964	0	220	1386	3090	5564	704	508	3246	762	
196828	Cerebelum_9_R	0	0	0	0	0	0	0	0	0	0	0	0	0	0	0	0	0	0	0	0	0	0	0	0	0	0	0	0	0	0	0	0	0	0	0	0	0	314	0	406	0	0	0	0	0	0	470	96	0	0	0	0	0	0	120	586	0	0	0	0	0	0	0	0	0	0	0	0	0	0	0	0	0	0	0	0	0	0	0	0	0	0	0	0	0	0	0	0	0	0	896	5226	558	8028	416	2476	2306	1942	3804	7684	634	3794	1790	18972	2696	0	184	2004	826	2102	3010	7808	1558	3954	11624	2130	
43104	Cerebelum_10_L	0	0	0	0	0	0	0	0	0	0	0	0	0	0	0	0	0	0	0	0	0	0	0	0	0	0	0	0	0	0	0	0	0	0	0	0	0	0	0	0	0	0	0	0	0	0	0	206	0	0	0	0	0	0	90	84	0	0	0	0	0	0	0	0	0	0	0	0	0	0	0	0	0	0	0	0	0	0	0	0	0	0	0	0	0	0	0	0	0	0	2180	100	2748	0	80	88	390	110	1338	508	2464	0	4768	0	4964	184	0	0	0	110	272	680	0	0	188	0	
15484	Cerebelum_10_R	0	0	0	0	0	0	0	0	0	0	0	0	0	0	0	0	0	0	0	0	0	0	0	0	0	0	0	0	0	0	0	0	0	0	0	0	0	0	0	0	0	0	0	0	0	0	0	0	0	0	0	0	0	0	0	0	0	0	0	0	0	0	0	0	0	0	0	0	0	0	0	0	0	0	0	0	0	0	0	0	0	0	0	0	0	0	0	0	0	0	0	1172	0	634	0	0	0	0	0	1092	0	360	0	1686	0	2004	0	0	0	0	0	0	158	240	396	0	
39128	Vermis_1_2	0	0	0	0	0	0	0	0	0	0	0	0	0	0	0	0	0	0	0	0	0	0	0	0	0	0	0	0	0	0	0	0	0	0	0	0	0	0	160	0	0	0	0	0	0	0	860	94	0	0	0	0	0	0	0	0	0	0	0	0	0	0	0	0	0	0	0	0	0	0	0	0	0	0	0	0	0	0	0	0	0	0	0	0	0	0	0	0	0	0	352	0	84	0	1224	1122	1880	244	1534	1130	0	0	184	0	220	826	0	0	0	5488	2316	1036	0	0	730	80	
99964	Vermis_3	0	0	0	0	0	0	0	0	0	0	0	0	0	0	0	0	0	0	0	0	0	0	0	0	0	0	0	0	0	0	0	0	0	0	0	0	0	0	230	0	0	0	0	0	0	0	1774	346	0	0	0	0	0	0	182	108	0	0	0	0	0	0	0	0	0	0	0	0	0	0	0	0	0	0	0	0	0	0	0	0	0	0	0	0	0	0	0	0	0	0	1082	1064	198	130	3126	4844	5360	2504	4122	4424	114	0	312	176	1386	2102	110	0	5488	0	5790	2866	0	0	2024	120	
364316	Vermis_4_5	0	0	0	0	0	0	0	0	0	0	0	0	0	0	0	0	0	0	0	0	0	0	0	0	0	0	0	0	0	0	0	0	0	0	0	1004	0	532	0	344	0	0	194	376	0	0	9540	12094	0	0	0	94	0	120	1562	6712	0	0	0	0	0	0	0	0	0	0	140	1206	0	0	0	0	0	0	0	0	0	386	0	0	0	0	0	0	0	88	0	0	0	0	5332	10924	1678	916	2050	3550	22836	25076	13236	23006	636	366	1284	1140	3090	3010	272	0	2316	5790	0	13300	112	0	3532	4314	
310660	Vermis_6	0	0	0	0	0	0	0	0	0	0	0	0	0	0	0	0	0	0	0	0	0	0	0	0	0	0	0	0	0	0	0	0	0	0	0	0	0	206	0	256	0	0	0	0	0	0	6174	9650	0	0	0	0	0	202	1956	2232	0	0	0	0	0	0	0	0	0	0	0	0	0	0	0	0	0	0	0	0	0	0	0	0	0	0	0	0	0	0	0	0	0	0	10312	6708	4302	1918	1132	2744	9418	4884	18872	18152	1752	400	3660	1070	5564	7808	680	0	1036	2866	13300	0	3282	1670	9058	4066	
121572	Vermis_7	0	0	0	0	0	0	0	0	0	0	0	0	0	0	0	0	0	0	0	0	0	0	0	0	0	0	0	0	0	0	0	0	0	0	0	0	0	0	0	0	0	0	0	0	0	0	762	886	0	0	0	0	0	84	0	144	0	0	0	0	0	0	0	0	0	0	0	0	0	0	0	0	0	0	0	0	0	0	0	0	0	0	0	0	0	0	0	0	0	0	2644	6194	5312	6436	0	0	0	202	1588	5562	3008	2000	3712	6072	704	1558	0	158	0	0	112	3282	0	5596	4770	0	
