data	data	389912	195484	1.07085e+06	783796	128432	68204	763416	242396	84484	20416	231192	276516	373360	151512	216756	108044	156988	146048	728008	869744	78068	84596	380596	308864	33648	96216	59280	101944	708500	338740	362844	432428	168420	537628	89732	109864	223368	235708	105232	188588	38336	57492	197268	259816	184612	240432	231312	336428	161208	267628	478508	176232	165276	93532	330756	329828	200696	220376	108024	56784	203416	75748	138616	104628	173704	81308	233352	289960	147304	227888	247540	305588	343432	298412	36144	27944	129096	111960	66548	25412	146616	110244	65036	74980	264124	176152	17780	28752	230436	177272	337960	340560	240164	259084	25876	58564	311888	293208	405504	398144	205108	197716	259348	281584	189296	144732	19988	13836	29784	62828	300532	237376	212656	100188	117152	36368	
data	data	Precentral_L	Precentral_R	Frontal_Sup_L	Frontal_Sup_R	Frontal_Sup_Orb_L	Frontal_Sup_Orb_R	Frontal_Mid_L	Frontal_Mid_R	Frontal_Mid_Orb_L	Frontal_Mid_Orb_R	Frontal_Inf_Oper_L	Frontal_Inf_Oper_R	Frontal_Inf_Tri_L	Frontal_Inf_Tri_R	Frontal_Inf_Orb_L	Frontal_Inf_Orb_R	Rolandic_Oper_L	Rolandic_Oper_R	Supp_Motor_Area_L	Supp_Motor_Area_R	Olfactory_L	Olfactory_R	Frontal_Sup_Medial_L	Frontal_Sup_Medial_R	Frontal_Med_Orb_L	Frontal_Med_Orb_R	Rectus_L	Rectus_R	Insula_L	Insula_R	Cingulum_Ant_L	Cingulum_Ant_R	Cingulum_Mid_L	Cingulum_Mid_R	Cingulum_Post_L	Cingulum_Post_R	Hippocampus_L	Hippocampus_R	ParaHippocampal_L	ParaHippocampal_R	Amygdala_L	Amygdala_R	Calcarine_L	Calcarine_R	Cuneus_L	Cuneus_R	Lingual_L	Lingual_R	Occipital_Sup_L	Occipital_Sup_R	Occipital_Mid_L	Occipital_Mid_R	Occipital_Inf_L	Occipital_Inf_R	Fusiform_L	Fusiform_R	Postcentral_L	Postcentral_R	Parietal_Sup_L	Parietal_Sup_R	Parietal_Inf_L	Parietal_Inf_R	SupraMarginal_L	SupraMarginal_R	Angular_L	Angular_R	Precuneus_L	Precuneus_R	Paracentral_Lobule_L	Paracentral_Lobule_R	Caudate_L	Caudate_R	Putamen_L	Putamen_R	Pallidum_L	Pallidum_R	Thalamus_L	Thalamus_R	Heschl_L	Heschl_R	Temporal_Sup_L	Temporal_Sup_R	Temporal_Pole_Sup_L	Temporal_Pole_Sup_R	Temporal_Mid_L	Temporal_Mid_R	Temporal_Pole_Mid_L	Temporal_Pole_Mid_R	Temporal_Inf_L	Temporal_Inf_R	Cerebelum_Crus1_L	Cerebelum_Crus1_R	Cerebelum_Crus2_L	Cerebelum_Crus2_R	Cerebelum_3_L	Cerebelum_3_R	Cerebelum_4_5_L	Cerebelum_4_5_R	Cerebelum_6_L	Cerebelum_6_R	Cerebelum_7b_L	Cerebelum_7b_R	Cerebelum_8_L	Cerebelum_8_R	Cerebelum_9_L	Cerebelum_9_R	Cerebelum_10_L	Cerebelum_10_R	Vermis_1_2	Vermis_3	Vermis_4_5	Vermis_6	Vermis_7	Vermis_8	Vermis_9	Vermis_10	
389912	Precentral_L	0	510	9792	194	0	0	29568	0	0	0	11506	0	6160	0	0	0	7980	0	8428	5268	0	0	536	0	0	0	0	0	15132	0	538	0	838	4150	1346	1276	6248	858	196	120	0	0	0	0	0	0	0	0	0	0	1366	0	526	0	292	0	30726	546	432	0	8752	0	2754	0	1132	0	154	632	11806	2760	1722	314	4006	0	908	0	9356	520	2830	0	810	0	0	0	1138	0	0	0	830	0	0	0	0	0	0	0	0	0	0	0	0	0	0	0	0	0	0	0	0	0	0	0	0	0	0	0	
195484	Precentral_R	510	0	296	4774	0	0	0	5686	0	0	0	9494	0	368	0	0	0	1176	1026	8372	0	0	0	0	0	0	0	0	0	3966	0	0	0	2176	0	384	0	2100	0	488	0	0	0	490	0	568	0	0	0	1156	0	492	0	138	0	262	0	23308	0	646	0	1858	0	1376	0	316	0	2974	1024	10674	302	3542	0	1492	146	0	786	3080	0	142	0	122	0	0	0	794	0	0	0	1238	0	0	0	0	0	0	0	0	0	0	0	0	0	0	0	0	0	0	0	0	0	0	0	0	0	0	
1.07085e+06	Frontal_Sup_L	9792	296	0	19250	9770	0	88548	1496	7770	0	10538	2468	21928	404	15586	114	5016	1732	90448	27270	480	0	42902	6050	726	0	666	0	49702	2298	25548	8732	5204	6096	228	248	4912	374	276	0	758	0	0	0	0	0	0	0	0	0	0	0	0	0	368	0	306	0	0	0	200	0	0	0	0	0	0	0	2256	368	17488	2514	29168	586	4078	0	8558	704	0	0	756	0	448	0	0	0	0	0	0	0	0	0	0	0	0	0	0	0	0	0	0	0	0	0	0	0	0	0	0	0	0	0	0	0	0	0	
783796	Frontal_Sup_R	194	4774	19250	0	0	5462	4634	25540	0	144	1156	15490	3160	7094	0	6942	110	12006	18810	68758	0	1466	10178	34800	108	3234	0	3210	4338	17056	5254	28884	4174	20070	0	434	0	3044	0	1090	0	92	0	0	0	0	0	0	0	0	0	0	0	0	0	518	0	1872	0	108	0	176	0	236	0	0	0	0	0	354	6756	22984	910	16086	0	2558	104	8186	0	0	0	0	0	94	0	0	0	0	0	0	0	0	0	0	0	0	0	0	0	0	0	0	0	0	0	0	0	0	0	0	0	0	0	0	0	0	
128432	Frontal_Sup_Orb_L	0	0	9770	0	0	0	4366	0	10844	0	0	0	700	0	14060	0	0	0	0	0	2260	0	1444	92	2444	0	4720	94	6048	0	3164	290	0	0	0	0	0	0	0	0	908	0	0	0	0	0	0	0	0	0	0	0	0	0	0	0	0	0	0	0	0	0	0	0	0	0	0	0	0	0	368	0	2644	0	0	0	0	0	0	0	0	0	0	0	0	0	0	0	0	0	0	0	0	0	0	0	0	0	0	0	0	0	0	0	0	0	0	0	0	0	0	0	0	0	0	0	
68204	Frontal_Sup_Orb_R	0	0	0	5462	0	0	0	1766	0	2730	0	0	0	352	0	2914	0	0	0	0	106	1084	114	2180	608	7210	0	6330	0	1202	364	848	0	0	0	0	0	0	0	0	0	0	0	0	0	0	0	0	0	0	0	0	0	0	0	0	0	0	0	0	0	0	0	0	0	0	0	0	0	0	138	398	0	296	0	0	0	0	0	0	0	0	0	0	0	0	0	0	0	0	0	0	0	0	0	0	0	0	0	0	0	0	0	0	0	0	0	0	0	0	0	0	0	0	0	0	
763416	Frontal_Mid_L	29568	0	88548	4634	4366	0	0	0	7544	0	16188	254	50208	0	23094	0	2588	156	22774	6298	0	0	21292	2304	0	0	0	0	43046	234	10260	2834	3576	2472	598	922	5712	698	258	124	170	0	0	0	0	0	0	0	0	0	0	0	0	0	0	0	1708	0	0	0	1102	0	310	0	92	0	0	0	542	226	2748	526	9302	122	918	0	12138	346	242	0	216	0	450	0	0	0	0	0	0	0	0	0	0	0	0	0	0	0	0	0	0	0	0	0	0	0	0	0	0	0	0	0	0	0	0	0	
242396	Frontal_Mid_R	0	5686	1496	25540	0	1766	0	0	0	2298	0	14712	0	16670	0	5940	0	2024	1896	3058	0	0	472	2080	0	0	0	0	0	7258	136	810	0	1288	0	0	0	2886	0	1138	0	0	0	0	0	0	0	0	0	0	0	0	0	0	0	210	0	4288	0	0	0	268	0	1342	0	0	0	0	0	132	1254	5806	0	9338	0	218	0	1052	0	0	0	0	0	136	0	0	0	0	0	0	0	0	0	0	0	0	0	0	0	0	0	0	0	0	0	0	0	0	0	0	0	0	0	0	0	0	
84484	Frontal_Mid_Orb_L	0	0	7770	0	10844	0	7544	0	0	0	0	0	1470	0	12246	0	0	0	0	0	110	0	0	0	0	0	770	0	1388	0	0	0	0	0	0	0	0	0	0	0	100	0	0	0	0	0	0	0	0	0	0	0	0	0	0	0	0	0	0	0	0	0	0	0	0	0	0	0	0	0	0	0	0	0	0	0	0	0	0	0	0	0	0	0	0	0	0	0	0	0	0	0	0	0	0	0	0	0	0	0	0	0	0	0	0	0	0	0	0	0	0	0	0	0	0	0	
20416	Frontal_Mid_Orb_R	0	0	0	144	0	2730	0	2298	0	0	0	0	0	1152	0	3636	0	0	0	0	0	0	0	0	0	0	0	0	0	96	0	0	0	0	0	0	0	0	0	0	0	0	0	0	0	0	0	0	0	0	0	0	0	0	0	0	0	0	0	0	0	0	0	0	0	0	0	0	0	0	0	0	0	152	0	0	0	0	0	0	0	0	0	0	0	0	0	0	0	0	0	0	0	0	0	0	0	0	0	0	0	0	0	0	0	0	0	0	0	0	0	0	0	0	0	0	
231192	Frontal_Inf_Oper_L	11506	0	10538	1156	0	0	16188	0	0	0	0	0	17990	0	422	0	8300	0	7816	1378	0	0	1660	0	0	0	0	0	23678	0	1834	412	316	208	0	0	656	0	0	0	244	0	0	0	0	0	0	0	0	0	0	0	0	0	126	0	1298	0	0	0	864	0	366	0	0	0	0	0	0	0	1640	0	4286	0	0	0	124	0	0	0	1358	0	1232	0	0	0	0	0	0	0	0	0	0	0	0	0	0	0	0	0	0	0	0	0	0	0	0	0	0	0	0	0	0	0	0	0	
276516	Frontal_Inf_Oper_R	0	9494	2468	15490	0	0	254	14712	0	0	0	0	218	12244	0	1304	0	8842	1428	9324	0	0	696	1324	0	0	0	0	292	21984	354	3372	0	3220	0	0	0	2558	0	958	0	0	0	0	0	0	0	0	0	0	0	100	0	0	0	194	0	9322	0	224	0	1576	0	2380	0	0	0	0	0	0	1112	2380	260	8948	0	216	0	342	0	0	0	0	0	194	0	172	0	0	0	302	0	0	0	0	0	0	0	0	0	0	0	0	0	0	0	0	0	0	0	0	0	0	0	0	0	0	
373360	Frontal_Inf_Tri_L	6160	0	21928	3160	700	0	50208	0	1470	0	17990	218	0	0	15800	0	1340	166	9416	5030	0	0	3660	150	0	0	0	0	35034	196	3920	1434	924	850	0	0	312	0	0	0	0	0	0	0	0	0	0	0	0	0	0	0	0	0	0	0	270	0	0	0	264	0	118	0	0	0	0	0	0	0	1402	218	3202	0	0	0	0	0	0	0	212	0	928	0	0	0	0	0	0	0	0	0	0	0	0	0	0	0	0	0	0	0	0	0	0	0	0	0	0	0	0	0	0	0	0	0	
151512	Frontal_Inf_Tri_R	0	368	404	7094	0	352	0	16670	0	1152	0	12244	0	0	0	5852	0	718	1020	2934	0	0	404	286	0	0	0	0	0	14118	370	1024	0	1074	0	0	0	842	0	334	0	0	0	0	0	0	0	0	0	0	0	0	0	0	0	0	0	734	0	0	0	0	0	386	0	0	0	0	0	0	494	1970	102	4494	0	0	0	316	0	0	0	0	0	0	0	0	0	0	0	0	0	0	0	0	0	0	0	0	0	0	0	0	0	0	0	0	0	0	0	0	0	0	0	0	0	0	
216756	Frontal_Inf_Orb_L	0	0	15586	0	14060	0	23094	0	12246	0	422	0	15800	0	0	0	0	0	596	0	2024	0	1164	110	480	0	1298	0	15294	0	1924	148	450	0	0	0	190	0	100	0	674	0	0	0	0	0	0	0	0	0	0	0	0	0	128	0	0	0	0	0	0	0	0	0	0	0	0	0	0	0	292	0	1292	0	0	0	0	0	0	0	0	0	1006	0	0	0	0	0	0	0	0	0	0	0	0	0	0	0	0	0	0	0	0	0	0	0	0	0	0	0	0	0	0	0	0	0	
108044	Frontal_Inf_Orb_R	0	0	114	6942	0	2914	0	5940	0	3636	0	1304	0	5852	0	0	0	354	386	2138	0	582	154	558	0	112	0	250	0	7302	0	316	0	618	0	0	0	120	0	212	0	110	0	0	0	0	0	0	0	0	0	0	0	0	0	0	0	0	0	0	0	0	0	0	0	0	0	0	0	0	0	4846	0	5446	0	0	0	104	0	0	0	876	0	2836	0	0	0	0	0	0	0	0	0	0	0	0	0	0	0	0	0	0	0	0	0	0	0	0	0	0	0	0	0	0	0	0	
156988	Rolandic_Oper_L	7980	0	5016	110	0	0	2588	0	0	0	8300	0	1340	0	0	0	0	0	4330	150	0	0	374	0	0	0	0	0	17990	0	408	0	104	0	0	0	628	0	0	0	0	0	0	0	0	0	0	0	0	0	2842	0	940	0	480	0	5030	0	486	0	882	0	734	0	1640	0	0	0	0	0	310	0	1788	0	0	0	0	0	3626	0	5624	0	528	0	2678	0	0	0	1588	0	0	0	0	0	0	0	0	0	0	0	0	0	0	0	0	0	0	0	0	0	0	0	0	0	0	0	
146048	Rolandic_Oper_R	0	1176	1732	12006	0	0	156	2024	0	0	0	8842	166	718	0	354	0	0	530	6330	0	0	428	888	0	0	0	0	214	15342	116	2378	0	2204	0	0	0	1028	0	166	0	0	0	0	0	0	0	0	0	0	0	0	0	0	0	0	0	3256	0	0	0	0	0	1468	0	0	0	0	0	0	876	780	210	1942	0	0	0	0	0	2506	0	3478	0	384	0	622	0	0	0	704	0	0	0	0	0	0	0	0	0	0	0	0	0	0	0	0	0	0	0	0	0	0	0	0	0	0	
728008	Supp_Motor_Area_L	8428	1026	90448	18810	0	0	22774	1896	0	0	7816	1428	9416	1020	596	386	4330	530	0	50402	0	0	7324	2212	0	0	0	0	25888	1398	8132	7206	10452	16532	306	0	1872	172	192	0	252	0	0	0	0	0	0	0	0	104	0	0	0	0	392	0	114	0	0	0	0	0	0	0	0	0	242	138	8024	2544	17112	5314	19440	754	3236	180	3360	1076	0	0	590	0	140	0	0	0	0	0	0	0	0	0	0	0	0	0	0	0	0	0	0	0	0	0	0	0	0	0	0	0	0	0	0	0	0	0	
869744	Supp_Motor_Area_R	5268	8372	27270	68758	0	0	6298	3058	0	0	1378	9324	5030	2934	0	2138	150	6330	50402	0	0	0	3204	7560	0	0	0	0	6336	7350	2888	15556	10454	59768	736	3162	0	1982	0	810	0	0	0	846	0	1858	0	0	0	2776	0	932	0	0	0	452	0	5740	0	216	96	414	0	322	0	418	126	9238	12594	27252	5960	23716	676	5840	248	2706	1446	13450	0	0	0	0	0	0	0	784	0	0	0	250	0	0	0	0	0	0	0	0	0	0	0	0	0	0	0	0	0	0	0	0	0	0	0	0	0	0	
78068	Olfactory_L	0	0	480	0	2260	106	0	0	110	0	0	0	0	0	2024	0	0	0	0	0	0	5394	0	0	730	542	3750	2680	2344	0	3528	2640	0	0	0	0	176	0	236	0	834	0	0	0	0	0	0	0	0	0	0	0	0	0	0	0	0	0	0	0	0	0	0	0	0	0	0	0	0	0	6168	1780	2910	192	0	0	0	0	0	0	0	0	150	0	0	0	0	0	0	0	0	0	0	0	0	0	0	0	0	0	0	0	0	0	0	0	0	0	0	0	0	0	0	0	0	0	
84596	Olfactory_R	0	0	0	1466	0	1084	0	0	0	0	0	0	0	0	0	582	0	0	0	0	5394	0	0	1446	0	1776	1974	5356	0	2210	2124	3534	0	0	0	0	0	0	0	110	0	450	0	0	0	0	0	0	0	0	0	0	0	0	0	0	0	0	0	0	0	0	0	0	0	0	0	0	0	0	7084	3938	3086	576	0	0	0	0	0	0	0	0	0	108	0	0	0	0	0	0	0	0	0	0	0	0	0	0	0	0	0	0	0	0	0	0	0	0	0	0	0	0	0	0	0	0	
380596	Frontal_Sup_Medial_L	536	0	42902	10178	1444	114	21292	472	0	0	1660	696	3660	404	1164	154	374	428	7324	3204	0	0	0	20210	1180	314	446	112	7374	524	28538	13016	3896	10950	0	0	196	0	0	0	0	0	0	0	0	0	0	0	0	0	0	0	0	0	0	0	0	0	0	0	0	0	0	0	0	0	0	0	0	0	770	672	5134	690	0	0	158	0	0	0	0	0	112	0	0	0	0	0	0	0	0	0	0	0	0	0	0	0	0	0	0	0	0	0	0	0	0	0	0	0	0	0	0	0	0	0	
308864	Frontal_Sup_Medial_R	0	0	6050	34800	92	2180	2304	2080	0	0	0	1324	150	286	110	558	0	888	2212	7560	0	1446	20210	0	232	5742	0	4396	248	1188	6086	25934	2390	16796	0	0	0	0	0	0	0	0	0	0	0	0	0	0	0	0	0	0	0	0	0	0	0	0	0	0	0	0	0	0	0	0	0	0	0	0	276	3858	238	4798	0	0	0	0	0	0	0	0	0	0	0	0	0	0	0	0	0	0	0	0	0	0	0	0	0	0	0	0	0	0	0	0	0	0	0	0	0	0	0	0	0	0	
33648	Frontal_Med_Orb_L	0	0	726	108	2444	608	0	0	0	0	0	0	0	0	480	0	0	0	0	0	730	0	1180	232	0	1556	2312	494	0	0	4516	438	0	0	0	0	0	0	0	0	0	0	0	0	0	0	0	0	0	0	0	0	0	0	0	0	0	0	0	0	0	0	0	0	0	0	0	0	0	0	446	0	554	0	0	0	0	0	0	0	0	0	0	0	0	0	0	0	0	0	0	0	0	0	0	0	0	0	0	0	0	0	0	0	0	0	0	0	0	0	0	0	0	0	0	0	
96216	Frontal_Med_Orb_R	0	0	0	3234	0	7210	0	0	0	0	0	0	0	0	0	112	0	0	0	0	542	1776	314	5742	1556	0	660	11240	0	0	2620	6784	0	0	0	0	0	0	0	0	0	0	0	0	0	0	0	0	0	0	0	0	0	0	0	0	0	0	0	0	0	0	0	0	0	0	0	0	0	0	320	3000	148	2850	0	0	0	0	0	0	0	0	0	0	0	0	0	0	0	0	0	0	0	0	0	0	0	0	0	0	0	0	0	0	0	0	0	0	0	0	0	0	0	0	0	0	
59280	Rectus_L	0	0	666	0	4720	0	0	0	770	0	0	0	0	0	1298	0	0	0	0	0	3750	1974	446	0	2312	660	0	1350	430	0	4506	2034	0	0	0	0	0	0	0	0	132	0	0	0	0	0	0	0	0	0	0	0	0	0	0	0	0	0	0	0	0	0	0	0	0	0	0	0	0	0	2432	554	1498	108	0	0	0	0	0	0	0	0	0	0	0	0	0	0	0	0	0	0	0	0	0	0	0	0	0	0	0	0	0	0	0	0	0	0	0	0	0	0	0	0	0	0	
101944	Rectus_R	0	0	0	3210	94	6330	0	0	0	0	0	0	0	0	0	250	0	0	0	0	2680	5356	112	4396	494	11240	1350	0	0	672	2324	5558	0	0	0	0	0	0	0	0	0	0	0	0	0	0	0	0	0	0	0	0	0	0	0	0	0	0	0	0	0	0	0	0	0	0	0	0	0	0	2616	1970	1152	1168	0	0	0	0	0	0	0	0	0	0	0	0	0	0	0	0	0	0	0	0	0	0	0	0	0	0	0	0	0	0	0	0	0	0	0	0	0	0	0	0	0	0	
708500	Insula_L	15132	0	49702	4338	6048	0	43046	0	1388	0	23678	292	35034	0	15294	0	17990	214	25888	6336	2344	0	7374	248	0	0	430	0	0	254	7232	2042	2728	1056	338	350	12794	350	1304	0	3926	0	0	0	0	0	0	0	0	0	2008	0	1340	0	3668	0	4926	0	184	0	1114	0	528	0	1100	0	0	0	0	0	2840	214	22302	0	0	0	830	0	7154	0	7662	0	2856	0	3978	0	0	0	4396	0	0	0	0	0	0	0	0	0	0	0	0	0	0	0	0	0	0	0	0	0	0	0	0	0	0	0	
338740	Insula_R	0	3966	2298	17056	0	1202	234	7258	0	96	0	21984	196	14118	0	7302	0	15342	1398	7350	0	2210	524	1188	0	0	0	672	254	0	382	1982	0	2006	0	0	0	6638	0	1780	0	736	0	0	0	0	0	0	0	0	0	214	0	162	0	2250	0	4416	0	0	0	0	0	458	0	0	0	0	0	0	1228	3246	290	18014	0	298	0	422	0	2496	0	7764	0	2978	0	2452	0	0	0	4510	0	0	0	0	0	0	0	0	0	0	0	0	0	0	0	0	0	0	0	0	0	0	0	0	0	0	
362844	Cingulum_Ant_L	538	0	25548	5254	3164	364	10260	136	0	0	1834	354	3920	370	1924	0	408	116	8132	2888	3528	2124	28538	6086	4516	2620	4506	2324	7232	382	0	23068	3082	3374	0	0	198	0	0	0	102	0	0	0	0	0	0	0	0	0	0	0	0	0	0	0	0	0	0	0	0	0	0	0	0	0	0	0	0	0	6438	3430	12018	2348	0	0	162	0	0	0	0	0	136	0	0	0	0	0	0	0	0	0	0	0	0	0	0	0	0	0	0	0	0	0	0	0	0	0	0	0	0	0	0	0	0	0	
432428	Cingulum_Ant_R	0	0	8732	28884	290	848	2834	810	0	0	412	3372	1434	1024	148	316	0	2378	7206	15556	2640	3534	13016	25934	438	6784	2034	5558	2042	1982	23068	0	4142	23406	0	0	0	0	0	0	0	0	0	0	0	0	0	0	0	0	0	0	0	0	0	0	0	0	0	0	0	0	0	0	0	0	0	0	0	0	3802	11264	2724	9602	0	0	0	0	0	0	0	0	0	0	0	0	0	0	0	0	0	0	0	0	0	0	0	0	0	0	0	0	0	0	0	0	0	0	0	0	0	0	0	0	0	0	
168420	Cingulum_Mid_L	838	0	5204	4174	0	0	3576	0	0	0	316	0	924	0	450	0	104	0	10452	10454	0	0	3896	2390	0	0	0	0	2728	0	3082	4142	0	15448	3156	694	0	0	0	0	0	0	0	202	0	448	0	0	118	456	618	0	0	0	0	0	382	178	118	0	0	0	0	0	0	0	2050	1012	4656	1096	0	0	694	154	0	0	0	0	0	0	0	0	0	0	0	0	0	0	0	0	0	0	0	0	0	0	0	0	0	0	0	0	0	0	0	0	0	0	0	0	0	0	0	0	0	0	
537628	Cingulum_Mid_R	4150	2176	6096	20070	0	0	2472	1288	0	0	208	3220	850	1074	0	618	0	2204	16532	59768	0	0	10950	16796	0	0	0	0	1056	2006	3374	23406	15448	0	1044	4688	0	176	0	0	0	0	0	1298	0	4470	0	0	0	4192	0	1124	0	0	0	0	0	4866	0	118	0	326	0	182	0	446	700	12978	11012	20924	698	1236	0	816	138	130	760	1200	0	0	0	0	0	0	0	1082	0	0	0	448	0	0	0	0	0	0	0	0	0	0	0	0	0	0	0	0	0	0	0	0	0	0	0	0	0	0	
89732	Cingulum_Post_L	1346	0	228	0	0	0	598	0	0	0	0	0	0	0	0	0	0	0	306	736	0	0	0	0	0	0	0	0	338	0	0	0	3156	1044	0	6432	5924	2796	2134	1460	0	0	1820	0	264	0	944	520	0	0	510	0	308	0	112	370	396	108	0	0	0	0	0	0	0	0	5154	1418	3832	530	0	0	510	0	0	0	1336	0	0	0	0	0	0	0	0	0	0	0	0	104	0	0	0	0	0	0	0	0	0	0	0	0	0	0	0	0	0	0	0	0	132	0	0	0	0	0	
109864	Cingulum_Post_R	1276	384	248	434	0	0	922	0	0	0	0	0	0	0	0	0	0	0	0	3162	0	0	0	0	0	0	0	0	350	0	0	0	694	4688	6432	0	3880	4400	590	2714	0	0	0	1546	0	342	326	974	0	298	0	436	0	826	0	912	0	810	0	0	0	0	0	0	0	0	196	6622	612	2158	0	0	536	0	0	0	3026	854	0	0	0	100	0	0	0	2148	0	0	0	1756	0	0	0	0	0	0	0	0	0	0	0	0	0	0	0	0	0	0	0	0	280	0	0	0	0	0	
223368	Hippocampus_L	6248	0	4912	0	0	0	5712	0	0	0	656	0	312	0	190	0	628	0	1872	0	176	0	196	0	0	0	0	0	12794	0	198	0	0	0	5924	3880	0	2896	10758	1456	4926	0	1162	0	0	0	2236	584	0	0	288	0	318	0	11538	370	1064	0	0	0	124	0	0	0	0	0	3296	1086	0	0	0	0	9688	0	404	0	3090	276	2020	0	2448	0	216	0	884	0	0	0	6422	0	98	0	0	0	0	0	196	0	0	0	0	0	0	0	0	0	0	0	0	0	142	0	0	0	0	0	
235708	Hippocampus_R	858	2100	374	3044	0	0	698	2886	0	0	0	2558	0	842	0	120	0	1028	172	1982	0	0	0	0	0	0	0	0	350	6638	0	0	0	176	2796	4400	2896	0	440	21606	0	7894	0	0	0	0	248	524	0	0	0	0	0	342	0	18640	0	1146	0	0	0	0	0	316	0	0	0	1618	282	298	0	564	536	13924	0	1694	2550	3546	0	250	0	856	0	1524	0	770	0	168	0	3690	0	0	0	0	0	0	0	510	0	0	0	0	0	0	0	0	0	0	0	0	0	0	0	0	0	0	
105232	ParaHippocampal_L	196	0	276	0	0	0	258	0	0	0	0	0	0	0	100	0	0	0	192	0	236	0	0	0	0	0	0	0	1304	0	0	0	0	0	2134	590	10758	440	0	358	1474	0	1892	0	0	0	8610	0	0	0	2552	0	2202	0	8716	160	0	0	0	0	0	0	0	0	0	0	3286	172	0	0	0	0	1600	0	0	0	192	0	0	0	194	0	244	0	192	0	0	0	1992	0	388	0	0	0	712	0	748	0	448	0	0	0	0	0	0	0	0	0	0	0	0	0	0	0	0	0	
188588	ParaHippocampal_R	120	488	0	1090	0	0	124	1138	0	0	0	958	0	334	0	212	0	166	0	810	0	110	0	0	0	0	0	0	0	1780	0	0	0	0	1460	2714	1456	21606	358	0	0	7796	0	718	0	194	156	6020	0	260	0	280	0	1028	0	19972	0	412	0	0	0	0	0	132	0	0	0	2508	0	112	0	270	0	5870	0	1064	1308	1930	0	0	0	0	0	3666	0	174	0	1572	0	2394	0	98	0	0	0	0	0	1128	0	100	0	0	0	0	0	0	0	0	0	0	208	0	0	0	0	0	
38336	Amygdala_L	0	0	758	0	908	0	170	0	100	0	244	0	0	0	674	0	0	0	252	0	834	0	0	0	0	0	132	0	3926	0	102	0	0	0	0	0	4926	0	1474	0	0	0	0	0	0	0	0	0	0	0	0	0	0	0	2726	0	0	0	0	0	0	0	0	0	0	0	0	0	0	0	0	0	998	0	0	0	0	0	0	0	0	0	152	0	0	0	0	0	792	0	0	0	0	0	0	0	0	0	0	0	0	0	0	0	0	0	0	0	0	0	0	0	0	0	0	0	
57492	Amygdala_R	0	0	0	92	0	0	0	0	0	0	0	0	0	0	0	110	0	0	0	0	0	450	0	0	0	0	0	0	0	736	0	0	0	0	0	0	0	7894	0	7796	0	0	0	0	0	0	0	0	0	0	0	0	0	0	0	5618	0	0	0	0	0	0	0	0	0	0	0	0	0	0	0	0	0	466	0	0	0	0	0	0	0	0	0	3362	0	158	0	1226	0	838	0	0	0	0	0	0	0	0	0	0	0	0	0	0	0	0	0	0	0	0	0	0	0	0	0	0	
197268	Calcarine_L	0	0	0	0	0	0	0	0	0	0	0	0	0	0	0	0	0	0	0	0	0	0	0	0	0	0	0	0	0	0	0	0	0	0	1820	0	1162	0	1892	0	0	0	0	5694	16674	2844	11712	2262	8628	1102	14960	160	3336	0	1402	0	0	0	404	0	476	0	574	0	1374	0	17462	438	0	0	0	0	0	0	0	0	0	0	0	0	116	0	0	0	2460	0	0	0	1470	0	212	0	0	0	0	0	0	0	0	0	0	0	0	0	0	0	0	0	0	0	0	0	0	0	0	0	
259816	Calcarine_R	0	490	0	0	0	0	0	0	0	0	0	0	0	0	0	0	0	0	0	846	0	0	0	0	0	0	0	0	0	0	0	0	202	1298	0	1546	0	0	0	718	0	0	5694	0	2462	20924	3048	23406	0	25476	0	13790	0	4176	0	4974	0	698	0	212	0	108	0	188	0	202	352	13744	0	794	0	0	0	0	0	0	0	0	0	0	0	0	0	0	0	1348	0	0	0	1402	0	376	0	0	0	0	0	144	134	510	0	0	0	0	0	0	0	0	0	0	490	156	0	0	0	0	
184612	Cuneus_L	0	0	0	0	0	0	0	0	0	0	0	0	0	0	0	0	0	0	0	0	0	0	0	0	0	0	0	0	0	0	0	0	0	0	264	0	0	0	0	0	0	0	16674	2462	0	6210	3182	0	21978	1588	18092	0	1070	0	268	0	0	0	964	0	426	0	496	0	1104	0	13128	1790	0	0	0	0	0	0	0	0	0	0	0	0	0	0	0	0	1586	0	0	0	742	0	282	0	0	0	0	0	0	0	0	0	0	0	0	0	0	0	0	0	0	0	0	0	0	0	0	0	
240432	Cuneus_R	0	568	0	0	0	0	0	0	0	0	0	0	0	0	0	0	0	0	0	1858	0	0	0	0	0	0	0	0	0	0	0	0	448	4470	0	342	0	0	0	194	0	0	2844	20924	6210	0	272	7488	104	32086	0	7718	0	856	0	1110	0	422	0	3508	0	0	0	0	0	182	4404	21158	0	1664	0	0	0	0	0	0	0	0	0	0	0	0	0	0	0	490	0	0	0	168	0	0	0	0	0	0	0	124	132	142	0	0	0	0	0	0	0	0	0	0	180	150	0	0	0	0	
231312	Lingual_L	0	0	0	0	0	0	0	0	0	0	0	0	0	0	0	0	0	0	0	0	0	0	0	0	0	0	0	0	0	0	0	0	0	0	944	326	2236	248	8610	156	0	0	11712	3048	3182	272	0	4920	3074	186	15328	0	9862	156	14996	808	0	0	0	0	0	0	0	0	132	0	5216	92	0	0	0	0	0	0	0	0	0	0	0	0	0	0	0	0	718	0	0	0	2104	0	2058	538	0	0	0	0	7534	2386	5064	1146	0	0	0	0	472	190	0	0	0	0	6530	1014	0	0	0	398	
336428	Lingual_R	0	0	0	0	0	0	0	0	0	0	0	0	0	0	0	0	0	0	0	0	0	0	0	0	0	0	0	0	0	0	0	0	0	0	520	974	584	524	0	6020	0	0	2262	23406	0	7488	4920	0	0	11104	0	7808	0	7992	2012	18710	0	0	0	0	0	0	0	0	0	0	0	2920	0	0	0	0	0	0	0	0	0	0	0	0	0	0	0	0	0	640	0	0	0	1984	2392	1748	0	0	298	134	9918	11722	9574	5494	274	0	252	0	3558	198	666	0	0	104	14344	6290	576	0	566	238	
161208	Occipital_Sup_L	0	0	0	0	0	0	0	0	0	0	0	0	0	0	0	0	0	0	0	0	0	0	0	0	0	0	0	0	0	0	0	0	118	0	0	0	0	0	0	0	0	0	8628	0	21978	104	3074	0	0	0	30880	0	716	0	328	0	0	0	3810	0	446	0	0	0	0	0	10104	0	0	0	0	0	0	0	0	0	0	0	0	0	0	0	0	0	198	0	0	0	0	0	220	0	0	0	0	0	0	0	0	0	0	0	0	0	0	0	0	0	0	0	0	0	0	0	0	0	
267628	Occipital_Sup_R	0	1156	0	0	0	0	0	0	0	0	0	0	0	0	0	0	0	0	104	2776	0	0	0	0	0	0	0	0	0	0	0	0	456	4192	0	298	0	0	0	260	0	0	1102	25476	1588	32086	186	11104	0	0	0	20082	0	2504	0	2296	0	1174	0	4238	0	648	0	478	0	1784	650	14464	0	2514	0	0	0	0	0	0	0	0	0	0	0	0	0	0	0	1002	0	0	0	402	0	0	0	0	0	0	0	124	132	208	0	0	0	0	0	0	0	0	0	0	176	154	0	0	0	0	
478508	Occipital_Mid_L	1366	0	0	0	0	0	0	0	0	0	0	0	0	0	0	0	2842	0	0	0	0	0	0	0	0	0	0	0	2008	0	0	0	618	0	510	0	288	0	2552	0	0	0	14960	0	18092	0	15328	0	30880	0	0	0	28216	0	13338	0	3132	0	10656	0	14906	0	5066	0	19616	0	18006	0	524	0	0	0	0	0	0	0	0	0	1670	0	2384	0	0	0	22024	0	0	0	8900	0	824	0	0	0	0	0	114	0	314	0	0	0	0	0	0	0	0	0	0	0	120	0	0	0	0	0	
176232	Occipital_Mid_R	0	492	0	0	0	0	0	0	0	0	0	100	0	0	0	0	0	0	0	932	0	0	0	0	0	0	0	0	0	214	0	0	0	1124	0	436	0	0	0	280	0	0	160	13790	0	7718	0	7808	0	20082	0	0	0	3934	0	1582	0	592	0	836	0	980	0	570	0	5818	158	5274	0	1182	0	0	0	0	0	0	0	0	0	0	0	98	0	0	0	12102	0	0	0	1854	0	0	0	0	0	0	0	0	0	0	0	0	0	0	0	0	0	0	0	0	0	0	0	0	0	0	
165276	Occipital_Inf_L	526	0	0	0	0	0	0	0	0	0	0	0	0	0	0	0	940	0	0	0	0	0	0	0	0	0	0	0	1340	0	0	0	0	0	308	0	318	0	2202	0	0	0	3336	0	1070	0	9862	0	716	0	28216	0	0	0	15406	0	358	0	0	0	106	0	318	0	356	0	2330	0	0	0	0	0	0	0	0	0	0	0	988	0	514	0	0	0	4834	0	0	0	6424	0	1118	0	0	0	0	0	214	0	706	0	0	0	0	0	0	0	0	0	0	0	132	0	0	0	0	0	
93532	Occipital_Inf_R	0	138	0	0	0	0	0	0	0	0	0	0	0	0	0	0	0	0	0	0	0	0	0	0	0	0	0	0	0	162	0	0	0	0	0	826	0	342	0	1028	0	0	0	4176	0	856	156	7992	0	2504	0	3934	0	0	0	9402	0	156	0	0	0	0	0	92	0	0	0	944	0	112	0	0	0	0	0	0	0	0	0	0	0	0	0	0	0	1050	0	0	0	6734	312	840	0	0	0	0	154	274	770	1616	0	0	0	0	104	0	0	0	0	0	460	1338	294	0	0	0	
330756	Fusiform_L	292	0	368	0	0	0	0	0	0	0	126	0	0	0	128	0	480	0	392	0	0	0	0	0	0	0	0	0	3668	0	0	0	0	0	112	0	11538	0	8716	0	2726	0	1402	0	268	0	14996	2012	328	0	13338	0	15406	0	0	168	118	0	0	0	0	0	0	0	110	0	1144	0	0	0	0	0	2208	0	0	0	0	0	1818	0	1000	0	2072	0	4116	0	1382	0	15550	0	14160	386	0	0	322	156	13920	2290	21298	874	0	0	0	0	0	0	0	0	148	524	4488	830	0	0	0	0	
329828	Fusiform_R	0	262	0	518	0	0	0	210	0	0	0	194	0	0	0	0	0	0	0	452	0	0	0	0	0	0	0	0	0	2250	0	0	0	0	370	912	370	18640	160	19972	0	5618	0	4974	0	1110	808	18710	0	2296	0	1582	0	9402	168	0	0	194	0	0	0	0	0	0	0	0	0	1742	0	94	0	218	0	5224	0	768	0	594	0	0	0	1968	0	5772	0	2392	0	1962	0	13282	680	7420	0	0	0	1132	1198	8964	1834	12208	0	0	0	0	552	0	0	0	0	152	4358	2692	420	0	116	0	
200696	Postcentral_L	30726	0	306	0	0	0	1708	0	0	0	1298	0	270	0	0	0	5030	0	114	0	0	0	0	0	0	0	0	0	4926	0	0	0	382	0	396	0	1064	0	0	0	0	0	0	0	0	0	0	0	0	0	3132	0	358	0	118	0	0	0	8946	0	19852	0	9520	0	2712	0	1916	0	1722	0	0	0	290	0	0	0	400	0	1840	0	1752	0	0	0	904	0	0	0	666	0	0	0	0	0	0	0	0	0	0	0	0	0	0	0	0	0	0	0	0	0	0	0	0	0	0	0	
220376	Postcentral_R	546	23308	0	1872	0	0	0	4288	0	0	0	9322	0	734	0	0	0	3256	0	5740	0	0	0	0	0	0	0	0	0	4416	0	0	178	4866	108	810	0	1146	0	412	0	0	0	698	0	422	0	0	0	1174	0	592	0	156	0	194	0	0	0	5156	0	5760	0	11526	0	792	0	6282	916	9098	0	172	0	1598	0	0	112	114	0	372	0	868	0	0	0	1688	0	0	0	1496	0	0	0	0	0	0	0	0	0	0	0	0	0	0	0	0	0	0	0	0	0	0	0	0	0	0	
108024	Parietal_Sup_L	432	0	0	0	0	0	0	0	0	0	0	0	0	0	0	0	486	0	0	0	0	0	0	0	0	0	0	0	184	0	0	0	118	0	0	0	0	0	0	0	0	0	404	0	964	0	0	0	3810	0	10656	0	0	0	0	0	8946	0	0	0	11518	0	1028	0	3590	0	10724	0	358	0	0	0	0	0	0	0	0	0	0	0	300	0	0	0	388	0	0	0	106	0	0	0	0	0	0	0	0	0	0	0	0	0	0	0	0	0	0	0	0	0	0	0	0	0	0	0	
56784	Parietal_Sup_R	0	646	0	108	0	0	0	0	0	0	0	224	0	0	0	0	0	0	0	216	0	0	0	0	0	0	0	0	0	0	0	0	0	118	0	0	0	0	0	0	0	0	0	212	0	3508	0	0	0	4238	0	836	0	0	0	0	0	5156	0	0	0	4108	0	792	0	2004	154	5572	0	296	0	0	0	0	0	0	0	0	0	0	0	0	0	0	0	204	0	0	0	0	0	0	0	0	0	0	0	0	0	0	0	0	0	0	0	0	0	0	0	0	0	0	0	0	0	0	
203416	Parietal_Inf_L	8752	0	200	0	0	0	1102	0	0	0	864	0	264	0	0	0	882	0	0	96	0	0	0	0	0	0	0	0	1114	0	0	0	0	0	0	0	124	0	0	0	0	0	476	0	426	0	0	0	446	0	14906	0	106	0	0	0	19852	0	11518	0	0	0	17064	0	19720	0	746	0	232	0	0	0	0	0	0	0	0	0	334	0	716	0	0	0	1396	0	0	0	372	0	0	0	0	0	0	0	0	0	0	0	0	0	0	0	0	0	0	0	0	0	0	0	0	0	0	0	
75748	Parietal_Inf_R	0	1858	0	176	0	0	0	268	0	0	0	1576	0	0	0	0	0	0	0	414	0	0	0	0	0	0	0	0	0	0	0	0	0	326	0	0	0	0	0	0	0	0	0	108	0	0	0	0	0	648	0	980	0	0	0	0	0	5760	0	4108	0	0	0	7558	0	10728	0	888	0	260	0	0	0	0	0	0	0	0	0	0	0	142	0	0	0	988	0	0	0	1088	0	0	0	0	0	0	0	0	0	0	0	0	0	0	0	0	0	0	0	0	0	0	0	0	0	0	
138616	SupraMarginal_L	2754	0	0	0	0	0	310	0	0	0	366	0	118	0	0	0	734	0	0	0	0	0	0	0	0	0	0	0	528	0	0	0	0	0	0	0	0	0	0	0	0	0	574	0	496	0	0	0	0	0	5066	0	318	0	0	0	9520	0	1028	0	17064	0	0	0	15162	0	574	0	0	0	0	0	0	0	0	0	0	0	330	0	5374	0	0	0	7214	0	0	0	1778	0	0	0	0	0	0	0	0	0	0	0	0	0	0	0	0	0	0	0	0	0	0	0	0	0	0	0	
104628	SupraMarginal_R	0	1376	0	236	0	0	0	1342	0	0	0	2380	0	386	0	0	0	1468	0	322	0	0	0	0	0	0	0	0	0	458	0	0	0	182	0	0	0	316	0	132	0	0	0	188	0	0	0	0	0	478	0	570	0	92	0	0	0	11526	0	792	0	7558	0	0	0	6000	0	756	0	170	0	0	0	526	0	0	0	0	0	250	0	4574	0	0	0	5024	0	0	0	5212	0	0	0	0	0	0	0	0	0	0	0	0	0	0	0	0	0	0	0	0	0	0	0	0	0	0	
173704	Angular_L	1132	0	0	0	0	0	92	0	0	0	0	0	0	0	0	0	1640	0	0	0	0	0	0	0	0	0	0	0	1100	0	0	0	0	0	0	0	0	0	0	0	0	0	1374	0	1104	0	132	0	0	0	19616	0	356	0	110	0	2712	0	3590	0	19720	0	15162	0	0	0	1374	0	242	0	0	0	0	0	0	0	0	0	286	0	2866	0	0	0	12644	0	0	0	1600	0	0	0	0	0	0	0	0	0	0	0	0	0	0	0	0	0	0	0	0	0	0	0	0	0	0	0	
81308	Angular_R	0	316	0	0	0	0	0	0	0	0	0	0	0	0	0	0	0	0	0	418	0	0	0	0	0	0	0	0	0	0	0	0	0	446	0	0	0	0	0	0	0	0	0	202	0	182	0	0	0	1784	0	5818	0	0	0	0	0	792	0	2004	0	10728	0	6000	0	0	0	1350	0	406	0	0	0	0	0	0	0	0	0	0	0	2800	0	0	0	5536	0	0	0	1872	0	0	0	0	0	0	0	0	0	0	0	0	0	0	0	0	0	0	0	0	0	0	0	0	0	0	
233352	Precuneus_L	154	0	0	0	0	0	0	0	0	0	0	0	0	0	0	0	0	0	242	126	0	0	0	0	0	0	0	0	0	0	0	0	2050	700	5154	196	3296	0	3286	0	0	0	17462	352	13128	4404	5216	0	10104	650	18006	158	2330	0	1144	0	1916	0	10724	154	746	0	574	0	1374	0	0	7058	1864	264	0	0	0	0	0	0	0	0	0	0	116	0	0	0	2388	0	0	0	1340	0	0	0	0	0	0	0	0	0	0	0	0	0	0	0	0	0	0	0	0	0	0	0	0	0	0	0	
289960	Precuneus_R	632	2974	0	0	0	0	0	0	0	0	0	0	0	0	0	0	0	0	138	9238	0	0	0	0	0	0	0	0	0	0	0	0	1012	12978	1418	6622	1086	1618	172	2508	0	0	438	13744	1790	21158	92	2920	0	14464	0	5274	0	944	0	1742	0	6282	0	5572	0	888	0	756	0	1350	7058	0	1052	12572	92	0	0	0	0	0	1130	142	0	0	0	146	0	0	0	2588	0	0	0	1642	0	0	0	0	0	0	0	106	0	0	0	0	0	0	0	0	0	0	0	0	642	0	0	0	0	0	
147304	Paracentral_Lobule_L	11806	1024	2256	0	0	0	542	0	0	0	0	0	0	0	0	0	0	0	8024	12594	0	0	0	0	0	0	0	0	0	0	0	0	4656	11012	3832	612	0	282	0	0	0	0	0	0	0	0	0	0	0	0	524	0	0	0	0	0	1722	916	358	0	232	0	0	0	242	0	1864	1052	0	8246	230	232	0	0	0	0	640	754	0	0	0	0	0	0	0	0	0	0	0	0	0	0	0	0	0	0	0	0	0	0	0	0	0	0	0	0	0	0	0	0	0	0	0	0	0	0	
227888	Paracentral_Lobule_R	2760	10674	368	354	0	0	226	132	0	0	0	0	0	0	0	0	0	0	2544	27252	0	0	0	0	0	0	0	0	0	0	0	0	1096	20924	530	2158	0	298	0	112	0	0	0	794	0	1664	0	0	0	2514	0	1182	0	112	0	94	0	9098	0	296	0	260	0	170	0	406	264	12572	8246	0	478	1180	0	122	246	0	1386	1878	0	0	0	0	0	0	0	1172	0	0	0	382	0	0	0	0	0	0	0	0	0	0	0	0	0	0	0	0	0	0	0	0	0	0	0	0	0	0	
247540	Caudate_L	1722	302	17488	6756	368	138	2748	1254	0	0	1640	1112	1402	494	292	0	310	876	17112	5960	6168	7084	770	276	446	320	2432	2616	2840	1228	6438	3802	0	698	0	0	0	0	0	0	0	0	0	0	0	0	0	0	0	0	0	0	0	0	0	0	0	0	0	0	0	0	0	0	0	0	0	92	230	478	0	7254	12614	1110	1076	0	5462	212	0	0	0	0	150	0	0	0	0	0	0	0	0	0	0	0	0	0	0	0	0	0	0	0	0	0	0	0	0	0	0	0	0	0	0	0	0	0	
305588	Caudate_R	314	3542	2514	22984	0	398	526	5806	0	0	0	2380	218	1970	0	4846	0	780	5314	23716	1780	3938	672	3858	0	3000	554	1970	214	3246	3430	11264	0	1236	0	0	0	564	0	270	0	0	0	0	0	0	0	0	0	0	0	0	0	0	0	218	0	172	0	0	0	0	0	0	0	0	0	0	232	1180	7254	0	2364	17162	0	1028	132	11748	0	0	0	0	0	0	0	0	0	0	0	0	0	0	0	0	0	0	0	0	0	0	0	0	0	0	0	0	0	0	0	0	0	0	0	0	0	0	
343432	Putamen_L	4006	0	29168	910	2644	0	9302	0	0	0	4286	260	3202	102	1292	0	1788	210	19440	676	2910	3086	5134	238	554	148	1498	1152	22302	290	12018	2724	694	0	510	536	9688	536	1600	0	998	0	0	0	0	0	0	0	0	0	0	0	0	0	2208	0	290	0	0	0	0	0	0	0	0	0	0	0	0	0	12614	2364	0	378	4920	0	2266	0	554	0	960	0	718	0	0	0	0	0	542	0	0	0	0	0	0	0	0	0	0	0	0	0	0	0	0	0	0	0	0	0	0	0	0	0	0	0	
298412	Putamen_R	0	1492	586	16086	0	296	122	9338	0	152	0	8948	0	4494	0	5446	0	1942	754	5840	192	576	690	4798	0	2850	108	1168	0	18014	2348	9602	154	816	0	0	0	13924	0	5870	0	466	0	0	0	0	0	0	0	0	0	0	0	0	0	5224	0	1598	0	0	0	0	0	526	0	0	0	0	0	122	1110	17162	378	0	0	3112	0	1152	0	0	0	0	0	682	0	0	0	0	0	966	0	0	0	0	0	0	0	102	0	0	0	0	0	0	0	0	0	0	0	0	0	0	0	0	0	0	
36144	Pallidum_L	908	146	4078	0	0	0	918	0	0	0	0	0	0	0	0	0	0	0	3236	248	0	0	0	0	0	0	0	0	0	0	0	0	0	138	0	0	404	0	0	0	0	0	0	0	0	0	0	0	0	0	0	0	0	0	0	0	0	0	0	0	0	0	0	0	0	0	0	0	0	246	1076	0	4920	0	0	0	1754	0	0	0	0	0	0	0	0	0	0	0	0	0	0	0	0	0	0	0	0	0	0	0	0	0	0	0	0	0	0	0	0	0	0	0	0	0	0	0	
27944	Pallidum_R	0	0	0	2558	0	0	0	218	0	0	0	216	0	0	0	0	0	0	180	2706	0	0	0	0	0	0	0	0	0	298	0	0	0	130	0	0	0	1694	0	1064	0	0	0	0	0	0	0	0	0	0	0	0	0	0	0	768	0	0	0	0	0	0	0	0	0	0	0	0	0	0	0	1028	0	3112	0	0	0	0	0	0	0	0	0	0	0	0	0	0	0	0	0	0	0	0	0	0	0	0	0	0	0	0	0	0	0	0	0	0	0	0	0	0	0	0	0	0	
129096	Thalamus_L	9356	786	8558	104	0	0	12138	0	0	0	124	0	0	0	0	0	0	0	3360	1446	0	0	158	0	0	0	0	0	830	0	162	0	0	760	1336	3026	3090	2550	192	1308	0	0	0	0	0	0	0	0	0	0	0	0	0	0	0	0	400	112	0	0	0	0	0	0	0	0	0	1130	640	1386	5462	132	2266	0	1754	0	0	1982	0	0	0	0	0	0	0	0	0	0	0	0	0	0	0	0	0	0	0	0	0	0	0	0	0	0	0	0	0	0	0	0	0	0	0	0	0	0	
111960	Thalamus_R	520	3080	704	8186	0	0	346	1052	0	0	0	342	0	316	0	104	0	0	1076	13450	0	0	0	0	0	0	0	0	0	422	0	0	0	1200	0	854	276	3546	0	1930	0	0	0	0	0	0	0	0	0	0	0	0	0	0	0	594	0	114	0	0	0	0	0	0	0	0	0	142	754	1878	212	11748	0	1152	0	0	1982	0	0	0	0	0	0	0	0	0	0	0	0	0	0	0	0	0	0	0	0	0	0	0	0	0	0	0	0	0	0	0	0	0	0	0	0	0	0	0	
66548	Heschl_L	2830	0	0	0	0	0	242	0	0	0	0	0	0	0	0	0	3626	0	0	0	0	0	0	0	0	0	0	0	7154	0	0	0	0	0	0	0	2020	0	0	0	0	0	0	0	0	0	0	0	0	0	1670	0	988	0	1818	0	1840	0	0	0	334	0	330	0	286	0	0	0	0	0	0	0	554	0	0	0	0	0	0	0	2238	0	0	0	3696	0	0	0	3648	0	0	0	0	0	0	0	0	0	0	0	0	0	0	0	0	0	0	0	0	0	0	0	0	0	0	0	
25412	Heschl_R	0	142	0	0	0	0	0	0	0	0	0	0	0	0	0	0	0	2506	0	0	0	0	0	0	0	0	0	0	0	2496	0	0	0	0	0	0	0	250	0	0	0	0	0	0	0	0	0	0	0	0	0	0	0	0	0	0	0	372	0	0	0	0	0	250	0	0	0	0	0	0	0	0	0	0	0	0	0	0	0	0	0	3928	0	0	0	1454	0	0	0	1308	0	0	0	0	0	0	0	0	0	0	0	0	0	0	0	0	0	0	0	0	0	0	0	0	0	0	
146616	Temporal_Sup_L	810	0	756	0	0	0	216	0	0	0	1358	0	212	0	0	0	5624	0	590	0	0	0	0	0	0	0	0	0	7662	0	0	0	0	0	0	0	2448	0	194	0	0	0	116	0	0	0	0	0	0	0	2384	0	514	0	1000	0	1752	0	300	0	716	0	5374	0	2866	0	116	0	0	0	0	0	960	0	0	0	0	0	2238	0	0	0	4006	0	21494	0	154	0	9448	0	0	0	0	0	0	0	0	0	0	0	0	0	0	0	0	0	0	0	0	0	0	0	0	0	0	0	
110244	Temporal_Sup_R	0	122	0	0	0	0	0	0	0	0	0	0	0	0	0	876	0	3478	0	0	0	0	0	0	0	0	0	0	0	7764	0	0	0	0	0	100	0	856	0	0	0	0	0	0	0	0	0	0	0	0	0	98	0	0	0	1968	0	868	0	0	0	142	0	4574	0	2800	0	146	0	0	0	0	0	0	0	0	0	0	0	3928	0	0	0	4196	0	15240	0	924	0	7042	0	0	0	0	0	0	0	0	0	0	0	0	0	0	0	0	0	0	0	0	0	0	0	0	0	0	
65036	Temporal_Pole_Sup_L	0	0	448	0	0	0	450	0	0	0	1232	0	928	0	1006	0	528	0	140	0	150	0	112	0	0	0	0	0	2856	0	136	0	0	0	0	0	216	0	244	0	152	0	0	0	0	0	0	0	0	0	0	0	0	0	2072	0	0	0	0	0	0	0	0	0	0	0	0	0	0	0	150	0	718	0	0	0	0	0	0	0	4006	0	0	0	5328	0	2764	0	8882	0	0	0	0	0	0	0	0	0	0	0	0	0	0	0	0	0	0	0	0	0	0	0	0	0	0	0	
74980	Temporal_Pole_Sup_R	0	0	0	94	0	0	0	136	0	0	0	194	0	0	0	2836	0	384	0	0	0	108	0	0	0	0	0	0	0	2978	0	0	0	0	0	0	0	1524	0	3666	0	3362	0	0	0	0	0	0	0	0	0	0	0	0	0	5772	0	0	0	0	0	0	0	0	0	0	0	0	0	0	0	0	0	682	0	0	0	0	0	0	0	4196	0	0	0	3170	0	5362	0	3026	0	0	0	0	0	0	0	0	0	0	0	0	0	0	0	0	0	0	0	0	0	0	0	0	0	0	
264124	Temporal_Mid_L	1138	0	0	0	0	0	0	0	0	0	0	0	0	0	0	0	2678	0	0	0	0	0	0	0	0	0	0	0	3978	0	0	0	0	0	0	0	884	0	192	0	0	0	2460	0	1586	0	718	0	198	0	22024	0	4834	0	4116	0	904	0	388	0	1396	0	7214	0	12644	0	2388	0	0	0	0	0	0	0	0	0	0	0	3696	0	21494	0	5328	0	0	0	1978	0	29826	0	0	0	0	0	0	0	0	0	0	0	0	0	0	0	0	0	0	0	0	0	0	0	0	0	0	0	
176152	Temporal_Mid_R	0	794	0	0	0	0	0	0	0	0	0	172	0	0	0	0	0	622	0	784	0	0	0	0	0	0	0	0	0	2452	0	0	0	1082	0	2148	0	770	0	174	0	158	0	1348	0	490	0	640	0	1002	0	12102	0	1050	0	2392	0	1688	0	204	0	988	0	5024	0	5536	0	2588	0	1172	0	0	0	0	0	0	0	0	0	1454	0	15240	0	3170	0	0	0	1788	0	21044	0	0	0	0	0	0	0	0	0	0	0	0	0	0	0	0	0	0	0	0	0	0	0	0	0	0	
17780	Temporal_Pole_Mid_L	0	0	0	0	0	0	0	0	0	0	0	0	0	0	0	0	0	0	0	0	0	0	0	0	0	0	0	0	0	0	0	0	0	0	0	0	0	0	0	0	0	0	0	0	0	0	0	0	0	0	0	0	0	0	1382	0	0	0	0	0	0	0	0	0	0	0	0	0	0	0	0	0	0	0	0	0	0	0	0	0	154	0	2764	0	1978	0	0	0	2612	0	0	0	0	0	0	0	0	0	0	0	0	0	0	0	0	0	0	0	0	0	0	0	0	0	0	0	
28752	Temporal_Pole_Mid_R	0	0	0	0	0	0	0	0	0	0	0	0	0	0	0	0	0	0	0	0	0	0	0	0	0	0	0	0	0	0	0	0	0	0	0	0	0	168	0	1572	0	1226	0	0	0	0	0	0	0	0	0	0	0	0	0	1962	0	0	0	0	0	0	0	0	0	0	0	0	0	0	0	0	0	0	0	0	0	0	0	0	0	924	0	5362	0	1788	0	0	0	1374	0	0	0	0	0	0	0	0	0	0	0	0	0	0	0	0	0	0	0	0	0	0	0	0	0	0	
230436	Temporal_Inf_L	830	0	0	0	0	0	0	0	0	0	0	0	0	0	0	0	1588	0	0	0	0	0	0	0	0	0	0	0	4396	0	0	0	0	0	0	0	6422	0	1992	0	792	0	1470	0	742	0	2104	0	0	0	8900	0	6424	0	15550	0	666	0	106	0	372	0	1778	0	1600	0	1340	0	0	0	0	0	542	0	0	0	0	0	3648	0	9448	0	8882	0	29826	0	2612	0	0	0	1746	0	0	0	0	0	116	0	1078	0	130	0	118	0	0	0	0	0	0	0	0	0	0	0	0	0	
177272	Temporal_Inf_R	0	1238	0	0	0	0	0	0	0	0	0	302	0	0	0	0	0	704	0	250	0	0	0	0	0	0	0	0	0	4510	0	0	0	448	104	1756	0	3690	0	2394	0	838	0	1402	0	168	0	1984	0	402	0	1854	0	6734	0	13282	0	1496	0	0	0	1088	0	5212	0	1872	0	1642	0	382	0	0	0	966	0	0	0	0	0	1308	0	7042	0	3026	0	21044	0	1374	0	0	0	124	0	0	0	0	0	0	0	0	0	0	0	0	0	0	0	0	0	0	0	0	0	0	0	0	
337960	Cerebelum_Crus1_L	0	0	0	0	0	0	0	0	0	0	0	0	0	0	0	0	0	0	0	0	0	0	0	0	0	0	0	0	0	0	0	0	0	0	0	0	98	0	388	0	0	0	212	0	282	0	2058	2392	220	0	824	0	1118	312	14160	680	0	0	0	0	0	0	0	0	0	0	0	0	0	0	0	0	0	0	0	0	0	0	0	0	0	0	0	0	0	0	0	0	1746	0	0	3532	17836	3754	912	324	14526	2070	42978	5156	11028	1754	12178	1520	5736	208	642	0	254	888	4058	7654	6116	398	750	218	
340560	Cerebelum_Crus1_R	0	0	0	0	0	0	0	0	0	0	0	0	0	0	0	0	0	0	0	0	0	0	0	0	0	0	0	0	0	0	0	0	0	0	0	0	0	0	0	98	0	0	0	376	0	0	538	1748	0	0	0	0	0	840	386	7420	0	0	0	0	0	0	0	0	0	0	0	0	0	0	0	0	0	0	0	0	0	0	0	0	0	0	0	0	0	0	0	0	0	124	3532	0	570	19800	104	4414	2172	19548	5172	48208	0	3668	716	13218	426	1784	0	352	634	3164	7116	10958	9076	1718	1992	408	
240164	Cerebelum_Crus2_L	0	0	0	0	0	0	0	0	0	0	0	0	0	0	0	0	0	0	0	0	0	0	0	0	0	0	0	0	0	0	0	0	0	0	0	0	0	0	0	0	0	0	0	0	0	0	0	0	0	0	0	0	0	0	0	0	0	0	0	0	0	0	0	0	0	0	0	0	0	0	0	0	0	0	0	0	0	0	0	0	0	0	0	0	0	0	0	0	0	0	17836	570	0	10558	0	0	0	0	2218	390	27948	9532	22266	7000	8234	0	92	0	0	0	0	1196	9390	2852	0	0	
259084	Cerebelum_Crus2_R	0	0	0	0	0	0	0	0	0	0	0	0	0	0	0	0	0	0	0	0	0	0	0	0	0	0	0	0	0	0	0	0	0	0	0	0	0	0	0	0	0	0	0	0	0	0	0	0	0	0	0	0	0	0	0	0	0	0	0	0	0	0	0	0	0	0	0	0	0	0	0	0	0	0	0	0	0	0	0	0	0	0	0	0	0	0	0	0	0	0	3754	19800	10558	0	0	0	0	0	2354	5660	5314	24722	5358	28934	616	5762	0	114	0	0	0	2068	11646	2048	834	0	
25876	Cerebelum_3_L	0	0	0	0	0	0	0	0	0	0	0	0	0	0	0	0	0	0	0	0	0	0	0	0	0	0	0	0	0	0	0	0	0	0	0	0	0	0	712	0	0	0	0	0	0	0	0	298	0	0	0	0	0	0	322	0	0	0	0	0	0	0	0	0	0	0	0	0	0	0	0	0	0	0	0	0	0	0	0	0	0	0	0	0	0	0	0	0	0	0	912	104	0	0	0	104	4694	594	1734	306	0	0	0	0	172	0	0	0	742	1444	800	0	0	0	0	0	
58564	Cerebelum_3_R	0	0	0	0	0	0	0	0	0	0	0	0	0	0	0	0	0	0	0	0	0	0	0	0	0	0	0	0	0	0	0	0	0	0	0	0	0	0	0	0	0	0	0	0	0	0	0	134	0	0	0	0	0	0	156	1132	0	0	0	0	0	0	0	0	0	0	0	0	0	0	0	0	0	0	0	0	0	0	0	0	0	0	0	0	0	0	0	0	0	0	324	4414	0	0	104	0	1066	6812	486	7392	0	0	0	98	94	606	0	0	1088	2716	1532	422	144	0	308	254	
311888	Cerebelum_4_5_L	0	0	0	0	0	0	0	0	0	0	0	0	0	0	0	0	0	0	0	0	0	0	0	0	0	0	0	0	0	0	0	0	0	0	0	0	196	0	748	0	0	0	0	0	0	0	7534	9918	0	0	114	0	214	154	13920	1198	0	0	0	0	0	0	0	0	0	0	0	0	0	0	0	0	0	0	0	0	0	0	0	0	0	0	0	0	0	0	0	0	116	0	14526	2172	0	0	4694	1066	0	13598	31088	5282	328	0	228	110	7140	2400	816	302	1388	2956	24366	3988	174	0	2778	2432	
293208	Cerebelum_4_5_R	0	0	0	0	0	0	0	0	0	0	0	0	0	0	0	0	0	0	0	0	0	0	0	0	0	0	0	0	0	0	0	0	0	0	0	0	0	510	0	1128	0	0	0	144	0	124	2386	11722	0	124	0	0	0	274	2290	8964	0	0	0	0	0	0	0	0	0	0	0	106	0	0	0	0	0	102	0	0	0	0	0	0	0	0	0	0	0	0	0	0	0	0	2070	19548	0	0	594	6812	13598	0	7754	29316	278	0	220	120	3996	630	676	0	1040	4722	23038	2440	338	104	968	468	
405504	Cerebelum_6_L	0	0	0	0	0	0	0	0	0	0	0	0	0	0	0	0	0	0	0	0	0	0	0	0	0	0	0	0	0	0	0	0	0	0	0	0	0	0	448	0	0	0	0	134	0	132	5064	9574	0	132	314	0	706	770	21298	1834	0	0	0	0	0	0	0	0	0	0	0	0	0	0	0	0	0	0	0	0	0	0	0	0	0	0	0	0	0	0	0	0	1078	0	42978	5172	2218	2354	1734	486	31088	7754	0	8794	3882	828	5992	1516	5654	756	878	0	374	1350	13798	15058	5840	464	1880	420	
398144	Cerebelum_6_R	0	0	0	0	0	0	0	0	0	0	0	0	0	0	0	0	0	0	0	0	0	0	0	0	0	0	0	0	0	0	0	0	0	0	0	0	0	0	0	100	0	0	0	510	0	142	1146	5494	0	208	0	0	0	1616	874	12208	0	0	0	0	0	0	0	0	0	0	0	0	0	0	0	0	0	0	0	0	0	0	0	0	0	0	0	0	0	0	0	0	0	0	5156	48208	390	5660	306	7392	5282	29316	8794	0	0	594	774	7096	1510	3212	0	954	1260	5186	13282	16884	8754	2028	4118	618	
205108	Cerebelum_7b_L	0	0	0	0	0	0	0	0	0	0	0	0	0	0	0	0	0	0	0	0	0	0	0	0	0	0	0	0	0	0	0	0	0	0	0	0	0	0	0	0	0	0	0	0	0	0	0	274	0	0	0	0	0	0	0	0	0	0	0	0	0	0	0	0	0	0	0	0	0	0	0	0	0	0	0	0	0	0	0	0	0	0	0	0	0	0	0	0	130	0	11028	0	27948	5314	0	0	328	278	3882	0	0	6210	23610	5918	7992	0	330	0	0	0	326	458	5180	3348	0	0	
197716	Cerebelum_7b_R	0	0	0	0	0	0	0	0	0	0	0	0	0	0	0	0	0	0	0	0	0	0	0	0	0	0	0	0	0	0	0	0	0	0	0	0	0	0	0	0	0	0	0	0	0	0	0	0	0	0	0	0	0	0	0	0	0	0	0	0	0	0	0	0	0	0	0	0	0	0	0	0	0	0	0	0	0	0	0	0	0	0	0	0	0	0	0	0	0	0	1754	3668	9532	24722	0	0	0	0	828	594	6210	0	5998	24602	308	6932	0	0	0	0	0	562	8196	4228	724	0	
259348	Cerebelum_8_L	0	0	0	0	0	0	0	0	0	0	0	0	0	0	0	0	0	0	0	0	0	0	0	0	0	0	0	0	0	0	0	0	0	0	0	0	0	0	0	0	0	0	0	0	0	0	0	252	0	0	0	0	0	0	0	0	0	0	0	0	0	0	0	0	0	0	0	0	0	0	0	0	0	0	0	0	0	0	0	0	0	0	0	0	0	0	0	0	118	0	12178	716	22266	5358	0	0	228	220	5992	774	23610	5998	0	8364	19242	1944	1608	0	0	0	276	2926	7344	7398	2862	0	
281584	Cerebelum_8_R	0	0	0	0	0	0	0	0	0	0	0	0	0	0	0	0	0	0	0	0	0	0	0	0	0	0	0	0	0	0	0	0	0	0	0	0	0	0	0	0	0	0	0	0	0	0	0	0	0	0	0	0	0	0	0	0	0	0	0	0	0	0	0	0	0	0	0	0	0	0	0	0	0	0	0	0	0	0	0	0	0	0	0	0	0	0	0	0	0	0	1520	13218	7000	28934	0	98	110	120	1516	7096	5918	24602	8364	0	1096	16028	0	430	0	0	134	2672	9604	7784	4302	246	
189296	Cerebelum_9_L	0	0	0	0	0	0	0	0	0	0	0	0	0	0	0	0	0	0	0	0	0	0	0	0	0	0	0	0	0	0	0	0	0	0	0	0	0	0	0	0	0	0	0	0	0	0	472	3558	0	0	0	0	0	104	0	552	0	0	0	0	0	0	0	0	0	0	0	0	0	0	0	0	0	0	0	0	0	0	0	0	0	0	0	0	0	0	0	0	0	0	5736	426	8234	616	172	94	7140	3996	5654	1510	7992	308	19242	1096	0	3536	3226	298	100	0	6252	3822	1586	2024	5856	1046	
144732	Cerebelum_9_R	0	0	0	0	0	0	0	0	0	0	0	0	0	0	0	0	0	0	0	0	0	0	0	0	0	0	0	0	0	0	0	0	0	0	0	0	0	0	0	0	0	0	0	0	0	0	190	198	0	0	0	0	0	0	0	0	0	0	0	0	0	0	0	0	0	0	0	0	0	0	0	0	0	0	0	0	0	0	0	0	0	0	0	0	0	0	0	0	0	0	208	1784	0	5762	0	606	2400	630	756	3212	0	6932	1944	16028	3536	0	0	1896	596	138	3106	4970	2382	2910	9434	2748	
19988	Cerebelum_10_L	0	0	0	0	0	0	0	0	0	0	0	0	0	0	0	0	0	0	0	0	0	0	0	0	0	0	0	0	0	0	0	0	0	0	0	0	0	0	0	0	0	0	0	0	0	0	0	666	0	0	0	0	0	0	0	0	0	0	0	0	0	0	0	0	0	0	0	0	0	0	0	0	0	0	0	0	0	0	0	0	0	0	0	0	0	0	0	0	0	0	642	0	92	0	0	0	816	676	878	0	330	0	1608	0	3226	0	0	0	0	0	852	208	0	0	0	0	
13836	Cerebelum_10_R	0	0	0	0	0	0	0	0	0	0	0	0	0	0	0	0	0	0	0	0	0	0	0	0	0	0	0	0	0	0	0	0	0	0	0	0	0	0	0	0	0	0	0	0	0	0	0	0	0	0	0	0	0	0	0	0	0	0	0	0	0	0	0	0	0	0	0	0	0	0	0	0	0	0	0	0	0	0	0	0	0	0	0	0	0	0	0	0	0	0	0	352	0	114	0	0	302	0	0	954	0	0	0	430	298	1896	0	0	0	0	214	878	282	216	844	138	
29784	Vermis_1_2	0	0	0	0	0	0	0	0	0	0	0	0	0	0	0	0	0	0	0	0	0	0	0	0	0	0	0	0	0	0	0	0	0	0	0	0	0	0	0	0	0	0	0	0	0	0	0	0	0	0	0	0	0	0	148	0	0	0	0	0	0	0	0	0	0	0	0	0	0	0	0	0	0	0	0	0	0	0	0	0	0	0	0	0	0	0	0	0	0	0	254	634	0	0	742	1088	1388	1040	374	1260	0	0	0	0	100	596	0	0	0	4270	1712	510	140	0	300	336	
62828	Vermis_3	0	0	0	0	0	0	0	0	0	0	0	0	0	0	0	0	0	0	0	0	0	0	0	0	0	0	0	0	0	0	0	0	0	0	0	0	0	0	0	0	0	0	0	0	0	0	0	104	0	0	0	0	0	0	524	152	0	0	0	0	0	0	0	0	0	0	0	0	0	0	0	0	0	0	0	0	0	0	0	0	0	0	0	0	0	0	0	0	0	0	888	3164	0	0	1444	2716	2956	4722	1350	5186	0	0	0	0	0	138	0	0	4270	0	3668	132	0	0	0	0	
300532	Vermis_4_5	0	0	0	0	0	0	0	0	0	0	0	0	0	0	0	0	0	0	0	0	0	0	0	0	0	0	0	0	0	0	0	0	0	0	132	280	142	0	0	208	0	0	0	490	0	180	6530	14344	0	176	120	0	132	460	4488	4358	0	0	0	0	0	0	0	0	0	0	0	642	0	0	0	0	0	0	0	0	0	0	0	0	0	0	0	0	0	0	0	0	0	0	4058	7116	0	0	800	1532	24366	23038	13798	13282	326	0	276	134	6252	3106	852	214	1712	3668	0	6556	388	0	2686	3424	
237376	Vermis_6	0	0	0	0	0	0	0	0	0	0	0	0	0	0	0	0	0	0	0	0	0	0	0	0	0	0	0	0	0	0	0	0	0	0	0	0	0	0	0	0	0	0	0	156	0	150	1014	6290	0	154	0	0	0	1338	830	2692	0	0	0	0	0	0	0	0	0	0	0	0	0	0	0	0	0	0	0	0	0	0	0	0	0	0	0	0	0	0	0	0	0	0	7654	10958	1196	2068	0	422	3988	2440	15058	16884	458	562	2926	2672	3822	4970	208	878	510	132	6556	0	9246	2718	7608	2130	
212656	Vermis_7	0	0	0	0	0	0	0	0	0	0	0	0	0	0	0	0	0	0	0	0	0	0	0	0	0	0	0	0	0	0	0	0	0	0	0	0	0	0	0	0	0	0	0	0	0	0	0	576	0	0	0	0	0	294	0	420	0	0	0	0	0	0	0	0	0	0	0	0	0	0	0	0	0	0	0	0	0	0	0	0	0	0	0	0	0	0	0	0	0	0	6116	9076	9390	11646	0	144	174	338	5840	8754	5180	8196	7344	9604	1586	2382	0	282	140	0	388	9246	0	5596	3304	312	
100188	Vermis_8	0	0	0	0	0	0	0	0	0	0	0	0	0	0	0	0	0	0	0	0	0	0	0	0	0	0	0	0	0	0	0	0	0	0	0	0	0	0	0	0	0	0	0	0	0	0	0	0	0	0	0	0	0	0	0	0	0	0	0	0	0	0	0	0	0	0	0	0	0	0	0	0	0	0	0	0	0	0	0	0	0	0	0	0	0	0	0	0	0	0	398	1718	2852	2048	0	0	0	104	464	2028	3348	4228	7398	7784	2024	2910	0	216	0	0	0	2718	5596	0	4128	132	
117152	Vermis_9	0	0	0	0	0	0	0	0	0	0	0	0	0	0	0	0	0	0	0	0	0	0	0	0	0	0	0	0	0	0	0	0	0	0	0	0	0	0	0	0	0	0	0	0	0	0	0	566	0	0	0	0	0	0	0	116	0	0	0	0	0	0	0	0	0	0	0	0	0	0	0	0	0	0	0	0	0	0	0	0	0	0	0	0	0	0	0	0	0	0	750	1992	0	834	0	308	2778	968	1880	4118	0	724	2862	4302	5856	9434	0	844	300	0	2686	7608	3304	4128	0	2218	
