data	data	544040	231076	1.02604e+06	686696	171652	103096	442180	205800	84596	33996	174604	173792	229128	147704	161160	108820	191560	100476	801808	679416	39988	46440	336944	345880	42040	93496	55516	58844	461812	270952	310484	452500	177908	558756	94708	130444	164564	237008	40196	176404	18456	57928	263076	338692	211056	270352	303528	261324	216872	335616	533220	290600	203936	93036	331880	308984	300404	250832	138768	124440	199728	88616	68820	87780	138748	77352	272708	406472	334576	129040	204604	324068	302688	301196	82404	25644	193324	141608	68620	32776	138408	116492	77372	75668	243276	187924	29980	25112	220144	125160	462872	425144	292848	290236	26012	47336	321928	254812	470532	424140	263324	144328	298552	299988	133684	116836	27252	13180	29192	58124	308016	216708	207056	101048	81504	29652	
data	data	Precentral_L	Precentral_R	Frontal_Sup_L	Frontal_Sup_R	Frontal_Sup_Orb_L	Frontal_Sup_Orb_R	Frontal_Mid_L	Frontal_Mid_R	Frontal_Mid_Orb_L	Frontal_Mid_Orb_R	Frontal_Inf_Oper_L	Frontal_Inf_Oper_R	Frontal_Inf_Tri_L	Frontal_Inf_Tri_R	Frontal_Inf_Orb_L	Frontal_Inf_Orb_R	Rolandic_Oper_L	Rolandic_Oper_R	Supp_Motor_Area_L	Supp_Motor_Area_R	Olfactory_L	Olfactory_R	Frontal_Sup_Medial_L	Frontal_Sup_Medial_R	Frontal_Med_Orb_L	Frontal_Med_Orb_R	Rectus_L	Rectus_R	Insula_L	Insula_R	Cingulum_Ant_L	Cingulum_Ant_R	Cingulum_Mid_L	Cingulum_Mid_R	Cingulum_Post_L	Cingulum_Post_R	Hippocampus_L	Hippocampus_R	ParaHippocampal_L	ParaHippocampal_R	Amygdala_L	Amygdala_R	Calcarine_L	Calcarine_R	Cuneus_L	Cuneus_R	Lingual_L	Lingual_R	Occipital_Sup_L	Occipital_Sup_R	Occipital_Mid_L	Occipital_Mid_R	Occipital_Inf_L	Occipital_Inf_R	Fusiform_L	Fusiform_R	Postcentral_L	Postcentral_R	Parietal_Sup_L	Parietal_Sup_R	Parietal_Inf_L	Parietal_Inf_R	SupraMarginal_L	SupraMarginal_R	Angular_L	Angular_R	Precuneus_L	Precuneus_R	Paracentral_Lobule_L	Paracentral_Lobule_R	Caudate_L	Caudate_R	Putamen_L	Putamen_R	Pallidum_L	Pallidum_R	Thalamus_L	Thalamus_R	Heschl_L	Heschl_R	Temporal_Sup_L	Temporal_Sup_R	Temporal_Pole_Sup_L	Temporal_Pole_Sup_R	Temporal_Mid_L	Temporal_Mid_R	Temporal_Pole_Mid_L	Temporal_Pole_Mid_R	Temporal_Inf_L	Temporal_Inf_R	Cerebelum_Crus1_L	Cerebelum_Crus1_R	Cerebelum_Crus2_L	Cerebelum_Crus2_R	Cerebelum_3_L	Cerebelum_3_R	Cerebelum_4_5_L	Cerebelum_4_5_R	Cerebelum_6_L	Cerebelum_6_R	Cerebelum_7b_L	Cerebelum_7b_R	Cerebelum_8_L	Cerebelum_8_R	Cerebelum_9_L	Cerebelum_9_R	Cerebelum_10_L	Cerebelum_10_R	Vermis_1_2	Vermis_3	Vermis_4_5	Vermis_6	Vermis_7	Vermis_8	Vermis_9	Vermis_10	
544040	Precentral_L	0	1872	34050	1572	0	0	16306	0	0	0	12206	0	1910	0	0	0	10314	0	24908	4744	0	0	0	0	0	0	0	0	11830	190	0	0	640	2088	2226	1860	5198	1502	252	416	0	0	0	0	306	0	0	0	0	0	2164	0	566	0	442	0	38508	0	680	0	7122	0	1450	0	1182	0	326	0	32546	260	3194	0	6916	262	4268	0	27794	1022	3400	0	1966	0	170	0	2168	0	0	0	1224	0	0	0	0	0	0	0	0	0	0	0	0	0	0	0	0	0	0	0	0	0	0	0	0	0	0	0	
231076	Precentral_R	1872	0	626	10876	0	0	0	2980	0	0	0	4510	0	0	0	0	0	1254	2206	5136	0	0	0	0	0	0	0	0	0	2204	0	0	104	3410	350	688	0	6952	0	756	0	0	0	950	0	736	0	342	0	1938	0	1606	0	0	0	604	0	26738	0	2204	0	1132	0	2668	0	0	170	4390	3066	6572	0	2134	0	3784	0	710	882	8976	0	0	0	660	0	0	0	818	0	0	0	0	0	0	0	0	0	222	0	312	0	0	0	0	0	0	0	0	0	0	0	0	0	0	0	0	0	0	
1.02604e+06	Frontal_Sup_L	34050	626	0	13216	14620	180	69282	184	4806	0	6512	558	17400	254	10644	510	7888	508	93000	17414	134	0	37482	4908	1264	168	1866	0	29902	864	17666	6146	9250	6282	128	180	3572	136	258	0	0	0	0	0	0	0	0	0	0	0	108	0	0	0	106	0	4556	304	236	0	726	0	0	180	0	0	0	0	19338	0	14764	2102	29094	776	10222	0	16290	0	478	0	1188	0	560	134	0	0	0	0	0	0	0	0	0	0	0	0	0	0	0	0	0	0	0	0	0	0	0	0	0	0	0	0	0	0	0	0	
686696	Frontal_Sup_R	1572	10876	13216	0	172	5490	1268	26948	0	222	0	11894	134	9790	0	3382	150	5712	17868	50586	0	0	9022	39368	258	4208	0	498	182	15980	6982	28924	1466	22128	0	0	0	1780	0	232	0	0	0	0	0	0	0	0	0	0	0	0	0	0	0	152	0	934	0	0	0	0	0	0	0	0	0	0	3474	0	3066	20404	1318	17092	0	1834	278	3338	0	0	0	388	0	762	0	0	0	0	0	0	0	0	0	0	0	0	0	0	0	0	0	0	0	0	0	0	0	0	0	0	0	0	0	0	0	0	
171652	Frontal_Sup_Orb_L	0	0	14620	172	0	0	6922	0	11930	0	0	0	1692	0	9090	0	0	0	1140	0	1414	0	6444	106	4176	202	8368	0	4650	0	3856	320	826	112	0	0	0	0	238	0	364	0	0	0	0	0	0	0	0	0	0	0	0	0	0	0	0	0	0	0	0	0	0	0	0	0	0	0	0	0	2018	120	6664	0	0	0	0	0	0	0	0	0	382	0	0	0	0	0	0	0	0	0	0	0	0	0	0	0	0	0	0	0	0	0	0	0	0	0	0	0	0	0	0	0	0	0	
103096	Frontal_Sup_Orb_R	0	0	180	5490	0	0	0	664	0	4558	0	0	0	0	0	3100	0	0	160	170	0	886	822	5318	100	8386	0	8398	0	484	902	5232	0	444	0	0	0	0	0	0	0	320	0	0	0	0	0	0	0	0	0	0	0	0	0	0	0	0	0	0	0	0	0	0	0	0	0	0	0	0	0	3454	0	2480	0	0	0	0	0	0	0	0	0	0	0	0	0	0	0	0	0	0	0	0	0	0	0	0	0	0	0	0	0	0	0	0	0	0	0	0	0	0	0	0	0	0	
442180	Frontal_Mid_L	16306	0	69282	1268	6922	0	0	0	4160	0	12872	0	24260	0	10382	0	5940	0	12170	596	0	0	11294	1134	98	0	596	0	16860	0	4504	1562	5168	1268	0	0	592	0	0	0	0	0	0	0	0	0	0	0	0	0	0	0	0	0	0	0	2138	0	0	0	182	0	152	0	142	0	0	0	0	0	1470	256	5256	0	1670	0	310	0	386	0	1444	0	450	0	0	0	0	0	0	0	0	0	0	0	0	0	0	0	0	0	0	0	0	0	0	0	0	0	0	0	0	0	0	0	0	0	
205800	Frontal_Mid_R	0	2980	184	26948	0	664	0	0	0	1192	0	7320	0	17956	0	2462	0	224	2008	3850	0	0	592	5866	0	0	0	0	0	4514	466	5122	0	3342	0	0	0	1108	0	348	0	0	0	0	0	0	0	0	0	0	0	0	0	0	0	114	0	234	0	0	0	0	0	0	0	0	0	0	0	0	0	2688	0	8642	0	698	0	1858	0	0	0	1520	0	0	0	0	0	0	0	0	0	0	0	0	0	0	0	0	0	0	0	0	0	0	0	0	0	0	0	0	0	0	0	0	0	0	
84596	Frontal_Mid_Orb_L	0	0	4806	0	11930	0	4160	0	0	0	0	0	1144	0	10578	0	0	0	230	0	188	0	1144	0	228	0	1698	0	2874	0	376	0	182	0	0	0	0	0	0	0	0	0	0	0	0	0	0	0	0	0	0	0	0	0	0	0	0	0	0	0	0	0	0	0	0	0	0	0	0	0	630	0	1896	0	0	0	0	0	0	0	0	0	234	0	0	0	0	0	0	0	0	0	0	0	0	0	0	0	0	0	0	0	0	0	0	0	0	0	0	0	0	0	0	0	0	0	
33996	Frontal_Mid_Orb_R	0	0	0	222	0	4558	0	1192	0	0	0	0	0	240	0	6396	0	0	182	206	0	114	0	0	0	0	0	868	0	608	0	236	0	216	0	0	0	0	0	0	0	0	0	0	0	0	0	0	0	0	0	0	0	0	0	0	0	0	0	0	0	0	0	0	0	0	0	0	0	0	0	762	0	1198	0	0	0	0	0	0	0	0	0	0	0	0	0	0	0	0	0	0	0	0	0	0	0	0	0	0	0	0	0	0	0	0	0	0	0	0	0	0	0	0	0	0	
174604	Frontal_Inf_Oper_L	12206	0	6512	0	0	0	12872	0	0	0	0	0	9192	0	0	0	11772	0	5014	100	0	0	0	0	0	0	0	0	19886	0	0	0	0	0	0	0	262	0	0	0	0	0	0	0	0	0	0	0	0	0	134	0	0	0	0	0	2484	0	0	0	334	0	348	0	304	0	0	0	0	0	0	0	464	0	0	0	0	0	1844	0	2120	0	1454	0	0	0	0	0	0	0	0	0	0	0	0	0	0	0	0	0	0	0	0	0	0	0	0	0	0	0	0	0	0	0	0	0	
173792	Frontal_Inf_Oper_R	0	4510	558	11894	0	0	0	7320	0	0	0	0	0	10666	0	654	0	7152	1148	8224	0	0	0	844	0	0	0	0	0	14020	110	2090	0	2478	0	0	0	1218	0	144	0	0	0	0	0	0	0	0	0	0	0	0	0	0	0	0	0	1824	0	0	0	0	0	0	0	0	0	0	0	0	96	1288	0	5542	0	496	0	1550	0	0	0	1164	0	1906	0	0	0	0	0	0	0	0	0	0	0	0	0	0	0	0	0	0	0	0	0	0	0	0	0	0	0	0	0	0	0	0	
229128	Frontal_Inf_Tri_L	1910	0	17400	134	1692	0	24260	0	1144	0	9192	0	0	0	13750	0	2190	0	9074	0	0	0	1666	180	0	0	0	0	24666	0	1900	416	850	362	0	0	0	0	0	0	0	0	0	0	0	0	0	0	0	0	0	0	0	0	0	0	122	0	0	0	0	0	0	0	0	0	0	0	0	0	246	0	2638	0	0	0	0	0	0	0	392	0	380	0	0	0	0	0	0	0	0	0	0	0	0	0	0	0	0	0	0	0	0	0	0	0	0	0	0	0	0	0	0	0	0	0	
147704	Frontal_Inf_Tri_R	0	0	254	9790	0	0	0	17956	0	240	0	10666	0	0	0	5288	0	416	1404	6910	0	0	114	1582	0	0	0	0	0	5976	488	4126	0	3708	0	0	0	0	0	0	0	0	0	0	0	0	0	0	0	0	0	0	0	0	0	0	0	0	0	0	0	0	0	0	0	0	0	0	0	0	0	3074	0	1746	0	0	0	0	0	0	0	0	0	114	0	0	0	0	0	0	0	0	0	0	0	0	0	0	0	0	0	0	0	0	0	0	0	0	0	0	0	0	0	0	0	0	
161160	Frontal_Inf_Orb_L	0	0	10644	0	9090	0	10382	0	10578	0	0	0	13750	0	0	0	0	0	1976	0	1414	0	1748	98	0	0	462	0	11176	0	2056	306	948	200	0	0	240	0	190	0	360	0	0	0	0	0	0	0	0	0	0	0	0	0	0	0	0	0	0	0	0	0	0	0	0	0	0	0	0	0	256	0	3088	0	0	0	0	0	0	0	0	0	1618	0	0	0	0	0	0	0	0	0	0	0	0	0	0	0	0	0	0	0	0	0	0	0	0	0	0	0	0	0	0	0	0	0	
108820	Frontal_Inf_Orb_R	0	0	510	3382	0	3100	0	2462	0	6396	0	654	0	5288	0	0	0	0	1702	3942	0	776	0	420	0	0	0	1578	0	5702	398	2796	0	3174	0	0	0	0	0	0	0	418	0	0	0	0	0	0	0	0	0	0	0	0	0	136	0	0	0	0	0	0	0	0	0	0	0	0	0	0	270	4482	0	5438	0	0	0	0	0	0	0	264	0	1122	0	0	0	0	0	0	0	0	0	0	0	0	0	0	0	0	0	0	0	0	0	0	0	0	0	0	0	0	0	0	0	0	
191560	Rolandic_Oper_L	10314	0	7888	150	0	0	5940	0	0	0	11772	0	2190	0	0	0	0	0	5036	906	0	0	0	0	0	0	0	0	19112	0	0	0	368	506	0	0	584	0	0	0	0	0	124	0	0	0	0	0	0	0	1474	0	1182	0	716	0	6962	0	114	0	218	0	1996	0	728	0	0	0	116	0	0	0	1434	0	784	0	182	0	4968	0	6016	0	1224	0	2002	0	0	0	774	0	0	0	0	0	0	0	0	0	0	0	0	0	0	0	0	0	0	0	0	0	0	0	0	0	0	0	
100476	Rolandic_Oper_R	0	1254	508	5712	0	0	0	224	0	0	0	7152	0	416	0	0	0	0	376	4468	0	0	0	0	0	0	0	0	0	12666	0	0	0	606	0	0	0	164	0	0	0	0	0	0	0	0	0	0	0	0	0	0	0	0	0	136	0	3448	0	156	0	0	0	1454	0	0	0	0	0	0	0	302	0	3532	0	668	0	0	0	2588	0	2296	0	2112	0	0	0	0	0	0	0	0	0	0	0	0	0	0	0	0	0	0	0	0	0	0	0	0	0	0	0	0	0	0	0	0	
801808	Supp_Motor_Area_L	24908	2206	93000	17868	1140	160	12170	2008	230	182	5014	1148	9074	1404	1976	1702	5036	376	0	49344	0	0	6036	6674	0	0	114	0	21170	1078	4792	9164	10096	29032	694	1170	2434	0	120	0	0	0	0	0	0	224	0	0	0	0	116	0	0	0	0	0	3430	304	256	0	768	0	0	180	0	0	250	696	24192	340	10136	2066	15632	882	6036	0	12772	0	242	0	490	0	372	0	0	0	0	0	0	0	0	0	0	0	0	0	0	0	0	0	0	0	0	0	0	0	0	0	0	0	0	0	0	0	0	0	
679416	Supp_Motor_Area_R	4744	5136	17414	50586	0	170	596	3850	0	206	100	8224	0	6910	0	3942	906	4468	49344	0	0	0	1120	9380	0	0	0	0	976	8984	2544	12604	6036	55276	1590	3580	0	476	0	278	0	0	0	0	112	0	0	354	0	0	188	0	0	0	0	154	382	1662	104	494	0	202	0	228	0	0	98	1912	14396	6846	2192	26912	1048	4682	0	448	276	16884	0	100	0	120	0	474	0	0	0	0	0	0	0	0	0	0	0	0	0	0	0	0	0	0	0	0	0	0	0	0	0	0	0	0	0	0	0	0	
39988	Olfactory_L	0	0	134	0	1414	0	0	0	188	0	0	0	0	0	1414	0	0	0	0	0	0	1658	0	0	320	0	1264	0	1816	0	2740	766	0	0	0	0	210	0	352	0	640	0	0	0	0	0	0	0	0	0	0	0	0	0	0	0	0	0	0	0	0	0	0	0	0	0	0	0	0	0	3596	1330	1872	0	0	0	0	0	0	0	0	0	280	0	0	0	0	0	0	0	0	0	0	0	0	0	0	0	0	0	0	0	0	0	0	0	0	0	0	0	0	0	0	0	0	0	
46440	Olfactory_R	0	0	0	0	0	886	0	0	0	114	0	0	0	0	0	776	0	0	0	0	1658	0	0	0	0	878	0	1730	0	1712	1950	2206	0	0	0	0	0	178	0	0	0	1152	0	0	0	0	0	0	0	0	0	0	0	0	0	0	0	0	0	0	0	0	0	0	0	0	0	0	0	0	2940	3708	1710	924	0	0	0	0	0	0	0	0	0	698	0	0	0	0	0	0	0	0	0	0	0	0	0	0	0	0	0	0	0	0	0	0	0	0	0	0	0	0	0	0	0	0	
336944	Frontal_Sup_Medial_L	0	0	37482	9022	6444	822	11294	592	1144	0	0	0	1666	114	1748	0	0	0	6036	1120	0	0	0	20288	3126	1716	1612	0	1042	0	22326	17126	5520	11722	0	0	0	0	0	0	0	0	0	0	0	0	0	0	0	0	0	0	0	0	0	0	0	0	0	0	0	0	0	0	0	0	0	0	0	0	2798	420	3014	278	0	0	0	0	0	0	0	0	0	0	0	0	0	0	0	0	0	0	0	0	0	0	0	0	0	0	0	0	0	0	0	0	0	0	0	0	0	0	0	0	0	0	
345880	Frontal_Sup_Medial_R	0	0	4908	39368	106	5318	1134	5866	0	0	0	844	180	1582	98	420	0	0	6674	9380	0	0	20288	0	530	6992	0	580	128	1280	9034	29764	350	20678	0	0	0	0	0	0	0	0	0	0	0	0	0	0	0	0	0	0	0	0	0	0	0	0	0	0	0	0	0	0	0	0	0	0	0	0	334	3632	208	3264	0	0	0	0	0	0	0	0	0	0	0	0	0	0	0	0	0	0	0	0	0	0	0	0	0	0	0	0	0	0	0	0	0	0	0	0	0	0	0	0	0	0	
42040	Frontal_Med_Orb_L	0	0	1264	258	4176	100	98	0	228	0	0	0	0	0	0	0	0	0	0	0	320	0	3126	530	0	1374	3494	300	0	0	4202	638	0	0	0	0	0	0	0	0	0	0	0	0	0	0	0	0	0	0	0	0	0	0	0	0	0	0	0	0	0	0	0	0	0	0	0	0	0	0	374	148	390	0	0	0	0	0	0	0	0	0	0	0	0	0	0	0	0	0	0	0	0	0	0	0	0	0	0	0	0	0	0	0	0	0	0	0	0	0	0	0	0	0	0	0	
93496	Frontal_Med_Orb_R	0	0	168	4208	202	8386	0	0	0	0	0	0	0	0	0	0	0	0	0	0	0	878	1716	6992	1374	0	224	7596	0	0	2572	6948	0	0	0	0	0	0	0	0	0	0	0	0	0	0	0	0	0	0	0	0	0	0	0	0	0	0	0	0	0	0	0	0	0	0	0	0	0	0	0	3538	0	1946	0	0	0	0	0	0	0	0	0	0	0	0	0	0	0	0	0	0	0	0	0	0	0	0	0	0	0	0	0	0	0	0	0	0	0	0	0	0	0	0	0	0	
55516	Rectus_L	0	0	1866	0	8368	0	596	0	1698	0	0	0	0	0	462	0	0	0	114	0	1264	0	1612	0	3494	224	0	0	0	0	3950	744	112	0	0	0	0	0	0	0	120	0	0	0	0	0	0	0	0	0	0	0	0	0	0	0	0	0	0	0	0	0	0	0	0	0	0	0	0	0	1270	102	1762	0	0	0	0	0	0	0	0	0	0	0	0	0	0	0	0	0	0	0	0	0	0	0	0	0	0	0	0	0	0	0	0	0	0	0	0	0	0	0	0	0	0	0	
58844	Rectus_R	0	0	0	498	0	8398	0	0	0	868	0	0	0	0	0	1578	0	0	0	0	0	1730	0	580	300	7596	0	0	0	644	330	3168	0	0	0	0	0	0	0	0	0	360	0	0	0	0	0	0	0	0	0	0	0	0	0	0	0	0	0	0	0	0	0	0	0	0	0	0	0	0	0	2298	0	1074	0	0	0	0	0	0	0	0	0	0	0	0	0	0	0	0	0	0	0	0	0	0	0	0	0	0	0	0	0	0	0	0	0	0	0	0	0	0	0	0	0	0	
461812	Insula_L	11830	0	29902	182	4650	0	16860	0	2874	0	19886	0	24666	0	11176	0	19112	0	21170	976	1816	0	1042	128	0	0	0	0	0	0	584	210	1044	596	298	370	9886	292	486	150	1390	0	0	0	0	0	0	0	0	0	1460	0	754	0	1912	0	5776	0	476	0	1280	0	1214	0	1004	0	0	0	202	0	168	0	10688	0	766	0	922	0	7132	0	6324	0	5330	0	1626	0	0	0	2296	0	0	0	0	0	0	0	0	0	0	0	0	0	0	0	0	0	0	0	0	0	0	0	0	0	0	0	
270952	Insula_R	190	2204	864	15980	0	484	0	4514	0	608	0	14020	0	5976	0	5702	0	12666	1078	8984	0	1712	0	1280	0	0	0	644	0	0	126	648	0	3076	0	112	0	3880	0	1494	0	1658	0	106	0	0	0	166	0	0	0	0	0	0	0	1942	0	1706	0	0	0	0	0	132	0	0	0	126	0	0	244	1580	106	24068	0	114	194	1586	0	2050	0	5928	0	4864	0	1042	0	102	0	1520	0	0	0	0	0	0	0	0	0	0	0	0	0	0	0	0	0	0	0	0	0	0	0	0	0	0	
310484	Cingulum_Ant_L	0	0	17666	6982	3856	902	4504	466	376	0	0	110	1900	488	2056	398	0	0	4792	2544	2740	1950	22326	9034	4202	2572	3950	330	584	126	0	23188	4878	7242	0	0	0	0	0	0	0	0	0	0	0	0	0	0	0	0	0	0	0	0	0	0	0	0	0	0	0	0	0	0	0	0	0	0	0	0	12668	3618	7608	1186	0	0	0	0	0	0	0	0	0	0	0	0	0	0	0	0	0	0	0	0	0	0	0	0	0	0	0	0	0	0	0	0	0	0	0	0	0	0	0	0	0	0	
452500	Cingulum_Ant_R	0	0	6146	28924	320	5232	1562	5122	0	236	0	2090	416	4126	306	2796	0	0	9164	12604	766	2206	17126	29764	638	6948	744	3168	210	648	23188	0	3192	29822	0	0	0	0	0	0	0	0	0	0	0	0	0	0	0	0	0	0	0	0	0	0	0	0	0	0	0	0	0	0	0	0	0	0	0	0	3284	14294	1910	9298	0	0	0	0	0	0	0	0	0	0	0	0	0	0	0	0	0	0	0	0	0	0	0	0	0	0	0	0	0	0	0	0	0	0	0	0	0	0	0	0	0	0	
177908	Cingulum_Mid_L	640	104	9250	1466	826	0	5168	0	182	0	0	0	850	0	948	0	368	0	10096	6036	0	0	5520	350	0	0	112	0	1044	0	4878	3192	0	9920	3698	1560	0	0	0	0	0	0	412	0	1564	154	0	0	1998	0	3812	0	124	0	104	0	482	0	2240	0	376	0	0	0	150	0	6730	720	2944	188	312	220	0	0	0	0	0	0	0	0	0	0	0	0	216	0	0	0	0	0	0	0	0	0	0	0	0	0	0	0	0	0	0	0	0	0	0	0	0	0	0	0	0	0	0	0	
558756	Cingulum_Mid_R	2088	3410	6282	22128	112	444	1268	3342	0	216	0	2478	362	3708	200	3174	506	606	29032	55276	0	0	11722	20678	0	0	0	0	596	3076	7242	29822	9920	0	1784	10622	0	0	0	0	0	0	148	1064	164	2052	0	0	108	1072	190	668	0	0	0	420	468	2616	178	1188	0	0	0	0	0	0	2126	10182	12994	8696	200	2562	0	1156	0	0	0	0	0	0	0	0	0	318	0	714	0	0	0	0	0	0	0	0	0	0	0	0	0	0	0	0	0	0	0	0	0	0	0	0	0	0	0	0	0	0	
94708	Cingulum_Post_L	2226	350	128	0	0	0	0	0	0	0	0	0	0	0	0	0	0	0	694	1590	0	0	0	0	0	0	0	0	298	0	0	0	3698	1784	0	7836	5024	2142	576	1278	0	0	2634	0	1566	0	604	0	474	0	132	0	0	0	0	0	1286	0	0	0	0	0	0	0	0	0	5440	1192	5146	302	0	0	248	0	0	0	706	0	0	0	0	0	0	0	0	0	0	0	0	0	0	0	0	0	0	0	0	0	0	0	0	0	0	0	0	0	0	0	0	0	0	0	0	0	0	0	
130444	Cingulum_Post_R	1860	688	180	0	0	0	0	0	0	0	0	0	0	0	0	0	0	0	1170	3580	0	0	0	0	0	0	0	0	370	112	0	0	1560	10622	7836	0	3392	5562	0	3290	0	0	102	1430	256	1178	0	966	154	0	0	0	0	0	0	196	0	120	0	0	0	0	0	0	0	0	2040	12192	932	2388	0	0	282	146	0	0	1808	528	0	0	0	0	0	0	0	0	0	0	0	0	0	0	0	0	0	0	0	0	0	0	0	0	0	0	0	0	0	0	0	0	282	0	0	0	0	0	
164564	Hippocampus_L	5198	0	3572	0	0	0	592	0	0	0	262	0	0	0	240	0	584	0	2434	0	210	0	0	0	0	0	0	0	9886	0	0	0	0	0	5024	3392	0	2536	5966	1534	3698	0	2406	0	0	0	2484	134	0	0	550	0	520	0	5782	0	1704	0	0	0	0	0	0	0	0	0	2788	242	202	0	170	0	6274	0	540	0	2388	110	1676	0	1702	0	1598	0	538	0	0	0	4908	0	0	0	0	0	0	0	0	0	0	0	0	0	0	0	0	0	0	0	0	438	0	0	0	0	0	0	
237008	Hippocampus_R	1502	6952	136	1780	0	0	0	1108	0	0	0	1218	0	0	0	0	0	164	0	476	0	178	0	0	0	0	0	0	292	3880	0	0	0	0	2142	5562	2536	0	0	24000	0	8098	0	914	0	94	0	3778	0	136	0	330	0	130	0	16420	0	1824	0	208	0	124	0	272	0	192	0	3778	0	0	0	346	244	9732	0	560	2150	4512	0	584	0	1606	0	1970	0	2142	0	148	0	4170	0	0	0	0	0	616	0	1216	0	0	0	0	0	0	0	0	0	0	0	0	284	0	0	0	0	0	
40196	ParaHippocampal_L	252	0	258	0	238	0	0	0	0	0	0	0	0	0	190	0	0	0	120	0	352	0	0	0	0	0	0	0	486	0	0	0	0	0	576	0	5966	0	0	0	690	0	1426	0	0	0	2572	238	0	0	0	0	264	0	2410	0	146	0	0	0	0	0	0	0	0	0	1064	0	0	0	0	0	1162	0	0	0	0	0	0	0	0	0	222	0	0	0	94	0	460	0	0	0	0	0	0	0	270	0	0	0	0	0	0	0	0	0	0	0	130	512	0	0	0	0	0	0	
176404	ParaHippocampal_R	416	756	0	232	0	0	0	348	0	0	0	144	0	0	0	0	0	0	0	278	0	0	0	0	0	0	0	0	150	1494	0	0	0	0	1278	3290	1534	24000	0	0	0	5198	0	2376	0	0	0	6036	0	0	0	0	0	720	0	18634	0	0	0	0	0	0	0	0	0	0	0	3434	0	0	0	124	132	2886	0	498	990	2442	0	240	0	362	0	3562	0	690	0	1140	0	2010	0	0	0	0	0	656	0	1888	0	0	0	0	0	0	0	0	0	0	0	0	264	0	0	0	0	0	
18456	Amygdala_L	0	0	0	0	364	0	0	0	0	0	0	0	0	0	360	0	0	0	0	0	640	0	0	0	0	0	120	0	1390	0	0	0	0	0	0	0	3698	0	690	0	0	0	0	0	0	0	0	0	0	0	0	0	0	0	1186	0	0	0	0	0	0	0	0	0	0	0	0	0	0	0	0	0	112	0	0	0	0	0	0	0	0	0	326	0	0	0	0	0	342	0	0	0	0	0	0	0	0	0	0	0	0	0	0	0	0	0	0	0	0	0	0	0	0	0	0	0	
57928	Amygdala_R	0	0	0	0	0	320	0	0	0	0	0	0	0	0	0	418	0	0	0	0	0	1152	0	0	0	0	0	360	0	1658	0	0	0	0	0	0	0	8098	0	5198	0	0	0	0	0	0	0	0	0	0	0	0	0	0	0	4546	0	0	0	0	0	0	0	0	0	0	0	0	0	0	0	0	0	814	0	0	0	0	0	0	0	0	0	3874	0	854	0	362	0	1212	0	0	0	0	0	0	0	98	0	0	0	0	0	0	0	0	0	0	0	0	0	0	0	0	0	0	
263076	Calcarine_L	0	0	0	0	0	0	0	0	0	0	0	0	0	0	0	0	124	0	0	0	0	0	0	0	0	0	0	0	0	0	0	0	412	148	2634	102	2406	0	1426	0	0	0	0	9008	12808	3720	17310	3122	13780	2756	27848	586	6170	176	3618	0	222	0	1208	0	708	0	0	0	422	0	17724	836	120	0	0	0	0	0	0	0	0	0	0	0	0	0	0	0	1178	0	0	0	540	0	426	0	0	0	0	0	0	0	0	0	0	0	0	0	0	0	0	0	0	0	0	0	0	0	0	0	
338692	Calcarine_R	0	950	0	0	0	0	0	0	0	0	0	0	0	0	0	0	0	0	0	0	0	0	0	0	0	0	0	0	0	106	0	0	0	1064	0	1430	0	914	0	2376	0	0	9008	0	3606	24696	2824	23246	386	26802	198	18634	0	8648	0	6884	0	1490	0	728	0	0	0	0	0	0	1226	20994	0	1908	0	0	0	0	0	0	0	0	0	268	0	0	0	0	0	7920	0	0	0	1744	0	0	0	0	0	0	0	0	0	0	0	0	0	0	0	0	0	0	0	0	852	444	0	0	0	0	
211056	Cuneus_L	306	0	0	0	0	0	0	0	0	0	0	0	0	0	0	0	0	0	0	112	0	0	0	0	0	0	0	0	0	0	0	0	1564	164	1566	256	0	0	0	0	0	0	12808	3606	0	4362	2104	0	24676	1666	22302	0	1780	0	836	0	1796	0	4604	0	2568	0	114	0	1594	0	13072	1324	694	0	0	0	0	0	0	0	0	0	0	0	0	0	0	0	988	0	0	0	566	0	100	0	0	0	0	0	0	0	0	0	0	0	0	0	0	0	0	0	0	0	0	0	0	0	0	0	
270352	Cuneus_R	0	736	0	0	0	0	0	0	0	0	0	0	0	0	0	0	0	0	224	0	0	0	0	0	0	0	0	0	0	0	0	0	154	2052	0	1178	0	94	0	0	0	0	3720	24696	4362	0	326	1566	352	34794	0	12408	0	272	0	474	0	3446	0	5832	0	0	0	0	0	0	4160	28028	0	3584	0	0	0	0	0	0	0	0	0	124	0	0	0	0	0	2402	0	0	0	192	0	0	0	0	0	0	0	0	0	0	0	0	0	0	0	0	0	0	0	0	0	0	0	0	0	0	
303528	Lingual_L	0	0	0	0	0	0	0	0	0	0	0	0	0	0	0	0	0	0	0	0	0	0	0	0	0	0	0	0	0	0	0	0	0	0	604	0	2484	0	2572	0	0	0	17310	2824	2104	326	0	4376	3308	574	20076	276	14616	278	19376	764	0	0	138	0	0	0	0	0	0	0	5858	102	0	0	0	0	0	0	0	0	0	0	0	0	0	0	0	0	358	0	0	0	644	0	9922	1258	224	0	178	102	12232	1816	14390	2024	94	0	0	0	236	146	0	0	130	230	6428	2702	358	0	152	174	
261324	Lingual_R	0	342	0	0	0	0	0	0	0	0	0	0	0	0	0	0	0	0	0	354	0	0	0	0	0	0	0	0	0	166	0	0	0	0	0	966	134	3778	238	6036	0	0	3122	23246	0	1566	4376	0	0	6860	0	6440	0	9014	704	15240	0	0	0	0	0	0	0	0	0	0	0	6152	0	0	0	132	0	422	0	0	0	992	0	0	0	0	0	0	0	270	0	0	0	670	1240	3408	0	0	102	294	1702	6496	2788	7750	0	0	0	0	0	0	0	0	0	0	7704	6428	1530	0	0	0	
216872	Occipital_Sup_L	0	0	0	0	0	0	0	0	0	0	0	0	0	0	0	0	0	0	0	0	0	0	0	0	0	0	0	0	0	0	0	0	1998	108	474	154	0	0	0	0	0	0	13780	386	24676	352	3308	0	0	0	33786	0	1108	0	670	0	166	0	7876	0	2710	0	0	0	202	0	15340	652	98	0	0	0	0	0	0	0	0	0	0	0	0	0	0	0	412	0	0	0	0	0	180	0	0	0	0	0	0	0	0	0	0	0	0	0	0	0	0	0	0	0	0	0	0	0	0	0	
335616	Occipital_Sup_R	0	1938	0	0	0	0	0	0	0	0	0	0	0	0	0	0	0	0	0	0	0	0	0	0	0	0	0	0	0	0	0	0	0	1072	0	0	0	136	0	0	0	0	2756	26802	1666	34794	574	6860	0	0	0	33078	0	704	0	538	0	7884	0	7122	0	1488	0	1232	0	1896	3204	24564	0	4592	0	0	0	0	0	0	0	0	0	108	0	564	0	0	0	3726	0	0	0	510	0	0	0	0	0	0	0	0	0	0	0	0	0	0	0	0	0	0	0	0	0	0	0	0	0	0	
533220	Occipital_Mid_L	2164	0	108	0	0	0	0	0	0	0	134	0	0	0	0	0	1474	0	116	188	0	0	0	0	0	0	0	0	1460	0	0	0	3812	190	132	0	550	0	0	0	0	0	27848	198	22302	0	20076	0	33786	0	0	0	30322	0	13940	0	6856	0	14670	0	16780	0	242	0	21340	0	14610	0	3162	0	116	0	0	0	0	0	0	0	1564	0	1708	0	0	0	18886	0	0	0	5994	0	1282	0	0	0	0	0	100	0	500	0	0	0	0	0	0	0	0	0	0	0	0	0	0	0	0	0	
290600	Occipital_Mid_R	0	1606	0	0	0	0	0	0	0	0	0	0	0	0	0	0	0	0	0	0	0	0	0	0	0	0	0	0	0	0	0	0	0	668	0	0	0	330	0	0	0	0	586	18634	0	12408	276	6440	0	33078	0	0	0	6942	0	1112	0	5680	0	4902	0	6294	0	1478	0	11352	592	15142	0	2828	0	0	0	0	0	0	0	0	0	182	0	1070	0	0	0	12812	0	0	0	888	0	0	0	0	0	0	0	0	0	0	0	0	0	0	0	0	0	0	0	0	0	0	0	0	0	0	
203936	Occipital_Inf_L	566	0	0	0	0	0	0	0	0	0	0	0	0	0	0	0	1182	0	0	0	0	0	0	0	0	0	0	0	754	0	0	0	124	0	0	0	520	0	264	0	0	0	6170	0	1780	0	14616	0	1108	0	30322	0	0	0	18084	0	560	0	296	0	234	0	0	0	1676	0	3696	0	526	0	0	0	0	0	0	0	0	0	2042	0	1024	0	0	0	6068	0	0	0	6640	0	1388	0	0	0	0	0	528	0	1584	0	0	0	0	0	0	0	0	0	0	0	216	0	0	0	0	0	
93036	Occipital_Inf_R	0	0	0	0	0	0	0	0	0	0	0	0	0	0	0	0	0	0	0	0	0	0	0	0	0	0	0	0	0	0	0	0	0	0	0	0	0	130	0	720	0	0	176	8648	0	272	278	9014	0	704	0	6942	0	0	0	8936	0	0	0	0	0	0	0	0	0	0	0	954	0	0	0	0	0	0	0	0	0	0	0	0	0	0	0	0	0	1634	0	0	0	4052	126	118	0	0	0	0	154	374	240	1120	0	0	0	0	0	0	0	0	0	0	586	890	450	0	0	0	
331880	Fusiform_L	442	0	106	0	0	0	0	0	0	0	0	0	0	0	0	0	716	0	0	0	0	0	0	0	0	0	0	0	1912	0	0	0	104	0	0	0	5782	0	2410	0	1186	0	3618	0	836	0	19376	704	670	0	13940	0	18084	0	0	190	474	0	320	0	234	0	0	0	438	0	3234	0	416	0	0	0	426	0	0	0	0	0	1278	0	2058	0	2946	0	3788	0	2184	0	14176	0	18604	526	386	0	0	0	13542	608	24120	940	0	0	96	0	0	0	0	0	0	130	3380	1408	152	0	0	0	
308984	Fusiform_R	0	604	0	152	0	0	0	114	0	0	0	0	0	0	0	136	0	136	0	154	0	0	0	0	0	0	0	0	0	1942	0	0	0	420	0	196	0	16420	0	18634	0	4546	0	6884	0	474	764	15240	0	538	0	1112	0	8936	190	0	0	288	0	0	0	0	0	294	0	0	0	4380	0	184	0	0	0	1936	0	368	0	836	0	682	0	1444	0	5510	0	3980	0	2238	0	12938	684	7696	0	0	0	504	986	9372	1140	12600	0	0	0	140	0	0	0	0	0	0	5286	2462	952	0	0	0	
300404	Postcentral_L	38508	0	4556	0	0	0	2138	0	0	0	2484	0	122	0	0	0	6962	0	3430	382	0	0	0	0	0	0	0	0	5776	0	0	0	482	468	1286	0	1704	0	146	0	0	0	222	0	1796	0	0	0	166	0	6856	0	560	0	474	0	0	0	7370	0	27054	0	5678	0	1324	0	2376	0	13946	0	578	0	2110	0	378	0	2770	0	2574	0	1988	0	0	0	2304	0	0	0	1234	0	0	0	0	0	0	0	0	0	0	0	0	0	0	0	0	0	0	0	0	0	0	0	0	0	0	0	
250832	Postcentral_R	0	26738	304	934	0	0	0	234	0	0	0	1824	0	0	0	0	0	3448	304	1662	0	0	0	0	0	0	0	0	0	1706	0	0	0	2616	0	120	0	1824	0	0	0	0	0	1490	0	3446	0	0	0	7884	0	5680	0	0	0	288	0	0	0	11392	0	6800	0	13550	0	432	1010	15618	0	9758	0	0	0	1280	0	328	0	220	0	572	0	1586	0	0	0	1786	0	0	0	582	0	0	0	0	0	0	0	0	0	0	0	0	0	0	0	0	0	0	0	0	0	0	0	0	0	0	
138768	Parietal_Sup_L	680	0	236	0	0	0	0	0	0	0	0	0	0	0	0	0	114	0	256	104	0	0	0	0	0	0	0	0	476	0	0	0	2240	178	0	0	0	0	0	0	0	0	1208	0	4604	0	138	0	7876	0	14670	0	296	0	320	0	7370	0	0	0	13034	0	0	0	1552	0	12692	314	714	0	202	0	0	0	0	0	0	0	0	0	0	0	0	0	110	0	0	0	0	0	0	0	0	0	0	0	0	0	0	0	0	0	0	0	0	0	0	0	0	0	0	0	0	0	0	0	
124440	Parietal_Sup_R	0	2204	0	0	0	0	0	0	0	0	0	0	0	0	0	0	0	156	0	494	0	0	0	0	0	0	0	0	0	0	0	0	0	1188	0	0	0	208	0	0	0	0	0	728	0	5832	0	0	0	7122	0	4902	0	0	0	0	0	11392	0	0	0	5996	0	1716	0	2226	682	13450	0	2574	0	0	0	0	0	0	0	0	0	148	0	276	0	0	0	708	0	0	0	218	0	0	0	0	0	0	0	0	0	0	0	0	0	0	0	0	0	0	0	0	0	0	0	0	0	0	
199728	Parietal_Inf_L	7122	0	726	0	0	0	182	0	0	0	334	0	0	0	0	0	218	0	768	0	0	0	0	0	0	0	0	0	1280	0	0	0	376	0	0	0	0	0	0	0	0	0	708	0	2568	0	0	0	2710	0	16780	0	234	0	234	0	27054	0	13034	0	0	0	9546	0	12072	0	1218	0	824	0	0	0	0	0	0	0	0	0	116	0	222	0	0	0	748	0	0	0	790	0	0	0	0	0	0	0	0	0	0	0	0	0	0	0	0	0	0	0	0	0	0	0	0	0	0	0	
88616	Parietal_Inf_R	0	1132	0	0	0	0	0	0	0	0	0	0	0	0	0	0	0	0	0	202	0	0	0	0	0	0	0	0	0	0	0	0	0	0	0	0	0	124	0	0	0	0	0	0	0	0	0	0	0	1488	0	6294	0	0	0	0	0	6800	0	5996	0	0	0	10990	0	9976	0	662	0	0	0	0	0	0	0	0	0	0	0	0	0	482	0	0	0	162	0	0	0	0	0	0	0	0	0	0	0	0	0	0	0	0	0	0	0	0	0	0	0	0	0	0	0	0	0	0	
68820	SupraMarginal_L	1450	0	0	0	0	0	152	0	0	0	348	0	0	0	0	0	1996	0	0	0	0	0	0	0	0	0	0	0	1214	0	0	0	0	0	0	0	0	0	0	0	0	0	0	0	114	0	0	0	0	0	242	0	0	0	0	0	5678	0	0	0	9546	0	0	0	5086	0	0	0	94	0	0	0	0	0	0	0	0	0	374	0	3130	0	0	0	2300	0	0	0	2686	0	0	0	0	0	0	0	0	0	0	0	0	0	0	0	0	0	0	0	0	0	0	0	0	0	0	0	
87780	SupraMarginal_R	0	2668	180	0	0	0	0	0	0	0	0	0	0	0	0	0	0	1454	180	228	0	0	0	0	0	0	0	0	0	132	0	0	0	0	0	0	0	272	0	0	0	0	0	0	0	0	0	0	0	1232	0	1478	0	0	0	294	0	13550	0	1716	0	10990	0	0	0	4160	0	630	0	0	0	0	0	0	0	0	0	0	0	364	0	3544	0	0	0	476	0	0	0	342	0	0	0	0	0	0	0	0	0	0	0	0	0	0	0	0	0	0	0	0	0	0	0	0	0	0	
138748	Angular_L	1182	0	0	0	0	0	142	0	0	0	304	0	0	0	0	0	728	0	0	0	0	0	0	0	0	0	0	0	1004	0	0	0	150	0	0	0	0	0	0	0	0	0	422	0	1594	0	0	0	202	0	21340	0	1676	0	438	0	1324	0	1552	0	12072	0	5086	0	0	0	206	0	1044	0	0	0	0	0	0	0	0	0	222	0	2368	0	0	0	11366	0	0	0	4952	0	0	0	0	0	0	0	0	0	0	0	0	0	0	0	0	0	0	0	0	0	0	0	0	0	0	0	
77352	Angular_R	0	0	0	0	0	0	0	0	0	0	0	0	0	0	0	0	0	0	0	0	0	0	0	0	0	0	0	0	0	0	0	0	0	0	0	0	0	192	0	0	0	0	0	0	0	0	0	0	0	1896	0	11352	0	0	0	0	0	432	0	2226	0	9976	0	4160	0	0	0	226	0	0	0	0	0	0	0	0	0	0	0	94	0	3324	0	0	0	4632	0	0	0	166	0	0	0	0	0	0	0	0	0	0	0	0	0	0	0	0	0	0	0	0	0	0	0	0	0	0	
272708	Precuneus_L	326	170	0	0	0	0	0	0	0	0	0	0	0	0	0	0	0	0	250	98	0	0	0	0	0	0	0	0	0	0	0	0	6730	2126	5440	2040	2788	0	1064	0	0	0	17724	1226	13072	4160	5858	0	15340	3204	14610	592	3696	0	3234	0	2376	1010	12692	682	1218	0	0	0	206	0	0	9936	2218	322	0	0	0	0	0	0	0	0	0	0	0	0	0	0	1054	196	0	0	696	0	0	0	0	0	0	0	0	0	0	0	0	0	0	0	0	0	0	0	0	0	0	0	0	0	0	0	
406472	Precuneus_R	0	4390	0	0	0	0	0	0	0	0	0	0	0	0	0	0	0	0	696	1912	0	0	0	0	0	0	0	0	0	126	0	0	720	10182	1192	12192	242	3778	0	3434	0	0	836	20994	1324	28028	102	6152	652	24564	0	15142	0	954	0	4380	0	15618	314	13450	0	662	0	630	0	226	9936	0	294	11038	0	0	0	0	0	0	0	158	0	342	0	286	0	0	0	6818	0	0	0	1204	0	0	0	0	0	0	0	0	0	0	0	0	0	0	0	0	0	0	0	0	268	0	0	0	0	0	
334576	Paracentral_Lobule_L	32546	3066	19338	3474	0	0	0	0	0	0	0	0	0	0	0	0	116	0	24192	14396	0	0	0	0	0	0	0	0	202	0	0	0	2944	12994	5146	932	202	0	0	0	0	0	120	0	694	0	0	0	98	0	3162	0	526	0	416	0	13946	0	714	0	824	0	94	0	1044	0	2218	294	0	1086	2496	0	1036	0	1494	0	13570	0	0	0	476	0	0	0	2234	0	0	0	1198	0	0	0	0	0	0	0	0	0	0	0	0	0	0	0	0	0	0	0	0	0	0	0	0	0	0	0	
129040	Paracentral_Lobule_R	260	6572	0	0	0	0	0	0	0	0	0	0	0	0	0	0	0	0	340	6846	0	0	0	0	0	0	0	0	0	0	0	0	188	8696	302	2388	0	0	0	0	0	0	0	1908	0	3584	0	0	0	4592	0	2828	0	0	0	184	0	9758	0	2574	0	0	0	0	0	0	322	11038	1086	0	0	0	0	0	0	0	0	0	0	0	0	0	0	0	0	1054	0	0	0	0	0	0	0	0	0	0	0	0	0	0	0	0	0	0	0	0	0	0	0	0	0	0	0	0	0	0	
204604	Caudate_L	3194	0	14764	3066	2018	0	1470	0	630	0	0	96	246	0	256	270	0	0	10136	2192	3596	2940	2798	334	374	0	1270	0	168	244	12668	3284	312	200	0	0	170	0	0	0	0	0	0	0	0	0	0	0	0	0	116	0	0	0	0	0	578	0	202	0	0	0	0	0	0	0	0	0	2496	0	0	9326	15622	1186	1750	386	3944	0	0	0	0	0	0	0	0	0	0	0	0	0	0	0	0	0	0	0	0	0	0	0	0	0	0	0	0	0	0	0	0	0	0	0	0	0	0	0	
324068	Caudate_R	0	2134	2102	20404	120	3454	256	2688	0	762	0	1288	0	3074	0	4482	0	302	2066	26912	1330	3708	420	3632	148	3538	102	2298	0	1580	3618	14294	220	2562	0	0	0	346	0	124	0	0	0	0	0	0	0	132	0	0	0	0	0	0	0	0	0	0	0	0	0	0	0	0	0	0	0	0	0	0	9326	0	3252	20818	568	2356	248	17370	0	0	0	0	0	0	0	0	0	0	0	0	0	0	0	0	0	0	0	0	0	0	0	0	0	0	0	0	0	0	0	0	0	0	0	0	0	0	
302688	Putamen_L	6916	0	29094	1318	6664	0	5256	0	1896	0	464	0	2638	0	3088	0	1434	0	15632	1048	1872	1710	3014	208	390	0	1762	0	10688	106	7608	1910	0	0	248	282	6274	244	1162	132	112	0	0	0	0	0	0	0	0	0	0	0	0	0	426	0	2110	0	0	0	0	0	0	0	0	0	0	0	1036	0	15622	3252	0	1056	10602	316	2842	0	374	0	280	0	258	0	0	0	0	0	0	0	0	0	0	0	0	0	0	0	0	0	0	0	0	0	0	0	0	0	0	0	0	0	0	0	0	0	
301196	Putamen_R	262	3784	776	17092	0	2480	0	8642	0	1198	0	5542	0	1746	0	5438	0	3532	882	4682	0	924	278	3264	0	1946	0	1074	0	24068	1186	9298	0	1156	0	146	0	9732	0	2886	0	814	0	0	0	0	0	422	0	0	0	0	0	0	0	1936	0	1280	0	0	0	0	0	0	0	0	0	0	0	0	1186	20818	1056	0	104	2744	264	3330	0	0	0	3354	0	722	0	98	0	0	0	260	0	0	0	0	0	0	0	196	0	0	0	0	0	0	0	0	0	0	0	0	0	0	0	0	0	0	
82404	Pallidum_L	4268	0	10222	0	0	0	1670	0	0	0	0	0	0	0	0	0	784	0	6036	0	0	0	0	0	0	0	0	0	766	0	0	0	0	0	0	0	540	0	0	0	0	0	0	0	0	0	0	0	0	0	0	0	0	0	0	0	378	0	0	0	0	0	0	0	0	0	0	0	1494	0	1750	568	10602	104	0	0	1900	0	0	0	120	0	0	0	0	0	0	0	0	0	0	0	0	0	0	0	0	0	0	0	0	0	0	0	0	0	0	0	0	0	0	0	0	0	0	0	
25644	Pallidum_R	0	710	0	1834	0	0	0	698	0	0	0	496	0	0	0	0	0	668	0	448	0	0	0	0	0	0	0	0	0	114	0	0	0	0	0	0	0	560	0	498	0	0	0	0	0	0	0	0	0	0	0	0	0	0	0	368	0	328	0	0	0	0	0	0	0	0	0	0	0	0	386	2356	316	2744	0	0	0	298	0	0	0	0	0	0	0	0	0	0	0	0	0	0	0	0	0	0	0	0	0	0	0	0	0	0	0	0	0	0	0	0	0	0	0	0	0	0	
193324	Thalamus_L	27794	882	16290	278	0	0	310	0	0	0	0	0	0	0	0	0	182	0	12772	276	0	0	0	0	0	0	0	0	922	194	0	0	0	0	706	1808	2388	2150	0	990	0	0	0	0	0	0	0	0	0	0	0	0	0	0	0	0	2770	0	0	0	0	0	0	0	0	0	0	0	13570	0	3944	248	2842	264	1900	0	0	3010	0	0	172	0	0	0	0	0	0	0	0	0	0	0	0	0	0	0	0	0	0	0	0	0	0	0	0	0	0	0	0	0	0	0	0	0	0	0	
141608	Thalamus_R	1022	8976	0	3338	0	0	0	1858	0	0	0	1550	0	0	0	0	0	0	0	16884	0	0	0	0	0	0	0	0	0	1586	0	0	0	0	0	528	110	4512	0	2442	0	0	0	0	0	0	0	992	0	0	0	0	0	0	0	836	0	220	0	0	0	0	0	0	0	0	0	158	0	0	0	17370	0	3330	0	298	3010	0	0	0	0	782	0	0	0	0	0	0	0	0	0	0	0	0	0	384	0	618	0	0	0	0	0	0	0	0	0	0	0	0	0	0	0	0	0	0	
68620	Heschl_L	3400	0	478	0	0	0	386	0	0	0	1844	0	0	0	0	0	4968	0	242	0	0	0	0	0	0	0	0	0	7132	0	0	0	0	0	0	0	1676	0	0	0	0	0	0	0	0	0	0	0	0	0	1564	0	2042	0	1278	0	2574	0	0	0	116	0	374	0	222	0	0	0	0	0	0	0	374	0	0	0	0	0	0	0	2200	0	0	0	2010	0	0	0	1430	0	0	0	0	0	0	0	0	0	0	0	0	0	0	0	0	0	0	0	0	0	0	0	0	0	0	0	
32776	Heschl_R	0	0	0	0	0	0	0	0	0	0	0	0	0	0	0	0	0	2588	0	100	0	0	0	0	0	0	0	0	0	2050	0	0	0	0	0	0	0	584	0	240	0	0	0	268	0	124	0	0	0	108	0	182	0	0	0	682	0	572	0	148	0	0	0	364	0	94	0	342	0	0	0	0	0	0	0	0	0	0	0	0	0	5694	0	0	0	1456	0	0	0	792	0	0	0	0	0	0	0	0	0	0	0	0	0	0	0	0	0	0	0	0	0	0	0	0	0	0	
138408	Temporal_Sup_L	1966	0	1188	0	0	0	1444	0	0	0	2120	0	392	0	0	0	6016	0	490	0	0	0	0	0	0	0	0	0	6324	0	0	0	0	0	0	0	1702	0	0	0	0	0	0	0	0	0	0	0	0	0	1708	0	1024	0	2058	0	1988	0	0	0	222	0	3130	0	2368	0	0	0	476	0	0	0	280	0	120	0	172	0	2200	0	0	0	4010	0	17724	0	124	0	9958	0	0	0	0	0	0	0	0	0	0	0	0	0	0	0	0	0	0	0	0	0	0	0	0	0	0	0	
116492	Temporal_Sup_R	0	660	0	388	0	0	0	1520	0	0	0	1164	0	0	0	264	0	2296	0	120	0	0	0	0	0	0	0	0	0	5928	0	0	0	0	0	0	0	1606	0	362	0	0	0	0	0	0	0	0	0	564	0	1070	0	0	0	1444	0	1586	0	276	0	482	0	3544	0	3324	0	286	0	0	0	0	0	3354	0	0	0	782	0	5694	0	0	0	1676	0	14458	0	826	0	4572	0	0	0	0	0	0	0	0	0	0	0	0	0	0	0	0	0	0	0	0	0	0	0	0	0	0	
77372	Temporal_Pole_Sup_L	170	0	560	0	382	0	450	0	234	0	1454	0	380	0	1618	0	1224	0	372	0	280	0	0	0	0	0	0	0	5330	0	0	0	0	0	0	0	1598	0	222	0	326	0	0	0	0	0	0	0	0	0	0	0	0	0	2946	0	0	0	0	0	0	0	0	0	0	0	0	0	0	0	0	0	258	0	0	0	0	0	0	0	4010	0	0	0	6296	0	4826	0	5750	0	0	0	0	0	0	0	0	0	0	0	0	0	0	0	0	0	0	0	0	0	0	0	0	0	0	0	
75668	Temporal_Pole_Sup_R	0	0	134	762	0	0	0	0	0	0	0	1906	0	114	0	1122	0	2112	0	474	0	698	0	0	0	0	0	0	0	4864	0	0	0	318	0	0	0	1970	0	3562	0	3874	0	0	0	0	0	0	0	0	0	0	0	0	0	5510	0	0	0	0	0	0	0	0	0	0	0	0	0	0	0	0	0	722	0	0	0	0	0	0	0	1676	0	0	0	1776	0	3990	0	2250	0	0	0	0	0	0	0	0	0	0	0	0	0	0	0	0	0	0	0	0	0	0	0	0	0	0	
243276	Temporal_Mid_L	2168	0	0	0	0	0	0	0	0	0	0	0	0	0	0	0	2002	0	0	0	0	0	0	0	0	0	0	0	1626	0	0	0	216	0	0	0	538	0	0	0	0	0	1178	0	988	0	358	0	412	0	18886	0	6068	0	3788	0	2304	0	110	0	748	0	2300	0	11366	0	1054	0	2234	0	0	0	0	0	0	0	0	0	2010	0	17724	0	6296	0	0	0	4186	0	33078	0	0	0	0	0	0	0	0	0	0	0	0	0	0	0	0	0	0	0	0	0	0	0	0	0	0	0	
187924	Temporal_Mid_R	0	818	0	0	0	0	0	0	0	0	0	0	0	0	0	0	0	0	0	0	0	0	0	0	0	0	0	0	0	1042	0	0	0	714	0	0	0	2142	0	690	0	854	0	7920	0	2402	0	270	0	3726	0	12812	0	1634	0	3980	0	1786	0	708	0	162	0	476	0	4632	196	6818	0	1054	0	0	0	98	0	0	0	0	0	1456	0	14458	0	1776	0	0	0	1634	0	19704	0	0	0	0	0	0	0	0	0	0	0	0	0	0	0	0	0	0	0	0	0	0	0	0	0	0	
29980	Temporal_Pole_Mid_L	0	0	0	0	0	0	0	0	0	0	0	0	0	0	0	0	0	0	0	0	0	0	0	0	0	0	0	0	0	0	0	0	0	0	0	0	0	0	94	0	0	0	0	0	0	0	0	0	0	0	0	0	0	0	2184	0	0	0	0	0	0	0	0	0	0	0	0	0	0	0	0	0	0	0	0	0	0	0	0	0	124	0	4826	0	4186	0	0	0	3576	0	0	0	0	0	0	0	0	0	0	0	0	0	0	0	0	0	0	0	0	0	0	0	0	0	0	0	
25112	Temporal_Pole_Mid_R	0	0	0	0	0	0	0	0	0	0	0	0	0	0	0	0	0	0	0	0	0	0	0	0	0	0	0	0	0	102	0	0	0	0	0	0	0	148	0	1140	0	362	0	0	0	0	0	0	0	0	0	0	0	0	0	2238	0	0	0	0	0	0	0	0	0	0	0	0	0	0	0	0	0	0	0	0	0	0	0	0	0	826	0	3990	0	1634	0	0	0	2116	0	0	0	0	0	0	0	0	0	0	0	0	0	0	0	0	0	0	0	0	0	0	0	0	0	0	
220144	Temporal_Inf_L	1224	0	0	0	0	0	0	0	0	0	0	0	0	0	0	0	774	0	0	0	0	0	0	0	0	0	0	0	2296	0	0	0	0	0	0	0	4908	0	460	0	342	0	540	0	566	0	644	0	0	0	5994	0	6640	0	14176	0	1234	0	0	0	790	0	2686	0	4952	0	696	0	1198	0	0	0	0	0	0	0	0	0	1430	0	9958	0	5750	0	33078	0	3576	0	0	0	4044	0	344	0	0	0	276	0	1246	0	150	0	100	0	0	0	0	0	0	0	0	0	0	0	0	0	
125160	Temporal_Inf_R	0	0	0	0	0	0	0	0	0	0	0	0	0	0	0	0	0	0	0	0	0	0	0	0	0	0	0	0	0	1520	0	0	0	0	0	0	0	4170	0	2010	0	1212	0	1744	0	192	0	670	0	510	0	888	0	4052	0	12938	0	582	0	218	0	0	0	342	0	166	0	1204	0	0	0	0	0	260	0	0	0	0	0	792	0	4572	0	2250	0	19704	0	2116	0	0	0	468	0	0	0	0	0	0	0	0	0	0	0	0	0	0	0	0	0	0	0	0	0	0	0	0	
462872	Cerebelum_Crus1_L	0	0	0	0	0	0	0	0	0	0	0	0	0	0	0	0	0	0	0	0	0	0	0	0	0	0	0	0	0	0	0	0	0	0	0	0	0	0	0	0	0	0	426	0	100	0	9922	1240	180	0	1282	0	1388	126	18604	684	0	0	0	0	0	0	0	0	0	0	0	0	0	0	0	0	0	0	0	0	0	0	0	0	0	0	0	0	0	0	0	0	4044	0	0	4084	28700	5772	328	0	22074	1116	58374	4288	13942	2116	17732	4614	3514	662	552	112	158	172	6290	7244	9146	1162	1166	122	
425144	Cerebelum_Crus1_R	0	0	0	0	0	0	0	0	0	0	0	0	0	0	0	0	0	0	0	0	0	0	0	0	0	0	0	0	0	0	0	0	0	0	0	0	0	0	0	0	0	0	0	0	0	0	1258	3408	0	0	0	0	0	118	526	7696	0	0	0	0	0	0	0	0	0	0	0	0	0	0	0	0	0	0	0	0	0	0	0	0	0	0	0	0	0	0	0	0	0	468	4084	0	2180	28588	0	1616	3940	24428	5436	56952	1402	3038	998	19984	964	4044	232	868	254	1572	16796	10474	8034	1356	1688	170	
292848	Cerebelum_Crus2_L	0	0	0	0	0	0	0	0	0	0	0	0	0	0	0	0	0	0	0	0	0	0	0	0	0	0	0	0	0	0	0	0	0	0	0	0	0	0	0	0	0	0	0	0	0	0	224	0	0	0	0	0	0	0	386	0	0	0	0	0	0	0	0	0	0	0	0	0	0	0	0	0	0	0	0	0	0	0	0	0	0	0	0	0	0	0	0	0	344	0	28700	2180	0	8652	0	0	868	0	8372	1504	35658	5992	29998	7012	2092	0	186	0	0	0	294	2500	9364	1900	198	0	
290236	Cerebelum_Crus2_R	0	0	0	0	0	0	0	0	0	0	0	0	0	0	0	0	0	0	0	0	0	0	0	0	0	0	0	0	0	0	0	0	0	0	0	0	0	0	0	0	0	0	0	0	0	0	0	0	0	0	0	0	0	0	0	0	0	0	0	0	0	0	0	0	0	0	0	0	0	0	0	0	0	0	0	0	0	0	0	0	0	0	0	0	0	0	0	0	0	0	5772	28588	8652	0	0	0	620	456	3278	6886	6662	21084	6006	34392	928	3216	0	0	0	0	612	2252	11370	3318	912	114	
26012	Cerebelum_3_L	0	0	0	0	0	0	0	0	0	0	0	0	0	0	0	0	0	0	0	0	0	0	0	0	0	0	0	0	0	0	0	0	0	0	0	0	0	0	0	0	0	0	0	0	0	0	178	102	0	0	0	0	0	0	0	0	0	0	0	0	0	0	0	0	0	0	0	0	0	0	0	0	0	0	0	0	0	0	0	0	0	0	0	0	0	0	0	0	0	0	328	0	0	0	0	104	6596	104	1502	130	0	0	0	0	814	0	0	0	740	1666	742	0	0	0	0	0	
47336	Cerebelum_3_R	0	222	0	0	0	0	0	0	0	0	0	0	0	0	0	0	0	0	0	0	0	0	0	0	0	0	0	0	0	0	0	0	0	0	0	0	0	616	0	656	0	0	0	0	0	0	102	294	0	0	0	0	0	0	0	504	0	0	0	0	0	0	0	0	0	0	0	0	0	0	0	0	0	0	0	0	0	384	0	0	0	0	0	0	0	0	0	0	0	0	0	1616	0	0	104	0	490	6064	168	5458	0	0	0	144	184	1068	0	0	862	2698	890	620	0	0	410	114	
321928	Cerebelum_4_5_L	0	0	0	0	0	0	0	0	0	0	0	0	0	0	0	0	0	0	0	0	0	0	0	0	0	0	0	0	0	0	0	0	0	0	0	0	0	0	270	0	0	0	0	0	0	0	12232	1702	0	0	100	0	528	154	13542	986	0	0	0	0	0	0	0	0	0	0	0	0	0	0	0	0	0	0	0	0	0	0	0	0	0	0	0	0	0	0	0	0	276	0	22074	3940	868	620	6596	490	0	4288	39800	5256	1960	0	1384	582	6382	1966	1644	116	1356	2604	19418	4378	522	412	1860	2658	
254812	Cerebelum_4_5_R	0	312	0	0	0	0	0	0	0	0	0	0	0	0	0	0	0	0	0	0	0	0	0	0	0	0	0	0	0	0	0	0	0	0	0	0	0	1216	0	1888	0	98	0	0	0	0	1816	6496	0	0	0	0	0	374	608	9372	0	0	0	0	0	0	0	0	0	0	0	0	0	0	0	0	0	196	0	0	0	618	0	0	0	0	0	0	0	0	0	0	0	0	1116	24428	0	456	104	6064	4288	0	2460	36218	362	0	138	622	596	1136	208	274	352	2954	19916	1776	198	0	226	520	
470532	Cerebelum_6_L	0	0	0	0	0	0	0	0	0	0	0	0	0	0	0	0	0	0	0	0	0	0	0	0	0	0	0	0	0	0	0	0	0	0	0	0	0	0	0	0	0	0	0	0	0	0	14390	2788	0	0	500	0	1584	240	24120	1140	0	0	0	0	0	0	0	0	0	0	0	0	0	0	0	0	0	0	0	0	0	0	0	0	0	0	0	0	0	0	0	0	1246	0	58374	5436	8372	3278	1502	168	39800	2460	0	6540	7482	250	8510	2554	5498	1088	1504	142	582	842	14226	10398	6416	1564	1794	478	
424140	Cerebelum_6_R	0	0	0	0	0	0	0	0	0	0	0	0	0	0	0	0	0	0	0	0	0	0	0	0	0	0	0	0	0	0	0	0	0	0	0	0	0	0	0	0	0	0	0	0	0	0	2024	7750	0	0	0	0	0	1120	940	12600	0	0	0	0	0	0	0	0	0	0	0	0	0	0	0	0	0	0	0	0	0	0	0	0	0	0	0	0	0	0	0	0	0	0	4288	56952	1504	6886	130	5458	5256	36218	6540	0	1050	580	482	6064	1060	3032	310	1152	442	3010	21896	13046	8094	1806	2250	130	
263324	Cerebelum_7b_L	0	0	0	0	0	0	0	0	0	0	0	0	0	0	0	0	0	0	0	0	0	0	0	0	0	0	0	0	0	0	0	0	0	0	0	0	0	0	0	0	0	0	0	0	0	0	94	0	0	0	0	0	0	0	0	0	0	0	0	0	0	0	0	0	0	0	0	0	0	0	0	0	0	0	0	0	0	0	0	0	0	0	0	0	0	0	0	0	150	0	13942	1402	35658	6662	0	0	1960	362	7482	1050	0	5252	33526	6790	3092	156	822	0	0	0	1254	1652	6610	3310	270	166	
144328	Cerebelum_7b_R	0	0	0	0	0	0	0	0	0	0	0	0	0	0	0	0	0	0	0	0	0	0	0	0	0	0	0	0	0	0	0	0	0	0	0	0	0	0	0	0	0	0	0	0	0	0	0	0	0	0	0	0	0	0	0	0	0	0	0	0	0	0	0	0	0	0	0	0	0	0	0	0	0	0	0	0	0	0	0	0	0	0	0	0	0	0	0	0	0	0	2116	3038	5992	21084	0	0	0	0	250	580	5252	0	4182	21404	0	334	0	0	0	0	0	312	5002	2618	0	0	
298552	Cerebelum_8_L	0	0	0	0	0	0	0	0	0	0	0	0	0	0	0	0	0	0	0	0	0	0	0	0	0	0	0	0	0	0	0	0	0	0	0	0	0	0	0	0	0	0	0	0	0	0	0	0	0	0	0	0	0	0	96	0	0	0	0	0	0	0	0	0	0	0	0	0	0	0	0	0	0	0	0	0	0	0	0	0	0	0	0	0	0	0	0	0	100	0	17732	998	29998	6006	0	0	1384	138	8510	482	33526	4182	0	7462	17100	1882	2312	0	0	0	436	1524	6318	7180	1910	0	
299988	Cerebelum_8_R	0	0	0	0	0	0	0	0	0	0	0	0	0	0	0	0	0	0	0	0	0	0	0	0	0	0	0	0	0	0	0	0	0	0	0	0	0	0	0	0	0	0	0	0	0	0	0	0	0	0	0	0	0	0	0	140	0	0	0	0	0	0	0	0	0	0	0	0	0	0	0	0	0	0	0	0	0	0	0	0	0	0	0	0	0	0	0	0	0	0	4614	19984	7012	34392	0	144	582	622	2554	6064	6790	21404	7462	0	1614	13954	0	536	0	140	438	2368	10174	6468	2348	190	
133684	Cerebelum_9_L	0	0	0	0	0	0	0	0	0	0	0	0	0	0	0	0	0	0	0	0	0	0	0	0	0	0	0	0	0	0	0	0	0	0	0	0	0	0	0	0	0	0	0	0	0	0	236	0	0	0	0	0	0	0	0	0	0	0	0	0	0	0	0	0	0	0	0	0	0	0	0	0	0	0	0	0	0	0	0	0	0	0	0	0	0	0	0	0	0	0	3514	964	2092	928	814	184	6382	596	5498	1060	3092	0	17100	1614	0	2728	4158	0	238	348	3394	2368	1502	3612	3152	1268	
116836	Cerebelum_9_R	0	0	0	0	0	0	0	0	0	0	0	0	0	0	0	0	0	0	0	0	0	0	0	0	0	0	0	0	0	0	0	0	0	0	0	0	0	0	0	0	0	0	0	0	0	0	146	0	0	0	0	0	0	0	0	0	0	0	0	0	0	0	0	0	0	0	0	0	0	0	0	0	0	0	0	0	0	0	0	0	0	0	0	0	0	0	0	0	0	0	662	4044	0	3216	0	1068	1966	1136	1088	3032	156	334	1882	13954	2728	0	148	1808	486	846	1828	4318	1708	4026	6300	1538	
27252	Cerebelum_10_L	0	0	0	0	0	0	0	0	0	0	0	0	0	0	0	0	0	0	0	0	0	0	0	0	0	0	0	0	0	0	0	0	0	0	0	0	0	0	0	0	0	0	0	0	0	0	0	0	0	0	0	0	0	0	0	0	0	0	0	0	0	0	0	0	0	0	0	0	0	0	0	0	0	0	0	0	0	0	0	0	0	0	0	0	0	0	0	0	0	0	552	232	186	0	0	0	1644	208	1504	310	822	0	2312	0	4158	148	0	0	0	0	758	464	0	0	186	142	
13180	Cerebelum_10_R	0	0	0	0	0	0	0	0	0	0	0	0	0	0	0	0	0	0	0	0	0	0	0	0	0	0	0	0	0	0	0	0	0	0	0	0	0	0	0	0	0	0	0	0	0	0	0	0	0	0	0	0	0	0	0	0	0	0	0	0	0	0	0	0	0	0	0	0	0	0	0	0	0	0	0	0	0	0	0	0	0	0	0	0	0	0	0	0	0	0	112	868	0	0	0	0	116	274	142	1152	0	0	0	536	0	1808	0	0	0	106	0	504	98	328	546	0	
29192	Vermis_1_2	0	0	0	0	0	0	0	0	0	0	0	0	0	0	0	0	0	0	0	0	0	0	0	0	0	0	0	0	0	0	0	0	0	0	0	0	0	0	130	0	0	0	0	0	0	0	130	0	0	0	0	0	0	0	0	0	0	0	0	0	0	0	0	0	0	0	0	0	0	0	0	0	0	0	0	0	0	0	0	0	0	0	0	0	0	0	0	0	0	0	158	254	0	0	740	862	1356	352	582	442	0	0	0	0	238	486	0	0	0	6120	1584	550	0	0	302	310	
58124	Vermis_3	0	0	0	0	0	0	0	0	0	0	0	0	0	0	0	0	0	0	0	0	0	0	0	0	0	0	0	0	0	0	0	0	0	0	0	0	438	0	512	0	0	0	0	0	0	0	230	0	0	0	0	0	0	0	130	0	0	0	0	0	0	0	0	0	0	0	0	0	0	0	0	0	0	0	0	0	0	0	0	0	0	0	0	0	0	0	0	0	0	0	172	1572	0	0	1666	2698	2604	2954	842	3010	0	0	0	140	348	846	0	106	6120	0	3282	700	0	0	346	346	
308016	Vermis_4_5	0	0	0	0	0	0	0	0	0	0	0	0	0	0	0	0	0	0	0	0	0	0	0	0	0	0	0	0	0	0	0	0	0	0	0	282	0	284	0	264	0	0	0	852	0	0	6428	7704	0	0	0	0	216	586	3380	5286	0	0	0	0	0	0	0	0	0	0	0	268	0	0	0	0	0	0	0	0	0	0	0	0	0	0	0	0	0	0	0	0	0	0	6290	16796	294	612	742	890	19418	19916	14226	21896	1254	0	436	438	3394	1828	758	0	1584	3282	0	8512	1050	172	1728	2942	
216708	Vermis_6	0	0	0	0	0	0	0	0	0	0	0	0	0	0	0	0	0	0	0	0	0	0	0	0	0	0	0	0	0	0	0	0	0	0	0	0	0	0	0	0	0	0	0	444	0	0	2702	6428	0	0	0	0	0	890	1408	2462	0	0	0	0	0	0	0	0	0	0	0	0	0	0	0	0	0	0	0	0	0	0	0	0	0	0	0	0	0	0	0	0	0	0	7244	10474	2500	2252	0	620	4378	1776	10398	13046	1652	312	1524	2368	2368	4318	464	504	550	700	8512	0	8464	2756	4868	1972	
207056	Vermis_7	0	0	0	0	0	0	0	0	0	0	0	0	0	0	0	0	0	0	0	0	0	0	0	0	0	0	0	0	0	0	0	0	0	0	0	0	0	0	0	0	0	0	0	0	0	0	358	1530	0	0	0	0	0	450	152	952	0	0	0	0	0	0	0	0	0	0	0	0	0	0	0	0	0	0	0	0	0	0	0	0	0	0	0	0	0	0	0	0	0	0	9146	8034	9364	11370	0	0	522	198	6416	8094	6610	5002	6318	10174	1502	1708	0	98	0	0	1050	8464	0	3824	2192	0	
101048	Vermis_8	0	0	0	0	0	0	0	0	0	0	0	0	0	0	0	0	0	0	0	0	0	0	0	0	0	0	0	0	0	0	0	0	0	0	0	0	0	0	0	0	0	0	0	0	0	0	0	0	0	0	0	0	0	0	0	0	0	0	0	0	0	0	0	0	0	0	0	0	0	0	0	0	0	0	0	0	0	0	0	0	0	0	0	0	0	0	0	0	0	0	1162	1356	1900	3318	0	0	412	0	1564	1806	3310	2618	7180	6468	3612	4026	0	328	0	0	172	2756	3824	0	4594	118	
81504	Vermis_9	0	0	0	0	0	0	0	0	0	0	0	0	0	0	0	0	0	0	0	0	0	0	0	0	0	0	0	0	0	0	0	0	0	0	0	0	0	0	0	0	0	0	0	0	0	0	152	0	0	0	0	0	0	0	0	0	0	0	0	0	0	0	0	0	0	0	0	0	0	0	0	0	0	0	0	0	0	0	0	0	0	0	0	0	0	0	0	0	0	0	1166	1688	198	912	0	410	1860	226	1794	2250	270	0	1910	2348	3152	6300	186	546	302	346	1728	4868	2192	4594	0	1354	
