data	data	486564	309864	986192	726092	218976	89460	571460	193964	84008	14576	207132	250676	236260	131248	222260	45716	231040	106992	858328	733644	85964	94736	403616	444352	51048	84836	108476	78252	669040	266304	303812	546732	152904	546288	239168	229900	269620	261640	101224	113560	70936	50924	264972	239696	179772	220996	311444	213820	251392	249156	511000	170572	176648	54428	394980	353084	330392	174140	164168	58196	208328	131188	100432	104892	159904	151164	296832	272252	207832	122820	413212	288792	394000	276704	47552	35092	215464	185376	101364	23280	221004	93996	119156	32068	333048	202408	28968	6492	208604	111116	500992	406856	414168	364880	56276	43888	354732	253452	489112	361580	287304	135804	326468	281704	97928	86624	18108	8772	18776	68136	304868	186556	291064	160096	106688	46396	
data	data	Precentral_L	Precentral_R	Frontal_Sup_L	Frontal_Sup_R	Frontal_Sup_Orb_L	Frontal_Sup_Orb_R	Frontal_Mid_L	Frontal_Mid_R	Frontal_Mid_Orb_L	Frontal_Mid_Orb_R	Frontal_Inf_Oper_L	Frontal_Inf_Oper_R	Frontal_Inf_Tri_L	Frontal_Inf_Tri_R	Frontal_Inf_Orb_L	Frontal_Inf_Orb_R	Rolandic_Oper_L	Rolandic_Oper_R	Supp_Motor_Area_L	Supp_Motor_Area_R	Olfactory_L	Olfactory_R	Frontal_Sup_Medial_L	Frontal_Sup_Medial_R	Frontal_Med_Orb_L	Frontal_Med_Orb_R	Rectus_L	Rectus_R	Insula_L	Insula_R	Cingulum_Ant_L	Cingulum_Ant_R	Cingulum_Mid_L	Cingulum_Mid_R	Cingulum_Post_L	Cingulum_Post_R	Hippocampus_L	Hippocampus_R	ParaHippocampal_L	ParaHippocampal_R	Amygdala_L	Amygdala_R	Calcarine_L	Calcarine_R	Cuneus_L	Cuneus_R	Lingual_L	Lingual_R	Occipital_Sup_L	Occipital_Sup_R	Occipital_Mid_L	Occipital_Mid_R	Occipital_Inf_L	Occipital_Inf_R	Fusiform_L	Fusiform_R	Postcentral_L	Postcentral_R	Parietal_Sup_L	Parietal_Sup_R	Parietal_Inf_L	Parietal_Inf_R	SupraMarginal_L	SupraMarginal_R	Angular_L	Angular_R	Precuneus_L	Precuneus_R	Paracentral_Lobule_L	Paracentral_Lobule_R	Caudate_L	Caudate_R	Putamen_L	Putamen_R	Pallidum_L	Pallidum_R	Thalamus_L	Thalamus_R	Heschl_L	Heschl_R	Temporal_Sup_L	Temporal_Sup_R	Temporal_Pole_Sup_L	Temporal_Pole_Sup_R	Temporal_Mid_L	Temporal_Mid_R	Temporal_Pole_Mid_L	Temporal_Pole_Mid_R	Temporal_Inf_L	Temporal_Inf_R	Cerebelum_Crus1_L	Cerebelum_Crus1_R	Cerebelum_Crus2_L	Cerebelum_Crus2_R	Cerebelum_3_L	Cerebelum_3_R	Cerebelum_4_5_L	Cerebelum_4_5_R	Cerebelum_6_L	Cerebelum_6_R	Cerebelum_7b_L	Cerebelum_7b_R	Cerebelum_8_L	Cerebelum_8_R	Cerebelum_9_L	Cerebelum_9_R	Cerebelum_10_L	Cerebelum_10_R	Vermis_1_2	Vermis_3	Vermis_4_5	Vermis_6	Vermis_7	Vermis_8	Vermis_9	Vermis_10	
486564	Precentral_L	0	3236	18604	3082	0	0	29818	588	0	0	11550	240	2106	100	0	0	13430	0	11526	14144	0	0	614	176	0	0	0	0	13024	132	2398	1256	558	8432	6748	6334	6064	3036	718	322	288	0	92	0	0	0	0	120	0	0	0	0	0	0	312	178	26458	594	92	0	1694	0	358	0	0	0	836	742	12886	4332	5690	358	2386	232	420	114	12914	2000	4090	0	6576	0	426	0	240	0	0	0	348	0	0	0	0	0	0	0	0	0	0	0	0	0	0	0	0	0	0	0	0	0	270	0	0	0	0	0	
309864	Precentral_R	3236	0	1246	19898	272	0	286	7238	0	0	0	2830	0	0	188	0	202	1156	3166	6880	0	0	0	0	0	0	0	0	684	746	0	156	362	820	4644	6974	534	6278	0	680	0	0	0	470	0	98	0	492	0	568	0	106	0	102	0	750	1096	16332	0	0	0	1234	0	1276	0	830	94	1728	4322	5560	2366	13578	834	2506	270	338	3902	26762	0	0	138	154	0	0	0	272	0	0	0	278	0	0	0	0	0	0	0	0	0	0	0	0	0	0	0	0	0	0	0	0	0	0	0	0	0	0	
986192	Frontal_Sup_L	18604	1246	0	9860	12702	0	80006	988	3002	0	10518	2234	18324	1396	11856	0	9798	264	90296	17396	106	0	46334	7764	2832	0	1882	0	46598	430	17888	6214	7684	10686	120	146	1984	114	120	0	210	0	0	0	0	0	0	0	0	0	0	0	0	0	368	0	4210	112	0	0	0	0	0	0	0	0	0	0	1158	0	15308	1142	20378	440	1038	200	3220	130	1714	0	1860	0	1896	0	0	0	0	0	320	0	0	0	0	0	0	0	0	0	0	0	0	0	0	0	0	0	0	0	0	0	0	0	0	0	0	0	
726092	Frontal_Sup_R	3082	19898	9860	0	292	4986	2724	24198	0	176	210	15968	174	4776	214	1804	270	3990	20452	52036	0	164	13792	46088	0	2264	94	368	3022	12060	2534	31884	942	19540	836	878	1762	1768	278	486	530	0	114	0	0	0	0	0	0	0	0	0	0	0	684	148	748	244	0	0	100	0	122	0	0	0	162	0	2922	138	6376	8934	5142	14956	406	314	3110	12052	406	0	396	0	116	0	418	0	0	0	638	0	0	0	0	0	0	0	0	0	0	0	0	0	0	0	0	0	0	0	0	0	0	0	0	0	0	0	
218976	Frontal_Sup_Orb_L	0	272	12702	292	0	0	882	358	12696	0	0	764	1244	386	21344	0	0	140	2356	782	3010	1068	3186	222	5662	0	10540	520	11800	226	5138	1288	0	612	0	0	0	0	0	0	246	0	0	0	0	0	0	0	0	0	0	0	0	0	0	0	0	0	0	0	0	0	0	0	0	0	0	0	0	0	4676	682	5344	194	0	0	0	0	0	0	0	0	856	0	0	0	0	0	0	0	0	0	0	0	0	0	0	0	0	0	0	0	0	0	0	0	0	0	0	0	0	0	0	0	0	0	
89460	Frontal_Sup_Orb_R	0	0	0	4986	0	0	0	356	0	1630	0	134	0	494	0	4264	0	0	106	318	414	1668	132	5410	0	7248	310	6672	0	1572	0	1548	0	0	0	0	0	0	0	0	0	0	0	0	0	0	0	0	0	0	0	0	0	0	0	0	0	0	0	0	0	0	0	0	0	0	0	0	0	0	444	1118	186	5720	0	0	0	0	0	0	0	0	0	0	0	0	0	0	0	0	0	0	0	0	0	0	0	0	0	0	0	0	0	0	0	0	0	0	0	0	0	0	0	0	0	0	
571460	Frontal_Mid_L	29818	286	80006	2724	882	0	0	344	3426	0	10992	818	31380	468	10664	0	5914	100	23160	4992	0	0	18208	3302	0	0	0	0	24424	178	7024	2788	1150	6536	0	0	272	0	0	0	0	0	0	0	0	0	0	0	0	0	0	0	0	0	0	0	4704	0	0	0	0	0	0	0	0	0	0	0	0	0	5496	206	1920	0	0	0	204	0	1516	0	1574	0	254	0	0	0	0	0	0	0	0	0	0	0	0	0	0	0	0	0	0	0	0	0	0	0	0	0	0	0	0	0	0	0	0	0	
193964	Frontal_Mid_R	588	7238	988	24198	358	356	344	0	0	592	0	10372	0	11390	178	1582	164	770	3020	8096	0	0	772	4720	0	0	0	0	868	6018	154	2726	0	5324	0	0	0	146	0	0	0	0	0	0	0	0	0	0	0	0	0	0	0	0	0	0	198	0	0	0	0	0	0	0	0	0	0	0	96	0	1636	328	858	1386	0	0	1010	382	0	0	126	0	0	0	0	0	0	0	0	0	0	0	0	0	0	0	0	0	0	0	0	0	0	0	0	0	0	0	0	0	0	0	0	0	0	0	
84008	Frontal_Mid_Orb_L	0	0	3002	0	12696	0	3426	0	0	0	0	0	2338	0	14248	0	0	0	184	0	152	0	382	0	302	0	2332	0	1866	0	462	0	0	0	0	0	0	0	0	0	0	0	0	0	0	0	0	0	0	0	0	0	0	0	0	0	0	0	0	0	0	0	0	0	0	0	0	0	0	0	0	0	614	0	0	0	0	0	0	0	0	0	0	0	0	0	0	0	0	0	0	0	0	0	0	0	0	0	0	0	0	0	0	0	0	0	0	0	0	0	0	0	0	0	0	0	
14576	Frontal_Mid_Orb_R	0	0	0	176	0	1630	0	592	0	0	0	0	0	634	0	3658	0	0	0	0	0	0	0	184	0	0	0	0	0	264	0	0	0	0	0	0	0	0	0	0	0	0	0	0	0	0	0	0	0	0	0	0	0	0	0	0	0	0	0	0	0	0	0	0	0	0	0	0	0	0	0	0	0	150	0	0	0	0	0	0	0	0	0	0	0	0	0	0	0	0	0	0	0	0	0	0	0	0	0	0	0	0	0	0	0	0	0	0	0	0	0	0	0	0	0	0	
207132	Frontal_Inf_Oper_L	11550	0	10518	210	0	0	10992	0	0	0	0	636	11330	612	326	0	11800	0	7514	488	0	0	316	138	0	0	0	0	16940	0	1388	604	112	658	0	0	96	0	0	0	0	0	0	0	0	0	0	0	0	0	0	0	0	0	0	0	3046	0	0	0	0	0	0	0	0	0	0	0	0	0	1298	0	1414	0	0	0	0	0	1098	0	3922	0	5862	0	698	0	0	0	0	0	0	0	0	0	0	0	0	0	0	0	0	0	0	0	0	0	0	0	0	0	0	0	0	0	0	0	
250676	Frontal_Inf_Oper_R	240	2830	2234	15968	764	134	818	10372	0	0	636	0	0	9644	268	0	150	7280	5088	9272	0	0	1996	6788	0	158	148	0	2360	15382	372	8774	0	7606	0	0	0	198	0	0	0	0	0	0	0	0	0	0	0	0	0	0	0	0	0	0	104	208	0	0	0	0	0	0	0	0	0	0	0	0	3640	4564	770	5422	0	356	322	144	0	0	0	0	328	0	0	0	0	0	0	0	0	0	0	0	0	0	0	0	0	0	0	0	0	0	0	0	0	0	0	0	0	0	0	0	0	0	
236260	Frontal_Inf_Tri_L	2106	0	18324	174	1244	0	31380	0	2338	0	11330	0	0	0	11384	0	2272	0	4890	186	0	0	2712	400	0	0	124	0	19760	0	780	330	164	508	0	0	0	0	0	0	0	0	0	0	0	0	0	0	0	0	0	0	0	0	0	0	380	0	0	0	0	0	0	0	0	0	0	0	0	0	344	0	1008	0	0	0	0	0	148	0	2328	0	2830	0	686	0	0	0	0	0	0	0	0	0	0	0	0	0	0	0	0	0	0	0	0	0	0	0	0	0	0	0	0	0	0	0	
131248	Frontal_Inf_Tri_R	100	0	1396	4776	386	494	468	11390	0	634	612	9644	0	0	0	2258	0	0	2458	1740	0	0	204	2976	0	118	0	0	1596	10690	458	4866	0	1724	0	0	0	0	0	0	0	0	0	0	0	0	0	0	0	0	0	0	0	0	0	0	0	0	0	0	0	0	0	0	0	0	0	0	0	0	4284	1084	702	228	0	0	0	0	0	0	0	0	338	0	0	0	0	0	0	0	0	0	0	0	0	0	0	0	0	0	0	0	0	0	0	0	0	0	0	0	0	0	0	0	0	0	
222260	Frontal_Inf_Orb_L	0	188	11856	214	21344	0	10664	178	14248	0	326	268	11384	0	0	0	0	0	1838	314	2642	592	1330	228	692	0	4754	148	14582	0	2620	336	128	292	0	0	126	0	0	0	454	0	0	0	0	0	0	0	0	0	0	0	0	0	0	0	0	0	0	0	0	0	0	0	0	0	0	0	0	0	2038	296	4442	0	0	0	136	0	0	0	0	0	2472	0	0	0	0	0	0	0	0	0	0	0	0	0	0	0	0	0	0	0	0	0	0	0	0	0	0	0	0	0	0	0	0	0	
45716	Frontal_Inf_Orb_R	0	0	0	1804	0	4264	0	1582	0	3658	0	0	0	2258	0	0	0	0	96	0	216	884	0	1352	0	100	152	1082	118	3670	0	426	0	0	0	0	0	92	0	0	0	0	0	0	0	0	0	0	0	0	0	0	0	0	0	0	0	0	0	0	0	0	0	0	0	0	0	0	0	0	316	212	0	576	0	0	0	0	0	0	0	0	0	0	0	0	0	0	0	0	0	0	0	0	0	0	0	0	0	0	0	0	0	0	0	0	0	0	0	0	0	0	0	0	0	0	
231040	Rolandic_Oper_L	13430	202	9798	270	0	0	5914	164	0	0	11800	150	2272	0	0	0	0	0	6734	446	0	0	250	0	0	0	0	0	21234	0	798	302	98	330	0	0	452	0	0	0	0	0	0	0	0	0	0	0	0	0	114	0	0	0	92	0	12662	0	94	0	970	0	470	0	0	0	276	0	0	0	1124	0	736	0	0	0	0	0	6214	0	13378	0	2576	0	1912	0	0	0	258	0	0	0	0	0	0	0	0	0	0	0	0	0	0	0	0	0	0	0	0	0	0	0	0	0	0	0	
106992	Rolandic_Oper_R	0	1156	264	3990	140	0	100	770	0	0	0	7280	0	0	0	0	0	0	1050	2872	0	0	0	0	0	0	0	0	252	15532	0	368	0	518	0	0	0	590	0	0	0	0	0	0	0	0	0	0	0	0	0	0	0	0	0	0	0	3336	0	0	0	0	0	1278	0	0	0	162	0	0	320	2330	112	5722	0	854	0	1474	0	1050	0	1160	0	582	0	234	0	0	0	0	0	0	0	0	0	0	0	0	0	0	0	0	0	0	0	0	0	0	0	0	0	0	0	0	0	0	
858328	Supp_Motor_Area_L	11526	3166	90296	20452	2356	106	23160	3020	184	0	7514	5088	4890	2458	1838	96	6734	1050	0	55950	0	0	14202	7834	662	142	470	0	27830	1832	11136	13198	13856	35152	496	228	1370	166	0	0	406	0	0	0	0	0	0	0	0	0	0	0	0	0	386	0	3238	214	0	0	0	0	0	0	0	0	262	0	6276	302	17708	2066	19916	1988	1296	932	1188	0	1164	0	1024	0	1896	0	138	0	0	0	306	0	0	0	0	0	0	0	0	0	0	0	0	0	0	0	0	0	0	0	0	0	0	0	0	0	0	0	
733644	Supp_Motor_Area_R	14144	6880	17396	52036	782	318	4992	8096	0	0	488	9272	186	1740	314	0	446	2872	55950	0	0	0	9174	14288	188	184	234	0	5226	4646	2052	19114	6440	51036	808	3604	1800	454	282	120	584	0	116	214	0	222	0	0	0	0	0	0	0	0	702	164	990	1146	0	0	96	0	96	0	0	0	252	792	13034	11960	11002	10476	5810	6812	702	1408	2566	172	386	0	330	0	276	0	322	0	0	0	630	0	0	0	0	0	0	0	0	0	0	0	0	0	0	0	0	0	0	0	0	0	0	0	0	0	0	0	
85964	Olfactory_L	0	0	106	0	3010	414	0	0	152	0	0	0	0	0	2642	216	0	0	0	0	0	5854	112	0	426	264	5352	2192	2832	0	2910	2224	0	0	0	0	192	0	734	0	670	0	0	0	0	0	0	0	0	0	0	0	0	0	182	0	0	0	0	0	0	0	0	0	0	0	0	0	0	0	6096	2458	2504	278	0	0	0	0	0	0	0	0	1162	0	0	0	0	0	0	0	0	0	0	0	0	0	0	0	0	0	0	0	0	0	0	0	0	0	0	0	0	0	0	0	0	0	
94736	Olfactory_R	0	0	0	164	1068	1668	0	0	0	0	0	0	0	0	592	884	0	0	0	0	5854	0	0	332	180	1354	3970	5440	0	1710	2428	3924	0	0	0	0	0	0	0	0	0	514	0	0	0	0	0	0	0	0	0	0	0	0	0	0	0	0	0	0	0	0	0	0	0	0	0	0	0	0	7410	4924	4280	524	148	0	0	0	0	0	0	0	0	0	0	0	0	0	0	0	0	0	0	0	0	0	0	0	0	0	0	0	0	0	0	0	0	0	0	0	0	0	0	0	0	0	
403616	Frontal_Sup_Medial_L	614	0	46334	13792	3186	132	18208	772	382	0	316	1996	2712	204	1330	0	250	0	14202	9174	112	0	0	26244	2140	328	196	0	3332	0	16188	16216	4536	16708	0	106	0	0	0	0	0	0	0	0	0	0	0	0	0	0	0	0	0	0	0	0	130	0	0	0	0	0	0	0	0	0	0	0	0	0	716	0	1140	0	0	0	0	0	0	0	0	0	112	0	0	0	0	0	0	0	0	0	0	0	0	0	0	0	0	0	0	0	0	0	0	0	0	0	0	0	0	0	0	0	0	0	
444352	Frontal_Sup_Medial_R	176	0	7764	46088	222	5410	3302	4720	0	184	138	6788	400	2976	228	1352	0	0	7834	14288	0	332	26244	0	636	6300	0	1060	836	5866	4514	39884	698	20966	0	0	0	0	0	0	0	0	0	0	0	0	0	0	0	0	0	0	0	0	0	0	0	0	0	0	0	0	0	0	0	0	0	0	0	0	692	2712	222	9344	0	0	0	0	0	0	0	0	0	0	0	0	0	0	0	0	0	0	0	0	0	0	0	0	0	0	0	0	0	0	0	0	0	0	0	0	0	0	0	0	0	0	
51048	Frontal_Med_Orb_L	0	0	2832	0	5662	0	0	0	302	0	0	0	0	0	692	0	0	0	662	188	426	180	2140	636	0	776	2100	172	780	0	4484	696	0	176	0	0	0	0	0	0	0	0	0	0	0	0	0	0	0	0	0	0	0	0	0	0	0	0	0	0	0	0	0	0	0	0	0	0	0	0	1334	128	1158	0	0	0	0	0	0	0	0	0	0	0	0	0	0	0	0	0	0	0	0	0	0	0	0	0	0	0	0	0	0	0	0	0	0	0	0	0	0	0	0	0	0	0	
84836	Frontal_Med_Orb_R	0	0	0	2264	0	7248	0	0	0	0	0	158	0	118	0	100	0	0	142	184	264	1354	328	6300	776	0	374	7464	0	222	934	6262	0	124	0	0	0	0	0	0	0	0	0	0	0	0	0	0	0	0	0	0	0	0	0	0	0	0	0	0	0	0	0	0	0	0	0	0	0	0	382	1796	236	5388	0	0	0	0	0	0	0	0	0	0	0	0	0	0	0	0	0	0	0	0	0	0	0	0	0	0	0	0	0	0	0	0	0	0	0	0	0	0	0	0	0	0	
108476	Rectus_L	0	0	1882	94	10540	310	0	0	2332	0	0	148	124	0	4754	152	0	0	470	234	5352	3970	196	0	2100	374	0	1810	2586	0	4164	2390	0	196	0	0	0	0	0	0	0	0	0	0	0	0	0	0	0	0	0	0	0	0	0	0	0	0	0	0	0	0	0	0	0	0	0	0	0	0	4728	1952	2682	270	0	0	0	0	0	0	0	0	428	0	0	0	0	0	0	0	0	0	0	0	0	0	0	0	0	0	0	0	0	0	0	0	0	0	0	0	0	0	0	0	0	0	
78252	Rectus_R	0	0	0	368	520	6672	0	0	0	0	0	0	0	0	148	1082	0	0	0	0	2192	5440	0	1060	172	7464	1810	0	0	832	864	4746	0	0	0	0	0	0	0	0	0	0	0	0	0	0	0	0	0	0	0	0	0	0	0	0	0	0	0	0	0	0	0	0	0	0	0	0	0	0	1588	1986	740	1442	0	0	0	0	0	0	0	0	0	0	0	0	0	0	0	0	0	0	0	0	0	0	0	0	0	0	0	0	0	0	0	0	0	0	0	0	0	0	0	0	0	0	
669040	Insula_L	13024	684	46598	3022	11800	0	24424	868	1866	0	16940	2360	19760	1596	14582	118	21234	252	27830	5226	2832	0	3332	836	780	0	2586	0	0	414	4864	2206	458	3982	428	320	8098	172	686	0	3090	0	0	0	0	0	0	0	0	0	568	0	522	0	2022	0	8700	0	338	0	396	0	250	0	0	0	336	0	388	0	11584	668	24616	224	138	0	1440	142	11430	0	10484	0	7386	0	2890	0	0	0	2730	0	0	0	0	0	0	0	0	0	0	0	0	0	0	0	0	0	0	0	0	0	0	0	0	0	0	0	
266304	Insula_R	132	746	430	12060	226	1572	178	6018	0	264	0	15382	0	10690	0	3670	0	15532	1832	4646	0	1710	0	5866	0	222	0	832	414	0	0	7688	0	1480	140	146	0	3934	0	876	0	1544	0	0	0	0	0	0	0	0	0	0	0	0	0	706	0	842	0	0	0	0	0	150	0	0	0	0	0	0	544	3798	158	15550	0	414	256	1798	0	2170	0	4806	0	1000	0	2186	0	0	0	544	0	0	0	0	0	0	0	0	0	0	0	0	0	0	0	0	0	0	0	0	0	0	0	0	0	0	
303812	Cingulum_Ant_L	2398	0	17888	2534	5138	0	7024	154	462	0	1388	372	780	458	2620	0	798	0	11136	2052	2910	2428	16188	4514	4484	934	4164	864	4864	0	0	15466	9972	6084	1006	0	0	0	0	0	144	0	0	0	0	0	0	0	0	0	0	0	0	0	0	0	580	0	0	0	0	0	0	0	0	0	0	0	0	0	8796	2090	10186	514	0	0	0	0	0	0	0	0	516	0	0	0	0	0	0	0	0	0	0	0	0	0	0	0	0	0	0	0	0	0	0	0	0	0	0	0	0	0	0	0	0	0	
546732	Cingulum_Ant_R	1256	156	6214	31884	1288	1548	2788	2726	0	0	604	8774	330	4866	336	426	302	368	13198	19114	2224	3924	16216	39884	696	6262	2390	4746	2206	7688	15466	0	2464	27608	150	0	0	154	0	0	0	0	0	0	0	0	0	0	0	0	0	0	0	0	0	0	342	0	0	0	0	0	0	0	0	0	0	0	0	0	6690	20740	3388	13384	0	190	94	0	0	0	0	0	282	0	0	0	0	0	0	0	0	0	0	0	0	0	0	0	0	0	0	0	0	0	0	0	0	0	0	0	0	0	0	0	0	0	
152904	Cingulum_Mid_L	558	362	7684	942	0	0	1150	0	0	0	112	0	164	0	128	0	98	0	13856	6440	0	0	4536	698	0	0	0	0	458	0	9972	2464	0	10282	3724	1200	0	0	0	0	0	0	138	0	348	0	0	0	392	0	1130	0	0	0	0	0	1358	0	180	0	206	0	116	0	192	0	2698	0	3048	392	364	0	0	0	0	0	120	0	0	0	0	0	0	0	942	0	0	0	0	0	0	0	0	0	0	0	0	0	0	0	0	0	0	0	0	0	0	0	0	0	0	0	0	0	0	0	
546288	Cingulum_Mid_R	8432	820	10686	19540	612	0	6536	5324	0	0	658	7606	508	1724	292	0	330	518	35152	51036	0	0	16708	20966	176	124	196	0	3982	1480	6084	27608	10282	0	598	4502	128	0	0	0	0	0	0	780	0	936	0	218	0	324	0	0	0	0	0	0	404	1634	0	0	0	0	0	98	0	0	290	3402	5636	7074	6972	292	884	364	162	0	334	0	0	0	0	200	392	0	0	140	0	0	0	0	0	0	0	0	0	0	0	0	0	0	0	0	0	0	0	0	0	0	0	0	0	0	0	0	0	0	
239168	Cingulum_Post_L	6748	4644	120	836	0	0	0	0	0	0	0	0	0	0	0	0	0	0	496	808	0	0	0	0	0	0	0	0	428	140	1006	150	3724	598	0	15552	9714	6440	2644	512	0	0	5976	0	1352	0	2156	314	1790	0	3478	0	332	0	1270	242	6586	2194	1372	0	626	0	154	0	628	0	11198	1900	10106	650	122	98	0	106	0	0	4240	2940	580	106	604	122	0	0	2252	122	0	0	776	0	0	0	0	0	0	0	0	0	0	0	0	0	0	0	0	0	0	0	0	0	632	0	0	0	0	0	
229900	Cingulum_Post_R	6334	6974	146	878	0	0	0	0	0	0	0	0	0	0	0	0	0	0	228	3604	0	0	106	0	0	0	0	0	320	146	0	0	1200	4502	15552	0	5066	9486	328	1568	0	0	0	1700	0	202	0	4996	0	312	0	298	0	546	292	1762	1330	7260	0	0	0	256	0	360	0	152	1912	12428	4266	4762	310	112	0	106	96	0	6218	4420	360	108	100	478	0	0	116	938	0	0	276	426	0	0	0	0	0	0	0	418	0	0	0	0	0	0	0	0	0	0	0	0	1196	0	0	0	0	0	
269620	Hippocampus_L	6064	534	1984	1762	0	0	272	0	0	0	96	0	0	0	126	0	452	0	1370	1800	192	0	0	0	0	0	0	0	8098	0	0	0	0	128	9714	5066	0	2420	12414	252	7508	0	3584	0	216	0	2868	150	0	0	376	0	316	0	18298	136	914	0	0	0	0	0	198	0	0	0	6734	686	552	0	1764	0	9806	0	822	0	7548	1340	1734	0	2460	0	1358	0	1840	0	122	0	9574	0	0	0	0	0	0	0	208	0	116	0	0	0	0	0	0	0	0	0	0	358	480	0	0	0	0	0	
261640	Hippocampus_R	3036	6278	114	1768	0	0	0	146	0	0	0	198	0	0	0	92	0	590	166	454	0	0	0	0	0	0	0	0	172	3934	0	154	0	0	6440	9486	2420	0	0	19628	0	8454	0	506	0	154	0	5486	0	240	0	148	0	490	122	20500	426	946	0	0	0	0	0	180	0	0	0	4572	422	284	142	410	118	9154	0	0	3460	5532	0	526	0	2486	0	1242	0	3648	0	0	160	4330	0	0	0	0	0	0	0	1288	0	0	0	0	0	0	0	0	0	0	0	0	318	0	0	0	0	0	
101224	ParaHippocampal_L	718	0	120	278	0	0	0	0	0	0	0	0	0	0	0	0	0	0	0	282	734	0	0	0	0	0	0	0	686	0	0	0	0	0	2644	328	12414	0	0	0	2416	0	2742	0	240	0	3298	0	0	0	650	0	378	0	10458	0	118	0	0	0	0	0	0	0	0	0	3906	0	0	0	198	0	1558	0	144	0	1784	0	0	0	0	0	724	0	0	0	464	0	960	0	214	0	0	0	102	0	1124	0	758	0	0	0	0	0	0	0	0	0	0	172	0	0	0	0	0	0	
113560	ParaHippocampal_R	322	680	0	486	0	0	0	0	0	0	0	0	0	0	0	0	0	0	0	120	0	0	0	0	0	0	0	0	0	876	0	0	0	0	512	1568	252	19628	0	0	0	3336	0	292	0	0	0	3660	0	0	0	0	0	0	0	12650	0	0	0	0	0	0	0	0	0	0	0	2056	0	0	0	0	0	3512	0	0	536	1274	0	0	0	852	0	634	0	886	0	264	0	500	0	0	0	0	0	0	0	1726	0	0	0	0	0	0	0	0	0	0	0	0	158	0	0	0	0	0	
70936	Amygdala_L	288	0	210	530	246	0	0	0	0	0	0	0	0	0	454	0	0	0	406	584	670	0	0	0	0	0	0	0	3090	0	144	0	0	0	0	0	7508	0	2416	0	0	0	0	0	0	0	0	0	0	0	0	0	0	0	4650	0	0	0	0	0	0	0	0	0	0	0	0	0	478	0	1114	0	4782	0	704	0	3712	0	0	0	0	0	1070	0	0	0	164	0	2248	0	0	0	0	0	0	0	0	0	0	0	0	0	0	0	0	0	0	0	0	0	0	0	0	0	0	0	
50924	Amygdala_R	0	0	0	0	0	0	0	0	0	0	0	0	0	0	0	0	0	0	0	0	0	514	0	0	0	0	0	0	0	1544	0	0	0	0	0	0	0	8454	0	3336	0	0	0	0	0	0	0	0	0	0	0	0	0	0	0	5810	0	0	0	0	0	0	0	0	0	0	0	0	0	0	0	0	0	1196	0	0	0	0	0	0	0	0	0	1628	0	198	0	0	0	2782	0	0	0	0	0	0	0	0	0	0	0	0	0	0	0	0	0	0	0	0	0	0	0	0	0	0	
264972	Calcarine_L	92	0	0	114	0	0	0	0	0	0	0	0	0	0	0	0	0	0	0	116	0	0	0	0	0	0	0	0	0	0	0	0	138	0	5976	0	3584	0	2742	0	0	0	0	8348	13516	7412	18570	1772	10476	4690	19588	1418	8218	206	3800	616	2034	0	722	0	116	0	0	0	0	0	15372	314	890	0	0	0	0	0	0	0	0	0	0	0	0	0	0	0	818	0	0	0	322	0	148	0	146	0	0	0	0	0	212	0	0	0	0	0	0	0	0	0	0	0	0	0	0	0	0	0	
239696	Calcarine_R	0	470	0	0	0	0	0	0	0	0	0	0	0	0	0	0	0	0	0	214	0	0	0	0	0	0	0	0	0	0	0	0	0	780	0	1700	0	506	0	292	0	0	8348	0	3884	24002	1408	13442	0	19366	0	10364	0	4330	0	6032	0	2738	0	194	0	410	0	510	0	826	294	13676	0	1348	0	0	0	0	0	0	0	0	0	0	0	268	0	0	0	3032	0	0	0	928	0	0	0	0	0	0	0	142	0	0	0	0	0	0	0	0	0	0	0	0	344	0	0	0	0	0	
179772	Cuneus_L	0	0	0	0	0	0	0	0	0	0	0	0	0	0	0	0	0	0	0	0	0	0	0	0	0	0	0	0	0	0	0	0	348	0	1352	0	216	0	240	0	0	0	13516	3884	0	6518	5414	240	22384	2798	14370	388	4048	0	1268	0	298	0	1894	0	124	0	0	0	94	0	7396	380	726	0	0	0	0	0	0	0	162	0	0	0	0	0	0	0	1156	0	0	0	0	0	220	0	220	0	0	0	0	0	232	0	0	0	0	0	0	0	0	0	0	0	0	0	0	0	0	0	
220996	Cuneus_R	0	98	0	0	0	0	0	0	0	0	0	0	0	0	0	0	0	0	0	222	0	0	0	0	0	0	0	0	0	0	0	0	0	936	0	202	0	154	0	0	0	0	7412	24002	6518	0	514	2658	116	28930	0	9630	0	682	0	1022	0	818	0	2316	0	510	0	704	0	878	2052	13132	0	644	0	0	0	0	0	0	0	0	0	0	0	530	0	0	0	5508	0	0	0	310	0	0	0	0	0	0	0	0	0	0	0	0	0	0	0	0	0	0	0	0	0	0	0	0	0	0	
311444	Lingual_L	0	0	0	0	0	0	0	0	0	0	0	0	0	0	0	0	0	0	0	0	0	0	0	0	0	0	0	0	0	0	0	0	0	0	2156	0	2868	0	3298	0	0	0	18570	1408	5414	514	0	2470	9364	568	21292	128	13768	0	15582	716	188	0	118	0	0	0	0	0	0	0	5936	0	0	0	0	0	0	0	0	0	156	0	0	0	0	0	0	0	252	0	0	0	220	0	10232	616	3268	328	102	0	9194	608	15010	1258	302	0	602	94	0	0	0	0	0	278	4292	3106	998	162	98	188	
213820	Lingual_R	120	492	0	0	0	0	0	0	0	0	0	0	0	0	0	0	0	0	0	0	0	0	0	0	0	0	0	0	0	0	0	0	0	218	314	4996	150	5486	0	3660	0	0	1772	13442	240	2658	2470	0	0	3760	0	2764	0	3326	420	17312	0	1654	0	0	0	0	0	0	0	0	92	8938	0	956	0	0	0	0	0	0	382	328	0	0	0	322	0	0	0	506	0	0	0	288	1668	3688	338	520	0	0	686	4414	2662	6674	0	0	0	172	0	0	0	0	0	140	3320	4766	796	0	0	0	
251392	Occipital_Sup_L	0	0	0	0	0	0	0	0	0	0	0	0	0	0	0	0	0	0	0	0	0	0	0	0	0	0	0	0	0	0	0	0	392	0	1790	0	0	0	0	0	0	0	10476	0	22384	116	9364	0	0	0	36862	0	5446	0	1612	0	550	0	12146	0	2712	0	176	0	2482	0	11988	0	382	0	0	0	0	0	0	0	0	0	0	0	0	0	0	0	5592	0	0	0	150	0	354	0	354	0	0	0	0	0	368	0	0	0	0	0	0	0	0	0	0	0	0	0	0	0	0	0	
249156	Occipital_Sup_R	0	568	0	0	0	0	0	0	0	0	0	0	0	0	0	0	0	0	0	0	0	0	0	0	0	0	0	0	0	0	0	0	0	324	0	312	0	240	0	0	0	0	4690	19366	2798	28930	568	3760	0	0	0	17136	0	1376	0	2030	0	2654	0	5316	0	5004	0	1350	0	8396	1426	8308	0	728	0	0	0	0	0	0	0	0	0	0	0	876	0	0	0	7166	0	0	0	1256	0	0	0	0	0	0	0	0	0	0	0	0	0	0	0	0	0	0	0	0	0	0	0	0	0	0	
511000	Occipital_Mid_L	0	0	0	0	0	0	0	0	0	0	0	0	0	0	0	0	114	0	0	0	0	0	0	0	0	0	0	0	568	0	0	0	1130	0	3478	0	376	0	650	0	0	0	19588	0	14370	0	21292	0	36862	0	0	0	26644	0	9080	0	7094	0	18410	0	16036	0	1102	0	23846	0	15462	0	1474	0	0	0	0	0	0	0	0	0	490	0	532	0	0	0	27864	0	0	0	3460	0	1838	0	1786	0	0	0	0	0	1954	0	0	0	0	0	0	0	0	0	0	0	0	0	0	0	0	0	
170572	Occipital_Mid_R	0	106	0	0	0	0	0	0	0	0	0	0	0	0	0	0	0	0	0	0	0	0	0	0	0	0	0	0	0	0	0	0	0	0	0	298	0	148	0	0	0	0	1418	10364	388	9630	128	2764	0	17136	0	0	0	4048	0	1914	0	812	0	3150	0	4814	0	438	0	13014	192	2696	0	140	0	0	0	0	0	0	0	0	0	0	0	340	0	0	0	10836	0	0	0	512	0	0	0	0	0	0	0	0	0	0	0	0	0	0	0	0	0	0	0	0	0	0	0	0	0	0	
176648	Occipital_Inf_L	0	0	0	0	0	0	0	0	0	0	0	0	0	0	0	0	0	0	0	0	0	0	0	0	0	0	0	0	522	0	0	0	0	0	332	0	316	0	378	0	0	0	8218	0	4048	0	13768	0	5446	0	26644	0	0	0	11102	0	664	0	0	0	0	0	0	0	0	0	1224	0	0	0	0	0	0	0	0	0	0	0	446	0	152	0	0	0	3702	0	0	0	4996	0	2048	0	1958	0	0	0	0	0	2156	0	0	0	0	0	0	0	0	0	0	0	0	92	112	0	0	0	
54428	Occipital_Inf_R	0	102	0	0	0	0	0	0	0	0	0	0	0	0	0	0	0	0	0	0	0	0	0	0	0	0	0	0	0	0	0	0	0	0	0	546	0	490	0	0	0	0	206	4330	0	682	0	3326	0	1376	0	4048	0	0	0	6586	0	176	0	0	0	0	0	0	0	212	0	1370	0	0	0	0	0	0	0	0	0	0	0	0	0	0	0	0	0	742	0	0	0	2616	0	104	0	0	0	0	0	0	0	180	0	0	0	0	0	0	0	0	0	0	0	122	0	0	0	0	
394980	Fusiform_L	312	0	368	684	0	0	0	0	0	0	0	0	0	0	0	0	92	0	386	702	182	0	0	0	0	0	0	0	2022	0	0	0	0	0	1270	292	18298	122	10458	0	4650	0	3800	0	1268	0	15582	420	1612	0	9080	0	11102	0	0	290	218	0	0	0	0	0	0	0	0	0	2350	0	156	0	474	0	3788	0	314	0	2254	0	1224	0	2210	0	2016	0	4368	0	1516	0	18270	0	19894	210	3716	112	936	0	14162	346	28418	558	888	0	1066	0	196	0	0	0	0	300	2738	1222	312	142	124	0	
353084	Fusiform_R	178	750	0	148	0	0	0	0	0	0	0	0	0	0	0	0	0	0	0	164	0	0	0	0	0	0	0	0	0	706	0	0	0	0	242	1762	136	20500	0	12650	0	5810	616	6032	0	1022	716	17312	0	2030	0	1914	0	6586	290	0	0	422	0	0	0	0	0	108	0	0	0	3286	0	148	0	0	0	1882	0	0	354	548	0	106	0	2070	0	3818	0	5200	0	900	0	12994	1988	16332	676	1666	0	1206	930	7114	2788	20890	256	346	290	818	106	96	0	0	0	124	2948	5140	1194	138	96	0	
330392	Postcentral_L	26458	1096	4210	748	0	0	4704	198	0	0	3046	104	380	0	0	0	12662	0	3238	990	0	0	130	0	0	0	0	0	8700	0	580	342	1358	404	6586	1330	914	426	118	0	0	0	2034	0	298	0	188	0	550	0	7094	0	664	0	218	0	0	514	7326	0	16502	0	7044	0	1254	0	6170	0	9168	158	1880	106	912	0	0	0	1642	324	4266	0	8274	0	138	0	8178	0	0	0	1572	0	0	0	0	0	0	0	0	0	0	0	0	0	0	0	0	0	0	0	0	0	0	0	0	0	0	0	
174140	Postcentral_R	594	16332	112	244	0	0	0	0	0	0	0	208	0	0	0	0	0	3336	214	1146	0	0	0	0	0	0	0	0	0	842	0	0	0	1634	2194	7260	0	946	0	0	0	0	0	2738	0	818	0	1654	0	2654	0	812	0	176	0	422	514	0	0	2726	0	5050	0	8712	0	2266	352	8246	2058	7376	144	194	0	732	0	136	104	444	0	166	0	356	0	0	0	2182	0	0	0	976	0	0	0	0	0	0	0	0	0	0	0	0	0	0	0	0	0	0	0	0	0	0	0	0	0	0	
164168	Parietal_Sup_L	92	0	0	0	0	0	0	0	0	0	0	0	0	0	0	0	94	0	0	0	0	0	0	0	0	0	0	0	338	0	0	0	180	0	1372	0	0	0	0	0	0	0	722	0	1894	0	118	0	12146	0	18410	0	0	0	0	0	7326	0	0	0	11550	0	0	0	10100	0	14610	0	1088	0	0	0	0	0	0	0	0	0	0	0	170	0	0	0	1874	0	0	0	0	0	0	0	0	0	0	0	0	0	0	0	0	0	0	0	0	0	0	0	0	0	0	0	0	0	0	0	
58196	Parietal_Sup_R	0	0	0	0	0	0	0	0	0	0	0	0	0	0	0	0	0	0	0	0	0	0	0	0	0	0	0	0	0	0	0	0	0	0	0	0	0	0	0	0	0	0	0	194	0	2316	0	0	0	5316	0	3150	0	0	0	0	0	2726	0	0	0	3488	0	1240	0	3948	528	5830	0	0	0	0	0	0	0	0	0	0	0	0	0	0	0	0	0	362	0	0	0	0	0	0	0	0	0	0	0	0	0	0	0	0	0	0	0	0	0	0	0	0	0	0	0	0	0	0	
208328	Parietal_Inf_L	1694	0	0	100	0	0	0	0	0	0	0	0	0	0	0	0	970	0	0	96	0	0	0	0	0	0	0	0	396	0	0	0	206	0	626	0	0	0	0	0	0	0	116	0	124	0	0	0	2712	0	16036	0	0	0	0	0	16502	0	11550	0	0	0	15000	0	22470	0	4002	0	304	0	242	0	0	0	0	0	0	0	0	0	1636	0	0	0	9150	0	0	0	232	0	0	0	0	0	0	0	0	0	0	0	0	0	0	0	0	0	0	0	0	0	0	0	0	0	0	0	
131188	Parietal_Inf_R	0	1234	0	0	0	0	0	0	0	0	0	0	0	0	0	0	0	0	0	0	0	0	0	0	0	0	0	0	0	0	0	0	0	0	0	256	0	0	0	0	0	0	0	410	0	510	0	0	0	5004	0	4814	0	0	0	0	0	5050	0	3488	0	0	0	11196	0	18980	1248	6938	0	1346	0	0	0	0	0	0	0	0	0	0	0	352	0	0	0	3808	0	0	0	960	0	0	0	0	0	0	0	0	0	0	0	0	0	0	0	0	0	0	0	0	0	0	0	0	0	0	
100432	SupraMarginal_L	358	0	0	122	0	0	0	0	0	0	0	0	0	0	0	0	470	0	0	96	0	0	0	0	0	0	0	0	250	0	0	0	116	0	154	0	198	0	0	0	0	0	0	0	0	0	0	0	176	0	1102	0	0	0	0	0	7044	0	0	0	15000	0	0	0	4902	0	4010	0	210	0	0	0	0	0	0	0	0	0	200	0	5428	0	0	0	10380	0	0	0	0	0	0	0	0	0	0	0	0	0	0	0	0	0	0	0	0	0	0	0	0	0	0	0	0	0	0	0	
104892	SupraMarginal_R	0	1276	0	0	0	0	0	0	0	0	0	0	0	0	0	0	0	1278	0	0	0	0	0	0	0	0	0	0	0	150	0	0	0	98	0	360	0	180	0	0	0	0	0	510	0	704	0	0	0	1350	0	438	0	0	0	108	0	8712	0	1240	0	11196	0	0	0	6302	726	7286	0	338	0	0	0	0	0	0	0	0	0	338	0	5450	0	0	0	3890	0	0	0	516	0	0	0	0	0	0	0	0	0	0	0	0	0	0	0	0	0	0	0	0	0	0	0	0	0	0	
159904	Angular_L	0	0	0	0	0	0	0	0	0	0	0	0	0	0	0	0	0	0	0	0	0	0	0	0	0	0	0	0	0	0	0	0	192	0	628	0	0	0	0	0	0	0	0	0	94	0	0	0	2482	0	23846	0	0	0	0	0	1254	0	10100	0	22470	0	4902	0	0	0	3938	0	152	0	0	0	0	0	0	0	0	0	0	0	440	0	0	0	9344	0	0	0	110	0	0	0	0	0	0	0	0	0	0	0	0	0	0	0	0	0	0	0	0	0	0	0	0	0	0	0	
151164	Angular_R	0	830	0	0	0	0	0	0	0	0	0	0	0	0	0	0	0	0	0	0	0	0	0	0	0	0	0	0	0	0	0	0	0	0	0	152	0	0	0	0	0	0	0	826	0	878	0	0	0	8396	0	13014	0	212	0	0	0	2266	0	3948	0	18980	0	6302	0	0	978	4878	0	1006	0	0	0	0	0	0	0	0	0	0	0	2710	0	0	0	9196	0	0	0	1010	0	0	0	0	0	0	0	0	0	0	0	0	0	0	0	0	0	0	0	0	0	0	0	0	0	0	
296832	Precuneus_L	836	94	0	162	0	0	0	0	0	0	0	0	0	0	0	0	276	0	262	252	0	0	0	0	0	0	0	0	336	0	0	0	2698	290	11198	1912	6734	0	3906	0	0	0	15372	294	7396	2052	5936	92	11988	1426	15462	192	1224	0	2350	0	6170	352	14610	528	4002	1248	4010	726	3938	978	0	6024	5046	0	0	0	0	0	0	0	206	0	354	0	904	102	0	0	5782	234	0	0	462	0	0	0	0	0	0	0	0	0	0	0	0	0	0	0	0	0	0	0	0	0	0	0	0	0	0	0	
272252	Precuneus_R	742	1728	0	0	0	0	0	0	0	0	0	0	0	0	0	0	0	162	0	792	0	0	0	0	0	0	0	0	0	0	0	0	0	3402	1900	12428	686	4572	0	2056	0	0	314	13676	380	13132	0	8938	0	8308	0	2696	0	1370	0	3286	0	8246	0	5830	0	6938	0	7286	0	4878	6024	0	228	4636	0	0	0	0	0	0	326	150	0	0	0	1866	0	0	0	5972	0	0	0	1000	0	0	0	0	0	0	0	904	0	0	0	0	0	0	0	0	0	0	0	0	1274	0	0	0	0	0	
207832	Paracentral_Lobule_L	12886	4322	1158	2922	0	0	0	96	0	0	0	0	0	0	0	0	0	0	6276	13034	0	0	0	0	0	0	0	0	388	0	0	0	3048	5636	10106	4266	552	422	0	0	478	0	890	0	726	0	0	0	382	0	1474	0	0	0	156	0	9168	2058	1088	0	304	0	210	0	152	0	5046	228	0	5398	1774	802	1078	442	1550	246	2854	384	0	0	276	0	106	0	1330	0	0	0	204	0	0	0	0	0	0	0	0	0	0	0	0	0	0	0	0	0	0	0	0	0	0	0	0	0	0	0	
122820	Paracentral_Lobule_R	4332	5560	0	138	0	0	0	0	0	0	0	0	0	0	0	0	0	0	302	11960	0	0	0	0	0	0	0	0	0	0	0	0	392	7074	650	4762	0	284	0	0	0	0	0	1348	0	644	0	956	0	728	0	140	0	0	0	148	158	7376	0	0	0	1346	0	338	0	1006	0	4636	5398	0	828	98	0	0	186	0	464	0	0	0	0	0	0	0	0	158	0	0	0	0	0	0	0	0	0	0	0	0	0	0	0	0	0	0	0	0	0	0	0	0	0	0	0	0	0	0	
413212	Caudate_L	5690	2366	15308	6376	4676	444	5496	1636	0	0	1298	3640	344	4284	2038	316	1124	320	17708	11002	6096	7410	716	692	1334	382	4728	1588	11584	544	8796	6690	364	6972	122	310	1764	142	198	0	1114	0	0	0	0	0	0	0	0	0	0	0	0	0	474	0	1880	144	0	0	242	0	0	0	0	0	0	0	1774	828	0	9254	26608	978	3450	202	11386	1578	698	0	272	0	770	0	132	0	0	0	324	0	0	0	0	0	0	0	0	0	0	0	0	0	0	0	0	0	0	0	0	0	0	0	0	0	0	0	
288792	Caudate_R	358	13578	1142	8934	682	1118	206	328	0	0	0	4564	0	1084	296	212	0	2330	2066	10476	2458	4924	0	2712	128	1796	1952	1986	668	3798	2090	20740	0	292	98	112	0	410	0	0	0	0	0	0	0	0	0	0	0	0	0	0	0	0	0	0	106	194	0	0	0	0	0	0	0	0	0	0	802	98	9254	0	4568	15530	380	5376	3116	13434	0	0	0	0	0	0	0	0	0	0	0	0	0	0	0	0	0	0	0	0	0	0	0	0	0	0	0	0	0	0	0	0	0	0	0	0	0	0	
394000	Putamen_L	2386	834	20378	5142	5344	186	1920	858	614	0	1414	770	1008	702	4442	0	736	112	19916	5810	2504	4280	1140	222	1158	236	2682	740	24616	158	10186	3388	0	884	0	0	9806	118	1558	0	4782	0	0	0	0	0	0	0	0	0	0	0	0	0	3788	0	912	0	0	0	0	0	0	0	0	0	0	0	1078	0	26608	4568	0	684	6438	162	7226	136	272	0	1028	0	942	0	102	0	0	0	2026	0	0	0	0	0	0	0	0	0	0	0	0	0	0	0	0	0	0	0	0	0	0	0	0	0	0	0	
276704	Putamen_R	232	2506	440	14956	194	5720	0	1386	0	150	0	5422	0	228	0	576	0	5722	1988	6812	278	524	0	9344	0	5388	270	1442	224	15550	514	13384	0	364	106	106	0	9154	0	3512	0	1196	0	0	0	0	0	0	0	0	0	0	0	0	0	1882	0	732	0	0	0	0	0	0	0	0	0	0	442	0	978	15530	684	0	0	5314	720	3158	0	0	0	270	0	204	0	260	0	0	0	490	0	0	0	0	0	0	0	0	0	0	0	0	0	0	0	0	0	0	0	0	0	0	0	0	0	0	
47552	Pallidum_L	420	270	1038	406	0	0	0	0	0	0	0	0	0	0	0	0	0	0	1296	702	0	148	0	0	0	0	0	0	138	0	0	0	0	162	0	96	822	0	144	0	704	0	0	0	0	0	0	0	0	0	0	0	0	0	314	0	0	0	0	0	0	0	0	0	0	0	0	0	1550	186	3450	380	6438	0	0	0	4666	254	0	0	0	0	0	0	0	0	0	0	192	0	0	0	0	0	0	0	0	0	0	0	0	0	0	0	0	0	0	0	0	0	0	0	0	0	0	0	
35092	Pallidum_R	114	338	200	314	0	0	0	0	0	0	0	356	0	0	0	0	0	854	932	1408	0	0	0	0	0	0	0	0	0	414	0	190	0	0	0	0	0	0	0	0	0	0	0	0	0	0	0	0	0	0	0	0	0	0	0	0	0	136	0	0	0	0	0	0	0	0	0	0	246	0	202	5376	162	5314	0	0	868	122	0	0	0	0	0	0	0	0	0	0	0	0	0	0	0	0	0	0	0	0	0	0	0	0	0	0	0	0	0	0	0	0	0	0	0	0	0	0	
215464	Thalamus_L	12914	3902	3220	3110	0	0	204	1010	0	0	0	322	0	0	136	0	0	0	1188	2566	0	0	0	0	0	0	0	0	1440	256	0	94	120	334	4240	6218	7548	3460	1784	536	3712	0	0	0	162	0	156	382	0	0	0	0	0	0	2254	354	1642	104	0	0	0	0	0	0	0	0	206	326	2854	464	11386	3116	7226	720	4666	868	0	10670	278	0	0	0	314	0	0	0	0	0	916	0	0	0	0	0	0	0	0	0	0	0	0	0	0	0	0	0	0	0	0	0	354	0	0	0	0	0	
185376	Thalamus_R	2000	26762	130	12052	0	0	0	382	0	0	0	144	0	0	0	0	0	1474	0	172	0	0	0	0	0	0	0	0	142	1798	0	0	0	0	2940	4420	1340	5532	0	1274	0	0	0	0	0	0	0	328	0	0	0	0	0	0	0	548	324	444	0	0	0	0	0	0	0	0	0	150	384	0	1578	13434	136	3158	254	122	10670	0	0	104	0	106	0	0	0	98	0	0	96	98	0	0	0	0	0	0	0	94	0	0	0	0	0	0	0	0	0	0	0	0	0	0	0	0	0	0	
101364	Heschl_L	4090	0	1714	406	0	0	1516	0	0	0	1098	0	148	0	0	0	6214	0	1164	386	0	0	0	0	0	0	0	0	11430	0	0	0	0	0	580	360	1734	0	0	0	0	0	0	0	0	0	0	0	0	0	490	0	446	0	1224	0	4266	0	0	0	0	0	200	0	0	0	354	0	0	0	698	0	272	0	0	0	278	0	0	0	7430	0	216	0	2662	0	0	0	1306	0	0	0	0	0	0	0	0	0	0	0	0	0	0	0	0	0	0	0	0	0	0	0	0	0	0	0	
23280	Heschl_R	0	0	0	0	0	0	0	0	0	0	0	0	0	0	0	0	0	1050	0	0	0	0	0	0	0	0	0	0	0	2170	0	0	0	0	106	108	0	526	0	0	0	0	0	0	0	0	0	0	0	0	0	0	0	0	0	106	0	166	0	0	0	0	0	338	0	0	0	0	0	0	0	0	0	0	0	0	0	104	0	0	0	5008	0	96	0	1862	0	0	0	0	0	0	0	0	0	0	0	0	0	0	0	0	0	0	0	0	0	0	0	0	0	0	0	0	0	0	
221004	Temporal_Sup_L	6576	138	1860	396	0	0	1574	126	0	0	3922	0	2328	0	0	0	13378	0	1024	330	0	0	0	0	0	0	0	0	10484	0	0	0	0	0	604	100	2460	0	0	0	0	0	0	0	0	0	0	0	0	0	532	0	152	0	2210	0	8274	0	170	0	1636	0	5428	0	440	0	904	0	276	0	272	0	1028	0	0	0	0	0	7430	0	0	0	5482	0	23160	0	0	0	7808	0	0	0	0	0	0	0	0	0	0	0	0	0	0	0	0	0	0	0	0	0	0	0	0	0	0	0	
93996	Temporal_Sup_R	0	154	0	0	0	0	0	0	0	0	0	0	0	0	0	0	0	1160	0	0	0	0	0	0	0	0	0	0	0	4806	0	0	0	200	122	478	0	2486	0	852	0	0	0	268	0	530	0	322	0	876	0	340	0	0	0	2070	0	356	0	0	0	352	0	5450	0	2710	102	1866	0	0	0	0	0	270	0	0	0	106	0	5008	0	0	0	2700	0	12570	0	0	0	844	0	0	0	0	0	0	0	0	0	0	0	0	0	0	0	0	0	0	0	0	0	0	0	0	0	0	
119156	Temporal_Pole_Sup_L	426	0	1896	116	856	0	254	0	0	0	5862	328	2830	338	2472	0	2576	0	1896	276	1162	0	112	0	0	0	428	0	7386	0	516	282	0	392	0	0	1358	0	724	0	1070	0	0	0	0	0	0	0	0	0	0	0	0	0	2016	0	138	0	0	0	0	0	0	0	0	0	0	0	106	0	770	0	942	0	0	0	314	0	216	0	5482	0	0	0	6138	0	4174	0	5726	0	0	0	0	0	0	0	0	0	0	0	0	0	0	0	0	0	0	0	0	0	0	0	0	0	0	0	
32068	Temporal_Pole_Sup_R	0	0	0	0	0	0	0	0	0	0	0	0	0	0	0	0	0	582	0	0	0	0	0	0	0	0	0	0	0	1000	0	0	0	0	0	0	0	1242	0	634	0	1628	0	0	0	0	0	0	0	0	0	0	0	0	0	3818	0	0	0	0	0	0	0	0	0	0	0	0	0	0	0	0	0	204	0	0	0	0	0	96	0	2700	0	0	0	1308	0	794	0	2028	0	0	0	0	0	0	0	0	0	0	0	0	0	0	0	0	0	0	0	0	0	0	0	0	0	0	
333048	Temporal_Mid_L	240	0	0	418	0	0	0	0	0	0	698	0	686	0	0	0	1912	0	138	322	0	0	0	0	0	0	0	0	2890	0	0	0	942	0	2252	116	1840	0	0	0	0	0	818	0	1156	0	252	0	5592	0	27864	0	3702	0	4368	0	8178	0	1874	0	9150	0	10380	0	9344	0	5782	0	1330	0	132	0	102	0	0	0	0	0	2662	0	23160	0	6138	0	0	0	3766	0	28320	0	0	0	0	0	0	0	0	0	0	0	0	0	0	0	0	0	0	0	0	0	0	0	0	0	0	0	
202408	Temporal_Mid_R	0	272	0	0	0	0	0	0	0	0	0	0	0	0	0	0	0	234	0	0	0	0	0	0	0	0	0	0	0	2186	0	0	0	140	122	938	0	3648	0	886	0	198	0	3032	0	5508	0	506	0	7166	0	10836	0	742	0	5200	0	2182	0	362	0	3808	0	3890	0	9196	234	5972	0	158	0	0	0	260	0	0	0	98	0	1862	0	12570	0	1308	0	0	0	728	0	16962	0	0	0	0	0	0	0	0	0	0	0	0	0	0	0	0	0	0	0	0	0	0	0	0	0	0	
28968	Temporal_Pole_Mid_L	0	0	0	0	0	0	0	0	0	0	0	0	0	0	0	0	0	0	0	0	0	0	0	0	0	0	0	0	0	0	0	0	0	0	0	0	122	0	464	0	164	0	0	0	0	0	0	0	0	0	0	0	0	0	1516	0	0	0	0	0	0	0	0	0	0	0	0	0	0	0	0	0	0	0	0	0	0	0	0	0	0	0	4174	0	3766	0	0	0	4278	0	0	0	0	0	0	0	0	0	0	0	0	0	0	0	0	0	0	0	0	0	0	0	0	0	0	0	
6492	Temporal_Pole_Mid_R	0	0	0	0	0	0	0	0	0	0	0	0	0	0	0	0	0	0	0	0	0	0	0	0	0	0	0	0	0	0	0	0	0	0	0	0	0	0	0	264	0	0	0	0	0	0	0	0	0	0	0	0	0	0	0	900	0	0	0	0	0	0	0	0	0	0	0	0	0	0	0	0	0	0	0	0	0	0	0	0	0	0	0	794	0	728	0	0	0	560	0	0	0	0	0	0	0	0	0	0	0	0	0	0	0	0	0	0	0	0	0	0	0	0	0	0	
208604	Temporal_Inf_L	348	0	320	638	0	0	0	0	0	0	0	0	0	0	0	0	258	0	306	630	0	0	0	0	0	0	0	0	2730	0	0	0	0	0	776	276	9574	160	960	0	2248	0	322	0	0	0	220	0	150	0	3460	0	4996	0	18270	0	1572	0	0	0	232	0	0	0	110	0	462	0	204	0	324	0	2026	0	192	0	916	96	1306	0	7808	0	5726	0	28320	0	4278	0	0	0	2294	0	524	0	0	0	214	0	642	0	284	0	130	0	0	0	0	0	0	0	0	0	0	0	0	0	
111116	Temporal_Inf_R	0	278	0	0	0	0	0	0	0	0	0	0	0	0	0	0	0	0	0	0	0	0	0	0	0	0	0	0	0	544	0	0	0	0	0	426	0	4330	0	500	0	2782	0	928	0	310	0	288	0	1256	0	512	0	2616	0	12994	0	976	0	0	0	960	0	516	0	1010	0	1000	0	0	0	0	0	490	0	0	0	98	0	0	0	844	0	2028	0	16962	0	560	0	0	0	1462	0	614	0	0	0	0	0	116	0	0	0	158	0	0	0	0	0	0	0	0	0	0	0	0	
500992	Cerebelum_Crus1_L	0	0	0	0	0	0	0	0	0	0	0	0	0	0	0	0	0	0	0	0	0	0	0	0	0	0	0	0	0	0	0	0	0	0	0	0	0	0	214	0	0	0	148	0	220	0	10232	1668	354	0	1838	0	2048	0	19894	1988	0	0	0	0	0	0	0	0	0	0	0	0	0	0	0	0	0	0	0	0	0	0	0	0	0	0	0	0	0	0	0	0	2294	0	0	4850	38954	4172	1146	298	27034	3784	57364	5710	17864	514	16080	1906	1308	114	0	0	212	1258	9698	7334	7890	1070	748	290	
406856	Cerebelum_Crus1_R	0	0	0	0	0	0	0	0	0	0	0	0	0	0	0	0	0	0	0	0	0	0	0	0	0	0	0	0	0	0	0	0	0	0	0	0	0	0	0	0	0	0	0	0	0	0	616	3688	0	0	0	0	0	104	210	16332	0	0	0	0	0	0	0	0	0	0	0	0	0	0	0	0	0	0	0	0	0	0	0	0	0	0	0	0	0	0	0	0	0	1462	4850	0	6048	39418	108	832	1852	14484	3548	47144	2794	8264	1736	17456	286	806	0	0	0	534	10796	8820	9548	1038	654	0	
414168	Cerebelum_Crus2_L	0	0	0	0	0	0	0	0	0	0	0	0	0	0	0	0	0	0	0	0	0	0	0	0	0	0	0	0	0	0	0	0	0	0	0	0	0	0	0	0	0	0	146	0	220	0	3268	338	354	0	1786	0	1958	0	3716	676	0	0	0	0	0	0	0	0	0	0	0	0	0	0	0	0	0	0	0	0	0	0	0	0	0	0	0	0	0	0	0	0	524	0	38954	6048	0	16030	222	550	3792	5180	10530	3438	34828	4864	25758	7232	1452	780	0	246	234	750	5742	2388	19008	4666	1100	306	
364880	Cerebelum_Crus2_R	0	0	0	0	0	0	0	0	0	0	0	0	0	0	0	0	0	0	0	0	0	0	0	0	0	0	0	0	0	0	0	0	0	0	0	0	0	0	0	0	0	0	0	0	0	0	328	520	0	0	0	0	0	0	112	1666	0	0	0	0	0	0	0	0	0	0	0	0	0	0	0	0	0	0	0	0	0	0	0	0	0	0	0	0	0	0	0	0	0	614	4172	39418	16030	0	128	1040	1814	7018	1970	9462	8838	19616	5222	28778	242	1854	0	380	0	720	6402	2652	17286	3880	1698	580	
56276	Cerebelum_3_L	0	0	0	0	0	0	0	0	0	0	0	0	0	0	0	0	0	0	0	0	0	0	0	0	0	0	0	0	0	0	0	0	0	0	0	0	0	0	102	0	0	0	0	0	0	0	102	0	0	0	0	0	0	0	936	0	0	0	0	0	0	0	0	0	0	0	0	0	0	0	0	0	0	0	0	0	0	0	0	0	0	0	0	0	0	0	0	0	0	0	1146	108	222	128	0	0	9378	0	3474	192	308	0	2526	0	2144	0	124	0	870	4122	960	512	288	242	142	112	
43888	Cerebelum_3_R	0	0	0	0	0	0	0	0	0	0	0	0	0	0	0	0	0	0	0	0	0	0	0	0	0	0	0	0	0	0	0	0	0	0	0	0	0	0	0	0	0	0	0	0	0	0	0	0	0	0	0	0	0	0	0	1206	0	0	0	0	0	0	0	0	0	0	0	0	0	0	0	0	0	0	0	0	0	0	0	0	0	0	0	0	0	0	0	0	0	0	298	832	550	1040	0	0	308	4386	280	3038	258	116	378	1194	0	698	0	0	138	2040	1654	116	1034	1200	1180	0	
354732	Cerebelum_4_5_L	0	0	0	0	0	0	0	0	0	0	0	0	0	0	0	0	0	0	0	0	0	0	0	0	0	0	0	0	0	0	0	0	0	0	0	0	208	0	1124	0	0	0	0	0	0	0	9194	686	0	0	0	0	0	0	14162	930	0	0	0	0	0	0	0	0	0	0	0	0	0	0	0	0	0	0	0	0	0	0	0	0	0	0	0	0	0	0	0	0	214	0	27034	1852	3792	1814	9378	308	0	3330	44898	4076	2958	196	8584	1418	3928	556	552	0	526	3972	15518	5788	3806	2928	2106	1530	
253452	Cerebelum_4_5_R	0	0	0	0	0	0	0	0	0	0	0	0	0	0	0	0	0	0	0	0	0	0	0	0	0	0	0	0	0	0	0	0	0	0	0	418	0	1288	0	1726	0	0	0	142	0	0	608	4414	0	0	0	0	0	0	346	7114	0	0	0	0	0	0	0	0	0	0	0	904	0	0	0	0	0	0	0	0	0	94	0	0	0	0	0	0	0	0	0	0	0	0	3784	14484	5180	7018	0	4386	3330	0	2556	24516	2822	896	2492	6450	132	1390	0	0	0	1162	17662	908	6626	1990	1616	272	
489112	Cerebelum_6_L	0	0	0	0	0	0	0	0	0	0	0	0	0	0	0	0	0	0	0	0	0	0	0	0	0	0	0	0	0	0	0	0	0	0	0	0	116	0	758	0	0	0	212	0	232	0	15010	2662	368	0	1954	0	2156	0	28418	2788	0	0	0	0	0	0	0	0	0	0	0	0	0	0	0	0	0	0	0	0	0	0	0	0	0	0	0	0	0	0	0	0	642	0	57364	3548	10530	1970	3474	280	44898	2556	0	6506	5124	206	7984	1034	2534	548	494	0	308	1996	13616	12446	5408	2902	2140	1374	
361580	Cerebelum_6_R	0	0	0	0	0	0	0	0	0	0	0	0	0	0	0	0	0	0	0	0	0	0	0	0	0	0	0	0	0	0	0	0	0	0	0	0	0	0	0	0	0	0	0	0	0	0	1258	6674	0	0	0	0	0	180	558	20890	0	0	0	0	0	0	0	0	0	0	0	0	0	0	0	0	0	0	0	0	0	0	0	0	0	0	0	0	0	0	0	0	0	116	5710	47144	3438	9462	192	3038	4076	24516	6506	0	1464	1710	1396	4738	470	616	0	0	0	786	14446	13130	6974	866	336	100	
287304	Cerebelum_7b_L	0	0	0	0	0	0	0	0	0	0	0	0	0	0	0	0	0	0	0	0	0	0	0	0	0	0	0	0	0	0	0	0	0	0	0	0	0	0	0	0	0	0	0	0	0	0	302	0	0	0	0	0	0	0	888	256	0	0	0	0	0	0	0	0	0	0	0	0	0	0	0	0	0	0	0	0	0	0	0	0	0	0	0	0	0	0	0	0	284	0	17864	2794	34828	8838	308	258	2958	2822	5124	1464	0	2708	32746	4870	2492	682	270	218	0	284	2996	862	10602	4074	1378	482	
135804	Cerebelum_7b_R	0	0	0	0	0	0	0	0	0	0	0	0	0	0	0	0	0	0	0	0	0	0	0	0	0	0	0	0	0	0	0	0	0	0	0	0	0	0	0	0	0	0	0	0	0	0	0	0	0	0	0	0	0	0	0	346	0	0	0	0	0	0	0	0	0	0	0	0	0	0	0	0	0	0	0	0	0	0	0	0	0	0	0	0	0	0	0	0	0	0	514	8264	4864	19616	0	116	196	896	206	1710	2708	0	772	20508	0	244	0	0	0	94	730	318	4316	1384	100	0	
326468	Cerebelum_8_L	0	0	0	0	0	0	0	0	0	0	0	0	0	0	0	0	0	0	0	0	0	0	0	0	0	0	0	0	0	0	0	0	0	0	0	0	0	0	0	0	0	0	0	0	0	0	602	0	0	0	0	0	0	0	1066	290	0	0	0	0	0	0	0	0	0	0	0	0	0	0	0	0	0	0	0	0	0	0	0	0	0	0	0	0	0	0	0	0	130	0	16080	1736	25758	5222	2526	378	8584	2492	7984	1396	32746	772	0	4238	18550	1914	2402	172	168	1034	3552	1648	7762	7686	4490	1856	
281704	Cerebelum_8_R	0	0	0	0	0	0	0	0	0	0	0	0	0	0	0	0	0	0	0	0	0	0	0	0	0	0	0	0	0	0	0	0	0	0	0	0	0	0	0	0	0	0	0	0	0	0	94	172	0	0	0	0	0	0	0	818	0	0	0	0	0	0	0	0	0	0	0	0	0	0	0	0	0	0	0	0	0	0	0	0	0	0	0	0	0	0	0	0	0	158	1906	17456	7232	28778	0	1194	1418	6450	1034	4738	4870	20508	4238	0	240	12214	0	900	92	802	5330	712	8358	6768	3610	762	
97928	Cerebelum_9_L	0	0	0	0	0	0	0	0	0	0	0	0	0	0	0	0	0	0	0	0	0	0	0	0	0	0	0	0	0	0	0	0	0	0	0	0	0	0	0	0	0	0	0	0	0	0	0	0	0	0	0	0	0	0	196	106	0	0	0	0	0	0	0	0	0	0	0	0	0	0	0	0	0	0	0	0	0	0	0	0	0	0	0	0	0	0	0	0	0	0	1308	286	1452	242	2144	0	3928	132	2534	470	2492	0	18550	240	0	782	3990	0	0	368	788	1078	918	2922	2852	1186	
86624	Cerebelum_9_R	0	0	0	0	0	0	0	0	0	0	0	0	0	0	0	0	0	0	0	0	0	0	0	0	0	0	0	0	0	0	0	0	0	0	0	0	0	0	0	0	0	0	0	0	0	0	0	0	0	0	0	0	0	0	0	96	0	0	0	0	0	0	0	0	0	0	0	0	0	0	0	0	0	0	0	0	0	0	0	0	0	0	0	0	0	0	0	0	0	0	114	806	780	1854	0	698	556	1390	548	616	682	244	1914	12214	782	0	0	1292	246	594	566	400	2372	6282	6204	2062	
18108	Cerebelum_10_L	0	0	0	0	0	0	0	0	0	0	0	0	0	0	0	0	0	0	0	0	0	0	0	0	0	0	0	0	0	0	0	0	0	0	0	0	0	0	0	0	0	0	0	0	0	0	0	0	0	0	0	0	0	0	0	0	0	0	0	0	0	0	0	0	0	0	0	0	0	0	0	0	0	0	0	0	0	0	0	0	0	0	0	0	0	0	0	0	0	0	0	0	0	0	124	0	552	0	494	0	270	0	2402	0	3990	0	0	0	0	0	0	0	0	544	678	0	
8772	Cerebelum_10_R	0	0	0	0	0	0	0	0	0	0	0	0	0	0	0	0	0	0	0	0	0	0	0	0	0	0	0	0	0	0	0	0	0	0	0	0	0	0	0	0	0	0	0	0	0	0	0	0	0	0	0	0	0	0	0	0	0	0	0	0	0	0	0	0	0	0	0	0	0	0	0	0	0	0	0	0	0	0	0	0	0	0	0	0	0	0	0	0	0	0	0	0	246	380	0	0	0	0	0	0	218	0	172	900	0	1292	0	0	0	0	0	0	292	448	302	136	
18776	Vermis_1_2	0	0	0	0	0	0	0	0	0	0	0	0	0	0	0	0	0	0	0	0	0	0	0	0	0	0	0	0	0	0	0	0	0	0	0	0	0	0	0	0	0	0	0	0	0	0	0	0	0	0	0	0	0	0	0	0	0	0	0	0	0	0	0	0	0	0	0	0	0	0	0	0	0	0	0	0	0	0	0	0	0	0	0	0	0	0	0	0	0	0	212	0	234	0	870	138	526	0	308	0	0	0	168	92	0	246	0	0	0	3642	454	294	598	732	710	164	
68136	Vermis_3	0	0	0	0	0	0	0	0	0	0	0	0	0	0	0	0	0	0	0	0	0	0	0	0	0	0	0	0	0	0	0	0	0	0	0	0	358	0	172	0	0	0	0	0	0	0	278	140	0	0	0	0	0	0	300	124	0	0	0	0	0	0	0	0	0	0	0	0	0	0	0	0	0	0	0	0	0	0	0	0	0	0	0	0	0	0	0	0	0	0	1258	534	750	720	4122	2040	3972	1162	1996	786	284	94	1034	802	368	594	0	0	3642	0	2714	786	1608	1704	1572	154	
304868	Vermis_4_5	270	0	0	0	0	0	0	0	0	0	0	0	0	0	0	0	0	0	0	0	0	0	0	0	0	0	0	0	0	0	0	0	0	0	632	1196	480	318	0	158	0	0	0	344	0	0	4292	3320	0	0	0	0	0	0	2738	2948	0	0	0	0	0	0	0	0	0	0	0	1274	0	0	0	0	0	0	0	0	354	0	0	0	0	0	0	0	0	0	0	0	0	0	9698	10796	5742	6402	960	1654	15518	17662	13616	14446	2996	730	3552	5330	788	566	0	0	454	2714	0	6752	7914	2702	1832	1286	
186556	Vermis_6	0	0	0	0	0	0	0	0	0	0	0	0	0	0	0	0	0	0	0	0	0	0	0	0	0	0	0	0	0	0	0	0	0	0	0	0	0	0	0	0	0	0	0	0	0	0	3106	4766	0	0	0	0	92	122	1222	5140	0	0	0	0	0	0	0	0	0	0	0	0	0	0	0	0	0	0	0	0	0	0	0	0	0	0	0	0	0	0	0	0	0	0	7334	8820	2388	2652	512	116	5788	908	12446	13130	862	318	1648	712	1078	400	0	0	294	786	6752	0	6598	2254	936	2098	
