data	data	242280	247960	895548	775908	139724	102940	579588	337272	87560	36272	316288	213164	422056	172164	196168	89496	183524	93176	661352	622860	93440	93204	481260	423480	72224	115612	98584	99924	713672	443964	441596	611480	265104	634128	216988	236740	225172	301828	60120	139428	29016	45636	272920	394860	142788	343640	312512	413012	213324	415840	380620	254788	79652	78200	318924	420456	162940	231336	101404	88488	159584	53460	65592	82652	84544	91712	299164	440160	107228	135016	315528	419436	309828	353332	57996	26864	190772	248100	59152	35152	116032	106096	92524	40736	263200	195712	19760	20456	233876	223132	499532	529684	321208	329856	50184	78340	303428	258756	561460	595660	329028	167356	401660	442692	194580	261572	35488	33024	56680	101008	299368	353416	221880	173552	157048	35468	
data	data	Precentral_L	Precentral_R	Frontal_Sup_L	Frontal_Sup_R	Frontal_Sup_Orb_L	Frontal_Sup_Orb_R	Frontal_Mid_L	Frontal_Mid_R	Frontal_Mid_Orb_L	Frontal_Mid_Orb_R	Frontal_Inf_Oper_L	Frontal_Inf_Oper_R	Frontal_Inf_Tri_L	Frontal_Inf_Tri_R	Frontal_Inf_Orb_L	Frontal_Inf_Orb_R	Rolandic_Oper_L	Rolandic_Oper_R	Supp_Motor_Area_L	Supp_Motor_Area_R	Olfactory_L	Olfactory_R	Frontal_Sup_Medial_L	Frontal_Sup_Medial_R	Frontal_Med_Orb_L	Frontal_Med_Orb_R	Rectus_L	Rectus_R	Insula_L	Insula_R	Cingulum_Ant_L	Cingulum_Ant_R	Cingulum_Mid_L	Cingulum_Mid_R	Cingulum_Post_L	Cingulum_Post_R	Hippocampus_L	Hippocampus_R	ParaHippocampal_L	ParaHippocampal_R	Amygdala_L	Amygdala_R	Calcarine_L	Calcarine_R	Cuneus_L	Cuneus_R	Lingual_L	Lingual_R	Occipital_Sup_L	Occipital_Sup_R	Occipital_Mid_L	Occipital_Mid_R	Occipital_Inf_L	Occipital_Inf_R	Fusiform_L	Fusiform_R	Postcentral_L	Postcentral_R	Parietal_Sup_L	Parietal_Sup_R	Parietal_Inf_L	Parietal_Inf_R	SupraMarginal_L	SupraMarginal_R	Angular_L	Angular_R	Precuneus_L	Precuneus_R	Paracentral_Lobule_L	Paracentral_Lobule_R	Caudate_L	Caudate_R	Putamen_L	Putamen_R	Pallidum_L	Pallidum_R	Thalamus_L	Thalamus_R	Heschl_L	Heschl_R	Temporal_Sup_L	Temporal_Sup_R	Temporal_Pole_Sup_L	Temporal_Pole_Sup_R	Temporal_Mid_L	Temporal_Mid_R	Temporal_Pole_Mid_L	Temporal_Pole_Mid_R	Temporal_Inf_L	Temporal_Inf_R	Cerebelum_Crus1_L	Cerebelum_Crus1_R	Cerebelum_Crus2_L	Cerebelum_Crus2_R	Cerebelum_3_L	Cerebelum_3_R	Cerebelum_4_5_L	Cerebelum_4_5_R	Cerebelum_6_L	Cerebelum_6_R	Cerebelum_7b_L	Cerebelum_7b_R	Cerebelum_8_L	Cerebelum_8_R	Cerebelum_9_L	Cerebelum_9_R	Cerebelum_10_L	Cerebelum_10_R	Vermis_1_2	Vermis_3	Vermis_4_5	Vermis_6	Vermis_7	Vermis_8	Vermis_9	Vermis_10	
242280	Precentral_L	0	1122	8214	540	0	0	14808	126	0	0	10316	0	3092	0	0	0	7498	0	3966	710	0	0	0	0	0	0	0	0	7684	0	144	140	242	534	2990	1714	3762	516	674	0	0	0	744	0	256	0	708	0	218	0	1114	0	96	0	324	0	17310	148	114	0	1418	0	242	0	94	0	986	116	7046	126	1150	274	3896	0	1628	0	9390	2514	594	0	248	0	364	0	740	0	0	0	490	0	0	0	0	0	0	0	0	0	0	0	0	0	0	0	0	0	0	0	0	0	0	0	0	0	0	0	
247960	Precentral_R	1122	0	336	12180	0	0	94	6932	0	0	92	4444	0	120	0	0	0	1878	2730	4668	0	0	0	0	0	0	0	0	628	3172	0	0	148	4488	4142	3214	1316	5182	128	1244	0	0	0	328	0	906	128	322	0	1594	0	270	0	380	0	1366	0	18344	0	0	0	0	0	256	0	0	202	2350	4300	4126	1580	3928	0	2514	426	506	3342	15330	150	440	0	626	0	0	0	500	0	0	0	1508	0	0	0	0	0	0	0	0	0	0	0	0	0	0	0	0	0	0	0	0	0	0	0	0	0	0	
895548	Frontal_Sup_L	8214	336	0	11750	7782	442	72844	2286	3964	0	12238	1222	24616	860	9912	0	5188	202	63962	14958	644	0	45730	15060	1838	700	824	0	37350	1308	21600	12804	8082	13882	528	0	1180	102	148	0	110	0	620	0	290	0	0	0	0	0	228	0	0	0	118	0	2890	0	0	0	80	0	74	0	0	0	278	0	502	0	8874	2436	19750	788	6020	0	928	272	100	0	272	0	506	0	0	0	0	0	82	0	0	0	0	0	0	0	0	0	0	0	0	0	0	0	0	0	0	0	0	0	0	0	0	0	0	0	
775908	Frontal_Sup_R	540	12180	11750	0	86	4654	2158	52720	0	1786	894	8198	1090	8256	0	5594	88	6894	29262	49980	0	0	9740	32462	178	2682	0	976	1704	20506	4084	24898	2502	22660	384	312	210	2218	0	812	0	0	0	108	0	542	0	204	0	1208	0	206	0	86	0	920	134	3292	0	152	0	180	0	126	0	0	108	1258	2194	952	2998	21030	208	16498	104	1822	870	8456	0	632	0	428	0	0	0	130	0	0	0	650	0	0	0	0	0	0	0	0	0	0	0	0	0	0	0	0	0	0	0	0	0	0	0	0	0	0	
139724	Frontal_Sup_Orb_L	0	0	7782	86	0	120	3042	0	14888	0	0	0	1278	0	10574	0	0	0	0	0	3396	0	4306	444	4828	324	7838	0	4068	0	4982	710	0	0	0	0	0	0	0	0	0	0	0	0	0	0	0	0	0	0	0	0	0	0	0	0	0	0	0	0	0	0	0	0	0	0	0	0	0	0	0	0	1042	0	0	0	0	0	0	0	0	0	154	0	0	0	0	0	0	0	0	0	0	0	0	0	0	0	0	0	0	0	0	0	0	0	0	0	0	0	0	0	0	0	0	0	
102940	Frontal_Sup_Orb_R	0	0	442	4654	120	0	0	1958	0	4742	0	0	0	346	0	3960	0	0	0	0	0	794	1374	5540	740	10352	120	5658	0	680	1996	4876	0	0	0	0	0	0	0	0	0	0	0	0	0	0	0	0	0	0	0	0	0	0	0	0	0	0	0	0	0	0	0	0	0	0	0	0	0	0	0	1064	0	2054	0	0	0	0	0	0	0	0	0	0	0	0	0	0	0	0	0	0	0	0	0	0	0	0	0	0	0	0	0	0	0	0	0	0	0	0	0	0	0	0	0	0	
579588	Frontal_Mid_L	14808	94	72844	2158	3042	0	0	402	3522	0	16152	326	36290	362	10654	0	6574	0	14960	1316	282	0	19620	6174	0	0	0	0	32992	416	9866	4886	4466	6992	362	282	1852	94	198	0	106	0	398	0	242	0	132	0	0	0	114	0	0	0	100	0	2482	0	0	0	362	0	74	0	0	0	330	0	142	0	1270	276	8708	142	800	0	1296	296	122	0	182	0	234	0	0	0	0	0	0	0	0	0	0	0	0	0	0	0	0	0	0	0	0	0	0	0	0	0	0	0	0	0	0	0	0	0	
337272	Frontal_Mid_R	126	6932	2286	52720	0	1958	402	0	0	2600	1086	9940	180	12706	0	4596	174	3562	5558	4688	0	0	1688	4974	0	0	0	0	2040	12838	936	3326	508	3920	78	90	0	2058	0	854	0	0	0	0	0	96	0	0	0	324	0	0	0	0	0	744	0	692	0	0	0	0	0	122	0	0	0	350	74	0	3684	3724	124	7896	0	1570	78	5606	0	284	0	314	0	0	0	0	0	0	0	130	0	0	0	0	0	0	0	0	0	0	0	0	0	0	0	0	0	0	0	0	0	0	0	0	0	0	
87560	Frontal_Mid_Orb_L	0	0	3964	0	14888	0	3522	0	0	0	0	0	1244	0	9406	0	0	0	0	0	526	0	756	96	1832	100	3538	0	1508	0	1566	146	0	0	0	0	0	0	0	0	0	0	0	0	0	0	0	0	0	0	0	0	0	0	0	0	0	0	0	0	0	0	0	0	0	0	0	0	0	0	0	0	412	0	0	0	0	0	0	0	0	0	276	0	0	0	0	0	0	0	0	0	0	0	0	0	0	0	0	0	0	0	0	0	0	0	0	0	0	0	0	0	0	0	0	0	
36272	Frontal_Mid_Orb_R	0	0	0	1786	0	4742	0	2600	0	0	0	0	0	448	0	6686	0	0	0	104	0	0	0	0	0	312	0	0	0	752	0	0	0	0	0	0	0	0	0	0	0	0	0	0	0	0	0	0	0	0	0	0	0	0	0	0	0	0	0	0	0	0	0	0	0	0	0	0	0	0	0	0	0	706	0	0	0	0	0	0	0	0	0	0	0	0	0	0	0	0	0	0	0	0	0	0	0	0	0	0	0	0	0	0	0	0	0	0	0	0	0	0	0	0	0	0	
316288	Frontal_Inf_Oper_L	10316	92	12238	894	0	0	16152	1086	0	0	0	2278	24222	1482	364	0	11766	0	6418	640	0	0	3634	1474	0	0	0	0	36910	2260	3312	2696	138	692	286	192	1708	150	0	0	0	0	268	0	168	0	84	0	0	0	0	0	0	0	84	0	890	0	0	0	0	0	0	0	0	0	274	0	0	0	4266	3474	4036	266	0	0	608	206	202	0	170	0	1748	0	0	0	0	0	0	0	0	0	0	0	0	0	0	0	0	0	0	0	0	0	0	0	0	0	0	0	0	0	0	0	0	0	
213164	Frontal_Inf_Oper_R	0	4444	1222	8198	0	0	326	9940	0	0	2278	0	1166	10548	0	216	0	3438	3248	5910	0	0	246	766	0	0	0	0	2578	24954	1508	3928	0	934	0	0	0	856	0	360	0	0	0	0	0	0	0	0	0	0	0	0	0	0	0	246	0	452	0	0	0	0	0	0	0	0	0	78	0	0	2782	7804	428	5766	0	122	86	942	0	144	0	328	340	0	0	0	0	0	0	0	0	0	0	0	0	0	0	0	0	0	0	0	0	0	0	0	0	0	0	0	0	0	0	0	0	0	
422056	Frontal_Inf_Tri_L	3092	0	24616	1090	1278	0	36290	180	1244	0	24222	1166	0	1146	18378	0	2686	0	5756	868	0	0	11436	3232	136	0	98	0	49112	1374	8318	3704	1154	2656	0	0	122	0	0	0	0	0	0	0	0	0	0	0	0	0	0	0	0	0	0	0	318	0	0	0	0	0	0	0	0	0	0	0	0	0	2484	1182	2886	170	0	0	204	74	0	0	0	0	356	0	0	0	0	0	0	0	0	0	0	0	0	0	0	0	0	0	0	0	0	0	0	0	0	0	0	0	0	0	0	0	0	0	
172164	Frontal_Inf_Tri_R	0	120	860	8256	0	346	362	12706	0	448	1482	10548	1146	0	0	3546	0	194	2764	3662	0	0	118	1012	0	0	0	0	1552	17846	1100	4990	0	1394	0	0	0	0	0	0	0	0	0	0	0	0	0	0	0	0	0	0	0	0	0	0	0	0	0	0	0	0	0	0	0	0	0	0	0	0	2074	6230	590	2370	0	0	110	166	0	0	0	0	90	0	0	0	0	0	0	0	0	0	0	0	0	0	0	0	0	0	0	0	0	0	0	0	0	0	0	0	0	0	0	0	0	0	
196168	Frontal_Inf_Orb_L	0	0	9912	0	10574	0	10654	0	9406	0	364	0	18378	0	0	0	0	0	426	0	3226	0	1572	200	0	0	1684	0	20510	0	1710	434	358	394	0	0	194	0	364	0	486	0	0	0	0	0	0	0	0	0	0	0	0	0	294	0	0	0	0	0	0	0	0	0	0	0	0	0	0	0	634	0	4064	0	0	0	118	0	0	0	0	0	2128	0	0	0	0	0	0	0	0	0	0	0	0	0	0	0	0	0	0	0	0	0	0	0	0	0	0	0	0	0	0	0	0	0	
89496	Frontal_Inf_Orb_R	0	0	0	5594	0	3960	0	4596	0	6686	0	216	0	3546	0	0	0	142	944	996	0	344	0	1132	0	1082	0	268	0	6264	86	1514	0	918	0	0	0	0	0	0	0	0	0	0	0	0	0	0	0	0	0	0	0	0	0	0	0	0	0	0	0	0	0	0	0	0	0	0	0	0	0	212	0	2632	0	0	0	0	0	106	0	1086	0	1888	0	264	0	272	0	0	0	0	0	0	0	0	0	0	0	0	0	0	0	0	0	0	0	0	0	0	0	0	0	0	0	0	
183524	Rolandic_Oper_L	7498	0	5188	88	0	0	6574	174	0	0	11766	0	2686	0	0	0	0	0	3160	0	0	0	0	0	0	0	0	0	18018	150	0	146	488	0	1156	542	3184	498	0	0	0	0	110	0	90	0	0	0	108	0	1024	0	0	0	230	0	6290	0	0	0	514	0	1622	0	80	0	1130	370	0	0	290	120	3686	0	0	0	1232	518	2108	0	7424	0	2102	0	738	0	0	0	660	0	0	0	0	0	0	0	0	0	0	0	0	0	0	0	0	0	0	0	0	0	0	0	0	0	0	0	
93176	Rolandic_Oper_R	0	1878	202	6894	0	0	0	3562	0	0	0	3438	0	194	0	142	0	0	446	2524	0	0	0	0	0	0	0	0	0	9548	0	0	0	238	256	454	256	538	0	0	0	0	0	0	0	374	0	0	0	778	0	194	0	0	0	0	0	2206	0	194	0	286	0	1792	0	358	168	1486	0	76	106	250	0	1596	0	212	186	504	92	2916	0	1798	0	176	0	158	0	0	0	112	0	0	0	0	0	0	0	0	0	0	0	0	0	0	0	0	0	0	0	0	0	0	0	0	0	0	
661352	Supp_Motor_Area_L	3966	2730	63962	29262	0	0	14960	5558	0	0	6418	3248	5756	2764	426	944	3160	446	0	46732	0	0	5966	8474	0	0	0	0	12556	4814	6738	13982	11180	30238	3154	1030	750	184	0	0	0	0	0	0	0	0	0	0	0	0	0	0	0	0	88	0	1888	118	0	0	76	0	0	0	0	0	118	194	4080	542	9654	4680	12972	2328	2972	78	412	256	92	0	256	0	394	0	0	0	0	0	80	0	0	0	0	0	0	0	0	0	0	0	0	0	0	0	0	0	0	0	0	0	0	0	0	0	0	0	
622860	Supp_Motor_Area_R	710	4668	14958	49980	0	0	1316	4688	0	104	640	5910	868	3662	0	996	0	2524	46732	0	0	0	2706	9214	0	0	0	78	1192	11658	2444	14044	9150	48664	5250	10464	234	1142	0	300	0	0	0	928	0	854	0	792	0	1010	0	320	0	124	0	852	0	5446	0	0	0	76	0	0	0	0	170	6596	3532	14188	1530	10150	180	7324	0	0	398	378	0	254	0	216	0	0	0	472	0	0	0	1344	0	0	0	0	0	0	0	0	0	0	0	0	0	0	0	0	0	0	0	0	0	0	0	0	0	0	
93440	Olfactory_L	0	0	644	0	3396	0	282	0	526	0	0	0	0	0	3226	0	0	0	0	0	0	5354	472	0	1024	236	7128	1856	2742	104	3864	2958	0	0	0	0	272	0	656	0	570	0	0	0	0	0	0	0	0	0	0	0	0	0	340	0	0	0	0	0	0	0	0	0	0	0	0	0	0	0	5614	2032	2968	0	0	0	0	76	0	0	0	0	380	0	0	0	0	0	0	0	0	0	0	0	0	0	0	0	0	0	0	0	0	0	0	0	0	0	0	0	0	0	0	0	0	0	
93204	Olfactory_R	0	0	0	0	0	794	0	0	0	0	0	0	0	0	0	344	0	0	0	0	5354	0	0	658	282	1184	3190	4586	0	2836	2204	3838	0	0	0	0	0	82	0	166	0	390	0	0	0	0	0	0	0	0	0	0	0	0	0	0	0	0	0	0	0	0	0	0	0	0	0	0	0	0	8386	6030	4812	966	324	0	0	80	0	0	0	0	0	96	0	0	0	0	0	0	0	0	0	0	0	0	0	0	0	0	0	0	0	0	0	0	0	0	0	0	0	0	0	0	0	0	
481260	Frontal_Sup_Medial_L	0	0	45730	9740	4306	1374	19620	1688	756	0	3634	246	11436	118	1572	0	0	0	5966	2706	472	0	0	28824	4688	2420	1786	96	14650	220	29522	20232	6778	16678	0	0	0	74	0	0	0	0	0	0	0	0	0	0	0	0	0	0	0	0	0	0	0	0	0	0	0	0	0	0	0	0	0	0	0	0	842	1448	2024	984	0	0	0	0	0	0	0	0	0	0	0	0	0	0	0	0	0	0	0	0	0	0	0	0	0	0	0	0	0	0	0	0	0	0	0	0	0	0	0	0	0	0	
423480	Frontal_Sup_Medial_R	0	0	15060	32462	444	5540	6174	4974	96	0	1474	766	3232	1012	200	1132	0	0	8474	9214	0	658	28824	0	1612	7802	174	2728	3802	2070	9634	27622	2624	19284	0	0	0	130	0	0	0	0	0	0	0	0	0	0	0	0	0	0	0	0	0	0	0	0	0	0	0	0	0	0	0	0	0	0	0	0	324	6814	232	6950	0	0	0	104	0	0	0	0	98	0	0	0	0	0	0	0	0	0	0	0	0	0	0	0	0	0	0	0	0	0	0	0	0	0	0	0	0	0	0	0	0	0	
72224	Frontal_Med_Orb_L	0	0	1838	178	4828	740	0	0	1832	0	0	0	136	0	0	0	0	0	0	0	1024	282	4688	1612	0	2968	4712	712	156	0	7526	2186	0	0	0	0	0	0	0	0	0	0	0	0	0	0	0	0	0	0	0	0	0	0	0	0	0	0	0	0	0	0	0	0	0	0	0	0	0	0	508	186	0	0	0	0	0	0	0	0	0	0	0	0	0	0	0	0	0	0	0	0	0	0	0	0	0	0	0	0	0	0	0	0	0	0	0	0	0	0	0	0	0	0	0	0	
115612	Frontal_Med_Orb_R	0	0	700	2682	324	10352	0	0	100	312	0	0	0	0	0	1082	0	0	0	0	236	1184	2420	7802	2968	0	1396	10290	0	216	3870	8666	0	0	0	0	0	0	0	0	0	0	0	0	0	0	0	0	0	0	0	0	0	0	0	0	0	0	0	0	0	0	0	0	0	0	0	0	0	0	0	1290	0	1916	0	0	0	0	0	0	0	0	0	0	0	0	0	0	0	0	0	0	0	0	0	0	0	0	0	0	0	0	0	0	0	0	0	0	0	0	0	0	0	0	0	0	
98584	Rectus_L	0	0	824	0	7838	120	0	0	3538	0	0	0	98	0	1684	0	0	0	0	0	7128	3190	1786	174	4712	1396	0	2144	978	0	6116	3642	0	0	0	0	0	0	0	0	0	0	0	0	0	0	0	0	0	0	0	0	0	0	0	0	0	0	0	0	0	0	0	0	0	0	0	0	0	0	2490	712	722	0	0	0	0	0	0	0	0	0	0	0	0	0	0	0	0	0	0	0	0	0	0	0	0	0	0	0	0	0	0	0	0	0	0	0	0	0	0	0	0	0	0	0	
99924	Rectus_R	0	0	0	976	0	5658	0	0	0	0	0	0	0	0	0	268	0	0	0	78	1856	4586	96	2728	712	10290	2144	0	0	992	1568	8132	0	0	0	0	0	0	0	0	0	0	0	0	0	0	0	0	0	0	0	0	0	0	0	0	0	0	0	0	0	0	0	0	0	0	0	0	0	0	2298	3770	1464	2346	0	0	0	0	0	0	0	0	0	0	0	0	0	0	0	0	0	0	0	0	0	0	0	0	0	0	0	0	0	0	0	0	0	0	0	0	0	0	0	0	0	0	
713672	Insula_L	7684	628	37350	1704	4068	0	32992	2040	1508	0	36910	2578	49112	1552	20510	0	18018	0	12556	1192	2742	0	14650	3802	156	0	978	0	0	2620	11142	5750	1376	2970	3460	2082	12672	1650	854	0	1484	0	348	0	192	0	380	0	0	0	320	0	0	0	2498	0	2136	0	0	0	0	0	130	0	0	0	1746	576	0	0	5602	3780	21508	400	0	76	3922	2064	2122	0	3384	0	4138	0	982	0	0	0	1742	0	0	0	0	0	0	0	0	0	0	0	0	0	0	0	0	0	0	0	0	0	0	0	0	0	0	0	
443964	Insula_R	0	3172	1308	20506	0	680	416	12838	0	752	2260	24954	1374	17846	0	6264	150	9548	4814	11658	104	2836	220	2070	0	216	0	992	2620	0	1396	7430	0	2288	832	1422	788	7306	0	1670	0	2218	0	184	0	410	0	116	0	972	0	210	0	0	0	3168	0	722	0	192	0	256	0	90	0	344	306	2536	0	146	3170	10876	736	23544	0	618	780	2890	352	4512	0	6148	336	1120	0	2580	0	192	0	1528	0	0	0	0	0	0	0	0	0	0	0	0	0	0	0	0	0	0	0	0	0	0	0	0	0	0	
441596	Cingulum_Ant_L	144	0	21600	4084	4982	1996	9866	936	1566	0	3312	1508	8318	1100	1710	86	0	0	6738	2444	3864	2204	29522	9634	7526	3870	6116	1568	11142	1396	0	36492	9632	10366	360	0	0	0	0	0	0	0	0	0	0	0	0	0	0	0	0	0	0	0	0	0	0	0	0	0	0	0	0	0	0	0	0	0	0	0	5902	3862	5012	1608	0	0	96	78	0	0	0	0	158	0	0	0	0	0	0	0	0	0	0	0	0	0	0	0	0	0	0	0	0	0	0	0	0	0	0	0	0	0	0	0	0	0	
611480	Cingulum_Ant_R	140	0	12804	24898	710	4876	4886	3326	146	0	2696	3928	3704	4990	434	1514	146	0	13982	14044	2958	3838	20232	27622	2186	8666	3642	8132	5750	7430	36492	0	6398	23324	124	0	0	504	0	0	0	0	0	0	0	0	0	0	0	0	0	0	0	0	0	0	0	0	0	0	0	0	0	0	0	0	0	0	0	0	6168	24952	2566	16666	0	0	210	360	0	0	0	0	296	0	0	0	0	0	0	0	0	0	0	0	0	0	0	0	0	0	0	0	0	0	0	0	0	0	0	0	0	0	0	0	0	0	
265104	Cingulum_Mid_L	242	148	8082	2502	0	0	4466	508	0	0	138	0	1154	0	358	0	488	0	11180	9150	0	0	6778	2624	0	0	0	0	1376	0	9632	6398	0	22784	7826	2128	0	0	0	0	0	0	184	0	1472	0	0	0	2220	0	5702	0	108	0	0	0	624	0	930	0	1624	0	244	0	978	0	10298	1022	2594	584	0	0	168	98	0	0	0	0	0	0	704	0	0	0	2588	0	0	0	2448	0	0	0	0	0	0	0	0	0	0	0	0	0	0	0	0	0	0	0	0	0	0	0	0	0	0	0	
634128	Cingulum_Mid_R	534	4488	13882	22660	0	0	6992	3920	0	0	692	934	2656	1394	394	918	0	238	30238	48664	0	0	16678	19284	0	0	0	0	2970	2288	10366	23324	22784	0	6992	12882	0	824	0	252	0	0	0	2044	0	5350	0	1024	0	5596	0	1566	0	138	0	570	0	5056	0	78	0	0	0	200	0	0	1082	15514	4120	12534	438	1368	196	1526	0	0	102	84	0	0	0	0	0	0	0	316	0	0	0	832	0	0	0	0	0	0	0	0	0	0	0	0	0	0	0	0	0	0	0	0	82	0	0	0	0	0	
216988	Cingulum_Post_L	2990	4142	528	384	0	0	362	78	0	0	286	0	0	0	0	0	1156	256	3154	5250	0	0	0	0	0	0	0	0	3460	832	360	124	7826	6992	0	14018	8628	3612	996	0	0	0	1806	0	292	270	2248	0	156	0	286	0	0	0	144	0	198	600	114	0	0	0	0	0	0	0	6056	3554	3820	2460	96	262	0	0	0	136	8724	8672	2366	116	0	0	0	0	456	0	0	0	140	0	0	0	0	0	0	0	88	0	0	0	0	0	0	0	0	0	0	0	0	0	0	0	0	0	0	0	
236740	Cingulum_Post_R	1714	3214	0	312	0	0	282	90	0	0	192	0	0	0	0	0	542	454	1030	10464	0	0	0	0	0	0	0	0	2082	1422	0	0	2128	12882	14018	0	5000	8590	694	932	0	0	0	2362	0	1012	656	2988	0	556	0	290	0	276	0	1188	86	2284	0	0	0	0	0	0	0	0	1506	14076	586	5838	76	0	0	0	0	184	6222	8236	1322	202	0	108	0	0	0	324	0	0	0	1400	0	0	0	0	0	0	0	0	0	0	0	0	0	0	0	0	0	0	0	0	550	0	0	0	0	0	
225172	Hippocampus_L	3762	1316	1180	210	0	0	1852	0	0	0	1708	0	122	0	194	0	3184	256	750	234	272	0	0	0	0	0	0	0	12672	788	0	0	0	0	8628	5000	0	3340	7952	114	4850	0	1688	0	0	0	5450	0	0	0	142	0	226	0	7866	0	662	178	0	0	0	0	0	0	0	0	4482	1268	166	98	966	172	7506	0	454	126	6696	4916	3362	116	1320	0	684	0	738	0	0	0	4920	0	0	0	0	0	0	0	0	0	0	0	0	0	0	0	0	0	0	0	0	0	0	0	0	0	0	0	
301828	Hippocampus_R	516	5182	102	2218	0	0	94	2058	0	0	150	856	0	0	0	0	498	538	184	1142	0	82	74	130	0	0	0	0	1650	7306	0	504	0	824	3612	8590	3340	0	332	19618	0	7630	0	2794	0	226	278	5842	0	362	0	0	0	1898	0	22108	0	1448	0	0	0	0	0	0	0	0	780	8968	0	602	138	636	0	13662	0	584	2922	7758	1154	288	0	1080	0	394	0	880	0	0	0	7666	0	136	0	0	0	0	0	432	0	310	0	0	0	0	0	0	0	0	0	0	338	0	0	0	0	0	
60120	ParaHippocampal_L	674	128	148	0	0	0	198	0	0	0	0	0	0	0	364	0	0	0	0	0	656	0	0	0	0	0	0	0	854	0	0	0	0	0	996	694	7952	332	0	128	1716	0	630	0	0	0	6148	0	0	0	144	0	194	0	3730	0	0	0	0	0	0	0	0	0	0	0	1100	0	0	0	0	0	390	0	0	0	494	680	100	0	0	0	226	0	0	0	122	0	530	0	0	0	0	0	0	134	98	0	0	0	0	0	0	0	0	0	0	0	144	356	0	0	0	0	0	0	
139428	ParaHippocampal_R	0	1244	0	812	0	0	0	854	0	0	0	360	0	0	0	0	0	0	0	300	0	166	0	0	0	0	0	0	0	1670	0	0	0	252	0	932	114	19618	128	0	0	4150	0	852	0	0	0	4906	0	0	0	0	0	1764	0	14356	0	402	0	0	0	0	0	0	0	0	0	1896	0	178	0	256	0	6260	0	288	0	812	0	0	0	234	0	572	0	100	0	360	0	2970	0	392	0	240	0	0	84	1214	0	702	0	0	0	276	0	0	0	0	0	0	0	0	0	0	0	0	
29016	Amygdala_L	0	0	110	0	0	0	106	0	0	0	0	0	0	0	486	0	0	0	0	0	570	0	0	0	0	0	0	0	1484	0	0	0	0	0	0	0	4850	0	1716	0	0	0	0	0	0	0	0	0	0	0	0	0	0	0	2896	0	0	0	0	0	0	0	0	0	0	0	0	0	0	0	0	0	844	0	0	0	0	0	0	0	0	0	318	0	0	0	110	0	1018	0	0	0	0	0	0	0	0	0	0	0	0	0	0	0	0	0	0	0	0	0	0	0	0	0	0	0	
45636	Amygdala_R	0	0	0	0	0	0	0	0	0	0	0	0	0	0	0	0	0	0	0	0	0	390	0	0	0	0	0	0	0	2218	0	0	0	0	0	0	0	7630	0	4150	0	0	0	0	0	0	0	0	0	0	0	0	0	0	0	4214	0	0	0	0	0	0	0	0	0	0	0	0	0	0	0	0	0	2278	0	0	0	0	0	0	0	0	0	1208	0	0	0	124	0	606	0	0	0	0	0	0	0	0	0	0	0	0	0	0	0	0	0	0	0	0	0	0	0	0	0	0	
272920	Calcarine_L	744	0	620	0	0	0	398	0	0	0	268	0	0	0	0	0	110	0	0	0	0	0	0	0	0	0	0	0	348	0	0	0	184	0	1806	0	1688	0	630	0	0	0	0	9066	15580	5746	19292	2682	15460	1874	23298	328	3152	0	3878	78	444	0	2430	0	444	0	0	0	588	0	12406	250	1060	0	130	0	0	0	0	0	100	0	504	0	0	0	0	0	6660	0	0	0	2276	0	124	0	0	0	0	0	458	96	522	102	0	0	0	0	0	0	0	0	0	0	304	332	0	0	0	0	
394860	Calcarine_R	0	328	0	108	0	0	0	0	0	0	0	0	0	0	0	0	0	0	0	928	0	0	0	0	0	0	0	0	0	184	0	0	0	2044	0	2362	0	2794	0	852	0	0	9066	0	5100	34660	1626	32036	158	34016	78	16664	0	2616	0	8698	0	1992	0	412	0	0	0	134	0	234	1120	22896	350	1032	0	0	0	0	0	0	0	110	0	0	0	174	0	0	0	3856	0	0	0	7520	76	74	0	0	0	0	432	728	372	180	0	0	0	0	0	0	0	0	0	0	1070	350	0	0	0	0	
142788	Cuneus_L	256	0	290	0	0	0	242	0	0	0	168	0	0	0	0	0	90	0	0	0	0	0	0	0	0	0	0	0	192	0	0	0	1472	0	292	0	0	0	0	0	0	0	15580	5100	0	6332	2276	920	16188	1038	6652	98	154	0	218	0	566	0	1420	0	392	0	0	0	182	0	8382	1268	622	0	118	0	0	0	0	0	98	0	0	0	0	0	0	0	532	0	0	0	256	0	0	0	0	0	0	0	0	0	0	0	0	0	0	0	0	0	0	0	0	0	0	0	0	0	0	0	
343640	Cuneus_R	0	906	0	542	0	0	0	96	0	0	0	0	0	0	0	0	0	374	0	854	0	0	0	0	0	0	0	0	0	410	0	0	0	5350	270	1012	0	226	0	0	0	0	5746	34660	6332	0	230	6438	326	47764	0	13212	0	470	0	1458	0	2962	0	3576	0	0	0	238	0	114	3996	25162	518	1576	0	0	0	0	0	0	0	160	0	144	0	160	0	0	0	3476	0	0	0	2976	0	0	0	0	0	0	0	0	0	0	0	0	0	0	0	0	0	0	0	0	86	0	0	0	0	0	
312512	Lingual_L	708	128	0	0	0	0	132	0	0	0	84	0	0	0	0	0	0	0	0	0	0	0	0	0	0	0	0	0	380	0	0	0	0	0	2248	656	5450	278	6148	0	0	0	19292	1626	2276	230	0	5956	4000	0	12792	0	2586	92	14958	788	0	0	678	0	0	0	0	0	88	0	5958	0	206	0	0	0	0	0	0	0	752	638	208	0	0	0	0	0	876	0	0	0	460	0	8650	1382	1018	110	462	86	11534	2394	17784	3722	396	0	388	86	686	344	74	0	132	244	5554	7954	1996	0	114	474	
413012	Lingual_R	0	322	0	204	0	0	0	0	0	0	0	0	0	0	0	0	0	0	0	792	0	0	0	0	0	0	0	0	0	116	0	0	0	1024	0	2988	0	5842	0	4906	0	0	2682	32036	920	6438	5956	0	0	12874	82	9622	202	3492	3050	20988	0	1064	0	122	0	0	0	0	0	76	0	11820	98	760	0	252	0	234	0	86	0	632	0	0	0	0	0	0	0	850	0	0	0	2438	3836	7308	354	542	0	386	1594	11656	8670	14966	312	0	376	512	252	204	0	0	0	210	7764	12696	1704	76	120	0	
213324	Occipital_Sup_L	218	0	0	0	0	0	0	0	0	0	0	0	0	0	0	0	108	0	0	0	0	0	0	0	0	0	0	0	0	0	0	0	2220	0	156	0	0	0	0	0	0	0	15460	158	16188	326	4000	0	0	0	33820	0	1968	0	1136	0	454	0	8128	0	1026	0	0	0	706	0	12290	214	1206	0	0	0	0	0	0	0	0	0	0	0	0	0	0	0	6116	0	0	0	764	0	0	0	0	0	0	0	0	0	0	0	0	0	0	0	0	0	0	0	0	0	0	0	0	0	0	0	
415840	Occipital_Sup_R	0	1594	0	1208	0	0	0	324	0	0	0	0	0	0	0	0	0	778	0	1010	0	0	0	0	0	0	0	0	0	972	0	0	0	5596	0	556	0	362	0	0	0	0	1874	34016	1038	47764	0	12874	0	0	0	36340	0	1598	0	2354	0	5012	0	7694	0	952	0	1624	0	3810	1296	24154	524	2022	0	0	0	0	0	0	0	304	0	278	0	254	0	0	0	6544	0	0	0	3194	0	0	0	0	0	0	0	0	0	0	0	0	0	0	0	0	0	0	0	0	0	0	0	0	0	0	
380620	Occipital_Mid_L	1114	0	228	0	0	0	114	0	0	0	0	0	0	0	0	0	1024	0	0	0	0	0	0	0	0	0	0	0	320	0	0	0	5702	0	286	0	142	0	144	0	0	0	23298	78	6652	0	12792	82	33820	0	0	0	12518	0	6694	0	3048	0	9482	0	10982	0	602	0	11704	0	17408	0	2482	0	0	0	0	0	0	0	0	0	252	0	1652	0	0	0	20032	0	0	0	6994	0	0	0	0	0	0	0	0	0	376	0	0	0	0	0	0	0	0	0	0	0	0	288	0	0	0	0	
254788	Occipital_Mid_R	0	270	0	206	0	0	0	0	0	0	0	0	0	0	0	0	0	194	0	320	0	0	0	0	0	0	0	0	0	210	0	0	0	1566	0	290	0	0	0	0	0	0	328	16664	98	13212	0	9622	0	36340	0	0	0	5246	0	2634	0	1706	0	3802	0	978	0	888	0	8922	232	9152	156	462	0	0	0	0	0	0	0	0	0	80	0	164	0	0	0	11238	0	0	0	2414	0	0	0	0	0	0	0	0	0	0	0	0	0	0	0	0	0	0	0	0	0	0	0	0	0	0	
79652	Occipital_Inf_L	96	0	0	0	0	0	0	0	0	0	0	0	0	0	0	0	0	0	0	0	0	0	0	0	0	0	0	0	0	0	0	0	108	0	0	0	226	0	194	0	0	0	3152	0	154	0	2586	202	1968	0	12518	0	0	0	6940	0	0	0	92	0	0	0	0	0	0	0	1416	0	192	0	0	0	0	0	0	0	0	0	0	0	0	0	0	0	5040	0	0	0	3578	0	0	0	0	0	0	0	98	108	532	122	0	0	0	0	0	0	0	0	0	0	142	362	0	0	0	0	
78200	Occipital_Inf_R	0	380	0	86	0	0	0	0	0	0	0	0	0	0	0	0	0	0	0	124	0	0	0	0	0	0	0	0	0	0	0	0	0	138	0	276	0	1898	0	1764	0	0	0	2616	0	470	92	3492	0	1598	0	5246	0	0	296	7784	0	0	0	0	0	0	0	0	0	0	0	1094	0	130	0	0	0	146	0	0	0	0	0	0	0	0	0	0	0	1722	0	0	0	5708	318	194	0	86	0	0	138	370	456	1108	0	0	0	0	0	0	0	0	0	0	448	834	88	0	0	0	
318924	Fusiform_L	324	0	118	0	0	0	100	0	0	0	84	0	0	0	294	0	230	0	88	0	340	0	0	0	0	0	0	0	2498	0	0	0	0	0	144	0	7866	0	3730	0	2896	0	3878	0	218	0	14958	3050	1136	0	6694	0	6940	296	0	1354	0	0	0	0	0	0	0	0	0	0	1602	0	174	0	0	0	1008	0	0	0	100	0	1092	0	1136	0	2504	0	2910	0	394	0	12934	0	20702	536	1862	84	176	76	11450	1636	28016	3308	288	0	426	0	266	94	0	0	0	88	3174	5552	552	0	86	0	
420456	Fusiform_R	0	1366	0	920	0	0	0	744	0	0	0	246	0	0	0	0	0	0	0	852	0	0	0	0	0	0	0	0	0	3168	0	0	0	570	0	1188	0	22108	0	14356	0	4214	78	8698	0	1458	788	20988	0	2354	0	2634	0	7784	1354	0	0	486	0	0	0	0	0	0	0	0	0	7276	0	550	0	0	0	6414	0	238	0	404	0	0	0	808	0	1378	0	2476	0	358	0	22076	1994	15572	0	1378	0	496	748	11912	2984	20468	102	146	110	2880	82	434	0	0	76	448	5620	5066	1214	0	166	0	
162940	Postcentral_L	17310	0	2890	134	0	0	2482	0	0	0	890	0	318	0	0	0	6290	0	1888	0	0	0	0	0	0	0	0	0	2136	0	0	0	624	0	198	86	662	0	0	0	0	0	444	0	566	0	0	0	454	0	3048	0	0	0	0	0	0	0	4410	0	18714	0	7620	0	1630	0	2376	0	1498	0	402	150	872	0	0	0	846	90	492	0	1428	0	94	0	88	0	0	0	340	0	0	0	0	0	0	0	0	0	0	0	0	0	0	0	0	0	0	0	0	0	0	0	0	0	0	0	
231336	Postcentral_R	148	18344	0	3292	0	0	0	692	0	0	0	452	0	0	0	0	0	2206	118	5446	0	0	0	0	0	0	0	0	0	722	0	0	0	5056	600	2284	178	1448	0	402	0	0	0	1992	0	2962	0	1064	0	5012	0	1706	0	0	0	486	0	0	0	8160	0	6212	0	11478	0	3262	102	10962	164	7398	410	2056	0	1472	150	96	796	4760	0	218	0	710	0	0	0	1476	0	0	0	1176	0	0	0	0	0	0	0	0	0	0	0	0	0	0	0	0	0	0	0	0	0	0	0	0	0	0	
101404	Parietal_Sup_L	114	0	0	0	0	0	0	0	0	0	0	0	0	0	0	0	0	0	0	0	0	0	0	0	0	0	0	0	0	0	0	0	930	0	114	0	0	0	0	0	0	0	2430	0	1420	0	678	0	8128	0	9482	0	92	0	0	0	4410	0	0	0	8532	0	0	0	2604	0	10650	420	508	0	0	0	0	0	0	0	0	0	0	0	0	0	0	0	94	0	0	0	96	0	0	0	0	0	0	0	0	0	0	0	0	0	0	0	0	0	0	0	0	0	0	0	0	0	0	0	
88488	Parietal_Sup_R	0	0	0	152	0	0	0	0	0	0	0	0	0	0	0	0	0	194	0	0	0	0	0	0	0	0	0	0	0	192	0	0	0	78	0	0	0	0	0	0	0	0	0	412	0	3576	0	122	0	7694	0	3802	0	0	0	0	0	8160	0	0	0	5472	0	1104	0	4366	260	7638	0	86	0	0	0	0	0	0	0	0	0	84	0	156	0	0	0	696	0	0	0	0	0	0	0	0	0	0	0	0	0	0	0	0	0	0	0	0	0	0	0	0	0	0	0	0	0	0	
159584	Parietal_Inf_L	1418	0	80	0	0	0	362	0	0	0	0	0	0	0	0	0	514	0	76	0	0	0	0	0	0	0	0	0	0	0	0	0	1624	0	0	0	0	0	0	0	0	0	444	0	392	0	0	0	1026	0	10982	0	0	0	0	0	18714	0	8532	0	0	0	12924	0	12574	0	4674	0	902	0	0	0	0	0	0	0	0	0	0	0	640	0	0	0	1380	0	0	0	2534	0	0	0	0	0	0	0	0	0	0	0	0	0	0	0	0	0	0	0	0	0	0	0	0	0	0	0	
53460	Parietal_Inf_R	0	0	0	180	0	0	0	0	0	0	0	0	0	0	0	0	0	286	0	76	0	0	0	0	0	0	0	0	0	256	0	0	0	0	0	0	0	0	0	0	0	0	0	0	0	0	0	0	0	952	0	978	0	0	0	0	0	6212	0	5472	0	0	0	4808	0	6480	0	246	0	0	0	0	0	0	0	0	0	0	0	180	0	282	0	0	0	322	0	0	0	0	0	0	0	0	0	0	0	0	0	0	0	0	0	0	0	0	0	0	0	0	0	0	0	0	0	0	
65592	SupraMarginal_L	242	0	74	0	0	0	74	0	0	0	0	0	0	0	0	0	1622	0	0	0	0	0	0	0	0	0	0	0	130	0	0	0	244	0	0	0	0	0	0	0	0	0	0	0	0	0	0	0	0	0	602	0	0	0	0	0	7620	0	0	0	12924	0	0	0	1714	0	210	0	0	0	0	0	0	0	0	0	0	0	98	0	3024	0	0	0	584	0	0	0	3634	0	0	0	0	0	0	0	0	0	0	0	0	0	0	0	0	0	0	0	0	0	0	0	0	0	0	0	
82652	SupraMarginal_R	0	256	0	126	0	0	0	122	0	0	0	0	0	0	0	0	0	1792	0	0	0	0	0	0	0	0	0	0	0	90	0	0	0	200	0	0	0	0	0	0	0	0	0	134	0	238	0	0	0	1624	0	888	0	0	0	0	0	11478	0	1104	0	4808	0	0	0	5980	0	1104	0	0	0	0	0	0	0	0	0	0	0	90	0	5630	0	0	0	5182	0	0	0	480	0	0	0	0	0	0	0	0	0	0	0	0	0	0	0	0	0	0	0	0	0	0	0	0	0	0	
84544	Angular_L	94	0	0	0	0	0	0	0	0	0	0	0	0	0	0	0	80	0	0	0	0	0	0	0	0	0	0	0	0	0	0	0	978	0	0	0	0	0	0	0	0	0	588	0	182	0	88	0	706	0	11704	0	0	0	0	0	1630	0	2604	0	12574	0	1714	0	0	0	3058	0	1092	0	0	0	0	0	0	0	0	0	0	0	856	0	0	0	4124	0	0	0	200	0	0	0	0	0	0	0	0	0	0	0	0	0	0	0	0	0	0	0	0	0	0	0	0	0	0	0	
91712	Angular_R	0	0	0	0	0	0	0	0	0	0	0	0	0	0	0	0	0	358	0	0	0	0	0	0	0	0	0	0	0	344	0	0	0	0	0	0	0	0	0	0	0	0	0	234	0	114	0	76	0	3810	0	8922	0	0	0	0	0	3262	0	4366	0	6480	0	5980	0	0	0	352	0	0	0	0	0	0	0	0	0	0	0	272	0	4292	0	0	0	6784	0	0	0	210	0	0	0	0	0	0	0	0	0	0	0	0	0	0	0	0	0	0	0	0	0	0	0	0	0	0	
299164	Precuneus_L	986	202	278	108	0	0	330	0	0	0	274	0	0	0	0	0	1130	168	118	170	0	0	0	0	0	0	0	0	1746	306	0	0	10298	1082	6056	1506	4482	780	1100	0	0	0	12406	1120	8382	3996	5958	0	12290	1296	17408	232	1416	0	1602	0	2376	102	10650	260	4674	0	210	0	3058	0	0	6652	2336	126	96	0	0	0	0	0	1294	932	1138	0	1152	80	0	0	11118	0	0	0	5914	0	0	0	0	0	0	0	188	0	0	0	0	0	0	0	0	0	0	0	0	0	0	0	0	0	0	0	
440160	Precuneus_R	116	2350	0	1258	0	0	0	350	0	0	0	78	0	0	0	0	370	1486	194	6596	0	0	0	0	0	0	0	0	576	2536	0	0	1022	15514	3554	14076	1268	8968	0	1896	0	0	250	22896	1268	25162	0	11820	214	24154	0	9152	0	1094	0	7276	0	10962	420	7638	0	246	0	1104	0	352	6652	0	1304	7916	0	0	0	0	0	208	1138	2558	570	580	0	952	0	0	0	3096	0	0	0	7552	0	74	0	0	0	0	0	208	0	98	0	0	0	0	0	0	0	0	0	0	958	0	0	0	0	0	
107228	Paracentral_Lobule_L	7046	4300	502	2194	0	0	142	74	0	0	0	0	0	0	0	0	0	0	4080	3532	0	0	0	0	0	0	0	0	0	0	0	0	2594	4120	3820	586	166	0	0	0	0	0	1060	350	622	518	206	98	1206	524	2482	156	192	0	174	0	1498	164	508	0	902	0	0	0	1092	0	2336	1304	0	1382	682	0	196	0	386	0	404	0	140	0	136	0	0	0	934	0	0	0	806	0	0	0	0	0	0	0	0	0	0	0	0	0	0	0	0	0	0	0	0	0	0	0	0	0	0	0	
135016	Paracentral_Lobule_R	126	4126	0	952	0	0	0	0	0	0	0	0	0	0	0	0	0	76	542	14188	0	0	0	0	0	0	0	0	0	146	0	0	584	12534	2460	5838	98	602	0	178	0	0	0	1032	0	1576	0	760	0	2022	0	462	0	130	0	550	0	7398	0	86	0	0	0	0	0	0	126	7916	1382	0	134	0	0	0	0	0	108	0	0	0	0	0	0	0	0	474	0	0	0	902	0	0	0	0	0	0	0	0	0	0	0	0	0	0	0	0	0	0	0	0	0	0	0	0	0	0	
315528	Caudate_L	1150	1580	8874	2998	0	0	1270	3684	0	0	4266	2782	2484	2074	634	0	290	106	9654	1530	5614	8386	842	324	508	0	2490	2298	5602	3170	5902	6168	0	438	96	76	966	138	0	0	0	0	130	0	118	0	0	0	0	0	0	0	0	0	0	0	402	410	0	0	0	0	0	0	0	0	96	0	682	134	0	23006	17962	4892	4322	1336	13012	4446	0	0	0	0	422	0	0	0	0	0	0	0	0	0	0	0	0	0	0	0	0	0	0	0	0	0	0	0	0	0	0	0	0	0	0	0	0	0	
419436	Caudate_R	274	3928	2436	21030	0	1064	276	3724	0	0	3474	7804	1182	6230	0	212	120	250	4680	10150	2032	6030	1448	6814	186	1290	712	3770	3780	10876	3862	24952	0	1368	262	0	172	636	0	256	0	0	0	0	0	0	0	252	0	0	0	0	0	0	0	0	150	2056	0	0	0	0	0	0	0	0	0	0	0	0	23006	0	7814	22524	564	2082	2482	12984	0	0	0	0	524	0	0	0	0	0	0	0	0	0	0	0	0	0	0	0	0	0	0	0	0	0	0	0	0	0	0	0	0	0	0	0	0	0	
309828	Putamen_L	3896	0	19750	208	1042	0	8708	124	412	0	4036	428	2886	590	4064	0	3686	0	12972	180	2968	4812	2024	232	0	0	722	1464	21508	736	5012	2566	168	196	0	0	7506	0	390	0	844	0	0	0	0	0	0	0	0	0	0	0	0	0	1008	0	872	0	0	0	0	0	0	0	0	0	0	0	196	0	17962	7814	0	1910	7468	0	1610	202	0	0	284	0	632	0	0	0	0	0	826	0	0	0	0	0	0	0	0	0	0	0	0	0	0	0	0	0	0	0	0	0	0	0	0	0	0	0	
353332	Putamen_R	0	2514	788	16498	0	2054	142	7896	0	706	266	5766	170	2370	0	2632	0	1596	2328	7324	0	966	984	6950	0	1916	0	2346	400	23544	1608	16666	98	1526	0	0	0	13662	0	6260	0	2278	0	0	0	0	0	234	0	0	0	0	0	146	0	6414	0	1472	0	0	0	0	0	0	0	0	0	0	0	0	4892	22524	1910	0	0	2552	90	1754	0	0	0	1100	0	0	0	232	0	0	0	1092	0	0	0	0	0	0	0	0	0	0	0	0	0	0	0	0	0	0	0	0	0	0	0	0	0	0	
57996	Pallidum_L	1628	426	6020	104	0	0	800	0	0	0	0	0	0	0	0	0	0	0	2972	0	0	324	0	0	0	0	0	0	0	0	0	0	0	0	0	0	454	0	0	0	0	0	0	0	0	0	0	0	0	0	0	0	0	0	0	0	0	150	0	0	0	0	0	0	0	0	0	0	386	0	4322	564	7468	0	0	0	2970	410	0	0	0	0	0	0	0	0	0	0	0	0	0	0	0	0	0	0	0	0	0	0	0	0	0	0	0	0	0	0	0	0	0	0	0	0	0	0	
26864	Pallidum_R	0	506	0	1822	0	0	0	1570	0	0	0	122	0	0	0	0	0	212	78	0	0	0	0	0	0	0	0	0	76	618	0	0	0	0	136	184	126	584	0	288	0	0	0	0	0	0	0	86	0	0	0	0	0	0	0	238	0	96	0	0	0	0	0	0	0	0	0	208	0	0	1336	2082	0	2552	0	0	126	276	0	0	0	0	0	0	0	0	0	0	0	110	0	0	0	0	0	0	0	0	0	0	0	0	0	0	0	0	0	0	0	0	0	0	0	0	0	0	
190772	Thalamus_L	9390	3342	928	870	0	0	1296	78	0	0	608	86	204	110	118	0	1232	186	412	398	0	0	0	0	0	0	0	0	3922	780	96	210	0	102	8724	6222	6696	2922	494	0	0	0	100	0	98	0	752	0	0	0	0	0	0	0	100	0	846	796	0	0	0	0	0	0	0	0	1294	1138	404	108	13012	2482	1610	90	2970	126	0	18304	1632	98	0	0	0	0	0	0	0	0	0	0	0	0	0	0	0	0	0	0	0	0	0	0	0	0	0	0	0	0	0	0	0	0	0	0	0	0	
248100	Thalamus_R	2514	15330	272	8456	0	0	296	5606	0	0	206	942	74	166	0	0	518	504	256	378	76	80	0	104	0	0	0	0	2064	2890	78	360	0	84	8672	8236	4916	7758	680	812	0	0	0	110	0	160	638	632	0	304	0	0	0	0	0	404	90	4760	0	0	0	0	0	0	0	0	932	2558	0	0	4446	12984	202	1754	410	276	18304	0	1240	294	0	368	0	0	0	306	0	0	0	550	0	0	0	0	0	0	0	0	0	0	0	0	0	0	0	0	0	0	0	0	0	0	0	0	0	0	
59152	Heschl_L	594	150	100	0	0	0	122	0	0	0	202	0	0	0	0	0	2108	92	92	0	0	0	0	0	0	0	0	0	2122	352	0	0	0	0	2366	1322	3362	1154	100	0	0	0	504	0	0	0	208	0	0	0	252	0	0	0	1092	0	492	0	0	0	0	0	98	0	0	0	1138	570	140	0	0	0	0	0	0	0	1632	1240	0	0	2712	0	328	0	2380	0	0	0	2552	0	0	0	0	0	0	0	0	0	0	0	0	0	0	0	0	0	0	0	0	0	0	0	0	0	0	0	
35152	Heschl_R	0	440	0	632	0	0	0	284	0	0	0	144	0	0	0	106	0	2916	0	254	0	0	0	0	0	0	0	0	0	4512	0	0	0	0	116	202	116	288	0	0	0	0	0	0	0	144	0	0	0	278	0	80	0	0	0	0	0	218	0	84	0	180	0	90	0	272	0	580	0	0	0	0	0	0	0	0	98	294	0	0	0	3650	0	114	0	1342	0	0	0	142	0	0	0	0	0	0	0	0	0	0	0	0	0	0	0	0	0	0	0	0	0	0	0	0	0	0	
116032	Temporal_Sup_L	248	0	272	0	0	0	182	0	0	0	170	0	0	0	0	0	7424	0	256	0	0	0	0	0	0	0	0	0	3384	0	0	0	704	0	0	0	1320	0	0	0	0	0	0	0	0	0	0	0	0	0	1652	0	0	0	1136	0	1428	0	0	0	640	0	3024	0	856	0	1152	0	136	0	0	0	284	0	0	0	0	0	2712	0	0	0	5622	0	15910	0	0	0	9504	0	0	0	0	0	0	0	0	0	0	0	0	0	0	0	0	0	0	0	0	0	0	0	0	0	0	0	
106096	Temporal_Sup_R	0	626	0	428	0	0	0	314	0	0	0	328	0	0	0	1086	0	1798	0	216	0	0	0	0	0	0	0	0	0	6148	0	0	0	0	0	108	0	1080	0	234	0	0	0	174	0	160	0	0	0	254	0	164	0	0	0	808	0	710	0	156	0	282	0	5630	0	4292	80	952	0	0	0	0	0	1100	0	0	0	368	0	3650	0	0	0	2604	0	17038	0	430	0	1830	0	0	0	0	0	0	0	0	0	0	0	0	0	0	0	0	0	0	0	0	0	0	0	0	0	0	
92524	Temporal_Pole_Sup_L	364	0	506	0	154	0	234	0	276	0	1748	340	356	90	2128	0	2102	0	394	0	380	0	0	98	0	0	0	0	4138	336	158	296	0	0	0	0	684	0	226	0	318	0	0	0	0	0	0	0	0	0	0	0	0	0	2504	0	94	0	0	0	0	0	0	0	0	0	0	0	0	0	422	524	632	0	0	0	0	0	328	0	5622	0	0	0	9306	0	3166	0	8338	0	0	0	0	0	0	0	0	0	0	0	0	0	0	0	0	0	0	0	0	0	0	0	0	0	0	0	
40736	Temporal_Pole_Sup_R	0	0	0	0	0	0	0	0	0	0	0	0	0	0	0	1888	0	176	0	0	0	96	0	0	0	0	0	0	0	1120	0	0	0	0	0	0	0	394	0	572	0	1208	0	0	0	0	0	0	0	0	0	0	0	0	0	1378	0	0	0	0	0	0	0	0	0	0	0	0	0	0	0	0	0	0	0	0	0	0	0	114	0	2604	0	0	0	3236	0	4332	0	3250	0	0	0	0	0	0	0	0	0	0	0	0	0	0	0	0	0	0	0	0	0	0	0	0	0	0	
263200	Temporal_Mid_L	740	0	0	0	0	0	0	0	0	0	0	0	0	0	0	0	738	0	0	0	0	0	0	0	0	0	0	0	982	0	0	0	2588	0	456	0	738	0	0	0	0	0	6660	0	532	0	876	0	6116	0	20032	0	5040	0	2910	0	88	0	94	0	1380	0	584	0	4124	0	11118	0	934	0	0	0	0	0	0	0	0	0	2380	0	15910	0	9306	0	0	0	3012	0	34262	0	0	0	0	0	0	0	0	0	0	0	0	0	0	0	0	0	0	0	0	0	0	0	0	0	0	0	
195712	Temporal_Mid_R	0	500	0	130	0	0	0	0	0	0	0	0	0	0	0	264	0	158	0	472	0	0	0	0	0	0	0	0	0	2580	0	0	0	316	0	324	0	880	0	100	0	0	0	3856	0	3476	0	850	0	6544	0	11238	0	1722	0	2476	0	1476	0	696	0	322	0	5182	0	6784	0	3096	0	474	0	0	0	232	0	0	0	306	0	1342	0	17038	0	3236	0	0	0	1734	0	20052	0	0	0	0	0	0	0	0	0	0	0	0	0	0	0	0	0	0	0	0	0	0	0	0	0	0	
19760	Temporal_Pole_Mid_L	0	0	0	0	0	0	0	0	0	0	0	0	0	0	0	0	0	0	0	0	0	0	0	0	0	0	0	0	0	0	0	0	0	0	0	0	0	0	122	0	110	0	0	0	0	0	0	0	0	0	0	0	0	0	394	0	0	0	0	0	0	0	0	0	0	0	0	0	0	0	0	0	0	0	0	0	0	0	0	0	0	0	3166	0	3012	0	0	0	3076	0	0	0	0	0	0	0	0	0	0	0	0	0	0	0	0	0	0	0	0	0	0	0	0	0	0	0	
20456	Temporal_Pole_Mid_R	0	0	0	0	0	0	0	0	0	0	0	0	0	0	0	272	0	0	0	0	0	0	0	0	0	0	0	0	0	192	0	0	0	0	0	0	0	0	0	360	0	124	0	0	0	0	0	0	0	0	0	0	0	0	0	358	0	0	0	0	0	0	0	0	0	0	0	0	0	0	0	0	0	0	0	0	0	0	0	0	0	430	0	4332	0	1734	0	0	0	2426	0	0	0	0	0	0	0	0	0	0	0	0	0	0	0	0	0	0	0	0	0	0	0	0	0	0	
233876	Temporal_Inf_L	490	0	82	0	0	0	0	0	0	0	0	0	0	0	0	0	660	0	80	0	0	0	0	0	0	0	0	0	1742	0	0	0	2448	0	140	0	4920	0	530	0	1018	0	2276	0	256	0	460	0	764	0	6994	0	3578	0	12934	0	340	0	96	0	2534	0	3634	0	200	0	5914	0	806	0	0	0	826	0	0	0	0	0	2552	0	9504	0	8338	0	34262	0	3076	0	0	0	2340	0	1146	0	0	0	0	0	698	0	664	0	636	0	0	0	0	0	0	0	0	0	0	0	0	0	
223132	Temporal_Inf_R	0	1508	0	650	0	0	0	130	0	0	0	0	0	0	0	0	0	112	0	1344	0	0	0	0	0	0	0	0	0	1528	0	0	0	832	0	1400	0	7666	0	2970	0	606	0	7520	0	2976	0	2438	0	3194	0	2414	0	5708	0	22076	0	1176	0	0	0	0	0	480	0	210	0	7552	0	902	0	0	0	1092	0	110	0	550	0	142	0	1830	0	3250	0	20052	0	2426	0	0	0	3630	0	250	0	0	0	0	0	1786	0	184	0	872	0	0	0	0	0	0	0	0	0	0	0	0	
499532	Cerebelum_Crus1_L	0	0	0	0	0	0	0	0	0	0	0	0	0	0	0	0	0	0	0	0	0	0	0	0	0	0	0	0	0	0	0	0	0	0	0	0	0	0	0	0	0	0	124	76	0	0	8650	3836	0	0	0	0	0	318	20702	1994	0	0	0	0	0	0	0	0	0	0	0	0	0	0	0	0	0	0	0	0	0	0	0	0	0	0	0	0	0	0	0	0	2340	0	0	3926	35262	1248	904	534	22174	1894	60962	9848	15472	646	19148	2242	4448	1486	904	192	884	1314	6486	12586	6252	1090	1408	416	
529684	Cerebelum_Crus1_R	0	0	0	0	0	0	0	0	0	0	0	0	0	0	0	0	0	0	0	0	0	0	0	0	0	0	0	0	0	0	0	0	0	0	0	0	0	136	0	392	0	0	0	74	0	0	1382	7308	0	0	0	0	0	194	536	15572	0	0	0	0	0	0	0	0	0	0	0	74	0	0	0	0	0	0	0	0	0	0	0	0	0	0	0	0	0	0	0	0	0	3630	3926	0	1538	38928	266	2618	1478	17394	5036	66254	1540	9770	1590	36030	666	11742	222	702	972	2324	10030	9394	9156	1542	2278	148	
321208	Cerebelum_Crus2_L	0	0	0	0	0	0	0	0	0	0	0	0	0	0	0	0	0	0	0	0	0	0	0	0	0	0	0	0	0	0	0	0	0	0	0	0	0	0	0	0	0	0	0	0	0	0	1018	354	0	0	0	0	0	0	1862	0	0	0	0	0	0	0	0	0	0	0	0	0	0	0	0	0	0	0	0	0	0	0	0	0	0	0	0	0	0	0	0	0	1146	0	35262	1538	0	6102	120	0	1532	136	7102	2396	39554	4434	33850	5376	3644	552	504	0	74	0	596	1460	6614	4706	510	162	
329856	Cerebelum_Crus2_R	0	0	0	0	0	0	0	0	0	0	0	0	0	0	0	0	0	0	0	0	0	0	0	0	0	0	0	0	0	0	0	0	0	0	0	0	0	0	0	240	0	0	0	0	0	0	110	542	0	0	0	0	0	86	84	1378	0	0	0	0	0	0	0	0	0	0	0	0	0	0	0	0	0	0	0	0	0	0	0	0	0	0	0	0	0	0	0	0	0	250	1248	38928	6102	0	0	770	302	1428	692	17114	4068	21284	3128	38704	456	7982	0	134	152	416	1340	1044	11486	3922	1448	90	
50184	Cerebelum_3_L	0	0	0	0	0	0	0	0	0	0	0	0	0	0	0	0	0	0	0	0	0	0	0	0	0	0	0	0	0	0	0	0	0	0	0	0	0	0	0	0	0	0	0	0	0	0	462	0	0	0	0	0	0	0	176	0	0	0	0	0	0	0	0	0	0	0	0	0	0	0	0	0	0	0	0	0	0	0	0	0	0	0	0	0	0	0	0	0	0	0	904	266	120	0	0	404	9462	110	1892	356	194	0	458	0	1394	304	150	0	1126	3122	3378	370	0	102	342	0	
78340	Cerebelum_3_R	0	0	0	0	0	0	0	0	0	0	0	0	0	0	0	0	0	0	0	0	0	0	0	0	0	0	0	0	0	0	0	0	0	0	0	0	0	0	134	0	0	0	0	0	0	0	86	386	0	0	0	0	0	0	76	496	0	0	0	0	0	0	0	0	0	0	0	0	0	0	0	0	0	0	0	0	0	0	0	0	0	0	0	0	0	0	0	0	0	0	534	2618	0	770	404	0	1206	5344	914	4778	182	228	124	1296	292	2380	120	0	3478	5918	3528	1806	0	122	1512	438	
303428	Cerebelum_4_5_L	0	0	0	0	0	0	0	0	0	0	0	0	0	0	0	0	0	0	0	0	0	0	0	0	0	0	0	0	0	0	0	0	0	0	88	0	0	0	98	84	0	0	458	432	0	0	11534	1594	0	0	0	0	98	138	11450	748	0	0	0	0	0	0	0	0	0	0	188	0	0	0	0	0	0	0	0	0	0	0	0	0	0	0	0	0	0	0	0	0	0	0	22174	1478	1532	302	9462	1206	0	2750	34686	3096	2072	102	3202	932	5650	2244	512	0	2032	4456	17008	4810	650	620	2134	1694	
258756	Cerebelum_4_5_R	0	0	0	0	0	0	0	0	0	0	0	0	0	0	0	0	0	0	0	0	0	0	0	0	0	0	0	0	0	0	0	0	0	0	0	0	0	432	0	1214	0	0	96	728	0	0	2394	11656	0	0	0	0	108	370	1636	11912	0	0	0	0	0	0	0	0	0	0	0	208	0	0	0	0	0	0	0	0	0	0	0	0	0	0	0	0	0	0	0	0	0	0	1894	17394	136	1428	110	5344	2750	0	4674	29186	456	384	442	2976	376	2214	166	300	656	2992	17734	5466	334	264	820	128	
561460	Cerebelum_6_L	0	0	0	0	0	0	0	0	0	0	0	0	0	0	0	0	0	0	0	0	0	0	0	0	0	0	0	0	0	0	0	0	0	0	0	0	0	0	0	0	0	0	522	372	0	0	17784	8670	0	0	376	0	532	456	28016	2984	0	0	0	0	0	0	0	0	0	0	0	0	0	0	0	0	0	0	0	0	0	0	0	0	0	0	0	0	0	0	0	0	698	0	60962	5036	7102	692	1892	914	34686	4674	0	14208	9052	234	10768	1744	7906	4788	2250	1462	1164	1872	11496	24294	5268	2020	4664	1172	
595660	Cerebelum_6_R	0	0	0	0	0	0	0	0	0	0	0	0	0	0	0	0	0	0	0	0	0	0	0	0	0	0	0	0	0	0	0	0	0	0	0	0	0	310	0	702	0	0	102	180	0	0	3722	14966	0	0	0	0	122	1108	3308	20468	0	0	0	0	0	0	0	0	0	0	0	98	0	0	0	0	0	0	0	0	0	0	0	0	0	0	0	0	0	0	0	0	0	1786	9848	66254	2396	17114	356	4778	3096	29186	14208	0	3140	5308	3142	20776	1174	9392	424	1120	1434	3600	15322	21298	12204	2416	2888	84	
329028	Cerebelum_7b_L	0	0	0	0	0	0	0	0	0	0	0	0	0	0	0	0	0	0	0	0	0	0	0	0	0	0	0	0	0	0	0	0	0	0	0	0	0	0	0	0	0	0	0	0	0	0	396	312	0	0	0	0	0	0	288	102	0	0	0	0	0	0	0	0	0	0	0	0	0	0	0	0	0	0	0	0	0	0	0	0	0	0	0	0	0	0	0	0	664	0	15472	1540	39554	4068	194	182	2072	456	9052	3140	0	3350	42280	7176	7742	2434	1142	1062	136	182	808	3544	6422	8246	2346	152	
167356	Cerebelum_7b_R	0	0	0	0	0	0	0	0	0	0	0	0	0	0	0	0	0	0	0	0	0	0	0	0	0	0	0	0	0	0	0	0	0	0	0	0	0	0	0	0	0	0	0	0	0	0	0	0	0	0	0	0	0	0	0	146	0	0	0	0	0	0	0	0	0	0	0	0	0	0	0	0	0	0	0	0	0	0	0	0	0	0	0	0	0	0	0	0	0	184	646	9770	4434	21284	0	228	102	384	234	5308	3350	0	2286	21432	134	2404	0	0	0	174	470	134	6988	3110	476	0	
401660	Cerebelum_8_L	0	0	0	0	0	0	0	0	0	0	0	0	0	0	0	0	0	0	0	0	0	0	0	0	0	0	0	0	0	0	0	0	0	0	0	0	0	0	0	0	0	0	0	0	0	0	388	376	0	0	0	0	0	0	426	110	0	0	0	0	0	0	0	0	0	0	0	0	0	0	0	0	0	0	0	0	0	0	0	0	0	0	0	0	0	0	0	0	636	0	19148	1590	33850	3128	458	124	3202	442	10768	3142	42280	2286	0	12016	23340	4588	2406	962	184	196	1532	4514	7220	15588	5544	386	
442692	Cerebelum_8_R	0	0	0	0	0	0	0	0	0	0	0	0	0	0	0	0	0	0	0	0	0	0	0	0	0	0	0	0	0	0	0	0	0	0	0	0	0	0	0	276	0	0	0	0	0	0	86	512	0	0	0	0	0	0	0	2880	0	0	0	0	0	0	0	0	0	0	0	0	0	0	0	0	0	0	0	0	0	0	0	0	0	0	0	0	0	0	0	0	0	872	2242	36030	5376	38704	0	1296	932	2976	1744	20776	7176	21432	12016	0	2616	29308	0	380	372	724	2278	2180	10602	13070	4222	268	
194580	Cerebelum_9_L	0	0	0	0	0	0	0	0	0	0	0	0	0	0	0	0	0	0	0	0	0	0	0	0	0	0	0	0	0	0	0	0	0	0	0	0	0	0	0	0	0	0	0	0	0	0	686	252	0	0	0	0	0	0	266	82	0	0	0	0	0	0	0	0	0	0	0	0	0	0	0	0	0	0	0	0	0	0	0	0	0	0	0	0	0	0	0	0	0	0	4448	666	3644	456	1394	292	5650	376	7906	1174	7742	134	23340	2616	0	5404	4158	1104	256	682	3190	4944	2558	5380	7218	1272	
261572	Cerebelum_9_R	0	0	0	0	0	0	0	0	0	0	0	0	0	0	0	0	0	0	0	0	0	0	0	0	0	0	0	0	0	0	0	0	0	0	0	0	0	0	0	0	0	0	0	0	0	0	344	204	0	0	0	0	0	0	94	434	0	0	0	0	0	0	0	0	0	0	0	0	0	0	0	0	0	0	0	0	0	0	0	0	0	0	0	0	0	0	0	0	0	0	1486	11742	552	7982	304	2380	2244	2214	4788	9392	2434	2404	4588	29308	5404	0	864	3058	1554	2096	3260	8550	2962	5386	12446	2312	
35488	Cerebelum_10_L	0	0	0	0	0	0	0	0	0	0	0	0	0	0	0	0	0	0	0	0	0	0	0	0	0	0	0	0	0	0	0	0	0	0	0	0	0	0	0	0	0	0	0	0	0	0	74	0	0	0	0	0	0	0	0	0	0	0	0	0	0	0	0	0	0	0	0	0	0	0	0	0	0	0	0	0	0	0	0	0	0	0	0	0	0	0	0	0	0	0	904	222	504	0	150	120	512	166	2250	424	1142	0	2406	0	4158	864	0	310	206	290	226	1248	0	374	878	316	
33024	Cerebelum_10_R	0	0	0	0	0	0	0	0	0	0	0	0	0	0	0	0	0	0	0	0	0	0	0	0	0	0	0	0	0	0	0	0	0	0	0	0	0	0	0	0	0	0	0	0	0	0	0	0	0	0	0	0	0	0	0	0	0	0	0	0	0	0	0	0	0	0	0	0	0	0	0	0	0	0	0	0	0	0	0	0	0	0	0	0	0	0	0	0	0	0	192	702	0	134	0	0	0	300	1462	1120	1062	0	962	380	1104	3058	310	0	0	0	86	2128	0	1282	2230	0	
56680	Vermis_1_2	0	0	0	0	0	0	0	0	0	0	0	0	0	0	0	0	0	0	0	0	0	0	0	0	0	0	0	0	0	0	0	0	0	0	0	0	0	0	144	0	0	0	0	0	0	0	132	0	0	0	0	0	0	0	0	76	0	0	0	0	0	0	0	0	0	0	0	0	0	0	0	0	0	0	0	0	0	0	0	0	0	0	0	0	0	0	0	0	0	0	884	972	74	152	1126	3478	2032	656	1164	1434	136	0	184	372	256	1554	206	0	0	7992	2460	1438	0	0	946	472	
101008	Vermis_3	0	0	0	0	0	0	0	0	0	0	0	0	0	0	0	0	0	0	0	0	0	0	0	0	0	0	0	0	0	0	0	0	0	0	0	0	0	0	356	0	0	0	0	0	0	0	244	210	0	0	0	0	0	0	88	448	0	0	0	0	0	0	0	0	0	0	0	0	0	0	0	0	0	0	0	0	0	0	0	0	0	0	0	0	0	0	0	0	0	0	1314	2324	0	416	3122	5918	4456	2992	1872	3600	182	174	196	724	682	2096	290	0	7992	0	6650	2066	0	90	1528	474	
299368	Vermis_4_5	0	0	0	0	0	0	0	0	0	0	0	0	0	0	0	0	0	0	0	0	0	0	0	0	0	0	0	0	0	0	0	0	0	82	0	550	0	338	0	0	0	0	304	1070	0	86	5554	7764	0	0	0	0	142	448	3174	5620	0	0	0	0	0	0	0	0	0	0	0	958	0	0	0	0	0	0	0	0	0	0	0	0	0	0	0	0	0	0	0	0	0	0	6486	10030	596	1340	3378	3528	17008	17734	11496	15322	808	470	1532	2278	3190	3260	226	86	2460	6650	0	9760	494	556	2750	2156	
