data	data	426028	316856	953476	947320	330000	200096	546032	389632	172720	114044	394456	169716	247408	172076	271600	171832	410436	119856	671400	727024	131556	128288	401480	443888	60284	123096	114680	96088	765376	397484	443024	645632	154448	467436	269448	214836	348508	463564	121088	305452	37796	75676	311108	298152	222056	261500	279204	352572	205972	280752	487048	258396	249264	156584	397800	567464	333708	293044	143492	143996	225592	190488	146808	194288	125596	138188	278756	361328	137196	140560	415384	469160	328740	458504	49228	13208	142360	253660	89376	44732	402852	204572	127608	67424	338204	213516	44212	21852	327304	239948	427364	425300	276844	254844	52420	85432	301220	256188	392584	373208	179552	150188	227576	245004	116836	161872	18856	11812	23776	80344	255332	166024	170168	112980	67636	41908	
data	data	Precentral_L	Precentral_R	Frontal_Sup_L	Frontal_Sup_R	Frontal_Sup_Orb_L	Frontal_Sup_Orb_R	Frontal_Mid_L	Frontal_Mid_R	Frontal_Mid_Orb_L	Frontal_Mid_Orb_R	Frontal_Inf_Oper_L	Frontal_Inf_Oper_R	Frontal_Inf_Tri_L	Frontal_Inf_Tri_R	Frontal_Inf_Orb_L	Frontal_Inf_Orb_R	Rolandic_Oper_L	Rolandic_Oper_R	Supp_Motor_Area_L	Supp_Motor_Area_R	Olfactory_L	Olfactory_R	Frontal_Sup_Medial_L	Frontal_Sup_Medial_R	Frontal_Med_Orb_L	Frontal_Med_Orb_R	Rectus_L	Rectus_R	Insula_L	Insula_R	Cingulum_Ant_L	Cingulum_Ant_R	Cingulum_Mid_L	Cingulum_Mid_R	Cingulum_Post_L	Cingulum_Post_R	Hippocampus_L	Hippocampus_R	ParaHippocampal_L	ParaHippocampal_R	Amygdala_L	Amygdala_R	Calcarine_L	Calcarine_R	Cuneus_L	Cuneus_R	Lingual_L	Lingual_R	Occipital_Sup_L	Occipital_Sup_R	Occipital_Mid_L	Occipital_Mid_R	Occipital_Inf_L	Occipital_Inf_R	Fusiform_L	Fusiform_R	Postcentral_L	Postcentral_R	Parietal_Sup_L	Parietal_Sup_R	Parietal_Inf_L	Parietal_Inf_R	SupraMarginal_L	SupraMarginal_R	Angular_L	Angular_R	Precuneus_L	Precuneus_R	Paracentral_Lobule_L	Paracentral_Lobule_R	Caudate_L	Caudate_R	Putamen_L	Putamen_R	Pallidum_L	Pallidum_R	Thalamus_L	Thalamus_R	Heschl_L	Heschl_R	Temporal_Sup_L	Temporal_Sup_R	Temporal_Pole_Sup_L	Temporal_Pole_Sup_R	Temporal_Mid_L	Temporal_Mid_R	Temporal_Pole_Mid_L	Temporal_Pole_Mid_R	Temporal_Inf_L	Temporal_Inf_R	Cerebelum_Crus1_L	Cerebelum_Crus1_R	Cerebelum_Crus2_L	Cerebelum_Crus2_R	Cerebelum_3_L	Cerebelum_3_R	Cerebelum_4_5_L	Cerebelum_4_5_R	Cerebelum_6_L	Cerebelum_6_R	Cerebelum_7b_L	Cerebelum_7b_R	Cerebelum_8_L	Cerebelum_8_R	Cerebelum_9_L	Cerebelum_9_R	Cerebelum_10_L	Cerebelum_10_R	Vermis_1_2	Vermis_3	Vermis_4_5	Vermis_6	Vermis_7	Vermis_8	Vermis_9	Vermis_10	
426028	Precentral_L	0	1632	12158	4366	0	0	20626	1044	0	0	16868	0	2318	0	76	0	18230	0	7564	3086	0	0	0	0	0	0	0	0	16952	0	90	0	326	280	3968	928	6718	724	660	478	0	0	2074	0	416	0	440	116	110	0	6510	0	3904	0	3398	370	24232	0	470	0	3986	0	1788	0	0	0	1404	0	6238	212	6960	0	2946	0	1622	0	3036	598	4502	0	6108	0	386	0	4008	0	0	0	8088	0	0	0	0	0	0	0	0	0	0	0	0	0	0	0	0	0	0	0	0	0	0	0	0	0	0	0	
316856	Precentral_R	1632	0	1058	16774	98	208	138	11514	0	0	112	10624	0	234	0	0	234	3608	2036	3088	0	0	214	964	0	306	0	0	1110	4582	392	2380	114	996	6942	4066	3678	3742	384	750	0	0	0	1124	0	770	338	1030	0	322	0	592	90	1552	482	1256	180	16022	0	2358	0	5464	0	6994	0	176	106	4024	1620	3686	1038	6282	440	1572	0	0	4360	3190	118	1246	298	2762	0	0	342	1660	0	0	1082	3230	80	466	0	0	0	0	0	0	0	0	0	0	0	0	0	0	0	0	0	98	0	0	0	0	0	0	
953476	Frontal_Sup_L	12158	1058	0	11146	18168	84	75814	4910	7140	0	17408	436	20490	578	11642	0	15444	0	65486	14858	264	0	39192	6990	1884	358	268	0	40984	296	21394	6254	4960	4280	1684	888	7596	1260	1140	834	212	0	0	0	0	0	216	100	0	0	0	0	0	122	1004	730	3418	0	0	0	0	0	0	0	0	0	0	0	328	0	8560	350	16456	644	3626	0	5266	1026	1372	0	11330	0	2204	0	536	0	0	0	1762	0	130	0	0	0	0	0	0	0	0	0	0	0	0	0	0	0	0	0	0	0	0	0	0	0	0	0	
947320	Frontal_Sup_R	4366	16774	11146	0	182	5042	2730	44968	94	2436	1618	5318	0	7918	136	4546	2008	4380	17992	69128	0	276	10962	40344	0	3916	0	366	2696	12136	5888	34172	916	19300	7818	1050	3640	10192	388	3438	0	104	0	0	0	0	344	588	0	0	0	88	92	406	504	3674	302	392	0	0	0	84	0	100	0	0	0	210	2302	0	10846	35772	1738	23408	0	1626	5272	21920	130	0	1082	370	202	0	356	452	0	0	1104	1364	78	370	0	0	0	0	0	0	0	0	0	0	0	0	0	0	0	0	0	100	0	0	0	0	0	0	
330000	Frontal_Sup_Orb_L	0	98	18168	182	0	708	5804	262	19968	208	1046	122	6548	0	23656	0	196	0	3032	384	7310	3410	5208	216	6758	216	10260	988	22254	0	9108	1280	136	0	0	0	0	0	0	0	540	0	0	0	0	0	0	0	0	0	0	0	0	0	0	0	0	0	0	0	0	0	0	0	0	0	0	0	0	0	6242	2190	6838	248	0	0	0	0	0	0	178	0	1238	0	0	0	0	0	0	0	0	0	0	0	0	0	0	0	0	0	0	0	0	0	0	0	0	0	0	0	0	0	0	0	0	0	
200096	Frontal_Sup_Orb_R	0	208	84	5042	708	0	0	2660	196	14768	0	334	0	2000	448	14370	0	0	410	2126	786	3876	562	4054	286	8850	632	10934	0	4360	882	5150	0	1406	0	0	0	238	0	0	0	130	0	0	0	0	0	0	0	0	0	0	0	0	0	0	0	0	0	0	0	0	0	0	0	0	0	0	0	0	778	5984	0	7786	0	0	0	0	0	0	0	0	0	0	0	0	0	0	0	0	0	0	0	0	0	0	0	0	0	0	0	0	0	0	0	0	0	0	0	0	0	0	0	0	0	0	
546032	Frontal_Mid_L	20626	138	75814	2730	5804	0	0	2278	4268	0	21850	84	32712	0	7350	0	14066	0	9088	1774	0	0	15492	2044	0	0	0	0	22712	0	8394	2298	2058	1098	320	228	1104	212	210	136	0	0	0	0	0	0	0	0	0	0	104	0	0	0	140	110	2672	0	0	0	0	0	0	0	0	0	0	0	86	0	3492	0	728	0	0	0	504	244	1208	0	7658	0	1094	0	0	0	0	0	88	0	0	0	0	0	0	0	0	0	0	0	0	0	0	0	0	0	0	0	0	0	0	0	0	0	0	0	
389632	Frontal_Mid_R	1044	11514	4910	44968	262	2660	2278	0	162	2458	1390	11892	0	15420	164	3678	1448	2238	5800	6208	0	146	1892	10894	0	514	0	98	2298	5576	1476	11724	264	6352	222	0	0	3606	0	550	0	132	0	0	0	0	0	0	0	0	0	0	0	228	0	724	0	1014	0	308	0	846	0	910	0	0	0	0	0	0	10426	4954	294	6730	0	350	432	1212	0	0	1028	184	338	0	0	152	0	0	0	448	0	0	0	0	0	0	0	0	0	0	0	0	0	0	0	0	0	0	0	0	0	0	0	0	0	0	
172720	Frontal_Mid_Orb_L	0	0	7140	94	19968	196	4268	162	0	0	134	0	4376	0	24492	0	0	0	1500	194	2056	1230	986	0	468	0	3986	316	7818	0	1950	278	0	0	0	0	0	0	0	0	0	0	0	0	0	0	0	0	0	0	0	0	0	0	0	0	0	0	0	0	0	0	0	0	0	0	0	0	0	0	1916	676	1768	0	0	0	0	0	0	0	0	0	388	0	0	0	0	0	0	0	0	0	0	0	0	0	0	0	0	0	0	0	0	0	0	0	0	0	0	0	0	0	0	0	0	0	
114044	Frontal_Mid_Orb_R	0	0	0	2436	208	14768	0	2458	0	0	0	118	0	2332	152	17408	0	0	404	1704	218	364	0	556	0	442	210	700	0	3812	108	722	0	1170	0	0	0	396	0	112	0	94	0	0	0	0	0	0	0	0	0	0	0	0	0	136	0	0	0	0	0	0	0	0	0	0	0	0	0	0	222	1068	0	4704	0	0	0	0	0	0	0	0	0	0	0	0	0	0	0	0	0	0	0	0	0	0	0	0	0	0	0	0	0	0	0	0	0	0	0	0	0	0	0	0	0	0	
394456	Frontal_Inf_Oper_L	16868	112	17408	1618	1046	0	21850	1390	134	0	0	140	14794	0	496	0	32632	0	10104	1472	0	0	756	98	0	0	0	0	32702	0	3056	300	134	360	182	132	494	258	0	164	0	0	0	0	0	0	0	0	0	0	0	0	0	0	112	156	5890	0	0	0	216	0	0	0	0	0	0	0	0	0	6068	0	1548	212	0	0	172	132	1468	0	18478	0	3880	0	118	0	0	0	78	0	0	0	0	0	0	0	0	0	0	0	0	0	0	0	0	0	0	0	0	0	0	0	0	0	0	0	
169716	Frontal_Inf_Oper_R	0	10624	436	5318	122	334	84	11892	0	118	140	0	0	7322	0	516	136	8240	488	2636	0	0	464	2036	0	406	0	0	294	13768	868	7164	0	1234	0	0	0	1066	0	330	0	0	0	0	0	0	0	0	0	0	0	0	0	0	0	202	0	492	0	0	0	0	0	0	0	0	0	0	0	0	700	2430	0	4070	0	0	0	178	0	144	0	434	0	0	0	0	0	0	0	172	0	0	0	0	0	0	0	0	0	0	0	0	0	0	0	0	0	0	0	0	0	0	0	0	0	0	
247408	Frontal_Inf_Tri_L	2318	0	20490	0	6548	0	32712	0	4376	0	14794	0	0	0	10690	0	1678	0	3414	0	0	0	1758	0	0	0	0	0	17918	0	3050	296	428	80	0	0	0	0	0	0	0	0	0	0	0	0	0	0	0	0	0	0	0	0	0	0	570	0	0	0	0	0	0	0	0	0	0	0	0	0	976	0	492	0	0	0	0	0	0	0	504	0	612	0	0	0	0	0	0	0	0	0	0	0	0	0	0	0	0	0	0	0	0	0	0	0	0	0	0	0	0	0	0	0	0	0	
172076	Frontal_Inf_Tri_R	0	234	578	7918	0	2000	0	15420	0	2332	0	7322	0	0	0	8380	80	978	1420	2414	0	246	758	3762	0	374	0	226	0	14180	944	8280	148	3232	0	0	0	410	0	84	0	166	0	0	0	0	0	0	0	0	0	0	0	0	0	86	0	0	0	0	0	0	0	0	0	0	0	0	0	0	82	918	0	2850	0	0	0	216	0	0	0	0	0	0	0	0	0	0	0	0	0	0	0	0	0	0	0	0	0	0	0	0	0	0	0	0	0	0	0	0	0	0	0	0	0	0	
271600	Frontal_Inf_Orb_L	76	0	11642	136	23656	448	7350	164	24492	152	496	0	10690	0	0	0	212	0	2876	216	5820	2416	2110	126	374	76	5126	712	18050	0	4650	854	372	112	0	0	0	0	234	0	0	0	0	0	0	0	0	0	0	0	0	0	0	0	80	0	0	0	0	0	0	0	0	0	0	0	0	0	0	0	4754	1702	3438	178	0	0	0	0	0	0	0	0	2010	0	0	0	0	0	0	0	0	0	0	0	0	0	0	0	0	0	0	0	0	0	0	0	0	0	0	0	0	0	0	0	0	0	
171832	Frontal_Inf_Orb_R	0	0	0	4546	0	14370	0	3678	0	17408	0	516	0	8380	0	0	0	0	486	2426	0	1710	0	1176	0	0	0	1520	0	11464	252	2050	114	1880	0	0	0	710	0	764	0	824	0	0	0	0	0	0	0	0	0	0	0	0	0	702	0	0	0	0	0	0	0	0	0	0	0	0	0	0	0	1594	0	7246	0	0	0	0	0	0	0	398	0	1390	0	204	0	0	0	108	0	0	0	0	0	0	0	0	0	0	0	0	0	0	0	0	0	0	0	0	0	0	0	0	0	0	
410436	Rolandic_Oper_L	18230	234	15444	2008	196	0	14066	1448	0	0	32632	136	1678	80	212	0	0	0	8882	2070	0	0	240	190	0	0	0	0	34332	0	650	300	160	648	276	136	748	222	0	142	0	0	130	0	126	0	0	0	0	0	222	0	80	0	1086	136	15594	0	0	0	1628	0	2106	0	0	0	106	0	192	0	4596	0	498	172	0	0	230	134	4622	0	27426	0	3212	0	2196	0	0	0	5366	0	0	0	0	0	0	0	0	0	0	0	0	0	0	0	0	0	0	0	0	0	0	0	0	0	0	0	
119856	Rolandic_Oper_R	0	3608	0	4380	0	0	0	2238	0	0	0	8240	0	978	0	0	0	0	108	2786	0	0	0	276	0	0	0	0	0	14718	102	796	0	378	0	0	0	1532	0	610	0	0	0	0	0	0	0	92	0	0	0	0	0	0	0	320	0	3164	0	976	0	1028	0	2530	0	0	0	112	0	0	246	1100	0	2514	0	0	0	104	0	1476	0	4470	0	402	0	98	0	0	0	388	0	158	0	0	0	0	0	0	0	0	0	0	0	0	0	0	0	0	0	0	0	0	0	0	0	0	
671400	Supp_Motor_Area_L	7564	2036	65486	17992	3032	410	9088	5800	1500	404	10104	488	3414	1420	2876	486	8882	108	0	47022	0	0	4412	6166	0	0	0	0	23186	852	5832	7632	7926	19738	3296	572	5754	906	1172	352	190	0	84	0	112	0	176	0	0	0	0	0	0	0	556	270	2236	0	0	0	0	0	0	0	0	0	190	308	9754	680	8888	1098	17124	1618	5186	0	1878	250	542	0	6990	0	1130	0	0	0	0	0	532	0	0	0	0	0	0	0	0	0	0	0	0	0	0	0	0	0	0	0	0	0	0	0	0	0	0	0	
727024	Supp_Motor_Area_R	3086	3088	14858	69128	384	2126	1774	6208	194	1704	1472	2636	0	2414	216	2426	2070	2786	47022	0	0	224	1604	11532	0	1204	0	248	1578	6394	3778	20854	5746	44278	4922	6094	1834	4672	0	1738	0	0	0	0	0	170	0	326	0	88	0	0	0	120	0	1388	228	1340	0	0	0	0	0	0	0	84	408	3472	5992	9538	7220	23692	1372	16386	76	1398	248	7948	0	0	866	156	126	0	0	140	0	0	0	336	0	102	0	0	0	0	0	0	0	0	0	0	0	0	0	0	0	0	0	0	0	0	0	0	0	0	
131556	Olfactory_L	0	0	264	0	7310	786	0	0	2056	218	0	0	0	0	5820	0	0	0	0	0	0	6316	190	0	938	82	8250	1694	4086	0	4618	3032	0	0	0	0	164	0	426	0	1050	0	0	0	0	0	0	0	0	0	0	0	0	0	0	0	0	0	0	0	0	0	0	0	0	0	0	0	0	0	9960	4848	2232	1018	0	0	0	0	0	0	0	0	420	0	0	0	0	0	0	0	0	0	0	0	0	0	0	0	0	0	0	0	0	0	0	0	0	0	0	0	0	0	0	0	0	0	
128288	Olfactory_R	0	0	0	276	3410	3876	0	146	1230	364	0	0	0	246	2416	1710	0	0	0	224	6316	0	0	80	346	578	4606	6316	306	2556	2414	2572	0	78	0	0	0	222	0	634	100	1430	0	0	0	0	0	0	0	0	0	0	0	0	0	338	0	0	0	0	0	0	0	0	0	0	0	0	0	0	7726	6702	2300	3574	0	0	0	0	0	0	0	0	0	1052	0	0	0	0	0	0	0	0	0	0	0	0	0	0	0	0	0	0	0	0	0	0	0	0	0	0	0	0	0	0	0	0	
401480	Frontal_Sup_Medial_L	0	214	39192	10962	5208	562	15492	1892	986	0	756	464	1758	758	2110	0	240	0	4412	1604	190	0	0	26234	3642	3232	216	84	2314	674	33054	21108	6542	11426	0	0	0	204	0	0	0	0	0	0	0	0	0	0	0	0	0	0	0	0	0	0	0	0	0	0	0	0	0	0	0	0	0	0	0	0	866	908	2768	668	0	0	0	0	0	0	0	0	0	0	0	0	0	0	0	0	0	0	0	0	0	0	0	0	0	0	0	0	0	0	0	0	0	0	0	0	0	0	0	0	0	0	
443888	Frontal_Sup_Medial_R	0	964	6990	40344	216	4054	2044	10894	0	556	98	2036	0	3762	126	1176	190	276	6166	11532	0	80	26234	0	240	8568	0	332	354	4036	10936	37486	1316	20928	0	0	0	596	0	0	0	0	0	0	0	0	0	0	0	0	0	0	0	0	0	158	0	0	0	0	0	0	0	0	0	0	0	0	0	0	772	9980	328	8176	0	0	0	0	0	0	0	0	0	0	0	0	0	0	0	0	0	0	0	0	0	0	0	0	0	0	0	0	0	0	0	0	0	0	0	0	0	0	0	0	0	0	
60284	Frontal_Med_Orb_L	0	0	1884	0	6758	286	0	0	468	0	0	0	0	0	374	0	0	0	0	0	938	346	3642	240	0	1058	2586	262	292	0	6758	646	0	0	0	0	0	0	0	0	0	0	0	0	0	0	0	0	0	0	0	0	0	0	0	0	0	0	0	0	0	0	0	0	0	0	0	0	0	0	1048	366	2078	112	0	0	0	0	0	0	0	0	0	0	0	0	0	0	0	0	0	0	0	0	0	0	0	0	0	0	0	0	0	0	0	0	0	0	0	0	0	0	0	0	0	0	
123096	Frontal_Med_Orb_R	0	306	358	3916	216	8850	0	514	0	442	0	406	0	374	76	0	0	0	0	1204	82	578	3232	8568	1058	0	112	7092	0	546	3070	10140	0	700	0	0	0	210	0	0	0	0	0	0	0	0	0	0	0	0	0	0	0	0	0	0	0	0	0	0	0	0	0	0	0	0	0	0	0	0	124	5436	0	3938	0	0	0	0	0	0	0	0	0	0	0	0	0	0	0	0	0	0	0	0	0	0	0	0	0	0	0	0	0	0	0	0	0	0	0	0	0	0	0	0	0	0	
114680	Rectus_L	0	0	268	0	10260	632	0	0	3986	210	0	0	0	0	5126	0	0	0	0	0	8250	4606	216	0	2586	112	0	1452	1530	0	4814	2460	0	0	0	0	0	0	0	0	144	0	0	0	0	0	0	0	0	0	0	0	0	0	0	0	0	0	0	0	0	0	0	0	0	0	0	0	0	0	6522	3148	494	524	0	0	0	0	0	0	0	0	0	0	0	0	0	0	0	0	0	0	0	0	0	0	0	0	0	0	0	0	0	0	0	0	0	0	0	0	0	0	0	0	0	0	
96088	Rectus_R	0	0	0	366	988	10934	0	98	316	700	0	0	0	226	712	1520	0	0	0	248	1694	6316	84	332	262	7092	1452	0	0	894	1054	3742	0	0	0	0	0	0	0	0	0	478	0	0	0	0	0	0	0	0	0	0	0	0	0	0	0	0	0	0	0	0	0	0	0	0	0	0	0	0	1390	2970	148	4028	0	0	0	0	0	0	0	0	0	0	0	0	0	0	0	0	0	0	0	0	0	0	0	0	0	0	0	0	0	0	0	0	0	0	0	0	0	0	0	0	0	0	
765376	Insula_L	16952	1110	40984	2696	22254	0	22712	2298	7818	0	32702	294	17918	0	18050	0	34332	0	23186	1578	4086	306	2314	354	292	0	1530	0	0	128	7086	672	350	510	1716	780	11684	1138	2650	768	3338	0	82	0	0	0	0	102	0	0	0	0	0	106	3776	676	6082	86	0	0	378	0	280	0	0	0	142	0	198	0	10126	336	21894	574	106	0	624	724	8256	0	27974	0	9710	0	1860	0	0	0	4010	0	0	0	0	0	0	0	0	0	0	0	0	0	0	0	0	0	0	0	0	0	0	0	0	0	0	0	
397484	Insula_R	0	4582	296	12136	0	4360	0	5576	0	3812	0	13768	0	14180	0	11464	0	14718	852	6394	0	2556	674	4036	0	546	0	894	128	0	876	10940	86	1874	100	0	0	8290	0	2888	0	1302	0	0	0	0	0	0	0	0	0	0	0	86	0	7158	0	1022	0	0	0	128	0	628	0	0	0	0	0	0	528	2738	188	25800	0	0	0	904	0	3238	0	13258	0	3140	0	4608	0	0	0	7268	0	722	0	0	0	0	0	0	0	0	0	0	0	0	0	0	0	0	0	0	0	0	0	0	0	0	
443024	Cingulum_Ant_L	90	392	21394	5888	9108	882	8394	1476	1950	108	3056	868	3050	944	4650	252	650	102	5832	3778	4618	2414	33054	10936	6758	3070	4814	1054	7086	876	0	27200	7068	6588	0	0	0	222	0	0	86	0	0	0	0	0	0	0	0	0	0	0	0	0	0	0	0	0	0	0	0	0	0	0	0	0	0	0	0	0	12212	4514	13488	1836	0	0	0	0	0	0	326	0	428	0	0	0	0	0	0	0	0	0	0	0	0	0	0	0	0	0	0	0	0	0	0	0	0	0	0	0	0	0	0	0	0	0	
645632	Cingulum_Ant_R	0	2380	6254	34172	1280	5150	2298	11724	278	722	300	7164	296	8280	854	2050	300	796	7632	20854	3032	2572	21108	37486	646	10140	2460	3742	672	10940	27200	0	4358	30488	0	0	0	1670	0	140	0	0	0	0	0	0	0	0	0	0	0	0	0	0	0	624	0	0	0	0	0	0	0	0	0	0	0	0	0	0	4836	25328	1928	20038	0	0	0	184	0	0	188	168	0	0	0	0	0	0	0	84	0	0	0	0	0	0	0	0	0	0	0	0	0	0	0	0	0	0	0	0	0	0	0	0	0	0	
154448	Cingulum_Mid_L	326	114	4960	916	136	0	2058	264	0	0	134	0	428	148	372	114	160	0	7926	5746	0	0	6542	1316	0	0	0	0	350	86	7068	4358	0	11672	2026	1306	0	0	0	0	0	0	1262	0	1686	0	728	0	0	0	84	0	0	0	0	0	2292	94	0	0	0	0	0	0	0	0	3926	964	6124	1346	0	78	0	114	0	0	0	0	0	0	0	0	0	0	0	0	0	0	0	0	0	0	0	0	0	0	0	0	0	0	0	0	0	0	0	0	0	0	0	0	0	0	0	0	0	0	
467436	Cingulum_Mid_R	280	996	4280	19300	0	1406	1098	6352	0	1170	360	1234	80	3232	112	1880	648	378	19738	44278	0	78	11426	20928	0	700	0	0	510	1874	6588	30488	11672	0	1564	7084	208	558	0	0	0	0	0	204	0	584	0	586	0	0	0	108	0	108	0	0	0	1256	0	0	0	0	0	0	0	0	882	7500	2888	10022	1376	4452	366	2550	0	0	84	0	0	0	252	0	0	0	0	0	0	0	0	0	0	0	0	0	0	0	0	0	0	0	0	0	0	0	0	0	0	0	0	0	0	0	0	0	0	0	
269448	Cingulum_Post_L	3968	6942	1684	7818	0	0	320	222	0	0	182	0	0	0	0	0	276	0	3296	4922	0	0	0	0	0	0	0	0	1716	100	0	0	2026	1564	0	16310	13308	10454	1986	7884	0	0	2576	138	1388	0	1266	2576	0	0	76	0	0	424	892	5682	682	248	0	0	0	0	0	0	0	0	5970	2258	3398	1194	272	614	514	172	0	0	6552	8996	1090	0	390	0	0	0	298	0	0	0	1032	282	0	150	0	0	0	0	0	146	0	0	0	0	0	0	0	0	0	0	0	0	470	0	0	0	0	0	
214836	Cingulum_Post_R	928	4066	888	1050	0	0	228	0	0	0	132	0	0	0	0	0	136	0	572	6094	0	0	0	0	0	0	0	0	780	0	0	0	1306	7084	16310	0	7490	8992	1478	6984	0	0	0	340	0	182	132	4268	0	160	0	0	0	640	292	4888	0	1042	0	0	0	0	0	0	0	92	1946	8708	760	7146	0	286	188	142	0	0	2254	7236	980	0	190	0	0	0	0	82	0	0	0	300	0	0	0	0	0	0	0	132	0	0	0	0	0	0	0	0	0	0	0	0	514	0	0	0	0	0	
348508	Hippocampus_L	6718	3678	7596	3640	0	0	1104	0	0	0	494	0	0	0	0	0	748	0	5754	1834	164	0	0	0	0	0	0	0	11684	0	0	0	0	208	13308	7490	0	6406	17518	4850	5692	0	1578	0	0	0	5682	1534	0	0	160	0	408	370	15948	3712	1116	118	0	0	112	0	100	0	0	0	3140	1152	558	294	386	216	6858	0	650	0	4172	5918	2408	0	2250	0	720	0	1128	0	94	0	10808	90	1418	0	0	0	0	0	948	176	646	0	0	0	94	0	164	0	0	0	0	0	242	0	0	0	0	0	
463564	Hippocampus_R	724	3742	1260	10192	0	238	212	3606	0	396	258	1066	0	410	0	710	222	1532	906	4672	0	222	204	596	0	210	0	0	1138	8290	222	1670	0	558	10454	8992	6406	0	1420	39978	0	11334	0	304	0	0	140	5170	0	0	0	0	0	876	326	38968	86	302	0	0	0	0	0	0	0	0	582	3060	438	116	852	1338	530	17698	0	364	2644	10998	958	886	232	2734	0	310	0	1126	0	0	98	11154	0	4336	0	0	0	0	0	2528	0	322	0	118	0	154	0	194	0	0	0	0	0	0	0	0	0	0	
121088	ParaHippocampal_L	660	384	1140	388	0	0	210	0	0	0	0	0	0	0	234	0	0	0	1172	0	426	0	0	0	0	0	0	0	2650	0	0	0	0	0	1986	1478	17518	1420	0	918	2662	0	258	0	0	0	5416	138	0	0	0	0	446	0	8968	810	122	0	0	0	0	0	0	0	0	0	804	212	0	0	0	0	2104	0	186	0	704	1360	0	0	428	0	1014	0	0	0	234	0	1718	0	336	0	0	0	82	0	1176	0	390	0	96	0	108	0	188	0	0	0	0	0	0	0	0	0	0	0	
305452	ParaHippocampal_R	478	750	834	3438	0	0	136	550	0	112	164	330	0	84	0	764	142	610	352	1738	0	634	0	0	0	0	0	0	768	2888	0	140	0	0	7884	6984	4850	39978	918	0	0	10992	0	492	0	0	90	6046	0	0	0	0	0	920	238	27456	0	0	0	0	0	0	0	0	0	0	578	3120	272	0	434	94	336	5216	0	306	1110	6350	630	138	152	242	0	2986	0	130	0	568	0	2672	0	894	0	80	0	0	0	3632	0	428	0	150	0	188	0	260	0	0	0	0	0	0	0	0	0	0	
37796	Amygdala_L	0	0	212	0	540	0	0	0	0	0	0	0	0	0	0	0	0	0	190	0	1050	100	0	0	0	0	144	0	3338	0	86	0	0	0	0	0	5692	0	2662	0	0	0	0	0	0	0	0	0	0	0	0	0	0	0	2202	0	0	0	0	0	0	0	0	0	0	0	0	0	0	0	292	102	1554	0	0	0	0	0	0	0	108	0	438	0	0	0	0	0	188	0	0	0	0	0	0	0	0	0	0	0	0	0	0	0	0	0	0	0	0	0	0	0	0	0	0	0	
75676	Amygdala_R	0	0	0	104	0	130	0	132	0	94	0	0	0	166	0	824	0	0	0	0	0	1430	0	0	0	0	0	478	0	1302	0	0	0	0	0	0	0	11334	0	10992	0	0	0	0	0	0	0	0	0	0	0	0	0	0	0	5326	0	0	0	0	0	0	0	0	0	0	0	0	0	0	0	100	0	2318	0	0	0	0	0	0	0	0	0	2358	0	0	0	216	0	118	0	0	0	0	0	0	0	416	0	0	0	0	0	0	0	0	0	0	0	0	0	0	0	0	0	0	
311108	Calcarine_L	2074	0	0	0	0	0	0	0	0	0	0	0	0	0	0	0	130	0	84	0	0	0	0	0	0	0	0	0	82	0	0	0	1262	0	2576	0	1578	0	258	0	0	0	0	9908	14562	7172	18564	4432	7424	2528	25634	956	16022	468	4694	682	2308	0	894	0	472	0	212	0	234	0	17830	188	2952	0	0	0	0	0	0	0	0	0	0	0	114	0	0	0	2578	0	0	0	4874	0	0	0	0	0	0	0	84	482	162	318	0	0	0	0	0	0	0	0	0	0	534	228	0	0	0	0	
298152	Calcarine_R	0	1124	0	0	0	0	0	0	0	0	0	0	0	0	0	0	0	0	0	0	0	0	0	0	0	0	0	0	0	0	0	0	0	204	138	340	0	304	0	492	0	0	9908	0	4490	26076	2514	25132	174	17748	110	17020	0	10818	0	4142	0	1980	0	1578	0	0	0	0	0	92	326	14154	0	468	0	0	0	0	0	0	0	0	0	0	0	212	0	0	0	6796	0	0	0	1856	0	0	0	0	0	0	114	270	0	88	0	0	0	0	0	0	0	0	0	0	278	130	0	0	0	0	
222056	Cuneus_L	416	0	0	0	0	0	0	0	0	0	0	0	0	0	0	0	126	0	112	0	0	0	0	0	0	0	0	0	0	0	0	0	1686	0	1388	0	0	0	0	0	0	0	14562	4490	0	6530	4174	274	21212	2140	15850	1090	4130	268	988	0	1100	0	5838	0	114	0	0	0	0	0	20858	592	2556	0	0	0	0	0	0	0	0	0	0	0	0	0	0	0	144	0	0	0	390	0	0	0	0	0	0	0	0	0	0	0	0	0	0	0	0	0	0	0	0	0	0	0	0	0	0	0	
261500	Cuneus_R	0	770	0	0	0	0	0	0	0	0	0	0	0	0	0	0	0	0	0	170	0	0	0	0	0	0	0	0	0	0	0	0	0	584	0	182	0	0	0	0	0	0	7172	26076	6530	0	1784	7536	256	29382	106	15262	0	4712	0	1082	0	1952	0	1610	0	222	0	0	0	1168	1230	18022	0	3622	0	0	0	0	0	0	0	0	0	0	0	122	0	0	0	960	0	0	0	238	0	0	0	0	0	0	0	0	0	0	0	0	0	0	0	0	0	0	0	0	0	0	0	0	0	0	
279204	Lingual_L	440	338	216	344	0	0	0	0	0	0	0	0	0	0	0	0	0	0	176	0	0	0	0	0	0	0	0	0	0	0	0	0	728	0	1266	132	5682	140	5416	90	0	0	18564	2514	4174	1784	0	3176	2138	682	9740	242	8518	222	18948	1110	474	0	360	0	0	0	0	0	0	0	9934	0	1752	0	0	0	196	0	0	0	486	168	0	0	0	0	0	0	98	0	0	0	1700	0	7696	320	2198	0	414	92	7180	1610	11290	1108	0	0	0	0	0	0	0	0	0	220	3030	1858	638	0	0	0	
352572	Lingual_R	116	1030	100	588	0	0	0	0	0	0	0	0	0	0	0	0	0	92	0	326	0	0	0	0	0	0	0	0	102	0	0	0	0	586	2576	4268	1534	5170	138	6046	0	0	4432	25132	274	7536	3176	0	0	8070	0	8170	0	10392	940	18702	0	426	0	1070	0	0	0	0	0	0	828	14632	106	1014	0	0	0	0	0	0	404	676	0	0	0	120	0	0	0	2130	0	0	0	1692	1254	3034	940	180	0	0	2724	7668	2864	8114	0	0	0	88	0	98	0	0	0	86	8708	5912	2022	0	0	0	
205972	Occipital_Sup_L	110	0	0	0	0	0	0	0	0	0	0	0	0	0	0	0	0	0	0	0	0	0	0	0	0	0	0	0	0	0	0	0	0	0	0	0	0	0	0	0	0	0	7424	174	21212	256	2138	0	0	0	28202	0	6758	0	826	0	1864	0	13210	0	4068	0	142	0	130	0	15766	98	80	0	0	0	0	0	0	0	0	0	0	0	0	0	0	0	444	0	0	0	84	0	0	0	0	0	0	0	0	0	0	0	0	0	0	0	0	0	0	0	0	0	0	0	0	0	0	0	
280752	Occipital_Sup_R	0	322	0	0	0	0	0	0	0	0	0	0	0	0	0	0	0	0	0	88	0	0	0	0	0	0	0	0	0	0	0	0	0	0	0	160	0	0	0	0	0	0	2528	17748	2140	29382	682	8070	0	0	0	25110	0	2792	0	1224	0	6802	0	6820	0	3392	0	2042	0	6146	982	18774	0	3854	0	0	0	0	0	0	0	0	0	0	0	282	0	0	0	840	0	0	0	196	0	0	0	0	0	0	0	0	0	0	0	0	0	0	0	0	0	0	0	0	0	0	0	0	0	0	
487048	Occipital_Mid_L	6510	0	0	0	0	0	104	0	0	0	0	0	0	0	0	0	222	0	0	0	0	0	0	0	0	0	0	0	0	0	0	0	84	0	76	0	160	0	0	0	0	0	25634	110	15850	106	9740	0	28202	0	0	0	38370	0	4058	0	12234	0	17666	0	18452	0	5808	0	16374	0	14362	0	1086	0	0	0	0	0	0	0	0	0	0	0	1340	0	0	0	20474	0	0	0	6242	0	0	0	0	0	0	0	0	0	106	0	0	0	0	0	0	0	0	0	0	0	0	154	0	0	0	0	
258396	Occipital_Mid_R	0	592	0	88	0	0	0	0	0	0	0	0	0	0	0	0	0	0	0	0	0	0	0	0	0	0	0	0	0	0	0	0	0	108	0	0	0	0	0	0	0	0	956	17020	1090	15262	242	8170	0	25110	0	0	0	7976	0	1524	0	2394	0	3688	0	3096	0	102	0	11910	540	11646	0	1142	0	0	0	0	0	0	0	0	0	0	0	1268	0	0	0	14414	0	0	0	860	0	0	0	0	0	0	0	0	0	0	0	0	0	0	0	0	0	0	0	0	0	0	0	0	0	0	
249264	Occipital_Inf_L	3904	90	0	92	0	0	0	0	0	0	0	0	0	0	0	0	80	0	0	0	0	0	0	0	0	0	0	0	0	0	0	0	0	0	0	0	408	0	446	0	0	0	16022	0	4130	0	8518	0	6758	0	38370	0	0	0	10044	0	2672	0	2950	0	2922	0	966	0	1076	0	4930	0	214	0	0	0	0	0	0	0	0	0	0	0	430	0	0	0	8484	0	0	0	10070	0	328	0	124	0	0	0	0	0	520	0	0	0	0	0	0	0	0	0	0	0	0	84	0	0	0	0	
156584	Occipital_Inf_R	0	1552	122	406	0	0	0	228	0	0	0	0	0	0	0	0	0	0	0	120	0	0	0	0	0	0	0	0	106	86	0	0	0	108	424	640	370	876	0	920	0	0	468	10818	268	4712	222	10392	0	2792	0	7976	0	0	0	10110	0	2428	0	106	0	0	0	0	0	170	86	7750	0	646	0	0	0	0	0	0	0	410	114	0	0	112	0	0	0	1656	0	0	0	6222	0	370	188	0	0	0	382	750	230	1042	0	0	0	0	0	0	0	0	0	0	880	708	326	0	0	0	
397800	Fusiform_L	3398	482	1004	504	0	0	140	0	0	0	112	0	0	0	80	0	1086	0	556	0	0	0	0	0	0	0	0	0	3776	0	0	0	0	0	892	292	15948	326	8968	238	2202	0	4694	0	988	0	18948	940	826	0	4058	0	10044	0	0	644	490	0	200	0	168	0	194	0	0	0	3328	0	0	0	0	0	1288	0	0	0	576	190	1726	0	1632	0	3846	0	2450	0	2148	0	22350	0	23984	162	2022	92	858	0	13586	738	29326	470	1028	0	514	102	692	0	248	0	0	0	2002	840	504	0	0	0	
567464	Fusiform_R	370	1256	730	3674	0	0	110	724	0	136	156	202	0	86	0	702	136	320	270	1388	0	338	0	158	0	0	0	0	676	7158	0	624	0	0	5682	4888	3712	38968	810	27456	0	5326	682	4142	0	1082	1110	18702	0	1224	0	1524	0	10110	644	0	0	532	0	126	0	222	0	348	0	126	82	1192	198	90	400	216	258	8088	0	240	694	6826	592	1018	142	4178	0	5758	0	2082	0	1362	0	27264	894	20148	716	282	0	980	2252	14710	1890	20242	0	0	0	190	0	128	0	0	0	164	7506	4664	1656	0	0	0	
333708	Postcentral_L	24232	180	3418	302	0	0	2672	0	0	0	5890	0	570	0	0	0	15594	0	2236	228	0	0	0	0	0	0	0	0	6082	0	0	0	2292	0	682	0	1116	86	122	0	0	0	2308	0	1100	0	474	0	1864	0	12234	0	2672	0	490	0	0	0	6590	0	23748	0	12544	0	1614	0	3050	0	8136	0	950	0	218	0	0	0	1290	0	3050	0	8646	0	0	0	5576	0	0	0	4598	0	0	0	0	0	0	0	0	0	0	0	0	0	0	0	0	0	0	0	0	0	0	0	0	0	0	0	
293044	Postcentral_R	0	16022	0	392	0	0	0	1014	0	0	0	492	0	0	0	0	0	3164	0	1340	0	0	0	0	0	0	0	0	86	1022	0	0	94	1256	248	1042	118	302	0	0	0	0	0	1980	0	1952	0	426	0	6802	0	2394	0	2428	0	532	0	0	0	11498	0	19884	0	22974	0	6378	180	15378	154	5882	498	594	0	110	0	0	0	0	0	676	0	5768	0	0	0	9186	0	0	0	4010	0	246	0	0	0	0	0	0	0	0	0	0	0	0	0	0	0	0	0	0	0	0	0	0	0	0	
143492	Parietal_Sup_L	470	0	0	0	0	0	0	0	0	0	0	0	0	0	0	0	0	0	0	0	0	0	0	0	0	0	0	0	0	0	0	0	0	0	0	0	0	0	0	0	0	0	894	0	5838	0	360	0	13210	0	17666	0	2950	0	200	0	6590	0	0	0	8944	0	0	0	1792	0	10828	132	510	0	0	0	0	0	0	0	0	0	0	0	0	0	0	0	1118	0	0	0	244	0	0	0	0	0	0	0	0	0	0	0	0	0	0	0	0	0	0	0	0	0	0	0	0	0	0	0	
143996	Parietal_Sup_R	0	2358	0	0	0	0	0	308	0	0	0	0	0	0	0	0	0	976	0	0	0	0	0	0	0	0	0	0	0	0	0	0	0	0	0	0	0	0	0	0	0	0	0	1578	0	1610	0	1070	0	6820	0	3688	0	106	0	126	0	11498	0	0	0	16182	0	12662	0	4250	388	5870	0	842	162	276	0	0	0	0	0	0	0	116	0	718	0	0	0	90	0	0	0	228	0	76	0	0	0	0	0	0	0	0	0	0	0	0	0	0	0	0	0	0	0	0	0	0	0	0	
225592	Parietal_Inf_L	3986	0	0	0	0	0	0	0	0	0	216	0	0	0	0	0	1628	0	0	0	0	0	0	0	0	0	0	0	378	0	0	0	0	0	0	0	112	0	0	0	0	0	472	0	114	0	0	0	4068	0	18452	0	2922	0	168	0	23748	0	8944	0	0	0	18842	0	11944	0	332	0	172	0	468	0	94	0	0	0	0	0	242	0	3092	0	0	0	9990	0	0	0	2412	0	0	0	0	0	0	0	0	0	0	0	0	0	0	0	0	0	0	0	0	0	0	0	0	0	0	0	
190488	Parietal_Inf_R	0	5464	0	84	0	0	0	846	0	0	0	0	0	0	0	0	0	1028	0	0	0	0	0	0	0	0	0	0	0	128	0	0	0	0	0	0	0	0	0	0	0	0	0	0	0	222	0	0	0	3392	0	3096	0	0	0	222	0	19884	0	16182	0	0	0	25558	0	11410	0	2492	0	760	354	400	0	0	0	0	0	0	0	462	0	1996	0	0	0	376	0	0	0	744	0	144	0	0	0	0	0	0	0	0	0	0	0	0	0	0	0	0	0	0	0	0	0	0	0	0	
146808	SupraMarginal_L	1788	0	0	0	0	0	0	0	0	0	0	0	0	0	0	0	2106	0	0	0	0	0	0	0	0	0	0	0	280	0	0	0	0	0	0	0	100	0	0	0	0	0	212	0	0	0	0	0	142	0	5808	0	966	0	194	0	12544	0	0	0	18842	0	0	0	11404	0	0	0	0	0	342	0	80	0	0	0	0	0	176	0	5392	0	0	0	12054	0	0	0	974	0	0	0	0	0	0	0	0	0	0	0	0	0	0	0	0	0	0	0	0	0	0	0	0	0	0	0	
194288	SupraMarginal_R	0	6994	0	100	0	0	0	910	0	0	0	0	0	0	0	0	0	2530	0	0	0	0	0	0	0	0	0	0	0	628	0	0	0	0	0	0	0	0	0	0	0	0	0	0	0	0	0	0	0	2042	0	102	0	0	0	348	0	22974	0	12662	0	25558	0	0	0	6508	0	2140	0	372	378	452	0	0	0	0	0	0	0	1890	0	8764	0	0	0	1150	0	0	0	416	0	226	0	0	0	0	0	0	0	0	0	0	0	0	0	0	0	0	0	0	0	0	0	0	0	0	
125596	Angular_L	0	0	0	0	0	0	0	0	0	0	0	0	0	0	0	0	0	0	0	0	0	0	0	0	0	0	0	0	0	0	0	0	0	0	0	0	0	0	0	0	0	0	234	0	0	0	0	0	130	0	16374	0	1076	0	0	0	1614	0	1792	0	11944	0	11404	0	0	0	0	0	0	0	0	0	0	0	0	0	0	0	0	0	2178	0	0	0	14474	0	0	0	1578	0	0	0	0	0	0	0	0	0	0	0	0	0	0	0	0	0	0	0	0	0	0	0	0	0	0	0	
138188	Angular_R	0	176	0	0	0	0	0	0	0	0	0	0	0	0	0	0	0	0	0	84	0	0	0	0	0	0	0	0	0	0	0	0	0	0	0	92	0	0	0	0	0	0	0	92	0	1168	0	0	0	6146	0	11910	0	170	0	126	0	6378	0	4250	0	11410	0	6508	0	0	0	5560	0	2306	0	0	0	0	0	0	0	0	0	286	0	5290	0	0	0	6972	0	0	0	170	0	0	0	0	0	0	0	0	0	0	0	0	0	0	0	0	0	0	0	0	0	0	0	0	0	0	
278756	Precuneus_L	1404	106	0	0	0	0	0	0	0	0	0	0	0	0	0	0	106	0	190	408	0	0	0	0	0	0	0	0	142	0	0	0	3926	882	5970	1946	3140	582	804	578	0	0	17830	326	20858	1230	9934	828	15766	982	14362	540	4930	86	3328	82	3050	180	10828	388	332	0	0	0	0	0	0	4284	5334	508	0	0	0	0	0	0	112	0	0	0	0	0	0	0	432	0	0	0	1618	0	182	0	0	0	0	0	260	156	198	0	0	0	0	0	0	0	0	0	0	0	250	0	0	0	0	0	
361328	Precuneus_R	0	4024	0	210	0	0	0	0	0	0	0	0	0	0	0	0	0	112	308	3472	0	0	0	0	0	0	0	0	0	0	0	0	964	7500	2258	8708	1152	3060	212	3120	0	0	188	14154	592	18022	0	14632	98	18774	0	11646	0	7750	0	1192	0	15378	132	5870	0	2492	0	2140	0	5560	4284	0	590	11544	0	0	0	0	0	0	444	480	0	86	0	698	0	0	0	5808	0	0	0	2020	0	0	0	0	0	0	0	566	0	0	0	0	0	0	0	0	0	0	0	0	424	0	0	0	0	0	
137196	Paracentral_Lobule_L	6238	1620	328	2302	0	0	86	0	0	0	0	0	0	0	0	0	192	0	9754	5992	0	0	0	0	0	0	0	0	198	0	0	0	6124	2888	3398	760	558	438	0	272	0	0	2952	0	2556	0	1752	106	80	0	1086	0	214	0	0	198	8136	154	510	0	172	0	0	0	0	0	5334	590	0	1756	82	0	420	0	322	0	0	106	0	0	226	0	0	0	364	0	0	0	334	0	0	0	0	0	0	0	0	0	0	0	0	0	0	0	0	0	0	0	0	0	0	0	0	0	0	0	
140560	Paracentral_Lobule_R	212	3686	0	0	0	0	0	0	0	0	0	0	0	0	0	0	0	0	680	9538	0	0	0	0	0	0	0	0	0	0	0	0	1346	10022	1194	7146	294	116	0	0	0	0	0	468	0	3622	0	1014	0	3854	0	1142	0	646	0	90	0	5882	0	842	0	760	0	372	0	2306	508	11544	1756	0	0	0	0	0	0	0	76	0	0	0	0	186	0	0	0	684	0	0	0	294	0	0	0	0	0	0	0	0	0	0	0	0	0	0	0	0	0	0	0	0	0	0	0	0	0	0	
415384	Caudate_L	6960	1038	8560	10846	6242	778	3492	10426	1916	222	6068	700	976	82	4754	0	4596	246	8888	7220	9960	7726	866	772	1048	124	6522	1390	10126	528	12212	4836	0	1376	272	0	386	852	0	434	292	0	0	0	0	0	0	0	0	0	0	0	0	0	0	400	950	498	0	162	468	354	342	378	0	0	0	0	82	0	0	17164	20146	5650	3954	0	8430	950	134	0	2186	172	1394	0	0	0	0	0	0	146	0	0	0	0	0	0	0	0	0	0	0	0	0	0	0	0	0	0	0	0	0	0	0	0	0	0	
469160	Caudate_R	0	6282	350	35772	2190	5984	0	4954	676	1068	0	2430	0	918	1702	1594	0	1100	1098	23692	4848	6702	908	9980	366	5436	3148	2970	336	2738	4514	25328	78	4452	614	286	216	1338	0	94	102	100	0	0	0	0	0	0	0	0	0	0	0	0	0	216	0	594	0	276	0	400	0	452	0	0	0	0	0	0	17164	0	6228	22600	370	980	1744	19110	0	0	0	0	0	0	0	0	0	0	0	82	0	0	0	0	0	0	0	0	0	0	0	0	0	0	0	0	0	0	0	0	0	0	0	0	0	0	
328740	Putamen_L	2946	440	16456	1738	6838	0	728	294	1768	0	1548	0	492	0	3438	0	498	0	17124	1372	2232	2300	2768	328	2078	0	494	148	21894	188	13488	1928	0	366	514	188	6858	530	2104	336	1554	0	0	0	0	0	196	0	0	0	0	0	0	0	1288	258	218	0	0	0	94	0	80	0	0	0	0	0	420	0	20146	6228	0	2998	6180	0	3372	184	348	0	2124	0	3248	0	0	0	0	0	1012	0	0	0	0	0	0	0	0	0	0	0	0	0	0	0	0	0	0	0	0	0	0	0	0	0	0	0	
458504	Putamen_R	0	1572	644	23408	248	7786	0	6730	0	4704	212	4070	0	2850	178	7246	172	2514	1618	16386	1018	3574	668	8176	112	3938	524	4028	574	25800	1836	20038	114	2550	172	142	0	17698	0	5216	0	2318	0	0	0	0	0	0	0	0	0	0	0	0	0	8088	0	110	0	0	0	0	0	0	0	0	0	0	0	0	5650	22600	2998	0	100	1340	0	3988	0	0	94	1164	182	244	0	594	0	0	0	2568	0	374	0	0	0	0	0	150	0	174	0	0	0	0	0	0	0	0	0	0	0	0	0	0	0	0	
49228	Pallidum_L	1622	0	3626	0	0	0	0	0	0	0	0	0	0	0	0	0	0	0	5186	76	0	0	0	0	0	0	0	0	106	0	0	0	0	0	0	0	650	0	186	0	0	0	0	0	0	0	0	0	0	0	0	0	0	0	0	0	0	0	0	0	0	0	0	0	0	0	0	0	322	0	3954	370	6180	100	0	0	2236	0	0	0	0	0	0	0	0	0	0	0	0	0	0	0	0	0	0	0	0	0	0	0	0	0	0	0	0	0	0	0	0	0	0	0	0	0	0	0	
13208	Pallidum_R	0	0	0	1626	0	0	0	350	0	0	0	0	0	0	0	0	0	0	0	1398	0	0	0	0	0	0	0	0	0	0	0	0	0	0	0	0	0	364	0	306	0	0	0	0	0	0	0	0	0	0	0	0	0	0	0	240	0	0	0	0	0	0	0	0	0	0	0	0	0	0	0	980	0	1340	0	0	0	0	0	0	0	0	0	0	0	0	0	0	0	0	0	0	0	0	0	0	0	0	0	0	0	0	0	0	0	0	0	0	0	0	0	0	0	0	0	0	
142360	Thalamus_L	3036	4360	5266	5272	0	0	504	432	0	0	172	0	0	0	0	0	230	0	1878	248	0	0	0	0	0	0	0	0	624	0	0	0	0	84	6552	2254	4172	2644	704	1110	0	0	0	0	0	0	486	404	0	0	0	0	0	0	576	694	1290	0	0	0	0	0	0	0	0	0	112	444	0	76	8430	1744	3372	0	2236	0	0	10568	262	0	144	0	0	0	0	0	0	0	576	0	0	0	0	0	0	0	0	0	0	0	0	0	0	0	0	0	0	0	0	224	0	0	0	0	0	0	
253660	Thalamus_R	598	3190	1026	21920	0	0	244	1212	0	0	132	178	0	216	0	0	134	104	250	7948	0	0	0	0	0	0	0	0	724	904	0	184	0	0	8996	7236	5918	10998	1360	6350	0	0	0	0	0	0	168	676	0	0	0	0	0	410	190	6826	0	0	0	0	0	0	0	0	0	0	0	480	106	0	950	19110	184	3988	0	0	10568	0	904	0	182	118	0	0	0	186	0	0	0	1030	0	628	0	0	0	0	0	0	0	94	0	0	0	0	0	0	0	0	0	210	0	0	0	0	0	0	
89376	Heschl_L	4502	118	1372	130	0	0	1208	0	0	0	1468	0	0	0	0	0	4622	0	542	0	0	0	0	0	0	0	0	0	8256	0	0	0	0	0	1090	980	2408	958	0	630	0	0	0	0	0	0	0	0	0	0	0	0	0	114	1726	592	3050	0	0	0	242	0	176	0	0	0	0	0	0	0	134	0	348	0	0	0	262	904	0	0	4318	0	0	0	1308	0	0	0	3230	0	0	0	0	0	0	0	0	0	0	0	0	0	0	0	0	0	0	0	0	0	0	0	0	0	0	0	
44732	Heschl_R	0	1246	0	0	0	0	0	0	0	0	0	144	0	0	0	0	0	1476	0	0	0	0	0	0	0	0	0	0	0	3238	0	0	0	0	0	0	0	886	0	138	0	0	0	0	0	0	0	0	0	0	0	0	0	0	0	1018	0	676	0	116	0	462	0	1890	0	286	0	86	0	0	0	0	0	0	0	0	0	0	0	0	0	7372	0	0	0	854	0	0	0	1862	0	616	0	0	0	0	0	0	0	0	0	0	0	0	0	0	0	0	0	0	0	0	0	0	0	0	
402852	Temporal_Sup_L	6108	298	11330	1082	178	0	7658	1028	0	0	18478	0	504	0	0	0	27426	0	6990	866	0	0	0	0	0	0	0	0	27974	0	326	188	0	252	390	190	2250	232	428	152	108	0	114	0	0	0	0	0	0	0	1340	0	430	0	1632	142	8646	0	0	0	3092	0	5392	0	2178	0	0	0	226	0	2186	0	2124	94	0	0	144	182	4318	0	0	0	6830	0	30526	0	1236	0	16158	0	0	0	0	0	0	0	0	0	0	0	0	0	0	0	0	0	0	0	0	0	0	0	0	0	0	0	
204572	Temporal_Sup_R	0	2762	0	370	0	0	0	184	0	0	0	434	0	0	0	398	0	4470	0	156	0	0	0	0	0	0	0	0	0	13258	0	168	0	0	0	0	0	2734	0	242	0	0	0	212	0	122	0	120	0	282	0	1268	0	112	0	4178	0	5768	0	718	0	1996	0	8764	0	5290	0	698	0	186	172	0	0	1164	0	0	0	118	0	7372	0	0	0	4936	0	20246	0	440	0	11090	0	1858	0	0	0	0	0	0	0	0	0	0	0	0	0	0	0	0	0	0	0	0	0	0	0	0	
127608	Temporal_Pole_Sup_L	386	0	2204	202	1238	0	1094	338	388	0	3880	0	612	0	2010	0	3212	0	1130	126	420	0	0	0	0	0	0	0	9710	0	428	0	0	0	0	0	720	0	1014	0	438	0	0	0	0	0	0	0	0	0	0	0	0	0	3846	0	0	0	0	0	0	0	0	0	0	0	0	0	0	0	1394	0	3248	182	0	0	0	0	0	0	6830	0	0	0	7490	0	5712	0	5552	0	0	0	0	0	0	0	0	0	0	0	0	0	0	0	0	0	0	0	0	0	0	0	0	0	0	0	
67424	Temporal_Pole_Sup_R	0	0	0	0	0	0	0	0	0	0	0	0	0	0	0	1390	0	402	0	0	0	1052	0	0	0	0	0	0	0	3140	0	0	0	0	0	0	0	310	0	2986	0	2358	0	0	0	0	0	0	0	0	0	0	0	0	0	5758	0	0	0	0	0	0	0	0	0	0	0	0	0	0	0	0	0	244	0	0	0	0	0	0	0	4936	0	0	0	4392	0	2736	0	4008	0	0	0	0	0	0	0	0	0	0	0	0	0	0	0	0	0	0	0	0	0	0	0	0	0	0	
338204	Temporal_Mid_L	4008	342	536	356	0	0	0	0	0	0	118	0	0	0	0	0	2196	0	0	0	0	0	0	0	0	0	0	0	1860	0	0	0	0	0	298	0	1128	0	0	0	0	0	2578	0	144	0	98	0	444	0	20474	0	8484	0	2450	0	5576	0	1118	0	9990	0	12054	0	14474	0	432	0	364	0	0	0	0	0	0	0	0	0	1308	0	30526	0	7490	0	0	0	6578	0	33678	0	0	0	0	0	0	0	0	0	0	0	0	0	0	0	0	0	0	0	0	0	0	0	0	0	0	0	
213516	Temporal_Mid_R	0	1660	0	452	0	0	0	152	0	0	0	0	0	0	0	204	0	98	0	140	0	0	0	0	0	0	0	0	0	4608	0	0	0	0	0	82	0	1126	0	130	0	0	0	6796	0	960	0	2130	0	840	0	14414	0	1656	0	2082	0	9186	0	90	0	376	0	1150	0	6972	0	5808	0	684	0	0	0	594	0	0	0	186	0	854	0	20246	0	4392	0	0	0	3190	0	14968	0	532	0	0	0	0	0	0	0	0	0	0	0	0	0	0	0	0	0	0	0	0	0	0	0	0	
44212	Temporal_Pole_Mid_L	0	0	0	0	0	0	0	0	0	0	0	0	0	0	0	0	0	0	0	0	0	0	0	0	0	0	0	0	0	0	0	0	0	0	0	0	94	0	234	0	0	0	0	0	0	0	0	0	0	0	0	0	0	0	2148	0	0	0	0	0	0	0	0	0	0	0	0	0	0	0	0	0	0	0	0	0	0	0	0	0	1236	0	5712	0	6578	0	0	0	6104	0	0	0	0	0	0	0	0	0	0	0	0	0	0	0	0	0	0	0	0	0	0	0	0	0	0	0	
21852	Temporal_Pole_Mid_R	0	0	0	0	0	0	0	0	0	0	0	0	0	0	0	0	0	0	0	0	0	0	0	0	0	0	0	0	0	0	0	0	0	0	0	0	0	0	0	568	0	216	0	0	0	0	0	0	0	0	0	0	0	0	0	1362	0	0	0	0	0	0	0	0	0	0	0	0	0	0	0	0	0	0	0	0	0	0	0	0	0	440	0	2736	0	3190	0	0	0	2414	0	0	0	0	0	0	0	0	0	0	0	0	0	0	0	0	0	0	0	0	0	0	0	0	0	0	
327304	Temporal_Inf_L	8088	1082	1762	1104	0	0	88	0	0	0	78	0	0	0	0	0	5366	0	532	0	0	0	0	0	0	0	0	0	4010	0	0	0	0	0	1032	0	10808	98	1718	0	188	0	4874	0	390	0	1700	0	84	0	6242	0	10070	0	22350	0	4598	0	244	0	2412	0	974	0	1578	0	1618	0	334	0	0	0	1012	0	0	0	576	0	3230	0	16158	0	5552	0	33678	0	6104	0	0	0	2518	0	228	0	80	0	366	0	728	0	0	0	0	0	0	0	0	0	0	0	0	0	0	0	0	0	
239948	Temporal_Inf_R	0	3230	0	1364	0	0	0	448	0	0	0	172	0	0	0	108	0	388	0	336	0	0	0	0	0	0	0	0	0	7268	0	84	0	0	282	300	90	11154	0	2672	0	118	0	1856	0	238	0	1692	0	196	0	860	0	6222	0	27264	0	4010	0	228	0	744	0	416	0	170	0	2020	0	294	146	82	0	2568	0	0	0	1030	0	1862	0	11090	0	4008	0	14968	0	2414	0	0	0	7256	0	0	0	0	0	86	0	240	0	0	0	0	0	0	0	0	0	0	0	0	0	0	0	0	
427364	Cerebelum_Crus1_L	0	80	130	78	0	0	0	0	0	0	0	0	0	0	0	0	0	0	0	0	0	0	0	0	0	0	0	0	0	0	0	0	0	0	0	0	1418	0	336	0	0	0	0	0	0	0	7696	1254	0	0	0	0	328	0	23984	894	0	0	0	0	0	0	0	0	0	0	182	0	0	0	0	0	0	0	0	0	0	0	0	0	0	0	0	0	0	0	0	0	2518	0	0	2924	31700	3676	3050	370	23828	2170	55042	3034	9674	1312	9760	2284	1938	530	484	0	378	500	8174	5144	6156	1382	510	764	
425300	Cerebelum_Crus1_R	0	466	0	370	0	0	0	0	0	0	0	0	0	0	0	0	0	158	0	102	0	0	0	0	0	0	0	0	0	722	0	0	0	0	150	0	0	4336	0	894	0	0	0	0	0	0	320	3034	0	0	0	0	0	370	162	20148	0	246	0	76	0	144	0	226	0	0	0	0	0	0	0	0	0	374	0	0	0	628	0	616	0	1858	0	0	0	532	0	0	0	7256	2924	0	3372	27330	78	6646	3258	19656	3002	52636	106	4704	346	11442	88	2156	0	326	0	4100	9610	5624	9980	1490	372	216	
276844	Cerebelum_Crus2_L	0	0	0	0	0	0	0	0	0	0	0	0	0	0	0	0	0	0	0	0	0	0	0	0	0	0	0	0	0	0	0	0	0	0	0	0	0	0	0	0	0	0	0	0	0	0	2198	940	0	0	0	0	124	188	2022	716	0	0	0	0	0	0	0	0	0	0	0	0	0	0	0	0	0	0	0	0	0	0	0	0	0	0	0	0	0	0	0	0	228	0	31700	3372	0	5314	1196	162	4452	336	9256	2374	26516	1960	23326	1404	6022	302	586	0	92	222	1854	2998	6236	1676	258	392	
254844	Cerebelum_Crus2_R	0	0	0	0	0	0	0	0	0	0	0	0	0	0	0	0	0	0	0	0	0	0	0	0	0	0	0	0	0	0	0	0	0	0	0	0	0	0	0	80	0	0	0	0	0	0	0	180	0	0	0	0	0	0	92	282	0	0	0	0	0	0	0	0	0	0	0	0	0	0	0	0	0	0	0	0	0	0	0	0	0	0	0	0	0	0	0	0	0	0	3676	27330	5314	0	84	1116	1426	720	1986	6890	894	20716	1496	24730	78	9588	0	830	0	546	1868	3216	10918	2830	304	232	
52420	Cerebelum_3_L	0	0	0	0	0	0	0	0	0	0	0	0	0	0	0	0	0	0	0	0	0	0	0	0	0	0	0	0	0	0	0	0	0	0	0	0	0	0	82	0	0	0	0	0	0	0	414	0	0	0	0	0	0	0	858	0	0	0	0	0	0	0	0	0	0	0	0	0	0	0	0	0	0	0	0	0	0	0	0	0	0	0	0	0	0	0	0	0	80	0	3050	78	1196	84	0	98	7234	0	2998	84	960	0	1772	264	2888	388	138	0	344	1266	280	206	130	598	374	346	
85432	Cerebelum_3_R	0	0	0	0	0	0	0	0	0	0	0	0	0	0	0	0	0	0	0	0	0	0	0	0	0	0	0	0	0	0	0	0	0	0	0	0	0	0	0	0	0	0	0	0	0	0	92	0	0	0	0	0	0	0	0	980	0	0	0	0	0	0	0	0	0	0	0	0	0	0	0	0	0	0	0	0	0	0	0	0	0	0	0	0	0	0	0	0	0	0	370	6646	162	1116	98	0	360	6024	364	7338	0	102	312	1638	238	3180	0	0	304	5586	1194	506	1536	2218	2070	282	
301220	Cerebelum_4_5_L	0	0	0	0	0	0	0	0	0	0	0	0	0	0	0	0	0	0	0	0	0	0	0	0	0	0	0	0	0	0	0	0	0	0	0	0	948	0	1176	0	0	0	84	114	0	0	7180	2724	0	0	0	0	0	382	13586	2252	0	0	0	0	0	0	0	0	0	0	260	0	0	0	0	0	0	0	0	0	0	0	0	0	0	0	0	0	0	0	0	0	366	0	23828	3258	4452	1426	7234	360	0	5252	34504	4738	2764	284	2912	1666	3028	600	316	0	406	1596	14660	3694	1478	1454	634	994	
256188	Cerebelum_4_5_R	0	0	0	0	0	0	0	0	0	0	0	0	0	0	0	0	0	0	0	0	0	0	0	0	0	0	0	0	0	0	0	0	0	0	146	132	176	2528	0	3632	0	416	482	270	0	0	1610	7668	0	0	0	0	0	750	738	14710	0	0	0	0	0	0	0	0	0	0	156	566	0	0	0	0	0	150	0	0	0	0	0	0	0	0	0	0	0	0	0	0	0	86	2170	19656	336	720	0	6024	5252	0	3430	29620	92	76	190	998	126	2300	0	90	0	3730	14430	2282	914	698	648	96	
392584	Cerebelum_6_L	0	0	0	0	0	0	0	0	0	0	0	0	0	0	0	0	0	0	0	0	0	0	0	0	0	0	0	0	0	0	0	0	0	0	0	0	646	0	390	0	0	0	162	0	0	0	11290	2864	0	0	106	0	520	230	29326	1890	0	0	0	0	0	0	0	0	0	0	198	0	0	0	0	0	0	0	0	0	0	0	0	0	0	0	0	0	0	0	0	0	728	0	55042	3002	9256	1986	2998	364	34504	3430	0	3900	2024	242	1434	1762	1348	474	280	0	390	474	11240	7892	3622	1076	486	716	
373208	Cerebelum_6_R	0	0	0	0	0	0	0	0	0	0	0	0	0	0	0	0	0	0	0	0	0	0	0	0	0	0	0	0	0	0	0	0	0	0	0	0	0	322	0	428	0	0	318	88	0	0	1108	8114	0	0	0	0	0	1042	470	20242	0	0	0	0	0	0	0	0	0	0	0	0	0	0	0	0	0	174	0	0	0	94	0	0	0	0	0	0	0	0	0	0	0	240	3034	52636	2374	6890	84	7338	4738	29620	3900	0	0	674	162	3234	86	1242	0	150	0	5246	14900	8464	7600	982	422	188	
179552	Cerebelum_7b_L	0	0	0	0	0	0	0	0	0	0	0	0	0	0	0	0	0	0	0	0	0	0	0	0	0	0	0	0	0	0	0	0	0	0	0	0	0	0	96	0	0	0	0	0	0	0	0	0	0	0	0	0	0	0	1028	0	0	0	0	0	0	0	0	0	0	0	0	0	0	0	0	0	0	0	0	0	0	0	0	0	0	0	0	0	0	0	0	0	0	0	9674	106	26516	894	960	0	2764	92	2024	0	0	1082	28682	546	9768	266	1330	0	0	116	404	218	1170	1758	134	148	
150188	Cerebelum_7b_R	0	0	0	0	0	0	0	0	0	0	0	0	0	0	0	0	0	0	0	0	0	0	0	0	0	0	0	0	0	0	0	0	0	0	0	0	0	118	0	150	0	0	0	0	0	0	0	0	0	0	0	0	0	0	0	0	0	0	0	0	0	0	0	0	0	0	0	0	0	0	0	0	0	0	0	0	0	0	0	0	0	0	0	0	0	0	0	0	0	0	1312	4704	1960	20716	0	102	284	76	242	674	1082	0	1376	24044	0	11612	0	924	0	0	212	212	3234	2060	0	0	
227576	Cerebelum_8_L	0	0	0	0	0	0	0	0	0	0	0	0	0	0	0	0	0	0	0	0	0	0	0	0	0	0	0	0	0	0	0	0	0	0	0	0	94	0	108	0	0	0	0	0	0	0	0	0	0	0	0	0	0	0	514	0	0	0	0	0	0	0	0	0	0	0	0	0	0	0	0	0	0	0	0	0	0	0	0	0	0	0	0	0	0	0	0	0	0	0	9760	346	23326	1496	1772	312	2912	190	1434	162	28682	1376	0	2378	20586	1858	2464	0	88	364	928	1172	2552	5354	2162	1398	
245004	Cerebelum_8_R	0	0	0	0	0	0	0	0	0	0	0	0	0	0	0	0	0	0	0	0	0	0	0	0	0	0	0	0	0	0	0	0	0	0	0	0	0	154	0	188	0	0	0	0	0	0	0	88	0	0	0	0	0	0	102	190	0	0	0	0	0	0	0	0	0	0	0	0	0	0	0	0	0	0	0	0	0	0	0	0	0	0	0	0	0	0	0	0	0	0	2284	11442	1404	24730	264	1638	1666	998	1762	3234	546	24044	2378	0	584	21582	0	1864	258	830	2126	2714	5750	6334	2664	684	
116836	Cerebelum_9_L	0	0	0	0	0	0	0	0	0	0	0	0	0	0	0	0	0	0	0	0	0	0	0	0	0	0	0	0	0	0	0	0	0	0	0	0	164	0	188	0	0	0	0	0	0	0	0	0	0	0	0	0	0	0	692	0	0	0	0	0	0	0	0	0	0	0	0	0	0	0	0	0	0	0	0	0	0	0	0	0	0	0	0	0	0	0	0	0	0	0	1938	88	6022	78	2888	238	3028	126	1348	86	9768	0	20586	584	0	1316	3582	0	98	348	428	490	186	1604	1676	868	
161872	Cerebelum_9_R	0	0	0	0	0	0	0	0	0	0	0	0	0	0	0	0	0	0	0	0	0	0	0	0	0	0	0	0	0	0	0	0	0	0	0	0	0	194	0	260	0	0	0	0	0	0	0	98	0	0	0	0	0	0	0	128	0	0	0	0	0	0	0	0	0	0	0	0	0	0	0	0	0	0	0	0	0	0	0	0	0	0	0	0	0	0	0	0	0	0	530	2156	302	9588	388	3180	600	2300	474	1242	266	11612	1858	21582	1316	0	0	1722	1472	1962	1018	1104	802	5996	6372	2414	
18856	Cerebelum_10_L	0	0	0	0	0	0	0	0	0	0	0	0	0	0	0	0	0	0	0	0	0	0	0	0	0	0	0	0	0	0	0	0	0	0	0	0	0	0	0	0	0	0	0	0	0	0	0	0	0	0	0	0	0	0	248	0	0	0	0	0	0	0	0	0	0	0	0	0	0	0	0	0	0	0	0	0	0	0	0	0	0	0	0	0	0	0	0	0	0	0	484	0	586	0	138	0	316	0	280	0	1330	0	2464	0	3582	0	0	0	0	0	0	0	0	0	0	0	
11812	Cerebelum_10_R	0	0	0	0	0	0	0	0	0	0	0	0	0	0	0	0	0	0	0	0	0	0	0	0	0	0	0	0	0	0	0	0	0	0	0	0	0	0	0	0	0	0	0	0	0	0	0	0	0	0	0	0	0	0	0	0	0	0	0	0	0	0	0	0	0	0	0	0	0	0	0	0	0	0	0	0	0	0	0	0	0	0	0	0	0	0	0	0	0	0	0	326	0	830	0	0	0	90	0	150	0	924	0	1864	0	1722	0	0	0	0	0	0	0	0	0	0	
23776	Vermis_1_2	0	0	0	0	0	0	0	0	0	0	0	0	0	0	0	0	0	0	0	0	0	0	0	0	0	0	0	0	0	0	0	0	0	0	0	0	0	0	0	0	0	0	0	0	0	0	0	0	0	0	0	0	0	0	0	0	0	0	0	0	0	0	0	0	0	0	0	0	0	0	0	0	0	0	0	0	0	0	0	0	0	0	0	0	0	0	0	0	0	0	378	0	92	0	344	304	406	0	390	0	0	0	88	258	98	1472	0	0	0	4018	850	494	242	844	868	742	
80344	Vermis_3	0	98	0	100	0	0	0	0	0	0	0	0	0	0	0	0	0	0	0	0	0	0	0	0	0	0	0	0	0	0	0	0	0	0	0	0	0	0	0	0	0	0	0	0	0	0	220	86	0	0	0	0	0	0	0	164	0	0	0	0	0	0	0	0	0	0	0	0	0	0	0	0	0	0	0	0	224	210	0	0	0	0	0	0	0	0	0	0	0	0	500	4100	222	546	1266	5586	1596	3730	474	5246	116	0	364	830	348	1962	0	0	4018	0	3296	346	1038	1552	1376	558	
