data	data	702492	353792	918532	636616	142204	86004	590968	381072	121076	46356	296956	204876	238320	151628	221716	120892	321736	156320	734520	585432	69048	70804	303144	379812	61576	130756	87064	63244	690820	393040	348388	576692	150300	443096	182892	214348	208748	309896	54472	193536	34876	72172	267864	394520	247816	313368	239208	291216	202156	351408	492048	417316	155460	83164	290688	430224	226352	173580	123812	158360	212428	142488	107316	82432	145728	139316	387812	484888	258716	118064	407436	373368	289352	361164	40792	35452	113508	183784	89252	46240	175192	134084	88732	85932	408368	263768	29832	41072	339896	202336	328872	356412	161860	192628	26992	46924	258244	239868	391416	389568	118384	46824	197856	223480	92568	156900	39400	57064	18452	49052	252868	176216	190412	108920	110348	60860	
data	data	Precentral_L	Precentral_R	Frontal_Sup_L	Frontal_Sup_R	Frontal_Sup_Orb_L	Frontal_Sup_Orb_R	Frontal_Mid_L	Frontal_Mid_R	Frontal_Mid_Orb_L	Frontal_Mid_Orb_R	Frontal_Inf_Oper_L	Frontal_Inf_Oper_R	Frontal_Inf_Tri_L	Frontal_Inf_Tri_R	Frontal_Inf_Orb_L	Frontal_Inf_Orb_R	Rolandic_Oper_L	Rolandic_Oper_R	Supp_Motor_Area_L	Supp_Motor_Area_R	Olfactory_L	Olfactory_R	Frontal_Sup_Medial_L	Frontal_Sup_Medial_R	Frontal_Med_Orb_L	Frontal_Med_Orb_R	Rectus_L	Rectus_R	Insula_L	Insula_R	Cingulum_Ant_L	Cingulum_Ant_R	Cingulum_Mid_L	Cingulum_Mid_R	Cingulum_Post_L	Cingulum_Post_R	Hippocampus_L	Hippocampus_R	ParaHippocampal_L	ParaHippocampal_R	Amygdala_L	Amygdala_R	Calcarine_L	Calcarine_R	Cuneus_L	Cuneus_R	Lingual_L	Lingual_R	Occipital_Sup_L	Occipital_Sup_R	Occipital_Mid_L	Occipital_Mid_R	Occipital_Inf_L	Occipital_Inf_R	Fusiform_L	Fusiform_R	Postcentral_L	Postcentral_R	Parietal_Sup_L	Parietal_Sup_R	Parietal_Inf_L	Parietal_Inf_R	SupraMarginal_L	SupraMarginal_R	Angular_L	Angular_R	Precuneus_L	Precuneus_R	Paracentral_Lobule_L	Paracentral_Lobule_R	Caudate_L	Caudate_R	Putamen_L	Putamen_R	Pallidum_L	Pallidum_R	Thalamus_L	Thalamus_R	Heschl_L	Heschl_R	Temporal_Sup_L	Temporal_Sup_R	Temporal_Pole_Sup_L	Temporal_Pole_Sup_R	Temporal_Mid_L	Temporal_Mid_R	Temporal_Pole_Mid_L	Temporal_Pole_Mid_R	Temporal_Inf_L	Temporal_Inf_R	Cerebelum_Crus1_L	Cerebelum_Crus1_R	Cerebelum_Crus2_L	Cerebelum_Crus2_R	Cerebelum_3_L	Cerebelum_3_R	Cerebelum_4_5_L	Cerebelum_4_5_R	Cerebelum_6_L	Cerebelum_6_R	Cerebelum_7b_L	Cerebelum_7b_R	Cerebelum_8_L	Cerebelum_8_R	Cerebelum_9_L	Cerebelum_9_R	Cerebelum_10_L	Cerebelum_10_R	Vermis_1_2	Vermis_3	Vermis_4_5	Vermis_6	Vermis_7	Vermis_8	Vermis_9	Vermis_10	
702492	Precentral_L	0	9462	41372	3992	184	0	25162	4542	264	0	15306	1876	2142	584	398	150	15698	292	34690	10296	0	0	560	444	0	114	0	102	17624	1458	3512	2382	2014	1854	6260	346	5432	0	244	0	0	0	624	0	2316	0	0	0	1174	0	6514	0	810	0	454	0	29574	458	3548	0	5304	0	2868	0	1284	0	6532	1158	27026	1280	12626	1960	14460	514	3040	106	5060	774	3570	0	2902	0	88	0	4064	0	0	0	2402	0	0	0	0	0	0	0	0	0	0	0	0	0	0	0	0	0	0	0	0	0	0	0	0	0	0	0	
353792	Precentral_R	9462	0	1878	12532	0	0	1574	21802	0	0	0	4984	0	238	0	0	1016	1878	2474	8470	0	0	136	614	0	0	0	0	1228	1988	278	1940	172	1702	1710	7738	470	4528	0	570	0	0	0	666	112	372	0	442	0	870	0	1666	0	0	0	940	3436	18940	0	732	440	554	0	704	0	260	716	5788	7106	4414	4810	10740	672	2790	142	850	1342	15210	116	370	0	362	0	0	0	812	0	0	0	1140	0	0	0	0	0	0	0	0	0	0	0	0	0	0	0	0	0	0	0	0	0	0	0	0	0	0	
918532	Frontal_Sup_L	41372	1878	0	5358	9664	94	86608	1566	4540	0	18254	2072	10680	1036	7418	860	13516	358	72640	10492	436	0	36250	6688	2990	778	2374	100	27090	1632	16236	8416	5810	4314	0	0	1706	0	0	0	0	0	0	0	0	0	0	0	0	0	0	0	0	0	238	0	1322	192	0	0	216	0	0	0	0	0	150	0	6084	166	15674	2650	19746	368	2534	0	2766	942	714	0	1088	0	952	0	0	0	0	0	238	0	0	0	0	0	0	0	0	0	0	0	0	0	0	0	0	0	0	0	0	0	0	0	0	0	0	0	
636616	Frontal_Sup_R	3992	12532	5358	0	0	4500	1948	50028	0	1808	2834	5710	306	7344	0	5412	1176	1836	12334	38250	0	0	7324	38028	0	3496	0	1122	5440	9212	4814	35044	1066	20112	0	178	0	1466	0	204	0	0	0	0	0	0	0	0	0	0	0	0	0	0	0	200	980	478	0	0	104	0	0	0	0	0	0	234	1050	472	5220	10996	578	10580	0	366	164	3922	0	0	0	0	90	0	0	0	0	0	0	0	0	0	0	0	0	0	0	0	0	0	0	0	0	0	0	0	0	0	0	0	0	0	0	0	0	0	
142204	Frontal_Sup_Orb_L	184	0	9664	0	0	0	1800	0	10814	0	0	0	314	0	8274	0	0	0	228	0	3318	134	3260	518	6140	720	9418	0	3458	0	6978	692	0	0	0	0	0	0	0	0	0	0	0	0	0	0	0	0	0	0	0	0	0	0	0	0	0	0	0	0	0	0	0	0	0	0	0	0	0	0	2702	256	1838	132	0	0	0	0	0	0	0	0	260	0	0	0	0	0	0	0	0	0	0	0	0	0	0	0	0	0	0	0	0	0	0	0	0	0	0	0	0	0	0	0	0	0	
86004	Frontal_Sup_Orb_R	0	0	94	4500	0	0	0	1310	0	4280	0	0	0	452	0	2952	0	0	0	0	0	906	0	5018	268	10778	0	6918	140	1060	424	1790	0	0	0	0	0	0	0	0	0	0	0	0	0	0	0	0	0	0	0	0	0	0	0	0	0	0	0	0	0	0	0	0	0	0	0	0	0	0	198	1212	0	702	0	0	0	0	0	0	0	0	0	0	0	0	0	0	0	0	0	0	0	0	0	0	0	0	0	0	0	0	0	0	0	0	0	0	0	0	0	0	0	0	0	0	
590968	Frontal_Mid_L	25162	1574	86608	1948	1800	0	0	848	4044	0	8068	998	28550	542	12806	808	3006	266	25576	2690	96	0	12712	1346	0	0	178	0	21772	884	5682	3048	5370	1280	280	0	1118	0	0	0	0	0	0	0	0	0	0	0	0	0	112	0	0	0	0	0	1734	164	0	0	258	0	0	0	0	0	196	0	3020	166	11902	2022	8840	242	2458	0	2770	1070	750	0	144	0	286	0	154	0	0	0	136	0	0	0	0	0	0	0	0	0	0	0	0	0	0	0	0	0	0	0	0	0	0	0	0	0	0	0	
381072	Frontal_Mid_R	4542	21802	1566	50028	0	1310	848	0	0	3286	272	12814	0	15234	0	6990	1034	4796	2954	10398	0	0	472	4796	0	0	0	0	1380	10694	402	6042	0	2326	0	166	0	1912	0	794	0	0	0	0	0	0	0	0	0	0	0	0	0	0	0	786	2150	986	0	0	0	0	0	0	0	0	0	270	808	0	4332	2680	436	6614	0	1240	134	2562	0	266	0	160	0	0	0	90	0	0	0	0	0	0	0	0	0	0	0	0	0	164	0	0	0	0	0	0	0	0	0	0	0	0	0	0	0	0	
121076	Frontal_Mid_Orb_L	264	0	4540	0	10814	0	4044	0	0	0	0	0	2538	0	19640	0	0	0	314	0	1170	0	0	0	276	0	2226	0	9158	0	0	0	0	0	0	0	104	0	0	0	248	0	0	0	0	0	0	0	0	0	0	0	0	0	0	0	0	0	0	0	0	0	0	0	0	0	0	0	0	0	644	0	3574	0	0	0	0	0	0	0	0	0	984	0	0	0	0	0	0	0	0	0	0	0	0	0	0	0	0	0	0	0	0	0	0	0	0	0	0	0	0	0	0	0	0	0	
46356	Frontal_Mid_Orb_R	0	0	0	1808	0	4280	0	3286	0	0	0	0	0	864	0	9786	0	0	0	0	0	0	0	878	0	856	0	316	0	676	0	0	0	0	0	0	0	0	0	0	0	0	0	0	0	0	0	0	0	0	0	0	0	0	0	0	0	0	0	0	0	0	0	0	0	0	0	0	0	0	94	144	0	190	0	0	0	0	0	0	0	0	0	0	0	0	0	0	0	0	0	0	0	0	0	0	0	0	0	0	0	0	0	0	0	0	0	0	0	0	0	0	0	0	0	0	
296956	Frontal_Inf_Oper_L	15306	0	18254	2834	0	0	8068	272	0	0	0	596	15502	316	602	514	15038	0	17048	3076	0	0	846	524	0	0	0	0	25712	550	2894	3182	1172	1570	0	0	1094	0	0	0	0	0	0	0	0	0	0	0	0	0	0	0	0	0	206	0	2706	0	0	0	0	0	0	0	0	0	0	0	364	0	4374	818	1426	0	0	0	0	0	308	0	1146	0	1682	0	174	0	0	0	304	0	0	0	0	0	0	0	0	0	0	0	0	0	0	0	0	0	0	0	0	0	0	0	0	0	0	0	
204876	Frontal_Inf_Oper_R	1876	4984	2072	5710	0	0	998	12814	0	0	596	0	108	9384	0	268	872	8652	2072	6814	0	0	0	1118	0	0	0	0	2124	19394	256	2570	0	244	0	0	0	546	0	358	0	0	0	0	0	0	0	0	0	0	0	0	0	0	0	502	0	1536	0	0	0	188	0	434	0	176	0	0	0	0	3002	2830	216	6680	0	1118	0	462	0	216	0	240	0	710	0	154	0	0	0	144	0	0	0	0	0	0	0	0	0	0	0	0	0	0	0	0	0	0	0	0	0	0	0	0	0	0	
238320	Frontal_Inf_Tri_L	2142	0	10680	306	314	0	28550	0	2538	0	15502	108	0	0	19868	232	624	0	3292	354	0	0	728	0	0	0	0	0	24306	0	1450	554	2226	236	0	0	0	0	0	0	0	0	0	0	0	0	0	0	0	0	0	0	0	0	0	0	194	0	0	0	0	0	0	0	0	0	0	0	270	0	1568	360	2264	0	0	0	0	0	0	0	0	0	494	0	0	0	0	0	0	0	0	0	0	0	0	0	0	0	0	0	0	0	0	0	0	0	0	0	0	0	0	0	0	0	0	0	
151628	Frontal_Inf_Tri_R	584	238	1036	7344	0	452	542	15234	0	864	316	9384	0	0	0	8142	376	474	1784	3154	0	0	166	1642	0	218	0	102	1020	15132	0	1956	0	1310	0	0	0	0	0	0	0	0	0	0	0	0	0	0	0	0	0	0	0	0	0	0	0	0	0	0	0	0	0	0	0	0	0	0	0	0	1388	528	204	2224	0	0	0	0	0	0	0	0	0	0	0	0	0	0	0	0	0	0	0	0	0	0	0	0	0	0	0	0	0	0	0	0	0	0	0	0	0	0	0	0	0	0	
221716	Frontal_Inf_Orb_L	398	0	7418	0	8274	0	12806	0	19640	0	602	0	19868	0	0	0	0	0	1492	0	2902	0	316	0	0	0	1882	0	23206	0	174	0	996	0	0	0	106	0	0	0	270	0	0	0	0	0	0	0	0	0	0	0	0	0	0	0	0	0	0	0	0	0	0	0	0	0	0	0	0	0	1780	88	5698	0	0	0	0	0	0	0	0	0	2942	0	0	0	0	0	0	0	0	0	0	0	0	0	0	0	0	0	0	0	0	0	0	0	0	0	0	0	0	0	0	0	0	0	
120892	Frontal_Inf_Orb_R	150	0	860	5412	0	2952	808	6990	0	9786	514	268	232	8142	0	0	170	952	302	274	0	544	0	2166	0	2032	0	374	1294	8080	0	946	0	202	0	0	0	0	0	0	0	0	0	0	0	0	0	0	0	0	0	0	0	0	0	0	0	0	0	0	0	0	0	0	0	0	0	0	0	0	1794	1288	194	1264	0	0	0	0	0	118	0	934	0	1404	0	0	0	0	0	0	0	0	0	0	0	0	0	0	0	0	0	0	0	0	0	0	0	0	0	0	0	0	0	0	0	0	
321736	Rolandic_Oper_L	15698	1016	13516	1176	0	0	3006	1034	0	0	15038	872	624	376	0	170	0	116	13618	926	0	0	0	322	0	0	0	0	28932	876	496	784	0	162	0	0	1806	0	116	0	0	0	132	0	342	0	0	0	106	0	4030	0	1758	0	342	0	6214	0	102	0	1482	0	3472	0	2040	0	316	0	224	0	6570	874	1210	566	0	0	184	440	5746	0	8458	0	1394	0	9096	0	0	0	5090	0	0	0	0	0	0	0	0	0	0	0	0	0	0	0	0	0	0	0	0	0	0	0	0	0	0	0	
156320	Rolandic_Oper_R	292	1878	358	1836	0	0	266	4796	0	0	0	8652	0	474	0	952	116	0	216	3026	0	0	0	598	0	0	0	0	402	20096	202	1402	0	0	0	620	0	954	0	330	0	0	0	482	0	0	0	154	0	136	0	414	0	0	0	906	0	2962	0	194	0	430	0	3766	0	474	0	698	0	0	640	2084	0	5180	0	1396	0	440	0	4360	0	2468	0	1700	0	892	0	0	0	918	0	0	0	0	0	0	0	0	0	0	0	0	0	0	0	0	0	0	0	0	0	0	0	0	0	0	
734520	Supp_Motor_Area_L	34690	2474	72640	12334	228	0	25576	2954	314	0	17048	2072	3292	1784	1492	302	13618	216	0	40948	0	0	5122	3288	0	0	0	0	20870	1592	6410	14100	7874	23120	222	206	1756	0	0	0	0	0	0	0	0	0	0	0	0	0	0	0	0	0	282	0	882	266	0	0	0	0	0	0	0	0	182	0	19578	712	9048	1350	10412	340	1034	0	2998	766	614	0	1110	0	876	0	0	0	0	0	268	0	0	0	0	0	0	0	0	0	0	0	0	0	0	0	0	0	0	0	0	0	0	0	0	0	0	0	
585432	Supp_Motor_Area_R	10296	8470	10492	38250	0	0	2690	10398	0	0	3076	6814	354	3154	0	274	926	3026	40948	0	0	0	1430	9144	0	0	0	0	5800	5852	3608	21606	4878	35930	1266	6774	0	588	0	0	0	0	0	0	0	0	0	0	0	136	0	174	0	0	0	0	166	882	0	0	0	0	0	0	0	0	0	1438	10562	12838	4564	14192	586	5626	0	272	150	4658	0	100	0	0	94	234	0	0	0	0	0	0	0	0	0	0	0	0	0	0	0	0	0	0	0	0	0	0	0	0	0	0	0	0	0	0	0	0	
69048	Olfactory_L	0	0	436	0	3318	0	96	0	1170	0	0	0	0	0	2902	0	0	0	0	0	0	3078	100	120	836	128	4368	590	2810	266	2816	1738	0	0	0	0	0	0	316	0	236	0	0	0	0	0	0	0	0	0	0	0	0	0	0	0	0	0	0	0	0	0	0	0	0	0	0	0	0	0	4620	2128	898	1554	0	0	0	0	0	0	0	0	0	0	0	0	0	0	0	0	0	0	0	0	0	0	0	0	0	0	0	0	0	0	0	0	0	0	0	0	0	0	0	0	0	0	
70804	Olfactory_R	0	0	0	0	134	906	0	0	0	0	0	0	0	0	0	544	0	0	0	0	3078	0	0	282	106	1378	1736	3200	0	1878	1838	3724	0	0	0	0	0	356	0	322	0	842	0	0	0	0	0	0	0	0	0	0	0	0	0	94	0	0	0	0	0	0	0	0	0	0	0	0	0	0	4128	5278	1852	3374	88	0	0	0	0	0	0	0	0	264	0	0	0	0	0	0	0	0	0	0	0	0	0	0	0	0	0	0	0	0	0	0	0	0	0	0	0	0	0	0	0	0	
303144	Frontal_Sup_Medial_L	560	136	36250	7324	3260	0	12712	472	0	0	846	0	728	166	316	0	0	0	5122	1430	100	0	0	18996	4424	2400	698	0	948	106	22130	13854	5684	9190	0	0	0	0	0	0	0	0	0	0	0	0	0	0	0	0	0	0	0	0	0	0	0	0	0	0	0	0	0	0	0	0	0	0	0	0	860	1014	1242	604	0	0	0	0	0	0	0	0	0	0	0	0	0	0	0	0	0	0	0	0	0	0	0	0	0	0	0	0	0	0	0	0	0	0	0	0	0	0	0	0	0	0	
379812	Frontal_Sup_Medial_R	444	614	6688	38028	518	5018	1346	4796	0	878	524	1118	0	1642	0	2166	322	598	3288	9144	120	282	18996	0	1140	11558	290	1720	1086	4216	9084	30356	232	13346	0	0	0	0	0	0	0	0	0	0	0	0	0	0	0	0	0	0	0	0	0	0	0	0	0	0	0	0	0	0	0	0	0	0	0	0	1700	9728	468	8094	0	0	96	262	0	0	0	0	0	0	0	0	0	0	0	0	0	0	0	0	0	0	0	0	0	0	0	0	0	0	0	0	0	0	0	0	0	0	0	0	0	0	
61576	Frontal_Med_Orb_L	0	0	2990	0	6140	268	0	0	276	0	0	0	0	0	0	0	0	0	0	0	836	106	4424	1140	0	2732	2712	0	0	0	7680	674	0	0	0	0	0	0	0	0	0	0	0	0	0	0	0	0	0	0	0	0	0	0	0	0	0	0	0	0	0	0	0	0	0	0	0	0	0	0	404	190	104	112	0	0	0	0	0	0	0	0	0	0	0	0	0	0	0	0	0	0	0	0	0	0	0	0	0	0	0	0	0	0	0	0	0	0	0	0	0	0	0	0	0	0	
130756	Frontal_Med_Orb_R	114	0	778	3496	720	10778	0	0	0	856	0	0	0	218	0	2032	0	0	0	0	128	1378	2400	11558	2732	0	316	7574	188	1920	3078	7752	0	0	0	0	0	0	0	0	0	0	0	0	0	0	0	0	0	0	0	0	0	0	0	0	0	0	0	0	0	0	0	0	0	0	0	0	0	0	334	3158	0	3870	0	0	0	0	0	0	0	0	0	0	0	0	0	0	0	0	0	0	0	0	0	0	0	0	0	0	0	0	0	0	0	0	0	0	0	0	0	0	0	0	0	0	
87064	Rectus_L	0	0	2374	0	9418	0	178	0	2226	0	0	0	0	0	1882	0	0	0	0	0	4368	1736	698	290	2712	316	0	386	780	0	6250	1894	0	0	0	0	0	0	0	0	0	0	0	0	0	0	0	0	0	0	0	0	0	0	0	0	0	0	0	0	0	0	0	0	0	0	0	0	0	0	4552	1676	684	1112	0	0	0	0	0	0	0	0	0	0	0	0	0	0	0	0	0	0	0	0	0	0	0	0	0	0	0	0	0	0	0	0	0	0	0	0	0	0	0	0	0	0	
63244	Rectus_R	102	0	100	1122	0	6918	0	0	0	316	0	0	0	102	0	374	0	0	0	0	590	3200	0	1720	0	7574	386	0	0	490	462	3848	0	0	0	0	0	0	0	0	0	0	0	0	0	0	0	0	0	0	0	0	0	0	0	0	0	0	0	0	0	0	0	0	0	0	0	0	0	0	336	2322	0	1660	0	0	0	0	0	0	0	0	0	0	0	0	0	0	0	0	0	0	0	0	0	0	0	0	0	0	0	0	0	0	0	0	0	0	0	0	0	0	0	0	0	0	
690820	Insula_L	17624	1228	27090	5440	3458	140	21772	1380	9158	0	25712	2124	24306	1020	23206	1294	28932	402	20870	5800	2810	0	948	1086	0	188	780	0	0	1862	3320	6154	2618	2932	466	0	11986	0	1204	0	2274	0	570	0	322	0	0	0	126	0	4150	0	1842	0	2816	0	2538	128	204	0	624	0	1342	0	486	0	1172	154	878	0	17504	2426	16366	730	0	90	1446	526	6510	0	5926	0	4790	0	6694	0	0	0	5466	0	0	0	0	0	0	0	0	0	0	0	0	0	0	0	0	0	0	0	0	0	0	0	0	0	0	0	
393040	Insula_R	1458	1988	1632	9212	0	1060	884	10694	0	676	550	19394	0	15132	0	8080	876	20096	1592	5852	266	1878	106	4216	0	1920	0	490	1862	0	250	4670	0	756	0	664	0	7348	0	3144	0	2058	0	458	0	184	0	164	0	332	0	1148	0	128	0	4302	0	1024	0	388	0	922	0	1112	0	958	0	686	0	0	2792	3006	312	20602	0	794	0	1156	0	4532	0	10048	0	3904	0	4880	0	150	0	3576	0	0	0	0	0	0	0	0	0	158	0	0	0	0	0	0	0	0	0	0	0	0	0	0	0	0	
348388	Cingulum_Ant_L	3512	278	16236	4814	6978	424	5682	402	0	0	2894	256	1450	0	174	0	496	202	6410	3608	2816	1838	22130	9084	7680	3078	6250	462	3320	250	0	27926	5854	5438	0	0	0	0	0	0	0	0	0	0	0	0	0	0	0	0	0	0	0	0	0	0	0	0	0	0	0	0	0	0	0	0	0	0	294	0	7126	7256	5206	3984	0	0	138	146	102	0	0	0	0	0	0	0	0	0	0	0	0	0	0	0	0	0	0	0	0	0	0	0	0	0	0	0	0	0	0	0	0	0	0	0	0	0	
576692	Cingulum_Ant_R	2382	1940	8416	35044	692	1790	3048	6042	0	0	3182	2570	554	1956	0	946	784	1402	14100	21606	1738	3724	13854	30356	674	7752	1894	3848	6154	4670	27926	0	2790	25602	0	0	0	0	0	0	0	0	0	0	0	0	0	0	0	0	0	0	0	0	0	0	0	0	0	0	0	0	0	0	0	0	0	0	644	0	5252	24064	1366	18720	0	0	230	634	0	0	0	0	0	0	0	0	0	0	0	0	0	0	0	0	0	0	0	0	0	0	0	0	0	0	0	0	0	0	0	0	0	0	0	0	0	0	
150300	Cingulum_Mid_L	2014	172	5810	1066	0	0	5370	0	0	0	1172	0	2226	0	996	0	0	0	7874	4878	0	0	5684	232	0	0	0	0	2618	0	5854	2790	0	12078	3344	1114	0	0	0	0	0	0	0	0	0	0	0	0	166	120	218	128	0	0	0	0	368	0	102	0	0	0	0	0	0	0	2448	1092	4216	1000	0	0	0	0	0	0	0	0	0	0	0	0	0	0	0	0	0	0	0	0	0	0	0	0	0	0	0	0	0	0	0	0	0	0	0	0	0	0	0	0	0	0	0	0	0	0	
443096	Cingulum_Mid_R	1854	1702	4314	20112	0	0	1280	2326	0	0	1570	244	236	1310	0	202	162	0	23120	35930	0	0	9190	13346	0	0	0	0	2932	756	5438	25602	12078	0	3550	10338	0	0	0	0	0	0	0	2572	452	1596	0	448	506	1924	490	2300	0	0	0	106	0	4624	0	768	0	226	0	206	0	0	2504	11216	3086	8972	852	200	150	100	0	0	0	0	0	0	0	0	0	0	0	324	0	0	0	334	0	0	0	0	0	0	0	0	0	0	0	0	0	0	0	0	0	0	0	0	0	0	0	0	0	0	
182892	Cingulum_Post_L	6260	1710	0	0	0	0	280	0	0	0	0	0	0	0	0	0	0	0	222	1266	0	0	0	0	0	0	0	0	466	0	0	0	3344	3550	0	12028	7090	148	924	0	0	0	4424	834	3734	590	2156	460	1188	538	1238	650	486	0	310	0	750	1224	0	594	160	150	0	90	128	0	12616	4356	5694	1618	0	958	0	0	0	0	2846	4226	126	0	0	130	0	0	904	192	0	0	656	132	0	0	0	0	0	0	0	0	0	0	0	0	0	0	0	0	0	0	0	0	0	0	0	0	0	0	
214348	Cingulum_Post_R	346	7738	0	178	0	0	0	166	0	0	0	0	0	0	0	0	0	620	206	6774	0	0	0	0	0	0	0	0	0	664	0	0	1114	10338	12028	0	1730	4706	0	798	0	0	0	4658	0	1396	0	3280	0	2258	0	2504	0	0	0	344	0	4100	0	930	0	242	0	810	0	0	2272	18486	764	6838	0	752	0	152	0	0	1878	5272	0	484	0	622	0	0	0	580	0	0	0	762	0	0	0	0	0	0	0	0	0	0	0	0	0	0	0	0	0	0	0	0	384	0	0	0	0	0	
208748	Hippocampus_L	5432	470	1706	0	0	0	1118	0	104	0	1094	0	0	0	106	0	1806	0	1756	0	0	0	0	0	0	0	0	0	11986	0	0	0	0	0	7090	1730	0	138	6498	0	7274	0	4012	0	130	0	3002	162	0	0	422	0	392	0	11408	0	790	0	0	0	0	0	0	0	0	0	6852	0	412	0	164	418	3746	0	254	0	3304	1714	1404	0	2396	0	1584	0	2782	0	0	0	10718	0	0	0	0	0	0	0	0	0	0	0	0	0	0	0	0	0	0	0	0	0	0	0	0	0	0	0	
309896	Hippocampus_R	0	4528	0	1466	0	0	0	1912	0	0	0	546	0	0	0	0	0	954	0	588	0	356	0	0	0	0	0	0	0	7348	0	0	0	0	148	4706	138	0	0	30438	0	11754	124	1868	0	344	0	4474	0	722	0	2444	0	190	0	30326	0	680	0	368	0	1112	0	278	0	2396	0	5716	0	110	116	0	0	9836	0	1454	0	4152	0	1202	0	3152	0	1870	0	7082	0	620	0	4754	0	874	0	0	98	0	180	782	0	2338	0	0	0	0	0	0	0	0	0	126	278	0	0	0	0	0	
54472	ParaHippocampal_L	244	0	0	0	0	0	0	0	0	0	0	0	0	0	0	0	116	0	0	0	316	0	0	0	0	0	0	0	1204	0	0	0	0	0	924	0	6498	0	0	0	1798	0	604	0	142	0	1696	180	0	0	1164	0	1230	0	4562	0	0	0	0	0	0	0	0	0	0	0	1224	0	106	0	0	0	124	0	0	0	98	0	110	0	0	0	340	0	1230	0	154	0	1732	0	262	0	0	0	204	0	500	0	338	0	0	0	0	0	0	0	0	0	0	136	0	0	0	0	0	0	
193536	ParaHippocampal_R	0	570	0	204	0	0	0	794	0	0	0	358	0	0	0	0	0	330	0	0	0	322	0	0	0	0	0	0	0	3144	0	0	0	0	0	798	0	30438	0	0	0	7470	90	556	0	0	0	2036	0	0	0	384	0	108	0	24430	0	158	0	0	0	0	0	0	0	0	0	978	0	0	0	0	0	8138	0	1398	0	1812	0	374	0	510	0	1534	0	1542	0	942	0	2104	0	944	0	0	0	96	0	1642	0	2564	0	0	0	0	0	0	0	0	0	0	0	0	0	0	0	0	
34876	Amygdala_L	0	0	0	0	0	0	0	0	248	0	0	0	0	0	270	0	0	0	0	0	236	0	0	0	0	0	0	0	2274	0	0	0	0	0	0	0	7274	0	1798	0	0	0	0	0	0	0	0	0	0	0	0	0	0	0	3086	0	0	0	0	0	0	0	0	0	0	0	0	0	0	0	170	0	132	0	0	0	0	0	0	0	0	0	454	0	0	0	0	0	1496	0	0	0	0	0	0	0	0	0	0	0	0	0	0	0	0	0	0	0	0	0	0	0	0	0	0	0	
72172	Amygdala_R	0	0	0	0	0	0	0	0	0	0	0	0	0	0	0	0	0	0	0	0	0	842	0	0	0	0	0	0	0	2058	0	0	0	0	0	0	0	11754	0	7470	0	0	0	0	0	0	0	0	0	0	0	0	0	0	0	7796	0	0	0	0	0	0	0	0	0	0	0	0	0	0	0	0	0	1758	0	0	0	0	0	0	0	0	0	2948	0	0	0	740	0	618	0	0	0	0	0	0	0	0	0	102	0	0	0	0	0	0	0	0	0	0	0	0	0	0	0	0	
267864	Calcarine_L	624	0	0	0	0	0	0	0	0	0	0	0	0	0	0	0	132	0	0	0	0	0	0	0	0	0	0	0	570	0	0	0	0	0	4424	0	4012	124	604	90	0	0	0	8742	16016	3828	15848	3302	7734	1224	26704	1692	4940	816	3020	1682	390	0	0	0	218	0	174	0	262	0	15912	1786	336	0	0	0	0	0	0	0	0	0	404	0	124	0	0	0	3292	134	0	0	1282	0	98	192	0	0	0	0	320	628	968	456	0	0	0	0	0	0	0	0	0	0	828	0	0	0	0	0	
394520	Calcarine_R	0	666	0	0	0	0	0	0	0	0	0	0	0	0	0	0	0	482	0	0	0	0	0	0	0	0	0	0	0	458	0	0	0	2572	834	4658	0	1868	0	556	0	0	8742	0	5132	31244	3014	28274	466	23780	536	23734	138	7672	0	7254	0	714	0	294	0	0	0	460	0	0	3602	30322	88	1332	0	0	0	0	0	0	0	0	0	162	0	164	0	0	0	3314	0	0	0	4166	0	0	0	0	0	0	0	0	0	0	0	0	0	0	0	0	0	0	0	0	562	0	0	0	0	0	
247816	Cuneus_L	2316	112	0	0	0	0	0	0	0	0	0	0	0	0	0	0	342	0	0	0	0	0	0	0	0	0	0	0	322	0	0	0	0	452	3734	0	130	0	142	0	0	0	16016	5132	0	7376	1214	624	23160	1798	22670	864	2562	0	0	0	2280	0	706	0	814	0	572	0	432	0	21574	3288	2550	0	0	0	0	0	0	0	0	0	0	0	204	0	0	0	2032	0	0	0	490	0	0	0	0	0	0	0	0	0	0	0	0	0	0	0	0	0	0	0	0	0	0	0	0	0	0	0	
313368	Cuneus_R	0	372	0	0	0	0	0	0	0	0	0	0	0	0	0	0	0	0	0	0	0	0	0	0	0	0	0	0	0	184	0	0	0	1596	590	1396	0	344	0	0	0	0	3828	31244	7376	0	180	7452	528	36104	436	18606	132	1476	0	2212	0	730	0	3510	0	654	0	208	0	234	6610	26400	96	1188	0	0	0	0	0	0	0	0	0	0	0	202	0	0	0	1666	0	0	0	1130	0	0	0	0	0	0	0	0	0	0	0	0	0	0	0	0	0	0	0	0	0	0	0	0	0	0	
239208	Lingual_L	0	0	0	0	0	0	0	0	0	0	0	0	0	0	0	0	0	0	0	0	0	0	0	0	0	0	0	0	0	0	0	0	0	0	2156	0	3002	0	1696	0	0	0	15848	3014	1214	180	0	4964	320	116	11298	670	8456	606	15020	2058	0	0	0	0	0	0	0	0	0	0	4584	166	0	0	0	0	0	0	0	0	0	0	0	0	0	0	0	0	368	142	0	0	304	114	4582	1642	276	0	164	0	8146	3298	12068	3716	196	0	98	276	0	110	0	140	0	112	5924	1736	600	136	88	0	
291216	Lingual_R	0	442	0	0	0	0	0	0	0	0	0	0	0	0	0	0	0	154	0	0	0	0	0	0	0	0	0	0	0	164	0	0	0	448	460	3280	162	4474	180	2036	0	0	3302	28274	624	7452	4964	0	216	9360	192	13338	190	7514	756	16084	0	140	0	0	0	0	0	256	0	0	1436	11728	0	226	0	0	0	0	0	0	0	652	0	0	0	0	0	0	0	1666	0	0	0	1400	392	1942	130	0	112	0	1854	3880	1462	5134	0	0	0	0	0	0	0	0	0	238	4508	3884	502	0	0	0	
202156	Occipital_Sup_L	1174	0	0	0	0	0	0	0	0	0	0	0	0	0	0	0	106	0	0	0	0	0	0	0	0	0	0	0	126	0	0	0	166	506	1188	0	0	0	0	0	0	0	7734	466	23160	528	320	216	0	388	31390	230	382	0	0	0	1148	0	5600	762	3398	0	406	0	782	0	15754	3364	1090	0	0	0	0	0	0	0	0	0	0	0	88	0	0	0	442	0	0	0	164	0	0	0	0	0	0	0	0	0	0	0	0	0	0	0	0	0	0	0	0	0	0	0	0	0	0	0	
351408	Occipital_Sup_R	0	870	0	0	0	0	0	0	0	0	0	0	0	0	0	0	0	136	0	136	0	0	0	0	0	0	0	0	0	332	0	0	120	1924	538	2258	0	722	0	0	0	0	1224	23780	1798	36104	116	9360	388	0	122	40360	0	910	0	1200	0	1454	0	9222	0	3416	0	394	0	3758	4528	24330	0	1154	0	0	0	0	0	0	0	0	0	0	0	364	0	0	0	3128	0	0	0	1334	0	0	0	0	0	0	0	0	0	0	0	0	0	0	0	0	0	0	0	0	224	0	0	0	0	0	
492048	Occipital_Mid_L	6514	0	0	0	0	0	112	0	0	0	0	0	0	0	0	0	4030	0	0	0	0	0	0	0	0	0	0	0	4150	0	0	0	218	490	1238	0	422	0	1164	0	0	0	26704	536	22670	436	11298	192	31390	122	0	0	20358	0	5836	156	4214	0	15110	292	15416	0	1560	0	16818	0	17088	3188	3710	0	0	0	0	0	0	0	0	0	824	0	932	0	0	0	20236	0	0	0	6234	0	176	0	0	0	0	0	184	142	1592	94	0	0	0	0	0	0	0	0	0	0	178	0	0	0	0	0	
417316	Occipital_Mid_R	0	1666	0	0	0	0	0	0	0	0	0	0	0	0	0	0	0	414	0	174	0	0	0	0	0	0	0	0	0	1148	0	0	128	2300	650	2504	0	2444	0	384	0	0	1692	23734	864	18606	670	13338	230	40360	0	0	0	6140	0	2076	0	3268	0	9380	0	7414	0	1002	0	16408	2558	17622	0	926	0	0	0	0	0	0	0	0	0	394	0	1254	0	0	0	22086	0	0	0	6600	0	0	0	0	0	0	0	0	0	0	0	0	0	0	0	0	0	0	0	0	224	0	0	0	0	0	
155460	Occipital_Inf_L	810	0	0	0	0	0	0	0	0	0	0	0	0	0	0	0	1758	0	0	0	0	0	0	0	0	0	0	0	1842	0	0	0	0	0	486	0	392	0	1230	0	0	0	4940	138	2562	132	8456	190	382	0	20358	0	0	0	9516	162	242	0	0	0	218	0	344	0	222	0	1988	140	456	0	0	0	0	0	0	0	0	0	1012	0	396	0	0	0	8702	0	0	0	6354	0	704	0	0	0	0	0	238	184	2582	160	0	0	0	0	0	0	0	0	0	0	232	202	0	0	0	0	
83164	Occipital_Inf_R	0	0	0	0	0	0	0	0	0	0	0	0	0	0	0	0	0	0	0	0	0	0	0	0	0	0	0	0	0	128	0	0	0	0	0	0	0	190	0	108	0	0	816	7672	0	1476	606	7514	0	910	0	6140	0	0	0	8460	0	0	0	0	0	0	0	0	0	0	0	558	0	0	0	0	0	0	0	0	0	0	0	0	0	92	0	0	0	1908	0	0	0	3280	0	320	0	0	0	0	0	0	0	876	0	0	0	0	0	0	0	0	0	0	0	528	0	0	0	0	
290688	Fusiform_L	454	0	238	0	0	0	0	0	0	0	206	0	0	0	0	0	342	0	282	0	0	0	0	0	0	0	0	0	2816	0	0	0	0	0	310	0	11408	0	4562	0	3086	0	3020	0	0	0	15020	756	0	0	5836	0	9516	0	0	884	0	0	0	0	0	0	0	0	0	0	946	0	0	0	0	0	362	0	0	0	0	0	748	0	1356	0	1756	0	2734	0	1162	0	13520	0	15212	766	226	0	852	0	12648	1952	24016	2132	252	0	244	0	0	0	0	0	0	0	4374	1134	216	0	0	0	
430224	Fusiform_R	0	940	0	200	0	0	0	786	0	0	0	502	0	0	0	0	0	906	0	0	0	94	0	0	0	0	0	0	0	4302	0	0	0	106	0	344	0	30326	0	24430	0	7796	1682	7254	0	2212	2058	16084	0	1200	156	2076	162	8460	884	0	0	908	0	310	0	802	0	1338	0	952	0	1494	0	104	0	0	0	8434	0	1082	0	632	0	690	0	2684	0	5500	0	4472	0	3618	0	16340	394	9742	0	394	0	412	1712	10874	1398	17114	0	0	0	248	0	110	0	0	0	500	5968	3284	642	0	0	0	
226352	Postcentral_L	29574	3436	1322	980	0	0	1734	2150	0	0	2706	0	194	0	0	0	6214	0	882	166	0	0	0	0	0	0	0	0	2538	0	0	0	368	0	750	0	790	0	0	0	0	0	390	0	2280	0	0	0	1148	0	4214	0	242	0	0	0	0	400	3940	0	16362	0	8728	0	1158	0	4086	438	2482	0	2438	0	1482	0	360	0	362	0	1722	0	2752	0	0	0	2512	0	0	0	1876	0	0	0	0	0	0	0	0	0	0	0	0	0	0	0	0	0	0	0	0	0	0	0	0	0	0	0	
173580	Postcentral_R	458	18940	192	478	0	0	164	986	0	0	0	1536	0	0	0	0	0	2962	266	882	0	0	0	0	0	0	0	0	128	1024	0	0	0	4624	1224	4100	0	680	0	158	0	0	0	714	0	730	0	140	0	1454	0	3268	0	0	0	908	400	0	0	4780	0	4164	0	8358	0	448	684	10798	232	5218	524	196	0	602	0	124	0	392	0	376	0	472	0	0	0	1210	0	0	0	1796	0	0	0	0	0	0	0	0	0	0	0	0	0	0	0	0	0	0	0	0	0	0	0	0	0	0	
123812	Parietal_Sup_L	3548	0	0	0	0	0	0	0	0	0	0	0	0	0	0	0	102	0	0	0	0	0	0	0	0	0	0	0	204	0	0	0	102	0	0	0	0	0	0	0	0	0	0	0	706	0	0	0	5600	0	15110	0	0	0	0	0	3940	0	0	722	12954	0	0	0	2624	0	12520	1492	2014	0	0	0	0	0	0	0	0	0	0	0	0	0	0	0	268	0	0	0	0	0	0	0	0	0	0	0	0	0	0	0	0	0	0	0	0	0	0	0	0	0	0	0	0	0	0	0	
158360	Parietal_Sup_R	0	732	0	0	0	0	0	0	0	0	0	0	0	0	0	0	0	194	0	0	0	0	0	0	0	0	0	0	0	388	0	0	0	768	594	930	0	368	0	0	0	0	0	294	0	3510	0	0	762	9222	292	9380	0	0	0	310	0	4780	722	0	0	16496	0	2912	0	9188	2376	12092	0	664	0	0	0	0	0	0	0	0	0	0	0	384	0	0	0	1020	0	0	0	802	0	0	0	0	0	0	0	0	0	0	0	0	0	0	0	0	0	0	0	0	0	0	0	0	0	0	
212428	Parietal_Inf_L	5304	440	216	104	0	0	258	0	0	0	0	0	0	0	0	0	1482	0	0	0	0	0	0	0	0	0	0	0	624	0	0	0	0	0	160	0	0	0	0	0	0	0	218	0	814	0	0	0	3398	0	15416	0	218	0	0	0	16362	0	12954	0	0	0	8272	0	19356	0	2658	308	1244	0	208	0	92	0	0	0	0	0	514	0	744	0	0	0	8630	0	0	0	6220	0	0	0	0	0	0	0	0	0	0	0	0	0	0	0	0	0	0	0	0	0	0	0	0	0	0	0	
142488	Parietal_Inf_R	0	554	0	0	0	0	0	0	0	0	0	188	0	0	0	0	0	430	0	0	0	0	0	0	0	0	0	0	0	922	0	0	0	226	150	242	0	1112	0	0	0	0	0	0	0	654	0	0	0	3416	0	7414	0	0	0	802	0	4164	0	16496	0	0	0	8230	0	16014	386	2488	0	88	0	0	0	0	0	0	0	0	0	116	0	1580	0	0	0	3756	0	0	0	1816	0	0	0	0	0	0	0	0	0	0	0	0	0	0	0	0	0	0	0	0	0	0	0	0	0	0	
107316	SupraMarginal_L	2868	0	0	0	0	0	0	0	0	0	0	0	0	0	0	0	3472	0	0	0	0	0	0	0	0	0	0	0	1342	0	0	0	0	0	0	0	0	0	0	0	0	0	174	0	572	0	0	0	406	0	1560	0	344	0	0	0	8728	0	0	0	8272	0	0	0	3918	0	724	0	0	0	168	0	0	0	0	0	0	0	172	0	8428	0	0	0	7446	0	0	0	5064	0	0	0	0	0	0	0	0	0	0	0	0	0	0	0	0	0	0	0	0	0	0	0	0	0	0	0	
82432	SupraMarginal_R	0	704	0	0	0	0	0	0	0	0	0	434	0	0	0	0	0	3766	0	0	0	0	0	0	0	0	0	0	0	1112	0	0	0	206	90	810	0	278	0	0	0	0	0	460	0	208	0	256	0	394	0	1002	0	0	0	1338	0	8358	0	2912	0	8230	0	0	0	3334	148	1390	0	0	0	0	0	0	0	0	0	0	0	148	0	2836	0	0	0	1134	0	0	0	1668	0	0	0	0	0	0	0	0	0	0	0	0	0	0	0	0	0	0	0	0	0	0	0	0	0	0	
145728	Angular_L	1284	0	0	0	0	0	0	0	0	0	0	0	0	0	0	0	2040	0	0	0	0	0	0	0	0	0	0	0	486	0	0	0	0	0	128	0	0	0	0	0	0	0	262	0	432	0	0	0	782	0	16818	0	222	0	0	0	1158	0	2624	0	19356	0	3918	0	0	0	588	0	132	0	0	0	0	0	0	0	0	0	536	0	2584	0	0	0	13206	0	0	0	6308	0	0	0	0	0	0	0	0	0	0	0	0	0	0	0	0	0	0	0	0	0	0	0	0	0	0	0	
139316	Angular_R	0	260	0	0	0	0	0	0	0	0	0	176	0	0	0	0	0	474	0	0	0	0	0	0	0	0	0	0	0	958	0	0	0	0	0	0	0	2396	0	0	0	0	0	0	0	234	0	0	0	3758	0	16408	0	0	0	952	0	448	0	9188	0	16014	0	3334	0	0	0	308	0	0	0	0	0	0	0	0	0	0	0	112	0	3536	0	0	0	9734	0	0	0	1368	0	0	0	0	0	0	0	0	0	0	0	0	0	0	0	0	0	0	0	0	0	0	0	0	0	0	
387812	Precuneus_L	6532	716	150	0	0	0	196	0	0	0	0	0	0	0	0	0	316	0	182	0	0	0	0	0	0	0	0	0	1172	0	0	0	2448	2504	12616	2272	6852	0	1224	0	0	0	15912	3602	21574	6610	4584	1436	15754	4528	17088	2558	1988	0	946	0	4086	684	12520	2376	2658	386	724	148	588	0	0	23172	5126	364	0	142	0	0	0	0	416	366	526	0	318	0	0	0	3698	96	0	0	1752	0	0	0	0	0	0	0	0	0	0	0	0	0	0	0	0	0	0	0	0	0	0	0	0	0	0	0	
484888	Precuneus_R	1158	5788	0	234	0	0	0	270	0	0	0	0	0	0	0	0	0	698	0	1438	0	0	0	0	0	0	0	0	154	686	0	0	1092	11216	4356	18486	0	5716	0	978	0	0	1786	30322	3288	26400	166	11728	3364	24330	3188	17622	140	558	0	1494	438	10798	1492	12092	308	2488	0	1390	0	308	23172	0	622	5962	0	0	0	112	0	0	0	526	0	350	0	626	0	0	0	2162	0	0	0	2276	0	0	0	0	0	0	0	0	0	0	0	0	0	0	0	0	0	0	0	0	666	0	0	0	0	0	
258716	Paracentral_Lobule_L	27026	7106	6084	1050	0	0	3020	808	0	0	364	0	270	0	0	0	224	0	19578	10562	0	0	0	0	0	0	0	0	878	0	294	644	4216	3086	5694	764	412	0	106	0	0	0	336	88	2550	96	0	0	1090	0	3710	0	456	0	0	0	2482	232	2014	0	1244	0	0	0	132	0	5126	622	0	2654	3812	960	2724	0	936	0	3044	982	0	0	182	0	0	0	1500	0	0	0	200	0	0	0	0	0	0	0	0	0	0	0	0	0	0	0	0	0	0	0	0	0	0	0	0	0	0	0	
118064	Paracentral_Lobule_R	1280	4414	166	472	0	0	166	0	0	0	0	0	0	0	0	0	0	0	712	12838	0	0	0	0	0	0	0	0	0	0	0	0	1000	8972	1618	6838	0	110	0	0	0	0	0	1332	0	1188	0	226	0	1154	0	926	0	0	0	104	0	5218	0	664	0	88	0	0	0	0	364	5962	2654	0	0	110	0	0	0	0	0	0	0	0	0	0	0	0	0	164	0	0	0	292	0	0	0	0	0	0	0	0	0	0	0	0	0	0	0	0	0	0	0	0	0	0	0	0	0	0	
407436	Caudate_L	12626	4810	15674	5220	2702	198	11902	4332	644	94	4374	3002	1568	1388	1780	1794	6570	640	9048	4564	4620	4128	860	1700	404	334	4552	336	17504	2792	7126	5252	0	852	0	0	164	116	0	0	170	0	0	0	0	0	0	0	0	0	0	0	0	0	0	0	2438	524	0	0	208	0	168	0	0	0	0	0	3812	0	0	14048	19520	6310	2452	172	6266	3206	160	0	362	0	232	0	0	0	0	0	0	0	0	0	0	0	0	0	0	0	0	0	0	0	0	0	0	0	0	0	0	0	0	0	0	0	0	0	
373368	Caudate_R	1960	10740	2650	10996	256	1212	2022	2680	0	144	818	2830	360	528	88	1288	874	2084	1350	14192	2128	5278	1014	9728	190	3158	1676	2322	2426	3006	7256	24064	0	200	958	752	418	0	0	0	0	0	0	0	0	0	0	0	0	0	0	0	0	0	0	0	0	196	0	0	0	0	0	0	0	0	142	0	960	110	14048	0	3838	23862	206	2512	2118	16634	0	412	0	0	0	0	0	0	0	0	0	0	0	0	0	0	0	0	0	0	0	0	0	0	0	0	0	0	0	0	0	0	0	0	0	0	0	0	
289352	Putamen_L	14460	672	19746	578	1838	0	8840	436	3574	0	1426	216	2264	204	5698	194	1210	0	10412	586	898	1852	1242	468	104	0	684	0	16366	312	5206	1366	0	150	0	0	3746	0	124	0	132	0	0	0	0	0	0	0	0	0	0	0	0	0	362	0	1482	0	0	0	92	0	0	0	0	0	0	0	2724	0	19520	3838	0	2354	4842	0	3102	332	0	0	306	0	402	0	0	0	0	0	316	0	0	0	0	0	0	0	0	0	0	0	0	0	0	0	0	0	0	0	0	0	0	0	0	0	0	0	
361164	Putamen_R	514	2790	368	10580	132	702	242	6614	0	190	0	6680	0	2224	0	1264	566	5180	340	5626	1554	3374	604	8094	112	3870	1112	1660	730	20602	3984	18720	0	100	0	152	0	9836	0	8138	0	1758	0	0	0	0	0	0	0	0	0	0	0	0	0	8434	0	602	0	0	0	0	0	0	0	0	0	112	0	0	6310	23862	2354	0	140	3576	0	2548	0	312	0	694	0	380	0	360	0	0	0	748	0	396	0	0	0	0	0	226	0	1116	0	0	0	0	0	0	0	0	0	0	0	0	0	0	0	0	
40792	Pallidum_L	3040	142	2534	0	0	0	2458	0	0	0	0	0	0	0	0	0	0	0	1034	0	0	88	0	0	0	0	0	0	0	0	0	0	0	0	0	0	254	0	0	0	0	0	0	0	0	0	0	0	0	0	0	0	0	0	0	0	360	0	0	0	0	0	0	0	0	0	0	0	936	0	2452	206	4842	140	0	0	1654	256	0	0	0	0	0	0	0	0	0	0	0	0	0	0	0	0	0	0	0	0	0	0	0	0	0	0	0	0	0	0	0	0	0	0	0	0	0	0	
35452	Pallidum_R	106	850	0	366	0	0	0	1240	0	0	0	1118	0	0	0	0	0	1396	0	272	0	0	0	0	0	0	0	0	90	794	0	0	0	0	0	0	0	1454	0	1398	0	0	0	0	0	0	0	0	0	0	0	0	0	0	0	1082	0	124	0	0	0	0	0	0	0	0	0	0	0	0	172	2512	0	3576	0	0	0	0	0	420	0	0	0	0	0	0	0	0	0	0	0	188	0	0	0	0	0	0	0	568	0	0	0	0	0	0	0	0	0	0	0	0	0	0	0	0	
113508	Thalamus_L	5060	1342	2766	164	0	0	2770	134	0	0	0	0	0	0	0	0	184	0	2998	150	0	0	0	96	0	0	0	0	1446	0	138	230	0	0	2846	1878	3304	0	98	0	0	0	0	0	0	0	0	0	0	0	0	0	0	0	0	0	362	0	0	0	0	0	0	0	0	0	416	0	3044	0	6266	2118	3102	0	1654	0	0	14012	0	0	176	0	0	0	0	0	0	0	0	0	0	0	0	0	0	0	0	0	0	0	0	0	0	0	0	0	0	0	0	0	0	0	0	0	0	0	
183784	Thalamus_R	774	15210	942	3922	0	0	1070	2562	0	0	0	462	0	0	0	0	440	440	766	4658	0	0	0	262	0	0	0	0	526	1156	146	634	0	0	4226	5272	1714	4152	0	1812	0	0	0	0	0	0	0	652	0	0	0	0	0	0	0	632	0	392	0	0	0	0	0	0	0	0	366	526	982	0	3206	16634	332	2548	256	0	14012	0	0	0	0	110	0	0	0	0	0	0	0	0	0	0	0	0	0	0	0	98	0	0	0	0	0	0	0	0	0	0	0	0	0	0	0	0	0	0	
89252	Heschl_L	3570	116	714	0	0	0	750	0	0	0	308	0	0	0	0	0	5746	0	614	0	0	0	0	0	0	0	0	0	6510	0	102	0	0	0	126	0	1404	0	110	0	0	0	404	0	0	0	0	0	0	0	824	0	1012	0	748	0	1722	0	0	0	514	0	172	0	536	0	526	0	0	0	160	0	0	0	0	0	0	0	0	0	4106	0	0	0	8604	0	0	0	5228	0	0	0	0	0	0	0	0	0	0	0	0	0	0	0	0	0	0	0	0	0	0	0	0	0	0	0	
46240	Heschl_R	0	370	0	0	0	0	0	266	0	0	0	216	0	0	0	118	0	4360	0	100	0	0	0	0	0	0	0	0	0	4532	0	0	0	0	0	484	0	1202	0	374	0	0	0	162	0	0	0	0	0	0	0	394	0	0	0	690	0	376	0	0	0	116	0	148	0	112	0	350	0	0	0	412	0	312	0	420	0	0	0	0	0	4226	0	142	0	1898	0	0	0	1340	0	0	0	0	0	0	0	0	0	0	0	0	0	0	0	0	0	0	0	0	0	0	0	0	0	0	
175192	Temporal_Sup_L	2902	0	1088	0	0	0	144	0	0	0	1146	0	0	0	0	0	8458	0	1110	0	0	0	0	0	0	0	0	0	5926	0	0	0	0	0	0	0	2396	0	0	0	0	0	124	0	204	0	0	0	88	0	932	0	396	0	1356	0	2752	0	0	0	744	0	8428	0	2584	0	318	0	182	0	362	0	306	0	0	0	176	0	4106	0	0	0	3054	0	24920	0	0	0	13394	0	0	0	0	0	0	0	0	0	0	0	0	0	0	0	0	0	0	0	0	0	0	0	0	0	0	0	
134084	Temporal_Sup_R	0	362	0	0	0	0	0	160	0	0	0	240	0	0	0	934	0	2468	0	0	0	0	0	0	0	0	0	0	0	10048	0	0	0	0	130	622	0	3152	0	510	0	0	0	164	0	202	0	0	0	364	0	1254	0	92	0	2684	0	472	0	384	0	1580	0	2836	0	3536	0	626	0	0	0	0	0	694	0	0	0	110	0	4226	0	0	0	4452	0	18586	0	608	0	5546	0	0	0	0	0	0	0	0	0	0	0	0	0	0	0	0	0	0	0	0	0	0	0	0	0	0	
88732	Temporal_Pole_Sup_L	88	0	952	90	260	0	286	0	984	0	1682	0	494	0	2942	0	1394	0	876	94	0	0	0	0	0	0	0	0	4790	0	0	0	0	0	0	0	1584	0	340	0	454	0	0	0	0	0	0	0	0	0	0	0	0	0	1756	0	0	0	0	0	0	0	0	0	0	0	0	0	0	0	232	0	402	0	0	0	0	0	0	0	3054	0	0	0	8948	0	4322	0	8342	0	0	0	0	0	0	0	0	0	0	0	0	0	0	0	0	0	0	0	0	0	0	0	0	0	0	0	
85932	Temporal_Pole_Sup_R	0	0	0	0	0	0	0	0	0	0	0	710	0	0	0	1404	0	1700	0	234	0	264	0	0	0	0	0	0	0	3904	0	0	0	0	0	0	0	1870	0	1534	0	2948	0	0	0	0	0	0	0	0	0	0	0	0	0	5500	0	0	0	0	0	0	0	0	0	0	0	0	0	0	0	0	0	380	0	0	0	0	0	142	0	4452	0	0	0	6478	0	6200	0	5246	0	0	0	0	0	0	0	0	0	0	0	0	0	0	0	0	0	0	0	0	0	0	0	0	0	0	
408368	Temporal_Mid_L	4064	0	0	0	0	0	154	0	0	0	174	0	0	0	0	0	9096	0	0	0	0	0	0	0	0	0	0	0	6694	0	0	0	0	0	904	0	2782	0	1230	0	0	0	3292	0	2032	0	368	0	442	0	20236	0	8702	0	2734	0	2512	0	268	0	8630	0	7446	0	13206	0	3698	0	1500	0	0	0	0	0	0	0	0	0	8604	0	24920	0	8948	0	0	0	3844	0	57704	0	0	0	0	0	0	0	0	0	0	0	0	0	0	0	0	0	0	0	0	0	0	0	0	0	0	0	
263768	Temporal_Mid_R	0	812	0	0	0	0	0	90	0	0	0	154	0	0	0	0	0	892	0	0	0	0	0	0	0	0	0	0	0	4880	0	0	0	324	192	580	0	7082	0	1542	0	0	134	3314	0	1666	142	1666	0	3128	0	22086	0	1908	0	4472	0	1210	0	1020	0	3756	0	1134	0	9734	96	2162	0	164	0	0	0	360	0	0	0	0	0	1898	0	18586	0	6478	0	0	0	4542	0	25680	0	0	0	0	0	0	0	0	0	0	0	0	0	0	0	0	0	0	0	0	0	0	0	0	0	0	
29832	Temporal_Pole_Mid_L	0	0	0	0	0	0	0	0	0	0	0	0	0	0	0	0	0	0	0	0	0	0	0	0	0	0	0	0	0	0	0	0	0	0	0	0	0	0	154	0	0	0	0	0	0	0	0	0	0	0	0	0	0	0	1162	0	0	0	0	0	0	0	0	0	0	0	0	0	0	0	0	0	0	0	0	0	0	0	0	0	0	0	4322	0	3844	0	0	0	5434	0	0	0	0	0	0	0	0	0	0	0	0	0	0	0	0	0	0	0	0	0	0	0	0	0	0	0	
41072	Temporal_Pole_Mid_R	0	0	0	0	0	0	0	0	0	0	0	0	0	0	0	0	0	0	0	0	0	0	0	0	0	0	0	0	0	150	0	0	0	0	0	0	0	620	0	942	0	740	0	0	0	0	0	0	0	0	0	0	0	0	0	3618	0	0	0	0	0	0	0	0	0	0	0	0	0	0	0	0	0	0	0	0	0	0	0	0	0	608	0	6200	0	4542	0	0	0	3116	0	0	0	0	0	0	0	0	0	0	0	0	0	0	0	0	0	0	0	0	0	0	0	0	0	0	
339896	Temporal_Inf_L	2402	0	238	0	0	0	136	0	0	0	304	0	0	0	0	0	5090	0	268	0	0	0	0	0	0	0	0	0	5466	0	0	0	0	0	656	0	10718	0	1732	0	1496	0	1282	0	490	0	304	0	164	0	6234	0	6354	0	13520	0	1876	0	0	0	6220	0	5064	0	6308	0	1752	0	200	0	0	0	316	0	0	0	0	0	5228	0	13394	0	8342	0	57704	0	5434	0	0	0	932	0	106	0	0	0	0	0	218	0	0	0	0	0	0	0	0	0	0	0	0	0	0	0	0	0	
202336	Temporal_Inf_R	0	1140	0	0	0	0	0	0	0	0	0	144	0	0	0	0	0	918	0	0	0	0	0	0	0	0	0	0	0	3576	0	0	0	334	132	762	0	4754	0	2104	0	618	0	4166	0	1130	114	1400	0	1334	0	6600	0	3280	0	16340	0	1796	0	802	0	1816	0	1668	0	1368	0	2276	0	292	0	0	0	748	0	0	0	0	0	1340	0	5546	0	5246	0	25680	0	3116	0	0	0	388	0	0	0	0	0	0	0	240	0	0	0	0	0	0	0	0	0	0	0	0	0	0	0	0	
328872	Cerebelum_Crus1_L	0	0	0	0	0	0	0	0	0	0	0	0	0	0	0	0	0	0	0	0	0	0	0	0	0	0	0	0	0	0	0	0	0	0	0	0	0	0	262	0	0	0	98	0	0	0	4582	392	0	0	176	0	704	0	15212	394	0	0	0	0	0	0	0	0	0	0	0	0	0	0	0	0	0	0	0	0	0	0	0	0	0	0	0	0	0	0	0	0	932	0	0	1916	20706	1310	1394	0	17246	1696	45766	2584	7258	0	14406	2202	2108	1782	1486	708	0	230	5308	3314	5208	2360	2300	396	
356412	Cerebelum_Crus1_R	0	0	0	0	0	0	0	0	0	0	0	0	0	0	0	0	0	0	0	0	0	0	0	0	0	0	0	0	0	0	0	0	0	0	0	0	0	874	0	944	0	0	192	0	0	0	1642	1942	0	0	0	0	0	320	766	9742	0	0	0	0	0	0	0	0	0	0	0	0	0	0	0	0	0	396	0	188	0	0	0	0	0	0	0	0	0	0	0	0	0	388	1916	0	676	24478	0	1850	2562	17132	3764	46010	0	2340	394	17768	186	4102	166	2920	252	1100	8384	10570	11214	1368	1516	144	
161860	Cerebelum_Crus2_L	0	0	0	0	0	0	0	0	0	0	0	0	0	0	0	0	0	0	0	0	0	0	0	0	0	0	0	0	0	0	0	0	0	0	0	0	0	0	0	0	0	0	0	0	0	0	276	130	0	0	0	0	0	0	226	0	0	0	0	0	0	0	0	0	0	0	0	0	0	0	0	0	0	0	0	0	0	0	0	0	0	0	0	0	0	0	0	0	106	0	20706	676	0	3182	0	0	1166	0	5540	486	18390	1328	17276	2142	1326	260	548	108	0	0	358	860	3680	1814	346	0	
192628	Cerebelum_Crus2_R	0	0	0	0	0	0	0	0	0	0	0	0	0	0	0	0	0	0	0	0	0	0	0	0	0	0	0	0	0	0	0	0	0	0	0	0	0	0	0	0	0	0	0	0	0	0	0	0	0	0	0	0	0	0	0	394	0	0	0	0	0	0	0	0	0	0	0	0	0	0	0	0	0	0	0	0	0	0	0	0	0	0	0	0	0	0	0	0	0	0	1310	24478	3182	0	0	642	106	1758	422	6544	1596	8608	1584	22974	110	3612	0	2412	0	308	562	634	11366	2454	1158	100	
26992	Cerebelum_3_L	0	0	0	0	0	0	0	0	0	0	0	0	0	0	0	0	0	0	0	0	0	0	0	0	0	0	0	0	0	0	0	0	0	0	0	0	0	98	204	0	0	0	0	0	0	0	164	112	0	0	0	0	0	0	852	0	0	0	0	0	0	0	0	0	0	0	0	0	0	0	0	0	0	0	0	0	0	0	0	0	0	0	0	0	0	0	0	0	0	0	1394	0	0	0	0	0	5780	0	2652	0	0	0	118	0	396	0	0	0	198	974	554	0	0	0	0	0	
46924	Cerebelum_3_R	0	0	0	0	0	0	0	0	0	0	0	0	0	0	0	0	0	0	0	0	0	0	0	0	0	0	0	0	0	0	0	0	0	0	0	0	0	0	0	96	0	0	0	0	0	0	0	0	0	0	0	0	0	0	0	412	0	0	0	0	0	0	0	0	0	0	0	0	0	0	0	0	0	0	0	0	0	0	0	0	0	0	0	0	0	0	0	0	0	0	0	1850	0	642	0	0	208	5358	204	5024	0	0	0	496	0	516	132	202	630	3872	1520	616	778	160	276	470	
258244	Cerebelum_4_5_L	0	0	0	0	0	0	0	0	0	0	0	0	0	0	0	0	0	0	0	0	0	0	0	0	0	0	0	0	0	0	0	0	0	0	0	0	0	180	500	0	0	0	320	0	0	0	8146	1854	0	0	184	0	238	0	12648	1712	0	0	0	0	0	0	0	0	0	0	0	0	0	0	0	0	0	0	0	0	0	0	0	0	0	0	0	0	0	0	0	0	0	0	17246	2562	1166	106	5780	208	0	6272	32058	5702	1004	0	2340	104	3594	570	1034	0	404	1380	18524	1636	182	0	382	1086	
239868	Cerebelum_4_5_R	0	0	0	0	0	0	0	0	0	0	0	0	0	0	0	0	0	0	0	0	0	0	0	0	0	0	0	0	0	0	0	0	0	0	0	0	0	782	0	1642	0	0	628	0	0	0	3298	3880	0	0	142	0	184	0	1952	10874	0	0	0	0	0	0	0	0	0	0	0	0	0	0	0	0	0	226	0	0	0	98	0	0	0	0	0	0	0	0	0	0	0	0	1696	17132	0	1758	0	5358	6272	0	4552	29338	0	0	190	2146	250	1414	98	522	748	3072	16894	1064	2256	432	514	522	
391416	Cerebelum_6_L	0	0	0	0	0	0	0	0	0	0	0	0	0	0	0	0	0	0	0	0	0	0	0	0	0	0	0	0	0	0	0	0	0	0	0	0	0	0	338	0	0	0	968	0	0	0	12068	1462	0	0	1592	0	2582	0	24016	1398	0	0	0	0	0	0	0	0	0	0	0	0	0	0	0	0	0	0	0	0	0	0	0	0	0	0	0	0	0	0	0	0	218	0	45766	3764	5540	422	2652	204	32058	4552	0	6384	2534	0	6080	798	4182	2036	4350	498	170	568	12974	7714	2634	1148	2366	1672	
389568	Cerebelum_6_R	0	0	0	0	0	0	0	164	0	0	0	0	0	0	0	0	0	0	0	0	0	0	0	0	0	0	0	0	0	158	0	0	0	0	0	0	0	2338	0	2564	0	102	456	0	0	0	3716	5134	0	0	94	0	160	876	2132	17114	0	0	0	0	0	0	0	0	0	0	0	0	0	0	0	0	0	1116	0	568	0	0	0	0	0	0	0	0	0	0	0	0	0	240	2584	46010	486	6544	0	5024	5702	29338	6384	0	0	490	234	6714	206	3586	200	2536	484	2428	14712	12650	8294	1402	1532	312	
118384	Cerebelum_7b_L	0	0	0	0	0	0	0	0	0	0	0	0	0	0	0	0	0	0	0	0	0	0	0	0	0	0	0	0	0	0	0	0	0	0	0	0	0	0	0	0	0	0	0	0	0	0	196	0	0	0	0	0	0	0	252	0	0	0	0	0	0	0	0	0	0	0	0	0	0	0	0	0	0	0	0	0	0	0	0	0	0	0	0	0	0	0	0	0	0	0	7258	0	18390	1596	0	0	1004	0	2534	0	0	264	18346	1896	1560	380	292	0	0	0	176	0	2458	2108	482	0	
46824	Cerebelum_7b_R	0	0	0	0	0	0	0	0	0	0	0	0	0	0	0	0	0	0	0	0	0	0	0	0	0	0	0	0	0	0	0	0	0	0	0	0	0	0	0	0	0	0	0	0	0	0	0	0	0	0	0	0	0	0	0	0	0	0	0	0	0	0	0	0	0	0	0	0	0	0	0	0	0	0	0	0	0	0	0	0	0	0	0	0	0	0	0	0	0	0	0	2340	1328	8608	0	0	0	0	0	490	264	0	140	8046	0	652	0	0	0	0	0	0	600	944	0	0	
197856	Cerebelum_8_L	0	0	0	0	0	0	0	0	0	0	0	0	0	0	0	0	0	0	0	0	0	0	0	0	0	0	0	0	0	0	0	0	0	0	0	0	0	0	0	0	0	0	0	0	0	0	98	0	0	0	0	0	0	0	244	0	0	0	0	0	0	0	0	0	0	0	0	0	0	0	0	0	0	0	0	0	0	0	0	0	0	0	0	0	0	0	0	0	0	0	14406	394	17276	1584	118	0	2340	190	6080	234	18346	140	0	4166	13038	2516	824	612	0	0	1052	444	5284	5496	3378	668	
223480	Cerebelum_8_R	0	0	0	0	0	0	0	0	0	0	0	0	0	0	0	0	0	0	0	0	0	0	0	0	0	0	0	0	0	0	0	0	0	0	0	0	0	0	0	0	0	0	0	0	0	0	276	0	0	0	0	0	0	0	0	248	0	0	0	0	0	0	0	0	0	0	0	0	0	0	0	0	0	0	0	0	0	0	0	0	0	0	0	0	0	0	0	0	0	0	2202	17768	2142	22974	0	496	104	2146	798	6714	1896	8046	4166	0	524	16192	0	3246	0	204	438	906	9938	6784	3314	218	
92568	Cerebelum_9_L	0	0	0	0	0	0	0	0	0	0	0	0	0	0	0	0	0	0	0	0	0	0	0	0	0	0	0	0	0	0	0	0	0	0	0	0	0	0	0	0	0	0	0	0	0	0	0	0	0	0	0	0	0	0	0	0	0	0	0	0	0	0	0	0	0	0	0	0	0	0	0	0	0	0	0	0	0	0	0	0	0	0	0	0	0	0	0	0	0	0	2108	186	1326	110	396	0	3594	250	4182	206	1560	0	13038	524	0	2326	3310	238	144	98	2758	2436	920	1402	2824	2348	
156900	Cerebelum_9_R	0	0	0	0	0	0	0	0	0	0	0	0	0	0	0	0	0	0	0	0	0	0	0	0	0	0	0	0	0	0	0	0	0	0	0	0	0	0	0	0	0	0	0	0	0	0	110	0	0	0	0	0	0	0	0	110	0	0	0	0	0	0	0	0	0	0	0	0	0	0	0	0	0	0	0	0	0	0	0	0	0	0	0	0	0	0	0	0	0	0	1782	4102	260	3612	0	516	570	1414	2036	3586	380	652	2516	16192	2326	0	1208	3268	256	384	1854	5766	6612	5862	8326	4750	
39400	Cerebelum_10_L	0	0	0	0	0	0	0	0	0	0	0	0	0	0	0	0	0	0	0	0	0	0	0	0	0	0	0	0	0	0	0	0	0	0	0	0	0	0	0	0	0	0	0	0	0	0	0	0	0	0	0	0	0	0	0	0	0	0	0	0	0	0	0	0	0	0	0	0	0	0	0	0	0	0	0	0	0	0	0	0	0	0	0	0	0	0	0	0	0	0	1486	166	548	0	0	132	1034	98	4350	200	292	0	824	0	3310	1208	0	0	0	118	684	1994	88	394	1418	1356	
57064	Cerebelum_10_R	0	0	0	0	0	0	0	0	0	0	0	0	0	0	0	0	0	0	0	0	0	0	0	0	0	0	0	0	0	0	0	0	0	0	0	0	0	0	0	0	0	0	0	0	0	0	140	0	0	0	0	0	0	0	0	0	0	0	0	0	0	0	0	0	0	0	0	0	0	0	0	0	0	0	0	0	0	0	0	0	0	0	0	0	0	0	0	0	0	0	708	2920	108	2412	0	202	0	522	498	2536	0	0	612	3246	238	3268	0	0	0	102	344	1768	3892	2176	2616	224	
18452	Vermis_1_2	0	0	0	0	0	0	0	0	0	0	0	0	0	0	0	0	0	0	0	0	0	0	0	0	0	0	0	0	0	0	0	0	0	0	0	0	0	0	0	0	0	0	0	0	0	0	0	0	0	0	0	0	0	0	0	0	0	0	0	0	0	0	0	0	0	0	0	0	0	0	0	0	0	0	0	0	0	0	0	0	0	0	0	0	0	0	0	0	0	0	0	252	0	0	198	630	404	748	170	484	0	0	0	0	144	256	0	0	0	3762	1220	410	108	0	100	340	
49052	Vermis_3	0	0	0	0	0	0	0	0	0	0	0	0	0	0	0	0	0	0	0	0	0	0	0	0	0	0	0	0	0	0	0	0	0	0	0	0	0	126	136	0	0	0	0	0	0	0	112	238	0	0	0	0	0	0	0	500	0	0	0	0	0	0	0	0	0	0	0	0	0	0	0	0	0	0	0	0	0	0	0	0	0	0	0	0	0	0	0	0	0	0	230	1100	0	308	974	3872	1380	3072	568	2428	0	0	0	204	98	384	118	102	3762	0	2742	690	432	168	242	540	
252868	Vermis_4_5	0	0	0	0	0	0	0	0	0	0	0	0	0	0	0	0	0	0	0	0	0	0	0	0	0	0	0	0	0	0	0	0	0	0	0	384	0	278	0	0	0	0	828	562	0	0	5924	4508	0	224	178	224	232	0	4374	5968	0	0	0	0	0	0	0	0	0	0	0	666	0	0	0	0	0	0	0	0	0	0	0	0	0	0	0	0	0	0	0	0	0	0	5308	8384	358	562	554	1520	18524	16894	12974	14712	176	0	1052	438	2758	1854	684	344	1220	2742	0	5366	848	314	1014	3484	
176216	Vermis_6	0	0	0	0	0	0	0	0	0	0	0	0	0	0	0	0	0	0	0	0	0	0	0	0	0	0	0	0	0	0	0	0	0	0	0	0	0	0	0	0	0	0	0	0	0	0	1736	3884	0	0	0	0	202	528	1134	3284	0	0	0	0	0	0	0	0	0	0	0	0	0	0	0	0	0	0	0	0	0	0	0	0	0	0	0	0	0	0	0	0	0	0	3314	10570	860	634	0	616	1636	1064	7714	12650	0	0	444	906	2436	5766	1994	1768	410	690	5366	0	4510	3000	5502	5490	
