data	data	295080	178796	1.05079e+06	868012	142172	220320	507296	197064	113600	30404	202148	219988	266440	162028	289712	201724	215852	134744	731596	591000	109828	111180	419292	527696	21544	225756	84972	80996	611848	290980	414992	624896	205340	513924	167148	164740	142604	197792	54832	134072	24256	50624	162356	253248	124764	252280	228068	325260	126696	293908	358664	227512	97448	67444	339828	426300	187060	178148	94240	79812	187024	95772	90128	134472	84804	69472	207496	326108	173676	111704	291868	525188	277004	411780	46544	48956	154916	139268	83560	21840	124344	115788	36408	49868	233992	184268	7300	20408	170924	215828	432348	382364	298700	403380	12964	48676	241544	201872	479356	415780	193372	177572	335824	263404	159860	79540	38884	16004	15432	21392	220700	251012	277992	166700	97296	17564	
data	data	Precentral_L	Precentral_R	Frontal_Sup_L	Frontal_Sup_R	Frontal_Sup_Orb_L	Frontal_Sup_Orb_R	Frontal_Mid_L	Frontal_Mid_R	Frontal_Mid_Orb_L	Frontal_Mid_Orb_R	Frontal_Inf_Oper_L	Frontal_Inf_Oper_R	Frontal_Inf_Tri_L	Frontal_Inf_Tri_R	Frontal_Inf_Orb_L	Frontal_Inf_Orb_R	Rolandic_Oper_L	Rolandic_Oper_R	Supp_Motor_Area_L	Supp_Motor_Area_R	Olfactory_L	Olfactory_R	Frontal_Sup_Medial_L	Frontal_Sup_Medial_R	Frontal_Med_Orb_L	Frontal_Med_Orb_R	Rectus_L	Rectus_R	Insula_L	Insula_R	Cingulum_Ant_L	Cingulum_Ant_R	Cingulum_Mid_L	Cingulum_Mid_R	Cingulum_Post_L	Cingulum_Post_R	Hippocampus_L	Hippocampus_R	ParaHippocampal_L	ParaHippocampal_R	Amygdala_L	Amygdala_R	Calcarine_L	Calcarine_R	Cuneus_L	Cuneus_R	Lingual_L	Lingual_R	Occipital_Sup_L	Occipital_Sup_R	Occipital_Mid_L	Occipital_Mid_R	Occipital_Inf_L	Occipital_Inf_R	Fusiform_L	Fusiform_R	Postcentral_L	Postcentral_R	Parietal_Sup_L	Parietal_Sup_R	Parietal_Inf_L	Parietal_Inf_R	SupraMarginal_L	SupraMarginal_R	Angular_L	Angular_R	Precuneus_L	Precuneus_R	Paracentral_Lobule_L	Paracentral_Lobule_R	Caudate_L	Caudate_R	Putamen_L	Putamen_R	Pallidum_L	Pallidum_R	Thalamus_L	Thalamus_R	Heschl_L	Heschl_R	Temporal_Sup_L	Temporal_Sup_R	Temporal_Pole_Sup_L	Temporal_Pole_Sup_R	Temporal_Mid_L	Temporal_Mid_R	Temporal_Pole_Mid_L	Temporal_Pole_Mid_R	Temporal_Inf_L	Temporal_Inf_R	Cerebelum_Crus1_L	Cerebelum_Crus1_R	Cerebelum_Crus2_L	Cerebelum_Crus2_R	Cerebelum_3_L	Cerebelum_3_R	Cerebelum_4_5_L	Cerebelum_4_5_R	Cerebelum_6_L	Cerebelum_6_R	Cerebelum_7b_L	Cerebelum_7b_R	Cerebelum_8_L	Cerebelum_8_R	Cerebelum_9_L	Cerebelum_9_R	Cerebelum_10_L	Cerebelum_10_R	Vermis_1_2	Vermis_3	Vermis_4_5	Vermis_6	Vermis_7	Vermis_8	Vermis_9	Vermis_10	
295080	Precentral_L	0	1082	9982	372	0	0	15700	0	0	0	9006	0	1116	0	0	0	9244	0	5290	2692	0	0	0	0	0	0	0	0	11864	0	132	0	2420	1676	3522	2446	1006	124	310	352	0	0	430	0	114	0	0	0	104	0	3704	0	454	168	694	1200	24186	0	810	0	5308	0	622	0	204	0	184	0	22774	322	198	112	390	0	122	0	1060	0	1114	0	380	0	0	0	2304	0	0	0	1830	416	0	0	0	0	0	0	0	0	0	0	0	0	0	0	0	0	0	0	0	0	0	0	0	0	0	0	
178796	Precentral_R	1082	0	3834	10000	0	110	0	3380	0	0	0	3194	200	114	950	0	0	532	3524	1816	0	0	0	160	0	138	0	0	148	464	332	250	0	324	250	754	718	2570	0	2124	0	0	0	0	0	138	0	0	0	298	0	0	0	190	0	3276	0	9180	0	0	0	436	0	1308	0	0	0	180	914	1688	8274	1788	636	1930	858	1324	7394	8452	0	140	0	666	0	0	0	1086	0	0	0	2274	0	0	0	0	0	0	0	0	0	0	0	0	0	0	0	0	0	0	0	0	0	0	0	0	0	0	
1.05079e+06	Frontal_Sup_L	9982	3834	0	15142	4796	842	86046	882	2356	204	12058	650	17460	584	7574	1658	12470	282	98792	19378	0	0	49358	13014	374	756	224	0	36260	528	28926	12822	11470	13472	1316	606	2800	292	114	358	0	0	0	0	0	0	0	0	0	0	0	0	0	0	0	490	2538	0	0	0	326	0	266	0	0	0	0	0	1466	0	7124	7770	21602	1618	5368	630	5962	706	644	0	468	0	252	0	0	0	0	0	144	340	0	0	0	0	0	0	0	0	0	0	0	0	0	0	0	0	0	0	0	0	0	0	0	0	0	0	
868012	Frontal_Sup_R	372	10000	15142	0	0	13170	2824	33906	0	1776	570	16228	522	10032	1424	9400	324	5108	13230	45780	106	0	12014	52506	0	12212	0	0	1100	11822	8212	41406	2938	20948	0	0	376	1622	0	714	0	194	0	0	0	0	0	0	0	0	0	0	0	0	0	846	0	598	0	0	0	110	0	392	0	0	0	0	216	0	5166	34636	732	25744	498	2842	3652	10974	0	0	0	256	0	472	0	332	0	0	0	562	0	0	0	0	0	0	0	0	0	0	0	0	0	0	0	0	0	0	0	0	0	0	0	0	0	0	
142172	Frontal_Sup_Orb_L	0	0	4796	0	0	452	1074	0	10660	0	270	0	2678	0	12798	150	0	0	1246	0	3964	1570	1174	0	2454	402	6962	1098	7198	0	2664	490	0	0	0	0	0	0	180	0	350	0	0	0	0	0	0	0	0	0	0	0	0	0	0	0	0	0	0	0	0	0	0	0	0	0	0	0	0	0	2156	402	5680	0	0	0	0	0	0	0	0	0	218	0	0	0	0	0	0	0	0	0	0	0	0	0	0	0	0	0	0	0	0	0	0	0	0	0	0	0	0	0	0	0	0	0	
220320	Frontal_Sup_Orb_R	0	110	842	13170	452	0	180	978	0	2912	488	1248	128	326	842	4408	146	248	688	3784	678	2010	582	11250	438	16184	602	6886	650	3004	244	9664	0	0	0	0	0	118	0	0	0	188	0	0	0	0	0	0	0	0	0	0	0	0	0	0	0	0	0	0	0	0	0	0	0	0	0	0	0	0	1092	13062	0	12132	0	122	0	304	0	0	0	0	0	0	0	0	0	0	0	0	0	0	0	0	0	0	0	0	0	0	0	0	0	0	0	0	0	0	0	0	0	0	0	0	0	0	
507296	Frontal_Mid_L	15700	0	86046	2824	1074	180	0	202	4140	0	7828	300	26382	386	5470	404	3904	0	12060	2986	0	0	17690	4596	0	126	0	0	20434	0	9788	4566	4232	6182	908	1164	1654	134	140	190	0	0	0	0	0	0	0	0	0	0	0	0	0	0	0	398	4078	0	0	0	480	0	938	0	0	0	0	0	238	0	330	608	826	208	0	0	2556	0	896	0	100	0	0	0	0	0	0	0	104	198	0	0	0	0	0	0	0	0	0	0	0	0	0	0	0	0	0	0	0	0	0	0	0	0	0	0	
197064	Frontal_Mid_R	0	3380	882	33906	0	978	202	0	0	346	0	8972	0	10640	2238	4492	0	1398	1188	1582	0	0	694	4494	0	1032	0	0	0	3696	504	2136	160	1194	0	0	0	666	0	138	0	110	0	0	0	0	0	0	0	0	0	0	0	0	0	0	0	120	0	0	0	0	0	0	0	0	0	0	0	0	1044	3782	144	4526	0	474	0	3186	0	0	0	0	0	228	0	0	0	0	0	0	0	0	0	0	0	0	0	0	0	0	0	0	0	0	0	0	0	0	0	0	0	0	0	0	0	0	
113600	Frontal_Mid_Orb_L	0	0	2356	0	10660	0	4140	0	0	0	378	0	5038	0	20220	0	0	0	278	0	356	0	0	0	130	0	1786	0	6938	0	0	0	0	0	0	0	0	0	0	0	0	0	0	0	0	0	0	0	0	0	0	0	0	0	0	0	0	0	0	0	0	0	0	0	0	0	0	0	0	0	142	0	4214	0	0	0	0	0	0	0	0	0	164	0	0	0	0	0	0	0	0	0	0	0	0	0	0	0	0	0	0	0	0	0	0	0	0	0	0	0	0	0	0	0	0	0	
30404	Frontal_Mid_Orb_R	0	0	204	1776	0	2912	0	346	0	0	0	0	0	432	0	5664	0	0	152	244	0	0	240	1018	0	124	0	128	0	142	124	532	0	366	0	0	0	0	0	0	0	0	0	0	0	0	0	0	0	0	0	0	0	0	0	0	0	0	0	0	0	0	0	0	0	0	0	0	0	0	0	418	0	380	0	0	0	0	0	0	0	0	0	0	0	0	0	0	0	0	0	0	0	0	0	0	0	0	0	0	0	0	0	0	0	0	0	0	0	0	0	0	0	0	0	0	
202148	Frontal_Inf_Oper_L	9006	0	12058	570	270	488	7828	0	378	0	0	0	14464	0	1350	1268	7414	0	10484	0	0	0	296	422	0	338	0	0	19474	0	704	452	0	0	0	0	0	0	0	0	0	0	0	0	0	0	0	0	0	0	152	0	0	0	0	0	3652	0	0	0	0	0	0	0	0	0	0	0	0	0	2892	2274	1692	346	0	0	474	0	570	0	0	0	1758	0	0	0	0	0	0	0	0	0	0	0	0	0	0	0	0	0	0	0	0	0	0	0	0	0	0	0	0	0	0	0	0	0	
219988	Frontal_Inf_Oper_R	0	3194	650	16228	0	1248	300	8972	0	0	0	0	112	14260	2126	1618	0	5714	3422	8796	0	0	250	4288	0	1248	0	0	124	14280	1092	4512	0	4164	0	0	0	350	0	0	0	146	0	0	0	0	0	0	0	0	0	0	0	0	0	0	0	1088	0	0	0	0	0	0	0	0	0	0	0	0	1374	4732	0	4166	0	576	0	224	0	0	0	0	0	740	0	0	0	0	0	0	0	0	0	0	0	0	0	0	0	0	0	0	0	0	0	0	0	0	0	0	0	0	0	0	0	0	
266440	Frontal_Inf_Tri_L	1116	200	17460	522	2678	128	26382	0	5038	0	14464	112	0	0	16528	476	672	0	5806	192	0	0	1946	396	0	0	0	0	24072	0	4652	680	632	446	0	0	0	0	0	0	0	0	0	0	0	0	0	0	0	0	0	0	0	0	0	0	142	0	0	0	0	0	0	0	0	0	0	0	0	0	4162	1368	2430	110	0	0	0	0	0	0	0	0	410	0	0	0	0	0	0	0	0	0	0	0	0	0	0	0	0	0	0	0	0	0	0	0	0	0	0	0	0	0	0	0	0	0	
162028	Frontal_Inf_Tri_R	0	114	584	10032	0	326	386	10640	0	432	0	14260	0	0	0	10650	0	180	3600	5566	0	0	238	2700	0	218	0	0	0	10202	0	1478	180	4634	0	0	0	658	0	130	0	240	0	0	0	0	0	0	0	0	0	0	0	0	0	0	0	0	0	0	0	0	0	0	0	0	0	0	0	0	0	1512	0	2054	0	0	0	0	0	0	0	0	0	0	0	0	0	0	0	0	0	0	0	0	0	0	0	0	0	0	0	0	0	0	0	0	0	0	0	0	0	0	0	0	0	0	
289712	Frontal_Inf_Orb_L	0	950	7574	1424	12798	842	5470	2238	20220	0	1350	2126	16528	0	0	980	168	1440	2892	264	4344	1554	754	510	0	714	2894	1088	21040	1884	2726	1310	346	186	0	0	0	384	198	0	376	0	0	0	0	0	0	0	0	0	0	0	0	0	0	0	0	146	0	0	0	0	0	0	0	0	0	0	0	0	9316	3178	9908	1048	0	664	162	1238	0	0	0	0	1414	210	0	0	0	0	0	0	0	0	0	0	0	0	0	0	0	0	0	0	0	0	0	0	0	0	0	0	0	0	0	0	0	0	
201724	Frontal_Inf_Orb_R	0	0	1658	9400	150	4408	404	4492	0	5664	1268	1618	476	10650	980	0	320	0	1944	4562	390	2770	302	2222	0	518	240	2260	1388	14630	360	2096	370	2162	0	0	0	382	0	154	0	184	0	0	0	0	0	0	0	0	0	0	0	0	0	0	0	0	0	0	0	0	0	0	0	0	0	0	0	0	2474	13960	138	4934	0	410	0	218	0	0	0	0	102	204	0	0	0	0	0	0	0	0	0	0	0	0	0	0	0	0	0	0	0	0	0	0	0	0	0	0	0	0	0	0	0	0	
215852	Rolandic_Oper_L	9244	0	12470	324	0	146	3904	0	0	0	7414	0	672	0	168	320	0	0	7976	520	0	0	0	120	0	0	0	0	24374	0	0	102	450	0	574	120	430	0	0	0	0	0	732	0	158	0	156	0	0	0	3418	0	430	0	606	0	5958	0	292	0	418	0	2006	0	118	0	320	0	744	0	462	664	1132	0	0	0	2708	0	6312	0	5574	0	1210	0	3832	0	0	0	1348	0	0	0	0	0	0	0	0	0	0	0	0	0	0	0	0	0	0	0	0	0	0	0	0	0	0	0	
134744	Rolandic_Oper_R	0	532	282	5108	0	248	0	1398	0	0	0	5714	0	180	1440	0	0	0	274	2054	0	0	0	358	0	266	0	0	0	16330	464	822	0	0	0	0	0	492	0	250	0	0	0	0	0	0	0	0	0	0	0	0	0	0	0	342	0	6076	0	0	0	882	0	4798	0	0	0	0	0	0	940	894	0	6588	0	668	0	1328	0	2616	0	3480	0	1340	0	626	0	0	0	582	0	0	0	0	0	0	0	0	0	0	0	0	0	0	0	0	0	0	0	0	0	0	0	0	0	0	
731596	Supp_Motor_Area_L	5290	3524	98792	13230	1246	688	12060	1188	278	152	10484	3422	5806	3600	2892	1944	7976	274	0	40204	0	0	7668	4660	0	674	0	0	20526	752	9480	9564	13506	23794	2046	230	2654	122	0	0	0	0	112	0	106	0	0	0	0	0	594	0	192	0	224	0	602	0	0	0	0	0	0	0	0	0	214	212	5704	436	6232	7702	20680	1610	5752	656	4322	612	120	0	488	0	240	0	0	0	0	0	262	0	0	0	0	0	0	0	0	0	0	0	0	0	0	0	0	0	0	0	0	0	0	0	0	0	0	0	
591000	Supp_Motor_Area_R	2692	1816	19378	45780	0	3784	2986	1582	0	244	0	8796	192	5566	264	4562	520	2054	40204	0	0	0	1560	12096	0	3476	0	0	954	3692	2716	16446	1972	42552	710	3622	114	388	0	226	0	0	0	1766	0	1452	0	478	0	1960	0	464	0	176	0	452	0	1670	0	806	0	262	0	640	0	0	156	4122	4420	8126	1384	20684	284	9266	264	1730	1138	1430	0	0	0	220	0	142	0	566	0	0	0	498	0	0	0	0	0	0	0	0	0	0	0	0	0	0	0	0	0	0	0	0	0	0	0	0	0	0	
109828	Olfactory_L	0	0	0	106	3964	678	0	0	356	0	0	0	0	0	4344	390	0	0	0	0	0	7742	0	0	0	726	6796	3648	3890	0	3904	3722	0	0	0	0	0	0	510	0	768	0	0	0	0	0	0	0	0	0	0	0	0	0	0	0	0	0	0	0	0	0	0	0	0	0	0	0	0	0	8918	2656	1500	0	0	0	0	0	0	0	0	0	296	0	0	0	0	0	0	0	0	0	0	0	0	0	0	0	0	0	0	0	0	0	0	0	0	0	0	0	0	0	0	0	0	0	
111180	Olfactory_R	0	0	0	0	1570	2010	0	0	0	0	0	0	0	0	1554	2770	0	0	0	0	7742	0	0	0	0	1346	5110	5980	348	3006	2960	3842	0	0	0	0	0	0	0	146	0	1244	0	0	0	0	0	0	0	0	0	0	0	0	0	0	0	0	0	0	0	0	0	0	0	0	0	0	0	0	9114	4416	2120	122	0	0	0	0	0	0	0	0	0	190	0	0	0	0	0	0	0	0	0	0	0	0	0	0	0	0	0	0	0	0	0	0	0	0	0	0	0	0	0	0	0	0	
419292	Frontal_Sup_Medial_L	0	0	49358	12014	1174	582	17690	694	0	240	296	250	1946	238	754	302	0	0	7668	1560	0	0	0	27826	1766	862	394	0	4180	128	29924	18798	8716	14608	0	0	0	0	0	0	0	0	0	0	0	0	0	0	0	0	0	0	0	0	0	0	0	0	0	0	0	0	0	0	0	0	0	0	0	0	2402	480	4614	182	0	0	0	0	0	0	0	0	0	0	0	0	0	0	0	0	0	0	0	0	0	0	0	0	0	0	0	0	0	0	0	0	0	0	0	0	0	0	0	0	0	0	
527696	Frontal_Sup_Medial_R	0	160	13014	52506	0	11250	4596	4494	0	1018	422	4288	396	2700	510	2222	120	358	4660	12096	0	0	27826	0	256	14212	0	0	1116	2986	10394	38252	2808	19210	0	0	0	198	0	0	0	0	0	0	0	0	0	0	0	0	0	0	0	0	0	0	0	0	0	0	0	0	0	0	0	0	0	0	0	0	402	16534	0	14452	0	152	0	240	0	0	0	0	0	0	0	0	0	0	0	0	0	0	0	0	0	0	0	0	0	0	0	0	0	0	0	0	0	0	0	0	0	0	0	0	0	0	
21544	Frontal_Med_Orb_L	0	0	374	0	2454	438	0	0	130	0	0	0	0	0	0	0	0	0	0	0	0	0	1766	256	0	1280	1016	104	0	0	2372	350	0	0	0	0	0	0	0	0	0	0	0	0	0	0	0	0	0	0	0	0	0	0	0	0	0	0	0	0	0	0	0	0	0	0	0	0	0	0	0	112	120	0	0	0	0	0	0	0	0	0	0	0	0	0	0	0	0	0	0	0	0	0	0	0	0	0	0	0	0	0	0	0	0	0	0	0	0	0	0	0	0	0	0	0	
225756	Frontal_Med_Orb_R	0	138	756	12212	402	16184	126	1032	0	124	338	1248	0	218	714	518	0	266	674	3476	726	1346	862	14212	1280	0	712	5192	388	2044	906	15486	0	0	0	0	0	184	0	0	0	0	0	0	0	0	0	0	0	0	0	0	0	0	0	0	0	0	0	0	0	0	0	0	0	0	0	0	0	0	930	15560	0	14346	0	130	0	148	0	0	0	0	0	0	0	0	0	0	0	0	0	0	0	0	0	0	0	0	0	0	0	0	0	0	0	0	0	0	0	0	0	0	0	0	0	0	
84972	Rectus_L	0	0	224	0	6962	602	0	0	1786	0	0	0	0	0	2894	240	0	0	0	0	6796	5110	394	0	1016	712	0	2836	820	0	3540	2226	0	0	0	0	0	0	0	0	0	0	0	0	0	0	0	0	0	0	0	0	0	0	0	0	0	0	0	0	0	0	0	0	0	0	0	0	0	0	5056	900	372	0	0	0	0	0	0	0	0	0	0	0	0	0	0	0	0	0	0	0	0	0	0	0	0	0	0	0	0	0	0	0	0	0	0	0	0	0	0	0	0	0	0	0	
80996	Rectus_R	0	0	0	0	1098	6886	0	0	0	128	0	0	0	0	1088	2260	0	0	0	0	3648	5980	0	0	104	5192	2836	0	184	722	1020	2888	0	0	0	0	0	0	0	0	0	0	0	0	0	0	0	0	0	0	0	0	0	0	0	0	0	0	0	0	0	0	0	0	0	0	0	0	0	0	3304	2072	572	516	0	0	0	0	0	0	0	0	0	0	0	0	0	0	0	0	0	0	0	0	0	0	0	0	0	0	0	0	0	0	0	0	0	0	0	0	0	0	0	0	0	0	
611848	Insula_L	11864	148	36260	1100	7198	650	20434	0	6938	0	19474	124	24072	0	21040	1388	24374	0	20526	954	3890	348	4180	1116	0	388	820	184	0	0	7148	1350	1102	1106	844	482	4812	0	970	0	2256	0	562	0	122	0	0	0	0	0	3376	0	394	0	1418	102	6188	0	666	0	2022	0	2266	0	610	0	322	0	1270	0	4926	2936	18634	356	0	0	8820	194	7774	0	6258	0	2858	0	3194	0	0	0	3116	0	0	0	0	0	0	0	0	0	0	0	0	0	0	0	0	0	0	0	0	0	0	0	0	0	0	0	
290980	Insula_R	0	464	528	11822	0	3004	0	3696	0	142	0	14280	0	10202	1884	14630	0	16330	752	3692	0	3006	128	2986	0	2044	0	722	0	0	564	3582	150	842	0	0	0	3318	0	1202	0	1264	0	0	0	0	0	0	0	0	0	0	0	0	0	1676	0	456	0	0	0	122	0	202	0	0	0	0	0	0	1216	6066	0	19048	0	402	0	2152	0	1778	0	6032	0	2348	0	868	0	0	0	1890	0	0	0	0	0	0	0	0	0	0	0	0	0	0	0	0	0	0	0	0	0	0	0	0	0	0	
414992	Cingulum_Ant_L	132	332	28926	8212	2664	244	9788	504	0	124	704	1092	4652	0	2726	360	0	464	9480	2716	3904	2960	29924	10394	2372	906	3540	1020	7148	564	0	25776	9890	12646	0	0	0	0	0	0	0	0	0	0	0	0	0	0	0	0	0	0	0	0	0	0	0	0	0	0	0	0	0	0	0	0	0	0	0	0	9770	3874	8430	696	0	0	0	562	0	0	0	0	0	0	0	0	0	0	0	0	0	0	0	0	0	0	0	0	0	0	0	0	0	0	0	0	0	0	0	0	0	0	0	0	0	0	
624896	Cingulum_Ant_R	0	250	12822	41406	490	9664	4566	2136	0	532	452	4512	680	1478	1310	2096	102	822	9564	16446	3722	3842	18798	38252	350	15486	2226	2888	1350	3582	25776	0	6636	28724	0	0	0	226	0	0	0	0	0	0	0	0	0	0	0	0	0	0	0	0	0	0	0	0	0	0	0	0	0	0	0	0	0	0	0	0	4296	26656	1062	18836	0	176	0	236	0	0	0	0	0	0	0	0	0	0	0	0	0	0	0	0	0	0	0	0	0	0	0	0	0	0	0	0	0	0	0	0	0	0	0	0	0	0	
205340	Cingulum_Mid_L	2420	0	11470	2938	0	0	4232	160	0	0	0	0	632	180	346	370	450	0	13506	1972	0	0	8716	2808	0	0	0	0	1102	150	9890	6636	0	13670	4310	858	0	0	0	0	0	0	0	122	1040	568	0	0	504	280	1164	266	110	0	102	0	0	0	270	0	264	0	0	0	0	0	2846	1124	6790	150	0	0	0	0	0	0	0	0	0	0	0	0	0	0	254	0	0	0	0	0	0	0	0	0	0	0	0	0	0	0	0	0	0	0	0	0	0	0	0	0	0	0	0	0	0	0	
513924	Cingulum_Mid_R	1676	324	13472	20948	0	0	6182	1194	0	366	0	4164	446	4634	186	2162	0	0	23794	42552	0	0	14608	19210	0	0	0	0	1106	842	12646	28724	13670	0	788	4474	0	108	0	0	0	0	0	4104	0	3840	0	564	0	2676	0	1240	0	248	0	120	0	250	0	726	0	0	0	0	0	0	954	10922	2866	7006	308	956	0	536	0	0	406	0	0	0	0	0	0	0	0	468	0	0	0	496	0	0	0	0	0	0	0	0	0	0	0	0	0	0	0	0	0	0	0	0	0	0	0	0	0	0	
167148	Cingulum_Post_L	3522	250	1316	0	0	0	908	0	0	0	0	0	0	0	0	0	574	0	2046	710	0	0	0	0	0	0	0	0	844	0	0	0	4310	788	0	15808	5050	1694	2200	462	0	0	2296	140	1504	340	770	376	194	248	3164	114	872	884	2546	3492	630	0	532	0	432	0	0	0	164	0	6864	3908	5490	638	0	0	0	0	0	0	2020	162	386	0	110	0	0	0	1486	508	0	0	1476	1246	0	0	0	0	0	0	0	0	0	0	0	0	0	0	0	0	0	0	0	0	100	0	0	0	0	0	
164740	Cingulum_Post_R	2446	754	606	0	0	0	1164	0	0	0	0	0	0	0	0	0	120	0	230	3622	0	0	0	0	0	0	0	0	482	0	0	0	858	4474	15808	0	4602	3802	2254	1240	0	0	122	1824	0	892	138	2398	0	1582	102	570	0	1376	1308	6064	116	732	0	330	0	0	0	0	0	212	724	8420	1874	2834	0	0	0	0	0	0	3202	702	292	0	0	0	0	0	0	1134	0	0	294	2470	0	0	0	0	0	0	0	0	0	0	0	0	0	0	0	0	0	0	0	0	196	0	0	0	0	0	
142604	Hippocampus_L	1006	718	2800	376	0	0	1654	0	0	0	0	0	0	0	0	0	430	0	2654	114	0	0	0	0	0	0	0	0	4812	0	0	0	0	0	5050	4602	0	974	8678	0	4694	0	1146	0	0	0	1310	468	0	0	0	0	120	0	7836	0	396	0	0	0	0	0	0	0	0	0	1732	818	0	0	1232	220	4160	0	0	0	6522	142	622	0	560	0	224	0	162	0	0	0	5070	0	0	0	0	0	0	0	0	0	0	0	0	0	0	0	0	0	0	0	0	0	0	0	0	0	0	0	
197792	Hippocampus_R	124	2570	292	1622	0	118	134	666	0	0	0	350	0	658	384	382	0	492	122	388	0	0	0	198	0	184	0	0	0	3318	0	226	0	108	1694	3802	974	0	364	16138	0	6940	0	178	0	0	0	1442	0	0	0	0	0	100	0	21330	0	426	0	0	0	322	0	384	0	0	0	2022	0	0	0	450	0	9592	0	318	1046	5006	0	362	0	480	0	510	0	738	0	0	0	11550	0	0	0	0	0	0	0	188	0	204	0	0	0	0	0	0	0	0	0	0	0	0	0	0	0	0	
54832	ParaHippocampal_L	310	0	114	0	180	0	140	0	0	0	0	0	0	0	198	0	0	0	0	0	510	0	0	0	0	0	0	0	970	0	0	0	0	0	2200	2254	8678	364	0	126	1252	0	0	0	0	0	812	530	0	0	300	0	304	0	3790	0	148	0	0	0	0	0	0	0	0	0	214	510	0	0	0	0	146	0	0	0	1426	0	0	0	172	0	168	0	0	0	0	0	138	0	242	0	0	0	256	0	384	0	188	0	0	0	0	0	0	0	0	0	0	392	0	0	0	0	0	0	
134072	ParaHippocampal_R	352	2124	358	714	0	0	190	138	0	0	0	0	0	130	0	154	0	250	0	226	0	146	0	0	0	0	0	0	0	1202	0	0	0	0	462	1240	0	16138	126	0	0	4558	0	158	0	0	0	742	0	0	0	0	0	246	0	19400	0	368	0	0	0	308	0	324	0	0	0	618	288	0	0	102	0	2282	0	206	0	828	0	208	0	180	0	1558	0	286	0	1310	0	8476	0	0	0	0	0	0	0	412	0	228	0	0	0	0	0	0	0	0	0	0	0	0	0	0	0	0	
24256	Amygdala_L	0	0	0	0	350	0	0	0	0	0	0	0	0	0	376	0	0	0	0	0	768	0	0	0	0	0	0	0	2256	0	0	0	0	0	0	0	4694	0	1252	0	0	0	0	0	0	0	0	0	0	0	0	0	0	0	1684	0	0	0	0	0	0	0	0	0	0	0	0	0	0	0	0	0	170	0	0	0	0	0	0	0	150	0	102	0	0	0	0	0	326	0	0	0	0	0	0	0	0	0	0	0	0	0	0	0	0	0	0	0	0	0	0	0	0	0	0	0	
50624	Amygdala_R	0	0	0	194	0	188	0	110	0	0	0	146	0	240	0	184	0	0	0	0	0	1244	0	0	0	0	0	0	0	1264	0	0	0	0	0	0	0	6940	0	4558	0	0	0	0	0	0	0	0	0	0	0	0	0	0	0	5426	0	0	0	0	0	0	0	0	0	0	0	0	0	0	0	128	0	1694	0	0	0	252	0	0	0	0	0	1332	0	0	0	390	0	1022	0	0	0	0	0	0	0	0	0	0	0	0	0	0	0	0	0	0	0	0	0	0	0	0	0	0	
162356	Calcarine_L	430	0	0	0	0	0	0	0	0	0	0	0	0	0	0	0	732	0	112	0	0	0	0	0	0	0	0	0	562	0	0	0	0	0	2296	122	1146	0	0	0	0	0	0	8608	6740	3962	8722	3618	3922	1780	18214	562	2332	0	1800	544	0	0	0	0	0	0	0	0	0	0	11058	434	584	0	0	0	0	0	0	0	0	0	578	0	138	0	0	0	1484	0	0	0	420	0	0	0	0	0	0	0	0	0	140	0	0	0	0	0	0	0	0	0	0	0	0	138	0	0	0	0	
253248	Calcarine_R	0	0	0	0	0	0	0	0	0	0	0	0	0	0	0	0	0	0	0	1766	0	0	0	0	0	0	0	0	0	0	0	0	122	4104	140	1824	0	178	0	158	0	0	8608	0	3652	19144	2612	23252	256	14700	0	10162	0	2038	0	5954	0	422	0	330	0	0	0	0	0	0	714	18078	0	3016	0	0	0	0	0	0	0	0	0	0	0	144	0	0	0	2628	0	0	0	2456	0	0	0	0	0	0	0	0	0	0	0	0	0	0	0	0	0	0	0	0	166	0	0	0	0	0	
124764	Cuneus_L	114	0	0	0	0	0	0	0	0	0	0	0	0	0	0	0	158	0	106	0	0	0	0	0	0	0	0	0	122	0	0	0	1040	0	1504	0	0	0	0	0	0	0	6740	3652	0	6568	252	104	15674	2400	11014	196	318	0	272	0	0	0	162	0	0	0	0	0	0	0	10056	684	434	0	0	0	0	0	0	0	0	0	0	0	0	0	0	0	812	0	0	0	0	0	0	0	0	0	0	0	0	0	0	0	0	0	0	0	0	0	0	0	0	0	0	0	0	0	0	0	
252280	Cuneus_R	0	138	0	0	0	0	0	0	0	0	0	0	0	0	0	0	0	0	0	1452	0	0	0	0	0	0	0	0	0	0	0	0	568	3840	340	892	0	0	0	0	0	0	3962	19144	6568	0	722	3148	764	31096	230	14260	0	276	0	116	0	1600	0	2540	0	0	0	0	0	0	4640	22828	0	3910	0	0	0	0	0	0	0	0	0	0	0	0	0	0	0	2438	0	0	0	668	0	0	0	0	0	0	0	0	0	0	0	0	0	0	0	0	0	0	0	0	0	0	0	0	0	0	
228068	Lingual_L	0	0	0	0	0	0	0	0	0	0	0	0	0	0	0	0	156	0	0	0	0	0	0	0	0	0	0	0	0	0	0	0	0	0	770	138	1310	0	812	0	0	0	8722	2612	252	722	0	6006	1190	552	7904	270	2762	186	18198	934	0	0	0	0	0	0	0	0	0	0	3190	0	0	0	0	0	0	0	0	0	0	0	138	0	0	0	0	0	0	0	0	0	0	0	11356	710	2056	140	0	0	9920	474	19414	2394	130	0	116	0	0	0	0	0	0	0	3164	4576	2760	0	0	0	
325260	Lingual_R	0	0	0	0	0	0	0	0	0	0	0	0	0	0	0	0	0	0	0	478	0	0	0	0	0	0	0	0	0	0	0	0	0	564	376	2398	468	1442	530	742	0	0	3618	23252	104	3148	6006	0	0	5216	0	4470	0	2646	4464	16884	0	0	0	250	0	0	0	0	0	0	334	10978	0	470	0	0	0	0	0	0	0	0	0	0	0	0	0	0	0	462	0	0	0	676	4494	7418	216	928	248	120	5020	7906	10720	14646	180	0	206	0	302	0	0	0	0	302	9386	8586	1976	0	0	0	
126696	Occipital_Sup_L	104	0	0	0	0	0	0	0	0	0	0	0	0	0	0	0	0	0	0	0	0	0	0	0	0	0	0	0	0	0	0	0	504	0	194	0	0	0	0	0	0	0	3922	256	15674	764	1190	0	0	220	21788	0	162	0	238	0	214	0	5400	0	280	0	0	0	0	0	11494	172	772	0	0	0	0	0	0	0	0	0	0	0	0	0	0	0	0	0	0	0	0	0	0	0	0	0	0	0	0	0	0	0	0	0	0	0	0	0	0	0	0	0	0	0	0	0	0	0	
293908	Occipital_Sup_R	0	298	0	0	0	0	0	0	0	0	0	0	0	0	0	0	0	0	0	1960	0	0	0	0	0	0	0	0	0	0	0	0	280	2676	248	1582	0	0	0	0	0	0	1780	14700	2400	31096	552	5216	220	0	0	28284	0	1322	0	2438	0	2604	0	5790	0	2846	0	356	0	5618	2608	19538	138	5200	0	0	0	0	0	0	0	0	0	0	0	542	0	0	0	5306	0	0	0	1356	0	0	0	0	0	0	0	0	0	0	0	0	0	0	0	0	0	0	0	0	0	0	0	0	0	0	
358664	Occipital_Mid_L	3704	0	0	0	0	0	0	0	0	0	152	0	0	0	0	0	3418	0	594	0	0	0	0	0	0	0	0	0	3376	0	0	0	1164	0	3164	102	0	0	300	0	0	0	18214	0	11014	230	7904	0	21788	0	0	0	15570	0	10464	0	3042	0	9632	0	10184	0	612	0	8154	0	13962	0	7478	0	0	0	0	0	0	0	0	0	2676	0	462	0	0	0	17210	0	0	0	3726	0	0	0	0	0	0	0	0	0	388	0	0	0	0	0	0	0	0	0	0	0	0	370	278	0	0	0	
227512	Occipital_Mid_R	0	0	0	0	0	0	0	0	0	0	0	0	0	0	0	0	0	0	0	464	0	0	0	0	0	0	0	0	0	0	0	0	266	1240	114	570	0	0	0	0	0	0	562	10162	196	14260	270	4470	0	28284	0	0	0	3510	0	4220	0	736	0	1972	0	2984	0	322	0	10150	1942	13084	0	1766	0	0	0	0	0	0	0	0	0	0	0	360	0	0	0	9860	0	0	0	1992	0	0	0	0	0	0	0	0	0	0	0	0	0	0	0	0	0	0	0	0	0	0	0	0	0	0	
97448	Occipital_Inf_L	454	0	0	0	0	0	0	0	0	0	0	0	0	0	0	0	430	0	192	0	0	0	0	0	0	0	0	0	394	0	0	0	110	0	872	0	120	0	304	0	0	0	2332	0	318	0	2762	0	162	0	15570	0	0	0	10768	0	614	0	0	0	0	0	0	0	0	0	1486	0	828	0	0	0	0	0	0	0	0	0	792	0	230	0	0	0	2906	0	0	0	5608	0	380	0	0	0	0	0	0	0	556	0	0	0	0	0	0	0	0	0	0	0	0	266	270	0	0	0	
67444	Occipital_Inf_R	168	190	0	0	0	0	0	0	0	0	0	0	0	0	0	0	0	0	0	176	0	0	0	0	0	0	0	0	0	0	0	0	0	248	884	1376	0	100	0	246	0	0	0	2038	0	276	186	2646	0	1322	0	3510	0	0	194	5788	0	0	0	120	0	0	0	128	0	0	0	1452	138	214	0	0	0	0	0	0	0	0	0	0	0	0	0	0	0	2060	0	0	0	6808	210	352	0	0	0	0	118	108	612	968	0	0	0	0	0	0	0	0	0	0	186	582	318	0	0	0	
339828	Fusiform_L	694	0	0	0	0	0	0	0	0	0	0	0	0	0	0	0	606	0	224	0	0	0	0	0	0	0	0	0	1418	0	0	0	102	0	2546	1308	7836	0	3790	0	1684	0	1800	0	272	0	18198	4464	238	0	10464	0	10768	194	0	572	628	0	0	0	0	0	0	0	0	0	1218	400	882	0	0	0	216	0	0	0	924	0	1346	0	710	0	442	0	516	0	0	0	8042	0	25728	1160	2510	452	0	0	10286	460	32722	2822	338	0	130	0	0	0	0	0	0	0	3214	4444	3146	0	0	0	
426300	Fusiform_R	1200	3276	490	846	0	0	398	0	0	0	0	0	0	0	0	0	0	342	0	452	0	0	0	0	0	0	0	0	102	1676	0	0	0	120	3492	6064	0	21330	0	19400	0	5426	544	5954	0	116	934	16884	0	2438	0	4220	0	5788	572	0	0	442	0	0	0	376	0	406	0	0	0	3298	948	0	128	0	0	3098	0	150	106	1900	0	174	0	390	0	4768	0	648	0	2190	0	18944	1370	17712	144	4318	0	1308	1098	10438	3216	22476	0	546	128	2178	260	0	0	0	148	144	3186	3372	1078	0	0	0	
187060	Postcentral_L	24186	0	2538	0	0	0	4078	0	0	0	3652	0	142	0	0	0	5958	0	602	0	0	0	0	0	0	0	0	0	6188	0	0	0	0	0	630	116	396	0	148	0	0	0	0	0	0	0	0	0	214	0	3042	0	614	0	628	0	0	0	7422	0	16456	0	6372	0	304	0	2592	0	4450	0	0	0	0	0	0	0	308	0	1020	0	692	0	0	0	468	0	0	0	314	0	0	0	0	0	0	0	0	0	0	0	0	0	0	0	0	0	0	0	0	0	0	0	0	0	0	0	
178148	Postcentral_R	0	9180	0	598	0	0	0	120	0	0	0	1088	0	0	146	0	0	6076	0	1670	0	0	0	0	0	0	0	0	0	456	0	0	0	250	0	732	0	426	0	368	0	0	0	422	0	1600	0	0	0	2604	0	736	0	0	0	442	0	0	0	8000	0	13402	0	19708	0	332	134	3534	0	5646	180	270	0	2304	0	2138	124	758	0	534	0	2368	0	0	0	1772	0	0	0	956	0	0	0	0	0	0	0	0	0	0	0	0	0	0	0	0	0	0	0	0	0	0	0	0	0	0	
94240	Parietal_Sup_L	810	0	0	0	0	0	0	0	0	0	0	0	0	0	0	0	292	0	0	0	0	0	0	0	0	0	0	0	666	0	0	0	270	0	532	0	0	0	0	0	0	0	0	0	162	0	0	0	5400	0	9632	0	0	0	0	0	7422	0	0	0	10014	0	442	0	596	0	7030	0	3098	0	0	0	0	0	0	0	0	0	0	0	0	0	0	0	606	0	0	0	148	0	0	0	0	0	0	0	0	0	0	0	0	0	0	0	0	0	0	0	0	0	0	0	0	0	0	0	
79812	Parietal_Sup_R	0	0	0	0	0	0	0	0	0	0	0	0	0	0	0	0	0	0	0	806	0	0	0	0	0	0	0	0	0	0	0	0	0	726	0	330	0	0	0	0	0	0	0	330	0	2540	0	250	0	5790	0	1972	0	120	0	0	0	8000	0	0	0	3874	0	1890	0	672	1064	8872	0	1462	0	0	0	0	0	0	0	0	0	0	0	114	0	0	0	720	0	0	0	374	0	0	0	0	0	0	0	0	0	0	0	0	0	0	0	0	0	0	0	0	0	0	0	0	0	0	
187024	Parietal_Inf_L	5308	0	326	0	0	0	480	0	0	0	0	0	0	0	0	0	418	0	0	0	0	0	0	0	0	0	0	0	2022	0	0	0	264	0	432	0	0	0	0	0	0	0	0	0	0	0	0	0	280	0	10184	0	0	0	0	0	16456	0	10014	0	0	0	15354	0	19102	0	802	0	2394	0	0	0	0	0	0	0	0	0	0	0	1354	0	0	0	7760	0	0	0	562	0	0	0	0	0	0	0	0	0	0	0	0	0	0	0	0	0	0	0	0	0	0	0	0	0	0	0	
95772	Parietal_Inf_R	0	436	0	110	0	0	0	0	0	0	0	0	0	0	0	0	0	882	0	262	0	0	0	0	0	0	0	0	0	122	0	0	0	0	0	0	0	322	0	308	0	0	0	0	0	0	0	0	0	2846	0	2984	0	0	0	376	0	13402	0	3874	0	0	0	12562	0	5594	0	0	0	504	0	0	0	0	0	0	0	0	0	0	0	1728	0	0	0	884	0	0	0	690	0	0	0	0	0	0	0	0	0	0	0	0	0	0	0	0	0	0	0	0	0	0	0	0	0	0	
90128	SupraMarginal_L	622	0	266	0	0	0	938	0	0	0	0	0	0	0	0	0	2006	0	0	0	0	0	0	0	0	0	0	0	2266	0	0	0	0	0	0	0	0	0	0	0	0	0	0	0	0	0	0	0	0	0	612	0	0	0	0	0	6372	0	442	0	15354	0	0	0	4462	0	0	0	104	0	0	0	0	0	0	0	0	0	232	0	4044	0	0	0	6754	0	0	0	590	0	0	0	0	0	0	0	0	0	0	0	0	0	0	0	0	0	0	0	0	0	0	0	0	0	0	0	
134472	SupraMarginal_R	0	1308	0	392	0	0	0	0	0	0	0	0	0	0	0	0	0	4798	0	640	0	0	0	0	0	0	0	0	0	202	0	0	0	0	0	0	0	384	0	324	0	0	0	0	0	0	0	0	0	356	0	322	0	128	0	406	0	19708	0	1890	0	12562	0	0	0	4354	0	122	0	0	158	0	0	446	0	368	228	134	0	268	0	10396	0	0	0	5290	0	0	0	2052	0	0	0	0	0	0	0	0	0	0	0	0	0	0	0	0	0	0	0	0	0	0	0	0	0	0	
84804	Angular_L	204	0	0	0	0	0	0	0	0	0	0	0	0	0	0	0	118	0	0	0	0	0	0	0	0	0	0	0	610	0	0	0	0	0	164	0	0	0	0	0	0	0	0	0	0	0	0	0	0	0	8154	0	0	0	0	0	304	0	596	0	19102	0	4462	0	0	0	0	0	388	0	0	0	0	0	0	0	0	0	0	0	1242	0	0	0	6764	0	0	0	294	0	0	0	0	0	0	0	0	0	0	0	0	0	0	0	0	0	0	0	0	0	0	0	0	0	0	0	
69472	Angular_R	0	0	0	0	0	0	0	0	0	0	0	0	0	0	0	0	0	0	0	0	0	0	0	0	0	0	0	0	0	0	0	0	0	0	0	212	0	0	0	0	0	0	0	0	0	0	0	0	0	5618	0	10150	0	0	0	0	0	332	0	672	0	5594	0	4354	0	0	0	120	0	0	0	0	0	0	0	0	0	0	0	0	0	2594	0	0	0	4662	0	0	0	428	0	0	0	0	0	0	0	0	0	0	0	0	0	0	0	0	0	0	0	0	0	0	0	0	0	0	
207496	Precuneus_L	184	0	0	0	0	0	0	0	0	0	0	0	0	0	0	0	320	0	214	156	0	0	0	0	0	0	0	0	322	0	0	0	2846	954	6864	724	1732	0	214	0	0	0	11058	714	10056	4640	3190	334	11494	2608	13962	1942	1486	0	1218	0	2592	134	7030	1064	802	0	0	0	0	0	0	9138	3350	334	0	0	0	0	0	0	0	0	206	0	0	0	0	0	1320	420	0	0	126	0	0	0	0	0	0	0	0	0	0	0	0	0	0	0	0	0	0	0	0	0	0	0	0	0	0	0	
326108	Precuneus_R	0	180	0	0	0	0	0	0	0	0	0	0	0	0	0	0	0	0	212	4122	0	0	0	0	0	0	0	0	0	0	0	0	1124	10922	3908	8420	818	2022	510	618	0	0	434	18078	684	22828	0	10978	172	19538	0	13084	0	1452	400	3298	0	3534	0	8872	0	0	0	122	0	120	9138	0	178	9636	0	0	0	0	0	0	258	0	0	0	0	360	0	0	0	4456	0	0	0	2178	0	0	0	0	0	0	0	0	0	0	0	0	0	0	0	0	0	0	0	0	400	0	0	0	0	0	
173676	Paracentral_Lobule_L	22774	914	1466	216	0	0	238	0	0	0	0	0	0	0	0	0	744	0	5704	4420	0	0	0	0	0	0	0	0	1270	0	0	0	6790	2866	5490	1874	0	0	0	288	0	0	584	0	434	0	0	0	772	138	7478	0	828	138	882	948	4450	0	3098	0	2394	0	104	0	388	0	3350	178	0	864	178	0	0	0	116	0	280	0	254	0	0	0	0	0	2318	0	0	0	1270	340	0	0	0	0	0	0	0	0	0	0	0	0	0	0	0	0	0	0	0	0	0	0	0	0	0	0	
111704	Paracentral_Lobule_R	322	1688	0	0	0	0	0	0	0	0	0	0	0	0	0	0	0	0	436	8126	0	0	0	0	0	0	0	0	0	0	0	0	150	7006	638	2834	0	0	0	0	0	0	0	3016	0	3910	0	470	0	5200	0	1766	0	214	0	0	0	5646	0	1462	0	504	0	0	0	0	334	9636	864	0	0	0	0	0	0	0	0	0	0	0	0	0	0	0	0	1148	0	0	0	482	0	0	0	0	0	0	0	0	0	0	0	0	0	0	0	0	0	0	0	0	0	0	0	0	0	0	
291868	Caudate_L	198	8274	7124	5166	2156	1092	330	1044	142	0	2892	1374	4162	0	9316	2474	462	940	6232	1384	8918	9114	2402	402	0	930	5056	3304	4926	1216	9770	4296	0	308	0	0	1232	0	0	0	0	0	0	0	0	0	0	0	0	0	0	0	0	0	0	128	0	180	0	0	0	0	0	158	0	0	0	0	178	0	0	10680	12754	704	2406	554	10534	608	0	0	0	0	120	176	0	118	0	0	0	0	0	0	0	0	0	0	0	0	0	0	0	0	0	0	0	0	0	0	0	0	0	0	0	0	0	0	
525188	Caudate_R	112	1788	7770	34636	402	13062	608	3782	0	418	2274	4732	1368	1512	3178	13960	664	894	7702	20684	2656	4416	480	16534	112	15560	900	2072	2936	6066	3874	26656	0	956	0	0	220	450	0	102	0	128	0	0	0	0	0	0	0	0	0	0	0	0	0	0	0	270	0	0	0	0	0	0	0	0	0	0	0	0	10680	0	2494	26292	348	4404	534	13650	0	0	0	0	258	0	0	0	0	0	0	0	0	0	0	0	0	0	0	0	0	0	0	0	0	0	0	0	0	0	0	0	0	0	0	0	0	0	
277004	Putamen_L	390	636	21602	732	5680	0	826	144	4214	0	1692	0	2430	0	9908	138	1132	0	20680	284	1500	2120	4614	0	120	0	372	572	18634	0	8430	1062	0	0	0	0	4160	0	146	0	170	0	0	0	0	0	0	0	0	0	0	0	0	0	216	0	0	0	0	0	0	0	0	0	0	0	0	0	0	0	12754	2494	0	102	5712	208	3014	396	0	0	534	0	388	0	0	0	0	0	296	0	0	0	0	0	0	0	0	0	0	0	0	0	0	0	0	0	0	0	0	0	0	0	0	0	0	0	
411780	Putamen_R	0	1930	1618	25744	0	12132	208	4526	0	380	346	4166	110	2054	1048	4934	0	6588	1610	9266	0	122	182	14452	0	14346	0	516	356	19048	696	18836	0	536	0	0	0	9592	0	2282	0	1694	0	0	0	0	0	0	0	0	0	0	0	0	0	3098	0	2304	0	0	0	0	0	446	0	0	0	0	0	0	704	26292	102	0	0	4912	0	6976	0	416	0	524	0	232	0	0	0	0	0	566	0	0	0	0	0	0	0	0	0	0	0	0	0	0	0	0	0	0	0	0	0	0	0	0	0	0	
46544	Pallidum_L	122	858	5368	498	0	0	0	0	0	0	0	0	0	0	0	0	0	0	5752	264	0	0	0	0	0	0	0	0	0	0	0	0	0	0	0	0	0	0	0	0	0	0	0	0	0	0	0	0	0	0	0	0	0	0	0	0	0	0	0	0	0	0	0	0	0	0	0	0	116	0	2406	348	5712	0	0	0	1502	326	0	0	0	0	0	0	0	0	0	0	0	0	0	0	0	0	0	0	0	0	0	0	0	0	0	0	0	0	0	0	0	0	0	0	0	0	0	0	
48956	Pallidum_R	0	1324	630	2842	0	122	0	474	0	0	0	576	0	0	664	410	0	668	656	1730	0	0	0	152	0	130	0	0	0	402	0	176	0	0	0	0	0	318	0	206	0	0	0	0	0	0	0	0	0	0	0	0	0	0	0	150	0	2138	0	0	0	0	0	368	0	0	0	0	0	0	554	4404	208	4912	0	0	0	130	0	0	0	0	0	0	0	0	0	0	0	134	0	0	0	0	0	0	0	0	0	0	0	0	0	0	0	0	0	0	0	0	0	0	0	0	0	0	
154916	Thalamus_L	1060	7394	5962	3652	0	0	2556	0	0	0	474	0	0	0	162	0	2708	0	4322	1138	0	0	0	0	0	0	0	0	8820	0	0	0	0	406	2020	3202	6522	1046	1426	0	0	0	0	0	0	0	0	0	0	0	0	0	0	0	924	106	308	124	0	0	0	0	0	228	0	0	0	258	280	0	10534	534	3014	0	1502	0	0	4132	1144	0	220	0	0	0	0	150	0	0	1130	0	0	0	0	0	0	0	0	0	0	0	0	0	0	0	0	0	0	0	0	0	0	0	0	0	0	0	
139268	Thalamus_R	0	8452	706	10974	0	304	0	3186	0	0	0	224	0	0	1238	218	0	1328	612	1430	0	0	0	240	0	148	0	0	194	2152	562	236	0	0	162	702	142	5006	0	828	0	252	0	0	0	0	0	0	0	0	0	0	0	0	0	1900	0	758	0	0	0	0	0	134	0	0	0	0	0	0	608	13650	396	6976	326	130	4132	0	0	0	0	0	0	0	0	0	0	0	0	1328	0	0	0	0	0	0	0	0	0	0	0	0	0	0	0	0	0	0	0	0	0	0	0	0	0	0	
83560	Heschl_L	1114	0	644	0	0	0	896	0	0	0	570	0	0	0	0	0	6312	0	120	0	0	0	0	0	0	0	0	0	7774	0	0	0	0	0	386	292	622	0	0	0	0	0	578	0	0	0	138	0	0	0	2676	0	792	0	1346	0	1020	0	0	0	0	0	232	0	0	0	206	0	254	0	0	0	0	0	0	0	1144	0	0	0	5198	0	0	0	4804	0	0	0	4662	0	0	0	0	0	0	0	0	0	0	0	0	0	0	0	0	0	0	0	0	0	0	0	0	0	0	0	
21840	Heschl_R	0	140	0	0	0	0	0	0	0	0	0	0	0	0	0	0	0	2616	0	0	0	0	0	0	0	0	0	0	0	1778	0	0	0	0	0	0	0	362	0	208	0	0	0	0	0	0	0	0	0	0	0	0	0	0	0	174	0	534	0	0	0	0	0	268	0	0	0	0	0	0	0	0	0	416	0	0	0	0	0	0	0	2742	0	0	0	1328	0	0	0	354	0	0	0	0	0	0	0	0	0	0	0	0	0	0	0	0	0	0	0	0	0	0	0	0	0	0	
124344	Temporal_Sup_L	380	0	468	0	0	0	100	0	0	0	0	0	0	0	0	0	5574	0	488	0	0	0	0	0	0	0	0	0	6258	0	0	0	0	0	110	0	560	0	172	0	150	0	138	0	0	0	0	0	0	0	462	0	230	0	710	0	692	0	0	0	1354	0	4044	0	1242	0	0	0	0	0	0	0	534	0	0	0	220	0	5198	0	0	0	710	0	21658	0	0	0	10720	0	0	0	0	0	0	0	0	0	0	0	0	0	0	0	0	0	0	0	0	0	0	0	0	0	0	0	
115788	Temporal_Sup_R	0	666	0	256	0	0	0	0	0	0	0	0	0	0	0	0	0	3480	0	220	0	0	0	0	0	0	0	0	0	6032	0	0	0	0	0	0	0	480	0	180	0	0	0	144	0	0	0	0	0	542	0	360	0	0	0	390	0	2368	0	114	0	1728	0	10396	0	2594	0	360	0	0	0	0	0	524	0	0	0	0	0	2742	0	0	0	2030	0	18720	0	212	0	3356	0	0	0	0	0	0	0	0	0	0	0	0	0	0	0	0	0	0	0	0	0	0	0	0	0	0	
36408	Temporal_Pole_Sup_L	0	0	252	0	218	0	0	0	164	0	1758	0	410	0	1414	102	1210	0	240	0	296	0	0	0	0	0	0	0	2858	0	0	0	0	0	0	0	224	0	168	0	102	0	0	0	0	0	0	0	0	0	0	0	0	0	442	0	0	0	0	0	0	0	0	0	0	0	0	0	0	0	120	258	388	0	0	0	0	0	0	0	710	0	0	0	2712	0	1338	0	2820	0	0	0	0	0	0	0	0	0	0	0	0	0	0	0	0	0	0	0	0	0	0	0	0	0	0	0	
49868	Temporal_Pole_Sup_R	0	0	0	472	0	0	0	228	0	0	0	740	0	0	210	204	0	1340	0	142	0	190	0	0	0	0	0	0	0	2348	0	0	0	0	0	0	0	510	0	1558	0	1332	0	0	0	0	0	0	0	0	0	0	0	0	0	4768	0	0	0	0	0	0	0	0	0	0	0	0	0	0	176	0	0	232	0	0	0	0	0	0	0	2030	0	0	0	1324	0	2758	0	4372	0	0	0	0	0	0	0	0	0	0	0	0	0	0	0	0	0	0	0	0	0	0	0	0	0	0	
233992	Temporal_Mid_L	2304	0	0	0	0	0	0	0	0	0	0	0	0	0	0	0	3832	0	0	0	0	0	0	0	0	0	0	0	3194	0	0	0	254	0	1486	0	162	0	0	0	0	0	1484	0	812	0	0	0	0	0	17210	0	2906	0	516	0	468	0	606	0	7760	0	6754	0	6764	0	1320	0	2318	0	0	0	0	0	0	0	0	0	4804	0	21658	0	2712	0	0	0	1342	0	26330	0	0	0	0	0	0	0	0	0	0	0	0	0	0	0	0	0	0	0	0	0	0	0	0	0	0	0	
184268	Temporal_Mid_R	0	1086	0	332	0	0	0	0	0	0	0	0	0	0	0	0	0	626	0	566	0	0	0	0	0	0	0	0	0	868	0	0	0	468	508	1134	0	738	0	286	0	0	0	2628	0	2438	0	462	0	5306	0	9860	0	2060	0	648	0	1772	0	720	0	884	0	5290	0	4662	420	4456	0	1148	118	0	0	0	0	0	150	0	0	1328	0	18720	0	1324	0	0	0	1822	0	19306	0	0	0	0	0	0	0	0	0	0	0	0	0	0	0	0	0	0	0	0	0	0	0	0	0	0	
7300	Temporal_Pole_Mid_L	0	0	0	0	0	0	0	0	0	0	0	0	0	0	0	0	0	0	0	0	0	0	0	0	0	0	0	0	0	0	0	0	0	0	0	0	0	0	0	0	0	0	0	0	0	0	0	0	0	0	0	0	0	0	0	0	0	0	0	0	0	0	0	0	0	0	0	0	0	0	0	0	0	0	0	0	0	0	0	0	0	0	1338	0	1342	0	0	0	970	0	0	0	0	0	0	0	0	0	0	0	0	0	0	0	0	0	0	0	0	0	0	0	0	0	0	0	
20408	Temporal_Pole_Mid_R	0	0	0	0	0	0	0	0	0	0	0	0	0	0	0	0	0	0	0	0	0	0	0	0	0	0	0	0	0	0	0	0	0	0	0	0	0	0	0	1310	0	390	0	0	0	0	0	0	0	0	0	0	0	0	0	2190	0	0	0	0	0	0	0	0	0	0	0	0	0	0	0	0	0	0	0	0	0	0	0	0	0	212	0	2758	0	1822	0	0	0	1522	0	0	0	0	0	0	0	0	0	0	0	0	0	0	0	0	0	0	0	0	0	0	0	0	0	0	
170924	Temporal_Inf_L	1830	0	144	0	0	0	104	0	0	0	0	0	0	0	0	0	1348	0	262	0	0	0	0	0	0	0	0	0	3116	0	0	0	0	0	1476	294	5070	0	138	0	326	0	420	0	0	0	0	0	0	0	3726	0	5608	0	8042	0	314	0	148	0	562	0	590	0	294	0	126	0	1270	0	0	0	296	0	0	0	1130	0	4662	0	10720	0	2820	0	26330	0	970	0	0	0	2532	0	572	0	0	0	0	0	222	0	0	0	0	0	0	0	0	0	0	0	0	0	0	0	0	0	
215828	Temporal_Inf_R	416	2274	340	562	0	0	198	0	0	0	0	0	0	0	0	0	0	582	0	498	0	0	0	0	0	0	0	0	0	1890	0	0	0	496	1246	2470	0	11550	0	8476	0	1022	0	2456	0	668	0	676	0	1356	0	1992	0	6808	0	18944	0	956	0	374	0	690	0	2052	0	428	0	2178	340	482	0	0	0	566	0	134	0	1328	0	354	0	3356	0	4372	0	19306	0	1522	0	0	0	2848	0	752	0	0	0	138	0	164	0	318	0	336	0	0	0	0	0	0	0	0	0	0	0	0	
432348	Cerebelum_Crus1_L	0	0	0	0	0	0	0	0	0	0	0	0	0	0	0	0	0	0	0	0	0	0	0	0	0	0	0	0	0	0	0	0	0	0	0	0	0	0	242	0	0	0	0	0	0	0	11356	4494	0	0	0	0	380	210	25728	1370	0	0	0	0	0	0	0	0	0	0	0	0	0	0	0	0	0	0	0	0	0	0	0	0	0	0	0	0	0	0	0	0	2532	0	0	4590	36806	5468	306	0	18510	852	55898	4156	9054	634	10870	924	2256	0	258	0	0	178	5398	5172	8190	178	164	0	
382364	Cerebelum_Crus1_R	0	0	0	0	0	0	0	0	0	0	0	0	0	0	0	0	0	0	0	0	0	0	0	0	0	0	0	0	0	0	0	0	0	0	0	0	0	0	0	0	0	0	0	0	0	0	710	7418	0	0	0	0	0	352	1160	17712	0	0	0	0	0	0	0	0	0	0	0	0	0	0	0	0	0	0	0	0	0	0	0	0	0	0	0	0	0	0	0	0	0	2848	4590	0	1546	34540	0	936	3164	16058	8410	41790	446	3416	1820	12406	3724	102	1662	0	0	170	8672	8966	7910	422	232	0	
298700	Cerebelum_Crus2_L	0	0	0	0	0	0	0	0	0	0	0	0	0	0	0	0	0	0	0	0	0	0	0	0	0	0	0	0	0	0	0	0	0	0	0	0	0	0	0	0	0	0	0	0	0	0	2056	216	0	0	0	0	0	0	2510	144	0	0	0	0	0	0	0	0	0	0	0	0	0	0	0	0	0	0	0	0	0	0	0	0	0	0	0	0	0	0	0	0	572	0	36806	1546	0	12334	102	0	1642	118	9488	578	26328	7050	24834	4418	3088	0	108	0	0	0	158	408	10072	4774	0	0	
403380	Cerebelum_Crus2_R	0	0	0	0	0	0	0	0	0	0	0	0	0	0	0	0	0	0	0	0	0	0	0	0	0	0	0	0	0	0	0	0	0	0	0	0	0	0	0	0	0	0	0	0	0	0	140	928	0	0	0	0	0	0	452	4318	0	0	0	0	0	0	0	0	0	0	0	0	0	0	0	0	0	0	0	0	0	0	0	0	0	0	0	0	0	0	0	0	0	752	5468	34540	12334	0	0	680	1176	4294	3884	14986	7876	22816	16384	27036	6462	714	950	0	112	0	2340	3786	17950	8732	2580	0	
12964	Cerebelum_3_L	0	0	0	0	0	0	0	0	0	0	0	0	0	0	0	0	0	0	0	0	0	0	0	0	0	0	0	0	0	0	0	0	0	0	0	0	0	0	256	0	0	0	0	0	0	0	0	248	0	0	0	0	0	0	0	0	0	0	0	0	0	0	0	0	0	0	0	0	0	0	0	0	0	0	0	0	0	0	0	0	0	0	0	0	0	0	0	0	0	0	306	0	102	0	0	0	3058	0	546	0	0	0	108	0	268	0	160	0	174	826	430	0	0	0	0	0	
48676	Cerebelum_3_R	0	0	0	0	0	0	0	0	0	0	0	0	0	0	0	0	0	0	0	0	0	0	0	0	0	0	0	0	0	0	0	0	0	0	0	0	0	0	0	0	0	0	0	0	0	0	0	120	0	0	0	0	0	0	0	1308	0	0	0	0	0	0	0	0	0	0	0	0	0	0	0	0	0	0	0	0	0	0	0	0	0	0	0	0	0	0	0	0	0	0	0	936	0	680	0	0	130	4976	0	3786	0	0	1230	976	240	1484	0	0	406	876	1190	1586	1460	1402	1552	0	
241544	Cerebelum_4_5_L	0	0	0	0	0	0	0	0	0	0	0	0	0	0	0	0	0	0	0	0	0	0	0	0	0	0	0	0	0	0	0	0	0	0	0	0	0	0	384	0	0	0	0	0	0	0	9920	5020	0	0	0	0	0	118	10286	1098	0	0	0	0	0	0	0	0	0	0	0	0	0	0	0	0	0	0	0	0	0	0	0	0	0	0	0	0	0	0	0	0	0	0	18510	3164	1642	1176	3058	130	0	1416	30380	4408	1442	0	1832	244	2228	738	780	0	166	804	13022	6104	472	392	1002	836	
201872	Cerebelum_4_5_R	0	0	0	0	0	0	0	0	0	0	0	0	0	0	0	0	0	0	0	0	0	0	0	0	0	0	0	0	0	0	0	0	0	0	0	0	0	188	0	412	0	0	0	0	0	0	474	7906	0	0	0	0	0	108	460	10438	0	0	0	0	0	0	0	0	0	0	0	0	0	0	0	0	0	0	0	0	0	0	0	0	0	0	0	0	0	0	0	0	0	138	852	16058	118	4294	0	4976	1416	0	1200	29096	0	556	738	1964	476	724	254	0	266	702	13028	1648	1092	668	686	0	
479356	Cerebelum_6_L	0	0	0	0	0	0	0	0	0	0	0	0	0	0	0	0	0	0	0	0	0	0	0	0	0	0	0	0	0	0	0	0	0	0	0	0	0	0	188	0	0	0	140	0	0	0	19414	10720	0	0	388	0	556	612	32722	3216	0	0	0	0	0	0	0	0	0	0	0	0	0	0	0	0	0	0	0	0	0	0	0	0	0	0	0	0	0	0	0	0	222	0	55898	8410	9488	3884	546	0	30380	1200	0	12794	2442	130	2642	888	4210	142	1994	0	0	280	10086	17452	8144	108	264	118	
415780	Cerebelum_6_R	0	0	0	0	0	0	0	0	0	0	0	0	0	0	0	0	0	0	0	0	0	0	0	0	0	0	0	0	0	0	0	0	0	0	0	0	0	204	0	228	0	0	0	0	0	0	2394	14646	0	0	0	0	0	968	2822	22476	0	0	0	0	0	0	0	0	0	0	0	0	0	0	0	0	0	0	0	0	0	0	0	0	0	0	0	0	0	0	0	0	0	164	4156	41790	578	14986	0	3786	4408	29096	12794	0	222	1610	910	7546	3350	286	1556	258	268	438	13942	15154	5670	660	524	0	
193372	Cerebelum_7b_L	0	0	0	0	0	0	0	0	0	0	0	0	0	0	0	0	0	0	0	0	0	0	0	0	0	0	0	0	0	0	0	0	0	0	0	0	0	0	0	0	0	0	0	0	0	0	130	180	0	0	0	0	0	0	338	0	0	0	0	0	0	0	0	0	0	0	0	0	0	0	0	0	0	0	0	0	0	0	0	0	0	0	0	0	0	0	0	0	0	0	9054	446	26328	7876	0	0	1442	0	2442	222	0	5724	27936	2306	1170	0	272	0	0	0	568	196	4760	5296	0	0	
177572	Cerebelum_7b_R	0	0	0	0	0	0	0	0	0	0	0	0	0	0	0	0	0	0	0	0	0	0	0	0	0	0	0	0	0	0	0	0	0	0	0	0	0	0	0	0	0	0	0	0	0	0	0	0	0	0	0	0	0	0	0	546	0	0	0	0	0	0	0	0	0	0	0	0	0	0	0	0	0	0	0	0	0	0	0	0	0	0	0	0	0	0	0	0	0	318	634	3416	7050	22816	0	0	0	556	130	1610	5724	0	10882	16430	3396	146	132	0	0	0	430	228	6292	7416	634	0	
335824	Cerebelum_8_L	0	0	0	0	0	0	0	0	0	0	0	0	0	0	0	0	0	0	0	0	0	0	0	0	0	0	0	0	0	0	0	0	0	0	0	0	0	0	0	0	0	0	0	0	0	0	116	206	0	0	0	0	0	0	130	128	0	0	0	0	0	0	0	0	0	0	0	0	0	0	0	0	0	0	0	0	0	0	0	0	0	0	0	0	0	0	0	0	0	0	10870	1820	24834	16384	108	1230	1832	738	2642	910	27936	10882	0	12314	14656	2528	980	102	278	116	1108	2078	13910	13428	5648	0	
263404	Cerebelum_8_R	0	0	0	0	0	0	0	0	0	0	0	0	0	0	0	0	0	0	0	0	0	0	0	0	0	0	0	0	0	0	0	0	0	0	0	0	0	0	0	0	0	0	0	0	0	0	0	0	0	0	0	0	0	0	0	2178	0	0	0	0	0	0	0	0	0	0	0	0	0	0	0	0	0	0	0	0	0	0	0	0	0	0	0	0	0	0	0	0	0	336	924	12406	4418	27036	0	976	244	1964	888	7546	2306	16430	12314	0	5984	7330	646	322	178	0	1042	2236	9692	9632	4674	0	
159860	Cerebelum_9_L	0	0	0	0	0	0	0	0	0	0	0	0	0	0	0	0	0	0	0	0	0	0	0	0	0	0	0	0	0	0	0	0	0	0	0	0	0	0	0	0	0	0	0	0	0	0	0	302	0	0	0	0	0	0	0	260	0	0	0	0	0	0	0	0	0	0	0	0	0	0	0	0	0	0	0	0	0	0	0	0	0	0	0	0	0	0	0	0	0	0	2256	3724	3088	6462	268	240	2228	476	4210	3350	1170	3396	14656	5984	0	1370	5676	378	0	0	760	5492	6904	3792	3128	360	
79540	Cerebelum_9_R	0	0	0	0	0	0	0	0	0	0	0	0	0	0	0	0	0	0	0	0	0	0	0	0	0	0	0	0	0	0	0	0	0	0	0	0	0	0	0	0	0	0	0	0	0	0	0	0	0	0	0	0	0	0	0	0	0	0	0	0	0	0	0	0	0	0	0	0	0	0	0	0	0	0	0	0	0	0	0	0	0	0	0	0	0	0	0	0	0	0	0	102	0	714	0	1484	738	724	142	286	0	146	2528	7330	1370	0	0	2644	312	154	2102	3912	3080	5024	5408	1570	
38884	Cerebelum_10_L	0	0	0	0	0	0	0	0	0	0	0	0	0	0	0	0	0	0	0	0	0	0	0	0	0	0	0	0	0	0	0	0	0	0	0	0	0	0	0	0	0	0	0	0	0	0	0	0	0	0	0	0	0	0	0	0	0	0	0	0	0	0	0	0	0	0	0	0	0	0	0	0	0	0	0	0	0	0	0	0	0	0	0	0	0	0	0	0	0	0	258	1662	108	950	160	0	780	254	1994	1556	272	132	980	646	5676	0	0	0	0	0	282	2318	1120	118	176	0	
16004	Cerebelum_10_R	0	0	0	0	0	0	0	0	0	0	0	0	0	0	0	0	0	0	0	0	0	0	0	0	0	0	0	0	0	0	0	0	0	0	0	0	0	0	0	0	0	0	0	0	0	0	0	0	0	0	0	0	0	0	0	0	0	0	0	0	0	0	0	0	0	0	0	0	0	0	0	0	0	0	0	0	0	0	0	0	0	0	0	0	0	0	0	0	0	0	0	0	0	0	0	0	0	0	0	258	0	0	102	322	378	2644	0	0	0	0	228	732	968	1002	1128	240	
15432	Vermis_1_2	0	0	0	0	0	0	0	0	0	0	0	0	0	0	0	0	0	0	0	0	0	0	0	0	0	0	0	0	0	0	0	0	0	0	0	0	0	0	0	0	0	0	0	0	0	0	0	0	0	0	0	0	0	0	0	148	0	0	0	0	0	0	0	0	0	0	0	0	0	0	0	0	0	0	0	0	0	0	0	0	0	0	0	0	0	0	0	0	0	0	0	0	0	112	174	406	166	266	0	268	0	0	278	178	0	312	0	0	0	3324	758	364	292	306	364	0	
21392	Vermis_3	0	0	0	0	0	0	0	0	0	0	0	0	0	0	0	0	0	0	0	0	0	0	0	0	0	0	0	0	0	0	0	0	0	0	0	0	0	0	392	0	0	0	0	0	0	0	0	302	0	0	0	0	0	0	0	144	0	0	0	0	0	0	0	0	0	0	0	0	0	0	0	0	0	0	0	0	0	0	0	0	0	0	0	0	0	0	0	0	0	0	178	170	0	0	826	876	804	702	280	438	0	0	116	0	0	154	0	0	3324	0	1288	250	156	130	166	0	
220700	Vermis_4_5	0	0	0	0	0	0	0	0	0	0	0	0	0	0	0	0	0	0	0	0	0	0	0	0	0	0	0	0	0	0	0	0	0	0	100	196	0	0	0	0	0	0	0	166	0	0	3164	9386	0	0	0	0	0	186	3214	3186	0	0	0	0	0	0	0	0	0	0	0	400	0	0	0	0	0	0	0	0	0	0	0	0	0	0	0	0	0	0	0	0	0	0	5398	8672	158	2340	430	1190	13022	13028	10086	13942	568	430	1108	1042	760	2102	282	228	758	1288	0	8052	786	1008	1842	1832	
251012	Vermis_6	0	0	0	0	0	0	0	0	0	0	0	0	0	0	0	0	0	0	0	0	0	0	0	0	0	0	0	0	0	0	0	0	0	0	0	0	0	0	0	0	0	0	138	0	0	0	4576	8586	0	0	370	0	266	582	4444	3372	0	0	0	0	0	0	0	0	0	0	0	0	0	0	0	0	0	0	0	0	0	0	0	0	0	0	0	0	0	0	0	0	0	0	5172	8966	408	3786	0	1586	6104	1648	17452	15154	196	228	2078	2236	5492	3912	2318	732	364	250	8052	0	7552	3180	4342	1964	
277992	Vermis_7	0	0	0	0	0	0	0	0	0	0	0	0	0	0	0	0	0	0	0	0	0	0	0	0	0	0	0	0	0	0	0	0	0	0	0	0	0	0	0	0	0	0	0	0	0	0	2760	1976	0	0	278	0	270	318	3146	1078	0	0	0	0	0	0	0	0	0	0	0	0	0	0	0	0	0	0	0	0	0	0	0	0	0	0	0	0	0	0	0	0	0	0	8190	7910	10072	17950	0	1460	472	1092	8144	5670	4760	6292	13910	9692	6904	3080	1120	968	292	156	786	7552	0	7456	5242	0	
