data	data	447416	288944	820404	961624	133192	66132	584260	314672	72128	31384	305992	206128	338632	142752	226184	98408	188284	101020	496620	757056	71752	77668	568000	552572	56612	122204	68800	98816	537552	285284	415128	545004	311760	705752	154952	161976	311088	271588	138780	189416	42704	41692	248988	331308	175712	253032	303868	252876	201180	350300	435784	277524	219508	81856	477392	347888	260316	261732	132220	194772	242184	109148	110244	102264	128080	187380	294860	347636	160088	212044	232748	369532	316816	344992	42440	62792	166056	184860	94212	29948	258144	111636	169900	27900	330336	187072	30312	13908	343936	179848	524724	425260	384988	319644	75704	121164	331396	272308	571212	516288	281376	172012	278740	330012	111816	144784	17408	4444	86868	138760	327636	290100	269204	210576	160296	44544	
data	data	Precentral_L	Precentral_R	Frontal_Sup_L	Frontal_Sup_R	Frontal_Sup_Orb_L	Frontal_Sup_Orb_R	Frontal_Mid_L	Frontal_Mid_R	Frontal_Mid_Orb_L	Frontal_Mid_Orb_R	Frontal_Inf_Oper_L	Frontal_Inf_Oper_R	Frontal_Inf_Tri_L	Frontal_Inf_Tri_R	Frontal_Inf_Orb_L	Frontal_Inf_Orb_R	Rolandic_Oper_L	Rolandic_Oper_R	Supp_Motor_Area_L	Supp_Motor_Area_R	Olfactory_L	Olfactory_R	Frontal_Sup_Medial_L	Frontal_Sup_Medial_R	Frontal_Med_Orb_L	Frontal_Med_Orb_R	Rectus_L	Rectus_R	Insula_L	Insula_R	Cingulum_Ant_L	Cingulum_Ant_R	Cingulum_Mid_L	Cingulum_Mid_R	Cingulum_Post_L	Cingulum_Post_R	Hippocampus_L	Hippocampus_R	ParaHippocampal_L	ParaHippocampal_R	Amygdala_L	Amygdala_R	Calcarine_L	Calcarine_R	Cuneus_L	Cuneus_R	Lingual_L	Lingual_R	Occipital_Sup_L	Occipital_Sup_R	Occipital_Mid_L	Occipital_Mid_R	Occipital_Inf_L	Occipital_Inf_R	Fusiform_L	Fusiform_R	Postcentral_L	Postcentral_R	Parietal_Sup_L	Parietal_Sup_R	Parietal_Inf_L	Parietal_Inf_R	SupraMarginal_L	SupraMarginal_R	Angular_L	Angular_R	Precuneus_L	Precuneus_R	Paracentral_Lobule_L	Paracentral_Lobule_R	Caudate_L	Caudate_R	Putamen_L	Putamen_R	Pallidum_L	Pallidum_R	Thalamus_L	Thalamus_R	Heschl_L	Heschl_R	Temporal_Sup_L	Temporal_Sup_R	Temporal_Pole_Sup_L	Temporal_Pole_Sup_R	Temporal_Mid_L	Temporal_Mid_R	Temporal_Pole_Mid_L	Temporal_Pole_Mid_R	Temporal_Inf_L	Temporal_Inf_R	Cerebelum_Crus1_L	Cerebelum_Crus1_R	Cerebelum_Crus2_L	Cerebelum_Crus2_R	Cerebelum_3_L	Cerebelum_3_R	Cerebelum_4_5_L	Cerebelum_4_5_R	Cerebelum_6_L	Cerebelum_6_R	Cerebelum_7b_L	Cerebelum_7b_R	Cerebelum_8_L	Cerebelum_8_R	Cerebelum_9_L	Cerebelum_9_R	Cerebelum_10_L	Cerebelum_10_R	Vermis_1_2	Vermis_3	Vermis_4_5	Vermis_6	Vermis_7	Vermis_8	Vermis_9	Vermis_10	
447416	Precentral_L	0	908	13044	1370	0	0	18400	2328	0	0	11550	3650	3340	0	240	0	10202	0	5648	7750	0	0	694	272	0	0	0	0	12576	0	808	180	1314	3196	4356	2950	8384	1626	1362	396	0	0	0	0	0	0	478	112	0	0	94	0	188	0	804	182	25720	0	100	0	3098	0	1186	0	518	0	990	316	16016	2804	4314	282	9986	196	1412	82	17584	2926	4088	0	7664	0	4974	0	326	0	0	0	724	0	0	0	0	0	0	0	0	0	0	0	0	0	0	0	0	0	0	0	0	0	0	0	0	0	0	0	
288944	Precentral_R	908	0	286	19900	0	0	388	6478	0	0	0	6156	0	908	0	110	0	2636	1048	1588	0	0	0	0	0	0	0	0	174	3870	270	332	248	1302	820	2222	430	5942	0	1240	0	0	0	2690	0	536	0	156	0	2644	0	3932	0	834	0	1526	0	28520	0	1692	0	1782	0	3662	0	1362	0	2084	642	8790	306	5192	122	2360	0	124	3060	11810	80	336	0	820	0	0	0	344	0	0	0	1810	0	0	0	0	0	0	0	0	0	0	0	0	0	0	0	0	0	0	0	0	0	0	0	0	0	0	
820404	Frontal_Sup_L	13044	286	0	12538	8628	0	75288	824	5510	0	16236	938	24508	86	17086	0	1024	0	42726	8624	210	150	57748	17746	1436	122	952	0	24086	82	22230	10460	8438	9738	218	0	1952	84	482	0	0	0	0	0	0	0	78	0	0	0	0	0	0	0	394	0	1080	0	0	0	258	0	0	0	0	0	184	0	548	192	3968	1144	12996	884	1922	0	264	166	838	0	290	0	1358	0	0	0	0	0	158	0	0	0	0	0	0	0	0	0	0	0	0	0	0	0	0	0	0	0	0	0	0	0	0	0	0	0	
961624	Frontal_Sup_R	1370	19900	12538	0	204	3502	2720	48788	0	794	492	9176	446	10316	92	5852	0	4324	12126	55548	150	904	21348	53768	660	9536	98	6306	820	16498	10702	38922	4784	33936	906	1222	810	6202	0	2508	0	0	0	0	0	0	0	0	0	0	0	0	0	0	0	1058	0	1092	0	0	0	0	0	0	0	0	0	90	808	254	4026	27060	1580	23882	368	4822	1368	14954	324	298	0	326	0	0	0	0	0	0	0	234	0	0	0	0	0	0	0	0	0	0	0	0	0	0	0	0	0	0	0	0	0	0	0	0	0	0	
133192	Frontal_Sup_Orb_L	0	0	8628	204	0	0	1474	0	8954	0	0	0	430	0	9854	0	0	0	0	0	1838	1638	4200	588	4998	664	7230	402	3218	0	4660	392	0	0	0	0	0	0	0	0	222	0	0	0	0	0	0	0	0	0	0	0	0	0	0	0	0	0	0	0	0	0	0	0	0	0	0	0	0	0	2716	1186	2772	0	0	0	0	0	0	0	0	0	328	0	0	0	0	0	0	0	0	0	0	0	0	0	0	0	0	0	0	0	0	0	0	0	0	0	0	0	0	0	0	0	0	0	
66132	Frontal_Sup_Orb_R	0	0	0	3502	0	0	0	788	0	4834	0	0	0	0	0	3350	0	0	0	0	144	866	0	2414	0	4546	0	7406	0	410	0	1830	0	0	0	0	0	0	0	0	0	0	0	0	0	0	0	0	0	0	0	0	0	0	0	0	0	0	0	0	0	0	0	0	0	0	0	0	0	0	82	1190	0	1202	0	502	0	0	0	0	0	0	0	0	0	0	0	0	0	0	0	0	0	0	0	0	0	0	0	0	0	0	0	0	0	0	0	0	0	0	0	0	0	0	0	0	
584260	Frontal_Mid_L	18400	388	75288	2720	1474	0	0	2780	6982	0	20870	3626	50588	0	18908	0	494	0	12222	2260	0	0	17754	4252	0	0	0	0	17464	0	7838	3588	5660	5212	244	0	1194	0	210	0	0	0	0	0	0	0	82	0	0	0	0	0	0	0	116	0	1216	0	0	0	422	0	0	0	0	0	188	0	0	0	1576	776	3634	324	1040	0	574	0	590	0	0	0	1096	0	0	0	0	0	80	0	0	0	0	0	0	0	0	0	0	0	0	0	0	0	0	0	0	0	0	0	0	0	0	0	0	0	
314672	Frontal_Mid_R	2328	6478	824	48788	0	788	2780	0	0	2306	0	9266	0	13324	0	7026	0	458	2330	12378	0	202	1318	5788	0	252	0	520	186	9606	382	1354	244	10028	0	0	114	662	0	372	0	0	0	0	0	0	0	0	0	0	0	0	0	0	0	164	222	1716	0	0	94	0	0	92	0	0	0	0	0	0	1042	3232	174	6854	0	1620	1184	546	0	0	0	76	0	0	0	0	0	0	0	218	0	0	0	0	0	0	0	0	0	0	0	0	0	0	0	0	0	0	0	0	0	0	0	0	0	0	
72128	Frontal_Mid_Orb_L	0	0	5510	0	8954	0	6982	0	0	0	0	0	1938	0	10402	0	0	0	0	0	0	0	0	0	84	0	1648	0	296	0	0	0	0	0	0	0	0	0	0	0	0	0	0	0	0	0	0	0	0	0	0	0	0	0	0	0	0	0	0	0	0	0	0	0	0	0	0	0	0	0	0	0	164	0	0	0	0	0	0	0	0	0	86	0	0	0	0	0	0	0	0	0	0	0	0	0	0	0	0	0	0	0	0	0	0	0	0	0	0	0	0	0	0	0	0	0	
31384	Frontal_Mid_Orb_R	0	0	0	794	0	4834	0	2306	0	0	0	0	0	232	0	6324	0	0	0	148	0	0	0	0	0	0	0	176	0	202	0	0	0	120	0	0	0	0	0	0	0	0	0	0	0	0	0	0	0	0	0	0	0	0	0	0	0	0	0	0	0	0	0	0	0	0	0	0	0	0	0	76	0	480	0	0	0	0	0	0	0	0	0	0	0	0	0	0	0	0	0	0	0	0	0	0	0	0	0	0	0	0	0	0	0	0	0	0	0	0	0	0	0	0	0	0	
305992	Frontal_Inf_Oper_L	11550	0	16236	492	0	0	20870	0	0	0	0	0	27452	0	966	0	10228	0	5486	366	0	0	3234	630	0	0	0	0	24090	0	1330	588	824	438	150	0	2306	0	614	0	0	0	0	0	0	0	0	0	0	0	0	0	0	0	1488	0	3696	0	0	0	112	0	0	0	0	0	134	0	0	0	472	92	4106	0	274	0	0	0	1036	0	6000	0	5588	0	508	0	0	0	1640	0	0	0	0	0	0	0	0	0	0	0	0	0	0	0	0	0	0	0	0	0	0	0	0	0	0	0	
206128	Frontal_Inf_Oper_R	3650	6156	938	9176	0	0	3626	9266	0	0	0	0	0	8608	0	1296	0	4992	972	10062	0	0	182	930	0	0	0	0	788	17460	436	866	0	8114	106	0	524	688	112	394	0	0	0	0	0	0	0	0	0	0	0	0	0	0	0	224	380	2874	0	0	188	120	0	240	0	0	94	0	0	0	1538	362	876	3324	96	0	1698	236	272	558	0	472	0	170	0	0	0	0	0	0	0	0	0	0	0	0	0	0	0	0	0	0	0	0	0	0	0	0	0	0	0	0	0	0	0	0	
338632	Frontal_Inf_Tri_L	3340	0	24508	446	430	0	50588	0	1938	0	27452	0	0	0	19734	0	878	0	5080	382	0	0	3048	620	0	0	0	0	21548	0	1066	528	1800	562	86	0	446	0	96	0	0	0	0	0	0	0	0	0	0	0	0	0	0	0	0	0	268	0	0	0	0	0	0	0	0	0	0	0	0	0	438	164	1426	0	340	0	0	0	180	0	162	0	1762	0	0	0	0	0	0	0	0	0	0	0	0	0	0	0	0	0	0	0	0	0	0	0	0	0	0	0	0	0	0	0	0	0	
142752	Frontal_Inf_Tri_R	0	908	86	10316	0	0	0	13324	0	232	0	8608	0	0	0	5558	0	484	340	5808	0	0	232	1700	0	0	0	0	0	13184	86	930	0	5610	0	0	0	298	0	210	0	0	0	0	0	0	0	0	0	0	0	0	0	0	0	0	0	102	0	0	0	0	0	0	0	0	0	0	0	0	0	300	0	3060	0	0	0	0	0	0	0	0	0	0	0	0	0	0	0	0	0	0	0	0	0	0	0	0	0	0	0	0	0	0	0	0	0	0	0	0	0	0	0	0	0	0	
226184	Frontal_Inf_Orb_L	240	0	17086	92	9854	0	18908	0	10402	0	966	0	19734	0	0	0	196	0	688	0	1750	838	1278	122	112	0	1484	224	16524	0	594	174	118	0	0	0	616	0	286	0	528	0	0	0	0	0	0	0	0	0	0	0	0	0	438	0	0	0	0	0	0	0	0	0	0	0	0	0	0	0	1766	696	3250	0	146	0	0	0	88	0	0	0	3402	0	230	0	0	0	262	0	0	0	0	0	0	0	0	0	0	0	0	0	0	0	0	0	0	0	0	0	0	0	0	0	0	0	
98408	Frontal_Inf_Orb_R	0	110	0	5852	0	3350	0	7026	0	6324	0	1296	0	5558	0	0	0	0	218	2536	128	634	84	550	0	0	0	742	0	5348	0	0	0	2194	0	0	0	236	0	180	0	0	0	0	0	0	0	0	0	0	0	0	0	0	0	0	0	186	0	0	0	0	0	0	0	0	0	0	0	0	0	1496	0	4614	0	438	0	0	0	0	0	0	0	104	0	0	0	0	0	0	0	0	0	0	0	0	0	0	0	0	0	0	0	0	0	0	0	0	0	0	0	0	0	0	0	0	
188284	Rolandic_Oper_L	10202	0	1024	0	0	0	494	0	0	0	10228	0	878	0	196	0	0	0	1756	0	0	0	80	0	0	0	0	0	15702	0	80	0	360	0	88	0	1890	0	378	0	0	0	124	0	0	0	0	0	0	0	806	0	420	0	976	0	11254	0	134	0	996	0	4040	0	432	0	578	0	0	0	198	0	1688	0	0	0	90	0	4056	0	14080	0	6800	0	1922	0	0	0	2192	0	0	0	0	0	0	0	0	0	0	0	0	0	0	0	0	0	0	0	0	0	0	0	0	0	0	0	
101020	Rolandic_Oper_R	0	2636	0	4324	0	0	0	458	0	0	0	4992	0	484	0	0	0	0	76	3508	0	0	0	0	0	0	0	0	0	11230	0	196	0	154	0	0	0	810	0	378	0	0	0	0	0	0	0	0	0	0	0	0	0	0	0	220	0	4932	0	0	0	0	0	2088	0	0	0	0	0	0	92	444	86	4926	0	0	346	686	0	2818	0	4462	0	164	0	0	0	0	0	0	0	0	0	0	0	0	0	0	0	0	0	0	0	0	0	0	0	0	0	0	0	0	0	0	0	0	
496620	Supp_Motor_Area_L	5648	1048	42726	12126	0	0	12222	2330	0	0	5486	972	5080	340	688	218	1756	76	0	35040	0	0	11756	5046	0	0	0	0	7856	290	6234	4124	23702	22438	1296	524	1194	88	356	0	0	0	0	210	0	114	0	0	0	0	0	0	0	0	304	0	3212	126	0	172	510	0	680	0	82	0	330	722	5338	1574	6564	2206	9232	928	3258	194	286	166	398	0	760	0	176	0	0	0	0	0	108	0	0	0	0	0	0	0	0	0	0	0	0	0	0	0	0	0	0	0	0	0	0	0	0	0	0	0	
757056	Supp_Motor_Area_R	7750	1588	8624	55548	0	0	2260	12378	0	148	366	10062	382	5808	0	2536	0	3508	35040	0	0	0	4434	11568	0	0	0	0	722	12708	7032	14016	15496	68058	1328	5658	642	3464	0	1368	0	0	0	416	0	332	0	0	0	138	0	0	0	0	0	1062	968	496	0	606	0	0	0	0	0	0	188	1998	8486	18280	5762	21814	2692	9288	594	1590	2442	7926	362	152	0	276	0	0	0	0	0	0	0	168	0	0	0	0	0	0	0	0	0	0	0	0	0	0	0	0	0	0	0	0	0	0	0	0	0	0	
71752	Olfactory_L	0	0	210	150	1838	144	0	0	0	0	0	0	0	0	1750	128	0	0	0	0	0	4988	336	106	896	318	2838	1288	2598	372	2734	1974	0	0	0	0	744	0	718	0	1068	0	0	0	0	0	0	0	0	0	0	0	0	0	392	0	0	0	0	0	0	0	0	0	0	0	0	0	0	0	5570	2278	1432	114	0	0	0	0	0	0	0	0	892	0	0	0	0	0	0	0	0	0	0	0	0	0	0	0	0	0	0	0	0	0	0	0	0	0	0	0	0	0	0	0	0	0	
77668	Olfactory_R	0	0	150	904	1638	866	0	202	0	0	0	0	0	0	838	634	0	0	0	0	4988	0	184	846	110	2218	2248	2718	162	1680	1822	3882	0	0	0	0	0	140	0	212	0	372	0	0	0	0	0	0	0	0	0	0	0	0	0	0	0	0	0	0	0	0	0	0	0	0	0	0	0	0	5450	4984	750	686	0	0	0	0	0	0	0	0	0	150	0	0	0	0	0	0	0	0	0	0	0	0	0	0	0	0	0	0	0	0	0	0	0	0	0	0	0	0	0	0	0	0	
568000	Frontal_Sup_Medial_L	694	0	57748	21348	4200	0	17754	1318	0	0	3234	182	3048	232	1278	84	80	0	11756	4434	336	184	0	40624	2402	790	1066	0	7704	122	35012	26060	9904	20066	0	0	168	0	0	0	0	0	0	0	0	0	0	0	0	0	0	0	0	0	0	0	0	0	0	0	0	0	0	0	0	0	0	0	0	0	1982	1382	7310	884	0	76	298	0	0	0	0	0	240	0	0	0	0	0	0	0	0	0	0	0	0	0	0	0	0	0	0	0	0	0	0	0	0	0	0	0	0	0	0	0	0	0	
552572	Frontal_Sup_Medial_R	272	0	17746	53768	588	2414	4252	5788	0	0	630	930	620	1700	122	550	0	0	5046	11568	106	846	40624	0	2136	12408	94	5930	944	1186	15510	40662	2858	22738	0	0	0	0	0	0	0	0	0	0	0	0	0	0	0	0	0	0	0	0	0	0	0	0	0	0	0	0	0	0	0	0	0	0	0	0	812	11814	730	8852	0	1922	0	120	0	0	0	0	0	0	0	0	0	0	0	0	0	0	0	0	0	0	0	0	0	0	0	0	0	0	0	0	0	0	0	0	0	0	0	0	0	0	
56612	Frontal_Med_Orb_L	0	0	1436	660	4998	0	0	0	84	0	0	0	0	0	112	0	0	0	0	0	896	110	2402	2136	0	2568	4036	202	0	0	6300	662	0	0	0	0	0	0	0	0	0	0	0	0	0	0	0	0	0	0	0	0	0	0	0	0	0	0	0	0	0	0	0	0	0	0	0	0	0	0	1190	0	514	0	0	0	0	0	0	0	0	0	0	0	0	0	0	0	0	0	0	0	0	0	0	0	0	0	0	0	0	0	0	0	0	0	0	0	0	0	0	0	0	0	0	0	
122204	Frontal_Med_Orb_R	0	0	122	9536	664	4546	0	252	0	0	0	0	0	0	0	0	0	0	0	0	318	2218	790	12408	2568	0	188	9194	0	0	2688	8262	0	0	0	0	0	0	0	0	0	0	0	0	0	0	0	0	0	0	0	0	0	0	0	0	0	0	0	0	0	0	0	0	0	0	0	0	0	0	152	3818	0	2738	0	640	0	0	0	0	0	0	0	0	0	0	0	0	0	0	0	0	0	0	0	0	0	0	0	0	0	0	0	0	0	0	0	0	0	0	0	0	0	0	0	0	
68800	Rectus_L	0	0	952	98	7230	0	0	0	1648	0	0	0	0	0	1484	0	0	0	0	0	2838	2248	1066	94	4036	188	0	780	164	0	4482	998	0	0	0	0	0	0	0	0	0	0	0	0	0	0	0	0	0	0	0	0	0	0	0	0	0	0	0	0	0	0	0	0	0	0	0	0	0	0	4222	1192	680	0	0	0	0	0	0	0	0	0	0	0	0	0	0	0	0	0	0	0	0	0	0	0	0	0	0	0	0	0	0	0	0	0	0	0	0	0	0	0	0	0	0	0	
98816	Rectus_R	0	0	0	6306	402	7406	0	520	0	176	0	0	0	0	224	742	0	0	0	0	1288	2718	0	5930	202	9194	780	0	0	668	612	5428	0	0	0	0	0	0	0	0	0	0	0	0	0	0	0	0	0	0	0	0	0	0	0	0	0	0	0	0	0	0	0	0	0	0	0	0	0	0	1082	2572	142	2434	0	582	0	0	0	0	0	0	0	0	0	0	0	0	0	0	0	0	0	0	0	0	0	0	0	0	0	0	0	0	0	0	0	0	0	0	0	0	0	0	0	0	
537552	Insula_L	12576	174	24086	820	3218	0	17464	186	296	0	24090	788	21548	0	16524	0	15702	0	7856	722	2598	162	7704	944	0	0	164	0	0	0	4084	936	2564	846	1304	0	14846	0	3154	0	2296	0	288	0	0	0	290	0	128	0	1046	0	552	0	6710	0	6798	0	0	0	706	0	1096	0	262	0	1334	0	116	0	2994	318	21996	116	378	0	662	106	8134	0	7922	0	8206	0	3238	0	0	0	7194	0	212	0	104	0	0	0	0	0	218	0	0	0	0	0	0	0	0	0	0	0	0	0	0	0	0	0	
285284	Insula_R	0	3870	82	16498	0	410	0	9606	0	202	0	17460	0	13184	0	5348	0	11230	290	12708	372	1680	122	1186	0	0	0	668	0	0	92	958	0	6906	0	0	0	5088	0	1998	0	748	0	0	0	0	0	0	0	0	0	0	0	0	0	1830	0	2820	0	106	0	190	0	692	0	0	0	0	0	0	94	810	0	16552	0	128	282	528	0	2464	0	3044	0	620	0	940	0	0	0	836	0	0	0	0	0	0	0	0	0	0	0	0	0	0	0	0	0	0	0	0	0	0	0	0	0	0	
415128	Cingulum_Ant_L	808	270	22230	10702	4660	0	7838	382	0	0	1330	436	1066	86	594	0	80	0	6234	7032	2734	1822	35012	15510	6300	2688	4482	612	4084	92	0	26968	8930	9834	0	0	178	0	0	0	0	0	0	0	0	0	0	0	0	0	0	0	0	0	0	0	0	0	0	0	0	0	0	0	0	0	0	0	120	0	7914	4956	8596	1666	118	186	460	290	88	0	0	0	176	0	0	0	0	0	0	0	0	0	0	0	0	0	0	0	0	0	0	0	0	0	0	0	0	0	0	0	0	0	0	0	0	0	
545004	Cingulum_Ant_R	180	332	10460	38922	392	1830	3588	1354	0	0	588	866	528	930	174	0	0	196	4124	14016	1974	3882	26060	40662	662	8262	998	5428	936	958	26968	0	7750	25790	0	0	0	0	0	0	0	0	0	0	0	0	0	0	0	0	0	0	0	0	0	0	0	0	0	0	0	0	0	0	0	0	0	0	0	0	3902	21976	2128	12424	0	2166	246	850	0	0	0	0	0	0	0	0	0	0	0	0	0	0	0	0	0	0	0	0	0	0	0	0	0	0	0	0	0	0	0	0	0	0	0	0	0	0	
311760	Cingulum_Mid_L	1314	248	8438	4784	0	0	5660	244	0	0	824	0	1800	0	118	0	360	0	23702	15496	0	0	9904	2858	0	0	0	0	2564	0	8930	7750	0	24202	3898	2116	220	0	0	0	0	0	918	400	540	336	132	0	1736	84	1600	0	340	0	0	0	198	290	886	154	0	0	0	0	0	0	6646	2404	5836	1946	1530	954	2892	194	0	180	138	0	116	0	0	0	0	0	0	0	0	0	0	0	0	0	0	0	0	0	0	0	0	0	0	0	0	0	0	0	0	0	0	0	0	0	0	0	0	0	
705752	Cingulum_Mid_R	3196	1302	9738	33936	0	0	5212	10028	0	120	438	8114	562	5610	0	2194	0	154	22438	68058	0	0	20066	22738	0	0	0	0	846	6906	9834	25790	24202	0	2182	9948	160	294	0	0	0	0	0	3186	148	3584	0	362	0	1468	0	692	0	266	0	208	0	3862	0	2332	0	104	0	0	0	388	2204	13024	4950	13240	1122	4542	620	1542	124	448	192	0	0	0	0	0	0	0	0	0	0	0	0	202	0	0	0	0	0	0	0	0	0	0	0	0	0	0	0	0	0	0	0	0	0	0	0	0	0	0	
154952	Cingulum_Post_L	4356	820	218	906	0	0	244	0	0	0	150	106	86	0	0	0	88	0	1296	1328	0	0	0	0	0	0	0	0	1304	0	0	0	3898	2182	0	6478	7680	2376	1970	564	0	0	3536	84	782	98	2592	182	406	0	882	0	272	0	324	292	848	978	388	0	326	0	0	0	106	0	9126	1328	6644	1640	134	0	374	0	0	0	4366	3116	2150	0	242	0	0	0	84	0	0	0	126	0	0	0	0	0	0	0	0	0	0	0	0	0	0	0	0	0	0	0	0	0	0	0	0	0	0	0	
161976	Cingulum_Post_R	2950	2222	0	1222	0	0	0	0	0	0	0	0	0	0	0	0	0	0	524	5658	0	0	0	0	0	0	0	0	0	0	0	0	2116	9948	6478	0	1566	5842	0	2152	0	0	0	1542	78	574	0	2592	0	470	0	252	0	152	0	1426	0	3270	0	128	0	0	0	0	0	132	702	7840	2522	7966	158	122	0	0	0	0	5330	4574	0	0	0	0	0	0	0	0	0	0	0	258	0	0	0	0	0	0	0	0	0	0	0	0	0	0	0	0	0	0	0	0	222	0	0	0	0	0	
311088	Hippocampus_L	8384	430	1952	810	0	0	1194	114	0	0	2306	524	446	0	616	0	1890	0	1194	642	744	0	168	0	0	0	0	0	14846	0	178	0	220	160	7680	1566	0	1458	19886	496	7164	0	992	0	0	0	6230	526	0	0	138	0	560	0	16776	214	2296	0	0	0	556	0	0	0	0	0	6770	182	2168	122	1046	0	13316	0	270	0	3638	1564	5944	0	3472	0	2220	0	1724	0	0	0	7754	0	566	0	282	0	0	0	244	0	770	0	0	0	0	0	0	0	0	0	0	136	0	0	0	0	0	0	
271588	Hippocampus_R	1626	5942	84	6202	0	0	0	662	0	0	0	688	0	298	0	236	0	810	88	3464	0	140	0	0	0	0	0	0	0	5088	0	0	0	294	2376	5842	1458	0	0	30220	0	7268	0	842	0	0	0	3986	0	0	0	0	0	122	0	22096	0	586	0	0	0	0	0	160	0	0	0	4404	1178	1446	188	0	0	12312	0	1398	2580	4828	0	798	0	1274	0	148	0	572	0	0	0	2500	0	0	0	0	0	166	0	544	0	192	0	0	0	112	0	86	0	0	0	0	212	0	80	100	98	0	
138780	ParaHippocampal_L	1362	0	482	0	0	0	210	0	0	0	614	112	96	0	286	0	378	0	356	0	718	0	0	0	0	0	0	0	3154	0	0	0	0	0	1970	0	19886	0	0	0	3484	0	1344	0	0	0	7648	384	0	0	136	0	382	0	11192	0	448	0	0	0	110	0	0	0	0	0	4386	0	312	0	178	0	3530	0	0	0	362	0	78	0	654	0	1408	0	276	0	746	0	1336	0	186	0	0	0	226	0	426	0	348	0	0	0	0	0	0	0	0	0	0	186	0	0	0	0	0	0	
189416	ParaHippocampal_R	396	1240	0	2508	0	0	0	372	0	0	0	394	0	210	0	180	0	378	0	1368	0	212	0	0	0	0	0	0	0	1998	0	0	0	0	564	2152	496	30220	0	0	0	6852	0	586	0	0	0	4810	0	0	0	0	0	0	0	16646	0	0	0	0	0	0	0	0	0	0	0	3114	314	170	86	0	0	7812	0	1198	644	1944	0	452	0	362	0	1444	0	214	0	736	0	480	0	94	0	218	0	296	0	1438	0	294	0	0	0	330	0	190	0	0	0	118	272	100	242	290	274	0	
42704	Amygdala_L	0	0	0	0	222	0	0	0	0	0	0	0	0	0	528	0	0	0	0	0	1068	0	0	0	0	0	0	0	2296	0	0	0	0	0	0	0	7164	0	3484	0	0	0	0	0	0	0	0	0	0	0	0	0	0	0	3938	0	0	0	0	0	0	0	0	0	0	0	0	0	0	0	176	0	804	0	0	0	0	0	0	0	0	0	952	0	0	0	134	0	586	0	0	0	0	0	0	0	0	0	0	0	0	0	0	0	0	0	0	0	0	0	0	0	0	0	0	0	
41692	Amygdala_R	0	0	0	0	0	0	0	0	0	0	0	0	0	0	0	0	0	0	0	0	0	372	0	0	0	0	0	0	0	748	0	0	0	0	0	0	0	7268	0	6852	0	0	0	0	0	0	0	0	0	0	0	0	0	0	0	3674	0	0	0	0	0	0	0	0	0	0	0	0	0	0	0	0	0	652	0	0	0	0	0	0	0	0	0	1156	0	0	0	124	0	0	0	0	0	0	0	0	0	0	0	0	0	0	0	0	0	0	0	0	0	0	0	0	0	0	0	0	
248988	Calcarine_L	0	0	0	0	0	0	0	0	0	0	0	0	0	0	0	0	124	0	0	0	0	0	0	0	0	0	0	0	288	0	0	0	918	0	3536	0	992	0	1344	0	0	0	0	6946	15666	3706	13086	2408	10668	1314	22898	450	14170	0	4022	190	0	0	526	0	150	0	0	0	184	0	15648	950	102	0	0	0	0	0	0	0	0	0	0	0	0	0	0	0	1364	0	0	0	2542	0	114	0	0	0	0	0	0	0	188	0	0	0	0	0	0	0	0	0	0	0	0	0	0	0	0	0	
331308	Calcarine_R	0	2690	0	0	0	0	0	0	0	0	0	0	0	0	0	0	0	0	210	416	0	0	0	0	0	0	0	0	0	0	0	0	400	3186	84	1542	0	842	0	586	0	0	6946	0	5660	21640	1118	17374	1772	26948	868	22534	476	7794	0	3996	0	2830	0	2322	0	360	0	114	0	2264	930	19738	0	2710	0	0	0	0	0	0	0	0	0	0	0	166	0	0	0	3850	0	0	0	3020	0	0	0	0	0	0	0	0	0	0	0	0	0	0	0	0	0	0	0	0	268	0	0	0	0	0	
175712	Cuneus_L	0	0	0	0	0	0	0	0	0	0	0	0	0	0	0	0	0	0	0	0	0	0	0	0	0	0	0	0	0	0	0	0	540	148	782	78	0	0	0	0	0	0	15666	5660	0	8536	1650	136	17498	2622	12916	382	3670	0	742	0	0	0	3064	0	0	0	0	0	0	0	10082	2910	0	0	0	0	0	0	0	0	0	0	0	0	0	0	0	0	282	0	0	0	492	0	0	0	0	0	0	0	0	0	0	0	0	0	0	0	0	0	0	0	0	0	0	0	0	0	0	0	
253032	Cuneus_R	0	536	0	0	0	0	0	0	0	0	0	0	0	0	0	0	0	0	114	332	0	0	0	0	0	0	0	0	0	0	0	0	336	3584	98	574	0	0	0	0	0	0	3706	21640	8536	0	116	2928	322	28566	0	10534	0	2036	0	762	0	1232	84	3292	0	86	0	0	0	2030	5216	23656	0	1406	0	0	0	0	0	0	0	0	0	0	0	434	0	0	0	3078	0	0	0	1116	0	0	0	0	0	0	0	0	0	0	0	0	0	0	0	0	0	0	0	0	166	0	0	0	0	0	
303868	Lingual_L	478	0	78	0	0	0	82	0	0	0	0	0	0	0	0	0	0	0	0	0	0	0	0	0	0	0	0	0	290	0	0	0	132	0	2592	0	6230	0	7648	0	0	0	13086	1118	1650	116	0	2952	2750	114	12072	0	10872	0	20838	858	0	0	90	0	0	0	0	0	0	0	6924	86	198	0	0	0	422	0	0	0	466	0	0	0	0	0	0	0	0	0	0	0	386	0	9214	3668	444	122	0	374	8742	2054	17678	5156	0	0	0	0	0	0	0	0	260	450	5842	4384	1018	0	0	0	
252876	Lingual_R	112	156	0	0	0	0	0	0	0	0	0	0	0	0	0	0	0	0	0	0	0	0	0	0	0	0	0	0	0	0	0	0	0	362	182	2592	526	3986	384	4810	0	0	2408	17374	136	2928	2952	0	0	5024	0	3832	0	2824	190	19242	0	236	0	0	0	0	0	0	0	0	298	7538	0	228	0	0	82	0	0	0	440	182	0	0	0	0	0	0	0	208	0	0	0	280	1262	11362	290	666	78	170	786	5836	2120	12896	0	0	0	464	0	0	0	0	0	160	4242	5706	888	0	0	0	
201180	Occipital_Sup_L	0	0	0	0	0	0	0	0	0	0	0	0	0	0	0	0	0	0	0	0	0	0	0	0	0	0	0	0	128	0	0	0	1736	0	406	0	0	0	0	0	0	0	10668	1772	17498	322	2750	0	0	0	34758	0	4524	0	518	0	0	0	10418	0	1772	0	0	0	150	0	11586	678	0	0	0	0	0	0	0	0	0	0	0	0	0	0	0	0	906	0	0	0	0	0	0	0	0	0	0	0	0	0	0	0	0	0	0	0	0	0	0	0	0	0	0	0	0	0	0	0	
350300	Occipital_Sup_R	0	2644	0	0	0	0	0	0	0	0	0	0	0	0	0	0	0	0	0	138	0	0	0	0	0	0	0	0	0	0	0	0	84	1468	0	470	0	0	0	0	0	0	1314	26948	2622	28566	114	5024	0	0	0	30366	0	3786	0	1950	0	3094	0	16378	0	2718	0	78	0	14724	1052	16132	0	2786	0	0	0	0	0	0	0	0	0	94	0	1240	0	0	0	8516	0	0	0	2844	0	0	0	0	0	0	0	0	0	0	0	0	0	0	0	0	0	0	0	0	0	0	0	0	0	0	
435784	Occipital_Mid_L	94	0	0	0	0	0	0	0	0	0	0	0	0	0	0	0	806	0	0	0	0	0	0	0	0	0	0	0	1046	0	0	0	1600	0	882	0	138	0	136	0	0	0	22898	868	12916	0	12072	0	34758	0	0	0	27140	0	6588	0	1244	0	11912	0	13416	0	526	0	17848	0	10676	0	1556	0	0	0	0	0	0	0	0	0	242	0	1622	0	0	0	24870	0	0	0	10138	0	364	208	0	0	0	0	0	0	572	282	0	0	0	0	0	0	0	0	0	0	0	364	110	0	0	0	
277524	Occipital_Mid_R	0	3932	0	0	0	0	0	0	0	0	0	0	0	0	0	0	0	0	0	0	0	0	0	0	0	0	0	0	0	0	0	0	0	692	0	252	0	0	0	0	0	0	450	22534	382	10534	0	3832	0	30366	0	0	0	5260	0	1494	0	3882	0	6540	0	2412	0	116	0	16612	80	6702	0	3222	0	0	0	0	0	0	0	0	0	0	0	900	0	0	0	15454	0	0	0	3114	0	0	0	0	0	0	0	0	0	0	0	0	0	0	0	0	0	0	0	0	0	0	0	0	0	0	
219508	Occipital_Inf_L	188	0	0	0	0	0	0	0	0	0	0	0	0	0	0	0	420	0	0	0	0	0	0	0	0	0	0	0	552	0	0	0	340	0	272	0	560	0	382	0	0	0	14170	476	3670	0	10872	0	4524	0	27140	0	0	0	16390	0	170	0	442	0	394	0	160	0	104	0	4640	0	212	0	0	0	0	0	0	0	0	0	1188	0	694	0	0	0	5260	0	0	0	9556	0	1544	484	206	0	0	0	78	0	2612	728	0	0	0	0	0	0	0	0	0	112	0	830	384	0	0	0	
81856	Occipital_Inf_R	0	834	0	0	0	0	0	0	0	0	0	0	0	0	0	0	0	0	0	0	0	0	0	0	0	0	0	0	0	0	0	0	0	266	0	152	0	122	0	0	0	0	0	7794	0	2036	0	2824	0	3786	0	5260	0	0	0	3760	0	804	0	1000	0	274	0	0	0	1046	0	3644	0	386	0	0	0	0	0	0	0	0	0	0	0	0	0	0	0	2056	0	0	0	4884	0	0	0	0	0	0	0	0	0	0	0	0	0	0	0	0	0	0	0	0	0	0	0	0	0	0	
477392	Fusiform_L	804	0	394	0	0	0	116	0	0	0	1488	0	0	0	438	0	976	0	304	0	392	0	0	0	0	0	0	0	6710	0	0	0	0	0	324	0	16776	0	11192	0	3938	0	4022	0	742	0	20838	190	518	0	6588	0	16390	0	0	0	498	0	0	0	260	0	108	0	94	0	2632	0	152	0	114	0	3486	0	0	0	0	0	1004	0	2970	0	5100	0	4954	0	2888	0	22972	0	27596	1018	4800	0	830	650	14432	494	36516	2462	426	0	116	0	0	0	0	0	618	840	4346	2550	630	0	0	0	
347888	Fusiform_R	182	1526	0	1058	0	0	0	164	0	0	0	224	0	0	0	0	0	220	0	1062	0	0	0	0	0	0	0	0	0	1830	0	0	0	208	292	1426	214	22096	0	16646	0	3674	190	3996	0	762	858	19242	0	1950	0	1494	0	3760	0	0	0	1238	0	986	0	950	0	1096	0	1246	0	2724	154	1174	0	0	0	3902	0	670	252	998	0	500	0	3268	0	3704	0	2166	0	1662	0	16454	442	14334	0	630	0	360	478	9072	836	16460	0	0	0	338	0	0	0	0	0	0	3064	1536	176	0	0	0	
260316	Postcentral_L	25720	0	1080	0	0	0	1216	222	0	0	3696	380	268	0	0	0	11254	0	3212	968	0	0	0	0	0	0	0	0	6798	0	0	0	198	0	848	0	2296	0	448	0	0	0	0	0	0	0	0	0	0	0	1244	0	170	0	498	0	0	0	8042	0	24130	0	11498	0	1002	0	3940	0	2970	0	494	0	1214	0	0	0	170	0	2808	0	8704	0	2608	0	924	0	0	0	1138	0	0	0	0	0	0	0	0	0	0	0	0	0	0	0	0	0	0	0	0	0	0	0	0	0	0	0	
261732	Postcentral_R	0	28520	0	1092	0	0	0	1716	0	0	0	2874	0	102	0	186	0	4932	126	496	0	0	0	0	0	0	0	0	0	2820	0	0	290	3862	978	3270	0	586	0	0	0	0	0	2830	0	1232	0	236	0	3094	0	3882	0	804	0	1238	0	0	0	10156	0	10526	0	13876	0	1978	76	6346	94	16150	284	138	0	1242	0	0	102	222	0	260	0	1714	0	0	0	462	0	0	0	2074	0	0	0	0	0	0	0	0	0	0	0	0	0	0	0	0	0	0	0	0	0	0	0	0	0	0	
132220	Parietal_Sup_L	100	0	0	0	0	0	0	0	0	0	0	0	0	0	0	0	134	0	0	0	0	0	0	0	0	0	0	0	0	0	0	0	886	0	388	0	0	0	0	0	0	0	526	0	3064	84	90	0	10418	0	11912	0	442	0	0	0	8042	0	0	0	11220	0	0	0	864	0	12274	540	1214	0	0	0	0	0	0	0	0	0	0	0	76	0	0	0	1930	0	0	0	1906	0	0	0	0	0	0	0	0	0	0	0	0	0	0	0	0	0	0	0	0	0	0	0	0	0	0	0	
194772	Parietal_Sup_R	0	1692	0	0	0	0	0	0	0	0	0	0	0	0	0	0	0	0	172	606	0	0	0	0	0	0	0	0	0	106	0	0	154	2332	0	128	0	0	0	0	0	0	0	2322	0	3292	0	0	0	16378	0	6540	0	1000	0	986	0	10156	0	0	0	9754	0	4476	0	15934	108	11230	0	2438	0	0	0	0	0	0	0	0	0	0	0	778	0	0	0	4576	0	0	0	2228	0	0	0	0	0	0	0	0	0	0	0	0	0	0	0	0	0	0	0	0	0	0	0	0	0	0	
242184	Parietal_Inf_L	3098	0	258	0	0	0	422	94	0	0	112	188	0	0	0	0	996	0	510	0	0	0	0	0	0	0	0	0	706	0	0	0	0	0	326	0	556	0	110	0	0	0	150	0	0	0	0	0	1772	0	13416	0	394	0	260	0	24130	0	11220	0	0	0	17756	0	20266	0	3494	0	608	0	142	0	142	0	0	0	0	0	152	0	3470	0	0	0	10078	0	0	0	6096	0	170	0	0	0	0	0	0	0	0	0	0	0	0	0	0	0	0	0	0	0	0	0	0	0	0	0	
109148	Parietal_Inf_R	0	1782	0	0	0	0	0	0	0	0	0	120	0	0	0	0	0	0	0	0	0	0	0	0	0	0	0	0	0	190	0	0	0	104	0	0	0	0	0	0	0	0	0	360	0	86	0	0	0	2718	0	2412	0	274	0	950	0	10526	0	9754	0	0	0	13544	0	8480	0	274	0	500	0	0	0	0	0	0	0	0	0	0	0	192	0	0	0	894	0	0	0	1414	0	0	0	0	0	0	0	0	0	0	0	0	0	0	0	0	0	0	0	0	0	0	0	0	0	0	
110244	SupraMarginal_L	1186	0	0	0	0	0	0	0	0	0	0	0	0	0	0	0	4040	0	680	0	0	0	0	0	0	0	0	0	1096	0	0	0	0	0	0	0	0	0	0	0	0	0	0	0	0	0	0	0	0	0	526	0	160	0	108	0	11498	0	0	0	17756	0	0	0	4140	0	666	0	76	0	0	0	0	0	0	0	0	0	204	0	6922	0	0	0	3474	0	0	0	2496	0	94	0	0	0	0	0	0	0	0	0	0	0	0	0	0	0	0	0	0	0	0	0	0	0	0	0	
102264	SupraMarginal_R	0	3662	0	0	0	0	0	92	0	0	0	240	0	0	0	0	0	2088	0	0	0	0	0	0	0	0	0	0	0	692	0	0	0	0	0	0	0	160	0	0	0	0	0	114	0	0	0	0	0	78	0	116	0	0	0	1096	0	13876	0	4476	0	13544	0	0	0	3890	0	194	0	374	0	0	0	0	0	0	0	0	0	276	0	4484	0	0	0	142	0	0	0	1538	0	0	0	0	0	0	0	0	0	0	0	0	0	0	0	0	0	0	0	0	0	0	0	0	0	0	
128080	Angular_L	518	0	0	0	0	0	0	0	0	0	0	0	0	0	0	0	432	0	82	0	0	0	0	0	0	0	0	0	262	0	0	0	0	0	106	0	0	0	0	0	0	0	184	0	0	0	0	0	150	0	17848	0	104	0	94	0	1002	0	864	0	20266	0	4140	0	0	0	662	0	330	0	0	0	0	0	0	0	0	0	0	0	1926	0	0	0	10912	0	0	0	4018	0	140	0	0	0	0	0	0	0	0	0	0	0	0	0	0	0	0	0	0	0	0	0	0	0	0	0	
187380	Angular_R	0	1362	0	0	0	0	0	0	0	0	0	0	0	0	0	0	0	0	0	0	0	0	0	0	0	0	0	0	0	0	0	0	0	388	0	132	0	0	0	0	0	0	0	2264	0	2030	0	0	0	14724	0	16612	0	1046	0	1246	0	1978	0	15934	0	8480	0	3890	0	0	0	3394	0	1058	0	0	0	0	0	0	0	0	0	92	0	5250	0	0	0	11048	0	0	0	2762	0	0	0	0	0	0	0	0	0	0	0	0	0	0	0	0	0	0	0	0	0	0	0	0	0	0	
294860	Precuneus_L	990	0	184	0	0	0	188	0	0	0	134	94	0	0	0	0	578	0	330	188	0	0	0	0	0	0	0	0	1334	0	0	0	6646	2204	9126	702	6770	0	4386	0	0	0	15648	930	10082	5216	6924	298	11586	1052	10676	80	4640	0	2632	0	3940	76	12274	108	3494	0	666	0	662	0	0	11766	2946	496	0	0	254	0	0	0	212	0	1898	0	792	0	0	0	1402	0	0	0	2450	0	78	0	0	0	0	0	108	0	190	0	0	0	0	0	0	0	0	0	0	0	0	0	0	0	0	0	
347636	Precuneus_R	316	2084	0	90	0	0	0	0	0	0	0	0	0	0	0	0	0	0	722	1998	0	0	0	0	0	0	0	0	0	0	0	0	2404	13024	1328	7840	182	4404	0	3114	0	0	950	19738	2910	23656	86	7538	678	16132	0	6702	0	3644	0	2724	0	6346	540	11230	0	274	0	194	0	3394	11766	0	342	6878	0	0	0	0	0	0	572	358	0	220	0	1464	0	0	0	3554	0	0	0	3682	0	0	0	0	0	0	0	78	0	0	0	0	0	0	0	0	0	0	0	0	662	0	0	0	0	0	
160088	Paracentral_Lobule_L	16016	642	548	808	0	0	0	0	0	0	0	0	0	0	0	0	0	0	5338	8486	0	0	0	0	0	0	0	0	116	0	120	0	5836	4950	6644	2522	2168	1178	312	314	0	0	102	0	0	0	198	0	0	0	1556	0	212	0	152	154	2970	94	1214	0	608	0	76	0	330	0	2946	342	0	4248	296	292	162	0	102	0	5136	2106	0	0	0	0	0	0	342	0	0	0	408	0	0	0	0	0	0	0	0	0	0	0	0	0	0	0	0	0	0	0	0	0	0	0	0	0	0	0	
212044	Paracentral_Lobule_R	2804	8790	192	254	0	0	0	0	0	0	0	0	0	0	0	0	0	0	1574	18280	0	0	0	0	0	0	0	0	0	0	0	0	1946	13240	1640	7966	122	1446	0	170	0	0	0	2710	0	1406	0	228	0	2786	0	3222	0	386	0	1174	0	16150	0	2438	0	500	0	374	0	1058	496	6878	4248	0	106	686	202	0	140	0	306	776	0	86	0	268	0	0	0	242	0	0	0	732	0	0	0	0	0	0	0	0	0	0	0	0	0	0	0	0	0	0	0	0	0	0	0	0	0	0	
232748	Caudate_L	4314	306	3968	4026	2716	82	1576	1042	0	0	472	1538	438	0	1766	0	198	92	6564	5762	5570	5450	1982	812	1190	152	4222	1082	2994	94	7914	3902	1530	1122	134	158	1046	188	178	86	176	0	0	0	0	0	0	0	0	0	0	0	0	0	114	0	494	284	0	0	142	0	0	0	0	0	0	0	296	106	0	8406	13974	2106	2554	470	10440	1154	758	0	0	0	234	0	0	0	0	0	0	0	0	0	0	0	0	0	0	0	0	0	0	0	0	0	0	0	0	0	0	0	0	0	0	0	0	0	
369532	Caudate_R	282	5192	1144	27060	1186	1190	776	3232	0	76	92	362	164	300	696	1496	0	444	2206	21814	2278	4984	1382	11814	0	3818	1192	2572	318	810	4956	21976	954	4542	0	122	0	0	0	0	0	0	0	0	0	0	0	0	0	0	0	0	0	0	0	0	0	138	0	0	0	0	0	0	0	0	0	0	292	686	8406	0	2580	21882	0	5086	1176	15090	0	0	0	0	0	0	0	0	0	0	0	0	0	0	0	0	0	0	0	0	0	0	0	0	0	0	0	0	0	0	0	0	0	0	0	0	0	0	
316816	Putamen_L	9986	122	12996	1580	2772	0	3634	174	164	0	4106	876	1426	0	3250	0	1688	86	9232	2692	1432	750	7310	730	514	0	680	142	21996	0	8596	2128	2892	620	374	0	13316	0	3530	0	804	0	0	0	0	0	422	82	0	0	0	0	0	0	3486	0	1214	0	0	0	142	0	0	0	0	0	254	0	162	202	13974	2580	0	746	6350	0	2876	128	648	0	1368	0	1612	0	242	0	0	0	1322	0	0	0	0	0	0	0	0	0	0	0	0	0	0	0	0	0	0	0	0	0	0	0	0	0	0	0	
344992	Putamen_R	196	2360	884	23882	0	1202	324	6854	0	480	0	3324	0	3060	0	4614	0	4926	928	9288	114	686	884	8852	0	2738	0	2434	116	16552	1666	12424	194	1542	0	0	0	12312	0	7812	0	652	0	0	0	0	0	0	0	0	0	0	0	0	0	3902	0	1242	0	0	0	0	0	0	0	0	0	0	0	0	2106	21882	746	0	0	6696	172	3080	0	304	0	942	0	0	0	124	0	0	0	0	0	0	0	0	0	0	0	0	0	0	0	0	0	0	0	0	0	0	0	0	0	0	0	0	0	0	
42440	Pallidum_L	1412	0	1922	368	0	0	1040	0	0	0	274	96	340	0	146	0	0	0	3258	594	0	0	0	0	0	0	0	0	378	0	118	0	0	124	0	0	270	0	0	0	0	0	0	0	0	0	0	0	0	0	0	0	0	0	0	0	0	0	0	0	0	0	0	0	0	0	0	0	102	140	2554	0	6350	0	0	0	1734	0	0	0	0	0	0	0	0	0	0	0	0	0	0	0	0	0	0	0	0	0	0	0	0	0	0	0	0	0	0	0	0	0	0	0	0	0	0	0	
62792	Pallidum_R	82	124	0	4822	0	502	0	1620	0	0	0	0	0	0	0	438	0	0	194	1590	0	0	76	1922	0	640	0	582	0	128	186	2166	180	448	0	0	0	1398	0	1198	0	0	0	0	0	0	0	0	0	0	0	0	0	0	0	670	0	0	0	0	0	0	0	0	0	0	0	0	0	0	470	5086	0	6696	0	0	0	178	0	0	0	0	0	0	0	0	0	0	0	0	0	0	0	0	0	0	0	0	0	0	0	0	0	0	0	0	0	0	0	0	0	0	0	0	0	0	
166056	Thalamus_L	17584	3060	264	1368	0	0	574	1184	0	0	0	1698	0	0	0	0	90	346	286	2442	0	0	298	0	0	0	0	0	662	282	460	246	138	192	4366	5330	3638	2580	362	644	0	0	0	0	0	0	466	440	0	0	0	0	0	0	0	252	170	102	0	0	0	0	0	0	0	0	212	572	5136	306	10440	1176	2876	172	1734	0	0	10680	200	0	0	0	0	0	0	0	0	0	0	0	0	0	0	0	0	0	0	0	0	0	0	0	0	0	0	0	0	0	0	0	0	0	0	0	0	0	
184860	Thalamus_R	2926	11810	166	14954	0	0	0	546	0	0	0	236	0	0	0	0	0	686	166	7926	0	0	0	120	0	0	0	0	106	528	290	850	0	0	3116	4574	1564	4828	0	1944	0	0	0	0	0	0	0	182	0	0	0	0	0	0	0	998	0	222	0	0	0	0	0	0	0	0	0	358	2106	776	1154	15090	128	3080	0	178	10680	0	0	0	0	142	0	0	0	0	0	0	0	0	0	0	0	0	0	0	0	0	0	0	0	0	0	0	0	0	0	0	0	0	0	0	0	0	0	0	
94212	Heschl_L	4088	80	838	324	0	0	590	0	0	0	1036	272	180	0	88	0	4056	0	398	362	0	0	0	0	0	0	0	0	8134	0	88	0	116	0	2150	0	5944	0	78	0	0	0	0	0	0	0	0	0	0	0	242	0	1188	0	1004	0	2808	0	0	0	152	0	204	0	0	0	1898	0	0	0	758	0	648	0	0	0	200	0	0	0	3672	0	854	0	2330	0	0	0	2326	0	0	0	0	0	0	0	0	0	0	0	0	0	0	0	0	0	0	0	0	0	0	0	0	0	0	0	
29948	Heschl_R	0	336	0	298	0	0	0	0	0	0	0	558	0	0	0	0	0	2818	0	152	0	0	0	0	0	0	0	0	0	2464	0	0	0	0	0	0	0	798	0	452	0	0	0	0	0	0	0	0	0	94	0	0	0	0	0	500	0	260	0	0	0	0	0	276	0	92	0	220	0	86	0	0	0	304	0	0	0	0	0	0	0	3992	0	0	0	680	0	0	0	594	0	0	0	0	0	0	0	0	0	0	0	0	0	0	0	0	0	0	0	0	0	0	0	0	0	0	
258144	Temporal_Sup_L	7664	0	290	0	0	0	0	0	0	0	6000	0	162	0	0	0	14080	0	760	0	0	0	0	0	0	0	0	0	7922	0	0	0	0	0	242	0	3472	0	654	0	0	0	0	0	0	0	0	0	0	0	1622	0	694	0	2970	0	8704	0	76	0	3470	0	6922	0	1926	0	792	0	0	0	0	0	1368	0	0	0	0	0	3672	0	0	0	12806	0	26406	0	0	0	15444	0	632	0	116	0	0	0	0	0	206	0	0	0	0	0	0	0	0	0	0	0	0	0	0	0	0	0	
111636	Temporal_Sup_R	0	820	0	326	0	0	0	76	0	0	0	472	0	0	0	0	0	4462	0	276	0	0	0	0	0	0	0	0	0	3044	0	0	0	0	0	0	0	1274	0	362	0	0	0	166	0	434	0	0	0	1240	0	900	0	0	0	3268	0	1714	0	778	0	192	0	4484	0	5250	0	1464	0	268	0	0	0	942	0	0	0	142	0	3992	0	0	0	1150	0	12858	0	88	0	5252	0	0	0	0	0	0	0	0	0	124	0	0	0	0	0	0	0	0	0	0	0	0	0	0	0	0	
169900	Temporal_Pole_Sup_L	4974	0	1358	0	328	0	1096	0	86	0	5588	0	1762	0	3402	0	6800	0	176	0	892	0	240	0	0	0	0	0	8206	0	176	0	0	0	0	0	2220	0	1408	0	952	0	0	0	0	0	0	0	0	0	0	0	0	0	5100	0	2608	0	0	0	0	0	0	0	0	0	0	0	0	0	234	0	1612	0	0	0	0	0	854	0	12806	0	0	0	10058	0	3994	0	8020	0	0	0	0	0	0	0	0	0	0	0	0	0	0	0	0	0	0	0	0	0	0	0	0	0	0	0	
27900	Temporal_Pole_Sup_R	0	0	0	0	0	0	0	0	0	0	0	170	0	0	0	104	0	164	0	0	0	150	0	0	0	0	0	0	0	620	0	0	0	0	0	0	0	148	0	1444	0	1156	0	0	0	0	0	0	0	0	0	0	0	0	0	3704	0	0	0	0	0	0	0	0	0	0	0	0	0	0	0	0	0	0	0	0	0	0	0	0	0	1150	0	0	0	1522	0	2116	0	1502	0	0	0	0	0	0	0	0	0	0	0	0	0	0	0	0	0	0	0	0	0	0	0	0	0	0	
330336	Temporal_Mid_L	326	0	0	0	0	0	0	0	0	0	508	0	0	0	230	0	1922	0	0	0	0	0	0	0	0	0	0	0	3238	0	0	0	0	0	84	0	1724	0	276	0	0	0	1364	0	282	0	0	0	906	0	24870	0	5260	0	4954	0	924	0	1930	0	10078	0	3474	0	10912	0	1402	0	342	0	0	0	242	0	0	0	0	0	2330	0	26406	0	10058	0	0	0	3584	0	46852	0	690	0	0	0	0	0	0	0	0	0	0	0	0	0	0	0	0	0	0	0	0	0	0	0	0	0	
187072	Temporal_Mid_R	0	344	0	0	0	0	0	0	0	0	0	0	0	0	0	0	0	0	0	0	0	0	0	0	0	0	0	0	0	940	0	0	0	0	0	0	0	572	0	214	0	0	0	3850	0	3078	0	208	0	8516	0	15454	0	2056	0	2166	0	462	0	4576	0	894	0	142	0	11048	0	3554	0	242	0	0	0	124	0	0	0	0	0	680	0	12858	0	1522	0	0	0	1172	0	18864	0	0	0	0	0	0	0	0	0	0	0	0	0	0	0	0	0	0	0	0	0	0	0	0	0	0	
30312	Temporal_Pole_Mid_L	0	0	0	0	0	0	0	0	0	0	0	0	0	0	0	0	0	0	0	0	0	0	0	0	0	0	0	0	0	0	0	0	0	0	0	0	0	0	746	0	134	0	0	0	0	0	0	0	0	0	0	0	0	0	2888	0	0	0	0	0	0	0	0	0	0	0	0	0	0	0	0	0	0	0	0	0	0	0	0	0	0	0	3994	0	3584	0	0	0	3810	0	0	0	0	0	0	0	0	0	0	0	0	0	0	0	0	0	0	0	0	0	0	0	0	0	0	0	
13908	Temporal_Pole_Mid_R	0	0	0	0	0	0	0	0	0	0	0	0	0	0	0	0	0	0	0	0	0	0	0	0	0	0	0	0	0	0	0	0	0	0	0	0	0	0	0	736	0	124	0	0	0	0	0	0	0	0	0	0	0	0	0	1662	0	0	0	0	0	0	0	0	0	0	0	0	0	0	0	0	0	0	0	0	0	0	0	0	0	88	0	2116	0	1172	0	0	0	1056	0	0	0	0	0	0	0	0	0	0	0	0	0	0	0	0	0	0	0	0	0	0	0	0	0	0	
343936	Temporal_Inf_L	724	0	158	0	0	0	80	0	0	0	1640	0	0	0	262	0	2192	0	108	0	0	0	0	0	0	0	0	0	7194	0	0	0	0	0	126	0	7754	0	1336	0	586	0	2542	0	492	0	386	0	0	0	10138	0	9556	0	22972	0	1138	0	1906	0	6096	0	2496	0	4018	0	2450	0	408	0	0	0	1322	0	0	0	0	0	2326	0	15444	0	8020	0	46852	0	3810	0	0	0	4620	0	1074	0	0	0	104	0	1638	0	0	0	0	0	0	0	0	0	0	0	0	0	0	0	0	0	
179848	Temporal_Inf_R	0	1810	0	234	0	0	0	218	0	0	0	0	0	0	0	0	0	0	0	168	0	0	0	0	0	0	0	0	0	836	0	0	0	202	0	258	0	2500	0	480	0	0	0	3020	0	1116	0	280	0	2844	0	3114	0	4884	0	16454	0	2074	0	2228	0	1414	0	1538	0	2762	0	3682	0	732	0	0	0	0	0	0	0	0	0	594	0	5252	0	1502	0	18864	0	1056	0	0	192	4628	0	1802	0	0	340	636	306	1128	0	0	0	0	0	0	0	0	0	0	688	88	0	0	0	0	
524724	Cerebelum_Crus1_L	0	0	0	0	0	0	0	0	0	0	0	0	0	0	0	0	0	0	0	0	0	0	0	0	0	0	0	0	212	0	0	0	0	0	0	0	566	0	186	0	0	0	114	0	0	0	9214	1262	0	0	364	0	1544	0	27596	442	0	0	0	0	170	0	94	0	140	0	78	0	0	0	0	0	0	0	0	0	0	0	0	0	632	0	0	0	690	0	0	0	4620	192	0	3966	36446	3710	3776	2544	25024	2760	64092	8730	9212	1152	6202	3152	688	966	0	0	2406	3186	13336	10370	8284	1850	2114	280	
425260	Cerebelum_Crus1_R	0	0	0	0	0	0	0	0	0	0	0	0	0	0	0	0	0	0	0	0	0	0	0	0	0	0	0	0	0	0	0	0	0	0	0	0	0	0	0	94	0	0	0	0	0	0	3668	11362	0	0	208	0	484	0	1018	14334	0	0	0	0	0	0	0	0	0	0	0	0	0	0	0	0	0	0	0	0	0	0	0	0	0	0	0	0	0	0	0	0	0	4628	3966	0	1974	28932	0	3584	3008	25444	5414	58244	308	4680	92	10858	0	218	0	0	104	1170	12240	9898	6184	346	170	0	
384988	Cerebelum_Crus2_L	0	0	0	0	0	0	0	0	0	0	0	0	0	0	0	0	0	0	0	0	0	0	0	0	0	0	0	0	104	0	0	0	0	0	0	0	282	0	0	0	0	0	0	0	0	0	444	290	0	0	0	0	206	0	4800	0	0	0	0	0	0	0	0	0	0	0	0	0	0	0	0	0	0	0	0	0	0	0	0	0	116	0	0	0	0	0	0	0	1074	0	36446	1974	0	6712	1490	390	4146	564	14672	2646	38590	3766	30736	5992	6990	1034	752	0	488	588	2234	2724	13494	6502	1804	444	
319644	Cerebelum_Crus2_R	0	0	0	0	0	0	0	0	0	0	0	0	0	0	0	0	0	0	0	0	0	0	0	0	0	0	0	0	0	0	0	0	0	0	0	0	0	0	0	218	0	0	0	0	0	0	122	666	0	0	0	0	0	0	0	630	0	0	0	0	0	0	0	0	0	0	0	0	0	0	0	0	0	0	0	0	0	0	0	0	0	0	0	0	0	0	0	0	0	1802	3710	28932	6712	0	188	2896	940	4038	1324	10572	3348	23674	1978	29642	0	3038	0	0	1038	2952	1958	3576	14224	7218	4226	200	
75704	Cerebelum_3_L	0	0	0	0	0	0	0	0	0	0	0	0	0	0	0	0	0	0	0	0	0	0	0	0	0	0	0	0	0	0	0	0	0	0	0	0	0	0	226	0	0	0	0	0	0	0	0	78	0	0	0	0	0	0	830	0	0	0	0	0	0	0	0	0	0	0	0	0	0	0	0	0	0	0	0	0	0	0	0	0	0	0	0	0	0	0	0	0	0	0	3776	0	1490	188	0	414	6810	90	6214	420	792	0	1400	156	1674	954	338	0	1596	2352	1644	2296	804	1048	1184	1078	
121164	Cerebelum_3_R	0	0	0	0	0	0	0	0	0	0	0	0	0	0	0	0	0	0	0	0	0	0	0	0	0	0	0	0	0	0	0	0	0	0	0	0	0	166	0	296	0	0	0	0	0	0	374	170	0	0	0	0	0	0	650	360	0	0	0	0	0	0	0	0	0	0	0	0	0	0	0	0	0	0	0	0	0	0	0	0	0	0	0	0	0	0	0	0	0	0	2544	3584	390	2896	414	0	2194	5718	3810	9374	94	196	100	2424	144	882	0	0	2108	5586	3598	4298	3046	2422	2744	0	
331396	Cerebelum_4_5_L	0	0	0	0	0	0	0	0	0	0	0	0	0	0	0	0	0	0	0	0	0	0	0	0	0	0	0	0	0	0	0	0	0	0	0	0	244	0	426	0	0	0	0	0	0	0	8742	786	0	0	0	0	78	0	14432	478	0	0	0	0	0	0	0	0	0	0	108	0	0	0	0	0	0	0	0	0	0	0	0	0	0	0	0	0	0	0	0	0	104	340	25024	3008	4146	940	6810	2194	0	4640	40232	6450	1018	226	2034	1560	2376	1154	0	0	2022	2470	21520	4874	2026	1418	2322	1496	
272308	Cerebelum_4_5_R	0	0	0	0	0	0	0	0	0	0	0	0	0	0	0	0	0	0	0	0	0	0	0	0	0	0	0	0	0	0	0	0	0	0	0	0	0	544	0	1438	0	0	0	0	0	0	2054	5836	0	0	0	0	0	0	494	9072	0	0	0	0	0	0	0	0	0	0	0	78	0	0	0	0	0	0	0	0	0	0	0	0	0	0	0	0	0	0	0	0	0	636	2760	25444	564	4038	90	5718	4640	0	4086	36404	98	338	130	3660	0	898	0	0	578	2126	17314	2150	1896	1422	1648	0	
571212	Cerebelum_6_L	0	0	0	0	0	0	0	0	0	0	0	0	0	0	0	0	0	0	0	0	0	0	0	0	0	0	0	0	218	0	0	0	0	0	0	0	770	0	348	0	0	0	188	0	0	0	17678	2120	0	0	572	0	2612	0	36516	836	0	0	0	0	0	0	0	0	0	0	190	0	0	0	0	0	0	0	0	0	0	0	0	0	206	0	0	0	0	0	0	0	1638	306	64092	5414	14672	1324	6214	3810	40232	4086	0	12836	3734	398	3092	1848	1732	1536	0	0	4004	4880	19348	16354	5096	2210	3046	1450	
516288	Cerebelum_6_R	0	0	0	0	0	0	0	0	0	0	0	0	0	0	0	0	0	0	0	0	0	0	0	0	0	0	0	0	0	0	0	0	0	0	0	0	0	192	0	294	0	0	0	0	0	0	5156	12896	0	0	282	0	728	0	2462	16460	0	0	0	0	0	0	0	0	0	0	0	0	0	0	0	0	0	0	0	0	0	0	0	0	0	124	0	0	0	0	0	0	0	1128	8730	58244	2646	10572	420	9374	6450	36404	12836	0	598	980	434	7296	256	1056	0	0	2780	6420	20642	18070	8518	2532	3164	0	
281376	Cerebelum_7b_L	0	0	0	0	0	0	0	0	0	0	0	0	0	0	0	0	0	0	0	0	0	0	0	0	0	0	0	0	0	0	0	0	0	0	0	0	0	0	0	0	0	0	0	0	0	0	0	0	0	0	0	0	0	0	426	0	0	0	0	0	0	0	0	0	0	0	0	0	0	0	0	0	0	0	0	0	0	0	0	0	0	0	0	0	0	0	0	0	0	0	9212	308	38590	3348	792	94	1018	98	3734	598	0	4066	37122	6832	9128	1324	898	0	310	368	466	1524	8672	9340	1976	444	
172012	Cerebelum_7b_R	0	0	0	0	0	0	0	0	0	0	0	0	0	0	0	0	0	0	0	0	0	0	0	0	0	0	0	0	0	0	0	0	0	0	0	0	0	0	0	0	0	0	0	0	0	0	0	0	0	0	0	0	0	0	0	0	0	0	0	0	0	0	0	0	0	0	0	0	0	0	0	0	0	0	0	0	0	0	0	0	0	0	0	0	0	0	0	0	0	0	1152	4680	3766	23674	0	196	226	338	398	980	4066	0	3312	26484	0	5642	0	202	0	160	432	554	3888	5168	688	0	
278740	Cerebelum_8_L	0	0	0	0	0	0	0	0	0	0	0	0	0	0	0	0	0	0	0	0	0	0	0	0	0	0	0	0	0	0	0	0	0	0	0	0	0	0	0	0	0	0	0	0	0	0	0	0	0	0	0	0	0	0	116	0	0	0	0	0	0	0	0	0	0	0	0	0	0	0	0	0	0	0	0	0	0	0	0	0	0	0	0	0	0	0	0	0	0	0	6202	92	30736	1978	1400	100	2034	130	3092	434	37122	3312	0	6520	17530	2666	2920	0	236	216	440	1656	6494	9750	3698	496	
330012	Cerebelum_8_R	0	0	0	0	0	0	0	0	0	0	0	0	0	0	0	0	0	0	0	0	0	0	0	0	0	0	0	0	0	0	0	0	0	0	0	0	0	112	0	330	0	0	0	0	0	0	0	464	0	0	0	0	0	0	0	338	0	0	0	0	0	0	0	0	0	0	0	0	0	0	0	0	0	0	0	0	0	0	0	0	0	0	0	0	0	0	0	0	0	0	3152	10858	5992	29642	156	2424	1560	3660	1848	7296	6832	26484	6520	0	132	18486	0	628	1060	2598	2440	3772	10808	11458	5708	248	
111816	Cerebelum_9_L	0	0	0	0	0	0	0	0	0	0	0	0	0	0	0	0	0	0	0	0	0	0	0	0	0	0	0	0	0	0	0	0	0	0	0	0	0	0	0	0	0	0	0	0	0	0	0	0	0	0	0	0	0	0	0	0	0	0	0	0	0	0	0	0	0	0	0	0	0	0	0	0	0	0	0	0	0	0	0	0	0	0	0	0	0	0	0	0	0	0	688	0	6990	0	1674	144	2376	0	1732	256	9128	0	17530	132	0	1752	3516	0	598	454	1150	2006	444	1288	2720	1330	
144784	Cerebelum_9_R	0	0	0	0	0	0	0	0	0	0	0	0	0	0	0	0	0	0	0	0	0	0	0	0	0	0	0	0	0	0	0	0	0	0	0	0	0	86	0	190	0	0	0	0	0	0	0	0	0	0	0	0	0	0	0	0	0	0	0	0	0	0	0	0	0	0	0	0	0	0	0	0	0	0	0	0	0	0	0	0	0	0	0	0	0	0	0	0	0	0	966	218	1034	3038	954	882	1154	898	1536	1056	1324	5642	2666	18486	1752	0	0	1392	1448	2094	1088	3800	3590	6622	7970	2506	
17408	Cerebelum_10_L	0	0	0	0	0	0	0	0	0	0	0	0	0	0	0	0	0	0	0	0	0	0	0	0	0	0	0	0	0	0	0	0	0	0	0	0	0	0	0	0	0	0	0	0	0	0	0	0	0	0	0	0	0	0	0	0	0	0	0	0	0	0	0	0	0	0	0	0	0	0	0	0	0	0	0	0	0	0	0	0	0	0	0	0	0	0	0	0	0	0	0	0	752	0	338	0	0	0	0	0	898	0	2920	0	3516	0	0	0	0	0	0	0	0	114	166	0	
4444	Cerebelum_10_R	0	0	0	0	0	0	0	0	0	0	0	0	0	0	0	0	0	0	0	0	0	0	0	0	0	0	0	0	0	0	0	0	0	0	0	0	0	0	0	0	0	0	0	0	0	0	0	0	0	0	0	0	0	0	0	0	0	0	0	0	0	0	0	0	0	0	0	0	0	0	0	0	0	0	0	0	0	0	0	0	0	0	0	0	0	0	0	0	0	0	0	0	0	0	0	0	0	0	0	0	0	202	0	628	0	1392	0	0	0	0	0	0	0	0	0	0	
86868	Vermis_1_2	0	0	0	0	0	0	0	0	0	0	0	0	0	0	0	0	0	0	0	0	0	0	0	0	0	0	0	0	0	0	0	0	0	0	0	0	0	0	0	0	0	0	0	0	0	0	260	0	0	0	0	0	0	0	618	0	0	0	0	0	0	0	0	0	0	0	0	0	0	0	0	0	0	0	0	0	0	0	0	0	0	0	0	0	0	0	0	0	0	0	2406	104	488	1038	1596	2108	2022	578	4004	2780	310	0	236	1060	598	1448	0	0	0	7062	3302	4302	1852	2076	2618	568	
138760	Vermis_3	0	0	0	0	0	0	0	0	0	0	0	0	0	0	0	0	0	0	0	0	0	0	0	0	0	0	0	0	0	0	0	0	0	0	0	0	136	0	186	118	0	0	0	0	0	0	450	160	0	0	0	0	112	0	840	0	0	0	0	0	0	0	0	0	0	0	0	0	0	0	0	0	0	0	0	0	0	0	0	0	0	0	0	0	0	0	0	0	0	0	3186	1170	588	2952	2352	5586	2470	2126	4880	6420	368	160	216	2598	454	2094	0	0	7062	0	4110	6272	3736	3870	4402	306	
327636	Vermis_4_5	0	0	0	0	0	0	0	0	0	0	0	0	0	0	0	0	0	0	0	0	0	0	0	0	0	0	0	0	0	0	0	0	0	0	0	222	0	212	0	272	0	0	0	268	0	166	5842	4242	0	0	0	0	0	0	4346	3064	0	0	0	0	0	0	0	0	0	0	0	662	0	0	0	0	0	0	0	0	0	0	0	0	0	0	0	0	0	0	0	0	0	688	13336	12240	2234	1958	1644	3598	21520	17314	19348	20642	466	432	440	2440	1150	1088	0	0	3302	4110	0	7826	2392	1746	2800	1808	
290100	Vermis_6	0	0	0	0	0	0	0	0	0	0	0	0	0	0	0	0	0	0	0	0	0	0	0	0	0	0	0	0	0	0	0	0	0	0	0	0	0	0	0	100	0	0	0	0	0	0	4384	5706	0	0	364	0	830	0	2550	1536	0	0	0	0	0	0	0	0	0	0	0	0	0	0	0	0	0	0	0	0	0	0	0	0	0	0	0	0	0	0	0	0	0	88	10370	9898	2724	3576	2296	4298	4874	2150	16354	18070	1524	554	1656	3772	2006	3800	0	0	4302	6272	7826	0	8608	4784	5972	3806	
