data	data	517404	390812	1.1109e+06	830504	169304	83972	486276	282104	81276	34244	305036	189884	233264	287472	157800	210116	309184	154496	801552	835120	135216	144564	301604	390848	34140	76000	96052	136976	735132	427556	239532	440332	137008	466124	170648	269040	377332	542924	120352	352924	56992	71480	202812	369256	162428	244228	273636	423696	221964	271404	463412	283936	95772	111416	411444	604248	247824	200376	137032	159644	221084	179148	126308	190692	129288	135636	347232	507196	195352	215684	330984	522480	279004	461772	52016	37516	239120	191096	100076	20444	217560	94664	138608	47976	371200	266944	20544	17396	291148	274892	563656	458456	368640	329476	64532	79524	405060	294048	563472	511476	265424	142992	326240	284796	208292	170688	17376	22904	24856	94112	301544	232576	257968	129500	120688	27032	
data	data	Precentral_L	Precentral_R	Frontal_Sup_L	Frontal_Sup_R	Frontal_Sup_Orb_L	Frontal_Sup_Orb_R	Frontal_Mid_L	Frontal_Mid_R	Frontal_Mid_Orb_L	Frontal_Mid_Orb_R	Frontal_Inf_Oper_L	Frontal_Inf_Oper_R	Frontal_Inf_Tri_L	Frontal_Inf_Tri_R	Frontal_Inf_Orb_L	Frontal_Inf_Orb_R	Rolandic_Oper_L	Rolandic_Oper_R	Supp_Motor_Area_L	Supp_Motor_Area_R	Olfactory_L	Olfactory_R	Frontal_Sup_Medial_L	Frontal_Sup_Medial_R	Frontal_Med_Orb_L	Frontal_Med_Orb_R	Rectus_L	Rectus_R	Insula_L	Insula_R	Cingulum_Ant_L	Cingulum_Ant_R	Cingulum_Mid_L	Cingulum_Mid_R	Cingulum_Post_L	Cingulum_Post_R	Hippocampus_L	Hippocampus_R	ParaHippocampal_L	ParaHippocampal_R	Amygdala_L	Amygdala_R	Calcarine_L	Calcarine_R	Cuneus_L	Cuneus_R	Lingual_L	Lingual_R	Occipital_Sup_L	Occipital_Sup_R	Occipital_Mid_L	Occipital_Mid_R	Occipital_Inf_L	Occipital_Inf_R	Fusiform_L	Fusiform_R	Postcentral_L	Postcentral_R	Parietal_Sup_L	Parietal_Sup_R	Parietal_Inf_L	Parietal_Inf_R	SupraMarginal_L	SupraMarginal_R	Angular_L	Angular_R	Precuneus_L	Precuneus_R	Paracentral_Lobule_L	Paracentral_Lobule_R	Caudate_L	Caudate_R	Putamen_L	Putamen_R	Pallidum_L	Pallidum_R	Thalamus_L	Thalamus_R	Heschl_L	Heschl_R	Temporal_Sup_L	Temporal_Sup_R	Temporal_Pole_Sup_L	Temporal_Pole_Sup_R	Temporal_Mid_L	Temporal_Mid_R	Temporal_Pole_Mid_L	Temporal_Pole_Mid_R	Temporal_Inf_L	Temporal_Inf_R	Cerebelum_Crus1_L	Cerebelum_Crus1_R	Cerebelum_Crus2_L	Cerebelum_Crus2_R	Cerebelum_3_L	Cerebelum_3_R	Cerebelum_4_5_L	Cerebelum_4_5_R	Cerebelum_6_L	Cerebelum_6_R	Cerebelum_7b_L	Cerebelum_7b_R	Cerebelum_8_L	Cerebelum_8_R	Cerebelum_9_L	Cerebelum_9_R	Cerebelum_10_L	Cerebelum_10_R	Vermis_1_2	Vermis_3	Vermis_4_5	Vermis_6	Vermis_7	Vermis_8	Vermis_9	Vermis_10	
517404	Precentral_L	0	14678	20208	2662	0	0	22406	386	0	0	7978	414	254	428	0	190	12086	144	10982	16604	0	0	0	0	0	0	0	0	12046	350	0	128	1514	7898	6166	7378	5028	5602	380	2626	0	0	186	0	360	0	848	2470	764	0	3296	0	376	0	352	2760	21974	634	220	516	872	518	192	522	136	0	2036	2234	14874	8466	6992	1034	744	614	314	0	11180	1032	2518	0	1576	0	540	0	5282	278	0	0	2714	374	0	0	0	0	0	0	0	0	0	0	0	0	0	0	0	0	0	0	0	368	0	0	0	0	0	0	
390812	Precentral_R	14678	0	7860	21614	0	0	3102	9982	0	0	986	4656	0	218	0	0	922	2282	6382	11870	0	0	0	0	0	0	0	0	1540	1944	0	0	318	1488	342	894	532	10294	0	2312	0	0	0	678	0	0	0	258	0	280	316	450	0	540	0	4996	4594	12820	0	1128	128	1634	0	3592	0	338	0	1514	3558	10396	2542	8868	1018	1646	400	1012	3792	14704	0	154	160	1352	154	0	418	2510	0	0	326	4768	0	0	0	0	0	0	0	0	0	0	0	0	0	0	0	0	0	0	0	146	0	0	0	0	0	0	
1.1109e+06	Frontal_Sup_L	20208	7860	0	15238	8486	0	70566	3532	2780	482	25230	2186	27212	5270	8884	4746	16282	358	104672	24392	2200	0	32804	5054	490	0	122	0	43574	2928	9488	4946	2768	8976	500	992	5202	1638	902	1082	256	0	0	0	0	0	390	584	0	0	182	0	0	0	1128	656	4016	732	0	446	1304	448	0	474	0	0	242	438	3012	596	9024	9398	14024	4526	5430	224	13424	322	1268	0	4186	0	4450	164	478	0	0	0	1130	0	0	0	0	0	0	0	0	0	0	0	0	0	0	0	0	0	0	0	0	450	0	0	0	0	0	0	
830504	Frontal_Sup_R	2662	21614	15238	0	0	1840	2140	35580	0	1104	768	11954	478	12086	0	4444	812	5922	21492	70614	170	962	13060	40416	0	3196	152	2442	1346	17520	2222	25594	508	13894	204	506	250	9082	0	3506	0	0	0	0	0	0	0	392	0	0	0	0	0	0	0	2824	194	2110	0	1432	0	1644	0	1778	0	0	0	306	266	140	2040	21650	752	13604	154	2038	852	17304	0	106	152	236	210	626	0	0	0	0	174	490	0	0	0	0	0	0	0	0	0	0	0	0	0	0	0	0	0	0	0	0	0	0	0	0	0	0	
169304	Frontal_Sup_Orb_L	0	0	8486	0	0	392	1030	0	13836	0	140	0	1892	0	16964	0	0	0	0	0	5924	796	3218	464	2888	456	6098	1084	8384	0	5082	1294	0	0	0	0	0	0	494	0	520	0	0	0	0	0	0	0	0	0	0	0	0	0	0	0	0	0	0	0	0	0	0	0	0	0	0	0	0	0	408	726	3190	494	0	0	0	0	0	0	0	0	392	0	0	0	0	0	0	0	0	0	0	0	0	0	0	0	0	0	0	0	0	0	0	0	0	0	0	0	0	0	0	0	0	0	
83972	Frontal_Sup_Orb_R	0	0	0	1840	392	0	0	622	0	1968	0	0	0	0	0	4228	0	0	0	0	1694	3150	0	1214	1370	6736	2088	8826	0	826	758	956	0	0	0	0	0	0	0	0	0	0	0	0	0	0	0	0	0	0	0	0	0	0	0	0	0	0	0	0	0	0	0	0	0	0	0	0	0	0	1592	2450	138	1138	0	0	0	0	0	0	0	0	0	0	0	0	0	0	0	0	0	0	0	0	0	0	0	0	0	0	0	0	0	0	0	0	0	0	0	0	0	0	0	0	0	0	
486276	Frontal_Mid_L	22406	3102	70566	2140	1030	0	0	678	1888	148	12370	658	28304	1916	3722	1818	4502	0	16408	2600	118	0	13028	1438	0	0	0	0	10500	750	3930	838	1026	542	792	844	1862	912	370	436	0	0	0	0	0	0	584	518	0	0	388	0	0	0	0	428	334	172	0	0	0	0	0	0	0	0	182	370	918	308	7336	4150	1564	1944	0	0	9272	188	276	0	696	0	506	0	596	0	0	0	380	0	0	0	0	0	0	0	0	0	0	0	0	0	0	0	0	0	0	0	0	386	0	0	0	0	0	0	
282104	Frontal_Mid_R	386	9982	3532	35580	0	622	678	0	0	844	0	4572	184	7230	0	2628	0	532	8244	14402	0	180	4210	10822	0	0	0	148	692	3194	282	4026	0	6464	156	368	230	3886	0	1512	0	0	0	0	0	0	0	0	0	0	0	0	0	0	0	1664	0	802	0	232	0	228	0	240	0	0	0	0	0	0	788	2322	610	2212	0	1282	292	4030	0	0	0	0	0	0	0	0	0	0	212	552	0	0	0	0	0	0	0	0	0	0	0	0	0	0	0	0	0	0	0	0	0	0	0	0	0	0	
81276	Frontal_Mid_Orb_L	0	0	2780	0	13836	0	1888	0	0	0	0	0	1420	0	12640	0	0	0	0	0	576	0	0	166	902	124	1870	0	1392	0	1476	298	0	0	0	0	0	0	0	0	0	0	0	0	0	0	0	0	0	0	0	0	0	0	0	0	0	0	0	0	0	0	0	0	0	0	0	0	0	0	184	0	886	0	0	0	0	0	0	0	0	0	200	0	0	0	0	0	0	0	0	0	0	0	0	0	0	0	0	0	0	0	0	0	0	0	0	0	0	0	0	0	0	0	0	0	
34244	Frontal_Mid_Orb_R	0	0	482	1104	0	1968	148	844	0	0	0	0	0	178	0	5914	0	0	348	0	146	296	0	372	0	532	134	1000	140	160	0	176	0	0	0	0	0	0	0	0	0	0	0	0	0	0	0	0	0	0	0	0	0	0	0	0	0	0	0	0	0	0	0	0	0	0	0	0	0	0	284	1452	0	1444	0	0	0	0	0	0	0	0	0	0	0	0	0	0	0	0	0	0	0	0	0	0	0	0	0	0	0	0	0	0	0	0	0	0	0	0	0	0	0	0	0	0	
305036	Frontal_Inf_Oper_L	7978	986	25230	768	140	0	12370	0	0	0	0	452	10190	1014	0	714	17914	0	14204	846	0	0	0	120	0	0	0	0	20838	866	382	196	0	294	0	162	1894	182	194	0	0	0	0	0	0	0	0	0	0	0	0	0	0	0	298	0	2582	110	0	0	158	0	0	0	0	0	0	136	332	0	4720	2500	2952	1648	1196	0	1848	0	1212	0	6284	0	7436	0	506	0	0	0	512	0	0	0	0	0	0	0	0	0	0	0	0	0	0	0	0	0	0	0	0	154	0	0	0	0	0	0	
189884	Frontal_Inf_Oper_R	414	4656	2186	11954	0	0	658	4572	0	0	452	0	0	13132	0	0	0	3434	4250	11048	0	0	278	1014	0	0	0	0	804	11246	336	1618	0	3122	0	0	0	2064	0	1166	0	0	0	0	0	0	0	0	0	0	0	0	0	0	0	1556	0	1770	0	316	0	316	0	360	0	0	0	0	0	0	1024	1762	388	7214	0	196	0	232	0	110	0	152	164	794	0	0	0	0	0	184	0	0	0	0	0	0	0	0	0	0	0	0	0	0	0	0	0	0	0	0	0	0	0	0	0	0	
233264	Frontal_Inf_Tri_L	254	0	27212	478	1892	0	28304	184	1420	0	10190	0	0	234	7324	396	212	0	12752	0	648	0	3976	908	0	0	0	0	14906	128	1526	154	472	140	0	0	0	0	168	0	0	0	0	0	0	0	0	0	0	0	0	0	0	0	0	0	0	0	0	0	0	0	0	0	0	0	0	0	0	0	618	524	784	200	0	0	0	0	0	0	0	0	628	0	0	0	0	0	0	0	0	0	0	0	0	0	0	0	0	0	0	0	0	0	0	0	0	0	0	0	0	0	0	0	0	0	
287472	Frontal_Inf_Tri_R	428	218	5270	12086	0	0	1916	7230	0	178	1014	13132	234	0	0	16010	158	192	5536	6948	0	0	1516	5916	0	0	0	0	3214	19674	3020	14104	182	4168	0	0	0	536	0	436	0	0	0	0	0	0	0	0	0	0	0	0	0	0	0	360	0	0	0	0	0	0	0	0	0	0	0	0	0	0	2184	9918	984	6186	0	0	0	270	0	0	126	0	392	0	0	0	0	0	0	0	0	0	0	0	0	0	0	0	0	0	0	0	0	0	0	0	0	0	0	0	0	0	0	0	0	0	
157800	Frontal_Inf_Orb_L	0	0	8884	0	16964	0	3722	0	12640	0	0	0	7324	0	0	140	0	0	660	0	4694	0	2588	476	508	0	1214	0	10332	0	3026	340	0	0	0	0	0	0	380	0	188	0	0	0	0	0	0	0	0	0	0	0	0	0	0	0	0	0	0	0	0	0	0	0	0	0	0	0	0	0	298	220	3232	112	0	0	0	0	0	0	0	0	958	0	0	0	0	0	0	0	0	0	0	0	0	0	0	0	0	0	0	0	0	0	0	0	0	0	0	0	0	0	0	0	0	0	
210116	Frontal_Inf_Orb_R	190	0	4746	4444	0	4228	1818	2628	0	5914	714	0	396	16010	140	0	226	0	3004	848	2270	3804	208	1176	0	122	1626	4790	3626	8192	1734	4408	0	338	0	0	0	0	0	118	0	190	0	0	0	0	0	0	0	0	0	0	0	0	0	0	0	0	0	0	0	0	0	0	0	0	0	0	0	0	3660	14638	822	6856	0	0	192	580	0	0	166	0	236	0	0	0	0	0	0	0	0	0	0	0	0	0	0	0	0	0	0	0	0	0	0	0	0	0	0	0	0	0	0	0	0	0	
309184	Rolandic_Oper_L	12086	922	16282	812	0	0	4502	0	0	0	17914	0	212	158	0	226	0	0	8374	716	0	0	0	0	0	0	0	0	26450	160	0	0	0	264	240	250	4026	224	548	0	0	0	0	0	0	0	0	0	0	0	2218	0	0	0	740	0	10120	120	0	0	320	0	1446	0	218	0	1884	148	384	0	2374	630	2820	396	1466	0	1886	0	6466	0	13434	0	6170	0	4276	0	0	0	2604	0	0	0	0	0	0	0	0	0	0	0	0	0	0	0	0	0	0	0	0	106	0	0	0	0	0	0	
154496	Rolandic_Oper_R	144	2282	358	5922	0	0	0	532	0	0	0	3434	0	192	0	0	0	0	354	5158	0	0	0	0	0	0	0	0	0	16174	0	0	0	272	296	1058	0	3870	0	1098	0	0	0	856	0	198	0	0	0	186	0	434	0	410	0	3308	0	5226	0	1468	0	1458	0	4114	0	204	0	1962	178	916	0	0	0	2692	0	138	0	0	0	1004	0	3298	0	1624	0	1734	0	0	0	4696	0	0	0	0	0	0	0	0	0	0	0	0	0	0	0	0	0	0	0	0	0	0	0	0	0	0	
801552	Supp_Motor_Area_L	10982	6382	104672	21492	0	0	16408	8244	0	348	14204	4250	12752	5536	660	3004	8374	354	0	46928	0	0	7174	8038	0	0	0	0	21456	3156	5610	7780	8938	23800	1204	720	2000	1298	472	798	0	0	0	274	0	0	0	0	0	0	0	0	0	0	582	514	1240	606	0	326	0	328	0	338	0	0	522	478	5948	1844	5376	5936	5818	3996	1838	228	1400	0	322	0	2406	0	2884	160	114	0	0	0	264	0	0	0	0	0	0	0	0	0	0	0	0	0	0	0	0	0	0	0	0	0	0	0	0	0	0	0	
835120	Supp_Motor_Area_R	16604	11870	24392	70614	0	0	2600	14402	0	0	846	11048	0	6948	0	848	716	5158	46928	0	0	0	3692	12082	0	0	0	0	850	7626	2320	10726	6360	43832	1596	4950	386	5694	0	2356	0	0	0	1944	0	546	0	320	0	482	520	914	0	334	0	2566	232	1886	0	1206	0	1630	0	2258	0	742	852	4302	13870	27552	1562	13404	452	8590	0	2142	482	8184	0	112	144	762	166	442	0	1610	0	0	142	1766	0	0	0	0	0	0	0	0	0	0	0	0	0	0	0	0	0	0	0	0	0	0	0	0	0	0	
135216	Olfactory_L	0	0	2200	170	5924	1694	118	0	576	146	0	0	648	0	4694	2270	0	0	0	0	0	8506	1440	264	372	174	6670	4274	5050	1316	3538	1782	0	0	0	0	0	0	726	0	814	152	0	0	0	0	0	0	0	0	0	0	0	0	0	0	0	0	0	0	0	0	0	0	0	0	0	0	0	0	6378	4866	1516	1224	0	0	0	0	0	0	0	0	106	0	0	0	0	0	0	0	0	0	0	0	0	0	0	0	0	0	0	0	0	0	0	0	0	0	0	0	0	0	0	0	0	0	
144564	Olfactory_R	0	0	0	962	796	3150	0	180	0	296	0	0	0	0	0	3804	0	0	0	0	8506	0	0	992	206	952	5704	7916	0	3256	3472	3592	0	0	0	0	0	0	0	0	0	520	0	0	0	0	0	0	0	0	0	0	0	0	0	0	0	0	0	0	0	0	0	0	0	0	0	0	0	0	9842	10026	3160	4686	264	0	0	0	0	0	0	0	0	0	0	0	0	0	0	0	0	0	0	0	0	0	0	0	0	0	0	0	0	0	0	0	0	0	0	0	0	0	0	0	0	0	
301604	Frontal_Sup_Medial_L	0	0	32804	13060	3218	0	13028	4210	0	0	0	278	3976	1516	2588	208	0	0	7174	3692	1440	0	0	21386	1320	942	0	198	3924	2080	8646	11636	3180	6876	0	0	0	0	0	0	0	0	0	0	0	0	0	0	0	0	0	0	0	0	0	0	0	0	0	0	0	0	0	0	0	0	0	0	0	0	142	934	1528	818	0	0	0	0	0	0	0	0	0	0	0	0	0	0	0	0	0	0	0	0	0	0	0	0	0	0	0	0	0	0	0	0	0	0	0	0	0	0	0	0	0	0	
390848	Frontal_Sup_Medial_R	0	0	5054	40416	464	1214	1438	10822	166	372	120	1014	908	5916	476	1176	0	0	8038	12082	264	992	21386	0	658	4894	248	2978	1222	7638	5456	30864	520	14636	0	0	0	0	0	0	0	0	0	0	0	0	0	0	0	0	0	0	0	0	0	0	0	0	0	0	0	0	0	0	0	0	0	0	0	0	718	6482	726	6066	0	0	0	0	0	0	0	0	0	0	0	0	0	0	0	0	0	0	0	0	0	0	0	0	0	0	0	0	0	0	0	0	0	0	0	0	0	0	0	0	0	0	
34140	Frontal_Med_Orb_L	0	0	490	0	2888	1370	0	0	902	0	0	0	0	0	508	0	0	0	0	0	372	206	1320	658	0	2162	942	282	142	0	3504	930	0	0	0	0	0	0	0	0	0	0	0	0	0	0	0	0	0	0	0	0	0	0	0	0	0	0	0	0	0	0	0	0	0	0	0	0	0	0	0	232	0	162	0	0	0	0	0	0	0	0	0	0	0	0	0	0	0	0	0	0	0	0	0	0	0	0	0	0	0	0	0	0	0	0	0	0	0	0	0	0	0	0	0	0	
76000	Frontal_Med_Orb_R	0	0	0	3196	456	6736	0	0	124	532	0	0	0	0	0	122	0	0	0	0	174	952	942	4894	2162	0	1052	8314	0	0	1470	4644	0	0	0	0	0	0	0	0	0	0	0	0	0	0	0	0	0	0	0	0	0	0	0	0	0	0	0	0	0	0	0	0	0	0	0	0	0	0	264	1338	0	628	0	0	0	0	0	0	0	0	0	0	0	0	0	0	0	0	0	0	0	0	0	0	0	0	0	0	0	0	0	0	0	0	0	0	0	0	0	0	0	0	0	0	
96052	Rectus_L	0	0	122	152	6098	2088	0	0	1870	134	0	0	0	0	1214	1626	0	0	0	0	6670	5704	0	248	942	1052	0	4498	0	404	3868	2064	0	0	0	0	0	0	0	0	0	0	0	0	0	0	0	0	0	0	0	0	0	0	0	0	0	0	0	0	0	0	0	0	0	0	0	0	0	0	4202	3076	822	1172	0	0	0	0	0	0	0	0	0	0	0	0	0	0	0	0	0	0	0	0	0	0	0	0	0	0	0	0	0	0	0	0	0	0	0	0	0	0	0	0	0	0	
136976	Rectus_R	0	0	0	2442	1084	8826	0	148	0	1000	0	0	0	0	0	4790	0	0	0	0	4274	7916	198	2978	282	8314	4498	0	0	1718	2726	6402	0	0	0	0	0	0	0	0	0	0	0	0	0	0	0	0	0	0	0	0	0	0	0	0	0	0	0	0	0	0	0	0	0	0	0	0	0	0	2996	4360	400	3136	0	0	0	0	0	0	0	0	0	0	0	0	0	0	0	0	0	0	0	0	0	0	0	0	0	0	0	0	0	0	0	0	0	0	0	0	0	0	0	0	0	0	
735132	Insula_L	12046	1540	43574	1346	8384	0	10500	692	1392	140	20838	804	14906	3214	10332	3626	26450	0	21456	850	5050	0	3924	1222	142	0	0	0	0	1752	5604	1854	256	394	1762	1508	20510	1262	3050	598	3240	0	0	0	0	0	570	662	114	0	1164	0	136	0	7474	498	7232	312	0	226	328	228	306	230	332	0	660	634	0	0	12982	8002	23710	2504	660	0	4284	0	10140	0	16012	0	10498	0	9470	0	0	0	13506	0	0	0	0	0	0	0	0	0	0	0	0	0	0	0	0	0	0	0	0	474	0	0	0	0	0	0	
427556	Insula_R	350	1944	2928	17520	0	826	750	3194	0	160	866	11246	128	19674	0	8192	160	16174	3156	7626	1316	3256	2080	7638	0	0	404	1718	1752	0	2386	13710	0	2716	316	930	0	9196	0	4158	0	912	0	212	0	0	0	0	0	0	0	0	0	228	0	6778	0	1554	0	744	0	850	0	1598	0	0	0	852	120	148	2480	8478	974	24376	0	0	0	236	0	2230	150	5724	406	1712	0	1436	0	0	0	5110	0	0	0	0	0	0	0	0	0	0	0	0	0	0	0	0	0	0	0	0	0	0	0	0	0	0	
239532	Cingulum_Ant_L	0	0	9488	2222	5082	758	3930	282	1476	0	382	336	1526	3020	3026	1734	0	0	5610	2320	3538	3472	8646	5456	3504	1470	3868	2726	5604	2386	0	17356	3346	3818	162	0	0	0	0	0	0	0	0	0	0	0	0	0	0	0	0	0	0	0	0	0	0	0	0	0	0	0	0	0	0	0	0	0	0	0	2246	3734	4452	2790	0	0	0	0	0	0	0	0	0	0	0	0	0	0	0	0	0	0	0	0	0	0	0	0	0	0	0	0	0	0	0	0	0	0	0	0	0	0	0	0	0	0	
440332	Cingulum_Ant_R	128	0	4946	25594	1294	956	838	4026	298	176	196	1618	154	14104	340	4408	0	0	7780	10726	1782	3592	11636	30864	930	4644	2064	6402	1854	13710	17356	0	2928	19514	760	0	0	0	0	0	0	0	0	0	0	0	0	0	0	0	0	0	0	0	0	0	0	0	0	0	0	0	0	0	0	0	0	0	0	0	1362	11874	812	10500	0	0	0	0	0	0	0	0	0	0	0	0	0	0	0	0	0	0	0	0	0	0	0	0	0	0	0	0	0	0	0	0	0	0	0	0	0	0	0	0	0	0	
137008	Cingulum_Mid_L	1514	318	2768	508	0	0	1026	0	0	0	0	0	472	182	0	0	0	0	8938	6360	0	0	3180	520	0	0	0	0	256	0	3346	2928	0	11298	4268	1476	0	0	0	0	0	0	142	464	308	646	0	0	1188	552	1396	458	282	0	0	0	106	0	158	0	0	0	0	0	120	0	4120	1834	5368	1428	0	0	0	0	0	0	0	0	0	0	0	0	0	0	576	0	0	0	0	0	0	0	0	0	0	0	0	0	0	0	0	0	0	0	0	0	0	0	0	0	0	0	0	0	0	0	
466124	Cingulum_Mid_R	7898	1488	8976	13894	0	0	542	6464	0	0	294	3122	140	4168	0	338	264	272	23800	43832	0	0	6876	14636	0	0	0	0	394	2716	3818	19514	11298	0	3122	7122	0	140	0	0	0	0	0	2974	0	3758	0	0	0	3828	172	3268	0	188	0	146	0	1392	0	0	0	0	0	110	0	582	1610	11044	6228	9228	210	714	0	478	0	0	206	0	0	0	0	208	0	0	0	986	0	0	0	604	0	0	0	0	0	0	0	0	0	0	0	0	0	0	0	0	0	0	0	0	0	0	0	0	0	0	
170648	Cingulum_Post_L	6166	342	500	204	0	0	792	156	0	0	0	0	0	0	0	0	240	296	1204	1596	0	0	0	0	0	0	0	0	1762	316	162	760	4268	3122	0	12426	9826	6522	1864	1782	0	0	2944	110	700	0	948	1768	224	0	1456	0	0	0	190	2234	282	0	0	0	0	0	0	0	0	0	6580	1646	4308	992	0	0	0	0	0	0	1506	422	1002	0	0	0	0	0	1530	416	0	0	880	724	0	0	0	0	0	0	0	0	0	0	0	0	0	0	0	0	0	0	0	0	156	0	0	0	0	0	
269040	Cingulum_Post_R	7378	894	992	506	0	0	844	368	0	0	162	0	0	0	0	0	250	1058	720	4950	0	0	0	0	0	0	0	0	1508	930	0	0	1476	7122	12426	0	6618	13322	1272	4976	0	0	0	7408	0	606	0	6734	0	472	0	1534	0	1232	0	6920	0	114	0	0	0	0	0	122	0	550	1284	18212	2006	3010	0	0	0	0	0	0	6018	1960	1034	0	0	0	0	0	0	2996	0	0	0	4040	0	0	0	0	0	0	0	0	0	0	0	0	0	0	0	0	0	0	0	0	496	0	0	0	0	0	
377332	Hippocampus_L	5028	532	5202	250	0	0	1862	230	0	0	1894	0	0	0	0	0	4026	0	2000	386	0	0	0	0	0	0	0	0	20510	0	0	0	0	0	9826	6618	0	5004	15792	2294	10264	0	3576	0	202	0	5048	2776	116	0	592	0	0	0	18270	1920	1838	0	0	0	0	0	0	0	0	0	5378	1822	0	0	1468	182	7778	0	1062	0	8812	212	5026	0	4700	0	1148	0	5810	0	0	0	17394	0	112	0	0	0	0	212	218	0	152	0	0	0	0	0	0	0	0	0	0	972	152	0	0	0	0	0	
542924	Hippocampus_R	5602	10294	1638	9082	0	0	912	3886	0	0	182	2064	0	536	0	0	224	3870	1298	5694	0	0	0	0	0	0	0	0	1262	9196	0	0	0	140	6522	13322	5004	0	1016	46092	0	11032	0	866	0	0	0	8776	0	0	298	0	0	394	0	47526	0	948	0	170	0	192	0	548	0	0	302	6722	666	878	554	912	0	21998	0	914	5956	6846	828	624	0	2036	0	594	0	6922	0	0	0	14856	0	0	0	0	0	0	0	1020	0	0	0	0	0	0	0	0	0	0	0	0	248	0	0	0	0	0	
120352	ParaHippocampal_L	380	0	902	0	494	0	370	0	0	0	194	0	168	0	380	0	548	0	472	0	726	0	0	0	0	0	0	0	3050	0	0	0	0	0	1864	1272	15792	1016	0	460	2194	0	848	0	146	0	5500	766	0	0	182	0	0	0	7812	298	0	0	0	0	0	0	0	0	0	0	1914	224	0	0	112	0	1180	0	122	0	1732	0	0	0	692	0	390	0	338	0	0	0	3102	0	518	0	0	0	592	682	1358	0	584	0	0	0	106	0	0	0	0	0	106	590	0	0	0	0	0	0	
352924	ParaHippocampal_R	2626	2312	1082	3506	0	0	436	1512	0	0	0	1166	0	436	0	118	0	1098	798	2356	0	0	0	0	0	0	0	0	598	4158	0	0	0	0	1782	4976	2294	46092	460	0	0	11176	0	502	0	0	0	9426	0	0	0	0	0	1166	0	36182	0	606	0	0	0	0	0	356	0	0	0	3328	0	0	264	790	0	11652	0	568	3416	3830	420	288	0	1082	0	1936	0	2584	0	1294	0	5324	0	160	0	0	0	0	0	2032	0	162	0	0	0	0	0	0	0	0	0	0	112	0	0	0	0	0	
56992	Amygdala_L	0	0	256	0	520	0	0	0	0	0	0	0	0	0	188	0	0	0	0	0	814	0	0	0	0	0	0	0	3240	0	0	0	0	0	0	0	10264	0	2194	0	0	0	0	0	0	0	0	0	0	0	0	0	0	0	5510	0	0	0	0	0	0	0	0	0	0	0	0	0	0	0	0	0	468	0	0	0	0	0	0	0	0	0	916	0	0	0	0	0	4126	0	0	0	0	0	0	0	0	0	0	0	0	0	0	0	0	0	0	0	0	0	0	0	0	0	0	0	
71480	Amygdala_R	0	0	0	0	0	0	0	0	0	0	0	0	0	0	0	190	0	0	0	0	152	520	0	0	0	0	0	0	0	912	0	0	0	0	0	0	0	11032	0	11176	0	0	0	0	0	0	0	0	0	0	0	0	0	0	0	7016	0	0	0	0	0	0	0	0	0	0	0	0	0	0	0	408	0	384	0	0	0	0	0	0	0	0	0	2360	0	412	0	754	0	424	0	0	0	0	0	0	0	0	0	0	0	0	0	0	0	0	0	0	0	0	0	0	0	0	0	0	
202812	Calcarine_L	186	0	0	0	0	0	0	0	0	0	0	0	0	0	0	0	0	0	0	0	0	0	0	0	0	0	0	0	0	0	0	0	142	0	2944	0	3576	0	848	0	0	0	0	9970	12680	5042	10738	3304	8882	2720	16030	686	2266	0	2198	640	248	0	1120	0	208	0	0	0	0	0	12406	820	204	0	0	0	0	0	0	0	0	0	0	0	0	0	0	0	2730	0	0	0	686	0	0	0	0	0	0	0	0	0	132	0	0	0	0	0	0	0	0	0	0	0	0	0	0	0	0	0	
369256	Calcarine_R	0	678	0	0	0	0	0	0	0	0	0	0	0	0	0	0	0	856	274	1944	0	0	0	0	0	0	0	0	0	212	0	0	464	2974	110	7408	0	866	0	502	0	0	9970	0	4642	23692	1098	19558	0	18286	0	17518	0	6732	0	6544	0	1862	0	308	0	120	0	316	0	958	1794	36252	282	2192	0	0	0	0	0	0	0	0	0	284	0	330	0	0	0	9218	0	0	0	5246	0	0	0	0	0	0	0	378	180	284	0	0	0	0	0	0	0	0	0	0	172	124	0	0	0	0	
162428	Cuneus_L	360	0	0	0	0	0	0	0	0	0	0	0	0	0	0	0	0	0	0	0	0	0	0	0	0	0	0	0	0	0	0	0	308	0	700	0	202	0	146	0	0	0	12680	4642	0	6126	2004	748	17084	2044	13458	298	672	0	320	0	298	0	3154	0	244	0	0	0	0	0	11344	986	920	0	0	0	0	0	0	0	0	0	0	0	0	0	0	0	2290	0	0	0	186	0	0	0	0	0	0	0	0	0	0	0	0	0	0	0	0	0	0	0	0	0	0	0	0	0	0	0	
244228	Cuneus_R	0	0	0	0	0	0	0	0	0	0	0	0	0	0	0	0	0	198	0	546	0	0	0	0	0	0	0	0	0	0	0	0	646	3758	0	606	0	0	0	0	0	0	5042	23692	6126	0	428	2330	0	29386	0	11190	0	424	0	188	0	2260	0	1010	0	0	0	0	0	1172	5198	24810	186	1480	0	0	0	0	0	0	0	0	0	0	0	130	0	0	0	848	0	0	0	460	0	0	0	0	0	0	0	0	0	0	0	0	0	0	0	0	0	0	0	0	0	0	0	0	0	0	
273636	Lingual_L	848	0	390	0	0	0	584	0	0	0	0	0	0	0	0	0	0	0	0	0	0	0	0	0	0	0	0	0	570	0	0	0	0	0	948	0	5048	0	5500	0	0	0	10738	1098	2004	428	0	4622	3602	258	10268	136	5468	0	23122	320	0	0	460	0	0	0	0	0	0	0	4908	112	0	0	0	0	0	0	0	0	2606	0	298	0	0	0	0	0	342	0	0	0	2238	0	8434	214	1252	0	0	0	10238	514	17076	1550	0	0	0	0	0	0	0	0	0	346	3620	5264	1394	0	0	0	
423696	Lingual_R	2470	258	584	392	0	0	518	0	0	0	0	0	0	0	0	0	0	0	0	320	0	0	0	0	0	0	0	0	662	0	0	0	0	0	1768	6734	2776	8776	766	9426	0	0	3304	19558	748	2330	4622	0	0	3988	0	4820	446	7238	2028	24710	0	0	0	0	0	0	0	0	0	248	252	9696	0	0	0	0	0	168	0	0	3970	948	474	0	0	0	0	0	0	1040	0	0	0	930	6942	4072	1664	482	192	660	5998	10050	11980	16114	0	0	0	0	1580	160	0	0	0	240	10508	12074	1774	0	140	250	
221964	Occipital_Sup_L	764	0	0	0	0	0	0	0	0	0	0	0	0	0	0	0	0	0	0	0	0	0	0	0	0	0	0	0	114	0	0	0	1188	0	224	0	116	0	0	0	0	0	8882	0	17084	0	3602	0	0	0	37304	0	3172	0	1114	0	976	0	13498	0	1214	0	0	0	336	0	14956	142	680	0	0	0	0	0	0	0	0	0	0	0	0	0	0	0	5436	0	0	0	180	0	0	0	0	0	0	0	0	0	0	0	0	0	0	0	0	0	0	0	0	0	0	0	0	0	0	0	
271404	Occipital_Sup_R	0	280	0	0	0	0	0	0	0	0	0	0	0	0	0	0	0	186	0	482	0	0	0	0	0	0	0	0	0	0	0	0	552	3828	0	472	0	0	0	0	0	0	2720	18286	2044	29386	258	3988	0	0	0	26436	0	752	0	286	0	2216	0	5478	0	1720	0	0	0	3366	4470	24656	162	1178	0	0	0	0	0	0	0	0	0	0	0	142	0	0	0	1974	0	0	0	384	0	0	0	0	0	0	0	0	0	0	0	0	0	0	0	0	0	0	0	0	0	0	0	0	0	0	
463412	Occipital_Mid_L	3296	316	182	0	0	0	388	0	0	0	0	0	0	0	0	0	2218	0	0	520	0	0	0	0	0	0	0	0	1164	0	0	0	1396	172	1456	0	592	298	182	0	0	0	16030	0	13458	0	10268	0	37304	0	0	0	16928	0	5834	106	4210	134	16012	128	16632	128	2636	128	19006	0	28766	0	2540	514	0	0	0	0	0	0	0	0	122	0	2944	0	0	0	21710	108	0	0	3178	158	0	0	0	0	0	0	0	0	428	0	0	0	0	0	0	0	0	0	0	0	0	116	0	0	0	0	
283936	Occipital_Mid_R	0	450	0	0	0	0	0	0	0	0	0	0	0	0	0	0	0	434	0	914	0	0	0	0	0	0	0	0	0	0	0	0	458	3268	0	1534	0	0	0	0	0	0	686	17518	298	11190	136	4820	0	26436	0	0	0	3758	0	1398	0	3240	0	4946	0	5624	0	682	0	14002	1616	18716	230	1846	0	0	0	0	0	0	0	0	0	0	0	316	0	0	0	12624	0	0	0	4828	0	0	0	0	0	0	0	0	0	0	0	0	0	0	0	0	0	0	0	0	0	0	0	0	0	0	
95772	Occipital_Inf_L	376	0	0	0	0	0	0	0	0	0	0	0	0	0	0	0	0	0	0	0	0	0	0	0	0	0	0	0	136	0	0	0	282	0	0	0	0	0	0	0	0	0	2266	0	672	0	5468	446	3172	0	16928	0	0	0	5108	0	218	0	552	0	118	0	0	0	0	0	1544	0	0	0	0	0	0	0	0	0	0	0	0	0	0	0	0	0	4730	0	0	0	2758	0	470	0	128	0	0	0	0	0	1096	234	0	0	0	0	0	0	0	0	0	0	194	662	328	0	0	0	
111416	Occipital_Inf_R	0	540	0	0	0	0	0	0	0	0	0	0	0	0	0	0	0	410	0	334	0	0	0	0	0	0	0	0	0	228	0	0	0	188	0	1232	0	394	0	1166	0	0	0	6732	0	424	0	7238	0	752	0	3758	0	0	0	10560	0	0	0	0	0	0	0	0	0	108	0	4482	0	434	0	0	0	0	0	0	0	0	0	0	0	0	0	0	0	1692	0	0	0	7556	336	752	116	0	0	0	130	1914	428	2372	0	0	0	0	0	0	0	0	0	0	944	488	0	0	0	0	
411444	Fusiform_L	352	0	1128	0	0	0	0	0	0	0	298	0	0	0	0	0	740	0	582	0	0	0	0	0	0	0	0	0	7474	0	0	0	0	0	190	0	18270	0	7812	0	5510	0	2198	0	320	0	23122	2028	1114	0	5834	0	5108	0	0	0	172	0	166	0	0	0	0	0	0	0	1282	0	0	0	760	114	3672	0	0	0	180	0	494	0	2960	0	1598	0	5496	0	306	0	21620	0	24782	128	3146	0	272	0	15250	548	30576	974	372	0	720	0	0	0	0	0	0	162	2514	4732	646	0	0	0	
604248	Fusiform_R	2760	4996	656	2824	0	0	428	1664	0	0	0	1556	0	360	0	0	0	3308	514	2566	0	0	0	0	0	0	0	0	498	6778	0	0	0	146	2234	6920	1920	47526	298	36182	0	7016	640	6544	0	188	320	24710	0	286	106	1398	0	10560	0	0	0	798	0	124	0	142	0	490	0	184	120	6408	258	536	308	304	0	13110	0	446	2856	2294	390	468	0	1814	0	3492	0	5280	0	2108	0	20672	1816	10558	486	250	0	0	2188	14006	3068	18694	0	0	0	0	1220	0	0	0	0	0	7786	2996	552	0	0	0	
247824	Postcentral_L	21974	4594	4016	194	0	0	334	0	0	0	2582	0	0	0	0	0	10120	0	1240	232	0	0	0	0	0	0	0	0	7232	0	0	0	106	0	282	0	1838	0	0	0	0	0	248	0	298	0	0	0	976	0	4210	0	218	0	172	0	0	368	6968	316	22592	316	9806	318	2642	0	5954	0	5124	0	160	0	142	0	232	0	476	0	2610	0	1424	0	0	0	2334	0	0	0	1264	0	0	0	0	0	0	0	0	0	0	0	0	0	0	0	0	0	0	0	0	0	0	0	0	0	0	0	
200376	Postcentral_R	634	12820	732	2110	0	0	172	802	0	0	110	1770	0	0	0	0	120	5226	606	1886	0	0	0	0	0	0	0	0	312	1554	0	0	0	1392	0	114	0	948	0	606	0	0	0	1862	0	2260	0	0	0	2216	134	3240	0	0	0	798	368	0	0	9018	0	7076	0	15568	0	2066	0	12876	120	6750	170	180	0	648	0	0	0	194	0	0	0	582	0	0	118	1454	0	0	0	576	0	0	0	0	0	0	0	0	0	0	0	0	0	0	0	0	0	0	0	0	0	0	0	0	0	0	
137032	Parietal_Sup_L	220	0	0	0	0	0	0	0	0	0	0	0	0	0	0	0	0	0	0	0	0	0	0	0	0	0	0	0	0	0	0	0	158	0	0	0	0	0	0	0	0	0	1120	0	3154	0	460	0	13498	0	16012	0	552	0	166	0	6968	0	0	0	6506	0	0	0	4120	0	13578	164	768	0	0	0	0	0	0	0	0	0	0	0	0	0	0	0	1072	0	0	0	0	0	0	0	0	0	0	0	0	0	0	0	0	0	0	0	0	0	0	0	0	0	0	0	0	0	0	0	
159644	Parietal_Sup_R	516	1128	446	1432	0	0	0	232	0	0	0	316	0	0	0	0	0	1468	326	1206	0	0	0	0	0	0	0	0	226	744	0	0	0	0	0	0	0	170	0	0	0	0	0	308	0	1010	0	0	0	5478	128	4946	0	0	0	124	316	9018	0	0	0	17006	0	10794	0	5468	910	10944	0	600	0	168	0	208	0	0	0	156	0	0	0	376	0	0	112	2570	0	0	0	972	0	0	0	0	0	0	0	0	0	0	0	0	0	0	0	0	0	0	0	0	0	0	0	0	0	0	
221084	Parietal_Inf_L	872	128	1304	0	0	0	0	0	0	0	158	0	0	0	0	0	320	0	0	0	0	0	0	0	0	0	0	0	328	0	0	0	0	0	0	0	0	0	0	0	0	0	208	0	244	0	0	0	1214	0	16632	0	118	0	0	0	22592	0	6506	0	0	0	19794	0	20558	0	4010	0	1450	0	0	0	0	0	0	0	0	0	0	0	910	0	0	0	10912	0	0	0	2284	0	0	0	0	0	0	0	0	0	0	0	0	0	0	0	0	0	0	0	0	0	0	0	0	0	0	0	
179148	Parietal_Inf_R	518	1634	448	1644	0	0	0	228	0	0	0	316	0	0	0	0	0	1458	328	1630	0	0	0	0	0	0	0	0	228	850	0	0	0	0	0	0	0	192	0	0	0	0	0	120	0	0	0	0	0	1720	128	5624	0	0	0	142	316	7076	0	17006	0	0	0	20834	0	15984	0	1172	128	556	0	168	0	236	0	0	0	160	0	0	0	1034	0	0	112	6294	0	0	0	1290	0	0	0	0	0	0	0	0	0	0	0	0	0	0	0	0	0	0	0	0	0	0	0	0	0	0	
126308	SupraMarginal_L	192	0	0	0	0	0	0	0	0	0	0	0	0	0	0	0	1446	0	0	0	0	0	0	0	0	0	0	0	306	0	0	0	0	0	0	0	0	0	0	0	0	0	0	0	0	0	0	0	0	0	2636	0	0	0	0	0	9806	0	0	0	19794	0	0	0	4562	0	2270	0	0	0	0	0	0	0	0	0	0	0	0	0	4952	0	0	0	14842	0	0	0	2348	0	0	0	0	0	0	0	0	0	0	0	0	0	0	0	0	0	0	0	0	0	0	0	0	0	0	0	
190692	SupraMarginal_R	522	3592	474	1778	0	0	0	240	0	0	0	360	0	0	0	0	0	4114	338	2258	0	0	0	0	0	0	0	0	230	1598	0	0	0	110	0	122	0	548	0	356	0	0	0	316	0	0	0	0	0	0	128	682	0	0	0	490	318	15568	0	10794	0	20834	0	0	0	7822	0	1034	190	1108	0	168	0	376	0	0	0	164	0	0	0	4300	0	0	112	11444	0	0	0	2858	0	0	0	0	0	0	0	0	0	0	0	0	0	0	0	0	0	0	0	0	0	0	0	0	0	0	
129288	Angular_L	136	0	0	0	0	0	0	0	0	0	0	0	0	0	0	0	218	0	0	0	0	0	0	0	0	0	0	0	332	0	0	0	120	0	0	0	0	0	0	0	0	0	0	0	0	0	0	0	336	0	19006	0	0	0	0	0	2642	0	4120	0	20558	0	4562	0	0	0	2928	0	1222	0	0	0	0	0	0	0	0	0	0	0	1318	0	0	0	7146	0	0	0	0	0	0	0	0	0	0	0	0	0	0	0	0	0	0	0	0	0	0	0	0	0	0	0	0	0	0	0	
135636	Angular_R	0	338	0	0	0	0	0	0	0	0	0	0	0	0	0	0	0	204	0	742	0	0	0	0	0	0	0	0	0	0	0	0	0	582	0	550	0	0	0	0	0	0	0	958	0	1172	0	248	0	3366	0	14002	0	108	0	184	0	2066	0	5468	0	15984	0	7822	0	0	108	4170	180	1650	0	0	0	0	0	0	0	0	0	0	0	1768	0	0	0	5720	0	0	0	428	0	0	0	0	0	0	0	0	0	0	0	0	0	0	0	0	0	0	0	0	0	0	0	0	0	0	
347232	Precuneus_L	2036	0	242	0	0	0	182	0	0	0	0	0	0	0	0	0	1884	0	522	852	0	0	0	0	0	0	0	0	660	0	0	0	4120	1610	6580	1284	5378	302	1914	0	0	0	12406	1794	11344	5198	4908	252	14956	4470	28766	1616	1544	0	1282	120	5954	0	13578	910	4010	0	2270	0	2928	108	0	8618	6784	606	0	0	0	0	0	0	248	0	162	0	2724	0	0	0	6212	108	0	0	2018	156	0	0	0	0	0	0	0	0	0	0	0	0	0	0	0	0	0	0	0	0	0	0	0	0	0	0	
507196	Precuneus_R	2234	1514	438	306	0	0	370	0	0	0	136	0	0	0	0	0	148	1962	478	4302	0	0	0	0	0	0	0	0	634	852	0	0	1834	11044	1646	18212	1822	6722	224	3328	0	0	820	36252	986	24810	112	9696	142	24656	0	18716	0	4482	0	6408	0	12876	164	10944	0	1172	0	1034	0	4170	8618	0	910	6048	0	0	0	0	0	0	2854	264	474	228	0	1482	0	0	0	8790	0	0	0	7640	0	0	0	0	0	0	0	142	0	0	0	0	0	0	0	0	0	0	0	0	502	0	0	0	0	0	
195352	Paracentral_Lobule_L	14874	3558	3012	266	0	0	918	0	0	0	332	0	0	0	0	0	384	178	5948	13870	0	0	0	0	0	0	0	0	0	120	0	0	5368	6228	4308	2006	0	666	0	0	0	0	204	282	920	186	0	0	680	162	2540	230	0	0	0	258	5124	120	768	0	1450	128	0	190	1222	180	6784	910	0	10750	0	0	0	0	0	0	190	0	0	0	0	0	0	0	1434	376	0	0	204	348	0	0	0	0	0	0	0	0	0	0	0	0	0	0	0	0	0	0	0	0	0	0	0	0	0	0	
215684	Paracentral_Lobule_R	8466	10396	596	140	0	0	308	0	0	0	0	0	0	0	0	0	0	916	1844	27552	0	0	0	0	0	0	0	0	0	148	0	0	1428	9228	992	3010	0	878	0	0	0	0	0	2192	0	1480	0	0	0	1178	514	1846	0	434	0	536	0	6750	0	600	0	556	0	1108	0	1650	606	6048	10750	0	0	0	0	0	0	0	234	0	0	0	0	844	0	0	0	2654	0	0	0	1960	0	0	0	0	0	0	0	0	0	0	0	0	0	0	0	0	0	0	0	0	0	0	0	0	0	0	
330984	Caudate_L	6992	2542	9024	2040	408	1592	7336	788	184	284	4720	1024	618	2184	298	3660	2374	0	5376	1562	6378	9842	142	718	0	264	4202	2996	12982	2480	2246	1362	0	210	0	0	1468	554	112	264	0	0	0	0	0	0	0	0	0	0	0	0	0	0	760	308	160	170	0	0	0	0	0	0	0	0	0	0	0	0	0	20882	16436	10592	1952	1342	8210	610	0	0	1604	0	2348	0	124	0	0	0	768	0	0	0	0	0	0	0	0	0	0	0	0	0	0	0	0	0	0	0	0	0	0	0	0	0	0	0	
522480	Caudate_R	1034	8868	9398	21650	726	2450	4150	2322	0	1452	2500	1762	524	9918	220	14638	630	0	5936	13404	4866	10026	934	6482	232	1338	3076	4360	8002	8478	3734	11874	0	714	0	0	182	912	0	790	0	408	0	0	0	0	0	0	0	0	0	0	0	0	114	304	0	180	0	168	0	168	0	168	0	0	0	0	0	0	20882	0	7742	32800	702	4024	3154	20754	0	0	518	0	1172	0	0	0	0	0	0	0	0	0	0	0	0	0	0	0	0	0	0	0	0	0	0	0	0	0	0	400	0	0	0	0	0	0	
279004	Putamen_L	744	1018	14024	752	3190	138	1564	610	886	0	2952	388	784	984	3232	822	2820	0	5818	452	1516	3160	1528	726	0	0	822	400	23710	974	4452	812	0	0	0	0	7778	0	1180	0	468	0	0	0	0	0	0	0	0	0	0	0	0	0	3672	0	142	0	0	0	0	0	0	0	0	0	0	0	0	0	16436	7742	0	4168	7220	948	3732	384	0	0	1126	0	3160	0	138	0	0	0	1822	0	0	0	0	0	0	0	0	0	0	0	0	0	0	0	0	0	0	0	0	108	0	0	0	0	0	0	
461772	Putamen_R	614	1646	4526	13604	494	1138	1944	2212	0	1444	1648	7214	200	6186	112	6856	396	2692	3996	8590	1224	4686	818	6066	162	628	1172	3136	2504	24376	2790	10500	0	478	0	0	0	21998	0	11652	0	384	0	0	0	0	0	168	0	0	0	0	0	0	0	13110	0	648	0	208	0	236	0	376	0	0	0	0	0	0	10592	32800	4168	0	166	3256	210	1148	0	0	364	574	874	404	0	690	0	0	0	2808	0	0	0	0	0	0	0	0	0	0	0	0	0	0	0	0	0	0	0	0	0	0	0	0	0	0	
52016	Pallidum_L	314	400	5430	154	0	0	0	0	0	0	1196	0	0	0	0	0	1466	0	1838	0	0	264	0	0	0	0	0	0	660	0	0	0	0	0	0	0	1062	0	122	0	0	0	0	0	0	0	0	0	0	0	0	0	0	0	0	0	232	0	0	0	0	0	0	0	0	0	0	0	0	0	1952	702	7220	166	0	0	1610	392	0	0	414	0	414	0	0	0	0	0	0	0	0	0	0	0	0	0	0	0	0	0	0	0	0	0	0	0	0	0	0	0	0	0	0	0	0	0	
37516	Pallidum_R	0	1012	224	2038	0	0	0	1282	0	0	0	196	0	0	0	0	0	138	228	2142	0	0	0	0	0	0	0	0	0	0	0	0	0	0	0	0	0	914	0	568	0	0	0	0	0	0	0	0	0	0	0	0	0	0	0	446	0	0	0	0	0	0	0	0	0	0	0	0	0	0	1342	4024	948	3256	0	0	0	0	0	0	0	0	0	0	0	0	0	0	0	0	0	0	0	0	0	0	0	0	0	0	0	0	0	0	0	0	0	0	0	0	0	0	0	0	0	0	
239120	Thalamus_L	11180	3792	13424	852	0	0	9272	292	0	0	1848	0	0	0	0	192	1886	0	1400	482	0	0	0	0	0	0	0	0	4284	0	0	0	0	206	1506	6018	8812	5956	1732	3416	0	0	0	0	0	0	2606	3970	0	0	0	0	0	0	180	2856	476	0	0	0	0	0	0	0	0	0	248	2854	190	234	8210	3154	3732	210	1610	0	0	7328	948	0	854	0	292	0	800	0	0	0	512	0	0	0	0	0	0	0	202	198	0	0	0	0	0	0	0	0	0	0	0	1346	0	0	0	0	0	0	
191096	Thalamus_R	1032	14704	322	17304	0	0	188	4030	0	0	0	232	0	270	0	580	0	0	0	8184	0	0	0	0	0	0	0	0	0	236	0	0	0	0	422	1960	212	6846	0	3830	0	0	0	0	0	0	0	948	0	0	0	0	0	0	0	2294	0	194	0	156	0	160	0	164	0	0	0	264	0	0	610	20754	384	1148	392	0	7328	0	0	0	0	0	0	0	0	0	0	0	0	0	0	0	0	0	0	0	0	0	0	0	0	0	0	0	0	0	0	0	0	400	0	0	0	0	0	0	
100076	Heschl_L	2518	0	1268	0	0	0	276	0	0	0	1212	0	0	0	0	0	6466	0	322	0	0	0	0	0	0	0	0	0	10140	0	0	0	0	0	1002	1034	5026	828	0	420	0	0	0	0	0	0	298	474	0	0	122	0	0	0	494	390	2610	0	0	0	0	0	0	0	0	0	162	474	0	0	0	0	0	0	0	0	948	0	0	0	3304	0	0	0	5382	0	0	0	4868	0	0	0	0	0	0	0	0	0	0	0	0	0	0	0	0	0	0	0	0	0	0	0	0	0	0	0	
20444	Heschl_R	0	154	0	106	0	0	0	0	0	0	0	110	0	0	0	0	0	1004	0	112	0	0	0	0	0	0	0	0	0	2230	0	0	0	0	0	0	0	624	0	288	0	0	0	284	0	0	0	0	0	0	0	0	0	0	0	468	0	0	0	0	0	0	0	0	0	0	0	228	0	0	0	0	0	0	0	0	0	0	0	0	0	3734	0	0	0	442	0	0	0	438	0	0	0	0	0	0	0	0	0	0	0	0	0	0	0	0	0	0	0	0	0	0	0	0	0	0	
217560	Temporal_Sup_L	1576	160	4186	152	0	0	696	0	0	0	6284	0	0	126	0	166	13434	0	2406	144	0	0	0	0	0	0	0	0	16012	150	0	0	0	0	0	0	4700	0	692	0	0	0	0	0	0	0	0	0	0	0	2944	0	0	0	2960	0	1424	0	0	0	910	0	4952	0	1318	0	2724	0	0	0	1604	518	1126	364	414	0	854	0	3304	0	0	0	7722	0	16978	0	0	0	7780	0	0	0	0	0	0	0	0	0	0	0	0	0	0	0	0	0	0	0	0	0	0	0	0	0	0	0	
94664	Temporal_Sup_R	0	1352	0	236	0	0	0	0	0	0	0	152	0	0	0	0	0	3298	0	762	0	0	0	0	0	0	0	0	0	5724	0	0	0	208	0	0	0	2036	0	1082	0	0	0	330	0	130	0	0	0	142	0	316	0	0	0	1814	0	582	0	376	0	1034	0	4300	0	1768	0	1482	0	844	0	0	0	574	0	0	0	0	0	3734	0	0	0	3386	0	8906	0	0	0	2764	0	0	0	0	0	0	0	0	0	0	0	0	0	0	0	0	0	0	0	0	0	0	0	0	0	0	
138608	Temporal_Pole_Sup_L	540	154	4450	210	392	0	506	0	200	0	7436	164	628	392	958	236	6170	0	2884	166	106	0	0	0	0	0	0	0	10498	406	0	0	0	0	0	0	1148	0	390	0	916	0	0	0	0	0	0	0	0	0	0	0	0	0	1598	0	0	0	0	0	0	0	0	0	0	0	0	0	0	0	2348	1172	3160	874	414	0	292	0	0	0	7722	0	0	0	5796	0	3460	0	3518	0	0	0	0	0	0	0	0	0	0	0	0	0	0	0	0	0	0	0	0	0	0	0	0	0	0	0	
47976	Temporal_Pole_Sup_R	0	0	164	626	0	0	0	0	0	0	0	794	0	0	0	0	0	1624	160	442	0	0	0	0	0	0	0	0	0	1712	0	0	0	0	0	0	0	594	0	1936	0	2360	0	0	0	0	0	0	0	0	0	0	0	0	0	3492	0	0	0	0	0	0	0	0	0	0	0	0	0	0	0	0	0	404	0	0	0	0	0	0	0	3386	0	0	0	1628	0	2964	0	1702	0	0	0	0	0	0	0	0	0	0	0	0	0	0	0	0	0	0	0	0	0	0	0	0	0	0	
371200	Temporal_Mid_L	5282	418	478	0	0	0	596	0	0	0	506	0	0	0	0	0	4276	0	114	0	0	0	0	0	0	0	0	0	9470	0	0	0	576	0	1530	0	5810	0	338	0	0	0	2730	0	2290	0	342	0	5436	0	21710	0	4730	0	5496	0	2334	118	1072	112	10912	112	14842	112	7146	0	6212	0	1434	0	124	0	138	0	0	0	800	0	5382	0	16978	0	5796	0	0	0	3738	0	36110	0	0	0	0	0	0	0	0	0	0	0	0	0	0	0	0	0	0	0	0	0	0	0	0	0	0	0	
266944	Temporal_Mid_R	278	2510	0	0	0	0	0	0	0	0	0	0	0	0	0	0	0	1734	0	1610	0	0	0	0	0	0	0	0	0	1436	0	0	0	986	416	2996	0	6922	0	2584	0	412	0	9218	0	848	0	1040	0	1974	108	12624	0	1692	0	5280	0	1454	0	2570	0	6294	0	11444	0	5720	108	8790	376	2654	0	0	0	690	0	0	0	0	0	442	0	8906	0	1628	0	0	0	314	0	27414	0	0	0	0	0	0	0	0	0	0	0	0	0	0	0	0	0	0	0	0	0	0	0	0	0	0	
20544	Temporal_Pole_Mid_L	0	0	0	0	0	0	0	0	0	0	0	0	0	0	0	0	0	0	0	0	0	0	0	0	0	0	0	0	0	0	0	0	0	0	0	0	0	0	0	0	0	0	0	0	0	0	0	0	0	0	0	0	0	0	306	0	0	0	0	0	0	0	0	0	0	0	0	0	0	0	0	0	0	0	0	0	0	0	0	0	0	0	3460	0	3738	0	0	0	2768	0	0	0	0	0	0	0	0	0	0	0	0	0	0	0	0	0	0	0	0	0	0	0	0	0	0	0	
17396	Temporal_Pole_Mid_R	0	0	0	0	0	0	0	0	0	0	0	0	0	0	0	0	0	0	0	0	0	0	0	0	0	0	0	0	0	0	0	0	0	0	0	0	0	0	0	1294	0	754	0	0	0	0	0	0	0	0	0	0	0	0	0	2108	0	0	0	0	0	0	0	0	0	0	0	0	0	0	0	0	0	0	0	0	0	0	0	0	0	0	0	2964	0	314	0	0	0	1264	0	0	0	0	0	0	0	0	0	0	0	0	0	0	0	0	0	0	0	0	0	0	0	0	0	0	
291148	Temporal_Inf_L	2714	326	1130	174	0	0	380	212	0	0	512	0	0	0	0	0	2604	0	264	142	0	0	0	0	0	0	0	0	13506	0	0	0	0	0	880	0	17394	0	3102	0	4126	0	686	0	186	0	2238	0	180	0	3178	0	2758	0	21620	0	1264	0	0	0	2284	0	2348	0	0	0	2018	0	204	0	768	0	1822	0	0	0	512	0	4868	0	7780	0	3518	0	36110	0	2768	0	0	0	882	0	0	0	0	0	0	0	116	0	0	0	0	0	0	0	0	0	0	0	0	0	0	0	0	0	
274892	Temporal_Inf_R	374	4768	0	490	0	0	0	552	0	0	0	184	0	0	0	0	0	4696	0	1766	0	0	0	0	0	0	0	0	0	5110	0	0	0	604	724	4040	0	14856	0	5324	0	424	0	5246	0	460	0	930	0	384	158	4828	0	7556	0	20672	0	576	0	972	0	1290	0	2858	0	428	156	7640	348	1960	0	0	0	2808	0	0	0	0	0	438	0	2764	0	1702	0	27414	0	1264	0	0	0	526	0	0	0	0	0	0	0	156	0	0	0	0	0	0	0	0	0	0	0	0	0	0	0	0	
563656	Cerebelum_Crus1_L	0	0	0	0	0	0	0	0	0	0	0	0	0	0	0	0	0	0	0	0	0	0	0	0	0	0	0	0	0	0	0	0	0	0	0	0	112	0	518	0	0	0	0	0	0	0	8434	6942	0	0	0	0	470	336	24782	1816	0	0	0	0	0	0	0	0	0	0	0	0	0	0	0	0	0	0	0	0	0	0	0	0	0	0	0	0	0	0	0	0	882	0	0	5336	34890	5208	4024	504	38432	2078	69684	8508	10504	246	17400	310	6740	170	998	0	138	2832	6760	11302	9954	682	836	0	
458456	Cerebelum_Crus1_R	0	0	0	0	0	0	0	0	0	0	0	0	0	0	0	0	0	0	0	0	0	0	0	0	0	0	0	0	0	0	0	0	0	0	0	0	0	0	0	160	0	0	0	0	0	0	214	4072	0	0	0	0	0	752	128	10558	0	0	0	0	0	0	0	0	0	0	0	0	0	0	0	0	0	0	0	0	0	0	0	0	0	0	0	0	0	0	0	0	0	526	5336	0	4050	26400	532	5718	5478	28668	6880	59810	1016	3710	1554	15748	2280	4732	0	918	484	2740	12840	6146	10504	3576	3698	0	
368640	Cerebelum_Crus2_L	0	0	0	0	0	0	0	0	0	0	0	0	0	0	0	0	0	0	0	0	0	0	0	0	0	0	0	0	0	0	0	0	0	0	0	0	0	0	0	0	0	0	0	0	0	0	1252	1664	0	0	0	0	128	116	3146	486	0	0	0	0	0	0	0	0	0	0	0	0	0	0	0	0	0	0	0	0	0	0	0	0	0	0	0	0	0	0	0	0	0	0	34890	4050	0	14744	718	0	1958	0	8968	2992	38564	4102	33974	1348	6842	116	448	0	0	332	424	2726	17592	2120	620	0	
329476	Cerebelum_Crus2_R	0	0	0	0	0	0	0	0	0	0	0	0	0	0	0	0	0	0	0	0	0	0	0	0	0	0	0	0	0	0	0	0	0	0	0	0	0	0	0	0	0	0	0	0	0	0	0	482	0	0	0	0	0	0	0	250	0	0	0	0	0	0	0	0	0	0	0	0	0	0	0	0	0	0	0	0	0	0	0	0	0	0	0	0	0	0	0	0	0	0	5208	26400	14744	0	0	246	268	502	818	6004	7410	22164	5720	35610	1498	6712	0	1402	152	114	278	756	19984	4194	3822	0	
64532	Cerebelum_3_L	0	0	0	0	0	0	0	0	0	0	0	0	0	0	0	0	0	0	0	0	0	0	0	0	0	0	0	0	0	0	0	0	0	0	0	0	0	0	592	0	0	0	0	0	0	0	0	192	0	0	0	0	0	0	272	0	0	0	0	0	0	0	0	0	0	0	0	0	0	0	0	0	0	0	0	0	0	0	0	0	0	0	0	0	0	0	0	0	0	0	4024	532	718	0	0	976	7698	324	3286	562	0	0	1538	0	2188	0	190	0	1468	6206	1500	0	0	0	0	0	
79524	Cerebelum_3_R	0	0	0	0	0	0	0	0	0	0	0	0	0	0	0	0	0	0	0	0	0	0	0	0	0	0	0	0	0	0	0	0	0	0	0	0	212	0	682	0	0	0	0	0	0	0	0	660	0	0	0	0	0	0	0	0	0	0	0	0	0	0	0	0	0	0	0	0	0	0	0	0	0	0	0	0	0	0	0	0	0	0	0	0	0	0	0	0	0	0	504	5718	0	246	976	0	1388	7308	676	9274	0	0	200	346	344	1200	0	0	1168	4228	1224	602	810	968	1028	0	
405060	Cerebelum_4_5_L	0	0	0	0	0	0	0	0	0	0	0	0	0	0	0	0	0	0	0	0	0	0	0	0	0	0	0	0	0	0	0	0	0	0	0	0	218	0	1358	0	0	0	0	0	0	0	10238	5998	0	0	0	0	0	130	15250	2188	0	0	0	0	0	0	0	0	0	0	0	0	0	0	0	0	0	0	0	0	202	0	0	0	0	0	0	0	0	0	0	0	0	0	38432	5478	1958	268	7698	1388	0	6176	50224	9522	296	0	2484	440	7332	466	150	0	454	5110	21204	5096	416	416	882	1058	
294048	Cerebelum_4_5_R	0	0	0	0	0	0	0	0	0	0	0	0	0	0	0	0	0	0	0	0	0	0	0	0	0	0	0	0	0	0	0	0	0	0	0	0	0	1020	0	2032	0	0	0	378	0	0	514	10050	0	0	0	0	0	1914	548	14006	0	0	0	0	0	0	0	0	0	0	0	142	0	0	0	0	0	0	0	0	198	0	0	0	0	0	0	0	0	0	0	0	0	0	2078	28668	0	502	324	7308	6176	0	5214	41618	0	0	182	442	662	428	0	180	134	1930	18604	830	134	144	322	342	
563472	Cerebelum_6_L	0	0	0	0	0	0	0	0	0	0	0	0	0	0	0	0	0	0	0	0	0	0	0	0	0	0	0	0	0	0	0	0	0	0	0	0	152	0	584	0	0	0	132	180	0	0	17076	11980	0	0	428	0	1096	428	30576	3068	0	0	0	0	0	0	0	0	0	0	0	0	0	0	0	0	0	0	0	0	0	0	0	0	0	0	0	0	0	0	0	0	116	0	69684	6880	8968	818	3286	676	50224	5214	0	14522	1890	0	3280	414	5892	798	506	0	320	2248	15442	18818	3936	784	990	330	
511476	Cerebelum_6_R	0	0	0	0	0	0	0	0	0	0	0	0	0	0	0	0	0	0	0	0	0	0	0	0	0	0	0	0	0	0	0	0	0	0	0	0	0	0	0	162	0	0	0	284	0	0	1550	16114	0	0	0	0	234	2372	974	18694	0	0	0	0	0	0	0	0	0	0	0	0	0	0	0	0	0	0	0	0	0	0	0	0	0	0	0	0	0	0	0	0	0	156	8508	59810	2992	6004	562	9274	9522	41618	14522	0	146	0	540	3984	3892	2984	0	774	490	2844	20482	14426	6668	2574	2582	0	
265424	Cerebelum_7b_L	0	0	0	0	0	0	0	0	0	0	0	0	0	0	0	0	0	0	0	0	0	0	0	0	0	0	0	0	0	0	0	0	0	0	0	0	0	0	0	0	0	0	0	0	0	0	0	0	0	0	0	0	0	0	372	0	0	0	0	0	0	0	0	0	0	0	0	0	0	0	0	0	0	0	0	0	0	0	0	0	0	0	0	0	0	0	0	0	0	0	10504	1016	38564	7410	0	0	296	0	1890	146	0	3694	41392	3176	9892	236	650	0	0	0	0	0	8610	4618	246	0	
142992	Cerebelum_7b_R	0	0	0	0	0	0	0	0	0	0	0	0	0	0	0	0	0	0	0	0	0	0	0	0	0	0	0	0	0	0	0	0	0	0	0	0	0	0	0	0	0	0	0	0	0	0	0	0	0	0	0	0	0	0	0	0	0	0	0	0	0	0	0	0	0	0	0	0	0	0	0	0	0	0	0	0	0	0	0	0	0	0	0	0	0	0	0	0	0	0	246	3710	4102	22164	0	0	0	0	0	0	3694	0	2556	22024	600	3718	0	444	0	0	0	0	5046	2522	670	0	
326240	Cerebelum_8_L	0	0	0	0	0	0	0	0	0	0	0	0	0	0	0	0	0	0	0	0	0	0	0	0	0	0	0	0	0	0	0	0	0	0	0	0	0	0	106	0	0	0	0	0	0	0	0	0	0	0	0	0	0	0	720	0	0	0	0	0	0	0	0	0	0	0	0	0	0	0	0	0	0	0	0	0	0	0	0	0	0	0	0	0	0	0	0	0	0	0	17400	1554	33974	5720	1538	200	2484	182	3280	540	41392	2556	0	6032	21720	1938	2160	0	0	1016	876	140	7576	7746	2270	0	
284796	Cerebelum_8_R	0	0	0	0	0	0	0	0	0	0	0	0	0	0	0	0	0	0	0	0	0	0	0	0	0	0	0	0	0	0	0	0	0	0	0	0	0	0	0	0	0	0	0	0	0	0	0	0	0	0	0	0	0	0	0	0	0	0	0	0	0	0	0	0	0	0	0	0	0	0	0	0	0	0	0	0	0	0	0	0	0	0	0	0	0	0	0	0	0	0	310	15748	1348	35610	0	346	440	442	414	3984	3176	22024	6032	0	3078	25898	0	2864	242	166	454	0	6424	7162	6236	0	
208292	Cerebelum_9_L	0	0	0	0	0	0	0	0	0	0	0	0	0	0	0	0	0	0	0	0	0	0	0	0	0	0	0	0	0	0	0	0	0	0	0	0	0	0	0	0	0	0	0	0	0	0	0	1580	0	0	0	0	0	0	0	1220	0	0	0	0	0	0	0	0	0	0	0	0	0	0	0	0	0	0	0	0	0	0	0	0	0	0	0	0	0	0	0	0	0	0	6740	2280	6842	1498	2188	344	7332	662	5892	3892	9892	600	21720	3078	0	4254	3586	0	446	1540	4486	4124	2604	2560	4034	752	
170688	Cerebelum_9_R	0	0	0	0	0	0	0	0	0	0	0	0	0	0	0	0	0	0	0	0	0	0	0	0	0	0	0	0	0	0	0	0	0	0	0	0	0	0	0	0	0	0	0	0	0	0	0	160	0	0	0	0	0	0	0	0	0	0	0	0	0	0	0	0	0	0	0	0	0	0	0	0	0	0	0	0	0	0	0	0	0	0	0	0	0	0	0	0	0	0	170	4732	116	6712	0	1200	466	428	798	2984	236	3718	1938	25898	4254	0	0	3382	714	430	1488	3280	4426	5488	10408	1918	
17376	Cerebelum_10_L	0	0	0	0	0	0	0	0	0	0	0	0	0	0	0	0	0	0	0	0	0	0	0	0	0	0	0	0	0	0	0	0	0	0	0	0	0	0	0	0	0	0	0	0	0	0	0	0	0	0	0	0	0	0	0	0	0	0	0	0	0	0	0	0	0	0	0	0	0	0	0	0	0	0	0	0	0	0	0	0	0	0	0	0	0	0	0	0	0	0	998	0	448	0	190	0	150	0	506	0	650	0	2160	0	3586	0	0	0	0	0	0	0	0	0	0	0	
22904	Cerebelum_10_R	0	0	0	0	0	0	0	0	0	0	0	0	0	0	0	0	0	0	0	0	0	0	0	0	0	0	0	0	0	0	0	0	0	0	0	0	0	0	0	0	0	0	0	0	0	0	0	0	0	0	0	0	0	0	0	0	0	0	0	0	0	0	0	0	0	0	0	0	0	0	0	0	0	0	0	0	0	0	0	0	0	0	0	0	0	0	0	0	0	0	0	918	0	1402	0	0	0	180	0	774	0	444	0	2864	0	3382	0	0	0	0	0	0	402	342	744	0	
24856	Vermis_1_2	0	0	0	0	0	0	0	0	0	0	0	0	0	0	0	0	0	0	0	0	0	0	0	0	0	0	0	0	0	0	0	0	0	0	0	0	0	0	106	0	0	0	0	0	0	0	0	0	0	0	0	0	0	0	0	0	0	0	0	0	0	0	0	0	0	0	0	0	0	0	0	0	0	0	0	0	0	0	0	0	0	0	0	0	0	0	0	0	0	0	138	484	0	152	1468	1168	454	134	320	490	0	0	0	242	446	714	0	0	0	3974	324	324	372	522	596	0	
94112	Vermis_3	368	146	450	0	0	0	386	0	0	0	154	0	0	0	0	0	106	0	0	0	0	0	0	0	0	0	0	0	474	0	0	0	0	0	0	0	972	0	590	0	0	0	0	0	0	0	346	240	0	0	0	0	0	0	162	0	0	0	0	0	0	0	0	0	0	0	0	0	0	0	0	400	108	0	0	0	1346	400	0	0	0	0	0	0	0	0	0	0	0	0	2832	2740	332	114	6206	4228	5110	1930	2248	2844	0	0	1016	166	1540	430	0	0	3974	0	3482	188	288	348	392	0	
