data	data	519068	315768	949216	601408	150360	89936	503964	176312	78160	51360	292576	322832	278204	184556	180004	104472	308256	186472	722656	843024	93556	98744	331820	224924	25488	83480	81188	86744	692084	356088	286096	409940	181396	605360	115284	142092	273336	289192	81224	118272	63096	37764	245368	345904	215176	482940	272192	368676	241584	455932	558860	363168	174436	184148	407028	379164	383776	252584	277292	227536	307304	89912	153400	111304	189892	165700	302236	515560	361316	331536	389216	321224	344644	312428	59308	14064	94840	136000	110880	28896	271536	155728	108320	61732	337168	322816	40452	14612	317168	306312	500148	541100	447696	359260	48656	50376	289892	267988	525868	520544	410656	200132	472260	345536	169736	124832	29364	20648	29232	52408	297576	258792	335000	109452	106692	39076	
data	data	Precentral_L	Precentral_R	Frontal_Sup_L	Frontal_Sup_R	Frontal_Sup_Orb_L	Frontal_Sup_Orb_R	Frontal_Mid_L	Frontal_Mid_R	Frontal_Mid_Orb_L	Frontal_Mid_Orb_R	Frontal_Inf_Oper_L	Frontal_Inf_Oper_R	Frontal_Inf_Tri_L	Frontal_Inf_Tri_R	Frontal_Inf_Orb_L	Frontal_Inf_Orb_R	Rolandic_Oper_L	Rolandic_Oper_R	Supp_Motor_Area_L	Supp_Motor_Area_R	Olfactory_L	Olfactory_R	Frontal_Sup_Medial_L	Frontal_Sup_Medial_R	Frontal_Med_Orb_L	Frontal_Med_Orb_R	Rectus_L	Rectus_R	Insula_L	Insula_R	Cingulum_Ant_L	Cingulum_Ant_R	Cingulum_Mid_L	Cingulum_Mid_R	Cingulum_Post_L	Cingulum_Post_R	Hippocampus_L	Hippocampus_R	ParaHippocampal_L	ParaHippocampal_R	Amygdala_L	Amygdala_R	Calcarine_L	Calcarine_R	Cuneus_L	Cuneus_R	Lingual_L	Lingual_R	Occipital_Sup_L	Occipital_Sup_R	Occipital_Mid_L	Occipital_Mid_R	Occipital_Inf_L	Occipital_Inf_R	Fusiform_L	Fusiform_R	Postcentral_L	Postcentral_R	Parietal_Sup_L	Parietal_Sup_R	Parietal_Inf_L	Parietal_Inf_R	SupraMarginal_L	SupraMarginal_R	Angular_L	Angular_R	Precuneus_L	Precuneus_R	Paracentral_Lobule_L	Paracentral_Lobule_R	Caudate_L	Caudate_R	Putamen_L	Putamen_R	Pallidum_L	Pallidum_R	Thalamus_L	Thalamus_R	Heschl_L	Heschl_R	Temporal_Sup_L	Temporal_Sup_R	Temporal_Pole_Sup_L	Temporal_Pole_Sup_R	Temporal_Mid_L	Temporal_Mid_R	Temporal_Pole_Mid_L	Temporal_Pole_Mid_R	Temporal_Inf_L	Temporal_Inf_R	Cerebelum_Crus1_L	Cerebelum_Crus1_R	Cerebelum_Crus2_L	Cerebelum_Crus2_R	Cerebelum_3_L	Cerebelum_3_R	Cerebelum_4_5_L	Cerebelum_4_5_R	Cerebelum_6_L	Cerebelum_6_R	Cerebelum_7b_L	Cerebelum_7b_R	Cerebelum_8_L	Cerebelum_8_R	Cerebelum_9_L	Cerebelum_9_R	Cerebelum_10_L	Cerebelum_10_R	Vermis_1_2	Vermis_3	Vermis_4_5	Vermis_6	Vermis_7	Vermis_8	Vermis_9	Vermis_10	
519068	Precentral_L	0	2774	22076	5822	0	0	17368	592	0	0	12412	906	938	326	0	0	13912	1038	16674	13670	0	0	0	0	0	0	0	0	9164	668	0	458	1482	4420	758	542	4842	1672	524	0	0	0	108	102	0	220	86	0	288	190	4460	400	922	0	1102	0	33200	512	2924	0	8410	0	4812	0	4748	0	570	358	22784	2844	7730	2138	6278	812	2214	0	3726	520	2686	0	6748	0	140	0	2412	296	0	0	1756	0	0	0	0	0	0	0	0	0	0	0	0	0	0	0	0	0	0	0	0	0	0	0	0	0	0	0	
315768	Precentral_R	2774	0	1450	9302	0	0	718	4466	0	0	0	12240	0	1840	0	0	102	2422	1286	11202	0	0	0	0	0	0	0	0	404	2406	0	0	178	14536	1252	2546	464	2548	118	136	0	0	0	1516	0	1744	0	432	0	1488	318	2096	0	1172	0	832	1562	29952	254	866	422	484	196	2820	222	1584	450	2808	2834	18834	1724	0	364	980	0	0	300	1642	100	182	0	780	0	214	0	3128	0	0	0	3094	0	0	0	0	0	0	0	0	0	0	0	0	0	0	0	0	0	0	0	0	100	0	0	0	0	0	
949216	Frontal_Sup_L	22076	1450	0	5978	8504	0	69078	1162	3920	0	13712	4406	16130	858	12146	0	13380	788	85862	19878	1116	0	40746	1580	872	0	1060	0	32450	1280	12010	4768	13158	9090	202	198	2592	1266	190	0	422	0	0	0	0	0	0	0	0	0	1032	0	86	0	208	0	7528	184	446	0	1070	0	890	0	2600	0	118	168	5560	914	9720	1828	20172	1010	5022	0	266	190	1748	0	6752	122	644	150	2556	0	0	0	1296	0	0	0	0	0	0	0	0	0	0	0	0	0	0	0	0	0	0	0	0	0	0	0	0	0	0	0	
601408	Frontal_Sup_R	5822	9302	5978	0	0	4270	1148	17392	0	178	538	11700	378	7288	0	2538	148	13682	11256	57716	0	364	6416	24970	0	4136	0	3266	758	10864	3548	26218	212	10692	724	1448	852	4808	158	1024	0	0	0	152	0	262	0	110	0	176	0	260	0	0	0	742	764	4914	0	0	0	178	0	172	0	0	510	396	3854	224	986	9040	550	13298	746	234	204	8246	0	594	0	2976	0	1138	0	186	0	0	0	0	0	0	0	0	0	0	0	0	0	0	0	0	0	0	0	0	0	0	0	0	0	0	0	0	0	0	
150360	Frontal_Sup_Orb_L	0	0	8504	0	0	0	2394	0	14168	0	0	0	2176	0	13376	0	0	0	0	0	3812	1090	2774	0	2828	0	7312	0	4788	0	5744	182	0	0	0	0	0	0	0	0	780	0	0	0	0	0	0	0	0	0	0	0	0	0	0	0	0	0	0	0	0	0	0	0	0	0	0	0	0	0	2910	1010	948	196	0	0	0	0	0	0	0	0	188	0	0	0	0	0	0	0	0	0	0	0	0	0	0	0	0	0	0	0	0	0	0	0	0	0	0	0	0	0	0	0	0	0	
89936	Frontal_Sup_Orb_R	0	0	0	4270	0	0	0	1004	0	4796	0	0	0	718	0	4546	0	0	0	0	254	1568	250	2858	0	7392	92	9606	0	1010	470	886	0	0	0	0	0	0	0	0	0	146	0	0	0	0	0	0	0	0	0	0	0	0	0	0	0	0	0	0	0	0	0	0	0	0	0	0	0	0	90	1960	0	3052	0	0	0	0	0	0	0	0	0	0	0	0	0	0	0	0	0	0	0	0	0	0	0	0	0	0	0	0	0	0	0	0	0	0	0	0	0	0	0	0	0	0	
503964	Frontal_Mid_L	17368	718	69078	1148	2394	0	0	836	2522	0	11474	1376	32306	562	7824	0	6576	656	18602	3814	412	0	18540	358	0	0	128	0	19246	894	3056	1146	2932	1304	142	112	1032	568	0	0	112	0	0	0	0	0	0	0	0	0	652	0	0	0	0	0	1868	90	224	0	590	0	486	0	1888	0	0	122	444	116	5724	2372	1762	760	916	0	148	100	1672	0	2176	116	378	0	1616	0	0	0	526	0	0	0	0	0	0	0	0	0	0	0	0	0	0	0	0	0	0	0	0	0	0	0	0	0	0	0	
176312	Frontal_Mid_R	592	4466	1162	17392	0	1004	836	0	0	5596	274	8992	0	13300	0	8378	0	1502	1750	1690	0	0	340	2036	0	136	0	96	322	4986	428	4056	0	1502	0	0	0	1028	0	422	0	0	0	0	0	134	0	0	0	110	0	124	0	0	0	392	206	630	0	0	0	0	0	0	0	0	0	186	0	0	594	820	0	2216	0	0	0	0	0	0	0	238	0	220	0	0	0	0	0	0	0	0	0	0	0	0	0	0	0	0	0	0	0	0	0	0	0	0	0	0	0	0	0	0	0	0	
78160	Frontal_Mid_Orb_L	0	0	3920	0	14168	0	2522	0	0	0	0	0	2476	0	11626	0	0	0	0	0	158	0	0	0	0	0	1118	0	2092	0	326	0	0	0	0	0	0	0	0	0	92	0	0	0	0	0	0	0	0	0	0	0	0	0	0	0	0	0	0	0	0	0	0	0	0	0	0	0	0	0	314	0	124	0	0	0	0	0	0	0	0	0	144	0	0	0	0	0	0	0	0	0	0	0	0	0	0	0	0	0	0	0	0	0	0	0	0	0	0	0	0	0	0	0	0	0	
51360	Frontal_Mid_Orb_R	0	0	0	178	0	4796	0	5596	0	0	0	0	0	1514	0	8940	0	0	0	0	0	220	0	0	0	378	0	2004	0	876	0	0	0	0	0	0	0	0	0	0	0	90	0	0	0	0	0	0	0	0	0	0	0	0	0	0	0	0	0	0	0	0	0	0	0	0	0	0	0	0	0	288	0	800	0	0	0	0	0	0	0	0	0	0	0	0	0	0	0	0	0	0	0	0	0	0	0	0	0	0	0	0	0	0	0	0	0	0	0	0	0	0	0	0	0	0	
292576	Frontal_Inf_Oper_L	12412	0	13712	538	0	0	11474	274	0	0	0	5774	13540	508	0	0	15196	910	10388	1036	0	0	416	0	0	0	0	0	21672	4580	1102	404	148	612	0	0	102	1234	0	546	0	0	0	0	0	0	0	0	0	0	0	0	0	0	0	272	5430	0	0	0	210	0	1392	0	0	0	0	0	0	0	10308	728	378	1656	114	0	0	0	638	0	5016	0	3374	194	0	0	0	0	0	0	0	0	0	0	0	0	0	0	0	0	0	0	0	0	0	0	0	0	0	0	0	0	0	0	0	0	
322832	Frontal_Inf_Oper_R	906	12240	4406	11700	0	0	1376	8992	0	0	5774	0	2376	12924	0	86	916	11302	2792	11984	0	0	204	0	0	0	0	0	6194	23422	530	4492	0	2390	0	0	0	630	0	272	0	0	0	148	0	572	0	0	0	500	0	546	0	0	0	236	0	3738	0	0	0	122	0	0	0	0	0	790	94	216	12024	6310	2998	3842	0	0	0	0	0	114	86	186	916	1916	0	154	0	0	0	0	0	0	0	0	0	0	0	0	0	0	0	0	0	0	0	0	0	0	0	0	0	0	0	0	0	0	
278204	Frontal_Inf_Tri_L	938	0	16130	378	2176	0	32306	0	2476	0	13540	2376	0	280	14830	0	480	566	3110	662	244	0	4886	220	88	0	0	0	30144	1552	5564	404	0	452	0	0	0	320	0	192	0	0	0	0	0	0	0	0	0	0	0	0	0	0	0	168	0	0	0	0	0	0	0	0	0	0	0	0	0	0	2954	0	472	580	0	0	0	0	236	0	0	0	214	164	0	0	0	0	0	0	0	0	0	0	0	0	0	0	0	0	0	0	0	0	0	0	0	0	0	0	0	0	0	0	0	0	
184556	Frontal_Inf_Tri_R	326	1840	858	7288	0	718	562	13300	0	1514	508	12924	280	0	0	8906	90	334	998	3912	0	0	90	1568	0	0	0	0	754	12954	586	10776	0	1482	0	0	0	0	0	0	0	0	0	0	0	0	0	0	0	0	0	0	0	0	0	0	0	0	0	0	0	0	0	0	0	0	0	0	0	0	1636	4926	582	2396	0	0	0	0	0	0	0	0	0	170	0	0	0	0	0	0	0	0	0	0	0	0	0	0	0	0	0	0	0	0	0	0	0	0	0	0	0	0	0	0	0	0	
180004	Frontal_Inf_Orb_L	0	0	12146	0	13376	0	7824	0	11626	0	0	0	14830	0	0	0	0	0	236	0	2642	0	1156	0	288	0	1762	0	17044	0	2674	106	0	0	0	0	0	0	0	0	554	0	0	0	0	0	0	0	0	0	0	0	0	0	0	0	0	0	0	0	0	0	0	0	0	0	0	0	0	0	1452	0	488	0	0	0	0	0	0	0	0	0	1798	0	0	0	0	0	0	0	0	0	0	0	0	0	0	0	0	0	0	0	0	0	0	0	0	0	0	0	0	0	0	0	0	0	
104472	Frontal_Inf_Orb_R	0	0	0	2538	0	4546	0	8378	0	8940	0	86	0	8906	0	0	0	0	0	0	160	1684	0	244	0	386	0	2506	0	9488	106	1090	0	0	0	0	0	0	0	0	0	168	0	0	0	0	0	0	0	0	0	0	0	0	0	0	0	0	0	0	0	0	0	0	0	0	0	0	0	0	0	1264	0	1746	0	0	0	0	0	0	0	0	0	0	0	0	0	0	0	0	0	0	0	0	0	0	0	0	0	0	0	0	0	0	0	0	0	0	0	0	0	0	0	0	0	0	
308256	Rolandic_Oper_L	13912	102	13380	148	0	0	6576	0	0	0	15196	916	480	90	0	0	0	122	10520	754	0	0	0	0	0	0	0	0	25784	848	0	116	1084	432	286	0	1194	372	186	98	0	0	0	0	0	0	0	0	0	0	2294	0	1308	0	890	0	11608	0	1154	0	1088	0	5688	0	720	0	458	0	162	302	3906	528	810	514	140	0	760	0	5540	0	14806	0	2604	0	3124	0	0	0	3128	0	0	0	0	0	0	0	0	0	0	0	0	0	0	0	0	0	0	0	0	0	0	0	0	0	0	0	
186472	Rolandic_Oper_R	1038	2422	788	13682	0	0	656	1502	0	0	910	11302	566	334	0	0	122	0	710	14434	0	0	0	0	0	0	0	0	984	14894	0	0	0	602	0	0	0	956	0	138	0	0	0	446	0	988	0	0	0	778	0	1076	0	468	0	278	402	3064	0	202	0	0	0	1670	0	252	0	1408	0	326	2084	692	144	1460	0	0	0	0	0	1776	0	5410	0	2640	0	880	0	0	0	752	0	0	0	0	0	0	0	0	0	0	0	0	0	0	0	0	0	0	0	0	0	0	0	0	0	0	
722656	Supp_Motor_Area_L	16674	1286	85862	11256	0	0	18602	1750	0	0	10388	2792	3110	998	236	0	10520	710	0	43032	0	0	19606	3294	0	0	0	0	10832	1382	7404	10540	19286	28598	370	256	1620	486	148	0	0	0	0	166	0	112	0	0	0	0	0	0	0	0	90	0	6232	152	0	0	322	0	464	0	218	0	90	546	10348	1968	6184	1910	10600	976	3404	0	424	0	654	0	4576	0	224	146	170	0	0	0	314	0	0	0	0	0	0	0	0	0	0	0	0	0	0	0	0	0	0	0	0	0	0	0	0	0	0	0	
843024	Supp_Motor_Area_R	13670	11202	19878	57716	0	0	3814	1690	0	0	1036	11984	662	3912	0	0	754	14434	43032	0	0	0	1394	5300	0	0	0	0	1620	10924	2218	15264	7484	59314	956	1780	510	2550	0	504	0	0	0	670	0	776	0	244	0	592	536	1042	0	218	0	754	2566	5778	174	168	424	266	166	374	254	720	260	2092	28218	24220	4326	20112	2260	10578	1424	1742	880	8816	104	726	284	2970	0	1294	0	1106	0	0	0	776	0	0	0	0	0	0	0	0	0	0	0	0	0	0	0	0	0	0	0	0	0	0	0	0	0	0	
93556	Olfactory_L	0	0	1116	0	3812	254	412	0	158	0	0	0	244	0	2642	160	0	0	0	0	0	5616	0	0	402	214	4786	738	3394	0	4004	1560	0	0	0	0	0	0	100	0	1858	0	0	0	0	0	0	0	0	0	0	0	0	0	0	0	0	0	0	0	0	0	0	0	0	0	0	0	0	0	6500	4526	1916	1988	0	0	0	0	0	0	0	0	378	0	0	0	0	0	0	0	0	0	0	0	0	0	0	0	0	0	0	0	0	0	0	0	0	0	0	0	0	0	0	0	0	0	
98744	Olfactory_R	0	0	0	364	1090	1568	0	0	0	220	0	0	0	0	0	1684	0	0	0	0	5616	0	0	0	0	1012	3742	2894	114	1800	2518	2092	0	0	0	0	0	0	0	0	812	386	0	0	0	0	0	0	0	0	0	0	0	0	0	0	0	0	0	0	0	0	0	0	0	0	0	0	0	0	7380	9166	3862	3052	0	0	0	0	0	0	0	0	0	0	0	0	0	0	0	0	0	0	0	0	0	0	0	0	0	0	0	0	0	0	0	0	0	0	0	0	0	0	0	0	0	0	
331820	Frontal_Sup_Medial_L	0	0	40746	6416	2774	250	18540	340	0	0	416	204	4886	90	1156	0	0	0	19606	1394	0	0	0	16428	2132	234	156	0	7088	112	16868	12338	4574	6840	0	0	0	0	0	0	0	0	0	0	0	0	0	0	0	0	0	0	0	0	0	0	0	0	0	0	0	0	0	0	0	0	0	0	0	0	724	116	1482	0	0	0	0	0	0	0	0	0	0	0	0	0	0	0	0	0	0	0	0	0	0	0	0	0	0	0	0	0	0	0	0	0	0	0	0	0	0	0	0	0	0	0	
224924	Frontal_Sup_Medial_R	0	0	1580	24970	0	2858	358	2036	0	0	0	0	220	1568	0	244	0	0	3294	5300	0	0	16428	0	260	4540	0	1456	388	1364	5768	22202	184	10716	0	0	0	0	0	0	0	0	0	0	0	0	0	0	0	0	0	0	0	0	0	0	0	0	0	0	0	0	0	0	0	0	0	0	0	0	0	2134	0	4594	0	0	0	0	0	0	0	0	0	0	0	0	0	0	0	0	0	0	0	0	0	0	0	0	0	0	0	0	0	0	0	0	0	0	0	0	0	0	0	0	0	0	
25488	Frontal_Med_Orb_L	0	0	872	0	2828	0	0	0	0	0	0	0	88	0	288	0	0	0	0	0	402	0	2132	260	0	638	1358	0	372	0	3064	0	0	0	0	0	0	0	0	0	0	0	0	0	0	0	0	0	0	0	0	0	0	0	0	0	0	0	0	0	0	0	0	0	0	0	0	0	0	0	334	0	108	0	0	0	0	0	0	0	0	0	0	0	0	0	0	0	0	0	0	0	0	0	0	0	0	0	0	0	0	0	0	0	0	0	0	0	0	0	0	0	0	0	0	0	
83480	Frontal_Med_Orb_R	0	0	0	4136	0	7392	0	136	0	378	0	0	0	0	0	386	0	0	0	0	214	1012	234	4540	638	0	178	8350	0	346	2070	5226	0	0	0	0	0	0	0	0	0	0	0	0	0	0	0	0	0	0	0	0	0	0	0	0	0	0	0	0	0	0	0	0	0	0	0	0	0	0	172	2270	0	4062	0	0	0	0	0	0	0	0	0	0	0	0	0	0	0	0	0	0	0	0	0	0	0	0	0	0	0	0	0	0	0	0	0	0	0	0	0	0	0	0	0	0	
81188	Rectus_L	0	0	1060	0	7312	92	128	0	1118	0	0	0	0	0	1762	0	0	0	0	0	4786	3742	156	0	1358	178	0	506	454	0	4928	1694	0	0	0	0	0	0	0	0	674	0	0	0	0	0	0	0	0	0	0	0	0	0	0	0	0	0	0	0	0	0	0	0	0	0	0	0	0	0	5034	3256	894	1462	0	0	0	0	0	0	0	0	0	0	0	0	0	0	0	0	0	0	0	0	0	0	0	0	0	0	0	0	0	0	0	0	0	0	0	0	0	0	0	0	0	0	
86744	Rectus_R	0	0	0	3266	0	9606	0	96	0	2004	0	0	0	0	0	2506	0	0	0	0	738	2894	0	1456	0	8350	506	0	0	742	754	2854	0	0	0	0	0	0	0	0	0	202	0	0	0	0	0	0	0	0	0	0	0	0	0	0	0	0	0	0	0	0	0	0	0	0	0	0	0	0	298	3582	0	3518	0	0	0	0	0	0	0	0	0	0	0	0	0	0	0	0	0	0	0	0	0	0	0	0	0	0	0	0	0	0	0	0	0	0	0	0	0	0	0	0	0	0	
692084	Insula_L	9164	404	32450	758	4788	0	19246	322	2092	0	21672	6194	30144	754	17044	0	25784	984	10832	1620	3394	114	7088	388	372	0	454	0	0	4694	13140	1062	2660	1126	1116	654	13260	1914	1164	614	4098	0	0	0	0	0	134	0	0	0	2296	0	1758	0	3142	292	4896	0	566	0	1102	0	3404	0	930	0	566	88	554	216	16484	900	22804	1784	288	0	3336	458	10248	0	9944	0	6034	214	4832	0	262	0	6946	0	0	0	0	0	0	0	0	0	0	0	0	0	0	0	0	0	0	0	0	0	0	0	0	0	0	0	
356088	Insula_R	668	2406	1280	10864	0	1010	894	4986	0	876	4580	23422	1552	12954	0	9488	848	14894	1382	10924	0	1800	112	1364	0	346	0	742	4694	0	548	5378	0	1856	98	396	0	5332	0	1280	0	1256	0	202	0	502	0	0	0	508	0	696	0	244	0	1368	168	1364	0	0	0	0	0	0	0	0	0	832	210	1178	6432	4016	436	18342	0	88	0	816	0	1754	0	4072	904	2644	0	1424	0	0	0	1614	0	0	0	0	0	0	0	0	0	0	0	0	0	0	0	0	0	0	0	0	0	0	0	0	0	0	
286096	Cingulum_Ant_L	0	0	12010	3548	5744	470	3056	428	326	0	1102	530	5564	586	2674	106	0	0	7404	2218	4004	2518	16868	5768	3064	2070	4928	754	13140	548	0	14810	2978	3110	0	0	0	0	0	0	1242	0	0	0	0	0	0	0	0	0	0	0	0	0	0	0	0	0	0	0	0	0	0	0	0	0	0	0	0	0	5678	4232	7906	2690	0	0	602	0	0	0	0	0	372	0	0	0	0	0	0	0	0	0	0	0	0	0	0	0	0	0	0	0	0	0	0	0	0	0	0	0	0	0	0	0	0	0	
409940	Cingulum_Ant_R	458	0	4768	26218	182	886	1146	4056	0	0	404	4492	404	10776	106	1090	116	0	10540	15264	1560	2092	12338	22202	0	5226	1694	2854	1062	5378	14810	0	2480	19668	0	0	0	0	0	0	332	0	0	0	0	0	0	0	0	0	0	0	0	0	0	0	0	0	0	0	0	0	0	0	0	0	0	0	0	0	2628	17012	1028	11700	0	0	0	0	0	0	0	0	0	0	0	0	0	0	0	0	0	0	0	0	0	0	0	0	0	0	0	0	0	0	0	0	0	0	0	0	0	0	0	0	0	0	
181396	Cingulum_Mid_L	1482	178	13158	212	0	0	2932	0	0	0	148	0	0	0	0	0	1084	0	19286	7484	0	0	4574	184	0	0	0	0	2660	0	2978	2480	0	11738	1996	524	988	0	0	0	0	0	0	0	0	174	0	232	164	124	352	0	0	0	0	0	1816	0	130	0	252	0	152	0	92	0	2478	644	2020	1392	1574	0	3970	0	230	0	0	0	86	0	462	0	0	0	0	0	0	0	268	0	0	0	0	0	0	0	0	0	0	0	0	0	0	0	0	0	0	0	0	0	0	0	0	0	0	0	
605360	Cingulum_Mid_R	4420	14536	9090	10692	0	0	1304	1502	0	0	612	2390	452	1482	0	0	432	602	28598	59314	0	0	6840	10716	0	0	0	0	1126	1856	3110	19668	11738	0	1706	5326	122	738	0	132	0	0	0	2622	0	2068	0	1346	0	1664	242	3812	0	1444	0	1066	1588	11914	192	648	396	392	126	492	200	362	554	7282	17720	33732	1206	1990	968	1086	342	356	126	362	0	166	150	740	0	154	0	3404	0	0	0	3134	0	0	0	0	0	0	0	0	0	0	0	0	0	0	0	0	0	0	0	0	130	0	0	0	0	0	
115284	Cingulum_Post_L	758	1252	202	724	0	0	142	0	0	0	0	0	0	0	0	0	286	0	370	956	0	0	0	0	0	0	0	0	1116	98	0	0	1996	1706	0	8144	6820	4760	2014	434	0	0	2286	0	246	0	1596	342	324	0	562	0	166	0	376	92	1400	614	380	0	456	0	96	0	160	0	5820	590	2034	1238	0	0	498	410	0	0	1402	3046	790	0	140	0	0	0	360	0	0	0	280	0	0	0	0	0	0	0	0	0	0	0	0	0	0	0	0	0	0	0	0	0	160	0	0	0	0	0	
142092	Cingulum_Post_R	542	2546	198	1448	0	0	112	0	0	0	0	0	0	0	0	0	0	0	256	1780	0	0	0	0	0	0	0	0	654	396	0	0	524	5326	8144	0	4900	9534	1366	1208	0	0	0	866	0	90	146	2528	0	0	268	348	118	350	242	838	560	1272	210	0	304	0	86	0	132	0	1526	6160	740	2430	0	0	472	824	0	0	2132	5308	188	150	130	192	0	0	332	230	0	0	272	1184	0	0	0	0	0	0	0	312	0	0	0	0	0	0	0	0	0	0	0	0	1172	0	0	0	0	0	
273336	Hippocampus_L	4842	464	2592	852	0	0	1032	0	0	0	102	0	0	0	0	0	1194	0	1620	510	0	0	0	0	0	0	0	0	13260	0	0	0	988	122	6820	4900	0	4298	10444	344	7294	0	1572	0	92	0	2266	0	86	0	702	0	1882	0	14416	0	1236	0	270	0	1006	0	512	0	928	0	3884	292	3698	0	714	0	11928	244	690	0	3066	2488	3768	0	2542	0	772	0	3218	0	426	0	12292	0	0	0	0	0	0	0	0	0	0	0	0	0	0	0	0	0	0	0	0	0	0	0	0	0	0	0	
289192	Hippocampus_R	1672	2548	1266	4808	0	0	568	1028	0	0	1234	630	320	0	0	0	372	956	486	2550	0	0	0	0	0	0	0	0	1914	5332	0	0	0	738	4760	9534	4298	0	1300	17934	0	6604	0	568	0	358	142	3148	0	426	0	546	112	772	258	19184	586	202	0	196	100	0	0	0	120	130	952	3842	754	646	1514	88	546	13450	0	464	1288	9604	168	866	164	1352	306	894	362	926	0	0	300	6762	0	0	0	0	0	0	0	950	0	220	0	0	0	0	0	0	0	0	0	0	478	0	0	0	0	0	
81224	ParaHippocampal_L	524	118	190	158	0	0	0	0	0	0	0	0	0	0	0	0	186	0	148	0	100	0	0	0	0	0	0	0	1164	0	0	0	0	0	2014	1366	10444	1300	0	94	2136	0	878	0	0	0	2388	134	0	0	258	0	1636	0	7432	0	174	0	0	0	182	0	122	0	342	0	1646	216	378	0	0	0	1236	0	0	0	242	384	132	0	138	0	400	0	406	0	92	0	1514	0	0	0	0	0	0	0	244	0	0	0	0	0	0	0	0	0	0	0	0	96	0	0	0	0	0	0	
118272	ParaHippocampal_R	0	136	0	1024	0	0	0	422	0	0	546	272	192	0	0	0	98	138	0	504	0	0	0	0	0	0	0	0	614	1280	0	0	0	132	434	1208	344	17934	94	0	0	3696	0	556	0	0	0	3480	0	0	0	138	0	152	0	11592	0	0	0	0	0	0	0	0	0	0	0	1820	0	0	448	0	0	4224	0	404	0	2108	0	216	0	300	88	926	0	188	0	294	0	478	0	0	0	0	0	202	108	1748	0	338	0	0	0	0	0	0	0	0	0	0	260	0	0	0	0	0	
63096	Amygdala_L	0	0	422	0	780	0	112	0	92	0	0	0	0	0	554	0	0	0	0	0	1858	812	0	0	0	0	674	0	4098	0	1242	332	0	0	0	0	7294	0	2136	0	0	0	0	0	0	0	0	0	0	0	0	0	0	0	3226	0	0	0	0	0	0	0	0	0	0	0	0	0	0	0	1188	916	3252	456	0	0	0	0	0	0	0	0	504	0	0	0	170	0	1430	0	0	0	0	0	0	0	0	0	0	0	0	0	0	0	0	0	0	0	0	0	0	0	0	0	0	0	
37764	Amygdala_R	0	0	0	0	0	146	0	0	0	90	0	0	0	0	0	168	0	0	0	0	0	386	0	0	0	0	0	202	0	1256	0	0	0	0	0	0	0	6604	0	3696	0	0	0	0	0	0	0	0	0	0	0	0	0	0	0	3578	0	0	0	0	0	0	0	0	0	0	0	0	0	0	0	0	0	1250	0	0	0	0	0	0	0	0	0	1352	0	0	0	154	0	0	0	0	0	0	0	0	0	0	0	0	0	0	0	0	0	0	0	0	0	0	0	0	0	0	0	0	
245368	Calcarine_L	108	0	0	0	0	0	0	0	0	0	0	0	0	0	0	0	0	0	0	0	0	0	0	0	0	0	0	0	0	0	0	0	0	0	2286	0	1572	0	878	0	0	0	0	10746	19078	6756	15908	4600	15084	1858	14244	564	3602	168	1634	130	2466	0	2184	0	660	0	0	0	0	0	13010	308	3540	0	0	0	0	0	0	0	0	0	110	0	0	0	0	0	422	0	0	0	252	0	0	0	0	0	0	0	164	0	172	0	0	0	0	0	0	0	0	0	0	0	180	0	0	0	0	0	
345904	Calcarine_R	102	1516	0	152	0	0	0	0	0	0	0	148	0	0	0	0	0	446	166	670	0	0	0	0	0	0	0	0	0	202	0	0	0	2622	0	866	0	568	0	556	0	0	10746	0	5348	28134	2580	20910	90	21900	0	19462	0	8794	0	6200	0	2184	0	298	0	0	0	0	0	226	1776	19420	0	2722	164	0	0	0	0	0	0	0	0	184	0	0	0	0	0	8320	0	0	0	4414	0	0	0	0	0	0	0	194	192	150	0	0	0	0	0	0	0	0	0	0	324	206	0	0	0	0	
215176	Cuneus_L	0	0	0	0	0	0	0	0	0	0	0	0	0	0	0	0	0	0	0	0	0	0	0	0	0	0	0	0	0	0	0	0	0	0	246	0	92	0	0	0	0	0	19078	5348	0	8340	3300	320	25590	962	16354	274	1590	140	982	136	1096	0	4156	0	164	0	0	0	0	0	13782	1728	2658	0	0	0	0	0	0	0	0	0	0	0	0	0	0	0	932	0	0	0	190	0	0	0	0	0	0	0	0	0	130	0	0	0	0	0	0	0	0	0	0	0	0	0	0	0	0	0	
482940	Cuneus_R	220	1744	0	262	0	0	0	134	0	0	0	572	0	0	0	0	0	988	112	776	0	0	0	0	0	0	0	0	0	502	0	0	174	2068	0	90	0	358	0	0	0	0	6756	28134	8340	0	186	4398	294	51840	0	19300	0	3676	0	2838	0	2728	0	20530	0	1628	0	3628	0	1342	5590	48044	0	3532	244	0	0	0	0	0	0	0	0	280	0	3282	0	0	0	8618	0	0	0	7838	0	88	0	0	0	0	0	0	0	0	0	0	0	0	0	0	0	0	0	0	336	0	0	0	0	0	
272192	Lingual_L	86	0	0	0	0	0	0	0	0	0	0	0	0	0	0	0	0	0	0	0	0	0	0	0	0	0	0	0	134	0	0	0	0	0	1596	146	2266	142	2388	0	0	0	15908	2580	3300	186	0	4760	7334	736	19494	430	9774	106	17404	670	466	0	1262	0	172	0	0	0	0	0	4972	100	498	0	0	0	0	0	0	0	98	0	102	0	0	0	0	0	598	0	0	0	182	0	5654	254	378	0	0	0	7248	112	14874	1114	292	0	634	0	412	226	0	0	0	0	2846	3214	670	0	0	278	
368676	Lingual_R	0	432	0	110	0	0	0	0	0	0	0	0	0	0	0	0	0	0	0	244	0	0	0	0	0	0	0	0	0	0	0	0	232	1346	342	2528	0	3148	134	3480	0	0	4600	20910	320	4398	4760	0	0	6474	0	8506	160	12442	2146	22312	0	312	0	150	0	0	0	0	0	0	978	12038	0	1056	0	0	0	0	0	0	0	392	0	0	0	0	0	0	0	1720	0	0	0	2314	1196	3602	120	182	694	294	3542	7766	8900	10022	152	0	340	188	4412	246	296	0	0	150	8532	12164	1870	140	1382	164	
241584	Occipital_Sup_L	288	0	0	0	0	0	0	0	0	0	0	0	0	0	0	0	0	0	0	0	0	0	0	0	0	0	0	0	0	0	0	0	164	0	324	0	86	0	0	0	0	0	15084	90	25590	294	7334	0	0	0	37032	0	2512	0	832	0	2812	0	9710	0	1726	0	0	0	168	0	13266	398	2048	0	0	0	250	0	0	0	0	0	0	0	0	0	0	0	478	0	0	0	132	0	0	0	0	0	0	0	0	0	174	0	0	0	0	0	0	0	0	0	0	0	0	0	0	0	0	0	
455932	Occipital_Sup_R	190	1488	0	176	0	0	0	110	0	0	0	500	0	0	0	0	0	778	0	592	0	0	0	0	0	0	0	0	0	508	0	0	124	1664	0	0	0	426	0	0	0	0	1858	21900	962	51840	736	6474	0	0	0	30570	0	4710	0	3268	0	1530	0	24478	0	1874	0	4586	0	3242	1692	37648	0	2604	164	0	0	0	0	0	0	0	0	230	0	4212	0	0	0	8206	0	0	0	8526	0	100	0	0	0	0	0	0	0	0	0	0	0	0	0	0	0	0	0	0	0	0	0	0	0	0	
558860	Occipital_Mid_L	4460	318	1032	0	0	0	652	0	0	0	0	0	0	0	0	0	2294	0	0	536	0	0	0	0	0	0	0	0	2296	0	0	0	352	242	562	268	702	0	258	0	0	0	14244	0	16354	0	19494	0	37032	0	0	0	19390	0	8930	0	17016	238	30684	0	26918	0	1942	0	16982	0	17012	0	8562	318	0	0	1338	0	0	0	0	0	640	0	2648	0	0	0	17792	0	0	0	6978	0	0	0	0	0	0	0	0	0	946	0	0	0	0	0	0	0	0	0	0	0	0	0	0	0	0	0	
363168	Occipital_Mid_R	400	2096	0	260	0	0	0	124	0	0	0	546	0	0	0	0	0	1076	0	1042	0	0	0	0	0	0	0	0	0	696	0	0	0	3812	0	348	0	546	0	138	0	0	564	19462	274	19300	430	8506	0	30570	0	0	0	14548	0	4666	100	2004	0	6978	0	1158	0	2676	0	10828	258	15950	260	5002	296	0	0	0	0	0	0	0	0	376	0	3492	0	0	0	14208	0	0	0	8426	0	168	0	0	0	0	0	0	0	0	0	0	0	0	0	0	0	0	0	0	0	0	0	0	0	0	
174436	Occipital_Inf_L	922	0	86	0	0	0	0	0	0	0	0	0	0	0	0	0	1308	0	0	0	0	0	0	0	0	0	0	0	1758	0	0	0	0	0	166	118	1882	112	1636	0	0	0	3602	0	1590	0	9774	160	2512	0	19390	0	0	0	16072	0	1102	0	786	0	632	0	638	0	602	0	1942	0	982	0	0	0	238	0	0	0	282	0	2296	0	826	0	0	0	5792	0	0	0	7180	0	602	0	0	0	0	0	0	0	1946	104	0	0	0	0	0	0	0	0	0	0	0	180	0	0	0	0	
184148	Occipital_Inf_R	0	1172	0	0	0	0	0	0	0	0	0	0	0	0	0	0	0	468	0	218	0	0	0	0	0	0	0	0	0	244	0	0	0	1444	0	350	0	772	0	152	0	0	168	8794	140	3676	106	12442	0	4710	0	14548	0	0	0	15598	0	1054	0	1162	0	480	0	88	0	980	546	4182	0	1254	0	0	0	0	0	0	0	0	0	168	0	450	0	0	0	4714	0	0	0	11014	0	794	0	0	0	0	0	0	0	186	0	0	0	0	0	0	0	0	0	0	0	0	0	0	0	0	
407028	Fusiform_L	1102	0	208	0	0	0	0	0	0	0	0	0	0	0	0	0	890	0	90	0	0	0	0	0	0	0	0	0	3142	0	0	0	0	0	376	242	14416	258	7432	0	3226	0	1634	0	982	0	17404	2146	832	0	8930	0	16072	0	0	682	778	0	798	0	478	0	432	0	570	0	1512	0	1070	0	0	0	1842	0	0	0	342	132	1942	0	1454	0	2676	0	5644	0	1670	0	20342	0	21080	306	2196	0	282	0	12786	0	34300	1392	1672	0	2046	0	400	0	0	0	0	0	1584	2938	786	0	0	0	
379164	Fusiform_R	0	832	0	742	0	0	0	392	0	0	272	236	168	0	0	0	0	278	0	754	0	0	0	0	0	0	0	0	292	1368	0	0	0	1066	92	838	0	19184	0	11592	0	3578	130	6200	136	2838	670	22312	0	3268	0	4666	0	15598	682	0	0	496	0	572	0	272	0	104	0	728	562	3938	0	840	172	0	0	3474	0	212	0	1160	0	278	0	1152	0	5180	0	2970	0	2108	0	13146	648	10220	0	124	0	300	864	8644	2342	14880	0	0	88	364	1862	456	0	0	0	0	4674	5366	1250	106	1570	276	
383776	Postcentral_L	33200	1562	7528	764	0	0	1868	206	0	0	5430	0	0	0	0	0	11608	402	6232	2566	0	0	0	0	0	0	0	0	4896	168	0	0	1816	1588	1400	560	1236	586	174	0	0	0	2466	0	1096	0	466	0	2812	0	17016	100	1102	0	778	0	0	654	15734	0	22956	0	11734	0	2998	0	7698	116	7496	1144	1618	116	1962	160	0	0	0	218	1536	0	4396	0	0	0	1098	0	0	0	628	0	0	0	0	0	0	0	0	0	0	0	0	0	0	0	0	0	0	0	0	0	0	0	0	0	0	0	
252584	Postcentral_R	512	29952	184	4914	0	0	90	630	0	0	0	3738	0	0	0	0	0	3064	152	5778	0	0	0	0	0	0	0	0	0	1364	0	0	0	11914	614	1272	0	202	0	0	0	0	0	2184	0	2728	0	312	0	1530	238	2004	0	1054	0	496	654	0	200	2216	260	2876	0	9152	96	2838	122	5804	1176	17022	470	0	92	180	0	0	290	0	0	88	0	822	0	0	0	4152	0	0	0	2764	0	0	0	0	0	0	0	0	0	0	0	0	0	0	0	0	0	0	0	0	92	0	0	0	0	0	
277292	Parietal_Sup_L	2924	254	446	0	0	0	224	0	0	0	0	0	0	0	0	0	1154	0	0	174	0	0	0	0	0	0	0	0	566	0	0	0	130	192	380	210	270	0	0	0	0	0	2184	0	4156	0	1262	0	9710	0	30684	0	786	0	798	0	15734	200	0	0	25154	0	964	0	6662	0	20736	142	5264	256	0	0	854	0	0	0	0	0	0	0	1774	0	0	0	2272	0	0	0	2042	0	0	0	0	0	0	0	0	0	88	0	0	0	0	0	0	0	0	0	0	0	0	0	0	0	0	0	
227536	Parietal_Sup_R	0	866	0	0	0	0	0	0	0	0	0	0	0	0	0	0	0	202	0	168	0	0	0	0	0	0	0	0	0	0	0	0	0	648	0	0	0	196	0	0	0	0	0	298	0	20530	0	150	0	24478	0	6978	0	1162	0	572	0	2216	0	0	0	3654	0	2548	0	5072	392	22676	0	2642	0	0	0	0	0	0	0	0	0	0	0	2518	0	0	0	7226	0	0	0	8478	0	98	0	0	0	0	0	0	0	0	0	0	0	0	0	0	0	0	0	0	0	0	0	0	0	0	
307304	Parietal_Inf_L	8410	422	1070	0	0	0	590	0	0	0	210	0	0	0	0	0	1088	0	322	424	0	0	0	0	0	0	0	0	1102	0	0	0	252	396	456	304	1006	100	182	0	0	0	660	0	164	0	172	0	1726	0	26918	0	632	0	478	0	22956	260	25154	0	0	0	15460	0	22402	0	4740	0	2454	452	138	0	1306	0	0	0	0	0	492	0	3652	0	0	0	4550	0	0	0	2552	0	0	0	0	0	0	0	0	0	0	0	0	0	0	0	0	0	0	0	0	0	0	0	0	0	0	0	
89912	Parietal_Inf_R	0	484	0	178	0	0	0	0	0	0	0	122	0	0	0	0	0	0	0	266	0	0	0	0	0	0	0	0	0	0	0	0	0	392	0	0	0	0	0	0	0	0	0	0	0	1628	0	0	0	1874	0	1158	0	480	0	272	0	2876	0	3654	0	0	0	3958	0	15424	0	2444	0	606	0	0	0	0	0	0	0	0	0	0	0	1004	0	0	0	5296	0	0	0	2840	0	0	0	0	0	0	0	0	0	0	0	0	0	0	0	0	0	0	0	0	0	0	0	0	0	0	
153400	SupraMarginal_L	4812	196	890	0	0	0	486	0	0	0	1392	0	0	0	0	0	5688	0	464	166	0	0	0	0	0	0	0	0	3404	0	0	0	152	126	96	86	512	0	122	0	0	0	0	0	0	0	0	0	0	0	1942	0	638	0	432	0	11734	0	964	0	15460	0	0	0	9092	0	166	0	98	140	302	0	440	0	0	0	0	0	940	0	8588	0	0	0	5598	0	0	0	1574	0	0	0	0	0	0	0	0	0	0	0	0	0	0	0	0	0	0	0	0	0	0	0	0	0	0	0	
111304	SupraMarginal_R	0	2820	0	172	0	0	0	0	0	0	0	0	0	0	0	0	0	1670	0	374	0	0	0	0	0	0	0	0	0	0	0	0	0	492	0	0	0	0	0	0	0	0	0	0	0	3628	0	0	0	4586	0	2676	0	88	0	104	0	9152	0	2548	0	3958	0	0	0	4538	0	5124	0	668	110	0	0	0	0	0	0	0	0	0	0	6838	0	0	0	4812	0	0	0	1294	0	0	0	0	0	0	0	0	0	0	0	0	0	0	0	0	0	0	0	0	0	0	0	0	0	0	
189892	Angular_L	4748	222	2600	0	0	0	1888	0	0	0	0	0	0	0	0	0	720	0	218	254	0	0	0	0	0	0	0	0	930	0	0	0	92	200	160	132	928	120	342	0	0	0	0	0	0	0	0	0	168	0	16982	0	602	0	570	0	2998	96	6662	0	22402	0	9092	0	0	0	268	0	272	226	158	0	712	0	0	0	0	0	554	0	4010	0	0	0	11846	0	0	0	3774	0	0	0	0	0	0	0	0	0	0	0	0	0	0	0	0	0	0	0	0	0	0	0	0	0	0	0	
165700	Angular_R	0	1584	0	0	0	0	0	0	0	0	0	0	0	0	0	0	0	252	0	720	0	0	0	0	0	0	0	0	0	0	0	0	0	362	0	0	0	130	0	0	0	0	0	226	0	1342	0	0	0	3242	0	10828	0	980	0	728	0	2838	0	5072	0	15424	0	4538	0	0	0	1386	88	646	0	92	0	0	0	0	0	650	0	0	0	5288	0	0	0	20368	0	0	0	5912	0	154	0	0	0	0	0	0	0	0	0	0	0	0	0	0	0	0	0	0	0	0	0	0	0	0	
302236	Precuneus_L	570	450	118	510	0	0	0	0	0	0	0	0	0	0	0	0	458	0	90	260	0	0	0	0	0	0	0	0	566	0	0	0	2478	554	5820	1526	3884	952	1646	0	0	0	13010	1776	13782	5590	4972	978	13266	1692	17012	258	1942	546	1512	562	7698	122	20736	392	4740	0	166	0	268	0	0	6844	8948	494	0	0	224	164	0	0	0	908	674	0	446	0	0	0	1072	0	0	0	442	0	0	0	0	0	0	0	0	0	0	0	0	0	0	0	0	0	0	0	0	0	0	0	0	0	0	0	
515560	Precuneus_R	358	2808	168	396	0	0	122	186	0	0	0	790	0	0	0	0	0	1408	546	2092	0	0	0	0	0	0	0	0	88	832	0	0	644	7282	590	6160	292	3842	216	1820	0	0	308	19420	1728	48044	100	12038	398	37648	0	15950	0	4182	0	3938	116	5804	142	22676	0	2444	0	5124	0	1386	6844	0	86	9820	428	0	0	0	0	0	0	142	0	444	0	4214	0	0	0	10936	0	0	0	10174	0	0	0	0	0	0	0	810	0	0	0	0	0	0	0	0	0	0	0	0	1796	0	0	0	0	0	
361316	Paracentral_Lobule_L	22784	2834	5560	3854	0	0	444	0	0	0	0	94	0	0	0	0	162	0	10348	28218	0	0	0	0	0	0	0	0	554	210	0	0	2020	17720	2034	740	3698	754	378	0	0	0	3540	0	2658	0	498	0	2048	0	8562	260	982	0	1070	0	7496	1176	5264	0	2454	0	98	0	272	88	8948	86	0	11838	1380	1216	4918	744	1884	238	7900	310	0	0	422	0	0	0	934	334	0	0	634	0	0	0	0	0	0	0	0	0	0	0	0	0	0	0	0	0	0	0	0	0	0	0	0	0	0	0	
331536	Paracentral_Lobule_R	2844	18834	914	224	0	0	116	0	0	0	0	216	0	0	0	0	302	326	1968	24220	0	0	0	0	0	0	0	0	216	1178	0	0	1392	33732	1238	2430	0	646	0	0	0	0	0	2722	0	3532	0	1056	0	2604	318	5002	0	1254	0	840	1144	17022	256	2642	452	606	140	668	226	646	494	9820	11838	0	496	948	362	960	0	362	142	416	0	186	0	854	0	0	0	3480	0	0	0	3372	0	0	0	0	0	0	0	0	0	0	0	0	0	0	0	0	0	0	0	0	112	0	0	0	0	0	
389216	Caudate_L	7730	1724	9720	986	2910	90	5724	594	314	0	10308	12024	2954	1636	1452	0	3906	2084	6184	4326	6500	7380	724	0	334	172	5034	298	16484	6432	5678	2628	1574	1206	0	0	714	1514	0	448	1188	0	0	164	0	244	0	0	0	164	0	296	0	0	0	172	1618	470	0	0	138	0	302	110	158	0	0	428	1380	496	0	12600	22158	5174	1764	0	8764	230	438	0	1096	150	2430	484	0	206	0	0	0	0	0	0	0	0	0	0	0	0	0	0	0	0	0	0	0	0	0	0	0	0	0	0	0	0	0	0	
321224	Caudate_R	2138	0	1828	9040	1010	1960	2372	820	0	288	728	6310	0	4926	0	1264	528	692	1910	20112	4526	9166	116	2134	0	2270	3256	3582	900	4016	4232	17012	0	1990	0	0	0	88	0	0	916	0	0	0	0	0	0	0	0	0	0	0	0	0	0	0	116	0	0	0	0	0	0	0	0	92	0	0	1216	948	12600	0	5374	15858	0	1344	0	12336	0	0	116	0	388	0	0	94	0	0	0	0	0	0	0	0	0	0	0	0	0	0	0	0	0	0	0	0	0	0	0	0	0	0	0	0	0	0	
344644	Putamen_L	6278	364	20172	550	948	0	1762	0	124	0	378	2998	472	582	488	0	810	144	10600	2260	1916	3862	1482	0	108	0	894	0	22804	436	7906	1028	3970	968	498	472	11928	546	1236	0	3252	0	0	0	0	0	0	0	250	0	1338	0	238	0	1842	0	1962	92	854	0	1306	0	440	0	712	0	224	0	4918	362	22158	5374	0	1862	7756	0	4476	348	200	0	598	0	120	0	574	0	0	0	2082	0	0	0	0	0	0	0	0	0	0	0	0	0	0	0	0	0	0	0	0	0	0	0	0	0	0	0	
312428	Putamen_R	812	980	1010	13298	196	3052	760	2216	0	800	1656	3842	580	2396	0	1746	514	1460	976	10578	1988	3052	0	4594	0	4062	1462	3518	1784	18342	2690	11700	0	1086	410	824	244	13450	0	4224	456	1250	0	0	0	0	0	0	0	0	0	0	0	0	0	3474	160	180	0	0	0	0	0	0	0	0	164	0	744	960	5174	15858	1862	0	0	1588	0	2402	0	0	114	484	396	174	0	88	0	0	0	156	0	0	0	0	0	0	0	118	0	110	0	0	0	0	0	0	0	0	0	0	0	0	0	0	0	0	
59308	Pallidum_L	2214	0	5022	746	0	0	916	0	0	0	114	0	0	0	0	0	140	0	3404	1424	0	0	0	0	0	0	0	0	288	0	0	0	230	342	0	0	690	0	0	0	0	0	0	0	0	0	0	0	0	0	0	0	0	0	0	0	0	0	0	0	0	0	0	0	0	0	0	0	1884	0	1764	0	7756	0	0	0	2720	0	0	0	0	0	0	0	0	0	0	0	0	0	0	0	0	0	0	0	0	0	0	0	0	0	0	0	0	0	0	0	0	0	0	0	0	0	0	0	
14064	Pallidum_R	0	0	0	234	0	0	0	0	0	0	0	0	0	0	0	0	0	0	0	1742	0	0	0	0	0	0	0	0	0	88	0	0	0	356	0	0	0	464	0	404	0	0	0	0	0	0	0	0	0	0	0	0	0	0	0	212	0	0	0	0	0	0	0	0	0	0	0	0	238	362	0	1344	0	1588	0	0	0	0	0	0	0	0	0	0	0	0	0	0	0	0	0	0	0	0	0	0	0	0	0	0	0	0	0	0	0	0	0	0	0	0	0	0	0	0	0	0	
94840	Thalamus_L	3726	300	266	204	0	0	148	0	0	0	0	0	0	0	0	0	760	0	424	880	0	0	0	0	0	0	0	0	3336	0	602	0	0	126	1402	2132	3066	1288	242	0	0	0	0	0	0	0	98	0	0	0	0	0	282	0	342	0	0	290	0	0	0	0	0	0	0	0	0	0	7900	142	8764	0	4476	0	2720	0	0	2080	90	0	716	0	0	0	216	0	0	0	402	0	0	0	0	0	0	0	0	0	0	0	0	0	0	0	0	0	0	0	0	0	0	0	0	0	0	0	
136000	Thalamus_R	520	1642	190	8246	0	0	100	0	0	0	0	0	0	0	0	0	0	0	0	8816	0	0	0	0	0	0	0	0	458	816	0	0	0	362	3046	5308	2488	9604	384	2108	0	0	0	0	0	0	0	392	0	0	0	0	0	0	132	1160	218	0	0	0	0	0	0	0	0	650	908	142	310	416	230	12336	348	2402	0	0	2080	0	122	288	112	386	0	0	232	674	0	0	196	178	0	0	0	0	0	0	0	0	0	0	0	0	0	0	0	0	0	0	0	0	0	0	0	0	0	0	
110880	Heschl_L	2686	100	1748	0	0	0	1672	0	0	0	638	0	236	0	0	0	5540	0	654	104	0	0	0	0	0	0	0	0	10248	0	0	0	86	0	790	188	3768	168	132	0	0	0	110	0	0	0	102	0	0	0	640	0	2296	0	1942	0	1536	0	0	0	492	0	940	0	554	0	674	0	0	0	438	0	200	0	0	0	90	122	0	0	4662	0	0	0	6834	0	0	0	5050	0	0	0	0	0	0	0	0	0	0	0	0	0	0	0	0	0	0	0	0	0	0	0	0	0	0	0	
28896	Heschl_R	0	182	0	594	0	0	0	0	0	0	0	114	0	0	0	0	0	1776	0	726	0	0	0	0	0	0	0	0	0	1754	0	0	0	166	0	150	0	866	0	216	0	0	0	184	0	280	0	0	0	230	0	376	0	168	0	278	0	88	0	0	0	0	0	0	0	0	0	444	0	186	0	0	0	0	0	0	0	288	0	0	0	4010	0	0	0	356	0	0	0	1016	0	0	0	0	0	0	0	0	0	0	0	0	0	0	0	0	0	0	0	0	0	0	0	0	0	0	
271536	Temporal_Sup_L	6748	0	6752	0	0	0	2176	0	0	0	5016	86	0	0	0	0	14806	0	4576	284	0	0	0	0	0	0	0	0	9944	0	0	0	462	150	140	130	2542	164	138	0	0	0	0	0	0	0	0	0	0	0	2648	0	826	0	1454	0	4396	0	1774	0	3652	0	8588	0	4010	0	446	0	422	0	1096	116	598	114	0	0	716	112	4662	0	0	0	4364	0	27286	0	584	0	13790	0	0	0	0	0	0	0	0	0	0	0	0	0	0	0	0	0	0	0	0	0	0	0	0	0	0	0	
155728	Temporal_Sup_R	0	780	122	2976	0	0	116	238	0	0	0	186	0	0	0	0	0	5410	0	2970	0	0	0	0	0	0	0	0	0	4072	0	0	0	740	0	192	0	1352	0	300	0	0	0	0	0	3282	0	0	0	4212	0	3492	0	450	0	1152	0	822	0	2518	0	1004	0	6838	0	5288	0	4214	0	854	150	0	0	484	0	0	0	386	0	4010	0	0	0	2242	0	11702	0	188	0	5122	0	0	0	0	0	0	0	0	0	0	0	0	0	0	0	0	0	0	0	0	0	0	0	0	0	0	
108320	Temporal_Pole_Sup_L	140	0	644	0	188	0	378	0	144	0	3374	916	214	0	1798	0	2604	0	224	0	378	0	0	0	0	0	0	0	6034	904	372	0	0	0	0	0	772	306	400	88	504	0	0	0	0	0	0	0	0	0	0	0	0	0	2676	0	0	0	0	0	0	0	0	0	0	0	0	0	0	0	2430	388	120	396	0	0	0	0	0	0	4364	0	0	0	8734	0	6200	0	8470	0	0	0	0	0	0	0	0	0	0	0	0	0	0	0	0	0	0	0	0	0	0	0	0	0	0	0	
61732	Temporal_Pole_Sup_R	0	214	150	1138	0	0	0	220	0	0	194	1916	164	170	0	0	0	2640	146	1294	0	0	0	0	0	0	0	0	214	2644	0	0	0	154	0	0	0	894	0	926	0	1352	0	0	0	0	0	0	0	0	0	0	0	0	0	5180	0	0	0	0	0	0	0	0	0	0	0	0	0	0	484	0	0	174	0	0	0	0	0	0	0	2242	0	0	0	2704	0	3220	0	2432	0	0	0	0	0	0	0	0	0	0	0	0	0	0	0	0	0	0	0	0	0	0	0	0	0	0	
337168	Temporal_Mid_L	2412	0	2556	0	0	0	1616	0	0	0	0	0	0	0	0	0	3124	0	170	0	0	0	0	0	0	0	0	0	4832	0	0	0	0	0	360	332	3218	362	406	0	0	0	422	0	932	0	598	0	478	0	17792	0	5792	0	5644	0	1098	0	2272	0	4550	0	5598	0	11846	0	1072	0	934	0	0	0	574	0	0	0	216	232	6834	0	27286	0	8734	0	0	0	5384	0	40908	0	0	0	0	0	0	0	0	0	0	0	0	0	0	0	0	0	0	0	0	0	0	0	0	0	0	0	
322816	Temporal_Mid_R	296	3128	0	186	0	0	0	0	0	0	0	154	0	0	0	0	0	880	0	1106	0	0	0	0	0	0	0	0	0	1424	0	0	0	3404	0	230	0	926	0	188	0	0	0	8320	0	8618	0	1720	0	8206	0	14208	0	4714	0	2970	0	4152	0	7226	0	5296	0	4812	0	20368	0	10936	334	3480	206	94	0	88	0	0	0	674	0	356	0	11702	0	2704	0	0	0	606	0	27542	0	154	0	0	0	0	0	0	0	0	0	0	0	0	0	0	0	0	0	0	0	0	0	0	0	0	
40452	Temporal_Pole_Mid_L	0	0	0	0	0	0	0	0	0	0	0	0	0	0	0	0	0	0	0	0	0	0	0	0	0	0	0	0	262	0	0	0	0	0	0	0	426	0	92	0	170	0	0	0	0	0	0	0	0	0	0	0	0	0	1670	0	0	0	0	0	0	0	0	0	0	0	0	0	0	0	0	0	0	0	0	0	0	0	0	0	584	0	6200	0	5384	0	0	0	5438	0	0	0	0	0	0	0	0	0	0	0	0	0	0	0	0	0	0	0	0	0	0	0	0	0	0	0	
14612	Temporal_Pole_Mid_R	0	0	0	0	0	0	0	0	0	0	0	0	0	0	0	0	0	0	0	0	0	0	0	0	0	0	0	0	0	0	0	0	0	0	0	0	0	0	0	294	0	154	0	0	0	0	0	0	0	0	0	0	0	0	0	2108	0	0	0	0	0	0	0	0	0	0	0	0	0	0	0	0	0	0	0	0	0	0	0	0	0	188	0	3220	0	606	0	0	0	736	0	0	0	0	0	0	0	0	0	0	0	0	0	0	0	0	0	0	0	0	0	0	0	0	0	0	
317168	Temporal_Inf_L	1756	0	1296	0	0	0	526	0	0	0	0	0	0	0	0	0	3128	0	314	0	0	0	0	0	0	0	0	0	6946	0	0	0	268	0	280	272	12292	300	1514	0	1430	0	252	0	190	0	182	0	132	0	6978	0	7180	0	20342	0	628	0	2042	0	2552	0	1574	0	3774	0	442	0	634	0	0	0	2082	0	0	0	402	196	5050	0	13790	0	8470	0	40908	0	5438	0	0	0	2884	0	338	0	0	0	136	0	1076	0	322	0	268	0	0	0	0	0	0	0	0	0	0	0	0	0	
306312	Temporal_Inf_R	0	3094	0	0	0	0	0	0	0	0	0	0	0	0	0	0	0	752	0	776	0	0	0	0	0	0	0	0	0	1614	0	0	0	3134	0	1184	0	6762	0	478	0	0	0	4414	0	7838	0	2314	0	8526	0	8426	0	11014	0	13146	0	2764	0	8478	0	2840	0	1294	0	5912	0	10174	0	3372	0	0	0	156	0	0	0	178	0	1016	0	5122	0	2432	0	27542	0	736	0	0	0	4178	0	228	0	0	0	438	0	1950	0	304	0	570	0	0	0	0	0	0	0	0	0	0	0	0	
500148	Cerebelum_Crus1_L	0	0	0	0	0	0	0	0	0	0	0	0	0	0	0	0	0	0	0	0	0	0	0	0	0	0	0	0	0	0	0	0	0	0	0	0	0	0	0	0	0	0	0	0	0	0	5654	1196	0	0	0	0	602	0	21080	648	0	0	0	0	0	0	0	0	0	0	0	0	0	0	0	0	0	0	0	0	0	0	0	0	0	0	0	0	0	0	0	0	2884	0	0	12274	40614	6740	1070	150	13052	500	53082	9622	21082	1290	26616	1900	1530	122	700	0	360	576	3094	5526	18006	104	0	0	
541100	Cerebelum_Crus1_R	0	0	0	0	0	0	0	0	0	0	0	0	0	0	0	0	0	0	0	0	0	0	0	0	0	0	0	0	0	0	0	0	0	0	0	0	0	0	0	0	0	0	0	0	0	88	254	3602	0	100	0	168	0	794	306	10220	0	0	0	98	0	0	0	0	0	154	0	0	0	0	0	0	0	0	0	0	0	0	0	0	0	0	0	0	0	154	0	0	0	4178	12274	0	5310	31088	812	3050	3074	22954	9378	61460	3062	7352	4948	23412	1750	5316	128	1256	678	2282	13264	10968	18184	2924	4472	1038	
447696	Cerebelum_Crus2_L	0	0	0	0	0	0	0	0	0	0	0	0	0	0	0	0	0	0	0	0	0	0	0	0	0	0	0	0	0	0	0	0	0	0	0	0	0	0	0	0	0	0	0	0	0	0	378	120	0	0	0	0	0	0	2196	0	0	0	0	0	0	0	0	0	0	0	0	0	0	0	0	0	0	0	0	0	0	0	0	0	0	0	0	0	0	0	0	0	338	0	40614	5310	0	16202	586	0	4108	312	12750	2568	47984	9814	43710	8392	2060	88	612	0	270	404	1546	950	19046	3490	0	0	
359260	Cerebelum_Crus2_R	0	0	0	0	0	0	0	0	0	0	0	0	0	0	0	0	0	0	0	0	0	0	0	0	0	0	0	0	0	0	0	0	0	0	0	0	0	0	0	0	0	0	0	0	0	0	0	182	0	0	0	0	0	0	0	124	0	0	0	0	0	0	0	0	0	0	0	0	0	0	0	0	0	0	0	0	0	0	0	0	0	0	0	0	0	0	0	0	0	228	6740	31088	16202	0	348	414	1000	1786	1878	6398	11986	24626	10282	37392	506	2270	0	164	202	482	2058	474	19702	2442	526	130	
48656	Cerebelum_3_L	0	0	0	0	0	0	0	0	0	0	0	0	0	0	0	0	0	0	0	0	0	0	0	0	0	0	0	0	0	0	0	0	0	0	0	0	0	0	0	0	0	0	0	0	0	0	0	694	0	0	0	0	0	0	282	0	0	0	0	0	0	0	0	0	0	0	0	0	0	0	0	0	0	0	0	0	0	0	0	0	0	0	0	0	0	0	0	0	0	0	1070	812	586	348	0	182	7090	494	2460	870	578	0	1034	464	950	0	270	0	1016	2604	1902	622	0	0	0	0	
50376	Cerebelum_3_R	0	0	0	0	0	0	0	0	0	0	0	0	0	0	0	0	0	0	0	0	0	0	0	0	0	0	0	0	0	0	0	0	0	0	0	0	0	0	0	202	0	0	0	0	0	0	0	294	0	0	0	0	0	0	0	300	0	0	0	0	0	0	0	0	0	0	0	0	0	0	0	0	0	0	0	0	0	0	0	0	0	0	0	0	0	0	0	0	0	0	150	3050	0	414	182	0	742	5086	164	5284	0	136	152	834	0	1474	0	186	1764	3170	1252	216	0	0	136	0	
289892	Cerebelum_4_5_L	0	0	0	0	0	0	0	0	0	0	0	0	0	0	0	0	0	0	0	0	0	0	0	0	0	0	0	0	0	0	0	0	0	0	0	0	0	0	244	108	0	0	164	0	0	0	7248	3542	0	0	0	0	0	0	12786	864	0	0	0	0	0	0	0	0	0	0	0	0	0	0	0	0	0	0	0	0	0	0	0	0	0	0	0	0	0	0	0	0	136	0	13052	3074	4108	1000	7090	742	0	4104	30342	3962	4382	0	7360	1444	8054	998	792	0	1170	2700	17282	4702	276	86	1430	1704	
267988	Cerebelum_4_5_R	0	0	0	0	0	0	0	0	0	0	0	0	0	0	0	0	0	0	0	0	0	0	0	0	0	0	0	0	0	0	0	0	0	0	0	312	0	950	0	1748	0	0	0	194	0	0	112	7766	0	0	0	0	0	0	0	8644	0	0	0	0	0	0	0	0	0	0	0	810	0	0	0	0	0	118	0	0	0	0	0	0	0	0	0	0	0	0	0	0	0	438	500	22954	312	1786	494	5086	4104	0	1522	34884	264	176	462	2170	3110	1808	0	234	504	2048	19550	5738	186	660	2968	1382	
525868	Cerebelum_6_L	0	0	0	0	0	0	0	0	0	0	0	0	0	0	0	0	0	0	0	0	0	0	0	0	0	0	0	0	0	0	0	0	0	0	0	0	0	0	0	0	0	0	172	192	130	0	14874	8900	174	0	946	0	1946	0	34300	2342	0	0	88	0	0	0	0	0	0	0	0	0	0	0	0	0	0	0	0	0	0	0	0	0	0	0	0	0	0	0	0	0	1076	0	53082	9378	12750	1878	2460	164	30342	1522	0	11854	10002	118	15660	888	8378	244	1388	0	394	628	9190	14674	11452	218	1130	0	
520544	Cerebelum_6_R	0	0	0	0	0	0	0	0	0	0	0	0	0	0	0	0	0	0	0	0	0	0	0	0	0	0	0	0	0	0	0	0	0	0	0	0	0	220	0	338	0	0	0	150	0	0	1114	10022	0	0	0	0	104	186	1392	14880	0	0	0	0	0	0	0	0	0	0	0	0	0	0	0	0	0	110	0	0	0	0	0	0	0	0	0	0	0	0	0	0	0	1950	9622	61460	2568	6398	870	5284	3962	34884	11854	0	1610	936	3002	9494	3334	6540	170	1822	946	2768	18006	18422	13976	3394	6822	1662	
410656	Cerebelum_7b_L	0	0	0	0	0	0	0	0	0	0	0	0	0	0	0	0	0	0	0	0	0	0	0	0	0	0	0	0	0	0	0	0	0	0	0	0	0	0	0	0	0	0	0	0	0	0	292	152	0	0	0	0	0	0	1672	0	0	0	0	0	0	0	0	0	0	0	0	0	0	0	0	0	0	0	0	0	0	0	0	0	0	0	0	0	0	0	0	0	322	0	21082	3062	47984	11986	578	0	4382	264	10002	1610	0	9822	54354	9892	5964	102	1354	0	212	332	1392	494	12456	5468	98	0	
200132	Cerebelum_7b_R	0	0	0	0	0	0	0	0	0	0	0	0	0	0	0	0	0	0	0	0	0	0	0	0	0	0	0	0	0	0	0	0	0	0	0	0	0	0	0	0	0	0	0	0	0	0	0	0	0	0	0	0	0	0	0	0	0	0	0	0	0	0	0	0	0	0	0	0	0	0	0	0	0	0	0	0	0	0	0	0	0	0	0	0	0	0	0	0	0	304	1290	7352	9814	24626	0	136	0	176	118	936	9822	0	7348	25130	0	762	0	0	0	0	208	0	8356	3688	0	0	
472260	Cerebelum_8_L	0	0	0	0	0	0	0	0	0	0	0	0	0	0	0	0	0	0	0	0	0	0	0	0	0	0	0	0	0	0	0	0	0	0	0	0	0	0	0	0	0	0	0	0	0	0	634	340	0	0	0	0	0	0	2046	88	0	0	0	0	0	0	0	0	0	0	0	0	0	0	0	0	0	0	0	0	0	0	0	0	0	0	0	0	0	0	0	0	268	0	26616	4948	43710	10282	1034	152	7360	462	15660	3002	54354	7348	0	11328	15210	1346	3000	0	374	580	2452	1128	12940	7772	1696	0	
345536	Cerebelum_8_R	0	0	0	0	0	0	0	0	0	0	0	0	0	0	0	0	0	0	0	0	0	0	0	0	0	0	0	0	0	0	0	0	0	0	0	0	0	0	0	0	0	0	0	0	0	0	0	188	0	0	0	0	0	0	0	364	0	0	0	0	0	0	0	0	0	0	0	0	0	0	0	0	0	0	0	0	0	0	0	0	0	0	0	0	0	0	0	0	0	570	1900	23412	8392	37392	464	834	1444	2170	888	9494	9892	25130	11328	0	806	13052	0	332	386	782	2658	446	11502	7312	1354	276	
169736	Cerebelum_9_L	0	0	0	0	0	0	0	0	0	0	0	0	0	0	0	0	0	0	0	0	0	0	0	0	0	0	0	0	0	0	0	0	0	0	0	0	0	0	0	0	0	0	0	0	0	0	412	4412	0	0	0	0	0	0	400	1862	0	0	0	0	0	0	0	0	0	0	0	0	0	0	0	0	0	0	0	0	0	0	0	0	0	0	0	0	0	0	0	0	0	0	1530	1750	2060	506	950	0	8054	3110	8378	3334	5964	0	15210	806	0	658	5314	0	0	0	6970	6218	1340	1192	4192	246	
124832	Cerebelum_9_R	0	0	0	0	0	0	0	0	0	0	0	0	0	0	0	0	0	0	0	0	0	0	0	0	0	0	0	0	0	0	0	0	0	0	0	0	0	0	0	0	0	0	0	0	0	0	226	246	0	0	0	0	0	0	0	456	0	0	0	0	0	0	0	0	0	0	0	0	0	0	0	0	0	0	0	0	0	0	0	0	0	0	0	0	0	0	0	0	0	0	122	5316	88	2270	0	1474	998	1808	244	6540	102	762	1346	13052	658	0	0	2698	824	202	3024	4630	2202	4072	5982	3074	
29364	Cerebelum_10_L	0	0	0	0	0	0	0	0	0	0	0	0	0	0	0	0	0	0	0	0	0	0	0	0	0	0	0	0	0	0	0	0	0	0	0	0	0	0	0	0	0	0	0	0	0	0	0	296	0	0	0	0	0	0	0	0	0	0	0	0	0	0	0	0	0	0	0	0	0	0	0	0	0	0	0	0	0	0	0	0	0	0	0	0	0	0	0	0	0	0	700	128	612	0	270	0	792	0	1388	170	1354	0	3000	0	5314	0	0	0	0	0	286	372	0	0	0	0	
20648	Cerebelum_10_R	0	0	0	0	0	0	0	0	0	0	0	0	0	0	0	0	0	0	0	0	0	0	0	0	0	0	0	0	0	0	0	0	0	0	0	0	0	0	0	0	0	0	0	0	0	0	0	0	0	0	0	0	0	0	0	0	0	0	0	0	0	0	0	0	0	0	0	0	0	0	0	0	0	0	0	0	0	0	0	0	0	0	0	0	0	0	0	0	0	0	0	1256	0	164	0	186	0	234	0	1822	0	0	0	332	0	2698	0	0	0	0	178	708	216	1030	1254	246	
29232	Vermis_1_2	0	0	0	0	0	0	0	0	0	0	0	0	0	0	0	0	0	0	0	0	0	0	0	0	0	0	0	0	0	0	0	0	0	0	0	0	0	0	0	0	0	0	0	0	0	0	0	0	0	0	0	0	0	0	0	0	0	0	0	0	0	0	0	0	0	0	0	0	0	0	0	0	0	0	0	0	0	0	0	0	0	0	0	0	0	0	0	0	0	0	360	678	270	202	1016	1764	1170	504	394	946	212	0	374	386	0	824	0	0	0	3502	1586	290	0	0	138	0	
