data	data	757684	375812	1.21513e+06	929080	148400	173308	688916	383388	84868	21840	232124	325188	263516	284340	184628	79576	183384	131144	957476	960748	72536	101824	619964	627944	79836	108424	94572	101996	629928	567860	483108	791748	234516	718596	145908	145768	253204	412816	126556	328020	40660	55480	293372	291864	180620	293140	384208	317704	164708	352320	525512	304228	235508	161888	498928	558064	247916	206552	152232	122388	222844	232792	93928	111868	122884	229332	308368	431548	436480	251500	418260	584656	331044	448912	70836	36820	194264	178216	116428	22112	214792	114328	136980	54380	317812	300392	48232	15868	376068	229452	460684	401924	400608	322508	29984	49588	299556	238468	413752	396052	279900	239452	291864	325416	119144	128832	21596	5912	32260	65924	273084	215380	211508	232496	82512	20484	
data	data	Precentral_L	Precentral_R	Frontal_Sup_L	Frontal_Sup_R	Frontal_Sup_Orb_L	Frontal_Sup_Orb_R	Frontal_Mid_L	Frontal_Mid_R	Frontal_Mid_Orb_L	Frontal_Mid_Orb_R	Frontal_Inf_Oper_L	Frontal_Inf_Oper_R	Frontal_Inf_Tri_L	Frontal_Inf_Tri_R	Frontal_Inf_Orb_L	Frontal_Inf_Orb_R	Rolandic_Oper_L	Rolandic_Oper_R	Supp_Motor_Area_L	Supp_Motor_Area_R	Olfactory_L	Olfactory_R	Frontal_Sup_Medial_L	Frontal_Sup_Medial_R	Frontal_Med_Orb_L	Frontal_Med_Orb_R	Rectus_L	Rectus_R	Insula_L	Insula_R	Cingulum_Ant_L	Cingulum_Ant_R	Cingulum_Mid_L	Cingulum_Mid_R	Cingulum_Post_L	Cingulum_Post_R	Hippocampus_L	Hippocampus_R	ParaHippocampal_L	ParaHippocampal_R	Amygdala_L	Amygdala_R	Calcarine_L	Calcarine_R	Cuneus_L	Cuneus_R	Lingual_L	Lingual_R	Occipital_Sup_L	Occipital_Sup_R	Occipital_Mid_L	Occipital_Mid_R	Occipital_Inf_L	Occipital_Inf_R	Fusiform_L	Fusiform_R	Postcentral_L	Postcentral_R	Parietal_Sup_L	Parietal_Sup_R	Parietal_Inf_L	Parietal_Inf_R	SupraMarginal_L	SupraMarginal_R	Angular_L	Angular_R	Precuneus_L	Precuneus_R	Paracentral_Lobule_L	Paracentral_Lobule_R	Caudate_L	Caudate_R	Putamen_L	Putamen_R	Pallidum_L	Pallidum_R	Thalamus_L	Thalamus_R	Heschl_L	Heschl_R	Temporal_Sup_L	Temporal_Sup_R	Temporal_Pole_Sup_L	Temporal_Pole_Sup_R	Temporal_Mid_L	Temporal_Mid_R	Temporal_Pole_Mid_L	Temporal_Pole_Mid_R	Temporal_Inf_L	Temporal_Inf_R	Cerebelum_Crus1_L	Cerebelum_Crus1_R	Cerebelum_Crus2_L	Cerebelum_Crus2_R	Cerebelum_3_L	Cerebelum_3_R	Cerebelum_4_5_L	Cerebelum_4_5_R	Cerebelum_6_L	Cerebelum_6_R	Cerebelum_7b_L	Cerebelum_7b_R	Cerebelum_8_L	Cerebelum_8_R	Cerebelum_9_L	Cerebelum_9_R	Cerebelum_10_L	Cerebelum_10_R	Vermis_1_2	Vermis_3	Vermis_4_5	Vermis_6	Vermis_7	Vermis_8	Vermis_9	Vermis_10	
757684	Precentral_L	0	4220	24146	5038	0	0	27462	148	0	0	13342	196	2802	0	0	0	8672	96	21150	21306	0	0	374	818	0	0	0	0	14236	196	296	1086	1984	12652	3030	1870	5602	1564	618	596	0	0	814	0	574	0	156	992	168	0	5624	0	626	0	2232	208	24152	0	346	0	6814	0	2566	0	1508	0	1182	200	61270	10032	16926	3680	9074	156	6464	0	23370	3460	5468	0	5276	0	0	0	6778	0	0	0	4852	0	0	0	0	0	0	108	0	0	0	0	0	0	0	0	0	0	0	0	92	174	0	0	0	0	0	0	
375812	Precentral_R	4220	0	2018	30706	0	0	518	12988	0	0	0	11688	0	2140	0	0	0	2202	2610	9318	0	0	118	278	0	0	0	0	256	5270	214	568	0	1528	726	1744	0	7222	0	4330	0	0	0	898	0	686	0	676	0	714	0	352	0	346	0	5816	480	19520	0	662	0	1260	0	2188	0	430	0	3198	2704	11662	2318	8204	126	3756	126	172	2204	15110	0	132	0	1032	0	0	0	1318	0	0	0	1154	0	0	0	0	0	0	0	0	0	0	0	0	0	0	0	0	0	0	0	0	0	0	0	0	0	0	
1.21513e+06	Frontal_Sup_L	24146	2018	0	13136	10476	196	90378	1692	5992	0	9096	1652	20332	1820	14152	0	4436	308	76720	22950	744	98	70814	18098	4348	970	2246	106	36148	2252	32656	22254	13172	20360	0	0	1974	424	380	352	190	0	0	0	0	0	0	146	0	0	270	0	0	0	788	308	666	118	0	0	358	0	130	0	0	0	0	0	10966	374	19428	8734	19966	1732	3140	156	4866	348	1730	0	2092	0	2508	0	670	0	0	0	984	0	0	0	0	0	0	0	0	0	0	0	0	0	0	0	0	0	0	0	0	0	0	0	0	0	0	0	
929080	Frontal_Sup_R	5038	30706	13136	0	0	7662	2156	44122	0	542	840	13486	644	13258	0	3608	212	2550	22696	56566	0	514	7984	45504	0	1258	0	586	1916	21788	3952	33680	1644	23452	646	864	118	9114	0	6080	0	154	0	0	0	0	0	184	0	0	0	0	0	228	0	5574	524	924	0	0	0	0	0	0	0	0	0	0	3668	0	4370	28612	288	17792	92	3376	1968	18672	0	0	0	406	0	162	0	256	0	0	0	864	0	0	0	0	0	0	0	0	0	104	0	0	0	0	0	0	0	0	0	0	0	0	0	0	0	0	
148400	Frontal_Sup_Orb_L	0	0	10476	0	0	0	2350	0	10736	0	0	0	142	0	9170	0	0	0	266	0	1826	410	6182	198	6800	830	9018	0	6030	0	4034	94	0	0	0	0	0	0	172	0	214	0	0	0	0	0	0	0	0	0	0	0	0	0	0	0	0	0	0	0	0	0	0	0	0	0	0	0	0	0	728	0	2596	0	0	0	0	0	0	0	0	0	1928	0	0	0	0	0	0	0	0	0	0	0	0	0	0	0	0	0	0	0	0	0	0	0	0	0	0	0	0	0	0	0	0	0	
173308	Frontal_Sup_Orb_R	0	0	196	7662	0	0	102	1050	0	5018	0	242	0	376	0	4678	0	0	524	806	0	2400	330	8696	704	9426	0	10634	0	4410	198	8154	0	474	0	0	0	1328	0	1196	0	258	0	0	0	0	0	0	0	0	0	0	0	0	0	1134	0	0	0	0	0	0	0	0	0	0	0	0	0	0	228	9152	0	6762	0	0	0	0	0	0	0	238	0	0	0	0	0	0	0	174	0	0	0	0	0	0	0	0	0	104	0	0	0	0	0	0	0	0	0	0	0	0	0	0	0	0	
688916	Frontal_Mid_L	27462	518	90378	2156	2350	102	0	818	5404	0	10486	2408	37528	1500	14224	0	1840	546	17418	2900	300	0	19936	4020	0	0	184	0	31144	1830	6172	5138	4170	3560	100	0	1830	408	214	324	0	0	0	0	0	0	0	0	0	0	470	0	148	0	1264	274	1534	112	0	0	1084	0	300	0	0	0	0	0	700	176	16006	5732	6358	1004	100	92	1830	0	3224	0	1048	0	1354	140	1828	0	0	0	2312	0	0	0	0	0	0	0	0	0	0	0	0	0	0	0	0	0	0	0	0	0	0	0	0	0	0	0	
383388	Frontal_Mid_R	148	12988	1692	44122	0	1050	818	0	0	1894	0	15562	0	23980	0	8664	0	1068	3514	8632	0	442	382	9960	0	0	0	398	0	17626	770	5144	126	3100	0	0	0	3946	0	3208	0	92	0	0	0	0	0	0	0	0	0	0	0	0	0	4006	0	1182	0	0	0	0	0	0	0	0	0	0	0	0	940	3520	132	9062	0	958	306	1142	0	0	0	134	0	96	0	122	0	0	0	768	0	0	0	0	0	0	0	0	0	0	0	0	0	0	0	0	0	0	0	0	0	0	0	0	0	0	
84868	Frontal_Mid_Orb_L	0	0	5992	0	10736	0	5404	0	0	0	0	0	1306	0	9128	0	0	0	0	0	620	104	0	0	482	0	3390	0	2504	0	130	0	0	0	0	0	0	0	0	0	0	0	0	0	0	0	0	0	0	0	0	0	0	0	0	0	0	0	0	0	0	0	0	0	0	0	0	0	0	0	152	0	806	0	0	0	0	0	0	0	0	0	1680	0	0	0	0	0	0	0	0	0	0	0	0	0	0	0	0	0	0	0	0	0	0	0	0	0	0	0	0	0	0	0	0	0	
21840	Frontal_Mid_Orb_R	0	0	0	542	0	5018	0	1894	0	0	0	0	0	106	0	2912	0	0	0	0	0	0	0	0	0	0	0	326	0	122	0	0	0	0	0	0	0	0	0	0	0	0	0	0	0	0	0	0	0	0	0	0	0	0	0	0	0	0	0	0	0	0	0	0	0	0	0	0	0	0	0	0	0	0	0	0	0	0	0	0	0	0	0	0	0	0	0	0	0	0	0	0	0	0	0	0	0	0	0	0	0	0	0	0	0	0	0	0	0	0	0	0	0	0	0	0	
232124	Frontal_Inf_Oper_L	13342	0	9096	840	0	0	10486	0	0	0	0	380	15962	144	0	0	12256	0	5722	1168	0	0	962	118	0	0	0	0	19806	394	1648	636	0	338	0	0	380	0	0	0	0	0	0	0	0	0	0	0	0	0	160	0	0	0	462	0	5078	0	0	0	304	0	0	0	0	0	0	0	0	0	1790	1228	2546	154	0	0	0	0	1656	0	4788	0	3356	0	316	0	0	0	546	0	0	0	0	0	0	0	0	0	0	0	0	0	0	0	0	0	0	0	0	0	0	0	0	0	0	0	
325188	Frontal_Inf_Oper_R	196	11688	1652	13486	0	242	2408	15562	0	0	380	0	382	16552	0	346	0	6810	8002	13706	0	0	580	2634	0	0	0	0	876	27916	1940	3792	0	5202	0	0	0	3032	0	2298	0	126	0	0	0	0	0	0	0	0	0	0	0	0	0	2940	0	2516	0	0	0	0	0	0	0	0	0	92	138	0	2136	4422	260	7254	0	128	0	542	0	256	0	526	0	784	0	124	0	0	0	668	0	0	0	0	0	0	0	0	0	0	0	0	0	0	0	0	0	0	0	0	0	0	0	0	0	0	
263516	Frontal_Inf_Tri_L	2802	0	20332	644	142	0	37528	0	1306	0	15962	382	0	160	12002	0	1284	0	4744	1020	0	0	2250	190	0	0	0	0	19428	398	2092	828	0	472	0	0	328	0	0	0	204	0	0	0	0	0	0	0	0	0	0	0	0	0	304	0	260	0	0	0	0	0	0	0	0	0	0	0	0	0	1998	1430	994	112	0	0	0	0	0	0	518	0	1238	0	102	0	0	0	304	0	0	0	0	0	0	0	0	0	0	0	0	0	0	0	0	0	0	0	0	0	0	0	0	0	0	0	
284340	Frontal_Inf_Tri_R	0	2140	1820	13258	0	376	1500	23980	0	106	144	16552	160	0	0	3020	0	888	3042	5370	0	0	2018	6548	0	0	0	0	362	30058	2792	10978	1080	5440	0	0	0	490	0	316	0	110	0	0	0	0	0	0	0	0	0	0	0	0	0	260	0	198	0	0	0	0	0	0	0	0	0	0	0	0	1020	5742	360	2042	0	0	0	0	0	0	0	0	0	0	0	0	0	0	0	0	0	0	0	0	0	0	0	0	0	0	0	0	0	0	0	0	0	0	0	0	0	0	0	0	0	0	
184628	Frontal_Inf_Orb_L	0	0	14152	0	9170	0	14224	0	9128	0	0	0	12002	0	0	0	0	0	1444	0	2076	168	662	0	0	0	1784	0	13842	0	226	0	0	0	0	0	504	0	432	0	640	0	0	0	0	0	0	0	0	0	0	0	0	0	142	0	0	0	0	0	0	0	0	0	0	0	0	0	0	0	456	0	2926	0	0	0	0	0	0	0	422	0	7160	0	368	0	94	0	292	0	0	0	0	0	0	0	0	0	0	0	0	0	0	0	0	0	0	0	0	0	0	0	0	0	0	0	
79576	Frontal_Inf_Orb_R	0	0	0	3608	0	4678	0	8664	0	2912	0	346	0	3020	0	0	0	168	124	284	0	868	0	244	0	0	0	330	0	7958	0	430	0	94	0	0	0	0	0	0	0	0	0	0	0	0	0	0	0	0	0	0	0	0	0	622	0	0	0	0	0	0	0	0	0	0	0	0	0	0	116	540	0	1168	0	0	0	0	0	0	0	548	0	1988	0	374	0	0	0	704	0	0	0	0	0	0	0	0	0	0	0	0	0	0	0	0	0	0	0	0	0	0	0	0	0	0	
183384	Rolandic_Oper_L	8672	0	4436	212	0	0	1840	0	0	0	12256	0	1284	0	0	0	0	0	5672	348	0	0	0	0	0	0	0	0	16814	0	0	146	0	158	0	0	210	0	0	0	0	0	244	0	204	0	0	0	0	0	978	0	0	0	610	0	8646	0	0	0	858	0	2072	0	1052	0	0	0	1216	0	232	102	1888	0	106	0	0	0	5748	0	11402	0	2756	0	716	0	0	0	814	0	0	0	0	0	0	0	0	0	0	0	0	0	0	0	0	0	0	0	0	0	0	0	0	0	0	0	
131144	Rolandic_Oper_R	96	2202	308	2550	0	0	546	1068	0	0	0	6810	0	888	0	168	0	0	1684	4304	0	0	0	164	0	0	0	0	0	13034	0	180	0	400	0	0	0	878	0	694	0	0	0	0	0	0	0	0	0	0	0	0	0	0	0	994	0	8650	0	0	0	94	0	4050	0	0	0	176	0	294	124	698	0	3638	0	1034	0	104	0	3368	0	4732	0	1054	0	438	0	0	0	150	0	0	0	0	0	0	0	0	0	0	0	0	0	0	0	0	0	0	0	0	0	0	0	0	0	0	
957476	Supp_Motor_Area_L	21150	2610	76720	22696	266	524	17418	3514	0	0	5722	8002	4744	3042	1444	124	5672	1684	0	61998	0	0	22204	9736	180	0	0	0	21162	8968	15690	19604	16380	40360	460	494	1800	642	344	548	0	0	0	0	0	0	0	154	0	0	0	0	0	0	788	530	776	92	0	0	0	0	94	0	0	0	114	376	21840	1896	12664	7090	19056	1864	4258	140	4860	664	588	0	3210	0	680	270	0	0	0	0	832	0	0	0	0	0	0	0	0	0	0	0	0	0	0	0	0	0	0	0	0	0	0	0	0	0	0	0	
960748	Supp_Motor_Area_R	21306	9318	22950	56566	0	806	2900	8632	0	0	1168	13706	1020	5370	0	284	348	4304	61998	0	0	0	7268	20180	0	0	0	0	2816	16162	6218	26918	5734	66868	878	2566	0	3724	0	2652	0	0	0	0	0	238	0	0	174	236	0	100	0	362	0	4126	0	452	0	0	0	112	0	152	0	94	878	1678	16806	27940	7524	21986	216	10662	384	2780	3666	5296	0	0	136	520	0	636	0	314	0	0	0	246	0	0	0	0	0	0	0	0	0	0	0	0	0	0	0	0	0	0	0	0	0	0	0	0	0	0	
72536	Olfactory_L	0	0	744	0	1826	0	300	0	620	0	0	0	0	0	2076	0	0	0	0	0	0	5116	0	0	628	138	4156	998	2078	0	3216	1990	0	0	0	0	344	0	660	0	662	0	0	0	0	0	0	0	0	0	0	0	0	0	0	0	0	0	0	0	0	0	0	0	0	0	0	0	0	0	5024	2536	1430	736	0	0	0	0	0	0	0	0	990	0	0	0	0	0	0	0	0	0	0	0	0	0	0	0	0	0	0	0	0	0	0	0	0	0	0	0	0	0	0	0	0	0	
101824	Olfactory_R	0	0	98	514	410	2400	0	442	104	0	0	0	0	0	168	868	0	0	0	0	5116	0	0	92	194	386	2954	4496	0	2868	3082	2924	0	0	0	0	0	284	0	200	0	1728	0	0	0	0	0	0	0	0	0	0	0	0	0	0	0	0	0	0	0	0	0	0	0	0	0	0	0	0	7940	6846	4234	2000	564	0	0	0	0	0	0	0	0	0	0	0	0	0	0	0	0	0	0	0	0	0	0	0	0	0	0	0	0	0	0	0	0	0	0	0	0	0	0	0	0	0	
619964	Frontal_Sup_Medial_L	374	118	70814	7984	6182	330	19936	382	0	0	962	580	2250	2018	662	0	0	0	22204	7268	0	0	0	37212	6774	3012	2244	796	2788	2082	37370	30174	13550	21134	0	0	0	0	0	0	0	0	0	0	0	0	0	0	0	0	0	0	0	0	0	0	0	0	0	0	0	0	0	0	0	0	0	0	0	0	3646	3960	2516	660	0	0	0	0	0	0	0	0	0	0	0	0	0	0	0	0	0	0	0	0	0	0	0	0	0	0	0	0	0	0	0	0	0	0	0	0	0	0	0	0	0	0	
627944	Frontal_Sup_Medial_R	818	278	18098	45504	198	8696	4020	9960	0	0	118	2634	190	6548	0	244	0	164	9736	20180	0	92	37212	0	936	6656	0	1482	504	10500	11634	51624	3206	28510	0	0	0	2082	0	1822	0	0	0	0	0	0	0	0	0	0	0	0	0	0	0	1748	258	0	0	0	174	0	0	0	0	0	0	0	0	0	2300	16558	148	8394	0	0	0	0	0	0	0	340	0	0	0	0	0	0	0	258	0	0	0	0	0	0	0	0	0	148	0	0	0	0	0	0	0	0	0	0	0	0	0	0	0	0	
79836	Frontal_Med_Orb_L	0	0	4348	0	6800	704	0	0	482	0	0	0	0	0	0	0	0	0	180	0	628	194	6774	936	0	3988	4822	1040	0	0	6684	604	0	0	0	0	0	0	0	0	0	0	0	0	0	0	0	0	0	0	0	0	0	0	0	0	0	0	0	0	0	0	0	0	0	0	0	0	0	0	508	390	366	470	0	0	0	0	0	0	0	0	0	0	0	0	0	0	0	0	0	0	0	0	0	0	0	0	0	0	0	0	0	0	0	0	0	0	0	0	0	0	0	0	0	0	
108424	Frontal_Med_Orb_R	0	0	970	1258	830	9426	0	0	0	0	0	0	0	0	0	0	0	0	0	0	138	386	3012	6656	3988	0	200	9836	0	0	3930	6976	0	0	0	0	0	0	0	0	0	0	0	0	0	0	0	0	0	0	0	0	0	0	0	0	0	0	0	0	0	0	0	0	0	0	0	0	0	0	138	3376	0	3092	0	0	0	0	0	0	0	0	0	0	0	0	0	0	0	0	0	0	0	0	0	0	0	0	0	0	0	0	0	0	0	0	0	0	0	0	0	0	0	0	0	0	
94572	Rectus_L	0	0	2246	0	9018	0	184	0	3390	0	0	0	0	0	1784	0	0	0	0	0	4156	2954	2244	0	4822	200	0	820	634	0	6444	1968	0	0	0	0	0	0	0	0	0	0	0	0	0	0	0	0	0	0	0	0	0	0	0	0	0	0	0	0	0	0	0	0	0	0	0	0	0	0	2762	1964	792	768	0	0	0	0	0	0	0	0	136	0	0	0	0	0	0	0	0	0	0	0	0	0	0	0	0	0	0	0	0	0	0	0	0	0	0	0	0	0	0	0	0	0	
101996	Rectus_R	0	0	106	586	0	10634	0	398	0	326	0	0	0	0	0	330	0	0	0	0	998	4496	796	1482	1040	9836	820	0	0	950	2986	6052	0	0	0	0	0	0	0	0	0	496	0	0	0	0	0	0	0	0	0	0	0	0	0	0	0	0	0	0	0	0	0	0	0	0	0	0	0	0	614	3468	274	4310	0	0	0	0	0	0	0	0	0	0	0	0	0	0	0	0	0	0	0	0	0	0	0	0	0	0	0	0	0	0	0	0	0	0	0	0	0	0	0	0	0	0	
629928	Insula_L	14236	256	36148	1916	6030	0	31144	0	2504	0	19806	876	19428	362	13842	0	16814	0	21162	2816	2078	0	2788	504	0	0	634	0	0	862	3010	1622	102	1154	166	130	8704	170	1220	102	2458	0	326	0	288	0	126	0	0	0	3028	0	544	0	8840	0	4654	110	198	0	336	0	806	0	228	0	344	0	1164	0	4408	3150	19236	278	0	0	148	0	11322	0	13416	0	9494	0	7232	0	0	0	12014	0	108	0	0	0	0	0	0	0	122	0	0	0	0	0	0	0	0	0	0	0	0	0	0	0	0	0	
567860	Insula_R	196	5270	2252	21788	0	4410	1830	17626	0	122	394	27916	398	30058	0	7958	0	13034	8968	16162	0	2868	2082	10500	0	0	0	950	862	0	2916	14200	1106	7722	0	0	0	8472	0	5796	0	2830	0	0	0	0	0	0	0	0	0	0	0	0	0	7790	0	1984	0	0	0	110	0	130	0	0	0	168	138	0	2460	12116	434	23316	0	164	0	180	0	2370	0	4450	0	3150	0	2510	0	468	0	3160	0	0	0	0	0	0	0	0	0	146	0	0	0	0	0	0	0	0	0	0	0	0	0	0	0	0	
483108	Cingulum_Ant_L	296	214	32656	3952	4034	198	6172	770	130	0	1648	1940	2092	2792	226	0	0	0	15690	6218	3216	3082	37370	11634	6684	3930	6444	2986	3010	2916	0	32268	9612	12414	324	0	0	0	0	0	0	0	0	0	0	0	0	0	0	0	0	0	0	0	0	0	0	0	0	0	0	0	0	0	0	0	0	0	0	0	9568	8502	6494	2072	0	0	0	0	0	0	0	0	0	0	0	0	0	0	0	0	0	0	0	0	0	0	0	0	0	0	0	0	0	0	0	0	0	0	0	0	0	0	0	0	0	0	
791748	Cingulum_Ant_R	1086	568	22254	33680	94	8154	5138	5144	0	0	636	3792	828	10978	0	430	146	180	19604	26918	1990	2924	30174	51624	604	6976	1968	6052	1622	14200	32268	0	6178	38860	0	0	0	2224	0	1990	0	0	0	0	0	0	0	0	0	0	0	0	0	0	0	1902	290	0	0	0	212	0	0	0	0	0	0	0	0	0	6134	32104	1350	13540	0	0	0	136	98	0	0	388	0	0	0	0	0	0	0	270	0	0	0	0	0	0	0	0	0	166	0	0	0	0	0	0	0	0	0	0	0	0	0	0	0	0	
234516	Cingulum_Mid_L	1984	0	13172	1644	0	0	4170	126	0	0	0	0	0	1080	0	0	0	0	16380	5734	0	0	13550	3206	0	0	0	0	102	1106	9612	6178	0	19104	3650	262	0	0	0	0	0	0	452	0	278	0	0	0	1122	0	2466	0	168	0	0	0	338	0	550	0	0	0	0	0	0	0	4542	538	3934	398	324	740	0	0	0	0	0	0	0	0	0	0	0	0	226	0	0	0	122	0	0	0	0	0	0	0	0	0	0	0	0	0	0	0	0	0	0	0	0	0	0	0	0	0	0	0	
718596	Cingulum_Mid_R	12652	1528	20360	23452	0	474	3560	3100	0	0	338	5202	472	5440	0	94	158	400	40360	66868	0	0	21134	28510	0	0	0	0	1154	7722	12414	38860	19104	0	1464	4488	0	444	0	366	0	0	0	192	0	148	0	244	0	156	0	138	0	0	0	514	0	608	0	0	0	0	0	0	0	0	1654	4668	10716	11700	662	4872	0	982	0	0	0	1828	0	0	0	0	0	0	0	0	0	0	0	98	0	0	0	0	0	0	0	0	0	0	0	0	0	0	0	0	0	0	0	0	0	0	0	0	0	0	
145908	Cingulum_Post_L	3030	726	0	646	0	0	100	0	0	0	0	0	0	0	0	0	0	0	460	878	0	0	0	0	0	0	0	0	166	0	324	0	3650	1464	0	8784	5880	5116	3120	2220	0	0	2400	94	882	0	1666	1578	554	0	1782	0	1510	0	1924	636	128	0	94	0	0	0	0	0	0	0	7594	1870	6656	956	0	0	94	0	0	0	2424	1928	0	0	0	0	0	0	896	0	0	0	724	0	0	0	0	0	0	0	0	0	0	0	0	0	0	0	0	0	0	0	0	0	0	0	0	0	0	0	
145768	Cingulum_Post_R	1870	1744	0	864	0	0	0	0	0	0	0	0	0	0	0	0	0	0	494	2566	0	0	0	0	0	0	0	0	130	0	0	0	262	4488	8784	0	3078	7856	458	4090	0	0	0	2030	0	224	0	3754	0	268	0	0	202	112	276	4026	0	1680	0	240	0	418	0	246	0	368	1244	9988	1544	3634	0	0	0	0	0	0	3020	2772	0	0	0	154	0	0	0	0	0	0	0	0	0	0	0	0	0	0	0	0	0	0	0	0	0	0	0	0	0	0	0	0	0	0	0	0	0	0	
253204	Hippocampus_L	5602	0	1974	118	0	0	1830	0	0	0	380	0	328	0	504	0	210	0	1800	0	344	0	0	0	0	0	0	0	8704	0	0	0	0	0	5880	3078	0	3270	14982	1122	7156	0	2732	0	254	0	3724	1794	0	0	2008	0	3312	0	18870	190	242	0	0	0	0	0	0	0	0	0	4046	996	2534	0	0	0	7296	0	524	0	2496	792	336	0	1508	0	1348	0	404	0	308	0	11144	0	700	0	0	0	0	0	454	0	914	0	0	0	0	0	0	0	0	0	164	230	0	0	0	0	0	0	
412816	Hippocampus_R	1564	7222	424	9114	0	1328	408	3946	0	0	0	3032	0	490	0	0	0	878	642	3724	0	284	0	2082	0	0	0	0	170	8472	0	2224	0	444	5116	7856	3270	0	650	39844	0	9120	0	1096	0	0	152	4058	0	0	0	0	202	366	306	36800	0	376	0	0	0	0	0	0	0	0	590	3706	1046	1134	250	2386	178	20888	0	152	2850	6296	0	122	0	674	0	1136	0	934	0	0	0	6732	0	200	0	0	0	0	0	760	0	714	0	0	0	0	0	0	0	0	0	0	0	0	0	0	0	0	
126556	ParaHippocampal_L	618	0	380	0	172	0	214	0	0	0	0	0	0	0	432	0	0	0	344	0	660	0	0	0	0	0	0	0	1220	0	0	0	0	0	3120	458	14982	650	0	208	2580	0	2780	0	280	0	4834	1316	0	0	2070	0	3540	0	9122	0	0	0	0	0	0	0	0	0	0	0	3588	312	480	0	0	0	1672	0	122	0	400	150	0	0	96	0	1018	0	148	0	854	0	1646	0	272	0	0	0	308	0	986	0	420	0	0	0	0	0	0	0	0	0	334	492	0	0	0	0	0	0	
328020	ParaHippocampal_R	596	4330	352	6080	0	1196	324	3208	0	0	0	2298	0	316	0	0	0	694	548	2652	0	200	0	1822	0	0	0	0	102	5796	0	1990	0	366	2220	4090	1122	39844	208	0	0	4494	0	920	0	0	94	4406	0	0	0	0	0	432	92	34128	0	324	0	0	0	92	0	0	0	0	346	2872	356	822	186	2098	0	16292	0	152	780	2924	0	0	0	478	0	1768	0	476	0	1156	0	4030	0	544	0	0	0	0	0	1510	0	1538	0	0	0	0	0	0	0	0	0	0	132	0	108	106	0	0	
40660	Amygdala_L	0	0	190	0	214	0	0	0	0	0	0	0	204	0	640	0	0	0	0	0	662	0	0	0	0	0	0	0	2458	0	0	0	0	0	0	0	7156	0	2580	0	0	0	0	0	0	0	0	118	0	0	0	0	0	0	3234	0	0	0	0	0	0	0	0	0	0	0	0	0	0	0	0	0	488	0	0	0	0	0	0	0	0	0	1030	0	0	0	294	0	1062	0	0	0	0	0	0	0	0	0	0	0	0	0	0	0	0	0	0	0	0	0	0	0	0	0	0	0	
55480	Amygdala_R	0	0	0	154	0	258	0	92	0	0	0	126	0	110	0	0	0	0	0	0	0	1728	0	0	0	0	0	496	0	2830	0	0	0	0	0	0	0	9120	0	4494	0	0	0	0	0	0	0	0	0	0	0	0	0	0	0	4016	0	0	0	0	0	0	0	0	0	0	0	0	0	0	0	0	0	2144	0	0	0	0	0	0	0	0	0	1676	0	0	0	200	0	296	0	0	0	0	0	0	0	0	0	0	0	0	0	0	0	0	0	0	0	0	0	0	0	0	0	0	
293372	Calcarine_L	814	0	0	0	0	0	0	0	0	0	0	0	0	0	0	0	244	0	0	0	0	0	0	0	0	0	0	0	326	0	0	0	452	0	2400	0	2732	0	2780	0	0	0	0	4076	18612	4128	18780	1630	9206	1140	26438	486	15286	178	7228	480	1258	0	1790	0	2480	0	0	0	1434	0	14658	576	448	0	0	0	0	0	0	0	0	0	0	0	456	0	0	0	1708	0	0	0	1652	0	188	182	0	0	0	0	308	698	288	380	0	0	0	0	0	0	0	0	0	0	766	0	0	0	0	0	
291864	Calcarine_R	0	898	0	0	0	0	0	0	0	0	0	0	0	0	0	0	0	0	0	0	0	0	0	0	0	0	0	0	0	0	0	0	0	192	94	2030	0	1096	0	920	0	0	4076	0	1168	19308	708	20216	0	19402	0	12006	0	9972	0	13250	0	4360	0	1294	0	2134	0	0	0	452	406	24176	0	1070	0	0	0	0	0	0	0	0	0	0	0	0	0	0	0	3346	0	0	0	2580	0	0	0	0	0	0	0	0	294	124	0	0	0	0	0	0	0	0	0	0	0	360	0	0	0	0	
180620	Cuneus_L	574	0	0	0	0	0	0	0	0	0	0	0	0	0	0	0	204	0	0	0	0	0	0	0	0	0	0	0	288	0	0	0	278	0	882	0	254	0	280	0	0	0	18612	1168	0	4256	4240	0	19678	336	10612	126	1438	0	1160	0	938	0	3332	0	2404	0	0	0	1278	0	12768	1202	436	0	0	0	0	0	0	0	0	0	0	0	318	0	0	0	2104	0	0	0	1144	0	0	0	0	0	0	0	0	0	0	0	0	0	0	0	0	0	0	0	0	0	0	0	0	0	0	0	
293140	Cuneus_R	0	686	0	0	0	0	0	0	0	0	0	0	0	0	0	0	0	0	0	238	0	0	0	0	0	0	0	0	0	0	0	0	0	148	0	224	0	0	0	0	0	0	4128	19308	4256	0	120	3632	0	37566	0	16236	0	3146	0	1682	0	1472	0	2514	0	2434	0	256	0	2734	3156	26556	0	3444	0	0	0	0	0	0	0	0	0	0	0	180	0	0	0	8246	0	0	0	4208	0	0	0	0	0	0	0	0	0	0	0	0	0	0	0	0	0	0	0	0	0	0	0	0	0	0	
384208	Lingual_L	156	0	0	0	0	0	0	0	0	0	0	0	0	0	0	0	0	0	0	0	0	0	0	0	0	0	0	0	126	0	0	0	0	0	1666	0	3724	152	4834	94	0	0	18780	708	4240	120	0	4318	4550	108	23350	0	19198	532	20630	1788	0	0	0	0	0	0	0	0	0	0	4434	124	0	0	0	0	0	0	0	0	270	0	138	0	164	0	0	0	636	0	0	0	1170	0	6098	4254	334	188	804	118	15796	4790	14216	5708	0	0	0	402	440	844	0	0	288	404	11322	5952	1722	1132	512	770	
317704	Lingual_R	992	676	146	184	0	0	0	0	0	0	0	0	0	0	0	0	0	0	154	0	0	0	0	0	0	0	0	0	0	0	0	0	0	244	1578	3754	1794	4058	1316	4406	118	0	1630	20216	0	3632	4318	0	0	4894	160	3144	208	9352	1354	20938	0	2072	0	518	0	724	0	0	0	322	602	15956	548	926	0	0	444	108	0	0	1036	1374	0	0	0	0	0	0	0	644	0	0	122	650	3654	4638	1302	94	236	0	856	5070	5006	7540	0	0	0	0	0	0	0	0	0	166	4406	8564	2008	0	0	0	
164708	Occipital_Sup_L	168	0	0	0	0	0	0	0	0	0	0	0	0	0	0	0	0	0	0	174	0	0	0	0	0	0	0	0	0	0	0	0	1122	0	554	0	0	0	0	0	0	0	9206	0	19678	0	4550	0	0	0	22348	0	1590	0	262	0	0	0	6256	0	172	0	0	0	0	0	13604	386	506	174	0	0	0	0	0	0	0	0	0	0	0	0	0	0	1088	0	0	0	516	0	0	0	0	0	0	0	0	0	0	0	0	0	0	0	0	0	0	0	0	0	0	0	0	0	0	0	
352320	Occipital_Sup_R	0	714	0	0	0	0	0	0	0	0	0	0	0	0	0	0	0	0	0	236	0	0	0	0	0	0	0	0	0	0	0	0	0	156	0	268	0	0	0	0	0	0	1140	19402	336	37566	108	4894	0	0	0	32758	0	6894	0	2496	0	2068	0	6350	0	5986	0	414	0	7958	1484	22796	0	3250	0	0	0	0	0	0	0	0	0	0	0	260	0	0	0	12410	0	0	0	6216	0	0	0	0	0	0	0	0	0	0	0	0	0	0	0	0	0	0	0	0	0	0	0	0	0	0	
525512	Occipital_Mid_L	5624	0	270	0	0	0	470	0	0	0	160	0	0	0	0	0	978	0	0	0	0	0	0	0	0	0	0	0	3028	0	0	0	2466	0	1782	0	2008	0	2070	0	0	0	26438	0	10612	0	23350	160	22348	0	0	0	33528	0	10034	0	7680	0	17630	0	19464	0	1710	0	13994	0	19418	140	4234	0	0	0	0	0	0	0	0	0	978	0	1608	0	0	0	19816	0	0	0	7972	0	492	0	0	0	0	0	568	0	934	116	0	0	0	0	0	0	0	0	0	0	444	232	0	0	0	0	
304228	Occipital_Mid_R	0	352	0	0	0	0	0	0	0	0	0	0	0	0	0	0	0	0	0	100	0	0	0	0	0	0	0	0	0	0	0	0	0	138	0	0	0	0	0	0	0	0	486	12006	126	16236	0	3144	0	32758	0	0	0	10714	0	3128	0	1016	0	2886	0	8706	0	292	0	15904	498	9054	0	2332	0	0	0	0	0	0	0	0	0	0	0	1140	0	0	0	22478	0	0	0	8620	0	0	0	0	0	0	0	0	0	0	0	0	0	0	0	0	0	0	0	0	0	0	0	0	0	0	
235508	Occipital_Inf_L	626	0	0	0	0	0	148	0	0	0	0	0	0	0	0	0	0	0	0	0	0	0	0	0	0	0	0	0	544	0	0	0	168	0	1510	202	3312	202	3540	0	0	0	15286	0	1438	0	19198	208	1590	0	33528	0	0	0	15924	102	562	0	366	0	294	0	146	0	228	0	3826	154	488	0	0	0	0	0	0	0	0	0	436	0	416	0	0	0	4440	0	0	0	6002	0	850	0	0	0	0	0	482	0	922	114	0	0	0	0	0	0	0	0	0	0	316	186	0	0	0	0	
161888	Occipital_Inf_R	0	346	0	228	0	0	0	0	0	0	0	0	0	0	0	0	0	0	0	362	0	0	0	0	0	0	0	0	0	0	0	0	0	0	0	112	0	366	0	432	0	0	178	9972	0	3146	532	9352	0	6894	0	10714	0	0	0	17294	0	402	0	274	0	420	0	0	0	336	0	3836	0	712	0	0	0	124	0	0	0	0	0	0	0	186	0	0	0	4662	0	0	0	5898	268	174	132	0	0	0	0	568	360	930	0	0	0	0	0	0	0	0	0	0	636	858	240	0	0	0	
498928	Fusiform_L	2232	0	788	0	0	0	1264	0	0	0	462	0	304	0	142	0	610	0	788	0	0	0	0	0	0	0	0	0	8840	0	0	0	0	0	1924	276	18870	306	9122	92	3234	0	7228	0	1160	0	20630	1354	262	0	10034	0	15924	0	0	246	604	0	200	0	206	0	102	0	116	0	4716	180	672	0	0	0	2166	0	0	0	222	0	2246	0	4270	0	2286	0	3640	0	1780	0	29364	0	26170	950	2448	0	200	0	16694	648	34730	1306	496	0	818	0	152	0	110	0	0	0	2948	2172	760	0	0	0	
558064	Fusiform_R	208	5816	308	5574	0	1134	274	4006	0	0	0	2940	0	260	0	622	0	994	530	4126	0	0	0	1748	0	0	0	0	0	7790	0	1902	0	514	636	4026	190	36800	0	34128	0	4016	480	13250	0	1682	1788	20938	0	2496	0	3128	102	17294	246	0	0	1042	0	216	0	816	0	0	0	670	0	10208	152	2970	168	2002	0	16136	0	134	152	1154	0	636	0	1314	0	4108	0	4710	0	1274	0	14518	884	8240	414	128	0	0	508	6802	1020	11830	0	0	0	192	0	0	0	0	0	0	3054	2472	974	188	0	0	
247916	Postcentral_L	24152	480	666	524	0	0	1534	0	0	0	5078	0	260	0	0	0	8646	0	776	0	0	0	0	258	0	0	0	0	4654	0	0	290	338	0	128	0	242	0	0	0	0	0	1258	0	938	0	0	0	0	0	7680	0	562	0	604	0	0	0	9354	0	20232	0	8252	0	2638	0	3504	0	5492	0	568	330	418	0	102	0	152	0	4288	0	5564	0	0	0	2458	0	0	0	1538	0	0	0	0	0	0	0	0	0	0	0	0	0	0	0	0	0	0	0	0	0	0	0	0	0	0	0	
206552	Postcentral_R	0	19520	118	924	0	0	112	1182	0	0	0	2516	0	198	0	0	0	8650	92	452	0	0	0	0	0	0	0	0	110	1984	0	0	0	608	0	1680	0	376	0	324	0	0	0	4360	0	1472	0	2072	0	2068	0	1016	0	402	0	1042	0	0	0	6772	0	8372	0	10710	0	2704	264	10880	0	6698	148	616	0	758	0	310	0	0	0	188	0	670	0	0	0	1982	0	0	0	926	0	0	0	0	0	0	0	0	0	0	0	0	0	0	0	0	0	0	0	0	0	0	0	0	0	0	
152232	Parietal_Sup_L	346	0	0	0	0	0	0	0	0	0	0	0	0	0	0	0	0	0	0	0	0	0	0	0	0	0	0	0	198	0	0	0	550	0	94	0	0	0	0	0	0	0	1790	0	3332	0	0	0	6256	0	17630	0	366	0	200	0	9354	0	0	0	16090	0	0	0	2478	0	16024	850	266	0	0	0	0	0	0	0	0	0	0	0	118	0	0	0	174	0	0	0	0	0	0	0	0	0	0	0	0	0	0	0	0	0	0	0	0	0	0	0	0	0	0	0	0	0	0	0	
122388	Parietal_Sup_R	0	662	0	0	0	0	0	0	0	0	0	0	0	0	0	0	0	0	0	0	0	0	0	0	0	0	0	0	0	0	0	0	0	0	0	240	0	0	0	0	0	0	0	1294	0	2514	0	518	0	6350	0	2886	0	274	0	216	0	6772	0	0	0	11970	0	3428	0	10234	920	10246	0	642	0	0	0	0	0	0	0	0	0	0	0	672	0	0	0	840	0	0	0	516	0	0	0	0	0	0	0	0	0	0	0	0	0	0	0	0	0	0	0	0	0	0	0	0	0	0	
222844	Parietal_Inf_L	6814	0	358	0	0	0	1084	0	0	0	304	0	0	0	0	0	858	0	0	0	0	0	0	174	0	0	0	0	336	0	0	212	0	0	0	0	0	0	0	0	0	0	2480	0	2404	0	0	0	172	0	19464	0	294	0	206	0	20232	0	16090	0	0	0	13478	0	15140	0	5736	0	310	0	602	402	0	0	0	0	0	0	0	0	948	0	0	0	2012	0	0	0	1312	0	0	0	0	0	0	0	0	0	0	0	0	0	0	0	0	0	0	0	0	0	0	0	0	0	0	0	
232792	Parietal_Inf_R	0	1260	0	0	0	0	0	0	0	0	0	0	0	0	0	0	0	94	0	112	0	0	0	0	0	0	0	0	0	110	0	0	0	0	0	418	0	0	0	92	0	0	0	2134	0	2434	0	724	0	5986	0	8706	0	420	0	816	0	8372	0	11970	0	0	0	12614	0	33048	0	7124	0	1132	0	0	0	0	0	0	0	0	0	0	0	3280	0	0	0	11660	0	0	0	3890	0	0	0	0	0	0	0	0	0	0	0	0	0	0	0	0	0	0	0	0	0	0	0	0	0	0	
93928	SupraMarginal_L	2566	0	130	0	0	0	300	0	0	0	0	0	0	0	0	0	2072	0	94	0	0	0	0	0	0	0	0	0	806	0	0	0	0	0	0	0	0	0	0	0	0	0	0	0	0	0	0	0	0	0	1710	0	146	0	102	0	8252	0	0	0	13478	0	0	0	7132	0	0	0	112	0	174	108	0	0	0	0	0	0	164	0	4170	0	0	0	3428	0	0	0	2020	0	0	0	0	0	0	0	0	0	0	0	0	0	0	0	0	0	0	0	0	0	0	0	0	0	0	0	
111868	SupraMarginal_R	0	2188	0	0	0	0	0	0	0	0	0	0	0	0	0	0	0	4050	0	152	0	0	0	0	0	0	0	0	0	130	0	0	0	0	0	246	0	0	0	0	0	0	0	0	0	256	0	0	0	414	0	292	0	0	0	0	0	10710	0	3428	0	12614	0	0	0	8844	0	1502	0	520	0	0	0	118	0	0	0	0	0	172	0	6552	0	0	0	3100	0	0	0	646	0	0	0	0	0	0	0	0	0	0	0	0	0	0	0	0	0	0	0	0	0	0	0	0	0	0	
122884	Angular_L	1508	0	0	0	0	0	0	0	0	0	0	0	0	0	0	0	1052	0	0	0	0	0	0	0	0	0	0	0	228	0	0	0	0	0	0	0	0	0	0	0	0	0	1434	0	1278	0	0	0	0	0	13994	0	228	0	116	0	2638	0	2478	0	15140	0	7132	0	0	0	962	0	368	0	0	0	0	0	0	0	0	0	0	0	1986	0	0	0	7154	0	0	0	3746	0	0	0	0	0	0	0	0	0	0	0	0	0	0	0	0	0	0	0	0	0	0	0	0	0	0	0	
229332	Angular_R	0	430	0	0	0	0	0	0	0	0	0	0	0	0	0	0	0	0	0	94	0	0	0	0	0	0	0	0	0	0	0	0	0	0	0	368	0	0	0	0	0	0	0	452	0	2734	0	322	0	7958	0	15904	0	336	0	670	0	2704	0	10234	0	33048	0	8844	0	0	0	4926	0	1124	0	0	0	0	0	0	0	0	0	0	0	6436	0	0	0	14328	0	0	0	3754	0	0	0	0	0	0	0	0	0	0	0	0	0	0	0	0	0	0	0	0	0	0	0	0	0	0	
308368	Precuneus_L	1182	0	0	0	0	0	0	0	0	0	0	0	0	0	0	0	0	0	114	878	0	0	0	0	0	0	0	0	344	0	0	0	4542	1654	7594	1244	4046	590	3588	346	0	0	14658	406	12768	3156	4434	602	13604	1484	19418	498	3826	0	4716	0	3504	264	16024	920	5736	0	0	0	962	0	0	9588	3388	1014	0	0	0	0	0	0	0	0	0	0	234	0	0	0	3024	622	0	0	2498	616	0	0	0	0	0	0	0	0	98	0	0	0	0	0	0	0	0	0	0	0	0	0	0	0	0	0	
431548	Precuneus_R	200	3198	0	0	0	0	0	0	0	0	0	92	0	0	0	0	0	176	376	1678	0	0	0	0	0	0	0	0	0	168	0	0	538	4668	1870	9988	996	3706	312	2872	0	0	576	24176	1202	26556	124	15956	386	22796	140	9054	154	3836	180	10208	0	10880	850	10246	0	7124	0	1502	0	4926	9588	0	462	8866	0	198	0	0	0	0	160	442	0	0	0	878	0	0	0	8816	0	0	0	4388	0	0	0	0	0	0	0	142	0	0	0	0	0	0	0	0	0	0	0	0	124	0	0	0	0	0	
436480	Paracentral_Lobule_L	61270	2704	10966	3668	0	0	700	0	0	0	0	138	0	0	0	0	1216	0	21840	16806	0	0	0	0	0	0	0	0	1164	138	0	0	3934	10716	6656	1544	2534	1046	480	356	0	0	448	0	436	0	0	548	506	0	4234	0	488	0	672	152	5492	0	266	0	310	0	112	0	368	0	3388	462	0	8094	5662	122	7718	0	6118	0	15098	900	420	0	1022	0	0	0	4718	0	0	0	2610	0	0	0	0	0	0	0	0	0	0	0	0	0	0	0	0	0	0	0	0	0	0	0	0	0	0	0	
251500	Paracentral_Lobule_R	10032	11662	374	0	0	0	176	0	0	0	0	0	0	0	0	0	0	294	1896	27940	0	0	0	0	0	0	0	0	0	0	0	0	398	11700	956	3634	0	1134	0	822	0	0	0	1070	0	3444	0	926	174	3250	0	2332	0	712	0	2970	0	6698	0	642	0	1132	0	520	0	1124	1014	8866	8094	0	2878	1094	0	0	264	0	2740	812	0	0	0	1014	0	0	0	2202	0	0	0	760	0	0	0	0	0	0	0	0	0	0	0	0	0	0	0	0	0	0	0	0	0	0	0	0	0	0	
418260	Caudate_L	16926	2318	19428	4370	728	228	16006	940	152	0	1790	2136	1998	1020	456	116	232	124	12664	7524	5024	7940	3646	2300	508	138	2762	614	4408	2460	9568	6134	324	662	0	0	0	250	0	186	0	0	0	0	0	0	0	0	0	0	0	0	0	0	0	168	568	148	0	0	602	0	174	0	0	0	0	0	5662	2878	0	24646	17122	4300	3166	1476	11136	390	250	0	0	0	110	0	160	0	0	0	94	0	0	0	0	0	0	0	0	0	0	0	0	0	0	0	0	0	0	0	0	0	0	0	0	0	0	0	
584656	Caudate_R	3680	8204	8734	28612	0	9152	5732	3520	0	0	1228	4422	1430	5742	0	540	102	698	7090	21986	2536	6846	3960	16558	390	3376	1964	3468	3150	12116	8502	32104	740	4872	0	0	0	2386	0	2098	0	0	0	0	0	0	0	0	0	0	0	0	0	0	0	2002	330	616	0	0	402	0	108	0	0	0	0	198	122	1094	24646	0	6432	20840	802	2684	1490	13546	156	0	0	386	0	0	94	0	0	0	0	276	0	0	0	0	0	0	0	0	0	166	0	0	0	0	0	0	0	0	0	0	0	0	0	0	0	0	
331044	Putamen_L	9074	126	19966	288	2596	0	6358	132	806	0	2546	260	994	360	2926	0	1888	0	19056	216	1430	4234	2516	148	366	0	792	274	19236	434	6494	1350	0	0	94	0	7296	178	1672	0	488	0	0	0	0	0	0	444	0	0	0	0	0	0	2166	0	418	0	0	0	0	0	0	0	0	0	0	0	7718	0	17122	6432	0	1870	7208	0	718	0	714	0	2214	0	1366	0	404	0	0	0	2134	0	0	0	0	0	0	0	0	0	0	0	0	0	0	0	0	0	0	0	0	0	0	0	0	0	0	0	
448912	Putamen_R	156	3756	1732	17792	0	6762	1004	9062	0	0	154	7254	112	2042	0	1168	0	3638	1864	10662	736	2000	660	8394	470	3092	768	4310	278	23316	2072	13540	0	982	0	0	0	20888	0	16292	0	2144	0	0	0	0	0	108	0	0	0	0	0	124	0	16136	0	758	0	0	0	0	0	118	0	0	0	0	0	0	4300	20840	1870	0	196	4026	0	1208	0	762	0	1856	0	948	0	928	0	276	0	2252	0	148	0	0	0	0	0	0	0	502	0	0	0	0	0	0	0	0	0	0	0	0	0	0	0	0	
70836	Pallidum_L	6464	126	3140	92	0	0	100	0	0	0	0	0	0	0	0	0	106	0	4258	384	0	564	0	0	0	0	0	0	0	0	0	0	0	0	0	0	524	0	122	0	0	0	0	0	0	0	0	0	0	0	0	0	0	0	0	0	102	0	0	0	0	0	0	0	0	0	0	0	6118	264	3166	802	7208	196	0	0	1590	0	92	0	0	0	0	0	0	0	0	0	0	0	0	0	0	0	0	0	0	0	0	0	0	0	0	0	0	0	0	0	0	0	0	0	0	0	0	0	
36820	Pallidum_R	0	172	156	3376	0	0	92	958	0	0	0	128	0	0	0	0	0	1034	140	2780	0	0	0	0	0	0	0	0	0	164	0	0	0	0	0	0	0	152	0	152	0	0	0	0	0	0	0	0	0	0	0	0	0	0	0	134	0	310	0	0	0	0	0	0	0	0	0	0	0	0	1476	2684	0	4026	0	0	0	0	0	240	0	236	0	0	0	0	0	0	0	0	0	0	0	0	0	0	0	0	0	0	0	0	0	0	0	0	0	0	0	0	0	0	0	0	0	0	
194264	Thalamus_L	23370	2204	4866	1968	0	0	1830	306	0	0	0	0	0	0	0	0	0	0	4860	3666	0	0	0	0	0	0	0	0	148	0	0	0	0	0	2424	3020	2496	2850	400	780	0	0	0	0	0	0	270	1036	0	0	0	0	0	0	222	152	152	0	0	0	0	0	0	0	0	0	0	160	15098	2740	11136	1490	718	0	1590	0	0	6764	0	0	0	0	0	0	0	0	0	0	0	0	0	0	0	0	0	108	0	0	0	0	0	0	0	0	0	0	0	0	106	202	0	0	0	0	0	0	
178216	Thalamus_R	3460	15110	348	18672	0	0	0	1142	0	0	0	542	0	0	0	0	0	104	664	5296	0	0	0	0	0	0	0	0	0	180	0	136	0	1828	1928	2772	792	6296	150	2924	0	0	0	0	0	0	0	1374	0	0	0	0	0	0	0	1154	0	0	0	0	0	0	0	0	0	0	0	442	900	812	390	13546	0	1208	0	0	6764	0	0	0	0	0	0	0	0	0	0	0	0	0	0	0	0	0	0	0	0	174	0	0	0	0	0	0	0	0	0	0	0	0	0	0	0	0	0	0	
116428	Heschl_L	5468	0	1730	0	0	0	3224	0	0	0	1656	0	0	0	0	0	5748	0	588	0	0	0	0	0	0	0	0	0	11322	0	0	98	0	0	0	0	336	0	0	0	0	0	0	0	0	0	138	0	0	0	978	0	436	0	2246	0	4288	0	0	0	0	0	164	0	0	0	0	0	420	0	250	156	714	0	92	0	0	0	0	0	6514	0	0	0	6278	0	0	0	5370	0	0	0	0	0	0	0	0	0	0	0	0	0	0	0	0	0	0	0	0	0	0	0	0	0	0	0	
22112	Heschl_R	0	132	0	0	0	0	0	0	0	0	0	256	0	0	0	0	0	3368	0	0	0	0	0	0	0	0	0	0	0	2370	0	0	0	0	0	0	0	122	0	0	0	0	0	0	0	0	0	0	0	0	0	0	0	0	0	636	0	188	0	0	0	0	0	172	0	0	0	0	0	0	0	0	0	762	0	240	0	0	0	0	0	2600	0	0	0	210	0	0	0	0	0	0	0	0	0	0	0	0	0	0	0	0	0	0	0	0	0	0	0	0	0	0	0	0	0	0	
214792	Temporal_Sup_L	5276	0	2092	0	0	0	1048	0	0	0	4788	0	518	0	422	0	11402	0	3210	136	0	0	0	0	0	0	0	0	13416	0	0	0	0	0	0	0	1508	0	96	0	0	0	456	0	318	0	164	0	0	0	1608	0	416	0	4270	0	5564	0	118	0	948	0	4170	0	1986	0	234	0	1022	0	0	0	2214	0	0	0	0	0	6514	0	0	0	5480	0	16952	0	362	0	10688	0	0	0	0	0	0	0	0	0	0	0	0	0	0	0	0	0	0	0	0	0	0	0	0	0	0	0	
114328	Temporal_Sup_R	0	1032	0	406	0	238	0	134	0	0	0	526	0	0	0	548	0	4732	0	520	0	0	0	340	0	0	0	0	0	4450	0	388	0	0	0	154	0	674	0	478	0	0	0	0	0	180	0	0	0	260	0	1140	0	186	0	1314	0	670	0	672	0	3280	0	6552	0	6436	0	878	0	1014	0	386	0	1856	0	236	0	0	0	2600	0	0	0	1728	0	11188	0	118	0	1850	0	0	0	0	0	0	0	0	0	0	0	0	0	0	0	0	0	0	0	0	0	0	0	0	0	0	
136980	Temporal_Pole_Sup_L	0	0	2508	0	1928	0	1354	0	1680	0	3356	0	1238	0	7160	0	2756	0	680	0	990	0	0	0	0	0	136	0	9494	0	0	0	0	0	0	0	1348	0	1018	0	1030	0	0	0	0	0	0	0	0	0	0	0	0	0	2286	0	0	0	0	0	0	0	0	0	0	0	0	0	0	0	110	0	1366	0	0	0	0	0	0	0	5480	0	0	0	7910	0	6712	0	7950	0	0	0	0	0	0	0	0	0	0	0	0	0	0	0	0	0	0	0	0	0	0	0	0	0	0	0	
54380	Temporal_Pole_Sup_R	0	0	0	162	0	0	140	96	0	0	0	784	0	0	0	1988	0	1054	270	636	0	0	0	0	0	0	0	0	0	3150	0	0	0	0	0	0	0	1136	0	1768	0	1676	0	0	0	0	0	0	0	0	0	0	0	0	0	4108	0	0	0	0	0	0	0	0	0	0	0	0	0	0	0	0	0	948	0	0	0	0	0	0	0	1728	0	0	0	1912	0	2856	0	2778	0	0	0	0	0	0	0	0	0	0	0	0	0	0	0	0	0	0	0	0	0	0	0	0	0	0	
317812	Temporal_Mid_L	6778	0	670	0	0	0	1828	0	0	0	316	0	102	0	368	0	716	0	0	0	0	0	0	0	0	0	0	0	7232	0	0	0	226	0	896	0	404	0	148	0	0	0	1708	0	2104	0	636	0	1088	0	19816	0	4440	0	3640	0	2458	0	174	0	2012	0	3428	0	7154	0	3024	0	4718	0	160	94	404	0	0	0	0	0	6278	0	16952	0	7910	0	0	0	7216	0	43608	0	200	0	0	0	0	0	0	0	0	0	0	0	0	0	0	0	0	0	0	0	0	0	0	0	0	0	
300392	Temporal_Mid_R	0	1318	0	256	0	0	0	122	0	0	0	124	0	0	0	374	0	438	0	314	0	0	0	0	0	0	0	0	0	2510	0	0	0	0	0	0	0	934	0	476	0	0	0	3346	0	8246	0	644	0	12410	0	22478	0	4662	0	4710	0	1982	0	840	0	11660	0	3100	0	14328	622	8816	0	2202	0	0	0	928	0	0	0	0	0	210	0	11188	0	1912	0	0	0	740	0	28306	0	0	0	0	0	0	0	0	0	0	0	0	0	0	0	0	0	0	0	0	0	0	0	0	0	0	
48232	Temporal_Pole_Mid_L	0	0	0	0	0	0	0	0	0	0	0	0	0	0	94	0	0	0	0	0	0	0	0	0	0	0	0	0	0	0	0	0	0	0	0	0	308	0	854	0	294	0	0	0	0	0	0	0	0	0	0	0	0	0	1780	0	0	0	0	0	0	0	0	0	0	0	0	0	0	0	0	0	0	0	0	0	0	0	0	0	362	0	6712	0	7216	0	0	0	6496	0	0	0	0	0	0	0	0	0	0	0	0	0	0	0	0	0	0	0	0	0	0	0	0	0	0	0	
15868	Temporal_Pole_Mid_R	0	0	0	0	0	0	0	0	0	0	0	0	0	0	0	0	0	0	0	0	0	0	0	0	0	0	0	0	0	468	0	0	0	0	0	0	0	0	0	1156	0	200	0	0	0	0	0	0	0	0	0	0	0	0	0	1274	0	0	0	0	0	0	0	0	0	0	0	0	0	0	0	0	0	276	0	0	0	0	0	0	0	118	0	2856	0	740	0	0	0	846	0	0	0	0	0	0	0	0	0	0	0	0	0	0	0	0	0	0	0	0	0	0	0	0	0	0	
376068	Temporal_Inf_L	4852	0	984	0	0	0	2312	0	0	0	546	0	304	0	292	0	814	0	832	0	0	0	0	0	0	0	0	0	12014	0	0	0	122	0	724	0	11144	0	1646	0	1062	0	1652	0	1144	0	1170	122	516	0	7972	0	6002	0	29364	0	1538	0	0	0	1312	0	2020	0	3746	0	2498	0	2610	0	94	0	2134	0	0	0	0	0	5370	0	10688	0	7950	0	43608	0	6496	0	0	0	6186	0	1152	0	0	0	698	0	3526	0	206	0	612	0	0	0	0	0	0	0	0	0	0	0	0	0	
229452	Temporal_Inf_R	0	1154	0	864	0	174	0	768	0	0	0	668	0	0	0	704	0	150	0	246	0	0	0	258	0	0	0	0	0	3160	0	270	0	98	0	0	0	6732	0	4030	0	296	0	2580	0	4208	0	650	0	6216	0	8620	0	5898	0	14518	0	926	0	516	0	3890	0	646	0	3754	616	4388	0	760	0	276	0	2252	0	0	0	0	0	0	0	1850	0	2778	0	28306	0	846	0	0	0	558	0	0	0	0	0	0	0	102	0	0	0	0	0	0	0	0	0	0	0	0	0	0	0	0	
460684	Cerebelum_Crus1_L	0	0	0	0	0	0	0	0	0	0	0	0	0	0	0	0	0	0	0	0	0	0	0	0	0	0	0	0	108	0	0	0	0	0	0	0	700	0	272	0	0	0	188	0	0	0	6098	3654	0	0	492	0	850	268	26170	884	0	0	0	0	0	0	0	0	0	0	0	0	0	0	0	0	0	0	0	0	0	0	0	0	0	0	0	0	200	0	0	0	6186	0	0	2638	37198	2322	1172	0	17196	584	50708	3504	18958	670	19926	1904	5602	802	1162	0	398	556	3154	7282	6028	1516	992	0	
401924	Cerebelum_Crus1_R	0	0	0	0	0	0	0	0	0	0	0	0	0	0	0	0	0	0	0	0	0	0	0	0	0	0	0	0	0	0	0	0	0	0	0	0	0	200	0	544	0	0	182	0	0	0	4254	4638	0	0	0	0	0	174	950	8240	0	0	0	0	0	0	0	0	0	0	0	0	0	0	0	0	0	148	0	0	0	0	0	0	0	0	0	0	0	0	0	0	0	558	2638	0	2794	22472	202	2810	4358	23656	3110	52470	0	8456	0	15504	172	2778	0	0	264	1474	11816	9792	10192	4566	1550	0	
400608	Cerebelum_Crus2_L	0	0	0	0	0	0	0	0	0	0	0	0	0	0	0	0	0	0	0	0	0	0	0	0	0	0	0	0	0	0	0	0	0	0	0	0	0	0	0	0	0	0	0	0	0	0	334	1302	0	0	0	0	0	132	2448	414	0	0	0	0	0	0	0	0	0	0	0	0	0	0	0	0	0	0	0	0	0	0	0	0	0	0	0	0	0	0	0	0	1152	0	37198	2794	0	16412	0	0	782	0	5232	2244	37018	10204	33498	9506	7184	896	926	0	0	0	138	3226	13340	12696	1228	0	
322508	Cerebelum_Crus2_R	0	0	0	0	0	0	0	0	0	0	0	0	0	0	0	0	0	0	0	0	0	0	0	0	0	0	0	0	0	0	0	0	0	0	0	0	0	0	0	0	0	0	0	0	0	0	188	94	0	0	0	0	0	0	0	128	0	0	0	0	0	0	0	0	0	0	0	0	0	0	0	0	0	0	0	0	0	0	0	0	0	0	0	0	0	0	0	0	0	0	2322	22472	16412	0	0	284	246	1258	250	5878	5086	31964	4162	35480	216	7598	0	190	0	112	570	832	12420	10754	2338	0	
29984	Cerebelum_3_L	0	0	0	0	0	0	0	0	0	0	0	0	0	0	0	0	0	0	0	0	0	0	0	0	0	0	0	0	0	0	0	0	0	0	0	0	0	0	308	0	0	0	0	0	0	0	804	236	0	0	0	0	0	0	200	0	0	0	0	0	0	0	0	0	0	0	0	0	0	0	0	0	0	0	0	0	0	0	0	0	0	0	0	0	0	0	0	0	0	0	1172	202	0	0	0	0	5668	258	3120	272	0	0	0	0	302	0	0	0	446	556	1284	164	0	0	0	0	
49588	Cerebelum_3_R	108	0	0	0	0	0	0	0	0	0	0	0	0	0	0	0	0	0	0	0	0	0	0	0	0	0	0	0	0	0	0	0	0	0	0	0	0	0	0	0	0	0	0	0	0	0	118	0	0	0	0	0	0	0	0	0	0	0	0	0	0	0	0	0	0	0	0	0	0	0	0	0	0	0	0	0	108	0	0	0	0	0	0	0	0	0	0	0	0	0	0	2810	0	284	0	0	256	5376	196	5016	0	0	0	472	0	950	0	0	598	4394	1094	830	752	846	586	0	
299556	Cerebelum_4_5_L	0	0	0	0	0	0	0	0	0	0	0	0	0	0	0	0	0	0	0	0	0	0	0	0	0	0	0	0	0	0	0	0	0	0	0	0	454	0	986	0	0	0	308	0	0	0	15796	856	0	0	568	0	482	0	16694	508	0	0	0	0	0	0	0	0	0	0	0	0	0	0	0	0	0	0	0	0	0	0	0	0	0	0	0	0	0	0	0	0	698	0	17196	4358	782	246	5668	256	0	5122	34698	5512	490	0	656	464	3342	1012	116	0	2152	2898	19578	3976	920	1216	930	840	
238468	Cerebelum_4_5_R	0	0	0	0	0	0	0	0	0	0	0	0	0	0	0	0	0	0	0	0	0	0	0	0	0	0	0	0	0	0	0	0	0	0	0	0	0	760	0	1510	0	0	698	0	0	0	4790	5070	0	0	0	0	0	568	648	6802	0	0	0	0	0	0	0	0	0	0	0	142	0	0	0	0	0	0	0	0	0	174	0	0	0	0	0	0	0	0	0	0	0	0	584	23656	0	1258	258	5376	5122	0	2306	32878	0	166	0	1690	0	610	0	0	290	3158	15914	1634	1458	1272	442	0	
413752	Cerebelum_6_L	0	0	0	0	0	0	0	0	0	0	0	0	0	0	0	0	0	0	0	0	0	0	0	0	0	0	0	0	122	0	0	0	0	0	0	0	914	0	420	0	0	0	288	294	0	0	14216	5006	0	0	934	0	922	360	34730	1020	0	0	0	0	0	0	0	0	0	0	98	0	0	0	0	0	0	0	0	0	0	0	0	0	0	0	0	0	0	0	0	0	3526	0	50708	3110	5232	250	3120	196	34698	2306	0	4826	2998	0	2366	186	3374	744	318	0	772	1248	12858	11214	1782	716	838	166	
396052	Cerebelum_6_R	0	0	0	104	0	104	0	0	0	0	0	0	0	0	0	0	0	0	0	0	0	0	0	148	0	0	0	0	0	146	0	166	0	0	0	0	0	714	0	1538	0	0	380	124	0	0	5708	7540	0	0	116	0	114	930	1306	11830	0	0	0	0	0	0	0	0	0	0	0	0	0	0	0	166	0	502	0	0	0	0	0	0	0	0	0	0	0	0	0	0	0	102	3504	52470	2244	5878	272	5016	5512	32878	4826	0	0	1906	0	6124	206	1772	0	146	326	2720	16250	12182	7724	3336	996	0	
279900	Cerebelum_7b_L	0	0	0	0	0	0	0	0	0	0	0	0	0	0	0	0	0	0	0	0	0	0	0	0	0	0	0	0	0	0	0	0	0	0	0	0	0	0	0	0	0	0	0	0	0	0	0	0	0	0	0	0	0	0	496	0	0	0	0	0	0	0	0	0	0	0	0	0	0	0	0	0	0	0	0	0	0	0	0	0	0	0	0	0	0	0	0	0	206	0	18958	0	37018	5086	0	0	490	0	2998	0	0	6818	35464	7680	8692	388	1318	0	0	0	216	124	2284	10966	748	0	
239452	Cerebelum_7b_R	0	0	0	0	0	0	0	0	0	0	0	0	0	0	0	0	0	0	0	0	0	0	0	0	0	0	0	0	0	0	0	0	0	0	0	0	0	0	0	0	0	0	0	0	0	0	0	0	0	0	0	0	0	0	0	0	0	0	0	0	0	0	0	0	0	0	0	0	0	0	0	0	0	0	0	0	0	0	0	0	0	0	0	0	0	0	0	0	0	0	670	8456	10204	31964	0	0	0	166	0	1906	6818	0	5720	32640	108	5840	0	0	0	0	0	126	4844	9818	446	0	
291864	Cerebelum_8_L	0	0	0	0	0	0	0	0	0	0	0	0	0	0	0	0	0	0	0	0	0	0	0	0	0	0	0	0	0	0	0	0	0	0	0	0	0	0	0	0	0	0	0	0	0	0	0	0	0	0	0	0	0	0	818	0	0	0	0	0	0	0	0	0	0	0	0	0	0	0	0	0	0	0	0	0	0	0	0	0	0	0	0	0	0	0	0	0	612	0	19926	0	33498	4162	0	0	656	0	2366	0	35464	5720	0	7464	17778	482	2780	0	0	0	146	132	1568	10960	1400	0	
325416	Cerebelum_8_R	0	0	0	0	0	0	0	0	0	0	0	0	0	0	0	0	0	0	0	0	0	0	0	0	0	0	0	0	0	0	0	0	0	0	0	0	0	0	0	0	0	0	0	0	0	0	402	0	0	0	0	0	0	0	0	192	0	0	0	0	0	0	0	0	0	0	0	0	0	0	0	0	0	0	0	0	0	0	0	0	0	0	0	0	0	0	0	0	0	0	1904	15504	9506	35480	0	472	464	1690	186	6124	7680	32640	7464	0	208	15940	0	574	102	192	860	1062	7824	13734	2504	0	
119144	Cerebelum_9_L	0	0	0	0	0	0	0	0	0	0	0	0	0	0	0	0	0	0	0	0	0	0	0	0	0	0	0	0	0	0	0	0	0	0	0	0	0	0	0	0	0	0	0	0	0	0	440	0	0	0	0	0	0	0	152	0	0	0	0	0	0	0	0	0	0	0	0	0	0	0	0	0	0	0	0	0	0	0	0	0	0	0	0	0	0	0	0	0	0	0	5602	172	7184	216	302	0	3342	0	3374	206	8692	108	17778	208	0	502	4068	0	0	0	3036	1380	354	942	1092	422	
128832	Cerebelum_9_R	0	0	0	0	0	0	0	0	0	0	0	0	0	0	0	0	0	0	0	0	0	0	0	0	0	0	0	0	0	0	0	0	0	0	0	0	0	0	0	0	0	0	0	0	0	0	844	0	0	0	0	0	0	0	0	0	0	0	0	0	0	0	0	0	0	0	0	0	0	0	0	0	0	0	0	0	0	0	0	0	0	0	0	0	0	0	0	0	0	0	802	2778	896	7598	0	950	1012	610	744	1772	388	5840	482	15940	502	0	0	1314	582	1178	2328	3954	2908	4302	4996	1696	
21596	Cerebelum_10_L	0	0	0	0	0	0	0	0	0	0	0	0	0	0	0	0	0	0	0	0	0	0	0	0	0	0	0	0	0	0	0	0	0	0	0	0	0	0	0	0	0	0	0	0	0	0	0	0	0	0	0	0	0	0	110	0	0	0	0	0	0	0	0	0	0	0	0	0	0	0	0	0	0	0	0	0	0	0	0	0	0	0	0	0	0	0	0	0	0	0	1162	0	926	0	0	0	116	0	318	0	1318	0	2780	0	4068	0	0	0	0	0	0	0	0	0	0	0	
5912	Cerebelum_10_R	0	0	0	0	0	0	0	0	0	0	0	0	0	0	0	0	0	0	0	0	0	0	0	0	0	0	0	0	0	0	0	0	0	0	0	0	0	0	0	0	0	0	0	0	0	0	0	0	0	0	0	0	0	0	0	0	0	0	0	0	0	0	0	0	0	0	0	0	0	0	0	0	0	0	0	0	0	0	0	0	0	0	0	0	0	0	0	0	0	0	0	0	0	190	0	0	0	0	0	146	0	0	0	574	0	1314	0	0	0	0	104	172	0	172	180	104	
32260	Vermis_1_2	92	0	0	0	0	0	0	0	0	0	0	0	0	0	0	0	0	0	0	0	0	0	0	0	0	0	0	0	0	0	0	0	0	0	0	0	164	0	334	0	0	0	0	0	0	0	288	0	0	0	0	0	0	0	0	0	0	0	0	0	0	0	0	0	0	0	0	0	0	0	0	0	0	0	0	0	106	0	0	0	0	0	0	0	0	0	0	0	0	0	398	264	0	0	446	598	2152	290	772	326	0	0	0	102	0	582	0	0	0	5160	2334	606	100	324	564	128	
65924	Vermis_3	174	0	0	0	0	0	0	0	0	0	0	0	0	0	0	0	0	0	0	0	0	0	0	0	0	0	0	0	0	0	0	0	0	0	0	0	230	0	492	0	0	0	0	0	0	0	404	166	0	0	0	0	0	0	0	0	0	0	0	0	0	0	0	0	0	0	0	0	0	0	0	0	0	0	0	0	202	0	0	0	0	0	0	0	0	0	0	0	0	0	556	1474	0	112	556	4394	2898	3158	1248	2720	0	0	0	192	0	1178	0	0	5160	0	3900	1244	558	830	1004	112	
273084	Vermis_4_5	0	0	0	0	0	0	0	0	0	0	0	0	0	0	0	0	0	0	0	0	0	0	0	0	0	0	0	0	0	0	0	0	0	0	0	0	0	0	0	132	0	0	766	0	0	0	11322	4406	0	0	444	0	316	636	2948	3054	0	0	0	0	0	0	0	0	0	0	0	124	0	0	0	0	0	0	0	0	0	0	0	0	0	0	0	0	0	0	0	0	0	0	3154	11816	138	570	1284	1094	19578	15914	12858	16250	216	0	146	860	3036	2328	0	104	2334	3900	0	9026	1532	2328	1822	2106	
