data	data	540140	258548	688572	702256	161064	121960	461628	180628	110512	39340	228112	130276	217320	90124	165608	79156	206564	99712	575736	531824	69624	94984	387276	357680	30340	101044	65912	70948	426636	211596	265988	494116	129384	405800	134868	112364	186800	194856	45952	97644	27080	54032	105296	193220	134092	166372	256368	262600	173448	193460	378520	170128	110596	66936	393192	361184	248836	100852	150764	30644	205472	74376	166096	63044	89784	76140	235976	179704	283128	116504	294232	460036	309088	347456	67180	19568	115416	96608	80824	6980	171044	58116	70884	75144	215680	149136	18396	22256	289760	148588	620528	484396	504712	397444	27648	57080	374516	246140	592420	486704	244620	218832	275012	416996	84780	150540	18368	14872	22828	55276	347772	319812	292412	171240	133432	44052	
data	data	Precentral_L	Precentral_R	Frontal_Sup_L	Frontal_Sup_R	Frontal_Sup_Orb_L	Frontal_Sup_Orb_R	Frontal_Mid_L	Frontal_Mid_R	Frontal_Mid_Orb_L	Frontal_Mid_Orb_R	Frontal_Inf_Oper_L	Frontal_Inf_Oper_R	Frontal_Inf_Tri_L	Frontal_Inf_Tri_R	Frontal_Inf_Orb_L	Frontal_Inf_Orb_R	Rolandic_Oper_L	Rolandic_Oper_R	Supp_Motor_Area_L	Supp_Motor_Area_R	Olfactory_L	Olfactory_R	Frontal_Sup_Medial_L	Frontal_Sup_Medial_R	Frontal_Med_Orb_L	Frontal_Med_Orb_R	Rectus_L	Rectus_R	Insula_L	Insula_R	Cingulum_Ant_L	Cingulum_Ant_R	Cingulum_Mid_L	Cingulum_Mid_R	Cingulum_Post_L	Cingulum_Post_R	Hippocampus_L	Hippocampus_R	ParaHippocampal_L	ParaHippocampal_R	Amygdala_L	Amygdala_R	Calcarine_L	Calcarine_R	Cuneus_L	Cuneus_R	Lingual_L	Lingual_R	Occipital_Sup_L	Occipital_Sup_R	Occipital_Mid_L	Occipital_Mid_R	Occipital_Inf_L	Occipital_Inf_R	Fusiform_L	Fusiform_R	Postcentral_L	Postcentral_R	Parietal_Sup_L	Parietal_Sup_R	Parietal_Inf_L	Parietal_Inf_R	SupraMarginal_L	SupraMarginal_R	Angular_L	Angular_R	Precuneus_L	Precuneus_R	Paracentral_Lobule_L	Paracentral_Lobule_R	Caudate_L	Caudate_R	Putamen_L	Putamen_R	Pallidum_L	Pallidum_R	Thalamus_L	Thalamus_R	Heschl_L	Heschl_R	Temporal_Sup_L	Temporal_Sup_R	Temporal_Pole_Sup_L	Temporal_Pole_Sup_R	Temporal_Mid_L	Temporal_Mid_R	Temporal_Pole_Mid_L	Temporal_Pole_Mid_R	Temporal_Inf_L	Temporal_Inf_R	Cerebelum_Crus1_L	Cerebelum_Crus1_R	Cerebelum_Crus2_L	Cerebelum_Crus2_R	Cerebelum_3_L	Cerebelum_3_R	Cerebelum_4_5_L	Cerebelum_4_5_R	Cerebelum_6_L	Cerebelum_6_R	Cerebelum_7b_L	Cerebelum_7b_R	Cerebelum_8_L	Cerebelum_8_R	Cerebelum_9_L	Cerebelum_9_R	Cerebelum_10_L	Cerebelum_10_R	Vermis_1_2	Vermis_3	Vermis_4_5	Vermis_6	Vermis_7	Vermis_8	Vermis_9	Vermis_10	
540140	Precentral_L	0	5606	16756	1298	0	0	18632	0	0	0	24388	0	3706	0	0	0	13736	0	19342	8298	0	0	106	0	0	0	0	0	9220	0	1786	0	988	5020	5760	1772	9404	962	126	0	0	0	0	0	116	0	0	0	112	0	576	0	84	0	5194	402	27108	186	484	0	5844	0	4822	0	208	0	1098	0	27432	4206	5030	1028	8512	0	3954	0	14382	874	4226	0	4018	0	120	0	284	0	0	0	2614	250	0	0	0	0	0	0	0	0	0	0	0	0	0	0	0	0	0	0	0	0	0	0	0	0	0	0	
258548	Precentral_R	5606	0	644	5760	0	0	858	4896	0	0	94	6828	0	0	0	0	0	1704	5118	8348	0	0	158	324	0	0	0	0	292	948	352	1256	890	5922	564	1114	272	3540	0	302	0	282	0	280	0	116	0	0	0	0	0	0	0	0	958	232	0	11478	0	0	0	1760	0	2812	0	0	86	940	6312	5848	3832	10206	310	3138	752	1998	3406	17666	916	0	0	0	0	0	0	0	0	0	0	156	0	0	0	0	0	0	0	0	0	0	0	0	0	0	0	0	0	0	0	0	0	0	0	0	0	0	
688572	Frontal_Sup_L	16756	644	0	9630	7866	0	82594	186	2682	0	11266	0	16152	0	4610	0	4474	0	49646	7126	0	0	46720	4046	812	0	86	0	15120	0	15778	5566	3250	1734	0	0	722	0	0	0	0	0	0	0	0	0	0	0	0	0	0	0	0	0	654	0	5628	0	0	0	538	0	1086	0	0	0	0	0	1228	0	6268	2376	11106	0	2570	0	1774	0	984	0	1828	0	780	0	0	0	0	0	0	0	0	0	0	0	0	0	0	0	0	0	0	0	0	0	0	0	0	0	0	0	0	0	0	0	0	0	
702256	Frontal_Sup_R	1298	5760	9630	0	0	7184	1400	33584	0	1058	816	8484	272	5534	0	1920	460	4304	18254	50472	0	168	15596	44990	0	5046	0	1184	1606	10318	5254	39904	3062	22252	92	430	0	240	0	0	0	0	0	0	0	0	0	0	0	0	0	0	0	0	216	0	0	200	0	0	0	0	0	0	0	0	0	0	3548	262	5018	22106	828	15318	176	600	254	376	232	0	240	0	360	822	0	0	0	0	0	0	0	0	0	0	0	0	0	0	0	0	0	0	0	0	0	0	0	0	0	0	0	0	0	0	0	0	
161064	Frontal_Sup_Orb_L	0	0	7866	0	0	0	2908	0	14176	0	0	0	2084	0	14544	0	0	0	412	0	2308	442	3610	0	2900	0	8292	0	5840	0	3660	0	0	0	0	0	0	0	0	0	110	0	0	0	0	0	0	0	0	0	0	0	0	0	0	0	0	0	0	0	0	0	0	0	0	0	0	0	0	0	2814	318	8080	0	0	0	0	0	0	0	0	0	168	0	0	0	0	0	0	0	0	0	0	0	0	0	0	0	0	0	0	0	0	0	0	0	0	0	0	0	0	0	0	0	0	0	
121960	Frontal_Sup_Orb_R	0	0	0	7184	0	0	0	496	0	4556	0	0	0	0	0	3428	0	0	266	0	258	1862	512	6540	206	9462	172	7550	0	808	384	2866	0	0	0	0	0	0	0	0	0	0	0	0	0	0	0	0	0	0	0	0	0	0	0	0	0	0	0	0	0	0	0	0	0	0	0	0	264	0	260	4794	0	9112	0	0	0	0	0	0	0	0	0	0	0	0	0	0	0	0	0	0	0	0	0	0	0	0	0	0	0	0	0	0	0	0	0	0	0	0	0	0	0	0	0	0	
461628	Frontal_Mid_L	18632	858	82594	1400	2908	0	0	0	2976	0	10860	0	31282	0	5700	0	744	0	14798	1078	0	0	18794	556	0	0	0	0	13670	0	4246	738	2126	380	0	0	1126	0	0	0	0	0	0	0	0	0	0	0	0	0	0	0	0	0	406	0	1272	0	0	0	274	0	446	0	0	0	0	0	0	0	3482	2100	4826	0	652	0	820	0	580	0	272	0	0	0	0	0	0	0	218	0	0	0	0	0	0	0	0	0	0	0	0	0	0	0	0	0	0	0	0	0	0	0	0	0	0	0	
180628	Frontal_Mid_R	0	4896	186	33584	0	496	0	0	0	1018	0	11190	0	10490	0	1672	0	3344	800	3410	0	0	468	4440	0	0	0	0	0	4884	172	1422	0	1390	0	0	0	236	0	0	0	0	0	0	0	0	0	0	0	0	0	0	0	0	0	0	0	138	0	0	0	0	0	0	0	0	0	0	88	0	92	3110	0	1684	0	726	0	192	0	0	0	0	0	186	0	0	0	0	0	0	0	0	0	0	0	0	0	0	0	0	0	0	0	0	0	0	0	0	0	0	0	0	0	0	0	0	
110512	Frontal_Mid_Orb_L	0	0	2682	0	14176	0	2976	0	0	0	0	0	2050	0	17782	0	0	0	90	0	566	126	288	0	0	0	2826	0	4986	0	298	0	0	0	0	0	0	0	0	0	110	0	0	0	0	0	0	0	0	0	0	0	0	0	0	0	0	0	0	0	0	0	0	0	0	0	0	0	0	0	1134	110	4904	0	0	0	0	0	0	0	0	0	152	0	0	0	0	0	0	0	0	0	0	0	0	0	0	0	0	0	0	0	0	0	0	0	0	0	0	0	0	0	0	0	0	0	
39340	Frontal_Mid_Orb_R	0	0	0	1058	0	4556	0	1018	0	0	0	0	0	760	0	7680	0	0	0	194	0	0	0	0	0	136	0	1410	0	1236	0	0	0	124	0	0	0	0	0	0	0	0	0	0	0	0	0	0	0	0	0	0	0	0	0	0	0	0	0	0	0	0	0	0	0	0	0	0	0	0	0	682	0	816	0	0	0	0	0	0	0	0	0	0	0	0	0	0	0	0	0	0	0	0	0	0	0	0	0	0	0	0	0	0	0	0	0	0	0	0	0	0	0	0	0	0	
228112	Frontal_Inf_Oper_L	24388	94	11266	816	0	0	10860	0	0	0	0	0	10996	0	538	0	10410	0	8406	866	0	0	222	0	0	0	0	0	12156	0	2620	262	622	240	0	0	1080	0	0	0	0	0	0	0	0	0	0	0	0	0	0	0	0	0	196	0	4650	0	0	0	188	0	436	0	0	0	0	0	0	0	950	420	2610	0	320	0	182	0	522	0	3924	0	3616	0	0	0	0	0	200	0	0	0	0	0	0	0	0	0	0	0	0	0	0	0	0	0	0	0	0	0	0	0	0	0	0	0	
130276	Frontal_Inf_Oper_R	0	6828	0	8484	0	0	0	11190	0	0	0	0	0	8498	0	102	0	6094	168	2102	0	0	0	1134	0	0	0	0	0	10760	0	1202	0	116	0	0	0	156	0	0	0	0	0	0	0	0	0	0	0	0	0	0	0	0	0	0	0	1490	0	0	0	0	0	0	0	0	0	0	120	0	0	2882	0	1470	0	660	0	98	0	0	0	118	0	1466	0	0	0	0	0	0	0	0	0	0	0	0	0	0	0	0	0	0	0	0	0	0	0	0	0	0	0	0	0	0	0	0	
217320	Frontal_Inf_Tri_L	3706	0	16152	272	2084	0	31282	0	2050	0	10996	0	0	0	10148	0	1084	0	6132	278	0	0	804	0	0	0	0	0	17008	0	2546	138	2010	0	0	0	0	0	0	0	0	0	0	0	0	0	0	0	0	0	0	0	0	0	0	0	456	0	0	0	0	0	0	0	0	0	0	0	0	0	228	134	620	0	0	0	0	0	0	0	224	0	308	0	0	0	0	0	0	0	0	0	0	0	0	0	0	0	0	0	0	0	0	0	0	0	0	0	0	0	0	0	0	0	0	0	
90124	Frontal_Inf_Tri_R	0	0	0	5534	0	0	0	10490	0	760	0	8498	0	0	0	3116	0	296	0	654	0	0	0	1318	0	0	0	0	0	9756	0	1390	0	326	0	0	0	0	0	0	0	0	0	0	0	0	0	0	0	0	0	0	0	0	0	0	0	0	0	0	0	0	0	0	0	0	0	0	0	0	0	1444	0	1168	0	312	0	0	0	0	0	0	0	0	0	0	0	0	0	0	0	0	0	0	0	0	0	0	0	0	0	0	0	0	0	0	0	0	0	0	0	0	0	0	0	0	
165608	Frontal_Inf_Orb_L	0	0	4610	0	14544	0	5700	0	17782	0	538	0	10148	0	0	0	0	0	596	0	2660	118	320	0	0	0	3408	0	12514	0	220	0	124	0	0	0	0	0	0	0	138	0	0	0	0	0	0	0	0	0	0	0	0	0	0	0	0	0	0	0	0	0	0	0	0	0	0	0	0	0	2166	126	6528	0	0	0	0	0	0	0	0	0	564	0	0	0	0	0	0	0	0	0	0	0	0	0	0	0	0	0	0	0	0	0	0	0	0	0	0	0	0	0	0	0	0	0	
79156	Frontal_Inf_Orb_R	0	0	0	1920	0	3428	0	1672	0	7680	0	102	0	3116	0	0	0	174	176	508	118	1396	0	86	0	0	0	1728	0	8336	0	122	0	394	0	0	0	772	0	360	0	0	0	0	0	0	0	0	0	0	0	0	0	0	0	0	0	0	0	0	0	0	0	0	0	0	0	0	0	0	118	1398	0	2958	0	0	0	0	0	0	0	1292	0	1406	0	318	0	0	0	0	0	0	0	0	0	0	0	0	0	0	0	0	0	0	0	0	0	0	0	0	0	0	0	0	0	0	
206564	Rolandic_Oper_L	13736	0	4474	460	0	0	744	0	0	0	10410	0	1084	0	0	0	0	0	7232	532	0	0	0	0	0	0	0	0	18084	0	0	0	86	136	0	0	2512	0	0	0	0	0	0	0	0	0	0	0	0	0	266	0	272	0	1786	0	12180	0	0	0	616	0	2378	0	180	0	0	0	0	0	534	94	2656	0	272	0	110	0	3392	0	11850	0	3134	0	1750	0	0	0	2322	0	0	0	0	0	0	0	0	0	0	0	0	0	0	0	0	0	0	0	0	0	0	0	0	0	0	0	
99712	Rolandic_Oper_R	0	1704	0	4304	0	0	0	3344	0	0	0	6094	0	296	0	174	0	0	774	2204	0	0	0	0	0	0	0	0	0	10550	0	98	0	0	0	0	0	1792	0	368	0	0	0	0	0	0	0	0	0	0	0	0	0	0	0	0	0	2302	0	0	0	0	0	1676	0	0	0	0	756	0	0	3246	0	5814	0	288	0	108	0	606	0	1620	0	1738	0	0	0	0	0	0	0	0	0	0	0	0	0	0	0	0	0	0	0	0	0	0	0	0	0	0	0	0	0	0	0	0	
575736	Supp_Motor_Area_L	19342	5118	49646	18254	412	266	14798	800	90	0	8406	168	6132	0	596	176	7232	774	0	29618	0	0	3778	3824	0	190	0	0	14960	636	5978	5864	7446	14346	294	138	234	0	0	0	0	0	0	0	0	0	0	0	0	0	0	0	0	0	190	0	3810	416	0	0	358	0	456	0	0	0	0	0	22858	104	11000	3752	13632	2552	3884	0	208	418	328	0	3146	0	1086	0	0	0	0	0	154	0	0	0	0	0	0	0	0	0	0	0	0	0	0	0	0	0	0	0	0	0	0	0	0	0	0	0	
531824	Supp_Motor_Area_R	8298	8348	7126	50472	0	0	1078	3410	0	194	866	2102	278	654	0	508	532	2204	29618	0	0	0	3384	9994	0	0	0	0	1642	3452	2306	18698	4204	40448	988	1900	140	516	0	0	0	0	0	100	0	0	0	0	0	0	0	0	0	0	424	192	0	722	0	0	0	174	0	470	0	0	128	626	8430	15728	6654	17028	1648	1738	714	112	2000	3882	382	0	228	0	420	600	0	0	0	0	0	152	0	0	0	0	0	0	0	0	0	0	0	0	0	0	0	0	0	0	0	0	0	0	0	0	0	0	
69624	Olfactory_L	0	0	0	0	2308	258	0	0	566	0	0	0	0	0	2660	118	0	0	0	0	0	4274	0	0	230	176	2654	1170	2588	0	1850	1310	0	0	0	0	0	0	0	0	134	0	0	0	0	0	0	0	0	0	0	0	0	0	0	0	0	0	0	0	0	0	0	0	0	0	0	0	0	0	6000	3762	2200	2340	0	0	0	0	0	0	0	0	214	0	0	0	0	0	0	0	0	0	0	0	0	0	0	0	0	0	0	0	0	0	0	0	0	0	0	0	0	0	0	0	0	0	
94984	Olfactory_R	0	0	0	168	442	1862	0	0	126	0	0	0	0	0	118	1396	0	0	0	0	4274	0	0	128	228	652	1536	3876	0	2156	1994	2416	0	0	0	0	0	356	0	366	0	702	0	0	0	0	0	0	0	0	0	0	0	0	0	122	0	0	0	0	0	0	0	0	0	0	0	0	0	0	7660	8030	3924	4480	194	0	0	160	0	0	0	0	0	126	0	0	0	0	0	0	0	0	0	0	0	0	0	0	0	0	0	0	0	0	0	0	0	0	0	0	0	0	0	0	0	0	
387276	Frontal_Sup_Medial_L	106	158	46720	15596	3610	512	18794	468	288	0	222	0	804	0	320	0	0	0	3778	3384	0	0	0	24024	1896	1636	0	0	392	0	20680	24534	3450	15098	0	0	0	0	0	0	0	0	0	0	0	0	0	0	0	0	0	0	0	0	0	0	0	0	0	0	0	0	0	0	0	0	0	0	294	0	838	3068	1356	1512	0	0	100	0	0	0	0	0	0	0	0	0	0	0	0	0	0	0	0	0	0	0	0	0	0	0	0	0	0	0	0	0	0	0	0	0	0	0	0	0	0	0	
357680	Frontal_Sup_Medial_R	0	324	4046	44990	0	6540	556	4440	0	0	0	1134	0	1318	0	86	0	0	3824	9994	0	128	24024	0	190	6978	0	1048	0	2624	3572	27304	0	10750	0	0	0	0	0	0	0	0	0	0	0	0	0	0	0	0	0	0	0	0	0	0	0	0	0	0	0	0	0	0	0	0	0	0	1228	0	366	12790	0	10502	0	0	84	0	0	0	0	0	0	0	0	0	0	0	0	0	0	0	0	0	0	0	0	0	0	0	0	0	0	0	0	0	0	0	0	0	0	0	0	0	0	0	
30340	Frontal_Med_Orb_L	0	0	812	0	2900	206	0	0	0	0	0	0	0	0	0	0	0	0	0	0	230	228	1896	190	0	1132	1500	340	0	0	3558	458	0	0	0	0	0	0	0	0	0	0	0	0	0	0	0	0	0	0	0	0	0	0	0	0	0	0	0	0	0	0	0	0	0	0	0	0	0	0	404	364	632	320	0	0	0	0	0	0	0	0	0	0	0	0	0	0	0	0	0	0	0	0	0	0	0	0	0	0	0	0	0	0	0	0	0	0	0	0	0	0	0	0	0	0	
101044	Frontal_Med_Orb_R	0	0	0	5046	0	9462	0	0	0	136	0	0	0	0	0	0	0	0	190	0	176	652	1636	6978	1132	0	190	5572	0	0	750	4704	0	0	0	0	0	0	0	0	0	0	0	0	0	0	0	0	0	0	0	0	0	0	0	0	0	0	0	0	0	0	0	0	0	0	0	0	190	0	172	5882	0	7654	0	0	0	0	0	0	0	0	0	0	0	0	0	0	0	0	0	0	0	0	0	0	0	0	0	0	0	0	0	0	0	0	0	0	0	0	0	0	0	0	0	0	
65912	Rectus_L	0	0	86	0	8292	172	0	0	2826	0	0	0	0	0	3408	0	0	0	0	0	2654	1536	0	0	1500	190	0	734	1378	0	1672	384	0	0	0	0	0	0	0	0	100	0	0	0	0	0	0	0	0	0	0	0	0	0	0	0	0	0	0	0	0	0	0	0	0	0	0	0	0	0	4262	1040	2098	624	0	0	0	0	0	0	0	0	0	0	0	0	0	0	0	0	0	0	0	0	0	0	0	0	0	0	0	0	0	0	0	0	0	0	0	0	0	0	0	0	0	0	
70948	Rectus_R	0	0	0	1184	0	7550	0	0	0	1410	0	0	0	0	0	1728	0	0	0	0	1170	3876	0	1048	340	5572	734	0	0	862	552	1886	0	0	0	0	0	0	0	0	0	0	0	0	0	0	0	0	0	0	0	0	0	0	0	0	0	0	0	0	0	0	0	0	0	0	0	0	0	0	1166	2714	228	3454	0	0	0	0	0	0	0	0	0	0	0	0	0	0	0	0	0	0	0	0	0	0	0	0	0	0	0	0	0	0	0	0	0	0	0	0	0	0	0	0	0	0	
426636	Insula_L	9220	292	15120	1606	5840	0	13670	0	4986	0	12156	0	17008	0	12514	0	18084	0	14960	1642	2588	0	392	0	0	0	1378	0	0	0	910	376	2198	268	184	0	10008	0	228	0	380	0	0	0	0	0	0	0	0	0	542	0	356	0	5244	0	4908	0	0	0	2122	0	3136	0	0	0	90	0	656	0	3556	986	18186	0	304	0	214	0	5622	0	8240	0	5396	0	1468	0	0	0	6284	0	0	0	0	0	0	0	0	0	0	0	0	0	0	0	0	0	0	0	0	0	0	0	0	0	0	0	
211596	Insula_R	0	948	0	10318	0	808	0	4884	0	1236	0	10760	0	9756	0	8336	0	10550	636	3452	0	2156	0	2624	0	0	0	862	0	0	0	2580	0	204	0	0	0	4072	0	1064	0	170	0	0	0	0	0	0	0	0	0	0	0	0	0	378	0	532	0	0	0	0	0	0	0	0	0	86	566	0	0	4182	0	16194	0	632	0	258	0	484	0	2894	0	2540	0	1286	0	0	0	350	0	0	0	0	0	0	0	0	0	0	0	0	0	0	0	0	0	0	0	0	0	0	0	0	0	0	
265988	Cingulum_Ant_L	1786	352	15778	5254	3660	384	4246	172	298	0	2620	0	2546	0	220	0	0	0	5978	2306	1850	1994	20680	3572	3558	750	1672	552	910	0	0	15486	4920	5470	1122	0	0	0	0	0	0	0	0	0	0	0	0	0	0	0	0	0	0	0	0	0	0	0	0	0	0	0	0	0	0	0	0	0	0	0	9790	4970	7188	2910	0	0	0	0	0	0	0	0	0	0	0	0	0	0	0	0	0	0	0	0	0	0	0	0	0	0	0	0	0	0	0	0	0	0	0	0	0	0	0	0	0	0	
494116	Cingulum_Ant_R	0	1256	5566	39904	0	2866	738	1422	0	0	262	1202	138	1390	0	122	0	98	5864	18698	1310	2416	24534	27304	458	4704	384	1886	376	2580	15486	0	1394	29662	0	0	0	0	0	0	0	0	0	0	0	0	0	0	0	0	0	0	0	0	0	0	0	0	0	0	0	0	0	0	0	0	0	0	2108	0	3888	30114	1200	17342	0	0	272	114	0	0	0	0	0	0	0	0	0	0	0	0	0	0	0	0	0	0	0	0	0	0	0	0	0	0	0	0	0	0	0	0	0	0	0	0	0	0	
129384	Cingulum_Mid_L	988	890	3250	3062	0	0	2126	0	0	0	622	0	2010	0	124	0	86	0	7446	4204	0	0	3450	0	0	0	0	0	2198	0	4920	1394	0	7556	6704	598	0	0	0	0	0	0	294	0	1220	0	0	0	706	0	1688	0	0	0	0	0	0	0	392	0	168	0	0	0	0	0	4764	564	2812	0	0	120	0	0	98	0	0	0	0	0	0	0	120	0	0	0	0	0	118	0	0	0	0	0	0	0	0	0	0	0	0	0	0	0	0	0	0	0	0	0	0	0	0	0	0	0	
405800	Cingulum_Mid_R	5020	5922	1734	22252	0	0	380	1390	0	124	240	116	0	326	0	394	136	0	14346	40448	0	0	15098	10750	0	0	0	0	268	204	5470	29662	7556	0	2110	5560	136	0	0	0	0	0	0	1564	0	1322	0	0	0	512	0	234	0	220	520	0	0	516	0	0	0	0	0	0	0	0	260	5284	5540	8256	654	4202	236	1556	302	0	632	628	532	0	0	0	0	0	0	84	0	0	0	204	0	0	0	0	0	0	0	0	0	0	0	0	0	0	0	0	0	0	0	0	0	0	0	0	0	0	
134868	Cingulum_Post_L	5760	564	0	92	0	0	0	0	0	0	0	0	0	0	0	0	0	0	294	988	0	0	0	0	0	0	0	0	184	0	1122	0	6704	2110	0	11148	1928	2768	654	214	0	0	1324	0	1364	0	672	174	1124	0	1832	0	0	0	944	1842	560	0	180	0	434	0	154	0	154	0	6036	1856	10726	822	0	0	92	0	348	0	624	0	0	0	0	0	0	0	264	0	0	0	300	1078	0	0	0	0	0	0	0	0	0	0	0	0	0	0	0	0	0	0	0	0	0	0	0	0	0	0	
112364	Cingulum_Post_R	1772	1114	0	430	0	0	0	0	0	0	0	0	0	0	0	0	0	0	138	1900	0	0	0	0	0	0	0	0	0	0	0	0	598	5560	11148	0	2380	4832	898	930	0	0	0	976	0	114	0	1688	0	90	0	0	0	226	0	2540	0	0	0	0	0	0	0	0	0	0	610	8060	4644	976	90	0	0	0	296	0	1708	116	0	0	0	0	0	0	0	174	0	0	0	2050	0	0	0	0	0	0	0	124	0	0	0	0	0	0	0	0	0	0	0	0	0	0	0	0	0	0	
186800	Hippocampus_L	9404	272	722	0	0	0	1126	0	0	0	1080	0	0	0	0	0	2512	0	234	140	0	0	0	0	0	0	0	0	10008	0	0	0	0	136	1928	2380	0	964	6744	272	5628	0	546	0	0	0	898	260	0	0	0	0	0	0	13188	0	1850	0	0	0	500	0	594	0	0	0	918	948	152	0	112	0	5438	0	162	0	5384	0	3374	0	1630	0	1644	0	234	0	268	0	11750	0	0	0	0	0	0	0	0	0	0	0	0	0	0	0	0	0	0	0	0	0	0	0	0	0	0	0	
194856	Hippocampus_R	962	3540	0	240	0	0	0	236	0	0	0	156	0	0	0	772	0	1792	0	516	0	356	0	0	0	0	0	0	0	4072	0	0	0	0	2768	4832	964	0	580	15190	0	6524	0	0	0	0	0	752	0	0	0	0	0	0	0	22028	0	1528	0	0	0	0	0	258	0	0	0	940	1006	482	104	86	0	11060	0	146	1044	3084	0	228	0	642	0	2002	0	2156	0	298	0	5866	0	0	0	0	0	0	0	218	0	0	0	0	0	0	0	0	0	0	0	0	0	0	0	0	0	0	
45952	ParaHippocampal_L	126	0	0	0	0	0	0	0	0	0	0	0	0	0	0	0	0	0	0	0	0	0	0	0	0	0	0	0	228	0	0	0	0	0	654	898	6744	580	0	138	1896	0	328	0	128	0	2154	130	124	0	0	0	184	0	5028	0	0	0	0	0	0	0	0	0	0	0	808	456	0	0	0	0	142	0	0	0	1214	0	0	0	0	0	284	0	0	0	230	0	238	0	0	0	0	0	0	0	146	0	0	0	0	0	0	0	0	0	0	0	0	118	0	0	0	0	0	0	
97644	ParaHippocampal_R	0	302	0	0	0	0	0	0	0	0	0	0	0	0	0	360	0	368	0	0	0	366	0	0	0	0	0	0	0	1064	0	0	0	0	214	930	272	15190	138	0	0	4566	0	98	0	0	0	3080	0	0	0	0	0	264	0	12820	0	0	0	0	0	0	0	0	0	0	0	1094	100	0	0	0	0	3012	0	0	130	1048	0	0	0	0	0	1364	0	128	0	814	0	474	0	0	0	0	0	0	0	626	0	0	0	0	0	0	0	0	0	0	0	0	0	0	0	0	0	0	
27080	Amygdala_L	0	0	0	0	110	0	0	0	110	0	0	0	0	0	138	0	0	0	0	0	134	0	0	0	0	0	100	0	380	0	0	0	0	0	0	0	5628	0	1896	0	0	0	0	0	0	0	0	0	0	0	0	0	0	0	2536	0	0	0	0	0	0	0	0	0	0	0	0	0	0	0	106	0	0	0	0	0	680	0	0	0	0	0	674	0	92	0	204	0	752	0	0	0	0	0	0	0	0	0	0	0	0	0	0	0	0	0	0	0	0	0	0	0	0	0	0	0	
54032	Amygdala_R	0	282	0	0	0	0	0	0	0	0	0	0	0	0	0	0	0	0	0	0	0	702	0	0	0	0	0	0	0	170	0	0	0	0	0	0	0	6524	0	4566	0	0	0	0	0	0	0	0	0	0	0	0	0	0	0	6114	0	0	0	0	0	0	0	0	0	0	0	0	0	0	0	232	0	674	0	0	100	738	0	0	0	0	0	4798	0	0	0	1234	0	882	0	0	0	0	0	0	0	0	0	0	0	0	0	0	0	0	0	0	0	0	0	0	0	0	0	0	
105296	Calcarine_L	0	0	0	0	0	0	0	0	0	0	0	0	0	0	0	0	0	0	0	0	0	0	0	0	0	0	0	0	0	0	0	0	294	0	1324	0	546	0	328	0	0	0	0	2094	7540	784	8180	704	7024	196	12108	0	1988	0	1692	0	0	0	0	0	0	0	0	0	0	0	7276	0	0	0	0	0	0	0	0	0	0	0	0	0	0	0	0	0	284	0	0	0	286	0	0	0	0	0	0	0	0	0	0	0	0	0	0	0	0	0	0	0	0	0	0	0	0	0	0	0	
193220	Calcarine_R	0	280	0	0	0	0	0	0	0	0	0	0	0	0	0	0	0	0	0	100	0	0	0	0	0	0	0	0	0	0	0	0	0	1564	0	976	0	0	0	98	0	0	2094	0	2594	17108	420	14908	0	14166	0	11494	0	5308	0	6570	0	150	0	0	0	0	0	0	0	180	562	12910	0	418	0	0	0	0	0	0	0	0	0	0	0	0	0	0	0	2262	0	0	0	2182	0	0	0	0	0	0	0	0	0	266	0	0	0	0	0	0	0	0	0	0	0	0	0	0	0	0	
134092	Cuneus_L	116	0	0	0	0	0	0	0	0	0	0	0	0	0	0	0	0	0	0	0	0	0	0	0	0	0	0	0	0	0	0	0	1220	0	1364	0	0	0	128	0	0	0	7540	2594	0	4238	1476	222	19696	1678	10020	330	954	0	478	108	0	0	2546	0	0	0	0	0	0	0	10942	208	580	0	0	0	0	0	0	0	0	0	0	0	0	0	0	0	504	0	0	0	104	0	0	0	0	0	0	0	0	0	0	0	0	0	0	0	0	0	0	0	0	0	0	0	0	0	0	0	
166372	Cuneus_R	0	116	0	0	0	0	0	0	0	0	0	0	0	0	0	0	0	0	0	0	0	0	0	0	0	0	0	0	0	0	0	0	0	1322	0	114	0	0	0	0	0	0	784	17108	4238	0	0	3706	92	27088	0	8292	0	346	0	1464	0	104	0	1318	0	0	0	0	0	252	3232	12884	0	230	0	0	0	0	0	0	0	0	0	0	0	0	0	0	0	146	0	0	0	250	0	0	0	0	0	0	0	0	0	100	0	0	0	0	0	0	0	0	0	0	0	0	0	0	0	0	
256368	Lingual_L	0	0	0	0	0	0	0	0	0	0	0	0	0	0	0	0	0	0	0	0	0	0	0	0	0	0	0	0	0	0	0	0	0	0	672	0	898	0	2154	0	0	0	8180	420	1476	0	0	2164	3586	0	13894	0	7404	0	17010	406	0	0	0	0	0	0	0	0	0	0	1944	0	0	0	0	0	0	0	0	0	0	0	0	0	0	0	0	0	0	0	0	0	338	0	13082	1146	6752	258	0	0	14620	216	21020	1270	306	0	168	160	0	0	0	0	0	178	4110	3766	586	0	0	0	
262600	Lingual_R	0	0	0	0	0	0	0	0	0	0	0	0	0	0	0	0	0	0	0	0	0	0	0	0	0	0	0	0	0	0	0	0	0	0	174	1688	260	752	130	3080	0	0	704	14908	222	3706	2164	0	0	6100	0	4398	134	4518	1910	19466	0	0	0	0	0	0	0	0	0	0	252	3996	0	0	0	0	0	0	0	0	86	0	0	0	0	0	0	0	0	320	0	0	0	736	4482	6060	928	582	150	142	4226	4820	9014	10054	0	130	0	374	0	0	0	0	0	0	8008	10182	2146	104	194	0	
173448	Occipital_Sup_L	112	0	0	0	0	0	0	0	0	0	0	0	0	0	0	0	0	0	0	0	0	0	0	0	0	0	0	0	0	0	0	0	706	0	1124	0	0	0	124	0	0	0	7024	0	19696	92	3586	0	0	0	23894	0	822	0	580	0	0	0	11558	0	94	0	0	0	0	0	16154	204	496	0	0	0	0	0	0	0	0	0	0	0	0	0	0	0	266	0	0	0	192	0	0	0	0	0	0	0	0	0	0	0	0	0	0	0	0	0	0	0	0	0	0	0	0	0	0	0	
193460	Occipital_Sup_R	0	0	0	0	0	0	0	0	0	0	0	0	0	0	0	0	0	0	0	0	0	0	0	0	0	0	0	0	0	0	0	0	0	512	0	90	0	0	0	0	0	0	196	14166	1678	27088	0	6100	0	0	0	18910	0	2064	0	3768	0	172	0	2978	0	980	0	0	0	2124	1096	7390	0	228	0	0	0	0	0	0	0	0	0	0	0	498	0	0	0	4002	0	0	0	2376	0	0	0	0	0	0	0	0	0	314	0	0	0	0	0	0	0	0	0	0	0	0	0	0	0	0	
378520	Occipital_Mid_L	576	0	0	0	0	0	0	0	0	0	0	0	0	0	0	0	266	0	0	0	0	0	0	0	0	0	0	0	542	0	0	0	1688	0	1832	0	0	0	0	0	0	0	12108	0	10020	0	13894	0	23894	0	0	0	18172	0	5258	0	2024	0	17950	0	12222	0	3904	0	14088	0	19740	0	1532	0	0	0	0	0	0	0	0	0	208	0	672	0	0	0	15674	0	0	0	12670	0	96	0	84	0	0	0	0	0	146	0	0	0	0	0	0	0	0	0	0	0	0	0	0	0	0	0	
170128	Occipital_Mid_R	0	0	0	0	0	0	0	0	0	0	0	0	0	0	0	0	0	0	0	0	0	0	0	0	0	0	0	0	0	0	0	0	0	234	0	0	0	0	0	0	0	0	0	11494	330	8292	0	4398	0	18910	0	0	0	3776	0	2990	0	106	0	882	0	3314	0	0	0	11898	240	3394	0	210	0	0	0	0	0	0	0	0	0	0	0	232	0	0	0	10692	0	0	0	3588	0	0	0	0	0	0	0	0	0	84	0	0	0	0	0	0	0	0	0	0	0	0	0	0	0	0	
110596	Occipital_Inf_L	84	0	0	0	0	0	0	0	0	0	0	0	0	0	0	0	272	0	0	0	0	0	0	0	0	0	0	0	356	0	0	0	0	0	0	0	0	0	184	0	0	0	1988	0	954	0	7404	134	822	0	18172	0	0	0	7486	0	164	0	0	0	626	0	928	0	160	0	482	0	188	0	0	0	0	0	0	0	0	0	504	0	808	0	0	0	3752	0	0	0	6542	0	692	0	634	0	0	0	268	0	1188	0	0	0	0	0	0	0	0	0	0	0	118	388	0	0	0	0	
66936	Occipital_Inf_R	0	0	0	0	0	0	0	0	0	0	0	0	0	0	0	0	0	0	0	0	0	0	0	0	0	0	0	0	0	0	0	0	0	220	0	226	0	0	0	264	0	0	0	5308	0	346	0	4518	0	2064	0	3776	0	0	0	5642	0	118	0	0	0	0	0	0	0	0	0	2340	0	286	0	0	0	0	0	0	0	0	0	0	0	0	0	0	0	1030	0	0	0	4980	210	114	0	0	0	0	106	110	250	570	0	0	0	0	0	0	0	0	0	0	128	518	344	0	0	0	
393192	Fusiform_L	5194	958	654	216	0	0	406	0	0	0	196	0	0	0	0	0	1786	0	190	424	0	0	0	0	0	0	0	0	5244	0	0	0	0	520	944	0	13188	0	5028	0	2536	0	1692	0	478	0	17010	1910	580	0	5258	0	7486	0	0	458	1462	0	0	0	676	0	1918	0	0	0	1520	0	1334	96	370	0	1324	0	344	0	1098	0	6720	0	2108	0	1342	0	1314	0	674	0	13240	0	22504	470	7786	572	132	0	13090	150	31618	986	918	0	1398	398	0	138	0	0	0	0	3300	4130	680	0	228	202	
361184	Fusiform_R	402	232	0	0	0	0	0	0	0	0	0	0	0	0	0	0	0	0	0	192	0	122	0	0	0	0	0	0	0	378	0	0	0	0	1842	2540	0	22028	0	12820	0	6114	0	6570	108	1464	406	19466	0	3768	0	2990	0	5642	458	0	0	0	0	0	0	0	0	160	0	430	86	2236	898	234	0	0	0	2952	0	0	0	182	0	0	0	586	0	5776	0	3100	0	1644	0	11304	1706	16322	312	1424	0	146	756	6820	2734	19688	0	370	0	1436	0	0	0	0	0	214	4876	5012	1646	0	0	0	
248836	Postcentral_L	27108	0	5628	0	0	0	1272	0	0	0	4650	0	456	0	0	0	12180	0	3810	0	0	0	0	0	0	0	0	0	4908	0	0	0	0	0	560	0	1850	0	0	0	0	0	0	0	0	0	0	0	0	0	2024	0	164	0	1462	0	0	0	4942	0	20492	0	11934	0	1434	0	2432	0	3264	0	922	0	1798	0	110	0	0	0	2284	0	4100	0	0	0	1134	0	0	0	3500	0	0	0	0	0	0	0	0	0	0	0	0	0	0	0	0	0	0	0	0	0	0	0	0	0	0	0	
100852	Postcentral_R	186	11478	0	200	0	0	0	138	0	0	0	1490	0	0	0	0	0	2302	416	722	0	0	0	0	0	0	0	0	0	532	0	0	0	516	0	0	0	1528	0	0	0	0	0	150	0	104	0	0	0	172	0	106	0	118	0	0	0	0	0	2074	0	5610	0	8220	0	1104	0	1524	544	8106	108	270	0	792	0	0	0	128	0	0	0	166	0	0	0	764	0	0	0	858	0	0	0	0	0	0	0	0	0	0	0	0	0	0	0	0	0	0	0	0	0	0	0	0	0	0	
150764	Parietal_Sup_L	484	0	0	0	0	0	0	0	0	0	0	0	0	0	0	0	0	0	0	0	0	0	0	0	0	0	0	0	0	0	0	0	392	0	180	0	0	0	0	0	0	0	0	0	2546	0	0	0	11558	0	17950	0	0	0	0	0	4942	0	0	0	9362	0	326	0	2506	0	17678	100	1158	0	0	0	0	0	0	0	0	0	0	0	272	0	0	0	310	0	0	0	5618	0	0	0	0	0	0	0	0	0	0	0	0	0	0	0	0	0	0	0	0	0	0	0	0	0	0	0	
30644	Parietal_Sup_R	0	0	0	0	0	0	0	0	0	0	0	0	0	0	0	0	0	0	0	0	0	0	0	0	0	0	0	0	0	0	0	0	0	0	0	0	0	0	0	0	0	0	0	0	0	1318	0	0	0	2978	0	882	0	0	0	0	0	2074	0	0	0	2346	0	434	0	2232	84	2240	0	340	0	0	0	0	0	0	0	0	0	0	0	0	0	0	0	276	0	0	0	118	0	0	0	0	0	0	0	0	0	0	0	0	0	0	0	0	0	0	0	0	0	0	0	0	0	0	
205472	Parietal_Inf_L	5844	0	538	0	0	0	274	0	0	0	188	0	0	0	0	0	616	0	358	0	0	0	0	0	0	0	0	0	2122	0	0	0	168	0	434	0	500	0	0	0	0	0	0	0	0	0	0	0	94	0	12222	0	626	0	676	0	20492	0	9362	0	0	0	22698	0	10142	0	748	0	1792	0	0	0	482	0	180	0	0	0	498	0	1694	0	0	0	4094	0	0	0	5894	0	0	0	0	0	0	0	0	0	0	0	0	0	0	0	0	0	0	0	0	0	0	0	0	0	0	0	
74376	Parietal_Inf_R	0	1760	0	0	0	0	0	0	0	0	0	0	0	0	0	0	0	0	0	174	0	0	0	0	0	0	0	0	0	0	0	0	0	0	0	0	0	0	0	0	0	0	0	0	0	0	0	0	0	980	0	3314	0	0	0	0	0	5610	0	2346	0	0	0	10724	0	9592	424	616	0	288	0	0	0	0	0	0	0	0	0	0	0	0	0	0	0	1162	0	0	0	198	0	0	0	0	0	0	0	0	0	0	0	0	0	0	0	0	0	0	0	0	0	0	0	0	0	0	
166096	SupraMarginal_L	4822	0	1086	0	0	0	446	0	0	0	436	0	0	0	0	0	2378	0	456	0	0	0	0	0	0	0	0	0	3136	0	0	0	0	0	154	0	594	0	0	0	0	0	0	0	0	0	0	0	0	0	3904	0	928	0	1918	0	11934	0	326	0	22698	0	0	0	4640	0	288	0	1010	0	0	0	490	0	180	0	0	0	654	0	7328	0	0	0	8538	0	0	0	4704	0	0	0	0	0	0	0	0	0	0	0	0	0	0	0	0	0	0	0	0	0	0	0	0	0	0	0	
63044	SupraMarginal_R	0	2812	0	0	0	0	0	0	0	0	0	0	0	0	0	0	0	1676	0	470	0	0	0	0	0	0	0	0	0	0	0	0	0	0	0	0	0	258	0	0	0	0	0	0	0	0	0	0	0	0	0	0	0	0	0	160	0	8220	0	434	0	10724	0	0	0	1078	0	0	0	620	0	0	0	0	0	0	0	94	0	0	0	3436	0	0	0	1168	0	0	0	372	0	0	0	0	0	0	0	0	0	0	0	0	0	0	0	0	0	0	0	0	0	0	0	0	0	0	
89784	Angular_L	208	0	0	0	0	0	0	0	0	0	0	0	0	0	0	0	180	0	0	0	0	0	0	0	0	0	0	0	0	0	0	0	0	0	154	0	0	0	0	0	0	0	0	0	0	0	0	0	0	0	14088	0	160	0	0	0	1434	0	2506	0	10142	0	4640	0	0	0	520	0	264	0	0	0	0	0	0	0	0	0	0	0	1002	0	0	0	6616	0	0	0	2978	0	0	0	0	0	0	0	0	0	0	0	0	0	0	0	0	0	0	0	0	0	0	0	0	0	0	0	
76140	Angular_R	0	0	0	0	0	0	0	0	0	0	0	0	0	0	0	0	0	0	0	0	0	0	0	0	0	0	0	0	0	0	0	0	0	0	0	0	0	0	0	0	0	0	0	180	0	252	0	0	0	2124	0	11898	0	0	0	430	0	1104	0	2232	0	9592	0	1078	0	0	414	682	0	110	0	0	0	0	0	0	0	0	0	0	0	1432	0	0	0	5580	0	0	0	962	0	0	0	0	0	0	0	0	0	0	0	0	0	0	0	0	0	0	0	0	0	0	0	0	0	0	
235976	Precuneus_L	1098	86	0	0	0	0	0	0	0	0	0	0	0	0	0	0	0	0	0	128	0	0	0	0	0	0	0	0	90	0	0	0	4764	260	6036	610	918	0	808	0	0	0	7276	562	10942	3232	1944	252	16154	1096	19740	240	482	0	1520	86	2432	0	17678	84	748	424	288	0	520	414	0	7780	3012	110	0	0	0	0	0	0	0	0	0	0	150	144	0	0	586	1202	0	0	3606	486	0	0	0	0	0	0	0	0	0	0	0	0	0	0	0	0	0	0	0	0	0	0	0	0	0	0	
179704	Precuneus_R	0	940	0	0	0	0	0	0	0	0	0	0	0	0	0	0	0	0	0	626	0	0	0	0	0	0	0	0	0	86	0	0	564	5284	1856	8060	948	940	456	1094	0	0	0	12910	208	12884	0	3996	204	7390	0	3394	0	2340	0	2236	0	1524	100	2240	0	616	0	0	0	682	7780	0	218	3406	0	0	0	0	0	0	452	0	0	0	0	144	0	0	0	2694	0	0	0	3008	0	0	0	0	0	0	0	390	0	0	0	0	0	0	0	0	0	0	0	0	182	0	0	0	0	0	
283128	Paracentral_Lobule_L	27432	6312	1228	3548	0	264	0	88	0	0	0	120	0	0	0	0	0	756	22858	8430	0	0	294	1228	0	190	0	0	656	566	0	2108	2812	5540	10726	4644	152	1006	0	100	0	0	0	0	580	0	0	0	496	0	1532	0	188	0	1334	898	3264	544	1158	0	1792	0	1010	0	264	0	3012	218	0	3364	3704	3224	2786	2466	4956	0	588	902	174	0	0	0	0	0	416	0	0	0	680	956	0	0	0	0	0	0	0	0	0	0	0	0	0	0	0	0	0	0	0	0	0	0	0	0	0	0	
116504	Paracentral_Lobule_R	4206	5848	0	262	0	0	0	0	0	0	0	0	0	0	0	0	0	0	104	15728	0	0	0	0	0	0	0	0	0	0	0	0	0	8256	822	976	0	482	0	0	0	0	0	418	0	230	0	0	0	228	0	210	0	286	96	234	0	8106	0	340	0	288	0	620	0	110	110	3406	3364	0	1050	0	0	0	0	0	1694	0	0	0	0	0	0	0	0	232	0	0	0	546	0	0	0	0	0	0	0	0	0	0	0	0	0	0	0	0	0	0	0	0	0	0	0	0	0	0	
294232	Caudate_L	5030	3832	6268	5018	2814	260	3482	92	1134	0	950	0	228	0	2166	118	534	0	11000	6654	6000	7660	838	366	404	172	4262	1166	3556	0	9790	3888	0	654	0	90	112	104	0	0	106	0	0	0	0	0	0	0	0	0	0	0	0	0	370	0	922	108	0	0	0	0	0	0	0	0	0	0	3704	1050	0	18102	17776	4782	1712	102	8710	106	388	0	166	0	370	0	0	0	0	0	0	0	0	0	0	0	0	0	0	0	0	0	0	0	0	0	0	0	0	0	0	0	0	0	0	0	0	0	
460036	Caudate_R	1028	10206	2376	22106	318	4794	2100	3110	110	682	420	2882	134	1444	126	1398	94	3246	3752	17028	3762	8030	3068	12790	364	5882	1040	2714	986	4182	4970	30114	120	4202	0	0	0	86	0	0	0	232	0	0	0	0	0	0	0	0	0	0	0	0	0	0	0	270	0	0	0	0	0	0	0	0	0	0	3224	0	18102	0	4666	27288	406	2750	644	12772	0	0	0	0	0	0	0	0	0	0	0	0	0	0	0	0	0	0	0	0	0	0	0	0	0	0	0	0	0	0	0	0	0	0	0	0	0	0	
309088	Putamen_L	8512	310	11106	828	8080	0	4826	0	4904	0	2610	0	620	0	6528	0	2656	0	13632	1648	2200	3924	1356	0	632	0	2098	228	18186	0	7188	1200	0	236	92	0	5438	0	142	0	0	0	0	0	0	0	0	0	0	0	0	0	0	0	1324	0	1798	0	0	0	482	0	490	0	0	0	0	0	2786	0	17776	4666	0	2520	7898	0	2686	136	366	0	436	0	250	0	0	0	0	0	1750	0	0	0	0	0	0	0	0	0	0	0	0	0	0	0	0	0	0	0	0	0	0	0	0	0	0	0	
347456	Putamen_R	0	3138	0	15318	0	9112	0	1684	0	816	0	1470	0	1168	0	2958	0	5814	2552	1738	2340	4480	1512	10502	320	7654	624	3454	0	16194	2910	17342	0	1556	0	0	0	11060	0	3012	0	674	0	0	0	0	0	0	0	0	0	0	0	0	0	2952	0	792	0	0	0	0	0	0	0	0	0	0	2466	0	4782	27288	2520	0	0	1228	0	1026	0	112	0	0	0	152	0	212	0	0	0	796	0	0	0	0	0	0	0	0	0	0	0	0	0	0	0	0	0	0	0	0	0	0	0	0	0	0	
67180	Pallidum_L	3954	752	2570	176	0	0	652	0	0	0	320	0	0	0	0	0	272	0	3884	714	0	194	0	0	0	0	0	0	304	0	0	0	98	302	348	296	162	0	0	0	0	0	0	0	0	0	0	0	0	0	0	0	0	0	344	0	110	0	0	0	180	0	180	0	0	0	0	0	4956	0	1712	406	7898	0	0	0	2406	118	282	0	0	0	0	0	0	0	0	0	0	0	0	0	0	0	0	0	0	0	0	0	0	0	0	0	0	0	0	0	0	0	0	0	0	0	0	0	
19568	Pallidum_R	0	1998	0	600	0	0	0	726	0	0	0	660	0	312	0	0	0	288	0	112	0	0	0	0	0	0	0	0	0	632	0	0	0	0	0	0	0	146	0	0	0	0	0	0	0	0	0	0	0	0	0	0	0	0	0	0	0	0	0	0	0	0	0	0	0	0	0	0	0	0	102	2750	0	1228	0	0	0	230	0	0	0	0	0	0	0	0	0	0	0	0	0	0	0	0	0	0	0	0	0	0	0	0	0	0	0	0	0	0	0	0	0	0	0	0	0	0	
115416	Thalamus_L	14382	3406	1774	254	0	0	820	0	0	0	182	0	0	0	0	0	110	0	208	2000	0	0	100	84	0	0	0	0	214	0	0	272	0	632	624	1708	5384	1044	1214	130	680	100	0	0	0	0	0	86	0	0	0	0	0	0	1098	0	0	0	0	0	0	0	0	0	0	0	0	452	588	1694	8710	644	2686	0	2406	0	0	2850	840	0	0	0	0	0	0	0	0	0	332	0	0	0	0	0	0	0	0	0	0	0	0	0	0	0	0	0	0	0	0	0	0	0	0	0	0	0	
96608	Thalamus_R	874	17666	0	376	0	0	0	192	0	0	0	98	0	0	0	0	0	108	418	3882	0	160	0	0	0	0	0	0	0	258	0	114	0	628	0	116	0	3084	0	1048	0	738	0	0	0	0	0	0	0	0	0	0	0	0	0	182	0	128	0	0	0	0	0	94	0	0	0	0	902	0	106	12772	136	1026	118	230	2850	0	0	0	0	0	0	0	0	0	0	0	0	0	0	0	0	0	0	0	0	0	0	0	0	0	0	0	0	0	0	0	0	0	0	0	0	0	0	0	
80824	Heschl_L	4226	916	984	232	0	0	580	0	0	0	522	0	0	0	0	0	3392	0	328	382	0	0	0	0	0	0	0	0	5622	0	0	0	0	532	0	0	3374	0	0	0	0	0	0	0	0	0	0	0	0	0	208	0	504	0	6720	0	2284	0	0	0	498	0	654	0	0	0	0	0	174	0	388	0	366	0	282	0	840	0	0	0	1636	0	0	0	2166	0	0	0	2602	0	0	0	0	0	0	0	0	0	0	0	0	0	0	0	0	0	0	0	0	0	0	0	0	0	0	0	
6980	Heschl_R	0	0	0	0	0	0	0	0	0	0	0	0	0	0	0	0	0	606	0	0	0	0	0	0	0	0	0	0	0	484	0	0	0	0	0	0	0	228	0	0	0	0	0	0	0	0	0	0	0	0	0	0	0	0	0	0	0	0	0	0	0	0	0	0	0	0	0	0	0	0	0	0	0	112	0	0	0	0	0	0	0	1874	0	0	0	186	0	0	0	0	0	0	0	0	0	0	0	0	0	0	0	0	0	0	0	0	0	0	0	0	0	0	0	0	0	0	
171044	Temporal_Sup_L	4018	0	1828	240	0	0	272	0	0	0	3924	0	224	0	0	0	11850	0	3146	228	0	0	0	0	0	0	0	0	8240	0	0	0	0	0	0	0	1630	0	0	0	0	0	0	0	0	0	0	0	0	0	672	0	808	0	2108	0	4100	0	272	0	1694	0	7328	0	1002	0	150	0	0	0	166	0	436	0	0	0	0	0	1636	0	0	0	4178	0	16068	0	162	0	9142	0	0	0	0	0	0	0	0	0	0	0	0	0	0	0	0	0	0	0	0	0	0	0	0	0	0	0	
58116	Temporal_Sup_R	0	0	0	0	0	0	0	0	0	0	0	118	0	0	0	1292	0	1620	0	0	0	0	0	0	0	0	0	0	0	2894	0	0	0	0	0	0	0	642	0	0	0	0	0	0	0	0	0	0	0	498	0	232	0	0	0	586	0	166	0	0	0	0	0	3436	0	1432	144	144	0	0	0	0	0	0	0	0	0	0	0	1874	0	0	0	4138	0	8410	0	532	0	900	0	0	0	0	0	0	0	0	0	0	0	0	0	0	0	0	0	0	0	0	0	0	0	0	0	0	
70884	Temporal_Pole_Sup_L	120	0	780	360	168	0	0	0	152	0	3616	0	308	0	564	0	3134	0	1086	420	214	0	0	0	0	0	0	0	5396	0	0	0	120	0	0	0	1644	0	284	0	674	0	0	0	0	0	0	0	0	0	0	0	0	0	1342	0	0	0	0	0	0	0	0	0	0	0	0	0	0	0	370	0	250	0	0	0	0	0	0	0	4178	0	0	0	4550	0	2344	0	3368	0	0	0	0	0	0	0	0	0	0	0	0	0	0	0	0	0	0	0	0	0	0	0	0	0	0	0	
75144	Temporal_Pole_Sup_R	0	0	0	822	0	0	0	186	0	0	0	1466	0	0	0	1406	0	1738	0	600	0	126	0	0	0	0	0	0	0	2540	0	0	0	0	0	0	0	2002	0	1364	0	4798	0	0	0	0	0	0	0	0	0	0	0	0	0	5776	0	0	0	0	0	0	0	0	0	0	0	0	0	0	0	0	0	152	0	0	0	0	0	0	0	4138	0	0	0	3520	0	3398	0	3540	0	0	0	0	0	0	0	0	0	0	0	0	0	0	0	0	0	0	0	0	0	0	0	0	0	0	
215680	Temporal_Mid_L	284	0	0	0	0	0	0	0	0	0	0	0	0	0	0	0	1750	0	0	0	0	0	0	0	0	0	0	0	1468	0	0	0	0	0	264	0	234	0	0	0	92	0	284	0	504	0	0	0	266	0	15674	0	3752	0	1314	0	1134	0	310	0	4094	0	8538	0	6616	0	586	0	416	0	0	0	0	0	0	0	0	0	2166	0	16068	0	4550	0	0	0	3358	0	34118	0	0	0	0	0	0	0	0	0	0	0	0	0	0	0	0	0	0	0	0	0	0	0	0	0	0	0	
149136	Temporal_Mid_R	0	0	0	0	0	0	0	0	0	0	0	0	0	0	0	318	0	0	0	0	0	0	0	0	0	0	0	0	0	1286	0	0	0	84	0	174	0	2156	0	128	0	0	0	2262	0	146	0	320	0	4002	0	10692	0	1030	0	3100	0	764	0	276	0	1162	0	1168	0	5580	1202	2694	0	232	0	0	0	212	0	0	0	0	0	186	0	8410	0	3520	0	0	0	1702	0	21762	0	0	0	0	0	0	0	0	0	0	0	0	0	0	0	0	0	0	0	0	0	0	0	0	0	0	
18396	Temporal_Pole_Mid_L	0	0	0	0	0	0	0	0	0	0	0	0	0	0	0	0	0	0	0	0	0	0	0	0	0	0	0	0	0	0	0	0	0	0	0	0	268	0	230	0	204	0	0	0	0	0	0	0	0	0	0	0	0	0	674	0	0	0	0	0	0	0	0	0	0	0	0	0	0	0	0	0	0	0	0	0	0	0	0	0	162	0	2344	0	3358	0	0	0	1958	0	0	0	0	0	0	0	0	0	0	0	0	0	0	0	0	0	0	0	0	0	0	0	0	0	0	0	
22256	Temporal_Pole_Mid_R	0	0	0	0	0	0	0	0	0	0	0	0	0	0	0	0	0	0	0	0	0	0	0	0	0	0	0	0	0	0	0	0	0	0	0	0	0	298	0	814	0	1234	0	0	0	0	0	0	0	0	0	0	0	0	0	1644	0	0	0	0	0	0	0	0	0	0	0	0	0	0	0	0	0	0	0	0	0	0	0	0	0	532	0	3398	0	1702	0	0	0	1506	0	0	0	0	0	0	0	0	0	0	0	0	0	0	0	0	0	0	0	0	0	0	0	0	0	0	
289760	Temporal_Inf_L	2614	0	0	0	0	0	218	0	0	0	200	0	0	0	0	0	2322	0	154	0	0	0	0	0	0	0	0	0	6284	0	0	0	118	0	300	0	11750	0	238	0	752	0	286	0	104	0	338	0	192	0	12670	0	6542	0	13240	0	3500	0	5618	0	5894	0	4704	0	2978	0	3606	0	680	0	0	0	1750	0	0	0	332	0	2602	0	9142	0	3368	0	34118	0	1958	0	0	0	2532	0	1130	0	0	0	682	0	1082	0	404	0	204	0	0	0	0	0	0	0	274	0	0	0	0	0	
148588	Temporal_Inf_R	250	156	0	0	0	0	0	0	0	0	0	0	0	0	0	0	0	0	0	152	0	0	0	0	0	0	0	0	0	350	0	0	0	204	1078	2050	0	5866	0	474	0	882	0	2182	0	250	0	736	0	2376	0	3588	0	4980	0	11304	0	858	0	118	0	198	0	372	0	962	486	3008	956	546	0	0	0	796	0	0	0	0	0	0	0	900	0	3540	0	21762	0	1506	0	0	0	936	0	0	0	0	0	128	0	218	0	0	0	0	0	0	0	0	0	0	126	0	0	0	0	0	
620528	Cerebelum_Crus1_L	0	0	0	0	0	0	0	0	0	0	0	0	0	0	0	0	0	0	0	0	0	0	0	0	0	0	0	0	0	0	0	0	0	0	0	0	0	0	0	0	0	0	0	0	0	0	13082	4482	0	0	96	0	692	210	22504	1706	0	0	0	0	0	0	0	0	0	0	0	0	0	0	0	0	0	0	0	0	0	0	0	0	0	0	0	0	0	0	0	0	2532	0	0	4920	60776	9478	634	240	26664	1662	63884	6360	18010	2126	16892	6278	1588	2118	414	110	484	694	10494	12064	13460	2112	2374	1124	
484396	Cerebelum_Crus1_R	0	0	0	0	0	0	0	0	0	0	0	0	0	0	0	0	0	0	0	0	0	0	0	0	0	0	0	0	0	0	0	0	0	0	0	0	0	0	0	0	0	0	0	0	0	0	1146	6060	0	0	0	0	0	114	470	16322	0	0	0	0	0	0	0	0	0	0	0	0	0	0	0	0	0	0	0	0	0	0	0	0	0	0	0	0	0	0	0	0	0	936	4920	0	3164	32748	0	2898	1974	21538	4868	59310	924	12638	1390	26222	108	2152	0	318	0	888	14092	14238	9184	1806	1770	0	
504712	Cerebelum_Crus2_L	0	0	0	0	0	0	0	0	0	0	0	0	0	0	0	0	0	0	0	0	0	0	0	0	0	0	0	0	0	0	0	0	0	0	0	0	0	0	0	0	0	0	0	0	0	0	6752	928	0	0	84	0	634	0	7786	312	0	0	0	0	0	0	0	0	0	0	0	0	0	0	0	0	0	0	0	0	0	0	0	0	0	0	0	0	0	0	0	0	1130	0	60776	3164	0	15326	348	174	16022	1428	28358	3354	29610	5932	22322	10284	1232	1466	352	134	454	640	7834	4888	14916	3418	1472	826	
397444	Cerebelum_Crus2_R	0	0	0	0	0	0	0	0	0	0	0	0	0	0	0	0	0	0	0	0	0	0	0	0	0	0	0	0	0	0	0	0	0	0	0	0	0	0	0	0	0	0	0	0	0	0	258	582	0	0	0	0	0	0	572	1424	0	0	0	0	0	0	0	0	0	0	0	0	0	0	0	0	0	0	0	0	0	0	0	0	0	0	0	0	0	0	0	0	0	0	9478	32748	15326	0	0	1002	754	4426	1882	11804	8932	28972	10800	40310	478	2000	0	474	0	138	2208	2074	16804	4216	1060	0	
27648	Cerebelum_3_L	0	0	0	0	0	0	0	0	0	0	0	0	0	0	0	0	0	0	0	0	0	0	0	0	0	0	0	0	0	0	0	0	0	0	0	0	0	0	0	0	0	0	0	0	0	0	0	150	0	0	0	0	0	0	132	0	0	0	0	0	0	0	0	0	0	0	0	0	0	0	0	0	0	0	0	0	0	0	0	0	0	0	0	0	0	0	0	0	0	0	634	0	348	0	0	294	5268	0	1444	0	164	0	0	0	396	168	0	0	1058	1902	896	466	0	158	236	110	
57080	Cerebelum_3_R	0	0	0	0	0	0	0	0	0	0	0	0	0	0	0	0	0	0	0	0	0	0	0	0	0	0	0	0	0	0	0	0	0	0	0	0	0	0	0	0	0	0	0	0	0	0	0	142	0	0	0	0	0	0	0	146	0	0	0	0	0	0	0	0	0	0	0	0	0	0	0	0	0	0	0	0	0	0	0	0	0	0	0	0	0	0	0	0	0	0	240	2898	174	1002	294	0	664	5334	636	4388	0	332	106	1464	368	1012	0	0	274	2600	2404	1212	634	908	1110	198	
374516	Cerebelum_4_5_L	0	0	0	0	0	0	0	0	0	0	0	0	0	0	0	0	0	0	0	0	0	0	0	0	0	0	0	0	0	0	0	0	0	0	0	0	0	0	146	0	0	0	0	0	0	0	14620	4226	0	0	0	0	268	106	13090	756	0	0	0	0	0	0	0	0	0	0	0	0	0	0	0	0	0	0	0	0	0	0	0	0	0	0	0	0	0	0	0	0	682	0	26664	1974	16022	754	5268	664	0	2548	43658	3060	2260	178	1650	1004	3814	2336	1064	0	1194	2230	21184	7650	720	1562	3286	2620	
246140	Cerebelum_4_5_R	0	0	0	0	0	0	0	0	0	0	0	0	0	0	0	0	0	0	0	0	0	0	0	0	0	0	0	0	0	0	0	0	0	0	0	124	0	218	0	626	0	0	0	0	0	0	216	4820	0	0	0	0	0	110	150	6820	0	0	0	0	0	0	0	0	0	0	0	390	0	0	0	0	0	0	0	0	0	0	0	0	0	0	0	0	0	0	0	0	0	128	1662	21538	1428	4426	0	5334	2548	0	1774	30454	586	1478	856	5592	244	1738	0	0	0	2046	18594	2742	2192	2006	2132	98	
592420	Cerebelum_6_L	0	0	0	0	0	0	0	0	0	0	0	0	0	0	0	0	0	0	0	0	0	0	0	0	0	0	0	0	0	0	0	0	0	0	0	0	0	0	0	0	0	0	0	0	0	0	21020	9014	0	0	146	0	1188	250	31618	2734	0	0	0	0	0	0	0	0	0	0	0	0	0	0	0	0	0	0	0	0	0	0	0	0	0	0	0	0	0	0	0	0	1082	0	63884	4868	28358	1882	1444	636	43658	1774	0	7664	6860	354	6082	1740	3964	2844	662	92	654	1176	17668	20584	4176	2524	3718	1892	
486704	Cerebelum_6_R	0	0	0	0	0	0	0	0	0	0	0	0	0	0	0	0	0	0	0	0	0	0	0	0	0	0	0	0	0	0	0	0	0	0	0	0	0	0	0	0	0	0	0	266	0	100	1270	10054	0	314	0	84	0	570	986	19688	0	0	0	0	0	0	0	0	0	0	0	0	0	0	0	0	0	0	0	0	0	0	0	0	0	0	0	0	0	0	0	0	0	218	6360	59310	3354	11804	0	4388	3060	30454	7664	0	1248	3928	1860	15706	234	3378	0	470	0	1592	19602	19198	10456	2958	2778	0	
244620	Cerebelum_7b_L	0	0	0	0	0	0	0	0	0	0	0	0	0	0	0	0	0	0	0	0	0	0	0	0	0	0	0	0	0	0	0	0	0	0	0	0	0	0	0	0	0	0	0	0	0	0	306	0	0	0	0	0	0	0	918	0	0	0	0	0	0	0	0	0	0	0	0	0	0	0	0	0	0	0	0	0	0	0	0	0	0	0	0	0	0	0	0	0	404	0	18010	924	29610	8932	164	0	2260	586	6860	1248	0	5304	23242	6192	1136	914	434	86	0	0	636	634	7612	5168	730	0	
218832	Cerebelum_7b_R	0	0	0	0	0	0	0	0	0	0	0	0	0	0	0	0	0	0	0	0	0	0	0	0	0	0	0	0	0	0	0	0	0	0	0	0	0	0	0	0	0	0	0	0	0	0	0	130	0	0	0	0	0	0	0	370	0	0	0	0	0	0	0	0	0	0	0	0	0	0	0	0	0	0	0	0	0	0	0	0	0	0	0	0	0	0	0	0	0	0	2126	12638	5932	28972	0	332	178	1478	354	3928	5304	0	4666	30562	84	1016	0	120	0	0	756	706	4888	4364	512	0	
275012	Cerebelum_8_L	0	0	0	0	0	0	0	0	0	0	0	0	0	0	0	0	0	0	0	0	0	0	0	0	0	0	0	0	0	0	0	0	0	0	0	0	0	0	0	0	0	0	0	0	0	0	168	0	0	0	0	0	0	0	1398	0	0	0	0	0	0	0	0	0	0	0	0	0	0	0	0	0	0	0	0	0	0	0	0	0	0	0	0	0	0	0	0	0	204	0	16892	1390	22322	10800	0	106	1650	856	6082	1860	23242	4666	0	10696	7950	2022	2306	236	0	0	928	666	10678	8888	1500	0	
416996	Cerebelum_8_R	0	0	0	0	0	0	0	0	0	0	0	0	0	0	0	0	0	0	0	0	0	0	0	0	0	0	0	0	0	0	0	0	0	0	0	0	0	0	0	0	0	0	0	0	0	0	160	374	0	0	0	0	0	0	398	1436	0	0	0	0	0	0	0	0	0	0	0	0	0	0	0	0	0	0	0	0	0	0	0	0	0	0	0	0	0	0	0	0	0	0	6278	26222	10284	40310	0	1464	1004	5592	1740	15706	6192	30562	10696	0	1130	13374	0	1890	0	372	3256	2708	14050	9668	3488	144	
84780	Cerebelum_9_L	0	0	0	0	0	0	0	0	0	0	0	0	0	0	0	0	0	0	0	0	0	0	0	0	0	0	0	0	0	0	0	0	0	0	0	0	0	0	0	0	0	0	0	0	0	0	0	0	0	0	0	0	0	0	0	0	0	0	0	0	0	0	0	0	0	0	0	0	0	0	0	0	0	0	0	0	0	0	0	0	0	0	0	0	0	0	0	0	0	0	1588	108	1232	478	396	368	3814	244	3964	234	1136	84	7950	1130	0	2542	3392	106	0	336	1776	3278	1006	2990	2864	1374	
150540	Cerebelum_9_R	0	0	0	0	0	0	0	0	0	0	0	0	0	0	0	0	0	0	0	0	0	0	0	0	0	0	0	0	0	0	0	0	0	0	0	0	0	0	0	0	0	0	0	0	0	0	0	0	0	0	0	0	0	0	138	0	0	0	0	0	0	0	0	0	0	0	0	0	0	0	0	0	0	0	0	0	0	0	0	0	0	0	0	0	0	0	0	0	0	0	2118	2152	1466	2000	168	1012	2336	1738	2844	3378	914	1016	2022	13374	2542	0	0	2576	414	1052	3110	5230	5122	7738	8644	2166	
18368	Cerebelum_10_L	0	0	0	0	0	0	0	0	0	0	0	0	0	0	0	0	0	0	0	0	0	0	0	0	0	0	0	0	0	0	0	0	0	0	0	0	0	0	0	0	0	0	0	0	0	0	0	0	0	0	0	0	0	0	0	0	0	0	0	0	0	0	0	0	0	0	0	0	0	0	0	0	0	0	0	0	0	0	0	0	0	0	0	0	0	0	0	0	0	0	414	0	352	0	0	0	1064	0	662	0	434	0	2306	0	3392	0	0	0	0	0	230	100	144	0	86	0	
14872	Cerebelum_10_R	0	0	0	0	0	0	0	0	0	0	0	0	0	0	0	0	0	0	0	0	0	0	0	0	0	0	0	0	0	0	0	0	0	0	0	0	0	0	0	0	0	0	0	0	0	0	0	0	0	0	0	0	0	0	0	0	0	0	0	0	0	0	0	0	0	0	0	0	0	0	0	0	0	0	0	0	0	0	0	0	0	0	0	0	0	0	0	0	0	0	110	318	134	474	0	0	0	0	92	470	86	120	236	1890	106	2576	0	0	0	0	96	88	230	314	96	0	
22828	Vermis_1_2	0	0	0	0	0	0	0	0	0	0	0	0	0	0	0	0	0	0	0	0	0	0	0	0	0	0	0	0	0	0	0	0	0	0	0	0	0	0	0	0	0	0	0	0	0	0	0	0	0	0	0	0	0	0	0	0	0	0	0	0	0	0	0	0	0	0	0	0	0	0	0	0	0	0	0	0	0	0	0	0	0	0	0	0	0	0	0	0	0	0	484	0	454	0	1058	274	1194	0	654	0	0	0	0	0	0	414	0	0	0	4384	1402	312	132	222	316	114	
55276	Vermis_3	0	0	0	0	0	0	0	0	0	0	0	0	0	0	0	0	0	0	0	0	0	0	0	0	0	0	0	0	0	0	0	0	0	0	0	0	0	0	118	0	0	0	0	0	0	0	178	0	0	0	0	0	0	0	0	214	0	0	0	0	0	0	0	0	0	0	0	0	0	0	0	0	0	0	0	0	0	0	0	0	0	0	0	0	0	0	0	0	0	0	694	888	640	138	1902	2600	2230	2046	1176	1592	0	0	0	372	336	1052	0	0	4384	0	3876	912	426	728	886	250	
347772	Vermis_4_5	0	0	0	0	0	0	0	0	0	0	0	0	0	0	0	0	0	0	0	0	0	0	0	0	0	0	0	0	0	0	0	0	0	0	0	0	0	0	0	0	0	0	0	0	0	0	4110	8008	0	0	0	0	118	128	3300	4876	0	0	0	0	0	0	0	0	0	0	0	182	0	0	0	0	0	0	0	0	0	0	0	0	0	0	0	0	0	0	0	0	274	126	10494	14092	7834	2208	896	2404	21184	18594	17668	19602	636	756	928	3256	1776	3110	230	96	1402	3876	0	10926	1318	2236	4134	3108	
319812	Vermis_6	0	0	0	0	0	0	0	0	0	0	0	0	0	0	0	0	0	0	0	0	0	0	0	0	0	0	0	0	0	0	0	0	0	0	0	0	0	0	0	0	0	0	0	0	0	0	3766	10182	0	0	0	0	388	518	4130	5012	0	0	0	0	0	0	0	0	0	0	0	0	0	0	0	0	0	0	0	0	0	0	0	0	0	0	0	0	0	0	0	0	0	0	12064	14238	4888	2074	466	1212	7650	2742	20584	19198	634	706	666	2708	3278	5230	100	88	312	912	10926	0	9928	4688	6962	3656	
292412	Vermis_7	0	0	0	0	0	0	0	0	0	0	0	0	0	0	0	0	0	0	0	0	0	0	0	0	0	0	0	0	0	0	0	0	0	0	0	0	0	0	0	0	0	0	0	0	0	0	586	2146	0	0	0	0	0	344	680	1646	0	0	0	0	0	0	0	0	0	0	0	0	0	0	0	0	0	0	0	0	0	0	0	0	0	0	0	0	0	0	0	0	0	0	13460	9184	14916	16804	0	634	720	2192	4176	10456	7612	4888	10678	14050	1006	5122	144	230	132	426	1318	9928	0	7228	5218	282	
171240	Vermis_8	0	0	0	0	0	0	0	0	0	0	0	0	0	0	0	0	0	0	0	0	0	0	0	0	0	0	0	0	0	0	0	0	0	0	0	0	0	0	0	0	0	0	0	0	0	0	0	104	0	0	0	0	0	0	0	0	0	0	0	0	0	0	0	0	0	0	0	0	0	0	0	0	0	0	0	0	0	0	0	0	0	0	0	0	0	0	0	0	0	0	2112	1806	3418	4216	158	908	1562	2006	2524	2958	5168	4364	8888	9668	2990	7738	0	314	222	728	2236	4688	7228	0	8338	1278	
133432	Vermis_9	0	0	0	0	0	0	0	0	0	0	0	0	0	0	0	0	0	0	0	0	0	0	0	0	0	0	0	0	0	0	0	0	0	0	0	0	0	0	0	0	0	0	0	0	0	0	0	194	0	0	0	0	0	0	228	0	0	0	0	0	0	0	0	0	0	0	0	0	0	0	0	0	0	0	0	0	0	0	0	0	0	0	0	0	0	0	0	0	0	0	2374	1770	1472	1060	236	1110	3286	2132	3718	2778	730	512	1500	3488	2864	8644	86	96	316	886	4134	6962	5218	8338	0	2584	
