data	data	618292	431504	827064	769316	122660	70588	560548	340696	74140	23112	256500	152920	294208	102404	139172	69184	261368	93052	555492	697632	99456	114884	432764	422184	46752	101464	78964	102016	659268	249444	390744	552964	285180	592688	205828	237860	356616	282836	153152	205716	45364	57576	209284	385832	169992	332980	271736	239656	219624	300208	420716	197908	102640	91288	332904	364960	353444	248324	228928	131296	318288	136076	138508	162052	136420	119756	270184	462164	292768	205840	465588	386796	369172	258272	46552	22816	195648	152376	77740	20912	192320	100240	110388	51936	347628	139632	31880	19272	314520	208676	358508	296032	246348	174516	43448	37380	236376	182180	344552	318704	171588	85400	226156	189000	100536	94312	15492	7904	22144	41488	178428	141568	116396	81248	59376	20392	
data	data	Precentral_L	Precentral_R	Frontal_Sup_L	Frontal_Sup_R	Frontal_Sup_Orb_L	Frontal_Sup_Orb_R	Frontal_Mid_L	Frontal_Mid_R	Frontal_Mid_Orb_L	Frontal_Mid_Orb_R	Frontal_Inf_Oper_L	Frontal_Inf_Oper_R	Frontal_Inf_Tri_L	Frontal_Inf_Tri_R	Frontal_Inf_Orb_L	Frontal_Inf_Orb_R	Rolandic_Oper_L	Rolandic_Oper_R	Supp_Motor_Area_L	Supp_Motor_Area_R	Olfactory_L	Olfactory_R	Frontal_Sup_Medial_L	Frontal_Sup_Medial_R	Frontal_Med_Orb_L	Frontal_Med_Orb_R	Rectus_L	Rectus_R	Insula_L	Insula_R	Cingulum_Ant_L	Cingulum_Ant_R	Cingulum_Mid_L	Cingulum_Mid_R	Cingulum_Post_L	Cingulum_Post_R	Hippocampus_L	Hippocampus_R	ParaHippocampal_L	ParaHippocampal_R	Amygdala_L	Amygdala_R	Calcarine_L	Calcarine_R	Cuneus_L	Cuneus_R	Lingual_L	Lingual_R	Occipital_Sup_L	Occipital_Sup_R	Occipital_Mid_L	Occipital_Mid_R	Occipital_Inf_L	Occipital_Inf_R	Fusiform_L	Fusiform_R	Postcentral_L	Postcentral_R	Parietal_Sup_L	Parietal_Sup_R	Parietal_Inf_L	Parietal_Inf_R	SupraMarginal_L	SupraMarginal_R	Angular_L	Angular_R	Precuneus_L	Precuneus_R	Paracentral_Lobule_L	Paracentral_Lobule_R	Caudate_L	Caudate_R	Putamen_L	Putamen_R	Pallidum_L	Pallidum_R	Thalamus_L	Thalamus_R	Heschl_L	Heschl_R	Temporal_Sup_L	Temporal_Sup_R	Temporal_Pole_Sup_L	Temporal_Pole_Sup_R	Temporal_Mid_L	Temporal_Mid_R	Temporal_Pole_Mid_L	Temporal_Pole_Mid_R	Temporal_Inf_L	Temporal_Inf_R	Cerebelum_Crus1_L	Cerebelum_Crus1_R	Cerebelum_Crus2_L	Cerebelum_Crus2_R	Cerebelum_3_L	Cerebelum_3_R	Cerebelum_4_5_L	Cerebelum_4_5_R	Cerebelum_6_L	Cerebelum_6_R	Cerebelum_7b_L	Cerebelum_7b_R	Cerebelum_8_L	Cerebelum_8_R	Cerebelum_9_L	Cerebelum_9_R	Cerebelum_10_L	Cerebelum_10_R	Vermis_1_2	Vermis_3	Vermis_4_5	Vermis_6	Vermis_7	Vermis_8	Vermis_9	Vermis_10	
618292	Precentral_L	0	6962	23792	4072	0	0	30182	1896	0	0	18542	0	12020	0	0	0	10506	0	9346	15286	0	0	974	448	0	0	0	0	18138	168	3018	2398	1548	13402	6932	8092	6986	1894	98	122	0	0	214	1102	0	596	100	190	0	108	1122	0	0	106	106	594	21452	614	324	0	1276	0	308	126	0	0	606	2070	27406	7484	12694	1286	7742	400	2046	0	15024	1848	2076	0	992	130	218	0	864	0	0	0	802	298	0	0	0	0	0	0	0	0	0	0	0	0	0	0	0	0	0	0	0	0	0	0	0	0	0	0	
431504	Precentral_R	6962	0	2080	32764	0	0	536	15888	0	0	436	7164	0	1160	0	0	530	2350	5318	6032	0	0	112	498	0	0	0	0	1108	3882	334	1174	1348	2500	2786	4062	1676	5462	194	526	0	0	0	1410	0	856	0	520	0	584	0	462	0	996	0	688	598	27782	0	684	0	2398	0	3528	0	166	0	2054	6004	4678	5268	16388	1058	3780	522	706	4212	19154	116	0	0	356	0	0	0	1158	0	0	0	2744	0	0	0	0	0	0	0	0	0	0	0	0	0	0	0	0	0	0	0	0	0	0	0	0	0	0	
827064	Frontal_Sup_L	23792	2080	0	5882	7994	0	92230	2830	5236	0	10608	462	18938	0	9654	0	7382	206	42268	8842	714	0	45298	10818	1920	100	1140	0	29090	348	24530	9774	7248	8872	124	308	1178	0	0	0	224	0	0	0	0	0	0	0	0	0	228	0	0	0	126	0	3970	0	104	0	428	0	0	0	0	0	0	216	1232	236	9114	2316	11506	0	684	0	814	0	242	0	532	0	1264	0	208	0	0	0	222	0	0	0	0	0	0	0	0	0	0	0	0	0	0	0	0	0	0	0	0	0	0	0	0	0	0	0	
769316	Frontal_Sup_R	4072	32764	5882	0	0	3720	2348	58116	0	904	656	6126	142	6088	0	2882	710	3668	10822	46444	0	902	10706	41534	394	5854	0	2422	1476	4466	6272	35020	4188	20636	206	344	178	1702	0	648	0	0	0	408	0	128	0	364	0	0	0	0	0	96	0	502	288	1652	0	0	0	144	0	282	0	0	0	528	2698	476	5126	24724	982	9780	224	1346	220	11472	0	128	0	202	0	0	0	102	0	0	0	494	0	0	0	0	0	0	0	0	0	0	0	0	0	0	0	0	0	0	0	0	0	0	0	0	0	0	
122660	Frontal_Sup_Orb_L	0	0	7994	0	0	0	1686	0	10798	0	0	0	588	0	10228	0	0	0	176	0	3048	0	3584	214	4528	0	6406	0	5064	0	3530	228	0	0	0	0	0	0	142	0	752	0	0	0	0	0	0	0	0	0	0	0	0	0	0	0	0	0	0	0	0	0	0	0	0	0	0	0	0	0	772	0	770	0	0	0	0	0	0	0	0	0	822	0	0	0	0	0	0	0	0	0	0	0	0	0	0	0	0	0	0	0	0	0	0	0	0	0	0	0	0	0	0	0	0	0	
70588	Frontal_Sup_Orb_R	0	0	0	3720	0	0	0	840	0	2978	0	0	0	296	0	2004	0	0	0	218	0	2440	0	2580	288	7542	0	7656	0	410	166	1312	0	0	0	0	0	0	0	0	0	0	0	0	0	0	0	0	0	0	0	0	0	0	0	0	0	0	0	0	0	0	0	0	0	0	0	0	0	0	0	910	0	1934	0	0	0	0	0	0	0	0	0	0	0	0	0	0	0	0	0	0	0	0	0	0	0	0	0	0	0	0	0	0	0	0	0	0	0	0	0	0	0	0	0	0	
560548	Frontal_Mid_L	30182	536	92230	2348	1686	0	0	766	4230	0	12774	120	40302	0	8460	0	2724	0	14114	1140	0	0	13430	3508	0	0	110	0	19330	0	4442	2446	1032	2300	140	122	1460	0	0	0	0	0	0	0	0	0	0	0	0	0	246	0	0	0	0	0	3004	0	116	0	264	0	0	0	0	0	106	0	188	0	7040	2192	4074	94	716	0	804	0	502	0	182	0	386	0	190	0	0	0	238	0	0	0	0	0	0	0	0	0	0	0	0	0	0	0	0	0	0	0	0	0	0	0	0	0	0	0	
340696	Frontal_Mid_R	1896	15888	2830	58116	0	840	766	0	0	1848	538	8138	0	10958	0	3818	490	1202	3366	10784	0	164	2108	9474	0	278	0	146	938	4732	1380	6746	808	4490	0	0	0	510	0	326	0	0	0	0	0	0	0	0	0	0	0	0	0	0	0	240	216	1110	0	0	0	0	0	134	0	0	0	0	0	0	3844	5474	304	4580	0	756	0	112	0	0	0	0	0	0	0	0	0	0	0	0	0	0	0	0	0	0	0	0	0	0	0	0	0	0	0	0	0	0	0	0	0	0	0	0	0	0	
74140	Frontal_Mid_Orb_L	0	0	5236	0	10798	0	4230	0	0	0	0	0	2874	0	11104	0	0	0	0	0	98	0	248	0	212	0	606	0	966	0	0	0	0	0	0	0	0	0	0	0	0	0	0	0	0	0	0	0	0	0	0	0	0	0	0	0	0	0	0	0	0	0	0	0	0	0	0	0	0	0	0	0	0	0	0	0	0	0	0	0	0	0	698	0	0	0	0	0	0	0	0	0	0	0	0	0	0	0	0	0	0	0	0	0	0	0	0	0	0	0	0	0	0	0	0	0	
23112	Frontal_Mid_Orb_R	0	0	0	904	0	2978	0	1848	0	0	0	0	0	372	0	4008	0	0	0	0	0	0	0	0	0	366	0	636	0	154	0	0	0	0	0	0	0	0	0	0	0	0	0	0	0	0	0	0	0	0	0	0	0	0	0	0	0	0	0	0	0	0	0	0	0	0	0	0	0	0	0	0	0	290	0	0	0	0	0	0	0	0	0	0	0	0	0	0	0	0	0	0	0	0	0	0	0	0	0	0	0	0	0	0	0	0	0	0	0	0	0	0	0	0	0	0	
256500	Frontal_Inf_Oper_L	18542	436	10608	656	0	0	12774	538	0	0	0	0	19648	0	0	0	15528	0	3032	168	0	0	98	100	0	0	0	0	22644	0	0	148	218	0	0	0	210	148	0	0	0	0	0	0	0	0	0	0	0	0	0	0	0	0	0	0	7934	0	0	0	0	0	0	0	0	0	0	0	98	0	6650	734	4180	150	0	0	224	182	196	0	850	0	1460	0	96	0	0	0	0	0	0	0	0	0	0	0	0	0	0	0	0	0	0	0	0	0	0	0	0	0	0	0	0	0	0	0	
152920	Frontal_Inf_Oper_R	0	7164	462	6126	0	0	120	8138	0	0	0	0	0	10192	0	148	0	6130	936	8710	0	0	462	1774	0	0	0	0	0	12868	302	3036	656	1552	0	0	0	198	0	146	0	0	0	0	0	0	0	0	0	0	0	0	0	0	0	0	0	2758	0	0	0	0	0	0	0	0	0	0	0	0	174	1850	0	2318	0	0	0	0	0	112	0	128	0	0	0	0	0	0	0	0	0	0	0	0	0	0	0	0	0	0	0	0	0	0	0	0	0	0	0	0	0	0	0	0	0	0	
294208	Frontal_Inf_Tri_L	12020	0	18938	142	588	0	40302	0	2874	0	19648	0	0	0	10280	0	4694	0	2492	236	94	0	1212	0	0	0	0	0	20902	0	864	0	220	98	0	0	0	0	0	0	0	0	0	0	0	0	0	0	0	0	0	0	0	0	0	0	5268	0	0	0	0	0	0	0	0	0	0	0	0	0	1958	528	2710	0	0	0	0	0	160	0	274	0	602	0	0	0	0	0	0	0	0	0	0	0	0	0	0	0	0	0	0	0	0	0	0	0	0	0	0	0	0	0	0	0	0	0	
102404	Frontal_Inf_Tri_R	0	1160	0	6088	0	296	0	10958	0	372	0	10192	0	0	0	5090	0	768	202	3040	0	114	110	1216	0	0	0	98	0	7794	0	1146	0	168	0	0	0	0	0	0	0	0	0	0	0	0	0	0	0	0	0	0	0	0	0	0	0	272	0	0	0	0	0	0	0	0	0	0	0	0	0	866	0	1252	0	0	0	0	0	0	0	0	0	0	0	0	0	0	0	0	0	0	0	0	0	0	0	0	0	0	0	0	0	0	0	0	0	0	0	0	0	0	0	0	0	0	
139172	Frontal_Inf_Orb_L	0	0	9654	0	10228	0	8460	0	11104	0	0	0	10280	0	0	0	0	0	264	0	1638	0	242	0	114	0	2368	0	9126	0	802	0	0	0	0	0	116	0	140	0	566	0	0	0	0	0	0	0	0	0	0	0	0	0	0	0	0	0	0	0	0	0	0	0	0	0	0	0	0	0	656	0	414	0	0	0	0	0	0	0	132	0	3282	0	0	0	0	0	0	0	0	0	0	0	0	0	0	0	0	0	0	0	0	0	0	0	0	0	0	0	0	0	0	0	0	0	
69184	Frontal_Inf_Orb_R	0	0	0	2882	0	2004	0	3818	0	4008	0	148	0	5090	0	0	0	250	0	130	0	1634	0	246	0	344	0	446	0	6210	0	352	0	0	0	0	0	0	0	0	0	0	0	0	0	0	0	0	0	0	0	0	0	0	0	0	0	0	0	0	0	0	0	0	0	0	0	0	0	0	0	466	0	3346	0	0	0	0	0	116	0	1348	0	1660	0	94	0	0	0	0	0	0	0	0	0	0	0	0	0	0	0	0	0	0	0	0	0	0	0	0	0	0	0	0	0	0	
261368	Rolandic_Oper_L	10506	530	7382	710	0	0	2724	490	0	0	15528	0	4694	0	0	0	0	0	6308	284	0	0	0	150	0	0	0	0	30968	0	0	238	2928	228	0	0	1266	168	0	0	0	0	282	0	0	0	0	0	0	0	266	0	0	0	0	0	12712	0	984	0	1932	0	2558	0	0	0	0	0	170	0	5624	484	2764	170	114	0	1208	350	5098	0	6154	0	1434	0	1866	0	0	0	1412	0	0	0	0	0	0	0	0	0	0	0	0	0	0	0	0	0	0	0	0	0	0	0	0	0	0	0	
93052	Rolandic_Oper_R	0	2350	206	3668	0	0	0	1202	0	0	0	6130	0	768	0	250	0	0	594	6514	0	0	94	0	0	0	0	0	0	8440	0	0	396	714	0	0	0	362	0	0	0	0	0	260	0	616	0	0	0	298	0	0	0	0	0	0	0	4088	0	0	0	0	0	2582	0	0	180	1078	0	180	0	598	0	1356	0	0	0	0	0	1066	0	1970	0	346	0	108	0	0	0	112	0	0	0	0	0	0	0	0	0	0	0	0	0	0	0	0	0	0	0	0	0	0	0	0	0	0	
555492	Supp_Motor_Area_L	9346	5318	42268	10822	176	0	14114	3366	0	0	3032	936	2492	202	264	0	6308	594	0	33752	98	0	9188	2140	0	0	158	0	12146	1106	8340	7746	26484	20464	268	1548	1832	0	0	0	0	0	0	0	0	0	0	0	0	0	174	0	0	0	302	0	4576	0	144	0	562	0	0	0	0	0	0	1114	13142	378	10130	1020	12732	0	1438	0	6034	0	616	0	480	0	0	0	148	0	0	0	248	0	0	0	0	0	0	0	0	0	0	0	0	0	0	0	0	0	0	0	0	0	0	0	0	0	0	0	
697632	Supp_Motor_Area_R	15286	6032	8842	46444	0	218	1140	10784	0	0	168	8710	236	3040	0	130	284	6514	33752	0	0	210	5898	11294	0	344	0	258	1064	12776	4244	22622	14834	50330	838	2832	262	774	0	266	0	0	0	916	0	354	0	164	0	120	0	0	0	0	0	320	568	1100	0	0	0	120	0	218	0	0	0	2934	20166	18344	4780	15880	2318	5578	1512	376	428	948	0	276	0	310	0	0	0	274	0	0	0	386	0	0	0	0	0	0	0	0	0	0	0	0	0	0	0	0	0	0	0	0	0	0	0	0	0	0	
99456	Olfactory_L	0	0	714	0	3048	0	0	0	98	0	0	0	94	0	1638	0	0	0	98	0	0	6496	118	0	940	402	6146	2550	2934	338	4492	3678	0	0	0	0	190	0	936	0	1334	334	0	0	0	0	0	0	0	0	0	0	0	0	0	0	0	0	0	0	0	0	0	0	0	0	0	0	0	0	7542	3272	1578	212	0	0	0	0	0	0	0	0	546	0	0	0	0	0	0	0	0	0	0	0	0	0	0	0	0	0	0	0	0	0	0	0	0	0	0	0	0	0	0	0	0	0	
114884	Olfactory_R	0	0	0	902	0	2440	0	164	0	0	0	0	0	114	0	1634	0	0	0	210	6496	0	0	368	396	1726	3552	6716	0	3466	2418	4358	0	0	0	0	0	0	0	0	0	1204	0	0	0	0	0	0	0	0	0	0	0	0	0	0	0	0	0	0	0	0	0	0	0	0	0	0	0	0	9018	7450	2190	2620	0	0	0	0	0	0	0	0	0	0	0	0	0	0	0	0	0	0	0	0	0	0	0	0	0	0	0	0	0	0	0	0	0	0	0	0	0	0	0	0	0	0	
432764	Frontal_Sup_Medial_L	974	112	45298	10706	3584	0	13430	2108	248	0	98	462	1212	110	242	0	0	94	9188	5898	118	0	0	28698	3176	486	318	0	1894	196	30576	21682	9958	17824	0	766	0	0	0	0	0	0	0	0	0	0	0	0	0	0	0	0	0	0	0	0	0	0	0	0	0	0	0	0	0	0	0	672	0	0	2218	1186	2742	108	0	0	0	0	0	0	0	0	0	0	0	0	0	0	0	0	0	0	0	0	0	0	0	0	0	0	0	0	0	0	0	0	0	0	0	0	0	0	0	0	0	0	
422184	Frontal_Sup_Medial_R	448	498	10818	41534	214	2580	3508	9474	0	0	100	1774	0	1216	0	246	150	0	2140	11294	0	368	28698	0	990	7594	0	1812	274	510	11230	35170	2674	21136	0	104	0	0	0	0	0	0	0	0	0	0	0	0	0	0	0	0	0	0	0	0	0	0	0	0	0	0	0	0	0	0	0	0	0	0	728	8080	216	5514	0	0	0	0	0	0	0	0	0	0	0	0	0	0	0	0	0	0	0	0	0	0	0	0	0	0	0	0	0	0	0	0	0	0	0	0	0	0	0	0	0	0	
46752	Frontal_Med_Orb_L	0	0	1920	394	4528	288	0	0	212	0	0	0	0	0	114	0	0	0	0	0	940	396	3176	990	0	1226	2304	436	298	0	4180	656	0	0	0	0	0	0	0	0	0	0	0	0	0	0	0	0	0	0	0	0	0	0	0	0	0	0	0	0	0	0	0	0	0	0	0	0	0	0	732	94	492	0	0	0	0	0	0	0	0	0	0	0	0	0	0	0	0	0	0	0	0	0	0	0	0	0	0	0	0	0	0	0	0	0	0	0	0	0	0	0	0	0	0	0	
101464	Frontal_Med_Orb_R	0	0	100	5854	0	7542	0	278	0	366	0	0	0	0	0	344	0	0	0	344	402	1726	486	7594	1226	0	264	7648	0	374	2056	6086	0	0	0	0	0	0	0	0	0	172	0	0	0	0	0	0	0	0	0	0	0	0	0	0	0	0	0	0	0	0	0	0	0	0	0	0	0	0	0	4092	0	3778	0	0	0	0	0	0	0	0	0	0	0	0	0	0	0	0	0	0	0	0	0	0	0	0	0	0	0	0	0	0	0	0	0	0	0	0	0	0	0	0	0	0	
78964	Rectus_L	0	0	1140	0	6406	0	110	0	606	0	0	0	0	0	2368	0	0	0	158	0	6146	3552	318	0	2304	264	0	1456	1478	130	4274	2172	0	0	0	0	0	0	0	0	514	130	0	0	0	0	0	0	0	0	0	0	0	0	0	0	0	0	0	0	0	0	0	0	0	0	0	0	0	0	3992	1132	728	0	0	0	0	0	0	0	0	0	104	0	0	0	0	0	0	0	0	0	0	0	0	0	0	0	0	0	0	0	0	0	0	0	0	0	0	0	0	0	0	0	0	0	
102016	Rectus_R	0	0	0	2422	0	7656	0	146	0	636	0	0	0	98	0	446	0	0	0	258	2550	6716	0	1812	436	7648	1456	0	0	1886	1472	4630	0	0	0	0	0	0	0	0	0	942	0	0	0	0	0	0	0	0	0	0	0	0	0	0	0	0	0	0	0	0	0	0	0	0	0	0	0	0	2726	4128	1066	1878	0	0	0	0	0	0	0	0	0	0	0	0	0	0	0	0	0	0	0	0	0	0	0	0	0	0	0	0	0	0	0	0	0	0	0	0	0	0	0	0	0	0	
659268	Insula_L	18138	1108	29090	1476	5064	0	19330	938	966	0	22644	0	20902	0	9126	0	30968	0	12146	1064	2934	0	1894	274	298	0	1478	0	0	114	3390	632	2142	598	314	396	15438	430	2792	0	3812	0	128	0	0	0	0	0	0	0	542	0	0	0	4422	0	13222	0	1900	0	4476	0	3796	126	0	0	108	0	568	234	19446	2340	30510	260	170	0	5916	710	7122	0	10570	0	4838	0	4452	0	0	0	3882	0	0	0	0	0	0	0	0	0	0	0	0	0	0	0	0	0	0	0	0	0	0	0	0	0	0	0	
249444	Insula_R	168	3882	348	4466	0	410	0	4732	0	154	0	12868	0	7794	0	6210	0	8440	1106	12776	338	3466	196	510	0	374	130	1886	114	0	368	1436	644	1046	162	240	194	5982	94	1880	0	1926	0	0	0	0	0	264	0	0	0	0	0	0	0	2232	0	3040	0	0	0	0	0	140	0	0	0	0	0	118	818	3298	444	19238	0	346	98	918	0	1074	0	2864	0	1070	0	1340	0	0	0	3080	0	0	0	0	0	0	0	0	0	0	0	0	0	0	0	0	0	0	0	0	0	0	0	0	0	0	
390744	Cingulum_Ant_L	3018	334	24530	6272	3530	166	4442	1380	0	0	0	302	864	0	802	0	0	0	8340	4244	4492	2418	30576	11230	4180	2056	4274	1472	3390	368	0	27520	7968	7478	0	102	454	0	270	0	118	186	0	0	0	0	0	0	0	0	0	0	0	0	314	0	0	0	0	0	0	0	0	0	0	0	0	0	0	0	12376	3918	10700	658	0	0	350	174	0	0	106	0	0	0	0	0	0	0	0	0	0	0	0	0	0	0	0	0	0	0	0	0	0	0	0	0	0	0	0	0	0	0	0	0	0	0	
552964	Cingulum_Ant_R	2398	1174	9774	35020	228	1312	2446	6746	0	0	148	3036	0	1146	0	352	238	0	7746	22622	3678	4358	21682	35170	656	6086	2172	4630	632	1436	27520	0	4426	27610	0	152	122	0	0	0	0	558	0	0	0	0	0	0	0	0	0	0	0	0	102	0	0	0	0	0	0	0	0	0	0	0	0	0	0	0	6472	20956	1942	11372	0	0	174	190	0	0	0	0	0	0	0	0	0	0	0	0	0	0	0	0	0	0	0	0	0	0	0	0	0	0	0	0	0	0	0	0	0	0	0	0	0	0	
285180	Cingulum_Mid_L	1548	1348	7248	4188	0	0	1032	808	0	0	218	656	220	0	0	0	2928	396	26484	14834	0	0	9958	2674	0	0	0	0	2142	644	7968	4426	0	19536	4306	1934	326	0	0	0	0	0	112	174	712	0	0	0	106	0	772	0	0	0	0	0	3224	0	284	0	256	0	0	0	0	0	4278	1392	5730	226	3652	428	3692	0	428	0	468	0	430	0	98	0	0	0	152	0	0	0	154	0	0	0	0	0	0	0	0	0	0	0	0	0	0	0	0	0	0	0	0	0	0	0	0	0	0	0	
592688	Cingulum_Mid_R	13402	2500	8872	20636	0	0	2300	4490	0	0	0	1552	98	168	0	0	228	714	20464	50330	0	0	17824	21136	0	0	0	0	598	1046	7478	27610	19536	0	2704	10068	126	196	0	0	0	0	0	1908	0	1142	0	216	0	506	0	134	0	186	0	314	1116	2092	0	138	0	600	0	616	0	398	500	8940	19426	17488	1820	228	1234	416	1098	0	170	0	0	138	0	242	0	0	0	576	0	0	0	626	0	0	0	0	0	0	0	0	0	0	0	0	0	0	0	0	0	0	0	0	0	0	0	0	0	0	
205828	Cingulum_Post_L	6932	2786	124	206	0	0	140	0	0	0	0	0	0	0	0	0	0	0	268	838	0	0	0	0	0	0	0	0	314	162	0	0	4306	2704	0	19570	7374	3618	3832	964	0	0	5694	626	1498	172	2306	598	306	0	368	0	0	270	288	2090	4274	1378	96	0	146	0	0	0	0	0	10098	3694	5638	834	182	0	0	0	0	0	986	676	426	0	144	176	0	0	270	130	0	0	1362	1058	0	0	0	0	0	0	886	0	0	0	0	0	0	0	0	0	0	0	0	0	2106	0	0	0	0	0	
237860	Cingulum_Post_R	8092	4062	308	344	0	0	122	0	0	0	0	0	0	0	0	0	0	0	1548	2832	0	0	766	104	0	0	0	0	396	240	102	152	1934	10068	19570	0	6632	5790	2566	1584	0	0	0	3450	0	436	106	1744	0	128	0	436	0	594	152	2652	2850	2712	0	0	0	0	0	0	0	0	2286	14774	4584	3208	294	0	0	0	0	0	3224	2538	460	0	182	264	0	0	242	572	0	0	306	2088	0	0	0	0	0	0	0	0	0	0	0	0	0	0	0	0	0	0	0	0	1436	0	0	0	0	0	
356616	Hippocampus_L	6986	1676	1178	178	0	0	1460	0	0	0	210	0	0	0	116	0	1266	0	1832	262	190	0	0	0	0	0	0	0	15438	194	454	122	326	126	7374	6632	0	4810	18260	1276	7152	0	2346	0	150	0	5252	828	96	0	1202	0	100	0	17306	1118	756	0	116	0	204	0	320	0	0	0	4658	2278	724	104	3998	184	10918	0	1046	0	9532	1796	4390	0	4408	0	514	0	8196	0	0	0	14618	0	350	0	0	0	0	124	2054	0	292	0	0	0	0	0	0	0	0	0	0	180	632	0	0	0	0	0	
282836	Hippocampus_R	1894	5462	0	1702	0	0	0	510	0	0	148	198	0	0	0	0	168	362	0	774	0	0	0	0	0	0	0	0	430	5982	0	0	0	196	3618	5790	4810	0	2366	28724	0	7560	0	1644	0	0	0	4550	0	0	0	0	0	230	0	26188	98	696	0	0	0	0	0	0	0	0	612	5010	102	186	738	162	0	9938	0	1230	2082	4494	308	1364	0	2922	0	236	0	298	0	0	112	5752	0	0	0	0	0	0	0	1000	0	144	0	0	0	0	0	0	0	0	0	0	628	0	0	0	0	0	
153152	ParaHippocampal_L	98	194	0	0	142	0	0	0	0	0	0	0	0	0	140	0	0	0	0	0	936	0	0	0	0	0	0	0	2792	94	270	0	0	0	3832	2566	18260	2366	0	1082	2322	0	1578	0	0	0	7772	744	110	0	318	0	182	0	8314	942	0	0	0	0	0	0	0	0	0	0	3328	1516	0	0	698	0	1606	0	0	0	870	262	0	0	214	0	1144	0	342	0	604	0	5396	0	314	0	0	0	314	160	3144	0	482	0	0	0	0	0	0	0	0	0	174	360	594	0	0	0	0	0	
205716	ParaHippocampal_R	122	526	0	648	0	0	0	326	0	0	0	146	0	0	0	0	0	0	0	266	0	0	0	0	0	0	0	0	0	1880	0	0	0	0	964	1584	1276	28724	1082	0	0	6588	0	1834	0	0	0	6248	0	0	0	0	0	140	0	26064	0	164	0	0	0	0	0	0	0	0	380	4186	0	0	156	0	0	6182	0	1076	152	880	0	538	0	800	0	2128	0	220	0	930	0	3218	0	224	0	0	0	146	0	2320	0	328	0	0	0	0	0	0	0	0	0	0	412	0	0	0	0	0	
45364	Amygdala_L	0	0	224	0	752	0	0	0	0	0	0	0	0	0	566	0	0	0	0	0	1334	0	0	0	0	0	514	0	3812	0	118	0	0	0	0	0	7152	0	2322	0	0	0	0	0	0	0	0	0	0	0	0	0	0	0	3472	0	0	0	0	0	0	0	0	0	0	0	0	0	0	0	252	0	1408	0	0	0	0	0	0	0	0	0	480	0	0	0	0	0	276	0	0	0	0	0	0	0	0	0	0	0	0	0	0	0	0	0	0	0	0	0	0	0	0	0	0	0	
57576	Amygdala_R	0	0	0	0	0	0	0	0	0	0	0	0	0	0	0	0	0	0	0	0	334	1204	0	0	0	172	130	942	0	1926	186	558	0	0	0	0	0	7560	0	6588	0	0	0	0	0	0	0	0	0	0	0	0	0	0	0	4482	0	0	0	0	0	0	0	0	0	0	0	0	0	0	714	850	416	1132	0	0	0	0	0	0	0	0	0	1346	0	0	0	248	0	0	0	0	0	0	0	0	0	0	0	0	0	0	0	0	0	0	0	0	0	0	0	0	0	0	0	0	
209284	Calcarine_L	214	0	0	0	0	0	0	0	0	0	0	0	0	0	0	0	282	0	0	0	0	0	0	0	0	0	0	0	128	0	0	0	112	0	5694	0	2346	0	1578	0	0	0	0	5830	11000	3222	11856	2184	11674	946	14002	182	2342	0	738	0	1026	0	3188	0	1604	0	126	0	164	0	16286	598	242	0	0	0	0	0	0	0	0	0	0	0	0	0	0	0	1578	0	0	0	2410	0	296	0	0	0	0	0	1148	0	342	0	0	0	0	0	0	0	0	0	0	0	1304	0	0	0	0	0	
385832	Calcarine_R	1102	1410	0	408	0	0	0	0	0	0	0	0	0	0	0	0	0	260	0	916	0	0	0	0	0	0	0	0	0	0	0	0	174	1908	626	3450	0	1644	0	1834	0	0	5830	0	4080	32094	1246	19526	0	25306	0	14566	0	6944	0	7440	0	5010	0	3828	0	958	0	916	0	1442	372	32686	1296	3424	0	0	0	0	0	0	0	0	0	126	0	1034	0	0	0	4598	0	0	0	6044	0	0	0	0	0	0	0	0	0	158	0	0	0	0	0	0	0	0	0	0	260	0	0	0	0	0	
169992	Cuneus_L	0	0	0	0	0	0	0	0	0	0	0	0	0	0	0	0	0	0	0	0	0	0	0	0	0	0	0	0	0	0	0	0	712	0	1498	0	150	0	0	0	0	0	11000	4080	0	7162	2762	116	17634	3320	11440	796	1006	0	604	0	268	0	5196	410	262	0	0	0	0	0	13068	2042	224	0	0	0	0	0	0	0	0	0	0	0	0	0	0	0	576	0	0	0	484	0	0	0	0	0	0	0	0	0	0	0	0	0	0	0	0	0	0	0	0	0	186	0	0	0	0	0	
332980	Cuneus_R	596	856	0	128	0	0	0	0	0	0	0	0	0	0	0	0	0	616	0	354	0	0	0	0	0	0	0	0	0	0	0	0	0	1142	172	436	0	0	0	0	0	0	3222	32094	7162	0	156	1902	0	37800	0	12596	0	1446	0	554	0	5206	0	9226	0	3474	0	3842	0	2350	2834	30882	736	2558	0	0	0	0	0	0	0	0	0	0	0	192	0	0	0	1282	0	0	0	2676	0	0	0	0	0	0	0	0	0	0	0	0	0	0	0	0	0	0	0	0	0	0	0	0	0	0	
271736	Lingual_L	100	0	0	0	0	0	0	0	0	0	0	0	0	0	0	0	0	0	0	0	0	0	0	0	0	0	0	0	0	0	0	0	0	0	2306	106	5252	0	7772	0	0	0	11856	1246	2762	156	0	3424	8086	148	14860	0	6834	198	15250	836	0	0	1478	0	526	0	0	0	0	0	8558	0	0	0	0	0	0	0	0	0	230	0	0	0	0	0	0	0	250	0	0	0	4154	0	7330	560	296	0	562	0	11786	544	12288	1446	0	0	0	0	0	0	0	0	0	0	2012	2656	0	0	0	0	
239656	Lingual_R	190	520	0	364	0	0	0	0	0	0	0	0	0	0	0	0	0	0	0	164	0	0	0	0	0	0	0	0	0	264	0	0	0	216	598	1744	828	4550	744	6248	0	0	2184	19526	116	1902	3424	0	0	2714	96	708	138	3724	950	17658	0	276	0	0	0	0	0	0	0	0	392	10168	0	236	164	106	0	654	0	0	0	878	0	110	0	94	0	0	0	144	0	0	0	2140	1016	3528	368	112	0	346	1644	4656	3862	6988	120	0	126	160	0	244	0	0	0	0	4806	5724	672	278	246	0	
219624	Occipital_Sup_L	0	0	0	0	0	0	0	0	0	0	0	0	0	0	0	0	0	0	0	0	0	0	0	0	0	0	0	0	0	0	0	0	106	0	306	0	96	0	110	0	0	0	11674	0	17634	0	8086	0	0	0	32016	0	3870	0	1792	0	1440	0	12804	0	5878	0	0	0	980	0	12000	0	364	0	0	0	0	0	0	0	0	0	0	0	0	0	0	0	344	0	0	0	312	0	0	0	0	0	0	0	0	0	0	0	0	0	0	0	0	0	0	0	0	0	0	0	0	0	0	0	
300208	Occipital_Sup_R	108	584	0	0	0	0	0	0	0	0	0	0	0	0	0	0	0	298	0	120	0	0	0	0	0	0	0	0	0	0	0	0	0	506	0	128	0	0	0	0	0	0	946	25306	3320	37800	148	2714	0	0	0	21264	0	1210	0	1062	0	3004	0	12518	0	4134	0	3112	0	5418	136	20908	144	1774	0	0	0	0	0	0	0	0	0	0	0	110	0	0	0	1416	0	0	0	1916	0	0	0	0	0	0	0	0	0	0	0	0	0	0	0	0	0	0	0	0	0	0	0	0	0	0	
420716	Occipital_Mid_L	1122	0	228	0	0	0	246	0	0	0	0	0	0	0	0	0	266	0	174	0	0	0	0	0	0	0	0	0	542	0	0	0	772	0	368	0	1202	0	318	0	0	0	14002	0	11440	0	14860	96	32016	0	0	0	16996	0	7096	0	6828	0	19426	0	26158	0	3078	0	16064	0	10640	0	1504	0	0	0	0	0	0	0	0	0	338	0	1308	0	0	0	16474	0	0	0	6510	0	0	0	0	0	0	0	0	0	154	0	0	0	0	0	0	0	0	0	0	0	132	0	0	0	0	0	
197908	Occipital_Mid_R	0	462	0	0	0	0	0	0	0	0	0	0	0	0	0	0	0	0	0	0	0	0	0	0	0	0	0	0	0	0	0	0	0	134	0	436	0	0	0	0	0	0	182	14566	796	12596	0	708	0	21264	0	0	0	2436	0	844	0	850	0	6428	0	4672	0	2334	0	13922	0	6762	0	550	0	0	0	0	0	0	0	0	0	0	0	450	0	0	0	8020	0	0	0	542	0	0	0	0	0	0	0	0	0	0	0	0	0	0	0	0	0	0	0	0	0	0	0	0	0	0	
102640	Occipital_Inf_L	0	0	0	0	0	0	0	0	0	0	0	0	0	0	0	0	0	0	0	0	0	0	0	0	0	0	0	0	0	0	0	0	0	0	0	0	100	0	182	0	0	0	2342	0	1006	0	6834	138	3870	0	16996	0	0	0	8072	0	136	0	966	0	748	0	142	0	392	0	1412	0	0	0	0	0	0	0	0	0	0	0	0	0	0	0	0	0	3956	0	0	0	2522	0	260	0	0	0	0	0	316	0	632	0	0	0	0	0	0	0	0	0	0	0	174	124	0	0	0	0	
91288	Occipital_Inf_R	106	996	0	96	0	0	0	0	0	0	0	0	0	0	0	0	0	0	0	0	0	0	0	0	0	0	0	0	0	0	0	0	0	186	270	594	0	230	0	140	0	0	0	6944	0	1446	198	3724	0	1210	0	2436	0	0	0	6082	112	908	0	174	0	812	0	874	0	690	0	2878	154	270	0	0	0	0	0	0	0	0	0	0	0	420	0	0	0	3630	0	0	0	7758	0	0	0	0	0	0	0	256	316	990	0	0	0	0	0	0	0	0	0	0	208	536	0	0	0	0	
332904	Fusiform_L	106	0	126	0	0	0	0	0	0	0	0	0	0	0	0	0	0	0	302	0	0	0	0	0	0	0	0	0	4422	0	314	102	0	0	288	152	17306	0	8314	0	3472	0	738	0	604	0	15250	950	1792	0	7096	0	8072	0	0	260	0	0	304	0	142	0	0	0	0	0	1900	0	0	0	1114	134	3104	0	0	0	220	0	480	0	1982	0	4512	0	4054	0	2534	0	16012	0	19230	386	1348	0	208	0	10414	630	22672	806	504	0	720	0	254	0	0	0	0	0	1696	1426	0	0	0	0	
364960	Fusiform_R	594	688	0	502	0	0	0	240	0	0	0	0	0	0	0	0	0	0	0	320	0	0	0	0	0	0	0	0	0	2232	0	0	0	314	2090	2652	1118	26188	942	26064	0	4482	0	7440	0	554	836	17658	0	1062	0	844	0	6082	260	0	560	384	0	0	0	0	0	110	0	0	358	4388	262	246	0	0	0	3792	0	624	158	346	0	714	0	3522	0	5884	0	1608	0	3144	0	13566	298	9818	120	448	0	200	340	7218	1554	13230	0	136	0	190	0	0	0	0	0	0	2866	3062	172	0	0	0	
353444	Postcentral_L	21452	598	3970	288	0	0	3004	216	0	0	7934	0	5268	0	0	0	12712	0	4576	568	0	0	0	0	0	0	0	0	13222	0	0	0	3224	1116	4274	2850	756	98	0	0	0	0	1026	0	268	0	0	0	1440	0	6828	0	136	112	0	560	0	348	17060	0	30318	0	10812	0	1426	0	3374	0	4016	568	2626	224	394	0	0	0	460	104	1682	0	2590	0	0	0	2222	0	0	0	1542	460	0	0	0	0	0	0	0	0	0	0	0	0	0	0	0	0	0	0	0	0	0	0	0	0	0	0	
248324	Postcentral_R	614	27782	0	1652	0	0	0	1110	0	0	0	2758	0	272	0	0	0	4088	0	1100	0	0	0	0	0	0	0	0	0	3040	0	0	0	2092	1378	2712	0	696	0	164	0	0	0	5010	0	5206	0	276	0	3004	0	850	0	908	0	384	348	0	0	5178	0	9750	0	17000	0	1092	394	9858	344	7786	104	246	0	2076	0	146	0	184	0	0	0	464	0	0	0	1184	0	0	0	2912	0	0	0	0	0	0	0	0	0	0	0	0	0	0	0	0	0	0	0	0	0	0	0	0	0	0	
228928	Parietal_Sup_L	324	0	104	0	0	0	116	0	0	0	0	0	0	0	0	0	984	0	144	0	0	0	0	0	0	0	0	0	1900	0	0	0	284	0	96	0	116	0	0	0	0	0	3188	0	5196	0	1478	0	12804	0	19426	0	966	0	304	0	17060	0	0	0	24670	0	3046	0	6118	0	12218	0	814	0	206	0	0	0	0	0	0	0	106	0	786	0	0	0	1120	0	0	0	890	0	0	0	0	0	0	0	0	0	0	0	0	0	0	0	0	0	0	0	0	0	0	0	0	0	0	0	
131296	Parietal_Sup_R	0	684	0	0	0	0	0	0	0	0	0	0	0	0	0	0	0	0	0	0	0	0	0	0	0	0	0	0	0	0	0	0	0	138	0	0	0	0	0	0	0	0	0	3828	410	9226	0	0	0	12518	0	6428	0	174	0	0	0	5178	0	0	0	4604	0	1834	0	5260	210	13376	0	916	0	0	0	0	0	0	0	0	0	0	0	0	0	0	0	314	0	0	0	550	0	0	0	0	0	0	0	0	0	0	0	0	0	0	0	0	0	0	0	0	0	0	0	0	0	0	
318288	Parietal_Inf_L	1276	0	428	0	0	0	264	0	0	0	0	0	0	0	0	0	1932	0	562	0	0	0	0	0	0	0	0	0	4476	0	0	0	256	0	146	0	204	0	0	0	0	0	1604	0	262	0	526	0	5878	0	26158	0	748	0	142	0	30318	0	24670	0	0	0	20766	0	23034	0	2404	0	488	0	430	0	0	0	0	0	0	0	218	0	1496	0	0	0	7390	0	0	0	3068	0	0	0	0	0	0	0	0	0	0	0	0	0	0	0	0	0	0	0	0	0	0	0	0	0	0	0	
136076	Parietal_Inf_R	0	2398	0	144	0	0	0	0	0	0	0	0	0	0	0	0	0	0	0	120	0	0	0	0	0	0	0	0	0	0	0	0	0	600	0	0	0	0	0	0	0	0	0	958	0	3474	0	0	0	4134	0	4672	0	812	0	0	0	9750	0	4604	0	0	0	17024	0	11794	0	4110	0	1114	198	0	0	0	0	0	0	0	0	0	0	0	0	0	0	1084	0	0	0	1048	0	0	0	0	0	0	0	0	0	0	0	0	0	0	0	0	0	0	0	0	0	0	0	0	0	0	
138508	SupraMarginal_L	308	0	0	0	0	0	0	0	0	0	0	0	0	0	0	0	2558	0	0	0	0	0	0	0	0	0	0	0	3796	0	0	0	0	0	0	0	320	0	0	0	0	0	126	0	0	0	0	0	0	0	3078	0	142	0	0	0	10812	0	3046	0	20766	0	0	0	8914	0	0	0	0	0	0	0	0	0	0	0	240	0	198	0	4644	0	0	0	8646	0	0	0	1660	0	0	0	0	0	0	0	0	0	0	0	0	0	0	0	0	0	0	0	0	0	0	0	0	0	0	0	
162052	SupraMarginal_R	126	3528	0	282	0	0	0	134	0	0	0	0	0	0	0	0	0	2582	0	218	0	0	0	0	0	0	0	0	126	140	0	0	0	616	0	0	0	0	0	0	0	0	0	916	0	3842	0	0	0	3112	0	2334	0	874	0	110	0	17000	0	1834	0	17024	0	0	0	8354	530	5162	0	1392	320	140	0	0	0	0	0	0	0	0	0	3664	0	0	0	3184	0	0	0	3482	0	0	0	0	0	0	0	0	0	0	0	0	0	0	0	0	0	0	0	0	0	0	0	0	0	0	
136420	Angular_L	0	0	0	0	0	0	0	0	0	0	0	0	0	0	0	0	0	0	0	0	0	0	0	0	0	0	0	0	0	0	0	0	0	0	0	0	0	0	0	0	0	0	164	0	0	0	0	0	980	0	16064	0	392	0	0	0	1426	0	6118	0	23034	0	8914	0	0	0	194	0	150	0	0	0	0	0	0	0	0	0	0	0	430	0	0	0	8372	0	0	0	1972	0	0	0	0	0	0	0	0	0	0	0	0	0	0	0	0	0	0	0	0	0	0	0	0	0	0	0	
119756	Angular_R	0	166	0	0	0	0	0	0	0	0	0	0	0	0	0	0	0	0	0	0	0	0	0	0	0	0	0	0	0	0	0	0	0	398	0	0	0	0	0	0	0	0	0	1442	0	2350	0	0	0	5418	0	13922	0	690	0	0	0	1092	0	5260	0	11794	0	8354	0	0	0	2522	0	470	0	0	0	0	0	0	0	0	0	0	0	2394	0	0	0	2898	0	0	0	708	0	0	0	0	0	0	0	0	0	0	0	0	0	0	0	0	0	0	0	0	0	0	0	0	0	0	
270184	Precuneus_L	606	0	0	0	0	0	106	0	0	0	0	0	0	0	0	0	0	180	0	0	0	0	0	0	0	0	0	0	108	0	0	0	4278	500	10098	2286	4658	612	3328	380	0	0	16286	372	13068	2834	8558	392	12000	136	10640	0	1412	0	1900	358	3374	394	12218	210	2404	0	0	530	194	0	0	6032	2250	890	0	0	0	0	0	0	0	0	0	0	0	0	0	0	1512	0	0	0	2652	0	1784	0	0	0	0	0	2474	0	1380	0	0	0	0	0	0	0	0	0	0	0	1698	0	0	0	0	0	
462164	Precuneus_R	2070	2054	216	528	0	0	0	0	0	0	0	0	0	0	0	0	0	1078	1114	2934	0	0	672	0	0	0	0	0	0	0	0	0	1392	8940	3694	14774	2278	5010	1516	4186	0	0	598	32686	2042	30882	0	10168	0	20908	0	6762	0	2878	0	4388	0	9858	0	13376	0	4110	0	5162	0	2522	6032	0	2550	10280	0	0	0	0	0	0	410	422	98	130	0	676	0	0	112	2166	0	0	150	7544	0	0	0	0	0	0	0	172	0	0	0	0	0	0	0	0	0	0	0	0	1544	0	0	0	0	0	
292768	Paracentral_Lobule_L	27406	6004	1232	2698	0	0	188	0	0	0	98	0	0	0	0	0	170	0	13142	20166	0	0	0	0	0	0	0	0	568	0	0	0	5730	19426	5638	4584	724	102	0	0	0	0	242	1296	224	736	0	0	364	144	1504	0	0	154	0	262	4016	344	814	0	488	0	0	0	150	0	2250	2550	0	10900	3296	0	1328	0	938	0	5062	210	0	0	0	132	0	0	350	0	0	0	350	404	0	0	0	0	0	0	0	0	0	0	0	0	0	0	0	0	0	0	0	0	0	0	0	0	0	0	
205840	Paracentral_Lobule_R	7484	4678	236	476	0	0	0	0	0	0	0	0	0	0	0	0	0	180	378	18344	0	0	0	0	0	0	0	0	234	118	0	0	226	17488	834	3208	104	186	0	0	0	0	0	3424	0	2558	0	236	0	1774	0	550	0	270	0	246	568	7786	0	916	0	1114	0	1392	0	470	890	10280	10900	0	908	0	918	370	826	0	200	0	0	136	0	306	0	0	0	802	0	0	0	906	0	0	0	0	0	0	0	0	0	0	0	0	0	0	0	0	0	0	0	0	0	0	0	0	0	0	
465588	Caudate_L	12694	5268	9114	5126	772	0	7040	3844	0	0	6650	174	1958	0	656	0	5624	0	10130	4780	7542	9018	2218	728	732	0	3992	2726	19446	818	12376	6472	3652	1820	182	294	3998	738	698	156	252	714	0	0	0	0	0	164	0	0	0	0	0	0	1114	0	2626	104	206	0	430	198	0	320	0	0	0	0	3296	908	0	15744	28182	2660	3172	340	15708	2288	234	0	1022	0	422	0	566	0	0	0	688	0	0	0	0	0	0	0	0	0	0	0	0	0	0	0	0	0	0	0	0	0	0	0	0	0	0	0	
386796	Caudate_R	1286	16388	2316	24724	0	910	2192	5474	0	0	734	1850	528	866	0	466	484	598	1020	15880	3272	7450	1186	8080	94	4092	1132	4128	2340	3298	3918	20956	428	228	0	0	184	162	0	0	0	850	0	0	0	0	0	106	0	0	0	0	0	0	134	0	224	246	0	0	0	0	0	140	0	0	0	0	0	0	15744	0	4148	15802	0	1890	736	16604	0	0	110	0	0	0	0	0	0	0	0	0	0	0	0	0	0	0	0	0	0	0	0	0	0	0	0	0	0	0	0	0	0	0	0	0	0	0	
369172	Putamen_L	7742	1058	11506	982	770	0	4074	304	0	0	4180	0	2710	0	414	0	2764	0	12732	2318	1578	2190	2742	216	492	0	728	1066	30510	444	10700	1942	3692	1234	0	0	10918	0	1606	0	1408	416	0	0	0	0	0	0	0	0	0	0	0	0	3104	0	394	0	0	0	0	0	0	0	0	0	0	0	1328	918	28182	4148	0	486	6362	0	8298	912	504	0	2978	0	1244	0	370	0	0	0	1922	0	0	0	0	0	0	0	0	0	0	0	0	0	0	0	0	0	0	0	0	0	0	0	0	0	0	0	
258272	Putamen_R	400	3780	0	9780	0	1934	94	4580	0	290	150	2318	0	1252	0	3346	170	1356	0	5578	212	2620	108	5514	0	3778	0	1878	260	19238	658	11372	0	416	0	0	0	9938	0	6182	0	1132	0	0	0	0	0	654	0	0	0	0	0	0	0	3792	0	2076	0	0	0	0	0	0	0	0	0	0	0	370	2660	15802	486	0	0	2456	0	1466	0	0	0	204	0	144	0	0	0	0	0	124	0	0	0	0	0	0	0	472	0	96	0	0	0	0	0	0	0	0	0	0	0	0	0	0	0	0	
46552	Pallidum_L	2046	522	684	224	0	0	716	0	0	0	0	0	0	0	0	0	114	0	1438	1512	0	0	0	0	0	0	0	0	170	0	0	0	428	1098	0	0	1046	0	0	0	0	0	0	0	0	0	0	0	0	0	0	0	0	0	0	0	0	0	0	0	0	0	0	0	0	0	0	0	938	826	3172	0	6362	0	0	0	1980	0	0	0	0	0	0	0	0	0	0	0	0	0	0	0	0	0	0	0	0	0	0	0	0	0	0	0	0	0	0	0	0	0	0	0	0	0	0	0	
22816	Pallidum_R	0	706	0	1346	0	0	0	756	0	0	0	0	0	0	0	0	0	0	0	376	0	0	0	0	0	0	0	0	0	346	0	0	0	0	0	0	0	1230	0	1076	0	0	0	0	0	0	0	0	0	0	0	0	0	0	0	624	0	146	0	0	0	0	0	0	0	0	0	0	0	0	340	1890	0	2456	0	0	0	116	0	0	0	0	0	0	0	0	0	0	0	0	0	0	0	0	0	0	0	0	0	0	0	0	0	0	0	0	0	0	0	0	0	0	0	0	0	0	
195648	Thalamus_L	15024	4212	814	220	0	0	804	0	0	0	224	0	0	0	0	0	1208	0	6034	428	0	0	0	0	0	0	0	0	5916	98	350	174	468	170	986	3224	9532	2082	870	152	0	0	0	0	0	0	230	0	0	0	0	0	0	0	220	158	460	0	0	0	0	0	240	0	0	0	0	410	5062	200	15708	736	8298	0	1980	0	0	5954	734	0	1294	0	0	0	2204	0	0	0	946	0	0	0	0	0	0	0	0	0	0	0	0	0	0	0	0	0	0	0	0	0	0	0	0	0	0	0	
152376	Thalamus_R	1848	19154	0	11472	0	0	0	112	0	0	182	0	0	0	0	0	350	0	0	948	0	0	0	0	0	0	0	0	710	918	174	190	0	0	676	2538	1796	4494	262	880	0	0	0	0	0	0	0	878	0	0	0	0	0	0	0	346	104	184	0	0	0	0	0	0	0	0	0	422	210	0	2288	16604	912	1466	0	116	5954	0	0	0	0	0	0	0	0	0	0	0	0	0	0	0	0	0	0	0	0	0	0	0	0	0	0	0	0	0	0	0	0	0	0	0	0	0	0	0	
77740	Heschl_L	2076	116	242	0	0	0	502	0	0	0	196	0	160	0	0	0	5098	0	616	0	0	0	0	0	0	0	0	0	7122	0	0	0	430	0	426	460	4390	308	0	0	0	0	0	0	0	0	0	0	0	0	338	0	0	0	480	0	1682	0	106	0	218	0	198	0	0	0	0	98	0	0	234	0	504	0	0	0	734	0	0	0	5022	0	0	0	3704	0	0	0	3268	0	142	0	0	0	0	0	0	0	0	0	0	0	0	0	0	0	0	0	0	0	0	0	0	0	0	0	
20912	Heschl_R	0	0	0	128	0	0	0	0	0	0	0	112	0	0	0	116	0	1066	0	276	0	0	0	0	0	0	0	0	0	1074	0	0	0	138	0	0	0	1364	0	538	0	0	0	126	0	0	0	110	0	0	0	0	0	0	0	714	0	0	0	0	0	0	0	0	0	0	0	130	0	136	0	0	0	0	0	0	0	0	0	0	0	3758	0	116	0	110	0	0	0	444	0	0	0	0	0	0	0	0	0	0	0	0	0	0	0	0	0	0	0	0	0	0	0	0	0	0	
192320	Temporal_Sup_L	992	0	532	0	0	0	182	0	0	0	850	0	274	0	132	0	6154	0	480	0	0	0	0	0	0	0	0	0	10570	0	106	0	98	0	144	182	4408	0	214	0	0	0	0	0	0	0	0	0	0	0	1308	0	0	0	1982	0	2590	0	786	0	1496	0	4644	0	430	0	0	0	0	0	1022	110	2978	0	0	0	1294	0	5022	0	0	0	4156	0	30088	0	0	0	12936	0	0	0	0	0	0	0	0	0	0	0	0	0	0	0	0	0	0	0	0	0	0	0	0	0	0	0	
100240	Temporal_Sup_R	130	356	0	202	0	0	0	0	0	0	0	128	0	0	0	1348	0	1970	0	310	0	0	0	0	0	0	0	0	0	2864	0	0	0	242	176	264	0	2922	0	800	0	0	0	1034	0	192	0	94	0	110	0	450	0	420	0	3522	0	464	0	0	0	0	0	3664	0	2394	0	676	132	306	0	0	0	204	0	0	0	0	0	3758	0	0	0	3064	0	9954	0	102	0	7868	0	0	0	0	0	0	0	0	0	0	0	0	0	0	0	0	0	0	0	0	0	0	0	0	0	0	
110388	Temporal_Pole_Sup_L	218	0	1264	0	822	0	386	0	698	0	1460	0	602	0	3282	0	1434	0	0	0	546	0	0	0	0	0	104	0	4838	0	0	0	0	0	0	0	514	0	1144	0	480	0	0	0	0	0	0	0	0	0	0	0	0	0	4512	0	0	0	0	0	0	0	0	0	0	0	0	0	0	0	422	0	1244	0	0	0	0	0	0	0	4156	0	0	0	12062	0	5296	0	9710	0	0	0	0	0	0	0	0	0	0	0	0	0	0	0	0	0	0	0	0	0	0	0	0	0	0	0	
51936	Temporal_Pole_Sup_R	0	0	0	0	0	0	0	0	0	0	0	0	0	0	0	1660	0	346	0	0	0	0	0	0	0	0	0	0	0	1070	0	0	0	0	0	0	0	236	0	2128	0	1346	0	0	0	0	0	0	0	0	0	0	0	0	0	5884	0	0	0	0	0	0	0	0	0	0	0	0	0	0	0	0	0	144	0	0	0	0	0	116	0	3064	0	0	0	2940	0	3570	0	3464	0	0	0	0	0	0	0	0	0	0	0	0	0	0	0	0	0	0	0	0	0	0	0	0	0	0	
347628	Temporal_Mid_L	864	0	208	0	0	0	190	0	0	0	96	0	0	0	0	0	1866	0	148	0	0	0	0	0	0	0	0	0	4452	0	0	0	152	0	270	242	8196	0	342	0	0	0	1578	0	576	0	250	0	344	0	16474	0	3956	0	4054	0	2222	0	1120	0	7390	0	8646	0	8372	0	1512	112	350	0	566	0	370	0	0	0	2204	0	3704	0	30088	0	12062	0	0	0	3982	0	46856	0	0	0	0	0	0	0	0	0	0	0	0	0	0	0	0	0	0	0	0	0	0	0	0	0	0	0	
139632	Temporal_Mid_R	0	1158	0	102	0	0	0	0	0	0	0	0	0	0	0	94	0	108	0	274	0	0	0	0	0	0	0	0	0	1340	0	0	0	576	130	572	0	298	0	220	0	0	0	4598	0	1282	0	144	0	1416	0	8020	0	3630	0	1608	0	1184	0	314	0	1084	0	3184	0	2898	0	2166	0	802	0	0	0	0	0	0	0	0	0	110	0	9954	0	2940	0	0	0	944	0	18666	0	0	0	0	0	0	0	0	0	0	0	0	0	0	0	0	0	0	0	0	0	0	0	0	0	0	
31880	Temporal_Pole_Mid_L	0	0	0	0	0	0	0	0	0	0	0	0	0	0	0	0	0	0	0	0	0	0	0	0	0	0	0	0	0	0	0	0	0	0	0	0	0	0	604	0	0	0	0	0	0	0	0	0	0	0	0	0	0	0	2534	0	0	0	0	0	0	0	0	0	0	0	0	0	0	0	0	0	0	0	0	0	0	0	0	0	0	0	5296	0	3982	0	0	0	3524	0	0	0	0	0	0	0	0	0	0	0	0	0	0	0	0	0	0	0	0	0	0	0	0	0	0	0	
19272	Temporal_Pole_Mid_R	0	0	0	0	0	0	0	0	0	0	0	0	0	0	0	0	0	0	0	0	0	0	0	0	0	0	0	0	0	0	0	0	0	0	0	0	0	0	0	930	0	248	0	0	0	0	0	0	0	0	0	0	0	0	0	3144	0	0	0	0	0	0	0	0	0	0	0	0	0	0	0	0	0	0	0	0	0	0	0	0	0	102	0	3570	0	944	0	0	0	698	0	0	0	0	0	0	0	0	0	0	0	0	0	0	0	0	0	0	0	0	0	0	0	0	0	0	
314520	Temporal_Inf_L	802	0	222	0	0	0	238	0	0	0	0	0	0	0	0	0	1412	0	248	0	0	0	0	0	0	0	0	0	3882	0	0	0	154	0	1362	306	14618	112	5396	0	276	0	2410	0	484	0	4154	0	312	0	6510	0	2522	0	16012	0	1542	0	890	0	3068	0	1660	0	1972	0	2652	150	350	0	688	0	1922	0	0	0	946	0	3268	0	12936	0	9710	0	46856	0	3524	0	0	0	1686	0	366	0	0	0	924	0	330	0	108	0	134	0	0	0	0	0	0	0	146	0	0	0	0	0	
208676	Temporal_Inf_R	298	2744	0	494	0	0	0	0	0	0	0	0	0	0	0	0	0	112	0	386	0	0	0	0	0	0	0	0	0	3080	0	0	0	626	1058	2088	0	5752	0	3218	0	0	0	6044	0	2676	0	2140	0	1916	0	542	0	7758	0	13566	460	2912	0	550	0	1048	0	3482	0	708	0	7544	404	906	0	0	0	124	0	0	0	0	0	444	0	7868	0	3464	0	18666	0	698	0	0	0	456	0	0	0	0	0	0	0	106	0	0	0	0	0	0	0	0	0	0	0	0	0	0	0	0	
358508	Cerebelum_Crus1_L	0	0	0	0	0	0	0	0	0	0	0	0	0	0	0	0	0	0	0	0	0	0	0	0	0	0	0	0	0	0	0	0	0	0	0	0	350	0	314	0	0	0	296	0	0	0	7330	1016	0	0	0	0	260	0	19230	298	0	0	0	0	0	0	0	0	0	0	1784	0	0	0	0	0	0	0	0	0	0	0	142	0	0	0	0	0	0	0	0	0	1686	0	0	1588	25140	1246	2332	0	19050	972	48720	2612	9352	0	14570	1662	5028	252	974	0	120	208	2892	4536	3554	1084	472	184	
296032	Cerebelum_Crus1_R	0	0	0	0	0	0	0	0	0	0	0	0	0	0	0	0	0	0	0	0	0	0	0	0	0	0	0	0	0	0	0	0	0	0	0	0	0	0	0	224	0	0	0	0	0	0	560	3528	0	0	0	0	0	0	386	9818	0	0	0	0	0	0	0	0	0	0	0	0	0	0	0	0	0	0	0	0	0	0	0	0	0	0	0	0	0	0	0	0	0	456	1588	0	822	17256	256	2664	1200	19952	2500	47020	0	3722	174	11246	226	2928	0	148	448	1040	6120	7372	4850	660	732	120	
246348	Cerebelum_Crus2_L	0	0	0	0	0	0	0	0	0	0	0	0	0	0	0	0	0	0	0	0	0	0	0	0	0	0	0	0	0	0	0	0	0	0	0	0	0	0	0	0	0	0	0	0	0	0	296	368	0	0	0	0	0	0	1348	120	0	0	0	0	0	0	0	0	0	0	0	0	0	0	0	0	0	0	0	0	0	0	0	0	0	0	0	0	0	0	0	0	366	0	25140	822	0	5750	194	0	1126	0	6086	954	30624	2400	29788	3198	5210	112	310	0	0	0	152	1626	4840	2104	240	0	
174516	Cerebelum_Crus2_R	0	0	0	0	0	0	0	0	0	0	0	0	0	0	0	0	0	0	0	0	0	0	0	0	0	0	0	0	0	0	0	0	0	0	0	0	0	0	0	0	0	0	0	0	0	0	0	112	0	0	0	0	0	0	0	448	0	0	0	0	0	0	0	0	0	0	0	0	0	0	0	0	0	0	0	0	0	0	0	0	0	0	0	0	0	0	0	0	0	0	1246	17256	5750	0	0	94	0	294	94	4046	1560	14562	1794	25114	380	3870	0	0	0	0	0	408	7088	2500	642	0	
43448	Cerebelum_3_L	0	0	0	0	0	0	0	0	0	0	0	0	0	0	0	0	0	0	0	0	0	0	0	0	0	0	0	0	0	0	0	0	0	0	0	0	0	0	314	0	0	0	0	0	0	0	562	0	0	0	0	0	0	0	208	0	0	0	0	0	0	0	0	0	0	0	0	0	0	0	0	0	0	0	0	0	0	0	0	0	0	0	0	0	0	0	0	0	0	0	2332	256	194	0	0	230	7086	396	2944	520	0	0	226	0	1196	0	0	0	752	1990	2318	200	0	0	0	0	
37380	Cerebelum_3_R	0	0	0	0	0	0	0	0	0	0	0	0	0	0	0	0	0	0	0	0	0	0	0	0	0	0	0	0	0	0	0	0	0	0	0	0	124	0	160	146	0	0	0	0	0	0	0	346	0	0	0	0	0	0	0	200	0	0	0	0	0	0	0	0	0	0	0	0	0	0	0	0	0	0	0	0	0	0	0	0	0	0	0	0	0	0	0	0	0	0	0	2664	0	94	230	0	256	3448	0	4498	0	0	0	266	0	554	0	0	830	2794	704	218	202	268	526	162	
236376	Cerebelum_4_5_L	0	0	0	0	0	0	0	0	0	0	0	0	0	0	0	0	0	0	0	0	0	0	0	0	0	0	0	0	0	0	0	0	0	0	886	0	2054	0	3144	0	0	0	1148	0	0	0	11786	1644	0	0	0	0	316	0	10414	340	0	0	0	0	0	0	0	0	0	0	2474	0	0	0	0	0	0	0	0	0	0	0	0	0	0	0	0	0	0	0	0	0	924	0	19050	1200	1126	0	7086	256	0	3466	28688	3210	326	0	630	0	2182	308	0	0	608	1526	10258	2084	0	108	378	568	
182180	Cerebelum_4_5_R	0	0	0	0	0	0	0	0	0	0	0	0	0	0	0	0	0	0	0	0	0	0	0	0	0	0	0	0	0	0	0	0	0	0	0	0	0	1000	0	2320	0	0	0	0	0	0	544	4656	0	0	0	0	0	256	630	7218	0	0	0	0	0	0	0	0	0	0	0	172	0	0	0	0	0	472	0	0	0	0	0	0	0	0	0	0	0	0	0	0	0	0	972	19952	0	294	396	3448	3466	0	2288	28240	0	0	0	106	0	410	0	0	178	846	11036	1108	200	272	388	222	
344552	Cerebelum_6_L	0	0	0	0	0	0	0	0	0	0	0	0	0	0	0	0	0	0	0	0	0	0	0	0	0	0	0	0	0	0	0	0	0	0	0	0	292	0	482	0	0	0	342	0	0	0	12288	3862	0	0	154	0	632	316	22672	1554	0	0	0	0	0	0	0	0	0	0	1380	0	0	0	0	0	0	0	0	0	0	0	0	0	0	0	0	0	0	0	0	0	330	0	48720	2500	6086	94	2944	0	28688	2288	0	5256	3578	0	5082	380	3058	226	844	0	144	318	6536	8832	1496	304	316	282	
318704	Cerebelum_6_R	0	0	0	0	0	0	0	0	0	0	0	0	0	0	0	0	0	0	0	0	0	0	0	0	0	0	0	0	0	0	0	0	0	0	0	0	0	144	0	328	0	0	0	158	0	0	1446	6988	0	0	0	0	0	990	806	13230	0	0	0	0	0	0	0	0	0	0	0	0	0	0	0	0	0	96	0	0	0	0	0	0	0	0	0	0	0	0	0	0	0	106	2612	47020	954	4046	520	4498	3210	28240	5256	0	106	320	226	2804	176	2134	0	328	684	1758	11524	10704	4672	1522	1524	222	
171588	Cerebelum_7b_L	0	0	0	0	0	0	0	0	0	0	0	0	0	0	0	0	0	0	0	0	0	0	0	0	0	0	0	0	0	0	0	0	0	0	0	0	0	0	0	0	0	0	0	0	0	0	0	120	0	0	0	0	0	0	504	0	0	0	0	0	0	0	0	0	0	0	0	0	0	0	0	0	0	0	0	0	0	0	0	0	0	0	0	0	0	0	0	0	108	0	9352	0	30624	1560	0	0	326	0	3578	106	0	646	29040	1350	3958	0	354	0	0	0	0	360	1898	1910	0	0	
85400	Cerebelum_7b_R	0	0	0	0	0	0	0	0	0	0	0	0	0	0	0	0	0	0	0	0	0	0	0	0	0	0	0	0	0	0	0	0	0	0	0	0	0	0	0	0	0	0	0	0	0	0	0	0	0	0	0	0	0	0	0	136	0	0	0	0	0	0	0	0	0	0	0	0	0	0	0	0	0	0	0	0	0	0	0	0	0	0	0	0	0	0	0	0	0	0	0	3722	2400	14562	0	0	0	0	0	320	646	0	562	15768	0	1956	0	0	0	0	0	0	1380	956	292	0	
226156	Cerebelum_8_L	0	0	0	0	0	0	0	0	0	0	0	0	0	0	0	0	0	0	0	0	0	0	0	0	0	0	0	0	0	0	0	0	0	0	0	0	0	0	0	0	0	0	0	0	0	0	0	126	0	0	0	0	0	0	720	0	0	0	0	0	0	0	0	0	0	0	0	0	0	0	0	0	0	0	0	0	0	0	0	0	0	0	0	0	0	0	0	0	134	0	14570	174	29788	1794	226	0	630	0	5082	226	29040	562	0	2830	15958	596	1962	0	0	98	98	550	2870	4062	982	0	
189000	Cerebelum_8_R	0	0	0	0	0	0	0	0	0	0	0	0	0	0	0	0	0	0	0	0	0	0	0	0	0	0	0	0	0	0	0	0	0	0	0	0	0	0	0	0	0	0	0	0	0	0	0	160	0	0	0	0	0	0	0	190	0	0	0	0	0	0	0	0	0	0	0	0	0	0	0	0	0	0	0	0	0	0	0	0	0	0	0	0	0	0	0	0	0	0	1662	11246	3198	25114	0	266	0	106	380	2804	1350	15768	2830	0	1162	14106	0	336	0	190	0	940	6176	4424	1910	182	
100536	Cerebelum_9_L	0	0	0	0	0	0	0	0	0	0	0	0	0	0	0	0	0	0	0	0	0	0	0	0	0	0	0	0	0	0	0	0	0	0	0	0	0	0	0	0	0	0	0	0	0	0	0	0	0	0	0	0	0	0	254	0	0	0	0	0	0	0	0	0	0	0	0	0	0	0	0	0	0	0	0	0	0	0	0	0	0	0	0	0	0	0	0	0	0	0	5028	226	5210	380	1196	0	2182	0	3058	176	3958	0	15958	1162	0	932	3302	0	136	310	942	1274	1000	1802	1444	338	
94312	Cerebelum_9_R	0	0	0	0	0	0	0	0	0	0	0	0	0	0	0	0	0	0	0	0	0	0	0	0	0	0	0	0	0	0	0	0	0	0	0	0	0	0	0	0	0	0	0	0	0	0	0	244	0	0	0	0	0	0	0	0	0	0	0	0	0	0	0	0	0	0	0	0	0	0	0	0	0	0	0	0	0	0	0	0	0	0	0	0	0	0	0	0	0	0	252	2928	112	3870	0	554	308	410	226	2134	0	1956	596	14106	932	0	0	1546	276	488	1022	2166	2760	3882	4878	1510	
15492	Cerebelum_10_L	0	0	0	0	0	0	0	0	0	0	0	0	0	0	0	0	0	0	0	0	0	0	0	0	0	0	0	0	0	0	0	0	0	0	0	0	0	0	0	0	0	0	0	0	0	0	0	0	0	0	0	0	0	0	0	0	0	0	0	0	0	0	0	0	0	0	0	0	0	0	0	0	0	0	0	0	0	0	0	0	0	0	0	0	0	0	0	0	0	0	974	0	310	0	0	0	0	0	844	0	354	0	1962	0	3302	0	0	0	0	0	0	0	0	0	0	0	
7904	Cerebelum_10_R	0	0	0	0	0	0	0	0	0	0	0	0	0	0	0	0	0	0	0	0	0	0	0	0	0	0	0	0	0	0	0	0	0	0	0	0	0	0	0	0	0	0	0	0	0	0	0	0	0	0	0	0	0	0	0	0	0	0	0	0	0	0	0	0	0	0	0	0	0	0	0	0	0	0	0	0	0	0	0	0	0	0	0	0	0	0	0	0	0	0	0	148	0	0	0	0	0	0	0	328	0	0	0	336	0	1546	0	0	0	0	0	192	352	480	570	0	
22144	Vermis_1_2	0	0	0	0	0	0	0	0	0	0	0	0	0	0	0	0	0	0	0	0	0	0	0	0	0	0	0	0	0	0	0	0	0	0	0	0	0	0	174	0	0	0	0	0	0	0	0	0	0	0	0	0	0	0	0	0	0	0	0	0	0	0	0	0	0	0	0	0	0	0	0	0	0	0	0	0	0	0	0	0	0	0	0	0	0	0	0	0	0	0	120	448	0	0	752	830	608	178	144	684	0	0	0	0	136	276	0	0	0	4084	1798	118	112	172	338	100	
41488	Vermis_3	0	0	0	0	0	0	0	0	0	0	0	0	0	0	0	0	0	0	0	0	0	0	0	0	0	0	0	0	0	0	0	0	0	0	0	0	180	0	360	0	0	0	0	0	0	0	0	0	0	0	0	0	0	0	0	0	0	0	0	0	0	0	0	0	0	0	0	0	0	0	0	0	0	0	0	0	0	0	0	0	0	0	0	0	0	0	0	0	0	0	208	1040	0	0	1990	2794	1526	846	318	1758	0	0	98	190	310	488	0	0	4084	0	3256	260	148	214	504	172	
178428	Vermis_4_5	0	0	0	0	0	0	0	0	0	0	0	0	0	0	0	0	0	0	0	0	0	0	0	0	0	0	0	0	0	0	0	0	0	0	2106	1436	632	628	594	412	0	0	1304	260	186	0	2012	4806	0	0	132	0	174	208	1696	2866	0	0	0	0	0	0	0	0	0	0	1698	1544	0	0	0	0	0	0	0	0	0	0	0	0	0	0	0	0	0	0	0	0	146	0	2892	6120	152	0	2318	704	10258	11036	6536	11524	0	0	98	0	942	1022	0	0	1798	3256	0	4436	154	274	1252	1602	
141568	Vermis_6	0	0	0	0	0	0	0	0	0	0	0	0	0	0	0	0	0	0	0	0	0	0	0	0	0	0	0	0	0	0	0	0	0	0	0	0	0	0	0	0	0	0	0	0	0	0	2656	5724	0	0	0	0	124	536	1426	3062	0	0	0	0	0	0	0	0	0	0	0	0	0	0	0	0	0	0	0	0	0	0	0	0	0	0	0	0	0	0	0	0	0	0	4536	7372	1626	408	200	218	2084	1108	8832	10704	360	0	550	940	1274	2166	0	192	118	260	4436	0	3828	1760	2546	1738	
