data	data	379548	245972	941408	694244	185908	132164	597992	236532	72284	25044	246732	272524	294220	200132	221596	109652	279248	98156	772524	727104	116532	111992	371472	355868	60548	80680	103764	102656	729796	405860	298800	477272	171004	523544	69996	101124	182652	216156	36664	70700	22732	42312	206420	304240	171444	310244	217580	317540	186412	286616	480956	291812	158964	119240	308996	353932	224548	171816	170752	170092	215620	136056	154548	81648	162796	145704	230040	412852	238668	135708	390856	490404	257300	371464	37496	13032	113632	136828	94212	24512	208620	110700	141716	93704	372180	224600	31560	23084	287160	164368	460808	413732	381556	271968	32156	49232	300484	237496	438376	443068	318644	159400	316608	270588	94104	128256	14916	17920	29936	77444	288692	174084	224280	109964	87432	43820	
data	data	Precentral_L	Precentral_R	Frontal_Sup_L	Frontal_Sup_R	Frontal_Sup_Orb_L	Frontal_Sup_Orb_R	Frontal_Mid_L	Frontal_Mid_R	Frontal_Mid_Orb_L	Frontal_Mid_Orb_R	Frontal_Inf_Oper_L	Frontal_Inf_Oper_R	Frontal_Inf_Tri_L	Frontal_Inf_Tri_R	Frontal_Inf_Orb_L	Frontal_Inf_Orb_R	Rolandic_Oper_L	Rolandic_Oper_R	Supp_Motor_Area_L	Supp_Motor_Area_R	Olfactory_L	Olfactory_R	Frontal_Sup_Medial_L	Frontal_Sup_Medial_R	Frontal_Med_Orb_L	Frontal_Med_Orb_R	Rectus_L	Rectus_R	Insula_L	Insula_R	Cingulum_Ant_L	Cingulum_Ant_R	Cingulum_Mid_L	Cingulum_Mid_R	Cingulum_Post_L	Cingulum_Post_R	Hippocampus_L	Hippocampus_R	ParaHippocampal_L	ParaHippocampal_R	Amygdala_L	Amygdala_R	Calcarine_L	Calcarine_R	Cuneus_L	Cuneus_R	Lingual_L	Lingual_R	Occipital_Sup_L	Occipital_Sup_R	Occipital_Mid_L	Occipital_Mid_R	Occipital_Inf_L	Occipital_Inf_R	Fusiform_L	Fusiform_R	Postcentral_L	Postcentral_R	Parietal_Sup_L	Parietal_Sup_R	Parietal_Inf_L	Parietal_Inf_R	SupraMarginal_L	SupraMarginal_R	Angular_L	Angular_R	Precuneus_L	Precuneus_R	Paracentral_Lobule_L	Paracentral_Lobule_R	Caudate_L	Caudate_R	Putamen_L	Putamen_R	Pallidum_L	Pallidum_R	Thalamus_L	Thalamus_R	Heschl_L	Heschl_R	Temporal_Sup_L	Temporal_Sup_R	Temporal_Pole_Sup_L	Temporal_Pole_Sup_R	Temporal_Mid_L	Temporal_Mid_R	Temporal_Pole_Mid_L	Temporal_Pole_Mid_R	Temporal_Inf_L	Temporal_Inf_R	Cerebelum_Crus1_L	Cerebelum_Crus1_R	Cerebelum_Crus2_L	Cerebelum_Crus2_R	Cerebelum_3_L	Cerebelum_3_R	Cerebelum_4_5_L	Cerebelum_4_5_R	Cerebelum_6_L	Cerebelum_6_R	Cerebelum_7b_L	Cerebelum_7b_R	Cerebelum_8_L	Cerebelum_8_R	Cerebelum_9_L	Cerebelum_9_R	Cerebelum_10_L	Cerebelum_10_R	Vermis_1_2	Vermis_3	Vermis_4_5	Vermis_6	Vermis_7	Vermis_8	Vermis_9	Vermis_10	
379548	Precentral_L	0	3990	16840	2042	0	0	29118	2948	0	0	9216	1860	3544	430	112	0	14738	0	9074	4182	0	0	238	0	0	0	0	0	16472	760	376	348	0	1458	390	380	5724	716	148	0	0	0	72	0	0	0	0	0	0	0	1038	0	96	0	216	0	19702	138	608	0	620	0	214	0	224	0	156	0	8218	850	8074	2402	3440	1482	1802	0	5956	2638	1564	0	3424	0	292	0	810	0	0	0	634	0	0	0	0	0	0	0	0	0	0	0	0	0	0	0	0	0	0	0	0	0	0	0	0	0	0	0	
245972	Precentral_R	3990	0	5050	5228	0	0	1578	12314	0	0	0	15014	86	418	0	0	158	1084	1840	5960	0	0	0	0	0	0	0	0	1214	5466	0	0	86	176	886	922	1530	9118	0	216	0	0	0	236	0	98	0	152	0	0	90	0	0	886	0	796	268	14458	0	2372	0	1548	0	876	0	290	0	728	2474	3330	2568	1660	864	1880	162	0	2462	8200	98	154	328	656	0	0	0	1518	0	0	192	1308	0	0	0	0	0	0	0	0	0	0	0	0	0	0	0	0	0	0	0	0	0	0	0	0	0	0	
941408	Frontal_Sup_L	16840	5050	0	8226	9294	444	71462	3478	3896	0	14090	3432	14800	2204	7446	160	12200	194	58870	12858	702	390	47552	9138	4056	306	2252	306	37524	2868	20602	7192	7682	7426	226	222	7206	486	122	0	0	0	184	0	112	0	0	0	0	0	252	0	216	0	492	0	1560	754	0	0	106	0	0	0	0	0	206	0	1088	0	11718	6866	23598	2852	5002	72	2052	1348	1538	0	3198	0	4226	158	1194	0	0	0	710	0	0	0	0	0	0	0	0	0	0	0	0	0	0	0	0	0	0	0	0	0	0	0	0	0	0	0	
694244	Frontal_Sup_R	2042	5228	8226	0	120	3750	4870	24412	0	258	638	6718	746	7272	350	1394	74	3438	25730	64284	142	294	10418	35178	0	3074	110	668	1884	12048	4040	34798	2150	23902	0	0	84	4120	0	194	0	0	0	0	0	0	0	0	0	0	0	0	0	0	0	498	0	896	0	0	0	0	0	0	0	0	0	0	190	576	3286	20582	436	21246	0	1700	88	2684	0	78	0	468	572	694	0	118	0	0	0	356	0	0	0	0	0	0	0	0	0	0	0	0	0	0	0	0	0	0	0	0	0	0	0	0	0	0	
185908	Frontal_Sup_Orb_L	0	0	9294	120	0	1846	626	310	8312	0	0	0	1706	0	11348	1068	0	0	354	0	4384	2292	8662	928	6650	556	9074	1842	6488	0	5908	814	0	0	0	0	0	0	0	0	0	0	0	0	0	0	0	0	0	0	0	0	0	0	0	0	0	0	0	0	0	0	0	0	0	0	0	0	0	0	4550	674	4876	0	0	0	0	0	0	0	0	0	272	0	0	0	0	0	0	0	0	0	0	0	0	0	0	0	0	0	0	0	0	0	0	0	0	0	0	0	0	0	0	0	0	0	
132164	Frontal_Sup_Orb_R	0	0	444	3750	1846	0	0	266	246	4516	104	0	286	142	1928	4476	0	0	104	0	2424	3450	98	2250	356	7766	1968	10954	1880	1666	354	2344	0	0	0	0	0	0	0	0	0	0	0	0	0	0	0	0	0	0	0	0	0	0	0	0	0	0	0	0	0	0	0	0	0	0	0	0	0	0	2930	5072	1192	3016	0	0	0	0	0	0	0	0	146	108	0	0	0	0	0	0	0	0	0	0	0	0	0	0	0	0	0	0	0	0	0	0	0	0	0	0	0	0	0	0	0	0	
597992	Frontal_Mid_L	29118	1578	71462	4870	626	0	0	4064	1882	0	9824	2636	31216	1368	2546	0	12880	0	12254	5376	0	0	18800	4290	0	0	0	0	28886	1782	6760	2050	2228	4180	0	0	1430	596	0	0	0	0	390	0	224	0	0	0	0	0	498	0	508	0	644	0	4202	0	0	0	222	0	228	0	0	0	404	0	364	0	7752	2530	1650	1898	0	0	270	196	3624	0	4262	0	1062	0	3660	0	0	0	1400	0	160	0	0	0	0	0	0	0	146	0	0	0	0	0	0	0	0	0	0	0	0	0	0	0	0	0	
236532	Frontal_Mid_R	2948	12314	3478	24412	310	266	4064	0	0	772	134	10572	158	13832	330	1952	118	104	3540	4182	136	0	182	1716	0	0	216	0	3518	3588	188	1826	96	2460	0	0	756	2190	0	0	0	0	0	0	0	0	0	0	0	0	0	0	0	262	0	280	0	2942	0	2086	0	838	0	0	0	0	0	240	130	242	5316	1144	1282	1138	0	0	74	444	0	76	214	184	0	0	0	172	0	0	0	844	0	0	0	0	0	0	0	0	0	0	0	0	0	0	0	0	0	0	0	0	0	0	0	0	0	0	
72284	Frontal_Mid_Orb_L	0	0	3896	0	8312	246	1882	0	0	0	0	0	2234	0	10452	0	0	0	0	0	574	314	1348	0	1206	0	1636	246	1588	0	294	0	0	0	0	0	0	0	0	0	0	0	0	0	0	0	0	0	0	0	0	0	0	0	0	0	0	0	0	0	0	0	0	0	0	0	0	0	0	0	650	162	934	0	0	0	0	0	0	0	0	0	168	0	0	0	0	0	0	0	0	0	0	0	0	0	0	0	0	0	0	0	0	0	0	0	0	0	0	0	0	0	0	0	0	0	
25044	Frontal_Mid_Orb_R	0	0	0	258	0	4516	0	772	0	0	0	0	0	1210	0	3684	0	0	0	0	0	0	0	118	0	322	0	568	0	830	0	134	0	0	0	0	0	0	0	0	0	0	0	0	0	0	0	0	0	0	0	0	0	0	0	0	0	0	0	0	0	0	0	0	0	0	0	0	0	0	0	0	0	110	0	0	0	0	0	0	0	0	0	0	0	0	0	0	0	0	0	0	0	0	0	0	0	0	0	0	0	0	0	0	0	0	0	0	0	0	0	0	0	0	0	0	
246732	Frontal_Inf_Oper_L	9216	0	14090	638	0	104	9824	134	0	0	0	358	10254	360	446	0	16364	0	12136	716	0	0	456	0	0	0	0	0	25422	434	464	0	74	636	0	0	80	0	0	0	0	0	0	0	0	0	0	0	0	0	0	0	0	0	0	0	2978	0	0	0	0	0	0	0	0	0	0	0	0	0	2966	1050	1664	450	0	0	0	0	102	0	2842	0	9108	0	0	0	0	0	0	0	0	0	0	0	0	0	0	0	0	0	0	0	0	0	0	0	0	0	0	0	0	0	0	0	0	0	
272524	Frontal_Inf_Oper_R	1860	15014	3432	6718	0	0	2636	10572	0	0	358	0	228	8276	98	112	80	5580	2884	5888	0	0	370	432	0	0	0	0	1342	22240	430	1702	0	1016	0	0	76	2042	0	0	0	0	0	0	0	0	0	0	0	0	0	0	0	0	0	72	0	4270	0	2852	0	1582	0	0	0	98	0	510	0	424	5546	10660	614	11224	0	0	0	238	0	86	258	436	262	3744	0	0	0	0	0	0	0	0	0	0	0	0	0	0	0	0	0	0	0	0	0	0	0	0	0	0	0	0	0	0	0	0	
294220	Frontal_Inf_Tri_L	3544	86	14800	746	1706	286	31216	158	2234	0	10254	228	0	180	17256	174	3180	0	4888	1322	310	138	720	154	0	0	644	126	34804	182	2586	668	136	1306	0	0	88	0	0	0	0	0	0	0	0	0	0	0	0	0	0	0	0	0	0	0	216	0	0	0	0	0	0	0	0	0	0	0	0	0	3256	2194	2960	390	0	0	198	0	0	0	344	0	3432	0	0	0	0	0	0	0	0	0	0	0	0	0	0	0	0	0	0	0	0	0	0	0	0	0	0	0	0	0	0	0	0	0	
200132	Frontal_Inf_Tri_R	430	418	2204	7272	0	142	1368	13832	0	1210	360	8276	180	0	76	7660	0	250	2918	3954	0	0	344	2848	0	176	0	0	918	18836	402	7228	0	2780	0	0	0	196	0	0	0	0	0	0	0	0	0	0	0	0	0	0	0	0	0	0	0	0	0	0	0	0	0	0	0	0	0	0	0	0	3438	7812	420	3448	0	0	0	0	0	0	104	0	268	298	0	0	0	0	0	0	0	0	0	0	0	0	0	0	0	0	0	0	0	0	0	0	0	0	0	0	0	0	0	0	0	0	
221596	Frontal_Inf_Orb_L	112	0	7446	350	11348	1928	2546	330	10452	0	446	98	17256	76	0	1136	0	0	2042	622	4746	2210	872	0	572	0	5366	1792	21354	0	1102	156	0	542	0	0	78	0	0	0	0	0	0	0	0	0	0	0	0	0	0	0	0	0	0	0	0	0	0	0	0	0	0	0	0	0	0	0	0	0	5996	2140	5556	110	0	0	150	0	0	0	0	0	1868	0	0	0	0	0	0	0	0	0	0	0	0	0	0	0	0	0	0	0	0	0	0	0	0	0	0	0	0	0	0	0	0	0	
109652	Frontal_Inf_Orb_R	0	0	160	1394	1068	4476	0	1952	0	3684	0	112	174	7660	1136	0	0	0	462	572	1190	2346	0	788	0	0	1076	3136	1194	11032	0	1006	0	470	0	0	0	168	0	0	0	0	0	0	0	0	0	0	0	0	0	0	0	0	0	0	0	0	0	0	0	0	0	0	0	0	0	0	0	0	1384	2804	714	4196	0	0	0	0	0	0	0	0	72	400	0	0	0	0	0	0	0	0	0	0	0	0	0	0	0	0	0	0	0	0	0	0	0	0	0	0	0	0	0	0	0	0	
279248	Rolandic_Oper_L	14738	158	12200	74	0	0	12880	118	0	0	16364	80	3180	0	0	0	0	0	8034	0	0	0	618	120	0	0	0	0	28026	80	640	88	98	116	0	0	1676	0	0	0	0	0	224	0	0	0	0	0	76	0	1256	0	408	0	354	0	11586	0	382	0	638	0	788	0	272	0	246	0	598	0	1780	132	154	100	0	0	188	152	4104	0	8208	0	4406	0	2878	0	0	0	1406	0	0	0	0	0	0	0	0	0	0	0	0	0	0	0	0	0	0	0	0	0	0	0	0	0	0	0	
98156	Rolandic_Oper_R	0	1084	194	3438	0	0	0	104	0	0	0	5580	0	250	0	0	0	0	880	3492	0	0	0	0	0	0	0	0	76	10846	0	98	0	226	0	0	0	1312	0	0	0	0	0	0	0	0	0	0	0	0	0	0	0	0	0	0	0	3672	0	184	0	308	0	2860	0	80	0	638	0	0	164	1774	0	3428	0	0	0	94	0	2156	0	3584	0	2282	0	274	0	0	0	0	0	0	0	0	0	0	0	0	0	0	0	0	0	0	0	0	0	0	0	0	0	0	0	0	0	0	
772524	Supp_Motor_Area_L	9074	1840	58870	25730	354	104	12254	3540	0	0	12136	2884	4888	2918	2042	462	8034	880	0	59064	146	0	8530	11322	0	0	238	0	21412	4340	9584	17314	10534	39138	192	0	2570	482	0	0	0	0	116	0	388	0	0	0	0	0	244	0	0	0	92	0	2302	258	86	0	0	0	0	0	0	0	208	0	11350	1634	3934	5892	7516	3110	2282	78	7318	1374	558	0	2238	0	3600	464	224	0	0	0	120	0	0	0	0	0	0	0	0	0	0	0	0	0	0	0	0	0	0	0	0	0	0	0	0	0	0	0	
727104	Supp_Motor_Area_R	4182	5960	12858	64284	0	0	5376	4182	0	0	716	5888	1322	3954	622	572	0	3492	59064	0	0	0	2896	12250	0	0	0	0	2176	9604	1866	18908	3882	55936	836	908	110	3204	0	142	0	0	282	256	490	202	0	160	0	0	236	0	0	0	0	508	0	990	0	0	0	0	0	0	0	0	166	564	12236	20844	2102	16086	338	15336	0	1452	76	3482	0	76	0	356	622	992	0	138	0	0	0	372	0	0	0	0	0	0	0	0	0	0	0	0	0	0	0	0	0	0	0	0	0	0	0	0	0	0	
116532	Olfactory_L	0	0	702	142	4384	2424	0	136	574	0	0	0	310	0	4746	1190	0	0	146	0	0	7478	206	96	94	272	4762	2818	4620	84	2232	1566	0	0	0	0	80	0	116	0	196	0	0	0	0	0	0	0	0	0	0	0	0	0	0	0	0	0	0	0	0	0	0	0	0	0	0	0	0	0	10250	4358	3390	460	0	0	0	0	0	0	0	0	434	0	0	0	0	0	0	0	0	0	0	0	0	0	0	0	0	0	0	0	0	0	0	0	0	0	0	0	0	0	0	0	0	0	
111992	Olfactory_R	0	0	390	294	2292	3450	0	0	314	0	0	0	138	0	2210	2346	0	0	0	0	7478	0	106	228	0	1372	3022	4796	1646	1992	2442	2968	0	0	0	0	0	0	0	0	0	574	0	0	0	0	0	0	0	0	0	0	0	0	0	0	0	0	0	0	0	0	0	0	0	0	0	0	0	0	7934	5762	3100	760	0	0	0	0	0	0	0	0	0	382	0	0	0	0	0	0	0	0	0	0	0	0	0	0	0	0	0	0	0	0	0	0	0	0	0	0	0	0	0	0	0	0	
371472	Frontal_Sup_Medial_L	238	0	47552	10418	8662	98	18800	182	1348	0	456	370	720	344	872	0	618	0	8530	2896	206	106	0	22266	6110	1070	1504	82	1736	296	18776	11746	6900	8094	0	0	0	0	0	0	0	0	0	0	0	0	0	0	0	0	0	0	0	0	0	0	0	0	0	0	0	0	0	0	0	0	0	0	0	0	1008	834	2396	502	0	0	0	0	0	0	0	0	0	0	0	0	0	0	0	0	0	0	0	0	0	0	0	0	0	0	0	0	0	0	0	0	0	0	0	0	0	0	0	0	0	0	
355868	Frontal_Sup_Medial_R	0	0	9138	35178	928	2250	4290	1716	0	118	0	432	154	2848	0	788	120	0	11322	12250	96	228	22266	0	896	5262	0	730	244	2582	6474	28608	1772	18220	0	0	0	0	0	0	0	0	0	0	0	0	0	0	0	0	0	0	0	0	0	0	0	0	0	0	0	0	0	0	0	0	0	0	0	0	386	5338	98	3202	0	0	0	0	0	0	0	0	0	0	0	0	0	0	0	0	0	0	0	0	0	0	0	0	0	0	0	0	0	0	0	0	0	0	0	0	0	0	0	0	0	0	
60548	Frontal_Med_Orb_L	0	0	4056	0	6650	356	0	0	1206	0	0	0	0	0	572	0	0	0	0	0	94	0	6110	896	0	1278	2674	292	200	0	3832	630	0	0	0	0	0	0	0	0	0	0	0	0	0	0	0	0	0	0	0	0	0	0	0	0	0	0	0	0	0	0	0	0	0	0	0	0	0	0	214	0	1214	0	0	0	0	0	0	0	0	0	0	0	0	0	0	0	0	0	0	0	0	0	0	0	0	0	0	0	0	0	0	0	0	0	0	0	0	0	0	0	0	0	0	0	
80680	Frontal_Med_Orb_R	0	0	306	3074	556	7766	0	0	0	322	0	0	0	176	0	0	0	0	0	0	272	1372	1070	5262	1278	0	140	6066	0	196	2292	5078	0	0	0	0	0	0	0	0	0	0	0	0	0	0	0	0	0	0	0	0	0	0	0	0	0	0	0	0	0	0	0	0	0	0	0	0	0	0	290	3464	136	1224	0	0	0	0	0	0	0	0	0	0	0	0	0	0	0	0	0	0	0	0	0	0	0	0	0	0	0	0	0	0	0	0	0	0	0	0	0	0	0	0	0	0	
103764	Rectus_L	0	0	2252	110	9074	1968	0	216	1636	0	0	0	644	0	5366	1076	0	0	238	0	4762	3022	1504	0	2674	140	0	2110	3984	0	1704	338	0	0	0	0	0	0	0	0	0	0	0	0	0	0	0	0	0	0	0	0	0	0	0	0	0	0	0	0	0	0	0	0	0	0	0	0	0	0	5042	1108	2764	0	0	0	0	0	0	0	0	0	150	0	0	0	0	0	0	0	0	0	0	0	0	0	0	0	0	0	0	0	0	0	0	0	0	0	0	0	0	0	0	0	0	0	
102656	Rectus_R	0	0	306	668	1842	10954	0	0	246	568	0	0	126	0	1792	3136	0	0	0	0	2818	4796	82	730	292	6066	2110	0	1544	1642	452	2720	0	0	0	0	0	0	0	0	0	0	0	0	0	0	0	0	0	0	0	0	0	0	0	0	0	0	0	0	0	0	0	0	0	0	0	0	0	0	2790	2222	1376	1868	0	0	0	0	0	0	0	0	0	182	0	0	0	0	0	0	0	0	0	0	0	0	0	0	0	0	0	0	0	0	0	0	0	0	0	0	0	0	0	0	0	0	
729796	Insula_L	16472	1214	37524	1884	6488	1880	28886	3518	1588	0	25422	1342	34804	918	21354	1194	28026	76	21412	2176	4620	1646	1736	244	200	0	3984	1544	0	986	3560	1086	210	1826	256	176	14682	234	898	0	1300	0	502	0	278	0	0	0	0	0	922	0	668	0	2720	0	4648	0	140	0	544	0	406	0	142	0	632	0	628	0	15350	4654	14820	1296	0	0	1288	392	8744	0	9002	0	11580	176	5284	0	0	0	4222	0	264	0	0	0	0	0	0	0	230	0	0	0	0	0	0	0	0	0	0	0	0	0	0	0	0	0	
405860	Insula_R	760	5466	2868	12048	0	1666	1782	3588	0	830	434	22240	182	18836	0	11032	80	10846	4340	9604	84	1992	296	2582	0	196	0	1642	986	0	420	6334	0	2370	0	0	0	7546	0	170	0	1142	0	0	0	0	0	0	0	0	0	0	0	0	0	1102	0	650	0	0	0	98	0	118	0	0	0	202	0	190	4240	15566	200	30170	0	0	0	446	0	2322	0	5874	332	5176	0	3004	0	0	0	878	0	0	0	0	0	0	0	0	0	0	0	0	0	0	0	0	0	0	0	0	0	0	0	0	0	0	
298800	Cingulum_Ant_L	376	0	20602	4040	5908	354	6760	188	294	0	464	430	2586	402	1102	0	640	0	9584	1866	2232	2442	18776	6474	3832	2292	1704	452	3560	420	0	18814	8184	3752	0	0	0	0	0	0	0	0	0	0	0	0	0	0	0	0	0	0	0	0	0	0	0	0	0	0	0	0	0	0	0	0	0	0	0	0	8310	4746	6054	1382	0	0	378	0	0	0	0	0	0	0	0	0	0	0	0	0	0	0	0	0	0	0	0	0	0	0	0	0	0	0	0	0	0	0	0	0	0	0	0	0	0	0	
477272	Cingulum_Ant_R	348	0	7192	34798	814	2344	2050	1826	0	134	0	1702	668	7228	156	1006	88	98	17314	18908	1566	2968	11746	28608	630	5078	338	2720	1086	6334	18814	0	3374	29838	0	174	0	88	0	0	0	0	0	0	0	0	0	0	0	0	0	0	0	0	0	0	0	0	0	0	0	0	0	0	0	0	0	0	0	0	4730	15308	1794	6580	0	0	74	114	0	0	0	0	0	0	0	0	0	0	0	0	0	0	0	0	0	0	0	0	0	0	0	0	0	0	0	0	0	0	0	0	0	0	0	0	0	0	
171004	Cingulum_Mid_L	0	86	7682	2150	0	0	2228	96	0	0	74	0	136	0	0	0	98	0	10534	3882	0	0	6900	1772	0	0	0	0	210	0	8184	3374	0	9488	1514	272	0	0	0	0	0	0	1544	0	4380	0	0	0	2294	0	3338	0	114	0	0	0	900	0	484	0	0	0	0	0	130	0	6578	358	4052	1300	254	362	0	208	0	0	0	120	0	0	0	0	0	0	194	0	0	0	0	0	0	0	0	0	0	0	0	0	0	0	0	0	0	0	0	0	0	0	0	0	212	0	0	0	0	0	
523544	Cingulum_Mid_R	1458	176	7426	23902	0	0	4180	2460	0	0	636	1016	1306	2780	542	470	116	226	39138	55936	0	0	8094	18220	0	0	0	0	1826	2370	3752	29838	9488	0	1002	4890	0	230	0	0	0	0	274	2056	414	1582	0	1090	114	0	238	0	0	170	0	166	0	900	0	0	0	0	0	0	0	0	478	6790	7588	12946	726	2458	0	1102	0	0	0	0	0	0	0	0	544	0	0	224	0	0	0	142	0	0	0	0	0	0	0	0	0	0	0	0	0	0	0	0	0	0	0	0	292	0	0	0	0	0	
69996	Cingulum_Post_L	390	886	226	0	0	0	0	0	0	0	0	0	0	0	0	0	0	0	192	836	0	0	0	0	0	0	0	0	256	0	0	0	1514	1002	0	5648	3048	712	490	0	0	0	2488	0	1734	72	826	0	472	0	582	0	150	0	480	0	0	0	0	0	0	0	0	0	0	0	5218	500	994	816	0	0	0	0	0	0	1610	1078	192	0	0	0	0	0	186	0	0	0	250	0	0	0	0	0	0	0	352	0	0	0	0	0	0	0	0	0	0	0	0	0	1798	0	0	0	0	0	
101124	Cingulum_Post_R	380	922	222	0	0	0	0	0	0	0	0	0	0	0	0	0	0	0	0	908	0	0	0	0	0	0	0	0	176	0	0	174	272	4890	5648	0	1754	2128	0	194	0	0	0	3996	0	1278	0	1502	0	244	0	246	0	636	92	596	0	1094	0	80	0	0	0	0	0	0	422	12122	120	2438	0	0	0	0	0	0	1262	1742	110	0	0	0	0	0	0	668	0	0	212	434	0	0	0	0	0	0	0	0	0	0	0	0	0	0	0	0	0	0	0	0	3600	0	0	0	0	0	
182652	Hippocampus_L	5724	1530	7206	84	0	0	1430	756	0	0	80	76	88	0	78	0	1676	0	2570	110	80	0	0	0	0	0	0	0	14682	0	0	0	0	0	3048	1754	0	292	6188	0	5130	0	742	0	0	0	1268	0	0	0	0	0	0	0	7294	0	880	0	0	0	0	0	0	0	0	0	1232	0	350	0	2252	142	5112	112	548	0	4880	1870	2958	0	1418	0	336	0	180	0	0	0	6760	0	0	0	0	0	0	0	250	0	0	0	0	0	0	0	0	0	0	0	0	0	160	0	0	0	0	0	
216156	Hippocampus_R	716	9118	486	4120	0	0	596	2190	0	0	0	2042	0	196	0	168	0	1312	482	3204	0	0	0	0	0	0	0	0	234	7546	0	88	0	230	712	2128	292	0	0	9474	0	6476	0	406	0	138	0	2180	0	80	0	0	0	2102	0	18114	0	1076	0	0	0	136	0	204	0	0	0	2422	0	602	758	614	0	11970	0	216	110	3994	0	502	0	366	0	124	0	2044	0	0	0	6470	0	340	0	94	0	0	0	282	0	400	0	0	0	0	0	0	0	0	0	0	524	0	0	0	0	0	
36664	ParaHippocampal_L	148	0	122	0	0	0	0	0	0	0	0	0	0	0	0	0	0	0	0	0	116	0	0	0	0	0	0	0	898	0	0	0	0	0	490	0	6188	0	0	0	1500	0	426	0	0	0	1612	0	0	0	0	0	0	0	3086	0	0	0	0	0	0	0	0	0	0	0	1274	0	0	0	0	0	360	0	0	0	666	138	76	0	0	0	384	0	0	0	98	0	176	0	144	0	0	0	0	0	204	0	144	0	0	0	0	0	0	0	0	0	0	82	0	0	0	0	0	0	
70700	ParaHippocampal_R	0	216	0	194	0	0	0	0	0	0	0	0	0	0	0	0	0	0	0	142	0	0	0	0	0	0	0	0	0	170	0	0	0	0	0	194	0	9474	0	0	0	3722	0	156	0	0	0	2784	0	0	0	0	0	228	0	8112	0	0	0	0	0	0	0	0	0	0	0	1388	0	0	0	74	0	774	0	0	0	504	0	0	0	0	0	2580	0	118	0	1710	0	288	0	492	0	112	0	0	0	1168	0	614	0	0	0	0	0	0	0	0	0	0	136	0	0	0	0	0	
22732	Amygdala_L	0	0	0	0	0	0	0	0	0	0	0	0	0	0	0	0	0	0	0	0	196	0	0	0	0	0	0	0	1300	0	0	0	0	0	0	0	5130	0	1500	0	0	0	0	0	0	0	0	0	0	0	0	0	0	0	2168	0	0	0	0	0	0	0	0	0	0	0	0	0	0	0	0	0	72	0	0	0	0	0	0	0	0	0	228	0	0	0	0	0	772	0	0	0	0	0	0	0	0	0	0	0	0	0	0	0	0	0	0	0	0	0	0	0	0	0	0	0	
42312	Amygdala_R	0	0	0	0	0	0	0	0	0	0	0	0	0	0	0	0	0	0	0	0	0	574	0	0	0	0	0	0	0	1142	0	0	0	0	0	0	0	6476	0	3722	0	0	0	0	0	0	0	0	0	0	0	0	0	0	0	5432	0	0	0	0	0	0	0	0	0	0	0	0	0	0	0	0	0	550	0	0	0	0	0	0	0	0	0	2432	0	0	0	410	0	418	0	0	0	0	0	0	0	0	0	0	0	0	0	0	0	0	0	0	0	0	0	0	0	0	0	0	
206420	Calcarine_L	72	0	184	0	0	0	390	0	0	0	0	0	0	0	0	0	224	0	116	282	0	0	0	0	0	0	0	0	502	0	0	0	1544	274	2488	0	742	0	426	0	0	0	0	4192	13556	1792	8416	656	8570	576	22768	258	6618	0	2298	0	376	0	704	0	102	0	0	0	194	0	14256	214	1654	156	0	0	0	0	0	0	0	0	456	0	122	0	0	0	2116	0	0	0	1056	0	0	0	0	0	0	0	886	0	260	0	0	0	0	0	0	0	0	0	0	0	3562	152	0	0	0	0	
304240	Calcarine_R	0	236	0	0	0	0	0	0	0	0	0	0	0	0	0	0	0	0	0	256	0	0	0	0	0	0	0	0	0	0	0	0	0	2056	0	3996	0	406	0	156	0	0	4192	0	2126	28990	304	24152	0	18500	0	14382	0	6788	0	5944	0	2652	0	1222	0	580	0	0	0	390	648	26272	106	1204	0	0	0	0	0	0	0	0	0	0	0	98	0	0	0	4558	0	0	0	1582	0	0	0	0	0	0	0	0	0	0	0	0	0	0	0	0	0	0	0	0	324	0	0	0	0	0	
171444	Cuneus_L	0	0	112	0	0	0	224	0	0	0	0	0	0	0	0	0	0	0	388	490	0	0	0	0	0	0	0	0	278	0	0	0	4380	414	1734	0	0	0	0	0	0	0	13556	2126	0	2924	968	122	20484	750	14022	150	604	0	74	0	772	0	2478	0	0	0	0	0	150	0	12198	488	3370	358	0	80	0	0	0	0	0	0	252	0	0	0	0	0	1016	0	0	0	408	0	0	0	0	0	0	0	0	0	0	0	0	0	0	0	0	0	0	0	0	0	352	0	0	0	0	0	
310244	Cuneus_R	0	98	0	0	0	0	0	0	0	0	0	0	0	0	0	0	0	0	0	202	0	0	0	0	0	0	0	0	0	0	0	0	0	1582	72	1278	0	138	0	0	0	0	1792	28990	2924	0	106	9166	0	39280	0	18030	0	1386	0	1042	0	1918	0	7384	0	252	0	0	0	136	2198	34704	92	464	0	0	0	0	0	0	0	0	0	0	0	106	0	0	0	1224	0	0	0	558	0	0	0	0	0	0	0	0	0	0	0	0	0	0	0	0	0	0	0	0	0	0	0	0	0	0	
217580	Lingual_L	0	0	0	0	0	0	0	0	0	0	0	0	0	0	0	0	0	0	0	0	0	0	0	0	0	0	0	0	0	0	0	0	0	0	826	0	1268	0	1612	0	0	0	8416	304	968	106	0	2710	946	0	8694	0	4338	0	15592	334	0	0	0	0	0	0	0	0	0	0	4106	0	0	0	0	0	0	0	0	0	0	152	114	0	176	0	0	0	228	0	0	0	140	0	9932	618	920	0	580	0	14316	896	17068	1338	338	0	554	0	202	0	0	0	0	82	5564	3702	1282	0	0	368	
317540	Lingual_R	0	152	0	0	0	0	0	0	0	0	0	0	0	0	0	0	0	0	0	160	0	0	0	0	0	0	0	0	0	0	0	0	0	1090	0	1502	0	2180	0	2784	0	0	656	24152	122	9166	2710	0	0	5508	0	5040	128	5122	1278	20090	0	1124	0	402	0	0	0	0	0	0	0	13184	74	422	0	82	0	0	0	0	0	686	0	0	0	0	0	0	0	708	0	0	0	216	1008	8428	0	118	0	226	2246	11472	3288	15966	0	0	0	426	0	220	0	226	0	106	9092	6412	648	0	0	150	
186412	Occipital_Sup_L	0	0	0	0	0	0	0	0	0	0	0	0	0	0	0	0	76	0	0	0	0	0	0	0	0	0	0	0	0	0	0	0	2294	114	472	0	0	0	0	0	0	0	8570	0	20484	0	946	0	0	0	31662	0	2066	0	338	0	838	0	9472	0	814	0	124	0	506	0	10684	0	484	0	0	0	0	0	0	0	0	0	0	0	0	0	0	0	2872	0	0	0	390	0	0	0	0	0	0	0	0	0	0	0	0	0	0	0	0	0	0	0	0	0	0	0	0	0	0	0	
286616	Occipital_Sup_R	0	0	0	0	0	0	0	0	0	0	0	0	0	0	0	0	0	0	0	0	0	0	0	0	0	0	0	0	0	0	0	0	0	0	0	244	0	80	0	0	0	0	576	18500	750	39280	0	5508	0	0	0	33768	0	1110	0	1138	0	222	0	10174	0	580	0	90	0	4514	1120	24312	0	0	0	0	0	0	0	0	0	0	0	0	0	0	0	0	0	1236	0	0	0	106	0	0	0	0	0	0	0	0	0	0	0	0	0	0	0	0	0	0	0	0	0	0	0	0	0	0	
480956	Occipital_Mid_L	1038	90	252	0	0	0	498	0	0	0	0	0	0	0	0	0	1256	0	244	236	0	0	0	0	0	0	0	0	922	0	0	0	3338	238	582	0	0	0	0	0	0	0	22768	0	14022	0	8694	0	31662	0	0	0	24122	0	5258	0	5004	0	22930	0	12878	0	3828	0	24016	0	15354	0	8332	244	252	0	0	0	0	0	0	0	224	0	924	0	0	0	22898	0	0	0	6990	0	0	0	0	0	0	0	0	0	552	0	0	0	0	0	0	0	0	0	0	0	490	342	0	0	0	0	
291812	Occipital_Mid_R	0	0	0	0	0	0	0	0	0	0	0	0	0	0	0	0	0	0	0	0	0	0	0	0	0	0	0	0	0	0	0	0	0	0	0	246	0	0	0	0	0	0	258	14382	150	18030	0	5040	0	33768	0	0	0	3910	0	1474	0	330	0	6454	0	8496	0	188	0	20342	652	14886	0	0	0	0	0	0	0	0	0	0	0	0	0	480	0	0	0	15254	0	0	0	1566	0	0	0	0	0	0	0	0	0	0	0	0	0	0	0	0	0	0	0	0	0	0	0	0	0	0	
158964	Occipital_Inf_L	96	0	216	0	0	0	508	0	0	0	0	0	0	0	0	0	408	0	0	0	0	0	0	0	0	0	0	0	668	0	0	0	114	0	150	0	0	0	0	0	0	0	6618	0	604	0	4338	128	2066	0	24122	0	0	0	9194	0	412	0	1994	0	342	0	238	0	1454	0	2066	0	2180	0	0	0	0	0	0	0	0	0	1238	0	622	0	0	0	10116	0	0	0	6028	0	470	0	0	0	0	0	76	0	1636	0	0	0	0	0	0	0	0	0	0	0	266	1034	80	0	0	0	
119240	Occipital_Inf_R	0	886	0	0	0	0	0	262	0	0	0	0	0	0	0	0	0	0	0	0	0	0	0	0	0	0	0	0	0	0	0	0	0	170	0	636	0	2102	0	228	0	0	0	6788	0	1386	0	5122	0	1110	0	3910	0	0	0	14058	0	932	0	0	0	0	0	0	0	0	0	2220	0	406	0	0	0	0	0	0	0	0	0	222	0	318	0	0	0	2820	0	0	0	8436	0	1250	0	0	0	0	0	2066	0	2590	0	0	0	118	0	80	0	88	0	0	1168	248	0	0	0	0	
308996	Fusiform_L	216	0	492	0	0	0	644	0	0	0	0	0	0	0	0	0	354	0	92	0	0	0	0	0	0	0	0	0	2720	0	0	0	0	0	480	92	7294	0	3086	0	2168	0	2298	0	74	0	15592	1278	338	0	5258	0	9194	0	0	0	0	0	0	0	0	0	0	0	0	0	2032	0	112	0	0	0	192	0	0	0	252	80	3420	0	1540	0	1886	0	2300	0	1536	0	15810	0	25618	122	2696	0	246	0	8290	228	30186	206	1216	0	230	0	0	0	0	0	0	0	1802	2248	506	0	0	74	
353932	Fusiform_R	0	796	0	498	0	0	0	280	0	0	0	72	0	0	0	0	0	0	0	508	0	0	0	0	0	0	0	0	0	1102	0	0	0	166	0	596	0	18114	0	8112	0	5432	0	5944	0	1042	334	20090	0	1138	0	1474	0	14058	0	0	0	814	0	0	0	0	0	0	0	0	0	1922	0	348	0	0	0	2134	0	0	0	152	0	224	0	990	0	3920	0	3418	0	1000	0	17614	234	17970	0	932	0	104	166	12306	522	23602	0	122	0	940	0	332	0	368	0	0	4254	2490	332	0	0	0	
224548	Postcentral_L	19702	268	1560	0	0	0	4202	0	0	0	2978	0	216	0	0	0	11586	0	2302	0	0	0	0	0	0	0	0	0	4648	0	0	0	900	0	0	0	880	0	0	0	0	0	376	0	772	0	0	0	838	0	5004	0	412	0	0	0	0	0	7156	0	17952	0	10958	0	2384	0	3102	0	7694	0	1300	242	0	0	0	0	510	148	1124	0	1630	0	0	0	850	0	0	0	580	0	0	0	0	0	0	0	0	0	0	0	0	0	0	0	0	0	0	0	0	0	0	0	0	0	0	0	
171816	Postcentral_R	138	14458	754	896	0	0	0	2942	0	0	0	4270	0	0	0	0	0	3672	258	990	0	0	0	0	0	0	0	0	0	650	0	0	0	900	0	1094	0	1076	0	0	0	0	0	2652	0	1918	0	1124	0	222	0	330	0	932	0	814	0	0	0	9886	0	8380	0	9656	0	850	0	7110	122	2792	0	0	0	144	0	0	0	0	0	514	0	1066	0	0	0	3818	0	0	0	1314	0	0	0	0	0	0	0	0	0	0	0	0	0	0	0	0	0	0	0	0	166	0	0	0	0	0	
170752	Parietal_Sup_L	608	0	0	0	0	0	0	0	0	0	0	0	0	0	0	0	382	0	86	0	0	0	0	0	0	0	0	0	140	0	0	0	484	0	0	0	0	0	0	0	0	0	704	0	2478	0	0	0	9472	0	22930	0	1994	0	0	0	7156	0	0	0	12222	0	1484	0	7972	0	9368	0	2464	0	0	0	0	0	0	0	0	0	0	0	328	0	0	0	3938	0	0	0	1166	0	0	0	0	0	0	0	0	0	0	0	0	0	0	0	0	0	0	0	0	0	0	0	0	0	0	0	
170092	Parietal_Sup_R	0	2372	0	0	0	0	0	2086	0	0	0	2852	0	0	0	0	0	184	0	0	0	0	0	0	0	0	0	0	0	0	0	0	0	0	0	80	0	0	0	0	0	0	0	1222	0	7384	0	402	0	10174	0	6454	0	0	0	0	0	9886	0	0	0	8798	0	1358	0	5678	0	20558	0	390	0	0	0	0	0	0	0	0	0	0	0	800	0	0	0	2682	0	0	0	1686	0	0	0	0	0	0	0	0	0	0	0	0	0	0	0	0	0	0	0	0	0	0	0	0	0	0	
215620	Parietal_Inf_L	620	0	106	0	0	0	222	0	0	0	0	0	0	0	0	0	638	0	0	0	0	0	0	0	0	0	0	0	544	0	0	0	0	0	0	0	0	0	0	0	0	0	102	0	0	0	0	0	814	0	12878	0	342	0	0	0	17952	0	12222	0	0	0	20896	0	21238	0	1210	0	1956	0	0	0	0	0	0	0	0	0	198	0	2080	0	0	0	9044	0	0	0	4748	0	0	0	0	0	0	0	0	0	0	0	0	0	0	0	0	0	0	0	0	0	0	0	0	0	0	0	
136056	Parietal_Inf_R	0	1548	0	0	0	0	0	838	0	0	0	1582	0	0	0	0	0	308	0	0	0	0	0	0	0	0	0	0	0	98	0	0	0	0	0	0	0	136	0	0	0	0	0	580	0	252	0	0	0	580	0	8496	0	0	0	0	0	8380	0	8798	0	0	0	9428	0	19692	0	3666	0	200	0	0	0	0	0	0	0	0	0	0	0	172	0	0	0	3038	0	0	0	236	0	0	0	0	0	0	0	0	0	0	0	0	0	0	0	0	0	0	0	0	0	0	0	0	0	0	
154548	SupraMarginal_L	214	0	0	0	0	0	228	0	0	0	0	0	0	0	0	0	788	0	0	0	0	0	0	0	0	0	0	0	406	0	0	0	0	0	0	0	0	0	0	0	0	0	0	0	0	0	0	0	124	0	3828	0	238	0	0	0	10958	0	1484	0	20896	0	0	0	8478	0	462	0	3002	0	0	0	0	0	0	0	0	0	342	0	5764	0	0	0	13374	0	0	0	6688	0	0	0	0	0	0	0	0	0	0	0	0	0	0	0	0	0	0	0	0	0	0	0	0	0	0	0	
81648	SupraMarginal_R	0	876	0	0	0	0	0	0	0	0	0	0	0	0	0	0	0	2860	0	0	0	0	0	0	0	0	0	0	0	118	0	0	0	0	0	0	0	204	0	0	0	0	0	0	0	0	0	0	0	90	0	188	0	0	0	0	0	9656	0	1358	0	9428	0	0	0	5286	0	828	0	0	0	0	0	0	0	0	0	0	0	72	0	3484	0	0	0	5122	0	0	0	1254	0	0	0	0	0	0	0	0	0	0	0	0	0	0	0	0	0	0	0	0	0	0	0	0	0	0	
162796	Angular_L	224	0	0	0	0	0	0	0	0	0	0	0	0	0	0	0	272	0	0	0	0	0	0	0	0	0	0	0	142	0	0	0	130	0	0	0	0	0	0	0	0	0	194	0	150	0	0	0	506	0	24016	0	1454	0	0	0	2384	0	7972	0	21238	0	8478	0	0	0	992	0	1018	0	0	0	0	0	0	0	0	0	0	0	1340	0	0	0	8814	0	0	0	2074	0	0	0	0	0	0	0	0	0	0	0	0	0	0	0	0	0	0	0	0	0	0	0	0	0	0	0	
145704	Angular_R	0	290	0	0	0	0	0	0	0	0	0	98	0	0	0	0	0	80	0	0	0	0	0	0	0	0	0	0	0	0	0	0	0	0	0	0	0	0	0	0	0	0	0	390	0	136	0	0	0	4514	0	20342	0	0	0	0	0	850	0	5678	0	19692	0	5286	0	0	0	3050	0	162	0	0	0	0	0	0	0	0	0	0	0	2560	0	0	0	9194	0	0	0	530	0	0	0	0	0	0	0	0	0	0	0	0	0	0	0	0	0	0	0	0	0	0	0	0	0	0	
230040	Precuneus_L	156	0	206	0	0	0	404	0	0	0	0	0	0	0	0	0	246	0	208	166	0	0	0	0	0	0	0	0	632	0	0	0	6578	478	5218	422	1232	0	1274	0	0	0	14256	648	12198	2198	4106	0	10684	1120	15354	652	2066	0	2032	0	3102	0	9368	0	1210	0	462	0	992	0	0	4298	4244	106	0	0	0	0	0	0	0	0	556	0	88	0	0	0	2308	0	0	0	482	0	152	0	0	0	0	0	884	0	290	0	0	0	0	0	0	0	0	0	0	0	3846	98	0	0	0	0	
412852	Precuneus_R	0	728	0	0	0	0	0	240	0	0	0	510	0	0	0	0	0	638	0	564	0	0	0	0	0	0	0	0	0	202	0	0	358	6790	500	12122	0	2422	0	1388	0	0	214	26272	488	34704	0	13184	0	24312	0	14886	0	2220	0	1922	0	7110	0	20558	0	3666	0	828	0	3050	4298	0	330	4506	0	0	0	0	0	0	0	1076	0	104	0	1982	0	0	0	6256	0	0	0	3470	0	0	0	0	0	0	0	394	0	0	0	0	0	0	0	0	0	0	0	0	4134	0	0	0	0	0	
238668	Paracentral_Lobule_L	8218	2474	1088	190	0	0	364	130	0	0	0	0	0	0	0	0	598	0	11350	12236	0	0	0	0	0	0	0	0	628	0	0	0	4052	7588	994	120	350	0	0	0	0	0	1654	106	3370	92	0	74	484	0	8332	0	2180	0	112	0	7694	122	2464	0	1956	0	3002	0	1018	0	4244	330	0	8258	1026	2462	200	128	336	0	9380	1986	326	0	638	0	0	0	5302	0	0	0	1494	0	0	0	0	0	0	0	0	0	0	0	0	0	0	0	0	0	0	0	0	0	184	0	0	0	0	0	
135708	Paracentral_Lobule_R	850	3330	0	576	0	0	0	242	0	0	0	424	0	0	0	0	0	0	1634	20844	0	0	0	0	0	0	0	0	0	190	0	0	1300	12946	816	2438	0	602	0	0	0	0	156	1204	358	464	0	422	0	0	244	0	0	406	0	348	0	2792	0	390	0	200	0	0	0	162	106	4506	8258	0	0	258	0	0	0	0	0	154	0	0	0	100	0	0	0	466	0	0	0	348	0	0	0	0	0	0	0	0	0	0	0	0	0	0	0	0	0	0	0	0	320	0	0	0	0	0	
390856	Caudate_L	8074	2568	11718	3286	4550	2930	7752	5316	650	0	2966	5546	3256	3438	5996	1384	1780	164	3934	2102	10250	7934	1008	386	214	290	5042	2790	15350	4240	8310	4730	254	726	0	0	2252	758	0	0	0	0	0	0	0	0	0	0	0	0	252	0	0	0	0	0	1300	0	0	0	0	0	0	0	0	0	0	0	1026	0	0	19966	13174	5772	824	0	6670	1202	110	0	702	0	2104	308	74	0	0	0	0	0	0	0	0	0	0	0	0	0	0	0	0	0	0	0	0	0	0	0	0	0	0	0	0	0	0	0	
490404	Caudate_R	2402	1660	6866	20582	674	5072	2530	1144	162	0	1050	10660	2194	7812	2140	2804	132	1774	5892	16086	4358	5762	834	5338	0	3464	1108	2222	4654	15566	4746	15308	362	2458	0	0	142	614	0	74	0	0	0	0	80	0	0	82	0	0	0	0	0	0	0	0	242	0	0	0	0	0	0	0	0	0	0	0	2462	258	19966	0	3424	30546	280	1412	1700	22448	0	0	120	0	906	2630	0	0	0	0	0	0	0	0	0	0	0	0	0	0	0	0	0	0	0	0	0	0	0	0	0	0	0	0	0	0	0	0	
257300	Putamen_L	3440	864	23598	436	4876	1192	1650	1282	934	0	1664	614	2960	420	5556	714	154	0	7516	338	3390	3100	2396	98	1214	136	2764	1376	14820	200	6054	1794	0	0	0	0	5112	0	360	0	72	0	0	0	0	0	0	0	0	0	0	0	0	0	192	0	0	0	0	0	0	0	0	0	0	0	0	0	200	0	13174	3424	0	558	5690	0	2028	400	0	0	608	0	978	0	0	0	0	0	304	0	0	0	0	0	0	0	0	0	0	0	0	0	0	0	0	0	0	0	0	0	0	0	0	0	0	0	
371464	Putamen_R	1482	1880	2852	21246	0	3016	1898	1138	0	110	450	11224	390	3448	110	4196	100	3428	3110	15336	460	760	502	3202	0	1224	0	1868	1296	30170	1382	6580	208	1102	0	0	112	11970	0	774	0	550	0	0	0	0	0	0	0	0	0	0	0	0	0	2134	0	144	0	0	0	0	0	0	0	0	0	0	128	0	5772	30546	558	0	0	1152	296	2402	0	0	0	398	380	3146	0	256	0	0	0	846	0	0	0	0	0	0	0	0	0	0	0	0	0	0	0	0	0	0	0	0	0	0	0	0	0	0	
37496	Pallidum_L	1802	162	5002	0	0	0	0	0	0	0	0	0	0	0	0	0	0	0	2282	0	0	0	0	0	0	0	0	0	0	0	0	0	0	0	0	0	548	0	0	0	0	0	0	0	0	0	0	0	0	0	0	0	0	0	0	0	0	0	0	0	0	0	0	0	0	0	0	0	336	0	824	280	5690	0	0	0	1378	444	0	0	0	0	0	0	0	0	0	0	0	0	0	0	0	0	0	0	0	0	0	0	0	0	0	0	0	0	0	0	0	0	0	0	0	0	0	0	
13032	Pallidum_R	0	0	72	1700	0	0	0	0	0	0	0	0	0	0	0	0	0	0	78	1452	0	0	0	0	0	0	0	0	0	0	0	0	0	0	0	0	0	216	0	0	0	0	0	0	0	0	0	0	0	0	0	0	0	0	0	0	0	0	0	0	0	0	0	0	0	0	0	0	0	0	0	1412	0	1152	0	0	0	434	0	0	0	0	0	0	0	0	0	0	0	0	0	0	0	0	0	0	0	0	0	0	0	0	0	0	0	0	0	0	0	0	0	0	0	0	0	0	
113632	Thalamus_L	5956	2462	2052	88	0	0	270	74	0	0	0	0	198	0	150	0	188	0	7318	76	0	0	0	0	0	0	0	0	1288	0	378	74	0	0	1610	1262	4880	110	666	0	0	0	0	0	0	0	0	0	0	0	0	0	0	0	252	0	510	0	0	0	0	0	0	0	0	0	0	0	9380	0	6670	1700	2028	296	1378	0	0	4824	178	0	128	0	0	0	0	0	0	0	372	0	0	0	0	0	0	0	0	0	0	0	0	0	0	0	0	0	0	0	0	0	0	0	0	0	0	0	
136828	Thalamus_R	2638	8200	1348	2684	0	0	196	444	0	0	0	238	0	0	0	0	152	94	1374	3482	0	0	0	0	0	0	0	0	392	446	0	114	120	0	1078	1742	1870	3994	138	504	0	0	0	0	0	0	152	686	0	0	0	0	0	0	80	152	148	0	0	0	0	0	0	0	0	0	0	1076	1986	154	1202	22448	400	2402	444	434	4824	0	84	0	0	0	0	124	0	0	0	0	176	0	0	0	0	0	0	0	0	0	0	0	0	0	0	0	0	0	0	0	0	0	194	0	0	0	0	0	
94212	Heschl_L	1564	98	1538	0	0	0	3624	0	0	0	102	0	0	0	0	0	4104	0	558	0	0	0	0	0	0	0	0	0	8744	0	0	0	0	0	192	110	2958	0	76	0	0	0	456	0	252	0	114	0	0	0	224	0	1238	0	3420	0	1124	0	0	0	198	0	342	0	0	0	556	0	326	0	110	0	0	0	0	0	178	84	0	0	5002	0	0	0	5612	0	0	0	3518	0	456	0	0	0	0	0	0	0	228	0	0	0	0	0	0	0	0	0	0	0	0	0	0	0	0	0	
24512	Heschl_R	0	154	0	78	0	0	0	76	0	0	0	86	0	0	0	0	0	2156	0	76	0	0	0	0	0	0	0	0	0	2322	0	0	0	0	0	0	0	502	0	0	0	0	0	0	0	0	0	0	0	0	0	0	0	222	0	224	0	514	0	0	0	0	0	72	0	0	0	104	0	0	0	0	0	0	0	0	0	0	0	0	0	4346	0	80	0	852	0	0	0	392	0	0	0	0	0	0	0	0	0	0	0	0	0	0	0	0	0	0	0	0	0	0	0	0	0	0	
208620	Temporal_Sup_L	3424	328	3198	0	0	0	4262	214	0	0	2842	258	344	104	0	0	8208	0	2238	0	0	0	0	0	0	0	0	0	9002	0	0	0	0	0	0	0	1418	0	0	0	0	0	122	0	0	0	176	0	0	0	924	0	622	0	1540	0	1630	0	328	0	2080	0	5764	0	1340	0	88	0	638	0	702	120	608	0	0	0	128	0	5002	0	0	0	2980	0	25900	0	206	0	17288	0	0	0	0	0	0	0	0	0	160	0	0	0	0	0	0	0	0	0	0	0	0	124	0	0	0	0	
110700	Temporal_Sup_R	0	656	0	468	0	0	0	184	0	0	0	436	0	0	0	0	0	3584	0	356	0	0	0	0	0	0	0	0	0	5874	0	0	0	0	0	0	0	366	0	0	0	0	0	98	0	106	0	0	0	0	0	480	0	318	0	990	0	1066	0	800	0	172	0	3484	0	2560	0	1982	0	100	0	0	0	398	0	0	0	0	0	4346	0	0	0	3240	0	18834	0	374	0	4078	0	0	0	0	0	0	0	0	0	0	0	0	0	0	0	0	0	0	0	0	0	0	0	0	0	0	
141716	Temporal_Pole_Sup_L	292	0	4226	572	272	146	1062	0	168	0	9108	262	3432	268	1868	72	4406	0	3600	622	434	0	0	0	0	0	150	0	11580	332	0	0	0	544	0	0	336	0	384	0	228	0	0	0	0	0	0	0	0	0	0	0	0	0	1886	0	0	0	0	0	0	0	0	0	0	0	0	0	0	0	2104	906	978	380	0	0	0	0	0	0	2980	0	0	0	6614	0	5072	0	5574	0	0	0	0	0	0	0	0	0	0	0	0	0	0	0	0	0	0	0	0	0	0	0	0	0	0	0	
93704	Temporal_Pole_Sup_R	0	0	158	694	0	108	0	0	0	0	0	3744	0	298	0	400	0	2282	464	992	0	382	0	0	0	0	0	182	176	5176	0	0	0	0	0	0	0	124	0	2580	0	2432	0	0	0	0	0	0	0	0	0	0	0	0	0	3920	0	0	0	0	0	0	0	0	0	0	0	0	0	0	308	2630	0	3146	0	0	0	124	0	80	0	3240	0	0	0	4528	0	5212	0	3472	0	0	0	0	0	0	0	0	0	0	0	0	0	0	0	0	0	0	0	0	0	0	0	0	0	0	
372180	Temporal_Mid_L	810	0	1194	0	0	0	3660	0	0	0	0	0	0	0	0	0	2878	0	224	0	0	0	0	0	0	0	0	0	5284	0	0	0	194	0	186	0	180	0	0	0	0	0	2116	0	1016	0	228	0	2872	0	22898	0	10116	0	2300	0	850	0	3938	0	9044	0	13374	0	8814	0	2308	0	5302	0	74	0	0	0	0	0	0	0	5612	0	25900	0	6614	0	0	0	4564	0	42842	0	124	0	0	0	0	0	0	0	208	0	0	0	0	0	0	0	0	0	0	0	168	198	0	0	0	0	
224600	Temporal_Mid_R	0	1518	0	118	0	0	0	172	0	0	0	0	0	0	0	0	0	274	0	138	0	0	0	0	0	0	0	0	0	3004	0	0	0	224	0	668	0	2044	0	118	0	0	0	4558	0	1224	0	708	0	1236	0	15254	0	2820	0	3418	0	3818	0	2682	0	3038	0	5122	0	9194	0	6256	0	466	0	0	0	256	0	0	0	0	0	852	0	18834	0	4528	0	0	0	1476	0	18178	0	104	0	0	0	0	0	0	0	0	0	0	0	0	0	0	0	0	0	0	0	0	0	0	0	0	
31560	Temporal_Pole_Mid_L	0	0	0	0	0	0	0	0	0	0	0	0	0	0	0	0	0	0	0	0	0	0	0	0	0	0	0	0	0	0	0	0	0	0	0	0	0	0	98	0	0	0	0	0	0	0	0	0	0	0	0	0	0	0	1536	0	0	0	0	0	0	0	0	0	0	0	0	0	0	0	0	0	0	0	0	0	0	0	0	0	206	0	5072	0	4564	0	0	0	4304	0	0	0	0	0	0	0	0	0	0	0	0	0	0	0	0	0	0	0	0	0	0	0	0	0	0	0	
23084	Temporal_Pole_Mid_R	0	0	0	0	0	0	0	0	0	0	0	0	0	0	0	0	0	0	0	0	0	0	0	0	0	0	0	0	0	0	0	0	0	0	0	0	0	0	0	1710	0	410	0	0	0	0	0	0	0	0	0	0	0	0	0	1000	0	0	0	0	0	0	0	0	0	0	0	0	0	0	0	0	0	0	0	0	0	0	0	0	0	374	0	5212	0	1476	0	0	0	1360	0	0	0	0	0	0	0	0	0	0	0	0	0	0	0	0	0	0	0	0	0	0	0	0	0	0	
287160	Temporal_Inf_L	634	192	710	0	0	0	1400	0	0	0	0	0	0	0	0	0	1406	0	120	0	0	0	0	0	0	0	0	0	4222	0	0	0	0	0	250	212	6760	0	176	0	772	0	1056	0	408	0	140	0	390	0	6990	0	6028	0	15810	0	580	0	1166	0	4748	0	6688	0	2074	0	482	0	1494	0	0	0	304	0	0	0	372	176	3518	0	17288	0	5574	0	42842	0	4304	0	0	0	2616	0	342	0	0	0	0	0	950	0	250	0	0	0	0	0	0	0	0	0	0	136	0	0	0	0	
164368	Temporal_Inf_R	0	1308	0	356	0	0	0	844	0	0	0	0	0	0	0	0	0	0	0	372	0	0	0	0	0	0	0	0	0	878	0	0	0	142	0	434	0	6470	0	288	0	418	0	1582	0	558	0	216	0	106	0	1566	0	8436	0	17614	0	1314	0	1686	0	236	0	1254	0	530	0	3470	0	348	0	0	0	846	0	0	0	0	0	392	0	4078	0	3472	0	18178	0	1360	0	0	0	2798	0	100	0	0	0	0	0	458	0	0	0	0	0	0	0	0	0	0	76	0	0	0	0	0	
460808	Cerebelum_Crus1_L	0	0	0	0	0	0	160	0	0	0	0	0	0	0	0	0	0	0	0	0	0	0	0	0	0	0	0	0	264	0	0	0	0	0	0	0	0	0	144	0	0	0	0	0	0	0	9932	1008	0	0	0	0	470	0	25618	234	0	0	0	0	0	0	0	0	0	0	152	0	0	0	0	0	0	0	0	0	0	0	456	0	0	0	0	0	124	0	0	0	2616	0	0	3412	37918	2138	1326	176	23066	470	61894	4336	15314	320	12342	974	2168	336	544	0	164	390	5560	7160	7112	782	774	550	
413732	Cerebelum_Crus1_R	0	0	0	0	0	0	0	0	0	0	0	0	0	0	0	0	0	0	0	0	0	0	0	0	0	0	0	0	0	0	0	0	0	0	0	0	0	340	0	492	0	0	0	0	0	0	618	8428	0	0	0	0	0	1250	122	17970	0	0	0	0	0	0	0	0	0	0	0	0	0	0	0	0	0	0	0	0	0	0	0	0	0	0	0	0	0	104	0	0	0	2798	3412	0	1986	31436	0	2062	1184	20366	2740	55852	1274	6972	1324	14772	0	2440	0	644	164	2088	5282	7392	8652	2344	2030	328	
381556	Cerebelum_Crus2_L	0	0	0	0	0	0	0	0	0	0	0	0	0	0	0	0	0	0	0	0	0	0	0	0	0	0	0	0	0	0	0	0	0	0	0	0	0	0	0	0	0	0	0	0	0	0	920	0	0	0	0	0	0	0	2696	0	0	0	0	0	0	0	0	0	0	0	0	0	0	0	0	0	0	0	0	0	0	0	0	0	0	0	0	0	0	0	0	0	342	0	37918	1986	0	10516	174	74	4664	98	11760	846	43306	5650	36600	6012	5498	544	986	0	0	86	1554	1162	13228	3038	980	140	
271968	Cerebelum_Crus2_R	0	0	0	0	0	0	0	0	0	0	0	0	0	0	0	0	0	0	0	0	0	0	0	0	0	0	0	0	0	0	0	0	0	0	0	0	0	94	0	112	0	0	0	0	0	0	0	118	0	0	0	0	0	0	0	932	0	0	0	0	0	0	0	0	0	0	0	0	0	0	0	0	0	0	0	0	0	0	0	0	0	0	0	0	0	0	0	0	0	100	2138	31436	10516	0	0	416	278	1526	458	7676	7470	20882	6352	23994	74	2382	0	462	0	534	480	606	13314	2126	1362	146	
32156	Cerebelum_3_L	0	0	0	0	0	0	0	0	0	0	0	0	0	0	0	0	0	0	0	0	0	0	0	0	0	0	0	0	0	0	0	0	0	0	0	0	0	0	0	0	0	0	0	0	0	0	580	0	0	0	0	0	0	0	246	0	0	0	0	0	0	0	0	0	0	0	0	0	0	0	0	0	0	0	0	0	0	0	0	0	0	0	0	0	0	0	0	0	0	0	1326	0	174	0	0	0	5914	0	2216	0	146	0	116	0	1230	144	0	0	894	1530	804	340	0	0	170	248	
49232	Cerebelum_3_R	0	0	0	0	0	0	0	0	0	0	0	0	0	0	0	0	0	0	0	0	0	0	0	0	0	0	0	0	0	0	0	0	0	0	0	0	0	0	0	0	0	0	0	0	0	0	0	226	0	0	0	0	0	0	0	104	0	0	0	0	0	0	0	0	0	0	0	0	0	0	0	0	0	0	0	0	0	0	0	0	0	0	0	0	0	0	0	0	0	0	176	2062	74	416	0	0	748	3382	186	4292	0	80	80	926	0	1436	0	180	354	4838	2106	0	904	906	1140	0	
300484	Cerebelum_4_5_L	0	0	0	0	0	0	0	0	0	0	0	0	0	0	0	0	0	0	0	0	0	0	0	0	0	0	0	0	0	0	0	0	0	0	352	0	250	0	204	0	0	0	886	0	0	0	14316	2246	0	0	0	0	76	0	8290	166	0	0	0	0	0	0	0	0	0	0	884	0	0	0	0	0	0	0	0	0	0	0	0	0	0	0	0	0	0	0	0	0	0	0	23066	1184	4664	278	5914	748	0	1896	33790	3792	2596	0	3180	674	4234	1928	260	368	2180	3456	18280	4384	680	784	1426	2810	
237496	Cerebelum_4_5_R	0	0	0	0	0	0	0	0	0	0	0	0	0	0	0	0	0	0	0	0	0	0	0	0	0	0	0	0	0	0	0	0	0	0	0	0	0	282	0	1168	0	0	0	0	0	0	896	11472	0	0	0	0	0	2066	228	12306	0	0	0	0	0	0	0	0	0	0	0	394	0	0	0	0	0	0	0	0	0	0	0	0	0	0	0	0	0	0	0	0	0	0	470	20366	98	1526	0	3382	1896	0	818	35478	0	358	132	2492	0	1352	0	716	128	3062	12646	2130	1216	898	694	78	
438376	Cerebelum_6_L	0	0	0	0	0	0	146	0	0	0	0	0	0	0	0	0	0	0	0	0	0	0	0	0	0	0	0	0	230	0	0	0	0	0	0	0	0	0	144	0	0	0	260	0	0	0	17068	3288	0	0	552	0	1636	0	30186	522	0	0	0	0	0	0	0	0	0	0	290	0	0	0	0	0	0	0	0	0	0	0	228	0	160	0	0	0	208	0	0	0	950	0	61894	2740	11760	458	2216	186	33790	818	0	5180	5566	0	4168	266	3158	906	248	0	476	782	9960	11914	3780	514	990	1550	
443068	Cerebelum_6_R	0	0	0	0	0	0	0	0	0	0	0	0	0	0	0	0	0	0	0	0	0	0	0	0	0	0	0	0	0	0	0	0	0	0	0	0	0	400	0	614	0	0	0	0	0	0	1338	15966	0	0	0	0	0	2590	206	23602	0	0	0	0	0	0	0	0	0	0	0	0	0	0	0	0	0	0	0	0	0	0	0	0	0	0	0	0	0	0	0	0	0	458	4336	55852	846	7676	0	4292	3792	35478	5180	0	128	1174	218	6942	124	3700	0	1524	846	4154	14586	12700	6444	2328	2850	1190	
318644	Cerebelum_7b_L	0	0	0	0	0	0	0	0	0	0	0	0	0	0	0	0	0	0	0	0	0	0	0	0	0	0	0	0	0	0	0	0	0	0	0	0	0	0	0	0	0	0	0	0	0	0	338	0	0	0	0	0	0	0	1216	0	0	0	0	0	0	0	0	0	0	0	0	0	0	0	0	0	0	0	0	0	0	0	0	0	0	0	0	0	0	0	0	0	250	0	15314	1274	43306	7470	146	0	2596	0	5566	128	0	5144	42460	7180	6366	1022	892	0	0	84	1200	232	10060	5758	1320	0	
159400	Cerebelum_7b_R	0	0	0	0	0	0	0	0	0	0	0	0	0	0	0	0	0	0	0	0	0	0	0	0	0	0	0	0	0	0	0	0	0	0	0	0	0	0	0	0	0	0	0	0	0	0	0	0	0	0	0	0	0	0	0	122	0	0	0	0	0	0	0	0	0	0	0	0	0	0	0	0	0	0	0	0	0	0	0	0	0	0	0	0	0	0	0	0	0	0	320	6972	5650	20882	0	80	0	358	0	1174	5144	0	4308	24130	0	3446	0	114	0	0	0	0	4444	2556	0	0	
316608	Cerebelum_8_L	0	0	0	0	0	0	0	0	0	0	0	0	0	0	0	0	0	0	0	0	0	0	0	0	0	0	0	0	0	0	0	0	0	0	0	0	0	0	0	0	0	0	0	0	0	0	554	0	0	0	0	0	0	0	230	0	0	0	0	0	0	0	0	0	0	0	0	0	0	0	0	0	0	0	0	0	0	0	0	0	0	0	0	0	0	0	0	0	0	0	12342	1324	36600	6352	116	80	3180	132	4168	218	42460	4308	0	7452	14616	1446	2190	0	0	100	1708	344	9540	6574	2134	136	
270588	Cerebelum_8_R	0	0	0	0	0	0	0	0	0	0	0	0	0	0	0	0	0	0	0	0	0	0	0	0	0	0	0	0	0	0	0	0	0	0	0	0	0	0	0	0	0	0	0	0	0	0	0	426	0	0	0	0	0	118	0	940	0	0	0	0	0	0	0	0	0	0	0	0	0	0	0	0	0	0	0	0	0	0	0	0	0	0	0	0	0	0	0	0	0	0	974	14772	6012	23994	0	926	674	2492	266	6942	7180	24130	7452	0	284	17142	0	1572	256	848	1346	506	7932	5152	2742	216	
94104	Cerebelum_9_L	0	0	0	0	0	0	0	0	0	0	0	0	0	0	0	0	0	0	0	0	0	0	0	0	0	0	0	0	0	0	0	0	0	0	0	0	0	0	0	0	0	0	0	0	0	0	202	0	0	0	0	0	0	0	0	0	0	0	0	0	0	0	0	0	0	0	0	0	0	0	0	0	0	0	0	0	0	0	0	0	0	0	0	0	0	0	0	0	0	0	2168	0	5498	74	1230	0	4234	0	3158	124	6366	0	14616	284	0	1040	2338	0	84	124	1006	1194	302	628	1554	828	
128256	Cerebelum_9_R	0	0	0	0	0	0	0	0	0	0	0	0	0	0	0	0	0	0	0	0	0	0	0	0	0	0	0	0	0	0	0	0	0	0	0	0	0	0	0	0	0	0	0	0	0	0	0	220	0	0	0	0	0	80	0	332	0	0	0	0	0	0	0	0	0	0	0	0	0	0	0	0	0	0	0	0	0	0	0	0	0	0	0	0	0	0	0	0	0	0	336	2440	544	2382	144	1436	1928	1352	906	3700	1022	3446	1446	17142	1040	0	0	1594	768	2206	2840	1572	3418	4298	5882	1654	
14916	Cerebelum_10_L	0	0	0	0	0	0	0	0	0	0	0	0	0	0	0	0	0	0	0	0	0	0	0	0	0	0	0	0	0	0	0	0	0	0	0	0	0	0	0	0	0	0	0	0	0	0	0	0	0	0	0	0	0	0	0	0	0	0	0	0	0	0	0	0	0	0	0	0	0	0	0	0	0	0	0	0	0	0	0	0	0	0	0	0	0	0	0	0	0	0	544	0	986	0	0	0	260	0	248	0	892	0	2190	0	2338	0	0	0	0	0	0	0	0	0	0	0	
17920	Cerebelum_10_R	0	0	0	0	0	0	0	0	0	0	0	0	0	0	0	0	0	0	0	0	0	0	0	0	0	0	0	0	0	0	0	0	0	0	0	0	0	0	0	0	0	0	0	0	0	0	0	226	0	0	0	0	0	88	0	368	0	0	0	0	0	0	0	0	0	0	0	0	0	0	0	0	0	0	0	0	0	0	0	0	0	0	0	0	0	0	0	0	0	0	0	644	0	462	0	180	368	716	0	1524	0	114	0	1572	0	1594	0	0	0	234	564	212	94	0	0	0	
29936	Vermis_1_2	0	0	0	0	0	0	0	0	0	0	0	0	0	0	0	0	0	0	0	0	0	0	0	0	0	0	0	0	0	0	0	0	0	0	0	0	0	0	0	0	0	0	0	0	0	0	0	0	0	0	0	0	0	0	0	0	0	0	0	0	0	0	0	0	0	0	0	0	0	0	0	0	0	0	0	0	0	0	0	0	0	0	0	0	0	0	0	0	0	0	164	164	0	0	894	354	2180	128	476	846	0	0	0	256	84	768	0	0	0	3924	2736	116	414	450	776	238	
77444	Vermis_3	0	0	0	0	0	0	0	0	0	0	0	0	0	0	0	0	0	0	0	0	0	0	0	0	0	0	0	0	0	0	0	0	0	0	0	0	0	0	82	0	0	0	0	0	0	0	82	106	0	0	0	0	0	0	0	0	0	0	0	0	0	0	0	0	0	0	0	0	0	0	0	0	0	0	0	0	0	0	0	0	0	0	0	0	0	0	0	0	0	0	390	2088	86	534	1530	4838	3456	3062	782	4154	84	0	100	848	124	2206	0	234	3924	0	5236	118	1352	1368	1776	162	
288692	Vermis_4_5	0	0	0	0	0	0	0	0	0	0	0	0	0	0	0	0	0	0	0	0	0	0	0	0	0	0	0	0	0	0	0	0	212	292	1798	3600	160	524	0	136	0	0	3562	324	352	0	5564	9092	0	0	490	0	266	1168	1802	4254	0	166	0	0	0	0	0	0	0	0	3846	4134	184	320	0	0	0	0	0	0	0	194	0	0	0	0	0	0	168	0	0	0	0	76	5560	5282	1554	480	804	2106	18280	12646	9960	14586	1200	0	1708	1346	1006	2840	0	564	2736	5236	0	6084	1160	1214	2108	3202	
174084	Vermis_6	0	0	0	0	0	0	0	0	0	0	0	0	0	0	0	0	0	0	0	0	0	0	0	0	0	0	0	0	0	0	0	0	0	0	0	0	0	0	0	0	0	0	152	0	0	0	3702	6412	0	0	342	0	1034	248	2248	2490	0	0	0	0	0	0	0	0	0	0	98	0	0	0	0	0	0	0	0	0	0	0	0	0	124	0	0	0	198	0	0	0	136	0	7160	7392	1162	606	340	0	4384	2130	11914	12700	232	0	344	506	1194	1572	0	212	116	118	6084	0	4766	982	1610	4334	
