data	data	396360	235484	1.03501e+06	794024	175696	232760	560968	320480	71336	51892	258000	168572	255332	181816	254164	96948	268216	134340	749840	673180	87852	75668	398368	482024	48636	112324	82380	74708	492512	301632	312156	611980	138600	539796	114504	121868	142024	185432	46440	131700	34272	53236	185552	267736	167916	223248	180776	196828	197136	270192	441292	250940	145244	61088	204196	326148	302396	259332	192524	110248	168164	105368	83680	74696	110488	145884	314784	389444	153028	261760	239532	350792	246920	294704	32564	17936	82496	88736	73600	18156	199788	91404	95888	85752	327436	218868	39424	25188	273684	187508	358492	323896	235984	219888	13828	27972	194672	125008	325148	300984	193220	109700	198036	204760	76504	86344	12028	3056	6340	12312	158956	172704	158308	86804	60548	18908	
data	data	Precentral_L	Precentral_R	Frontal_Sup_L	Frontal_Sup_R	Frontal_Sup_Orb_L	Frontal_Sup_Orb_R	Frontal_Mid_L	Frontal_Mid_R	Frontal_Mid_Orb_L	Frontal_Mid_Orb_R	Frontal_Inf_Oper_L	Frontal_Inf_Oper_R	Frontal_Inf_Tri_L	Frontal_Inf_Tri_R	Frontal_Inf_Orb_L	Frontal_Inf_Orb_R	Rolandic_Oper_L	Rolandic_Oper_R	Supp_Motor_Area_L	Supp_Motor_Area_R	Olfactory_L	Olfactory_R	Frontal_Sup_Medial_L	Frontal_Sup_Medial_R	Frontal_Med_Orb_L	Frontal_Med_Orb_R	Rectus_L	Rectus_R	Insula_L	Insula_R	Cingulum_Ant_L	Cingulum_Ant_R	Cingulum_Mid_L	Cingulum_Mid_R	Cingulum_Post_L	Cingulum_Post_R	Hippocampus_L	Hippocampus_R	ParaHippocampal_L	ParaHippocampal_R	Amygdala_L	Amygdala_R	Calcarine_L	Calcarine_R	Cuneus_L	Cuneus_R	Lingual_L	Lingual_R	Occipital_Sup_L	Occipital_Sup_R	Occipital_Mid_L	Occipital_Mid_R	Occipital_Inf_L	Occipital_Inf_R	Fusiform_L	Fusiform_R	Postcentral_L	Postcentral_R	Parietal_Sup_L	Parietal_Sup_R	Parietal_Inf_L	Parietal_Inf_R	SupraMarginal_L	SupraMarginal_R	Angular_L	Angular_R	Precuneus_L	Precuneus_R	Paracentral_Lobule_L	Paracentral_Lobule_R	Caudate_L	Caudate_R	Putamen_L	Putamen_R	Pallidum_L	Pallidum_R	Thalamus_L	Thalamus_R	Heschl_L	Heschl_R	Temporal_Sup_L	Temporal_Sup_R	Temporal_Pole_Sup_L	Temporal_Pole_Sup_R	Temporal_Mid_L	Temporal_Mid_R	Temporal_Pole_Mid_L	Temporal_Pole_Mid_R	Temporal_Inf_L	Temporal_Inf_R	Cerebelum_Crus1_L	Cerebelum_Crus1_R	Cerebelum_Crus2_L	Cerebelum_Crus2_R	Cerebelum_3_L	Cerebelum_3_R	Cerebelum_4_5_L	Cerebelum_4_5_R	Cerebelum_6_L	Cerebelum_6_R	Cerebelum_7b_L	Cerebelum_7b_R	Cerebelum_8_L	Cerebelum_8_R	Cerebelum_9_L	Cerebelum_9_R	Cerebelum_10_L	Cerebelum_10_R	Vermis_1_2	Vermis_3	Vermis_4_5	Vermis_6	Vermis_7	Vermis_8	Vermis_9	Vermis_10	
396360	Precentral_L	0	2810	19922	1320	0	258	29782	0	0	0	14594	0	1142	0	364	0	18130	0	9322	9712	0	0	0	370	0	0	0	0	8102	112	136	810	628	7258	3942	1580	1820	834	0	506	0	0	0	0	0	0	0	0	0	0	216	0	0	0	0	0	27240	0	0	0	2772	0	772	0	1184	0	684	236	8440	4488	2612	3128	874	246	0	184	3686	2686	1898	0	3224	0	0	0	156	0	0	0	0	0	0	0	0	0	0	0	0	0	0	0	0	0	0	0	0	0	0	0	0	0	0	0	0	0	0	0	
235484	Precentral_R	2810	0	838	4886	0	102	182	4558	0	0	0	4430	0	0	0	0	0	2778	444	6786	0	0	0	126	0	0	0	0	0	1714	0	464	232	944	0	678	0	2494	0	104	0	0	0	1100	0	1308	0	0	0	2810	0	3944	0	98	0	478	0	32914	0	828	0	1764	0	1874	0	1584	0	8998	2266	14476	160	1786	0	2452	0	0	512	1274	0	154	0	292	0	0	0	1588	0	0	0	512	0	0	0	0	0	0	0	0	0	0	0	0	0	0	0	0	0	0	0	0	0	0	0	0	0	0	
1.03501e+06	Frontal_Sup_L	19922	838	0	8190	11888	1282	78772	1020	2622	0	20604	718	20022	366	12612	0	15200	228	92868	14214	158	0	49508	9600	3466	444	1968	0	34930	926	22856	10494	3696	6394	236	410	2540	394	124	188	226	0	0	0	0	0	0	0	0	0	156	0	0	0	158	0	4492	0	0	0	560	0	980	0	114	0	0	0	532	912	9204	5658	26038	1196	3656	0	4672	1870	1172	0	4212	0	1504	170	110	0	0	0	214	0	0	0	0	0	0	0	0	0	0	0	0	0	0	0	0	0	0	0	0	0	0	0	0	0	0	0	
794024	Frontal_Sup_R	1320	4886	8190	0	0	16220	2328	47674	0	102	362	8800	692	10432	1808	2002	0	10024	11934	50670	0	0	13806	54696	0	5144	0	318	2520	13340	7204	44408	1258	22898	0	0	0	2586	0	454	0	0	0	0	0	0	0	0	0	0	0	0	0	0	0	554	0	2352	0	0	0	152	0	0	0	0	0	108	154	254	3220	17410	0	15282	0	1690	320	5554	0	248	0	150	0	3094	0	0	0	0	0	394	0	0	0	0	0	0	0	0	0	0	0	0	0	0	0	0	0	0	0	0	0	0	0	0	0	0	
175696	Frontal_Sup_Orb_L	0	0	11888	0	0	194	2378	0	10436	0	0	0	262	0	12300	0	0	0	1404	0	4422	1076	4982	306	6658	0	9790	308	4622	0	5208	542	0	0	0	0	0	0	154	0	1150	0	0	0	0	0	0	0	0	0	0	0	0	0	0	0	0	0	0	0	0	0	0	0	0	0	0	0	0	0	2492	800	5940	0	0	0	0	0	0	0	0	0	536	0	0	0	0	0	0	0	0	0	0	0	0	0	0	0	0	0	0	0	0	0	0	0	0	0	0	0	0	0	0	0	0	0	
232760	Frontal_Sup_Orb_R	258	102	1282	16220	194	0	220	1570	0	5522	272	270	420	442	1616	4940	0	0	1204	2412	616	1664	728	15964	0	11886	426	8768	2070	886	1574	14906	0	252	0	0	0	0	0	0	0	486	0	0	0	0	0	0	0	0	0	0	0	0	0	0	0	0	0	0	0	0	0	0	0	0	0	0	0	0	2740	9476	138	6590	0	0	0	266	0	0	0	0	0	0	0	0	0	0	0	0	0	0	0	0	0	0	0	0	0	0	0	0	0	0	0	0	0	0	0	0	0	0	0	0	0	0	
560968	Frontal_Mid_L	29782	182	78772	2328	2378	220	0	0	3928	0	19050	170	35292	134	9740	0	9752	0	11674	752	0	0	19768	2866	0	0	0	0	14300	194	10462	2232	1230	1530	612	874	1268	486	0	372	0	0	0	0	0	0	0	0	0	0	0	0	0	0	0	0	9018	0	0	0	106	0	0	0	0	0	0	0	0	244	3132	768	3442	196	0	0	1390	94	584	0	986	0	176	0	0	0	0	0	0	0	0	0	0	0	0	0	0	0	0	0	0	0	0	0	0	0	0	0	0	0	0	0	0	0	0	0	
320480	Frontal_Mid_R	0	4558	1020	47674	0	1570	0	0	0	1080	0	6196	0	17334	0	4552	0	7498	4472	11008	0	0	1234	6428	0	0	0	0	102	9292	912	8786	418	5038	0	0	0	1402	0	328	0	0	0	0	0	0	0	0	0	0	0	0	0	0	0	476	0	1218	0	0	0	0	0	0	0	0	0	0	0	0	470	4376	0	8992	0	818	0	342	0	166	0	0	0	2204	0	0	0	0	0	276	0	0	0	0	0	0	0	0	0	0	0	0	0	0	0	0	0	0	0	0	0	0	0	0	0	0	
71336	Frontal_Mid_Orb_L	0	0	2622	0	10436	0	3928	0	0	0	0	0	1312	0	13026	0	0	0	178	0	226	0	0	0	362	0	2060	0	612	0	0	0	0	0	0	0	0	0	0	0	0	0	0	0	0	0	0	0	0	0	0	0	0	0	0	0	0	0	0	0	0	0	0	0	0	0	0	0	0	0	114	0	792	0	0	0	0	0	0	0	0	0	0	0	0	0	0	0	0	0	0	0	0	0	0	0	0	0	0	0	0	0	0	0	0	0	0	0	0	0	0	0	0	0	0	0	
51892	Frontal_Mid_Orb_R	0	0	0	102	0	5522	0	1080	0	0	0	0	0	548	0	10184	0	0	0	0	108	826	0	0	0	160	0	2728	0	1706	0	0	0	0	0	0	0	0	0	0	0	348	0	0	0	0	0	0	0	0	0	0	0	0	0	0	0	0	0	0	0	0	0	0	0	0	0	0	0	0	108	144	0	2382	0	0	0	0	0	0	0	0	0	0	0	0	0	0	0	0	0	0	0	0	0	0	0	0	0	0	0	0	0	0	0	0	0	0	0	0	0	0	0	0	0	0	
258000	Frontal_Inf_Oper_L	14594	0	20604	362	0	272	19050	0	0	0	0	226	16530	224	1118	0	13996	0	14268	262	0	0	166	280	0	0	0	0	14726	260	356	302	0	0	0	0	0	0	0	0	0	0	0	0	0	0	0	0	0	0	0	0	0	0	0	0	4998	0	0	0	0	0	0	0	0	0	0	0	0	0	268	266	480	0	0	0	0	0	828	0	2696	0	1868	0	0	0	0	0	0	0	0	0	0	0	0	0	0	0	0	0	0	0	0	0	0	0	0	0	0	0	0	0	0	0	0	0	
168572	Frontal_Inf_Oper_R	0	4430	718	8800	0	270	170	6196	0	0	226	0	352	8742	420	158	0	4706	2738	10660	0	0	0	392	0	0	0	0	874	16008	146	3514	184	4728	0	0	0	716	0	224	0	0	0	0	0	0	0	0	0	0	0	0	0	0	0	130	0	2724	0	0	0	0	0	0	0	0	0	0	0	0	592	426	0	2896	0	0	0	294	0	0	0	154	0	1698	0	0	0	0	0	0	0	0	0	0	0	0	0	0	0	0	0	0	0	0	0	0	0	0	0	0	0	0	0	0	0	0	
255332	Frontal_Inf_Tri_L	1142	0	20022	692	262	420	35292	0	1312	0	16530	352	0	336	15106	0	918	0	7812	474	0	0	944	554	0	0	0	0	17504	388	1580	738	404	162	0	0	0	0	0	0	0	0	0	0	0	0	0	0	0	0	0	0	0	0	0	0	200	0	0	0	0	0	0	0	0	0	0	0	0	0	956	420	2402	0	0	0	0	0	0	0	182	0	562	0	0	0	0	0	0	0	0	0	0	0	0	0	0	0	0	0	0	0	0	0	0	0	0	0	0	0	0	0	0	0	0	0	
181816	Frontal_Inf_Tri_R	0	0	366	10432	0	442	134	17334	0	548	224	8742	336	0	348	3446	0	372	4424	10672	0	0	982	3546	0	0	0	0	780	13152	0	1724	530	8614	0	0	0	236	0	148	0	0	0	0	0	0	0	0	0	0	0	0	0	0	0	114	0	0	0	0	0	0	0	0	0	0	0	0	0	0	572	232	0	2292	0	0	0	0	0	0	0	0	0	166	0	0	0	0	0	0	0	0	0	0	0	0	0	0	0	0	0	0	0	0	0	0	0	0	0	0	0	0	0	0	0	0	
254164	Frontal_Inf_Orb_L	364	0	12612	1808	12300	1616	9740	0	13026	0	1118	420	15106	348	0	132	322	0	5380	162	4544	1054	778	1664	0	166	2290	300	20346	462	934	2098	282	176	0	0	0	0	238	0	1514	0	0	0	0	0	0	0	0	0	0	0	0	0	0	0	180	0	0	0	0	0	0	0	0	0	0	0	0	0	4592	2408	6804	100	0	0	0	0	0	0	0	0	1698	0	0	0	0	0	0	0	0	0	0	0	0	0	0	0	0	0	0	0	0	0	0	0	0	0	0	0	0	0	0	0	0	0	
96948	Frontal_Inf_Orb_R	0	0	0	2002	0	4940	0	4552	0	10184	0	158	0	3446	132	0	0	0	952	1920	112	1586	270	776	0	0	0	2290	182	7536	0	1016	0	1620	0	0	0	0	0	0	0	594	0	0	0	0	0	0	0	0	0	0	0	0	0	0	0	0	0	0	0	0	0	0	0	0	0	0	0	0	274	268	0	3664	0	0	0	0	0	0	0	0	0	0	0	0	0	0	0	0	0	0	0	0	0	0	0	0	0	0	0	0	0	0	0	0	0	0	0	0	0	0	0	0	0	0	
268216	Rolandic_Oper_L	18130	0	15200	0	0	0	9752	0	0	0	13996	0	918	0	322	0	0	0	10996	0	0	0	0	0	0	0	0	0	19522	0	0	0	0	0	0	0	710	0	0	0	0	0	0	0	108	0	0	0	0	0	2874	0	0	0	0	0	14234	0	426	0	1380	0	3058	0	1066	0	270	0	0	0	144	0	650	0	126	0	564	124	4190	0	10736	0	1396	0	2050	0	0	0	1166	0	0	0	0	0	0	0	0	0	0	0	0	0	0	0	0	0	0	0	0	0	0	0	0	0	0	0	
134340	Rolandic_Oper_R	0	2778	228	10024	0	0	0	7498	0	0	0	4706	0	372	0	0	0	0	656	5092	0	0	0	0	0	0	0	0	0	14500	186	986	0	208	0	0	0	826	0	320	0	0	0	0	0	0	0	0	0	0	0	0	0	0	0	236	0	4262	0	0	0	0	0	1848	0	0	0	0	0	0	0	302	0	3026	0	100	0	0	0	1574	0	1660	0	5782	0	0	0	0	0	0	0	0	0	0	0	0	0	0	0	0	0	0	0	0	0	0	0	0	0	0	0	0	0	0	0	0	
749840	Supp_Motor_Area_L	9322	444	92868	11934	1404	1204	11674	4472	178	0	14268	2738	7812	4424	5380	952	10996	656	0	40416	0	0	5452	5038	0	162	0	0	24900	3732	3388	13744	9408	25060	1048	484	1904	282	0	154	0	0	0	0	0	0	0	0	0	0	186	0	0	0	150	0	3032	0	0	0	534	0	980	0	114	0	108	0	3882	422	8650	4144	19008	1364	4530	0	3240	1752	1052	0	3862	0	1314	368	116	0	0	0	214	0	0	0	0	0	0	0	0	0	0	0	0	0	0	0	0	0	0	0	0	0	0	0	0	0	0	0	
673180	Supp_Motor_Area_R	9712	6786	14214	50670	0	2412	752	11008	0	0	262	10660	474	10672	162	1920	0	5092	40416	0	0	0	3544	10844	0	240	0	0	764	13324	1560	20902	4358	56714	1064	3954	0	942	0	256	0	0	0	0	0	0	0	0	0	0	0	0	0	0	0	168	0	1886	0	0	0	140	0	0	0	0	0	664	8826	15484	1230	11410	0	6168	0	1518	258	3614	0	112	0	0	0	1300	0	0	0	0	0	134	0	0	0	0	0	0	0	0	0	0	0	0	0	0	0	0	0	0	0	0	0	0	0	0	0	0	
87852	Olfactory_L	0	0	158	0	4422	616	0	0	226	108	0	0	0	0	4544	112	0	0	0	0	0	4434	0	0	196	218	3586	1658	3960	0	2054	1240	0	0	0	0	0	0	740	0	2328	0	0	0	0	0	0	0	0	0	0	0	0	0	0	0	0	0	0	0	0	0	0	0	0	0	0	0	0	0	6332	3110	2368	202	0	0	0	0	0	0	0	0	1314	0	0	0	0	0	0	0	0	0	0	0	0	0	0	0	0	0	0	0	0	0	0	0	0	0	0	0	0	0	0	0	0	0	
75668	Olfactory_R	0	0	0	0	1076	1664	0	0	0	826	0	0	0	0	1054	1586	0	0	0	0	4434	0	0	0	130	330	2514	3656	0	1070	1408	1568	0	0	0	0	0	0	102	0	268	954	0	0	0	0	0	0	0	0	0	0	0	0	0	0	0	0	0	0	0	0	0	0	0	0	0	0	0	0	6382	5462	2562	788	0	0	0	0	0	0	0	0	0	0	0	0	0	0	0	0	0	0	0	0	0	0	0	0	0	0	0	0	0	0	0	0	0	0	0	0	0	0	0	0	0	0	
398368	Frontal_Sup_Medial_L	0	0	49508	13806	4982	728	19768	1234	0	0	166	0	944	982	778	270	0	0	5452	3544	0	0	0	27598	4342	1264	2044	0	1240	390	25474	16238	3520	12736	0	0	0	0	0	0	0	0	0	0	0	0	0	0	0	0	0	0	0	0	0	0	0	0	0	0	0	0	0	0	0	0	0	0	0	0	388	0	1788	0	0	0	0	0	0	0	0	0	0	0	0	0	0	0	0	0	0	0	0	0	0	0	0	0	0	0	0	0	0	0	0	0	0	0	0	0	0	0	0	0	0	0	
482024	Frontal_Sup_Medial_R	370	126	9600	54696	306	15964	2866	6428	0	0	280	392	554	3546	1664	776	0	0	5038	10844	0	0	27598	0	310	9638	192	1114	2224	1416	11596	40500	610	17048	0	0	0	0	0	0	0	0	0	0	0	0	0	0	0	0	0	0	0	0	0	0	0	0	0	0	0	0	0	0	0	0	0	0	0	0	2272	9556	0	3184	0	0	0	304	0	0	0	0	0	0	0	0	0	0	0	0	0	0	0	0	0	0	0	0	0	0	0	0	0	0	0	0	0	0	0	0	0	0	0	0	0	0	
48636	Frontal_Med_Orb_L	0	0	3466	0	6658	0	0	0	362	0	0	0	0	0	0	0	0	0	0	0	196	130	4342	310	0	292	3904	100	0	0	3522	330	0	0	0	0	0	0	0	0	0	0	0	0	0	0	0	0	0	0	0	0	0	0	0	0	0	0	0	0	0	0	0	0	0	0	0	0	0	0	254	104	348	0	0	0	0	0	0	0	0	0	0	0	0	0	0	0	0	0	0	0	0	0	0	0	0	0	0	0	0	0	0	0	0	0	0	0	0	0	0	0	0	0	0	0	
112324	Frontal_Med_Orb_R	0	0	444	5144	0	11886	0	0	0	160	0	0	0	0	166	0	0	0	162	240	218	330	1264	9638	292	0	132	5854	172	0	3196	8254	0	0	0	0	0	0	0	0	0	0	0	0	0	0	0	0	0	0	0	0	0	0	0	0	0	0	0	0	0	0	0	0	0	0	0	0	0	0	344	3780	0	4486	0	0	0	0	0	0	0	0	0	0	0	0	0	0	0	0	0	0	0	0	0	0	0	0	0	0	0	0	0	0	0	0	0	0	0	0	0	0	0	0	0	0	
82380	Rectus_L	0	0	1968	0	9790	426	0	0	2060	0	0	0	0	0	2290	0	0	0	0	0	3586	2514	2044	192	3904	132	0	1090	504	0	3556	702	0	0	0	0	0	0	0	0	226	0	0	0	0	0	0	0	0	0	0	0	0	0	0	0	0	0	0	0	0	0	0	0	0	0	0	0	0	0	4088	1362	650	0	0	0	0	0	0	0	0	0	106	0	0	0	0	0	0	0	0	0	0	0	0	0	0	0	0	0	0	0	0	0	0	0	0	0	0	0	0	0	0	0	0	0	
74708	Rectus_R	0	0	0	318	308	8768	0	0	0	2728	0	0	0	0	300	2290	0	0	0	0	1658	3656	0	1114	100	5854	1090	0	0	446	602	2166	0	0	0	0	0	0	0	0	0	652	0	0	0	0	0	0	0	0	0	0	0	0	0	0	0	0	0	0	0	0	0	0	0	0	0	0	0	0	1740	2244	316	1004	0	0	0	0	0	0	0	0	0	0	0	0	0	0	0	0	0	0	0	0	0	0	0	0	0	0	0	0	0	0	0	0	0	0	0	0	0	0	0	0	0	0	
492512	Insula_L	8102	0	34930	2520	4622	2070	14300	102	612	0	14726	874	17504	780	20346	182	19522	0	24900	764	3960	0	1240	2224	0	172	504	0	0	956	2020	2638	386	328	290	310	5318	154	786	0	3208	0	0	0	0	0	0	0	0	0	764	0	0	0	1738	0	6226	0	0	0	836	0	838	0	210	0	0	0	100	0	4036	2232	14190	212	124	0	740	0	5424	0	7494	0	5668	0	1200	0	0	0	2874	0	0	0	0	0	0	0	0	0	0	0	0	0	0	0	0	0	0	0	0	0	0	0	0	0	0	0	
301632	Insula_R	112	1714	926	13340	0	886	194	9292	0	1706	260	16008	388	13152	462	7536	0	14500	3732	13324	0	1070	390	1416	0	0	0	446	956	0	216	2026	270	5886	0	0	0	4272	0	1244	0	1534	0	0	0	0	0	0	0	0	0	0	0	0	0	914	0	906	0	0	0	0	0	190	0	0	0	0	0	0	690	906	0	17766	0	598	0	246	0	1996	0	3424	0	4724	0	808	0	0	0	390	0	0	0	0	0	0	0	0	0	0	0	0	0	0	0	0	0	0	0	0	0	0	0	0	0	0	
312156	Cingulum_Ant_L	136	0	22856	7204	5208	1574	10462	912	0	0	356	146	1580	0	934	0	0	186	3388	1560	2054	1408	25474	11596	3522	3196	3556	602	2020	216	0	21108	2794	2650	182	0	0	0	0	0	0	0	0	0	0	0	0	0	0	0	0	0	0	0	0	0	0	0	0	0	0	0	0	0	0	0	0	0	0	0	6424	3990	6358	2310	0	0	0	0	0	0	0	0	0	116	0	0	0	0	0	0	0	0	0	0	0	0	0	0	0	0	0	0	0	0	0	0	0	0	0	0	0	0	0	0	0	0	
611980	Cingulum_Ant_R	810	464	10494	44408	542	14906	2232	8786	0	0	302	3514	738	1724	2098	1016	0	986	13744	20902	1240	1568	16238	40500	330	8254	702	2166	2638	2026	21108	0	2372	25376	0	0	0	116	0	0	0	0	0	0	0	0	0	0	0	0	0	0	0	0	0	0	0	0	0	0	0	0	0	0	0	0	0	0	0	0	5492	30232	864	15992	0	0	180	360	0	0	0	0	0	570	0	0	0	0	0	0	0	0	0	0	0	0	0	0	0	0	0	0	0	0	0	0	0	0	0	0	0	0	0	0	0	0	
138600	Cingulum_Mid_L	628	232	3696	1258	0	0	1230	418	0	0	0	184	404	530	282	0	0	0	9408	4358	0	0	3520	610	0	0	0	0	386	270	2794	2372	0	9372	4758	1178	0	0	0	0	0	0	0	0	930	902	0	0	1796	504	744	0	0	0	0	0	754	0	764	276	126	0	0	0	0	0	4980	2588	4582	1274	0	0	0	0	0	0	224	968	0	0	0	0	0	0	0	0	0	0	0	0	0	0	0	0	0	0	0	0	0	0	0	0	0	0	0	0	0	0	0	0	0	0	0	0	0	0	
539796	Cingulum_Mid_R	7258	944	6394	22898	0	252	1530	5038	0	0	0	4728	162	8614	176	1620	0	208	25060	56714	0	0	12736	17048	0	0	0	0	328	5886	2650	25376	9372	0	1356	9662	0	248	0	110	0	0	0	1108	0	2636	0	372	0	1404	0	238	0	0	0	208	0	2030	0	478	0	0	0	0	0	0	796	10072	6428	15516	290	222	0	736	0	0	0	600	0	0	0	0	0	110	0	130	0	0	0	156	0	0	0	0	0	0	0	0	0	0	0	0	0	0	0	0	0	0	0	0	0	0	0	0	0	0	
114504	Cingulum_Post_L	3942	0	236	0	0	0	612	0	0	0	0	0	0	0	0	0	0	0	1048	1064	0	0	0	0	0	0	0	0	290	0	182	0	4758	1356	0	6610	5930	1772	902	1294	0	0	4082	0	1522	0	1196	0	430	0	350	0	0	0	136	130	466	150	150	0	0	0	0	0	0	0	9674	1058	5406	1132	0	0	0	0	0	0	852	0	522	0	0	0	0	0	0	0	0	0	0	0	0	0	0	0	0	0	0	0	0	0	0	0	0	0	0	0	0	0	0	0	0	0	0	0	0	0	
121868	Cingulum_Post_R	1580	678	410	0	0	0	874	0	0	0	0	0	0	0	0	0	0	0	484	3954	0	0	0	0	0	0	0	0	310	0	0	0	1178	9662	6610	0	3486	3214	610	2228	0	0	0	1712	0	488	0	1638	0	118	0	0	0	0	116	184	0	2080	0	0	0	0	0	0	0	0	512	10126	196	5408	0	0	0	0	0	0	2064	226	514	0	0	0	0	0	0	0	0	0	0	0	0	0	0	0	0	0	0	0	0	0	0	0	0	0	0	0	0	0	0	0	274	0	0	0	0	0	
142024	Hippocampus_L	1820	0	2540	0	0	0	1268	0	0	0	0	0	0	0	0	0	710	0	1904	0	0	0	0	0	0	0	0	0	5318	0	0	0	0	0	5930	3486	0	1980	5962	1462	2580	0	3660	0	0	0	2346	0	0	0	262	0	410	0	5882	130	470	0	0	0	0	0	0	0	0	0	3782	350	0	0	284	0	3292	0	748	0	2994	0	2078	0	822	0	868	0	554	0	0	0	7120	0	0	0	0	0	0	0	0	0	0	0	0	0	0	0	0	0	0	0	0	0	0	0	0	0	0	0	
185432	Hippocampus_R	834	2494	394	2586	0	0	486	1402	0	0	0	716	0	236	0	0	0	826	282	942	0	0	0	0	0	0	0	0	154	4272	0	116	0	248	1772	3214	1980	0	370	17838	0	8130	0	98	0	0	0	2086	0	0	0	0	0	0	0	17272	0	606	0	0	0	0	0	0	0	0	0	1684	0	0	0	160	0	8982	0	472	1366	4300	228	108	0	270	0	152	0	106	0	0	0	5126	0	0	0	0	0	0	0	176	0	126	0	0	0	0	0	0	0	0	0	0	106	0	0	0	0	0	
46440	ParaHippocampal_L	0	0	124	0	154	0	0	0	0	0	0	0	0	0	238	0	0	0	0	0	740	102	0	0	0	0	0	0	786	0	0	0	0	0	902	610	5962	370	0	158	1034	0	540	0	0	0	2598	0	0	0	458	0	732	0	3110	0	0	0	0	0	0	0	0	0	0	0	468	0	0	0	316	0	268	0	0	0	266	0	0	0	0	0	1316	0	114	0	1118	0	736	0	0	0	0	0	0	0	0	0	0	0	0	0	0	0	0	0	0	0	0	0	0	0	0	0	0	0	
131700	ParaHippocampal_R	506	104	188	454	0	0	372	328	0	0	0	224	0	148	0	0	0	320	154	256	0	0	0	0	0	0	0	0	0	1244	0	0	0	110	1294	2228	1462	17838	158	0	0	5952	0	622	0	0	0	3172	0	0	0	0	0	0	0	13398	0	0	0	0	0	0	0	0	0	0	0	2270	0	0	0	0	0	3276	0	236	980	1290	146	0	0	0	0	2494	0	0	0	1406	0	2758	0	0	0	0	0	0	0	308	0	154	0	0	0	0	0	0	0	0	0	0	0	0	0	0	0	0	
34272	Amygdala_L	0	0	226	0	1150	0	0	0	0	0	0	0	0	0	1514	0	0	0	0	0	2328	268	0	0	0	0	226	0	3208	0	0	0	0	0	0	0	2580	0	1034	0	0	0	0	0	0	0	0	0	0	0	0	0	0	0	962	0	0	0	0	0	0	0	0	0	0	0	0	0	0	0	534	196	1072	0	0	0	0	0	0	0	0	0	1380	0	0	0	268	0	190	0	0	0	0	0	0	0	0	0	0	0	0	0	0	0	0	0	0	0	0	0	0	0	0	0	0	0	
53236	Amygdala_R	0	0	0	0	0	486	0	0	0	348	0	0	0	0	0	594	0	0	0	0	0	954	0	0	0	0	0	652	0	1534	0	0	0	0	0	0	0	8130	0	5952	0	0	0	0	0	0	0	0	0	0	0	0	0	0	0	6072	0	0	0	0	0	0	0	0	0	0	0	0	0	0	0	0	0	204	0	0	0	0	0	0	0	0	0	1432	0	0	0	116	0	144	0	0	0	0	0	0	0	0	0	0	0	0	0	0	0	0	0	0	0	0	0	0	0	0	0	0	
185552	Calcarine_L	0	0	0	0	0	0	0	0	0	0	0	0	0	0	0	0	0	0	0	0	0	0	0	0	0	0	0	0	0	0	0	0	0	0	4082	0	3660	0	540	0	0	0	0	11058	11018	4618	11634	5850	6486	1016	14594	180	5638	0	660	0	0	0	0	0	0	0	0	0	0	0	9990	456	360	0	0	0	0	0	0	0	0	0	0	0	0	0	0	0	578	0	0	0	164	0	0	0	0	0	0	0	0	0	0	0	0	0	0	0	0	0	0	0	0	0	194	0	0	0	0	0	
267736	Calcarine_R	0	1100	0	0	0	0	0	0	0	0	0	0	0	0	0	0	0	0	0	0	0	0	0	0	0	0	0	0	0	0	0	0	0	1108	0	1712	0	98	0	622	0	0	11058	0	4508	20256	1454	23348	306	18446	96	13900	0	4728	0	4646	0	1756	0	120	0	0	0	0	0	694	704	15324	0	1642	0	0	0	0	0	0	0	0	0	0	0	0	0	0	0	3932	0	0	0	1758	0	0	0	0	0	0	0	0	0	0	0	0	0	0	0	0	0	0	0	0	552	0	0	0	0	0	
167916	Cuneus_L	0	0	0	0	0	0	0	0	0	0	0	0	0	0	0	0	108	0	0	0	0	0	0	0	0	0	0	0	0	0	0	0	930	0	1522	0	0	0	0	0	0	0	11018	4508	0	5486	186	660	22764	642	13438	0	280	0	0	0	296	0	1606	0	0	0	164	0	0	0	15082	678	3412	0	0	0	0	0	0	0	0	0	238	0	202	0	0	0	618	0	0	0	120	0	0	0	0	0	0	0	0	0	0	0	0	0	0	0	0	0	0	0	0	0	0	0	0	0	0	0	
223248	Cuneus_R	0	1308	0	0	0	0	0	0	0	0	0	0	0	0	0	0	0	0	0	0	0	0	0	0	0	0	0	0	0	0	0	0	902	2636	0	488	0	0	0	0	0	0	4618	20256	5486	0	0	3568	284	25312	98	7470	0	416	0	572	0	2268	0	2114	0	0	0	0	0	352	4170	21756	0	5410	0	0	0	0	0	0	0	0	0	0	0	0	0	0	0	1726	0	0	0	414	0	0	0	0	0	0	0	0	0	0	0	0	0	0	0	0	0	0	0	0	0	0	0	0	0	0	
180776	Lingual_L	0	0	0	0	0	0	0	0	0	0	0	0	0	0	0	0	0	0	0	0	0	0	0	0	0	0	0	0	0	0	0	0	0	0	1196	0	2346	0	2598	0	0	0	11634	1454	186	0	0	2758	934	0	16928	0	16246	0	9686	0	0	0	0	0	0	0	0	0	0	0	3110	0	0	0	0	0	0	0	0	0	0	0	0	0	0	0	0	0	328	0	0	0	708	0	3288	392	134	0	0	0	4414	632	7284	436	190	0	0	0	0	0	0	0	0	0	2348	898	260	0	0	0	
196828	Lingual_R	0	0	0	0	0	0	0	0	0	0	0	0	0	0	0	0	0	0	0	0	0	0	0	0	0	0	0	0	0	0	0	0	0	372	0	1638	0	2086	0	3172	0	0	5850	23348	660	3568	2758	0	0	4764	0	3410	0	3378	468	12788	0	284	0	0	0	0	0	0	0	0	0	4570	0	336	0	0	0	0	0	0	0	450	0	0	0	0	0	0	0	844	0	0	0	1106	712	3020	0	132	0	0	1458	3294	1790	4962	0	0	0	106	0	0	0	0	0	0	4004	2570	516	0	0	0	
197136	Occipital_Sup_L	0	0	0	0	0	0	0	0	0	0	0	0	0	0	0	0	0	0	0	0	0	0	0	0	0	0	0	0	0	0	0	0	1796	0	430	0	0	0	0	0	0	0	6486	306	22764	284	934	0	0	0	27598	0	300	0	0	0	1308	0	9812	0	2808	0	0	0	374	0	19730	976	1954	0	0	0	0	0	0	0	0	0	108	0	0	0	0	0	384	0	0	0	216	0	0	0	0	0	0	0	0	0	0	0	0	0	0	0	0	0	0	0	0	0	0	0	0	0	0	0	
270192	Occipital_Sup_R	0	2810	0	0	0	0	0	0	0	0	0	0	0	0	0	0	0	0	0	0	0	0	0	0	0	0	0	0	0	0	0	0	504	1404	0	118	0	0	0	0	0	0	1016	18446	642	25312	0	4764	0	0	0	20914	0	960	0	1502	0	4426	0	6536	0	3634	0	200	0	5046	2148	20734	0	6578	0	0	0	0	0	0	0	0	0	0	0	212	0	0	0	5136	0	0	0	2054	0	0	0	0	0	0	0	0	0	0	0	0	0	0	0	0	0	0	0	0	0	0	0	0	0	0	
441292	Occipital_Mid_L	216	0	156	0	0	0	0	0	0	0	0	0	0	0	0	0	2874	0	186	0	0	0	0	0	0	0	0	0	764	0	0	0	744	0	350	0	262	0	458	0	0	0	14594	96	13438	98	16928	0	27598	0	0	0	26324	0	5082	0	8210	0	17268	0	10362	0	1958	0	11920	0	19486	280	4530	0	0	0	0	0	0	0	0	0	4580	0	2132	0	0	0	22090	0	0	0	7368	0	132	0	0	0	0	0	0	0	162	0	0	0	0	0	0	0	0	0	0	0	0	0	0	0	0	0	
250940	Occipital_Mid_R	0	3944	0	0	0	0	0	0	0	0	0	0	0	0	0	0	0	0	0	0	0	0	0	0	0	0	0	0	0	0	0	0	0	238	0	0	0	0	0	0	0	0	180	13900	0	7470	0	3410	0	20914	0	0	0	3678	0	1128	0	5160	0	2194	0	5304	0	322	0	18672	454	11168	0	5404	0	0	0	0	0	0	0	0	0	0	0	176	0	0	0	19202	0	0	0	2552	0	0	0	0	0	0	0	0	0	0	0	0	0	0	0	0	0	0	0	0	0	0	0	0	0	0	
145244	Occipital_Inf_L	0	0	0	0	0	0	0	0	0	0	0	0	0	0	0	0	0	0	0	0	0	0	0	0	0	0	0	0	0	0	0	0	0	0	0	0	410	0	732	0	0	0	5638	0	280	0	16246	0	300	0	26324	0	0	0	12492	0	120	0	134	0	0	0	0	0	120	0	1528	0	0	0	0	0	0	0	0	0	0	0	558	0	158	0	0	0	2360	0	0	0	4042	0	486	0	0	0	0	0	0	0	694	0	0	0	0	0	0	0	0	0	0	0	0	0	0	0	0	0	
61088	Occipital_Inf_R	0	98	0	0	0	0	0	0	0	0	0	0	0	0	0	0	0	0	0	0	0	0	0	0	0	0	0	0	0	0	0	0	0	0	0	0	0	0	0	0	0	0	0	4728	0	416	0	3378	0	960	0	3678	0	0	0	7454	0	222	0	130	0	218	0	0	0	318	0	1280	0	166	0	0	0	0	0	0	0	0	0	0	0	0	0	0	0	2016	0	0	0	5304	0	0	0	0	0	0	0	178	0	0	0	0	0	0	0	0	0	0	0	0	0	0	0	0	0	0	
204196	Fusiform_L	0	0	158	0	0	0	0	0	0	0	0	0	0	0	0	0	0	0	150	0	0	0	0	0	0	0	0	0	1738	0	0	0	0	0	136	116	5882	0	3110	0	962	0	660	0	0	0	9686	468	0	0	5082	0	12492	0	0	0	0	0	0	0	0	0	0	0	0	0	314	0	0	0	0	0	580	0	0	0	0	0	540	0	536	0	1988	0	2228	0	1724	0	10294	0	13668	574	814	128	268	0	6254	392	16818	670	0	0	0	104	0	0	0	0	0	0	1798	1386	380	0	0	0	
326148	Fusiform_R	0	478	0	554	0	0	0	476	0	0	0	130	0	114	0	0	0	236	0	168	0	0	0	0	0	0	0	0	0	914	0	0	0	208	130	184	130	17272	0	13398	0	6072	0	4646	0	572	0	12788	0	1502	0	1128	0	7454	0	0	0	764	0	256	0	188	0	482	0	0	0	3588	0	552	0	0	0	2378	0	0	0	958	0	0	0	1008	0	6408	0	2760	0	2412	0	21956	254	15942	0	1390	0	762	690	7436	590	18080	0	0	0	336	0	0	0	0	0	0	2950	1866	514	0	0	0	
302396	Postcentral_L	27240	0	4492	0	0	0	9018	0	0	0	4998	0	200	0	180	0	14234	0	3032	0	0	0	0	0	0	0	0	0	6226	0	0	0	754	0	466	0	470	0	0	0	0	0	0	0	296	0	0	0	1308	0	8210	0	120	0	0	0	0	0	14320	0	16380	0	4504	0	2560	0	9276	0	6000	0	348	0	540	0	170	0	1116	0	1686	0	3814	0	0	0	5172	0	0	0	4068	0	0	0	0	0	0	0	0	0	0	0	0	0	0	0	0	0	0	0	0	0	0	0	0	0	0	0	
259332	Postcentral_R	0	32914	0	2352	0	0	0	1218	0	0	0	2724	0	0	0	0	0	4262	0	1886	0	0	0	0	0	0	0	0	0	906	0	0	0	2030	150	2080	0	606	0	0	0	0	0	1756	0	2268	0	284	0	4426	0	5160	0	222	0	764	0	0	0	5920	0	5010	0	9408	0	2002	0	17726	0	16570	0	0	0	478	0	0	0	0	0	252	0	612	0	0	0	3210	0	0	0	2470	0	0	0	0	0	0	0	0	0	0	0	0	0	0	0	0	0	0	0	0	0	0	0	0	0	0	
192524	Parietal_Sup_L	0	0	0	0	0	0	0	0	0	0	0	0	0	0	0	0	426	0	0	0	0	0	0	0	0	0	0	0	0	0	0	0	764	0	150	0	0	0	0	0	0	0	0	0	1606	0	0	0	9812	0	17268	0	134	0	0	0	14320	0	0	0	10232	0	0	0	3180	0	19878	810	3670	0	0	0	0	0	0	0	0	0	374	0	348	0	0	0	7270	0	0	0	6020	0	0	0	0	0	0	0	0	0	0	0	0	0	0	0	0	0	0	0	0	0	0	0	0	0	0	0	
110248	Parietal_Sup_R	0	828	0	0	0	0	0	0	0	0	0	0	0	0	0	0	0	0	0	0	0	0	0	0	0	0	0	0	0	0	0	0	276	478	0	0	0	0	0	0	0	0	0	120	0	2114	0	0	0	6536	0	2194	0	130	0	256	0	5920	0	0	0	7114	0	1610	0	5806	696	10294	0	2776	0	0	0	0	0	0	0	0	0	0	0	202	0	0	0	3798	0	0	0	3976	0	0	0	0	0	0	0	0	0	0	0	0	0	0	0	0	0	0	0	0	0	0	0	0	0	0	
168164	Parietal_Inf_L	2772	0	560	0	0	0	106	0	0	0	0	0	0	0	0	0	1380	0	534	0	0	0	0	0	0	0	0	0	836	0	0	0	126	0	0	0	0	0	0	0	0	0	0	0	0	0	0	0	2808	0	10362	0	0	0	0	0	16380	0	10232	0	0	0	7788	0	13598	0	2880	0	546	0	172	0	0	0	0	0	234	0	292	0	520	0	0	0	7542	0	0	0	4414	0	0	0	0	0	0	0	0	0	0	0	0	0	0	0	0	0	0	0	0	0	0	0	0	0	0	0	
105368	Parietal_Inf_R	0	1764	0	152	0	0	0	0	0	0	0	0	0	0	0	0	0	0	0	140	0	0	0	0	0	0	0	0	0	0	0	0	0	0	0	0	0	0	0	0	0	0	0	0	0	0	0	0	0	3634	0	5304	0	218	0	188	0	5010	0	7114	0	0	0	7484	0	16066	150	1618	0	1640	0	0	0	0	0	0	0	0	0	198	0	868	0	0	0	718	0	0	0	418	0	0	0	0	0	0	0	0	0	0	0	0	0	0	0	0	0	0	0	0	0	0	0	0	0	0	
83680	SupraMarginal_L	772	0	980	0	0	0	0	0	0	0	0	0	0	0	0	0	3058	0	980	0	0	0	0	0	0	0	0	0	838	0	0	0	0	0	0	0	0	0	0	0	0	0	0	0	164	0	0	0	0	0	1958	0	0	0	0	0	4504	0	0	0	7788	0	0	0	6286	0	184	0	98	0	0	0	0	0	0	0	0	0	528	0	4298	0	0	0	8032	0	0	0	1372	0	0	0	0	0	0	0	0	0	0	0	0	0	0	0	0	0	0	0	0	0	0	0	0	0	0	0	
74696	SupraMarginal_R	0	1874	0	0	0	0	0	0	0	0	0	0	0	0	0	0	0	1848	0	0	0	0	0	0	0	0	0	0	0	190	0	0	0	0	0	0	0	0	0	0	0	0	0	0	0	0	0	0	0	200	0	322	0	0	0	482	0	9408	0	1610	0	7484	0	0	0	5196	0	434	0	230	0	0	0	0	0	0	0	0	0	604	0	5844	0	0	0	1106	0	0	0	516	0	0	0	0	0	0	0	0	0	0	0	0	0	0	0	0	0	0	0	0	0	0	0	0	0	0	
110488	Angular_L	1184	0	114	0	0	0	0	0	0	0	0	0	0	0	0	0	1066	0	114	0	0	0	0	0	0	0	0	0	210	0	0	0	0	0	0	0	0	0	0	0	0	0	0	0	0	0	0	0	374	0	11920	0	120	0	0	0	2560	0	3180	0	13598	0	6286	0	0	0	920	0	0	0	0	0	0	0	0	0	0	0	240	0	806	0	0	0	10492	0	0	0	2060	0	0	0	0	0	0	0	0	0	0	0	0	0	0	0	0	0	0	0	0	0	0	0	0	0	0	0	
145884	Angular_R	0	1584	0	0	0	0	0	0	0	0	0	0	0	0	0	0	0	0	0	0	0	0	0	0	0	0	0	0	0	0	0	0	0	0	0	0	0	0	0	0	0	0	0	694	0	352	0	0	0	5046	0	18672	0	318	0	0	0	2002	0	5806	0	16066	0	5196	0	0	134	1498	0	1972	0	0	0	0	0	0	0	0	0	0	0	3194	0	0	0	9876	0	0	0	532	0	0	0	0	0	0	0	0	0	0	0	0	0	0	0	0	0	0	0	0	0	0	0	0	0	0	
314784	Precuneus_L	684	0	0	0	0	0	0	0	0	0	0	0	0	0	0	0	270	0	108	0	0	0	0	0	0	0	0	0	0	0	0	0	4980	796	9674	512	3782	0	468	0	0	0	9990	704	15082	4170	3110	0	19730	2148	19486	454	1528	0	314	0	9276	0	19878	696	2880	150	184	0	920	134	0	11670	8732	458	0	0	0	0	0	0	0	0	376	0	312	0	0	0	2208	122	0	0	1406	0	0	0	0	0	0	0	0	0	0	0	0	0	0	0	0	0	0	0	0	0	0	0	0	0	0	0	
389444	Precuneus_R	236	8998	0	108	0	0	0	0	0	0	0	0	0	0	0	0	0	0	0	664	0	0	0	0	0	0	0	0	0	0	0	0	2588	10072	1058	10126	350	1684	0	2270	0	0	456	15324	678	21756	0	4570	976	20734	280	11168	0	1280	0	3588	0	17726	810	10294	0	1618	0	434	0	1498	11670	0	234	19996	134	0	0	0	0	0	0	0	0	0	0	392	0	0	0	6290	0	0	0	4262	0	0	0	0	0	0	0	0	0	0	0	0	0	0	0	0	0	0	0	0	400	0	0	0	0	0	
153028	Paracentral_Lobule_L	8440	2266	532	154	0	0	0	0	0	0	0	0	0	0	0	0	0	0	3882	8826	0	0	0	0	0	0	0	0	100	0	0	0	4582	6428	5406	196	0	0	0	0	0	0	360	0	3412	0	0	0	1954	0	4530	0	0	0	0	0	6000	0	3670	0	546	0	98	0	0	0	8732	234	0	4118	0	0	0	0	0	0	158	132	532	0	0	0	0	0	882	0	0	0	344	0	0	0	0	0	0	0	0	0	0	0	0	0	0	0	0	0	0	0	0	0	0	0	0	0	0	0	
261760	Paracentral_Lobule_R	4488	14476	912	254	0	0	244	0	0	0	0	0	0	0	0	0	0	0	422	15484	0	0	0	0	0	0	0	0	0	0	0	0	1274	15516	1132	5408	0	0	0	0	0	0	0	1642	0	5410	0	336	0	6578	0	5404	0	166	0	552	0	16570	0	2776	0	1640	0	230	0	1972	458	19996	4118	0	98	180	0	0	0	0	0	0	0	0	0	198	0	0	0	2096	0	0	0	850	0	0	0	0	0	0	0	0	0	0	0	0	0	0	0	0	0	0	0	0	0	0	0	0	0	0	
239532	Caudate_L	2612	160	9204	3220	2492	2740	3132	470	114	108	268	592	956	572	4592	274	144	0	8650	1230	6332	6382	388	2272	254	344	4088	1740	4036	690	6424	5492	0	290	0	0	284	0	316	0	534	0	0	0	0	0	0	0	0	0	0	0	0	0	0	0	348	0	0	0	172	0	0	0	0	0	0	134	0	98	0	12210	11474	2232	1632	118	9640	0	128	0	0	0	184	0	0	0	0	0	0	0	0	0	0	0	0	0	0	0	0	0	0	0	0	0	0	0	0	0	0	0	0	0	0	0	0	0	
350792	Caudate_R	3128	1786	5658	17410	800	9476	768	4376	0	144	266	426	420	232	2408	268	0	302	4144	11410	3110	5462	0	9556	104	3780	1362	2244	2232	906	3990	30232	0	222	0	0	0	160	0	0	196	0	0	0	0	0	0	0	0	0	0	0	0	0	0	0	0	0	0	0	0	0	0	0	0	0	0	0	0	180	12210	0	2878	20196	0	1242	508	11204	0	0	0	0	0	0	0	0	0	0	0	0	0	0	0	0	0	0	0	0	0	0	0	0	0	0	0	0	0	0	0	0	0	0	0	0	0	0	
246920	Putamen_L	874	0	26038	0	5940	138	3442	0	792	0	480	0	2402	0	6804	0	650	0	19008	0	2368	2562	1788	0	348	0	650	316	14190	0	6358	864	0	0	0	0	3292	0	268	0	1072	0	0	0	0	0	0	0	0	0	0	0	0	0	580	0	540	0	0	0	0	0	0	0	0	0	0	0	0	0	11474	2878	0	540	3554	0	910	0	0	0	580	0	1004	0	0	0	0	0	756	0	0	0	0	0	0	0	0	0	0	0	0	0	0	0	0	0	0	0	0	0	0	0	0	0	0	0	
294704	Putamen_R	246	2452	1196	15282	0	6590	196	8992	0	2382	0	2896	0	2292	100	3664	0	3026	1364	6168	202	788	0	3184	0	4486	0	1004	212	17766	2310	15992	0	736	0	0	0	8982	0	3276	0	204	0	0	0	0	0	0	0	0	0	0	0	0	0	2378	0	478	0	0	0	0	0	0	0	0	0	0	0	0	2232	20196	540	0	0	1882	0	2446	0	0	0	300	0	148	0	100	0	0	0	664	0	0	0	0	0	0	0	0	0	0	0	0	0	0	0	0	0	0	0	0	0	0	0	0	0	0	
32564	Pallidum_L	0	0	3656	0	0	0	0	0	0	0	0	0	0	0	0	0	126	0	4530	0	0	0	0	0	0	0	0	0	124	0	0	0	0	0	0	0	748	0	0	0	0	0	0	0	0	0	0	0	0	0	0	0	0	0	0	0	170	0	0	0	0	0	0	0	0	0	0	0	0	0	1632	0	3554	0	0	0	1628	0	0	0	114	0	0	0	0	0	0	0	0	0	0	0	0	0	0	0	0	0	0	0	0	0	0	0	0	0	0	0	0	0	0	0	0	0	0	0	
17936	Pallidum_R	184	0	0	1690	0	0	0	818	0	0	0	0	0	0	0	0	0	100	0	1518	0	0	0	0	0	0	0	0	0	598	0	0	0	0	0	0	0	472	0	236	0	0	0	0	0	0	0	0	0	0	0	0	0	0	0	0	0	0	0	0	0	0	0	0	0	0	0	0	0	0	118	1242	0	1882	0	0	0	110	0	0	0	0	0	0	0	0	0	0	0	0	0	0	0	0	0	0	0	0	0	0	0	0	0	0	0	0	0	0	0	0	0	0	0	0	0	0	
82496	Thalamus_L	3686	512	4672	320	0	0	1390	0	0	0	0	0	0	0	0	0	564	0	3240	258	0	0	0	0	0	0	0	0	740	0	0	180	224	0	852	2064	2994	1366	266	980	0	0	0	0	0	0	0	0	0	0	0	0	0	0	0	0	1116	0	0	0	234	0	0	0	0	0	0	0	158	0	9640	508	910	0	1628	0	0	2238	192	0	316	0	0	0	0	0	0	0	0	0	0	0	0	0	0	0	0	0	0	0	0	0	0	0	0	0	0	0	0	0	0	0	0	0	0	0	
88736	Thalamus_R	2686	1274	1870	5554	0	266	94	342	0	0	0	294	0	0	0	0	124	0	1752	3614	0	0	0	304	0	0	0	0	0	246	0	360	968	600	0	226	0	4300	0	1290	0	0	0	0	0	0	0	450	0	0	0	0	0	0	0	958	0	0	0	0	0	0	0	0	0	0	0	0	132	0	0	11204	0	2446	0	110	2238	0	0	0	0	0	0	0	0	0	0	0	0	666	0	0	0	0	0	0	0	0	0	0	0	0	0	0	0	0	0	0	0	0	0	0	0	0	0	0	
73600	Heschl_L	1898	0	1172	0	0	0	584	0	0	0	828	0	0	0	0	0	4190	0	1052	0	0	0	0	0	0	0	0	0	5424	0	0	0	0	0	522	514	2078	228	0	146	0	0	0	0	238	0	0	0	108	0	4580	0	558	0	540	0	1686	0	374	0	292	0	528	0	240	0	376	0	532	0	128	0	0	0	0	0	192	0	0	0	2912	0	0	0	3418	0	0	0	1462	0	0	0	0	0	0	0	0	0	0	0	0	0	0	0	0	0	0	0	0	0	0	0	0	0	0	0	
18156	Heschl_R	0	154	0	248	0	0	0	166	0	0	0	0	0	0	0	0	0	1574	0	112	0	0	0	0	0	0	0	0	0	1996	0	0	0	0	0	0	0	108	0	0	0	0	0	0	0	0	0	0	0	0	0	0	0	0	0	0	0	252	0	0	0	198	0	604	0	0	0	0	0	0	0	0	0	0	0	0	0	0	0	0	0	2426	0	0	0	824	0	0	0	416	0	0	0	0	0	0	0	0	0	0	0	0	0	0	0	0	0	0	0	0	0	0	0	0	0	0	
199788	Temporal_Sup_L	3224	0	4212	0	0	0	986	0	0	0	2696	0	182	0	0	0	10736	0	3862	0	0	0	0	0	0	0	0	0	7494	0	0	0	0	0	0	0	822	0	0	0	0	0	0	0	202	0	0	0	0	0	2132	0	158	0	536	0	3814	0	348	0	520	0	4298	0	806	0	312	0	0	0	0	0	580	0	114	0	316	0	2912	0	0	0	3280	0	28182	0	296	0	16874	0	0	0	0	0	0	0	0	0	0	0	0	0	0	0	0	0	0	0	0	0	0	0	0	0	0	0	
91404	Temporal_Sup_R	0	292	0	150	0	0	0	0	0	0	0	154	0	0	0	0	0	1660	0	0	0	0	0	0	0	0	0	0	0	3424	0	0	0	0	0	0	0	270	0	0	0	0	0	0	0	0	0	0	0	212	0	176	0	0	0	1008	0	612	0	202	0	868	0	5844	0	3194	0	392	0	198	0	0	0	300	0	0	0	0	0	2426	0	0	0	3204	0	16776	0	190	0	4150	0	0	0	0	0	0	0	0	0	0	0	0	0	0	0	0	0	0	0	0	0	0	0	0	0	0	
95888	Temporal_Pole_Sup_L	0	0	1504	0	536	0	176	0	0	0	1868	0	562	0	1698	0	1396	0	1314	0	1314	0	0	0	0	0	106	0	5668	0	0	0	0	0	0	0	868	0	1316	0	1380	0	0	0	0	0	0	0	0	0	0	0	0	0	1988	0	0	0	0	0	0	0	0	0	0	0	0	0	0	0	184	0	1004	0	0	0	0	0	0	0	3280	0	0	0	7888	0	6404	0	7490	0	0	0	0	0	0	0	0	0	0	0	0	0	0	0	0	0	0	0	0	0	0	0	0	0	0	0	
85752	Temporal_Pole_Sup_R	0	0	170	3094	0	0	0	2204	0	0	0	1698	0	166	0	0	0	5782	368	1300	0	0	0	0	0	0	0	0	0	4724	116	570	0	110	0	0	0	152	0	2494	0	1432	0	0	0	0	0	0	0	0	0	0	0	0	0	6408	0	0	0	0	0	0	0	0	0	0	0	0	0	0	0	0	0	148	0	0	0	0	0	0	0	3204	0	0	0	2162	0	3098	0	3476	0	0	0	0	0	0	0	0	0	0	0	0	0	0	0	0	0	0	0	0	0	0	0	0	0	0	
327436	Temporal_Mid_L	156	0	110	0	0	0	0	0	0	0	0	0	0	0	0	0	2050	0	116	0	0	0	0	0	0	0	0	0	1200	0	0	0	0	0	0	0	554	0	114	0	0	0	578	0	618	0	328	0	384	0	22090	0	2360	0	2228	0	5172	0	7270	0	7542	0	8032	0	10492	0	2208	0	882	0	0	0	0	0	0	0	0	0	3418	0	28182	0	7888	0	0	0	5176	0	44570	0	0	0	0	0	0	0	0	0	0	0	0	0	0	0	0	0	0	0	0	0	0	0	0	0	0	0	
218868	Temporal_Mid_R	0	1588	0	0	0	0	0	0	0	0	0	0	0	0	0	0	0	0	0	0	0	0	0	0	0	0	0	0	0	808	0	0	0	130	0	0	0	106	0	0	0	0	0	3932	0	1726	0	844	0	5136	0	19202	0	2016	0	2760	0	3210	0	3798	0	718	0	1106	0	9876	122	6290	0	2096	0	0	0	100	0	0	0	0	0	824	0	16776	0	2162	0	0	0	2546	0	21562	0	0	0	0	0	0	0	0	0	0	0	0	0	0	0	0	0	0	0	0	0	0	0	0	0	0	
39424	Temporal_Pole_Mid_L	0	0	0	0	0	0	0	0	0	0	0	0	0	0	0	0	0	0	0	0	0	0	0	0	0	0	0	0	0	0	0	0	0	0	0	0	0	0	1118	0	268	0	0	0	0	0	0	0	0	0	0	0	0	0	1724	0	0	0	0	0	0	0	0	0	0	0	0	0	0	0	0	0	0	0	0	0	0	0	0	0	296	0	6404	0	5176	0	0	0	4726	0	0	0	0	0	0	0	0	0	0	0	0	0	0	0	0	0	0	0	0	0	0	0	0	0	0	0	
25188	Temporal_Pole_Mid_R	0	0	0	0	0	0	0	0	0	0	0	0	0	0	0	0	0	0	0	0	0	0	0	0	0	0	0	0	0	0	0	0	0	0	0	0	0	0	0	1406	0	116	0	0	0	0	0	0	0	0	0	0	0	0	0	2412	0	0	0	0	0	0	0	0	0	0	0	0	0	0	0	0	0	0	0	0	0	0	0	0	0	190	0	3098	0	2546	0	0	0	2826	0	0	0	0	0	0	0	0	0	0	0	0	0	0	0	0	0	0	0	0	0	0	0	0	0	0	
273684	Temporal_Inf_L	0	0	214	0	0	0	0	0	0	0	0	0	0	0	0	0	1166	0	214	0	0	0	0	0	0	0	0	0	2874	0	0	0	0	0	0	0	7120	0	736	0	190	0	164	0	120	0	708	0	216	0	7368	0	4042	0	10294	0	4068	0	6020	0	4414	0	1372	0	2060	0	1406	0	344	0	0	0	756	0	0	0	0	0	1462	0	16874	0	7490	0	44570	0	4726	0	0	0	3334	0	860	0	0	0	374	0	1286	0	0	0	0	0	0	0	0	0	0	0	0	0	0	0	0	0	
187508	Temporal_Inf_R	0	512	0	394	0	0	0	276	0	0	0	0	0	0	0	0	0	0	0	134	0	0	0	0	0	0	0	0	0	390	0	0	0	156	0	0	0	5126	0	2758	0	144	0	1758	0	414	0	1106	0	2054	0	2552	0	5304	0	21956	0	2470	0	3976	0	418	0	516	0	532	0	4262	0	850	0	0	0	664	0	0	0	666	0	416	0	4150	0	3476	0	21562	0	2826	0	0	0	1398	0	0	0	0	0	0	0	538	0	0	0	0	0	0	0	0	0	0	0	0	0	0	0	0	
358492	Cerebelum_Crus1_L	0	0	0	0	0	0	0	0	0	0	0	0	0	0	0	0	0	0	0	0	0	0	0	0	0	0	0	0	0	0	0	0	0	0	0	0	0	0	0	0	0	0	0	0	0	0	3288	712	0	0	132	0	486	0	13668	254	0	0	0	0	0	0	0	0	0	0	0	0	0	0	0	0	0	0	0	0	0	0	0	0	0	0	0	0	0	0	0	0	3334	0	0	5462	30662	3632	644	0	14090	714	42498	5646	14374	930	9338	2378	2242	732	360	0	0	0	4364	8550	8048	1620	938	150	
323896	Cerebelum_Crus1_R	0	0	0	0	0	0	0	0	0	0	0	0	0	0	0	0	0	0	0	0	0	0	0	0	0	0	0	0	0	0	0	0	0	0	0	0	0	0	0	0	0	0	0	0	0	0	392	3020	0	0	0	0	0	0	574	15942	0	0	0	0	0	0	0	0	0	0	0	0	0	0	0	0	0	0	0	0	0	0	0	0	0	0	0	0	0	0	0	0	0	1398	5462	0	1718	24516	0	1692	2330	9434	6228	41096	556	4964	1808	13030	678	1808	0	0	0	158	4930	9366	8474	1542	832	0	
235984	Cerebelum_Crus2_L	0	0	0	0	0	0	0	0	0	0	0	0	0	0	0	0	0	0	0	0	0	0	0	0	0	0	0	0	0	0	0	0	0	0	0	0	0	0	0	0	0	0	0	0	0	0	134	0	0	0	0	0	0	0	814	0	0	0	0	0	0	0	0	0	0	0	0	0	0	0	0	0	0	0	0	0	0	0	0	0	0	0	0	0	0	0	0	0	860	0	30662	1718	0	3770	152	0	2906	224	8344	1332	28130	2098	20208	2256	2840	382	134	0	0	0	980	2222	5000	2354	472	0	
219888	Cerebelum_Crus2_R	0	0	0	0	0	0	0	0	0	0	0	0	0	0	0	0	0	0	0	0	0	0	0	0	0	0	0	0	0	0	0	0	0	0	0	0	0	0	0	0	0	0	0	0	0	0	0	132	0	0	0	0	0	0	128	1390	0	0	0	0	0	0	0	0	0	0	0	0	0	0	0	0	0	0	0	0	0	0	0	0	0	0	0	0	0	0	0	0	0	0	3632	24516	3770	0	0	0	1110	152	2498	4976	2770	17760	4648	24184	1150	2416	0	0	0	0	344	2136	8648	2862	722	0	
13828	Cerebelum_3_L	0	0	0	0	0	0	0	0	0	0	0	0	0	0	0	0	0	0	0	0	0	0	0	0	0	0	0	0	0	0	0	0	0	0	0	0	0	0	0	0	0	0	0	0	0	0	0	0	0	0	0	0	0	0	268	0	0	0	0	0	0	0	0	0	0	0	0	0	0	0	0	0	0	0	0	0	0	0	0	0	0	0	0	0	0	0	0	0	0	0	644	0	152	0	0	0	3354	0	1346	0	108	0	0	0	174	0	0	0	234	124	372	138	0	0	0	0	
27972	Cerebelum_3_R	0	0	0	0	0	0	0	0	0	0	0	0	0	0	0	0	0	0	0	0	0	0	0	0	0	0	0	0	0	0	0	0	0	0	0	0	0	0	0	0	0	0	0	0	0	0	0	0	0	0	0	0	0	0	0	762	0	0	0	0	0	0	0	0	0	0	0	0	0	0	0	0	0	0	0	0	0	0	0	0	0	0	0	0	0	0	0	0	0	0	0	1692	0	0	0	0	202	3904	0	4544	0	94	0	208	0	280	0	0	128	1216	722	136	0	0	98	0	
194672	Cerebelum_4_5_L	0	0	0	0	0	0	0	0	0	0	0	0	0	0	0	0	0	0	0	0	0	0	0	0	0	0	0	0	0	0	0	0	0	0	0	0	0	0	0	0	0	0	0	0	0	0	4414	1458	0	0	0	0	0	0	6254	690	0	0	0	0	0	0	0	0	0	0	0	0	0	0	0	0	0	0	0	0	0	0	0	0	0	0	0	0	0	0	0	0	374	0	14090	2330	2906	1110	3354	202	0	2172	24170	2990	2882	0	1586	1100	3038	1260	694	0	114	192	10948	3948	1606	1002	1486	966	
125008	Cerebelum_4_5_R	0	0	0	0	0	0	0	0	0	0	0	0	0	0	0	0	0	0	0	0	0	0	0	0	0	0	0	0	0	0	0	0	0	0	0	0	0	176	0	308	0	0	0	0	0	0	632	3294	0	0	0	0	0	178	392	7436	0	0	0	0	0	0	0	0	0	0	0	0	0	0	0	0	0	0	0	0	0	0	0	0	0	0	0	0	0	0	0	0	0	0	714	9434	224	152	0	3904	2172	0	1468	19886	224	0	0	354	0	244	0	0	0	642	9138	1070	136	0	134	192	
325148	Cerebelum_6_L	0	0	0	0	0	0	0	0	0	0	0	0	0	0	0	0	0	0	0	0	0	0	0	0	0	0	0	0	0	0	0	0	0	0	0	0	0	0	0	0	0	0	0	0	0	0	7284	1790	0	0	162	0	694	0	16818	590	0	0	0	0	0	0	0	0	0	0	0	0	0	0	0	0	0	0	0	0	0	0	0	0	0	0	0	0	0	0	0	0	1286	0	42498	6228	8344	2498	1346	0	24170	1468	0	6900	4736	0	2120	2150	1520	1298	212	0	0	0	8060	11276	6298	1212	1428	188	
300984	Cerebelum_6_R	0	0	0	0	0	0	0	0	0	0	0	0	0	0	0	0	0	0	0	0	0	0	0	0	0	0	0	0	0	0	0	0	0	0	0	0	0	126	0	154	0	0	0	0	0	0	436	4962	0	0	0	0	0	0	670	18080	0	0	0	0	0	0	0	0	0	0	0	0	0	0	0	0	0	0	0	0	0	0	0	0	0	0	0	0	0	0	0	0	0	538	5646	41096	1332	4976	0	4544	2990	19886	6900	0	404	196	718	4674	214	2046	0	146	0	568	8984	11272	6558	1092	1176	108	
193220	Cerebelum_7b_L	0	0	0	0	0	0	0	0	0	0	0	0	0	0	0	0	0	0	0	0	0	0	0	0	0	0	0	0	0	0	0	0	0	0	0	0	0	0	0	0	0	0	0	0	0	0	190	0	0	0	0	0	0	0	0	0	0	0	0	0	0	0	0	0	0	0	0	0	0	0	0	0	0	0	0	0	0	0	0	0	0	0	0	0	0	0	0	0	0	0	14374	556	28130	2770	108	0	2882	224	4736	404	0	2034	25558	1730	4250	214	396	0	0	0	986	614	3302	2846	306	0	
109700	Cerebelum_7b_R	0	0	0	0	0	0	0	0	0	0	0	0	0	0	0	0	0	0	0	0	0	0	0	0	0	0	0	0	0	0	0	0	0	0	0	0	0	0	0	0	0	0	0	0	0	0	0	0	0	0	0	0	0	0	0	0	0	0	0	0	0	0	0	0	0	0	0	0	0	0	0	0	0	0	0	0	0	0	0	0	0	0	0	0	0	0	0	0	0	0	930	4964	2098	17760	0	94	0	0	0	196	2034	0	1886	18092	0	3114	0	0	0	0	0	0	1604	2078	0	0	
198036	Cerebelum_8_L	0	0	0	0	0	0	0	0	0	0	0	0	0	0	0	0	0	0	0	0	0	0	0	0	0	0	0	0	0	0	0	0	0	0	0	0	0	0	0	0	0	0	0	0	0	0	0	0	0	0	0	0	0	0	0	0	0	0	0	0	0	0	0	0	0	0	0	0	0	0	0	0	0	0	0	0	0	0	0	0	0	0	0	0	0	0	0	0	0	0	9338	1808	20208	4648	0	0	1586	0	2120	718	25558	1886	0	4708	10230	606	1222	0	0	0	574	1160	5876	5300	1360	112	
204760	Cerebelum_8_R	0	0	0	0	0	0	0	0	0	0	0	0	0	0	0	0	0	0	0	0	0	0	0	0	0	0	0	0	0	0	0	0	0	0	0	0	0	0	0	0	0	0	0	0	0	0	0	106	0	0	0	0	0	0	104	336	0	0	0	0	0	0	0	0	0	0	0	0	0	0	0	0	0	0	0	0	0	0	0	0	0	0	0	0	0	0	0	0	0	0	2378	13030	2256	24184	0	208	1100	354	2150	4674	1730	18092	4708	0	1340	9964	112	478	0	126	538	1872	7066	3952	1320	202	
76504	Cerebelum_9_L	0	0	0	0	0	0	0	0	0	0	0	0	0	0	0	0	0	0	0	0	0	0	0	0	0	0	0	0	0	0	0	0	0	0	0	0	0	0	0	0	0	0	0	0	0	0	0	0	0	0	0	0	0	0	0	0	0	0	0	0	0	0	0	0	0	0	0	0	0	0	0	0	0	0	0	0	0	0	0	0	0	0	0	0	0	0	0	0	0	0	2242	678	2840	1150	174	0	3038	0	1520	214	4250	0	10230	1340	0	868	1982	0	0	0	1378	1264	1538	1572	1660	314	
86344	Cerebelum_9_R	0	0	0	0	0	0	0	0	0	0	0	0	0	0	0	0	0	0	0	0	0	0	0	0	0	0	0	0	0	0	0	0	0	0	0	0	0	0	0	0	0	0	0	0	0	0	0	0	0	0	0	0	0	0	0	0	0	0	0	0	0	0	0	0	0	0	0	0	0	0	0	0	0	0	0	0	0	0	0	0	0	0	0	0	0	0	0	0	0	0	732	1808	382	2416	0	280	1260	244	1298	2046	214	3114	606	9964	868	0	118	904	0	232	2214	3958	1118	3142	4638	1616	
12028	Cerebelum_10_L	0	0	0	0	0	0	0	0	0	0	0	0	0	0	0	0	0	0	0	0	0	0	0	0	0	0	0	0	0	0	0	0	0	0	0	0	0	0	0	0	0	0	0	0	0	0	0	0	0	0	0	0	0	0	0	0	0	0	0	0	0	0	0	0	0	0	0	0	0	0	0	0	0	0	0	0	0	0	0	0	0	0	0	0	0	0	0	0	0	0	360	0	134	0	0	0	694	0	212	0	396	0	1222	112	1982	118	0	0	0	0	114	146	154	190	180	0	
3056	Cerebelum_10_R	0	0	0	0	0	0	0	0	0	0	0	0	0	0	0	0	0	0	0	0	0	0	0	0	0	0	0	0	0	0	0	0	0	0	0	0	0	0	0	0	0	0	0	0	0	0	0	0	0	0	0	0	0	0	0	0	0	0	0	0	0	0	0	0	0	0	0	0	0	0	0	0	0	0	0	0	0	0	0	0	0	0	0	0	0	0	0	0	0	0	0	0	0	0	0	0	0	0	0	146	0	0	0	478	0	904	0	0	0	0	0	0	0	0	0	0	
6340	Vermis_1_2	0	0	0	0	0	0	0	0	0	0	0	0	0	0	0	0	0	0	0	0	0	0	0	0	0	0	0	0	0	0	0	0	0	0	0	0	0	0	0	0	0	0	0	0	0	0	0	0	0	0	0	0	0	0	0	0	0	0	0	0	0	0	0	0	0	0	0	0	0	0	0	0	0	0	0	0	0	0	0	0	0	0	0	0	0	0	0	0	0	0	0	0	0	0	234	128	114	0	0	0	0	0	0	0	0	0	0	0	0	2080	614	0	0	0	0	0	
12312	Vermis_3	0	0	0	0	0	0	0	0	0	0	0	0	0	0	0	0	0	0	0	0	0	0	0	0	0	0	0	0	0	0	0	0	0	0	0	0	0	0	0	0	0	0	0	0	0	0	0	0	0	0	0	0	0	0	0	0	0	0	0	0	0	0	0	0	0	0	0	0	0	0	0	0	0	0	0	0	0	0	0	0	0	0	0	0	0	0	0	0	0	0	0	158	0	0	124	1216	192	642	0	568	0	0	0	126	0	232	0	0	2080	0	818	0	0	0	0	0	
158956	Vermis_4_5	0	0	0	0	0	0	0	0	0	0	0	0	0	0	0	0	0	0	0	0	0	0	0	0	0	0	0	0	0	0	0	0	0	0	0	274	0	106	0	0	0	0	194	552	0	0	2348	4004	0	0	0	0	0	0	1798	2950	0	0	0	0	0	0	0	0	0	0	0	400	0	0	0	0	0	0	0	0	0	0	0	0	0	0	0	0	0	0	0	0	0	0	4364	4930	980	344	372	722	10948	9138	8060	8984	986	0	574	538	1378	2214	114	0	614	818	0	5052	488	1076	2220	1938	
172704	Vermis_6	0	0	0	0	0	0	0	0	0	0	0	0	0	0	0	0	0	0	0	0	0	0	0	0	0	0	0	0	0	0	0	0	0	0	0	0	0	0	0	0	0	0	0	0	0	0	898	2570	0	0	0	0	0	0	1386	1866	0	0	0	0	0	0	0	0	0	0	0	0	0	0	0	0	0	0	0	0	0	0	0	0	0	0	0	0	0	0	0	0	0	0	8550	9366	2222	2136	138	136	3948	1070	11276	11272	614	0	1160	1872	1264	3958	146	0	0	0	5052	0	6266	2994	4286	1906	
158308	Vermis_7	0	0	0	0	0	0	0	0	0	0	0	0	0	0	0	0	0	0	0	0	0	0	0	0	0	0	0	0	0	0	0	0	0	0	0	0	0	0	0	0	0	0	0	0	0	0	260	516	0	0	0	0	0	0	380	514	0	0	0	0	0	0	0	0	0	0	0	0	0	0	0	0	0	0	0	0	0	0	0	0	0	0	0	0	0	0	0	0	0	0	8048	8474	5000	8648	0	0	1606	136	6298	6558	3302	1604	5876	7066	1538	1118	154	0	0	0	488	6266	0	3872	1432	0	
86804	Vermis_8	0	0	0	0	0	0	0	0	0	0	0	0	0	0	0	0	0	0	0	0	0	0	0	0	0	0	0	0	0	0	0	0	0	0	0	0	0	0	0	0	0	0	0	0	0	0	0	0	0	0	0	0	0	0	0	0	0	0	0	0	0	0	0	0	0	0	0	0	0	0	0	0	0	0	0	0	0	0	0	0	0	0	0	0	0	0	0	0	0	0	1620	1542	2354	2862	0	0	1002	0	1212	1092	2846	2078	5300	3952	1572	3142	190	0	0	0	1076	2994	3872	0	4260	436	
60548	Vermis_9	0	0	0	0	0	0	0	0	0	0	0	0	0	0	0	0	0	0	0	0	0	0	0	0	0	0	0	0	0	0	0	0	0	0	0	0	0	0	0	0	0	0	0	0	0	0	0	0	0	0	0	0	0	0	0	0	0	0	0	0	0	0	0	0	0	0	0	0	0	0	0	0	0	0	0	0	0	0	0	0	0	0	0	0	0	0	0	0	0	0	938	832	472	722	0	98	1486	134	1428	1176	306	0	1360	1320	1660	4638	180	0	0	0	2220	4286	1432	4260	0	1326	
18908	Vermis_10	0	0	0	0	0	0	0	0	0	0	0	0	0	0	0	0	0	0	0	0	0	0	0	0	0	0	0	0	0	0	0	0	0	0	0	0	0	0	0	0	0	0	0	0	0	0	0	0	0	0	0	0	0	0	0	0	0	0	0	0	0	0	0	0	0	0	0	0	0	0	0	0	0	0	0	0	0	0	0	0	0	0	0	0	0	0	0	0	0	0	150	0	0	0	0	0	966	192	188	108	0	0	112	202	314	1616	0	0	0	0	1938	1906	0	436	1326	0	
