data	data	701840	221516	934452	631316	162476	99668	477184	270708	121540	14388	353100	209136	282416	121536	178504	72668	299732	109868	692692	619716	81172	80768	312288	273852	17192	80924	36904	51264	567504	278268	220832	423716	147352	390608	195472	234164	299232	377020	115592	177076	36012	59148	289080	305060	193052	313172	355996	329048	159384	318144	427560	239700	156368	189684	387716	450504	366324	196472	175532	102664	290876	168184	172088	161376	192980	216488	350916	487216	228832	185904	263536	222184	372620	218224	60496	27588	216752	208848	100320	36584	246996	140076	59456	48344	341664	259828	12976	15368	278624	350980	430556	426292	360708	278872	28812	44460	355016	218796	492788	433992	235572	107316	293968	253096	142160	106548	46252	28068	17448	50480	219584	240108	227212	135300	88704	20596	
data	data	Precentral_L	Precentral_R	Frontal_Sup_L	Frontal_Sup_R	Frontal_Sup_Orb_L	Frontal_Sup_Orb_R	Frontal_Mid_L	Frontal_Mid_R	Frontal_Mid_Orb_L	Frontal_Mid_Orb_R	Frontal_Inf_Oper_L	Frontal_Inf_Oper_R	Frontal_Inf_Tri_L	Frontal_Inf_Tri_R	Frontal_Inf_Orb_L	Frontal_Inf_Orb_R	Rolandic_Oper_L	Rolandic_Oper_R	Supp_Motor_Area_L	Supp_Motor_Area_R	Olfactory_L	Olfactory_R	Frontal_Sup_Medial_L	Frontal_Sup_Medial_R	Frontal_Med_Orb_L	Frontal_Med_Orb_R	Rectus_L	Rectus_R	Insula_L	Insula_R	Cingulum_Ant_L	Cingulum_Ant_R	Cingulum_Mid_L	Cingulum_Mid_R	Cingulum_Post_L	Cingulum_Post_R	Hippocampus_L	Hippocampus_R	ParaHippocampal_L	ParaHippocampal_R	Amygdala_L	Amygdala_R	Calcarine_L	Calcarine_R	Cuneus_L	Cuneus_R	Lingual_L	Lingual_R	Occipital_Sup_L	Occipital_Sup_R	Occipital_Mid_L	Occipital_Mid_R	Occipital_Inf_L	Occipital_Inf_R	Fusiform_L	Fusiform_R	Postcentral_L	Postcentral_R	Parietal_Sup_L	Parietal_Sup_R	Parietal_Inf_L	Parietal_Inf_R	SupraMarginal_L	SupraMarginal_R	Angular_L	Angular_R	Precuneus_L	Precuneus_R	Paracentral_Lobule_L	Paracentral_Lobule_R	Caudate_L	Caudate_R	Putamen_L	Putamen_R	Pallidum_L	Pallidum_R	Thalamus_L	Thalamus_R	Heschl_L	Heschl_R	Temporal_Sup_L	Temporal_Sup_R	Temporal_Pole_Sup_L	Temporal_Pole_Sup_R	Temporal_Mid_L	Temporal_Mid_R	Temporal_Pole_Mid_L	Temporal_Pole_Mid_R	Temporal_Inf_L	Temporal_Inf_R	Cerebelum_Crus1_L	Cerebelum_Crus1_R	Cerebelum_Crus2_L	Cerebelum_Crus2_R	Cerebelum_3_L	Cerebelum_3_R	Cerebelum_4_5_L	Cerebelum_4_5_R	Cerebelum_6_L	Cerebelum_6_R	Cerebelum_7b_L	Cerebelum_7b_R	Cerebelum_8_L	Cerebelum_8_R	Cerebelum_9_L	Cerebelum_9_R	Cerebelum_10_L	Cerebelum_10_R	Vermis_1_2	Vermis_3	Vermis_4_5	Vermis_6	Vermis_7	Vermis_8	Vermis_9	Vermis_10	
701840	Precentral_L	0	3620	37050	6012	0	0	23108	980	0	0	26398	880	6532	0	0	0	16414	0	27136	13604	0	0	450	502	0	0	0	0	16550	0	2152	1924	2588	3928	9944	5846	11804	2692	1982	0	0	0	544	0	1054	254	596	0	0	200	394	0	0	0	476	0	30630	90	146	0	4060	0	442	0	136	0	4206	1288	24426	790	3808	986	9100	126	1480	508	19834	9384	6378	0	5632	0	0	0	544	0	0	0	1312	0	0	0	0	0	0	0	0	0	0	0	0	0	0	0	0	0	0	0	0	0	0	0	0	0	0	0	
221516	Precentral_R	3620	0	1680	10412	0	0	212	14790	0	0	356	13330	0	316	0	0	356	940	2802	7522	0	0	0	0	0	0	0	0	566	2948	116	144	0	592	552	2340	380	3696	160	198	0	0	0	730	0	124	0	404	0	0	0	0	0	1068	0	300	500	14426	0	142	0	470	0	1708	0	494	0	1104	1502	4548	3176	416	1736	2556	318	0	1024	1266	0	130	278	156	0	0	0	1072	0	0	0	3082	0	0	0	0	0	0	0	0	0	0	0	0	0	0	0	0	0	0	0	0	0	0	0	0	0	0	
934452	Frontal_Sup_L	37050	1680	0	12428	9124	0	70558	2556	4642	0	19154	430	23740	0	7126	0	18916	524	83506	14006	0	0	36716	0	984	0	0	0	32662	112	8418	1334	2352	1604	906	0	2550	92	114	0	0	0	0	0	0	134	0	0	0	0	0	0	0	0	122	0	13746	200	0	0	220	0	0	0	0	0	0	130	5620	94	6996	414	20548	134	6300	412	9218	1268	1562	0	6540	0	284	0	0	0	0	0	0	0	0	0	0	0	0	0	0	0	0	0	0	0	0	0	0	0	0	0	0	0	0	0	0	0	0	0	
631316	Frontal_Sup_R	6012	10412	12428	0	0	5454	2880	36014	0	396	1238	14840	104	8142	0	4704	550	4454	19802	47618	0	0	7014	30794	0	2800	0	0	1474	13972	2818	31444	542	12218	0	868	652	3454	88	538	0	0	0	0	0	126	0	292	0	0	0	0	0	0	0	304	114	2040	0	0	0	0	0	0	0	0	0	440	2496	202	4194	5286	3616	6244	106	1862	724	3412	86	0	214	0	0	0	0	0	0	0	0	176	0	0	0	0	0	0	0	0	0	0	0	0	0	0	0	0	0	0	0	0	0	0	0	0	0	0	
162476	Frontal_Sup_Orb_L	0	0	9124	0	0	0	618	0	16868	0	490	114	2842	0	15938	0	0	0	1366	0	2174	134	3150	0	1514	0	3504	0	10536	0	2604	524	0	0	0	0	0	0	0	0	0	0	0	0	0	0	0	0	0	0	0	0	0	0	0	0	0	0	0	0	0	0	0	0	0	0	0	0	0	0	1308	216	8048	0	0	0	0	0	0	0	0	0	166	0	0	0	0	0	0	0	0	0	0	0	0	0	0	0	0	0	0	0	0	0	0	0	0	0	0	0	0	0	0	0	0	0	
99668	Frontal_Sup_Orb_R	0	0	0	5454	0	0	0	1406	0	2596	86	196	0	1474	0	5018	0	0	0	390	284	1680	240	5128	0	7326	96	6418	0	2828	348	4736	0	170	0	0	0	0	0	0	0	0	0	0	0	0	0	0	0	0	0	0	0	0	0	0	0	0	0	0	0	0	0	0	0	0	0	0	0	0	342	1638	220	1760	0	0	0	0	0	0	0	0	0	0	0	0	0	0	0	0	0	0	0	0	0	0	0	0	0	0	0	0	0	0	0	0	0	0	0	0	0	0	0	0	0	0	
477184	Frontal_Mid_L	23108	212	70558	2880	618	0	0	358	1750	0	18086	720	30686	0	6594	0	5468	0	22170	3154	0	0	17370	626	0	0	0	0	11826	0	3210	2296	598	242	0	0	2014	0	396	0	0	0	0	0	0	0	0	0	0	0	0	0	0	0	0	0	4136	0	0	0	222	0	0	0	0	0	0	0	0	0	858	110	2576	0	370	0	2592	452	1714	0	468	0	0	0	0	0	0	0	154	0	0	0	0	0	0	0	0	0	0	0	0	0	0	0	0	0	0	0	0	0	0	0	0	0	0	0	
270708	Frontal_Mid_R	980	14790	2556	36014	0	1406	358	0	0	380	1008	15964	182	11934	0	2824	1348	1092	4290	3438	0	0	688	4190	0	0	0	0	2090	3174	512	2192	0	1514	0	236	550	3382	0	372	0	0	0	0	0	136	0	356	0	102	0	0	0	0	0	334	146	402	0	0	0	0	0	96	0	0	0	472	118	86	6460	646	4502	1398	90	0	0	1394	0	0	872	0	0	0	0	0	0	0	0	192	0	0	0	0	0	0	0	0	0	0	0	0	0	0	0	0	0	0	0	0	88	0	0	0	0	0	
121540	Frontal_Mid_Orb_L	0	0	4642	0	16868	0	1750	0	0	0	154	0	3384	0	16766	0	0	0	772	0	616	110	674	0	194	0	1758	0	6274	0	1188	330	0	0	0	0	0	0	0	0	0	0	0	0	0	0	0	0	0	0	0	0	0	0	0	0	0	0	0	0	0	0	0	0	0	0	0	0	0	0	592	172	4396	0	0	0	0	0	0	0	0	0	130	0	0	0	0	0	0	0	0	0	0	0	0	0	0	0	0	0	0	0	0	0	0	0	0	0	0	0	0	0	0	0	0	0	
14388	Frontal_Mid_Orb_R	0	0	0	396	0	2596	0	380	0	0	0	0	0	0	0	3822	0	0	0	0	0	0	0	0	0	0	0	0	0	0	0	0	0	0	0	0	0	0	0	0	0	0	0	0	0	0	0	0	0	0	0	0	0	0	0	0	0	0	0	0	0	0	0	0	0	0	0	0	0	0	0	0	0	0	0	0	0	0	0	0	0	0	0	0	0	0	0	0	0	0	0	0	0	0	0	0	0	0	0	0	0	0	0	0	0	0	0	0	0	0	0	0	0	0	0	0	
353100	Frontal_Inf_Oper_L	26398	356	19154	1238	490	86	18086	1008	154	0	0	1434	15888	288	1310	0	14330	0	8468	968	0	0	2920	444	0	0	0	0	23176	532	2690	2804	560	244	188	0	2056	0	396	0	0	0	0	0	0	0	0	0	0	0	0	0	0	0	0	0	9256	0	0	0	1808	0	0	0	0	0	158	0	130	0	3640	1042	3902	0	328	0	2138	206	2884	0	4184	0	1208	0	0	0	0	0	0	0	0	0	0	0	0	0	0	0	0	0	0	0	0	0	0	0	0	0	0	0	0	0	0	0	0	0	
209136	Frontal_Inf_Oper_R	880	13330	430	14840	114	196	720	15964	0	0	1434	0	0	6268	0	0	1404	5136	844	5272	0	0	130	904	0	130	0	0	2246	13504	308	962	0	760	0	0	802	1330	282	220	0	0	0	0	0	0	0	156	0	0	0	0	0	0	0	180	0	3012	0	0	0	0	0	0	0	0	0	0	0	378	3478	1494	1262	4006	0	0	148	708	134	0	1018	0	94	90	0	0	0	0	0	0	0	0	0	0	0	0	0	0	0	0	0	0	0	0	0	0	0	0	0	0	0	0	0	0	0	0	
282416	Frontal_Inf_Tri_L	6532	0	23740	104	2842	0	30686	182	3384	0	15888	0	0	0	9464	0	1300	0	6830	134	0	0	8712	0	0	0	0	0	20778	0	2616	0	154	0	104	0	878	0	182	0	0	0	0	0	0	0	0	0	0	0	0	0	0	0	0	0	590	0	0	0	216	0	0	0	0	0	0	0	0	0	630	0	2232	0	142	0	1446	142	1202	0	98	0	0	0	0	0	0	0	0	0	0	0	0	0	0	0	0	0	0	0	0	0	0	0	0	0	0	0	0	0	0	0	0	0	0	0	
121536	Frontal_Inf_Tri_R	0	316	0	8142	0	1474	0	11934	0	0	288	6268	0	0	0	5176	98	264	426	982	0	0	350	3310	0	296	0	0	200	10836	366	6502	0	1604	0	0	0	0	0	0	0	0	0	0	0	0	0	0	0	0	0	0	0	0	0	0	0	0	0	0	0	0	0	0	0	0	0	0	0	0	404	1122	0	410	0	0	0	0	0	0	0	0	0	0	0	0	0	0	0	0	0	0	0	0	0	0	0	0	0	0	0	0	0	0	0	0	0	0	0	0	0	0	0	0	0	0	
178504	Frontal_Inf_Orb_L	0	0	7126	0	15938	0	6594	0	16766	0	1310	0	9464	0	0	0	0	0	2100	0	2242	84	1640	0	326	0	1800	0	11224	0	2152	178	0	0	0	0	140	0	84	0	430	0	0	0	0	0	0	0	0	0	0	0	0	0	232	0	0	0	0	0	0	0	0	0	0	0	0	0	0	0	798	84	7874	0	0	0	0	0	0	0	0	0	666	0	0	0	0	0	0	0	0	0	0	0	0	0	0	0	0	0	0	0	0	0	0	0	0	0	0	0	0	0	0	0	0	0	
72668	Frontal_Inf_Orb_R	0	0	0	4704	0	5018	0	2824	0	3822	0	0	0	5176	0	0	0	0	0	238	0	878	0	1820	0	2094	0	920	0	4966	0	2138	0	0	0	0	0	0	0	0	0	134	0	0	0	0	0	0	0	0	0	0	0	0	0	0	0	0	0	0	0	0	0	0	0	0	0	0	0	0	0	622	0	980	0	0	0	0	0	0	0	0	0	0	0	0	0	0	0	0	0	0	0	0	0	0	0	0	0	0	0	0	0	0	0	0	0	0	0	0	0	0	0	0	0	0	
299732	Rolandic_Oper_L	16414	356	18916	550	0	0	5468	1348	0	0	14330	1404	1300	98	0	0	0	0	8480	1450	0	0	0	0	0	0	0	0	26130	316	360	1146	498	88	428	0	1466	0	148	0	0	0	0	0	0	0	0	0	0	0	0	0	0	0	0	0	14170	0	460	0	1820	0	1012	0	256	0	114	0	832	0	3490	1096	2656	0	2096	128	2024	230	5062	0	12512	0	766	0	292	0	0	0	156	0	0	0	0	0	0	0	0	0	0	0	0	0	0	0	0	0	0	0	0	0	0	0	0	0	0	0	
109868	Rolandic_Oper_R	0	940	524	4454	0	0	0	1092	0	0	0	5136	0	264	0	0	0	0	570	4914	0	0	0	0	0	0	0	0	84	12472	0	0	0	0	0	0	0	3008	0	0	0	0	0	0	0	0	0	0	0	0	0	0	0	0	0	0	0	3146	0	266	0	364	0	2156	0	610	0	0	0	306	152	126	0	4000	0	344	0	0	0	3714	0	4470	0	542	0	942	0	0	0	338	0	0	0	0	0	0	0	0	0	0	0	0	0	0	0	0	0	0	0	0	0	0	0	0	0	0	
692692	Supp_Motor_Area_L	27136	2802	83506	19802	1366	0	22170	4290	772	0	8468	844	6830	426	2100	0	8480	570	0	34908	0	0	8900	5210	0	0	0	0	13640	300	4926	6964	9638	16428	1930	756	1642	92	90	0	0	0	0	0	0	178	0	0	0	0	0	0	0	0	92	0	6588	232	0	0	190	0	0	0	0	0	188	348	13250	234	5502	468	15044	330	2658	510	924	1064	824	0	2490	0	246	0	0	0	0	0	0	0	0	0	0	0	0	0	0	0	0	0	0	0	0	0	0	0	0	0	0	0	0	0	0	0	0	0	
619716	Supp_Motor_Area_R	13604	7522	14006	47618	0	390	3154	3438	0	0	968	5272	134	982	0	238	1450	4914	34908	0	0	0	2644	9232	0	500	0	0	1600	4342	2096	15524	5012	39194	296	7292	602	2052	100	702	0	0	0	758	0	2730	0	460	0	1606	0	316	0	1088	0	410	382	3318	0	408	0	668	0	774	0	600	1152	4980	8518	13414	1058	13054	1372	9150	174	4156	142	2708	202	820	576	262	0	0	0	1994	0	0	0	2822	0	0	0	0	0	0	0	0	0	0	0	0	0	0	0	0	0	0	0	0	0	0	0	0	0	0	
81172	Olfactory_L	0	0	0	0	2174	284	0	0	616	0	0	0	0	0	2242	0	0	0	0	0	0	4576	0	0	0	160	2306	1100	3346	0	3426	3474	0	0	0	0	390	0	214	0	1770	0	0	0	0	0	0	0	0	0	0	0	0	0	562	0	0	0	0	0	0	0	0	0	0	0	0	0	0	0	5972	2428	4404	690	0	0	0	0	0	0	0	0	452	0	0	0	0	0	0	0	0	0	0	0	0	0	0	0	0	0	0	0	0	0	0	0	0	0	0	0	0	0	0	0	0	0	
80768	Olfactory_R	0	0	0	0	134	1680	0	0	110	0	0	0	0	0	84	878	0	0	0	0	4576	0	0	0	0	828	1076	2996	0	2408	2976	3594	0	0	0	0	0	0	0	0	0	710	0	0	0	0	0	0	0	0	0	0	0	0	0	0	0	0	0	0	0	0	0	0	0	0	0	0	0	0	6766	5224	3988	2246	110	0	0	0	0	0	0	0	0	0	0	0	0	0	0	0	0	0	0	0	0	0	0	0	0	0	0	0	0	0	0	0	0	0	0	0	0	0	0	0	0	0	
312288	Frontal_Sup_Medial_L	450	0	36716	7014	3150	240	17370	688	674	0	2920	130	8712	350	1640	0	0	0	8900	2644	0	0	0	15508	1694	1050	206	0	5106	338	13306	11606	3032	9940	0	0	0	0	0	0	0	0	0	0	0	0	0	0	0	0	0	0	0	0	0	0	0	0	0	0	0	0	0	0	0	0	0	0	0	0	632	0	2128	0	0	0	0	0	0	0	0	0	0	0	0	0	0	0	0	0	0	0	0	0	0	0	0	0	0	0	0	0	0	0	0	0	0	0	0	0	0	0	0	0	0	0	
273852	Frontal_Sup_Medial_R	502	0	0	30794	0	5128	626	4190	0	0	444	904	0	3310	0	1820	0	0	5210	9232	0	0	15508	0	862	5634	0	0	350	4586	2214	27732	164	13602	0	0	244	0	0	0	0	0	0	0	0	0	0	0	0	0	0	0	0	0	0	0	0	0	0	0	0	0	0	0	0	0	0	0	0	0	154	1620	178	1812	0	0	0	0	106	0	0	0	0	0	0	0	0	0	0	0	0	0	0	0	0	0	0	0	0	0	0	0	0	0	0	0	0	0	0	0	0	0	0	0	0	0	
17192	Frontal_Med_Orb_L	0	0	984	0	1514	0	0	0	194	0	0	0	0	0	326	0	0	0	0	0	0	0	1694	862	0	1170	250	116	0	0	1006	338	0	0	0	0	0	0	0	0	0	0	0	0	0	0	0	0	0	0	0	0	0	0	0	0	0	0	0	0	0	0	0	0	0	0	0	0	0	0	0	0	142	0	0	0	0	0	0	0	0	0	0	0	0	0	0	0	0	0	0	0	0	0	0	0	0	0	0	0	0	0	0	0	0	0	0	0	0	0	0	0	0	0	0	0	
80924	Frontal_Med_Orb_R	0	0	0	2800	0	7326	0	0	0	0	0	130	0	296	0	2094	0	0	0	500	160	828	1050	5634	1170	0	0	4186	0	1628	742	4484	0	0	0	0	0	0	0	0	0	0	0	0	0	0	0	0	0	0	0	0	0	0	0	0	0	0	0	0	0	0	0	0	0	0	0	0	0	0	186	2904	134	4210	0	0	0	0	0	0	0	0	0	0	0	0	0	0	0	0	0	0	0	0	0	0	0	0	0	0	0	0	0	0	0	0	0	0	0	0	0	0	0	0	0	0	
36904	Rectus_L	0	0	0	0	3504	96	0	0	1758	0	0	0	0	0	1800	0	0	0	0	0	2306	1076	206	0	250	0	0	340	362	0	2348	1282	0	0	0	0	0	0	0	0	0	0	0	0	0	0	0	0	0	0	0	0	0	0	0	0	0	0	0	0	0	0	0	0	0	0	0	0	0	0	1990	174	856	104	0	0	0	0	0	0	0	0	0	0	0	0	0	0	0	0	0	0	0	0	0	0	0	0	0	0	0	0	0	0	0	0	0	0	0	0	0	0	0	0	0	0	
51264	Rectus_R	0	0	0	0	0	6418	0	0	0	0	0	0	0	0	0	920	0	0	0	0	1100	2996	0	0	116	4186	340	0	0	582	1078	1916	0	0	0	0	0	0	0	0	0	0	0	0	0	0	0	0	0	0	0	0	0	0	0	0	0	0	0	0	0	0	0	0	0	0	0	0	0	0	1078	2434	856	1612	0	0	0	0	0	0	0	0	0	0	0	0	0	0	0	0	0	0	0	0	0	0	0	0	0	0	0	0	0	0	0	0	0	0	0	0	0	0	0	0	0	0	
567504	Insula_L	16550	566	32662	1474	10536	0	11826	2090	6274	0	23176	2246	20778	200	11224	0	26130	84	13640	1600	3346	0	5106	350	0	0	362	0	0	492	5858	2322	524	88	636	0	12020	86	1486	0	1018	0	0	0	0	0	100	0	0	0	0	0	0	0	1894	0	5070	0	146	0	996	0	112	0	0	0	300	0	488	0	6108	1250	21342	0	2332	0	1502	150	9688	0	10480	0	3038	0	1036	0	0	0	2970	0	0	0	0	0	0	0	0	0	0	0	0	0	0	0	0	0	0	0	0	0	0	0	0	0	0	0	
278268	Insula_R	0	2948	112	13972	0	2828	0	3174	0	0	532	13504	0	10836	0	4966	316	12472	300	4342	0	2408	338	4586	0	1628	0	582	492	0	578	8734	0	928	0	0	576	4730	124	644	96	1542	0	0	0	0	0	0	0	0	0	0	0	0	0	3316	0	2788	0	0	0	0	0	0	0	0	0	0	0	330	920	2492	102	16136	0	0	0	0	0	2160	252	5948	0	418	0	1274	0	0	0	4710	0	0	0	0	0	0	0	0	0	0	0	0	0	0	0	0	0	0	0	0	0	0	0	0	0	0	
220832	Cingulum_Ant_L	2152	116	8418	2818	2604	348	3210	512	1188	0	2690	308	2616	366	2152	0	360	0	4926	2096	3426	2976	13306	2214	1006	742	2348	1078	5858	578	0	13948	5096	1416	0	0	436	0	100	0	0	0	0	0	0	0	0	0	0	0	0	0	0	0	0	0	0	0	0	0	0	0	0	0	0	0	0	0	0	0	7054	4156	5516	1476	122	0	134	0	228	0	232	0	90	0	0	0	0	0	0	0	0	0	0	0	0	0	0	0	0	0	0	0	0	0	0	0	0	0	0	0	0	0	0	0	0	0	
423716	Cingulum_Ant_R	1924	144	1334	31444	524	4736	2296	2192	330	0	2804	962	0	6502	178	2138	1146	0	6964	15524	3474	3594	11606	27732	338	4484	1282	1916	2322	8734	13948	0	1436	19148	0	0	638	0	178	0	0	0	0	0	0	0	0	0	0	0	0	0	0	0	0	0	100	0	0	0	0	0	0	0	0	0	0	0	0	0	7288	13496	3302	4120	0	0	258	0	306	0	744	0	272	0	0	0	0	0	0	0	0	0	0	0	0	0	0	0	0	0	0	0	0	0	0	0	0	0	0	0	0	0	0	0	0	0	
147352	Cingulum_Mid_L	2588	0	2352	542	0	0	598	0	0	0	560	0	154	0	0	0	498	0	9638	5012	0	0	3032	164	0	0	0	0	524	0	5096	1436	0	10668	5654	1628	0	0	0	0	0	0	440	0	616	330	0	0	1032	334	1026	0	0	0	0	0	1086	0	924	0	0	0	0	0	0	0	5898	1512	8876	638	206	0	278	0	0	0	0	0	0	0	336	0	0	0	0	0	0	0	0	0	0	0	0	0	0	0	0	0	0	0	0	0	0	0	0	0	0	0	0	0	0	0	0	0	0	0	
390608	Cingulum_Mid_R	3928	592	1604	12218	0	170	242	1514	0	0	244	760	0	1604	0	0	88	0	16428	39194	0	0	9940	13602	0	0	0	0	88	928	1416	19148	10668	0	638	8660	0	154	0	0	0	0	0	1798	0	6054	0	858	0	5132	0	664	0	616	0	374	0	1842	0	816	0	540	0	338	0	312	2036	12236	5270	11048	0	600	0	258	0	0	0	0	0	0	0	0	0	0	0	338	0	0	0	346	0	0	0	0	0	0	0	0	0	0	0	0	0	0	0	0	0	0	0	0	0	0	0	0	0	0	
195472	Cingulum_Post_L	9944	552	906	0	0	0	0	0	0	0	188	0	104	0	0	0	428	0	1930	296	0	0	0	0	0	0	0	0	636	0	0	0	5654	638	0	7548	6786	3740	1918	0	0	0	6848	0	2470	162	2502	84	528	0	1480	0	578	0	628	0	2100	0	584	0	538	0	232	0	240	0	15656	1996	5840	200	188	0	246	0	0	0	5640	4732	726	0	540	0	0	0	924	0	0	0	806	0	0	0	0	0	0	0	0	0	0	0	0	0	0	0	0	0	0	0	0	0	0	0	0	0	0	0	
234164	Cingulum_Post_R	5846	2340	0	868	0	0	0	236	0	0	0	0	0	0	0	0	0	0	756	7292	0	0	0	0	0	0	0	0	0	0	0	0	1628	8660	7548	0	2570	9386	624	530	0	0	120	5006	0	2034	448	6378	0	1688	0	1626	0	482	164	556	0	832	0	92	0	334	0	168	0	324	1142	13632	1636	6170	144	1188	0	0	0	0	9814	12478	0	0	0	0	0	0	0	126	0	0	164	826	0	0	0	0	0	0	0	0	0	0	0	0	0	0	0	0	0	0	0	0	1226	0	0	0	0	0	
299232	Hippocampus_L	11804	380	2550	652	0	0	2014	550	0	0	2056	802	878	0	140	0	1466	0	1642	602	390	0	0	244	0	0	0	0	12020	576	436	638	0	0	6786	2570	0	4764	17662	960	5326	0	1582	0	0	0	5346	824	0	0	0	0	0	0	11778	1018	1134	172	0	0	0	0	0	0	0	0	5054	716	204	0	524	0	9978	2128	1030	0	5152	2980	5496	0	2430	138	1090	0	1544	0	0	0	10352	560	104	0	0	0	0	0	178	0	196	0	0	0	0	0	0	0	0	0	0	0	0	0	0	0	0	0	
377020	Hippocampus_R	2692	3696	92	3454	0	0	0	3382	0	0	0	1330	0	0	0	0	0	3008	92	2052	0	0	0	0	0	0	0	0	86	4730	0	0	0	154	3740	9386	4764	0	1794	27512	0	9458	120	2320	0	860	622	7498	0	556	0	176	0	286	204	26690	0	1772	0	154	0	244	0	1248	0	580	278	8636	0	1138	98	146	120	10186	0	270	4346	9472	0	1268	0	2904	0	702	0	3640	0	0	152	17696	0	0	0	0	0	0	138	940	0	0	0	0	0	0	0	0	0	0	0	0	1628	0	0	0	0	0	
115592	ParaHippocampal_L	1982	160	114	88	0	0	396	0	0	0	396	282	182	0	84	0	148	0	90	100	214	0	0	0	0	0	0	0	1486	124	100	178	0	0	1918	624	17662	1794	0	320	1498	0	1280	0	0	0	5932	614	0	0	0	0	0	0	8290	368	118	108	0	0	0	0	0	0	0	0	2384	206	0	0	0	0	952	564	0	0	1866	888	210	0	192	0	86	0	0	0	0	0	3232	266	0	0	0	0	0	0	178	0	0	0	0	0	0	0	0	0	0	0	0	122	0	0	0	0	0	0	
177076	ParaHippocampal_R	0	198	0	538	0	0	0	372	0	0	0	220	0	0	0	0	0	0	0	702	0	0	0	0	0	0	0	0	0	644	0	0	0	0	0	530	960	27512	320	0	0	7486	0	426	0	208	144	5612	0	154	0	0	0	0	0	20924	0	162	0	0	0	144	0	762	0	446	0	1722	0	174	0	0	0	3964	0	184	0	232	0	128	0	326	0	1280	0	1388	0	452	0	8652	0	0	0	0	0	0	0	1162	0	0	0	0	0	0	0	0	0	0	0	0	410	0	0	0	0	0	
36012	Amygdala_L	0	0	0	0	0	0	0	0	0	0	0	0	0	0	430	0	0	0	0	0	1770	0	0	0	0	0	0	0	1018	96	0	0	0	0	0	0	5326	0	1498	0	0	104	0	0	0	0	0	0	0	0	0	0	0	0	3664	0	0	0	0	0	0	0	0	0	0	0	0	0	0	0	248	0	2048	0	0	0	0	0	0	0	0	0	510	0	0	0	0	0	1294	0	0	0	0	0	0	0	0	0	0	0	0	0	0	0	0	0	0	0	0	0	0	0	0	0	0	0	
59148	Amygdala_R	0	0	0	0	0	0	0	0	0	0	0	0	0	0	0	134	0	0	0	0	0	710	0	0	0	0	0	0	0	1542	0	0	0	0	0	0	0	9458	0	7486	104	0	0	0	0	0	0	0	0	0	0	0	0	0	0	6166	0	0	0	0	0	0	0	0	0	0	0	0	0	0	0	0	0	780	0	0	0	0	0	0	0	0	0	1444	0	0	0	132	0	1618	0	0	0	0	0	0	0	0	0	0	0	0	0	0	0	0	0	0	0	0	0	0	0	0	0	0	
289080	Calcarine_L	544	0	0	0	0	0	0	0	0	0	0	0	0	0	0	0	0	0	0	0	0	0	0	0	0	0	0	0	0	0	0	0	440	0	6848	120	1582	120	1280	0	0	0	0	7918	18486	5794	13546	2264	7902	3422	21442	1514	5500	0	4584	456	2700	0	3100	0	1396	0	478	0	1556	0	23488	980	1702	0	0	0	0	0	0	0	0	120	246	0	0	0	0	0	3470	0	0	0	976	0	130	0	0	0	0	0	220	0	110	0	0	0	0	0	0	0	0	0	0	0	106	0	0	0	0	0	
305060	Calcarine_R	0	730	0	0	0	0	0	0	0	0	0	0	0	0	0	0	0	0	0	758	0	0	0	0	0	0	0	0	0	0	0	0	0	1798	0	5006	0	2320	0	426	0	0	7918	0	2852	17576	1184	18274	122	13038	0	11328	0	12438	0	10834	0	2528	0	150	0	688	0	550	0	932	1050	26818	108	3262	0	0	0	0	0	0	0	372	0	0	0	180	0	0	0	2028	0	0	0	6542	0	242	0	0	0	0	0	0	0	122	0	0	0	0	0	0	0	0	0	0	356	0	0	0	0	0	
193052	Cuneus_L	1054	0	0	0	0	0	0	0	0	0	0	0	0	0	0	0	0	0	0	0	0	0	0	0	0	0	0	0	0	0	0	0	616	0	2470	0	0	0	0	0	0	0	18486	2852	0	8242	2364	0	17666	2106	10780	138	1660	0	510	0	2112	0	1838	0	410	0	266	0	678	0	15278	2792	2098	0	0	0	0	0	0	0	0	0	0	0	0	0	0	0	2002	0	0	0	108	0	0	0	0	0	0	0	0	0	0	0	0	0	0	0	0	0	0	0	0	0	0	0	0	0	0	0	
313172	Cuneus_R	254	124	134	126	0	0	0	136	0	0	0	0	0	0	0	0	0	0	178	2730	0	0	0	0	0	0	0	0	0	0	0	0	330	6054	162	2034	0	860	0	208	0	0	5794	17576	8242	0	300	2544	486	36816	0	9560	0	2784	0	2008	0	2912	0	5334	0	1588	0	806	0	1066	4154	31706	418	3942	0	0	0	0	0	0	0	224	0	0	0	0	0	0	0	2614	0	0	0	2138	0	98	0	0	0	0	0	0	0	0	0	0	0	0	0	0	0	0	0	0	146	0	0	0	0	0	
355996	Lingual_L	596	0	0	0	0	0	0	0	0	0	0	0	0	0	0	0	0	0	0	0	0	0	0	0	0	0	0	0	100	0	0	0	0	0	2502	448	5346	622	5932	144	0	0	13546	1184	2364	300	0	4756	1182	542	12772	382	7560	410	21000	1408	550	0	368	0	224	0	0	0	230	0	8516	116	204	0	0	0	0	0	0	0	1252	542	266	0	140	0	0	0	1222	0	0	0	1230	0	6798	2724	1356	200	548	360	20502	2732	17306	5650	0	0	0	0	970	1216	0	118	232	852	8700	6558	600	414	1198	1008	
329048	Lingual_R	0	404	0	292	0	0	0	356	0	0	0	156	0	0	0	0	0	0	0	460	0	0	0	0	0	0	0	0	0	0	0	0	0	858	84	6378	824	7498	614	5612	0	0	2264	18274	0	2544	4756	0	0	3758	128	5716	110	9884	1018	24070	0	392	0	0	0	300	0	122	0	308	126	14220	92	1246	0	0	0	94	0	0	84	2220	0	0	0	0	0	0	0	152	0	0	0	4890	2620	4314	1284	1090	0	340	2644	4460	4568	8448	0	0	0	192	0	0	0	0	0	198	6294	5942	1722	104	0	0	
159384	Occipital_Sup_L	0	0	0	0	0	0	0	0	0	0	0	0	0	0	0	0	0	0	0	0	0	0	0	0	0	0	0	0	0	0	0	0	1032	0	528	0	0	0	0	0	0	0	7902	122	17666	486	1182	0	0	0	22874	0	1672	0	606	0	246	0	9114	0	1090	0	0	0	918	0	11620	672	244	0	0	0	0	0	0	0	0	0	0	0	0	0	0	0	1718	0	0	0	0	0	0	0	0	0	0	0	0	0	0	0	0	0	0	0	0	0	0	0	0	0	0	0	0	0	0	0	
318144	Occipital_Sup_R	200	0	0	0	0	0	0	102	0	0	0	0	0	0	0	0	0	0	0	1606	0	0	0	0	0	0	0	0	0	0	0	0	334	5132	0	1688	0	556	0	154	0	0	3422	13038	2106	36816	542	3758	0	0	0	20980	0	4414	0	3380	0	4268	0	10116	0	5060	0	488	0	5548	2126	26260	364	3182	0	0	0	0	0	0	0	116	0	0	0	98	0	0	0	1858	0	0	0	1360	0	0	0	0	0	0	0	0	0	0	0	0	0	0	0	0	0	0	0	0	0	0	0	0	0	0	
427560	Occipital_Mid_L	394	0	0	0	0	0	0	0	0	0	0	0	0	0	0	0	0	0	0	0	0	0	0	0	0	0	0	0	0	0	0	0	1026	0	1480	0	0	0	0	0	0	0	21442	0	10780	0	12772	128	22874	0	0	0	25572	0	11214	0	2346	0	17014	0	15094	0	1768	0	26378	0	15032	332	912	0	0	0	0	0	0	0	0	0	222	0	394	0	0	0	19798	0	0	0	1552	0	368	172	0	0	0	0	1610	0	1738	318	0	0	0	0	0	0	0	0	0	0	626	424	0	0	0	0	
239700	Occipital_Mid_R	0	0	0	0	0	0	0	0	0	0	0	0	0	0	0	0	0	0	0	316	0	0	0	0	0	0	0	0	0	0	0	0	0	664	0	1626	0	176	0	0	0	0	1514	11328	138	9560	382	5716	0	20980	0	0	0	6842	0	4188	0	388	0	1568	0	8966	0	1804	0	18878	472	7618	0	452	0	0	0	0	0	0	0	84	0	0	0	392	0	0	0	13544	0	0	0	2254	0	0	0	0	0	0	0	0	0	0	0	0	0	0	0	0	0	0	0	0	0	0	0	0	0	0	
156368	Occipital_Inf_L	0	0	0	0	0	0	0	0	0	0	0	0	0	0	0	0	0	0	0	0	0	0	0	0	0	0	0	0	0	0	0	0	0	0	578	0	0	0	0	0	0	0	5500	0	1660	0	7560	110	1672	0	25572	0	0	0	12646	0	354	0	280	0	480	0	0	0	1708	0	2816	0	104	0	0	0	0	0	0	0	0	0	118	0	0	0	0	0	6960	0	0	0	3996	0	788	86	0	0	0	0	1950	0	2338	204	0	0	0	0	0	0	0	0	0	0	398	306	0	0	0	0	
189684	Occipital_Inf_R	0	1068	0	0	0	0	0	0	0	0	0	0	0	0	0	0	0	0	0	1088	0	0	0	0	0	0	0	0	0	0	0	0	0	616	0	482	0	286	0	0	0	0	0	12438	0	2784	410	9884	0	4414	0	6842	0	0	116	18096	0	482	0	108	0	1120	0	464	0	1056	354	10158	0	1726	0	0	0	0	0	0	0	0	0	0	0	118	0	0	0	3080	0	0	0	11926	252	1064	0	0	0	0	304	528	468	1742	0	0	0	0	0	0	0	0	0	0	524	732	112	0	0	0	
387716	Fusiform_L	476	0	122	0	0	0	0	0	0	0	0	0	0	0	232	0	0	0	92	0	562	0	0	0	0	0	0	0	1894	0	0	0	0	0	628	164	11778	204	8290	0	3664	0	4584	0	510	0	21000	1018	606	0	11214	0	12646	116	0	468	102	0	0	0	0	0	0	0	136	0	2266	0	0	0	0	0	2162	0	0	0	272	162	1202	0	1894	0	1006	0	1810	0	292	0	15202	0	22896	912	4702	0	182	0	17882	222	33246	1732	580	0	692	0	204	0	0	0	0	0	1492	2008	240	0	0	94	
450504	Fusiform_R	0	300	0	304	0	0	0	334	0	0	0	180	0	0	0	0	0	0	0	410	0	0	0	0	0	0	0	0	0	3316	0	0	0	374	0	556	1018	26690	368	20924	0	6166	456	10834	0	2008	1408	24070	0	3380	0	4188	0	18096	468	0	0	296	0	0	0	504	0	858	0	780	186	7294	0	562	0	0	0	3818	0	142	0	180	0	274	0	2700	0	2658	0	3056	0	648	0	24956	748	14676	178	502	0	218	710	9128	1390	17740	0	0	0	544	0	0	0	0	0	0	2318	1958	382	0	0	0	
366324	Postcentral_L	30630	500	13746	114	0	0	4136	146	0	0	9256	0	590	0	0	0	14170	0	6588	382	0	0	0	0	0	0	0	0	5070	0	0	100	1086	0	2100	0	1134	0	118	0	0	0	2700	0	2112	0	550	0	246	0	2346	0	354	0	102	0	0	0	11222	0	31302	0	13016	0	702	0	6854	0	9286	0	102	0	1002	0	434	0	1076	90	1596	0	3792	0	0	0	2724	0	0	0	1688	0	0	0	0	0	0	0	0	0	0	0	0	0	0	0	0	0	0	0	0	0	0	0	0	0	0	0	
196472	Postcentral_R	90	14426	200	2040	0	0	0	402	0	0	0	3012	0	0	0	0	0	3146	232	3318	0	0	0	0	0	0	0	0	0	2788	0	0	0	1842	0	832	172	1772	108	162	0	0	0	2528	0	2912	0	392	0	4268	0	388	0	482	0	296	0	0	0	5490	0	3602	0	8084	0	2198	130	8896	100	13536	294	0	226	1340	0	0	0	162	0	236	0	976	0	0	0	3376	0	0	0	3782	0	0	0	0	0	0	0	0	0	0	0	0	0	0	0	0	0	0	0	0	0	0	0	0	0	0	
175532	Parietal_Sup_L	146	0	0	0	0	0	0	0	0	0	0	0	0	0	0	0	460	0	0	0	0	0	0	0	0	0	0	0	146	0	0	0	924	0	584	0	0	0	0	0	0	0	3100	0	1838	0	368	0	9114	0	17014	0	280	0	0	0	11222	0	0	0	16050	0	3828	0	3324	0	15040	234	620	0	0	0	0	0	0	0	0	0	0	0	486	0	0	0	1926	0	0	0	1062	0	0	0	0	0	0	0	0	0	0	0	0	0	0	0	0	0	0	0	0	0	0	0	0	0	0	0	
102664	Parietal_Sup_R	0	142	0	0	0	0	0	0	0	0	0	0	0	0	0	0	0	266	0	408	0	0	0	0	0	0	0	0	0	0	0	0	0	816	0	92	0	154	0	0	0	0	0	150	0	5334	0	0	0	10116	0	1568	0	108	0	0	0	5490	0	0	0	8398	0	2698	0	5798	262	7426	0	982	0	0	0	0	0	0	0	0	0	0	0	182	0	0	0	484	0	0	0	458	0	0	0	0	0	0	0	0	0	0	0	0	0	0	0	0	0	0	0	0	0	0	0	0	0	0	
290876	Parietal_Inf_L	4060	0	220	0	0	0	222	0	0	0	1808	0	216	0	0	0	1820	0	190	0	0	0	0	0	0	0	0	0	996	0	0	0	0	0	538	0	0	0	0	0	0	0	1396	0	410	0	224	0	1090	0	15094	0	480	0	0	0	31302	0	16050	0	0	0	24406	0	24024	0	2160	0	200	0	0	0	0	0	0	0	0	0	152	0	1604	0	0	0	11362	0	0	0	5414	0	0	0	0	0	0	0	0	0	0	0	0	0	0	0	0	0	0	0	0	0	0	0	0	0	0	0	
168184	Parietal_Inf_R	0	470	0	0	0	0	0	0	0	0	0	0	0	0	0	0	0	364	0	668	0	0	0	0	0	0	0	0	0	0	0	0	0	540	0	334	0	244	0	144	0	0	0	688	0	1588	0	300	0	5060	0	8966	0	1120	0	504	0	3602	0	8398	0	0	0	14626	0	27288	0	3006	0	842	118	0	102	0	0	0	0	0	0	0	0	812	0	0	0	3306	0	0	0	1002	0	0	0	0	0	0	0	0	0	0	0	0	0	0	0	0	0	0	0	0	0	0	0	0	0	0	
172088	SupraMarginal_L	442	0	0	0	0	0	0	0	0	0	0	0	0	0	0	0	1012	0	0	0	0	0	0	0	0	0	0	0	112	0	0	0	0	0	232	0	0	0	0	0	0	0	478	0	266	0	0	0	0	0	1768	0	0	0	0	0	13016	0	3828	0	24406	0	0	0	10854	0	556	0	382	0	0	0	0	0	0	0	0	0	0	0	8486	0	0	0	13746	0	0	0	6460	0	0	0	0	0	0	0	0	0	0	0	0	0	0	0	0	0	0	0	0	0	0	0	0	0	0	0	
161376	SupraMarginal_R	0	1708	0	0	0	0	0	96	0	0	0	0	0	0	0	0	0	2156	0	774	0	0	0	0	0	0	0	0	0	0	0	0	0	338	0	168	0	1248	0	762	0	0	0	550	0	806	0	122	0	488	0	1804	0	464	0	858	0	8084	0	2698	0	14626	0	0	0	18726	0	1534	0	850	86	0	0	0	0	0	0	0	0	118	0	7840	0	0	0	10980	0	0	0	2804	0	0	0	0	0	0	0	0	0	0	0	0	0	0	0	0	0	0	0	0	0	0	0	0	0	0	
192980	Angular_L	136	0	0	0	0	0	0	0	0	0	0	0	0	0	0	0	256	0	0	0	0	0	0	0	0	0	0	0	0	0	0	0	0	0	240	0	0	0	0	0	0	0	1556	0	678	0	230	0	918	0	26378	0	1708	0	136	0	702	0	3324	0	24024	0	10854	0	0	0	1226	0	0	0	0	0	0	0	0	0	0	0	0	0	2034	0	0	0	18692	0	0	0	3398	0	0	0	0	0	0	0	0	0	0	0	0	0	0	0	0	0	0	0	0	0	0	0	0	0	0	0	
216488	Angular_R	0	494	0	0	0	0	0	0	0	0	0	0	0	0	0	0	0	610	0	600	0	0	0	0	0	0	0	0	0	0	0	0	0	312	0	324	0	580	0	446	0	0	0	932	0	1066	0	308	0	5548	0	18878	0	1056	0	780	0	2198	0	5798	0	27288	0	18726	0	0	0	2914	0	776	0	0	0	0	0	0	0	0	0	0	0	4400	0	0	0	12170	0	0	0	2040	0	0	0	0	0	0	0	0	0	0	0	0	0	0	0	0	0	0	0	0	0	0	0	0	0	0	
350916	Precuneus_L	4206	0	0	0	0	0	0	0	0	0	158	0	0	0	0	0	114	0	188	1152	0	0	0	0	0	0	0	0	300	0	0	0	5898	2036	15656	1142	5054	278	2384	0	0	0	23488	1050	15278	4154	8516	126	11620	2126	15032	472	2816	354	2266	186	6854	130	15040	262	2160	0	556	0	1226	0	0	9260	6356	714	0	0	0	0	0	0	572	262	884	0	284	0	0	0	3238	0	0	0	1610	0	0	0	0	0	0	0	0	0	0	0	0	0	0	0	0	0	0	0	0	0	0	0	0	0	0	0	
487216	Precuneus_R	1288	1104	130	440	0	0	0	472	0	0	0	0	0	0	0	0	0	0	348	4980	0	0	0	0	0	0	0	0	0	0	0	0	1512	12236	1996	13632	716	8636	206	1722	0	0	980	26818	2792	31706	116	14220	672	26260	332	7618	0	10158	0	7294	0	8896	234	7426	0	3006	0	1534	0	2914	9260	0	1200	10238	0	0	0	0	0	0	870	4528	0	0	0	298	0	0	0	3642	0	0	0	8268	0	162	0	0	0	0	0	168	0	0	0	0	0	0	0	0	0	0	0	0	2580	0	0	0	0	0	
228832	Paracentral_Lobule_L	24426	1502	5620	2496	0	0	0	118	0	0	130	0	0	0	0	0	832	0	13250	8518	0	0	0	0	0	0	0	0	488	0	0	0	8876	5270	5840	1636	204	0	0	0	0	0	1702	108	2098	418	204	92	244	364	912	0	104	0	0	0	9286	100	620	0	200	0	382	0	0	0	6356	1200	0	1038	488	298	1468	210	658	534	1104	3686	162	0	576	0	0	0	362	0	0	0	236	0	0	0	0	0	0	0	0	0	0	0	0	0	0	0	0	0	0	0	0	0	0	0	0	0	0	0	
185904	Paracentral_Lobule_R	790	4548	94	202	0	0	0	86	0	0	0	378	0	0	0	0	0	306	234	13414	0	0	0	0	0	0	0	0	0	330	0	0	638	11048	200	6170	0	1138	0	174	0	0	0	3262	0	3942	0	1246	0	3182	0	452	0	1726	0	562	0	13536	0	982	0	842	0	850	0	776	714	10238	1038	0	0	0	0	318	0	0	0	0	0	0	0	260	0	0	0	4050	0	0	0	5226	0	0	0	0	0	0	0	0	0	0	0	0	0	0	0	0	0	0	0	0	0	0	0	0	0	0	
263536	Caudate_L	3808	3176	6996	4194	1308	342	858	6460	592	0	3640	3478	630	404	798	0	3490	152	5502	1058	5972	6766	632	154	0	186	1990	1078	6108	920	7054	7288	206	0	188	144	524	98	0	0	248	0	0	0	0	0	0	0	0	0	0	0	0	0	0	0	102	294	0	0	0	118	0	86	0	0	0	0	488	0	0	11232	17410	2226	1782	0	7554	1516	90	0	2088	0	340	0	0	0	0	0	0	0	0	0	0	0	0	0	0	0	0	0	0	0	0	0	0	0	0	0	0	0	0	0	0	0	0	0	
222184	Caudate_R	986	416	414	5286	216	1638	110	646	172	0	1042	1494	0	1122	84	622	1096	126	468	13054	2428	5224	0	1620	0	2904	174	2434	1250	2492	4156	13496	0	600	0	1188	0	146	0	0	0	0	0	0	0	0	0	0	0	0	0	0	0	0	0	0	0	0	0	0	0	0	0	0	0	0	0	0	298	0	11232	0	3152	9224	0	1614	1708	15734	0	0	780	0	246	0	0	0	0	0	0	0	0	0	0	0	0	0	0	0	0	0	0	0	0	0	0	0	0	0	0	0	0	0	0	0	0	0	
372620	Putamen_L	9100	1736	20548	3616	8048	220	2576	4502	4396	0	3902	1262	2232	0	7874	0	2656	0	15044	1372	4404	3988	2128	178	142	134	856	856	21342	102	5516	3302	278	0	246	0	9978	120	952	0	2048	0	0	0	0	0	0	0	0	0	0	0	0	0	2162	0	1002	226	0	0	0	102	0	0	0	0	0	0	1468	0	17410	3152	0	1174	6366	0	3426	0	144	0	684	0	1278	0	88	0	108	0	1866	0	0	0	0	0	0	0	0	0	0	0	0	0	0	0	0	0	0	0	0	0	0	0	0	0	0	0	
218224	Putamen_R	126	2556	134	6244	0	1760	0	1398	0	0	0	4006	0	410	0	980	0	4000	330	9150	690	2246	0	1812	0	4210	104	1612	0	16136	1476	4120	0	258	0	0	2128	10186	564	3964	0	780	0	0	0	0	0	94	0	0	0	0	0	0	0	3818	0	1340	0	0	0	0	0	0	0	0	0	0	210	318	2226	9224	1174	0	0	2896	0	1210	0	508	0	1394	0	362	0	104	0	0	0	2854	0	0	0	0	0	0	0	0	0	0	0	0	0	0	0	0	0	0	0	0	0	0	0	0	0	0	
60496	Pallidum_L	1480	318	6300	106	0	0	370	90	0	0	328	0	142	0	0	0	2096	0	2658	174	0	110	0	0	0	0	0	0	2332	0	122	0	0	0	0	0	1030	0	0	0	0	0	0	0	0	0	0	0	0	0	0	0	0	0	0	0	434	0	0	0	0	0	0	0	0	0	0	0	658	0	1782	0	6366	0	0	0	2236	0	0	0	1116	0	0	0	0	0	0	0	0	0	0	0	0	0	0	0	0	0	0	0	0	0	0	0	0	0	0	0	0	0	0	0	0	0	0	0	
27588	Pallidum_R	508	0	412	1862	0	0	0	0	0	0	0	0	0	0	0	0	128	344	510	4156	0	0	0	0	0	0	0	0	0	0	0	0	0	0	0	0	0	270	0	184	0	0	0	0	0	0	0	0	0	0	0	0	0	0	0	142	0	0	0	0	0	0	0	0	0	0	0	0	534	0	0	1614	0	2896	0	0	0	234	0	0	0	0	0	0	0	0	0	0	0	0	0	0	0	0	0	0	0	0	0	0	0	0	0	0	0	0	0	0	0	0	0	0	0	0	0	0	
216752	Thalamus_L	19834	1024	9218	724	0	0	2592	0	0	0	2138	148	1446	0	0	0	2024	0	924	142	0	0	0	0	0	0	0	0	1502	0	134	258	0	0	5640	9814	5152	4346	1866	0	0	0	0	0	0	0	1252	84	0	0	0	0	0	0	272	0	1076	0	0	0	0	0	0	0	0	0	572	870	1104	0	7554	1708	3426	0	2236	0	0	18204	412	0	392	0	0	0	0	0	0	0	288	0	0	0	0	0	0	0	0	0	0	0	0	0	0	0	0	0	0	0	0	0	0	0	0	0	0	0	
208848	Thalamus_R	9384	1266	1268	3412	0	0	452	1394	0	0	206	708	142	0	0	0	230	0	1064	2708	0	0	0	0	0	0	0	0	150	0	0	0	0	0	4732	12478	2980	9472	888	232	0	0	120	372	0	224	542	2220	0	116	0	84	0	0	162	180	90	162	0	0	0	0	0	0	0	0	262	4528	3686	0	1516	15734	0	1210	0	234	18204	0	0	0	0	0	0	0	0	0	0	0	164	0	0	0	0	0	0	0	0	0	0	0	0	0	0	0	0	0	0	0	0	0	1448	0	0	0	0	0	
100320	Heschl_L	6378	0	1562	86	0	0	1714	0	0	0	2884	134	1202	0	0	0	5062	0	824	202	0	0	0	106	0	0	0	0	9688	0	228	306	0	0	726	0	5496	0	210	0	0	0	246	0	0	0	266	0	0	0	222	0	118	0	1202	0	1596	0	0	0	152	0	0	0	0	0	884	0	162	0	90	0	144	0	0	0	412	0	0	0	3536	0	0	0	1938	0	0	0	2384	0	0	0	0	0	0	0	0	0	0	0	0	0	0	0	0	0	0	0	0	0	0	0	0	0	0	0	
36584	Heschl_R	0	130	0	0	0	0	0	0	0	0	0	0	0	0	0	0	0	3714	0	820	0	0	0	0	0	0	0	0	0	2160	0	0	0	0	0	0	0	1268	0	128	0	0	0	0	0	0	0	0	0	0	0	0	0	0	0	274	0	236	0	0	0	0	0	118	0	0	0	0	0	0	0	0	0	508	0	0	0	0	0	0	0	4548	0	930	0	2084	0	0	0	1374	0	0	0	0	0	0	0	0	0	0	0	0	0	0	0	0	0	0	0	0	0	0	0	0	0	0	
246996	Temporal_Sup_L	5632	278	6540	214	0	0	468	872	0	0	4184	1018	98	0	0	0	12512	0	2490	576	0	0	0	0	0	0	0	0	10480	252	232	744	336	0	540	0	2430	0	192	0	0	0	0	0	0	0	140	0	0	0	394	0	0	0	1894	0	3792	0	486	0	1604	0	8486	0	2034	0	284	0	576	0	2088	780	684	0	1116	0	392	0	3536	0	0	0	2910	0	24246	0	0	0	17968	0	0	0	0	0	0	0	0	0	0	0	0	0	0	0	0	0	0	0	0	0	0	0	0	0	0	0	
140076	Temporal_Sup_R	0	156	0	0	0	0	0	0	0	0	0	0	0	0	0	0	0	4470	0	262	0	0	0	0	0	0	0	0	0	5948	0	0	0	0	0	0	138	2904	0	326	0	0	0	180	0	0	0	0	0	98	0	392	0	118	0	2700	0	976	0	182	0	812	0	7840	0	4400	0	298	0	260	0	0	0	1394	0	0	0	0	0	4548	0	0	0	3650	0	17812	0	334	0	9840	0	0	0	0	0	0	0	0	0	0	0	0	0	0	0	0	0	0	0	0	0	0	0	0	0	0	
59456	Temporal_Pole_Sup_L	0	0	284	0	166	0	0	0	130	0	1208	94	0	0	666	0	766	0	246	0	452	0	0	0	0	0	0	0	3038	0	90	272	0	0	0	0	1090	0	86	0	510	0	0	0	0	0	0	0	0	0	0	0	0	0	1006	0	0	0	0	0	0	0	0	0	0	0	0	0	0	0	340	246	1278	0	0	0	0	0	0	0	2910	0	0	0	7008	0	2360	0	5482	0	0	0	0	0	0	0	0	0	0	0	0	0	0	0	0	0	0	0	0	0	0	0	0	0	0	0	
48344	Temporal_Pole_Sup_R	0	0	0	0	0	0	0	0	0	0	0	90	0	0	0	0	0	542	0	0	0	0	0	0	0	0	0	0	0	418	0	0	0	0	0	0	0	702	0	1280	0	1444	0	0	0	0	0	0	0	0	0	0	0	0	0	2658	0	0	0	0	0	0	0	0	0	0	0	0	0	0	0	0	0	362	0	0	0	0	0	930	0	3650	0	0	0	2502	0	3058	0	6536	0	0	0	0	0	0	0	0	0	0	0	0	0	0	0	0	0	0	0	0	0	0	0	0	0	0	
341664	Temporal_Mid_L	544	0	0	0	0	0	0	0	0	0	0	0	0	0	0	0	292	0	0	0	0	0	0	0	0	0	0	0	1036	0	0	0	0	0	924	0	1544	0	0	0	0	0	3470	0	2002	0	1222	0	1718	0	19798	0	6960	0	1810	0	2724	0	1926	0	11362	0	13746	0	18692	0	3238	0	362	0	0	0	88	0	0	0	0	0	1938	0	24246	0	7008	0	0	0	2314	0	41656	0	0	0	0	0	0	0	104	0	108	0	0	0	0	0	0	0	0	0	0	0	0	0	0	0	0	0	
259828	Temporal_Mid_R	0	1072	0	0	0	0	0	0	0	0	0	0	0	0	0	0	0	942	0	1994	0	0	0	0	0	0	0	0	0	1274	0	0	0	338	0	126	0	3640	0	1388	0	0	0	2028	0	2614	0	152	0	1858	0	13544	0	3080	0	3056	0	3376	0	484	0	3306	0	10980	0	12170	0	3642	0	4050	0	0	0	104	0	0	0	0	0	2084	0	17812	0	2502	0	0	0	684	0	31614	0	0	0	0	0	0	0	0	0	0	0	0	0	0	0	0	0	0	0	0	0	0	0	0	0	0	
12976	Temporal_Pole_Mid_L	0	0	0	0	0	0	0	0	0	0	0	0	0	0	0	0	0	0	0	0	0	0	0	0	0	0	0	0	0	0	0	0	0	0	0	0	0	0	0	0	0	0	0	0	0	0	0	0	0	0	0	0	0	0	292	0	0	0	0	0	0	0	0	0	0	0	0	0	0	0	0	0	108	0	0	0	0	0	0	0	0	0	2360	0	2314	0	0	0	1414	0	0	0	0	0	0	0	0	0	0	0	0	0	0	0	0	0	0	0	0	0	0	0	0	0	0	0	
15368	Temporal_Pole_Mid_R	0	0	0	0	0	0	0	0	0	0	0	0	0	0	0	0	0	0	0	0	0	0	0	0	0	0	0	0	0	0	0	0	0	0	0	0	0	0	0	452	0	132	0	0	0	0	0	0	0	0	0	0	0	0	0	648	0	0	0	0	0	0	0	0	0	0	0	0	0	0	0	0	0	0	0	0	0	0	0	0	0	334	0	3058	0	684	0	0	0	2376	0	0	0	0	0	0	0	0	0	0	0	0	0	0	0	0	0	0	0	0	0	0	0	0	0	0	
278624	Temporal_Inf_L	1312	0	0	0	0	0	154	0	0	0	0	0	0	0	0	0	156	0	0	0	0	0	0	0	0	0	0	0	2970	0	0	0	0	0	806	164	10352	152	3232	0	1294	0	976	0	108	0	1230	0	0	0	1552	0	3996	0	15202	0	1688	0	1062	0	5414	0	6460	0	3398	0	1610	0	236	0	0	0	1866	0	0	0	288	164	2384	0	17968	0	5482	0	41656	0	1414	0	0	0	2690	0	482	0	0	0	168	0	1000	0	100	0	126	0	0	0	0	0	0	0	0	0	0	0	0	0	
350980	Temporal_Inf_R	0	3082	0	176	0	0	0	192	0	0	0	0	0	0	0	0	0	338	0	2822	0	0	0	0	0	0	0	0	0	4710	0	0	0	346	0	826	560	17696	266	8652	0	1618	0	6542	0	2138	0	4890	0	1360	0	2254	0	11926	0	24956	0	3782	0	458	0	1002	0	2804	0	2040	0	8268	0	5226	0	0	0	2854	0	0	0	0	0	1374	0	9840	0	6536	0	31614	0	2376	0	0	0	1682	0	0	0	0	0	88	0	0	0	0	0	196	0	0	0	0	0	0	0	0	0	0	0	0	
430556	Cerebelum_Crus1_L	0	0	0	0	0	0	0	0	0	0	0	0	0	0	0	0	0	0	0	0	0	0	0	0	0	0	0	0	0	0	0	0	0	0	0	0	104	0	0	0	0	0	130	0	0	0	6798	2620	0	0	368	0	788	252	22896	748	0	0	0	0	0	0	0	0	0	0	0	0	0	0	0	0	0	0	0	0	0	0	0	0	0	0	0	0	0	0	0	0	2690	0	0	5228	36356	2824	582	0	21464	246	54926	5802	11336	108	15442	1428	3016	684	1800	412	0	92	732	7346	6308	990	762	0	
426292	Cerebelum_Crus1_R	0	0	0	0	0	0	0	0	0	0	0	0	0	0	0	0	0	0	0	0	0	0	0	0	0	0	0	0	0	0	0	0	0	0	0	0	0	0	0	0	0	0	0	242	0	98	2724	4314	0	0	172	0	86	1064	912	14676	0	0	0	0	0	0	0	0	0	0	0	162	0	0	0	0	0	0	0	0	0	0	0	0	0	0	0	0	0	0	0	0	0	1682	5228	0	3866	27882	0	2126	3616	22054	6062	57102	1344	4168	2230	18038	758	1142	252	620	0	802	8754	8506	8982	2718	764	0	
360708	Cerebelum_Crus2_L	0	0	0	0	0	0	0	0	0	0	0	0	0	0	0	0	0	0	0	0	0	0	0	0	0	0	0	0	0	0	0	0	0	0	0	0	0	0	0	0	0	0	0	0	0	0	1356	1284	0	0	0	0	0	0	4702	178	0	0	0	0	0	0	0	0	0	0	0	0	0	0	0	0	0	0	0	0	0	0	0	0	0	0	0	0	0	0	0	0	482	0	36356	3866	0	12190	156	0	2894	94	11618	2714	31800	3396	28352	7176	4722	1566	1220	762	0	0	0	3484	13940	4344	1702	0	
278872	Cerebelum_Crus2_R	0	0	0	0	0	0	0	0	0	0	0	0	0	0	0	0	0	0	0	0	0	0	0	0	0	0	0	0	0	0	0	0	0	0	0	0	0	0	0	0	0	0	0	0	0	0	200	1090	0	0	0	0	0	0	0	502	0	0	0	0	0	0	0	0	0	0	0	0	0	0	0	0	0	0	0	0	0	0	0	0	0	0	0	0	0	0	0	0	0	0	2824	27882	12190	0	0	0	328	342	1752	6740	6690	19262	6750	29282	554	1836	174	658	0	0	304	3220	12756	3252	848	0	
28812	Cerebelum_3_L	0	0	0	0	0	0	0	0	0	0	0	0	0	0	0	0	0	0	0	0	0	0	0	0	0	0	0	0	0	0	0	0	0	0	0	0	0	0	0	0	0	0	0	0	0	0	548	0	0	0	0	0	0	0	182	0	0	0	0	0	0	0	0	0	0	0	0	0	0	0	0	0	0	0	0	0	0	0	0	0	0	0	0	0	0	0	0	0	0	0	582	0	156	0	0	0	5482	0	2152	110	0	0	168	0	1132	134	0	0	1010	1934	488	328	0	0	0	0	
44460	Cerebelum_3_R	0	0	0	0	0	0	0	0	0	0	0	0	0	0	0	0	0	0	0	0	0	0	0	0	0	0	0	0	0	0	0	0	0	0	0	0	0	0	0	0	0	0	0	0	0	0	360	340	0	0	0	0	0	0	0	218	0	0	0	0	0	0	0	0	0	0	0	0	0	0	0	0	0	0	0	0	0	0	0	0	0	0	0	0	0	0	0	0	0	0	0	2126	0	0	0	0	658	5376	378	4960	0	0	0	158	280	880	138	0	430	2798	1196	872	0	472	590	0	
355016	Cerebelum_4_5_L	0	0	0	0	0	0	0	0	0	0	0	0	0	0	0	0	0	0	0	0	0	0	0	0	0	0	0	0	0	0	0	0	0	0	0	0	178	138	178	0	0	0	220	0	0	0	20502	2644	0	0	1610	0	1950	304	17882	710	0	0	0	0	0	0	0	0	0	0	0	0	0	0	0	0	0	0	0	0	0	0	0	0	0	0	0	0	104	0	0	0	168	0	21464	3616	2894	328	5482	658	0	5906	42624	7892	1048	0	2430	212	4256	1514	618	148	782	2690	15224	6738	768	644	1620	1364	
218796	Cerebelum_4_5_R	0	0	0	0	0	0	0	0	0	0	0	0	0	0	0	0	0	0	0	0	0	0	0	0	0	0	0	0	0	0	0	0	0	0	0	0	0	940	0	1162	0	0	0	0	0	0	2732	4460	0	0	0	0	0	528	222	9128	0	0	0	0	0	0	0	0	0	0	0	168	0	0	0	0	0	0	0	0	0	0	0	0	0	0	0	0	0	0	0	0	0	88	246	22054	94	342	0	5376	5906	0	2896	32804	0	0	0	290	176	500	112	0	160	2404	14214	1060	304	440	322	270	
492788	Cerebelum_6_L	0	0	0	0	0	0	0	0	0	0	0	0	0	0	0	0	0	0	0	0	0	0	0	0	0	0	0	0	0	0	0	0	0	0	0	0	196	0	0	0	0	0	110	0	0	0	17306	4568	0	0	1738	0	2338	468	33246	1390	0	0	0	0	0	0	0	0	0	0	0	0	0	0	0	0	0	0	0	0	0	0	0	0	0	0	0	0	108	0	0	0	1000	0	54926	6062	11618	1752	2152	378	42624	2896	0	10286	4160	0	5994	868	6726	1356	2774	472	116	752	6526	13516	4858	1514	1446	154	
433992	Cerebelum_6_R	0	0	0	0	0	0	0	0	0	0	0	0	0	0	0	0	0	0	0	0	0	0	0	0	0	0	0	0	0	0	0	0	0	0	0	0	0	0	0	0	0	0	0	122	0	0	5650	8448	0	0	318	0	204	1742	1732	17740	0	0	0	0	0	0	0	0	0	0	0	0	0	0	0	0	0	0	0	0	0	0	0	0	0	0	0	0	0	0	0	0	0	0	5802	57102	2714	6740	110	4960	7892	32804	10286	0	726	950	1274	5166	1156	804	464	564	406	2368	16024	13484	7002	1420	666	156	
235572	Cerebelum_7b_L	0	0	0	0	0	0	0	0	0	0	0	0	0	0	0	0	0	0	0	0	0	0	0	0	0	0	0	0	0	0	0	0	0	0	0	0	0	0	0	0	0	0	0	0	0	0	0	0	0	0	0	0	0	0	580	0	0	0	0	0	0	0	0	0	0	0	0	0	0	0	0	0	0	0	0	0	0	0	0	0	0	0	0	0	0	0	0	0	100	0	11336	1344	31800	6690	0	0	1048	0	4160	726	0	3202	29132	6238	4826	878	658	264	0	0	0	754	7524	5530	996	0	
107316	Cerebelum_7b_R	0	0	0	0	0	0	0	0	0	0	0	0	0	0	0	0	0	0	0	0	0	0	0	0	0	0	0	0	0	0	0	0	0	0	0	0	0	0	0	0	0	0	0	0	0	0	0	0	0	0	0	0	0	0	0	0	0	0	0	0	0	0	0	0	0	0	0	0	0	0	0	0	0	0	0	0	0	0	0	0	0	0	0	0	0	0	0	0	0	0	108	4168	3396	19262	0	0	0	0	0	950	3202	0	2520	15664	0	184	0	0	0	0	0	102	2412	1690	0	0	
293968	Cerebelum_8_L	0	0	0	0	0	0	0	0	0	0	0	0	0	0	0	0	0	0	0	0	0	0	0	0	0	0	0	0	0	0	0	0	0	0	0	0	0	0	0	0	0	0	0	0	0	0	0	0	0	0	0	0	0	0	692	0	0	0	0	0	0	0	0	0	0	0	0	0	0	0	0	0	0	0	0	0	0	0	0	0	0	0	0	0	0	0	0	0	126	0	15442	2230	28352	6750	168	0	2430	0	5994	1274	29132	2520	0	8546	17118	1576	3486	372	0	0	0	1442	9594	7586	2154	0	
253096	Cerebelum_8_R	0	0	0	0	0	0	0	0	0	0	0	0	0	0	0	0	0	0	0	0	0	0	0	0	0	0	0	0	0	0	0	0	0	0	0	0	0	0	0	0	0	0	0	0	0	0	0	192	0	0	0	0	0	0	0	544	0	0	0	0	0	0	0	0	0	0	0	0	0	0	0	0	0	0	0	0	0	0	0	0	0	0	0	0	0	0	0	0	0	196	1428	18038	7176	29282	0	158	212	290	868	5166	6238	15664	8546	0	1146	11372	162	634	0	98	0	1450	8706	6930	1862	190	
142160	Cerebelum_9_L	0	0	0	0	0	0	0	0	0	0	0	0	0	0	0	0	0	0	0	0	0	0	0	0	0	0	0	0	0	0	0	0	0	0	0	0	0	0	0	0	0	0	0	0	0	0	970	0	0	0	0	0	0	0	204	0	0	0	0	0	0	0	0	0	0	0	0	0	0	0	0	0	0	0	0	0	0	0	0	0	0	0	0	0	0	0	0	0	0	0	3016	758	4722	554	1132	280	4256	176	6726	1156	4826	0	17118	1146	0	1984	6106	468	0	270	1360	4898	2506	2912	2928	608	
106548	Cerebelum_9_R	0	0	0	0	0	0	0	0	0	0	0	0	0	0	0	0	0	0	0	0	0	0	0	0	0	0	0	0	0	0	0	0	0	0	0	0	0	0	0	0	0	0	0	0	0	0	1216	0	0	0	0	0	0	0	0	0	0	0	0	0	0	0	0	0	0	0	0	0	0	0	0	0	0	0	0	0	0	0	0	0	0	0	0	0	0	0	0	0	0	0	684	1142	1566	1836	134	880	1514	500	1356	804	878	184	1576	11372	1984	0	680	1738	326	998	1662	4574	3306	5082	5886	1396	
46252	Cerebelum_10_L	0	0	0	0	0	0	0	0	0	0	0	0	0	0	0	0	0	0	0	0	0	0	0	0	0	0	0	0	0	0	0	0	0	0	0	0	0	0	0	0	0	0	0	0	0	0	0	0	0	0	0	0	0	0	0	0	0	0	0	0	0	0	0	0	0	0	0	0	0	0	0	0	0	0	0	0	0	0	0	0	0	0	0	0	0	0	0	0	0	0	1800	252	1220	174	0	138	618	112	2774	464	658	0	3486	162	6106	680	0	192	0	124	0	1698	780	844	844	0	
28068	Cerebelum_10_R	0	0	0	0	0	0	0	0	0	0	0	0	0	0	0	0	0	0	0	0	0	0	0	0	0	0	0	0	0	0	0	0	0	0	0	0	0	0	0	0	0	0	0	0	0	0	118	0	0	0	0	0	0	0	0	0	0	0	0	0	0	0	0	0	0	0	0	0	0	0	0	0	0	0	0	0	0	0	0	0	0	0	0	0	0	0	0	0	0	0	412	620	762	658	0	0	148	0	472	564	264	0	372	634	468	1738	192	0	0	0	144	1354	1782	1874	1458	0	
17448	Vermis_1_2	0	0	0	0	0	0	0	0	0	0	0	0	0	0	0	0	0	0	0	0	0	0	0	0	0	0	0	0	0	0	0	0	0	0	0	0	0	0	0	0	0	0	0	0	0	0	232	0	0	0	0	0	0	0	0	0	0	0	0	0	0	0	0	0	0	0	0	0	0	0	0	0	0	0	0	0	0	0	0	0	0	0	0	0	0	0	0	0	0	0	0	0	0	0	1010	430	782	160	116	406	0	0	0	0	0	326	0	0	0	3742	980	372	0	0	168	0	
50480	Vermis_3	0	0	0	0	0	0	0	0	0	0	0	0	0	0	0	0	0	0	0	0	0	0	0	0	0	0	0	0	0	0	0	0	0	0	0	0	0	0	122	0	0	0	0	0	0	0	852	198	0	0	0	0	0	0	0	0	0	0	0	0	0	0	0	0	0	0	0	0	0	0	0	0	0	0	0	0	0	0	0	0	0	0	0	0	0	0	0	0	0	0	92	802	0	0	1934	2798	2690	2404	752	2368	0	0	0	98	270	998	124	0	3742	0	2640	1134	0	438	678	106	
219584	Vermis_4_5	0	0	0	0	0	0	0	88	0	0	0	0	0	0	0	0	0	0	0	0	0	0	0	0	0	0	0	0	0	0	0	0	0	0	0	1226	0	1628	0	410	0	0	106	356	0	146	8700	6294	0	0	626	0	398	524	1492	2318	0	0	0	0	0	0	0	0	0	0	0	2580	0	0	0	0	0	0	0	0	0	1448	0	0	0	0	0	0	0	0	0	0	0	0	732	8754	0	304	488	1196	15224	14214	6526	16024	0	0	0	0	1360	1662	0	144	980	2640	0	6978	84	594	1722	1826	
240108	Vermis_6	0	0	0	0	0	0	0	0	0	0	0	0	0	0	0	0	0	0	0	0	0	0	0	0	0	0	0	0	0	0	0	0	0	0	0	0	0	0	0	0	0	0	0	0	0	0	6558	5942	0	0	424	0	306	732	2008	1958	0	0	0	0	0	0	0	0	0	0	0	0	0	0	0	0	0	0	0	0	0	0	0	0	0	0	0	0	0	0	0	0	0	0	7346	8506	3484	3220	328	872	6738	1060	13516	13484	754	102	1442	1450	4898	4574	1698	1354	372	1134	6978	0	8082	3976	4928	1830	
