data	data	480236	396672	1.25856e+06	1.03671e+06	137824	186088	614096	320528	77940	31096	314756	259612	351364	122076	116464	99192	302560	191088	980112	890964	108904	98520	526384	430952	41576	155980	54092	114516	665460	392908	481856	601196	331596	580424	120336	152608	286380	337124	118312	201996	66816	57704	239820	313632	160824	337796	183980	316476	209760	383972	460680	175644	135880	84632	510388	365220	331352	280024	170168	89792	253756	102756	119416	119836	96056	100384	275044	427112	182220	302752	389920	366180	483424	370544	52492	19816	95988	196108	71120	28460	263848	127624	112448	92072	321000	172108	43780	14656	424960	186016	474968	348080	392420	308292	34188	58204	281320	240276	426256	362140	252284	126708	306232	274932	108164	74448	30704	14388	23460	71216	190524	156244	187296	131736	63408	46992	
data	data	Precentral_L	Precentral_R	Frontal_Sup_L	Frontal_Sup_R	Frontal_Sup_Orb_L	Frontal_Sup_Orb_R	Frontal_Mid_L	Frontal_Mid_R	Frontal_Mid_Orb_L	Frontal_Mid_Orb_R	Frontal_Inf_Oper_L	Frontal_Inf_Oper_R	Frontal_Inf_Tri_L	Frontal_Inf_Tri_R	Frontal_Inf_Orb_L	Frontal_Inf_Orb_R	Rolandic_Oper_L	Rolandic_Oper_R	Supp_Motor_Area_L	Supp_Motor_Area_R	Olfactory_L	Olfactory_R	Frontal_Sup_Medial_L	Frontal_Sup_Medial_R	Frontal_Med_Orb_L	Frontal_Med_Orb_R	Rectus_L	Rectus_R	Insula_L	Insula_R	Cingulum_Ant_L	Cingulum_Ant_R	Cingulum_Mid_L	Cingulum_Mid_R	Cingulum_Post_L	Cingulum_Post_R	Hippocampus_L	Hippocampus_R	ParaHippocampal_L	ParaHippocampal_R	Amygdala_L	Amygdala_R	Calcarine_L	Calcarine_R	Cuneus_L	Cuneus_R	Lingual_L	Lingual_R	Occipital_Sup_L	Occipital_Sup_R	Occipital_Mid_L	Occipital_Mid_R	Occipital_Inf_L	Occipital_Inf_R	Fusiform_L	Fusiform_R	Postcentral_L	Postcentral_R	Parietal_Sup_L	Parietal_Sup_R	Parietal_Inf_L	Parietal_Inf_R	SupraMarginal_L	SupraMarginal_R	Angular_L	Angular_R	Precuneus_L	Precuneus_R	Paracentral_Lobule_L	Paracentral_Lobule_R	Caudate_L	Caudate_R	Putamen_L	Putamen_R	Pallidum_L	Pallidum_R	Thalamus_L	Thalamus_R	Heschl_L	Heschl_R	Temporal_Sup_L	Temporal_Sup_R	Temporal_Pole_Sup_L	Temporal_Pole_Sup_R	Temporal_Mid_L	Temporal_Mid_R	Temporal_Pole_Mid_L	Temporal_Pole_Mid_R	Temporal_Inf_L	Temporal_Inf_R	Cerebelum_Crus1_L	Cerebelum_Crus1_R	Cerebelum_Crus2_L	Cerebelum_Crus2_R	Cerebelum_3_L	Cerebelum_3_R	Cerebelum_4_5_L	Cerebelum_4_5_R	Cerebelum_6_L	Cerebelum_6_R	Cerebelum_7b_L	Cerebelum_7b_R	Cerebelum_8_L	Cerebelum_8_R	Cerebelum_9_L	Cerebelum_9_R	Cerebelum_10_L	Cerebelum_10_R	Vermis_1_2	Vermis_3	Vermis_4_5	Vermis_6	Vermis_7	Vermis_8	Vermis_9	Vermis_10	
480236	Precentral_L	0	316	35552	2030	0	162	27778	658	0	0	19862	0	10584	0	0	830	13560	0	11070	2858	0	0	1298	630	0	0	0	0	12642	270	0	632	96	912	374	320	3376	0	0	0	0	0	144	0	0	0	0	0	0	0	3608	0	748	0	1064	0	31082	0	3350	0	8556	0	2524	0	892	0	0	0	5812	722	4022	1972	3024	124	230	0	12830	166	1850	0	4804	0	0	0	3884	0	0	0	2900	0	0	0	0	0	0	0	0	0	0	0	0	0	0	0	0	0	0	0	0	0	0	0	0	0	0	0	
396672	Precentral_R	316	0	780	34252	0	312	266	5266	0	0	0	9996	0	654	0	0	0	2932	1532	7276	0	0	0	320	0	0	0	0	154	3792	0	302	844	3304	1268	1550	902	6908	428	658	0	0	0	1674	0	3796	0	540	0	7894	0	2182	0	404	330	1032	0	29936	0	2110	0	3726	0	4170	0	804	306	6952	1088	14678	200	8002	120	2014	0	0	158	16788	0	236	0	864	0	192	0	2296	0	0	316	1350	0	0	0	0	0	0	0	0	0	0	0	0	0	0	0	0	0	0	0	166	0	0	0	0	0	0	
1.25856e+06	Frontal_Sup_L	35552	780	0	25118	5410	1278	85592	10690	1688	0	17664	2100	22668	270	1978	370	17186	638	95326	21894	0	0	59840	16332	564	1094	128	98	30880	1656	33990	17062	8294	10464	168	300	3028	624	0	0	0	0	0	0	0	0	0	0	0	0	1344	0	144	0	700	0	11836	0	1634	0	2864	0	410	0	314	0	0	0	176	148	17932	1994	33070	1194	3966	0	10052	722	1354	0	4450	0	996	320	1026	96	0	0	1814	0	0	0	0	0	0	0	0	0	0	0	0	0	0	0	0	0	0	0	0	0	0	0	0	0	0	0	
1.03671e+06	Frontal_Sup_R	2030	34252	25118	0	0	6266	4424	37664	0	556	1632	16246	1806	6552	0	3916	322	9930	38372	77642	0	440	12612	36490	0	2508	0	1154	786	17918	7000	34980	7684	30588	2392	2230	1846	9440	686	1180	0	0	0	0	0	0	0	192	0	0	220	0	0	0	474	1242	704	3110	0	240	176	288	0	346	0	0	0	280	2686	452	3402	19606	924	16600	0	1042	818	22400	0	414	0	876	0	3998	0	0	0	0	462	562	0	0	0	0	0	0	0	0	0	0	0	0	0	0	0	0	0	0	0	178	0	0	0	0	0	0	
137824	Frontal_Sup_Orb_L	0	0	5410	0	0	0	912	0	10780	0	0	0	1878	0	7976	0	0	0	0	0	4186	0	3864	0	3980	116	8780	0	4974	0	5168	0	0	0	0	0	510	0	128	0	842	0	0	0	0	0	0	0	0	0	0	0	0	0	260	0	0	0	0	0	0	0	0	0	0	0	0	0	0	0	2248	0	6234	0	0	0	0	0	0	0	0	0	476	0	0	0	0	0	190	0	0	0	0	0	0	0	0	0	0	0	0	0	0	0	0	0	0	0	0	0	0	0	0	0	0	0	
186088	Frontal_Sup_Orb_R	162	312	1278	6266	0	0	230	1216	0	4534	0	0	0	450	0	3276	0	0	432	640	1650	3526	1750	9896	252	12622	114	11176	0	1018	1268	8812	0	0	0	0	0	0	0	0	0	0	0	0	0	0	0	0	0	0	0	0	0	0	0	0	0	0	0	0	0	0	0	0	0	0	0	0	0	0	2390	9274	1474	7960	0	0	488	578	0	0	0	0	0	0	0	0	0	0	0	0	0	0	0	0	0	0	0	0	0	0	0	0	0	0	0	0	0	0	0	0	0	0	0	0	0	0	
614096	Frontal_Mid_L	27778	266	85592	4424	912	230	0	1648	2668	0	14544	98	34818	0	1460	1282	6442	0	11228	2404	0	0	20556	4172	0	0	0	0	14578	418	12434	4478	4054	3130	0	0	2034	0	0	0	0	0	0	0	0	0	0	0	0	0	1416	0	364	0	910	0	5590	0	1242	0	4358	0	1168	0	582	0	0	0	0	0	6562	3044	8950	148	2350	0	2434	0	958	0	1274	0	0	0	1930	0	0	0	2120	0	0	0	0	0	0	0	0	0	0	0	0	0	0	0	0	0	0	0	0	0	0	0	0	0	0	0	
320528	Frontal_Mid_R	658	5266	10690	37664	0	1216	1648	0	0	2688	0	13376	494	14648	0	9168	0	3224	11348	6928	0	346	630	2828	0	0	0	152	724	10410	576	2354	822	2514	0	0	174	654	0	302	0	0	0	0	0	0	0	0	0	0	0	0	0	0	190	306	0	336	0	0	108	0	0	0	0	0	0	0	0	0	4654	3986	722	5708	0	0	144	1004	0	0	0	178	0	932	0	164	0	0	192	138	0	0	0	0	0	0	0	0	0	0	0	0	0	0	0	0	0	0	0	0	0	0	0	0	0	0	
77940	Frontal_Mid_Orb_L	0	0	1688	0	10780	0	2668	0	0	0	0	0	3398	0	9166	0	0	0	0	0	472	0	604	0	1066	0	3706	0	1902	0	1434	0	0	0	0	0	0	0	0	0	0	0	0	0	0	0	0	0	0	0	0	0	0	0	0	0	0	0	0	0	0	0	0	0	0	0	0	0	0	0	506	0	1580	0	0	0	0	0	0	0	0	0	0	0	0	0	0	0	0	0	0	0	0	0	0	0	0	0	0	0	0	0	0	0	0	0	0	0	0	0	0	0	0	0	0	0	
31096	Frontal_Mid_Orb_R	0	0	0	556	0	4534	0	2688	0	0	0	0	0	548	0	4020	0	0	0	0	160	440	0	0	0	0	0	1084	0	634	0	0	0	0	0	0	0	0	0	0	0	0	0	0	0	0	0	0	0	0	0	0	0	0	0	0	0	0	0	0	0	0	0	0	0	0	0	0	0	0	182	326	100	276	0	0	0	0	0	0	0	0	0	0	0	0	0	0	0	0	0	0	0	0	0	0	0	0	0	0	0	0	0	0	0	0	0	0	0	0	0	0	0	0	0	0	
314756	Frontal_Inf_Oper_L	19862	0	17664	1632	0	0	14544	0	0	0	0	0	22342	0	178	0	16752	0	12288	2076	0	0	1974	894	0	0	0	0	20116	0	280	662	184	1116	0	0	274	0	0	0	0	0	0	0	0	0	0	0	0	0	352	0	190	0	494	0	8816	0	214	0	1102	0	724	0	164	0	0	0	0	0	738	0	4290	0	0	0	0	0	342	0	3278	0	2206	0	698	0	0	0	932	0	0	0	0	0	0	0	0	0	0	0	0	0	0	0	0	0	0	0	0	0	0	0	0	0	0	0	
259612	Frontal_Inf_Oper_R	0	9996	2100	16246	0	0	98	13376	0	0	0	0	0	9804	0	172	0	13332	3468	10846	0	0	0	276	0	0	0	0	160	25416	0	320	100	1104	0	0	0	278	0	130	0	0	0	194	0	190	0	0	0	366	0	0	0	0	108	198	0	3726	0	316	0	272	0	280	0	0	0	460	0	166	444	516	0	7364	0	0	0	1218	0	0	0	338	0	5692	0	290	0	0	108	338	0	0	0	0	0	0	0	0	0	0	0	0	0	0	0	0	0	0	0	0	0	0	0	0	0	0	
351364	Frontal_Inf_Tri_L	10584	0	22668	1806	1878	0	34818	494	3398	0	22342	0	0	0	10066	0	4034	0	9558	2264	0	0	3070	988	0	0	0	0	23610	0	1188	874	564	1186	0	0	448	0	0	0	0	0	0	0	0	0	0	0	0	0	488	0	106	0	730	0	3714	0	312	0	1074	0	614	0	142	0	0	0	0	0	2834	410	5802	0	0	0	108	0	266	0	998	0	776	0	524	0	0	0	946	0	0	0	0	0	0	0	0	0	0	0	0	0	0	0	0	0	0	0	0	0	0	0	0	0	0	0	
122076	Frontal_Inf_Tri_R	0	654	270	6552	0	450	0	14648	0	548	0	9804	0	0	0	3680	0	1790	1016	2932	0	0	0	134	0	0	0	0	0	11268	0	484	0	934	0	0	0	242	0	190	0	0	0	0	0	0	0	0	0	0	0	0	0	0	0	166	0	154	0	0	0	0	0	0	0	0	0	130	0	0	0	166	0	4156	0	0	0	126	0	0	0	0	0	544	0	0	0	0	0	0	0	0	0	0	0	0	0	0	0	0	0	0	0	0	0	0	0	0	0	0	0	0	0	0	0	0	
116464	Frontal_Inf_Orb_L	0	0	1978	0	7976	0	1460	0	9166	0	178	0	10066	0	0	0	0	0	290	0	3406	0	262	0	0	0	1732	0	11300	0	172	0	0	0	0	0	1000	0	272	0	616	0	0	0	0	0	0	0	0	0	0	0	0	0	642	0	0	0	0	0	0	0	0	0	0	0	0	0	0	0	1226	0	3708	0	0	0	0	0	0	0	0	0	2410	0	0	0	0	0	372	0	0	0	0	0	0	0	0	0	0	0	0	0	0	0	0	0	0	0	0	0	0	0	0	0	0	0	
99192	Frontal_Inf_Orb_R	830	0	370	3916	0	3276	1282	9168	0	4020	0	172	0	3680	0	0	0	0	264	228	0	1950	0	0	0	0	0	2020	0	8270	184	276	0	0	0	0	0	282	0	188	0	288	0	0	0	0	0	0	0	0	0	0	0	0	0	0	0	0	0	0	0	0	0	0	0	0	0	0	0	0	2264	3682	468	2330	0	0	0	0	0	0	0	0	0	188	0	0	0	0	0	0	0	0	0	0	0	0	0	0	0	0	0	0	0	0	0	0	0	0	0	0	0	0	0	0	0	0	
302560	Rolandic_Oper_L	13560	0	17186	322	0	0	6442	0	0	0	16752	0	4034	0	0	0	0	0	14920	390	0	0	380	96	0	0	0	0	26966	0	158	162	0	214	0	0	230	0	0	0	0	0	0	0	0	0	0	0	0	0	1822	0	184	0	948	0	16218	0	1200	0	2238	0	2422	0	108	0	0	0	0	0	580	0	2620	0	156	0	0	0	2906	0	12618	0	2298	0	1686	0	0	0	1464	0	0	0	0	0	0	0	0	0	0	0	0	0	0	0	0	0	0	0	0	0	0	0	0	0	0	0	
191088	Rolandic_Oper_R	0	2932	638	9930	0	0	0	3224	0	0	0	13332	0	1790	0	0	0	0	1170	8928	0	0	0	212	0	0	0	0	0	20528	0	0	0	200	0	0	0	1312	0	190	0	0	0	0	0	0	0	130	0	0	0	0	0	0	0	364	0	6182	0	118	0	126	0	3788	0	0	0	230	0	0	0	416	0	6922	0	568	0	240	0	1958	0	4334	0	5550	0	0	0	0	0	232	0	0	0	0	0	0	0	0	0	0	0	0	0	0	0	0	0	0	0	0	0	0	0	0	0	0	
980112	Supp_Motor_Area_L	11070	1532	95326	38372	0	432	11228	11348	0	0	12288	3468	9558	1016	290	264	14920	1170	0	61526	0	0	14172	7452	0	190	0	142	26596	3340	9818	19674	21732	33402	618	610	966	1236	0	250	0	0	712	0	546	0	0	0	0	0	480	0	0	0	886	214	8444	130	236	0	406	0	98	0	0	0	954	106	3718	2830	11672	1364	25198	1738	2792	0	1154	862	908	0	4046	0	958	412	1648	120	0	0	3310	108	0	0	0	0	0	0	0	0	0	0	0	0	0	0	0	0	0	0	0	0	0	0	0	0	0	0	
890964	Supp_Motor_Area_R	2858	7276	21894	77642	0	640	2404	6928	0	0	2076	10846	2264	2932	0	228	390	8928	61526	0	0	0	4842	12270	0	306	0	178	614	13090	3902	20804	18912	51730	3984	6028	0	2842	0	1280	0	0	0	110	0	176	0	156	0	140	210	0	0	0	0	2198	792	4354	0	128	130	156	0	266	0	0	474	952	19488	28358	1220	9764	642	14032	0	1636	170	4818	0	494	0	1318	0	2352	0	0	0	0	0	1140	0	0	0	0	0	0	0	0	0	194	0	0	0	0	0	0	0	0	0	0	0	0	0	0	0	0	
108904	Olfactory_L	0	0	0	0	4186	1650	0	0	472	160	0	0	0	0	3406	0	0	0	0	0	0	4526	0	0	644	998	1750	2162	5194	0	3226	1682	0	0	0	0	2448	0	736	0	2566	0	0	0	0	0	0	0	0	0	0	0	0	0	1242	0	0	0	0	0	0	0	0	0	0	0	0	0	0	0	7994	2494	4882	790	0	0	0	0	0	0	0	0	820	0	0	0	0	0	424	0	0	0	0	0	0	0	0	0	0	0	0	0	0	0	0	0	0	0	0	0	0	0	0	0	0	0	
98520	Olfactory_R	0	0	0	440	0	3526	0	346	0	440	0	0	0	0	0	1950	0	0	0	0	4526	0	0	100	0	1732	204	5812	0	2730	1940	2612	0	0	0	0	0	488	0	430	0	690	0	0	0	0	0	0	0	0	0	0	0	0	0	0	0	0	0	0	0	0	0	0	0	0	0	0	0	0	7504	6706	4834	1932	318	0	0	0	0	0	0	0	0	0	0	0	0	0	0	0	0	0	0	0	0	0	0	0	0	0	0	0	0	0	0	0	0	0	0	0	0	0	0	0	0	0	
526384	Frontal_Sup_Medial_L	1298	0	59840	12612	3864	1750	20556	630	604	0	1974	0	3070	0	262	0	380	0	14172	4842	0	0	0	32016	2678	2934	878	0	1898	0	41422	22338	10056	12280	0	0	0	0	0	0	0	0	0	0	0	0	0	0	0	0	0	0	0	0	0	0	660	0	0	0	0	0	0	0	0	0	0	0	0	0	5028	182	4490	100	0	0	378	0	0	0	0	0	0	0	0	0	0	0	0	0	0	0	0	0	0	0	0	0	0	0	0	0	0	0	0	0	0	0	0	0	0	0	0	0	0	0	
430952	Frontal_Sup_Medial_R	630	320	16332	36490	0	9896	4172	2828	0	0	894	276	988	134	0	0	96	212	7452	12270	0	100	32016	0	404	9706	0	1330	154	380	13412	30832	2420	16656	0	0	0	0	0	0	0	0	0	0	0	0	0	0	0	0	0	0	0	0	0	0	190	0	0	0	0	0	0	0	0	0	0	0	0	0	1514	6032	986	5050	0	0	514	586	0	0	0	0	0	204	0	0	0	0	0	0	0	0	0	0	0	0	0	0	0	0	0	0	0	0	0	0	0	0	0	0	0	0	0	0	0	0	
41576	Frontal_Med_Orb_L	0	0	564	0	3980	252	0	0	1066	0	0	0	0	0	0	0	0	0	0	0	644	0	2678	404	0	1046	2288	0	0	0	4998	302	0	0	0	0	0	0	0	0	0	0	0	0	0	0	0	0	0	0	0	0	0	0	0	0	0	0	0	0	0	0	0	0	0	0	0	0	0	0	1610	0	956	0	0	0	0	0	0	0	0	0	0	0	0	0	0	0	0	0	0	0	0	0	0	0	0	0	0	0	0	0	0	0	0	0	0	0	0	0	0	0	0	0	0	0	
155980	Frontal_Med_Orb_R	0	0	1094	2508	116	12622	0	0	0	0	0	0	0	0	0	0	0	0	190	306	998	1732	2934	9706	1046	0	104	9682	0	0	4482	13550	0	156	0	0	0	0	0	0	0	0	0	0	0	0	0	0	0	0	0	0	0	0	0	0	0	0	0	0	0	0	0	0	0	0	0	0	0	0	1336	7486	1012	6930	0	0	0	0	0	0	0	0	0	0	0	0	0	0	0	0	0	0	0	0	0	0	0	0	0	0	0	0	0	0	0	0	0	0	0	0	0	0	0	0	0	0	
54092	Rectus_L	0	0	128	0	8780	114	0	0	3706	0	0	0	0	0	1732	0	0	0	0	0	1750	204	878	0	2288	104	0	154	966	0	2720	0	0	0	0	0	0	0	0	0	112	0	0	0	0	0	0	0	0	0	0	0	0	0	0	0	0	0	0	0	0	0	0	0	0	0	0	0	0	0	1932	0	1478	0	0	0	0	0	0	0	0	0	0	0	0	0	0	0	0	0	0	0	0	0	0	0	0	0	0	0	0	0	0	0	0	0	0	0	0	0	0	0	0	0	0	0	
114516	Rectus_R	0	0	98	1154	0	11176	0	152	0	1084	0	0	0	0	0	2020	0	0	142	178	2162	5812	0	1330	0	9682	154	0	0	1460	1188	5956	0	120	0	0	0	0	0	0	0	0	0	0	0	0	0	0	0	0	0	0	0	0	0	0	0	0	0	0	0	0	0	0	0	0	0	0	0	0	2636	5172	1956	3626	0	0	0	0	0	0	0	0	0	0	0	0	0	0	0	0	0	0	0	0	0	0	0	0	0	0	0	0	0	0	0	0	0	0	0	0	0	0	0	0	0	0	
665460	Insula_L	12642	154	30880	786	4974	0	14578	724	1902	0	20116	160	23610	0	11300	0	26966	0	26596	614	5194	0	1898	154	0	0	966	0	0	0	2148	488	208	290	140	0	15750	144	1726	0	4048	0	104	0	0	0	0	0	0	0	2114	0	354	0	13980	0	8514	0	1038	0	1584	0	788	0	104	0	0	0	0	0	6334	376	30388	0	192	0	680	178	4600	0	17686	0	6554	0	7488	0	278	0	19730	0	510	0	0	0	0	0	0	0	0	0	0	0	0	0	0	0	0	0	0	0	0	0	0	0	0	0	
392908	Insula_R	270	3792	1656	17918	0	1018	418	10410	0	634	0	25416	0	11268	0	8270	0	20528	3340	13090	0	2730	0	380	0	0	0	1460	0	0	0	726	156	1168	0	0	0	8852	0	3790	0	2398	0	114	0	0	0	726	0	0	0	0	0	0	0	5032	114	3686	0	0	108	0	0	764	0	0	0	772	0	0	1038	2008	128	23874	0	0	0	626	0	2242	0	3958	0	6638	0	1058	0	0	0	3576	0	150	0	0	0	0	0	154	0	0	0	0	0	0	0	0	0	0	0	0	0	0	0	0	0	0	
481856	Cingulum_Ant_L	0	0	33990	7000	5168	1268	12434	576	1434	0	280	0	1188	0	172	184	158	0	9818	3902	3226	1940	41422	13412	4998	4482	2720	1188	2148	0	0	32198	13906	9452	0	442	0	0	0	0	0	0	0	0	0	0	0	0	0	0	0	0	0	0	0	0	0	0	0	0	0	0	0	0	0	0	0	0	0	0	16864	3058	9194	2102	206	0	398	0	0	0	0	0	0	0	0	0	0	0	0	0	0	0	0	0	0	0	0	0	0	0	0	0	0	0	0	0	0	0	0	0	0	0	0	0	0	0	
601196	Cingulum_Ant_R	632	302	17062	34980	0	8812	4478	2354	0	0	662	320	874	484	0	276	162	0	19674	20804	1682	2612	22338	30832	302	13550	0	5956	488	726	32198	0	10612	27966	0	116	0	0	0	0	0	0	0	0	0	0	0	0	0	0	0	0	0	0	0	0	330	0	0	0	0	0	0	0	0	0	0	0	0	0	5734	16600	3078	12168	276	0	590	568	0	0	0	0	0	0	0	0	0	0	0	0	0	0	0	0	0	0	0	0	0	0	0	0	0	0	0	0	0	0	0	0	0	0	0	0	0	0	
331596	Cingulum_Mid_L	96	844	8294	7684	0	0	4054	822	0	0	184	100	564	0	0	0	0	0	21732	18912	0	0	10056	2420	0	0	0	0	208	156	13906	10612	0	26264	4252	2578	0	0	0	0	0	0	2738	306	4162	440	0	0	2774	172	1878	0	0	0	0	0	152	0	1376	0	0	0	0	0	0	0	7796	1308	2844	2858	592	0	586	200	132	0	742	134	0	0	0	0	0	0	636	0	0	0	234	0	0	0	0	0	0	0	0	0	0	0	0	0	0	0	0	0	0	0	0	0	0	0	0	0	0	0	
580424	Cingulum_Mid_R	912	3304	10464	30588	0	0	3130	2514	0	0	1116	1104	1186	934	0	0	214	200	33402	51730	0	0	12280	16656	0	156	0	120	290	1168	9452	27966	26264	0	2360	9514	0	126	0	0	0	0	0	1154	0	2740	0	1002	0	2386	0	500	0	178	0	258	410	3610	0	98	0	0	0	0	0	234	1166	7110	5874	14114	222	128	254	282	0	0	0	208	0	0	0	244	0	0	0	636	0	0	0	254	0	0	0	0	0	0	0	0	0	0	0	0	0	0	0	0	0	0	0	0	0	0	0	0	0	0	
120336	Cingulum_Post_L	374	1268	168	2392	0	0	0	0	0	0	0	0	0	0	0	0	0	0	618	3984	0	0	0	0	0	0	0	0	140	0	0	0	4252	2360	0	9418	3298	3382	1980	788	0	0	2362	0	920	0	632	504	512	0	118	0	0	0	1906	0	0	0	0	0	0	0	0	0	0	0	4540	538	5034	3404	110	0	240	0	0	0	0	3366	0	0	0	0	0	0	0	0	0	0	1560	0	0	0	0	0	0	0	0	0	0	0	0	0	0	0	0	0	0	0	0	0	0	0	0	0	0	0	
152608	Cingulum_Post_R	320	1550	300	2230	0	0	0	0	0	0	0	0	0	0	0	0	0	0	610	6028	0	0	0	0	0	0	0	0	0	0	442	116	2578	9514	9418	0	2364	6038	980	2490	0	0	206	168	100	242	168	3306	0	0	0	0	0	0	554	838	0	250	0	0	0	0	0	0	0	0	2162	7596	2354	7184	0	0	0	0	0	0	0	3092	0	0	0	0	0	0	0	0	0	0	480	518	0	0	0	0	0	0	0	162	0	0	0	0	0	0	0	0	0	0	0	0	1946	0	0	0	0	0	
286380	Hippocampus_L	3376	902	3028	1846	510	0	2034	174	0	0	274	0	448	0	1000	0	230	0	966	0	2448	0	0	0	0	0	0	0	15750	0	0	0	0	0	3298	2364	0	2532	13998	816	9878	0	862	0	0	0	2872	556	0	0	134	0	0	0	22600	0	0	0	0	0	0	0	0	0	0	0	2134	510	0	0	724	0	9666	0	482	0	2458	3290	3332	0	2812	0	2892	0	2078	0	764	0	17878	0	406	0	0	0	0	0	578	0	188	0	0	0	0	0	0	0	0	0	0	102	0	0	0	0	0	0	
337124	Hippocampus_R	0	6908	624	9440	0	0	0	654	0	0	0	278	0	242	0	282	0	1312	1236	2842	0	488	0	0	0	0	0	0	144	8852	0	0	0	126	3382	6038	2532	0	1340	28536	0	9598	176	778	0	0	198	8304	0	96	0	0	0	0	774	28008	0	1364	0	0	0	0	0	716	0	0	528	7288	0	540	212	138	226	8020	0	914	0	6296	0	676	0	1260	0	292	0	510	0	96	690	11612	0	476	0	0	0	202	0	1150	0	692	0	0	0	0	0	0	0	0	0	0	1476	0	0	0	0	0	
118312	ParaHippocampal_L	0	428	0	686	128	0	0	0	0	0	0	0	0	0	272	0	0	0	0	0	736	0	0	0	0	0	0	0	1726	0	0	0	0	0	1980	980	13998	1340	0	578	4900	0	782	0	0	0	3892	368	0	0	112	0	0	0	10118	0	0	0	0	0	0	0	0	0	0	0	1942	444	0	0	0	0	1046	0	0	0	134	1650	0	0	134	0	3448	0	0	0	2702	0	3760	0	130	0	0	0	166	0	576	0	0	0	0	0	0	0	0	0	0	0	0	0	0	0	0	0	0	0	
201996	ParaHippocampal_R	0	658	0	1180	0	0	0	302	0	0	0	130	0	190	0	188	0	190	250	1280	0	430	0	0	0	0	0	0	0	3790	0	0	0	0	788	2490	816	28536	578	0	0	6218	120	724	0	0	116	7562	0	0	0	0	0	0	318	18230	0	366	0	0	0	0	0	228	0	0	340	5416	0	0	0	0	0	5158	0	806	0	2098	0	490	0	878	0	1380	0	160	0	228	266	4434	0	254	0	0	0	170	0	1394	0	730	0	0	0	0	0	0	0	0	0	0	1118	0	0	0	0	0	
66816	Amygdala_L	0	0	0	0	842	0	0	0	0	0	0	0	0	0	616	0	0	0	0	0	2566	0	0	0	0	0	112	0	4048	0	0	0	0	0	0	0	9878	0	4900	0	0	0	0	0	0	0	0	0	0	0	0	0	0	0	4688	0	0	0	0	0	0	0	0	0	0	0	0	0	0	0	126	0	1234	0	0	0	0	0	0	0	0	0	2726	0	0	0	1386	0	286	0	0	0	0	0	0	0	0	0	0	0	0	0	0	0	0	0	0	0	0	0	0	0	0	0	0	0	
57704	Amygdala_R	0	0	0	0	0	0	0	0	0	0	0	0	0	0	0	288	0	0	0	0	0	690	0	0	0	0	0	0	0	2398	0	0	0	0	0	0	0	9598	0	6218	0	0	0	0	0	0	0	0	0	0	0	0	0	0	0	4428	0	0	0	0	0	0	0	0	0	0	0	0	0	0	0	0	0	1014	0	0	0	0	0	0	0	0	0	1984	0	0	0	714	0	1048	0	0	0	0	0	96	0	376	0	0	0	0	0	0	0	0	0	0	0	0	0	0	0	0	0	0	
239820	Calcarine_L	144	0	0	0	0	0	0	0	0	0	0	0	0	0	0	0	0	0	712	0	0	0	0	0	0	0	0	0	104	0	0	0	2738	0	2362	206	862	176	782	120	0	0	0	6676	13930	3984	8778	3376	13568	1530	24082	120	5806	0	4266	0	0	0	216	0	108	0	160	0	356	0	18364	352	2122	0	0	0	0	0	0	0	0	96	0	0	0	0	0	0	1762	0	0	0	1822	0	0	0	0	0	0	0	230	0	0	0	0	0	0	0	0	0	0	0	0	0	0	0	0	0	0	0	
313632	Calcarine_R	0	1674	0	0	0	0	0	0	0	0	0	194	0	0	0	0	0	0	0	110	0	0	0	0	0	0	0	0	0	114	0	0	306	1154	0	168	0	778	0	724	0	0	6676	0	3670	35586	1164	22112	0	22570	0	6708	0	6814	0	7864	0	3520	0	798	0	0	0	122	0	176	1196	23896	0	5436	0	0	0	0	0	0	0	134	0	0	0	312	0	0	0	1930	0	0	0	910	0	0	0	0	0	0	0	0	0	0	0	0	0	0	0	0	0	0	0	0	0	0	0	0	0	0	
160824	Cuneus_L	0	0	0	0	0	0	0	0	0	0	0	0	0	0	0	0	0	0	546	0	0	0	0	0	0	0	0	0	0	0	0	0	4162	0	920	100	0	0	0	0	0	0	13930	3670	0	5092	1410	238	19664	1420	10414	0	2184	0	720	0	0	0	400	0	0	0	0	0	0	0	13702	604	680	0	0	0	0	0	0	0	0	0	0	0	0	0	0	0	322	0	0	0	234	0	0	0	0	0	0	0	0	0	0	0	0	0	0	0	0	0	0	0	0	0	0	0	0	0	0	0	
337796	Cuneus_R	0	3796	0	0	0	0	0	0	0	0	0	190	0	0	0	0	0	0	0	176	0	0	0	0	0	0	0	0	0	0	0	0	440	2740	0	242	0	0	0	0	0	0	3984	35586	5092	0	266	8602	0	38050	0	7710	0	3488	0	4864	0	4040	0	3568	0	0	0	126	0	654	3492	30274	0	5962	0	0	0	0	0	0	0	132	0	0	0	712	0	0	0	3382	0	0	0	1330	0	0	0	0	0	0	0	0	0	0	0	0	0	0	0	0	0	0	0	0	0	0	0	0	0	0	
183980	Lingual_L	0	0	0	0	0	0	0	0	0	0	0	0	0	0	0	0	0	0	0	0	0	0	0	0	0	0	0	0	0	0	0	0	0	0	632	168	2872	198	3892	116	0	0	8778	1164	1410	266	0	1828	4730	168	8504	0	2958	0	13542	168	0	0	0	0	0	0	0	0	0	0	4364	146	0	0	0	0	138	0	0	0	0	174	0	0	0	0	0	0	0	0	0	0	2076	0	6622	0	744	96	938	0	9096	124	11586	540	142	0	220	0	146	0	0	0	0	0	908	2118	418	0	0	0	
316476	Lingual_R	0	540	0	192	0	0	0	0	0	0	0	0	0	0	0	0	0	130	0	156	0	0	0	0	0	0	0	0	0	726	0	0	0	1002	504	3306	556	8304	368	7562	0	0	3376	22112	238	8602	1828	0	0	7192	0	2568	0	4586	638	18652	0	774	0	0	0	0	0	0	0	0	538	17874	0	778	0	0	0	0	0	0	0	824	0	0	0	130	0	0	0	520	0	0	148	2460	2472	3898	660	754	140	0	1332	6620	3210	8586	0	0	0	0	0	0	0	0	0	0	6188	5602	1592	0	0	0	
209760	Occipital_Sup_L	0	0	0	0	0	0	0	0	0	0	0	0	0	0	0	0	0	0	0	0	0	0	0	0	0	0	0	0	0	0	0	0	2774	0	512	0	0	0	0	0	0	0	13568	0	19664	0	4730	0	0	0	29466	0	6986	0	2700	0	0	0	8560	0	98	0	0	0	0	0	13530	0	614	0	0	0	0	0	0	0	0	0	0	0	0	0	0	0	810	0	0	0	770	0	0	0	0	0	0	0	0	0	98	0	0	0	0	0	0	0	0	0	0	0	0	0	0	0	0	0	
383972	Occipital_Sup_R	0	7894	0	0	0	0	0	0	0	0	0	366	0	0	0	0	0	0	0	140	0	0	0	0	0	0	0	0	0	0	0	0	172	2386	0	0	0	96	0	0	0	0	1530	22570	1420	38050	168	7192	0	0	0	21944	0	4196	0	4138	0	8668	0	7040	0	2654	0	528	0	6794	3260	27342	0	7940	0	0	0	0	0	0	0	164	0	0	0	2660	0	0	0	9566	0	0	0	3108	0	0	0	0	0	0	0	0	0	0	0	0	0	0	0	0	0	0	0	0	0	0	0	0	0	0	
460680	Occipital_Mid_L	3608	0	1344	220	0	0	1416	0	0	0	352	0	488	0	0	0	1822	0	480	210	0	0	0	0	0	0	0	0	2114	0	0	0	1878	0	118	0	134	0	112	0	0	0	24082	0	10414	0	8504	0	29466	0	0	0	19408	0	8238	0	7158	0	19080	0	19216	0	2232	0	15690	0	14670	148	7448	0	326	0	0	0	0	0	154	0	348	0	1392	0	0	0	20248	0	0	0	7102	0	536	0	0	0	0	0	0	0	184	0	0	0	0	0	0	0	0	0	0	0	0	0	0	0	0	0	
175644	Occipital_Mid_R	0	2182	0	0	0	0	0	0	0	0	0	0	0	0	0	0	0	0	0	0	0	0	0	0	0	0	0	0	0	0	0	0	0	500	0	0	0	0	0	0	0	0	120	6708	0	7710	0	2568	0	21944	0	0	0	5090	0	914	0	2000	0	2990	0	3982	0	0	0	10890	616	5966	0	2014	0	0	0	0	0	0	0	0	0	0	0	156	0	0	0	9488	0	0	0	1984	0	0	0	0	0	0	0	0	0	0	0	0	0	0	0	0	0	0	0	0	0	0	0	0	0	0	
135880	Occipital_Inf_L	748	0	144	0	0	0	364	0	0	0	190	0	106	0	0	0	184	0	0	0	0	0	0	0	0	0	0	0	354	0	0	0	0	0	0	0	0	0	0	0	0	0	5806	0	2184	0	2958	0	6986	0	19408	0	0	0	9904	0	270	0	804	0	542	0	186	0	610	0	1484	0	496	0	0	0	0	0	0	0	0	0	208	0	388	0	0	0	5072	0	0	0	5840	0	854	0	0	0	0	0	252	0	1286	0	0	0	0	0	0	0	0	0	0	0	194	118	0	0	0	0	
84632	Occipital_Inf_R	0	404	0	0	0	0	0	0	0	0	0	0	0	0	0	0	0	0	0	0	0	0	0	0	0	0	0	0	0	0	0	0	0	178	0	0	0	0	0	0	0	0	0	6814	0	3488	0	4586	0	4196	0	5090	0	0	0	6178	0	208	0	0	0	0	0	0	0	164	216	3906	0	300	0	0	0	0	0	0	0	0	0	0	0	178	0	0	0	2450	0	0	0	2504	0	0	0	0	0	0	0	218	0	692	0	0	0	0	0	0	0	0	0	0	222	324	0	0	0	0	
510388	Fusiform_L	1064	330	700	474	260	0	910	190	0	0	494	108	730	0	642	0	948	0	886	0	1242	0	0	0	0	0	0	0	13980	0	0	0	0	0	1906	554	22600	774	10118	318	4688	0	4266	0	720	0	13542	638	2700	0	8238	0	9904	0	0	158	304	0	118	0	312	0	1042	0	0	0	3278	220	898	0	648	0	4924	0	0	0	174	906	3884	0	6242	0	4298	0	3428	0	2636	0	34274	0	27592	0	8462	0	0	0	12602	0	29644	340	1162	0	1448	0	0	0	0	0	0	0	790	1282	204	0	0	0	
365220	Fusiform_R	0	1032	0	1242	0	0	0	306	0	0	0	198	0	166	0	0	0	364	214	2198	0	0	0	0	0	0	0	0	0	5032	0	0	0	258	0	838	0	28008	0	18230	0	4428	0	7864	0	4864	168	18652	0	4138	0	914	0	6178	158	0	0	688	0	132	0	0	0	366	0	0	434	8898	0	706	0	0	0	4608	0	424	0	1396	0	644	0	1678	0	3426	0	1228	0	1184	0	19974	226	9158	0	736	0	108	140	5084	448	12206	0	0	0	208	0	0	0	0	0	0	1684	1376	0	0	0	0	
331352	Postcentral_L	31082	0	11836	704	0	0	5590	0	0	0	8816	0	3714	0	0	0	16218	0	8444	792	0	0	660	190	0	0	0	0	8514	114	0	330	152	410	0	0	0	0	0	0	0	0	0	0	0	0	0	0	0	0	7158	0	270	0	304	0	0	0	9158	0	20078	0	11444	0	876	0	2318	0	2908	0	338	178	196	0	0	0	0	0	2054	0	7808	0	0	0	1896	0	0	0	1126	0	0	0	0	0	0	0	0	0	0	0	0	0	0	0	0	0	0	0	0	0	0	0	0	0	0	0	
280024	Postcentral_R	0	29936	0	3110	0	0	0	336	0	0	0	3726	0	154	0	0	0	6182	130	4354	0	0	0	0	0	0	0	0	0	3686	0	0	0	3610	0	250	0	1364	0	366	0	0	0	3520	0	4040	0	774	0	8668	0	2000	0	208	0	688	0	0	0	5996	0	8362	0	13954	0	2666	210	8222	0	16492	0	0	0	1340	0	110	0	362	0	354	0	1884	0	0	0	2306	0	0	0	652	0	0	0	0	0	0	0	0	0	0	0	0	0	0	0	0	0	0	0	0	0	0	0	0	0	0	
170168	Parietal_Sup_L	3350	0	1634	0	0	0	1242	0	0	0	214	0	312	0	0	0	1200	0	236	0	0	0	0	0	0	0	0	0	1038	0	0	0	1376	0	0	0	0	0	0	0	0	0	216	0	400	0	0	0	8560	0	19080	0	804	0	118	0	9158	0	0	0	17790	0	1370	0	1382	0	10848	0	1852	0	298	0	0	0	0	0	126	0	0	0	840	0	0	0	1006	0	0	0	634	0	0	0	0	0	0	0	0	0	0	0	0	0	0	0	0	0	0	0	0	0	0	0	0	0	0	0	
89792	Parietal_Sup_R	0	2110	0	240	0	0	0	0	0	0	0	316	0	0	0	0	0	118	0	128	0	0	0	0	0	0	0	0	0	0	0	0	0	98	0	0	0	0	0	0	0	0	0	798	0	3568	0	0	0	7040	0	2990	0	0	0	132	0	5996	0	0	0	5588	0	3324	0	4462	204	5488	0	1748	0	0	0	0	0	0	0	0	0	0	0	548	0	0	0	0	0	0	0	0	0	0	0	0	0	0	0	0	0	0	0	0	0	0	0	0	0	0	0	0	0	0	0	0	0	0	
253756	Parietal_Inf_L	8556	0	2864	176	0	0	4358	108	0	0	1102	0	1074	0	0	0	2238	0	406	130	0	0	0	0	0	0	0	0	1584	108	0	0	0	0	0	0	0	0	0	0	0	0	108	0	0	0	0	0	98	0	19216	0	542	0	312	0	20078	0	17790	0	0	0	18422	0	12732	0	1126	0	842	0	650	258	0	0	0	0	190	0	0	0	2246	0	0	0	6694	0	0	0	2870	0	0	0	0	0	0	0	0	0	0	0	0	0	0	0	0	0	0	0	0	0	0	0	0	0	0	0	
102756	Parietal_Inf_R	0	3726	0	288	0	0	0	0	0	0	0	272	0	0	0	0	0	126	0	156	0	0	0	0	0	0	0	0	0	0	0	0	0	0	0	0	0	0	0	0	0	0	0	0	0	0	0	0	0	2654	0	3982	0	0	0	0	0	8362	0	5588	0	0	0	15100	0	7622	0	196	0	334	0	0	0	0	0	0	0	0	0	0	0	2296	0	0	0	676	0	0	0	0	0	0	0	0	0	0	0	0	0	0	0	0	0	0	0	0	0	0	0	0	0	0	0	0	0	0	
119416	SupraMarginal_L	2524	0	410	0	0	0	1168	0	0	0	724	0	614	0	0	0	2422	0	98	0	0	0	0	0	0	0	0	0	788	0	0	0	0	0	0	0	0	0	0	0	0	0	160	0	0	0	0	0	0	0	2232	0	186	0	1042	0	11444	0	1370	0	18422	0	0	0	2204	0	0	0	252	0	132	112	0	0	0	0	0	0	0	0	5174	0	0	0	6252	0	0	0	1978	0	0	0	0	0	0	0	0	0	0	0	0	0	0	0	0	0	0	0	0	0	0	0	0	0	0	0	
119836	SupraMarginal_R	0	4170	0	346	0	0	0	0	0	0	0	280	0	0	0	0	0	3788	0	266	0	0	0	0	0	0	0	0	0	764	0	0	0	0	0	0	0	716	0	228	0	0	0	122	0	126	0	0	0	528	0	0	0	0	0	366	0	13954	0	3324	0	15100	0	0	0	4742	0	324	0	310	0	0	0	0	0	0	0	0	0	1256	0	7418	0	0	0	1488	0	0	0	302	0	0	0	0	0	0	0	0	0	0	0	0	0	0	0	0	0	0	0	0	0	0	0	0	0	0	
96056	Angular_L	892	0	314	0	0	0	582	0	0	0	164	0	142	0	0	0	108	0	0	0	0	0	0	0	0	0	0	0	104	0	0	0	0	0	0	0	0	0	0	0	0	0	356	0	0	0	0	0	0	0	15690	0	610	0	0	0	876	0	1382	0	12732	0	2204	0	0	0	356	0	354	0	0	0	0	0	0	0	0	0	0	0	660	0	0	0	9102	0	0	0	1400	0	0	0	0	0	0	0	0	0	0	0	0	0	0	0	0	0	0	0	0	0	0	0	0	0	0	0	
100384	Angular_R	0	804	0	0	0	0	0	0	0	0	0	0	0	0	0	0	0	0	0	0	0	0	0	0	0	0	0	0	0	0	0	0	0	234	0	0	0	0	0	0	0	0	0	176	0	654	0	0	0	6794	0	10890	0	164	0	0	0	2666	0	4462	0	7622	0	4742	0	0	0	1146	0	1022	0	0	0	0	0	0	0	0	0	0	0	3762	0	0	0	5054	0	0	0	0	0	0	0	0	0	0	0	0	0	0	0	0	0	0	0	0	0	0	0	0	0	0	0	0	0	0	
275044	Precuneus_L	0	306	0	0	0	0	0	0	0	0	0	0	0	0	0	0	0	0	954	474	0	0	0	0	0	0	0	0	0	0	0	0	7796	1166	4540	2162	2134	528	1942	340	0	0	18364	1196	13702	3492	4364	538	13530	3260	14670	616	1484	216	3278	434	2318	210	10848	204	1126	0	0	0	356	0	0	8026	5122	686	0	0	118	0	0	0	0	340	0	0	0	250	0	0	1966	730	0	0	2452	286	236	0	0	0	0	0	548	0	214	0	0	0	0	0	0	0	0	0	0	0	0	0	0	0	0	0	
427112	Precuneus_R	0	6952	0	280	0	0	0	0	0	0	0	460	0	130	0	0	0	230	106	952	0	0	0	0	0	0	0	0	0	772	0	0	1308	7110	538	7596	510	7288	444	5416	0	0	352	23896	604	30274	146	17874	0	27342	148	5966	0	3906	220	8898	0	8222	0	5488	0	196	0	324	0	1146	8026	0	288	12570	0	0	0	0	0	0	0	798	0	0	0	2082	0	0	0	6922	0	0	176	4996	0	0	0	0	0	0	0	454	0	0	0	0	0	0	0	0	0	0	0	0	2150	0	0	0	0	0	
182220	Paracentral_Lobule_L	5812	1088	176	2686	0	0	0	0	0	0	0	0	0	0	0	0	0	0	3718	19488	0	0	0	0	0	0	0	0	0	0	0	0	2844	5874	5034	2354	0	0	0	0	0	0	2122	0	680	0	0	0	614	0	7448	0	496	0	898	0	2908	0	1852	0	842	0	252	0	354	0	5122	288	0	13042	0	106	0	0	0	0	0	218	0	0	652	0	0	0	2612	0	0	0	1530	0	0	0	0	0	0	0	0	0	0	0	0	0	0	0	0	0	0	0	0	0	0	0	0	0	0	0	
302752	Paracentral_Lobule_R	722	14678	148	452	0	0	0	0	0	0	0	166	0	0	0	0	0	0	2830	28358	0	0	0	0	0	0	0	0	0	0	0	0	2858	14114	3404	7184	0	540	0	0	0	0	0	5436	0	5962	0	778	0	7940	0	2014	0	300	0	706	0	16492	0	1748	0	334	0	310	0	1022	686	12570	13042	0	0	1238	0	0	0	0	0	1258	0	0	0	614	0	0	0	2440	0	0	0	1032	0	0	0	0	0	0	0	0	0	0	0	0	0	0	0	0	0	0	0	0	0	0	0	0	0	0	
389920	Caudate_L	4022	200	17932	3402	2248	2390	6562	4654	506	182	738	444	2834	0	1226	2264	580	0	11672	1220	7994	7504	5028	1514	1610	1336	1932	2636	6334	1038	16864	5734	592	222	110	0	724	212	0	0	126	0	0	0	0	0	0	0	0	0	326	0	0	0	648	0	338	0	298	0	650	0	132	0	0	0	0	0	0	0	0	22236	28554	4164	4922	372	6002	298	0	0	412	0	0	0	136	0	0	0	886	0	0	0	0	0	0	0	0	0	0	0	0	0	0	0	0	0	0	0	0	0	0	0	0	0	0	0	
366180	Caudate_R	1972	8002	1994	19606	0	9274	3044	3986	0	326	0	516	410	166	0	3682	0	416	1364	9764	2494	6706	182	6032	0	7486	0	5172	376	2008	3058	16600	0	128	0	0	0	138	0	0	0	0	0	0	0	0	0	0	0	0	0	0	0	0	0	0	178	0	0	0	258	0	112	0	0	0	0	0	106	1238	22236	0	6494	21212	1212	1238	652	13156	0	0	0	0	0	0	0	0	0	0	0	0	0	0	0	0	0	0	0	0	0	0	0	0	0	0	0	0	0	0	0	96	0	0	0	0	0	0	
483424	Putamen_L	3024	120	33070	924	6234	1474	8950	722	1580	100	4290	0	5802	0	3708	468	2620	0	25198	642	4882	4834	4490	986	956	1012	1478	1956	30388	128	9194	3078	586	254	240	0	9666	226	1046	0	1234	0	0	0	0	0	138	0	0	0	0	0	0	0	4924	0	196	0	0	0	0	0	0	0	0	0	118	0	0	0	28554	6494	0	1690	7030	0	2678	262	472	0	2476	0	1544	0	2014	0	0	0	7562	0	0	0	0	0	0	0	0	0	0	0	0	0	0	0	0	0	0	0	0	0	0	0	0	0	0	0	
370544	Putamen_R	124	2014	1194	16600	0	7960	148	5708	0	276	0	7364	0	4156	0	2330	0	6922	1738	14032	790	1932	100	5050	0	6930	0	3626	0	23874	2102	12168	200	282	0	0	0	8020	0	5158	0	1014	0	0	0	0	0	0	0	0	0	0	0	0	0	4608	0	1340	0	0	0	0	0	0	0	0	0	0	0	0	4164	21212	1690	0	664	2516	248	3076	0	334	0	1482	0	772	0	0	0	0	0	826	0	0	0	0	0	0	0	0	0	528	0	0	0	0	0	0	0	0	0	0	0	0	0	0	0	0	
52492	Pallidum_L	230	0	3966	0	0	0	2350	0	0	0	0	0	0	0	0	0	156	0	2792	0	0	318	0	0	0	0	0	0	192	0	206	276	132	0	0	0	482	0	0	0	0	0	0	0	0	0	0	0	0	0	0	0	0	0	0	0	0	0	0	0	0	0	0	0	0	0	0	0	0	0	4922	1212	7030	664	0	0	1318	0	0	0	0	0	0	0	0	0	0	0	0	0	0	0	0	0	0	0	0	0	0	0	0	0	0	0	0	0	0	0	0	0	0	0	0	0	0	0	
19816	Pallidum_R	0	0	0	1042	0	0	0	0	0	0	0	0	0	0	0	0	0	568	0	1636	0	0	0	0	0	0	0	0	0	0	0	0	0	0	0	0	0	914	0	806	0	0	0	0	0	0	0	0	0	0	0	0	0	0	0	424	0	110	0	0	0	0	0	0	0	0	0	0	0	0	372	1238	0	2516	0	0	0	120	0	0	0	162	0	0	0	0	0	0	0	0	0	0	0	0	0	0	0	0	0	0	0	0	0	0	0	0	0	0	0	0	0	0	0	0	0	0	
95988	Thalamus_L	12830	158	10052	818	0	488	2434	144	0	0	0	0	108	0	0	0	0	0	1154	170	0	0	378	514	0	0	0	0	680	0	398	590	742	0	0	0	2458	0	134	0	0	0	0	0	0	0	0	0	0	0	154	0	0	0	174	0	0	0	126	0	190	0	0	0	0	0	0	0	0	0	6002	652	2678	248	1318	0	0	1718	138	0	0	0	0	0	0	0	0	0	346	0	0	0	0	0	0	0	0	0	0	0	0	0	0	0	0	0	0	0	0	0	0	0	0	0	0	0	
196108	Thalamus_R	166	16788	722	22400	0	578	0	1004	0	0	0	1218	0	126	0	0	0	240	862	4818	0	0	0	586	0	0	0	0	178	626	0	568	134	208	3366	3092	3290	6296	1650	2098	0	0	96	134	0	132	174	824	0	164	0	0	0	0	906	1396	0	362	0	0	0	0	0	0	0	0	340	798	218	1258	298	13156	262	3076	0	120	1718	0	0	0	0	0	0	0	0	144	0	0	826	448	0	0	0	0	0	0	0	0	0	0	0	0	0	0	0	0	0	0	0	190	0	0	0	0	0	0	
71120	Heschl_L	1850	0	1354	0	0	0	958	0	0	0	342	0	266	0	0	0	2906	0	908	0	0	0	0	0	0	0	0	0	4600	0	0	0	0	0	0	0	3332	0	0	0	0	0	0	0	0	0	0	0	0	0	348	0	208	0	3884	0	2054	0	0	0	0	0	0	0	0	0	0	0	0	0	0	0	472	0	0	0	138	0	0	0	5446	0	0	0	1748	0	0	0	4558	0	188	0	0	0	0	0	0	0	0	0	0	0	0	0	0	0	0	0	0	0	0	0	0	0	0	0	
28460	Heschl_R	0	236	0	414	0	0	0	0	0	0	0	0	0	0	0	0	0	1958	0	494	0	0	0	0	0	0	0	0	0	2242	0	0	0	0	0	0	0	676	0	490	0	0	0	0	0	0	0	0	0	0	0	0	0	0	0	644	0	354	0	0	0	0	0	1256	0	0	0	0	0	0	0	0	0	334	0	0	0	0	0	0	0	4376	0	0	0	146	0	0	0	610	0	0	0	0	0	0	0	0	0	0	0	0	0	0	0	0	0	0	0	0	0	0	0	0	0	0	
263848	Temporal_Sup_L	4804	0	4450	0	0	0	1274	0	0	0	3278	0	998	0	0	0	12618	0	4046	0	0	0	0	0	0	0	0	0	17686	0	0	0	0	0	0	0	2812	0	134	0	0	0	0	0	0	0	0	0	0	0	1392	0	388	0	6242	0	7808	0	840	0	2246	0	5174	0	660	0	0	0	652	0	412	0	2476	0	0	0	0	0	5446	0	0	0	6392	0	23156	0	268	0	15982	0	290	0	0	0	0	0	0	0	0	0	0	0	0	0	0	0	0	0	0	0	0	0	0	0	0	0	
127624	Temporal_Sup_R	0	864	0	876	0	0	0	178	0	0	0	338	0	0	0	0	0	4334	0	1318	0	0	0	0	0	0	0	0	0	3958	0	0	0	244	0	0	0	1260	0	878	0	0	0	312	0	712	0	130	0	2660	0	156	0	178	0	1678	0	1884	0	548	0	2296	0	7418	0	3762	250	2082	0	614	0	0	0	1482	0	162	0	0	0	4376	0	0	0	2360	0	13276	0	108	0	3120	0	0	0	0	0	0	0	0	0	0	0	0	0	0	0	0	0	0	0	0	0	0	0	0	0	0	
112448	Temporal_Pole_Sup_L	0	0	996	0	476	0	0	0	0	0	2206	0	776	0	2410	0	2298	0	958	0	820	0	0	0	0	0	0	0	6554	0	0	0	0	0	0	0	2892	0	3448	0	2726	0	0	0	0	0	0	0	0	0	0	0	0	0	4298	0	0	0	0	0	0	0	0	0	0	0	0	0	0	0	0	0	1544	0	0	0	0	0	0	0	6392	0	0	0	4992	0	6654	0	5784	0	0	0	0	0	0	0	0	0	0	0	0	0	0	0	0	0	0	0	0	0	0	0	0	0	0	0	
92072	Temporal_Pole_Sup_R	0	192	320	3998	0	0	0	932	0	0	0	5692	0	544	0	188	0	5550	412	2352	0	0	0	204	0	0	0	0	0	6638	0	0	0	0	0	0	0	292	0	1380	0	1984	0	0	0	0	0	0	0	0	0	0	0	0	0	3426	0	0	0	0	0	0	0	0	0	0	0	0	0	0	0	0	0	772	0	0	0	0	0	0	0	2360	0	0	0	2030	0	2432	0	4338	0	0	0	0	0	0	0	0	0	0	0	0	0	0	0	0	0	0	0	0	0	0	0	0	0	0	
321000	Temporal_Mid_L	3884	0	1026	0	0	0	1930	0	0	0	698	0	524	0	0	0	1686	0	1648	0	0	0	0	0	0	0	0	0	7488	0	0	0	636	0	0	0	2078	0	0	0	0	0	1762	0	322	0	0	0	810	0	20248	0	5072	0	3428	0	1896	0	1006	0	6694	0	6252	0	9102	0	1966	0	2612	0	136	0	2014	0	0	0	0	0	1748	0	23156	0	4992	0	0	0	3274	0	41860	0	552	0	0	0	0	0	0	0	0	0	0	0	0	0	0	0	0	0	0	0	0	0	0	0	0	0	
172108	Temporal_Mid_R	0	2296	96	0	0	0	0	164	0	0	0	290	0	0	0	0	0	0	120	0	0	0	0	0	0	0	0	0	0	1058	0	0	0	636	0	0	0	510	0	160	0	0	0	1930	0	3382	0	520	0	9566	0	9488	0	2450	0	1228	0	2306	0	0	0	676	0	1488	0	5054	730	6922	0	2440	0	0	0	0	0	0	0	144	0	146	0	13276	0	2030	0	0	0	658	0	16290	0	0	0	0	0	0	0	0	0	0	0	0	0	0	0	0	0	0	0	0	0	0	0	0	0	0	
43780	Temporal_Pole_Mid_L	0	0	0	0	0	0	0	0	0	0	0	0	0	0	0	0	0	0	0	0	0	0	0	0	0	0	0	0	278	0	0	0	0	0	0	0	764	0	2702	0	1386	0	0	0	0	0	0	0	0	0	0	0	0	0	2636	0	0	0	0	0	0	0	0	0	0	0	0	0	0	0	0	0	0	0	0	0	0	0	0	0	268	0	6654	0	3274	0	0	0	3928	0	0	0	0	0	0	0	0	0	0	0	0	0	0	0	0	0	0	0	0	0	0	0	0	0	0	0	
14656	Temporal_Pole_Mid_R	0	0	0	0	0	0	0	0	0	0	0	0	0	0	0	0	0	0	0	0	0	0	0	0	0	0	0	0	0	0	0	0	0	0	0	0	0	96	0	228	0	714	0	0	0	0	0	0	0	0	0	0	0	0	0	1184	0	0	0	0	0	0	0	0	0	0	0	0	0	0	0	0	0	0	0	0	0	0	0	0	0	108	0	2432	0	658	0	0	0	1908	0	0	0	0	0	0	0	0	0	0	0	0	0	0	0	0	0	0	0	0	0	0	0	0	0	0	
424960	Temporal_Inf_L	2900	316	1814	462	190	0	2120	192	0	0	932	108	946	0	372	0	1464	0	3310	0	424	0	0	0	0	0	0	0	19730	0	0	0	234	0	1560	480	17878	690	3760	266	286	0	1822	0	234	0	2076	148	770	0	7102	0	5840	0	34274	0	1126	0	634	0	2870	0	1978	0	1400	0	2452	176	1530	0	886	0	7562	0	0	0	346	826	4558	0	15982	0	5784	0	41860	0	3928	0	0	0	3960	0	684	0	0	0	262	0	674	0	140	0	162	0	0	0	0	0	0	0	0	0	0	0	0	0	
186016	Temporal_Inf_R	0	1350	0	562	0	0	0	138	0	0	0	338	0	0	0	0	0	232	108	1140	0	0	0	0	0	0	0	0	0	3576	0	0	0	254	0	518	0	11612	0	4434	0	1048	0	910	0	1330	0	2460	0	3108	0	1984	0	2504	0	19974	0	652	0	0	0	0	0	302	0	0	286	4996	0	1032	0	0	0	826	0	0	0	448	0	610	0	3120	0	4338	0	16290	0	1908	0	0	0	620	0	0	0	0	0	0	0	0	0	0	0	0	0	0	0	0	0	0	0	0	0	0	0	0	
474968	Cerebelum_Crus1_L	0	0	0	0	0	0	0	0	0	0	0	0	0	0	0	0	0	0	0	0	0	0	0	0	0	0	0	0	510	0	0	0	0	0	0	0	406	0	130	0	0	0	0	0	0	0	6622	2472	0	0	536	0	854	0	27592	226	0	0	0	0	0	0	0	0	0	0	236	0	0	0	0	0	0	0	0	0	0	0	188	0	290	0	0	0	552	0	0	0	3960	0	0	1970	38334	4872	1022	0	28656	1050	58042	2276	9016	2010	11852	2008	1878	594	952	0	408	1350	6848	9054	7474	990	1202	1052	
348080	Cerebelum_Crus1_R	0	0	0	0	0	0	0	0	0	0	0	0	0	0	0	0	0	0	0	0	0	0	0	0	0	0	0	0	0	150	0	0	0	0	0	0	0	476	0	254	0	0	0	0	0	0	0	3898	0	0	0	0	0	0	0	9158	0	0	0	0	0	0	0	0	0	0	0	0	0	0	0	0	0	0	0	0	0	0	0	0	0	0	0	0	0	0	0	0	0	620	1970	0	1448	33208	0	4234	398	28090	1284	52840	240	2780	0	14704	0	976	0	1018	0	1084	4964	4392	5586	268	0	0	
392420	Cerebelum_Crus2_L	0	0	0	0	0	0	0	0	0	0	0	0	0	0	0	0	0	0	0	0	0	0	0	0	0	0	0	0	0	0	0	0	0	0	0	0	0	0	0	0	0	0	0	0	0	0	744	660	0	0	0	0	0	0	8462	0	0	0	0	0	0	0	0	0	0	0	0	0	0	0	0	0	0	0	0	0	0	0	0	0	0	0	0	0	0	0	0	0	684	0	38334	1448	0	9808	644	0	7554	96	18046	508	35092	5990	32274	5920	5242	464	1914	0	132	320	610	3486	12094	4480	640	564	
308292	Cerebelum_Crus2_R	0	0	0	0	0	0	0	0	0	0	0	0	0	0	0	0	0	0	0	0	0	0	0	0	0	0	0	0	0	0	0	0	0	0	0	0	0	0	0	0	0	0	0	0	0	0	96	754	0	0	0	0	0	0	0	736	0	0	0	0	0	0	0	0	0	0	0	0	0	0	0	0	0	0	0	0	0	0	0	0	0	0	0	0	0	0	0	0	0	0	4872	33208	9808	0	0	2610	802	7678	1990	17604	3944	14906	3156	25732	124	476	0	162	146	1898	2724	3596	12762	3342	690	330	
34188	Cerebelum_3_L	0	0	0	0	0	0	0	0	0	0	0	0	0	0	0	0	0	0	0	0	0	0	0	0	0	0	0	0	0	0	0	0	0	0	0	0	0	0	166	0	0	0	0	0	0	0	938	140	0	0	0	0	0	0	0	0	0	0	0	0	0	0	0	0	0	0	0	0	0	0	0	0	0	0	0	0	0	0	0	0	0	0	0	0	0	0	0	0	0	0	1022	0	644	0	0	0	5240	0	1646	0	152	0	1156	196	1846	178	0	0	656	914	530	288	680	252	242	208	
58204	Cerebelum_3_R	0	0	0	0	0	0	0	0	0	0	0	0	0	0	0	0	0	0	0	0	0	0	0	0	0	0	0	0	0	0	0	0	0	0	0	0	0	202	0	170	0	96	0	0	0	0	0	0	0	0	0	0	0	0	0	108	0	0	0	0	0	0	0	0	0	0	0	0	0	0	0	0	0	0	0	0	0	0	0	0	0	0	0	0	0	0	0	0	0	0	0	4234	0	2610	0	0	0	5142	0	5146	188	768	274	2498	0	756	0	344	578	3332	996	0	410	824	426	0	
281320	Cerebelum_4_5_L	0	0	0	0	0	0	0	0	0	0	0	0	0	0	0	0	0	0	0	0	0	0	0	0	0	0	0	0	0	0	0	0	0	0	0	0	578	0	576	0	0	0	230	0	0	0	9096	1332	0	0	0	0	252	0	12602	140	0	0	0	0	0	0	0	0	0	0	548	0	0	0	0	0	0	0	0	0	0	0	0	0	0	0	0	0	0	0	0	0	262	0	28656	398	7554	802	5240	0	0	1090	36432	1450	2018	174	4102	972	3436	522	256	0	830	2036	10758	3786	1434	768	972	1358	
240276	Cerebelum_4_5_R	0	0	0	0	0	0	0	0	0	0	0	0	0	0	0	0	0	0	0	0	0	0	0	0	0	0	0	0	0	154	0	0	0	0	0	162	0	1150	0	1394	0	376	0	0	0	0	124	6620	0	0	0	0	0	218	0	5084	0	0	0	0	0	0	0	0	0	0	0	454	0	0	0	0	0	0	0	0	0	0	0	0	0	0	0	0	0	0	0	0	0	0	1050	28090	96	7678	0	5142	1090	0	1314	36316	100	1050	130	6114	0	914	0	1060	0	1858	10220	1446	316	282	136	0	
426256	Cerebelum_6_L	0	0	0	0	0	0	0	0	0	0	0	0	0	0	0	0	0	0	0	0	0	0	0	0	0	0	0	0	0	0	0	0	0	0	0	0	188	0	0	0	0	0	0	0	0	0	11586	3210	98	0	184	0	1286	0	29644	448	0	0	0	0	0	0	0	0	0	0	214	0	0	0	0	0	0	0	0	0	0	0	0	0	0	0	0	0	0	0	0	0	674	0	58042	1284	18046	1990	1646	0	36432	1314	0	2940	3470	386	5444	1442	2092	832	378	0	512	1540	8798	10726	4218	1056	1514	1494	
362140	Cerebelum_6_R	0	0	0	0	0	0	0	0	0	0	0	0	0	0	0	0	0	0	0	194	0	0	0	0	0	0	0	0	0	0	0	0	0	0	0	0	0	692	0	730	0	0	0	0	0	0	540	8586	0	0	0	0	0	692	340	12206	0	0	0	0	0	0	0	0	0	0	0	0	0	0	0	0	0	528	0	0	0	0	0	0	0	0	0	0	0	0	0	0	0	0	2276	52840	508	17604	0	5146	1450	36316	2940	0	0	1200	0	9060	0	1032	0	1594	0	1762	11350	7370	3898	216	0	0	
252284	Cerebelum_7b_L	0	0	0	0	0	0	0	0	0	0	0	0	0	0	0	0	0	0	0	0	0	0	0	0	0	0	0	0	0	0	0	0	0	0	0	0	0	0	0	0	0	0	0	0	0	0	142	0	0	0	0	0	0	0	1162	0	0	0	0	0	0	0	0	0	0	0	0	0	0	0	0	0	0	0	0	0	0	0	0	0	0	0	0	0	0	0	0	0	140	0	9016	240	35092	3944	152	188	2018	100	3470	0	0	3900	37606	6574	6738	268	2074	0	0	214	202	214	4232	8220	236	0	
126708	Cerebelum_7b_R	0	0	0	0	0	0	0	0	0	0	0	0	0	0	0	0	0	0	0	0	0	0	0	0	0	0	0	0	0	0	0	0	0	0	0	0	0	0	0	0	0	0	0	0	0	0	0	0	0	0	0	0	0	0	0	0	0	0	0	0	0	0	0	0	0	0	0	0	0	0	0	0	0	0	0	0	0	0	0	0	0	0	0	0	0	0	0	0	0	0	2010	2780	5990	14906	0	768	174	1050	386	1200	3900	0	3168	14588	0	306	0	0	0	772	652	572	5880	3912	206	134	
306232	Cerebelum_8_L	0	0	0	0	0	0	0	0	0	0	0	0	0	0	0	0	0	0	0	0	0	0	0	0	0	0	0	0	0	0	0	0	0	0	0	0	0	0	0	0	0	0	0	0	0	0	220	0	0	0	0	0	0	0	1448	0	0	0	0	0	0	0	0	0	0	0	0	0	0	0	0	0	0	0	0	0	0	0	0	0	0	0	0	0	0	0	0	0	162	0	11852	0	32274	3156	1156	274	4102	130	5444	0	37606	3168	0	7258	17634	1446	4624	0	250	720	534	688	5054	10548	2284	1084	
274932	Cerebelum_8_R	0	0	0	0	0	0	0	0	0	0	0	0	0	0	0	0	0	0	0	0	0	0	0	0	0	0	0	0	0	0	0	0	0	0	0	0	0	0	0	0	0	0	0	0	0	0	0	0	0	0	0	0	0	0	0	208	0	0	0	0	0	0	0	0	0	0	0	0	0	0	0	0	0	0	0	0	0	0	0	0	0	0	0	0	0	0	0	0	0	0	2008	14704	5920	25732	196	2498	972	6114	1442	9060	6574	14588	7258	0	612	11588	0	1632	332	2494	3194	766	6394	10198	2154	828	
108164	Cerebelum_9_L	0	0	0	0	0	0	0	0	0	0	0	0	0	0	0	0	0	0	0	0	0	0	0	0	0	0	0	0	0	0	0	0	0	0	0	0	0	0	0	0	0	0	0	0	0	0	146	0	0	0	0	0	0	0	0	0	0	0	0	0	0	0	0	0	0	0	0	0	0	0	0	0	0	0	0	0	0	0	0	0	0	0	0	0	0	0	0	0	0	0	1878	0	5242	124	1846	0	3436	0	2092	0	6738	0	17634	612	0	1132	5154	0	154	354	418	712	1678	1758	1946	1028	
74448	Cerebelum_9_R	0	0	0	0	0	0	0	0	0	0	0	0	0	0	0	0	0	0	0	0	0	0	0	0	0	0	0	0	0	0	0	0	0	0	0	0	0	0	0	0	0	0	0	0	0	0	0	0	0	0	0	0	0	0	0	0	0	0	0	0	0	0	0	0	0	0	0	0	0	0	0	0	0	0	0	0	0	0	0	0	0	0	0	0	0	0	0	0	0	0	594	976	464	476	178	756	522	914	832	1032	268	306	1446	11588	1132	0	0	1266	580	862	542	1256	1408	2958	4312	2556	
30704	Cerebelum_10_L	0	0	0	0	0	0	0	0	0	0	0	0	0	0	0	0	0	0	0	0	0	0	0	0	0	0	0	0	0	0	0	0	0	0	0	0	0	0	0	0	0	0	0	0	0	0	0	0	0	0	0	0	0	0	0	0	0	0	0	0	0	0	0	0	0	0	0	0	0	0	0	0	0	0	0	0	0	0	0	0	0	0	0	0	0	0	0	0	0	0	952	0	1914	0	0	0	256	0	378	0	2074	0	4624	0	5154	0	0	0	0	0	0	0	0	0	0	0	
14388	Cerebelum_10_R	0	0	0	0	0	0	0	0	0	0	0	0	0	0	0	0	0	0	0	0	0	0	0	0	0	0	0	0	0	0	0	0	0	0	0	0	0	0	0	0	0	0	0	0	0	0	0	0	0	0	0	0	0	0	0	0	0	0	0	0	0	0	0	0	0	0	0	0	0	0	0	0	0	0	0	0	0	0	0	0	0	0	0	0	0	0	0	0	0	0	0	1018	0	162	0	344	0	1060	0	1594	0	0	0	1632	0	1266	0	0	0	0	118	0	0	0	0	0	
23460	Vermis_1_2	0	0	0	0	0	0	0	0	0	0	0	0	0	0	0	0	0	0	0	0	0	0	0	0	0	0	0	0	0	0	0	0	0	0	0	0	0	0	0	0	0	0	0	0	0	0	0	0	0	0	0	0	0	0	0	0	0	0	0	0	0	0	0	0	0	0	0	0	0	0	0	0	0	0	0	0	0	0	0	0	0	0	0	0	0	0	0	0	0	0	408	0	132	146	656	578	830	0	512	0	0	0	250	332	154	580	0	0	0	3836	608	506	456	528	662	556	
71216	Vermis_3	0	166	0	178	0	0	0	0	0	0	0	0	0	0	0	0	0	0	0	0	0	0	0	0	0	0	0	0	0	0	0	0	0	0	0	0	102	0	0	0	0	0	0	0	0	0	0	0	0	0	0	0	0	0	0	0	0	0	0	0	0	0	0	0	0	0	0	0	0	0	0	96	0	0	0	0	0	190	0	0	0	0	0	0	0	0	0	0	0	0	1350	1084	320	1898	914	3332	2036	1858	1540	1762	214	772	720	2494	354	862	0	0	3836	0	4022	728	1238	1900	1184	458	
190524	Vermis_4_5	0	0	0	0	0	0	0	0	0	0	0	0	0	0	0	0	0	0	0	0	0	0	0	0	0	0	0	0	0	0	0	0	0	0	0	1946	0	1476	0	1118	0	0	0	0	0	0	908	6188	0	0	0	0	194	222	790	1684	0	0	0	0	0	0	0	0	0	0	0	2150	0	0	0	0	0	0	0	0	0	0	0	0	0	0	0	0	0	0	0	0	0	0	6848	4964	610	2724	530	996	10758	10220	8798	11350	202	652	534	3194	418	542	0	118	608	4022	0	5442	1588	1510	806	1152	
156244	Vermis_6	0	0	0	0	0	0	0	0	0	0	0	0	0	0	0	0	0	0	0	0	0	0	0	0	0	0	0	0	0	0	0	0	0	0	0	0	0	0	0	0	0	0	0	0	0	0	2118	5602	0	0	0	0	118	324	1282	1376	0	0	0	0	0	0	0	0	0	0	0	0	0	0	0	0	0	0	0	0	0	0	0	0	0	0	0	0	0	0	0	0	0	0	9054	4392	3486	3596	288	0	3786	1446	10726	7370	214	572	688	766	712	1256	0	0	506	728	5442	0	6636	852	1812	2974	
