data	data	478532	228324	904888	668436	171776	88336	410696	279672	72448	27192	156760	174516	189092	160104	130076	81272	166008	117644	971512	910284	58972	55032	297976	290312	23304	62604	37780	42068	461752	309544	283644	551224	167764	520512	210096	252240	281028	292492	95872	167700	30244	50664	235456	203788	153200	195844	272136	280340	138392	158816	377072	170096	95212	92720	296612	298148	231608	201028	72972	112900	194964	132832	85256	92620	120616	69880	294316	301140	312724	168280	209396	447136	260864	295608	66564	17976	290020	220644	70968	24832	156736	107112	87744	33248	262700	197828	22780	12452	247936	196272	525864	391220	354500	384132	26864	75960	247624	226652	414280	372948	299024	149460	362584	311096	144628	161704	16948	13132	14320	43568	160324	172416	308156	131584	102984	53332	
data	data	Precentral_L	Precentral_R	Frontal_Sup_L	Frontal_Sup_R	Frontal_Sup_Orb_L	Frontal_Sup_Orb_R	Frontal_Mid_L	Frontal_Mid_R	Frontal_Mid_Orb_L	Frontal_Mid_Orb_R	Frontal_Inf_Oper_L	Frontal_Inf_Oper_R	Frontal_Inf_Tri_L	Frontal_Inf_Tri_R	Frontal_Inf_Orb_L	Frontal_Inf_Orb_R	Rolandic_Oper_L	Rolandic_Oper_R	Supp_Motor_Area_L	Supp_Motor_Area_R	Olfactory_L	Olfactory_R	Frontal_Sup_Medial_L	Frontal_Sup_Medial_R	Frontal_Med_Orb_L	Frontal_Med_Orb_R	Rectus_L	Rectus_R	Insula_L	Insula_R	Cingulum_Ant_L	Cingulum_Ant_R	Cingulum_Mid_L	Cingulum_Mid_R	Cingulum_Post_L	Cingulum_Post_R	Hippocampus_L	Hippocampus_R	ParaHippocampal_L	ParaHippocampal_R	Amygdala_L	Amygdala_R	Calcarine_L	Calcarine_R	Cuneus_L	Cuneus_R	Lingual_L	Lingual_R	Occipital_Sup_L	Occipital_Sup_R	Occipital_Mid_L	Occipital_Mid_R	Occipital_Inf_L	Occipital_Inf_R	Fusiform_L	Fusiform_R	Postcentral_L	Postcentral_R	Parietal_Sup_L	Parietal_Sup_R	Parietal_Inf_L	Parietal_Inf_R	SupraMarginal_L	SupraMarginal_R	Angular_L	Angular_R	Precuneus_L	Precuneus_R	Paracentral_Lobule_L	Paracentral_Lobule_R	Caudate_L	Caudate_R	Putamen_L	Putamen_R	Pallidum_L	Pallidum_R	Thalamus_L	Thalamus_R	Heschl_L	Heschl_R	Temporal_Sup_L	Temporal_Sup_R	Temporal_Pole_Sup_L	Temporal_Pole_Sup_R	Temporal_Mid_L	Temporal_Mid_R	Temporal_Pole_Mid_L	Temporal_Pole_Mid_R	Temporal_Inf_L	Temporal_Inf_R	Cerebelum_Crus1_L	Cerebelum_Crus1_R	Cerebelum_Crus2_L	Cerebelum_Crus2_R	Cerebelum_3_L	Cerebelum_3_R	Cerebelum_4_5_L	Cerebelum_4_5_R	Cerebelum_6_L	Cerebelum_6_R	Cerebelum_7b_L	Cerebelum_7b_R	Cerebelum_8_L	Cerebelum_8_R	Cerebelum_9_L	Cerebelum_9_R	Cerebelum_10_L	Cerebelum_10_R	Vermis_1_2	Vermis_3	Vermis_4_5	Vermis_6	Vermis_7	Vermis_8	Vermis_9	Vermis_10	
478532	Precentral_L	0	2184	26386	658	0	0	14720	0	0	0	5846	0	244	0	0	0	4776	0	30626	7334	0	0	0	388	0	0	0	0	8018	98	168	620	1840	238	6734	1334	5300	688	140	430	158	0	498	0	616	0	0	394	328	0	2108	0	116	0	132	0	31488	0	0	0	6344	0	1530	0	1054	0	2062	0	27302	0	4432	910	5186	0	2686	0	21154	756	3288	0	2042	0	622	0	2730	0	0	0	2560	0	0	0	0	0	0	0	0	0	0	0	0	0	0	0	0	0	0	0	0	0	0	0	0	0	0	0	
228324	Precentral_R	2184	0	728	8190	0	0	316	12188	0	0	0	3250	0	216	0	0	0	3088	3408	24310	0	0	0	0	0	0	0	0	0	4724	176	146	304	1918	916	3232	0	3850	0	614	0	0	0	0	0	0	0	0	0	0	0	310	0	224	0	602	144	15438	0	0	0	250	0	1908	0	0	244	318	2624	2594	1226	2458	172	5450	0	704	156	3402	0	0	0	808	0	0	0	424	0	0	0	948	0	0	0	0	0	0	0	0	0	0	0	0	0	0	0	0	0	0	0	0	0	0	0	0	0	0	
904888	Frontal_Sup_L	26386	728	0	4466	10910	0	65104	0	3076	0	11766	316	18156	0	4874	158	10116	0	95276	11884	0	0	34832	2334	928	0	0	0	35810	134	18132	5454	5586	2828	1104	112	3696	0	154	0	128	0	0	0	0	0	0	0	0	0	148	0	0	0	0	0	4890	0	0	0	404	0	0	0	152	0	150	0	11090	0	9540	6236	19630	418	6726	100	12752	124	1254	0	2926	0	1456	0	0	0	0	0	0	0	0	0	0	0	0	0	0	0	0	0	0	0	0	0	0	0	0	0	0	0	0	0	0	0	0	0	
668436	Frontal_Sup_R	658	8190	4466	0	0	3074	1210	32340	0	522	450	12404	0	8298	0	2782	130	7264	14256	51872	0	96	7710	31596	0	1796	0	0	276	13234	4916	40144	884	15720	96	228	104	4150	0	858	0	174	0	0	0	0	0	0	0	0	0	0	0	150	0	336	0	2804	0	0	0	0	0	530	0	0	0	0	602	0	1342	28254	0	18936	0	500	420	9060	0	0	0	604	0	0	0	276	0	0	0	506	0	0	0	0	0	0	0	0	0	0	0	0	0	0	0	0	0	0	0	0	0	0	0	0	0	0	
171776	Frontal_Sup_Orb_L	0	0	10910	0	0	0	1514	0	10104	0	1036	0	5666	0	13386	0	230	0	2192	0	2448	0	2382	0	3046	0	4290	0	17878	0	2262	0	0	0	0	0	0	0	160	0	504	0	0	0	0	0	0	0	0	0	0	0	0	0	0	0	0	0	0	0	0	0	0	0	0	0	0	0	0	0	0	0	7252	0	0	0	0	0	0	0	0	0	628	0	0	0	0	0	0	0	0	0	0	0	0	0	0	0	0	0	0	0	0	0	0	0	0	0	0	0	0	0	0	0	0	0	
88336	Frontal_Sup_Orb_R	0	0	0	3074	0	0	0	3752	0	4278	0	0	0	214	0	5586	0	0	0	110	0	1940	200	1976	114	6866	0	7750	0	2872	0	1582	0	0	0	0	0	0	0	0	0	0	0	0	0	0	0	0	0	0	0	0	0	0	0	0	0	0	0	0	0	0	0	0	0	0	0	0	0	0	0	2176	0	1678	0	0	0	0	0	0	0	0	0	0	0	0	0	0	0	0	0	0	0	0	0	0	0	0	0	0	0	0	0	0	0	0	0	0	0	0	0	0	0	0	0	0	
410696	Frontal_Mid_L	14720	316	65104	1210	1514	0	0	0	2490	0	11720	0	29358	114	5876	0	3946	0	17280	1328	0	0	13642	1036	0	0	0	0	13838	116	2816	1474	1396	142	646	144	1248	0	0	0	0	0	0	0	0	0	0	0	0	0	0	0	0	0	0	0	2048	0	0	0	302	0	0	0	0	0	120	0	234	0	1584	1542	3340	0	944	0	1702	114	962	0	614	0	368	0	0	0	0	0	0	0	0	0	0	0	0	0	0	0	0	0	0	0	0	0	0	0	0	0	0	0	0	0	0	0	0	0	
279672	Frontal_Mid_R	0	12188	0	32340	0	3752	0	0	0	946	0	12940	0	16828	0	5662	0	2304	2048	3500	0	96	688	2526	0	514	0	0	0	9234	2312	7854	0	3792	0	0	0	1358	0	468	0	0	0	0	0	0	0	0	0	0	0	0	0	0	0	144	0	1378	0	0	0	0	0	582	0	0	0	0	0	0	0	3504	0	10906	0	404	0	1436	0	0	0	0	0	0	0	0	0	0	0	132	0	0	0	0	0	0	0	0	0	0	0	0	0	0	0	0	0	0	0	0	0	0	0	0	0	0	
72448	Frontal_Mid_Orb_L	0	0	3076	0	10104	0	2490	0	0	0	0	0	2284	0	11568	0	0	0	348	0	336	0	0	0	0	0	892	0	3462	0	0	0	0	0	0	0	0	0	0	0	0	0	0	0	0	0	0	0	0	0	0	0	0	0	0	0	0	0	0	0	0	0	0	0	0	0	0	0	0	0	0	0	1112	0	0	0	0	0	0	0	0	0	552	0	0	0	0	0	0	0	0	0	0	0	0	0	0	0	0	0	0	0	0	0	0	0	0	0	0	0	0	0	0	0	0	0	
27192	Frontal_Mid_Orb_R	0	0	0	522	0	4278	0	946	0	0	0	0	0	530	0	5048	0	0	116	190	0	0	0	0	0	0	0	582	0	780	0	0	0	166	0	0	0	0	0	0	0	0	0	0	0	0	0	0	0	0	0	0	0	0	0	0	0	0	0	0	0	0	0	0	0	0	0	0	0	0	0	212	0	226	0	0	0	0	0	0	0	0	0	0	0	0	0	0	0	0	0	0	0	0	0	0	0	0	0	0	0	0	0	0	0	0	0	0	0	0	0	0	0	0	0	0	
156760	Frontal_Inf_Oper_L	5846	0	11766	450	1036	0	11720	0	0	0	0	0	10858	0	184	0	6534	0	5924	378	0	0	358	128	0	0	0	0	12182	0	994	264	0	0	0	0	242	0	0	0	0	0	0	0	0	0	0	0	0	0	0	0	0	0	0	0	1618	0	0	0	0	0	0	0	0	0	0	0	0	0	250	706	738	0	0	0	256	0	392	0	3134	0	2422	0	0	0	0	0	0	0	0	0	0	0	0	0	0	0	0	0	0	0	0	0	0	0	0	0	0	0	0	0	0	0	0	0	
174516	Frontal_Inf_Oper_R	0	3250	316	12404	0	0	0	12940	0	0	0	0	0	16704	0	356	0	4596	1276	3116	0	0	0	1656	0	0	0	0	0	14530	404	4982	0	996	0	0	0	276	0	0	0	0	0	0	0	0	0	0	0	0	0	0	0	0	0	0	0	1452	0	0	0	0	0	0	0	0	0	0	0	0	296	3338	0	3880	0	258	0	232	0	0	0	0	0	0	0	0	0	0	0	0	0	0	0	0	0	0	0	0	0	0	0	0	0	0	0	0	0	0	0	0	0	0	0	0	0	0	
189092	Frontal_Inf_Tri_L	244	0	18156	0	5666	0	29358	0	2284	0	10858	0	0	0	6058	0	364	0	5464	0	0	0	138	0	0	0	0	0	14960	0	674	0	0	0	0	0	0	0	0	0	0	0	0	0	0	0	0	0	0	0	0	0	0	0	0	0	0	0	0	0	0	0	0	0	0	0	0	0	0	0	0	0	212	0	0	0	0	0	0	0	0	0	110	0	0	0	0	0	0	0	0	0	0	0	0	0	0	0	0	0	0	0	0	0	0	0	0	0	0	0	0	0	0	0	0	0	
160104	Frontal_Inf_Tri_R	0	216	0	8298	0	214	114	16828	0	530	0	16704	0	0	0	3456	0	368	1356	1502	0	0	286	1920	0	182	0	0	0	14444	252	5182	0	2198	0	0	0	118	0	0	0	0	0	0	0	0	0	0	0	0	0	0	0	0	0	0	0	0	0	0	0	0	0	0	0	0	0	0	0	0	0	2018	0	3758	0	0	0	108	0	0	0	0	0	0	0	0	0	0	0	0	0	0	0	0	0	0	0	0	0	0	0	0	0	0	0	0	0	0	0	0	0	0	0	0	0	0	
130076	Frontal_Inf_Orb_L	0	0	4874	0	13386	0	5876	0	11568	0	184	0	6058	0	0	0	0	0	1730	0	2074	0	0	0	0	0	2182	0	10426	0	542	0	0	0	0	0	0	0	0	0	428	0	0	0	0	0	0	0	0	0	0	0	0	0	0	0	0	0	0	0	0	0	0	0	0	0	0	0	0	0	0	0	4044	0	0	0	0	0	0	0	0	0	1666	0	0	0	0	0	0	0	0	0	0	0	0	0	0	0	0	0	0	0	0	0	0	0	0	0	0	0	0	0	0	0	0	0	
81272	Frontal_Inf_Orb_R	0	0	158	2782	0	5586	0	5662	0	5048	0	356	0	3456	0	0	0	0	840	1954	0	648	98	382	0	0	0	690	0	6676	0	802	0	1190	0	0	0	0	0	0	0	0	0	0	0	0	0	0	0	0	0	0	0	0	0	0	0	0	0	0	0	0	0	0	0	0	0	0	0	0	230	2618	0	1364	0	0	0	0	0	0	0	0	0	96	0	0	0	0	0	0	0	0	0	0	0	0	0	0	0	0	0	0	0	0	0	0	0	0	0	0	0	0	0	0	0	0	
166008	Rolandic_Oper_L	4776	0	10116	130	230	0	3946	0	0	0	6534	0	364	0	0	0	0	0	5124	214	0	0	402	0	0	0	0	0	19546	0	536	204	0	0	140	0	602	0	156	0	0	0	230	0	120	0	0	0	0	0	1092	0	128	0	0	0	8124	0	0	0	342	0	1152	0	226	0	200	0	120	0	776	508	866	0	0	0	402	0	4268	0	6382	0	2486	0	1638	0	0	0	924	0	0	0	0	0	0	0	0	0	0	0	0	0	0	0	0	0	0	0	0	0	0	0	0	0	0	0	
117644	Rolandic_Oper_R	0	3088	0	7264	0	0	0	2304	0	0	0	4596	0	368	0	0	0	0	460	6806	0	0	0	178	0	0	0	0	0	14606	178	828	0	214	0	0	0	818	0	0	0	0	0	0	0	0	0	0	0	0	0	0	0	0	0	0	0	3466	0	0	0	192	0	1736	0	0	0	0	0	0	0	1480	0	3634	0	426	0	832	0	1530	0	3262	0	0	0	342	0	0	0	214	0	0	0	0	0	0	0	0	0	0	0	0	0	0	0	0	0	0	0	0	0	0	0	0	0	0	
971512	Supp_Motor_Area_L	30626	3408	95276	14256	2192	0	17280	2048	348	116	5924	1276	5464	1356	1730	840	5124	460	0	58362	0	0	8438	5454	0	0	0	0	16904	1952	13920	16538	11106	28552	2512	3238	4652	952	244	476	150	0	0	0	0	0	0	366	0	0	110	0	0	0	0	0	3588	0	0	0	256	0	0	0	96	0	658	0	32800	0	17656	8866	21454	2310	7910	142	22226	2786	554	0	1536	0	678	0	286	0	0	0	304	0	0	0	0	0	0	0	0	0	0	0	0	0	0	0	0	0	0	0	0	0	0	0	0	0	0	0	
910284	Supp_Motor_Area_R	7334	24310	11884	51872	0	110	1328	3500	0	190	378	3116	0	1502	0	1954	214	6806	58362	0	0	0	2960	9766	0	140	0	0	356	6796	5640	23502	8656	53242	1782	13756	192	4716	0	720	0	130	0	1424	0	996	0	1336	0	858	0	2094	0	1014	0	496	1132	4938	0	1026	0	784	0	966	0	174	2036	10760	7432	27332	3144	37964	280	10106	0	206	1604	28320	0	0	0	742	0	0	0	1170	0	0	0	1338	0	0	0	0	0	0	0	0	0	0	0	0	0	0	0	0	0	0	0	0	256	0	0	0	0	0	
58972	Olfactory_L	0	0	0	0	2448	0	0	0	336	0	0	0	0	0	2074	0	0	0	0	0	0	4088	0	0	0	0	3298	316	2284	0	2288	1688	0	0	0	0	412	0	218	0	1288	0	0	0	0	0	0	0	0	0	0	0	0	0	0	0	0	0	0	0	0	0	0	0	0	0	0	0	0	0	4968	2684	926	0	0	0	0	0	0	0	0	0	170	0	0	0	0	0	0	0	0	0	0	0	0	0	0	0	0	0	0	0	0	0	0	0	0	0	0	0	0	0	0	0	0	0	
55032	Olfactory_R	0	0	0	96	0	1940	0	96	0	0	0	0	0	0	0	648	0	0	0	0	4088	0	0	0	0	660	1288	2928	0	1502	2028	1882	0	0	0	0	0	134	0	0	0	556	0	0	0	0	0	0	0	0	0	0	0	0	0	0	0	0	0	0	0	0	0	0	0	0	0	0	0	0	5134	3644	730	162	0	0	0	0	0	0	0	0	0	0	0	0	0	0	0	0	0	0	0	0	0	0	0	0	0	0	0	0	0	0	0	0	0	0	0	0	0	0	0	0	0	0	
297976	Frontal_Sup_Medial_L	0	0	34832	7710	2382	200	13642	688	0	0	358	0	138	286	0	98	402	0	8438	2960	0	0	0	19080	2232	528	0	0	4000	356	15346	14078	5738	11836	0	0	0	0	0	0	0	0	0	0	0	0	0	0	0	0	0	0	0	0	0	0	0	0	0	0	0	0	0	0	0	0	0	0	0	0	170	408	2434	322	0	0	0	0	0	0	224	0	102	0	0	0	0	0	0	0	0	0	0	0	0	0	0	0	0	0	0	0	0	0	0	0	0	0	0	0	0	0	0	0	0	0	
290312	Frontal_Sup_Medial_R	388	0	2334	31596	0	1976	1036	2526	0	0	128	1656	0	1920	0	382	0	178	5454	9766	0	0	19080	0	140	3642	0	0	106	2956	1996	29388	156	14948	0	0	0	124	0	0	0	0	0	0	0	0	0	0	0	0	0	0	0	0	0	0	0	0	0	0	0	0	0	0	0	0	0	0	0	0	0	8444	0	4836	0	0	0	0	0	0	0	0	0	0	0	0	0	0	0	0	0	0	0	0	0	0	0	0	0	0	0	0	0	0	0	0	0	0	0	0	0	0	0	0	0	0	
23304	Frontal_Med_Orb_L	0	0	928	0	3046	114	0	0	0	0	0	0	0	0	0	0	0	0	0	0	0	0	2232	140	0	280	872	0	190	0	3136	0	0	0	0	0	0	0	0	0	0	0	0	0	0	0	0	0	0	0	0	0	0	0	0	0	0	0	0	0	0	0	0	0	0	0	0	0	0	0	0	0	714	0	0	0	0	0	0	0	0	0	0	0	0	0	0	0	0	0	0	0	0	0	0	0	0	0	0	0	0	0	0	0	0	0	0	0	0	0	0	0	0	0	0	0	
62604	Frontal_Med_Orb_R	0	0	0	1796	0	6866	0	514	0	0	0	0	0	182	0	0	0	0	0	140	0	660	528	3642	280	0	0	4550	0	286	350	3780	0	122	0	0	0	0	0	0	0	0	0	0	0	0	0	0	0	0	0	0	0	0	0	0	0	0	0	0	0	0	0	0	0	0	0	0	0	0	0	4292	0	3314	0	0	0	0	0	0	0	0	0	0	0	0	0	0	0	0	0	0	0	0	0	0	0	0	0	0	0	0	0	0	0	0	0	0	0	0	0	0	0	0	0	0	
37780	Rectus_L	0	0	0	0	4290	0	0	0	892	0	0	0	0	0	2182	0	0	0	0	0	3298	1288	0	0	872	0	0	118	1044	0	1250	156	0	0	0	0	0	0	0	0	408	0	0	0	0	0	0	0	0	0	0	0	0	0	0	0	0	0	0	0	0	0	0	0	0	0	0	0	0	0	1504	674	914	0	0	0	0	0	0	0	0	0	0	0	0	0	0	0	0	0	0	0	0	0	0	0	0	0	0	0	0	0	0	0	0	0	0	0	0	0	0	0	0	0	0	0	
42068	Rectus_R	0	0	0	0	0	7750	0	0	0	582	0	0	0	0	0	690	0	0	0	0	316	2928	0	0	0	4550	118	0	0	824	362	1354	0	0	0	0	0	0	0	0	0	114	0	0	0	0	0	0	0	0	0	0	0	0	0	0	0	0	0	0	0	0	0	0	0	0	0	0	0	0	312	824	0	310	0	0	0	0	0	0	0	0	0	0	0	0	0	0	0	0	0	0	0	0	0	0	0	0	0	0	0	0	0	0	0	0	0	0	0	0	0	0	0	0	0	0	
461752	Insula_L	8018	0	35810	276	17878	0	13838	0	3462	0	12182	0	14960	0	10426	0	19546	0	16904	356	2284	0	4000	106	190	0	1044	0	0	0	3800	302	0	0	576	170	7072	0	1262	0	2208	0	334	0	0	0	212	0	0	0	352	0	0	0	2200	0	6512	0	0	0	742	0	918	0	544	0	482	0	190	0	1120	754	15570	120	0	0	2952	0	7358	0	7014	0	4446	0	346	0	0	0	2040	0	0	0	0	0	0	0	0	0	0	0	0	0	0	0	0	0	0	0	0	0	0	0	0	0	0	0	
309544	Insula_R	98	4724	134	13234	0	2872	116	9234	0	780	0	14530	0	14444	0	6676	0	14606	1952	6796	0	1502	356	2956	0	286	0	824	0	0	384	7400	104	2200	0	0	0	5938	0	778	0	2508	0	0	0	0	0	0	0	0	0	0	0	0	0	1410	0	1980	0	0	0	0	0	0	0	0	0	0	0	0	136	4406	0	19796	0	498	0	1622	0	1646	0	4578	0	168	0	1482	0	0	0	1618	0	0	0	0	0	0	0	0	0	0	0	0	0	0	0	0	0	0	0	0	0	0	0	0	0	0	
283644	Cingulum_Ant_L	168	176	18132	4916	2262	0	2816	2312	0	0	994	404	674	252	542	0	536	178	13920	5640	2288	2028	15346	1996	3136	350	1250	362	3800	384	0	19930	9042	7496	0	0	0	0	0	0	0	0	0	0	0	0	0	0	0	0	0	0	0	0	0	0	0	0	0	0	0	0	0	0	0	0	0	0	0	0	5976	4520	8164	1338	0	0	0	166	0	0	220	0	108	0	0	0	0	0	0	0	0	0	0	0	0	0	0	0	0	0	0	0	0	0	0	0	0	0	0	0	0	0	0	0	0	0	
551224	Cingulum_Ant_R	620	146	5454	40144	0	1582	1474	7854	0	0	264	4982	0	5182	0	802	204	828	16538	23502	1688	1882	14078	29388	0	3780	156	1354	302	7400	19930	0	5004	32592	0	0	0	310	0	0	0	0	0	0	0	0	0	0	0	0	0	0	0	0	0	0	158	0	0	0	0	0	0	0	0	0	0	0	0	0	2682	32170	306	12562	0	106	0	188	0	0	0	0	0	0	0	0	0	0	0	0	0	0	0	0	0	0	0	0	0	0	0	0	0	0	0	0	0	0	0	0	0	0	0	0	0	0	
167764	Cingulum_Mid_L	1840	304	5586	884	0	0	1396	0	0	0	0	0	0	0	0	0	0	0	11106	8656	0	0	5738	156	0	0	0	0	0	104	9042	5004	0	13372	3154	2448	0	0	0	0	0	0	138	424	0	390	0	262	262	0	1082	0	0	0	0	0	200	0	0	0	0	0	0	0	224	0	2956	906	6458	936	0	552	0	194	0	0	0	0	0	0	0	0	0	0	108	0	0	0	0	0	0	0	0	0	0	0	0	0	0	0	0	0	0	0	0	0	0	0	0	0	0	0	0	0	0	0	
520512	Cingulum_Mid_R	238	1918	2828	15720	0	0	142	3792	0	166	0	996	0	2198	0	1190	0	214	28552	53242	0	0	11836	14948	0	122	0	0	0	2200	7496	32592	13372	0	1226	11784	0	116	0	0	0	0	0	3290	0	2824	0	2054	0	804	0	1622	0	640	0	0	0	1014	0	528	0	312	0	0	0	0	3984	14910	1878	14174	102	2324	0	1792	0	0	0	150	0	0	0	0	0	0	0	334	0	0	0	166	0	0	0	0	0	0	0	0	0	0	0	0	0	0	0	0	0	0	0	0	466	0	0	0	0	0	
210096	Cingulum_Post_L	6734	916	1104	96	0	0	646	0	0	0	0	0	0	0	0	0	140	0	2512	1782	0	0	0	0	0	0	0	0	576	0	0	0	3154	1226	0	12310	11884	4888	3000	3402	0	0	5618	180	520	566	3214	3532	318	0	1214	0	0	0	286	0	1614	0	0	0	272	0	0	0	116	0	11560	3592	5072	628	112	0	0	0	0	0	5078	2126	534	0	244	0	0	0	774	0	0	0	1334	0	0	0	0	0	0	0	0	1726	0	0	0	0	0	0	0	0	0	0	0	0	448	0	0	0	0	0	
252240	Cingulum_Post_R	1334	3232	112	228	0	0	144	0	0	0	0	0	0	0	0	0	0	0	3238	13756	0	0	0	0	0	0	0	0	170	0	0	0	2448	11784	12310	0	6472	8086	2024	4152	0	0	0	1004	0	926	168	6526	0	290	0	410	0	610	0	282	0	174	0	142	0	144	0	0	0	0	3878	13568	2624	8794	430	148	0	0	0	0	6870	4680	234	0	178	0	0	0	234	292	0	0	530	310	0	0	0	0	0	0	0	2008	0	0	0	0	0	0	0	0	0	0	0	0	1176	0	0	0	0	0	
281028	Hippocampus_L	5300	0	3696	104	0	0	1248	0	0	0	242	0	0	0	0	0	602	0	4652	192	412	0	0	0	0	0	0	0	7072	0	0	0	0	0	11884	6472	0	4462	11842	3170	5190	0	4794	0	112	0	4588	3238	0	0	786	0	0	0	9266	0	518	0	0	0	110	0	0	0	0	0	7078	1494	2884	0	0	0	4768	0	602	0	9056	1608	2372	0	2180	0	464	0	4222	0	0	0	11964	0	0	0	0	0	0	0	98	1584	0	0	0	0	0	0	0	0	0	0	0	0	188	0	0	0	0	0	
292492	Hippocampus_R	688	3850	0	4150	0	0	0	1358	0	0	0	276	0	118	0	0	0	818	952	4716	0	134	0	124	0	0	0	0	0	5938	0	310	0	116	4888	8086	4462	0	1640	21786	0	8890	0	190	0	0	152	6486	0	0	0	0	0	258	0	20616	0	1254	0	0	0	0	0	500	0	0	366	3936	794	250	0	218	0	6936	0	806	3342	8980	118	230	0	1886	0	558	0	2346	0	0	172	9358	0	0	0	0	0	0	0	2672	0	0	0	0	0	0	0	0	0	0	0	0	522	0	0	0	0	0	
95872	ParaHippocampal_L	140	0	154	0	160	0	0	0	0	0	0	0	0	0	0	0	156	0	244	0	218	0	0	0	0	0	0	0	1262	0	0	0	0	0	3000	2024	11842	1640	0	1400	1176	0	714	0	176	0	3972	1442	198	0	1118	0	374	0	5824	0	0	0	0	0	0	0	0	0	0	0	1416	404	192	0	0	0	860	0	0	0	1482	398	0	0	220	0	582	0	132	0	466	0	3252	0	102	0	0	0	0	0	238	750	106	0	0	0	0	0	0	0	0	0	0	102	0	0	0	0	0	0	
167700	ParaHippocampal_R	430	614	0	858	0	0	0	468	0	0	0	0	0	0	0	0	0	0	476	720	0	0	0	0	0	0	0	0	0	778	0	0	0	0	3402	4152	3170	21786	1400	0	0	5256	0	0	0	0	0	7274	0	0	0	0	0	0	0	11722	0	0	0	0	0	0	0	0	0	0	0	1612	470	0	0	0	0	2282	0	420	2242	3822	102	0	0	0	0	1550	0	0	0	554	152	1346	0	0	140	120	0	0	0	3972	0	102	0	0	162	220	0	400	0	0	0	0	222	0	398	410	410	236	
30244	Amygdala_L	158	0	128	0	504	0	0	0	0	0	0	0	0	0	428	0	0	0	150	0	1288	0	0	0	0	0	408	0	2208	0	0	0	0	0	0	0	5190	0	1176	0	0	0	0	0	0	0	0	0	0	0	0	0	0	0	1708	0	0	0	0	0	0	0	0	0	0	0	0	0	0	0	0	0	520	0	0	0	170	0	0	0	0	0	440	0	0	0	162	0	484	0	0	0	0	0	0	0	0	0	0	0	0	0	0	0	0	0	0	0	0	0	0	0	0	0	0	0	
50664	Amygdala_R	0	0	0	174	0	0	0	0	0	0	0	0	0	0	0	0	0	0	0	130	0	556	0	0	0	0	0	114	0	2508	0	0	0	0	0	0	0	8890	0	5256	0	0	0	0	0	0	0	0	0	0	0	0	0	0	0	4824	0	0	0	0	0	0	0	0	0	0	0	0	0	0	0	0	0	1308	0	0	0	0	0	0	0	0	0	1228	0	0	0	158	0	186	0	0	0	0	0	0	0	0	0	0	0	0	0	0	0	0	0	0	0	0	0	0	0	0	0	0	
235456	Calcarine_L	498	0	0	0	0	0	0	0	0	0	0	0	0	0	0	0	230	0	0	0	0	0	0	0	0	0	0	0	334	0	0	0	138	0	5618	0	4794	0	714	0	0	0	0	5366	13478	4700	13762	824	8054	2402	20934	356	4592	0	2336	0	400	0	322	0	1332	0	96	0	632	0	17500	498	686	0	0	0	0	0	0	0	214	0	352	0	98	0	0	0	3830	0	0	0	2638	0	0	0	0	0	0	0	0	0	0	0	0	0	0	0	0	0	0	0	0	0	0	0	0	0	0	0	
203788	Calcarine_R	0	0	0	0	0	0	0	0	0	0	0	0	0	0	0	0	0	0	0	1424	0	0	0	0	0	0	0	0	0	0	0	0	424	3290	180	1004	0	190	0	0	0	0	5366	0	5936	18042	752	12228	0	12518	0	11796	0	5212	0	1810	0	190	0	174	0	148	0	0	0	0	1718	13728	164	1230	0	0	0	0	0	0	0	0	0	0	0	0	0	0	0	2390	0	0	0	1468	0	0	0	0	0	0	0	0	0	0	0	0	0	0	0	0	0	0	0	0	512	0	0	0	0	0	
153200	Cuneus_L	616	0	0	0	0	0	0	0	0	0	0	0	0	0	0	0	120	0	0	0	0	0	0	0	0	0	0	0	0	0	0	0	0	0	520	0	112	0	176	0	0	0	13478	5936	0	9106	786	458	13440	4042	9046	250	582	0	292	0	574	0	790	0	784	0	112	0	346	0	8672	2148	688	0	0	0	0	0	0	0	0	0	266	0	110	0	0	0	2536	0	0	0	614	0	0	0	0	0	0	0	0	0	0	0	0	0	0	0	0	0	0	0	0	0	0	0	0	0	0	0	
195844	Cuneus_R	0	0	0	0	0	0	0	0	0	0	0	0	0	0	0	0	0	0	0	996	0	0	0	0	0	0	0	0	0	0	0	0	390	2824	566	926	0	0	0	0	0	0	4700	18042	9106	0	302	3390	104	23386	0	6734	0	510	0	334	0	358	0	802	0	328	0	0	0	118	6538	15700	0	966	0	0	0	0	0	0	0	0	0	0	0	0	0	0	0	344	0	0	0	142	0	0	0	0	0	0	0	0	0	0	0	0	0	0	0	0	0	0	0	0	316	0	0	0	0	0	
272136	Lingual_L	0	0	0	0	0	0	0	0	0	0	0	0	0	0	0	0	0	0	0	0	0	0	0	0	0	0	0	0	212	0	0	0	0	0	3214	168	4588	152	3972	0	0	0	13762	752	786	302	0	3076	4286	276	15910	0	7996	328	16082	1006	0	0	0	0	0	0	0	0	0	0	5888	126	126	0	0	0	0	0	0	0	146	0	104	0	122	0	0	0	348	0	0	0	3526	0	8552	1520	1056	0	0	0	10722	1076	13704	2698	0	0	0	0	148	124	0	0	0	0	3000	3214	2888	0	0	112	
280340	Lingual_R	394	0	0	0	0	0	0	0	0	0	0	0	0	0	0	0	0	0	366	1336	0	0	0	0	0	0	0	0	0	0	0	0	262	2054	3532	6526	3238	6486	1442	7274	0	0	824	12228	458	3390	3076	0	0	4946	0	4876	0	4324	1146	15660	0	0	0	0	0	0	0	0	0	0	644	8378	520	958	0	0	0	0	0	0	1994	1810	0	0	0	0	0	0	0	212	0	0	124	632	1916	3862	0	152	0	0	2096	8744	3056	8190	0	0	0	0	0	0	0	0	0	0	7242	4130	1672	0	0	0	
138392	Occipital_Sup_L	328	0	0	0	0	0	0	0	0	0	0	0	0	0	0	0	0	0	0	0	0	0	0	0	0	0	0	0	0	0	0	0	262	0	318	0	0	0	198	0	0	0	8054	0	13440	104	4286	0	0	0	22826	0	1098	0	910	0	110	0	4610	0	536	0	0	0	630	0	9818	494	174	0	0	0	0	0	0	0	0	0	0	0	0	0	0	0	664	0	0	0	336	0	0	0	0	0	0	0	0	0	0	0	0	0	0	0	0	0	0	0	0	0	0	0	0	0	0	0	
158816	Occipital_Sup_R	0	0	0	0	0	0	0	0	0	0	0	0	0	0	0	0	0	0	0	858	0	0	0	0	0	0	0	0	0	0	0	0	0	804	0	290	0	0	0	0	0	0	2402	12518	4042	23386	276	4946	0	0	0	12780	0	678	0	506	0	824	0	2848	0	1072	0	0	0	1294	2292	6230	0	900	0	0	0	0	0	0	0	0	0	0	0	0	0	0	0	326	0	0	0	136	0	0	0	0	0	0	0	0	0	0	0	0	0	0	0	0	0	0	0	0	0	0	0	0	0	0	
377072	Occipital_Mid_L	2108	0	148	0	0	0	0	0	0	0	0	0	0	0	0	0	1092	0	110	0	0	0	0	0	0	0	0	0	352	0	0	0	1082	0	1214	0	786	0	1118	0	0	0	20934	0	9046	0	15910	0	22826	0	0	0	15014	0	8798	0	3078	0	10726	0	16854	0	3590	0	12060	0	16202	0	3980	0	0	0	0	0	0	0	0	0	1314	0	910	0	0	0	14540	0	0	0	3802	0	110	0	0	0	0	0	256	0	460	0	0	0	0	0	0	0	0	0	0	0	0	116	0	0	0	0	
170096	Occipital_Mid_R	0	310	0	0	0	0	0	0	0	0	0	0	0	0	0	0	0	0	0	2094	0	0	0	0	0	0	0	0	0	0	0	0	0	1622	0	410	0	0	0	0	0	0	356	11796	250	6734	0	4876	0	12780	0	0	0	7924	0	1088	0	1322	0	900	0	2006	0	410	0	9148	1050	6826	0	2020	0	0	0	0	0	0	0	0	0	0	0	0	0	0	0	9642	0	0	0	1484	0	0	0	0	0	0	0	0	0	0	0	0	0	0	0	0	0	0	0	0	0	0	0	0	0	0	
95212	Occipital_Inf_L	116	0	0	0	0	0	0	0	0	0	0	0	0	0	0	0	128	0	0	0	0	0	0	0	0	0	0	0	0	0	0	0	0	0	0	0	0	0	374	0	0	0	4592	0	582	0	7996	0	1098	0	15014	0	0	0	8344	0	0	0	120	0	0	0	0	0	0	0	1188	0	0	0	0	0	0	0	0	0	0	0	0	0	0	0	0	0	2194	0	0	0	3632	0	484	0	280	0	0	0	422	0	1042	0	0	0	0	0	0	0	0	0	0	0	0	0	0	0	0	0	
92720	Occipital_Inf_R	0	224	0	150	0	0	0	0	0	0	0	0	0	0	0	0	0	0	0	1014	0	0	0	0	0	0	0	0	0	0	0	0	0	640	0	610	0	258	0	0	0	0	0	5212	0	510	328	4324	0	678	0	7924	0	0	176	4312	0	1260	0	1184	0	1126	0	424	0	218	202	3100	0	876	0	0	0	0	0	0	0	122	0	206	0	118	0	0	0	3182	0	0	0	4494	248	168	0	0	0	0	194	550	260	960	0	0	0	0	0	0	0	0	0	0	586	258	264	0	0	0	
296612	Fusiform_L	132	0	0	0	0	0	0	0	0	0	0	0	0	0	0	0	0	0	0	0	0	0	0	0	0	0	0	0	2200	0	0	0	0	0	286	0	9266	0	5824	0	1708	0	2336	0	292	0	16082	1146	910	0	8798	0	8344	176	0	494	0	0	0	0	0	0	0	0	0	0	1014	0	0	0	0	0	482	0	0	0	336	0	254	0	1382	0	3496	0	3726	0	1530	0	18096	0	17226	1104	1322	0	138	0	9912	0	22936	1414	722	0	1074	0	250	0	0	0	0	0	432	1626	1840	0	0	0	
298148	Fusiform_R	0	602	0	336	0	0	0	144	0	0	0	0	0	0	0	0	0	0	0	496	0	0	0	0	0	0	0	0	0	1410	0	0	0	0	0	282	0	20616	0	11722	0	4824	0	1810	0	334	1006	15660	0	506	0	1088	0	4312	494	0	0	758	0	346	0	186	0	192	0	0	0	674	0	0	0	0	0	798	0	198	0	1222	0	190	0	890	0	3520	0	2784	0	868	0	17530	1036	10882	510	2160	0	522	1124	8138	1054	15824	236	156	472	2202	0	654	0	0	0	0	3512	1616	1708	688	630	152	
231608	Postcentral_L	31488	144	4890	0	0	0	2048	0	0	0	1618	0	0	0	0	0	8124	0	3588	1132	0	0	0	0	0	0	0	0	6512	0	0	158	200	0	1614	0	518	0	0	0	0	0	400	0	574	0	0	0	110	0	3078	0	0	0	0	0	0	0	3146	0	18898	0	6638	0	1534	0	850	0	8562	0	258	296	892	0	162	0	812	0	3068	0	1900	0	280	0	1284	0	0	0	1028	0	0	0	0	0	0	0	0	0	0	0	0	0	0	0	0	0	0	0	0	0	0	0	0	0	0	0	
201028	Postcentral_R	0	15438	0	2804	0	0	0	1378	0	0	0	1452	0	0	0	0	0	3466	0	4938	0	0	0	0	0	0	0	0	0	1980	0	0	0	1014	0	174	0	1254	0	0	0	0	0	190	0	358	0	0	0	824	0	1322	0	1260	0	758	0	0	0	14870	0	12912	0	11296	0	570	230	3412	0	4400	0	162	0	1076	0	0	0	782	0	108	0	1848	0	0	0	5272	0	0	0	4966	0	0	0	0	0	0	0	0	0	0	0	0	0	0	0	0	0	0	0	0	0	0	0	0	0	0	
72972	Parietal_Sup_L	0	0	0	0	0	0	0	0	0	0	0	0	0	0	0	0	0	0	0	0	0	0	0	0	0	0	0	0	0	0	0	0	0	0	0	0	0	0	0	0	0	0	322	0	790	0	0	0	4610	0	10726	0	120	0	0	0	3146	0	0	0	6808	0	0	0	776	0	8286	140	762	0	0	0	0	0	0	0	0	0	0	0	0	0	0	0	0	0	0	0	0	0	0	0	0	0	0	0	0	0	0	0	0	0	0	0	0	0	0	0	0	0	0	0	0	0	0	0	
112900	Parietal_Sup_R	0	0	0	0	0	0	0	0	0	0	0	0	0	0	0	0	0	0	0	1026	0	0	0	0	0	0	0	0	0	0	0	0	0	528	0	142	0	0	0	0	0	0	0	174	0	802	0	0	0	2848	0	900	0	1184	0	346	0	14870	0	0	0	15436	0	2378	0	1648	366	3594	0	1040	0	0	0	0	0	0	0	0	0	0	0	746	0	0	0	5034	0	0	0	3388	0	0	0	0	0	0	0	0	0	0	0	0	0	0	0	0	0	0	0	0	0	0	0	0	0	0	
194964	Parietal_Inf_L	6344	0	404	0	0	0	302	0	0	0	0	0	0	0	0	0	342	0	256	0	0	0	0	0	0	0	0	0	742	0	0	0	0	0	272	0	110	0	0	0	0	0	1332	0	784	0	0	0	536	0	16854	0	0	0	0	0	18898	0	6808	0	0	0	11576	0	19692	0	1962	0	1684	0	0	0	0	0	0	0	0	0	0	0	1266	0	0	0	5654	0	0	0	1664	0	0	0	0	0	0	0	0	0	0	0	0	0	0	0	0	0	0	0	0	0	0	0	0	0	0	0	
132832	Parietal_Inf_R	0	250	0	0	0	0	0	0	0	0	0	0	0	0	0	0	0	192	0	784	0	0	0	0	0	0	0	0	0	0	0	0	0	312	0	144	0	0	0	0	0	0	0	148	0	328	0	0	0	1072	0	2006	0	1126	0	186	0	12912	0	15436	0	0	0	9426	0	11252	162	720	0	634	0	0	0	0	0	0	0	0	0	0	0	732	0	0	0	5280	0	0	0	3314	0	0	0	0	0	0	0	0	0	0	0	0	0	0	0	0	0	0	0	0	0	0	0	0	0	0	
85256	SupraMarginal_L	1530	0	0	0	0	0	0	0	0	0	0	0	0	0	0	0	1152	0	0	0	0	0	0	0	0	0	0	0	918	0	0	0	0	0	0	0	0	0	0	0	0	0	96	0	112	0	0	0	0	0	3590	0	0	0	0	0	6638	0	0	0	11576	0	0	0	6576	0	0	0	348	0	0	0	0	0	0	0	0	0	0	0	4336	0	0	0	4890	0	0	0	866	0	0	0	0	0	0	0	0	0	0	0	0	0	0	0	0	0	0	0	0	0	0	0	0	0	0	0	
92620	SupraMarginal_R	0	1908	0	530	0	0	0	582	0	0	0	0	0	0	0	0	0	1736	0	966	0	0	0	0	0	0	0	0	0	0	0	0	0	0	0	0	0	500	0	0	0	0	0	0	0	0	0	0	0	0	0	410	0	424	0	192	0	11296	0	2378	0	9426	0	0	0	4564	0	120	0	534	0	0	0	0	0	0	0	230	0	0	0	4460	0	0	0	3544	0	0	0	2510	0	0	0	0	0	0	0	0	0	0	0	0	0	0	0	0	0	0	0	0	0	0	0	0	0	0	
120616	Angular_L	1054	0	152	0	0	0	0	0	0	0	0	0	0	0	0	0	226	0	96	0	0	0	0	0	0	0	0	0	544	0	0	0	224	0	116	0	0	0	0	0	0	0	632	0	346	0	0	0	630	0	12060	0	0	0	0	0	1534	0	776	0	19692	0	6576	0	0	0	1464	0	1028	0	0	0	0	0	0	0	0	0	0	0	1280	0	0	0	10102	0	0	0	1776	0	0	0	0	0	0	0	0	0	0	0	0	0	0	0	0	0	0	0	0	0	0	0	0	0	0	0	
69880	Angular_R	0	0	0	0	0	0	0	0	0	0	0	0	0	0	0	0	0	0	0	174	0	0	0	0	0	0	0	0	0	0	0	0	0	0	0	0	0	0	0	0	0	0	0	0	0	118	0	0	0	1294	0	9148	0	218	0	0	0	570	0	1648	0	11252	0	4564	0	0	0	128	0	128	0	0	0	0	0	0	0	0	0	0	0	1396	0	0	0	3982	0	0	0	320	0	0	0	0	0	0	0	0	0	0	0	0	0	0	0	0	0	0	0	0	0	0	0	0	0	0	
294316	Precuneus_L	2062	244	150	0	0	0	120	0	0	0	0	0	0	0	0	0	200	0	658	2036	0	0	0	0	0	0	0	0	482	0	0	0	2956	3984	11560	3878	7078	366	1416	0	0	0	17500	1718	8672	6538	5888	644	9818	2292	16202	1050	1188	202	1014	0	850	230	8286	366	1962	162	0	0	1464	0	0	13928	1870	1034	0	0	0	0	0	0	250	0	404	0	110	0	0	0	3312	302	0	0	2458	0	0	0	0	0	0	0	0	0	0	0	0	0	0	0	0	0	0	0	0	0	254	0	0	0	0	0	
301140	Precuneus_R	0	318	0	0	0	0	0	0	0	0	0	0	0	0	0	0	0	0	0	10760	0	0	0	0	0	0	0	0	0	0	0	0	906	14910	3592	13568	1494	3936	404	1612	0	0	498	13728	2148	15700	126	8378	494	6230	0	6826	0	3100	0	674	0	3412	140	3594	0	720	0	120	0	128	13928	0	424	11718	0	0	0	0	0	0	176	0	0	0	0	114	0	0	0	1832	0	0	0	1440	0	0	0	0	0	0	0	836	0	0	0	0	0	0	0	0	0	0	0	0	2586	0	0	0	0	0	
312724	Paracentral_Lobule_L	27302	2624	11090	602	0	0	234	0	0	0	0	0	0	0	0	0	120	0	32800	7432	0	0	0	0	0	0	0	0	190	0	0	0	6458	1878	5072	2624	2884	794	192	470	0	0	686	164	688	0	126	520	174	0	3980	0	0	0	0	0	8562	0	762	0	1684	0	348	0	1028	0	1870	424	0	790	4050	174	746	0	898	0	19948	2894	0	0	202	0	0	0	1608	0	0	0	1270	0	0	0	0	0	0	0	0	0	0	0	0	0	0	0	0	0	0	0	0	0	0	0	0	0	0	0	
168280	Paracentral_Lobule_R	0	2594	0	0	0	0	0	0	0	0	0	0	0	0	0	0	0	0	0	27332	0	0	0	0	0	0	0	0	0	0	0	0	936	14174	628	8794	0	250	0	0	0	0	0	1230	0	966	0	958	0	900	0	2020	0	876	0	0	0	4400	0	1040	0	634	0	534	0	128	1034	11718	790	0	0	0	0	0	0	0	0	0	0	0	0	360	0	0	0	912	0	0	0	698	0	0	0	0	0	0	0	0	0	0	0	0	0	0	0	0	0	0	0	0	234	0	0	0	0	0	
209396	Caudate_L	4432	1226	9540	1342	0	0	1584	0	0	0	250	296	0	0	0	230	776	0	17656	3144	4968	5134	170	0	0	0	1504	312	1120	136	5976	2682	0	102	112	430	0	0	0	0	0	0	0	0	0	0	0	0	0	0	0	0	0	0	0	0	258	0	0	0	0	0	0	0	0	0	0	0	4050	0	0	13828	12384	358	2668	0	6928	1102	0	0	0	0	0	0	0	0	0	0	0	0	0	0	0	0	0	0	0	0	0	0	0	0	0	0	0	0	0	0	0	0	0	0	0	0	0	0	
447136	Caudate_R	910	2458	6236	28254	0	2176	1542	3504	0	212	706	3338	0	2018	0	2618	508	1480	8866	37964	2684	3644	408	8444	0	4292	674	824	754	4406	4520	32170	552	2324	0	148	0	218	0	0	0	0	0	0	0	0	0	0	0	0	0	0	0	0	0	0	296	162	0	0	0	0	0	0	0	0	0	0	174	0	13828	0	2568	20848	0	928	1370	14438	104	0	0	0	0	0	0	0	0	0	0	0	0	0	0	0	0	0	0	0	0	0	0	0	0	0	0	0	0	0	0	0	0	0	0	0	0	0	
260864	Putamen_L	5186	172	19630	0	7252	0	3340	0	1112	0	738	0	212	0	4044	0	866	0	21454	280	926	730	2434	0	714	0	914	0	15570	0	8164	306	0	0	0	0	4768	0	860	0	520	0	0	0	0	0	0	0	0	0	0	0	0	0	482	0	892	0	0	0	0	0	0	0	0	0	0	0	746	0	12384	2568	0	0	9146	0	2328	0	0	0	468	0	868	0	0	0	0	0	358	0	0	0	0	0	0	0	0	0	0	0	0	0	0	0	0	0	0	0	0	0	0	0	0	0	0	0	
295608	Putamen_R	0	5450	418	18936	0	1678	0	10906	0	226	0	3880	0	3758	0	1364	0	3634	2310	10106	0	162	322	4836	0	3314	0	310	120	19796	1338	12562	194	1792	0	0	0	6936	0	2282	0	1308	0	0	0	0	0	0	0	0	0	0	0	0	0	798	0	1076	0	0	0	0	0	0	0	0	0	0	0	0	358	20848	0	0	0	3292	0	2984	0	0	0	264	0	0	0	110	0	0	0	136	0	0	0	0	0	0	0	0	0	0	0	0	0	0	0	0	0	0	0	0	0	0	0	0	0	0	
66564	Pallidum_L	2686	0	6726	0	0	0	944	0	0	0	0	0	0	0	0	0	0	0	7910	0	0	0	0	0	0	0	0	0	0	0	0	0	0	0	0	0	602	0	0	0	0	0	0	0	0	0	0	0	0	0	0	0	0	0	0	0	162	0	0	0	0	0	0	0	0	0	0	0	898	0	2668	0	9146	0	0	0	1540	0	0	0	0	0	0	0	0	0	0	0	0	0	0	0	0	0	0	0	0	0	0	0	0	0	0	0	0	0	0	0	0	0	0	0	0	0	0	0	
17976	Pallidum_R	0	704	100	500	0	0	0	404	0	0	0	258	0	0	0	0	0	426	142	206	0	0	0	0	0	0	0	0	0	498	0	106	0	0	0	0	0	806	0	420	0	0	0	0	0	0	0	0	0	0	0	0	0	0	0	198	0	0	0	0	0	0	0	0	0	0	0	0	0	0	0	928	0	3292	0	0	0	0	0	0	0	0	0	0	0	0	0	0	0	0	0	0	0	0	0	0	0	0	0	0	0	0	0	0	0	0	0	0	0	0	0	0	0	0	0	0	
290020	Thalamus_L	21154	156	12752	420	0	0	1702	0	0	0	256	0	0	0	0	0	402	0	22226	1604	0	0	0	0	0	0	0	0	2952	0	0	0	0	0	5078	6870	9056	3342	1482	2242	170	0	214	0	0	0	146	1994	0	0	0	0	0	0	336	0	812	0	0	0	0	0	0	0	0	0	250	176	19948	0	6928	1370	2328	0	1540	0	0	10846	526	0	688	0	0	0	1574	0	0	0	2422	0	0	0	0	0	0	0	0	1048	0	0	0	0	0	0	0	0	0	0	0	0	0	0	0	0	0	0	
220644	Thalamus_R	756	3402	124	9060	0	0	114	1436	0	0	0	232	0	108	0	0	0	832	2786	28320	0	0	0	0	0	0	0	0	0	1622	166	188	0	150	2126	4680	1608	8980	398	3822	0	0	0	0	0	0	0	1810	0	0	0	0	0	122	0	1222	0	782	0	0	0	0	0	230	0	0	0	0	2894	0	1102	14438	0	2984	0	0	10846	0	0	0	0	726	0	0	0	200	0	0	0	1440	0	0	0	0	0	0	0	616	0	0	0	0	0	0	0	0	0	0	0	0	0	0	0	0	0	0	
70968	Heschl_L	3288	0	1254	0	0	0	962	0	0	0	392	0	0	0	0	0	4268	0	554	0	0	0	0	0	0	0	0	0	7358	0	0	0	0	0	534	234	2372	118	0	102	0	0	352	0	266	0	104	0	0	0	1314	0	0	0	254	0	3068	0	0	0	0	0	0	0	0	0	404	0	0	0	0	104	0	0	0	0	526	0	0	0	2452	0	0	0	3650	0	0	0	1554	0	0	0	0	0	0	0	0	0	0	0	0	0	0	0	0	0	0	0	0	0	0	0	0	0	0	0	
24832	Heschl_R	0	0	0	0	0	0	0	0	0	0	0	0	0	0	0	0	0	1530	0	0	0	0	0	0	0	0	0	0	0	1646	0	0	0	0	0	0	0	230	0	0	0	0	0	0	0	0	0	0	0	0	0	0	0	206	0	190	0	108	0	0	0	0	0	0	0	0	0	0	0	0	0	0	0	0	0	0	0	0	0	0	0	4612	0	0	0	2264	0	0	0	1630	0	0	0	0	0	0	0	0	0	0	0	0	0	0	0	0	0	0	0	0	0	0	0	0	0	0	
156736	Temporal_Sup_L	2042	0	2926	0	0	0	614	0	0	0	3134	0	0	0	0	0	6382	0	1536	0	0	0	224	0	0	0	0	0	7014	0	220	0	0	0	244	178	2180	0	220	0	0	0	98	0	110	0	122	0	0	0	910	0	0	0	1382	0	1900	0	0	0	1266	0	4336	0	1280	0	110	0	202	0	0	0	468	0	0	0	688	0	2452	0	0	0	5086	0	20042	0	0	0	11002	0	0	0	0	0	0	0	0	0	0	0	0	0	0	0	0	0	0	0	0	0	0	0	0	0	0	0	
107112	Temporal_Sup_R	0	808	0	604	0	0	0	0	0	0	0	0	0	0	0	0	0	3262	0	742	0	0	0	0	0	0	0	0	0	4578	0	0	0	0	0	0	0	1886	0	0	0	0	0	0	0	0	0	0	0	0	0	0	0	118	0	890	0	1848	0	746	0	732	0	4460	0	1396	0	114	0	360	0	0	0	264	0	0	0	726	0	4612	0	0	0	1784	0	16458	0	374	0	6794	0	0	0	0	0	0	0	0	0	0	0	0	0	0	0	0	0	0	0	0	0	0	0	0	0	0	
87744	Temporal_Pole_Sup_L	622	0	1456	0	628	0	368	0	552	0	2422	0	110	0	1666	0	2486	0	678	0	170	0	102	0	0	0	0	0	4446	0	108	0	0	0	0	0	464	0	582	0	440	0	0	0	0	0	0	0	0	0	0	0	0	0	3496	0	280	0	0	0	0	0	0	0	0	0	0	0	0	0	0	0	868	0	0	0	0	0	0	0	5086	0	0	0	7130	0	3512	0	6200	0	0	0	0	0	0	0	0	0	0	0	0	0	0	0	0	0	0	0	0	0	0	0	0	0	0	0	
33248	Temporal_Pole_Sup_R	0	0	0	0	0	0	0	0	0	0	0	0	0	0	0	96	0	0	0	0	0	0	0	0	0	0	0	0	0	168	0	0	0	0	0	0	0	558	0	1550	0	1228	0	0	0	0	0	0	0	0	0	0	0	0	0	3520	0	0	0	0	0	0	0	0	0	0	0	0	0	0	0	0	0	0	0	0	0	0	0	0	0	1784	0	0	0	2796	0	2524	0	2400	0	0	0	0	0	0	0	0	0	0	0	0	0	0	0	0	0	0	0	0	0	0	0	0	0	0	
262700	Temporal_Mid_L	2730	0	0	0	0	0	0	0	0	0	0	0	0	0	0	0	1638	0	286	0	0	0	0	0	0	0	0	0	346	0	0	0	108	0	774	234	4222	0	132	0	0	0	3830	0	2536	0	348	0	664	0	14540	0	2194	0	3726	0	1284	0	0	0	5654	0	4890	0	10102	0	3312	0	1608	0	0	0	0	0	0	0	1574	0	3650	0	20042	0	7130	0	0	0	2966	0	30830	0	0	0	0	0	0	0	0	0	0	0	0	0	0	0	0	0	0	0	0	0	0	0	0	0	0	0	
197828	Temporal_Mid_R	0	424	0	276	0	0	0	0	0	0	0	0	0	0	0	0	0	342	0	1170	0	0	0	0	0	0	0	0	0	1482	0	0	0	334	0	292	0	2346	0	0	0	0	0	2390	0	344	0	212	0	326	0	9642	0	3182	0	2784	0	5272	0	5034	0	5280	0	3544	0	3982	302	1832	0	912	0	0	0	110	0	0	0	200	0	2264	0	16458	0	2796	0	0	0	1216	0	24166	0	0	0	0	0	0	0	0	0	0	0	0	0	0	0	0	0	0	0	0	0	0	0	0	0	0	
22780	Temporal_Pole_Mid_L	0	0	0	0	0	0	0	0	0	0	0	0	0	0	0	0	0	0	0	0	0	0	0	0	0	0	0	0	0	0	0	0	0	0	0	0	0	0	466	0	162	0	0	0	0	0	0	0	0	0	0	0	0	0	1530	0	0	0	0	0	0	0	0	0	0	0	0	0	0	0	0	0	0	0	0	0	0	0	0	0	0	0	3512	0	2966	0	0	0	2754	0	0	0	0	0	0	0	0	0	0	0	0	0	0	0	0	0	0	0	0	0	0	0	0	0	0	0	
12452	Temporal_Pole_Mid_R	0	0	0	0	0	0	0	0	0	0	0	0	0	0	0	0	0	0	0	0	0	0	0	0	0	0	0	0	0	0	0	0	0	0	0	0	0	0	0	554	0	158	0	0	0	0	0	0	0	0	0	0	0	0	0	868	0	0	0	0	0	0	0	0	0	0	0	0	0	0	0	0	0	0	0	0	0	0	0	0	0	374	0	2524	0	1216	0	0	0	532	0	0	0	0	0	0	0	0	0	0	0	0	0	0	0	0	0	0	0	0	0	0	0	0	0	0	
247936	Temporal_Inf_L	2560	0	0	0	0	0	0	0	0	0	0	0	0	0	0	0	924	0	304	0	0	0	0	0	0	0	0	0	2040	0	0	0	0	0	1334	530	11964	172	3252	152	484	0	2638	0	614	0	3526	124	336	0	3802	0	3632	0	18096	0	1028	0	0	0	1664	0	866	0	1776	0	2458	0	1270	0	0	0	358	0	0	0	2422	0	1554	0	11002	0	6200	0	30830	0	2754	0	0	0	1512	0	0	0	0	0	284	0	1072	0	180	0	254	0	0	0	0	0	0	0	0	0	0	0	0	0	
196272	Temporal_Inf_R	0	948	0	506	0	0	0	132	0	0	0	0	0	0	0	0	0	214	0	1338	0	0	0	0	0	0	0	0	0	1618	0	0	0	166	0	310	0	9358	0	1346	0	186	0	1468	0	142	0	632	0	136	0	1484	0	4494	0	17530	0	4966	0	3388	0	3314	0	2510	0	320	0	1440	0	698	0	0	0	136	0	0	0	1440	0	1630	0	6794	0	2400	0	24166	0	532	0	0	0	1634	0	298	0	0	0	0	0	210	0	0	0	252	0	0	0	0	0	0	0	0	0	0	0	0	
525864	Cerebelum_Crus1_L	0	0	0	0	0	0	0	0	0	0	0	0	0	0	0	0	0	0	0	0	0	0	0	0	0	0	0	0	0	0	0	0	0	0	0	0	0	0	102	0	0	0	0	0	0	0	8552	1916	0	0	110	0	484	248	17226	1036	0	0	0	0	0	0	0	0	0	0	0	0	0	0	0	0	0	0	0	0	0	0	0	0	0	0	0	0	0	0	0	0	1512	0	0	9492	35798	7310	1822	444	22138	934	59468	7296	23400	1566	22346	2840	6172	526	612	0	0	236	2566	10560	14338	640	852	390	
391220	Cerebelum_Crus1_R	0	0	0	0	0	0	0	0	0	0	0	0	0	0	0	0	0	0	0	0	0	0	0	0	0	0	0	0	0	0	0	0	0	0	0	0	0	0	0	0	0	0	0	0	0	0	1520	3862	0	0	0	0	0	168	1104	10882	0	0	0	0	0	0	0	0	0	0	0	0	0	0	0	0	0	0	0	0	0	0	0	0	0	0	0	0	0	0	0	0	0	1634	9492	0	2558	41550	0	3584	1668	8780	7132	37830	1180	5832	1608	20976	344	3028	0	356	188	1362	4318	8150	13944	1158	1054	348	
354500	Cerebelum_Crus2_L	0	0	0	0	0	0	0	0	0	0	0	0	0	0	0	0	0	0	0	0	0	0	0	0	0	0	0	0	0	0	0	0	0	0	0	0	0	0	0	140	0	0	0	0	0	0	1056	0	0	0	0	0	280	0	1322	510	0	0	0	0	0	0	0	0	0	0	0	0	0	0	0	0	0	0	0	0	0	0	0	0	0	0	0	0	0	0	0	0	0	0	35798	2558	0	11668	0	648	976	1098	4870	1610	37804	6624	34574	8072	6722	2252	388	0	0	124	226	692	11342	3908	1586	402	
384132	Cerebelum_Crus2_R	0	0	0	0	0	0	0	0	0	0	0	0	0	0	0	0	0	0	0	0	0	0	0	0	0	0	0	0	0	0	0	0	0	0	0	0	0	0	0	120	0	0	0	0	0	0	0	152	0	0	0	0	0	0	0	2160	0	0	0	0	0	0	0	0	0	0	0	0	0	0	0	0	0	0	0	0	0	0	0	0	0	0	0	0	0	0	0	0	0	298	7310	41550	11668	0	0	2696	558	2878	2800	13460	7082	22606	8106	32874	840	5550	0	664	0	1244	886	3602	15728	4616	2200	418	
26864	Cerebelum_3_L	0	0	0	0	0	0	0	0	0	0	0	0	0	0	0	0	0	0	0	0	0	0	0	0	0	0	0	0	0	0	0	0	0	0	0	0	0	0	0	0	0	0	0	0	0	0	0	0	0	0	0	0	0	0	138	0	0	0	0	0	0	0	0	0	0	0	0	0	0	0	0	0	0	0	0	0	0	0	0	0	0	0	0	0	0	0	0	0	0	0	1822	0	0	0	0	190	6322	0	2232	0	320	0	246	0	554	0	0	0	488	964	156	0	0	0	0	0	
75960	Cerebelum_3_R	0	0	0	0	0	0	0	0	0	0	0	0	0	0	0	0	0	0	0	0	0	0	0	0	0	0	0	0	0	0	0	0	0	0	0	0	0	0	0	0	0	0	0	0	0	0	0	0	0	0	0	0	0	0	0	522	0	0	0	0	0	0	0	0	0	0	0	0	0	0	0	0	0	0	0	0	0	0	0	0	0	0	0	0	0	0	0	0	0	0	444	3584	648	2696	190	0	380	7266	136	8028	478	194	812	2580	176	1122	0	0	578	3728	474	346	1466	1092	838	202	
247624	Cerebelum_4_5_L	0	0	0	0	0	0	0	0	0	0	0	0	0	0	0	0	0	0	0	0	0	0	0	0	0	0	0	0	0	0	0	0	0	0	0	0	98	0	238	0	0	0	0	0	0	0	10722	2096	0	0	256	0	422	194	9912	1124	0	0	0	0	0	0	0	0	0	0	0	0	0	0	0	0	0	0	0	0	0	0	0	0	0	0	0	0	0	0	0	0	284	0	22138	1668	976	558	6322	380	0	2718	33896	3514	1838	0	2040	224	3858	1394	218	0	148	786	9112	3558	490	340	784	1506	
226652	Cerebelum_4_5_R	0	0	0	0	0	0	0	0	0	0	0	0	0	0	0	0	0	0	0	0	0	0	0	0	0	0	0	0	0	0	0	0	0	0	1726	2008	1584	2672	750	3972	0	0	0	0	0	0	1076	8744	0	0	0	0	0	550	0	8138	0	0	0	0	0	0	0	0	0	0	0	836	0	0	0	0	0	0	0	0	1048	616	0	0	0	0	0	0	0	0	0	0	0	0	934	8780	1098	2878	0	7266	2718	0	718	26194	578	298	1178	3042	244	2190	0	0	0	2064	11012	628	2724	2124	1968	970	
414280	Cerebelum_6_L	0	0	0	0	0	0	0	0	0	0	0	0	0	0	0	0	0	0	0	0	0	0	0	0	0	0	0	0	0	0	0	0	0	0	0	0	0	0	106	0	0	0	0	0	0	0	13704	3056	0	0	460	0	1042	260	22936	1054	0	0	0	0	0	0	0	0	0	0	0	0	0	0	0	0	0	0	0	0	0	0	0	0	0	0	0	0	0	0	0	0	1072	0	59468	7132	4870	2800	2232	136	33896	718	0	6874	4574	0	5482	288	5766	340	784	0	0	104	3882	13246	9540	320	588	410	
372948	Cerebelum_6_R	0	0	0	0	0	0	0	0	0	0	0	0	0	0	0	0	0	0	0	0	0	0	0	0	0	0	0	0	0	0	0	0	0	0	0	0	0	0	0	102	0	0	0	0	0	0	2698	8190	0	0	0	0	0	960	1414	15824	0	0	0	0	0	0	0	0	0	0	0	0	0	0	0	0	0	0	0	0	0	0	0	0	0	0	0	0	0	0	0	0	0	210	7296	37830	1610	13460	0	8028	3514	26194	6874	0	906	1074	1278	9718	200	2110	0	250	204	2460	11352	9066	9952	1740	1598	362	
299024	Cerebelum_7b_L	0	0	0	0	0	0	0	0	0	0	0	0	0	0	0	0	0	0	0	0	0	0	0	0	0	0	0	0	0	0	0	0	0	0	0	0	0	0	0	0	0	0	0	0	0	0	0	0	0	0	0	0	0	0	722	236	0	0	0	0	0	0	0	0	0	0	0	0	0	0	0	0	0	0	0	0	0	0	0	0	0	0	0	0	0	0	0	0	180	0	23400	1180	37804	7082	320	478	1838	578	4574	906	0	4278	39810	5520	6960	1288	490	0	0	0	164	176	7080	3456	760	232	
149460	Cerebelum_7b_R	0	0	0	0	0	0	0	0	0	0	0	0	0	0	0	0	0	0	0	0	0	0	0	0	0	0	0	0	0	0	0	0	0	0	0	0	0	0	0	0	0	0	0	0	0	0	0	0	0	0	0	0	0	0	0	156	0	0	0	0	0	0	0	0	0	0	0	0	0	0	0	0	0	0	0	0	0	0	0	0	0	0	0	0	0	0	0	0	0	0	1566	5832	6624	22606	0	194	0	298	0	1074	4278	0	3424	19932	0	2328	0	324	0	0	0	0	4446	1648	0	0	
362584	Cerebelum_8_L	0	0	0	0	0	0	0	0	0	0	0	0	0	0	0	0	0	0	0	0	0	0	0	0	0	0	0	0	0	0	0	0	0	0	0	0	0	0	0	162	0	0	0	0	0	0	0	0	0	0	0	0	0	0	1074	472	0	0	0	0	0	0	0	0	0	0	0	0	0	0	0	0	0	0	0	0	0	0	0	0	0	0	0	0	0	0	0	0	254	0	22346	1608	34574	8106	246	812	2040	1178	5482	1278	39810	3424	0	7400	22392	3858	2314	206	0	178	208	826	9928	6792	3594	730	
311096	Cerebelum_8_R	0	0	0	0	0	0	0	0	0	0	0	0	0	0	0	0	0	0	0	0	0	0	0	0	0	0	0	0	0	0	0	0	0	0	0	0	0	0	0	220	0	0	0	0	0	0	0	0	0	0	0	0	0	0	0	2202	0	0	0	0	0	0	0	0	0	0	0	0	0	0	0	0	0	0	0	0	0	0	0	0	0	0	0	0	0	0	0	0	0	252	2840	20976	8072	32874	0	2580	224	3042	288	9718	5520	19932	7400	0	898	16908	0	1010	0	1066	490	440	9718	5556	2852	470	
144628	Cerebelum_9_L	0	0	0	0	0	0	0	0	0	0	0	0	0	0	0	0	0	0	0	0	0	0	0	0	0	0	0	0	0	0	0	0	0	0	0	0	0	0	0	0	0	0	0	0	0	0	148	0	0	0	0	0	0	0	250	0	0	0	0	0	0	0	0	0	0	0	0	0	0	0	0	0	0	0	0	0	0	0	0	0	0	0	0	0	0	0	0	0	0	0	6172	344	6722	840	554	176	3858	244	5766	200	6960	0	22392	898	0	2550	3668	208	0	0	662	970	2210	2446	2738	1338	
161704	Cerebelum_9_R	0	0	0	0	0	0	0	0	0	0	0	0	0	0	0	0	0	0	0	0	0	0	0	0	0	0	0	0	0	0	0	0	0	0	0	0	0	0	0	400	0	0	0	0	0	0	124	0	0	0	0	0	0	0	0	654	0	0	0	0	0	0	0	0	0	0	0	0	0	0	0	0	0	0	0	0	0	0	0	0	0	0	0	0	0	0	0	0	0	0	526	3028	2252	5550	0	1122	1394	2190	340	2110	1288	2328	3858	16908	2550	0	0	2056	622	754	2298	2504	5814	7782	8120	4280	
16948	Cerebelum_10_L	0	0	0	0	0	0	0	0	0	0	0	0	0	0	0	0	0	0	0	0	0	0	0	0	0	0	0	0	0	0	0	0	0	0	0	0	0	0	0	0	0	0	0	0	0	0	0	0	0	0	0	0	0	0	0	0	0	0	0	0	0	0	0	0	0	0	0	0	0	0	0	0	0	0	0	0	0	0	0	0	0	0	0	0	0	0	0	0	0	0	612	0	388	0	0	0	218	0	784	0	490	0	2314	0	3668	0	0	0	0	0	0	0	0	0	0	0	
13132	Cerebelum_10_R	0	0	0	0	0	0	0	0	0	0	0	0	0	0	0	0	0	0	0	0	0	0	0	0	0	0	0	0	0	0	0	0	0	0	0	0	0	0	0	0	0	0	0	0	0	0	0	0	0	0	0	0	0	0	0	0	0	0	0	0	0	0	0	0	0	0	0	0	0	0	0	0	0	0	0	0	0	0	0	0	0	0	0	0	0	0	0	0	0	0	0	356	0	664	0	0	0	0	0	250	0	324	206	1010	208	2056	0	0	0	0	0	0	268	462	532	230	
14320	Vermis_1_2	0	0	0	0	0	0	0	0	0	0	0	0	0	0	0	0	0	0	0	0	0	0	0	0	0	0	0	0	0	0	0	0	0	0	0	0	0	0	0	0	0	0	0	0	0	0	0	0	0	0	0	0	0	0	0	0	0	0	0	0	0	0	0	0	0	0	0	0	0	0	0	0	0	0	0	0	0	0	0	0	0	0	0	0	0	0	0	0	0	0	0	188	0	0	488	578	148	0	0	204	0	0	0	0	0	622	0	0	0	3996	420	244	0	100	172	0	
43568	Vermis_3	0	0	0	0	0	0	0	0	0	0	0	0	0	0	0	0	0	0	0	0	0	0	0	0	0	0	0	0	0	0	0	0	0	0	0	0	0	0	102	0	0	0	0	0	0	0	0	0	0	0	0	0	0	0	0	0	0	0	0	0	0	0	0	0	0	0	0	0	0	0	0	0	0	0	0	0	0	0	0	0	0	0	0	0	0	0	0	0	0	0	236	1362	124	1244	964	3728	786	2064	104	2460	0	0	178	1066	0	754	0	0	3996	0	1286	342	440	206	232	110	
160324	Vermis_4_5	0	0	0	0	0	0	0	0	0	0	0	0	0	0	0	0	0	0	0	256	0	0	0	0	0	0	0	0	0	0	0	0	0	466	448	1176	188	522	0	222	0	0	0	512	0	316	3000	7242	0	0	0	0	0	586	432	3512	0	0	0	0	0	0	0	0	0	0	254	2586	0	234	0	0	0	0	0	0	0	0	0	0	0	0	0	0	0	0	0	0	0	0	2566	4318	226	886	156	474	9112	11012	3882	11352	164	0	208	490	662	2298	0	0	420	1286	0	5076	428	330	888	1976	
172416	Vermis_6	0	0	0	0	0	0	0	0	0	0	0	0	0	0	0	0	0	0	0	0	0	0	0	0	0	0	0	0	0	0	0	0	0	0	0	0	0	0	0	0	0	0	0	0	0	0	3214	4130	0	0	116	0	0	258	1626	1616	0	0	0	0	0	0	0	0	0	0	0	0	0	0	0	0	0	0	0	0	0	0	0	0	0	0	0	0	0	0	0	0	0	0	10560	8150	692	3602	0	346	3558	628	13246	9066	176	0	826	440	970	2504	0	0	244	342	5076	0	9498	1092	1850	2382	
308156	Vermis_7	0	0	0	0	0	0	0	0	0	0	0	0	0	0	0	0	0	0	0	0	0	0	0	0	0	0	0	0	0	0	0	0	0	0	0	0	0	0	0	398	0	0	0	0	0	0	2888	1672	0	0	0	0	0	264	1840	1708	0	0	0	0	0	0	0	0	0	0	0	0	0	0	0	0	0	0	0	0	0	0	0	0	0	0	0	0	0	0	0	0	0	0	14338	13944	11342	15728	0	1466	490	2724	9540	9952	7080	4446	9928	9718	2210	5814	0	268	0	440	428	9498	0	7866	5626	2462	
131584	Vermis_8	0	0	0	0	0	0	0	0	0	0	0	0	0	0	0	0	0	0	0	0	0	0	0	0	0	0	0	0	0	0	0	0	0	0	0	0	0	0	0	410	0	0	0	0	0	0	0	0	0	0	0	0	0	0	0	688	0	0	0	0	0	0	0	0	0	0	0	0	0	0	0	0	0	0	0	0	0	0	0	0	0	0	0	0	0	0	0	0	0	0	640	1158	3908	4616	0	1092	340	2124	320	1740	3456	1648	6792	5556	2446	7782	0	462	100	206	330	1092	7866	0	7846	3174	
102984	Vermis_9	0	0	0	0	0	0	0	0	0	0	0	0	0	0	0	0	0	0	0	0	0	0	0	0	0	0	0	0	0	0	0	0	0	0	0	0	0	0	0	410	0	0	0	0	0	0	0	0	0	0	0	0	0	0	0	630	0	0	0	0	0	0	0	0	0	0	0	0	0	0	0	0	0	0	0	0	0	0	0	0	0	0	0	0	0	0	0	0	0	0	852	1054	1586	2200	0	838	784	1968	588	1598	760	0	3594	2852	2738	8120	0	532	172	232	888	1850	5626	7846	0	3774	
