data	data	317448	154264	1.21096e+06	830712	184664	137924	679360	306744	110628	37520	219952	206264	408632	187020	226408	110380	256776	126460	1.04708e+06	1.01345e+06	100292	135888	587412	541752	43428	160996	91052	134196	603920	313572	423904	781236	198676	777432	132060	131564	253812	264436	96988	117316	59716	55004	138108	264812	128048	286592	213556	225820	156252	278136	443944	218612	91064	73308	291812	305336	370924	162912	261244	122868	199016	84228	130356	81124	154568	116428	366724	367252	140296	204284	301604	431160	341964	364348	49248	23476	114368	158456	78024	34448	206012	112764	107912	55788	364476	187656	57244	40860	283148	178320	409916	409664	237092	225500	20704	41052	205036	190988	424952	378936	220440	76596	291888	247020	121092	129040	10656	4228	17064	45912	207764	287616	153660	115620	105448	54228	
data	data	Precentral_L	Precentral_R	Frontal_Sup_L	Frontal_Sup_R	Frontal_Sup_Orb_L	Frontal_Sup_Orb_R	Frontal_Mid_L	Frontal_Mid_R	Frontal_Mid_Orb_L	Frontal_Mid_Orb_R	Frontal_Inf_Oper_L	Frontal_Inf_Oper_R	Frontal_Inf_Tri_L	Frontal_Inf_Tri_R	Frontal_Inf_Orb_L	Frontal_Inf_Orb_R	Rolandic_Oper_L	Rolandic_Oper_R	Supp_Motor_Area_L	Supp_Motor_Area_R	Olfactory_L	Olfactory_R	Frontal_Sup_Medial_L	Frontal_Sup_Medial_R	Frontal_Med_Orb_L	Frontal_Med_Orb_R	Rectus_L	Rectus_R	Insula_L	Insula_R	Cingulum_Ant_L	Cingulum_Ant_R	Cingulum_Mid_L	Cingulum_Mid_R	Cingulum_Post_L	Cingulum_Post_R	Hippocampus_L	Hippocampus_R	ParaHippocampal_L	ParaHippocampal_R	Amygdala_L	Amygdala_R	Calcarine_L	Calcarine_R	Cuneus_L	Cuneus_R	Lingual_L	Lingual_R	Occipital_Sup_L	Occipital_Sup_R	Occipital_Mid_L	Occipital_Mid_R	Occipital_Inf_L	Occipital_Inf_R	Fusiform_L	Fusiform_R	Postcentral_L	Postcentral_R	Parietal_Sup_L	Parietal_Sup_R	Parietal_Inf_L	Parietal_Inf_R	SupraMarginal_L	SupraMarginal_R	Angular_L	Angular_R	Precuneus_L	Precuneus_R	Paracentral_Lobule_L	Paracentral_Lobule_R	Caudate_L	Caudate_R	Putamen_L	Putamen_R	Pallidum_L	Pallidum_R	Thalamus_L	Thalamus_R	Heschl_L	Heschl_R	Temporal_Sup_L	Temporal_Sup_R	Temporal_Pole_Sup_L	Temporal_Pole_Sup_R	Temporal_Mid_L	Temporal_Mid_R	Temporal_Pole_Mid_L	Temporal_Pole_Mid_R	Temporal_Inf_L	Temporal_Inf_R	Cerebelum_Crus1_L	Cerebelum_Crus1_R	Cerebelum_Crus2_L	Cerebelum_Crus2_R	Cerebelum_3_L	Cerebelum_3_R	Cerebelum_4_5_L	Cerebelum_4_5_R	Cerebelum_6_L	Cerebelum_6_R	Cerebelum_7b_L	Cerebelum_7b_R	Cerebelum_8_L	Cerebelum_8_R	Cerebelum_9_L	Cerebelum_9_R	Cerebelum_10_L	Cerebelum_10_R	Vermis_1_2	Vermis_3	Vermis_4_5	Vermis_6	Vermis_7	Vermis_8	Vermis_9	Vermis_10	
317448	Precentral_L	0	1386	11890	2144	0	0	17854	422	0	0	9206	0	1584	0	0	0	13238	0	7454	7484	0	0	284	0	0	0	0	0	7818	200	478	202	0	4638	2680	950	4520	498	1204	106	0	0	0	0	0	0	0	0	0	0	3050	0	168	0	568	0	21508	174	790	0	3362	0	732	0	0	0	1112	356	7968	2602	584	992	3892	410	636	0	2198	480	2858	0	4338	0	0	0	3194	0	0	0	512	0	0	0	0	0	0	0	0	0	0	0	0	0	0	0	0	0	0	0	0	0	0	0	0	0	0	0	
154264	Precentral_R	1386	0	532	5720	0	0	0	10056	0	0	0	6628	0	1264	0	0	0	6620	2182	7166	0	0	0	0	0	0	0	0	0	2330	0	0	0	2966	124	262	0	1884	0	210	0	0	0	212	0	150	0	164	0	178	0	0	0	0	0	330	0	13590	0	372	0	278	0	1438	0	0	0	804	700	3800	608	576	300	2118	112	0	294	752	0	462	0	320	0	0	0	0	0	0	0	244	0	0	0	0	0	0	0	0	0	0	0	0	0	0	0	0	0	0	0	0	0	0	0	0	0	0	
1.21096e+06	Frontal_Sup_L	11890	532	0	11304	16214	102	97036	1594	9660	0	16528	502	39818	116	15356	0	15328	0	100910	20050	0	0	57040	10292	2176	306	1618	0	46382	918	23688	18352	9824	12454	0	0	4998	656	0	0	0	0	0	0	0	0	0	0	0	0	0	0	0	0	348	154	4174	0	292	0	400	0	990	0	0	0	250	0	1998	236	7430	5954	20494	2916	2686	0	2516	124	864	0	5276	0	1876	0	244	0	0	0	616	0	0	0	0	0	0	0	0	0	0	0	0	0	0	0	0	0	0	0	0	0	0	0	0	0	0	0	
830712	Frontal_Sup_R	2144	5720	11304	0	0	6828	1686	45726	0	1196	302	16356	1202	13044	148	3684	116	7080	22702	73190	0	250	12628	47798	0	6426	0	1872	626	10106	4904	37252	1552	22548	520	590	414	4430	0	692	0	0	0	0	0	0	0	0	0	0	0	0	0	0	0	442	1958	2860	0	0	0	108	0	354	0	0	104	0	626	572	3532	13314	2236	7406	712	874	1032	13248	0	508	0	324	0	0	0	0	0	0	0	110	0	0	0	0	0	0	0	0	0	0	0	0	0	0	0	0	0	0	0	0	0	0	0	0	0	0	
184664	Frontal_Sup_Orb_L	0	0	16214	0	0	0	2342	0	13476	0	138	0	880	0	13292	0	0	0	652	0	2012	428	4562	184	4902	134	8492	296	6694	0	4160	686	102	0	0	0	0	0	0	0	0	0	0	0	0	0	0	0	0	0	0	0	0	0	0	0	0	0	0	0	0	0	0	0	0	0	0	0	0	0	2952	148	8334	0	0	0	0	0	0	0	0	0	1252	0	0	0	0	0	0	0	0	0	0	0	0	0	0	0	0	0	0	0	0	0	0	0	0	0	0	0	0	0	0	0	0	0	
137924	Frontal_Sup_Orb_R	0	0	102	6828	0	0	0	1648	0	2634	0	940	0	584	0	2940	0	0	832	1170	466	3172	708	4808	0	10530	160	11578	0	1786	440	4316	0	1000	0	0	0	0	0	0	0	0	0	0	0	0	0	0	0	0	0	0	0	0	0	0	0	0	0	0	0	0	0	0	0	0	0	0	0	0	336	6828	0	5156	0	0	0	0	0	0	0	0	0	0	0	0	0	0	0	0	0	0	0	0	0	0	0	0	0	0	0	0	0	0	0	0	0	0	0	0	0	0	0	0	0	0	
679360	Frontal_Mid_L	17854	0	97036	1686	2342	0	0	512	6930	0	12614	236	62472	0	16302	0	8940	0	19180	2578	0	0	25598	3204	0	0	0	0	29922	0	7620	5166	5166	2990	0	0	946	160	0	0	0	0	0	0	0	0	0	0	0	0	0	0	0	0	0	0	628	0	0	0	0	0	0	0	0	0	0	0	0	172	784	290	4176	0	0	0	1230	106	602	0	1656	0	356	0	124	0	0	0	102	0	0	0	0	0	0	0	0	0	0	0	0	0	0	0	0	0	0	0	0	0	0	0	0	0	0	0	
306744	Frontal_Mid_R	422	10056	1594	45726	0	1648	512	0	0	1152	0	14136	426	17428	0	3408	0	3756	2594	8136	0	0	2028	11504	0	908	0	0	0	5930	662	9144	206	2324	216	224	0	1682	0	156	0	0	0	0	0	0	0	0	0	0	0	0	0	0	0	182	0	1570	0	0	0	0	0	370	0	0	0	0	0	0	220	1250	148	2702	0	0	0	552	0	202	0	198	0	0	0	0	0	0	0	0	0	0	0	0	0	0	0	0	0	0	0	0	0	0	0	0	0	0	0	0	0	0	0	0	0	0	
110628	Frontal_Mid_Orb_L	0	0	9660	0	13476	0	6930	0	0	0	198	0	3158	0	14150	0	0	0	1314	0	0	0	494	0	188	0	1388	0	2514	0	0	0	0	0	0	0	0	0	0	0	0	0	0	0	0	0	0	0	0	0	0	0	0	0	0	0	0	0	0	0	0	0	0	0	0	0	0	0	0	0	280	0	1432	0	0	0	0	0	0	0	0	0	132	0	0	0	0	0	0	0	0	0	0	0	0	0	0	0	0	0	0	0	0	0	0	0	0	0	0	0	0	0	0	0	0	0	
37520	Frontal_Mid_Orb_R	0	0	0	1196	0	2634	0	1152	0	0	0	130	0	1758	0	6962	0	0	268	568	0	0	0	408	0	112	0	222	0	1274	0	386	0	170	0	0	0	0	0	0	0	0	0	0	0	0	0	0	0	0	0	0	0	0	0	0	0	0	0	0	0	0	0	0	0	0	0	0	0	0	0	500	0	1020	0	0	0	0	0	0	0	0	0	0	0	0	0	0	0	0	0	0	0	0	0	0	0	0	0	0	0	0	0	0	0	0	0	0	0	0	0	0	0	0	0	0	
219952	Frontal_Inf_Oper_L	9206	0	16528	302	138	0	12614	0	198	0	0	0	13194	0	534	0	14232	0	9176	294	0	0	1710	250	0	0	0	0	17716	0	1868	950	220	154	0	0	590	0	0	0	0	0	0	0	0	0	0	0	0	0	0	0	0	0	0	0	2902	0	0	0	0	0	0	0	0	0	0	0	0	0	280	0	1208	0	0	0	102	0	482	0	3010	0	1916	0	0	0	0	0	202	0	0	0	0	0	0	0	0	0	0	0	0	0	0	0	0	0	0	0	0	0	0	0	0	0	0	0	
206264	Frontal_Inf_Oper_R	0	6628	502	16356	0	940	236	14136	0	130	0	0	162	9742	0	1108	0	6358	3280	10806	0	0	868	3068	0	644	0	0	0	11774	1020	5974	176	1756	0	0	0	0	0	0	0	0	0	0	0	0	0	0	0	0	0	0	0	0	0	0	0	3858	0	0	0	0	0	216	0	0	0	0	0	0	0	972	0	1806	0	0	0	0	0	368	0	136	0	112	0	0	0	0	0	0	0	0	0	0	0	0	0	0	0	0	0	0	0	0	0	0	0	0	0	0	0	0	0	0	0	0	
408632	Frontal_Inf_Tri_L	1584	0	39818	1202	880	0	62472	426	3158	0	13194	162	0	0	17650	0	1092	0	8166	1106	0	0	16600	2588	0	0	0	0	14446	0	8148	5298	2948	1384	0	0	0	0	0	0	0	0	0	0	0	0	0	0	0	0	0	0	0	0	0	0	222	0	0	0	0	0	0	0	0	0	0	0	0	0	316	184	280	0	0	0	0	0	0	0	286	0	706	0	0	0	0	0	0	0	0	0	0	0	0	0	0	0	0	0	0	0	0	0	0	0	0	0	0	0	0	0	0	0	0	0	
187020	Frontal_Inf_Tri_R	0	1264	116	13044	0	584	0	17428	0	1758	0	9742	0	0	0	6790	0	2030	1578	5736	0	0	666	6800	0	620	0	0	0	11268	778	7936	0	1486	0	0	0	0	0	0	0	0	0	0	0	0	0	0	0	0	0	0	0	0	0	0	0	124	0	0	0	0	0	0	0	0	0	0	0	0	0	2076	0	1574	0	0	0	0	0	0	0	0	0	112	0	0	0	0	0	0	0	0	0	0	0	0	0	0	0	0	0	0	0	0	0	0	0	0	0	0	0	0	0	0	0	0	
226408	Frontal_Inf_Orb_L	0	0	15356	148	13292	0	16302	0	14150	0	534	0	17650	0	0	0	0	0	4252	264	1380	170	2624	194	0	0	1600	120	13554	0	274	358	0	224	0	0	0	0	0	0	0	0	0	0	0	0	0	0	0	0	0	0	0	0	0	0	0	0	0	0	0	0	0	0	0	0	0	0	0	0	610	0	5696	0	0	0	0	0	0	0	222	0	4230	0	0	0	0	0	0	0	0	0	0	0	0	0	0	0	0	0	0	0	0	0	0	0	0	0	0	0	0	0	0	0	0	0	
110380	Frontal_Inf_Orb_R	0	0	0	3684	0	2940	0	3408	0	6962	0	1108	0	6790	0	0	0	0	720	1338	142	2286	144	3130	0	392	0	2406	0	8636	0	2930	0	486	0	0	0	0	0	0	0	0	0	0	0	0	0	0	0	0	0	0	0	0	0	0	0	0	0	0	0	0	0	0	0	0	0	0	0	0	132	3004	0	3058	0	0	0	0	0	0	0	280	0	986	0	0	0	228	0	0	0	0	0	0	0	0	0	0	0	0	0	0	0	0	0	0	0	0	0	0	0	0	0	0	0	0	
256776	Rolandic_Oper_L	13238	0	15328	116	0	0	8940	0	0	0	14232	0	1092	0	0	0	0	0	11284	174	0	0	394	0	0	0	0	0	24326	0	394	174	0	0	0	0	414	0	200	0	0	0	0	0	0	0	0	0	0	0	958	0	0	0	112	0	11624	0	494	0	124	0	4010	0	190	0	572	0	0	0	106	0	322	0	0	0	0	0	3648	0	11312	0	1422	0	2078	0	0	0	1110	0	0	0	0	0	0	0	0	0	0	0	0	0	0	0	0	0	0	0	0	0	0	0	0	0	0	0	
126460	Rolandic_Oper_R	0	6620	0	7080	0	0	0	3756	0	0	0	6358	0	2030	0	0	0	0	1996	8796	0	0	0	0	0	0	0	0	0	10098	0	0	0	194	0	0	0	630	0	0	0	0	0	0	0	0	0	0	0	0	0	0	0	0	0	0	0	3068	0	0	0	0	0	1538	0	0	0	0	0	182	0	0	0	3022	0	0	0	184	0	3534	0	3676	0	468	0	0	0	0	0	0	0	0	0	0	0	0	0	0	0	0	0	0	0	0	0	0	0	0	0	0	0	0	0	0	0	0	
1.04708e+06	Supp_Motor_Area_L	7454	2182	100910	22702	652	832	19180	2594	1314	268	9176	3280	8166	1578	4252	720	11284	1996	0	77060	0	0	18332	6700	0	650	122	180	30154	4906	15122	21562	13248	33990	1042	704	4412	3722	0	426	0	0	0	0	0	0	0	158	0	0	0	0	0	0	356	948	5792	1154	304	0	456	0	1190	354	0	0	402	0	9136	982	9018	15286	16098	12466	5868	2042	1314	584	814	154	5034	186	1266	0	252	106	0	0	618	330	0	0	0	0	0	0	0	0	0	0	0	0	0	0	0	0	0	0	0	0	0	0	0	0	0	0	
1.01345e+06	Supp_Motor_Area_R	7484	7166	20050	73190	0	1170	2578	8136	0	568	294	10806	1106	5736	264	1338	174	8796	77060	0	0	0	5904	11858	0	878	0	276	1494	12174	6026	23682	7586	69658	2682	5836	2244	4712	0	584	0	0	0	696	0	3046	0	274	0	2818	0	2008	0	134	0	1414	2420	3886	0	596	0	198	0	1026	0	458	532	7388	8168	23278	5634	18166	4204	15290	1424	3298	6966	8750	0	600	286	940	0	0	0	308	0	0	0	1008	0	0	0	0	0	0	0	0	0	0	0	0	0	0	0	0	0	0	0	0	0	0	0	0	0	0	
100292	Olfactory_L	0	0	0	0	2012	466	0	0	0	0	0	0	0	0	1380	142	0	0	0	0	0	7848	0	160	976	880	5748	3164	3006	486	2912	2832	0	0	0	0	0	0	116	0	840	0	0	0	0	0	0	0	0	0	0	0	0	0	0	0	0	0	0	0	0	0	0	0	0	0	0	0	0	0	8694	3932	3372	634	0	0	0	0	0	0	0	0	546	0	0	0	0	0	0	0	0	0	0	0	0	0	0	0	0	0	0	0	0	0	0	0	0	0	0	0	0	0	0	0	0	0	
135888	Olfactory_R	0	0	0	250	428	3172	0	0	0	0	0	0	0	0	170	2286	0	0	0	0	7848	0	144	588	164	3562	3146	7492	416	3450	2582	5082	0	0	0	0	0	0	0	0	492	150	0	0	0	0	0	0	0	0	0	0	0	0	0	0	0	0	0	0	0	0	0	0	0	0	0	0	0	0	10400	10134	2918	2678	0	0	0	0	0	0	0	0	0	274	0	0	0	118	0	0	0	0	0	0	0	0	0	0	0	0	0	0	0	0	0	0	0	0	0	0	0	0	0	0	0	0	
587412	Frontal_Sup_Medial_L	284	0	57040	12628	4562	708	25598	2028	494	0	1710	868	16600	666	2624	144	394	0	18332	5904	0	144	0	36044	4008	2148	1432	596	3042	412	26706	31276	9814	18120	0	0	0	0	0	0	0	0	0	0	0	0	0	0	0	0	0	0	0	0	0	0	0	0	0	0	0	0	0	0	0	0	0	0	0	0	3084	1156	4196	362	0	0	0	0	0	0	290	0	0	0	140	0	0	0	152	0	0	0	0	0	0	0	0	0	0	0	0	0	0	0	0	0	0	0	0	0	0	0	0	0	0	0	
541752	Frontal_Sup_Medial_R	0	0	10292	47798	184	4808	3204	11504	0	408	250	3068	2588	6800	194	3130	0	0	6700	11858	160	588	36044	0	198	9832	374	2856	426	3934	11032	52148	3074	24106	0	0	0	0	0	0	0	0	0	0	0	0	0	0	0	0	0	0	0	0	0	0	0	0	0	0	0	0	0	0	0	0	0	0	0	0	1340	6174	1078	4726	0	0	0	0	0	0	0	0	0	0	0	0	0	0	0	0	0	0	0	0	0	0	0	0	0	0	0	0	0	0	0	0	0	0	0	0	0	0	0	0	0	0	
43428	Frontal_Med_Orb_L	0	0	2176	0	4902	0	0	0	188	0	0	0	0	0	0	0	0	0	0	0	976	164	4008	198	0	730	2718	192	0	0	3890	276	0	0	0	0	0	0	0	0	0	0	0	0	0	0	0	0	0	0	0	0	0	0	0	0	0	0	0	0	0	0	0	0	0	0	0	0	0	0	1192	0	104	0	0	0	0	0	0	0	0	0	0	0	0	0	0	0	0	0	0	0	0	0	0	0	0	0	0	0	0	0	0	0	0	0	0	0	0	0	0	0	0	0	0	0	
160996	Frontal_Med_Orb_R	0	0	306	6426	134	10530	0	908	0	112	0	644	0	620	0	392	0	0	650	878	880	3562	2148	9832	730	0	578	11430	0	730	2842	10858	0	1012	0	0	0	0	0	0	0	0	0	0	0	0	0	0	0	0	0	0	0	0	0	0	0	0	0	0	0	0	0	0	0	0	0	0	0	0	784	7090	188	6234	0	0	0	0	0	0	0	0	0	0	0	0	0	0	0	0	0	0	0	0	0	0	0	0	0	0	0	0	0	0	0	0	0	0	0	0	0	0	0	0	0	0	
91052	Rectus_L	0	0	1618	0	8492	160	0	0	1388	0	0	0	0	0	1600	0	0	0	122	0	5748	3146	1432	374	2718	578	0	2266	1346	0	4374	2274	0	0	0	0	0	0	0	0	0	0	0	0	0	0	0	0	0	0	0	0	0	0	0	0	0	0	0	0	0	0	0	0	0	0	0	0	0	0	5970	788	514	0	0	0	0	0	0	0	0	0	618	0	0	0	0	0	0	0	0	0	0	0	0	0	0	0	0	0	0	0	0	0	0	0	0	0	0	0	0	0	0	0	0	0	
134196	Rectus_R	0	0	0	1872	296	11578	0	0	0	222	0	0	0	0	120	2406	0	0	180	276	3164	7492	596	2856	192	11430	2266	0	0	2162	1420	4850	0	220	0	0	0	0	0	0	0	0	0	0	0	0	0	0	0	0	0	0	0	0	0	0	0	0	0	0	0	0	0	0	0	0	0	0	0	0	2852	6626	196	3826	0	0	0	0	0	0	0	0	0	0	0	0	0	0	0	0	0	0	0	0	0	0	0	0	0	0	0	0	0	0	0	0	0	0	0	0	0	0	0	0	0	0	
603920	Insula_L	7818	0	46382	626	6694	0	29922	0	2514	0	17716	0	14446	0	13554	0	24326	0	30154	1494	3006	416	3042	426	0	0	1346	0	0	0	1326	1072	286	654	288	0	11340	0	1418	0	2698	0	0	0	0	0	0	0	0	0	1330	0	360	0	2950	0	5532	0	494	0	182	0	2464	0	0	0	676	0	0	0	4290	622	19182	146	0	0	642	0	6420	0	15342	0	6684	0	4166	0	954	0	6560	0	0	0	0	0	0	0	0	0	0	0	0	0	0	0	0	0	0	0	0	0	0	0	0	0	0	0	
313572	Insula_R	200	2330	918	10106	0	1786	0	5930	0	1274	0	11774	0	11268	0	8636	0	10098	4906	12174	486	3450	412	3934	0	730	0	2162	0	0	746	6892	0	974	952	1028	0	5248	0	482	0	600	0	0	0	0	0	0	0	0	0	0	0	0	0	1136	0	840	0	0	0	0	0	0	0	0	284	0	0	168	450	6810	160	24010	0	0	122	1180	0	2356	0	4970	0	2624	0	1222	0	380	0	578	0	0	0	0	0	0	0	0	0	0	0	0	0	0	0	0	0	0	0	0	0	0	0	0	0	0	
423904	Cingulum_Ant_L	478	0	23688	4904	4160	440	7620	662	0	0	1868	1020	8148	778	274	0	394	0	15122	6026	2912	2582	26706	11032	3890	2842	4374	1420	1326	746	0	36324	8182	5842	0	0	0	0	0	0	0	0	0	0	0	0	0	0	0	0	0	0	0	0	0	0	0	0	0	0	0	0	0	0	0	0	0	0	0	0	10944	7048	7266	2066	0	0	174	0	0	0	312	0	0	0	158	0	0	0	224	0	0	0	0	0	0	0	0	0	0	0	0	0	0	0	0	0	0	0	0	0	0	0	0	0	0	0	
781236	Cingulum_Ant_R	202	0	18352	37252	686	4316	5166	9144	0	386	950	5974	5298	7936	358	2930	174	0	21562	23682	2832	5082	31276	52148	276	10858	2274	4850	1072	6892	36324	0	10434	37038	0	0	0	0	0	0	0	0	0	0	0	0	0	0	0	0	0	0	0	0	0	0	0	0	0	0	0	0	0	0	0	0	0	0	0	0	7868	21540	3736	11496	0	0	0	0	0	0	142	0	0	0	0	0	0	0	112	0	0	0	0	0	0	0	0	0	0	0	0	0	0	0	0	0	0	0	0	0	0	0	0	0	0	0	
198676	Cingulum_Mid_L	0	0	9824	1552	102	0	5166	206	0	0	220	176	2948	0	0	0	0	0	13248	7586	0	0	9814	3074	0	0	0	0	286	0	8182	10434	0	14940	2250	1044	0	0	0	0	0	0	0	0	0	0	0	0	0	0	558	0	0	0	0	0	0	0	402	0	0	0	0	0	0	0	1950	156	3140	928	314	0	210	0	0	0	0	0	0	0	0	0	0	0	340	0	0	0	288	0	0	0	0	0	0	0	0	0	0	0	0	0	0	0	0	0	0	0	0	0	0	0	0	0	0	0	
777432	Cingulum_Mid_R	4638	2966	12454	22548	0	1000	2990	2324	0	170	154	1756	1384	1486	224	486	0	194	33990	69658	0	0	18120	24106	0	1012	0	220	654	974	5842	37038	14940	0	2418	5614	1496	1646	0	630	0	0	0	2676	0	14176	0	688	0	12038	0	4104	0	542	0	1964	0	2926	0	3366	0	436	0	298	0	968	1360	26114	4828	20436	1544	3194	1080	744	220	0	5608	3152	0	0	0	474	0	0	0	1796	0	0	0	852	0	0	0	0	0	0	0	0	0	0	0	0	0	0	0	0	0	0	0	0	0	0	0	0	0	0	
132060	Cingulum_Post_L	2680	124	0	520	0	0	0	216	0	0	0	0	0	0	0	0	0	0	1042	2682	0	0	0	0	0	0	0	0	288	952	0	0	2250	2418	0	8624	5466	5662	2874	1150	0	0	2766	0	182	0	1378	0	0	0	2200	0	0	0	186	0	104	0	0	0	0	0	0	0	0	0	6272	590	3848	992	0	134	214	1152	0	0	1664	5594	0	0	0	0	0	0	1806	0	0	0	0	0	0	0	0	0	0	0	0	0	0	0	0	0	0	0	0	0	0	0	0	0	0	0	0	0	0	0	
131564	Cingulum_Post_R	950	262	0	590	0	0	0	224	0	0	0	0	0	0	0	0	0	0	704	5836	0	0	0	0	0	0	0	0	0	1028	0	0	1044	5614	8624	0	2822	8096	366	1784	0	0	0	284	0	916	0	652	0	376	0	126	0	140	0	758	0	222	0	0	0	0	0	348	0	0	1316	7036	362	4228	0	140	0	1224	0	0	2248	6390	0	0	0	174	0	0	0	0	0	0	0	898	0	0	0	0	0	0	0	0	0	0	0	0	0	0	0	0	0	0	0	0	0	0	0	0	0	0	
253812	Hippocampus_L	4520	0	4998	414	0	0	946	0	0	0	590	0	0	0	0	0	414	0	4412	2244	0	0	0	0	0	0	0	0	11340	0	0	0	0	1496	5466	2822	0	2436	10478	680	9094	0	1076	0	0	0	1632	0	0	0	0	0	110	0	12358	0	762	0	0	0	0	0	0	0	0	0	3886	400	2014	258	1068	0	10012	0	534	0	5688	2500	2672	0	3464	0	1688	0	2302	0	2268	0	9864	0	0	0	0	0	0	0	0	0	0	0	0	0	0	0	0	0	0	0	0	0	0	0	0	0	0	0	
264436	Hippocampus_R	498	1884	656	4430	0	0	160	1682	0	0	0	0	0	0	0	0	0	630	3722	4712	0	0	0	0	0	0	0	0	0	5248	0	0	0	1646	5662	8096	2436	0	390	18178	0	8970	0	368	0	138	0	3526	0	0	0	0	0	124	0	18316	0	246	0	206	0	0	0	0	0	0	1022	3686	0	274	0	1156	154	14160	0	684	1600	7516	0	112	0	792	0	1166	0	888	0	910	0	5334	0	0	0	0	0	0	0	452	0	154	0	0	0	0	0	0	0	0	0	0	234	0	0	0	0	0	
96988	ParaHippocampal_L	1204	0	0	0	0	0	0	0	0	0	0	0	0	0	0	0	200	0	0	0	116	0	0	0	0	0	0	0	1418	0	0	0	0	0	2874	366	10478	390	0	0	2970	0	1828	0	194	0	2462	0	0	0	3458	0	426	0	5096	0	376	0	204	0	0	0	136	0	0	0	4444	224	380	0	0	0	952	0	0	0	214	344	468	0	208	0	526	0	3388	0	1366	0	922	0	0	0	0	0	358	0	160	0	0	0	0	0	0	0	0	0	0	0	138	206	0	0	0	0	0	0	
117316	ParaHippocampal_R	106	210	0	692	0	0	0	156	0	0	0	0	0	0	0	0	0	0	426	584	0	0	0	0	0	0	0	0	0	482	0	0	0	630	1150	1784	680	18178	0	0	0	4622	0	614	0	0	0	3084	0	0	0	0	0	110	0	13852	0	0	0	0	0	0	0	0	0	0	0	960	0	0	0	0	104	2258	0	600	394	1966	0	0	0	208	0	1450	0	0	0	1540	0	990	0	0	0	0	0	0	0	664	0	164	0	0	0	0	0	0	0	0	0	0	0	0	0	0	0	0	
59716	Amygdala_L	0	0	0	0	0	0	0	0	0	0	0	0	0	0	0	0	0	0	0	0	840	492	0	0	0	0	0	0	2698	0	0	0	0	0	0	0	9094	0	2970	0	0	0	0	0	0	0	0	0	0	0	0	0	0	0	4962	0	0	0	0	0	0	0	0	0	0	0	0	0	0	0	578	514	1738	0	0	0	164	0	0	0	0	0	782	0	986	0	1496	0	2544	0	0	0	0	0	0	0	0	0	0	0	0	0	0	0	0	0	0	0	0	0	0	0	0	0	0	0	
55004	Amygdala_R	0	0	0	0	0	0	0	0	0	0	0	0	0	0	0	0	0	0	0	0	0	150	0	0	0	0	0	0	0	600	0	0	0	0	0	0	0	8970	0	4622	0	0	0	0	0	0	0	0	0	0	0	0	0	0	0	6432	0	0	0	0	0	0	0	0	0	0	0	0	0	0	0	0	0	890	0	0	0	0	0	0	0	0	0	1716	0	0	0	1586	0	2536	0	0	0	0	0	0	0	0	0	0	0	0	0	0	0	0	0	0	0	0	0	0	0	0	0	0	
138108	Calcarine_L	0	0	0	0	0	0	0	0	0	0	0	0	0	0	0	0	0	0	0	0	0	0	0	0	0	0	0	0	0	0	0	0	0	0	2766	0	1076	0	1828	0	0	0	0	5248	6290	3860	6884	1578	5980	1606	14732	0	1110	0	206	0	0	0	208	0	0	0	0	0	308	0	9998	174	0	0	0	0	0	0	0	0	0	0	0	0	0	0	0	0	3430	0	0	0	808	0	0	166	0	0	0	0	0	248	0	220	0	0	0	0	0	0	0	0	0	0	330	0	0	0	0	0	
264812	Calcarine_R	0	212	0	0	0	0	0	0	0	0	0	0	0	0	0	0	0	0	0	696	0	0	0	0	0	0	0	0	0	0	0	0	0	2676	0	284	0	368	0	614	0	0	5248	0	2700	21720	1500	19618	0	20934	0	18446	0	4854	0	5154	0	510	0	688	0	144	0	154	0	1016	174	15898	0	1120	0	0	0	106	0	0	0	0	0	0	0	146	0	0	0	3934	0	0	0	3492	0	0	0	0	0	0	0	0	0	0	0	0	0	0	0	0	0	0	0	0	0	0	0	0	0	0	
128048	Cuneus_L	0	0	0	0	0	0	0	0	0	0	0	0	0	0	0	0	0	0	0	0	0	0	0	0	0	0	0	0	0	0	0	0	0	0	182	0	0	0	194	0	0	0	6290	2700	0	5160	2796	196	17824	594	10696	0	1128	0	428	0	0	0	612	0	0	0	0	0	144	0	12304	1720	0	0	0	0	0	0	0	0	0	0	0	0	0	0	0	0	1056	0	0	0	0	0	0	0	0	0	0	0	0	0	0	0	0	0	0	0	0	0	0	0	0	0	0	0	0	0	0	0	
286592	Cuneus_R	0	150	0	0	0	0	0	0	0	0	0	0	0	0	0	0	0	0	0	3046	0	0	0	0	0	0	0	0	0	0	0	0	0	14176	0	916	0	138	0	0	0	0	3860	21720	5160	0	118	3136	348	31428	0	10026	0	1252	0	2018	0	1318	0	3326	0	290	0	124	0	1606	3642	27820	0	3946	0	0	0	0	0	0	0	0	0	0	0	404	0	0	0	2330	0	0	0	998	0	0	0	0	0	0	0	0	0	0	0	0	0	0	0	0	0	0	0	0	0	0	0	0	0	0	
213556	Lingual_L	0	0	0	0	0	0	0	0	0	0	0	0	0	0	0	0	0	0	0	0	0	0	0	0	0	0	0	0	0	0	0	0	0	0	1378	0	1632	0	2462	0	0	0	6884	1500	2796	118	0	2342	4514	200	13364	0	4956	0	10140	514	0	0	0	0	0	0	0	0	0	0	4554	0	0	0	0	0	0	0	0	0	0	0	0	0	0	0	0	0	438	0	0	0	240	0	9270	2648	1886	0	270	186	8468	786	12984	3396	0	0	248	142	194	132	0	0	0	214	2896	4714	0	0	0	312	
225820	Lingual_R	0	164	0	0	0	0	0	0	0	0	0	0	0	0	0	0	0	0	158	274	0	0	0	0	0	0	0	0	0	0	0	0	0	688	0	652	0	3526	0	3084	0	0	1578	19618	196	3136	2342	0	0	4848	0	5136	160	4172	590	15268	0	228	0	0	0	0	0	0	0	0	0	6832	0	300	0	0	0	610	0	0	0	166	0	0	0	0	0	0	0	2644	0	0	0	3090	614	6992	0	578	0	0	668	3922	1690	10478	0	0	292	0	0	0	0	0	0	0	3964	4252	0	0	0	0	
156252	Occipital_Sup_L	0	0	0	0	0	0	0	0	0	0	0	0	0	0	0	0	0	0	0	0	0	0	0	0	0	0	0	0	0	0	0	0	0	0	0	0	0	0	0	0	0	0	5980	0	17824	348	4514	0	0	0	21510	0	1738	0	662	0	356	0	8164	0	1612	0	0	0	534	0	14430	0	0	0	0	0	0	0	0	0	0	0	0	0	0	0	0	0	256	0	0	0	198	0	0	0	0	0	0	0	0	0	0	0	0	0	0	0	0	0	0	0	0	0	0	0	0	0	0	0	
278136	Occipital_Sup_R	0	178	0	0	0	0	0	0	0	0	0	0	0	0	0	0	0	0	0	2818	0	0	0	0	0	0	0	0	0	0	0	0	0	12038	0	376	0	0	0	0	0	0	1606	20934	594	31428	200	4848	0	0	0	18132	0	2436	0	3636	0	1320	0	5856	0	1462	0	218	0	4044	712	19146	0	3706	0	0	0	0	0	0	0	0	0	0	0	416	0	0	0	2156	0	0	0	808	0	0	0	0	0	0	0	0	0	0	0	0	0	0	0	0	0	0	0	0	0	0	0	0	0	0	
443944	Occipital_Mid_L	3050	0	0	0	0	0	0	0	0	0	0	0	0	0	0	0	958	0	0	0	0	0	0	0	0	0	0	0	1330	0	0	0	558	0	2200	0	0	0	3458	0	0	0	14732	0	10696	0	13364	0	21510	0	0	0	12970	0	5010	0	7522	0	19024	0	10350	0	614	0	18542	0	19980	0	5728	0	0	0	0	0	0	0	0	0	1658	0	1680	0	0	0	36734	0	0	0	10190	0	0	0	0	0	0	0	0	0	114	0	0	0	0	0	0	0	0	0	0	0	0	0	0	0	0	0	
218612	Occipital_Mid_R	0	0	0	0	0	0	0	0	0	0	0	0	0	0	0	0	0	0	0	2008	0	0	0	0	0	0	0	0	0	0	0	0	0	4104	0	126	0	0	0	0	0	0	0	18446	0	10026	0	5136	0	18132	0	0	0	6696	0	3440	0	434	0	1710	0	1764	0	474	0	13180	0	8614	0	2374	0	0	0	0	0	0	0	0	0	126	0	976	0	0	0	9656	0	0	0	1884	0	0	0	0	0	0	0	0	0	0	0	0	0	0	0	0	0	0	0	0	0	0	0	0	0	0	
91064	Occipital_Inf_L	168	0	0	0	0	0	0	0	0	0	0	0	0	0	0	0	0	0	0	0	0	0	0	0	0	0	0	0	360	0	0	0	0	0	0	0	110	0	426	0	0	0	1110	0	1128	0	4956	160	1738	0	12970	0	0	0	7076	0	108	0	218	0	0	0	0	0	232	0	1286	0	0	0	0	0	0	0	0	0	0	0	576	0	370	0	0	0	1180	0	0	0	8402	0	248	0	0	0	0	0	744	0	1052	172	0	0	0	0	0	0	0	0	0	0	598	144	0	0	0	0	
73308	Occipital_Inf_R	0	0	0	0	0	0	0	0	0	0	0	0	0	0	0	0	0	0	0	134	0	0	0	0	0	0	0	0	0	0	0	0	0	542	0	140	0	124	0	110	0	0	0	4854	0	1252	0	4172	0	2436	0	6696	0	0	0	6018	0	0	0	0	0	0	0	0	0	882	0	1268	0	134	0	0	0	0	0	0	0	0	0	0	0	0	0	0	0	4138	0	0	0	3754	0	0	0	0	0	0	0	0	0	0	0	0	0	0	0	0	0	0	0	0	0	0	0	0	0	0	
291812	Fusiform_L	568	0	348	0	0	0	0	0	0	0	0	0	0	0	0	0	112	0	356	0	0	0	0	0	0	0	0	0	2950	0	0	0	0	0	186	0	12358	0	5096	0	4962	0	206	0	428	0	10140	590	662	0	5010	0	7076	0	0	348	184	0	0	0	0	0	0	0	0	0	534	0	0	0	0	0	1072	0	0	0	0	0	1880	0	2874	0	3418	0	3986	0	3856	0	19660	0	15864	1618	0	0	0	0	9566	376	21876	2020	0	0	154	0	332	0	0	0	0	102	2058	3080	0	0	0	0	
305336	Fusiform_R	0	330	154	442	0	0	0	182	0	0	0	0	0	0	0	0	0	0	948	1414	0	0	0	0	0	0	0	0	0	1136	0	0	0	1964	0	758	0	18316	0	13852	0	6432	0	5154	0	2018	514	15268	0	3636	0	3440	0	6018	348	0	0	0	0	0	0	0	0	0	0	278	0	2988	0	478	0	202	0	3664	0	0	164	488	0	0	0	1668	0	4194	0	4962	0	3670	0	18246	404	5136	0	0	0	0	410	6302	942	9388	0	0	218	0	0	0	0	0	0	0	3988	2554	0	0	0	0	
370924	Postcentral_L	21508	0	4174	1958	0	0	628	0	0	0	2902	0	222	0	0	0	11624	0	5792	2420	0	0	0	0	0	0	0	0	5532	0	0	0	0	0	104	0	762	0	376	0	0	0	0	0	0	0	0	0	356	0	7522	0	108	0	184	0	0	0	25110	0	26452	0	16652	0	6878	0	20212	0	3982	166	0	0	492	0	0	0	106	0	3628	0	5864	0	0	0	6616	0	0	0	3132	0	0	0	0	0	0	0	0	0	0	0	0	0	0	0	0	0	0	0	0	0	0	0	0	0	0	0	
162912	Postcentral_R	174	13590	0	2860	0	0	0	1570	0	0	0	3858	0	124	0	0	0	3068	1154	3886	0	0	0	0	0	0	0	0	0	840	0	0	0	2926	0	222	0	246	0	0	0	0	0	510	0	1318	0	228	0	1320	0	434	0	0	0	0	0	0	0	6474	0	4950	0	10230	0	494	0	7868	0	7706	0	114	0	810	0	0	0	0	0	280	0	1868	0	0	0	880	0	0	0	1454	0	0	0	0	0	0	0	0	0	0	0	0	0	0	0	0	0	0	0	0	0	0	0	0	0	0	
261244	Parietal_Sup_L	790	0	292	0	0	0	0	0	0	0	0	0	0	0	0	0	494	0	304	0	0	0	0	0	0	0	0	0	494	0	0	0	402	0	0	0	0	0	204	0	0	0	208	0	612	0	0	0	8164	0	19024	0	218	0	0	0	25110	0	0	0	18370	0	6130	0	10506	0	24402	0	1368	0	0	0	0	0	0	0	0	0	568	0	1834	0	0	0	7798	0	0	0	3330	0	0	0	0	0	0	0	0	0	0	0	0	0	0	0	0	0	0	0	0	0	0	0	0	0	0	0	
122868	Parietal_Sup_R	0	372	0	0	0	0	0	0	0	0	0	0	0	0	0	0	0	0	0	596	0	0	0	0	0	0	0	0	0	0	0	0	0	3366	0	0	0	206	0	0	0	0	0	688	0	3326	0	0	0	5856	0	1710	0	0	0	0	0	6474	0	0	0	9004	0	2504	0	6882	440	12322	0	1442	0	0	0	0	0	0	0	0	0	0	0	1066	0	0	0	3368	0	0	0	1812	0	0	0	0	0	0	0	0	0	0	0	0	0	0	0	0	0	0	0	0	0	0	0	0	0	0	
199016	Parietal_Inf_L	3362	0	400	0	0	0	0	0	0	0	0	0	0	0	0	0	124	0	456	0	0	0	0	0	0	0	0	0	182	0	0	0	0	0	0	0	0	0	0	0	0	0	0	0	0	0	0	0	1612	0	10350	0	0	0	0	0	26452	0	18370	0	0	0	13138	0	12046	0	7692	0	128	0	0	0	0	0	0	0	0	0	0	0	644	0	0	0	3966	0	0	0	586	0	0	0	0	0	0	0	0	0	0	0	0	0	0	0	0	0	0	0	0	0	0	0	0	0	0	0	
84228	Parietal_Inf_R	0	278	0	108	0	0	0	0	0	0	0	0	0	0	0	0	0	0	0	198	0	0	0	0	0	0	0	0	0	0	0	0	0	436	0	0	0	0	0	0	0	0	0	144	0	290	0	0	0	1462	0	1764	0	0	0	0	0	4950	0	9004	0	0	0	9318	0	9794	0	692	0	448	0	0	0	0	0	0	0	0	0	0	0	554	0	0	0	1526	0	0	0	1148	0	0	0	0	0	0	0	0	0	0	0	0	0	0	0	0	0	0	0	0	0	0	0	0	0	0	
130356	SupraMarginal_L	732	0	990	0	0	0	0	0	0	0	0	0	0	0	0	0	4010	0	1190	0	0	0	0	0	0	0	0	0	2464	0	0	0	0	0	0	0	0	0	136	0	0	0	0	0	0	0	0	0	0	0	614	0	0	0	0	0	16652	0	6130	0	13138	0	0	0	2556	0	5740	0	0	0	0	0	0	0	0	0	0	0	1330	0	5486	0	0	0	3120	0	0	0	890	0	0	0	0	0	0	0	0	0	0	0	0	0	0	0	0	0	0	0	0	0	0	0	0	0	0	0	
81124	SupraMarginal_R	0	1438	0	354	0	0	0	370	0	0	0	216	0	0	0	0	0	1538	354	1026	0	0	0	0	0	0	0	0	0	0	0	0	0	298	0	348	0	0	0	0	0	0	0	154	0	124	0	0	0	218	0	474	0	0	0	0	0	10230	0	2504	0	9318	0	0	0	4098	0	498	0	1056	0	0	0	0	0	0	0	0	0	520	0	3682	0	0	0	132	0	0	0	1612	0	0	0	0	0	0	0	0	0	0	0	0	0	0	0	0	0	0	0	0	0	0	0	0	0	0	
154568	Angular_L	0	0	0	0	0	0	0	0	0	0	0	0	0	0	0	0	190	0	0	0	0	0	0	0	0	0	0	0	0	0	0	0	0	0	0	0	0	0	0	0	0	0	308	0	144	0	0	0	534	0	18542	0	232	0	0	0	6878	0	10506	0	12046	0	2556	0	0	0	5660	0	806	0	0	0	0	0	0	0	0	0	116	0	912	0	0	0	15826	0	0	0	2028	0	0	0	0	0	0	0	0	0	0	0	0	0	0	0	0	0	0	0	0	0	0	0	0	0	0	0	
116428	Angular_R	0	0	0	0	0	0	0	0	0	0	0	0	0	0	0	0	0	0	0	458	0	0	0	0	0	0	0	0	0	0	0	0	0	968	0	0	0	0	0	0	0	0	0	1016	0	1606	0	0	0	4044	0	13180	0	882	0	278	0	494	0	6882	0	9794	0	4098	0	0	0	1410	0	590	0	0	0	0	0	0	0	0	0	154	0	3338	0	0	0	7572	0	0	0	1450	0	0	0	0	0	0	0	0	0	0	0	0	0	0	0	0	0	0	0	0	0	0	0	0	0	0	
366724	Precuneus_L	1112	0	250	104	0	0	0	0	0	0	0	0	0	0	0	0	572	0	402	532	0	0	0	0	0	0	0	0	676	284	0	0	1950	1360	6272	1316	3886	1022	4444	0	0	0	9998	174	12304	3642	4554	0	14430	712	19980	0	1286	0	534	0	20212	0	24402	440	7692	0	5740	0	5660	0	0	6462	4090	376	0	0	0	328	0	0	150	762	682	0	2004	0	0	0	9146	118	0	0	3302	0	0	0	0	0	0	0	0	0	0	0	0	0	0	0	0	0	0	0	0	0	0	0	0	0	0	0	
367252	Precuneus_R	356	804	0	0	0	0	0	0	0	0	0	0	0	0	0	0	0	0	0	7388	0	0	0	0	0	0	0	0	0	0	0	0	156	26114	590	7036	400	3686	224	960	0	0	174	15898	1720	27820	0	6832	0	19146	0	8614	0	1268	0	2988	0	7868	0	12322	0	692	0	498	0	1410	6462	0	146	12600	0	0	0	0	0	0	0	322	0	0	0	1176	0	0	0	4002	0	0	0	3402	0	0	0	0	0	0	0	318	0	0	0	0	0	0	0	0	0	0	0	0	234	0	0	0	0	0	
140296	Paracentral_Lobule_L	7968	700	1998	626	0	0	0	0	0	0	0	0	0	0	0	0	0	0	9136	8168	0	0	0	0	0	0	0	0	0	0	0	0	3140	4828	3848	362	2014	0	380	0	0	0	0	0	0	0	0	0	0	0	5728	0	0	0	0	0	3982	0	1368	0	128	0	0	0	806	0	4090	146	0	2592	208	0	1966	0	722	0	748	0	0	0	178	0	0	0	3566	0	0	0	752	0	0	0	0	0	0	0	0	0	0	0	0	0	0	0	0	0	0	0	0	0	0	0	0	0	0	0	
204284	Paracentral_Lobule_R	2602	3800	236	572	0	0	172	0	0	0	0	0	0	0	0	0	0	182	982	23278	0	0	0	0	0	0	0	0	0	168	0	0	928	20436	992	4228	258	274	0	0	0	0	0	1120	0	3946	0	300	0	3706	0	2374	0	134	0	478	166	7706	0	1442	0	448	0	1056	0	590	376	12600	2592	0	0	156	148	194	0	0	284	180	0	0	0	1422	0	0	0	390	0	0	0	1226	0	0	0	0	0	0	0	0	0	0	0	0	0	0	0	0	0	0	0	0	0	0	0	0	0	0	
301604	Caudate_L	584	608	7430	3532	2952	336	784	220	280	0	280	0	316	0	610	132	106	0	9018	5634	8694	10400	3084	1340	1192	784	5970	2852	4290	450	10944	7868	314	1544	0	0	1068	0	0	0	578	0	0	0	0	0	0	0	0	0	0	0	0	0	0	0	0	0	0	0	0	0	0	0	0	0	0	0	208	0	0	18648	19606	6184	2930	0	7260	146	0	0	864	0	144	0	234	0	0	0	384	0	0	0	0	0	0	0	0	0	0	0	0	0	0	0	0	0	0	0	0	0	0	0	0	0	0	0	
431160	Caudate_R	992	576	5954	13314	148	6828	290	1250	0	500	0	972	184	2076	0	3004	0	0	15286	18166	3932	10134	1156	6174	0	7090	788	6626	622	6810	7048	21540	0	3194	134	140	0	1156	0	0	514	0	0	0	0	0	0	0	0	0	0	0	0	0	0	202	0	114	0	0	0	0	0	0	0	0	0	0	0	156	18648	0	6292	26970	0	2356	414	13722	0	0	0	0	0	0	0	0	0	0	0	108	0	0	0	0	0	0	0	0	0	0	0	0	0	0	0	0	0	0	0	0	0	0	0	0	0	0	
341964	Putamen_L	3892	300	20494	2236	8334	0	4176	148	1432	0	1208	0	280	0	5696	0	322	0	16098	4204	3372	2918	4196	1078	104	188	514	196	19182	160	7266	3736	210	1080	214	0	10012	154	952	104	1738	0	0	0	0	0	0	0	0	0	0	0	0	0	1072	0	492	0	0	0	0	0	0	0	0	0	0	0	1966	148	19606	6292	0	1648	5966	0	2958	0	0	0	1922	0	1032	0	476	0	0	0	1210	0	0	0	0	0	0	0	0	0	0	0	0	0	0	0	0	0	0	0	0	0	0	0	0	0	0	0	
364348	Putamen_R	410	2118	2916	7406	0	5156	0	2702	0	1020	0	1806	0	1574	0	3058	0	3022	12466	15290	634	2678	362	4726	0	6234	0	3826	146	24010	2066	11496	0	744	1152	1224	0	14160	0	2258	0	890	0	106	0	0	0	610	0	0	0	0	0	0	0	3664	0	810	0	0	0	0	0	0	0	0	328	0	0	194	6184	26970	1648	0	0	1682	148	1742	0	188	0	778	0	194	0	394	0	0	0	984	0	0	0	0	0	0	0	0	0	0	0	0	0	0	0	0	0	0	0	0	0	0	0	0	0	0	
49248	Pallidum_L	636	112	2686	712	0	0	0	0	0	0	0	0	0	0	0	0	0	0	5868	1424	0	0	0	0	0	0	0	0	0	0	0	0	0	220	0	0	534	0	0	0	0	0	0	0	0	0	0	0	0	0	0	0	0	0	0	0	0	0	0	0	0	0	0	0	0	0	0	0	722	0	2930	0	5966	0	0	0	2814	0	0	0	0	0	0	0	0	0	0	0	0	0	0	0	0	0	0	0	0	0	0	0	0	0	0	0	0	0	0	0	0	0	0	0	0	0	0	0	
23476	Pallidum_R	0	0	0	874	0	0	0	0	0	0	0	0	0	0	0	0	0	0	2042	3298	0	0	0	0	0	0	0	0	0	0	0	0	0	0	0	0	0	684	0	600	0	0	0	0	0	0	0	0	0	0	0	0	0	0	0	0	0	0	0	0	0	0	0	0	0	0	0	0	0	0	0	2356	0	1682	0	0	0	202	0	0	0	0	0	0	0	0	0	0	0	0	0	0	0	0	0	0	0	0	0	0	0	0	0	0	0	0	0	0	0	0	0	0	0	0	0	0	
114368	Thalamus_L	2198	294	2516	1032	0	0	1230	0	0	0	102	0	0	0	0	0	0	0	1314	6966	0	0	0	0	0	0	0	0	642	122	174	0	0	5608	1664	2248	5688	1600	214	394	164	0	0	0	0	0	0	0	0	0	0	0	0	0	0	164	106	0	0	0	0	0	0	0	0	0	150	0	748	284	7260	414	2958	148	2814	0	0	7968	0	0	0	0	0	0	0	0	0	0	0	0	0	0	0	0	0	0	0	0	0	0	0	0	0	0	0	0	0	0	0	0	0	0	0	0	0	0	
158456	Thalamus_R	480	752	124	13248	0	0	106	552	0	0	0	0	0	0	0	0	0	184	584	8750	0	0	0	0	0	0	0	0	0	1180	0	0	0	3152	5594	6390	2500	7516	344	1966	0	0	0	0	0	0	0	166	0	0	0	0	0	0	0	488	0	0	0	0	0	0	0	0	0	0	762	322	0	180	146	13722	0	1742	0	202	7968	0	0	0	0	108	0	0	0	0	0	0	0	0	0	0	0	0	0	0	0	0	0	0	0	0	0	0	0	0	0	0	0	0	0	0	0	0	0	0	
78024	Heschl_L	2858	0	864	0	0	0	602	0	0	0	482	0	0	0	0	0	3648	0	814	0	0	0	0	0	0	0	0	0	6420	0	0	0	0	0	0	0	2672	0	468	0	0	0	0	0	0	0	0	0	0	0	1658	0	576	0	1880	0	3628	0	568	0	0	0	1330	0	116	0	682	0	0	0	0	0	0	0	0	0	0	0	0	0	3292	0	0	0	3358	0	0	0	3096	0	0	0	0	0	0	0	0	0	0	0	0	0	0	0	0	0	0	0	0	0	0	0	0	0	0	0	
34448	Heschl_R	0	462	0	508	0	0	0	202	0	0	0	368	0	0	0	0	0	3534	154	600	0	0	0	0	0	0	0	0	0	2356	0	0	0	0	0	0	0	112	0	0	0	0	0	0	0	0	0	0	0	0	0	126	0	0	0	0	0	280	0	0	0	0	0	520	0	154	0	0	0	0	0	0	0	188	0	0	0	0	0	0	0	6136	0	110	0	1234	0	0	0	180	0	0	0	0	0	0	0	0	0	0	0	0	0	0	0	0	0	0	0	0	0	0	0	0	0	0	
206012	Temporal_Sup_L	4338	0	5276	0	0	0	1656	0	0	0	3010	0	286	0	222	0	11312	0	5034	286	0	0	290	0	0	0	0	0	15342	0	312	142	0	0	0	0	3464	0	208	0	0	0	0	0	0	0	0	0	0	0	1680	0	370	0	2874	0	5864	0	1834	0	644	0	5486	0	912	0	2004	0	178	0	864	0	1922	0	0	0	0	0	3292	0	0	0	2894	0	12050	0	172	0	8788	0	0	0	0	0	0	0	0	0	0	0	0	0	0	0	0	0	0	0	0	0	0	0	0	0	0	0	
112764	Temporal_Sup_R	0	320	0	324	0	0	0	198	0	0	0	136	0	0	0	280	0	3676	186	940	0	0	0	0	0	0	0	0	0	4970	0	0	0	474	0	174	0	792	0	208	0	0	0	146	0	404	0	0	0	416	0	976	0	0	0	1668	0	1868	0	1066	0	554	0	3682	0	3338	0	1176	0	1422	0	0	0	778	0	0	0	108	0	6136	0	0	0	3082	0	12750	0	438	0	3696	0	0	0	0	0	0	0	0	0	0	0	0	0	0	0	0	0	0	0	0	0	0	0	0	0	0	
107912	Temporal_Pole_Sup_L	0	0	1876	0	1252	0	356	0	132	0	1916	0	706	0	4230	0	1422	0	1266	0	546	0	0	0	0	0	618	0	6684	0	0	0	0	0	0	0	1688	0	526	0	782	0	0	0	0	0	0	0	0	0	0	0	0	0	3418	0	0	0	0	0	0	0	0	0	0	0	0	0	0	0	144	0	1032	0	0	0	0	0	0	0	2894	0	0	0	9176	0	6404	0	6888	0	0	0	0	0	0	0	0	0	0	0	0	0	0	0	0	0	0	0	0	0	0	0	0	0	0	0	
55788	Temporal_Pole_Sup_R	0	0	0	0	0	0	0	0	0	0	0	112	0	112	0	986	0	468	0	0	0	274	0	0	0	0	0	0	0	2624	0	0	0	0	0	0	0	1166	0	1450	0	1716	0	0	0	0	0	0	0	0	0	0	0	0	0	4194	0	0	0	0	0	0	0	0	0	0	0	0	0	0	0	0	0	194	0	0	0	0	0	110	0	3082	0	0	0	3188	0	5708	0	2510	0	0	0	0	0	0	0	0	0	0	0	0	0	0	0	0	0	0	0	0	0	0	0	0	0	0	
364476	Temporal_Mid_L	3194	0	244	0	0	0	124	0	0	0	0	0	0	0	0	0	2078	0	252	0	0	0	140	0	0	0	0	0	4166	0	158	0	340	0	1806	0	2302	0	3388	0	986	0	3430	0	1056	0	438	0	256	0	36734	0	1180	0	3986	0	6616	0	7798	0	3966	0	3120	0	15826	0	9146	0	3566	0	234	0	476	0	0	0	0	0	3358	0	12050	0	9176	0	0	0	5860	0	34788	0	0	0	0	0	0	0	0	0	0	0	0	0	0	0	0	0	0	0	0	0	0	0	0	0	0	0	
187656	Temporal_Mid_R	0	0	0	0	0	0	0	0	0	0	0	0	0	0	0	0	0	0	106	308	0	0	0	0	0	0	0	0	0	1222	0	0	0	1796	0	0	0	888	0	0	0	0	0	3934	0	2330	0	2644	0	2156	0	9656	0	4138	0	4962	0	880	0	3368	0	1526	0	132	0	7572	118	4002	0	390	0	0	0	394	0	0	0	0	0	1234	0	12750	0	3188	0	0	0	2780	0	21354	0	0	0	0	0	0	0	0	0	0	0	0	0	0	0	0	0	0	0	0	0	0	0	0	0	0	
57244	Temporal_Pole_Mid_L	0	0	0	0	0	0	0	0	0	0	0	0	0	0	0	0	0	0	0	0	0	0	0	0	0	0	0	0	954	0	0	0	0	0	0	0	2268	0	1366	0	1496	0	0	0	0	0	0	0	0	0	0	0	0	0	3856	0	0	0	0	0	0	0	0	0	0	0	0	0	0	0	0	0	0	0	0	0	0	0	0	0	172	0	6404	0	5860	0	0	0	6246	0	0	0	0	0	0	0	0	0	0	0	0	0	0	0	0	0	0	0	0	0	0	0	0	0	0	0	
40860	Temporal_Pole_Mid_R	0	0	0	0	0	0	0	0	0	0	0	0	0	0	0	228	0	0	0	0	0	118	0	0	0	0	0	0	0	380	0	0	0	0	0	0	0	910	0	1540	0	1586	0	0	0	0	0	0	0	0	0	0	0	0	0	3670	0	0	0	0	0	0	0	0	0	0	0	0	0	0	0	0	0	0	0	0	0	0	0	0	0	438	0	5708	0	2780	0	0	0	3072	0	0	0	0	0	0	0	0	0	0	0	0	0	0	0	0	0	0	0	0	0	0	0	0	0	0	
283148	Temporal_Inf_L	512	0	616	0	0	0	102	0	0	0	202	0	0	0	0	0	1110	0	618	0	0	0	152	0	0	0	0	0	6560	0	224	112	288	0	0	0	9864	0	922	0	2544	0	808	0	0	0	240	0	198	0	10190	0	8402	0	19660	0	3132	0	3330	0	586	0	890	0	2028	0	3302	0	752	0	384	0	1210	0	0	0	0	0	3096	0	8788	0	6888	0	34788	0	6246	0	0	0	1942	0	182	0	0	0	0	0	358	0	162	0	186	0	0	0	0	0	0	0	0	0	0	0	0	0	
178320	Temporal_Inf_R	0	244	0	110	0	0	0	0	0	0	0	0	0	0	0	0	0	0	330	1008	0	0	0	0	0	0	0	0	0	578	0	0	0	852	0	898	0	5334	0	990	0	2536	0	3492	0	998	0	3090	0	808	0	1884	0	3754	0	18246	0	1454	0	1812	0	1148	0	1612	0	1450	0	3402	0	1226	0	108	0	984	0	0	0	0	0	180	0	3696	0	2510	0	21354	0	3072	0	0	0	0	0	0	0	0	0	0	0	0	0	0	0	0	0	0	0	0	0	0	0	0	0	0	0	0	
409916	Cerebelum_Crus1_L	0	0	0	0	0	0	0	0	0	0	0	0	0	0	0	0	0	0	0	0	0	0	0	0	0	0	0	0	0	0	0	0	0	0	0	0	0	0	0	0	0	0	0	0	0	0	9270	614	0	0	0	0	248	0	15864	404	0	0	0	0	0	0	0	0	0	0	0	0	0	0	0	0	0	0	0	0	0	0	0	0	0	0	0	0	0	0	0	0	1942	0	0	2864	22990	3696	358	0	16736	458	52638	3456	13550	252	19728	3732	5072	1192	418	0	174	328	2356	11712	6280	3614	3036	1976	
409664	Cerebelum_Crus1_R	0	0	0	0	0	0	0	0	0	0	0	0	0	0	0	0	0	0	0	0	0	0	0	0	0	0	0	0	0	0	0	0	0	0	0	0	0	0	0	0	0	0	166	0	0	0	2648	6992	0	0	0	0	0	0	1618	5136	0	0	0	0	0	0	0	0	0	0	0	0	0	0	0	0	0	0	0	0	0	0	0	0	0	0	0	0	0	0	0	0	0	0	2864	0	720	26102	0	1746	1996	23326	5136	56970	648	4278	896	22396	222	5556	0	268	0	1068	13670	14018	4320	862	924	286	
237092	Cerebelum_Crus2_L	0	0	0	0	0	0	0	0	0	0	0	0	0	0	0	0	0	0	0	0	0	0	0	0	0	0	0	0	0	0	0	0	0	0	0	0	0	0	0	0	0	0	0	0	0	0	1886	0	0	0	0	0	0	0	0	0	0	0	0	0	0	0	0	0	0	0	0	0	0	0	0	0	0	0	0	0	0	0	0	0	0	0	0	0	0	0	0	0	182	0	22990	720	0	4606	0	0	152	0	4788	310	33030	1156	28596	2426	5734	168	0	0	0	0	0	3030	4536	2806	1008	422	
225500	Cerebelum_Crus2_R	0	0	0	0	0	0	0	0	0	0	0	0	0	0	0	0	0	0	0	0	0	0	0	0	0	0	0	0	0	0	0	0	0	0	0	0	0	0	0	0	0	0	0	0	0	0	0	578	0	0	0	0	0	0	0	0	0	0	0	0	0	0	0	0	0	0	0	0	0	0	0	0	0	0	0	0	0	0	0	0	0	0	0	0	0	0	0	0	0	0	3696	26102	4606	0	0	0	0	0	1384	3608	3318	16004	2858	30682	0	4862	0	0	0	0	0	3062	7724	3766	500	0	
20704	Cerebelum_3_L	0	0	0	0	0	0	0	0	0	0	0	0	0	0	0	0	0	0	0	0	0	0	0	0	0	0	0	0	0	0	0	0	0	0	0	0	0	0	358	0	0	0	0	0	0	0	270	0	0	0	0	0	0	0	0	0	0	0	0	0	0	0	0	0	0	0	0	0	0	0	0	0	0	0	0	0	0	0	0	0	0	0	0	0	0	0	0	0	0	0	358	0	0	0	0	0	5038	0	1150	0	0	0	106	0	624	0	148	0	520	1082	558	140	0	0	0	0	
41052	Cerebelum_3_R	0	0	0	0	0	0	0	0	0	0	0	0	0	0	0	0	0	0	0	0	0	0	0	0	0	0	0	0	0	0	0	0	0	0	0	0	0	0	0	0	0	0	0	0	0	0	186	0	0	0	0	0	0	0	0	0	0	0	0	0	0	0	0	0	0	0	0	0	0	0	0	0	0	0	0	0	0	0	0	0	0	0	0	0	0	0	0	0	0	0	0	1746	0	0	0	0	560	4376	212	3386	0	0	0	126	0	1404	0	0	0	3290	2872	1332	132	300	604	0	
205036	Cerebelum_4_5_L	0	0	0	0	0	0	0	0	0	0	0	0	0	0	0	0	0	0	0	0	0	0	0	0	0	0	0	0	0	0	0	0	0	0	0	0	0	0	160	0	0	0	0	0	0	0	8468	668	0	0	0	0	744	0	9566	410	0	0	0	0	0	0	0	0	0	0	0	0	0	0	0	0	0	0	0	0	0	0	0	0	0	0	0	0	0	0	0	0	0	0	16736	1996	152	0	5038	560	0	2016	29020	2592	294	0	1298	0	4170	652	644	0	516	1182	11188	2750	0	0	346	1352	
190988	Cerebelum_4_5_R	0	0	0	0	0	0	0	0	0	0	0	0	0	0	0	0	0	0	0	0	0	0	0	0	0	0	0	0	0	0	0	0	0	0	0	0	0	452	0	664	0	0	248	0	0	0	786	3922	0	0	0	0	0	0	376	6302	0	0	0	0	0	0	0	0	0	0	0	318	0	0	0	0	0	0	0	0	0	0	0	0	0	0	0	0	0	0	0	0	0	0	458	23326	0	0	0	4376	2016	0	1284	29114	0	0	142	0	0	780	0	0	0	1484	17958	1354	0	0	134	0	
424952	Cerebelum_6_L	0	0	0	0	0	0	0	0	0	0	0	0	0	0	0	0	0	0	0	0	0	0	0	0	0	0	0	0	0	0	0	0	0	0	0	0	0	0	0	0	0	0	0	0	0	0	12984	1690	0	0	114	0	1052	0	21876	942	0	0	0	0	0	0	0	0	0	0	0	0	0	0	0	0	0	0	0	0	0	0	0	0	0	0	0	0	0	0	0	0	358	0	52638	5136	4788	1384	1150	212	29020	1284	0	6910	4940	0	10356	2440	7556	2560	914	0	350	648	7454	17882	4128	2866	5312	3532	
378936	Cerebelum_6_R	0	0	0	0	0	0	0	0	0	0	0	0	0	0	0	0	0	0	0	0	0	0	0	0	0	0	0	0	0	0	0	0	0	0	0	0	0	154	0	164	0	0	220	0	0	0	3396	10478	0	0	0	0	172	0	2020	9388	0	0	0	0	0	0	0	0	0	0	0	0	0	0	0	0	0	0	0	0	0	0	0	0	0	0	0	0	0	0	0	0	0	0	3456	56970	310	3608	0	3386	2592	29114	6910	0	184	126	814	5860	296	3572	0	934	136	1896	17644	18026	3390	1628	1958	666	
220440	Cerebelum_7b_L	0	0	0	0	0	0	0	0	0	0	0	0	0	0	0	0	0	0	0	0	0	0	0	0	0	0	0	0	0	0	0	0	0	0	0	0	0	0	0	0	0	0	0	0	0	0	0	0	0	0	0	0	0	0	0	0	0	0	0	0	0	0	0	0	0	0	0	0	0	0	0	0	0	0	0	0	0	0	0	0	0	0	0	0	0	0	0	0	162	0	13550	648	33030	3318	0	0	294	0	4940	184	0	0	31060	3374	3128	454	108	0	0	0	0	3596	5922	4842	1422	188	
76596	Cerebelum_7b_R	0	0	0	0	0	0	0	0	0	0	0	0	0	0	0	0	0	0	0	0	0	0	0	0	0	0	0	0	0	0	0	0	0	0	0	0	0	0	0	0	0	0	0	0	0	0	0	0	0	0	0	0	0	0	0	0	0	0	0	0	0	0	0	0	0	0	0	0	0	0	0	0	0	0	0	0	0	0	0	0	0	0	0	0	0	0	0	0	0	0	252	4278	1156	16004	0	0	0	0	0	126	0	0	0	14058	0	1330	0	0	0	0	0	0	878	216	0	0	
291888	Cerebelum_8_L	0	0	0	0	0	0	0	0	0	0	0	0	0	0	0	0	0	0	0	0	0	0	0	0	0	0	0	0	0	0	0	0	0	0	0	0	0	0	0	0	0	0	0	0	0	0	248	292	0	0	0	0	0	0	154	218	0	0	0	0	0	0	0	0	0	0	0	0	0	0	0	0	0	0	0	0	0	0	0	0	0	0	0	0	0	0	0	0	186	0	19728	896	28596	2858	106	0	1298	142	10356	814	31060	0	0	3524	16696	2146	714	0	0	112	416	6302	6920	6816	4380	966	
247020	Cerebelum_8_R	0	0	0	0	0	0	0	0	0	0	0	0	0	0	0	0	0	0	0	0	0	0	0	0	0	0	0	0	0	0	0	0	0	0	0	0	0	0	0	0	0	0	0	0	0	0	142	0	0	0	0	0	0	0	0	0	0	0	0	0	0	0	0	0	0	0	0	0	0	0	0	0	0	0	0	0	0	0	0	0	0	0	0	0	0	0	0	0	0	0	3732	22396	2426	30682	0	126	0	0	2440	5860	3374	14058	3524	0	168	13604	0	274	0	148	0	4770	7820	5186	2336	444	
121092	Cerebelum_9_L	0	0	0	0	0	0	0	0	0	0	0	0	0	0	0	0	0	0	0	0	0	0	0	0	0	0	0	0	0	0	0	0	0	0	0	0	0	0	0	0	0	0	0	0	0	0	194	0	0	0	0	0	0	0	332	0	0	0	0	0	0	0	0	0	0	0	0	0	0	0	0	0	0	0	0	0	0	0	0	0	0	0	0	0	0	0	0	0	0	0	5072	222	5734	0	624	0	4170	0	7556	296	3128	0	16696	168	0	1824	2182	0	0	0	1656	2530	1636	2180	3174	1172	
129040	Cerebelum_9_R	0	0	0	0	0	0	0	0	0	0	0	0	0	0	0	0	0	0	0	0	0	0	0	0	0	0	0	0	0	0	0	0	0	0	0	0	0	0	0	0	0	0	0	0	0	0	132	0	0	0	0	0	0	0	0	0	0	0	0	0	0	0	0	0	0	0	0	0	0	0	0	0	0	0	0	0	0	0	0	0	0	0	0	0	0	0	0	0	0	0	1192	5556	168	4862	0	1404	652	780	2560	3572	454	1330	2146	13604	1824	0	0	638	732	1612	1554	5352	3244	3356	5416	2380	
10656	Cerebelum_10_L	0	0	0	0	0	0	0	0	0	0	0	0	0	0	0	0	0	0	0	0	0	0	0	0	0	0	0	0	0	0	0	0	0	0	0	0	0	0	0	0	0	0	0	0	0	0	0	0	0	0	0	0	0	0	0	0	0	0	0	0	0	0	0	0	0	0	0	0	0	0	0	0	0	0	0	0	0	0	0	0	0	0	0	0	0	0	0	0	0	0	418	0	0	0	148	0	644	0	914	0	108	0	714	0	2182	0	0	0	0	0	200	0	0	0	0	0	
4228	Cerebelum_10_R	0	0	0	0	0	0	0	0	0	0	0	0	0	0	0	0	0	0	0	0	0	0	0	0	0	0	0	0	0	0	0	0	0	0	0	0	0	0	0	0	0	0	0	0	0	0	0	0	0	0	0	0	0	0	0	0	0	0	0	0	0	0	0	0	0	0	0	0	0	0	0	0	0	0	0	0	0	0	0	0	0	0	0	0	0	0	0	0	0	0	0	268	0	0	0	0	0	0	0	934	0	0	0	274	0	638	0	0	0	0	0	0	0	0	0	0	
17064	Vermis_1_2	0	0	0	0	0	0	0	0	0	0	0	0	0	0	0	0	0	0	0	0	0	0	0	0	0	0	0	0	0	0	0	0	0	0	0	0	0	0	138	0	0	0	0	0	0	0	0	0	0	0	0	0	0	0	0	0	0	0	0	0	0	0	0	0	0	0	0	0	0	0	0	0	0	0	0	0	0	0	0	0	0	0	0	0	0	0	0	0	0	0	174	0	0	0	520	0	516	0	350	136	0	0	0	0	0	732	0	0	0	3608	760	740	0	118	432	308	
45912	Vermis_3	0	0	0	0	0	0	0	0	0	0	0	0	0	0	0	0	0	0	0	0	0	0	0	0	0	0	0	0	0	0	0	0	0	0	0	0	0	0	206	0	0	0	0	0	0	0	214	0	0	0	0	0	0	0	102	0	0	0	0	0	0	0	0	0	0	0	0	0	0	0	0	0	0	0	0	0	0	0	0	0	0	0	0	0	0	0	0	0	0	0	328	1068	0	0	1082	3290	1182	1484	648	1896	0	0	112	148	0	1612	0	0	3608	0	2312	1722	162	436	972	372	
207764	Vermis_4_5	0	0	0	0	0	0	0	0	0	0	0	0	0	0	0	0	0	0	0	0	0	0	0	0	0	0	0	0	0	0	0	0	0	0	0	0	0	234	0	0	0	0	330	0	0	0	2896	3964	0	0	0	0	598	0	2058	3988	0	0	0	0	0	0	0	0	0	0	0	234	0	0	0	0	0	0	0	0	0	0	0	0	0	0	0	0	0	0	0	0	0	0	2356	13670	0	0	558	2872	11188	17958	7454	17644	0	0	416	0	1656	1554	200	0	760	2312	0	5992	0	0	664	2326	
287616	Vermis_6	0	0	0	0	0	0	0	0	0	0	0	0	0	0	0	0	0	0	0	0	0	0	0	0	0	0	0	0	0	0	0	0	0	0	0	0	0	0	0	0	0	0	0	0	0	0	4714	4252	0	0	0	0	144	0	3080	2554	0	0	0	0	0	0	0	0	0	0	0	0	0	0	0	0	0	0	0	0	0	0	0	0	0	0	0	0	0	0	0	0	0	0	11712	14018	3030	3062	140	1332	2750	1354	17882	18026	3596	0	6302	4770	2530	5352	0	0	740	1722	5992	0	6730	4572	7546	5906	
153660	Vermis_7	0	0	0	0	0	0	0	0	0	0	0	0	0	0	0	0	0	0	0	0	0	0	0	0	0	0	0	0	0	0	0	0	0	0	0	0	0	0	0	0	0	0	0	0	0	0	0	0	0	0	0	0	0	0	0	0	0	0	0	0	0	0	0	0	0	0	0	0	0	0	0	0	0	0	0	0	0	0	0	0	0	0	0	0	0	0	0	0	0	0	6280	4320	4536	7724	0	132	0	0	4128	3390	5922	878	6920	7820	1636	3244	0	0	0	162	0	6730	0	8684	3954	370	
115620	Vermis_8	0	0	0	0	0	0	0	0	0	0	0	0	0	0	0	0	0	0	0	0	0	0	0	0	0	0	0	0	0	0	0	0	0	0	0	0	0	0	0	0	0	0	0	0	0	0	0	0	0	0	0	0	0	0	0	0	0	0	0	0	0	0	0	0	0	0	0	0	0	0	0	0	0	0	0	0	0	0	0	0	0	0	0	0	0	0	0	0	0	0	3614	862	2806	3766	0	300	0	0	2866	1628	4842	216	6816	5186	2180	3356	0	0	118	436	0	4572	8684	0	5016	546	
