data	data	642536	265556	1.16068e+06	791112	116280	54484	623400	221080	81628	30908	243532	133368	234880	132044	171664	89840	224596	86688	911900	654936	63144	99300	528292	406056	46824	85060	60500	72196	607080	252048	387196	532384	178316	766388	74456	111740	202124	243456	66868	141900	28256	48532	145048	322124	147280	362952	248656	291480	177256	399556	443160	216620	106288	65464	353000	319696	337172	238756	243592	205564	237280	176712	104712	187436	176708	157968	265060	482368	340728	209376	223256	360036	342388	344256	46560	18416	146356	179440	116368	29192	247912	73012	99020	51200	287052	248656	24488	14272	222596	212928	410556	408656	236848	187444	47904	39440	289544	231416	429532	402940	188708	115004	274360	271100	124752	110124	28072	2020	22224	48092	215536	188728	157940	116240	96828	34688	
data	data	Precentral_L	Precentral_R	Frontal_Sup_L	Frontal_Sup_R	Frontal_Sup_Orb_L	Frontal_Sup_Orb_R	Frontal_Mid_L	Frontal_Mid_R	Frontal_Mid_Orb_L	Frontal_Mid_Orb_R	Frontal_Inf_Oper_L	Frontal_Inf_Oper_R	Frontal_Inf_Tri_L	Frontal_Inf_Tri_R	Frontal_Inf_Orb_L	Frontal_Inf_Orb_R	Rolandic_Oper_L	Rolandic_Oper_R	Supp_Motor_Area_L	Supp_Motor_Area_R	Olfactory_L	Olfactory_R	Frontal_Sup_Medial_L	Frontal_Sup_Medial_R	Frontal_Med_Orb_L	Frontal_Med_Orb_R	Rectus_L	Rectus_R	Insula_L	Insula_R	Cingulum_Ant_L	Cingulum_Ant_R	Cingulum_Mid_L	Cingulum_Mid_R	Cingulum_Post_L	Cingulum_Post_R	Hippocampus_L	Hippocampus_R	ParaHippocampal_L	ParaHippocampal_R	Amygdala_L	Amygdala_R	Calcarine_L	Calcarine_R	Cuneus_L	Cuneus_R	Lingual_L	Lingual_R	Occipital_Sup_L	Occipital_Sup_R	Occipital_Mid_L	Occipital_Mid_R	Occipital_Inf_L	Occipital_Inf_R	Fusiform_L	Fusiform_R	Postcentral_L	Postcentral_R	Parietal_Sup_L	Parietal_Sup_R	Parietal_Inf_L	Parietal_Inf_R	SupraMarginal_L	SupraMarginal_R	Angular_L	Angular_R	Precuneus_L	Precuneus_R	Paracentral_Lobule_L	Paracentral_Lobule_R	Caudate_L	Caudate_R	Putamen_L	Putamen_R	Pallidum_L	Pallidum_R	Thalamus_L	Thalamus_R	Heschl_L	Heschl_R	Temporal_Sup_L	Temporal_Sup_R	Temporal_Pole_Sup_L	Temporal_Pole_Sup_R	Temporal_Mid_L	Temporal_Mid_R	Temporal_Pole_Mid_L	Temporal_Pole_Mid_R	Temporal_Inf_L	Temporal_Inf_R	Cerebelum_Crus1_L	Cerebelum_Crus1_R	Cerebelum_Crus2_L	Cerebelum_Crus2_R	Cerebelum_3_L	Cerebelum_3_R	Cerebelum_4_5_L	Cerebelum_4_5_R	Cerebelum_6_L	Cerebelum_6_R	Cerebelum_7b_L	Cerebelum_7b_R	Cerebelum_8_L	Cerebelum_8_R	Cerebelum_9_L	Cerebelum_9_R	Cerebelum_10_L	Cerebelum_10_R	Vermis_1_2	Vermis_3	Vermis_4_5	Vermis_6	Vermis_7	Vermis_8	Vermis_9	Vermis_10	
642536	Precentral_L	0	2090	18580	5514	0	0	26764	852	0	0	15348	0	1752	154	0	0	10722	0	24872	14520	0	164	0	0	0	0	0	0	14308	736	640	864	966	10554	1036	434	8390	670	1060	0	248	0	572	0	148	514	318	0	232	602	3124	0	688	0	2090	0	32312	0	3020	0	5290	0	2608	0	294	0	3270	794	40282	1484	2364	10646	3882	3462	534	430	18894	8434	7858	0	4498	0	0	0	1042	0	0	0	344	0	0	0	0	0	0	0	0	0	0	0	0	0	0	0	0	0	0	0	0	0	0	0	0	0	0	0	
265556	Precentral_R	2090	0	750	21692	0	0	430	6330	0	0	0	2294	0	0	0	0	0	710	1416	7396	0	0	0	0	0	0	0	0	0	1580	0	0	0	9170	196	1438	198	7690	0	576	0	0	0	624	0	890	0	986	0	1158	0	380	0	436	0	802	208	22392	0	968	0	2324	0	2724	0	144	0	4210	1432	8536	190	1748	436	2780	134	0	178	9734	0	242	0	596	0	0	0	1778	0	0	0	2554	0	0	0	0	0	0	0	0	0	0	0	0	0	0	0	0	0	0	0	0	238	0	0	0	0	0	
1.16068e+06	Frontal_Sup_L	18580	750	0	10718	8666	0	94490	1830	5172	0	18750	528	15900	1162	11302	200	10336	118	107166	14708	278	0	53754	16018	2218	542	1554	0	44478	2784	23674	14840	8304	12822	0	0	2822	0	178	0	0	0	0	0	0	0	0	0	0	0	0	0	0	0	188	0	6706	0	0	0	0	0	520	0	0	0	0	0	3900	0	9528	5410	30262	3266	4546	0	3426	112	492	0	4100	0	3114	0	0	0	0	0	130	0	0	0	0	0	0	0	0	0	0	0	0	0	0	0	0	0	0	0	0	0	0	0	0	0	0	0	
791112	Frontal_Sup_R	5514	21692	10718	0	0	4572	1372	30648	0	1978	334	10058	0	6246	0	6228	0	3648	15776	57288	0	0	19774	41214	430	6452	0	3828	286	7486	8292	32026	1276	28638	212	872	478	4850	0	386	0	0	0	110	0	0	0	684	0	150	0	0	0	0	0	0	0	2858	0	268	0	616	0	298	0	0	0	1396	4788	422	392	20604	402	14806	0	252	332	13246	0	0	0	122	0	538	0	250	0	0	0	296	0	0	0	0	0	0	0	0	0	0	0	0	0	0	0	0	0	0	0	0	154	0	0	0	0	0	
116280	Frontal_Sup_Orb_L	0	0	8666	0	0	0	1390	0	9244	0	0	0	730	0	7878	0	0	0	610	0	1742	0	4168	230	3778	416	5332	0	4828	0	4958	464	0	0	0	0	0	0	0	0	0	0	0	0	0	0	0	0	0	0	0	0	0	0	0	0	0	0	0	0	0	0	0	0	0	0	0	0	0	0	1440	0	1656	0	0	0	0	0	0	0	0	0	610	0	0	0	0	0	0	0	0	0	0	0	0	0	0	0	0	0	0	0	0	0	0	0	0	0	0	0	0	0	0	0	0	0	
54484	Frontal_Sup_Orb_R	0	0	0	4572	0	0	0	422	0	2062	0	0	0	0	0	1202	0	0	0	0	0	900	186	816	0	5498	0	6928	0	774	362	302	0	0	0	0	0	0	0	0	0	0	0	0	0	0	0	0	0	0	0	0	0	0	0	0	0	0	0	0	0	0	0	0	0	0	0	0	0	0	0	1722	0	1366	0	0	0	0	0	0	0	0	0	130	0	0	0	0	0	0	0	0	0	0	0	0	0	0	0	0	0	0	0	0	0	0	0	0	0	0	0	0	0	0	0	0	
623400	Frontal_Mid_L	26764	430	94490	1372	1390	0	0	494	4254	0	14204	0	35836	0	10200	0	5884	0	26540	1750	0	0	17534	3218	338	214	134	0	24158	456	4886	2386	4346	2184	144	0	2182	0	376	0	0	0	0	0	0	0	0	0	0	0	0	0	0	0	180	0	4958	0	0	0	0	0	350	0	0	0	0	0	1058	0	1718	1682	4824	1340	264	0	4984	180	1572	0	1536	0	758	0	0	0	0	0	132	0	0	0	0	0	0	0	0	0	0	0	0	0	0	0	0	0	0	0	0	0	0	0	0	0	0	0	
221080	Frontal_Mid_R	852	6330	1830	30648	0	422	494	0	0	2106	252	8546	0	10776	0	6024	0	974	5024	6274	0	0	772	1536	0	0	0	0	132	3498	792	2168	146	6316	0	0	0	386	0	0	0	0	0	0	0	120	0	0	0	228	0	0	0	0	0	128	138	2212	0	576	0	840	0	1210	0	0	0	554	232	160	410	1378	660	3182	0	242	0	748	0	0	0	0	0	0	0	610	0	0	0	614	0	0	0	0	0	0	0	0	0	0	0	0	0	0	0	0	0	0	0	0	0	0	0	0	0	0	
81628	Frontal_Mid_Orb_L	0	0	5172	0	9244	0	4254	0	0	0	0	0	1486	0	12432	0	0	0	302	0	168	0	328	0	660	0	1418	0	3910	0	294	0	0	0	0	0	0	0	0	0	0	0	0	0	0	0	0	0	0	0	0	0	0	0	0	0	0	0	0	0	0	0	0	0	0	0	0	0	0	0	0	0	324	0	0	0	0	0	0	0	0	0	822	0	0	0	0	0	0	0	0	0	0	0	0	0	0	0	0	0	0	0	0	0	0	0	0	0	0	0	0	0	0	0	0	0	
30908	Frontal_Mid_Orb_R	0	0	0	1978	0	2062	0	2106	0	0	0	0	0	438	0	5562	0	0	0	214	0	0	0	0	0	252	0	412	0	658	0	0	0	0	0	0	0	0	0	0	0	0	0	0	0	0	0	0	0	0	0	0	0	0	0	0	0	0	0	0	0	0	0	0	0	0	0	0	0	0	0	806	0	966	0	0	0	0	0	0	0	0	0	0	0	0	0	0	0	0	0	0	0	0	0	0	0	0	0	0	0	0	0	0	0	0	0	0	0	0	0	0	0	0	0	0	
243532	Frontal_Inf_Oper_L	15348	0	18750	334	0	0	14204	252	0	0	0	310	11206	410	474	0	7556	0	16112	216	0	0	770	0	0	0	0	0	15940	160	1914	1394	902	218	0	0	202	0	0	0	0	0	0	0	0	0	0	0	0	0	0	0	0	0	0	0	4594	0	0	0	0	0	494	0	0	0	0	0	0	0	1298	498	2506	794	0	0	0	0	598	0	1774	0	2538	0	0	0	0	0	0	0	0	0	0	0	0	0	0	0	0	0	0	0	0	0	0	0	0	0	0	0	0	0	0	0	0	0	
133368	Frontal_Inf_Oper_R	0	2294	528	10058	0	0	0	8546	0	0	310	0	0	5838	0	0	0	6118	1906	8680	0	0	0	0	0	0	0	0	150	8084	0	122	0	3578	0	0	0	698	0	162	0	0	0	252	0	396	0	0	0	600	0	0	0	0	0	0	0	432	0	0	0	0	0	0	0	0	0	1506	0	414	0	0	0	3530	0	0	0	0	0	528	0	444	0	800	0	322	0	0	0	388	0	0	0	0	0	0	0	0	0	0	0	0	0	0	0	0	0	0	0	0	0	0	0	0	0	0	
234880	Frontal_Inf_Tri_L	1752	0	15900	0	730	0	35836	0	1486	0	11206	0	0	0	12420	0	2274	0	4102	0	186	0	2186	240	0	0	0	0	22050	0	1436	324	1660	0	0	0	0	0	0	0	0	0	0	0	0	0	0	0	0	0	0	0	0	0	0	0	952	0	0	0	0	0	0	0	0	0	0	0	0	0	356	0	572	0	0	0	0	0	0	0	452	0	1320	0	0	0	0	0	0	0	0	0	0	0	0	0	0	0	0	0	0	0	0	0	0	0	0	0	0	0	0	0	0	0	0	0	
132044	Frontal_Inf_Tri_R	154	0	1162	6246	0	0	0	10776	0	438	410	5838	0	0	0	4100	110	1214	1894	2778	0	0	112	146	0	0	0	0	128	14556	1486	6034	0	2880	0	0	0	196	0	0	0	0	0	0	0	0	0	0	0	0	0	0	0	0	0	0	0	0	0	0	0	0	0	0	0	0	0	0	0	0	886	1870	1016	1328	0	0	0	0	0	264	0	0	0	0	0	0	0	0	0	0	0	0	0	0	0	0	0	0	0	0	0	0	0	0	0	0	0	0	0	0	0	0	0	0	0	0	
171664	Frontal_Inf_Orb_L	0	0	11302	0	7878	0	10200	0	12432	0	474	0	12420	0	0	0	0	0	764	0	1748	0	544	0	0	0	820	0	19496	0	250	0	0	0	0	0	118	0	0	0	128	0	0	0	0	0	0	0	0	0	0	0	0	0	0	0	0	0	0	0	0	0	0	0	0	0	0	0	0	0	1202	0	2610	0	0	0	0	0	0	0	0	0	3446	0	0	0	0	0	0	0	0	0	0	0	0	0	0	0	0	0	0	0	0	0	0	0	0	0	0	0	0	0	0	0	0	0	
89840	Frontal_Inf_Orb_R	0	0	200	6228	0	1202	0	6024	0	5562	0	0	0	4100	0	0	0	0	498	914	0	1876	0	164	0	0	0	1172	0	6252	0	1196	0	748	0	0	0	0	0	156	0	0	0	0	0	0	0	0	0	0	0	0	0	0	0	0	0	0	0	0	0	0	0	0	0	0	0	0	0	0	174	2948	144	4900	0	0	0	0	0	0	0	0	0	462	0	0	0	0	0	0	0	0	0	0	0	0	0	0	0	0	0	0	0	0	0	0	0	0	0	0	0	0	0	0	0	0	
224596	Rolandic_Oper_L	10722	0	10336	0	0	0	5884	0	0	0	7556	0	2274	110	0	0	0	0	8432	0	0	0	0	0	0	0	0	0	18236	0	0	0	318	0	0	0	632	0	0	0	0	0	388	0	184	0	0	0	186	0	2948	0	288	0	362	0	12360	0	1124	0	210	0	3926	0	0	0	898	0	670	0	206	0	114	0	0	0	412	0	4314	0	14838	0	764	0	2918	0	0	0	688	0	0	0	0	0	0	0	0	0	0	0	0	0	0	0	0	0	0	0	0	0	0	0	0	0	0	0	
86688	Rolandic_Oper_R	0	710	118	3648	0	0	0	974	0	0	0	6118	0	1214	0	0	0	0	242	2300	0	0	0	0	0	0	0	0	0	7566	0	0	0	1176	0	0	0	1438	0	142	0	0	0	112	0	0	0	0	0	150	0	0	0	0	0	180	0	1978	0	0	0	0	0	1292	0	0	0	616	0	824	0	0	0	4650	0	176	0	0	0	3728	0	3022	0	970	0	0	0	0	0	0	0	0	0	0	0	0	0	0	0	0	0	0	0	0	0	0	0	0	0	0	0	0	0	0	0	0	
911900	Supp_Motor_Area_L	24872	1416	107166	15776	610	0	26540	5024	302	0	16112	1906	4102	1894	764	498	8432	242	0	40812	0	0	11482	5230	214	136	0	0	29136	3940	5712	8934	12624	29506	788	0	2076	130	0	0	118	0	0	128	422	154	0	0	0	338	120	0	0	0	190	0	5980	128	0	0	0	0	358	0	0	0	892	1240	16740	892	9696	4840	25282	3700	4740	0	6600	130	396	0	3706	0	2412	0	0	112	0	0	126	134	0	0	0	0	0	0	0	0	0	0	0	0	0	0	0	0	0	0	0	0	0	0	0	0	0	0	
654936	Supp_Motor_Area_R	14520	7396	14708	57288	0	0	1750	6274	0	214	216	8680	0	2778	0	914	0	2300	40812	0	0	0	2858	8560	0	0	0	0	294	3790	1750	14552	4238	53174	3050	1640	2750	5178	1002	170	0	0	0	234	138	224	0	306	0	444	1870	0	0	0	0	332	262	1236	0	0	0	0	0	618	810	0	274	2104	13208	12108	274	11406	296	4082	0	0	354	14224	388	0	0	256	0	278	0	326	0	0	132	428	0	0	0	0	0	0	0	0	0	0	0	0	0	0	0	0	0	0	0	0	0	0	0	0	0	0	
63144	Olfactory_L	0	0	278	0	1742	0	0	0	168	0	0	0	186	0	1748	0	0	0	0	0	0	4550	0	0	0	0	2580	0	3622	0	2698	956	0	0	0	0	120	0	0	0	192	0	0	0	0	0	0	0	0	0	0	0	0	0	0	0	0	0	0	0	0	0	0	0	0	0	0	0	0	0	6276	2198	2042	1360	216	0	360	0	0	0	0	0	280	0	0	0	0	0	0	0	0	0	0	0	0	0	0	0	0	0	0	0	0	0	0	0	0	0	0	0	0	0	0	0	0	0	
99300	Olfactory_R	164	0	0	0	0	900	0	0	0	0	0	0	0	0	0	1876	0	0	0	0	4550	0	246	158	0	222	2400	1738	714	3348	3716	2586	0	0	0	0	0	146	0	0	0	0	0	0	0	0	0	0	0	0	0	0	0	0	0	0	0	0	0	0	0	0	0	0	0	0	0	0	0	0	8074	8368	3800	5578	250	0	236	414	0	0	0	0	0	166	0	0	0	0	0	0	0	0	0	0	0	0	0	0	0	0	0	0	0	0	0	0	0	0	0	0	0	0	0	0	0	0	
528292	Frontal_Sup_Medial_L	0	0	53754	19774	4168	186	17534	772	328	0	770	0	2186	112	544	0	0	0	11482	2858	0	246	0	40482	4144	2992	808	340	4138	126	37120	28100	8420	17702	0	0	0	0	0	0	0	0	0	0	0	0	0	0	0	0	0	0	0	0	0	0	0	0	0	0	0	0	0	0	0	0	0	0	0	0	1330	1118	2164	448	0	0	0	0	0	0	0	0	0	0	0	0	0	0	0	0	0	0	0	0	0	0	0	0	0	0	0	0	0	0	0	0	0	0	0	0	0	0	0	0	0	0	
406056	Frontal_Sup_Medial_R	0	0	16018	41214	230	816	3218	1536	0	0	0	0	240	146	0	164	0	0	5230	8560	0	158	40482	0	550	4202	0	1248	664	186	12934	28900	1448	25544	0	0	0	0	0	0	0	0	0	0	0	0	0	0	0	0	0	0	0	0	0	0	0	0	0	0	0	0	0	0	0	0	0	0	140	0	0	5512	0	3688	0	0	0	0	0	0	0	0	0	0	0	0	0	0	0	0	0	0	0	0	0	0	0	0	0	0	0	0	0	0	0	0	0	0	0	0	0	0	0	0	0	0	
46824	Frontal_Med_Orb_L	0	0	2218	430	3778	0	338	0	660	0	0	0	0	0	0	0	0	0	214	0	0	0	4144	550	0	1196	2822	0	386	0	5472	812	0	0	0	0	0	0	0	0	0	0	0	0	0	0	0	0	0	0	0	0	0	0	0	0	0	0	0	0	0	0	0	0	0	0	0	0	0	0	114	0	278	0	0	0	0	0	0	0	0	0	0	0	0	0	0	0	0	0	0	0	0	0	0	0	0	0	0	0	0	0	0	0	0	0	0	0	0	0	0	0	0	0	0	0	
85060	Frontal_Med_Orb_R	0	0	542	6452	416	5498	214	0	0	252	0	0	0	0	0	0	0	0	136	0	0	222	2992	4202	1196	0	0	8866	230	0	3496	5578	0	0	0	0	0	0	0	0	0	0	0	0	0	0	0	0	0	0	0	0	0	0	0	0	0	0	0	0	0	0	0	0	0	0	0	0	0	0	0	1260	0	978	0	0	0	0	0	0	0	0	0	0	0	0	0	0	0	0	0	0	0	0	0	0	0	0	0	0	0	0	0	0	0	0	0	0	0	0	0	0	0	0	0	0	
60500	Rectus_L	0	0	1554	0	5332	0	134	0	1418	0	0	0	0	0	820	0	0	0	0	0	2580	2400	808	0	2822	0	0	0	1208	0	3718	980	0	0	0	0	0	0	0	0	0	0	0	0	0	0	0	0	0	0	0	0	0	0	0	0	0	0	0	0	0	0	0	0	0	0	0	0	0	0	2838	1416	1328	760	0	0	0	0	0	0	0	0	134	0	0	0	0	0	0	0	0	0	0	0	0	0	0	0	0	0	0	0	0	0	0	0	0	0	0	0	0	0	0	0	0	0	
72196	Rectus_R	0	0	0	3828	0	6928	0	0	0	412	0	0	0	0	0	1172	0	0	0	0	0	1738	340	1248	0	8866	0	0	0	1114	722	4914	0	0	0	0	0	0	0	0	0	0	0	0	0	0	0	0	0	0	0	0	0	0	0	0	0	0	0	0	0	0	0	0	0	0	0	0	0	0	0	2578	0	2052	0	0	0	0	0	0	0	0	0	186	0	0	0	0	0	0	0	0	0	0	0	0	0	0	0	0	0	0	0	0	0	0	0	0	0	0	0	0	0	0	0	0	
607080	Insula_L	14308	0	44478	286	4828	0	24158	132	3910	0	15940	150	22050	128	19496	0	18236	0	29136	294	3622	714	4138	664	386	230	1208	0	0	118	3798	1450	1462	160	176	0	9560	0	258	0	372	0	638	0	150	0	196	0	206	0	2686	0	754	0	3516	0	5504	0	340	0	174	0	698	0	0	0	434	0	384	0	5168	910	20846	802	288	0	2722	118	11306	0	8658	0	8076	0	2108	0	0	0	1012	0	0	0	0	0	0	0	0	0	0	0	0	0	0	0	0	0	0	0	0	0	0	0	0	0	0	0	
252048	Insula_R	736	1580	2784	7486	0	774	456	3498	0	658	160	8084	0	14556	0	6252	0	7566	3940	3790	0	3348	126	186	0	0	0	1114	118	0	1026	5912	146	2870	0	146	0	4732	0	694	0	214	0	0	0	0	0	0	0	0	0	0	0	0	0	760	0	570	0	0	0	0	0	0	0	0	0	156	242	0	2484	5684	2578	23740	0	0	0	462	0	2496	0	2282	0	1084	0	380	0	0	0	154	0	0	0	0	0	0	0	0	0	0	0	0	0	0	0	0	0	0	0	0	0	0	0	0	0	0	
387196	Cingulum_Ant_L	640	0	23674	8292	4958	362	4886	792	294	0	1914	0	1436	1486	250	0	0	0	5712	1750	2698	3716	37120	12934	5472	3496	3718	722	3798	1026	0	32888	5052	9002	0	0	0	0	0	0	0	0	0	0	0	0	0	0	0	0	0	0	0	0	0	0	0	0	0	0	0	0	0	0	0	0	0	0	0	0	4626	3288	5496	2100	0	0	0	0	0	0	0	0	0	0	0	0	0	0	0	0	0	0	0	0	0	0	0	0	0	0	0	0	0	0	0	0	0	0	0	0	0	0	0	0	0	0	
532384	Cingulum_Ant_R	864	0	14840	32026	464	302	2386	2168	0	0	1394	122	324	6034	0	1196	0	0	8934	14552	956	2586	28100	28900	812	5578	980	4914	1450	5912	32888	0	3154	29544	0	0	0	110	0	0	0	0	0	0	0	0	0	0	0	0	0	0	0	0	0	0	0	0	0	0	0	0	0	0	0	0	0	0	184	0	2692	19330	2352	9926	0	218	0	0	0	0	0	0	0	0	0	0	0	0	0	0	0	0	0	0	0	0	0	0	0	0	0	0	0	0	0	0	0	0	0	0	0	0	0	0	0	0	
178316	Cingulum_Mid_L	966	0	8304	1276	0	0	4346	146	0	0	902	0	1660	0	0	0	318	0	12624	4238	0	0	8420	1448	0	0	0	0	1462	146	5052	3154	0	8840	2494	408	0	0	0	0	0	0	0	0	916	134	0	0	872	216	3240	0	122	0	0	0	476	0	956	0	660	0	116	0	1980	0	5230	720	1474	444	0	0	0	248	0	0	0	0	0	0	454	0	0	0	3674	0	0	0	1022	0	0	0	0	0	0	0	0	0	0	0	0	0	0	0	0	0	0	0	0	0	0	0	0	0	0	0	
766388	Cingulum_Mid_R	10554	9170	12822	28638	0	0	2184	6316	0	0	218	3578	0	2880	0	748	0	1176	29506	53174	0	0	17702	25544	0	0	0	0	160	2870	9002	29544	8840	0	1324	7166	0	1310	0	156	0	0	0	4288	0	4776	0	752	0	6810	1850	1216	0	534	0	996	148	10562	0	1534	0	2970	0	4788	806	1268	856	24560	11268	25092	0	1784	124	1670	0	0	0	1616	0	164	0	1092	0	0	0	2864	0	0	0	4224	0	0	0	0	0	0	0	0	0	0	0	0	0	0	0	0	0	0	0	0	0	0	0	0	0	0	
74456	Cingulum_Post_L	1036	196	0	212	0	0	144	0	0	0	0	0	0	0	0	0	0	0	788	3050	0	0	0	0	0	0	0	0	176	0	0	0	2494	1324	0	5344	4218	1602	1430	0	0	0	2538	0	930	0	754	0	0	0	266	0	0	0	936	0	0	312	0	0	0	0	0	0	0	0	4672	178	696	878	0	0	0	0	0	0	0	2336	572	0	0	0	0	0	0	0	0	0	146	0	0	0	0	0	0	0	0	0	0	0	0	0	0	0	0	0	0	0	0	0	0	0	0	0	0	0	
111740	Cingulum_Post_R	434	1438	0	872	0	0	0	0	0	0	0	0	0	0	0	0	0	0	0	1640	0	0	0	0	0	0	0	0	0	146	0	0	408	7166	5344	0	1108	5048	282	292	0	0	0	5324	0	1426	0	3450	0	1348	208	218	0	242	0	912	0	948	0	0	0	0	0	0	0	122	328	11606	270	1224	0	0	0	108	0	0	0	1324	114	262	0	274	0	0	0	362	0	0	0	562	0	0	0	0	0	0	0	0	0	0	0	0	0	0	0	0	0	0	0	0	1060	0	0	0	0	0	
202124	Hippocampus_L	8390	198	2822	478	0	0	2182	0	0	0	202	0	0	0	118	0	632	0	2076	2750	120	0	0	0	0	0	0	0	9560	0	0	0	0	0	4218	1108	0	1558	10884	0	5680	0	1252	0	0	0	2728	200	0	0	0	0	0	0	10182	0	904	0	0	0	0	0	0	0	0	0	2046	0	970	0	458	246	5942	0	668	0	5328	3218	3280	0	1608	0	1920	0	320	0	0	0	5660	0	230	0	0	0	0	0	606	0	320	0	0	0	0	0	0	0	0	0	0	0	0	0	0	0	0	0	
243456	Hippocampus_R	670	7690	0	4850	0	0	0	386	0	0	0	698	0	196	0	0	0	1438	130	5178	0	146	0	0	0	0	0	0	0	4732	0	110	0	1310	1602	5048	1558	0	576	19022	0	7590	0	896	0	0	0	5970	0	0	0	0	0	156	0	16068	0	732	0	0	0	0	0	0	0	0	0	5500	290	786	0	210	0	13464	0	770	0	5112	150	910	0	782	0	704	0	1126	0	0	0	2366	0	0	0	0	0	0	0	1124	0	252	0	0	0	0	0	0	0	0	0	0	1430	0	0	0	0	0	
66868	ParaHippocampal_L	1060	0	178	0	0	0	376	0	0	0	0	0	0	0	0	0	0	0	0	1002	0	0	0	0	0	0	0	0	258	0	0	0	0	0	1430	282	10884	576	0	0	734	0	488	0	0	0	2322	206	0	0	0	0	0	0	4468	0	0	0	0	0	0	0	0	0	0	0	1142	0	0	0	0	0	1126	0	0	0	974	1016	0	0	0	0	562	0	0	0	338	0	1228	0	322	0	0	0	442	188	676	0	382	0	0	0	0	0	0	0	0	0	274	500	0	0	0	0	0	0	
141900	ParaHippocampal_R	0	576	0	386	0	0	0	0	0	0	0	162	0	0	0	156	0	142	0	170	0	0	0	0	0	0	0	0	0	694	0	0	0	156	0	292	0	19022	0	0	0	7292	0	392	0	0	0	5274	0	0	0	0	0	0	0	15000	0	0	0	0	0	0	0	0	0	0	0	2756	0	0	0	0	0	3398	0	744	0	870	0	172	0	136	0	4672	0	496	0	1474	0	790	0	746	0	0	0	396	0	2684	0	1444	0	0	0	0	0	0	0	0	0	0	458	0	0	0	0	0	
28256	Amygdala_L	248	0	0	0	0	0	0	0	0	0	0	0	0	0	128	0	0	0	118	0	192	0	0	0	0	0	0	0	372	0	0	0	0	0	0	0	5680	0	734	0	0	0	0	0	0	0	0	0	0	0	0	0	0	0	3098	0	0	0	0	0	0	0	0	0	0	0	0	0	108	0	0	0	168	0	0	0	798	0	0	0	0	0	756	0	0	0	302	0	1426	0	0	0	0	0	0	0	0	0	0	0	0	0	0	0	0	0	0	0	0	0	0	0	0	0	0	0	
48532	Amygdala_R	0	0	0	0	0	0	0	0	0	0	0	0	0	0	0	0	0	0	0	0	0	0	0	0	0	0	0	0	0	214	0	0	0	0	0	0	0	7590	0	7292	0	0	0	0	0	0	0	0	0	0	0	0	0	0	0	4644	0	0	0	0	0	0	0	0	0	0	0	0	0	0	0	0	0	980	0	0	0	0	0	0	0	0	0	3122	0	0	0	424	0	0	0	0	0	0	0	0	0	0	0	0	0	0	0	0	0	0	0	0	0	0	0	0	0	0	0	0	
145048	Calcarine_L	572	0	0	0	0	0	0	0	0	0	0	0	0	0	0	0	388	0	0	0	0	0	0	0	0	0	0	0	638	0	0	0	0	0	2538	0	1252	0	488	0	0	0	0	2704	10520	2156	6740	1324	8016	718	13380	148	4776	0	2620	0	192	0	234	0	0	0	0	0	214	0	9226	0	144	0	0	0	0	0	0	0	0	0	640	0	526	0	0	0	2044	0	0	0	152	0	174	0	0	0	0	0	0	0	0	0	0	0	0	0	0	0	0	0	0	0	0	0	0	0	0	0	
322124	Calcarine_R	0	624	0	110	0	0	0	0	0	0	0	252	0	0	0	0	0	112	128	234	0	0	0	0	0	0	0	0	0	0	0	0	0	4288	0	5324	0	896	0	392	0	0	2704	0	3014	29740	836	24924	0	24344	0	12602	0	3578	0	9604	0	1550	0	1634	0	658	0	906	0	322	814	23968	0	2156	0	0	0	0	0	0	0	0	0	0	0	188	0	0	0	2256	0	0	0	2904	0	0	0	0	0	0	0	0	0	0	0	0	0	0	0	0	0	0	0	0	0	0	0	0	0	0	
147280	Cuneus_L	148	0	0	0	0	0	0	0	0	0	0	0	0	0	0	0	184	0	422	138	0	0	0	0	0	0	0	0	150	0	0	0	916	0	930	0	0	0	0	0	0	0	10520	3014	0	5252	284	318	17792	822	11706	114	2100	0	686	0	126	0	2636	0	0	0	0	0	614	0	11102	280	374	0	0	0	0	0	0	0	0	0	128	0	234	0	0	0	2376	0	0	0	274	0	0	0	0	0	0	0	0	0	0	0	0	0	0	0	0	0	0	0	0	0	0	0	0	0	0	0	
362952	Cuneus_R	514	890	0	0	0	0	0	120	0	0	0	396	0	0	0	0	0	0	154	224	0	0	0	0	0	0	0	0	0	0	0	0	134	4776	0	1426	0	0	0	0	0	0	2156	29740	5252	0	408	7558	0	48688	0	13548	0	814	0	2552	0	2504	0	8718	0	1170	0	1246	0	1426	1076	35128	524	2090	0	0	0	0	0	0	0	190	0	0	0	216	0	0	0	4398	0	0	0	3440	0	0	0	0	0	0	0	0	0	0	0	0	0	0	0	0	0	0	0	0	0	0	0	0	0	0	
248656	Lingual_L	318	0	0	0	0	0	0	0	0	0	0	0	0	0	0	0	0	0	0	0	0	0	0	0	0	0	0	0	196	0	0	0	0	0	754	0	2728	0	2322	0	0	0	6740	836	284	408	0	996	1624	392	5276	0	4304	0	21236	0	0	0	0	0	0	0	0	0	0	0	2898	0	0	0	0	0	0	0	0	0	446	0	178	0	0	0	0	0	0	0	0	0	888	0	15920	348	1252	170	492	0	16604	724	23924	376	186	0	746	0	402	0	218	0	0	130	4170	5274	568	0	0	0	
291480	Lingual_R	0	986	0	684	0	0	0	0	0	0	0	0	0	0	0	0	0	0	0	306	0	0	0	0	0	0	0	0	0	0	0	0	0	752	0	3450	200	5970	206	5274	0	0	1324	24924	318	7558	996	0	0	10362	0	6608	0	4394	388	17052	0	370	0	186	0	168	0	196	0	114	0	11894	0	446	0	0	0	466	0	0	0	1118	0	0	0	0	0	0	0	2016	0	0	0	868	412	7212	0	480	0	160	610	5472	776	10378	0	0	0	0	0	0	0	0	0	0	4120	5378	1148	0	0	0	
177256	Occipital_Sup_L	232	0	0	0	0	0	0	0	0	0	0	0	0	0	0	0	186	0	0	0	0	0	0	0	0	0	0	0	206	0	0	0	872	0	0	0	0	0	0	0	0	0	8016	0	17792	0	1624	0	0	0	29096	0	2062	0	846	0	592	0	9002	0	744	0	0	0	1998	0	10532	0	446	0	0	0	0	0	0	0	0	0	132	0	246	0	0	0	3724	0	0	0	280	0	0	0	0	0	0	0	0	0	0	0	0	0	0	0	0	0	0	0	0	0	0	0	0	0	0	0	
399556	Occipital_Sup_R	602	1158	0	150	0	0	0	228	0	0	0	600	0	0	0	0	0	150	338	444	0	0	0	0	0	0	0	0	0	0	0	0	216	6810	0	1348	0	0	0	0	0	0	718	24344	822	48688	392	10362	0	0	0	28074	0	1160	0	3346	0	2918	0	14426	0	1562	0	1736	0	4064	628	33250	616	3076	0	126	0	0	0	0	0	262	0	0	0	270	0	0	0	4628	0	0	0	2266	0	0	0	0	0	0	0	0	0	0	0	0	0	0	0	0	0	0	0	0	0	0	0	0	0	0	
443160	Occipital_Mid_L	3124	0	0	0	0	0	0	0	0	0	0	0	0	0	0	0	2948	0	120	1870	0	0	0	0	0	0	0	0	2686	0	0	0	3240	1850	266	208	0	0	0	0	0	0	13380	0	11706	0	5276	0	29096	0	0	0	16788	0	5810	0	5228	0	22240	0	12838	0	3064	0	23782	0	13258	108	2970	1242	0	0	0	0	0	0	0	0	2392	0	4614	0	0	0	25382	0	0	0	6094	0	0	0	0	0	0	0	0	0	0	0	0	0	0	0	0	0	0	0	0	0	0	0	0	0	0	0	
216620	Occipital_Mid_R	0	380	0	0	0	0	0	0	0	0	0	0	0	0	0	0	0	0	0	0	0	0	0	0	0	0	0	0	0	0	0	0	0	1216	0	218	0	0	0	0	0	0	148	12602	114	13548	0	6608	0	28074	0	0	0	2742	0	2914	0	712	0	7052	0	1496	0	202	0	10704	122	9188	0	798	0	0	0	0	0	0	0	0	0	0	0	140	0	0	0	8658	0	0	0	674	0	0	0	0	0	0	0	0	0	0	0	0	0	0	0	0	0	0	0	0	0	0	0	0	0	0	
106288	Occipital_Inf_L	688	0	0	0	0	0	0	0	0	0	0	0	0	0	0	0	288	0	0	0	0	0	0	0	0	0	0	0	754	0	0	0	122	0	0	0	0	0	0	0	0	0	4776	0	2100	0	4304	0	2062	0	16788	0	0	0	8358	0	266	0	138	0	302	0	250	0	564	0	860	0	0	0	0	0	0	0	0	0	0	0	1192	0	910	0	0	0	4756	0	0	0	2978	0	136	0	0	0	0	0	0	0	430	0	0	0	0	0	0	0	0	0	0	0	0	122	0	0	0	0	
65464	Occipital_Inf_R	0	436	0	0	0	0	0	0	0	0	0	0	0	0	0	0	0	0	0	0	0	0	0	0	0	0	0	0	0	0	0	0	0	534	0	242	0	156	0	0	0	0	0	3578	0	814	0	4394	0	1160	0	2742	0	0	0	7300	0	446	0	0	0	0	0	118	0	0	0	1322	0	446	0	0	0	0	0	0	0	0	0	0	0	294	0	0	0	1360	0	0	0	3632	0	398	0	0	0	0	0	364	0	2006	0	0	0	0	0	0	0	0	0	0	298	692	0	0	0	0	
353000	Fusiform_L	2090	0	188	0	0	0	180	0	0	0	0	0	0	0	0	0	362	0	190	0	0	0	0	0	0	0	0	0	3516	0	0	0	0	0	936	0	10182	0	4468	0	3098	0	2620	0	686	0	21236	388	846	0	5810	0	8358	0	0	0	660	0	182	0	130	0	202	0	0	0	744	0	226	0	0	0	872	0	0	0	464	0	3154	0	3628	0	2630	0	2690	0	1742	0	17276	0	23106	342	3218	178	308	0	10882	602	29364	380	310	0	234	0	216	0	0	0	0	0	1548	5524	534	0	0	0	
319696	Fusiform_R	0	802	0	0	0	0	0	128	0	0	0	0	0	0	0	0	0	180	0	332	0	0	0	0	0	0	0	0	0	760	0	0	0	996	0	912	0	16068	0	15000	0	4644	0	9604	0	2552	0	17052	0	3346	0	2914	0	7300	0	0	0	790	0	114	0	234	0	426	0	0	0	2494	0	800	0	0	0	3482	0	618	0	0	0	176	0	770	0	3660	0	3506	0	864	0	10940	0	13952	0	602	0	820	0	8010	122	18042	0	152	0	898	0	0	0	0	0	200	1484	3054	1048	0	0	0	
337172	Postcentral_L	32312	208	6706	0	0	0	4958	138	0	0	4594	0	952	0	0	0	12360	0	5980	262	0	0	0	0	0	0	0	0	5504	0	0	0	476	148	0	0	904	0	0	0	0	0	192	0	126	0	0	0	592	0	5228	0	266	0	660	0	0	0	14384	0	26802	0	5862	0	4820	0	10456	0	13544	0	0	0	0	0	0	0	134	0	2618	0	5452	0	0	0	964	0	0	0	984	0	0	0	0	0	0	0	0	0	0	0	0	0	0	0	0	0	0	0	0	0	0	0	0	0	0	0	
238756	Postcentral_R	0	22392	0	2858	0	0	0	2212	0	0	0	432	0	0	0	0	0	1978	128	1236	0	0	0	0	0	0	0	0	0	570	0	0	0	10562	312	948	0	732	0	0	0	0	0	1550	0	2504	0	370	0	2918	0	712	0	446	0	790	0	0	0	9046	0	8662	0	12466	0	3148	0	6540	0	12608	0	0	0	858	0	0	0	328	0	0	0	912	0	0	0	5692	0	0	0	5468	0	0	0	0	0	0	0	0	0	0	0	0	0	0	0	0	0	0	0	0	0	0	0	0	0	0	
243592	Parietal_Sup_L	3020	0	0	0	0	0	0	0	0	0	0	0	0	0	0	0	1124	0	0	0	0	0	0	0	0	0	0	0	340	0	0	0	956	0	0	0	0	0	0	0	0	0	234	0	2636	0	0	0	9002	0	22240	0	138	0	182	0	14384	0	0	0	18280	0	3256	0	10986	0	16858	0	9758	0	0	0	0	0	0	0	0	0	0	0	1692	0	0	0	3528	0	0	0	3182	0	0	0	0	0	0	0	0	0	0	0	0	0	0	0	0	0	0	0	0	0	0	0	0	0	0	0	
205564	Parietal_Sup_R	0	968	0	268	0	0	0	576	0	0	0	0	0	0	0	0	0	0	0	0	0	0	0	0	0	0	0	0	0	0	0	0	0	1534	0	0	0	0	0	0	0	0	0	1634	0	8718	0	186	0	14426	0	7052	0	0	0	114	0	9046	0	0	0	12510	0	9518	0	12396	0	13476	0	1164	0	0	0	0	0	0	0	0	0	0	0	510	0	0	0	5334	0	0	0	3352	0	0	0	0	0	0	0	0	0	0	0	0	0	0	0	0	0	0	0	0	0	0	0	0	0	0	
237280	Parietal_Inf_L	5290	0	0	0	0	0	0	0	0	0	0	0	0	0	0	0	210	0	0	0	0	0	0	0	0	0	0	0	174	0	0	0	660	0	0	0	0	0	0	0	0	0	0	0	0	0	0	0	744	0	12838	0	302	0	130	0	26802	0	18280	0	0	0	10764	0	18982	0	6394	0	9132	0	0	0	0	0	0	0	0	0	0	0	1746	0	0	0	3782	0	0	0	2410	0	0	0	0	0	0	0	0	0	0	0	0	0	0	0	0	0	0	0	0	0	0	0	0	0	0	0	
176712	Parietal_Inf_R	0	2324	0	616	0	0	0	840	0	0	0	0	0	0	0	0	0	0	0	0	0	0	0	0	0	0	0	0	0	0	0	0	0	2970	0	0	0	0	0	0	0	0	0	658	0	1170	0	168	0	1562	0	1496	0	0	0	234	0	8662	0	12510	0	0	0	16654	0	17100	0	3648	0	1016	0	0	0	0	0	0	0	0	0	0	0	856	0	0	0	9828	0	0	0	6044	0	0	0	0	0	0	0	0	0	0	0	0	0	0	0	0	0	0	0	0	0	0	0	0	0	0	
104712	SupraMarginal_L	2608	0	520	0	0	0	350	0	0	0	494	0	0	0	0	0	3926	0	358	0	0	0	0	0	0	0	0	0	698	0	0	0	116	0	0	0	0	0	0	0	0	0	0	0	0	0	0	0	0	0	3064	0	250	0	202	0	5862	0	3256	0	10764	0	0	0	4168	0	932	0	942	0	0	0	0	0	0	0	0	0	184	0	8230	0	0	0	4622	0	0	0	810	0	0	0	0	0	0	0	0	0	0	0	0	0	0	0	0	0	0	0	0	0	0	0	0	0	0	0	
187436	SupraMarginal_R	0	2724	0	298	0	0	0	1210	0	0	0	0	0	0	0	0	0	1292	0	618	0	0	0	0	0	0	0	0	0	0	0	0	0	4788	0	0	0	0	0	0	0	0	0	906	0	1246	0	196	0	1736	0	202	0	118	0	426	0	12466	0	9518	0	16654	0	0	0	8560	0	4766	0	3336	0	0	0	0	0	0	0	0	0	0	0	2884	0	0	0	11612	0	0	0	8162	0	0	0	0	0	0	0	0	0	0	0	0	0	0	0	0	0	0	0	0	0	0	0	0	0	0	
176708	Angular_L	294	0	0	0	0	0	0	0	0	0	0	0	0	0	0	0	0	0	0	810	0	0	0	0	0	0	0	0	0	0	0	0	1980	806	0	0	0	0	0	0	0	0	214	0	614	0	0	0	1998	0	23782	0	564	0	0	0	4820	0	10986	0	18982	0	4168	0	0	0	3438	0	2248	462	0	0	0	0	0	0	0	0	0	0	1324	0	0	0	8624	0	0	0	2240	0	0	0	0	0	0	0	0	0	0	0	0	0	0	0	0	0	0	0	0	0	0	0	0	0	0	0	
157968	Angular_R	0	144	0	0	0	0	0	0	0	0	0	0	0	0	0	0	0	0	0	0	0	0	0	0	0	0	0	0	0	0	0	0	0	1268	0	122	0	0	0	0	0	0	0	322	0	1426	0	114	0	4064	0	10704	0	0	0	0	0	3148	0	12396	0	17100	0	8560	0	0	0	3074	0	332	0	0	0	0	0	0	0	0	0	0	0	1342	0	0	0	10358	0	0	0	4510	0	0	0	0	0	0	0	0	0	0	0	0	0	0	0	0	0	0	0	0	0	0	0	0	0	0	
265060	Precuneus_L	3270	0	0	0	0	0	0	0	0	0	0	0	0	0	0	0	898	0	892	274	0	0	0	0	0	0	0	0	434	0	0	0	5230	856	4672	328	2046	0	1142	0	0	0	9226	814	11102	1076	2898	0	10532	628	13258	122	860	0	744	0	10456	0	16858	0	6394	0	932	0	3438	0	0	3430	10968	304	0	0	0	0	0	0	0	0	284	0	1408	0	0	0	4366	0	0	0	1968	0	0	0	0	0	0	0	422	0	0	0	0	0	0	0	0	0	0	0	0	0	0	0	0	0	0	0	
482368	Precuneus_R	794	4210	0	1396	0	0	0	554	0	0	0	1506	0	0	0	0	0	616	1240	2104	0	0	0	0	0	0	0	0	0	156	0	0	720	24560	178	11606	0	5500	0	2756	0	0	0	23968	280	35128	0	11894	0	33250	108	9188	0	1322	0	2494	0	6540	0	13476	0	3648	0	4766	0	3074	3430	0	766	12144	0	208	0	114	0	0	0	662	0	0	0	732	0	0	0	6650	0	0	0	7238	0	0	0	0	0	0	0	638	0	0	0	0	0	0	0	0	0	0	0	0	1570	0	0	0	0	0	
340728	Paracentral_Lobule_L	40282	1432	3900	4788	0	0	1058	232	0	0	0	0	0	0	0	0	670	0	16740	13208	0	0	0	140	0	0	0	0	384	242	0	184	1474	11268	696	270	970	290	0	0	108	0	144	0	374	524	0	0	446	616	2970	0	0	0	226	0	13544	0	9758	0	9132	0	942	0	2248	0	10968	766	0	2136	1510	1788	538	746	776	0	8506	1556	0	0	780	0	0	0	600	0	0	0	434	0	0	0	0	0	0	0	0	0	0	0	0	0	0	0	0	0	0	0	0	0	0	0	0	0	0	0	
209376	Paracentral_Lobule_R	1484	8536	0	422	0	0	0	160	0	0	0	414	0	0	0	0	0	824	892	12108	0	0	0	0	0	0	0	0	0	0	0	0	444	25092	878	1224	0	786	0	0	0	0	0	2156	0	2090	0	446	0	3076	1242	798	0	446	0	800	0	12608	0	1164	0	1016	0	3336	462	332	304	12144	2136	0	0	0	0	0	0	0	0	878	0	112	0	830	0	0	0	2146	0	0	0	2902	0	0	0	0	0	0	0	0	0	0	0	0	0	0	0	0	0	0	0	0	0	0	0	0	0	0	
223256	Caudate_L	2364	190	9528	392	1440	0	1718	410	0	0	1298	0	356	886	1202	174	206	0	9696	274	6276	8074	1330	0	114	0	2838	0	5168	2484	4626	2692	0	0	0	0	458	0	0	0	0	0	0	0	0	0	0	0	0	0	0	0	0	0	0	0	0	0	0	0	0	0	0	0	0	0	0	0	1510	0	0	9018	22004	5360	1774	132	7026	256	0	0	0	0	354	0	0	0	0	0	0	0	0	0	0	0	0	0	0	0	0	0	0	0	0	0	0	0	0	0	0	0	0	0	0	0	0	0	
360036	Caudate_R	10646	1748	5410	20604	0	1722	1682	1378	0	806	498	0	0	1870	0	2948	0	0	4840	11406	2198	8368	1118	5512	0	1260	1416	2578	910	5684	3288	19330	0	1784	0	0	246	210	0	0	0	0	0	0	0	0	0	0	0	126	0	0	0	0	0	0	0	0	0	0	0	0	0	0	0	0	0	208	1788	0	9018	0	5644	23802	288	2170	448	17066	0	0	0	0	0	0	0	0	0	0	0	0	0	0	0	0	0	0	0	0	0	0	0	0	0	0	0	0	0	0	0	0	0	0	0	0	0	0	
342388	Putamen_L	3882	436	30262	402	1656	0	4824	660	324	0	2506	0	572	1016	2610	144	114	0	25282	296	2042	3800	2164	0	278	0	1328	0	20846	2578	5496	2352	0	124	0	0	5942	0	1126	0	168	0	0	0	0	0	0	0	0	0	0	0	0	0	872	0	0	0	0	0	0	0	0	0	0	0	0	0	538	0	22004	5644	0	3570	6728	150	5032	130	110	0	398	0	2580	0	0	0	0	0	208	0	0	0	0	0	0	0	0	0	0	0	0	0	0	0	0	0	0	0	0	0	0	0	0	0	0	0	
344256	Putamen_R	3462	2780	3266	14806	0	1366	1340	3182	0	966	794	3530	0	1328	0	4900	0	4650	3700	4082	1360	5578	448	3688	0	978	760	2052	802	23740	2100	9926	248	1670	0	108	0	13464	0	3398	0	980	0	0	0	0	0	466	0	0	0	0	0	0	0	3482	0	858	0	0	0	0	0	0	0	0	0	114	746	0	5360	23802	3570	0	124	3306	262	2700	0	624	0	912	0	238	0	0	0	0	0	112	0	0	0	0	0	0	0	0	0	0	0	0	0	0	0	0	0	0	0	0	0	0	0	0	0	0	
46560	Pallidum_L	534	134	4546	0	0	0	264	0	0	0	0	0	0	0	0	0	0	0	4740	0	216	250	0	0	0	0	0	0	288	0	0	0	0	0	0	0	668	0	0	0	0	0	0	0	0	0	0	0	0	0	0	0	0	0	0	0	0	0	0	0	0	0	0	0	0	0	0	0	776	0	1774	288	6728	124	0	0	1950	0	0	0	0	0	0	0	0	0	0	0	0	0	0	0	0	0	0	0	0	0	0	0	0	0	0	0	0	0	0	0	0	0	0	0	0	0	0	0	
18416	Pallidum_R	430	0	0	252	0	0	0	242	0	0	0	0	0	0	0	0	0	176	0	0	0	0	0	0	0	0	0	0	0	0	0	218	0	0	0	0	0	770	0	744	0	0	0	0	0	0	0	0	0	0	0	0	0	0	0	618	0	0	0	0	0	0	0	0	0	0	0	0	0	0	132	2170	150	3306	0	0	0	0	0	0	0	0	0	0	0	0	0	0	0	0	0	0	0	0	0	0	0	0	0	0	0	0	0	0	0	0	0	0	0	0	0	0	0	0	0	0	
146356	Thalamus_L	18894	178	3426	332	0	0	4984	0	0	0	0	0	0	0	0	0	412	0	6600	354	360	236	0	0	0	0	0	0	2722	0	0	0	0	0	0	0	5328	0	974	0	798	0	0	0	0	0	446	0	0	0	0	0	0	0	464	0	134	0	0	0	0	0	0	0	0	0	0	0	8506	0	7026	448	5032	262	1950	0	0	788	1812	0	312	0	0	0	0	0	0	0	400	0	0	0	0	0	0	0	0	0	0	0	0	0	0	0	0	0	0	0	0	0	0	0	0	0	0	0	
179440	Thalamus_R	8434	9734	112	13246	0	0	180	748	0	0	0	0	0	0	0	0	0	0	130	14224	0	414	0	0	0	0	0	0	118	462	0	0	0	1616	2336	1324	3218	5112	1016	870	0	0	0	0	0	190	0	1118	0	262	0	0	0	0	0	0	0	328	0	0	0	0	0	0	0	0	0	662	1556	878	256	17066	130	2700	0	0	788	0	374	0	0	0	0	0	0	0	0	0	118	0	0	0	0	0	0	0	0	0	0	0	0	0	0	0	0	0	0	0	0	0	0	0	0	0	0	0	
116368	Heschl_L	7858	0	492	0	0	0	1572	0	0	0	598	0	0	0	0	0	4314	0	396	388	0	0	0	0	0	0	0	0	11306	0	0	0	0	0	572	114	3280	150	0	0	0	0	640	0	128	0	178	0	132	0	2392	0	1192	0	3154	0	2618	0	0	0	0	0	184	0	0	0	284	0	0	0	0	0	110	0	0	0	1812	374	0	0	7224	0	0	0	3076	0	0	0	3646	0	0	0	0	0	0	0	0	0	0	0	0	0	0	0	0	0	0	0	0	0	0	0	0	0	0	0	
29192	Heschl_R	0	242	0	0	0	0	0	0	0	0	0	528	0	264	0	0	0	3728	0	0	0	0	0	0	0	0	0	0	0	2496	0	0	0	164	0	262	0	910	0	172	0	0	0	0	0	0	0	0	0	0	0	0	0	0	0	176	0	0	0	0	0	0	0	0	0	0	0	0	0	112	0	0	0	624	0	0	0	0	0	0	0	4712	0	0	0	206	0	0	0	0	0	0	0	0	0	0	0	0	0	0	0	0	0	0	0	0	0	0	0	0	0	0	0	0	0	0	
247912	Temporal_Sup_L	4498	0	4100	0	0	0	1536	0	0	0	1774	0	452	0	0	0	14838	0	3706	0	0	0	0	0	0	0	0	0	8658	0	0	0	454	0	0	0	1608	0	0	0	0	0	526	0	234	0	0	0	246	0	4614	0	910	0	3628	0	5452	0	1692	0	1746	0	8230	0	1324	0	1408	0	780	0	0	0	398	0	0	0	312	0	7224	0	0	0	3146	0	24592	0	0	0	15870	0	0	0	0	0	0	0	0	0	0	0	0	0	0	0	0	0	0	0	0	0	0	0	0	0	0	0	
73012	Temporal_Sup_R	0	596	0	122	0	0	0	0	0	0	0	444	0	0	0	0	0	3022	0	256	0	0	0	0	0	0	0	0	0	2282	0	0	0	1092	0	274	0	782	0	136	0	0	0	188	0	216	0	0	0	270	0	140	0	294	0	770	0	912	0	510	0	856	0	2884	0	1342	0	732	0	830	0	0	0	912	0	0	0	0	0	4712	0	0	0	2056	0	7322	0	108	0	2446	0	0	0	0	0	0	0	0	0	0	0	0	0	0	0	0	0	0	0	0	0	0	0	0	0	0	
99020	Temporal_Pole_Sup_L	0	0	3114	0	610	0	758	0	822	0	2538	0	1320	0	3446	0	764	0	2412	0	280	0	0	0	0	0	134	0	8076	0	0	0	0	0	0	0	1920	0	562	0	756	0	0	0	0	0	0	0	0	0	0	0	0	0	2630	0	0	0	0	0	0	0	0	0	0	0	0	0	0	0	354	0	2580	0	0	0	0	0	0	0	3146	0	0	0	6678	0	3498	0	3112	0	0	0	0	0	0	0	0	0	0	0	0	0	0	0	0	0	0	0	0	0	0	0	0	0	0	0	
51200	Temporal_Pole_Sup_R	0	0	0	538	0	130	0	0	0	0	0	800	0	0	0	462	0	970	0	278	0	166	0	0	0	0	0	186	0	1084	0	0	0	0	0	0	0	704	0	4672	0	3122	0	0	0	0	0	0	0	0	0	0	0	0	0	3660	0	0	0	0	0	0	0	0	0	0	0	0	0	0	0	0	0	238	0	0	0	0	0	0	0	2056	0	0	0	2528	0	2888	0	1118	0	0	0	0	0	0	0	0	0	0	0	0	0	0	0	0	0	0	0	0	0	0	0	0	0	0	
287052	Temporal_Mid_L	1042	0	0	0	0	0	0	0	0	0	0	0	0	0	0	0	2918	0	0	0	0	0	0	0	0	0	0	0	2108	0	0	0	3674	0	0	0	320	0	0	0	0	0	2044	0	2376	0	0	0	3724	0	25382	0	4756	0	2690	0	964	0	3528	0	3782	0	4622	0	8624	0	4366	0	600	0	0	0	0	0	0	0	0	0	3076	0	24592	0	6678	0	0	0	3548	0	28112	0	0	0	0	0	0	0	0	0	0	0	0	0	0	0	0	0	0	0	0	0	0	0	0	0	0	0	
248656	Temporal_Mid_R	0	1778	0	250	0	0	0	610	0	0	0	322	0	0	0	0	0	0	112	326	0	0	0	0	0	0	0	0	0	380	0	0	0	2864	0	362	0	1126	0	496	0	0	0	2256	0	4398	0	2016	0	4628	0	8658	0	1360	0	3506	0	5692	0	5334	0	9828	0	11612	0	10358	0	6650	0	2146	0	0	0	0	0	0	0	0	0	206	0	7322	0	2528	0	0	0	866	0	26338	0	0	0	0	0	0	0	0	0	0	0	0	0	0	0	0	0	0	0	0	0	0	0	0	0	0	
24488	Temporal_Pole_Mid_L	0	0	0	0	0	0	0	0	0	0	0	0	0	0	0	0	0	0	0	0	0	0	0	0	0	0	0	0	0	0	0	0	0	0	0	0	0	0	338	0	302	0	0	0	0	0	0	0	0	0	0	0	0	0	1742	0	0	0	0	0	0	0	0	0	0	0	0	0	0	0	0	0	0	0	0	0	0	0	0	0	0	0	3498	0	3548	0	0	0	2816	0	0	0	0	0	0	0	0	0	0	0	0	0	0	0	0	0	0	0	0	0	0	0	0	0	0	0	
14272	Temporal_Pole_Mid_R	0	0	0	0	0	0	0	0	0	0	0	0	0	0	0	0	0	0	0	0	0	0	0	0	0	0	0	0	0	0	0	0	0	0	0	0	0	0	0	1474	0	424	0	0	0	0	0	0	0	0	0	0	0	0	0	864	0	0	0	0	0	0	0	0	0	0	0	0	0	0	0	0	0	0	0	0	0	0	0	0	0	108	0	2888	0	866	0	0	0	512	0	0	0	0	0	0	0	0	0	0	0	0	0	0	0	0	0	0	0	0	0	0	0	0	0	0	
222596	Temporal_Inf_L	344	0	130	0	0	0	132	0	0	0	0	0	0	0	0	0	688	0	126	132	0	0	0	0	0	0	0	0	1012	0	0	0	1022	0	146	0	5660	0	1228	0	1426	0	152	0	274	0	888	0	280	0	6094	0	2978	0	17276	0	984	0	3182	0	2410	0	810	0	2240	0	1968	0	434	0	0	0	208	0	0	0	400	118	3646	0	15870	0	3112	0	28112	0	2816	0	0	0	2592	0	518	0	0	0	418	0	1472	0	0	0	0	0	0	0	0	0	0	0	0	0	0	0	0	0	
212928	Temporal_Inf_R	0	2554	0	296	0	0	0	614	0	0	0	388	0	0	0	0	0	0	134	428	0	0	0	0	0	0	0	0	0	154	0	0	0	4224	0	562	0	2366	0	790	0	0	0	2904	0	3440	0	868	0	2266	0	674	0	3632	0	10940	0	5468	0	3352	0	6044	0	8162	0	4510	0	7238	0	2902	0	0	0	112	0	0	0	0	0	0	0	2446	0	1118	0	26338	0	512	0	0	0	844	0	0	0	0	0	0	0	184	0	0	0	0	0	0	0	0	0	0	0	0	0	0	0	0	
410556	Cerebelum_Crus1_L	0	0	0	0	0	0	0	0	0	0	0	0	0	0	0	0	0	0	0	0	0	0	0	0	0	0	0	0	0	0	0	0	0	0	0	0	230	0	322	0	0	0	174	0	0	0	15920	412	0	0	0	0	136	0	23106	0	0	0	0	0	0	0	0	0	0	0	0	0	0	0	0	0	0	0	0	0	0	0	0	0	0	0	0	0	0	0	0	0	2592	0	0	1274	35656	438	1604	0	22510	1824	55126	1776	9522	138	10980	352	4034	0	864	0	126	176	5780	7412	2194	344	256	0	
408656	Cerebelum_Crus1_R	0	0	0	0	0	0	0	0	0	0	0	0	0	0	0	0	0	0	0	0	0	0	0	0	0	0	0	0	0	0	0	0	0	0	0	0	0	0	0	746	0	0	0	0	0	0	348	7212	0	0	0	0	0	398	342	13952	0	0	0	0	0	0	0	0	0	0	0	0	0	0	0	0	0	0	0	0	0	0	0	0	0	0	0	0	0	0	0	0	0	844	1274	0	172	25550	196	2752	2858	18958	2490	55258	120	7958	630	19344	702	2762	0	0	736	2358	7636	10166	12602	2450	2440	1074	
236848	Cerebelum_Crus2_L	0	0	0	0	0	0	0	0	0	0	0	0	0	0	0	0	0	0	0	0	0	0	0	0	0	0	0	0	0	0	0	0	0	0	0	0	0	0	0	0	0	0	0	0	0	0	1252	0	0	0	0	0	0	0	3218	0	0	0	0	0	0	0	0	0	0	0	0	0	0	0	0	0	0	0	0	0	0	0	0	0	0	0	0	0	0	0	0	0	518	0	35656	172	0	2462	798	0	3330	276	9796	314	24924	196	21574	1888	3466	470	1052	0	220	238	456	948	3590	1272	338	0	
187444	Cerebelum_Crus2_R	0	0	0	0	0	0	0	0	0	0	0	0	0	0	0	0	0	0	0	0	0	0	0	0	0	0	0	0	0	0	0	0	0	0	0	0	0	0	0	0	0	0	0	0	0	0	170	480	0	0	0	0	0	0	178	602	0	0	0	0	0	0	0	0	0	0	0	0	0	0	0	0	0	0	0	0	0	0	0	0	0	0	0	0	0	0	0	0	0	0	438	25550	2462	0	110	282	300	1172	648	6608	1598	13880	1972	19068	128	1788	0	0	470	738	932	2484	7666	2532	1242	224	
47904	Cerebelum_3_L	0	0	0	0	0	0	0	0	0	0	0	0	0	0	0	0	0	0	0	0	0	0	0	0	0	0	0	0	0	0	0	0	0	0	0	0	0	0	442	0	0	0	0	0	0	0	492	0	0	0	0	0	0	0	308	0	0	0	0	0	0	0	0	0	0	0	0	0	0	0	0	0	0	0	0	0	0	0	0	0	0	0	0	0	0	0	0	0	0	0	1604	196	798	110	0	0	5934	142	3342	250	318	0	1740	270	2226	422	0	0	906	1474	1006	330	536	566	540	0	
39440	Cerebelum_3_R	0	0	0	0	0	0	0	0	0	0	0	0	0	0	0	0	0	0	0	0	0	0	0	0	0	0	0	0	0	0	0	0	0	0	0	0	0	0	188	396	0	0	0	0	0	0	0	160	0	0	0	0	0	0	0	820	0	0	0	0	0	0	0	0	0	0	0	0	0	0	0	0	0	0	0	0	0	0	0	0	0	0	0	0	0	0	0	0	0	0	0	2752	0	282	0	0	188	4736	130	5072	0	144	0	974	0	210	0	0	378	2310	308	0	248	178	246	0	
289544	Cerebelum_4_5_L	0	0	0	0	0	0	0	0	0	0	0	0	0	0	0	0	0	0	0	0	0	0	0	0	0	0	0	0	0	0	0	0	0	0	0	0	606	0	676	0	0	0	0	0	0	0	16604	610	0	0	0	0	0	0	10882	0	0	0	0	0	0	0	0	0	0	0	422	0	0	0	0	0	0	0	0	0	0	0	0	0	0	0	0	0	0	0	0	0	418	0	22510	2858	3330	300	5934	188	0	4846	38418	4412	1024	318	4284	1122	3098	152	712	0	488	1200	14558	2992	662	232	326	590	
231416	Cerebelum_4_5_R	0	0	0	0	0	0	0	0	0	0	0	0	0	0	0	0	0	0	0	0	0	0	0	0	0	0	0	0	0	0	0	0	0	0	0	0	0	1124	0	2684	0	0	0	0	0	0	724	5472	0	0	0	0	0	364	602	8010	0	0	0	0	0	0	0	0	0	0	0	638	0	0	0	0	0	0	0	0	0	0	0	0	0	0	0	0	0	0	0	0	0	0	1824	18958	276	1172	142	4736	4846	0	3534	29924	356	952	1020	4736	528	934	0	0	110	2130	12508	3460	2408	646	598	292	
429532	Cerebelum_6_L	0	0	0	0	0	0	0	0	0	0	0	0	0	0	0	0	0	0	0	0	0	0	0	0	0	0	0	0	0	0	0	0	0	0	0	0	320	0	382	0	0	0	0	0	0	0	23924	776	0	0	0	0	430	0	29364	122	0	0	0	0	0	0	0	0	0	0	0	0	0	0	0	0	0	0	0	0	0	0	0	0	0	0	0	0	0	0	0	0	1472	0	55126	2490	9796	648	3342	130	38418	3534	0	3552	2110	194	5190	834	3180	136	810	0	498	1034	12224	11892	2028	226	262	322	
402940	Cerebelum_6_R	0	0	0	0	0	0	0	0	0	0	0	0	0	0	0	0	0	0	0	0	0	0	0	0	0	0	0	0	0	0	0	0	0	0	0	0	0	252	0	1444	0	0	0	0	0	0	376	10378	0	0	0	0	0	2006	380	18042	0	0	0	0	0	0	0	0	0	0	0	0	0	0	0	0	0	0	0	0	0	0	0	0	0	0	0	0	0	0	0	0	0	184	1776	55258	314	6608	250	5072	4412	29924	3552	0	262	2366	1050	11354	942	2004	126	0	742	2758	12096	12622	9622	2030	2098	1170	
188708	Cerebelum_7b_L	0	0	0	0	0	0	0	0	0	0	0	0	0	0	0	0	0	0	0	0	0	0	0	0	0	0	0	0	0	0	0	0	0	0	0	0	0	0	0	0	0	0	0	0	0	0	186	0	0	0	0	0	0	0	310	0	0	0	0	0	0	0	0	0	0	0	0	0	0	0	0	0	0	0	0	0	0	0	0	0	0	0	0	0	0	0	0	0	0	0	9522	120	24924	1598	318	0	1024	356	2110	262	0	308	30396	3902	5958	1824	1572	0	156	178	524	548	2284	4076	1898	0	
115004	Cerebelum_7b_R	0	0	0	0	0	0	0	0	0	0	0	0	0	0	0	0	0	0	0	0	0	0	0	0	0	0	0	0	0	0	0	0	0	0	0	0	0	0	0	0	0	0	0	0	0	0	0	0	0	0	0	0	0	0	0	152	0	0	0	0	0	0	0	0	0	0	0	0	0	0	0	0	0	0	0	0	0	0	0	0	0	0	0	0	0	0	0	0	0	0	138	7958	196	13880	0	144	318	952	194	2366	308	0	544	24162	146	3518	0	0	0	108	752	0	534	538	594	0	
274360	Cerebelum_8_L	0	0	0	0	0	0	0	0	0	0	0	0	0	0	0	0	0	0	0	0	0	0	0	0	0	0	0	0	0	0	0	0	0	0	0	0	0	0	0	0	0	0	0	0	0	0	746	0	0	0	0	0	0	0	234	0	0	0	0	0	0	0	0	0	0	0	0	0	0	0	0	0	0	0	0	0	0	0	0	0	0	0	0	0	0	0	0	0	0	0	10980	630	21574	1972	1740	0	4284	1020	5190	1050	30396	544	0	6984	18454	3974	3620	0	338	400	3120	906	4094	9090	5262	578	
271100	Cerebelum_8_R	0	0	0	0	0	0	0	0	0	0	0	0	0	0	0	0	0	0	0	0	0	0	0	0	0	0	0	0	0	0	0	0	0	0	0	0	0	0	0	0	0	0	0	0	0	0	0	0	0	0	0	0	0	0	0	898	0	0	0	0	0	0	0	0	0	0	0	0	0	0	0	0	0	0	0	0	0	0	0	0	0	0	0	0	0	0	0	0	0	0	352	19344	1888	19068	270	974	1122	4736	834	11354	3902	24162	6984	0	1114	15588	0	186	784	1602	3358	532	4292	7186	4634	386	
124752	Cerebelum_9_L	0	0	0	0	0	0	0	0	0	0	0	0	0	0	0	0	0	0	0	0	0	0	0	0	0	0	0	0	0	0	0	0	0	0	0	0	0	0	0	0	0	0	0	0	0	0	402	0	0	0	0	0	0	0	216	0	0	0	0	0	0	0	0	0	0	0	0	0	0	0	0	0	0	0	0	0	0	0	0	0	0	0	0	0	0	0	0	0	0	0	4034	702	3466	128	2226	0	3098	528	3180	942	5958	146	18454	1114	0	1724	4474	0	0	124	1710	1194	1704	2800	3192	860	
110124	Cerebelum_9_R	0	0	0	0	0	0	0	0	0	0	0	0	0	0	0	0	0	0	0	0	0	0	0	0	0	0	0	0	0	0	0	0	0	0	0	0	0	0	0	0	0	0	0	0	0	0	0	0	0	0	0	0	0	0	0	0	0	0	0	0	0	0	0	0	0	0	0	0	0	0	0	0	0	0	0	0	0	0	0	0	0	0	0	0	0	0	0	0	0	0	0	2762	470	1788	422	210	152	934	136	2004	1824	3518	3974	15588	1724	0	0	824	0	0	348	702	2914	6266	6952	1550	
28072	Cerebelum_10_L	0	0	0	0	0	0	0	0	0	0	0	0	0	0	0	0	0	0	0	0	0	0	0	0	0	0	0	0	0	0	0	0	0	0	0	0	0	0	0	0	0	0	0	0	0	0	218	0	0	0	0	0	0	0	0	0	0	0	0	0	0	0	0	0	0	0	0	0	0	0	0	0	0	0	0	0	0	0	0	0	0	0	0	0	0	0	0	0	0	0	864	0	1052	0	0	0	712	0	810	126	1572	0	3620	0	4474	0	0	0	0	0	588	0	0	0	0	0	
2020	Cerebelum_10_R	0	0	0	0	0	0	0	0	0	0	0	0	0	0	0	0	0	0	0	0	0	0	0	0	0	0	0	0	0	0	0	0	0	0	0	0	0	0	0	0	0	0	0	0	0	0	0	0	0	0	0	0	0	0	0	0	0	0	0	0	0	0	0	0	0	0	0	0	0	0	0	0	0	0	0	0	0	0	0	0	0	0	0	0	0	0	0	0	0	0	0	0	0	0	0	0	0	0	0	0	0	0	0	186	0	824	0	0	0	0	0	0	0	0	0	0	
22224	Vermis_1_2	0	0	0	0	0	0	0	0	0	0	0	0	0	0	0	0	0	0	0	0	0	0	0	0	0	0	0	0	0	0	0	0	0	0	0	0	0	0	274	0	0	0	0	0	0	0	0	0	0	0	0	0	0	0	0	0	0	0	0	0	0	0	0	0	0	0	0	0	0	0	0	0	0	0	0	0	0	0	0	0	0	0	0	0	0	0	0	0	0	0	126	736	220	470	906	378	488	110	498	742	156	0	338	784	0	0	0	0	0	2842	910	214	678	0	242	0	
48092	Vermis_3	0	0	0	0	0	0	0	0	0	0	0	0	0	0	0	0	0	0	0	0	0	0	0	0	0	0	0	0	0	0	0	0	0	0	0	0	0	0	500	0	0	0	0	0	0	0	130	0	0	0	0	0	0	0	0	200	0	0	0	0	0	0	0	0	0	0	0	0	0	0	0	0	0	0	0	0	0	0	0	0	0	0	0	0	0	0	0	0	0	0	176	2358	238	738	1474	2310	1200	2130	1034	2758	178	108	400	1602	124	0	0	0	2842	0	1948	256	974	128	240	0	
215536	Vermis_4_5	0	238	0	154	0	0	0	0	0	0	0	0	0	0	0	0	0	0	0	0	0	0	0	0	0	0	0	0	0	0	0	0	0	0	0	1060	0	1430	0	458	0	0	0	0	0	0	4170	4120	0	0	0	0	0	298	1548	1484	0	0	0	0	0	0	0	0	0	0	0	1570	0	0	0	0	0	0	0	0	0	0	0	0	0	0	0	0	0	0	0	0	0	0	5780	7636	456	932	1006	308	14558	12508	12224	12096	524	752	3120	3358	1710	348	588	0	910	1948	0	5930	1452	478	768	1848	
188728	Vermis_6	0	0	0	0	0	0	0	0	0	0	0	0	0	0	0	0	0	0	0	0	0	0	0	0	0	0	0	0	0	0	0	0	0	0	0	0	0	0	0	0	0	0	0	0	0	0	5274	5378	0	0	0	0	122	692	5524	3054	0	0	0	0	0	0	0	0	0	0	0	0	0	0	0	0	0	0	0	0	0	0	0	0	0	0	0	0	0	0	0	0	0	0	7412	10166	948	2484	330	0	2992	3460	11892	12622	548	0	906	532	1194	702	0	0	214	256	5930	0	5870	1352	1710	2800	
157940	Vermis_7	0	0	0	0	0	0	0	0	0	0	0	0	0	0	0	0	0	0	0	0	0	0	0	0	0	0	0	0	0	0	0	0	0	0	0	0	0	0	0	0	0	0	0	0	0	0	568	1148	0	0	0	0	0	0	534	1048	0	0	0	0	0	0	0	0	0	0	0	0	0	0	0	0	0	0	0	0	0	0	0	0	0	0	0	0	0	0	0	0	0	0	2194	12602	3590	7666	536	248	662	2408	2028	9622	2284	534	4094	4292	1704	2914	0	0	678	974	1452	5870	0	5112	3386	822	
116240	Vermis_8	0	0	0	0	0	0	0	0	0	0	0	0	0	0	0	0	0	0	0	0	0	0	0	0	0	0	0	0	0	0	0	0	0	0	0	0	0	0	0	0	0	0	0	0	0	0	0	0	0	0	0	0	0	0	0	0	0	0	0	0	0	0	0	0	0	0	0	0	0	0	0	0	0	0	0	0	0	0	0	0	0	0	0	0	0	0	0	0	0	0	344	2450	1272	2532	566	178	232	646	226	2030	4076	538	9090	7186	2800	6266	0	0	0	128	478	1352	5112	0	8490	2128	
