data	data	579040	299288	804828	705620	141304	67932	452596	146604	105788	31476	183384	141364	245672	135856	217968	173120	190588	132996	440832	706172	64872	72080	293484	294772	27564	95396	34468	65476	552564	365308	316988	430928	131696	521160	191164	179980	261704	312864	164244	199572	44348	78156	232984	328332	195656	354396	324664	298644	208708	380164	416204	251568	100288	87892	371356	508344	287092	284040	141796	128920	261904	152412	163220	132720	234596	132632	289356	447640	157952	303676	310092	437504	357828	345260	72648	18632	197916	237308	63588	42536	170356	185128	120584	58192	314572	262588	24940	23504	173804	244804	534592	696752	422360	527420	46820	93388	308720	305216	536464	551260	355228	253076	389024	388720	161036	140644	17028	10416	25732	59964	186656	258640	346792	134436	78276	35448	
data	data	Precentral_L	Precentral_R	Frontal_Sup_L	Frontal_Sup_R	Frontal_Sup_Orb_L	Frontal_Sup_Orb_R	Frontal_Mid_L	Frontal_Mid_R	Frontal_Mid_Orb_L	Frontal_Mid_Orb_R	Frontal_Inf_Oper_L	Frontal_Inf_Oper_R	Frontal_Inf_Tri_L	Frontal_Inf_Tri_R	Frontal_Inf_Orb_L	Frontal_Inf_Orb_R	Rolandic_Oper_L	Rolandic_Oper_R	Supp_Motor_Area_L	Supp_Motor_Area_R	Olfactory_L	Olfactory_R	Frontal_Sup_Medial_L	Frontal_Sup_Medial_R	Frontal_Med_Orb_L	Frontal_Med_Orb_R	Rectus_L	Rectus_R	Insula_L	Insula_R	Cingulum_Ant_L	Cingulum_Ant_R	Cingulum_Mid_L	Cingulum_Mid_R	Cingulum_Post_L	Cingulum_Post_R	Hippocampus_L	Hippocampus_R	ParaHippocampal_L	ParaHippocampal_R	Amygdala_L	Amygdala_R	Calcarine_L	Calcarine_R	Cuneus_L	Cuneus_R	Lingual_L	Lingual_R	Occipital_Sup_L	Occipital_Sup_R	Occipital_Mid_L	Occipital_Mid_R	Occipital_Inf_L	Occipital_Inf_R	Fusiform_L	Fusiform_R	Postcentral_L	Postcentral_R	Parietal_Sup_L	Parietal_Sup_R	Parietal_Inf_L	Parietal_Inf_R	SupraMarginal_L	SupraMarginal_R	Angular_L	Angular_R	Precuneus_L	Precuneus_R	Paracentral_Lobule_L	Paracentral_Lobule_R	Caudate_L	Caudate_R	Putamen_L	Putamen_R	Pallidum_L	Pallidum_R	Thalamus_L	Thalamus_R	Heschl_L	Heschl_R	Temporal_Sup_L	Temporal_Sup_R	Temporal_Pole_Sup_L	Temporal_Pole_Sup_R	Temporal_Mid_L	Temporal_Mid_R	Temporal_Pole_Mid_L	Temporal_Pole_Mid_R	Temporal_Inf_L	Temporal_Inf_R	Cerebelum_Crus1_L	Cerebelum_Crus1_R	Cerebelum_Crus2_L	Cerebelum_Crus2_R	Cerebelum_3_L	Cerebelum_3_R	Cerebelum_4_5_L	Cerebelum_4_5_R	Cerebelum_6_L	Cerebelum_6_R	Cerebelum_7b_L	Cerebelum_7b_R	Cerebelum_8_L	Cerebelum_8_R	Cerebelum_9_L	Cerebelum_9_R	Cerebelum_10_L	Cerebelum_10_R	Vermis_1_2	Vermis_3	Vermis_4_5	Vermis_6	Vermis_7	Vermis_8	Vermis_9	Vermis_10	
579040	Precentral_L	0	9928	22556	5512	0	0	20108	1834	0	0	14906	0	2854	0	0	0	13812	412	11144	15918	0	0	272	0	0	0	0	0	15480	738	734	224	1162	3574	8442	1954	7478	866	1510	108	0	0	460	126	864	250	994	112	286	136	1056	0	0	0	740	130	33380	612	576	0	8214	76	6076	300	712	0	2718	530	17194	4676	4916	2036	10074	0	3002	86	15916	3302	2862	0	1432	0	2428	0	794	104	0	0	198	88	0	0	0	0	266	0	272	0	0	0	0	0	0	0	0	0	0	0	0	0	0	0	0	0	0	0	
299288	Precentral_R	9928	0	2564	12684	0	0	618	9122	0	0	0	3186	0	346	0	0	0	2044	798	8728	0	0	0	0	0	0	0	0	548	3734	0	0	312	1844	2508	4956	1246	5798	230	128	0	0	0	242	0	636	0	142	144	1544	172	1020	0	0	148	328	2366	17280	142	888	1072	4898	900	5348	0	766	244	2208	4950	12646	1282	3700	1106	1658	1100	254	1376	7838	188	262	0	340	0	0	78	662	0	0	0	394	0	0	0	0	0	0	0	0	0	0	0	0	0	0	0	0	0	0	0	0	0	0	0	0	0	0	
804828	Frontal_Sup_L	22556	2564	0	12226	8636	160	56326	346	5072	0	10556	576	12104	1864	8186	164	8508	162	59258	15602	0	0	35542	4880	328	504	0	110	34812	1828	15442	6780	4574	3280	434	108	2758	138	662	0	0	0	0	0	0	76	370	0	0	0	414	0	0	0	406	0	4444	260	146	0	1520	0	480	0	264	0	102	178	928	1024	11154	820	21622	298	3586	0	10506	1708	356	0	288	0	3368	0	494	0	0	0	328	0	0	0	0	0	116	0	112	0	0	0	0	0	0	0	0	0	0	0	0	0	0	0	0	0	0	0	
705620	Frontal_Sup_R	5512	12684	12226	0	430	3782	1572	21428	0	1756	132	11080	316	4672	234	11376	300	8712	8390	60334	0	302	8438	29694	0	4192	0	2372	1166	15490	7422	28014	730	21566	980	1048	216	2594	0	430	0	1278	0	0	0	0	0	0	0	0	104	0	0	0	0	180	1034	612	0	0	270	84	162	136	0	0	0	0	2558	400	3080	24436	2488	16358	1230	640	834	6578	0	140	0	256	108	254	0	0	0	0	0	0	0	0	0	0	0	0	0	0	0	0	0	0	0	0	0	0	0	0	0	0	0	0	0	0	0	0	
141304	Frontal_Sup_Orb_L	0	0	8636	430	0	0	2434	0	11842	0	96	0	192	0	12806	0	0	0	992	0	1740	0	4872	610	2464	522	4266	164	4508	0	6604	1178	0	0	0	0	0	0	326	0	656	0	0	0	0	0	0	0	0	0	0	0	0	0	0	0	0	0	0	0	0	0	0	0	0	0	0	0	0	0	396	0	4400	0	0	0	0	0	0	0	0	0	518	0	0	0	0	0	0	0	0	0	0	0	0	0	0	0	0	0	0	0	0	0	0	0	0	0	0	0	0	0	0	0	0	0	
67932	Frontal_Sup_Orb_R	0	0	160	3782	0	0	0	1242	0	2630	0	0	0	202	0	2254	0	0	0	0	0	792	188	2808	0	6082	0	6886	0	1242	376	2064	0	0	0	0	0	0	0	0	0	124	0	0	0	0	0	0	0	0	0	0	0	0	0	0	0	0	0	0	0	0	0	0	0	0	0	0	0	0	0	1536	0	1598	0	0	0	0	0	0	0	0	0	0	0	0	0	0	0	0	0	0	0	0	0	0	0	0	0	0	0	0	0	0	0	0	0	0	0	0	0	0	0	0	0	0	
452596	Frontal_Mid_L	20108	618	56326	1572	2434	0	0	244	6824	0	10070	366	24476	1650	12650	188	5154	110	11972	2080	0	0	8460	206	0	0	0	0	24856	1446	4150	1058	1606	292	0	0	1186	0	318	0	0	0	0	0	0	0	122	0	0	0	0	0	0	0	160	0	5248	0	0	0	2266	0	142	0	0	0	0	0	182	164	5152	556	4470	102	422	0	3638	518	202	0	80	0	2454	0	0	0	0	0	0	0	0	0	0	0	0	0	0	0	0	0	0	0	0	0	0	0	0	0	0	0	0	0	0	0	0	0	
146604	Frontal_Mid_R	1834	9122	346	21428	0	1242	244	0	0	1850	0	3150	130	5606	0	4618	0	1428	180	4514	0	0	0	1010	0	0	0	0	216	3868	146	718	0	882	0	0	0	630	0	150	0	0	0	0	0	0	0	0	0	0	0	0	0	0	0	116	590	966	0	106	110	414	0	248	0	0	0	0	0	0	412	2154	150	3870	0	284	78	408	0	0	0	84	0	0	0	0	0	0	0	0	0	0	0	0	0	0	0	0	0	0	0	0	0	0	0	0	0	0	0	0	0	0	0	0	0	0	
105788	Frontal_Mid_Orb_L	0	0	5072	0	11842	0	6824	0	0	0	114	0	2718	96	15318	0	0	0	1172	0	0	0	412	0	226	0	1470	0	3366	94	1116	112	0	0	0	0	0	0	0	0	0	0	0	0	0	0	0	0	0	0	0	0	0	0	0	0	0	0	0	0	0	0	0	0	0	0	0	0	0	0	424	0	2248	0	0	0	0	0	0	0	0	0	270	0	0	0	0	0	0	0	0	0	0	0	0	0	0	0	0	0	0	0	0	0	0	0	0	0	0	0	0	0	0	0	0	0	
31476	Frontal_Mid_Orb_R	0	0	0	1756	0	2630	0	1850	0	0	0	0	0	354	0	4900	0	128	0	266	0	0	0	0	0	0	0	256	0	1024	0	816	0	256	0	0	0	114	0	0	0	150	0	0	0	0	0	0	0	0	0	0	0	0	0	0	0	0	0	0	0	0	0	0	0	0	0	0	0	0	0	272	0	966	0	0	0	0	0	0	0	0	0	0	0	0	0	0	0	0	0	0	0	0	0	0	0	0	0	0	0	0	0	0	0	0	0	0	0	0	0	0	0	0	0	0	
183384	Frontal_Inf_Oper_L	14906	0	10556	132	96	0	10070	0	114	0	0	0	8418	0	408	0	12018	0	6344	118	0	0	78	0	0	0	0	0	14338	0	754	0	414	0	0	0	554	0	128	0	0	0	0	0	0	0	0	0	0	0	0	0	0	0	0	0	4154	0	0	0	584	0	0	0	0	0	0	0	0	0	390	0	710	0	0	0	0	0	402	0	948	0	5058	0	0	0	0	0	0	0	0	0	0	0	0	0	0	0	0	0	0	0	0	0	0	0	0	0	0	0	0	0	0	0	0	0	
141364	Frontal_Inf_Oper_R	0	3186	576	11080	0	0	366	3150	0	0	0	0	418	8690	0	962	0	6126	146	7498	0	0	182	514	0	0	0	0	664	13808	256	1630	0	3160	0	0	0	880	0	264	0	0	0	0	0	0	0	0	0	0	0	0	0	0	0	228	0	0	0	0	0	0	0	0	0	0	0	0	0	0	570	1350	168	4166	0	158	0	276	0	0	0	0	0	210	0	0	0	0	0	0	0	0	0	0	0	0	0	0	0	0	0	0	0	0	0	0	0	0	0	0	0	0	0	0	0	0	
245672	Frontal_Inf_Tri_L	2854	0	12104	316	192	0	24476	130	2718	0	8418	418	0	1224	16040	720	234	138	6338	238	0	0	3346	100	0	0	0	0	23010	860	3368	766	910	0	0	0	0	0	0	0	0	0	0	0	0	0	0	0	0	0	0	0	0	0	0	0	472	0	0	0	94	0	0	0	0	0	0	0	0	0	5516	958	6082	0	0	0	334	124	0	0	0	0	338	0	0	0	0	0	0	0	0	0	0	0	0	0	0	0	0	0	0	0	0	0	0	0	0	0	0	0	0	0	0	0	0	0	
135856	Frontal_Inf_Tri_R	0	346	1864	4672	0	202	1650	5606	96	354	0	8690	1224	0	262	5934	0	1274	158	3398	80	0	0	174	0	0	0	0	2426	10888	450	1658	0	1968	0	0	0	76	0	0	0	0	0	0	0	0	0	0	0	0	0	0	0	0	0	0	0	0	0	0	0	0	0	0	0	0	0	0	0	108	4100	6584	334	2270	0	0	364	718	0	0	0	0	0	0	0	0	0	0	0	0	0	0	0	0	0	0	0	0	0	0	0	0	0	0	0	0	0	0	0	0	0	0	0	0	0	0	
217968	Frontal_Inf_Orb_L	0	0	8186	234	12806	0	12650	0	15318	0	408	0	16040	262	0	90	0	0	3484	142	1700	0	1028	72	180	0	1516	0	16850	228	2556	656	0	0	0	0	210	0	242	0	642	0	0	0	0	0	0	0	0	0	0	0	0	0	0	0	0	0	0	0	0	0	0	0	0	0	0	0	0	0	1938	228	8626	0	0	0	228	0	0	0	0	0	2464	0	0	0	0	0	0	0	0	0	0	0	0	0	0	0	0	0	0	0	0	0	0	0	0	0	0	0	0	0	0	0	0	0	
173120	Frontal_Inf_Orb_R	0	0	164	11376	0	2254	188	4618	0	4900	0	962	720	5934	90	0	0	770	0	6790	130	1666	430	1490	0	0	0	1162	606	7730	404	5388	0	5236	0	0	0	1096	0	280	0	1728	0	0	0	0	0	0	0	0	0	0	0	0	0	0	0	0	0	0	0	0	0	0	0	0	0	0	0	0	1498	11932	432	5782	0	0	278	526	0	0	0	0	0	0	0	0	0	0	0	0	0	0	0	0	0	0	0	0	0	0	0	0	0	0	0	0	0	0	0	0	0	0	0	0	0	0	
190588	Rolandic_Oper_L	13812	0	8508	300	0	0	5154	0	0	0	12018	0	234	0	0	0	0	0	3630	220	0	0	0	0	0	0	0	0	16546	0	108	0	0	0	94	0	682	0	172	0	0	0	308	0	0	0	200	0	0	0	1080	0	128	0	254	0	11504	0	0	0	826	0	2524	0	208	0	114	0	0	0	908	0	858	0	406	0	76	132	3916	0	2716	0	6170	0	1488	0	0	0	0	0	0	0	0	0	0	0	0	0	0	0	0	0	0	0	0	0	0	0	0	0	0	0	0	0	0	0	
132996	Rolandic_Oper_R	412	2044	162	8712	0	0	110	1428	0	128	0	6126	138	1274	0	770	0	0	0	7264	0	0	130	676	0	0	0	0	262	15888	306	2454	0	2388	0	160	0	574	0	98	0	0	0	0	0	0	0	0	0	218	0	184	0	0	0	92	0	2790	0	0	0	0	0	1284	0	94	0	116	400	132	172	2222	88	4118	0	140	0	700	0	1328	0	546	0	182	0	108	0	0	0	80	0	0	0	0	0	0	0	0	0	0	0	0	0	0	0	0	0	0	0	0	0	0	0	0	0	0	
440832	Supp_Motor_Area_L	11144	798	59258	8390	992	0	11972	180	1172	0	6344	146	6338	158	3484	0	3630	0	0	30872	0	0	6868	1086	0	0	0	0	15726	326	3998	1962	6962	10280	258	144	648	0	106	0	0	0	0	0	0	0	0	0	0	0	0	0	0	0	0	0	2382	690	0	0	662	0	0	0	0	0	0	270	3028	2350	4390	258	10326	0	726	0	0	0	126	0	178	0	1788	0	0	0	0	0	0	0	0	0	0	0	0	0	0	0	0	0	0	0	0	0	0	0	0	0	0	0	0	0	0	0	0	0	
706172	Supp_Motor_Area_R	15918	8728	15602	60334	0	0	2080	4514	0	266	118	7498	238	3398	142	6790	220	7264	30872	0	0	0	2992	8942	0	0	0	0	774	11112	1788	13462	6186	47304	1198	4844	0	596	0	142	0	0	96	1448	0	2792	0	196	122	1752	0	592	0	130	0	238	1880	3214	0	240	1052	214	1028	362	0	100	294	5024	12448	22290	3008	17934	2878	5732	1090	314	260	1470	0	74	0	256	102	200	0	624	0	0	0	310	0	0	0	0	0	0	0	0	0	0	0	0	0	0	0	0	0	0	0	0	0	0	0	0	0	0	
64872	Olfactory_L	0	0	0	0	1740	0	0	0	0	0	0	0	0	80	1700	130	0	0	0	0	0	4066	0	0	200	90	1274	104	2828	0	2930	888	0	0	0	0	236	0	646	0	1070	0	0	0	0	0	0	0	0	0	0	0	0	0	0	0	0	0	0	0	0	0	0	0	0	0	0	0	0	0	5844	4038	2828	1280	0	0	0	0	0	0	0	0	464	0	0	0	0	0	0	0	0	0	0	0	0	0	0	0	0	0	0	0	0	0	0	0	0	0	0	0	0	0	0	0	0	0	
72080	Olfactory_R	0	0	0	302	0	792	0	0	0	0	0	0	0	0	0	1666	0	0	0	0	4066	0	0	112	72	948	550	1648	0	2562	2404	2550	0	0	0	0	0	684	0	474	0	1436	0	0	0	0	0	0	0	0	0	0	0	0	0	144	0	0	0	0	0	0	0	0	0	0	0	0	0	0	4674	5982	2424	2472	0	0	0	0	0	0	0	0	0	78	0	0	0	0	0	0	0	0	0	0	0	0	0	0	0	0	0	0	0	0	0	0	0	0	0	0	0	0	0	0	0	0	
293484	Frontal_Sup_Medial_L	272	0	35542	8438	4872	188	8460	0	412	0	78	182	3346	0	1028	430	0	130	6868	2992	0	0	0	17512	2304	942	620	206	2948	208	19416	14924	5402	6556	0	0	0	0	0	0	0	0	0	0	0	0	0	0	0	0	0	0	0	0	0	0	0	0	0	0	0	0	0	0	0	0	0	0	0	0	504	664	1068	230	0	0	0	0	0	0	0	0	0	0	0	0	0	0	0	0	0	0	0	0	0	0	0	0	0	0	0	0	0	0	0	0	0	0	0	0	0	0	0	0	0	0	
294772	Frontal_Sup_Medial_R	0	0	4880	29694	610	2808	206	1010	0	0	0	514	100	174	72	1490	0	676	1086	8942	0	112	17512	0	388	7540	0	3202	108	1372	10520	28340	518	11080	0	0	0	0	0	0	0	0	0	0	0	0	0	0	0	0	0	0	0	0	0	0	0	0	0	0	0	0	0	0	0	0	0	0	0	0	98	7674	144	6516	0	0	0	0	0	0	0	0	0	0	0	0	0	0	0	0	0	0	0	0	0	0	0	0	0	0	0	0	0	0	0	0	0	0	0	0	0	0	0	0	0	0	
27564	Frontal_Med_Orb_L	0	0	328	0	2464	0	0	0	226	0	0	0	0	0	180	0	0	0	0	0	200	72	2304	388	0	1196	1004	392	0	0	3484	514	0	0	0	0	0	0	0	0	0	0	0	0	0	0	0	0	0	0	0	0	0	0	0	0	0	0	0	0	0	0	0	0	0	0	0	0	0	0	412	134	368	116	0	0	0	0	0	0	0	0	0	0	0	0	0	0	0	0	0	0	0	0	0	0	0	0	0	0	0	0	0	0	0	0	0	0	0	0	0	0	0	0	0	0	
95396	Frontal_Med_Orb_R	0	0	504	4192	522	6082	0	0	0	0	0	0	0	0	0	0	0	0	0	0	90	948	942	7540	1196	0	218	8262	0	0	2248	6774	0	0	0	0	0	0	0	0	0	0	0	0	0	0	0	0	0	0	0	0	0	0	0	0	0	0	0	0	0	0	0	0	0	0	0	0	0	0	0	4364	0	3816	0	0	0	0	0	0	0	0	0	0	0	0	0	0	0	0	0	0	0	0	0	0	0	0	0	0	0	0	0	0	0	0	0	0	0	0	0	0	0	0	0	0	
34468	Rectus_L	0	0	0	0	4266	0	0	0	1470	0	0	0	0	0	1516	0	0	0	0	0	1274	550	620	0	1004	218	0	214	486	0	2740	230	0	0	0	0	0	0	0	0	206	0	0	0	0	0	0	0	0	0	0	0	0	0	0	0	0	0	0	0	0	0	0	0	0	0	0	0	0	0	1166	512	676	0	0	0	0	0	0	0	0	0	86	0	0	0	0	0	0	0	0	0	0	0	0	0	0	0	0	0	0	0	0	0	0	0	0	0	0	0	0	0	0	0	0	0	
65476	Rectus_R	0	0	110	2372	164	6886	0	0	0	256	0	0	0	0	0	1162	0	0	0	0	104	1648	206	3202	392	8262	214	0	0	800	778	3136	0	0	0	0	0	0	0	0	0	134	0	0	0	0	0	0	0	0	0	0	0	0	0	0	0	0	0	0	0	0	0	0	0	0	0	0	0	0	0	1602	0	1310	0	0	0	0	0	0	0	0	0	0	0	0	0	0	0	0	0	0	0	0	0	0	0	0	0	0	0	0	0	0	0	0	0	0	0	0	0	0	0	0	0	0	
552564	Insula_L	15480	548	34812	1166	4508	0	24856	216	3366	0	14338	664	23010	2426	16850	606	16546	262	15726	774	2828	0	2948	108	0	0	486	0	0	2022	5592	1242	430	208	1470	872	12928	480	2748	74	3532	0	0	0	0	0	172	0	0	0	104	0	0	0	2350	0	4766	0	0	0	872	0	644	0	0	0	682	0	98	0	9056	1054	19624	156	364	0	3846	1690	5808	0	3590	0	5566	0	526	0	110	0	1082	0	0	0	0	0	0	0	0	0	0	0	0	0	0	0	0	0	0	0	0	0	0	0	0	0	0	0	
365308	Insula_R	738	3734	1828	15490	0	1242	1446	3868	94	1024	0	13808	860	10888	228	7730	0	15888	326	11112	0	2562	208	1372	0	0	0	800	2022	0	552	3826	72	3752	0	216	0	8640	0	3234	0	4612	0	0	0	0	0	0	0	0	0	0	0	0	0	4702	0	376	0	0	0	0	0	280	0	0	0	112	324	92	2720	7146	304	22612	0	0	304	2534	0	2298	0	7580	0	2466	0	2450	0	0	0	4182	0	0	0	0	0	0	0	0	0	0	0	0	0	0	0	0	0	0	0	0	0	0	0	0	0	0	
316988	Cingulum_Ant_L	734	0	15442	7422	6604	376	4150	146	1116	0	754	256	3368	450	2556	404	108	306	3998	1788	2930	2404	19416	10520	3484	2248	2740	778	5592	552	0	23536	3626	3250	0	0	0	0	0	0	0	0	0	0	0	0	0	0	0	0	0	0	0	0	0	0	92	0	0	0	0	0	0	0	0	0	0	0	0	0	9180	6224	7908	4036	0	0	0	0	0	0	0	0	0	0	0	0	0	0	0	0	0	0	0	0	0	0	0	0	0	0	0	0	0	0	0	0	0	0	0	0	0	0	0	0	0	0	
430928	Cingulum_Ant_R	224	0	6780	28014	1178	2064	1058	718	112	816	0	1630	766	1658	656	5388	0	2454	1962	13462	888	2550	14924	28340	514	6774	230	3136	1242	3826	23536	0	1894	18414	0	0	0	0	0	0	0	0	0	0	0	0	0	0	0	0	0	0	0	0	0	0	0	0	0	0	0	0	0	0	0	0	0	0	0	0	2588	20122	1914	15364	0	0	0	268	0	0	0	0	0	0	0	0	0	0	0	0	0	0	0	0	0	0	0	0	0	0	0	0	0	0	0	0	0	0	0	0	0	0	0	0	0	0	
131696	Cingulum_Mid_L	1162	312	4574	730	0	0	1606	0	0	0	414	0	910	0	0	0	0	0	6962	6186	0	0	5402	518	0	0	0	0	430	72	3626	1894	0	9230	5784	326	0	0	0	0	0	0	0	0	870	324	0	0	818	186	482	0	0	0	0	0	494	352	462	0	0	0	0	0	130	0	3800	2242	2924	1184	348	0	652	0	306	0	0	0	0	0	0	0	0	0	136	0	0	0	0	0	0	0	0	0	0	0	0	0	0	0	0	0	0	0	0	0	0	0	0	0	0	0	0	0	0	0	
521160	Cingulum_Mid_R	3574	1844	3280	21566	0	0	292	882	0	256	0	3160	0	1968	0	5236	0	2388	10280	47304	0	0	6556	11080	0	0	0	0	208	3752	3250	18414	9230	0	1670	7762	0	152	0	0	0	0	122	3196	316	9978	118	572	344	8150	244	1822	0	230	0	214	512	10286	132	1384	434	482	424	294	0	266	1916	17944	4866	22304	494	4804	758	1322	270	0	0	74	0	0	0	228	0	0	0	1512	0	0	0	464	0	0	0	0	0	0	0	0	0	0	0	0	0	0	0	0	0	0	0	0	0	0	0	0	0	0	
191164	Cingulum_Post_L	8442	2508	434	980	0	0	0	0	0	0	0	0	0	0	0	0	94	0	258	1198	0	0	0	0	0	0	0	0	1470	0	0	0	5784	1670	0	9722	10748	2480	4044	508	0	0	3442	76	1438	80	3212	720	786	0	248	0	0	0	2026	306	1368	144	0	0	280	0	220	0	96	0	8718	2094	3474	786	300	230	680	0	470	0	4958	7452	926	0	252	0	0	0	218	0	0	0	242	0	0	0	0	0	0	0	0	0	0	0	0	0	0	0	0	0	0	0	0	0	0	0	0	0	0	0	
179980	Cingulum_Post_R	1954	4956	108	1048	0	0	0	0	0	0	0	0	0	0	0	0	0	160	144	4844	0	0	0	0	0	0	0	0	872	216	0	0	326	7762	9722	0	5670	6486	1834	1546	0	0	0	1294	0	1416	622	2356	0	796	0	362	0	0	1012	1302	300	1200	0	124	0	0	0	130	0	112	784	10662	1040	5316	0	106	72	0	0	0	3248	7290	636	0	134	302	0	0	0	764	0	0	186	622	0	0	0	0	0	0	0	0	0	0	0	0	0	0	0	0	0	0	0	0	154	0	0	0	0	0	
261704	Hippocampus_L	7478	1246	2758	216	0	0	1186	0	0	0	554	0	0	0	210	0	682	0	648	0	236	0	0	0	0	0	0	0	12928	0	0	0	0	0	10748	5670	0	2444	15382	500	8136	0	2502	0	0	0	4648	624	0	0	84	0	0	0	14198	278	824	0	0	0	0	0	0	0	0	0	5200	540	132	0	484	0	4194	0	514	0	6478	5696	2672	0	2000	0	1100	0	1096	0	196	0	5472	0	0	0	0	0	0	0	494	0	404	0	0	0	0	0	0	0	0	0	0	0	0	0	0	0	0	0	
312864	Hippocampus_R	866	5798	138	2594	0	0	0	630	0	114	0	880	0	76	0	1096	0	574	0	596	0	684	0	0	0	0	0	0	480	8640	0	0	0	152	2480	6486	2444	0	1022	28098	0	10470	0	1694	0	84	330	4372	0	0	0	0	0	190	452	27990	0	368	0	0	0	0	0	288	0	0	504	5682	0	192	0	494	0	10458	0	818	338	8340	266	1834	0	2524	0	512	0	1670	0	86	0	10216	0	352	0	128	0	0	0	980	0	654	0	0	0	122	0	0	0	0	0	0	176	0	0	0	0	0	
164244	ParaHippocampal_L	1510	230	662	0	326	0	318	0	0	0	128	0	0	0	242	0	172	0	106	0	646	0	0	0	0	0	0	0	2748	0	0	0	0	0	4044	1834	15382	1022	0	258	1906	0	4658	0	0	0	9038	424	0	0	1196	0	478	0	12198	150	84	0	0	0	0	0	0	0	464	0	5394	252	0	0	0	0	854	0	0	0	1234	1512	720	0	774	0	1722	0	1770	0	1776	0	900	0	256	0	0	0	346	90	2060	0	1616	0	0	0	170	0	182	0	74	0	106	90	0	0	0	0	0	0	
199572	ParaHippocampal_R	108	128	0	430	0	0	0	150	0	0	0	264	0	0	0	280	0	98	0	142	0	474	0	0	0	0	0	0	74	3234	0	0	0	0	508	1546	500	28098	258	0	0	8042	0	912	0	0	76	5070	0	0	0	0	0	88	100	22416	0	0	0	0	0	0	0	0	0	0	164	2562	0	0	0	0	0	3918	0	696	0	2744	0	754	0	1204	0	2556	0	866	0	2294	0	4630	0	564	0	166	0	144	0	2142	0	1140	0	0	0	172	0	74	0	0	0	0	0	0	0	0	0	0	
44348	Amygdala_L	0	0	0	0	656	0	0	0	0	0	0	0	0	0	642	0	0	0	0	0	1070	0	0	0	0	0	206	0	3532	0	0	0	0	0	0	0	8136	0	1906	0	0	0	0	0	0	0	0	0	0	0	0	0	0	0	3382	0	0	0	0	0	0	0	0	0	0	0	0	0	0	0	0	0	364	0	0	0	0	0	0	0	0	0	1002	0	144	0	276	0	858	0	0	0	0	0	0	0	0	0	0	0	0	0	0	0	0	0	0	0	0	0	0	0	0	0	0	0	
78156	Amygdala_R	0	0	0	1278	0	124	0	0	0	150	0	0	0	0	0	1728	0	0	0	0	0	1436	0	0	0	0	0	134	0	4612	0	0	0	0	0	0	0	10470	0	8042	0	0	0	0	0	0	0	0	0	0	0	0	0	0	0	5690	0	0	0	0	0	0	0	0	0	0	0	0	0	0	0	0	0	2590	0	0	0	0	0	0	0	202	0	1874	0	138	0	530	0	80	0	0	0	0	0	0	0	0	0	0	0	0	0	0	0	0	0	0	0	0	0	0	0	0	0	0	
232984	Calcarine_L	460	0	0	0	0	0	0	0	0	0	0	0	0	0	0	0	308	0	0	96	0	0	0	0	0	0	0	0	0	0	0	0	0	122	3442	0	2502	0	4658	0	0	0	0	4612	12356	2852	16138	2084	8412	1070	18996	220	5878	0	6916	0	270	0	0	0	0	0	0	0	198	0	14478	1454	316	0	0	0	90	0	0	0	0	0	130	0	380	0	0	0	6666	0	0	0	194	0	86	0	0	0	0	0	90	0	562	0	0	0	0	0	0	0	0	0	0	0	0	456	0	0	0	0	
328332	Calcarine_R	126	242	0	0	0	0	0	0	0	0	0	0	0	0	0	0	0	0	0	1448	0	0	0	0	0	0	0	0	0	0	0	0	0	3196	76	1294	0	1694	0	912	0	0	4612	0	8506	28902	2054	23270	142	20778	0	11100	0	3636	0	6494	0	1684	0	72	0	102	0	280	0	526	1228	25718	90	3060	0	0	0	0	0	0	0	0	0	158	0	1538	0	0	0	6080	0	0	0	4902	0	0	0	0	0	0	0	0	0	160	0	0	0	0	0	0	0	0	0	0	86	0	0	0	0	0	
195656	Cuneus_L	864	0	0	0	0	0	0	0	0	0	0	0	0	0	0	0	0	0	0	0	0	0	0	0	0	0	0	0	0	0	0	0	870	316	1438	0	0	0	0	0	0	0	12356	8506	0	10710	1776	782	18402	4518	10390	256	614	0	116	0	1744	0	2474	0	326	0	116	0	738	0	13976	3112	2086	0	72	0	138	0	118	0	0	0	0	0	0	0	0	0	1014	0	0	0	0	0	0	0	0	0	0	0	0	0	0	0	0	0	0	0	0	0	0	0	0	0	0	0	0	0	0	0	
354396	Cuneus_R	250	636	76	0	0	0	0	0	0	0	0	0	0	0	0	0	0	0	0	2792	0	0	0	0	0	0	0	0	0	0	0	0	324	9978	80	1416	0	84	0	0	0	0	2852	28902	10710	0	1558	9660	422	38090	178	9688	0	462	0	478	0	5910	122	5424	0	514	0	330	0	1250	4506	27176	264	8126	0	0	76	0	0	0	0	0	0	0	0	972	0	0	0	2894	0	0	0	918	0	0	0	0	0	0	0	0	0	0	0	0	0	0	0	0	0	0	0	0	80	0	0	0	0	0	
324664	Lingual_L	994	0	370	0	0	0	122	0	0	0	0	0	0	0	0	0	200	0	0	0	0	0	0	0	0	0	0	0	172	0	0	0	0	118	3212	622	4648	330	9038	76	0	0	16138	2054	1776	1558	0	3478	5158	1680	11422	752	6358	382	19076	922	118	86	0	0	184	0	124	0	676	0	7494	718	0	118	0	0	0	0	0	0	724	416	872	0	700	0	0	0	2192	0	0	0	128	0	9326	2906	190	248	0	0	11152	1744	17132	4804	0	0	0	0	0	0	0	0	0	0	4568	4874	182	0	0	0	
298644	Lingual_R	112	142	0	0	0	0	0	0	0	0	0	0	0	0	0	0	0	0	0	196	0	0	0	0	0	0	0	0	0	0	0	0	0	572	720	2356	624	4372	424	5070	0	0	2084	23270	782	9660	3478	0	72	12446	0	7282	0	6798	288	22096	0	446	0	0	0	0	0	122	0	0	670	7908	0	638	0	0	0	0	0	0	0	1164	0	0	0	198	0	0	0	430	0	0	0	546	924	5610	248	958	150	294	366	6230	1520	8590	0	0	0	0	0	0	0	0	0	0	5080	4008	378	0	0	0	
208708	Occipital_Sup_L	286	144	0	0	0	0	0	0	0	0	0	0	0	0	0	0	0	0	0	122	0	0	0	0	0	0	0	0	0	0	0	0	818	344	786	0	0	0	0	0	0	0	8412	142	18402	422	5158	72	0	280	28760	0	3056	0	254	0	946	0	7694	0	3402	0	1322	0	4850	0	13508	2632	1196	144	0	0	94	0	72	0	0	0	0	0	92	0	0	0	944	0	0	0	0	0	0	0	0	0	0	0	0	0	0	0	0	0	0	0	0	0	0	0	0	0	0	0	0	0	0	0	
380164	Occipital_Sup_R	136	1544	0	0	0	0	0	0	0	0	0	0	0	0	0	0	0	218	0	1752	0	0	0	0	0	0	0	0	0	0	0	0	186	8150	0	796	0	0	0	0	0	0	1070	20778	4518	38090	1680	12446	280	0	100	27520	0	2166	0	656	0	9256	76	8918	0	3596	0	3058	0	7136	2110	18562	156	8412	0	0	0	0	0	0	0	0	0	0	0	1784	0	0	0	4592	0	0	0	244	0	0	0	0	0	0	0	0	0	96	0	0	0	0	0	0	0	0	0	0	0	0	0	0	0	0	
416204	Occipital_Mid_L	1056	172	414	104	0	0	0	0	0	0	0	0	0	0	0	0	1080	0	0	0	0	0	0	0	0	0	0	0	104	0	0	0	482	244	248	0	84	0	1196	0	0	0	18996	0	10390	178	11422	0	28760	100	0	0	16420	0	2858	0	5716	0	15136	0	13160	0	2064	0	30402	0	9932	1748	1072	106	182	0	788	0	604	0	0	0	614	0	1782	0	0	0	26672	0	0	0	1726	0	0	0	0	0	0	0	0	0	1074	0	0	0	0	0	0	0	0	0	0	0	0	1016	0	0	0	0	
251568	Occipital_Mid_R	0	1020	0	0	0	0	0	0	0	0	0	0	0	0	0	0	0	184	0	592	0	0	0	0	0	0	0	0	0	0	0	0	0	1822	0	362	0	0	0	0	0	0	220	11100	256	9688	752	7282	0	27520	0	0	0	3000	0	2460	0	4492	0	4734	0	7356	0	3726	0	15052	78	7146	0	2586	0	0	0	0	0	0	0	0	0	0	0	1250	0	0	0	12340	0	0	0	766	0	0	0	0	0	0	0	0	0	0	0	0	0	0	0	0	0	0	0	0	0	0	0	0	0	0	
100288	Occipital_Inf_L	0	0	0	0	0	0	0	0	0	0	0	0	0	0	0	0	128	0	0	0	0	0	0	0	0	0	0	0	0	0	0	0	0	0	0	0	0	0	478	0	0	0	5878	0	614	0	6358	0	3056	0	16420	0	0	0	5232	0	82	0	346	0	300	0	230	0	322	0	2088	306	0	0	0	0	0	0	0	0	0	0	0	0	422	0	0	0	2806	0	0	0	2106	0	82	120	0	0	0	0	0	0	1392	170	0	0	0	0	0	0	0	0	0	0	0	1208	0	0	0	0	
87892	Occipital_Inf_R	0	0	0	0	0	0	0	0	0	0	0	0	0	0	0	0	0	0	0	130	0	0	0	0	0	0	0	0	0	0	0	0	0	230	0	0	0	190	0	88	0	0	0	3636	0	462	382	6798	0	2166	0	3000	0	0	0	10996	0	112	0	0	0	0	0	0	0	0	0	1422	0	230	0	0	0	0	0	0	0	0	0	0	0	242	0	0	0	2116	0	0	0	5194	0	622	0	172	0	0	0	1344	130	2186	0	0	0	0	0	0	0	0	0	0	1294	720	84	0	0	0	
371356	Fusiform_L	740	148	406	0	0	0	160	0	0	0	0	0	0	0	0	0	254	0	0	0	0	0	0	0	0	0	0	0	2350	0	0	0	0	0	2026	1012	14198	452	12198	100	3382	0	6916	0	116	0	19076	288	254	0	2858	0	5232	0	0	72	0	0	0	0	0	0	0	0	410	0	5270	284	0	0	0	0	722	0	0	0	1192	840	894	0	988	0	3028	0	3122	0	2026	0	10204	0	25620	614	2020	104	314	0	16294	0	33302	1170	210	0	368	0	306	0	0	0	0	0	1082	2978	78	0	0	0	
508344	Fusiform_R	130	328	0	180	0	0	0	116	0	0	0	228	0	0	0	0	0	92	0	238	0	144	0	0	0	0	0	0	0	4702	0	0	0	214	306	1302	278	27990	150	22416	0	5690	0	6494	0	478	922	22096	0	656	0	2460	0	10996	72	0	0	140	0	0	0	0	0	0	0	0	118	5238	0	322	0	200	0	3940	0	562	0	2680	0	1080	0	5444	0	6048	0	4960	0	1624	0	22038	180	25520	0	4646	0	1246	144	16722	826	29284	0	222	0	2332	0	174	0	0	0	208	5722	3140	518	100	116	0	
287092	Postcentral_L	33380	2366	4444	1034	0	0	5248	590	0	0	4154	0	472	0	0	0	11504	0	2382	1880	0	0	0	0	0	0	0	0	4766	0	92	0	494	512	1368	300	824	0	84	0	0	0	270	0	1744	0	118	0	946	0	5716	0	82	0	0	0	0	130	7732	0	18796	0	8698	0	5038	0	2264	74	4266	1170	1006	192	2262	0	1174	0	1948	480	1838	0	856	0	398	0	378	0	0	0	76	0	0	0	0	0	0	0	0	0	0	0	0	0	0	0	0	0	0	0	0	0	0	0	0	0	0	0	
284040	Postcentral_R	612	17280	260	612	0	0	0	966	0	0	0	0	0	0	0	0	0	2790	690	3214	0	0	0	0	0	0	0	0	0	376	0	0	352	10286	144	1200	0	368	0	0	0	0	0	1684	0	5910	86	446	0	9256	0	4492	0	112	0	140	130	0	0	9678	106	17060	84	15770	0	3318	304	11152	396	18990	0	96	0	130	0	0	0	124	0	242	0	404	0	0	0	2162	0	0	0	598	0	0	0	0	0	0	0	0	0	0	0	0	0	0	0	0	0	0	0	0	0	0	0	0	0	0	
141796	Parietal_Sup_L	576	142	146	0	0	0	0	0	0	0	0	0	0	0	0	0	0	0	0	0	0	0	0	0	0	0	0	0	0	0	0	0	462	132	0	0	0	0	0	0	0	0	0	0	2474	122	0	0	7694	76	15136	0	346	0	0	0	7732	0	0	0	11774	0	462	0	12624	0	9536	510	506	0	76	0	166	0	100	0	0	0	0	0	0	0	0	0	106	0	0	0	0	0	0	0	0	0	0	0	0	0	0	0	0	0	0	0	0	0	0	0	0	0	0	0	0	0	0	0	
128920	Parietal_Sup_R	0	888	0	0	0	0	0	106	0	0	0	0	0	0	0	0	0	0	0	240	0	0	0	0	0	0	0	0	0	0	0	0	0	1384	0	124	0	0	0	0	0	0	0	72	0	5424	0	0	0	8918	0	4734	0	0	0	0	0	9678	0	0	0	8978	0	2770	0	6210	1166	11202	0	2092	0	0	0	0	0	0	0	0	0	0	0	110	0	0	0	364	0	0	0	0	0	0	0	0	0	0	0	0	0	0	0	0	0	0	0	0	0	0	0	0	0	0	0	0	0	0	
261904	Parietal_Inf_L	8214	1072	1520	270	0	0	2266	110	0	0	584	0	94	0	0	0	826	0	662	1052	0	0	0	0	0	0	0	0	872	0	0	0	0	434	280	0	0	0	0	0	0	0	0	0	326	0	184	0	3402	0	13160	0	300	0	0	0	18796	106	11774	0	0	0	25622	0	22966	0	1050	102	826	954	220	0	842	0	552	0	0	0	0	0	4238	0	0	0	7276	0	0	0	0	0	0	0	0	0	0	0	0	0	0	0	0	0	0	0	0	0	0	0	0	0	0	0	0	0	0	0	
152412	Parietal_Inf_R	76	4898	0	84	0	0	0	414	0	0	0	0	0	0	0	0	0	0	0	214	0	0	0	0	0	0	0	0	0	0	0	0	0	482	0	0	0	0	0	0	0	0	0	102	0	514	0	0	0	3596	0	7356	0	0	0	0	0	17060	0	8978	0	0	0	16366	0	12444	0	498	0	1436	0	0	0	0	0	0	0	0	0	0	0	296	0	0	0	1050	0	0	0	342	0	0	0	0	0	0	0	0	0	0	0	0	0	0	0	0	0	0	0	0	0	0	0	0	0	0	
163220	SupraMarginal_L	6076	900	480	162	0	0	142	0	0	0	0	0	0	0	0	0	2524	0	0	1028	0	0	0	0	0	0	0	0	644	0	0	0	0	424	220	0	0	0	0	0	0	0	0	0	116	0	124	0	1322	0	2064	0	230	0	0	0	8698	84	462	0	25622	0	0	0	11084	0	306	0	382	950	156	0	622	0	476	0	0	0	314	0	7166	0	0	0	8708	0	0	0	124	0	0	0	0	0	0	0	0	0	0	0	0	0	0	0	0	0	0	0	0	0	0	0	0	0	0	0	
132720	SupraMarginal_R	300	5348	0	136	0	0	0	248	0	0	0	0	0	0	0	0	0	1284	0	362	0	0	0	0	0	0	0	0	0	280	0	0	0	294	0	130	0	288	0	0	0	0	0	280	0	330	0	122	0	3058	0	3726	0	0	0	0	0	15770	0	2770	0	16366	0	0	0	6836	0	492	156	1368	0	0	0	0	0	0	0	96	0	154	0	2946	0	0	0	2256	0	0	0	964	0	0	0	0	0	0	0	0	0	0	0	0	0	0	0	0	0	0	0	0	0	0	0	0	0	0	
234596	Angular_L	712	0	264	0	0	0	0	0	0	0	0	0	0	0	0	0	208	0	0	0	0	0	0	0	0	0	0	0	0	0	0	0	130	0	96	0	0	0	464	0	0	0	198	0	738	0	676	0	4850	0	30402	0	322	0	410	0	5038	0	12624	0	22966	0	11084	0	0	0	3874	142	570	0	94	0	364	0	268	0	0	0	0	0	4062	0	0	0	16742	0	0	0	0	0	0	0	0	0	0	0	0	0	0	0	0	0	0	0	0	0	0	0	0	0	0	0	0	0	0	0	
132632	Angular_R	0	766	0	0	0	0	0	0	0	0	0	0	0	0	0	0	0	94	0	100	0	0	0	0	0	0	0	0	0	0	0	0	0	266	0	112	0	0	0	0	0	0	0	526	0	1250	0	0	0	7136	0	15052	0	0	0	0	0	3318	0	6210	0	12444	0	6836	0	0	0	1788	0	438	0	0	0	0	0	0	0	0	0	0	0	3024	0	0	0	6760	0	0	0	196	0	0	0	0	0	0	0	0	0	0	0	0	0	0	0	0	0	0	0	0	0	0	0	0	0	0	
289356	Precuneus_L	2718	244	102	0	0	0	0	0	0	0	0	0	0	0	0	0	114	0	0	294	0	0	0	0	0	0	0	0	682	0	0	0	3800	1916	8718	784	5200	504	5394	164	0	0	14478	1228	13976	4506	7494	670	13508	2110	9932	78	2088	0	5270	118	2264	304	9536	1166	1050	0	306	0	3874	0	0	12904	2536	494	0	0	118	0	88	0	106	444	436	0	268	0	0	0	2120	0	0	0	280	0	94	0	0	0	0	0	92	0	108	0	0	0	0	0	0	0	0	0	0	0	0	0	0	0	0	0	
447640	Precuneus_R	530	2208	178	0	0	0	0	0	0	0	0	0	0	0	0	0	0	116	270	5024	0	0	0	0	0	0	0	0	0	112	0	0	2242	17944	2094	10662	540	5682	252	2562	0	0	1454	25718	3112	27176	718	7908	2632	18562	1748	7146	306	1422	284	5238	74	11152	510	11202	102	498	0	492	142	1788	12904	0	528	14732	88	0	110	0	0	0	110	582	0	140	0	2010	0	0	0	7720	0	0	0	4814	0	0	0	0	0	0	0	0	0	0	0	0	0	0	0	0	0	0	0	0	282	0	0	0	0	0	
157952	Paracentral_Lobule_L	17194	4950	928	2558	0	0	182	0	0	0	0	0	0	0	0	0	0	400	3028	12448	0	0	0	0	0	0	0	0	98	324	0	0	2924	4866	3474	1040	132	0	0	0	0	0	316	90	2086	264	0	0	1196	156	1072	0	0	0	0	0	4266	396	506	0	826	0	382	156	570	0	2536	528	0	5550	426	1060	706	0	296	72	302	362	0	0	0	0	0	0	214	96	0	0	0	0	0	0	0	0	0	0	0	0	0	0	0	0	0	0	0	0	0	0	0	0	0	0	0	0	0	0	
303676	Paracentral_Lobule_R	4676	12646	1024	400	0	0	164	0	0	0	0	0	0	108	0	0	0	132	2350	22290	0	0	0	0	0	0	0	0	0	92	0	0	1184	22304	786	5316	0	192	0	0	0	0	0	3060	0	8126	118	638	144	8412	106	2586	0	230	0	322	1170	18990	0	2092	954	1436	950	1368	0	438	494	14732	5550	0	136	1694	286	0	154	94	0	658	0	0	0	536	0	0	0	2152	0	0	0	548	0	0	0	0	0	0	0	0	0	0	0	0	0	0	0	0	0	0	0	0	0	0	0	0	0	0	
310092	Caudate_L	4916	1282	11154	3080	396	0	5152	412	424	0	390	570	5516	4100	1938	1498	908	172	4390	3008	5844	4674	504	98	412	0	1166	0	9056	2720	9180	2588	348	494	300	0	484	0	0	0	0	0	0	0	72	0	0	0	0	0	182	0	0	0	0	0	1006	0	76	0	220	0	156	0	94	0	0	88	426	136	0	16906	23476	3938	4152	636	10828	4970	120	0	0	0	252	0	138	0	0	0	0	0	0	0	0	0	0	0	0	0	0	0	0	0	0	0	0	0	0	0	0	0	0	0	0	0	0	0	
437504	Caudate_R	2036	3700	820	24436	0	1536	556	2154	0	272	0	1350	958	6584	228	11932	0	2222	258	17934	4038	5982	664	7674	134	4364	512	1602	1054	7146	6224	20122	0	4804	230	106	0	494	0	0	0	0	0	0	0	0	0	0	0	0	0	0	0	0	0	200	192	96	0	0	0	0	0	0	0	0	0	0	1060	1694	16906	0	6392	27580	698	1802	4014	15900	0	0	0	0	0	0	0	0	0	0	0	92	0	0	0	0	0	0	0	0	0	0	0	0	0	0	0	0	0	0	0	0	0	0	0	0	0	0	
357828	Putamen_L	10074	1106	21622	2488	4400	0	4470	150	2248	0	710	168	6082	334	8626	432	858	88	10326	2878	2828	2424	1068	144	368	0	676	0	19624	304	7908	1914	652	758	680	72	4194	0	854	0	364	0	90	0	138	76	0	0	94	0	788	0	0	0	722	0	2262	0	166	0	842	0	622	0	364	0	118	110	706	286	23476	6392	0	3564	10514	468	2544	804	134	0	218	0	788	0	640	0	0	0	96	0	0	0	0	0	0	0	0	0	0	0	0	0	0	0	0	0	0	0	0	0	0	0	0	0	0	0	
345260	Putamen_R	0	1658	298	16358	0	1598	102	3870	0	966	0	4166	0	2270	0	5782	0	4118	0	5732	1280	2472	230	6516	116	3816	0	1310	156	22612	4036	15364	0	1322	0	0	0	10458	0	3918	0	2590	0	0	0	0	0	0	0	0	0	0	0	0	0	3940	0	130	0	0	0	0	0	0	0	0	0	0	0	0	3938	27580	3564	0	430	1754	0	4728	0	118	0	1742	0	442	0	422	0	0	0	728	0	0	0	0	0	0	0	0	0	0	0	0	0	0	0	0	0	0	0	0	0	0	0	0	0	0	
72648	Pallidum_L	3002	1100	3586	1230	0	0	422	0	0	0	0	0	0	0	0	0	406	0	726	1090	0	0	0	0	0	0	0	0	364	0	0	0	306	270	470	0	514	0	0	0	0	0	0	0	118	0	0	0	72	0	604	0	0	0	0	0	1174	0	100	0	552	0	476	0	268	0	88	0	296	154	4152	698	10514	430	0	274	1960	384	0	0	0	0	0	0	524	0	0	0	0	0	0	0	0	0	0	0	0	0	0	0	0	0	0	0	0	0	0	0	0	0	0	0	0	0	0	0	
18632	Pallidum_R	86	254	0	640	0	0	0	284	0	0	0	158	0	0	0	0	0	140	0	314	0	0	0	0	0	0	0	0	0	0	0	0	0	0	0	0	0	818	0	696	0	0	0	0	0	0	0	0	0	0	0	0	0	0	0	562	0	0	0	0	0	0	0	0	0	0	0	0	72	94	636	1802	468	1754	274	0	102	162	0	0	0	0	0	0	0	0	0	0	0	0	0	0	0	0	0	0	0	0	0	0	0	0	0	0	0	0	0	0	0	0	0	0	0	0	0	0	
197916	Thalamus_L	15916	1376	10506	834	0	0	3638	78	0	0	0	0	334	364	228	278	76	0	0	260	0	0	0	0	0	0	0	0	3846	304	0	0	0	0	4958	3248	6478	338	1234	0	0	0	0	0	0	0	724	0	0	0	0	0	0	0	1192	0	1948	0	0	0	0	0	0	0	0	0	106	110	302	0	10828	4014	2544	0	1960	102	0	17746	1048	0	104	0	0	0	0	0	0	0	696	0	0	0	0	0	604	0	636	0	0	0	0	0	0	0	0	0	0	0	0	0	0	0	0	0	0	0	
237308	Thalamus_R	3302	7838	1708	6578	0	0	518	408	0	0	0	276	124	718	0	526	132	700	0	1470	0	0	0	0	0	0	0	0	1690	2534	0	268	0	74	7452	7290	5696	8340	1512	2744	0	0	0	0	0	0	416	1164	0	0	0	0	0	0	840	2680	480	124	0	0	0	0	0	96	0	0	444	582	362	658	4970	15900	804	4728	384	162	17746	0	678	204	140	870	0	0	0	810	0	0	190	1234	0	0	0	0	0	0	0	90	0	0	0	0	0	0	0	0	0	0	0	0	0	0	0	0	0	0	
63588	Heschl_L	2862	188	356	0	0	0	202	0	0	0	402	0	0	0	0	0	3916	0	126	0	0	0	0	0	0	0	0	0	5808	0	0	0	0	0	926	636	2672	266	720	0	0	0	130	0	0	0	872	0	0	0	614	0	0	0	894	0	1838	0	0	0	0	0	314	0	0	0	436	0	0	0	120	0	134	0	0	0	1048	678	0	0	2370	0	0	0	2374	0	0	0	892	0	0	0	0	0	0	0	0	0	0	0	0	0	0	0	0	0	0	0	0	0	0	0	0	0	0	0	
42536	Heschl_R	0	262	0	140	0	0	0	0	0	0	0	0	0	0	0	0	0	1328	0	74	0	0	0	0	0	0	0	0	0	2298	0	0	0	0	0	0	0	1834	0	754	0	0	0	158	0	0	0	0	0	0	0	0	0	0	0	1080	0	242	0	0	0	0	0	154	0	0	0	140	0	0	0	0	0	118	0	0	0	204	0	0	0	4668	0	0	0	3894	0	0	0	3920	0	0	0	0	0	0	0	0	0	0	0	0	0	0	0	0	0	0	0	0	0	0	0	0	0	0	
170356	Temporal_Sup_L	1432	0	288	0	0	0	80	0	0	0	948	0	0	0	0	0	2716	0	178	0	0	0	0	0	0	0	0	0	3590	0	0	0	0	0	252	134	2000	0	774	0	0	0	380	0	0	0	700	0	92	0	1782	0	422	0	988	0	856	0	0	0	4238	0	7166	0	4062	0	268	0	0	0	0	0	218	0	0	0	104	140	2370	0	0	0	3384	0	29890	0	0	0	15726	0	0	0	0	0	0	0	0	0	0	0	0	0	0	0	0	0	0	0	0	0	0	0	0	0	0	0	
185128	Temporal_Sup_R	0	340	0	256	0	0	0	84	0	0	0	0	0	0	0	0	0	546	0	256	0	0	0	0	0	0	0	0	0	7580	0	0	0	228	0	302	0	2524	0	1204	0	202	0	1538	0	972	0	198	0	1784	0	1250	0	242	0	5444	0	404	0	110	0	296	0	2946	0	3024	0	2010	0	536	0	0	0	1742	0	0	0	870	0	4668	0	0	0	3214	0	31578	0	0	0	16216	0	0	0	0	0	0	0	0	0	0	0	0	0	0	0	0	0	0	0	0	0	0	0	0	0	0	
120584	Temporal_Pole_Sup_L	2428	0	3368	108	518	0	2454	0	270	0	5058	0	338	0	2464	0	6170	0	1788	102	464	0	0	0	0	0	86	0	5566	0	0	0	0	0	0	0	1100	0	1722	0	1002	0	0	0	0	0	0	0	0	0	0	0	0	0	3028	0	398	0	0	0	0	0	0	0	0	0	0	0	0	0	252	0	788	0	0	0	0	0	0	0	3384	0	0	0	6228	0	3884	0	7324	0	0	0	0	0	0	0	0	0	0	0	0	0	0	0	0	0	0	0	0	0	0	0	0	0	0	0	
58192	Temporal_Pole_Sup_R	0	0	0	254	0	0	0	0	0	0	0	210	0	0	0	0	0	182	0	200	0	78	0	0	0	0	0	0	0	2466	0	0	0	0	0	0	0	512	0	2556	0	1874	0	0	0	0	0	0	0	0	0	0	0	0	0	6048	0	0	0	0	0	0	0	0	0	0	0	0	0	0	0	0	0	442	0	0	0	0	0	0	0	3214	0	0	0	2056	0	4274	0	4730	0	0	0	0	0	0	0	0	0	0	0	0	0	0	0	0	0	0	0	0	0	0	0	0	0	0	
314572	Temporal_Mid_L	794	78	494	0	0	0	0	0	0	0	0	0	0	0	0	0	1488	0	0	0	0	0	0	0	0	0	0	0	526	0	0	0	136	0	218	0	1096	0	1770	0	144	0	6666	0	1014	0	2192	0	944	0	26672	0	2806	0	3122	0	378	0	106	0	7276	0	8708	0	16742	0	2120	0	214	0	138	0	640	0	524	0	0	0	2374	0	29890	0	6228	0	0	0	1730	0	30058	0	0	0	0	0	0	0	0	0	0	0	0	0	0	0	0	0	0	0	0	0	0	0	0	0	0	0	
262588	Temporal_Mid_R	104	662	0	0	0	0	0	0	0	0	0	0	0	0	0	0	0	108	0	624	0	0	0	0	0	0	0	0	0	2450	0	0	0	1512	0	764	0	1670	0	866	0	138	0	6080	0	2894	0	430	0	4592	0	12340	0	2116	0	4960	0	2162	0	364	0	1050	0	2256	0	6760	0	7720	96	2152	0	0	0	422	0	0	0	810	0	3894	0	31578	0	2056	0	0	0	766	0	26898	0	0	0	0	0	0	0	0	0	0	0	0	0	0	0	0	0	0	0	0	0	0	0	0	0	0	
24940	Temporal_Pole_Mid_L	0	0	0	0	0	0	0	0	0	0	0	0	0	0	0	0	0	0	0	0	0	0	0	0	0	0	0	0	110	0	0	0	0	0	0	0	196	0	1776	0	276	0	0	0	0	0	0	0	0	0	0	0	0	0	2026	0	0	0	0	0	0	0	0	0	0	0	0	0	0	0	0	0	0	0	0	0	0	0	0	0	0	0	3884	0	1730	0	0	0	2472	0	0	0	0	0	0	0	0	0	0	0	0	0	0	0	0	0	0	0	0	0	0	0	0	0	0	0	
23504	Temporal_Pole_Mid_R	0	0	0	0	0	0	0	0	0	0	0	0	0	0	0	0	0	0	0	0	0	0	0	0	0	0	0	0	0	0	0	0	0	0	0	0	0	86	0	2294	0	530	0	0	0	0	0	0	0	0	0	0	0	0	0	1624	0	0	0	0	0	0	0	0	0	0	0	0	0	0	0	0	0	0	0	0	0	0	0	0	0	0	0	4274	0	766	0	0	0	2178	0	0	0	0	0	0	0	0	0	0	0	0	0	0	0	0	0	0	0	0	0	0	0	0	0	0	
173804	Temporal_Inf_L	198	0	328	0	0	0	0	0	0	0	0	0	0	0	0	0	0	0	0	0	0	0	0	0	0	0	0	0	1082	0	0	0	0	0	242	186	5472	0	900	0	858	0	194	0	0	0	128	0	0	0	1726	0	2106	0	10204	0	76	0	0	0	0	0	124	0	0	0	280	0	0	0	0	0	96	0	0	0	696	190	892	0	15726	0	7324	0	30058	0	2472	0	0	0	4672	0	286	0	0	0	0	0	386	0	0	0	0	0	0	0	0	0	0	0	0	0	0	0	0	0	
244804	Temporal_Inf_R	88	394	0	0	0	0	0	0	0	0	0	0	0	0	0	0	0	80	0	310	0	0	0	0	0	0	0	0	0	4182	0	0	0	464	0	622	0	10216	0	4630	0	80	0	4902	0	918	0	546	0	244	0	766	0	5194	0	22038	0	598	0	0	0	342	0	964	0	196	0	4814	0	548	0	92	0	728	0	0	0	1234	0	3920	0	16216	0	4730	0	26898	0	2178	0	0	0	3038	0	96	0	0	0	0	0	136	0	0	0	0	0	0	0	0	0	0	0	0	0	0	0	0	
534592	Cerebelum_Crus1_L	0	0	0	0	0	0	0	0	0	0	0	0	0	0	0	0	0	0	0	0	0	0	0	0	0	0	0	0	0	0	0	0	0	0	0	0	0	0	256	0	0	0	86	0	0	0	9326	924	0	0	0	0	82	0	25620	180	0	0	0	0	0	0	0	0	0	0	94	0	0	0	0	0	0	0	0	0	0	0	0	0	0	0	0	0	0	0	0	0	4672	0	0	11528	45368	12450	1446	72	25942	326	61698	3248	15894	5958	13138	2296	2360	0	128	0	0	0	1466	7696	14406	496	140	0	
696752	Cerebelum_Crus1_R	0	0	0	0	0	0	0	0	0	0	0	0	0	0	0	0	0	0	0	0	0	0	0	0	0	0	0	0	0	0	0	0	0	0	0	0	0	352	0	564	0	0	0	0	0	0	2906	5610	0	0	0	0	120	622	614	25520	0	0	0	0	0	0	0	0	0	0	0	0	0	0	0	0	0	0	0	0	0	0	0	0	0	0	0	0	0	0	0	0	0	3038	11528	0	7876	62554	194	8082	1864	30302	11664	70692	5506	12398	4932	26072	614	2800	0	246	276	3082	10712	16008	17392	2264	1224	748	
422360	Cerebelum_Crus2_L	0	0	0	0	0	0	0	0	0	0	0	0	0	0	0	0	0	0	0	0	0	0	0	0	0	0	0	0	0	0	0	0	0	0	0	0	0	0	0	0	0	0	0	0	0	0	190	248	0	0	0	0	0	0	2020	0	0	0	0	0	0	0	0	0	0	0	0	0	0	0	0	0	0	0	0	0	0	0	0	0	0	0	0	0	0	0	0	0	286	0	45368	7876	0	13872	570	122	3872	178	12336	1548	46494	8634	37116	3596	7132	0	224	0	72	76	354	2456	14918	1524	98	0	
527420	Cerebelum_Crus2_R	0	0	0	0	0	0	0	0	0	0	0	0	0	0	0	0	0	0	0	0	0	0	0	0	0	0	0	0	0	0	0	0	0	0	0	0	0	128	0	166	0	0	0	0	0	0	248	958	0	0	0	0	0	172	104	4646	0	0	0	0	0	0	0	0	0	0	0	0	0	0	0	0	0	0	0	0	0	0	0	0	0	0	0	0	0	0	0	0	0	96	12450	62554	13872	0	160	2056	1032	3744	8300	20022	11334	27586	9692	39556	774	3434	0	676	116	220	0	10272	24500	2950	1162	730	
46820	Cerebelum_3_L	266	0	116	0	0	0	0	0	0	0	0	0	0	0	0	0	0	0	0	0	0	0	0	0	0	0	0	0	0	0	0	0	0	0	0	0	0	0	346	0	0	0	0	0	0	0	0	150	0	0	0	0	0	0	314	0	0	0	0	0	0	0	0	0	0	0	0	0	0	0	0	0	0	0	0	0	604	0	0	0	0	0	0	0	0	0	0	0	0	0	1446	194	570	160	0	206	8388	276	2406	216	402	88	690	102	1136	116	0	0	1188	1730	1368	142	456	334	0	0	
93388	Cerebelum_3_R	0	0	0	0	0	0	0	0	0	0	0	0	0	0	0	0	0	0	0	0	0	0	0	0	0	0	0	0	0	0	0	0	0	0	0	0	0	0	90	144	0	0	0	0	0	0	0	294	0	0	0	0	0	0	0	1246	0	0	0	0	0	0	0	0	0	0	0	0	0	0	0	0	0	0	0	0	0	0	0	0	0	0	0	0	0	0	0	0	0	0	72	8082	122	2056	206	0	406	10016	308	11066	116	174	118	1150	0	936	0	0	1094	4940	884	460	1020	878	816	0	
308720	Cerebelum_4_5_L	272	0	112	0	0	0	0	0	0	0	0	0	0	0	0	0	0	0	0	0	0	0	0	0	0	0	0	0	0	0	0	0	0	0	0	0	494	0	2060	0	0	0	90	0	0	0	11152	366	0	0	0	0	0	0	16294	144	0	0	0	0	0	0	0	0	0	0	92	0	0	0	0	0	0	0	0	0	636	0	0	0	0	0	0	0	0	0	0	0	0	0	25942	1864	3872	1032	8388	406	0	3190	40920	3994	2542	574	4934	464	6032	554	240	0	694	1494	8470	3030	1902	1050	552	508	
305216	Cerebelum_4_5_R	0	0	0	0	0	0	0	0	0	0	0	0	0	0	0	0	0	0	0	0	0	0	0	0	0	0	0	0	0	0	0	0	0	0	0	0	0	980	0	2142	0	0	0	0	0	0	1744	6230	0	0	0	0	0	1344	0	16722	0	0	0	0	0	0	0	0	0	0	0	0	0	0	0	0	0	0	0	0	0	90	0	0	0	0	0	0	0	0	0	0	0	0	326	30302	178	3744	276	10016	3190	0	1478	40594	144	368	208	2658	110	2642	0	0	118	3866	17944	1444	1138	1088	1298	226	
536464	Cerebelum_6_L	0	0	0	0	0	0	0	0	0	0	0	0	0	0	0	0	0	0	0	0	0	0	0	0	0	0	0	0	0	0	0	0	0	0	0	0	404	0	1616	0	0	0	562	0	0	0	17132	1520	0	0	1074	0	1392	130	33302	826	0	0	0	0	0	0	0	0	0	0	108	0	0	0	0	0	0	0	0	0	0	0	0	0	0	0	0	0	0	0	0	0	386	0	61698	11664	12336	8300	2406	308	40920	1478	0	11032	5144	2666	6988	3666	4556	416	246	0	0	134	4742	18646	10316	1114	558	446	
551260	Cerebelum_6_R	0	0	0	0	0	0	0	0	0	0	0	0	0	0	0	0	0	0	0	0	0	0	0	0	0	0	0	0	0	0	0	0	0	0	0	0	0	654	0	1140	0	0	0	160	0	0	4804	8590	0	96	0	0	170	2186	1170	29284	0	0	0	0	0	0	0	0	0	0	0	0	0	0	0	0	0	0	0	0	0	0	0	0	0	0	0	0	0	0	0	0	0	136	3248	70692	1548	20022	216	11066	3994	40594	11032	0	754	1416	840	8872	124	2584	0	384	374	3828	16866	18164	6244	2004	1712	662	
355228	Cerebelum_7b_L	0	0	0	0	0	0	0	0	0	0	0	0	0	0	0	0	0	0	0	0	0	0	0	0	0	0	0	0	0	0	0	0	0	0	0	0	0	0	0	0	0	0	0	0	0	0	0	0	0	0	0	0	0	0	210	0	0	0	0	0	0	0	0	0	0	0	0	0	0	0	0	0	0	0	0	0	0	0	0	0	0	0	0	0	0	0	0	0	0	0	15894	5506	46494	11334	402	116	2542	144	5144	754	0	9576	44298	5204	10256	906	372	0	0	76	322	1162	12066	4288	548	0	
253076	Cerebelum_7b_R	0	0	0	0	0	0	0	0	0	0	0	0	0	0	0	0	0	0	0	0	0	0	0	0	0	0	0	0	0	0	0	0	0	0	0	0	0	0	0	0	0	0	0	0	0	0	0	0	0	0	0	0	0	0	0	222	0	0	0	0	0	0	0	0	0	0	0	0	0	0	0	0	0	0	0	0	0	0	0	0	0	0	0	0	0	0	0	0	0	0	5958	12398	8634	27586	88	174	574	368	2666	1416	9576	0	8618	30084	242	3284	0	340	0	0	0	1802	10264	2244	0	0	
389024	Cerebelum_8_L	0	0	0	0	0	0	0	0	0	0	0	0	0	0	0	0	0	0	0	0	0	0	0	0	0	0	0	0	0	0	0	0	0	0	0	0	0	0	170	0	0	0	0	0	0	0	0	0	0	0	0	0	0	0	368	0	0	0	0	0	0	0	0	0	0	0	0	0	0	0	0	0	0	0	0	0	0	0	0	0	0	0	0	0	0	0	0	0	0	0	13138	4932	37116	9692	690	118	4934	208	6988	840	44298	8618	0	7286	26398	1962	2720	0	88	82	350	1716	11892	7314	2170	424	
388720	Cerebelum_8_R	0	0	0	0	0	0	0	0	0	0	0	0	0	0	0	0	0	0	0	0	0	0	0	0	0	0	0	0	0	0	0	0	0	0	0	0	0	122	0	172	0	0	0	0	0	0	0	0	0	0	0	0	0	0	0	2332	0	0	0	0	0	0	0	0	0	0	0	0	0	0	0	0	0	0	0	0	0	0	0	0	0	0	0	0	0	0	0	0	0	0	2296	26072	3596	39556	102	1150	464	2658	3666	8872	5204	30084	7286	0	1794	25730	82	1634	374	384	146	5782	12328	7138	4032	1304	
161036	Cerebelum_9_L	0	0	0	0	0	0	0	0	0	0	0	0	0	0	0	0	0	0	0	0	0	0	0	0	0	0	0	0	0	0	0	0	0	0	0	0	0	0	182	0	0	0	0	0	0	0	0	0	0	0	0	0	0	0	306	0	0	0	0	0	0	0	0	0	0	0	0	0	0	0	0	0	0	0	0	0	0	0	0	0	0	0	0	0	0	0	0	0	0	0	2360	614	7132	774	1136	0	6032	110	4556	124	10256	242	26398	1794	0	1826	4218	0	0	0	160	502	2774	4924	2806	1292	
140644	Cerebelum_9_R	0	0	0	0	0	0	0	0	0	0	0	0	0	0	0	0	0	0	0	0	0	0	0	0	0	0	0	0	0	0	0	0	0	0	0	0	0	0	0	74	0	0	0	0	0	0	0	0	0	0	0	0	0	0	0	174	0	0	0	0	0	0	0	0	0	0	0	0	0	0	0	0	0	0	0	0	0	0	0	0	0	0	0	0	0	0	0	0	0	0	0	2800	0	3434	116	936	554	2642	416	2584	906	3284	1962	25730	1826	0	210	1928	716	730	550	692	3108	6508	6724	1718	
17028	Cerebelum_10_L	0	0	0	0	0	0	0	0	0	0	0	0	0	0	0	0	0	0	0	0	0	0	0	0	0	0	0	0	0	0	0	0	0	0	0	0	0	0	74	0	0	0	0	0	0	0	0	0	0	0	0	0	0	0	0	0	0	0	0	0	0	0	0	0	0	0	0	0	0	0	0	0	0	0	0	0	0	0	0	0	0	0	0	0	0	0	0	0	0	0	128	0	224	0	0	0	240	0	246	0	372	0	2720	82	4218	210	0	0	0	0	0	0	0	0	0	0	
10416	Cerebelum_10_R	0	0	0	0	0	0	0	0	0	0	0	0	0	0	0	0	0	0	0	0	0	0	0	0	0	0	0	0	0	0	0	0	0	0	0	0	0	0	0	0	0	0	0	0	0	0	0	0	0	0	0	0	0	0	0	0	0	0	0	0	0	0	0	0	0	0	0	0	0	0	0	0	0	0	0	0	0	0	0	0	0	0	0	0	0	0	0	0	0	0	0	246	0	676	0	0	0	0	0	384	0	340	0	1634	0	1928	0	0	0	0	0	0	0	0	0	0	
25732	Vermis_1_2	0	0	0	0	0	0	0	0	0	0	0	0	0	0	0	0	0	0	0	0	0	0	0	0	0	0	0	0	0	0	0	0	0	0	0	0	0	0	106	0	0	0	0	0	0	0	0	0	0	0	0	0	0	0	0	0	0	0	0	0	0	0	0	0	0	0	0	0	0	0	0	0	0	0	0	0	0	0	0	0	0	0	0	0	0	0	0	0	0	0	0	276	72	116	1188	1094	694	118	0	374	0	0	88	374	0	716	0	0	0	4576	1120	140	464	616	624	110	
59964	Vermis_3	0	0	0	0	0	0	0	0	0	0	0	0	0	0	0	0	0	0	0	0	0	0	0	0	0	0	0	0	0	0	0	0	0	0	0	0	0	0	90	0	0	0	0	0	0	0	0	0	0	0	0	0	0	0	0	208	0	0	0	0	0	0	0	0	0	0	0	0	0	0	0	0	0	0	0	0	0	0	0	0	0	0	0	0	0	0	0	0	0	0	0	3082	76	220	1730	4940	1494	3866	134	3828	76	0	82	384	0	730	0	0	4576	0	2542	102	526	606	598	92	
186656	Vermis_4_5	0	0	0	0	0	0	0	0	0	0	0	0	0	0	0	0	0	0	0	0	0	0	0	0	0	0	0	0	0	0	0	0	0	0	0	154	0	176	0	0	0	0	0	86	0	80	4568	5080	0	0	0	0	0	1294	1082	5722	0	0	0	0	0	0	0	0	0	0	0	282	0	0	0	0	0	0	0	0	0	0	0	0	0	0	0	0	0	0	0	0	0	0	1466	10712	354	0	1368	884	8470	17944	4742	16866	322	0	350	146	160	550	0	0	1120	2542	0	4304	494	528	500	982	
