data	data	383276	219752	721944	780696	123960	65084	556044	216808	51848	14264	225056	162700	221916	93800	188248	64452	183604	115240	575628	813024	30660	41028	249484	248888	29140	75728	39580	49072	719844	273788	162580	335376	166924	504404	161604	163080	259028	313280	72156	202604	29864	70168	227392	343980	166180	248628	281820	247500	186668	246008	579864	229348	150980	74184	440236	376548	271464	168864	228712	77096	315284	81796	98116	110616	107692	82916	365448	443264	137412	181708	320076	219740	311608	324240	36416	18536	146004	211748	161972	34664	282792	90716	45072	62192	506276	278988	25232	39928	426488	279008	558496	472320	460036	283284	21888	66384	309288	268364	492000	479516	226236	154528	247808	278180	117152	143436	25296	5780	27096	55364	309652	243964	323792	174360	115520	24760	
data	data	Precentral_L	Precentral_R	Frontal_Sup_L	Frontal_Sup_R	Frontal_Sup_Orb_L	Frontal_Sup_Orb_R	Frontal_Mid_L	Frontal_Mid_R	Frontal_Mid_Orb_L	Frontal_Mid_Orb_R	Frontal_Inf_Oper_L	Frontal_Inf_Oper_R	Frontal_Inf_Tri_L	Frontal_Inf_Tri_R	Frontal_Inf_Orb_L	Frontal_Inf_Orb_R	Rolandic_Oper_L	Rolandic_Oper_R	Supp_Motor_Area_L	Supp_Motor_Area_R	Olfactory_L	Olfactory_R	Frontal_Sup_Medial_L	Frontal_Sup_Medial_R	Frontal_Med_Orb_L	Frontal_Med_Orb_R	Rectus_L	Rectus_R	Insula_L	Insula_R	Cingulum_Ant_L	Cingulum_Ant_R	Cingulum_Mid_L	Cingulum_Mid_R	Cingulum_Post_L	Cingulum_Post_R	Hippocampus_L	Hippocampus_R	ParaHippocampal_L	ParaHippocampal_R	Amygdala_L	Amygdala_R	Calcarine_L	Calcarine_R	Cuneus_L	Cuneus_R	Lingual_L	Lingual_R	Occipital_Sup_L	Occipital_Sup_R	Occipital_Mid_L	Occipital_Mid_R	Occipital_Inf_L	Occipital_Inf_R	Fusiform_L	Fusiform_R	Postcentral_L	Postcentral_R	Parietal_Sup_L	Parietal_Sup_R	Parietal_Inf_L	Parietal_Inf_R	SupraMarginal_L	SupraMarginal_R	Angular_L	Angular_R	Precuneus_L	Precuneus_R	Paracentral_Lobule_L	Paracentral_Lobule_R	Caudate_L	Caudate_R	Putamen_L	Putamen_R	Pallidum_L	Pallidum_R	Thalamus_L	Thalamus_R	Heschl_L	Heschl_R	Temporal_Sup_L	Temporal_Sup_R	Temporal_Pole_Sup_L	Temporal_Pole_Sup_R	Temporal_Mid_L	Temporal_Mid_R	Temporal_Pole_Mid_L	Temporal_Pole_Mid_R	Temporal_Inf_L	Temporal_Inf_R	Cerebelum_Crus1_L	Cerebelum_Crus1_R	Cerebelum_Crus2_L	Cerebelum_Crus2_R	Cerebelum_3_L	Cerebelum_3_R	Cerebelum_4_5_L	Cerebelum_4_5_R	Cerebelum_6_L	Cerebelum_6_R	Cerebelum_7b_L	Cerebelum_7b_R	Cerebelum_8_L	Cerebelum_8_R	Cerebelum_9_L	Cerebelum_9_R	Cerebelum_10_L	Cerebelum_10_R	Vermis_1_2	Vermis_3	Vermis_4_5	Vermis_6	Vermis_7	Vermis_8	Vermis_9	Vermis_10	
383276	Precentral_L	0	2770	5996	4202	0	0	26472	176	0	0	14536	88	1928	0	82	0	11658	0	3352	10614	0	0	470	0	0	0	0	0	12196	254	288	162	734	4936	974	640	788	850	226	0	0	0	268	0	0	0	0	0	192	0	5052	0	790	0	700	0	26594	0	2924	0	9316	0	1428	0	380	0	1866	106	7520	850	4136	1690	202	194	176	0	924	4910	3534	0	6156	0	0	0	4378	0	0	0	2960	0	0	0	0	0	0	0	0	0	0	0	0	0	0	0	0	0	0	0	0	0	0	0	0	0	0	0	
219752	Precentral_R	2770	0	152	10838	0	0	280	7396	0	0	0	5404	0	968	0	0	0	2496	164	5350	0	0	0	0	0	0	0	0	0	4214	0	144	250	2882	116	0	0	3762	178	130	0	0	0	1048	0	0	0	92	0	0	136	0	460	682	336	2390	0	21228	0	354	0	920	0	3546	0	0	0	1644	2514	6340	0	0	0	2000	0	0	0	4364	0	886	0	1474	0	0	398	5150	0	0	208	6212	0	0	0	0	0	0	0	0	0	0	0	0	0	0	0	0	0	0	0	0	0	0	0	0	0	0	
721944	Frontal_Sup_L	5996	152	0	7970	9190	0	54848	200	2418	0	4684	0	17258	0	14482	0	3380	0	54472	14102	280	0	41874	2994	1808	0	680	0	31592	102	8966	2562	6074	6336	224	122	7422	152	88	0	226	0	894	0	0	0	264	0	0	0	86	0	76	0	1410	0	1330	0	0	0	126	0	0	0	0	0	936	104	568	0	7442	892	23810	616	2734	0	8166	104	2518	0	4654	0	390	0	1290	0	0	0	1908	0	0	0	0	0	0	0	0	0	0	0	0	0	0	0	0	0	0	0	0	0	0	0	0	0	0	0	
780696	Frontal_Sup_R	4202	10838	7970	0	0	3410	6108	29584	0	0	958	13196	722	5880	834	2752	772	8168	24182	74876	0	262	4008	26100	128	4162	0	1176	4802	15706	2222	28478	748	15876	236	196	560	9046	0	1686	0	272	0	164	0	0	0	0	0	0	0	0	0	228	88	1894	482	986	0	0	0	0	0	214	0	0	0	78	974	176	8754	13600	1382	21710	0	1364	150	24304	94	1462	682	536	0	210	94	98	0	0	86	422	0	0	0	0	0	0	0	0	0	0	0	0	0	0	0	0	0	0	0	0	0	0	0	0	0	0	
123960	Frontal_Sup_Orb_L	0	0	9190	0	0	0	252	0	9566	0	0	0	1238	0	13676	0	0	0	0	0	1134	364	3184	0	3034	0	5268	0	4668	0	2560	654	0	0	0	0	0	0	0	0	250	0	0	0	0	0	0	0	0	0	0	0	0	0	0	0	0	0	0	0	0	0	0	0	0	0	0	0	0	0	992	118	5392	0	0	0	0	0	0	0	140	0	300	0	0	0	0	0	0	0	0	0	0	0	0	0	0	0	0	0	0	0	0	0	0	0	0	0	0	0	0	0	0	0	0	0	
65084	Frontal_Sup_Orb_R	0	0	0	3410	0	0	0	1418	0	2592	0	0	0	132	0	1470	0	0	0	0	0	768	234	3420	140	6392	0	6380	0	182	630	2332	0	0	0	0	0	0	0	0	0	0	0	0	0	0	0	0	0	0	0	0	0	0	0	0	0	0	0	0	0	0	0	0	0	0	0	0	0	0	0	1960	0	1082	0	0	0	0	0	0	0	0	0	0	0	0	0	0	0	0	0	0	0	0	0	0	0	0	0	0	0	0	0	0	0	0	0	0	0	0	0	0	0	0	0	0	
556044	Frontal_Mid_L	26472	280	54848	6108	252	0	0	660	1028	0	17236	136	31536	90	8876	0	6242	0	9822	8110	0	0	10954	1154	0	0	0	0	29812	240	1206	576	1412	4682	522	342	914	472	0	0	0	0	84	0	0	0	0	0	0	0	2808	0	318	0	532	216	5438	0	1484	0	3948	0	874	0	958	0	712	108	412	0	5382	336	3136	262	0	0	202	222	4366	0	5438	0	0	0	9144	0	0	0	7660	0	0	0	0	0	0	0	0	0	0	0	0	0	0	0	0	0	0	0	0	0	0	0	0	0	0	0	
216808	Frontal_Mid_R	176	7396	200	29584	0	1418	660	0	0	1548	0	9276	280	7908	428	4544	0	4170	1770	3330	0	0	294	3012	0	0	0	0	1158	4780	380	10756	0	1878	0	0	0	1040	0	76	0	0	0	0	0	0	0	0	0	0	0	0	0	0	0	0	0	1460	0	0	0	0	0	230	0	0	0	0	0	0	1694	1018	0	4868	0	0	0	2748	0	324	0	0	0	0	0	0	0	0	0	0	0	0	0	0	0	0	0	0	0	0	0	0	0	0	0	0	0	0	0	0	0	0	0	0	0	0	
51848	Frontal_Mid_Orb_L	0	0	2418	0	9566	0	1028	0	0	0	0	0	510	0	8948	0	0	0	0	0	0	0	334	0	214	0	738	0	442	0	146	0	0	0	0	0	0	0	0	0	0	0	0	0	0	0	0	0	0	0	0	0	0	0	0	0	0	0	0	0	0	0	0	0	0	0	0	0	0	0	164	0	1416	0	0	0	0	0	0	0	0	0	0	0	0	0	0	0	0	0	0	0	0	0	0	0	0	0	0	0	0	0	0	0	0	0	0	0	0	0	0	0	0	0	0	0	
14264	Frontal_Mid_Orb_R	0	0	0	0	0	2592	0	1548	0	0	0	0	0	0	0	2008	0	0	0	0	0	0	0	0	0	0	0	0	0	0	0	0	0	0	0	0	0	0	0	0	0	0	0	0	0	0	0	0	0	0	0	0	0	0	0	0	0	0	0	0	0	0	0	0	0	0	0	0	0	0	0	344	0	640	0	0	0	0	0	0	0	0	0	0	0	0	0	0	0	0	0	0	0	0	0	0	0	0	0	0	0	0	0	0	0	0	0	0	0	0	0	0	0	0	0	0	
225056	Frontal_Inf_Oper_L	14536	0	4684	958	0	0	17236	0	0	0	0	0	6402	0	0	0	12014	0	2770	1294	0	0	198	148	0	0	0	0	16648	0	0	142	280	738	168	0	306	84	0	0	0	0	86	0	0	0	0	0	0	0	1570	0	216	0	260	0	5706	0	788	0	2662	0	566	0	596	0	412	0	244	0	684	0	240	0	0	0	164	0	3476	0	7642	0	114	0	4712	0	0	0	3784	0	0	0	0	0	0	0	0	0	0	0	0	0	0	0	0	0	0	0	0	0	0	0	0	0	0	0	
162700	Frontal_Inf_Oper_R	88	5404	0	13196	0	0	136	9276	0	0	0	0	0	6506	0	0	0	5730	4000	10454	0	0	0	122	0	0	0	0	378	15772	0	880	0	418	0	0	0	184	0	0	0	0	0	0	0	0	0	0	0	0	0	0	0	0	0	0	0	1526	0	0	0	0	0	760	0	0	0	0	0	0	516	0	140	4870	0	0	0	632	0	152	0	76	0	134	0	0	0	0	0	0	0	0	0	0	0	0	0	0	0	0	0	0	0	0	0	0	0	0	0	0	0	0	0	0	0	0	
221916	Frontal_Inf_Tri_L	1928	0	17258	722	1238	0	31536	280	510	0	6402	0	0	0	17734	0	1302	0	2702	548	96	0	3444	244	0	0	0	0	17202	0	216	254	342	124	0	0	0	0	0	0	102	0	0	0	0	0	0	0	0	0	0	0	0	0	0	0	504	0	0	0	0	0	0	0	0	0	0	0	0	0	2484	0	1816	106	0	0	220	0	426	0	832	0	298	0	88	0	0	0	0	0	0	0	0	0	0	0	0	0	0	0	0	0	0	0	0	0	0	0	0	0	0	0	0	0	0	0	
93800	Frontal_Inf_Tri_R	0	968	0	5880	0	132	90	7908	0	0	0	6506	0	0	0	2840	0	518	1432	2506	0	0	0	1274	0	0	0	0	98	10620	0	1108	0	702	0	0	0	464	0	78	0	0	0	0	0	0	0	0	0	0	0	0	0	0	0	0	0	0	0	0	0	0	0	0	0	0	0	0	0	0	198	104	0	3376	0	0	0	0	0	98	0	0	0	0	0	0	0	0	0	0	0	0	0	0	0	0	0	0	0	0	0	0	0	0	0	0	0	0	0	0	0	0	0	0	0	0	
188248	Frontal_Inf_Orb_L	82	0	14482	834	13676	0	8876	428	8948	0	0	0	17734	0	0	0	0	0	938	352	716	184	998	86	116	0	1332	0	11880	0	682	672	92	0	0	0	0	0	0	0	244	0	0	0	0	0	0	0	0	0	0	0	0	0	0	0	0	0	0	0	0	0	0	0	0	0	0	0	0	0	3444	0	5826	158	0	0	310	0	0	0	168	0	866	0	0	0	0	0	0	0	0	0	0	0	0	0	0	0	0	0	0	0	0	0	0	0	0	0	0	0	0	0	0	0	0	0	
64452	Frontal_Inf_Orb_R	0	0	0	2752	0	1470	0	4544	0	2008	0	0	0	2840	0	0	0	0	202	726	0	538	338	660	0	0	0	546	322	4824	0	976	0	1382	0	0	0	0	0	0	0	0	0	0	0	0	0	0	0	0	0	0	0	0	0	0	0	0	0	0	0	0	0	0	0	0	0	0	0	0	370	2430	0	5298	0	0	0	0	0	0	0	0	0	0	0	0	0	0	0	0	0	0	0	0	0	0	0	0	0	0	0	0	0	0	0	0	0	0	0	0	0	0	0	0	0	0	
183604	Rolandic_Oper_L	11658	0	3380	772	0	0	6242	0	0	0	12014	0	1302	0	0	0	0	0	2616	872	0	0	114	128	0	0	0	0	16666	0	0	90	98	710	0	0	0	0	0	0	0	0	0	0	0	0	0	0	0	0	880	0	144	0	136	0	11190	0	974	0	1708	0	816	0	0	0	358	0	338	0	334	0	86	0	0	0	0	0	4472	0	11288	0	116	0	1662	0	0	0	638	0	0	0	0	0	0	0	0	0	0	0	0	0	0	0	0	0	0	0	0	0	0	0	0	0	0	0	
115240	Rolandic_Oper_R	0	2496	0	8168	0	0	0	4170	0	0	0	5730	0	518	0	0	0	0	2142	7178	0	0	0	0	0	0	0	0	0	9502	0	226	0	0	0	0	0	238	0	86	0	0	0	0	0	0	0	0	0	0	0	0	0	0	0	138	0	6076	0	104	0	260	0	2850	0	0	0	0	0	0	0	0	0	1342	0	0	0	534	0	3182	0	2222	0	134	0	140	0	0	0	184	0	0	0	0	0	0	0	0	0	0	0	0	0	0	0	0	0	0	0	0	0	0	0	0	0	0	
575628	Supp_Motor_Area_L	3352	164	54472	24182	0	0	9822	1770	0	0	2770	4000	2702	1432	938	202	2616	2142	0	44224	0	0	6536	4762	0	0	0	0	19764	3490	3256	5500	11028	17470	3372	208	8140	178	102	0	0	0	92	0	0	0	242	0	0	0	88	0	0	0	1182	0	1146	0	0	0	126	0	0	0	0	0	220	118	4920	288	6212	906	15624	888	4220	0	4618	114	2510	112	3218	90	0	0	898	0	0	0	1388	0	0	0	0	0	0	0	0	0	0	0	0	0	0	0	0	0	0	0	0	0	0	0	0	0	0	0	
813024	Supp_Motor_Area_R	10614	5350	14102	74876	0	0	8110	3330	0	0	1294	10454	548	2506	352	726	872	7178	44224	0	0	0	922	6616	0	0	0	0	3944	13584	654	7450	6778	44856	3142	5026	972	5366	284	1562	0	272	138	4994	0	1864	0	992	0	1128	1096	1848	630	142	578	1612	666	990	0	1228	0	142	0	184	0	0	512	10274	7098	18186	7658	13706	1444	13196	158	722	844	18214	252	1374	812	690	0	204	1018	2232	0	0	668	2260	0	0	0	0	0	0	0	0	0	0	0	0	0	0	0	0	0	0	0	0	794	0	0	0	0	0	
30660	Olfactory_L	0	0	280	0	1134	0	0	0	0	0	0	0	96	0	716	0	0	0	0	0	0	1512	0	0	228	0	1422	0	566	0	2224	2138	0	0	0	0	78	0	124	0	258	0	0	0	0	0	0	0	0	0	0	0	0	0	128	0	0	0	0	0	0	0	0	0	0	0	0	0	0	0	2672	528	1226	0	0	0	0	0	0	0	0	0	0	0	0	0	0	0	0	0	0	0	0	0	0	0	0	0	0	0	0	0	0	0	0	0	0	0	0	0	0	0	0	0	0	0	
41028	Olfactory_R	0	0	0	262	364	768	0	0	0	0	0	0	0	0	184	538	0	0	0	0	1512	0	0	96	0	592	522	1436	0	1494	1466	2066	0	0	0	0	0	0	0	0	0	0	0	0	0	0	0	0	0	0	0	0	0	0	0	0	0	0	0	0	0	0	0	0	0	0	0	0	0	0	3696	3044	2230	244	0	0	0	0	0	0	0	0	0	0	0	0	0	0	0	0	0	0	0	0	0	0	0	0	0	0	0	0	0	0	0	0	0	0	0	0	0	0	0	0	0	0	
249484	Frontal_Sup_Medial_L	470	0	41874	4008	3184	234	10954	294	334	0	198	0	3444	0	998	338	114	0	6536	922	0	0	0	12734	2512	808	664	0	3918	0	9860	6606	3680	5076	0	0	0	0	0	0	0	0	0	0	0	0	0	0	0	0	0	0	0	0	0	0	84	0	0	0	0	0	0	0	0	0	0	0	0	0	930	84	3760	0	0	0	0	0	0	0	124	0	0	0	0	0	0	0	0	0	0	0	0	0	0	0	0	0	0	0	0	0	0	0	0	0	0	0	0	0	0	0	0	0	0	0	
248888	Frontal_Sup_Medial_R	0	0	2994	26100	0	3420	1154	3012	0	0	148	122	244	1274	86	660	128	0	4762	6616	0	96	12734	0	240	7170	0	2040	652	1434	5468	22790	514	12704	0	0	0	0	0	0	0	0	0	0	0	0	0	0	0	0	0	0	0	0	0	0	0	0	0	0	0	0	0	0	0	0	0	0	0	0	1056	3896	192	2610	0	0	0	0	0	0	128	0	0	0	0	0	0	0	0	0	0	0	0	0	0	0	0	0	0	0	0	0	0	0	0	0	0	0	0	0	0	0	0	0	0	0	
29140	Frontal_Med_Orb_L	0	0	1808	128	3034	140	0	0	214	0	0	0	0	0	116	0	0	0	0	0	228	0	2512	240	0	676	1578	0	0	0	3054	214	0	0	0	0	0	0	0	0	0	0	0	0	0	0	0	0	0	0	0	0	0	0	0	0	0	0	0	0	0	0	0	0	0	0	0	0	0	0	380	0	248	0	0	0	0	0	0	0	0	0	0	0	0	0	0	0	0	0	0	0	0	0	0	0	0	0	0	0	0	0	0	0	0	0	0	0	0	0	0	0	0	0	0	0	
75728	Frontal_Med_Orb_R	0	0	0	4162	0	6392	0	0	0	0	0	0	0	0	0	0	0	0	0	0	0	592	808	7170	676	0	0	6138	0	0	3016	5644	0	0	0	0	0	0	0	0	0	0	0	0	0	0	0	0	0	0	0	0	0	0	0	0	0	0	0	0	0	0	0	0	0	0	0	0	0	0	0	2272	0	994	0	0	0	0	0	0	0	0	0	0	0	0	0	0	0	0	0	0	0	0	0	0	0	0	0	0	0	0	0	0	0	0	0	0	0	0	0	0	0	0	0	0	
39580	Rectus_L	0	0	680	0	5268	0	0	0	738	0	0	0	0	0	1332	0	0	0	0	0	1422	522	664	0	1578	0	0	0	0	0	3804	1158	0	0	0	0	0	0	0	0	0	0	0	0	0	0	0	0	0	0	0	0	0	0	0	0	0	0	0	0	0	0	0	0	0	0	0	0	0	0	1672	236	716	0	0	0	0	0	0	0	0	0	0	0	0	0	0	0	0	0	0	0	0	0	0	0	0	0	0	0	0	0	0	0	0	0	0	0	0	0	0	0	0	0	0	0	
49072	Rectus_R	0	0	0	1176	0	6380	0	0	0	0	0	0	0	0	0	546	0	0	0	0	0	1436	0	2040	0	6138	0	0	0	608	864	3302	0	0	0	0	0	0	0	0	0	0	0	0	0	0	0	0	0	0	0	0	0	0	0	0	0	0	0	0	0	0	0	0	0	0	0	0	0	0	0	1520	0	526	0	0	0	0	0	0	0	0	0	0	0	0	0	0	0	0	0	0	0	0	0	0	0	0	0	0	0	0	0	0	0	0	0	0	0	0	0	0	0	0	0	0	
719844	Insula_L	12196	0	31592	4802	4668	0	29812	1158	442	0	16648	378	17202	98	11880	322	16666	0	19764	3944	566	0	3918	652	0	0	0	0	0	480	692	1532	1054	686	722	296	13560	368	446	0	630	0	478	0	0	0	430	0	0	0	4826	0	920	0	7218	142	8952	0	2308	0	7312	0	1946	0	1748	0	1564	0	1054	0	19314	768	19000	918	810	0	10910	122	13408	0	18750	0	1064	0	19302	0	0	0	19484	0	0	0	0	0	0	0	0	0	0	0	0	0	0	0	0	0	0	0	0	0	0	0	0	0	0	0	
273788	Insula_R	254	4214	102	15706	0	182	240	4780	0	0	0	15772	0	10620	0	4824	0	9502	3490	13584	0	1494	0	1434	0	0	0	608	480	0	0	1264	0	836	0	0	0	5546	0	1546	0	586	0	0	0	0	0	0	0	0	0	0	0	242	0	2150	0	1504	0	0	0	0	0	108	0	0	0	0	0	454	1042	1434	246	19838	0	0	170	2736	0	3950	78	3178	0	564	0	662	0	0	0	1474	0	0	0	0	0	0	0	0	0	0	0	0	0	0	0	0	0	0	0	0	0	0	0	0	0	0	
162580	Cingulum_Ant_L	288	0	8966	2222	2560	630	1206	380	146	0	0	0	216	0	682	0	0	0	3256	654	2224	1466	9860	5468	3054	3016	3804	864	692	0	0	10526	2902	2058	1162	0	98	0	0	0	0	0	0	0	0	0	0	0	0	0	0	0	0	0	0	0	0	0	0	0	0	0	0	0	0	0	0	0	0	0	5312	1358	5572	648	0	0	0	0	0	0	0	0	0	0	0	0	0	0	0	0	0	0	0	0	0	0	0	0	0	0	0	0	0	0	0	0	0	0	0	0	0	0	0	0	0	0	
335376	Cingulum_Ant_R	162	144	2562	28478	654	2332	576	10756	0	0	142	880	254	1108	672	976	90	226	5500	7450	2138	2066	6606	22790	214	5644	1158	3302	1532	1264	10526	0	892	14058	0	0	0	368	0	0	0	0	0	0	0	0	0	0	0	0	0	0	0	0	0	0	0	0	0	0	0	0	0	0	0	0	0	0	0	0	7036	11380	2850	9972	0	0	0	800	0	0	130	0	0	0	0	0	0	0	0	0	0	0	0	0	0	0	0	0	0	0	0	0	0	0	0	0	0	0	0	0	0	0	0	0	0	0	
166924	Cingulum_Mid_L	734	250	6074	748	0	0	1412	0	0	0	280	0	342	0	92	0	98	0	11028	6778	0	0	3680	514	0	0	0	0	1054	0	2902	892	0	10888	7932	346	654	0	0	0	0	0	1018	562	360	896	0	0	2760	716	3002	736	0	0	0	0	84	0	140	0	0	0	0	0	0	0	4814	1980	4254	0	336	0	344	0	0	0	3844	84	96	0	132	0	0	0	236	218	0	0	152	0	0	0	0	0	0	0	0	0	0	0	0	0	0	0	0	0	0	0	0	0	0	0	0	0	0	0	
504404	Cingulum_Mid_R	4936	2882	6336	15876	0	0	4682	1878	0	0	738	418	124	702	0	1382	710	0	17470	44856	0	0	5076	12704	0	0	0	0	686	836	2058	14058	10888	0	3580	6554	0	500	266	0	0	0	92	10516	0	6344	0	1270	0	4312	1096	6562	608	222	478	396	90	2652	0	540	0	0	0	102	0	0	1500	20428	7090	16386	1660	0	206	114	0	0	110	206	0	0	688	0	0	0	930	3852	0	0	520	2258	0	0	0	0	0	0	0	0	0	0	0	0	0	0	0	0	0	0	0	0	778	0	0	0	0	0	
161604	Cingulum_Post_L	974	116	224	236	0	0	522	0	0	0	168	0	0	0	0	0	0	0	3372	3142	0	0	0	0	0	0	0	0	722	0	1162	0	7932	3580	0	11192	2478	3988	808	1116	0	0	3334	824	222	146	1522	94	1500	132	5240	182	306	584	274	1538	238	0	314	0	324	0	86	0	198	0	8668	2122	2288	688	498	0	0	0	0	0	300	1372	456	0	80	0	0	0	2452	238	0	0	958	874	0	0	0	0	0	0	228	0	0	0	0	0	0	0	0	0	0	0	0	0	790	0	0	0	0	0	
163080	Cingulum_Post_R	640	0	122	196	0	0	342	0	0	0	0	0	0	0	0	0	0	0	208	5026	0	0	0	0	0	0	0	0	296	0	0	0	346	6554	11192	0	1960	4858	614	1358	0	0	166	3890	568	556	490	4532	464	256	1334	368	130	800	214	2408	208	128	0	268	0	0	0	0	0	0	2500	13420	872	1644	286	0	0	0	0	0	158	1318	0	0	0	0	0	0	790	1290	0	0	438	2260	0	0	0	0	0	0	0	218	0	0	0	0	0	0	0	0	0	0	0	0	5854	0	0	0	0	0	
259028	Hippocampus_L	788	0	7422	560	0	0	914	0	0	0	306	0	0	0	0	0	0	0	8140	972	78	0	0	0	0	0	0	0	13560	0	98	0	654	0	2478	1960	0	2258	7772	1150	5746	0	582	0	0	0	3378	0	0	0	512	0	886	0	16644	280	516	0	0	0	146	0	0	0	0	0	1426	728	102	0	2876	488	8842	354	472	0	6266	2454	2994	0	3104	0	252	0	7638	0	0	0	13336	88	116	0	0	0	0	0	178	0	0	0	0	0	0	0	0	0	0	0	0	0	0	0	0	0	0	0	
313280	Hippocampus_R	850	3762	152	9046	0	0	472	1040	0	0	84	184	0	464	0	0	0	238	178	5366	0	0	0	0	0	0	0	0	368	5546	0	368	0	500	3988	4858	2258	0	1082	25086	0	8888	0	0	0	0	814	1644	0	0	146	0	372	1172	450	25128	202	160	0	0	0	0	0	0	0	0	372	1912	144	94	1012	2302	0	16360	0	1656	640	8598	0	594	0	1058	0	1730	290	1446	0	1852	222	9094	0	0	0	0	0	0	0	840	0	694	0	0	0	0	0	0	0	0	0	0	864	0	0	0	0	0	
72156	ParaHippocampal_L	226	178	88	0	0	0	0	0	0	0	0	0	0	0	0	0	0	0	102	284	124	0	0	0	0	0	0	0	446	0	0	0	0	266	808	614	7772	1082	0	506	1490	0	224	0	0	0	5158	0	0	0	326	0	1466	76	5346	216	0	0	0	0	0	0	0	0	0	0	2138	492	0	182	0	0	492	0	0	0	836	1410	0	0	118	0	0	0	934	0	0	0	1346	116	260	0	0	0	0	0	660	0	296	0	0	0	0	0	0	0	0	0	0	0	0	0	0	0	0	0	
202604	ParaHippocampal_R	0	130	0	1686	0	0	0	76	0	0	0	0	0	78	0	0	0	86	0	1562	0	0	0	0	0	0	0	0	0	1546	0	0	0	0	1116	1358	1150	25086	506	0	0	8140	0	0	0	0	470	4564	0	0	0	0	0	1796	0	24568	0	0	0	0	0	0	0	0	0	0	88	1634	0	0	0	478	0	6472	0	1454	152	2076	0	182	0	558	0	3852	0	432	0	1960	0	4742	0	154	0	0	0	0	0	1850	0	894	0	0	0	0	0	0	0	0	0	0	406	0	0	0	0	0	
29864	Amygdala_L	0	0	226	0	250	0	0	0	0	0	0	0	102	0	244	0	0	0	0	0	258	0	0	0	0	0	0	0	630	0	0	0	0	0	0	0	5746	0	1490	0	0	0	0	0	0	0	0	0	0	0	0	0	0	0	3362	0	0	0	0	0	0	0	0	0	0	0	0	0	0	0	0	0	758	140	0	0	0	0	0	0	0	0	0	0	0	0	0	0	1726	0	0	0	0	0	0	0	0	0	0	0	0	0	0	0	0	0	0	0	0	0	0	0	0	0	0	0	
70168	Amygdala_R	0	0	0	272	0	0	0	0	0	0	0	0	0	0	0	0	0	0	0	272	0	0	0	0	0	0	0	0	0	586	0	0	0	0	0	0	0	8888	0	8140	0	0	0	0	0	0	0	0	0	0	0	0	0	0	0	5910	0	0	0	0	0	0	0	0	0	0	0	0	0	0	0	0	0	2964	0	0	0	0	0	0	0	0	0	4512	0	378	0	2456	0	558	0	0	0	0	0	0	0	148	0	0	0	0	0	0	0	0	0	0	0	0	0	0	0	0	0	0	
227392	Calcarine_L	268	0	894	0	0	0	84	0	0	0	86	0	0	0	0	0	0	0	92	138	0	0	0	0	0	0	0	0	478	0	0	0	1018	92	3334	166	582	0	224	0	0	0	0	5912	14040	3514	12278	1522	10430	2208	26486	0	3490	0	1368	0	104	0	1202	0	430	0	0	0	170	0	16448	254	558	0	0	0	0	0	0	0	780	0	412	0	102	0	0	0	2908	0	0	0	1114	0	0	0	0	0	0	0	260	0	0	0	0	0	0	0	0	0	0	0	0	0	250	0	0	0	0	0	
343980	Calcarine_R	0	1048	0	164	0	0	0	0	0	0	0	0	0	0	0	0	0	0	0	4994	0	0	0	0	0	0	0	0	0	0	0	0	562	10516	824	3890	0	0	0	0	0	0	5912	0	7914	20694	526	18182	0	20378	266	12714	78	3922	0	5054	0	1342	0	502	0	0	0	228	0	98	5270	26398	1398	5418	0	0	0	0	0	0	0	0	0	0	0	76	0	0	120	7580	0	0	0	5172	0	0	0	0	0	0	0	0	0	0	0	0	0	0	0	0	0	0	0	0	750	0	0	0	0	0	
166180	Cuneus_L	0	0	0	0	0	0	0	0	0	0	0	0	0	0	0	0	0	0	0	0	0	0	0	0	0	0	0	0	0	0	0	0	360	0	222	568	0	0	0	0	0	0	14040	7914	0	7698	1158	1300	17886	4518	11894	678	282	0	0	0	0	0	1372	0	108	0	0	0	0	0	11328	924	138	0	0	0	0	0	0	0	0	0	0	0	0	0	0	0	552	0	0	0	150	0	0	0	0	0	0	0	0	0	0	0	0	0	0	0	0	0	0	0	0	0	0	0	0	0	0	0	
248628	Cuneus_R	0	0	0	0	0	0	0	0	0	0	0	0	0	0	0	0	0	0	0	1864	0	0	0	0	0	0	0	0	0	0	0	0	896	6344	146	556	0	0	0	0	0	0	3514	20694	7698	0	0	2200	196	30610	118	7444	0	0	0	876	0	206	358	3250	0	0	0	0	0	0	10772	22920	484	2132	0	0	0	0	0	0	0	0	0	0	0	0	0	0	0	630	0	0	0	406	0	0	0	0	0	0	0	0	0	0	0	0	0	0	0	0	0	0	0	0	0	0	0	0	0	0	
281820	Lingual_L	0	0	264	0	0	0	0	0	0	0	0	0	0	0	0	0	0	0	242	0	0	0	0	0	0	0	0	0	430	0	0	0	0	0	1522	490	3378	814	5158	470	0	0	12278	526	1158	0	0	1974	1452	310	17596	0	11566	0	17130	576	0	0	0	0	0	0	0	0	0	0	6802	560	0	0	0	0	204	0	0	0	104	1330	0	0	0	0	0	0	294	0	0	0	1974	0	5242	2164	1158	98	658	0	11040	2212	14422	3118	0	0	0	0	0	256	0	0	78	80	5440	4418	1470	184	176	94	
247500	Lingual_R	0	92	0	0	0	0	0	0	0	0	0	0	0	0	0	0	0	0	0	992	0	0	0	0	0	0	0	0	0	0	0	0	0	1270	94	4532	0	1644	0	4564	0	0	1522	18182	1300	2200	1974	0	0	4268	0	1844	0	3884	1060	15984	0	158	0	260	0	0	0	0	0	0	654	13774	466	486	0	0	0	0	0	0	0	402	0	0	0	0	0	0	0	772	0	0	0	1594	2676	3056	1176	0	0	0	1498	6298	3200	6036	0	0	0	0	0	0	0	0	0	0	6210	6280	3348	0	0	0	
186668	Occipital_Sup_L	192	0	0	0	0	0	0	0	0	0	0	0	0	0	0	0	0	0	0	0	0	0	0	0	0	0	0	0	0	0	0	0	2760	0	1500	464	0	0	0	0	0	0	10430	0	17886	196	1452	0	0	0	31552	0	0	0	0	0	252	0	8882	0	706	0	0	0	0	0	14210	1486	568	0	0	0	0	0	0	0	0	0	0	0	120	0	0	0	600	0	0	0	78	0	0	0	0	0	0	0	0	0	0	0	0	0	0	0	0	0	0	0	0	0	0	0	0	0	0	0	
246008	Occipital_Sup_R	0	0	0	0	0	0	0	0	0	0	0	0	0	0	0	0	0	0	0	1128	0	0	0	0	0	0	0	0	0	0	0	0	716	4312	132	256	0	0	0	0	0	0	2208	20378	4518	30610	310	4268	0	0	0	20540	0	342	0	1608	0	376	0	4750	0	304	0	76	0	1376	6048	15466	198	664	0	0	0	0	0	0	0	0	0	0	0	0	0	0	0	2420	0	0	0	0	0	0	0	0	0	0	0	0	0	0	0	0	0	0	0	0	0	0	0	0	0	0	0	0	0	0	
579864	Occipital_Mid_L	5052	136	86	0	0	0	2808	0	0	0	1570	0	0	0	0	0	880	0	88	1096	0	0	0	0	0	0	0	0	4826	0	0	0	3002	1096	5240	1334	512	146	326	0	0	0	26486	266	11894	118	17596	0	31552	0	0	0	21944	90	7574	172	6000	0	24444	0	23454	0	2824	0	13542	0	22198	1038	3620	684	118	0	0	0	0	0	0	0	2734	0	1744	0	0	0	29250	162	0	0	9884	266	538	0	0	0	0	0	384	90	616	94	0	0	0	0	0	0	0	0	0	0	358	0	0	0	0	0	
229348	Occipital_Mid_R	0	0	0	0	0	0	0	0	0	0	0	0	0	0	0	0	0	0	0	1848	0	0	0	0	0	0	0	0	0	0	0	0	736	6562	182	368	0	0	0	0	0	0	0	12714	678	7444	0	1844	0	20540	0	0	0	2424	0	1892	0	490	0	1690	0	4722	0	3384	0	13452	1442	12994	364	1404	0	0	0	0	0	0	0	0	0	0	0	784	0	0	0	15132	0	0	0	1584	0	0	0	0	0	0	0	0	0	0	0	0	0	0	0	0	0	0	0	0	0	0	0	0	0	0	
150980	Occipital_Inf_L	790	460	76	0	0	0	318	0	0	0	216	0	0	0	0	0	144	0	0	630	0	0	0	0	0	0	0	0	920	0	0	0	0	608	306	130	886	372	1466	0	0	0	3490	78	282	0	11566	0	0	0	21944	0	0	0	14824	168	174	0	0	0	78	0	0	0	0	0	1270	0	106	376	82	0	0	0	0	0	0	0	730	0	464	0	0	0	5774	0	0	0	5244	86	712	0	96	0	0	0	134	0	402	0	0	0	0	0	0	0	0	0	0	0	88	0	0	0	0	0	
74184	Occipital_Inf_R	0	682	0	228	0	0	0	0	0	0	0	0	0	0	0	0	0	0	0	142	0	0	0	0	0	0	0	0	0	242	0	0	0	222	584	800	0	1172	76	1796	0	0	0	3922	0	0	0	3884	0	342	90	2424	0	0	0	8888	0	98	0	0	0	0	0	0	0	0	0	1122	0	144	0	0	0	0	0	0	0	0	0	0	0	148	0	0	0	698	0	0	0	9052	0	90	0	0	0	0	0	0	0	128	0	0	0	0	0	0	0	0	0	0	118	0	0	0	0	0	
440236	Fusiform_L	700	336	1410	88	0	0	532	0	0	0	260	0	0	0	0	0	136	0	1182	578	128	0	0	0	0	0	0	0	7218	0	0	0	0	478	274	214	16644	450	5346	0	3362	0	1368	0	0	0	17130	1060	0	0	7574	0	14824	0	0	626	156	0	110	0	178	0	0	0	0	0	2392	132	94	308	1232	0	2164	0	0	0	778	128	1254	0	3374	0	884	0	10960	0	1120	0	21876	88	21690	1186	6010	342	614	0	17352	686	31282	1800	244	0	172	190	160	82	0	0	186	176	2808	2690	3120	78	104	0	
376548	Fusiform_R	0	2390	0	1894	0	0	216	0	0	0	0	0	0	0	0	0	0	138	0	1612	0	0	0	0	0	0	0	0	142	2150	0	0	0	396	1538	2408	280	25128	216	24568	0	5910	0	5054	0	876	576	15984	0	1608	172	1892	168	8888	626	0	0	190	0	0	0	0	0	0	0	0	322	3974	0	144	106	276	0	5956	0	1376	0	502	0	194	0	912	0	5358	110	3890	0	3806	0	22260	600	5870	398	0	0	0	932	7704	840	10618	0	0	0	0	0	0	0	0	0	0	3176	2492	1438	0	0	0	
271464	Postcentral_L	26594	0	1330	482	0	0	5438	0	0	0	5706	0	504	0	0	0	11190	0	1146	666	0	0	84	0	0	0	0	0	8952	0	0	0	84	90	238	208	516	202	0	0	0	0	104	0	0	0	0	0	252	0	6000	0	174	0	156	0	0	0	11592	0	26634	0	6402	0	164	0	4432	0	3626	0	772	98	0	0	0	0	218	0	3562	0	3972	0	0	0	2312	0	0	0	1832	0	0	0	0	0	0	0	0	0	0	0	0	0	0	0	0	0	0	0	0	0	0	0	0	0	0	0	
168864	Postcentral_R	0	21228	0	986	0	0	0	1460	0	0	0	1526	0	0	0	0	0	6076	0	990	0	0	0	0	0	0	0	0	0	1504	0	0	0	2652	0	128	0	160	0	0	0	0	0	1342	0	206	0	158	0	376	0	490	0	98	0	190	0	0	0	4184	0	4182	0	10674	0	300	0	3214	0	7548	0	0	0	572	0	0	0	286	0	82	0	3658	0	0	0	6078	0	0	0	4084	0	0	0	0	0	0	0	0	0	0	0	0	0	0	0	0	0	0	0	0	0	0	0	0	0	0	
228712	Parietal_Sup_L	2924	0	0	0	0	0	1484	0	0	0	788	0	0	0	0	0	974	0	0	0	0	0	0	0	0	0	0	0	2308	0	0	0	140	0	314	0	0	0	0	0	0	0	1202	0	1372	358	0	0	8882	0	24444	0	0	0	110	0	11592	0	0	0	21892	0	1444	0	540	0	17316	716	3340	0	0	0	0	0	0	0	0	0	1150	0	1576	0	0	0	5124	0	0	0	4366	0	0	0	0	0	0	0	0	0	0	0	0	0	0	0	0	0	0	0	0	0	0	0	0	0	0	0	
77096	Parietal_Sup_R	0	354	0	0	0	0	0	0	0	0	0	0	0	0	0	0	0	104	0	1228	0	0	0	0	0	0	0	0	0	0	0	0	0	540	0	268	0	0	0	0	0	0	0	502	0	3250	0	260	0	4750	0	1690	0	0	0	0	0	4184	0	0	0	4544	0	1938	0	1938	242	8530	0	1440	0	0	0	0	0	0	0	0	0	0	0	512	0	0	0	1182	0	0	0	908	0	0	0	0	0	0	0	0	0	0	0	0	0	0	0	0	0	0	0	0	184	0	0	0	0	0	
315284	Parietal_Inf_L	9316	0	126	0	0	0	3948	0	0	0	2662	0	0	0	0	0	1708	0	126	0	0	0	0	0	0	0	0	0	7312	0	0	0	0	0	324	0	146	0	0	0	0	0	430	0	108	0	0	0	706	0	23454	0	78	0	178	0	26634	0	21892	0	0	0	13240	0	15784	0	4378	0	2162	0	312	0	0	0	0	0	0	0	2198	0	3104	0	0	0	10294	0	0	0	7022	0	0	0	0	0	0	0	0	0	0	0	0	0	0	0	0	0	0	0	0	0	0	0	0	0	0	0	
81796	Parietal_Inf_R	0	920	0	0	0	0	0	0	0	0	0	0	0	0	0	0	0	260	0	142	0	0	0	0	0	0	0	0	0	0	0	0	0	0	0	0	0	0	0	0	0	0	0	0	0	0	0	0	0	304	0	4722	0	0	0	0	0	4182	0	4544	0	0	0	12446	0	10330	0	0	0	178	0	0	0	0	0	0	0	0	0	0	0	602	0	0	0	1608	0	0	0	660	0	0	0	0	0	0	0	0	0	0	0	0	0	0	0	0	0	0	0	0	0	0	0	0	0	0	
98116	SupraMarginal_L	1428	0	0	0	0	0	874	0	0	0	566	0	0	0	0	0	816	0	0	0	0	0	0	0	0	0	0	0	1946	0	0	0	0	0	86	0	0	0	0	0	0	0	0	0	0	0	0	0	0	0	2824	0	0	0	0	0	6402	0	1444	0	13240	0	0	0	3530	0	206	0	108	0	0	0	0	0	0	0	0	0	1064	0	4872	0	0	0	7198	0	0	0	2454	0	0	0	0	0	0	0	0	0	0	0	0	0	0	0	0	0	0	0	0	0	0	0	0	0	0	0	
110616	SupraMarginal_R	0	3546	0	214	0	0	0	230	0	0	0	760	0	0	0	0	0	2850	0	184	0	0	0	0	0	0	0	0	0	108	0	0	0	102	0	0	0	0	0	0	0	0	0	228	0	0	0	0	0	76	0	3384	0	0	0	0	0	10674	0	1938	0	12446	0	0	0	6848	0	522	0	288	0	0	0	296	0	0	0	0	0	0	0	5346	0	0	0	4486	0	0	0	782	0	0	0	0	0	0	0	0	0	0	0	0	0	0	0	0	0	0	0	0	0	0	0	0	0	0	
107692	Angular_L	380	0	0	0	0	0	958	0	0	0	596	0	0	0	0	0	0	0	0	0	0	0	0	0	0	0	0	0	1748	0	0	0	0	0	198	0	0	0	0	0	0	0	170	0	0	0	0	0	0	0	13542	0	0	0	0	0	164	0	540	0	15784	0	3530	0	0	0	370	0	236	0	0	0	0	0	0	0	0	0	660	0	520	0	0	0	9562	0	0	0	4888	0	0	0	0	0	0	0	0	0	0	0	0	0	0	0	0	0	0	0	0	0	0	0	0	0	0	0	
82916	Angular_R	0	0	0	0	0	0	0	0	0	0	0	0	0	0	0	0	0	0	0	0	0	0	0	0	0	0	0	0	0	0	0	0	0	0	0	0	0	0	0	0	0	0	0	98	0	0	0	0	0	1376	0	13452	0	0	0	0	0	300	0	1938	0	10330	0	6848	0	0	0	0	0	0	0	0	0	0	0	0	0	0	0	0	0	2130	0	0	0	4986	0	0	0	0	0	0	0	0	0	0	0	0	0	0	0	0	0	0	0	0	0	0	0	0	0	0	0	0	0	0	
365448	Precuneus_L	1866	0	936	0	0	0	712	0	0	0	412	0	0	0	0	0	358	0	220	512	0	0	0	0	0	0	0	0	1564	0	0	0	4814	1500	8668	2500	1426	372	2138	88	0	0	16448	5270	11328	10772	6802	654	14210	6048	22198	1442	1270	0	2392	322	4432	0	17316	242	4378	0	206	0	370	0	0	12632	3106	92	102	0	0	0	0	0	802	812	974	0	624	0	0	0	5294	186	0	0	2920	0	0	0	0	0	0	0	498	0	0	0	0	0	0	0	0	0	0	0	0	0	496	0	0	0	0	0	
443264	Precuneus_R	106	1644	104	78	0	0	108	0	0	0	0	0	0	0	0	0	0	0	118	10274	0	0	0	0	0	0	0	0	0	0	0	0	1980	20428	2122	13420	728	1912	492	1634	0	0	254	26398	924	22920	560	13774	1486	15466	1038	12994	0	1122	132	3974	0	3214	716	8530	0	0	0	522	0	0	12632	0	1980	10888	0	0	0	0	0	0	0	1012	0	0	0	776	0	0	186	10794	0	0	82	6934	0	0	0	0	0	0	0	474	0	0	0	0	0	0	0	0	0	0	0	0	6702	0	0	0	0	0	
137412	Paracentral_Lobule_L	7520	2514	568	974	0	0	412	0	0	0	244	0	0	0	0	0	338	0	4920	7098	0	0	0	0	0	0	0	0	1054	0	0	0	4254	7090	2288	872	102	144	0	0	0	0	558	1398	138	484	0	466	568	198	3620	364	106	0	94	0	3626	0	3340	0	2162	0	108	0	236	0	3106	1980	0	2540	0	0	132	0	0	0	250	0	258	0	0	0	0	0	1300	132	0	0	928	0	0	0	0	0	0	0	0	0	0	0	0	0	0	0	0	0	0	0	0	0	222	0	0	0	0	0	
181708	Paracentral_Lobule_R	850	6340	0	176	0	0	0	0	0	0	0	0	0	0	0	0	0	0	288	18186	0	0	0	0	0	0	0	0	0	454	0	0	0	16386	688	1644	0	94	182	0	0	0	0	5418	0	2132	0	486	0	664	684	1404	376	144	308	144	0	7548	0	1440	0	178	0	288	0	0	92	10888	2540	0	0	0	0	0	0	0	0	0	0	146	0	546	0	0	646	4484	0	0	416	4140	0	0	0	0	0	0	0	0	0	0	0	0	0	0	0	0	0	0	0	0	454	0	0	0	0	0	
320076	Caudate_L	4136	0	7442	8754	992	0	5382	1694	164	0	684	516	2484	198	3444	370	334	0	6212	7658	2672	3696	930	1056	380	0	1672	0	19314	1042	5312	7036	336	1660	498	286	2876	1012	0	0	0	0	0	0	0	0	0	0	0	0	118	0	82	0	1232	106	772	0	0	0	312	0	0	0	0	0	102	0	0	0	0	7212	22672	2842	2534	0	13440	1138	694	0	3112	0	166	0	1632	0	0	0	1630	0	0	0	0	0	0	0	0	0	0	0	0	0	0	0	0	0	0	0	0	0	0	0	0	0	0	0	
219740	Caudate_R	1690	0	892	13600	118	1960	336	1018	0	344	0	0	0	104	0	2430	0	0	906	13706	528	3044	84	3896	0	2272	236	1520	768	1434	1358	11380	0	0	0	0	488	2302	0	478	0	0	0	0	0	0	0	0	0	0	0	0	0	0	0	276	98	0	0	0	0	0	0	0	0	0	0	0	0	0	7212	0	2238	17826	122	580	126	14338	162	0	0	0	0	0	0	0	0	0	0	0	0	0	0	0	0	0	0	0	0	0	0	0	0	0	0	0	0	0	0	0	0	0	0	0	0	0	
311608	Putamen_L	202	0	23810	1382	5392	0	3136	0	1416	0	240	140	1816	0	5826	0	86	0	15624	1444	1226	2230	3760	192	248	0	716	0	19000	246	5572	2850	344	206	0	0	8842	0	492	0	758	0	0	0	0	0	204	0	0	0	0	0	0	0	2164	0	0	0	0	0	0	0	0	0	0	0	0	0	132	0	22672	2238	0	806	5020	0	9366	100	202	0	2366	0	428	0	504	0	0	0	2406	0	0	0	0	0	0	0	0	0	0	0	0	0	0	0	0	0	0	0	0	0	0	0	0	0	0	0	
324240	Putamen_R	194	2000	616	21710	0	1082	262	4868	0	640	0	4870	106	3376	158	5298	0	1342	888	13196	0	244	0	2610	0	994	0	526	918	19838	648	9972	0	114	0	0	354	16360	0	6472	140	2964	0	0	0	0	0	0	0	0	0	0	0	0	0	5956	0	572	0	0	0	0	0	296	0	0	0	0	0	0	2842	17826	806	0	0	1888	0	6260	144	452	0	0	0	894	0	154	0	514	0	650	0	0	0	0	0	0	0	0	0	106	0	0	0	0	0	0	0	0	0	0	0	0	0	0	0	0	
36416	Pallidum_L	176	0	2734	0	0	0	0	0	0	0	0	0	0	0	0	0	0	0	4220	158	0	0	0	0	0	0	0	0	810	0	0	0	0	0	0	0	472	0	0	0	0	0	0	0	0	0	0	0	0	0	0	0	0	0	0	0	0	0	0	0	0	0	0	0	0	0	0	0	0	0	2534	122	5020	0	0	0	1652	0	0	0	310	0	0	0	0	0	0	0	0	0	0	0	0	0	0	0	0	0	0	0	0	0	0	0	0	0	0	0	0	0	0	0	0	0	0	0	
18536	Pallidum_R	0	0	0	1364	0	0	0	0	0	0	0	0	0	0	0	0	0	0	0	722	0	0	0	0	0	0	0	0	0	0	0	0	0	0	0	0	0	1656	0	1454	0	0	0	0	0	0	0	0	0	0	0	0	0	0	0	1376	0	0	0	0	0	0	0	0	0	0	0	0	0	0	0	580	0	1888	0	0	0	92	0	0	0	0	0	0	0	0	0	0	0	0	0	0	0	0	0	0	0	0	0	136	0	0	0	0	0	0	0	0	0	0	0	0	0	0	0	0	
146004	Thalamus_L	924	0	8166	150	0	0	202	0	0	0	164	0	220	0	310	0	0	0	4618	844	0	0	0	0	0	0	0	0	10910	170	0	0	3844	110	300	158	6266	640	836	152	0	0	780	0	0	0	104	0	0	0	0	0	0	0	778	0	218	0	0	0	0	0	0	0	0	0	802	0	250	0	13440	126	9366	0	1652	0	0	1584	314	0	2256	0	138	0	1088	0	0	0	1122	0	0	0	0	0	0	0	0	0	0	0	0	0	0	0	0	0	0	0	0	0	0	0	0	0	0	0	
211748	Thalamus_R	4910	4364	104	24304	0	0	222	2748	0	0	0	632	0	0	0	0	0	534	114	18214	0	0	0	0	0	0	0	0	122	2736	0	800	84	206	1372	1318	2454	8598	1410	2076	0	0	0	0	0	0	1330	402	0	0	0	0	0	0	128	502	0	286	0	0	0	0	0	0	0	0	812	1012	0	0	1138	14338	100	6260	0	92	1584	0	0	188	0	0	0	0	0	0	0	0	0	0	0	0	0	0	0	0	0	160	0	0	0	0	0	0	0	0	0	0	0	0	220	0	0	0	0	0	
161972	Heschl_L	3534	0	2518	94	0	0	4366	0	0	0	3476	0	426	0	0	0	4472	0	2510	252	0	0	0	0	0	0	0	0	13408	0	0	0	96	0	456	0	2994	0	0	0	0	0	412	0	0	0	0	0	0	0	2734	0	730	0	1254	0	3562	0	1150	0	2198	0	1064	0	660	0	974	0	258	0	694	162	202	144	0	0	314	0	0	0	7998	0	0	0	11450	0	0	0	6424	0	0	0	0	0	0	0	0	0	0	0	0	0	0	0	0	0	0	0	0	0	0	0	0	0	0	0	
34664	Heschl_R	0	886	0	1462	0	0	0	324	0	0	0	152	0	98	0	0	0	3182	112	1374	0	0	0	0	0	0	0	0	0	3950	0	0	0	0	0	0	0	594	0	182	0	0	0	0	0	0	0	0	0	0	0	0	0	0	0	194	0	82	0	0	0	0	0	0	0	0	0	0	0	146	0	0	0	452	0	0	0	188	0	0	0	3812	0	0	0	0	0	0	0	142	0	0	0	0	0	0	0	0	0	0	0	0	0	0	0	0	0	0	0	0	0	0	0	0	0	0	
282792	Temporal_Sup_L	6156	0	4654	682	140	0	5438	0	0	0	7642	0	832	0	168	0	11288	0	3218	812	0	0	124	128	0	0	0	0	18750	78	0	130	132	688	80	0	3104	0	118	0	0	0	102	0	0	0	0	0	120	0	1744	0	464	0	3374	0	3972	0	1576	0	3104	0	4872	0	520	0	624	0	0	0	3112	0	2366	0	310	0	2256	0	7998	0	0	0	3748	0	24122	0	0	0	12650	0	0	0	0	0	0	0	0	0	0	0	0	0	0	0	0	0	0	0	0	0	0	0	0	0	0	0	
90716	Temporal_Sup_R	0	1474	0	536	0	0	0	0	0	0	0	76	0	0	0	0	0	2222	90	690	0	0	0	0	0	0	0	0	0	3178	0	0	0	0	0	0	0	1058	0	558	0	0	0	76	0	0	0	0	0	0	0	784	0	148	0	912	0	3658	0	512	0	602	0	5346	0	2130	0	776	0	546	0	0	0	0	0	0	0	0	0	3812	0	0	0	2658	0	11088	0	332	0	2096	0	0	0	0	0	0	0	0	0	0	0	0	0	0	0	0	0	0	0	0	0	0	0	0	0	0	
45072	Temporal_Pole_Sup_L	0	0	390	0	300	0	0	0	0	0	114	0	298	0	866	0	116	0	0	0	0	0	0	0	0	0	0	0	1064	0	0	0	0	0	0	0	252	0	0	0	0	0	0	0	0	0	0	0	0	0	0	0	0	0	884	0	0	0	0	0	0	0	0	0	0	0	0	0	0	0	166	0	428	0	0	0	138	0	0	0	3748	0	0	0	7358	0	2852	0	3562	0	0	0	0	0	0	0	0	0	0	0	0	0	0	0	0	0	0	0	0	0	0	0	0	0	0	0	
62192	Temporal_Pole_Sup_R	0	0	0	210	0	0	0	0	0	0	0	134	0	0	0	0	0	134	0	204	0	0	0	0	0	0	0	0	0	564	0	0	0	0	0	0	0	1730	0	3852	0	4512	0	0	0	0	0	0	0	0	0	0	0	0	0	5358	0	0	0	0	0	0	0	0	0	0	0	0	0	0	0	0	0	894	0	0	0	0	0	0	0	2658	0	0	0	3434	0	4944	0	2468	0	0	0	0	0	0	0	0	0	0	0	0	0	0	0	0	0	0	0	0	0	0	0	0	0	0	
506276	Temporal_Mid_L	4378	398	1290	94	0	0	9144	0	0	0	4712	0	88	0	0	0	1662	0	898	1018	0	0	0	0	0	0	0	0	19302	0	0	0	236	930	2452	790	7638	290	934	0	0	0	2908	120	552	0	294	0	600	0	29250	0	5774	0	10960	110	2312	0	5124	0	10294	0	7198	0	9562	0	5294	186	1300	646	1632	0	504	0	0	0	1088	0	11450	0	24122	0	7358	0	0	80	4592	0	53334	146	94	0	0	0	0	0	0	0	0	0	0	0	0	0	0	0	0	0	0	0	0	0	0	0	0	0	
278988	Temporal_Mid_R	0	5150	0	98	0	0	0	0	0	0	0	0	0	0	0	0	0	140	0	2232	0	0	0	0	0	0	0	0	0	662	0	0	218	3852	238	1290	0	1446	0	432	0	378	0	7580	0	630	0	772	0	2420	162	15132	0	698	0	3890	0	6078	0	1182	0	1608	0	4486	0	4986	186	10794	132	4484	0	0	0	154	0	0	0	0	0	0	0	11088	0	3434	80	0	0	2030	0	40924	0	0	0	0	0	0	0	0	0	0	0	0	0	0	0	0	0	0	0	0	428	0	0	0	0	0	
25232	Temporal_Pole_Mid_L	0	0	0	0	0	0	0	0	0	0	0	0	0	0	0	0	0	0	0	0	0	0	0	0	0	0	0	0	0	0	0	0	0	0	0	0	0	0	0	0	0	0	0	0	0	0	0	0	0	0	0	0	0	0	1120	0	0	0	0	0	0	0	0	0	0	0	0	0	0	0	0	0	0	0	0	0	0	0	0	0	0	0	2852	0	4592	0	0	0	4052	0	0	0	0	0	0	0	0	0	0	0	0	0	0	0	0	0	0	0	0	0	0	0	0	0	0	0	
39928	Temporal_Pole_Mid_R	0	0	0	0	0	0	0	0	0	0	0	0	0	0	0	0	0	0	0	0	0	0	0	0	0	0	0	0	0	0	0	0	0	0	0	0	0	1852	0	1960	0	2456	0	0	0	0	0	0	0	0	0	0	0	0	0	3806	0	0	0	0	0	0	0	0	0	0	0	0	0	0	0	0	0	514	0	0	0	0	0	0	0	332	0	4944	0	2030	0	0	0	2070	0	0	0	0	0	0	0	0	0	0	0	0	0	0	0	0	0	0	0	0	0	0	0	0	0	0	
426488	Temporal_Inf_L	2960	208	1908	86	0	0	7660	0	0	0	3784	0	0	0	0	0	638	0	1388	668	0	0	0	0	0	0	0	0	19484	0	0	0	152	520	958	438	13336	222	1346	0	1726	0	1114	0	150	0	1974	0	78	0	9884	0	5244	0	21876	0	1832	0	4366	0	7022	0	2454	0	4888	0	2920	82	928	416	1630	0	2406	0	0	0	1122	0	6424	0	12650	0	3562	0	53334	0	4052	0	0	76	3256	0	500	0	0	0	0	0	986	0	150	0	386	0	0	0	0	0	0	0	0	0	0	0	0	0	
279008	Temporal_Inf_R	0	6212	0	422	0	0	0	0	0	0	0	0	0	0	0	0	0	184	0	2260	0	0	0	0	0	0	0	0	0	1474	0	0	0	2258	874	2260	88	9094	116	4742	0	558	0	5172	0	406	0	1594	0	0	266	1584	86	9052	88	22260	0	4084	0	908	0	660	0	782	0	0	0	6934	0	4140	0	0	0	650	0	0	0	0	0	142	0	2096	0	2468	146	40924	0	2070	76	0	0	642	0	0	0	0	0	0	0	1166	0	0	0	0	0	0	0	0	0	0	566	0	0	0	0	0	
558496	Cerebelum_Crus1_L	0	0	0	0	0	0	0	0	0	0	0	0	0	0	0	0	0	0	0	0	0	0	0	0	0	0	0	0	0	0	0	0	0	0	0	0	116	0	260	0	0	0	0	0	0	0	5242	2676	0	0	538	0	712	0	21690	600	0	0	0	0	0	0	0	0	0	0	0	0	0	0	0	0	0	0	0	0	0	0	0	0	0	0	0	0	94	0	0	0	3256	0	0	9936	50024	5600	492	0	17176	1426	57414	9884	16490	662	19076	4614	4482	1972	210	120	404	444	3848	9150	21228	5064	4092	256	
472320	Cerebelum_Crus1_R	0	0	0	0	0	0	0	0	0	0	0	0	0	0	0	0	0	0	0	0	0	0	0	0	0	0	0	0	0	0	0	0	0	0	0	0	0	0	0	154	0	0	0	0	0	0	2164	3056	0	0	0	0	0	90	1186	5870	0	0	0	0	0	0	0	0	0	0	0	0	0	0	0	0	0	0	0	0	0	0	0	0	0	0	0	0	0	0	0	0	0	642	9936	0	9026	26792	0	6702	3426	28082	4248	62318	274	8456	376	17852	164	1668	0	0	134	2508	10676	10558	15156	2562	2084	0	
460036	Cerebelum_Crus2_L	0	0	0	0	0	0	0	0	0	0	0	0	0	0	0	0	0	0	0	0	0	0	0	0	0	0	0	0	0	0	0	0	0	0	0	0	0	0	0	0	0	0	0	0	0	0	1158	1176	0	0	0	0	96	0	6010	398	0	0	0	0	0	0	0	0	0	0	0	0	0	0	0	0	0	0	0	0	0	0	0	0	0	0	0	0	0	0	0	0	500	0	50024	9026	0	14852	102	0	3800	988	18382	8048	31136	4928	25302	7350	4334	1386	600	0	0	0	1526	4354	24348	7188	3006	0	
283284	Cerebelum_Crus2_R	0	0	0	0	0	0	0	0	0	0	0	0	0	0	0	0	0	0	0	0	0	0	0	0	0	0	0	0	0	0	0	0	0	0	0	0	0	0	0	0	0	0	0	0	0	0	98	0	0	0	0	0	0	0	342	0	0	0	0	0	0	0	0	0	0	0	0	0	0	0	0	0	0	0	0	0	0	0	0	0	0	0	0	0	0	0	0	0	0	0	5600	26792	14852	0	0	812	582	1574	1388	6276	2838	26308	1982	30410	0	3934	0	0	0	170	412	398	11706	4472	696	0	
21888	Cerebelum_3_L	0	0	0	0	0	0	0	0	0	0	0	0	0	0	0	0	0	0	0	0	0	0	0	0	0	0	0	0	0	0	0	0	0	0	0	0	0	0	0	0	0	0	0	0	0	0	658	0	0	0	0	0	0	0	614	0	0	0	0	0	0	0	0	0	0	0	0	0	0	0	0	0	0	0	0	0	0	0	0	0	0	0	0	0	0	0	0	0	0	0	492	0	102	0	0	0	5518	0	1724	0	0	0	0	0	222	0	0	0	710	630	192	0	82	0	0	0	
66384	Cerebelum_3_R	0	0	0	0	0	0	0	0	0	0	0	0	0	0	0	0	0	0	0	0	0	0	0	0	0	0	0	0	0	0	0	0	0	0	0	0	0	0	0	0	0	0	0	0	0	0	0	0	0	0	0	0	0	0	0	0	0	0	0	0	0	0	0	0	0	0	0	0	0	0	0	0	0	0	0	0	0	0	0	0	0	0	0	0	0	0	0	0	0	0	0	6702	0	812	0	0	0	7986	0	9264	0	0	0	562	0	538	0	0	926	4242	1214	342	164	236	204	0	
309288	Cerebelum_4_5_L	0	0	0	0	0	0	0	0	0	0	0	0	0	0	0	0	0	0	0	0	0	0	0	0	0	0	0	0	0	0	0	0	0	0	228	0	178	0	660	0	0	0	260	0	0	0	11040	1498	0	0	384	0	134	0	17352	932	0	0	0	0	0	0	0	0	0	0	498	0	0	0	0	0	0	0	0	0	0	0	0	0	0	0	0	0	0	0	0	0	0	0	17176	3426	3800	582	5518	0	0	5792	39050	6486	504	0	254	352	4300	1780	1490	0	1562	1604	17740	4986	1954	826	1066	1232	
268364	Cerebelum_4_5_R	0	0	0	0	0	0	0	0	0	0	0	0	0	0	0	0	0	0	0	0	0	0	0	0	0	0	0	0	0	0	0	0	0	0	0	218	0	840	0	1850	0	148	0	0	0	0	2212	6298	0	0	90	0	0	0	686	7704	0	0	0	0	0	0	0	0	0	0	0	474	0	0	0	0	0	0	0	0	0	160	0	0	0	0	0	0	0	0	0	0	0	0	1426	28082	988	1574	0	7986	5792	0	3104	37764	0	0	0	950	272	154	126	0	214	3538	16712	2484	2058	140	138	0	
492000	Cerebelum_6_L	0	0	0	0	0	0	0	0	0	0	0	0	0	0	0	0	0	0	0	0	0	0	0	0	0	0	0	0	0	0	0	0	0	0	0	0	0	0	296	0	0	0	0	0	0	0	14422	3200	0	0	616	0	402	0	31282	840	0	0	0	0	0	0	0	0	0	0	0	0	0	0	0	0	0	0	0	0	0	0	0	0	0	0	0	0	0	0	0	0	986	0	57414	4248	18382	1388	1724	0	39050	3104	0	6302	7112	0	7218	1018	4402	2212	706	0	714	688	11524	11340	8474	2996	3176	764	
479516	Cerebelum_6_R	0	0	0	0	0	0	0	0	0	0	0	0	0	0	0	0	0	0	0	0	0	0	0	0	0	0	0	0	0	0	0	0	0	0	0	0	0	694	0	894	0	0	0	0	0	0	3118	6036	0	0	94	0	0	128	1800	10618	0	0	0	0	0	0	0	0	0	0	0	0	0	0	0	0	0	106	0	136	0	0	0	0	0	0	0	0	0	0	0	0	0	1166	9884	62318	8048	6276	0	9264	6486	37764	6302	0	312	1192	408	6032	908	1738	262	270	626	4286	17390	14536	14392	3390	2750	134	
226236	Cerebelum_7b_L	0	0	0	0	0	0	0	0	0	0	0	0	0	0	0	0	0	0	0	0	0	0	0	0	0	0	0	0	0	0	0	0	0	0	0	0	0	0	0	0	0	0	0	0	0	0	0	0	0	0	0	0	0	0	244	0	0	0	0	0	0	0	0	0	0	0	0	0	0	0	0	0	0	0	0	0	0	0	0	0	0	0	0	0	0	0	0	0	150	0	16490	274	31136	2838	0	0	504	0	7112	312	0	1978	31112	3840	3628	1172	840	0	0	0	332	278	3390	6148	1242	98	
154528	Cerebelum_7b_R	0	0	0	0	0	0	0	0	0	0	0	0	0	0	0	0	0	0	0	0	0	0	0	0	0	0	0	0	0	0	0	0	0	0	0	0	0	0	0	0	0	0	0	0	0	0	0	0	0	0	0	0	0	0	0	0	0	0	0	0	0	0	0	0	0	0	0	0	0	0	0	0	0	0	0	0	0	0	0	0	0	0	0	0	0	0	0	0	0	0	662	8456	4928	26308	0	0	0	0	0	1192	1978	0	1326	22144	0	4714	0	0	0	0	0	0	2624	2932	0	0	
247808	Cerebelum_8_L	0	0	0	0	0	0	0	0	0	0	0	0	0	0	0	0	0	0	0	0	0	0	0	0	0	0	0	0	0	0	0	0	0	0	0	0	0	0	0	0	0	0	0	0	0	0	0	0	0	0	0	0	0	0	172	0	0	0	0	0	0	0	0	0	0	0	0	0	0	0	0	0	0	0	0	0	0	0	0	0	0	0	0	0	0	0	0	0	386	0	19076	376	25302	1982	0	0	254	0	7218	408	31112	1326	0	4070	16360	1410	964	0	0	0	154	130	4066	7200	1938	0	
278180	Cerebelum_8_R	0	0	0	0	0	0	0	0	0	0	0	0	0	0	0	0	0	0	0	0	0	0	0	0	0	0	0	0	0	0	0	0	0	0	0	0	0	0	0	0	0	0	0	0	0	0	0	0	0	0	0	0	0	0	190	0	0	0	0	0	0	0	0	0	0	0	0	0	0	0	0	0	0	0	0	0	0	0	0	0	0	0	0	0	0	0	0	0	0	0	4614	17852	7350	30410	0	562	352	950	1018	6032	3840	22144	4070	0	548	19434	0	194	0	96	152	592	8878	7328	2484	0	
117152	Cerebelum_9_L	0	0	0	0	0	0	0	0	0	0	0	0	0	0	0	0	0	0	0	0	0	0	0	0	0	0	0	0	0	0	0	0	0	0	0	0	0	0	0	0	0	0	0	0	0	0	0	0	0	0	0	0	0	0	160	0	0	0	0	0	0	0	0	0	0	0	0	0	0	0	0	0	0	0	0	0	0	0	0	0	0	0	0	0	0	0	0	0	0	0	4482	164	4334	0	222	0	4300	272	4402	908	3628	0	16360	548	0	1308	4080	0	206	126	2772	2724	1674	2458	2370	1078	
143436	Cerebelum_9_R	0	0	0	0	0	0	0	0	0	0	0	0	0	0	0	0	0	0	0	0	0	0	0	0	0	0	0	0	0	0	0	0	0	0	0	0	0	0	0	0	0	0	0	0	0	0	256	0	0	0	0	0	0	0	82	0	0	0	0	0	0	0	0	0	0	0	0	0	0	0	0	0	0	0	0	0	0	0	0	0	0	0	0	0	0	0	0	0	0	0	1972	1668	1386	3934	0	538	1780	154	2212	1738	1172	4714	1410	19434	1308	0	374	598	326	342	3830	5418	2558	5716	6756	2042	
25296	Cerebelum_10_L	0	0	0	0	0	0	0	0	0	0	0	0	0	0	0	0	0	0	0	0	0	0	0	0	0	0	0	0	0	0	0	0	0	0	0	0	0	0	0	0	0	0	0	0	0	0	0	0	0	0	0	0	0	0	0	0	0	0	0	0	0	0	0	0	0	0	0	0	0	0	0	0	0	0	0	0	0	0	0	0	0	0	0	0	0	0	0	0	0	0	210	0	600	0	0	0	1490	126	706	262	840	0	964	0	4080	374	0	0	0	0	1064	1126	0	108	260	438	
5780	Cerebelum_10_R	0	0	0	0	0	0	0	0	0	0	0	0	0	0	0	0	0	0	0	0	0	0	0	0	0	0	0	0	0	0	0	0	0	0	0	0	0	0	0	0	0	0	0	0	0	0	0	0	0	0	0	0	0	0	0	0	0	0	0	0	0	0	0	0	0	0	0	0	0	0	0	0	0	0	0	0	0	0	0	0	0	0	0	0	0	0	0	0	0	0	120	0	0	0	0	0	0	0	0	270	0	0	0	194	0	598	0	0	0	0	274	368	300	402	364	0	
27096	Vermis_1_2	0	0	0	0	0	0	0	0	0	0	0	0	0	0	0	0	0	0	0	0	0	0	0	0	0	0	0	0	0	0	0	0	0	0	0	0	0	0	0	0	0	0	0	0	0	0	78	0	0	0	0	0	0	0	186	0	0	0	0	0	0	0	0	0	0	0	0	0	0	0	0	0	0	0	0	0	0	0	0	0	0	0	0	0	0	0	0	0	0	0	404	134	0	0	710	926	1562	214	714	626	0	0	0	0	206	326	0	0	0	4608	1954	568	0	184	148	0	
55364	Vermis_3	0	0	0	0	0	0	0	0	0	0	0	0	0	0	0	0	0	0	0	0	0	0	0	0	0	0	0	0	0	0	0	0	0	0	0	0	0	0	0	0	0	0	0	0	0	0	80	0	0	0	0	0	0	0	176	0	0	0	0	0	0	0	0	0	0	0	0	0	0	0	0	0	0	0	0	0	0	0	0	0	0	0	0	0	0	0	0	0	0	0	444	2508	0	170	630	4242	1604	3538	688	4286	0	0	0	96	126	342	0	0	4608	0	3170	352	174	242	206	0	
309652	Vermis_4_5	0	0	0	0	0	0	0	0	0	0	0	0	0	0	0	0	0	0	0	794	0	0	0	0	0	0	0	0	0	0	0	0	0	778	790	5854	0	864	0	406	0	0	250	750	0	0	5440	6210	0	0	358	0	88	118	2808	3176	0	0	0	184	0	0	0	0	0	0	496	6702	222	454	0	0	0	0	0	0	0	220	0	0	0	0	0	0	0	428	0	0	0	566	3848	10676	1526	412	192	1214	17740	16712	11524	17390	332	0	154	152	2772	3830	1064	274	1954	3170	0	10724	3230	2956	2978	2046	
243964	Vermis_6	0	0	0	0	0	0	0	0	0	0	0	0	0	0	0	0	0	0	0	0	0	0	0	0	0	0	0	0	0	0	0	0	0	0	0	0	0	0	0	0	0	0	0	0	0	0	4418	6280	0	0	0	0	0	0	2690	2492	0	0	0	0	0	0	0	0	0	0	0	0	0	0	0	0	0	0	0	0	0	0	0	0	0	0	0	0	0	0	0	0	0	0	9150	10558	4354	398	0	342	4986	2484	11340	14536	278	0	130	592	2724	5418	1126	368	568	352	10724	0	11708	5500	5846	2620	
323792	Vermis_7	0	0	0	0	0	0	0	0	0	0	0	0	0	0	0	0	0	0	0	0	0	0	0	0	0	0	0	0	0	0	0	0	0	0	0	0	0	0	0	0	0	0	0	0	0	0	1470	3348	0	0	0	0	0	0	3120	1438	0	0	0	0	0	0	0	0	0	0	0	0	0	0	0	0	0	0	0	0	0	0	0	0	0	0	0	0	0	0	0	0	0	0	21228	15156	24348	11706	82	164	1954	2058	8474	14392	3390	2624	4066	8878	1674	2558	0	300	0	174	3230	11708	0	9076	5280	0	
