data	data	401360	116124	793368	882132	148896	98284	321880	189432	97268	20344	307204	96684	278096	222952	176512	107200	381900	108676	731456	832016	62012	90416	281632	286068	16920	58464	22492	70556	707260	390440	220620	360036	98744	438416	41340	105772	171180	240420	63156	125112	26008	62868	212980	349736	191748	287556	351956	359976	178840	297332	338324	321004	85480	93524	320784	459508	276028	148832	117376	153976	214672	168588	102576	111092	163332	180772	189820	330324	128668	113040	237104	352548	265312	291140	31132	55944	112812	240956	68788	55584	299236	140840	128784	51592	268448	210780	12528	14704	241316	156364	454388	511740	263892	245124	33024	61668	346276	320808	523528	523356	191232	132444	283716	288768	104284	90696	10104	8280	13656	52028	307552	284320	160364	108580	38832	29020	
data	data	Precentral_L	Precentral_R	Frontal_Sup_L	Frontal_Sup_R	Frontal_Sup_Orb_L	Frontal_Sup_Orb_R	Frontal_Mid_L	Frontal_Mid_R	Frontal_Mid_Orb_L	Frontal_Mid_Orb_R	Frontal_Inf_Oper_L	Frontal_Inf_Oper_R	Frontal_Inf_Tri_L	Frontal_Inf_Tri_R	Frontal_Inf_Orb_L	Frontal_Inf_Orb_R	Rolandic_Oper_L	Rolandic_Oper_R	Supp_Motor_Area_L	Supp_Motor_Area_R	Olfactory_L	Olfactory_R	Frontal_Sup_Medial_L	Frontal_Sup_Medial_R	Frontal_Med_Orb_L	Frontal_Med_Orb_R	Rectus_L	Rectus_R	Insula_L	Insula_R	Cingulum_Ant_L	Cingulum_Ant_R	Cingulum_Mid_L	Cingulum_Mid_R	Cingulum_Post_L	Cingulum_Post_R	Hippocampus_L	Hippocampus_R	ParaHippocampal_L	ParaHippocampal_R	Amygdala_L	Amygdala_R	Calcarine_L	Calcarine_R	Cuneus_L	Cuneus_R	Lingual_L	Lingual_R	Occipital_Sup_L	Occipital_Sup_R	Occipital_Mid_L	Occipital_Mid_R	Occipital_Inf_L	Occipital_Inf_R	Fusiform_L	Fusiform_R	Postcentral_L	Postcentral_R	Parietal_Sup_L	Parietal_Sup_R	Parietal_Inf_L	Parietal_Inf_R	SupraMarginal_L	SupraMarginal_R	Angular_L	Angular_R	Precuneus_L	Precuneus_R	Paracentral_Lobule_L	Paracentral_Lobule_R	Caudate_L	Caudate_R	Putamen_L	Putamen_R	Pallidum_L	Pallidum_R	Thalamus_L	Thalamus_R	Heschl_L	Heschl_R	Temporal_Sup_L	Temporal_Sup_R	Temporal_Pole_Sup_L	Temporal_Pole_Sup_R	Temporal_Mid_L	Temporal_Mid_R	Temporal_Pole_Mid_L	Temporal_Pole_Mid_R	Temporal_Inf_L	Temporal_Inf_R	Cerebelum_Crus1_L	Cerebelum_Crus1_R	Cerebelum_Crus2_L	Cerebelum_Crus2_R	Cerebelum_3_L	Cerebelum_3_R	Cerebelum_4_5_L	Cerebelum_4_5_R	Cerebelum_6_L	Cerebelum_6_R	Cerebelum_7b_L	Cerebelum_7b_R	Cerebelum_8_L	Cerebelum_8_R	Cerebelum_9_L	Cerebelum_9_R	Cerebelum_10_L	Cerebelum_10_R	Vermis_1_2	Vermis_3	Vermis_4_5	Vermis_6	Vermis_7	Vermis_8	Vermis_9	Vermis_10	
401360	Precentral_L	0	256	12038	2870	134	0	6712	0	214	0	12472	0	2270	0	214	0	17202	0	11742	7804	0	0	0	0	0	0	0	0	14970	0	112	0	354	4498	508	1156	9222	0	264	0	0	0	0	0	0	0	234	0	0	118	252	216	0	0	274	0	29862	704	1224	0	4510	0	2842	0	140	0	170	282	14006	3616	698	814	9048	0	366	0	14556	2074	2722	0	5344	0	724	0	202	188	0	0	482	0	0	0	0	0	0	0	0	0	0	0	0	0	0	0	0	0	0	0	0	0	0	0	0	0	0	0	
116124	Precentral_R	256	0	0	5534	0	0	0	3374	0	0	0	4510	0	664	0	0	0	2126	374	3870	0	0	0	0	0	0	0	0	0	2274	0	0	0	672	0	0	0	4624	0	0	0	0	0	0	0	0	0	0	0	0	0	0	0	0	0	0	0	14500	0	344	0	1186	0	2996	0	196	0	304	256	2894	0	654	0	2736	0	416	0	1554	0	640	0	664	0	0	0	314	0	0	0	130	0	0	0	0	0	0	0	0	0	0	0	0	0	0	0	0	0	0	0	0	0	0	0	0	0	0	
793368	Frontal_Sup_L	12038	0	0	12180	11204	0	53956	0	5676	0	16590	0	23046	0	9906	0	17576	0	72872	12958	0	0	36036	1510	1216	0	0	0	43278	0	14398	710	4956	1094	0	0	294	0	0	0	0	0	0	0	0	0	0	0	0	0	0	0	0	0	0	0	7704	0	0	0	0	0	0	0	0	0	0	0	750	0	9338	164	14836	0	172	0	450	0	216	0	7826	0	3734	0	0	0	0	0	0	0	0	0	0	0	0	0	0	0	0	0	0	0	0	0	0	0	0	0	0	0	0	0	0	0	0	0	
882132	Frontal_Sup_R	2870	5534	12180	0	216	2702	234	24732	468	222	3876	4408	2148	14822	442	4094	2102	4734	30612	110034	0	0	8606	30684	0	920	0	0	6256	20678	3770	26772	1096	21308	0	1586	250	4040	0	252	0	0	0	0	0	0	0	0	0	0	0	0	0	0	0	162	1636	3024	0	434	0	654	0	656	0	180	0	362	1460	1140	9372	22508	3534	10276	384	1386	1646	26412	0	970	618	834	654	116	0	0	0	0	0	0	0	0	0	0	0	0	0	0	0	0	0	0	0	0	0	0	0	0	0	0	0	0	0	0	0	0	
148896	Frontal_Sup_Orb_L	134	0	11204	216	0	0	3672	0	9790	0	1120	0	3644	0	13502	0	0	0	760	216	1380	0	2292	0	1178	0	1580	0	13828	0	4826	0	0	0	0	0	0	0	0	0	184	0	0	0	0	0	0	0	0	0	0	0	0	0	0	0	0	0	0	0	0	0	0	0	0	0	0	0	0	0	1628	0	3036	0	0	0	0	0	0	0	0	0	258	0	0	0	0	0	0	0	0	0	0	0	0	0	0	0	0	0	0	0	0	0	0	0	0	0	0	0	0	0	0	0	0	0	
98284	Frontal_Sup_Orb_R	0	0	0	2702	0	0	0	620	0	4196	0	0	0	0	0	5158	0	0	0	0	574	2918	122	2738	0	8130	0	7386	0	1744	112	1706	0	0	0	0	0	0	0	0	0	0	0	0	0	0	0	0	0	0	0	0	0	0	0	0	0	0	0	0	0	0	0	0	0	0	0	0	0	0	614	5436	164	4592	0	0	0	0	0	0	0	0	0	230	0	0	0	0	0	0	0	0	0	0	0	0	0	0	0	0	0	0	0	0	0	0	0	0	0	0	0	0	0	0	0	0	
321880	Frontal_Mid_L	6712	0	53956	234	3672	0	0	0	3818	0	7274	0	18758	0	6086	0	6776	0	15532	238	0	0	12578	0	0	0	0	0	12160	0	3040	0	1492	0	0	0	0	0	0	0	0	0	0	0	0	0	0	0	0	0	0	0	0	0	0	0	322	0	0	0	0	0	0	0	0	0	0	0	0	0	624	0	868	0	0	0	244	0	0	0	3180	0	3376	0	0	0	0	0	0	0	0	0	0	0	0	0	0	0	0	0	0	0	0	0	0	0	0	0	0	0	0	0	0	0	0	0	
189432	Frontal_Mid_R	0	3374	0	24732	0	620	0	0	0	1608	0	1154	0	11100	0	5468	0	1472	3724	8126	0	0	976	4978	0	0	0	0	0	6566	638	4350	0	6002	0	0	0	520	0	0	0	0	0	0	0	0	0	0	0	0	0	0	0	0	0	0	0	1210	0	0	0	0	0	126	0	0	0	0	0	0	0	1762	0	4992	0	0	0	0	0	688	0	530	0	0	0	0	0	0	0	0	0	0	0	0	0	0	0	0	0	0	0	0	0	0	0	0	0	0	0	0	0	0	0	0	0	0	
97268	Frontal_Mid_Orb_L	214	0	5676	468	9790	0	3818	0	0	0	354	0	5616	0	11918	0	158	0	1076	468	0	0	208	0	0	0	212	0	4768	0	230	0	0	0	0	0	0	0	0	0	0	0	0	0	0	0	0	0	0	0	0	0	0	0	0	0	204	0	0	0	0	0	0	0	0	0	0	0	0	0	1438	0	2018	0	0	0	0	0	0	0	0	0	0	0	0	0	0	0	0	0	0	0	0	0	0	0	0	0	0	0	0	0	0	0	0	0	0	0	0	0	0	0	0	0	0	0	
20344	Frontal_Mid_Orb_R	0	0	0	222	0	4196	0	1608	0	0	0	0	0	138	0	4008	0	0	0	0	0	0	0	0	0	0	0	0	0	0	0	0	0	0	0	0	0	0	0	0	0	0	0	0	0	0	0	0	0	0	0	0	0	0	0	0	0	0	0	0	0	0	0	0	0	0	0	0	0	0	0	0	0	0	0	0	0	0	0	0	0	0	0	0	0	0	0	0	0	0	0	0	0	0	0	0	0	0	0	0	0	0	0	0	0	0	0	0	0	0	0	0	0	0	0	0	
307204	Frontal_Inf_Oper_L	12472	0	16590	3876	1120	0	7274	0	354	0	0	0	10446	0	880	160	19692	0	14486	4056	0	0	0	0	0	0	0	0	32638	0	226	0	158	156	0	0	580	0	0	0	0	0	0	0	0	0	0	0	0	0	0	0	0	0	0	0	2200	0	0	0	0	0	0	0	0	0	0	0	0	0	4786	0	3014	0	310	0	706	0	504	0	8854	0	8064	0	0	0	0	0	0	0	0	0	0	0	0	0	0	0	0	0	0	0	0	0	0	0	0	0	0	0	0	0	0	0	0	0	
96684	Frontal_Inf_Oper_R	0	4510	0	4408	0	0	0	1154	0	0	0	0	0	7590	0	0	0	2560	454	2974	0	0	0	292	0	0	0	0	0	11850	0	1064	0	304	0	0	0	128	0	0	0	0	0	0	0	0	0	0	0	0	0	0	0	0	0	0	0	618	0	0	0	0	0	0	0	0	0	0	0	0	0	4094	0	3860	0	456	0	1140	0	144	0	518	0	224	0	0	0	0	0	0	0	0	0	0	0	0	0	0	0	0	0	0	0	0	0	0	0	0	0	0	0	0	0	0	0	0	
278096	Frontal_Inf_Tri_L	2270	0	23046	2148	3644	0	18758	0	5616	0	10446	0	0	0	14900	0	1032	0	8432	2134	0	0	4254	196	0	0	0	0	30076	0	4436	262	396	0	0	0	0	0	0	0	0	0	0	0	0	0	0	0	0	0	0	0	0	0	0	0	314	0	0	0	0	0	0	0	0	0	0	0	0	0	3236	0	2960	0	0	0	0	0	0	0	360	0	132	0	0	0	0	0	0	0	0	0	0	0	0	0	0	0	0	0	0	0	0	0	0	0	0	0	0	0	0	0	0	0	0	0	
222952	Frontal_Inf_Tri_R	0	664	0	14822	0	0	0	11100	0	138	0	7590	0	0	0	6490	0	292	4046	6518	0	0	1058	8728	0	0	0	0	0	23756	248	9238	0	8920	0	0	0	0	0	0	0	0	0	0	0	0	0	0	0	0	0	0	0	0	0	0	0	0	0	0	0	0	0	0	0	0	0	0	0	0	0	2548	0	4444	0	506	0	370	0	0	0	0	0	0	0	0	0	0	0	0	0	0	0	0	0	0	0	0	0	0	0	0	0	0	0	0	0	0	0	0	0	0	0	0	0	0	
176512	Frontal_Inf_Orb_L	214	0	9906	442	13502	0	6086	0	11918	0	880	0	14900	0	0	0	156	0	1184	442	2146	0	1014	0	0	0	724	0	15850	0	2546	0	0	0	0	0	0	0	0	0	134	0	0	0	0	0	0	0	0	0	0	0	0	0	0	0	202	0	0	0	0	0	0	0	0	0	0	0	0	0	2322	0	2822	0	0	0	0	0	0	0	0	0	866	0	0	0	0	0	0	0	0	0	0	0	0	0	0	0	0	0	0	0	0	0	0	0	0	0	0	0	0	0	0	0	0	0	
107200	Frontal_Inf_Orb_R	0	0	0	4094	0	5158	0	5468	0	4008	160	0	0	6490	0	0	0	0	534	1194	0	3142	0	2030	0	0	0	3196	230	9038	0	1294	0	1074	0	0	0	0	0	226	0	0	0	0	0	0	0	0	0	0	0	0	0	0	0	0	0	0	0	0	0	0	0	0	0	0	0	0	0	0	280	3066	0	1600	0	0	0	0	0	0	0	152	0	870	0	148	0	148	0	0	0	0	0	0	0	0	0	0	0	0	0	0	0	0	0	0	0	0	0	0	0	0	0	0	0	0	
381900	Rolandic_Oper_L	17202	0	17576	2102	0	0	6776	0	158	0	19692	0	1032	0	156	0	0	0	16256	2290	0	0	0	0	0	0	0	0	36032	0	0	0	178	146	0	0	3382	0	0	0	0	0	0	0	0	0	0	0	0	0	1446	0	0	0	238	0	18014	0	0	0	538	0	2268	0	204	0	260	0	334	0	1774	0	4686	0	202	0	948	0	2414	0	21778	0	7778	0	3114	0	0	0	1976	0	0	0	0	0	0	0	0	0	0	0	0	0	0	0	0	0	0	0	0	0	0	0	0	0	0	0	
108676	Rolandic_Oper_R	0	2126	0	4734	0	0	0	1472	0	0	0	2560	0	292	0	0	0	0	396	2934	0	0	0	0	0	0	0	0	0	9032	0	0	0	0	0	0	0	3378	0	182	0	0	0	0	0	0	0	0	0	0	0	0	0	0	0	0	0	2132	0	118	0	156	0	2994	0	0	0	0	0	0	0	758	0	4050	0	696	0	1454	0	8008	0	6322	0	544	0	0	0	0	0	0	0	0	0	0	0	0	0	0	0	0	0	0	0	0	0	0	0	0	0	0	0	0	0	0	0	0	
731456	Supp_Motor_Area_L	11742	374	72872	30612	760	0	15532	3724	1076	0	14486	454	8432	4046	1184	534	16256	396	0	44066	0	0	6476	8056	0	0	0	0	24310	4308	7036	5952	7084	16260	166	0	1050	512	0	0	0	0	0	0	0	0	0	0	0	0	0	0	0	0	0	0	8634	504	0	0	0	0	0	364	0	0	0	0	2666	246	9892	1274	15146	668	3854	172	2914	1112	226	0	6510	0	3790	0	0	0	0	0	0	0	0	0	0	0	0	0	0	0	0	0	0	0	0	0	0	0	0	0	0	0	0	0	0	0	0	0	
832016	Supp_Motor_Area_R	7804	3870	12958	110034	216	0	238	8126	468	0	4056	2974	2134	6518	442	1194	2290	2934	44066	0	0	0	2372	10034	0	0	0	0	6548	13214	2614	12006	3618	36518	0	2132	234	2914	0	234	0	0	0	0	0	132	0	0	0	218	0	440	0	0	0	152	1708	4218	0	604	0	962	0	622	0	218	362	916	10008	15022	9444	24772	3686	4628	392	1174	936	29524	152	604	656	520	664	0	0	356	0	0	0	158	0	0	0	0	0	0	0	0	0	0	0	0	0	0	0	0	0	0	0	0	0	0	0	0	0	0	
62012	Olfactory_L	0	0	0	0	1380	574	0	0	0	0	0	0	0	0	2146	0	0	0	0	0	0	3464	0	0	146	486	1636	1226	3708	0	2280	1362	0	0	0	0	406	0	714	0	1162	0	0	0	0	0	0	0	0	0	0	0	0	0	278	0	0	0	0	0	0	0	0	0	0	0	0	0	0	0	5508	2026	1256	0	0	0	120	0	0	0	0	0	1128	0	0	0	0	0	0	0	0	0	0	0	0	0	0	0	0	0	0	0	0	0	0	0	0	0	0	0	0	0	0	0	0	0	
90416	Olfactory_R	0	0	0	0	0	2918	0	0	0	0	0	0	0	0	0	3142	0	0	0	0	3464	0	0	0	0	1834	828	5288	0	3254	2792	3906	0	0	0	0	0	352	0	532	0	830	0	0	0	0	0	0	0	0	0	0	0	0	0	0	0	0	0	0	0	0	0	0	0	0	0	0	0	0	5830	6620	2514	426	0	0	0	0	0	0	0	0	0	678	0	0	0	0	0	0	0	0	0	0	0	0	0	0	0	0	0	0	0	0	0	0	0	0	0	0	0	0	0	0	0	0	
281632	Frontal_Sup_Medial_L	0	0	36036	8606	2292	122	12578	976	208	0	0	0	4254	1058	1014	0	0	0	6476	2372	0	0	0	16282	1408	0	0	0	4878	712	13044	11550	3342	12950	0	0	0	0	0	0	0	0	0	0	0	0	0	0	0	0	0	0	0	0	0	0	0	0	0	0	0	0	0	0	0	0	0	0	0	0	218	0	440	0	0	0	0	0	0	0	0	0	0	0	0	0	0	0	0	0	0	0	0	0	0	0	0	0	0	0	0	0	0	0	0	0	0	0	0	0	0	0	0	0	0	0	
286068	Frontal_Sup_Medial_R	0	0	1510	30684	0	2738	0	4978	0	0	0	292	196	8728	0	2030	0	0	8056	10034	0	0	16282	0	0	2114	0	0	270	6928	1252	21206	310	20634	0	0	0	0	0	0	0	0	0	0	0	0	0	0	0	0	0	0	0	0	0	0	0	0	0	0	0	0	0	0	0	0	0	0	0	0	0	1460	0	3200	0	132	0	0	0	0	0	0	0	0	0	0	0	0	0	0	0	0	0	0	0	0	0	0	0	0	0	0	0	0	0	0	0	0	0	0	0	0	0	0	0	0	
16920	Frontal_Med_Orb_L	0	0	1216	0	1178	0	0	0	0	0	0	0	0	0	0	0	0	0	0	0	146	0	1408	0	0	146	714	0	0	0	3044	146	0	0	0	0	0	0	0	0	0	0	0	0	0	0	0	0	0	0	0	0	0	0	0	0	0	0	0	0	0	0	0	0	0	0	0	0	0	0	462	0	0	0	0	0	0	0	0	0	0	0	0	0	0	0	0	0	0	0	0	0	0	0	0	0	0	0	0	0	0	0	0	0	0	0	0	0	0	0	0	0	0	0	0	0	
58464	Frontal_Med_Orb_R	0	0	0	920	0	8130	0	0	0	0	0	0	0	0	0	0	0	0	0	0	486	1834	0	2114	146	0	128	5116	0	0	250	2744	0	0	0	0	0	0	0	0	0	0	0	0	0	0	0	0	0	0	0	0	0	0	0	0	0	0	0	0	0	0	0	0	0	0	0	0	0	0	342	4020	0	3002	0	0	0	0	0	0	0	0	0	0	0	0	0	0	0	0	0	0	0	0	0	0	0	0	0	0	0	0	0	0	0	0	0	0	0	0	0	0	0	0	0	0	
22492	Rectus_L	0	0	0	0	1580	0	0	0	212	0	0	0	0	0	724	0	0	0	0	0	1636	828	0	0	714	128	0	468	168	0	1866	716	0	0	0	0	0	0	0	0	190	0	0	0	0	0	0	0	0	0	0	0	0	0	0	0	0	0	0	0	0	0	0	0	0	0	0	0	0	0	1572	300	144	0	0	0	0	0	0	0	0	0	0	0	0	0	0	0	0	0	0	0	0	0	0	0	0	0	0	0	0	0	0	0	0	0	0	0	0	0	0	0	0	0	0	0	
70556	Rectus_R	0	0	0	0	0	7386	0	0	0	0	0	0	0	0	0	3196	0	0	0	0	1226	5288	0	0	0	5116	468	0	0	1858	932	2540	0	0	0	0	0	0	0	0	0	0	0	0	0	0	0	0	0	0	0	0	0	0	0	0	0	0	0	0	0	0	0	0	0	0	0	0	0	0	1384	4116	502	856	0	0	0	0	0	0	0	0	0	410	0	0	0	0	0	0	0	0	0	0	0	0	0	0	0	0	0	0	0	0	0	0	0	0	0	0	0	0	0	0	0	0	
707260	Insula_L	14970	0	43278	6256	13828	0	12160	0	4768	0	32638	0	30076	0	15850	230	36032	0	24310	6548	3708	0	4878	270	0	0	168	0	0	0	7322	204	422	290	0	138	10314	0	1026	0	1234	0	146	0	0	0	122	0	0	0	660	0	0	0	2656	0	10246	0	174	0	198	0	360	0	0	0	196	0	176	0	11248	222	17332	0	542	0	3174	242	5902	0	15204	0	10020	0	1086	0	0	0	2806	0	0	0	0	0	0	0	0	0	0	0	0	0	0	0	0	0	0	0	0	0	0	0	0	0	0	0	
390440	Insula_R	0	2274	0	20678	0	1744	0	6566	0	0	0	11850	0	23756	0	9038	0	9032	4308	13214	0	3254	712	6928	0	0	0	1858	0	0	174	10050	0	5820	0	0	0	6584	0	888	0	1352	0	0	0	0	0	0	0	0	0	0	0	0	0	2156	0	540	0	0	0	0	0	646	0	0	0	0	0	0	228	13320	0	21560	0	1040	0	4856	0	2506	0	4542	0	2140	0	388	0	0	0	1218	0	0	0	0	0	0	0	0	0	0	0	0	0	0	0	0	0	0	0	0	0	0	0	0	0	0	
220620	Cingulum_Ant_L	112	0	14398	3770	4826	112	3040	638	230	0	226	0	4436	248	2546	0	0	0	7036	2614	2280	2792	13044	1252	3044	250	1866	932	7322	174	0	10252	5548	3544	0	0	0	0	0	0	0	0	0	0	0	0	0	0	0	0	0	0	0	0	0	0	0	0	0	0	0	0	0	0	0	0	0	0	0	0	5906	1846	5908	118	0	0	0	0	0	0	0	0	0	0	0	0	0	0	0	0	0	0	0	0	0	0	0	0	0	0	0	0	0	0	0	0	0	0	0	0	0	0	0	0	0	0	
360036	Cingulum_Ant_R	0	0	710	26772	0	1706	0	4350	0	0	0	1064	262	9238	0	1294	0	0	5952	12006	1362	3906	11550	21206	146	2744	716	2540	204	10050	10252	0	1784	22724	0	0	0	0	0	0	0	0	0	0	0	0	0	0	0	0	0	0	0	0	0	0	0	0	0	0	0	0	0	0	0	0	0	0	0	0	3326	11534	1524	9146	0	1104	0	846	0	0	0	0	0	0	0	0	0	0	0	0	0	0	0	0	0	0	0	0	0	0	0	0	0	0	0	0	0	0	0	0	0	0	0	0	0	0	
98744	Cingulum_Mid_L	354	0	4956	1096	0	0	1492	0	0	0	158	0	396	0	0	0	178	0	7084	3618	0	0	3342	310	0	0	0	0	422	0	5548	1784	0	7302	2492	1784	0	0	0	0	0	0	0	0	0	518	0	0	202	556	0	502	0	0	0	0	0	0	318	0	0	0	0	0	0	0	1824	1120	1334	508	174	0	0	0	0	0	0	0	0	0	0	0	0	0	0	0	0	0	0	0	0	0	0	0	0	0	0	0	0	0	0	0	0	0	0	0	0	0	0	0	0	0	0	0	0	0	
438416	Cingulum_Mid_R	4498	672	1094	21308	0	0	0	6002	0	0	156	304	0	8920	0	1074	146	0	16260	36518	0	0	12950	20634	0	0	0	0	290	5820	3544	22724	7302	0	366	5354	0	0	0	0	0	0	0	598	0	1856	0	0	0	2008	0	2152	0	0	0	0	0	2654	0	2182	0	1632	0	0	0	1000	1728	7948	6146	10036	264	472	0	880	0	212	0	282	0	0	0	0	0	0	0	894	0	0	0	328	0	0	0	0	0	0	0	0	0	0	0	0	0	0	0	0	0	0	0	0	0	0	0	0	0	0	
41340	Cingulum_Post_L	508	0	0	0	0	0	0	0	0	0	0	0	0	0	0	0	0	0	166	0	0	0	0	0	0	0	0	0	0	0	0	0	2492	366	0	3388	828	0	506	0	0	0	724	340	842	0	344	246	184	0	420	0	0	0	0	0	0	0	0	0	136	0	120	0	0	0	5712	1346	1304	0	0	0	0	0	0	0	0	274	0	0	0	0	0	0	310	0	0	0	114	0	0	0	0	0	0	0	0	0	0	0	0	0	0	0	0	0	0	0	0	0	0	0	0	0	0	0	
105772	Cingulum_Post_R	1156	0	0	1586	0	0	0	0	0	0	0	0	0	0	0	0	0	0	0	2132	0	0	0	0	0	0	0	0	138	0	0	0	1784	5354	3388	0	568	2810	0	362	0	0	0	2728	0	500	0	1574	0	558	0	1270	0	0	0	180	0	0	0	152	0	482	0	0	0	398	1566	13820	336	1432	0	0	0	160	0	0	1754	3366	142	0	0	362	0	0	0	1964	0	0	0	612	0	0	0	0	0	0	0	0	0	0	0	0	0	0	0	0	0	0	0	0	252	0	0	0	0	0	
171180	Hippocampus_L	9222	0	294	250	0	0	0	0	0	0	580	0	0	0	0	0	3382	0	1050	234	406	0	0	0	0	0	0	0	10314	0	0	0	0	0	828	568	0	122	8844	0	4734	0	504	0	0	0	2538	0	0	0	0	0	0	0	9732	0	2330	0	0	0	0	0	0	0	0	0	1824	0	0	0	0	166	7038	0	0	0	6074	684	2780	0	1908	0	628	0	608	0	0	0	7948	0	0	0	0	0	0	0	0	0	0	0	0	0	0	0	0	0	0	0	0	0	0	0	0	0	0	0	
240420	Hippocampus_R	0	4624	0	4040	0	0	0	520	0	0	0	128	0	0	0	0	0	3378	512	2914	0	352	0	0	0	0	0	0	0	6584	0	0	0	0	0	2810	122	0	700	16510	0	9578	0	1084	0	0	0	2954	0	0	0	362	0	244	0	20582	0	1494	0	0	0	0	0	1740	0	0	0	4860	0	0	0	1880	0	13140	0	1766	0	4276	0	2178	0	3776	0	204	0	1204	0	0	0	5486	0	0	0	0	0	0	0	208	0	0	0	0	0	0	0	0	0	0	0	0	0	0	0	0	0	0	
63156	ParaHippocampal_L	264	0	0	0	0	0	0	0	0	0	0	0	0	0	0	0	0	0	0	0	714	0	0	0	0	0	0	0	1026	0	0	0	0	0	506	0	8844	700	0	720	1860	0	478	0	0	0	3674	116	0	0	194	0	136	0	5098	212	0	0	0	0	0	0	0	0	0	0	1816	0	0	0	0	112	256	154	0	0	792	112	0	0	0	0	760	0	0	0	424	0	1002	0	0	0	0	0	224	0	388	0	250	0	0	0	0	0	0	0	0	0	300	446	0	0	0	0	0	0	
125112	ParaHippocampal_R	0	0	0	252	0	0	0	0	0	0	0	0	0	0	0	226	0	182	0	234	0	532	0	0	0	0	0	0	0	888	0	0	0	0	0	362	0	16510	720	0	0	8568	0	1878	0	252	0	2992	0	364	0	306	0	0	0	15144	0	0	0	0	0	0	0	0	0	0	0	2066	0	0	0	332	0	2822	0	208	0	1104	0	172	0	124	0	3084	0	0	0	756	0	1802	0	160	0	0	0	0	0	308	0	208	0	0	0	0	0	0	0	0	0	0	0	0	0	0	0	0	
26008	Amygdala_L	0	0	0	0	184	0	0	0	0	0	0	0	0	0	134	0	0	0	0	0	1162	0	0	0	0	0	190	0	1234	0	0	0	0	0	0	0	4734	0	1860	0	0	0	0	0	0	0	0	0	0	0	0	0	0	0	2296	0	0	0	0	0	0	0	0	0	0	0	0	0	0	0	0	0	0	0	0	0	192	0	0	0	0	0	540	0	0	0	138	0	340	0	0	0	0	0	0	0	0	0	0	0	0	0	0	0	0	0	0	0	0	0	0	0	0	0	0	0	
62868	Amygdala_R	0	0	0	0	0	0	0	0	0	0	0	0	0	0	0	0	0	0	0	0	0	830	0	0	0	0	0	0	0	1352	0	0	0	0	0	0	0	9578	0	8568	0	0	0	0	0	0	0	0	0	0	0	0	0	0	0	6908	0	0	0	0	0	0	0	0	0	0	0	0	0	0	0	0	0	1316	0	0	0	0	0	0	0	0	0	2288	0	0	0	326	0	268	0	0	0	0	0	0	0	0	0	0	0	0	0	0	0	0	0	0	0	0	0	0	0	0	0	0	
212980	Calcarine_L	0	0	0	0	0	0	0	0	0	0	0	0	0	0	0	0	0	0	0	0	0	0	0	0	0	0	0	0	146	0	0	0	0	0	724	0	504	0	478	0	0	0	0	8396	19604	4754	15250	2266	13056	2136	17014	464	2944	230	756	0	0	0	294	0	678	0	448	0	950	0	9940	250	590	0	0	0	0	0	0	0	0	0	178	0	136	0	0	0	2224	0	0	0	616	0	682	0	0	0	0	0	188	0	394	0	0	0	0	0	0	0	0	0	0	0	200	0	0	0	0	0	
349736	Calcarine_R	0	0	0	0	0	0	0	0	0	0	0	0	0	0	0	0	0	0	0	0	0	0	0	0	0	0	0	0	0	0	0	0	0	598	340	2728	0	1084	0	1878	0	0	8396	0	9676	31578	2406	26170	210	30386	0	18636	0	3864	0	7650	0	0	0	1402	0	156	0	0	0	858	530	18968	0	0	0	0	0	0	0	0	0	0	0	0	0	0	0	0	0	4916	0	0	0	1724	0	202	0	0	0	0	0	136	0	376	0	0	0	0	0	0	0	0	0	0	0	0	0	0	0	0	
191748	Cuneus_L	0	0	0	0	0	0	0	0	0	0	0	0	0	0	0	0	0	0	0	0	0	0	0	0	0	0	0	0	0	0	0	0	0	0	842	0	0	0	0	0	0	0	19604	9676	0	11730	3342	1854	17268	3830	8182	258	656	144	156	220	0	0	1112	0	464	0	306	0	590	0	11534	632	1580	0	0	0	0	0	0	0	0	0	162	0	124	0	0	0	1090	0	0	0	518	0	0	0	0	0	0	0	0	0	0	0	0	0	0	0	0	0	0	0	0	0	0	0	0	0	0	0	
287556	Cuneus_R	0	0	0	0	0	0	0	0	0	0	0	0	0	0	0	0	0	0	0	132	0	0	0	0	0	0	0	0	0	0	0	0	518	1856	0	500	0	0	0	252	0	0	4754	31578	11730	0	618	4316	466	35610	0	11794	0	794	0	520	0	0	136	3628	0	112	0	0	0	930	6146	23308	0	298	0	0	0	0	0	0	0	0	0	0	0	0	0	0	0	2788	0	0	0	842	0	0	0	0	0	0	0	0	0	152	0	0	0	0	0	0	0	0	0	0	0	0	0	0	0	0	
351956	Lingual_L	234	0	0	0	0	0	0	0	0	0	0	0	0	0	0	0	0	0	0	0	0	0	0	0	0	0	0	0	122	0	0	0	0	0	344	0	2538	0	3674	0	0	0	15250	2406	3342	618	0	5486	4564	404	15622	138	6094	166	20610	3822	0	0	0	0	160	0	130	0	212	0	4904	0	0	0	0	0	0	0	0	0	360	0	432	0	0	0	0	0	526	0	0	0	324	0	13686	2820	482	0	0	0	18872	5460	22198	4896	704	0	522	0	0	0	0	0	0	0	9586	3956	314	0	0	0	
359976	Lingual_R	0	0	0	0	0	0	0	0	0	0	0	0	0	0	0	0	0	0	0	0	0	0	0	0	0	0	0	0	0	0	0	0	0	0	246	1574	0	2954	116	2992	0	0	2266	26170	1854	4316	5486	0	0	5582	0	5832	0	6328	1450	27750	0	0	0	0	0	0	0	0	0	0	0	7240	0	0	0	0	0	0	0	0	0	404	0	0	0	0	0	0	0	650	0	0	0	414	1992	13288	292	304	330	264	6396	12460	5176	18412	230	0	422	286	268	0	0	0	0	248	10458	5192	218	0	0	128	
178840	Occipital_Sup_L	0	0	0	0	0	0	0	0	0	0	0	0	0	0	0	0	0	0	0	0	0	0	0	0	0	0	0	0	0	0	0	0	202	0	184	0	0	0	0	0	0	0	13056	210	17268	466	4564	0	0	0	31544	0	1264	0	606	0	0	0	6614	0	3504	0	0	0	954	0	6638	340	898	0	0	0	0	0	0	0	0	0	0	0	0	0	0	0	1108	0	0	0	0	0	0	0	0	0	0	0	0	0	0	0	0	0	0	0	0	0	0	0	0	0	0	0	0	0	0	0	
297332	Occipital_Sup_R	118	0	0	0	0	0	0	0	0	0	0	0	0	0	0	0	0	0	0	218	0	0	0	0	0	0	0	0	0	0	0	0	556	2008	0	558	0	0	0	364	0	0	2136	30386	3830	35610	404	5582	0	0	0	29180	0	1236	0	488	0	0	0	9930	0	1766	0	0	0	6670	1024	13300	126	360	0	0	0	0	0	0	0	0	0	0	0	0	0	0	0	2260	0	0	0	362	0	0	0	0	0	0	0	0	0	194	0	0	0	0	0	0	0	0	0	0	0	0	0	0	0	0	
338324	Occipital_Mid_L	252	0	0	0	0	0	0	0	0	0	0	0	0	0	0	0	1446	0	0	0	0	0	0	0	0	0	0	0	660	0	0	0	0	0	420	0	0	0	194	0	0	0	17014	0	8182	0	15622	0	31544	0	0	0	16560	0	7950	0	1770	0	6664	0	11288	0	610	0	15296	0	6288	0	986	0	0	0	0	0	0	0	0	0	1120	0	616	0	0	0	20956	0	0	0	3724	0	0	0	0	0	0	0	0	0	0	0	0	0	0	0	0	0	0	0	0	0	0	0	0	0	0	0	
321004	Occipital_Mid_R	216	0	0	0	0	0	0	0	0	0	0	0	0	0	0	0	0	0	0	440	0	0	0	0	0	0	0	0	0	0	0	0	502	2152	0	1270	0	362	0	306	0	0	464	18636	258	11794	138	5832	0	29180	0	0	0	8802	0	5990	0	0	0	6862	0	6632	0	0	0	18868	800	14684	248	478	0	0	0	0	0	0	0	0	0	0	0	784	0	0	0	19728	0	0	0	5076	0	0	0	0	0	0	0	0	0	0	0	0	0	0	0	0	0	0	0	0	0	0	0	0	0	0	
85480	Occipital_Inf_L	0	0	0	0	0	0	0	0	0	0	0	0	0	0	0	0	0	0	0	0	0	0	0	0	0	0	0	0	0	0	0	0	0	0	0	0	0	0	136	0	0	0	2944	0	656	0	6094	0	1264	0	16560	0	0	0	7502	0	0	0	0	0	158	0	0	0	122	0	762	0	0	0	0	0	0	0	0	0	0	0	850	0	162	0	0	0	2384	0	0	0	2768	0	168	0	0	0	0	0	0	0	210	0	0	0	0	0	0	0	0	0	0	0	0	0	0	0	0	0	
93524	Occipital_Inf_R	0	0	0	0	0	0	0	0	0	0	0	0	0	0	0	0	0	0	0	0	0	0	0	0	0	0	0	0	0	0	0	0	0	0	0	0	0	244	0	0	0	0	230	3864	144	794	166	6328	0	1236	0	8802	0	0	0	11102	0	0	0	0	0	0	0	0	0	0	0	2344	0	0	0	0	0	0	0	0	0	0	0	0	0	168	0	0	0	2796	0	0	0	5150	0	542	0	0	0	0	0	0	0	1950	0	0	0	0	0	0	0	0	0	0	0	902	0	0	0	0	
320784	Fusiform_L	274	0	0	0	0	0	0	0	0	0	0	0	0	0	0	0	238	0	0	0	278	0	0	0	0	0	0	0	2656	0	0	0	0	0	0	0	9732	0	5098	0	2296	0	756	0	156	0	20610	1450	606	0	7950	0	7502	0	0	1236	166	0	0	0	0	0	0	0	0	0	906	0	0	0	0	0	600	0	0	0	264	0	1300	0	958	0	2596	0	1916	0	1212	0	12464	0	20904	1030	334	0	616	0	16026	1396	29126	1260	478	0	322	0	0	0	0	0	0	0	2906	2604	170	0	0	0	
459508	Fusiform_R	0	0	0	162	0	0	0	0	0	0	0	0	0	0	0	0	0	0	0	152	0	0	0	0	0	0	0	0	0	2156	0	0	0	0	0	180	0	20582	212	15144	0	6908	0	7650	220	520	3822	27750	0	488	0	5990	0	11102	1236	0	0	0	0	0	0	0	0	0	0	0	0	2128	0	0	0	232	0	3290	0	140	0	440	0	656	0	3968	0	4756	0	3128	0	1080	0	17012	1618	19600	154	998	136	174	5124	15460	4840	24476	154	382	234	1244	260	0	0	0	0	0	8872	4670	254	0	0	0	
276028	Postcentral_L	29862	0	7704	1636	0	0	322	0	204	0	2200	0	314	0	202	0	18014	0	8634	1708	0	0	0	0	0	0	0	0	10246	0	0	0	0	0	0	0	2330	0	0	0	0	0	0	0	0	0	0	0	0	0	1770	0	0	0	166	0	0	0	10588	0	16802	0	7386	0	4448	0	612	0	3856	0	434	0	2898	0	0	0	304	0	1176	0	3726	0	0	0	166	0	0	0	306	0	0	0	0	0	0	0	0	0	0	0	0	0	0	0	0	0	0	0	0	0	0	0	0	0	0	0	
148832	Postcentral_R	704	14500	0	3024	0	0	0	1210	0	0	0	618	0	0	0	0	0	2132	504	4218	0	0	0	0	0	0	0	0	0	540	0	0	0	2654	0	0	0	1494	0	0	0	0	0	0	0	0	0	0	0	0	0	0	0	0	0	0	0	0	0	6382	0	6874	0	14116	0	780	0	1754	714	6518	0	450	0	2508	0	1386	0	586	0	296	0	454	0	0	0	0	0	0	0	0	0	0	0	0	0	0	0	0	0	0	0	0	0	0	0	0	0	0	0	0	0	0	0	0	0	0	
117376	Parietal_Sup_L	1224	0	0	0	0	0	0	0	0	0	0	0	0	0	0	0	0	0	0	0	0	0	0	0	0	0	0	0	174	0	0	0	318	0	0	0	0	0	0	0	0	0	294	0	1112	136	0	0	6614	0	6664	0	0	0	0	0	10588	0	0	0	14902	0	502	0	6466	0	8852	312	530	0	0	0	0	0	0	0	0	0	0	0	0	0	0	0	0	0	0	0	0	0	0	0	0	0	0	0	0	0	0	0	0	0	0	0	0	0	0	0	0	0	0	0	0	0	0	0	
153976	Parietal_Sup_R	0	344	0	434	0	0	0	0	0	0	0	0	0	0	0	0	0	118	0	604	0	0	0	0	0	0	0	0	0	0	0	0	0	2182	0	152	0	0	0	0	0	0	0	1402	0	3628	0	0	0	9930	0	6862	0	0	0	0	0	6382	0	0	0	18196	0	1514	0	13558	404	8090	118	2148	0	0	0	0	0	0	0	0	0	0	0	310	0	0	0	482	0	0	0	130	0	0	0	0	0	0	0	0	0	0	0	0	0	0	0	0	0	0	0	0	0	0	0	0	0	0	
214672	Parietal_Inf_L	4510	0	0	0	0	0	0	0	0	0	0	0	0	0	0	0	538	0	0	0	0	0	0	0	0	0	0	0	198	0	0	0	0	0	136	0	0	0	0	0	0	0	678	0	464	0	160	0	3504	0	11288	0	158	0	0	0	16802	0	14902	0	0	0	16448	0	26588	0	1676	0	2080	0	0	0	0	0	0	0	0	0	0	0	1590	0	0	0	3356	0	0	0	2260	0	0	0	0	0	0	0	0	0	0	0	0	0	0	0	0	0	0	0	0	0	0	0	0	0	0	0	
168588	Parietal_Inf_R	0	1186	0	654	0	0	0	0	0	0	0	0	0	0	0	0	0	156	0	962	0	0	0	0	0	0	0	0	0	0	0	0	0	1632	0	482	0	0	0	0	0	0	0	156	0	112	0	0	0	1766	0	6632	0	0	0	0	0	6874	0	18196	0	0	0	11568	0	23938	0	3984	0	1544	0	0	0	238	0	140	0	0	0	0	0	1098	0	0	0	2682	0	0	0	294	0	0	0	0	0	0	0	0	0	0	0	0	0	0	0	0	0	0	0	0	0	0	0	0	0	0	
102576	SupraMarginal_L	2842	0	0	0	0	0	0	0	0	0	0	0	0	0	0	0	2268	0	0	0	0	0	0	0	0	0	0	0	360	0	0	0	0	0	120	0	0	0	0	0	0	0	448	0	306	0	130	0	0	0	610	0	0	0	0	0	7386	0	502	0	16448	0	0	0	6286	0	1020	0	1152	0	0	0	0	0	0	0	0	0	160	0	4934	0	0	0	3700	0	0	0	2616	0	0	0	0	0	0	0	0	0	0	0	0	0	0	0	0	0	0	0	0	0	0	0	0	0	0	0	
111092	SupraMarginal_R	0	2996	0	656	0	0	0	126	0	0	0	0	0	0	0	0	0	2994	364	622	0	0	0	0	0	0	0	0	0	646	0	0	0	0	0	0	0	1740	0	0	0	0	0	0	0	0	0	0	0	0	0	0	0	0	0	0	0	14116	0	1514	0	11568	0	0	0	6336	0	428	0	162	0	226	0	1760	0	1026	0	0	0	232	0	4874	0	0	0	3160	0	0	0	0	0	0	0	0	0	0	0	0	0	0	0	0	0	0	0	0	0	0	0	0	0	0	0	0	0	0	
163332	Angular_L	140	0	0	0	0	0	0	0	0	0	0	0	0	0	0	0	204	0	0	0	0	0	0	0	0	0	0	0	0	0	0	0	0	0	0	0	0	0	0	0	0	0	950	0	590	0	212	0	954	0	15296	0	122	0	0	0	4448	0	6466	0	26588	0	6286	0	0	0	1168	0	1256	0	0	0	0	0	0	0	0	0	0	0	1670	0	0	0	11274	0	0	0	4042	0	0	0	0	0	0	0	0	0	0	0	0	0	0	0	0	0	0	0	0	0	0	0	0	0	0	0	
180772	Angular_R	0	196	0	180	0	0	0	0	0	0	0	0	0	0	0	0	0	0	0	218	0	0	0	0	0	0	0	0	0	0	0	0	0	1000	0	398	0	0	0	0	0	0	0	858	0	930	0	0	0	6670	0	18868	0	0	0	0	0	780	0	13558	0	23938	0	6336	0	0	0	4972	0	546	0	0	0	0	0	0	0	0	0	0	0	3256	0	0	0	7346	0	0	0	336	0	0	0	0	0	0	0	0	0	0	0	0	0	0	0	0	0	0	0	0	0	0	0	0	0	0	
189820	Precuneus_L	170	0	0	0	0	0	0	0	0	0	0	0	0	0	0	0	260	0	0	362	0	0	0	0	0	0	0	0	196	0	0	0	1824	1728	5712	1566	1824	0	1816	0	0	0	9940	530	11534	6146	4904	0	6638	1024	6288	800	762	0	906	0	612	0	8852	404	1676	0	1020	0	1168	0	0	9766	1516	356	0	0	0	0	0	0	0	0	284	0	262	0	0	0	2502	232	0	0	1178	152	0	0	0	0	0	0	0	0	0	0	0	0	0	0	0	0	0	0	0	0	0	0	0	0	0	0	
330324	Precuneus_R	282	304	0	362	0	0	0	0	0	0	0	0	0	0	0	0	0	0	0	916	0	0	0	0	0	0	0	0	0	0	0	0	1120	7948	1346	13820	0	4860	0	2066	0	0	250	18968	632	23308	0	7240	340	13300	0	14684	0	2344	0	2128	0	1754	312	8090	0	3984	0	428	0	4972	9766	0	322	2628	0	0	0	178	0	0	0	822	0	0	0	1186	0	0	0	9320	0	0	0	4598	0	0	0	0	0	0	0	176	0	140	0	0	0	0	0	0	0	0	0	0	268	0	0	0	0	0	
128668	Paracentral_Lobule_L	14006	256	750	1460	0	0	0	0	0	0	0	0	0	0	0	0	334	0	2666	10008	0	0	0	0	0	0	0	0	176	0	0	0	1334	6146	1304	336	0	0	0	0	0	0	590	0	1580	0	0	0	898	126	986	248	0	0	0	0	3856	714	530	118	2080	0	1152	0	1256	0	1516	322	0	4468	182	1676	0	0	0	0	1108	1256	0	0	284	0	0	0	306	190	0	0	116	0	0	0	0	0	0	0	0	0	0	0	0	0	0	0	0	0	0	0	0	0	0	0	0	0	0	0	
113040	Paracentral_Lobule_R	3616	2894	0	1140	0	0	0	0	0	0	0	0	0	0	0	0	0	0	246	15022	0	0	0	0	0	0	0	0	0	0	0	0	508	10036	0	1432	0	0	0	0	0	0	0	0	0	298	0	0	0	360	0	478	0	0	0	0	0	6518	0	2148	0	1544	0	162	0	546	356	2628	4468	0	0	660	0	174	0	134	0	634	0	0	0	0	0	0	0	362	0	0	0	156	0	0	0	0	0	0	0	0	0	0	0	0	0	0	0	0	0	0	0	0	0	0	0	0	0	0	
237104	Caudate_L	698	0	9338	9372	1628	614	624	0	1438	0	4786	0	3236	0	2322	280	1774	0	9892	9444	5508	5830	218	0	462	342	1572	1384	11248	228	5906	3326	174	264	0	0	0	0	0	0	0	0	0	0	0	0	0	0	0	0	0	0	0	0	0	0	434	0	0	0	0	0	0	0	0	0	0	0	182	0	0	5542	11770	214	906	0	6362	136	0	0	450	0	648	0	0	0	0	0	0	0	0	0	0	0	0	0	0	0	0	0	0	0	0	0	0	0	0	0	0	0	0	0	0	0	0	0	
352548	Caudate_R	814	654	164	22508	0	5436	0	1762	0	0	0	4094	0	2548	0	3066	0	758	1274	24772	2026	6620	0	1460	0	4020	300	4116	222	13320	1846	11534	0	472	0	0	166	1880	112	332	0	0	0	0	0	0	0	0	0	0	0	0	0	0	0	232	0	450	0	0	0	0	0	226	0	0	0	0	1676	660	5542	0	2188	21120	0	4446	540	22268	0	256	0	272	0	122	0	0	0	0	0	0	0	0	0	0	0	0	0	0	0	0	0	0	0	0	0	0	0	0	0	0	0	0	0	0	0	0	
265312	Putamen_L	9048	0	14836	3534	3036	164	868	0	2018	0	3014	0	2960	0	2822	0	4686	0	15146	3686	1256	2514	440	0	0	0	144	502	17332	0	5908	1524	0	0	0	0	7038	0	256	0	0	0	0	0	0	0	0	0	0	0	0	0	0	0	600	0	2898	0	0	0	0	0	0	0	0	0	0	0	0	0	11770	2188	0	114	5774	0	3748	244	138	0	1104	0	638	0	0	0	0	0	708	0	0	0	0	0	0	0	0	0	0	0	0	0	0	0	0	0	0	0	0	0	0	0	0	0	0	0	
291140	Putamen_R	0	2736	0	10276	0	4592	0	4992	0	0	0	3860	0	4444	0	1600	0	4050	668	4628	0	426	0	3200	0	3002	0	856	0	21560	118	9146	0	880	0	160	0	13140	154	2822	0	1316	0	0	0	0	0	0	0	0	0	0	0	0	0	3290	0	2508	0	0	0	238	0	1760	0	0	0	178	0	174	214	21120	114	0	0	8802	0	5700	0	1744	0	1102	0	0	0	0	0	0	0	0	0	0	0	0	0	0	0	0	0	0	0	0	0	0	0	0	0	0	0	0	0	0	0	0	0	0	
31132	Pallidum_L	366	0	172	384	0	0	0	0	0	0	310	0	0	0	0	0	202	0	3854	392	0	0	0	0	0	0	0	0	542	0	0	0	0	0	0	0	0	0	0	0	0	0	0	0	0	0	0	0	0	0	0	0	0	0	0	0	0	0	0	0	0	0	0	0	0	0	0	0	0	0	906	0	5774	0	0	0	2528	0	0	0	136	0	0	0	0	0	0	0	0	0	0	0	0	0	0	0	0	0	0	0	0	0	0	0	0	0	0	0	0	0	0	0	0	0	0	0	
55944	Pallidum_R	0	416	0	1386	0	0	0	0	0	0	0	456	0	506	0	0	0	696	172	1174	0	0	0	132	0	0	0	0	0	1040	0	1104	0	212	0	0	0	1766	0	208	0	0	0	0	0	0	0	0	0	0	0	0	0	0	0	140	0	1386	0	0	0	140	0	1026	0	0	0	0	0	134	0	4446	0	8802	0	0	0	2158	0	260	0	212	0	0	0	0	0	0	0	0	0	0	0	0	0	0	0	0	0	0	0	0	0	0	0	0	0	0	0	0	0	0	0	0	0	0	
112812	Thalamus_L	14556	0	450	1646	0	0	244	0	0	0	706	0	0	0	0	0	948	0	2914	936	120	0	0	0	0	0	0	0	3174	0	0	0	0	0	0	1754	6074	0	792	0	192	0	0	0	0	0	360	0	0	0	0	0	0	0	264	0	304	0	0	0	0	0	0	0	0	0	0	0	1108	0	6362	540	3748	0	2528	0	0	4512	596	0	710	0	0	0	278	0	0	0	590	0	0	0	0	0	0	0	0	0	0	0	0	0	0	0	0	0	0	0	0	0	0	0	0	0	0	0	
240956	Thalamus_R	2074	1554	0	26412	0	0	0	0	0	0	0	1140	0	370	0	0	0	1454	1112	29524	0	0	0	0	0	0	0	0	242	4856	0	846	0	282	274	3366	684	4276	112	1104	0	0	0	0	0	0	0	404	0	0	0	0	0	0	0	440	0	586	0	0	0	0	0	0	0	0	0	822	1256	634	136	22268	244	5700	0	2158	4512	0	156	994	0	486	0	0	0	0	0	0	0	0	0	0	0	0	0	0	0	0	0	0	0	0	0	0	0	0	0	0	0	0	0	0	0	0	0	0	
68788	Heschl_L	2722	0	216	0	0	0	0	0	0	0	504	0	0	0	0	0	2414	0	226	152	0	0	0	0	0	0	0	0	5902	0	0	0	0	0	0	142	2780	0	0	0	0	0	178	0	162	0	432	0	0	0	1120	0	850	0	1300	0	1176	0	0	0	0	0	160	0	0	0	284	0	0	0	0	0	138	0	0	0	596	156	0	0	4888	0	0	0	3982	0	0	0	3914	0	0	0	0	0	0	0	0	0	0	0	0	0	0	0	0	0	0	0	0	0	0	0	0	0	0	0	
55584	Heschl_R	0	640	0	970	0	0	0	688	0	0	0	144	0	0	0	0	0	8008	0	604	0	0	0	0	0	0	0	0	0	2506	0	0	0	0	0	0	0	2178	0	172	0	0	0	0	0	0	0	0	0	0	0	0	0	0	0	656	0	296	0	0	0	0	0	232	0	0	0	0	0	0	0	256	0	1744	0	260	0	994	0	0	0	6668	0	0	0	298	0	0	0	478	0	0	0	0	0	0	0	0	0	0	0	0	0	0	0	0	0	0	0	0	0	0	0	0	0	0	
299236	Temporal_Sup_L	5344	0	7826	618	0	0	3180	0	0	0	8854	0	360	0	0	0	21778	0	6510	656	0	0	0	0	0	0	0	0	15204	0	0	0	0	0	0	0	1908	0	0	0	0	0	136	0	124	0	0	0	0	0	616	0	162	0	958	0	3726	0	0	0	1590	0	4934	0	1670	0	262	0	284	0	450	0	1104	0	136	0	710	0	4888	0	0	0	7044	0	27658	0	0	0	20928	0	0	0	0	0	0	0	0	0	0	0	0	0	0	0	0	0	0	0	0	0	0	0	0	0	0	0	
140840	Temporal_Sup_R	0	664	0	834	0	0	0	530	0	0	0	518	0	0	0	152	0	6322	0	520	0	0	0	0	0	0	0	0	0	4542	0	0	0	0	0	362	0	3776	0	124	0	0	0	0	0	0	0	0	0	0	0	784	0	168	0	3968	0	454	0	310	0	1098	0	4874	0	3256	0	1186	0	0	0	272	0	1102	0	212	0	486	0	6668	0	0	0	1816	0	18218	0	272	0	6932	0	0	0	0	0	0	0	0	0	0	0	0	0	0	0	0	0	0	0	0	0	0	0	0	0	0	
128784	Temporal_Pole_Sup_L	724	0	3734	654	258	0	3376	0	0	0	8064	0	132	0	866	0	7778	0	3790	664	1128	0	0	0	0	0	0	0	10020	0	0	0	0	0	0	0	628	0	760	0	540	0	0	0	0	0	0	0	0	0	0	0	0	0	2596	0	0	0	0	0	0	0	0	0	0	0	0	0	0	0	648	0	638	0	0	0	0	0	0	0	7044	0	0	0	4216	0	1882	0	4252	0	0	0	0	0	0	0	0	0	0	0	0	0	0	0	0	0	0	0	0	0	0	0	0	0	0	0	
51592	Temporal_Pole_Sup_R	0	0	0	116	0	230	0	0	0	0	0	224	0	0	0	870	0	544	0	0	0	678	0	0	0	0	0	410	0	2140	0	0	0	0	0	0	0	204	0	3084	0	2288	0	0	0	0	0	0	0	0	0	0	0	0	0	4756	0	0	0	0	0	0	0	0	0	0	0	0	0	0	0	122	0	0	0	0	0	0	0	0	0	1816	0	0	0	2160	0	3064	0	3090	0	0	0	0	0	0	0	0	0	0	0	0	0	0	0	0	0	0	0	0	0	0	0	0	0	0	
268448	Temporal_Mid_L	202	0	0	0	0	0	0	0	0	0	0	0	0	0	0	0	3114	0	0	0	0	0	0	0	0	0	0	0	1086	0	0	0	0	0	310	0	608	0	0	0	0	0	2224	0	1090	0	526	0	1108	0	20956	0	2384	0	1916	0	166	0	0	0	3356	0	3700	0	11274	0	2502	0	306	0	0	0	0	0	0	0	278	0	3982	0	27658	0	4216	0	0	0	1472	0	39790	0	0	0	0	0	0	0	0	0	0	0	0	0	0	0	0	0	0	0	0	0	0	0	0	0	0	0	
210780	Temporal_Mid_R	188	314	0	0	0	0	0	0	0	0	0	0	0	0	0	148	0	0	0	356	0	0	0	0	0	0	0	0	0	388	0	0	0	894	0	1964	0	1204	0	0	0	0	0	4916	0	2788	0	650	0	2260	0	19728	0	2796	0	3128	0	0	0	482	0	2682	0	3160	0	7346	232	9320	190	362	0	0	0	0	0	0	0	0	0	298	0	18218	0	2160	0	0	0	1360	0	17858	0	0	0	0	0	0	0	0	0	0	0	0	0	0	0	0	0	0	0	0	0	0	0	0	0	0	
12528	Temporal_Pole_Mid_L	0	0	0	0	0	0	0	0	0	0	0	0	0	0	0	0	0	0	0	0	0	0	0	0	0	0	0	0	0	0	0	0	0	0	0	0	0	0	424	0	138	0	0	0	0	0	0	0	0	0	0	0	0	0	1212	0	0	0	0	0	0	0	0	0	0	0	0	0	0	0	0	0	0	0	0	0	0	0	0	0	0	0	1882	0	1472	0	0	0	1136	0	0	0	0	0	0	0	0	0	0	0	0	0	0	0	0	0	0	0	0	0	0	0	0	0	0	0	
14704	Temporal_Pole_Mid_R	0	0	0	0	0	0	0	0	0	0	0	0	0	0	0	148	0	0	0	0	0	0	0	0	0	0	0	0	0	0	0	0	0	0	0	0	0	0	0	756	0	326	0	0	0	0	0	0	0	0	0	0	0	0	0	1080	0	0	0	0	0	0	0	0	0	0	0	0	0	0	0	0	0	0	0	0	0	0	0	0	0	272	0	3064	0	1360	0	0	0	346	0	0	0	0	0	0	0	0	0	0	0	0	0	0	0	0	0	0	0	0	0	0	0	0	0	0	
241316	Temporal_Inf_L	482	0	0	0	0	0	0	0	0	0	0	0	0	0	0	0	1976	0	0	0	0	0	0	0	0	0	0	0	2806	0	0	0	0	0	114	0	7948	0	1002	0	340	0	616	0	518	0	324	0	0	0	3724	0	2768	0	12464	0	306	0	0	0	2260	0	2616	0	4042	0	1178	0	116	0	0	0	708	0	0	0	590	0	3914	0	20928	0	4252	0	39790	0	1136	0	0	0	2498	0	0	0	0	0	192	0	668	0	236	0	146	0	0	0	0	0	0	0	0	0	0	0	0	0	
156364	Temporal_Inf_R	0	130	0	0	0	0	0	0	0	0	0	0	0	0	0	0	0	0	0	158	0	0	0	0	0	0	0	0	0	1218	0	0	0	328	0	612	0	5486	0	1802	0	268	0	1724	0	842	0	414	0	362	0	5076	0	5150	0	17012	0	0	0	130	0	294	0	0	0	336	152	4598	0	156	0	0	0	0	0	0	0	0	0	478	0	6932	0	3090	0	17858	0	346	0	0	0	2106	0	408	0	0	0	0	0	176	0	326	0	214	0	0	0	0	0	0	0	0	0	0	0	0	
454388	Cerebelum_Crus1_L	0	0	0	0	0	0	0	0	0	0	0	0	0	0	0	0	0	0	0	0	0	0	0	0	0	0	0	0	0	0	0	0	0	0	0	0	0	0	0	0	0	0	682	0	0	0	13686	1992	0	0	0	0	168	0	20904	1618	0	0	0	0	0	0	0	0	0	0	0	0	0	0	0	0	0	0	0	0	0	0	0	0	0	0	0	0	0	0	0	0	2498	0	0	3072	36168	1236	804	0	17050	2308	61420	4512	17702	278	17970	1118	1570	0	0	0	0	0	4296	10444	3942	1756	0	0	
511740	Cerebelum_Crus1_R	0	0	0	0	0	0	0	0	0	0	0	0	0	0	0	0	0	0	0	0	0	0	0	0	0	0	0	0	0	0	0	0	0	0	0	0	0	0	0	160	0	0	0	202	0	0	2820	13288	0	0	0	0	0	542	1030	19600	0	0	0	0	0	0	0	0	0	0	0	0	0	0	0	0	0	0	0	0	0	0	0	0	0	0	0	0	0	0	0	0	0	2106	3072	0	1666	37058	136	1366	5252	18964	7678	60092	274	13156	2382	28822	450	954	0	142	0	328	9124	14704	8544	1958	0	0	
263892	Cerebelum_Crus2_L	0	0	0	0	0	0	0	0	0	0	0	0	0	0	0	0	0	0	0	0	0	0	0	0	0	0	0	0	0	0	0	0	0	0	0	0	0	0	0	0	0	0	0	0	0	0	482	292	0	0	0	0	0	0	334	154	0	0	0	0	0	0	0	0	0	0	0	0	0	0	0	0	0	0	0	0	0	0	0	0	0	0	0	0	0	0	0	0	0	0	36168	1666	0	3332	260	0	1060	294	12400	1388	30726	1046	26164	1142	2280	0	0	0	0	0	650	4072	6040	1996	0	0	
245124	Cerebelum_Crus2_R	0	0	0	0	0	0	0	0	0	0	0	0	0	0	0	0	0	0	0	0	0	0	0	0	0	0	0	0	0	0	0	0	0	0	0	0	0	0	0	0	0	0	0	0	0	0	0	304	0	0	0	0	0	0	0	998	0	0	0	0	0	0	0	0	0	0	0	0	0	0	0	0	0	0	0	0	0	0	0	0	0	0	0	0	0	0	0	0	0	408	1236	37058	3332	0	0	148	166	1056	976	8254	288	21968	2422	30234	140	598	0	132	0	0	422	2990	6388	3044	0	0	
33024	Cerebelum_3_L	0	0	0	0	0	0	0	0	0	0	0	0	0	0	0	0	0	0	0	0	0	0	0	0	0	0	0	0	0	0	0	0	0	0	0	0	0	0	224	0	0	0	0	0	0	0	0	330	0	0	0	0	0	0	616	136	0	0	0	0	0	0	0	0	0	0	0	0	0	0	0	0	0	0	0	0	0	0	0	0	0	0	0	0	0	0	0	0	0	0	804	136	260	0	0	0	5970	694	2236	400	0	0	0	0	1580	0	124	0	350	650	1456	546	0	0	0	0	
61668	Cerebelum_3_R	0	0	0	0	0	0	0	0	0	0	0	0	0	0	0	0	0	0	0	0	0	0	0	0	0	0	0	0	0	0	0	0	0	0	0	0	0	0	0	0	0	0	0	0	0	0	0	264	0	0	0	0	0	0	0	174	0	0	0	0	0	0	0	0	0	0	0	0	0	0	0	0	0	0	0	0	0	0	0	0	0	0	0	0	0	0	0	0	0	0	0	1366	0	148	0	0	738	6092	332	5478	0	0	200	532	350	2714	0	0	496	4674	3032	1318	140	800	1284	702	
346276	Cerebelum_4_5_L	0	0	0	0	0	0	0	0	0	0	0	0	0	0	0	0	0	0	0	0	0	0	0	0	0	0	0	0	0	0	0	0	0	0	0	0	0	0	388	0	0	0	188	0	0	0	18872	6396	0	0	0	0	0	0	16026	5124	0	0	0	0	0	0	0	0	0	0	0	0	0	0	0	0	0	0	0	0	0	0	0	0	0	0	0	0	0	0	0	0	192	0	17050	5252	1060	166	5970	738	0	13344	40086	8598	1570	0	1308	558	2718	486	418	0	376	1030	20730	2884	564	0	0	1046	
320808	Cerebelum_4_5_R	0	0	0	0	0	0	0	0	0	0	0	0	0	0	0	0	0	0	0	0	0	0	0	0	0	0	0	0	0	0	0	0	0	0	0	0	0	208	0	308	0	0	0	136	0	0	5460	12460	0	0	0	0	0	0	1396	15460	0	0	0	0	0	0	0	0	0	0	0	176	0	0	0	0	0	0	0	0	0	0	0	0	0	0	0	0	0	0	0	0	0	0	2308	18964	294	1056	694	6092	13344	0	8650	34666	282	0	544	2490	430	1632	0	0	150	2204	23324	4302	866	440	738	1330	
523528	Cerebelum_6_L	0	0	0	0	0	0	0	0	0	0	0	0	0	0	0	0	0	0	0	0	0	0	0	0	0	0	0	0	0	0	0	0	0	0	0	0	0	0	250	0	0	0	394	0	0	0	22198	5176	0	0	0	0	210	0	29126	4840	0	0	0	0	0	0	0	0	0	0	0	0	0	0	0	0	0	0	0	0	0	0	0	0	0	0	0	0	0	0	0	0	668	0	61420	7678	12400	976	2236	332	40086	8650	0	12194	4878	186	7548	1616	2920	634	280	0	0	234	14274	16230	3028	1102	0	0	
523356	Cerebelum_6_R	0	0	0	0	0	0	0	0	0	0	0	0	0	0	0	0	0	0	0	0	0	0	0	0	0	0	0	0	0	0	0	0	0	0	0	0	0	0	0	208	0	0	0	376	0	152	4896	18412	0	194	0	0	0	1950	1260	24476	0	0	0	0	0	0	0	0	0	0	0	140	0	0	0	0	0	0	0	0	0	0	0	0	0	0	0	0	0	0	0	0	0	176	4512	60092	1388	8254	400	5478	8598	34666	12194	0	388	1712	3214	11680	1700	2832	0	258	0	2116	17456	21784	7098	2652	558	408	
191232	Cerebelum_7b_L	0	0	0	0	0	0	0	0	0	0	0	0	0	0	0	0	0	0	0	0	0	0	0	0	0	0	0	0	0	0	0	0	0	0	0	0	0	0	0	0	0	0	0	0	0	0	704	230	0	0	0	0	0	0	478	154	0	0	0	0	0	0	0	0	0	0	0	0	0	0	0	0	0	0	0	0	0	0	0	0	0	0	0	0	0	0	0	0	236	0	17702	274	30726	288	0	0	1570	282	4878	388	0	0	27956	390	4642	0	412	0	0	0	610	620	2370	706	0	0	
132444	Cerebelum_7b_R	0	0	0	0	0	0	0	0	0	0	0	0	0	0	0	0	0	0	0	0	0	0	0	0	0	0	0	0	0	0	0	0	0	0	0	0	0	0	0	0	0	0	0	0	0	0	0	0	0	0	0	0	0	0	0	382	0	0	0	0	0	0	0	0	0	0	0	0	0	0	0	0	0	0	0	0	0	0	0	0	0	0	0	0	0	0	0	0	0	326	278	13156	1046	21968	0	0	0	0	186	1712	0	0	486	19534	0	1764	0	0	0	0	0	1100	2782	1502	0	0	
283716	Cerebelum_8_L	0	0	0	0	0	0	0	0	0	0	0	0	0	0	0	0	0	0	0	0	0	0	0	0	0	0	0	0	0	0	0	0	0	0	0	0	0	0	0	0	0	0	0	0	0	0	522	422	0	0	0	0	0	0	322	234	0	0	0	0	0	0	0	0	0	0	0	0	0	0	0	0	0	0	0	0	0	0	0	0	0	0	0	0	0	0	0	0	146	0	17970	2382	26164	2422	0	200	1308	544	7548	3214	27956	486	0	7198	15114	1192	968	0	0	152	986	6012	8500	8458	1318	120	
288768	Cerebelum_8_R	0	0	0	0	0	0	0	0	0	0	0	0	0	0	0	0	0	0	0	0	0	0	0	0	0	0	0	0	0	0	0	0	0	0	0	0	0	0	0	0	0	0	0	0	0	0	0	286	0	0	0	0	0	0	0	1244	0	0	0	0	0	0	0	0	0	0	0	0	0	0	0	0	0	0	0	0	0	0	0	0	0	0	0	0	0	0	0	0	0	214	1118	28822	1142	30234	0	532	558	2490	1616	11680	390	19534	7198	0	1398	12398	0	1566	0	344	1466	4608	6978	7636	744	188	
104284	Cerebelum_9_L	0	0	0	0	0	0	0	0	0	0	0	0	0	0	0	0	0	0	0	0	0	0	0	0	0	0	0	0	0	0	0	0	0	0	0	0	0	0	0	0	0	0	0	0	0	0	0	268	0	0	0	0	0	0	0	260	0	0	0	0	0	0	0	0	0	0	0	0	0	0	0	0	0	0	0	0	0	0	0	0	0	0	0	0	0	0	0	0	0	0	1570	450	2280	140	1580	350	2718	430	2920	1700	4642	0	15114	1398	0	1318	2850	0	0	314	1932	4188	1742	2248	1278	452	
90696	Cerebelum_9_R	0	0	0	0	0	0	0	0	0	0	0	0	0	0	0	0	0	0	0	0	0	0	0	0	0	0	0	0	0	0	0	0	0	0	0	0	0	0	0	0	0	0	0	0	0	0	0	0	0	0	0	0	0	0	0	0	0	0	0	0	0	0	0	0	0	0	0	0	0	0	0	0	0	0	0	0	0	0	0	0	0	0	0	0	0	0	0	0	0	0	0	954	0	598	0	2714	486	1632	634	2832	0	1764	1192	12398	1318	0	0	2042	518	2384	2720	2576	1132	2546	3256	1652	
10104	Cerebelum_10_L	0	0	0	0	0	0	0	0	0	0	0	0	0	0	0	0	0	0	0	0	0	0	0	0	0	0	0	0	0	0	0	0	0	0	0	0	0	0	0	0	0	0	0	0	0	0	0	0	0	0	0	0	0	0	0	0	0	0	0	0	0	0	0	0	0	0	0	0	0	0	0	0	0	0	0	0	0	0	0	0	0	0	0	0	0	0	0	0	0	0	0	0	0	0	124	0	418	0	280	0	412	0	968	0	2850	0	0	0	0	0	0	0	0	0	0	0	
8280	Cerebelum_10_R	0	0	0	0	0	0	0	0	0	0	0	0	0	0	0	0	0	0	0	0	0	0	0	0	0	0	0	0	0	0	0	0	0	0	0	0	0	0	0	0	0	0	0	0	0	0	0	0	0	0	0	0	0	0	0	0	0	0	0	0	0	0	0	0	0	0	0	0	0	0	0	0	0	0	0	0	0	0	0	0	0	0	0	0	0	0	0	0	0	0	0	142	0	132	0	0	0	0	0	258	0	0	0	1566	0	2042	0	0	0	0	0	0	0	0	0	0	
13656	Vermis_1_2	0	0	0	0	0	0	0	0	0	0	0	0	0	0	0	0	0	0	0	0	0	0	0	0	0	0	0	0	0	0	0	0	0	0	0	0	0	0	300	0	0	0	0	0	0	0	0	0	0	0	0	0	0	0	0	0	0	0	0	0	0	0	0	0	0	0	0	0	0	0	0	0	0	0	0	0	0	0	0	0	0	0	0	0	0	0	0	0	0	0	0	0	0	0	350	496	376	150	0	0	0	0	0	0	0	518	0	0	0	3518	718	0	0	0	224	178	
52028	Vermis_3	0	0	0	0	0	0	0	0	0	0	0	0	0	0	0	0	0	0	0	0	0	0	0	0	0	0	0	0	0	0	0	0	0	0	0	0	0	0	446	0	0	0	0	0	0	0	0	248	0	0	0	0	0	0	0	0	0	0	0	0	0	0	0	0	0	0	0	0	0	0	0	0	0	0	0	0	0	0	0	0	0	0	0	0	0	0	0	0	0	0	0	328	0	0	650	4674	1030	2204	234	2116	0	0	152	344	314	2384	0	0	3518	0	3360	1004	112	630	1364	902	
307552	Vermis_4_5	0	0	0	0	0	0	0	0	0	0	0	0	0	0	0	0	0	0	0	0	0	0	0	0	0	0	0	0	0	0	0	0	0	0	0	252	0	0	0	0	0	0	200	0	0	0	9586	10458	0	0	0	0	0	0	2906	8872	0	0	0	0	0	0	0	0	0	0	0	268	0	0	0	0	0	0	0	0	0	0	0	0	0	0	0	0	0	0	0	0	0	0	4296	9124	650	422	1456	3032	20730	23324	14274	17456	610	0	986	1466	1932	2720	0	0	718	3360	0	6892	1052	1136	1964	3634	
284320	Vermis_6	0	0	0	0	0	0	0	0	0	0	0	0	0	0	0	0	0	0	0	0	0	0	0	0	0	0	0	0	0	0	0	0	0	0	0	0	0	0	0	0	0	0	0	0	0	0	3956	5192	0	0	0	0	0	902	2604	4670	0	0	0	0	0	0	0	0	0	0	0	0	0	0	0	0	0	0	0	0	0	0	0	0	0	0	0	0	0	0	0	0	0	0	10444	14704	4072	2990	546	1318	2884	4302	16230	21784	620	1100	6012	4608	4188	2576	0	0	0	1004	6892	0	10444	5352	1724	1042	
160364	Vermis_7	0	0	0	0	0	0	0	0	0	0	0	0	0	0	0	0	0	0	0	0	0	0	0	0	0	0	0	0	0	0	0	0	0	0	0	0	0	0	0	0	0	0	0	0	0	0	314	218	0	0	0	0	0	0	170	254	0	0	0	0	0	0	0	0	0	0	0	0	0	0	0	0	0	0	0	0	0	0	0	0	0	0	0	0	0	0	0	0	0	0	3942	8544	6040	6388	0	140	564	866	3028	7098	2370	2782	8500	6978	1742	1132	0	0	0	112	1052	10444	0	6808	696	0	
108580	Vermis_8	0	0	0	0	0	0	0	0	0	0	0	0	0	0	0	0	0	0	0	0	0	0	0	0	0	0	0	0	0	0	0	0	0	0	0	0	0	0	0	0	0	0	0	0	0	0	0	0	0	0	0	0	0	0	0	0	0	0	0	0	0	0	0	0	0	0	0	0	0	0	0	0	0	0	0	0	0	0	0	0	0	0	0	0	0	0	0	0	0	0	1756	1958	1996	3044	0	800	0	440	1102	2652	706	1502	8458	7636	2248	2546	0	0	0	630	1136	5352	6808	0	2530	990	
38832	Vermis_9	0	0	0	0	0	0	0	0	0	0	0	0	0	0	0	0	0	0	0	0	0	0	0	0	0	0	0	0	0	0	0	0	0	0	0	0	0	0	0	0	0	0	0	0	0	0	0	0	0	0	0	0	0	0	0	0	0	0	0	0	0	0	0	0	0	0	0	0	0	0	0	0	0	0	0	0	0	0	0	0	0	0	0	0	0	0	0	0	0	0	0	0	0	0	0	1284	0	738	0	558	0	0	1318	744	1278	3256	0	0	224	1364	1964	1724	696	2530	0	1738	
29020	Vermis_10	0	0	0	0	0	0	0	0	0	0	0	0	0	0	0	0	0	0	0	0	0	0	0	0	0	0	0	0	0	0	0	0	0	0	0	0	0	0	0	0	0	0	0	0	0	0	0	128	0	0	0	0	0	0	0	0	0	0	0	0	0	0	0	0	0	0	0	0	0	0	0	0	0	0	0	0	0	0	0	0	0	0	0	0	0	0	0	0	0	0	0	0	0	0	0	702	1046	1330	0	408	0	0	120	188	452	1652	0	0	178	902	3634	1042	0	990	1738	0	
