data	data	504288	248372	956940	993480	123620	111448	540492	210520	77168	66140	228348	173636	348512	116880	237072	68420	182188	147568	813384	737996	69824	89036	364320	447776	42000	114160	55952	74076	560560	294256	337276	615600	226080	545156	154368	163008	162364	240048	41036	124672	18676	41900	179108	259712	141812	267124	165192	142088	178988	268368	339180	206944	192548	78376	303900	302448	330692	164124	129068	42156	171880	48212	113996	62416	88796	59024	192808	298044	135344	160552	325536	440080	301412	270532	67720	20912	59040	132772	69380	13448	173908	73388	78684	45928	200476	164028	31812	14104	232364	141824	381472	352788	370332	243808	14140	22444	204676	125036	324140	277072	256076	114164	293224	165112	67952	70552	7688	1800	13792	27300	137272	142892	228364	104188	58376	23132	
data	data	Precentral_L	Precentral_R	Frontal_Sup_L	Frontal_Sup_R	Frontal_Sup_Orb_L	Frontal_Sup_Orb_R	Frontal_Mid_L	Frontal_Mid_R	Frontal_Mid_Orb_L	Frontal_Mid_Orb_R	Frontal_Inf_Oper_L	Frontal_Inf_Oper_R	Frontal_Inf_Tri_L	Frontal_Inf_Tri_R	Frontal_Inf_Orb_L	Frontal_Inf_Orb_R	Rolandic_Oper_L	Rolandic_Oper_R	Supp_Motor_Area_L	Supp_Motor_Area_R	Olfactory_L	Olfactory_R	Frontal_Sup_Medial_L	Frontal_Sup_Medial_R	Frontal_Med_Orb_L	Frontal_Med_Orb_R	Rectus_L	Rectus_R	Insula_L	Insula_R	Cingulum_Ant_L	Cingulum_Ant_R	Cingulum_Mid_L	Cingulum_Mid_R	Cingulum_Post_L	Cingulum_Post_R	Hippocampus_L	Hippocampus_R	ParaHippocampal_L	ParaHippocampal_R	Amygdala_L	Amygdala_R	Calcarine_L	Calcarine_R	Cuneus_L	Cuneus_R	Lingual_L	Lingual_R	Occipital_Sup_L	Occipital_Sup_R	Occipital_Mid_L	Occipital_Mid_R	Occipital_Inf_L	Occipital_Inf_R	Fusiform_L	Fusiform_R	Postcentral_L	Postcentral_R	Parietal_Sup_L	Parietal_Sup_R	Parietal_Inf_L	Parietal_Inf_R	SupraMarginal_L	SupraMarginal_R	Angular_L	Angular_R	Precuneus_L	Precuneus_R	Paracentral_Lobule_L	Paracentral_Lobule_R	Caudate_L	Caudate_R	Putamen_L	Putamen_R	Pallidum_L	Pallidum_R	Thalamus_L	Thalamus_R	Heschl_L	Heschl_R	Temporal_Sup_L	Temporal_Sup_R	Temporal_Pole_Sup_L	Temporal_Pole_Sup_R	Temporal_Mid_L	Temporal_Mid_R	Temporal_Pole_Mid_L	Temporal_Pole_Mid_R	Temporal_Inf_L	Temporal_Inf_R	Cerebelum_Crus1_L	Cerebelum_Crus1_R	Cerebelum_Crus2_L	Cerebelum_Crus2_R	Cerebelum_3_L	Cerebelum_3_R	Cerebelum_4_5_L	Cerebelum_4_5_R	Cerebelum_6_L	Cerebelum_6_R	Cerebelum_7b_L	Cerebelum_7b_R	Cerebelum_8_L	Cerebelum_8_R	Cerebelum_9_L	Cerebelum_9_R	Cerebelum_10_L	Cerebelum_10_R	Vermis_1_2	Vermis_3	Vermis_4_5	Vermis_6	Vermis_7	Vermis_8	Vermis_9	Vermis_10	
504288	Precentral_L	0	4044	21542	10548	0	0	23226	154	110	202	11552	190	3822	0	784	184	8374	980	18480	13740	0	0	290	856	0	0	0	0	7738	666	5474	2168	454	3494	2388	1154	5242	410	0	150	0	0	0	0	0	0	0	0	0	0	1464	0	494	0	1214	154	33016	528	0	0	2502	0	694	0	0	0	144	0	16574	2038	6082	5484	4638	270	4026	0	12948	2460	2954	0	2108	0	406	0	1196	0	0	0	2334	0	0	0	0	0	0	0	0	0	0	0	0	0	0	0	0	0	0	0	0	0	0	0	0	0	0	0	
248372	Precentral_R	4044	0	538	21172	0	0	584	9302	0	0	0	8716	184	332	164	0	0	4268	468	6948	0	0	0	0	0	0	0	0	298	4094	0	132	0	296	562	366	158	10332	0	3250	0	0	0	0	0	0	0	0	0	0	0	0	0	0	284	4566	1232	10254	0	0	130	182	0	882	0	0	0	314	2022	1296	768	5354	664	5192	210	0	0	12758	0	0	0	242	0	0	0	314	0	0	0	1314	0	0	0	0	0	0	0	0	0	0	0	0	0	0	0	0	0	0	0	0	0	0	0	0	0	0	
956940	Frontal_Sup_L	21542	538	0	9894	10194	292	75788	144	2736	142	15996	0	18578	0	7358	128	8018	1052	100566	15508	0	0	39812	3440	1074	1048	1662	0	38498	556	21504	8446	18522	4138	0	0	578	0	0	0	0	0	0	0	0	0	0	0	0	0	0	0	0	0	0	0	4766	130	0	0	410	0	416	0	0	0	0	0	3622	0	8038	4724	19060	458	2992	142	542	302	750	0	2382	0	1984	0	0	0	0	0	0	0	0	0	0	0	0	0	0	0	0	0	0	0	0	0	0	0	0	0	0	0	0	0	0	0	0	0	
993480	Frontal_Sup_R	10548	21172	9894	0	0	5650	2252	25586	0	3336	0	7928	2036	3894	1984	2300	276	9558	21044	94726	448	1046	15958	57494	372	4120	198	1568	2080	16328	6252	45656	5550	32096	414	298	264	4324	0	680	0	0	0	0	0	0	0	0	0	0	0	0	0	0	0	1188	1970	3846	0	0	254	0	146	412	0	0	0	0	5590	0	8322	27072	1874	13694	736	3084	120	9982	218	166	0	382	0	244	0	0	0	0	0	110	0	0	0	0	0	0	0	0	0	0	0	0	0	0	0	0	0	0	0	0	0	0	0	0	0	0	
123620	Frontal_Sup_Orb_L	0	0	10194	0	0	0	2414	0	10034	0	0	0	1730	0	10580	0	0	0	1052	0	898	0	2370	214	2542	414	5022	0	5680	0	2848	258	0	0	0	0	0	0	0	0	0	0	0	0	0	0	0	0	0	0	0	0	0	0	0	0	0	0	0	0	0	0	0	0	0	0	0	0	0	0	386	0	4778	0	0	0	0	0	0	0	0	0	396	0	0	0	0	0	0	0	0	0	0	0	0	0	0	0	0	0	0	0	0	0	0	0	0	0	0	0	0	0	0	0	0	0	
111448	Frontal_Sup_Orb_R	0	0	292	5650	0	0	0	1806	0	5578	0	0	0	0	0	2036	0	0	0	144	776	2278	1126	6930	342	8454	306	8336	0	178	1312	3976	0	366	0	0	0	0	0	0	0	0	0	0	0	0	0	0	0	0	0	0	0	0	0	0	0	0	0	0	0	0	0	0	0	0	0	0	0	0	918	3574	394	952	0	0	0	0	0	0	0	0	0	0	0	0	0	0	0	0	0	0	0	0	0	0	0	0	0	0	0	0	0	0	0	0	0	0	0	0	0	0	0	0	0	0	
540492	Frontal_Mid_L	23226	584	75788	2252	2414	0	0	0	3860	184	11036	134	35224	0	6948	0	570	0	23464	2044	0	0	16322	760	0	0	130	0	19564	236	13058	2016	15750	320	0	0	382	0	0	0	0	0	0	0	0	0	0	0	0	0	0	0	0	0	0	0	302	308	0	0	166	0	0	0	0	0	0	0	200	0	3870	1982	5178	118	614	0	706	0	110	0	196	0	230	0	0	0	0	0	0	0	0	0	0	0	0	0	0	0	0	0	0	0	0	0	0	0	0	0	0	0	0	0	0	0	0	0	
210520	Frontal_Mid_R	154	9302	144	25586	0	1806	0	0	0	2186	0	11700	174	9084	166	1258	0	3486	764	4632	0	0	1474	2430	0	0	0	174	270	3982	860	6424	970	6012	0	0	116	990	0	284	0	0	0	0	0	0	0	0	0	0	0	0	0	0	0	374	0	576	0	0	0	0	0	126	0	0	0	0	0	0	712	1824	234	5924	0	0	0	950	0	0	0	0	0	0	0	0	0	0	0	112	0	0	0	0	0	0	0	0	0	0	0	0	0	0	0	0	0	0	0	0	0	0	0	0	0	0	
77168	Frontal_Mid_Orb_L	110	0	2736	0	10034	0	3860	0	0	0	0	0	4440	0	13060	0	0	0	384	0	0	0	0	0	0	0	772	0	2234	0	0	0	0	0	0	0	0	0	0	0	0	0	0	0	0	0	0	0	0	0	0	0	0	0	0	0	0	0	0	0	0	0	0	0	0	0	0	0	0	0	0	0	846	0	0	0	0	0	0	0	0	0	108	0	0	0	0	0	0	0	0	0	0	0	0	0	0	0	0	0	0	0	0	0	0	0	0	0	0	0	0	0	0	0	0	0	
66140	Frontal_Mid_Orb_R	202	0	142	3336	0	5578	184	2186	0	0	0	224	252	418	248	6006	0	0	110	1928	0	104	0	2314	0	224	0	690	244	816	0	1004	0	0	0	0	0	0	0	0	0	0	0	0	0	0	0	0	0	0	0	0	0	0	0	0	0	0	0	0	0	0	0	0	0	0	0	0	0	0	854	3270	0	2736	0	0	0	0	0	0	0	0	0	0	0	0	0	0	0	0	0	0	0	0	0	0	0	0	0	0	0	0	0	0	0	0	0	0	0	0	0	0	0	0	0	0	
228348	Frontal_Inf_Oper_L	11552	0	15996	0	0	0	11036	0	0	0	0	0	15348	0	0	0	7130	0	15662	0	0	0	250	0	0	0	0	0	19524	0	3168	184	164	0	0	0	330	0	0	0	0	0	0	0	0	0	0	0	0	0	0	0	0	0	0	0	3670	0	0	0	0	0	0	0	0	0	0	0	0	0	586	134	1920	0	362	0	0	0	406	0	3356	0	3396	0	0	0	0	0	0	0	0	0	0	0	0	0	0	0	0	0	0	0	0	0	0	0	0	0	0	0	0	0	0	0	0	0	
173636	Frontal_Inf_Oper_R	190	8716	0	7928	0	0	134	11700	0	224	0	0	438	9406	412	216	0	5672	480	7574	0	0	156	834	0	0	0	0	472	17770	284	2144	0	910	0	0	0	734	0	214	0	0	0	0	0	0	0	0	0	0	0	0	0	0	0	322	0	676	0	0	0	0	0	0	0	0	0	0	0	0	1312	2292	248	4442	0	0	0	150	132	0	0	356	0	280	0	0	0	0	0	0	0	0	0	0	0	0	0	0	0	0	0	0	0	0	0	0	0	0	0	0	0	0	0	0	0	0	
348512	Frontal_Inf_Tri_L	3822	184	18578	2036	1730	0	35224	174	4440	252	15348	438	0	120	26508	386	836	0	10622	474	0	0	510	1414	0	0	0	0	26484	448	2246	1880	1864	198	0	0	0	0	0	0	0	0	0	0	0	0	0	0	0	0	0	0	0	0	0	0	680	162	0	0	0	0	0	0	0	0	0	0	0	0	9100	2502	4158	0	0	0	306	234	0	0	468	0	430	0	0	0	0	0	0	0	0	0	0	0	0	0	0	0	0	0	0	0	0	0	0	0	0	0	0	0	0	0	0	0	0	0	
116880	Frontal_Inf_Tri_R	0	332	0	3894	0	0	0	9084	0	418	0	9406	120	0	106	3034	0	638	712	1722	130	176	328	1232	0	0	0	228	182	15826	388	2660	0	1632	0	0	0	0	0	0	0	0	0	0	0	0	0	0	0	0	0	0	0	0	0	0	0	0	0	0	0	0	0	0	0	0	0	0	0	0	658	2388	244	2902	0	0	0	0	0	0	0	0	0	0	0	0	0	0	0	0	0	0	0	0	0	0	0	0	0	0	0	0	0	0	0	0	0	0	0	0	0	0	0	0	0	0	
237072	Frontal_Inf_Orb_L	784	164	7358	1984	10580	0	6948	166	13060	248	0	412	26508	106	0	368	0	0	3742	462	1172	0	0	1378	0	0	2132	0	16212	420	506	1772	404	176	0	0	138	0	106	0	0	0	0	0	0	0	0	0	0	0	0	0	0	0	0	0	0	162	0	0	0	0	0	0	0	0	0	0	0	0	8816	2416	7786	0	0	0	288	232	0	0	0	0	1530	0	0	0	0	0	0	0	0	0	0	0	0	0	0	0	0	0	0	0	0	0	0	0	0	0	0	0	0	0	0	0	0	0	
68420	Frontal_Inf_Orb_R	184	0	128	2300	0	2036	0	1258	0	6006	0	216	386	3034	368	0	0	0	166	1840	0	838	0	0	0	0	0	672	322	5712	112	292	0	0	0	0	0	0	0	0	0	0	0	0	0	0	0	0	0	0	0	0	0	0	0	0	0	0	0	0	0	0	0	0	0	0	0	0	0	0	1012	4192	174	2962	0	0	0	0	0	0	0	0	0	0	0	0	0	0	0	0	0	0	0	0	0	0	0	0	0	0	0	0	0	0	0	0	0	0	0	0	0	0	0	0	0	0	
182188	Rolandic_Oper_L	8374	0	8018	276	0	0	570	0	0	0	7130	0	836	0	0	0	0	0	11554	114	0	0	0	142	0	0	0	0	15658	0	0	304	0	0	0	0	142	0	0	0	0	0	0	0	0	0	0	0	0	0	206	0	114	0	212	0	11138	0	200	0	1078	0	2682	0	0	0	0	0	0	0	614	366	492	0	0	0	0	0	5150	0	10182	0	2700	0	806	0	0	0	2036	0	0	0	0	0	0	0	0	0	0	0	0	0	0	0	0	0	0	0	0	0	0	0	0	0	0	0	
147568	Rolandic_Oper_R	980	4268	1052	9558	0	0	0	3486	0	0	0	5672	0	638	0	0	0	0	2266	11922	0	0	0	104	0	0	0	0	0	13918	0	106	0	278	0	0	0	884	0	582	0	0	0	0	0	0	0	0	0	0	0	0	0	0	0	654	596	1804	0	0	0	0	0	1734	0	0	0	0	0	0	646	400	386	5184	0	246	0	0	0	1292	0	2864	0	310	0	616	0	0	0	1338	0	0	0	0	0	0	0	0	0	0	0	0	0	0	0	0	0	0	0	0	0	0	0	0	0	0	
813384	Supp_Motor_Area_L	18480	468	100566	21044	1052	0	23464	764	384	110	15662	480	10622	712	3742	166	11554	2266	0	35640	0	0	7320	3524	0	122	300	0	36478	2190	7914	11196	15242	25206	122	0	420	0	0	0	0	0	0	0	0	0	0	0	0	0	0	0	0	0	0	0	6272	0	0	0	258	0	392	0	0	0	0	0	7528	0	5524	3962	12714	1892	2710	284	458	332	834	0	4158	0	2164	0	0	0	0	0	0	0	0	0	0	0	0	0	0	0	0	0	0	0	0	0	0	0	0	0	0	0	0	0	0	0	0	0	
737996	Supp_Motor_Area_R	13740	6948	15508	94726	0	144	2044	4632	0	1928	0	7574	474	1722	462	1840	114	11922	35640	0	138	182	886	10526	436	558	0	292	1030	14506	1340	13302	3378	37690	2218	2634	294	684	0	286	0	0	0	120	0	186	0	0	0	268	0	166	0	176	698	664	2654	5534	0	0	238	0	0	120	0	122	0	1328	9798	13028	4702	16228	1558	12564	924	2618	118	2884	222	214	0	608	0	270	0	470	0	0	130	590	0	0	0	0	0	0	0	0	0	0	0	0	0	0	0	0	0	0	0	0	0	0	0	0	0	0	
69824	Olfactory_L	0	0	0	448	898	776	0	0	0	0	0	0	0	130	1172	0	0	0	0	138	0	5018	0	548	0	432	2062	1658	2560	216	2690	1908	0	0	0	0	552	0	126	0	446	0	0	0	0	0	0	0	0	0	0	0	0	0	0	0	0	0	0	0	0	0	0	0	0	0	0	0	0	0	6746	2766	2974	0	0	0	0	0	0	0	0	0	648	0	0	0	0	0	0	0	0	0	0	0	0	0	0	0	0	0	0	0	0	0	0	0	0	0	0	0	0	0	0	0	0	0	
89036	Olfactory_R	0	0	0	1046	0	2278	0	0	0	104	0	0	0	176	0	838	0	0	0	182	5018	0	0	1202	274	2486	1050	4196	0	1778	2048	3544	0	0	0	0	0	186	0	108	0	342	0	0	0	0	0	0	0	0	0	0	0	0	0	0	0	0	0	0	0	0	0	0	0	0	0	0	0	0	7546	6170	3348	598	0	0	0	0	0	0	0	0	0	0	0	0	0	0	0	0	0	0	0	0	0	0	0	0	0	0	0	0	0	0	0	0	0	0	0	0	0	0	0	0	0	0	
364320	Frontal_Sup_Medial_L	290	0	39812	15958	2370	1126	16322	1474	0	0	250	156	510	328	0	0	0	0	7320	886	0	0	0	20352	1954	1788	322	0	1802	482	21658	22414	8972	14684	0	0	0	0	0	0	0	0	0	0	0	0	0	0	0	0	0	0	0	0	0	0	0	0	0	0	0	0	0	0	0	0	0	0	0	0	134	380	280	136	0	0	0	0	0	0	0	0	0	0	0	0	0	0	0	0	0	0	0	0	0	0	0	0	0	0	0	0	0	0	0	0	0	0	0	0	0	0	0	0	0	0	
447776	Frontal_Sup_Medial_R	856	0	3440	57494	214	6930	760	2430	0	2314	0	834	1414	1232	1378	0	142	104	3524	10526	548	1202	20352	0	1008	7168	434	2354	1022	1952	9008	42358	2020	18030	0	0	0	0	0	0	0	0	0	0	0	0	0	0	0	0	0	0	0	0	0	0	206	0	0	0	0	0	0	0	0	0	0	0	0	0	4364	14244	904	2748	374	0	0	0	0	0	0	0	0	0	0	0	0	0	0	0	0	0	0	0	0	0	0	0	0	0	0	0	0	0	0	0	0	0	0	0	0	0	0	0	0	0	
42000	Frontal_Med_Orb_L	0	0	1074	372	2542	342	0	0	0	0	0	0	0	0	0	0	0	0	0	436	0	274	1954	1008	0	3636	1178	462	0	0	2504	2496	0	0	0	0	0	0	0	0	0	0	0	0	0	0	0	0	0	0	0	0	0	0	0	0	0	0	0	0	0	0	0	0	0	0	0	0	0	0	288	1476	298	660	0	0	0	0	0	0	0	0	0	0	0	0	0	0	0	0	0	0	0	0	0	0	0	0	0	0	0	0	0	0	0	0	0	0	0	0	0	0	0	0	0	0	
114160	Frontal_Med_Orb_R	0	0	1048	4120	414	8454	0	0	0	224	0	0	0	0	0	0	0	0	122	558	432	2486	1788	7168	3636	0	702	6616	0	0	2562	9300	0	0	0	0	0	0	0	0	0	0	0	0	0	0	0	0	0	0	0	0	0	0	0	0	0	0	0	0	0	0	0	0	0	0	0	0	0	0	708	5248	466	1028	0	0	0	0	0	0	0	0	0	0	0	0	0	0	0	0	0	0	0	0	0	0	0	0	0	0	0	0	0	0	0	0	0	0	0	0	0	0	0	0	0	0	
55952	Rectus_L	0	0	1662	198	5022	306	130	0	772	0	0	0	0	0	2132	0	0	0	300	0	2062	1050	322	434	1178	702	0	464	1564	0	3446	520	0	0	0	0	0	0	0	0	0	0	0	0	0	0	0	0	0	0	0	0	0	0	0	0	0	0	0	0	0	0	0	0	0	0	0	0	0	0	2076	402	3234	0	0	0	0	0	0	0	0	0	0	0	0	0	0	0	0	0	0	0	0	0	0	0	0	0	0	0	0	0	0	0	0	0	0	0	0	0	0	0	0	0	0	0	
74076	Rectus_R	0	0	0	1568	0	8336	0	174	0	690	0	0	0	228	0	672	0	0	0	292	1658	4196	0	2354	462	6616	464	0	0	1028	588	2580	0	0	0	0	0	0	0	0	0	0	0	0	0	0	0	0	0	0	0	0	0	0	0	0	0	0	0	0	0	0	0	0	0	0	0	0	0	0	1692	2274	846	320	0	0	0	0	0	0	0	0	0	0	0	0	0	0	0	0	0	0	0	0	0	0	0	0	0	0	0	0	0	0	0	0	0	0	0	0	0	0	0	0	0	0	
560560	Insula_L	7738	298	38498	2080	5680	0	19564	270	2234	244	19524	472	26484	182	16212	322	15658	0	36478	1030	2560	0	1802	1022	0	0	1564	0	0	482	2980	1364	1616	224	1290	1258	6416	0	228	0	1532	0	0	0	0	0	0	0	0	0	268	0	172	0	1996	0	4346	0	0	0	732	0	372	0	0	0	0	0	0	0	6252	1714	20048	226	472	0	712	0	8072	0	7400	0	4680	0	1214	0	234	0	4064	0	0	0	0	0	0	0	0	0	0	0	0	0	0	0	0	0	0	0	0	0	0	0	0	0	0	0	
294256	Insula_R	666	4094	556	16328	0	178	236	3982	0	816	0	17770	448	15826	420	5712	0	13918	2190	14506	216	1778	482	1952	0	0	0	1028	482	0	532	3806	0	2524	0	0	0	2756	0	700	0	510	0	0	0	0	0	0	0	0	0	0	0	0	0	2018	182	626	0	0	0	0	0	206	0	0	0	0	0	0	1892	4230	546	18800	134	146	0	498	138	322	0	1330	0	762	0	308	0	0	0	578	0	0	0	0	0	0	0	0	0	0	0	0	0	0	0	0	0	0	0	0	0	0	0	0	0	0	
337276	Cingulum_Ant_L	5474	0	21504	6252	2848	1312	13058	860	0	0	3168	284	2246	388	506	112	0	0	7914	1340	2690	2048	21658	9008	2504	2562	3446	588	2980	532	0	22422	7772	5868	0	0	0	0	0	0	0	0	0	0	0	0	0	0	0	0	0	0	0	0	0	0	0	0	0	0	0	0	0	0	0	0	0	0	0	0	8508	3082	5536	168	0	0	0	0	0	0	0	0	0	0	0	0	0	0	0	0	0	0	0	0	0	0	0	0	0	0	0	0	0	0	0	0	0	0	0	0	0	0	0	0	0	0	
615600	Cingulum_Ant_R	2168	132	8446	45656	258	3976	2016	6424	0	1004	184	2144	1880	2660	1772	292	304	106	11196	13302	1908	3544	22414	42358	2496	9300	520	2580	1364	3806	22422	0	5210	32034	0	0	0	0	0	0	0	0	0	0	0	0	0	0	0	0	0	0	0	0	0	0	318	0	0	0	0	0	0	0	0	0	0	0	202	0	11116	29268	3510	7678	1588	0	0	244	0	0	0	0	0	0	0	0	0	0	0	0	0	0	0	0	0	0	0	0	0	0	0	0	0	0	0	0	0	0	0	0	0	0	0	0	0	0	
226080	Cingulum_Mid_L	454	0	18522	5550	0	0	15750	970	0	0	164	0	1864	0	404	0	0	0	15242	3378	0	0	8972	2020	0	0	0	0	1616	0	7772	5210	0	11452	1128	172	0	0	0	0	0	0	248	0	1014	0	120	0	1726	0	996	0	802	0	480	0	226	0	798	0	0	0	0	0	0	0	2702	110	2866	148	0	0	164	0	0	0	0	0	0	0	0	0	0	0	0	0	0	0	0	0	0	0	0	0	0	0	0	0	0	0	0	0	0	0	0	0	0	0	0	0	0	0	0	0	0	0	
545156	Cingulum_Mid_R	3494	296	4138	32096	0	366	320	6012	0	0	0	910	198	1632	176	0	0	278	25206	37690	0	0	14684	18030	0	0	0	0	224	2524	5868	32034	11452	0	1144	4744	0	0	0	0	0	0	0	1608	0	3338	0	402	0	4772	0	1988	0	360	298	622	834	9632	0	1958	0	366	0	218	0	674	154	14386	3260	18700	340	300	0	1648	0	0	0	0	0	0	0	282	0	0	0	1656	0	0	0	1044	0	0	0	0	0	0	0	0	0	0	0	0	0	0	0	0	0	0	0	0	222	0	0	0	0	0	
154368	Cingulum_Post_L	2388	562	0	414	0	0	0	0	0	0	0	0	0	0	0	0	0	0	122	2218	0	0	0	0	0	0	0	0	1290	0	0	0	1128	1144	0	17452	4964	6002	1582	1768	0	0	2294	0	1400	0	1210	370	0	0	1122	0	430	0	3490	1806	3660	330	0	0	278	0	0	0	0	0	8410	4686	1012	2192	0	0	0	240	0	0	218	1540	382	0	0	0	0	0	444	0	0	0	516	120	0	0	0	0	0	0	0	0	0	0	0	0	0	0	0	0	0	0	0	0	0	0	0	0	0	0	
163008	Cingulum_Post_R	1154	366	0	298	0	0	0	0	0	0	0	0	0	0	0	0	0	0	0	2634	0	0	0	0	0	0	0	0	1258	0	0	0	172	4744	17452	0	4452	8122	1282	3284	0	0	194	0	0	0	826	824	0	0	276	0	168	174	2452	3394	1112	1508	0	0	246	0	0	0	0	0	4440	11206	352	4242	0	0	0	156	0	0	334	1042	366	0	0	0	0	0	128	164	0	0	330	2126	0	0	0	0	0	0	0	0	0	0	0	0	0	0	0	0	0	0	0	0	226	0	0	0	0	0	
162364	Hippocampus_L	5242	158	578	264	0	0	382	116	0	0	330	0	0	0	138	0	142	0	420	294	552	0	0	0	0	0	0	0	6416	0	0	0	0	0	4964	4452	0	2766	4204	0	4420	0	0	0	0	0	1122	358	0	0	256	0	0	0	10772	0	300	0	0	0	224	0	260	0	394	0	1566	1484	138	0	656	102	4226	118	102	0	4112	1202	1310	0	2086	0	808	0	2668	0	356	0	10724	0	0	0	0	0	0	0	0	0	0	0	0	0	0	0	0	0	0	0	0	0	0	0	0	0	0	0	
240048	Hippocampus_R	410	10332	0	4324	0	0	0	990	0	0	0	734	0	0	0	0	0	884	0	684	0	186	0	0	0	0	0	0	0	2756	0	0	0	0	6002	8122	2766	0	566	17574	0	6166	0	0	0	0	0	238	0	0	0	0	0	0	936	29184	234	188	0	0	0	0	0	0	0	0	674	3114	198	258	0	280	0	9482	0	228	118	6122	0	184	0	250	0	1384	0	424	0	188	108	3736	0	0	0	0	0	0	0	0	0	0	0	0	0	0	0	0	0	0	0	0	0	0	0	0	0	0	
41036	ParaHippocampal_L	0	0	0	0	0	0	0	0	0	0	0	0	0	0	106	0	0	0	0	0	126	0	0	0	0	0	0	0	228	0	0	0	0	0	1582	1282	4204	566	0	0	576	0	162	0	0	0	2546	180	0	0	0	0	0	0	4986	0	0	0	0	0	0	0	0	0	0	0	1388	844	0	0	0	0	0	0	0	0	784	202	0	0	0	0	126	0	0	0	0	0	292	0	0	0	0	0	120	0	218	0	0	0	0	0	0	0	0	0	0	0	0	0	0	0	0	0	0	0	
124672	ParaHippocampal_R	150	3250	0	680	0	0	0	284	0	0	0	214	0	0	0	0	0	582	0	286	0	108	0	0	0	0	0	0	0	700	0	0	0	0	1768	3284	0	17574	0	0	0	4362	0	184	0	0	0	1628	0	0	0	0	0	354	496	16264	174	0	0	0	0	0	0	0	0	0	0	1870	0	192	0	0	0	3322	0	160	0	1046	0	0	0	0	0	1762	0	0	0	774	0	440	0	0	0	0	0	0	0	428	0	0	0	0	0	0	0	0	0	0	0	0	0	0	0	0	0	0	
18676	Amygdala_L	0	0	0	0	0	0	0	0	0	0	0	0	0	0	0	0	0	0	0	0	446	0	0	0	0	0	0	0	1532	0	0	0	0	0	0	0	4420	0	576	0	0	0	0	0	0	0	0	0	0	0	0	0	0	0	1504	0	0	0	0	0	0	0	0	0	0	0	0	0	0	0	0	0	0	0	0	0	0	0	0	0	0	0	306	0	0	0	0	0	554	0	0	0	0	0	0	0	0	0	0	0	0	0	0	0	0	0	0	0	0	0	0	0	0	0	0	0	
41900	Amygdala_R	0	0	0	0	0	0	0	0	0	0	0	0	0	0	0	0	0	0	0	0	0	342	0	0	0	0	0	0	0	510	0	0	0	0	0	0	0	6166	0	4362	0	0	0	0	0	0	0	0	0	0	0	0	0	0	0	4676	0	0	0	0	0	0	0	0	0	0	0	0	0	0	0	0	0	1704	0	0	0	0	0	0	0	0	0	2626	0	0	0	564	0	0	0	0	0	0	0	0	0	0	0	0	0	0	0	0	0	0	0	0	0	0	0	0	0	0	0	0	
179108	Calcarine_L	0	0	0	0	0	0	0	0	0	0	0	0	0	0	0	0	0	0	0	0	0	0	0	0	0	0	0	0	0	0	0	0	248	0	2294	194	0	0	162	0	0	0	0	7198	11882	6284	12500	942	9106	2170	9938	316	5148	0	3906	0	838	0	230	0	0	0	0	0	0	0	13104	216	240	0	0	0	0	0	0	0	0	0	0	0	0	0	0	0	718	0	0	0	1920	0	0	0	0	0	0	0	0	0	0	0	0	0	0	0	0	0	0	0	0	0	0	0	0	0	0	0	
259712	Calcarine_R	0	0	0	0	0	0	0	0	0	0	0	0	0	0	0	0	0	0	0	120	0	0	0	0	0	0	0	0	0	0	0	0	0	1608	0	0	0	0	0	184	0	0	7198	0	7726	27708	854	14534	0	20066	0	18940	0	6786	0	4538	0	456	0	0	0	0	0	0	0	0	0	9896	0	422	0	0	0	0	0	0	0	0	0	0	0	0	0	0	0	5052	0	0	0	3768	0	0	0	0	0	0	0	0	0	0	0	0	0	0	0	0	0	0	0	0	0	0	0	0	0	0	
141812	Cuneus_L	0	0	0	0	0	0	0	0	0	0	0	0	0	0	0	0	0	0	0	0	0	0	0	0	0	0	0	0	0	0	0	0	1014	0	1400	0	0	0	0	0	0	0	11882	7726	0	10048	1510	968	12666	2988	4202	1294	1402	430	178	206	680	0	210	0	0	0	0	0	0	0	9972	690	728	0	0	0	0	0	0	0	0	0	0	0	0	0	0	0	210	240	0	0	158	104	0	0	0	0	0	0	0	0	0	0	0	0	0	0	0	0	0	0	0	0	0	0	0	0	0	0	
267124	Cuneus_R	0	0	0	0	0	0	0	0	0	0	0	0	0	0	0	0	0	0	0	186	0	0	0	0	0	0	0	0	0	0	0	0	0	3338	0	0	0	0	0	0	0	0	6284	27708	10048	0	346	3778	0	36802	0	12930	0	1946	0	806	0	986	0	524	0	0	0	458	0	144	786	20876	0	1514	0	0	0	0	0	0	0	0	0	102	0	616	0	0	0	2754	0	0	0	630	0	0	0	0	0	0	0	0	0	0	0	0	0	0	0	0	0	0	0	0	0	0	0	0	0	0	
165192	Lingual_L	0	0	0	0	0	0	0	0	0	0	0	0	0	0	0	0	0	0	0	0	0	0	0	0	0	0	0	0	0	0	0	0	120	0	1210	826	1122	0	2546	0	0	0	12500	854	1510	346	0	1236	3034	338	6014	0	3900	0	9264	0	172	0	0	0	0	0	0	0	0	0	6404	804	0	0	0	0	0	0	0	0	0	0	0	0	0	0	0	0	162	0	0	0	416	0	7518	414	2396	0	0	0	6584	0	8952	722	336	0	180	0	0	0	0	0	0	0	0	998	1718	0	0	0	
142088	Lingual_R	0	0	0	0	0	0	0	0	0	0	0	0	0	0	0	0	0	0	0	0	0	0	0	0	0	0	0	0	0	0	0	0	0	402	370	824	358	238	180	1628	0	0	942	14534	968	3778	1236	0	0	7958	0	4164	0	3780	106	10236	0	106	0	0	0	0	0	0	0	0	298	3304	0	374	0	0	0	0	0	0	0	0	0	0	0	0	0	0	0	302	0	0	0	974	1064	1622	966	120	0	0	260	1816	696	3604	0	0	0	0	0	0	0	0	0	0	1126	1760	950	0	0	0	
178988	Occipital_Sup_L	0	0	0	0	0	0	0	0	0	0	0	0	0	0	0	0	0	0	0	0	0	0	0	0	0	0	0	0	0	0	0	0	1726	0	0	0	0	0	0	0	0	0	9106	0	12666	0	3034	0	0	0	24756	0	10954	0	5254	0	1424	0	8520	0	1918	0	0	0	208	0	9676	0	114	0	0	0	0	0	0	0	0	0	0	0	0	0	0	0	138	0	0	0	0	0	0	0	0	0	0	0	0	0	0	0	0	0	0	0	0	0	0	0	0	0	0	0	0	0	0	0	
268368	Occipital_Sup_R	0	0	0	0	0	0	0	0	0	0	0	0	0	0	0	0	0	0	0	268	0	0	0	0	0	0	0	0	0	0	0	0	0	4772	0	0	0	0	0	0	0	0	2170	20066	2988	36802	338	7958	0	0	0	18846	0	2208	0	724	0	2142	0	3628	0	198	0	1096	0	1352	504	20992	0	2688	0	0	0	0	0	0	0	0	0	210	0	1064	0	0	0	2642	0	0	0	528	0	0	0	0	0	0	0	0	0	0	0	0	0	0	0	0	0	0	0	0	0	0	0	0	0	0	
339180	Occipital_Mid_L	1464	0	0	0	0	0	0	0	0	0	0	0	0	0	0	0	206	0	0	0	0	0	0	0	0	0	0	0	268	0	0	0	996	0	1122	276	256	0	0	0	0	0	9938	0	4202	0	6014	0	24756	0	0	0	34242	0	11754	0	8434	0	10992	0	9950	0	852	0	11052	0	7312	242	180	0	0	0	0	0	0	0	0	0	154	0	1242	0	0	0	13680	0	0	0	10006	0	0	0	0	0	0	0	0	0	0	0	0	0	0	0	0	0	0	0	0	0	0	0	0	0	0	0	
206944	Occipital_Mid_R	0	0	0	0	0	0	0	0	0	0	0	0	0	0	0	0	0	0	0	166	0	0	0	0	0	0	0	0	0	0	0	0	0	1988	0	0	0	0	0	0	0	0	316	18940	1294	12930	0	4164	0	18846	0	0	0	5696	0	3766	0	1068	0	168	0	2082	0	1230	0	6514	268	6434	0	1388	0	0	0	0	0	0	0	0	0	180	0	1012	0	0	0	12154	0	0	0	2868	0	0	0	0	0	0	0	0	0	0	0	0	0	0	0	0	0	0	0	0	0	0	0	0	0	0	
192548	Occipital_Inf_L	494	0	0	0	0	0	0	0	0	0	0	0	0	0	0	0	114	0	0	0	0	0	0	0	0	0	0	0	172	0	0	0	802	0	430	168	0	0	0	0	0	0	5148	0	1402	0	3900	0	10954	0	34242	0	0	0	12242	0	1922	0	4650	0	1676	0	0	0	676	0	4084	122	104	0	0	0	0	0	0	0	0	0	202	0	102	0	0	0	3380	0	0	0	9288	0	0	0	0	0	0	0	0	0	0	0	0	0	0	0	0	0	0	0	0	0	0	0	0	0	0	0	
78376	Occipital_Inf_R	0	0	0	0	0	0	0	0	0	0	0	0	0	0	0	0	0	0	0	176	0	0	0	0	0	0	0	0	0	0	0	0	0	360	0	174	0	0	0	354	0	0	0	6786	430	1946	0	3780	0	2208	0	5696	0	0	0	5884	0	0	0	0	0	0	0	0	0	0	0	1442	0	422	0	0	0	0	0	0	0	0	0	0	0	0	0	0	0	2326	0	0	0	7204	0	0	0	0	0	0	0	0	0	0	0	0	0	0	0	0	0	0	0	0	0	0	0	0	0	0	
303900	Fusiform_L	1214	284	0	0	0	0	0	0	0	0	0	0	0	0	0	0	212	0	0	698	0	0	0	0	0	0	0	0	1996	0	0	0	480	298	3490	2452	10772	936	4986	496	1504	0	3906	0	178	0	9264	106	5254	0	11754	0	12242	0	0	534	1584	0	3878	0	1630	0	106	0	246	0	4600	992	766	674	108	0	678	0	0	0	334	106	902	0	1246	0	1624	0	2408	0	1552	0	16554	0	13020	290	2192	0	0	0	5760	0	14584	430	524	0	462	0	0	0	0	0	0	0	0	664	980	0	0	0	
302448	Fusiform_R	154	4566	0	1188	0	0	0	374	0	0	0	322	0	0	0	0	0	654	0	664	0	0	0	0	0	0	0	0	0	2018	0	0	0	622	1806	3394	0	29184	0	16264	0	4676	0	4538	206	806	0	10236	0	724	0	3766	0	5884	534	0	172	176	0	0	0	0	0	0	0	0	0	3498	0	820	0	0	0	5354	0	194	0	1724	0	0	0	386	0	4150	0	1456	0	954	0	8456	354	10056	298	732	0	0	184	4026	414	11260	0	188	0	218	0	0	0	0	0	0	1770	1290	514	0	0	0	
330692	Postcentral_L	33016	1232	4766	1970	0	0	302	0	0	0	3670	0	680	0	0	0	11138	596	6272	2654	0	0	0	206	0	0	0	0	4346	182	0	318	226	834	3660	1112	300	234	0	174	0	0	838	0	680	0	172	0	1424	0	8434	0	1922	0	1584	172	0	0	10098	0	24032	0	13476	0	3134	0	3190	214	1466	1596	796	692	446	0	150	0	166	132	2416	0	4020	0	0	0	3674	0	0	0	2534	0	0	0	0	0	0	0	0	0	0	0	0	0	0	0	0	0	0	0	0	0	0	0	0	0	0	0	
164124	Postcentral_R	528	10254	130	3846	0	0	308	576	0	0	0	676	162	0	162	0	0	1804	0	5534	0	0	0	0	0	0	0	0	0	626	0	0	0	9632	330	1508	0	188	0	0	0	0	0	456	0	986	0	106	0	2142	0	1068	0	0	0	176	0	0	0	4284	0	3150	0	8382	0	690	0	8010	0	12662	534	0	376	398	172	0	0	0	0	0	0	562	0	0	0	1058	0	0	0	414	0	0	0	0	0	0	0	0	0	0	0	0	0	0	0	0	0	0	0	0	172	0	0	0	0	0	
129068	Parietal_Sup_L	0	0	0	0	0	0	0	0	0	0	0	0	0	0	0	0	200	0	0	0	0	0	0	0	0	0	0	0	0	0	0	0	798	0	0	0	0	0	0	0	0	0	230	0	210	0	0	0	8520	0	10992	0	4650	0	3878	0	10098	0	0	0	11172	0	596	0	2624	0	7634	0	492	0	0	0	0	0	0	0	0	0	0	0	408	0	0	0	1202	0	0	0	830	0	0	0	0	0	0	0	0	0	0	0	0	0	0	0	0	0	0	0	0	0	0	0	0	0	0	0	
42156	Parietal_Sup_R	0	0	0	0	0	0	0	0	0	0	0	0	0	0	0	0	0	0	0	0	0	0	0	0	0	0	0	0	0	0	0	0	0	1958	0	0	0	0	0	0	0	0	0	0	0	524	0	0	0	3628	0	168	0	0	0	0	0	4284	0	0	0	1014	0	0	0	1548	0	6326	0	1200	0	0	0	0	0	0	0	0	0	0	0	198	0	0	0	230	0	0	0	0	0	0	0	0	0	0	0	0	0	0	0	0	0	0	0	0	0	0	0	0	0	0	0	0	0	0	
171880	Parietal_Inf_L	2502	130	410	254	0	0	166	0	0	0	0	0	0	0	0	0	1078	0	258	238	0	0	0	0	0	0	0	0	732	0	0	0	0	0	278	246	224	0	0	0	0	0	0	0	0	0	0	0	1918	0	9950	0	1676	0	1630	0	24032	0	11172	0	0	0	14570	0	8466	0	536	0	252	0	214	0	0	0	0	0	0	0	124	0	1774	0	0	0	1964	0	0	0	1146	0	0	0	0	0	0	0	0	0	0	0	0	0	0	0	0	0	0	0	0	0	0	0	0	0	0	0	
48212	Parietal_Inf_R	0	182	0	0	0	0	0	0	0	0	0	0	0	0	0	0	0	0	0	0	0	0	0	0	0	0	0	0	0	0	0	0	0	366	0	0	0	0	0	0	0	0	0	0	0	0	0	0	0	198	0	2082	0	0	0	0	0	3150	0	1014	0	0	0	5608	0	9650	0	296	0	600	0	0	0	0	0	0	0	0	0	0	0	286	0	0	0	674	0	0	0	0	0	0	0	0	0	0	0	0	0	0	0	0	0	0	0	0	0	0	0	0	0	0	0	0	0	0	
113996	SupraMarginal_L	694	0	416	146	0	0	0	0	0	0	0	0	0	0	0	0	2682	0	392	0	0	0	0	0	0	0	0	0	372	0	0	0	0	0	0	0	260	0	0	0	0	0	0	0	0	0	0	0	0	0	852	0	0	0	106	0	13476	0	596	0	14570	0	0	0	6222	0	120	0	0	0	178	114	0	0	0	0	0	0	190	0	7834	0	0	0	6968	0	0	0	810	0	0	0	0	0	0	0	0	0	0	0	0	0	0	0	0	0	0	0	0	0	0	0	0	0	0	0	
62416	SupraMarginal_R	0	882	0	412	0	0	0	126	0	0	0	0	0	0	0	0	0	1734	0	120	0	0	0	0	0	0	0	0	0	206	0	0	0	218	0	0	0	0	0	0	0	0	0	0	0	458	0	0	0	1096	0	1230	0	0	0	0	0	8382	0	0	0	5608	0	0	0	2724	0	466	0	366	0	0	0	0	0	0	0	0	0	112	0	3740	0	0	0	2536	0	0	0	792	0	0	0	0	0	0	0	0	0	0	0	0	0	0	0	0	0	0	0	0	0	0	0	0	0	0	
88796	Angular_L	0	0	0	0	0	0	0	0	0	0	0	0	0	0	0	0	0	0	0	0	0	0	0	0	0	0	0	0	0	0	0	0	0	0	0	0	394	0	0	0	0	0	0	0	0	0	0	0	208	0	11052	0	676	0	246	0	3134	0	2624	0	8466	0	6222	0	0	0	504	0	0	0	0	0	0	0	0	0	0	0	0	0	2504	0	0	0	7250	0	0	0	1118	0	0	0	0	0	0	0	0	0	0	0	0	0	0	0	0	0	0	0	0	0	0	0	0	0	0	0	
59024	Angular_R	0	0	0	0	0	0	0	0	0	0	0	0	0	0	0	0	0	0	0	122	0	0	0	0	0	0	0	0	0	0	0	0	0	674	0	0	0	0	0	0	0	0	0	0	0	144	0	0	0	1352	0	6514	0	0	0	0	0	690	0	1548	0	9650	0	2724	0	0	0	576	0	756	0	0	0	0	0	0	0	0	0	0	0	1452	0	0	0	3000	0	0	0	310	0	0	0	0	0	0	0	0	0	0	0	0	0	0	0	0	0	0	0	0	0	0	0	0	0	0	
192808	Precuneus_L	144	0	0	0	0	0	0	0	0	0	0	0	0	0	0	0	0	0	0	0	0	0	0	0	0	0	0	0	0	0	0	0	2702	154	8410	4440	1566	674	1388	0	0	0	13104	0	9972	786	6404	298	9676	504	7312	268	4084	0	4600	0	3190	0	7634	0	536	0	120	0	504	0	0	5166	766	0	0	0	0	0	0	0	0	172	0	0	0	0	0	0	922	0	0	0	908	0	0	0	0	0	0	0	0	0	0	0	0	0	0	0	0	0	0	0	0	0	0	0	0	0	0	0	
298044	Precuneus_R	0	314	0	0	0	0	0	0	0	0	0	0	0	0	0	0	0	0	0	1328	0	0	0	0	0	0	0	0	0	0	0	0	110	14386	4686	11206	1484	3114	844	1870	0	0	216	9896	690	20876	804	3304	0	20992	242	6434	122	1442	992	3498	214	8010	0	6326	0	296	0	466	0	576	5166	0	114	7142	0	0	0	0	0	0	0	322	0	222	0	892	0	0	104	4272	0	0	0	5218	0	0	0	0	0	0	0	282	0	0	0	0	0	0	0	0	0	0	0	0	550	0	0	0	0	0	
135344	Paracentral_Lobule_L	16574	2022	3622	5590	0	0	200	0	0	0	0	0	0	0	0	0	0	0	7528	9798	0	0	0	0	0	0	0	0	0	0	0	202	2866	3260	1012	352	138	198	0	0	0	0	240	0	728	0	0	0	114	0	180	0	104	0	766	0	1466	0	492	0	252	0	0	0	0	0	766	114	0	1252	382	2010	568	0	1048	0	1030	2684	0	0	0	0	0	0	0	0	0	0	114	0	0	0	0	0	0	0	0	0	0	0	0	0	0	0	0	0	0	0	0	0	0	0	0	0	0	0	
160552	Paracentral_Lobule_R	2038	1296	0	0	0	0	0	0	0	0	0	0	0	0	0	0	0	0	0	13028	0	0	0	0	0	0	0	0	0	0	0	0	148	18700	2192	4242	0	258	0	192	0	0	0	422	0	1514	0	374	0	2688	0	1388	0	422	674	820	1596	12662	0	1200	0	600	0	366	0	756	0	7142	1252	0	0	0	0	0	0	0	0	0	0	140	0	432	0	0	0	1988	0	0	0	1524	0	0	0	0	0	0	0	0	0	0	0	0	0	0	0	0	0	0	0	0	222	0	0	0	0	0	
325536	Caudate_L	6082	768	8038	8322	386	918	3870	712	0	854	586	1312	9100	658	8816	1012	614	646	5524	4702	6746	7546	134	4364	288	708	2076	1692	6252	1892	8508	11116	0	340	0	0	656	0	0	0	0	0	0	0	0	0	0	0	0	0	0	0	0	0	108	0	796	534	0	0	214	0	178	0	0	0	0	0	382	0	0	18968	18372	824	3612	256	2184	172	640	0	118	0	0	0	0	0	0	0	172	0	0	0	0	0	0	0	0	0	0	0	0	0	0	0	0	0	0	0	0	0	0	0	0	0	0	0	
440080	Caudate_R	5484	5354	4724	27072	0	3574	1982	1824	0	3270	134	2292	2502	2388	2416	4192	366	400	3962	16228	2766	6170	380	14244	1476	5248	402	2274	1714	4230	3082	29268	0	300	0	0	102	280	0	0	0	0	0	0	0	0	0	0	0	0	0	0	0	0	0	0	692	0	0	0	0	0	114	0	0	0	0	0	2010	0	18968	0	4218	14696	1664	1208	144	16226	0	0	0	0	0	0	0	0	0	0	0	0	0	0	0	0	0	0	0	0	0	0	0	0	0	0	0	0	0	0	0	0	0	0	0	0	0	0	
301412	Putamen_L	4638	664	19060	1874	4778	394	5178	234	846	0	1920	248	4158	244	7786	174	492	386	12714	1558	2974	3348	280	904	298	466	3234	846	20048	546	5536	3510	164	0	0	0	4226	0	0	0	0	0	0	0	0	0	0	0	0	0	0	0	0	0	678	0	446	376	0	0	0	0	0	0	0	0	0	0	568	0	18372	4218	0	418	9712	150	742	0	0	0	0	0	522	0	0	0	0	0	778	0	0	0	0	0	0	0	0	0	0	0	0	0	0	0	0	0	0	0	0	0	0	0	0	0	0	0	
270532	Putamen_R	270	5192	458	13694	0	952	118	5924	0	2736	0	4442	0	2902	0	2962	0	5184	1892	12564	0	598	136	2748	660	1028	0	320	226	18800	168	7678	0	1648	240	156	118	9482	0	3322	0	1704	0	0	0	0	0	0	0	0	0	0	0	0	0	5354	0	398	0	0	0	0	0	0	0	0	0	0	0	0	824	14696	418	0	182	1740	0	1930	0	0	0	106	0	880	0	0	0	0	0	416	0	0	0	0	0	0	0	0	0	0	0	0	0	0	0	0	0	0	0	0	0	0	0	0	0	0	
67720	Pallidum_L	4026	210	2992	736	0	0	614	0	0	0	362	0	0	0	0	0	0	0	2710	924	0	0	0	374	0	0	0	0	472	134	0	1588	0	0	0	0	102	0	0	0	0	0	0	0	0	0	0	0	0	0	0	0	0	0	0	0	150	172	0	0	0	0	0	0	0	0	0	0	1048	0	3612	1664	9712	182	0	0	2076	0	0	0	0	0	0	0	0	0	0	0	0	0	0	0	0	0	0	0	0	0	0	0	0	0	0	0	0	0	0	0	0	0	0	0	0	0	0	0	
20912	Pallidum_R	0	0	142	3084	0	0	0	0	0	0	0	0	0	0	0	0	0	246	284	2618	0	0	0	0	0	0	0	0	0	146	0	0	0	0	0	0	0	228	0	160	0	0	0	0	0	0	0	0	0	0	0	0	0	0	0	194	0	0	0	0	0	0	0	0	0	0	0	0	0	0	256	1208	150	1740	0	0	0	0	0	0	0	0	0	0	0	0	0	0	0	0	0	0	0	0	0	0	0	0	0	0	0	0	0	0	0	0	0	0	0	0	0	0	0	0	0	0	
59040	Thalamus_L	12948	0	542	120	0	0	706	0	0	0	0	0	306	0	288	0	0	0	458	118	0	0	0	0	0	0	0	0	712	0	0	0	0	0	218	334	4112	118	784	0	0	0	0	0	0	0	0	0	0	0	0	0	0	0	334	0	166	0	0	0	0	0	0	0	0	0	0	0	1030	0	2184	144	742	0	2076	0	0	546	0	0	0	0	0	0	0	0	0	0	534	0	0	0	0	0	0	0	0	0	0	0	0	0	0	0	0	0	0	0	0	0	0	0	0	0	0	0	
132772	Thalamus_R	2460	12758	302	9982	0	0	0	950	0	0	0	150	234	0	232	0	0	0	332	2884	0	0	0	0	0	0	0	0	0	498	0	244	0	0	1540	1042	1202	6122	202	1046	0	0	0	0	0	0	0	0	0	0	0	0	0	0	106	1724	132	0	0	0	0	0	0	0	0	0	172	322	2684	0	172	16226	0	1930	0	0	546	0	0	0	0	0	0	0	0	0	0	0	0	192	0	0	0	0	0	0	0	0	0	0	0	0	0	0	0	0	0	0	0	0	0	0	0	0	0	0	
69380	Heschl_L	2954	0	750	218	0	0	110	0	0	0	406	132	0	0	0	0	5150	0	834	222	0	0	0	0	0	0	0	0	8072	138	0	0	0	0	382	366	1310	0	0	0	0	0	0	0	0	0	0	0	0	0	154	0	202	0	902	0	2416	0	0	0	124	0	190	0	0	0	0	0	0	0	640	0	0	0	0	0	0	0	0	0	3044	0	0	0	1494	0	0	0	4480	0	0	0	0	0	0	0	0	0	0	0	0	0	0	0	0	0	0	0	0	0	0	0	0	0	0	0	
13448	Heschl_R	0	0	0	166	0	0	0	0	0	0	0	0	0	0	0	0	0	1292	0	214	0	0	0	0	0	0	0	0	0	322	0	0	0	0	0	0	0	184	0	0	0	0	0	0	0	102	0	0	0	210	0	180	0	0	0	0	0	0	0	0	0	0	0	112	0	0	0	222	0	140	0	0	0	0	0	0	0	0	0	0	0	3046	0	0	0	410	0	0	0	124	0	0	0	0	0	0	0	0	0	0	0	0	0	0	0	0	0	0	0	0	0	0	0	0	0	0	
173908	Temporal_Sup_L	2108	0	2382	0	0	0	196	0	0	0	3356	0	468	0	0	0	10182	0	4158	0	0	0	0	0	0	0	0	0	7400	0	0	0	0	0	0	0	2086	0	0	0	0	0	0	0	0	0	0	0	0	0	1242	0	102	0	1246	0	4020	0	408	0	1774	0	7834	0	2504	0	0	0	0	0	118	0	0	0	0	0	0	0	3044	0	0	0	5150	0	17266	0	238	0	9672	0	0	0	0	0	0	0	0	0	0	0	0	0	0	0	0	0	0	0	0	0	0	0	0	0	0	0	
73388	Temporal_Sup_R	0	242	0	382	0	0	0	0	0	0	0	356	0	0	0	0	0	2864	0	608	0	0	0	0	0	0	0	0	0	1330	0	0	0	282	0	0	0	250	0	0	0	0	0	0	0	616	0	0	0	1064	0	1012	0	0	0	386	0	562	0	198	0	286	0	3740	0	1452	0	892	0	432	0	0	0	106	0	0	0	0	0	3046	0	0	0	3590	0	11174	0	746	0	1078	0	0	0	0	0	0	0	0	0	0	0	0	0	0	0	0	0	0	0	0	0	0	0	0	0	0	
78684	Temporal_Pole_Sup_L	406	0	1984	0	396	0	230	0	108	0	3396	0	430	0	1530	0	2700	0	2164	0	648	0	0	0	0	0	0	0	4680	0	0	0	0	0	0	0	808	0	126	0	306	0	0	0	0	0	0	0	0	0	0	0	0	0	1624	0	0	0	0	0	0	0	0	0	0	0	0	0	0	0	0	0	522	0	0	0	0	0	0	0	5150	0	0	0	3550	0	5026	0	3558	0	0	0	0	0	0	0	0	0	0	0	0	0	0	0	0	0	0	0	0	0	0	0	0	0	0	0	
45928	Temporal_Pole_Sup_R	0	0	0	244	0	0	0	0	0	0	0	280	0	0	0	0	0	310	0	270	0	0	0	0	0	0	0	0	0	762	0	0	0	0	0	0	0	1384	0	1762	0	2626	0	0	0	0	0	0	0	0	0	0	0	0	0	4150	0	0	0	0	0	0	0	0	0	0	0	0	0	0	0	0	0	880	0	0	0	0	0	0	0	3590	0	0	0	2306	0	1978	0	2422	0	0	0	0	0	0	0	0	0	0	0	0	0	0	0	0	0	0	0	0	0	0	0	0	0	0	
200476	Temporal_Mid_L	1196	0	0	0	0	0	0	0	0	0	0	0	0	0	0	0	806	0	0	0	0	0	0	0	0	0	0	0	1214	0	0	0	0	0	444	128	2668	0	0	0	0	0	718	0	210	0	162	0	138	0	13680	0	3380	0	2408	0	3674	0	1202	0	1964	0	6968	0	7250	0	922	104	0	0	0	0	0	0	0	0	0	0	1494	0	17266	0	3550	0	0	0	4188	0	24504	0	0	0	0	0	0	0	0	0	0	0	0	0	0	0	0	0	0	0	0	0	0	0	0	0	0	0	
164028	Temporal_Mid_R	0	314	0	0	0	0	0	0	0	0	0	0	0	0	0	0	0	616	0	470	0	0	0	0	0	0	0	0	0	308	0	0	0	1656	0	164	0	424	0	0	0	0	0	5052	240	2754	0	302	0	2642	0	12154	0	2326	0	1456	0	1058	0	230	0	674	0	2536	0	3000	0	4272	0	1988	0	0	0	0	0	0	0	0	0	410	0	11174	0	2306	0	0	0	1700	0	21788	0	0	0	0	0	0	0	0	0	0	0	0	0	0	0	0	0	0	0	0	0	0	0	0	0	0	
31812	Temporal_Pole_Mid_L	0	0	0	0	0	0	0	0	0	0	0	0	0	0	0	0	0	0	0	0	0	0	0	0	0	0	0	0	234	0	0	0	0	0	0	0	356	0	0	0	0	0	0	0	0	0	0	0	0	0	0	0	0	0	1552	0	0	0	0	0	0	0	0	0	0	0	0	0	0	0	0	0	0	0	0	0	0	0	0	0	238	0	5026	0	4188	0	0	0	4312	0	0	0	0	0	0	0	0	0	0	0	0	0	0	0	0	0	0	0	0	0	0	0	0	0	0	0	
14104	Temporal_Pole_Mid_R	0	0	0	0	0	0	0	0	0	0	0	0	0	0	0	0	0	0	0	0	0	0	0	0	0	0	0	0	0	0	0	0	0	0	0	0	0	188	0	774	0	564	0	0	0	0	0	0	0	0	0	0	0	0	0	954	0	0	0	0	0	0	0	0	0	0	0	0	0	0	0	0	0	0	0	0	0	0	0	0	0	746	0	1978	0	1700	0	0	0	148	0	0	0	0	0	0	0	0	0	0	0	0	0	0	0	0	0	0	0	0	0	0	0	0	0	0	
232364	Temporal_Inf_L	2334	0	0	0	0	0	0	0	0	0	0	0	0	0	0	0	2036	0	0	130	0	0	0	0	0	0	0	0	4064	0	0	0	0	0	516	330	10724	108	292	0	554	0	1920	0	158	0	416	0	0	0	10006	0	9288	0	16554	0	2534	0	830	0	1146	0	810	0	1118	0	908	0	114	0	172	0	778	0	0	0	534	0	4480	0	9672	0	3558	0	24504	0	4312	0	0	0	682	0	378	0	0	0	0	0	222	0	0	0	0	0	0	0	0	0	0	0	0	0	0	0	0	0	
141824	Temporal_Inf_R	0	1314	0	110	0	0	0	112	0	0	0	0	0	0	0	0	0	1338	0	590	0	0	0	0	0	0	0	0	0	578	0	0	0	1044	120	2126	0	3736	0	440	0	0	0	3768	104	630	0	974	0	528	0	2868	0	7204	0	8456	0	414	0	0	0	0	0	792	0	310	0	5218	0	1524	0	0	0	416	0	0	0	192	0	124	0	1078	0	2422	0	21788	0	148	0	0	0	318	0	128	0	0	0	0	0	0	0	0	0	0	0	0	0	0	0	0	0	0	0	0	0	0	
381472	Cerebelum_Crus1_L	0	0	0	0	0	0	0	0	0	0	0	0	0	0	0	0	0	0	0	0	0	0	0	0	0	0	0	0	0	0	0	0	0	0	0	0	0	0	0	0	0	0	0	0	0	0	7518	1064	0	0	0	0	0	0	13020	354	0	0	0	0	0	0	0	0	0	0	0	0	0	0	0	0	0	0	0	0	0	0	0	0	0	0	0	0	0	0	0	0	682	0	0	4202	34322	3086	188	0	20772	108	50916	3766	13738	0	14560	484	1452	704	202	0	0	0	1468	7034	9416	760	764	156	
352788	Cerebelum_Crus1_R	0	0	0	0	0	0	0	0	0	0	0	0	0	0	0	0	0	0	0	0	0	0	0	0	0	0	0	0	0	0	0	0	0	0	0	0	0	0	0	0	0	0	0	0	0	0	414	1622	0	0	0	0	0	0	290	10056	0	0	0	0	0	0	0	0	0	0	0	0	0	0	0	0	0	0	0	0	0	0	0	0	0	0	0	0	0	0	0	0	0	318	4202	0	6198	29068	0	1786	2088	18032	3144	46730	1212	7578	3058	9206	226	1176	0	0	0	534	9046	6858	10342	1878	1332	0	
370332	Cerebelum_Crus2_L	0	0	0	0	0	0	0	0	0	0	0	0	0	0	0	0	0	0	0	0	0	0	0	0	0	0	0	0	0	0	0	0	0	0	0	0	0	0	0	0	0	0	0	0	0	0	2396	966	0	0	0	0	0	0	2192	298	0	0	0	0	0	0	0	0	0	0	0	0	0	0	0	0	0	0	0	0	0	0	0	0	0	0	0	0	0	0	0	0	378	0	34322	6198	0	13902	0	0	2746	0	11322	3440	35496	4176	32606	3604	3998	456	0	0	0	0	398	4290	18400	3116	466	0	
243808	Cerebelum_Crus2_R	0	0	0	0	0	0	0	0	0	0	0	0	0	0	0	0	0	0	0	0	0	0	0	0	0	0	0	0	0	0	0	0	0	0	0	0	0	0	0	0	0	0	0	0	0	0	0	120	0	0	0	0	0	0	0	732	0	0	0	0	0	0	0	0	0	0	0	0	0	0	0	0	0	0	0	0	0	0	0	0	0	0	0	0	0	0	0	0	0	128	3086	29068	13902	0	0	0	184	372	1174	3058	6846	15764	7396	17044	292	1370	0	144	0	0	114	886	14694	4314	1216	0	
14140	Cerebelum_3_L	0	0	0	0	0	0	0	0	0	0	0	0	0	0	0	0	0	0	0	0	0	0	0	0	0	0	0	0	0	0	0	0	0	0	0	0	0	0	120	0	0	0	0	0	0	0	0	0	0	0	0	0	0	0	0	0	0	0	0	0	0	0	0	0	0	0	0	0	0	0	0	0	0	0	0	0	0	0	0	0	0	0	0	0	0	0	0	0	0	0	188	0	0	0	0	0	3978	0	368	0	0	0	0	0	318	0	0	0	452	986	660	0	0	0	0	0	
22444	Cerebelum_3_R	0	0	0	0	0	0	0	0	0	0	0	0	0	0	0	0	0	0	0	0	0	0	0	0	0	0	0	0	0	0	0	0	0	0	0	0	0	0	0	0	0	0	0	0	0	0	0	0	0	0	0	0	0	0	0	0	0	0	0	0	0	0	0	0	0	0	0	0	0	0	0	0	0	0	0	0	0	0	0	0	0	0	0	0	0	0	0	0	0	0	0	1786	0	0	0	0	0	2494	0	2594	0	0	0	0	0	238	0	0	272	2168	972	102	160	190	246	0	
204676	Cerebelum_4_5_L	0	0	0	0	0	0	0	0	0	0	0	0	0	0	0	0	0	0	0	0	0	0	0	0	0	0	0	0	0	0	0	0	0	0	0	0	0	0	218	0	0	0	0	0	0	0	6584	260	0	0	0	0	0	0	5760	184	0	0	0	0	0	0	0	0	0	0	0	0	0	0	0	0	0	0	0	0	0	0	0	0	0	0	0	0	0	0	0	0	0	0	20772	2088	2746	184	3978	0	0	408	29784	2320	3216	0	3544	0	3690	548	240	0	448	860	8530	3560	294	228	694	1200	
125036	Cerebelum_4_5_R	0	0	0	0	0	0	0	0	0	0	0	0	0	0	0	0	0	0	0	0	0	0	0	0	0	0	0	0	0	0	0	0	0	0	0	0	0	0	0	428	0	0	0	0	0	0	0	1816	0	0	0	0	0	0	0	4026	0	0	0	0	0	0	0	0	0	0	0	282	0	0	0	0	0	0	0	0	0	0	0	0	0	0	0	0	0	0	0	0	0	0	108	18032	0	372	0	2494	408	0	182	23788	0	0	108	232	0	106	0	0	0	566	9084	372	114	0	0	0	
324140	Cerebelum_6_L	0	0	0	0	0	0	0	0	0	0	0	0	0	0	0	0	0	0	0	0	0	0	0	0	0	0	0	0	0	0	0	0	0	0	0	0	0	0	0	0	0	0	0	0	0	0	8952	696	0	0	0	0	0	0	14584	414	0	0	0	0	0	0	0	0	0	0	0	0	0	0	0	0	0	0	0	0	0	0	0	0	0	0	0	0	0	0	0	0	222	0	50916	3144	11322	1174	368	0	29784	182	0	3660	6226	0	7396	488	2022	934	150	0	110	202	3958	7350	5678	870	930	338	
277072	Cerebelum_6_R	0	0	0	0	0	0	0	0	0	0	0	0	0	0	0	0	0	0	0	0	0	0	0	0	0	0	0	0	0	0	0	0	0	0	0	0	0	0	0	0	0	0	0	0	0	0	722	3604	0	0	0	0	0	0	430	11260	0	0	0	0	0	0	0	0	0	0	0	0	0	0	0	0	0	0	0	0	0	0	0	0	0	0	0	0	0	0	0	0	0	0	3766	46730	3440	3058	0	2594	2320	23788	3660	0	160	510	488	1314	0	666	0	0	0	620	11476	10004	6466	672	648	140	
256076	Cerebelum_7b_L	0	0	0	0	0	0	0	0	0	0	0	0	0	0	0	0	0	0	0	0	0	0	0	0	0	0	0	0	0	0	0	0	0	0	0	0	0	0	0	0	0	0	0	0	0	0	336	0	0	0	0	0	0	0	524	0	0	0	0	0	0	0	0	0	0	0	0	0	0	0	0	0	0	0	0	0	0	0	0	0	0	0	0	0	0	0	0	0	0	0	13738	1212	35496	6846	0	0	3216	0	6226	160	0	3742	34466	4280	3636	456	132	0	0	0	350	1124	7392	4298	408	0	
114164	Cerebelum_7b_R	0	0	0	0	0	0	0	0	0	0	0	0	0	0	0	0	0	0	0	0	0	0	0	0	0	0	0	0	0	0	0	0	0	0	0	0	0	0	0	0	0	0	0	0	0	0	0	0	0	0	0	0	0	0	0	188	0	0	0	0	0	0	0	0	0	0	0	0	0	0	0	0	0	0	0	0	0	0	0	0	0	0	0	0	0	0	0	0	0	0	0	7578	4176	15764	0	0	0	0	0	510	3742	0	3310	13612	0	694	0	0	0	0	0	0	3264	3874	370	0	
293224	Cerebelum_8_L	0	0	0	0	0	0	0	0	0	0	0	0	0	0	0	0	0	0	0	0	0	0	0	0	0	0	0	0	0	0	0	0	0	0	0	0	0	0	0	0	0	0	0	0	0	0	180	0	0	0	0	0	0	0	462	0	0	0	0	0	0	0	0	0	0	0	0	0	0	0	0	0	0	0	0	0	0	0	0	0	0	0	0	0	0	0	0	0	0	0	14560	3058	32606	7396	0	0	3544	108	7396	488	34466	3310	0	6828	10068	1010	850	102	0	0	588	1672	9370	7212	1338	0	
165112	Cerebelum_8_R	0	0	0	0	0	0	0	0	0	0	0	0	0	0	0	0	0	0	0	0	0	0	0	0	0	0	0	0	0	0	0	0	0	0	0	0	0	0	0	0	0	0	0	0	0	0	0	0	0	0	0	0	0	0	0	218	0	0	0	0	0	0	0	0	0	0	0	0	0	0	0	0	0	0	0	0	0	0	0	0	0	0	0	0	0	0	0	0	0	0	484	9206	3604	17044	0	0	0	232	488	1314	4280	13612	6828	0	194	9840	0	200	0	0	0	506	5314	6760	2432	0	
67952	Cerebelum_9_L	0	0	0	0	0	0	0	0	0	0	0	0	0	0	0	0	0	0	0	0	0	0	0	0	0	0	0	0	0	0	0	0	0	0	0	0	0	0	0	0	0	0	0	0	0	0	0	0	0	0	0	0	0	0	0	0	0	0	0	0	0	0	0	0	0	0	0	0	0	0	0	0	0	0	0	0	0	0	0	0	0	0	0	0	0	0	0	0	0	0	1452	226	3998	292	318	0	3690	0	2022	0	3636	0	10068	194	0	376	2270	0	0	0	1850	1006	456	744	822	556	
70552	Cerebelum_9_R	0	0	0	0	0	0	0	0	0	0	0	0	0	0	0	0	0	0	0	0	0	0	0	0	0	0	0	0	0	0	0	0	0	0	0	0	0	0	0	0	0	0	0	0	0	0	0	0	0	0	0	0	0	0	0	0	0	0	0	0	0	0	0	0	0	0	0	0	0	0	0	0	0	0	0	0	0	0	0	0	0	0	0	0	0	0	0	0	0	0	704	1176	456	1370	0	238	548	106	934	666	456	694	1010	9840	376	0	0	340	248	386	1530	2566	2324	3390	4318	1600	
7688	Cerebelum_10_L	0	0	0	0	0	0	0	0	0	0	0	0	0	0	0	0	0	0	0	0	0	0	0	0	0	0	0	0	0	0	0	0	0	0	0	0	0	0	0	0	0	0	0	0	0	0	0	0	0	0	0	0	0	0	0	0	0	0	0	0	0	0	0	0	0	0	0	0	0	0	0	0	0	0	0	0	0	0	0	0	0	0	0	0	0	0	0	0	0	0	202	0	0	0	0	0	240	0	150	0	132	0	850	0	2270	0	0	0	0	0	0	0	0	0	0	0	
1800	Cerebelum_10_R	0	0	0	0	0	0	0	0	0	0	0	0	0	0	0	0	0	0	0	0	0	0	0	0	0	0	0	0	0	0	0	0	0	0	0	0	0	0	0	0	0	0	0	0	0	0	0	0	0	0	0	0	0	0	0	0	0	0	0	0	0	0	0	0	0	0	0	0	0	0	0	0	0	0	0	0	0	0	0	0	0	0	0	0	0	0	0	0	0	0	0	0	0	144	0	0	0	0	0	0	0	0	102	200	0	340	0	0	0	0	0	0	114	0	0	0	
13792	Vermis_1_2	0	0	0	0	0	0	0	0	0	0	0	0	0	0	0	0	0	0	0	0	0	0	0	0	0	0	0	0	0	0	0	0	0	0	0	0	0	0	0	0	0	0	0	0	0	0	0	0	0	0	0	0	0	0	0	0	0	0	0	0	0	0	0	0	0	0	0	0	0	0	0	0	0	0	0	0	0	0	0	0	0	0	0	0	0	0	0	0	0	0	0	0	0	0	452	272	448	0	110	0	0	0	0	0	0	248	0	0	0	3432	1564	0	104	124	142	0	
27300	Vermis_3	0	0	0	0	0	0	0	0	0	0	0	0	0	0	0	0	0	0	0	0	0	0	0	0	0	0	0	0	0	0	0	0	0	0	0	0	0	0	0	0	0	0	0	0	0	0	0	0	0	0	0	0	0	0	0	0	0	0	0	0	0	0	0	0	0	0	0	0	0	0	0	0	0	0	0	0	0	0	0	0	0	0	0	0	0	0	0	0	0	0	0	534	0	0	986	2168	860	566	202	620	0	0	0	0	0	386	0	0	3432	0	2978	154	190	250	324	0	
137272	Vermis_4_5	0	0	0	0	0	0	0	0	0	0	0	0	0	0	0	0	0	0	0	0	0	0	0	0	0	0	0	0	0	0	0	0	0	222	0	226	0	0	0	0	0	0	0	0	0	0	0	1126	0	0	0	0	0	0	0	1770	0	172	0	0	0	0	0	0	0	0	0	550	0	222	0	0	0	0	0	0	0	0	0	0	0	0	0	0	0	0	0	0	0	0	1468	9046	398	114	660	972	8530	9084	3958	11476	350	0	588	0	1850	1530	0	0	1564	2978	0	4940	224	710	1690	2218	
142892	Vermis_6	0	0	0	0	0	0	0	0	0	0	0	0	0	0	0	0	0	0	0	0	0	0	0	0	0	0	0	0	0	0	0	0	0	0	0	0	0	0	0	0	0	0	0	0	0	0	998	1760	0	0	0	0	0	0	664	1290	0	0	0	0	0	0	0	0	0	0	0	0	0	0	0	0	0	0	0	0	0	0	0	0	0	0	0	0	0	0	0	0	0	0	7034	6858	4290	886	0	102	3560	372	7350	10004	1124	0	1672	506	1006	2566	0	0	0	154	4940	0	7284	1824	2702	2500	
228364	Vermis_7	0	0	0	0	0	0	0	0	0	0	0	0	0	0	0	0	0	0	0	0	0	0	0	0	0	0	0	0	0	0	0	0	0	0	0	0	0	0	0	0	0	0	0	0	0	0	1718	950	0	0	0	0	0	0	980	514	0	0	0	0	0	0	0	0	0	0	0	0	0	0	0	0	0	0	0	0	0	0	0	0	0	0	0	0	0	0	0	0	0	0	9416	10342	18400	14694	0	160	294	114	5678	6466	7392	3264	9370	5314	456	2324	0	114	104	190	224	7284	0	5606	2514	300	
104188	Vermis_8	0	0	0	0	0	0	0	0	0	0	0	0	0	0	0	0	0	0	0	0	0	0	0	0	0	0	0	0	0	0	0	0	0	0	0	0	0	0	0	0	0	0	0	0	0	0	0	0	0	0	0	0	0	0	0	0	0	0	0	0	0	0	0	0	0	0	0	0	0	0	0	0	0	0	0	0	0	0	0	0	0	0	0	0	0	0	0	0	0	0	760	1878	3116	4314	0	190	228	0	870	672	4298	3874	7212	6760	744	3390	0	0	124	250	710	1824	5606	0	4274	1000	
58376	Vermis_9	0	0	0	0	0	0	0	0	0	0	0	0	0	0	0	0	0	0	0	0	0	0	0	0	0	0	0	0	0	0	0	0	0	0	0	0	0	0	0	0	0	0	0	0	0	0	0	0	0	0	0	0	0	0	0	0	0	0	0	0	0	0	0	0	0	0	0	0	0	0	0	0	0	0	0	0	0	0	0	0	0	0	0	0	0	0	0	0	0	0	764	1332	466	1216	0	246	694	0	930	648	408	370	1338	2432	822	4318	0	0	142	324	1690	2702	2514	4274	0	1558	
23132	Vermis_10	0	0	0	0	0	0	0	0	0	0	0	0	0	0	0	0	0	0	0	0	0	0	0	0	0	0	0	0	0	0	0	0	0	0	0	0	0	0	0	0	0	0	0	0	0	0	0	0	0	0	0	0	0	0	0	0	0	0	0	0	0	0	0	0	0	0	0	0	0	0	0	0	0	0	0	0	0	0	0	0	0	0	0	0	0	0	0	0	0	0	156	0	0	0	0	0	1200	0	338	140	0	0	0	0	556	1600	0	0	0	0	2218	2500	300	1000	1558	0	
