data	data	484444	175600	800552	744592	226176	145780	502328	210928	139160	33976	311500	171420	278004	152956	240128	160604	315328	217716	456304	795636	129284	145612	301664	328772	41612	78848	112424	102780	670432	439152	311376	468328	176600	550956	181108	168952	269684	336528	131928	210572	50728	83600	227780	238328	176004	375524	287560	206320	354224	364284	579688	272400	257680	161428	372148	423600	231960	201292	311592	276968	252312	201972	140940	115460	212892	240704	468048	433404	306548	234740	356008	437212	249580	317464	41676	11884	147860	177868	100212	45460	333924	176492	178932	104976	412068	275184	36488	32308	298096	236772	430836	356588	322572	309968	55120	49384	243396	195864	368924	312404	253476	163832	274240	268932	113996	99812	21632	2008	24516	23776	160716	102512	153528	128944	64124	12596	
data	data	Precentral_L	Precentral_R	Frontal_Sup_L	Frontal_Sup_R	Frontal_Sup_Orb_L	Frontal_Sup_Orb_R	Frontal_Mid_L	Frontal_Mid_R	Frontal_Mid_Orb_L	Frontal_Mid_Orb_R	Frontal_Inf_Oper_L	Frontal_Inf_Oper_R	Frontal_Inf_Tri_L	Frontal_Inf_Tri_R	Frontal_Inf_Orb_L	Frontal_Inf_Orb_R	Rolandic_Oper_L	Rolandic_Oper_R	Supp_Motor_Area_L	Supp_Motor_Area_R	Olfactory_L	Olfactory_R	Frontal_Sup_Medial_L	Frontal_Sup_Medial_R	Frontal_Med_Orb_L	Frontal_Med_Orb_R	Rectus_L	Rectus_R	Insula_L	Insula_R	Cingulum_Ant_L	Cingulum_Ant_R	Cingulum_Mid_L	Cingulum_Mid_R	Cingulum_Post_L	Cingulum_Post_R	Hippocampus_L	Hippocampus_R	ParaHippocampal_L	ParaHippocampal_R	Amygdala_L	Amygdala_R	Calcarine_L	Calcarine_R	Cuneus_L	Cuneus_R	Lingual_L	Lingual_R	Occipital_Sup_L	Occipital_Sup_R	Occipital_Mid_L	Occipital_Mid_R	Occipital_Inf_L	Occipital_Inf_R	Fusiform_L	Fusiform_R	Postcentral_L	Postcentral_R	Parietal_Sup_L	Parietal_Sup_R	Parietal_Inf_L	Parietal_Inf_R	SupraMarginal_L	SupraMarginal_R	Angular_L	Angular_R	Precuneus_L	Precuneus_R	Paracentral_Lobule_L	Paracentral_Lobule_R	Caudate_L	Caudate_R	Putamen_L	Putamen_R	Pallidum_L	Pallidum_R	Thalamus_L	Thalamus_R	Heschl_L	Heschl_R	Temporal_Sup_L	Temporal_Sup_R	Temporal_Pole_Sup_L	Temporal_Pole_Sup_R	Temporal_Mid_L	Temporal_Mid_R	Temporal_Pole_Mid_L	Temporal_Pole_Mid_R	Temporal_Inf_L	Temporal_Inf_R	Cerebelum_Crus1_L	Cerebelum_Crus1_R	Cerebelum_Crus2_L	Cerebelum_Crus2_R	Cerebelum_3_L	Cerebelum_3_R	Cerebelum_4_5_L	Cerebelum_4_5_R	Cerebelum_6_L	Cerebelum_6_R	Cerebelum_7b_L	Cerebelum_7b_R	Cerebelum_8_L	Cerebelum_8_R	Cerebelum_9_L	Cerebelum_9_R	Cerebelum_10_L	Cerebelum_10_R	Vermis_1_2	Vermis_3	Vermis_4_5	Vermis_6	Vermis_7	Vermis_8	Vermis_9	Vermis_10	
484444	Precentral_L	0	1084	16514	2746	0	0	15374	0	0	0	14558	196	5264	0	72	0	12088	194	14020	14260	0	0	308	0	0	0	0	0	10026	434	406	132	1334	7162	1424	1820	5708	1366	376	532	0	0	0	0	0	0	0	358	314	0	836	0	164	280	310	584	19080	466	1144	0	4190	0	924	0	712	0	794	110	32996	1972	7846	1216	8408	868	3176	226	16494	614	3942	0	4028	0	1082	0	680	0	0	0	756	254	0	0	0	0	0	0	0	0	0	0	0	0	0	0	0	0	0	0	0	0	0	0	0	0	0	0	
175600	Precentral_R	1084	0	334	14468	0	0	0	2162	0	0	72	4016	0	118	0	0	1228	2922	224	2646	0	0	0	0	0	0	0	0	1226	1434	0	0	0	586	0	0	360	3390	0	526	0	0	0	564	0	690	0	120	0	606	0	452	0	570	132	434	676	16116	0	636	0	1254	0	2750	0	828	0	1250	726	2930	250	3456	288	576	0	0	142	12780	250	610	580	218	0	0	138	154	0	0	338	490	0	0	0	0	0	0	0	0	0	0	0	0	0	0	0	0	0	0	0	0	0	0	0	0	0	0	
800552	Frontal_Sup_L	16514	334	0	9762	13202	0	69436	1682	6808	0	11600	1124	16810	200	9958	82	8102	464	55104	19664	394	232	36412	2498	672	0	2070	0	36548	1340	14530	5322	3516	6266	188	180	1410	0	0	0	186	0	0	0	0	0	0	0	0	0	0	0	0	0	452	0	1274	0	0	0	670	0	76	0	0	0	0	0	1952	270	12444	4166	10980	438	568	82	280	76	122	0	7610	0	4648	86	434	0	96	0	942	0	0	0	0	0	0	0	0	0	0	0	0	0	0	0	0	0	0	0	0	0	0	0	0	0	0	0	
744592	Frontal_Sup_R	2746	14468	9762	0	178	8524	3806	29600	0	1244	1414	8242	1628	6546	236	5770	1724	13834	14332	61900	318	736	6064	35664	0	2902	198	2090	1980	16824	3762	31612	2964	27928	0	0	302	1344	0	364	0	0	0	198	0	374	0	74	0	440	0	334	0	128	88	362	640	2084	0	278	0	152	0	124	0	120	0	508	1538	326	2764	16298	626	12836	0	120	0	7474	210	916	672	348	150	412	120	132	0	0	252	192	0	0	0	0	0	0	0	0	0	0	0	0	0	0	0	0	0	0	0	0	0	0	0	0	0	0	
226176	Frontal_Sup_Orb_L	0	0	13202	178	0	438	4042	0	16380	0	0	0	1390	0	17414	386	0	0	0	0	3770	2866	3470	248	4236	148	10676	1058	9580	320	6270	586	0	0	0	0	420	0	0	0	0	0	0	0	0	0	0	0	0	0	0	0	0	0	352	0	0	0	0	0	0	0	0	0	0	0	0	0	0	0	5424	1988	3714	564	0	0	0	0	0	0	350	0	2196	72	320	0	272	0	758	0	0	0	0	0	0	0	0	0	0	0	0	0	0	0	0	0	0	0	0	0	0	0	0	0	0	0	
145780	Frontal_Sup_Orb_R	0	0	0	8524	438	0	0	1788	0	4942	0	0	0	70	600	8390	0	0	0	0	1190	2754	118	7870	356	8192	698	8456	266	3346	772	4156	0	0	0	0	0	0	0	0	0	0	0	0	0	0	0	0	0	0	0	0	0	0	0	0	0	0	0	0	0	0	0	0	0	0	0	0	0	0	1294	4126	736	3808	0	0	0	0	0	0	0	0	0	0	0	0	0	0	0	0	0	0	0	0	0	0	0	0	0	0	0	0	0	0	0	0	0	0	0	0	0	0	0	0	0	0	
502328	Frontal_Mid_L	15374	0	69436	3806	4042	0	0	504	4850	0	14252	696	35718	124	9950	0	8104	182	10078	3658	76	0	14340	676	0	0	0	0	24634	740	4262	1642	882	718	0	0	744	0	0	0	0	0	0	0	0	0	0	0	0	0	0	0	0	0	0	0	1122	0	0	0	0	0	0	0	0	0	0	0	172	102	7050	1892	960	176	194	0	214	0	74	0	6076	0	3644	0	0	0	0	0	0	0	0	0	0	0	0	0	0	0	0	0	0	0	0	0	0	0	0	0	0	0	0	0	0	0	0	0	
210928	Frontal_Mid_R	0	2162	1682	29600	0	1788	504	0	0	406	0	5618	0	15558	0	6402	0	1148	2406	5062	0	0	1200	7702	0	0	0	0	0	5886	702	6400	104	6054	0	0	0	0	0	0	0	0	0	0	0	0	0	0	0	0	0	0	0	0	0	0	0	168	0	0	0	0	0	0	0	0	0	0	0	0	400	954	0	3078	0	0	0	236	0	150	0	94	0	0	0	0	0	0	0	0	0	0	0	0	0	0	0	0	0	0	0	0	0	0	0	0	0	0	0	0	0	0	0	0	0	0	
139160	Frontal_Mid_Orb_L	0	0	6808	0	16380	0	4850	0	0	0	0	0	2906	0	18178	0	0	0	0	0	552	682	220	0	480	0	3294	118	6570	0	542	0	0	0	0	0	344	0	0	0	0	0	0	0	0	0	0	0	0	0	0	0	0	0	326	0	0	0	0	0	0	0	0	0	0	0	0	0	0	0	1452	470	2428	144	0	0	0	0	0	0	334	0	1372	0	332	0	136	0	662	0	0	0	0	0	0	0	0	0	0	0	0	0	0	0	0	0	0	0	0	0	0	0	0	0	0	0	
33976	Frontal_Mid_Orb_R	0	0	0	1244	0	4942	0	406	0	0	0	0	0	70	0	6076	0	0	0	0	0	120	0	1232	0	520	0	390	0	1744	0	0	0	0	0	0	0	0	0	0	0	0	0	0	0	0	0	0	0	0	0	0	0	0	0	0	0	0	0	0	0	0	0	0	0	0	0	0	0	0	0	94	0	150	0	0	0	0	0	0	0	0	0	0	0	0	0	0	0	0	0	0	0	0	0	0	0	0	0	0	0	0	0	0	0	0	0	0	0	0	0	0	0	0	0	0	
311500	Frontal_Inf_Oper_L	14558	72	11600	1414	0	0	14252	0	0	0	0	1258	14640	512	272	0	22188	94	4736	2012	0	0	390	0	0	0	0	0	26846	1350	1104	244	0	0	0	0	636	0	0	0	0	0	0	0	0	0	0	0	0	0	0	0	0	0	0	0	4428	0	0	0	520	0	0	0	188	0	0	0	168	0	2644	2850	1642	160	770	0	242	0	800	0	14974	0	7772	0	310	0	0	0	104	0	0	0	0	0	0	0	0	0	0	0	0	0	0	0	0	0	0	0	0	0	0	0	0	0	0	0	
171420	Frontal_Inf_Oper_R	196	4016	1124	8242	0	0	696	5618	0	0	1258	0	1768	6832	0	772	150	6790	706	6558	0	0	0	488	0	0	0	0	1382	16194	764	3550	0	1920	0	0	0	292	0	110	0	0	0	0	0	0	0	0	0	0	0	0	0	0	0	224	0	1818	0	0	0	0	0	0	0	0	0	0	0	0	2046	5572	128	2224	0	0	90	1566	0	1038	84	210	90	1194	0	0	0	0	0	0	0	0	0	0	0	0	0	0	0	0	0	0	0	0	0	0	0	0	0	0	0	0	0	0	0	0	
278004	Frontal_Inf_Tri_L	5264	0	16810	1628	1390	0	35718	0	2906	0	14640	1768	0	1248	8558	0	3662	0	942	2134	0	0	1910	0	0	0	0	0	20724	1960	4842	848	72	90	0	0	0	0	0	0	0	0	0	0	0	0	0	0	0	0	0	0	0	0	0	0	1050	0	0	0	0	0	0	0	0	0	0	0	0	0	2350	3840	392	386	0	0	0	0	122	0	1646	0	2014	0	88	0	0	0	0	0	0	0	0	0	0	0	0	0	0	0	0	0	0	0	0	0	0	0	0	0	0	0	0	0	0	0	
152956	Frontal_Inf_Tri_R	0	118	200	6546	0	70	124	15558	0	70	512	6832	1248	0	0	7602	0	204	406	3420	0	0	168	1252	0	0	0	0	758	13470	1474	7442	126	3436	0	0	0	0	0	0	0	0	0	0	0	0	0	0	0	0	0	0	0	0	0	0	0	0	0	0	0	0	0	0	0	0	0	0	0	0	488	3246	72	1636	0	0	0	0	0	0	0	0	0	0	0	0	0	0	0	0	0	0	0	0	0	0	0	0	0	0	0	0	0	0	0	0	0	0	0	0	0	0	0	0	0	0	
240128	Frontal_Inf_Orb_L	72	0	9958	236	17414	600	9950	0	18178	0	272	0	8558	0	0	524	0	0	266	0	4798	3570	1118	266	110	96	5028	1328	14112	392	1652	430	0	0	0	0	0	0	102	0	0	0	0	0	0	0	0	0	0	0	0	0	0	0	0	0	0	0	0	0	0	0	0	0	0	0	0	0	0	0	6302	2490	5642	654	0	0	0	0	0	0	0	0	4428	78	482	0	658	0	300	0	0	0	0	0	0	0	0	0	0	0	0	0	0	0	0	0	0	0	0	0	0	0	0	0	0	0	
160604	Frontal_Inf_Orb_R	0	0	82	5770	386	8390	0	6402	0	6076	0	772	0	7602	524	0	0	642	0	290	962	3058	0	2192	0	248	472	2014	280	14760	0	304	0	0	0	0	0	604	0	830	0	310	0	0	0	0	0	0	0	0	0	0	0	0	0	1212	0	0	0	0	0	0	0	0	0	0	0	0	0	0	1110	2204	600	1122	0	0	0	228	0	0	0	1854	0	5620	0	1218	0	800	0	1364	0	0	0	0	0	0	0	0	0	0	0	0	0	0	0	0	0	0	0	0	0	0	0	0	0	0	
315328	Rolandic_Oper_L	12088	1228	8102	1724	0	0	8104	0	0	0	22188	150	3662	0	0	0	0	232	4764	1040	0	0	72	0	0	0	0	0	30448	274	78	0	0	0	156	0	932	0	0	0	0	0	0	0	0	0	0	0	442	0	1136	0	210	0	336	0	7844	0	538	0	1604	0	2970	0	1318	0	556	0	248	0	820	858	826	0	540	0	194	0	8156	0	22722	0	6300	0	3532	0	0	0	1152	0	120	0	0	0	0	0	0	0	0	0	0	0	0	0	0	0	0	0	0	0	0	0	0	0	0	0	
217716	Rolandic_Oper_R	194	2922	464	13834	0	0	182	1148	0	0	94	6790	0	204	0	642	232	0	410	12108	0	0	0	0	0	0	0	0	332	20776	0	132	0	258	0	0	0	3024	0	532	0	0	0	584	0	1890	0	182	0	2708	0	2340	0	388	0	998	0	4320	0	1556	0	618	0	2220	0	838	82	2290	0	684	258	1828	0	5242	0	170	80	1720	0	5426	164	5406	0	1288	0	662	0	0	0	638	0	0	0	0	0	0	0	0	0	0	0	0	0	0	0	0	0	0	0	0	0	0	0	0	0	0	
456304	Supp_Motor_Area_L	14020	224	55104	14332	0	0	10078	2406	0	0	4736	706	942	406	266	0	4764	410	0	33764	0	0	4800	3456	0	0	0	0	9928	1192	3666	4090	7782	18176	254	202	432	72	0	0	114	0	0	0	0	0	0	0	0	0	0	0	0	0	0	0	974	0	0	0	644	0	78	0	0	0	0	0	6860	882	6158	2452	6374	1122	598	0	258	0	108	0	3666	0	1558	0	0	0	0	0	98	0	0	0	0	0	0	0	0	0	0	0	0	0	0	0	0	0	0	0	0	0	0	0	0	0	0	0	
795636	Supp_Motor_Area_R	14260	2646	19664	61900	0	0	3658	5062	0	0	2012	6558	2134	3420	0	290	1040	12108	33764	0	0	0	2474	9654	0	0	0	0	1396	12450	2406	15920	7418	52352	4242	4570	184	1996	0	562	0	204	0	850	92	638	0	550	74	530	94	492	0	1336	0	1398	546	3154	74	372	76	186	0	204	0	254	438	2396	18072	23706	6024	22798	550	8418	202	234	2218	10942	0	874	402	1146	150	452	0	1148	0	0	0	1620	0	0	0	0	0	0	0	0	0	0	0	0	0	0	0	0	0	0	0	0	764	0	0	0	0	0	
129284	Olfactory_L	0	0	394	318	3770	1190	76	0	552	0	0	0	0	0	4798	962	0	0	0	0	0	7212	160	458	262	222	3286	2494	5346	706	2838	1496	0	0	0	0	1650	0	500	0	2116	0	0	0	0	0	0	0	0	0	0	0	0	0	746	0	0	0	0	0	0	0	0	0	0	0	0	0	0	0	9612	5000	4196	1458	270	0	108	0	0	0	0	0	2124	84	0	0	108	0	130	0	0	0	0	0	0	0	0	0	0	0	0	0	0	0	0	0	0	0	0	0	0	0	0	0	0	0	
145612	Olfactory_R	0	0	232	736	2866	2754	0	0	682	120	0	0	0	0	3570	3058	0	0	0	0	7212	0	122	1142	92	1210	3126	5420	1106	4028	2930	3042	0	0	0	0	0	102	0	548	0	300	0	0	0	0	0	0	0	0	0	0	0	0	0	126	0	0	0	0	0	0	0	0	0	0	0	0	0	0	9682	8990	5040	2358	856	102	0	0	0	0	0	0	0	1022	0	0	0	82	0	150	0	0	0	0	0	0	0	0	0	0	0	0	0	0	0	0	0	0	0	0	0	0	0	0	0	0	
301664	Frontal_Sup_Medial_L	308	0	36412	6064	3470	118	14340	1200	220	0	390	0	1910	168	1118	0	72	0	4800	2474	160	122	0	14156	2638	436	2452	0	2356	0	25254	12028	5558	8220	94	0	0	0	0	0	0	0	0	0	0	0	0	0	0	0	0	0	0	0	0	0	0	0	0	0	0	0	0	0	0	0	0	0	0	0	1188	270	2376	168	0	0	0	0	0	0	80	0	212	0	0	0	0	0	0	0	0	0	0	0	0	0	0	0	0	0	0	0	0	0	0	0	0	0	0	0	0	0	0	0	0	0	
328772	Frontal_Sup_Medial_R	0	0	2498	35664	248	7870	676	7702	0	1232	0	488	0	1252	266	2192	0	0	3456	9654	458	1142	14156	0	252	5502	320	2948	158	2462	4726	27456	268	17224	0	0	0	0	0	0	0	0	0	0	0	0	0	0	0	0	0	0	0	0	0	0	0	0	0	0	0	0	0	0	0	0	0	0	0	0	562	6302	250	7002	0	0	0	0	0	0	0	0	0	0	0	0	0	0	0	0	0	0	0	0	0	0	0	0	0	0	0	0	0	0	0	0	0	0	0	0	0	0	0	0	0	0	
41612	Frontal_Med_Orb_L	0	0	672	0	4236	356	0	0	480	0	0	0	0	0	110	0	0	0	0	0	262	92	2638	252	0	1700	3194	224	0	0	5418	574	0	0	0	0	0	0	0	0	0	0	0	0	0	0	0	0	0	0	0	0	0	0	0	0	0	0	0	0	0	0	0	0	0	0	0	0	0	0	420	0	178	0	0	0	0	0	0	0	0	0	0	0	0	0	0	0	0	0	0	0	0	0	0	0	0	0	0	0	0	0	0	0	0	0	0	0	0	0	0	0	0	0	0	0	
78848	Frontal_Med_Orb_R	0	0	0	2902	148	8192	0	0	0	520	0	0	0	0	96	248	0	0	0	0	222	1210	436	5502	1700	0	644	6228	0	248	1778	5048	0	0	0	0	0	0	0	0	0	0	0	0	0	0	0	0	0	0	0	0	0	0	0	0	0	0	0	0	0	0	0	0	0	0	0	0	0	0	202	2184	0	1916	0	0	0	0	0	0	0	0	0	0	0	0	0	0	0	0	0	0	0	0	0	0	0	0	0	0	0	0	0	0	0	0	0	0	0	0	0	0	0	0	0	0	
112424	Rectus_L	0	0	2070	198	10676	698	0	0	3294	0	0	0	0	0	5028	472	0	0	0	0	3286	3126	2452	320	3194	644	0	1392	1950	390	5778	718	0	0	0	0	0	0	0	0	0	0	0	0	0	0	0	0	0	0	0	0	0	0	0	0	0	0	0	0	0	0	0	0	0	0	0	0	0	0	5678	1900	1788	512	0	0	0	0	0	0	0	0	414	82	0	0	152	0	0	0	0	0	0	0	0	0	0	0	0	0	0	0	0	0	0	0	0	0	0	0	0	0	0	0	0	0	
102780	Rectus_R	0	0	0	2090	1058	8456	0	0	118	390	0	0	0	0	1328	2014	0	0	0	0	2494	5420	0	2948	224	6228	1392	0	508	1382	1180	4232	0	0	0	0	0	0	0	0	0	0	0	0	0	0	0	0	0	0	0	0	0	0	0	0	0	0	0	0	0	0	0	0	0	0	0	0	0	0	2542	3998	1130	2014	82	0	0	0	0	0	0	0	0	162	0	0	0	0	0	0	0	0	0	0	0	0	0	0	0	0	0	0	0	0	0	0	0	0	0	0	0	0	0	0	0	0	
670432	Insula_L	10026	1226	36548	1980	9580	266	24634	0	6570	0	26846	1382	20724	758	14112	280	30448	332	9928	1396	5346	1106	2356	158	0	0	1950	508	0	1850	4802	744	0	188	306	238	12664	132	770	92	2230	0	0	0	0	0	0	80	384	0	1088	0	224	0	4448	0	2378	0	806	0	1270	0	1144	0	1262	0	736	0	738	158	6978	3084	16700	414	570	0	1394	0	8318	0	24028	0	12626	0	5378	0	404	0	8130	0	0	0	0	0	0	0	0	0	0	0	0	0	0	0	0	0	0	0	0	0	0	0	0	0	0	0	
439152	Insula_R	434	1434	1340	16824	320	3346	740	5886	0	1744	1350	16194	1960	13470	392	14760	274	20776	1192	12450	706	4028	0	2462	0	248	390	1382	1850	0	1118	7444	0	2992	0	72	0	8856	0	1948	0	644	0	180	0	184	0	120	0	256	0	262	0	482	0	4972	0	1416	0	234	0	394	0	904	0	552	0	276	80	472	2838	9904	396	19292	0	104	232	2634	0	2888	166	8482	108	4352	0	4236	0	412	0	3578	0	0	0	0	0	0	0	74	0	70	0	0	0	0	0	0	0	0	0	0	0	0	0	0	0	0	
311376	Cingulum_Ant_L	406	0	14530	3762	6270	772	4262	702	542	0	1104	764	4842	1474	1652	0	78	0	3666	2406	2838	2930	25254	4726	5418	1778	5778	1180	4802	1118	0	19284	7896	5058	762	0	0	0	0	0	0	0	0	0	0	0	0	0	0	0	0	0	0	0	0	0	0	0	0	0	0	0	0	0	0	0	88	0	0	0	7142	3656	6596	1806	0	0	0	0	0	0	128	0	218	0	0	0	0	0	0	0	0	0	0	0	0	0	0	0	0	0	0	0	0	0	0	0	0	0	0	0	0	0	0	0	0	0	
468328	Cingulum_Ant_R	132	0	5322	31612	586	4156	1642	6400	0	0	244	3550	848	7442	430	304	0	132	4090	15920	1496	3042	12028	27456	574	5048	718	4232	744	7444	19284	0	3002	24150	0	0	0	386	0	104	0	0	0	0	0	0	0	0	0	0	0	0	0	0	0	312	0	0	0	0	0	0	0	0	0	0	0	0	0	0	4538	22170	1292	13264	0	0	0	0	0	0	0	0	0	0	0	0	0	0	0	70	0	0	0	0	0	0	0	0	0	0	0	0	0	0	0	0	0	0	0	0	0	0	0	0	0	0	
176600	Cingulum_Mid_L	1334	0	3516	2964	0	0	882	104	0	0	0	0	72	126	0	0	0	0	7782	7418	0	0	5558	268	0	0	0	0	0	0	7896	3002	0	17434	4798	2104	72	0	0	0	0	0	550	348	1492	656	96	0	1368	0	720	0	198	0	0	0	0	114	898	0	108	0	0	0	0	0	6744	2012	4436	2670	0	172	0	182	0	0	122	0	0	0	0	0	0	0	84	0	0	0	0	0	0	0	0	0	0	0	0	0	0	0	0	0	0	0	0	0	0	0	0	0	0	0	0	0	0	0	
550956	Cingulum_Mid_R	7162	586	6266	27928	0	0	718	6054	0	0	0	1920	90	3436	0	0	0	258	18176	52352	0	0	8220	17224	0	0	0	0	188	2992	5058	24150	17434	0	3476	3368	166	632	0	160	0	0	0	1454	186	3426	0	182	320	1360	316	784	272	562	180	480	204	1178	0	318	0	0	0	0	0	90	2078	6930	14360	18690	2128	3642	0	3068	158	0	1834	1202	0	0	0	586	0	0	0	804	0	0	0	534	0	0	0	0	0	0	0	0	0	0	0	0	0	0	0	0	0	0	0	0	138	0	0	0	0	0	
181108	Cingulum_Post_L	1424	0	188	0	0	0	0	0	0	0	0	0	0	0	0	0	156	0	254	4242	0	0	94	0	0	0	0	0	306	0	762	0	4798	3476	0	12170	6500	1970	4848	602	0	0	5278	264	1880	258	4552	178	1150	118	1542	116	1062	770	1182	640	1016	124	404	0	554	0	0	0	614	86	8950	2350	5162	3776	104	106	0	0	0	0	750	1340	78	0	238	430	0	0	1074	666	0	0	1162	520	94	0	0	0	0	0	0	0	0	0	0	0	0	0	0	0	0	0	0	0	176	0	0	0	0	0	
168952	Cingulum_Post_R	1820	0	180	0	0	0	0	0	0	0	0	0	0	0	0	0	0	0	202	4570	0	0	0	0	0	0	0	0	238	72	0	0	2104	3368	12170	0	4440	5668	1992	2678	0	0	82	746	234	1368	992	2426	0	80	0	104	0	2076	524	1362	934	278	0	0	0	0	0	0	0	0	1562	9840	2738	4014	114	286	0	88	0	0	2460	3088	0	0	434	92	0	0	782	588	0	0	1182	1128	0	0	0	0	0	0	0	464	0	0	0	0	0	0	0	0	0	0	0	0	4908	0	0	0	0	0	
269684	Hippocampus_L	5708	360	1410	302	420	0	744	0	344	0	636	0	0	0	0	0	932	0	432	184	1650	0	0	0	0	0	0	0	12664	0	0	0	72	166	6500	4440	0	3068	18084	1968	9196	0	3706	0	310	0	7070	1010	156	0	854	0	896	0	12696	0	544	0	164	0	140	0	138	0	0	0	3798	610	1540	150	556	0	5230	0	604	0	4778	420	2394	0	2742	0	492	0	2470	0	0	0	9388	0	834	0	0	0	0	0	872	262	492	0	0	0	0	0	0	0	0	0	0	176	70	0	0	0	0	0	
336528	Hippocampus_R	1366	3390	0	1344	0	0	0	0	0	0	0	292	0	0	0	604	0	3024	72	1996	0	102	0	0	0	0	0	0	132	8856	0	386	0	632	1970	5668	3068	0	1602	27944	0	10922	0	262	0	438	830	2530	0	614	0	438	0	3830	246	30562	370	870	0	492	0	448	0	932	0	526	0	1800	2234	912	132	592	0	11682	0	452	2556	8468	0	884	270	2498	0	626	306	3728	0	0	636	7292	0	1264	0	0	0	426	0	2886	0	1396	0	0	0	0	0	0	0	0	0	0	466	0	0	0	0	0	
131928	ParaHippocampal_L	376	0	0	0	0	0	0	0	0	0	0	0	0	0	102	0	0	0	0	0	500	0	0	0	0	0	0	0	770	0	0	0	0	0	4848	1992	18084	1602	0	932	3496	0	2998	0	284	0	6028	308	154	0	742	0	1274	0	6860	0	0	0	130	0	0	0	0	0	0	0	2990	444	232	0	0	0	500	0	0	0	1358	328	0	0	70	0	1598	0	290	0	1256	0	1342	0	758	0	0	0	226	0	1680	82	1198	0	0	0	0	0	0	0	0	0	0	132	0	0	0	0	0	0	
210572	ParaHippocampal_R	532	526	0	364	0	0	0	0	0	0	0	110	0	0	0	830	0	532	0	562	0	548	0	0	0	0	0	0	92	1948	0	104	0	160	602	2678	1968	27944	932	0	0	9694	0	292	0	0	474	4042	0	76	0	0	0	1274	164	21360	0	0	0	102	0	0	0	0	0	0	0	1508	604	254	0	212	0	4850	0	400	1096	3466	0	134	208	506	0	2464	240	414	0	746	502	1280	0	1642	0	88	0	496	0	3882	0	1736	0	0	0	86	0	0	0	0	0	0	562	0	0	0	0	0	
50728	Amygdala_L	0	0	186	0	0	0	0	0	0	0	0	0	0	0	0	0	0	0	114	0	2116	0	0	0	0	0	0	0	2230	0	0	0	0	0	0	0	9196	0	3496	0	0	0	0	0	0	0	0	0	0	0	0	0	0	0	4492	0	0	0	0	0	0	0	0	0	0	0	0	0	0	0	128	0	292	0	0	0	112	0	0	0	0	0	884	0	74	0	194	0	1752	0	0	0	0	0	0	0	98	0	0	0	0	0	0	0	0	0	0	0	0	0	0	0	0	0	0	0	
83600	Amygdala_R	0	0	0	0	0	0	0	0	0	0	0	0	0	0	0	310	0	0	0	204	0	300	0	0	0	0	0	0	0	644	0	0	0	0	0	0	0	10922	0	9694	0	0	0	0	0	0	0	0	0	0	0	0	0	0	0	10382	0	0	0	0	0	0	0	0	0	0	0	0	0	0	0	258	0	706	0	0	0	340	0	0	0	0	0	3922	0	0	0	676	0	1546	0	406	0	0	0	170	0	900	0	420	0	0	0	0	0	0	0	0	0	0	0	0	0	0	0	0	
227780	Calcarine_L	0	0	0	0	0	0	0	0	0	0	0	0	0	0	0	0	0	0	0	0	0	0	0	0	0	0	0	0	0	0	0	0	550	0	5278	82	3706	0	2998	0	0	0	0	5716	13850	3780	17352	1362	7564	1890	18300	222	8798	0	2388	136	0	0	496	0	0	0	0	0	0	0	15630	580	128	0	0	0	0	0	0	0	0	0	0	0	0	0	0	0	1936	0	0	0	1148	0	0	0	0	0	0	0	0	0	0	0	0	0	0	0	0	0	0	0	0	0	0	0	0	0	0	0	
238328	Calcarine_R	0	564	0	198	0	0	0	0	0	0	0	0	0	0	0	0	0	584	0	850	0	0	0	0	0	0	0	0	0	180	0	0	348	1454	264	746	0	262	0	292	0	0	5716	0	4644	20402	1864	14416	0	14166	0	12634	0	6670	0	2840	0	3474	0	544	0	258	0	230	0	84	1378	16962	496	2766	0	0	0	86	0	0	0	184	0	70	0	124	0	0	0	1658	0	0	0	864	0	190	0	186	0	0	0	0	0	100	0	0	0	0	0	0	0	0	0	0	416	0	0	0	0	0	
176004	Cuneus_L	0	0	0	0	0	0	0	0	0	0	0	0	0	0	0	0	0	0	0	92	0	0	0	0	0	0	0	0	0	0	0	0	1492	186	1880	234	310	0	284	0	0	0	13850	4644	0	5792	1858	246	19360	1980	13104	116	3720	0	186	0	0	0	1692	0	296	0	0	0	352	0	13770	1330	178	128	0	0	0	0	0	0	0	0	0	0	0	0	0	0	796	0	0	0	126	0	0	0	0	0	0	0	0	0	0	0	0	0	0	0	0	0	0	0	0	0	0	0	0	0	0	0	
375524	Cuneus_R	0	690	0	374	0	0	0	0	0	0	0	0	0	0	0	0	0	1890	0	638	0	0	0	0	0	0	0	0	0	184	0	0	656	3426	258	1368	0	438	0	0	0	0	3780	20402	5792	0	630	3126	192	44096	156	15644	130	1868	0	726	0	5176	0	15464	0	2688	0	918	0	2974	5858	37606	716	3684	0	0	0	360	0	140	0	124	0	440	0	1306	0	0	0	1866	0	0	0	1712	0	0	0	0	0	0	0	0	0	0	0	0	0	0	0	0	0	0	0	0	266	0	0	0	0	0	
287560	Lingual_L	0	0	0	0	0	0	0	0	0	0	0	0	0	0	0	0	0	0	0	0	0	0	0	0	0	0	0	0	0	0	0	0	96	0	4552	992	7070	830	6028	474	0	0	17352	1864	1858	630	0	1842	2990	726	15504	274	15238	0	18206	76	96	0	558	0	0	0	110	0	0	0	8906	496	102	0	0	0	0	0	0	0	584	200	0	0	0	0	0	0	2338	0	0	0	1828	0	6996	84	1882	108	238	0	7474	268	11874	120	0	0	0	0	98	0	0	0	0	0	1158	1426	234	0	0	0	
206320	Lingual_R	358	120	0	74	0	0	0	0	0	0	0	0	0	0	0	0	0	182	0	550	0	0	0	0	0	0	0	0	80	120	0	0	0	182	178	2426	1010	2530	308	4042	0	0	1362	14416	246	3126	1842	0	0	4606	0	5078	0	8654	0	16326	0	684	0	148	0	0	0	0	0	70	0	10072	152	1422	0	0	350	470	0	96	300	410	0	0	0	110	0	0	0	258	0	0	0	1640	664	2060	616	1012	0	196	290	3174	202	3930	0	0	0	0	178	0	0	0	0	0	4302	1428	1110	0	0	0	
354224	Occipital_Sup_L	314	0	0	0	0	0	0	0	0	0	0	0	0	0	0	0	442	0	0	74	0	0	0	0	0	0	0	0	384	0	0	0	1368	320	1150	0	156	0	154	0	0	0	7564	0	19360	192	2990	0	0	0	45592	0	8228	0	1690	0	1970	0	28336	0	4138	0	502	0	4638	0	33172	686	720	136	0	0	0	0	0	0	0	0	262	0	272	0	0	0	9368	0	0	0	2754	0	98	0	0	0	0	0	0	0	82	0	0	0	0	0	0	0	0	0	0	0	0	0	0	0	0	0	
364284	Occipital_Sup_R	0	606	0	440	0	0	0	0	0	0	0	0	0	0	0	0	0	2708	0	530	0	0	0	0	0	0	0	0	0	256	0	0	0	1360	118	80	0	614	0	76	0	0	1890	14166	1980	44096	726	4606	0	0	0	28496	0	3362	0	1046	0	2550	0	20364	0	4008	0	988	0	10684	2908	25062	170	878	0	0	0	358	0	148	0	0	0	668	0	1526	0	0	0	2748	0	0	0	1926	0	0	0	0	0	0	0	0	0	0	0	0	0	0	0	0	0	0	0	0	0	0	0	0	0	0	
579688	Occipital_Mid_L	836	0	0	0	0	0	0	0	0	0	0	0	0	0	0	0	1136	0	0	94	0	0	0	0	0	0	0	0	1088	0	0	0	720	316	1542	0	854	0	742	0	0	0	18300	0	13104	156	15504	0	45592	0	0	0	36096	0	6870	0	4168	0	34128	0	14324	0	1912	0	21310	0	35446	494	1734	118	0	0	0	0	0	0	0	0	646	0	952	0	0	0	25352	0	0	0	5668	0	154	0	0	0	0	0	164	0	324	0	0	0	0	0	0	0	0	0	0	0	0	0	0	0	0	0	
272400	Occipital_Mid_R	0	452	0	334	0	0	0	0	0	0	0	0	0	0	0	0	0	2340	0	492	0	0	0	0	0	0	0	0	0	262	0	0	0	784	116	104	0	438	0	0	0	0	222	12634	116	15644	274	5078	0	28496	0	0	0	9522	0	924	0	1096	0	8716	0	3712	0	828	0	17366	302	8486	126	466	0	0	0	138	0	0	0	0	0	586	0	1562	0	0	0	12658	0	0	0	1848	0	0	0	0	0	0	0	0	0	0	0	0	0	0	0	0	0	0	0	0	78	0	0	0	0	0	
257680	Occipital_Inf_L	164	0	0	0	0	0	0	0	0	0	0	0	0	0	0	0	210	0	0	0	0	0	0	0	0	0	0	0	224	0	0	0	198	272	1062	0	896	0	1274	0	0	0	8798	0	3720	130	15238	0	8228	0	36096	0	0	0	14780	0	710	0	4056	0	894	0	400	0	1224	0	8480	442	502	0	0	0	0	0	0	0	0	0	480	0	96	0	0	0	8286	0	0	0	6058	0	468	0	198	0	78	0	1266	0	2738	0	0	0	0	0	92	0	0	0	0	0	450	632	0	0	0	0	
161428	Occipital_Inf_R	280	570	0	128	0	0	0	0	0	0	0	0	0	0	0	0	0	388	0	1336	0	0	0	0	0	0	0	0	0	482	0	0	0	562	770	2076	0	3830	0	1274	0	0	0	6670	0	1868	0	8654	0	3362	0	9522	0	0	0	14120	244	836	0	900	0	374	0	294	0	696	0	5194	1082	1582	0	0	0	402	0	0	168	614	0	100	0	256	0	0	0	1946	0	0	0	4866	378	276	368	184	0	0	0	70	0	1062	0	0	0	0	0	0	0	0	0	0	1542	658	730	0	0	0	
372148	Fusiform_L	310	132	452	88	352	0	0	0	326	0	0	0	0	0	0	0	336	0	0	0	746	0	0	0	0	0	0	0	4448	0	0	0	0	180	1182	524	12696	246	6860	164	4492	0	2388	0	186	0	18206	0	1690	0	6870	0	14780	0	0	0	182	0	1068	0	550	0	568	0	678	0	2740	254	226	0	0	0	550	0	0	0	330	0	602	0	3234	0	2354	0	4578	0	1054	0	19062	0	24202	0	1396	0	498	0	12662	104	28762	0	0	0	154	0	322	0	0	0	0	0	820	1392	78	0	0	0	
423600	Fusiform_R	584	434	0	362	0	0	0	0	0	0	0	224	0	0	0	1212	0	998	0	1398	0	126	0	0	0	0	0	0	0	4972	0	312	0	480	640	1362	0	30562	0	21360	0	10382	136	2840	0	726	76	16326	0	1046	0	924	0	14120	0	0	202	432	0	464	0	108	0	0	0	204	0	3264	1050	1042	80	438	0	7778	0	160	212	1794	0	184	0	992	0	4664	0	1692	0	1014	0	15274	692	19130	576	1162	0	246	0	10016	0	21890	0	0	0	698	0	376	0	0	0	0	1030	1246	1380	420	288	0	
231960	Postcentral_L	19080	676	1274	640	0	0	1122	0	0	0	4428	0	1050	0	0	0	7844	0	974	546	0	0	0	0	0	0	0	0	2378	0	0	0	0	204	1016	934	544	370	0	0	0	0	0	0	0	0	96	0	1970	0	4168	0	710	244	182	202	0	0	8742	0	21268	0	7806	0	3248	0	4626	0	7414	400	1274	130	0	0	0	0	948	0	3532	0	3726	0	208	0	1486	0	0	0	520	0	0	0	0	0	0	0	0	0	0	0	0	0	0	0	0	0	0	0	0	0	0	0	0	0	0	0	
201292	Postcentral_R	466	16116	0	2084	0	0	0	168	0	0	0	1818	0	0	0	0	0	4320	0	3154	0	0	0	0	0	0	0	0	0	1416	0	0	114	1178	124	278	0	870	0	0	0	0	0	3474	0	5176	0	684	0	2550	0	1096	0	836	0	432	0	0	0	7128	0	7504	0	14054	0	1436	104	10784	2028	8014	0	98	0	324	0	0	0	0	0	354	0	1136	0	0	0	220	0	0	0	1108	0	0	0	0	0	0	0	0	0	0	0	0	0	0	0	0	0	0	0	0	0	0	0	0	0	0	
311592	Parietal_Sup_L	1144	0	0	0	0	0	0	0	0	0	0	0	0	0	0	0	538	0	0	74	0	0	0	0	0	0	0	0	806	0	0	0	898	0	404	0	164	0	130	0	0	0	496	0	1692	0	558	0	28336	0	34128	0	4056	0	1068	0	8742	0	0	0	15240	0	602	0	9514	0	33040	80	1388	122	0	0	0	0	0	0	0	0	320	0	334	0	0	0	9194	0	0	0	2728	0	0	0	0	0	0	0	0	0	0	0	0	0	0	0	0	0	0	0	0	0	0	0	0	0	0	0	
276968	Parietal_Sup_R	0	636	0	278	0	0	0	0	0	0	0	0	0	0	0	0	0	1556	0	372	0	0	0	0	0	0	0	0	0	234	0	0	0	318	0	0	0	492	0	102	0	0	0	544	0	15464	0	148	0	20364	0	8716	0	900	0	464	0	7128	0	0	0	22464	0	3326	0	21190	254	17264	100	972	0	0	0	390	0	124	0	0	0	432	0	3238	0	0	0	7910	0	0	0	3104	0	0	0	0	0	0	0	0	0	0	0	0	0	0	0	0	0	0	0	0	0	0	0	0	0	0	
252312	Parietal_Inf_L	4190	0	670	0	0	0	0	0	0	0	520	0	0	0	0	0	1604	0	644	76	0	0	0	0	0	0	0	0	1270	0	0	0	108	0	554	0	140	0	0	0	0	0	0	0	296	0	0	0	4138	0	14324	0	894	0	550	0	21268	0	15240	0	0	0	16706	0	23770	0	4976	0	2406	88	274	0	0	0	0	0	110	0	496	0	2738	0	0	0	6112	0	0	0	1896	0	98	0	0	0	0	0	0	0	0	0	0	0	0	0	0	0	0	0	0	0	0	0	0	0	0	0	
201972	Parietal_Inf_R	0	1254	0	152	0	0	0	0	0	0	0	0	0	0	0	0	0	618	0	186	0	0	0	0	0	0	0	0	0	394	0	0	0	0	0	0	0	448	0	0	0	0	0	258	0	2688	0	0	0	4008	0	3712	0	374	0	108	0	7504	0	22464	0	0	0	9328	0	27110	0	4300	0	160	0	0	0	288	0	0	0	0	0	106	0	3536	0	0	0	8690	0	0	0	3300	0	0	0	0	0	0	0	0	0	0	0	0	0	0	0	0	0	0	0	0	0	0	0	0	0	0	
140940	SupraMarginal_L	924	0	76	0	0	0	0	0	0	0	0	0	0	0	0	0	2970	0	78	0	0	0	0	0	0	0	0	0	1144	0	0	0	0	0	0	0	138	0	0	0	0	0	0	0	0	0	110	0	502	0	1912	0	400	0	568	0	7806	0	602	0	16706	0	0	0	9788	0	630	0	452	0	0	0	0	0	0	0	0	0	2072	0	8646	0	0	0	11934	0	0	0	2908	0	104	0	0	0	0	0	0	0	0	0	0	0	0	0	0	0	0	0	0	0	0	0	0	0	0	0	
115460	SupraMarginal_R	0	2750	0	124	0	0	0	0	0	0	0	0	0	0	0	0	0	2220	0	204	0	0	0	0	0	0	0	0	0	904	0	0	0	0	0	0	0	932	0	0	0	0	0	230	0	918	0	0	0	988	0	828	0	294	0	0	0	14054	0	3326	0	9328	0	0	0	6140	0	1992	0	170	0	0	0	0	0	0	0	0	0	84	0	6164	0	0	0	4180	0	0	0	1900	0	0	0	0	0	0	0	0	0	0	0	0	0	0	0	0	0	0	0	0	0	0	0	0	0	0	
212892	Angular_L	712	0	0	0	0	0	0	0	0	0	188	0	0	0	0	0	1318	0	0	0	0	0	0	0	0	0	0	0	1262	0	0	0	0	0	614	0	0	0	0	0	0	0	0	0	352	0	0	0	4638	0	21310	0	1224	0	678	0	3248	0	9514	0	23770	0	9788	0	0	0	4570	0	1818	74	0	0	0	0	0	0	0	0	630	0	2762	0	0	0	15160	0	0	0	2816	0	0	0	0	0	0	0	0	0	0	0	0	0	0	0	0	0	0	0	0	0	0	0	0	0	0	0	
240704	Angular_R	0	828	0	120	0	0	0	0	0	0	0	0	0	0	0	0	0	838	0	254	0	0	0	0	0	0	0	0	0	552	0	0	0	90	86	0	0	526	0	0	0	0	0	84	0	2974	0	70	0	10684	0	17366	0	696	0	204	0	1436	0	21190	0	27110	0	6140	0	0	0	1762	84	154	0	0	0	292	0	74	0	0	0	124	0	6392	0	0	0	15956	0	0	0	4266	0	0	0	0	0	0	0	0	0	0	0	0	0	0	0	0	0	0	0	0	0	0	0	0	0	0	
468048	Precuneus_L	794	0	0	0	0	0	0	0	0	0	0	0	0	0	0	0	556	82	0	438	0	0	0	0	0	0	0	0	736	0	88	0	6744	2078	8950	1562	3798	0	2990	0	0	0	15630	1378	13770	5858	8906	0	33172	2908	35446	302	8480	0	2740	0	4626	104	33040	254	4976	0	630	0	4570	0	0	9172	1998	1034	0	0	0	0	0	0	148	0	308	0	346	0	0	0	11078	0	0	0	4112	0	92	0	0	0	0	0	130	0	0	0	0	0	0	0	0	0	0	0	0	0	0	0	0	0	0	0	
433404	Precuneus_R	110	1250	0	508	0	0	0	0	0	0	0	0	0	0	0	0	0	2290	0	2396	0	0	0	0	0	0	0	0	0	276	0	0	2012	6930	2350	9840	610	1800	444	1508	0	0	580	16962	1330	37606	496	10072	686	25062	494	8486	442	5194	254	3264	0	10784	80	17264	0	4300	0	1992	0	1762	9172	0	1468	10018	0	96	0	636	0	162	104	718	0	542	0	1018	0	0	0	1224	0	0	0	4050	0	0	0	0	0	0	0	578	0	0	0	0	0	0	0	0	0	0	0	0	7482	0	0	0	0	0	
306548	Paracentral_Lobule_L	32996	726	1952	1538	0	0	172	0	0	0	168	0	0	0	0	0	248	0	6860	18072	0	0	0	0	0	0	0	0	738	80	0	0	4436	14360	5162	2738	1540	2234	232	604	0	0	128	496	178	716	102	152	720	170	1734	126	502	1082	226	1050	7414	2028	1388	100	2406	0	452	0	1818	84	1998	1468	0	10118	2210	82	328	0	1212	0	14194	852	82	78	234	438	0	0	592	684	0	0	386	390	0	0	0	0	0	0	0	0	0	0	0	0	0	0	0	0	0	0	0	0	0	0	0	0	0	0	
234740	Paracentral_Lobule_R	1972	2930	270	326	0	0	102	0	0	0	0	0	0	0	0	0	0	684	882	23706	0	0	0	0	0	0	0	0	158	472	0	0	2670	18690	3776	4014	150	912	0	254	0	0	0	2766	128	3684	0	1422	136	878	118	466	0	1582	0	1042	400	8014	122	972	88	160	0	170	74	154	1034	10018	10118	0	1816	574	0	0	142	0	1634	2788	0	178	0	794	0	0	0	1006	0	0	0	1764	0	0	0	0	0	0	0	0	0	0	0	0	0	0	0	0	0	0	0	0	1160	0	0	0	0	0	
356008	Caudate_L	7846	250	12444	2764	5424	1294	7050	400	1452	0	2644	2046	2350	488	6302	1110	820	258	6158	6024	9612	9682	1188	562	420	202	5678	2542	6978	2838	7142	4538	0	2128	104	114	556	132	0	0	128	0	0	0	0	0	0	0	0	0	0	0	0	0	0	80	1274	0	0	0	274	0	0	0	0	0	0	0	2210	1816	0	18390	16216	3432	2860	270	7232	288	256	0	578	0	1012	148	0	0	0	0	0	0	0	0	0	0	0	0	0	0	0	0	0	0	0	0	0	0	0	0	0	0	0	0	0	0	0	0	
437212	Caudate_R	1216	3456	4166	16298	1988	4126	1892	954	470	94	2850	5572	3840	3246	2490	2204	858	1828	2452	22798	5000	8990	270	6302	0	2184	1900	3998	3084	9904	3656	22170	172	3642	106	286	0	592	0	212	0	258	0	0	0	0	0	0	0	0	0	0	0	0	0	438	130	98	0	0	0	0	0	0	0	0	0	96	82	574	18390	0	5798	19976	884	1344	424	13616	0	0	206	0	226	678	0	0	0	0	0	122	0	0	0	0	0	0	0	0	0	0	0	0	0	0	0	0	0	0	0	0	0	0	0	0	0	0	
249580	Putamen_L	8408	288	10980	626	3714	736	960	0	2428	0	1642	128	392	72	5642	600	826	0	6374	550	4196	5040	2376	250	178	0	1788	1130	16700	396	6596	1292	0	0	0	0	5230	0	500	0	292	0	0	0	0	0	0	350	0	0	0	0	0	0	550	0	0	0	0	0	0	0	0	0	0	0	0	0	328	0	16216	5798	0	1106	4922	92	1466	0	0	0	1612	0	766	0	396	0	70	0	788	0	0	0	0	0	0	0	0	0	0	0	0	0	0	0	0	0	0	0	0	0	0	0	0	0	0	0	
317464	Putamen_R	868	576	438	12836	564	3808	176	3078	144	150	160	2224	386	1636	654	1122	0	5242	1122	8418	1458	2358	168	7002	0	1916	512	2014	414	19292	1806	13264	182	3068	0	88	0	11682	0	4850	0	706	0	86	0	360	0	470	0	358	0	138	0	402	0	7778	0	324	0	390	0	288	0	0	0	292	0	636	0	0	3432	19976	1106	0	0	1442	0	1164	0	290	0	1322	0	290	0	886	0	0	0	2724	0	0	0	0	0	0	0	196	0	0	0	0	0	0	0	0	0	0	0	0	0	0	0	0	0	0	
41676	Pallidum_L	3176	0	568	0	0	0	194	0	0	0	770	0	0	0	0	0	540	0	598	202	270	856	0	0	0	0	0	82	570	0	0	0	0	158	0	0	604	0	0	0	0	0	0	0	0	0	0	0	0	0	0	0	0	0	0	0	0	0	0	0	0	0	0	0	0	0	0	0	1212	142	2860	884	4922	0	0	0	1690	0	0	0	540	0	0	0	0	0	0	0	0	0	0	0	0	0	0	0	0	0	0	0	0	0	0	0	0	0	0	0	0	0	0	0	0	0	0	0	
11884	Pallidum_R	226	0	82	120	0	0	0	0	0	0	0	0	0	0	0	0	0	170	0	234	0	102	0	0	0	0	0	0	0	104	0	0	0	0	0	0	0	452	0	400	0	0	0	0	0	140	0	96	0	148	0	0	0	0	0	160	0	0	0	124	0	0	0	0	0	74	0	162	0	0	270	1344	92	1442	0	0	0	0	0	0	0	0	0	0	0	0	0	0	0	0	0	0	0	0	0	0	0	0	0	0	0	0	0	0	0	0	0	0	0	0	0	0	0	0	0	0	
147860	Thalamus_L	16494	142	280	0	0	0	214	0	0	0	242	90	0	0	0	0	194	80	258	2218	108	0	0	0	0	0	0	0	1394	232	0	0	122	1834	750	2460	4778	2556	1358	1096	112	0	0	0	0	0	584	300	0	0	0	0	0	168	330	212	948	0	0	0	110	0	0	0	0	0	148	104	14194	1634	7232	424	1466	0	1690	0	0	4472	216	116	588	0	0	0	506	276	0	0	956	244	0	0	0	0	0	0	0	0	0	0	0	0	0	0	0	0	0	0	0	0	0	0	0	0	0	0	
177868	Thalamus_R	614	12780	76	7474	0	0	0	236	0	0	0	1566	0	0	0	228	0	1720	0	10942	0	0	0	0	0	0	0	0	0	2634	0	0	0	1202	1340	3088	420	8468	328	3466	0	340	0	184	0	124	200	410	0	0	0	0	0	614	0	1794	0	0	0	0	0	0	0	0	0	0	0	718	852	2788	288	13616	0	1164	0	0	4472	0	0	464	0	464	0	536	0	1702	0	0	0	1262	0	0	0	0	0	0	0	254	0	0	0	0	0	0	0	0	0	0	0	0	106	0	0	0	0	0	
100212	Heschl_L	3942	250	122	210	0	0	74	0	0	0	800	0	122	0	0	0	8156	0	108	0	0	0	0	0	0	0	0	0	8318	0	0	0	0	0	78	0	2394	0	0	0	0	0	0	0	0	0	0	0	262	0	646	0	480	0	602	0	3532	0	320	0	496	0	2072	0	630	0	308	0	82	0	256	0	0	0	0	0	216	0	0	0	5554	0	0	0	6458	0	0	0	3406	0	212	0	0	0	0	0	0	0	0	0	0	0	0	0	0	0	0	0	0	0	0	0	0	0	0	0	
45460	Heschl_R	0	610	0	916	0	0	0	150	0	0	0	1038	0	0	0	0	0	5426	0	874	0	0	0	0	0	0	0	0	0	2888	0	0	0	0	0	0	0	884	0	134	0	0	0	70	0	440	0	0	0	668	0	586	0	100	0	184	0	354	0	432	0	106	0	84	0	124	0	542	78	178	0	0	0	290	0	0	116	464	0	0	0	3950	0	0	0	886	0	0	0	158	0	0	0	0	0	0	0	0	0	0	0	0	0	0	0	0	0	0	0	0	0	0	0	0	0	0	
333924	Temporal_Sup_L	4028	580	7610	672	350	0	6076	0	334	0	14974	84	1646	0	0	0	22722	164	3666	402	0	0	80	0	0	0	0	0	24028	166	128	0	0	0	238	434	2742	270	70	208	0	0	0	0	0	0	0	0	272	0	952	0	96	0	3234	0	3726	0	334	0	2738	0	8646	0	2762	0	346	0	234	0	578	206	1612	0	540	0	588	0	5554	0	0	0	9186	0	23590	0	0	0	9912	0	184	0	0	0	0	0	0	0	0	0	0	0	0	0	0	0	0	0	0	0	0	0	0	0	0	0	
176492	Temporal_Sup_R	0	218	0	348	0	0	0	94	0	0	0	210	0	0	0	1854	0	5406	0	1146	0	0	0	0	0	0	0	0	0	8482	0	0	0	586	430	92	0	2498	0	506	0	0	0	124	0	1306	0	110	0	1526	0	1562	0	256	0	992	0	1136	0	3238	0	3536	0	6164	0	6392	0	1018	438	794	0	0	0	1322	0	0	0	464	0	3950	0	0	0	3372	0	22678	0	86	0	5912	0	0	0	0	0	0	0	0	0	0	0	0	0	0	0	0	0	0	0	0	0	0	0	0	0	0	
178932	Temporal_Pole_Sup_L	1082	0	4648	150	2196	0	3644	0	1372	0	7772	90	2014	0	4428	0	6300	0	1558	150	2124	0	212	0	0	0	414	0	12626	108	218	0	0	0	0	0	492	0	1598	0	884	0	0	0	0	0	0	0	0	0	0	0	0	0	2354	0	208	0	0	0	0	0	0	0	0	0	0	0	0	0	1012	226	766	0	0	0	0	0	0	0	9186	0	0	0	9524	0	6012	0	6098	0	0	0	0	0	0	0	0	0	0	0	0	0	0	0	0	0	0	0	0	0	0	0	0	0	0	0	
104976	Temporal_Pole_Sup_R	0	0	86	412	72	0	0	0	0	0	0	1194	0	0	78	5620	0	1288	0	452	84	1022	0	0	0	0	82	162	0	4352	0	0	0	0	0	0	0	626	0	2464	0	3922	0	0	0	0	0	0	0	0	0	0	0	0	0	4664	0	0	0	0	0	0	0	0	0	0	0	0	0	0	148	678	0	290	0	0	0	536	0	0	0	3372	0	0	0	6672	0	5798	0	8414	0	0	0	0	0	0	0	0	0	0	0	0	0	0	0	0	0	0	0	0	0	0	0	0	0	0	
412068	Temporal_Mid_L	680	138	434	120	320	0	0	0	332	0	310	0	88	0	482	0	3532	0	0	0	0	0	0	0	0	0	0	0	5378	0	0	0	84	0	1074	782	2470	306	290	240	74	0	1936	0	796	0	2338	0	9368	0	25352	0	8286	0	4578	0	1486	0	9194	0	6112	0	11934	0	15160	0	11078	0	592	0	0	0	396	0	0	0	506	0	6458	0	23590	0	9524	0	0	0	4142	0	36074	0	0	0	0	0	0	0	0	0	0	0	0	0	0	0	0	0	0	0	0	0	0	0	0	0	0	0	
275184	Temporal_Mid_R	0	154	0	132	0	0	0	0	0	0	0	0	0	0	0	1218	0	662	0	1148	0	0	0	0	0	0	0	0	0	4236	0	0	0	804	666	588	0	3728	0	414	0	0	0	1658	0	1866	0	258	0	2748	0	12658	0	1946	0	1692	0	220	0	7910	0	8690	0	4180	0	15956	0	1224	684	1006	0	0	0	886	0	0	276	1702	0	886	0	22678	0	6672	0	0	0	3090	0	24868	0	0	0	0	0	0	0	0	0	0	0	0	0	0	0	0	0	0	0	0	88	0	0	0	0	0	
36488	Temporal_Pole_Mid_L	0	0	96	0	272	0	0	0	136	0	0	0	0	0	658	0	0	0	0	0	108	0	0	0	0	0	152	0	404	0	0	0	0	0	0	0	0	0	1256	0	194	0	0	0	0	0	0	0	0	0	0	0	0	0	1054	0	0	0	0	0	0	0	0	0	0	0	0	0	0	0	0	0	70	0	0	0	0	0	0	0	0	0	6012	0	4142	0	0	0	3690	0	0	0	0	0	0	0	0	0	0	0	0	0	0	0	0	0	0	0	0	0	0	0	0	0	0	0	
32308	Temporal_Pole_Mid_R	0	0	0	0	0	0	0	0	0	0	0	0	0	0	0	800	0	0	0	0	0	82	0	0	0	0	0	0	0	412	0	0	0	0	0	0	0	0	0	746	0	676	0	0	0	0	0	0	0	0	0	0	0	0	0	1014	0	0	0	0	0	0	0	0	0	0	0	0	0	0	0	0	0	0	0	0	0	0	0	0	0	86	0	5798	0	3090	0	0	0	3450	0	0	0	0	0	0	0	0	0	0	0	0	0	0	0	0	0	0	0	0	0	0	0	0	0	0	
298096	Temporal_Inf_L	756	338	942	252	758	0	0	0	662	0	104	0	0	0	300	0	1152	0	98	0	130	0	0	0	0	0	0	0	8130	0	0	0	0	0	1162	1182	9388	636	1342	502	1752	0	1148	0	126	0	1828	0	2754	0	5668	0	6058	0	19062	0	520	0	2728	0	1896	0	2908	0	2816	0	4112	0	386	0	0	0	788	0	0	0	956	0	3406	0	9912	0	6098	0	36074	0	3690	0	0	0	4584	0	104	0	0	0	104	0	1736	0	0	0	0	0	0	0	0	0	0	0	0	0	0	0	0	0	
236772	Temporal_Inf_R	254	490	0	192	0	0	0	0	0	0	0	0	0	0	0	1364	0	638	0	1620	0	150	0	0	0	0	0	0	0	3578	0	70	0	534	520	1128	0	7292	0	1280	0	1546	0	864	0	1712	0	1640	0	1926	0	1848	0	4866	0	15274	0	1108	0	3104	0	3300	0	1900	0	4266	0	4050	390	1764	0	122	0	2724	0	0	244	1262	0	158	0	5912	0	8414	0	24868	0	3450	0	0	0	1266	0	0	0	0	0	0	0	128	0	0	0	0	0	0	0	0	0	0	1170	0	0	0	0	0	
430836	Cerebelum_Crus1_L	0	0	0	0	0	0	0	0	0	0	0	0	0	0	0	0	120	0	0	0	0	0	0	0	0	0	0	0	0	0	0	0	0	0	94	0	834	0	758	0	0	0	0	0	0	0	6996	664	98	0	154	0	468	378	24202	692	0	0	0	0	98	0	104	0	0	0	92	0	0	0	0	0	0	0	0	0	0	0	212	0	184	0	0	0	0	0	0	0	4584	0	0	1918	35810	1114	3582	222	23602	352	57948	3690	10104	0	12978	270	3922	580	900	0	0	0	2392	4438	7138	2452	1144	130	
356588	Cerebelum_Crus1_R	0	0	0	0	0	0	0	0	0	0	0	0	0	0	0	0	0	0	0	0	0	0	0	0	0	0	0	0	0	0	0	0	0	0	0	0	0	1264	0	1642	0	406	0	190	0	0	84	2060	0	0	0	0	0	276	0	19130	0	0	0	0	0	0	0	0	0	0	0	0	0	0	0	0	0	0	0	0	0	0	0	0	0	0	0	0	0	0	0	0	0	1266	1918	0	2146	33954	0	3876	346	20474	872	52158	528	4696	334	17124	0	1656	0	0	640	428	3046	2524	4274	594	388	0	
322572	Cerebelum_Crus2_L	0	0	0	0	0	0	0	0	0	0	0	0	0	0	0	0	0	0	0	0	0	0	0	0	0	0	0	0	0	0	0	0	0	0	0	0	0	0	0	0	0	0	0	0	0	0	1882	616	0	0	0	0	198	368	1396	576	0	0	0	0	0	0	0	0	0	0	0	0	0	0	0	0	0	0	0	0	0	0	0	0	0	0	0	0	0	0	0	0	104	0	35810	2146	0	7078	790	88	3656	126	9850	2396	38466	2548	30594	1366	3356	244	1216	0	0	0	970	2020	10254	2628	544	0	
309968	Cerebelum_Crus2_R	0	0	0	0	0	0	0	0	0	0	0	0	0	0	0	0	0	0	0	0	0	0	0	0	0	0	0	0	0	0	0	0	0	0	0	0	0	0	0	88	0	0	0	186	0	0	108	1012	0	0	0	0	0	184	0	1162	0	0	0	0	0	0	0	0	0	0	0	0	0	0	0	0	0	0	0	0	0	0	0	0	0	0	0	0	0	0	0	0	0	0	1114	33954	7078	0	0	578	94	2848	628	7162	5904	26882	4128	36908	428	5100	0	0	204	112	424	1376	8958	5542	2690	132	
55120	Cerebelum_3_L	0	0	0	0	0	0	0	0	0	0	0	0	0	0	0	0	0	0	0	0	0	0	0	0	0	0	0	0	0	0	0	0	0	0	0	0	0	0	226	0	0	0	0	0	0	0	238	0	0	0	0	0	78	0	498	0	0	0	0	0	0	0	0	0	0	0	0	0	0	0	0	0	0	0	0	0	0	0	0	0	0	0	0	0	0	0	0	0	0	0	3582	0	790	0	0	0	9946	104	5536	174	186	0	396	0	1172	196	0	0	944	988	1934	256	220	96	0	0	
49384	Cerebelum_3_R	0	0	0	0	0	0	0	0	0	0	0	0	0	0	0	0	0	0	0	0	0	0	0	0	0	0	0	0	0	0	0	0	0	0	0	0	0	426	0	496	0	170	0	0	0	0	0	196	0	0	0	0	0	0	0	246	0	0	0	0	0	0	0	0	0	0	0	0	0	0	0	0	0	0	0	0	0	0	0	0	0	0	0	0	0	0	0	0	0	0	222	3876	88	578	0	0	194	5656	182	5352	0	0	74	656	80	680	0	0	1706	1124	914	674	286	376	440	0	
243396	Cerebelum_4_5_L	0	0	0	0	0	0	0	0	0	0	0	0	0	0	0	0	0	0	0	0	0	0	0	0	0	0	0	0	0	0	0	0	0	0	0	0	872	0	1680	0	98	0	0	0	0	0	7474	290	0	0	164	0	1266	0	12662	0	0	0	0	0	0	0	0	0	0	0	130	0	0	0	0	0	0	0	0	0	0	0	0	0	0	0	0	0	0	0	0	0	104	0	23602	346	3656	94	9946	194	0	1074	36092	848	416	0	1200	118	3328	670	104	0	488	736	10274	1740	554	414	612	452	
195864	Cerebelum_4_5_R	0	0	0	0	0	0	0	0	0	0	0	0	0	0	0	0	0	0	0	0	0	0	0	0	0	0	0	0	0	74	0	0	0	0	0	464	262	2886	82	3882	0	900	0	0	0	0	268	3174	0	0	0	0	0	70	104	10016	0	0	0	0	0	0	0	0	0	0	0	578	0	0	0	0	0	196	0	0	0	254	0	0	0	0	0	0	0	0	0	0	0	0	352	20474	126	2848	104	5656	1074	0	568	26728	0	240	82	2866	348	1060	0	0	644	636	6218	1998	736	1108	738	118	
368924	Cerebelum_6_L	0	0	0	0	0	0	0	0	0	0	0	0	0	0	0	0	0	0	0	0	0	0	0	0	0	0	0	0	0	0	0	0	0	0	0	0	492	0	1198	0	0	0	0	0	0	0	11874	202	82	0	324	0	2738	0	28762	0	0	0	0	0	0	0	0	0	0	0	0	0	0	0	0	0	0	0	0	0	0	0	0	0	0	0	0	0	0	0	0	0	1736	0	57948	872	9850	628	5536	182	36092	568	0	1508	1562	0	2416	124	3572	368	176	0	168	188	6976	5674	1570	624	452	0	
312404	Cerebelum_6_R	0	0	0	0	0	0	0	0	0	0	0	0	0	0	0	0	0	0	0	0	0	0	0	0	0	0	0	0	0	70	0	0	0	0	0	0	0	1396	0	1736	0	420	0	100	0	0	120	3930	0	0	0	0	0	1062	0	21890	0	0	0	0	0	0	0	0	0	0	0	0	0	0	0	0	0	0	0	0	0	0	0	0	0	0	0	0	0	0	0	0	0	128	3690	52158	2396	7162	174	5352	848	26728	1508	0	300	412	560	3986	192	1060	0	0	824	636	5166	5578	5252	1092	276	0	
253476	Cerebelum_7b_L	0	0	0	0	0	0	0	0	0	0	0	0	0	0	0	0	0	0	0	0	0	0	0	0	0	0	0	0	0	0	0	0	0	0	0	0	0	0	0	0	0	0	0	0	0	0	0	0	0	0	0	0	0	0	0	0	0	0	0	0	0	0	0	0	0	0	0	0	0	0	0	0	0	0	0	0	0	0	0	0	0	0	0	0	0	0	0	0	0	0	10104	528	38466	5904	186	0	416	0	1562	300	0	4198	41910	2792	7026	78	1286	0	0	0	0	122	6572	4914	374	0	
163832	Cerebelum_7b_R	0	0	0	0	0	0	0	0	0	0	0	0	0	0	0	0	0	0	0	0	0	0	0	0	0	0	0	0	0	0	0	0	0	0	0	0	0	0	0	0	0	0	0	0	0	0	0	0	0	0	0	0	0	0	0	0	0	0	0	0	0	0	0	0	0	0	0	0	0	0	0	0	0	0	0	0	0	0	0	0	0	0	0	0	0	0	0	0	0	0	0	4696	2548	26882	0	0	0	240	0	412	4198	0	3348	28066	450	3106	0	0	0	0	78	0	2280	4716	896	0	
274240	Cerebelum_8_L	0	0	0	0	0	0	0	0	0	0	0	0	0	0	0	0	0	0	0	0	0	0	0	0	0	0	0	0	0	0	0	0	0	0	0	0	0	0	0	0	0	0	0	0	0	0	0	0	0	0	0	0	0	0	154	0	0	0	0	0	0	0	0	0	0	0	0	0	0	0	0	0	0	0	0	0	0	0	0	0	0	0	0	0	0	0	0	0	0	0	12978	334	30594	4128	396	74	1200	82	2416	560	41910	3348	0	3850	17234	338	2578	0	0	0	0	302	5852	7332	1344	116	
268932	Cerebelum_8_R	0	0	0	0	0	0	0	0	0	0	0	0	0	0	0	0	0	0	0	0	0	0	0	0	0	0	0	0	0	0	0	0	0	0	0	0	0	0	0	86	0	0	0	0	0	0	0	0	0	0	0	0	0	0	0	698	0	0	0	0	0	0	0	0	0	0	0	0	0	0	0	0	0	0	0	0	0	0	0	0	0	0	0	0	0	0	0	0	0	0	270	17124	1366	36908	0	656	118	2866	124	3986	2792	28066	3850	0	1538	16926	0	214	224	162	526	500	2912	9044	3390	120	
113996	Cerebelum_9_L	0	0	0	0	0	0	0	0	0	0	0	0	0	0	0	0	0	0	0	0	0	0	0	0	0	0	0	0	0	0	0	0	0	0	0	0	0	0	0	0	0	0	0	0	0	0	98	178	0	0	0	0	92	0	322	0	0	0	0	0	0	0	0	0	0	0	0	0	0	0	0	0	0	0	0	0	0	0	0	0	0	0	0	0	0	0	0	0	0	0	3922	0	3356	428	1172	80	3328	348	3572	192	7026	450	17234	1538	0	794	4102	0	0	0	1886	1060	842	2990	1744	244	
99812	Cerebelum_9_R	0	0	0	0	0	0	0	0	0	0	0	0	0	0	0	0	0	0	0	0	0	0	0	0	0	0	0	0	0	0	0	0	0	0	0	0	0	0	0	0	0	0	0	0	0	0	0	0	0	0	0	0	0	0	0	376	0	0	0	0	0	0	0	0	0	0	0	0	0	0	0	0	0	0	0	0	0	0	0	0	0	0	0	0	0	0	0	0	0	0	580	1656	244	5100	196	680	670	1060	368	1060	78	3106	338	16926	794	0	0	790	890	776	1596	1740	1870	4220	4198	594	
21632	Cerebelum_10_L	0	0	0	0	0	0	0	0	0	0	0	0	0	0	0	0	0	0	0	0	0	0	0	0	0	0	0	0	0	0	0	0	0	0	0	0	0	0	0	0	0	0	0	0	0	0	0	0	0	0	0	0	0	0	0	0	0	0	0	0	0	0	0	0	0	0	0	0	0	0	0	0	0	0	0	0	0	0	0	0	0	0	0	0	0	0	0	0	0	0	900	0	1216	0	0	0	104	0	176	0	1286	0	2578	0	4102	0	0	0	0	0	0	0	244	210	0	0	
2008	Cerebelum_10_R	0	0	0	0	0	0	0	0	0	0	0	0	0	0	0	0	0	0	0	0	0	0	0	0	0	0	0	0	0	0	0	0	0	0	0	0	0	0	0	0	0	0	0	0	0	0	0	0	0	0	0	0	0	0	0	0	0	0	0	0	0	0	0	0	0	0	0	0	0	0	0	0	0	0	0	0	0	0	0	0	0	0	0	0	0	0	0	0	0	0	0	0	0	0	0	0	0	0	0	0	0	0	0	214	0	790	0	0	0	0	0	0	0	0	0	0	
24516	Vermis_1_2	0	0	0	0	0	0	0	0	0	0	0	0	0	0	0	0	0	0	0	0	0	0	0	0	0	0	0	0	0	0	0	0	0	0	0	0	0	0	0	0	0	0	0	0	0	0	0	0	0	0	0	0	0	0	0	0	0	0	0	0	0	0	0	0	0	0	0	0	0	0	0	0	0	0	0	0	0	0	0	0	0	0	0	0	0	0	0	0	0	0	0	640	0	204	944	1706	488	644	168	824	0	0	0	224	0	890	0	0	0	3942	1398	108	0	0	78	0	
