data	data	506704	356356	697136	758852	122644	118788	472668	216392	61796	24080	249664	220076	217332	229508	139724	50920	261240	115604	624552	762988	45528	51756	319388	330932	32040	46728	23876	28832	508016	253460	299740	470524	172816	546376	208176	241804	361576	312728	126392	157504	55168	50880	280036	359780	157736	290360	354652	351196	175132	337584	404952	234004	257824	119048	413924	434032	193860	178244	81372	100696	169612	97852	106896	105332	118436	125104	217560	414680	221296	214104	220720	290396	256652	266976	57640	28384	169376	245768	41936	40732	183752	86392	82800	33980	271852	206348	24264	11404	284308	191332	536384	419112	339684	327516	33272	114916	353964	229424	529272	488036	294276	172924	358848	347688	139652	170400	13888	3356	51744	109400	284544	223980	227532	188592	136644	54516	
data	data	Precentral_L	Precentral_R	Frontal_Sup_L	Frontal_Sup_R	Frontal_Sup_Orb_L	Frontal_Sup_Orb_R	Frontal_Mid_L	Frontal_Mid_R	Frontal_Mid_Orb_L	Frontal_Mid_Orb_R	Frontal_Inf_Oper_L	Frontal_Inf_Oper_R	Frontal_Inf_Tri_L	Frontal_Inf_Tri_R	Frontal_Inf_Orb_L	Frontal_Inf_Orb_R	Rolandic_Oper_L	Rolandic_Oper_R	Supp_Motor_Area_L	Supp_Motor_Area_R	Olfactory_L	Olfactory_R	Frontal_Sup_Medial_L	Frontal_Sup_Medial_R	Frontal_Med_Orb_L	Frontal_Med_Orb_R	Rectus_L	Rectus_R	Insula_L	Insula_R	Cingulum_Ant_L	Cingulum_Ant_R	Cingulum_Mid_L	Cingulum_Mid_R	Cingulum_Post_L	Cingulum_Post_R	Hippocampus_L	Hippocampus_R	ParaHippocampal_L	ParaHippocampal_R	Amygdala_L	Amygdala_R	Calcarine_L	Calcarine_R	Cuneus_L	Cuneus_R	Lingual_L	Lingual_R	Occipital_Sup_L	Occipital_Sup_R	Occipital_Mid_L	Occipital_Mid_R	Occipital_Inf_L	Occipital_Inf_R	Fusiform_L	Fusiform_R	Postcentral_L	Postcentral_R	Parietal_Sup_L	Parietal_Sup_R	Parietal_Inf_L	Parietal_Inf_R	SupraMarginal_L	SupraMarginal_R	Angular_L	Angular_R	Precuneus_L	Precuneus_R	Paracentral_Lobule_L	Paracentral_Lobule_R	Caudate_L	Caudate_R	Putamen_L	Putamen_R	Pallidum_L	Pallidum_R	Thalamus_L	Thalamus_R	Heschl_L	Heschl_R	Temporal_Sup_L	Temporal_Sup_R	Temporal_Pole_Sup_L	Temporal_Pole_Sup_R	Temporal_Mid_L	Temporal_Mid_R	Temporal_Pole_Mid_L	Temporal_Pole_Mid_R	Temporal_Inf_L	Temporal_Inf_R	Cerebelum_Crus1_L	Cerebelum_Crus1_R	Cerebelum_Crus2_L	Cerebelum_Crus2_R	Cerebelum_3_L	Cerebelum_3_R	Cerebelum_4_5_L	Cerebelum_4_5_R	Cerebelum_6_L	Cerebelum_6_R	Cerebelum_7b_L	Cerebelum_7b_R	Cerebelum_8_L	Cerebelum_8_R	Cerebelum_9_L	Cerebelum_9_R	Cerebelum_10_L	Cerebelum_10_R	Vermis_1_2	Vermis_3	Vermis_4_5	Vermis_6	Vermis_7	Vermis_8	Vermis_9	Vermis_10	
506704	Precentral_L	0	13250	6600	4156	0	96	21960	308	0	0	11776	2754	746	2486	0	0	19320	0	6020	16358	0	0	382	212	368	0	0	0	14126	418	2128	474	618	10640	5862	3792	5554	1076	1006	0	0	0	476	0	192	0	84	0	0	0	2716	0	1344	0	1422	0	27130	128	0	0	3006	0	2414	0	252	0	1164	384	19888	4872	2974	1708	3878	272	520	184	10978	4086	2186	0	2970	0	936	0	2736	0	0	0	1966	0	0	0	0	0	0	0	0	0	0	0	0	0	0	0	0	0	0	0	0	0	0	0	0	0	0	0	
356356	Precentral_R	13250	0	1778	11032	0	0	1114	7326	0	0	0	11020	0	460	0	0	216	1304	3000	14886	0	0	0	0	0	0	0	0	302	1070	172	0	254	4398	5082	6316	5560	8136	2084	636	0	0	0	494	0	0	108	472	0	456	0	918	0	180	814	1238	1990	15204	0	0	0	78	150	692	0	0	506	2408	6420	6804	2618	5582	1016	1778	842	84	5704	19932	0	94	0	170	0	0	0	646	0	0	0	1384	0	0	0	0	0	0	0	0	0	0	0	0	0	0	0	0	0	0	0	0	0	0	0	0	0	0	
697136	Frontal_Sup_L	6600	1778	0	11356	7150	0	57444	166	2134	0	9272	1332	16294	650	7702	0	7164	144	71954	16856	0	0	40004	2790	1072	0	0	0	17762	546	17302	4926	5026	7146	0	0	2410	152	0	0	0	0	0	0	0	0	0	0	0	0	0	0	0	0	574	0	2046	274	0	0	0	0	0	0	0	0	0	0	474	80	2888	1086	10764	1026	4842	86	4712	626	160	0	928	0	242	0	0	0	0	0	628	0	0	0	0	0	0	0	0	0	0	0	0	0	0	0	0	0	0	0	0	0	0	0	0	0	0	0	
758852	Frontal_Sup_R	4156	11032	11356	0	0	9332	4244	35688	0	626	218	9512	174	16446	0	3318	136	4526	16162	64678	0	86	12364	46616	0	926	0	0	1034	12526	6072	41564	2948	24564	198	0	322	542	0	134	0	0	0	0	0	0	0	0	0	0	0	0	0	0	120	0	0	1764	0	0	0	0	0	0	0	0	0	80	3562	380	3198	10838	852	13938	0	1370	140	962	0	384	76	262	0	0	0	0	0	0	0	0	0	0	0	0	0	0	0	0	0	0	0	0	0	0	0	0	0	0	0	0	0	0	0	0	0	0	
122644	Frontal_Sup_Orb_L	0	0	7150	0	0	0	774	0	11186	0	0	0	3808	0	13072	0	0	0	488	0	338	0	2800	0	2718	0	1004	0	9572	0	2702	0	0	0	0	0	0	0	0	0	0	0	0	0	0	0	0	0	0	0	0	0	0	0	0	0	0	0	0	0	0	0	0	0	0	0	0	0	0	0	460	82	4810	0	0	0	0	0	0	0	0	0	358	0	0	0	0	0	0	0	0	0	0	0	0	0	0	0	0	0	0	0	0	0	0	0	0	0	0	0	0	0	0	0	0	0	
118788	Frontal_Sup_Orb_R	96	0	0	9332	0	0	148	1008	0	3626	0	1148	0	2480	0	1690	0	0	140	1058	0	296	0	9364	0	5168	0	1792	248	3384	242	9440	0	182	0	0	0	0	0	0	0	0	0	0	0	0	0	0	0	0	0	0	0	0	0	0	0	0	0	0	0	0	0	0	0	0	0	0	0	0	1282	3064	0	4206	0	0	0	0	0	0	0	0	0	0	0	0	0	0	0	0	0	0	0	0	0	0	0	0	0	0	0	0	0	0	0	0	0	0	0	0	0	0	0	0	0	0	
472668	Frontal_Mid_L	21960	1114	57444	4244	774	148	0	346	1016	0	14720	1476	25006	722	4646	0	6660	0	10654	1814	0	0	23924	2030	626	0	0	0	20266	652	8632	3192	4054	3554	130	108	1244	118	166	0	0	0	0	0	0	0	0	0	0	0	0	0	0	0	384	0	1206	98	0	0	0	0	0	0	0	0	0	0	0	0	1828	392	1638	112	360	0	3770	448	140	0	2304	0	1668	0	0	0	0	0	546	0	0	0	0	0	0	0	0	0	0	0	0	0	0	0	0	0	0	0	0	0	0	0	0	0	0	0	
216392	Frontal_Mid_R	308	7326	166	35688	0	1008	346	0	0	2644	166	4900	90	19976	0	5770	0	740	626	4614	0	0	630	5166	0	0	0	0	98	3978	1782	6440	0	1582	0	0	0	158	0	0	0	0	0	0	0	0	0	0	0	0	0	0	0	0	0	0	0	396	0	0	0	0	0	0	0	0	0	0	0	0	1128	344	248	1582	0	208	0	88	0	0	0	0	0	0	0	0	0	0	0	0	0	0	0	0	0	0	0	0	0	0	0	0	0	0	0	0	0	0	0	0	0	0	0	0	0	0	
61796	Frontal_Mid_Orb_L	0	0	2134	0	11186	0	1016	0	0	0	0	0	750	0	11478	0	0	0	0	0	0	0	0	0	0	0	0	0	2186	0	0	0	0	0	0	0	0	0	0	0	0	0	0	0	0	0	0	0	0	0	0	0	0	0	0	0	0	0	0	0	0	0	0	0	0	0	0	0	0	0	76	0	2072	0	0	0	0	0	0	0	0	0	0	0	0	0	0	0	0	0	0	0	0	0	0	0	0	0	0	0	0	0	0	0	0	0	0	0	0	0	0	0	0	0	0	0	
24080	Frontal_Mid_Orb_R	0	0	0	626	0	3626	0	2644	0	0	0	0	0	1034	0	4014	0	0	0	0	0	0	0	0	0	0	0	0	0	96	0	0	0	0	0	0	0	0	0	0	0	0	0	0	0	0	0	0	0	0	0	0	0	0	0	0	0	0	0	0	0	0	0	0	0	0	0	0	0	0	0	0	0	0	0	0	0	0	0	0	0	0	0	0	0	0	0	0	0	0	0	0	0	0	0	0	0	0	0	0	0	0	0	0	0	0	0	0	0	0	0	0	0	0	0	0	
249664	Frontal_Inf_Oper_L	11776	0	9272	218	0	0	14720	166	0	0	0	5734	12232	6080	0	0	12546	0	7270	84	0	0	3290	152	134	0	0	0	17684	210	6912	498	562	92	0	0	410	0	0	0	0	0	0	0	0	0	0	0	0	0	0	0	0	0	190	0	2696	0	0	0	0	0	0	0	0	0	0	0	0	0	1184	0	1348	0	0	0	156	0	430	0	4864	0	3764	0	0	0	0	0	158	0	0	0	0	0	0	0	0	0	0	0	0	0	0	0	0	0	0	0	0	0	0	0	0	0	0	0	
220076	Frontal_Inf_Oper_R	2754	11020	1332	9512	0	1148	1476	4900	0	0	5734	0	638	13256	0	0	2842	3268	1948	5972	0	0	0	1258	0	0	0	0	2562	14924	990	2786	0	1452	0	0	126	886	0	102	0	0	0	0	0	0	0	0	0	180	0	398	0	0	0	192	280	3682	0	0	0	0	0	0	0	0	0	602	0	0	5550	2894	754	2374	0	82	160	534	0	0	814	84	572	0	0	0	0	0	0	0	0	0	0	0	0	0	0	0	0	0	0	0	0	0	0	0	0	0	0	0	0	0	0	0	0	0	
217332	Frontal_Inf_Tri_L	746	0	16294	174	3808	0	25006	90	750	0	12232	638	0	714	11928	0	0	0	3338	0	0	0	2958	72	0	0	0	0	22488	0	6236	298	244	158	0	0	0	0	0	0	0	0	0	0	0	0	0	0	0	0	0	0	0	0	0	0	0	0	0	0	0	0	0	0	0	0	0	0	0	0	182	0	84	0	0	0	0	0	0	0	0	0	228	0	0	0	0	0	0	0	0	0	0	0	0	0	0	0	0	0	0	0	0	0	0	0	0	0	0	0	0	0	0	0	0	0	
229508	Frontal_Inf_Tri_R	2486	460	650	16446	0	2480	722	19976	0	1034	6080	13256	714	0	0	5458	2844	74	740	4004	0	0	80	4792	0	0	0	0	1964	10934	1398	8626	0	732	0	0	88	0	0	0	0	0	0	0	0	0	0	0	0	0	0	0	0	0	0	0	312	0	0	0	0	0	0	0	0	0	0	0	0	0	3042	1692	974	1390	0	0	78	0	0	0	748	0	480	0	0	0	0	0	0	0	0	0	0	0	0	0	0	0	0	0	0	0	0	0	0	0	0	0	0	0	0	0	0	0	0	0	
139724	Frontal_Inf_Orb_L	0	0	7702	0	13072	0	4646	0	11478	0	0	0	11928	0	0	0	0	0	0	0	754	0	246	0	0	0	0	0	14318	0	0	0	0	0	0	0	82	0	0	0	126	0	0	0	0	0	0	0	0	0	0	0	0	0	0	0	0	0	0	0	0	0	0	0	0	0	0	0	0	0	140	0	4392	0	0	0	0	0	0	0	0	0	978	0	0	0	0	0	0	0	0	0	0	0	0	0	0	0	0	0	0	0	0	0	0	0	0	0	0	0	0	0	0	0	0	0	
50920	Frontal_Inf_Orb_R	0	0	0	3318	0	1690	0	5770	0	4014	0	0	0	5458	0	0	0	0	0	322	0	0	0	366	0	182	0	0	0	3880	0	0	0	148	0	0	0	0	0	0	0	0	0	0	0	0	0	0	0	0	0	0	0	0	0	0	0	0	0	0	0	0	0	0	0	0	0	0	0	0	0	0	0	312	0	0	0	0	0	0	0	0	0	0	0	0	0	0	0	0	0	0	0	0	0	0	0	0	0	0	0	0	0	0	0	0	0	0	0	0	0	0	0	0	0	0	
261240	Rolandic_Oper_L	19320	216	7164	136	0	0	6660	0	0	0	12546	2842	0	2844	0	0	0	0	6312	670	0	0	88	72	0	0	0	0	23720	206	408	128	0	200	104	0	1556	0	86	0	0	0	100	0	0	0	0	0	0	0	408	0	2294	0	1630	0	10992	0	0	0	542	0	3824	72	0	0	198	84	88	0	1524	84	2582	80	318	0	330	88	3276	0	11346	0	1356	0	2194	0	0	0	1932	0	0	0	0	0	0	0	0	0	0	0	0	0	0	0	0	0	0	0	0	0	0	0	0	0	0	0	
115604	Rolandic_Oper_R	0	1304	144	4526	0	0	0	740	0	0	0	3268	0	74	0	0	0	0	278	3806	0	0	0	0	0	0	0	0	84	10510	0	0	0	272	0	0	0	3730	0	564	0	0	0	0	0	0	0	0	0	114	0	198	0	102	0	620	0	4288	0	0	0	0	0	3160	0	0	130	358	0	0	430	1718	472	7114	0	562	628	760	0	2412	0	4474	0	132	0	300	0	0	0	530	0	0	0	0	0	0	0	0	0	0	0	0	0	0	0	0	0	0	0	0	0	0	0	0	0	0	
624552	Supp_Motor_Area_L	6020	3000	71954	16162	488	140	10654	626	0	0	7270	1948	3338	740	0	0	6312	278	0	51634	0	0	6494	4008	352	0	0	0	10692	1276	11142	9126	6068	28722	230	400	3116	164	0	0	0	0	0	0	0	0	0	0	0	0	0	0	0	0	1160	0	2562	298	0	0	0	0	0	0	0	0	0	0	8176	456	4730	2462	14168	1332	6292	252	2352	2804	242	0	1000	0	208	0	0	0	0	0	1428	0	0	0	0	0	0	0	0	0	0	0	0	0	0	0	0	0	0	0	0	0	0	0	0	0	0	0	
762988	Supp_Motor_Area_R	16358	14886	16856	64678	0	1058	1814	4614	0	0	84	5972	0	4004	0	322	670	3806	51634	0	0	0	572	8392	0	74	0	0	1100	5464	3082	17996	5860	55028	2478	5634	888	1424	0	460	0	0	0	898	0	0	0	612	0	234	0	372	0	424	630	884	520	1904	0	0	0	82	0	576	0	0	160	2320	20892	21636	1980	13080	1622	7386	340	2126	142	3058	146	532	0	502	0	0	0	916	0	0	134	2178	0	0	0	0	0	0	0	0	0	0	0	0	0	0	0	0	0	0	0	0	0	0	0	0	0	0	
45528	Olfactory_L	0	0	0	0	338	0	0	0	0	0	0	0	0	0	754	0	0	0	0	0	0	3606	0	0	96	0	2238	1254	1682	0	1456	1240	0	0	0	0	182	0	376	0	600	0	0	0	0	0	0	0	0	0	0	0	0	0	0	0	0	0	0	0	0	0	0	0	0	0	0	0	0	0	4132	1490	1740	288	0	0	0	0	0	0	0	0	1292	0	0	0	0	0	0	0	0	0	0	0	0	0	0	0	0	0	0	0	0	0	0	0	0	0	0	0	0	0	0	0	0	0	
51756	Olfactory_R	0	0	0	86	0	296	0	0	0	0	0	0	0	0	0	0	0	0	0	0	3606	0	0	86	0	502	2028	1982	0	1536	1232	1878	0	0	0	0	0	0	0	0	0	906	0	0	0	0	0	0	0	0	0	0	0	0	0	0	0	0	0	0	0	0	0	0	0	0	0	0	0	0	5484	3774	1786	584	0	0	0	112	0	0	0	0	0	0	0	0	0	0	0	0	0	0	0	0	0	0	0	0	0	0	0	0	0	0	0	0	0	0	0	0	0	0	0	0	0	0	
319388	Frontal_Sup_Medial_L	382	0	40004	12364	2800	0	23924	630	0	0	3290	0	2958	80	246	0	88	0	6494	572	0	0	0	15530	2568	80	0	0	1758	0	17002	9798	8158	9518	0	0	0	0	0	0	0	0	0	0	0	0	0	0	0	0	0	0	0	0	0	0	0	0	0	0	0	0	0	0	0	0	0	0	0	0	360	0	1090	0	0	0	0	0	0	0	0	0	0	0	0	0	0	0	0	0	0	0	0	0	0	0	0	0	0	0	0	0	0	0	0	0	0	0	0	0	0	0	0	0	0	0	
330932	Frontal_Sup_Medial_R	212	0	2790	46616	0	9364	2030	5166	0	0	152	1258	72	4792	0	366	72	0	4008	8392	0	86	15530	0	182	2710	0	0	562	4928	4020	29428	582	12770	0	0	0	0	0	0	0	0	0	0	0	0	0	0	0	0	0	0	0	0	0	0	0	0	0	0	0	0	0	0	0	0	0	0	0	0	1422	3282	0	4600	0	0	0	0	0	0	74	0	0	0	0	0	0	0	0	0	0	0	0	0	0	0	0	0	0	0	0	0	0	0	0	0	0	0	0	0	0	0	0	0	0	0	
32040	Frontal_Med_Orb_L	368	0	1072	0	2718	0	626	0	0	0	134	0	0	0	0	0	0	0	352	0	96	0	2568	182	0	212	666	0	1356	0	3912	98	0	0	0	0	0	0	0	0	0	0	0	0	0	0	0	0	0	0	0	0	0	0	0	0	0	0	0	0	0	0	0	0	0	0	0	0	0	0	328	0	1332	0	0	0	0	0	0	0	0	0	0	0	0	0	0	0	0	0	0	0	0	0	0	0	0	0	0	0	0	0	0	0	0	0	0	0	0	0	0	0	0	0	0	0	
46728	Frontal_Med_Orb_R	0	0	0	926	0	5168	0	0	0	0	0	0	0	0	0	182	0	0	0	74	0	502	80	2710	212	0	0	2898	0	106	252	3070	0	0	0	0	0	0	0	0	0	0	0	0	0	0	0	0	0	0	0	0	0	0	0	0	0	0	0	0	0	0	0	0	0	0	0	0	0	0	72	2910	0	4202	0	0	0	0	0	0	0	0	0	0	0	0	0	0	0	0	0	0	0	0	0	0	0	0	0	0	0	0	0	0	0	0	0	0	0	0	0	0	0	0	0	0	
23876	Rectus_L	0	0	0	0	1004	0	0	0	0	0	0	0	0	0	0	0	0	0	0	0	2238	2028	0	0	666	0	0	640	0	0	1014	550	0	0	0	0	0	0	0	0	0	0	0	0	0	0	0	0	0	0	0	0	0	0	0	0	0	0	0	0	0	0	0	0	0	0	0	0	0	0	1934	808	788	268	0	0	0	0	0	0	0	0	0	0	0	0	0	0	0	0	0	0	0	0	0	0	0	0	0	0	0	0	0	0	0	0	0	0	0	0	0	0	0	0	0	0	
28832	Rectus_R	0	0	0	0	0	1792	0	0	0	0	0	0	0	0	0	0	0	0	0	0	1254	1982	0	0	0	2898	640	0	0	316	416	1142	0	0	0	0	0	0	0	0	0	0	0	0	0	0	0	0	0	0	0	0	0	0	0	0	0	0	0	0	0	0	0	0	0	0	0	0	0	0	1362	1106	600	908	0	0	0	0	0	0	0	0	0	0	0	0	0	0	0	0	0	0	0	0	0	0	0	0	0	0	0	0	0	0	0	0	0	0	0	0	0	0	0	0	0	0	
508016	Insula_L	14126	302	17762	1034	9572	248	20266	98	2186	0	17684	2562	22488	1964	14318	0	23720	84	10692	1100	1682	0	1758	562	1356	0	0	0	0	552	8880	872	238	394	148	0	12416	0	628	0	2142	0	0	0	0	0	0	0	0	0	112	0	594	0	9058	0	4142	94	0	0	0	0	0	92	0	0	100	126	86	78	2128	520	16002	296	118	158	1638	166	4942	0	7276	0	6740	0	796	0	0	0	6738	0	0	0	0	0	0	0	0	0	174	0	0	0	0	0	0	0	0	0	0	0	0	0	0	0	0	0	
253460	Insula_R	418	1070	546	12526	0	3384	652	3978	0	96	210	14924	0	10934	0	3880	206	10510	1276	5464	0	1536	0	4928	0	106	0	316	552	0	336	6252	0	1364	82	106	100	5836	0	1322	0	1002	0	0	0	0	0	90	0	140	0	270	0	80	0	1472	0	2246	0	0	0	0	0	1046	0	0	80	278	0	0	3896	3060	450	11102	0	318	366	576	0	2350	86	3338	76	82	0	950	0	0	0	466	0	0	0	0	0	0	0	0	0	0	0	0	0	0	0	0	0	0	0	0	0	0	0	0	0	0	
299740	Cingulum_Ant_L	2128	172	17302	6072	2702	242	8632	1782	0	0	6912	990	6236	1398	0	0	408	0	11142	3082	1456	1232	17002	4020	3912	252	1014	416	8880	336	0	14260	7226	3970	702	0	92	0	0	0	0	0	0	0	0	0	0	0	0	0	0	0	0	0	0	0	0	76	0	0	0	78	0	106	0	0	0	0	180	0	4542	1684	7308	908	0	0	260	98	0	0	314	0	274	0	0	0	0	0	72	0	0	0	0	0	0	0	0	0	0	0	0	0	0	0	0	0	0	0	0	0	0	0	0	0	0	0	
470524	Cingulum_Ant_R	474	0	4926	41564	0	9440	3192	6440	0	0	498	2786	298	8626	0	0	128	0	9126	17996	1240	1878	9798	29428	98	3070	550	1142	872	6252	14260	0	3574	24192	90	74	0	0	0	0	0	0	0	0	0	0	0	0	0	0	0	0	0	0	0	0	0	0	0	0	0	0	0	0	0	0	0	0	0	0	5058	17280	1024	9250	0	0	176	284	0	0	94	0	84	0	0	0	0	0	0	0	0	0	0	0	0	0	0	0	0	0	0	0	0	0	0	0	0	0	0	0	0	0	0	0	0	0	
172816	Cingulum_Mid_L	618	254	5026	2948	0	0	4054	0	0	0	562	0	244	0	0	0	0	0	6068	5860	0	0	8158	582	0	0	0	0	238	0	7226	3574	0	10278	5744	1066	0	0	0	0	0	0	104	156	632	1956	0	0	556	1074	1656	264	76	394	0	0	118	178	374	106	890	138	292	0	996	0	4078	3466	4124	178	0	0	0	0	0	0	0	0	0	0	0	0	0	0	486	972	0	0	388	256	0	0	0	0	0	0	0	0	0	0	0	0	0	0	0	0	0	0	0	0	0	0	0	0	0	0	
546376	Cingulum_Mid_R	10640	4398	7146	24564	0	182	3554	1582	0	0	92	1452	158	732	0	148	200	272	28722	55028	0	0	9518	12770	0	0	0	0	394	1364	3970	24192	10278	0	2500	10340	0	0	0	0	0	0	0	2616	0	1312	0	1418	0	496	0	722	0	150	0	0	316	4838	0	128	0	202	0	0	0	184	906	8742	16120	14256	216	2186	228	322	132	376	0	2154	0	0	0	0	0	0	0	458	0	0	0	514	0	0	0	0	0	0	0	0	0	0	0	0	0	0	0	0	0	0	0	0	0	0	0	0	0	0	
208176	Cingulum_Post_L	5862	5082	0	198	0	0	130	0	0	0	0	0	0	0	0	0	104	0	230	2478	0	0	0	0	0	0	0	0	148	82	702	90	5744	2500	0	14712	11940	8288	4788	1786	0	0	1490	0	602	220	1390	80	0	0	358	0	346	0	1094	1434	3960	0	0	0	2128	0	180	0	288	0	5298	1706	5916	1676	108	0	0	0	0	0	2702	7368	126	0	166	0	0	0	326	0	0	0	262	0	0	0	0	0	0	0	0	0	0	0	0	0	0	0	0	0	0	0	0	0	0	0	0	0	0	0	
241804	Cingulum_Post_R	3792	6316	0	0	0	0	108	0	0	0	0	0	0	0	0	0	0	0	400	5634	0	0	0	0	0	0	0	0	0	106	0	74	1066	10340	14712	0	9348	11234	3416	3300	0	0	0	2142	0	690	124	2566	0	772	0	878	0	472	590	4172	126	2500	0	84	0	0	0	138	0	0	894	12538	1496	7680	134	0	0	84	0	0	2908	7776	110	0	0	0	0	0	0	1152	0	0	0	844	0	0	0	0	0	0	0	0	0	0	0	0	0	0	0	0	0	0	0	0	186	0	0	0	0	0	
361576	Hippocampus_L	5554	5560	2410	322	0	0	1244	0	0	0	410	126	0	88	82	0	1556	0	3116	888	182	0	0	0	0	0	0	0	12416	100	92	0	0	0	11940	9348	0	8088	17644	1838	10344	0	2808	0	278	0	4432	340	0	0	466	0	1336	0	24212	1476	1094	0	0	0	84	0	0	0	0	0	3836	878	0	0	442	366	7026	360	920	140	7482	8862	1748	74	1712	0	1276	0	1006	0	202	0	13816	0	186	0	0	0	0	0	0	0	492	0	0	0	0	0	0	0	0	0	0	90	0	0	0	0	0	0	
312728	Hippocampus_R	1076	8136	152	542	0	0	118	158	0	0	0	886	0	0	0	0	0	3730	164	1424	0	0	0	0	0	0	0	0	0	5836	0	0	0	0	8288	11234	8088	0	3286	22374	0	7270	0	1122	0	0	244	4122	0	0	0	0	0	256	574	25362	78	1208	0	0	0	0	0	1752	0	0	228	5412	0	600	848	86	0	10770	0	192	2108	9210	0	896	0	2258	0	412	0	1172	0	0	0	3742	0	0	0	74	0	0	0	398	0	116	0	0	0	88	0	88	0	0	0	0	186	0	0	0	0	0	
126392	ParaHippocampal_L	1006	2084	0	0	0	0	166	0	0	0	0	0	0	0	0	0	86	0	0	0	376	0	0	0	0	0	0	0	628	0	0	0	0	0	4788	3416	17644	3286	0	770	2270	0	1802	0	254	0	2634	424	0	0	242	0	738	0	7192	614	166	0	0	0	0	0	0	0	0	0	2084	470	0	0	134	0	636	186	0	0	2210	2968	0	0	0	0	482	0	0	0	0	0	1076	0	108	0	0	0	370	138	468	0	278	0	0	0	0	0	0	0	0	0	78	924	0	0	0	0	0	0	
157504	ParaHippocampal_R	0	636	0	134	0	0	0	0	0	0	0	102	0	0	0	0	0	564	0	460	0	0	0	0	0	0	0	0	0	1322	0	0	0	0	1786	3300	1838	22374	770	0	0	5520	0	376	0	0	222	3814	0	0	0	0	0	0	152	17274	0	90	0	0	0	0	0	498	0	0	160	3160	0	224	0	0	0	4330	0	108	314	2560	0	294	0	470	0	916	0	300	0	312	0	812	0	164	0	208	0	102	0	1406	0	306	0	0	0	294	0	392	0	0	0	0	120	0	0	272	296	0	
55168	Amygdala_L	0	0	0	0	0	0	0	0	0	0	0	0	0	0	126	0	0	0	0	0	600	0	0	0	0	0	0	0	2142	0	0	0	0	0	0	0	10344	0	2270	0	0	0	0	0	0	0	0	0	0	0	0	0	0	0	6000	0	0	0	0	0	0	0	0	0	0	0	0	0	0	0	0	0	338	0	0	0	0	0	0	0	0	0	1468	0	352	0	142	0	3802	0	0	0	0	0	0	0	0	0	0	0	0	0	0	0	0	0	0	0	0	0	0	0	0	0	0	0	
50880	Amygdala_R	0	0	0	0	0	0	0	0	0	0	0	0	0	0	0	0	0	0	0	0	0	906	0	0	0	0	0	0	0	1002	0	0	0	0	0	0	0	7270	0	5520	0	0	0	0	0	0	0	0	0	0	0	0	0	0	0	6926	0	0	0	0	0	0	0	0	0	0	0	0	0	0	0	0	0	1246	0	0	0	0	0	0	0	0	0	1548	0	0	0	0	0	1022	0	0	0	0	0	0	0	0	0	0	0	0	0	0	0	0	0	0	0	0	0	0	0	0	0	0	
280036	Calcarine_L	476	0	0	0	0	0	0	0	0	0	0	0	0	0	0	0	100	0	0	0	0	0	0	0	0	0	0	0	0	0	0	0	104	0	1490	0	2808	0	1802	0	0	0	0	10200	18074	5238	19056	4250	16018	2656	18806	394	12534	0	4512	206	0	0	664	78	874	0	850	0	412	0	14106	448	280	0	0	0	0	0	0	0	0	0	0	0	126	0	0	0	1102	100	0	0	2068	112	0	0	0	0	0	0	0	0	74	0	0	0	0	0	0	0	0	0	0	0	0	0	0	0	0	0	
359780	Calcarine_R	0	494	0	0	0	0	0	0	0	0	0	0	0	0	0	0	0	0	0	898	0	0	0	0	0	0	0	0	0	0	0	0	156	2616	0	2142	0	1122	0	376	0	0	10200	0	3380	30058	2074	27558	214	27246	0	9308	0	8066	0	7976	0	2830	0	2388	0	0	0	90	0	0	226	24132	0	4714	0	0	0	0	0	0	0	0	0	0	0	0	0	0	0	4280	0	0	0	7346	0	0	0	0	0	0	0	0	0	0	0	0	0	0	0	0	0	0	0	0	0	0	0	0	0	0	
157736	Cuneus_L	192	0	0	0	0	0	0	0	0	0	0	0	0	0	0	0	0	0	0	0	0	0	0	0	0	0	0	0	0	0	0	0	632	0	602	0	278	0	254	0	0	0	18074	3380	0	6286	1472	140	18620	2390	7172	118	2780	0	790	0	0	0	2136	180	692	0	618	0	516	0	7878	1344	306	0	0	0	0	0	0	0	0	0	0	0	0	0	0	0	1042	0	0	0	976	0	0	0	0	0	0	0	0	0	0	0	0	0	0	0	0	0	0	0	0	0	0	0	0	0	0	0	
290360	Cuneus_R	0	0	0	0	0	0	0	0	0	0	0	0	0	0	0	0	0	0	0	0	0	0	0	0	0	0	0	0	0	0	0	0	1956	1312	220	690	0	0	0	0	0	0	5238	30058	6286	0	194	3400	100	39442	0	12078	0	2356	0	462	0	446	0	7386	0	496	0	0	0	874	2856	25116	0	570	0	0	0	0	0	0	0	0	0	0	0	0	0	0	0	2144	0	0	0	1500	0	0	0	0	0	0	0	0	0	0	0	0	0	0	0	0	0	0	0	0	0	0	0	0	0	0	
354652	Lingual_L	84	108	0	0	0	0	0	0	0	0	0	0	0	0	0	0	0	0	0	0	0	0	0	0	0	0	0	0	0	0	0	0	0	0	1390	124	4432	244	2634	222	0	0	19056	2074	1472	194	0	6888	4702	140	15356	0	11542	218	18612	3772	0	0	0	0	0	0	0	0	0	0	3400	188	0	0	0	0	0	0	0	0	164	210	0	0	0	0	0	0	408	0	0	0	466	0	10380	2680	352	0	468	74	15126	2794	19670	6786	406	0	602	0	300	402	0	0	0	106	8158	8120	2006	0	182	614	
351196	Lingual_R	0	472	0	0	0	0	0	0	0	0	0	0	0	0	0	0	0	0	0	612	0	0	0	0	0	0	0	0	0	90	0	0	0	1418	80	2566	340	4122	424	3814	0	0	4250	27558	140	3400	6888	0	0	5360	180	2096	0	6292	1214	24538	0	1890	0	118	0	0	0	0	0	0	0	13862	0	2902	0	0	0	308	0	0	0	306	0	0	0	0	0	0	0	1108	0	0	0	2110	2562	4922	216	0	0	0	2930	8164	7720	12432	0	0	234	0	344	108	0	0	0	0	7098	8810	1280	0	218	102	
175132	Occipital_Sup_L	0	0	0	0	0	0	0	0	0	0	0	0	0	0	0	0	0	0	0	0	0	0	0	0	0	0	0	0	0	0	0	0	556	0	0	0	0	0	0	0	0	0	16018	214	18620	100	4702	0	0	0	26524	0	5794	0	508	0	0	0	5844	0	1016	0	78	0	444	0	4840	0	134	0	0	0	0	0	0	0	0	0	0	0	0	0	0	0	1784	0	0	0	390	0	0	0	0	0	0	0	0	0	0	0	0	0	0	0	0	0	0	0	0	0	0	0	0	0	0	0	
337584	Occipital_Sup_R	0	456	0	0	0	0	0	0	0	0	0	180	0	0	0	0	0	114	0	234	0	0	0	0	0	0	0	0	0	140	0	0	1074	496	0	772	0	0	0	0	0	0	2656	27246	2390	39442	140	5360	0	0	0	30030	0	3704	0	1178	0	1686	0	11584	0	3382	0	192	0	7586	998	21194	0	1246	0	0	0	0	0	0	0	0	0	0	0	110	0	0	0	3328	0	0	0	1874	0	0	0	0	0	0	0	0	0	0	0	0	0	0	0	0	0	0	0	0	0	0	0	0	0	0	
404952	Occipital_Mid_L	2716	0	0	0	0	0	0	0	0	0	0	0	0	0	0	0	408	0	0	0	0	0	0	0	0	0	0	0	112	0	0	0	1656	0	358	0	466	0	242	0	0	0	18806	0	7172	0	15356	180	26524	0	0	0	40396	0	4546	194	358	0	9494	0	11172	0	666	0	14630	0	8828	0	3006	0	0	0	0	0	0	0	0	0	72	0	576	0	0	0	26144	0	0	0	7272	0	100	76	0	0	0	0	0	0	304	268	0	0	0	0	0	0	0	0	0	0	0	278	100	0	0	0	
234004	Occipital_Mid_R	0	918	0	0	0	0	0	0	0	0	0	398	0	0	0	0	0	198	0	372	0	0	0	0	0	0	0	0	0	270	0	0	264	722	0	878	0	0	0	0	0	0	394	9308	118	12078	0	2096	0	30030	0	0	0	8660	0	602	0	2498	0	5686	0	3798	0	334	0	14038	290	9270	0	1952	0	0	0	96	0	0	0	0	0	110	0	104	0	0	0	9792	0	0	0	1728	0	0	0	0	0	0	0	0	0	0	0	0	0	0	0	0	0	0	0	0	0	0	0	0	0	0	
257824	Occipital_Inf_L	1344	0	0	0	0	0	0	0	0	0	0	0	0	0	0	0	2294	0	0	0	0	0	0	0	0	0	0	0	594	0	0	0	76	0	346	0	1336	0	738	0	0	0	12534	0	2780	0	11542	0	5794	0	40396	0	0	0	13512	0	574	0	1400	0	798	0	412	0	576	0	6554	0	904	0	0	0	0	0	0	0	0	0	424	0	1346	0	0	0	10436	0	0	0	11036	0	528	0	0	0	0	0	0	0	564	0	0	0	0	0	0	0	0	0	0	0	0	74	0	0	0	0	
119048	Occipital_Inf_R	0	180	0	0	0	0	0	0	0	0	0	0	0	0	0	0	0	102	0	424	0	0	0	0	0	0	0	0	0	80	0	0	394	150	0	472	0	256	0	0	0	0	0	8066	0	2356	218	6292	0	3704	0	8660	0	0	0	9910	0	296	0	0	0	150	0	328	0	392	434	4106	0	630	0	0	0	0	0	0	0	0	0	0	0	128	0	0	0	5676	0	0	0	4748	0	190	0	0	0	0	0	0	242	536	0	0	0	0	0	0	0	0	0	0	0	404	0	0	0	0	
413924	Fusiform_L	1422	814	574	120	0	0	384	0	0	0	190	0	0	0	0	0	1630	0	1160	630	0	0	0	0	0	0	0	0	9058	0	0	0	0	0	1094	590	24212	574	7192	152	6000	0	4512	0	790	0	18612	1214	508	0	4546	0	13512	0	0	716	614	0	0	0	246	0	0	0	0	0	2748	98	262	0	102	228	2266	118	0	116	1580	1118	1874	0	2932	0	654	0	2056	0	732	0	20400	0	19484	644	884	0	0	0	10560	382	26322	1770	388	0	844	0	540	0	0	0	0	0	2300	3094	1400	0	0	0	
434032	Fusiform_R	0	1238	0	0	0	0	0	0	0	0	0	192	0	0	0	0	0	620	0	884	0	0	0	0	0	0	0	0	0	1472	0	0	0	0	1434	4172	1476	25362	614	17274	0	6926	206	7976	0	462	3772	24538	0	1178	194	602	0	9910	716	0	0	442	0	0	0	0	0	1792	0	0	198	6360	0	862	0	0	0	1048	0	0	190	1896	0	280	0	1676	0	3526	0	2122	0	1150	0	10180	2862	14720	426	430	0	174	1194	9246	6280	21064	0	0	188	486	458	570	0	0	0	0	4582	8466	1992	328	532	78	
193860	Postcentral_L	27130	1990	2046	0	0	0	1206	0	0	0	2696	280	0	312	0	0	10992	0	2562	520	0	0	0	0	0	0	0	0	4142	0	0	0	118	316	3960	126	1094	78	166	0	0	0	0	0	0	0	0	0	0	0	358	0	574	0	614	0	0	0	3054	0	15852	0	4278	0	1440	0	1716	0	1682	138	704	0	2334	0	624	0	448	0	1424	0	1400	0	0	0	170	0	0	0	386	0	0	0	0	0	0	0	0	0	0	0	0	0	0	0	0	0	0	0	0	0	0	0	0	0	0	0	
178244	Postcentral_R	128	15204	274	1764	0	0	98	396	0	0	0	3682	0	0	0	0	0	4288	298	1904	0	0	0	0	0	0	0	0	94	2246	76	0	178	4838	0	2500	0	1208	0	90	0	0	0	2830	0	446	0	1890	0	1686	0	2498	0	296	0	442	0	0	0	1896	0	1774	0	7826	0	286	950	9002	0	11872	1004	200	166	1224	0	0	76	364	0	0	0	180	0	0	0	1500	0	0	0	1448	0	0	0	0	0	0	0	0	0	0	0	0	0	0	0	0	0	0	0	0	0	0	0	0	0	0	
81372	Parietal_Sup_L	0	0	0	0	0	0	0	0	0	0	0	0	0	0	0	0	0	0	0	0	0	0	0	0	0	0	0	0	0	0	0	0	374	0	0	0	0	0	0	0	0	0	664	0	2136	0	0	0	5844	0	9494	0	1400	0	0	0	3054	0	0	0	6864	0	0	0	1668	0	8146	0	300	0	0	0	0	0	0	0	0	0	0	0	0	0	0	0	616	0	0	0	126	0	0	0	0	0	0	0	0	0	0	0	0	0	0	0	0	0	0	0	0	0	0	0	0	0	0	0	
100696	Parietal_Sup_R	0	0	0	0	0	0	0	0	0	0	0	0	0	0	0	0	0	0	0	0	0	0	0	0	0	0	0	0	0	0	0	0	106	128	0	84	0	0	0	0	0	0	78	2388	180	7386	0	118	0	11584	0	5686	0	0	0	0	0	1896	0	0	0	4138	0	0	0	4484	216	10572	0	1114	0	0	0	0	0	0	0	0	0	0	0	0	0	0	0	116	0	0	0	74	0	0	0	0	0	0	0	0	0	0	0	0	0	0	0	0	0	0	0	0	0	0	0	0	0	0	
169612	Parietal_Inf_L	3006	0	0	0	0	0	0	0	0	0	0	0	0	0	0	0	542	0	0	0	0	0	0	0	0	0	0	0	0	0	0	0	890	0	2128	0	84	0	0	0	0	0	874	0	692	0	0	0	1016	0	11172	0	798	0	246	0	15852	0	6864	0	0	0	14200	0	18536	0	2562	0	1392	0	0	0	126	0	120	0	0	0	0	0	486	0	0	0	2514	0	0	0	706	0	0	0	0	0	0	0	0	0	0	0	0	0	0	0	0	0	0	0	0	0	0	0	0	0	0	0	
97852	Parietal_Inf_R	0	78	0	0	0	0	0	0	0	0	0	0	0	0	0	0	0	0	0	82	0	0	0	0	0	0	0	0	0	0	78	0	138	202	0	0	0	0	0	0	0	0	0	0	0	496	0	0	0	3382	0	3798	0	150	0	0	0	1774	0	4138	0	0	0	9390	0	15394	202	2262	0	426	196	0	84	0	0	0	0	0	0	0	0	0	0	0	0	5182	0	0	0	1474	0	0	0	0	0	0	0	0	0	0	0	0	0	0	0	0	0	0	0	0	0	0	0	0	0	0	
106896	SupraMarginal_L	2414	150	0	0	0	0	0	0	0	0	0	0	0	0	0	0	3824	0	0	0	0	0	0	0	0	0	0	0	0	0	0	0	292	0	180	0	0	0	0	0	0	0	850	0	618	0	0	0	78	0	666	0	412	0	0	0	4278	0	0	0	14200	0	0	0	8200	0	1386	0	996	0	0	0	0	0	0	0	0	0	0	0	7690	0	0	0	5852	0	0	0	1362	0	0	0	0	0	0	0	0	0	0	0	0	0	0	0	0	0	0	0	0	0	0	0	0	0	0	0	
105332	SupraMarginal_R	0	692	0	0	0	0	0	0	0	0	0	0	0	0	0	0	72	3160	0	576	0	0	0	0	0	0	0	0	92	1046	106	0	0	0	0	138	0	1752	0	498	0	0	0	90	0	0	0	0	0	192	0	334	0	328	0	1792	0	7826	0	0	0	9390	0	0	0	7216	662	1548	0	538	552	0	124	0	0	0	0	0	0	726	0	4430	0	0	0	5952	0	0	0	2834	0	0	0	0	0	0	0	0	0	0	0	0	0	0	0	0	0	0	0	0	0	0	0	0	0	0	
118436	Angular_L	252	0	0	0	0	0	0	0	0	0	0	0	0	0	0	0	0	0	0	0	0	0	0	0	0	0	0	0	0	0	0	0	996	0	288	0	0	0	0	0	0	0	412	0	516	0	0	0	444	0	14630	0	576	0	0	0	1440	0	1668	0	18536	0	8200	0	0	0	1406	0	900	0	0	0	0	0	0	0	0	0	0	0	1432	0	0	0	6638	0	0	0	884	0	0	0	0	0	0	0	0	0	0	0	0	0	0	0	0	0	0	0	0	0	0	0	0	0	0	0	
125104	Angular_R	0	0	0	0	0	0	0	0	0	0	0	0	0	0	0	0	0	0	0	0	0	0	0	0	0	0	0	0	0	0	0	0	0	184	0	0	0	0	0	0	0	0	0	0	0	874	0	0	0	7586	0	14038	0	392	0	0	0	286	0	4484	0	15394	0	7216	0	0	108	1352	0	202	0	0	0	0	0	0	0	0	0	0	0	852	0	0	0	8434	0	0	0	1150	0	0	0	0	0	0	0	0	0	0	0	0	0	0	0	0	0	0	0	0	0	0	0	0	0	0	
217560	Precuneus_L	1164	506	0	0	0	0	0	0	0	0	0	0	0	0	0	0	198	130	0	160	0	0	0	0	0	0	0	0	100	80	0	0	4078	906	5298	894	3836	228	2084	160	0	0	14106	226	7878	2856	3400	0	4840	998	8828	290	6554	434	2748	198	1716	950	8146	216	2562	202	1386	662	1406	108	0	8526	3060	510	126	0	0	0	0	0	92	0	0	74	252	396	0	0	1832	652	0	0	2292	436	0	0	0	0	0	0	0	0	0	0	0	0	0	0	0	0	0	0	0	0	0	0	0	0	0	0	
414680	Precuneus_R	384	2408	0	80	0	0	0	0	0	0	0	602	0	0	0	0	84	358	0	2320	0	0	0	0	0	0	0	0	126	278	0	0	3466	8742	1706	12538	878	5412	470	3160	0	0	448	24132	1344	25116	188	13862	0	21194	0	9270	0	4106	98	6360	0	9002	0	10572	0	2262	0	1548	0	1352	8526	0	320	10550	326	0	0	196	0	0	166	578	0	218	0	920	0	0	0	5652	0	0	0	5592	0	0	0	0	0	0	0	72	0	0	0	0	0	0	0	0	0	0	0	0	358	0	0	0	0	0	
221296	Paracentral_Lobule_L	19888	6420	474	3562	0	0	0	0	0	0	0	0	0	0	0	0	88	0	8176	20892	0	0	0	0	0	0	0	0	86	0	180	0	4124	16120	5916	1496	0	0	0	0	0	0	280	0	306	0	0	0	134	0	3006	0	904	0	262	0	1682	0	300	0	1392	0	996	0	900	0	3060	320	0	4640	0	234	0	216	0	0	0	96	0	0	232	0	0	0	2888	0	0	0	1378	0	0	0	0	0	0	0	0	0	0	0	0	0	0	0	0	0	0	0	0	0	0	0	0	0	0	0	
214104	Paracentral_Lobule_R	4872	6804	80	380	0	0	0	0	0	0	0	0	0	0	0	0	0	0	456	21636	0	0	0	0	0	0	0	0	78	0	0	0	178	14256	1676	7680	0	600	0	224	0	0	0	4714	0	570	0	2902	0	1246	0	1952	0	630	0	862	138	11872	0	1114	0	426	0	538	0	202	510	10550	4640	0	176	0	0	0	0	0	0	0	0	186	0	366	0	0	0	1842	0	0	0	2696	0	0	0	0	0	0	0	0	0	0	0	0	0	0	0	0	0	0	0	0	0	0	0	0	0	0	
220720	Caudate_L	2974	2618	2888	3198	460	1282	1828	1128	76	0	1184	5550	182	3042	140	0	1524	430	4730	1980	4132	5484	360	1422	328	72	1934	1362	2128	3896	4542	5058	0	216	108	134	442	848	134	0	0	0	0	0	0	0	0	0	0	0	0	0	0	0	102	0	704	1004	0	0	0	196	0	552	0	0	126	326	0	176	0	10788	11390	1664	2804	262	9066	2824	0	0	296	0	266	0	0	0	0	0	0	0	0	0	0	0	0	0	0	0	0	0	0	0	0	0	0	0	0	0	0	0	0	0	0	0	0	0	
290396	Caudate_R	1708	5582	1086	10838	82	3064	392	344	0	0	0	2894	0	1692	0	0	84	1718	2462	13080	1490	3774	0	3282	0	2910	808	1106	520	3060	1684	17280	0	2186	0	0	366	86	0	0	0	0	0	0	0	0	0	0	0	0	0	0	0	0	228	0	0	200	0	0	0	0	0	0	0	0	0	0	234	0	10788	0	3928	21884	92	3500	3486	16840	0	272	0	168	0	0	0	0	0	0	0	0	0	0	0	0	0	0	0	0	0	0	0	0	0	0	0	0	0	0	0	0	0	0	0	0	0	0	
256652	Putamen_L	3878	1016	10764	852	4810	0	1638	248	2072	0	1348	754	84	974	4392	0	2582	472	14168	1622	1740	1786	1090	0	1332	0	788	600	16002	450	7308	1024	0	228	0	0	7026	0	636	0	338	0	0	0	0	0	0	0	0	0	0	0	0	0	2266	0	2334	166	0	0	126	84	0	124	0	0	0	0	0	0	11390	3928	0	1496	8118	286	2892	308	212	0	392	0	942	0	0	0	0	0	1240	0	0	0	0	0	0	0	0	0	0	0	0	0	0	0	0	0	0	0	0	0	0	0	0	0	0	0	
266976	Putamen_R	272	1778	1026	13938	0	4206	112	1582	0	0	0	2374	0	1390	0	312	80	7114	1332	7386	288	584	0	4600	0	4202	268	908	296	11102	908	9250	0	322	0	84	360	10770	186	4330	0	1246	0	0	0	0	0	308	0	0	0	96	0	0	118	1048	0	1224	0	0	0	0	0	0	0	0	0	196	216	0	1664	21884	1496	0	0	2742	364	7674	0	734	0	812	0	224	0	0	0	0	0	82	0	0	0	0	0	0	0	0	0	0	0	0	0	0	0	0	0	0	0	0	0	0	0	0	0	0	
57640	Pallidum_L	520	842	4842	0	0	0	360	0	0	0	0	0	0	0	0	0	318	0	6292	340	0	0	0	0	0	0	0	0	118	0	0	0	0	132	0	0	920	0	0	0	0	0	0	0	0	0	0	0	0	0	0	0	0	0	0	0	624	0	0	0	120	0	0	0	0	0	0	0	0	0	2804	92	8118	0	0	0	2252	126	0	0	0	0	0	0	0	0	0	0	0	0	0	0	0	0	0	0	0	0	0	0	0	0	0	0	0	0	0	0	0	0	0	0	0	0	0	0	
28384	Pallidum_R	184	84	86	1370	0	0	0	208	0	0	0	82	0	0	0	0	0	562	252	2126	0	0	0	0	0	0	0	0	158	318	0	0	0	376	0	0	140	192	0	108	0	0	0	0	0	0	0	0	0	0	0	0	0	0	116	0	0	0	0	0	0	0	0	0	0	0	0	0	0	0	262	3500	286	2742	0	0	92	840	0	108	0	0	0	0	0	0	0	0	0	0	0	0	0	0	0	0	0	0	0	0	0	0	0	0	0	0	0	0	0	0	0	0	0	0	0	0	
169376	Thalamus_L	10978	5704	4712	140	0	0	3770	0	0	0	156	160	0	78	0	0	330	628	2352	142	0	0	0	0	0	0	0	0	1638	366	260	176	0	0	2702	2908	7482	2108	2210	314	0	0	0	0	0	0	164	0	0	0	0	0	0	0	1580	190	448	76	0	0	0	0	0	0	0	0	92	166	0	0	9066	3486	2892	364	2252	92	0	13884	102	140	0	0	0	0	0	0	0	0	380	0	0	0	0	0	0	0	0	0	0	0	0	0	0	0	0	0	0	0	0	0	0	0	0	0	0	0	
245768	Thalamus_R	4086	19932	626	962	0	0	448	88	0	0	0	534	0	0	0	0	88	760	2804	3058	0	112	0	0	0	0	0	0	166	576	98	284	0	2154	7368	7776	8862	9210	2968	2560	0	0	0	0	0	0	210	306	0	0	0	0	0	0	1118	1896	0	364	0	0	0	0	0	0	0	0	0	578	96	0	2824	16840	308	7674	126	840	13884	0	0	132	0	92	0	0	0	76	0	0	0	0	0	0	0	0	0	0	0	0	0	0	0	0	0	0	0	0	0	0	0	0	0	0	0	0	0	0	
41936	Heschl_L	2186	0	160	0	0	0	140	0	0	0	430	0	0	0	0	0	3276	0	242	146	0	0	0	0	0	0	0	0	4942	0	0	0	0	0	126	110	1748	0	0	0	0	0	0	0	0	0	0	0	0	0	72	0	424	0	1874	0	1424	0	0	0	0	0	0	0	0	0	0	0	0	0	0	0	212	0	0	0	102	0	0	0	1558	0	0	0	526	0	0	0	1270	0	0	0	0	0	0	0	0	0	0	0	0	0	0	0	0	0	0	0	0	0	0	0	0	0	0	0	
40732	Heschl_R	0	94	0	384	0	0	0	0	0	0	0	0	0	0	0	0	0	2412	0	532	0	0	0	0	0	0	0	0	0	2350	0	0	0	0	0	0	74	896	0	294	0	0	0	0	0	0	0	0	0	0	0	110	0	0	0	280	0	0	0	0	0	0	0	726	0	0	74	218	0	186	0	272	0	734	0	108	140	132	0	0	0	6692	0	0	0	1826	0	0	0	1832	0	0	0	0	0	0	0	0	0	0	0	0	0	0	0	0	0	0	0	0	0	0	0	0	0	0	
183752	Temporal_Sup_L	2970	0	928	76	0	0	2304	0	0	0	4864	814	0	748	0	0	11346	0	1000	0	0	0	0	74	0	0	0	0	7276	86	314	94	0	0	166	0	1712	0	0	0	0	0	126	0	0	0	0	0	0	0	576	0	1346	0	2932	0	1400	0	0	0	486	0	7690	0	1432	0	252	0	232	0	296	0	392	0	0	0	0	0	1558	0	0	0	5804	0	20432	0	164	0	11986	0	0	0	0	0	0	0	0	0	0	0	0	0	0	0	0	0	0	0	0	0	0	0	0	0	0	0	
86392	Temporal_Sup_R	0	170	0	262	0	0	0	0	0	0	0	84	0	0	0	0	0	4474	0	502	0	0	0	0	0	0	0	0	0	3338	0	0	0	0	0	0	0	2258	0	470	0	0	0	0	0	0	0	0	0	110	0	104	0	128	0	1676	0	180	0	0	0	0	0	4430	0	852	396	920	0	366	0	168	0	812	0	0	0	92	0	6692	0	0	0	1058	0	8030	0	0	0	5624	0	0	0	0	0	0	0	0	0	0	0	0	0	0	0	0	0	0	0	0	0	0	0	0	0	0	
82800	Temporal_Pole_Sup_L	936	0	242	0	358	0	1668	0	0	0	3764	572	228	480	978	0	1356	0	208	0	1292	0	0	0	0	0	0	0	6740	76	274	84	0	0	0	0	1276	0	482	0	1468	0	0	0	0	0	0	0	0	0	0	0	0	0	654	0	0	0	0	0	0	0	0	0	0	0	0	0	0	0	266	0	942	0	0	0	0	0	0	0	5804	0	0	0	5096	0	3124	0	3032	0	0	0	0	0	0	0	0	0	0	0	0	0	0	0	0	0	0	0	0	0	0	0	0	0	0	0	
33980	Temporal_Pole_Sup_R	0	0	0	0	0	0	0	0	0	0	0	0	0	0	0	0	0	132	0	0	0	0	0	0	0	0	0	0	0	82	0	0	0	0	0	0	0	412	0	916	0	1548	0	0	0	0	0	0	0	0	0	0	0	0	0	3526	0	0	0	0	0	0	0	0	0	0	0	0	0	0	0	0	0	224	0	0	0	0	0	0	0	1058	0	0	0	2496	0	2150	0	4446	0	0	0	0	0	0	0	0	0	0	0	0	0	0	0	0	0	0	0	0	0	0	0	0	0	0	
271852	Temporal_Mid_L	2736	0	0	0	0	0	0	0	0	0	0	0	0	0	0	0	2194	0	0	0	0	0	0	0	0	0	0	0	796	0	0	0	486	0	326	0	1006	0	0	0	352	0	1102	0	1042	0	408	0	1784	0	26144	0	10436	0	2056	0	170	0	616	0	2514	0	5852	0	6638	0	1832	0	2888	0	0	0	0	0	0	0	0	0	526	0	20432	0	5096	0	0	0	4088	0	34406	0	0	0	0	0	0	0	0	0	0	0	0	0	0	0	0	0	0	0	0	0	0	0	0	0	0	0	
206348	Temporal_Mid_R	0	646	0	0	0	0	0	0	0	0	0	0	0	0	0	0	0	300	0	916	0	0	0	0	0	0	0	0	0	950	0	0	972	458	0	1152	0	1172	0	300	0	0	100	4280	0	2144	0	1108	0	3328	0	9792	0	5676	0	2122	0	1500	0	116	0	5182	0	5952	0	8434	652	5652	0	1842	0	0	0	0	0	0	0	76	0	1826	0	8030	0	2496	0	0	0	892	0	25108	0	0	0	0	0	0	0	0	0	0	0	0	0	0	0	0	0	0	0	0	0	0	0	0	0	0	
24264	Temporal_Pole_Mid_L	0	0	0	0	0	0	0	0	0	0	0	0	0	0	0	0	0	0	0	0	0	0	0	0	0	0	0	0	0	0	0	0	0	0	0	0	202	0	0	0	142	0	0	0	0	0	0	0	0	0	0	0	0	0	732	0	0	0	0	0	0	0	0	0	0	0	0	0	0	0	0	0	0	0	0	0	0	0	0	0	164	0	3124	0	4088	0	0	0	3680	0	0	0	0	0	0	0	0	0	0	0	0	0	0	0	0	0	0	0	0	0	0	0	0	0	0	0	
11404	Temporal_Pole_Mid_R	0	0	0	0	0	0	0	0	0	0	0	0	0	0	0	0	0	0	0	0	0	0	0	0	0	0	0	0	0	0	0	0	0	0	0	0	0	0	0	312	0	0	0	0	0	0	0	0	0	0	0	0	0	0	0	1150	0	0	0	0	0	0	0	0	0	0	0	0	0	0	0	0	0	0	0	0	0	0	0	0	0	0	0	2150	0	892	0	0	0	1198	0	0	0	0	0	0	0	0	0	0	0	0	0	0	0	0	0	0	0	0	0	0	0	0	0	0	
284308	Temporal_Inf_L	1966	0	628	0	0	0	546	0	0	0	158	0	0	0	0	0	1932	0	1428	134	0	0	0	0	0	0	0	0	6738	0	72	0	388	0	262	0	13816	0	1076	0	3802	0	2068	0	976	0	466	0	390	0	7272	0	11036	0	20400	0	386	0	126	0	706	0	1362	0	884	0	2292	0	1378	0	0	0	1240	0	0	0	380	0	1270	0	11986	0	3032	0	34406	0	3680	0	0	0	1512	0	348	0	0	0	98	0	704	0	400	0	410	0	0	0	0	0	0	0	0	0	0	0	0	0	
191332	Temporal_Inf_R	0	1384	0	0	0	0	0	0	0	0	0	0	0	0	0	0	0	530	0	2178	0	0	0	0	0	0	0	0	0	466	0	0	256	514	0	844	0	3742	0	812	0	1022	112	7346	0	1500	0	2110	0	1874	0	1728	0	4748	0	10180	0	1448	0	74	0	1474	0	2834	0	1150	436	5592	0	2696	0	0	0	82	0	0	0	0	0	1832	0	5624	0	4446	0	25108	0	1198	0	0	0	326	0	0	0	0	0	0	0	0	0	0	0	0	0	0	0	0	0	0	0	0	0	0	0	0	
536384	Cerebelum_Crus1_L	0	0	0	0	0	0	0	0	0	0	0	0	0	0	0	0	0	0	0	0	0	0	0	0	0	0	0	0	0	0	0	0	0	0	0	0	186	0	108	0	0	0	0	0	0	0	10380	2562	0	0	100	0	528	0	19484	2862	0	0	0	0	0	0	0	0	0	0	0	0	0	0	0	0	0	0	0	0	0	0	0	0	0	0	0	0	0	0	0	0	1512	0	0	6668	35038	952	1626	858	27142	2086	61694	13086	17510	304	23132	760	5866	100	460	0	790	2194	10738	8948	8218	812	970	518	
419112	Cerebelum_Crus1_R	0	0	0	0	0	0	0	0	0	0	0	0	0	0	0	0	0	0	0	0	0	0	0	0	0	0	0	0	0	0	0	0	0	0	0	0	0	0	0	164	0	0	0	0	0	0	2680	4922	0	0	76	0	0	190	644	14720	0	0	0	0	0	0	0	0	0	0	0	0	0	0	0	0	0	0	0	0	0	0	0	0	0	0	0	0	0	0	0	0	0	326	6668	0	2882	31912	0	4418	2482	15550	6830	50588	392	8646	590	17654	360	2726	0	0	564	2746	6498	7980	11314	2376	2372	286	
339684	Cerebelum_Crus2_L	0	0	0	0	0	0	0	0	0	0	0	0	0	0	0	0	0	0	0	0	0	0	0	0	0	0	0	0	0	0	0	0	0	0	0	0	0	0	0	0	0	0	0	0	0	0	352	216	0	0	0	0	0	0	884	426	0	0	0	0	0	0	0	0	0	0	0	0	0	0	0	0	0	0	0	0	0	0	0	0	0	0	0	0	0	0	0	0	348	0	35038	2882	0	8622	212	246	2492	132	5840	3546	37962	2652	34278	4422	6642	474	208	0	266	354	1462	1876	11232	5808	730	240	
327516	Cerebelum_Crus2_R	0	0	0	0	0	0	0	0	0	0	0	0	0	0	0	0	0	0	0	0	0	0	0	0	0	0	0	0	0	0	0	0	0	0	0	0	0	74	0	208	0	0	0	0	0	0	0	0	0	0	0	0	0	0	0	430	0	0	0	0	0	0	0	0	0	0	0	0	0	0	0	0	0	0	0	0	0	0	0	0	0	0	0	0	0	0	0	0	0	0	952	31912	8622	0	0	3136	804	2788	822	6118	7036	25150	5184	37022	118	6326	0	110	494	1956	1122	298	10334	9226	3168	348	
33272	Cerebelum_3_L	0	0	0	0	0	0	0	0	0	0	0	0	0	0	0	0	0	0	0	0	0	0	0	0	0	0	0	0	0	0	0	0	0	0	0	0	0	0	370	0	0	0	0	0	0	0	468	0	0	0	0	0	0	0	0	0	0	0	0	0	0	0	0	0	0	0	0	0	0	0	0	0	0	0	0	0	0	0	0	0	0	0	0	0	0	0	0	0	0	0	1626	0	212	0	0	0	5852	0	1350	74	324	0	914	0	1314	0	374	0	1010	2376	294	0	78	0	0	0	
114916	Cerebelum_3_R	0	0	0	0	0	0	0	0	0	0	0	0	0	0	0	0	0	0	0	0	0	0	0	0	0	0	0	0	0	0	0	0	0	0	0	0	0	0	138	102	0	0	0	0	0	0	74	0	0	0	0	0	0	0	0	174	0	0	0	0	0	0	0	0	0	0	0	0	0	0	0	0	0	0	0	0	0	0	0	0	0	0	0	0	0	0	0	0	0	0	858	4418	246	3136	0	0	1010	5676	956	6206	416	572	774	4652	150	4552	0	142	3074	6560	1762	246	1904	4224	4120	1316	
353964	Cerebelum_4_5_L	0	0	0	0	0	0	0	0	0	0	0	0	0	0	0	0	0	0	0	0	0	0	0	0	0	0	0	0	0	0	0	0	0	0	0	0	0	0	468	0	0	0	0	0	0	0	15126	2930	0	0	0	0	0	0	10560	1194	0	0	0	0	0	0	0	0	0	0	0	0	0	0	0	0	0	0	0	0	0	0	0	0	0	0	0	0	0	0	0	0	98	0	27142	2482	2492	804	5852	1010	0	5948	38872	8114	3778	346	6098	964	4782	618	410	0	1234	3820	23222	4004	646	1114	1246	1608	
229424	Cerebelum_4_5_R	0	0	0	0	0	0	0	0	0	0	0	0	0	0	0	0	0	0	0	0	0	0	0	0	0	0	0	0	0	0	0	0	0	0	0	0	0	398	0	1406	0	0	0	0	0	0	2794	8164	0	0	0	0	0	0	382	9246	0	0	0	0	0	0	0	0	0	0	0	72	0	0	0	0	0	0	0	0	0	0	0	0	0	0	0	0	0	0	0	0	0	0	2086	15550	132	2788	0	5676	5948	0	3412	29076	94	404	260	3166	140	1670	0	0	0	1558	15472	1176	458	1522	1390	272	
529272	Cerebelum_6_L	0	0	0	0	0	0	0	0	0	0	0	0	0	0	0	0	0	0	0	0	0	0	0	0	0	0	0	0	174	0	0	0	0	0	0	0	492	0	278	0	0	0	74	0	0	0	19670	7720	0	0	304	0	564	242	26322	6280	0	0	0	0	0	0	0	0	0	0	0	0	0	0	0	0	0	0	0	0	0	0	0	0	0	0	0	0	0	0	0	0	704	0	61694	6830	5840	822	1350	956	38872	3412	0	17488	5758	342	7732	946	3340	160	252	0	1028	2624	16614	17444	5912	868	862	666	
488036	Cerebelum_6_R	0	0	0	0	0	0	0	0	0	0	0	0	0	0	0	0	0	0	0	0	0	0	0	0	0	0	0	0	0	0	0	0	0	0	0	0	0	116	0	306	0	0	0	0	0	0	6786	12432	0	0	268	0	0	536	1770	21064	0	0	0	0	0	0	0	0	0	0	0	0	0	0	0	0	0	0	0	0	0	0	0	0	0	0	0	0	0	0	0	0	0	0	13086	50588	3546	6118	74	6206	8114	29076	17488	0	560	932	1406	6476	946	1980	0	0	572	3040	16686	17580	11614	1852	2212	588	
294276	Cerebelum_7b_L	0	0	0	0	0	0	0	0	0	0	0	0	0	0	0	0	0	0	0	0	0	0	0	0	0	0	0	0	0	0	0	0	0	0	0	0	0	0	0	0	0	0	0	0	0	0	406	0	0	0	0	0	0	0	388	0	0	0	0	0	0	0	0	0	0	0	0	0	0	0	0	0	0	0	0	0	0	0	0	0	0	0	0	0	0	0	0	0	400	0	17510	392	37962	7036	324	416	3778	94	5758	560	0	2752	37924	5756	7758	718	834	0	244	316	960	116	6432	7010	962	332	
172924	Cerebelum_7b_R	0	0	0	0	0	0	0	0	0	0	0	0	0	0	0	0	0	0	0	0	0	0	0	0	0	0	0	0	0	0	0	0	0	0	0	0	0	0	0	0	0	0	0	0	0	0	0	0	0	0	0	0	0	0	0	0	0	0	0	0	0	0	0	0	0	0	0	0	0	0	0	0	0	0	0	0	0	0	0	0	0	0	0	0	0	0	0	0	0	0	304	8646	2652	25150	0	572	346	404	342	932	2752	0	2262	27288	0	6972	0	0	118	286	392	0	2428	3664	848	104	
358848	Cerebelum_8_L	0	0	0	0	0	0	0	0	0	0	0	0	0	0	0	0	0	0	0	0	0	0	0	0	0	0	0	0	0	0	0	0	0	0	0	0	0	0	0	0	0	0	0	0	0	0	602	234	0	0	0	0	0	0	844	188	0	0	0	0	0	0	0	0	0	0	0	0	0	0	0	0	0	0	0	0	0	0	0	0	0	0	0	0	0	0	0	0	410	0	23132	590	34278	5184	914	774	6098	260	7732	1406	37924	2262	0	7608	22184	1992	1524	0	600	752	2184	360	5552	9048	3796	992	
347688	Cerebelum_8_R	0	0	0	0	0	0	0	0	0	0	0	0	0	0	0	0	0	0	0	0	0	0	0	0	0	0	0	0	0	0	0	0	0	0	0	0	0	88	0	294	0	0	0	0	0	0	0	0	0	0	0	0	0	0	0	486	0	0	0	0	0	0	0	0	0	0	0	0	0	0	0	0	0	0	0	0	0	0	0	0	0	0	0	0	0	0	0	0	0	0	760	17654	4422	37022	0	4652	964	3166	946	6476	5756	27288	7608	0	620	22460	0	330	1178	3096	1386	166	6478	11916	7298	1334	
139652	Cerebelum_9_L	0	0	0	0	0	0	0	0	0	0	0	0	0	0	0	0	0	0	0	0	0	0	0	0	0	0	0	0	0	0	0	0	0	0	0	0	0	0	0	0	0	0	0	0	0	0	300	344	0	0	0	0	0	0	540	458	0	0	0	0	0	0	0	0	0	0	0	0	0	0	0	0	0	0	0	0	0	0	0	0	0	0	0	0	0	0	0	0	0	0	5866	360	6642	118	1314	150	4782	140	3340	946	7758	0	22184	620	0	1074	2882	0	0	88	1626	1792	926	1478	2706	1392	
170400	Cerebelum_9_R	0	0	0	0	0	0	0	0	0	0	0	0	0	0	0	0	0	0	0	0	0	0	0	0	0	0	0	0	0	0	0	0	0	0	0	0	0	88	0	392	0	0	0	0	0	0	402	108	0	0	0	0	0	0	0	570	0	0	0	0	0	0	0	0	0	0	0	0	0	0	0	0	0	0	0	0	0	0	0	0	0	0	0	0	0	0	0	0	0	0	100	2726	474	6326	0	4552	618	1670	160	1980	718	6972	1992	22460	1074	0	0	612	1900	2968	1192	1804	2354	7478	10260	3250	
13888	Cerebelum_10_L	0	0	0	0	0	0	0	0	0	0	0	0	0	0	0	0	0	0	0	0	0	0	0	0	0	0	0	0	0	0	0	0	0	0	0	0	0	0	0	0	0	0	0	0	0	0	0	0	0	0	0	0	0	0	0	0	0	0	0	0	0	0	0	0	0	0	0	0	0	0	0	0	0	0	0	0	0	0	0	0	0	0	0	0	0	0	0	0	0	0	460	0	208	0	374	0	410	0	252	0	834	0	1524	0	2882	0	0	0	0	0	0	0	0	0	0	0	
3356	Cerebelum_10_R	0	0	0	0	0	0	0	0	0	0	0	0	0	0	0	0	0	0	0	0	0	0	0	0	0	0	0	0	0	0	0	0	0	0	0	0	0	0	0	0	0	0	0	0	0	0	0	0	0	0	0	0	0	0	0	0	0	0	0	0	0	0	0	0	0	0	0	0	0	0	0	0	0	0	0	0	0	0	0	0	0	0	0	0	0	0	0	0	0	0	0	0	0	110	0	142	0	0	0	0	0	0	0	330	0	612	0	0	96	130	0	0	0	94	164	0	
51744	Vermis_1_2	0	0	0	0	0	0	0	0	0	0	0	0	0	0	0	0	0	0	0	0	0	0	0	0	0	0	0	0	0	0	0	0	0	0	0	0	0	0	78	0	0	0	0	0	0	0	0	0	0	0	0	0	0	0	0	0	0	0	0	0	0	0	0	0	0	0	0	0	0	0	0	0	0	0	0	0	0	0	0	0	0	0	0	0	0	0	0	0	0	0	790	564	266	494	1010	3074	1234	0	1028	572	244	118	600	1178	0	1900	0	96	0	6728	1348	154	700	1436	1486	774	
109400	Vermis_3	0	0	0	0	0	0	0	0	0	0	0	0	0	0	0	0	0	0	0	0	0	0	0	0	0	0	0	0	0	0	0	0	0	0	0	0	90	0	924	0	0	0	0	0	0	0	106	0	0	0	0	0	0	0	0	0	0	0	0	0	0	0	0	0	0	0	0	0	0	0	0	0	0	0	0	0	0	0	0	0	0	0	0	0	0	0	0	0	0	0	2194	2746	354	1956	2376	6560	3820	1558	2624	3040	316	286	752	3096	88	2968	0	130	6728	0	3958	266	1584	2676	2652	852	
284544	Vermis_4_5	0	0	0	0	0	0	0	0	0	0	0	0	0	0	0	0	0	0	0	0	0	0	0	0	0	0	0	0	0	0	0	0	0	0	0	186	0	186	0	120	0	0	0	0	0	0	8158	7098	0	0	0	0	0	0	2300	4582	0	0	0	0	0	0	0	0	0	0	0	358	0	0	0	0	0	0	0	0	0	0	0	0	0	0	0	0	0	0	0	0	0	0	10738	6498	1462	1122	294	1762	23222	15472	16614	16686	960	392	2184	1386	1626	1192	0	0	1348	3958	0	6264	740	1352	1600	2412	
223980	Vermis_6	0	0	0	0	0	0	0	0	0	0	0	0	0	0	0	0	0	0	0	0	0	0	0	0	0	0	0	0	0	0	0	0	0	0	0	0	0	0	0	0	0	0	0	0	0	0	8120	8810	0	0	278	0	74	404	3094	8466	0	0	0	0	0	0	0	0	0	0	0	0	0	0	0	0	0	0	0	0	0	0	0	0	0	0	0	0	0	0	0	0	0	0	8948	7980	1876	298	0	246	4004	1176	17444	17580	116	0	360	166	1792	1804	0	0	154	266	6264	0	6684	932	2018	2636	
227532	Vermis_7	0	0	0	0	0	0	0	0	0	0	0	0	0	0	0	0	0	0	0	0	0	0	0	0	0	0	0	0	0	0	0	0	0	0	0	0	0	0	0	0	0	0	0	0	0	0	2006	1280	0	0	100	0	0	0	1400	1992	0	0	0	0	0	0	0	0	0	0	0	0	0	0	0	0	0	0	0	0	0	0	0	0	0	0	0	0	0	0	0	0	0	0	8218	11314	11232	10334	78	1904	646	458	5912	11614	6432	2428	5552	6478	926	2354	0	0	700	1584	740	6684	0	7264	3330	806	
