data	data	505568	125556	1.14024e+06	805200	142804	135792	923536	418548	88580	52080	232564	103044	297460	171324	190544	129452	230972	98676	545388	737220	88004	127044	464100	548260	42504	172624	45220	91988	609140	321944	472220	683228	225248	494200	130852	141092	220244	258856	69324	172460	28268	65200	179588	283704	198268	300184	142560	284412	170156	374040	621240	235812	124824	96164	325624	384396	291532	127324	170960	97820	267572	102100	163856	98696	234300	141512	350172	431428	122824	142548	309384	410932	420428	376272	70576	47336	163088	188172	83256	58536	277940	131544	113304	64324	356648	186252	64392	48548	270248	137652	376780	396536	238140	180812	21456	49268	173608	192560	364804	402476	173176	100664	251912	229052	142248	155980	29696	16732	17792	41980	187708	206952	174364	101808	89112	18408	
data	data	Precentral_L	Precentral_R	Frontal_Sup_L	Frontal_Sup_R	Frontal_Sup_Orb_L	Frontal_Sup_Orb_R	Frontal_Mid_L	Frontal_Mid_R	Frontal_Mid_Orb_L	Frontal_Mid_Orb_R	Frontal_Inf_Oper_L	Frontal_Inf_Oper_R	Frontal_Inf_Tri_L	Frontal_Inf_Tri_R	Frontal_Inf_Orb_L	Frontal_Inf_Orb_R	Rolandic_Oper_L	Rolandic_Oper_R	Supp_Motor_Area_L	Supp_Motor_Area_R	Olfactory_L	Olfactory_R	Frontal_Sup_Medial_L	Frontal_Sup_Medial_R	Frontal_Med_Orb_L	Frontal_Med_Orb_R	Rectus_L	Rectus_R	Insula_L	Insula_R	Cingulum_Ant_L	Cingulum_Ant_R	Cingulum_Mid_L	Cingulum_Mid_R	Cingulum_Post_L	Cingulum_Post_R	Hippocampus_L	Hippocampus_R	ParaHippocampal_L	ParaHippocampal_R	Amygdala_L	Amygdala_R	Calcarine_L	Calcarine_R	Cuneus_L	Cuneus_R	Lingual_L	Lingual_R	Occipital_Sup_L	Occipital_Sup_R	Occipital_Mid_L	Occipital_Mid_R	Occipital_Inf_L	Occipital_Inf_R	Fusiform_L	Fusiform_R	Postcentral_L	Postcentral_R	Parietal_Sup_L	Parietal_Sup_R	Parietal_Inf_L	Parietal_Inf_R	SupraMarginal_L	SupraMarginal_R	Angular_L	Angular_R	Precuneus_L	Precuneus_R	Paracentral_Lobule_L	Paracentral_Lobule_R	Caudate_L	Caudate_R	Putamen_L	Putamen_R	Pallidum_L	Pallidum_R	Thalamus_L	Thalamus_R	Heschl_L	Heschl_R	Temporal_Sup_L	Temporal_Sup_R	Temporal_Pole_Sup_L	Temporal_Pole_Sup_R	Temporal_Mid_L	Temporal_Mid_R	Temporal_Pole_Mid_L	Temporal_Pole_Mid_R	Temporal_Inf_L	Temporal_Inf_R	Cerebelum_Crus1_L	Cerebelum_Crus1_R	Cerebelum_Crus2_L	Cerebelum_Crus2_R	Cerebelum_3_L	Cerebelum_3_R	Cerebelum_4_5_L	Cerebelum_4_5_R	Cerebelum_6_L	Cerebelum_6_R	Cerebelum_7b_L	Cerebelum_7b_R	Cerebelum_8_L	Cerebelum_8_R	Cerebelum_9_L	Cerebelum_9_R	Cerebelum_10_L	Cerebelum_10_R	Vermis_1_2	Vermis_3	Vermis_4_5	Vermis_6	Vermis_7	Vermis_8	Vermis_9	Vermis_10	
505568	Precentral_L	0	1486	25402	1024	0	0	42062	200	0	0	21524	0	3782	0	0	0	6110	0	12770	3762	0	0	252	118	0	0	0	0	15890	0	608	196	2000	1154	1248	324	5100	342	126	0	0	0	788	0	264	0	0	0	112	0	8978	0	476	0	1458	0	29894	180	3172	0	12314	0	3696	0	4476	0	1376	0	6044	0	2754	618	9578	220	2828	0	8338	724	2372	0	2196	0	0	0	2746	0	0	0	1702	0	0	0	0	0	0	0	0	0	0	0	0	0	0	0	0	0	0	0	0	0	0	0	0	0	0	0	
125556	Precentral_R	1486	0	1924	4148	0	0	754	6392	0	0	0	5120	0	0	0	0	0	1322	732	3766	0	0	0	0	0	0	0	0	0	1164	0	356	142	528	260	2264	0	398	0	0	0	0	0	472	0	780	0	360	0	1304	0	836	0	170	0	0	556	10772	0	136	0	724	0	3890	0	470	602	1746	0	2296	224	942	336	640	0	910	790	932	0	400	0	522	0	0	0	952	0	0	0	260	0	0	0	0	0	0	0	0	0	0	0	0	0	0	0	0	0	0	0	0	0	0	0	0	0	0	
1.14024e+06	Frontal_Sup_L	25402	1924	0	24388	8852	310	108224	4984	3058	134	3982	576	16558	894	8660	272	1422	316	74828	32572	156	218	49366	15774	650	1580	0	252	20130	840	28928	17196	12568	19304	3850	446	3664	368	0	0	0	0	302	0	1746	0	0	0	308	0	4430	0	278	0	604	0	1672	238	1134	0	1536	0	286	0	520	0	816	0	1660	0	14048	4938	16566	1208	2216	510	17112	856	490	0	1174	0	456	0	2078	0	0	0	292	0	0	0	0	0	0	0	0	0	0	0	0	0	0	0	0	0	0	0	0	0	0	0	0	0	0	0	
805200	Frontal_Sup_R	1024	4148	24388	0	132	5266	8002	51902	0	1620	0	3488	122	9256	0	3108	0	3586	19990	61484	732	1142	8406	42546	134	7772	0	1492	328	10304	6758	35812	1476	19056	718	1108	0	1348	0	140	0	178	0	0	0	0	0	0	0	0	162	116	0	0	0	208	0	500	0	0	0	168	0	530	0	0	120	142	0	0	7466	19838	1250	15290	0	1856	1138	16728	0	0	0	0	0	0	0	122	0	0	0	0	0	0	0	0	0	0	0	0	0	0	0	0	0	0	0	0	0	0	0	0	0	0	0	0	0	0	
142804	Frontal_Sup_Orb_L	0	0	8852	132	0	0	2290	0	11364	0	0	0	1008	0	8438	0	0	0	0	0	960	0	6544	1114	3550	460	7020	0	2652	0	5878	962	0	0	0	0	0	0	0	0	0	0	0	0	0	0	0	0	0	0	0	0	0	0	0	0	0	0	0	0	0	0	0	0	0	0	0	0	0	0	1140	0	8264	0	0	0	0	0	0	0	0	0	774	0	0	0	0	0	0	0	0	0	0	0	0	0	0	0	0	0	0	0	0	0	0	0	0	0	0	0	0	0	0	0	0	0	
135792	Frontal_Sup_Orb_R	0	0	310	5266	0	0	0	7382	0	6908	0	130	0	1280	0	2452	0	0	140	156	908	2114	296	6380	0	7390	0	8952	0	1508	1114	5564	0	134	0	0	0	0	0	0	0	0	0	0	0	0	0	0	0	0	0	0	0	0	0	0	0	0	0	0	0	0	0	0	0	0	0	0	0	0	1028	3410	1012	3896	166	0	0	0	0	0	0	0	0	0	0	0	0	0	0	0	0	0	0	0	0	0	0	0	0	0	0	0	0	0	0	0	0	0	0	0	0	0	0	0	0	0	
923536	Frontal_Mid_L	42062	754	108224	8002	2290	0	0	1966	4286	0	22600	402	36282	406	12202	164	6380	258	13790	6888	126	224	18806	4392	0	110	0	0	44176	322	16502	5408	3206	3672	1286	118	6232	116	170	0	0	0	210	0	1308	0	0	0	168	0	5526	0	306	0	1550	0	3660	148	2018	0	4856	0	1530	0	2826	0	500	0	614	0	17302	3382	26646	858	3410	166	3498	192	1632	0	3532	0	832	0	1570	0	0	0	1706	0	0	0	0	0	0	0	0	0	0	0	0	0	0	0	0	0	0	0	0	0	0	0	0	0	0	0	
418548	Frontal_Mid_R	200	6392	4984	51902	0	7382	1966	0	0	4828	0	6476	0	19638	0	9580	0	690	2996	6318	120	728	3716	20262	0	1212	0	1554	124	7748	2404	27822	756	6226	0	138	0	0	0	0	0	0	0	0	0	0	0	0	0	0	0	0	0	0	0	0	0	132	0	0	0	0	0	0	0	0	0	0	0	0	1500	3482	326	4454	0	2676	308	234	0	0	0	0	0	0	0	0	0	0	0	0	0	0	0	0	0	0	0	0	0	0	0	0	0	0	0	0	0	0	0	0	0	0	0	0	0	0	
88580	Frontal_Mid_Orb_L	0	0	3058	0	11364	0	4286	0	0	0	0	0	2094	0	13972	0	0	0	0	0	198	0	138	0	342	0	3056	0	1996	0	238	0	0	0	0	0	0	0	0	0	0	0	0	0	0	0	0	0	0	0	0	0	0	0	0	0	0	0	0	0	0	0	0	0	0	0	0	0	0	0	0	0	2930	0	0	0	0	0	0	0	0	0	618	0	0	0	0	0	0	0	0	0	0	0	0	0	0	0	0	0	0	0	0	0	0	0	0	0	0	0	0	0	0	0	0	0	
52080	Frontal_Mid_Orb_R	0	0	134	1620	0	6908	0	4828	0	0	0	0	0	1810	0	5868	0	0	0	0	0	0	372	936	0	238	0	678	0	1000	340	1194	0	0	0	0	0	0	0	0	0	0	0	0	0	0	0	0	0	0	0	0	0	0	0	0	0	0	0	0	0	0	0	0	0	0	0	0	0	0	0	114	0	0	0	0	0	0	0	0	0	0	0	0	0	0	0	0	0	0	0	0	0	0	0	0	0	0	0	0	0	0	0	0	0	0	0	0	0	0	0	0	0	0	0	0	
232564	Frontal_Inf_Oper_L	21524	0	3982	0	0	0	22600	0	0	0	0	0	16866	0	1032	0	9982	0	356	122	0	0	0	0	0	0	0	0	18308	0	152	0	0	0	0	0	826	0	0	0	0	0	0	0	0	0	0	0	0	0	1186	0	0	0	130	0	3882	0	392	0	2552	0	1110	0	1366	0	114	0	0	0	130	0	1992	0	0	0	126	0	872	0	4748	0	1738	0	194	0	0	0	0	0	0	0	0	0	0	0	0	0	0	0	0	0	0	0	0	0	0	0	0	0	0	0	0	0	0	0	
103044	Frontal_Inf_Oper_R	0	5120	576	3488	0	130	402	6476	0	0	0	0	0	6810	0	254	0	6352	308	1962	0	0	136	346	0	0	0	0	0	8368	376	1262	0	232	0	0	0	330	0	132	0	0	0	0	0	0	0	0	0	0	0	0	0	0	0	0	0	1222	0	0	0	0	0	0	0	0	0	0	0	0	0	282	0	4650	0	1220	0	202	0	148	0	314	0	424	0	0	0	0	0	0	0	0	0	0	0	0	0	0	0	0	0	0	0	0	0	0	0	0	0	0	0	0	0	0	0	0	
297460	Frontal_Inf_Tri_L	3782	0	16558	122	1008	0	36282	0	2094	0	16866	0	0	0	20140	0	4116	0	378	178	0	0	1792	154	0	0	0	0	30762	0	1618	242	1122	308	0	0	402	0	0	0	0	0	0	0	0	0	0	0	0	0	0	0	0	0	140	0	540	0	0	0	136	0	0	0	114	0	0	0	0	0	156	0	4012	0	0	0	0	0	0	0	2926	0	2482	0	0	0	0	0	300	0	0	0	0	0	0	0	0	0	0	0	0	0	0	0	0	0	0	0	0	0	0	0	0	0	0	0	
171324	Frontal_Inf_Tri_R	0	0	894	9256	0	1280	406	19638	0	1810	0	6810	0	0	0	8108	0	270	298	1170	0	184	1432	3784	0	198	0	394	0	16338	1278	7764	0	1140	0	0	0	0	0	0	0	0	0	0	0	0	0	0	0	0	0	0	0	0	0	0	0	0	0	0	0	0	0	0	0	0	0	0	0	0	0	1298	0	1732	0	180	0	0	0	0	0	0	0	0	0	0	0	0	0	0	0	0	0	0	0	0	0	0	0	0	0	0	0	0	0	0	0	0	0	0	0	0	0	0	0	0	
190544	Frontal_Inf_Orb_L	0	0	8660	0	8438	0	12202	0	13972	0	1032	0	20140	0	0	0	492	0	0	0	1168	0	0	0	0	0	992	0	15108	0	122	0	0	0	0	0	828	0	0	0	320	0	0	0	0	0	0	0	0	0	0	0	0	0	310	0	0	0	0	0	0	0	0	0	0	0	0	0	0	0	288	0	5334	0	0	0	0	0	0	0	1332	0	4106	0	0	0	0	0	428	0	0	0	0	0	0	0	0	0	0	0	0	0	0	0	0	0	0	0	0	0	0	0	0	0	0	0	
129452	Frontal_Inf_Orb_R	0	0	272	3108	0	2452	164	9580	0	5868	0	254	0	8108	0	0	0	0	0	414	412	1678	660	3888	0	304	0	1182	0	10816	1024	4462	0	196	0	0	0	458	0	144	0	0	0	0	0	0	0	0	0	0	0	0	0	0	0	142	0	0	0	0	0	0	0	0	0	0	0	0	0	0	282	2486	206	5134	0	814	0	218	0	0	0	0	0	0	0	0	0	0	0	0	0	0	0	0	0	0	0	0	0	0	0	0	0	0	0	0	0	0	0	0	0	0	0	0	0	0	
230972	Rolandic_Oper_L	6110	0	1422	0	0	0	6380	0	0	0	9982	0	4116	0	492	0	0	0	236	0	0	0	0	0	0	0	0	0	21770	0	0	0	0	0	0	0	456	0	0	0	0	0	0	0	0	0	0	0	0	0	5562	0	400	0	502	0	8406	0	2372	0	4518	0	8190	0	4236	0	296	0	188	0	0	0	844	0	0	0	0	0	5638	0	15294	0	1512	0	4506	0	0	0	2058	0	0	0	0	0	0	0	0	0	0	0	0	0	0	0	0	0	0	0	0	0	0	0	0	0	0	0	
98676	Rolandic_Oper_R	0	1322	316	3586	0	0	258	690	0	0	0	6352	0	270	0	0	0	0	208	2044	0	0	0	190	0	0	0	0	0	12594	280	1090	0	170	0	292	0	726	0	174	0	0	0	196	0	120	0	184	0	168	0	122	0	0	0	124	0	2406	0	0	0	958	0	3072	0	0	118	320	0	0	0	272	0	4844	0	250	0	1376	0	1390	0	1988	0	390	0	306	0	0	0	172	0	0	0	0	0	0	0	0	0	0	0	0	0	0	0	0	0	0	0	0	0	0	0	0	0	0	
545388	Supp_Motor_Area_L	12770	732	74828	19990	0	140	13790	2996	0	0	356	308	378	298	0	0	236	208	0	45126	0	0	2578	2778	0	0	0	0	2924	454	5578	7642	13092	25082	2744	320	2212	256	0	0	0	0	194	0	646	0	0	0	152	0	1306	0	0	0	358	0	702	416	194	0	302	0	0	0	156	0	566	0	3580	0	6046	3584	1150	726	324	428	12366	780	122	0	198	0	0	0	582	0	0	0	0	0	0	0	0	0	0	0	0	0	0	0	0	0	0	0	0	0	0	0	0	0	0	0	0	0	0	0	
737220	Supp_Motor_Area_R	3762	3766	32572	61484	0	156	6888	6318	0	0	122	1962	178	1170	0	414	0	2044	45126	0	0	0	2252	9376	0	118	0	0	382	3310	3520	12240	9248	46138	1294	4578	0	692	0	468	0	586	0	2264	0	2428	0	700	0	3264	0	1682	0	152	0	346	0	3094	0	462	0	1242	0	688	0	876	810	9546	1078	17896	4668	23790	278	4940	0	1244	2214	23206	0	366	0	406	0	202	0	386	0	218	0	0	0	0	0	0	0	0	0	0	0	0	0	0	0	0	0	0	0	0	0	0	0	0	0	0	0	0	
88004	Olfactory_L	0	0	156	732	960	908	126	120	198	0	0	0	0	0	1168	412	0	0	0	0	0	4948	0	1494	594	978	488	624	2032	784	3440	2262	0	0	0	0	330	0	132	0	522	0	0	0	0	0	0	0	0	0	0	0	0	0	116	0	0	0	0	0	0	0	0	0	0	0	0	0	0	0	6174	4200	5548	3306	838	138	0	0	0	0	0	0	274	0	0	0	0	0	0	0	0	0	0	0	0	0	0	0	0	0	0	0	0	0	0	0	0	0	0	0	0	0	0	0	0	0	
127044	Olfactory_R	0	0	218	1142	0	2114	224	728	0	0	0	0	0	184	0	1678	0	0	0	0	4948	0	152	2622	0	2856	134	3846	0	2948	3856	4996	0	0	0	0	0	118	0	186	0	178	0	0	0	0	0	0	0	0	0	0	0	0	0	0	0	0	0	0	0	0	0	0	0	0	0	0	0	0	6448	10014	5832	5422	2356	322	0	0	0	0	0	0	0	0	0	0	0	0	0	0	0	0	0	0	0	0	0	0	0	0	0	0	0	0	0	0	0	0	0	0	0	0	0	0	0	0	
464100	Frontal_Sup_Medial_L	252	0	49366	8406	6544	296	18806	3716	138	372	0	136	1792	1432	0	660	0	0	2578	2252	0	152	0	33986	2582	4494	344	544	2214	1246	37284	26152	8186	11482	0	0	0	0	0	0	0	0	0	0	0	0	0	0	0	0	0	0	0	0	0	0	0	0	0	0	0	0	0	0	0	0	0	0	0	0	1126	1010	3818	684	0	0	0	0	0	0	0	0	0	0	0	0	0	0	0	0	0	0	0	0	0	0	0	0	0	0	0	0	0	0	0	0	0	0	0	0	0	0	0	0	0	0	
548260	Frontal_Sup_Medial_R	118	0	15774	42546	1114	6380	4392	20262	0	936	0	346	154	3784	0	3888	0	190	2778	9376	1494	2622	33986	0	914	15546	0	3242	220	5036	15036	44662	2092	15602	0	0	0	0	0	0	0	0	0	0	0	0	0	0	0	0	0	0	0	0	0	0	0	0	0	0	0	0	0	0	0	0	0	0	0	0	2162	7870	2344	9090	174	0	0	0	0	0	0	0	0	0	0	0	0	0	0	0	0	0	0	0	0	0	0	0	0	0	0	0	0	0	0	0	0	0	0	0	0	0	0	0	0	0	
42504	Frontal_Med_Orb_L	0	0	650	134	3550	0	0	0	342	0	0	0	0	0	0	0	0	0	0	0	594	0	2582	914	0	1662	2494	178	0	0	4204	362	0	0	0	0	0	0	0	0	0	0	0	0	0	0	0	0	0	0	0	0	0	0	0	0	0	0	0	0	0	0	0	0	0	0	0	0	0	0	1612	0	1826	0	148	0	0	0	0	0	0	0	0	0	0	0	0	0	0	0	0	0	0	0	0	0	0	0	0	0	0	0	0	0	0	0	0	0	0	0	0	0	0	0	0	0	
172624	Frontal_Med_Orb_R	0	0	1580	7772	460	7390	110	1212	0	238	0	0	0	198	0	304	0	0	0	118	978	2856	4494	15546	1662	0	256	8870	0	428	5022	11378	0	146	0	0	0	0	0	0	0	0	0	0	0	0	0	0	0	0	0	0	0	0	0	0	0	0	0	0	0	0	0	0	0	0	0	0	0	0	1148	6560	1172	6414	0	0	0	0	0	0	0	0	0	0	0	0	0	0	0	0	0	0	0	0	0	0	0	0	0	0	0	0	0	0	0	0	0	0	0	0	0	0	0	0	0	0	
45220	Rectus_L	0	0	0	0	7020	0	0	0	3056	0	0	0	0	0	992	0	0	0	0	0	488	134	344	0	2494	256	0	312	278	0	2410	248	0	0	0	0	0	0	0	0	0	0	0	0	0	0	0	0	0	0	0	0	0	0	0	0	0	0	0	0	0	0	0	0	0	0	0	0	0	0	1872	128	2402	0	176	0	0	0	0	0	0	0	0	0	0	0	0	0	0	0	0	0	0	0	0	0	0	0	0	0	0	0	0	0	0	0	0	0	0	0	0	0	0	0	0	0	
91988	Rectus_R	0	0	252	1492	0	8952	0	1554	0	678	0	0	0	394	0	1182	0	0	0	0	624	3846	544	3242	178	8870	312	0	0	1616	656	5378	0	0	0	0	0	0	0	0	0	0	0	0	0	0	0	0	0	0	0	0	0	0	0	0	0	0	0	0	0	0	0	0	0	0	0	0	0	0	264	3958	152	1850	0	0	0	0	0	0	0	0	0	0	0	0	0	0	0	0	0	0	0	0	0	0	0	0	0	0	0	0	0	0	0	0	0	0	0	0	0	0	0	0	0	0	
609140	Insula_L	15890	0	20130	328	2652	0	44176	124	1996	0	18308	0	30762	0	15108	0	21770	0	2924	382	2032	0	2214	220	0	0	278	0	0	0	1998	342	1008	390	190	158	9004	158	776	0	546	0	548	0	0	0	0	0	0	0	7200	0	800	0	6172	0	7364	0	2666	0	4904	0	5730	0	5242	0	774	0	374	0	1452	142	20800	0	0	0	498	0	8142	0	16942	0	6874	0	5692	0	372	0	8018	0	0	0	0	0	0	0	0	0	0	0	0	0	0	0	0	0	0	0	0	0	0	0	0	0	0	0	
321944	Insula_R	0	1164	840	10304	0	1508	322	7748	0	1000	0	8368	0	16338	0	10816	0	12594	454	3310	784	2948	1246	5036	0	428	0	1616	0	0	1832	9296	126	1140	262	738	0	4354	0	1916	0	282	0	702	0	488	0	574	0	618	0	390	0	488	0	2560	0	572	0	0	0	0	0	1122	0	152	454	1146	0	0	500	3482	284	23370	0	1102	0	1634	0	3092	0	5138	0	1960	0	2454	0	146	0	1774	0	0	0	0	0	0	0	0	0	0	0	0	0	0	0	0	0	0	0	0	0	0	0	0	0	0	
472220	Cingulum_Ant_L	608	0	28928	6758	5878	1114	16502	2404	238	340	152	376	1618	1278	122	1024	0	280	5578	3520	3440	3856	37284	15036	4204	5022	2410	656	1998	1832	0	33178	11678	4368	0	0	0	0	0	0	0	0	0	0	0	0	0	0	0	0	0	0	0	0	0	0	0	0	0	0	0	0	0	0	0	0	0	0	0	0	8990	8888	10540	5534	478	0	0	0	0	0	0	0	0	0	0	0	0	0	0	0	0	0	0	0	0	0	0	0	0	0	0	0	0	0	0	0	0	0	0	0	0	0	0	0	0	0	
683228	Cingulum_Ant_R	196	356	17196	35812	962	5564	5408	27822	0	1194	0	1262	242	7764	0	4462	0	1090	7642	12240	2262	4996	26152	44662	362	11378	248	5378	342	9296	33178	0	5362	23716	0	0	0	0	0	0	0	0	0	0	0	0	0	0	0	0	0	0	0	0	0	0	0	0	0	0	0	0	0	0	0	0	0	0	0	0	4396	22400	4130	13692	272	180	0	0	0	0	0	0	0	0	0	0	0	0	0	0	0	0	0	0	0	0	0	0	0	0	0	0	0	0	0	0	0	0	0	0	0	0	0	0	0	0	
225248	Cingulum_Mid_L	2000	142	12568	1476	0	0	3206	756	0	0	0	0	1122	0	0	0	0	0	13092	9248	0	0	8186	2092	0	0	0	0	1008	126	11678	5362	0	18246	4062	238	0	0	0	0	0	0	0	0	652	0	0	0	580	0	2784	0	0	0	0	0	650	476	400	0	124	0	0	0	0	0	3710	1180	6144	602	160	0	0	166	0	0	0	0	0	0	0	0	0	0	388	0	0	0	0	0	0	0	0	0	0	0	0	0	0	0	0	0	0	0	0	0	0	0	0	0	0	0	0	0	0	0	
494200	Cingulum_Mid_R	1154	528	19304	19056	0	134	3672	6226	0	0	0	232	308	1140	0	196	0	170	25082	46138	0	0	11482	15602	0	146	0	0	390	1140	4368	23716	18246	0	4676	4060	0	0	0	0	0	0	0	1218	0	1488	0	352	0	2688	0	964	0	0	0	0	0	3888	0	0	0	418	0	316	0	124	948	9312	1150	9604	1672	3196	120	494	0	364	316	256	0	512	0	534	0	0	0	0	0	0	0	0	0	0	0	0	0	0	0	0	0	0	0	0	0	0	0	0	0	0	0	0	0	0	0	0	0	0	
130852	Cingulum_Post_L	1248	260	3850	718	0	0	1286	0	0	0	0	0	0	0	0	0	0	0	2744	1294	0	0	0	0	0	0	0	0	190	262	0	0	4062	4676	0	9124	5540	4906	2280	148	0	0	2272	312	1938	0	648	1022	434	0	492	0	0	0	0	0	0	414	0	0	0	0	0	0	0	0	5852	1556	2040	496	576	0	0	392	0	0	1252	3142	0	0	0	0	0	0	0	0	0	0	0	0	0	0	0	0	0	0	0	0	0	0	0	0	0	0	0	0	0	0	0	0	0	0	0	0	0	0	
141092	Cingulum_Post_R	324	2264	446	1108	0	0	118	138	0	0	0	0	0	0	0	0	0	292	320	4578	0	0	0	0	0	0	0	0	158	738	0	0	238	4060	9124	0	3918	7830	2048	160	0	0	0	3650	0	464	0	4376	0	552	0	282	0	0	0	0	0	1118	0	0	0	0	0	150	0	0	1252	9404	0	3218	0	0	0	456	0	0	1500	3792	0	220	0	230	0	0	0	326	0	0	0	576	0	0	0	0	0	0	0	0	0	0	0	0	0	0	0	0	0	0	0	0	1118	0	0	0	0	0	
220244	Hippocampus_L	5100	0	3664	0	0	0	6232	0	0	0	826	0	402	0	828	0	456	0	2212	0	330	0	0	0	0	0	0	0	9004	0	0	0	0	0	5540	3918	0	3616	7560	110	4560	0	2072	306	0	0	1418	1100	0	0	1224	0	448	0	10674	0	952	0	268	0	522	0	0	0	528	0	3460	1148	236	0	412	0	10304	0	422	0	2444	1104	1556	0	3046	0	1112	0	1658	0	444	0	8906	0	0	0	0	0	0	0	0	0	0	0	0	0	0	0	0	0	0	0	0	0	0	0	0	0	0	0	
258856	Hippocampus_R	342	398	368	1348	0	0	116	0	0	0	0	330	0	0	0	458	0	726	256	692	0	118	0	0	0	0	0	0	158	4354	0	0	0	0	4906	7830	3616	0	1916	22734	0	8808	0	3282	0	0	0	6090	0	0	0	114	0	2166	0	23728	0	198	0	0	0	0	0	0	0	0	738	6230	0	0	0	112	0	8572	0	548	972	4206	0	166	0	846	0	910	0	2420	0	320	0	6628	0	0	0	0	0	0	0	502	0	150	0	0	0	0	0	0	0	0	0	0	1056	0	0	0	0	0	
69324	ParaHippocampal_L	126	0	0	0	0	0	170	0	0	0	0	0	0	0	0	0	0	0	0	0	132	0	0	0	0	0	0	0	776	0	0	0	0	0	2280	2048	7560	1916	0	0	1530	0	486	240	0	0	1496	744	0	0	1316	0	1344	0	4494	0	0	0	0	0	0	0	0	0	0	0	1350	658	0	0	0	0	966	0	0	0	0	668	118	0	528	0	932	0	350	0	1124	0	726	0	116	0	0	0	0	0	294	0	174	0	0	0	0	0	0	0	0	0	0	0	0	0	0	0	0	0	
172460	ParaHippocampal_R	0	0	0	140	0	0	0	0	0	0	0	132	0	0	0	144	0	174	0	468	0	186	0	0	0	0	0	0	0	1916	0	0	0	0	148	160	110	22734	0	0	0	7234	0	1682	0	0	0	3406	0	0	0	124	0	1938	0	23158	0	0	0	0	0	0	0	0	0	0	0	1572	0	0	0	432	0	4520	0	574	0	1726	0	0	0	0	0	3640	0	612	0	4350	0	3082	0	236	0	0	0	0	0	1054	0	454	0	0	0	0	0	0	0	0	0	0	124	0	0	0	0	0	
28268	Amygdala_L	0	0	0	0	0	0	0	0	0	0	0	0	0	0	320	0	0	0	0	0	522	0	0	0	0	0	0	0	546	0	0	0	0	0	0	0	4560	0	1530	0	0	0	0	0	0	0	0	0	0	0	0	0	0	0	2800	0	0	0	0	0	0	0	0	0	0	0	0	0	0	0	388	0	636	0	0	0	134	0	0	0	0	0	558	0	128	0	506	0	1506	0	0	0	0	0	0	0	0	0	0	0	0	0	0	0	0	0	0	0	0	0	0	0	0	0	0	0	
65200	Amygdala_R	0	0	0	178	0	0	0	0	0	0	0	0	0	0	0	0	0	0	0	586	0	178	0	0	0	0	0	0	0	282	0	0	0	0	0	0	0	8808	0	7234	0	0	0	0	0	0	0	0	0	0	0	0	0	0	0	8378	0	0	0	0	0	0	0	0	0	0	0	0	0	0	0	546	0	1566	0	228	0	970	0	0	0	0	0	1914	0	0	0	1406	0	326	0	0	0	0	0	0	0	0	0	0	0	0	0	0	0	0	0	0	0	0	0	0	0	0	0	0	
179588	Calcarine_L	788	0	302	0	0	0	210	0	0	0	0	0	0	0	0	0	0	0	194	0	0	0	0	0	0	0	0	0	548	0	0	0	0	0	2272	0	2072	0	486	0	0	0	0	6298	11224	3868	9680	1790	7872	1154	19500	168	3540	0	2338	0	466	0	0	0	0	0	0	0	0	0	11768	802	666	0	0	0	274	0	0	0	0	0	0	0	0	0	0	0	694	0	0	0	506	0	0	0	0	0	0	0	0	0	314	0	0	0	0	0	0	0	0	0	0	0	0	0	0	0	0	0	
283704	Calcarine_R	0	472	0	0	0	0	0	0	0	0	0	0	0	0	0	0	0	196	0	2264	0	0	0	0	0	0	0	0	0	702	0	0	0	1218	312	3650	306	3282	240	1682	0	0	6298	0	3174	19250	1072	26818	152	15604	0	12956	0	3488	0	5986	0	554	0	0	0	244	0	0	0	0	818	19404	0	2242	0	0	0	172	0	0	0	384	0	0	0	374	0	0	0	3652	0	0	0	2530	0	194	0	0	0	0	162	690	0	492	0	0	0	0	0	0	0	0	0	0	818	0	0	0	0	0	
198268	Cuneus_L	264	0	1746	0	0	0	1308	0	0	0	0	0	0	0	0	0	0	0	646	0	0	0	0	0	0	0	0	0	0	0	0	0	652	0	1938	0	0	0	0	0	0	0	11224	3174	0	5238	1094	294	23276	1562	20682	414	1766	0	508	0	852	0	336	0	282	0	0	0	184	0	15018	1564	2390	0	0	0	0	0	0	0	0	0	0	0	0	0	0	0	2374	0	0	0	348	0	0	0	0	0	0	0	0	0	0	0	0	0	0	0	0	0	0	0	0	0	0	0	0	0	0	0	
300184	Cuneus_R	0	780	0	0	0	0	0	0	0	0	0	0	0	0	0	0	0	120	0	2428	0	0	0	0	0	0	0	0	0	488	0	0	0	1488	0	464	0	0	0	0	0	0	3868	19250	5238	0	342	6566	662	41732	0	9536	0	252	0	642	0	294	0	1508	0	200	0	1162	0	746	14438	29190	0	2396	0	0	0	0	0	0	0	0	0	502	0	1850	0	0	0	3160	0	0	0	790	0	0	0	0	0	0	0	0	0	0	0	0	0	0	0	0	0	0	0	0	0	0	0	0	0	0	
142560	Lingual_L	0	0	0	0	0	0	0	0	0	0	0	0	0	0	0	0	0	0	0	0	0	0	0	0	0	0	0	0	0	0	0	0	0	0	648	0	1418	0	1496	0	0	0	9680	1072	1094	342	0	1822	1884	0	13572	0	6946	0	9464	158	0	0	0	0	0	0	0	0	0	0	2622	0	0	0	0	0	0	0	0	0	0	0	0	0	0	0	0	0	154	0	0	0	136	0	2756	412	270	0	0	0	4524	306	7434	672	0	0	0	0	0	0	0	0	0	0	1370	796	232	0	0	0	
284412	Lingual_R	0	360	0	0	0	0	0	0	0	0	0	0	0	0	0	0	0	184	0	700	0	0	0	0	0	0	0	0	0	574	0	0	0	352	1022	4376	1100	6090	744	3406	0	0	1790	26818	294	6566	1822	0	0	6794	0	3712	0	5666	0	14608	0	394	0	0	0	140	0	0	0	0	140	12996	0	684	0	0	0	288	0	0	160	1108	0	0	0	176	0	0	0	920	0	0	0	1924	554	3440	168	0	0	164	1448	6304	1526	7884	0	0	0	0	0	560	0	0	0	254	7146	4870	1394	0	360	226	
170156	Occipital_Sup_L	112	0	308	0	0	0	168	0	0	0	0	0	0	0	0	0	0	0	152	0	0	0	0	0	0	0	0	0	0	0	0	0	580	0	434	0	0	0	0	0	0	0	7872	152	23276	662	1884	0	0	238	27924	0	1200	0	224	0	126	0	2944	0	280	0	0	0	170	0	14936	494	134	0	0	0	0	0	0	0	0	0	0	0	0	0	0	0	808	0	0	0	0	0	0	0	0	0	0	0	0	0	0	0	0	0	0	0	0	0	0	0	0	0	0	0	0	0	0	0	
374040	Occipital_Sup_R	0	1304	0	0	0	0	0	0	0	0	0	0	0	0	0	0	0	168	0	3264	0	0	0	0	0	0	0	0	0	618	0	0	0	2688	0	552	0	0	0	0	0	0	1154	15604	1562	41732	0	6794	238	0	0	22882	0	416	0	958	0	2592	0	11428	0	3268	0	1414	0	8984	12528	33784	0	4672	0	0	0	0	0	0	0	0	0	1128	0	2580	0	0	0	3854	0	0	0	854	0	0	0	0	0	0	0	0	0	0	0	0	0	0	0	0	0	0	0	0	0	0	0	0	0	0	
621240	Occipital_Mid_L	8978	0	4430	162	0	0	5526	0	0	0	1186	0	0	0	0	0	5562	0	1306	0	0	0	0	0	0	0	0	0	7200	0	0	0	2784	0	492	0	1224	0	1316	0	0	0	19500	0	20682	0	13572	0	27924	0	0	0	18348	0	11306	0	11582	0	15836	0	17216	0	4272	0	24610	0	20036	204	10466	0	234	0	832	0	0	0	312	0	2694	0	5950	0	0	0	35452	0	0	0	8010	0	0	0	0	0	0	0	0	0	1416	0	0	0	0	0	0	0	0	0	0	0	0	0	0	0	0	0	
235812	Occipital_Mid_R	0	836	0	116	0	0	0	0	0	0	0	0	0	0	0	0	0	122	0	1682	0	0	0	0	0	0	0	0	0	390	0	0	0	964	0	282	0	114	0	124	0	0	168	12956	414	9536	0	3712	0	22882	0	0	0	3696	0	1374	0	382	0	5782	0	8490	0	308	0	20136	596	8024	0	1786	0	0	0	0	0	0	0	0	0	376	0	734	0	0	0	11426	0	0	0	498	0	0	0	0	0	0	0	0	0	0	0	0	0	0	0	0	0	0	0	0	0	0	0	0	0	0	
124824	Occipital_Inf_L	476	0	278	0	0	0	306	0	0	0	0	0	0	0	0	0	400	0	0	0	0	0	0	0	0	0	0	0	800	0	0	0	0	0	0	0	448	0	1344	0	0	0	3540	0	1766	0	6946	0	1200	0	18348	0	0	0	10660	0	238	0	156	0	152	0	270	0	232	0	2658	0	236	0	0	0	148	0	0	0	0	0	554	0	448	0	0	0	2346	0	0	0	3760	0	1062	0	0	0	0	0	520	0	3000	0	0	0	0	0	0	0	0	0	0	0	0	120	0	0	0	0	
96164	Occipital_Inf_R	0	170	0	0	0	0	0	0	0	0	0	0	0	0	0	0	0	0	0	152	0	0	0	0	0	0	0	0	0	488	0	0	0	0	0	0	0	2166	0	1938	0	0	0	3488	0	252	0	5666	0	416	0	3696	0	0	0	11528	0	0	0	0	0	0	0	0	0	0	0	1140	0	126	0	0	0	796	0	0	0	0	0	0	0	0	0	0	0	1554	0	0	0	3624	0	1090	0	0	0	0	136	2746	0	3670	0	0	0	0	0	0	0	0	0	0	2078	852	310	0	0	0	
325624	Fusiform_L	1458	0	604	0	0	0	1550	0	0	0	130	0	140	0	310	0	502	0	358	0	116	0	0	0	0	0	0	0	6172	0	0	0	0	0	0	0	10674	0	4494	0	2800	0	2338	0	508	0	9464	0	224	0	11306	0	10660	0	0	0	538	0	374	0	256	0	256	0	634	0	1986	0	450	0	132	0	2460	0	0	0	144	0	1524	0	4668	0	5018	0	6326	0	5246	0	20748	0	12250	320	342	0	398	0	10778	0	21784	310	272	0	332	0	0	0	0	0	0	0	704	458	296	0	0	0	
384396	Fusiform_R	0	0	0	208	0	0	0	0	0	0	0	0	0	0	0	142	0	124	0	346	0	0	0	0	0	0	0	0	0	2560	0	0	0	0	0	0	0	23728	0	23158	0	8378	0	5986	0	642	158	14608	0	958	0	1374	0	11528	0	0	0	0	0	0	0	0	0	0	0	0	0	1492	0	0	0	244	0	5824	0	338	0	632	0	0	0	1058	0	6534	0	4118	0	6040	0	11776	276	10068	0	0	0	3554	360	16336	452	20188	0	0	0	0	0	260	0	0	0	642	4688	2586	834	0	0	0	
291532	Postcentral_L	29894	556	1672	0	0	0	3660	0	0	0	3882	0	540	0	0	0	8406	0	702	0	0	0	0	0	0	0	0	0	7364	0	0	0	650	0	0	0	952	0	0	0	0	0	466	0	852	0	0	0	126	0	11582	0	238	0	538	0	0	0	10648	0	23084	0	9842	0	10130	0	2942	0	6418	0	296	114	982	0	0	0	510	0	2004	0	4022	0	0	0	1952	0	0	0	742	0	0	0	0	0	0	0	0	0	0	0	0	0	0	0	0	0	0	0	0	0	0	0	0	0	0	0	
127324	Postcentral_R	180	10772	238	500	0	0	148	132	0	0	0	1222	0	0	0	0	0	2406	416	3094	0	0	0	0	0	0	0	0	0	572	0	0	476	3888	414	1118	0	198	0	0	0	0	0	554	0	294	0	394	0	2592	0	382	0	0	0	0	0	0	0	3572	0	3592	0	13196	0	462	212	3868	212	5664	130	0	0	0	0	130	336	544	0	598	0	702	0	0	0	280	0	0	0	174	0	0	0	0	0	0	0	0	0	0	0	0	0	0	0	0	0	0	0	0	0	0	0	0	0	0	
170960	Parietal_Sup_L	3172	0	1134	0	0	0	2018	0	0	0	392	0	0	0	0	0	2372	0	194	0	0	0	0	0	0	0	0	0	2666	0	0	0	400	0	0	0	268	0	0	0	0	0	0	0	336	0	0	0	2944	0	15836	0	156	0	374	0	10648	0	0	0	13924	0	708	0	9210	0	10760	0	2092	0	0	0	278	0	0	0	110	0	494	0	1286	0	0	0	2912	0	0	0	796	0	0	0	0	0	0	0	0	0	0	0	0	0	0	0	0	0	0	0	0	0	0	0	0	0	0	0	
97820	Parietal_Sup_R	0	136	0	0	0	0	0	0	0	0	0	0	0	0	0	0	0	0	0	462	0	0	0	0	0	0	0	0	0	0	0	0	0	0	0	0	0	0	0	0	0	0	0	0	0	1508	0	0	0	11428	0	5782	0	0	0	0	0	3572	0	0	0	5448	0	310	0	9626	1186	8614	0	838	0	0	0	0	0	0	0	0	0	0	0	0	0	0	0	0	0	0	0	0	0	0	0	0	0	0	0	0	0	0	0	0	0	0	0	0	0	0	0	0	0	0	0	0	0	0	
267572	Parietal_Inf_L	12314	0	1536	0	0	0	4856	0	0	0	2552	0	136	0	0	0	4518	0	302	0	0	0	0	0	0	0	0	0	4904	0	0	0	124	0	0	0	522	0	0	0	0	0	0	0	282	0	0	0	280	0	17216	0	152	0	256	0	23084	0	13924	0	0	0	15914	0	22038	0	766	0	2034	0	146	0	584	0	0	0	156	0	520	0	2290	0	0	0	1836	0	0	0	544	0	0	0	0	0	0	0	0	0	0	0	0	0	0	0	0	0	0	0	0	0	0	0	0	0	0	0	
102100	Parietal_Inf_R	0	724	0	168	0	0	0	0	0	0	0	0	0	0	0	0	0	958	0	1242	0	0	0	0	0	0	0	0	0	0	0	0	0	418	0	0	0	0	0	0	0	0	0	244	0	200	0	140	0	3268	0	8490	0	0	0	0	0	3592	0	5448	0	0	0	9018	0	13620	0	782	0	1106	0	0	0	0	0	0	0	212	0	270	0	482	0	0	0	668	0	0	0	0	0	0	0	0	0	0	0	0	0	0	0	0	0	0	0	0	0	0	0	0	0	0	0	0	0	0	
163856	SupraMarginal_L	3696	0	286	0	0	0	1530	0	0	0	1110	0	0	0	0	0	8190	0	0	0	0	0	0	0	0	0	0	0	5730	0	0	0	0	0	0	0	0	0	0	0	0	0	0	0	0	0	0	0	0	0	4272	0	270	0	256	0	9842	0	708	0	15914	0	0	0	7988	0	174	0	294	0	0	0	0	0	0	0	0	0	1286	0	12930	0	0	0	5624	0	0	0	1828	0	0	0	0	0	0	0	0	0	0	0	0	0	0	0	0	0	0	0	0	0	0	0	0	0	0	0	
98696	SupraMarginal_R	0	3890	0	530	0	0	0	0	0	0	0	0	0	0	0	0	0	3072	0	688	0	0	0	0	0	0	0	0	0	1122	0	0	0	316	0	150	0	0	0	0	0	0	0	0	0	1162	0	0	0	1414	0	308	0	0	0	0	0	13196	0	310	0	9018	0	0	0	5040	1146	1362	0	382	0	0	0	0	0	0	138	284	0	1450	0	3834	0	0	0	536	0	0	0	0	0	0	0	0	0	0	0	0	0	0	0	0	0	0	0	0	0	0	0	0	0	0	0	0	0	0	
234300	Angular_L	4476	0	520	0	0	0	2826	0	0	0	1366	0	114	0	0	0	4236	0	156	0	0	0	0	0	0	0	0	0	5242	0	0	0	0	0	0	0	528	0	0	0	0	0	0	0	184	0	0	0	170	0	24610	0	232	0	634	0	10130	0	9210	0	22038	0	7988	0	0	0	680	0	1908	0	152	130	492	0	0	0	132	0	510	0	6062	0	0	0	10510	0	0	0	1914	0	0	0	0	0	0	0	0	0	0	0	0	0	0	0	0	0	0	0	0	0	0	0	0	0	0	0	
141512	Angular_R	0	470	0	0	0	0	0	0	0	0	0	0	0	0	0	0	0	0	0	876	0	0	0	0	0	0	0	0	0	152	0	0	0	124	0	0	0	0	0	0	0	0	0	0	0	746	0	0	0	8984	0	20136	0	0	0	0	0	462	0	9626	0	13620	0	5040	0	0	662	1298	0	1074	0	0	0	0	0	0	0	0	0	520	0	2406	0	0	0	4560	0	0	0	0	0	0	0	0	0	0	0	0	0	0	0	0	0	0	0	0	0	0	0	0	0	0	0	0	0	0	
350172	Precuneus_L	1376	602	816	120	0	0	500	0	0	0	114	0	0	0	0	0	296	118	566	810	0	0	0	0	0	0	0	0	774	454	0	0	3710	948	5852	1252	3460	738	1350	0	0	0	11768	818	15018	14438	2622	140	14936	12528	20036	596	2658	0	1986	0	2942	212	10760	1186	766	0	174	1146	680	662	0	18916	5994	772	0	0	340	0	0	0	0	0	146	378	304	1710	0	0	1876	2836	0	0	1100	786	0	0	0	0	0	0	0	0	0	0	0	0	0	0	0	0	0	0	0	0	0	0	0	0	0	0	
431428	Precuneus_R	0	1746	0	142	0	0	0	0	0	0	0	0	0	0	0	0	0	320	0	9546	0	0	0	0	0	0	0	0	0	1146	0	0	1180	9312	1556	9404	1148	6230	658	1572	0	0	802	19404	1564	29190	0	12996	494	33784	204	8024	0	1140	0	1492	0	3868	0	8614	0	782	0	1362	0	1298	18916	0	112	12110	0	0	0	140	0	0	142	678	0	1790	0	3448	0	0	0	4972	0	0	0	2984	0	0	0	0	0	0	0	112	0	0	0	0	0	0	0	0	0	0	0	0	1332	0	0	0	0	0	
122824	Paracentral_Lobule_L	6044	0	1660	0	0	0	614	0	0	0	0	0	0	0	0	0	188	0	3580	1078	0	0	0	0	0	0	0	0	374	0	0	0	6144	1150	2040	0	236	0	0	0	0	0	666	0	2390	0	0	0	134	0	10466	0	236	0	450	0	6418	212	2092	0	2034	0	294	0	1908	0	5994	112	0	402	0	0	148	0	0	0	0	0	0	0	358	0	0	0	3188	0	0	0	802	0	0	0	0	0	0	0	0	0	0	0	0	0	0	0	0	0	0	0	0	0	0	0	0	0	0	0	
142548	Paracentral_Lobule_R	0	2296	0	0	0	0	0	0	0	0	0	0	0	0	0	0	0	0	0	17896	0	0	0	0	0	0	0	0	0	0	0	0	602	9604	496	3218	0	0	0	0	0	0	0	2242	0	2396	0	684	0	4672	0	1786	0	126	0	0	0	5664	0	838	0	1106	0	382	0	1074	772	12110	402	0	0	0	0	0	0	0	0	0	0	1230	0	1304	0	0	0	374	0	0	0	0	0	0	0	0	0	0	0	0	0	0	0	0	0	0	0	0	0	0	0	0	0	0	0	0	0	0	
309384	Caudate_L	2754	224	14048	7466	1140	1028	17302	1500	0	0	130	0	156	0	288	282	0	0	6046	4668	6174	6448	1126	2162	1612	1148	1872	264	1452	500	8990	4396	160	1672	576	0	412	0	0	0	388	0	0	0	0	0	0	0	0	0	234	0	0	0	132	0	296	130	0	0	146	0	0	0	152	0	0	0	0	0	0	13386	19814	6598	4992	870	10248	1310	0	0	0	0	0	0	0	0	0	0	0	0	0	0	0	0	0	0	0	0	0	0	0	0	0	0	0	0	0	0	0	0	0	0	0	0	0	0	
410932	Caudate_R	618	942	4938	19838	0	3410	3382	3482	0	114	0	282	0	1298	0	2486	0	272	3584	23790	4200	10014	1010	7870	0	6560	128	3958	142	3482	8888	22400	0	3196	0	0	0	112	0	432	0	546	0	0	0	0	0	0	0	0	0	0	0	0	0	244	114	0	0	0	0	0	0	0	130	0	0	0	0	0	13386	0	7746	22146	2810	3342	788	13018	0	0	0	0	0	166	0	0	0	202	0	0	0	0	0	0	0	0	0	0	0	0	0	0	0	0	0	0	0	0	0	0	0	0	0	0	0	0	
420428	Putamen_L	9578	336	16566	1250	8264	1012	26646	326	2930	0	1992	0	4012	0	5334	206	844	0	1150	278	5548	5832	3818	2344	1826	1172	2402	152	20800	284	10540	4130	0	120	0	0	10304	0	966	0	636	0	274	0	0	0	0	0	0	0	832	0	148	0	2460	0	982	0	278	0	584	0	0	0	492	0	340	0	148	0	19814	7746	0	5146	9414	444	4578	0	408	0	1316	0	1230	0	468	0	0	0	1514	0	0	0	0	0	0	0	0	0	0	0	0	0	0	0	0	0	0	0	0	0	0	0	0	0	0	0	
376272	Putamen_R	220	640	1208	15290	0	3896	858	4454	0	0	0	4650	0	1732	0	5134	0	4844	726	4940	3306	5422	684	9090	0	6414	0	1850	0	23370	5534	13692	166	494	392	456	0	8572	0	4520	0	1566	0	172	0	0	0	288	0	0	0	0	0	796	0	5824	0	0	0	0	0	0	0	0	0	0	0	140	0	0	6598	22146	5146	0	1456	4400	0	4124	0	0	0	332	0	946	0	210	0	172	0	1266	0	0	0	0	0	0	0	0	0	0	0	0	0	0	0	0	0	0	0	0	0	0	0	0	0	0	
70576	Pallidum_L	2828	0	2216	0	0	166	3410	0	0	0	0	0	0	0	0	0	0	0	324	0	838	2356	0	174	148	0	176	0	0	0	478	272	0	0	0	0	422	0	0	0	0	0	0	0	0	0	0	0	0	0	0	0	0	0	0	0	0	0	0	0	0	0	0	0	0	0	0	0	0	0	4992	2810	9414	1456	0	316	2492	0	0	0	0	0	0	0	0	0	0	0	0	0	0	0	0	0	0	0	0	0	0	0	0	0	0	0	0	0	0	0	0	0	0	0	0	0	0	0	
47336	Pallidum_R	0	910	510	1856	0	0	166	2676	0	0	0	1220	0	180	0	814	0	250	428	1244	138	322	0	0	0	0	0	0	0	1102	0	180	0	364	0	0	0	548	0	574	0	228	0	0	0	0	0	0	0	0	0	0	0	0	0	338	0	130	0	0	0	0	0	0	0	0	0	0	0	0	870	3342	444	4400	316	0	0	0	0	0	0	0	0	118	0	0	0	0	0	0	0	0	0	0	0	0	0	0	0	0	0	0	0	0	0	0	0	0	0	0	0	0	0	0	0	0	
163088	Thalamus_L	8338	790	17112	1138	0	0	3498	308	0	0	126	0	0	0	0	0	0	0	12366	2214	0	0	0	0	0	0	0	0	498	0	0	0	0	316	1252	1500	2444	972	0	0	134	0	0	0	0	0	0	160	0	0	312	0	0	0	144	0	510	336	110	0	156	0	0	138	132	0	0	142	0	0	10248	788	4578	0	2492	0	0	8132	0	0	0	0	0	0	160	0	0	0	0	0	0	0	0	0	0	0	0	0	0	0	0	0	0	0	0	0	0	0	0	0	0	0	0	0	0	0	
188172	Thalamus_R	724	932	856	16728	0	0	192	234	0	0	0	202	0	0	0	218	0	1376	780	23206	0	0	0	0	0	0	0	0	0	1634	0	0	0	256	3142	3792	1104	4206	668	1726	0	970	0	384	0	0	0	1108	0	0	0	0	0	0	0	632	0	544	0	0	0	212	0	284	0	0	0	678	0	0	1310	13018	0	4124	0	0	8132	0	0	0	0	0	0	340	0	0	0	374	0	0	0	0	0	0	0	0	0	0	0	0	0	0	0	0	0	0	0	0	0	0	0	0	0	0	0	0	
83256	Heschl_L	2372	0	490	0	0	0	1632	0	0	0	872	0	0	0	0	0	5638	0	122	0	0	0	0	0	0	0	0	0	8142	0	0	0	0	0	0	0	1556	0	118	0	0	0	0	0	0	0	0	0	0	0	2694	0	554	0	1524	0	2004	0	494	0	520	0	1286	0	510	0	146	0	0	0	0	0	408	0	0	0	0	0	0	0	3586	0	0	0	3656	0	0	0	3304	0	0	0	0	0	0	0	0	0	0	0	0	0	0	0	0	0	0	0	0	0	0	0	0	0	0	0	
58536	Heschl_R	0	400	0	0	0	0	0	0	0	0	0	148	0	0	0	0	0	1390	0	366	0	0	0	0	0	0	0	0	0	3092	0	0	0	512	0	220	0	166	0	0	0	0	0	0	0	502	0	0	0	1128	0	376	0	0	0	0	0	598	0	0	0	270	0	1450	0	520	378	1790	0	1230	0	0	0	0	0	0	0	0	0	0	0	11842	0	0	0	2096	0	0	0	794	0	0	0	0	0	0	0	0	0	0	0	0	0	0	0	0	0	0	0	0	0	0	0	0	0	0	
277940	Temporal_Sup_L	2196	0	1174	0	0	0	3532	0	0	0	4748	0	2926	0	1332	0	15294	0	198	0	0	0	0	0	0	0	0	0	16942	0	0	0	0	0	0	0	3046	0	528	0	0	0	0	0	0	0	0	0	0	0	5950	0	448	0	4668	0	4022	0	1286	0	2290	0	12930	0	6062	0	304	0	358	0	0	0	1316	0	0	0	0	0	3586	0	0	0	4428	0	26020	0	894	0	12492	0	0	0	0	0	0	0	0	0	0	0	0	0	0	0	0	0	0	0	0	0	0	0	0	0	0	0	
131544	Temporal_Sup_R	0	522	0	0	0	0	0	0	0	0	0	314	0	0	0	0	0	1988	0	406	0	0	0	0	0	0	0	0	0	5138	0	0	0	534	0	230	0	846	0	0	0	0	0	374	0	1850	0	176	0	2580	0	734	0	0	0	1058	0	702	0	0	0	482	0	3834	0	2406	1710	3448	0	1304	0	0	0	332	0	0	0	0	0	11842	0	0	0	3180	0	15360	0	522	0	3900	0	0	0	0	0	0	0	0	0	0	0	0	0	0	0	0	0	0	0	0	0	0	0	0	0	0	
113304	Temporal_Pole_Sup_L	0	0	456	0	774	0	832	0	618	0	1738	0	2482	0	4106	0	1512	0	0	0	274	0	0	0	0	0	0	0	6874	0	0	0	0	0	0	0	1112	0	932	0	558	0	0	0	0	0	0	0	0	0	0	0	0	0	5018	0	0	0	0	0	0	0	0	0	0	0	0	0	0	0	0	0	1230	0	0	0	0	0	0	0	4428	0	0	0	8244	0	9392	0	6072	0	0	0	0	0	0	0	0	0	0	0	0	0	0	0	0	0	0	0	0	0	0	0	0	0	0	0	
64324	Temporal_Pole_Sup_R	0	0	0	0	0	0	0	0	0	0	0	424	0	0	0	0	0	390	0	202	0	0	0	0	0	0	0	0	0	1960	0	0	0	0	0	0	0	910	0	3640	0	1914	0	0	0	0	0	0	0	0	0	0	0	0	0	6534	0	0	0	0	0	0	0	0	0	0	0	0	0	0	0	166	0	946	0	118	0	340	0	0	0	3180	0	0	0	3502	0	6018	0	1918	0	0	0	0	0	0	0	0	0	0	0	0	0	0	0	0	0	0	0	0	0	0	0	0	0	0	
356648	Temporal_Mid_L	2746	0	2078	0	0	0	1570	0	0	0	194	0	0	0	0	0	4506	0	582	0	0	0	0	0	0	0	0	0	5692	0	0	0	388	0	0	0	1658	0	350	0	128	0	694	0	2374	0	154	0	808	0	35452	0	2346	0	6326	0	1952	0	2912	0	1836	0	5624	0	10510	0	1876	0	3188	0	0	0	468	0	0	0	160	0	3656	0	26020	0	8244	0	0	0	7528	0	36304	0	0	0	0	0	0	0	0	0	0	0	0	0	0	0	0	0	0	0	0	0	0	0	0	0	0	0	
186252	Temporal_Mid_R	0	952	0	122	0	0	0	0	0	0	0	0	0	0	0	0	0	306	0	386	0	0	0	0	0	0	0	0	0	2454	0	0	0	0	0	326	0	2420	0	612	0	0	0	3652	0	3160	0	920	0	3854	0	11426	0	1554	0	4118	0	280	0	0	0	668	0	536	0	4560	2836	4972	0	374	0	0	0	210	0	0	0	0	0	2096	0	15360	0	3502	0	0	0	2570	0	18900	0	0	0	0	0	0	0	0	0	0	0	0	0	0	0	0	0	0	0	0	0	0	0	0	0	0	
64392	Temporal_Pole_Mid_L	0	0	0	0	0	0	0	0	0	0	0	0	0	0	0	0	0	0	0	0	0	0	0	0	0	0	0	0	372	0	0	0	0	0	0	0	444	0	1124	0	506	0	0	0	0	0	0	0	0	0	0	0	0	0	5246	0	0	0	0	0	0	0	0	0	0	0	0	0	0	0	0	0	0	0	0	0	0	0	0	0	894	0	9392	0	7528	0	0	0	6690	0	0	0	0	0	0	0	0	0	0	0	0	0	0	0	0	0	0	0	0	0	0	0	0	0	0	0	
48548	Temporal_Pole_Mid_R	0	0	0	0	0	0	0	0	0	0	0	0	0	0	0	0	0	0	0	218	0	0	0	0	0	0	0	0	0	146	0	0	0	0	0	0	0	320	0	4350	0	1406	0	0	0	0	0	0	0	0	0	0	0	0	0	6040	0	0	0	0	0	0	0	0	0	0	0	0	0	0	0	202	0	172	0	0	0	374	0	0	0	522	0	6018	0	2570	0	0	0	1936	0	0	0	0	0	0	0	0	0	0	0	0	0	0	0	0	0	0	0	0	0	0	0	0	0	0	
270248	Temporal_Inf_L	1702	0	292	0	0	0	1706	0	0	0	0	0	300	0	428	0	2058	0	0	0	0	0	0	0	0	0	0	0	8018	0	0	0	0	0	0	0	8906	0	726	0	1506	0	506	0	348	0	136	0	0	0	8010	0	3760	0	20748	0	742	0	796	0	544	0	1828	0	1914	0	1100	0	802	0	0	0	1514	0	0	0	0	0	3304	0	12492	0	6072	0	36304	0	6690	0	0	0	1112	0	172	0	0	0	0	0	228	0	162	0	198	0	0	0	0	0	0	0	0	0	0	0	0	0	
137652	Temporal_Inf_R	0	260	0	0	0	0	0	0	0	0	0	0	0	0	0	0	0	172	0	0	0	0	0	0	0	0	0	0	0	1774	0	0	0	0	0	576	0	6628	0	3082	0	326	0	2530	0	790	0	1924	0	854	0	498	0	3624	0	11776	0	174	0	0	0	0	0	0	0	0	786	2984	0	0	0	0	0	1266	0	0	0	0	0	794	0	3900	0	1918	0	18900	0	1936	0	0	0	286	0	0	0	0	0	298	0	498	0	0	0	0	0	0	0	0	0	0	272	0	0	0	0	0	
376780	Cerebelum_Crus1_L	0	0	0	0	0	0	0	0	0	0	0	0	0	0	0	0	0	0	0	0	0	0	0	0	0	0	0	0	0	0	0	0	0	0	0	0	0	0	116	0	0	0	0	0	0	0	2756	554	0	0	0	0	1062	0	12250	276	0	0	0	0	0	0	0	0	0	0	0	0	0	0	0	0	0	0	0	0	0	0	0	0	0	0	0	0	0	0	0	0	1112	0	0	6786	26550	2900	640	0	9850	452	46678	6082	14950	542	23328	2704	4220	1568	1128	0	140	254	1558	7418	9730	1694	1092	0	
396536	Cerebelum_Crus1_R	0	0	0	0	0	0	0	0	0	0	0	0	0	0	0	0	0	0	0	0	0	0	0	0	0	0	0	0	0	0	0	0	0	0	0	0	0	0	0	236	0	0	0	194	0	0	412	3440	0	0	0	0	0	1090	320	10068	0	0	0	0	0	0	0	0	0	0	0	0	0	0	0	0	0	0	0	0	0	0	0	0	0	0	0	0	0	0	0	0	0	286	6786	0	2626	19624	0	3168	1196	14296	6968	54082	0	4348	202	23746	530	5204	0	1634	574	1880	6764	11848	12150	2398	1928	270	
238140	Cerebelum_Crus2_L	0	0	0	0	0	0	0	0	0	0	0	0	0	0	0	0	0	0	0	0	0	0	0	0	0	0	0	0	0	0	0	0	0	0	0	0	0	0	0	0	0	0	0	0	0	0	270	168	0	0	0	0	0	0	342	0	0	0	0	0	0	0	0	0	0	0	0	0	0	0	0	0	0	0	0	0	0	0	0	0	0	0	0	0	0	0	0	0	172	0	26550	2626	0	3918	0	0	128	0	4372	2052	30346	2386	26660	2106	4196	896	180	0	0	0	126	2710	5644	2548	674	0	
180812	Cerebelum_Crus2_R	0	0	0	0	0	0	0	0	0	0	0	0	0	0	0	0	0	0	0	0	0	0	0	0	0	0	0	0	0	0	0	0	0	0	0	0	0	0	0	0	0	0	0	0	0	0	0	0	0	0	0	0	0	0	0	0	0	0	0	0	0	0	0	0	0	0	0	0	0	0	0	0	0	0	0	0	0	0	0	0	0	0	0	0	0	0	0	0	0	0	2900	19624	3918	0	0	0	0	0	666	2738	1224	17848	2560	24176	1210	3766	208	0	0	0	0	620	5356	2840	752	0	
21456	Cerebelum_3_L	0	0	0	0	0	0	0	0	0	0	0	0	0	0	0	0	0	0	0	0	0	0	0	0	0	0	0	0	0	0	0	0	0	0	0	0	0	0	0	0	0	0	0	0	0	0	0	0	0	0	0	0	0	0	398	0	0	0	0	0	0	0	0	0	0	0	0	0	0	0	0	0	0	0	0	0	0	0	0	0	0	0	0	0	0	0	0	0	0	0	640	0	0	0	0	0	4866	170	1540	186	0	0	0	0	322	0	190	0	624	858	934	0	0	0	0	0	
49268	Cerebelum_3_R	0	0	0	0	0	0	0	0	0	0	0	0	0	0	0	0	0	0	0	0	0	0	0	0	0	0	0	0	0	0	0	0	0	0	0	0	0	0	0	0	0	0	0	0	0	0	0	164	0	0	0	0	0	0	0	3554	0	0	0	0	0	0	0	0	0	0	0	0	0	0	0	0	0	0	0	0	0	0	0	0	0	0	0	0	0	0	0	0	0	0	0	3168	0	0	0	0	184	5942	0	5524	0	0	0	0	0	318	0	0	804	3432	1020	342	0	0	182	0	
173608	Cerebelum_4_5_L	0	0	0	0	0	0	0	0	0	0	0	0	0	0	0	0	0	0	0	0	0	0	0	0	0	0	0	0	0	0	0	0	0	0	0	0	0	0	294	0	0	0	0	162	0	0	4524	1448	0	0	0	0	520	136	10778	360	0	0	0	0	0	0	0	0	0	0	0	0	0	0	0	0	0	0	0	0	0	0	0	0	0	0	0	0	0	0	0	0	0	0	9850	1196	128	0	4866	184	0	2122	25290	2350	0	0	586	0	3936	1394	1436	0	368	788	8812	3054	182	182	1240	618	
192560	Cerebelum_4_5_R	0	0	0	0	0	0	0	0	0	0	0	0	0	0	0	0	0	0	0	0	0	0	0	0	0	0	0	0	0	0	0	0	0	0	0	0	0	502	0	1054	0	0	0	690	0	0	306	6304	0	0	0	0	0	2746	0	16336	0	0	0	0	0	0	0	0	0	0	0	112	0	0	0	0	0	0	0	0	0	0	0	0	0	0	0	0	0	0	0	0	0	298	452	14296	0	0	170	5942	2122	0	918	25540	0	0	0	0	0	860	0	0	818	3162	11882	852	110	0	270	538	
364804	Cerebelum_6_L	0	0	0	0	0	0	0	0	0	0	0	0	0	0	0	0	0	0	0	0	0	0	0	0	0	0	0	0	0	0	0	0	0	0	0	0	0	0	174	0	0	0	314	0	0	0	7434	1526	0	0	1416	0	3000	0	21784	452	0	0	0	0	0	0	0	0	0	0	0	0	0	0	0	0	0	0	0	0	0	0	0	0	0	0	0	0	0	0	0	0	228	0	46678	6968	4372	666	1540	0	25290	918	0	7602	2898	0	7730	1022	5766	2650	2364	146	172	364	6018	12132	6930	1360	2488	0	
402476	Cerebelum_6_R	0	0	0	0	0	0	0	0	0	0	0	0	0	0	0	0	0	0	0	0	0	0	0	0	0	0	0	0	0	0	0	0	0	0	0	0	0	150	0	454	0	0	0	492	0	0	672	7884	0	0	0	0	0	3670	310	20188	0	0	0	0	0	0	0	0	0	0	0	0	0	0	0	0	0	0	0	0	0	0	0	0	0	0	0	0	0	0	0	0	0	498	6082	54082	2052	2738	186	5524	2350	25540	7602	0	0	428	254	8966	612	4696	0	1786	926	2824	11966	13476	10018	2338	2120	354	
173176	Cerebelum_7b_L	0	0	0	0	0	0	0	0	0	0	0	0	0	0	0	0	0	0	0	0	0	0	0	0	0	0	0	0	0	0	0	0	0	0	0	0	0	0	0	0	0	0	0	0	0	0	0	0	0	0	0	0	0	0	272	0	0	0	0	0	0	0	0	0	0	0	0	0	0	0	0	0	0	0	0	0	0	0	0	0	0	0	0	0	0	0	0	0	162	0	14950	0	30346	1224	0	0	0	0	2898	0	0	2060	26244	982	3172	118	292	0	0	0	0	172	1262	2434	0	0	
100664	Cerebelum_7b_R	0	0	0	0	0	0	0	0	0	0	0	0	0	0	0	0	0	0	0	0	0	0	0	0	0	0	0	0	0	0	0	0	0	0	0	0	0	0	0	0	0	0	0	0	0	0	0	0	0	0	0	0	0	0	0	0	0	0	0	0	0	0	0	0	0	0	0	0	0	0	0	0	0	0	0	0	0	0	0	0	0	0	0	0	0	0	0	0	0	0	542	4348	2386	17848	0	0	0	0	0	428	2060	0	2642	13546	578	1624	0	0	0	0	0	0	1342	2988	0	0	
251912	Cerebelum_8_L	0	0	0	0	0	0	0	0	0	0	0	0	0	0	0	0	0	0	0	0	0	0	0	0	0	0	0	0	0	0	0	0	0	0	0	0	0	0	0	0	0	0	0	0	0	0	0	0	0	0	0	0	0	0	332	0	0	0	0	0	0	0	0	0	0	0	0	0	0	0	0	0	0	0	0	0	0	0	0	0	0	0	0	0	0	0	0	0	198	0	23328	202	26660	2560	0	0	586	0	7730	254	26244	2642	0	3256	16508	2206	1298	0	0	0	270	1300	2762	5746	1874	0	
229052	Cerebelum_8_R	0	0	0	0	0	0	0	0	0	0	0	0	0	0	0	0	0	0	0	0	0	0	0	0	0	0	0	0	0	0	0	0	0	0	0	0	0	0	0	0	0	0	0	0	0	0	0	0	0	0	0	0	0	0	0	0	0	0	0	0	0	0	0	0	0	0	0	0	0	0	0	0	0	0	0	0	0	0	0	0	0	0	0	0	0	0	0	0	0	0	2704	23746	2106	24176	0	0	0	0	1022	8966	982	13546	3256	0	2486	16284	312	708	0	0	160	1140	5618	5416	1898	0	
142248	Cerebelum_9_L	0	0	0	0	0	0	0	0	0	0	0	0	0	0	0	0	0	0	0	0	0	0	0	0	0	0	0	0	0	0	0	0	0	0	0	0	0	0	0	0	0	0	0	0	0	0	0	0	0	0	0	0	0	0	0	0	0	0	0	0	0	0	0	0	0	0	0	0	0	0	0	0	0	0	0	0	0	0	0	0	0	0	0	0	0	0	0	0	0	0	4220	530	4196	1210	322	0	3936	0	5766	612	3172	578	16508	2486	0	5388	3376	0	0	0	3106	4834	1716	3818	4390	960	
155980	Cerebelum_9_R	0	0	0	0	0	0	0	0	0	0	0	0	0	0	0	0	0	0	0	0	0	0	0	0	0	0	0	0	0	0	0	0	0	0	0	0	0	0	0	0	0	0	0	0	0	0	0	560	0	0	0	0	0	0	0	260	0	0	0	0	0	0	0	0	0	0	0	0	0	0	0	0	0	0	0	0	0	0	0	0	0	0	0	0	0	0	0	0	0	0	1568	5204	896	3766	0	318	1394	860	2650	4696	118	1624	2206	16284	5388	0	718	1606	138	292	3430	5902	3542	4872	8040	1658	
29696	Cerebelum_10_L	0	0	0	0	0	0	0	0	0	0	0	0	0	0	0	0	0	0	0	0	0	0	0	0	0	0	0	0	0	0	0	0	0	0	0	0	0	0	0	0	0	0	0	0	0	0	0	0	0	0	0	0	0	0	0	0	0	0	0	0	0	0	0	0	0	0	0	0	0	0	0	0	0	0	0	0	0	0	0	0	0	0	0	0	0	0	0	0	0	0	1128	0	180	208	190	0	1436	0	2364	0	292	0	1298	312	3376	718	0	0	0	0	898	1148	278	380	642	0	
16732	Cerebelum_10_R	0	0	0	0	0	0	0	0	0	0	0	0	0	0	0	0	0	0	0	0	0	0	0	0	0	0	0	0	0	0	0	0	0	0	0	0	0	0	0	0	0	0	0	0	0	0	0	0	0	0	0	0	0	0	0	0	0	0	0	0	0	0	0	0	0	0	0	0	0	0	0	0	0	0	0	0	0	0	0	0	0	0	0	0	0	0	0	0	0	0	0	1634	0	0	0	0	0	0	146	1786	0	0	0	708	0	1606	0	0	0	0	562	938	234	0	752	0	
17792	Vermis_1_2	0	0	0	0	0	0	0	0	0	0	0	0	0	0	0	0	0	0	0	0	0	0	0	0	0	0	0	0	0	0	0	0	0	0	0	0	0	0	0	0	0	0	0	0	0	0	0	0	0	0	0	0	0	0	0	0	0	0	0	0	0	0	0	0	0	0	0	0	0	0	0	0	0	0	0	0	0	0	0	0	0	0	0	0	0	0	0	0	0	0	140	574	0	0	624	804	368	818	172	926	0	0	0	0	0	138	0	0	0	3232	976	124	0	0	0	0	
41980	Vermis_3	0	0	0	0	0	0	0	0	0	0	0	0	0	0	0	0	0	0	0	0	0	0	0	0	0	0	0	0	0	0	0	0	0	0	0	0	0	0	0	0	0	0	0	0	0	0	0	254	0	0	0	0	0	0	0	642	0	0	0	0	0	0	0	0	0	0	0	0	0	0	0	0	0	0	0	0	0	0	0	0	0	0	0	0	0	0	0	0	0	0	254	1880	0	0	858	3432	788	3162	364	2824	0	0	0	0	0	292	0	0	3232	0	2550	304	0	0	154	0	
187708	Vermis_4_5	0	0	0	0	0	0	0	0	0	0	0	0	0	0	0	0	0	0	0	0	0	0	0	0	0	0	0	0	0	0	0	0	0	0	0	1118	0	1056	0	124	0	0	0	818	0	0	1370	7146	0	0	0	0	0	2078	704	4688	0	0	0	0	0	0	0	0	0	0	0	1332	0	0	0	0	0	0	0	0	0	0	0	0	0	0	0	0	0	0	0	0	0	272	1558	6764	126	0	934	1020	8812	11882	6018	11966	0	0	270	160	3106	3430	898	562	976	2550	0	6994	508	340	2400	1874	
206952	Vermis_6	0	0	0	0	0	0	0	0	0	0	0	0	0	0	0	0	0	0	0	0	0	0	0	0	0	0	0	0	0	0	0	0	0	0	0	0	0	0	0	0	0	0	0	0	0	0	796	4870	0	0	0	0	120	852	458	2586	0	0	0	0	0	0	0	0	0	0	0	0	0	0	0	0	0	0	0	0	0	0	0	0	0	0	0	0	0	0	0	0	0	0	7418	11848	2710	620	0	342	3054	852	12132	13476	172	0	1300	1140	4834	5902	1148	938	124	304	6994	0	9300	2228	5342	1616	
174364	Vermis_7	0	0	0	0	0	0	0	0	0	0	0	0	0	0	0	0	0	0	0	0	0	0	0	0	0	0	0	0	0	0	0	0	0	0	0	0	0	0	0	0	0	0	0	0	0	0	232	1394	0	0	0	0	0	310	296	834	0	0	0	0	0	0	0	0	0	0	0	0	0	0	0	0	0	0	0	0	0	0	0	0	0	0	0	0	0	0	0	0	0	0	9730	12150	5644	5356	0	0	182	110	6930	10018	1262	1342	2762	5618	1716	3542	278	234	0	0	508	9300	0	4820	2614	0	
