data	data	467480	505144	1.0304e+06	1.05266e+06	154900	142580	537148	304740	64460	47880	324920	297180	359876	296052	202364	219632	263316	217320	903432	994284	152656	199120	495884	529964	88812	126928	124572	188044	874364	780396	440044	628192	222192	596372	259168	263396	357752	477480	175020	350588	81104	163372	344108	432540	302580	328980	349248	479456	294512	312612	624828	267364	142332	93036	597792	723448	438720	296692	256292	143216	462956	138268	228072	104336	222784	152836	456276	454700	311592	224544	514396	656660	348368	596080	45820	122420	189444	229136	122360	84564	310132	226020	95660	124756	464992	320284	12792	42444	383840	411988	507404	480784	476148	416292	156648	102180	404448	335992	532988	557012	288832	195876	376316	308008	138512	211084	21520	40804	42552	141724	291892	228112	285220	193264	119856	37808	
data	data	Precentral_L	Precentral_R	Frontal_Sup_L	Frontal_Sup_R	Frontal_Sup_Orb_L	Frontal_Sup_Orb_R	Frontal_Mid_L	Frontal_Mid_R	Frontal_Mid_Orb_L	Frontal_Mid_Orb_R	Frontal_Inf_Oper_L	Frontal_Inf_Oper_R	Frontal_Inf_Tri_L	Frontal_Inf_Tri_R	Frontal_Inf_Orb_L	Frontal_Inf_Orb_R	Rolandic_Oper_L	Rolandic_Oper_R	Supp_Motor_Area_L	Supp_Motor_Area_R	Olfactory_L	Olfactory_R	Frontal_Sup_Medial_L	Frontal_Sup_Medial_R	Frontal_Med_Orb_L	Frontal_Med_Orb_R	Rectus_L	Rectus_R	Insula_L	Insula_R	Cingulum_Ant_L	Cingulum_Ant_R	Cingulum_Mid_L	Cingulum_Mid_R	Cingulum_Post_L	Cingulum_Post_R	Hippocampus_L	Hippocampus_R	ParaHippocampal_L	ParaHippocampal_R	Amygdala_L	Amygdala_R	Calcarine_L	Calcarine_R	Cuneus_L	Cuneus_R	Lingual_L	Lingual_R	Occipital_Sup_L	Occipital_Sup_R	Occipital_Mid_L	Occipital_Mid_R	Occipital_Inf_L	Occipital_Inf_R	Fusiform_L	Fusiform_R	Postcentral_L	Postcentral_R	Parietal_Sup_L	Parietal_Sup_R	Parietal_Inf_L	Parietal_Inf_R	SupraMarginal_L	SupraMarginal_R	Angular_L	Angular_R	Precuneus_L	Precuneus_R	Paracentral_Lobule_L	Paracentral_Lobule_R	Caudate_L	Caudate_R	Putamen_L	Putamen_R	Pallidum_L	Pallidum_R	Thalamus_L	Thalamus_R	Heschl_L	Heschl_R	Temporal_Sup_L	Temporal_Sup_R	Temporal_Pole_Sup_L	Temporal_Pole_Sup_R	Temporal_Mid_L	Temporal_Mid_R	Temporal_Pole_Mid_L	Temporal_Pole_Mid_R	Temporal_Inf_L	Temporal_Inf_R	Cerebelum_Crus1_L	Cerebelum_Crus1_R	Cerebelum_Crus2_L	Cerebelum_Crus2_R	Cerebelum_3_L	Cerebelum_3_R	Cerebelum_4_5_L	Cerebelum_4_5_R	Cerebelum_6_L	Cerebelum_6_R	Cerebelum_7b_L	Cerebelum_7b_R	Cerebelum_8_L	Cerebelum_8_R	Cerebelum_9_L	Cerebelum_9_R	Cerebelum_10_L	Cerebelum_10_R	Vermis_1_2	Vermis_3	Vermis_4_5	Vermis_6	Vermis_7	Vermis_8	Vermis_9	Vermis_10	
467480	Precentral_L	0	10544	16876	3460	0	0	17130	1716	0	0	9262	930	2810	386	0	166	12828	642	14906	6360	0	0	0	0	0	0	0	0	9770	1210	0	0	204	1684	2190	1672	2248	1254	426	676	0	0	436	124	192	0	190	268	94	0	886	0	220	0	896	1020	30784	1392	350	0	8012	0	3244	308	222	0	670	610	15192	2218	9470	1736	2652	876	1312	112	9866	4418	5980	0	5132	90	0	0	2866	0	0	0	2162	88	0	0	0	0	0	0	120	182	0	0	0	0	0	0	0	0	0	0	0	0	0	0	0	0	0	0	
505144	Precentral_R	10544	0	1710	32176	0	0	1330	8760	0	0	312	5514	176	1252	0	258	596	4882	3950	23100	0	0	0	172	0	0	0	0	1460	6214	84	186	3868	588	1480	1402	780	4008	124	1650	0	336	260	1616	430	442	204	1088	234	852	560	434	0	888	590	4444	2076	26938	376	842	850	1682	108	6608	0	778	528	2158	9852	9786	7070	11084	654	3804	696	1016	5706	20072	126	1194	302	3216	0	198	418	2368	0	0	350	2506	0	0	0	0	0	0	0	256	0	0	0	0	0	0	0	0	0	0	0	0	0	0	0	0	0	0	
1.0304e+06	Frontal_Sup_L	16876	1710	0	21142	5644	0	67906	3570	2330	0	15164	1654	22236	2562	10842	702	8508	654	82630	31130	132	0	46526	17158	1082	250	466	0	35422	2544	22008	18762	6142	22028	136	0	1818	166	118	0	0	114	0	0	0	0	0	0	0	0	0	0	0	0	800	152	5528	142	0	0	904	0	402	0	0	0	0	0	7634	98	5632	2330	8676	714	1062	118	1538	404	1102	0	3860	96	1626	0	600	0	0	0	1648	0	0	0	0	0	0	0	0	0	0	0	0	0	0	0	0	0	0	0	0	0	0	0	0	0	0	0	
1.05266e+06	Frontal_Sup_R	3460	32176	21142	0	0	5226	4352	36210	0	952	2070	15132	1332	13666	212	8110	246	8900	27624	72780	292	822	9456	43726	288	4774	484	4322	4384	25488	4232	34560	1808	24616	146	128	720	4262	0	1314	0	1554	0	184	186	0	126	220	102	100	110	86	0	0	490	3700	302	1800	118	0	120	92	0	184	0	0	98	110	3080	156	5576	33814	1192	22080	316	4582	1030	17772	0	634	144	1596	0	1394	0	532	0	0	128	3064	0	0	0	0	0	0	0	146	0	0	0	0	0	0	0	0	0	0	0	0	0	0	0	0	0	0	
154900	Frontal_Sup_Orb_L	0	0	5644	0	0	102	962	0	10560	0	140	0	1222	0	12268	150	0	0	146	0	3874	1252	2822	266	5146	520	4980	556	9458	204	4218	768	0	0	0	0	0	0	0	0	1002	208	0	0	0	0	0	0	0	0	0	0	0	0	0	0	0	0	0	0	0	0	0	0	0	0	0	0	0	0	2148	1116	5004	350	0	0	0	0	0	0	0	0	2364	0	0	0	0	0	0	0	0	0	0	0	0	0	0	0	0	0	0	0	0	0	0	0	0	0	0	0	0	0	0	0	0	0	
142580	Frontal_Sup_Orb_R	0	0	0	5226	102	0	0	734	0	9930	0	0	0	278	0	8522	0	0	0	344	1194	2450	0	4008	1750	8010	1222	11012	0	2604	918	1916	0	0	0	0	0	0	0	0	0	830	0	0	0	0	0	0	0	0	0	0	0	0	0	0	0	0	0	0	0	0	0	0	0	0	0	0	0	0	610	4414	152	3228	0	1018	0	0	0	0	0	0	0	818	0	0	0	0	0	0	0	0	0	0	0	0	0	0	0	0	0	0	0	0	0	0	0	0	0	0	0	0	0	0	0	0	
537148	Frontal_Mid_L	17130	1330	67906	4352	962	0	0	3056	2970	0	9666	1954	34000	1802	12152	958	2118	748	17466	8212	0	0	15008	4278	0	0	0	0	20488	1796	6046	3548	1398	4006	122	96	544	104	0	0	0	0	0	0	0	0	0	0	0	0	0	0	0	0	152	88	2442	126	0	0	1602	0	546	0	0	0	0	0	628	0	7308	2376	3194	376	588	0	2782	342	142	0	854	84	194	0	178	0	0	0	356	0	0	0	0	0	0	0	0	0	0	0	0	0	0	0	0	0	0	0	0	0	0	0	0	0	0	0	
304740	Frontal_Mid_R	1716	8760	3570	36210	0	734	3056	0	0	1464	1902	9988	1030	21028	100	7672	360	2044	3304	4786	0	126	624	2740	0	124	0	120	3778	9866	684	3556	144	2152	132	128	332	1140	0	314	0	130	0	0	0	0	0	0	0	0	0	0	0	0	210	950	360	1172	0	0	88	0	0	198	0	0	0	0	124	0	3878	3340	680	5234	0	592	90	604	0	120	144	312	0	0	0	0	0	0	98	362	0	0	0	0	0	0	0	0	0	0	0	0	0	0	0	0	0	0	0	0	0	0	0	0	0	0	
64460	Frontal_Mid_Orb_L	0	0	2330	0	10560	0	2970	0	0	0	0	0	458	0	12124	0	0	0	0	0	212	98	92	0	208	0	716	0	1112	0	0	0	0	0	0	0	0	0	0	0	0	0	0	0	0	0	0	0	0	0	0	0	0	0	0	0	0	0	0	0	0	0	0	0	0	0	0	0	0	0	200	102	600	0	0	0	0	0	0	0	0	0	448	0	0	0	0	0	0	0	0	0	0	0	0	0	0	0	0	0	0	0	0	0	0	0	0	0	0	0	0	0	0	0	0	0	
47880	Frontal_Mid_Orb_R	0	0	0	952	0	9930	0	1464	0	0	0	0	0	388	0	8078	0	0	0	0	0	146	0	0	0	298	0	774	0	436	0	0	0	0	0	0	0	0	0	0	0	136	0	0	0	0	0	0	0	0	0	0	0	0	0	0	0	0	0	0	0	0	0	0	0	0	0	0	0	0	0	346	0	770	0	222	0	0	0	0	0	0	0	0	0	0	0	0	0	0	0	0	0	0	0	0	0	0	0	0	0	0	0	0	0	0	0	0	0	0	0	0	0	0	0	0	
324920	Frontal_Inf_Oper_L	9262	312	15164	2070	140	0	9666	1902	0	0	0	4690	19496	4442	402	692	12612	590	12294	1444	0	0	780	250	134	0	0	0	25374	3904	1978	792	0	142	0	0	696	92	90	0	0	0	0	0	0	0	0	0	0	0	0	0	0	0	532	0	3816	0	0	0	0	0	0	0	0	0	0	0	190	0	8780	4184	3650	712	0	0	180	142	964	0	6448	0	1548	96	1264	0	0	0	544	0	0	0	0	0	0	0	0	0	0	0	0	0	0	0	0	0	0	0	0	0	0	0	0	0	0	0	
297180	Frontal_Inf_Oper_R	930	5514	1654	15132	0	0	1954	9988	0	0	4690	0	1170	10036	100	466	292	11024	1130	9522	0	0	268	1276	0	0	0	0	6500	27662	630	1772	90	728	0	0	232	1496	0	538	0	0	0	0	0	0	0	0	0	0	0	0	0	0	0	1966	154	1986	0	0	0	0	0	0	0	0	0	0	0	0	4664	6926	1122	7750	0	972	90	394	0	906	116	1964	0	1576	0	962	0	0	0	2248	0	0	0	0	0	0	0	0	0	0	0	0	0	0	0	0	0	0	0	0	0	0	0	0	0	0	
359876	Frontal_Inf_Tri_L	2810	176	22236	1332	1222	0	34000	1030	458	0	19496	1170	0	3436	15182	116	2060	230	6930	1682	0	0	5696	790	392	0	0	0	29596	2780	9498	2044	0	816	0	0	334	0	0	0	0	0	0	0	0	0	0	0	0	0	0	0	0	0	286	0	598	0	0	0	0	0	0	0	0	0	0	0	0	0	4472	1442	4934	432	0	136	144	216	206	0	576	0	700	0	96	0	0	0	188	0	0	0	0	0	0	0	0	0	0	0	0	0	0	0	0	0	0	0	0	0	0	0	0	0	0	0	
296052	Frontal_Inf_Tri_R	386	1252	2562	13666	0	278	1802	21028	0	388	4442	10036	3436	0	472	6342	380	1960	1828	4614	0	108	736	3164	0	98	0	88	7030	26114	532	3854	0	798	0	0	394	704	0	306	0	0	0	0	0	0	0	0	0	0	0	0	0	0	300	514	0	280	0	0	0	0	0	0	0	0	0	0	0	0	6982	10178	2710	5146	0	914	96	408	0	142	118	302	200	128	0	0	0	0	102	708	0	0	0	0	0	0	0	0	0	0	0	0	0	0	0	0	0	0	0	0	0	0	0	0	0	0	
202364	Frontal_Inf_Orb_L	0	0	10842	212	12268	0	12152	100	12124	0	402	100	15182	472	0	0	0	0	970	410	2420	502	1388	164	318	0	1622	0	14632	532	1832	336	0	182	0	0	110	0	0	0	626	96	0	0	0	0	0	0	0	0	0	0	0	0	0	0	0	0	0	0	0	0	0	0	0	0	0	0	0	0	2066	778	4096	276	0	0	0	0	0	0	0	0	3972	0	0	0	0	0	0	0	0	0	0	0	0	0	0	0	0	0	0	0	0	0	0	0	0	0	0	0	0	0	0	0	0	0	
219632	Frontal_Inf_Orb_R	166	258	702	8110	150	8522	958	7672	0	8078	692	466	116	6342	0	0	0	0	218	1806	2128	6084	86	634	104	504	1048	3486	1118	14328	572	1026	0	0	0	0	0	576	0	382	130	3380	0	0	0	0	0	0	0	0	0	0	0	0	0	418	0	0	0	0	0	0	0	0	0	0	0	0	0	0	3656	9340	990	10536	156	2098	0	406	0	0	0	0	0	1840	0	84	0	0	0	450	0	0	0	0	0	0	0	0	0	0	0	0	0	0	0	0	0	0	0	0	0	0	0	0	0	0	
263316	Rolandic_Oper_L	12828	596	8508	246	0	0	2118	360	0	0	12612	292	2060	380	0	0	0	0	9084	240	0	0	160	0	0	0	0	0	22822	334	512	216	0	0	222	182	834	176	0	150	0	0	0	0	0	0	0	0	0	0	226	0	140	0	934	176	12730	130	200	0	960	0	2322	0	242	0	120	0	1814	90	1994	330	546	0	0	0	858	0	9156	0	16486	0	980	0	4646	0	0	0	1412	0	126	0	0	0	0	0	0	0	108	0	0	0	0	0	0	0	0	0	0	0	0	0	0	0	0	0	
217320	Rolandic_Oper_R	642	4882	654	8900	0	0	748	2044	0	0	590	11024	230	1960	0	0	0	0	438	7280	0	0	0	92	0	0	0	0	904	20376	84	108	0	116	94	152	0	882	0	466	0	0	0	838	0	90	0	464	0	0	0	102	0	188	92	1904	0	4802	0	88	0	444	0	1992	0	464	0	434	0	134	1484	3358	188	3718	0	214	0	248	0	6916	0	11110	0	3172	0	2482	0	0	0	1068	0	0	0	0	0	0	0	0	0	0	0	0	0	0	0	0	0	0	0	0	0	0	0	0	0	0	
903432	Supp_Motor_Area_L	14906	3950	82630	27624	146	0	17466	3304	0	0	12294	1130	6930	1828	970	218	9084	438	0	58492	0	0	15936	15796	94	0	0	0	23714	1850	12000	20872	13874	37792	876	464	3848	346	210	0	0	0	0	0	234	0	0	0	104	0	0	0	88	0	2258	302	6418	114	0	0	982	0	350	0	0	0	434	240	18004	352	6180	1138	8810	654	2200	106	2264	278	1468	0	4494	84	702	0	698	0	0	0	3586	92	0	0	0	0	0	0	0	0	0	0	0	0	0	0	0	0	0	0	0	0	0	0	0	0	0	0	
994284	Supp_Motor_Area_R	6360	23100	31130	72780	0	344	8212	4786	0	0	1444	9522	1682	4614	410	1806	240	7280	58492	0	0	96	8934	19476	0	320	0	322	4660	14936	3952	21702	13016	50622	1948	2308	906	3418	136	822	0	234	170	714	352	372	168	364	170	368	496	206	92	462	460	3978	612	2614	216	340	270	192	0	1622	0	490	742	2424	19076	18438	6132	20052	1136	13008	438	1410	4962	3930	0	648	186	2912	0	1192	306	1344	0	0	326	3742	0	0	0	0	0	0	0	0	0	0	0	0	0	0	0	0	0	0	0	0	0	0	0	0	0	0	
152656	Olfactory_L	0	0	132	292	3874	1194	0	0	212	0	0	0	0	0	2420	2128	0	0	0	0	0	9778	166	280	1216	762	7788	4170	5100	2242	3820	2782	0	0	0	0	268	0	228	0	2266	1392	0	0	0	0	0	0	0	0	0	0	0	0	278	0	0	0	0	0	0	0	0	0	0	0	0	0	0	0	9768	7454	2302	2144	0	0	0	0	0	0	0	0	1266	486	0	0	0	0	120	0	0	0	0	0	0	0	0	0	0	0	0	0	0	0	0	0	0	0	0	0	0	0	0	0	0	0	
199120	Olfactory_R	0	0	0	822	1252	2450	0	126	98	146	0	0	0	108	502	6084	0	0	0	96	9778	0	302	748	820	1896	5822	7920	1380	6772	3466	4386	0	0	0	0	0	172	0	254	644	4568	0	0	0	0	0	0	0	0	0	0	0	0	0	124	0	0	0	0	0	0	0	0	0	0	0	0	0	0	11848	14254	4288	5700	202	428	0	0	0	0	0	0	160	1944	0	0	0	0	0	0	0	0	0	0	0	0	0	0	0	0	0	0	0	0	0	0	0	0	0	0	0	0	0	0	0	0	
495884	Frontal_Sup_Medial_L	0	0	46526	9456	2822	0	15008	624	92	0	780	268	5696	736	1388	86	160	0	15936	8934	166	302	0	30030	4052	1598	888	442	7930	754	35564	25294	7108	16238	0	0	0	0	0	0	0	354	0	0	0	0	0	0	0	0	0	0	0	0	0	0	0	0	0	0	0	0	0	0	0	0	0	0	0	0	1824	1834	3312	1068	0	270	114	108	0	0	0	0	180	0	0	0	0	0	0	0	0	0	0	0	0	0	0	0	0	0	0	0	0	0	0	0	0	0	0	0	0	0	0	0	0	0	
529964	Frontal_Sup_Medial_R	0	172	17158	43726	266	4008	4278	2740	0	0	250	1276	790	3164	164	634	0	92	15796	19476	280	748	30030	0	2330	8578	740	4382	1402	4516	9944	37392	2170	23776	0	0	0	256	0	106	0	1478	0	0	0	0	0	0	0	0	0	0	0	0	0	392	0	0	0	0	0	0	0	0	0	0	0	0	0	0	1032	10052	574	7754	138	2018	0	226	0	0	0	0	0	0	0	166	0	0	0	512	0	0	0	0	0	0	0	0	0	0	0	0	0	0	0	0	0	0	0	0	0	0	0	0	0	0	
88812	Frontal_Med_Orb_L	0	0	1082	288	5146	1750	0	0	208	0	134	0	392	0	318	104	0	0	94	0	1216	820	4052	2330	0	4992	3632	2406	986	128	8668	2388	0	0	0	0	0	0	0	0	144	108	0	0	0	0	0	0	0	0	0	0	0	0	0	0	0	0	0	0	0	0	0	0	0	0	0	0	0	0	886	756	1094	152	0	0	0	0	0	0	0	0	132	0	0	0	0	0	0	0	0	0	0	0	0	0	0	0	0	0	0	0	0	0	0	0	0	0	0	0	0	0	0	0	0	0	
126928	Frontal_Med_Orb_R	0	0	250	4774	520	8010	0	124	0	298	0	0	0	98	0	504	0	0	0	320	762	1896	1598	8578	4992	0	2148	11128	0	484	3422	6310	0	0	0	0	0	0	0	0	0	520	0	0	0	0	0	0	0	0	0	0	0	0	0	0	0	0	0	0	0	0	0	0	0	0	0	0	0	0	564	3662	96	1746	0	558	0	0	0	0	0	0	0	102	0	0	0	0	0	0	0	0	0	0	0	0	0	0	0	0	0	0	0	0	0	0	0	0	0	0	0	0	0	0	0	0	
124572	Rectus_L	0	0	466	484	4980	1222	0	0	716	0	0	0	0	0	1622	1048	0	0	0	0	7788	5822	888	740	3632	2148	0	4288	1928	1116	4568	2612	0	0	0	0	0	0	0	0	950	720	0	0	0	0	0	0	0	0	0	0	0	0	0	0	0	0	0	0	0	0	0	0	0	0	0	0	0	0	6390	4392	1960	1146	0	0	0	0	0	0	0	0	432	228	0	0	0	0	0	0	0	0	0	0	0	0	0	0	0	0	0	0	0	0	0	0	0	0	0	0	0	0	0	0	0	0	
188044	Rectus_R	0	0	0	4322	556	11012	0	120	0	774	0	0	0	88	0	3486	0	0	0	322	4170	7920	442	4382	2406	11128	4288	0	238	4002	3106	7538	0	0	0	0	0	0	0	0	0	2214	0	0	0	0	0	0	0	0	0	0	0	0	0	0	0	0	0	0	0	0	0	0	0	0	0	0	0	0	3688	9274	680	5534	0	1186	0	0	0	0	0	0	0	1146	0	0	0	0	0	0	0	0	0	0	0	0	0	0	0	0	0	0	0	0	0	0	0	0	0	0	0	0	0	0	0	0	
874364	Insula_L	9770	1460	35422	4384	9458	0	20488	3778	1112	0	25374	6500	29596	7030	14632	1118	22822	904	23714	4660	5100	1380	7930	1402	986	0	1928	238	0	7312	11274	3362	170	1322	1212	694	16236	600	2074	384	4900	326	0	0	0	0	104	0	0	0	504	0	574	0	10404	482	5432	226	0	0	954	0	1132	0	390	0	98	0	2420	182	19476	7074	28800	1668	106	194	3404	836	11564	0	19624	96	7480	170	7372	0	102	0	14186	132	360	0	0	0	0	0	242	0	342	0	0	0	0	0	0	0	0	0	0	0	0	0	0	0	0	0	
780396	Insula_R	1210	6214	2544	25488	204	2604	1796	9866	0	436	3904	27662	2780	26114	532	14328	334	20376	1850	14936	2242	6772	754	4516	128	484	1116	4002	7312	0	1180	4682	0	696	796	1122	472	9900	0	4632	0	4840	0	3324	0	2152	150	1632	0	2640	0	2962	0	1004	508	14658	284	6138	0	1320	0	1048	0	1334	0	994	304	2600	180	584	10194	17152	3522	32054	0	3102	150	732	0	6668	128	16330	176	5412	0	15120	0	422	136	16042	0	0	0	0	0	0	0	110	0	108	0	0	0	0	0	0	0	0	0	0	0	0	0	0	0	0	
440044	Cingulum_Ant_L	0	84	22008	4232	4218	918	6046	684	0	0	1978	630	9498	532	1832	572	512	84	12000	3952	3820	3466	35564	9944	8668	3422	4568	3106	11274	1180	0	25932	8866	9784	0	0	172	0	0	0	188	762	0	0	0	0	0	0	0	0	0	0	0	0	158	0	0	0	0	0	0	0	0	0	0	0	0	0	0	0	5680	4758	6588	1662	0	206	0	88	0	0	100	0	134	152	0	0	0	0	0	0	0	0	0	0	0	0	0	0	0	0	0	0	0	0	0	0	0	0	0	0	0	0	0	0	0	0	
628192	Cingulum_Ant_R	0	186	18762	34560	768	1916	3548	3556	0	0	792	1772	2044	3854	336	1026	216	108	20872	21702	2782	4386	25294	37392	2388	6310	2612	7538	3362	4682	25932	0	6756	30860	0	0	120	168	0	0	0	1942	0	0	0	0	0	0	0	0	0	0	0	0	0	234	0	0	0	0	0	0	0	0	0	0	0	0	0	0	2830	15424	1738	10722	160	3680	0	208	0	0	92	0	0	218	0	0	0	0	0	248	0	0	0	0	0	0	0	0	0	0	0	0	0	0	0	0	0	0	0	0	0	0	0	0	0	0	
222192	Cingulum_Mid_L	204	3868	6142	1808	0	0	1398	144	0	0	0	90	0	0	0	0	0	0	13874	13016	0	0	7108	2170	0	0	0	0	170	0	8866	6756	0	19934	3350	358	310	0	0	0	0	0	142	0	1774	328	0	0	606	0	408	0	0	0	94	0	108	186	402	0	0	0	0	0	0	0	5162	2498	3770	2098	1220	0	88	0	110	0	2424	0	0	0	0	0	0	0	112	0	0	0	0	0	0	0	0	0	0	0	0	0	0	0	0	0	0	0	0	0	0	0	0	0	0	0	0	0	0	0	
596372	Cingulum_Mid_R	1684	588	22028	24616	0	0	4006	2152	0	0	142	728	816	798	182	0	0	116	37792	50622	0	0	16238	23776	0	0	0	0	1322	696	9784	30860	19934	0	4278	4680	158	208	0	102	0	0	112	826	392	880	0	636	152	128	616	88	126	0	148	328	522	434	244	0	216	0	0	0	0	0	2366	8046	10642	9174	940	164	290	256	100	0	1230	190	0	0	0	0	0	0	340	0	0	0	126	168	0	0	0	0	0	0	0	0	0	0	0	0	0	0	0	0	0	0	0	0	0	0	0	0	0	0	
259168	Cingulum_Post_L	2190	1480	136	146	0	0	122	132	0	0	0	0	0	0	0	0	222	94	876	1948	0	0	0	0	0	0	0	0	1212	796	0	0	3350	4278	0	21314	5502	4720	2782	2164	0	0	3316	3060	2344	1112	3422	2342	1020	422	2896	318	426	1464	6006	4830	2688	2342	1366	0	1902	0	332	0	102	0	11932	7634	2578	3424	0	0	0	0	0	0	160	1006	742	0	366	0	0	0	1108	378	0	0	1208	1000	176	146	0	0	0	0	354	1032	242	242	0	0	0	0	0	0	0	0	0	96	586	0	0	0	0	0	
263396	Cingulum_Post_R	1672	1402	0	128	0	0	96	128	0	0	0	0	0	0	0	0	182	152	464	2308	0	0	0	0	0	0	0	0	694	1122	0	0	358	4680	21314	0	3312	5504	1938	3218	0	0	842	6268	652	2162	1704	5810	322	1140	1172	724	200	1572	4752	6008	1286	5096	276	530	830	86	368	0	84	96	5476	17618	1660	6144	0	96	0	98	0	0	180	1232	120	0	230	86	0	0	690	864	0	0	752	1710	84	168	0	0	0	0	0	2046	104	302	0	0	0	0	0	0	0	0	0	124	1262	0	0	0	0	0	
357752	Hippocampus_L	2248	780	1818	720	0	0	544	332	0	0	696	232	334	394	110	0	834	0	3848	906	268	0	0	0	0	0	0	0	16236	472	172	120	310	158	5502	3312	0	5022	21424	2140	10802	0	1352	0	0	0	8676	1940	0	0	306	0	402	0	27606	592	540	0	0	0	130	0	120	0	94	0	2378	820	944	158	1980	440	9274	844	0	226	7160	2590	2052	0	3088	0	1204	0	1404	0	0	0	13184	96	830	246	0	0	518	0	4114	1596	1146	358	0	0	0	0	0	0	0	0	0	196	538	0	0	0	0	0	
477480	Hippocampus_R	1254	4008	166	4262	0	0	104	1140	0	0	92	1496	0	704	0	576	176	882	346	3418	0	172	0	256	0	0	0	0	600	9900	0	168	0	208	4720	5504	5022	0	2530	38740	0	10182	296	2188	106	226	1828	9182	0	208	142	136	0	216	2262	46800	390	1630	0	100	212	168	0	110	0	0	744	4452	802	360	542	3298	212	19398	0	2380	1196	8904	136	452	136	1560	0	1660	146	1782	0	218	438	16574	0	712	0	0	0	376	226	6420	0	1616	0	0	0	0	0	0	0	0	0	256	918	0	0	0	0	0	
175020	ParaHippocampal_L	426	124	118	0	0	0	0	0	0	0	90	0	0	0	0	0	0	0	210	136	228	0	0	0	0	0	0	0	2074	0	0	0	0	0	2782	1938	21424	2530	0	1018	3424	0	744	0	0	0	8736	1230	0	0	150	0	88	0	16046	112	0	0	0	0	0	0	0	0	0	0	1032	332	118	0	248	86	1952	0	0	0	4258	1222	0	0	180	0	522	0	94	0	180	0	2718	0	586	158	0	0	1290	0	5912	942	1066	252	0	0	0	0	0	0	0	0	0	430	304	0	0	0	0	0	
350588	ParaHippocampal_R	676	1650	0	1314	0	0	0	314	0	0	0	538	0	306	0	382	150	466	0	822	0	254	0	106	0	0	0	0	384	4632	0	0	0	102	2164	3218	2140	38740	1018	0	0	7708	322	2682	0	678	950	11372	0	338	120	156	0	104	1432	35634	182	734	0	166	162	144	0	86	0	0	522	4228	456	310	266	1110	92	8262	0	2128	814	5680	86	136	110	500	0	3618	128	846	0	1826	266	7606	0	1032	0	0	0	500	92	9200	0	2186	0	0	0	0	0	0	0	0	0	312	636	0	0	0	0	0	
81104	Amygdala_L	0	0	0	0	1002	0	0	0	0	0	0	0	0	0	626	130	0	0	0	0	2266	644	0	0	144	0	950	0	4900	0	188	0	0	0	0	0	10802	0	3424	0	0	110	0	0	0	0	0	0	0	0	0	0	0	0	6742	0	0	0	0	0	0	0	0	0	0	0	0	0	0	0	1364	608	1232	200	0	0	144	0	0	0	0	0	1236	0	270	0	0	0	3428	0	0	0	0	0	0	0	142	0	0	0	0	0	0	0	0	0	0	0	0	0	0	0	0	0	0	0	
163372	Amygdala_R	0	336	114	1554	208	830	0	130	0	136	0	0	0	0	96	3380	0	0	0	234	1392	4568	354	1478	108	520	720	2214	326	4840	762	1942	0	0	0	0	0	10182	0	7708	110	0	0	0	0	0	0	0	0	0	0	0	0	0	0	8830	0	0	0	0	0	0	0	0	0	0	0	0	0	0	3076	6112	1334	9292	0	182	0	388	0	0	0	0	0	4286	0	218	0	492	0	2564	0	0	0	0	0	0	0	340	0	330	0	0	0	0	0	0	0	0	0	0	0	0	0	0	0	0	
344108	Calcarine_L	436	260	0	0	0	0	0	0	0	0	0	0	0	0	0	0	0	0	0	170	0	0	0	0	0	0	0	0	0	0	0	0	142	112	3316	842	1352	296	744	322	0	0	0	12444	25004	7668	12442	4398	18966	4556	28764	1708	4604	236	5892	1728	1824	196	1540	88	1860	0	386	0	770	0	20258	1684	546	272	0	0	0	0	0	0	0	0	0	0	0	0	0	0	2430	0	0	0	1256	118	546	0	0	0	0	0	582	0	666	256	0	0	0	0	0	0	0	0	0	0	184	190	0	0	0	0	
432540	Calcarine_R	124	1616	0	184	0	0	0	0	0	0	0	0	0	0	0	0	0	838	0	714	0	0	0	0	0	0	0	0	0	3324	0	0	0	826	3060	6268	0	2188	0	2682	0	0	12444	0	8358	29746	1500	28000	1106	22888	1384	13084	100	4744	548	15120	0	2594	0	1130	84	118	0	0	0	170	4830	29762	192	1812	0	154	0	850	0	0	0	112	0	260	0	652	0	0	0	1306	0	0	114	7858	192	0	156	96	0	0	0	1868	134	370	0	0	0	0	0	0	0	0	0	0	208	248	154	0	0	0	
302580	Cuneus_L	192	430	0	186	0	0	0	0	0	0	0	0	0	0	0	0	0	0	234	352	0	0	0	0	0	0	0	0	0	0	0	0	1774	392	2344	652	0	106	0	0	0	0	25004	8358	0	8866	1798	664	26694	2568	21524	1028	2240	108	2390	490	2204	148	4202	0	2670	0	320	0	896	0	22188	4128	1452	264	0	0	0	0	0	0	0	0	0	0	0	0	0	0	3166	0	0	0	738	120	238	0	0	0	0	0	0	0	162	0	0	0	0	0	0	0	0	0	0	0	0	0	0	0	0	0	
328980	Cuneus_R	0	442	0	0	0	0	0	0	0	0	0	0	0	0	0	0	0	90	0	372	0	0	0	0	0	0	0	0	0	2152	0	0	328	880	1112	2162	0	226	0	678	0	0	7668	29746	8866	0	676	6136	664	34248	832	17636	0	858	88	2546	0	1916	132	6586	0	292	0	0	0	306	5988	21348	172	840	0	0	0	382	0	0	0	0	0	242	0	152	0	0	0	2662	0	0	0	4346	0	0	0	0	0	0	0	720	0	0	0	0	0	0	0	0	0	0	0	0	0	0	0	0	0	0	
349248	Lingual_L	190	204	0	126	0	0	0	0	0	0	0	0	0	0	0	0	0	0	0	168	0	0	0	0	0	0	0	0	104	150	0	0	0	0	3422	1704	8676	1828	8736	950	0	0	12442	1500	1798	676	0	5840	7014	556	15702	184	6482	156	23212	1888	94	148	104	0	264	0	166	0	92	0	10282	148	128	156	0	142	134	482	0	0	3054	1002	0	0	0	0	0	0	744	0	0	0	982	0	7672	1324	1070	314	1492	0	13658	1712	13412	4420	0	0	0	0	0	0	0	0	0	316	3314	3612	478	0	0	0	
479456	Lingual_R	268	1088	0	220	0	0	0	0	0	0	0	0	0	0	0	0	0	464	0	364	0	0	0	0	0	0	0	0	0	1632	0	0	0	636	2342	5810	1940	9182	1230	11372	0	0	4398	28000	664	6136	5840	0	152	6516	312	4984	382	3516	2928	26756	0	1534	0	292	0	86	0	0	0	90	1620	19344	170	1378	0	0	0	242	0	0	622	3420	0	88	0	182	0	0	0	490	0	0	242	1898	5170	5496	2304	2036	326	326	4494	13528	9130	15284	0	0	0	0	246	0	0	0	94	664	8646	10852	2302	0	0	0	
294512	Occipital_Sup_L	94	234	0	102	0	0	0	0	0	0	0	0	0	0	0	0	0	0	104	170	0	0	0	0	0	0	0	0	0	0	0	0	606	152	1020	322	0	0	0	0	0	0	18966	1106	26694	664	7014	152	0	442	39472	96	1752	0	3146	204	2700	0	10466	0	5532	0	328	0	1444	0	17952	724	672	156	0	0	0	0	0	0	0	0	0	0	0	0	0	0	3606	0	0	0	476	0	290	0	0	0	0	0	142	0	256	0	0	0	0	0	0	0	0	0	0	0	0	0	0	0	0	0	
312612	Occipital_Sup_R	0	852	0	100	0	0	0	0	0	0	0	0	0	0	0	0	0	0	0	368	0	0	0	0	0	0	0	0	0	2640	0	0	0	128	422	1140	0	208	0	338	0	0	4556	22888	2568	34248	556	6516	442	0	626	27986	0	1068	86	2874	0	3796	0	9324	0	2370	0	98	0	4900	1326	11692	0	1062	0	0	0	510	0	0	0	0	0	370	0	250	0	0	0	4738	0	0	0	4958	0	0	0	0	0	0	0	302	0	0	0	0	0	0	0	0	0	0	0	0	0	0	0	0	0	0	
624828	Occipital_Mid_L	886	560	0	110	0	0	0	0	0	0	0	0	0	0	0	0	226	0	0	496	0	0	0	0	0	0	0	0	504	0	0	0	408	616	2896	1172	306	142	150	120	0	0	28764	1384	21524	832	15702	312	39472	626	0	0	17540	0	10944	386	14502	742	23108	0	30312	0	6284	0	21304	0	23074	516	3196	1518	150	0	0	0	0	0	236	132	474	0	1356	0	0	0	28784	0	0	0	7128	0	640	102	0	0	0	0	670	138	1094	278	0	0	0	0	0	0	0	0	0	0	332	266	0	0	0	0	
267364	Occipital_Mid_R	0	434	0	86	0	0	0	0	0	0	0	0	0	0	0	0	0	102	0	206	0	0	0	0	0	0	0	0	0	2962	0	0	0	88	318	724	0	136	0	156	0	0	1708	13084	1028	17636	184	4984	96	27986	0	0	0	6506	0	3860	0	1688	0	6190	0	5422	0	98	0	13614	736	5936	0	500	0	0	0	386	0	0	0	0	0	328	0	420	0	0	0	11440	0	0	0	4502	0	0	0	0	0	0	0	138	0	0	0	0	0	0	0	0	0	0	0	0	0	0	0	0	0	0	
142332	Occipital_Inf_L	220	0	0	0	0	0	0	0	0	0	0	0	0	0	0	0	140	0	88	92	0	0	0	0	0	0	0	0	574	0	0	0	0	126	426	200	402	0	88	0	0	0	4604	100	2240	0	6482	382	1752	0	17540	0	0	0	10828	262	184	162	92	0	642	0	466	0	328	0	2410	0	288	346	0	0	0	0	0	0	114	0	330	0	782	0	0	0	6750	0	0	0	7124	0	1016	86	0	0	0	0	924	170	1284	408	0	0	0	0	0	0	0	0	0	0	514	200	0	0	0	0	
93036	Occipital_Inf_R	0	888	0	0	0	0	0	0	0	0	0	0	0	0	0	0	0	188	0	462	0	0	0	0	0	0	0	0	0	1004	0	0	0	0	1464	1572	0	216	0	104	0	0	236	4744	108	858	156	3516	0	1068	0	6506	0	0	326	12100	0	960	0	92	0	120	0	0	0	96	314	1152	194	362	0	0	0	294	0	0	0	0	0	90	0	176	0	0	0	2072	0	0	0	4312	0	336	0	0	0	0	0	94	0	228	0	0	0	0	0	0	0	0	0	0	0	110	0	0	0	0	
597792	Fusiform_L	896	590	800	490	0	0	152	210	0	0	532	0	286	300	0	0	934	92	2258	460	278	0	0	0	0	0	0	0	10404	508	158	0	94	148	6006	4752	27606	2262	16046	1432	6742	0	5892	548	2390	88	23212	2928	3146	86	10944	0	10828	326	0	2916	470	558	0	0	382	0	302	0	158	0	6768	542	466	560	1456	226	6146	130	0	0	2904	840	1420	0	4852	0	1498	0	5636	0	758	0	21000	112	26048	638	4530	450	1624	208	15970	1368	29400	2456	2602	0	3048	0	240	0	0	0	0	452	2510	1736	692	0	0	0	
723448	Fusiform_R	1020	4444	152	3700	0	0	88	950	0	0	0	1966	0	514	0	418	176	1904	302	3978	0	124	0	392	0	0	0	0	482	14658	0	234	0	328	4830	6008	592	46800	112	35634	0	8830	1728	15120	490	2546	1888	26756	204	2874	386	3860	262	12100	2916	0	418	3360	0	168	284	276	182	148	0	156	1330	8154	1510	914	446	3000	138	18530	0	2136	254	2998	0	728	144	2400	0	6048	214	2942	0	3402	200	26934	3198	11120	1656	1944	0	584	1534	9352	4196	18662	0	470	92	762	0	248	0	188	0	108	3450	5238	1742	0	0	0	
438720	Postcentral_L	30784	2076	5528	302	0	0	2442	360	0	0	3816	154	598	0	0	0	12730	0	6418	612	0	0	0	0	0	0	0	0	5432	284	0	0	108	522	2688	1286	540	390	0	182	0	0	1824	0	2204	0	94	0	2700	0	14502	0	184	0	470	418	0	778	21316	0	37012	0	10920	0	4532	0	9770	272	8046	1044	3132	120	0	254	0	0	512	182	5048	0	6806	0	0	0	6084	0	0	0	3884	0	0	0	0	0	0	0	0	0	0	0	0	0	0	0	0	0	0	0	0	0	0	0	0	0	0	0	
296692	Postcentral_R	1392	26938	142	1800	0	0	126	1172	0	0	0	1986	0	280	0	0	130	4802	114	2614	0	0	0	0	0	0	0	0	226	6138	0	0	186	434	2342	5096	0	1630	0	734	0	0	196	2594	148	1916	148	1534	0	3796	742	1688	162	960	558	3360	778	0	90	9682	612	6076	394	11344	0	1260	452	7872	1726	12868	452	222	0	1814	0	0	180	436	0	1436	250	3554	0	0	732	5114	0	0	396	4380	0	0	0	0	0	0	0	142	0	0	0	0	0	0	0	0	0	0	0	0	0	0	0	0	0	0	
256292	Parietal_Sup_L	350	376	0	118	0	0	0	0	0	0	0	0	0	0	0	0	200	0	0	216	0	0	0	0	0	0	0	0	0	0	0	0	402	244	1366	276	0	0	0	0	0	0	1540	0	4202	132	104	0	10466	0	23108	0	92	0	0	0	21316	90	0	0	26382	0	2226	0	5636	0	20172	854	2156	302	136	0	0	0	0	0	0	0	0	0	944	0	0	0	3088	0	0	0	1652	0	0	0	0	0	0	0	0	0	0	0	0	0	0	0	0	0	0	0	0	0	0	0	0	0	0	0	
143216	Parietal_Sup_R	0	842	0	0	0	0	0	0	0	0	0	0	0	0	0	0	0	88	0	340	0	0	0	0	0	0	0	0	0	1320	0	0	0	0	0	530	0	100	0	166	0	0	88	1130	0	6586	0	292	0	9324	0	6190	0	92	0	168	0	9682	0	0	0	7824	0	784	0	6634	918	11006	0	1810	0	0	0	0	0	0	0	0	0	282	0	646	0	0	0	2656	0	0	0	2018	0	0	0	0	0	0	0	92	0	0	0	0	0	0	0	0	0	0	0	0	0	0	0	0	0	0	
462956	Parietal_Inf_L	8012	850	904	120	0	0	1602	88	0	0	0	0	0	0	0	0	960	0	982	270	0	0	0	0	0	0	0	0	954	0	0	0	0	216	1902	830	130	212	0	162	0	0	1860	84	2670	0	264	0	5532	0	30312	0	642	0	382	284	37012	612	26382	0	0	0	29776	0	30972	0	8112	216	3236	654	828	0	0	0	0	0	254	152	500	0	2620	0	0	0	21148	0	0	0	8780	0	0	0	0	0	0	0	0	0	0	0	0	0	0	0	0	0	0	0	0	0	0	0	0	0	0	0	
138268	Parietal_Inf_R	0	1682	0	92	0	0	0	0	0	0	0	0	0	0	0	0	0	444	0	192	0	0	0	0	0	0	0	0	0	1048	0	0	0	0	0	86	0	168	0	144	0	0	0	118	0	292	0	86	0	2370	0	5422	0	120	0	276	0	6076	0	7824	0	0	0	7756	0	20040	0	612	0	448	0	0	0	0	0	0	0	0	0	374	0	2406	0	0	0	8418	0	0	0	2640	0	0	0	0	0	0	0	0	0	0	0	0	0	0	0	0	0	0	0	0	0	0	0	0	0	0	
228072	SupraMarginal_L	3244	108	402	0	0	0	546	0	0	0	0	0	0	0	0	0	2322	0	350	0	0	0	0	0	0	0	0	0	1132	0	0	0	0	0	332	368	120	0	0	0	0	0	386	0	320	0	166	0	328	0	6284	0	466	0	302	182	10920	394	2226	0	29776	0	0	0	15792	0	684	0	1172	472	104	0	0	0	0	0	216	0	650	0	9156	0	0	0	18578	0	0	0	6538	0	0	0	0	0	0	0	0	0	0	0	0	0	0	0	0	0	0	0	0	0	0	0	0	0	0	0	
104336	SupraMarginal_R	308	6608	0	184	0	0	0	198	0	0	0	0	0	0	0	0	0	1992	0	1622	0	0	0	0	0	0	0	0	0	1334	0	0	0	0	0	0	0	110	0	86	0	0	0	0	0	0	0	0	0	98	0	98	0	0	0	148	0	11344	0	784	0	7756	0	0	0	5536	0	328	104	1656	0	0	0	0	0	0	0	0	0	1036	0	6594	0	0	0	2668	0	0	0	1576	0	0	0	0	0	0	0	0	0	0	0	0	0	0	0	0	0	0	0	0	0	0	0	0	0	0	
222784	Angular_L	222	0	0	0	0	0	0	0	0	0	0	0	0	0	0	0	242	0	0	0	0	0	0	0	0	0	0	0	390	0	0	0	0	0	102	84	94	0	0	0	0	0	770	0	896	0	92	0	1444	0	21304	0	328	0	158	0	4532	0	5636	0	30972	0	15792	0	0	0	1356	0	302	0	0	0	0	0	0	0	164	0	308	0	2286	0	0	0	19598	0	0	0	4320	0	0	0	0	0	0	0	0	0	0	0	0	0	0	0	0	0	0	0	0	0	0	0	0	0	0	0	
152836	Angular_R	0	778	0	0	0	0	0	0	0	0	0	0	0	0	0	0	0	464	0	490	0	0	0	0	0	0	0	0	0	994	0	0	0	0	0	96	0	0	0	0	0	0	0	170	0	306	0	90	0	4900	0	13614	0	96	0	156	0	1260	0	6634	0	20040	0	5536	0	0	0	588	0	688	0	0	0	0	0	0	0	86	0	554	0	5618	0	0	0	11000	0	0	0	2260	0	0	0	0	0	0	0	0	0	0	0	0	0	0	0	0	0	0	0	0	0	0	0	0	0	0	
456276	Precuneus_L	670	528	0	98	0	0	0	0	0	0	0	0	0	0	0	0	120	0	434	742	0	0	0	0	0	0	0	0	98	304	0	0	5162	2366	11932	5476	2378	744	1032	522	0	0	20258	4830	22188	5988	10282	1620	17952	1326	23074	736	2410	314	6768	1330	9770	452	20172	918	8112	0	684	0	1356	0	0	18332	4392	1028	112	0	0	0	0	0	172	310	0	0	184	0	0	0	3164	514	0	0	1644	948	732	0	0	0	0	0	1766	362	984	94	0	0	0	0	0	0	0	0	0	0	254	0	0	0	0	0	
454700	Precuneus_R	610	2158	0	110	0	0	0	0	0	0	0	0	0	0	0	0	0	434	240	2424	0	0	0	0	0	0	0	0	0	2600	0	0	2498	8046	7634	17618	820	4452	332	4228	0	0	1684	29762	4128	21348	148	19344	724	11692	516	5936	0	1152	542	8154	272	7872	854	11006	216	612	0	328	0	588	18332	0	1828	7614	110	132	0	432	0	0	172	700	0	256	0	552	0	0	0	3288	0	0	106	6182	0	258	0	0	0	0	0	3772	0	376	0	0	0	0	0	0	0	0	0	0	2158	0	0	0	0	0	
311592	Paracentral_Lobule_L	15192	9852	7634	3080	0	0	628	124	0	0	190	0	0	0	0	0	1814	0	18004	19076	0	0	0	0	0	0	0	0	2420	180	0	0	3770	10642	2578	1660	944	802	118	456	0	0	546	192	1452	172	128	170	672	0	3196	0	288	194	466	1510	8046	1726	2156	0	3236	0	1172	104	302	0	4392	1828	0	9524	2048	134	1954	162	1510	0	3210	360	718	0	912	0	0	0	2410	0	0	0	1742	0	0	0	0	0	0	0	0	0	0	0	0	0	0	0	0	0	0	0	0	0	0	0	0	0	0	0	
224544	Paracentral_Lobule_R	2218	9786	98	156	0	0	0	0	0	0	0	0	0	0	0	0	90	134	352	18438	0	0	0	0	0	0	0	0	182	584	0	0	2098	9174	3424	6144	158	360	0	310	0	0	272	1812	264	840	156	1378	156	1062	1518	500	346	362	560	914	1044	12868	302	1810	654	448	472	1656	0	688	1028	7614	9524	0	794	0	0	88	84	0	1612	192	0	180	292	1612	0	0	1206	1906	0	0	568	1504	0	0	0	0	0	0	0	170	0	0	0	0	0	0	0	0	0	0	0	0	110	0	0	0	0	0	
514396	Caudate_L	9470	7070	5632	5576	2148	610	7308	3878	200	0	8780	4664	4472	6982	2066	3656	1994	1484	6180	6132	9768	11848	1824	1032	886	564	6390	3688	19476	10194	5680	2830	1220	940	0	0	1980	542	248	266	1364	3076	0	0	0	0	0	0	0	0	150	0	0	0	1456	446	3132	452	136	0	828	0	104	0	0	0	112	110	2048	794	0	24108	18582	7862	4096	1276	12474	2938	230	104	896	176	532	532	226	0	0	0	1078	202	0	0	0	0	0	0	0	0	0	0	0	0	0	0	0	0	0	0	0	0	0	0	0	0	0	0	
656660	Caudate_R	1736	11084	2330	33814	1116	4414	2376	3340	102	346	4184	6926	1442	10178	778	9340	330	3358	1138	20052	7454	14254	1834	10052	756	3662	4392	9274	7074	17152	4758	15424	0	164	0	96	440	3298	86	1110	608	6112	0	154	0	0	142	0	0	0	0	0	0	0	226	3000	120	222	0	0	0	0	0	0	0	0	0	132	134	0	24108	0	6804	35378	786	10026	428	13056	0	238	128	906	196	2000	0	424	0	0	116	3222	0	0	0	0	0	0	0	0	0	0	0	0	0	0	0	0	0	0	0	0	0	0	0	0	0	0	
348368	Putamen_L	2652	654	8676	1192	5004	152	3194	680	600	0	3650	1122	4934	2710	4096	990	546	188	8810	1136	2302	4288	3312	574	1094	96	1960	680	28800	3522	6588	1738	88	290	0	0	9274	212	1952	92	1232	1334	0	0	0	0	134	0	0	0	0	0	0	0	6146	138	0	0	0	0	0	0	0	0	0	0	0	0	1954	0	18582	6804	0	3744	5826	588	1940	138	0	0	1688	0	2080	138	420	0	0	0	2926	0	96	0	0	0	0	0	324	0	104	0	0	0	0	0	0	0	0	0	0	0	0	0	0	0	0	0	
596080	Putamen_R	876	3804	714	22080	350	3228	376	5234	0	770	712	7750	432	5146	276	10536	0	3718	654	13008	2144	5700	1068	7754	152	1746	1146	5534	1668	32054	1662	10722	0	256	0	98	844	19398	0	8262	200	9292	0	850	0	382	482	242	0	510	0	386	0	294	130	18530	254	1814	0	0	0	0	0	0	0	0	0	432	162	88	7862	35378	3744	0	746	15032	142	2142	0	262	0	2192	0	774	0	1810	0	0	0	13560	0	0	0	0	0	0	0	208	0	268	0	0	0	0	0	0	0	0	0	0	0	0	0	0	0	0	
45820	Pallidum_L	1312	696	1062	316	0	0	588	0	0	0	0	0	0	0	0	156	0	0	2200	438	0	202	0	138	0	0	0	0	106	0	0	160	110	100	0	0	0	0	0	0	0	0	0	0	0	0	0	0	0	0	0	0	0	0	0	0	0	0	0	0	0	0	0	0	0	0	0	0	1510	84	4096	786	5826	746	0	220	1964	94	0	0	0	0	0	0	0	0	0	0	0	0	0	0	0	0	0	0	0	0	0	0	0	0	0	0	0	0	0	0	0	0	0	0	0	0	0	0	
122420	Pallidum_R	112	1016	118	4582	0	1018	0	592	0	222	0	972	136	914	0	2098	0	214	106	1410	0	428	270	2018	0	558	0	1186	194	3102	206	3680	0	0	0	0	226	2380	0	2128	0	182	0	0	0	0	0	0	0	0	0	0	0	0	0	2136	0	0	0	0	0	0	0	0	0	0	0	0	0	0	1276	10026	588	15032	220	0	0	594	0	0	0	88	0	0	0	158	0	0	0	1024	0	0	0	0	0	0	0	0	0	0	0	0	0	0	0	0	0	0	0	0	0	0	0	0	0	0	
189444	Thalamus_L	9866	5706	1538	1030	0	0	2782	90	0	0	180	90	144	96	0	0	858	0	2264	4962	0	0	114	0	0	0	0	0	3404	150	0	0	2424	1230	160	180	7160	1196	4258	814	144	0	0	0	0	0	3054	622	0	0	236	0	114	0	2904	254	512	180	0	0	254	0	216	0	164	0	172	172	3210	1612	12474	428	1940	142	1964	0	0	6036	904	0	1124	0	0	0	1352	0	0	0	1388	0	194	0	0	0	182	0	1238	550	190	100	0	0	0	0	0	0	0	0	0	0	0	0	0	0	0	0	
229136	Thalamus_R	4418	20072	404	17772	0	0	342	604	0	0	142	394	216	408	0	406	0	248	278	3930	0	0	108	226	0	0	0	0	836	732	88	208	0	190	1006	1232	2590	8904	1222	5680	0	388	0	112	0	0	1002	3420	0	0	132	0	0	0	840	2998	182	436	0	0	152	0	0	0	0	86	310	700	360	192	2938	13056	138	2142	94	594	6036	0	262	0	134	0	0	172	146	0	0	0	320	168	0	374	0	0	0	0	212	2864	0	500	0	0	0	0	0	0	0	0	0	262	190	0	0	0	0	0	
122360	Heschl_L	5980	126	1102	0	0	0	142	0	0	0	964	0	206	0	0	0	9156	0	1468	0	0	0	0	0	0	0	0	0	11564	0	0	0	0	0	742	120	2052	136	0	86	0	0	0	0	0	0	0	0	0	0	474	0	330	0	1420	0	5048	0	0	0	500	0	650	0	308	0	0	0	718	0	230	0	0	0	0	0	904	262	0	0	9246	0	0	0	4404	0	0	0	2442	0	218	0	0	0	0	0	0	0	182	0	0	0	0	0	0	0	0	0	0	0	0	0	0	0	0	0	
84564	Heschl_R	0	1194	0	634	0	0	0	120	0	0	0	906	0	142	0	0	0	6916	0	648	0	0	0	0	0	0	0	0	0	6668	0	0	0	0	0	0	0	452	0	136	0	0	0	260	0	242	0	88	0	370	0	328	0	90	0	728	0	1436	0	282	0	374	0	1036	0	554	0	256	0	180	104	238	0	262	0	0	0	0	0	0	0	12248	0	448	0	4198	0	0	0	744	0	0	0	0	0	0	0	0	0	0	0	0	0	0	0	0	0	0	0	0	0	0	0	0	0	0	
310132	Temporal_Sup_L	5132	302	3860	144	0	0	854	144	0	0	6448	116	576	118	0	0	16486	0	4494	186	0	0	0	0	0	0	0	0	19624	128	100	92	0	0	366	230	3088	136	180	110	0	0	0	0	0	0	0	0	0	0	1356	0	782	0	4852	144	6806	250	944	0	2620	0	9156	0	2286	0	184	0	912	292	896	128	1688	0	0	0	1124	134	9246	0	0	0	4214	0	28942	0	0	0	14850	0	184	0	0	0	0	0	0	0	162	0	0	0	0	0	0	0	0	0	0	0	0	0	0	0	0	0	
226020	Temporal_Sup_R	90	3216	96	1596	0	0	84	312	0	0	0	1964	0	302	0	0	0	11110	84	2912	0	0	0	0	0	0	0	0	96	16330	0	0	0	0	0	86	0	1560	0	500	0	0	0	652	0	152	0	182	0	250	0	420	0	176	0	2400	0	3554	0	646	0	2406	0	6594	0	5618	0	552	0	1612	176	906	0	2192	0	88	0	0	0	12248	0	0	0	3574	0	21030	0	748	0	6496	0	0	0	0	0	0	0	0	0	0	0	0	0	0	0	0	0	0	0	0	0	0	0	0	0	0	
95660	Temporal_Pole_Sup_L	0	0	1626	0	2364	0	194	0	448	0	1548	0	700	200	3972	0	980	0	702	0	1266	160	180	0	132	0	432	0	7480	176	134	0	0	0	0	0	1204	0	522	0	1236	0	0	0	0	0	0	0	0	0	0	0	0	0	1498	0	0	0	0	0	0	0	0	0	0	0	0	0	0	0	532	196	2080	0	0	0	0	0	0	0	4214	0	0	0	6676	0	2024	0	4954	0	0	0	0	0	0	0	0	0	0	0	0	0	0	0	0	0	0	0	0	0	0	0	0	0	0	0	
124756	Temporal_Pole_Sup_R	0	198	0	1394	0	818	0	0	0	0	96	1576	0	128	0	1840	0	3172	0	1192	486	1944	0	0	0	102	228	1146	170	5412	152	218	0	0	0	0	0	1660	0	3618	0	4286	0	0	0	0	0	0	0	0	0	0	0	0	0	6048	0	0	0	0	0	0	0	0	0	0	0	0	0	0	532	2000	138	774	0	0	0	172	0	448	0	3574	0	0	0	6810	0	7346	0	4700	0	0	0	0	0	0	0	0	0	0	0	0	0	0	0	0	0	0	0	0	0	0	0	0	0	0	
464992	Temporal_Mid_L	2866	418	600	0	0	0	178	0	0	0	1264	0	96	0	0	0	4646	0	698	306	0	0	0	0	0	0	0	0	7372	0	0	0	112	340	1108	690	1404	146	94	128	270	0	2430	0	3166	0	744	0	3606	0	28784	0	6750	0	5636	214	6084	732	3088	0	21148	0	18578	0	19598	0	3164	0	2410	1206	226	0	420	0	0	0	1352	146	4404	0	28942	0	6676	0	0	0	1096	0	38566	0	380	0	0	0	0	0	0	0	214	0	0	0	0	0	0	0	0	0	0	0	0	0	0	0	0	0	
320284	Temporal_Mid_R	0	2368	0	532	0	0	0	0	0	0	0	962	0	0	0	84	0	2482	0	1344	0	0	0	166	0	0	0	0	0	15120	0	0	0	0	378	864	0	1782	0	846	0	218	0	1306	0	2662	0	490	0	4738	0	11440	0	2072	0	2942	0	5114	0	2656	0	8418	0	2668	0	11000	514	3288	0	1906	0	424	0	1810	0	158	0	0	0	4198	0	21030	0	6810	0	0	0	3806	0	33546	0	0	0	0	0	0	0	0	0	0	0	0	0	0	0	0	0	0	0	0	0	0	0	0	0	0	
12792	Temporal_Pole_Mid_L	0	0	0	0	0	0	0	0	0	0	0	0	0	0	0	0	0	0	0	0	0	0	0	0	0	0	0	0	102	0	0	0	0	0	0	0	0	0	180	0	0	0	0	0	0	0	0	0	0	0	0	0	0	0	758	0	0	0	0	0	0	0	0	0	0	0	0	0	0	0	0	0	0	0	0	0	0	0	0	0	0	0	2024	0	1096	0	0	0	2236	0	0	0	0	0	0	0	0	0	0	0	0	0	0	0	0	0	0	0	0	0	0	0	0	0	0	0	
42444	Temporal_Pole_Mid_R	0	0	0	0	0	0	0	0	0	0	0	0	0	0	0	0	0	0	0	0	0	0	0	0	0	0	0	0	0	422	0	0	0	0	0	0	0	218	0	1826	0	492	0	0	0	0	0	0	0	0	0	0	0	0	0	3402	0	0	0	0	0	0	0	0	0	0	0	0	0	0	0	0	0	0	0	0	0	0	0	0	0	748	0	7346	0	3806	0	0	0	2962	0	0	0	0	0	0	0	0	0	0	0	0	0	0	0	0	0	0	0	0	0	0	0	0	0	0	
383840	Temporal_Inf_L	2162	350	1648	128	0	0	356	98	0	0	544	0	188	102	0	0	1412	0	3586	326	120	0	0	0	0	0	0	0	14186	136	0	0	0	126	1208	752	13184	438	2718	266	3428	0	1256	114	738	0	982	242	476	0	7128	0	7124	0	21000	200	3884	396	1652	0	8780	0	6538	0	4320	0	1644	106	1742	568	1078	116	2926	0	0	0	1388	320	2442	0	14850	0	4954	0	38566	0	2236	0	0	0	3568	0	454	0	226	0	574	186	1296	0	238	0	150	0	0	0	0	0	0	0	0	0	0	0	0	0	
411988	Temporal_Inf_R	88	2506	0	3064	0	0	0	362	0	0	0	2248	0	708	0	450	0	1068	92	3742	0	0	0	512	0	0	0	0	132	16042	0	248	0	168	1000	1710	96	16574	0	7606	0	2564	118	7858	120	4346	0	1898	0	4958	0	4502	0	4312	112	26934	0	4380	0	2018	0	2640	0	1576	0	2260	948	6182	0	1504	202	3222	0	13560	0	1024	0	168	0	744	0	6496	0	4700	0	33546	0	2962	0	0	0	756	0	98	0	0	0	294	0	420	0	0	0	156	0	0	0	0	0	0	0	0	0	0	0	0	
507404	Cerebelum_Crus1_L	0	0	0	0	0	0	0	0	0	0	0	0	0	0	0	0	126	0	0	0	0	0	0	0	0	0	0	0	360	0	0	0	0	0	176	84	830	0	586	0	0	0	546	192	238	0	7672	5170	290	0	640	0	1016	0	26048	3198	0	0	0	0	0	0	0	0	0	0	732	0	0	0	0	0	96	0	0	0	194	0	218	0	184	0	0	0	380	0	0	0	3568	0	0	5496	32910	3598	7180	1576	22728	2882	56438	10782	12878	116	13628	112	1440	924	180	88	534	2968	6762	8758	7214	908	880	178	
480784	Cerebelum_Crus1_R	0	0	0	0	0	0	0	0	0	0	0	0	0	0	0	0	0	0	0	0	0	0	0	0	0	0	0	0	0	0	0	0	0	0	146	168	246	712	158	1032	0	0	0	0	0	0	1324	5496	0	0	102	0	86	336	638	11120	0	0	0	0	0	0	0	0	0	0	0	258	0	0	0	0	0	0	0	0	0	374	0	0	0	0	0	0	0	0	0	0	0	756	5496	0	4980	28206	3190	6950	5956	24024	6328	58770	826	6366	1768	19894	474	5510	0	2002	1026	5646	12888	6686	6820	1860	1426	348	
476148	Cerebelum_Crus2_L	0	0	0	0	0	0	0	0	0	0	0	0	0	0	0	0	0	0	0	0	0	0	0	0	0	0	0	0	0	0	0	0	0	0	0	0	0	0	0	0	0	0	0	156	0	0	1070	2304	0	0	0	0	0	0	4530	1656	0	0	0	0	0	0	0	0	0	0	0	0	0	0	0	0	0	0	0	0	0	0	0	0	0	0	0	0	0	0	0	0	454	0	32910	4980	0	18614	5230	1772	6084	1658	15722	7334	37186	5262	36362	3274	6156	2158	1008	286	588	2976	3234	6154	19442	6942	2302	270	
416292	Cerebelum_Crus2_R	0	0	0	0	0	0	0	0	0	0	0	0	0	0	0	0	0	0	0	0	0	0	0	0	0	0	0	0	0	0	0	0	0	0	0	0	0	0	0	0	0	0	0	96	0	0	314	2036	0	0	0	0	0	0	450	1944	0	0	0	0	0	0	0	0	0	0	0	0	0	0	0	0	0	0	0	0	0	0	0	0	0	0	0	0	0	0	0	0	0	98	3598	28206	18614	0	2014	912	2600	1526	2696	12906	7848	22162	10198	35222	2230	11488	416	2114	680	1710	1764	3480	19208	7644	3688	284	
156648	Cerebelum_3_L	0	0	0	0	0	0	0	0	0	0	0	0	0	0	0	0	0	0	0	0	0	0	0	0	0	0	0	0	0	0	0	0	0	0	0	0	518	0	1290	0	0	0	0	0	0	0	1492	326	0	0	0	0	0	0	1624	0	0	0	0	0	0	0	0	0	0	0	0	0	0	0	0	0	0	0	0	0	182	0	0	0	0	0	0	0	0	0	0	0	226	0	7180	3190	5230	2014	0	1986	13892	2180	8532	3340	2038	510	3750	890	896	632	146	0	1318	5012	4762	940	2444	988	510	286	
102180	Cerebelum_3_R	0	0	0	0	0	0	0	0	0	0	0	0	0	0	0	0	0	0	0	0	0	0	0	0	0	0	0	0	0	0	0	0	0	0	0	0	0	376	0	500	0	0	0	0	0	0	0	326	0	0	0	0	0	0	208	584	0	0	0	0	0	0	0	0	0	0	0	0	0	0	0	0	0	0	0	0	0	0	0	0	0	0	0	0	0	0	0	0	0	0	1576	6950	1772	912	1986	0	1976	7516	1604	8368	452	300	774	414	224	1050	0	94	1072	5726	2678	564	1272	928	786	102	
404448	Cerebelum_4_5_L	120	0	0	0	0	0	0	0	0	0	0	0	0	0	0	0	0	0	0	0	0	0	0	0	0	0	0	0	242	0	0	0	0	0	354	0	4114	226	5912	92	142	0	582	0	0	0	13658	4494	142	0	670	0	924	0	15970	1534	0	0	0	0	0	0	0	0	0	0	1766	0	0	0	0	0	324	0	0	0	1238	212	0	0	0	0	0	0	0	0	0	0	574	0	22728	5956	6084	2600	13892	1976	0	5694	37036	9154	2134	518	4272	946	2422	1082	174	0	1030	5494	15612	3980	3092	1420	812	826	
335992	Cerebelum_4_5_R	182	256	0	146	0	0	0	0	0	0	0	0	0	0	0	0	0	0	0	0	0	0	0	0	0	0	0	0	0	110	0	0	0	0	1032	2046	1596	6420	942	9200	0	340	0	1868	0	720	1712	13528	0	302	138	138	170	94	1368	9352	0	142	0	92	0	0	0	0	0	0	362	3772	0	170	0	0	0	208	0	0	550	2864	0	0	0	0	0	0	0	0	0	0	186	294	2882	24024	1658	1526	2180	7516	5694	0	4020	30566	530	506	840	1008	330	776	0	1180	282	3992	15562	724	850	576	386	88	
532988	Cerebelum_6_L	0	0	0	0	0	0	0	0	0	0	0	0	0	0	0	0	108	0	0	0	0	0	0	0	0	0	0	0	342	0	0	0	0	0	242	104	1146	0	1066	0	0	0	666	134	162	0	13412	9130	256	0	1094	0	1284	0	29400	4196	0	0	0	0	0	0	0	0	0	0	984	0	0	0	0	0	104	0	0	0	190	0	182	0	162	0	0	0	214	0	0	0	1296	0	56438	6328	15722	2696	8532	1604	37036	4020	0	14992	6550	172	7380	322	1924	748	276	0	798	3754	11652	12848	4950	830	552	496	
557012	Cerebelum_6_R	0	0	0	0	0	0	0	0	0	0	0	0	0	0	0	0	0	0	0	0	0	0	0	0	0	0	0	0	0	108	0	0	0	0	242	302	358	1616	252	2186	0	330	256	370	0	0	4420	15284	0	0	278	0	408	228	2456	18662	0	0	0	0	0	0	0	0	0	0	94	376	0	0	0	0	0	268	0	0	100	500	0	0	0	0	0	0	0	0	0	0	0	420	10782	58770	7334	12906	3340	8368	9154	30566	14992	0	758	1934	1730	6894	976	2896	0	2332	1778	6842	18064	16502	8406	1738	1464	466	
288832	Cerebelum_7b_L	0	0	0	0	0	0	0	0	0	0	0	0	0	0	0	0	0	0	0	0	0	0	0	0	0	0	0	0	0	0	0	0	0	0	0	0	0	0	0	0	0	0	0	0	0	0	0	0	0	0	0	0	0	0	2602	0	0	0	0	0	0	0	0	0	0	0	0	0	0	0	0	0	0	0	0	0	0	0	0	0	0	0	0	0	0	0	0	0	238	0	12878	826	37186	7848	2038	452	2134	530	6550	758	0	6218	36496	3216	6562	806	842	0	0	736	892	136	6256	7564	652	0	
195876	Cerebelum_7b_R	0	0	0	0	0	0	0	0	0	0	0	0	0	0	0	0	0	0	0	0	0	0	0	0	0	0	0	0	0	0	0	0	0	0	0	0	0	0	0	0	0	0	0	0	0	0	0	0	0	0	0	0	0	0	0	470	0	0	0	0	0	0	0	0	0	0	0	0	0	0	0	0	0	0	0	0	0	0	0	0	0	0	0	0	0	0	0	0	0	0	116	6366	5262	22162	510	300	518	506	172	1934	6218	0	4902	26380	564	8516	126	344	0	376	418	0	3560	6906	1212	100	
