data	data	631116	269372	1.26933e+06	1.16828e+06	293904	201368	741272	240768	99288	85540	305468	294260	339876	277392	187168	103172	254092	142828	1.0605e+06	1.31986e+06	78524	80336	573792	581752	39260	212592	57108	61480	869380	391108	417300	747356	186900	694656	176312	147048	259100	263116	71576	115576	37392	58628	176388	232352	121368	212940	185520	163744	130908	216292	393900	159916	128060	90664	307760	267468	341424	285536	155444	67832	314492	190048	173684	113868	223884	182936	198480	283476	326444	200248	345684	586956	511860	359632	114192	47360	174808	199552	82572	32244	280312	97260	98200	48104	349268	161272	30764	15292	243460	125208	346608	253460	223504	214980	23548	45108	187836	140576	319840	256124	149444	115556	211212	211956	99500	85816	13892	5652	6948	22556	96788	108596	117792	88320	57552	39408	
data	data	Precentral_L	Precentral_R	Frontal_Sup_L	Frontal_Sup_R	Frontal_Sup_Orb_L	Frontal_Sup_Orb_R	Frontal_Mid_L	Frontal_Mid_R	Frontal_Mid_Orb_L	Frontal_Mid_Orb_R	Frontal_Inf_Oper_L	Frontal_Inf_Oper_R	Frontal_Inf_Tri_L	Frontal_Inf_Tri_R	Frontal_Inf_Orb_L	Frontal_Inf_Orb_R	Rolandic_Oper_L	Rolandic_Oper_R	Supp_Motor_Area_L	Supp_Motor_Area_R	Olfactory_L	Olfactory_R	Frontal_Sup_Medial_L	Frontal_Sup_Medial_R	Frontal_Med_Orb_L	Frontal_Med_Orb_R	Rectus_L	Rectus_R	Insula_L	Insula_R	Cingulum_Ant_L	Cingulum_Ant_R	Cingulum_Mid_L	Cingulum_Mid_R	Cingulum_Post_L	Cingulum_Post_R	Hippocampus_L	Hippocampus_R	ParaHippocampal_L	ParaHippocampal_R	Amygdala_L	Amygdala_R	Calcarine_L	Calcarine_R	Cuneus_L	Cuneus_R	Lingual_L	Lingual_R	Occipital_Sup_L	Occipital_Sup_R	Occipital_Mid_L	Occipital_Mid_R	Occipital_Inf_L	Occipital_Inf_R	Fusiform_L	Fusiform_R	Postcentral_L	Postcentral_R	Parietal_Sup_L	Parietal_Sup_R	Parietal_Inf_L	Parietal_Inf_R	SupraMarginal_L	SupraMarginal_R	Angular_L	Angular_R	Precuneus_L	Precuneus_R	Paracentral_Lobule_L	Paracentral_Lobule_R	Caudate_L	Caudate_R	Putamen_L	Putamen_R	Pallidum_L	Pallidum_R	Thalamus_L	Thalamus_R	Heschl_L	Heschl_R	Temporal_Sup_L	Temporal_Sup_R	Temporal_Pole_Sup_L	Temporal_Pole_Sup_R	Temporal_Mid_L	Temporal_Mid_R	Temporal_Pole_Mid_L	Temporal_Pole_Mid_R	Temporal_Inf_L	Temporal_Inf_R	Cerebelum_Crus1_L	Cerebelum_Crus1_R	Cerebelum_Crus2_L	Cerebelum_Crus2_R	Cerebelum_3_L	Cerebelum_3_R	Cerebelum_4_5_L	Cerebelum_4_5_R	Cerebelum_6_L	Cerebelum_6_R	Cerebelum_7b_L	Cerebelum_7b_R	Cerebelum_8_L	Cerebelum_8_R	Cerebelum_9_L	Cerebelum_9_R	Cerebelum_10_L	Cerebelum_10_R	Vermis_1_2	Vermis_3	Vermis_4_5	Vermis_6	Vermis_7	Vermis_8	Vermis_9	Vermis_10	
631116	Precentral_L	0	0	34294	2838	1762	0	29238	0	110	0	17020	0	4728	0	294	0	12044	0	32074	9992	0	0	1406	250	0	0	0	0	28138	0	1386	654	540	2000	0	0	11156	0	660	0	106	0	0	0	0	0	0	0	0	0	358	0	280	0	586	0	33536	576	270	0	6450	0	3198	0	1534	0	0	0	20490	964	7728	1076	19284	0	5544	0	15390	146	3582	0	2932	0	0	0	360	0	0	0	584	0	0	0	0	0	0	0	0	0	0	0	0	0	0	0	0	0	0	0	0	0	0	0	0	0	0	0	
269372	Precentral_R	0	0	322	19210	114	0	188	4376	0	0	0	13888	0	982	0	0	0	4104	1394	7842	0	0	176	0	0	0	0	0	0	3558	224	280	0	240	0	0	330	2528	224	258	0	0	0	196	0	0	0	0	0	0	0	0	0	206	0	226	0	18726	0	0	0	402	0	928	0	0	0	406	588	4610	2112	12398	590	3424	350	282	1182	26888	0	0	0	592	0	0	0	176	0	0	0	166	0	0	0	0	0	0	0	0	0	0	0	0	0	0	0	0	0	0	0	0	0	0	0	0	0	0	
1.26933e+06	Frontal_Sup_L	34294	322	0	20678	19774	396	104550	1552	2710	0	18746	616	32322	4388	7826	0	9412	0	74792	28612	0	0	58296	20010	504	1134	0	0	64218	598	17196	16544	5530	16210	0	0	3360	0	106	0	0	0	0	0	0	0	0	0	0	0	0	0	0	0	550	0	2682	266	0	0	344	0	108	0	0	0	0	0	6584	0	11582	4030	26146	256	4994	166	226	0	984	0	5764	0	3722	0	838	0	0	0	0	0	172	0	0	0	0	0	270	0	284	0	0	0	0	0	0	0	0	0	0	0	0	0	0	0	0	0	
1.16828e+06	Frontal_Sup_R	2838	19210	20678	0	3228	12580	6766	38602	0	3938	1148	21046	1392	17010	180	6370	174	5266	34780	97586	0	146	14794	48054	0	11412	0	0	5916	21640	9118	41740	1446	30290	0	118	360	1482	0	208	0	460	0	0	0	0	0	124	0	0	0	0	0	0	0	106	1500	2058	0	0	0	0	0	0	0	0	0	152	1306	686	5696	42434	4814	16410	1080	3102	1414	23070	0	0	0	0	0	212	0	0	0	0	0	0	0	0	0	0	0	0	0	0	0	0	0	0	0	0	0	0	0	0	0	0	0	0	0	0	0	0	
293904	Frontal_Sup_Orb_L	1762	114	19774	3228	0	0	8404	1478	16280	0	200	0	2810	0	18324	0	0	0	4264	2778	1242	0	6014	160	4184	180	6126	0	17200	0	3358	428	0	0	0	0	584	0	0	0	0	0	0	0	0	0	0	0	0	0	0	0	0	0	0	0	0	0	0	0	0	0	0	0	0	0	0	0	0	0	4146	504	22334	256	0	278	0	0	0	0	152	0	390	0	0	0	0	0	0	0	0	0	0	0	0	0	0	0	0	0	0	0	0	0	0	0	0	0	0	0	0	0	0	0	0	0	
201368	Frontal_Sup_Orb_R	0	0	396	12580	0	0	0	1506	0	11054	0	250	0	1730	0	7024	0	0	1632	7040	0	1052	320	8408	0	11824	0	6696	0	3300	366	5522	0	1070	0	0	0	0	0	0	0	0	0	0	0	0	0	0	0	0	0	0	0	0	0	0	0	0	0	0	0	0	0	0	0	0	0	0	0	0	292	6620	0	11528	0	336	138	0	0	0	0	0	0	0	0	0	0	0	0	0	0	0	0	0	0	0	0	0	0	0	0	0	0	0	0	0	0	0	0	0	0	0	0	0	0	0	
741272	Frontal_Mid_L	29238	188	104550	6766	8404	0	0	968	2244	0	18476	208	44484	1384	5970	0	2400	0	17264	9522	0	0	21722	6114	0	188	0	0	45906	218	5704	5680	1950	5246	0	0	2220	0	0	0	0	0	0	0	0	0	0	0	0	0	0	0	0	0	0	0	2246	148	0	0	938	0	462	0	0	0	0	0	142	0	7232	1846	6516	0	1078	0	812	0	918	0	952	0	332	0	0	0	0	0	0	0	0	0	0	0	0	0	0	0	0	0	0	0	0	0	0	0	0	0	0	0	0	0	0	0	0	0	
240768	Frontal_Mid_R	0	4376	1552	38602	1478	1506	968	0	0	2732	0	11120	0	16126	0	5732	0	1522	1228	6138	0	0	490	6694	0	136	0	0	1398	6396	138	1388	0	1848	0	0	0	0	0	0	0	0	0	0	0	0	0	0	0	0	0	0	0	0	0	0	0	740	0	0	0	180	0	288	0	0	0	0	0	0	1658	1536	1512	2372	0	360	0	170	0	0	0	0	0	0	0	0	0	0	0	0	0	0	0	0	0	0	0	0	0	0	0	0	0	0	0	0	0	0	0	0	0	0	0	0	0	0	
99288	Frontal_Mid_Orb_L	110	0	2710	0	16280	0	2244	0	0	0	134	0	694	0	14664	0	0	0	188	0	0	0	0	0	152	0	1542	0	4274	0	0	0	0	0	0	0	146	0	0	0	0	0	0	0	0	0	0	0	0	0	0	0	0	0	0	0	0	0	0	0	0	0	0	0	0	0	0	0	0	0	0	0	6136	0	0	0	0	0	0	0	0	0	370	0	0	0	0	0	0	0	0	0	0	0	0	0	0	0	0	0	0	0	0	0	0	0	0	0	0	0	0	0	0	0	0	0	
85540	Frontal_Mid_Orb_R	0	0	0	3938	0	11054	0	2732	0	0	0	0	0	2588	0	11544	0	0	1176	2584	0	222	0	0	0	206	0	208	0	3430	0	264	0	1448	0	0	0	0	0	0	0	0	0	0	0	0	0	0	0	0	0	0	0	0	0	0	0	0	0	0	0	0	0	0	0	0	0	0	0	0	0	442	0	934	0	0	0	0	0	0	0	0	0	0	0	0	0	0	0	0	0	0	0	0	0	0	0	0	0	0	0	0	0	0	0	0	0	0	0	0	0	0	0	0	0	0	
305468	Frontal_Inf_Oper_L	17020	0	18746	1148	200	0	18476	0	134	0	0	0	20610	0	180	0	13396	0	5362	1622	0	0	942	202	0	0	0	0	24516	0	280	122	146	316	0	0	1000	0	0	0	0	0	0	0	0	0	0	0	0	0	192	0	0	0	0	0	8658	0	258	0	3126	0	708	0	144	0	0	0	208	0	140	0	2194	0	278	0	0	0	1022	0	6314	0	4108	0	966	0	0	0	0	0	0	0	0	0	0	0	0	0	0	0	0	0	0	0	0	0	0	0	0	0	0	0	0	0	0	0	
294260	Frontal_Inf_Oper_R	0	13888	616	21046	0	250	208	11120	0	0	0	0	0	14616	0	0	0	9666	2118	16988	0	0	438	2236	0	0	0	0	0	25150	334	1662	114	1684	0	0	0	1014	0	0	0	0	0	0	0	0	0	0	0	0	0	0	0	220	0	224	0	6150	0	0	0	310	0	480	0	0	0	142	0	354	0	5878	0	8382	0	542	0	146	0	0	0	614	0	158	0	210	0	0	0	172	0	0	0	0	0	0	0	0	0	0	0	0	0	0	0	0	0	0	0	0	0	0	0	0	0	0	
339876	Frontal_Inf_Tri_L	4728	0	32322	1392	2810	0	44484	0	694	0	20610	0	0	426	9322	0	2080	0	6404	2258	0	0	3864	794	0	0	0	0	28088	0	2398	610	354	700	0	0	232	0	0	0	0	0	0	0	0	0	0	0	0	0	0	0	0	0	0	0	1996	0	0	0	0	0	0	0	0	0	0	0	0	0	592	0	966	0	0	0	0	0	166	0	690	0	958	0	0	0	0	0	0	0	0	0	0	0	0	0	0	0	0	0	0	0	0	0	0	0	0	0	0	0	0	0	0	0	0	0	
277392	Frontal_Inf_Tri_R	0	982	4388	17010	0	1730	1384	16126	0	2588	0	14616	426	0	0	3386	0	634	6682	13280	0	0	3644	10726	0	0	0	0	346	15198	888	7844	1100	11928	0	0	0	0	0	0	0	0	0	0	0	0	0	0	0	0	0	0	0	0	0	0	0	264	0	0	0	0	0	0	0	0	0	0	0	0	132	1608	0	1612	0	174	0	0	0	0	0	0	0	0	0	0	0	0	0	0	0	0	0	0	0	0	0	0	0	0	0	0	0	0	0	0	0	0	0	0	0	0	0	0	0	0	
187168	Frontal_Inf_Orb_L	294	0	7826	180	18324	0	5970	0	14664	0	180	0	9322	0	0	0	0	0	702	210	1700	0	160	0	0	0	976	0	14616	0	212	0	0	0	0	0	2940	0	170	0	1826	0	0	0	0	0	0	0	0	0	0	0	0	0	0	0	0	0	0	0	0	0	0	0	0	0	0	0	0	0	256	0	10168	0	0	0	0	0	0	0	628	0	2260	0	0	0	0	0	0	0	0	0	0	0	0	0	0	0	0	0	0	0	0	0	0	0	0	0	0	0	0	0	0	0	0	0	
103172	Frontal_Inf_Orb_R	0	0	0	6370	0	7024	0	5732	0	11544	0	0	0	3386	0	0	0	0	1708	2280	0	1048	0	142	0	0	0	638	0	6216	0	430	0	2044	0	0	0	0	0	0	0	276	0	0	0	0	0	0	0	0	0	0	0	0	0	0	0	0	0	0	0	0	0	0	0	0	0	0	0	0	0	394	0	2068	0	0	0	0	0	0	0	0	0	286	0	0	0	0	0	0	0	0	0	0	0	0	0	0	0	0	0	0	0	0	0	0	0	0	0	0	0	0	0	0	0	0	
254092	Rolandic_Oper_L	12044	0	9412	174	0	0	2400	0	0	0	13396	0	2080	0	0	0	0	0	4894	1152	0	0	0	0	0	0	0	0	24944	0	0	0	0	0	0	0	464	0	0	0	0	0	0	0	0	0	370	0	0	0	518	0	1550	0	2690	0	12496	0	558	0	1498	0	8050	0	1082	0	0	0	1008	0	0	0	244	0	0	0	0	0	4852	0	13794	0	2594	0	3266	0	0	0	1516	0	0	0	0	0	0	0	0	0	0	0	0	0	0	0	0	0	0	0	0	0	0	0	0	0	0	0	
142828	Rolandic_Oper_R	0	4104	0	5266	0	0	0	1522	0	0	0	9666	0	634	0	0	0	0	1346	6836	0	0	0	0	0	0	0	0	0	17674	0	276	0	132	0	0	0	2374	0	0	0	0	0	0	0	0	0	0	0	0	0	0	0	0	0	152	0	5848	0	0	0	0	0	1964	0	0	0	0	0	146	174	1244	0	5322	0	548	0	238	0	3522	0	1948	0	360	0	0	0	0	0	118	0	0	0	0	0	0	0	0	0	0	0	0	0	0	0	0	0	0	0	0	0	0	0	0	0	0	
1.0605e+06	Supp_Motor_Area_L	32074	1394	74792	34780	4264	1632	17264	1228	188	1176	5362	2118	6404	6682	702	1708	4894	1346	0	83400	0	0	17288	13706	120	1412	0	0	28710	2794	10460	23464	11912	41930	402	232	3562	318	106	0	126	0	0	0	0	0	0	0	0	0	162	0	0	0	564	0	3310	1334	0	0	342	0	0	0	0	0	200	0	19646	424	10120	7466	26006	2796	8224	1136	7452	0	528	0	1602	0	148	0	0	0	0	0	112	0	172	0	0	0	0	0	270	0	284	0	0	0	0	0	0	0	0	0	0	0	0	0	0	0	0	0	
1.31986e+06	Supp_Motor_Area_R	9992	7842	28612	97586	2778	7040	9522	6138	0	2584	1622	16988	2258	13280	210	2280	1152	6836	83400	0	0	0	13802	24164	0	6144	0	0	7108	20866	8456	37742	6990	61708	976	2062	998	1568	0	0	0	0	0	494	0	688	0	0	0	478	782	106	366	226	274	204	4738	6488	0	0	312	0	108	0	206	0	0	1860	13466	18454	12688	42868	12686	24002	6470	4046	8486	4370	272	274	134	230	0	410	836	0	0	0	202	0	0	0	0	0	0	0	0	0	0	0	0	0	0	0	0	0	0	0	0	0	0	0	0	0	0	0	
78524	Olfactory_L	0	0	0	0	1242	0	0	0	0	0	0	0	0	0	1700	0	0	0	0	0	0	5612	0	0	562	176	2668	1036	2552	0	2756	1884	0	0	0	0	1740	0	608	0	2136	0	0	0	0	0	0	0	0	0	0	0	0	0	0	0	0	0	0	0	0	0	0	0	0	0	0	0	0	0	6730	2962	4394	170	0	0	0	0	0	0	0	0	334	0	0	0	0	0	0	0	0	0	0	0	0	0	0	0	0	0	0	0	0	0	0	0	0	0	0	0	0	0	0	0	0	0	
80336	Olfactory_R	0	0	0	146	0	1052	0	0	0	222	0	0	0	0	0	1048	0	0	0	0	5612	0	0	0	164	1402	1636	4122	0	2984	1930	3406	0	0	0	0	0	280	0	0	0	1802	0	0	0	0	0	0	0	0	0	0	0	0	0	0	0	0	0	0	0	0	0	0	0	0	0	0	0	0	6368	4444	2958	438	0	0	0	154	0	0	0	0	0	0	0	0	0	0	0	0	0	0	0	0	0	0	0	0	0	0	0	0	0	0	0	0	0	0	0	0	0	0	0	0	0	0	
573792	Frontal_Sup_Medial_L	1406	176	58296	14794	6014	320	21722	490	0	0	942	438	3864	3644	160	0	0	0	17288	13802	0	0	0	31628	1748	4194	358	0	4760	284	33448	23976	13332	18946	0	0	0	0	0	0	0	0	0	0	0	0	0	0	0	0	0	0	0	0	0	0	0	118	0	0	0	0	0	0	0	0	0	0	0	0	4410	1586	4452	194	0	106	0	0	0	0	0	0	0	0	0	0	0	0	0	0	0	0	0	0	0	0	0	0	0	0	0	0	0	0	0	0	0	0	0	0	0	0	0	0	0	0	
581752	Frontal_Sup_Medial_R	250	0	20010	48054	160	8408	6114	6694	0	0	202	2236	794	10726	0	142	0	0	13706	24164	0	0	31628	0	276	15062	0	290	756	1954	11090	40440	1940	23050	0	0	0	0	0	0	0	0	0	0	0	0	0	0	0	0	0	0	0	0	0	0	0	0	0	0	0	0	0	0	0	0	0	0	0	0	906	13264	232	7944	0	216	168	0	0	0	0	0	0	0	0	0	0	0	0	0	0	0	0	0	0	0	0	0	0	0	0	0	0	0	0	0	0	0	0	0	0	0	0	0	0	0	
39260	Frontal_Med_Orb_L	0	0	504	0	4184	0	0	0	152	0	0	0	0	0	0	0	0	0	120	0	562	164	1748	276	0	734	3588	152	196	0	4654	552	0	0	0	0	0	0	0	0	0	0	0	0	0	0	0	0	0	0	0	0	0	0	0	0	0	0	0	0	0	0	0	0	0	0	0	0	0	0	1254	0	790	0	0	0	0	0	0	0	0	0	0	0	0	0	0	0	0	0	0	0	0	0	0	0	0	0	0	0	0	0	0	0	0	0	0	0	0	0	0	0	0	0	0	0	
212592	Frontal_Med_Orb_R	0	0	1134	11412	180	11824	188	136	0	206	0	0	0	0	0	0	0	0	1412	6144	176	1402	4194	15062	734	0	396	7658	0	246	5862	15058	0	980	0	0	0	0	0	0	0	0	0	0	0	0	0	0	0	0	0	0	0	0	0	0	0	0	0	0	0	0	0	0	0	0	0	0	0	0	544	11150	126	9930	0	0	142	0	0	0	0	0	0	0	0	0	0	0	0	0	0	0	0	0	0	0	0	0	0	0	0	0	0	0	0	0	0	0	0	0	0	0	0	0	0	0	
57108	Rectus_L	0	0	0	0	6126	0	0	0	1542	0	0	0	0	0	976	0	0	0	0	0	2668	1636	358	0	3588	396	0	856	536	0	3536	688	0	0	0	0	0	0	0	0	0	0	0	0	0	0	0	0	0	0	0	0	0	0	0	0	0	0	0	0	0	0	0	0	0	0	0	0	0	0	2530	240	2878	0	0	0	0	0	0	0	0	0	0	0	0	0	0	0	0	0	0	0	0	0	0	0	0	0	0	0	0	0	0	0	0	0	0	0	0	0	0	0	0	0	0	0	
61480	Rectus_R	0	0	0	0	0	6696	0	0	0	208	0	0	0	0	0	638	0	0	0	0	1036	4122	0	290	152	7658	856	0	0	514	460	3480	0	0	0	0	0	0	0	0	0	0	0	0	0	0	0	0	0	0	0	0	0	0	0	0	0	0	0	0	0	0	0	0	0	0	0	0	0	0	996	1986	488	1160	0	0	0	0	0	0	0	0	0	0	0	0	0	0	0	0	0	0	0	0	0	0	0	0	0	0	0	0	0	0	0	0	0	0	0	0	0	0	0	0	0	0	
869380	Insula_L	28138	0	64218	5916	17200	0	45906	1398	4274	0	24516	0	28088	346	14616	0	24944	0	28710	7108	2552	0	4760	756	196	0	536	0	0	0	4446	1580	762	1406	0	0	20390	0	944	0	3118	0	0	0	0	0	368	0	0	0	228	0	1110	0	4108	0	10190	0	310	0	1352	0	6896	0	494	0	0	0	590	0	3774	820	26560	0	408	0	1212	0	9262	0	15974	0	6960	0	3140	0	124	0	2462	0	346	0	140	0	0	0	486	0	552	0	0	0	0	0	0	0	0	0	0	0	0	0	0	0	0	0	
391108	Insula_R	0	3558	598	21640	0	3300	218	6396	0	3430	0	25150	0	15198	0	6216	0	17674	2794	20866	0	2984	284	1954	0	246	0	514	0	0	514	2752	0	1642	0	0	0	8286	0	456	0	3460	0	0	0	0	0	0	0	0	0	0	0	118	0	1242	0	2442	0	0	0	0	0	332	0	0	0	0	0	0	338	7362	114	23954	0	1092	0	1334	0	1776	0	2302	0	1870	0	702	0	0	0	446	0	0	0	0	0	0	0	0	0	0	0	0	0	0	0	0	0	0	0	0	0	0	0	0	0	0	
417300	Cingulum_Ant_L	1386	224	17196	9118	3358	366	5704	138	0	0	280	334	2398	888	212	0	0	0	10460	8456	2756	1930	33448	11090	4654	5862	3536	460	4446	514	0	30966	11416	8362	558	152	190	0	0	0	0	0	0	0	0	0	0	0	0	0	0	0	0	0	0	0	0	160	0	0	0	0	0	0	0	0	0	0	0	0	11880	7390	6590	1120	262	0	268	122	0	0	0	0	0	0	0	0	0	0	0	0	0	0	0	0	0	0	0	0	0	0	0	0	0	0	0	0	0	0	0	0	0	0	0	0	0	0	
747356	Cingulum_Ant_R	654	280	16544	41740	428	5522	5680	1388	0	264	122	1662	610	7844	0	430	0	276	23464	37742	1884	3406	23976	40440	552	15058	688	3480	1580	2752	30966	0	6332	34272	0	544	556	0	0	0	0	0	0	0	0	0	0	0	0	0	0	0	0	0	0	0	0	0	0	0	0	0	0	0	0	0	0	0	0	0	9428	36910	2944	9964	726	148	1138	1138	146	0	0	0	0	0	0	0	0	0	0	0	0	0	0	0	0	0	0	0	0	0	0	0	0	0	0	0	0	0	0	0	0	0	0	0	0	0	
186900	Cingulum_Mid_L	540	0	5530	1446	0	0	1950	0	0	0	146	114	354	1100	0	0	0	0	11912	6990	0	0	13332	1940	0	0	0	0	762	0	11416	6332	0	14126	2522	508	0	376	0	0	0	0	232	0	320	0	0	0	580	0	938	0	0	0	0	0	274	172	0	0	0	0	0	0	0	0	2340	720	3720	284	1536	268	444	0	226	0	0	0	0	0	0	0	0	0	0	0	0	0	0	0	0	0	0	0	0	0	0	0	0	0	0	0	0	0	0	0	0	0	0	0	0	0	0	0	0	0	
694656	Cingulum_Mid_R	2000	240	16210	30290	0	1070	5246	1848	0	1448	316	1684	700	11928	0	2044	0	132	41930	61708	0	0	18946	23050	0	980	0	0	1406	1642	8362	34272	14126	0	2424	3954	570	538	0	0	0	0	0	404	0	458	0	0	0	266	1180	0	740	388	584	348	426	10214	0	0	0	0	0	0	0	0	196	3668	9976	15324	2054	1754	2720	166	2006	0	2996	0	0	0	0	0	0	0	1312	292	0	0	434	358	0	0	0	0	0	0	0	0	0	0	0	0	0	0	0	0	0	0	0	0	0	0	0	0	0	0	
176312	Cingulum_Post_L	0	0	0	0	0	0	0	0	0	0	0	0	0	0	0	0	0	0	402	976	0	0	0	0	0	0	0	0	0	0	558	0	2522	2424	0	15224	3222	11012	968	1278	0	0	5558	0	956	0	1486	0	662	0	10806	0	1804	248	950	344	0	1320	366	0	140	0	0	0	160	0	7828	1680	1682	1634	0	0	0	0	0	0	116	1550	0	0	0	0	0	0	9200	0	0	0	952	0	0	0	0	0	0	0	128	0	0	0	0	0	0	0	0	0	0	0	0	0	0	0	0	0	0	0	
147048	Cingulum_Post_R	0	0	0	118	0	0	0	0	0	0	0	0	0	0	0	0	0	0	232	2062	0	0	0	0	0	0	0	0	0	0	152	544	508	3954	15224	0	2608	9330	686	1360	0	0	860	2390	0	142	332	874	0	0	2378	0	686	2070	546	1980	0	2244	0	0	0	674	0	154	0	656	2170	8652	788	3258	0	0	0	0	0	0	248	1178	0	0	0	0	0	0	2988	174	0	0	512	566	0	0	0	0	0	0	0	0	0	0	0	0	0	0	0	0	0	0	0	0	226	0	0	0	0	0	
259100	Hippocampus_L	11156	330	3360	360	584	0	2220	0	146	0	1000	0	232	0	2940	0	464	0	3562	998	1740	0	0	0	0	0	0	0	20390	0	190	556	0	570	3222	2608	0	3680	10060	1052	5646	0	262	0	0	0	1714	0	0	0	0	0	0	0	7846	130	716	172	0	0	142	0	282	0	0	0	1744	448	1464	172	784	632	9026	0	0	0	6960	3150	2356	0	3632	0	1454	0	352	0	122	0	6518	0	454	0	158	0	0	0	1048	0	746	0	0	0	0	0	0	0	0	0	0	0	0	0	0	0	0	0	
263116	Hippocampus_R	0	2528	0	1482	0	0	0	0	0	0	0	1014	0	0	0	0	0	2374	318	1568	0	280	0	0	0	0	0	0	0	8286	0	0	376	538	11012	9330	3680	0	1484	18936	0	9256	828	0	0	0	386	948	116	0	3086	0	980	174	720	18296	0	1026	114	0	0	0	0	0	0	0	1292	1734	662	1066	0	0	0	8190	0	256	498	4702	0	666	0	844	0	1964	2982	958	0	474	640	3984	0	0	0	0	0	0	0	1148	0	172	0	0	0	0	0	0	0	0	0	0	190	0	0	0	0	0	
71576	ParaHippocampal_L	660	224	106	0	0	0	0	0	0	0	0	0	0	0	170	0	0	0	106	0	608	0	0	0	0	0	0	0	944	0	0	0	0	0	968	686	10060	1484	0	502	1372	0	216	0	0	0	1926	0	0	0	0	0	0	0	3382	0	0	0	0	0	0	0	0	0	0	0	996	192	0	0	0	0	846	0	0	0	2296	1390	0	0	242	0	602	0	0	0	510	0	482	0	664	0	144	0	420	0	2136	0	1200	0	0	0	136	0	0	0	0	0	0	118	0	0	0	0	0	0	
115576	ParaHippocampal_R	0	258	0	208	0	0	0	0	0	0	0	0	0	0	0	0	0	0	0	0	0	0	0	0	0	0	0	0	0	456	0	0	0	0	1278	1360	1052	18936	502	0	0	6144	462	156	0	0	202	2696	0	0	0	0	0	0	0	13938	0	0	0	0	0	0	0	0	0	0	350	1774	0	0	0	0	0	760	0	0	172	1242	0	0	0	0	0	1870	0	278	0	620	0	960	0	0	0	0	0	0	0	1676	0	258	0	0	0	0	0	0	0	0	0	0	180	0	0	0	0	0	
37392	Amygdala_L	106	0	0	0	0	0	0	0	0	0	0	0	0	0	1826	0	0	0	126	0	2136	0	0	0	0	0	0	0	3118	0	0	0	0	0	0	0	5646	0	1372	0	0	0	0	0	0	0	0	0	0	0	0	0	0	0	1676	0	0	0	0	0	0	0	0	0	0	0	0	0	0	0	0	0	446	0	0	0	154	0	0	0	0	0	1108	0	0	0	108	0	874	0	0	0	0	0	0	0	0	0	0	0	0	0	0	0	0	0	0	0	0	0	0	0	0	0	0	0	
58628	Amygdala_R	0	0	0	460	0	0	0	0	0	0	0	0	0	0	0	276	0	0	0	0	0	1802	0	0	0	0	0	0	0	3460	0	0	0	0	0	0	0	9256	0	6144	0	0	0	0	0	0	0	0	0	0	0	0	0	0	0	4668	0	0	0	0	0	0	0	0	0	0	0	0	0	0	0	0	0	554	0	0	0	526	0	0	0	0	0	2046	0	0	0	122	0	0	0	0	0	0	0	0	0	0	0	0	0	0	0	0	0	0	0	0	0	0	0	0	0	0	0	0	
176388	Calcarine_L	0	0	0	0	0	0	0	0	0	0	0	0	0	0	0	0	0	0	0	0	0	0	0	0	0	0	0	0	0	0	0	0	232	0	5558	860	262	828	216	462	0	0	0	4096	12122	3370	5528	1240	8010	1898	19014	352	3088	392	124	576	0	0	568	0	174	0	0	0	218	0	13992	1044	602	0	0	0	0	0	0	0	0	0	0	0	0	0	0	0	3368	0	0	0	0	0	0	0	0	0	0	0	0	0	0	0	0	0	0	0	0	0	0	0	0	0	0	0	0	0	0	0	
232352	Calcarine_R	0	196	0	0	0	0	0	0	0	0	0	0	0	0	0	0	0	0	0	494	0	0	0	0	0	0	0	0	0	0	0	0	0	404	0	2390	0	0	0	156	0	0	4096	0	2110	18102	316	7628	0	14702	0	12402	0	6216	0	3006	0	4098	0	1174	0	2900	0	156	0	1842	1606	24980	0	1274	0	0	0	0	0	0	0	0	0	0	0	0	0	0	0	2332	0	0	0	3596	0	0	0	0	0	0	0	0	0	0	0	0	0	0	0	0	0	0	0	0	0	0	0	0	0	0	
121368	Cuneus_L	0	0	0	0	0	0	0	0	0	0	0	0	0	0	0	0	0	0	0	0	0	0	0	0	0	0	0	0	0	0	0	0	320	0	956	0	0	0	0	0	0	0	12122	2110	0	4942	312	0	14374	1550	11722	132	680	0	0	0	0	0	3042	0	0	0	0	0	0	0	7496	234	0	0	0	0	0	0	0	0	0	0	0	0	0	0	0	0	692	0	0	0	0	0	0	0	0	0	0	0	0	0	0	0	0	0	0	0	0	0	0	0	0	0	0	0	0	0	0	0	
212940	Cuneus_R	0	0	0	0	0	0	0	0	0	0	0	0	0	0	0	0	0	0	0	688	0	0	0	0	0	0	0	0	0	0	0	0	0	458	0	142	0	0	0	0	0	0	3370	18102	4942	0	0	364	0	28108	0	10942	0	966	0	114	0	4672	0	1786	0	3322	0	0	0	3160	1898	18980	0	2450	0	0	0	0	0	0	130	0	0	0	0	0	0	0	0	1170	0	0	0	706	0	0	0	0	0	0	0	0	0	0	0	0	0	0	0	0	0	0	0	0	0	0	0	0	0	0	
185520	Lingual_L	0	0	0	0	0	0	0	0	0	0	0	0	0	0	0	0	370	0	0	0	0	0	0	0	0	0	0	0	368	0	0	0	0	0	1486	332	1714	386	1926	202	0	0	5528	316	312	0	0	1800	816	332	9772	260	7500	142	14338	712	0	0	0	0	0	0	356	0	0	0	3476	238	0	0	0	0	0	0	0	0	284	138	0	0	368	0	0	0	0	0	0	0	1124	0	7212	272	478	0	390	0	9910	130	14422	1086	0	0	210	0	0	0	0	0	0	0	892	2530	632	0	0	0	
163744	Lingual_R	0	0	0	124	0	0	0	0	0	0	0	0	0	0	0	0	0	0	0	0	0	0	0	0	0	0	0	0	0	0	0	0	0	0	0	874	0	948	0	2696	0	0	1240	7628	0	364	1800	0	0	2116	0	4070	0	3324	266	14644	0	0	0	0	0	0	0	0	0	0	0	4120	0	0	0	0	0	0	0	0	0	146	0	0	0	0	0	0	0	576	0	0	0	0	550	6362	0	154	0	574	224	6264	1934	10764	0	0	0	128	0	0	0	0	0	0	3836	5270	876	0	0	0	
130908	Occipital_Sup_L	0	0	0	0	0	0	0	0	0	0	0	0	0	0	0	0	0	0	0	0	0	0	0	0	0	0	0	0	0	0	0	0	580	0	662	0	0	116	0	0	0	0	8010	0	14374	0	816	0	0	0	20392	0	444	0	0	0	0	0	8410	0	880	0	0	0	880	0	8376	0	282	0	0	0	0	0	0	0	0	0	0	0	0	0	0	0	840	0	0	0	392	0	0	0	0	0	0	0	0	0	0	0	0	0	0	0	0	0	0	0	0	0	0	0	0	0	0	0	
216292	Occipital_Sup_R	0	0	0	0	0	0	0	0	0	0	0	0	0	0	0	0	0	0	0	478	0	0	0	0	0	0	0	0	0	0	0	0	0	266	0	0	0	0	0	0	0	0	1898	14702	1550	28108	332	2116	0	0	0	15626	0	2312	0	834	0	4434	0	6952	0	3484	0	0	0	4606	324	15566	0	2228	0	0	0	0	0	0	112	0	0	0	0	0	0	0	0	1788	0	0	0	430	0	0	0	0	0	0	0	0	0	0	0	0	0	0	0	0	0	0	0	0	0	0	0	0	0	0	
393900	Occipital_Mid_L	358	0	0	0	0	0	0	0	0	0	192	0	0	0	0	0	518	0	162	782	0	0	0	0	0	0	0	0	228	0	0	0	938	1180	10806	2378	0	3086	0	0	0	0	19014	0	11722	0	9772	0	20392	0	0	0	15224	0	3108	0	6616	854	17096	0	13238	0	1756	0	12770	0	14132	0	8728	1078	0	0	0	0	0	0	0	0	0	0	802	0	0	0	17652	0	0	0	2094	0	0	0	0	0	0	0	0	0	274	0	0	0	0	0	0	0	0	0	0	0	0	0	0	0	0	0	
159916	Occipital_Mid_R	0	0	0	0	0	0	0	0	0	0	0	0	0	0	0	0	0	0	0	106	0	0	0	0	0	0	0	0	0	0	0	0	0	0	0	0	0	0	0	0	0	0	352	12402	132	10942	260	4070	0	15626	0	0	0	3646	0	1330	0	892	0	398	0	5630	0	248	0	8576	122	6816	0	222	0	0	0	0	0	0	0	0	0	0	0	582	0	0	0	6752	0	0	0	854	0	0	0	0	0	0	0	0	0	0	0	0	0	0	0	0	0	0	0	0	0	0	0	0	0	0	
128060	Occipital_Inf_L	280	0	0	0	0	0	0	0	0	0	0	0	0	0	0	0	1550	0	0	366	0	0	0	0	0	0	0	0	1110	0	0	0	0	740	1804	686	0	980	0	0	0	0	3088	0	680	0	7500	0	444	0	15224	0	0	0	11198	0	0	648	0	0	300	0	908	0	328	0	1736	0	694	736	0	0	0	0	0	0	0	0	578	0	1854	0	0	0	4164	0	0	0	5464	0	0	0	0	0	0	0	252	0	718	0	0	0	0	0	0	0	0	0	0	0	0	0	0	0	0	0	
90664	Occipital_Inf_R	0	206	0	0	0	0	0	0	0	0	0	220	0	0	0	0	0	0	0	226	0	0	0	0	0	0	0	0	0	118	0	0	0	388	248	2070	0	174	0	0	0	0	392	6216	0	966	142	3324	0	2312	0	3646	0	0	0	10508	0	792	0	0	0	388	0	0	0	382	0	4780	0	680	0	0	0	0	0	0	0	318	0	0	0	0	0	0	0	1490	0	0	0	1950	0	466	0	0	0	0	0	376	266	1256	0	0	0	0	0	0	0	0	0	0	398	634	0	0	0	0	
307760	Fusiform_L	586	0	550	0	0	0	0	0	0	0	0	0	0	0	0	0	2690	0	564	274	0	0	0	0	0	0	0	0	4108	0	0	0	0	584	950	546	7846	720	3382	0	1676	0	124	0	0	0	14338	266	0	0	3108	0	11198	0	0	108	0	520	0	0	0	0	1794	0	0	0	896	0	370	576	0	0	404	0	0	0	0	0	3402	0	5912	0	2152	0	2942	0	1650	0	15668	0	18942	0	2434	0	144	0	11930	110	25490	266	926	0	1820	0	324	0	0	0	0	0	770	820	0	0	0	0	
267468	Fusiform_R	0	226	0	106	0	0	0	0	0	0	0	224	0	0	0	0	0	152	0	204	0	0	0	0	0	0	0	0	0	1242	0	0	0	348	344	1980	130	18296	0	13938	0	4668	576	3006	0	114	712	14644	0	834	0	1330	0	10508	108	0	0	702	0	0	0	0	0	0	0	0	0	2962	0	624	0	0	0	346	0	0	0	678	0	1112	0	1874	0	3544	0	2598	0	928	0	8264	284	10190	0	452	0	0	0	6054	862	13234	0	126	0	378	0	0	0	0	0	0	2096	2352	384	0	0	0	
341424	Postcentral_L	33536	0	2682	1500	0	0	2246	0	0	0	8658	0	1996	0	0	0	12496	0	3310	4738	0	0	0	0	0	0	0	0	10190	0	0	0	274	426	0	0	716	0	0	0	0	0	0	0	0	0	0	0	0	0	6616	0	0	0	0	0	0	744	10200	0	28594	0	13720	0	8614	0	2560	0	8788	772	0	0	538	0	0	0	0	0	2786	0	3414	0	0	0	412	0	0	0	186	0	0	0	0	0	0	0	0	0	0	0	0	0	0	0	0	0	0	0	0	0	0	0	0	0	0	0	
285536	Postcentral_R	576	18726	266	2058	0	0	148	740	0	0	0	6150	0	264	0	0	0	5848	1334	6488	0	0	118	0	0	0	0	0	0	2442	160	0	172	10214	1320	2244	172	1026	0	0	0	0	0	4098	0	4672	0	0	0	4434	854	892	648	792	520	702	744	0	0	3456	0	6184	0	10256	0	2466	0	9826	3712	18190	1384	140	514	2082	266	0	1302	210	0	246	0	828	0	0	1034	722	0	0	392	736	0	0	0	0	0	0	0	0	0	0	0	0	0	0	0	0	0	0	0	0	0	0	0	0	0	0	
155444	Parietal_Sup_L	270	0	0	0	0	0	0	0	0	0	258	0	0	0	0	0	558	0	0	0	0	0	0	0	0	0	0	0	310	0	0	0	0	0	366	0	0	114	0	0	0	0	568	0	3042	0	0	0	8410	0	17096	0	0	0	0	0	10200	0	0	0	12524	0	1102	0	5302	0	11186	0	4694	0	0	0	0	0	0	0	0	0	0	0	714	0	0	0	550	0	0	0	458	0	0	0	0	0	0	0	0	0	0	0	0	0	0	0	0	0	0	0	0	0	0	0	0	0	0	0	
67832	Parietal_Sup_R	0	0	0	0	0	0	0	0	0	0	0	0	0	0	0	0	0	0	0	0	0	0	0	0	0	0	0	0	0	0	0	0	0	0	0	0	0	0	0	0	0	0	0	1174	0	1786	0	0	0	6952	0	398	0	0	0	0	0	3456	0	0	0	5826	0	674	0	5078	128	7960	0	356	0	0	0	0	0	0	0	0	0	0	0	0	0	0	0	128	0	0	0	0	0	0	0	0	0	0	0	0	0	0	0	0	0	0	0	0	0	0	0	0	0	0	0	0	0	0	
314492	Parietal_Inf_L	6450	0	344	0	0	0	938	0	0	0	3126	0	0	0	0	0	1498	0	342	312	0	0	0	0	0	0	0	0	1352	0	0	0	0	0	140	0	142	0	0	0	0	0	174	0	0	0	0	0	880	0	13238	0	300	0	0	0	28594	0	12524	0	0	0	15200	0	36646	0	1910	0	5066	0	0	0	196	0	0	0	0	0	0	0	4696	0	0	0	14202	0	0	0	8976	0	0	0	0	0	0	0	0	0	0	0	0	0	0	0	0	0	0	0	0	0	0	0	0	0	0	0	
190048	Parietal_Inf_R	0	402	0	0	0	0	0	180	0	0	0	310	0	0	0	0	0	0	0	0	0	0	0	0	0	0	0	0	0	0	0	0	0	0	0	674	0	0	0	0	0	0	0	2900	0	3322	0	0	0	3484	0	5630	0	388	0	0	0	6184	0	5826	0	0	0	15828	0	31722	0	4262	0	636	0	0	0	0	0	0	0	0	0	0	0	1200	0	0	0	8392	0	0	0	3684	0	0	0	0	0	0	0	0	0	0	0	0	0	0	0	0	0	0	0	0	0	0	0	0	0	0	
173684	SupraMarginal_L	3198	0	108	0	0	0	462	0	0	0	708	0	0	0	0	0	8050	0	0	108	0	0	0	0	0	0	0	0	6896	0	0	0	0	0	0	0	282	0	0	0	0	0	0	0	0	0	356	0	0	0	1756	0	908	0	1794	0	13720	0	1102	0	15200	0	0	0	10250	0	0	0	1616	0	0	0	0	0	0	0	0	0	1578	0	12132	0	0	0	5438	0	0	0	1180	0	0	0	0	0	0	0	0	0	0	0	0	0	0	0	0	0	0	0	0	0	0	0	0	0	0	0	
113868	SupraMarginal_R	0	928	0	0	0	0	0	288	0	0	0	480	0	0	0	0	0	1964	0	0	0	0	0	0	0	0	0	0	0	332	0	0	0	0	0	154	0	0	0	0	0	0	0	156	0	0	0	0	0	0	0	248	0	0	0	0	0	10256	0	674	0	15828	0	0	0	12096	0	252	0	518	0	0	0	188	0	0	0	0	0	774	0	4218	0	0	0	4958	0	0	0	2622	0	0	0	0	0	0	0	0	0	0	0	0	0	0	0	0	0	0	0	0	0	0	0	0	0	0	
223884	Angular_L	1534	0	0	0	0	0	0	0	0	0	144	0	0	0	0	0	1082	0	0	206	0	0	0	0	0	0	0	0	494	0	0	0	0	0	160	0	0	0	0	0	0	0	218	0	0	0	0	0	880	0	12770	0	328	0	0	0	8614	0	5302	0	36646	0	10250	0	0	0	498	0	1752	0	0	0	0	0	0	0	0	0	0	0	4734	0	0	0	16602	0	0	0	9728	0	0	0	0	0	0	0	0	0	0	0	0	0	0	0	0	0	0	0	0	0	0	0	0	0	0	0	
182936	Angular_R	0	0	0	0	0	0	0	0	0	0	0	0	0	0	0	0	0	0	0	0	0	0	0	0	0	0	0	0	0	0	0	0	0	0	0	656	0	0	0	0	0	0	0	1842	0	3160	0	0	0	4606	0	8576	0	382	0	0	0	2466	0	5078	0	31722	0	12096	0	0	0	3154	0	604	0	0	0	0	0	0	0	0	0	0	0	2636	0	0	0	10760	0	0	0	3730	0	0	0	0	0	0	0	0	0	0	0	0	0	0	0	0	0	0	0	0	0	0	0	0	0	0	
198480	Precuneus_L	0	0	0	0	0	0	0	0	0	0	0	0	0	0	0	0	0	0	200	0	0	0	0	0	0	0	0	0	0	0	0	0	2340	196	7828	2170	1744	1292	996	350	0	0	13992	1606	7496	1898	3476	0	8376	324	14132	122	1736	0	896	0	2560	0	11186	128	1910	0	0	0	498	0	0	3594	3720	0	0	0	0	0	0	0	178	332	0	0	124	0	0	0	2842	0	0	0	554	0	0	0	0	0	0	0	444	0	0	0	0	0	0	0	0	0	0	0	0	0	0	0	0	0	0	0	
283476	Precuneus_R	0	406	0	152	0	0	0	0	0	0	0	142	0	0	0	0	0	0	0	1860	0	0	0	0	0	0	0	0	0	0	0	0	720	3668	1680	8652	448	1734	192	1774	0	0	1044	24980	234	18980	238	4120	0	15566	0	6816	0	4780	0	2962	0	9826	0	7960	0	4262	0	252	0	3154	3594	0	148	5640	0	0	0	0	0	0	324	214	0	0	0	0	0	0	0	1590	0	0	0	2702	0	0	0	0	0	0	0	490	0	148	0	0	0	0	0	0	0	0	0	0	286	0	0	0	0	0	
326444	Paracentral_Lobule_L	20490	588	6584	1306	0	0	142	0	0	0	208	0	0	0	0	0	1008	0	19646	13466	0	0	0	0	0	0	0	0	590	0	0	0	3720	9976	1682	788	1464	662	0	0	0	0	602	0	0	0	0	0	282	0	8728	0	694	0	370	0	8788	3712	4694	0	5066	0	1616	0	1752	0	3720	148	0	6844	1920	490	5096	0	4284	0	13466	466	0	0	740	0	0	0	5804	0	0	0	1620	0	0	0	0	0	0	0	0	0	0	0	0	0	0	0	0	0	0	0	0	0	0	0	0	0	0	0	
200248	Paracentral_Lobule_R	964	4610	0	686	0	0	0	0	0	0	0	354	0	0	0	0	0	146	424	18454	0	0	0	0	0	0	0	0	0	0	0	0	284	15324	1634	3258	172	1066	0	0	0	0	0	1274	0	2450	0	0	0	2228	1078	222	736	680	576	624	772	18190	0	356	0	636	0	518	0	604	0	5640	6844	0	390	966	0	0	134	0	2152	2546	0	0	0	306	0	0	1244	540	0	0	432	610	0	0	0	0	0	0	0	0	0	0	0	0	0	0	0	0	0	0	0	0	0	0	0	0	0	0	
345684	Caudate_L	7728	2112	11582	5696	4146	292	7232	1658	0	0	140	0	592	132	256	0	0	174	10120	12688	6730	6368	4410	906	1254	544	2530	996	3774	338	11880	9428	1536	2054	0	0	784	0	0	0	0	0	0	0	0	0	0	0	0	0	0	0	0	0	0	0	0	1384	0	0	0	0	0	0	0	0	0	0	1920	390	0	16808	23652	1496	1996	476	5120	1336	184	0	0	0	0	0	0	0	0	0	0	0	0	0	0	0	0	0	0	0	0	0	0	0	0	0	0	0	0	0	0	0	0	0	0	0	0	0	
586956	Caudate_R	1076	12398	4030	42434	504	6620	1846	1536	0	442	0	5878	0	1608	0	394	0	1244	7466	42868	2962	4444	1586	13264	0	11150	240	1986	820	7362	7390	36910	268	1754	0	0	632	0	0	0	0	0	0	0	0	0	0	0	0	0	0	0	0	0	0	0	0	140	0	0	0	0	0	0	0	0	0	0	490	966	16808	0	4552	22242	1562	3938	2816	18540	154	158	0	0	0	0	0	0	0	0	0	0	0	0	0	0	0	0	0	0	0	0	0	0	0	0	0	0	0	0	0	0	0	0	0	0	0	0	
511860	Putamen_L	19284	590	26146	4814	22334	0	6516	1512	6136	0	2194	0	966	0	10168	0	244	0	26006	12686	4394	2958	4452	232	790	126	2878	488	26560	114	6590	2944	444	2720	0	0	9026	0	846	0	446	0	0	0	0	0	0	0	0	0	0	0	0	0	404	0	538	514	0	0	196	0	0	0	0	0	0	0	5096	0	23652	4552	0	764	11290	446	1134	0	194	0	784	0	498	0	0	0	0	0	0	0	0	0	0	0	0	0	120	0	144	0	0	0	0	0	0	0	0	0	0	0	0	0	0	0	0	0	
359632	Putamen_R	0	3424	256	16410	256	11528	0	2372	0	934	0	8382	0	1612	0	2068	0	5322	2796	24002	170	438	194	7944	0	9930	0	1160	0	23954	1120	9964	0	166	0	0	0	8190	0	760	0	554	0	0	0	0	0	0	0	0	0	0	0	0	0	346	0	2082	0	0	0	0	0	188	0	0	0	0	0	0	1496	22242	764	0	0	6032	242	646	0	448	0	430	0	994	0	0	0	0	0	0	0	0	0	0	0	0	0	0	0	0	0	0	0	0	0	0	0	0	0	0	0	0	0	0	0	0	
114192	Pallidum_L	5544	350	4994	1080	0	0	1078	0	0	0	278	0	0	0	0	0	0	0	8224	6470	0	0	0	0	0	0	0	0	408	0	262	726	226	2006	0	0	0	0	0	0	0	0	0	0	0	0	0	0	0	0	0	0	0	0	0	0	0	266	0	0	0	0	0	0	0	0	0	0	4284	134	1996	1562	11290	0	0	0	5918	0	0	0	0	0	0	0	0	0	0	0	0	0	0	0	0	0	0	0	0	0	0	0	0	0	0	0	0	0	0	0	0	0	0	0	0	0	0	0	
47360	Pallidum_R	0	282	166	3102	278	336	0	360	0	0	0	542	0	174	0	0	0	548	1136	4046	0	0	106	216	0	0	0	0	0	1092	0	148	0	0	0	0	0	256	0	0	0	0	0	0	0	0	0	0	0	0	0	0	0	0	0	0	0	0	0	0	0	0	0	0	0	0	0	0	0	0	476	3938	446	6032	0	0	0	0	0	0	0	0	0	0	0	0	0	0	0	0	0	0	0	0	0	0	0	0	0	0	0	0	0	0	0	0	0	0	0	0	0	0	0	0	0	0	
174808	Thalamus_L	15390	1182	226	1414	0	138	812	0	0	0	0	0	0	0	0	0	0	0	7452	8486	0	0	0	168	0	142	0	0	1212	0	268	1138	0	2996	116	248	6960	498	2296	172	154	0	0	0	0	130	284	0	0	112	0	0	0	0	0	0	0	1302	0	0	0	0	0	0	0	0	178	324	13466	2152	5120	2816	1134	242	5918	0	0	2328	160	0	0	0	0	0	0	0	0	0	130	0	0	0	0	0	0	0	140	0	0	0	0	0	0	0	0	0	0	0	0	0	0	0	0	0	0	0	
199552	Thalamus_R	146	26888	0	23070	0	0	0	170	0	0	0	146	0	0	0	0	0	238	0	4370	0	154	0	0	0	0	0	0	0	1334	122	1138	0	0	1550	1178	3150	4702	1390	1242	0	526	0	0	0	0	138	146	0	0	0	0	0	318	0	678	0	210	0	0	0	0	0	0	0	0	332	214	466	2546	1336	18540	0	646	0	0	2328	0	0	128	0	236	0	0	0	0	0	0	0	0	0	0	0	0	0	0	0	0	0	0	0	0	0	0	0	0	0	0	0	0	0	0	0	0	0	0	
82572	Heschl_L	3582	0	984	0	0	0	918	0	0	0	1022	0	166	0	0	0	4852	0	528	272	0	0	0	0	0	0	0	0	9262	0	0	146	0	0	0	0	2356	0	0	0	0	0	0	0	0	0	0	0	0	0	0	0	578	0	3402	0	2786	0	0	0	0	0	1578	0	0	0	0	0	0	0	184	154	194	0	0	0	160	0	0	0	4374	0	122	0	1860	0	0	0	1806	0	0	0	0	0	0	0	0	0	0	0	0	0	0	0	0	0	0	0	0	0	0	0	0	0	0	0	
32244	Heschl_R	0	0	0	0	0	0	0	0	0	0	0	0	0	0	0	0	0	3522	0	274	0	0	0	0	0	0	0	0	0	1776	0	0	0	0	0	0	0	666	0	0	0	0	0	0	0	0	0	0	0	0	0	0	0	0	0	1112	0	246	0	0	0	0	0	774	0	0	0	0	0	0	0	158	0	448	0	0	0	128	0	0	0	4384	0	0	0	1486	0	0	0	1148	0	0	0	0	0	0	0	0	0	0	0	0	0	0	0	0	0	0	0	0	0	0	0	0	0	0	
280312	Temporal_Sup_L	2932	0	5764	0	152	0	952	0	0	0	6314	0	690	0	628	0	13794	0	1602	134	0	0	0	0	0	0	0	0	15974	0	0	0	0	0	0	0	3632	0	242	0	0	0	0	0	0	0	368	0	0	0	802	0	1854	0	5912	0	3414	0	714	0	4696	0	12132	0	4734	0	124	0	740	0	0	0	784	0	0	0	0	0	4374	0	0	0	5402	0	25078	0	180	0	14064	0	472	0	160	0	0	0	596	0	746	0	0	0	0	0	0	0	0	0	0	0	0	0	0	0	0	0	
97260	Temporal_Sup_R	0	592	0	0	0	0	0	0	0	0	0	614	0	0	0	0	0	1948	0	230	0	0	0	0	0	0	0	0	0	2302	0	0	0	0	0	0	0	844	0	0	0	0	0	0	0	0	0	0	0	0	0	582	0	0	0	1874	0	828	0	0	0	1200	0	4218	0	2636	0	0	0	306	0	0	0	430	0	0	0	236	0	4384	0	0	0	3634	0	14408	0	400	0	6964	0	0	0	0	0	0	0	0	0	0	0	0	0	0	0	0	0	0	0	0	0	0	0	0	0	0	
98200	Temporal_Pole_Sup_L	0	0	3722	0	390	0	332	0	370	0	4108	0	958	0	2260	0	2594	0	148	0	334	0	0	0	0	0	0	0	6960	0	0	0	0	0	0	0	1454	0	602	0	1108	0	0	0	0	0	0	0	0	0	0	0	0	0	2152	0	0	0	0	0	0	0	0	0	0	0	0	0	0	0	0	0	498	0	0	0	0	0	122	0	5402	0	0	0	6868	0	4602	0	4116	0	0	0	0	0	0	0	0	0	0	0	0	0	0	0	0	0	0	0	0	0	0	0	0	0	0	0	
48104	Temporal_Pole_Sup_R	0	0	0	212	0	0	0	0	0	0	0	158	0	0	0	286	0	360	0	410	0	0	0	0	0	0	0	0	0	1870	0	0	0	0	0	0	0	1964	0	1870	0	2046	0	0	0	0	0	0	0	0	0	0	0	0	0	3544	0	0	0	0	0	0	0	0	0	0	0	0	0	0	0	0	0	994	0	0	0	0	0	0	0	3634	0	0	0	2790	0	2972	0	942	0	0	0	0	0	0	0	0	0	0	0	0	0	0	0	0	0	0	0	0	0	0	0	0	0	0	
349268	Temporal_Mid_L	360	0	838	0	0	0	0	0	0	0	966	0	0	0	0	0	3266	0	0	836	0	0	0	0	0	0	0	0	3140	0	0	0	0	1312	9200	2988	352	2982	0	0	0	0	3368	0	692	0	0	0	840	0	17652	0	4164	0	2942	0	412	1034	550	0	14202	0	5438	0	16602	0	2842	0	5804	1244	0	0	0	0	0	0	0	0	1860	0	25078	0	6868	0	0	0	3972	0	32830	0	0	0	0	0	0	0	0	0	0	0	0	0	0	0	0	0	0	0	0	0	0	0	0	0	0	0	
161272	Temporal_Mid_R	0	176	0	0	0	0	0	0	0	0	0	210	0	0	0	0	0	0	0	0	0	0	0	0	0	0	0	0	0	702	0	0	0	292	0	174	0	958	0	278	0	0	0	2332	0	1170	0	576	0	1788	0	6752	0	1490	0	2598	0	722	0	128	0	8392	0	4958	0	10760	0	1590	0	540	0	0	0	0	0	0	0	0	0	1486	0	14408	0	2790	0	0	0	1406	0	13960	0	0	0	0	0	0	0	0	0	0	0	0	0	0	0	0	0	0	0	0	0	0	0	0	0	0	
30764	Temporal_Pole_Mid_L	0	0	0	0	0	0	0	0	0	0	0	0	0	0	0	0	0	0	0	0	0	0	0	0	0	0	0	0	124	0	0	0	0	0	0	0	122	0	510	0	108	0	0	0	0	0	0	0	0	0	0	0	0	0	1650	0	0	0	0	0	0	0	0	0	0	0	0	0	0	0	0	0	0	0	0	0	0	0	0	0	180	0	4602	0	3972	0	0	0	4114	0	0	0	0	0	0	0	0	0	0	0	0	0	0	0	0	0	0	0	0	0	0	0	0	0	0	0	
15292	Temporal_Pole_Mid_R	0	0	0	0	0	0	0	0	0	0	0	0	0	0	0	0	0	0	0	0	0	0	0	0	0	0	0	0	0	0	0	0	0	0	0	0	0	474	0	620	0	122	0	0	0	0	0	0	0	0	0	0	0	0	0	928	0	0	0	0	0	0	0	0	0	0	0	0	0	0	0	0	0	0	0	0	0	0	0	0	0	400	0	2972	0	1406	0	0	0	724	0	0	0	0	0	0	0	0	0	0	0	0	0	0	0	0	0	0	0	0	0	0	0	0	0	0	
243460	Temporal_Inf_L	584	0	0	0	0	0	0	0	0	0	0	0	0	0	0	0	1516	0	112	202	0	0	0	0	0	0	0	0	2462	0	0	0	0	434	952	512	6518	640	482	0	874	0	0	0	0	0	1124	0	392	0	2094	0	5464	0	15668	0	186	392	458	0	8976	0	1180	0	9728	0	554	0	1620	432	0	0	0	0	0	0	130	0	1806	0	14064	0	4116	0	32830	0	4114	0	0	0	730	0	0	0	0	0	0	0	384	0	0	0	0	0	0	0	0	0	0	0	0	0	0	0	0	0	
125208	Temporal_Inf_R	0	166	0	0	0	0	0	0	0	0	0	172	0	0	0	0	0	118	0	0	0	0	0	0	0	0	0	0	0	446	0	0	0	358	0	566	0	3984	0	960	0	0	0	3596	0	706	0	0	0	430	0	854	0	1950	0	8264	0	736	0	0	0	3684	0	2622	0	3730	0	2702	0	610	0	0	0	0	0	0	0	0	0	1148	0	6964	0	942	0	13960	0	724	0	0	0	1184	0	194	0	0	0	0	0	710	0	0	0	124	0	0	0	0	0	0	0	0	0	0	0	0	
346608	Cerebelum_Crus1_L	0	0	172	0	0	0	0	0	0	0	0	0	0	0	0	0	0	0	172	0	0	0	0	0	0	0	0	0	346	0	0	0	0	0	0	0	454	0	664	0	0	0	0	0	0	0	7212	550	0	0	0	0	0	0	18942	284	0	0	0	0	0	0	0	0	0	0	0	0	0	0	0	0	0	0	0	0	0	0	0	0	472	0	0	0	0	0	0	0	730	0	0	378	32036	1882	1070	166	17494	132	43160	854	9936	1148	16128	1540	5448	274	258	0	0	170	1366	3452	3562	1180	798	874	
253460	Cerebelum_Crus1_R	0	0	0	0	0	0	0	0	0	0	0	0	0	0	0	0	0	0	0	0	0	0	0	0	0	0	0	0	0	0	0	0	0	0	0	0	0	0	0	0	0	0	0	0	0	0	272	6362	0	0	0	0	0	466	0	10190	0	0	0	0	0	0	0	0	0	0	0	0	0	0	0	0	0	0	0	0	0	0	0	0	0	0	0	0	0	0	0	0	0	1184	378	0	328	26218	0	1670	0	9532	690	36072	0	7196	134	14808	0	1416	0	112	0	290	2654	3296	2392	620	300	150	
223504	Cerebelum_Crus2_L	0	0	0	0	0	0	0	0	0	0	0	0	0	0	0	0	0	0	0	0	0	0	0	0	0	0	0	0	140	0	0	0	0	0	0	0	158	0	144	0	0	0	0	0	0	0	478	0	0	0	0	0	0	0	2434	0	0	0	0	0	0	0	0	0	0	0	0	0	0	0	0	0	0	0	0	0	0	0	0	0	160	0	0	0	0	0	0	0	0	0	32036	328	0	4678	486	0	4464	0	7084	166	21510	2814	20166	2268	4226	0	0	0	0	0	168	526	5228	1440	386	264	
214980	Cerebelum_Crus2_R	0	0	0	0	0	0	0	0	0	0	0	0	0	0	0	0	0	0	0	0	0	0	0	0	0	0	0	0	0	0	0	0	0	0	0	0	0	0	0	0	0	0	0	0	0	0	0	154	0	0	0	0	0	0	0	452	0	0	0	0	0	0	0	0	0	0	0	0	0	0	0	0	0	0	0	0	0	0	0	0	0	0	0	0	0	0	0	0	0	194	1882	26218	4678	0	0	1294	0	2632	312	7766	3258	18496	1834	24382	0	1930	0	182	0	252	1098	366	5952	2976	858	324	
23548	Cerebelum_3_L	0	0	0	0	0	0	0	0	0	0	0	0	0	0	0	0	0	0	0	0	0	0	0	0	0	0	0	0	0	0	0	0	0	0	0	0	0	0	420	0	0	0	0	0	0	0	390	0	0	0	0	0	0	0	144	0	0	0	0	0	0	0	0	0	0	0	0	0	0	0	0	0	0	0	0	0	0	0	0	0	0	0	0	0	0	0	0	0	0	0	1070	0	486	0	0	0	5552	0	1142	0	0	0	354	0	902	0	0	0	374	612	328	0	0	0	0	0	
45108	Cerebelum_3_R	0	0	0	0	0	0	0	0	0	0	0	0	0	0	0	0	0	0	0	0	0	0	0	0	0	0	0	0	0	0	0	0	0	0	0	0	0	0	0	0	0	0	0	0	0	0	0	574	0	0	0	0	0	0	0	0	0	0	0	0	0	0	0	0	0	0	0	0	0	0	0	0	0	0	0	0	0	0	0	0	0	0	0	0	0	0	0	0	0	0	166	1670	0	1294	0	0	0	4550	300	3940	0	514	0	1680	0	1256	0	0	120	1996	620	912	846	964	904	248	
187836	Cerebelum_4_5_L	0	0	270	0	0	0	0	0	0	0	0	0	0	0	0	0	0	0	270	0	0	0	0	0	0	0	0	0	486	0	0	0	0	0	128	0	1048	0	2136	0	0	0	0	0	0	0	9910	224	0	0	0	0	252	0	11930	0	0	0	0	0	0	0	0	0	0	0	444	0	0	0	0	0	120	0	0	0	140	0	0	0	596	0	0	0	0	0	0	0	0	0	17494	0	4464	0	5552	0	0	284	26286	270	586	0	2600	138	2124	148	110	0	292	668	3658	766	0	142	0	382	
140576	Cerebelum_4_5_R	0	0	0	0	0	0	0	0	0	0	0	0	0	0	0	0	0	0	0	0	0	0	0	0	0	0	0	0	0	0	0	0	0	0	0	0	0	1148	0	1676	0	0	0	0	0	0	130	6264	0	0	0	0	0	376	110	6054	0	0	0	0	0	0	0	0	0	0	0	490	0	0	0	0	0	0	0	0	0	0	0	0	0	0	0	0	0	0	0	0	0	0	132	9532	0	2632	0	4550	284	0	618	19626	0	1092	0	2614	0	988	0	0	0	598	6874	1976	748	1040	538	198	
319840	Cerebelum_6_L	0	0	284	0	0	0	0	0	0	0	0	0	0	0	0	0	0	0	284	0	0	0	0	0	0	0	0	0	552	0	0	0	0	0	0	0	746	0	1200	0	0	0	0	0	0	0	14422	1934	0	0	274	0	718	266	25490	862	0	0	0	0	0	0	0	0	0	0	0	0	0	0	0	0	144	0	0	0	0	0	0	0	746	0	0	0	0	0	0	0	384	0	43160	690	7084	312	1142	300	26286	618	0	2464	2530	0	5878	358	3092	372	0	0	0	274	3984	6822	2108	1302	1202	1636	
256124	Cerebelum_6_R	0	0	0	0	0	0	0	0	0	0	0	0	0	0	0	0	0	0	0	0	0	0	0	0	0	0	0	0	0	0	0	0	0	0	0	0	0	172	0	258	0	0	0	0	0	0	1086	10764	0	0	0	0	0	1256	266	13234	0	0	0	0	0	0	0	0	0	0	0	148	0	0	0	0	0	0	0	0	0	0	0	0	0	0	0	0	0	0	0	0	0	710	854	36072	166	7766	0	3940	270	19626	2464	0	0	1604	0	5982	0	1198	0	136	0	680	6776	8114	2886	884	466	284	
149444	Cerebelum_7b_L	0	0	0	0	0	0	0	0	0	0	0	0	0	0	0	0	0	0	0	0	0	0	0	0	0	0	0	0	0	0	0	0	0	0	0	0	0	0	0	0	0	0	0	0	0	0	0	0	0	0	0	0	0	0	926	0	0	0	0	0	0	0	0	0	0	0	0	0	0	0	0	0	0	0	0	0	0	0	0	0	0	0	0	0	0	0	0	0	0	0	9936	0	21510	3258	0	0	586	0	2530	0	0	2310	21486	2022	4306	118	212	0	0	0	0	122	3194	1850	224	132	
115556	Cerebelum_7b_R	0	0	0	0	0	0	0	0	0	0	0	0	0	0	0	0	0	0	0	0	0	0	0	0	0	0	0	0	0	0	0	0	0	0	0	0	0	0	0	0	0	0	0	0	0	0	0	0	0	0	0	0	0	0	0	126	0	0	0	0	0	0	0	0	0	0	0	0	0	0	0	0	0	0	0	0	0	0	0	0	0	0	0	0	0	0	0	0	0	0	1148	7196	2814	18496	0	514	0	1092	0	1604	2310	0	1130	15642	0	562	0	0	0	0	346	0	3028	1770	0	0	
211212	Cerebelum_8_L	0	0	0	0	0	0	0	0	0	0	0	0	0	0	0	0	0	0	0	0	0	0	0	0	0	0	0	0	0	0	0	0	0	0	0	0	0	0	136	0	0	0	0	0	0	0	210	0	0	0	0	0	0	0	1820	0	0	0	0	0	0	0	0	0	0	0	0	0	0	0	0	0	0	0	0	0	0	0	0	0	0	0	0	0	0	0	0	0	0	0	16128	134	20166	1834	354	0	2600	0	5878	0	21486	1130	0	1786	21904	460	2932	0	0	0	224	0	1984	2802	1248	390	
211956	Cerebelum_8_R	0	0	0	0	0	0	0	0	0	0	0	0	0	0	0	0	0	0	0	0	0	0	0	0	0	0	0	0	0	0	0	0	0	0	0	0	0	0	0	0	0	0	0	0	0	0	0	128	0	0	0	0	0	0	0	378	0	0	0	0	0	0	0	0	0	0	0	0	0	0	0	0	0	0	0	0	0	0	0	0	0	0	0	0	0	0	0	0	0	124	1540	14808	2268	24382	0	1680	138	2614	358	5982	2022	15642	1786	0	272	17152	0	910	0	386	1038	482	4414	4508	2292	674	
99500	Cerebelum_9_L	0	0	0	0	0	0	0	0	0	0	0	0	0	0	0	0	0	0	0	0	0	0	0	0	0	0	0	0	0	0	0	0	0	0	0	0	0	0	0	0	0	0	0	0	0	0	0	0	0	0	0	0	0	0	324	0	0	0	0	0	0	0	0	0	0	0	0	0	0	0	0	0	0	0	0	0	0	0	0	0	0	0	0	0	0	0	0	0	0	0	5448	0	4226	0	902	0	2124	0	3092	0	4306	0	21904	272	0	304	3434	0	0	140	178	0	344	938	1182	632	
85816	Cerebelum_9_R	0	0	0	0	0	0	0	0	0	0	0	0	0	0	0	0	0	0	0	0	0	0	0	0	0	0	0	0	0	0	0	0	0	0	0	0	0	0	0	0	0	0	0	0	0	0	0	0	0	0	0	0	0	0	0	0	0	0	0	0	0	0	0	0	0	0	0	0	0	0	0	0	0	0	0	0	0	0	0	0	0	0	0	0	0	0	0	0	0	0	274	1416	0	1930	0	1256	148	988	372	1198	118	562	460	17152	304	0	0	1486	0	334	420	1198	2998	3876	4258	2160	
13892	Cerebelum_10_L	0	0	0	0	0	0	0	0	0	0	0	0	0	0	0	0	0	0	0	0	0	0	0	0	0	0	0	0	0	0	0	0	0	0	0	0	0	0	0	0	0	0	0	0	0	0	0	0	0	0	0	0	0	0	0	0	0	0	0	0	0	0	0	0	0	0	0	0	0	0	0	0	0	0	0	0	0	0	0	0	0	0	0	0	0	0	0	0	0	0	258	0	0	0	0	0	110	0	0	0	212	0	2932	0	3434	0	0	0	0	0	0	0	0	0	0	0	
5652	Cerebelum_10_R	0	0	0	0	0	0	0	0	0	0	0	0	0	0	0	0	0	0	0	0	0	0	0	0	0	0	0	0	0	0	0	0	0	0	0	0	0	0	0	0	0	0	0	0	0	0	0	0	0	0	0	0	0	0	0	0	0	0	0	0	0	0	0	0	0	0	0	0	0	0	0	0	0	0	0	0	0	0	0	0	0	0	0	0	0	0	0	0	0	0	0	112	0	182	0	0	0	0	0	136	0	0	0	910	0	1486	0	0	0	0	0	0	0	0	0	0	
6948	Vermis_1_2	0	0	0	0	0	0	0	0	0	0	0	0	0	0	0	0	0	0	0	0	0	0	0	0	0	0	0	0	0	0	0	0	0	0	0	0	0	0	0	0	0	0	0	0	0	0	0	0	0	0	0	0	0	0	0	0	0	0	0	0	0	0	0	0	0	0	0	0	0	0	0	0	0	0	0	0	0	0	0	0	0	0	0	0	0	0	0	0	0	0	0	0	0	0	374	120	292	0	0	0	0	0	0	0	0	0	0	0	0	2232	456	0	0	0	0	0	
22556	Vermis_3	0	0	0	0	0	0	0	0	0	0	0	0	0	0	0	0	0	0	0	0	0	0	0	0	0	0	0	0	0	0	0	0	0	0	0	0	0	0	118	0	0	0	0	0	0	0	0	0	0	0	0	0	0	0	0	0	0	0	0	0	0	0	0	0	0	0	0	0	0	0	0	0	0	0	0	0	0	0	0	0	0	0	0	0	0	0	0	0	0	0	170	290	0	252	612	1996	668	598	274	680	0	0	0	386	140	334	0	0	2232	0	1254	318	324	330	302	0	
96788	Vermis_4_5	0	0	0	0	0	0	0	0	0	0	0	0	0	0	0	0	0	0	0	0	0	0	0	0	0	0	0	0	0	0	0	0	0	0	0	226	0	190	0	180	0	0	0	0	0	0	892	3836	0	0	0	0	0	398	770	2096	0	0	0	0	0	0	0	0	0	0	0	286	0	0	0	0	0	0	0	0	0	0	0	0	0	0	0	0	0	0	0	0	0	0	1366	2654	168	1098	328	620	3658	6874	3984	6776	0	346	224	1038	178	420	0	0	456	1254	0	4530	840	1110	414	1184	
108596	Vermis_6	0	0	0	0	0	0	0	0	0	0	0	0	0	0	0	0	0	0	0	0	0	0	0	0	0	0	0	0	0	0	0	0	0	0	0	0	0	0	0	0	0	0	0	0	0	0	2530	5270	0	0	0	0	0	634	820	2352	0	0	0	0	0	0	0	0	0	0	0	0	0	0	0	0	0	0	0	0	0	0	0	0	0	0	0	0	0	0	0	0	0	0	3452	3296	526	366	0	912	766	1976	6822	8114	122	0	0	482	0	1198	0	0	0	318	4530	0	3960	2138	1456	2258	
117792	Vermis_7	0	0	0	0	0	0	0	0	0	0	0	0	0	0	0	0	0	0	0	0	0	0	0	0	0	0	0	0	0	0	0	0	0	0	0	0	0	0	0	0	0	0	0	0	0	0	632	876	0	0	0	0	0	0	0	384	0	0	0	0	0	0	0	0	0	0	0	0	0	0	0	0	0	0	0	0	0	0	0	0	0	0	0	0	0	0	0	0	0	0	3562	2392	5228	5952	0	846	0	748	2108	2886	3194	3028	1984	4414	344	2998	0	0	0	324	840	3960	0	5934	3946	2316	
88320	Vermis_8	0	0	0	0	0	0	0	0	0	0	0	0	0	0	0	0	0	0	0	0	0	0	0	0	0	0	0	0	0	0	0	0	0	0	0	0	0	0	0	0	0	0	0	0	0	0	0	0	0	0	0	0	0	0	0	0	0	0	0	0	0	0	0	0	0	0	0	0	0	0	0	0	0	0	0	0	0	0	0	0	0	0	0	0	0	0	0	0	0	0	1180	620	1440	2976	0	964	142	1040	1302	884	1850	1770	2802	4508	938	3876	0	0	0	330	1110	2138	5934	0	5380	2976	
