data	data	486544	294396	925268	700064	167144	97292	540972	201588	75152	15800	268636	193724	160996	163916	146448	111084	267124	122436	611140	642228	106396	96504	283576	237496	29808	70276	54532	57852	560868	298280	223568	440448	162432	391288	123800	148956	287492	304988	129884	213836	59588	68812	252464	377428	134436	339524	266564	224172	307504	360200	605004	238264	251528	96020	486300	435336	460456	244520	266532	216612	433104	103892	119312	100844	209208	143976	296660	412948	140764	169864	258728	314900	328396	273180	64024	21964	152884	186496	68516	29036	248988	127736	95784	88112	402152	221216	14096	30848	406924	244528	451228	429796	377784	427556	73500	91868	357824	202036	404972	422724	259200	141968	357764	355324	115508	239320	26184	7632	94608	123088	283332	157068	365796	251224	204480	61520	
data	data	Precentral_L	Precentral_R	Frontal_Sup_L	Frontal_Sup_R	Frontal_Sup_Orb_L	Frontal_Sup_Orb_R	Frontal_Mid_L	Frontal_Mid_R	Frontal_Mid_Orb_L	Frontal_Mid_Orb_R	Frontal_Inf_Oper_L	Frontal_Inf_Oper_R	Frontal_Inf_Tri_L	Frontal_Inf_Tri_R	Frontal_Inf_Orb_L	Frontal_Inf_Orb_R	Rolandic_Oper_L	Rolandic_Oper_R	Supp_Motor_Area_L	Supp_Motor_Area_R	Olfactory_L	Olfactory_R	Frontal_Sup_Medial_L	Frontal_Sup_Medial_R	Frontal_Med_Orb_L	Frontal_Med_Orb_R	Rectus_L	Rectus_R	Insula_L	Insula_R	Cingulum_Ant_L	Cingulum_Ant_R	Cingulum_Mid_L	Cingulum_Mid_R	Cingulum_Post_L	Cingulum_Post_R	Hippocampus_L	Hippocampus_R	ParaHippocampal_L	ParaHippocampal_R	Amygdala_L	Amygdala_R	Calcarine_L	Calcarine_R	Cuneus_L	Cuneus_R	Lingual_L	Lingual_R	Occipital_Sup_L	Occipital_Sup_R	Occipital_Mid_L	Occipital_Mid_R	Occipital_Inf_L	Occipital_Inf_R	Fusiform_L	Fusiform_R	Postcentral_L	Postcentral_R	Parietal_Sup_L	Parietal_Sup_R	Parietal_Inf_L	Parietal_Inf_R	SupraMarginal_L	SupraMarginal_R	Angular_L	Angular_R	Precuneus_L	Precuneus_R	Paracentral_Lobule_L	Paracentral_Lobule_R	Caudate_L	Caudate_R	Putamen_L	Putamen_R	Pallidum_L	Pallidum_R	Thalamus_L	Thalamus_R	Heschl_L	Heschl_R	Temporal_Sup_L	Temporal_Sup_R	Temporal_Pole_Sup_L	Temporal_Pole_Sup_R	Temporal_Mid_L	Temporal_Mid_R	Temporal_Pole_Mid_L	Temporal_Pole_Mid_R	Temporal_Inf_L	Temporal_Inf_R	Cerebelum_Crus1_L	Cerebelum_Crus1_R	Cerebelum_Crus2_L	Cerebelum_Crus2_R	Cerebelum_3_L	Cerebelum_3_R	Cerebelum_4_5_L	Cerebelum_4_5_R	Cerebelum_6_L	Cerebelum_6_R	Cerebelum_7b_L	Cerebelum_7b_R	Cerebelum_8_L	Cerebelum_8_R	Cerebelum_9_L	Cerebelum_9_R	Cerebelum_10_L	Cerebelum_10_R	Vermis_1_2	Vermis_3	Vermis_4_5	Vermis_6	Vermis_7	Vermis_8	Vermis_9	Vermis_10	
486544	Precentral_L	0	6386	18324	2312	0	0	33160	1670	0	0	14984	342	878	0	0	0	9942	116	5184	8086	0	0	4932	0	0	0	0	0	6320	0	822	106	196	2776	2666	904	7666	542	3676	114	0	0	142	0	0	0	1082	0	124	0	1744	0	2080	0	2916	0	41190	0	208	0	12064	0	2478	0	762	0	228	0	11700	4108	3562	608	5000	0	1106	0	8732	1674	1676	0	2698	0	278	90	2132	0	0	0	2786	0	0	0	0	0	0	0	0	0	0	0	0	0	0	0	0	0	0	0	0	0	0	0	0	0	0	0	
294396	Precentral_R	6386	0	1314	18264	0	0	0	16492	0	0	0	5606	0	0	0	0	0	908	752	10090	0	0	0	0	0	0	0	0	0	2376	0	0	180	3876	1146	742	340	4324	114	572	0	0	0	166	0	330	0	0	0	972	106	272	0	0	0	648	0	21308	0	1892	0	2392	0	3938	0	180	100	1928	3542	8398	0	6856	310	3472	590	294	372	15156	0	112	0	96	0	0	0	100	0	0	0	186	0	0	0	0	0	0	0	0	0	0	0	0	0	0	0	0	0	0	0	0	0	0	0	0	0	0	
925268	Frontal_Sup_L	18324	1314	0	7976	8078	0	73218	504	1460	0	21520	702	11792	212	3182	0	17714	136	87272	19866	0	0	38004	1100	740	0	404	0	44562	220	12986	4696	8428	4472	512	112	1972	0	282	0	0	0	0	0	0	0	126	0	0	0	104	0	128	0	622	0	10936	0	98	0	4712	0	884	0	112	0	0	0	338	1072	7514	214	23794	0	7798	0	2344	106	1310	0	4476	0	3178	0	370	0	0	0	638	0	0	0	0	0	0	0	0	0	0	0	0	0	0	0	0	0	0	0	0	0	0	0	0	0	0	0	
700064	Frontal_Sup_R	2312	18264	7976	0	224	5018	1520	26828	0	132	310	10192	0	8694	0	4698	180	9632	11968	63156	0	0	5042	32872	0	2394	0	0	2102	12294	2638	32346	1356	17614	502	548	332	3898	132	1584	0	0	0	0	0	0	0	0	0	0	0	0	0	0	0	1032	466	1974	0	0	738	262	176	254	0	0	0	0	170	574	3532	20290	1172	12496	110	1956	376	15076	0	426	0	292	0	1902	0	0	0	0	0	0	0	0	0	0	0	0	0	0	0	0	0	0	0	0	0	0	0	0	0	0	0	0	0	0	0	0	
167144	Frontal_Sup_Orb_L	0	0	8078	224	0	0	272	0	10058	0	1034	0	1462	0	10978	0	0	0	1692	174	3140	1066	5178	0	3534	0	6480	250	9516	0	4320	1102	0	0	0	0	0	0	0	0	0	0	0	0	0	0	0	0	0	0	0	0	0	0	0	0	0	0	0	0	0	0	0	0	0	0	0	0	0	0	4422	266	8886	0	0	0	0	0	0	0	0	0	1440	0	0	0	0	0	0	0	0	0	0	0	0	0	0	0	0	0	0	0	0	0	0	0	0	0	0	0	0	0	0	0	0	0	
97292	Frontal_Sup_Orb_R	0	0	0	5018	0	0	0	210	0	2068	0	0	0	410	0	2848	0	0	0	646	314	1714	0	2668	0	7706	446	6432	0	1720	0	2028	0	0	0	0	0	0	0	0	0	98	0	0	0	0	0	0	0	0	0	0	0	0	0	0	0	0	0	0	0	0	0	0	0	0	0	0	0	0	364	6046	336	7574	0	0	0	0	0	0	0	0	0	0	0	0	0	0	0	0	0	0	0	0	0	0	0	0	0	0	0	0	0	0	0	0	0	0	0	0	0	0	0	0	0	0	
540972	Frontal_Mid_L	33160	0	73218	1520	272	0	0	280	1348	0	16852	410	20436	566	3336	0	10414	0	14214	1984	0	0	19302	816	0	0	0	0	18478	464	4792	1322	4924	1148	170	240	2314	182	656	0	0	0	0	0	0	0	224	0	0	0	242	0	170	0	522	0	14812	0	90	0	5274	0	680	0	338	0	0	0	292	0	1014	168	2174	0	380	0	5912	516	1344	0	2362	0	396	0	330	0	0	0	428	0	0	0	0	0	0	0	0	0	0	0	0	0	0	0	0	0	0	0	0	0	0	0	0	0	0	0	
201588	Frontal_Mid_R	1670	16492	504	26828	0	210	280	0	0	168	124	6518	0	9342	0	3462	0	2068	526	2118	0	0	188	1860	0	0	0	0	358	3082	252	2622	0	1052	258	338	340	1892	128	348	0	0	0	0	0	0	0	0	0	0	0	0	0	0	0	166	0	2428	0	0	0	0	0	0	0	0	0	0	0	0	206	3112	214	2166	0	1052	148	7918	0	356	0	0	0	0	0	0	0	0	0	0	0	0	0	0	0	0	0	0	0	0	0	0	0	0	0	0	0	0	0	0	0	0	0	0	0	0	
75152	Frontal_Mid_Orb_L	0	0	1460	0	10058	0	1348	0	0	0	0	0	2984	0	11998	0	0	0	0	0	552	346	94	0	184	0	1670	0	2540	0	418	268	0	0	0	0	0	0	0	0	0	0	0	0	0	0	0	0	0	0	0	0	0	0	0	0	0	0	0	0	0	0	0	0	0	0	0	0	0	0	808	0	2628	0	0	0	0	0	0	0	0	0	220	0	0	0	0	0	0	0	0	0	0	0	0	0	0	0	0	0	0	0	0	0	0	0	0	0	0	0	0	0	0	0	0	0	
15800	Frontal_Mid_Orb_R	0	0	0	132	0	2068	0	168	0	0	0	0	0	430	0	3592	0	0	0	0	0	0	0	0	0	0	0	268	0	822	0	0	0	0	0	0	0	0	0	0	0	0	0	0	0	0	0	0	0	0	0	0	0	0	0	0	0	0	0	0	0	0	0	0	0	0	0	0	0	0	0	242	0	178	0	0	0	0	0	0	0	0	0	0	0	0	0	0	0	0	0	0	0	0	0	0	0	0	0	0	0	0	0	0	0	0	0	0	0	0	0	0	0	0	0	0	
268636	Frontal_Inf_Oper_L	14984	0	21520	310	1034	0	16852	124	0	0	0	328	7322	0	0	0	11706	0	10094	374	0	0	4178	0	0	0	0	0	17502	0	494	292	176	90	0	140	1438	0	94	0	0	0	0	0	0	0	0	0	0	0	0	0	182	0	468	0	9944	0	0	0	3202	0	1160	0	0	0	0	0	0	0	336	0	1160	0	0	0	834	118	1994	0	2068	0	2900	0	462	0	0	0	438	0	0	0	0	0	0	0	0	0	0	0	0	0	0	0	0	0	0	0	0	0	0	0	0	0	0	0	
193724	Frontal_Inf_Oper_R	342	5606	702	10192	0	0	410	6518	0	0	328	0	92	11432	0	1286	0	5540	1276	6176	0	0	406	1306	0	0	0	0	1454	12012	2066	9134	0	2056	0	148	102	1168	0	226	0	0	0	0	0	0	0	0	0	0	0	0	0	0	0	98	0	1930	0	0	0	270	0	286	0	0	0	0	0	0	3884	2200	354	5536	0	472	0	1420	0	138	0	98	0	198	0	0	0	0	0	0	0	0	0	0	0	0	0	0	0	0	0	0	0	0	0	0	0	0	0	0	0	0	0	0	0	0	
160996	Frontal_Inf_Tri_L	878	0	11792	0	1462	0	20436	0	2984	0	7322	92	0	0	11996	0	542	0	1914	0	0	0	2058	0	0	0	0	0	16018	0	204	0	468	0	0	0	162	0	0	0	0	0	0	0	0	0	0	0	0	0	0	0	0	0	0	0	446	0	0	0	0	0	0	0	0	0	0	0	0	0	246	0	312	0	0	0	274	0	452	0	108	0	332	0	0	0	0	0	0	0	0	0	0	0	0	0	0	0	0	0	0	0	0	0	0	0	0	0	0	0	0	0	0	0	0	0	
163916	Frontal_Inf_Tri_R	0	0	212	8694	0	410	566	9342	0	430	0	11432	0	0	0	10456	0	266	914	1872	0	0	780	4276	0	0	0	0	0	14430	2136	11456	0	2688	0	0	0	0	0	0	0	0	0	0	0	0	0	0	0	0	0	0	0	0	0	0	0	0	0	0	0	0	0	0	0	0	0	0	0	0	0	1024	0	574	0	0	0	0	0	0	0	0	0	0	0	0	0	0	0	0	0	0	0	0	0	0	0	0	0	0	0	0	0	0	0	0	0	0	0	0	0	0	0	0	0	0	
146448	Frontal_Inf_Orb_L	0	0	3182	0	10978	0	3336	0	11998	0	0	0	11996	0	0	0	0	0	252	0	2750	762	128	0	566	0	2842	120	12098	0	1190	476	0	0	0	0	0	0	152	0	140	0	0	0	0	0	0	0	0	0	0	0	0	0	0	0	0	0	0	0	0	0	0	0	0	0	0	0	0	0	3476	262	4234	0	0	0	0	0	0	0	0	0	2286	0	0	0	0	0	0	0	0	0	0	0	0	0	0	0	0	0	0	0	0	0	0	0	0	0	0	0	0	0	0	0	0	0	
111084	Frontal_Inf_Orb_R	0	0	0	4698	0	2848	0	3462	0	3592	0	1286	0	10456	0	0	0	314	160	286	106	1444	0	1648	0	0	0	2220	0	12954	0	1416	0	454	0	0	0	0	0	254	0	122	0	0	0	0	0	0	0	0	0	0	0	0	0	0	0	0	0	0	0	0	0	0	0	0	0	0	0	0	176	2116	128	2506	0	0	0	0	0	0	0	1128	0	1642	0	126	0	0	0	0	0	0	0	0	0	0	0	0	0	0	0	0	0	0	0	0	0	0	0	0	0	0	0	0	0	0	
267124	Rolandic_Oper_L	9942	0	17714	180	0	0	10414	0	0	0	11706	0	542	0	0	0	0	0	9974	470	0	0	610	0	0	0	0	0	18320	0	0	0	0	0	0	0	1540	0	350	0	0	0	0	0	0	0	0	0	0	0	598	0	410	0	852	0	16060	0	1060	0	3638	0	1196	0	384	0	0	0	112	0	396	0	1048	0	0	0	3250	0	3040	0	11222	0	2788	0	3624	0	0	0	2122	0	0	0	0	0	0	0	0	0	0	0	0	0	0	0	0	0	0	0	0	0	0	0	0	0	0	0	
122436	Rolandic_Oper_R	116	908	136	9632	0	0	0	2068	0	0	0	5540	0	266	0	314	0	0	0	7054	0	0	0	0	0	0	0	0	562	11994	0	506	0	0	0	0	0	900	0	92	0	0	0	0	0	0	0	0	0	0	0	0	0	0	0	92	160	2776	0	106	320	882	102	2346	0	314	0	0	0	0	1374	562	132	3034	0	142	0	100	0	1332	0	3906	0	3200	0	146	0	0	0	104	0	0	0	0	0	0	0	0	0	0	0	0	0	0	0	0	0	0	0	0	0	0	0	0	0	0	
611140	Supp_Motor_Area_L	5184	752	87272	11968	1692	0	14214	526	0	0	10094	1276	1914	914	252	160	9974	0	0	36732	0	0	7870	3576	0	0	0	0	25730	512	6888	7308	9966	13192	452	0	858	0	104	0	0	0	0	0	0	0	0	0	0	0	0	0	0	0	316	0	3160	0	0	0	1546	0	296	0	0	0	0	0	2556	930	6834	260	18656	0	4998	0	500	0	478	0	2792	0	2286	0	206	0	0	0	376	0	0	0	0	0	0	0	0	0	0	0	0	0	0	0	0	0	0	0	0	0	0	0	0	0	0	0	
642228	Supp_Motor_Area_R	8086	10090	19866	63156	174	646	1984	2118	0	0	374	6176	0	1872	0	286	470	7054	36732	0	0	0	654	4858	0	522	0	0	2802	6742	2438	19844	6206	32784	3274	3458	178	1962	0	1088	0	0	0	242	0	324	0	0	0	298	110	160	0	0	0	852	794	3290	0	132	800	332	178	308	0	112	270	1190	6432	17438	4192	16838	2104	7700	892	1528	1074	4952	0	156	212	294	0	1382	130	148	0	0	152	204	0	0	0	0	0	0	0	0	0	0	0	0	0	0	0	0	0	0	0	0	0	0	0	0	0	0	
106396	Olfactory_L	0	0	0	0	3140	314	0	0	552	0	0	0	0	0	2750	106	0	0	0	0	0	5870	0	0	470	0	2590	1070	2842	0	2248	3042	0	0	0	0	1526	0	1088	0	1896	0	0	0	0	0	0	0	0	0	0	0	0	0	646	0	0	0	0	0	0	0	0	0	0	0	0	0	0	0	11488	5032	4556	992	186	0	0	0	0	0	0	0	794	0	0	0	0	0	0	0	0	0	0	0	0	0	0	0	0	0	0	0	0	0	0	0	0	0	0	0	0	0	0	0	0	0	
96504	Olfactory_R	0	0	0	0	1066	1714	0	0	346	0	0	0	0	0	762	1444	0	0	0	0	5870	0	0	0	120	926	1082	3562	0	1452	2138	3138	0	0	0	0	0	248	0	520	0	412	0	0	0	0	0	0	0	0	0	0	0	0	0	90	0	0	0	0	0	0	0	0	0	0	0	0	0	0	7342	8604	4694	2198	200	130	0	0	0	0	0	0	0	194	0	0	0	0	0	0	0	0	0	0	0	0	0	0	0	0	0	0	0	0	0	0	0	0	0	0	0	0	0	0	0	0	
283576	Frontal_Sup_Medial_L	4932	0	38004	5042	5178	0	19302	188	94	0	4178	406	2058	780	128	0	610	0	7870	654	0	0	0	10206	2136	0	390	0	6596	468	12472	6724	4922	4736	0	0	0	0	0	0	0	0	0	0	0	0	0	0	0	0	0	0	0	0	0	0	602	0	0	0	220	0	0	0	0	0	0	0	0	0	188	230	1740	136	0	0	172	0	0	0	126	0	300	0	0	0	0	0	0	0	0	0	0	0	0	0	0	0	0	0	0	0	0	0	0	0	0	0	0	0	0	0	0	0	0	0	
237496	Frontal_Sup_Medial_R	0	0	1100	32872	0	2668	816	1860	0	0	0	1306	0	4276	0	1648	0	0	3576	4858	0	0	10206	0	0	2696	0	0	412	2840	3602	23070	1318	13244	0	0	0	0	0	0	0	0	0	0	0	0	0	0	0	0	0	0	0	0	0	0	0	0	0	0	0	0	0	0	0	0	0	0	0	0	0	3004	0	3376	0	0	0	0	0	0	0	0	0	0	0	0	0	0	0	0	0	0	0	0	0	0	0	0	0	0	0	0	0	0	0	0	0	0	0	0	0	0	0	0	0	0	
29808	Frontal_Med_Orb_L	0	0	740	0	3534	0	0	0	184	0	0	0	0	0	566	0	0	0	0	0	470	120	2136	0	0	250	1536	0	158	0	2778	222	0	0	0	0	0	0	0	0	0	0	0	0	0	0	0	0	0	0	0	0	0	0	0	0	0	0	0	0	0	0	0	0	0	0	0	0	0	0	1004	94	1112	0	0	0	0	0	0	0	0	0	0	0	0	0	0	0	0	0	0	0	0	0	0	0	0	0	0	0	0	0	0	0	0	0	0	0	0	0	0	0	0	0	0	0	
70276	Frontal_Med_Orb_R	0	0	0	2394	0	7706	0	0	0	0	0	0	0	0	0	0	0	0	0	522	0	926	0	2696	250	0	452	4714	0	0	848	5248	0	0	0	0	0	0	0	0	0	0	0	0	0	0	0	0	0	0	0	0	0	0	0	0	0	0	0	0	0	0	0	0	0	0	0	0	0	0	102	4932	0	4348	0	0	0	0	0	0	0	0	0	0	0	0	0	0	0	0	0	0	0	0	0	0	0	0	0	0	0	0	0	0	0	0	0	0	0	0	0	0	0	0	0	0	
54532	Rectus_L	0	0	404	0	6480	446	0	0	1670	0	0	0	0	0	2842	0	0	0	0	0	2590	1082	390	0	1536	452	0	816	1054	0	1670	832	0	0	0	0	152	0	128	0	206	0	0	0	0	0	0	0	0	0	0	0	0	0	0	0	0	0	0	0	0	0	0	0	0	0	0	0	0	0	3354	168	744	0	0	0	0	0	0	0	0	0	250	0	0	0	0	0	0	0	0	0	0	0	0	0	0	0	0	0	0	0	0	0	0	0	0	0	0	0	0	0	0	0	0	0	
57852	Rectus_R	0	0	0	0	250	6432	0	0	0	268	0	0	0	0	120	2220	0	0	0	0	1070	3562	0	0	0	4714	816	0	0	746	376	1604	0	0	0	0	0	0	0	128	0	0	0	0	0	0	0	0	0	0	0	0	0	0	0	0	0	0	0	0	0	0	0	0	0	0	0	0	0	0	1088	3338	752	1442	0	0	0	0	0	0	0	0	0	0	0	0	0	0	0	0	0	0	0	0	0	0	0	0	0	0	0	0	0	0	0	0	0	0	0	0	0	0	0	0	0	0	
560868	Insula_L	6320	0	44562	2102	9516	0	18478	358	2540	0	17502	1454	16018	0	12098	0	18320	562	25730	2802	2842	0	6596	412	158	0	1054	0	0	200	1250	1264	2016	598	92	94	10282	0	1052	0	652	0	278	0	0	0	388	0	0	0	0	0	506	0	5310	0	5438	0	280	0	2054	0	0	0	164	0	166	0	208	0	6566	334	21136	0	228	0	7988	0	6640	0	4710	0	4970	100	1776	0	0	0	4270	0	0	0	0	0	0	0	0	0	0	0	0	0	0	0	0	0	0	0	0	0	0	0	0	0	0	0	
298280	Insula_R	0	2376	220	12294	0	1720	464	3082	0	822	0	12012	0	14430	0	12954	0	11994	512	6742	0	1452	468	2840	0	0	0	746	200	0	1510	8846	0	1356	158	272	156	6326	0	2172	0	908	0	0	0	0	0	0	0	0	0	0	0	0	0	4386	0	1588	0	0	0	0	0	0	0	0	0	0	0	0	576	1650	110	16478	0	0	0	1090	0	1878	0	5296	0	3048	0	1376	0	0	0	4632	0	0	0	0	0	0	0	0	0	0	0	0	0	0	0	0	0	0	0	0	0	0	0	0	0	0	
223568	Cingulum_Ant_L	822	0	12986	2638	4320	0	4792	252	418	0	494	2066	204	2136	1190	0	0	0	6888	2438	2248	2138	12472	3602	2778	848	1670	376	1250	1510	0	16168	5630	3166	300	0	0	0	0	0	0	0	0	0	0	0	0	0	0	0	0	0	0	0	0	0	136	0	0	0	112	0	0	0	0	0	0	0	0	0	6662	4150	3746	1178	0	0	0	0	0	0	0	0	0	0	0	0	0	0	0	0	0	0	0	0	0	0	0	0	0	0	0	0	0	0	0	0	0	0	0	0	0	0	0	0	0	0	
440448	Cingulum_Ant_R	106	0	4696	32346	1102	2028	1322	2622	268	0	292	9134	0	11456	476	1416	0	506	7308	19844	3042	3138	6724	23070	222	5248	832	1604	1264	8846	16168	0	1242	20346	0	0	258	0	140	0	258	0	0	0	0	0	0	0	0	0	0	0	0	0	0	0	0	0	0	0	0	0	0	0	0	0	0	0	0	0	5156	19676	1140	6794	0	0	0	0	0	0	0	0	0	134	0	0	0	0	0	0	0	0	0	0	0	0	0	0	0	0	0	0	0	0	0	0	0	0	0	0	0	0	0	0	0	0	
162432	Cingulum_Mid_L	196	180	8428	1356	0	0	4924	0	0	0	176	0	468	0	0	0	0	0	9966	6206	0	0	4922	1318	0	0	0	0	2016	0	5630	1242	0	8728	4826	152	0	0	0	0	0	0	1904	90	2064	418	218	0	1144	0	3106	0	378	0	170	0	184	0	416	0	208	0	0	0	0	0	5340	858	2158	444	0	0	384	0	586	0	138	0	0	0	0	0	0	0	112	0	0	0	162	0	0	0	0	0	0	0	0	0	0	0	0	0	0	0	0	0	0	0	0	0	0	0	0	0	0	0	
391288	Cingulum_Mid_R	2776	3876	4472	17614	0	0	1148	1052	0	0	90	2056	0	2688	0	454	0	0	13192	32784	0	0	4736	13244	0	0	0	0	598	1356	3166	20346	8728	0	3266	5454	0	360	0	0	0	0	154	3344	88	3914	0	108	0	3254	0	1678	0	246	0	608	0	6014	0	1408	0	240	0	88	0	928	1294	8878	2952	14032	272	382	260	0	506	0	162	0	0	0	0	90	0	0	0	646	0	0	0	642	0	0	0	0	0	0	0	0	0	0	0	0	0	0	0	0	0	0	0	0	0	0	0	0	0	0	
123800	Cingulum_Post_L	2666	1146	512	502	0	0	170	258	0	0	0	0	0	0	0	0	0	0	452	3274	0	0	0	0	0	0	0	0	92	158	300	0	4826	3266	0	6486	5088	3444	2064	818	0	0	2776	0	830	254	1048	238	436	130	344	0	316	0	790	396	600	0	0	0	198	0	0	0	0	0	5054	1236	4230	1904	0	0	228	0	252	0	700	2924	160	136	158	88	0	0	216	0	0	0	736	0	0	0	0	0	0	0	0	0	0	0	0	0	0	0	0	0	0	0	0	0	0	0	0	0	0	0	
148956	Cingulum_Post_R	904	742	112	548	0	0	240	338	0	0	140	148	0	0	0	0	0	0	0	3458	0	0	0	0	0	0	0	0	94	272	0	0	152	5454	6486	0	4092	7254	1182	2534	0	0	0	2796	0	2566	172	2552	0	1628	0	1226	0	412	282	1498	258	2180	0	814	146	0	0	0	0	122	826	10242	454	4360	0	0	0	0	0	0	1150	3178	194	240	148	130	0	0	0	1008	0	0	336	1410	0	0	0	0	0	0	0	0	0	0	0	0	0	0	0	0	0	0	0	0	0	0	0	0	0	0	
287492	Hippocampus_L	7666	340	1972	332	0	0	2314	340	0	0	1438	102	162	0	0	0	1540	0	858	178	1526	0	0	0	0	0	152	0	10282	156	0	258	0	0	5088	4092	0	3556	19454	862	10744	0	954	0	0	0	5778	258	0	0	116	0	774	0	18982	446	1590	0	0	0	494	0	0	0	0	0	2190	648	0	0	774	260	6498	0	806	0	6444	3324	2080	138	2514	100	1362	0	1750	0	150	0	11702	0	0	0	0	0	0	0	96	0	106	0	0	0	0	0	0	0	0	0	0	0	0	0	0	0	0	0	
304988	Hippocampus_R	542	4324	0	3898	0	0	182	1892	0	0	0	1168	0	0	0	0	0	900	0	1962	0	248	0	0	0	0	0	0	0	6326	0	0	0	360	3444	7254	3556	0	1088	29436	0	8840	0	1304	0	0	170	4424	0	92	0	106	0	156	216	27594	188	1082	0	242	120	0	0	0	0	0	0	5218	0	670	0	0	0	11900	0	470	844	6174	128	1334	96	2554	0	854	0	2338	0	106	234	7518	0	0	0	0	106	116	0	504	0	0	0	0	0	0	0	0	0	0	0	216	0	0	0	0	0	0	
129884	ParaHippocampal_L	3676	114	282	132	0	0	656	128	0	0	94	0	0	0	152	0	350	0	104	0	1088	0	0	0	0	0	128	0	1052	0	0	140	0	0	2064	1182	19454	1088	0	232	3644	0	998	0	0	0	6904	94	0	0	146	0	446	0	8008	114	304	0	0	0	0	0	0	0	0	0	2368	0	0	0	386	140	1430	0	0	0	1806	804	142	0	250	0	948	0	410	0	586	0	2658	0	0	0	0	0	88	0	152	0	0	0	0	0	0	0	0	0	0	0	0	0	0	0	0	0	0	0	
213836	ParaHippocampal_R	114	572	0	1584	0	0	0	348	0	0	0	226	0	0	0	254	0	92	0	1088	0	520	0	0	0	0	0	128	0	2172	0	0	0	0	818	2534	862	29436	232	0	0	9208	0	1192	0	0	0	5810	0	0	0	0	0	0	0	24584	0	0	0	0	0	0	0	0	0	0	0	4070	0	0	0	0	0	7342	0	432	326	2322	0	544	0	636	0	3616	0	158	0	2380	0	1936	0	0	0	0	0	132	0	1250	0	0	0	0	0	0	0	0	0	0	0	0	0	0	0	0	0	0	
59588	Amygdala_L	0	0	0	0	0	0	0	0	0	0	0	0	0	0	140	0	0	0	0	0	1896	0	0	0	0	0	206	0	652	0	0	258	0	0	0	0	10744	0	3644	0	0	0	0	0	0	0	0	0	0	0	0	0	0	0	6384	0	0	0	0	0	0	0	0	0	0	0	0	0	0	0	784	260	1184	0	0	0	0	0	0	0	0	0	944	0	116	0	164	0	2418	0	0	0	0	0	0	0	0	0	0	0	0	0	0	0	0	0	0	0	0	0	0	0	0	0	0	0	
68812	Amygdala_R	0	0	0	0	0	98	0	0	0	0	0	0	0	0	0	122	0	0	0	0	0	412	0	0	0	0	0	0	0	908	0	0	0	0	0	0	0	8840	0	9208	0	0	0	0	0	0	0	0	0	0	0	0	0	0	0	7476	0	0	0	0	0	0	0	0	0	0	0	0	0	0	0	0	0	2550	0	0	0	0	0	0	0	176	0	2962	0	0	0	332	0	1150	0	0	0	0	0	0	0	172	0	0	0	0	0	0	0	0	0	0	0	0	0	0	0	0	0	0	
252464	Calcarine_L	142	0	0	0	0	0	0	0	0	0	0	0	0	0	0	0	0	0	0	0	0	0	0	0	0	0	0	0	278	0	0	0	1904	154	2776	0	954	0	998	0	0	0	0	4688	14158	3016	17040	1828	9874	282	23146	0	10332	0	6744	0	928	0	2532	0	1704	0	0	0	162	0	16956	296	958	0	0	0	0	0	0	0	0	0	200	0	0	0	0	0	1162	0	0	0	3020	0	0	0	0	0	0	0	0	0	0	0	0	0	0	0	0	0	0	0	0	0	0	0	0	0	0	0	
377428	Calcarine_R	0	166	0	0	0	0	0	0	0	0	0	0	0	0	0	0	0	0	0	242	0	0	0	0	0	0	0	0	0	0	0	0	90	3344	0	2796	0	1304	0	1192	0	0	4688	0	4408	36090	1210	18894	0	28500	0	13438	0	9078	0	8940	0	2218	0	6904	0	824	0	0	0	2756	1758	27838	0	1886	0	0	0	0	0	0	0	0	0	0	0	0	0	0	0	4498	0	0	0	5308	0	88	0	0	0	0	0	0	0	256	0	0	0	0	0	0	0	0	0	0	0	0	0	0	0	0	
134436	Cuneus_L	0	0	0	0	0	0	0	0	0	0	0	0	0	0	0	0	0	0	0	0	0	0	0	0	0	0	0	0	0	0	0	0	2064	88	830	0	0	0	0	0	0	0	14158	4408	0	5454	566	0	14570	286	6578	0	806	0	316	0	312	0	5328	0	350	0	0	0	0	0	10208	206	548	0	0	0	0	0	0	0	0	0	0	0	0	0	0	0	0	0	0	0	142	0	0	0	0	0	0	0	0	0	0	0	0	0	0	0	0	0	0	0	0	0	0	0	0	0	0	0	
339524	Cuneus_R	0	330	0	0	0	0	0	0	0	0	0	0	0	0	0	0	0	0	0	324	0	0	0	0	0	0	0	0	0	0	0	0	418	3914	254	2566	0	0	0	0	0	0	3016	36090	5454	0	104	2964	0	42068	0	13132	0	1396	0	1616	0	1898	0	11250	0	664	0	418	0	2436	2916	31842	0	1216	0	0	0	0	0	0	0	0	0	0	0	158	0	0	0	2094	0	0	0	1224	0	0	0	0	0	0	0	0	0	0	0	0	0	0	0	0	0	0	0	0	0	0	0	0	0	0	
266564	Lingual_L	1082	0	126	0	0	0	224	0	0	0	0	0	0	0	0	0	0	0	0	0	0	0	0	0	0	0	0	0	388	0	0	0	218	0	1048	172	5778	170	6904	0	0	0	17040	1210	566	104	0	1560	2964	0	19470	0	10988	0	17962	202	330	0	552	0	482	0	0	0	252	0	5766	0	134	0	0	0	134	0	0	0	718	172	116	0	244	0	0	0	996	0	0	0	2824	0	5180	460	1738	914	108	120	6092	454	8844	730	754	0	1214	0	156	0	0	0	0	0	1616	2114	1786	0	106	0	
224172	Lingual_R	0	0	0	0	0	0	0	0	0	0	0	0	0	0	0	0	0	0	0	0	0	0	0	0	0	0	0	0	0	0	0	0	0	108	238	2552	258	4424	94	5810	0	0	1828	18894	0	2964	1560	0	0	3254	0	2732	0	4566	294	15422	0	92	0	384	0	0	0	0	0	0	150	6710	0	0	0	0	0	0	0	0	0	284	0	0	0	0	0	0	0	862	0	0	0	1012	620	3620	250	1142	0	242	1300	6014	1458	8596	0	0	0	218	0	820	0	0	114	272	4982	4250	1972	880	844	0	
307504	Occipital_Sup_L	124	0	0	0	0	0	0	0	0	0	0	0	0	0	0	0	0	0	0	0	0	0	0	0	0	0	0	0	0	0	0	0	1144	0	436	0	0	0	0	0	0	0	9874	0	14570	0	2964	0	0	0	43406	0	2760	0	1084	0	3534	0	24902	0	17812	0	616	0	5788	0	16040	0	1410	0	0	0	0	0	0	0	0	0	0	0	718	0	0	0	5472	0	0	0	1098	0	0	0	0	0	0	0	0	0	0	0	0	0	0	0	0	0	0	0	0	0	0	0	0	0	0	0	
360200	Occipital_Sup_R	0	972	0	0	0	0	0	0	0	0	0	0	0	0	0	0	0	0	0	298	0	0	0	0	0	0	0	0	0	0	0	0	0	3254	130	1628	0	92	0	0	0	0	282	28500	286	42068	0	3254	0	0	0	24282	0	2120	0	2406	0	3918	0	17976	0	2380	0	570	0	10694	1374	27410	0	1352	0	0	0	0	0	0	0	0	0	0	0	308	0	0	0	3412	0	0	0	1134	0	0	0	0	0	0	0	0	0	0	0	0	0	0	0	0	0	0	0	0	0	0	0	0	0	0	
605004	Occipital_Mid_L	1744	106	104	0	0	0	242	0	0	0	0	0	0	0	0	0	598	0	0	110	0	0	0	0	0	0	0	0	0	0	0	0	3106	0	344	0	116	0	146	0	0	0	23146	0	6578	0	19470	0	43406	0	0	0	35110	0	13184	0	8794	0	24224	0	26280	0	3556	0	22090	0	20940	0	3380	0	0	0	88	0	0	0	160	0	482	0	3322	0	0	0	27866	0	0	0	13462	0	130	0	96	0	0	0	0	0	122	0	0	0	0	0	0	0	0	0	0	0	0	0	0	0	0	0	
238264	Occipital_Mid_R	0	272	0	0	0	0	0	0	0	0	0	0	0	0	0	0	0	0	0	160	0	0	0	0	0	0	0	0	0	0	0	0	0	1678	0	1226	0	106	0	0	0	0	0	13438	0	13132	0	2732	0	24282	0	0	0	6300	0	2958	0	1266	0	5070	0	3852	0	1082	0	16720	344	8590	0	1084	0	0	0	0	0	0	0	0	0	0	0	874	0	0	0	11846	0	0	0	2120	0	0	0	0	0	0	0	0	0	0	0	0	0	0	0	0	0	0	0	0	0	0	0	0	0	0	
251528	Occipital_Inf_L	2080	0	128	0	0	0	170	0	0	0	182	0	0	0	0	0	410	0	0	0	0	0	0	0	0	0	0	0	506	0	0	0	378	0	316	0	774	0	446	0	0	0	10332	0	806	0	10988	0	2760	0	35110	0	0	0	20188	0	1796	0	1324	0	2220	0	444	0	2112	0	4796	0	1302	0	0	0	0	0	0	0	108	0	1160	0	826	0	0	0	7604	0	0	0	15830	0	218	0	0	0	0	0	162	0	288	0	0	0	0	0	0	0	0	0	0	0	0	0	0	0	0	0	
96020	Occipital_Inf_R	0	0	0	0	0	0	0	0	0	0	0	0	0	0	0	0	0	0	0	0	0	0	0	0	0	0	0	0	0	0	0	0	0	246	0	412	0	156	0	0	0	0	0	9078	0	1396	0	4566	0	2120	0	6300	0	0	0	11460	0	284	0	206	0	0	0	0	0	0	156	1602	0	208	0	0	0	0	0	0	0	0	0	0	0	0	0	0	0	1304	0	0	0	6828	0	186	0	0	0	0	0	262	0	652	0	0	0	0	0	0	0	0	0	0	234	354	0	0	0	0	
486300	Fusiform_L	2916	0	622	0	0	0	522	0	0	0	468	0	0	0	0	0	852	0	316	0	646	0	0	0	0	0	0	0	5310	0	0	0	170	0	790	282	18982	216	8008	0	6384	0	6744	0	316	0	17962	294	1084	0	13184	0	20188	0	0	92	1872	0	576	0	1298	0	116	0	930	0	3856	0	1218	0	276	0	1622	0	0	0	2532	196	2676	0	3428	0	2662	0	7740	0	554	0	31976	0	22518	256	2094	638	1002	0	12714	282	26896	366	690	0	1128	136	344	98	0	0	88	90	1906	838	918	138	134	0	
435336	Fusiform_R	0	648	0	1032	0	0	0	166	0	0	0	98	0	0	0	0	0	92	0	852	0	90	0	0	0	0	0	0	0	4386	0	0	0	608	396	1498	446	27594	114	24584	0	7476	0	8940	0	1616	202	15422	0	2406	0	2958	0	11460	92	0	0	3388	0	2002	0	102	0	222	0	194	148	3414	0	808	0	0	0	8428	0	198	182	2090	0	948	0	3146	0	6124	0	2968	0	2264	0	26004	152	10544	0	670	0	430	394	7656	304	15700	0	0	0	134	0	462	0	0	0	122	2122	1624	632	470	446	0	
460456	Postcentral_L	41190	0	10936	466	0	0	14812	0	0	0	9944	0	446	0	0	0	16060	160	3160	794	0	0	602	0	0	0	0	0	5438	0	136	0	184	0	600	258	1590	188	304	0	0	0	928	0	312	0	330	0	3534	0	8794	0	1796	0	1872	0	0	0	14580	0	42424	0	9708	0	5424	0	4282	0	4630	0	1094	0	2838	0	386	0	2692	346	1734	0	6852	0	0	158	4580	0	0	0	3666	0	0	0	0	0	0	0	0	0	0	0	0	0	0	0	0	0	0	0	0	0	0	0	0	0	0	0	
244520	Postcentral_R	0	21308	0	1974	0	0	0	2428	0	0	0	1930	0	0	0	0	0	2776	0	3290	0	0	0	0	0	0	0	0	0	1588	0	0	0	6014	0	2180	0	1082	0	0	0	0	0	2218	0	1898	0	92	0	3918	0	1266	0	284	0	3388	0	0	0	14192	0	7522	0	11564	0	1252	128	9088	0	9158	0	230	0	474	0	0	0	114	0	330	0	1734	0	0	0	4230	0	0	0	4610	0	0	0	0	0	0	0	0	0	0	0	0	0	0	0	0	0	0	0	0	0	0	0	0	0	0	
266532	Parietal_Sup_L	208	0	98	0	0	0	90	0	0	0	0	0	0	0	0	0	1060	0	0	0	0	0	0	0	0	0	0	0	280	0	0	0	416	0	0	0	0	0	0	0	0	0	2532	0	5328	0	552	0	24902	0	24224	0	1324	0	576	0	14580	0	0	0	26662	0	1078	0	5356	0	12860	0	2638	0	0	0	0	0	0	0	0	0	0	0	1368	0	0	0	5526	0	0	0	1608	0	0	0	0	0	0	0	0	0	0	0	0	0	0	0	0	0	0	0	0	0	0	0	0	0	0	0	
216612	Parietal_Sup_R	0	1892	0	0	0	0	0	0	0	0	0	0	0	0	0	0	0	106	0	132	0	0	0	0	0	0	0	0	0	0	0	0	0	1408	0	814	0	242	0	0	0	0	0	6904	0	11250	0	384	0	17976	0	5070	0	206	0	2002	0	14192	0	0	0	5970	0	2676	0	4938	526	19584	0	468	0	0	0	0	0	0	0	0	0	210	0	1670	0	0	0	5842	0	0	0	3844	0	0	0	0	0	0	0	0	0	0	0	0	0	0	0	0	0	0	0	0	0	0	0	0	0	0	
433104	Parietal_Inf_L	12064	0	4712	738	0	0	5274	0	0	0	3202	0	0	0	0	0	3638	320	1546	800	0	0	220	0	0	0	0	0	2054	0	112	0	208	0	198	146	494	120	0	0	0	0	1704	0	350	0	482	0	17812	0	26280	0	2220	0	1298	0	42424	0	26662	0	0	0	14982	0	17128	0	4506	0	3992	0	630	0	358	0	0	0	632	230	476	0	4314	0	0	312	10478	0	0	0	3436	0	0	0	0	0	0	0	0	0	0	0	0	0	0	0	0	0	0	0	0	0	0	0	0	0	0	0	
103892	Parietal_Inf_R	0	2392	0	262	0	0	0	0	0	0	0	270	0	0	0	0	0	882	0	332	0	0	0	0	0	0	0	0	0	0	0	0	0	240	0	0	0	0	0	0	0	0	0	824	0	664	0	0	0	2380	0	3852	0	0	0	102	0	7522	0	5970	0	0	0	12630	0	10336	0	1306	0	266	0	0	0	0	0	0	0	0	0	122	0	750	0	0	0	692	0	0	0	152	0	0	0	0	0	0	0	0	0	0	0	0	0	0	0	0	0	0	0	0	0	0	0	0	0	0	
119312	SupraMarginal_L	2478	0	884	176	0	0	680	0	0	0	1160	0	0	0	0	0	1196	102	296	178	0	0	0	0	0	0	0	0	0	0	0	0	0	0	0	0	0	0	0	0	0	0	0	0	0	0	0	0	616	0	3556	0	444	0	116	0	9708	0	1078	0	14982	0	0	0	7744	0	0	0	0	0	122	0	0	0	0	0	0	0	0	0	7586	0	0	102	5548	0	0	0	904	0	0	0	0	0	0	0	0	0	0	0	0	0	0	0	0	0	0	0	0	0	0	0	0	0	0	0	
100844	SupraMarginal_R	0	3938	0	254	0	0	0	0	0	0	0	286	0	0	0	0	0	2346	0	308	0	0	0	0	0	0	0	0	0	0	0	0	0	88	0	0	0	0	0	0	0	0	0	0	0	418	0	0	0	570	0	1082	0	0	0	222	0	11564	0	2676	0	12630	0	0	0	4938	0	1048	0	138	0	0	0	0	0	0	0	0	0	152	0	4728	0	0	0	2750	0	0	0	286	0	0	0	0	0	0	0	0	0	0	0	0	0	0	0	0	0	0	0	0	0	0	0	0	0	0	
209208	Angular_L	762	0	112	0	0	0	338	0	0	0	0	0	0	0	0	0	384	0	0	0	0	0	0	0	0	0	0	0	164	0	0	0	0	0	0	0	0	0	0	0	0	0	162	0	0	0	252	0	5788	0	22090	0	2112	0	930	0	5424	0	5356	0	17128	0	7744	0	0	0	1282	0	1638	0	0	0	0	0	0	0	284	0	88	0	7028	0	0	0	18252	0	0	0	7286	0	0	0	0	0	0	0	0	0	0	0	0	0	0	0	0	0	0	0	0	0	0	0	0	0	0	0	
143976	Angular_R	0	180	0	0	0	0	0	0	0	0	0	0	0	0	0	0	0	314	0	112	0	0	0	0	0	0	0	0	0	0	0	0	0	928	0	122	0	0	0	0	0	0	0	2756	0	2436	0	0	0	10694	0	16720	0	0	0	194	0	1252	0	4938	0	10336	0	4938	0	0	0	2968	0	780	0	0	0	0	0	0	0	0	0	0	0	4284	0	0	0	7506	0	0	0	530	0	0	0	0	0	0	0	0	0	0	0	0	0	0	0	0	0	0	0	0	0	0	0	0	0	0	
296660	Precuneus_L	228	100	0	0	0	0	0	0	0	0	0	0	0	0	0	0	0	0	0	270	0	0	0	0	0	0	0	0	166	0	0	0	5340	1294	5054	826	2190	0	2368	0	0	0	16956	1758	10208	2916	5766	150	16040	1374	20940	344	4796	156	3856	148	4282	128	12860	526	4506	0	0	0	1282	0	0	8088	4530	338	0	0	0	0	0	0	0	0	0	0	274	0	0	0	1674	1624	0	0	3074	1900	0	0	0	0	0	0	0	0	0	0	0	0	0	0	0	0	0	0	0	0	0	0	0	0	0	0	
412948	Precuneus_R	0	1928	0	0	0	0	0	0	0	0	0	0	0	0	0	0	0	0	0	1190	0	0	0	0	0	0	0	0	0	0	0	0	858	8878	1236	10242	648	5218	0	4070	0	0	296	27838	206	31842	0	6710	0	27410	0	8590	0	1602	0	3414	0	9088	0	19584	0	1306	0	1048	0	2968	8088	0	0	5208	0	0	0	0	0	0	108	116	0	92	0	980	0	0	0	7388	0	0	0	8056	0	0	0	0	0	0	0	128	0	0	0	0	0	0	0	0	0	0	0	0	140	0	0	0	0	0	
140764	Paracentral_Lobule_L	11700	3542	338	170	0	0	292	0	0	0	0	0	0	0	0	0	112	0	2556	6432	0	0	0	0	0	0	0	0	208	0	0	0	2158	2952	4230	454	0	0	0	0	0	0	958	0	548	0	134	0	1410	0	3380	0	1302	0	1218	0	4630	0	2638	0	3992	0	0	0	1638	0	4530	0	0	5008	0	0	116	0	114	0	0	0	0	0	278	0	0	0	1672	0	0	0	1672	0	0	0	0	0	0	0	0	0	0	0	0	0	0	0	0	0	0	0	0	0	0	0	0	0	0	0	
169864	Paracentral_Lobule_R	4108	8398	1072	574	0	0	0	0	0	0	0	0	0	0	0	0	0	0	930	17438	0	0	0	0	0	0	0	0	0	0	0	0	444	14032	1904	4360	0	670	0	0	0	0	0	1886	0	1216	0	0	0	1352	0	1084	0	208	0	808	0	9158	0	468	0	266	0	138	0	780	338	5208	5008	0	0	0	150	0	436	0	192	0	0	0	0	232	0	0	0	938	0	0	0	1136	0	0	0	0	0	0	0	0	0	0	0	0	0	0	0	0	0	0	0	0	0	0	0	0	0	0	
258728	Caudate_L	3562	0	7514	3532	4422	364	1014	206	808	0	336	3884	246	0	3476	176	396	1374	6834	4192	11488	7342	188	0	1004	102	3354	1088	6566	576	6662	5156	0	272	0	0	774	0	386	0	784	0	0	0	0	0	0	0	0	0	0	0	0	0	276	0	1094	0	0	0	630	0	122	0	0	0	0	0	0	0	0	10200	17382	1792	1444	172	6312	1132	0	0	0	0	584	146	0	0	0	0	0	0	0	0	0	0	0	0	0	0	0	0	0	0	0	0	0	0	0	0	0	0	0	0	0	0	0	0	
314900	Caudate_R	608	6856	214	20290	266	6046	168	3112	0	242	0	2200	0	1024	262	2116	0	562	260	16838	5032	8604	230	3004	94	4932	168	3338	334	1650	4150	19676	0	382	0	0	260	0	140	0	260	0	0	0	0	0	0	0	0	0	0	0	0	0	0	0	0	230	0	0	0	0	0	0	0	0	0	0	0	0	10200	0	4842	13738	444	2304	1468	10906	0	0	0	0	0	0	0	0	0	0	0	0	0	0	0	0	0	0	0	0	0	0	0	0	0	0	0	0	0	0	0	0	0	0	0	0	0	0	
328396	Putamen_L	5000	310	23794	1172	8886	336	2174	214	2628	0	1160	354	312	0	4234	128	1048	132	18656	2104	4556	4694	1740	0	1112	0	744	752	21136	110	3746	1140	384	260	228	0	6498	0	1430	0	1184	0	0	0	0	0	134	0	0	0	88	0	0	0	1622	0	2838	0	0	0	358	0	0	0	0	0	0	0	116	150	17382	4842	0	1204	7980	142	1686	0	0	0	536	0	1020	0	350	0	0	0	1394	0	0	0	0	0	0	0	0	0	0	0	0	0	0	0	0	0	0	0	0	0	0	0	0	0	0	0	
273180	Putamen_R	0	3472	0	12496	0	7574	0	2166	0	178	0	5536	0	574	0	2506	0	3034	0	7700	992	2198	136	3376	0	4348	0	1442	0	16478	1178	6794	0	0	0	0	0	11900	0	7342	0	2550	0	0	0	0	0	0	0	0	0	0	0	0	0	8428	0	474	0	0	0	0	0	0	0	0	0	0	0	0	1792	13738	1204	0	0	1690	0	1972	0	0	0	1028	0	734	0	124	0	0	0	1436	0	0	0	0	0	0	0	0	0	0	0	0	0	0	0	0	0	0	0	0	0	0	0	0	0	0	
64024	Pallidum_L	1106	590	7798	110	0	0	380	0	0	0	0	0	0	0	0	0	0	0	4998	892	186	200	0	0	0	0	0	0	228	0	0	0	586	506	252	0	806	0	0	0	0	0	0	0	0	0	0	0	0	0	0	0	0	0	0	0	386	0	0	0	0	0	0	0	0	0	0	0	114	436	1444	444	7980	0	0	0	2418	152	0	0	0	0	0	0	0	0	0	0	0	0	0	0	0	0	0	0	0	0	0	0	0	0	0	0	0	0	0	0	0	0	0	0	0	0	0	0	
21964	Pallidum_R	0	294	0	1956	0	0	0	1052	0	0	0	472	0	0	0	0	0	142	0	1528	0	130	0	0	0	0	0	0	0	0	0	0	0	0	0	0	0	470	0	432	0	0	0	0	0	0	0	0	0	0	0	0	0	0	0	198	0	0	0	0	0	0	0	0	0	0	0	0	0	0	172	2304	142	1690	0	0	0	0	0	0	0	0	0	0	0	0	0	0	0	0	0	0	0	0	0	0	0	0	0	0	0	0	0	0	0	0	0	0	0	0	0	0	0	0	0	0	
152884	Thalamus_L	8732	372	2344	376	0	0	5912	148	0	0	834	0	274	0	0	0	3250	0	500	1074	0	0	172	0	0	0	0	0	7988	0	0	0	138	162	700	1150	6444	844	1806	326	0	0	0	0	0	0	718	0	0	0	160	0	108	0	2532	182	2692	0	0	0	632	0	0	0	284	0	0	108	0	192	6312	1468	1686	0	2418	0	0	6212	854	0	1174	0	0	0	866	0	0	0	4164	0	0	0	0	0	0	0	0	0	134	0	0	0	0	0	0	0	0	0	0	0	0	0	0	0	0	0	
186496	Thalamus_R	1674	15156	106	15076	0	0	516	7918	0	0	118	1420	0	0	0	0	0	100	0	4952	0	0	0	0	0	0	0	0	0	1090	0	0	0	0	2924	3178	3324	6174	804	2322	0	0	0	0	0	0	172	284	0	0	0	0	0	0	196	2090	346	114	0	0	230	0	0	0	0	0	0	116	0	0	1132	10906	0	1972	152	0	6212	0	130	472	96	572	0	0	0	430	0	0	216	558	0	0	0	0	0	0	0	0	0	0	0	0	0	0	0	0	0	0	0	0	0	0	0	0	0	0	
68516	Heschl_L	1676	0	1310	0	0	0	1344	0	0	0	1994	0	452	0	0	0	3040	0	478	0	0	0	0	0	0	0	0	0	6640	0	0	0	0	0	160	194	2080	128	142	0	0	0	200	0	0	0	116	0	0	0	482	0	1160	0	2676	0	1734	0	0	0	476	0	0	0	88	0	0	0	0	0	0	0	0	0	0	0	854	130	0	0	2384	0	0	0	1804	0	0	0	2516	0	0	0	0	0	0	0	0	0	0	0	0	0	0	0	0	0	0	0	0	0	0	0	0	0	0	0	
29036	Heschl_R	0	112	0	426	0	0	0	356	0	0	0	138	0	0	0	0	0	1332	0	156	0	0	0	0	0	0	0	0	0	1878	0	0	0	0	136	240	138	1334	0	544	0	0	0	0	0	0	0	0	0	0	0	0	0	0	0	948	0	330	0	210	0	122	0	152	0	0	0	92	0	0	0	0	0	0	0	0	0	472	0	0	0	3368	0	0	0	1092	0	0	0	942	0	0	0	0	0	0	0	0	0	0	0	0	0	0	0	0	0	0	0	0	0	0	0	0	0	0	
248988	Temporal_Sup_L	2698	0	4476	0	0	0	2362	0	0	0	2068	0	108	0	0	0	11222	0	2792	212	0	0	126	0	0	0	0	0	4710	0	0	0	0	0	158	148	2514	96	250	0	0	0	0	0	0	0	244	0	718	0	3322	0	826	0	3428	0	6852	0	1368	0	4314	0	7586	0	7028	0	274	0	278	0	0	0	536	0	0	0	1174	96	2384	0	0	0	3518	0	30988	0	0	0	15514	0	0	0	0	0	0	0	0	0	106	0	0	0	0	0	0	0	0	0	0	0	0	0	0	0	0	0	
127736	Temporal_Sup_R	0	96	0	292	0	0	0	0	0	0	0	98	0	0	0	1128	0	3906	0	294	0	0	0	0	0	0	0	0	0	5296	0	0	0	90	88	130	100	2554	0	636	0	176	0	0	0	158	0	0	0	308	0	874	0	0	0	3146	0	1734	0	1670	0	750	0	4728	0	4284	0	980	0	232	0	0	0	1028	0	0	0	572	0	3368	0	0	0	3468	0	14844	0	846	0	5994	0	0	0	0	0	0	0	0	0	0	0	0	0	0	0	0	0	0	0	0	0	0	0	0	0	0	
95784	Temporal_Pole_Sup_L	278	0	3178	0	1440	0	396	0	220	0	2900	0	332	0	2286	0	2788	0	2286	0	794	0	300	0	0	0	250	0	4970	0	0	0	0	0	0	0	1362	0	948	0	944	0	0	0	0	0	0	0	0	0	0	0	0	0	2662	0	0	0	0	0	0	0	0	0	0	0	0	0	0	0	584	0	1020	0	0	0	0	0	0	0	3518	0	0	0	6308	0	2158	0	5970	0	0	0	0	0	0	0	0	0	0	0	0	0	0	0	0	0	0	0	0	0	0	0	0	0	0	0	
88112	Temporal_Pole_Sup_R	90	0	0	1902	0	0	0	0	0	0	0	198	0	0	0	1642	0	3200	0	1382	0	194	0	0	0	0	0	0	100	3048	0	134	0	0	0	0	0	854	0	3616	0	2962	0	0	0	0	0	0	0	0	0	0	0	0	0	6124	158	0	0	0	312	0	102	0	0	0	0	0	0	0	146	0	0	734	0	0	0	0	0	0	0	3468	0	0	0	3692	0	5282	0	4716	0	0	0	0	0	0	0	0	0	0	0	0	0	0	0	0	0	0	0	0	0	0	0	0	0	0	
402152	Temporal_Mid_L	2132	0	370	0	0	0	330	0	0	0	462	0	0	0	0	0	3624	0	206	130	0	0	0	0	0	0	0	0	1776	0	0	0	112	0	216	0	1750	0	410	0	116	0	1162	0	0	0	996	0	5472	0	27866	0	7604	0	7740	0	4580	0	5526	0	10478	0	5548	0	18252	0	1674	0	1672	0	0	0	350	0	0	0	866	0	1804	0	30988	0	6308	0	0	0	1794	0	48638	0	0	0	0	0	0	0	0	0	124	0	0	0	0	0	0	0	0	0	0	0	0	0	0	0	0	0	
221216	Temporal_Mid_R	0	100	0	0	0	0	0	0	0	0	0	0	0	0	0	126	0	146	0	148	0	0	0	0	0	0	0	0	0	1376	0	0	0	646	0	1008	0	2338	0	158	0	0	0	4498	0	2094	0	862	0	3412	0	11846	0	1304	0	2968	0	4230	0	5842	0	692	0	2750	0	7506	1624	7388	0	938	0	0	0	124	0	0	0	430	0	1092	0	14844	0	3692	0	0	0	2412	0	24014	0	0	0	0	0	0	0	0	0	0	0	0	0	0	0	0	0	0	0	0	0	0	0	0	0	0	
14096	Temporal_Pole_Mid_L	0	0	0	0	0	0	0	0	0	0	0	0	0	0	0	0	0	0	0	0	0	0	0	0	0	0	0	0	0	0	0	0	0	0	0	0	150	0	586	0	164	0	0	0	0	0	0	0	0	0	0	0	0	0	554	0	0	0	0	0	0	0	0	0	0	0	0	0	0	0	0	0	0	0	0	0	0	0	0	0	0	0	2158	0	1794	0	0	0	1642	0	0	0	0	0	0	0	0	0	0	0	0	0	0	0	0	0	0	0	0	0	0	0	0	0	0	0	
30848	Temporal_Pole_Mid_R	0	0	0	0	0	0	0	0	0	0	0	0	0	0	0	0	0	0	0	0	0	0	0	0	0	0	0	0	0	0	0	0	0	0	0	0	0	106	0	2380	0	332	0	0	0	0	0	0	0	0	0	0	0	0	0	2264	0	0	0	0	0	0	0	0	0	0	0	0	0	0	0	0	0	0	0	0	0	0	0	0	0	846	0	5282	0	2412	0	0	0	1802	0	0	0	0	0	0	0	0	0	0	0	0	0	0	0	0	0	0	0	0	0	0	0	0	0	0	
406924	Temporal_Inf_L	2786	0	638	0	0	0	428	0	0	0	438	0	0	0	0	0	2122	0	376	152	0	0	0	0	0	0	0	0	4270	0	0	0	162	0	736	336	11702	234	2658	0	2418	0	3020	0	142	0	2824	0	1098	0	13462	0	15830	0	31976	0	3666	0	1608	0	3436	0	904	0	7286	0	3074	0	1672	0	0	0	1394	0	0	0	4164	216	2516	0	15514	0	5970	0	48638	0	1642	0	0	0	2052	0	176	0	0	0	312	0	1326	0	88	0	0	0	0	0	0	0	0	0	0	0	0	0	0	0	
244528	Temporal_Inf_R	0	186	0	0	0	0	0	0	0	0	0	0	0	0	0	0	0	104	0	204	0	0	0	0	0	0	0	0	0	4632	0	0	0	642	0	1410	0	7518	0	1936	0	1150	0	5308	0	1224	0	1012	0	1134	0	2120	0	6828	0	26004	0	4610	0	3844	0	152	0	286	0	530	1900	8056	0	1136	0	0	0	1436	0	0	0	558	0	942	0	5994	0	4716	0	24014	0	1802	0	0	0	748	0	0	0	0	0	0	0	128	0	0	0	0	0	0	0	0	0	0	0	0	0	0	0	0	
451228	Cerebelum_Crus1_L	0	0	0	0	0	0	0	0	0	0	0	0	0	0	0	0	0	0	0	0	0	0	0	0	0	0	0	0	0	0	0	0	0	0	0	0	0	0	0	0	0	0	0	0	0	0	5180	620	0	0	130	0	218	0	22518	152	0	0	0	0	0	0	0	0	0	0	0	0	0	0	0	0	0	0	0	0	0	0	0	0	0	0	0	0	0	0	0	0	2052	0	0	2550	38144	5712	2404	454	21458	966	50746	3012	16118	370	18484	3364	2528	1632	704	144	1528	1512	6536	3830	7816	2168	1750	814	
429796	Cerebelum_Crus1_R	0	0	0	0	0	0	0	0	0	0	0	0	0	0	0	0	0	0	0	0	0	0	0	0	0	0	0	0	0	0	0	0	0	0	0	0	0	0	0	0	0	0	0	88	0	0	460	3620	0	0	0	0	0	186	256	10544	0	0	0	0	0	0	0	0	0	0	0	0	0	0	0	0	0	0	0	0	0	0	0	0	0	0	0	0	0	0	0	0	0	748	2550	0	2444	42226	642	4828	3182	15902	2676	49288	796	8138	1000	19030	156	6156	0	182	1388	3554	8214	5750	10812	5260	4462	360	
377784	Cerebelum_Crus2_L	0	0	0	0	0	0	0	0	0	0	0	0	0	0	0	0	0	0	0	0	0	0	0	0	0	0	0	0	0	0	0	0	0	0	0	0	0	0	0	0	0	0	0	0	0	0	1738	250	0	0	96	0	0	0	2094	0	0	0	0	0	0	0	0	0	0	0	0	0	0	0	0	0	0	0	0	0	0	0	0	0	0	0	0	0	0	0	0	0	176	0	38144	2444	0	14092	1090	560	6366	644	13138	2436	30266	4938	25568	9112	1662	2046	492	142	1454	1346	2864	2580	15594	5136	1814	610	
427556	Cerebelum_Crus2_R	0	0	0	0	0	0	0	0	0	0	0	0	0	0	0	0	0	0	0	0	0	0	0	0	0	0	0	0	0	0	0	0	0	0	0	0	0	0	0	0	0	0	0	0	0	0	914	1142	0	0	0	0	0	0	638	670	0	0	0	0	0	0	0	0	0	0	0	0	0	0	0	0	0	0	0	0	0	0	0	0	0	0	0	0	0	0	0	0	0	0	5712	42226	14092	0	576	2656	2480	3330	3594	14502	6498	20456	5876	33690	440	6954	100	354	1526	2860	3504	4116	21632	8282	4608	350	
73500	Cerebelum_3_L	0	0	0	0	0	0	0	0	0	0	0	0	0	0	0	0	0	0	0	0	0	0	0	0	0	0	0	0	0	0	0	0	0	0	0	0	0	106	88	0	0	0	0	0	0	0	108	0	0	0	0	0	0	0	1002	0	0	0	0	0	0	0	0	0	0	0	0	0	0	0	0	0	0	0	0	0	0	0	0	0	0	0	0	0	0	0	0	0	0	0	2404	642	1090	576	0	122	9216	0	3084	736	266	0	1092	418	1810	792	0	0	2396	3740	3732	90	1034	1010	834	362	
91868	Cerebelum_3_R	0	0	0	0	0	0	0	0	0	0	0	0	0	0	0	0	0	0	0	0	0	0	0	0	0	0	0	0	0	0	0	0	0	0	0	0	0	116	0	132	0	0	0	0	0	0	120	242	0	0	0	0	0	0	0	430	0	0	0	0	0	0	0	0	0	0	0	0	0	0	0	0	0	0	0	0	0	0	0	0	0	0	0	0	0	0	0	0	0	0	454	4828	560	2656	122	0	690	5926	224	6856	232	94	720	2192	198	2436	0	0	694	5316	1732	620	3180	2604	2560	0	
357824	Cerebelum_4_5_L	0	0	0	0	0	0	0	0	0	0	0	0	0	0	0	0	0	0	0	0	0	0	0	0	0	0	0	0	0	0	0	0	0	0	0	0	96	0	152	0	0	0	0	0	0	0	6092	1300	0	0	0	0	162	0	12714	394	0	0	0	0	0	0	0	0	0	0	0	0	0	0	0	0	0	0	0	0	0	0	0	0	0	0	0	0	0	0	0	0	312	0	21458	3182	6366	2480	9216	690	0	3022	31730	5110	4134	0	8584	2232	5668	3766	158	0	4752	4440	20938	3760	3996	3954	4632	3422	
202036	Cerebelum_4_5_R	0	0	0	0	0	0	0	0	0	0	0	0	0	0	0	0	0	0	0	0	0	0	0	0	0	0	0	0	0	0	0	0	0	0	0	0	0	504	0	1250	0	172	0	0	0	0	454	6014	0	0	0	0	0	262	282	7656	0	0	0	0	0	0	0	0	0	0	0	128	0	0	0	0	0	0	0	0	0	0	0	0	0	0	0	0	0	0	0	0	0	0	966	15902	644	3330	0	5926	3022	0	804	29216	324	126	434	2606	0	1038	0	0	140	2722	12248	528	2084	1078	1066	92	
404972	Cerebelum_6_L	0	0	0	0	0	0	0	0	0	0	0	0	0	0	0	0	0	0	0	0	0	0	0	0	0	0	0	0	0	0	0	0	0	0	0	0	106	0	0	0	0	0	0	0	0	0	8844	1458	0	0	122	0	288	0	26896	304	0	0	0	0	0	0	0	0	0	0	0	0	0	0	0	0	0	0	0	0	134	0	0	0	106	0	0	0	124	0	0	0	1326	0	50746	2676	13138	3594	3084	224	31730	804	0	3660	5628	110	8946	1156	2868	2262	266	0	1582	1318	9726	7634	5748	1788	2410	1680	
422724	Cerebelum_6_R	0	0	0	0	0	0	0	0	0	0	0	0	0	0	0	0	0	0	0	0	0	0	0	0	0	0	0	0	0	0	0	0	0	0	0	0	0	0	0	0	0	0	0	256	0	0	730	8596	0	0	0	0	0	652	366	15700	0	0	0	0	0	0	0	0	0	0	0	0	0	0	0	0	0	0	0	0	0	0	0	0	0	0	0	0	0	0	0	0	0	128	3012	49288	2436	14502	736	6856	5110	29216	3660	0	1026	918	1306	7716	166	5810	0	136	1598	4374	14586	9130	10522	6462	5788	580	
259200	Cerebelum_7b_L	0	0	0	0	0	0	0	0	0	0	0	0	0	0	0	0	0	0	0	0	0	0	0	0	0	0	0	0	0	0	0	0	0	0	0	0	0	0	0	0	0	0	0	0	0	0	754	0	0	0	0	0	0	0	690	0	0	0	0	0	0	0	0	0	0	0	0	0	0	0	0	0	0	0	0	0	0	0	0	0	0	0	0	0	0	0	0	0	88	0	16118	796	30266	6498	266	232	4134	324	5628	1026	0	2592	32234	6384	2680	1316	1328	144	550	350	1422	214	7950	4416	958	242	
141968	Cerebelum_7b_R	0	0	0	0	0	0	0	0	0	0	0	0	0	0	0	0	0	0	0	0	0	0	0	0	0	0	0	0	0	0	0	0	0	0	0	0	0	0	0	0	0	0	0	0	0	0	0	0	0	0	0	0	0	0	0	0	0	0	0	0	0	0	0	0	0	0	0	0	0	0	0	0	0	0	0	0	0	0	0	0	0	0	0	0	0	0	0	0	0	0	370	8138	4938	20456	0	94	0	126	110	918	2592	0	1860	21098	0	2666	0	0	0	0	0	0	4772	2468	378	0	
357764	Cerebelum_8_L	0	0	0	0	0	0	0	0	0	0	0	0	0	0	0	0	0	0	0	0	0	0	0	0	0	0	0	0	0	0	0	0	0	0	0	0	0	0	0	0	0	0	0	0	0	0	1214	0	0	0	0	0	0	0	1128	0	0	0	0	0	0	0	0	0	0	0	0	0	0	0	0	0	0	0	0	0	0	0	0	0	0	0	0	0	0	0	0	0	0	0	18484	1000	25568	5876	1092	720	8584	434	8946	1306	32234	1860	0	9616	16690	5424	4294	250	1810	1216	3142	276	10908	10152	5776	882	
355324	Cerebelum_8_R	0	0	0	0	0	0	0	0	0	0	0	0	0	0	0	0	0	0	0	0	0	0	0	0	0	0	0	0	0	0	0	0	0	0	0	0	0	0	0	0	0	0	0	0	0	0	0	218	0	0	0	0	0	0	136	134	0	0	0	0	0	0	0	0	0	0	0	0	0	0	0	0	0	0	0	0	0	0	0	0	0	0	0	0	0	0	0	0	0	0	3364	19030	9112	33690	418	2192	2232	2606	1156	7716	6384	21098	9616	0	1160	20168	0	490	1724	1984	2814	430	14268	10354	4370	798	
115508	Cerebelum_9_L	0	0	0	0	0	0	0	0	0	0	0	0	0	0	0	0	0	0	0	0	0	0	0	0	0	0	0	0	0	0	0	0	0	0	0	0	0	0	0	0	0	0	0	0	0	0	156	0	0	0	0	0	0	0	344	0	0	0	0	0	0	0	0	0	0	0	0	0	0	0	0	0	0	0	0	0	0	0	0	0	0	0	0	0	0	0	0	0	0	0	2528	156	1662	440	1810	198	5668	0	2868	166	2680	0	16690	1160	0	2280	5600	0	708	826	2178	1338	1938	2238	2896	1226	
239320	Cerebelum_9_R	0	0	0	0	0	0	0	0	0	0	0	0	0	0	0	0	0	0	0	0	0	0	0	0	0	0	0	0	0	0	0	0	0	0	0	0	0	0	0	0	0	0	0	0	0	0	0	820	0	0	0	0	0	0	98	462	0	0	0	0	0	0	0	0	0	0	0	0	0	0	0	0	0	0	0	0	0	0	0	0	0	0	0	0	0	0	0	0	0	0	1632	6156	2046	6954	792	2436	3766	1038	2262	5810	1316	2666	5424	20168	2280	0	0	1320	3246	2760	3930	4596	9696	11736	12582	3668	
26184	Cerebelum_10_L	0	0	0	0	0	0	0	0	0	0	0	0	0	0	0	0	0	0	0	0	0	0	0	0	0	0	0	0	0	0	0	0	0	0	0	0	0	0	0	0	0	0	0	0	0	0	0	0	0	0	0	0	0	0	0	0	0	0	0	0	0	0	0	0	0	0	0	0	0	0	0	0	0	0	0	0	0	0	0	0	0	0	0	0	0	0	0	0	0	0	704	0	492	100	0	0	158	0	266	0	1328	0	4294	0	5600	0	0	0	0	0	0	0	150	0	0	0	
7632	Cerebelum_10_R	0	0	0	0	0	0	0	0	0	0	0	0	0	0	0	0	0	0	0	0	0	0	0	0	0	0	0	0	0	0	0	0	0	0	0	0	0	0	0	0	0	0	0	0	0	0	0	0	0	0	0	0	0	0	0	0	0	0	0	0	0	0	0	0	0	0	0	0	0	0	0	0	0	0	0	0	0	0	0	0	0	0	0	0	0	0	0	0	0	0	144	182	142	354	0	0	0	0	0	136	144	0	250	490	0	1320	0	0	0	0	0	0	364	136	154	0	
94608	Vermis_1_2	0	0	0	0	0	0	0	0	0	0	0	0	0	0	0	0	0	0	0	0	0	0	0	0	0	0	0	0	0	0	0	0	0	0	0	0	0	0	0	0	0	0	0	0	0	0	0	114	0	0	0	0	0	0	88	0	0	0	0	0	0	0	0	0	0	0	0	0	0	0	0	0	0	0	0	0	0	0	0	0	0	0	0	0	0	0	0	0	0	0	1528	1388	1454	1526	2396	694	4752	140	1582	1598	550	0	1810	1724	708	3246	0	0	0	5884	5282	280	2840	3298	3202	1220	
123088	Vermis_3	0	0	0	0	0	0	0	0	0	0	0	0	0	0	0	0	0	0	0	0	0	0	0	0	0	0	0	0	0	0	0	0	0	0	0	0	0	216	0	0	0	0	0	0	0	0	0	272	0	0	0	0	0	0	90	122	0	0	0	0	0	0	0	0	0	0	0	0	0	0	0	0	0	0	0	0	0	0	0	0	0	0	0	0	0	0	0	0	0	0	1512	3554	1346	2860	3740	5316	4440	2722	1318	4374	350	0	1216	1984	826	2760	0	0	5884	0	5860	538	3688	3276	3176	104	
283332	Vermis_4_5	0	0	0	0	0	0	0	0	0	0	0	0	0	0	0	0	0	0	0	0	0	0	0	0	0	0	0	0	0	0	0	0	0	0	0	0	0	0	0	0	0	0	0	0	0	0	1616	4982	0	0	0	0	0	234	1906	2122	0	0	0	0	0	0	0	0	0	0	0	140	0	0	0	0	0	0	0	0	0	0	0	0	0	0	0	0	0	0	0	0	0	0	6536	8214	2864	3504	3732	1732	20938	12248	9726	14586	1422	0	3142	2814	2178	3930	0	0	5282	5860	0	4406	4566	4386	5072	3528	
157068	Vermis_6	0	0	0	0	0	0	0	0	0	0	0	0	0	0	0	0	0	0	0	0	0	0	0	0	0	0	0	0	0	0	0	0	0	0	0	0	0	0	0	0	0	0	0	0	0	0	2114	4250	0	0	0	0	0	354	838	1624	0	0	0	0	0	0	0	0	0	0	0	0	0	0	0	0	0	0	0	0	0	0	0	0	0	0	0	0	0	0	0	0	0	0	3830	5750	2580	4116	90	620	3760	528	7634	9130	214	0	276	430	1338	4596	0	0	280	538	4406	0	7368	3406	4922	3542	
