data	data	441952	331760	1.09243e+06	799672	158468	126344	554628	368380	120108	53600	223212	244108	304936	234216	202580	162532	232656	150976	798148	612772	74080	99680	492976	430968	37924	126840	65208	87552	577672	406932	367508	588408	174044	383004	138600	158540	252100	208304	68612	109912	36836	60736	203876	209428	146988	265600	223900	156804	152648	333376	478428	196100	144024	46168	331932	227524	261424	200724	136184	123552	186208	105060	102248	130820	134976	82492	338776	427376	136548	81208	235308	368468	357752	270640	37512	16696	101864	95492	90864	12480	201588	81580	69036	52632	246792	165284	34864	23384	227480	124868	351056	290152	271764	171496	16808	38764	206156	161380	323112	268436	218340	91528	242124	127424	114556	58004	21716	1620	8728	39496	158188	120496	111876	65228	45644	18068	
data	data	Precentral_L	Precentral_R	Frontal_Sup_L	Frontal_Sup_R	Frontal_Sup_Orb_L	Frontal_Sup_Orb_R	Frontal_Mid_L	Frontal_Mid_R	Frontal_Mid_Orb_L	Frontal_Mid_Orb_R	Frontal_Inf_Oper_L	Frontal_Inf_Oper_R	Frontal_Inf_Tri_L	Frontal_Inf_Tri_R	Frontal_Inf_Orb_L	Frontal_Inf_Orb_R	Rolandic_Oper_L	Rolandic_Oper_R	Supp_Motor_Area_L	Supp_Motor_Area_R	Olfactory_L	Olfactory_R	Frontal_Sup_Medial_L	Frontal_Sup_Medial_R	Frontal_Med_Orb_L	Frontal_Med_Orb_R	Rectus_L	Rectus_R	Insula_L	Insula_R	Cingulum_Ant_L	Cingulum_Ant_R	Cingulum_Mid_L	Cingulum_Mid_R	Cingulum_Post_L	Cingulum_Post_R	Hippocampus_L	Hippocampus_R	ParaHippocampal_L	ParaHippocampal_R	Amygdala_L	Amygdala_R	Calcarine_L	Calcarine_R	Cuneus_L	Cuneus_R	Lingual_L	Lingual_R	Occipital_Sup_L	Occipital_Sup_R	Occipital_Mid_L	Occipital_Mid_R	Occipital_Inf_L	Occipital_Inf_R	Fusiform_L	Fusiform_R	Postcentral_L	Postcentral_R	Parietal_Sup_L	Parietal_Sup_R	Parietal_Inf_L	Parietal_Inf_R	SupraMarginal_L	SupraMarginal_R	Angular_L	Angular_R	Precuneus_L	Precuneus_R	Paracentral_Lobule_L	Paracentral_Lobule_R	Caudate_L	Caudate_R	Putamen_L	Putamen_R	Pallidum_L	Pallidum_R	Thalamus_L	Thalamus_R	Heschl_L	Heschl_R	Temporal_Sup_L	Temporal_Sup_R	Temporal_Pole_Sup_L	Temporal_Pole_Sup_R	Temporal_Mid_L	Temporal_Mid_R	Temporal_Pole_Mid_L	Temporal_Pole_Mid_R	Temporal_Inf_L	Temporal_Inf_R	Cerebelum_Crus1_L	Cerebelum_Crus1_R	Cerebelum_Crus2_L	Cerebelum_Crus2_R	Cerebelum_3_L	Cerebelum_3_R	Cerebelum_4_5_L	Cerebelum_4_5_R	Cerebelum_6_L	Cerebelum_6_R	Cerebelum_7b_L	Cerebelum_7b_R	Cerebelum_8_L	Cerebelum_8_R	Cerebelum_9_L	Cerebelum_9_R	Cerebelum_10_L	Cerebelum_10_R	Vermis_1_2	Vermis_3	Vermis_4_5	Vermis_6	Vermis_7	Vermis_8	Vermis_9	Vermis_10	
441952	Precentral_L	0	9894	18510	3744	0	0	23452	890	0	0	15238	314	2836	0	0	0	9142	0	12776	6880	0	0	240	0	0	0	0	0	10668	240	294	222	442	214	5760	1396	8918	96	936	0	0	0	344	0	372	0	0	0	226	0	3348	0	160	0	1018	0	23200	0	1716	0	4158	0	858	0	1620	0	2040	716	7852	312	5774	1392	9762	98	1006	0	13218	454	4960	0	1540	0	108	0	352	0	0	0	1270	0	0	0	0	0	0	0	0	0	0	0	0	0	0	0	0	0	0	0	0	0	0	0	0	0	0	0	
331760	Precentral_R	9894	0	6020	16456	0	0	600	14566	0	0	0	5944	0	896	0	94	836	3412	9538	9424	0	0	0	202	0	0	0	0	436	4038	266	1612	486	1552	1494	3572	204	1644	0	0	0	180	0	812	0	1720	0	198	0	3098	346	604	0	0	0	0	1946	16446	0	1008	172	1454	394	3222	0	208	434	5008	3794	2616	2314	9008	778	5150	254	1176	1440	7370	184	122	128	220	0	184	0	478	0	0	0	228	0	0	0	0	0	0	0	0	0	0	0	0	0	0	0	0	0	0	0	0	0	0	0	0	0	0	
1.09243e+06	Frontal_Sup_L	18510	6020	0	13844	14790	266	85974	4694	8746	0	19512	1022	27914	840	13448	148	10976	214	89456	12128	614	0	48740	7396	750	472	2884	0	51434	852	22570	10094	5198	2192	0	0	4468	180	334	0	1382	0	0	0	0	0	0	0	0	0	0	0	0	0	1026	0	3576	170	0	0	0	0	0	0	0	0	0	0	844	0	10424	3284	27422	626	1304	0	3282	510	270	0	2288	0	1568	0	328	0	96	0	1134	0	0	0	0	0	0	0	0	0	0	0	0	0	0	0	0	0	0	0	0	0	0	0	0	0	0	0	
799672	Frontal_Sup_R	3744	16456	13844	0	0	6656	3788	47890	0	2358	0	18820	176	14478	0	10332	0	6308	18792	51272	160	698	19238	44320	0	2632	0	1586	438	24840	6768	33150	878	10146	0	0	0	1246	0	176	0	184	0	0	0	0	0	0	0	0	0	0	0	0	0	178	0	714	0	0	0	0	0	0	0	0	0	0	1074	0	4244	16860	868	11210	0	374	114	2128	0	0	0	0	0	698	0	0	0	0	0	0	0	0	0	0	0	0	0	0	0	0	0	0	0	0	0	0	0	0	0	0	0	0	0	0	0	0	
158468	Frontal_Sup_Orb_L	0	0	14790	0	0	0	986	0	11506	0	0	0	158	0	11454	0	0	0	148	0	2312	0	2790	192	3524	112	7760	0	10286	0	4614	212	0	0	0	0	956	0	192	0	1180	0	0	0	0	0	0	0	0	0	0	0	0	0	0	0	0	0	0	0	0	0	0	0	0	0	0	0	0	0	1014	0	3328	0	0	0	0	0	0	0	0	0	1720	0	0	0	0	0	0	0	0	0	0	0	0	0	0	0	0	0	0	0	0	0	0	0	0	0	0	0	0	0	0	0	0	0	
126344	Frontal_Sup_Orb_R	0	0	266	6656	0	0	0	4212	0	7296	0	0	0	0	0	4726	0	0	0	292	224	1960	994	4744	728	8710	222	9106	0	756	1358	4414	0	0	0	0	0	0	0	0	0	0	0	0	0	0	0	0	0	0	0	0	0	0	0	0	0	0	0	0	0	0	0	0	0	0	0	0	0	0	270	3470	202	2566	0	0	0	0	0	0	0	0	0	0	0	0	0	0	0	0	0	0	0	0	0	0	0	0	0	0	0	0	0	0	0	0	0	0	0	0	0	0	0	0	0	0	
554628	Frontal_Mid_L	23452	600	85974	3788	986	0	0	758	7598	0	10798	470	44068	304	14666	0	2970	178	11406	2772	0	0	18126	1876	0	0	0	0	20764	442	6644	3130	2338	730	0	0	228	0	0	0	0	0	0	0	0	0	0	0	0	0	268	0	0	0	0	0	504	140	0	0	186	0	0	0	226	0	0	0	300	0	4014	1790	2588	246	166	0	1518	102	200	0	0	0	0	0	0	0	0	0	0	0	0	0	0	0	0	0	0	0	0	0	0	0	0	0	0	0	0	0	0	0	0	0	0	0	0	0	
368380	Frontal_Mid_R	890	14566	4694	47890	0	4212	758	0	0	4050	0	11780	0	17474	0	9108	0	3328	5514	5174	104	1312	2702	8100	0	338	0	1536	0	12698	424	8022	0	1810	0	0	0	610	0	0	0	276	0	0	0	0	0	0	0	0	0	0	0	0	0	0	0	424	0	0	0	0	0	0	0	0	0	0	0	0	2280	4030	152	8680	0	304	180	274	0	0	0	0	0	496	0	0	0	0	0	0	0	0	0	0	0	0	0	0	0	0	0	0	0	0	0	0	0	0	0	0	0	0	0	0	0	0	
120108	Frontal_Mid_Orb_L	0	0	8746	0	11506	0	7598	0	0	0	0	0	3852	0	18954	0	0	0	0	0	102	0	358	0	402	0	2616	0	3788	0	770	0	0	0	0	0	0	0	0	0	0	0	0	0	0	0	0	0	0	0	0	0	0	0	0	0	0	0	0	0	0	0	0	0	0	0	0	0	0	0	222	0	988	0	0	0	0	0	0	0	0	0	152	0	0	0	0	0	0	0	0	0	0	0	0	0	0	0	0	0	0	0	0	0	0	0	0	0	0	0	0	0	0	0	0	0	
53600	Frontal_Mid_Orb_R	0	0	0	2358	0	7296	0	4050	0	0	0	90	0	514	0	8000	0	0	0	220	0	118	204	594	0	198	0	778	0	682	0	668	0	424	0	0	0	0	0	0	0	0	0	0	0	0	0	0	0	0	0	0	0	0	0	0	0	0	0	0	0	0	0	0	0	0	0	0	0	0	0	300	0	306	0	0	0	0	0	0	0	0	0	0	0	0	0	0	0	0	0	0	0	0	0	0	0	0	0	0	0	0	0	0	0	0	0	0	0	0	0	0	0	0	0	0	
223212	Frontal_Inf_Oper_L	15238	0	19512	0	0	0	10798	0	0	0	0	0	9942	0	0	0	16204	0	14688	0	0	0	436	0	0	0	0	0	15164	0	390	198	0	0	0	0	240	0	0	0	0	0	0	0	0	0	0	0	0	0	0	0	0	0	134	0	3166	0	0	0	0	0	0	0	0	0	0	0	0	0	348	118	698	0	0	0	0	0	172	0	1882	0	1776	0	380	0	122	0	0	0	0	0	0	0	0	0	0	0	0	0	0	0	0	0	0	0	0	0	0	0	0	0	0	0	0	0	
244108	Frontal_Inf_Oper_R	314	5944	1022	18820	0	0	470	11780	0	90	0	0	0	14680	0	1166	0	7560	1270	9474	0	98	1212	2404	0	0	0	0	0	21298	1068	10554	124	1920	0	0	0	224	0	0	0	92	0	0	0	0	0	0	0	0	0	0	0	0	0	0	0	2828	0	0	0	0	0	0	0	0	0	0	0	0	606	1726	180	3872	0	0	0	0	0	0	0	0	0	1258	0	0	0	0	0	0	0	0	0	0	0	0	0	0	0	0	0	0	0	0	0	0	0	0	0	0	0	0	0	0	0	0	
304936	Frontal_Inf_Tri_L	2836	0	27914	176	158	0	44068	0	3852	0	9942	0	0	108	15404	0	1048	0	6232	276	0	0	5246	254	0	0	0	0	29738	0	1104	264	1156	232	0	0	0	0	0	0	0	0	0	0	0	0	0	0	0	0	0	0	0	0	0	0	758	0	0	0	0	0	0	0	0	0	0	0	0	0	170	0	882	0	0	0	0	0	0	0	0	0	650	0	0	0	0	0	0	0	0	0	0	0	0	0	0	0	0	0	0	0	0	0	0	0	0	0	0	0	0	0	0	0	0	0	
234216	Frontal_Inf_Tri_R	0	896	840	14478	0	0	304	17474	0	514	0	14680	108	0	0	8488	0	438	1550	4990	0	104	3434	8530	0	0	0	0	94	20750	856	10592	138	3612	0	0	0	0	0	0	0	98	0	0	0	0	0	0	0	0	0	0	0	0	0	0	0	0	0	0	0	0	0	0	0	0	0	0	0	0	290	1436	186	2124	0	0	0	0	0	0	0	0	0	104	0	0	0	0	0	0	0	0	0	0	0	0	0	0	0	0	0	0	0	0	0	0	0	0	0	0	0	0	0	0	0	0	
202580	Frontal_Inf_Orb_L	0	0	13448	0	11454	0	14666	0	18954	0	0	0	15404	0	0	0	0	0	222	0	1158	0	1194	0	0	0	2478	0	16706	0	566	130	304	0	0	0	0	0	0	0	0	0	0	0	0	0	0	0	0	0	0	0	0	0	0	0	0	0	0	0	0	0	0	0	0	0	0	0	0	0	686	0	1836	0	0	0	0	0	0	0	0	0	2084	0	0	0	0	0	0	0	0	0	0	0	0	0	0	0	0	0	0	0	0	0	0	0	0	0	0	0	0	0	0	0	0	0	
162532	Frontal_Inf_Orb_R	0	94	148	10332	0	4726	0	9108	0	8000	0	1166	0	8488	0	0	0	0	1140	3442	0	2628	1756	3780	0	0	0	1658	0	14626	114	2536	122	2912	0	0	0	0	0	656	0	0	0	0	0	0	0	0	0	0	0	0	0	0	0	0	0	0	0	0	0	0	0	0	0	0	0	0	0	0	92	1914	0	1064	0	0	0	0	0	0	0	0	0	764	0	0	0	0	0	0	0	0	0	0	0	0	0	0	0	0	0	0	0	0	0	0	0	0	0	0	0	0	0	0	0	0	
232656	Rolandic_Oper_L	9142	836	10976	0	0	0	2970	0	0	0	16204	0	1048	0	0	0	0	0	10246	0	0	0	0	0	0	0	0	0	16596	0	0	0	0	0	0	0	3270	0	318	0	0	0	0	0	0	0	0	0	0	0	2726	0	1542	0	814	0	10498	0	0	0	362	0	1398	0	190	0	0	0	144	0	164	0	1480	0	250	0	0	0	7958	0	10046	0	1424	0	4028	0	156	0	1542	0	0	0	0	0	0	0	0	0	0	0	0	0	0	0	0	0	0	0	0	0	0	0	0	0	0	0	
150976	Rolandic_Oper_R	0	3412	214	6308	0	0	178	3328	0	0	0	7560	0	438	0	0	0	0	146	2908	0	0	0	0	0	0	0	0	0	16670	156	566	0	0	0	0	0	1870	0	0	0	0	0	0	0	0	0	0	0	224	0	0	0	0	0	188	0	7154	0	0	0	120	0	3770	0	118	0	214	0	0	182	3450	0	7806	0	1040	0	168	0	1230	0	3756	0	1504	0	524	0	0	0	286	0	0	0	0	0	0	0	0	0	0	0	0	0	0	0	0	0	0	0	0	0	0	0	0	0	0	
798148	Supp_Motor_Area_L	12776	9538	89456	18792	148	0	11406	5514	0	0	14688	1270	6232	1550	222	1140	10246	146	0	50190	100	0	7866	4130	0	0	0	0	22922	2316	5934	8104	10280	16820	882	104	4740	288	280	0	232	0	0	0	0	0	0	0	0	0	0	0	0	0	976	0	4914	0	0	0	94	0	194	0	0	0	0	0	11876	0	12086	6214	24442	846	5698	176	6704	1294	478	0	2480	0	674	0	366	0	96	0	1154	0	0	0	0	0	0	0	0	0	0	0	0	0	0	0	0	0	0	0	0	0	0	0	0	0	0	0	
612772	Supp_Motor_Area_R	6880	9424	12128	51272	0	292	2772	5174	0	220	0	9474	276	4990	0	3442	0	2908	50190	0	0	0	5590	9620	0	446	0	0	500	12212	4500	19698	5226	33484	540	4124	0	708	0	142	0	104	0	0	0	270	0	0	0	228	0	100	0	0	0	104	0	1056	0	0	0	0	0	0	0	0	0	1460	7558	8450	2598	17596	392	7358	0	276	288	1934	0	0	0	0	0	382	0	0	0	0	0	0	0	0	0	0	0	0	0	0	0	0	0	0	0	0	0	0	0	0	0	0	0	0	0	0	0	0	
74080	Olfactory_L	0	0	614	160	2312	224	0	104	102	0	0	0	0	0	1158	0	0	0	100	0	0	3936	0	280	296	918	1500	1026	3742	0	2562	2224	0	0	0	0	484	0	1004	0	742	0	0	0	0	0	0	0	0	0	0	0	0	0	520	0	0	0	0	0	0	0	0	0	0	0	0	0	0	0	5588	1602	3408	650	0	0	0	0	0	0	260	0	1258	0	0	0	0	0	266	0	0	0	0	0	0	0	0	0	0	0	0	0	0	0	0	0	0	0	0	0	0	0	0	0	0	0	
99680	Olfactory_R	0	0	0	698	0	1960	0	1312	0	118	0	98	0	104	0	2628	0	0	0	0	3936	0	0	802	102	2022	394	5004	0	1456	2304	4284	0	0	0	0	0	0	0	768	0	506	0	0	0	0	0	0	0	0	0	0	0	0	0	0	0	0	0	0	0	0	0	0	0	0	0	0	0	0	6990	6484	4534	2536	278	0	0	0	0	0	0	0	0	522	0	0	0	0	0	0	0	0	0	0	0	0	0	0	0	0	0	0	0	0	0	0	0	0	0	0	0	0	0	0	0	0	
492976	Frontal_Sup_Medial_L	240	0	48740	19238	2790	994	18126	2702	358	204	436	1212	5246	3434	1194	1756	0	0	7866	5590	0	0	0	33642	2486	2394	1104	0	5686	2696	29852	24918	4382	12806	0	0	0	0	0	0	0	0	0	0	0	0	0	0	0	0	0	0	0	0	0	0	0	0	0	0	0	0	0	0	0	0	0	0	0	0	1248	242	4774	132	0	0	0	0	0	0	0	0	0	0	0	0	0	0	0	0	0	0	0	0	0	0	0	0	0	0	0	0	0	0	0	0	0	0	0	0	0	0	0	0	0	0	
430968	Frontal_Sup_Medial_R	0	202	7396	44320	192	4744	1876	8100	0	594	0	2404	254	8530	0	3780	0	0	4130	9620	280	802	33642	0	322	8520	144	1380	336	7146	10172	31602	624	12968	0	0	0	0	0	0	0	0	0	0	0	0	0	0	0	0	0	0	0	0	0	0	0	0	0	0	0	0	0	0	0	0	0	0	0	0	618	5944	800	4042	0	0	0	0	0	0	0	0	0	0	0	0	0	0	0	0	0	0	0	0	0	0	0	0	0	0	0	0	0	0	0	0	0	0	0	0	0	0	0	0	0	0	
37924	Frontal_Med_Orb_L	0	0	750	0	3524	728	0	0	402	0	0	0	0	0	0	0	0	0	0	0	296	102	2486	322	0	2548	2030	780	0	0	4154	402	0	0	0	0	0	0	0	0	0	0	0	0	0	0	0	0	0	0	0	0	0	0	0	0	0	0	0	0	0	0	0	0	0	0	0	0	0	0	274	0	164	0	0	0	0	0	0	0	0	0	0	0	0	0	0	0	0	0	0	0	0	0	0	0	0	0	0	0	0	0	0	0	0	0	0	0	0	0	0	0	0	0	0	0	
126840	Frontal_Med_Orb_R	0	0	472	2632	112	8710	0	338	0	198	0	0	0	0	0	0	0	0	0	446	918	2022	2394	8520	2548	0	654	8470	0	0	4850	10458	0	0	0	0	0	0	0	0	0	0	0	0	0	0	0	0	0	0	0	0	0	0	0	0	0	0	0	0	0	0	0	0	0	0	0	0	0	0	916	4578	744	3440	0	0	0	0	0	0	0	0	0	0	0	0	0	0	0	0	0	0	0	0	0	0	0	0	0	0	0	0	0	0	0	0	0	0	0	0	0	0	0	0	0	0	
65208	Rectus_L	0	0	2884	0	7760	222	0	0	2616	0	0	0	0	0	2478	0	0	0	0	0	1500	394	1104	144	2030	654	0	708	984	0	4896	406	0	0	0	0	0	0	0	0	0	0	0	0	0	0	0	0	0	0	0	0	0	0	0	0	0	0	0	0	0	0	0	0	0	0	0	0	0	0	1784	116	1584	0	0	0	0	0	0	0	0	0	340	0	0	0	0	0	0	0	0	0	0	0	0	0	0	0	0	0	0	0	0	0	0	0	0	0	0	0	0	0	0	0	0	0	
87552	Rectus_R	0	0	0	1586	0	9106	0	1536	0	778	0	0	0	0	0	1658	0	0	0	0	1026	5004	0	1380	780	8470	708	0	0	500	646	3714	0	0	0	0	0	0	0	0	0	0	0	0	0	0	0	0	0	0	0	0	0	0	0	0	0	0	0	0	0	0	0	0	0	0	0	0	0	0	1234	3154	690	1806	0	0	0	0	0	0	0	0	0	0	0	0	0	0	0	0	0	0	0	0	0	0	0	0	0	0	0	0	0	0	0	0	0	0	0	0	0	0	0	0	0	0	
577672	Insula_L	10668	436	51434	438	10286	0	20764	0	3788	0	15164	0	29738	94	16706	0	16596	0	22922	500	3742	0	5686	336	0	0	984	0	0	0	2068	960	776	226	148	108	12422	0	1958	0	3352	0	238	0	0	0	0	0	0	0	274	0	126	0	6112	0	6158	0	0	0	96	0	636	0	0	0	344	0	112	0	798	500	16030	146	128	0	338	0	7722	0	7270	0	4650	0	1076	0	264	0	3518	0	0	0	0	0	0	0	0	0	0	0	0	0	0	0	0	0	0	0	0	0	0	0	0	0	0	0	
406932	Insula_R	240	4038	852	24840	0	756	442	12698	0	682	0	21298	0	20750	0	14626	0	16670	2316	12212	0	1456	2696	7146	0	0	0	500	0	0	260	6268	100	3368	0	0	0	6166	0	680	0	1198	0	212	0	0	0	0	0	0	0	0	0	144	0	2598	0	2184	0	0	0	0	0	100	0	0	0	134	0	0	660	4448	188	16616	0	166	0	544	0	2028	0	5060	0	2432	0	1606	0	134	0	1954	0	0	0	0	0	0	0	0	0	0	0	0	0	0	0	0	0	0	0	0	0	0	0	0	0	0	
367508	Cingulum_Ant_L	294	266	22570	6768	4614	1358	6644	424	770	0	390	1068	1104	856	566	114	0	156	5934	4500	2562	2304	29852	10172	4154	4850	4896	646	2068	260	0	27154	5458	5968	0	0	0	0	0	0	0	0	0	0	0	0	0	0	0	0	0	0	0	0	0	0	0	136	0	0	0	0	0	0	0	0	0	0	0	0	7726	5102	10198	1852	0	0	0	0	0	0	0	0	0	0	0	0	0	0	0	0	0	0	0	0	0	0	0	0	0	0	0	0	0	0	0	0	0	0	0	0	0	0	0	0	0	0	
588408	Cingulum_Ant_R	222	1612	10094	33150	212	4414	3130	8022	0	668	198	10554	264	10592	130	2536	0	566	8104	19698	2224	4284	24918	31602	402	10458	406	3714	960	6268	27154	0	3704	20296	0	0	0	148	0	0	0	190	0	0	0	0	0	0	0	0	0	0	0	0	0	0	0	180	0	0	0	0	0	0	0	0	0	0	0	0	4336	21244	4242	12838	0	0	0	358	0	0	0	0	0	112	0	0	0	0	0	0	0	0	0	0	0	0	0	0	0	0	0	0	0	0	0	0	0	0	0	0	0	0	0	0	0	0	
174044	Cingulum_Mid_L	442	486	5198	878	0	0	2338	0	0	0	0	124	1156	138	304	122	0	0	10280	5226	0	0	4382	624	0	0	0	0	776	100	5458	3704	0	13876	3350	1108	0	0	0	0	0	0	386	452	1098	1752	0	0	656	1946	1954	412	0	0	0	0	232	450	810	484	152	0	0	0	0	0	6388	4672	3970	456	0	0	302	0	0	0	0	0	0	0	0	0	0	0	0	380	0	0	0	0	0	0	0	0	0	0	0	0	0	0	0	0	0	0	0	0	0	0	0	0	0	0	0	0	0	0	
383004	Cingulum_Mid_R	214	1552	2192	10146	0	0	730	1810	0	424	0	1920	232	3612	0	2912	0	0	16820	33484	0	0	12806	12968	0	0	0	0	226	3368	5968	20296	13876	0	1804	4316	0	0	0	0	0	0	0	1386	118	5666	0	0	122	5492	160	1982	0	236	0	0	204	1236	370	496	96	0	0	124	0	0	1848	10434	2604	6066	0	116	0	412	0	0	0	0	0	0	0	0	0	0	0	502	0	0	0	156	0	0	0	0	0	0	0	0	0	0	0	0	0	0	0	0	0	0	0	0	0	0	0	0	0	0	
138600	Cingulum_Post_L	5760	1494	0	0	0	0	0	0	0	0	0	0	0	0	0	0	0	0	882	540	0	0	0	0	0	0	0	0	148	0	0	0	3350	1804	0	12442	5492	1764	1810	116	0	0	1426	0	912	348	2334	378	544	190	840	0	0	0	344	0	678	360	880	198	204	276	0	606	0	0	10366	6598	3408	384	0	0	120	0	0	0	2042	262	0	0	0	0	0	0	0	0	0	0	0	0	0	0	0	0	0	0	0	0	0	0	0	0	0	0	0	0	0	0	0	0	0	0	0	0	0	0	
158540	Cingulum_Post_R	1396	3572	0	0	0	0	0	0	0	0	0	0	0	0	0	0	0	0	104	4124	0	0	0	0	0	0	0	0	108	0	0	0	1108	4316	12442	0	3282	4092	1168	724	0	0	0	1238	620	852	1206	2538	192	532	158	330	0	0	226	160	462	2082	558	398	0	530	0	1136	0	0	4052	15354	728	4422	0	0	108	0	0	0	3366	1128	0	0	0	0	0	0	0	166	0	0	0	0	0	0	0	0	0	0	0	0	0	0	0	0	0	0	0	0	0	0	0	0	292	0	0	0	0	0	
252100	Hippocampus_L	8918	204	4468	0	956	0	228	0	0	0	240	0	0	0	0	0	3270	0	4740	0	484	0	0	0	0	0	0	0	12422	0	0	0	0	0	5492	3282	0	882	8724	128	5454	0	1654	0	514	0	3310	500	0	0	1404	0	868	0	15992	0	1808	0	0	0	0	0	174	0	0	0	3212	2010	1180	0	0	0	11164	0	194	0	3036	212	2930	0	3630	0	130	0	3452	0	0	0	8254	0	192	0	0	0	0	0	0	0	242	0	0	0	0	0	0	0	0	0	0	96	0	0	0	0	0	0	
208304	Hippocampus_R	96	1644	180	1246	0	0	0	610	0	0	0	224	0	0	0	0	0	1870	288	708	0	0	0	0	0	0	0	0	0	6166	0	148	0	0	1764	4092	882	0	284	16394	0	9936	0	416	182	0	296	2998	0	128	0	0	0	92	0	19834	0	1384	0	208	0	802	0	2732	0	198	592	4038	0	0	242	814	0	6570	0	244	476	4818	0	640	0	1252	0	526	0	1608	0	0	0	5926	0	0	0	0	0	0	0	406	0	0	0	0	0	0	0	0	0	0	0	0	198	0	0	0	0	0	
68612	ParaHippocampal_L	936	0	334	0	192	0	0	0	0	0	0	0	0	0	0	0	318	0	280	0	1004	0	0	0	0	0	0	0	1958	0	0	0	0	0	1810	1168	8724	284	0	0	2114	0	380	0	0	0	3332	206	0	0	0	0	0	0	4554	0	306	0	0	0	0	0	0	0	0	0	876	858	0	0	0	0	1724	0	0	0	580	0	0	0	228	0	532	0	0	0	402	0	634	0	178	0	0	0	0	0	198	0	196	0	0	0	0	0	0	0	0	0	0	0	0	0	0	0	0	0	
109912	ParaHippocampal_R	0	0	0	176	0	0	0	0	0	0	0	0	0	0	0	656	0	0	0	142	0	768	0	0	0	0	0	0	0	680	0	0	0	0	116	724	128	16394	0	0	0	7090	0	332	0	0	0	2808	0	0	0	0	0	0	0	14196	0	0	0	0	0	0	0	0	0	0	0	1096	0	0	0	0	0	1332	0	0	96	1368	0	0	0	0	0	2698	0	468	0	1268	0	1508	0	0	0	0	0	0	0	912	0	0	0	0	0	0	0	0	0	0	0	0	0	0	0	0	0	0	
36836	Amygdala_L	0	0	1382	0	1180	0	0	0	0	0	0	0	0	0	0	0	0	0	232	0	742	0	0	0	0	0	0	0	3352	0	0	0	0	0	0	0	5454	0	2114	0	0	0	0	0	0	0	0	0	0	0	0	0	0	0	2632	0	0	0	0	0	0	0	0	0	0	0	0	0	0	0	0	0	556	0	0	0	0	0	0	0	210	0	286	0	0	0	90	0	188	0	0	0	0	0	0	0	0	0	0	0	0	0	0	0	0	0	0	0	0	0	0	0	0	0	0	0	
60736	Amygdala_R	0	180	0	184	0	0	0	276	0	0	0	92	0	98	0	0	0	0	0	104	0	506	0	0	0	0	0	0	0	1198	0	190	0	0	0	0	0	9936	0	7090	0	0	0	0	0	0	0	0	0	0	0	0	0	0	0	5776	0	0	0	0	0	0	0	0	0	0	0	0	0	0	0	0	0	1832	0	0	0	0	0	0	0	0	0	1606	0	0	0	0	0	1172	0	0	0	0	0	0	0	128	0	0	0	0	0	0	0	0	0	0	0	0	0	0	0	0	0	0	
203876	Calcarine_L	344	0	0	0	0	0	0	0	0	0	0	0	0	0	0	0	0	0	0	0	0	0	0	0	0	0	0	0	238	0	0	0	386	0	1426	0	1654	0	380	0	0	0	0	5966	9660	3446	13196	2194	6240	1848	26070	1072	6428	188	2954	276	452	0	132	0	0	0	0	0	0	0	14476	638	266	0	0	0	0	0	0	0	0	0	530	0	0	0	0	0	294	0	0	0	742	0	0	0	0	0	0	0	0	0	0	0	0	0	0	0	0	0	0	0	0	0	296	146	0	0	0	0	
209428	Calcarine_R	0	812	0	0	0	0	0	0	0	0	0	0	0	0	0	0	0	0	0	0	0	0	0	0	0	0	0	0	0	212	0	0	452	1386	0	1238	0	416	0	332	0	0	5966	0	5774	16582	592	11096	0	15690	0	9826	0	3672	0	4744	0	1368	0	646	0	248	0	266	0	0	1578	19582	0	454	0	0	0	0	0	0	0	0	0	96	0	128	0	0	0	1234	0	0	0	324	0	0	0	0	0	0	0	0	0	0	0	0	0	0	0	0	0	0	0	0	0	0	0	0	0	0	
146988	Cuneus_L	372	0	0	0	0	0	0	0	0	0	0	0	0	0	0	0	0	0	0	0	0	0	0	0	0	0	0	0	0	0	0	0	1098	118	912	620	514	182	0	0	0	0	9660	5774	0	6702	112	0	13392	4388	7924	876	732	0	680	0	770	0	594	0	130	0	0	0	0	0	13894	2080	718	0	0	0	0	0	0	0	0	0	310	0	0	0	0	0	320	128	0	0	494	0	0	0	0	0	0	0	0	0	0	0	0	0	0	0	0	0	0	0	0	0	0	0	0	0	0	0	
265600	Cuneus_R	0	1720	0	0	0	0	0	0	0	0	0	0	0	0	0	0	0	0	0	270	0	0	0	0	0	0	0	0	0	0	0	0	1752	5666	348	852	0	0	0	0	0	0	3446	16582	6702	0	0	286	0	36190	0	12520	0	452	0	0	0	3168	0	2696	0	110	0	354	0	410	4694	28742	0	1918	0	0	0	0	0	0	0	0	0	0	0	360	0	0	0	2754	0	0	0	808	0	0	0	0	0	0	0	0	0	0	0	0	0	0	0	0	0	0	0	0	0	0	0	0	0	0	
223900	Lingual_L	0	0	0	0	0	0	0	0	0	0	0	0	0	0	0	0	0	0	0	0	0	0	0	0	0	0	0	0	0	0	0	0	0	0	2334	1206	3310	296	3332	0	0	0	13196	592	112	0	0	1476	756	0	15740	0	8974	0	14158	208	0	0	0	0	0	0	0	0	0	0	3310	902	0	0	0	0	0	0	0	0	542	0	0	0	0	0	0	0	0	0	0	0	0	0	7088	410	412	0	204	0	10430	132	11684	794	192	0	194	0	874	444	0	0	0	0	3552	2624	912	210	612	738	
156804	Lingual_R	0	198	0	0	0	0	0	0	0	0	0	0	0	0	0	0	0	0	0	0	0	0	0	0	0	0	0	0	0	0	0	0	0	0	378	2538	500	2998	206	2808	0	0	2194	11096	0	286	1476	0	0	1422	0	2352	106	3468	588	8814	0	204	0	0	0	0	0	0	0	0	0	6550	0	0	0	0	0	0	0	0	246	1206	0	0	0	0	0	0	0	0	0	0	0	104	1744	2538	834	0	0	0	864	3524	2202	6158	244	0	280	0	158	0	0	0	0	0	3554	4524	2040	0	0	0	
152648	Occipital_Sup_L	226	0	0	0	0	0	0	0	0	0	0	0	0	0	0	0	0	0	0	0	0	0	0	0	0	0	0	0	0	0	0	0	656	122	544	192	0	0	0	0	0	0	6240	0	13392	0	756	0	0	0	22396	0	268	0	96	0	1002	0	7476	0	902	0	0	0	0	0	19836	1898	322	0	0	0	0	0	0	0	0	0	0	0	0	0	0	0	0	0	0	0	0	0	0	0	0	0	0	0	0	0	0	0	0	0	0	0	0	0	0	0	0	0	0	0	0	0	0	0	
333376	Occipital_Sup_R	0	3098	0	0	0	0	0	0	0	0	0	0	0	0	0	0	0	224	0	228	0	0	0	0	0	0	0	0	0	0	0	0	1946	5492	190	532	0	128	0	0	0	0	1848	15690	4388	36190	0	1422	0	0	0	25256	0	614	0	218	0	4950	0	8520	0	1194	0	1310	0	5538	3346	30572	0	2056	0	0	0	0	0	0	0	0	0	0	0	846	0	0	0	8022	0	0	0	2870	0	0	0	0	0	0	0	0	0	0	0	0	0	0	0	0	0	0	0	0	0	0	0	0	0	0	
478428	Occipital_Mid_L	3348	346	0	0	0	0	268	0	0	0	0	0	0	0	0	0	2726	0	0	0	0	0	0	0	0	0	0	0	274	0	0	0	1954	160	840	158	1404	0	0	0	0	0	26070	0	7924	0	15740	0	22396	0	0	0	23756	0	8162	0	10498	0	14226	0	18676	0	5034	0	19496	0	25034	1516	3914	0	0	0	0	0	0	0	0	0	2142	0	1622	0	0	0	16484	0	0	0	5046	0	0	0	0	0	0	0	0	0	0	0	0	0	0	0	0	0	0	0	0	0	0	0	0	0	0	0	
196100	Occipital_Mid_R	0	604	0	0	0	0	0	0	0	0	0	0	0	0	0	0	0	0	0	100	0	0	0	0	0	0	0	0	0	0	0	0	412	1982	0	330	0	0	0	0	0	0	1072	9826	876	12520	0	2352	0	25256	0	0	0	3198	0	944	0	510	0	1814	0	2684	0	162	0	11916	506	10056	0	156	0	0	0	0	0	0	0	0	0	0	0	494	0	0	0	9974	0	0	0	306	0	0	0	0	0	0	0	0	0	0	0	0	0	0	0	0	0	0	0	0	0	0	0	0	0	0	
144024	Occipital_Inf_L	160	0	0	0	0	0	0	0	0	0	0	0	0	0	0	0	1542	0	0	0	0	0	0	0	0	0	0	0	126	0	0	0	0	0	0	0	868	0	0	0	0	0	6428	0	732	0	8974	106	268	0	23756	0	0	0	10968	0	436	0	0	0	0	0	274	0	148	0	1840	0	400	0	0	0	0	0	0	0	0	0	1186	0	696	0	0	0	3574	0	0	0	7146	0	350	0	0	0	0	0	584	0	1202	0	0	0	0	0	0	0	0	0	0	0	102	146	0	0	0	0	
46168	Occipital_Inf_R	0	0	0	0	0	0	0	0	0	0	0	0	0	0	0	0	0	0	0	0	0	0	0	0	0	0	0	0	0	144	0	0	0	236	0	0	0	92	0	0	0	0	188	3672	0	452	0	3468	0	614	0	3198	0	0	0	5192	0	0	0	0	0	0	0	0	0	0	0	2024	0	0	0	0	0	0	0	0	0	0	0	0	0	110	0	0	0	490	0	0	0	2394	0	166	0	0	0	0	0	0	0	394	0	0	0	0	0	0	0	0	0	0	0	250	0	0	0	0	
331932	Fusiform_L	1018	0	1026	0	0	0	0	0	0	0	134	0	0	0	0	0	814	0	976	0	520	0	0	0	0	0	0	0	6112	0	0	0	0	0	344	226	15992	0	4554	0	2632	0	2954	0	680	0	14158	588	96	0	8162	0	10968	0	0	164	268	0	0	0	0	0	90	0	0	0	1814	154	104	0	0	0	2412	0	0	0	274	0	388	0	2926	0	1462	0	1910	0	1578	0	15850	0	18898	386	1358	0	0	0	12540	0	25268	640	702	0	658	0	0	174	0	0	0	0	1268	1342	838	0	212	334	
227524	Fusiform_R	0	0	0	178	0	0	0	0	0	0	0	0	0	0	0	0	0	188	0	104	0	0	0	0	0	0	0	0	0	2598	0	0	0	0	0	160	0	19834	0	14196	0	5776	276	4744	0	0	208	8814	0	218	0	944	0	5192	164	0	0	0	0	0	0	0	0	124	0	0	0	2514	0	0	0	0	0	1368	0	0	0	854	0	132	0	870	0	4722	0	1610	0	2122	0	13068	238	6242	0	268	0	0	0	5196	252	8394	0	0	0	0	0	0	0	0	0	0	1000	868	326	0	0	0	
261424	Postcentral_L	23200	1946	3576	0	0	0	504	0	0	0	3166	0	758	0	0	0	10498	0	4914	0	0	0	0	0	0	0	0	0	6158	0	0	0	232	204	678	462	1808	0	306	0	0	0	452	0	770	0	0	0	1002	0	10498	0	436	0	268	0	0	0	7892	0	18556	0	7914	0	3138	0	5846	330	4150	0	0	326	2568	0	106	0	92	120	3154	0	3118	0	0	0	1432	0	0	0	134	0	0	0	0	0	0	0	0	0	0	0	0	0	0	0	0	0	0	0	0	0	0	0	0	0	0	0	
200724	Postcentral_R	0	16446	170	714	0	0	140	424	0	0	0	2828	0	0	0	0	0	7154	0	1056	0	0	0	0	0	0	0	0	0	2184	136	180	450	1236	360	2082	0	1384	0	0	0	0	0	1368	0	3168	0	204	0	4950	0	510	0	0	0	0	0	0	0	8070	0	8992	0	14332	0	246	374	8080	0	4874	0	2356	0	3682	0	564	0	0	0	138	0	550	0	0	0	594	0	0	0	366	0	0	0	0	0	0	0	0	0	0	0	0	0	0	0	0	0	0	0	0	0	0	0	0	0	0	
136184	Parietal_Sup_L	1716	0	0	0	0	0	0	0	0	0	0	0	0	0	0	0	0	0	0	0	0	0	0	0	0	0	0	0	0	0	0	0	810	370	880	558	0	0	0	0	0	0	132	0	594	0	0	0	7476	0	14226	0	0	0	0	0	7892	0	0	0	14830	0	394	0	2218	0	14774	462	614	0	0	0	0	0	0	0	0	0	0	0	0	0	0	0	146	0	0	0	0	0	0	0	0	0	0	0	0	0	0	0	0	0	0	0	0	0	0	0	0	0	0	0	0	0	0	0	
123552	Parietal_Sup_R	0	1008	0	0	0	0	0	0	0	0	0	0	0	0	0	0	0	0	0	0	0	0	0	0	0	0	0	0	0	0	0	0	484	496	198	398	0	208	0	0	0	0	0	646	0	2696	0	0	0	8520	0	1814	0	0	0	0	0	8070	0	0	0	11694	0	7930	0	4496	1524	10116	0	876	0	230	0	0	0	0	0	0	0	0	0	0	0	0	0	246	0	0	0	126	0	0	0	0	0	0	0	0	0	0	0	0	0	0	0	0	0	0	0	0	0	0	0	0	0	0	
186208	Parietal_Inf_L	4158	172	0	0	0	0	186	0	0	0	0	0	0	0	0	0	362	0	94	0	0	0	0	0	0	0	0	0	96	0	0	0	152	96	204	0	0	0	0	0	0	0	0	0	130	0	0	0	902	0	18676	0	0	0	0	0	18556	0	14830	0	0	0	9674	0	19490	0	2890	0	542	0	0	138	436	0	0	0	0	0	0	0	614	0	0	0	706	0	0	0	0	0	0	0	0	0	0	0	0	0	0	0	0	0	0	0	0	0	0	0	0	0	0	0	0	0	0	0	
105060	Parietal_Inf_R	0	1454	0	0	0	0	0	0	0	0	0	0	0	0	0	0	0	120	0	0	0	0	0	0	0	0	0	0	0	0	0	0	0	0	276	530	0	802	0	0	0	0	0	248	0	110	0	0	0	1194	0	2684	0	0	0	0	0	8992	0	11694	0	0	0	15480	0	7096	234	634	0	0	0	458	0	0	0	0	0	0	0	0	0	0	0	0	0	294	0	0	0	230	0	0	0	0	0	0	0	0	0	0	0	0	0	0	0	0	0	0	0	0	0	0	0	0	0	0	
102248	SupraMarginal_L	858	394	0	0	0	0	0	0	0	0	0	0	0	0	0	0	1398	0	194	0	0	0	0	0	0	0	0	0	636	0	0	0	0	0	0	0	174	0	0	0	0	0	0	0	0	0	0	0	0	0	5034	0	274	0	90	0	7914	0	394	0	9674	0	0	0	8568	0	0	0	0	0	0	0	0	0	0	0	0	0	760	0	5478	0	0	0	8812	0	0	0	472	0	0	0	0	0	0	0	0	0	0	0	0	0	0	0	0	0	0	0	0	0	0	0	0	0	0	0	
130820	SupraMarginal_R	0	3222	0	0	0	0	0	0	0	0	0	0	0	0	0	0	0	3770	0	0	0	0	0	0	0	0	0	0	0	100	0	0	0	124	606	1136	0	2732	0	0	0	0	0	266	0	354	0	0	0	1310	0	162	0	0	0	124	0	14332	0	7930	0	15480	0	0	0	3170	396	1220	0	0	0	150	0	0	0	0	0	0	0	0	0	4934	0	0	0	3002	0	0	0	890	0	0	0	0	0	0	0	0	0	0	0	0	0	0	0	0	0	0	0	0	0	0	0	0	0	0	
134976	Angular_L	1620	0	0	0	0	0	226	0	0	0	0	0	0	0	0	0	190	0	0	0	0	0	0	0	0	0	0	0	0	0	0	0	0	0	0	0	0	0	0	0	0	0	0	0	0	0	0	0	0	0	19496	0	148	0	0	0	3138	0	2218	0	19490	0	8568	0	0	0	490	0	480	0	0	0	0	0	0	0	0	0	0	0	2214	0	0	0	9210	0	0	0	0	0	0	0	0	0	0	0	0	0	0	0	0	0	0	0	0	0	0	0	0	0	0	0	0	0	0	0	
82492	Angular_R	0	208	0	0	0	0	0	0	0	0	0	0	0	0	0	0	0	118	0	0	0	0	0	0	0	0	0	0	0	0	0	0	0	0	0	0	0	198	0	0	0	0	0	0	0	410	0	0	0	5538	0	11916	0	0	0	0	0	246	0	4496	0	7096	0	3170	0	0	0	690	0	0	0	0	0	0	0	0	0	0	0	0	0	1940	0	0	0	4604	0	0	0	616	0	0	0	0	0	0	0	0	0	0	0	0	0	0	0	0	0	0	0	0	0	0	0	0	0	0	
338776	Precuneus_L	2040	434	0	0	0	0	0	0	0	0	0	0	0	0	0	0	0	0	0	0	0	0	0	0	0	0	0	0	344	0	0	0	6388	1848	10366	4052	3212	592	876	0	0	0	14476	1578	13894	4694	3310	0	19836	3346	25034	506	1840	0	1814	0	5846	374	14774	1524	2890	234	0	396	490	0	0	15482	4330	266	0	0	0	0	0	0	0	0	790	0	0	0	0	0	334	282	0	0	762	134	0	0	0	0	0	0	0	0	0	0	0	0	0	0	0	0	0	0	0	0	0	0	0	0	0	0	
427376	Precuneus_R	716	5008	0	0	0	0	0	0	0	0	0	0	0	0	0	0	0	214	0	1460	0	0	0	0	0	0	0	0	0	134	0	0	4672	10434	6598	15354	2010	4038	858	1096	0	0	638	19582	2080	28742	902	6550	1898	30572	1516	10056	0	2024	154	2514	330	8080	462	10116	0	634	0	1220	0	690	15482	0	314	5666	0	0	0	0	0	0	714	1526	0	0	0	552	0	0	0	5446	0	0	0	2306	0	0	0	0	0	0	0	0	0	0	0	0	0	0	0	0	0	0	0	0	330	0	0	0	0	0	
136548	Paracentral_Lobule_L	7852	3794	844	1074	0	0	300	0	0	0	0	0	0	0	0	0	144	0	11876	7558	0	0	0	0	0	0	0	0	112	0	0	0	3970	2604	3408	728	1180	0	0	0	0	0	266	0	718	0	0	0	322	0	3914	0	400	0	104	0	4150	0	614	0	542	0	0	0	480	0	4330	314	0	1310	272	0	486	0	234	0	2938	0	0	0	0	0	0	0	1236	0	0	0	200	0	0	0	0	0	0	0	0	0	0	0	0	0	0	0	0	0	0	0	0	0	0	0	0	0	0	0	
81208	Paracentral_Lobule_R	312	2616	0	0	0	0	0	0	0	0	0	0	0	0	0	0	0	0	0	8450	0	0	0	0	0	0	0	0	0	0	0	0	456	6066	384	4422	0	0	0	0	0	0	0	454	0	1918	0	0	0	2056	0	156	0	0	0	0	0	4874	0	876	0	0	0	0	0	0	266	5666	1310	0	0	0	0	0	0	0	0	0	0	0	0	0	0	0	0	194	0	0	0	128	0	0	0	0	0	0	0	0	0	0	0	0	0	0	0	0	0	0	0	0	0	0	0	0	0	0	
235308	Caudate_L	5774	2314	10424	4244	1014	270	4014	2280	222	0	348	606	170	290	686	92	164	182	12086	2598	5588	6990	1248	618	274	916	1784	1234	798	660	7726	4336	0	0	0	0	0	242	0	0	0	0	0	0	0	0	0	0	0	0	0	0	0	0	0	0	0	0	0	0	0	0	0	0	0	0	0	0	272	0	0	11850	17492	1514	1662	0	3374	1130	0	0	0	0	168	0	0	0	0	0	0	0	0	0	0	0	0	0	0	0	0	0	0	0	0	0	0	0	0	0	0	0	0	0	0	0	0	0	
368468	Caudate_R	1392	9008	3284	16860	0	3470	1790	4030	0	300	118	1726	0	1436	0	1914	0	3450	6214	17596	1602	6484	242	5944	0	4578	116	3154	500	4448	5102	21244	0	116	0	0	0	814	0	0	0	0	0	0	0	0	0	0	0	0	0	0	0	0	0	0	326	2356	0	230	138	458	0	150	0	0	0	0	0	0	11850	0	5076	17212	602	1682	212	16882	0	0	0	0	0	128	0	0	0	0	0	0	0	0	0	0	0	0	0	0	0	0	0	0	0	0	0	0	0	0	0	0	0	0	0	0	0	0	
357752	Putamen_L	9762	778	27422	868	3328	202	2588	152	988	0	698	180	882	186	1836	0	1480	0	24442	392	3408	4534	4774	800	164	744	1584	690	16030	188	10198	4242	302	0	120	108	11164	0	1724	0	556	0	0	0	0	0	0	0	0	0	0	0	0	0	2412	0	2568	0	0	0	436	0	0	0	0	0	0	0	486	0	17492	5076	0	802	5252	0	2502	186	316	0	1238	0	116	0	150	0	0	0	2330	0	0	0	0	0	0	0	0	0	0	0	0	0	0	0	0	0	0	0	0	0	0	0	0	0	0	0	
270640	Putamen_R	98	5150	626	11210	0	2566	246	8680	0	306	0	3872	0	2124	0	1064	0	7806	846	7358	650	2536	132	4042	0	3440	0	1806	146	16616	1852	12838	0	412	0	0	0	6570	0	1332	0	1832	0	0	0	0	0	0	0	0	0	0	0	0	0	1368	0	3682	0	0	0	0	0	0	0	0	0	0	0	0	1514	17212	802	0	0	2346	0	598	0	470	0	674	0	316	0	0	0	0	0	182	0	0	0	0	0	0	0	0	0	0	0	0	0	0	0	0	0	0	0	0	0	0	0	0	0	0	
37512	Pallidum_L	1006	254	1304	0	0	0	166	0	0	0	0	0	0	0	0	0	250	0	5698	0	0	278	0	0	0	0	0	0	128	0	0	0	0	0	0	0	194	0	0	0	0	0	0	0	0	0	0	0	0	0	0	0	0	0	0	0	106	0	0	0	0	0	0	0	0	0	0	0	234	0	1662	602	5252	0	0	0	1622	0	0	0	0	0	0	0	0	0	0	0	0	0	0	0	0	0	0	0	0	0	0	0	0	0	0	0	0	0	0	0	0	0	0	0	0	0	0	0	
16696	Pallidum_R	0	1176	0	374	0	0	0	304	0	0	0	0	0	0	0	0	0	1040	176	276	0	0	0	0	0	0	0	0	0	166	0	0	0	0	0	0	0	244	0	0	0	0	0	0	0	0	0	0	0	0	0	0	0	0	0	0	0	564	0	0	0	0	0	0	0	0	0	0	0	0	0	1682	0	2346	0	0	0	0	0	0	0	0	0	0	0	0	0	0	0	0	0	0	0	0	0	0	0	0	0	0	0	0	0	0	0	0	0	0	0	0	0	0	0	0	0	0	
101864	Thalamus_L	13218	1440	3282	114	0	0	1518	180	0	0	0	0	0	0	0	0	0	0	6704	288	0	0	0	0	0	0	0	0	338	0	0	0	0	0	2042	3366	3036	476	580	96	0	0	0	0	0	0	542	246	0	0	0	0	0	0	274	0	92	0	0	0	0	0	0	0	0	0	0	714	2938	0	3374	212	2502	0	1622	0	0	1738	0	0	0	0	0	0	0	0	0	0	0	0	0	0	0	0	0	0	0	0	0	0	0	0	0	0	0	0	0	0	0	0	0	0	0	0	0	0	
95492	Thalamus_R	454	7370	510	2128	0	0	102	274	0	0	0	0	0	0	0	0	0	168	1294	1934	0	0	0	0	0	0	0	0	0	544	0	358	0	0	262	1128	212	4818	0	1368	0	0	0	0	0	0	0	1206	0	0	0	0	0	0	0	854	120	0	0	0	0	0	0	0	0	0	0	1526	0	0	1130	16882	186	598	0	0	1738	0	0	0	0	158	0	0	0	0	0	0	0	278	0	0	0	0	0	0	0	0	0	0	0	0	0	0	0	0	0	0	0	0	146	0	0	0	0	0	
90864	Heschl_L	4960	184	270	0	0	0	200	0	0	0	172	0	0	0	0	0	7958	0	478	0	0	0	0	0	0	0	0	0	7722	0	0	0	0	0	0	0	2930	0	0	0	0	0	530	0	310	0	0	0	0	0	2142	0	1186	0	388	0	3154	0	0	0	0	0	760	0	0	0	790	0	0	0	0	0	316	0	0	0	0	0	0	0	5674	0	0	0	3726	0	0	0	1582	0	0	0	0	0	0	0	0	0	0	0	0	0	0	0	0	0	0	0	0	0	0	0	0	0	0	0	
12480	Heschl_R	0	122	0	0	0	0	0	0	0	0	0	0	0	0	0	0	0	1230	0	0	0	0	0	0	0	0	0	0	0	2028	0	0	0	0	0	0	0	640	0	0	0	0	0	96	0	0	0	0	0	0	0	0	0	0	0	132	0	138	0	0	0	0	0	0	0	0	0	0	0	0	0	0	0	470	0	0	0	0	0	0	0	1234	0	0	0	150	0	0	0	0	0	0	0	0	0	0	0	0	0	0	0	0	0	0	0	0	0	0	0	0	0	0	0	0	0	0	
201588	Temporal_Sup_L	1540	128	2288	0	0	0	0	0	0	0	1882	0	0	0	0	0	10046	0	2480	0	260	0	0	0	0	0	0	0	7270	0	0	0	0	0	0	0	3630	0	228	0	210	0	0	0	0	0	0	0	0	0	1622	0	696	0	2926	0	3118	0	0	0	614	0	5478	0	2214	0	0	0	0	0	0	0	1238	0	0	0	0	0	5674	0	0	0	3324	0	25010	0	1476	0	17180	0	134	0	0	0	0	0	0	0	128	0	0	0	0	0	0	0	0	0	0	0	0	0	0	0	0	0	
81580	Temporal_Sup_R	0	220	0	0	0	0	0	0	0	0	0	0	0	0	0	0	0	3756	0	0	0	0	0	0	0	0	0	0	0	5060	0	0	0	0	0	0	0	1252	0	0	0	0	0	128	0	360	0	0	0	846	0	494	0	110	0	870	0	550	0	0	0	0	0	4934	0	1940	0	552	0	0	0	0	0	674	0	0	0	158	0	1234	0	0	0	2224	0	13256	0	764	0	1408	0	0	0	0	0	0	0	0	0	0	0	0	0	0	0	0	0	0	0	0	0	0	0	0	0	0	
69036	Temporal_Pole_Sup_L	108	0	1568	0	1720	0	0	0	152	0	1776	0	650	0	2084	0	1424	0	674	0	1258	0	0	0	0	0	340	0	4650	0	0	0	0	0	0	0	130	0	532	0	286	0	0	0	0	0	0	0	0	0	0	0	0	0	1462	0	0	0	0	0	0	0	0	0	0	0	0	0	0	0	168	0	116	0	0	0	0	0	0	0	3324	0	0	0	3536	0	4766	0	3794	0	0	0	0	0	0	0	0	0	0	0	0	0	0	0	0	0	0	0	0	0	0	0	0	0	0	0	
52632	Temporal_Pole_Sup_R	0	184	0	698	0	0	0	496	0	0	0	1258	0	104	0	764	0	1504	0	382	0	522	0	0	0	0	0	0	0	2432	0	112	0	0	0	0	0	526	0	2698	0	1606	0	0	0	0	0	0	0	0	0	0	0	0	0	4722	0	0	0	0	0	0	0	0	0	0	0	0	0	0	0	128	0	316	0	0	0	0	0	0	0	2224	0	0	0	1122	0	2566	0	1952	0	0	0	0	0	0	0	0	0	0	0	0	0	0	0	0	0	0	0	0	0	0	0	0	0	0	
246792	Temporal_Mid_L	352	0	328	0	0	0	0	0	0	0	380	0	0	0	0	0	4028	0	366	0	0	0	0	0	0	0	0	0	1076	0	0	0	0	0	0	0	3452	0	0	0	0	0	294	0	320	0	0	0	0	0	16484	0	3574	0	1910	0	1432	0	146	0	706	0	8812	0	9210	0	334	0	1236	0	0	0	150	0	0	0	0	0	3726	0	25010	0	3536	0	0	0	4426	0	32108	0	0	0	0	0	0	0	0	0	0	0	0	0	0	0	0	0	0	0	0	0	0	0	0	0	0	0	
165284	Temporal_Mid_R	0	478	0	0	0	0	0	0	0	0	0	0	0	0	0	0	0	524	0	0	0	0	0	0	0	0	0	0	0	1606	0	0	380	502	0	166	0	1608	0	468	0	0	0	1234	128	2754	0	0	0	8022	0	9974	0	490	0	1610	0	594	0	246	0	294	0	3002	0	4604	282	5446	0	194	0	0	0	0	0	0	0	0	0	150	0	13256	0	1122	0	0	0	2934	0	20574	0	0	0	0	0	0	0	0	0	0	0	0	0	0	0	0	0	0	0	0	0	0	0	0	0	0	
34864	Temporal_Pole_Mid_L	0	0	96	0	0	0	0	0	0	0	122	0	0	0	0	0	156	0	96	0	0	0	0	0	0	0	0	0	264	0	0	0	0	0	0	0	0	0	402	0	90	0	0	0	0	0	0	0	0	0	0	0	0	0	1578	0	0	0	0	0	0	0	0	0	0	0	0	0	0	0	0	0	0	0	0	0	0	0	0	0	1476	0	4766	0	4426	0	0	0	3960	0	0	0	0	0	0	0	0	0	0	0	0	0	0	0	0	0	0	0	0	0	0	0	0	0	0	0	
23384	Temporal_Pole_Mid_R	0	0	0	0	0	0	0	0	0	0	0	0	0	0	0	0	0	0	0	0	0	0	0	0	0	0	0	0	0	134	0	0	0	0	0	0	0	0	0	1268	0	0	0	0	0	0	0	0	0	0	0	0	0	0	0	2122	0	0	0	0	0	0	0	0	0	0	0	0	0	0	0	0	0	0	0	0	0	0	0	0	0	764	0	2566	0	2934	0	0	0	1904	0	0	0	0	0	0	0	0	0	0	0	0	0	0	0	0	0	0	0	0	0	0	0	0	0	0	
227480	Temporal_Inf_L	1270	0	1134	0	0	0	0	0	0	0	0	0	0	0	0	0	1542	0	1154	0	266	0	0	0	0	0	0	0	3518	0	0	0	0	0	0	0	8254	0	634	0	188	0	742	0	494	0	0	0	0	0	5046	0	7146	0	15850	0	134	0	0	0	0	0	472	0	0	0	762	0	200	0	0	0	2330	0	0	0	0	0	1582	0	17180	0	3794	0	32108	0	3960	0	0	0	2696	0	0	0	0	0	0	0	1284	0	0	0	0	0	0	0	0	0	0	0	0	0	0	0	0	0	
124868	Temporal_Inf_R	0	228	0	0	0	0	0	0	0	0	0	0	0	0	0	0	0	286	0	0	0	0	0	0	0	0	0	0	0	1954	0	0	0	156	0	0	0	5926	0	1508	0	1172	0	324	0	808	0	104	0	2870	0	306	0	2394	0	13068	0	366	0	126	0	230	0	890	0	616	134	2306	0	128	0	0	0	182	0	0	0	278	0	0	0	1408	0	1952	0	20574	0	1904	0	0	0	236	0	0	0	0	0	0	0	0	0	0	0	0	0	0	0	0	0	0	0	0	0	0	0	0	
351056	Cerebelum_Crus1_L	0	0	0	0	0	0	0	0	0	0	0	0	0	0	0	0	0	0	0	0	0	0	0	0	0	0	0	0	0	0	0	0	0	0	0	0	192	0	178	0	0	0	0	0	0	0	7088	1744	0	0	0	0	350	0	18898	238	0	0	0	0	0	0	0	0	0	0	0	0	0	0	0	0	0	0	0	0	0	0	0	0	134	0	0	0	0	0	0	0	2696	0	0	1420	30612	644	890	0	18376	324	44070	1648	14626	0	16592	0	3848	0	606	0	0	0	1822	3218	4014	544	568	188	
290152	Cerebelum_Crus1_R	0	0	0	0	0	0	0	0	0	0	0	0	0	0	0	0	0	0	0	0	0	0	0	0	0	0	0	0	0	0	0	0	0	0	0	0	0	0	0	0	0	0	0	0	0	0	410	2538	0	0	0	0	0	166	386	6242	0	0	0	0	0	0	0	0	0	0	0	0	0	0	0	0	0	0	0	0	0	0	0	0	0	0	0	0	0	0	0	0	0	236	1420	0	1144	29212	0	2508	330	19264	1770	40424	250	6172	350	10048	594	1048	334	0	0	2106	9184	4398	3378	636	528	0	
271764	Cerebelum_Crus2_L	0	0	0	0	0	0	0	0	0	0	0	0	0	0	0	0	0	0	0	0	0	0	0	0	0	0	0	0	0	0	0	0	0	0	0	0	0	0	0	0	0	0	0	0	0	0	412	834	0	0	0	0	0	0	1358	0	0	0	0	0	0	0	0	0	0	0	0	0	0	0	0	0	0	0	0	0	0	0	0	0	0	0	0	0	0	0	0	0	0	0	30612	1144	0	3086	218	0	1858	0	6068	874	36156	1190	33910	642	5590	94	446	0	0	0	0	1304	7240	2172	674	0	
171496	Cerebelum_Crus2_R	0	0	0	0	0	0	0	0	0	0	0	0	0	0	0	0	0	0	0	0	0	0	0	0	0	0	0	0	0	0	0	0	0	0	0	0	0	0	0	0	0	0	0	0	0	0	0	0	0	0	0	0	0	0	0	268	0	0	0	0	0	0	0	0	0	0	0	0	0	0	0	0	0	0	0	0	0	0	0	0	0	0	0	0	0	0	0	0	0	0	644	29212	3086	0	0	322	116	1250	154	6592	1150	13446	1318	16334	224	1136	0	0	0	366	1118	500	5242	2468	802	0	
16808	Cerebelum_3_L	0	0	0	0	0	0	0	0	0	0	0	0	0	0	0	0	0	0	0	0	0	0	0	0	0	0	0	0	0	0	0	0	0	0	0	0	0	0	0	0	0	0	0	0	0	0	204	0	0	0	0	0	0	0	0	0	0	0	0	0	0	0	0	0	0	0	0	0	0	0	0	0	0	0	0	0	0	0	0	0	0	0	0	0	0	0	0	0	0	0	890	0	218	0	0	0	3628	0	1252	0	230	0	258	0	394	0	0	0	406	738	186	0	0	0	0	0	
38764	Cerebelum_3_R	0	0	0	0	0	0	0	0	0	0	0	0	0	0	0	0	0	0	0	0	0	0	0	0	0	0	0	0	0	0	0	0	0	0	0	0	0	0	0	0	0	0	0	0	0	0	0	0	0	0	0	0	0	0	0	0	0	0	0	0	0	0	0	0	0	0	0	0	0	0	0	0	0	0	0	0	0	0	0	0	0	0	0	0	0	0	0	0	0	0	0	2508	0	322	0	0	0	5376	0	5476	0	90	0	138	0	240	0	0	280	2668	1604	220	118	172	170	0	
206156	Cerebelum_4_5_L	0	0	0	0	0	0	0	0	0	0	0	0	0	0	0	0	0	0	0	0	0	0	0	0	0	0	0	0	0	0	0	0	0	0	0	0	0	0	198	0	0	0	0	0	0	0	10430	864	0	0	0	0	584	0	12540	0	0	0	0	0	0	0	0	0	0	0	0	0	0	0	0	0	0	0	0	0	0	0	0	0	0	0	0	0	0	0	0	0	0	0	18376	330	1858	116	3628	0	0	648	30750	554	1674	0	1858	0	3534	582	598	0	476	858	7326	3250	152	252	668	974	
161380	Cerebelum_4_5_R	0	0	0	0	0	0	0	0	0	0	0	0	0	0	0	0	0	0	0	0	0	0	0	0	0	0	0	0	0	0	0	0	0	0	0	0	0	406	0	912	0	128	0	0	0	0	132	3524	0	0	0	0	0	0	0	5196	0	0	0	0	0	0	0	0	0	0	0	0	0	0	0	0	0	0	0	0	0	0	0	0	0	0	0	0	0	0	0	0	0	0	324	19264	0	1250	0	5376	648	0	602	27350	0	158	0	204	130	204	0	0	0	2988	11104	624	166	0	0	0	
323112	Cerebelum_6_L	0	0	0	0	0	0	0	0	0	0	0	0	0	0	0	0	0	0	0	0	0	0	0	0	0	0	0	0	0	0	0	0	0	0	0	0	242	0	196	0	0	0	0	0	0	0	11684	2202	0	0	0	0	1202	0	25268	252	0	0	0	0	0	0	0	0	0	0	0	0	0	0	0	0	0	0	0	0	0	0	0	0	128	0	0	0	0	0	0	0	1284	0	44070	1770	6068	154	1252	0	30750	602	0	2680	4410	0	4426	0	5004	310	1570	0	0	0	5974	6820	1856	236	540	606	
268436	Cerebelum_6_R	0	0	0	0	0	0	0	0	0	0	0	0	0	0	0	0	0	0	0	0	0	0	0	0	0	0	0	0	0	0	0	0	0	0	0	0	0	0	0	0	0	0	0	0	0	0	794	6158	0	0	0	0	0	394	640	8394	0	0	0	0	0	0	0	0	0	0	0	0	0	0	0	0	0	0	0	0	0	0	0	0	0	0	0	0	0	0	0	0	0	0	1648	40424	874	6592	0	5476	554	27350	2680	0	276	634	290	2098	698	670	394	0	110	3376	12728	6736	3308	514	408	0	
218340	Cerebelum_7b_L	0	0	0	0	0	0	0	0	0	0	0	0	0	0	0	0	0	0	0	0	0	0	0	0	0	0	0	0	0	0	0	0	0	0	0	0	0	0	0	0	0	0	0	0	0	0	192	244	0	0	0	0	0	0	702	0	0	0	0	0	0	0	0	0	0	0	0	0	0	0	0	0	0	0	0	0	0	0	0	0	0	0	0	0	0	0	0	0	0	0	14626	250	36156	1150	230	0	1674	0	4410	276	0	822	34056	310	6880	0	974	0	0	0	0	410	3840	1566	402	0	
91528	Cerebelum_7b_R	0	0	0	0	0	0	0	0	0	0	0	0	0	0	0	0	0	0	0	0	0	0	0	0	0	0	0	0	0	0	0	0	0	0	0	0	0	0	0	0	0	0	0	0	0	0	0	0	0	0	0	0	0	0	0	0	0	0	0	0	0	0	0	0	0	0	0	0	0	0	0	0	0	0	0	0	0	0	0	0	0	0	0	0	0	0	0	0	0	0	0	6172	1190	13446	0	90	0	158	0	634	822	0	1050	14900	110	1376	0	0	0	128	194	0	2470	2632	392	0	
242124	Cerebelum_8_L	0	0	0	0	0	0	0	0	0	0	0	0	0	0	0	0	0	0	0	0	0	0	0	0	0	0	0	0	0	0	0	0	0	0	0	0	0	0	0	0	0	0	0	0	0	0	194	280	0	0	0	0	0	0	658	0	0	0	0	0	0	0	0	0	0	0	0	0	0	0	0	0	0	0	0	0	0	0	0	0	0	0	0	0	0	0	0	0	0	0	16592	350	33910	1318	258	0	1858	0	4426	290	34056	1050	0	934	15032	0	1194	0	0	0	98	412	3922	3296	934	0	
127424	Cerebelum_8_R	0	0	0	0	0	0	0	0	0	0	0	0	0	0	0	0	0	0	0	0	0	0	0	0	0	0	0	0	0	0	0	0	0	0	0	0	0	0	0	0	0	0	0	0	0	0	0	0	0	0	0	0	0	0	0	0	0	0	0	0	0	0	0	0	0	0	0	0	0	0	0	0	0	0	0	0	0	0	0	0	0	0	0	0	0	0	0	0	0	0	0	10048	642	16334	0	138	0	204	0	2098	310	14900	934	0	304	9994	0	196	0	294	576	238	2050	3390	958	104	
114556	Cerebelum_9_L	0	0	0	0	0	0	0	0	0	0	0	0	0	0	0	0	0	0	0	0	0	0	0	0	0	0	0	0	0	0	0	0	0	0	0	0	0	0	0	0	0	0	0	0	0	0	874	158	0	0	0	0	0	0	0	0	0	0	0	0	0	0	0	0	0	0	0	0	0	0	0	0	0	0	0	0	0	0	0	0	0	0	0	0	0	0	0	0	0	0	3848	594	5590	224	394	0	3534	130	5004	698	6880	110	15032	304	0	982	3208	0	0	0	2278	3236	978	1380	1344	498	
58004	Cerebelum_9_R	0	0	0	0	0	0	0	0	0	0	0	0	0	0	0	0	0	0	0	0	0	0	0	0	0	0	0	0	0	0	0	0	0	0	0	0	0	0	0	0	0	0	0	0	0	0	444	0	0	0	0	0	0	0	174	0	0	0	0	0	0	0	0	0	0	0	0	0	0	0	0	0	0	0	0	0	0	0	0	0	0	0	0	0	0	0	0	0	0	0	0	1048	94	1136	0	240	582	204	310	670	0	1376	0	9994	982	0	0	614	0	144	1130	2150	1538	2220	2752	1200	
21716	Cerebelum_10_L	0	0	0	0	0	0	0	0	0	0	0	0	0	0	0	0	0	0	0	0	0	0	0	0	0	0	0	0	0	0	0	0	0	0	0	0	0	0	0	0	0	0	0	0	0	0	0	0	0	0	0	0	0	0	0	0	0	0	0	0	0	0	0	0	0	0	0	0	0	0	0	0	0	0	0	0	0	0	0	0	0	0	0	0	0	0	0	0	0	0	606	334	446	0	0	0	598	0	1570	394	974	0	1194	0	3208	0	0	0	0	0	570	964	0	0	0	0	
1620	Cerebelum_10_R	0	0	0	0	0	0	0	0	0	0	0	0	0	0	0	0	0	0	0	0	0	0	0	0	0	0	0	0	0	0	0	0	0	0	0	0	0	0	0	0	0	0	0	0	0	0	0	0	0	0	0	0	0	0	0	0	0	0	0	0	0	0	0	0	0	0	0	0	0	0	0	0	0	0	0	0	0	0	0	0	0	0	0	0	0	0	0	0	0	0	0	0	0	0	0	0	0	0	0	0	0	0	0	196	0	614	0	0	0	0	0	0	0	0	0	0	
8728	Vermis_1_2	0	0	0	0	0	0	0	0	0	0	0	0	0	0	0	0	0	0	0	0	0	0	0	0	0	0	0	0	0	0	0	0	0	0	0	0	0	0	0	0	0	0	0	0	0	0	0	0	0	0	0	0	0	0	0	0	0	0	0	0	0	0	0	0	0	0	0	0	0	0	0	0	0	0	0	0	0	0	0	0	0	0	0	0	0	0	0	0	0	0	0	0	0	0	406	280	476	0	0	110	0	0	0	0	0	0	0	0	0	2626	466	0	0	0	0	0	
39496	Vermis_3	0	0	0	0	0	0	0	0	0	0	0	0	0	0	0	0	0	0	0	0	0	0	0	0	0	0	0	0	0	0	0	0	0	0	0	0	96	0	0	0	0	0	0	0	0	0	0	0	0	0	0	0	0	0	0	0	0	0	0	0	0	0	0	0	0	0	0	0	0	0	0	0	0	0	0	0	0	0	0	0	0	0	0	0	0	0	0	0	0	0	0	2106	0	366	738	2668	858	2988	0	3376	0	128	0	294	0	144	0	0	2626	0	3144	216	0	0	0	0	
158188	Vermis_4_5	0	0	0	0	0	0	0	0	0	0	0	0	0	0	0	0	0	0	0	0	0	0	0	0	0	0	0	0	0	0	0	0	0	0	0	292	0	198	0	0	0	0	296	0	0	0	3552	3554	0	0	0	0	102	0	1268	1000	0	0	0	0	0	0	0	0	0	0	0	330	0	0	0	0	0	0	0	0	0	146	0	0	0	0	0	0	0	0	0	0	0	0	1822	9184	0	1118	186	1604	7326	11104	5974	12728	0	194	98	576	2278	1130	570	0	466	3144	0	5762	176	382	1090	1444	
120496	Vermis_6	0	0	0	0	0	0	0	0	0	0	0	0	0	0	0	0	0	0	0	0	0	0	0	0	0	0	0	0	0	0	0	0	0	0	0	0	0	0	0	0	0	0	146	0	0	0	2624	4524	0	0	0	0	146	250	1342	868	0	0	0	0	0	0	0	0	0	0	0	0	0	0	0	0	0	0	0	0	0	0	0	0	0	0	0	0	0	0	0	0	0	0	3218	4398	1304	500	0	220	3250	624	6820	6736	410	0	412	238	3236	2150	964	0	0	216	5762	0	4122	1744	2428	1596	
111876	Vermis_7	0	0	0	0	0	0	0	0	0	0	0	0	0	0	0	0	0	0	0	0	0	0	0	0	0	0	0	0	0	0	0	0	0	0	0	0	0	0	0	0	0	0	0	0	0	0	912	2040	0	0	0	0	0	0	838	326	0	0	0	0	0	0	0	0	0	0	0	0	0	0	0	0	0	0	0	0	0	0	0	0	0	0	0	0	0	0	0	0	0	0	4014	3378	7240	5242	0	118	152	166	1856	3308	3840	2470	3922	2050	978	1538	0	0	0	0	176	4122	0	4538	2608	106	
65228	Vermis_8	0	0	0	0	0	0	0	0	0	0	0	0	0	0	0	0	0	0	0	0	0	0	0	0	0	0	0	0	0	0	0	0	0	0	0	0	0	0	0	0	0	0	0	0	0	0	210	0	0	0	0	0	0	0	0	0	0	0	0	0	0	0	0	0	0	0	0	0	0	0	0	0	0	0	0	0	0	0	0	0	0	0	0	0	0	0	0	0	0	0	544	636	2172	2468	0	172	252	0	236	514	1566	2632	3296	3390	1380	2220	0	0	0	0	382	1744	4538	0	3874	388	
45644	Vermis_9	0	0	0	0	0	0	0	0	0	0	0	0	0	0	0	0	0	0	0	0	0	0	0	0	0	0	0	0	0	0	0	0	0	0	0	0	0	0	0	0	0	0	0	0	0	0	612	0	0	0	0	0	0	0	212	0	0	0	0	0	0	0	0	0	0	0	0	0	0	0	0	0	0	0	0	0	0	0	0	0	0	0	0	0	0	0	0	0	0	0	568	528	674	802	0	170	668	0	540	408	402	392	934	958	1344	2752	0	0	0	0	1090	2428	2608	3874	0	858	
18068	Vermis_10	0	0	0	0	0	0	0	0	0	0	0	0	0	0	0	0	0	0	0	0	0	0	0	0	0	0	0	0	0	0	0	0	0	0	0	0	0	0	0	0	0	0	0	0	0	0	738	0	0	0	0	0	0	0	334	0	0	0	0	0	0	0	0	0	0	0	0	0	0	0	0	0	0	0	0	0	0	0	0	0	0	0	0	0	0	0	0	0	0	0	188	0	0	0	0	0	974	0	606	0	0	0	0	104	498	1200	0	0	0	0	1444	1596	106	388	858	0	
