data	data	367616	185036	970392	690972	104092	57872	542280	357204	80100	63272	339268	174664	312400	133768	198060	207056	323360	107388	784920	647304	58248	78568	413844	324060	24544	73936	62416	78272	733228	356156	265776	365960	222220	563708	115120	117316	288348	320936	98944	220296	37824	66044	264008	316664	223080	278588	370980	409764	199240	251448	423804	199872	151644	98144	377476	543128	230736	167728	124560	110664	220488	110168	130228	98212	159468	118456	289132	384456	152316	185104	195828	442440	349960	412124	59372	67760	174672	215028	62672	31772	311384	159032	116084	84236	323684	243444	18104	24332	242012	255764	555180	402176	340652	362936	77272	89960	322880	290688	546552	426204	298096	198520	338640	283720	194732	147908	19692	16064	41376	75592	265896	258904	266724	144068	122696	39784	
data	data	Precentral_L	Precentral_R	Frontal_Sup_L	Frontal_Sup_R	Frontal_Sup_Orb_L	Frontal_Sup_Orb_R	Frontal_Mid_L	Frontal_Mid_R	Frontal_Mid_Orb_L	Frontal_Mid_Orb_R	Frontal_Inf_Oper_L	Frontal_Inf_Oper_R	Frontal_Inf_Tri_L	Frontal_Inf_Tri_R	Frontal_Inf_Orb_L	Frontal_Inf_Orb_R	Rolandic_Oper_L	Rolandic_Oper_R	Supp_Motor_Area_L	Supp_Motor_Area_R	Olfactory_L	Olfactory_R	Frontal_Sup_Medial_L	Frontal_Sup_Medial_R	Frontal_Med_Orb_L	Frontal_Med_Orb_R	Rectus_L	Rectus_R	Insula_L	Insula_R	Cingulum_Ant_L	Cingulum_Ant_R	Cingulum_Mid_L	Cingulum_Mid_R	Cingulum_Post_L	Cingulum_Post_R	Hippocampus_L	Hippocampus_R	ParaHippocampal_L	ParaHippocampal_R	Amygdala_L	Amygdala_R	Calcarine_L	Calcarine_R	Cuneus_L	Cuneus_R	Lingual_L	Lingual_R	Occipital_Sup_L	Occipital_Sup_R	Occipital_Mid_L	Occipital_Mid_R	Occipital_Inf_L	Occipital_Inf_R	Fusiform_L	Fusiform_R	Postcentral_L	Postcentral_R	Parietal_Sup_L	Parietal_Sup_R	Parietal_Inf_L	Parietal_Inf_R	SupraMarginal_L	SupraMarginal_R	Angular_L	Angular_R	Precuneus_L	Precuneus_R	Paracentral_Lobule_L	Paracentral_Lobule_R	Caudate_L	Caudate_R	Putamen_L	Putamen_R	Pallidum_L	Pallidum_R	Thalamus_L	Thalamus_R	Heschl_L	Heschl_R	Temporal_Sup_L	Temporal_Sup_R	Temporal_Pole_Sup_L	Temporal_Pole_Sup_R	Temporal_Mid_L	Temporal_Mid_R	Temporal_Pole_Mid_L	Temporal_Pole_Mid_R	Temporal_Inf_L	Temporal_Inf_R	Cerebelum_Crus1_L	Cerebelum_Crus1_R	Cerebelum_Crus2_L	Cerebelum_Crus2_R	Cerebelum_3_L	Cerebelum_3_R	Cerebelum_4_5_L	Cerebelum_4_5_R	Cerebelum_6_L	Cerebelum_6_R	Cerebelum_7b_L	Cerebelum_7b_R	Cerebelum_8_L	Cerebelum_8_R	Cerebelum_9_L	Cerebelum_9_R	Cerebelum_10_L	Cerebelum_10_R	Vermis_1_2	Vermis_3	Vermis_4_5	Vermis_6	Vermis_7	Vermis_8	Vermis_9	Vermis_10	
367616	Precentral_L	0	0	18330	0	0	0	31912	0	0	0	15664	0	2322	0	0	0	15426	0	11086	204	0	0	0	0	0	0	0	0	14708	0	0	0	86	148	0	0	4670	0	0	0	0	0	0	0	0	0	0	0	0	0	0	0	0	0	0	0	28552	0	0	0	6660	0	1764	0	180	0	100	0	9924	186	848	578	3980	0	1852	0	7464	598	2188	0	4112	0	0	0	158	0	0	0	108	0	0	0	0	0	0	0	0	0	0	0	0	0	0	0	0	0	0	0	0	0	0	0	0	0	0	0	
185036	Precentral_R	0	0	0	7974	0	0	0	17106	0	0	0	13248	0	504	0	0	0	2552	0	4276	0	0	0	0	0	0	0	0	0	3890	0	0	0	758	102	158	0	4714	0	528	0	0	0	0	0	366	0	140	0	0	0	0	0	0	0	662	0	15528	0	218	0	1156	0	3436	0	0	0	706	130	3000	0	0	0	5146	0	166	0	4148	0	188	0	1416	0	0	0	156	0	0	0	146	0	0	0	0	0	0	0	0	0	0	0	0	0	0	0	0	0	0	0	0	0	0	0	0	0	0	
970392	Frontal_Sup_L	18330	0	0	3294	7746	0	67390	770	3020	148	23408	0	17494	1298	8942	4352	17578	0	84580	5102	0	0	39754	6986	846	0	192	0	51956	0	11998	5354	5232	5012	228	0	8592	118	466	0	106	0	0	0	0	0	0	0	0	0	0	0	0	0	1842	0	2120	0	0	0	470	0	172	0	0	0	0	0	2970	182	5378	8420	25362	360	4588	152	17108	666	292	0	7912	0	5208	0	244	0	0	0	1364	0	0	0	0	0	0	0	0	0	94	0	0	0	0	0	0	0	0	0	0	0	0	0	0	0	0	0	
690972	Frontal_Sup_R	0	7974	3294	0	0	4860	854	45480	0	3262	122	9010	494	5014	240	6366	0	4814	5400	57522	0	266	11134	34588	92	4318	0	1908	870	14044	4938	23024	1128	23620	0	0	0	6510	0	1332	0	130	0	0	0	0	0	0	0	0	0	0	0	0	0	1022	0	358	0	0	0	0	0	0	0	0	0	0	0	222	718	14708	228	29010	0	6396	0	7744	0	198	0	934	110	1128	0	0	0	0	0	0	0	0	0	0	0	0	0	0	0	102	0	0	0	0	0	0	0	0	0	0	0	0	0	0	0	0	
104092	Frontal_Sup_Orb_L	0	0	7746	0	0	0	2362	0	10246	0	0	0	908	0	9324	0	0	0	0	0	1142	240	2588	202	2056	0	4298	0	2096	0	3484	202	0	0	0	0	0	0	152	0	310	0	0	0	0	0	0	0	0	0	0	0	0	0	0	0	0	0	0	0	0	0	0	0	0	0	0	0	0	0	590	174	3704	0	0	0	0	0	0	0	0	0	222	0	0	0	0	0	0	0	0	0	0	0	0	0	0	0	0	0	0	0	0	0	0	0	0	0	0	0	0	0	0	0	0	0	
57872	Frontal_Sup_Orb_R	0	0	0	4860	0	0	0	418	0	2762	0	0	0	0	0	880	0	0	0	0	0	760	132	2522	162	6168	0	6736	0	196	0	368	0	0	0	0	0	0	0	0	0	0	0	0	0	0	0	0	0	0	0	0	0	0	0	0	0	0	0	0	0	0	0	0	0	0	0	0	0	0	0	1172	0	1800	0	0	0	0	0	0	0	0	0	0	0	0	0	0	0	0	0	0	0	0	0	0	0	0	0	0	0	0	0	0	0	0	0	0	0	0	0	0	0	0	0	0	
542280	Frontal_Mid_L	31912	0	67390	854	2362	0	0	0	3366	0	19688	0	32876	0	8682	0	10986	0	11906	298	0	0	16064	1822	0	0	0	0	31546	0	2918	1184	868	1170	0	0	4292	0	86	0	0	0	0	0	0	0	0	0	0	0	0	0	0	0	0	0	4054	0	0	0	1322	0	472	0	0	0	0	0	404	0	1398	310	5044	0	1134	0	2438	0	642	0	2954	0	698	0	0	0	0	0	0	0	0	0	0	0	0	0	0	0	0	0	0	0	0	0	0	0	0	0	0	0	0	0	0	0	0	0	
357204	Frontal_Mid_R	0	17106	770	45480	0	418	0	0	0	2682	158	16204	144	16390	0	7428	0	3798	884	7256	0	0	1392	2680	0	0	0	112	256	10418	454	2504	114	3132	0	0	0	7978	0	1156	0	0	0	0	0	0	0	0	0	0	0	0	0	0	0	998	0	1176	0	0	0	0	0	240	0	0	0	0	0	152	244	4002	118	16996	0	1496	0	2576	0	234	0	774	0	576	0	0	0	0	0	0	0	0	0	0	0	0	0	0	0	106	0	0	0	0	0	0	0	0	0	0	0	0	0	0	0	0	
80100	Frontal_Mid_Orb_L	0	0	3020	0	10246	0	3366	0	0	0	0	0	1736	0	14034	0	0	0	0	0	266	0	0	0	0	0	568	0	2588	0	0	0	0	0	0	0	0	0	0	0	104	0	0	0	0	0	0	0	0	0	0	0	0	0	0	0	0	0	0	0	0	0	0	0	0	0	0	0	0	0	126	0	3638	0	0	0	0	0	0	0	0	0	358	0	0	0	0	0	0	0	0	0	0	0	0	0	0	0	0	0	0	0	0	0	0	0	0	0	0	0	0	0	0	0	0	0	
63272	Frontal_Mid_Orb_R	0	0	148	3262	0	2762	0	2682	0	0	0	0	98	1000	0	9090	0	0	160	1326	0	0	346	320	0	412	0	836	112	1790	162	528	88	916	0	0	0	132	0	0	0	0	0	0	0	0	0	0	0	0	0	0	0	0	0	0	0	0	0	0	0	0	0	0	0	0	0	0	0	0	0	1936	0	3318	0	212	0	0	0	0	0	0	0	0	0	0	0	0	0	0	0	0	0	0	0	0	0	0	0	0	0	0	0	0	0	0	0	0	0	0	0	0	0	0	0	0	
339268	Frontal_Inf_Oper_L	15664	0	23408	122	0	0	19688	158	0	0	0	0	18150	314	1828	924	20088	0	20826	124	0	0	160	0	0	0	0	0	25006	0	98	0	0	88	0	0	612	0	0	0	0	0	0	0	0	0	0	0	0	0	0	0	0	0	156	0	2400	0	0	0	0	0	0	0	0	0	0	0	0	0	384	2454	1716	0	0	0	152	258	456	0	8270	0	6130	0	0	0	0	0	0	0	0	0	0	0	0	0	0	0	0	0	0	0	0	0	0	0	0	0	0	0	0	0	0	0	0	0	
174664	Frontal_Inf_Oper_R	0	13248	0	9010	0	0	0	16204	0	0	0	0	0	6048	0	304	0	6750	304	4758	0	0	136	210	0	0	0	0	0	12378	0	128	0	2034	0	0	0	2382	0	528	0	0	0	0	0	0	0	0	0	0	0	0	0	0	0	426	0	4002	0	0	0	0	0	290	0	0	0	0	0	132	0	260	0	5152	0	106	0	1132	0	132	0	234	0	1044	0	0	0	0	0	0	0	0	0	0	0	0	0	0	0	0	0	0	0	0	0	0	0	0	0	0	0	0	0	0	0	0	
312400	Frontal_Inf_Tri_L	2322	0	17494	494	908	0	32876	144	1736	98	18150	0	0	342	16350	1390	970	0	8522	306	0	0	2710	822	0	0	0	0	28206	0	3578	1070	690	804	0	0	0	0	0	0	0	0	0	0	0	0	0	0	0	0	0	0	0	0	0	0	0	0	0	0	0	0	0	0	0	0	0	0	0	0	4076	3982	4518	0	0	0	0	460	0	0	766	0	2416	0	0	0	0	0	0	0	0	0	0	0	0	0	0	0	0	0	0	0	0	0	0	0	0	0	0	0	0	0	0	0	0	0	
133768	Frontal_Inf_Tri_R	0	504	1298	5014	0	0	0	16390	0	1000	314	6048	342	0	0	8962	0	234	1610	3180	0	0	444	276	0	0	0	0	586	7272	392	1088	0	1870	0	0	0	0	0	0	0	0	0	0	0	0	0	0	0	0	0	0	0	0	0	0	0	126	0	0	0	0	0	0	0	0	0	0	0	0	444	6638	318	2384	0	150	0	0	0	0	0	0	0	0	0	0	0	0	0	0	0	0	0	0	0	0	0	0	0	0	0	0	0	0	0	0	0	0	0	0	0	0	0	0	0	0	
198060	Frontal_Inf_Orb_L	0	0	8942	240	9324	0	8682	0	14034	0	1828	0	16350	0	0	378	120	0	2364	92	1762	0	1540	372	0	0	558	0	15258	0	1614	484	558	400	0	0	106	0	196	0	468	0	0	0	0	0	0	0	0	0	0	0	0	0	0	0	0	0	0	0	0	0	0	0	0	0	0	0	0	0	1576	994	7824	0	0	0	0	0	0	0	170	0	2796	0	0	0	0	0	0	0	0	0	0	0	0	0	0	0	0	0	0	0	0	0	0	0	0	0	0	0	0	0	0	0	0	0	
207056	Frontal_Inf_Orb_R	0	0	4352	6366	0	880	0	7428	0	9090	924	304	1390	8962	378	0	0	232	4750	5698	0	654	786	518	0	0	0	500	1784	8544	1030	2058	220	2064	0	0	0	300	0	348	0	570	0	0	0	0	0	0	0	0	0	0	0	0	0	938	0	0	0	0	0	0	0	0	0	0	0	0	0	0	1802	17646	1116	7524	0	480	0	0	0	0	90	0	332	2490	0	250	0	0	0	730	0	0	0	0	0	0	0	0	0	0	0	0	0	0	0	0	0	0	0	0	0	0	0	0	0	0	
323360	Rolandic_Oper_L	15426	0	17578	0	0	0	10986	0	0	0	20088	0	970	0	120	0	0	0	14870	0	0	0	0	0	0	0	0	0	21382	0	0	0	128	0	128	0	2172	0	0	0	0	0	180	0	238	0	0	0	0	0	2230	0	200	0	458	0	8310	0	1216	0	968	0	2544	0	1366	0	550	0	960	0	0	114	2228	0	0	0	894	0	5996	0	16996	0	3360	0	5860	0	0	0	3164	0	0	0	0	0	0	0	0	0	0	0	0	0	0	0	0	0	0	0	0	0	0	0	0	0	0	0	
107388	Rolandic_Oper_R	0	2552	0	4814	0	0	0	3798	0	0	0	6750	0	234	0	232	0	0	0	2044	0	0	0	0	0	0	0	0	0	11500	0	0	0	246	0	0	0	518	0	0	0	0	0	0	0	0	0	0	0	0	0	0	0	0	0	154	0	4342	0	130	0	350	0	3318	0	0	0	0	0	454	0	0	0	2504	0	0	0	98	0	2816	0	4940	0	1722	0	178	0	0	0	0	0	0	0	0	0	0	0	0	0	0	0	0	0	0	0	0	0	0	0	0	0	0	0	0	0	0	
784920	Supp_Motor_Area_L	11086	0	84580	5400	0	0	11906	884	0	160	20826	304	8522	1610	2364	4750	14870	0	0	21948	0	0	7652	1418	0	0	0	0	36502	1100	2576	3270	13348	18540	890	86	6702	264	386	0	0	0	0	0	0	0	0	0	0	0	0	0	0	0	1774	112	1108	118	0	0	0	0	0	0	0	0	376	102	7768	3412	8846	21892	23158	884	7192	294	11980	7386	170	0	7210	0	5036	0	202	0	0	0	1308	100	0	0	0	0	0	0	0	0	88	0	0	0	0	0	0	0	0	0	0	0	0	0	0	0	0	0	
647304	Supp_Motor_Area_R	204	4276	5102	57522	0	0	298	7256	0	1326	124	4758	306	3180	92	5698	0	2044	21948	0	0	132	2476	5124	0	0	0	0	654	11142	1798	3990	5752	49508	470	870	0	8552	0	1440	0	156	0	0	0	0	0	136	0	0	0	0	0	0	0	4964	0	2478	0	0	0	0	0	0	0	0	438	896	5138	23568	1516	21342	826	20944	90	5700	1290	19656	0	224	0	1024	112	584	0	1164	0	0	0	5364	0	0	0	0	0	0	0	0	0	0	0	0	0	0	0	0	0	0	0	0	0	0	0	0	0	0	
58248	Olfactory_L	0	0	0	0	1142	0	0	0	266	0	0	0	0	0	1762	0	0	0	0	0	0	4024	0	0	178	112	3846	1594	2158	0	1892	1510	0	0	0	0	176	0	528	0	826	0	0	0	0	0	0	0	0	0	0	0	0	0	0	0	0	0	0	0	0	0	0	0	0	0	0	0	0	0	4310	2650	1694	0	0	0	0	0	0	0	0	0	456	0	0	0	0	0	0	0	0	0	0	0	0	0	0	0	0	0	0	0	0	0	0	0	0	0	0	0	0	0	0	0	0	0	
78568	Olfactory_R	0	0	0	266	240	760	0	0	0	0	0	0	0	0	0	654	0	0	0	132	4024	0	0	0	126	1222	3732	4136	0	2180	1966	2882	0	0	0	0	0	554	0	322	0	1500	0	0	0	0	0	0	0	0	0	0	0	0	0	0	0	0	0	0	0	0	0	0	0	0	0	0	0	0	5700	5936	2154	194	0	0	0	342	0	0	0	0	0	262	0	0	0	0	0	0	0	0	0	0	0	0	0	0	0	0	0	0	0	0	0	0	0	0	0	0	0	0	0	0	0	0	
413844	Frontal_Sup_Medial_L	0	0	39754	11134	2588	132	16064	1392	0	346	160	136	2710	444	1540	786	0	0	7652	2476	0	0	0	25344	1782	838	0	248	6728	942	22386	24178	7858	20544	0	0	0	0	0	0	0	0	0	0	0	0	0	0	0	0	0	0	0	0	0	0	0	0	0	0	0	0	0	0	0	0	0	0	0	0	2248	1636	2350	2206	0	320	0	0	0	0	0	0	0	0	0	0	0	0	0	0	0	0	0	0	0	0	0	0	0	0	0	0	0	0	0	0	0	0	0	0	0	0	0	0	0	0	
324060	Frontal_Sup_Medial_R	0	0	6986	34588	202	2522	1822	2680	0	320	0	210	822	276	372	518	0	0	1418	5124	0	0	25344	0	898	6020	0	1576	1474	1028	8882	28598	1706	19536	0	0	0	0	0	0	0	0	0	0	0	0	0	0	0	0	0	0	0	0	0	0	0	0	0	0	0	0	0	0	0	0	0	0	0	0	868	2890	582	4534	0	234	0	0	0	0	0	0	0	0	0	0	0	0	0	0	0	0	0	0	0	0	0	0	0	0	0	0	0	0	0	0	0	0	0	0	0	0	0	0	0	0	
24544	Frontal_Med_Orb_L	0	0	846	92	2056	162	0	0	0	0	0	0	0	0	0	0	0	0	0	0	178	126	1782	898	0	682	1356	110	0	0	2982	664	0	0	0	0	0	0	0	0	0	0	0	0	0	0	0	0	0	0	0	0	0	0	0	0	0	0	0	0	0	0	0	0	0	0	0	0	0	0	204	0	134	0	0	0	0	0	0	0	0	0	0	0	0	0	0	0	0	0	0	0	0	0	0	0	0	0	0	0	0	0	0	0	0	0	0	0	0	0	0	0	0	0	0	0	
73936	Frontal_Med_Orb_R	0	0	0	4318	0	6168	0	0	0	412	0	0	0	0	0	0	0	0	0	0	112	1222	838	6020	682	0	216	7288	0	0	488	3790	0	0	0	0	0	0	0	0	0	0	0	0	0	0	0	0	0	0	0	0	0	0	0	0	0	0	0	0	0	0	0	0	0	0	0	0	0	0	0	2602	0	2812	0	0	0	0	0	0	0	0	0	0	0	0	0	0	0	0	0	0	0	0	0	0	0	0	0	0	0	0	0	0	0	0	0	0	0	0	0	0	0	0	0	0	
62416	Rectus_L	0	0	192	0	4298	0	0	0	568	0	0	0	0	0	558	0	0	0	0	0	3846	3732	0	0	1356	216	0	1676	188	0	4028	1598	0	0	0	0	0	0	0	0	126	0	0	0	0	0	0	0	0	0	0	0	0	0	0	0	0	0	0	0	0	0	0	0	0	0	0	0	0	0	4132	2640	2054	0	0	0	0	0	0	0	0	0	0	0	0	0	0	0	0	0	0	0	0	0	0	0	0	0	0	0	0	0	0	0	0	0	0	0	0	0	0	0	0	0	0	0	
78272	Rectus_R	0	0	0	1908	0	6736	0	112	0	836	0	0	0	0	0	500	0	0	0	0	1594	4136	248	1576	110	7288	1676	0	0	358	1540	3996	0	0	0	0	0	0	0	0	0	0	0	0	0	0	0	0	0	0	0	0	0	0	0	0	0	0	0	0	0	0	0	0	0	0	0	0	0	0	1378	3804	402	938	0	0	0	0	0	0	0	0	0	0	0	0	0	0	0	0	0	0	0	0	0	0	0	0	0	0	0	0	0	0	0	0	0	0	0	0	0	0	0	0	0	0	
733228	Insula_L	14708	0	51956	870	2096	0	31546	256	2588	112	25006	0	28206	586	15258	1784	21382	0	36502	654	2158	0	6728	1474	0	0	188	0	0	0	3778	1282	768	974	0	0	19612	0	1236	0	2810	0	0	0	0	0	0	0	0	0	1458	0	88	0	5776	0	4552	0	1166	0	1898	0	990	0	2258	0	180	0	1804	0	5012	5464	20224	0	0	0	2552	684	5254	0	14002	0	8748	0	3468	0	0	0	6242	0	0	0	0	0	0	0	184	0	92	0	0	0	0	0	0	0	0	0	0	0	0	0	0	0	0	0	
356156	Insula_R	0	3890	0	14044	0	196	0	10418	0	1790	0	12378	0	7272	0	8544	0	11500	1100	11142	0	2180	942	1028	0	0	0	358	0	0	200	868	0	6396	0	0	0	12442	0	4522	0	2730	0	0	0	0	0	0	0	0	0	0	0	194	0	7618	0	1250	0	150	0	960	0	798	0	0	0	260	0	950	0	1180	0	25880	0	478	0	2804	0	2078	0	8142	0	5176	0	2076	0	106	0	3466	0	0	0	0	0	0	0	0	0	572	0	0	0	0	0	0	0	0	0	0	0	0	0	0	0	0	
265776	Cingulum_Ant_L	0	0	11998	4938	3484	0	2918	454	0	162	98	0	3578	392	1614	1030	0	0	2576	1798	1892	1966	22386	8882	2982	488	4028	1540	3778	200	0	20462	6332	7998	0	0	0	0	0	0	0	0	0	0	0	0	0	0	0	0	0	0	0	0	0	0	0	0	0	0	0	0	0	0	0	0	0	0	0	0	7512	3422	3114	700	0	166	0	0	0	0	0	0	0	0	0	0	0	0	0	0	0	0	0	0	0	0	0	0	0	0	0	0	0	0	0	0	0	0	0	0	0	0	0	0	0	0	
365960	Cingulum_Ant_R	0	0	5354	23024	202	368	1184	2504	0	528	0	128	1070	1088	484	2058	0	0	3270	3990	1510	2882	24178	28598	664	3790	1598	3996	1282	868	20462	0	3816	25344	0	0	0	0	0	0	0	0	0	0	0	0	0	0	0	0	0	0	0	0	0	0	0	0	0	0	0	0	0	0	0	0	0	0	0	0	3284	8698	1182	4858	0	718	0	0	0	0	0	0	0	0	0	0	0	0	0	0	0	0	0	0	0	0	0	0	0	0	0	0	0	0	0	0	0	0	0	0	0	0	0	0	0	0	
222220	Cingulum_Mid_L	86	0	5232	1128	0	0	868	114	0	88	0	0	690	0	558	220	128	0	13348	5752	0	0	7858	1706	0	0	0	0	768	0	6332	3816	0	13138	6258	454	124	0	0	0	0	0	548	0	1454	0	0	0	2384	0	5060	0	516	0	112	0	1174	0	2952	0	2516	0	0	0	1320	0	11836	962	4702	2654	222	1550	0	152	0	0	0	798	0	0	132	0	0	0	1400	0	0	0	0	0	0	0	0	0	0	0	0	0	0	0	0	0	0	0	0	0	0	0	0	0	0	0	0	0	0	0	
563708	Cingulum_Mid_R	148	758	5012	23620	0	0	1170	3132	0	916	88	2034	804	1870	400	2064	0	246	18540	49508	0	0	20544	19536	0	0	0	0	974	6396	7998	25344	13138	0	1694	4402	0	1706	0	286	0	0	0	260	0	1178	0	246	0	444	132	226	0	0	0	3310	0	3004	0	0	0	0	0	0	0	0	2948	8008	4368	18750	1008	6860	264	5850	0	428	768	5114	0	0	0	760	100	252	122	1082	0	0	0	4044	0	0	0	0	0	0	0	0	0	0	0	0	0	0	0	0	0	0	0	0	0	0	0	0	0	0	
115120	Cingulum_Post_L	0	102	228	0	0	0	0	0	0	0	0	0	0	0	0	0	128	0	890	470	0	0	0	0	0	0	0	0	0	0	0	0	6258	1694	0	6236	3752	820	884	148	0	0	4650	214	2666	360	1012	152	2106	0	2202	0	0	0	0	992	308	218	1330	0	252	0	0	0	0	0	11294	1964	1874	864	0	0	0	0	0	0	666	116	0	0	0	0	0	0	1368	376	0	0	0	966	0	0	0	0	0	0	0	0	0	0	0	0	0	0	0	0	0	0	0	0	0	0	0	0	0	0	
117316	Cingulum_Post_R	0	158	0	0	0	0	0	0	0	0	0	0	0	0	0	0	0	0	86	870	0	0	0	0	0	0	0	0	0	0	0	0	454	4402	6236	0	1038	1608	0	700	0	0	298	4552	1110	2910	0	2084	0	1038	0	148	0	206	0	3856	0	538	0	142	0	0	0	0	0	104	1848	14282	326	1704	0	0	0	0	0	0	912	216	0	0	0	90	0	0	0	2584	0	0	0	3340	0	122	0	0	0	0	0	262	0	156	0	0	0	0	0	0	0	0	0	0	278	0	0	0	0	0	
288348	Hippocampus_L	4670	0	8592	0	0	0	4292	0	0	0	612	0	0	0	106	0	2172	0	6702	0	176	0	0	0	0	0	0	0	19612	0	0	0	124	0	3752	1038	0	790	12790	540	6798	0	3454	0	494	0	3296	422	192	0	1134	0	0	0	13906	336	1156	0	0	0	240	0	478	0	106	0	3986	696	1286	0	0	108	13158	0	2838	0	7148	288	2408	0	2940	0	912	0	1890	0	0	0	6914	0	258	0	0	0	0	0	886	0	478	0	0	0	0	0	0	0	0	0	0	0	0	0	0	0	0	0	
320936	Hippocampus_R	0	4714	118	6510	0	0	0	7978	0	132	0	2382	0	0	0	300	0	518	264	8552	0	554	0	0	0	0	0	0	0	12442	0	0	0	1706	820	1608	790	0	162	25420	0	10252	0	434	0	116	0	1172	0	0	0	0	0	368	0	24854	0	642	0	152	0	722	0	266	0	0	0	1754	236	2334	0	364	0	19528	0	2462	994	9244	0	484	0	1462	0	390	0	674	0	0	0	4338	0	106	0	0	0	0	0	884	0	1114	0	0	0	0	0	0	0	0	0	0	152	0	0	0	0	0	
98944	ParaHippocampal_L	0	0	466	0	152	0	86	0	0	0	0	0	0	0	196	0	0	0	386	0	528	0	0	0	0	0	0	0	1236	0	0	0	0	0	884	0	12790	162	0	220	2396	0	1838	0	244	0	6568	748	108	0	412	0	178	0	7722	122	0	0	0	0	0	0	0	0	0	0	2680	112	214	0	0	0	1610	0	0	0	1228	86	0	0	0	0	672	0	0	0	292	0	752	0	762	0	0	0	352	142	1806	0	992	0	0	0	0	0	0	0	0	0	0	330	0	0	0	0	0	0	
220296	ParaHippocampal_R	0	528	0	1332	0	0	0	1156	0	0	0	528	0	0	0	348	0	0	0	1440	0	322	0	0	0	0	0	0	0	4522	0	0	0	286	148	700	540	25420	220	0	0	8134	0	322	0	0	0	7390	0	0	0	0	0	346	0	27652	0	148	0	0	0	0	0	0	0	0	0	2092	0	218	0	128	0	5758	0	1176	936	1918	0	182	0	234	0	2444	0	156	0	836	0	1282	0	1662	0	238	0	196	0	5046	0	3640	0	98	0	150	0	0	0	0	0	0	276	0	0	0	0	0	
37824	Amygdala_L	0	0	106	0	310	0	0	0	104	0	0	0	0	0	468	0	0	0	0	0	826	0	0	0	0	0	126	0	2810	0	0	0	0	0	0	0	6798	0	2396	0	0	0	0	0	0	0	0	0	0	0	0	0	0	0	2030	0	0	0	0	0	0	0	0	0	0	0	0	0	0	0	0	0	1182	0	0	0	0	0	0	0	0	0	614	0	162	0	0	0	980	0	0	0	0	0	0	0	0	0	0	0	0	0	0	0	0	0	0	0	0	0	0	0	0	0	0	0	
66044	Amygdala_R	0	0	0	130	0	0	0	0	0	0	0	0	0	0	0	570	0	0	0	156	0	1500	0	0	0	0	0	0	0	2730	0	0	0	0	0	0	0	10252	0	8134	0	0	0	0	0	0	0	0	0	0	0	0	0	0	0	5092	0	0	0	0	0	0	0	0	0	0	0	0	0	0	0	0	0	1064	0	0	0	450	0	0	0	0	0	2030	0	0	0	116	0	574	0	0	0	0	0	0	0	224	0	0	0	0	0	0	0	0	0	0	0	0	0	0	0	0	0	0	
264008	Calcarine_L	0	0	0	0	0	0	0	0	0	0	0	0	0	0	0	0	180	0	0	0	0	0	0	0	0	0	0	0	0	0	0	0	548	0	4650	298	3454	0	1838	0	0	0	0	10334	19898	4654	19944	5456	15606	1994	16646	950	2964	442	710	574	118	0	104	0	0	0	0	0	96	0	15016	1636	382	0	0	0	0	0	0	0	0	0	124	0	116	0	0	0	2672	0	0	0	106	0	0	0	0	0	0	0	0	0	260	0	0	0	0	0	0	0	0	0	0	0	0	234	0	0	0	0	
316664	Calcarine_R	0	0	0	0	0	0	0	0	0	0	0	0	0	0	0	0	0	0	0	0	0	0	0	0	0	0	0	0	0	0	0	0	0	260	214	4552	0	434	0	322	0	0	10334	0	5856	23738	4024	29722	712	16230	210	9908	0	9548	0	8918	0	1110	0	1244	0	422	0	0	0	216	822	22264	0	812	0	0	0	0	0	0	0	0	0	0	0	102	0	0	0	3570	0	0	0	2000	0	0	0	0	0	0	0	0	0	204	0	0	0	0	0	0	0	0	0	0	310	274	0	0	0	0	
223080	Cuneus_L	0	0	0	0	0	0	0	0	0	0	0	0	0	0	0	0	238	0	0	0	0	0	0	0	0	0	0	0	0	0	0	0	1454	0	2666	1110	494	0	244	0	0	0	19898	5856	0	9524	3712	898	22226	490	11986	172	1136	0	296	128	184	0	1132	0	298	0	0	0	708	0	16974	4670	256	0	0	0	0	0	0	0	0	0	178	0	196	0	0	0	3832	224	0	0	144	86	0	0	0	0	0	0	0	0	0	0	0	0	0	0	0	0	0	0	0	0	130	0	0	0	0	0	
278588	Cuneus_R	0	366	0	0	0	0	0	0	0	0	0	0	0	0	0	0	0	0	0	0	0	0	0	0	0	0	0	0	0	0	0	0	0	1178	360	2910	0	116	0	0	0	0	4654	23738	9524	0	1032	7390	706	27322	130	10438	0	816	0	4036	0	3062	0	3484	0	544	0	0	0	410	3890	28878	0	1558	0	0	0	0	0	0	0	0	0	0	0	326	0	0	0	2006	0	0	0	282	0	0	0	0	0	0	0	0	0	0	0	0	0	0	0	0	0	0	0	0	138	0	0	0	0	0	
370980	Lingual_L	0	0	0	0	0	0	0	0	0	0	0	0	0	0	0	0	0	0	0	0	0	0	0	0	0	0	0	0	0	0	0	0	0	0	1012	0	3296	0	6568	0	0	0	19944	4024	3712	1032	0	7292	5068	536	21438	172	11168	112	22516	1236	0	0	0	0	0	0	0	0	0	0	4162	104	214	0	0	0	0	0	0	0	480	0	0	0	0	0	0	0	406	0	0	0	1086	0	10312	1344	2368	454	310	346	13686	4128	20226	3082	426	128	344	110	178	88	0	0	344	380	6584	3476	1326	0	0	272	
409764	Lingual_R	0	140	0	0	0	0	0	0	0	0	0	0	0	0	0	0	0	0	0	136	0	0	0	0	0	0	0	0	0	0	0	0	0	246	152	2084	422	1172	748	7390	0	0	5456	29722	898	7390	7292	0	272	6898	218	4482	248	9782	1434	31276	0	1578	0	948	0	316	0	0	0	312	180	13570	0	652	0	0	0	0	0	0	170	238	0	0	0	124	0	0	0	3810	0	0	0	1372	1754	5352	418	1034	232	470	4550	13256	5520	11522	286	230	208	272	488	102	0	0	212	270	8884	7118	1130	0	208	238	
199240	Occipital_Sup_L	0	0	0	0	0	0	0	0	0	0	0	0	0	0	0	0	0	0	0	0	0	0	0	0	0	0	0	0	0	0	0	0	2384	0	2106	0	192	0	108	0	0	0	15606	712	22226	706	5068	272	0	0	26040	0	2016	0	386	0	224	0	6416	0	1130	0	0	0	258	0	12256	250	344	0	0	0	0	0	0	0	0	0	0	0	0	0	0	0	920	0	0	0	0	0	0	0	0	0	0	0	0	0	0	0	0	0	0	0	0	0	0	0	0	0	0	0	0	0	0	0	
251448	Occipital_Sup_R	0	0	0	0	0	0	0	0	0	0	0	0	0	0	0	0	0	0	0	0	0	0	0	0	0	0	0	0	0	0	0	0	0	444	0	1038	0	0	0	0	0	0	1994	16230	490	27322	536	6898	0	0	0	25694	0	1750	0	3486	0	630	0	9472	0	2782	0	0	0	6744	542	15176	0	206	0	0	0	0	0	0	0	0	0	0	0	714	0	0	0	3020	0	0	0	448	0	0	0	0	0	0	0	0	0	0	0	0	0	0	0	0	0	0	0	0	0	108	0	0	0	0	
423804	Occipital_Mid_L	0	0	0	0	0	0	0	0	0	0	0	0	0	0	0	0	2230	0	0	0	0	0	0	0	0	0	0	0	1458	0	0	0	5060	132	2202	0	1134	0	412	0	0	0	16646	210	11986	130	21438	218	26040	0	0	0	26724	0	9608	0	1548	0	8630	0	10788	0	1580	0	15948	0	14154	0	1202	0	0	0	0	0	0	0	0	0	734	0	3248	0	0	0	20572	0	0	0	5418	0	288	0	0	0	0	0	260	0	1382	0	0	0	0	0	0	0	0	0	0	0	154	256	112	0	0	0	
199872	Occipital_Mid_R	0	0	0	0	0	0	0	0	0	0	0	0	0	0	0	0	0	0	0	0	0	0	0	0	0	0	0	0	0	0	0	0	0	226	0	148	0	0	0	0	0	0	950	9908	172	10438	172	4482	0	25694	0	0	0	4508	0	2338	0	0	0	4360	0	3962	0	232	0	13356	174	5420	0	0	0	0	0	0	0	0	0	0	0	0	0	480	0	0	0	12370	0	0	0	546	0	0	0	0	0	0	0	0	0	0	0	0	0	0	0	0	0	0	0	0	0	0	0	0	0	0	
151644	Occipital_Inf_L	0	0	0	0	0	0	0	0	0	0	0	0	0	0	0	0	200	0	0	0	0	0	0	0	0	0	0	0	88	0	0	0	516	0	0	0	0	0	178	0	0	0	2964	0	1136	0	11168	248	2016	0	26724	0	0	0	12288	0	0	0	128	0	232	0	174	0	586	0	1232	0	120	0	0	0	0	0	0	0	0	0	0	0	420	0	0	0	5142	0	0	0	4698	0	1088	86	0	0	0	0	860	216	2580	178	0	0	0	0	0	0	0	0	0	0	358	198	0	0	0	0	
98144	Occipital_Inf_R	0	0	0	0	0	0	0	0	0	0	0	0	0	0	0	0	0	0	0	0	0	0	0	0	0	0	0	0	0	194	0	0	0	0	0	206	0	368	0	346	0	0	442	9548	0	816	112	9782	0	1750	0	4508	0	0	0	9416	0	0	0	0	0	0	0	0	0	0	0	2372	0	0	0	0	0	0	0	0	0	148	0	0	0	108	0	0	0	1680	0	0	0	5054	0	292	0	0	0	0	0	244	0	760	0	0	0	0	0	0	0	0	0	0	248	584	94	0	0	0	
377476	Fusiform_L	0	0	1842	0	0	0	0	0	0	0	156	0	0	0	0	0	458	0	1774	0	0	0	0	0	0	0	0	0	5776	0	0	0	112	0	0	0	13906	0	7722	0	2030	0	710	0	296	0	22516	1434	386	0	9608	0	12288	0	0	458	0	0	0	0	0	0	0	0	230	0	782	0	0	0	0	0	2942	0	0	0	236	0	674	0	3972	0	1266	0	4276	0	1014	0	13984	0	22182	542	2484	216	622	0	13994	1246	28950	1130	924	0	826	0	400	0	92	0	0	0	2622	1274	386	0	0	0	
543128	Fusiform_R	0	662	0	1022	0	0	0	998	0	0	0	426	0	0	0	938	0	154	112	4964	0	0	0	0	0	0	0	0	0	7618	0	0	0	3310	992	3856	336	24854	122	27652	0	5092	574	8918	128	4036	1236	31276	0	3486	0	2338	0	9416	458	0	0	2126	0	1402	0	594	0	0	0	306	196	9140	504	4582	0	112	0	5956	0	626	562	2018	0	934	0	2652	0	5008	0	8908	0	1744	0	29136	294	10598	0	608	0	304	1802	10932	1300	15974	0	148	0	290	326	0	0	0	0	0	4430	2386	438	0	134	120	
230736	Postcentral_L	28552	0	2120	0	0	0	4054	0	0	0	2400	0	0	0	0	0	8310	0	1108	0	0	0	0	0	0	0	0	0	4552	0	0	0	1174	0	308	0	1156	0	0	0	0	0	118	0	184	0	0	0	224	0	1548	0	0	0	0	0	0	0	7764	0	23460	0	10752	0	3366	0	1842	0	3560	0	0	0	612	0	0	0	372	0	1464	0	4192	0	0	0	1634	0	0	0	542	0	0	0	0	0	0	0	0	0	0	0	0	0	0	0	0	0	0	0	0	0	0	0	0	0	0	0	
167728	Postcentral_R	0	15528	0	358	0	0	0	1176	0	0	0	4002	0	126	0	0	0	4342	118	2478	0	0	0	0	0	0	0	0	0	1250	0	0	0	3004	218	538	0	642	0	148	0	0	0	1110	0	3062	0	1578	0	630	0	0	0	0	0	2126	0	0	0	5972	0	5120	0	9786	0	478	0	8172	222	5718	0	0	0	652	0	0	0	146	0	502	0	2628	0	0	0	938	0	0	0	1096	0	0	0	0	0	0	0	0	0	0	0	0	0	0	0	0	0	0	0	0	0	0	0	0	0	0	
124560	Parietal_Sup_L	0	0	0	0	0	0	0	0	0	0	0	0	0	0	0	0	1216	0	0	0	0	0	0	0	0	0	0	0	1166	0	0	0	2952	0	1330	0	0	0	0	0	0	0	104	0	1132	0	0	0	6416	0	8630	0	128	0	0	0	7764	0	0	0	11862	0	974	0	5322	0	10040	200	366	0	0	0	0	0	0	0	0	0	0	0	1590	0	0	0	706	0	0	0	382	0	0	0	0	0	0	0	0	0	0	0	0	0	0	0	0	0	0	0	0	0	0	0	0	0	0	0	
110664	Parietal_Sup_R	0	218	0	0	0	0	0	0	0	0	0	0	0	0	0	0	0	130	0	0	0	0	0	0	0	0	0	0	0	150	0	0	0	0	0	142	0	152	0	0	0	0	0	1244	0	3484	0	948	0	9472	0	4360	0	0	0	1402	0	5972	0	0	0	5982	0	1414	0	5722	114	11578	0	252	0	0	0	0	0	0	0	0	0	0	0	370	0	0	0	908	0	0	0	1318	0	0	0	0	0	0	0	0	0	0	0	0	0	0	0	0	0	0	0	0	0	0	0	0	0	0	
220488	Parietal_Inf_L	6660	0	470	0	0	0	1322	0	0	0	0	0	0	0	0	0	968	0	0	0	0	0	0	0	0	0	0	0	1898	0	0	0	2516	0	252	0	240	0	0	0	0	0	0	0	298	0	0	0	1130	0	10788	0	232	0	0	0	23460	0	11862	0	0	0	15350	0	17660	0	2914	0	340	0	0	0	162	0	0	0	0	0	92	0	3498	0	0	0	6284	0	0	0	1848	0	0	0	0	0	0	0	0	0	0	0	0	0	0	0	0	0	0	0	0	0	0	0	0	0	0	0	
110168	Parietal_Inf_R	0	1156	0	0	0	0	0	0	0	0	0	0	0	0	0	0	0	350	0	0	0	0	0	0	0	0	0	0	0	960	0	0	0	0	0	0	0	722	0	0	0	0	0	422	0	544	0	316	0	2782	0	3962	0	0	0	594	0	5120	0	5982	0	0	0	11980	0	13730	0	2080	0	0	0	0	0	0	0	0	0	0	0	0	0	2314	0	0	0	1810	0	0	0	260	0	0	0	0	0	0	0	0	0	0	0	0	0	0	0	0	0	0	0	0	0	0	0	0	0	0	
130228	SupraMarginal_L	1764	0	172	0	0	0	472	0	0	0	0	0	0	0	0	0	2544	0	0	0	0	0	0	0	0	0	0	0	990	0	0	0	0	0	0	0	478	0	0	0	0	0	0	0	0	0	0	0	0	0	1580	0	174	0	0	0	10752	0	974	0	15350	0	0	0	7460	0	106	0	970	0	0	0	0	0	0	0	0	0	122	0	9956	0	0	0	8690	0	0	0	2560	0	0	0	0	0	0	0	0	0	0	0	0	0	0	0	0	0	0	0	0	0	0	0	0	0	0	0	
98212	SupraMarginal_R	0	3436	0	0	0	0	0	240	0	0	0	290	0	0	0	0	0	3318	0	0	0	0	0	0	0	0	0	0	0	798	0	0	0	0	0	0	0	266	0	0	0	0	0	0	0	0	0	0	0	0	0	232	0	0	0	0	0	9786	0	1414	0	11980	0	0	0	3598	0	164	0	0	0	0	0	0	0	0	0	0	0	254	0	10802	0	0	0	2020	0	0	0	508	0	0	0	0	0	0	0	0	0	0	0	0	0	0	0	0	0	0	0	0	0	0	0	0	0	0	
159468	Angular_L	180	0	0	0	0	0	0	0	0	0	0	0	0	0	0	0	1366	0	0	0	0	0	0	0	0	0	0	0	2258	0	0	0	1320	0	0	0	106	0	0	0	0	0	96	0	708	0	0	0	258	0	15948	0	586	0	230	0	3366	0	5322	0	17660	0	7460	0	0	0	1970	0	256	0	0	0	0	0	0	0	0	0	86	0	4294	0	0	0	12850	0	0	0	3414	0	0	0	0	0	0	0	0	0	0	0	0	0	0	0	0	0	0	0	0	0	0	0	0	0	0	0	
118456	Angular_R	0	0	0	0	0	0	0	0	0	0	0	0	0	0	0	0	0	0	0	0	0	0	0	0	0	0	0	0	0	0	0	0	0	0	0	104	0	0	0	0	0	0	0	216	0	410	0	312	0	6744	0	13356	0	0	0	306	0	478	0	5722	0	13730	0	3598	0	0	0	1646	0	0	0	0	0	0	0	0	0	0	0	0	0	3662	0	0	0	8388	0	0	0	556	0	0	0	0	0	0	0	0	0	0	0	0	0	0	0	0	0	0	0	0	0	0	0	0	0	0	
289132	Precuneus_L	100	0	0	0	0	0	0	0	0	0	0	0	0	0	0	0	550	0	376	438	0	0	0	0	0	0	0	0	180	0	0	0	11836	2948	11294	1848	3986	0	2680	0	0	0	15016	822	16974	3890	4162	180	12256	542	14154	174	1232	0	782	196	1842	0	10040	114	2914	0	106	0	1970	0	0	10254	2820	492	0	0	0	0	0	0	252	0	272	0	386	0	0	0	5796	88	0	0	422	90	0	0	0	0	0	0	92	0	0	0	0	0	0	0	0	0	0	0	0	0	0	0	0	0	0	0	
384456	Precuneus_R	0	706	0	0	0	0	0	0	0	0	0	0	0	0	0	0	0	0	102	896	0	0	0	0	0	0	0	0	0	260	0	0	962	8008	1964	14282	696	1754	112	2092	0	0	1636	22264	4670	28878	104	13570	250	15176	0	5420	0	2372	0	9140	0	8172	200	11578	0	2080	0	164	0	1646	10254	0	350	5074	0	0	0	0	0	0	948	566	0	0	0	1270	0	0	0	6988	0	0	0	6086	0	200	0	0	0	0	0	652	0	262	0	0	0	0	0	0	0	0	0	0	424	0	0	0	0	0	
152316	Paracentral_Lobule_L	9924	130	2970	0	0	0	404	0	0	0	0	0	0	0	0	0	960	0	7768	5138	0	0	0	0	0	0	0	0	1804	0	0	0	4702	4368	1874	326	1286	236	214	0	0	0	382	0	256	0	214	0	344	0	1202	0	120	0	0	504	3560	222	366	0	340	0	970	0	256	0	2820	350	0	3374	118	976	492	0	0	0	11876	1880	326	0	642	0	0	0	1348	120	0	0	376	620	0	0	0	0	0	0	0	0	0	0	0	0	0	0	0	0	0	0	0	0	0	0	0	0	0	0	
185104	Paracentral_Lobule_R	186	3000	182	222	0	0	0	152	0	0	0	132	0	0	0	0	0	454	3412	23568	0	0	0	0	0	0	0	0	0	950	0	0	2654	18750	864	1704	0	2334	0	218	0	0	0	812	0	1558	0	652	0	206	0	0	0	0	0	4582	0	5718	0	252	0	0	0	0	0	0	492	5074	3374	0	232	722	0	0	0	0	778	1496	0	186	0	822	0	0	0	1460	0	0	0	5354	0	0	0	0	0	0	0	0	0	0	0	0	0	0	0	0	0	0	0	0	0	0	0	0	0	0	
195828	Caudate_L	848	0	5378	718	590	0	1398	244	126	0	384	0	4076	444	1576	1802	0	0	8846	1516	4310	5700	2248	868	204	0	4132	1378	5012	0	7512	3284	222	1008	0	0	0	0	0	0	0	0	0	0	0	0	0	0	0	0	0	0	0	0	0	0	0	0	0	0	0	0	0	0	0	0	0	0	118	232	0	14354	12984	348	918	0	2568	2568	0	0	0	0	0	0	0	0	0	0	0	0	0	0	0	0	0	0	0	0	0	0	0	0	0	0	0	0	0	0	0	0	0	0	0	0	0	0	
442440	Caudate_R	578	0	8420	14708	174	1172	310	4002	0	1936	2454	260	3982	6638	994	17646	114	0	21892	21342	2650	5936	1636	2890	0	2602	2640	3804	5464	1180	3422	8698	1550	6860	0	0	108	364	0	128	0	0	0	0	0	0	0	0	0	0	0	0	0	0	0	112	0	0	0	0	0	0	0	0	0	0	0	0	976	722	14354	0	6140	13196	696	3766	2400	21646	0	0	136	0	522	0	0	0	0	0	0	0	0	0	0	0	0	0	0	0	0	0	0	0	0	0	0	0	0	0	0	0	0	0	0	0	0	0	
349960	Putamen_L	3980	0	25362	228	3704	0	5044	118	3638	0	1716	0	4518	318	7824	1116	2228	0	23158	826	1694	2154	2350	582	134	0	2054	402	20224	0	3114	1182	0	264	0	0	13158	0	1610	0	1182	0	0	0	0	0	0	0	0	0	0	0	0	0	2942	0	612	0	0	0	162	0	0	0	0	0	0	0	492	0	12984	6140	0	0	7670	0	4568	228	216	0	1582	0	1670	0	494	0	0	0	1174	0	0	0	0	0	0	0	0	0	164	0	0	0	0	0	0	0	0	0	0	0	0	0	0	0	0	0	
412124	Putamen_R	0	5146	360	29010	0	1800	0	16996	0	3318	0	5152	0	2384	0	7524	0	2504	884	20944	0	194	2206	4534	0	2812	0	938	0	25880	700	4858	152	5850	0	0	0	19528	0	5758	0	1064	0	0	0	0	0	0	0	0	0	0	0	0	0	5956	0	652	0	0	0	0	0	0	0	0	0	0	0	0	348	13196	0	0	0	8180	0	3048	0	232	0	1232	0	1624	0	0	0	0	0	192	0	0	0	0	0	0	0	0	0	906	0	0	0	0	0	0	0	0	0	0	0	0	0	0	0	0	
59372	Pallidum_L	1852	0	4588	0	0	0	1134	0	0	0	0	0	0	0	0	0	0	0	7192	90	0	0	0	0	0	0	0	0	0	0	0	0	0	0	0	0	2838	0	0	0	0	0	0	0	0	0	0	0	0	0	0	0	0	0	0	0	0	0	0	0	0	0	0	0	0	0	0	0	0	0	918	696	7670	0	0	0	1996	712	0	0	0	0	0	0	0	0	0	0	0	0	0	0	0	0	0	0	0	0	0	0	0	0	0	0	0	0	0	0	0	0	0	0	0	0	0	0	
67760	Pallidum_R	0	166	152	6396	0	0	0	1496	0	212	0	106	0	150	0	480	0	0	294	5700	0	0	320	234	0	0	0	0	0	478	166	718	0	428	0	0	0	2462	0	1176	0	0	0	0	0	0	0	0	0	0	0	0	0	0	0	626	0	0	0	0	0	0	0	0	0	0	0	0	0	0	0	3766	0	8180	0	0	0	174	0	0	0	0	0	0	0	0	0	0	0	0	0	0	0	0	0	0	0	0	0	0	0	0	0	0	0	0	0	0	0	0	0	0	0	0	0	0	
174672	Thalamus_L	7464	0	17108	0	0	0	2438	0	0	0	152	0	0	0	0	0	894	0	11980	1290	0	0	0	0	0	0	0	0	2552	0	0	0	0	768	666	912	7148	994	1228	936	0	0	0	0	0	0	480	170	0	0	0	0	0	0	236	562	372	0	0	0	0	0	0	0	0	0	252	948	11876	778	2568	2400	4568	0	1996	0	0	3364	110	0	126	0	0	0	0	0	0	0	0	0	0	0	0	0	0	0	0	0	0	0	0	0	0	0	0	0	0	0	0	0	0	0	0	0	0	0	
215028	Thalamus_R	598	4148	666	7744	0	0	0	2576	0	0	258	1132	460	0	0	0	0	98	7386	19656	0	342	0	0	0	0	0	0	684	2804	0	0	798	5114	116	216	288	9244	86	1918	0	450	0	0	0	0	0	238	0	0	0	0	0	148	0	2018	0	146	0	0	0	0	0	0	0	0	0	566	1880	1496	2568	21646	228	3048	712	174	3364	0	0	144	0	454	0	0	0	378	0	0	0	1524	0	0	0	0	0	0	0	0	0	0	0	0	0	0	0	0	0	0	0	0	0	0	0	0	0	0	
62672	Heschl_L	2188	0	292	0	0	0	642	0	0	0	456	0	0	0	0	0	5996	0	170	0	0	0	0	0	0	0	0	0	5254	0	0	0	0	0	0	0	2408	0	0	0	0	0	124	0	178	0	0	0	0	0	734	0	0	0	674	0	1464	0	0	0	92	0	122	0	86	0	272	0	326	0	0	0	216	0	0	0	110	0	0	0	4558	0	0	0	2932	0	0	0	2042	0	0	0	0	0	0	0	0	0	0	0	0	0	0	0	0	0	0	0	0	0	0	0	0	0	0	0	
31772	Heschl_R	0	188	0	198	0	0	0	234	0	0	0	132	0	0	0	0	0	2816	0	224	0	0	0	0	0	0	0	0	0	2078	0	0	0	0	0	0	0	484	0	182	0	0	0	0	0	0	0	0	0	0	0	0	0	0	0	934	0	502	0	0	0	0	0	254	0	0	0	0	0	186	0	0	0	232	0	0	0	144	0	0	0	4612	0	0	0	1612	0	0	0	874	0	0	0	0	0	0	0	0	0	0	0	0	0	0	0	0	0	0	0	0	0	0	0	0	0	0	
311384	Temporal_Sup_L	4112	0	7912	0	0	0	2954	0	0	0	8270	0	766	0	170	90	16996	0	7210	0	0	0	0	0	0	0	0	0	14002	0	0	0	132	0	0	0	2940	0	0	0	0	0	116	0	196	0	0	0	0	0	3248	0	420	0	3972	0	4192	0	1590	0	3498	0	9956	0	4294	0	386	0	642	0	0	136	1582	0	0	0	126	0	4558	0	0	0	5464	0	28072	0	128	0	17562	0	0	0	0	0	0	0	0	0	0	0	0	0	0	0	0	0	0	0	0	0	0	0	0	0	0	0	
159032	Temporal_Sup_R	0	1416	0	934	0	0	0	774	0	0	0	234	0	0	0	0	0	4940	0	1024	0	0	0	0	0	0	0	0	0	8142	0	0	0	760	0	90	0	1462	0	234	0	0	0	102	0	326	0	124	0	714	0	480	0	108	0	2652	0	2628	0	370	0	2314	0	10802	0	3662	0	1270	0	822	0	0	0	1232	0	0	0	454	0	4612	0	0	0	3704	0	17398	0	138	0	5594	0	0	0	0	0	0	0	0	0	0	0	0	0	0	0	0	0	0	0	0	0	0	0	0	0	0	
116084	Temporal_Pole_Sup_L	0	0	5208	110	222	0	698	0	358	0	6130	0	2416	0	2796	332	3360	0	5036	112	456	0	0	0	0	0	0	0	8748	0	0	0	0	100	0	0	912	0	672	0	614	0	0	0	0	0	0	0	0	0	0	0	0	0	1266	0	0	0	0	0	0	0	0	0	0	0	0	0	0	0	0	522	1670	0	0	0	0	0	0	0	5464	0	0	0	4996	0	2042	0	3802	0	0	0	0	0	0	0	0	0	0	0	0	0	0	0	0	0	0	0	0	0	0	0	0	0	0	0	
84236	Temporal_Pole_Sup_R	0	0	0	1128	0	0	0	576	0	0	0	1044	0	0	0	2490	0	1722	0	584	0	262	0	0	0	0	0	0	0	5176	0	0	0	252	0	0	0	390	0	2444	0	2030	0	0	0	0	0	0	0	0	0	0	0	0	0	5008	0	0	0	0	0	0	0	0	0	0	0	0	0	0	0	0	0	1624	0	0	0	0	0	0	0	3704	0	0	0	3790	0	4032	0	5862	0	0	0	0	0	0	0	0	0	0	0	0	0	0	0	0	0	0	0	0	0	0	0	0	0	0	
323684	Temporal_Mid_L	158	0	244	0	0	0	0	0	0	0	0	0	0	0	0	0	5860	0	202	0	0	0	0	0	0	0	0	0	3468	0	0	0	1400	122	1368	0	1890	0	0	0	162	0	2672	0	3832	0	406	0	920	0	20572	0	5142	0	4276	0	1634	0	706	0	6284	0	8690	0	12850	0	5796	0	1348	0	0	0	494	0	0	0	0	0	2932	0	28072	0	4996	0	0	0	2914	0	32432	0	0	0	0	0	0	0	0	0	0	0	0	0	0	0	0	0	0	0	0	0	0	0	0	0	0	0	
243444	Temporal_Mid_R	0	156	0	0	0	0	0	0	0	0	0	0	0	0	0	250	0	178	0	1164	0	0	0	0	0	0	0	0	0	2076	0	0	0	1082	376	2584	0	674	0	156	0	0	0	3570	224	2006	0	3810	0	3020	0	12370	0	1680	0	8908	0	938	0	908	0	1810	0	2020	0	8388	88	6988	120	1460	0	0	0	0	0	0	0	378	0	1612	0	17398	0	3790	0	0	0	2102	0	29438	0	0	0	0	0	0	0	0	0	0	0	0	0	0	0	0	0	0	0	0	0	0	0	0	0	0	
18104	Temporal_Pole_Mid_L	0	0	0	0	0	0	0	0	0	0	0	0	0	0	0	0	0	0	0	0	0	0	0	0	0	0	0	0	0	0	0	0	0	0	0	0	0	0	292	0	0	0	0	0	0	0	0	0	0	0	0	0	0	0	1014	0	0	0	0	0	0	0	0	0	0	0	0	0	0	0	0	0	0	0	0	0	0	0	0	0	128	0	2042	0	2914	0	0	0	2662	0	0	0	0	0	0	0	0	0	0	0	0	0	0	0	0	0	0	0	0	0	0	0	0	0	0	0	
24332	Temporal_Pole_Mid_R	0	0	0	0	0	0	0	0	0	0	0	0	0	0	0	0	0	0	0	0	0	0	0	0	0	0	0	0	0	106	0	0	0	0	0	0	0	0	0	836	0	116	0	0	0	0	0	0	0	0	0	0	0	0	0	1744	0	0	0	0	0	0	0	0	0	0	0	0	0	0	0	0	0	0	0	0	0	0	0	0	0	138	0	4032	0	2102	0	0	0	3092	0	0	0	0	0	0	0	0	0	0	0	0	0	0	0	0	0	0	0	0	0	0	0	0	0	0	
242012	Temporal_Inf_L	108	0	1364	0	0	0	0	0	0	0	0	0	0	0	0	0	3164	0	1308	0	0	0	0	0	0	0	0	0	6242	0	0	0	0	0	0	0	6914	0	752	0	980	0	106	0	144	0	1086	0	0	0	5418	0	4698	0	13984	0	542	0	382	0	1848	0	2560	0	3414	0	422	0	376	0	0	0	1174	0	0	0	0	0	2042	0	17562	0	3802	0	32432	0	2662	0	0	0	3164	0	276	0	0	0	420	0	1290	0	246	0	124	0	0	0	0	0	0	0	0	0	0	0	0	0	
255764	Temporal_Inf_R	0	146	0	0	0	0	0	0	0	0	0	0	0	0	0	730	0	0	100	5364	0	0	0	0	0	0	0	0	0	3466	0	0	0	4044	966	3340	0	4338	0	1282	0	574	0	2000	86	282	0	1372	0	448	0	546	0	5054	0	29136	0	1096	0	1318	0	260	0	508	0	556	90	6086	620	5354	0	0	0	192	0	0	0	1524	0	874	0	5594	0	5862	0	29438	0	3092	0	0	0	1136	0	100	0	0	0	92	0	314	0	188	0	216	0	98	0	0	0	0	0	0	0	0	0	0	
555180	Cerebelum_Crus1_L	0	0	0	0	0	0	0	0	0	0	0	0	0	0	0	0	0	0	0	0	0	0	0	0	0	0	0	0	0	0	0	0	0	0	0	0	258	0	762	0	0	0	0	0	0	0	10312	1754	0	0	288	0	1088	0	22182	294	0	0	0	0	0	0	0	0	0	0	0	0	0	0	0	0	0	0	0	0	0	0	0	0	0	0	0	0	0	0	0	0	3164	0	0	4450	38236	7856	2632	1104	21098	2012	57022	4630	24176	2784	24234	4448	7988	754	1368	168	1022	1550	6130	7970	12290	2458	814	294	
402176	Cerebelum_Crus1_R	0	0	0	0	0	0	0	0	0	0	0	0	0	0	0	0	0	0	0	0	0	0	0	0	0	0	0	0	0	0	0	0	0	0	0	122	0	106	0	1662	0	0	0	0	0	0	1344	5352	0	0	0	0	86	292	542	10598	0	0	0	0	0	0	0	0	0	0	0	200	0	0	0	0	0	0	0	0	0	0	0	0	0	0	0	0	0	0	0	0	0	1136	4450	0	1356	32486	1002	3132	2436	18208	6846	45400	710	9920	1104	16784	1256	2806	0	398	198	1770	7080	9364	8802	2260	1880	0	
340652	Cerebelum_Crus2_L	0	0	0	0	0	0	0	0	0	0	0	0	0	0	0	0	0	0	0	0	0	0	0	0	0	0	0	0	0	0	0	0	0	0	0	0	0	0	0	0	0	0	0	0	0	0	2368	418	0	0	0	0	0	0	2484	0	0	0	0	0	0	0	0	0	0	0	0	0	0	0	0	0	0	0	0	0	0	0	0	0	0	0	0	0	0	0	0	0	276	0	38236	1356	0	8008	110	90	806	142	11676	948	38962	4438	32618	3390	7354	330	730	94	0	0	672	3018	8288	3210	304	0	
362936	Cerebelum_Crus2_R	0	0	0	0	0	0	0	0	0	0	0	0	0	0	0	0	0	0	0	0	0	0	0	0	0	0	0	0	0	0	0	0	0	0	0	0	0	0	0	238	0	0	0	0	0	0	454	1034	0	0	0	0	0	0	216	608	0	0	0	0	0	0	0	0	0	0	0	0	0	0	0	0	0	0	0	0	0	0	0	0	0	0	0	0	0	0	0	0	0	100	7856	32486	8008	0	600	730	1012	3034	4796	12376	6862	26708	7510	30592	1542	4146	0	616	104	540	1812	4860	14820	5730	2078	0	
77272	Cerebelum_3_L	0	0	0	0	0	0	0	0	0	0	0	0	0	0	0	0	0	0	0	0	0	0	0	0	0	0	0	0	0	0	0	0	0	0	0	0	0	0	352	0	0	0	0	0	0	0	310	232	0	0	0	0	0	0	622	0	0	0	0	0	0	0	0	0	0	0	0	0	0	0	0	0	0	0	0	0	0	0	0	0	0	0	0	0	0	0	0	0	0	0	2632	1002	110	600	0	980	6630	690	6264	1532	0	0	164	154	2868	1188	0	0	970	1966	2032	3034	1246	1178	1722	158	
89960	Cerebelum_3_R	0	0	0	0	0	0	0	0	0	0	0	0	0	0	0	0	0	0	0	0	0	0	0	0	0	0	0	0	0	0	0	0	0	0	0	0	0	0	142	196	0	0	0	0	0	0	346	470	0	0	0	0	0	0	0	304	0	0	0	0	0	0	0	0	0	0	0	0	0	0	0	0	0	0	0	0	0	0	0	0	0	0	0	0	0	0	0	0	0	0	1104	3132	90	730	980	0	2472	6952	1932	6704	0	94	198	556	1306	1138	0	0	1738	4950	3168	2002	846	976	1888	566	
322880	Cerebelum_4_5_L	0	0	0	0	0	0	0	0	0	0	0	0	0	0	0	0	0	0	0	0	0	0	0	0	0	0	0	0	184	0	0	0	0	0	0	0	886	0	1806	0	0	0	0	0	0	0	13686	4550	0	0	260	0	860	0	13994	1802	0	0	0	0	0	0	0	0	0	0	92	0	0	0	0	0	0	0	0	0	0	0	0	0	0	0	0	0	0	0	0	0	420	0	21098	2436	806	1012	6630	2472	0	7168	33908	5488	442	140	852	344	4402	1354	156	0	2174	3546	17334	5336	1022	340	1948	2492	
290688	Cerebelum_4_5_R	0	0	0	0	0	0	0	0	0	0	0	0	0	0	0	0	0	0	0	0	0	0	0	0	0	0	0	0	0	0	0	0	0	0	0	262	0	884	0	5046	0	224	0	0	0	0	4128	13256	0	0	0	0	216	244	1246	10932	0	0	0	0	0	0	0	0	0	0	0	652	0	0	0	0	0	0	0	0	0	0	0	0	0	0	0	0	0	0	0	0	0	92	2012	18208	142	3034	690	6952	7168	0	5090	30720	170	526	444	2186	886	1914	0	194	1084	3060	14488	3284	1910	1488	1722	790	
546552	Cerebelum_6_L	0	0	94	0	0	0	0	0	0	0	0	0	0	0	0	0	0	0	88	0	0	0	0	0	0	0	0	0	92	0	0	0	0	0	0	0	478	0	992	0	0	0	260	0	0	0	20226	5520	0	0	1382	0	2580	0	28950	1300	0	0	0	0	0	0	0	0	0	0	0	0	0	0	0	0	164	0	0	0	0	0	0	0	0	0	0	0	0	0	0	0	1290	0	57022	6846	11676	4796	6264	1932	33908	5090	0	8872	6114	1028	7806	1494	7478	1866	1308	138	1420	2276	12346	15164	10102	1948	2402	564	
426204	Cerebelum_6_R	0	0	0	102	0	0	0	106	0	0	0	0	0	0	0	0	0	0	0	0	0	0	0	0	0	0	0	0	0	572	0	0	0	0	0	156	0	1114	0	3640	0	0	0	204	0	0	3082	11522	0	0	0	0	178	760	1130	15974	0	0	0	0	0	0	0	0	0	0	0	262	0	0	0	0	0	906	0	0	0	0	0	0	0	0	0	0	0	0	0	0	0	314	4630	45400	948	12376	1532	6704	5488	30720	8872	0	588	2228	932	6620	1984	2426	0	504	388	2398	12712	12430	8092	2362	2586	160	
298096	Cerebelum_7b_L	0	0	0	0	0	0	0	0	0	0	0	0	0	0	0	0	0	0	0	0	0	0	0	0	0	0	0	0	0	0	0	0	0	0	0	0	0	0	0	0	0	0	0	0	0	0	426	286	0	0	0	0	0	0	924	0	0	0	0	0	0	0	0	0	0	0	0	0	0	0	0	0	0	0	0	0	0	0	0	0	0	0	0	0	0	0	0	0	246	0	24176	710	38962	6862	0	0	442	170	6114	588	0	3972	37016	3792	8786	544	704	138	0	0	472	1334	7372	4392	620	0	
198520	Cerebelum_7b_R	0	0	0	0	0	0	0	0	0	0	0	0	0	0	0	0	0	0	0	0	0	0	0	0	0	0	0	0	0	0	0	0	0	0	0	0	0	0	0	98	0	0	0	0	0	0	128	230	0	0	0	0	0	0	0	148	0	0	0	0	0	0	0	0	0	0	0	0	0	0	0	0	0	0	0	0	0	0	0	0	0	0	0	0	0	0	0	0	0	188	2784	9920	4438	26708	0	94	140	526	1028	2228	3972	0	4372	24378	514	5464	0	88	0	0	350	840	5610	4294	720	0	
338640	Cerebelum_8_L	0	0	0	0	0	0	0	0	0	0	0	0	0	0	0	0	0	0	0	0	0	0	0	0	0	0	0	0	0	0	0	0	0	0	0	0	0	0	0	0	0	0	0	0	0	0	344	208	0	0	0	0	0	0	826	0	0	0	0	0	0	0	0	0	0	0	0	0	0	0	0	0	0	0	0	0	0	0	0	0	0	0	0	0	0	0	0	0	124	0	24234	1104	32618	7510	164	198	852	444	7806	932	37016	4372	0	6420	19328	1808	1758	292	0	86	494	1426	8516	8074	2366	0	
283720	Cerebelum_8_R	0	0	0	0	0	0	0	0	0	0	0	0	0	0	0	0	0	0	0	0	0	0	0	0	0	0	0	0	0	0	0	0	0	0	0	0	0	0	0	150	0	0	0	0	0	0	110	272	0	0	0	0	0	0	0	290	0	0	0	0	0	0	0	0	0	0	0	0	0	0	0	0	0	0	0	0	0	0	0	0	0	0	0	0	0	0	0	0	0	216	4448	16784	3390	30592	154	556	344	2186	1494	6620	3792	24378	6420	0	1144	16616	0	916	88	316	700	1140	9520	6294	2930	0	
194732	Cerebelum_9_L	0	0	0	0	0	0	0	0	0	0	0	0	0	0	0	0	0	0	0	0	0	0	0	0	0	0	0	0	0	0	0	0	0	0	0	0	0	0	0	0	0	0	0	0	0	0	178	488	0	0	0	0	0	0	400	326	0	0	0	0	0	0	0	0	0	0	0	0	0	0	0	0	0	0	0	0	0	0	0	0	0	0	0	0	0	0	0	0	0	0	7988	1256	7354	1542	2868	1306	4402	886	7478	1984	8786	514	19328	1144	0	3526	3456	152	678	994	2384	5296	3054	3394	4994	1210	
147908	Cerebelum_9_R	0	0	0	0	0	0	0	0	0	0	0	0	0	0	0	0	0	0	0	0	0	0	0	0	0	0	0	0	0	0	0	0	0	0	0	0	0	0	0	0	0	0	0	0	0	0	88	102	0	0	0	0	0	0	0	0	0	0	0	0	0	0	0	0	0	0	0	0	0	0	0	0	0	0	0	0	0	0	0	0	0	0	0	0	0	0	0	0	0	98	754	2806	330	4146	1188	1138	1354	1914	1866	2426	544	5464	1808	16616	3526	0	0	2232	540	590	1644	3790	3714	5184	8134	1958	
19692	Cerebelum_10_L	0	0	0	0	0	0	0	0	0	0	0	0	0	0	0	0	0	0	0	0	0	0	0	0	0	0	0	0	0	0	0	0	0	0	0	0	0	0	0	0	0	0	0	0	0	0	0	0	0	0	0	0	0	0	92	0	0	0	0	0	0	0	0	0	0	0	0	0	0	0	0	0	0	0	0	0	0	0	0	0	0	0	0	0	0	0	0	0	0	0	1368	0	730	0	0	0	156	0	1308	0	704	0	1758	0	3456	0	0	0	0	0	0	0	156	118	0	0	
16064	Cerebelum_10_R	0	0	0	0	0	0	0	0	0	0	0	0	0	0	0	0	0	0	0	0	0	0	0	0	0	0	0	0	0	0	0	0	0	0	0	0	0	0	0	0	0	0	0	0	0	0	0	0	0	0	0	0	0	0	0	0	0	0	0	0	0	0	0	0	0	0	0	0	0	0	0	0	0	0	0	0	0	0	0	0	0	0	0	0	0	0	0	0	0	0	168	398	94	616	0	0	0	194	138	504	138	88	292	916	152	2232	0	0	0	0	0	128	540	680	754	0	
41376	Vermis_1_2	0	0	0	0	0	0	0	0	0	0	0	0	0	0	0	0	0	0	0	0	0	0	0	0	0	0	0	0	0	0	0	0	0	0	0	0	0	0	0	0	0	0	0	0	0	0	344	212	0	0	0	0	0	0	0	0	0	0	0	0	0	0	0	0	0	0	0	0	0	0	0	0	0	0	0	0	0	0	0	0	0	0	0	0	0	0	0	0	0	0	1022	198	0	104	970	1738	2174	1084	1420	388	0	0	0	88	678	540	0	0	0	3868	2566	1178	170	268	818	860	
75592	Vermis_3	0	0	0	0	0	0	0	0	0	0	0	0	0	0	0	0	0	0	0	0	0	0	0	0	0	0	0	0	0	0	0	0	0	0	0	0	0	0	330	0	0	0	0	0	0	0	380	270	0	0	0	0	0	0	0	0	0	0	0	0	0	0	0	0	0	0	0	0	0	0	0	0	0	0	0	0	0	0	0	0	0	0	0	0	0	0	0	0	0	0	1550	1770	0	540	1966	4950	3546	3060	2276	2398	0	0	86	316	994	590	0	0	3868	0	4428	1486	384	552	1250	806	
265896	Vermis_4_5	0	0	0	0	0	0	0	0	0	0	0	0	0	0	0	0	0	0	0	0	0	0	0	0	0	0	0	0	0	0	0	0	0	0	0	278	0	152	0	276	0	0	0	310	130	138	6584	8884	0	0	154	0	358	248	2622	4430	0	0	0	0	0	0	0	0	0	0	0	424	0	0	0	0	0	0	0	0	0	0	0	0	0	0	0	0	0	0	0	0	0	0	6130	7080	672	1812	2032	3168	17334	14488	12346	12712	472	350	494	700	2384	1644	0	0	2566	4428	0	9200	1844	238	2406	3460	
258904	Vermis_6	0	0	0	0	0	0	0	0	0	0	0	0	0	0	0	0	0	0	0	0	0	0	0	0	0	0	0	0	0	0	0	0	0	0	0	0	0	0	0	0	0	0	234	274	0	0	3476	7118	0	108	256	0	198	584	1274	2386	0	0	0	0	0	0	0	0	0	0	0	0	0	0	0	0	0	0	0	0	0	0	0	0	0	0	0	0	0	0	0	0	0	0	7970	9364	3018	4860	3034	2002	5336	3284	15164	12430	1334	840	1426	1140	5296	3790	0	128	1178	1486	9200	0	10350	2350	5284	3280	
