data	data	399564	140880	1.17966e+06	901140	264112	233628	511300	241848	112348	57332	261780	150756	305692	260508	225104	181112	210932	89220	714640	827912	64416	75860	733584	677384	50104	181908	38576	51816	598636	387156	482468	663488	182720	833220	116620	188900	212684	209448	90508	100088	37296	50776	177788	270884	176656	292192	218020	251472	180600	349592	324900	232580	68808	106640	212544	408792	229792	114932	81832	39348	182960	95208	81940	97672	137120	119480	198700	320460	206528	82084	333444	450152	375272	391192	77456	35412	143344	200392	57644	24440	139808	110264	92240	42228	293780	146896	18648	11188	226812	162748	394628	456316	221572	202712	23516	46292	233996	214176	431308	484732	243716	112332	273632	282840	130908	148500	30796	8256	21996	46256	221968	295076	208248	134184	141200	14412	
data	data	Precentral_L	Precentral_R	Frontal_Sup_L	Frontal_Sup_R	Frontal_Sup_Orb_L	Frontal_Sup_Orb_R	Frontal_Mid_L	Frontal_Mid_R	Frontal_Mid_Orb_L	Frontal_Mid_Orb_R	Frontal_Inf_Oper_L	Frontal_Inf_Oper_R	Frontal_Inf_Tri_L	Frontal_Inf_Tri_R	Frontal_Inf_Orb_L	Frontal_Inf_Orb_R	Rolandic_Oper_L	Rolandic_Oper_R	Supp_Motor_Area_L	Supp_Motor_Area_R	Olfactory_L	Olfactory_R	Frontal_Sup_Medial_L	Frontal_Sup_Medial_R	Frontal_Med_Orb_L	Frontal_Med_Orb_R	Rectus_L	Rectus_R	Insula_L	Insula_R	Cingulum_Ant_L	Cingulum_Ant_R	Cingulum_Mid_L	Cingulum_Mid_R	Cingulum_Post_L	Cingulum_Post_R	Hippocampus_L	Hippocampus_R	ParaHippocampal_L	ParaHippocampal_R	Amygdala_L	Amygdala_R	Calcarine_L	Calcarine_R	Cuneus_L	Cuneus_R	Lingual_L	Lingual_R	Occipital_Sup_L	Occipital_Sup_R	Occipital_Mid_L	Occipital_Mid_R	Occipital_Inf_L	Occipital_Inf_R	Fusiform_L	Fusiform_R	Postcentral_L	Postcentral_R	Parietal_Sup_L	Parietal_Sup_R	Parietal_Inf_L	Parietal_Inf_R	SupraMarginal_L	SupraMarginal_R	Angular_L	Angular_R	Precuneus_L	Precuneus_R	Paracentral_Lobule_L	Paracentral_Lobule_R	Caudate_L	Caudate_R	Putamen_L	Putamen_R	Pallidum_L	Pallidum_R	Thalamus_L	Thalamus_R	Heschl_L	Heschl_R	Temporal_Sup_L	Temporal_Sup_R	Temporal_Pole_Sup_L	Temporal_Pole_Sup_R	Temporal_Mid_L	Temporal_Mid_R	Temporal_Pole_Mid_L	Temporal_Pole_Mid_R	Temporal_Inf_L	Temporal_Inf_R	Cerebelum_Crus1_L	Cerebelum_Crus1_R	Cerebelum_Crus2_L	Cerebelum_Crus2_R	Cerebelum_3_L	Cerebelum_3_R	Cerebelum_4_5_L	Cerebelum_4_5_R	Cerebelum_6_L	Cerebelum_6_R	Cerebelum_7b_L	Cerebelum_7b_R	Cerebelum_8_L	Cerebelum_8_R	Cerebelum_9_L	Cerebelum_9_R	Cerebelum_10_L	Cerebelum_10_R	Vermis_1_2	Vermis_3	Vermis_4_5	Vermis_6	Vermis_7	Vermis_8	Vermis_9	Vermis_10	
399564	Precentral_L	0	516	14310	3760	112	0	19868	506	0	0	12482	0	3988	0	128	0	7012	0	7584	10388	0	0	702	436	0	0	0	0	8694	236	1028	262	1266	5416	1216	330	3132	0	198	0	0	0	0	0	586	0	0	0	908	0	1662	0	0	150	100	258	29374	0	0	0	7886	0	872	0	2726	0	380	150	25418	0	6024	1186	4464	216	1032	0	5472	1978	1458	0	712	0	0	0	1622	0	0	0	1264	314	0	0	0	0	0	0	0	0	0	0	0	0	0	0	0	0	0	0	0	0	0	0	0	0	0	0	
140880	Precentral_R	516	0	496	9750	0	0	0	14784	0	0	0	6680	0	0	0	0	0	1308	360	4498	0	0	0	0	0	0	0	0	0	1364	94	108	0	1662	0	184	0	2046	0	0	0	0	0	114	0	286	0	0	0	344	0	218	0	0	0	252	0	13498	0	0	0	854	0	2784	0	202	0	620	208	2868	734	720	116	1262	0	0	0	600	0	122	0	322	0	0	0	252	0	0	0	214	0	0	0	0	0	0	0	0	0	0	0	0	0	0	0	0	0	0	0	0	0	0	0	0	0	0	
1.17966e+06	Frontal_Sup_L	14310	496	0	15398	23398	728	74756	2528	3644	0	17398	1540	21634	3550	9436	382	15236	0	92246	26680	0	0	56704	12822	1104	1130	228	0	48276	2016	20400	8342	5022	21348	108	0	3206	0	396	0	0	0	0	0	0	0	0	0	0	0	178	0	0	0	0	0	7468	0	0	0	1058	0	1692	0	238	0	0	0	1818	0	15550	2768	30802	926	9542	0	6772	378	1246	0	1744	0	2512	0	346	0	0	0	330	0	0	0	0	0	0	0	0	0	0	0	0	0	0	0	0	0	0	0	0	0	0	0	0	0	0	0	
901140	Frontal_Sup_R	3760	9750	15398	0	372	15648	1946	28832	0	1774	578	5028	444	6486	198	11126	128	4344	13420	67730	0	0	15278	43652	0	6332	0	496	516	14256	7654	29316	1066	30822	3840	5076	4110	6006	1628	344	0	0	0	302	0	358	0	156	0	588	160	660	0	812	0	2274	252	2432	0	0	0	144	0	350	0	454	336	1456	1414	296	7732	24930	1306	20216	122	2300	2676	14474	210	242	0	1798	0	0	176	2546	0	0	0	2044	0	0	0	0	0	0	0	0	0	0	0	0	0	0	0	0	0	0	0	0	0	0	0	0	0	0	
264112	Frontal_Sup_Orb_L	112	0	23398	372	0	0	4432	0	14690	0	946	0	7152	232	11064	0	128	0	4466	322	878	0	14898	1460	4844	264	4716	0	14318	204	9686	954	314	1032	0	0	0	0	0	0	104	0	0	0	0	0	0	0	0	0	0	0	0	0	0	0	0	0	0	0	0	0	0	0	0	0	0	0	0	0	1926	230	8770	0	0	0	0	0	0	0	0	0	144	0	0	0	0	0	0	0	0	0	0	0	0	0	0	0	0	0	0	0	0	0	0	0	0	0	0	0	0	0	0	0	0	0	
233628	Frontal_Sup_Orb_R	0	0	728	15648	0	0	0	1410	0	6420	0	0	0	3370	0	8646	0	0	172	1250	0	1800	3282	11674	0	11420	0	7074	0	5290	1708	11736	182	4180	0	0	0	218	0	0	0	184	0	0	0	0	0	0	0	0	0	0	0	0	0	172	0	0	0	0	0	0	0	0	0	0	0	0	0	0	166	12502	0	7480	0	0	0	0	0	0	0	102	0	0	0	0	0	0	0	0	0	0	0	0	0	0	0	0	0	0	0	0	0	0	0	0	0	0	0	0	0	0	0	0	0	0	
511300	Frontal_Mid_L	19868	0	74756	1946	4432	0	0	1020	3254	0	7884	940	32660	978	8760	108	4582	0	4996	1992	0	0	18728	1294	0	0	0	0	18768	310	7714	1636	242	2694	0	0	1908	0	402	0	0	0	0	0	0	0	0	0	0	0	142	0	0	0	0	0	3988	0	0	0	526	0	260	0	214	0	0	0	1044	0	3886	374	9838	292	5724	0	5156	0	806	0	204	0	1090	0	234	0	0	0	0	0	0	0	0	0	0	0	0	0	0	0	0	0	0	0	0	0	0	0	0	0	0	0	0	0	0	0	
241848	Frontal_Mid_R	506	14784	2528	28832	0	1410	1020	0	0	906	150	10964	148	15280	0	3676	0	1158	1546	5192	0	0	4758	6472	0	100	0	0	202	3130	776	1668	258	6008	0	0	0	334	0	0	0	0	0	0	0	192	0	0	0	118	0	138	0	0	0	126	0	570	0	0	0	100	0	94	0	200	0	222	0	0	2462	882	758	2234	0	124	0	476	0	164	0	258	0	0	0	0	0	0	0	0	0	0	0	0	0	0	0	0	0	0	0	0	0	0	0	0	0	0	0	0	0	0	0	0	0	0	
112348	Frontal_Mid_Orb_L	0	0	3644	0	14690	0	3254	0	0	0	148	0	2652	0	11368	0	0	0	1610	0	98	0	2158	0	1072	0	1578	0	5648	0	1670	130	0	0	0	0	0	0	0	0	0	0	0	0	0	0	0	0	0	0	0	0	0	0	0	0	0	0	0	0	0	0	0	0	0	0	0	0	0	0	888	0	5566	0	0	0	0	0	0	0	0	0	0	0	0	0	0	0	0	0	0	0	0	0	0	0	0	0	0	0	0	0	0	0	0	0	0	0	0	0	0	0	0	0	0	0	
57332	Frontal_Mid_Orb_R	0	0	0	1774	0	6420	0	906	0	0	0	0	0	1304	0	8502	0	0	0	216	0	0	0	314	0	242	0	368	0	2434	108	848	0	116	0	0	0	194	0	0	0	0	0	0	0	0	0	0	0	0	0	0	0	0	0	172	0	0	0	0	0	0	0	0	0	0	0	0	0	0	0	2296	0	2452	0	0	0	0	0	0	0	0	0	0	0	0	0	0	0	0	0	0	0	0	0	0	0	0	0	0	0	0	0	0	0	0	0	0	0	0	0	0	0	0	0	0	
261780	Frontal_Inf_Oper_L	12482	0	17398	578	946	0	7884	150	148	0	0	0	14858	0	1288	0	15816	0	9466	340	0	0	2278	316	0	0	0	0	25892	132	3678	940	0	356	0	0	716	0	108	0	0	0	0	0	0	0	0	0	0	0	0	0	0	0	102	0	2424	0	0	0	0	0	0	0	0	0	0	0	454	0	2614	416	3010	110	0	0	142	0	516	0	1870	0	3034	0	158	0	0	0	270	0	0	0	0	0	0	0	0	0	0	0	0	0	0	0	0	0	0	0	0	0	0	0	0	0	0	0	
150756	Frontal_Inf_Oper_R	0	6680	1540	5028	0	0	940	10964	0	0	0	0	0	10562	0	0	0	6354	1678	1270	0	0	536	1084	0	166	0	0	140	10628	552	1450	276	5412	0	0	0	300	0	0	0	0	0	0	0	358	0	0	0	262	0	246	0	0	0	138	0	950	0	0	0	120	0	178	0	290	0	404	0	0	1892	784	570	1710	0	118	0	146	0	242	0	908	0	502	0	0	0	0	0	0	0	0	0	0	0	0	0	0	0	0	0	0	0	0	0	0	0	0	0	0	0	0	0	0	0	0	
305692	Frontal_Inf_Tri_L	3988	0	21634	444	7152	0	32660	148	2652	0	14858	0	0	140	17970	0	1524	0	2830	378	0	0	6704	548	232	0	104	0	25632	182	5036	1062	216	472	0	0	0	0	0	0	0	0	0	0	0	0	0	0	0	0	0	0	0	0	0	0	792	0	0	0	0	0	0	0	0	0	0	0	0	0	1748	386	830	180	0	0	0	0	0	0	566	0	1778	0	0	0	0	0	0	0	0	0	0	0	0	0	0	0	0	0	0	0	0	0	0	0	0	0	0	0	0	0	0	0	0	0	
260508	Frontal_Inf_Tri_R	0	0	3550	6486	232	3370	978	15280	0	1304	0	10562	140	0	108	5474	0	182	3460	6636	0	0	7554	11162	0	982	0	142	198	18574	2614	12252	1048	11778	0	0	0	0	0	0	0	0	0	0	0	0	0	0	0	0	0	0	0	0	0	0	0	0	0	0	0	0	0	0	0	0	0	0	0	0	1718	2016	546	1778	0	0	0	0	0	0	0	130	0	0	0	0	0	0	0	0	0	0	0	0	0	0	0	0	0	0	0	0	0	0	0	0	0	0	0	0	0	0	0	0	0	0	
225104	Frontal_Inf_Orb_L	128	0	9436	198	11064	0	8760	0	11368	0	1288	0	17970	108	0	0	858	0	2332	268	1478	0	4804	500	134	0	890	0	25812	0	2662	632	212	364	0	0	342	0	266	0	374	0	0	0	0	0	0	0	0	0	0	0	0	0	0	0	0	0	0	0	0	0	0	0	0	0	0	0	0	0	552	268	5730	106	0	0	0	0	0	0	98	0	3550	0	0	0	0	0	0	0	0	0	0	0	0	0	0	0	0	0	0	0	0	0	0	0	0	0	0	0	0	0	0	0	0	0	
181112	Frontal_Inf_Orb_R	0	0	382	11126	0	8646	108	3676	0	8502	0	0	0	5474	0	0	0	0	196	726	0	1042	2964	7430	0	316	0	1494	0	10636	1302	7102	192	6210	0	0	0	310	0	184	0	96	0	0	0	0	0	0	0	0	0	0	0	0	0	286	0	0	0	0	0	0	0	0	0	0	0	0	0	0	0	4564	0	5360	0	0	0	0	0	0	0	706	0	1422	0	104	0	0	0	0	0	0	0	0	0	0	0	0	0	0	0	0	0	0	0	0	0	0	0	0	0	0	0	0	0	0	
210932	Rolandic_Oper_L	7012	0	15236	128	128	0	4582	0	0	0	15816	0	1524	0	858	0	0	0	8526	98	0	0	694	0	0	0	0	0	24278	0	642	0	0	124	0	0	464	0	0	0	0	0	0	0	0	0	0	0	0	0	0	0	0	0	0	0	4790	0	0	0	686	0	1522	0	100	0	0	0	1458	0	488	0	1756	0	0	0	0	0	2912	0	5910	0	2608	0	1870	0	0	0	1256	0	0	0	0	0	0	0	0	0	0	0	0	0	0	0	0	0	0	0	0	0	0	0	0	0	0	0	
89220	Rolandic_Oper_R	0	1308	0	4344	0	0	0	1158	0	0	0	6354	0	182	0	0	0	0	116	220	0	0	0	228	0	0	0	0	0	10168	106	586	0	570	0	0	0	414	0	0	0	0	0	0	0	0	0	0	0	252	0	198	0	0	0	0	0	2278	0	0	0	822	0	3712	0	268	0	0	0	0	0	258	0	3822	0	96	0	948	0	2642	0	2856	0	604	0	100	0	0	0	0	0	0	0	0	0	0	0	0	0	0	0	0	0	0	0	0	0	0	0	0	0	0	0	0	0	0	
714640	Supp_Motor_Area_L	7584	360	92246	13420	4466	172	4996	1546	1610	0	9466	1678	2830	3460	2332	196	8526	116	0	37206	0	0	12818	8196	282	340	140	0	23518	3218	7610	6940	10900	28366	316	572	1504	0	152	0	0	0	0	0	202	0	0	0	212	0	842	0	0	0	0	0	5262	0	0	0	908	0	1432	0	268	0	98	400	3318	0	12102	1844	19732	1080	3972	0	4600	0	446	0	1374	98	1748	0	100	0	0	0	200	0	0	0	0	0	0	0	0	0	0	0	0	0	0	0	0	0	0	0	0	0	0	0	0	0	0	0	
827912	Supp_Motor_Area_R	10388	4498	26680	67730	322	1250	1992	5192	0	216	340	1270	378	6636	268	726	98	220	37206	0	0	0	13236	20734	0	1466	0	0	502	6358	4054	9606	4134	51702	3542	11072	3592	2628	1524	328	0	0	0	646	0	1870	0	170	0	2568	120	1212	0	1458	0	2796	226	4098	0	228	0	590	0	810	0	834	390	8860	9566	7502	5120	21494	884	14476	256	2094	3292	15038	218	0	0	1386	0	0	218	2728	0	0	0	2920	0	0	0	0	0	0	0	0	0	0	0	0	0	0	0	0	0	0	0	0	0	0	0	0	0	0	
64416	Olfactory_L	0	0	0	0	878	0	0	0	98	0	0	0	0	0	1478	0	0	0	0	0	0	4012	0	0	316	0	810	0	1678	0	3612	1006	0	0	0	0	386	0	906	0	946	0	0	0	0	0	0	0	0	0	0	0	0	0	0	0	0	0	0	0	0	0	0	0	0	0	0	0	0	0	6442	3940	2704	1428	208	482	0	0	0	0	0	0	878	0	0	0	0	0	0	0	0	0	0	0	0	0	0	0	0	0	0	0	0	0	0	0	0	0	0	0	0	0	0	0	0	0	
75860	Olfactory_R	0	0	0	0	0	1800	0	0	0	0	0	0	0	0	0	1042	0	0	0	0	4012	0	0	0	0	1090	298	2454	0	1894	2760	2970	0	0	0	0	0	238	0	350	0	1354	0	0	0	0	0	0	0	0	0	0	0	0	0	0	0	0	0	0	0	0	0	0	0	0	0	0	0	0	4944	7266	1174	3098	0	984	0	0	0	0	0	0	0	202	0	0	0	0	0	0	0	0	0	0	0	0	0	0	0	0	0	0	0	0	0	0	0	0	0	0	0	0	0	0	0	0	
733584	Frontal_Sup_Medial_L	702	0	56704	15278	14898	3282	18728	4758	2158	0	2278	536	6704	7554	4804	2964	694	0	12818	13236	0	0	0	49616	4102	7454	630	0	10372	3418	32608	31220	8482	39710	0	0	132	0	0	0	0	0	0	0	0	0	0	0	0	0	0	0	0	0	0	0	202	0	0	0	0	0	0	0	0	0	0	0	0	0	1870	3982	2696	1408	0	0	130	122	168	0	0	0	170	0	204	0	0	0	0	0	0	0	0	0	0	0	0	0	0	0	0	0	0	0	0	0	0	0	0	0	0	0	0	0	0	0	
677384	Frontal_Sup_Medial_R	436	0	12822	43652	1460	11674	1294	6472	0	314	316	1084	548	11162	500	7430	0	228	8196	20734	0	0	49616	0	324	13804	0	500	562	8230	13582	49302	3772	45550	0	0	0	294	0	0	0	0	0	0	0	0	0	0	0	0	124	0	0	0	0	238	202	0	0	0	0	0	0	0	0	0	0	0	0	0	2206	12940	788	6940	0	106	174	308	156	0	0	170	0	0	380	0	0	0	102	0	0	0	0	0	0	0	0	0	0	0	0	0	0	0	0	0	0	0	0	0	0	0	0	0	0	0	
50104	Frontal_Med_Orb_L	0	0	1104	0	4844	0	0	0	1072	0	0	0	232	0	134	0	0	0	282	0	316	0	4102	324	0	504	2334	128	510	0	5358	156	0	0	0	0	0	0	0	0	0	0	0	0	0	0	0	0	0	0	0	0	0	0	0	0	0	0	0	0	0	0	0	0	0	0	0	0	0	0	2194	0	1458	0	0	0	0	0	0	0	0	0	0	0	0	0	0	0	0	0	0	0	0	0	0	0	0	0	0	0	0	0	0	0	0	0	0	0	0	0	0	0	0	0	0	0	
181908	Frontal_Med_Orb_R	0	0	1130	6332	264	11420	0	100	0	242	0	166	0	982	0	316	0	0	340	1466	0	1090	7454	13804	504	0	184	4878	0	1718	3518	13784	100	2348	0	0	0	122	0	0	0	0	0	0	0	0	0	0	0	0	0	0	0	0	0	96	94	0	0	0	0	0	0	0	0	0	0	0	0	0	854	11272	356	5514	0	0	114	220	0	0	0	0	0	0	172	0	0	0	0	0	0	0	0	0	0	0	0	0	0	0	0	0	0	0	0	0	0	0	0	0	0	0	0	0	0	0	
38576	Rectus_L	0	0	228	0	4716	0	0	0	1578	0	0	0	104	0	890	0	0	0	140	0	810	298	630	0	2334	184	0	312	392	0	2374	0	0	0	0	0	0	0	0	0	0	0	0	0	0	0	0	0	0	0	0	0	0	0	0	0	0	0	0	0	0	0	0	0	0	0	0	0	0	0	2472	236	1590	0	0	0	0	0	0	0	0	0	0	0	0	0	0	0	0	0	0	0	0	0	0	0	0	0	0	0	0	0	0	0	0	0	0	0	0	0	0	0	0	0	0	0	
51816	Rectus_R	0	0	0	496	0	7074	0	0	0	368	0	0	0	142	0	1494	0	0	0	0	0	2454	0	500	128	4878	312	0	0	938	280	1708	0	0	0	0	0	0	0	0	0	220	0	0	0	0	0	0	0	0	0	0	0	0	0	0	0	0	0	0	0	0	0	0	0	0	0	0	0	0	0	3160	0	1756	0	0	0	0	0	0	0	0	0	0	0	0	0	0	0	0	0	0	0	0	0	0	0	0	0	0	0	0	0	0	0	0	0	0	0	0	0	0	0	0	0	0	
598636	Insula_L	8694	0	48276	516	14318	0	18768	202	5648	0	25892	140	25632	198	25812	0	24278	0	23518	502	1678	0	10372	562	510	0	392	0	0	128	4226	562	202	514	162	100	6584	0	864	0	1820	0	0	0	122	0	0	0	0	0	108	0	0	0	934	0	3034	0	0	0	144	0	544	0	182	0	0	0	2122	0	2554	136	15516	0	0	0	1886	242	5564	0	5406	0	5802	0	1754	0	0	0	2198	0	0	0	0	0	0	0	0	0	0	0	0	0	0	0	0	0	0	0	0	0	0	0	0	0	0	0	
387156	Insula_R	236	1364	2016	14256	204	5290	310	3130	0	2434	132	10628	182	18574	0	10636	0	10168	3218	6358	0	1894	3418	8230	0	1718	0	938	128	0	3002	13676	1086	9870	0	0	124	3634	0	900	0	2156	0	176	0	124	0	0	0	176	0	214	0	350	0	2226	0	850	0	0	0	114	0	106	0	254	0	202	0	0	1346	5564	476	30428	176	222	574	1422	0	1330	0	4436	0	1408	0	576	0	0	0	918	0	0	0	0	0	0	0	0	0	0	0	0	0	0	0	0	0	0	0	0	0	0	0	0	0	0	
482468	Cingulum_Ant_L	1028	94	20400	7654	9686	1708	7714	776	1670	108	3678	552	5036	2614	2662	1302	642	106	7610	4054	3612	2760	32608	13582	5358	3518	2374	280	4226	3002	0	27816	5720	10230	224	0	180	0	0	0	0	0	0	0	102	0	0	0	0	0	206	0	0	0	0	0	510	0	0	0	194	0	0	0	138	0	0	0	100	0	14298	9606	13304	4960	526	634	604	214	300	0	120	0	94	0	570	0	0	0	170	0	0	0	0	0	0	0	0	0	0	0	0	0	0	0	0	0	0	0	0	0	0	0	0	0	0	0	
663488	Cingulum_Ant_R	262	108	8342	29316	954	11736	1636	1668	130	848	940	1450	1062	12252	632	7102	0	586	6940	9606	1006	2970	31220	49302	156	13784	0	1708	562	13676	27816	0	6284	39732	0	522	0	240	0	0	0	0	0	0	0	0	0	0	0	0	134	0	0	0	0	194	234	0	0	0	100	0	0	0	0	0	0	94	0	0	4084	25098	2254	12314	446	520	286	622	166	0	0	144	0	0	402	0	0	0	104	0	0	0	0	0	0	0	0	0	0	0	0	0	0	0	0	0	0	0	0	0	0	0	0	0	0	0	
182720	Cingulum_Mid_L	1266	0	5022	1066	314	182	242	258	0	0	0	276	216	1048	212	192	0	0	10900	4134	0	0	8482	3772	0	100	0	0	202	1086	5720	6284	0	17148	2202	534	0	0	0	0	0	0	0	0	556	1836	0	0	1084	1808	1584	464	0	0	0	0	506	0	240	0	478	0	0	0	714	0	2986	2686	4118	252	0	266	0	180	0	0	0	0	0	0	0	214	0	0	530	0	0	0	0	0	0	0	0	0	0	0	0	0	0	0	0	0	0	0	0	0	0	0	0	0	0	0	0	0	0	0	
833220	Cingulum_Mid_R	5416	1662	21348	30822	1032	4180	2694	6008	0	116	356	5412	472	11778	364	6210	124	570	28366	51702	0	0	39710	45550	0	2348	0	0	514	9870	10230	39732	17148	0	556	10858	0	0	0	0	0	0	0	884	0	4714	0	0	0	5070	0	1544	0	826	0	1070	0	1426	0	168	0	142	0	0	0	316	798	15748	6644	6892	4544	5180	636	2196	0	0	0	308	0	0	0	690	0	0	0	444	0	0	0	1222	0	0	0	0	0	0	0	0	0	0	0	0	0	0	0	0	0	0	0	0	0	0	0	0	0	0	
116620	Cingulum_Post_L	1216	0	108	3840	0	0	0	0	0	0	0	0	0	0	0	0	0	0	316	3542	0	0	0	0	0	0	0	0	162	0	224	0	2202	556	0	8612	7200	2960	2800	0	0	0	594	0	1664	0	934	0	654	0	1778	0	0	352	0	822	160	0	390	0	0	0	0	0	590	0	4164	1102	1176	0	0	170	0	258	0	0	854	6116	202	0	0	0	0	0	1352	0	0	0	360	880	0	0	0	0	0	0	0	0	0	0	0	0	0	0	0	0	0	0	0	0	0	0	0	0	0	0	
188900	Cingulum_Post_R	330	184	0	5076	0	0	0	0	0	0	0	0	0	0	0	0	0	0	572	11072	0	0	0	0	0	0	0	0	100	0	0	522	534	10858	8612	0	4830	5746	1936	320	0	0	0	1662	0	1042	208	734	0	1196	538	932	0	2200	0	3790	0	262	0	0	0	0	0	0	0	238	892	15546	996	2356	0	124	0	314	0	0	582	6312	104	0	0	0	0	0	96	172	0	0	0	3462	0	0	0	0	0	0	0	0	0	0	0	0	0	0	0	0	0	0	0	0	0	0	0	0	0	0	
212684	Hippocampus_L	3132	0	3206	4110	0	0	1908	0	0	0	716	0	0	0	342	0	464	0	1504	3592	386	0	132	0	0	0	0	0	6584	124	180	0	0	0	7200	4830	0	2232	12646	0	6952	0	890	0	0	0	2340	0	0	0	150	0	660	0	6366	0	518	0	0	0	0	0	0	0	0	0	2910	180	106	0	462	618	6080	222	390	0	6340	8102	1270	0	812	0	1636	0	1208	0	0	0	4842	0	0	0	0	0	0	0	0	0	0	0	0	0	0	0	0	0	0	0	0	0	0	0	0	0	0	0	
209448	Hippocampus_R	0	2046	0	6006	0	218	0	334	0	194	0	300	0	0	0	310	0	414	0	2628	0	238	0	294	0	122	0	0	0	3634	0	240	0	0	2960	5746	2232	0	1130	14498	0	7756	0	1318	0	248	176	1944	0	434	0	96	0	2040	0	19194	0	0	0	0	0	0	0	0	0	0	0	3834	0	0	0	196	0	10022	0	614	0	5428	0	592	0	850	0	292	0	570	0	0	0	5102	0	0	0	0	0	0	0	474	0	0	0	0	0	0	0	0	0	0	0	0	0	0	0	0	0	0	
90508	ParaHippocampal_L	198	0	396	1628	0	0	402	0	0	0	108	0	0	0	266	0	0	0	152	1524	906	0	0	0	0	0	0	0	864	0	0	0	0	0	2800	1936	12646	1130	0	0	2992	0	526	0	0	0	2520	0	0	0	102	0	132	0	3320	0	0	0	0	0	0	0	0	0	0	0	1526	0	0	0	0	96	1096	0	128	0	1980	2546	0	0	0	0	1072	0	0	0	354	0	1148	0	0	0	0	0	208	0	408	0	144	0	0	0	0	0	0	0	0	0	0	0	0	0	0	0	0	0	
100088	ParaHippocampal_R	0	0	0	344	0	0	0	0	0	0	0	0	0	0	0	184	0	0	0	328	0	350	0	0	0	0	0	0	0	900	0	0	0	0	0	320	0	14498	0	0	0	6838	0	824	0	108	0	1800	0	224	0	0	0	374	0	12166	0	0	0	0	0	0	0	0	0	0	0	712	0	0	0	0	0	2602	0	210	0	906	0	200	0	222	0	854	0	280	0	0	0	1348	0	684	0	0	0	0	0	1726	0	1042	0	0	0	0	0	0	0	0	0	0	0	0	0	0	0	0	
37296	Amygdala_L	0	0	0	0	104	0	0	0	0	0	0	0	0	0	374	0	0	0	0	0	946	0	0	0	0	0	0	0	1820	0	0	0	0	0	0	0	6952	0	2992	0	0	0	0	0	0	0	0	0	0	0	0	0	0	0	2774	0	0	0	0	0	0	0	0	0	0	0	0	0	0	0	0	0	0	0	0	0	0	0	0	0	0	0	1430	0	0	0	0	0	1256	0	0	0	0	0	0	0	0	0	0	0	0	0	0	0	0	0	0	0	0	0	0	0	0	0	0	0	
50776	Amygdala_R	0	0	0	0	0	184	0	0	0	0	0	0	0	0	0	96	0	0	0	0	0	1354	0	0	0	0	0	220	0	2156	0	0	0	0	0	0	0	7756	0	6838	0	0	0	0	0	0	0	0	0	0	0	0	0	0	0	4090	0	0	0	0	0	0	0	0	0	0	0	0	0	0	0	0	0	1172	0	0	0	0	0	0	0	0	0	1198	0	0	0	0	0	0	0	0	0	0	0	0	0	324	0	0	0	0	0	0	0	0	0	0	0	0	0	0	0	0	0	0	
177788	Calcarine_L	0	0	0	0	0	0	0	0	0	0	0	0	0	0	0	0	0	0	0	0	0	0	0	0	0	0	0	0	0	0	0	0	0	0	594	0	890	0	526	0	0	0	0	6738	12384	4406	11966	2614	9160	2442	15780	268	1112	164	1116	620	0	0	0	0	0	0	0	0	232	0	9304	124	0	0	0	0	0	0	0	0	0	0	0	0	0	0	0	0	2136	0	0	0	0	0	0	268	0	0	0	0	592	832	416	842	0	0	0	0	0	340	0	0	0	98	1860	618	0	0	292	160	
270884	Calcarine_R	0	114	0	302	0	0	0	0	0	0	0	0	0	0	0	0	0	0	0	646	0	0	0	0	0	0	0	0	0	176	0	0	0	884	0	1662	0	1318	0	824	0	0	6738	0	2646	21074	1908	26078	0	21188	0	11700	0	4030	0	12236	0	152	0	0	0	0	0	0	0	310	786	17308	160	304	0	0	0	0	0	0	0	0	0	0	0	128	0	0	0	780	0	0	0	616	0	0	0	0	0	0	0	138	0	958	0	0	0	0	0	0	0	0	0	0	158	120	0	0	0	0	
176656	Cuneus_L	586	0	0	0	0	0	0	0	0	0	0	0	0	0	0	0	0	0	202	0	0	0	0	0	0	0	0	0	122	0	102	0	556	0	1664	0	0	0	0	0	0	0	12384	2646	0	5118	3056	340	19418	2744	16620	206	0	0	98	0	318	0	852	0	196	0	0	0	2820	0	11044	226	924	0	0	0	0	0	0	0	0	0	376	0	0	0	0	0	5404	0	0	0	306	0	0	0	0	0	0	0	0	0	0	0	0	0	0	0	0	0	0	0	0	0	0	0	0	0	0	0	
292192	Cuneus_R	0	286	0	358	0	0	0	192	0	0	0	358	0	0	0	0	0	0	0	1870	0	0	0	0	0	0	0	0	0	124	0	0	1836	4714	0	1042	0	248	0	108	0	0	4406	21074	5118	0	926	6952	110	42104	0	14264	0	588	0	3318	0	848	0	2126	0	224	0	0	0	1492	2590	22404	956	2028	0	0	0	0	0	0	0	0	0	0	0	812	0	0	0	1670	0	0	0	586	0	0	0	0	0	0	0	0	0	364	0	0	0	0	0	0	0	0	0	0	0	0	0	0	0	0	
218020	Lingual_L	0	0	0	0	0	0	0	0	0	0	0	0	0	0	0	0	0	0	0	0	0	0	0	0	0	0	0	0	0	0	0	0	0	0	934	208	2340	176	2520	0	0	0	11966	1908	3056	926	0	5516	3380	768	13826	242	4436	148	9334	1590	0	0	0	0	0	0	0	0	0	0	6272	124	0	0	0	0	0	0	0	0	212	274	0	0	0	0	0	0	960	0	0	0	452	0	1768	1324	0	0	0	0	7236	1564	10492	3706	0	0	212	100	116	838	0	0	0	0	3806	4984	318	0	792	186	
251472	Lingual_R	0	0	0	156	0	0	0	0	0	0	0	0	0	0	0	0	0	0	0	170	0	0	0	0	0	0	0	0	0	0	0	0	0	0	0	734	0	1944	0	1800	0	0	2614	26078	340	6952	5516	0	0	10054	0	5640	0	3826	0	16304	0	0	0	0	0	0	0	0	0	0	198	3564	0	0	0	0	0	0	0	0	0	308	0	0	0	0	0	0	0	0	0	0	0	0	802	1712	0	0	292	0	3732	4726	4976	7998	380	0	276	0	1504	230	0	0	0	0	5510	6924	228	0	248	0	
180600	Occipital_Sup_L	908	0	0	0	0	0	0	0	0	0	0	0	0	0	0	0	0	0	212	0	0	0	0	0	0	0	0	0	0	0	0	0	1084	0	654	0	0	0	0	0	0	0	9160	0	19418	110	3380	0	0	0	28608	0	552	0	218	0	994	0	6572	0	1844	0	0	0	3388	0	10662	0	1622	0	0	0	0	0	0	0	0	0	0	0	0	0	0	0	914	0	0	0	0	0	0	0	0	0	0	0	0	0	0	0	0	0	0	0	0	0	0	0	0	0	0	0	0	0	0	0	
349592	Occipital_Sup_R	0	344	0	588	0	0	0	118	0	0	0	262	0	0	0	0	0	252	0	2568	0	0	0	0	0	0	0	0	0	176	0	0	1808	5070	0	1196	0	434	0	224	0	0	2442	21188	2744	42104	768	10054	0	0	0	27204	0	2336	0	4802	0	1560	0	2824	0	2152	0	1240	0	4658	2296	21658	1038	2656	0	0	0	0	0	0	0	0	0	0	0	2080	0	0	0	3986	0	0	0	1572	0	0	0	0	0	0	0	0	0	394	0	0	0	0	0	0	0	0	0	0	0	0	0	0	0	0	
324900	Occipital_Mid_L	1662	0	178	160	0	0	142	0	0	0	0	0	0	0	0	0	0	0	842	120	0	0	0	124	0	0	0	0	108	0	206	134	1584	0	1778	538	150	0	102	0	0	0	15780	0	16620	0	13826	0	28608	0	0	0	14698	0	6328	0	988	0	4964	0	4240	0	0	0	14264	0	13300	0	2380	0	0	0	0	0	0	0	0	0	280	0	0	0	0	0	16136	0	0	0	2210	0	0	0	0	0	0	0	0	0	0	0	0	0	0	0	0	0	0	0	0	0	0	0	0	0	0	0	
232580	Occipital_Mid_R	0	218	0	660	0	0	0	138	0	0	0	246	0	0	0	0	0	198	0	1212	0	0	0	0	0	0	0	0	0	214	0	0	464	1544	0	932	0	96	0	0	0	0	268	11700	206	14264	242	5640	0	27204	0	0	0	3488	0	3750	0	354	0	516	0	6474	0	900	0	14104	142	7844	164	338	0	0	0	0	0	0	0	0	0	0	0	384	0	0	0	9922	0	0	0	2284	0	0	0	0	0	0	0	0	0	180	0	0	0	0	0	0	0	0	0	0	0	0	0	0	0	0	
68808	Occipital_Inf_L	0	0	0	0	0	0	0	0	0	0	0	0	0	0	0	0	0	0	0	0	0	0	0	0	0	0	0	0	0	0	0	0	0	0	0	0	660	0	132	0	0	0	1112	0	0	0	4436	0	552	0	14698	0	0	0	7698	0	0	0	0	0	0	0	0	0	0	0	710	0	0	0	0	0	0	0	0	0	0	0	0	0	0	0	0	0	1012	0	0	0	2978	0	150	0	0	0	0	0	94	0	172	0	0	0	0	0	0	0	0	0	0	0	0	0	0	0	0	0	
106640	Occipital_Inf_R	150	0	0	812	0	0	0	0	0	0	0	0	0	0	0	0	0	0	0	1458	0	0	0	0	0	0	0	0	0	350	0	0	0	826	352	2200	0	2040	0	374	0	0	164	4030	0	588	148	3826	0	2336	0	3488	0	0	0	13386	0	0	0	0	0	0	0	0	0	0	0	1958	278	400	0	0	0	124	0	0	0	0	0	214	0	380	0	0	0	1104	0	0	0	8574	0	226	0	0	0	0	0	392	304	1546	0	0	0	0	0	0	0	0	0	0	374	918	0	0	0	0	
212544	Fusiform_L	100	0	0	0	0	0	0	0	0	0	102	0	0	0	0	0	0	0	0	0	0	0	0	0	0	0	0	0	934	0	0	0	0	0	0	0	6366	0	3320	0	2774	0	1116	0	98	0	9334	0	218	0	6328	0	7698	0	0	0	0	0	0	0	0	0	0	0	0	0	760	0	0	0	0	0	220	0	0	0	338	96	0	0	1250	0	2278	0	3742	0	244	0	13602	0	9998	144	0	0	0	0	10556	0	19528	538	0	0	214	0	146	984	0	0	0	0	434	1728	0	0	1084	0	
408792	Fusiform_R	258	252	0	2274	0	172	0	126	0	172	0	138	0	0	0	286	0	0	0	2796	0	0	0	238	0	96	0	0	0	2226	0	194	0	1070	822	3790	0	19194	0	12166	0	4090	620	12236	0	3318	1590	16304	0	4802	0	3750	0	13386	0	0	0	0	0	0	0	0	0	0	0	112	0	4344	404	430	0	136	0	6052	0	0	0	514	0	518	0	1556	0	3438	0	1868	0	580	0	19342	716	9722	0	0	0	454	1788	11462	2964	19484	106	0	248	0	150	222	0	0	0	154	6798	4246	0	0	222	0	
229792	Postcentral_L	29374	0	7468	252	0	0	3988	0	0	0	2424	0	792	0	0	0	4790	0	5262	226	0	0	202	202	0	94	0	0	3034	0	510	234	506	0	160	0	518	0	0	0	0	0	0	0	318	0	0	0	994	0	988	0	0	0	0	0	0	0	5752	0	21714	0	4696	0	224	0	1750	0	11924	0	2586	112	226	0	0	0	184	224	552	0	1750	0	0	0	416	0	0	0	450	0	0	0	0	0	0	0	0	0	0	0	0	0	0	0	0	0	0	0	0	0	0	0	0	0	0	0	
114932	Postcentral_R	0	13498	0	2432	0	0	0	570	0	0	0	950	0	0	0	0	0	2278	0	4098	0	0	0	0	0	0	0	0	0	850	0	0	0	1426	0	262	0	0	0	0	0	0	0	152	0	848	0	0	0	1560	0	354	0	0	0	0	0	0	0	2498	0	4042	0	10272	0	712	0	2028	680	5216	0	232	0	684	0	110	0	168	0	340	0	696	0	0	0	404	0	0	0	106	0	0	0	0	0	0	0	0	0	0	0	0	0	0	0	0	0	0	0	0	0	0	0	0	0	0	
81832	Parietal_Sup_L	0	0	0	0	0	0	0	0	0	0	0	0	0	0	0	0	0	0	0	0	0	0	0	0	0	0	0	0	0	0	0	0	240	0	390	0	0	0	0	0	0	0	0	0	852	0	0	0	6572	0	4964	0	0	0	0	0	5752	0	0	0	8316	0	0	0	988	0	10762	0	1824	0	0	0	0	0	0	0	0	0	0	0	0	0	0	0	256	0	0	0	0	0	0	0	0	0	0	0	0	0	0	0	0	0	0	0	0	0	0	0	0	0	0	0	0	0	0	0	
39348	Parietal_Sup_R	0	0	0	0	0	0	0	0	0	0	0	0	0	0	0	0	0	0	0	228	0	0	0	0	0	0	0	0	0	0	0	0	0	168	0	0	0	0	0	0	0	0	0	0	0	2126	0	0	0	2824	0	516	0	0	0	0	0	2498	0	0	0	2872	0	984	0	1878	176	5032	0	272	0	0	0	0	0	0	0	0	0	0	0	100	0	0	0	0	0	0	0	0	0	0	0	0	0	0	0	0	0	0	0	0	0	0	0	0	0	0	0	0	0	0	0	0	0	0	
182960	Parietal_Inf_L	7886	0	1058	0	0	0	526	0	0	0	0	0	0	0	0	0	686	0	908	0	0	0	0	0	0	0	0	0	144	0	194	100	478	0	0	0	0	0	0	0	0	0	0	0	196	0	0	0	1844	0	4240	0	0	0	0	0	21714	0	8316	0	0	0	11936	0	10934	0	2312	0	4706	0	0	0	0	0	0	0	0	0	200	0	2538	0	0	0	6058	0	0	0	4506	0	0	0	0	0	0	0	0	0	0	0	0	0	0	0	0	0	0	0	0	0	0	0	0	0	0	0	
95208	Parietal_Inf_R	0	854	0	144	0	0	0	100	0	0	0	120	0	0	0	0	0	822	0	590	0	0	0	0	0	0	0	0	0	114	0	0	0	142	0	0	0	0	0	0	0	0	0	0	0	224	0	0	0	2152	0	6474	0	0	0	0	0	4042	0	2872	0	0	0	12016	0	15108	0	248	0	100	0	0	0	0	0	0	0	0	0	0	0	1078	0	0	0	404	0	0	0	0	0	0	0	0	0	0	0	0	0	0	0	0	0	0	0	0	0	0	0	0	0	0	0	0	0	0	
81940	SupraMarginal_L	872	0	1692	0	0	0	260	0	0	0	0	0	0	0	0	0	1522	0	1432	0	0	0	0	0	0	0	0	0	544	0	0	0	0	0	0	0	0	0	0	0	0	0	0	0	0	0	0	0	0	0	0	0	0	0	0	0	4696	0	0	0	11936	0	0	0	5278	0	0	0	1334	0	0	0	0	0	0	0	0	0	330	0	5012	0	0	0	4760	0	0	0	1302	0	0	0	0	0	0	0	0	0	0	0	0	0	0	0	0	0	0	0	0	0	0	0	0	0	0	0	
97672	SupraMarginal_R	0	2784	0	350	0	0	0	94	0	0	0	178	0	0	0	0	0	3712	0	810	0	0	0	0	0	0	0	0	0	106	0	0	0	0	0	0	0	0	0	0	0	0	0	0	0	0	0	0	0	1240	0	900	0	0	0	0	0	10272	0	984	0	12016	0	0	0	6798	0	0	0	0	0	160	0	98	0	0	0	210	0	816	0	3764	0	0	0	3224	0	0	0	320	0	0	0	0	0	0	0	0	0	0	0	0	0	0	0	0	0	0	0	0	0	0	0	0	0	0	
137120	Angular_L	2726	0	238	0	0	0	214	0	0	0	0	0	0	0	0	0	100	0	268	0	0	0	0	0	0	0	0	0	182	0	138	0	714	0	590	0	0	0	0	0	0	0	232	0	2820	0	0	0	3388	0	14264	0	0	0	0	0	224	0	988	0	10934	0	5278	0	0	0	2098	0	2938	0	0	0	0	0	0	0	0	0	236	0	990	0	0	0	13076	0	0	0	5924	0	0	0	0	0	0	0	0	0	0	0	0	0	0	0	0	0	0	0	0	0	0	0	0	0	0	0	
119480	Angular_R	0	202	0	454	0	0	0	200	0	0	0	290	0	0	0	0	0	268	0	834	0	0	0	0	0	0	0	0	0	254	0	0	0	316	0	238	0	0	0	0	0	0	0	310	0	1492	0	0	0	4658	0	14104	0	0	0	112	0	712	0	1878	0	15108	0	6798	0	0	120	2010	0	232	0	0	0	0	0	0	0	0	0	0	0	3032	0	0	0	5602	0	0	0	516	0	0	0	0	0	0	0	0	0	0	0	0	0	0	0	0	0	0	0	0	0	0	0	0	0	0	
198700	Precuneus_L	380	0	0	336	0	0	0	0	0	0	0	0	0	0	0	0	0	0	98	390	0	0	0	0	0	0	0	0	0	0	0	0	2986	798	4164	892	2910	0	1526	0	0	0	9304	786	11044	2590	6272	198	10662	2296	13300	142	710	0	760	0	1750	0	10762	176	2312	0	0	0	2098	120	0	3788	2144	0	0	0	0	0	0	0	0	344	0	0	0	0	0	0	3066	0	0	0	246	0	0	0	0	0	0	0	0	0	0	0	0	0	0	0	0	0	0	0	0	0	0	0	0	0	0	0	
320460	Precuneus_R	150	620	0	1456	0	0	0	222	0	0	0	404	0	0	0	0	0	0	400	8860	0	0	0	0	0	0	0	0	0	202	0	94	2686	15748	1102	15546	180	3834	0	712	0	0	124	17308	226	22404	124	3564	0	21658	0	7844	0	1958	0	4344	0	2028	0	5032	0	248	0	0	0	2010	3788	0	2028	5770	0	0	0	0	0	0	0	552	0	0	0	1116	0	0	0	2726	0	0	0	3162	0	0	0	0	0	0	0	0	0	0	0	0	0	0	0	0	0	0	0	0	0	0	0	0	0	0	
206528	Paracentral_Lobule_L	25418	208	1818	1414	0	0	1044	0	0	0	454	0	0	0	0	0	1458	0	3318	9566	0	0	0	0	0	0	0	0	2122	0	100	0	4118	6644	1176	996	106	0	0	0	0	0	0	160	924	956	0	0	1622	1038	2380	164	0	278	0	404	11924	680	1824	0	4706	0	1334	0	2938	0	2144	2028	0	2124	0	570	0	0	0	0	0	544	308	0	298	104	0	0	1514	0	0	0	1892	446	0	0	0	0	0	0	0	0	0	0	0	0	0	0	0	0	0	0	0	0	0	0	0	0	0	0	
82084	Paracentral_Lobule_R	0	2868	0	296	0	0	0	0	0	0	0	0	0	0	0	0	0	0	0	7502	0	0	0	0	0	0	0	0	0	0	0	0	252	6892	0	2356	0	0	0	0	0	0	0	304	0	2028	0	0	0	2656	0	338	0	400	0	430	0	5216	0	272	0	100	0	0	0	232	0	5770	2124	0	0	0	0	0	0	0	0	0	0	0	0	140	0	0	0	356	0	0	0	510	0	0	0	0	0	0	0	0	0	0	0	0	0	0	0	0	0	0	0	0	0	0	0	0	0	0	
333444	Caudate_L	6024	734	15550	7732	1926	166	3886	2462	888	0	2614	1892	1748	1718	552	0	488	0	12102	5120	6442	4944	1870	2206	2194	854	2472	0	2554	1346	14298	4084	0	4544	0	0	462	0	0	0	0	0	0	0	0	0	0	0	0	0	0	0	0	0	0	0	2586	0	0	0	0	0	0	0	0	0	0	0	0	0	0	10402	21508	2454	2814	1252	10686	1148	0	0	0	0	0	0	0	0	0	0	0	0	0	0	0	0	0	0	0	0	0	0	0	0	0	0	0	0	0	0	0	0	0	0	0	0	0	0	
450152	Caudate_R	1186	720	2768	24930	230	12502	374	882	0	2296	416	784	386	2016	268	4564	0	258	1844	21494	3940	7266	3982	12940	0	11272	236	3160	136	5564	9606	25098	266	5180	170	124	618	196	96	0	0	0	0	0	0	0	0	0	0	0	0	0	0	0	0	136	112	232	0	0	0	0	0	160	0	0	0	0	570	0	10402	0	3216	21816	530	2690	1534	15682	0	0	0	228	0	0	0	0	0	0	0	0	0	0	0	0	0	0	0	0	0	0	0	0	0	0	0	0	0	0	0	0	0	0	0	0	0	0	
375272	Putamen_L	4464	116	30802	1306	8770	0	9838	758	5566	0	3010	570	830	546	5730	0	1756	0	19732	884	2704	1174	2696	788	1458	356	1590	0	15516	476	13304	2254	0	636	0	0	6080	0	1096	0	0	0	0	0	0	0	0	0	0	0	0	0	0	0	220	0	226	0	0	0	0	0	0	0	0	0	0	0	0	0	21508	3216	0	1258	10116	218	5128	0	172	0	232	0	120	0	146	0	0	0	270	0	0	0	0	0	0	0	0	0	0	0	0	0	0	0	0	0	0	0	0	0	0	0	0	0	0	0	
391192	Putamen_R	216	1262	926	20216	0	7480	292	2234	0	2452	110	1710	180	1778	106	5360	0	3822	1080	14476	1428	3098	1408	6940	0	5514	0	1756	0	30428	4960	12314	180	2196	258	314	222	10022	0	2602	0	1172	0	0	0	0	0	0	0	0	0	0	0	124	0	6052	0	684	0	0	0	0	0	98	0	0	0	0	0	0	2454	21816	1258	0	498	4604	730	4258	0	266	0	2052	0	98	0	382	0	0	0	1710	0	0	0	0	0	0	0	0	0	0	0	0	0	0	0	0	0	0	0	0	0	0	0	0	0	0	
77456	Pallidum_L	1032	0	9542	122	0	0	5724	0	0	0	0	0	0	0	0	0	0	0	3972	256	208	0	0	0	0	0	0	0	0	176	526	446	0	0	0	0	390	0	128	0	0	0	0	0	0	0	0	0	0	0	0	0	0	0	0	0	0	0	0	0	0	0	0	0	0	0	0	0	0	0	2814	530	10116	498	0	0	2130	118	0	0	0	0	0	0	0	0	0	0	0	0	0	0	0	0	0	0	0	0	0	0	0	0	0	0	0	0	0	0	0	0	0	0	0	0	0	0	
35412	Pallidum_R	0	0	0	2300	0	0	0	124	0	0	0	118	0	0	0	0	0	96	0	2094	482	984	0	106	0	0	0	0	0	222	634	520	0	0	0	0	0	614	0	210	0	0	0	0	0	0	0	0	0	0	0	0	0	0	0	0	0	110	0	0	0	0	0	0	0	0	0	0	0	0	1252	2690	218	4604	0	0	0	328	0	0	0	0	0	0	0	0	0	0	0	0	0	0	0	0	0	0	0	0	0	0	0	0	0	0	0	0	0	0	0	0	0	0	0	0	0	0	
143344	Thalamus_L	5472	0	6772	2676	0	0	5156	0	0	0	142	0	0	0	0	0	0	0	4600	3292	0	0	130	174	0	114	0	0	1886	574	604	286	0	0	854	582	6340	0	1980	0	0	0	0	0	0	0	212	0	0	0	0	0	0	0	338	0	184	0	0	0	0	0	0	0	0	0	0	0	0	0	10686	1534	5128	730	2130	0	0	7740	234	0	0	0	0	0	470	0	0	0	652	0	0	0	0	0	0	0	0	0	0	0	0	0	0	0	0	0	0	0	0	0	0	0	0	0	0	0	
200392	Thalamus_R	1978	600	378	14474	0	0	0	476	0	0	0	146	0	0	0	0	0	948	0	15038	0	0	122	308	0	220	0	0	242	1422	214	622	0	308	6116	6312	8102	5428	2546	906	0	0	0	0	0	0	274	308	0	0	0	0	0	0	96	514	224	168	0	0	0	0	0	210	0	0	344	552	544	0	1148	15682	0	4258	118	328	7740	0	376	150	0	256	0	0	0	0	0	0	0	0	0	0	0	0	0	0	0	0	0	0	0	0	0	0	0	0	0	0	0	0	0	0	0	0	0	0	
57644	Heschl_L	1458	0	1246	210	0	0	806	0	0	0	516	0	0	0	0	0	2912	0	446	218	0	0	168	156	0	0	0	0	5564	0	300	166	0	0	202	104	1270	0	0	0	0	0	0	0	376	0	0	0	0	0	280	0	0	0	0	0	552	0	0	0	200	0	330	0	236	0	0	0	308	0	0	0	172	0	0	0	234	376	0	0	3890	0	0	0	5446	0	0	0	680	0	0	0	0	0	0	0	0	0	0	0	0	0	0	0	0	0	0	0	0	0	0	0	0	0	0	0	
24440	Heschl_R	0	122	0	242	0	0	0	164	0	0	0	242	0	0	0	0	0	2642	0	0	0	0	0	0	0	0	0	0	0	1330	0	0	0	0	0	0	0	592	0	200	0	0	0	0	0	0	0	0	0	0	0	0	0	214	0	518	0	340	0	0	0	0	0	816	0	0	0	0	0	0	0	0	0	266	0	0	0	150	0	0	0	3690	0	118	0	308	0	0	0	266	0	0	0	0	0	0	0	0	0	0	0	0	0	0	0	0	0	0	0	0	0	0	0	0	0	0	
139808	Temporal_Sup_L	712	0	1744	0	0	0	204	0	0	0	1870	0	566	0	98	0	5910	0	1374	0	0	0	0	0	0	0	0	0	5406	0	120	0	0	0	0	0	812	0	0	0	0	0	0	0	0	0	0	0	0	0	0	0	0	0	1250	0	1750	0	0	0	2538	0	5012	0	990	0	0	0	298	0	0	0	232	0	0	0	0	0	3890	0	0	0	3610	0	20704	0	0	0	10814	0	0	0	0	0	0	0	0	0	0	0	0	0	0	0	0	0	0	0	0	0	0	0	0	0	0	0	
110264	Temporal_Sup_R	0	322	0	1798	0	102	0	258	0	0	0	908	0	130	0	706	0	2856	98	1386	0	0	0	170	0	0	0	0	0	4436	0	144	214	690	0	0	0	850	0	222	0	0	0	128	0	812	0	0	0	2080	0	384	0	380	0	1556	0	696	0	100	0	1078	0	3764	0	3032	0	1116	104	140	0	228	0	2052	0	0	0	256	0	3690	0	0	0	3308	0	11680	0	752	0	2506	0	0	0	0	0	0	0	0	0	0	0	0	0	0	0	0	0	0	0	0	0	0	0	0	0	0	
92240	Temporal_Pole_Sup_L	0	0	2512	0	144	0	1090	0	0	0	3034	0	1778	0	3550	0	2608	0	1748	0	878	0	170	0	0	0	0	0	5802	0	94	0	0	0	0	0	1636	0	1072	0	1430	0	0	0	0	0	0	0	0	0	0	0	0	0	2278	0	0	0	0	0	0	0	0	0	0	0	0	0	0	0	0	0	120	0	0	0	0	0	0	0	3610	0	0	0	4536	0	2310	0	5720	0	0	0	0	0	0	0	0	0	0	0	0	0	0	0	0	0	0	0	0	0	0	0	0	0	0	0	
42228	Temporal_Pole_Sup_R	0	0	0	0	0	0	0	0	0	0	0	502	0	0	0	1422	0	604	0	0	0	202	0	0	0	0	0	0	0	1408	0	0	0	0	0	0	0	292	0	854	0	1198	0	0	0	0	0	0	0	0	0	0	0	0	0	3438	0	0	0	0	0	0	0	0	0	0	0	0	0	0	0	0	0	98	0	0	0	0	0	118	0	3308	0	0	0	3202	0	2062	0	2406	0	0	0	0	0	0	0	0	0	0	0	0	0	0	0	0	0	0	0	0	0	0	0	0	0	0	
293780	Temporal_Mid_L	1622	0	346	176	0	0	234	0	0	0	158	0	0	0	0	0	1870	0	100	218	0	0	204	380	0	172	0	0	1754	0	570	402	530	0	1352	96	1208	0	0	0	0	0	2136	0	5404	0	960	0	914	0	16136	0	1012	0	3742	0	416	0	256	0	6058	0	4760	0	13076	0	3066	0	1514	0	0	0	146	0	0	0	470	0	5446	0	20704	0	4536	0	0	0	3196	0	41550	0	0	0	0	0	0	0	0	0	0	0	0	0	0	0	0	0	0	0	0	0	0	0	0	0	0	0	
146896	Temporal_Mid_R	0	252	0	2546	0	0	0	0	0	0	0	0	0	0	0	104	0	100	0	2728	0	0	0	0	0	0	0	0	0	576	0	0	0	444	0	172	0	570	0	280	0	0	0	780	0	1670	0	0	0	3986	0	9922	0	1104	0	1868	0	404	0	0	0	404	0	3224	0	5602	0	2726	0	356	0	0	0	382	0	0	0	0	0	308	0	11680	0	3202	0	0	0	1230	0	16828	0	0	0	0	0	0	0	0	0	0	0	0	0	0	0	0	0	0	0	0	0	0	0	0	0	0	
18648	Temporal_Pole_Mid_L	0	0	0	0	0	0	0	0	0	0	0	0	0	0	0	0	0	0	0	0	0	0	0	0	0	0	0	0	0	0	0	0	0	0	0	0	0	0	354	0	0	0	0	0	0	0	0	0	0	0	0	0	0	0	244	0	0	0	0	0	0	0	0	0	0	0	0	0	0	0	0	0	0	0	0	0	0	0	0	0	0	0	2310	0	3196	0	0	0	3220	0	0	0	0	0	0	0	0	0	0	0	0	0	0	0	0	0	0	0	0	0	0	0	0	0	0	0	
11188	Temporal_Pole_Mid_R	0	0	0	0	0	0	0	0	0	0	0	0	0	0	0	0	0	0	0	0	0	0	0	0	0	0	0	0	0	0	0	0	0	0	0	0	0	0	0	0	0	0	0	0	0	0	0	0	0	0	0	0	0	0	0	580	0	0	0	0	0	0	0	0	0	0	0	0	0	0	0	0	0	0	0	0	0	0	0	0	0	752	0	2062	0	1230	0	0	0	970	0	0	0	0	0	0	0	0	0	0	0	0	0	0	0	0	0	0	0	0	0	0	0	0	0	0	
226812	Temporal_Inf_L	1264	0	330	0	0	0	0	0	0	0	270	0	0	0	0	0	1256	0	200	0	0	0	0	102	0	0	0	0	2198	0	170	104	0	0	360	0	4842	0	1148	0	1256	0	0	0	306	0	452	0	0	0	2210	0	2978	0	13602	0	450	0	0	0	4506	0	1302	0	5924	0	246	0	1892	0	0	0	270	0	0	0	652	0	680	0	10814	0	5720	0	41550	0	3220	0	0	0	1926	0	0	0	0	0	0	0	930	0	142	0	134	0	0	0	0	0	0	0	0	0	0	0	0	0	
162748	Temporal_Inf_R	314	214	0	2044	0	0	0	0	0	0	0	0	0	0	0	0	0	0	0	2920	0	0	0	0	0	0	0	0	0	918	0	0	0	1222	880	3462	0	5102	0	1348	0	0	0	616	0	586	0	0	0	1572	0	2284	0	8574	0	19342	0	106	0	0	0	0	0	320	0	516	0	3162	446	510	0	0	0	1710	0	0	0	0	0	266	0	2506	0	2406	0	16828	0	970	0	0	0	230	0	0	0	0	0	0	0	0	0	0	0	0	0	0	0	0	0	0	0	0	0	0	0	0	
394628	Cerebelum_Crus1_L	0	0	0	0	0	0	0	0	0	0	0	0	0	0	0	0	0	0	0	0	0	0	0	0	0	0	0	0	0	0	0	0	0	0	0	0	0	0	0	0	0	0	0	0	0	0	1768	802	0	0	0	0	150	0	9998	716	0	0	0	0	0	0	0	0	0	0	0	0	0	0	0	0	0	0	0	0	0	0	0	0	0	0	0	0	0	0	0	0	1926	0	0	3102	24296	2540	184	0	12400	486	51448	3358	20878	1668	22992	2672	7172	742	2010	0	126	376	1746	8970	8510	2866	3412	0	
456316	Cerebelum_Crus1_R	0	0	0	0	0	0	0	0	0	0	0	0	0	0	0	0	0	0	0	0	0	0	0	0	0	0	0	0	0	0	0	0	0	0	0	0	0	0	0	684	0	0	268	0	0	0	1324	1712	0	0	0	0	0	226	144	9722	0	0	0	0	0	0	0	0	0	0	0	0	0	0	0	0	0	0	0	0	0	0	0	0	0	0	0	0	0	0	0	0	0	230	3102	0	1240	25866	136	2910	1704	17074	4558	62390	1144	5162	1670	31396	334	7752	0	286	106	636	5982	16730	14448	5092	3874	256	
221572	Cerebelum_Crus2_L	0	0	0	0	0	0	0	0	0	0	0	0	0	0	0	0	0	0	0	0	0	0	0	0	0	0	0	0	0	0	0	0	0	0	0	0	0	0	0	0	0	0	0	0	0	0	0	0	0	0	0	0	0	0	0	0	0	0	0	0	0	0	0	0	0	0	0	0	0	0	0	0	0	0	0	0	0	0	0	0	0	0	0	0	0	0	0	0	0	0	24296	1240	0	4584	0	0	380	0	5420	830	31146	3128	21034	3018	2034	124	382	0	0	0	156	2812	6452	2814	936	0	
202712	Cerebelum_Crus2_R	0	0	0	0	0	0	0	0	0	0	0	0	0	0	0	0	0	0	0	0	0	0	0	0	0	0	0	0	0	0	0	0	0	0	0	0	0	0	0	0	0	0	0	0	0	0	0	0	0	0	0	0	0	0	0	0	0	0	0	0	0	0	0	0	0	0	0	0	0	0	0	0	0	0	0	0	0	0	0	0	0	0	0	0	0	0	0	0	0	0	2540	25866	4584	0	0	0	0	0	220	3880	2420	20482	644	27608	0	2592	0	0	0	0	98	1578	7240	1190	320	94	
23516	Cerebelum_3_L	0	0	0	0	0	0	0	0	0	0	0	0	0	0	0	0	0	0	0	0	0	0	0	0	0	0	0	0	0	0	0	0	0	0	0	0	0	0	208	0	0	0	0	0	0	0	0	292	0	0	0	0	0	0	0	0	0	0	0	0	0	0	0	0	0	0	0	0	0	0	0	0	0	0	0	0	0	0	0	0	0	0	0	0	0	0	0	0	0	0	184	136	0	0	0	290	3878	416	550	392	0	0	0	0	1412	0	0	0	918	1548	1426	108	0	0	0	0	
46292	Cerebelum_3_R	0	0	0	0	0	0	0	0	0	0	0	0	0	0	0	0	0	0	0	0	0	0	0	0	0	0	0	0	0	0	0	0	0	0	0	0	0	0	0	0	0	0	0	0	0	0	0	0	0	0	0	0	0	0	0	454	0	0	0	0	0	0	0	0	0	0	0	0	0	0	0	0	0	0	0	0	0	0	0	0	0	0	0	0	0	0	0	0	0	0	0	2910	0	0	290	0	446	5552	170	5762	0	0	0	0	132	568	0	0	472	3634	2106	318	114	0	218	0	
233996	Cerebelum_4_5_L	0	0	0	0	0	0	0	0	0	0	0	0	0	0	0	0	0	0	0	0	0	0	0	0	0	0	0	0	0	0	0	0	0	0	0	0	0	0	408	0	0	0	592	0	0	0	7236	3732	0	0	0	0	94	0	10556	1788	0	0	0	0	0	0	0	0	0	0	0	0	0	0	0	0	0	0	0	0	0	0	0	0	0	0	0	0	0	0	0	0	0	0	12400	1704	380	0	3878	446	0	5136	29498	3958	1808	0	3120	0	5968	1402	638	104	826	2054	13384	3574	0	0	1880	434	
214176	Cerebelum_4_5_R	0	0	0	0	0	0	0	0	0	0	0	0	0	0	0	0	0	0	0	0	0	0	0	0	0	0	0	0	0	0	0	0	0	0	0	0	0	474	0	1726	0	324	832	138	0	0	1564	4726	0	0	0	0	0	392	0	11462	0	0	0	0	0	0	0	0	0	0	0	0	0	0	0	0	0	0	0	0	0	0	0	0	0	0	0	0	0	0	0	0	0	0	486	17074	0	0	416	5552	5136	0	2466	29646	510	0	618	350	1730	1508	0	336	256	1194	15528	1302	336	0	656	350	
431308	Cerebelum_6_L	0	0	0	0	0	0	0	0	0	0	0	0	0	0	0	0	0	0	0	0	0	0	0	0	0	0	0	0	0	0	0	0	0	0	0	0	0	0	144	0	0	0	416	0	0	0	10492	4976	0	0	0	0	172	304	19528	2964	0	0	0	0	0	0	0	0	0	0	0	0	0	0	0	0	0	0	0	0	0	0	0	0	0	0	0	0	0	0	0	0	930	0	51448	4558	5420	220	550	170	29498	2466	0	8794	9564	0	13798	896	5790	2628	1546	0	278	770	8004	16144	5184	2376	5626	0	
484732	Cerebelum_6_R	0	0	0	0	0	0	0	0	0	0	0	0	0	0	0	0	0	0	0	0	0	0	0	0	0	0	0	0	0	0	0	0	0	0	0	0	0	0	0	1042	0	0	842	958	0	364	3706	7998	0	394	0	180	0	1546	538	19484	0	0	0	0	0	0	0	0	0	0	0	0	0	0	0	0	0	0	0	0	0	0	0	0	0	0	0	0	0	0	0	0	0	0	3358	62390	830	3880	392	5762	3958	29646	8794	0	980	936	1546	14442	580	7192	0	768	340	1754	15710	21932	9882	4996	4874	372	
243716	Cerebelum_7b_L	0	0	0	0	0	0	0	0	0	0	0	0	0	0	0	0	0	0	0	0	0	0	0	0	0	0	0	0	0	0	0	0	0	0	0	0	0	0	0	0	0	0	0	0	0	0	0	380	0	0	0	0	0	0	0	106	0	0	0	0	0	0	0	0	0	0	0	0	0	0	0	0	0	0	0	0	0	0	0	0	0	0	0	0	0	0	0	0	142	0	20878	1144	31146	2420	0	0	1808	510	9564	980	0	2358	28258	4952	3094	252	490	0	0	0	958	1550	5070	5208	590	0	
112332	Cerebelum_7b_R	0	0	0	0	0	0	0	0	0	0	0	0	0	0	0	0	0	0	0	0	0	0	0	0	0	0	0	0	0	0	0	0	0	0	0	0	0	0	0	0	0	0	0	0	0	0	0	0	0	0	0	0	0	0	0	0	0	0	0	0	0	0	0	0	0	0	0	0	0	0	0	0	0	0	0	0	0	0	0	0	0	0	0	0	0	0	0	0	0	0	1668	5162	3128	20482	0	0	0	0	0	936	2358	0	932	15780	0	322	0	0	0	0	0	476	3482	1440	0	0	
273632	Cerebelum_8_L	0	0	0	0	0	0	0	0	0	0	0	0	0	0	0	0	0	0	0	0	0	0	0	0	0	0	0	0	0	0	0	0	0	0	0	0	0	0	0	0	0	0	0	0	0	0	212	276	0	0	0	0	0	0	214	248	0	0	0	0	0	0	0	0	0	0	0	0	0	0	0	0	0	0	0	0	0	0	0	0	0	0	0	0	0	0	0	0	134	0	22992	1670	21034	644	0	0	3120	618	13798	1546	28258	932	0	4440	13204	2250	3744	0	0	0	1308	1720	3954	7674	2826	0	
282840	Cerebelum_8_R	0	0	0	0	0	0	0	0	0	0	0	0	0	0	0	0	0	0	0	0	0	0	0	0	0	0	0	0	0	0	0	0	0	0	0	0	0	0	0	0	0	0	0	0	0	0	100	0	0	0	0	0	0	0	0	0	0	0	0	0	0	0	0	0	0	0	0	0	0	0	0	0	0	0	0	0	0	0	0	0	0	0	0	0	0	0	0	0	0	0	2672	31396	3018	27608	0	0	0	350	896	14442	4952	15780	4440	0	464	13996	0	162	0	0	362	3638	8388	6306	2190	260	
130908	Cerebelum_9_L	0	0	0	0	0	0	0	0	0	0	0	0	0	0	0	0	0	0	0	0	0	0	0	0	0	0	0	0	0	0	0	0	0	0	0	0	0	0	0	0	0	0	0	0	0	0	116	1504	0	0	0	0	0	0	146	150	0	0	0	0	0	0	0	0	0	0	0	0	0	0	0	0	0	0	0	0	0	0	0	0	0	0	0	0	0	0	0	0	0	0	7172	334	2034	0	1412	132	5968	1730	5790	580	3094	0	13204	464	0	2230	6322	0	192	354	3324	2208	1458	2186	3166	184	
148500	Cerebelum_9_R	0	0	0	0	0	0	0	0	0	0	0	0	0	0	0	0	0	0	0	0	0	0	0	0	0	0	0	0	0	0	0	0	0	0	0	0	0	0	0	0	0	0	340	0	0	0	838	230	0	0	0	0	0	0	984	222	0	0	0	0	0	0	0	0	0	0	0	0	0	0	0	0	0	0	0	0	0	0	0	0	0	0	0	0	0	0	0	0	0	0	742	7752	124	2592	0	568	1402	1508	2628	7192	252	322	2250	13996	2230	0	104	1232	672	1254	3918	5984	1934	3540	8172	1268	
30796	Cerebelum_10_L	0	0	0	0	0	0	0	0	0	0	0	0	0	0	0	0	0	0	0	0	0	0	0	0	0	0	0	0	0	0	0	0	0	0	0	0	0	0	0	0	0	0	0	0	0	0	0	0	0	0	0	0	0	0	0	0	0	0	0	0	0	0	0	0	0	0	0	0	0	0	0	0	0	0	0	0	0	0	0	0	0	0	0	0	0	0	0	0	0	0	2010	0	382	0	0	0	638	0	1546	0	490	0	3744	0	6322	104	0	0	0	0	162	0	0	0	0	0	
8256	Cerebelum_10_R	0	0	0	0	0	0	0	0	0	0	0	0	0	0	0	0	0	0	0	0	0	0	0	0	0	0	0	0	0	0	0	0	0	0	0	0	0	0	0	0	0	0	0	0	0	0	0	0	0	0	0	0	0	0	0	0	0	0	0	0	0	0	0	0	0	0	0	0	0	0	0	0	0	0	0	0	0	0	0	0	0	0	0	0	0	0	0	0	0	0	0	286	0	0	0	0	104	336	0	768	0	0	0	162	0	1232	0	0	0	0	458	404	0	0	378	0	
21996	Vermis_1_2	0	0	0	0	0	0	0	0	0	0	0	0	0	0	0	0	0	0	0	0	0	0	0	0	0	0	0	0	0	0	0	0	0	0	0	0	0	0	0	0	0	0	0	0	0	0	0	0	0	0	0	0	0	0	0	0	0	0	0	0	0	0	0	0	0	0	0	0	0	0	0	0	0	0	0	0	0	0	0	0	0	0	0	0	0	0	0	0	0	0	126	106	0	0	918	472	826	256	278	340	0	0	0	0	192	672	0	0	0	5122	1358	122	0	0	110	100	
46256	Vermis_3	0	0	0	0	0	0	0	0	0	0	0	0	0	0	0	0	0	0	0	0	0	0	0	0	0	0	0	0	0	0	0	0	0	0	0	0	0	0	0	0	0	0	98	0	0	0	0	0	0	0	0	0	0	0	0	154	0	0	0	0	0	0	0	0	0	0	0	0	0	0	0	0	0	0	0	0	0	0	0	0	0	0	0	0	0	0	0	0	0	0	376	636	0	0	1548	3634	2054	1194	770	1754	0	0	0	0	354	1254	0	0	5122	0	3200	402	126	0	304	148	
221968	Vermis_4_5	0	0	0	0	0	0	0	0	0	0	0	0	0	0	0	0	0	0	0	0	0	0	0	0	0	0	0	0	0	0	0	0	0	0	0	0	0	0	0	0	0	0	1860	158	0	0	3806	5510	0	0	0	0	0	374	434	6798	0	0	0	0	0	0	0	0	0	0	0	0	0	0	0	0	0	0	0	0	0	0	0	0	0	0	0	0	0	0	0	0	0	0	1746	5982	156	98	1426	2106	13384	15528	8004	15710	958	0	1308	362	3324	3918	162	458	1358	3200	0	7270	202	94	3628	1662	
295076	Vermis_6	0	0	0	0	0	0	0	0	0	0	0	0	0	0	0	0	0	0	0	0	0	0	0	0	0	0	0	0	0	0	0	0	0	0	0	0	0	0	0	0	0	0	618	120	0	0	4984	6924	0	0	0	0	0	918	1728	4246	0	0	0	0	0	0	0	0	0	0	0	0	0	0	0	0	0	0	0	0	0	0	0	0	0	0	0	0	0	0	0	0	0	0	8970	16730	2812	1578	108	318	3574	1302	16144	21932	1550	476	1720	3638	2208	5984	0	404	122	402	7270	0	13062	5662	11022	1012	
208248	Vermis_7	0	0	0	0	0	0	0	0	0	0	0	0	0	0	0	0	0	0	0	0	0	0	0	0	0	0	0	0	0	0	0	0	0	0	0	0	0	0	0	0	0	0	0	0	0	0	318	228	0	0	0	0	0	0	0	0	0	0	0	0	0	0	0	0	0	0	0	0	0	0	0	0	0	0	0	0	0	0	0	0	0	0	0	0	0	0	0	0	0	0	8510	14448	6452	7240	0	114	0	336	5184	9882	5070	3482	3954	8388	1458	1934	0	0	0	126	202	13062	0	8162	5574	0	
