data	data	461028	265920	1.00838e+06	750864	163196	65092	487576	242236	85540	15376	219312	220284	260444	182124	185040	66796	178916	92260	766920	794792	59820	44484	425876	479500	26292	63952	44056	52660	635292	321812	335792	544984	107984	513116	98916	118280	186236	227232	64168	131072	29264	45048	173088	255900	159984	208108	207220	178568	173892	219736	381752	214472	125620	134088	248772	284168	256080	190692	106160	181388	157236	120300	105416	145372	93788	110944	249348	306804	194788	75512	239140	371548	309296	255656	66104	22048	127328	137516	55768	15796	148580	71444	67228	35684	245848	146024	15616	11996	214004	161900	433908	334680	257500	232580	11788	26692	206964	135256	371608	307488	190276	95712	196540	191356	57940	52392	10352	6984	13408	27584	153640	135652	226024	63320	32616	12740	
data	data	Precentral_L	Precentral_R	Frontal_Sup_L	Frontal_Sup_R	Frontal_Sup_Orb_L	Frontal_Sup_Orb_R	Frontal_Mid_L	Frontal_Mid_R	Frontal_Mid_Orb_L	Frontal_Mid_Orb_R	Frontal_Inf_Oper_L	Frontal_Inf_Oper_R	Frontal_Inf_Tri_L	Frontal_Inf_Tri_R	Frontal_Inf_Orb_L	Frontal_Inf_Orb_R	Rolandic_Oper_L	Rolandic_Oper_R	Supp_Motor_Area_L	Supp_Motor_Area_R	Olfactory_L	Olfactory_R	Frontal_Sup_Medial_L	Frontal_Sup_Medial_R	Frontal_Med_Orb_L	Frontal_Med_Orb_R	Rectus_L	Rectus_R	Insula_L	Insula_R	Cingulum_Ant_L	Cingulum_Ant_R	Cingulum_Mid_L	Cingulum_Mid_R	Cingulum_Post_L	Cingulum_Post_R	Hippocampus_L	Hippocampus_R	ParaHippocampal_L	ParaHippocampal_R	Amygdala_L	Amygdala_R	Calcarine_L	Calcarine_R	Cuneus_L	Cuneus_R	Lingual_L	Lingual_R	Occipital_Sup_L	Occipital_Sup_R	Occipital_Mid_L	Occipital_Mid_R	Occipital_Inf_L	Occipital_Inf_R	Fusiform_L	Fusiform_R	Postcentral_L	Postcentral_R	Parietal_Sup_L	Parietal_Sup_R	Parietal_Inf_L	Parietal_Inf_R	SupraMarginal_L	SupraMarginal_R	Angular_L	Angular_R	Precuneus_L	Precuneus_R	Paracentral_Lobule_L	Paracentral_Lobule_R	Caudate_L	Caudate_R	Putamen_L	Putamen_R	Pallidum_L	Pallidum_R	Thalamus_L	Thalamus_R	Heschl_L	Heschl_R	Temporal_Sup_L	Temporal_Sup_R	Temporal_Pole_Sup_L	Temporal_Pole_Sup_R	Temporal_Mid_L	Temporal_Mid_R	Temporal_Pole_Mid_L	Temporal_Pole_Mid_R	Temporal_Inf_L	Temporal_Inf_R	Cerebelum_Crus1_L	Cerebelum_Crus1_R	Cerebelum_Crus2_L	Cerebelum_Crus2_R	Cerebelum_3_L	Cerebelum_3_R	Cerebelum_4_5_L	Cerebelum_4_5_R	Cerebelum_6_L	Cerebelum_6_R	Cerebelum_7b_L	Cerebelum_7b_R	Cerebelum_8_L	Cerebelum_8_R	Cerebelum_9_L	Cerebelum_9_R	Cerebelum_10_L	Cerebelum_10_R	Vermis_1_2	Vermis_3	Vermis_4_5	Vermis_6	Vermis_7	Vermis_8	Vermis_9	Vermis_10	
461028	Precentral_L	0	5290	17258	2754	0	0	16994	2372	0	0	13226	446	4644	0	0	0	10518	248	10746	6192	0	0	0	0	0	0	0	0	14384	354	102	0	0	1660	1378	1130	8770	1388	0	510	0	0	0	0	0	0	0	0	0	0	550	0	152	0	112	0	31292	336	774	0	1834	0	668	0	0	0	0	0	23090	760	7406	362	11588	0	3366	0	19300	1810	4074	0	728	0	88	0	1048	0	0	0	812	0	0	0	0	0	0	0	0	0	0	0	0	0	0	0	0	0	0	0	0	0	0	0	0	0	0	0	
265920	Precentral_R	5290	0	3698	4546	0	0	390	6076	0	0	0	5964	0	0	0	0	0	1086	3434	10562	0	0	0	0	0	0	0	0	188	2234	0	0	512	4598	418	1058	0	5822	0	318	0	0	0	130	0	0	0	0	0	122	0	192	0	1974	0	2146	148	23086	0	850	0	2262	0	2692	0	224	400	1238	9314	5066	1060	7128	398	3100	0	146	696	12232	0	0	0	0	0	0	0	534	0	0	0	1628	0	0	0	0	0	0	0	0	0	0	0	0	0	0	0	0	0	0	0	0	0	0	0	0	0	0	
1.00838e+06	Frontal_Sup_L	17258	3698	0	9382	14578	0	74302	3264	4800	0	12416	1070	17256	1052	12644	286	12190	164	87028	19032	372	0	51310	7144	124	0	0	0	52086	962	21318	7456	2310	8804	116	90	1900	246	212	0	150	0	0	0	0	0	0	0	0	0	0	0	0	0	146	0	6168	1790	0	94	154	738	0	726	0	0	0	0	1544	0	7240	1270	26244	436	7418	250	1436	452	154	0	1168	0	1584	0	0	0	0	0	160	0	0	0	0	0	0	0	0	0	0	0	0	0	0	0	0	0	0	0	0	0	0	0	0	0	0	0	
750864	Frontal_Sup_R	2754	4546	9382	0	274	2604	2850	35774	0	314	380	11092	180	4664	0	1398	478	4880	16956	75558	0	0	9394	46854	252	2286	0	416	2264	16394	5150	34672	1116	19656	0	0	112	1592	0	322	0	0	0	0	0	0	0	0	0	0	0	0	0	0	0	162	192	1112	0	0	0	862	0	958	0	0	0	0	1254	90	5956	25456	2078	15928	138	2146	0	4226	0	0	220	0	0	0	0	0	0	0	0	90	0	0	0	0	0	0	0	0	0	0	0	0	0	0	0	0	0	0	0	0	0	0	0	0	0	0	
163196	Frontal_Sup_Orb_L	0	0	14578	274	0	0	2706	0	11616	0	0	0	1100	0	13780	0	0	0	700	0	1782	0	5872	324	3358	0	3556	0	11884	0	5320	358	0	0	0	0	0	0	514	0	434	0	0	0	0	0	0	0	0	0	0	0	0	0	0	0	0	0	0	0	0	0	0	0	0	0	0	0	0	0	104	0	2972	0	0	0	0	0	0	0	0	0	366	0	0	0	0	0	0	0	0	0	0	0	0	0	0	0	0	0	0	0	0	0	0	0	0	0	0	0	0	0	0	0	0	0	
65092	Frontal_Sup_Orb_R	0	0	0	2604	0	0	0	134	0	2032	0	0	0	404	0	1300	0	0	192	916	0	422	126	3736	0	4976	0	6222	0	870	332	3026	0	374	0	0	0	0	0	0	0	0	0	0	0	0	0	0	0	0	0	0	0	0	0	0	0	0	0	0	0	0	0	0	0	0	0	0	0	0	0	2942	0	1938	0	0	0	0	0	0	0	0	0	0	0	0	0	0	0	0	0	0	0	0	0	0	0	0	0	0	0	0	0	0	0	0	0	0	0	0	0	0	0	0	0	0	
487576	Frontal_Mid_L	16994	390	74302	2850	2706	0	0	2086	4080	0	12778	1308	31590	1068	10240	0	2006	138	20192	1274	0	0	19004	1858	0	0	0	0	19948	444	4596	2056	0	1486	0	0	384	0	0	0	0	0	0	0	0	0	0	0	0	0	0	0	0	0	0	0	1180	158	0	0	0	0	0	0	0	0	0	0	112	0	1716	168	4364	0	1188	0	678	0	0	0	238	0	208	0	0	0	0	0	0	0	0	0	0	0	0	0	0	0	0	0	0	0	0	0	0	0	0	0	0	0	0	0	0	0	0	0	
242236	Frontal_Mid_R	2372	6076	3264	35774	0	134	2086	0	0	366	314	10400	92	12284	0	1132	108	1370	3548	6660	0	0	500	5730	0	0	0	0	1266	7096	460	3342	0	2682	0	0	0	318	0	0	0	0	0	0	0	0	0	0	0	0	0	0	0	0	0	0	160	612	0	0	0	0	0	0	0	0	0	0	388	0	5814	3052	1036	1862	0	0	108	616	0	0	96	0	0	0	0	0	0	0	0	0	0	0	0	0	0	0	0	0	0	0	0	0	0	0	0	0	0	0	0	0	0	0	0	0	0	0	
85540	Frontal_Mid_Orb_L	0	0	4800	0	11616	0	4080	0	0	0	0	0	2340	0	13432	0	0	0	0	0	240	0	682	0	270	0	1554	0	3306	0	238	0	0	0	0	0	0	0	0	0	0	0	0	0	0	0	0	0	0	0	0	0	0	0	0	0	0	0	0	0	0	0	0	0	0	0	0	0	0	0	0	0	212	0	0	0	0	0	0	0	0	0	0	0	0	0	0	0	0	0	0	0	0	0	0	0	0	0	0	0	0	0	0	0	0	0	0	0	0	0	0	0	0	0	0	0	
15376	Frontal_Mid_Orb_R	0	0	0	314	0	2032	0	366	0	0	0	0	0	520	0	3416	0	0	0	0	0	0	0	150	0	0	0	274	0	616	0	0	0	0	0	0	0	0	0	0	0	0	0	0	0	0	0	0	0	0	0	0	0	0	0	0	0	0	0	0	0	0	0	0	0	0	0	0	0	0	0	0	0	0	0	0	0	0	0	0	0	0	0	0	0	0	0	0	0	0	0	0	0	0	0	0	0	0	0	0	0	0	0	0	0	0	0	0	0	0	0	0	0	0	0	0	
219312	Frontal_Inf_Oper_L	13226	0	12416	380	0	0	12778	314	0	0	0	254	14680	338	362	0	9072	0	9954	364	0	0	822	332	0	0	0	0	20812	248	1766	1024	0	210	0	0	414	0	0	0	0	0	0	0	0	0	0	0	0	0	0	0	0	0	0	0	3274	0	0	0	0	0	0	0	0	0	0	0	0	0	1556	204	2194	0	0	0	144	0	296	0	150	0	2072	0	0	0	0	0	0	0	0	0	0	0	0	0	0	0	0	0	0	0	0	0	0	0	0	0	0	0	0	0	0	0	0	0	
220284	Frontal_Inf_Oper_R	446	5964	1070	11092	0	0	1308	10400	0	0	254	0	0	15874	0	274	122	3056	2460	8898	0	0	136	1102	0	0	0	0	1150	21388	242	558	0	3476	0	0	0	1662	0	360	0	0	0	0	0	0	0	0	0	0	0	0	0	0	0	0	0	3370	0	0	0	510	0	644	0	0	0	0	0	0	4226	4980	554	3678	0	100	0	788	0	0	0	0	0	0	0	0	0	0	0	0	0	0	0	0	0	0	0	0	0	0	0	0	0	0	0	0	0	0	0	0	0	0	0	0	0	0	
260444	Frontal_Inf_Tri_L	4644	0	17256	180	1100	0	31590	92	2340	0	14680	0	0	92	14668	0	1680	0	7060	194	0	0	2630	344	0	0	0	0	25708	100	1688	626	0	160	0	0	102	0	0	0	0	0	0	0	0	0	0	0	0	0	0	0	0	0	0	0	1308	0	0	0	0	0	0	0	0	0	0	0	0	0	522	92	862	0	0	0	0	0	0	0	148	0	356	0	0	0	0	0	0	0	0	0	0	0	0	0	0	0	0	0	0	0	0	0	0	0	0	0	0	0	0	0	0	0	0	0	
182124	Frontal_Inf_Tri_R	0	0	1052	4664	0	404	1068	12284	0	520	338	15874	92	0	0	4450	0	250	1352	2316	0	290	224	3098	0	0	0	804	830	22582	1340	4342	0	1234	0	0	0	704	0	228	0	0	0	0	0	0	0	0	0	0	0	0	0	0	0	0	0	0	0	0	0	0	0	0	0	0	0	0	0	0	3592	2760	706	3436	0	0	0	228	0	0	0	0	0	0	0	0	0	0	0	0	0	0	0	0	0	0	0	0	0	0	0	0	0	0	0	0	0	0	0	0	0	0	0	0	0	0	
185040	Frontal_Inf_Orb_L	0	0	12644	0	13780	0	10240	0	13432	0	362	0	14668	0	0	0	0	0	604	0	1672	0	1572	0	0	0	626	0	18862	0	612	0	0	0	0	0	0	0	314	0	304	0	0	0	0	0	0	0	0	0	0	0	0	0	0	0	0	0	0	0	0	0	0	0	0	0	0	0	0	0	142	0	1578	0	0	0	0	0	0	0	0	0	1108	0	0	0	0	0	0	0	0	0	0	0	0	0	0	0	0	0	0	0	0	0	0	0	0	0	0	0	0	0	0	0	0	0	
66796	Frontal_Inf_Orb_R	0	0	286	1398	0	1300	0	1132	0	3416	0	274	0	4450	0	0	0	0	1482	2484	0	130	0	624	0	0	0	410	342	5194	110	586	0	1654	0	0	0	0	0	0	0	0	0	0	0	0	0	0	0	0	0	0	0	0	0	0	0	0	0	0	0	0	0	0	0	0	0	0	0	0	756	5642	144	584	0	0	0	1000	0	0	0	0	0	0	0	0	0	0	0	0	0	0	0	0	0	0	0	0	0	0	0	0	0	0	0	0	0	0	0	0	0	0	0	0	0	0	
178916	Rolandic_Oper_L	10518	0	12190	478	0	0	2006	108	0	0	9072	122	1680	0	0	0	0	0	4558	444	0	0	0	0	0	0	0	0	16960	0	0	0	0	0	106	102	1658	112	0	0	0	0	0	0	0	0	0	0	0	0	176	0	0	0	0	0	10564	0	548	0	290	0	3246	0	0	0	0	0	0	0	948	0	898	0	204	0	258	100	3706	0	4876	0	1422	0	1452	0	0	0	656	0	0	0	0	0	0	0	0	0	0	0	0	0	0	0	0	0	0	0	0	0	0	0	0	0	0	0	
92260	Rolandic_Oper_R	248	1086	164	4880	0	0	138	1370	0	0	0	3056	0	250	0	0	0	0	158	3290	0	0	0	0	0	0	0	0	138	10342	0	0	0	108	0	0	0	1992	0	342	0	0	0	0	0	0	0	0	0	0	0	0	0	144	0	566	0	4320	0	474	0	306	0	2726	0	0	0	278	0	0	208	140	0	652	0	0	0	0	0	2458	0	3526	0	0	0	1548	0	0	0	1222	0	0	0	0	0	0	0	0	0	0	0	0	0	0	0	0	0	0	0	0	0	0	0	0	0	0	
766920	Supp_Motor_Area_L	10746	3434	87028	16956	700	192	20192	3548	0	0	9954	2460	7060	1352	604	1482	4558	158	0	52274	0	0	17058	11606	0	0	0	0	22912	2616	10818	12730	7280	30408	126	92	560	274	0	0	0	0	0	0	0	0	0	0	0	0	0	0	0	0	0	0	454	1044	0	0	0	0	0	0	0	0	0	0	13356	0	5392	4970	9614	1106	3666	220	2574	390	0	0	280	0	1216	0	0	0	0	0	0	0	0	0	0	0	0	0	0	0	0	0	0	0	0	0	0	0	0	0	0	0	0	0	0	0	0	0	
794792	Supp_Motor_Area_R	6192	10562	19032	75558	0	916	1274	6660	0	0	364	8898	194	2316	0	2484	444	3290	52274	0	0	0	1846	20194	0	136	0	154	1654	12776	2270	19124	8052	52708	1044	2250	0	1628	0	296	0	0	0	280	0	112	0	0	0	0	0	0	0	384	0	530	354	1130	0	188	0	852	0	944	0	0	126	1184	12900	6460	4374	29604	980	12198	148	2254	0	7214	0	0	110	0	0	0	0	0	0	0	0	480	0	0	0	0	0	0	0	0	0	0	0	0	0	0	0	0	0	0	0	0	0	0	0	0	0	0	
59820	Olfactory_L	0	0	372	0	1782	0	0	0	240	0	0	0	0	0	1672	0	0	0	0	0	0	4452	190	0	466	98	3902	696	2756	0	2110	1410	0	0	0	0	0	0	1274	0	856	0	0	0	0	0	0	0	0	0	0	0	0	0	0	0	0	0	0	0	0	0	0	0	0	0	0	0	0	0	5318	866	1074	0	0	0	0	0	0	0	0	0	376	0	0	0	0	0	0	0	0	0	0	0	0	0	0	0	0	0	0	0	0	0	0	0	0	0	0	0	0	0	0	0	0	0	
44484	Olfactory_R	0	0	0	0	0	422	0	0	0	0	0	0	0	290	0	130	0	0	0	0	4452	0	0	0	178	266	2534	1686	0	1216	1522	1494	0	0	0	0	0	0	0	0	0	260	0	0	0	0	0	0	0	0	0	0	0	0	0	0	0	0	0	0	0	0	0	0	0	0	0	0	0	0	5372	1526	894	0	0	0	0	0	0	0	0	0	0	0	0	0	0	0	0	0	0	0	0	0	0	0	0	0	0	0	0	0	0	0	0	0	0	0	0	0	0	0	0	0	0	0	
425876	Frontal_Sup_Medial_L	0	0	51310	9394	5872	126	19004	500	682	0	822	136	2630	224	1572	0	0	0	17058	1846	190	0	0	24764	1082	892	260	0	5466	244	28504	21586	2682	10574	106	0	0	0	0	0	0	0	0	0	0	0	0	0	0	0	0	0	0	0	0	0	0	0	0	0	0	0	0	0	0	0	0	0	0	0	1124	556	3384	196	0	0	0	0	0	0	0	0	152	0	0	0	0	0	0	0	0	0	0	0	0	0	0	0	0	0	0	0	0	0	0	0	0	0	0	0	0	0	0	0	0	0	
479500	Frontal_Sup_Medial_R	0	0	7144	46854	324	3736	1858	5730	0	150	332	1102	344	3098	0	624	0	0	11606	20194	0	0	24764	0	456	5076	0	1554	634	3712	12966	45220	524	25330	0	0	0	0	0	0	0	0	0	0	0	0	0	0	0	0	0	0	0	0	0	0	0	0	0	0	0	0	0	0	0	0	0	0	0	0	680	8286	1078	6374	0	0	0	0	0	0	0	0	0	0	0	0	0	0	0	0	0	0	0	0	0	0	0	0	0	0	0	0	0	0	0	0	0	0	0	0	0	0	0	0	0	0	
26292	Frontal_Med_Orb_L	0	0	124	252	3358	0	0	0	270	0	0	0	0	0	0	0	0	0	0	0	466	178	1082	456	0	634	1622	0	0	0	3574	296	0	0	0	0	0	0	0	0	0	0	0	0	0	0	0	0	0	0	0	0	0	0	0	0	0	0	0	0	0	0	0	0	0	0	0	0	0	0	374	0	460	0	0	0	0	0	0	0	0	0	0	0	0	0	0	0	0	0	0	0	0	0	0	0	0	0	0	0	0	0	0	0	0	0	0	0	0	0	0	0	0	0	0	0	
63952	Frontal_Med_Orb_R	0	0	0	2286	0	4976	0	0	0	0	0	0	0	0	0	0	0	0	0	136	98	266	892	5076	634	0	92	5378	0	0	1972	5722	0	0	0	0	0	0	0	0	0	0	0	0	0	0	0	0	0	0	0	0	0	0	0	0	0	0	0	0	0	0	0	0	0	0	0	0	0	0	98	2346	0	2004	0	0	0	0	0	0	0	0	0	0	0	0	0	0	0	0	0	0	0	0	0	0	0	0	0	0	0	0	0	0	0	0	0	0	0	0	0	0	0	0	0	0	
44056	Rectus_L	0	0	0	0	3556	0	0	0	1554	0	0	0	0	0	626	0	0	0	0	0	3902	2534	260	0	1622	92	0	522	124	0	2106	660	0	0	0	0	0	0	0	0	0	0	0	0	0	0	0	0	0	0	0	0	0	0	0	0	0	0	0	0	0	0	0	0	0	0	0	0	0	0	3308	284	878	0	0	0	0	0	0	0	0	0	0	0	0	0	0	0	0	0	0	0	0	0	0	0	0	0	0	0	0	0	0	0	0	0	0	0	0	0	0	0	0	0	0	0	
52660	Rectus_R	0	0	0	416	0	6222	0	0	0	274	0	0	0	804	0	410	0	0	0	154	696	1686	0	1554	0	5378	522	0	0	1106	222	3766	0	0	0	0	0	0	0	0	0	0	0	0	0	0	0	0	0	0	0	0	0	0	0	0	0	0	0	0	0	0	0	0	0	0	0	0	0	0	700	1432	232	756	0	0	0	0	0	0	0	0	0	0	0	0	0	0	0	0	0	0	0	0	0	0	0	0	0	0	0	0	0	0	0	0	0	0	0	0	0	0	0	0	0	0	
635292	Insula_L	14384	188	52086	2264	11884	0	19948	1266	3306	0	20812	1150	25708	830	18862	342	16960	138	22912	1654	2756	0	5466	634	0	0	124	0	0	624	4276	1446	0	490	898	872	12886	958	2326	466	2734	0	0	0	0	0	0	0	0	0	0	0	0	0	1784	0	8148	128	318	0	0	0	944	0	0	0	0	144	98	0	6602	698	24196	0	0	0	2106	760	6708	0	6236	0	3710	0	1174	0	0	0	2242	0	0	0	0	0	0	0	0	0	0	0	0	0	0	0	0	0	0	0	0	0	0	0	0	0	0	0	
321812	Insula_R	354	2234	962	16394	0	870	444	7096	0	616	248	21388	100	22582	0	5194	0	10342	2616	12776	0	1216	244	3712	0	0	0	1106	624	0	1422	5368	0	4028	0	0	0	4202	0	956	0	1384	0	0	0	0	0	0	0	0	0	0	0	198	0	2194	0	2364	0	340	0	294	0	128	0	0	0	140	0	0	3050	6006	710	12088	0	0	0	476	0	846	0	1330	0	214	0	598	0	0	0	1452	0	0	0	0	0	0	0	0	0	0	0	0	0	0	0	0	0	0	0	0	0	0	0	0	0	0	
335792	Cingulum_Ant_L	102	0	21318	5150	5320	332	4596	460	238	0	1766	242	1688	1340	612	110	0	0	10818	2270	2110	1522	28504	12966	3574	1972	2106	222	4276	1422	0	27470	4358	4166	226	0	98	0	0	0	0	0	0	0	0	0	0	0	0	0	0	0	0	0	0	0	0	0	0	0	0	0	0	0	0	0	0	0	0	0	5860	1676	8654	352	0	0	0	0	0	0	0	0	0	0	0	0	0	0	0	0	0	0	0	0	0	0	0	0	0	0	0	0	0	0	0	0	0	0	0	0	0	0	0	0	0	0	
544984	Cingulum_Ant_R	0	0	7456	34672	358	3026	2056	3342	0	0	1024	558	626	4342	0	586	0	0	12730	19124	1410	1494	21586	45220	296	5722	660	3766	1446	5368	27470	0	2242	27990	0	0	0	0	0	0	0	0	0	0	0	0	0	0	0	0	0	0	0	0	0	0	0	0	0	0	0	0	0	0	0	0	0	0	0	0	4028	19698	2930	11266	0	0	0	0	0	0	0	0	0	0	0	0	0	0	0	0	0	0	0	0	0	0	0	0	0	0	0	0	0	0	0	0	0	0	0	0	0	0	0	0	0	0	
107984	Cingulum_Mid_L	0	512	2310	1116	0	0	0	0	0	0	0	0	0	0	0	0	0	0	7280	8052	0	0	2682	524	0	0	0	0	0	0	4358	2242	0	9322	4482	464	0	0	0	0	0	0	106	0	1650	0	0	0	286	0	1370	0	0	0	0	0	188	0	152	0	0	0	0	0	98	0	3250	608	2548	0	0	0	0	0	0	0	0	0	0	0	0	0	0	0	218	0	0	0	174	0	0	0	0	0	0	0	0	0	0	0	0	0	0	0	0	0	0	0	0	0	0	0	0	0	0	0	
513116	Cingulum_Mid_R	1660	4598	8804	19656	0	374	1486	2682	0	0	210	3476	160	1234	0	1654	0	108	30408	52708	0	0	10574	25330	0	0	0	0	490	4028	4166	27990	9322	0	2166	5534	0	0	0	0	0	0	0	2598	0	1092	0	0	0	0	0	0	0	0	0	108	186	516	0	536	0	0	0	0	0	0	1904	8644	7222	7054	958	5816	0	1106	0	0	0	0	0	0	0	0	0	0	0	0	0	0	0	0	0	0	0	0	0	0	0	0	0	0	0	0	0	0	0	0	0	0	0	0	0	0	0	0	0	0	
98916	Cingulum_Post_L	1378	418	116	0	0	0	0	0	0	0	0	0	0	0	0	0	106	0	126	1044	0	0	106	0	0	0	0	0	898	0	226	0	4482	2166	0	5608	4600	2936	1834	1068	0	0	1880	0	494	152	370	0	128	0	1448	0	152	0	134	0	614	0	128	0	0	0	0	0	0	0	5764	1676	2920	572	0	0	222	0	0	0	2056	1892	0	0	266	0	0	0	770	0	0	0	708	0	0	0	0	0	0	0	0	0	0	0	0	0	0	0	0	0	0	0	0	0	0	0	0	0	0	0	
118280	Cingulum_Post_R	1130	1058	90	0	0	0	0	0	0	0	0	0	0	0	0	0	102	0	92	2250	0	0	0	0	0	0	0	0	872	0	0	0	464	5534	5608	0	2646	8358	0	1654	0	0	0	1900	0	496	0	766	0	100	0	0	0	1024	0	1128	260	646	0	746	0	96	0	0	0	0	996	10230	96	2482	0	0	328	0	0	0	2868	3286	0	0	228	0	0	0	0	0	0	0	142	1164	0	0	0	0	0	0	0	0	0	0	0	0	0	0	0	0	0	0	0	0	300	0	0	0	0	0	
186236	Hippocampus_L	8770	0	1900	112	0	0	384	0	0	0	414	0	102	0	0	0	1658	0	560	0	0	0	0	0	0	0	0	0	12886	0	98	0	0	0	4600	2646	0	2772	8258	1034	5312	0	1718	0	0	0	872	176	0	0	258	0	372	0	7382	0	2516	0	0	0	0	0	0	0	0	0	2000	764	164	0	288	0	6792	0	594	0	4218	1906	2034	0	1974	0	456	0	1410	0	0	0	5718	0	0	0	0	0	0	0	0	0	0	0	0	0	0	0	0	0	0	0	0	0	0	0	0	0	0	0	
227232	Hippocampus_R	1388	5822	246	1592	0	0	0	318	0	0	0	1662	0	704	0	0	112	1992	274	1628	0	0	0	0	0	0	0	0	958	4202	0	0	0	0	2936	8358	2772	0	0	16802	0	9074	0	448	0	0	0	524	0	0	0	0	0	1194	0	13848	274	1534	0	98	0	0	0	644	0	0	0	3844	146	390	0	682	402	11702	0	536	2858	4622	0	692	242	722	0	1192	0	180	0	0	142	5530	0	0	0	0	0	0	0	0	0	0	0	0	0	0	0	0	0	0	0	0	330	0	0	0	0	0	
64168	ParaHippocampal_L	0	0	212	0	514	0	0	0	0	0	0	0	0	0	314	0	0	0	0	0	1274	0	0	0	0	0	0	0	2326	0	0	0	0	0	1834	0	8258	0	0	0	2376	0	2094	0	0	0	1860	0	0	0	908	0	1580	0	3258	0	0	0	0	0	0	0	0	0	0	0	2380	0	0	0	0	0	358	0	0	0	0	0	92	0	0	0	544	0	372	0	0	0	734	0	0	0	0	0	350	0	446	0	0	0	0	0	0	0	0	0	0	0	0	0	0	0	0	0	0	0	
131072	ParaHippocampal_R	510	318	0	322	0	0	0	0	0	0	0	360	0	228	0	0	0	342	0	296	0	0	0	0	0	0	0	0	466	956	0	0	0	0	1068	1654	1034	16802	0	0	0	2812	0	844	0	0	0	3522	0	0	0	0	0	2618	0	13770	118	110	0	0	0	0	0	0	0	0	0	2286	0	0	0	160	126	4488	0	440	1040	1296	0	166	128	0	0	1848	0	0	0	542	0	4512	0	0	0	0	0	0	0	354	0	0	0	0	0	0	0	0	0	0	0	0	0	0	0	0	0	0	
29264	Amygdala_L	0	0	150	0	434	0	0	0	0	0	0	0	0	0	304	0	0	0	0	0	856	0	0	0	0	0	0	0	2734	0	0	0	0	0	0	0	5312	0	2376	0	0	0	0	0	0	0	0	0	0	0	0	0	0	0	1484	0	0	0	0	0	0	0	0	0	0	0	0	0	0	0	0	0	258	0	0	0	0	0	0	0	0	0	392	0	0	0	0	0	332	0	0	0	0	0	0	0	0	0	0	0	0	0	0	0	0	0	0	0	0	0	0	0	0	0	0	0	
45048	Amygdala_R	0	0	0	0	0	0	0	0	0	0	0	0	0	0	0	0	0	0	0	0	0	260	0	0	0	0	0	0	0	1384	0	0	0	0	0	0	0	9074	0	2812	0	0	0	0	0	0	0	0	0	0	0	0	0	0	0	4590	0	0	0	0	0	0	0	0	0	0	0	0	0	0	0	0	0	2196	0	0	0	0	0	0	0	0	0	2208	0	0	0	0	0	0	0	0	0	0	0	0	0	0	0	0	0	0	0	0	0	0	0	0	0	0	0	0	0	0	0	0	
173088	Calcarine_L	0	0	0	0	0	0	0	0	0	0	0	0	0	0	0	0	0	0	0	0	0	0	0	0	0	0	0	0	0	0	0	0	106	0	1880	0	1718	0	2094	0	0	0	0	6058	9364	3866	9652	2372	6030	1900	17052	814	4794	0	2084	188	0	0	0	0	0	0	0	0	0	0	12328	0	0	0	0	0	0	0	0	0	0	0	0	0	0	0	0	0	1200	0	0	0	1238	0	218	0	0	0	0	0	558	0	474	0	0	0	0	0	0	0	0	0	0	0	556	0	0	0	0	0	
255900	Calcarine_R	0	130	0	0	0	0	0	0	0	0	0	0	0	0	0	0	0	0	0	280	0	0	0	0	0	0	0	0	0	0	0	0	0	2598	0	1900	0	448	0	844	0	0	6058	0	3658	20280	1268	22102	0	15978	0	15072	0	6274	0	6226	0	1922	0	666	0	0	0	0	0	0	1318	18212	0	750	0	0	0	0	0	0	0	0	0	0	0	0	0	0	0	768	0	0	0	1198	0	0	0	0	0	0	0	0	0	0	0	0	0	0	0	0	0	0	0	0	0	0	0	0	0	0	
159984	Cuneus_L	0	0	0	0	0	0	0	0	0	0	0	0	0	0	0	0	0	0	0	0	0	0	0	0	0	0	0	0	0	0	0	0	1650	0	494	0	0	0	0	0	0	0	9364	3658	0	5858	1738	706	18716	1140	14726	406	1208	0	324	0	472	0	538	0	0	0	0	0	0	0	12998	186	414	0	0	0	0	0	0	0	0	0	0	0	0	0	0	0	2854	0	0	0	2542	0	0	0	0	0	0	0	0	0	0	0	0	0	0	0	0	0	0	0	0	0	0	0	0	0	0	0	
208108	Cuneus_R	0	0	0	0	0	0	0	0	0	0	0	0	0	0	0	0	0	0	0	112	0	0	0	0	0	0	0	0	0	0	0	0	0	1092	152	496	0	0	0	0	0	0	3866	20280	5858	0	422	5668	92	27160	0	10614	0	462	0	544	0	1204	0	6066	0	0	0	0	0	90	3424	16060	0	270	0	0	0	0	0	0	0	0	0	0	0	0	0	0	0	122	0	0	0	0	0	0	0	0	0	0	0	0	0	0	0	0	0	0	0	0	0	0	0	0	0	0	0	0	0	0	
207220	Lingual_L	0	0	0	0	0	0	0	0	0	0	0	0	0	0	0	0	0	0	0	0	0	0	0	0	0	0	0	0	0	0	0	0	0	0	370	0	872	0	1860	0	0	0	9652	1268	1738	422	0	1550	5066	862	14452	512	5864	0	11138	104	0	0	0	0	0	0	0	0	0	0	3034	0	0	0	0	0	0	0	0	0	0	0	0	0	0	0	0	0	236	0	0	0	1442	0	6766	874	176	0	168	188	11216	596	14292	1406	0	0	0	0	390	0	0	0	94	96	4972	1722	212	0	0	0	
178568	Lingual_R	0	0	0	0	0	0	0	0	0	0	0	0	0	0	0	0	0	0	0	0	0	0	0	0	0	0	0	0	0	0	0	0	0	0	0	766	176	524	0	3522	0	0	2372	22102	706	5668	1550	0	0	8386	0	10282	0	5952	100	10714	0	0	0	0	0	0	0	0	0	0	0	4174	0	0	0	0	0	0	0	0	0	0	0	0	0	0	0	0	0	330	0	0	0	1080	224	1750	0	0	0	0	102	1428	454	3358	0	0	0	0	0	130	0	0	0	0	1076	1998	160	0	110	90	
173892	Occipital_Sup_L	0	0	0	0	0	0	0	0	0	0	0	0	0	0	0	0	0	0	0	0	0	0	0	0	0	0	0	0	0	0	0	0	286	0	128	0	0	0	0	0	0	0	6030	0	18716	92	5066	0	0	0	33036	0	2884	0	1034	0	492	0	5152	0	422	0	0	0	204	0	11296	0	356	0	0	0	0	0	0	0	0	0	0	0	0	0	0	0	1000	0	0	0	660	0	0	0	0	0	0	0	0	0	92	0	0	0	0	0	0	0	0	0	0	0	0	0	0	0	0	0	
219736	Occipital_Sup_R	0	122	0	0	0	0	0	0	0	0	0	0	0	0	0	0	0	0	0	0	0	0	0	0	0	0	0	0	0	0	0	0	0	0	0	100	0	0	0	0	0	0	1900	15978	1140	27160	862	8386	0	0	0	24966	0	916	0	1168	0	1092	0	9550	0	720	0	0	0	3540	2302	9558	0	194	0	0	0	0	0	0	0	0	0	0	0	0	0	0	0	214	0	0	0	0	0	0	0	0	0	0	0	0	0	0	0	0	0	0	0	0	0	0	0	0	0	0	0	0	0	0	
381752	Occipital_Mid_L	550	0	0	0	0	0	0	0	0	0	0	0	0	0	0	0	176	0	0	0	0	0	0	0	0	0	0	0	0	0	0	0	1370	0	1448	0	258	0	908	0	0	0	17052	0	14726	0	14452	0	33036	0	0	0	19474	0	7870	0	4744	0	11762	0	8516	0	1342	0	13534	0	15832	0	432	0	0	0	0	0	0	0	0	0	0	0	0	0	0	0	14238	0	0	0	6796	0	778	0	0	0	0	0	138	0	1286	0	0	0	0	0	0	0	0	0	0	0	158	0	0	0	0	0	
214472	Occipital_Mid_R	0	192	0	0	0	0	0	0	0	0	0	0	0	0	0	0	0	0	0	0	0	0	0	0	0	0	0	0	0	0	0	0	0	0	0	0	0	0	0	0	0	0	814	15072	406	10614	512	10282	0	24966	0	0	0	4522	0	2700	0	992	0	3830	0	2678	0	100	0	15522	504	4932	0	194	0	0	0	0	0	0	0	0	0	0	0	0	0	0	0	7452	0	0	0	952	0	0	0	0	0	0	0	0	0	0	0	0	0	0	0	0	0	0	0	0	0	0	0	0	0	0	
125620	Occipital_Inf_L	152	0	0	0	0	0	0	0	0	0	0	0	0	0	0	0	0	0	0	0	0	0	0	0	0	0	0	0	0	0	0	0	0	0	152	0	372	0	1580	0	0	0	4794	0	1208	0	5864	0	2884	0	19474	0	0	0	10294	0	164	0	0	0	0	0	0	0	384	0	3476	0	0	0	0	0	0	0	0	0	0	0	0	0	0	0	0	0	1778	0	0	0	5130	0	1172	0	0	0	0	0	784	0	2612	0	0	0	0	0	0	0	0	0	0	0	420	116	0	0	0	0	
134088	Occipital_Inf_R	0	1974	0	0	0	0	0	0	0	0	0	0	0	0	0	0	0	144	0	384	0	0	0	0	0	0	0	0	0	198	0	0	0	0	0	1024	0	1194	0	2618	0	0	0	6274	0	462	0	5952	0	916	0	4522	0	0	0	22306	0	148	0	274	0	0	0	0	0	172	334	4612	0	1008	0	0	0	414	0	0	0	0	0	0	0	156	0	0	0	3580	0	0	0	6344	138	604	0	0	0	0	0	88	144	618	0	0	0	0	0	0	0	0	0	0	0	286	156	0	0	0	
248772	Fusiform_L	112	0	146	0	0	0	0	0	0	0	0	0	0	0	0	0	0	0	0	0	0	0	0	0	0	0	0	0	1784	0	0	0	0	0	134	0	7382	0	3258	0	1484	0	2084	0	324	0	11138	100	1034	0	7870	0	10294	0	0	0	0	0	0	0	0	0	0	0	186	0	1934	0	0	0	0	0	464	0	0	0	140	0	200	0	926	0	1466	0	2898	0	1048	0	13658	0	17230	482	322	0	104	0	9344	0	22870	608	0	0	0	0	0	0	0	0	0	0	1084	1712	566	0	0	0	
284168	Fusiform_R	0	2146	0	162	0	0	0	0	0	0	0	0	0	0	0	0	0	566	0	530	0	0	0	0	0	0	0	0	0	2194	0	0	0	108	0	1128	0	13848	0	13770	0	4590	188	6226	0	544	104	10714	0	1168	0	2700	0	22306	0	0	0	238	0	308	0	0	0	0	0	128	320	5390	0	1024	0	96	0	2796	0	0	0	0	0	150	0	1762	0	4138	0	4050	0	1978	0	14798	282	5334	0	0	0	0	0	3588	398	8340	0	0	0	0	0	100	0	0	0	0	1934	1658	282	0	0	0	
256080	Postcentral_L	31292	148	6168	192	0	0	1180	160	0	0	3274	0	1308	0	0	0	10564	0	454	354	0	0	0	0	0	0	0	0	8148	0	0	0	188	186	614	260	2516	274	0	118	0	0	0	0	472	0	0	0	492	0	4744	0	164	0	0	0	0	0	12824	0	17008	0	7366	0	914	0	2098	0	1602	0	2020	0	2822	0	452	0	896	214	3124	0	2436	0	0	0	650	0	0	0	344	0	0	0	0	0	0	0	0	0	0	0	0	0	0	0	0	0	0	0	0	0	0	0	0	0	0	0	
190692	Postcentral_R	336	23086	1790	1112	0	0	158	612	0	0	0	3370	0	0	0	0	0	4320	1044	1130	0	0	0	0	0	0	0	0	128	2364	0	0	0	516	0	646	0	1534	0	110	0	0	0	1922	0	1204	0	0	0	1092	0	992	0	148	0	238	0	0	0	7024	0	9382	0	13876	0	1066	740	6454	0	3460	600	1500	136	2430	0	110	0	174	0	0	0	110	0	0	0	174	0	0	0	258	0	0	0	0	0	0	0	0	0	0	0	0	0	0	0	0	0	0	0	0	0	0	0	0	0	0	
106160	Parietal_Sup_L	774	0	0	0	0	0	0	0	0	0	0	0	0	0	0	0	548	0	0	0	0	0	0	0	0	0	0	0	318	0	0	0	152	0	128	0	0	0	0	0	0	0	0	0	538	0	0	0	5152	0	11762	0	0	0	0	0	12824	0	0	0	10318	0	1560	0	2270	0	5744	0	304	0	0	0	0	0	0	0	0	0	0	0	556	0	0	0	132	0	0	0	0	0	0	0	0	0	0	0	0	0	0	0	0	0	0	0	0	0	0	0	0	0	0	0	0	0	0	0	
181388	Parietal_Sup_R	0	850	94	0	0	0	0	0	0	0	0	0	0	0	0	0	0	474	0	188	0	0	0	0	0	0	0	0	0	340	0	0	0	536	0	746	0	98	0	0	0	0	0	666	0	6066	0	0	0	9550	0	3830	0	274	0	308	0	7024	0	0	0	9936	0	9878	0	5904	5990	21310	0	828	0	0	0	0	0	0	0	0	0	0	0	1156	0	0	0	3080	0	0	0	1568	0	0	0	0	0	0	0	0	0	0	0	0	0	0	0	0	0	0	0	0	0	0	0	0	0	0	
157236	Parietal_Inf_L	1834	0	154	0	0	0	0	0	0	0	0	0	0	0	0	0	290	0	0	0	0	0	0	0	0	0	0	0	0	0	0	0	0	0	0	0	0	0	0	0	0	0	0	0	0	0	0	0	422	0	8516	0	0	0	0	0	17008	0	10318	0	0	0	17230	0	12566	0	504	0	560	0	0	0	0	0	0	0	0	0	0	0	3010	0	0	0	5888	0	0	0	318	0	0	0	0	0	0	0	0	0	0	0	0	0	0	0	0	0	0	0	0	0	0	0	0	0	0	0	
120300	Parietal_Inf_R	0	2262	738	862	0	0	0	0	0	0	0	510	0	0	0	0	0	306	0	852	0	0	0	0	0	0	0	0	0	294	0	0	0	0	0	96	0	0	0	0	0	0	0	0	0	0	0	0	0	720	0	2678	0	0	0	0	0	9382	0	9936	0	0	0	17068	0	9246	212	1290	0	0	0	0	0	502	0	0	0	0	0	0	0	0	0	0	0	1570	0	0	0	1626	0	0	0	0	0	0	0	0	0	0	0	0	0	0	0	0	0	0	0	0	0	0	0	0	0	0	
105416	SupraMarginal_L	668	0	0	0	0	0	0	0	0	0	0	0	0	0	0	0	3246	0	0	0	0	0	0	0	0	0	0	0	944	0	0	0	0	0	0	0	0	0	0	0	0	0	0	0	0	0	0	0	0	0	1342	0	0	0	0	0	7366	0	1560	0	17230	0	0	0	5864	0	0	0	0	0	0	0	0	0	0	0	0	0	302	0	7404	0	0	0	6146	0	0	0	636	0	0	0	0	0	0	0	0	0	0	0	0	0	0	0	0	0	0	0	0	0	0	0	0	0	0	0	
145372	SupraMarginal_R	0	2692	726	958	0	0	0	0	0	0	0	644	0	0	0	0	0	2726	0	944	0	0	0	0	0	0	0	0	0	128	0	0	0	0	0	0	0	644	0	0	0	0	0	0	0	0	0	0	0	0	0	100	0	0	0	0	0	13876	0	9878	0	17068	0	0	0	7432	188	4564	0	0	0	0	0	540	0	0	0	0	0	0	0	3500	0	0	0	3960	0	0	0	2118	0	0	0	0	0	0	0	0	0	0	0	0	0	0	0	0	0	0	0	0	0	0	0	0	0	0	
93788	Angular_L	0	0	0	0	0	0	0	0	0	0	0	0	0	0	0	0	0	0	0	0	0	0	0	0	0	0	0	0	0	0	0	0	98	0	0	0	0	0	0	0	0	0	0	0	0	0	0	0	204	0	13534	0	384	0	186	0	914	0	2270	0	12566	0	5864	0	0	0	0	0	0	0	0	0	0	0	0	0	0	0	0	0	2170	0	0	0	8182	0	0	0	522	0	0	0	0	0	0	0	0	0	0	0	0	0	0	0	0	0	0	0	0	0	0	0	0	0	0	0	
110944	Angular_R	0	224	0	0	0	0	0	0	0	0	0	0	0	0	0	0	0	0	0	0	0	0	0	0	0	0	0	0	0	0	0	0	0	0	0	0	0	0	0	0	0	0	0	0	0	90	0	0	0	3540	0	15522	0	172	0	128	0	1066	0	5904	0	9246	0	7432	0	0	216	648	0	0	0	0	0	0	0	0	0	0	0	0	0	2482	0	0	0	6866	0	0	0	1936	0	0	0	0	0	0	0	0	0	0	0	0	0	0	0	0	0	0	0	0	0	0	0	0	0	0	
249348	Precuneus_L	0	400	0	0	0	0	0	0	0	0	0	0	0	0	0	0	0	0	0	126	0	0	0	0	0	0	0	0	0	0	0	0	3250	1904	5764	996	2000	0	2380	0	0	0	12328	1318	12998	3424	3034	0	11296	2302	15832	504	3476	334	1934	320	2098	740	5744	5990	504	212	0	188	0	216	0	11830	2308	500	0	0	0	0	0	0	0	0	0	0	0	92	0	0	3520	948	0	0	3376	398	0	0	0	0	0	0	0	0	90	0	0	0	0	0	0	0	0	0	0	0	0	0	0	0	0	0	
306804	Precuneus_R	0	1238	0	0	0	0	0	0	0	0	0	0	0	0	0	0	0	278	0	1184	0	0	0	0	0	0	0	0	144	140	0	0	608	8644	1676	10230	764	3844	0	2286	0	0	0	18212	186	16060	0	4174	0	9558	0	4932	0	4612	0	5390	0	6454	0	21310	0	1290	0	4564	0	648	11830	0	0	3632	0	0	0	0	0	0	456	722	0	0	0	1126	0	0	0	3638	0	0	0	3216	0	0	0	0	0	0	0	0	0	0	0	0	0	0	0	0	0	0	0	0	356	0	0	0	0	0	
194788	Paracentral_Lobule_L	23090	9314	1544	1254	0	0	112	388	0	0	0	0	0	0	0	0	0	0	13356	12900	0	0	0	0	0	0	0	0	98	0	0	0	2548	7222	2920	96	164	146	0	0	0	0	0	0	414	0	0	0	356	0	432	0	0	0	0	0	1602	0	304	0	560	0	0	0	0	0	2308	0	0	2140	2204	296	1014	0	2396	0	7290	526	0	0	0	0	0	0	238	0	0	0	162	0	0	0	0	0	0	0	0	0	0	0	0	0	0	0	0	0	0	0	0	0	0	0	0	0	0	0	
75512	Paracentral_Lobule_R	760	5066	0	90	0	0	0	0	0	0	0	0	0	0	0	0	0	0	0	6460	0	0	0	0	0	0	0	0	0	0	0	0	0	7054	572	2482	0	390	0	0	0	0	0	750	0	270	0	0	0	194	0	194	0	1008	0	1024	0	3460	0	828	0	0	0	0	0	0	500	3632	2140	0	0	0	0	0	0	0	0	0	0	0	0	0	0	0	0	168	0	0	0	714	0	0	0	0	0	0	0	0	0	0	0	0	0	0	0	0	0	0	0	0	0	0	0	0	0	0	
239140	Caudate_L	7406	1060	7240	5956	104	0	1716	5814	0	0	1556	4226	522	3592	142	756	948	208	5392	4374	5318	5372	1124	680	374	98	3308	700	6602	3050	5860	4028	0	958	0	0	288	0	0	0	0	0	0	0	0	0	0	0	0	0	0	0	0	0	0	0	2020	600	0	0	0	0	0	0	0	0	0	0	2204	0	0	5296	12854	272	1520	0	4732	224	178	0	652	0	246	0	0	0	0	0	0	0	0	0	0	0	0	0	0	0	0	0	0	0	0	0	0	0	0	0	0	0	0	0	0	0	0	0	
371548	Caudate_R	362	7128	1270	25456	0	2942	168	3052	0	0	204	4980	92	2760	0	5642	0	140	4970	29604	866	1526	556	8286	0	2346	284	1432	698	6006	1676	19698	0	5816	0	0	0	682	0	160	0	0	0	0	0	0	0	0	0	0	0	0	0	0	0	96	0	1500	0	0	0	0	0	0	0	0	0	0	296	0	5296	0	974	19062	0	1856	0	17892	0	0	0	0	0	0	0	0	0	0	0	0	0	0	0	0	0	0	0	0	0	0	0	0	0	0	0	0	0	0	0	0	0	0	0	0	0	0	
309296	Putamen_L	11588	398	26244	2078	2972	0	4364	1036	212	0	2194	554	862	706	1578	144	898	0	9614	980	1074	894	3384	1078	460	0	878	232	24196	710	8654	2930	0	0	222	328	6792	402	358	126	258	0	0	0	0	0	0	0	0	0	0	0	0	0	464	0	2822	136	0	0	0	0	0	0	0	0	0	0	1014	0	12854	974	0	0	10076	0	3228	388	102	0	2046	0	368	0	142	0	0	0	636	0	0	0	0	0	0	0	0	0	0	0	0	0	0	0	0	0	0	0	0	0	0	0	0	0	0	0	
255656	Putamen_R	0	3100	436	15928	0	1938	0	1862	0	0	0	3678	0	3436	0	584	0	652	1106	12198	0	0	196	6374	0	2004	0	756	0	12088	352	11266	0	1106	0	0	0	11702	0	4488	0	2196	0	0	0	0	0	0	0	0	0	0	0	414	0	2796	0	2430	0	0	0	502	0	540	0	0	0	0	0	0	272	19062	0	0	0	2966	0	960	0	0	0	0	0	144	0	0	0	0	0	296	0	0	0	0	0	0	0	0	0	0	0	0	0	0	0	0	0	0	0	0	0	0	0	0	0	0	
66104	Pallidum_L	3366	0	7418	138	0	0	1188	0	0	0	0	0	0	0	0	0	204	0	3666	148	0	0	0	0	0	0	0	0	0	0	0	0	0	0	0	0	594	0	0	0	0	0	0	0	0	0	0	0	0	0	0	0	0	0	0	0	452	0	0	0	0	0	0	0	0	0	0	0	2396	0	1520	0	10076	0	0	0	1886	0	0	0	0	0	0	0	0	0	0	0	0	0	0	0	0	0	0	0	0	0	0	0	0	0	0	0	0	0	0	0	0	0	0	0	0	0	0	0	
22048	Pallidum_R	0	146	250	2146	0	0	0	0	0	0	0	100	0	0	0	0	0	0	220	2254	0	0	0	0	0	0	0	0	0	0	0	0	0	0	0	0	0	536	0	440	0	0	0	0	0	0	0	0	0	0	0	0	0	0	0	0	0	110	0	0	0	0	0	0	0	0	0	0	0	0	0	1856	0	2966	0	0	0	0	0	0	0	0	0	0	0	0	0	0	0	0	0	0	0	0	0	0	0	0	0	0	0	0	0	0	0	0	0	0	0	0	0	0	0	0	0	0	
127328	Thalamus_L	19300	696	1436	0	0	0	678	108	0	0	144	0	0	0	0	0	258	0	2574	0	0	0	0	0	0	0	0	0	2106	0	0	0	0	0	2056	2868	4218	2858	0	1040	0	0	0	0	0	0	0	0	0	0	0	0	0	0	140	0	896	0	0	0	0	0	0	0	0	0	0	456	7290	0	4732	0	3228	0	1886	0	0	4080	0	0	332	0	0	0	0	0	0	0	284	0	0	0	0	0	0	0	0	0	0	0	0	0	0	0	0	0	0	0	0	0	0	0	0	0	0	0	
137516	Thalamus_R	1810	12232	452	4226	0	0	0	616	0	0	0	788	0	228	0	1000	100	0	390	7214	0	0	0	0	0	0	0	0	760	476	0	0	0	0	1892	3286	1906	4622	0	1296	0	0	0	0	0	0	0	0	0	0	0	0	0	0	0	0	214	174	0	0	0	0	0	0	0	0	0	722	526	0	224	17892	388	960	0	0	4080	0	0	0	170	0	0	0	0	0	0	0	114	0	0	0	0	0	0	0	0	0	0	0	0	0	0	0	0	0	0	0	0	0	0	0	0	0	0	0	
55768	Heschl_L	4074	0	154	0	0	0	0	0	0	0	296	0	0	0	0	0	3706	0	0	0	0	0	0	0	0	0	0	0	6708	0	0	0	0	0	0	0	2034	0	92	0	0	0	0	0	0	0	0	0	0	0	0	0	0	0	200	0	3124	0	0	0	0	0	302	0	0	0	0	0	0	0	178	0	102	0	0	0	0	0	0	0	1884	0	0	0	3058	0	0	0	1972	0	0	0	0	0	0	0	0	0	0	0	0	0	0	0	0	0	0	0	0	0	0	0	0	0	0	0	
15796	Heschl_R	0	0	0	0	0	0	0	0	0	0	0	0	0	0	0	0	0	2458	0	0	0	0	0	0	0	0	0	0	0	846	0	0	0	0	0	0	0	692	0	166	0	0	0	0	0	0	0	0	0	0	0	0	0	0	0	150	0	0	0	0	0	0	0	0	0	0	0	0	0	0	0	0	0	0	0	0	0	0	0	0	0	1550	0	0	0	1260	0	0	0	776	0	0	0	0	0	0	0	0	0	0	0	0	0	0	0	0	0	0	0	0	0	0	0	0	0	0	
148580	Temporal_Sup_L	728	0	1168	220	0	0	238	96	0	0	150	0	148	0	0	0	4876	0	280	110	0	0	0	0	0	0	0	0	6236	0	0	0	0	0	266	228	1974	242	0	128	0	0	0	0	0	0	0	0	0	0	0	0	0	0	926	0	2436	0	556	0	3010	0	7404	0	2170	0	0	0	0	0	652	0	2046	0	0	0	332	170	1884	0	0	0	3568	0	21074	0	0	0	10974	0	0	0	0	0	0	0	0	0	0	0	0	0	0	0	0	0	0	0	0	0	0	0	0	0	0	0	
71444	Temporal_Sup_R	0	0	0	0	0	0	0	0	0	0	0	0	0	0	0	0	0	3526	0	0	0	0	0	0	0	0	0	0	0	1330	0	0	0	0	0	0	0	722	0	0	0	0	0	0	0	0	0	0	0	0	0	0	0	156	0	1762	0	110	0	1156	0	0	0	3500	0	2482	92	1126	0	0	0	0	0	0	0	0	0	0	0	1550	0	0	0	898	0	11488	0	250	0	5574	0	0	0	0	0	0	0	0	0	0	0	0	0	0	0	0	0	0	0	0	0	0	0	0	0	0	
67228	Temporal_Pole_Sup_L	88	0	1584	0	366	0	208	0	0	0	2072	0	356	0	1108	0	1422	0	1216	0	376	0	152	0	0	0	0	0	3710	0	0	0	0	0	0	0	456	0	544	0	392	0	0	0	0	0	0	0	0	0	0	0	0	0	1466	0	0	0	0	0	0	0	0	0	0	0	0	0	0	0	246	0	368	0	0	0	0	0	0	0	3568	0	0	0	6220	0	2226	0	5470	0	0	0	0	0	0	0	0	0	0	0	0	0	0	0	0	0	0	0	0	0	0	0	0	0	0	0	
35684	Temporal_Pole_Sup_R	0	0	0	0	0	0	0	0	0	0	0	0	0	0	0	0	0	0	0	0	0	0	0	0	0	0	0	0	0	214	0	0	0	0	0	0	0	1192	0	1848	0	2208	0	0	0	0	0	0	0	0	0	0	0	0	0	4138	0	0	0	0	0	0	0	0	0	0	0	0	0	0	0	0	0	144	0	0	0	0	0	0	0	898	0	0	0	1912	0	1884	0	3404	0	0	0	0	0	0	0	0	0	0	0	0	0	0	0	0	0	0	0	0	0	0	0	0	0	0	
245848	Temporal_Mid_L	1048	0	0	0	0	0	0	0	0	0	0	0	0	0	0	0	1452	0	0	0	0	0	0	0	0	0	0	0	1174	0	0	0	218	0	770	0	1410	0	372	0	0	0	1200	0	2854	0	236	0	1000	0	14238	0	1778	0	2898	0	650	0	132	0	5888	0	6146	0	8182	0	3520	0	238	0	0	0	142	0	0	0	0	0	3058	0	21074	0	6220	0	0	0	2264	0	34762	0	0	0	0	0	0	0	0	0	0	0	0	0	0	0	0	0	0	0	0	0	0	0	0	0	0	0	
146024	Temporal_Mid_R	0	534	0	0	0	0	0	0	0	0	0	0	0	0	0	0	0	1548	0	0	0	0	0	0	0	0	0	0	0	598	0	0	0	0	0	0	0	180	0	0	0	0	0	768	0	122	0	330	0	214	0	7452	0	3580	0	4050	0	174	0	3080	0	1570	0	3960	0	6866	948	3638	0	168	0	0	0	0	0	0	0	0	0	1260	0	11488	0	1912	0	0	0	650	0	17922	0	0	0	0	0	0	0	0	0	0	0	0	0	0	0	0	0	0	0	0	0	0	0	0	0	0	
15616	Temporal_Pole_Mid_L	0	0	0	0	0	0	0	0	0	0	0	0	0	0	0	0	0	0	0	0	0	0	0	0	0	0	0	0	0	0	0	0	0	0	0	0	0	0	0	0	0	0	0	0	0	0	0	0	0	0	0	0	0	0	1048	0	0	0	0	0	0	0	0	0	0	0	0	0	0	0	0	0	0	0	0	0	0	0	0	0	0	0	2226	0	2264	0	0	0	2270	0	0	0	0	0	0	0	0	0	0	0	0	0	0	0	0	0	0	0	0	0	0	0	0	0	0	0	
11996	Temporal_Pole_Mid_R	0	0	0	0	0	0	0	0	0	0	0	0	0	0	0	0	0	0	0	0	0	0	0	0	0	0	0	0	0	0	0	0	0	0	0	0	0	0	0	542	0	0	0	0	0	0	0	0	0	0	0	0	0	0	0	1978	0	0	0	0	0	0	0	0	0	0	0	0	0	0	0	0	0	0	0	0	0	0	0	0	0	250	0	1884	0	650	0	0	0	694	0	0	0	0	0	0	0	0	0	0	0	0	0	0	0	0	0	0	0	0	0	0	0	0	0	0	
214004	Temporal_Inf_L	812	0	160	0	0	0	0	0	0	0	0	0	0	0	0	0	656	0	0	0	0	0	0	0	0	0	0	0	2242	0	0	0	174	0	708	142	5718	142	734	0	332	0	1238	0	2542	0	1442	0	660	0	6796	0	5130	0	13658	0	344	0	0	0	318	0	636	0	522	0	3376	0	162	0	0	0	636	0	0	0	284	114	1972	0	10974	0	5470	0	34762	0	2270	0	0	0	1550	0	0	0	0	0	0	0	326	0	0	0	0	0	0	0	0	0	0	0	0	0	0	0	0	0	
161900	Temporal_Inf_R	0	1628	0	90	0	0	0	0	0	0	0	0	0	0	0	0	0	1222	0	480	0	0	0	0	0	0	0	0	0	1452	0	0	0	0	0	1164	0	5530	0	4512	0	0	0	1198	0	0	0	1080	0	0	0	952	0	6344	0	14798	0	258	0	1568	0	1626	0	2118	0	1936	398	3216	0	714	0	0	0	296	0	0	0	0	0	776	0	5574	0	3404	0	17922	0	694	0	0	0	0	0	0	0	0	0	0	0	0	0	0	0	0	0	0	0	0	0	0	0	0	0	0	0	0	
433908	Cerebelum_Crus1_L	0	0	0	0	0	0	0	0	0	0	0	0	0	0	0	0	0	0	0	0	0	0	0	0	0	0	0	0	0	0	0	0	0	0	0	0	0	0	0	0	0	0	218	0	0	0	6766	224	0	0	778	0	1172	138	17230	282	0	0	0	0	0	0	0	0	0	0	0	0	0	0	0	0	0	0	0	0	0	0	0	0	0	0	0	0	0	0	0	0	1550	0	0	7442	30280	9112	590	0	22270	134	56590	4248	12050	2190	13832	4712	812	332	0	0	0	0	1796	6698	14776	630	102	0	
334680	Cerebelum_Crus1_R	0	0	0	0	0	0	0	0	0	0	0	0	0	0	0	0	0	0	0	0	0	0	0	0	0	0	0	0	0	0	0	0	0	0	0	0	0	0	0	0	0	0	0	0	0	0	874	1750	0	0	0	0	0	604	482	5334	0	0	0	0	0	0	0	0	0	0	0	0	0	0	0	0	0	0	0	0	0	0	0	0	0	0	0	0	0	0	0	0	0	0	7442	0	4910	26160	0	1880	366	16740	4096	51982	2000	1416	1230	13844	0	940	0	318	0	654	7032	7018	9350	612	306	0	
257500	Cerebelum_Crus2_L	0	0	0	0	0	0	0	0	0	0	0	0	0	0	0	0	0	0	0	0	0	0	0	0	0	0	0	0	0	0	0	0	0	0	0	0	0	0	0	0	0	0	0	0	0	0	176	0	0	0	0	0	0	0	322	0	0	0	0	0	0	0	0	0	0	0	0	0	0	0	0	0	0	0	0	0	0	0	0	0	0	0	0	0	0	0	0	0	0	0	30280	4910	0	14032	0	0	110	0	3580	1462	26432	5432	16552	4078	1140	172	0	0	0	0	0	2246	16094	1732	0	0	
232580	Cerebelum_Crus2_R	0	0	0	0	0	0	0	0	0	0	0	0	0	0	0	0	0	0	0	0	0	0	0	0	0	0	0	0	0	0	0	0	0	0	0	0	0	0	0	0	0	0	0	0	0	0	0	0	0	0	0	0	0	0	0	0	0	0	0	0	0	0	0	0	0	0	0	0	0	0	0	0	0	0	0	0	0	0	0	0	0	0	0	0	0	0	0	0	0	0	9112	26160	14032	0	0	0	0	262	1456	5464	7506	10300	2822	19682	0	336	0	0	0	0	204	1422	16212	1206	114	0	
11788	Cerebelum_3_L	0	0	0	0	0	0	0	0	0	0	0	0	0	0	0	0	0	0	0	0	0	0	0	0	0	0	0	0	0	0	0	0	0	0	0	0	0	0	350	0	0	0	0	0	0	0	168	0	0	0	0	0	0	0	104	0	0	0	0	0	0	0	0	0	0	0	0	0	0	0	0	0	0	0	0	0	0	0	0	0	0	0	0	0	0	0	0	0	0	0	590	0	0	0	0	0	2614	0	1092	0	0	0	0	0	0	0	0	0	544	178	254	0	0	0	0	0	
26692	Cerebelum_3_R	0	0	0	0	0	0	0	0	0	0	0	0	0	0	0	0	0	0	0	0	0	0	0	0	0	0	0	0	0	0	0	0	0	0	0	0	0	0	0	0	0	0	0	0	0	0	188	0	0	0	0	0	0	0	0	0	0	0	0	0	0	0	0	0	0	0	0	0	0	0	0	0	0	0	0	0	0	0	0	0	0	0	0	0	0	0	0	0	0	0	0	1880	0	0	0	0	416	2906	144	3284	0	0	0	0	0	318	0	0	282	2804	1034	0	0	0	90	0	
206964	Cerebelum_4_5_L	0	0	0	0	0	0	0	0	0	0	0	0	0	0	0	0	0	0	0	0	0	0	0	0	0	0	0	0	0	0	0	0	0	0	0	0	0	0	446	0	0	0	558	0	0	0	11216	102	0	0	138	0	784	0	9344	0	0	0	0	0	0	0	0	0	0	0	0	0	0	0	0	0	0	0	0	0	0	0	0	0	0	0	0	0	0	0	0	0	0	0	22270	366	110	0	2614	416	0	866	33776	1614	704	0	1406	0	2552	838	350	0	348	444	8494	2148	0	0	752	826	
135256	Cerebelum_4_5_R	0	0	0	0	0	0	0	0	0	0	0	0	0	0	0	0	0	0	0	0	0	0	0	0	0	0	0	0	0	0	0	0	0	0	0	0	0	0	0	354	0	0	0	0	0	0	596	1428	0	0	0	0	0	88	0	3588	0	0	0	0	0	0	0	0	0	0	0	0	0	0	0	0	0	0	0	0	0	0	0	0	0	0	0	0	0	0	0	0	0	0	134	16740	0	262	0	2906	866	0	266	25126	0	0	0	0	0	254	0	0	0	1170	13080	442	0	0	112	216	
371608	Cerebelum_6_L	0	0	0	0	0	0	0	0	0	0	0	0	0	0	0	0	0	0	0	0	0	0	0	0	0	0	0	0	0	0	0	0	0	0	0	0	0	0	0	0	0	0	474	0	0	0	14292	454	92	0	1286	0	2612	144	22870	398	0	0	0	0	0	0	0	0	0	0	90	0	0	0	0	0	0	0	0	0	0	0	0	0	0	0	0	0	0	0	0	0	326	0	56590	4096	3580	1456	1092	144	33776	266	0	5474	2452	430	5100	1426	2732	530	304	0	154	220	6128	10892	4936	360	452	176	
307488	Cerebelum_6_R	0	0	0	0	0	0	0	0	0	0	0	0	0	0	0	0	0	0	0	0	0	0	0	0	0	0	0	0	0	0	0	0	0	0	0	0	0	0	0	0	0	0	0	0	0	0	1406	3358	0	0	0	0	0	618	608	8340	0	0	0	0	0	0	0	0	0	0	0	0	0	0	0	0	0	0	0	0	0	0	0	0	0	0	0	0	0	0	0	0	0	0	4248	51982	1462	5464	0	3284	1614	25126	5474	0	372	446	570	4214	290	1756	0	418	202	1748	14546	9688	5042	662	686	120	
190276	Cerebelum_7b_L	0	0	0	0	0	0	0	0	0	0	0	0	0	0	0	0	0	0	0	0	0	0	0	0	0	0	0	0	0	0	0	0	0	0	0	0	0	0	0	0	0	0	0	0	0	0	0	0	0	0	0	0	0	0	0	0	0	0	0	0	0	0	0	0	0	0	0	0	0	0	0	0	0	0	0	0	0	0	0	0	0	0	0	0	0	0	0	0	0	0	12050	2000	26432	7506	0	0	704	0	2452	372	0	3914	20670	4548	2050	212	196	0	0	0	0	646	8810	2576	0	0	
95712	Cerebelum_7b_R	0	0	0	0	0	0	0	0	0	0	0	0	0	0	0	0	0	0	0	0	0	0	0	0	0	0	0	0	0	0	0	0	0	0	0	0	0	0	0	0	0	0	0	0	0	0	0	0	0	0	0	0	0	0	0	0	0	0	0	0	0	0	0	0	0	0	0	0	0	0	0	0	0	0	0	0	0	0	0	0	0	0	0	0	0	0	0	0	0	0	2190	1416	5432	10300	0	0	0	0	430	446	3914	0	2450	10604	146	680	0	0	0	0	0	392	6384	2726	346	0	
196540	Cerebelum_8_L	0	0	0	0	0	0	0	0	0	0	0	0	0	0	0	0	0	0	0	0	0	0	0	0	0	0	0	0	0	0	0	0	0	0	0	0	0	0	0	0	0	0	0	0	0	0	0	0	0	0	0	0	0	0	0	0	0	0	0	0	0	0	0	0	0	0	0	0	0	0	0	0	0	0	0	0	0	0	0	0	0	0	0	0	0	0	0	0	0	0	13832	1230	16552	2822	0	0	1406	0	5100	570	20670	2450	0	7402	8336	622	1282	0	0	0	0	760	8138	5792	1306	0	
191356	Cerebelum_8_R	0	0	0	0	0	0	0	0	0	0	0	0	0	0	0	0	0	0	0	0	0	0	0	0	0	0	0	0	0	0	0	0	0	0	0	0	0	0	0	0	0	0	0	0	0	0	0	0	0	0	0	0	0	0	0	0	0	0	0	0	0	0	0	0	0	0	0	0	0	0	0	0	0	0	0	0	0	0	0	0	0	0	0	0	0	0	0	0	0	0	4712	13844	4078	19682	0	0	0	0	1426	4214	4548	10604	7402	0	648	6534	0	610	0	0	0	1284	9178	5618	1296	0	
57940	Cerebelum_9_L	0	0	0	0	0	0	0	0	0	0	0	0	0	0	0	0	0	0	0	0	0	0	0	0	0	0	0	0	0	0	0	0	0	0	0	0	0	0	0	0	0	0	0	0	0	0	390	0	0	0	0	0	0	0	0	0	0	0	0	0	0	0	0	0	0	0	0	0	0	0	0	0	0	0	0	0	0	0	0	0	0	0	0	0	0	0	0	0	0	0	812	0	1140	0	0	0	2552	0	2732	290	2050	146	8336	648	0	504	3044	0	0	0	1170	1770	1026	1028	1040	292	
52392	Cerebelum_9_R	0	0	0	0	0	0	0	0	0	0	0	0	0	0	0	0	0	0	0	0	0	0	0	0	0	0	0	0	0	0	0	0	0	0	0	0	0	0	0	0	0	0	0	0	0	0	0	130	0	0	0	0	0	0	0	100	0	0	0	0	0	0	0	0	0	0	0	0	0	0	0	0	0	0	0	0	0	0	0	0	0	0	0	0	0	0	0	0	0	0	332	940	172	336	0	318	838	254	530	1756	212	680	622	6534	504	0	0	1560	452	798	1866	2184	906	1066	1972	1134	
10352	Cerebelum_10_L	0	0	0	0	0	0	0	0	0	0	0	0	0	0	0	0	0	0	0	0	0	0	0	0	0	0	0	0	0	0	0	0	0	0	0	0	0	0	0	0	0	0	0	0	0	0	0	0	0	0	0	0	0	0	0	0	0	0	0	0	0	0	0	0	0	0	0	0	0	0	0	0	0	0	0	0	0	0	0	0	0	0	0	0	0	0	0	0	0	0	0	0	0	0	0	0	350	0	304	0	196	0	1282	0	3044	0	0	0	0	0	0	0	0	0	0	0	
6984	Cerebelum_10_R	0	0	0	0	0	0	0	0	0	0	0	0	0	0	0	0	0	0	0	0	0	0	0	0	0	0	0	0	0	0	0	0	0	0	0	0	0	0	0	0	0	0	0	0	0	0	0	0	0	0	0	0	0	0	0	0	0	0	0	0	0	0	0	0	0	0	0	0	0	0	0	0	0	0	0	0	0	0	0	0	0	0	0	0	0	0	0	0	0	0	0	318	0	0	0	0	0	0	0	418	0	0	0	610	0	1560	0	0	0	0	114	184	0	138	150	0	
13408	Vermis_1_2	0	0	0	0	0	0	0	0	0	0	0	0	0	0	0	0	0	0	0	0	0	0	0	0	0	0	0	0	0	0	0	0	0	0	0	0	0	0	0	0	0	0	0	0	0	0	94	0	0	0	0	0	0	0	0	0	0	0	0	0	0	0	0	0	0	0	0	0	0	0	0	0	0	0	0	0	0	0	0	0	0	0	0	0	0	0	0	0	0	0	0	0	0	0	544	282	348	0	154	202	0	0	0	0	0	452	0	0	0	3202	1286	140	0	0	0	0	
27584	Vermis_3	0	0	0	0	0	0	0	0	0	0	0	0	0	0	0	0	0	0	0	0	0	0	0	0	0	0	0	0	0	0	0	0	0	0	0	0	0	0	0	0	0	0	0	0	0	0	96	0	0	0	0	0	0	0	0	0	0	0	0	0	0	0	0	0	0	0	0	0	0	0	0	0	0	0	0	0	0	0	0	0	0	0	0	0	0	0	0	0	0	0	0	654	0	0	178	2804	444	1170	220	1748	0	0	0	0	0	798	0	0	3202	0	2112	230	0	0	136	0	
153640	Vermis_4_5	0	0	0	0	0	0	0	0	0	0	0	0	0	0	0	0	0	0	0	0	0	0	0	0	0	0	0	0	0	0	0	0	0	0	0	300	0	330	0	0	0	0	556	0	0	0	4972	1076	0	0	158	0	420	0	1084	1934	0	0	0	0	0	0	0	0	0	0	0	356	0	0	0	0	0	0	0	0	0	0	0	0	0	0	0	0	0	0	0	0	0	0	1796	7032	0	204	254	1034	8494	13080	6128	14546	0	0	0	0	1170	1866	0	114	1286	2112	0	4084	0	0	1036	1398	
135652	Vermis_6	0	0	0	0	0	0	0	0	0	0	0	0	0	0	0	0	0	0	0	0	0	0	0	0	0	0	0	0	0	0	0	0	0	0	0	0	0	0	0	0	0	0	0	0	0	0	1722	1998	0	0	0	0	116	286	1712	1658	0	0	0	0	0	0	0	0	0	0	0	0	0	0	0	0	0	0	0	0	0	0	0	0	0	0	0	0	0	0	0	0	0	0	6698	7018	2246	1422	0	0	2148	442	10892	9688	646	392	760	1284	1770	2184	0	184	140	230	4084	0	4430	462	1774	1440	
226024	Vermis_7	0	0	0	0	0	0	0	0	0	0	0	0	0	0	0	0	0	0	0	0	0	0	0	0	0	0	0	0	0	0	0	0	0	0	0	0	0	0	0	0	0	0	0	0	0	0	212	160	0	0	0	0	0	156	566	282	0	0	0	0	0	0	0	0	0	0	0	0	0	0	0	0	0	0	0	0	0	0	0	0	0	0	0	0	0	0	0	0	0	0	14776	9350	16094	16212	0	0	0	0	4936	5042	8810	6384	8138	9178	1026	906	0	0	0	0	0	4430	0	4778	1576	0	
63320	Vermis_8	0	0	0	0	0	0	0	0	0	0	0	0	0	0	0	0	0	0	0	0	0	0	0	0	0	0	0	0	0	0	0	0	0	0	0	0	0	0	0	0	0	0	0	0	0	0	0	0	0	0	0	0	0	0	0	0	0	0	0	0	0	0	0	0	0	0	0	0	0	0	0	0	0	0	0	0	0	0	0	0	0	0	0	0	0	0	0	0	0	0	630	612	1732	1206	0	0	0	0	360	662	2576	2726	5792	5618	1028	1066	0	138	0	0	0	462	4778	0	2274	0	
32616	Vermis_9	0	0	0	0	0	0	0	0	0	0	0	0	0	0	0	0	0	0	0	0	0	0	0	0	0	0	0	0	0	0	0	0	0	0	0	0	0	0	0	0	0	0	0	0	0	0	0	110	0	0	0	0	0	0	0	0	0	0	0	0	0	0	0	0	0	0	0	0	0	0	0	0	0	0	0	0	0	0	0	0	0	0	0	0	0	0	0	0	0	0	102	306	0	114	0	90	752	112	452	686	0	346	1306	1296	1040	1972	0	150	0	136	1036	1774	1576	2274	0	678	
12740	Vermis_10	0	0	0	0	0	0	0	0	0	0	0	0	0	0	0	0	0	0	0	0	0	0	0	0	0	0	0	0	0	0	0	0	0	0	0	0	0	0	0	0	0	0	0	0	0	0	0	90	0	0	0	0	0	0	0	0	0	0	0	0	0	0	0	0	0	0	0	0	0	0	0	0	0	0	0	0	0	0	0	0	0	0	0	0	0	0	0	0	0	0	0	0	0	0	0	0	826	216	176	120	0	0	0	0	292	1134	0	0	0	0	1398	1440	0	0	678	0	
