data	data	353176	212872	1.15034e+06	765848	216860	118000	624316	255128	143476	88732	206940	228508	328260	183704	277888	131412	239204	119828	824152	756356	122188	141644	465204	374376	64628	157676	106336	109472	610904	340692	619612	778404	369096	644748	182656	192860	212096	299168	47672	187400	41244	55744	208048	245288	185856	326308	277508	263596	216116	279156	527640	221984	158688	74640	312216	324992	293332	204400	166080	116712	244308	133172	97092	131756	176580	76092	273332	319772	158280	193988	386108	486260	389252	359356	41112	26000	128716	144948	56376	21144	216964	87328	78128	34272	377580	145676	28728	13584	283516	154760	616676	474996	485328	325984	79444	87972	387332	291392	565596	462828	389276	245492	471728	355256	284912	166792	25660	11176	41140	100964	332008	242336	341952	135060	114360	72832	
data	data	Precentral_L	Precentral_R	Frontal_Sup_L	Frontal_Sup_R	Frontal_Sup_Orb_L	Frontal_Sup_Orb_R	Frontal_Mid_L	Frontal_Mid_R	Frontal_Mid_Orb_L	Frontal_Mid_Orb_R	Frontal_Inf_Oper_L	Frontal_Inf_Oper_R	Frontal_Inf_Tri_L	Frontal_Inf_Tri_R	Frontal_Inf_Orb_L	Frontal_Inf_Orb_R	Rolandic_Oper_L	Rolandic_Oper_R	Supp_Motor_Area_L	Supp_Motor_Area_R	Olfactory_L	Olfactory_R	Frontal_Sup_Medial_L	Frontal_Sup_Medial_R	Frontal_Med_Orb_L	Frontal_Med_Orb_R	Rectus_L	Rectus_R	Insula_L	Insula_R	Cingulum_Ant_L	Cingulum_Ant_R	Cingulum_Mid_L	Cingulum_Mid_R	Cingulum_Post_L	Cingulum_Post_R	Hippocampus_L	Hippocampus_R	ParaHippocampal_L	ParaHippocampal_R	Amygdala_L	Amygdala_R	Calcarine_L	Calcarine_R	Cuneus_L	Cuneus_R	Lingual_L	Lingual_R	Occipital_Sup_L	Occipital_Sup_R	Occipital_Mid_L	Occipital_Mid_R	Occipital_Inf_L	Occipital_Inf_R	Fusiform_L	Fusiform_R	Postcentral_L	Postcentral_R	Parietal_Sup_L	Parietal_Sup_R	Parietal_Inf_L	Parietal_Inf_R	SupraMarginal_L	SupraMarginal_R	Angular_L	Angular_R	Precuneus_L	Precuneus_R	Paracentral_Lobule_L	Paracentral_Lobule_R	Caudate_L	Caudate_R	Putamen_L	Putamen_R	Pallidum_L	Pallidum_R	Thalamus_L	Thalamus_R	Heschl_L	Heschl_R	Temporal_Sup_L	Temporal_Sup_R	Temporal_Pole_Sup_L	Temporal_Pole_Sup_R	Temporal_Mid_L	Temporal_Mid_R	Temporal_Pole_Mid_L	Temporal_Pole_Mid_R	Temporal_Inf_L	Temporal_Inf_R	Cerebelum_Crus1_L	Cerebelum_Crus1_R	Cerebelum_Crus2_L	Cerebelum_Crus2_R	Cerebelum_3_L	Cerebelum_3_R	Cerebelum_4_5_L	Cerebelum_4_5_R	Cerebelum_6_L	Cerebelum_6_R	Cerebelum_7b_L	Cerebelum_7b_R	Cerebelum_8_L	Cerebelum_8_R	Cerebelum_9_L	Cerebelum_9_R	Cerebelum_10_L	Cerebelum_10_R	Vermis_1_2	Vermis_3	Vermis_4_5	Vermis_6	Vermis_7	Vermis_8	Vermis_9	Vermis_10	
353176	Precentral_L	0	856	13784	0	0	0	20472	0	0	0	15698	0	4862	0	488	0	15796	0	7150	2098	0	0	0	0	0	0	0	0	16544	0	886	0	518	776	3462	2260	4738	1608	158	0	0	0	106	0	292	0	0	0	0	0	1778	0	156	0	106	0	28218	0	1220	0	5208	0	382	0	192	0	1040	0	4512	1954	2966	266	4728	0	424	0	6582	1146	1742	0	816	0	0	0	394	0	0	0	206	0	0	0	0	0	0	0	0	0	0	0	0	0	0	0	0	0	0	0	0	0	0	0	0	0	0	0	
212872	Precentral_R	856	0	752	2742	0	0	0	5540	0	0	0	13616	0	1850	0	340	0	3462	1016	5160	0	0	0	0	0	0	0	0	568	5216	0	512	128	1996	2256	2924	2174	5662	146	980	0	0	0	394	0	220	0	414	0	132	0	488	0	114	0	642	408	15938	0	1096	174	2366	0	2554	0	110	0	876	0	3208	548	1656	630	3216	458	148	2356	8162	140	120	0	312	0	0	0	838	0	0	0	536	0	0	0	0	0	0	0	286	0	0	0	0	0	0	0	0	0	0	0	0	0	0	0	0	0	0	
1.15034e+06	Frontal_Sup_L	13784	752	0	13132	12218	0	87842	926	7324	0	10496	0	27452	0	18950	0	14102	0	98886	20810	588	0	47190	9396	1606	262	1178	0	43372	128	35712	17034	13436	13776	0	350	310	0	110	0	146	0	0	0	0	0	0	0	0	0	0	0	0	0	154	0	2518	0	0	0	130	0	0	0	0	0	0	0	0	2114	22042	3430	26440	1474	0	0	2138	120	920	0	1918	0	352	0	0	0	0	0	150	0	0	0	0	0	0	0	0	0	0	0	0	0	0	0	0	0	0	0	0	0	0	0	0	0	0	0	
765848	Frontal_Sup_R	0	2742	13132	0	314	5662	1962	34676	0	2362	0	9110	318	12324	130	6088	0	2494	12972	58220	276	1200	13394	34368	258	5478	312	1660	290	13818	11618	55096	4374	29392	0	0	0	370	0	112	0	792	0	0	0	0	0	0	0	0	0	0	0	0	0	0	0	646	0	134	0	342	0	352	0	0	0	0	0	0	4248	26828	272	13762	0	494	0	532	0	0	0	0	0	0	0	0	0	0	0	0	0	0	0	0	0	0	0	0	0	0	0	0	0	0	0	0	0	0	0	0	0	0	0	0	0	0	
216860	Frontal_Sup_Orb_L	0	0	12218	314	0	274	6070	0	18980	0	0	0	1614	0	14236	0	0	0	920	114	4216	804	5496	896	6594	1068	11508	180	3442	0	9590	1548	0	0	0	0	0	0	0	0	304	0	0	0	0	0	0	0	0	0	0	0	0	0	0	0	0	0	0	0	0	0	0	0	0	0	0	0	0	0	2956	820	3724	140	0	0	0	0	0	0	0	0	404	0	0	0	0	0	0	0	0	0	0	0	0	0	0	0	0	0	0	0	0	0	0	0	0	0	0	0	0	0	0	0	0	0	
118000	Frontal_Sup_Orb_R	0	0	0	5662	274	0	0	856	0	4330	0	0	0	452	0	3396	0	0	0	222	388	4490	352	4198	564	9510	368	10630	0	2110	886	3972	0	0	0	0	0	0	0	138	0	430	0	0	0	0	0	0	0	0	0	0	0	0	0	0	0	0	0	0	0	0	0	0	0	0	0	0	0	0	384	2464	0	2924	0	0	0	0	0	0	0	0	0	0	0	0	0	0	0	0	0	0	0	0	0	0	0	0	0	0	0	0	0	0	0	0	0	0	0	0	0	0	0	0	0	0	
624316	Frontal_Mid_L	20472	0	87842	1962	6070	0	0	364	7884	0	15316	0	38412	0	16240	0	7798	0	21888	908	240	0	17234	1636	0	0	122	0	25246	0	12946	4780	7638	5118	0	0	0	0	0	0	104	0	0	0	0	0	0	0	0	0	0	0	0	0	0	0	566	0	0	0	102	0	0	0	0	0	0	0	0	0	4068	280	6076	120	0	0	254	0	0	0	338	0	134	0	0	0	0	0	0	0	0	0	0	0	0	0	0	0	0	0	0	0	0	0	0	0	0	0	0	0	0	0	0	0	0	0	
255128	Frontal_Mid_R	0	5540	926	34676	0	856	364	0	0	3708	0	8618	126	14504	0	4260	0	828	2578	7166	0	0	898	4022	0	0	0	0	102	8100	1772	11128	1420	9300	0	0	0	200	0	0	0	0	0	0	0	0	0	0	0	0	0	0	0	0	0	0	0	182	0	278	0	492	0	498	0	0	0	0	0	0	162	3564	0	1104	0	0	0	192	0	0	0	0	0	0	0	0	0	0	0	0	0	0	0	0	0	0	0	0	0	0	0	0	0	0	0	0	0	0	0	0	0	0	0	0	0	0	
143476	Frontal_Mid_Orb_L	0	0	7324	0	18980	0	7884	0	0	0	0	0	3852	0	15460	0	0	0	620	0	896	140	616	318	2232	156	4598	0	2382	0	2864	644	0	0	0	0	0	0	0	0	0	0	0	0	0	0	0	0	0	0	0	0	0	0	0	0	0	0	0	0	0	0	0	0	0	0	0	0	0	0	662	176	1792	0	0	0	0	0	0	0	0	0	142	0	0	0	0	0	0	0	0	0	0	0	0	0	0	0	0	0	0	0	0	0	0	0	0	0	0	0	0	0	0	0	0	0	
88732	Frontal_Mid_Orb_R	0	0	0	2362	0	4330	0	3708	0	0	0	506	0	3126	0	12208	0	0	230	1250	108	1148	0	322	0	796	0	2508	0	5040	214	1776	214	986	0	0	0	0	0	0	0	128	0	0	0	0	0	0	0	0	0	0	0	0	0	0	0	0	0	0	0	0	0	0	0	0	0	0	0	0	104	1834	0	1468	0	0	0	0	0	0	0	0	0	0	0	0	0	0	0	0	0	0	0	0	0	0	0	0	0	0	0	0	0	0	0	0	0	0	0	0	0	0	0	0	0	0	
206940	Frontal_Inf_Oper_L	15698	0	10496	0	0	0	15316	0	0	0	0	0	15338	0	1090	0	12822	0	6382	0	0	0	196	0	0	0	0	0	16070	0	962	0	0	0	218	216	416	174	0	0	0	0	0	0	0	0	0	0	0	0	0	0	0	0	0	0	3040	0	0	0	152	0	0	0	0	0	0	0	0	0	1240	0	2002	0	0	0	0	0	174	0	1252	0	216	0	0	0	0	0	0	0	0	0	0	0	0	0	0	0	0	0	0	0	0	0	0	0	0	0	0	0	0	0	0	0	0	0	
228508	Frontal_Inf_Oper_R	0	13616	0	9110	0	0	0	8618	0	506	0	0	0	11566	0	1158	0	8162	0	5160	0	0	198	308	0	0	0	0	0	17344	148	2382	0	434	218	244	236	1310	0	160	0	0	0	0	0	0	0	0	0	0	0	0	0	0	0	132	0	8580	0	2268	0	4232	0	4274	0	114	0	0	0	0	0	3260	0	7462	0	1092	306	1022	0	120	0	328	0	0	0	0	0	0	0	186	0	0	0	0	0	0	0	0	0	0	0	0	0	0	0	0	0	0	0	0	0	0	0	0	0	0	
328260	Frontal_Inf_Tri_L	4862	0	27452	318	1614	0	38412	126	3852	0	15338	0	0	0	19188	0	1748	0	11426	612	0	0	912	0	0	0	0	0	34100	0	956	222	414	502	0	0	0	0	0	0	0	0	0	0	0	0	0	0	0	0	0	0	0	0	0	0	174	0	0	0	0	0	0	0	0	0	0	0	0	0	382	0	1120	0	0	0	0	0	0	0	296	0	104	0	0	0	0	0	0	0	0	0	0	0	0	0	0	0	0	0	0	0	0	0	0	0	0	0	0	0	0	0	0	0	0	0	
183704	Frontal_Inf_Tri_R	0	1850	0	12324	0	452	0	14504	0	3126	0	11566	0	0	0	7890	0	858	1120	7322	0	0	0	498	0	0	0	0	0	16518	0	1776	0	4168	0	0	0	148	0	0	0	0	0	0	0	0	0	0	0	0	0	0	0	0	0	0	0	298	0	708	0	1330	0	1348	0	0	0	0	0	0	0	2620	0	1320	0	0	0	108	0	0	0	0	0	0	0	0	0	0	0	0	0	0	0	0	0	0	0	0	0	0	0	0	0	0	0	0	0	0	0	0	0	0	0	0	0	0	
277888	Frontal_Inf_Orb_L	488	0	18950	130	14236	0	16240	0	15460	0	1090	0	19188	0	0	0	222	0	8606	136	3658	658	288	120	0	0	3994	112	20500	0	1646	308	146	110	0	0	130	0	178	0	386	0	0	0	0	0	0	0	0	0	0	0	0	0	0	0	0	0	0	0	0	0	0	0	0	0	0	0	0	0	3282	568	5766	0	0	0	0	0	0	0	0	0	2348	0	0	0	0	0	0	0	0	0	0	0	0	0	0	0	0	0	0	0	0	0	0	0	0	0	0	0	0	0	0	0	0	0	
131412	Frontal_Inf_Orb_R	0	340	0	6088	0	3396	0	4260	0	12208	0	1158	0	7890	0	0	0	0	528	3682	0	2190	0	462	0	240	0	1774	0	10234	190	1928	226	1848	0	0	0	318	0	418	0	350	0	0	0	0	0	0	0	0	0	0	0	0	0	0	0	226	0	308	0	582	0	596	0	0	0	0	0	0	0	1636	0	2236	0	0	0	178	0	0	0	0	0	216	0	0	0	0	0	0	0	0	0	0	0	0	0	0	0	0	0	0	0	0	0	0	0	0	0	0	0	0	0	0	0	0	
239204	Rolandic_Oper_L	15796	0	14102	0	0	0	7798	0	0	0	12822	0	1748	0	222	0	0	0	9882	0	0	0	0	0	0	0	0	0	22802	0	1344	0	182	0	264	268	834	210	136	0	0	0	0	0	0	0	0	0	0	0	1286	0	282	0	292	0	8340	0	804	0	1266	0	2618	0	350	0	170	0	0	0	2164	0	3598	0	0	0	284	0	3386	0	5364	0	154	0	642	0	0	0	192	0	0	0	0	0	0	0	0	0	0	0	0	0	0	0	0	0	0	0	0	0	0	0	0	0	0	0	
119828	Rolandic_Oper_R	0	3462	0	2494	0	0	0	828	0	0	0	8162	0	858	0	0	0	0	0	3062	0	0	0	0	0	0	0	0	0	13234	0	128	0	0	0	0	0	1274	0	316	0	0	0	0	0	0	0	0	0	0	0	0	0	0	0	232	0	5346	0	756	0	1164	0	3042	0	456	0	0	0	0	0	2896	0	7732	0	644	0	366	0	696	0	2514	0	146	0	106	0	0	0	0	0	0	0	0	0	0	0	0	0	0	0	0	0	0	0	0	0	0	0	0	0	0	0	0	0	0	
824152	Supp_Motor_Area_L	7150	1016	98886	12972	920	0	21888	2578	620	230	6382	0	11426	1120	8606	528	9882	0	0	44830	210	0	10020	2642	0	0	220	0	27820	458	20696	9072	16258	28182	682	602	124	0	0	0	110	0	0	0	0	0	0	0	0	0	0	0	0	0	0	0	1434	0	0	0	0	0	0	0	0	0	240	0	3616	4866	25834	2534	24048	600	278	0	584	0	662	0	1076	0	174	0	0	0	0	0	0	0	0	0	0	0	0	0	0	0	0	0	0	0	0	0	0	0	0	0	0	0	0	0	0	0	0	0	
756356	Supp_Motor_Area_R	2098	5160	20810	58220	114	222	908	7166	0	1250	0	5160	612	7322	136	3682	0	3062	44830	0	0	0	3772	8834	0	1260	0	0	636	6164	4998	28850	9242	59654	2248	4426	196	218	0	0	0	114	0	0	0	110	0	0	0	0	0	0	0	0	0	0	628	1154	0	0	0	0	0	0	0	0	162	568	8736	30460	7206	22820	4018	7364	3014	0	348	226	0	0	0	0	0	0	0	0	0	0	0	0	0	0	0	0	0	0	0	0	0	0	0	0	0	0	0	0	0	0	0	0	0	0	0	0	0	0	
122188	Olfactory_L	0	0	588	276	4216	388	240	0	896	108	0	0	0	0	3658	0	0	0	210	0	0	5664	0	282	1008	1006	6746	936	4182	202	5140	1014	0	0	0	0	746	0	288	0	2290	296	0	0	0	0	0	0	0	0	0	0	0	0	0	0	0	0	0	0	0	0	0	0	0	0	0	0	0	0	10078	4212	3616	696	0	0	514	220	0	0	158	0	1220	0	0	0	0	0	0	0	0	0	0	0	0	0	0	0	0	0	0	0	0	0	0	0	0	0	0	0	0	0	0	0	0	0	
141644	Olfactory_R	0	0	0	1200	804	4490	0	0	140	1148	0	0	0	0	658	2190	0	0	0	0	5664	0	0	452	274	3440	2520	8012	754	3018	2764	3408	0	0	0	0	0	364	0	602	836	2016	0	0	0	0	0	0	0	0	0	0	0	0	0	0	0	0	0	0	0	0	0	0	0	0	0	0	0	0	7190	9916	3862	3234	388	0	324	718	0	0	0	0	274	162	0	0	0	0	0	0	0	0	0	0	0	0	0	0	0	0	0	0	0	0	0	0	0	0	0	0	0	0	0	0	0	0	
465204	Frontal_Sup_Medial_L	0	0	47190	13394	5496	352	17234	898	616	0	196	198	912	0	288	0	0	0	10020	3772	0	0	0	24150	2990	2220	242	0	700	144	32598	28878	16520	16696	0	0	0	0	0	0	0	0	0	0	0	0	0	0	0	0	0	0	0	0	0	0	0	0	0	0	0	0	0	0	0	0	0	0	0	0	328	4286	334	1950	0	0	0	0	0	0	0	0	0	0	0	0	0	0	0	0	0	0	0	0	0	0	0	0	0	0	0	0	0	0	0	0	0	0	0	0	0	0	0	0	0	0	
374376	Frontal_Sup_Medial_R	0	0	9396	34368	896	4198	1636	4022	318	322	0	308	0	498	120	462	0	0	2642	8834	282	452	24150	0	694	9712	388	1114	0	1774	9188	36988	2422	15038	0	0	0	112	0	0	0	0	0	0	0	0	0	0	0	0	0	0	0	0	0	0	0	0	0	0	0	0	0	0	0	0	0	0	0	0	432	8586	156	7680	0	0	0	0	0	0	0	0	0	0	0	0	0	0	0	0	0	0	0	0	0	0	0	0	0	0	0	0	0	0	0	0	0	0	0	0	0	0	0	0	0	0	
64628	Frontal_Med_Orb_L	0	0	1606	258	6594	564	0	0	2232	0	0	0	0	0	0	0	0	0	0	0	1008	274	2990	694	0	2578	2584	198	0	0	7650	1624	0	0	0	0	0	0	0	0	0	0	0	0	0	0	0	0	0	0	0	0	0	0	0	0	0	0	0	0	0	0	0	0	0	0	0	0	0	0	1050	230	180	0	0	0	0	0	0	0	0	0	0	0	0	0	0	0	0	0	0	0	0	0	0	0	0	0	0	0	0	0	0	0	0	0	0	0	0	0	0	0	0	0	0	0	
157676	Frontal_Med_Orb_R	0	0	262	5478	1068	9510	0	0	156	796	0	0	0	0	0	240	0	0	0	1260	1006	3440	2220	9712	2578	0	700	11038	0	508	4098	12492	0	0	0	0	0	0	0	0	0	200	0	0	0	0	0	0	0	0	0	0	0	0	0	0	0	0	0	0	0	0	0	0	0	0	0	0	0	0	924	5540	0	5612	0	0	0	0	0	0	0	0	0	0	0	0	0	0	0	0	0	0	0	0	0	0	0	0	0	0	0	0	0	0	0	0	0	0	0	0	0	0	0	0	0	0	
106336	Rectus_L	0	0	1178	312	11508	368	122	0	4598	0	0	0	0	0	3994	0	0	0	220	0	6746	2520	242	388	2584	700	0	806	718	194	5774	606	0	0	0	0	0	0	0	0	250	280	0	0	0	0	0	0	0	0	0	0	0	0	0	0	0	0	0	0	0	0	0	0	0	0	0	0	0	0	5880	1744	1034	228	0	0	0	0	0	0	0	0	174	0	0	0	0	0	0	0	0	0	0	0	0	0	0	0	0	0	0	0	0	0	0	0	0	0	0	0	0	0	0	0	0	0	
109472	Rectus_R	0	0	0	1660	180	10630	0	0	0	2508	0	0	0	0	112	1774	0	0	0	0	936	8012	0	1114	198	11038	806	0	0	1526	642	4860	0	0	0	0	0	0	0	0	0	906	0	0	0	0	0	0	0	0	0	0	0	0	0	0	0	0	0	0	0	0	0	0	0	0	0	0	0	0	816	3852	0	2862	0	0	102	202	0	0	0	0	0	0	0	0	0	0	0	0	0	0	0	0	0	0	0	0	0	0	0	0	0	0	0	0	0	0	0	0	0	0	0	0	0	0	
610904	Insula_L	16544	568	43372	290	3442	0	25246	102	2382	0	16070	0	34100	0	20500	0	22802	0	27820	636	4182	754	700	0	0	0	718	0	0	0	3950	426	602	466	1438	1462	7672	1300	1448	0	2302	0	0	0	0	0	0	0	0	0	368	0	104	0	3620	0	5546	0	196	0	1260	0	668	0	0	0	100	0	0	0	6156	990	21236	102	0	0	1944	358	3940	0	7454	0	4998	0	1338	0	198	0	3420	0	0	0	0	0	0	0	0	0	162	0	0	0	0	0	0	0	0	0	0	0	0	0	0	0	0	0	
340692	Insula_R	0	5216	128	13818	0	2110	0	8100	0	5040	0	17344	0	16518	0	10234	0	13234	458	6164	202	3018	144	1774	0	508	194	1526	0	0	558	5698	198	2220	0	132	106	4498	0	1828	0	2562	0	0	0	0	0	0	0	0	0	0	0	0	0	2068	0	3234	0	588	0	1158	0	1340	0	0	0	0	0	0	204	7036	0	20518	0	980	184	890	0	860	0	3974	0	998	0	834	0	0	0	1950	0	0	0	0	0	0	0	0	0	0	0	0	0	0	0	0	0	0	0	0	0	0	0	0	0	0	
619612	Cingulum_Ant_L	886	0	35712	11618	9590	886	12946	1772	2864	214	962	148	956	0	1646	190	1344	0	20696	4998	5140	2764	32598	9188	7650	4098	5774	642	3950	558	0	39326	24654	14884	1782	0	0	0	0	0	254	268	0	0	0	0	0	0	0	0	0	0	0	0	0	0	0	0	0	0	0	0	0	0	0	0	328	0	0	0	20964	8594	13426	4780	0	390	0	0	0	0	214	0	152	0	0	0	0	0	0	0	0	0	0	0	0	0	0	0	0	0	0	0	0	0	0	0	0	0	0	0	0	0	0	0	0	0	
778404	Cingulum_Ant_R	0	512	17034	55096	1548	3972	4780	11128	644	1776	0	2382	222	1776	308	1928	0	128	9072	28850	1014	3408	28878	36988	1624	12492	606	4860	426	5698	39326	0	11730	38196	0	0	0	274	0	0	0	248	0	0	0	0	0	0	0	0	0	0	0	0	0	0	0	192	0	0	0	0	0	0	0	0	0	0	0	0	3640	33982	1928	22082	0	454	0	0	0	0	0	0	0	0	0	0	0	0	0	0	0	0	0	0	0	0	0	0	0	0	0	0	0	0	0	0	0	0	0	0	0	0	0	0	0	0	
369096	Cingulum_Mid_L	518	128	13436	4374	0	0	7638	1420	0	214	0	0	414	0	146	226	182	0	16258	9242	0	0	16520	2422	0	0	0	0	602	198	24654	11730	0	25486	5684	564	114	0	0	0	0	0	380	0	2242	242	0	0	3034	158	6666	120	872	0	414	0	1436	0	1252	0	1128	0	270	0	1316	0	10110	760	2798	1166	282	882	206	390	0	0	0	0	168	0	484	0	0	0	3654	0	0	0	1948	0	0	0	0	0	0	0	0	0	0	0	0	0	0	0	0	0	0	0	0	0	0	0	0	0	0	0	
644748	Cingulum_Mid_R	776	1996	13776	29392	0	0	5118	9300	0	986	0	434	502	4168	110	1848	0	0	28182	59654	0	0	16696	15038	0	0	0	0	466	2220	14884	38196	25486	0	2066	8528	0	126	0	0	0	0	0	564	0	1216	0	404	0	232	0	204	0	0	0	0	206	1108	0	0	0	0	0	0	0	0	394	4762	7942	19232	1440	2202	1092	892	536	0	0	0	0	0	0	0	0	0	0	0	0	0	0	0	0	0	0	0	0	0	0	0	0	0	0	0	0	0	0	0	0	0	0	0	0	0	0	0	0	0	
182656	Cingulum_Post_L	3462	2256	0	0	0	0	0	0	0	0	218	218	0	0	0	0	264	0	682	2248	0	0	0	0	0	0	0	0	1438	0	1782	0	5684	2066	0	12410	9274	6544	758	486	0	0	3548	0	2182	0	1146	438	0	0	478	0	166	0	370	0	2992	140	0	0	454	0	0	0	0	0	8472	1006	7430	2146	0	770	326	0	0	0	4504	3090	300	0	164	0	0	0	574	0	0	0	292	0	0	0	0	0	0	0	0	432	0	0	0	0	0	0	0	0	0	0	0	0	118	0	0	0	0	0	
192860	Cingulum_Post_R	2260	2924	350	0	0	0	0	0	0	0	216	244	0	0	0	0	268	0	602	4426	0	0	0	0	0	0	0	0	1462	132	0	0	564	8528	12410	0	7818	9626	316	1690	0	0	130	1100	0	344	0	5756	0	156	436	252	154	0	178	156	930	1660	0	0	456	0	0	0	0	0	576	8268	814	5132	0	798	324	0	0	0	5662	4500	298	0	142	0	0	0	544	134	0	0	268	102	0	0	0	0	0	0	0	1654	0	0	0	0	0	0	0	0	0	0	0	0	1670	0	0	0	0	0	
212096	Hippocampus_L	4738	2174	310	0	0	0	0	0	0	0	416	236	0	0	130	0	834	0	124	196	746	0	0	0	0	0	0	0	7672	106	0	0	114	0	9274	7818	0	6382	7758	530	4792	0	1836	0	380	0	1714	470	134	0	1908	0	454	0	9000	0	2254	154	422	0	960	0	132	0	0	0	1980	446	192	196	0	778	3834	0	104	0	6402	3076	2166	0	2692	0	1440	0	2274	0	274	0	5180	0	0	0	0	0	0	0	138	468	240	0	0	0	0	0	0	0	0	0	0	0	0	0	0	0	0	0	
299168	Hippocampus_R	1608	5662	0	370	0	0	0	200	0	0	174	1310	0	148	0	318	210	1274	0	218	0	364	0	112	0	0	0	0	1300	4498	0	274	0	126	6544	9626	6382	0	278	24656	0	6338	0	596	0	0	0	6208	0	0	164	0	102	1568	0	19886	758	778	0	0	420	132	0	332	0	0	0	3700	0	184	0	2064	248	8432	0	460	5080	8094	246	1086	0	1708	0	316	182	2062	0	0	172	5672	0	148	0	0	0	186	0	5546	0	692	0	0	0	0	0	0	0	0	0	0	372	0	0	0	0	0	
47672	ParaHippocampal_L	158	146	110	0	0	0	0	0	0	0	0	0	0	0	178	0	136	0	0	0	288	0	0	0	0	0	0	0	1448	0	0	0	0	0	758	316	7758	278	0	0	2070	0	474	0	0	0	1156	0	0	0	136	0	0	0	3792	0	228	0	134	0	124	0	0	0	0	0	636	0	0	0	0	0	910	0	0	0	228	0	118	0	696	0	542	0	0	0	184	0	422	0	0	0	0	0	0	0	304	0	108	0	0	0	0	0	0	0	0	0	0	0	0	0	0	0	0	0	
187400	ParaHippocampal_R	0	980	0	112	0	138	0	0	0	0	0	160	0	0	0	418	0	316	0	0	0	602	0	0	0	0	0	0	0	1828	0	0	0	0	486	1690	530	24656	0	0	0	5196	0	762	0	0	0	7854	0	0	0	0	0	1696	0	18636	0	0	0	0	0	0	0	0	0	0	0	2172	0	0	0	596	0	5294	0	352	496	3172	0	168	0	254	0	1340	0	628	0	672	0	1880	0	330	0	0	0	510	0	8348	0	1328	0	0	0	0	0	0	0	0	0	0	100	0	0	0	0	0	
41244	Amygdala_L	0	0	146	0	304	0	104	0	0	0	0	0	0	0	386	0	0	0	110	0	2290	836	0	0	0	0	250	0	2302	0	254	0	0	0	0	0	4792	0	2070	0	0	0	0	0	0	0	0	0	0	0	0	0	0	0	1502	0	0	0	0	0	0	0	0	0	0	0	0	0	0	0	1150	684	958	0	0	0	444	0	0	0	0	0	1386	0	0	0	436	0	218	0	0	0	0	0	0	0	0	0	0	0	0	0	0	0	0	0	0	0	0	0	0	0	0	0	0	0	
55744	Amygdala_R	0	0	0	792	0	430	0	0	0	128	0	0	0	0	0	350	0	0	0	114	296	2016	0	0	0	200	280	906	0	2562	268	248	0	0	0	0	0	6338	0	5196	0	0	0	0	0	0	0	0	0	0	0	0	0	0	0	3914	0	0	0	0	0	0	0	0	0	0	0	0	0	0	296	944	0	892	0	0	0	0	0	0	0	0	0	1370	0	0	0	332	0	0	0	0	0	0	0	0	0	0	0	0	0	0	0	0	0	0	0	0	0	0	0	0	0	0	0	0	
208048	Calcarine_L	106	0	0	0	0	0	0	0	0	0	0	0	0	0	0	0	0	0	0	0	0	0	0	0	0	0	0	0	0	0	0	0	380	0	3548	130	1836	0	474	0	0	0	0	8518	11318	5518	12078	2702	10858	2402	13582	568	3288	0	1366	906	564	0	0	0	136	0	342	0	180	0	10082	0	1542	0	0	0	0	0	0	0	296	0	518	0	602	0	0	0	3184	0	0	0	436	0	0	1250	0	0	0	0	0	1662	184	1478	0	0	0	0	0	0	0	0	0	0	1720	142	128	0	0	0	
245288	Calcarine_R	0	394	0	0	0	0	0	0	0	0	0	0	0	0	0	0	0	0	0	0	0	0	0	0	0	0	0	0	0	0	0	0	0	564	0	1100	0	596	0	762	0	0	8518	0	6808	27292	1996	14246	220	16206	0	12500	0	4786	0	4612	0	1926	0	0	0	0	0	0	0	0	800	14580	0	362	0	0	0	0	0	0	0	0	0	0	0	0	0	0	0	1554	0	0	0	1948	0	0	0	0	0	0	0	438	0	0	0	0	0	0	0	0	0	0	0	0	244	192	0	0	0	0	
185856	Cuneus_L	292	0	0	0	0	0	0	0	0	0	0	0	0	0	0	0	0	0	0	0	0	0	0	0	0	0	0	0	0	0	0	0	2242	0	2182	0	380	0	0	0	0	0	11318	6808	0	8744	2966	0	20854	1848	10964	560	1690	246	648	580	904	0	1080	0	100	0	250	0	136	0	11774	586	1766	0	0	0	0	0	0	0	0	0	422	0	616	0	0	0	1972	0	0	0	486	0	0	104	0	0	0	0	0	0	164	0	0	0	0	0	0	0	0	0	0	0	0	114	132	0	0	0	
326308	Cuneus_R	0	220	0	0	0	0	0	0	0	0	0	0	0	0	0	0	0	0	0	110	0	0	0	0	0	0	0	0	0	0	0	0	242	1216	0	344	0	0	0	0	0	0	5518	27292	8744	0	594	3736	242	42744	0	18802	0	1056	0	1928	0	6068	0	4032	0	256	0	102	0	906	3962	30860	0	1314	0	0	0	0	0	0	0	0	0	0	0	374	0	0	0	908	0	0	0	1452	0	0	0	0	0	0	0	0	0	0	0	0	0	0	0	0	0	0	0	0	132	0	0	0	0	0	
277508	Lingual_L	0	0	0	0	0	0	0	0	0	0	0	0	0	0	0	0	0	0	0	0	0	0	0	0	0	0	0	0	0	0	0	0	0	0	1146	0	1714	0	1156	0	0	0	12078	1996	2966	594	0	2914	6116	428	8980	122	6066	0	12986	1014	0	0	0	0	0	0	0	0	0	0	2110	0	0	0	0	0	0	0	0	0	118	0	0	0	0	0	0	0	0	0	0	0	180	0	11340	4192	1350	1204	376	148	11880	2306	18320	3994	456	422	402	640	246	0	0	0	192	322	7678	5970	4242	0	0	390	
263596	Lingual_R	0	414	0	0	0	0	0	0	0	0	0	0	0	0	0	0	0	0	0	0	0	0	0	0	0	0	0	0	0	0	0	0	0	404	438	5756	470	6208	0	7854	0	0	2702	14246	0	3736	2914	0	0	3884	0	4070	0	4718	166	15636	0	526	0	0	0	0	0	0	0	0	0	8454	0	0	0	252	0	0	0	0	414	1314	0	100	0	0	0	0	0	192	0	0	0	336	2186	5506	244	356	286	272	1786	11684	3152	8786	0	130	0	182	314	0	0	0	0	0	5924	4892	894	0	0	0	
216116	Occipital_Sup_L	0	0	0	0	0	0	0	0	0	0	0	0	0	0	0	0	0	0	0	0	0	0	0	0	0	0	0	0	0	0	0	0	3034	0	0	0	134	0	0	0	0	0	10858	220	20854	242	6116	0	0	0	30640	0	6754	0	2360	0	566	0	5922	0	624	0	134	0	304	0	13052	0	1258	0	0	0	0	0	0	0	0	0	246	0	426	0	0	0	2114	0	0	0	1340	0	138	132	0	0	0	0	0	0	252	0	0	0	0	0	0	0	0	0	0	0	0	166	172	0	0	0	
279156	Occipital_Sup_R	0	132	0	0	0	0	0	0	0	0	0	0	0	0	0	0	0	0	0	0	0	0	0	0	0	0	0	0	0	0	0	0	158	232	0	156	0	0	0	0	0	0	2402	16206	1848	42744	428	3884	0	0	0	24126	0	432	0	808	0	5892	0	4724	0	454	0	168	0	2066	2792	25862	0	1066	0	0	0	0	0	0	0	0	0	0	0	494	0	0	0	898	0	0	0	1606	0	0	0	0	0	0	0	0	0	0	0	0	0	0	0	0	0	0	0	0	0	0	0	0	0	0	
527640	Occipital_Mid_L	1778	0	0	0	0	0	0	0	0	0	0	0	0	0	0	0	1286	0	0	0	0	0	0	0	0	0	0	0	368	0	0	0	6666	0	478	436	1908	164	136	0	0	0	13582	0	10964	0	8980	0	30640	0	0	0	21734	0	8056	0	12512	0	20532	0	21052	0	3114	0	21974	0	16570	0	5516	0	0	0	1060	0	220	0	916	100	2370	0	4758	0	0	0	32240	0	0	0	12298	0	484	138	0	0	0	0	0	0	368	100	0	0	0	0	0	0	0	0	0	0	0	110	212	0	0	0	
221984	Occipital_Mid_R	0	488	0	0	0	0	0	0	0	0	0	0	0	0	0	0	0	0	0	0	0	0	0	0	0	0	0	0	0	0	0	0	120	204	0	252	0	0	0	0	0	0	568	12500	560	18802	122	4070	0	24126	0	0	0	6352	0	1602	0	2140	0	1452	0	1514	0	368	0	6404	1624	14510	0	282	0	0	0	0	0	0	0	0	0	0	0	274	0	0	0	9092	0	0	0	3566	0	0	0	0	0	0	0	0	0	0	0	0	0	0	0	0	0	0	0	0	0	0	0	0	0	0	
158688	Occipital_Inf_L	156	0	0	0	0	0	0	0	0	0	0	0	0	0	0	0	282	0	0	0	0	0	0	0	0	0	0	0	104	0	0	0	872	0	166	154	454	102	0	0	0	0	3288	0	1690	0	6066	0	6754	0	21734	0	0	0	11062	0	316	0	458	0	492	0	130	0	1648	0	2922	0	470	0	0	0	0	0	0	0	284	0	418	0	690	0	0	0	7346	0	0	0	6324	0	1174	372	144	0	0	0	126	0	1728	234	0	0	0	0	0	0	0	0	0	0	158	370	656	0	0	0	
74640	Occipital_Inf_R	0	114	0	0	0	0	0	0	0	0	0	0	0	0	0	0	0	0	0	0	0	0	0	0	0	0	0	0	0	0	0	0	0	0	0	0	0	1568	0	1696	0	0	0	4786	246	1056	0	4718	0	432	0	6352	0	0	0	8506	0	0	0	0	0	0	0	134	0	0	0	1068	0	100	0	0	0	0	0	0	0	108	0	214	0	172	0	0	0	800	0	0	0	4424	0	130	0	0	0	0	0	186	0	336	0	0	0	0	0	0	0	0	0	0	0	174	0	0	0	0	
312216	Fusiform_L	106	0	154	0	0	0	0	0	0	0	0	0	0	0	0	0	292	0	0	0	0	0	0	0	0	0	0	0	3620	0	0	0	414	0	370	178	9000	0	3792	0	1502	0	1366	0	648	0	12986	166	2360	0	8056	0	11062	0	0	144	228	0	148	0	192	0	0	0	312	0	1320	0	246	0	0	0	476	0	0	0	388	0	840	0	4258	0	2782	0	3926	0	1214	0	17468	0	18844	848	2948	210	222	102	9104	266	23818	770	1928	0	1898	168	0	0	0	0	0	100	2360	1144	1256	0	0	108	
324992	Fusiform_R	0	642	0	0	0	0	0	0	0	0	0	132	0	0	0	0	0	232	0	0	0	0	0	0	0	0	0	0	0	2068	0	0	0	0	0	156	0	19886	0	18636	0	3914	906	4612	580	1928	1014	15636	0	808	0	1602	0	8506	144	0	0	170	0	0	0	112	0	124	0	110	0	1878	0	0	0	356	0	4462	0	244	0	1432	0	454	0	1396	0	3922	0	4512	0	1352	0	15938	868	11384	122	220	194	308	1152	8926	1362	14414	0	0	0	150	214	0	0	0	0	0	2936	2118	264	0	0	0	
293332	Postcentral_L	28218	408	2518	0	0	0	566	0	0	0	3040	0	174	0	0	0	8340	0	1434	628	0	0	0	0	0	0	0	0	5546	0	0	0	1436	206	2992	930	2254	758	228	0	0	0	564	0	904	0	0	0	566	0	12512	0	316	0	228	0	0	0	10452	0	22950	0	8694	0	3646	0	3414	0	10502	572	728	186	2506	0	662	0	1646	166	1900	0	2048	0	0	0	1380	0	0	0	448	0	0	0	0	0	0	0	0	0	0	0	0	0	0	0	0	0	0	0	0	0	0	0	0	0	0	0	
204400	Postcentral_R	0	15938	0	646	0	0	0	182	0	0	0	8580	0	298	0	226	0	5346	0	1154	0	0	0	0	0	0	0	0	0	3234	0	192	0	1108	140	1660	154	778	0	0	0	0	0	1926	0	6068	0	526	0	5892	0	2140	0	0	0	170	0	0	0	7312	0	8844	0	9992	0	688	410	10250	0	2762	0	530	0	2266	0	0	196	538	0	232	0	344	0	0	0	864	0	0	0	452	0	0	0	0	0	0	0	0	0	0	0	0	0	0	0	0	0	0	0	0	162	0	0	0	0	0	
166080	Parietal_Sup_L	1220	0	0	0	0	0	0	0	0	0	0	0	0	0	0	0	804	0	0	0	0	0	0	0	0	0	0	0	196	0	0	0	1252	0	0	0	422	0	134	0	0	0	0	0	1080	0	0	0	5922	0	20532	0	458	0	148	0	10452	0	0	0	16594	0	1924	0	6334	0	8190	0	1782	0	0	0	1058	0	220	0	120	0	0	0	1242	0	0	0	2132	0	0	0	824	0	0	0	0	0	0	0	0	0	0	0	0	0	0	0	0	0	0	0	0	0	0	0	0	0	0	0	
116712	Parietal_Sup_R	0	1096	0	134	0	0	0	278	0	0	0	2268	0	708	0	308	0	756	0	0	0	0	0	0	0	0	0	0	0	588	0	0	0	0	0	0	0	0	0	0	0	0	0	0	0	4032	0	0	0	4724	0	1452	0	0	0	0	0	7312	0	0	0	12652	0	8898	0	1752	1458	9438	0	194	0	0	0	0	0	0	0	0	0	0	0	308	0	0	0	0	0	0	0	0	0	0	0	0	0	0	0	0	0	0	0	0	0	0	0	0	0	0	0	0	0	0	0	0	0	0	
244308	Parietal_Inf_L	5208	174	130	0	0	0	102	0	0	0	152	0	0	0	0	0	1266	0	0	0	0	0	0	0	0	0	0	0	1260	0	0	0	1128	0	454	456	960	420	124	0	0	0	136	0	100	0	0	0	624	0	21052	0	492	0	192	0	22950	0	16594	0	0	0	11138	0	20642	0	2016	0	1560	0	0	0	1146	0	162	0	288	0	226	0	2112	0	0	0	6672	0	0	0	2218	0	0	0	0	0	0	0	0	0	0	0	0	0	0	0	0	0	0	0	0	0	0	0	0	0	0	0	
133172	Parietal_Inf_R	0	2366	0	342	0	0	0	492	0	0	0	4232	0	1330	0	582	0	1164	0	0	0	0	0	0	0	0	0	0	0	1158	0	0	0	0	0	0	0	132	0	0	0	0	0	0	0	256	0	0	0	454	0	1514	0	0	0	112	0	8844	0	12652	0	0	0	19690	0	8324	0	608	0	158	0	162	0	144	0	0	0	0	0	0	0	714	0	0	0	946	0	0	0	210	0	0	0	0	0	0	0	0	0	0	0	0	0	0	0	0	0	0	0	0	0	0	0	0	0	0	
97092	SupraMarginal_L	382	0	0	0	0	0	0	0	0	0	0	0	0	0	0	0	2618	0	0	0	0	0	0	0	0	0	0	0	668	0	0	0	270	0	0	0	132	0	0	0	0	0	342	0	250	0	0	0	134	0	3114	0	130	0	0	0	8694	0	1924	0	11138	0	0	0	4574	0	660	0	144	0	0	0	0	0	0	0	0	0	130	0	6654	0	0	0	5124	0	0	0	1464	0	0	0	0	0	0	0	0	0	0	0	0	0	0	0	0	0	0	0	0	0	0	0	0	0	0	0	
131756	SupraMarginal_R	0	2554	0	352	0	0	0	498	0	0	0	4274	0	1348	0	596	0	3042	0	0	0	0	0	0	0	0	0	0	0	1340	0	0	0	0	0	0	0	332	0	0	0	0	0	0	0	102	0	0	0	168	0	368	0	134	0	124	0	9992	0	8898	0	19690	0	0	0	6014	0	134	0	0	0	170	0	122	0	0	0	0	0	0	0	1988	0	0	0	2784	0	0	0	854	0	0	0	0	0	0	0	0	0	0	0	0	0	0	0	0	0	0	0	0	0	0	0	0	0	0	
176580	Angular_L	192	0	0	0	0	0	0	0	0	0	0	0	0	0	0	0	350	0	0	0	0	0	0	0	0	0	0	0	0	0	0	0	1316	0	0	0	0	0	0	0	0	0	180	0	136	0	0	0	304	0	21974	0	1648	0	312	0	3646	0	6334	0	20642	0	4574	0	0	0	2502	0	632	0	0	0	0	0	0	0	0	0	0	0	3624	0	0	0	15728	0	0	0	4196	0	0	0	0	0	0	0	0	0	0	0	0	0	0	0	0	0	0	0	0	0	0	0	0	0	0	0	
76092	Angular_R	0	110	0	0	0	0	0	0	0	0	0	114	0	0	0	0	0	456	0	0	0	0	0	0	0	0	0	0	0	0	0	0	0	0	0	0	0	0	0	0	0	0	0	0	0	906	0	0	0	2066	0	6404	0	0	0	110	0	688	0	1752	0	8324	0	6014	0	0	0	750	0	0	0	0	0	0	0	0	0	0	0	0	0	2338	0	0	0	6648	0	0	0	1366	0	0	0	0	0	0	0	0	0	0	0	0	0	0	0	0	0	0	0	0	0	0	0	0	0	0	
273332	Precuneus_L	1040	0	0	0	0	0	0	0	0	0	0	0	0	0	0	0	170	0	240	162	0	0	0	0	0	0	0	0	100	0	328	0	10110	394	8472	576	1980	0	636	0	0	0	10082	800	11774	3962	2110	0	13052	2792	16570	1624	2922	0	1320	0	3414	410	8190	1458	2016	0	660	0	2502	0	0	5938	7456	238	0	0	0	0	0	0	114	0	354	0	854	0	0	0	7944	0	0	0	3784	118	0	0	0	0	0	0	0	0	0	0	0	0	0	0	0	0	0	0	0	0	0	0	0	0	0	0	
319772	Precuneus_R	0	876	0	0	0	0	0	0	0	0	0	0	0	0	0	0	0	0	0	568	0	0	0	0	0	0	0	0	0	0	0	0	760	4762	1006	8268	446	3700	0	2172	0	0	0	14580	586	30860	0	8454	0	25862	0	14510	0	1068	0	1878	0	10250	0	9438	0	608	0	134	0	750	5938	0	0	2960	0	0	0	0	0	0	362	544	0	154	0	576	0	0	0	1524	0	0	0	2620	0	0	0	0	0	0	0	1760	0	0	0	0	0	0	0	0	0	0	0	0	1912	0	0	0	0	0	
158280	Paracentral_Lobule_L	4512	0	0	0	0	0	0	0	0	0	0	0	0	0	0	0	0	0	3616	8736	0	0	0	0	0	0	0	0	0	0	0	0	2798	7942	7430	814	192	0	0	0	0	0	1542	0	1766	0	0	0	1258	0	5516	0	470	0	246	0	10502	0	1782	0	1560	0	144	0	632	0	7456	0	0	7610	108	0	142	0	102	0	0	0	170	0	284	0	0	0	1346	0	0	0	464	0	0	0	0	0	0	0	0	0	0	0	0	0	0	0	0	0	0	0	0	0	0	0	0	0	0	0	
193988	Paracentral_Lobule_R	1954	3208	2114	0	0	0	0	0	0	0	0	0	0	0	0	0	0	0	4866	30460	0	0	0	0	0	0	0	0	0	0	0	0	1166	19232	2146	5132	196	184	0	0	0	0	0	362	0	1314	0	0	0	1066	0	282	0	100	0	0	572	2762	0	194	0	158	0	0	0	0	238	2960	7610	0	2218	228	3146	0	2894	0	232	0	0	0	0	0	0	0	0	0	0	0	0	0	0	0	0	0	0	0	0	0	0	0	0	0	0	0	0	0	0	0	0	0	0	0	0	0	0	0	
386108	Caudate_L	2966	548	22042	4248	2956	384	4068	162	662	104	1240	0	382	0	3282	0	2164	0	25834	7206	10078	7190	328	432	1050	924	5880	816	6156	204	20964	3640	282	1440	0	0	0	0	0	0	1150	296	0	0	0	0	0	0	0	0	0	0	0	0	0	0	728	0	0	0	0	0	0	0	0	0	0	0	108	2218	0	11364	29922	2398	2562	534	3278	0	0	0	376	0	488	0	0	0	0	0	0	0	0	0	0	0	0	0	0	0	0	0	0	0	0	0	0	0	0	0	0	0	0	0	0	0	0	0	
486260	Caudate_R	266	1656	3430	26828	820	2464	280	3564	176	1834	0	3260	0	2620	568	1636	0	2896	2534	22820	4212	9916	4286	8586	230	5540	1744	3852	990	7036	8594	33982	882	2202	770	798	778	2064	0	596	684	944	0	0	0	0	0	252	0	0	0	0	0	0	0	356	186	530	0	0	0	162	0	170	0	0	0	0	0	228	11364	0	5492	25488	924	3632	1024	16172	0	0	0	408	218	0	0	0	0	0	0	0	0	0	0	0	0	0	0	186	0	0	0	0	0	0	0	0	0	0	0	0	0	0	0	0	0	0	
389252	Putamen_L	4728	630	26440	272	3724	0	6076	0	1792	0	2002	0	1120	0	5766	0	3598	0	24048	4018	3616	3862	334	156	180	0	1034	0	21236	0	13426	1928	206	1092	326	324	3834	248	910	0	958	0	0	0	0	0	0	0	0	0	1060	0	0	0	476	0	2506	0	1058	0	1146	0	0	0	0	0	0	0	142	3146	29922	5492	0	1964	5274	522	1320	100	0	0	954	0	1348	0	0	0	0	0	312	0	0	0	0	0	0	0	0	0	0	0	0	0	0	0	0	0	0	0	0	0	0	0	0	0	0	0	
359356	Putamen_R	0	3216	1474	13762	140	2924	120	1104	0	1468	0	7462	0	1320	0	2236	0	7732	600	7364	696	3234	1950	7680	0	5612	228	2862	102	20518	4780	22082	390	892	0	0	0	8432	0	5294	0	892	0	0	0	0	0	0	0	0	0	0	0	0	0	4462	0	2266	0	0	0	144	0	122	0	0	0	0	0	0	2398	25488	1964	0	148	1430	0	1662	0	0	0	1090	0	378	0	350	0	0	0	630	0	0	0	0	0	0	0	394	0	186	0	0	0	0	0	0	0	0	0	0	0	0	0	0	0	0	
41112	Pallidum_L	424	458	0	0	0	0	0	0	0	0	0	0	0	0	0	0	0	0	278	3014	0	388	0	0	0	0	0	0	0	0	0	0	0	536	0	0	104	0	0	0	0	0	0	0	0	0	0	0	0	0	220	0	0	0	0	0	662	0	220	0	162	0	0	0	0	0	0	0	102	2894	2562	924	5274	148	0	0	2186	0	0	0	0	0	0	0	0	0	0	0	0	0	0	0	0	0	0	0	0	0	0	0	0	0	0	0	0	0	0	0	0	0	0	0	0	0	0	0	
26000	Pallidum_R	0	148	0	494	0	0	0	0	0	0	0	1092	0	0	0	0	0	644	0	0	0	0	0	0	0	0	0	0	0	980	390	454	0	0	0	0	0	460	0	352	0	0	0	0	0	0	0	0	0	0	0	0	0	0	0	244	0	0	0	0	0	0	0	0	0	0	0	0	0	0	534	3632	522	1430	0	0	0	1624	0	0	0	0	0	0	0	0	0	0	0	0	0	0	0	0	0	0	0	0	0	0	0	0	0	0	0	0	0	0	0	0	0	0	0	0	0	0	
128716	Thalamus_L	6582	2356	2138	0	0	0	254	0	0	0	0	306	0	0	0	0	284	0	584	348	514	324	0	0	0	0	0	102	1944	184	0	0	0	0	4504	5662	6402	5080	228	496	444	0	296	0	0	0	118	414	0	0	916	0	284	0	388	0	1646	196	120	0	288	0	0	0	0	0	114	362	0	232	3278	1024	1320	0	2186	0	0	10508	0	0	242	0	0	0	956	0	0	0	334	0	0	0	0	0	0	0	0	400	0	0	0	0	0	0	0	0	0	0	0	0	0	0	0	0	0	0	
144948	Thalamus_R	1146	8162	120	532	0	0	0	192	0	0	0	1022	0	108	0	178	0	366	0	226	220	718	0	0	0	0	0	202	358	890	0	0	0	0	3090	4500	3076	8094	0	3172	0	0	0	0	0	0	0	1314	0	0	100	0	0	108	0	1432	166	538	0	0	0	0	0	0	0	0	0	544	0	0	0	16172	100	1662	0	1624	10508	0	0	0	0	168	0	0	108	0	0	0	0	134	0	0	0	0	0	0	0	1424	0	0	0	0	0	0	0	0	0	0	0	0	0	0	0	0	0	0	
56376	Heschl_L	1742	140	920	0	0	0	0	0	0	0	174	0	0	0	0	0	3386	0	662	0	0	0	0	0	0	0	0	0	3940	0	0	0	168	0	300	298	2166	246	118	0	0	0	518	0	422	0	0	0	246	0	2370	0	418	0	840	0	1900	0	0	0	226	0	130	0	0	0	354	0	170	0	0	0	0	0	0	0	0	0	0	0	2850	0	0	0	2474	0	0	0	1010	0	0	0	0	0	0	0	0	0	0	0	0	0	0	0	0	0	0	0	0	0	0	0	0	0	0	0	
21144	Heschl_R	0	120	0	0	0	0	0	0	0	0	0	120	0	0	0	0	0	696	0	0	0	0	0	0	0	0	0	0	0	860	0	0	0	0	0	0	0	1086	0	168	0	0	0	0	0	0	0	100	0	0	0	0	0	214	0	454	0	232	0	0	0	0	0	0	0	0	0	154	0	0	0	0	0	0	0	0	0	0	0	0	0	4192	0	0	0	1224	0	0	0	952	0	0	0	0	0	0	0	0	0	0	0	0	0	0	0	0	0	0	0	0	0	0	0	0	0	0	
216964	Temporal_Sup_L	816	0	1918	0	0	0	338	0	0	0	1252	0	296	0	0	0	5364	0	1076	0	158	0	0	0	0	0	0	0	7454	0	214	0	484	0	164	142	2692	0	696	0	0	0	602	0	616	0	0	0	426	0	4758	0	690	0	4258	0	2048	0	1242	0	2112	0	6654	0	3624	0	854	0	284	0	376	0	954	0	0	0	242	0	2850	0	0	0	3416	0	28486	0	0	0	20348	0	0	0	0	0	0	0	0	0	578	0	0	0	0	0	0	0	0	0	0	0	0	0	0	0	0	0	
87328	Temporal_Sup_R	0	312	0	0	0	0	0	0	0	0	0	328	0	0	0	0	0	2514	0	0	0	0	0	0	0	0	0	0	0	3974	0	0	0	0	0	0	0	1708	0	254	0	0	0	0	0	374	0	0	0	494	0	274	0	172	0	1396	0	344	0	308	0	714	0	1988	0	2338	0	576	0	0	0	408	0	1090	0	0	0	168	0	4192	0	0	0	1922	0	12068	0	232	0	5516	0	0	0	0	0	0	0	0	0	0	0	0	0	0	0	0	0	0	0	0	0	0	0	0	0	0	
78128	Temporal_Pole_Sup_L	0	0	352	0	404	0	134	0	142	0	216	0	104	0	2348	0	154	0	174	0	1220	274	0	0	0	0	174	0	4998	0	152	0	0	0	0	0	1440	0	542	0	1386	0	0	0	0	0	0	0	0	0	0	0	0	0	2782	0	0	0	0	0	0	0	0	0	0	0	0	0	0	0	488	218	1348	0	0	0	0	0	0	0	3416	0	0	0	7598	0	4648	0	4352	0	0	0	0	0	0	0	0	0	0	0	0	0	0	0	0	0	0	0	0	0	0	0	0	0	0	0	
34272	Temporal_Pole_Sup_R	0	0	0	0	0	0	0	0	0	0	0	0	0	0	0	216	0	146	0	0	0	162	0	0	0	0	0	0	0	998	0	0	0	0	0	0	0	316	0	1340	0	1370	0	0	0	0	0	0	0	0	0	0	0	0	0	3922	0	0	0	0	0	0	0	0	0	0	0	0	0	0	0	0	0	378	0	0	0	0	0	0	0	1922	0	0	0	1928	0	2882	0	1556	0	0	0	0	0	0	0	0	0	0	0	0	0	0	0	0	0	0	0	0	0	0	0	0	0	0	
377580	Temporal_Mid_L	394	0	0	0	0	0	0	0	0	0	0	0	0	0	0	0	642	0	0	0	0	0	0	0	0	0	0	0	1338	0	0	0	3654	0	574	544	2274	182	0	0	0	0	3184	0	1972	0	0	0	2114	0	32240	0	7346	0	3926	0	1380	0	2132	0	6672	0	5124	0	15728	0	7944	0	1346	0	0	0	0	0	0	0	956	108	2474	0	28486	0	7598	0	0	0	3918	0	44422	0	118	0	0	0	0	0	0	0	0	0	0	0	0	0	0	0	0	0	0	0	0	0	0	0	0	0	
145676	Temporal_Mid_R	0	838	0	0	0	0	0	0	0	0	0	0	0	0	0	0	0	106	0	0	0	0	0	0	0	0	0	0	0	834	0	0	0	0	0	134	0	2062	0	628	0	0	0	1554	0	908	0	192	0	898	0	9092	0	800	0	4512	0	864	0	0	0	946	0	2784	0	6648	0	1524	0	0	0	0	0	350	0	0	0	0	0	1224	0	12068	0	1928	0	0	0	646	0	21298	0	0	0	0	0	0	0	0	0	0	0	0	0	0	0	0	0	0	0	0	0	0	0	0	0	0	
28728	Temporal_Pole_Mid_L	0	0	0	0	0	0	0	0	0	0	0	0	0	0	0	0	0	0	0	0	0	0	0	0	0	0	0	0	198	0	0	0	0	0	0	0	274	0	184	0	436	0	0	0	0	0	0	0	0	0	0	0	0	0	1214	0	0	0	0	0	0	0	0	0	0	0	0	0	0	0	0	0	0	0	0	0	0	0	0	0	0	0	4648	0	3918	0	0	0	3492	0	0	0	0	0	0	0	0	0	0	0	0	0	0	0	0	0	0	0	0	0	0	0	0	0	0	0	
13584	Temporal_Pole_Mid_R	0	0	0	0	0	0	0	0	0	0	0	0	0	0	0	0	0	0	0	0	0	0	0	0	0	0	0	0	0	0	0	0	0	0	0	0	0	0	0	672	0	332	0	0	0	0	0	0	0	0	0	0	0	0	0	1352	0	0	0	0	0	0	0	0	0	0	0	0	0	0	0	0	0	0	0	0	0	0	0	0	0	232	0	2882	0	646	0	0	0	676	0	0	0	0	0	0	0	0	0	0	0	0	0	0	0	0	0	0	0	0	0	0	0	0	0	0	
283516	Temporal_Inf_L	206	0	150	0	0	0	0	0	0	0	0	0	0	0	0	0	192	0	0	0	0	0	0	0	0	0	0	0	3420	0	0	0	1948	0	292	268	5180	172	422	0	218	0	436	0	486	0	180	0	1340	0	12298	0	6324	0	17468	0	448	0	824	0	2218	0	1464	0	4196	0	3784	0	464	0	0	0	312	0	0	0	334	0	1010	0	20348	0	4352	0	44422	0	3492	0	0	0	1320	0	134	0	0	0	298	0	1338	0	0	0	0	0	0	0	0	0	0	0	0	0	0	0	0	0	
154760	Temporal_Inf_R	0	536	0	0	0	0	0	0	0	0	0	186	0	0	0	0	0	0	0	0	0	0	0	0	0	0	0	0	0	1950	0	0	0	0	0	102	0	5672	0	1880	0	0	0	1948	0	1452	0	336	0	1606	0	3566	0	4424	0	15938	0	452	0	0	0	210	0	854	0	1366	118	2620	0	0	0	0	0	630	0	0	0	134	0	952	0	5516	0	1556	0	21298	0	676	0	0	0	1246	0	0	0	0	0	0	0	156	0	0	0	0	0	0	0	0	0	0	0	0	0	0	0	0	
616676	Cerebelum_Crus1_L	0	0	0	0	0	0	0	0	0	0	0	0	0	0	0	0	0	0	0	0	0	0	0	0	0	0	0	0	0	0	0	0	0	0	0	0	0	0	0	0	0	0	0	0	0	0	11340	2186	138	0	484	0	1174	0	18844	868	0	0	0	0	0	0	0	0	0	0	0	0	0	0	0	0	0	0	0	0	0	0	0	0	0	0	0	0	118	0	0	0	1320	0	0	4908	46378	4296	1828	1222	31620	3118	64632	6500	26070	1734	25210	1382	10630	560	2072	0	572	1550	13018	9676	11772	512	812	1794	
474996	Cerebelum_Crus1_R	0	0	0	0	0	0	0	0	0	0	0	0	0	0	0	0	0	0	0	0	0	0	0	0	0	0	0	0	0	0	0	0	0	0	0	0	0	148	0	330	0	0	1250	0	104	0	4192	5506	132	0	138	0	372	130	848	11384	0	0	0	0	0	0	0	0	0	0	0	0	0	0	0	0	0	0	0	0	0	0	0	0	0	0	0	0	0	0	0	0	0	1246	4908	0	1308	27712	1830	5086	4034	22376	7634	60820	340	7750	858	18690	2296	3152	0	268	392	3454	11612	11632	11260	1772	2172	362	
485328	Cerebelum_Crus2_L	0	0	0	0	0	0	0	0	0	0	0	0	0	0	0	0	0	0	0	0	0	0	0	0	0	0	0	0	0	0	0	0	0	0	0	0	0	0	0	0	0	0	0	0	0	0	1350	244	0	0	0	0	144	0	2948	122	0	0	0	0	0	0	0	0	0	0	0	0	0	0	0	0	0	0	0	0	0	0	0	0	0	0	0	0	0	0	0	0	134	0	46378	1308	0	12350	418	204	6538	288	15432	1180	53106	8660	48514	6192	12542	304	816	0	172	332	1766	2202	16114	2106	372	428	
325984	Cerebelum_Crus2_R	0	0	0	0	0	0	0	0	0	0	0	0	0	0	0	0	0	0	0	0	0	0	0	0	0	0	0	0	0	0	0	0	0	0	0	0	0	0	0	0	0	0	0	0	0	0	1204	356	0	0	0	0	0	0	210	220	0	0	0	0	0	0	0	0	0	0	0	0	0	0	0	0	0	0	0	0	0	0	0	0	0	0	0	0	0	0	0	0	0	0	4296	27712	12350	0	0	284	0	856	2744	5660	4706	28896	6834	34494	1318	5246	0	110	0	214	220	3192	18972	1884	858	156	
79444	Cerebelum_3_L	0	0	0	0	0	0	0	0	0	0	0	0	0	0	0	0	0	0	0	0	0	0	0	0	0	0	0	0	0	0	0	0	0	0	0	0	0	0	0	0	0	0	0	0	0	0	376	286	0	0	0	0	0	0	222	194	0	0	0	0	0	0	0	0	0	0	0	0	0	0	0	0	0	0	0	0	0	0	0	0	0	0	0	0	0	0	0	0	0	0	1828	1830	418	0	0	734	9712	2092	3054	2500	454	112	448	140	2250	188	312	0	2104	3204	5556	662	268	102	170	506	
87972	Cerebelum_3_R	0	0	0	0	0	0	0	0	0	0	0	0	0	0	0	0	0	0	0	0	0	0	0	0	0	0	0	0	0	0	0	0	0	0	0	0	0	186	0	510	0	0	0	0	0	0	148	272	0	0	0	0	0	0	102	308	0	0	0	0	0	0	0	0	0	0	0	0	0	0	0	0	0	0	0	0	0	0	0	0	0	0	0	0	0	0	0	0	0	0	1222	5086	204	284	734	0	1830	5670	1408	8312	0	234	118	460	486	1022	0	0	692	6630	3632	1638	438	452	712	1196	
387332	Cerebelum_4_5_L	0	0	0	0	0	0	0	0	0	0	0	0	0	0	0	0	0	0	0	0	0	0	0	0	0	0	0	0	0	0	0	0	0	0	0	0	138	0	304	0	0	0	0	0	0	0	11880	1786	0	0	0	0	126	0	9104	1152	0	0	0	0	0	0	0	0	0	0	0	0	0	0	0	0	0	0	0	0	0	0	0	0	0	0	0	0	0	0	0	0	298	0	31620	4034	6538	0	9712	1830	0	5348	43162	6676	6142	134	5170	200	6792	1472	350	0	1932	4226	23514	5266	480	0	568	3712	
291392	Cerebelum_4_5_R	0	286	0	0	0	0	0	0	0	0	0	0	0	0	0	0	0	0	0	0	0	0	0	0	0	0	0	0	0	0	0	0	0	0	432	1654	468	5546	0	8348	0	0	1662	438	0	0	2306	11684	0	0	0	0	0	186	266	8926	0	0	0	0	0	0	0	0	0	0	0	1760	0	0	0	186	0	394	0	0	400	1424	0	0	0	0	0	0	0	0	0	0	0	0	3118	22376	288	856	2092	5670	5348	0	4270	30268	114	370	0	1458	1974	230	0	0	532	2348	15188	1824	776	104	126	0	
565596	Cerebelum_6_L	0	0	0	0	0	0	0	0	0	0	0	0	0	0	0	0	0	0	0	0	0	0	0	0	0	0	0	0	162	0	0	0	0	0	0	0	240	0	108	0	0	0	184	0	164	0	18320	3152	252	0	368	0	1728	0	23818	1362	0	0	0	0	0	0	0	0	0	0	0	0	0	0	0	0	0	0	0	0	0	0	0	0	578	0	0	0	0	0	0	0	1338	0	64632	7634	15432	2744	3054	1408	43162	4270	0	9606	10938	872	9994	1556	7992	574	1236	0	668	1858	16196	14744	9562	340	566	1986	
462828	Cerebelum_6_R	0	0	0	0	0	0	0	0	0	0	0	0	0	0	0	0	0	0	0	0	0	0	0	0	0	0	0	0	0	0	0	0	0	0	0	0	0	692	0	1328	0	0	1478	0	0	0	3994	8786	0	0	100	0	234	336	770	14414	0	0	0	0	0	0	0	0	0	0	0	0	0	0	0	0	0	186	0	0	0	0	0	0	0	0	0	0	0	0	0	0	0	156	6500	60820	1180	5660	2500	8312	6676	30268	9606	0	302	3134	660	6360	2640	2942	110	322	630	5318	16466	14622	7892	2010	2560	1450	
389276	Cerebelum_7b_L	0	0	0	0	0	0	0	0	0	0	0	0	0	0	0	0	0	0	0	0	0	0	0	0	0	0	0	0	0	0	0	0	0	0	0	0	0	0	0	0	0	0	0	0	0	0	456	0	0	0	0	0	0	0	1928	0	0	0	0	0	0	0	0	0	0	0	0	0	0	0	0	0	0	0	0	0	0	0	0	0	0	0	0	0	0	0	0	0	0	0	26070	340	53106	4706	454	0	6142	114	10938	302	0	4432	52044	4586	14064	182	1900	0	148	178	1116	912	7356	2784	180	200	
245492	Cerebelum_7b_R	0	0	0	0	0	0	0	0	0	0	0	0	0	0	0	0	0	0	0	0	0	0	0	0	0	0	0	0	0	0	0	0	0	0	0	0	0	0	0	0	0	0	0	0	0	0	422	130	0	0	0	0	0	0	0	0	0	0	0	0	0	0	0	0	0	0	0	0	0	0	0	0	0	0	0	0	0	0	0	0	0	0	0	0	0	0	0	0	0	0	1734	7750	8660	28896	112	234	134	370	872	3134	4432	0	7246	33260	1716	6826	0	0	0	116	350	890	11850	2814	798	0	
471728	Cerebelum_8_L	0	0	0	0	0	0	0	0	0	0	0	0	0	0	0	0	0	0	0	0	0	0	0	0	0	0	0	0	0	0	0	0	0	0	0	0	0	0	0	0	0	0	0	0	0	0	402	0	0	0	0	0	0	0	1898	0	0	0	0	0	0	0	0	0	0	0	0	0	0	0	0	0	0	0	0	0	0	0	0	0	0	0	0	0	0	0	0	0	0	0	25210	858	48514	6834	448	118	5170	0	9994	660	52044	7246	0	11528	26440	3914	2532	0	180	230	872	1450	13622	9834	5258	608	
355256	Cerebelum_8_R	0	0	0	0	0	0	0	0	0	0	0	0	0	0	0	0	0	0	0	0	0	0	0	0	0	0	0	0	0	0	0	0	0	0	0	0	0	0	0	0	0	0	0	0	0	0	640	182	0	0	0	0	0	0	168	150	0	0	0	0	0	0	0	0	0	0	0	0	0	0	0	0	0	0	0	0	0	0	0	0	0	0	0	0	0	0	0	0	0	0	1382	18690	6192	34494	140	460	200	1458	1556	6360	4586	33260	11528	0	6234	17096	0	1030	0	210	470	2144	14990	8880	4768	360	
284912	Cerebelum_9_L	0	0	0	0	0	0	0	0	0	0	0	0	0	0	0	0	0	0	0	0	0	0	0	0	0	0	0	0	0	0	0	0	0	0	0	0	0	0	0	0	0	0	0	0	0	0	246	314	0	0	0	0	0	0	0	214	0	0	0	0	0	0	0	0	0	0	0	0	0	0	0	0	0	0	0	0	0	0	0	0	0	0	0	0	0	0	0	0	0	0	10630	2296	12542	1318	2250	486	6792	1974	7992	2640	14064	1716	26440	6234	0	6438	2952	368	628	988	4402	3412	7578	7486	7162	2894	
166792	Cerebelum_9_R	0	0	0	0	0	0	0	0	0	0	0	0	0	0	0	0	0	0	0	0	0	0	0	0	0	0	0	0	0	0	0	0	0	0	0	0	0	0	0	0	0	0	0	0	0	0	0	0	0	0	0	0	0	0	0	0	0	0	0	0	0	0	0	0	0	0	0	0	0	0	0	0	0	0	0	0	0	0	0	0	0	0	0	0	0	0	0	0	0	0	560	3152	304	5246	188	1022	1472	230	574	2942	182	6826	3914	17096	6438	0	0	1598	338	1250	2112	3452	4892	7330	8982	3296	
25660	Cerebelum_10_L	0	0	0	0	0	0	0	0	0	0	0	0	0	0	0	0	0	0	0	0	0	0	0	0	0	0	0	0	0	0	0	0	0	0	0	0	0	0	0	0	0	0	0	0	0	0	0	0	0	0	0	0	0	0	0	0	0	0	0	0	0	0	0	0	0	0	0	0	0	0	0	0	0	0	0	0	0	0	0	0	0	0	0	0	0	0	0	0	0	0	2072	0	816	0	312	0	350	0	1236	110	1900	0	2532	0	2952	0	0	0	0	0	154	0	396	0	0	0	
11176	Cerebelum_10_R	0	0	0	0	0	0	0	0	0	0	0	0	0	0	0	0	0	0	0	0	0	0	0	0	0	0	0	0	0	0	0	0	0	0	0	0	0	0	0	0	0	0	0	0	0	0	0	0	0	0	0	0	0	0	0	0	0	0	0	0	0	0	0	0	0	0	0	0	0	0	0	0	0	0	0	0	0	0	0	0	0	0	0	0	0	0	0	0	0	0	0	268	0	110	0	0	0	0	0	322	0	0	0	1030	368	1598	0	0	0	0	0	176	754	548	414	0	
41140	Vermis_1_2	0	0	0	0	0	0	0	0	0	0	0	0	0	0	0	0	0	0	0	0	0	0	0	0	0	0	0	0	0	0	0	0	0	0	0	0	0	0	0	0	0	0	0	0	0	0	192	0	0	0	0	0	0	0	0	0	0	0	0	0	0	0	0	0	0	0	0	0	0	0	0	0	0	0	0	0	0	0	0	0	0	0	0	0	0	0	0	0	0	0	572	392	172	0	2104	692	1932	532	668	630	148	0	180	0	628	338	0	0	0	5534	3492	956	170	150	246	842	
100964	Vermis_3	0	0	0	0	0	0	0	0	0	0	0	0	0	0	0	0	0	0	0	0	0	0	0	0	0	0	0	0	0	0	0	0	0	0	0	0	0	0	0	0	0	0	0	0	0	0	322	0	0	0	0	0	0	0	100	0	0	0	0	0	0	0	0	0	0	0	0	0	0	0	0	0	0	0	0	0	0	0	0	0	0	0	0	0	0	0	0	0	0	0	1550	3454	332	214	3204	6630	4226	2348	1858	5318	178	116	230	210	988	1250	0	0	5534	0	6118	2418	556	554	848	1926	
332008	Vermis_4_5	0	0	0	0	0	0	0	0	0	0	0	0	0	0	0	0	0	0	0	0	0	0	0	0	0	0	0	0	0	0	0	0	0	0	118	1670	0	372	0	100	0	0	1720	244	0	132	7678	5924	0	0	0	0	158	0	2360	2936	0	162	0	0	0	0	0	0	0	0	0	1912	0	0	0	0	0	0	0	0	0	0	0	0	0	0	0	0	0	0	0	0	0	0	13018	11612	1766	220	5556	3632	23514	15188	16196	16466	1116	350	872	470	4402	2112	154	0	3492	6118	0	7554	670	292	900	4848	
