data	data	489148	262760	822528	726132	196612	121528	624632	184396	86660	48004	364624	231312	390456	146460	228848	105924	219644	198804	541216	772304	93496	107920	397744	311660	43584	95844	83560	97200	659072	435204	282872	448492	145064	592012	137456	199808	231816	319540	105704	171420	37060	60584	247336	366264	220156	337904	248520	217048	160900	332104	540200	242004	236028	69340	286588	345536	271192	223360	124980	78864	238096	91808	128440	127880	206712	121008	245656	402556	302468	337556	407748	487036	280500	341332	45140	27372	154828	154104	54752	26068	217764	161484	79116	88828	329016	286916	14956	25900	340512	281672	325512	231136	263760	218380	18076	53336	164756	159612	277964	260472	206180	114252	239272	237980	94176	122160	20292	15852	12444	28920	177368	132428	222760	152052	98788	10180	
data	data	Precentral_L	Precentral_R	Frontal_Sup_L	Frontal_Sup_R	Frontal_Sup_Orb_L	Frontal_Sup_Orb_R	Frontal_Mid_L	Frontal_Mid_R	Frontal_Mid_Orb_L	Frontal_Mid_Orb_R	Frontal_Inf_Oper_L	Frontal_Inf_Oper_R	Frontal_Inf_Tri_L	Frontal_Inf_Tri_R	Frontal_Inf_Orb_L	Frontal_Inf_Orb_R	Rolandic_Oper_L	Rolandic_Oper_R	Supp_Motor_Area_L	Supp_Motor_Area_R	Olfactory_L	Olfactory_R	Frontal_Sup_Medial_L	Frontal_Sup_Medial_R	Frontal_Med_Orb_L	Frontal_Med_Orb_R	Rectus_L	Rectus_R	Insula_L	Insula_R	Cingulum_Ant_L	Cingulum_Ant_R	Cingulum_Mid_L	Cingulum_Mid_R	Cingulum_Post_L	Cingulum_Post_R	Hippocampus_L	Hippocampus_R	ParaHippocampal_L	ParaHippocampal_R	Amygdala_L	Amygdala_R	Calcarine_L	Calcarine_R	Cuneus_L	Cuneus_R	Lingual_L	Lingual_R	Occipital_Sup_L	Occipital_Sup_R	Occipital_Mid_L	Occipital_Mid_R	Occipital_Inf_L	Occipital_Inf_R	Fusiform_L	Fusiform_R	Postcentral_L	Postcentral_R	Parietal_Sup_L	Parietal_Sup_R	Parietal_Inf_L	Parietal_Inf_R	SupraMarginal_L	SupraMarginal_R	Angular_L	Angular_R	Precuneus_L	Precuneus_R	Paracentral_Lobule_L	Paracentral_Lobule_R	Caudate_L	Caudate_R	Putamen_L	Putamen_R	Pallidum_L	Pallidum_R	Thalamus_L	Thalamus_R	Heschl_L	Heschl_R	Temporal_Sup_L	Temporal_Sup_R	Temporal_Pole_Sup_L	Temporal_Pole_Sup_R	Temporal_Mid_L	Temporal_Mid_R	Temporal_Pole_Mid_L	Temporal_Pole_Mid_R	Temporal_Inf_L	Temporal_Inf_R	Cerebelum_Crus1_L	Cerebelum_Crus1_R	Cerebelum_Crus2_L	Cerebelum_Crus2_R	Cerebelum_3_L	Cerebelum_3_R	Cerebelum_4_5_L	Cerebelum_4_5_R	Cerebelum_6_L	Cerebelum_6_R	Cerebelum_7b_L	Cerebelum_7b_R	Cerebelum_8_L	Cerebelum_8_R	Cerebelum_9_L	Cerebelum_9_R	Cerebelum_10_L	Cerebelum_10_R	Vermis_1_2	Vermis_3	Vermis_4_5	Vermis_6	Vermis_7	Vermis_8	Vermis_9	Vermis_10	
489148	Precentral_L	0	2360	10052	2520	0	0	19558	236	0	0	8298	258	1258	230	464	0	9592	424	9192	12814	0	0	308	0	0	0	0	0	8186	836	600	290	1686	8820	3634	4146	6248	3032	566	426	100	0	172	492	288	328	134	128	514	228	1172	216	268	0	418	236	30418	430	318	0	8088	0	2704	128	1758	0	338	1260	27342	4112	9336	1354	8316	1090	5010	0	12120	1444	2586	0	2844	0	0	0	1018	174	0	0	1288	370	0	0	0	0	0	0	0	0	0	0	0	0	0	0	0	0	0	0	0	0	0	0	0	0	0	0	
262760	Precentral_R	2360	0	1420	24592	0	0	302	7576	0	0	0	8200	134	0	94	0	0	3864	666	8072	0	0	0	0	0	0	0	0	206	1782	0	0	0	648	418	2158	212	5870	0	256	0	250	0	1268	0	1474	0	272	0	1426	0	634	0	0	0	130	0	19828	0	200	0	848	0	2678	0	0	0	3118	1538	5994	516	4874	96	238	0	100	3952	11754	0	128	0	152	0	0	0	570	0	0	0	404	0	0	0	0	0	0	0	0	0	0	0	0	0	0	0	0	0	0	0	0	108	0	0	0	0	0	
822528	Frontal_Sup_L	10052	1420	0	8514	11424	0	80378	358	4754	0	27116	866	25728	176	7842	90	8254	1294	58240	8612	854	0	46522	4300	1256	0	578	0	28712	2924	12472	4618	3362	3718	208	242	1548	600	882	0	0	0	0	0	0	0	0	0	0	0	0	0	0	0	88	168	4094	452	116	0	1426	0	366	124	186	0	0	0	7226	182	5836	3814	9314	2554	2254	602	582	358	532	112	1978	0	364	0	124	0	0	0	236	262	0	0	0	0	0	0	0	0	0	0	0	0	0	0	0	0	0	0	0	0	0	0	0	0	0	0	
726132	Frontal_Sup_R	2520	24592	8514	0	152	6010	1290	28588	0	1422	1186	12168	746	7118	338	2684	896	10750	12328	52124	118	1052	13412	36686	148	4672	266	2388	1204	13194	2882	32078	788	20148	328	1272	218	4654	0	298	0	228	0	0	0	0	0	0	0	0	0	0	0	0	0	158	0	1688	0	0	0	0	0	122	0	0	0	0	1420	312	1320	18398	140	11818	0	886	3606	10158	0	206	142	616	0	1554	0	418	0	0	0	644	0	0	0	0	0	0	0	0	0	0	0	0	0	0	0	0	0	0	0	0	0	0	0	0	0	0	
196612	Frontal_Sup_Orb_L	0	0	11424	152	0	122	2260	0	13444	0	0	0	1910	0	17616	0	0	0	122	0	6800	898	5106	224	4580	272	9138	134	10080	0	6724	1064	0	0	0	0	176	0	0	0	212	0	0	0	0	0	0	0	0	0	0	0	0	0	0	0	0	0	0	0	0	0	0	0	0	0	0	0	0	0	1614	484	3000	0	0	0	0	0	0	0	0	0	750	0	0	0	0	0	0	0	0	0	0	0	0	0	0	0	0	0	0	0	0	0	0	0	0	0	0	0	0	0	0	0	0	0	
121528	Frontal_Sup_Orb_R	0	0	0	6010	122	0	0	3158	0	5716	0	0	0	630	0	4380	0	0	0	248	166	3300	268	4322	238	7442	376	10820	0	1644	534	3008	128	554	0	0	0	0	0	142	0	298	0	0	0	0	0	0	0	0	0	0	0	0	0	0	0	0	0	0	0	0	0	0	0	0	0	0	0	0	442	4320	0	2498	0	0	0	0	0	0	0	0	0	0	0	0	0	0	0	0	0	0	0	0	0	0	0	0	0	0	0	0	0	0	0	0	0	0	0	0	0	0	0	0	0	0	
624632	Frontal_Mid_L	19558	302	80378	1290	2260	0	0	412	3290	0	22430	1312	42510	158	11436	132	4080	860	22038	1932	0	0	16746	598	0	0	0	0	27614	2494	5252	894	1822	1126	242	232	1744	490	884	0	0	0	0	0	0	0	0	0	0	0	132	0	0	0	0	108	4872	240	120	0	2682	0	674	0	194	0	0	0	1346	0	10160	4854	4768	1798	1380	284	1228	404	888	0	964	0	196	0	168	0	0	0	208	132	0	0	0	0	0	0	0	0	0	0	0	0	0	0	0	0	0	0	0	0	0	0	0	0	0	0	
184396	Frontal_Mid_R	236	7576	358	28588	0	3158	412	0	0	2728	100	4190	480	11102	278	2550	0	1178	2006	6158	0	188	756	2680	0	0	0	276	454	3438	134	1994	162	4020	0	96	0	708	0	0	0	0	0	0	0	0	0	0	0	0	0	0	0	0	0	0	0	1204	0	0	0	0	0	0	0	0	0	0	108	0	1010	1646	0	1444	0	110	84	366	0	0	0	0	0	106	0	0	0	0	0	116	0	0	0	0	0	0	0	0	0	0	0	0	0	0	0	0	0	0	0	0	0	0	0	0	0	0	
86660	Frontal_Mid_Orb_L	0	0	4754	0	13444	0	3290	0	0	0	0	0	2706	0	14998	0	0	0	0	0	308	0	498	0	84	0	784	0	1806	0	276	0	0	0	0	0	0	0	0	0	0	0	0	0	0	0	0	0	0	0	0	0	0	0	0	0	0	0	0	0	0	0	0	0	0	0	0	0	0	0	0	0	172	0	0	0	0	0	0	0	0	0	210	0	0	0	0	0	0	0	0	0	0	0	0	0	0	0	0	0	0	0	0	0	0	0	0	0	0	0	0	0	0	0	0	0	
48004	Frontal_Mid_Orb_R	0	0	0	1422	0	5716	0	2728	0	0	0	0	0	380	0	7028	0	0	0	184	0	398	94	0	0	226	0	738	0	1112	106	908	124	466	0	0	0	0	0	0	0	0	0	0	0	0	0	0	0	0	0	0	0	0	0	0	0	0	0	0	0	0	0	0	0	0	0	0	0	0	0	644	0	1728	0	0	0	0	0	0	0	0	0	0	0	0	0	0	0	0	0	0	0	0	0	0	0	0	0	0	0	0	0	0	0	0	0	0	0	0	0	0	0	0	0	0	
364624	Frontal_Inf_Oper_L	8298	0	27116	1186	0	0	22430	100	0	0	0	3404	24984	128	990	92	13074	164	15408	1682	0	0	2994	0	0	0	0	0	20324	3456	5020	980	322	508	0	0	376	0	286	0	0	0	0	0	0	0	0	0	0	0	0	0	0	0	0	0	3404	0	0	0	538	0	136	0	0	0	0	0	516	0	8708	10122	1404	252	122	0	0	0	258	0	1712	0	1818	0	0	0	0	0	0	0	0	0	0	0	0	0	0	0	0	0	0	0	0	0	0	0	0	0	0	0	0	0	0	0	0	0	
231312	Frontal_Inf_Oper_R	258	8200	866	12168	0	0	1312	4190	0	0	3404	0	1948	10876	736	746	1056	5378	3012	11816	0	0	304	570	0	0	0	0	3022	18792	1656	6428	0	4508	0	0	0	292	0	0	0	0	0	0	0	0	0	0	0	0	0	0	0	0	0	0	0	1404	0	0	0	100	0	572	0	0	0	0	128	0	2176	5784	0	996	0	0	0	162	0	0	88	382	346	1776	0	0	0	0	0	204	0	0	0	0	0	0	0	0	0	0	0	0	0	0	0	0	0	0	0	0	0	0	0	0	0	0	
390456	Frontal_Inf_Tri_L	1258	134	25728	746	1910	0	42510	480	2706	0	24984	1948	0	110	17748	102	2140	486	9580	1146	0	0	3808	138	0	0	0	0	32242	2350	4264	488	336	346	0	0	0	248	0	0	0	0	0	0	0	0	0	0	0	0	0	0	0	0	0	0	322	0	0	0	0	0	0	0	0	0	0	0	0	0	8174	5748	1032	794	0	208	84	220	0	0	422	0	288	0	0	0	0	0	0	0	0	0	0	0	0	0	0	0	0	0	0	0	0	0	0	0	0	0	0	0	0	0	0	0	0	0	
146460	Frontal_Inf_Tri_R	230	0	176	7118	0	630	158	11102	0	380	128	10876	110	0	0	3546	0	132	3588	6810	0	182	378	818	0	0	0	208	0	12372	610	5078	130	6642	0	0	0	0	0	0	0	0	0	0	0	0	0	0	0	0	0	0	0	0	0	0	0	0	0	0	0	0	0	0	0	0	0	0	134	0	188	1268	0	238	0	0	0	0	0	0	0	0	0	0	0	0	0	0	0	0	0	0	0	0	0	0	0	0	0	0	0	0	0	0	0	0	0	0	0	0	0	0	0	0	0	0	
228848	Frontal_Inf_Orb_L	464	94	7842	338	17616	0	11436	278	14998	0	990	736	17748	0	0	0	258	342	828	284	3998	98	1600	110	0	0	2196	0	18914	1038	1164	268	0	0	0	0	522	226	0	0	314	0	0	0	0	0	0	0	0	0	0	0	0	0	0	0	0	0	0	0	0	0	0	0	0	0	0	0	0	0	2738	1602	1688	610	0	198	0	208	0	0	522	0	2158	0	0	0	0	0	0	0	0	0	0	0	0	0	0	0	0	0	0	0	0	0	0	0	0	0	0	0	0	0	0	0	0	0	
105924	Frontal_Inf_Orb_R	0	0	90	2684	0	4380	132	2550	0	7028	92	746	102	3546	0	0	0	288	120	434	0	1896	154	686	0	0	0	1400	128	9260	184	2028	0	444	0	0	0	0	0	1040	0	762	0	0	0	0	0	0	0	0	0	0	0	0	0	232	0	0	0	0	0	0	0	0	0	0	0	0	0	0	238	3912	0	6944	0	0	0	0	0	0	0	222	0	1072	0	0	0	0	0	168	0	0	0	0	0	0	0	0	0	0	0	0	0	0	0	0	0	0	0	0	0	0	0	0	0	0	
219644	Rolandic_Oper_L	9592	0	8254	896	0	0	4080	0	0	0	13074	1056	2140	0	258	0	0	126	5968	1260	0	0	1342	0	0	0	0	0	18102	1114	1336	568	286	464	0	0	396	0	346	0	0	0	0	0	0	0	0	0	0	0	1102	0	90	0	0	0	9780	0	736	0	2154	0	704	0	1670	0	204	0	1598	134	3024	3258	1434	88	0	0	134	0	3708	0	6950	0	1604	0	550	0	0	0	242	0	0	0	0	0	0	0	0	0	0	0	0	0	0	0	0	0	0	0	0	0	0	0	0	0	0	0	
198804	Rolandic_Oper_R	424	3864	1294	10750	0	0	860	1178	0	0	164	5378	486	132	342	288	126	0	1338	14190	0	0	174	0	0	0	0	0	596	24240	154	198	0	532	0	90	0	736	0	120	0	0	0	0	0	0	0	0	0	0	0	0	0	0	0	140	0	5280	0	0	0	0	0	5096	0	94	0	0	0	268	1698	2522	0	3054	0	140	282	830	0	2854	0	5538	0	2748	0	466	0	0	0	738	0	0	0	0	0	0	0	0	0	0	0	0	0	0	0	0	0	0	0	0	0	0	0	0	0	0	
541216	Supp_Motor_Area_L	9192	666	58240	12328	122	0	22038	2006	0	0	15408	3012	9580	3588	828	120	5968	1338	0	29478	0	0	7600	1006	0	0	0	0	11988	2322	2304	4250	4330	17340	0	146	510	462	292	0	0	0	0	0	0	0	0	0	0	0	160	0	0	0	332	132	3942	466	0	0	928	0	320	176	370	0	0	0	13004	1252	6090	2580	6034	2214	888	290	176	200	796	0	2640	0	0	0	366	0	0	0	514	276	0	0	0	0	0	0	0	0	0	0	0	0	0	0	0	0	0	0	0	0	0	0	0	0	0	0	
772304	Supp_Motor_Area_R	12814	8072	8612	52124	0	248	1932	6158	0	184	1682	11816	1146	6810	284	434	1260	14190	29478	0	0	0	4390	7668	0	0	0	100	1650	12648	1208	9716	5596	65730	336	1686	0	3116	0	780	0	0	164	1566	160	1008	130	1146	0	1072	2646	724	0	0	0	560	1136	4320	976	110	1968	620	802	2056	2062	198	560	3958	14806	35226	2826	9954	0	6102	0	1088	858	4210	0	722	288	3230	116	1460	0	1960	0	0	0	3210	0	0	0	0	0	0	0	124	0	0	0	0	0	0	0	0	0	0	0	0	162	0	0	0	0	0	
93496	Olfactory_L	0	0	854	118	6800	166	0	0	308	0	0	0	0	0	3998	0	0	0	0	0	0	4450	254	106	542	946	6592	698	6274	0	2898	1704	0	0	0	0	846	0	132	0	462	0	0	0	0	0	0	0	0	0	0	0	0	0	144	0	0	0	0	0	0	0	0	0	0	0	0	0	0	0	4600	1622	1776	166	0	0	0	0	0	0	0	0	292	0	0	0	0	0	0	0	0	0	0	0	0	0	0	0	0	0	0	0	0	0	0	0	0	0	0	0	0	0	0	0	0	0	
107920	Olfactory_R	0	0	0	1052	898	3300	0	188	0	398	0	0	0	182	98	1896	0	0	0	0	4450	0	0	768	264	2434	2832	5666	376	3700	2726	3316	0	146	0	0	0	0	0	706	0	1110	0	0	0	0	0	0	0	0	0	0	0	0	0	0	0	0	0	0	0	0	0	0	0	0	0	0	0	0	6540	6522	2798	1594	0	0	0	0	0	0	0	0	0	0	0	0	0	0	0	0	0	0	0	0	0	0	0	0	0	0	0	0	0	0	0	0	0	0	0	0	0	0	0	0	0	0	
397744	Frontal_Sup_Medial_L	308	0	46522	13412	5106	268	16746	756	498	94	2994	304	3808	378	1600	154	1342	174	7600	4390	254	0	0	22064	3054	664	536	108	6362	752	20158	15714	4728	10530	0	0	360	0	338	0	0	0	0	0	0	0	0	0	0	0	0	0	0	0	0	0	0	0	0	0	0	0	0	0	0	0	0	0	0	0	1254	1838	1992	1100	0	0	0	0	0	0	454	0	158	0	0	0	0	0	0	0	0	0	0	0	0	0	0	0	0	0	0	0	0	0	0	0	0	0	0	0	0	0	0	0	0	0	
311660	Frontal_Sup_Medial_R	0	0	4300	36686	224	4322	598	2680	0	0	0	570	138	818	110	686	0	0	1006	7668	106	768	22064	0	346	5658	230	2312	204	1136	3436	27668	538	11636	0	0	0	0	0	0	0	0	0	0	0	0	0	0	0	0	0	0	0	0	0	0	0	0	0	0	0	0	0	0	0	0	0	0	0	0	572	9864	0	9112	0	374	0	0	0	0	0	0	0	0	0	0	0	0	0	0	0	0	0	0	0	0	0	0	0	0	0	0	0	0	0	0	0	0	0	0	0	0	0	0	0	0	
43584	Frontal_Med_Orb_L	0	0	1256	148	4580	238	0	0	84	0	0	0	0	0	0	0	0	0	0	0	542	264	3054	346	0	788	2332	82	0	0	5760	340	0	0	0	0	0	0	0	0	0	0	0	0	0	0	0	0	0	0	0	0	0	0	0	0	0	0	0	0	0	0	0	0	0	0	0	0	0	0	468	220	1182	108	0	0	0	0	0	0	0	0	0	0	0	0	0	0	0	0	0	0	0	0	0	0	0	0	0	0	0	0	0	0	0	0	0	0	0	0	0	0	0	0	0	0	
95844	Frontal_Med_Orb_R	0	0	0	4672	272	7442	0	0	0	226	0	0	0	0	0	0	0	0	0	0	946	2434	664	5658	788	0	1138	8880	0	82	2078	6594	0	0	0	0	0	0	0	0	0	0	0	0	0	0	0	0	0	0	0	0	0	0	0	0	0	0	0	0	0	0	0	0	0	0	0	0	0	0	1026	3376	294	1352	0	0	0	0	0	0	0	0	0	0	0	0	0	0	0	0	0	0	0	0	0	0	0	0	0	0	0	0	0	0	0	0	0	0	0	0	0	0	0	0	0	0	
83560	Rectus_L	0	0	578	266	9138	376	0	0	784	0	0	0	0	0	2196	0	0	0	0	0	6592	2832	536	230	2332	1138	0	744	2112	0	5028	2042	0	0	0	0	0	0	0	0	214	0	0	0	0	0	0	0	0	0	0	0	0	0	0	0	0	0	0	0	0	0	0	0	0	0	0	0	0	0	2802	1154	356	222	0	0	0	0	0	0	0	0	108	0	0	0	0	0	0	0	0	0	0	0	0	0	0	0	0	0	0	0	0	0	0	0	0	0	0	0	0	0	0	0	0	0	
97200	Rectus_R	0	0	0	2388	134	10820	0	276	0	738	0	0	0	208	0	1400	0	0	0	100	698	5666	108	2312	82	8880	744	0	0	2030	1040	4078	0	172	0	0	0	0	0	0	0	130	0	0	0	0	0	0	0	0	0	0	0	0	0	0	0	0	0	0	0	0	0	0	0	0	0	0	0	0	908	3616	318	1754	0	0	0	0	0	0	0	0	0	0	0	0	0	0	0	0	0	0	0	0	0	0	0	0	0	0	0	0	0	0	0	0	0	0	0	0	0	0	0	0	0	0	
659072	Insula_L	8186	206	28712	1204	10080	0	27614	454	1806	0	20324	3022	32242	0	18914	128	18102	596	11988	1650	6274	376	6362	204	0	0	2112	0	0	3648	5032	842	750	524	336	300	10146	440	4230	0	918	0	128	0	112	0	96	0	0	0	1206	0	522	0	4210	0	4964	0	806	0	1688	0	0	0	706	0	148	0	3674	0	19510	10728	19366	1078	0	252	370	268	7034	0	12662	0	2876	0	2568	0	0	0	6746	96	0	0	0	0	0	0	0	0	0	0	0	0	0	0	0	0	0	0	0	0	0	0	0	0	0	0	
435204	Insula_R	836	1782	2924	13194	0	1644	2494	3438	0	1112	3456	18792	2350	12372	1038	9260	1114	24240	2322	12648	0	3700	752	1136	0	82	0	2030	3648	0	2066	8330	134	1202	0	146	0	4398	0	1986	0	1324	0	0	0	0	0	0	0	0	0	0	0	0	0	3562	0	856	0	0	0	0	0	236	0	0	0	0	86	142	4852	12252	108	20482	0	132	406	1124	0	3604	206	9452	346	3932	0	3858	0	0	0	6016	0	0	0	0	0	0	0	0	0	0	0	0	0	0	0	0	0	0	0	0	0	0	0	0	0	0	
282872	Cingulum_Ant_L	600	0	12472	2882	6724	534	5252	134	276	106	5020	1656	4264	610	1164	184	1336	154	2304	1208	2898	2726	20158	3436	5760	2078	5028	1040	5032	2066	0	16018	7026	3768	576	0	602	0	564	0	0	0	0	0	0	0	0	0	0	0	0	0	0	0	0	0	254	0	0	0	0	0	0	0	0	0	0	0	0	0	5470	3350	4978	1400	0	0	0	0	0	0	230	0	98	0	0	0	0	0	0	0	0	0	0	0	0	0	0	0	0	0	0	0	0	0	0	0	0	0	0	0	0	0	0	0	0	0	
448492	Cingulum_Ant_R	290	0	4618	32078	1064	3008	894	1994	0	908	980	6428	488	5078	268	2028	568	198	4250	9716	1704	3316	15714	27668	340	6594	2042	4078	842	8330	16018	0	2798	21592	0	0	0	0	0	98	0	0	0	0	0	0	0	0	0	0	0	0	0	0	0	0	0	0	0	0	0	0	0	0	0	0	0	0	122	0	1850	19130	390	15458	0	844	184	160	0	0	0	0	0	118	0	0	0	0	0	0	0	0	0	0	0	0	0	0	0	0	0	0	0	0	0	0	0	0	0	0	0	0	0	0	0	0	
145064	Cingulum_Mid_L	1686	0	3362	788	0	128	1822	162	0	124	322	0	336	130	0	0	286	0	4330	5596	0	0	4728	538	0	0	0	0	750	134	7026	2798	0	12164	2688	560	238	0	196	0	0	0	282	690	206	82	206	0	304	0	3158	522	0	0	0	0	954	0	2936	0	458	0	168	0	714	0	3966	1152	3250	1524	116	116	240	0	0	0	0	0	0	0	190	0	0	0	106	300	0	0	0	0	0	0	0	0	0	0	0	0	0	0	0	0	0	0	0	0	0	0	0	0	0	0	0	0	0	0	
592012	Cingulum_Mid_R	8820	648	3718	20148	0	554	1126	4020	0	466	508	4508	346	6642	0	444	464	532	17340	65730	0	146	10530	11636	0	0	0	172	524	1202	3768	21592	12164	0	648	4818	202	1182	124	486	0	0	164	3220	164	2016	128	1448	0	1188	2658	1574	0	0	0	258	894	1518	996	180	1980	0	794	894	2112	160	956	8392	13188	34124	1378	1138	116	900	0	0	606	340	0	0	226	2420	0	0	0	2076	0	0	0	2190	0	0	0	0	0	0	0	164	0	0	0	0	0	0	0	0	0	0	0	0	238	0	0	0	0	0	
137456	Cingulum_Post_L	3634	418	208	328	0	0	242	0	0	0	0	0	0	0	0	0	0	0	0	336	0	0	0	0	0	0	0	0	336	0	576	0	2688	648	0	10336	6974	5554	618	1054	0	0	2928	0	3518	122	1410	380	644	0	1948	0	1042	0	270	608	550	0	468	0	422	0	0	0	364	0	8530	1388	2054	408	0	0	500	106	0	0	3164	332	230	0	202	0	0	0	804	0	0	0	1064	1122	0	0	0	0	0	0	0	0	0	0	0	0	0	0	0	0	0	0	0	0	200	0	0	0	0	0	
199808	Cingulum_Post_R	4146	2158	242	1272	0	0	232	96	0	0	0	0	0	0	0	0	0	90	146	1686	0	0	0	0	0	0	0	0	300	146	0	0	560	4818	10336	0	4016	11992	0	1890	0	0	0	1556	0	1650	0	7164	0	728	230	448	0	88	0	1320	364	1556	252	0	356	0	0	0	308	0	286	12112	1820	3380	170	0	450	652	0	0	7122	3850	136	0	132	0	0	0	188	792	0	0	150	3708	0	0	0	0	0	0	0	1678	0	0	0	0	0	0	0	0	0	0	0	0	3132	0	0	0	0	0	
231816	Hippocampus_L	6248	212	1548	218	176	0	1744	0	0	0	376	0	0	0	522	0	396	0	510	0	846	0	360	0	0	0	0	0	10146	0	602	0	238	202	6974	4016	0	2592	14770	0	6576	0	3474	0	710	0	4558	196	0	0	1166	0	592	0	9322	0	422	0	0	0	150	0	0	0	154	0	4524	504	572	0	2168	0	10614	0	742	0	3756	0	1228	0	1640	0	386	0	2538	0	0	0	7104	0	0	0	0	0	0	0	0	0	0	0	0	0	0	0	0	0	0	0	0	0	116	0	0	0	0	0	
319540	Hippocampus_R	3032	5870	600	4654	0	0	490	708	0	0	0	292	248	0	226	0	0	736	462	3116	0	0	0	0	0	0	0	0	440	4398	0	0	0	1182	5554	11992	2592	0	0	22694	0	7506	0	712	0	116	0	2450	0	186	192	0	0	0	0	17692	204	298	216	0	256	0	0	186	220	0	0	3010	1498	1850	832	634	368	11952	0	388	6550	7916	90	96	88	900	0	1256	128	2818	0	100	110	17334	0	0	0	0	0	824	0	1150	0	0	0	0	0	0	0	0	0	0	0	0	358	0	0	0	0	0	
105704	ParaHippocampal_L	566	0	882	0	0	0	884	0	0	0	286	0	0	0	0	0	346	0	292	0	132	0	338	0	0	0	0	0	4230	0	564	0	196	124	618	0	14770	0	0	0	2000	0	808	0	192	0	5468	0	0	0	1270	0	590	0	8838	0	0	0	0	0	0	0	0	0	0	0	1018	0	390	0	1286	0	3706	0	0	0	176	0	0	0	300	0	410	0	474	0	0	0	1584	0	0	0	0	0	0	0	114	0	0	0	0	0	0	0	0	0	0	0	0	0	0	0	0	0	0	0	
171420	ParaHippocampal_R	426	256	0	298	0	142	0	0	0	0	0	0	0	0	0	1040	0	120	0	780	0	706	0	0	0	0	0	0	0	1986	0	98	0	486	1054	1890	0	22694	0	0	0	8062	0	476	0	0	0	2666	0	0	146	0	0	122	0	15958	124	0	154	0	162	0	0	0	122	0	0	1346	688	754	82	226	0	2984	0	362	114	906	0	0	0	142	0	4528	0	844	0	1934	0	7338	0	0	0	0	0	1280	0	2122	0	0	0	0	0	0	0	0	0	0	0	0	92	0	0	0	0	0	
37060	Amygdala_L	100	0	0	0	212	0	0	0	0	0	0	0	0	0	314	0	0	0	0	0	462	0	0	0	0	0	214	0	918	0	0	0	0	0	0	0	6576	0	2000	0	0	0	0	0	0	0	0	0	0	0	0	0	0	0	3438	0	0	0	0	0	0	0	0	0	0	0	0	0	0	0	172	0	2356	0	0	0	102	0	0	0	0	0	144	0	0	0	0	0	1522	0	0	0	0	0	0	0	0	0	0	0	0	0	0	0	0	0	0	0	0	0	0	0	0	0	0	0	
60584	Amygdala_R	0	250	0	228	0	298	0	0	0	0	0	0	0	0	0	762	0	0	0	0	0	1110	0	0	0	0	0	130	0	1324	0	0	0	0	0	0	0	7506	0	8062	0	0	0	0	0	0	0	0	0	0	0	0	0	0	0	5764	0	0	0	0	0	0	0	0	0	0	0	0	0	0	0	242	0	1376	0	0	0	310	0	0	0	0	0	2298	0	0	0	450	0	182	0	0	0	0	0	0	0	0	0	0	0	0	0	0	0	0	0	0	0	0	0	0	0	0	0	0	
247336	Calcarine_L	172	0	0	0	0	0	0	0	0	0	0	0	0	0	0	0	0	0	0	164	0	0	0	0	0	0	0	0	128	0	0	0	282	164	2928	0	3474	0	808	0	0	0	0	8632	15320	5446	17628	3920	9660	1930	16664	304	9098	172	2948	158	0	0	212	0	0	0	0	0	0	0	14506	0	378	166	0	0	0	0	0	0	0	0	0	0	184	0	0	0	3526	0	0	0	4558	0	138	0	0	0	0	0	0	0	0	0	0	0	0	0	0	0	0	0	0	0	0	0	0	0	0	0	
366264	Calcarine_R	492	1268	0	0	0	0	0	0	0	0	0	0	0	0	0	0	0	0	0	1566	0	0	0	0	0	0	0	0	0	0	0	0	690	3220	0	1556	0	712	0	476	0	0	8632	0	10076	29770	2568	20482	0	19070	0	21174	0	5508	0	3236	0	3720	0	846	0	0	0	90	0	100	1018	28392	282	5210	138	0	0	0	0	0	0	0	0	0	0	0	0	0	0	9210	0	0	0	2678	0	178	0	0	0	0	0	372	0	168	0	0	0	0	0	0	0	0	0	0	234	0	0	0	0	0	
220156	Cuneus_L	288	0	0	0	0	0	0	0	0	0	0	0	0	0	0	0	0	0	0	160	0	0	0	0	0	0	0	0	112	0	0	0	206	164	3518	0	710	0	192	0	0	0	15320	10076	0	13168	2412	1388	20036	4784	10908	890	4020	620	894	406	158	0	2146	0	378	0	0	0	106	0	10932	496	824	202	0	0	0	0	0	0	0	0	0	0	176	0	0	0	1668	0	0	0	2720	0	0	0	0	0	0	0	0	0	0	0	0	0	0	0	0	0	0	0	0	0	0	0	0	0	0	0	
337904	Cuneus_R	328	1474	0	0	0	0	0	0	0	0	0	0	0	0	0	0	0	0	0	1008	0	0	0	0	0	0	0	0	0	0	0	0	82	2016	122	1650	0	116	0	0	0	0	5446	29770	13168	0	440	3428	0	43536	0	12848	0	1914	0	580	0	5078	0	5444	0	342	0	314	0	226	3664	26410	196	4680	0	0	0	0	0	0	0	102	0	0	0	322	0	0	0	3132	0	0	0	772	0	0	0	0	0	0	0	104	0	0	0	0	0	0	0	0	0	0	0	0	240	0	0	0	0	0	
248520	Lingual_L	134	0	0	0	0	0	0	0	0	0	0	0	0	0	0	0	0	0	0	130	0	0	0	0	0	0	0	0	96	0	0	0	206	128	1410	0	4558	0	5468	0	0	0	17628	2568	2412	440	0	3084	2132	176	19444	148	13938	262	15178	350	0	0	210	0	0	0	0	0	0	0	8492	0	176	130	0	0	122	0	0	0	0	0	0	0	132	0	0	0	1876	0	0	0	2612	0	1958	382	144	0	226	0	6442	124	6592	494	0	0	100	0	0	0	0	0	0	146	2506	1166	340	0	0	0	
217048	Lingual_R	128	272	0	0	0	0	0	0	0	0	0	0	0	0	0	0	0	0	0	1146	0	0	0	0	0	0	0	0	0	0	0	0	0	1448	380	7164	196	2450	0	2666	0	0	3920	20482	1388	3428	3084	0	0	1578	0	2582	0	4600	0	11008	0	766	0	0	0	0	0	0	0	0	102	13196	0	2026	0	0	0	0	0	0	144	94	0	0	0	0	0	0	0	1750	0	0	0	1546	246	2000	174	0	0	112	516	4288	598	3806	0	0	0	0	264	132	0	0	0	92	5108	2428	918	150	148	0	
160900	Occipital_Sup_L	514	0	0	0	0	0	0	0	0	0	0	0	0	0	0	0	0	0	0	0	0	0	0	0	0	0	0	0	0	0	0	0	304	0	644	0	0	0	0	0	0	0	9660	0	20036	0	2132	0	0	0	24422	0	3792	0	476	0	146	0	4198	0	1458	0	0	0	344	0	8052	0	1500	0	0	0	0	0	0	0	0	0	0	0	0	0	0	0	2222	0	0	0	466	0	84	0	0	0	0	0	0	0	0	0	0	0	0	0	0	0	0	0	0	0	0	0	0	0	0	0	
332104	Occipital_Sup_R	228	1426	0	0	0	0	0	0	0	0	0	0	0	0	0	0	0	0	0	1072	0	0	0	0	0	0	0	0	0	0	0	0	0	1188	0	728	0	186	0	0	0	0	1930	19070	4784	43536	176	1578	0	0	0	23968	0	2222	0	370	0	7958	0	8628	0	1720	0	524	0	6712	1582	20076	130	4146	0	0	0	0	0	0	0	128	0	0	0	892	0	0	0	8530	0	0	0	2472	0	0	0	0	0	0	0	0	0	0	0	0	0	0	0	0	0	0	0	0	92	0	0	0	0	0	
540200	Occipital_Mid_L	1172	0	0	0	0	0	132	0	0	0	0	0	0	0	0	0	1102	0	160	2646	0	0	0	0	0	0	0	0	1206	0	0	0	3158	2658	1948	230	1166	192	1270	146	0	0	16664	0	10908	0	19444	0	24422	0	0	0	38648	0	14022	116	3754	0	10116	0	13146	0	5766	0	23630	0	12582	0	3982	2652	0	0	120	0	0	0	0	0	442	0	4614	0	0	0	28104	0	0	0	18684	168	702	0	0	0	0	0	0	0	228	0	0	0	0	0	0	0	0	0	0	0	0	0	0	0	0	0	
242004	Occipital_Mid_R	216	634	0	0	0	0	0	0	0	0	0	0	0	0	0	0	0	0	0	724	0	0	0	0	0	0	0	0	0	0	0	0	522	1574	0	448	0	0	0	0	0	0	304	21174	890	12848	148	2582	0	23968	0	0	0	4352	0	948	0	2720	0	1686	0	1636	0	242	0	8432	802	14396	142	2402	0	0	0	0	0	0	0	0	0	0	0	462	0	0	0	15102	0	0	0	1648	0	0	0	0	0	0	0	0	0	0	0	0	0	0	0	0	0	0	0	0	0	0	0	0	0	0	
236028	Occipital_Inf_L	268	0	0	0	0	0	0	0	0	0	0	0	0	0	0	0	90	0	0	0	0	0	0	0	0	0	0	0	522	0	0	0	0	0	1042	0	592	0	590	0	0	0	9098	0	4020	0	13938	0	3792	0	38648	0	0	0	14852	0	0	0	130	0	0	0	0	0	156	0	3896	0	770	0	0	0	98	0	0	0	0	0	0	0	996	0	0	0	9376	0	0	0	13456	0	1254	0	0	0	0	0	0	0	430	0	0	0	0	0	0	0	0	0	0	0	0	0	0	0	0	0	
69340	Occipital_Inf_R	0	0	0	0	0	0	0	0	0	0	0	0	0	0	0	0	0	0	0	0	0	0	0	0	0	0	0	0	0	0	0	0	0	0	0	88	0	0	0	122	0	0	172	5508	620	1914	262	4600	0	2222	0	4352	0	0	0	8048	0	0	0	0	0	0	0	0	0	0	0	818	0	0	0	0	0	0	0	0	0	0	0	0	0	0	0	0	0	470	0	0	0	2530	0	140	0	0	0	194	0	1190	0	1320	0	0	0	0	0	0	0	0	0	0	0	100	0	0	0	0	
286588	Fusiform_L	418	0	88	0	0	0	0	0	0	0	0	0	0	0	0	0	0	0	332	0	144	0	0	0	0	0	0	0	4210	0	0	0	0	0	270	0	9322	0	8838	0	3438	0	2948	0	894	0	15178	0	476	0	14022	0	14852	0	0	0	0	0	0	0	0	0	0	0	0	0	928	0	498	0	954	0	3404	0	0	0	0	0	126	0	1892	0	2186	0	2432	0	544	0	11530	0	9660	0	228	104	490	0	11592	0	19650	0	106	0	310	0	0	0	0	0	0	0	796	296	138	0	0	0	
345536	Fusiform_R	236	130	168	158	0	0	108	0	0	0	0	0	0	0	0	232	0	140	132	560	0	0	0	0	0	0	0	0	0	3562	0	0	0	258	608	1320	0	17692	0	15958	0	5764	158	3236	406	580	350	11008	0	370	116	948	0	8048	0	0	0	0	112	0	130	0	0	0	104	0	0	1068	452	446	150	110	0	5424	0	82	0	1154	0	0	0	2210	0	8446	0	3284	0	2414	0	19620	128	5348	0	0	0	4972	166	15592	244	21916	0	0	0	444	0	266	0	0	0	606	2990	1742	500	188	214	0	
271192	Postcentral_L	30418	0	4094	0	0	0	4872	0	0	0	3404	0	322	0	0	0	9780	0	3942	1136	0	0	0	0	0	0	0	0	4964	0	254	0	954	894	550	364	422	204	0	124	0	0	0	0	158	0	0	0	146	0	3754	0	0	0	0	0	0	0	6502	0	25924	0	7458	0	6656	0	2644	0	6266	810	266	0	722	0	238	0	510	0	2436	0	3228	0	0	0	546	0	0	0	458	176	0	0	0	0	0	0	0	0	0	0	0	0	0	0	0	0	0	0	0	0	0	0	0	0	0	0	
223360	Postcentral_R	430	19828	452	1688	0	0	240	1204	0	0	0	1404	0	0	0	0	0	5280	466	4320	0	0	0	0	0	0	0	0	0	856	0	0	0	1518	0	1556	0	298	0	0	0	0	0	3720	0	5078	0	766	0	7958	0	2720	0	0	0	0	0	0	0	2968	0	6432	0	11726	0	786	0	9800	132	11898	314	144	0	0	0	82	0	118	0	166	0	540	0	0	0	4412	0	0	0	1904	0	0	0	0	0	0	0	182	0	0	0	0	0	0	0	0	0	0	0	0	294	0	0	0	0	0	
124980	Parietal_Sup_L	318	0	116	0	0	0	120	0	0	0	0	0	0	0	0	0	736	0	0	976	0	0	0	0	0	0	0	0	806	0	0	0	2936	996	468	252	0	216	0	154	0	0	212	0	2146	0	210	0	4198	0	10116	0	130	0	0	112	6502	0	0	0	8794	0	644	0	5070	0	11990	0	2168	980	0	0	0	0	0	0	0	0	0	0	570	0	0	0	248	0	0	0	118	188	0	0	0	0	0	0	0	0	0	0	0	0	0	0	0	0	0	0	0	0	0	0	0	0	0	0	
78864	Parietal_Sup_R	0	200	0	0	0	0	0	0	0	0	0	0	0	0	0	0	0	0	0	110	0	0	0	0	0	0	0	0	0	0	0	0	0	180	0	0	0	0	0	0	0	0	0	846	0	5444	0	0	0	8628	0	1686	0	0	0	0	0	2968	0	0	0	5258	0	334	0	3850	208	6808	0	852	0	0	0	0	0	0	0	0	0	0	0	0	0	0	0	1220	0	0	0	840	0	0	0	0	0	0	0	0	0	0	0	0	0	0	0	0	0	0	0	0	0	0	0	0	0	0	
238096	Parietal_Inf_L	8088	0	1426	0	0	0	2682	0	0	0	538	0	0	0	0	0	2154	0	928	1968	0	0	0	0	0	0	0	0	1688	0	0	0	458	1980	422	356	150	256	0	162	0	0	0	0	378	0	0	0	1458	0	13146	0	0	0	0	130	25924	0	8794	0	0	0	15934	0	20958	0	956	0	1678	1938	0	0	234	0	0	0	98	0	198	0	1972	0	0	0	1020	0	0	0	752	224	0	0	0	0	0	0	0	0	0	0	0	0	0	0	0	0	0	0	0	0	0	0	0	0	0	0	
91808	Parietal_Inf_R	0	848	0	0	0	0	0	0	0	0	0	100	0	0	0	0	0	0	0	620	0	0	0	0	0	0	0	0	0	0	0	0	0	0	0	0	0	0	0	0	0	0	0	0	0	342	0	0	0	1720	0	1636	0	0	0	0	0	6432	0	5258	0	0	0	10834	0	12436	0	574	0	268	0	0	0	0	0	0	0	0	0	0	0	798	0	0	0	2210	0	0	0	1828	0	0	0	0	0	0	0	0	0	0	0	0	0	0	0	0	0	0	0	0	0	0	0	0	0	0	
128440	SupraMarginal_L	2704	0	366	0	0	0	674	0	0	0	136	0	0	0	0	0	704	0	320	802	0	0	0	0	0	0	0	0	0	0	0	0	168	794	0	0	0	0	0	0	0	0	0	0	0	0	0	0	0	0	5766	0	0	0	0	0	7458	0	644	0	15934	0	0	0	12738	0	168	0	544	794	0	0	0	0	0	0	0	0	0	0	4810	0	0	0	6456	0	0	0	2240	0	0	0	0	0	0	0	0	0	0	0	0	0	0	0	0	0	0	0	0	0	0	0	0	0	0	0	
127880	SupraMarginal_R	128	2678	124	122	0	0	0	0	0	0	0	572	0	0	0	0	0	5096	176	2056	0	0	0	0	0	0	0	0	0	236	0	0	0	894	0	0	0	186	0	0	0	0	0	90	0	314	0	0	0	524	0	242	0	0	0	0	0	11726	0	334	0	10834	0	0	0	7846	0	690	0	1146	86	82	0	0	0	0	0	86	0	244	0	10850	0	0	0	3804	0	0	0	2774	0	0	0	0	0	0	0	0	0	0	0	0	0	0	0	0	0	0	0	0	0	0	0	0	0	0	
206712	Angular_L	1758	0	186	0	0	0	194	0	0	0	0	0	0	0	0	0	1670	0	370	2062	0	0	0	0	0	0	0	0	706	0	0	0	714	2112	364	308	154	220	0	122	0	0	0	0	106	0	0	0	344	0	23630	0	156	0	0	104	6656	0	5070	0	20958	0	12738	0	0	0	1304	0	1438	2076	0	0	92	0	0	0	114	0	104	0	3536	0	0	0	9456	0	0	0	4354	180	0	0	0	0	0	0	0	0	0	0	0	0	0	0	0	0	0	0	0	0	0	0	0	0	0	0	
121008	Angular_R	0	0	0	0	0	0	0	0	0	0	0	0	0	0	0	0	0	94	0	198	0	0	0	0	0	0	0	0	0	0	0	0	0	160	0	0	0	0	0	0	0	0	0	100	0	226	0	0	0	6712	0	8432	0	0	0	0	0	786	0	3850	0	12436	0	7846	0	0	0	262	0	180	0	0	0	0	0	0	0	0	0	0	0	4848	0	0	0	11438	0	0	0	2936	0	0	0	0	0	0	0	0	0	0	0	0	0	0	0	0	0	0	0	0	0	0	0	0	0	0	
245656	Precuneus_L	338	0	0	0	0	0	0	0	0	0	0	0	0	0	0	0	204	0	0	560	0	0	0	0	0	0	0	0	148	0	0	0	3966	956	8530	286	4524	0	1018	0	0	0	14506	1018	10932	3664	8492	102	8052	1582	12582	802	3896	0	928	0	2644	0	11990	208	956	0	168	0	1304	0	0	5780	3574	626	0	0	0	0	0	0	0	0	0	0	414	0	0	0	3420	208	0	0	4362	0	0	0	0	0	0	0	0	0	0	0	0	0	0	0	0	0	0	0	0	0	88	0	0	0	0	0	
402556	Precuneus_R	1260	3118	0	0	0	0	0	0	0	0	0	0	0	0	0	0	0	0	0	3958	0	0	0	0	0	0	0	0	0	0	0	0	1152	8392	1388	12112	504	3010	0	1346	0	0	0	28392	496	26410	0	13196	0	20076	0	14396	0	818	0	1068	0	9800	0	6808	0	574	0	690	0	262	5780	0	610	12958	174	118	0	0	0	0	144	482	0	0	0	550	0	0	0	11244	0	0	0	4608	0	0	0	0	0	0	0	1954	0	0	0	0	0	0	0	0	0	0	0	0	3430	0	0	0	0	0	
302468	Paracentral_Lobule_L	27342	1538	7226	1420	0	0	1346	108	0	0	516	128	0	134	0	0	1598	0	13004	14806	0	0	0	0	0	0	0	0	3674	86	0	122	3250	13188	2054	1820	572	1498	390	688	0	0	378	282	824	196	176	0	1500	130	3982	142	770	0	498	452	6266	132	2168	0	1678	0	544	0	1438	0	3574	610	0	9100	4504	252	3414	118	892	0	4144	636	406	0	1348	0	0	0	1424	110	0	0	1622	1016	0	0	0	0	0	0	0	0	0	0	0	0	0	0	0	0	0	0	0	0	0	0	0	0	0	0	
337556	Paracentral_Lobule_R	4112	5994	182	312	0	0	0	0	0	0	0	0	0	0	0	0	134	268	1252	35226	0	0	0	0	0	0	0	0	0	142	0	0	1524	34124	408	3380	0	1850	0	754	0	0	166	5210	202	4680	130	2026	0	4146	2652	2402	0	0	0	446	810	11898	980	852	1938	268	794	1146	2076	180	626	12958	9100	0	1468	204	0	0	0	0	662	764	0	154	152	3122	0	0	0	2908	0	0	0	3132	0	0	0	0	0	0	0	340	0	0	0	0	0	0	0	0	0	0	0	0	524	0	0	0	0	0	
407748	Caudate_L	9336	516	5836	1320	1614	442	10160	1010	0	0	8708	2176	8174	188	2738	238	3024	1698	6090	2826	4600	6540	1254	572	468	1026	2802	908	19510	4852	5470	1850	116	1378	0	170	2168	832	1286	82	172	0	0	138	0	0	0	0	0	0	0	0	0	0	954	150	266	314	0	0	0	0	0	86	0	0	0	174	4504	1468	0	25932	21210	7628	3910	1186	7226	1124	0	0	2692	106	1256	0	162	0	0	0	1082	156	0	0	0	0	0	0	0	0	0	0	0	0	0	0	0	0	0	0	0	0	0	0	0	0	0	0	
487036	Caudate_R	1354	4874	3814	18398	484	4320	4854	1646	0	644	10122	5784	5748	1268	1602	3912	3258	2522	2580	9954	1622	6522	1838	9864	220	3376	1154	3616	10728	12252	3350	19130	116	1138	0	0	0	634	0	226	0	242	0	0	0	0	0	0	0	0	0	0	0	0	0	110	0	144	0	0	0	0	0	82	0	0	0	118	252	204	25932	0	6942	28582	266	2934	2080	10898	0	0	494	88	1226	0	0	0	0	0	0	0	0	0	0	0	0	0	0	0	0	0	0	0	0	0	0	0	0	0	0	0	0	0	0	0	0	0	
280500	Putamen_L	8316	96	9314	140	3000	0	4768	0	172	0	1404	0	1032	0	1688	0	1434	0	6034	0	1776	2798	1992	0	1182	294	356	318	19366	108	4978	390	240	116	500	450	10614	368	3706	0	2356	0	0	0	0	0	122	0	0	0	120	0	98	0	3404	0	722	0	0	0	234	0	0	0	92	0	0	0	3414	0	21210	6942	0	1540	4994	444	1696	0	388	0	2220	0	334	0	346	0	0	0	2624	0	0	0	0	0	0	0	0	0	0	0	0	0	0	0	0	0	0	0	0	0	0	0	0	0	0	0	
341332	Putamen_R	1090	238	2554	11818	0	2498	1798	1444	0	1728	252	996	794	238	610	6944	88	3054	2214	6102	166	1594	1100	9112	108	1352	222	1754	1078	20482	1400	15458	0	900	106	652	0	11952	0	2984	0	1376	0	0	0	0	0	0	0	0	0	0	0	0	0	5424	0	0	0	0	0	0	0	0	0	0	0	0	118	0	7628	28582	1540	0	0	2700	938	2608	0	416	126	838	0	280	0	0	0	0	0	3212	0	0	0	0	0	0	0	0	0	0	0	0	0	0	0	0	0	0	0	0	0	0	0	0	0	0	
45140	Pallidum_L	5010	0	2254	0	0	0	1380	0	0	0	122	0	0	0	0	0	0	0	888	0	0	0	0	0	0	0	0	0	0	0	0	0	0	0	0	0	742	0	0	0	0	0	0	0	0	0	0	0	0	0	0	0	0	0	0	0	238	0	0	0	0	0	0	0	0	0	0	0	892	0	3910	266	4994	0	0	0	1874	0	0	0	0	0	0	0	0	0	0	0	0	0	0	0	0	0	0	0	0	0	0	0	0	0	0	0	0	0	0	0	0	0	0	0	0	0	0	0	
27372	Pallidum_R	0	100	602	886	0	0	284	110	0	0	0	0	208	0	198	0	0	140	290	1088	0	0	0	374	0	0	0	0	252	132	0	844	0	0	0	0	0	388	0	362	0	0	0	0	0	0	0	0	0	0	0	0	0	0	0	82	0	82	0	0	0	0	0	0	0	0	0	0	0	0	1186	2934	444	2700	0	0	0	0	0	0	0	0	0	0	0	0	0	0	0	0	0	0	0	0	0	0	0	0	0	0	0	0	0	0	0	0	0	0	0	0	0	0	0	0	0	0	
154828	Thalamus_L	12120	3952	582	3606	0	0	1228	84	0	0	0	0	84	0	0	0	134	282	176	858	0	0	0	0	0	0	0	0	370	406	0	184	0	606	3164	7122	3756	6550	176	114	102	0	0	0	0	0	0	144	0	0	0	0	0	0	0	0	510	0	0	0	98	0	0	0	114	0	0	144	4144	662	7226	2080	1696	938	1874	0	0	11744	0	0	0	0	0	0	134	0	0	0	140	0	0	0	0	0	0	0	0	0	0	0	0	0	0	0	0	0	0	0	0	0	110	0	0	0	0	0	
154104	Thalamus_R	1444	11754	358	10158	0	0	404	366	0	0	0	162	220	0	208	0	0	830	200	4210	0	0	0	0	0	0	0	0	268	1124	0	160	0	340	332	3850	0	7916	0	906	0	310	0	0	0	102	0	94	0	128	0	0	0	0	0	1154	0	118	0	0	0	0	0	86	0	0	0	482	636	764	1124	10898	0	2608	0	0	11744	0	0	0	0	0	0	116	0	136	0	0	0	1342	0	0	0	0	0	0	0	0	0	0	0	0	0	0	0	0	0	0	0	0	0	0	0	0	0	0	
54752	Heschl_L	2586	0	532	0	0	0	888	0	0	0	258	0	0	0	0	0	3708	0	796	0	0	0	0	0	0	0	0	0	7034	0	0	0	0	0	230	136	1228	90	0	0	0	0	0	0	0	0	0	0	0	0	442	0	0	0	126	0	2436	0	0	0	198	0	0	0	104	0	0	0	406	0	0	0	388	0	0	0	0	0	0	0	3022	0	0	0	1396	0	0	0	1372	0	0	0	0	0	0	0	0	0	0	0	0	0	0	0	0	0	0	0	0	0	0	0	0	0	0	0	
26068	Heschl_R	0	128	112	206	0	0	0	0	0	0	0	0	0	0	0	0	0	2854	0	722	0	0	0	0	0	0	0	0	0	3604	0	0	0	0	0	0	0	96	0	0	0	0	0	0	0	0	0	0	0	0	0	0	0	0	0	0	0	166	0	0	0	0	0	244	0	0	0	0	0	154	0	0	0	416	0	0	0	0	0	0	0	3602	0	0	0	570	0	0	0	160	0	0	0	0	0	0	0	0	0	0	0	0	0	0	0	0	0	0	0	0	0	0	0	0	0	0	
217764	Temporal_Sup_L	2844	0	1978	142	0	0	964	0	0	0	1712	88	422	0	522	0	6950	0	2640	288	0	0	454	0	0	0	0	0	12662	206	230	0	190	226	202	132	1640	88	300	0	0	0	184	0	176	0	132	0	0	0	4614	0	996	0	1892	0	3228	0	570	0	1972	0	4810	0	3536	0	414	0	1348	152	2692	494	2220	126	0	0	0	0	3022	0	0	0	2804	0	23146	0	0	0	15474	0	0	0	0	0	0	0	0	0	0	0	0	0	0	0	0	0	0	0	0	0	0	0	0	0	0	0	
161484	Temporal_Sup_R	0	152	0	616	0	0	0	0	0	0	0	382	0	0	0	222	0	5538	0	3230	0	0	0	0	0	0	0	0	0	9452	0	0	0	2420	0	0	0	900	0	142	0	0	0	0	0	322	0	0	0	892	0	462	0	0	0	2210	0	540	0	0	0	798	0	10850	0	4848	0	550	0	3122	106	88	0	838	0	0	0	0	0	3602	0	0	0	4006	0	18274	0	126	0	6054	0	0	0	0	0	0	0	0	0	0	0	0	0	0	0	0	0	0	0	0	0	0	0	0	0	0	
79116	Temporal_Pole_Sup_L	0	0	364	0	750	0	196	0	210	0	1818	346	288	0	2158	0	1604	0	0	116	292	0	158	0	0	0	108	0	2876	346	98	0	0	0	0	0	386	0	410	0	144	0	0	0	0	0	0	0	0	0	0	0	0	0	2186	0	0	0	0	0	0	0	0	0	0	0	0	0	0	0	1256	1226	334	0	0	0	0	0	0	0	2804	0	0	0	7934	0	2508	0	8642	0	0	0	0	0	0	0	0	0	0	0	0	0	0	0	0	0	0	0	0	0	0	0	0	0	0	0	
88828	Temporal_Pole_Sup_R	0	0	0	1554	0	0	0	106	0	0	0	1776	0	0	0	1072	0	2748	0	1460	0	0	0	0	0	0	0	0	0	3932	0	118	0	0	0	0	0	1256	0	4528	0	2298	0	0	0	0	0	0	0	0	0	0	0	0	0	8446	0	0	0	0	0	0	0	0	0	0	0	0	0	0	0	0	0	280	0	0	0	116	0	0	0	4006	0	0	0	2390	0	3882	0	4446	0	0	0	0	0	0	0	0	0	0	0	0	0	0	0	0	0	0	0	0	0	0	0	0	0	0	
329016	Temporal_Mid_L	1018	0	124	0	0	0	168	0	0	0	0	0	0	0	0	0	550	0	366	0	0	0	0	0	0	0	0	0	2568	0	0	0	106	0	804	188	2538	128	474	0	0	0	3526	0	1668	0	1876	0	2222	0	28104	0	9376	0	2432	0	546	0	248	0	1020	0	6456	0	9456	0	3420	0	1424	0	162	0	346	0	0	0	134	0	1396	0	23146	0	7934	0	0	0	2044	0	48394	0	146	0	0	0	0	0	0	0	0	0	0	0	0	0	0	0	0	0	0	0	0	0	0	0	0	0	
286916	Temporal_Mid_R	174	570	0	418	0	0	0	0	0	0	0	0	0	0	0	0	0	466	0	1960	0	0	0	0	0	0	0	0	0	3858	0	0	300	2076	0	792	0	2818	0	844	0	0	0	9210	0	3132	0	1750	0	8530	0	15102	0	470	0	3284	0	4412	0	1220	0	2210	0	3804	0	11438	208	11244	110	2908	0	0	0	0	0	0	0	136	0	570	0	18274	0	2390	0	0	0	1810	0	26502	0	0	0	0	0	0	0	208	0	0	0	0	0	0	0	0	0	0	0	0	260	0	0	0	0	0	
14956	Temporal_Pole_Mid_L	0	0	0	0	0	0	0	0	0	0	0	0	0	0	0	0	0	0	0	0	0	0	0	0	0	0	0	0	0	0	0	0	0	0	0	0	0	0	0	0	0	0	0	0	0	0	0	0	0	0	0	0	0	0	544	0	0	0	0	0	0	0	0	0	0	0	0	0	0	0	0	0	0	0	0	0	0	0	0	0	0	0	2508	0	2044	0	0	0	2382	0	0	0	0	0	0	0	0	0	0	0	0	0	0	0	0	0	0	0	0	0	0	0	0	0	0	0	
25900	Temporal_Pole_Mid_R	0	0	0	0	0	0	0	0	0	0	0	0	0	0	0	0	0	0	0	0	0	0	0	0	0	0	0	0	0	0	0	0	0	0	0	0	0	100	0	1934	0	450	0	0	0	0	0	0	0	0	0	0	0	0	0	2414	0	0	0	0	0	0	0	0	0	0	0	0	0	0	0	0	0	0	0	0	0	0	0	0	0	126	0	3882	0	1810	0	0	0	2234	0	0	0	0	0	0	0	0	0	0	0	0	0	0	0	0	0	0	0	0	0	0	0	0	0	0	
340512	Temporal_Inf_L	1288	0	236	0	0	0	208	0	0	0	0	0	0	0	0	0	242	0	514	0	0	0	0	0	0	0	0	0	6746	0	0	0	0	0	1064	150	7104	110	1584	0	1522	0	4558	0	2720	0	2612	0	466	0	18684	0	13456	0	11530	0	458	0	118	0	752	0	2240	0	4354	0	4362	0	1622	0	1082	0	2624	0	0	0	140	0	1372	0	15474	0	8642	0	48394	0	2382	0	0	0	1274	0	0	0	0	0	0	0	172	0	0	0	0	0	0	0	0	0	0	0	0	0	0	0	0	0	
281672	Temporal_Inf_R	370	404	262	644	0	0	132	116	0	0	0	204	0	0	0	168	0	738	276	3210	0	0	0	0	0	0	0	0	96	6016	0	0	0	2190	1122	3708	0	17334	0	7338	0	182	0	2678	0	772	0	1546	0	2472	168	1648	0	2530	0	19620	176	1904	188	840	224	1828	0	2774	180	2936	0	4608	1016	3132	156	0	0	3212	0	0	0	1342	0	160	0	6054	0	4446	0	26502	0	2234	0	0	0	142	0	0	0	0	0	398	0	0	0	0	0	0	0	0	0	0	0	0	440	0	0	0	0	0	
325512	Cerebelum_Crus1_L	0	0	0	0	0	0	0	0	0	0	0	0	0	0	0	0	0	0	0	0	0	0	0	0	0	0	0	0	0	0	0	0	0	0	0	0	0	0	0	0	0	0	138	0	0	0	1958	246	84	0	702	0	1254	0	9660	128	0	0	0	0	0	0	0	0	0	0	0	0	0	0	0	0	0	0	0	0	0	0	0	0	0	0	0	0	146	0	0	0	1274	0	0	1492	27130	6386	294	0	5968	210	38402	916	12134	2164	20964	4164	4276	1302	592	110	0	0	1698	3944	10528	2818	1674	0	
231136	Cerebelum_Crus1_R	0	0	0	0	0	0	0	0	0	0	0	0	0	0	0	0	0	0	0	0	0	0	0	0	0	0	0	0	0	0	0	0	0	0	0	0	0	0	0	0	0	0	0	178	0	0	382	2000	0	0	0	0	0	140	0	5348	0	0	0	0	0	0	0	0	0	0	0	0	0	0	0	0	0	0	0	0	0	0	0	0	0	0	0	0	0	0	0	0	0	142	1492	0	1066	20132	0	348	90	3582	1056	30798	234	3202	398	22740	100	3324	0	86	0	0	1892	5522	6768	2490	2058	0	
263760	Cerebelum_Crus2_L	0	0	0	0	0	0	0	0	0	0	0	0	0	0	0	0	0	0	0	0	0	0	0	0	0	0	0	0	0	0	0	0	0	0	0	0	0	0	0	0	0	0	0	0	0	0	144	174	0	0	0	0	0	0	228	0	0	0	0	0	0	0	0	0	0	0	0	0	0	0	0	0	0	0	0	0	0	0	0	0	0	0	0	0	0	0	0	0	0	0	27130	1066	0	12622	0	0	0	0	2108	218	28544	6306	24148	5242	3152	504	120	0	0	0	102	440	13432	5730	470	0	
218380	Cerebelum_Crus2_R	0	0	0	0	0	0	0	0	0	0	0	0	0	0	0	0	0	0	0	0	0	0	0	0	0	0	0	0	0	0	0	0	0	0	0	0	0	0	0	0	0	0	0	0	0	0	0	0	0	0	0	0	0	0	104	0	0	0	0	0	0	0	0	0	0	0	0	0	0	0	0	0	0	0	0	0	0	0	0	0	0	0	0	0	0	0	0	0	0	0	6386	20132	12622	0	0	0	0	0	248	2550	4662	17716	1806	24794	0	2206	0	0	0	0	0	114	12730	2772	348	0	
18076	Cerebelum_3_L	0	0	0	0	0	0	0	0	0	0	0	0	0	0	0	0	0	0	0	0	0	0	0	0	0	0	0	0	0	0	0	0	0	0	0	0	0	0	0	0	0	0	0	0	0	0	226	0	0	0	0	0	0	0	490	0	0	0	0	0	0	0	0	0	0	0	0	0	0	0	0	0	0	0	0	0	0	0	0	0	0	0	0	0	0	0	0	0	0	0	294	0	0	0	0	0	4918	0	1516	0	0	0	0	0	0	0	0	0	454	676	464	0	0	0	0	0	
53336	Cerebelum_3_R	0	0	0	0	0	0	0	0	0	0	0	0	0	0	0	0	0	0	0	0	0	0	0	0	0	0	0	0	0	0	0	0	0	0	0	0	0	824	0	1280	0	0	0	0	0	0	0	112	0	0	0	0	0	194	0	4972	0	0	0	0	0	0	0	0	0	0	0	0	0	0	0	0	0	0	0	0	0	0	0	0	0	0	0	0	0	0	0	0	0	0	0	348	0	0	0	0	188	7198	0	6072	0	0	0	0	0	256	0	0	536	2648	1522	282	0	0	236	0	
164756	Cerebelum_4_5_L	0	0	0	0	0	0	0	0	0	0	0	0	0	0	0	0	0	0	0	0	0	0	0	0	0	0	0	0	0	0	0	0	0	0	0	0	0	0	114	0	0	0	0	0	0	0	6442	516	0	0	0	0	0	0	11592	166	0	0	0	0	0	0	0	0	0	0	0	0	0	0	0	0	0	0	0	0	0	0	0	0	0	0	0	0	0	0	0	0	0	0	5968	90	0	0	4918	188	0	1180	26212	890	690	0	1232	0	3450	670	954	168	376	1330	11226	1920	156	662	894	374	
159612	Cerebelum_4_5_R	0	0	0	0	0	0	0	0	0	0	0	0	0	0	0	0	0	0	0	124	0	0	0	0	0	0	0	0	0	0	0	0	0	164	0	1678	0	1150	0	2122	0	0	0	372	0	104	124	4288	0	0	0	0	0	1190	0	15592	0	182	0	0	0	0	0	0	0	0	0	1954	0	340	0	0	0	0	0	0	0	0	0	0	0	0	0	0	0	208	0	0	0	398	210	3582	0	0	0	7198	1180	0	782	22386	0	0	118	242	236	416	0	82	86	1302	10212	654	318	306	352	154	
277964	Cerebelum_6_L	0	0	0	0	0	0	0	0	0	0	0	0	0	0	0	0	0	0	0	0	0	0	0	0	0	0	0	0	0	0	0	0	0	0	0	0	0	0	0	0	0	0	0	0	0	0	6592	598	0	0	228	0	430	0	19650	244	0	0	0	0	0	0	0	0	0	0	0	0	0	0	0	0	0	0	0	0	0	0	0	0	0	0	0	0	0	0	0	0	172	0	38402	1056	2108	248	1516	0	26212	782	0	1464	3096	0	8836	258	4116	1328	920	344	0	240	8326	5764	2206	1888	1836	122	
260472	Cerebelum_6_R	0	0	0	0	0	0	0	0	0	0	0	0	0	0	0	0	0	0	0	0	0	0	0	0	0	0	0	0	0	0	0	0	0	0	0	0	0	0	0	0	0	0	0	168	0	0	494	3806	0	0	0	0	0	1320	0	21916	0	0	0	0	0	0	0	0	0	0	0	0	0	0	0	0	0	0	0	0	0	0	0	0	0	0	0	0	0	0	0	0	0	0	916	30798	218	2550	0	6072	890	22386	1464	0	0	276	128	8248	0	2456	0	298	98	1402	8744	7028	4222	2322	2016	0	
206180	Cerebelum_7b_L	0	0	0	0	0	0	0	0	0	0	0	0	0	0	0	0	0	0	0	0	0	0	0	0	0	0	0	0	0	0	0	0	0	0	0	0	0	0	0	0	0	0	0	0	0	0	0	0	0	0	0	0	0	0	106	0	0	0	0	0	0	0	0	0	0	0	0	0	0	0	0	0	0	0	0	0	0	0	0	0	0	0	0	0	0	0	0	0	0	0	12134	234	28544	4662	0	0	690	0	3096	0	0	3238	25632	4004	3324	880	238	0	0	0	586	388	7924	6560	850	0	
114252	Cerebelum_7b_R	0	0	0	0	0	0	0	0	0	0	0	0	0	0	0	0	0	0	0	0	0	0	0	0	0	0	0	0	0	0	0	0	0	0	0	0	0	0	0	0	0	0	0	0	0	0	0	0	0	0	0	0	0	0	0	0	0	0	0	0	0	0	0	0	0	0	0	0	0	0	0	0	0	0	0	0	0	0	0	0	0	0	0	0	0	0	0	0	0	0	2164	3202	6306	17716	0	0	0	0	0	276	3238	0	1140	13480	0	382	0	0	0	0	0	0	6264	2958	0	0	
239272	Cerebelum_8_L	0	0	0	0	0	0	0	0	0	0	0	0	0	0	0	0	0	0	0	0	0	0	0	0	0	0	0	0	0	0	0	0	0	0	0	0	0	0	0	0	0	0	0	0	0	0	100	0	0	0	0	0	0	0	310	0	0	0	0	0	0	0	0	0	0	0	0	0	0	0	0	0	0	0	0	0	0	0	0	0	0	0	0	0	0	0	0	0	0	0	20964	398	24148	1806	0	0	1232	118	8836	128	25632	1140	0	3338	13340	1384	1328	0	0	0	954	520	5828	6286	1846	0	
237980	Cerebelum_8_R	0	0	0	0	0	0	0	0	0	0	0	0	0	0	0	0	0	0	0	0	0	0	0	0	0	0	0	0	0	0	0	0	0	0	0	0	0	0	0	0	0	0	0	0	0	0	0	0	0	0	0	0	0	0	0	444	0	0	0	0	0	0	0	0	0	0	0	0	0	0	0	0	0	0	0	0	0	0	0	0	0	0	0	0	0	0	0	0	0	0	4164	22740	5242	24794	0	0	0	242	258	8248	4004	13480	3338	0	228	13816	0	226	0	0	402	1022	9078	4966	2184	114	
94176	Cerebelum_9_L	0	0	0	0	0	0	0	0	0	0	0	0	0	0	0	0	0	0	0	0	0	0	0	0	0	0	0	0	0	0	0	0	0	0	0	0	0	0	0	0	0	0	0	0	0	0	0	264	0	0	0	0	0	0	0	0	0	0	0	0	0	0	0	0	0	0	0	0	0	0	0	0	0	0	0	0	0	0	0	0	0	0	0	0	0	0	0	0	0	0	4276	100	3152	0	0	0	3450	236	4116	0	3324	0	13340	228	0	1064	4174	98	0	0	2364	1384	1026	2396	1734	362	
122160	Cerebelum_9_R	0	0	0	0	0	0	0	0	0	0	0	0	0	0	0	0	0	0	0	0	0	0	0	0	0	0	0	0	0	0	0	0	0	0	0	0	0	0	0	0	0	0	0	0	0	0	0	132	0	0	0	0	0	0	0	266	0	0	0	0	0	0	0	0	0	0	0	0	0	0	0	0	0	0	0	0	0	0	0	0	0	0	0	0	0	0	0	0	0	0	1302	3324	504	2206	0	256	670	416	1328	2456	880	382	1384	13816	1064	0	196	1694	348	370	2538	5544	5302	6450	7234	1018	
20292	Cerebelum_10_L	0	0	0	0	0	0	0	0	0	0	0	0	0	0	0	0	0	0	0	0	0	0	0	0	0	0	0	0	0	0	0	0	0	0	0	0	0	0	0	0	0	0	0	0	0	0	0	0	0	0	0	0	0	0	0	0	0	0	0	0	0	0	0	0	0	0	0	0	0	0	0	0	0	0	0	0	0	0	0	0	0	0	0	0	0	0	0	0	0	0	592	0	120	0	0	0	954	0	920	0	238	0	1328	0	4174	196	0	0	0	0	680	360	0	210	264	110	
15852	Cerebelum_10_R	0	0	0	0	0	0	0	0	0	0	0	0	0	0	0	0	0	0	0	0	0	0	0	0	0	0	0	0	0	0	0	0	0	0	0	0	0	0	0	0	0	0	0	0	0	0	0	0	0	0	0	0	0	0	0	0	0	0	0	0	0	0	0	0	0	0	0	0	0	0	0	0	0	0	0	0	0	0	0	0	0	0	0	0	0	0	0	0	0	0	110	86	0	0	0	0	168	82	344	298	0	0	0	226	98	1694	0	0	0	0	520	1304	640	1064	1292	0	
12444	Vermis_1_2	0	0	0	0	0	0	0	0	0	0	0	0	0	0	0	0	0	0	0	0	0	0	0	0	0	0	0	0	0	0	0	0	0	0	0	0	0	0	0	0	0	0	0	0	0	0	0	0	0	0	0	0	0	0	0	0	0	0	0	0	0	0	0	0	0	0	0	0	0	0	0	0	0	0	0	0	0	0	0	0	0	0	0	0	0	0	0	0	0	0	0	0	0	0	454	536	376	86	0	98	0	0	0	0	0	348	0	0	0	3214	712	228	0	0	170	0	
28920	Vermis_3	0	0	0	0	0	0	0	0	0	0	0	0	0	0	0	0	0	0	0	0	0	0	0	0	0	0	0	0	0	0	0	0	0	0	0	0	0	0	0	0	0	0	0	0	0	0	146	92	0	0	0	0	0	0	0	606	0	0	0	0	0	0	0	0	0	0	0	0	0	0	0	0	0	0	0	0	0	0	0	0	0	0	0	0	0	0	0	0	0	0	0	0	0	0	676	2648	1330	1302	240	1402	0	0	0	0	0	370	0	0	3214	0	1836	334	0	0	264	0	
177368	Vermis_4_5	0	108	0	0	0	0	0	0	0	0	0	0	0	0	0	0	0	0	0	162	0	0	0	0	0	0	0	0	0	0	0	0	0	238	200	3132	116	358	0	92	0	0	0	234	0	240	2506	5108	0	92	0	0	0	0	796	2990	0	294	0	0	0	0	0	0	0	0	88	3430	0	524	0	0	0	0	0	0	110	0	0	0	0	0	0	0	0	260	0	0	0	440	1698	1892	102	0	464	1522	11226	10212	8326	8744	586	0	954	402	2364	2538	680	520	712	1836	0	5718	964	1842	2698	1166	
