data	data	408964	262264	989704	620024	207944	115848	395764	167980	74980	18604	270928	306564	453288	128380	361524	95136	260304	220920	784852	678448	145012	151340	223992	237980	16708	61568	82664	99752	756964	610728	211336	463468	194972	567708	176432	207052	268156	418492	126832	244112	65912	110984	369008	377296	156608	433856	485544	417248	158672	436264	528068	337392	306372	178356	561388	547452	167440	272144	101876	121936	199132	157208	113724	167780	149652	180824	330976	465488	106352	373648	402972	426016	342260	294724	39260	31932	256716	214204	86084	53244	194028	179624	71216	77164	313840	272668	22816	31708	318232	274988	555872	487576	341912	300196	99112	82644	468392	361364	623200	573036	337928	209664	433432	352324	304188	201648	70936	31944	33020	118820	371876	229628	257688	216936	174628	64380	
data	data	Precentral_L	Precentral_R	Frontal_Sup_L	Frontal_Sup_R	Frontal_Sup_Orb_L	Frontal_Sup_Orb_R	Frontal_Mid_L	Frontal_Mid_R	Frontal_Mid_Orb_L	Frontal_Mid_Orb_R	Frontal_Inf_Oper_L	Frontal_Inf_Oper_R	Frontal_Inf_Tri_L	Frontal_Inf_Tri_R	Frontal_Inf_Orb_L	Frontal_Inf_Orb_R	Rolandic_Oper_L	Rolandic_Oper_R	Supp_Motor_Area_L	Supp_Motor_Area_R	Olfactory_L	Olfactory_R	Frontal_Sup_Medial_L	Frontal_Sup_Medial_R	Frontal_Med_Orb_L	Frontal_Med_Orb_R	Rectus_L	Rectus_R	Insula_L	Insula_R	Cingulum_Ant_L	Cingulum_Ant_R	Cingulum_Mid_L	Cingulum_Mid_R	Cingulum_Post_L	Cingulum_Post_R	Hippocampus_L	Hippocampus_R	ParaHippocampal_L	ParaHippocampal_R	Amygdala_L	Amygdala_R	Calcarine_L	Calcarine_R	Cuneus_L	Cuneus_R	Lingual_L	Lingual_R	Occipital_Sup_L	Occipital_Sup_R	Occipital_Mid_L	Occipital_Mid_R	Occipital_Inf_L	Occipital_Inf_R	Fusiform_L	Fusiform_R	Postcentral_L	Postcentral_R	Parietal_Sup_L	Parietal_Sup_R	Parietal_Inf_L	Parietal_Inf_R	SupraMarginal_L	SupraMarginal_R	Angular_L	Angular_R	Precuneus_L	Precuneus_R	Paracentral_Lobule_L	Paracentral_Lobule_R	Caudate_L	Caudate_R	Putamen_L	Putamen_R	Pallidum_L	Pallidum_R	Thalamus_L	Thalamus_R	Heschl_L	Heschl_R	Temporal_Sup_L	Temporal_Sup_R	Temporal_Pole_Sup_L	Temporal_Pole_Sup_R	Temporal_Mid_L	Temporal_Mid_R	Temporal_Pole_Mid_L	Temporal_Pole_Mid_R	Temporal_Inf_L	Temporal_Inf_R	Cerebelum_Crus1_L	Cerebelum_Crus1_R	Cerebelum_Crus2_L	Cerebelum_Crus2_R	Cerebelum_3_L	Cerebelum_3_R	Cerebelum_4_5_L	Cerebelum_4_5_R	Cerebelum_6_L	Cerebelum_6_R	Cerebelum_7b_L	Cerebelum_7b_R	Cerebelum_8_L	Cerebelum_8_R	Cerebelum_9_L	Cerebelum_9_R	Cerebelum_10_L	Cerebelum_10_R	Vermis_1_2	Vermis_3	Vermis_4_5	Vermis_6	Vermis_7	Vermis_8	Vermis_9	Vermis_10	
408964	Precentral_L	0	4078	24244	1040	0	0	20870	0	0	0	11134	0	1220	0	302	0	10356	0	8784	5636	0	0	0	0	0	0	0	0	13844	0	0	0	1046	3632	6570	2776	7112	2526	606	512	0	0	0	0	296	0	496	706	0	0	2632	0	1254	0	1586	168	20984	0	268	0	5308	0	1400	0	392	0	2274	338	5830	2136	3080	538	7244	0	1108	0	12346	606	3818	0	1094	0	118	0	576	0	0	0	1598	0	0	0	0	0	0	0	0	0	0	0	0	0	0	0	0	0	0	0	0	0	0	0	0	0	0	0	
262264	Precentral_R	4078	0	4758	17120	0	0	842	4368	0	0	136	3208	680	474	284	0	0	1152	6034	11132	0	0	0	0	0	0	0	0	652	662	0	196	1118	2314	984	1946	0	4016	0	474	0	0	0	1058	220	3220	0	168	0	2310	0	1076	0	1084	0	328	186	14614	0	214	0	622	0	1484	0	174	260	4422	980	9666	1534	3998	0	456	0	200	2440	11034	0	0	0	228	0	0	0	722	0	0	0	1806	0	0	0	0	0	0	0	0	0	0	0	0	0	0	0	0	0	0	0	0	0	0	0	0	0	0	
989704	Frontal_Sup_L	24244	4758	0	6316	9648	0	47724	0	1968	0	17818	1034	28000	0	16434	0	11202	4076	110806	16604	0	0	25410	414	852	0	1522	0	33190	4666	11068	2116	5860	8702	4206	2980	5052	2772	1456	664	0	0	0	0	0	0	0	590	0	0	0	0	0	0	1164	304	2086	1236	0	0	338	0	0	1778	0	0	702	306	1362	1310	16466	7810	22374	2172	5054	156	11264	848	0	0	3452	482	1470	202	0	0	0	0	364	0	0	0	0	0	0	0	0	0	0	0	0	0	0	0	0	0	0	0	0	0	0	0	0	0	0	0	
620024	Frontal_Sup_R	1040	17120	6316	0	0	2040	672	25054	0	0	360	15644	1458	4860	812	686	0	6078	9950	47750	0	0	7742	30340	0	618	0	0	1380	17854	3406	31380	3450	21272	686	446	0	1416	0	306	0	156	122	0	342	182	0	0	212	154	138	0	0	0	0	172	0	600	0	0	0	0	0	128	0	0	270	226	174	218	2480	19568	128	8836	0	3484	530	10186	0	0	0	822	0	748	0	0	0	0	0	0	0	0	0	0	0	0	0	0	0	0	0	0	0	0	0	0	0	0	0	0	0	0	0	0	0	0	
207944	Frontal_Sup_Orb_L	0	0	9648	0	0	802	2732	0	11602	0	0	0	6382	0	20006	454	0	0	900	196	5070	2112	1594	0	1274	298	9256	1510	9462	0	3784	1090	0	0	0	0	114	0	236	0	316	0	0	0	0	0	0	0	0	0	0	0	0	0	160	0	0	350	0	0	0	0	0	442	0	0	0	0	0	0	5814	614	7160	0	0	0	0	0	0	0	0	0	594	0	0	0	0	0	0	0	0	0	0	0	0	0	0	0	0	0	0	0	0	0	0	0	0	0	0	0	0	0	0	0	0	0	
115848	Frontal_Sup_Orb_R	0	0	0	2040	802	0	0	360	0	2606	0	0	0	160	802	7390	0	0	0	0	2960	4282	0	1902	138	6166	898	7814	212	2356	136	2240	0	0	0	0	0	0	0	0	0	178	0	0	0	0	0	0	0	0	0	0	0	0	0	0	0	0	0	0	0	0	0	0	0	0	0	0	0	0	2998	5104	1332	4656	0	0	0	0	0	0	0	0	0	392	0	0	0	0	0	0	0	0	0	0	0	0	0	0	0	0	0	0	0	0	0	0	0	0	0	0	0	0	0	0	0	0	
395764	Frontal_Mid_L	20870	842	47724	672	2732	0	0	0	1142	0	11168	0	25482	0	6576	0	5530	332	12792	1416	0	0	10498	240	0	0	0	0	18300	144	1954	348	250	962	924	330	2884	326	536	112	0	0	0	0	0	0	242	382	0	0	202	0	0	0	162	0	972	806	0	0	166	0	0	1004	0	0	372	0	0	442	6616	1372	5122	0	594	0	3846	238	0	0	258	0	0	0	0	0	0	0	0	0	0	0	0	0	0	0	0	0	0	0	0	0	0	0	0	0	0	0	0	0	0	0	0	0	0	0	
167980	Frontal_Mid_R	0	4368	0	25054	0	360	0	0	0	1132	0	13616	0	6984	0	2666	0	3216	0	3000	0	0	600	3234	0	0	0	0	0	7956	0	5224	0	1958	0	0	0	136	0	0	0	0	0	0	0	0	0	0	0	0	0	0	0	0	0	0	0	112	0	0	0	0	0	0	0	0	0	0	0	0	0	864	0	978	0	694	0	1138	0	0	0	380	0	320	0	0	0	0	0	0	0	0	0	0	0	0	0	0	0	0	0	0	0	0	0	0	0	0	0	0	0	0	0	0	0	0	
74980	Frontal_Mid_Orb_L	0	0	1968	0	11602	0	1142	0	0	0	0	0	1454	0	11882	0	0	0	248	0	396	0	0	0	0	0	1962	0	3208	0	290	0	0	0	0	0	0	0	0	0	0	0	0	0	0	0	0	0	0	0	0	0	0	0	0	0	0	0	0	0	0	0	0	0	0	0	0	0	0	0	516	0	2822	0	0	0	0	0	0	0	0	0	0	0	0	0	0	0	0	0	0	0	0	0	0	0	0	0	0	0	0	0	0	0	0	0	0	0	0	0	0	0	0	0	0	0	
18604	Frontal_Mid_Orb_R	0	0	0	0	0	2606	0	1132	0	0	0	0	0	558	0	4824	0	0	0	0	0	0	0	0	0	0	0	0	0	182	0	0	0	0	0	0	0	0	0	0	0	0	0	0	0	0	0	0	0	0	0	0	0	0	0	0	0	0	0	0	0	0	0	0	0	0	0	0	0	0	0	0	0	0	0	0	0	0	0	0	0	0	0	0	0	0	0	0	0	0	0	0	0	0	0	0	0	0	0	0	0	0	0	0	0	0	0	0	0	0	0	0	0	0	0	0	
270928	Frontal_Inf_Oper_L	11134	136	17818	360	0	0	11168	0	0	0	0	532	21946	210	3692	0	7044	188	14150	546	0	0	0	0	0	0	0	0	20362	1226	370	166	226	120	0	0	966	0	148	0	0	0	0	0	0	0	142	0	0	0	448	0	0	0	0	0	1840	0	0	0	116	0	0	0	0	0	0	0	0	0	7246	4282	2322	306	0	0	408	0	524	0	2786	0	2076	0	224	0	0	0	236	0	0	0	0	0	0	0	0	0	0	0	0	0	0	0	0	0	0	0	0	0	0	0	0	0	0	0	
306564	Frontal_Inf_Oper_R	0	3208	1034	15644	0	0	0	13616	0	0	532	0	800	9614	152	0	0	9206	2836	10156	0	0	1134	3182	0	0	0	0	294	38704	2176	12716	120	9096	0	222	0	696	0	168	0	0	0	0	0	0	0	0	0	0	0	0	0	0	0	0	0	764	0	0	0	0	0	0	0	0	0	0	0	0	452	7750	0	4036	0	0	216	1202	0	302	0	1416	0	1838	0	0	0	0	0	0	0	0	0	0	0	0	0	0	0	0	0	0	0	0	0	0	0	0	0	0	0	0	0	0	0	0	
453288	Frontal_Inf_Tri_L	1220	680	28000	1458	6382	0	25482	0	1454	0	21946	800	0	450	31734	0	814	736	15800	2490	0	0	3130	0	0	0	728	0	44956	1916	3802	340	748	582	0	0	570	0	170	0	0	0	0	0	0	0	0	0	0	0	0	0	0	0	0	0	146	1026	0	0	0	0	0	1300	0	0	0	0	0	326	14520	5816	5846	376	0	0	138	114	0	0	184	182	282	0	0	0	0	0	0	0	0	0	0	0	0	0	0	0	0	0	0	0	0	0	0	0	0	0	0	0	0	0	0	0	0	0	
128380	Frontal_Inf_Tri_R	0	474	0	4860	0	160	0	6984	0	558	210	9614	450	0	0	4070	0	1338	0	330	0	0	1876	3456	0	0	0	0	224	15850	602	6690	166	3928	0	0	0	0	0	0	0	0	0	0	0	0	0	0	0	0	0	0	0	0	0	0	0	0	0	0	0	0	0	0	0	0	0	0	0	0	268	1672	0	410	0	0	0	0	0	0	0	0	0	0	0	0	0	0	0	0	0	0	0	0	0	0	0	0	0	0	0	0	0	0	0	0	0	0	0	0	0	0	0	0	0	0	
361524	Frontal_Inf_Orb_L	302	284	16434	812	20006	802	6576	0	11882	0	3692	152	31734	0	0	462	242	0	8250	1224	4742	2088	2142	0	0	292	4668	1492	31860	360	3392	1064	430	244	0	0	570	0	438	0	244	0	0	0	0	0	0	0	0	0	0	0	0	0	218	0	0	0	0	0	0	0	0	0	0	0	0	0	0	0	8558	2156	11610	156	0	0	0	0	0	0	0	0	1184	0	0	0	0	0	0	0	0	0	0	0	0	0	0	0	0	0	0	0	0	0	0	0	0	0	0	0	0	0	0	0	0	0	
95136	Frontal_Inf_Orb_R	0	0	0	686	454	7390	0	2666	0	4824	0	0	0	4070	462	0	0	0	0	0	2174	2864	0	966	0	1996	460	3344	190	7586	0	516	0	0	0	0	0	0	0	0	0	118	0	0	0	0	0	0	0	0	0	0	0	0	0	0	0	0	0	0	0	0	0	0	0	0	0	0	0	0	2170	2132	1058	736	0	0	0	0	0	0	0	0	0	706	0	0	0	0	0	0	0	0	0	0	0	0	0	0	0	0	0	0	0	0	0	0	0	0	0	0	0	0	0	0	0	0	
260304	Rolandic_Oper_L	10356	0	11202	0	0	0	5530	0	0	0	7044	0	814	0	242	0	0	0	9492	0	0	0	0	0	0	0	0	0	30986	0	0	0	0	0	138	0	1352	0	408	0	0	0	0	0	0	0	136	0	0	0	2526	0	3454	0	2108	0	6370	0	0	0	364	0	958	0	188	0	198	0	0	0	534	0	3460	0	116	0	666	0	4222	0	13678	0	1736	0	5874	0	0	0	6000	0	0	0	0	0	0	0	0	0	0	0	0	0	0	0	0	0	0	0	0	0	0	0	0	0	0	0	
220920	Rolandic_Oper_R	0	1152	4076	6078	0	0	332	3216	0	0	188	9206	736	1338	0	0	0	0	3970	4626	0	0	0	294	0	0	0	0	582	25548	528	1620	0	1050	188	502	0	4504	0	758	0	136	0	0	0	148	0	0	0	120	0	188	0	0	0	576	0	2374	0	0	0	0	0	3118	0	0	0	314	0	234	2136	2166	0	7388	0	946	592	1702	0	4840	0	8538	0	2384	0	946	0	0	0	1122	0	0	0	0	0	0	0	0	0	0	0	0	0	0	0	0	0	0	0	0	0	0	0	0	0	0	
784852	Supp_Motor_Area_L	8784	6034	110806	9950	900	0	12792	0	248	0	14150	2836	15800	0	8250	0	9492	3970	0	33946	0	0	3892	684	0	0	0	0	25376	6634	6410	4368	11506	19848	1422	768	2618	748	1228	294	0	0	0	0	0	0	0	224	0	0	0	0	0	0	1082	170	1364	562	0	0	216	0	0	924	0	0	204	0	4342	2918	12722	8416	19110	2352	4618	166	3062	382	0	0	3326	454	1438	272	0	0	0	0	348	0	0	0	0	0	0	0	0	0	0	0	0	0	0	0	0	0	0	0	0	0	0	0	0	0	0	0	
678448	Supp_Motor_Area_R	5636	11132	16604	47750	196	0	1416	3000	0	0	546	10156	2490	330	1224	0	0	4626	33946	0	0	0	446	3222	0	0	0	0	2428	11560	3142	10778	8484	48922	1420	4206	0	1836	0	492	0	146	184	376	470	2212	0	306	224	2698	148	548	0	598	0	502	272	7348	0	1096	0	1548	0	3752	0	628	696	5998	3872	31980	4378	11944	206	5568	0	1428	2050	3096	0	232	0	2114	0	326	0	3482	0	0	0	2810	0	0	0	0	0	0	0	0	0	0	0	0	0	0	0	0	0	0	0	0	0	0	0	0	0	0	
145012	Olfactory_L	0	0	0	0	5070	2960	0	0	396	0	0	0	0	0	4742	2174	0	0	0	0	0	9584	0	0	254	840	4750	4664	3410	486	3448	3086	0	0	0	0	642	0	940	0	1674	304	0	0	0	0	0	0	0	0	0	0	0	0	742	0	0	0	0	0	0	0	0	0	0	0	0	0	0	0	11500	4758	4594	684	0	0	0	0	0	0	0	0	804	0	0	0	0	0	0	0	0	0	0	0	0	0	0	0	0	0	0	0	0	0	0	0	0	0	0	0	0	0	0	0	0	0	
151340	Olfactory_R	0	0	0	0	2112	4282	0	0	0	0	0	0	0	0	2088	2864	0	0	0	0	9584	0	0	0	154	1740	2666	7814	402	2658	2174	3364	0	0	0	0	0	654	0	1494	0	3080	0	0	0	0	0	0	0	0	0	0	0	0	0	0	0	0	0	0	0	0	0	0	0	0	0	0	0	0	11432	8430	5428	2256	0	0	0	0	0	0	0	0	0	994	0	0	0	0	0	0	0	0	0	0	0	0	0	0	0	0	0	0	0	0	0	0	0	0	0	0	0	0	0	0	0	0	
223992	Frontal_Sup_Medial_L	0	0	25410	7742	1594	0	10498	600	0	0	0	1134	3130	1876	2142	0	0	0	3892	446	0	0	0	13254	1760	132	220	0	1302	2274	9320	10272	2722	11236	0	0	0	0	0	0	0	0	0	0	0	0	0	0	0	0	0	0	0	0	0	0	0	0	0	0	0	0	0	0	0	0	0	0	0	0	0	446	330	264	0	0	0	0	0	0	0	0	0	0	0	0	0	0	0	0	0	0	0	0	0	0	0	0	0	0	0	0	0	0	0	0	0	0	0	0	0	0	0	0	0	0	
237980	Frontal_Sup_Medial_R	0	0	414	30340	0	1902	240	3234	0	0	0	3182	0	3456	0	966	0	294	684	3222	0	0	13254	0	210	1904	0	0	0	6528	2220	21978	1448	17156	0	0	0	0	0	0	0	0	0	0	0	0	0	0	0	0	0	0	0	0	0	0	0	0	0	0	0	0	0	0	0	0	0	0	0	0	0	3156	0	3088	0	0	0	0	0	0	0	0	0	114	0	0	0	0	0	0	0	0	0	0	0	0	0	0	0	0	0	0	0	0	0	0	0	0	0	0	0	0	0	0	0	0	
16708	Frontal_Med_Orb_L	0	0	852	0	1274	138	0	0	0	0	0	0	0	0	0	0	0	0	0	0	254	154	1760	210	0	386	616	164	0	0	2256	150	0	0	0	0	0	0	0	0	0	0	0	0	0	0	0	0	0	0	0	0	0	0	0	0	0	0	0	0	0	0	0	0	0	0	0	0	0	0	140	0	0	0	0	0	0	0	0	0	0	0	0	0	0	0	0	0	0	0	0	0	0	0	0	0	0	0	0	0	0	0	0	0	0	0	0	0	0	0	0	0	0	0	0	0	
61568	Frontal_Med_Orb_R	0	0	0	618	298	6166	0	0	0	0	0	0	0	0	292	1996	0	0	0	0	840	1740	132	1904	386	0	458	3810	0	958	560	3196	0	0	0	0	0	0	0	0	0	0	0	0	0	0	0	0	0	0	0	0	0	0	0	0	0	0	0	0	0	0	0	0	0	0	0	0	0	0	700	2768	146	3816	0	0	0	0	0	0	0	0	0	0	0	0	0	0	0	0	0	0	0	0	0	0	0	0	0	0	0	0	0	0	0	0	0	0	0	0	0	0	0	0	0	0	
82664	Rectus_L	0	0	1522	0	9256	898	0	0	1962	0	0	0	728	0	4668	460	0	0	0	0	4750	2666	220	0	616	458	0	1932	924	0	2624	1418	0	0	0	0	0	0	0	0	140	0	0	0	0	0	0	0	0	0	0	0	0	0	0	0	0	0	0	0	0	0	0	0	0	0	0	0	0	0	4652	404	1034	0	0	0	0	0	0	0	0	0	0	0	0	0	0	0	0	0	0	0	0	0	0	0	0	0	0	0	0	0	0	0	0	0	0	0	0	0	0	0	0	0	0	0	
99752	Rectus_R	0	0	0	0	1510	7814	0	0	0	0	0	0	0	0	1492	3344	0	0	0	0	4664	7814	0	0	164	3810	1932	0	334	1038	982	2194	0	0	0	0	0	0	0	0	0	246	0	0	0	0	0	0	0	0	0	0	0	0	0	0	0	0	0	0	0	0	0	0	0	0	0	0	0	0	4540	4566	1688	1544	0	0	0	0	0	0	0	0	0	200	0	0	0	0	0	0	0	0	0	0	0	0	0	0	0	0	0	0	0	0	0	0	0	0	0	0	0	0	0	0	0	0	
756964	Insula_L	13844	652	33190	1380	9462	212	18300	0	3208	0	20362	294	44956	224	31860	190	30986	582	25376	2428	3410	402	1302	0	0	0	924	334	0	744	3074	250	516	558	832	0	13922	0	5794	0	3516	0	0	0	0	0	1282	342	0	0	2622	0	3050	0	7188	0	3768	1032	0	0	172	0	138	1306	0	0	462	0	0	338	13942	2858	23684	230	146	0	3806	150	7790	0	12384	126	3780	0	5512	0	0	0	9152	0	0	0	0	0	0	0	0	0	0	0	0	0	0	0	0	0	0	0	0	138	0	0	0	0	0	0	
610728	Insula_R	0	662	4666	17854	0	2356	144	7956	0	182	1226	38704	1916	15850	360	7586	0	25548	6634	11560	486	2658	2274	6528	0	958	0	1038	744	0	3726	25062	234	11502	122	318	0	8952	0	2188	0	2600	0	112	0	216	0	0	0	154	0	408	0	392	0	2004	0	736	0	0	0	134	0	826	0	168	0	426	0	270	1652	19906	386	26460	0	380	288	2516	0	6306	0	14160	0	4484	0	5302	0	316	0	4652	0	0	0	0	0	0	0	116	0	0	0	0	0	0	0	0	0	0	0	0	0	0	0	0	0	0	
211336	Cingulum_Ant_L	0	0	11068	3406	3784	136	1954	0	290	0	370	2176	3802	602	3392	0	0	528	6410	3142	3448	2174	9320	2220	2256	560	2624	982	3074	3726	0	14388	6216	3550	496	0	0	0	0	0	0	0	0	0	0	0	0	0	0	0	0	0	0	0	0	0	0	0	0	0	0	0	0	0	0	0	0	0	0	0	3620	3560	1296	958	0	140	0	0	0	0	0	0	0	0	0	0	0	0	0	0	0	0	0	0	0	0	0	0	0	0	0	0	0	0	0	0	0	0	0	0	0	0	0	0	0	0	
463468	Cingulum_Ant_R	0	196	2116	31380	1090	2240	348	5224	0	0	166	12716	340	6690	1064	516	0	1620	4368	10778	3086	3364	10272	21978	150	3196	1418	2194	250	25062	14388	0	2520	20832	0	0	0	626	0	384	0	300	0	0	0	0	0	0	0	0	0	0	0	0	0	128	0	0	0	0	0	0	0	0	0	0	0	0	0	0	3332	23750	498	11820	0	294	0	236	0	0	0	290	0	514	0	0	0	0	0	0	0	0	0	0	0	0	0	0	0	0	0	0	0	0	0	0	0	0	0	0	0	0	0	0	0	0	
194972	Cingulum_Mid_L	1046	1118	5860	3450	0	0	250	0	0	0	226	120	748	166	430	0	0	0	11506	8484	0	0	2722	1448	0	0	0	0	516	234	6216	2520	0	14398	6650	1540	0	0	0	0	0	0	344	0	636	1100	296	0	1852	1036	3044	570	742	0	286	0	202	192	532	128	0	0	0	0	230	306	4862	2670	5132	3044	186	154	0	0	0	0	0	0	0	0	0	0	0	0	178	0	0	0	116	0	0	0	0	0	0	0	0	0	0	0	0	0	0	0	0	0	0	0	0	0	0	0	0	0	0	0	
567708	Cingulum_Mid_R	3632	2314	8702	21272	0	0	962	1958	0	0	120	9096	582	3928	244	0	0	1050	19848	48922	0	0	11236	17156	0	0	0	0	558	11502	3550	20832	14398	0	2362	7312	0	552	0	150	0	0	0	1480	234	3464	0	658	0	2622	0	470	0	594	0	206	0	9076	0	884	0	374	0	896	0	552	1158	11294	3654	24536	854	1088	0	430	0	0	866	204	0	0	0	1186	0	404	0	2436	0	0	0	1996	0	0	0	0	0	0	0	0	0	0	0	0	0	0	0	0	0	0	0	0	0	0	0	0	0	0	
176432	Cingulum_Post_L	6570	984	4206	686	0	0	924	0	0	0	0	0	0	0	0	0	138	188	1422	1420	0	0	0	0	0	0	0	0	832	122	496	0	6650	2362	0	7486	6696	4772	534	794	0	0	2168	148	2866	0	1718	634	1756	0	1204	0	132	0	414	334	642	0	0	0	0	0	0	0	0	0	10598	1086	2842	1100	884	0	0	0	0	0	8728	1534	1038	0	334	0	0	0	298	0	0	0	218	0	0	0	0	0	0	0	0	146	0	112	0	0	0	0	0	0	0	0	0	0	0	0	0	0	0	0	
207052	Cingulum_Post_R	2776	1946	2980	446	0	0	330	0	0	0	0	222	0	0	0	0	0	502	768	4206	0	0	0	0	0	0	0	0	0	318	0	0	1540	7312	7486	0	492	13874	130	3674	0	0	0	2432	0	632	0	5152	0	246	0	508	0	600	0	1850	0	1156	0	0	0	0	0	230	0	0	960	8748	456	4046	1368	0	0	0	0	0	11994	8328	0	0	0	156	0	0	0	940	0	0	0	2598	0	402	0	0	0	0	0	862	0	710	0	0	0	0	0	0	0	0	0	0	150	0	0	0	0	0	
268156	Hippocampus_L	7112	0	5052	0	114	0	2884	0	0	0	966	0	570	0	570	0	1352	0	2618	0	642	0	0	0	0	0	0	0	13922	0	0	0	0	0	6696	492	0	432	18058	238	10600	0	796	0	0	0	3026	1040	0	0	124	0	0	0	14162	0	986	0	0	0	0	0	0	0	0	0	5064	0	0	0	136	0	8684	0	500	0	8070	342	3524	0	2990	0	848	0	1744	0	0	0	7248	0	130	0	0	0	368	172	912	0	144	0	0	0	0	0	0	0	0	0	114	636	0	0	0	0	0	0	
418492	Hippocampus_R	2526	4016	2772	1416	0	0	326	136	0	0	0	696	0	0	0	0	0	4504	748	1836	0	654	0	0	0	0	0	0	0	8952	0	626	0	552	4772	13874	432	0	218	34504	0	16186	0	1110	0	132	0	7426	0	0	0	422	0	772	0	27214	0	620	0	0	0	0	0	742	0	0	0	4684	0	1206	1448	1600	0	11400	0	1562	9708	11360	0	826	0	2188	0	814	0	4414	0	174	0	13298	0	1158	0	0	0	0	0	3400	0	1704	0	0	0	0	0	0	0	0	0	118	0	0	0	0	0	0	
126832	ParaHippocampal_L	606	0	1456	0	236	0	536	0	0	0	148	0	170	0	438	0	408	0	1228	0	940	0	0	0	0	0	0	0	5794	0	0	0	0	0	534	130	18058	218	0	192	5888	0	230	0	0	0	2414	460	0	0	158	0	430	0	10968	0	0	0	0	0	0	0	0	0	0	0	918	0	0	0	0	0	3422	0	0	0	732	132	358	0	918	0	516	0	0	0	0	0	1580	0	434	0	0	0	424	0	1334	0	624	0	0	0	0	0	0	0	0	0	0	384	0	0	0	0	0	0	
244112	ParaHippocampal_R	512	474	664	306	0	0	112	0	0	0	0	168	0	0	0	0	0	758	294	492	0	1494	0	0	0	0	0	0	0	2188	0	384	0	150	794	3674	238	34504	192	0	0	12810	0	352	0	0	0	7296	0	0	0	254	0	390	0	21866	0	0	0	0	0	0	0	0	0	0	0	1200	0	226	404	844	0	5908	0	1110	2716	5296	0	0	0	300	0	1078	0	422	0	420	0	2484	0	1696	0	0	0	176	0	5060	0	2350	0	0	0	0	0	0	0	0	0	0	0	0	0	0	0	0	
65912	Amygdala_L	0	0	0	0	316	0	0	0	0	0	0	0	0	0	244	0	0	0	0	0	1674	0	0	0	0	0	140	0	3516	0	0	0	0	0	0	0	10600	0	5888	0	0	0	0	0	0	0	0	0	0	0	0	0	0	0	6600	0	0	0	0	0	0	0	0	0	0	0	0	0	0	0	0	0	366	0	0	0	0	0	0	0	0	0	1108	0	522	0	0	0	1982	0	0	0	0	0	0	0	0	0	0	0	0	0	0	0	0	0	0	0	0	0	0	0	0	0	0	0	
110984	Amygdala_R	0	0	0	156	0	178	0	0	0	0	0	0	0	0	0	118	0	136	0	146	304	3080	0	0	0	0	0	246	0	2600	0	300	0	0	0	0	0	16186	0	12810	0	0	0	0	0	0	0	0	0	0	0	0	0	0	0	7682	0	0	0	0	0	0	0	0	0	0	0	0	0	0	314	1082	278	4932	0	0	0	0	0	0	0	0	0	2200	0	838	0	210	0	1544	0	0	0	0	0	0	0	152	0	0	0	0	0	0	0	0	0	0	0	0	0	0	0	0	0	0	
369008	Calcarine_L	0	0	0	122	0	0	0	0	0	0	0	0	0	0	0	0	0	0	0	184	0	0	0	0	0	0	0	0	0	0	0	0	344	0	2168	0	796	0	230	0	0	0	0	12576	11054	6680	33724	5500	6094	3690	26924	2002	9282	1208	6552	2734	0	0	0	0	0	0	0	0	846	0	15342	710	1368	0	0	0	0	0	0	0	0	0	0	0	0	0	0	0	2518	0	0	0	1462	0	578	1596	0	0	182	154	4424	4700	3374	3154	0	0	0	0	0	404	0	0	0	124	8822	1544	234	0	0	1104	
377296	Calcarine_R	0	1058	0	0	0	0	0	0	0	0	0	0	0	0	0	0	0	0	0	376	0	0	0	0	0	0	0	0	0	112	0	0	0	1480	148	2432	0	1110	0	352	0	0	12576	0	6306	31230	6460	22562	148	26544	702	19004	0	9020	0	11238	0	2206	0	424	0	464	0	428	0	494	926	17664	194	2656	0	0	0	0	0	0	0	172	0	0	0	0	0	0	0	4236	0	0	0	4172	0	0	0	0	0	0	152	276	0	324	0	0	0	0	0	0	0	0	0	0	404	366	232	0	0	0	
156608	Cuneus_L	296	220	0	342	0	0	0	0	0	0	0	0	0	0	0	0	0	0	0	470	0	0	0	0	0	0	0	0	0	0	0	0	636	234	2866	0	0	0	0	0	0	0	11054	6306	0	7290	802	0	15792	1632	9550	530	1354	0	354	0	904	0	820	0	240	0	0	0	368	0	12466	1228	1642	232	0	0	0	0	0	0	0	0	0	0	0	0	0	0	414	0	0	0	262	0	0	0	0	0	0	0	0	0	0	0	0	0	0	0	0	0	0	0	0	0	0	0	0	0	0	0	
433856	Cuneus_R	0	3220	0	182	0	0	0	0	0	0	0	0	0	0	0	0	0	148	0	2212	0	0	0	0	0	0	0	0	0	216	0	0	1100	3464	0	632	0	132	0	0	0	0	6680	31230	7290	0	1032	2564	154	48564	120	21830	0	4644	0	1406	0	9846	0	5690	0	3368	0	1816	0	3338	4220	34666	416	11478	0	0	0	0	0	0	0	0	0	0	0	190	0	0	0	1616	0	0	0	3464	0	0	0	0	0	0	0	0	0	0	0	0	0	0	0	0	0	0	0	0	0	0	0	0	0	0	
485544	Lingual_L	496	0	0	0	0	0	242	0	0	0	142	0	0	0	0	0	136	0	0	0	0	0	0	0	0	0	0	0	1282	0	0	0	296	0	1718	0	3026	0	2414	0	0	0	33724	6460	802	1032	0	10158	834	1610	19144	944	12554	1416	24378	3168	178	0	0	0	0	0	0	0	330	0	7092	0	914	0	0	0	0	0	0	0	1972	0	436	0	222	0	0	0	2134	0	0	0	678	0	12432	2264	1414	280	730	246	26062	4604	25220	3884	0	0	0	0	218	356	0	0	120	356	15434	6152	2020	0	0	1048	
417248	Lingual_R	706	168	590	0	0	0	382	0	0	0	0	0	0	0	0	0	0	0	224	306	0	0	0	0	0	0	0	0	342	0	0	0	0	658	634	5152	1040	7426	460	7296	0	0	5500	22562	0	2564	10158	0	0	4448	676	6440	572	8366	1406	26642	0	296	0	0	0	0	0	0	0	0	242	7288	0	686	308	0	602	0	0	0	2376	3060	0	0	0	0	0	0	278	2324	0	0	0	1948	462	5570	0	440	354	236	6858	14714	5060	13980	0	0	0	0	840	0	0	0	0	224	15178	7954	2284	0	0	344	
158672	Occipital_Sup_L	0	0	0	212	0	0	0	0	0	0	0	0	0	0	0	0	0	0	0	224	0	0	0	0	0	0	0	0	0	0	0	0	1852	0	1756	0	0	0	0	0	0	0	6094	148	15792	154	834	0	0	0	28820	0	702	0	160	0	0	0	7150	0	1050	0	0	0	540	0	13032	378	278	0	0	0	0	0	0	0	0	0	0	0	0	0	0	0	160	0	0	0	0	0	0	0	0	0	0	0	0	0	0	0	0	0	0	0	0	0	0	0	0	0	0	0	0	0	0	0	
436264	Occipital_Sup_R	0	2310	0	154	0	0	0	0	0	0	0	0	0	0	0	0	0	120	0	2698	0	0	0	0	0	0	0	0	0	154	0	0	1036	2622	0	246	0	0	0	0	0	0	3690	26544	1632	48564	1610	4448	0	0	144	34152	0	4560	0	2322	0	10212	0	10894	0	5126	0	1258	0	7966	1842	28730	274	10720	0	0	0	0	0	0	0	0	0	0	0	142	0	0	0	1924	0	0	0	1576	0	0	0	0	0	0	0	0	0	172	0	0	0	0	0	0	0	0	0	0	0	172	118	0	0	0	
528068	Occipital_Mid_L	2632	0	0	138	0	0	202	0	0	0	448	0	0	0	0	0	2526	0	0	148	0	0	0	0	0	0	0	0	2622	0	0	0	3044	0	1204	0	124	0	158	0	0	0	26924	702	9550	120	19144	676	28820	144	0	0	33076	122	10942	0	3782	0	11616	0	16068	0	3808	0	22878	0	21488	124	1760	0	0	0	244	0	0	0	0	0	562	0	2510	0	0	0	20368	0	0	0	6792	0	368	0	0	0	0	0	2428	486	3172	0	0	0	0	0	0	0	0	0	0	0	1530	430	154	0	0	0	
337392	Occipital_Mid_R	0	1076	0	0	0	0	0	0	0	0	0	0	0	0	0	0	0	188	0	548	0	0	0	0	0	0	0	0	0	408	0	0	570	470	0	508	0	422	0	254	0	0	2002	19004	530	21830	944	6440	0	34152	0	0	0	9704	0	5864	0	3774	0	5092	0	3020	0	450	0	14538	1168	13812	150	3816	0	0	0	0	0	0	0	0	0	0	0	264	0	0	0	13860	0	0	0	3524	0	0	0	0	0	0	0	0	0	162	0	0	0	0	0	0	0	0	0	0	0	152	0	0	0	0	
306372	Occipital_Inf_L	1254	0	0	0	0	0	0	0	0	0	0	0	0	0	0	0	3454	0	0	0	0	0	0	0	0	0	0	0	3050	0	0	0	742	0	132	0	0	0	430	0	0	0	9282	0	1354	0	12554	572	702	0	33076	0	0	0	19618	0	452	0	488	0	3466	0	4430	0	5720	0	5914	0	306	0	0	0	0	0	0	0	0	0	1836	0	3582	0	0	0	15566	0	0	0	13616	0	716	0	0	0	112	0	3926	580	4138	0	0	0	0	0	0	0	0	0	0	0	2118	0	0	0	0	0	
178356	Occipital_Inf_R	0	1084	0	0	0	0	0	0	0	0	0	0	0	0	0	0	0	0	0	598	0	0	0	0	0	0	0	0	0	392	0	0	0	594	0	600	0	772	0	390	0	0	1208	9020	0	4644	1416	8366	0	4560	122	9704	0	0	0	15094	0	1666	0	118	0	698	0	614	0	384	0	5740	0	1972	0	0	0	0	0	0	0	138	0	0	0	0	0	0	0	2182	0	0	0	9258	0	590	0	138	0	0	198	1188	0	2510	0	0	0	0	0	0	0	0	0	0	1570	1046	604	0	0	0	
561388	Fusiform_L	1586	0	1164	0	160	0	162	0	0	0	0	0	0	0	218	0	2108	0	1082	0	742	0	0	0	0	0	0	0	7188	0	0	0	286	0	414	0	14162	0	10968	0	6600	0	6552	0	354	0	24378	1406	160	0	10942	0	19618	0	0	286	358	0	246	0	1414	0	1734	0	1594	0	5508	0	0	0	0	0	1620	0	0	0	1066	0	2862	0	2868	0	3162	0	9182	0	1086	0	28916	0	27922	666	2248	288	568	0	24304	1044	38806	690	1204	0	1812	0	930	0	188	0	0	120	5320	1198	1088	0	146	0	
547452	Fusiform_R	168	328	304	172	0	0	0	0	0	0	0	0	0	0	0	0	0	576	170	502	0	0	0	0	0	0	0	0	0	2004	0	128	0	206	334	1850	0	27214	0	21866	0	7682	2734	11238	0	1406	3168	26642	0	2322	0	5864	0	15094	286	0	0	230	0	0	0	0	0	120	0	0	0	2060	0	540	282	334	0	4532	0	578	1332	2376	0	0	0	680	0	3246	0	4274	0	1238	0	19382	574	15550	0	594	1326	2628	3786	22374	1892	27552	0	182	0	804	732	0	0	132	388	2290	14558	3374	1284	0	0	244	
167440	Postcentral_L	20984	186	2086	0	0	0	972	0	0	0	1840	0	146	0	0	0	6370	0	1364	272	0	0	0	0	0	0	0	0	3768	0	0	0	202	0	642	0	986	0	0	0	0	0	0	0	904	0	178	0	0	0	3782	0	452	0	358	0	0	0	4758	0	18582	0	4630	0	484	0	1950	0	2310	0	0	0	1024	0	0	0	870	0	1722	0	1284	0	0	0	210	0	0	0	404	0	0	0	0	0	0	0	0	0	0	0	0	0	0	0	0	0	0	0	0	0	0	0	0	0	0	0	
272144	Postcentral_R	0	14614	1236	600	350	0	806	112	0	0	0	764	1026	0	0	0	0	2374	562	7348	0	0	0	0	0	0	0	0	1032	736	0	0	192	9076	0	1156	0	620	0	0	0	0	0	2206	0	9846	0	296	0	10212	0	3774	0	1666	0	230	0	0	0	5880	0	4010	0	8066	0	2594	144	16582	802	18904	2122	0	0	220	0	0	314	758	0	0	0	1226	0	0	0	1568	0	0	0	2048	0	0	0	0	0	0	0	0	0	0	0	0	0	0	0	0	0	0	0	0	0	0	0	0	0	0	
101876	Parietal_Sup_L	268	0	0	0	0	0	0	0	0	0	0	0	0	0	0	0	0	0	0	0	0	0	0	0	0	0	0	0	0	0	0	0	532	0	0	0	0	0	0	0	0	0	0	0	820	0	0	0	7150	0	11616	0	488	0	246	0	4758	0	0	0	8510	0	668	0	1670	0	12952	0	454	0	0	0	0	0	0	0	0	0	0	0	308	0	0	0	246	0	0	0	252	0	0	0	0	0	0	0	0	0	0	0	0	0	0	0	0	0	0	0	0	0	0	0	0	0	0	0	
121936	Parietal_Sup_R	0	214	0	0	0	0	0	0	0	0	0	0	0	0	0	0	0	0	0	1096	0	0	0	0	0	0	0	0	0	0	0	0	128	884	0	0	0	0	0	0	0	0	0	424	0	5690	0	0	0	10894	0	5092	0	118	0	0	0	5880	0	0	0	8234	0	1600	0	7388	860	9546	0	2368	0	0	0	0	0	0	0	0	0	0	0	0	0	0	0	278	0	0	0	274	0	0	0	0	0	0	0	0	0	0	0	0	0	0	0	0	0	0	0	0	0	0	0	0	0	0	
199132	Parietal_Inf_L	5308	0	338	0	0	0	166	0	0	0	116	0	0	0	0	0	364	0	216	0	0	0	0	0	0	0	0	0	172	0	0	0	0	0	0	0	0	0	0	0	0	0	0	0	240	0	0	0	1050	0	16068	0	3466	0	1414	0	18582	0	8510	0	0	0	15158	0	18090	0	2122	0	502	0	0	0	0	0	0	0	0	0	0	0	876	0	0	0	4886	0	0	0	1922	0	0	0	0	0	0	0	0	0	0	0	0	0	0	0	0	0	0	0	0	0	0	0	0	0	0	0	
157208	Parietal_Inf_R	0	622	0	0	0	0	0	0	0	0	0	0	0	0	0	0	0	0	0	1548	0	0	0	0	0	0	0	0	0	134	0	0	0	374	0	0	0	0	0	0	0	0	0	464	0	3368	0	0	0	5126	0	3020	0	698	0	0	0	4010	0	8234	0	0	0	15422	0	19414	146	3570	0	2784	132	0	0	0	0	0	0	0	0	0	0	1046	0	0	0	5764	0	0	0	2728	0	0	0	0	0	0	0	0	0	0	0	0	0	0	0	0	0	0	0	0	0	0	0	0	0	0	
113724	SupraMarginal_L	1400	0	0	0	0	0	0	0	0	0	0	0	0	0	0	0	958	0	0	0	0	0	0	0	0	0	0	0	138	0	0	0	0	0	0	0	0	0	0	0	0	0	0	0	0	0	0	0	0	0	3808	0	4430	0	1734	0	4630	0	668	0	15158	0	0	0	6362	0	1026	0	600	0	0	0	0	0	0	0	0	0	422	0	5680	0	0	0	7228	0	0	0	2620	0	0	0	0	0	0	0	0	0	0	0	0	0	0	0	0	0	0	0	0	0	0	0	0	0	0	0	
167780	SupraMarginal_R	0	1484	1778	128	442	0	1004	0	0	0	0	0	1300	0	0	0	0	3118	924	3752	0	0	0	0	0	0	0	0	1306	826	0	0	0	896	0	230	0	742	0	0	0	0	0	428	0	1816	0	0	0	1258	0	450	0	614	0	120	0	8066	0	1600	0	15422	0	0	0	11818	0	2000	0	4206	2808	0	0	0	0	0	212	264	0	286	0	5864	0	0	0	6012	0	0	0	2716	0	0	0	0	0	0	0	0	0	0	0	0	0	0	0	0	0	0	0	0	0	0	0	0	0	0	
149652	Angular_L	392	0	0	0	0	0	0	0	0	0	0	0	0	0	0	0	188	0	0	0	0	0	0	0	0	0	0	0	0	0	0	0	230	0	0	0	0	0	0	0	0	0	846	0	368	0	330	0	540	0	22878	0	5720	0	1594	0	484	0	1670	0	18090	0	6362	0	0	0	2596	0	646	0	0	0	0	0	0	0	0	0	0	0	906	0	0	0	8566	0	0	0	1500	0	0	0	0	0	0	0	306	0	314	0	0	0	0	0	0	0	0	0	0	0	300	0	0	0	0	0	
180824	Angular_R	0	174	0	0	0	0	0	0	0	0	0	0	0	0	0	0	0	0	0	628	0	0	0	0	0	0	0	0	0	168	0	0	306	552	0	0	0	0	0	0	0	0	0	494	0	3338	0	0	0	7966	0	14538	0	384	0	0	0	2594	0	7388	0	19414	0	11818	0	0	230	3262	0	2160	0	0	0	0	0	0	0	0	0	0	0	3282	0	0	0	9526	0	0	0	2190	0	0	0	0	0	0	0	0	0	0	0	0	0	0	0	0	0	0	0	0	0	0	0	0	0	0	
330976	Precuneus_L	2274	260	702	270	0	0	372	0	0	0	0	0	0	0	0	0	198	0	204	696	0	0	0	0	0	0	0	0	462	0	0	0	4862	1158	10598	960	5064	0	918	0	0	0	15342	926	12466	4220	7092	242	13032	1842	21488	1168	5914	0	5508	0	1950	144	12952	860	2122	146	1026	0	2596	230	0	7796	5352	1416	0	0	0	0	0	0	556	0	566	0	384	0	0	0	3358	0	0	0	3906	0	0	200	0	0	0	0	254	280	198	238	0	0	0	0	0	0	0	0	0	0	720	0	0	0	0	0	
465488	Precuneus_R	338	4422	306	226	0	0	0	0	0	0	0	0	0	0	0	0	0	314	0	5998	0	0	0	0	0	0	0	0	0	426	0	0	2670	11294	1086	8748	0	4684	0	1200	0	0	710	17664	1228	34666	0	7288	378	28730	124	13812	0	5740	0	2060	0	16582	0	9546	0	3570	0	2000	0	3262	7796	0	1400	21496	0	0	0	0	0	0	448	346	0	0	0	252	0	0	0	3766	0	0	0	7392	0	0	0	0	0	0	0	358	0	0	0	0	0	0	0	0	0	0	0	0	418	0	0	0	0	0	
106352	Paracentral_Lobule_L	5830	980	1362	174	0	0	0	0	0	0	0	0	0	0	0	0	0	0	4342	3872	0	0	0	0	0	0	0	0	0	0	0	0	5132	3654	2842	456	0	0	0	0	0	0	1368	194	1642	416	914	0	278	274	1760	150	306	0	0	0	2310	802	454	0	502	0	600	0	646	0	5352	1400	0	3876	0	0	0	0	0	0	428	0	0	0	210	0	0	0	206	268	0	0	0	176	0	0	0	0	0	0	0	0	0	0	0	0	0	0	0	0	0	0	0	0	0	0	0	0	0	0	
373648	Paracentral_Lobule_R	2136	9666	1310	218	0	0	442	0	0	0	0	0	326	0	0	0	0	234	2918	31980	0	0	0	0	0	0	0	0	338	270	0	0	3044	24536	1100	4046	0	1206	0	226	0	0	0	2656	232	11478	0	686	0	10720	0	3816	0	1972	0	540	0	18904	0	2368	0	2784	0	4206	0	2160	1416	21496	3876	0	934	0	0	0	0	0	1726	352	0	160	0	1748	0	0	0	4480	0	0	0	4118	0	0	0	0	0	0	0	0	0	0	0	0	0	0	0	0	0	0	0	0	0	0	0	0	0	0	
402972	Caudate_L	3080	1534	16466	2480	5814	2998	6616	0	516	0	7246	452	14520	268	8558	2170	534	2136	12722	4378	11500	11432	0	0	140	700	4652	4540	13942	1652	3620	3332	186	854	884	1368	136	1448	0	404	0	314	0	0	0	0	0	308	0	0	0	0	0	0	0	282	0	2122	0	0	0	132	0	2808	0	0	0	0	0	934	0	13262	12666	1864	862	0	9980	1340	0	0	188	392	508	0	0	0	0	0	0	0	0	0	0	0	0	0	0	128	0	118	0	0	0	0	0	0	0	0	0	0	0	0	0	0	0	0	
426016	Caudate_R	538	3998	7810	19568	614	5104	1372	864	0	0	4282	7750	5816	1672	2156	2132	0	2166	8416	11944	4758	8430	446	3156	0	2768	404	4566	2858	19906	3560	23750	154	1088	0	0	0	1600	0	844	0	1082	0	0	0	0	0	0	0	0	0	0	0	0	0	334	0	0	0	0	0	0	0	0	0	0	0	0	0	0	13262	0	3572	17270	0	1608	234	10284	0	0	0	352	0	520	0	0	0	0	0	0	0	0	0	0	0	0	0	0	0	0	0	0	0	0	0	0	0	0	0	0	0	0	0	0	0	0	
342260	Putamen_L	7244	0	22374	128	7160	1332	5122	0	2822	0	2322	0	5846	0	11610	1058	3460	0	19110	206	4594	5428	330	0	0	146	1034	1688	23684	386	1296	498	0	0	0	0	8684	0	3422	0	366	278	0	0	0	0	0	602	0	0	244	0	0	0	1620	0	1024	0	0	0	0	0	0	0	0	0	0	0	0	0	12666	3572	0	526	5292	0	1780	0	0	0	698	0	886	0	0	0	0	0	448	0	0	0	0	0	0	0	0	0	0	0	0	0	0	0	0	0	0	0	0	144	0	0	0	0	0	0	
294724	Putamen_R	0	456	2172	8836	0	4656	0	978	0	0	306	4036	376	410	156	736	0	7388	2352	5568	684	2256	264	3088	0	3816	0	1544	230	26460	958	11820	0	430	0	0	0	11400	0	5908	0	4932	0	0	0	0	0	0	0	0	0	0	0	0	0	4532	0	220	0	0	0	0	0	0	0	0	0	0	0	0	1864	17270	526	0	0	2880	128	3246	0	420	0	1942	0	602	0	502	0	0	0	788	0	0	0	0	0	0	0	226	0	0	0	0	0	0	0	0	0	0	0	0	0	0	0	0	0	0	
39260	Pallidum_L	1108	0	5054	0	0	0	594	0	0	0	0	0	0	0	0	0	116	0	4618	0	0	0	0	0	0	0	0	0	146	0	0	0	0	0	0	0	500	0	0	0	0	0	0	0	0	0	0	0	0	0	0	0	0	0	0	0	0	0	0	0	0	0	0	0	0	0	0	0	0	0	862	0	5292	0	0	0	1340	0	0	0	0	0	0	0	0	0	0	0	0	0	0	0	0	0	0	0	0	0	0	0	0	0	0	0	0	0	0	0	0	0	0	0	0	0	0	0	
31932	Pallidum_R	0	200	156	3484	0	0	0	694	0	0	0	0	0	0	0	0	0	946	166	1428	0	0	0	0	0	0	0	0	0	380	140	294	0	0	0	0	0	1562	0	1110	0	0	0	0	0	0	0	0	0	0	0	0	0	0	0	578	0	0	0	0	0	0	0	0	0	0	0	0	0	0	0	1608	0	2880	0	0	0	0	0	114	0	114	0	0	0	0	0	0	0	112	0	0	0	0	0	0	0	0	0	0	0	0	0	0	0	0	0	0	0	0	0	0	0	0	0	0	
256716	Thalamus_L	12346	2440	11264	530	0	0	3846	0	0	0	408	216	138	0	0	0	666	592	3062	2050	0	0	0	0	0	0	0	0	3806	288	0	0	0	866	8728	11994	8070	9708	732	2716	0	0	0	0	0	0	1972	2376	0	0	0	0	0	0	1066	1332	870	314	0	0	0	0	0	212	0	0	556	448	428	1726	9980	234	1780	128	1340	0	0	12998	1648	0	838	122	0	0	584	0	0	0	1082	140	0	346	0	0	0	0	0	640	0	576	0	0	0	0	0	0	0	0	0	156	0	0	0	0	0	0	
214204	Thalamus_R	606	11034	848	10186	0	0	238	1138	0	0	0	1202	114	0	0	0	0	1702	382	3096	0	0	0	0	0	0	0	0	150	2516	0	236	0	204	1534	8328	342	11360	132	5296	0	0	0	172	0	0	0	3060	0	0	0	0	0	138	0	2376	0	758	0	0	0	0	0	264	0	0	0	346	0	352	1340	10284	0	3246	0	0	12998	0	0	376	0	1440	0	0	0	4576	0	0	0	1778	0	606	0	0	0	0	0	1264	0	1084	0	0	0	0	0	0	0	0	0	0	0	0	0	0	0	0	
86084	Heschl_L	3818	0	0	0	0	0	0	0	0	0	524	0	0	0	0	0	4222	0	0	0	0	0	0	0	0	0	0	0	7790	0	0	0	0	0	1038	0	3524	0	358	0	0	0	0	0	0	0	436	0	0	0	562	0	1836	0	2862	0	1722	0	0	0	0	0	422	0	0	0	566	0	0	0	0	0	0	0	0	0	1648	0	0	0	3420	0	0	0	3000	0	0	0	5294	0	0	0	0	0	0	0	0	0	0	0	0	0	0	0	0	0	0	0	0	0	0	0	0	0	0	0	
53244	Heschl_R	0	0	0	0	0	0	0	0	0	0	0	302	0	0	0	0	0	4840	0	232	0	0	0	0	0	0	0	0	0	6306	0	0	0	0	0	0	0	826	0	0	0	0	0	0	0	0	0	0	0	0	0	0	0	0	0	0	0	0	0	0	0	0	0	286	0	0	0	0	0	160	0	0	0	420	0	114	0	376	0	0	0	9778	0	462	0	2054	0	0	0	466	0	0	0	0	0	0	0	0	0	0	0	0	0	0	0	0	0	0	0	0	0	0	0	0	0	0	
194028	Temporal_Sup_L	1094	0	3452	0	0	0	258	0	0	0	2786	0	184	0	0	0	13678	0	3326	0	0	0	0	0	0	0	0	0	12384	0	0	0	0	0	334	0	2990	0	918	0	0	0	0	0	0	0	222	0	0	0	2510	0	3582	0	2868	0	1284	0	308	0	876	0	5680	0	906	0	384	0	210	0	188	0	698	0	0	0	838	0	3420	0	0	0	3058	0	18048	0	0	0	10530	0	0	0	0	0	0	0	0	0	0	0	0	0	0	0	0	0	0	0	0	0	0	0	0	0	0	0	
179624	Temporal_Sup_R	0	228	482	822	0	0	0	380	0	0	0	1416	182	0	0	0	0	8538	454	2114	0	0	0	0	0	0	0	0	126	14160	0	290	0	1186	0	156	0	2188	0	300	0	0	0	0	0	190	0	0	0	142	0	264	0	0	0	680	0	1226	0	0	0	1046	0	5864	0	3282	0	252	0	1748	392	352	0	1942	0	114	122	1440	0	9778	0	0	0	6426	0	15936	0	2964	0	2630	0	0	0	0	0	0	0	0	0	0	0	0	0	0	0	0	0	0	0	0	0	0	0	0	0	0	
71216	Temporal_Pole_Sup_L	118	0	1470	0	594	0	0	0	0	0	2076	0	282	0	1184	0	1736	0	1438	0	804	0	0	0	0	0	0	0	3780	0	0	0	0	0	0	0	848	0	516	0	1108	0	0	0	0	0	0	0	0	0	0	0	0	0	3162	0	0	0	0	0	0	0	0	0	0	0	0	0	0	0	508	0	886	0	0	0	0	0	0	0	3058	0	0	0	3698	0	3382	0	4960	0	0	0	0	0	0	0	0	0	0	0	0	0	0	0	0	0	0	0	0	0	0	0	0	0	0	0	
77164	Temporal_Pole_Sup_R	0	0	202	748	0	392	0	320	0	0	0	1838	0	0	0	706	0	2384	272	326	0	994	0	114	0	0	0	200	0	4484	0	514	0	404	0	0	0	814	0	1078	0	2200	0	0	0	0	0	0	0	0	0	0	0	0	0	3246	0	0	0	0	0	0	0	0	0	0	0	0	0	0	0	520	0	602	0	0	0	0	0	462	0	6426	0	0	0	2016	0	5384	0	1936	0	0	0	0	0	0	0	0	0	0	0	0	0	0	0	0	0	0	0	0	0	0	0	0	0	0	
313840	Temporal_Mid_L	576	0	0	0	0	0	0	0	0	0	224	0	0	0	0	0	5874	0	0	0	0	0	0	0	0	0	0	0	5512	0	0	0	178	0	298	0	1744	0	0	0	522	0	2518	0	414	0	2134	278	160	0	20368	0	15566	0	9182	0	210	0	246	0	4886	0	7228	0	8566	0	3358	0	206	0	0	0	0	0	0	0	584	0	3000	0	18048	0	3698	0	0	0	2568	0	35384	0	0	0	0	0	0	0	1204	230	1296	0	0	0	0	0	0	0	0	0	0	0	660	0	0	0	0	0	
272668	Temporal_Mid_R	0	722	0	0	0	0	0	0	0	0	0	0	0	0	0	0	0	946	0	3482	0	0	0	0	0	0	0	0	0	5302	0	0	0	2436	0	940	0	4414	0	422	0	838	0	4236	0	1616	0	2324	0	1924	0	13860	0	2182	0	4274	0	1568	0	278	0	5764	0	6012	0	9526	0	3766	268	4480	0	0	0	502	0	0	0	4576	0	2054	0	15936	0	2016	0	0	0	2446	0	27224	0	0	0	0	0	0	0	0	0	0	0	0	0	0	0	0	0	0	0	0	0	0	0	0	0	0	
22816	Temporal_Pole_Mid_L	0	0	0	0	0	0	0	0	0	0	0	0	0	0	0	0	0	0	0	0	0	0	0	0	0	0	0	0	0	0	0	0	0	0	0	0	0	0	0	0	0	0	0	0	0	0	0	0	0	0	0	0	0	0	1086	0	0	0	0	0	0	0	0	0	0	0	0	0	0	0	0	0	0	0	0	0	0	0	0	0	0	0	3382	0	2568	0	0	0	4372	0	0	0	0	0	0	0	0	0	0	0	0	0	0	0	0	0	0	0	0	0	0	0	0	0	0	0	
31708	Temporal_Pole_Mid_R	0	0	0	0	0	0	0	0	0	0	0	0	0	0	0	0	0	0	0	0	0	0	0	0	0	0	0	0	0	316	0	0	0	0	0	0	0	174	0	420	0	210	0	0	0	0	0	0	0	0	0	0	0	0	0	1238	0	0	0	0	0	0	0	0	0	0	0	0	0	0	0	0	0	0	0	0	0	0	0	0	0	2964	0	5384	0	2446	0	0	0	2702	0	0	0	0	0	0	0	0	0	0	0	0	0	0	0	0	0	0	0	0	0	0	0	0	0	0	
318232	Temporal_Inf_L	1598	0	364	0	0	0	0	0	0	0	236	0	0	0	0	0	6000	0	348	0	0	0	0	0	0	0	0	0	9152	0	0	0	116	0	218	0	7248	0	1580	0	1982	0	1462	0	262	0	678	0	0	0	6792	0	13616	0	28916	0	404	0	252	0	1922	0	2620	0	1500	0	3906	0	0	0	0	0	448	0	0	0	1082	0	5294	0	10530	0	4960	0	35384	0	4372	0	0	0	3094	0	160	0	0	0	670	0	1582	0	182	0	186	0	0	0	0	0	0	0	0	0	0	0	0	0	
274988	Temporal_Inf_R	0	1806	0	0	0	0	0	0	0	0	0	0	0	0	0	0	0	1122	0	2810	0	0	0	0	0	0	0	0	0	4652	0	0	0	1996	0	2598	0	13298	0	2484	0	1544	0	4172	0	3464	0	1948	0	1576	0	3524	0	9258	0	19382	0	2048	0	274	0	2728	0	2716	0	2190	0	7392	176	4118	0	0	0	788	0	112	140	1778	0	466	0	2630	0	1936	0	27224	0	2702	0	0	0	1456	0	0	0	0	0	388	0	598	0	0	0	0	0	0	0	0	0	0	0	0	0	0	0	0	
555872	Cerebelum_Crus1_L	0	0	0	0	0	0	0	0	0	0	0	0	0	0	0	0	0	0	0	0	0	0	0	0	0	0	0	0	0	0	0	0	0	0	0	0	130	0	434	0	0	0	578	0	0	0	12432	462	0	0	368	0	716	0	27922	574	0	0	0	0	0	0	0	0	0	0	0	0	0	0	0	0	0	0	0	0	0	0	0	0	0	0	0	0	0	0	0	0	3094	0	0	3480	34216	4158	2890	202	26260	802	63186	1812	19842	702	26622	1582	15250	1090	5958	0	0	1108	4000	3546	8410	2064	3134	912	
487576	Cerebelum_Crus1_R	0	0	0	0	0	0	0	0	0	0	0	0	0	0	0	0	0	0	0	0	0	0	0	0	0	0	0	0	0	0	0	0	0	0	0	402	0	1158	0	1696	0	0	1596	0	0	0	2264	5570	0	0	0	0	0	590	666	15550	0	0	0	0	0	0	0	0	0	0	200	0	0	0	0	0	0	0	0	0	346	606	0	0	0	0	0	0	0	0	0	0	0	1456	3480	0	680	28418	822	3312	1958	18744	3116	60226	302	9860	1202	22512	1408	6760	222	2790	714	2348	9168	8758	12904	5738	5166	1080	
341912	Cerebelum_Crus2_L	0	0	0	0	0	0	0	0	0	0	0	0	0	0	0	0	0	0	0	0	0	0	0	0	0	0	0	0	0	0	0	0	0	0	0	0	0	0	0	0	0	0	0	0	0	0	1414	0	0	0	0	0	0	0	2248	0	0	0	0	0	0	0	0	0	0	0	0	0	0	0	0	0	0	0	0	0	0	0	0	0	0	0	0	0	0	0	0	0	160	0	34216	680	0	9330	268	0	1978	0	8496	152	35570	6262	36300	5060	12462	528	536	0	0	0	0	666	7760	5076	1356	438	
300196	Cerebelum_Crus2_R	0	0	0	0	0	0	0	0	0	0	0	0	0	0	0	0	0	0	0	0	0	0	0	0	0	0	0	0	0	0	0	0	0	0	0	0	0	0	0	0	0	0	0	0	0	0	280	440	0	0	0	0	0	138	288	594	0	0	0	0	0	0	0	0	0	0	0	0	0	0	0	0	0	0	0	0	0	0	0	0	0	0	0	0	0	0	0	0	0	0	4158	28418	9330	0	0	202	0	414	1250	10468	6292	22794	6920	30314	1214	6996	342	754	0	0	0	718	10864	5678	1232	0	
99112	Cerebelum_3_L	0	0	0	0	0	0	0	0	0	0	0	0	0	0	0	0	0	0	0	0	0	0	0	0	0	0	0	0	0	0	0	0	0	0	0	0	368	0	424	0	0	0	182	0	0	0	730	354	0	0	0	0	112	0	568	1326	0	0	0	0	0	0	0	0	0	0	0	0	0	0	0	0	0	0	0	0	0	0	0	0	0	0	0	0	0	0	0	0	0	0	2890	822	268	0	0	1726	10796	2792	5430	2816	406	0	722	0	2858	210	0	0	1294	8490	3024	242	116	0	312	278	
82644	Cerebelum_3_R	0	0	0	0	0	0	0	0	0	0	0	0	0	0	0	0	0	0	0	0	0	0	0	0	0	0	0	0	0	0	0	0	0	0	0	0	172	0	0	176	0	0	154	0	0	0	246	236	0	0	0	0	0	0	0	2628	0	0	0	0	0	0	0	0	0	0	0	0	0	0	0	0	0	0	0	0	0	0	0	0	0	0	0	0	0	0	0	0	0	0	202	3312	0	202	1726	0	2864	8692	488	9378	0	0	0	300	294	326	0	0	1246	6282	1808	240	0	0	212	138	
468392	Cerebelum_4_5_L	0	0	0	0	0	0	0	0	0	0	0	0	0	0	0	0	0	0	0	0	0	0	0	0	0	0	0	0	0	0	0	0	0	0	0	0	912	0	1334	0	0	0	4424	152	0	0	26062	6858	0	0	2428	0	3926	198	24304	3786	0	0	0	0	0	0	0	0	306	0	254	0	0	0	0	0	0	0	0	0	0	0	0	0	0	0	0	0	1204	0	0	0	670	0	26260	1958	1978	0	10796	2864	0	7834	47196	6088	2384	0	2440	214	6044	976	572	0	762	7592	21916	5084	936	118	1334	2032	
361364	Cerebelum_4_5_R	0	0	0	0	0	0	0	0	0	0	0	0	0	0	0	0	0	0	0	0	0	0	0	0	0	0	0	0	0	116	0	0	0	0	146	862	0	3400	0	5060	0	152	4700	276	0	0	4604	14714	0	0	486	0	580	1188	1044	22374	0	0	0	0	0	0	0	0	0	0	280	358	0	0	128	0	0	226	0	0	640	1264	0	0	0	0	0	0	230	0	0	0	0	388	802	18744	0	414	2792	8692	7834	0	3378	37690	0	0	0	728	1294	466	0	0	968	6224	24122	2040	272	132	258	616	
623200	Cerebelum_6_L	0	0	0	0	0	0	0	0	0	0	0	0	0	0	0	0	0	0	0	0	0	0	0	0	0	0	0	0	0	0	0	0	0	0	0	0	144	0	624	0	0	0	3374	0	0	0	25220	5060	0	0	3172	0	4138	0	38806	1892	0	0	0	0	0	0	0	0	314	0	198	0	0	0	0	0	0	0	0	0	0	0	0	0	0	0	0	0	1296	0	0	0	1582	0	63186	3116	8496	1250	5430	488	47196	3378	0	4034	12736	162	14628	1170	15342	1604	6632	0	396	2384	11752	8856	6298	1910	3982	1354	
573036	Cerebelum_6_R	0	0	0	0	0	0	0	0	0	0	0	0	0	0	0	0	0	0	0	0	0	0	0	0	0	0	0	0	0	0	0	0	0	0	112	710	0	1704	0	2350	0	0	3154	324	0	0	3884	13980	0	172	0	162	0	2510	690	27552	0	0	0	0	0	0	0	0	0	0	238	0	0	0	118	0	0	0	0	0	576	1084	0	0	0	0	0	0	0	0	0	0	0	598	1812	60226	152	10468	2816	9378	6088	37690	4034	0	0	6656	444	13112	1722	4832	118	3168	1700	7010	21938	12068	9972	5242	4656	1298	
337928	Cerebelum_7b_L	0	0	0	0	0	0	0	0	0	0	0	0	0	0	0	0	0	0	0	0	0	0	0	0	0	0	0	0	0	0	0	0	0	0	0	0	0	0	0	0	0	0	0	0	0	0	0	0	0	0	0	0	0	0	1204	0	0	0	0	0	0	0	0	0	0	0	0	0	0	0	0	0	0	0	0	0	0	0	0	0	0	0	0	0	0	0	0	0	182	0	19842	302	35570	6292	406	0	2384	0	12736	0	0	6458	41894	6016	16294	682	5256	0	0	120	0	452	4914	6312	1298	350	
209664	Cerebelum_7b_R	0	0	0	0	0	0	0	0	0	0	0	0	0	0	0	0	0	0	0	0	0	0	0	0	0	0	0	0	0	0	0	0	0	0	0	0	0	0	0	0	0	0	0	0	0	0	0	0	0	0	0	0	0	0	0	182	0	0	0	0	0	0	0	0	0	0	0	0	0	0	0	0	0	0	0	0	0	0	0	0	0	0	0	0	0	0	0	0	0	0	702	9860	6262	22794	0	0	0	0	162	6656	6458	0	8024	24622	1106	4884	0	248	0	0	0	0	4540	7980	352	0	
433432	Cerebelum_8_L	0	0	0	0	0	0	0	0	0	0	0	0	0	0	0	0	0	0	0	0	0	0	0	0	0	0	0	0	0	0	0	0	0	0	0	0	0	0	0	0	0	0	0	0	0	0	0	0	0	0	0	0	0	0	1812	0	0	0	0	0	0	0	0	0	0	0	0	0	0	0	0	0	0	0	0	0	0	0	0	0	0	0	0	0	0	0	0	0	186	0	26622	1202	36300	6920	722	0	2440	0	14628	444	41894	8024	0	10978	30748	2614	4542	0	0	230	0	1166	5824	13494	5376	550	
352324	Cerebelum_8_R	0	0	0	0	0	0	0	0	0	0	0	0	0	0	0	0	0	0	0	0	0	0	0	0	0	0	0	0	0	0	0	0	0	0	0	0	0	0	0	0	0	0	0	0	0	0	0	0	0	0	0	0	0	0	0	804	0	0	0	0	0	0	0	0	0	0	0	0	0	0	0	0	0	0	0	0	0	0	0	0	0	0	0	0	0	0	0	0	0	0	1582	22512	5060	30314	0	300	214	728	1170	13112	6016	24622	10978	0	4212	24952	600	816	0	164	0	1110	8404	12442	5770	280	
304188	Cerebelum_9_L	0	0	0	0	0	0	0	0	0	0	0	0	0	0	0	0	0	0	0	0	0	0	0	0	0	0	0	0	0	0	0	0	0	0	0	0	0	0	0	0	0	0	0	0	0	0	218	840	0	0	0	0	0	0	930	732	0	0	0	0	0	0	0	0	0	0	0	0	0	0	0	0	0	0	0	0	0	0	0	0	0	0	0	0	0	0	0	0	0	0	15250	1408	12462	1214	2858	294	6044	1294	15342	1722	16294	1106	30748	4212	0	4246	6022	0	266	1372	2348	3408	3430	6766	8424	2844	
201648	Cerebelum_9_R	0	0	0	0	0	0	0	0	0	0	0	0	0	0	0	0	0	0	0	0	0	0	0	0	0	0	0	0	0	0	0	0	0	0	0	0	0	0	0	0	0	0	404	0	0	0	356	0	0	0	0	0	0	0	0	0	0	0	0	0	0	0	0	0	0	0	0	0	0	0	0	0	0	0	0	0	0	0	0	0	0	0	0	0	0	0	0	0	0	0	1090	6760	528	6996	210	326	976	466	1604	4832	682	4884	2614	24952	4246	0	524	2796	446	486	1418	6282	5656	7076	11356	2858	
70936	Cerebelum_10_L	0	0	0	0	0	0	0	0	0	0	0	0	0	0	0	0	0	0	0	0	0	0	0	0	0	0	0	0	0	0	0	0	0	0	0	0	0	0	0	0	0	0	0	0	0	0	0	0	0	0	0	0	0	0	188	0	0	0	0	0	0	0	0	0	0	0	0	0	0	0	0	0	0	0	0	0	0	0	0	0	0	0	0	0	0	0	0	0	0	0	5958	222	536	342	0	0	572	0	6632	118	5256	0	4542	600	6022	524	0	0	0	0	0	518	1210	798	1240	190	
31944	Cerebelum_10_R	0	0	0	0	0	0	0	0	0	0	0	0	0	0	0	0	0	0	0	0	0	0	0	0	0	0	0	0	0	0	0	0	0	0	0	0	0	0	0	0	0	0	0	0	0	0	0	0	0	0	0	0	0	0	0	132	0	0	0	0	0	0	0	0	0	0	0	0	0	0	0	0	0	0	0	0	0	0	0	0	0	0	0	0	0	0	0	0	0	0	0	2790	0	754	0	0	0	0	0	3168	0	248	0	816	0	2796	0	0	0	0	0	1280	1274	1396	1318	0	
33020	Vermis_1_2	0	0	0	0	0	0	0	0	0	0	0	0	0	0	0	0	0	0	0	0	0	0	0	0	0	0	0	0	0	0	0	0	0	0	0	0	114	0	0	0	0	0	0	0	0	0	120	0	0	0	0	0	0	0	0	388	0	0	0	0	0	0	0	0	0	0	0	0	0	0	0	0	0	0	0	0	0	0	0	0	0	0	0	0	0	0	0	0	0	0	0	714	0	0	1294	1246	762	968	396	1700	0	0	0	0	266	446	0	0	0	6186	862	388	0	0	316	344	
118820	Vermis_3	0	0	0	0	0	0	0	0	0	0	0	0	0	0	0	0	0	0	0	0	0	0	0	0	0	0	0	0	138	0	0	0	0	0	0	0	636	118	384	0	0	0	124	0	0	0	356	224	0	0	0	0	0	0	120	2290	0	0	0	0	0	0	0	0	0	0	0	0	0	0	0	0	144	0	0	0	156	0	0	0	0	0	0	0	0	0	0	0	0	0	1108	2348	0	0	8490	6282	7592	6224	2384	7010	120	0	230	164	1372	486	0	0	6186	0	3408	476	0	0	406	434	
