data	data	414440	199768	1.20118e+06	1.11641e+06	151808	117500	756996	306320	95088	15648	335528	233428	323640	214532	185744	114352	245728	88808	940448	1.018e+06	70684	65916	549060	580324	50536	103816	65424	75432	705896	288132	569388	634612	227112	643852	133508	88836	323952	234172	55844	109544	38280	54688	118364	268176	72532	430240	103588	138920	175552	448756	351020	287584	83964	62912	265556	337380	359064	209804	203412	122672	283460	80772	163704	63656	122856	211760	271080	455660	278772	176916	407152	513808	539128	358248	105120	24660	138276	180544	79124	10720	170396	57660	63252	54668	331444	207076	14736	32764	271328	177848	400840	361364	245220	230760	26724	23624	217420	154732	387984	386796	206592	90940	207904	242172	59812	113220	15884	10272	20904	34436	210620	229544	184336	108368	85736	17664	
data	data	Precentral_L	Precentral_R	Frontal_Sup_L	Frontal_Sup_R	Frontal_Sup_Orb_L	Frontal_Sup_Orb_R	Frontal_Mid_L	Frontal_Mid_R	Frontal_Mid_Orb_L	Frontal_Mid_Orb_R	Frontal_Inf_Oper_L	Frontal_Inf_Oper_R	Frontal_Inf_Tri_L	Frontal_Inf_Tri_R	Frontal_Inf_Orb_L	Frontal_Inf_Orb_R	Rolandic_Oper_L	Rolandic_Oper_R	Supp_Motor_Area_L	Supp_Motor_Area_R	Olfactory_L	Olfactory_R	Frontal_Sup_Medial_L	Frontal_Sup_Medial_R	Frontal_Med_Orb_L	Frontal_Med_Orb_R	Rectus_L	Rectus_R	Insula_L	Insula_R	Cingulum_Ant_L	Cingulum_Ant_R	Cingulum_Mid_L	Cingulum_Mid_R	Cingulum_Post_L	Cingulum_Post_R	Hippocampus_L	Hippocampus_R	ParaHippocampal_L	ParaHippocampal_R	Amygdala_L	Amygdala_R	Calcarine_L	Calcarine_R	Cuneus_L	Cuneus_R	Lingual_L	Lingual_R	Occipital_Sup_L	Occipital_Sup_R	Occipital_Mid_L	Occipital_Mid_R	Occipital_Inf_L	Occipital_Inf_R	Fusiform_L	Fusiform_R	Postcentral_L	Postcentral_R	Parietal_Sup_L	Parietal_Sup_R	Parietal_Inf_L	Parietal_Inf_R	SupraMarginal_L	SupraMarginal_R	Angular_L	Angular_R	Precuneus_L	Precuneus_R	Paracentral_Lobule_L	Paracentral_Lobule_R	Caudate_L	Caudate_R	Putamen_L	Putamen_R	Pallidum_L	Pallidum_R	Thalamus_L	Thalamus_R	Heschl_L	Heschl_R	Temporal_Sup_L	Temporal_Sup_R	Temporal_Pole_Sup_L	Temporal_Pole_Sup_R	Temporal_Mid_L	Temporal_Mid_R	Temporal_Pole_Mid_L	Temporal_Pole_Mid_R	Temporal_Inf_L	Temporal_Inf_R	Cerebelum_Crus1_L	Cerebelum_Crus1_R	Cerebelum_Crus2_L	Cerebelum_Crus2_R	Cerebelum_3_L	Cerebelum_3_R	Cerebelum_4_5_L	Cerebelum_4_5_R	Cerebelum_6_L	Cerebelum_6_R	Cerebelum_7b_L	Cerebelum_7b_R	Cerebelum_8_L	Cerebelum_8_R	Cerebelum_9_L	Cerebelum_9_R	Cerebelum_10_L	Cerebelum_10_R	Vermis_1_2	Vermis_3	Vermis_4_5	Vermis_6	Vermis_7	Vermis_8	Vermis_9	Vermis_10	
414440	Precentral_L	0	162	10430	2352	0	0	24734	0	0	0	12140	0	3942	0	0	168	7902	0	5738	4542	0	0	1058	490	0	0	0	0	12138	0	1512	222	726	2584	3278	0	9372	0	528	0	0	0	330	0	0	0	0	0	1248	0	2374	0	574	0	1156	0	30438	0	1718	0	3544	0	974	0	390	0	1448	0	22188	648	702	582	5900	0	1524	0	7122	1830	2614	0	3220	0	0	0	6526	0	0	0	6152	0	0	0	0	0	0	0	0	0	0	0	0	0	0	0	0	0	0	0	0	0	0	0	0	0	0	0	
199768	Precentral_R	162	0	0	11362	0	0	0	13540	0	0	0	3638	0	540	0	0	0	528	272	5560	0	0	0	0	0	0	0	0	0	5276	0	282	0	798	200	0	192	11850	0	2244	0	0	0	0	0	350	0	0	0	1316	0	922	0	0	0	3154	0	9726	0	860	0	0	0	504	0	602	0	1906	366	4964	150	2436	0	3658	0	0	106	5792	0	296	0	1440	0	0	0	2314	0	0	0	2578	0	0	0	0	0	0	0	0	0	0	0	0	0	0	0	0	0	0	0	0	0	0	0	0	0	0	
1.20118e+06	Frontal_Sup_L	10430	0	0	18462	10492	0	100310	694	3830	0	20988	376	24876	360	12386	2748	11252	0	68810	26196	118	0	50866	13772	1790	0	912	0	45060	406	33304	10076	9590	13166	0	0	13388	0	260	0	0	0	0	0	0	0	0	0	104	0	386	0	0	0	114	0	10154	0	248	0	234	0	1018	0	0	0	206	0	766	0	20512	1654	43614	0	10064	0	4528	0	932	0	1140	0	0	0	0	0	0	0	0	0	0	0	0	0	0	0	0	0	0	0	0	0	0	0	0	0	0	0	0	0	0	0	0	0	0	0	
1.11641e+06	Frontal_Sup_R	2352	11362	18462	0	0	7014	4070	31778	0	128	970	18184	312	18436	0	4208	3136	3214	42572	85234	0	116	13458	50022	0	3096	0	1724	3132	15896	12814	45768	3126	28298	442	288	1464	4270	110	448	0	0	0	0	0	0	0	0	0	0	0	0	0	0	0	744	2608	388	0	0	0	0	356	0	0	0	0	0	4120	0	12078	42832	3274	23226	854	2478	1734	26506	294	120	244	256	0	0	0	0	0	0	0	190	0	0	0	0	0	0	0	0	0	0	0	0	0	0	0	0	0	0	0	0	0	0	0	0	0	0	
151808	Frontal_Sup_Orb_L	0	0	10492	0	0	0	2972	0	14550	0	370	0	1572	0	12516	0	0	0	0	0	1106	0	3158	0	4958	0	8112	0	4234	0	4170	196	0	0	0	0	0	0	0	0	0	0	0	0	0	0	0	0	0	0	0	0	0	0	0	0	0	0	0	0	0	0	0	0	0	0	0	0	0	0	1236	0	6262	0	0	0	0	0	0	0	0	0	0	0	0	0	0	0	0	0	0	0	0	0	0	0	0	0	0	0	0	0	0	0	0	0	0	0	0	0	0	0	0	0	0	0	
117500	Frontal_Sup_Orb_R	0	0	0	7014	0	0	0	364	0	4312	0	210	0	0	0	2332	0	164	308	3698	348	932	158	5714	0	7414	0	8860	0	460	326	3118	0	0	0	0	0	0	0	0	0	0	0	0	0	0	0	0	0	0	0	0	0	0	0	0	0	0	0	0	0	0	0	0	0	0	0	0	0	0	376	6940	322	5200	180	0	0	0	0	0	0	0	0	0	0	0	0	0	0	0	0	0	0	0	0	0	0	0	0	0	0	0	0	0	0	0	0	0	0	0	0	0	0	0	0	0	
756996	Frontal_Mid_L	24734	0	100310	4070	2972	0	0	486	3750	0	30538	158	47574	156	8506	1956	8684	0	14832	6246	0	0	20034	6706	0	0	0	0	39596	266	7992	3178	3658	5454	0	0	6812	0	144	0	0	0	0	0	0	0	0	0	0	0	0	0	0	0	0	0	3526	0	0	0	0	0	106	0	0	0	0	0	140	0	2510	700	12570	0	2144	0	5814	0	558	0	1472	0	146	0	0	0	0	0	0	0	0	0	0	0	0	0	0	0	0	0	0	0	0	0	0	0	0	0	0	0	0	0	0	0	0	0	
306320	Frontal_Mid_R	0	13540	694	31778	0	364	486	0	0	602	274	16562	0	27100	0	5062	0	984	1960	3410	0	0	1964	7802	0	0	0	0	0	8694	1518	4956	946	6252	0	0	0	3128	0	1132	0	0	0	0	0	0	0	0	0	0	0	0	0	0	0	922	0	262	0	0	0	0	0	0	0	0	0	0	0	0	176	1734	108	6870	0	0	0	3516	0	0	0	0	0	0	0	192	0	0	0	172	0	0	0	0	0	0	0	0	0	0	0	0	0	0	0	0	0	0	0	0	0	0	0	0	0	0	
95088	Frontal_Mid_Orb_L	0	0	3830	0	14550	0	3750	0	0	0	0	0	3074	0	13334	0	0	0	0	0	0	0	0	0	1222	0	3110	0	1286	0	620	0	0	0	0	0	0	0	0	0	0	0	0	0	0	0	0	0	0	0	0	0	0	0	0	0	0	0	0	0	0	0	0	0	0	0	0	0	0	0	198	0	2570	0	0	0	0	0	0	0	0	0	0	0	0	0	0	0	0	0	0	0	0	0	0	0	0	0	0	0	0	0	0	0	0	0	0	0	0	0	0	0	0	0	0	0	
15648	Frontal_Mid_Orb_R	0	0	0	128	0	4312	0	602	0	0	0	0	0	0	0	2078	0	0	0	0	0	0	0	0	0	110	0	486	0	0	0	0	0	0	0	0	0	0	0	0	0	0	0	0	0	0	0	0	0	0	0	0	0	0	0	0	0	0	0	0	0	0	0	0	0	0	0	0	0	0	0	0	0	108	0	0	0	0	0	0	0	0	0	0	0	0	0	0	0	0	0	0	0	0	0	0	0	0	0	0	0	0	0	0	0	0	0	0	0	0	0	0	0	0	0	0	
335528	Frontal_Inf_Oper_L	12140	0	20988	970	370	0	30538	274	0	0	0	0	25088	0	2702	648	8916	0	6420	2044	0	0	6018	2348	0	0	0	0	29118	124	4220	366	504	2064	0	0	228	0	0	0	0	0	0	0	0	0	0	0	0	0	0	0	0	0	0	0	2380	0	0	0	0	0	0	0	0	0	0	0	0	0	1622	128	4138	0	0	0	0	0	218	0	1838	0	1352	0	0	0	0	0	0	0	0	0	0	0	0	0	0	0	0	0	0	0	0	0	0	0	0	0	0	0	0	0	0	0	0	0	
233428	Frontal_Inf_Oper_R	0	3638	376	18184	0	210	158	16562	0	0	0	0	0	26220	0	512	0	5934	1720	4582	0	0	402	3186	0	0	0	0	122	13388	724	5314	162	1048	0	0	0	306	0	106	0	0	0	0	0	0	0	0	0	0	0	0	0	0	0	176	0	656	0	0	0	0	0	0	0	0	0	0	0	0	1214	6748	212	3098	0	0	212	800	0	322	0	228	0	194	0	0	0	0	0	0	0	0	0	0	0	0	0	0	0	0	0	0	0	0	0	0	0	0	0	0	0	0	0	0	0	0	
323640	Frontal_Inf_Tri_L	3942	0	24876	312	1572	0	47574	0	3074	0	25088	0	0	0	10120	196	1224	0	2982	486	0	0	3536	708	0	0	0	0	28618	0	1352	238	440	556	0	0	120	0	0	0	0	0	0	0	0	0	0	0	0	0	0	0	0	0	0	0	132	0	0	0	0	0	0	0	0	0	0	0	0	0	518	0	2776	0	0	0	0	0	0	0	348	0	1032	0	0	0	0	0	0	0	0	0	0	0	0	0	0	0	0	0	0	0	0	0	0	0	0	0	0	0	0	0	0	0	0	0	
214532	Frontal_Inf_Tri_R	0	540	360	18436	0	0	156	27100	0	0	0	26220	0	0	0	2992	0	1184	1596	3904	0	0	336	4090	0	0	0	0	0	10006	348	1920	106	1436	0	0	0	296	0	0	0	0	0	0	0	0	0	0	0	0	0	0	0	0	0	146	0	0	0	0	0	0	0	0	0	0	0	0	0	0	608	3042	120	1594	0	0	184	546	0	0	0	0	0	0	0	0	0	0	0	0	0	0	0	0	0	0	0	0	0	0	0	0	0	0	0	0	0	0	0	0	0	0	0	0	0	0	
185744	Frontal_Inf_Orb_L	0	0	12386	0	12516	0	8506	0	13334	0	2702	0	10120	0	0	0	1198	0	948	0	1080	0	0	0	0	0	1098	0	14962	0	338	0	0	0	0	0	382	0	0	0	116	0	0	0	0	0	0	0	0	0	0	0	0	0	0	0	0	0	0	0	0	0	0	0	0	0	0	0	0	0	920	0	10706	0	0	0	0	0	0	0	468	0	870	0	222	0	0	0	0	0	0	0	0	0	0	0	0	0	0	0	0	0	0	0	0	0	0	0	0	0	0	0	0	0	0	0	
114352	Frontal_Inf_Orb_R	168	0	2748	4208	0	2332	1956	5062	0	2078	648	512	196	2992	0	0	0	0	4716	5670	0	862	1526	4774	0	0	0	550	0	4494	380	480	364	5306	0	0	0	0	0	0	0	0	0	0	0	0	0	0	0	0	0	0	0	0	0	0	0	0	0	0	0	0	0	0	0	0	0	0	0	0	0	768	0	1138	0	0	0	0	0	0	0	1428	0	1620	0	200	0	0	0	0	0	0	0	0	0	0	0	0	0	0	0	0	0	0	0	0	0	0	0	0	0	0	0	0	0	0	
245728	Rolandic_Oper_L	7902	0	11252	3136	0	0	8684	0	0	0	8916	0	1224	0	1198	0	0	0	3858	3170	0	0	348	0	0	0	0	0	24572	0	1072	0	0	486	324	0	1870	0	142	0	0	0	0	0	0	0	0	0	236	0	908	0	106	0	268	0	11658	0	286	0	1962	0	3732	0	0	0	246	0	384	0	2666	0	2932	0	0	0	0	0	5724	0	7608	0	1404	0	2560	0	0	0	2030	0	0	0	0	0	0	0	0	0	0	0	0	0	0	0	0	0	0	0	0	0	0	0	0	0	0	0	
88808	Rolandic_Oper_R	0	528	0	3214	0	164	0	984	0	0	0	5934	0	1184	0	0	0	0	104	1828	0	0	0	844	0	0	0	0	0	10722	0	990	0	208	0	0	0	1068	0	758	0	0	0	0	0	310	0	0	0	686	0	256	0	0	0	994	0	3140	0	0	0	0	0	1760	0	116	0	748	0	238	0	1414	0	3848	0	0	0	0	0	1306	0	850	0	208	0	0	0	0	0	0	0	0	0	0	0	0	0	0	0	0	0	0	0	0	0	0	0	0	0	0	0	0	0	0	0	0	
940448	Supp_Motor_Area_L	5738	272	68810	42572	0	308	14832	1960	0	0	6420	1720	2982	1596	948	4716	3858	104	0	76200	0	0	12824	12040	0	0	0	0	16802	1206	13466	15322	19220	34380	3140	162	7256	0	150	0	0	0	184	0	542	0	0	0	0	0	186	0	0	0	136	0	3142	0	0	0	0	0	366	0	0	0	624	0	24872	378	19686	6982	22166	400	7324	0	12568	666	356	0	642	0	0	0	0	0	0	0	0	0	0	0	0	0	0	0	0	0	0	0	0	0	0	0	0	0	0	0	0	0	0	0	0	0	0	0	
1.018e+06	Supp_Motor_Area_R	4542	5560	26196	85234	0	3698	6246	3410	0	0	2044	4582	486	3904	0	5670	3170	1828	76200	0	0	0	6280	21706	0	576	0	1208	3486	7102	4522	21320	8288	56694	1998	4120	1480	4116	0	526	0	0	0	156	0	474	0	0	0	626	0	272	0	0	0	1856	2956	1320	0	266	102	218	360	518	0	214	136	1532	8290	21956	11506	29754	4764	24228	3154	3718	1668	7532	294	212	252	1686	0	0	0	1278	0	0	0	1508	0	0	0	0	0	0	0	0	0	0	0	0	0	0	0	0	0	0	0	0	0	0	0	0	0	0	
70684	Olfactory_L	0	0	118	0	1106	348	0	0	0	0	0	0	0	0	1080	0	0	0	0	0	0	5190	0	0	730	178	2164	666	1794	0	4438	2102	0	0	0	0	178	0	0	0	222	0	0	0	0	0	0	0	0	0	0	0	0	0	0	0	0	0	0	0	0	0	0	0	0	0	0	0	0	0	7318	2436	4816	142	316	0	0	0	0	0	0	0	0	0	0	0	0	0	0	0	0	0	0	0	0	0	0	0	0	0	0	0	0	0	0	0	0	0	0	0	0	0	0	0	0	0	
65916	Olfactory_R	0	0	0	116	0	932	0	0	0	0	0	0	0	0	0	862	0	0	0	0	5190	0	0	136	0	236	278	1746	0	1142	2656	2318	0	0	0	0	0	0	0	0	0	118	0	0	0	0	0	0	0	0	0	0	0	0	0	0	0	0	0	0	0	0	0	0	0	0	0	0	0	0	7312	4848	3826	624	618	0	0	0	0	0	0	0	0	0	0	0	0	0	0	0	0	0	0	0	0	0	0	0	0	0	0	0	0	0	0	0	0	0	0	0	0	0	0	0	0	0	
549060	Frontal_Sup_Medial_L	1058	0	50866	13458	3158	158	20034	1964	0	0	6018	402	3536	336	0	1526	348	0	12824	6280	0	0	0	32884	3210	1216	796	0	5848	344	44270	25278	9396	14662	0	0	534	0	0	0	0	0	0	0	0	0	0	0	0	0	0	0	0	0	0	0	0	0	0	0	0	0	0	0	0	0	0	0	0	0	7074	1968	4834	250	0	0	0	0	0	0	0	0	0	0	0	0	0	0	0	0	0	0	0	0	0	0	0	0	0	0	0	0	0	0	0	0	0	0	0	0	0	0	0	0	0	0	
580324	Frontal_Sup_Medial_R	490	0	13772	50022	0	5714	6706	7802	0	0	2348	3186	708	4090	0	4774	0	844	12040	21706	0	136	32884	0	282	8890	0	2696	566	3178	15222	35960	3720	22528	0	0	0	0	0	0	0	0	0	0	0	0	0	0	0	0	0	0	0	0	0	0	0	0	0	0	0	0	0	0	0	0	0	0	0	0	1764	17226	800	9852	0	0	0	256	0	0	0	0	0	0	0	0	0	0	0	0	0	0	0	0	0	0	0	0	0	0	0	0	0	0	0	0	0	0	0	0	0	0	0	0	0	0	
50536	Frontal_Med_Orb_L	0	0	1790	0	4958	0	0	0	1222	0	0	0	0	0	0	0	0	0	0	0	730	0	3210	282	0	374	4342	0	0	0	6232	226	0	0	0	0	0	0	0	0	0	0	0	0	0	0	0	0	0	0	0	0	0	0	0	0	0	0	0	0	0	0	0	0	0	0	0	0	0	0	1322	0	580	0	0	0	0	0	0	0	0	0	0	0	0	0	0	0	0	0	0	0	0	0	0	0	0	0	0	0	0	0	0	0	0	0	0	0	0	0	0	0	0	0	0	0	
103816	Frontal_Med_Orb_R	0	0	0	3096	0	7414	0	0	0	110	0	0	0	0	0	0	0	0	0	576	178	236	1216	8890	374	0	134	7476	0	0	2496	6982	0	0	0	0	0	0	0	0	0	0	0	0	0	0	0	0	0	0	0	0	0	0	0	0	0	0	0	0	0	0	0	0	0	0	0	0	0	0	208	8130	206	4186	0	0	0	0	0	0	0	0	0	0	0	0	0	0	0	0	0	0	0	0	0	0	0	0	0	0	0	0	0	0	0	0	0	0	0	0	0	0	0	0	0	0	
65424	Rectus_L	0	0	912	0	8112	0	0	0	3110	0	0	0	0	0	1098	0	0	0	0	0	2164	278	796	0	4342	134	0	0	852	0	5200	364	0	0	0	0	0	0	0	0	0	0	0	0	0	0	0	0	0	0	0	0	0	0	0	0	0	0	0	0	0	0	0	0	0	0	0	0	0	0	2616	0	2734	0	0	0	0	0	0	0	0	0	0	0	0	0	0	0	0	0	0	0	0	0	0	0	0	0	0	0	0	0	0	0	0	0	0	0	0	0	0	0	0	0	0	0	
75432	Rectus_R	0	0	0	1724	0	8860	0	0	0	486	0	0	0	0	0	550	0	0	0	1208	666	1746	0	2696	0	7476	0	0	0	866	590	2298	0	0	0	0	0	0	0	0	0	0	0	0	0	0	0	0	0	0	0	0	0	0	0	0	0	0	0	0	0	0	0	0	0	0	0	0	0	0	698	4400	584	2664	204	0	0	0	0	0	0	0	0	0	0	0	0	0	0	0	0	0	0	0	0	0	0	0	0	0	0	0	0	0	0	0	0	0	0	0	0	0	0	0	0	0	
705896	Insula_L	12138	0	45060	3132	4234	0	39596	0	1286	0	29118	122	28618	0	14962	0	24572	0	16802	3486	1794	0	5848	566	0	0	852	0	0	0	6128	1094	426	908	200	0	24770	0	846	0	708	0	0	0	0	0	104	0	594	0	1096	0	298	0	3748	0	8038	0	628	0	1034	0	1356	0	204	0	442	0	542	0	6170	672	30044	0	314	0	160	0	8910	0	7786	0	2636	0	4282	0	0	0	6624	0	0	0	0	0	0	0	0	0	0	0	0	0	0	0	0	0	0	0	0	0	0	0	0	0	0	0	
288132	Insula_R	0	5276	406	15896	0	460	266	8694	0	0	124	13388	0	10006	0	4494	0	10722	1206	7102	0	1142	344	3178	0	0	0	866	0	0	508	6294	0	1474	0	0	0	4814	0	2486	0	246	0	0	0	0	0	0	0	366	0	238	0	0	0	4026	0	822	0	136	0	0	0	0	0	144	0	486	0	0	786	10228	104	21724	0	0	0	266	0	854	0	708	0	520	0	1526	0	0	0	1740	0	0	0	0	0	0	0	0	0	0	0	0	0	0	0	0	0	0	0	0	0	0	0	0	0	0	
569388	Cingulum_Ant_L	1512	0	33304	12814	4170	326	7992	1518	620	0	4220	724	1352	348	338	380	1072	0	13466	4522	4438	2656	44270	15222	6232	2496	5200	590	6128	508	0	35296	11388	11050	358	0	1426	0	0	0	0	0	0	0	0	0	0	0	0	0	0	0	0	0	0	0	132	0	0	0	0	0	0	0	0	0	0	0	692	0	23998	5422	17392	686	124	0	158	0	0	0	154	0	0	0	0	0	0	0	0	0	0	0	0	0	0	0	0	0	0	0	0	0	0	0	0	0	0	0	0	0	0	0	0	0	0	0	
634612	Cingulum_Ant_R	222	282	10076	45768	196	3118	3178	4956	0	0	366	5314	238	1920	0	480	0	990	15322	21320	2102	2318	25278	35960	226	6982	364	2298	1094	6294	35296	0	4200	26190	0	0	476	0	0	0	0	0	0	0	0	0	0	0	0	0	0	0	0	0	0	0	0	0	0	0	0	0	0	0	0	0	0	0	0	0	8064	30882	5192	9624	198	0	258	264	0	0	0	0	0	0	0	0	0	0	0	0	0	0	0	0	0	0	0	0	0	0	0	0	0	0	0	0	0	0	0	0	0	0	0	0	0	0	
227112	Cingulum_Mid_L	726	0	9590	3126	0	0	3658	946	0	0	504	162	440	106	0	364	0	0	19220	8288	0	0	9396	3720	0	0	0	0	426	0	11388	4200	0	16902	2926	1418	0	0	0	0	0	0	0	0	1164	0	0	0	850	0	400	0	0	0	0	0	382	0	160	0	0	0	0	0	0	0	4168	526	6772	1294	184	0	150	0	0	0	0	0	0	0	0	0	0	0	0	0	0	0	0	0	0	0	0	0	0	0	0	0	0	0	0	0	0	0	0	0	0	0	0	0	0	0	0	0	0	0	
643852	Cingulum_Mid_R	2584	798	13166	28298	0	0	5454	6252	0	0	2064	1048	556	1436	0	5306	486	208	34380	56694	0	0	14662	22528	0	0	0	0	908	1474	11050	26190	16902	0	2036	6920	286	768	0	128	0	0	0	1364	0	2564	0	0	0	2056	0	1032	0	0	0	472	316	5190	0	1022	0	274	0	466	0	596	640	7770	6218	19570	2656	2334	874	0	212	0	0	1306	0	126	0	866	0	0	0	842	0	0	0	578	0	0	0	0	0	0	0	0	0	0	0	0	0	0	0	0	0	0	0	0	0	0	0	0	0	0	
133508	Cingulum_Post_L	3278	200	0	442	0	0	0	0	0	0	0	0	0	0	0	0	324	0	3140	1998	0	0	0	0	0	0	0	0	200	0	358	0	2926	2036	0	6242	3472	2064	2266	244	0	0	2582	0	1068	0	494	0	428	0	526	0	432	0	1494	0	366	0	146	0	2810	0	834	0	3068	0	6208	240	6922	1302	0	0	0	0	0	0	0	3108	360	0	0	0	0	0	3946	0	0	0	1230	0	0	0	0	0	0	0	0	0	0	0	0	0	0	0	0	0	0	0	0	0	0	0	0	0	0	0	
88836	Cingulum_Post_R	0	0	0	288	0	0	0	0	0	0	0	0	0	0	0	0	0	0	162	4120	0	0	0	0	0	0	0	0	0	0	0	0	1418	6920	6242	0	1216	4686	432	778	0	0	0	326	0	426	0	362	0	128	0	0	0	0	178	978	0	432	0	0	0	0	0	0	0	0	1292	6160	770	3816	0	0	0	0	0	0	0	2320	0	0	0	0	0	0	0	210	0	0	236	350	0	0	0	0	0	0	0	0	0	0	0	0	0	0	0	0	0	0	0	0	172	0	0	0	0	0	
323952	Hippocampus_L	9372	192	13388	1464	0	0	6812	0	0	0	228	0	120	0	382	0	1870	0	7256	1480	178	0	534	0	0	0	0	0	24770	0	1426	476	0	286	3472	1216	0	652	7256	0	7900	0	282	0	0	0	478	0	0	0	146	0	0	0	8440	0	3832	0	0	0	610	0	252	0	0	0	482	0	2346	0	1290	346	14686	0	3856	0	7174	2112	2334	0	3892	0	2386	0	3614	0	492	0	12196	0	0	0	0	0	0	0	0	0	0	0	0	0	0	0	0	0	0	0	0	0	0	0	0	0	0	0	
234172	Hippocampus_R	0	11850	0	4270	0	0	0	3128	0	0	0	306	0	296	0	0	0	1068	0	4116	0	0	0	0	0	0	0	0	0	4814	0	0	0	768	2064	4686	652	0	354	14076	0	7364	0	190	0	0	0	384	0	0	0	0	0	0	0	22288	0	230	0	0	0	0	0	164	0	0	942	2406	0	2212	0	0	0	11542	0	0	0	3040	0	0	0	272	0	2500	0	2164	0	1386	0	7554	0	0	0	0	0	0	0	0	0	0	0	0	0	0	0	0	0	0	0	0	0	0	0	0	0	0	
55844	ParaHippocampal_L	528	0	260	110	0	0	144	0	0	0	0	0	0	0	0	0	142	0	150	0	0	0	0	0	0	0	0	0	846	0	0	0	0	0	2266	432	7256	354	0	0	1978	0	394	0	0	0	1366	0	0	0	0	0	0	0	5722	0	114	0	0	0	0	0	0	0	0	0	856	0	340	0	0	0	700	0	0	0	208	778	438	0	176	0	296	0	458	0	198	0	704	0	0	0	0	0	354	0	354	0	0	0	0	0	0	0	0	0	0	0	0	0	0	0	0	0	0	0	
109544	ParaHippocampal_R	0	2244	0	448	0	0	0	1132	0	0	0	106	0	0	0	0	0	758	0	526	0	0	0	0	0	0	0	0	0	2486	0	0	0	128	244	778	0	14076	0	0	0	4162	0	826	0	0	0	1342	0	0	0	0	0	396	0	12046	0	0	0	0	0	0	0	0	0	0	208	1658	0	260	0	0	0	4380	0	0	0	460	0	0	0	0	0	1694	0	936	0	1708	0	1770	0	0	0	0	0	0	0	0	0	0	0	0	0	0	0	0	0	0	0	0	0	0	0	0	0	0	
38280	Amygdala_L	0	0	0	0	0	0	0	0	0	0	0	0	0	0	116	0	0	0	0	0	222	0	0	0	0	0	0	0	708	0	0	0	0	0	0	0	7900	0	1978	0	0	0	0	0	0	0	0	0	0	0	0	0	0	0	3698	0	0	0	0	0	0	0	0	0	0	0	0	0	0	0	0	0	234	0	0	0	0	0	0	0	0	0	1276	0	226	0	446	0	2336	0	0	0	0	0	0	0	0	0	0	0	0	0	0	0	0	0	0	0	0	0	0	0	0	0	0	0	
54688	Amygdala_R	0	0	0	0	0	0	0	0	0	0	0	0	0	0	0	0	0	0	0	0	0	118	0	0	0	0	0	0	0	246	0	0	0	0	0	0	0	7364	0	4162	0	0	0	0	0	0	0	0	0	0	0	0	0	0	0	6090	0	0	0	0	0	0	0	0	0	0	0	0	0	0	0	0	0	1176	0	0	0	0	0	0	0	0	0	3372	0	0	0	2286	0	2530	0	0	0	0	0	0	0	0	0	0	0	0	0	0	0	0	0	0	0	0	0	0	0	0	0	0	
118364	Calcarine_L	330	0	0	0	0	0	0	0	0	0	0	0	0	0	0	0	0	0	184	0	0	0	0	0	0	0	0	0	0	0	0	0	0	0	2582	0	282	0	394	0	0	0	0	2952	5190	1778	4696	380	2634	368	10728	0	1780	0	2050	0	196	0	0	0	724	0	488	0	282	0	11756	0	916	0	0	0	0	0	0	0	0	0	0	0	0	0	0	0	5348	0	0	0	3144	0	0	0	0	0	0	0	0	0	0	0	0	0	0	0	0	0	0	0	0	0	0	0	0	0	0	0	
268176	Calcarine_R	0	0	0	0	0	0	0	0	0	0	0	0	0	0	0	0	0	0	0	156	0	0	0	0	0	0	0	0	0	0	0	0	0	1364	0	326	0	190	0	826	0	0	2952	0	2786	25616	0	18442	0	21154	0	17140	0	6376	0	9390	0	1294	0	502	0	0	0	0	0	372	626	15178	0	534	0	0	0	0	0	0	0	0	0	0	0	0	0	0	0	6226	0	0	0	2638	0	0	0	0	0	0	0	0	0	0	0	0	0	0	0	0	0	0	0	0	0	0	0	0	0	0	
72532	Cuneus_L	0	0	0	0	0	0	0	0	0	0	0	0	0	0	0	0	0	0	542	0	0	0	0	0	0	0	0	0	0	0	0	0	1164	0	1068	0	0	0	0	0	0	0	5190	2786	0	4352	1100	164	6988	606	4700	256	416	0	212	0	0	0	220	0	0	0	0	0	0	0	5676	128	586	0	0	0	0	0	0	0	0	0	0	0	0	0	0	0	112	0	0	0	0	0	0	0	0	0	0	0	0	0	0	0	0	0	0	0	0	0	0	0	0	0	0	0	0	0	0	0	
430240	Cuneus_R	0	350	0	0	0	0	0	0	0	0	0	0	0	0	0	0	0	310	0	474	0	0	0	0	0	0	0	0	0	0	0	0	0	2564	0	426	0	0	0	0	0	0	1778	25616	4352	0	0	5144	0	54878	0	19136	0	1180	0	2378	0	11466	0	6612	0	1948	0	396	0	13160	4988	44256	0	2384	0	0	0	0	0	0	0	0	0	0	0	266	0	0	0	7730	0	0	0	3328	0	0	0	0	0	0	0	0	0	0	0	0	0	0	0	0	0	0	0	0	0	0	0	0	0	0	
103588	Lingual_L	0	0	0	0	0	0	0	0	0	0	0	0	0	0	0	0	0	0	0	0	0	0	0	0	0	0	0	0	104	0	0	0	0	0	494	0	478	0	1366	0	0	0	4696	0	1100	0	0	472	2034	0	8036	0	2814	0	9794	284	0	0	0	0	0	0	0	0	0	0	1274	0	0	0	0	0	0	0	0	0	0	0	0	0	0	0	0	0	0	0	0	0	0	0	1804	1806	0	108	150	0	2772	168	6228	2104	166	0	138	0	0	0	0	0	0	0	640	2592	172	0	0	0	
138920	Lingual_R	0	0	0	0	0	0	0	0	0	0	0	0	0	0	0	0	0	0	0	0	0	0	0	0	0	0	0	0	0	0	0	0	0	0	0	362	0	384	0	1342	0	0	380	18442	164	5144	472	0	0	5884	0	3558	0	3602	244	12566	0	0	0	0	0	0	0	0	0	0	0	4620	0	0	0	0	0	0	0	0	0	0	0	0	0	0	0	0	0	0	0	0	0	340	0	2616	0	0	120	0	130	1226	616	4092	0	0	0	0	0	0	0	0	0	0	1130	1882	144	0	0	0	
175552	Occipital_Sup_L	1248	0	104	0	0	0	0	0	0	0	0	0	0	0	0	0	236	0	0	0	0	0	0	0	0	0	0	0	594	0	0	0	850	0	428	0	0	0	0	0	0	0	2634	0	6988	0	2034	0	0	0	28220	0	640	0	368	0	2054	0	16042	0	4138	0	628	0	5100	0	12054	0	1102	0	0	0	144	0	0	0	0	0	0	0	122	0	0	0	1734	0	0	0	314	0	0	0	0	0	0	0	0	0	0	0	0	0	0	0	0	0	0	0	0	0	0	0	0	0	0	0	
448756	Occipital_Sup_R	0	1316	0	0	0	0	0	0	0	0	0	0	0	0	0	0	0	686	0	626	0	0	0	0	0	0	0	0	0	366	0	0	0	2056	0	128	0	0	0	0	0	0	368	21154	606	54878	0	5884	0	0	0	31502	0	1994	0	2438	0	13418	0	9836	0	2974	0	602	0	17656	1868	39746	0	2492	0	0	0	0	0	0	0	0	0	112	0	274	0	0	0	8032	0	0	0	3366	0	0	0	0	0	0	0	0	0	0	0	0	0	0	0	0	0	0	0	0	0	0	0	0	0	0	
351020	Occipital_Mid_L	2374	0	386	0	0	0	0	0	0	0	0	0	0	0	0	0	908	0	186	0	0	0	0	0	0	0	0	0	1096	0	0	0	400	0	526	0	146	0	0	0	0	0	10728	0	4700	0	8036	0	28220	0	0	0	16886	0	8342	0	4646	0	21482	0	13004	0	1718	0	14942	0	14736	0	2972	0	0	0	280	0	0	0	0	0	226	0	524	0	0	0	12466	0	0	0	5580	0	0	0	0	0	0	0	0	0	0	0	0	0	0	0	0	0	0	0	0	0	0	0	0	0	0	0	
287584	Occipital_Mid_R	0	922	0	0	0	0	0	0	0	0	0	0	0	0	0	0	0	256	0	272	0	0	0	0	0	0	0	0	0	238	0	0	0	1032	0	0	0	0	0	0	0	0	0	17140	256	19136	0	3558	0	31502	0	0	0	5524	0	4970	0	4764	0	3906	0	3422	0	140	0	16898	1308	17454	0	882	0	0	0	0	0	0	0	0	0	0	0	0	0	0	0	9168	0	0	0	1044	0	0	0	0	0	0	0	0	0	0	0	0	0	0	0	0	0	0	0	0	0	0	0	0	0	0	
83964	Occipital_Inf_L	574	0	0	0	0	0	0	0	0	0	0	0	0	0	0	0	106	0	0	0	0	0	0	0	0	0	0	0	298	0	0	0	0	0	432	0	0	0	0	0	0	0	1780	0	416	0	2814	0	640	0	16886	0	0	0	7406	0	150	0	300	0	404	0	230	0	168	0	1306	0	778	0	0	0	0	0	0	0	0	0	338	0	0	0	0	0	4340	0	0	0	2498	0	0	0	0	0	0	0	0	0	118	0	0	0	0	0	0	0	0	0	0	0	0	0	0	0	0	0	
62912	Occipital_Inf_R	0	0	0	0	0	0	0	0	0	0	0	0	0	0	0	0	0	0	0	0	0	0	0	0	0	0	0	0	0	0	0	0	0	0	0	0	0	0	0	396	0	0	0	6376	0	1180	0	3602	0	1994	0	5524	0	0	0	7068	0	0	0	0	0	0	0	0	0	0	0	2100	0	0	0	0	0	0	0	0	0	0	0	0	0	0	0	0	0	582	0	0	0	2510	0	0	0	0	0	0	0	0	0	124	0	0	0	0	0	0	0	0	0	0	0	0	0	0	0	0	
265556	Fusiform_L	1156	0	114	0	0	0	0	0	0	0	0	0	0	0	0	0	268	0	136	0	0	0	0	0	0	0	0	0	3748	0	0	0	0	0	1494	178	8440	0	5722	0	3698	0	2050	0	212	0	9794	244	368	0	8342	0	7406	0	0	316	136	0	0	0	0	0	0	0	0	0	1062	0	840	0	0	0	182	0	0	0	0	0	1454	0	1372	0	992	0	4436	0	220	0	7688	0	15932	1788	992	112	0	0	9086	678	21392	2702	174	0	136	0	0	412	0	0	0	0	3600	3332	220	0	154	0	
337380	Fusiform_R	0	3154	0	744	0	0	0	922	0	0	0	176	0	146	0	0	0	994	0	1856	0	0	0	0	0	0	0	0	0	4026	0	0	0	472	0	978	0	22288	0	12046	0	6090	0	9390	0	2378	284	12566	0	2438	0	4970	0	7068	316	0	0	106	0	0	0	0	0	0	0	0	0	5826	0	1274	0	0	0	6192	0	0	0	0	0	0	0	504	0	3838	0	2472	0	2308	0	12786	232	10956	0	0	0	0	210	5998	1266	14054	0	0	0	210	0	0	0	0	0	0	4078	2704	180	0	0	194	
359064	Postcentral_L	30438	0	10154	2608	0	0	3526	0	0	0	2380	0	132	0	0	0	11658	0	3142	2956	0	0	0	0	0	0	0	0	8038	0	132	0	382	316	366	0	3832	0	114	0	0	0	196	0	0	0	0	0	2054	0	4646	0	150	0	136	0	0	0	12036	0	29770	0	16520	0	2864	0	3732	0	5534	0	1504	0	4530	0	490	0	250	0	2388	0	5256	0	0	0	5376	0	0	0	1926	0	0	0	0	0	0	0	0	0	0	0	0	0	0	0	0	0	0	0	0	0	0	0	0	0	0	0	
209804	Postcentral_R	0	9726	0	388	0	0	0	262	0	0	0	656	0	0	0	0	0	3140	0	1320	0	0	0	0	0	0	0	0	0	822	0	0	0	5190	0	432	0	230	0	0	0	0	0	1294	0	11466	0	0	0	13418	0	4764	0	0	0	106	0	0	0	9264	0	1994	0	5034	0	8692	0	15636	0	7422	0	0	0	378	0	0	0	0	0	0	0	728	0	0	0	1736	0	0	0	804	0	0	0	0	0	0	0	0	0	0	0	0	0	0	0	0	0	0	0	0	0	0	0	0	0	0	
203412	Parietal_Sup_L	1718	0	248	0	0	0	0	0	0	0	0	0	0	0	0	0	286	0	0	0	0	0	0	0	0	0	0	0	628	0	0	0	160	0	146	0	0	0	0	0	0	0	0	0	220	0	0	0	16042	0	21482	0	300	0	0	0	12036	0	0	0	16916	0	878	0	7050	0	16648	0	4224	0	0	0	198	0	0	0	0	0	0	0	116	0	0	0	1736	0	0	0	674	0	0	0	0	0	0	0	0	0	0	0	0	0	0	0	0	0	0	0	0	0	0	0	0	0	0	0	
122672	Parietal_Sup_R	0	860	0	0	0	0	0	0	0	0	0	0	0	0	0	0	0	0	0	266	0	0	0	0	0	0	0	0	0	136	0	0	0	1022	0	0	0	0	0	0	0	0	0	502	0	6612	0	0	0	9836	0	3906	0	0	0	0	0	9264	0	0	0	4100	0	698	0	8944	1438	11664	0	1184	0	0	0	0	0	0	0	0	0	0	0	0	0	0	0	658	0	0	0	246	0	0	0	0	0	0	0	0	0	0	0	0	0	0	0	0	0	0	0	0	0	0	0	0	0	0	
283460	Parietal_Inf_L	3544	0	234	0	0	0	0	0	0	0	0	0	0	0	0	0	1962	0	0	102	0	0	0	0	0	0	0	0	1034	0	0	0	0	0	2810	0	610	0	0	0	0	0	724	0	0	0	0	0	4138	0	13004	0	404	0	0	0	29770	0	16916	0	0	0	22626	0	15648	0	6010	0	3970	0	0	0	526	0	0	0	0	0	236	0	4900	0	0	0	8720	0	0	0	3842	0	0	0	0	0	0	0	0	0	0	0	0	0	0	0	0	0	0	0	0	0	0	0	0	0	0	0	
80772	Parietal_Inf_R	0	0	0	0	0	0	0	0	0	0	0	0	0	0	0	0	0	0	0	218	0	0	0	0	0	0	0	0	0	0	0	0	0	274	0	0	0	0	0	0	0	0	0	0	0	1948	0	0	0	2974	0	3422	0	0	0	0	0	1994	0	4100	0	0	0	7572	0	9878	0	2306	0	308	0	0	0	0	0	0	0	0	0	0	0	952	0	0	0	2986	0	0	0	1454	0	0	0	0	0	0	0	0	0	0	0	0	0	0	0	0	0	0	0	0	0	0	0	0	0	0	
163704	SupraMarginal_L	974	0	1018	356	0	0	106	0	0	0	0	0	0	0	0	0	3732	0	366	360	0	0	0	0	0	0	0	0	1356	0	0	0	0	0	834	0	252	0	0	0	0	0	488	0	0	0	0	0	628	0	1718	0	230	0	0	0	16520	0	878	0	22626	0	0	0	3082	0	1428	0	246	0	120	0	616	0	0	0	0	0	464	0	8876	0	0	0	9504	0	0	0	5074	0	0	0	0	0	0	0	0	0	0	0	0	0	0	0	0	0	0	0	0	0	0	0	0	0	0	0	
63656	SupraMarginal_R	0	504	0	0	0	0	0	0	0	0	0	0	0	0	0	0	0	1760	0	518	0	0	0	0	0	0	0	0	0	0	0	0	0	466	0	0	0	164	0	0	0	0	0	0	0	396	0	0	0	602	0	140	0	0	0	0	0	5034	0	698	0	7572	0	0	0	2398	0	658	0	608	0	0	0	0	0	0	0	0	0	0	0	2208	0	0	0	5688	0	0	0	2414	0	0	0	0	0	0	0	0	0	0	0	0	0	0	0	0	0	0	0	0	0	0	0	0	0	0	
122856	Angular_L	390	0	0	0	0	0	0	0	0	0	0	0	0	0	0	0	0	0	0	0	0	0	0	0	0	0	0	0	204	0	0	0	0	0	3068	0	0	0	0	0	0	0	282	0	0	0	0	0	5100	0	14942	0	168	0	0	0	2864	0	7050	0	15648	0	3082	0	0	0	4174	0	454	0	0	0	0	0	0	0	0	0	0	0	338	0	0	0	3664	0	0	0	0	0	0	0	0	0	0	0	0	0	0	0	0	0	0	0	0	0	0	0	0	0	0	0	0	0	0	0	
211760	Angular_R	0	602	0	0	0	0	0	0	0	0	0	0	0	0	0	0	0	116	0	214	0	0	0	0	0	0	0	0	0	144	0	0	0	596	0	0	0	0	0	0	0	0	0	372	0	13160	0	0	0	17656	0	16898	0	0	0	0	0	8692	0	8944	0	9878	0	2398	0	0	934	15078	0	1544	0	0	0	0	0	0	0	0	0	0	0	2412	0	0	0	5680	0	0	0	562	0	0	0	0	0	0	0	0	0	0	0	0	0	0	0	0	0	0	0	0	0	0	0	0	0	0	
271080	Precuneus_L	1448	0	206	0	0	0	0	0	0	0	0	0	0	0	0	0	246	0	624	136	0	0	0	0	0	0	0	0	442	0	0	0	4168	640	6208	1292	482	942	856	208	0	0	11756	626	5676	4988	1274	0	12054	1868	14736	1308	1306	0	1062	0	3732	0	16648	1438	6010	0	1428	0	4174	934	0	8052	4608	0	0	0	158	0	0	0	0	364	0	0	290	0	0	0	8570	0	0	0	4582	0	0	0	0	0	0	0	0	0	0	0	0	0	0	0	0	0	0	0	0	0	0	0	0	0	0	0	
455660	Precuneus_R	0	1906	0	0	0	0	0	0	0	0	0	0	0	0	0	0	0	748	0	1532	0	0	0	0	0	0	0	0	0	486	0	0	526	7770	240	6160	0	2406	0	1658	0	0	0	15178	128	44256	0	4620	0	39746	0	17454	0	2100	0	5826	0	15636	0	11664	0	2306	0	658	0	15078	8052	0	380	4762	0	0	0	110	0	0	0	304	0	144	0	406	0	0	0	10160	0	0	0	5186	0	0	0	0	0	0	0	0	0	0	0	0	0	0	0	0	0	0	0	0	244	0	0	0	0	0	
278772	Paracentral_Lobule_L	22188	366	766	4120	0	0	140	0	0	0	0	0	0	0	0	0	384	0	24872	8290	0	0	0	0	0	0	0	0	542	0	692	0	6772	6218	6922	770	2346	0	340	0	0	0	916	0	586	0	0	0	1102	0	2972	0	778	0	840	0	5534	0	4224	0	3970	0	246	0	454	0	4608	380	0	2950	640	774	410	0	136	0	8530	2264	540	0	728	0	0	0	5250	0	0	0	4826	0	0	0	0	0	0	0	0	0	0	0	0	0	0	0	0	0	0	0	0	0	0	0	0	0	0	0	
176916	Paracentral_Lobule_R	648	4964	0	0	0	0	0	0	0	0	0	0	0	0	0	0	0	238	378	21956	0	0	0	0	0	0	0	0	0	0	0	0	1294	19570	1302	3816	0	2212	0	260	0	0	0	534	0	2384	0	0	0	2492	0	882	0	0	0	1274	0	7422	0	1184	0	308	0	608	0	1544	0	4762	2950	0	0	0	0	0	0	0	0	102	0	184	0	2038	0	0	0	1550	0	0	0	1602	0	0	0	0	0	0	0	0	0	0	0	0	0	0	0	0	0	0	0	0	0	0	0	0	0	0	
407152	Caudate_L	702	150	20512	12078	1236	376	2510	176	198	0	1622	1214	518	608	920	0	2666	0	19686	11506	7318	7312	7074	1764	1322	208	2616	698	6170	786	23998	8064	184	2656	0	0	1290	0	0	0	0	0	0	0	0	0	0	0	0	0	0	0	0	0	0	0	1504	0	0	0	0	0	120	0	0	0	0	0	640	0	0	12582	27120	776	3556	0	7752	982	216	0	190	0	0	0	0	0	0	0	0	0	0	0	0	0	0	0	0	0	0	0	0	0	0	0	0	0	0	0	0	0	0	0	0	0	0	0	
513808	Caudate_R	582	2436	1654	42832	0	6940	700	1734	0	0	128	6748	0	3042	0	768	0	1414	6982	29754	2436	4848	1968	17226	0	8130	0	4400	672	10228	5422	30882	0	2334	0	0	346	0	0	0	0	0	0	0	0	0	0	0	0	0	0	0	0	0	0	0	0	0	0	0	0	0	0	0	0	0	0	0	774	0	12582	0	3616	21254	592	1858	1008	20614	0	0	0	0	0	0	0	0	0	0	0	0	0	0	0	0	0	0	0	0	0	0	0	0	0	0	0	0	0	0	0	0	0	0	0	0	0	0	
539128	Putamen_L	5900	0	43614	3274	6262	322	12570	108	2570	0	4138	212	2776	120	10706	0	2932	0	22166	4764	4816	3826	4834	800	580	206	2734	584	30044	104	17392	5192	150	874	0	0	14686	0	700	0	234	0	0	0	0	0	0	0	144	0	280	0	0	0	182	0	4530	0	198	0	526	0	616	0	0	0	158	0	410	0	27120	3616	0	444	13818	0	5422	0	318	0	666	0	660	0	140	0	0	0	126	0	0	0	0	0	0	0	0	0	0	0	0	0	0	0	0	0	0	0	0	0	0	0	0	0	0	0	
358248	Putamen_R	0	3658	0	23226	0	5200	0	6870	0	108	0	3098	0	1594	0	1138	0	3848	400	24228	142	624	250	9852	0	4186	0	2664	0	21724	686	9624	0	0	0	0	0	11542	0	4380	0	1176	0	0	0	0	0	0	0	0	0	0	0	0	0	6192	0	378	0	0	0	0	0	0	0	0	0	110	0	0	776	21254	444	0	186	3968	0	2650	0	0	0	204	0	1328	0	0	0	524	0	892	0	0	0	0	0	0	0	0	0	0	0	0	0	0	0	0	0	0	0	0	0	0	0	0	0	0	
105120	Pallidum_L	1524	0	10064	854	0	180	2144	0	0	0	0	0	0	0	0	0	0	0	7324	3154	316	618	0	0	0	0	0	204	314	0	124	198	0	212	0	0	3856	0	0	0	0	0	0	0	0	0	0	0	0	0	0	0	0	0	0	0	490	0	0	0	0	0	0	0	0	0	0	0	136	0	3556	592	13818	186	0	0	2696	0	0	0	0	0	0	0	0	0	0	0	0	0	0	0	0	0	0	0	0	0	0	0	0	0	0	0	0	0	0	0	0	0	0	0	0	0	0	0	
24660	Pallidum_R	0	0	0	2478	0	0	0	0	0	0	0	0	0	0	0	0	0	0	0	3718	0	0	0	0	0	0	0	0	0	0	0	0	0	0	0	0	0	0	0	0	0	0	0	0	0	0	0	0	0	0	0	0	0	0	0	0	0	0	0	0	0	0	0	0	0	0	0	0	0	0	0	1858	0	3968	0	0	0	308	0	0	0	0	0	0	0	0	0	0	0	0	0	0	0	0	0	0	0	0	0	0	0	0	0	0	0	0	0	0	0	0	0	0	0	0	0	0	
138276	Thalamus_L	7122	106	4528	1734	0	0	5814	0	0	0	0	212	0	184	0	0	0	0	12568	1668	0	0	0	0	0	0	0	0	160	0	158	258	0	0	0	0	7174	0	208	0	0	0	0	0	0	0	0	0	0	0	0	0	0	0	0	0	250	0	0	0	0	0	0	0	0	0	0	0	8530	0	7752	1008	5422	0	2696	0	0	1586	0	0	0	0	0	0	0	0	0	0	0	0	0	0	0	0	0	0	0	0	0	0	0	0	0	0	0	0	0	0	0	0	0	0	0	0	0	0	
180544	Thalamus_R	1830	5792	0	26506	0	0	0	3516	0	0	0	800	0	546	0	0	0	0	666	7532	0	0	0	256	0	0	0	0	0	266	0	264	0	1306	3108	2320	2112	3040	778	460	0	0	0	0	0	0	0	0	0	0	0	0	0	0	0	0	0	0	0	0	0	0	0	0	0	0	364	304	2264	102	982	20614	0	2650	0	308	1586	0	0	0	0	0	0	0	0	0	0	0	0	0	0	0	0	0	0	0	0	0	0	0	0	0	0	0	0	0	0	0	0	0	0	0	0	0	0	0	
79124	Heschl_L	2614	0	932	294	0	0	558	0	0	0	218	0	0	0	0	0	5724	0	356	294	0	0	0	0	0	0	0	0	8910	0	0	0	0	0	360	0	2334	0	438	0	0	0	0	0	0	0	0	0	0	0	226	0	338	0	1454	0	2388	0	0	0	236	0	464	0	0	0	0	0	540	0	216	0	318	0	0	0	0	0	0	0	1048	0	0	0	5290	0	0	0	4012	0	0	0	0	0	0	0	0	0	0	0	0	0	0	0	0	0	0	0	0	0	0	0	0	0	0	0	
10720	Heschl_R	0	296	0	120	0	0	0	0	0	0	0	322	0	0	0	0	0	1306	0	212	0	0	0	0	0	0	0	0	0	854	0	0	0	126	0	0	0	0	0	0	0	0	0	0	0	0	0	0	0	112	0	0	0	0	0	0	0	0	0	0	0	0	0	0	0	0	0	144	0	184	0	0	0	0	0	0	0	0	0	0	0	1684	0	0	0	0	0	0	0	0	0	0	0	0	0	0	0	0	0	0	0	0	0	0	0	0	0	0	0	0	0	0	0	0	0	0	
170396	Temporal_Sup_L	3220	0	1140	244	0	0	1472	0	0	0	1838	0	348	0	468	0	7608	0	642	252	0	0	0	0	0	0	0	0	7786	0	154	0	0	0	0	0	3892	0	176	0	0	0	0	0	0	0	0	0	122	0	524	0	0	0	1372	0	5256	0	116	0	4900	0	8876	0	338	0	290	0	728	0	190	0	666	0	0	0	0	0	1048	0	0	0	4882	0	17454	0	0	0	9196	0	0	0	0	0	0	0	0	0	0	0	0	0	0	0	0	0	0	0	0	0	0	0	0	0	0	0	
57660	Temporal_Sup_R	0	1440	0	256	0	0	0	0	0	0	0	228	0	0	0	1428	0	850	0	1686	0	0	0	0	0	0	0	0	0	708	0	0	0	866	0	0	0	272	0	0	0	0	0	0	0	266	0	0	0	274	0	0	0	0	0	504	0	728	0	0	0	952	0	2208	0	2412	0	406	0	2038	0	0	0	204	0	0	0	0	0	1684	0	0	0	2068	0	6342	0	0	0	1010	0	0	0	0	0	0	0	0	0	0	0	0	0	0	0	0	0	0	0	0	0	0	0	0	0	0	
63252	Temporal_Pole_Sup_L	0	0	0	0	0	0	146	0	0	0	1352	0	1032	0	870	0	1404	0	0	0	0	0	0	0	0	0	0	0	2636	0	0	0	0	0	0	0	2386	0	296	0	1276	0	0	0	0	0	0	0	0	0	0	0	0	0	992	0	0	0	0	0	0	0	0	0	0	0	0	0	0	0	0	0	660	0	0	0	0	0	0	0	4882	0	0	0	7432	0	2416	0	3846	0	0	0	0	0	0	0	0	0	0	0	0	0	0	0	0	0	0	0	0	0	0	0	0	0	0	0	
54668	Temporal_Pole_Sup_R	0	0	0	0	0	0	0	0	0	0	0	194	0	0	0	1620	0	208	0	0	0	0	0	0	0	0	0	0	0	520	0	0	0	0	0	0	0	2500	0	1694	0	3372	0	0	0	0	0	0	0	0	0	0	0	0	0	3838	0	0	0	0	0	0	0	0	0	0	0	0	0	0	0	0	0	1328	0	0	0	0	0	0	0	2068	0	0	0	1494	0	4572	0	3926	0	0	0	0	0	0	0	0	0	0	0	0	0	0	0	0	0	0	0	0	0	0	0	0	0	0	
331444	Temporal_Mid_L	6526	0	0	0	0	0	0	0	0	0	0	0	0	0	222	0	2560	0	0	0	0	0	0	0	0	0	0	0	4282	0	0	0	0	0	3946	0	3614	0	458	0	226	0	5348	0	112	0	0	0	1734	0	12466	0	4340	0	4436	0	5376	0	1736	0	8720	0	9504	0	3664	0	8570	0	5250	0	0	0	140	0	0	0	0	0	5290	0	17454	0	7432	0	0	0	1718	0	40598	0	0	0	0	0	0	0	0	0	0	0	0	0	0	0	0	0	0	0	0	0	0	0	0	0	0	0	
207076	Temporal_Mid_R	0	2314	0	0	0	0	0	192	0	0	0	0	0	0	0	200	0	0	0	1278	0	0	0	0	0	0	0	0	0	1526	0	0	0	842	0	210	0	2164	0	936	0	0	0	6226	0	7730	0	0	0	8032	0	9168	0	582	0	2472	0	1736	0	658	0	2986	0	5688	0	5680	0	10160	0	1550	0	0	0	0	0	0	0	0	0	0	0	6342	0	1494	0	0	0	662	0	22710	0	0	0	0	0	0	0	0	0	0	0	0	0	0	0	0	0	0	0	0	0	0	0	0	0	0	
14736	Temporal_Pole_Mid_L	0	0	0	0	0	0	0	0	0	0	0	0	0	0	0	0	0	0	0	0	0	0	0	0	0	0	0	0	0	0	0	0	0	0	0	0	492	0	198	0	446	0	0	0	0	0	0	0	0	0	0	0	0	0	220	0	0	0	0	0	0	0	0	0	0	0	0	0	0	0	0	0	0	0	0	0	0	0	0	0	0	0	2416	0	1718	0	0	0	1878	0	0	0	0	0	0	0	0	0	0	0	0	0	0	0	0	0	0	0	0	0	0	0	0	0	0	0	
32764	Temporal_Pole_Mid_R	0	0	0	0	0	0	0	0	0	0	0	0	0	0	0	0	0	0	0	0	0	0	0	0	0	0	0	0	0	0	0	0	0	0	0	0	0	1386	0	1708	0	2286	0	0	0	0	0	0	0	0	0	0	0	0	0	2308	0	0	0	0	0	0	0	0	0	0	0	0	0	0	0	0	0	524	0	0	0	0	0	0	0	0	0	4572	0	662	0	0	0	2936	0	0	0	0	0	0	0	0	0	0	0	0	0	0	0	0	0	0	0	0	0	0	0	0	0	0	
271328	Temporal_Inf_L	6152	0	0	0	0	0	0	0	0	0	0	0	0	0	0	0	2030	0	0	0	0	0	0	0	0	0	0	0	6624	0	0	0	0	0	1230	236	12196	0	704	0	2336	0	3144	0	0	0	0	0	314	0	5580	0	2498	0	7688	0	1926	0	674	0	3842	0	5074	0	0	0	4582	0	4826	0	0	0	126	0	0	0	0	0	4012	0	9196	0	3846	0	40598	0	1878	0	0	0	2818	0	468	0	0	0	184	0	882	0	0	0	0	0	0	0	0	0	0	0	0	0	0	0	0	0	
177848	Temporal_Inf_R	0	2578	0	190	0	0	0	172	0	0	0	0	0	0	0	0	0	0	0	1508	0	0	0	0	0	0	0	0	0	1740	0	0	0	578	0	350	0	7554	0	1770	0	2530	0	2638	0	3328	0	340	0	3366	0	1044	0	2510	0	12786	0	804	0	246	0	1454	0	2414	0	562	0	5186	0	1602	0	0	0	892	0	0	0	0	0	0	0	1010	0	3926	0	22710	0	2936	0	0	0	200	0	0	0	0	0	0	0	0	0	0	0	0	0	0	0	0	0	0	0	0	0	0	0	0	
400840	Cerebelum_Crus1_L	0	0	0	0	0	0	0	0	0	0	0	0	0	0	0	0	0	0	0	0	0	0	0	0	0	0	0	0	0	0	0	0	0	0	0	0	0	0	0	0	0	0	0	0	0	0	1804	0	0	0	0	0	0	0	15932	232	0	0	0	0	0	0	0	0	0	0	0	0	0	0	0	0	0	0	0	0	0	0	0	0	0	0	0	0	0	0	0	0	2818	0	0	5760	32068	2600	212	228	15708	540	47130	10198	12580	294	11308	4040	628	3858	0	322	0	186	5812	11282	9886	2386	2608	0	
361364	Cerebelum_Crus1_R	0	0	0	0	0	0	0	0	0	0	0	0	0	0	0	0	0	0	0	0	0	0	0	0	0	0	0	0	0	0	0	0	0	0	0	0	0	0	0	0	0	0	0	0	0	0	1806	2616	0	0	0	0	0	0	1788	10956	0	0	0	0	0	0	0	0	0	0	0	0	0	0	0	0	0	0	0	0	0	0	0	0	0	0	0	0	0	0	0	0	0	200	5760	0	2502	26168	0	760	892	15372	6250	54074	1208	2842	1142	20614	0	420	0	246	0	106	6390	11318	6356	608	160	128	
245220	Cerebelum_Crus2_L	0	0	0	0	0	0	0	0	0	0	0	0	0	0	0	0	0	0	0	0	0	0	0	0	0	0	0	0	0	0	0	0	0	0	0	0	0	0	0	0	0	0	0	0	0	0	0	0	0	0	0	0	0	0	992	0	0	0	0	0	0	0	0	0	0	0	0	0	0	0	0	0	0	0	0	0	0	0	0	0	0	0	0	0	0	0	0	0	468	0	32068	2502	0	10532	0	0	282	0	3182	2228	23204	3586	16612	6982	628	886	220	0	0	0	244	1602	12588	3216	588	0	
230760	Cerebelum_Crus2_R	0	0	0	0	0	0	0	0	0	0	0	0	0	0	0	0	0	0	0	0	0	0	0	0	0	0	0	0	0	0	0	0	0	0	0	0	0	0	0	0	0	0	0	0	0	0	108	0	0	0	0	0	0	0	112	0	0	0	0	0	0	0	0	0	0	0	0	0	0	0	0	0	0	0	0	0	0	0	0	0	0	0	0	0	0	0	0	0	0	0	2600	26168	10532	0	0	0	0	0	382	3138	7052	14046	5578	29812	0	1462	0	0	0	0	0	576	10672	2998	144	0	
26724	Cerebelum_3_L	0	0	0	0	0	0	0	0	0	0	0	0	0	0	0	0	0	0	0	0	0	0	0	0	0	0	0	0	0	0	0	0	0	0	0	0	0	0	354	0	0	0	0	0	0	0	150	120	0	0	0	0	0	0	0	0	0	0	0	0	0	0	0	0	0	0	0	0	0	0	0	0	0	0	0	0	0	0	0	0	0	0	0	0	0	0	0	0	0	0	212	0	0	0	0	0	6326	0	1102	0	0	0	0	0	908	286	0	0	412	1048	1494	482	0	0	264	204	
23624	Cerebelum_3_R	0	0	0	0	0	0	0	0	0	0	0	0	0	0	0	0	0	0	0	0	0	0	0	0	0	0	0	0	0	0	0	0	0	0	0	0	0	0	0	0	0	0	0	0	0	0	0	0	0	0	0	0	0	0	0	0	0	0	0	0	0	0	0	0	0	0	0	0	0	0	0	0	0	0	0	0	0	0	0	0	0	0	0	0	0	0	0	0	0	0	228	760	0	0	0	0	456	2046	484	1978	0	0	0	0	0	582	0	0	684	2160	1066	612	0	256	500	0	
217420	Cerebelum_4_5_L	0	0	0	0	0	0	0	0	0	0	0	0	0	0	0	0	0	0	0	0	0	0	0	0	0	0	0	0	0	0	0	0	0	0	0	0	0	0	354	0	0	0	0	0	0	0	2772	130	0	0	0	0	0	0	9086	210	0	0	0	0	0	0	0	0	0	0	0	0	0	0	0	0	0	0	0	0	0	0	0	0	0	0	0	0	0	0	0	0	184	0	15708	892	282	0	6326	456	0	2978	33230	2186	778	0	690	0	3092	1812	210	0	1094	1884	17956	3256	0	128	1806	1210	
154732	Cerebelum_4_5_R	0	0	0	0	0	0	0	0	0	0	0	0	0	0	0	0	0	0	0	0	0	0	0	0	0	0	0	0	0	0	0	0	0	0	0	0	0	0	0	0	0	0	0	0	0	0	168	1226	0	0	0	0	0	0	678	5998	0	0	0	0	0	0	0	0	0	0	0	0	0	0	0	0	0	0	0	0	0	0	0	0	0	0	0	0	0	0	0	0	0	0	540	15372	0	0	0	2046	2978	0	2040	25308	0	130	0	472	978	500	0	426	142	526	14266	1952	0	244	430	946	
387984	Cerebelum_6_L	0	0	0	0	0	0	0	0	0	0	0	0	0	0	0	0	0	0	0	0	0	0	0	0	0	0	0	0	0	0	0	0	0	0	0	0	0	0	0	0	0	0	0	0	0	0	6228	616	0	0	0	0	118	0	21392	1266	0	0	0	0	0	0	0	0	0	0	0	0	0	0	0	0	0	0	0	0	0	0	0	0	0	0	0	0	0	0	0	0	882	0	47130	6250	3182	382	1102	484	33230	2040	0	12306	3392	0	2462	608	1478	5884	222	358	414	728	14802	17452	2318	2202	4602	462	
386796	Cerebelum_6_R	0	0	0	0	0	0	0	0	0	0	0	0	0	0	0	0	0	0	0	0	0	0	0	0	0	0	0	0	0	0	0	0	0	0	0	0	0	0	0	0	0	0	0	0	0	0	2104	4092	0	0	0	0	0	124	2702	14054	0	0	0	0	0	0	0	0	0	0	0	0	0	0	0	0	0	0	0	0	0	0	0	0	0	0	0	0	0	0	0	0	0	0	10198	54074	2228	3138	0	1978	2186	25308	12306	0	870	876	958	5564	0	4332	0	972	274	652	14082	19422	6290	1712	2452	450	
206592	Cerebelum_7b_L	0	0	0	0	0	0	0	0	0	0	0	0	0	0	0	0	0	0	0	0	0	0	0	0	0	0	0	0	0	0	0	0	0	0	0	0	0	0	0	0	0	0	0	0	0	0	166	0	0	0	0	0	0	0	174	0	0	0	0	0	0	0	0	0	0	0	0	0	0	0	0	0	0	0	0	0	0	0	0	0	0	0	0	0	0	0	0	0	0	0	12580	1208	23204	7052	0	0	778	0	3392	870	0	2912	24186	7248	1728	900	610	0	0	0	172	888	8722	5786	720	0	
90940	Cerebelum_7b_R	0	0	0	0	0	0	0	0	0	0	0	0	0	0	0	0	0	0	0	0	0	0	0	0	0	0	0	0	0	0	0	0	0	0	0	0	0	0	0	0	0	0	0	0	0	0	0	0	0	0	0	0	0	0	0	0	0	0	0	0	0	0	0	0	0	0	0	0	0	0	0	0	0	0	0	0	0	0	0	0	0	0	0	0	0	0	0	0	0	0	294	2842	3586	14046	0	0	0	130	0	876	2912	0	1836	13950	0	104	0	110	0	0	0	122	2866	1796	0	0	
207904	Cerebelum_8_L	0	0	0	0	0	0	0	0	0	0	0	0	0	0	0	0	0	0	0	0	0	0	0	0	0	0	0	0	0	0	0	0	0	0	0	0	0	0	0	0	0	0	0	0	0	0	138	0	0	0	0	0	0	0	136	0	0	0	0	0	0	0	0	0	0	0	0	0	0	0	0	0	0	0	0	0	0	0	0	0	0	0	0	0	0	0	0	0	0	0	11308	1142	16612	5578	0	0	690	0	2462	958	24186	1836	0	8128	7554	2060	1782	0	0	0	176	772	8610	7764	2060	0	
242172	Cerebelum_8_R	0	0	0	0	0	0	0	0	0	0	0	0	0	0	0	0	0	0	0	0	0	0	0	0	0	0	0	0	0	0	0	0	0	0	0	0	0	0	0	0	0	0	0	0	0	0	0	0	0	0	0	0	0	0	0	210	0	0	0	0	0	0	0	0	0	0	0	0	0	0	0	0	0	0	0	0	0	0	0	0	0	0	0	0	0	0	0	0	0	0	4040	20614	6982	29812	0	0	0	472	608	5564	7248	13950	8128	0	154	5612	0	372	0	0	0	972	9504	5994	850	0	
59812	Cerebelum_9_L	0	0	0	0	0	0	0	0	0	0	0	0	0	0	0	0	0	0	0	0	0	0	0	0	0	0	0	0	0	0	0	0	0	0	0	0	0	0	0	0	0	0	0	0	0	0	0	0	0	0	0	0	0	0	0	0	0	0	0	0	0	0	0	0	0	0	0	0	0	0	0	0	0	0	0	0	0	0	0	0	0	0	0	0	0	0	0	0	0	0	628	0	628	0	908	0	3092	978	1478	0	1728	0	7554	154	0	1464	3634	0	0	0	1834	2332	152	1016	1818	508	
113220	Cerebelum_9_R	0	0	0	0	0	0	0	0	0	0	0	0	0	0	0	0	0	0	0	0	0	0	0	0	0	0	0	0	0	0	0	0	0	0	0	0	0	0	0	0	0	0	0	0	0	0	0	0	0	0	0	0	0	0	412	0	0	0	0	0	0	0	0	0	0	0	0	0	0	0	0	0	0	0	0	0	0	0	0	0	0	0	0	0	0	0	0	0	0	0	3858	420	886	1462	286	582	1812	500	5884	4332	900	104	2060	5612	1464	0	244	1160	488	922	2344	7698	1748	3772	6858	802	
15884	Cerebelum_10_L	0	0	0	0	0	0	0	0	0	0	0	0	0	0	0	0	0	0	0	0	0	0	0	0	0	0	0	0	0	0	0	0	0	0	0	0	0	0	0	0	0	0	0	0	0	0	0	0	0	0	0	0	0	0	0	0	0	0	0	0	0	0	0	0	0	0	0	0	0	0	0	0	0	0	0	0	0	0	0	0	0	0	0	0	0	0	0	0	0	0	0	0	220	0	0	0	210	0	222	0	610	0	1782	0	3634	244	0	0	0	0	0	382	0	282	356	0	
10272	Cerebelum_10_R	0	0	0	0	0	0	0	0	0	0	0	0	0	0	0	0	0	0	0	0	0	0	0	0	0	0	0	0	0	0	0	0	0	0	0	0	0	0	0	0	0	0	0	0	0	0	0	0	0	0	0	0	0	0	0	0	0	0	0	0	0	0	0	0	0	0	0	0	0	0	0	0	0	0	0	0	0	0	0	0	0	0	0	0	0	0	0	0	0	0	322	246	0	0	0	0	0	426	358	972	0	110	0	372	0	1160	0	0	0	0	0	450	108	270	342	0	
20904	Vermis_1_2	0	0	0	0	0	0	0	0	0	0	0	0	0	0	0	0	0	0	0	0	0	0	0	0	0	0	0	0	0	0	0	0	0	0	0	0	0	0	0	0	0	0	0	0	0	0	0	0	0	0	0	0	0	0	0	0	0	0	0	0	0	0	0	0	0	0	0	0	0	0	0	0	0	0	0	0	0	0	0	0	0	0	0	0	0	0	0	0	0	0	0	0	0	0	412	684	1094	142	414	274	0	0	0	0	0	488	0	0	0	4256	1838	436	0	0	414	0	
34436	Vermis_3	0	0	0	0	0	0	0	0	0	0	0	0	0	0	0	0	0	0	0	0	0	0	0	0	0	0	0	0	0	0	0	0	0	0	0	0	0	0	0	0	0	0	0	0	0	0	0	0	0	0	0	0	0	0	0	0	0	0	0	0	0	0	0	0	0	0	0	0	0	0	0	0	0	0	0	0	0	0	0	0	0	0	0	0	0	0	0	0	0	0	186	106	0	0	1048	2160	1884	526	728	652	0	0	0	0	0	922	0	0	4256	0	3066	744	0	214	726	0	
210620	Vermis_4_5	0	0	0	0	0	0	0	0	0	0	0	0	0	0	0	0	0	0	0	0	0	0	0	0	0	0	0	0	0	0	0	0	0	0	0	172	0	0	0	0	0	0	0	0	0	0	640	1130	0	0	0	0	0	0	3600	4078	0	0	0	0	0	0	0	0	0	0	0	244	0	0	0	0	0	0	0	0	0	0	0	0	0	0	0	0	0	0	0	0	0	0	5812	6390	244	0	1494	1066	17956	14266	14802	14082	172	0	176	0	1834	2344	0	0	1838	3066	0	5850	0	268	1534	2252	
229544	Vermis_6	0	0	0	0	0	0	0	0	0	0	0	0	0	0	0	0	0	0	0	0	0	0	0	0	0	0	0	0	0	0	0	0	0	0	0	0	0	0	0	0	0	0	0	0	0	0	2592	1882	0	0	0	0	0	0	3332	2704	0	0	0	0	0	0	0	0	0	0	0	0	0	0	0	0	0	0	0	0	0	0	0	0	0	0	0	0	0	0	0	0	0	0	11282	11318	1602	576	482	612	3256	1952	17452	19422	888	122	772	972	2332	7698	382	450	436	744	5850	0	4664	3156	6516	1326	
184336	Vermis_7	0	0	0	0	0	0	0	0	0	0	0	0	0	0	0	0	0	0	0	0	0	0	0	0	0	0	0	0	0	0	0	0	0	0	0	0	0	0	0	0	0	0	0	0	0	0	172	144	0	0	0	0	0	0	220	180	0	0	0	0	0	0	0	0	0	0	0	0	0	0	0	0	0	0	0	0	0	0	0	0	0	0	0	0	0	0	0	0	0	0	9886	6356	12588	10672	0	0	0	0	2318	6290	8722	2866	8610	9504	152	1748	0	108	0	0	0	4664	0	5234	1734	0	
108368	Vermis_8	0	0	0	0	0	0	0	0	0	0	0	0	0	0	0	0	0	0	0	0	0	0	0	0	0	0	0	0	0	0	0	0	0	0	0	0	0	0	0	0	0	0	0	0	0	0	0	0	0	0	0	0	0	0	0	0	0	0	0	0	0	0	0	0	0	0	0	0	0	0	0	0	0	0	0	0	0	0	0	0	0	0	0	0	0	0	0	0	0	0	2386	608	3216	2998	0	256	128	244	2202	1712	5786	1796	7764	5994	1016	3772	282	270	0	214	268	3156	5234	0	4882	0	
85736	Vermis_9	0	0	0	0	0	0	0	0	0	0	0	0	0	0	0	0	0	0	0	0	0	0	0	0	0	0	0	0	0	0	0	0	0	0	0	0	0	0	0	0	0	0	0	0	0	0	0	0	0	0	0	0	0	0	154	0	0	0	0	0	0	0	0	0	0	0	0	0	0	0	0	0	0	0	0	0	0	0	0	0	0	0	0	0	0	0	0	0	0	0	2608	160	588	144	264	500	1806	430	4602	2452	720	0	2060	850	1818	6858	356	342	414	726	1534	6516	1734	4882	0	350	
17664	Vermis_10	0	0	0	0	0	0	0	0	0	0	0	0	0	0	0	0	0	0	0	0	0	0	0	0	0	0	0	0	0	0	0	0	0	0	0	0	0	0	0	0	0	0	0	0	0	0	0	0	0	0	0	0	0	0	0	194	0	0	0	0	0	0	0	0	0	0	0	0	0	0	0	0	0	0	0	0	0	0	0	0	0	0	0	0	0	0	0	0	0	0	0	128	0	0	204	0	1210	946	462	450	0	0	0	0	508	802	0	0	0	0	2252	1326	0	0	350	0	
