data	data	447260	272156	1.07034e+06	779872	124844	88336	417036	260752	158048	89684	297956	158636	208580	224780	191656	164740	348368	165876	876200	744524	100204	112592	229884	265156	20324	64276	85332	92336	803520	473880	261916	426296	168972	390588	198428	269412	280260	471788	55264	203116	26124	80332	205756	336472	183528	321680	240556	324448	208264	323376	453780	255332	79424	143100	340584	512616	327536	131392	134628	71068	230128	86720	120680	90956	135288	103812	305880	438360	207468	145800	412184	542292	356592	434828	46384	32800	200028	201368	88152	47368	181060	134244	115540	50136	334520	214644	16236	23804	268908	279652	482680	446336	255276	306780	34964	68456	246524	169104	453768	473832	202336	156480	310292	298784	159108	124364	17388	18808	14972	38880	185984	267708	245840	106728	96456	36748	
data	data	Precentral_L	Precentral_R	Frontal_Sup_L	Frontal_Sup_R	Frontal_Sup_Orb_L	Frontal_Sup_Orb_R	Frontal_Mid_L	Frontal_Mid_R	Frontal_Mid_Orb_L	Frontal_Mid_Orb_R	Frontal_Inf_Oper_L	Frontal_Inf_Oper_R	Frontal_Inf_Tri_L	Frontal_Inf_Tri_R	Frontal_Inf_Orb_L	Frontal_Inf_Orb_R	Rolandic_Oper_L	Rolandic_Oper_R	Supp_Motor_Area_L	Supp_Motor_Area_R	Olfactory_L	Olfactory_R	Frontal_Sup_Medial_L	Frontal_Sup_Medial_R	Frontal_Med_Orb_L	Frontal_Med_Orb_R	Rectus_L	Rectus_R	Insula_L	Insula_R	Cingulum_Ant_L	Cingulum_Ant_R	Cingulum_Mid_L	Cingulum_Mid_R	Cingulum_Post_L	Cingulum_Post_R	Hippocampus_L	Hippocampus_R	ParaHippocampal_L	ParaHippocampal_R	Amygdala_L	Amygdala_R	Calcarine_L	Calcarine_R	Cuneus_L	Cuneus_R	Lingual_L	Lingual_R	Occipital_Sup_L	Occipital_Sup_R	Occipital_Mid_L	Occipital_Mid_R	Occipital_Inf_L	Occipital_Inf_R	Fusiform_L	Fusiform_R	Postcentral_L	Postcentral_R	Parietal_Sup_L	Parietal_Sup_R	Parietal_Inf_L	Parietal_Inf_R	SupraMarginal_L	SupraMarginal_R	Angular_L	Angular_R	Precuneus_L	Precuneus_R	Paracentral_Lobule_L	Paracentral_Lobule_R	Caudate_L	Caudate_R	Putamen_L	Putamen_R	Pallidum_L	Pallidum_R	Thalamus_L	Thalamus_R	Heschl_L	Heschl_R	Temporal_Sup_L	Temporal_Sup_R	Temporal_Pole_Sup_L	Temporal_Pole_Sup_R	Temporal_Mid_L	Temporal_Mid_R	Temporal_Pole_Mid_L	Temporal_Pole_Mid_R	Temporal_Inf_L	Temporal_Inf_R	Cerebelum_Crus1_L	Cerebelum_Crus1_R	Cerebelum_Crus2_L	Cerebelum_Crus2_R	Cerebelum_3_L	Cerebelum_3_R	Cerebelum_4_5_L	Cerebelum_4_5_R	Cerebelum_6_L	Cerebelum_6_R	Cerebelum_7b_L	Cerebelum_7b_R	Cerebelum_8_L	Cerebelum_8_R	Cerebelum_9_L	Cerebelum_9_R	Cerebelum_10_L	Cerebelum_10_R	Vermis_1_2	Vermis_3	Vermis_4_5	Vermis_6	Vermis_7	Vermis_8	Vermis_9	Vermis_10	
447260	Precentral_L	0	5718	29096	4378	0	0	19668	1434	0	0	12246	0	256	0	0	0	13962	0	17630	5560	0	0	0	0	0	0	0	0	12890	0	224	0	130	260	3384	2526	2592	1244	0	236	0	0	0	0	0	0	0	0	672	0	2760	0	340	0	926	0	35056	0	194	0	2508	0	318	0	342	0	596	0	15966	560	6314	2122	1248	162	698	188	7058	3110	2010	0	1784	0	1856	0	2218	0	0	0	1190	0	0	0	0	0	0	0	0	0	0	0	0	0	0	0	0	0	0	0	0	0	0	0	0	0	0	0	
272156	Precentral_R	5718	0	1654	11512	0	0	1564	13430	0	0	128	5442	0	128	0	0	464	3212	1078	8042	0	0	0	0	0	0	0	0	1842	2604	0	0	0	3492	1622	5694	924	5804	0	620	0	132	0	1618	0	456	0	404	0	272	0	888	0	1456	210	1650	1210	10864	0	0	0	1208	0	2166	0	0	136	4306	1166	7286	4472	5958	2870	2164	172	530	1480	2622	0	666	296	834	0	0	0	848	0	0	294	2470	0	0	0	0	0	0	0	0	0	0	0	0	0	0	0	0	0	0	0	0	0	0	0	0	0	0	
1.07034e+06	Frontal_Sup_L	29096	1654	0	15744	4066	0	62274	2762	3396	222	21584	308	16478	590	5240	250	21566	198	108288	23360	290	0	28318	1346	596	0	360	0	48276	724	16858	4342	5510	5962	2018	2358	7366	2092	0	354	0	0	0	0	0	0	0	176	0	0	690	0	218	0	888	0	13986	146	134	0	2248	0	0	112	308	0	0	224	7762	200	10372	2052	21760	434	7224	138	9568	1710	1688	0	4482	0	3506	0	636	0	0	0	660	0	0	0	0	0	0	0	0	0	0	0	0	0	0	0	0	0	0	0	0	0	0	0	0	0	0	0	
779872	Frontal_Sup_R	4378	11512	15744	0	0	2718	976	27484	874	2868	748	6474	164	10552	1166	4356	1104	8604	18990	66954	0	0	5372	28714	0	2734	0	316	3530	17514	2698	28680	832	11542	1044	2160	500	5958	0	1032	0	0	0	132	0	118	0	0	0	0	0	0	0	0	0	668	924	920	0	0	0	152	0	314	0	0	0	342	2630	882	8014	38478	1660	23722	0	2810	686	7492	0	316	678	146	250	0	0	0	0	0	0	310	0	0	0	0	0	0	0	0	0	0	0	0	0	0	0	0	0	0	0	0	0	0	0	0	0	0	
124844	Frontal_Sup_Orb_L	0	0	4066	0	0	0	886	0	14684	0	0	0	236	0	8388	0	0	0	700	0	2644	548	3126	360	2394	0	8586	356	3106	0	5592	172	250	0	0	0	0	0	0	0	0	0	0	0	0	0	0	0	0	0	0	0	0	0	0	0	0	0	0	0	0	0	0	0	0	0	0	0	0	0	1950	0	4378	0	0	0	0	0	0	0	0	0	0	0	0	0	0	0	0	0	0	0	0	0	0	0	0	0	0	0	0	0	0	0	0	0	0	0	0	0	0	0	0	0	0	0	
88336	Frontal_Sup_Orb_R	0	0	0	2718	0	0	0	152	0	3446	0	0	0	746	0	2452	0	0	0	0	288	2980	0	2408	128	7244	226	11066	0	1810	486	2982	0	0	0	0	0	0	0	0	0	0	0	0	0	0	0	0	0	0	0	0	0	0	0	0	0	0	0	0	0	0	0	0	0	0	0	0	0	0	142	2920	0	1974	0	0	0	0	0	0	0	0	0	0	0	0	0	0	0	0	0	0	0	0	0	0	0	0	0	0	0	0	0	0	0	0	0	0	0	0	0	0	0	0	0	0	
417036	Frontal_Mid_L	19668	1564	62274	976	886	0	0	998	4592	0	7632	0	23918	0	6206	0	4460	0	15886	594	0	0	10490	432	0	0	0	0	16112	200	4494	516	1826	236	398	634	1596	588	0	128	0	0	0	0	0	0	0	0	0	0	0	0	0	0	186	0	3234	0	0	0	698	0	0	0	0	0	0	0	462	0	4934	1240	5410	0	168	0	2412	496	0	0	600	0	1258	0	0	0	0	0	116	0	0	0	0	0	0	0	0	0	0	0	0	0	0	0	0	0	0	0	0	0	0	0	0	0	0	0	
260752	Frontal_Mid_R	1434	13430	2762	27484	0	152	998	0	930	1910	478	6512	0	16210	1044	3378	526	2878	2828	2640	0	0	424	3444	0	128	0	0	2594	6488	250	3776	0	1518	216	272	152	2090	0	376	0	0	0	0	0	0	0	0	0	0	0	0	0	0	0	410	584	738	0	0	0	146	0	226	0	0	0	118	0	0	4398	7154	1824	4976	0	400	170	676	0	318	262	214	186	0	0	0	0	0	0	254	0	0	0	0	0	0	0	0	0	0	0	0	0	0	0	0	0	0	0	0	0	0	0	0	0	0	
158048	Frontal_Mid_Orb_L	0	0	3396	874	14684	0	4592	930	0	0	0	0	2920	110	20492	0	0	0	828	200	500	0	182	0	676	0	5322	0	5990	222	2824	380	0	0	0	0	0	190	0	0	0	0	0	0	0	0	0	0	0	0	0	0	0	0	0	0	0	0	0	0	0	0	0	0	0	0	0	0	0	0	5210	1118	7216	0	0	0	0	0	0	0	0	0	168	0	0	0	0	0	0	0	0	0	0	0	0	0	0	0	0	0	0	0	0	0	0	0	0	0	0	0	0	0	0	0	0	0	
89684	Frontal_Mid_Orb_R	0	0	222	2868	0	3446	0	1910	0	0	0	0	0	1682	0	13342	0	0	298	2490	0	416	252	1660	0	120	0	1610	0	2876	0	682	0	1980	0	0	0	122	0	0	0	220	0	0	0	0	0	0	0	0	0	0	0	0	0	0	0	0	0	0	0	0	0	0	0	0	0	0	0	0	0	956	0	7690	0	0	0	0	0	0	0	0	0	0	0	0	0	0	0	0	0	0	0	0	0	0	0	0	0	0	0	0	0	0	0	0	0	0	0	0	0	0	0	0	0	0	
297956	Frontal_Inf_Oper_L	12246	128	21584	748	0	0	7632	478	0	0	0	0	8210	0	190	0	20822	0	17302	612	0	0	310	0	0	0	0	0	33498	0	1732	456	0	0	228	208	370	202	0	0	0	0	0	0	0	0	0	0	0	0	0	0	0	0	0	0	5628	0	0	0	0	0	0	0	0	0	0	0	0	0	4544	504	2454	0	0	0	288	0	198	0	2296	0	6110	0	0	0	0	0	0	0	0	0	0	0	0	0	0	0	0	0	0	0	0	0	0	0	0	0	0	0	0	0	0	0	0	0	
158636	Frontal_Inf_Oper_R	0	5442	308	6474	0	0	0	6512	0	0	0	0	0	9830	244	168	0	4096	426	4430	0	0	316	594	0	0	0	0	168	13546	456	2372	0	1078	0	0	0	2646	0	1102	0	0	0	114	0	0	0	0	0	0	0	0	0	0	0	910	0	1108	0	0	0	0	0	0	0	0	0	174	0	0	674	6834	0	6654	0	124	0	258	0	446	0	526	0	228	0	238	0	0	0	510	0	132	0	0	0	0	0	0	0	180	0	0	0	0	0	0	0	0	0	0	0	0	0	0	0	0	
208580	Frontal_Inf_Tri_L	256	0	16478	164	236	0	23918	0	2920	0	8210	0	0	0	8874	0	550	0	10322	0	0	0	1188	0	0	0	0	0	20966	272	1320	144	0	0	0	0	0	0	0	0	0	0	0	0	0	0	0	0	0	0	0	0	0	0	0	0	132	0	0	0	0	0	0	0	0	0	0	0	0	0	4016	634	3034	0	0	0	0	0	0	0	290	0	366	0	0	0	0	0	0	0	0	0	0	0	0	0	0	0	0	0	0	0	0	0	0	0	0	0	0	0	0	0	0	0	0	0	
224780	Frontal_Inf_Tri_R	0	128	590	10552	0	746	0	16210	110	1682	0	9830	0	0	256	11624	0	410	762	4884	0	854	408	3334	0	150	0	1020	210	22378	688	4512	0	1954	0	0	0	540	0	296	0	0	0	0	0	0	0	0	0	0	0	0	0	0	0	216	0	0	0	0	0	0	0	0	0	0	0	0	0	0	1284	10174	126	6462	0	0	0	0	0	0	0	0	0	0	0	0	0	0	0	0	0	0	0	0	0	0	0	0	0	0	0	0	0	0	0	0	0	0	0	0	0	0	0	0	0	0	
191656	Frontal_Inf_Orb_L	0	0	5240	1166	8388	0	6206	1044	20492	0	190	244	8874	256	0	122	0	0	2272	340	2766	254	160	0	0	0	2632	136	13588	638	366	394	0	0	0	0	0	202	0	0	0	0	0	0	0	0	0	0	0	0	0	0	0	0	0	0	0	0	0	0	0	0	0	0	0	0	0	0	0	0	6792	1822	10042	0	0	0	0	0	0	0	316	0	886	0	0	0	0	0	0	0	0	0	0	0	0	0	0	0	0	0	0	0	0	0	0	0	0	0	0	0	0	0	0	0	0	0	
164740	Frontal_Inf_Orb_R	0	0	250	4356	0	2452	0	3378	0	13342	0	168	0	11624	122	0	0	140	334	3270	0	3402	254	1738	0	0	0	3588	0	13430	128	920	0	2010	0	0	0	400	0	136	0	626	0	0	0	0	0	0	0	0	0	0	0	0	0	0	0	0	0	0	0	0	0	0	0	0	0	0	0	0	496	4472	0	11136	0	0	0	0	0	0	0	0	0	198	0	0	0	0	0	0	0	0	0	0	0	0	0	0	0	0	0	0	0	0	0	0	0	0	0	0	0	0	0	0	0	0	
348368	Rolandic_Oper_L	13962	464	21566	1104	0	0	4460	526	0	0	20822	0	550	0	0	0	0	0	16572	980	0	0	166	0	0	0	0	0	36190	0	1336	340	126	0	414	344	1706	266	0	0	0	0	0	0	0	0	0	0	140	0	1670	0	184	0	1052	0	12924	0	632	0	1400	0	2258	0	150	0	710	0	230	0	2368	522	1558	0	0	0	358	0	4750	0	11092	0	5704	0	3100	0	0	0	1488	0	0	0	0	0	0	0	0	0	0	0	0	0	0	0	0	0	0	0	0	0	0	0	0	0	0	0	
165876	Rolandic_Oper_R	0	3212	198	8604	0	0	0	2878	0	0	0	4096	0	410	0	140	0	0	194	6446	0	0	0	0	0	0	0	0	0	18318	0	0	0	0	170	234	0	2644	0	858	0	0	0	190	0	0	0	0	0	162	0	146	0	0	0	1028	0	3620	0	0	0	260	0	2318	0	0	0	238	0	0	0	6866	0	3910	0	0	0	472	0	7210	0	4800	0	754	0	604	0	0	0	1958	0	0	0	0	0	0	0	0	0	0	0	0	0	0	0	0	0	0	0	0	0	0	0	0	0	0	
876200	Supp_Motor_Area_L	17630	1078	108288	18990	700	0	15886	2828	828	298	17302	426	10322	762	2272	334	16572	194	0	45088	0	0	7642	2800	0	0	242	0	37900	920	9864	6868	13800	15462	2728	1908	3676	1456	0	160	0	0	0	0	0	0	0	0	0	0	368	0	118	0	746	0	5946	114	0	0	878	0	196	0	0	0	400	280	16430	1352	8806	2372	14032	778	2966	184	5176	1258	1496	0	4152	0	3032	0	986	0	0	0	810	0	0	0	0	0	0	0	0	0	0	0	0	0	0	0	0	0	0	0	0	0	0	0	0	0	0	0	
744524	Supp_Motor_Area_R	5560	8042	23360	66954	0	0	594	2640	200	2490	612	4430	0	4884	340	3270	980	6446	45088	0	0	0	1140	8946	0	0	0	0	2156	11090	2796	14960	7468	35626	1958	10688	0	1824	0	428	0	0	0	758	0	172	0	216	0	0	0	186	0	428	0	492	680	2324	0	0	0	0	0	0	0	0	194	3966	14520	17662	5228	29668	1058	13284	0	712	0	3882	0	248	564	136	198	0	0	256	0	0	0	460	0	0	0	0	0	0	0	0	0	0	0	0	0	0	0	0	0	0	0	0	0	0	0	0	0	0	
100204	Olfactory_L	0	0	290	0	2644	288	0	0	500	0	0	0	0	0	2766	0	0	0	0	0	0	8518	0	0	436	0	5792	2452	3354	0	5388	3620	0	0	0	0	254	0	174	0	248	0	0	0	0	0	0	0	0	0	0	0	0	0	0	0	0	0	0	0	0	0	0	0	0	0	0	0	0	0	8704	3578	846	0	0	0	0	0	0	0	0	0	250	0	0	0	0	0	0	0	0	0	0	0	0	0	0	0	0	0	0	0	0	0	0	0	0	0	0	0	0	0	0	0	0	0	
112592	Olfactory_R	0	0	0	0	548	2980	0	0	0	416	0	0	0	854	254	3402	0	0	0	0	8518	0	0	0	0	944	3844	6628	0	4488	4046	3304	0	0	0	0	0	1158	0	620	0	1874	0	0	0	0	0	0	0	0	0	0	0	0	0	0	0	0	0	0	0	0	0	0	0	0	0	0	0	0	7346	3758	562	540	0	0	0	0	0	0	0	0	0	212	0	0	0	0	0	0	0	0	0	0	0	0	0	0	0	0	0	0	0	0	0	0	0	0	0	0	0	0	0	0	0	0	
229884	Frontal_Sup_Medial_L	0	0	28318	5372	3126	0	10490	424	182	252	310	316	1188	408	160	254	166	0	7642	1140	0	0	0	11280	1302	162	0	0	870	286	12872	11798	5216	9024	0	0	0	0	0	0	0	0	0	0	0	0	0	0	0	0	0	0	0	0	0	0	0	0	0	0	0	0	0	0	0	0	0	0	0	0	256	510	1076	542	0	0	0	0	0	0	0	0	0	0	0	0	0	0	0	0	0	0	0	0	0	0	0	0	0	0	0	0	0	0	0	0	0	0	0	0	0	0	0	0	0	0	
265156	Frontal_Sup_Medial_R	0	0	1346	28714	360	2408	432	3444	0	1660	0	594	0	3334	0	1738	0	0	2800	8946	0	0	11280	0	110	3240	0	0	0	2782	2834	25960	270	15930	0	0	0	0	0	0	0	0	0	0	0	0	0	0	0	0	0	0	0	0	0	0	0	0	0	0	0	0	0	0	0	0	0	0	0	0	238	5746	0	8172	0	240	0	0	0	0	0	0	0	0	0	0	0	0	0	0	0	0	0	0	0	0	0	0	0	0	0	0	0	0	0	0	0	0	0	0	0	0	0	0	0	0	
20324	Frontal_Med_Orb_L	0	0	596	0	2394	128	0	0	676	0	0	0	0	0	0	0	0	0	0	0	436	0	1302	110	0	372	896	158	0	0	2174	360	0	0	0	0	0	0	0	0	0	0	0	0	0	0	0	0	0	0	0	0	0	0	0	0	0	0	0	0	0	0	0	0	0	0	0	0	0	0	428	132	0	0	0	0	0	0	0	0	0	0	0	0	0	0	0	0	0	0	0	0	0	0	0	0	0	0	0	0	0	0	0	0	0	0	0	0	0	0	0	0	0	0	0	0	
64276	Frontal_Med_Orb_R	0	0	0	2734	0	7244	0	128	0	120	0	0	0	150	0	0	0	0	0	0	0	944	162	3240	372	0	136	5802	0	232	666	4730	0	0	0	0	0	0	0	0	0	0	0	0	0	0	0	0	0	0	0	0	0	0	0	0	0	0	0	0	0	0	0	0	0	0	0	0	0	0	0	3492	0	1986	0	0	0	0	0	0	0	0	0	0	0	0	0	0	0	0	0	0	0	0	0	0	0	0	0	0	0	0	0	0	0	0	0	0	0	0	0	0	0	0	0	0	
85332	Rectus_L	0	0	360	0	8586	226	0	0	5322	0	0	0	0	0	2632	0	0	0	242	0	5792	3844	0	0	896	136	0	2284	1302	0	5112	1606	0	0	0	0	0	0	0	0	0	0	0	0	0	0	0	0	0	0	0	0	0	0	0	0	0	0	0	0	0	0	0	0	0	0	0	0	0	0	3516	502	308	0	0	0	0	0	0	0	0	0	0	0	0	0	0	0	0	0	0	0	0	0	0	0	0	0	0	0	0	0	0	0	0	0	0	0	0	0	0	0	0	0	0	0	
92336	Rectus_R	0	0	0	316	356	11066	0	0	0	1610	0	0	0	1020	136	3588	0	0	0	0	2452	6628	0	0	158	5802	2284	0	0	2070	1880	2730	0	0	0	0	0	0	0	0	0	118	0	0	0	0	0	0	0	0	0	0	0	0	0	0	0	0	0	0	0	0	0	0	0	0	0	0	0	0	1542	776	0	1636	0	0	0	0	0	0	0	0	0	0	0	0	0	0	0	0	0	0	0	0	0	0	0	0	0	0	0	0	0	0	0	0	0	0	0	0	0	0	0	0	0	0	
803520	Insula_L	12890	1842	48276	3530	3106	0	16112	2594	5990	0	33498	168	20966	210	13588	0	36190	0	37900	2156	3354	0	870	0	0	0	1302	0	0	412	2838	938	348	0	3042	2878	12830	2584	734	290	1444	0	0	0	232	0	178	234	330	0	2140	0	814	0	5932	0	10994	144	0	0	972	0	1590	0	0	0	554	274	548	0	20062	3384	26654	0	0	0	3840	1548	11048	0	15678	0	12032	0	5680	0	0	0	4018	0	0	0	0	0	0	0	0	0	0	0	0	0	0	0	0	0	0	0	0	0	0	0	0	0	0	0	
473880	Insula_R	0	2604	724	17514	0	1810	200	6488	222	2876	0	13546	272	22378	638	13430	0	18318	920	11090	0	4488	286	2782	0	232	0	2070	412	0	584	4508	0	1822	286	368	0	15308	0	6280	0	4054	0	548	0	206	0	0	0	286	0	0	0	382	0	5302	0	1072	0	0	0	0	0	336	0	0	0	836	0	0	1788	17996	0	28822	0	286	0	794	0	4544	0	7402	0	2404	0	1480	0	162	0	4860	0	296	0	0	0	0	0	230	0	398	0	0	0	0	0	0	0	0	0	0	0	0	0	0	0	0	
261916	Cingulum_Ant_L	224	0	16858	2698	5592	486	4494	250	2824	0	1732	456	1320	688	366	128	1336	0	9864	2796	5388	4046	12872	2834	2174	666	5112	1880	2838	584	0	16936	3772	4494	174	148	158	126	0	0	0	0	0	0	0	0	0	0	0	0	0	0	0	0	0	0	0	0	0	0	0	0	0	0	0	0	0	0	0	0	8182	3312	1810	872	0	0	148	0	0	0	110	0	210	0	0	0	0	0	0	0	0	0	0	0	0	0	0	0	0	0	0	0	0	0	0	0	0	0	0	0	0	0	0	0	0	0	
426296	Cingulum_Ant_R	0	0	4342	28680	172	2982	516	3776	380	682	456	2372	144	4512	394	920	340	0	6868	14960	3620	3304	11798	25960	360	4730	1606	2730	938	4508	16936	0	1460	24870	0	0	0	0	0	0	0	0	0	0	0	0	0	0	0	0	0	0	0	0	0	0	0	0	0	0	0	0	0	0	0	0	0	0	0	0	4220	20510	0	12190	0	516	0	396	0	0	0	0	0	0	0	0	0	0	0	0	0	0	0	0	0	0	0	0	0	0	0	0	0	0	0	0	0	0	0	0	0	0	0	0	0	0	
168972	Cingulum_Mid_L	130	0	5510	832	250	0	1826	0	0	0	0	0	0	0	0	0	126	0	13800	7468	0	0	5216	270	0	0	0	0	348	0	3772	1460	0	7134	3166	1022	0	0	0	0	0	0	1170	0	3084	0	214	0	1884	0	4028	0	0	0	196	0	314	0	244	0	150	0	164	0	130	0	10396	1072	4900	806	190	162	582	0	0	0	240	154	0	0	0	0	0	0	1804	0	0	0	272	0	0	0	0	0	0	0	0	0	0	0	0	0	0	0	0	0	0	0	0	0	0	0	0	0	0	0	
390588	Cingulum_Mid_R	260	3492	5962	11542	0	0	236	1518	0	1980	0	1078	0	1954	0	2010	0	0	15462	35626	0	0	9024	15930	0	0	0	0	0	1822	4494	24870	7134	0	1060	5792	0	0	0	0	0	0	0	1348	0	4008	0	156	0	1756	0	966	0	876	0	226	0	2596	0	288	0	0	0	0	0	0	950	12314	3406	8576	0	1138	0	3356	0	0	0	188	0	0	0	0	0	0	0	1324	0	0	0	576	0	0	0	0	0	0	0	0	0	0	0	0	0	0	0	0	0	0	0	0	0	0	0	0	0	0	
198428	Cingulum_Post_L	3384	1622	2018	1044	0	0	398	216	0	0	228	0	0	0	0	0	414	170	2728	1958	0	0	0	0	0	0	0	0	3042	286	174	0	3166	1060	0	14532	9738	8596	2336	1426	0	0	2114	130	1640	0	906	692	210	0	540	0	200	0	832	194	218	110	0	0	0	0	0	0	0	0	5064	2358	6766	1222	514	304	2666	502	0	0	6332	6288	0	0	0	0	0	0	194	0	0	0	546	0	0	0	0	0	0	0	0	0	0	0	0	0	0	0	0	0	0	0	0	0	136	0	0	0	0	0	
269412	Cingulum_Post_R	2526	5694	2358	2160	0	0	634	272	0	0	208	0	0	0	0	0	344	234	1908	10688	0	0	0	0	0	0	0	0	2878	368	148	0	1022	5792	14532	0	7018	13088	260	2360	0	0	0	2646	184	546	0	3160	0	0	0	370	0	784	322	736	224	1394	0	0	0	0	0	0	0	0	1304	12320	2398	8446	628	1400	2876	586	0	0	8616	9728	0	0	0	0	0	0	0	308	0	0	398	490	0	0	0	0	0	0	0	0	0	0	0	0	0	0	0	0	0	0	0	0	350	0	0	0	0	0	
280260	Hippocampus_L	2592	924	7366	500	0	0	1596	152	0	0	370	0	0	0	0	0	1706	0	3676	0	254	0	0	0	0	0	0	0	12830	0	158	0	0	0	9738	7018	0	6004	8822	1232	5258	0	2010	0	0	0	2972	716	0	0	142	0	120	0	13220	118	1256	0	0	0	0	0	0	0	0	0	3116	1214	342	0	2172	116	9042	116	838	0	10736	4136	3930	0	1182	0	1840	0	1076	0	0	0	9396	0	0	0	0	0	0	0	0	0	0	0	0	0	0	0	0	0	0	0	0	0	128	0	0	0	0	0	
471788	Hippocampus_R	1244	5804	2092	5958	0	0	588	2090	190	122	202	2646	0	540	202	400	266	2644	1456	1824	0	1158	0	0	0	0	0	0	2584	15308	126	0	0	0	8596	13088	6004	0	160	28770	0	12786	0	3788	0	140	0	3168	0	274	0	0	0	1044	228	28010	158	190	0	0	0	0	0	0	0	0	0	8306	210	514	1044	4484	2498	18682	0	1244	6718	14090	0	780	0	1448	0	2406	0	2976	0	496	276	13214	0	796	0	0	0	0	0	674	0	1190	0	0	0	0	0	0	0	0	0	0	0	0	0	0	0	0	
55264	ParaHippocampal_L	0	0	0	0	0	0	0	0	0	0	0	0	0	0	0	0	0	0	0	0	174	0	0	0	0	0	0	0	734	0	0	0	0	0	2336	260	8822	160	0	0	1128	0	1478	0	0	0	3024	150	0	0	250	0	292	0	3478	0	0	0	0	0	0	0	0	0	0	0	2286	188	0	0	0	0	250	0	0	0	986	146	0	0	0	0	354	0	0	0	0	0	1136	0	0	0	0	0	0	0	0	0	0	0	0	0	0	0	0	0	0	0	0	0	0	0	0	0	0	0	
203116	ParaHippocampal_R	236	620	354	1032	0	0	128	376	0	0	0	1102	0	296	0	136	0	858	160	428	0	620	0	0	0	0	0	0	290	6280	0	0	0	0	1426	2360	1232	28770	0	0	0	7290	0	166	0	0	0	2130	0	0	0	0	0	428	0	17778	0	0	0	0	0	0	0	0	0	0	0	1612	0	0	132	394	490	8700	0	388	1374	2334	0	160	0	486	0	2090	0	1414	0	716	128	3418	0	832	0	0	0	0	0	1048	0	1346	0	0	0	0	0	0	0	0	0	0	0	0	0	0	0	0	
26124	Amygdala_L	0	0	0	0	0	0	0	0	0	0	0	0	0	0	0	0	0	0	0	0	248	0	0	0	0	0	0	0	1444	0	0	0	0	0	0	0	5258	0	1128	0	0	0	0	0	0	0	0	0	0	0	0	0	0	0	2518	0	0	0	0	0	0	0	0	0	0	0	0	0	0	0	0	0	196	0	0	0	0	0	0	0	0	0	1162	0	0	0	164	0	944	0	0	0	0	0	0	0	0	0	0	0	0	0	0	0	0	0	0	0	0	0	0	0	0	0	0	0	
80332	Amygdala_R	0	132	0	0	0	0	0	0	0	220	0	0	0	0	0	626	0	0	0	0	0	1874	0	0	0	0	0	118	0	4054	0	0	0	0	0	0	0	12786	0	7290	0	0	0	0	0	0	0	0	0	0	0	0	0	0	0	6212	0	0	0	0	0	0	0	0	0	0	0	0	0	0	0	0	0	2234	0	0	0	0	0	0	0	0	0	2912	0	0	0	526	0	918	0	0	0	0	0	0	0	264	0	0	0	0	0	0	0	0	0	0	0	0	0	0	0	0	0	0	
205756	Calcarine_L	0	0	0	0	0	0	0	0	0	0	0	0	0	0	0	0	0	0	0	0	0	0	0	0	0	0	0	0	0	0	0	0	1170	0	2114	0	2010	0	1478	0	0	0	0	6278	14860	4590	12636	2198	14400	1706	17020	124	1110	0	3034	0	0	0	316	0	0	0	0	0	0	0	14718	258	536	0	0	0	0	0	0	0	0	0	0	0	0	0	0	0	1890	0	0	0	244	0	0	0	0	0	0	0	0	0	188	0	0	0	0	0	0	0	0	0	0	0	0	0	0	0	0	0	
336472	Calcarine_R	0	1618	0	132	0	0	0	0	0	0	0	114	0	0	0	0	0	190	0	758	0	0	0	0	0	0	0	0	0	548	0	0	0	1348	130	2646	0	3788	0	166	0	0	6278	0	5212	27566	322	27868	0	23478	122	15244	0	7512	0	8872	0	1338	0	228	0	0	0	0	0	128	502	23494	0	1624	0	0	0	0	0	0	0	0	0	0	0	0	0	0	0	1616	0	0	0	4444	0	0	0	0	0	0	0	0	0	560	0	0	0	0	0	0	0	0	0	0	208	182	0	0	0	0	
183528	Cuneus_L	0	0	0	0	0	0	0	0	0	0	0	0	0	0	0	0	0	0	0	0	0	0	0	0	0	0	0	0	232	0	0	0	3084	0	1640	184	0	0	0	0	0	0	14860	5212	0	6312	1762	1330	18136	1580	13792	0	202	0	320	0	262	0	2018	0	284	0	0	0	150	0	14686	2254	1170	0	0	0	0	0	0	0	0	0	204	0	0	0	0	0	1744	0	0	0	346	0	0	0	0	0	0	0	0	0	0	0	0	0	0	0	0	0	0	0	0	0	0	0	0	0	0	0	
321680	Cuneus_R	0	456	0	118	0	0	0	0	0	0	0	0	0	0	0	0	0	0	0	172	0	0	0	0	0	0	0	0	0	206	0	0	0	4008	0	546	0	140	0	0	0	0	4590	27566	6312	0	0	11978	522	36278	198	13176	0	1658	0	1260	0	1144	0	3180	0	0	0	0	0	272	6522	29382	0	1000	0	0	0	0	0	0	0	0	0	0	0	820	0	0	0	5522	0	0	0	3814	0	0	0	0	0	0	0	0	0	0	0	0	0	0	0	0	0	0	0	0	0	0	0	0	0	0	
240556	Lingual_L	0	0	0	0	0	0	0	0	0	0	0	0	0	0	0	0	0	0	0	0	0	0	0	0	0	0	0	0	178	0	0	0	214	0	906	0	2972	0	3024	0	0	0	12636	322	1762	0	0	2938	3670	0	10224	0	4946	0	16418	684	0	0	122	0	0	0	0	0	0	0	5072	0	0	0	0	0	0	0	0	0	0	0	282	0	0	0	0	0	392	0	0	0	242	0	9572	1874	548	112	452	0	10988	0	15396	2480	592	0	728	0	0	0	0	0	128	224	4616	4442	1122	0	0	0	
324448	Lingual_R	0	404	176	0	0	0	0	0	0	0	0	0	0	0	0	0	0	0	0	216	0	0	0	0	0	0	0	0	234	0	0	0	0	156	692	3160	716	3168	150	2130	0	0	2198	27868	1330	11978	2938	0	0	12954	0	7688	0	3822	998	18484	0	302	0	0	0	0	0	0	0	0	0	7868	0	482	0	166	222	0	0	0	552	260	0	0	0	0	0	0	0	310	0	0	0	450	2608	5714	416	502	870	164	3576	2490	6124	11258	112	120	338	398	1084	0	0	0	0	166	5604	8088	520	0	0	0	
208264	Occipital_Sup_L	672	0	0	0	0	0	0	0	0	0	0	0	0	0	0	0	140	0	0	0	0	0	0	0	0	0	0	0	330	0	0	0	1884	0	210	0	0	0	0	0	0	0	14400	0	18136	522	3670	0	0	0	32972	0	962	0	1118	0	836	0	5464	0	1036	0	0	0	212	0	12230	852	928	0	0	0	0	0	0	0	0	0	268	0	0	0	0	0	7060	0	0	0	230	0	0	0	0	0	0	0	0	0	0	0	0	0	0	0	0	0	0	0	0	0	0	0	0	0	0	0	
323376	Occipital_Sup_R	0	272	0	0	0	0	0	0	0	0	0	0	0	0	0	0	0	162	0	0	0	0	0	0	0	0	0	0	0	286	0	0	0	1756	0	0	0	274	0	0	0	0	1706	23478	1580	36278	0	12954	0	0	0	25254	0	1482	0	1882	0	1046	0	7144	0	3274	0	1428	0	6188	3796	20652	0	868	0	0	0	0	0	0	0	0	0	0	0	1548	0	0	0	4470	0	0	0	3910	0	0	0	0	0	0	0	0	0	0	0	0	0	0	0	0	0	0	0	0	0	0	0	0	0	0	
453780	Occipital_Mid_L	2760	0	690	0	0	0	0	0	0	0	0	0	0	0	0	0	1670	0	368	0	0	0	0	0	0	0	0	0	2140	0	0	0	4028	0	540	0	142	0	250	0	0	0	17020	122	13792	198	10224	0	32972	0	0	0	11770	0	7782	0	8624	0	14844	0	17662	0	2456	0	17310	0	17846	0	2350	0	0	0	0	0	0	0	0	0	1562	0	714	0	0	0	28258	0	0	0	8796	0	0	0	0	0	0	0	0	0	0	0	0	0	0	0	0	0	0	0	0	0	0	0	0	0	0	0	
255332	Occipital_Mid_R	0	888	0	0	0	0	0	0	0	0	0	0	0	0	0	0	0	146	0	186	0	0	0	0	0	0	0	0	0	0	0	0	0	966	0	370	0	0	0	0	0	0	124	15244	0	13176	0	7688	0	25254	0	0	0	9530	0	5240	0	654	0	1902	0	2920	0	1376	0	11954	1796	11368	0	624	0	0	0	0	0	0	0	0	0	0	0	1048	0	0	0	10998	0	0	0	3522	0	0	0	0	0	0	0	0	0	692	0	0	0	0	0	0	0	0	0	0	0	0	0	0	0	0	
79424	Occipital_Inf_L	340	0	218	0	0	0	0	0	0	0	0	0	0	0	0	0	184	0	118	0	0	0	0	0	0	0	0	0	814	0	0	0	0	0	200	0	120	0	292	0	0	0	1110	0	202	0	4946	0	962	0	11770	0	0	0	8930	0	0	0	0	0	430	0	526	0	424	0	664	0	280	0	0	0	0	0	0	0	0	0	748	0	158	0	0	0	3212	0	0	0	3064	0	0	0	0	0	0	0	0	0	0	0	0	0	0	0	0	0	0	0	0	0	0	0	0	0	0	0	
143100	Occipital_Inf_R	0	1456	0	0	0	0	0	0	0	0	0	0	0	0	0	0	0	0	0	428	0	0	0	0	0	0	0	0	0	382	0	0	0	876	0	784	0	1044	0	428	0	0	0	7512	0	1658	0	3822	0	1482	0	9530	0	0	0	13182	0	424	0	0	0	206	0	1452	0	698	210	7240	0	556	0	0	0	0	0	0	0	0	0	0	0	1836	0	0	0	5282	0	0	0	9352	0	124	0	0	0	0	0	264	0	1188	0	0	0	0	0	0	0	0	0	0	0	134	0	0	0	0	
340584	Fusiform_L	926	210	888	0	0	0	186	0	0	0	0	0	0	0	0	0	1052	0	746	0	0	0	0	0	0	0	0	0	5932	0	0	0	196	0	832	322	13220	228	3478	0	2518	0	3034	0	320	0	16418	998	1118	0	7782	0	8930	0	0	0	426	0	148	0	468	0	594	0	180	0	2972	112	514	0	662	0	1280	0	0	0	986	222	3984	0	1774	0	1562	0	5542	0	1046	0	17570	0	15740	1314	1992	0	184	0	9108	0	22666	1444	1386	0	1388	0	0	0	0	0	0	0	1712	2872	1110	0	0	0	
512616	Fusiform_R	0	1650	0	668	0	0	0	410	0	0	0	910	0	216	0	0	0	1028	0	492	0	0	0	0	0	0	0	0	0	5302	0	0	0	226	194	736	118	28010	0	17778	0	6212	0	8872	0	1260	684	18484	0	1882	0	5240	0	13182	0	0	0	172	0	0	0	250	0	1638	0	682	0	4514	0	320	0	236	0	5906	0	236	0	556	0	312	0	2912	0	4300	0	6628	0	2148	0	27922	620	20678	0	1202	636	1386	1398	10306	3124	28826	0	314	230	1310	1338	194	0	0	0	268	5418	6298	360	116	0	0	
327536	Postcentral_L	35056	1210	13986	924	0	0	3234	584	0	0	5628	0	132	0	0	0	12924	0	5946	680	0	0	0	0	0	0	0	0	10994	0	0	0	314	0	218	224	1256	158	0	0	0	0	0	0	262	0	0	0	836	0	8624	0	0	0	426	0	0	0	10398	0	19472	0	8068	0	3258	0	3560	0	2382	0	2542	358	358	0	0	0	350	122	2618	0	3012	0	196	0	2412	0	0	0	1046	0	0	0	0	0	0	0	0	0	0	0	0	0	0	0	0	0	0	0	0	0	0	0	0	0	0	0	
131392	Postcentral_R	0	10864	146	920	0	0	0	738	0	0	0	1108	0	0	0	0	0	3620	114	2324	0	0	0	0	0	0	0	0	144	1072	0	0	0	2596	110	1394	0	190	0	0	0	0	0	1338	0	1144	0	302	0	1046	0	654	0	424	0	172	0	0	0	4288	0	5258	0	9684	0	336	166	7126	0	4838	212	1652	0	110	0	0	0	0	0	184	0	854	0	0	0	366	0	0	0	202	0	0	0	0	0	0	0	0	0	0	0	0	0	0	0	0	0	0	0	0	0	0	0	0	0	0	
134628	Parietal_Sup_L	194	0	134	0	0	0	0	0	0	0	0	0	0	0	0	0	632	0	0	0	0	0	0	0	0	0	0	0	0	0	0	0	244	0	0	0	0	0	0	0	0	0	316	0	2018	0	122	0	5464	0	14844	0	0	0	148	0	10398	0	0	0	12864	0	176	0	2692	0	12534	346	830	0	0	0	0	0	0	0	0	0	0	0	134	0	0	0	1970	0	0	0	1254	0	0	0	0	0	0	0	0	0	0	0	0	0	0	0	0	0	0	0	0	0	0	0	0	0	0	0	
71068	Parietal_Sup_R	0	0	0	0	0	0	0	0	0	0	0	0	0	0	0	0	0	0	0	0	0	0	0	0	0	0	0	0	0	0	0	0	0	288	0	0	0	0	0	0	0	0	0	228	0	3180	0	0	0	7144	0	1902	0	0	0	0	0	4288	0	0	0	3670	0	434	0	2530	880	10008	0	284	0	0	0	0	0	0	0	0	0	0	0	122	0	0	0	242	0	0	0	334	0	0	0	0	0	0	0	0	0	0	0	0	0	0	0	0	0	0	0	0	0	0	0	0	0	0	
230128	Parietal_Inf_L	2508	0	2248	0	0	0	698	0	0	0	0	0	0	0	0	0	1400	0	878	0	0	0	0	0	0	0	0	0	972	0	0	0	150	0	0	0	0	0	0	0	0	0	0	0	284	0	0	0	1036	0	17662	0	430	0	468	0	19472	0	12864	0	0	0	17008	0	18942	0	1648	0	554	0	134	0	0	0	0	0	0	0	0	0	626	0	0	0	9142	0	0	0	5940	0	0	0	0	0	0	0	0	0	0	0	0	0	0	0	0	0	0	0	0	0	0	0	0	0	0	0	
86720	Parietal_Inf_R	0	1208	0	152	0	0	0	146	0	0	0	0	0	0	0	0	0	260	0	0	0	0	0	0	0	0	0	0	0	0	0	0	0	0	0	0	0	0	0	0	0	0	0	0	0	0	0	0	0	3274	0	2920	0	206	0	250	0	5258	0	3670	0	0	0	11100	0	12052	0	258	0	0	110	634	0	116	0	118	0	0	0	0	0	736	0	0	0	360	0	0	0	532	0	0	0	0	0	0	0	0	0	0	0	0	0	0	0	0	0	0	0	0	0	0	0	0	0	0	
120680	SupraMarginal_L	318	0	0	0	0	0	0	0	0	0	0	0	0	0	0	0	2258	0	196	0	0	0	0	0	0	0	0	0	1590	0	0	0	164	0	0	0	0	0	0	0	0	0	0	0	0	0	0	0	0	0	2456	0	526	0	594	0	8068	0	176	0	17008	0	0	0	6168	0	874	0	0	0	0	0	0	0	0	0	0	0	114	0	3916	0	0	0	8844	0	0	0	7070	0	0	0	0	0	0	0	0	0	0	0	0	0	0	0	0	0	0	0	0	0	0	0	0	0	0	0	
90956	SupraMarginal_R	0	2166	112	314	0	0	0	226	0	0	0	0	0	0	0	0	0	2318	0	0	0	0	0	0	0	0	0	0	0	336	0	0	0	0	0	0	0	0	0	0	0	0	0	0	0	0	0	0	0	1428	0	1376	0	1452	0	1638	0	9684	0	434	0	11100	0	0	0	2696	0	0	0	0	172	698	0	130	0	178	0	0	0	218	0	6114	0	0	0	984	0	0	0	1704	0	0	0	0	0	0	0	0	0	0	0	0	0	0	0	0	0	0	0	0	0	0	0	0	0	0	
135288	Angular_L	342	0	308	0	0	0	0	0	0	0	0	0	0	0	0	0	150	0	0	0	0	0	0	0	0	0	0	0	0	0	0	0	130	0	0	0	0	0	0	0	0	0	0	0	150	0	0	0	212	0	17310	0	424	0	180	0	3258	0	2692	0	18942	0	6168	0	0	0	390	0	160	0	0	0	0	0	0	0	0	0	0	0	788	0	0	0	12136	0	0	0	3904	0	0	0	0	0	0	0	0	0	0	0	0	0	0	0	0	0	0	0	0	0	0	0	0	0	0	0	
103812	Angular_R	0	0	0	0	0	0	0	0	0	0	0	0	0	0	0	0	0	0	0	0	0	0	0	0	0	0	0	0	0	0	0	0	0	0	0	0	0	0	0	0	0	0	0	128	0	272	0	0	0	6188	0	11954	0	698	0	682	0	336	0	2530	0	12052	0	2696	0	0	0	482	0	0	0	0	0	0	0	0	0	0	0	0	0	5188	0	0	0	7624	0	0	0	1076	0	0	0	0	0	0	0	0	0	0	0	0	0	0	0	0	0	0	0	0	0	0	0	0	0	0	
305880	Precuneus_L	596	136	0	0	0	0	0	0	0	0	0	0	0	0	0	0	710	0	400	194	0	0	0	0	0	0	0	0	554	0	0	0	10396	950	5064	1304	3116	0	2286	0	0	0	14718	502	14686	6522	5072	0	12230	3796	17846	1796	664	210	2972	0	3560	166	12534	880	1648	0	874	0	390	0	0	12984	4188	262	0	0	0	0	0	0	0	0	308	0	230	0	0	0	5366	726	0	0	1654	450	0	0	0	0	0	0	0	0	0	0	0	0	0	0	0	0	0	0	0	0	0	0	0	0	0	0	
438360	Precuneus_R	0	4306	224	342	0	0	0	118	0	0	0	174	0	0	0	0	0	238	280	3966	0	0	0	0	0	0	0	0	274	836	0	0	1072	12314	2358	12320	1214	8306	188	1612	0	0	258	23494	2254	29382	0	7868	852	20652	0	11368	0	7240	112	4514	0	7126	346	10008	0	258	0	0	0	482	12984	0	394	8046	0	0	284	154	0	0	1270	590	0	130	0	888	0	0	0	8144	0	0	190	9244	0	0	0	0	0	0	0	0	0	0	0	0	0	0	0	0	0	0	0	0	506	0	0	0	0	0	
207468	Paracentral_Lobule_L	15966	1166	7762	2630	0	0	462	0	0	0	0	0	0	0	0	0	230	0	16430	14520	0	0	0	0	0	0	0	0	548	0	0	0	4900	3406	6766	2398	342	210	0	0	0	0	536	0	1170	0	0	0	928	0	2350	0	280	0	514	0	2382	0	830	0	554	0	0	0	160	0	4188	394	0	3416	980	1538	162	0	128	0	2556	944	0	0	0	0	0	0	1394	0	0	0	594	0	0	0	0	0	0	0	0	0	0	0	0	0	0	0	0	0	0	0	0	0	0	0	0	0	0	0	
145800	Paracentral_Lobule_R	560	7286	200	882	0	0	0	0	0	0	0	0	0	0	0	0	0	0	1352	17662	0	0	0	0	0	0	0	0	0	0	0	0	806	8576	1222	8446	0	514	0	0	0	0	0	1624	0	1000	0	482	0	868	0	624	0	556	0	320	0	4838	0	284	0	0	0	0	0	0	262	8046	3416	0	0	1020	0	0	0	0	0	864	0	0	0	0	0	0	0	616	0	0	0	574	0	0	0	0	0	0	0	0	0	0	0	0	0	0	0	0	0	0	0	0	0	0	0	0	0	0	
412184	Caudate_L	6314	4472	10372	8014	1950	142	4934	4398	5210	0	4544	674	4016	1284	6792	496	2368	0	8806	5228	8704	7346	256	238	428	0	3516	1542	20062	1788	8182	4220	190	0	514	628	2172	1044	0	132	0	0	0	0	0	0	0	0	0	0	0	0	0	0	662	0	2542	212	0	0	134	110	0	172	0	0	0	0	980	0	0	17302	22394	1212	2942	164	8502	2260	194	0	2742	0	1582	0	320	0	0	0	690	0	0	0	0	0	0	0	0	0	0	0	0	0	0	0	0	0	0	0	0	0	0	0	0	0	0	0	
542292	Caudate_R	2122	5958	2052	38478	0	2920	1240	7154	1118	956	504	6834	634	10174	1822	4472	522	6866	2372	29668	3578	3758	510	5746	132	3492	502	776	3384	17996	3312	20510	162	1138	304	1400	116	4484	0	394	0	0	0	0	0	0	0	166	0	0	0	0	0	0	0	236	358	1652	0	0	0	634	0	698	0	0	0	0	1538	1020	17302	0	2286	24336	0	2774	646	18164	0	1108	302	202	164	0	0	0	0	0	0	0	0	0	0	0	0	0	0	0	0	0	0	0	0	0	0	0	0	0	0	0	0	0	0	0	0	0	
356592	Putamen_L	1248	2870	21760	1660	4378	0	5410	1824	7216	0	2454	0	3034	126	10042	0	1558	0	14032	1058	846	562	1076	0	0	0	308	0	26654	0	1810	0	582	0	2666	2876	9042	2498	250	490	196	0	0	0	0	0	0	222	0	0	0	0	0	0	1280	0	358	0	0	0	0	0	0	0	0	0	0	284	162	0	22394	2286	0	0	7022	0	5628	1838	234	0	3808	0	3012	0	178	0	0	0	1064	0	0	0	0	0	0	0	0	0	0	0	0	0	0	0	0	0	0	0	0	0	0	0	0	0	0	0	
434828	Putamen_R	162	2164	434	23722	0	1974	0	4976	0	7690	0	6654	0	6462	0	11136	0	3910	778	13284	0	540	542	8172	0	1986	0	1636	0	28822	872	12190	0	3356	502	586	116	18682	0	8700	0	2234	0	0	0	0	0	0	0	0	0	0	0	0	0	5906	0	110	0	0	0	116	0	130	0	0	0	154	0	0	1212	24336	0	0	0	5170	0	1716	0	356	0	974	0	0	0	698	0	0	0	2612	0	550	0	0	0	0	0	326	0	766	0	0	0	0	0	0	0	0	0	0	0	0	0	0	0	0	
46384	Pallidum_L	698	172	7224	0	0	0	168	0	0	0	0	0	0	0	0	0	0	0	2966	0	0	0	0	0	0	0	0	0	0	0	0	0	0	0	0	0	838	0	0	0	0	0	0	0	0	0	0	0	0	0	0	0	0	0	0	0	0	0	0	0	0	0	0	0	0	0	0	0	128	0	2942	0	7022	0	0	0	1034	0	0	0	0	0	0	0	0	0	0	0	0	0	0	0	0	0	0	0	0	0	0	0	0	0	0	0	0	0	0	0	0	0	0	0	0	0	0	0	
32800	Pallidum_R	188	530	138	2810	0	0	0	400	0	0	0	124	0	0	0	0	0	0	184	712	0	0	0	240	0	0	0	0	0	286	0	516	0	0	0	0	0	1244	0	388	0	0	0	0	0	0	0	0	0	0	0	0	0	0	0	236	0	0	0	0	0	118	0	178	0	0	0	0	0	0	164	2774	0	5170	0	0	0	0	0	0	0	0	0	0	0	0	0	0	0	0	0	0	0	0	0	0	0	0	0	0	0	0	0	0	0	0	0	0	0	0	0	0	0	0	0	0	
200028	Thalamus_L	7058	1480	9568	686	0	0	2412	170	0	0	288	0	0	0	0	0	358	0	5176	0	0	0	0	0	0	0	0	0	3840	0	148	0	240	0	6332	8616	10736	6718	986	1374	0	0	0	0	0	0	0	552	0	0	0	0	0	0	986	0	350	0	0	0	0	0	0	0	0	0	0	1270	2556	0	8502	646	5628	0	1034	0	0	10982	0	0	0	0	0	0	0	0	0	0	1196	0	0	0	0	0	0	0	0	0	0	0	0	0	0	0	0	0	0	0	0	0	126	0	0	0	0	0	
201368	Thalamus_R	3110	2622	1710	7492	0	0	496	676	0	0	0	258	0	0	0	0	0	472	1258	3882	0	0	0	0	0	0	0	0	1548	794	0	396	154	188	6288	9728	4136	14090	146	2334	0	0	0	0	0	0	0	260	0	0	0	0	0	0	222	556	122	0	0	0	0	0	0	0	0	0	0	590	944	864	2260	18164	1838	1716	0	0	10982	0	0	0	0	0	0	0	0	0	0	0	254	134	0	0	0	0	0	0	0	0	0	0	0	0	0	0	0	0	0	0	0	0	0	0	0	0	0	0	
88152	Heschl_L	2010	0	1688	0	0	0	0	0	0	0	198	0	0	0	0	0	4750	0	1496	0	0	0	0	0	0	0	0	0	11048	0	0	0	0	0	0	0	3930	0	0	0	0	0	0	0	204	0	282	0	268	0	1562	0	748	0	3984	0	2618	0	0	0	0	0	114	0	0	0	308	0	0	0	194	0	234	0	0	0	0	0	0	0	2894	0	0	0	3546	0	0	0	2000	0	0	0	0	0	0	0	0	0	0	0	0	0	0	0	0	0	0	0	0	0	0	0	0	0	0	0	
47368	Heschl_R	0	666	0	316	0	0	0	318	0	0	0	446	0	0	0	0	0	7210	0	248	0	0	0	0	0	0	0	0	0	4544	0	0	0	0	0	0	0	780	0	160	0	0	0	0	0	0	0	0	0	0	0	0	0	0	0	312	0	184	0	0	0	0	0	218	0	0	0	130	0	0	0	1108	0	356	0	0	0	0	0	0	0	4642	0	0	0	662	0	0	0	1384	0	0	0	0	0	0	0	0	0	0	0	0	0	0	0	0	0	0	0	0	0	0	0	0	0	0	
181060	Temporal_Sup_L	1784	296	4482	678	0	0	600	262	0	0	2296	0	290	0	316	0	11092	0	4152	564	0	0	0	0	0	0	0	0	15678	0	110	0	0	0	0	0	1182	0	0	0	0	0	0	0	0	0	0	0	0	0	714	0	158	0	1774	0	3012	0	134	0	626	0	3916	0	788	0	230	0	0	0	2742	302	3808	0	0	0	0	0	2894	0	0	0	3772	0	13876	0	120	0	7882	0	0	0	0	0	0	0	0	0	0	0	0	0	0	0	0	0	0	0	0	0	0	0	0	0	0	0	
134244	Temporal_Sup_R	0	834	0	146	0	0	0	214	0	0	0	526	0	0	0	0	0	4800	0	136	0	0	0	0	0	0	0	0	0	7402	0	0	0	0	0	0	0	1448	0	486	0	0	0	0	0	820	0	0	0	1548	0	1048	0	1836	0	2912	0	854	0	122	0	736	0	6114	0	5188	0	888	0	0	0	202	0	974	0	0	0	0	0	4642	0	0	0	2436	0	14774	0	498	0	5538	0	0	0	0	0	0	0	0	0	0	0	0	0	0	0	0	0	0	0	0	0	0	0	0	0	0	
115540	Temporal_Pole_Sup_L	1856	0	3506	250	0	0	1258	186	168	0	6110	0	366	0	886	0	5704	0	3032	198	250	0	0	0	0	0	0	0	12032	0	210	0	0	0	0	0	1840	0	354	0	1162	0	0	0	0	0	0	0	0	0	0	0	0	0	1562	0	196	0	0	0	0	0	0	0	0	0	0	0	0	0	1582	164	3012	0	0	0	0	0	0	0	3772	0	0	0	3354	0	2596	0	2164	0	0	0	0	0	0	0	0	0	0	0	0	0	0	0	0	0	0	0	0	0	0	0	0	0	0	0	
50136	Temporal_Pole_Sup_R	0	0	0	0	0	0	0	0	0	0	0	228	0	0	0	198	0	754	0	0	0	212	0	0	0	0	0	0	0	2404	0	0	0	0	0	0	0	2406	0	2090	0	2912	0	0	0	0	0	0	0	0	0	0	0	0	0	4300	0	0	0	0	0	0	0	0	0	0	0	0	0	0	0	0	0	0	0	0	0	0	0	0	0	2436	0	0	0	1076	0	3524	0	2528	0	0	0	0	0	0	0	0	0	0	0	0	0	0	0	0	0	0	0	0	0	0	0	0	0	0	
334520	Temporal_Mid_L	2218	0	636	0	0	0	0	0	0	0	0	0	0	0	0	0	3100	0	986	0	0	0	0	0	0	0	0	0	5680	0	0	0	1804	0	194	0	1076	0	0	0	0	0	1890	0	1744	0	392	0	7060	0	28258	0	3212	0	5542	0	2412	0	1970	0	9142	0	8844	0	12136	0	5366	0	1394	0	320	0	178	0	0	0	0	0	3546	0	13876	0	3354	0	0	0	2062	0	38868	0	0	0	0	0	0	0	0	0	0	0	0	0	0	0	0	0	0	0	0	0	0	0	0	0	0	0	
214644	Temporal_Mid_R	0	848	0	0	0	0	0	0	0	0	0	238	0	0	0	0	0	604	0	256	0	0	0	0	0	0	0	0	0	1480	0	0	0	1324	0	308	0	2976	0	1414	0	0	0	1616	0	5522	0	310	0	4470	0	10998	0	5282	0	6628	0	366	0	242	0	360	0	984	0	7624	726	8144	0	616	0	0	0	698	0	0	0	0	0	662	0	14774	0	1076	0	0	0	2058	0	24718	0	0	0	0	0	0	0	0	0	0	0	0	0	0	0	0	0	0	0	0	0	0	0	0	0	0	
16236	Temporal_Pole_Mid_L	0	0	0	0	0	0	0	0	0	0	0	0	0	0	0	0	0	0	0	0	0	0	0	0	0	0	0	0	0	0	0	0	0	0	0	0	0	0	0	0	164	0	0	0	0	0	0	0	0	0	0	0	0	0	1046	0	0	0	0	0	0	0	0	0	0	0	0	0	0	0	0	0	0	0	0	0	0	0	0	0	120	0	2596	0	2062	0	0	0	2130	0	0	0	0	0	0	0	0	0	0	0	0	0	0	0	0	0	0	0	0	0	0	0	0	0	0	0	
23804	Temporal_Pole_Mid_R	0	0	0	0	0	0	0	0	0	0	0	0	0	0	0	0	0	0	0	0	0	0	0	0	0	0	0	0	0	162	0	0	0	0	0	0	0	496	0	716	0	526	0	0	0	0	0	0	0	0	0	0	0	0	0	2148	0	0	0	0	0	0	0	0	0	0	0	0	0	0	0	0	0	0	0	0	0	0	0	0	0	498	0	3524	0	2058	0	0	0	1774	0	0	0	0	0	0	0	0	0	0	0	0	0	0	0	0	0	0	0	0	0	0	0	0	0	0	
268908	Temporal_Inf_L	1190	294	660	0	0	0	116	0	0	0	0	0	0	0	0	0	1488	0	810	0	0	0	0	0	0	0	0	0	4018	0	0	0	272	0	546	398	9396	276	1136	128	944	0	244	0	346	0	242	0	230	0	8796	0	3064	0	17570	0	1046	0	1254	0	5940	0	7070	0	3904	0	1654	190	594	0	690	0	1064	0	0	0	1196	254	2000	0	7882	0	2164	0	38868	0	2130	0	0	0	2298	0	1062	0	0	0	128	0	464	0	328	0	110	0	0	0	0	0	0	0	0	0	0	0	0	0	
279652	Temporal_Inf_R	0	2470	0	310	0	0	0	254	0	0	0	510	0	0	0	0	0	1958	0	460	0	0	0	0	0	0	0	0	0	4860	0	0	0	576	0	490	0	13214	0	3418	0	918	0	4444	0	3814	0	450	0	3910	0	3522	0	9352	0	27922	0	202	0	334	0	532	0	1704	0	1076	450	9244	0	574	0	0	0	2612	0	0	0	134	0	1384	0	5538	0	2528	0	24718	0	1774	0	0	0	2086	0	314	0	206	0	406	0	1158	0	0	0	0	0	0	0	0	0	0	0	0	0	0	0	0	
482680	Cerebelum_Crus1_L	0	0	0	0	0	0	0	0	0	0	0	0	0	0	0	0	0	0	0	0	0	0	0	0	0	0	0	0	0	0	0	0	0	0	0	0	0	0	0	0	0	0	0	0	0	0	9572	2608	0	0	0	0	0	0	15740	620	0	0	0	0	0	0	0	0	0	0	0	0	0	0	0	0	0	0	0	0	0	0	0	0	0	0	0	0	0	0	0	0	2298	0	0	7202	36092	9958	714	740	16948	892	47768	6326	14444	5688	23016	7140	2554	1202	192	0	0	214	5340	7622	14534	1040	876	0	
446336	Cerebelum_Crus1_R	0	0	0	0	0	0	0	0	0	0	0	132	0	0	0	0	0	0	0	0	0	0	0	0	0	0	0	0	0	296	0	0	0	0	0	0	0	796	0	832	0	0	0	0	0	0	1874	5714	0	0	0	0	0	124	1314	20678	0	0	0	0	0	0	0	0	0	0	0	0	0	0	0	0	0	550	0	0	0	0	0	0	0	0	0	0	0	0	0	0	0	2086	7202	0	712	32880	672	2604	1548	11008	9112	52894	494	5944	2868	20970	2768	1954	164	122	124	904	7100	13188	10332	1938	1270	0	
255276	Cerebelum_Crus2_L	0	0	0	0	0	0	0	0	0	0	0	0	0	0	0	0	0	0	0	0	0	0	0	0	0	0	0	0	0	0	0	0	0	0	0	0	0	0	0	0	0	0	0	0	0	0	548	416	0	0	0	0	0	0	1992	0	0	0	0	0	0	0	0	0	0	0	0	0	0	0	0	0	0	0	0	0	0	0	0	0	0	0	0	0	0	0	0	0	1062	0	36092	712	0	6992	126	0	2042	0	6596	910	28376	3156	25002	2662	742	0	0	0	0	0	526	890	6656	1968	172	0	
306780	Cerebelum_Crus2_R	0	0	0	0	0	0	0	0	0	0	0	0	0	0	0	0	0	0	0	0	0	0	0	0	0	0	0	0	0	0	0	0	0	0	0	0	0	0	0	0	0	0	0	0	0	0	112	502	0	0	0	0	0	0	0	1202	0	0	0	0	0	0	0	0	0	0	0	0	0	0	0	0	0	0	0	0	0	0	0	0	0	0	0	0	0	0	0	0	0	314	9958	32880	6992	0	0	780	284	998	2990	11860	3314	17294	7912	27026	2086	2426	0	0	0	262	176	2392	16612	3438	1580	0	
34964	Cerebelum_3_L	0	0	0	0	0	0	0	0	0	0	0	0	0	0	0	0	0	0	0	0	0	0	0	0	0	0	0	0	0	0	0	0	0	0	0	0	0	0	0	0	0	0	0	0	0	0	452	870	0	0	0	0	0	0	184	636	0	0	0	0	0	0	0	0	0	0	0	0	0	0	0	0	0	0	0	0	0	0	0	0	0	0	0	0	0	0	0	0	0	0	714	672	126	0	0	0	5344	0	2304	784	0	0	184	0	1134	0	0	0	760	1420	1040	858	0	0	0	0	
68456	Cerebelum_3_R	0	0	0	0	0	0	0	0	0	0	0	0	0	0	0	0	0	0	0	0	0	0	0	0	0	0	0	0	0	0	0	0	0	0	0	0	0	0	0	0	0	0	0	0	0	0	0	164	0	0	0	0	0	0	0	1386	0	0	0	0	0	0	0	0	0	0	0	0	0	0	0	0	0	0	0	0	0	0	0	0	0	0	0	0	0	0	0	0	0	206	740	2604	0	780	0	0	510	7690	646	6150	0	516	300	1422	450	1358	0	270	772	2726	1822	1310	1090	162	852	302	
246524	Cerebelum_4_5_L	0	0	0	0	0	0	0	0	0	0	0	0	0	0	0	0	0	0	0	0	0	0	0	0	0	0	0	0	0	0	0	0	0	0	0	0	0	0	0	0	0	0	0	0	0	0	10988	3576	0	0	0	0	0	0	9108	1398	0	0	0	0	0	0	0	0	0	0	0	0	0	0	0	0	0	0	0	0	0	0	0	0	0	0	0	0	0	0	0	0	128	0	16948	1548	2042	284	5344	510	0	1096	31672	2358	1606	194	3056	312	5884	1524	474	252	648	1412	12188	4810	340	360	1478	1724	
169104	Cerebelum_4_5_R	0	0	0	0	0	0	0	0	0	0	0	0	0	0	0	0	0	0	0	0	0	0	0	0	0	0	0	0	0	230	0	0	0	0	0	0	0	674	0	1048	0	264	0	0	0	0	0	2490	0	0	0	0	0	264	0	10306	0	0	0	0	0	0	0	0	0	0	0	0	0	0	0	0	0	326	0	0	0	0	0	0	0	0	0	0	0	0	0	0	0	406	892	11008	0	998	0	7690	1096	0	946	22520	0	576	266	1600	594	1560	0	374	138	2236	10668	2104	922	554	1228	574	
453768	Cerebelum_6_L	0	0	0	0	0	0	0	0	0	0	0	0	0	0	0	0	0	0	0	0	0	0	0	0	0	0	0	0	0	0	0	0	0	0	0	0	0	0	0	0	0	0	188	0	0	0	15396	6124	0	0	0	0	0	0	22666	3124	0	0	0	0	0	0	0	0	0	0	0	0	0	0	0	0	0	0	0	0	0	0	0	0	0	0	0	0	0	0	0	0	464	0	47768	9112	6596	2990	2304	646	31672	946	0	11148	5234	1398	8596	2752	7086	1910	994	428	0	184	9538	17050	6956	922	2000	692	
473832	Cerebelum_6_R	0	0	0	0	0	0	0	0	0	0	0	180	0	0	0	0	0	0	0	0	0	0	0	0	0	0	0	0	0	398	0	0	0	0	0	0	0	1190	0	1346	0	0	0	560	0	0	2480	11258	0	0	0	692	0	1188	1444	28826	0	0	0	0	0	0	0	0	0	0	0	0	0	0	0	0	0	766	0	0	0	0	0	0	0	0	0	0	0	0	0	0	0	1158	6326	52894	910	11860	784	6150	2358	22520	11148	0	436	2432	2160	11886	3516	3446	250	732	254	1866	11116	18514	8416	2474	2596	386	
202336	Cerebelum_7b_L	0	0	0	0	0	0	0	0	0	0	0	0	0	0	0	0	0	0	0	0	0	0	0	0	0	0	0	0	0	0	0	0	0	0	0	0	0	0	0	0	0	0	0	0	0	0	592	112	0	0	0	0	0	0	1386	0	0	0	0	0	0	0	0	0	0	0	0	0	0	0	0	0	0	0	0	0	0	0	0	0	0	0	0	0	0	0	0	0	328	0	14444	494	28376	3314	0	0	1606	0	5234	436	0	3022	26472	2946	3828	110	278	0	0	0	370	510	3802	3300	208	0	
156480	Cerebelum_7b_R	0	0	0	0	0	0	0	0	0	0	0	0	0	0	0	0	0	0	0	0	0	0	0	0	0	0	0	0	0	0	0	0	0	0	0	0	0	0	0	0	0	0	0	0	0	0	0	120	0	0	0	0	0	0	0	314	0	0	0	0	0	0	0	0	0	0	0	0	0	0	0	0	0	0	0	0	0	0	0	0	0	0	0	0	0	0	0	0	0	0	5688	5944	3156	17294	0	516	194	576	1398	2432	3022	0	6430	14828	1484	1904	0	0	0	170	0	786	8276	2976	732	0	
310292	Cerebelum_8_L	0	0	0	0	0	0	0	0	0	0	0	0	0	0	0	0	0	0	0	0	0	0	0	0	0	0	0	0	0	0	0	0	0	0	0	0	0	0	0	0	0	0	0	0	0	0	728	338	0	0	0	0	0	0	1388	230	0	0	0	0	0	0	0	0	0	0	0	0	0	0	0	0	0	0	0	0	0	0	0	0	0	0	0	0	0	0	0	0	110	0	23016	2868	25002	7912	184	300	3056	266	8596	2160	26472	6430	0	8902	15180	1038	1910	0	0	0	810	1086	9962	5770	1432	0	
298784	Cerebelum_8_R	0	0	0	0	0	0	0	0	0	0	0	0	0	0	0	0	0	0	0	0	0	0	0	0	0	0	0	0	0	0	0	0	0	0	0	0	0	0	0	0	0	0	0	0	0	0	0	398	0	0	0	0	0	0	0	1310	0	0	0	0	0	0	0	0	0	0	0	0	0	0	0	0	0	0	0	0	0	0	0	0	0	0	0	0	0	0	0	0	0	0	7140	20970	2662	27026	0	1422	312	1600	2752	11886	2946	14828	8902	0	3130	14364	0	458	0	476	330	2354	13016	7662	3294	154	
159108	Cerebelum_9_L	0	0	0	0	0	0	0	0	0	0	0	0	0	0	0	0	0	0	0	0	0	0	0	0	0	0	0	0	0	0	0	0	0	0	0	0	0	0	0	0	0	0	0	0	0	0	0	1084	0	0	0	0	0	0	0	1338	0	0	0	0	0	0	0	0	0	0	0	0	0	0	0	0	0	0	0	0	0	0	0	0	0	0	0	0	0	0	0	0	0	0	2554	2768	742	2086	1134	450	5884	594	7086	3516	3828	1484	15180	3130	0	3248	3814	606	0	172	1558	5982	3164	2888	4000	1264	
124364	Cerebelum_9_R	0	0	0	0	0	0	0	0	0	0	0	0	0	0	0	0	0	0	0	0	0	0	0	0	0	0	0	0	0	0	0	0	0	0	0	0	0	0	0	0	0	0	0	0	0	0	0	0	0	0	0	0	0	0	0	194	0	0	0	0	0	0	0	0	0	0	0	0	0	0	0	0	0	0	0	0	0	0	0	0	0	0	0	0	0	0	0	0	0	0	1202	1954	0	2426	0	1358	1524	1560	1910	3446	110	1904	1038	14364	3248	0	0	2224	236	514	1180	6176	2118	3178	7108	3210	
17388	Cerebelum_10_L	0	0	0	0	0	0	0	0	0	0	0	0	0	0	0	0	0	0	0	0	0	0	0	0	0	0	0	0	0	0	0	0	0	0	0	0	0	0	0	0	0	0	0	0	0	0	0	0	0	0	0	0	0	0	0	0	0	0	0	0	0	0	0	0	0	0	0	0	0	0	0	0	0	0	0	0	0	0	0	0	0	0	0	0	0	0	0	0	0	0	192	164	0	0	0	0	474	0	994	250	278	0	1910	0	3814	0	0	0	0	0	0	618	0	0	0	0	
18808	Cerebelum_10_R	0	0	0	0	0	0	0	0	0	0	0	0	0	0	0	0	0	0	0	0	0	0	0	0	0	0	0	0	0	0	0	0	0	0	0	0	0	0	0	0	0	0	0	0	0	0	0	0	0	0	0	0	0	0	0	0	0	0	0	0	0	0	0	0	0	0	0	0	0	0	0	0	0	0	0	0	0	0	0	0	0	0	0	0	0	0	0	0	0	0	0	122	0	0	0	270	252	374	428	732	0	0	0	458	606	2224	0	0	0	0	0	1280	188	650	1322	498	
14972	Vermis_1_2	0	0	0	0	0	0	0	0	0	0	0	0	0	0	0	0	0	0	0	0	0	0	0	0	0	0	0	0	0	0	0	0	0	0	0	0	0	0	0	0	0	0	0	0	0	0	128	0	0	0	0	0	0	0	0	0	0	0	0	0	0	0	0	0	0	0	0	0	0	0	0	0	0	0	0	0	0	0	0	0	0	0	0	0	0	0	0	0	0	0	0	124	0	0	760	772	648	138	0	254	0	0	0	0	0	236	0	0	0	3252	754	276	0	0	144	0	
38880	Vermis_3	0	0	0	0	0	0	0	0	0	0	0	0	0	0	0	0	0	0	0	0	0	0	0	0	0	0	0	0	0	0	0	0	0	0	0	0	0	0	0	0	0	0	0	0	0	0	224	166	0	0	0	0	0	0	0	268	0	0	0	0	0	0	0	0	0	0	0	0	0	0	0	0	0	0	0	0	0	0	0	0	0	0	0	0	0	0	0	0	0	0	214	904	0	262	1420	2726	1412	2236	184	1866	0	170	0	476	172	514	0	0	3252	0	1756	584	274	0	360	0	
185984	Vermis_4_5	0	0	0	0	0	0	0	0	0	0	0	0	0	0	0	0	0	0	0	0	0	0	0	0	0	0	0	0	0	0	0	0	0	0	136	350	128	0	0	0	0	0	0	208	0	0	4616	5604	0	0	0	0	0	0	1712	5418	0	0	0	0	0	0	0	0	0	0	0	506	0	0	0	0	0	0	0	0	126	0	0	0	0	0	0	0	0	0	0	0	0	0	5340	7100	526	176	1040	1822	12188	10668	9538	11116	370	0	810	330	1558	1180	0	0	754	1756	0	5522	0	0	766	1628	
267708	Vermis_6	0	0	0	0	0	0	0	0	0	0	0	0	0	0	0	0	0	0	0	0	0	0	0	0	0	0	0	0	0	0	0	0	0	0	0	0	0	0	0	0	0	0	0	182	0	0	4442	8088	0	0	0	0	0	134	2872	6298	0	0	0	0	0	0	0	0	0	0	0	0	0	0	0	0	0	0	0	0	0	0	0	0	0	0	0	0	0	0	0	0	0	0	7622	13188	890	2392	858	1310	4810	2104	17050	18514	510	786	1086	2354	5982	6176	618	1280	276	584	5522	0	5414	2632	6076	3804	
