data	data	422644	321404	750144	759352	148288	73924	442500	267384	75200	21356	216872	165268	295196	155012	165976	79464	218648	128440	565944	858680	87908	68124	377524	344152	34528	74100	64648	57260	563176	318892	341076	459772	248464	517564	196500	222616	202080	323236	55596	229976	30156	67092	279012	346664	185948	440840	255260	299256	202076	338956	490144	176352	122440	64080	288560	360192	281224	240676	138620	131864	241776	113376	139336	126424	140708	125676	361564	627008	186560	347520	306384	383816	236712	272900	43324	30072	201960	189632	88936	37588	179292	120264	72352	55216	312648	325936	24220	21396	269516	291588	431840	388856	349320	287964	36372	124488	278992	253356	428680	401464	276168	125720	337324	295440	143788	214408	56480	15700	29984	112928	264676	228236	159428	96392	139252	89096	
data	data	Precentral_L	Precentral_R	Frontal_Sup_L	Frontal_Sup_R	Frontal_Sup_Orb_L	Frontal_Sup_Orb_R	Frontal_Mid_L	Frontal_Mid_R	Frontal_Mid_Orb_L	Frontal_Mid_Orb_R	Frontal_Inf_Oper_L	Frontal_Inf_Oper_R	Frontal_Inf_Tri_L	Frontal_Inf_Tri_R	Frontal_Inf_Orb_L	Frontal_Inf_Orb_R	Rolandic_Oper_L	Rolandic_Oper_R	Supp_Motor_Area_L	Supp_Motor_Area_R	Olfactory_L	Olfactory_R	Frontal_Sup_Medial_L	Frontal_Sup_Medial_R	Frontal_Med_Orb_L	Frontal_Med_Orb_R	Rectus_L	Rectus_R	Insula_L	Insula_R	Cingulum_Ant_L	Cingulum_Ant_R	Cingulum_Mid_L	Cingulum_Mid_R	Cingulum_Post_L	Cingulum_Post_R	Hippocampus_L	Hippocampus_R	ParaHippocampal_L	ParaHippocampal_R	Amygdala_L	Amygdala_R	Calcarine_L	Calcarine_R	Cuneus_L	Cuneus_R	Lingual_L	Lingual_R	Occipital_Sup_L	Occipital_Sup_R	Occipital_Mid_L	Occipital_Mid_R	Occipital_Inf_L	Occipital_Inf_R	Fusiform_L	Fusiform_R	Postcentral_L	Postcentral_R	Parietal_Sup_L	Parietal_Sup_R	Parietal_Inf_L	Parietal_Inf_R	SupraMarginal_L	SupraMarginal_R	Angular_L	Angular_R	Precuneus_L	Precuneus_R	Paracentral_Lobule_L	Paracentral_Lobule_R	Caudate_L	Caudate_R	Putamen_L	Putamen_R	Pallidum_L	Pallidum_R	Thalamus_L	Thalamus_R	Heschl_L	Heschl_R	Temporal_Sup_L	Temporal_Sup_R	Temporal_Pole_Sup_L	Temporal_Pole_Sup_R	Temporal_Mid_L	Temporal_Mid_R	Temporal_Pole_Mid_L	Temporal_Pole_Mid_R	Temporal_Inf_L	Temporal_Inf_R	Cerebelum_Crus1_L	Cerebelum_Crus1_R	Cerebelum_Crus2_L	Cerebelum_Crus2_R	Cerebelum_3_L	Cerebelum_3_R	Cerebelum_4_5_L	Cerebelum_4_5_R	Cerebelum_6_L	Cerebelum_6_R	Cerebelum_7b_L	Cerebelum_7b_R	Cerebelum_8_L	Cerebelum_8_R	Cerebelum_9_L	Cerebelum_9_R	Cerebelum_10_L	Cerebelum_10_R	Vermis_1_2	Vermis_3	Vermis_4_5	Vermis_6	Vermis_7	Vermis_8	Vermis_9	Vermis_10	
422644	Precentral_L	0	3858	9764	744	0	0	15972	0	0	0	8948	0	336	0	0	0	11324	0	10888	4936	0	0	72	0	0	0	0	0	9206	124	104	0	1768	684	8684	4026	4180	2182	120	926	0	0	836	0	570	68	116	522	414	0	4372	0	70	0	198	420	31804	0	2662	0	4998	0	1738	0	1830	0	4052	634	13708	2280	7600	282	4482	0	1526	0	18338	3460	2584	0	944	0	90	0	764	0	0	0	882	108	0	0	0	0	0	0	0	124	0	0	0	0	0	0	0	0	0	0	0	0	0	0	0	0	0	0	
321404	Precentral_R	3858	0	1046	13428	0	0	948	10176	0	0	228	6100	0	1412	0	0	158	2472	1614	16458	0	0	0	0	0	0	0	0	158	3876	0	188	298	3780	914	3770	496	4160	0	276	0	0	0	532	116	782	0	1002	0	474	0	162	0	108	0	924	658	20094	0	1170	0	660	0	2760	0	508	0	3452	4710	9256	1968	12374	226	1286	168	826	3178	14402	0	252	0	266	0	0	0	948	0	0	0	1626	0	0	0	0	0	0	0	0	0	0	0	0	0	0	0	0	0	0	0	0	0	0	0	0	0	0	
750144	Frontal_Sup_L	9764	1046	0	10440	10226	70	64294	1082	2878	0	10462	274	20166	300	9874	124	6744	0	55284	13276	446	82	41624	8260	1988	456	450	0	30970	254	20352	8154	7324	4920	84	74	1398	0	86	0	122	80	0	142	0	176	0	0	0	0	120	0	0	0	188	0	2222	0	0	0	0	0	506	0	0	0	114	368	1576	296	11794	662	10332	66	582	0	622	128	330	0	454	0	808	0	0	0	0	0	92	66	0	0	0	0	0	0	0	0	0	0	0	0	0	0	0	0	0	0	0	0	0	0	0	0	0	0	
759352	Frontal_Sup_R	744	13428	10440	0	0	2126	1248	36496	0	148	1500	9214	828	11148	0	3832	678	8522	12268	60536	0	0	8674	33796	0	3328	0	0	2120	15470	6144	34308	3116	19602	242	1258	152	1972	0	510	0	76	0	676	0	780	0	372	0	0	0	0	0	0	0	112	190	2434	0	0	0	0	0	602	0	0	0	2000	1144	1808	8228	25790	420	16110	0	2808	1484	9262	0	210	0	274	720	98	0	110	0	0	0	120	0	0	0	0	0	0	0	0	0	0	0	0	0	0	0	0	0	0	0	0	0	0	0	0	0	0	
148288	Frontal_Sup_Orb_L	0	0	10226	0	0	0	2554	0	9868	0	146	0	2008	0	12044	0	0	0	260	0	4594	0	5208	982	3250	150	7042	0	6346	0	4242	426	0	0	0	0	0	0	0	0	582	0	0	0	0	0	0	0	0	0	0	0	0	0	0	0	0	0	0	0	0	0	0	0	0	0	0	0	0	0	1060	0	2892	0	0	0	0	0	0	0	0	0	264	0	0	0	0	0	0	0	0	0	0	0	0	0	0	0	0	0	0	0	0	0	0	0	0	0	0	0	0	0	0	0	0	0	
73924	Frontal_Sup_Orb_R	0	0	70	2126	0	0	0	708	0	3756	0	0	0	448	0	7062	0	0	0	252	280	1582	222	1396	0	4796	96	4940	0	1742	640	1122	0	0	0	0	0	0	0	160	0	384	0	0	0	0	0	0	0	0	0	0	0	0	0	0	0	0	0	0	0	0	0	0	0	0	0	0	0	0	300	922	190	3594	0	0	0	0	0	0	0	0	0	174	0	0	0	0	0	0	0	0	0	0	0	0	0	0	0	0	0	0	0	0	0	0	0	0	0	0	0	0	0	0	0	0	
442500	Frontal_Mid_L	15972	948	64294	1248	2554	0	0	210	4928	0	16482	0	36102	0	11354	0	2186	0	8214	3010	294	0	10652	1612	0	0	128	0	22292	0	5364	780	2386	1348	0	78	334	0	0	0	0	0	0	0	0	0	0	0	0	0	144	0	0	0	0	0	710	0	0	0	0	0	0	0	0	0	126	118	220	200	3746	96	1730	0	578	0	668	0	0	0	0	0	144	0	0	0	0	0	0	0	0	0	0	0	0	0	0	0	0	0	0	0	0	0	0	0	0	0	0	0	0	0	0	0	0	0	
267384	Frontal_Mid_R	0	10176	1082	36496	0	708	210	0	0	164	68	10974	72	18514	0	3730	0	4370	2002	3800	0	0	332	4184	0	0	0	0	118	8324	80	942	0	2856	0	0	0	1466	0	332	0	0	0	0	0	0	0	370	0	0	0	0	0	0	0	120	0	2732	0	66	0	0	0	588	0	0	0	112	0	0	676	3408	80	8984	0	998	604	3376	0	176	0	208	0	0	0	74	0	0	0	120	0	0	0	0	0	0	0	0	0	0	0	0	0	0	0	0	0	0	0	0	0	0	0	0	0	0	
75200	Frontal_Mid_Orb_L	0	0	2878	0	9868	0	4928	0	0	0	0	0	3430	0	12348	0	0	0	0	0	676	0	0	0	0	0	1042	0	1978	0	0	0	0	0	0	0	0	0	0	0	0	0	0	0	0	0	0	0	0	0	0	0	0	0	0	0	0	0	0	0	0	0	0	0	0	0	0	0	0	0	108	0	0	0	0	0	0	0	0	0	0	0	344	0	0	0	0	0	0	0	0	0	0	0	0	0	0	0	0	0	0	0	0	0	0	0	0	0	0	0	0	0	0	0	0	0	
21356	Frontal_Mid_Orb_R	0	0	0	148	0	3756	0	164	0	0	0	0	0	0	0	4500	0	0	0	0	0	0	0	0	0	410	0	786	0	562	0	0	0	0	0	0	0	0	0	0	0	0	0	0	0	0	0	0	0	0	0	0	0	0	0	0	0	0	0	0	0	0	0	0	0	0	0	0	0	0	0	0	0	352	0	0	0	0	0	0	0	0	0	0	0	0	0	0	0	0	0	0	0	0	0	0	0	0	0	0	0	0	0	0	0	0	0	0	0	0	0	0	0	0	0	0	
216872	Frontal_Inf_Oper_L	8948	228	10462	1500	146	0	16482	68	0	0	0	76	11836	78	0	0	10440	0	4010	2274	0	0	1626	348	0	0	0	0	16532	0	3718	1098	688	406	0	0	538	0	74	0	0	0	0	258	0	264	0	0	0	0	0	0	0	0	116	0	2198	0	0	0	0	0	0	0	0	0	0	582	0	620	4146	1502	2556	0	542	0	248	0	136	0	588	0	3104	0	0	0	0	0	0	0	0	0	0	0	0	0	0	0	0	0	0	0	0	0	0	0	0	0	0	0	0	0	0	0	0	0	
165268	Frontal_Inf_Oper_R	0	6100	274	9214	0	0	0	10974	0	0	76	0	0	13646	0	238	0	5286	884	6456	0	0	66	982	0	0	0	0	96	11922	234	2962	0	2812	0	0	0	318	0	0	0	0	0	0	0	0	0	100	0	0	0	0	0	0	0	132	0	1098	0	0	0	0	0	148	0	0	0	84	0	0	188	3526	0	2600	0	100	0	474	0	150	0	748	0	406	0	112	0	0	0	228	0	0	0	0	0	0	0	0	0	0	0	0	0	0	0	0	0	0	0	0	0	0	0	0	0	0	
295196	Frontal_Inf_Tri_L	336	0	20166	828	2008	0	36102	72	3430	0	11836	0	0	0	14966	0	418	0	3682	1464	216	0	3440	634	0	0	82	0	33378	0	5044	830	1178	776	0	0	0	0	0	0	0	0	0	110	0	114	0	0	0	0	0	0	0	0	0	0	94	0	0	0	0	0	0	0	0	0	0	220	0	188	3504	500	1370	0	132	0	0	0	0	0	120	0	360	0	0	0	0	0	0	0	0	0	0	0	0	0	0	0	0	0	0	0	0	0	0	0	0	0	0	0	0	0	0	0	0	0	
155012	Frontal_Inf_Tri_R	0	1412	300	11148	0	448	0	18514	0	0	78	13646	0	0	0	3030	0	532	986	5688	0	0	72	1676	0	0	0	0	106	8730	144	1838	0	3624	0	0	0	0	0	0	0	0	0	0	0	0	0	0	0	0	0	0	0	0	0	0	0	0	0	0	0	0	0	0	0	0	0	0	0	0	86	1820	0	3490	0	0	0	0	0	0	0	0	0	138	0	0	0	0	0	0	0	0	0	0	0	0	0	0	0	0	0	0	0	0	0	0	0	0	0	0	0	0	0	0	0	0	
165976	Frontal_Inf_Orb_L	0	0	9874	0	12044	0	11354	0	12348	0	0	0	14966	0	0	0	0	0	0	0	3454	0	572	164	0	0	1998	0	12582	0	186	212	0	0	0	0	94	0	0	0	270	0	0	0	0	0	0	0	0	0	0	0	0	0	0	0	0	0	0	0	0	0	0	0	0	0	0	0	0	0	484	0	334	0	0	0	0	0	0	0	206	0	1846	0	0	0	0	0	0	0	0	0	0	0	0	0	0	0	0	0	0	0	0	0	0	0	0	0	0	0	0	0	0	0	0	0	
79464	Frontal_Inf_Orb_R	0	0	124	3832	0	7062	0	3730	0	4500	0	238	0	3030	0	0	0	0	218	1570	0	1338	0	162	0	0	0	1136	0	6810	0	160	0	336	0	0	0	140	0	308	0	668	0	0	0	0	0	0	0	0	0	0	0	0	0	184	0	0	0	0	0	0	0	0	0	0	0	0	0	0	0	244	0	2676	0	0	0	0	0	0	0	0	0	1266	0	0	0	0	0	0	0	0	0	0	0	0	0	0	0	0	0	0	0	0	0	0	0	0	0	0	0	0	0	0	0	0	
218648	Rolandic_Oper_L	11324	158	6744	678	0	0	2186	0	0	0	10440	0	418	0	0	0	0	0	8524	658	0	0	0	0	0	0	0	0	21460	0	154	380	284	0	248	0	1198	0	148	0	0	0	136	0	0	0	0	0	82	0	1858	0	0	0	234	0	9580	0	654	0	1174	0	3684	0	952	0	926	78	968	150	1384	482	2004	0	260	0	1708	0	6332	0	5192	0	2850	0	2214	0	0	0	1420	0	0	0	0	0	0	0	0	0	0	0	0	0	0	0	0	0	0	0	0	0	0	0	0	0	0	0	
128440	Rolandic_Oper_R	0	2472	0	8522	0	0	0	4370	0	0	0	5286	0	532	0	0	0	0	184	4446	0	0	0	76	0	0	0	0	0	14614	0	548	0	242	0	98	0	1404	0	460	0	0	0	132	0	220	0	112	0	0	0	0	0	0	0	0	0	3926	0	0	0	0	0	3130	0	0	0	484	0	486	0	1554	0	3266	0	1300	0	418	0	2304	0	2834	0	234	0	414	0	0	0	152	0	0	0	0	0	0	0	0	0	0	0	0	0	0	0	0	0	0	0	0	0	0	0	0	0	0	
565944	Supp_Motor_Area_L	10888	1614	55284	12268	260	0	8214	2002	0	0	4010	884	3682	986	0	218	8524	184	0	34116	0	82	8816	5662	0	104	0	0	12784	696	8002	5594	9988	16594	664	1204	1548	70	94	0	0	80	0	1046	0	2078	0	290	0	1174	0	102	0	0	244	228	4392	284	0	90	258	80	1574	102	200	158	124	4958	9498	4360	13876	1860	14432	230	1758	74	554	140	494	0	700	176	532	0	0	1044	0	0	106	640	0	0	0	0	0	0	0	0	0	0	0	0	0	0	0	0	0	0	0	0	0	0	0	0	0	0	
858680	Supp_Motor_Area_R	4936	16458	13276	60536	0	252	3010	3800	0	0	2274	6456	1464	5688	0	1570	658	4446	34116	0	0	0	2658	8948	0	166	0	0	2876	7612	3766	21344	5936	48628	430	11046	0	1172	0	390	0	66	0	3886	152	9872	0	1040	0	6582	0	632	0	180	0	752	168	3310	0	636	0	452	0	506	0	874	136	23224	10342	31078	10308	25200	926	6606	226	1200	1600	6158	0	0	0	792	700	76	0	4880	0	0	0	2868	0	0	0	0	0	0	0	0	0	0	0	0	0	0	0	0	0	0	0	0	0	0	0	0	0	0	
87908	Olfactory_L	0	0	446	0	4594	280	294	0	676	0	0	0	216	0	3454	0	0	0	0	0	0	4214	206	0	190	108	6164	2724	1952	0	2502	2150	0	0	0	0	264	0	354	0	1258	0	0	0	0	0	0	0	0	0	0	0	0	0	130	0	0	0	0	0	0	0	0	0	0	0	0	0	0	0	6102	2100	3104	228	0	0	0	0	0	0	0	0	244	0	0	0	0	0	0	0	0	0	0	0	0	0	0	0	0	0	0	0	0	0	0	0	0	0	0	0	0	0	0	0	0	0	
68124	Olfactory_R	0	0	82	0	0	1582	0	0	0	0	0	0	0	0	0	1338	0	0	82	0	4214	0	0	0	72	356	2050	4318	0	1056	986	1728	0	0	0	0	0	174	0	558	70	1228	0	0	0	0	0	0	0	0	0	0	0	0	0	0	0	0	0	0	0	0	0	0	0	0	0	0	0	0	6166	3718	2752	1078	90	0	0	0	0	0	0	0	0	364	0	0	0	0	0	0	0	0	0	0	0	0	0	0	0	0	0	0	0	0	0	0	0	0	0	0	0	0	0	0	0	0	
377524	Frontal_Sup_Medial_L	72	0	41624	8674	5208	222	10652	332	0	0	1626	66	3440	72	572	0	0	0	8816	2658	206	0	0	27926	3802	2114	754	0	6004	0	25952	16180	7266	10816	0	0	0	0	0	0	0	0	0	0	0	0	0	0	0	0	0	0	0	0	0	0	0	0	0	0	0	0	0	0	0	0	0	0	0	0	1250	214	2244	0	0	0	0	0	0	0	0	0	0	0	0	0	0	0	0	0	0	0	0	0	0	0	0	0	0	0	0	0	0	0	0	0	0	0	0	0	0	0	0	0	0	0	
344152	Frontal_Sup_Medial_R	0	0	8260	33796	982	1396	1612	4184	0	0	348	982	634	1676	164	162	0	76	5662	8948	0	0	27926	0	1136	6130	208	0	1104	1918	9634	25302	4686	15146	0	0	0	0	0	0	0	0	0	0	0	0	0	0	0	0	0	0	0	0	0	0	0	0	0	0	0	0	0	0	0	0	0	0	0	0	372	4662	518	4452	0	0	0	0	0	0	0	0	0	0	0	0	0	0	0	0	0	0	0	0	0	0	0	0	0	0	0	0	0	0	0	0	0	0	0	0	0	0	0	0	0	0	
34528	Frontal_Med_Orb_L	0	0	1988	0	3250	0	0	0	0	0	0	0	0	0	0	0	0	0	0	0	190	72	3802	1136	0	836	1434	114	0	0	3506	288	0	0	0	0	0	0	0	0	0	0	0	0	0	0	0	0	0	0	0	0	0	0	0	0	0	0	0	0	0	0	0	0	0	0	0	0	0	0	136	0	512	0	0	0	0	0	0	0	0	0	0	0	0	0	0	0	0	0	0	0	0	0	0	0	0	0	0	0	0	0	0	0	0	0	0	0	0	0	0	0	0	0	0	0	
74100	Frontal_Med_Orb_R	0	0	456	3328	150	4796	0	0	0	410	0	0	0	0	0	0	0	0	104	166	108	356	2114	6130	836	0	266	3012	130	0	3724	5516	0	0	0	0	0	0	0	0	0	0	0	0	0	0	0	0	0	0	0	0	0	0	0	0	0	0	0	0	0	0	0	0	0	0	0	0	0	0	218	1330	290	3610	0	0	0	0	0	0	0	0	0	0	0	0	0	0	0	0	0	0	0	0	0	0	0	0	0	0	0	0	0	0	0	0	0	0	0	0	0	0	0	0	0	0	
64648	Rectus_L	0	0	450	0	7042	96	128	0	1042	0	0	0	82	0	1998	0	0	0	0	0	6164	2050	754	208	1434	266	0	1464	154	0	2780	988	0	0	0	0	0	0	0	0	504	0	0	0	0	0	0	0	0	0	0	0	0	0	0	0	0	0	0	0	0	0	0	0	0	0	0	0	0	0	3350	610	760	0	0	0	0	0	0	0	0	0	0	0	0	0	0	0	0	0	0	0	0	0	0	0	0	0	0	0	0	0	0	0	0	0	0	0	0	0	0	0	0	0	0	0	
57260	Rectus_R	0	0	0	0	0	4940	0	0	0	786	0	0	0	0	0	1136	0	0	0	0	2724	4318	0	0	114	3012	1464	0	0	364	662	1658	0	0	0	0	0	0	0	0	0	492	0	0	0	0	0	0	0	0	0	0	0	0	0	0	0	0	0	0	0	0	0	0	0	0	0	0	0	0	2942	1710	1498	810	0	0	0	0	0	0	0	0	0	0	0	0	0	0	0	0	0	0	0	0	0	0	0	0	0	0	0	0	0	0	0	0	0	0	0	0	0	0	0	0	0	0	
563176	Insula_L	9206	158	30970	2120	6346	0	22292	118	1978	0	16532	96	33378	106	12582	0	21460	0	12784	2876	1952	0	6004	1104	0	130	154	0	0	0	7994	2366	1488	808	418	134	8874	92	800	0	1208	0	160	250	0	246	72	0	130	0	2034	0	0	0	2242	0	6108	0	646	0	536	0	702	0	702	0	1136	602	472	520	7312	1666	15266	0	220	0	5876	0	10254	0	6888	0	4118	0	3154	0	0	0	3578	0	90	0	0	0	0	0	0	0	80	0	0	0	0	0	0	0	0	0	0	0	0	0	0	0	0	0	
318892	Insula_R	124	3876	254	15470	0	1742	0	8324	0	562	0	11922	0	8730	0	6810	0	14614	696	7612	0	1056	0	1918	0	0	0	364	0	0	218	4680	0	1518	72	402	0	9542	0	4818	0	2654	0	136	0	238	0	488	0	0	0	0	0	0	0	4110	0	2296	0	0	0	0	0	896	0	0	0	606	68	540	110	5680	0	17246	0	1146	154	3246	0	3156	0	6070	0	2702	0	860	0	0	0	1490	0	0	0	0	0	0	0	0	0	230	0	0	0	0	0	0	0	0	0	0	0	0	0	0	0	0	
341076	Cingulum_Ant_L	104	0	20352	6144	4242	640	5364	80	0	0	3718	234	5044	144	186	0	154	0	8002	3766	2502	986	25952	9634	3506	3724	2780	662	7994	218	0	19592	8858	6544	434	0	0	0	0	0	138	0	0	66	0	80	0	0	0	0	0	0	0	0	0	0	0	0	0	0	0	0	0	0	0	0	0	194	0	146	6278	3268	6986	1624	0	0	0	0	0	0	0	0	198	0	0	0	0	0	0	0	0	0	0	0	0	0	0	0	0	0	0	0	0	0	0	0	0	0	0	0	0	0	0	0	0	0	
459772	Cingulum_Ant_R	0	188	8154	34308	426	1122	780	942	0	0	1098	2962	830	1838	212	160	380	548	5594	21344	2150	1728	16180	25302	288	5516	988	1658	2366	4680	19592	0	3048	17252	0	322	0	0	0	0	0	0	0	550	0	602	0	0	0	0	0	0	0	0	0	0	0	102	0	0	0	0	0	0	0	0	0	1624	162	1580	5052	24058	2382	11156	0	144	0	0	0	0	0	0	406	112	0	0	0	0	0	0	0	0	0	0	0	0	0	0	0	0	0	0	0	0	0	0	0	0	0	0	0	0	0	0	0	0	
248464	Cingulum_Mid_L	1768	298	7324	3116	0	0	2386	0	0	0	688	0	1178	0	0	0	284	0	9988	5936	0	0	7266	4686	0	0	0	0	1488	0	8858	3048	0	12920	11170	846	0	0	0	0	0	0	920	310	1236	346	72	0	4452	0	6432	0	290	0	70	0	1274	0	756	0	632	0	0	0	452	0	11942	1264	6704	1072	356	0	588	0	304	0	0	0	138	0	0	0	0	0	876	0	0	0	498	0	0	0	0	0	0	0	0	0	0	0	0	0	0	0	0	0	0	0	0	0	0	0	0	0	0	0	
517564	Cingulum_Mid_R	684	3780	4920	19602	0	0	1348	2856	0	0	406	2812	776	3624	0	336	0	242	16594	48628	0	0	10816	15146	0	0	0	0	808	1518	6544	17252	12920	0	206	7892	0	0	0	0	0	0	0	2238	348	8256	0	420	0	7710	0	720	0	128	0	94	0	2446	0	650	0	538	0	584	0	1008	680	18822	4494	20462	292	650	66	356	0	0	0	0	0	0	0	704	0	0	0	5264	0	0	0	2142	0	0	0	0	0	0	0	0	0	0	0	0	0	0	0	0	0	0	0	0	0	0	0	0	0	0	
196500	Cingulum_Post_L	8684	914	84	242	0	0	0	0	0	0	0	0	0	0	0	0	248	0	664	430	0	0	0	0	0	0	0	0	418	72	434	0	11170	206	0	4374	6204	1886	696	564	0	0	5648	0	2324	608	2784	340	3156	0	6508	0	286	0	324	218	2610	0	540	0	910	0	0	0	368	0	16040	1254	5876	428	74	0	120	0	0	0	4056	1906	434	0	402	0	0	0	1828	0	0	0	1826	0	0	0	0	0	0	0	0	92	0	0	0	0	0	0	0	0	0	0	0	0	0	0	0	0	0	0	
222616	Cingulum_Post_R	4026	3770	74	1258	0	0	78	0	0	0	0	0	0	0	0	0	0	98	1204	11046	0	0	0	0	0	0	0	0	134	402	0	322	846	7892	4374	0	1854	7432	0	2638	0	0	0	2236	906	1842	0	5198	0	186	0	116	0	158	0	1792	1660	4990	0	0	0	0	0	0	0	0	482	17656	702	10420	310	1130	92	168	0	0	6046	4652	144	68	212	0	0	0	108	290	0	0	156	858	0	0	0	0	0	0	0	530	0	0	0	0	0	0	0	0	0	0	0	0	752	0	0	0	0	0	
202080	Hippocampus_L	4180	496	1398	152	0	0	334	0	0	0	538	0	0	0	94	0	1198	0	1548	0	264	0	0	0	0	0	0	0	8874	0	0	0	0	0	6204	1854	0	1608	7674	460	5034	0	3202	0	130	0	3546	290	0	0	320	0	0	0	9530	188	1486	0	0	0	98	0	88	0	0	0	4868	468	548	0	188	0	5668	0	772	0	9166	1152	2478	0	5108	0	388	0	1988	0	0	0	6854	0	120	0	0	0	0	0	318	76	92	0	0	0	0	0	0	0	0	0	0	0	0	0	0	0	0	0	
323236	Hippocampus_R	2182	4160	0	1972	0	0	0	1466	0	0	0	318	0	0	0	140	0	1404	70	1172	0	174	0	0	0	0	0	0	92	9542	0	0	0	0	1886	7432	1608	0	0	28636	0	9656	0	1730	0	86	0	7550	0	104	0	0	0	144	0	24154	444	228	0	0	0	0	0	66	0	0	0	7862	0	516	0	216	0	11394	0	896	2896	5380	142	1456	202	2572	0	1390	106	2010	0	368	148	13282	0	396	0	0	0	0	0	2070	0	858	0	0	0	0	0	0	0	0	0	0	1042	0	0	0	0	0	
55596	ParaHippocampal_L	120	0	86	0	0	0	0	0	0	0	74	0	0	0	0	0	148	0	94	0	354	0	0	0	0	0	0	0	800	0	0	0	0	0	696	0	7674	0	0	0	1028	0	710	0	0	0	4344	0	0	0	0	0	0	0	5844	0	0	0	0	0	0	0	0	0	0	0	1520	0	0	0	0	0	444	0	0	0	1128	0	0	0	142	0	328	0	0	0	264	0	1000	0	0	0	0	0	194	0	700	0	0	0	0	0	0	0	0	0	0	0	0	106	0	0	0	0	0	0	
229976	ParaHippocampal_R	926	276	0	510	0	160	0	332	0	0	0	0	0	0	0	308	0	460	0	390	0	558	0	0	0	0	0	0	0	4818	0	0	0	0	564	2638	460	28636	0	0	0	6196	0	1264	0	122	82	9766	0	70	0	252	0	224	0	23136	156	0	0	0	0	0	0	0	0	0	0	4364	0	132	0	78	0	5074	0	412	1186	2540	0	168	0	572	0	2952	0	568	0	1450	0	6628	0	534	0	0	0	188	0	4150	0	710	0	0	0	0	0	0	0	0	0	0	978	0	0	0	0	0	
30156	Amygdala_L	0	0	122	0	582	0	0	0	0	0	0	0	0	0	270	0	0	0	0	0	1258	70	0	0	0	0	504	0	1208	0	138	0	0	0	0	0	5034	0	1028	0	0	0	0	0	0	0	0	0	0	0	0	0	0	0	2606	0	0	0	0	0	0	0	0	0	0	0	0	0	0	0	70	0	666	0	0	0	0	0	0	0	110	0	450	0	0	0	0	0	962	0	0	0	0	0	0	0	0	0	0	0	0	0	0	0	0	0	0	0	0	0	0	0	0	0	0	0	
67092	Amygdala_R	0	0	80	76	0	384	0	0	0	0	0	0	0	0	0	668	0	0	80	66	0	1228	0	0	0	0	0	492	0	2654	0	0	0	0	0	0	0	9656	0	6196	0	0	0	0	0	0	0	0	0	0	0	0	0	0	0	5746	0	0	0	0	0	0	0	0	0	0	0	0	0	0	90	0	0	1796	0	0	0	0	0	0	0	0	0	1994	0	208	0	532	0	1470	0	0	0	0	0	0	0	130	0	0	0	0	0	0	0	0	0	0	0	0	0	0	0	0	0	0	
279012	Calcarine_L	836	0	0	0	0	0	0	0	0	0	0	0	0	0	0	0	136	0	0	0	0	0	0	0	0	0	0	0	160	0	0	0	920	0	5648	0	3202	0	710	0	0	0	0	6336	18022	4198	16448	2354	13382	998	24682	144	6620	0	1480	186	1092	0	278	0	424	0	82	0	108	0	23352	0	666	0	0	0	0	0	0	0	0	0	240	0	0	0	0	0	4574	0	0	0	1934	0	0	0	0	0	0	0	66	0	68	0	0	0	0	0	0	0	0	0	0	0	160	0	0	0	0	0	
346664	Calcarine_R	0	532	142	676	0	0	0	0	0	0	258	0	110	0	0	0	0	132	1046	3886	0	0	0	0	0	0	0	0	250	136	66	550	310	2238	0	2236	0	1730	0	1264	0	0	6336	0	6256	37754	680	18528	0	22128	0	8148	0	4354	0	5308	0	1902	0	1236	0	752	0	180	0	86	226	25844	0	4178	536	1226	102	222	0	0	0	0	0	0	0	0	0	0	0	6124	0	0	0	4942	0	66	0	0	0	0	0	274	0	72	0	0	0	0	0	0	0	0	0	0	310	0	0	0	0	0	
185948	Cuneus_L	570	116	0	0	0	0	0	0	0	0	0	0	0	0	0	0	0	0	0	152	0	0	0	0	0	0	0	0	0	0	0	0	1236	348	2324	906	130	0	0	0	0	0	18022	6256	0	10360	1392	242	15988	1276	10828	112	2602	0	144	0	598	0	1716	0	232	0	0	0	92	0	10558	4566	680	98	0	0	0	0	92	0	0	0	0	0	0	0	0	0	504	210	0	0	378	134	0	0	0	0	0	0	0	0	0	0	0	0	0	0	0	0	0	0	0	0	112	0	0	0	0	0	
440840	Cuneus_R	68	782	176	780	0	0	0	0	0	0	264	0	114	0	0	0	0	220	2078	9872	0	0	0	0	0	0	0	0	246	238	80	602	346	8256	608	1842	0	86	0	122	0	0	4198	37754	10360	0	0	3550	86	41084	0	9520	0	1460	0	978	0	2598	0	5372	0	628	0	414	0	1100	2476	41634	298	9704	676	1584	206	214	0	0	0	0	0	0	0	762	0	0	0	11770	0	0	0	5026	0	0	0	0	0	0	0	0	0	0	0	0	0	0	0	0	0	0	0	0	188	0	0	0	0	0	
255260	Lingual_L	116	0	0	0	0	0	0	0	0	0	0	0	0	0	0	0	0	0	0	0	0	0	0	0	0	0	0	0	72	0	0	0	72	0	2784	0	3546	0	4344	82	0	0	16448	680	1392	0	0	2080	3792	0	15044	0	9596	0	19426	164	0	0	76	0	156	0	0	0	0	0	9134	0	0	0	0	0	0	0	0	0	426	0	114	0	0	0	0	0	1578	0	0	0	1602	0	5624	602	834	148	80	164	8488	1980	10532	866	0	0	88	0	0	86	0	0	0	162	3388	1406	322	0	0	136	
299256	Lingual_R	522	1002	0	372	0	0	0	370	0	0	0	100	0	0	0	0	0	112	290	1040	0	0	0	0	0	0	0	0	0	488	0	0	0	420	340	5198	290	7550	0	9766	0	0	2354	18528	242	3550	2080	0	0	3732	0	2306	126	3424	1040	20992	76	1770	0	0	0	0	0	0	0	0	0	14246	0	1098	72	292	0	868	0	0	614	2234	0	0	0	0	0	0	0	1108	0	0	0	2732	1124	5076	134	916	0	194	1378	7874	2208	7476	0	0	0	180	0	0	0	0	0	160	5610	4766	1188	0	0	0	
202076	Occipital_Sup_L	414	0	0	0	0	0	0	0	0	0	0	0	0	0	0	0	82	0	0	0	0	0	0	0	0	0	0	0	130	0	0	0	4452	0	3156	0	0	0	0	0	0	0	13382	0	15988	86	3792	0	0	0	32276	0	4304	0	442	0	486	0	3106	0	480	0	0	0	528	0	14974	132	234	0	0	0	0	0	92	0	0	0	0	0	0	0	0	0	2122	0	0	0	380	0	0	0	0	0	0	0	0	0	0	0	0	0	0	0	0	0	0	0	0	0	0	0	0	0	0	0	
338956	Occipital_Sup_R	0	474	0	0	0	0	0	0	0	0	0	0	0	0	0	0	0	0	1174	6582	0	0	0	0	0	0	0	0	0	0	0	0	0	7710	0	186	0	104	0	70	0	0	998	22128	1276	41084	0	3732	0	0	0	20186	0	1240	0	1388	0	2100	0	7026	0	2688	0	656	0	4628	432	18936	304	7802	0	0	0	0	0	0	0	0	0	0	0	762	0	0	0	11960	0	0	0	3852	0	0	0	0	0	0	0	0	0	0	0	0	0	0	0	0	0	0	0	0	0	0	0	0	0	0	
490144	Occipital_Mid_L	4372	0	120	0	0	0	144	0	0	0	0	0	0	0	0	0	1858	0	0	0	0	0	0	0	0	0	0	0	2034	0	0	0	6432	0	6508	0	320	0	0	0	0	0	24682	0	10828	0	15044	0	32276	0	0	0	21516	0	4956	0	7114	0	15924	0	17428	0	788	0	15826	0	25948	0	1350	0	0	0	0	0	0	0	0	0	886	0	444	0	0	0	20958	0	0	0	6772	0	190	0	0	0	0	0	0	0	200	0	0	0	0	0	0	0	0	0	0	0	154	0	0	0	0	0	
176352	Occipital_Mid_R	0	162	0	0	0	0	0	0	0	0	0	0	0	0	0	0	0	0	102	632	0	0	0	0	0	0	0	0	0	0	0	0	0	720	0	116	0	0	0	252	0	0	144	8148	112	9520	0	2306	0	20186	0	0	0	3530	0	1406	0	498	0	2608	0	4826	0	182	0	11710	0	6458	0	776	0	0	0	0	0	0	0	0	0	0	0	190	0	0	0	12642	0	0	0	950	0	0	0	0	0	0	0	0	0	0	0	0	0	0	0	0	0	0	0	0	0	0	0	0	0	0	
122440	Occipital_Inf_L	70	0	0	0	0	0	0	0	0	0	0	0	0	0	0	0	0	0	0	0	0	0	0	0	0	0	0	0	0	0	0	0	290	0	286	0	0	0	0	0	0	0	6620	0	2602	0	9596	126	4304	0	21516	0	0	0	7520	0	0	0	166	0	0	0	0	0	0	0	2068	0	0	0	0	0	0	0	0	0	0	0	0	0	0	0	0	0	1788	0	0	0	2120	0	262	0	0	0	0	0	210	120	894	0	0	0	0	0	0	0	0	0	0	0	398	264	0	0	0	0	
64080	Occipital_Inf_R	0	108	0	0	0	0	0	0	0	0	0	0	0	0	0	0	0	0	0	180	0	0	0	0	0	0	0	0	0	0	0	0	0	128	0	158	0	144	0	224	0	0	0	4354	0	1460	0	3424	0	1240	0	3530	0	0	0	6944	0	294	0	80	0	116	0	440	0	108	0	1782	0	178	0	0	0	0	0	0	0	0	0	0	0	0	0	0	0	2110	0	0	0	4866	0	92	0	0	0	0	0	0	0	80	0	0	0	0	0	0	0	0	0	0	0	0	0	0	0	0	
288560	Fusiform_L	198	0	188	0	0	0	0	0	0	0	116	0	0	0	0	0	234	0	244	0	130	0	0	0	0	0	0	0	2242	0	0	0	70	0	324	0	9530	0	5844	0	2606	0	1480	0	144	0	19426	1040	442	0	4956	0	7520	0	0	96	90	0	0	0	0	0	0	0	0	0	2526	0	0	0	0	0	768	0	0	0	510	0	118	0	3242	0	1688	0	1326	0	830	0	12756	0	18226	296	2022	106	296	116	8968	1090	24108	494	360	0	614	0	242	146	252	0	0	96	2864	2068	974	0	114	144	
360192	Fusiform_R	420	924	0	112	0	0	0	120	0	0	0	132	0	0	0	184	0	0	228	752	0	0	0	0	0	0	0	0	0	4110	0	0	0	94	218	1792	188	24154	0	23136	0	5746	186	5308	0	978	164	20992	0	1388	0	1406	0	6944	96	0	84	678	0	74	0	136	0	456	0	140	0	3580	0	582	0	120	0	1824	0	142	512	722	0	436	0	1360	0	4958	0	2298	0	1790	0	22986	154	11360	0	616	0	168	226	6854	230	13706	0	0	0	156	0	0	0	0	0	0	2258	1458	260	0	0	0	
281224	Postcentral_L	31804	658	2222	190	0	0	710	0	0	0	2198	0	94	0	0	0	9580	0	4392	168	0	0	0	0	0	0	0	0	6108	0	0	0	1274	0	2610	1660	1486	444	0	156	0	0	1092	0	598	0	0	76	486	0	7114	0	0	0	90	84	0	0	7570	0	19432	0	7548	0	3072	0	5850	92	5614	76	920	0	1028	0	226	0	5270	1428	2918	0	2418	0	0	0	1358	0	0	0	498	0	0	0	0	0	0	0	0	0	0	0	0	0	0	0	0	0	0	0	0	0	0	0	0	0	0	0	
240676	Postcentral_R	0	20094	0	2434	0	0	0	2732	0	0	0	1098	0	0	0	0	0	3926	284	3310	0	0	0	0	0	0	0	0	0	2296	0	102	0	2446	0	4990	0	228	0	0	0	0	0	1902	0	2598	0	1770	0	2100	0	498	0	294	0	678	0	0	0	9028	0	9414	0	14248	0	2656	0	12730	232	8694	90	1402	0	284	0	0	0	282	0	328	0	888	0	0	0	3712	0	0	0	2570	0	0	0	0	0	0	0	0	0	0	0	0	0	0	0	0	0	0	0	0	0	0	0	0	0	0	
138620	Parietal_Sup_L	2662	0	0	0	0	0	0	0	0	0	0	0	0	0	0	0	654	0	0	0	0	0	0	0	0	0	0	0	646	0	0	0	756	0	540	0	0	0	0	0	0	0	278	0	1716	0	76	0	3106	0	15924	0	166	0	0	0	7570	0	0	0	15490	0	142	0	4830	0	10928	246	1042	0	0	0	0	0	0	0	0	0	136	0	0	0	0	0	1284	0	0	0	1118	0	0	0	0	0	0	0	0	0	0	0	0	0	0	0	0	0	0	0	0	0	0	0	0	0	0	0	
131864	Parietal_Sup_R	0	1170	0	0	0	0	0	66	0	0	0	0	0	0	0	0	0	0	90	636	0	0	0	0	0	0	0	0	0	0	0	0	0	650	0	0	0	0	0	0	0	0	0	1236	0	5372	0	0	0	7026	0	2608	0	80	0	74	0	9028	0	0	0	9334	0	1922	0	5060	1140	12524	0	3586	0	0	0	0	0	0	0	68	0	0	0	82	0	0	0	2700	0	0	0	1480	0	0	0	0	0	0	0	0	0	0	0	0	0	0	0	0	0	0	0	0	0	0	0	0	0	0	
241776	Parietal_Inf_L	4998	0	0	0	0	0	0	0	0	0	0	0	0	0	0	0	1174	0	258	0	0	0	0	0	0	0	0	0	536	0	0	0	632	0	910	0	98	0	0	0	0	0	424	0	232	0	156	0	480	0	17428	0	0	0	0	0	19432	0	15490	0	0	0	19106	0	18424	0	4262	0	1382	0	98	0	0	0	0	0	104	0	372	0	2020	0	0	0	7582	0	0	0	5290	0	0	0	0	0	0	0	0	0	0	0	0	0	0	0	0	0	0	0	0	0	0	0	0	0	0	0	
113376	Parietal_Inf_R	0	660	0	0	0	0	0	0	0	0	0	0	0	0	0	0	0	0	80	452	0	0	0	0	0	0	0	0	0	0	0	0	0	538	0	0	0	0	0	0	0	0	0	752	0	628	0	0	0	2688	0	4826	0	116	0	136	0	9414	0	9334	0	0	0	9740	0	12206	0	2398	0	668	0	0	0	0	0	0	0	0	0	0	0	84	0	0	0	1142	0	0	0	826	0	0	0	0	0	0	0	0	0	0	0	0	0	0	0	0	0	0	0	0	0	0	0	0	0	0	
139336	SupraMarginal_L	1738	0	506	0	0	0	0	0	0	0	0	0	0	0	0	0	3684	0	1574	0	0	0	0	0	0	0	0	0	702	0	0	0	0	0	0	0	88	0	0	0	0	0	82	0	0	0	0	0	0	0	788	0	0	0	0	0	7548	0	142	0	19106	0	0	0	9626	0	140	0	926	0	0	0	0	0	0	0	158	0	492	0	5826	0	0	0	11554	0	0	0	4988	0	0	0	0	0	0	0	0	0	0	0	0	0	0	0	0	0	0	0	0	0	0	0	0	0	0	0	
126424	SupraMarginal_R	0	2760	0	602	0	0	0	588	0	0	0	148	0	0	0	0	0	3130	102	506	0	0	0	0	0	0	0	0	0	896	0	0	0	584	0	0	0	66	0	0	0	0	0	180	0	414	0	0	0	656	0	182	0	440	0	456	0	14248	0	1922	0	9740	0	0	0	7280	0	1204	0	676	0	218	0	0	0	0	0	0	0	608	0	5048	0	0	0	7232	0	0	0	3326	0	0	0	0	0	0	0	0	0	0	0	0	0	0	0	0	0	0	0	0	0	0	0	0	0	0	
140708	Angular_L	1830	0	0	0	0	0	0	0	0	0	0	0	0	0	0	0	952	0	200	0	0	0	0	0	0	0	0	0	702	0	0	0	452	0	368	0	0	0	0	0	0	0	108	0	92	0	0	0	528	0	15826	0	0	0	0	0	3072	0	4830	0	18424	0	9626	0	0	0	1290	0	342	0	0	0	0	0	0	0	138	0	238	0	1020	0	0	0	9860	0	0	0	456	0	0	0	0	0	0	0	0	0	0	0	0	0	0	0	0	0	0	0	0	0	0	0	0	0	0	0	
125676	Angular_R	0	508	0	0	0	0	0	0	0	0	0	0	0	0	0	0	0	0	158	874	0	0	0	0	0	0	0	0	0	0	0	0	0	1008	0	0	0	0	0	0	0	0	0	86	0	1100	0	0	0	4628	0	11710	0	108	0	140	0	2656	0	5060	0	12206	0	7280	0	0	0	1932	0	1102	0	0	0	0	0	0	0	0	0	0	0	4030	0	0	0	7040	0	0	0	1212	0	0	0	0	0	0	0	0	0	0	0	0	0	0	0	0	0	0	0	0	0	0	0	0	0	0	
361564	Precuneus_L	4052	0	114	0	0	0	126	0	0	0	0	0	0	0	0	0	926	0	124	136	0	0	0	0	0	0	0	0	1136	0	0	0	11942	680	16040	482	4868	0	1520	0	0	0	23352	226	10558	2476	9134	0	14974	432	25948	0	2068	0	2526	0	5850	0	10928	1140	4262	0	140	0	1290	0	0	6844	4082	302	0	0	0	0	0	0	138	0	530	0	176	0	0	0	7188	360	0	0	3400	196	0	0	0	0	0	0	0	0	0	0	0	0	0	0	0	0	0	0	0	0	116	0	0	0	0	0	
627008	Precuneus_R	634	3452	368	2000	0	0	118	112	0	0	582	84	220	0	0	0	78	484	4958	23224	0	0	0	0	0	0	0	0	602	606	194	1624	1264	18822	1254	17656	468	7862	0	4364	0	0	0	25844	4566	41634	0	14246	132	18936	0	6458	0	1782	0	3580	92	12730	246	12524	0	2398	0	1204	0	1932	6844	0	970	26122	1470	3984	432	516	0	0	878	478	122	0	198	1034	74	0	94	17006	0	0	130	9994	0	116	0	0	0	0	0	1664	0	82	0	0	0	0	0	0	0	0	0	0	1962	0	0	0	0	0	
186560	Paracentral_Lobule_L	13708	4710	1576	1144	0	0	220	0	0	0	0	0	0	0	0	0	968	0	9498	10342	0	0	0	0	0	0	0	0	472	68	0	162	6704	4494	5876	702	548	0	0	0	0	0	666	0	680	298	0	0	234	304	1350	0	0	0	0	0	5614	232	1042	0	1382	0	926	0	342	0	4082	970	0	3728	712	464	4294	156	3560	70	184	138	0	0	104	0	0	0	108	228	0	0	138	82	0	0	0	0	0	0	0	0	0	0	0	0	0	0	0	0	0	0	0	0	0	0	0	0	0	0	
347520	Paracentral_Lobule_R	2280	9256	296	1808	0	0	200	0	0	0	620	0	188	0	0	0	150	486	4360	31078	0	0	0	0	0	0	0	0	520	540	146	1580	1072	20462	428	10420	0	516	0	132	0	0	0	4178	98	9704	0	1098	0	7802	0	776	0	178	0	582	76	8694	0	3586	0	668	0	676	0	1102	302	26122	3728	0	2398	3762	338	592	178	0	976	0	0	0	0	694	86	0	0	5730	0	0	0	3098	0	0	0	0	0	0	0	0	0	0	0	0	0	0	0	0	0	0	0	0	0	0	0	0	0	0	
306384	Caudate_L	7600	1968	11794	8228	1060	300	3746	676	108	0	4146	188	3504	86	484	0	1384	0	13876	10308	6102	6166	1250	372	136	218	3350	2942	7312	110	6278	5052	356	292	74	310	188	0	0	0	70	90	0	536	0	676	0	72	0	0	0	0	0	0	0	0	920	90	0	0	98	0	0	0	0	0	0	1470	712	2398	0	10828	14134	1144	2122	0	5612	590	142	0	76	0	1354	0	0	0	0	0	0	94	0	0	0	0	0	0	0	0	0	0	0	0	0	0	0	0	0	0	0	0	0	0	0	0	0	0	
383816	Caudate_R	282	12374	662	25790	0	922	96	3408	0	0	1502	3526	500	1820	0	244	482	1554	1860	25200	2100	3718	214	4662	0	1330	610	1710	1666	5680	3268	24058	0	650	0	1130	0	216	0	78	0	0	0	1226	0	1584	0	292	0	0	0	0	0	0	0	120	0	1402	0	0	0	0	0	218	0	0	0	3984	464	3762	10828	0	3206	12460	106	2476	2046	15100	0	188	0	92	502	92	0	186	0	0	0	262	0	0	0	0	0	0	0	0	0	0	0	0	0	0	0	0	0	0	0	0	0	0	0	0	0	0	
236712	Putamen_L	4482	226	10332	420	2892	190	1730	80	0	0	2556	0	1370	0	334	0	2004	0	14432	926	3104	2752	2244	518	512	290	760	1498	15266	0	6986	2382	588	66	120	92	5668	0	444	0	666	0	0	102	0	206	0	0	0	0	0	0	0	0	768	0	1028	0	0	0	0	0	0	0	0	0	0	432	4294	338	14134	3206	0	516	5948	0	572	0	0	0	258	0	422	0	0	0	0	0	202	0	0	0	0	0	0	0	0	0	0	0	0	0	0	0	0	0	0	0	0	0	0	0	0	0	0	0	
272900	Putamen_R	0	1286	66	16110	0	3594	0	8984	0	352	0	2600	0	3490	0	2676	0	3266	230	6606	228	1078	0	4452	0	3610	0	810	0	17246	1624	11156	0	356	0	168	0	11394	0	5074	0	1796	0	222	0	214	0	868	0	0	0	0	0	0	0	1824	0	284	0	0	0	0	0	0	0	0	0	516	156	592	1144	12460	516	0	0	2258	0	4668	0	0	0	1060	0	1000	0	0	0	0	0	416	0	0	0	0	0	0	0	0	0	0	0	0	0	0	0	0	0	0	0	0	0	0	0	0	0	0	
43324	Pallidum_L	1526	168	582	0	0	0	578	0	0	0	542	0	132	0	0	0	260	0	1758	226	0	90	0	0	0	0	0	0	220	0	0	0	304	0	0	0	772	0	0	0	0	0	0	0	92	0	0	0	92	0	0	0	0	0	0	0	226	0	0	0	0	0	0	0	0	0	0	0	3560	178	2122	106	5948	0	0	0	2180	0	0	0	0	0	0	0	0	0	0	0	0	0	0	0	0	0	0	0	0	0	0	0	0	0	0	0	0	0	0	0	0	0	0	0	0	0	0	0	
30072	Pallidum_R	0	826	0	2808	0	0	0	998	0	0	0	100	0	0	0	0	0	1300	74	1200	0	0	0	0	0	0	0	0	0	1146	0	144	0	0	0	0	0	896	0	412	0	0	0	0	0	0	0	0	0	0	0	0	0	0	0	142	0	0	0	0	0	0	0	0	0	0	0	0	70	0	0	2476	0	2258	0	0	0	186	0	0	0	0	0	0	0	0	0	0	0	0	0	0	0	0	0	0	0	0	0	0	0	0	0	0	0	0	0	0	0	0	0	0	0	0	0	0	
201960	Thalamus_L	18338	3178	622	1484	0	0	668	604	0	0	248	0	0	0	0	0	1708	0	554	1600	0	0	0	0	0	0	0	0	5876	154	0	0	0	0	4056	6046	9166	2896	1128	1186	0	0	0	0	0	0	426	614	0	0	0	0	0	0	510	512	5270	0	0	0	104	0	158	0	138	0	138	878	184	976	5612	2046	572	0	2180	0	0	11690	4218	0	2634	0	0	0	1368	0	0	0	1084	0	0	0	0	0	0	0	0	156	0	0	0	0	0	0	0	0	0	0	0	0	0	0	0	0	0	0	
189632	Thalamus_R	3460	14402	128	9262	0	0	0	3376	0	0	0	474	0	0	0	0	0	418	140	6158	0	0	0	0	0	0	0	0	0	3246	0	0	0	0	1906	4652	1152	5380	0	2540	0	0	0	0	0	0	0	2234	0	0	0	0	0	0	0	722	1428	282	0	68	0	0	0	0	0	0	0	478	138	0	590	15100	0	4668	0	186	11690	0	0	100	0	114	0	0	0	0	0	0	0	76	0	0	0	0	0	0	0	248	0	0	0	0	0	0	0	0	0	0	0	0	0	0	0	0	0	0	
88936	Heschl_L	2584	0	330	0	0	0	0	0	0	0	136	0	0	0	0	0	6332	0	494	0	0	0	0	0	0	0	0	0	10254	0	0	0	138	0	434	144	2478	142	0	0	0	0	240	0	0	0	114	0	0	0	886	0	0	0	118	0	2918	0	136	0	372	0	492	0	238	0	530	122	0	0	142	0	0	0	0	0	4218	0	0	0	4720	0	0	0	3118	0	0	0	2638	0	0	0	0	0	0	0	0	0	0	0	0	0	0	0	0	0	0	0	0	0	0	0	0	0	0	0	
37588	Heschl_R	0	252	0	210	0	0	0	176	0	0	0	150	0	0	0	0	0	2304	0	0	0	0	0	0	0	0	0	0	0	3156	0	0	0	0	0	68	0	1456	0	168	0	0	0	0	0	0	0	0	0	0	0	0	0	0	0	436	0	328	0	0	0	0	0	608	0	0	0	0	0	0	0	188	0	0	0	0	0	100	0	0	0	6226	0	0	0	1584	0	0	0	1384	0	0	0	0	0	0	0	0	0	0	0	0	0	0	0	0	0	0	0	0	0	0	0	0	0	0	
179292	Temporal_Sup_L	944	0	454	0	0	0	0	0	0	0	588	0	120	0	206	0	5192	0	700	0	0	0	0	0	0	0	0	0	6888	0	0	0	0	0	402	212	5108	202	142	0	110	0	0	0	0	0	0	0	0	0	444	0	0	0	3242	0	2418	0	0	0	2020	0	5826	0	1020	0	176	198	104	0	76	0	258	0	0	0	2634	0	4720	0	0	0	4484	0	21662	0	232	0	18434	0	220	0	0	0	0	0	0	0	210	0	0	0	0	0	0	0	0	0	0	0	0	0	0	0	0	0	
120264	Temporal_Sup_R	0	266	0	274	0	0	0	208	0	0	0	748	0	0	0	0	0	2834	176	792	0	0	0	0	0	0	0	0	0	6070	0	0	0	704	0	0	0	2572	0	572	0	0	0	0	0	762	0	0	0	762	0	190	0	0	0	1360	0	888	0	82	0	84	0	5048	0	4030	0	1034	0	694	0	92	0	1060	0	0	0	114	0	6226	0	0	0	2320	0	16224	0	112	0	3834	0	0	0	0	0	0	0	0	0	0	0	0	0	0	0	0	0	0	0	0	0	0	0	0	0	0	
72352	Temporal_Pole_Sup_L	90	0	808	720	264	0	144	0	344	0	3104	0	360	0	1846	0	2850	0	532	700	244	0	0	0	0	0	0	0	4118	0	198	406	0	0	0	0	388	0	328	0	450	0	0	0	0	0	0	0	0	0	0	0	0	0	1688	0	0	0	0	0	0	0	0	0	0	0	0	74	0	86	1354	502	422	0	0	0	0	0	0	0	4484	0	0	0	2708	0	2770	0	4194	0	0	0	0	0	0	0	0	0	0	0	0	0	0	0	0	0	0	0	0	0	0	0	0	0	0	0	
55216	Temporal_Pole_Sup_R	0	0	0	98	0	174	0	0	0	0	0	406	0	138	0	1266	0	234	0	76	0	364	0	0	0	0	0	0	0	2702	0	112	0	0	0	0	0	1390	0	2952	0	1994	0	0	0	0	0	0	0	0	0	0	0	0	0	4958	0	0	0	0	0	0	0	0	0	0	0	0	0	0	0	92	0	1000	0	0	0	0	0	0	0	2320	0	0	0	1074	0	2708	0	3550	0	0	0	0	0	0	0	0	0	0	0	0	0	0	0	0	0	0	0	0	0	0	0	0	0	0	
312648	Temporal_Mid_L	764	0	0	0	0	0	0	0	0	0	0	0	0	0	0	0	2214	0	0	0	0	0	0	0	0	0	0	0	3154	0	0	0	876	0	1828	108	1988	106	0	0	0	0	4574	0	504	0	1578	0	2122	0	20958	0	1788	0	1326	0	1358	0	1284	0	7582	0	11554	0	9860	0	7188	94	108	0	0	0	0	0	0	0	1368	0	3118	0	21662	0	2708	0	0	0	3540	0	40892	0	120	0	0	0	0	0	0	0	0	0	0	0	0	0	0	0	0	0	0	0	0	0	0	0	0	0	
325936	Temporal_Mid_R	0	948	0	110	0	0	0	74	0	0	0	112	0	0	0	0	0	414	1044	4880	0	0	0	0	0	0	0	0	0	860	0	0	0	5264	0	290	0	2010	0	568	0	208	0	6124	210	11770	0	1108	0	11960	0	12642	0	2110	0	2298	0	3712	0	2700	0	1142	0	7232	0	7040	360	17006	228	5730	0	186	0	0	0	0	0	0	0	1584	0	16224	0	1074	0	0	0	1758	0	31988	0	0	0	0	0	0	0	0	0	0	0	0	0	0	0	0	0	0	0	0	0	0	0	0	0	0	
24220	Temporal_Pole_Mid_L	0	0	0	0	0	0	0	0	0	0	0	0	0	0	0	0	0	0	0	0	0	0	0	0	0	0	0	0	0	0	0	0	0	0	0	0	0	0	264	0	0	0	0	0	0	0	0	0	0	0	0	0	0	0	830	0	0	0	0	0	0	0	0	0	0	0	0	0	0	0	0	0	0	0	0	0	0	0	0	0	232	0	2770	0	3540	0	0	0	4474	0	0	0	0	0	0	0	0	0	0	0	0	0	0	0	0	0	0	0	0	0	0	0	0	0	0	0	
21396	Temporal_Pole_Mid_R	0	0	0	0	0	0	0	0	0	0	0	0	0	0	0	0	0	0	0	0	0	0	0	0	0	0	0	0	0	0	0	0	0	0	0	0	0	368	0	1450	0	532	0	0	0	0	0	0	0	0	0	0	0	0	0	1790	0	0	0	0	0	0	0	0	0	0	0	0	0	0	0	0	0	0	0	0	0	0	0	0	0	112	0	2708	0	1758	0	0	0	1980	0	0	0	0	0	0	0	0	0	0	0	0	0	0	0	0	0	0	0	0	0	0	0	0	0	0	
269516	Temporal_Inf_L	882	0	92	0	0	0	0	0	0	0	0	0	0	0	0	0	1420	0	106	0	0	0	0	0	0	0	0	0	3578	0	0	0	498	0	1826	156	6854	148	1000	0	962	0	1934	0	378	0	1602	0	380	0	6772	0	2120	0	12756	0	498	0	1118	0	5290	0	4988	0	456	0	3400	130	138	0	0	0	202	0	0	0	1084	0	2638	0	18434	0	4194	0	40892	0	4474	0	0	0	1732	0	368	0	0	0	216	0	540	0	212	0	290	0	0	0	0	0	0	0	0	0	0	0	0	0	
291588	Temporal_Inf_R	108	1626	66	120	0	0	0	120	0	0	0	228	0	0	0	0	0	152	640	2868	0	0	0	0	0	0	0	0	0	1490	0	0	0	2142	0	858	0	13282	0	6628	0	1470	0	4942	134	5026	0	2732	0	3852	0	950	0	4866	0	22986	0	2570	0	1480	0	826	0	3326	0	1212	196	9994	82	3098	94	262	0	416	0	0	0	76	0	1384	0	3834	0	3550	0	31988	0	1980	0	0	0	1878	0	0	0	0	0	96	0	166	0	0	0	0	0	0	0	0	0	0	0	0	0	0	0	0	
431840	Cerebelum_Crus1_L	0	0	0	0	0	0	0	0	0	0	0	0	0	0	0	0	0	0	0	0	0	0	0	0	0	0	0	0	90	0	0	0	0	0	0	0	120	0	0	0	0	0	0	0	0	0	5624	1124	0	0	190	0	262	0	18226	154	0	0	0	0	0	0	0	0	0	0	0	0	0	0	0	0	0	0	0	0	0	0	0	0	220	0	0	0	120	0	0	0	1732	0	0	2534	34968	1298	1234	1912	21702	2312	52708	4954	12334	106	15366	1236	2618	2672	2272	88	842	2370	6922	8064	4516	1332	2434	1264	
388856	Cerebelum_Crus1_R	0	0	0	0	0	0	0	0	0	0	0	0	0	0	0	0	0	0	0	0	0	0	0	0	0	0	0	0	0	0	0	0	0	0	0	0	0	396	0	534	0	0	0	66	0	0	602	5076	0	0	0	0	0	92	296	11360	0	0	0	0	0	0	0	0	0	0	0	116	0	0	0	0	0	0	0	0	0	0	0	0	0	0	0	0	0	0	0	0	0	1878	2534	0	760	31486	66	2742	2386	21688	2962	57698	178	3282	308	16760	150	3012	0	1148	0	1322	10772	8010	5226	760	762	0	
349320	Cerebelum_Crus2_L	0	0	0	0	0	0	0	0	0	0	0	0	0	0	0	0	0	0	0	0	0	0	0	0	0	0	0	0	0	0	0	0	0	0	0	0	0	0	0	0	0	0	0	0	0	0	834	134	0	0	0	0	0	0	2022	0	0	0	0	0	0	0	0	0	0	0	0	0	0	0	0	0	0	0	0	0	0	0	0	0	0	0	0	0	0	0	0	0	368	0	34968	760	0	5706	372	544	4586	388	11718	1320	40626	2564	36874	5900	4114	1732	2178	0	306	672	1136	2292	7562	3216	1330	438	
287964	Cerebelum_Crus2_R	0	0	0	0	0	0	0	0	0	0	0	0	0	0	0	0	0	0	0	0	0	0	0	0	0	0	0	0	0	0	0	0	0	0	0	0	0	0	0	0	0	0	0	0	0	0	148	916	0	0	0	0	0	0	106	616	0	0	0	0	0	0	0	0	0	0	0	0	0	0	0	0	0	0	0	0	0	0	0	0	0	0	0	0	0	0	0	0	0	0	1298	31486	5706	0	0	614	754	3736	1142	14854	4204	23308	3012	34102	0	3772	0	670	0	388	2156	1644	8190	1046	114	0	
36372	Cerebelum_3_L	0	0	0	0	0	0	0	0	0	0	0	0	0	0	0	0	0	0	0	0	0	0	0	0	0	0	0	0	0	0	0	0	0	0	0	0	0	0	194	0	0	0	0	0	0	0	80	0	0	0	0	0	0	0	296	0	0	0	0	0	0	0	0	0	0	0	0	0	0	0	0	0	0	0	0	0	0	0	0	0	0	0	0	0	0	0	0	0	0	0	1234	66	372	0	0	496	5808	124	2606	134	166	0	308	0	734	478	72	0	480	1674	1360	572	0	0	462	470	
124488	Cerebelum_3_R	0	0	0	0	0	0	0	0	0	0	0	0	0	0	0	0	0	0	0	0	0	0	0	0	0	0	0	0	0	0	0	0	0	0	0	0	0	0	0	188	0	0	0	0	0	0	164	194	0	0	0	0	0	0	116	168	0	0	0	0	0	0	0	0	0	0	0	0	0	0	0	0	0	0	0	0	0	0	0	0	0	0	0	0	0	0	0	0	0	0	1912	2742	544	614	496	0	2196	5448	3652	6104	382	0	808	496	2928	5770	872	0	1216	6918	3626	5242	596	490	4616	3746	
278992	Cerebelum_4_5_L	0	0	0	0	0	0	0	0	0	0	0	0	0	0	0	0	0	0	0	0	0	0	0	0	0	0	0	0	0	0	0	0	0	0	0	0	318	0	700	0	0	0	66	0	0	0	8488	1378	0	0	0	0	210	0	8968	226	0	0	0	0	0	0	0	0	0	0	0	0	0	0	0	0	0	0	0	0	0	0	0	0	0	0	0	0	0	0	0	0	216	0	21702	2386	4586	754	5808	2196	0	4656	33704	3846	1656	0	1964	126	2932	2658	824	0	1152	3606	14138	4400	158	68	2258	3348	
253356	Cerebelum_4_5_R	124	0	0	0	0	0	0	0	0	0	0	0	0	0	0	0	0	0	0	0	0	0	0	0	0	0	0	0	0	0	0	0	0	0	92	530	76	2070	0	4150	0	130	0	274	0	0	1980	7874	0	0	0	0	120	0	1090	6854	0	0	0	0	0	0	0	0	0	0	0	1664	0	0	0	0	0	0	0	0	156	248	0	0	0	0	0	0	0	0	0	0	0	96	2312	21688	388	3736	124	5448	4656	0	3442	29776	80	0	182	1562	230	1540	0	338	76	3010	16506	1898	624	550	808	176	
428680	Cerebelum_6_L	0	0	0	0	0	0	0	0	0	0	0	0	0	0	0	0	0	0	0	0	0	0	0	0	0	0	0	0	80	0	0	0	0	0	0	0	92	0	0	0	0	0	68	0	0	0	10532	2208	0	0	200	0	894	0	24108	230	0	0	0	0	0	0	0	0	0	0	0	0	0	0	0	0	0	0	0	0	0	0	0	0	210	0	0	0	0	0	0	0	540	0	52708	2962	11718	1142	2606	3652	33704	3442	0	5948	2914	0	4804	362	3554	3944	1812	0	1176	4334	12192	12222	2908	554	3548	2972	
401464	Cerebelum_6_R	0	0	0	0	0	0	0	0	0	0	0	0	0	0	0	0	0	0	0	0	0	0	0	0	0	0	0	0	0	230	0	0	0	0	0	0	0	858	0	710	0	0	0	72	0	0	866	7476	0	0	0	0	0	80	494	13706	0	0	0	0	0	0	0	0	0	0	0	82	0	0	0	0	0	0	0	0	0	0	0	0	0	0	0	0	0	0	0	0	0	166	4954	57698	1320	14854	134	6104	3846	29776	5948	0	404	216	670	6634	274	3466	110	1060	196	2906	14510	12002	5660	1074	1816	360	
276168	Cerebelum_7b_L	0	0	0	0	0	0	0	0	0	0	0	0	0	0	0	0	0	0	0	0	0	0	0	0	0	0	0	0	0	0	0	0	0	0	0	0	0	0	0	0	0	0	0	0	0	0	0	0	0	0	0	0	0	0	360	0	0	0	0	0	0	0	0	0	0	0	0	0	0	0	0	0	0	0	0	0	0	0	0	0	0	0	0	0	0	0	0	0	212	0	12334	178	40626	4204	166	382	1656	80	2914	404	0	1724	41420	6502	5746	2310	1948	0	0	266	238	1108	6566	4944	1434	362	
125720	Cerebelum_7b_R	0	0	0	0	0	0	0	0	0	0	0	0	0	0	0	0	0	0	0	0	0	0	0	0	0	0	0	0	0	0	0	0	0	0	0	0	0	0	0	0	0	0	0	0	0	0	0	0	0	0	0	0	0	0	0	0	0	0	0	0	0	0	0	0	0	0	0	0	0	0	0	0	0	0	0	0	0	0	0	0	0	0	0	0	0	0	0	0	0	0	106	3282	2564	23308	0	0	0	0	0	216	1724	0	998	25242	0	2900	0	0	0	0	0	0	1868	652	0	0	
337324	Cerebelum_8_L	0	0	0	0	0	0	0	0	0	0	0	0	0	0	0	0	0	0	0	0	0	0	0	0	0	0	0	0	0	0	0	0	0	0	0	0	0	0	0	0	0	0	0	0	0	0	88	0	0	0	0	0	0	0	614	0	0	0	0	0	0	0	0	0	0	0	0	0	0	0	0	0	0	0	0	0	0	0	0	0	0	0	0	0	0	0	0	0	290	0	15366	308	36874	3012	308	808	1964	182	4804	670	41420	998	0	8512	17686	5368	4900	114	86	490	388	2214	7264	8550	4464	920	
295440	Cerebelum_8_R	0	0	0	0	0	0	0	0	0	0	0	0	0	0	0	0	0	0	0	0	0	0	0	0	0	0	0	0	0	0	0	0	0	0	0	0	0	0	0	0	0	0	0	0	0	0	0	180	0	0	0	0	0	0	0	156	0	0	0	0	0	0	0	0	0	0	0	0	0	0	0	0	0	0	0	0	0	0	0	0	0	0	0	0	0	0	0	0	0	0	1236	16760	5900	34102	0	496	126	1562	362	6634	6502	25242	8512	0	690	19192	208	1624	98	234	276	684	6638	7360	2752	194	
143788	Cerebelum_9_L	0	0	0	0	0	0	0	0	0	0	0	0	0	0	0	0	0	0	0	0	0	0	0	0	0	0	0	0	0	0	0	0	0	0	0	0	0	0	0	0	0	0	0	0	0	0	0	0	0	0	0	0	0	0	242	0	0	0	0	0	0	0	0	0	0	0	0	0	0	0	0	0	0	0	0	0	0	0	0	0	0	0	0	0	0	0	0	0	0	0	2618	150	4114	0	734	2928	2932	230	3554	274	5746	0	17686	690	0	4700	6538	0	388	2046	2286	4256	738	986	4520	3538	
214408	Cerebelum_9_R	0	0	0	0	0	0	0	0	0	0	0	0	0	0	0	0	0	0	0	0	0	0	0	0	0	0	0	0	0	0	0	0	0	0	0	0	0	0	0	0	0	0	0	0	0	0	86	0	0	0	0	0	0	0	146	0	0	0	0	0	0	0	0	0	0	0	0	0	0	0	0	0	0	0	0	0	0	0	0	0	0	0	0	0	0	0	0	0	0	0	2672	3012	1732	3772	478	5770	2658	1540	3944	3466	2310	2900	5368	19192	4700	0	1238	1888	844	4220	3820	7076	3828	4974	9946	5624	
56480	Cerebelum_10_L	0	0	0	0	0	0	0	0	0	0	0	0	0	0	0	0	0	0	0	0	0	0	0	0	0	0	0	0	0	0	0	0	0	0	0	0	0	0	0	0	0	0	0	0	0	0	0	0	0	0	0	0	0	0	252	0	0	0	0	0	0	0	0	0	0	0	0	0	0	0	0	0	0	0	0	0	0	0	0	0	0	0	0	0	0	0	0	0	0	0	2272	0	2178	0	72	872	824	0	1812	110	1948	0	4900	208	6538	1238	0	0	124	458	214	1300	414	278	1220	1008	
15700	Cerebelum_10_R	0	0	0	0	0	0	0	0	0	0	0	0	0	0	0	0	0	0	0	0	0	0	0	0	0	0	0	0	0	0	0	0	0	0	0	0	0	0	0	0	0	0	0	0	0	0	0	0	0	0	0	0	0	0	0	0	0	0	0	0	0	0	0	0	0	0	0	0	0	0	0	0	0	0	0	0	0	0	0	0	0	0	0	0	0	0	0	0	0	0	88	1148	0	670	0	0	0	338	0	1060	0	0	114	1624	0	1888	0	0	0	0	0	98	270	262	290	0	
29984	Vermis_1_2	0	0	0	0	0	0	0	0	0	0	0	0	0	0	0	0	0	0	0	0	0	0	0	0	0	0	0	0	0	0	0	0	0	0	0	0	0	0	0	0	0	0	0	0	0	0	0	0	0	0	0	0	0	0	0	0	0	0	0	0	0	0	0	0	0	0	0	0	0	0	0	0	0	0	0	0	0	0	0	0	0	0	0	0	0	0	0	0	0	0	842	0	306	0	480	1216	1152	76	1176	196	0	0	86	98	388	844	124	0	0	4478	1484	804	0	0	618	624	
112928	Vermis_3	0	0	0	0	0	0	0	0	0	0	0	0	0	0	0	0	0	0	0	0	0	0	0	0	0	0	0	0	0	0	0	0	0	0	0	0	0	0	106	0	0	0	0	0	0	0	162	160	0	0	0	0	0	0	96	0	0	0	0	0	0	0	0	0	0	0	0	0	0	0	0	0	0	0	0	0	0	0	0	0	0	0	0	0	0	0	0	0	0	0	2370	1322	672	388	1674	6918	3606	3010	4334	2906	266	0	490	234	2046	4220	458	0	4478	0	5110	4282	338	318	3590	2910	
264676	Vermis_4_5	0	0	0	0	0	0	0	0	0	0	0	0	0	0	0	0	0	0	0	0	0	0	0	0	0	0	0	0	0	0	0	0	0	0	0	752	0	1042	0	978	0	0	160	310	112	188	3388	5610	0	0	154	0	398	0	2864	2258	0	0	0	0	0	0	0	0	0	0	116	1962	0	0	0	0	0	0	0	0	0	0	0	0	0	0	0	0	0	0	0	0	0	0	6922	10772	1136	2156	1360	3626	14138	16506	12192	14510	238	0	388	276	2286	3820	214	0	1484	5110	0	7394	0	0	3208	4310	
