data	data	644404	351736	1.41034e+06	1.29445e+06	161308	104988	649624	244128	83724	36096	258104	301528	349072	155016	188972	104088	227920	148432	1.11916e+06	1.31664e+06	111644	118288	782860	675172	42940	143232	81800	111664	688200	355032	650404	785388	152580	865044	131296	192320	279244	291832	75480	88508	36980	46020	164788	254276	152200	350652	99852	185240	254908	423536	443088	244356	84760	103496	242704	214240	333744	254112	222204	89552	255888	55120	153920	81264	197836	61444	182424	401804	426832	269648	403320	483152	494820	339064	68408	21880	172864	154416	99860	9176	196168	42932	88004	76328	338284	187024	22660	11988	222196	103620	307612	203052	171108	127444	12180	9652	152832	72636	263552	183252	104160	58408	151724	113052	61148	47028	21768	9692	8424	9420	63444	85204	72364	43216	32516	18268	
data	data	Precentral_L	Precentral_R	Frontal_Sup_L	Frontal_Sup_R	Frontal_Sup_Orb_L	Frontal_Sup_Orb_R	Frontal_Mid_L	Frontal_Mid_R	Frontal_Mid_Orb_L	Frontal_Mid_Orb_R	Frontal_Inf_Oper_L	Frontal_Inf_Oper_R	Frontal_Inf_Tri_L	Frontal_Inf_Tri_R	Frontal_Inf_Orb_L	Frontal_Inf_Orb_R	Rolandic_Oper_L	Rolandic_Oper_R	Supp_Motor_Area_L	Supp_Motor_Area_R	Olfactory_L	Olfactory_R	Frontal_Sup_Medial_L	Frontal_Sup_Medial_R	Frontal_Med_Orb_L	Frontal_Med_Orb_R	Rectus_L	Rectus_R	Insula_L	Insula_R	Cingulum_Ant_L	Cingulum_Ant_R	Cingulum_Mid_L	Cingulum_Mid_R	Cingulum_Post_L	Cingulum_Post_R	Hippocampus_L	Hippocampus_R	ParaHippocampal_L	ParaHippocampal_R	Amygdala_L	Amygdala_R	Calcarine_L	Calcarine_R	Cuneus_L	Cuneus_R	Lingual_L	Lingual_R	Occipital_Sup_L	Occipital_Sup_R	Occipital_Mid_L	Occipital_Mid_R	Occipital_Inf_L	Occipital_Inf_R	Fusiform_L	Fusiform_R	Postcentral_L	Postcentral_R	Parietal_Sup_L	Parietal_Sup_R	Parietal_Inf_L	Parietal_Inf_R	SupraMarginal_L	SupraMarginal_R	Angular_L	Angular_R	Precuneus_L	Precuneus_R	Paracentral_Lobule_L	Paracentral_Lobule_R	Caudate_L	Caudate_R	Putamen_L	Putamen_R	Pallidum_L	Pallidum_R	Thalamus_L	Thalamus_R	Heschl_L	Heschl_R	Temporal_Sup_L	Temporal_Sup_R	Temporal_Pole_Sup_L	Temporal_Pole_Sup_R	Temporal_Mid_L	Temporal_Mid_R	Temporal_Pole_Mid_L	Temporal_Pole_Mid_R	Temporal_Inf_L	Temporal_Inf_R	Cerebelum_Crus1_L	Cerebelum_Crus1_R	Cerebelum_Crus2_L	Cerebelum_Crus2_R	Cerebelum_3_L	Cerebelum_3_R	Cerebelum_4_5_L	Cerebelum_4_5_R	Cerebelum_6_L	Cerebelum_6_R	Cerebelum_7b_L	Cerebelum_7b_R	Cerebelum_8_L	Cerebelum_8_R	Cerebelum_9_L	Cerebelum_9_R	Cerebelum_10_L	Cerebelum_10_R	Vermis_1_2	Vermis_3	Vermis_4_5	Vermis_6	Vermis_7	Vermis_8	Vermis_9	Vermis_10	
644404	Precentral_L	0	5740	32630	7922	0	0	17858	0	0	0	12936	0	4108	0	0	0	9960	160	24596	20888	0	0	966	426	0	0	0	0	12476	160	714	214	518	14106	1250	1188	6732	374	1360	0	0	0	0	0	0	0	134	0	1218	0	2934	0	932	0	910	0	36270	0	1312	0	7044	0	6240	0	1120	0	140	0	40054	5682	5068	952	7716	190	2536	506	11556	298	4446	0	3542	0	0	0	2250	0	0	0	1870	0	0	0	0	0	0	0	0	0	0	0	0	0	0	0	0	0	0	0	0	0	0	0	0	0	0	0	
351736	Precentral_R	5740	0	634	21492	0	0	300	6594	0	0	0	9750	0	0	0	0	0	2958	2142	17292	0	0	0	0	0	0	0	0	0	5058	0	0	0	2930	2670	3908	3192	11384	0	790	0	0	0	130	0	4512	0	498	0	4974	0	3284	0	1464	0	1804	0	18272	0	346	0	586	0	1572	0	882	0	5078	7418	3890	512	3928	0	2476	0	0	1972	7480	188	0	0	404	0	0	0	6354	0	0	0	1010	0	0	0	0	0	0	0	0	0	0	0	0	0	0	0	0	0	0	0	0	0	0	0	0	0	0	
1.41034e+06	Frontal_Sup_L	32630	634	0	19316	13812	146	93116	1130	2908	0	16060	1548	23754	282	11838	0	8548	188	126884	35348	2130	0	70244	17222	1826	1350	3946	204	52884	1754	37406	17548	6052	14904	0	658	6134	248	1090	0	0	0	0	0	0	0	0	0	0	0	0	0	0	0	1846	0	5030	0	0	0	0	0	0	0	0	0	0	0	6558	0	13368	3776	29788	558	5114	0	8638	282	716	0	2850	0	1390	0	306	0	0	0	1208	0	0	0	0	0	0	0	0	0	0	0	0	0	0	0	0	0	0	0	0	0	0	0	0	0	0	0	
1.29445e+06	Frontal_Sup_R	7922	21492	19316	0	0	8594	1214	27960	0	2344	0	18860	130	9550	0	7476	0	10274	31234	124388	274	858	23908	63328	0	6944	0	4614	406	20456	18486	58362	3380	50812	1080	1982	1706	7108	0	832	0	0	0	0	0	0	0	222	0	0	0	0	0	0	0	488	0	1122	0	0	0	0	0	0	0	0	0	0	8320	0	7668	28606	4920	23554	310	742	3220	10418	0	0	0	244	0	2100	0	0	0	0	0	0	0	0	0	0	0	0	0	0	0	0	0	0	0	0	0	0	0	0	0	0	0	0	0	0	0	0	
161308	Frontal_Sup_Orb_L	0	0	13812	0	0	0	2512	0	11160	0	0	0	2266	0	13528	0	0	0	152	0	2160	0	4524	404	2438	530	9466	218	8798	0	4394	660	0	0	0	0	0	0	0	0	0	0	0	0	0	0	0	0	0	0	0	0	0	0	0	0	0	0	0	0	0	0	0	0	0	0	0	0	0	0	732	0	2548	0	0	0	0	0	0	0	0	0	352	0	0	0	0	0	0	0	0	0	0	0	0	0	0	0	0	0	0	0	0	0	0	0	0	0	0	0	0	0	0	0	0	0	
104988	Frontal_Sup_Orb_R	0	0	146	8594	0	0	0	586	0	3612	0	0	0	0	0	4102	0	0	0	128	890	2138	420	6796	394	7922	0	9612	0	1332	742	890	0	0	0	0	0	0	0	0	0	0	0	0	0	0	0	0	0	0	0	0	0	0	0	0	0	0	0	0	0	0	0	0	0	0	0	0	0	0	882	1106	796	1406	0	0	0	0	0	0	0	0	0	0	0	0	0	0	0	0	0	0	0	0	0	0	0	0	0	0	0	0	0	0	0	0	0	0	0	0	0	0	0	0	0	0	
649624	Frontal_Mid_L	17858	300	93116	1214	2512	0	0	0	4352	0	12300	0	47184	0	14648	0	1034	0	29292	4362	0	0	32674	6090	228	0	0	0	25634	0	13350	2014	2750	1932	170	520	1880	300	340	0	0	0	0	0	0	0	0	0	0	0	0	0	0	0	236	0	704	0	0	0	0	0	0	0	0	0	0	0	316	0	1432	0	2214	0	166	0	1182	264	1590	0	218	0	0	0	176	0	0	0	260	0	0	0	0	0	0	0	0	0	0	0	0	0	0	0	0	0	0	0	0	0	0	0	0	0	0	0	
244128	Frontal_Mid_R	0	6594	1130	27960	0	586	0	0	0	2446	0	14314	0	14662	0	4508	0	3042	4204	8938	0	0	794	2978	0	0	0	0	0	5828	662	7078	346	5446	0	0	0	1194	0	0	0	0	0	0	0	0	0	0	0	146	0	140	0	0	0	0	0	486	0	0	0	240	0	394	0	232	0	132	0	0	828	762	146	3572	0	0	0	864	0	0	0	0	0	402	0	1010	0	0	0	0	0	0	0	0	0	0	0	0	0	0	0	0	0	0	0	0	0	0	0	0	0	0	0	0	0	0	
83724	Frontal_Mid_Orb_L	0	0	2908	0	11160	0	4352	0	0	0	0	0	1126	0	16876	0	0	0	0	0	212	0	142	0	0	0	868	0	3544	0	150	0	0	0	0	0	0	0	0	0	0	0	0	0	0	0	0	0	0	0	0	0	0	0	0	0	0	0	0	0	0	0	0	0	0	0	0	0	0	0	0	0	164	0	0	0	0	0	0	0	0	0	360	0	0	0	0	0	0	0	0	0	0	0	0	0	0	0	0	0	0	0	0	0	0	0	0	0	0	0	0	0	0	0	0	0	
36096	Frontal_Mid_Orb_R	0	0	0	2344	0	3612	0	2446	0	0	0	0	0	412	0	4566	0	0	0	0	0	244	0	1644	0	300	0	1100	0	884	0	0	0	0	0	0	0	0	0	0	0	0	0	0	0	0	0	0	0	0	0	0	0	0	0	0	0	0	0	0	0	0	0	0	0	0	0	0	0	0	0	232	0	264	0	0	0	0	0	0	0	0	0	0	0	0	0	0	0	0	0	0	0	0	0	0	0	0	0	0	0	0	0	0	0	0	0	0	0	0	0	0	0	0	0	0	
258104	Frontal_Inf_Oper_L	12936	0	16060	0	0	0	12300	0	0	0	0	0	21200	0	136	0	12548	0	11860	544	0	0	1818	622	0	0	0	0	23302	0	1268	430	0	226	0	0	446	0	0	0	0	0	0	0	0	0	0	0	0	0	0	0	0	0	0	0	6366	0	0	0	0	0	0	0	0	0	0	0	0	0	484	0	1206	0	0	0	260	0	282	0	3346	0	1412	0	0	0	0	0	0	0	0	0	0	0	0	0	0	0	0	0	0	0	0	0	0	0	0	0	0	0	0	0	0	0	0	0	
301528	Frontal_Inf_Oper_R	0	9750	1548	18860	0	0	0	14314	0	0	0	0	0	13682	0	1326	0	10566	3154	14512	0	0	520	1332	0	0	0	0	0	24212	918	5820	0	1580	248	272	278	2568	0	408	0	0	0	0	0	542	0	0	0	590	0	496	0	274	0	340	0	3170	0	0	0	556	0	1234	0	680	0	598	0	0	2446	1472	1268	4936	0	0	0	1064	0	0	0	308	0	3196	0	1570	0	0	0	156	0	0	0	0	0	0	0	0	0	0	0	0	0	0	0	0	0	0	0	0	0	0	0	0	0	0	
349072	Frontal_Inf_Tri_L	4108	0	23754	130	2266	0	47184	0	1126	0	21200	0	0	0	14844	0	984	0	6876	0	796	0	5762	792	0	0	170	0	32922	0	5402	1448	0	564	0	0	0	0	0	0	0	0	0	0	0	0	0	0	0	0	0	0	0	0	0	0	2162	0	0	0	0	0	0	0	0	0	0	0	0	0	0	0	926	0	0	0	0	0	0	0	306	0	814	0	0	0	0	0	0	0	0	0	0	0	0	0	0	0	0	0	0	0	0	0	0	0	0	0	0	0	0	0	0	0	0	0	
155016	Frontal_Inf_Tri_R	0	0	282	9550	0	0	0	14662	0	412	0	13682	0	0	0	6680	0	1016	1308	4636	0	0	806	1936	0	0	0	0	0	12330	852	4466	0	2204	0	0	0	298	0	0	0	0	0	0	0	0	0	0	0	0	0	0	0	0	0	0	0	0	0	0	0	0	0	0	0	0	0	0	0	0	138	582	0	1326	0	0	0	0	0	0	0	0	0	342	0	0	0	0	0	0	0	0	0	0	0	0	0	0	0	0	0	0	0	0	0	0	0	0	0	0	0	0	0	0	0	0	
188972	Frontal_Inf_Orb_L	0	0	11838	0	13528	0	14648	0	16876	0	136	0	14844	0	0	0	0	0	0	0	2410	0	330	0	0	0	1536	0	13318	0	524	0	0	0	0	0	502	0	0	0	586	0	0	0	0	0	0	0	0	0	0	0	0	0	282	0	0	0	0	0	0	0	0	0	0	0	0	0	0	0	338	0	1330	0	0	0	0	0	0	0	0	0	1460	0	0	0	0	0	0	0	0	0	0	0	0	0	0	0	0	0	0	0	0	0	0	0	0	0	0	0	0	0	0	0	0	0	
104088	Frontal_Inf_Orb_R	0	0	0	7476	0	4102	0	4508	0	4566	0	1326	0	6680	0	0	0	0	266	1768	0	608	170	3884	0	0	0	870	0	9520	0	1212	0	470	0	0	0	166	0	0	0	0	0	0	0	0	0	0	0	0	0	0	0	0	0	0	0	0	0	0	0	0	0	0	0	0	0	0	0	0	162	1392	0	1056	0	0	0	0	0	0	0	598	0	912	0	168	0	0	0	164	0	0	0	0	0	0	0	0	0	0	0	0	0	0	0	0	0	0	0	0	0	0	0	0	0	0	
227920	Rolandic_Oper_L	9960	0	8548	0	0	0	1034	0	0	0	12548	0	984	0	0	0	0	0	11026	156	0	0	318	0	0	0	0	0	23932	0	334	148	0	0	0	0	922	0	142	0	0	0	0	0	0	0	0	0	476	0	772	0	668	0	1608	0	8252	0	446	0	0	0	1888	0	1004	0	0	0	178	0	5072	0	1302	0	538	0	454	0	4356	0	10480	0	578	0	3664	0	0	0	2172	0	0	0	0	0	0	0	0	0	0	0	0	0	0	0	0	0	0	0	0	0	0	0	0	0	0	0	
148432	Rolandic_Oper_R	160	2958	188	10274	0	0	0	3042	0	0	0	10566	0	1016	0	0	0	0	500	11460	0	0	0	0	0	0	0	0	0	16050	0	378	0	204	0	0	0	1312	0	0	0	0	0	0	0	290	0	0	0	290	0	0	0	0	0	0	0	4130	0	0	0	0	0	1728	0	0	0	304	0	0	0	1118	0	2100	0	0	0	834	0	352	0	1760	0	3202	0	0	0	0	0	0	0	0	0	0	0	0	0	0	0	0	0	0	0	0	0	0	0	0	0	0	0	0	0	0	0	0	
1.11916e+06	Supp_Motor_Area_L	24596	2142	126884	31234	152	0	29292	4204	0	0	11860	3154	6876	1308	0	266	11026	500	0	71546	0	0	27040	14216	0	0	0	0	24214	3178	14072	15952	8742	40988	550	514	3200	330	542	0	0	0	0	0	0	0	0	0	0	0	0	0	0	0	1560	0	8864	0	0	0	0	0	224	0	0	0	0	0	10850	2412	15274	4566	21240	1572	6630	316	2292	162	752	0	2730	0	740	0	0	0	0	0	816	0	0	0	0	0	0	0	0	0	0	0	0	0	0	0	0	0	0	0	0	0	0	0	0	0	0	0	
1.31664e+06	Supp_Motor_Area_R	20888	17292	35348	124388	0	128	4362	8938	0	0	544	14512	0	4636	0	1768	156	11460	71546	0	0	0	10372	24434	0	432	0	0	664	14568	3632	28790	5894	86854	3440	7966	520	5142	0	608	0	0	0	314	0	0	0	222	0	0	174	0	0	390	0	854	164	4824	0	0	0	0	0	0	0	0	0	3418	27504	28040	9504	32918	5884	17524	358	3450	2022	8586	130	0	0	500	0	2078	0	182	0	0	0	0	0	0	0	0	0	0	0	0	0	0	0	0	0	0	0	0	0	0	0	0	0	0	0	0	0	0	
111644	Olfactory_L	0	0	2130	274	2160	890	0	0	212	0	0	0	796	0	2410	0	0	0	0	0	0	6320	0	262	0	1382	2862	2714	2686	0	3858	2514	0	0	0	0	940	0	632	0	1318	0	0	0	0	0	0	0	0	0	0	0	0	0	608	0	0	0	0	0	0	0	0	0	0	0	0	0	0	0	7788	4532	6958	1272	0	0	0	0	0	0	0	0	304	0	0	0	0	0	0	0	0	0	0	0	0	0	0	0	0	0	0	0	0	0	0	0	0	0	0	0	0	0	0	0	0	0	
118288	Olfactory_R	0	0	0	858	0	2138	0	0	0	244	0	0	0	0	0	608	0	0	0	0	6320	0	0	686	0	2436	764	5014	0	1746	2598	2848	0	0	0	0	0	352	0	888	0	1212	0	0	0	0	0	0	0	0	0	0	0	0	0	0	0	0	0	0	0	0	0	0	0	0	0	0	0	0	9960	8846	8586	2294	0	0	0	0	0	0	0	0	0	746	0	0	0	0	0	0	0	0	0	0	0	0	0	0	0	0	0	0	0	0	0	0	0	0	0	0	0	0	0	0	0	0	
782860	Frontal_Sup_Medial_L	966	0	70244	23908	4524	420	32674	794	142	0	1818	520	5762	806	330	170	318	0	27040	10372	0	0	0	47662	3778	3396	2358	622	13850	1274	57960	34876	6602	25672	0	0	0	170	0	0	0	0	0	0	0	0	0	0	0	0	0	0	0	0	0	0	0	0	0	0	0	0	0	0	0	0	0	0	0	0	748	4628	4700	2000	0	0	0	172	0	0	154	0	0	0	0	0	0	0	0	0	0	0	0	0	0	0	0	0	0	0	0	0	0	0	0	0	0	0	0	0	0	0	0	0	0	0	
675172	Frontal_Sup_Medial_R	426	0	17222	63328	404	6796	6090	2978	0	1644	622	1332	792	1936	0	3884	0	0	14216	24434	262	686	47662	0	612	9418	0	4334	2706	4714	26036	39956	2622	36016	0	0	0	420	0	0	0	0	0	0	0	0	0	0	0	0	0	0	0	0	0	0	0	0	0	0	0	0	0	0	0	0	0	0	0	0	698	7522	886	6788	0	0	0	144	0	0	0	0	0	0	0	0	0	0	0	0	0	0	0	0	0	0	0	0	0	0	0	0	0	0	0	0	0	0	0	0	0	0	0	0	0	0	
42940	Frontal_Med_Orb_L	0	0	1826	0	2438	394	228	0	0	0	0	0	0	0	0	0	0	0	0	0	0	0	3778	612	0	1794	3780	486	0	0	5668	328	0	0	0	0	0	0	0	0	0	0	0	0	0	0	0	0	0	0	0	0	0	0	0	0	0	0	0	0	0	0	0	0	0	0	0	0	0	0	138	0	0	0	0	0	0	0	0	0	0	0	0	0	0	0	0	0	0	0	0	0	0	0	0	0	0	0	0	0	0	0	0	0	0	0	0	0	0	0	0	0	0	0	0	0	
143232	Frontal_Med_Orb_R	0	0	1350	6944	530	7922	0	0	0	300	0	0	0	0	0	0	0	0	0	432	1382	2436	3396	9418	1794	0	204	10256	0	498	4954	8416	0	234	0	0	0	0	0	0	0	0	0	0	0	0	0	0	0	0	0	0	0	0	0	0	0	0	0	0	0	0	0	0	0	0	0	0	0	0	1424	4684	1440	3602	0	0	0	0	0	0	0	0	0	0	0	0	0	0	0	0	0	0	0	0	0	0	0	0	0	0	0	0	0	0	0	0	0	0	0	0	0	0	0	0	0	0	
81800	Rectus_L	0	0	3946	0	9466	0	0	0	868	0	0	0	170	0	1536	0	0	0	0	0	2862	764	2358	0	3780	204	0	426	876	0	6732	1210	0	0	0	0	0	0	0	0	0	0	0	0	0	0	0	0	0	0	0	0	0	0	0	0	0	0	0	0	0	0	0	0	0	0	0	0	0	0	2444	466	2648	144	0	0	0	0	0	0	0	0	0	0	0	0	0	0	0	0	0	0	0	0	0	0	0	0	0	0	0	0	0	0	0	0	0	0	0	0	0	0	0	0	0	0	
111664	Rectus_R	0	0	204	4614	218	9612	0	0	0	1100	0	0	0	0	0	870	0	0	0	0	2714	5014	622	4334	486	10256	426	0	0	1014	1360	2974	0	0	0	0	0	0	0	160	0	160	0	0	0	0	0	0	0	0	0	0	0	0	0	0	0	0	0	0	0	0	0	0	0	0	0	0	0	0	2686	2916	2406	1542	0	0	0	0	0	0	0	0	0	144	0	0	0	0	0	0	0	0	0	0	0	0	0	0	0	0	0	0	0	0	0	0	0	0	0	0	0	0	0	0	0	0	
688200	Insula_L	12476	0	52884	406	8798	0	25634	0	3544	0	23302	0	32922	0	13318	0	23932	0	24214	664	2686	0	13850	2706	0	0	876	0	0	0	13178	3320	202	1892	320	374	11180	248	1618	0	1450	0	0	0	0	0	0	0	0	0	190	0	476	0	5640	0	4002	0	0	0	0	0	1410	0	670	0	0	0	298	0	3522	150	21894	0	286	0	2248	0	7836	0	10766	0	3556	0	2276	0	0	0	2886	0	0	0	0	0	0	0	0	0	0	0	0	0	0	0	0	0	0	0	0	0	0	0	0	0	0	0	
355032	Insula_R	160	5058	1754	20456	0	1332	0	5828	0	884	0	24212	0	12330	0	9520	0	16050	3178	14568	0	1746	1274	4714	0	498	0	1014	0	0	1296	7912	0	3326	324	340	314	5166	0	1012	0	172	0	0	0	0	0	0	0	0	0	136	0	174	0	1352	0	2530	0	0	0	162	0	362	0	232	0	0	0	0	2292	2868	1202	17298	0	0	0	1530	0	0	0	268	0	2326	0	346	0	0	0	0	0	0	0	0	0	0	0	0	0	0	0	0	0	0	0	0	0	0	0	0	0	0	0	0	0	0	
650404	Cingulum_Ant_L	714	0	37406	18486	4394	742	13350	662	150	0	1268	918	5402	852	524	0	334	0	14072	3632	3858	2598	57960	26036	5668	4954	6732	1360	13178	1296	0	47328	6922	15784	0	0	0	0	0	0	0	0	0	0	0	0	0	0	0	0	0	0	0	0	0	0	0	0	0	0	0	0	0	0	0	0	0	0	0	0	8742	5008	12814	1880	0	0	0	0	0	0	178	0	0	0	0	0	0	0	0	0	0	0	0	0	0	0	0	0	0	0	0	0	0	0	0	0	0	0	0	0	0	0	0	0	0	0	
785388	Cingulum_Ant_R	214	0	17548	58362	660	890	2014	7078	0	0	430	5820	1448	4466	0	1212	148	378	15952	28790	2514	2848	34876	39956	328	8416	1210	2974	3320	7912	47328	0	3912	38254	0	530	0	706	0	0	0	0	0	0	0	0	0	0	0	0	0	0	0	0	0	0	0	0	0	0	0	0	0	0	0	0	0	0	0	0	3936	27586	4406	15780	0	0	0	492	0	0	0	0	0	0	0	0	0	0	0	0	0	0	0	0	0	0	0	0	0	0	0	0	0	0	0	0	0	0	0	0	0	0	0	0	0	0	
152580	Cingulum_Mid_L	518	0	6052	3380	0	0	2750	346	0	0	0	0	0	0	0	0	0	0	8742	5894	0	0	6602	2622	0	0	0	0	202	0	6922	3912	0	13944	2866	810	0	0	0	0	0	0	448	0	652	398	0	0	176	180	382	0	0	0	0	0	0	178	132	0	0	0	0	0	0	0	1196	572	5254	980	0	180	0	0	0	0	0	0	0	0	0	0	0	0	0	0	0	0	0	0	0	0	0	0	0	0	0	0	0	0	0	0	0	0	0	0	0	0	0	0	0	0	0	0	0	0	
865044	Cingulum_Mid_R	14106	2930	14904	50812	0	0	1932	5446	0	0	226	1580	564	2204	0	470	0	204	40988	86854	0	0	25672	36016	0	234	0	0	1892	3326	15784	38254	13944	0	2644	7380	0	500	0	0	0	0	0	380	0	0	0	132	0	0	158	0	0	0	0	0	0	2058	0	0	0	0	0	0	0	0	0	3688	21126	23868	218	7008	242	3826	0	732	0	220	0	0	0	0	0	0	0	0	0	0	0	0	0	0	0	0	0	0	0	0	0	0	0	0	0	0	0	0	0	0	0	0	0	0	0	0	0	0	
131296	Cingulum_Post_L	1250	2670	0	1080	0	0	170	0	0	0	0	248	0	0	0	0	0	0	550	3440	0	0	0	0	0	0	0	0	320	324	0	0	2866	2644	0	13462	9082	6394	650	154	0	0	1954	0	0	0	816	256	0	0	138	0	0	0	154	0	0	0	0	0	0	0	0	0	0	0	3030	1390	7394	3050	0	0	0	148	0	0	288	432	916	0	0	0	0	0	188	0	0	0	190	0	0	0	0	0	0	0	0	0	0	0	0	0	0	0	0	0	0	0	0	0	0	0	0	0	0	0	
192320	Cingulum_Post_R	1188	3908	658	1982	0	0	520	0	0	0	0	272	0	0	0	0	0	0	514	7966	0	0	0	0	0	0	0	0	374	340	0	530	810	7380	13462	0	8234	10634	430	428	0	0	0	418	0	0	0	2306	0	0	170	0	0	522	156	622	0	5100	0	0	0	0	0	0	0	0	0	10430	1422	9180	0	0	0	154	0	0	2046	1924	1066	0	0	0	0	0	226	0	0	0	310	0	0	0	0	0	0	0	0	0	0	0	0	0	0	0	0	0	0	0	0	0	478	0	0	0	0	0	
279244	Hippocampus_L	6732	3192	6134	1706	0	0	1880	0	0	0	446	278	0	0	502	0	922	0	3200	520	940	0	0	0	0	0	0	0	11180	314	0	0	0	0	9082	8234	0	7582	9976	296	6418	0	1812	0	0	0	1702	392	0	0	0	0	272	0	11356	0	388	0	0	0	0	0	0	0	0	0	2746	1308	1730	0	568	0	9736	152	372	0	6278	1548	4302	0	2090	0	1886	0	2524	0	190	0	8736	0	0	0	0	0	0	0	0	0	0	0	0	0	0	0	0	0	0	0	0	0	0	0	0	0	0	0	
291832	Hippocampus_R	374	11384	248	7108	0	0	300	1194	0	0	0	2568	0	298	0	166	0	1312	330	5142	0	352	170	420	0	0	0	0	248	5166	0	706	0	500	6394	10634	7582	0	468	13316	0	7386	0	526	0	0	0	4558	0	0	0	0	0	2412	144	19188	0	472	0	0	0	0	0	128	0	0	0	4792	156	858	0	762	0	12668	0	0	2036	5686	876	204	0	944	0	898	214	672	0	0	298	2684	0	0	0	0	0	0	0	352	0	0	0	0	0	0	0	0	0	0	0	0	622	0	0	0	0	0	
75480	ParaHippocampal_L	1360	0	1090	0	0	0	340	0	0	0	0	0	0	0	0	0	142	0	542	0	632	0	0	0	0	0	0	0	1618	0	0	0	0	0	650	430	9976	468	0	0	2114	0	924	0	0	0	1098	260	0	0	158	0	0	0	4638	0	0	0	0	0	0	0	0	0	0	0	1108	382	866	0	0	0	2334	0	0	0	494	0	0	0	474	0	2380	0	364	0	1192	0	1218	0	0	0	0	0	488	0	0	0	0	0	0	0	0	0	0	0	0	0	0	0	0	0	0	0	0	0	
88508	ParaHippocampal_R	0	790	0	832	0	0	0	0	0	0	0	408	0	0	0	0	0	0	0	608	0	888	0	0	0	0	0	160	0	1012	0	0	0	0	154	428	296	13316	0	0	0	4306	0	378	0	0	0	2590	0	0	0	0	0	0	0	9428	0	0	0	0	0	0	0	0	0	0	0	644	0	0	0	144	0	2672	0	0	0	980	0	0	0	278	0	2222	0	208	0	0	0	1044	0	0	0	0	0	0	0	468	0	0	0	0	0	0	0	0	0	0	0	0	0	0	0	0	0	0	
36980	Amygdala_L	0	0	0	0	0	0	0	0	0	0	0	0	0	0	586	0	0	0	0	0	1318	0	0	0	0	0	0	0	1450	0	0	0	0	0	0	0	6418	0	2114	0	0	0	0	0	0	0	0	0	0	0	0	0	0	0	3094	0	0	0	0	0	0	0	0	0	0	0	0	0	0	0	0	0	838	0	0	0	0	0	0	0	0	0	1466	0	288	0	344	0	574	0	0	0	0	0	0	0	0	0	0	0	0	0	0	0	0	0	0	0	0	0	0	0	0	0	0	0	
46020	Amygdala_R	0	0	0	0	0	0	0	0	0	0	0	0	0	0	0	0	0	0	0	0	0	1212	0	0	0	0	0	160	0	172	0	0	0	0	0	0	0	7386	0	4306	0	0	0	0	0	0	0	0	0	0	0	0	0	0	0	4952	0	0	0	0	0	0	0	0	0	0	0	0	0	0	0	0	0	1618	0	0	0	200	0	0	0	0	0	3004	0	0	0	0	0	0	0	0	0	0	0	0	0	0	0	0	0	0	0	0	0	0	0	0	0	0	0	0	0	0	0	0	
164788	Calcarine_L	0	0	0	0	0	0	0	0	0	0	0	0	0	0	0	0	0	0	0	0	0	0	0	0	0	0	0	0	0	0	0	0	448	0	1954	0	1812	0	924	0	0	0	0	3986	10368	1944	6618	2586	8666	982	15100	0	3448	0	1624	0	214	0	322	0	0	0	0	0	180	0	10154	0	2262	0	0	0	0	0	0	0	0	0	272	0	0	0	0	0	6118	0	0	0	2412	0	0	0	0	0	0	0	0	0	0	0	0	0	0	0	0	0	0	0	0	0	0	0	0	0	0	0	
254276	Calcarine_R	0	130	0	0	0	0	0	0	0	0	0	0	0	0	0	0	0	0	0	314	0	0	0	0	0	0	0	0	0	0	0	0	0	380	0	418	0	526	0	378	0	0	3986	0	4236	20766	1270	21582	0	25268	0	14634	0	6968	0	2700	0	686	0	0	0	0	0	0	0	0	246	11000	0	1540	0	0	0	0	0	0	0	0	0	0	0	0	0	0	0	7420	0	0	0	2690	0	0	0	0	0	0	0	0	0	0	0	0	0	0	0	0	0	0	0	0	0	0	0	0	0	0	
152200	Cuneus_L	0	0	0	0	0	0	0	0	0	0	0	0	0	0	0	0	0	0	0	0	0	0	0	0	0	0	0	0	0	0	0	0	652	0	0	0	0	0	0	0	0	0	10368	4236	0	5498	748	386	19946	2678	13792	176	476	0	246	0	152	0	578	0	230	0	208	0	196	0	9020	146	1148	0	0	0	0	0	0	0	0	0	0	0	0	0	0	0	4292	0	0	0	928	0	0	0	0	0	0	0	0	0	0	0	0	0	0	0	0	0	0	0	0	0	0	0	0	0	0	0	
350652	Cuneus_R	0	4512	0	0	0	0	0	0	0	0	0	542	0	0	0	0	0	290	0	0	0	0	0	0	0	0	0	0	0	0	0	0	398	0	0	0	0	0	0	0	0	0	1944	20766	5498	0	544	4444	0	52454	0	16314	0	1248	0	1184	0	9160	0	6700	0	572	0	2314	0	622	868	36202	168	3332	0	0	0	0	0	0	0	0	0	0	0	818	0	0	0	3112	0	0	0	1320	0	0	0	0	0	0	0	0	0	0	0	0	0	0	0	0	0	0	0	0	0	0	0	0	0	0	
99852	Lingual_L	134	0	0	0	0	0	0	0	0	0	0	0	0	0	0	0	0	0	0	0	0	0	0	0	0	0	0	0	0	0	0	0	0	0	816	0	1702	0	1098	0	0	0	6618	1270	748	544	0	1580	2576	522	11238	0	4562	0	4828	0	0	0	0	0	0	0	0	0	0	0	2194	128	0	0	0	0	0	0	0	0	0	0	0	0	0	0	0	0	398	0	0	0	502	0	2206	0	0	0	0	0	2184	182	3032	232	0	0	0	0	0	0	0	0	0	0	466	166	0	0	0	0	
185240	Lingual_R	0	498	0	222	0	0	0	0	0	0	0	0	0	0	0	0	0	0	0	222	0	0	0	0	0	0	0	0	0	0	0	0	0	132	256	2306	392	4558	260	2590	0	0	2586	21582	386	4444	1580	0	0	10746	0	7858	0	7170	0	9048	0	396	0	0	0	0	0	0	0	0	0	5938	0	484	0	0	0	0	0	0	0	534	0	0	0	0	0	0	0	2100	0	0	0	938	0	826	0	0	0	0	274	974	272	1954	0	0	0	0	0	0	0	0	0	0	956	138	0	0	0	0	
254908	Occipital_Sup_L	1218	0	0	0	0	0	0	0	0	0	0	0	0	0	0	0	476	0	0	0	0	0	0	0	0	0	0	0	0	0	0	0	176	0	0	0	0	0	0	0	0	0	8666	0	19946	0	2576	0	0	0	37962	0	1658	0	980	0	3026	0	18088	0	3996	0	1008	0	4076	0	9576	0	2926	0	0	0	0	0	0	0	0	0	182	0	450	0	0	0	8266	0	0	0	2202	0	0	0	0	0	0	0	0	0	0	0	0	0	0	0	0	0	0	0	0	0	0	0	0	0	0	0	
423536	Occipital_Sup_R	0	4974	0	0	0	0	0	146	0	0	0	590	0	0	0	0	0	290	0	0	0	0	0	0	0	0	0	0	0	0	0	0	180	0	0	0	0	0	0	0	0	0	982	25268	2678	52454	522	10746	0	0	0	27740	0	4242	0	2214	0	9756	0	11682	0	2746	0	2420	0	3474	482	38010	0	2592	0	0	0	0	0	0	0	0	0	0	0	1012	0	0	0	4732	0	0	0	1836	0	0	0	0	0	0	0	0	0	0	0	0	0	0	0	0	0	0	0	0	0	0	0	0	0	0	
443088	Occipital_Mid_L	2934	0	0	0	0	0	0	0	0	0	0	0	0	0	0	0	772	0	0	174	0	0	0	0	0	0	0	0	190	0	0	0	382	158	138	170	0	0	158	0	0	0	15100	0	13792	0	11238	0	37962	0	0	0	12840	0	4150	0	7994	0	24918	0	13728	0	2692	0	17452	0	12488	0	10994	160	0	0	0	0	0	0	0	0	290	0	994	0	0	0	24160	0	0	0	5516	0	0	0	0	0	0	0	0	0	0	0	0	0	0	0	0	0	0	0	0	0	0	0	0	0	0	0	
244356	Occipital_Mid_R	0	3284	0	0	0	0	0	140	0	0	0	496	0	0	0	0	0	0	0	0	0	0	0	0	0	0	0	0	0	136	0	0	0	0	0	0	0	0	0	0	0	0	0	14634	176	16314	0	7858	0	27740	0	0	0	6718	0	1494	0	4602	0	1640	0	482	0	1358	0	4354	184	11368	0	2110	0	0	0	0	0	0	0	0	0	0	0	672	0	0	0	14456	0	0	0	1962	0	0	0	0	0	0	0	0	0	0	0	0	0	0	0	0	0	0	0	0	0	0	0	0	0	0	
84760	Occipital_Inf_L	932	0	0	0	0	0	0	0	0	0	0	0	0	0	0	0	668	0	0	0	0	0	0	0	0	0	0	0	476	0	0	0	0	0	0	0	272	0	0	0	0	0	3448	0	476	0	4562	0	1658	0	12840	0	0	0	8084	0	284	0	502	0	0	0	0	0	206	0	1344	0	1374	0	0	0	0	0	0	0	0	0	1250	0	328	0	0	0	1648	0	0	0	2028	0	0	0	0	0	0	0	0	0	0	0	0	0	0	0	0	0	0	0	0	0	0	0	0	0	0	0	
103496	Occipital_Inf_R	0	1464	0	0	0	0	0	0	0	0	0	274	0	0	0	0	0	0	0	390	0	0	0	0	0	0	0	0	0	174	0	0	0	0	0	522	0	2412	0	0	0	0	0	6968	0	1248	0	7170	0	4242	0	6718	0	0	0	10124	0	890	0	526	0	616	0	0	0	0	0	2758	0	1280	0	0	0	0	0	0	0	0	0	284	0	138	0	0	0	2196	0	0	0	1354	0	0	0	0	0	0	0	0	0	0	0	0	0	0	0	0	0	0	0	0	0	0	0	0	0	0	
242704	Fusiform_L	910	0	1846	0	0	0	236	0	0	0	0	0	0	0	282	0	1608	0	1560	0	608	0	0	0	0	0	0	0	5640	0	0	0	0	0	154	156	11356	144	4638	0	3094	0	1624	0	246	0	4828	0	980	0	4150	0	8084	0	0	0	162	0	410	0	0	0	178	0	220	0	1250	0	648	0	0	0	2990	0	0	0	256	0	3488	0	2300	0	4598	0	4442	0	1466	0	12060	0	13804	0	182	0	0	0	5008	0	15594	0	0	0	0	0	0	0	0	0	0	0	152	0	0	0	0	0	
214240	Fusiform_R	0	1804	0	488	0	0	0	0	0	0	0	340	0	0	0	0	0	0	0	854	0	0	0	0	0	0	0	0	0	1352	0	0	0	0	0	622	0	19188	0	9428	0	4952	0	2700	0	1184	0	9048	0	2214	0	1494	0	10124	0	0	0	716	0	544	0	612	0	0	0	0	0	2804	0	1328	0	0	0	2300	0	0	0	282	0	382	0	1078	0	5166	0	1944	0	954	0	8164	0	6094	0	0	0	0	0	1264	0	7296	0	0	0	0	0	0	0	0	0	0	400	0	0	0	0	0	
333744	Postcentral_L	36270	0	5030	0	0	0	704	0	0	0	6366	0	2162	0	0	0	8252	0	8864	164	0	0	0	0	0	0	0	0	4002	0	0	0	0	0	0	0	388	0	0	0	0	0	214	0	152	0	0	0	3026	0	7994	0	284	0	162	0	0	0	11818	0	23036	0	13942	0	6576	0	5124	0	10738	0	2222	0	364	0	178	0	274	0	1374	0	3948	0	0	0	2306	0	0	0	938	0	0	0	0	0	0	0	0	0	0	0	0	0	0	0	0	0	0	0	0	0	0	0	0	0	0	0	
254112	Postcentral_R	0	18272	0	1122	0	0	0	486	0	0	0	3170	0	0	0	0	0	4130	0	4824	0	0	0	0	0	0	0	0	0	2530	0	0	178	2058	0	5100	0	472	0	0	0	0	0	686	0	9160	0	396	0	9756	0	4602	0	890	0	716	0	0	0	4602	0	2422	0	10866	0	968	0	16314	144	13160	0	0	0	514	0	0	0	0	0	0	0	128	0	0	0	7620	0	0	0	1770	0	0	0	0	0	0	0	0	0	0	0	0	0	0	0	0	0	0	0	0	0	0	0	0	0	0	
222204	Parietal_Sup_L	1312	0	0	0	0	0	0	0	0	0	0	0	0	0	0	0	446	0	0	0	0	0	0	0	0	0	0	0	0	0	0	0	132	0	0	0	0	0	0	0	0	0	322	0	578	0	0	0	18088	0	24918	0	502	0	410	0	11818	0	0	0	15328	0	860	0	14736	0	10722	0	5568	0	0	0	0	0	0	0	0	0	176	0	414	0	0	0	3524	0	0	0	1248	0	0	0	0	0	0	0	0	0	0	0	0	0	0	0	0	0	0	0	0	0	0	0	0	0	0	0	
89552	Parietal_Sup_R	0	346	0	0	0	0	0	0	0	0	0	0	0	0	0	0	0	0	0	0	0	0	0	0	0	0	0	0	0	0	0	0	0	0	0	0	0	0	0	0	0	0	0	0	0	6700	0	0	0	11682	0	1640	0	526	0	544	0	4602	0	0	0	2902	0	0	0	2364	0	13108	0	362	0	0	0	0	0	0	0	0	0	0	0	0	0	0	0	0	0	0	0	0	0	0	0	0	0	0	0	0	0	0	0	0	0	0	0	0	0	0	0	0	0	0	0	0	0	0	
255888	Parietal_Inf_L	7044	0	0	0	0	0	0	0	0	0	0	0	0	0	0	0	0	0	0	0	0	0	0	0	0	0	0	0	0	0	0	0	0	0	0	0	0	0	0	0	0	0	0	0	230	0	0	0	3996	0	13728	0	0	0	0	0	23036	0	15328	0	0	0	19372	0	26376	0	3658	0	3912	0	0	0	0	0	0	0	0	0	0	0	824	0	0	0	6970	0	0	0	3470	0	0	0	0	0	0	0	0	0	0	0	0	0	0	0	0	0	0	0	0	0	0	0	0	0	0	0	
55120	Parietal_Inf_R	0	586	0	0	0	0	0	240	0	0	0	556	0	0	0	0	0	0	0	0	0	0	0	0	0	0	0	0	0	162	0	0	0	0	0	0	0	0	0	0	0	0	0	0	0	572	0	0	0	2746	0	482	0	616	0	612	0	2422	0	2902	0	0	0	5644	0	6032	0	1610	0	0	0	0	0	0	0	0	0	0	0	0	0	0	0	0	0	2036	0	0	0	342	0	0	0	0	0	0	0	0	0	0	0	0	0	0	0	0	0	0	0	0	0	0	0	0	0	0	
153920	SupraMarginal_L	6240	0	0	0	0	0	0	0	0	0	0	0	0	0	0	0	1888	0	224	0	0	0	0	0	0	0	0	0	1410	0	0	0	0	0	0	0	0	0	0	0	0	0	0	0	208	0	0	0	1008	0	2692	0	0	0	178	0	13942	0	860	0	19372	0	0	0	6502	0	224	0	0	0	304	0	0	0	0	0	0	0	266	0	7888	0	0	0	9580	0	0	0	4174	0	0	0	0	0	0	0	0	0	0	0	0	0	0	0	0	0	0	0	0	0	0	0	0	0	0	0	
81264	SupraMarginal_R	0	1572	0	0	0	0	0	394	0	0	0	1234	0	0	0	0	0	1728	0	0	0	0	0	0	0	0	0	0	0	362	0	0	0	0	0	0	0	128	0	0	0	0	0	0	0	2314	0	0	0	2420	0	1358	0	0	0	0	0	10866	0	0	0	5644	0	0	0	4446	0	2198	0	0	0	0	0	0	0	0	0	0	0	0	0	1788	0	0	0	2600	0	0	0	1580	0	0	0	0	0	0	0	0	0	0	0	0	0	0	0	0	0	0	0	0	0	0	0	0	0	0	
197836	Angular_L	1120	0	0	0	0	0	0	0	0	0	0	0	0	0	0	0	1004	0	0	0	0	0	0	0	0	0	0	0	670	0	0	0	0	0	0	0	0	0	0	0	0	0	180	0	196	0	0	0	4076	0	17452	0	206	0	220	0	6576	0	14736	0	26376	0	6502	0	0	0	3062	0	3310	0	0	0	0	0	0	0	0	0	426	0	1598	0	0	0	8014	0	0	0	3194	0	0	0	0	0	0	0	0	0	0	0	0	0	0	0	0	0	0	0	0	0	0	0	0	0	0	0	
61444	Angular_R	0	882	0	0	0	0	0	232	0	0	0	680	0	0	0	0	0	0	0	0	0	0	0	0	0	0	0	0	0	232	0	0	0	0	0	0	0	0	0	0	0	0	0	0	0	622	0	0	0	3474	0	4354	0	0	0	0	0	968	0	2364	0	6032	0	4446	0	0	0	944	0	0	0	0	0	0	0	0	0	0	0	0	0	588	0	0	0	4904	0	0	0	0	0	0	0	0	0	0	0	0	0	0	0	0	0	0	0	0	0	0	0	0	0	0	0	0	0	0	
182424	Precuneus_L	140	0	0	0	0	0	0	0	0	0	0	0	0	0	0	0	0	0	0	0	0	0	0	0	0	0	0	0	0	0	0	0	1196	0	3030	0	2746	0	1108	0	0	0	10154	246	9020	868	2194	0	9576	482	12488	184	1344	0	1250	0	5124	0	10722	0	3658	0	224	0	3062	0	0	1196	4752	306	0	0	0	0	0	0	0	0	302	0	170	0	0	0	3956	0	0	0	1714	0	0	0	0	0	0	0	0	0	0	0	0	0	0	0	0	0	0	0	0	0	0	0	0	0	0	0	
401804	Precuneus_R	0	5078	0	0	0	0	0	132	0	0	0	598	0	0	0	0	0	304	0	3418	0	0	0	0	0	0	0	0	0	0	0	0	572	3688	1390	10430	1308	4792	382	644	0	0	0	11000	146	36202	128	5938	0	38010	0	11368	0	2758	0	2804	0	16314	0	13108	0	1610	0	2198	0	944	1196	0	518	15724	0	0	0	0	0	0	0	0	0	0	0	806	0	0	0	4876	0	0	0	1912	0	0	0	0	0	0	0	0	0	0	0	0	0	0	0	0	0	0	0	0	606	0	0	0	0	0	
426832	Paracentral_Lobule_L	40054	7418	6558	8320	0	0	316	0	0	0	0	0	0	0	0	0	178	0	10850	27504	0	0	0	0	0	0	0	0	298	0	0	0	5254	21126	7394	1422	1730	156	866	0	0	0	2262	0	1148	168	0	0	2926	0	10994	0	1374	0	648	0	10738	144	5568	0	3912	0	0	0	3310	0	4752	518	0	11492	1420	856	930	148	160	516	6042	228	0	0	392	0	0	0	2304	0	0	0	1022	0	0	0	0	0	0	0	0	0	0	0	0	0	0	0	0	0	0	0	0	0	0	0	0	0	0	0	
269648	Paracentral_Lobule_R	5682	3890	0	0	0	0	0	0	0	0	0	0	0	0	0	0	0	0	2412	28040	0	0	0	0	0	0	0	0	0	0	0	0	980	23868	3050	9180	0	858	0	0	0	0	0	1540	0	3332	0	484	0	2592	160	2110	0	1280	0	1328	0	13160	0	362	0	0	0	0	0	0	306	15724	11492	0	0	0	0	0	0	0	0	0	0	0	0	0	0	0	0	2442	0	0	0	552	0	0	0	0	0	0	0	0	0	0	0	0	0	0	0	0	0	0	0	0	0	0	0	0	0	0	
403320	Caudate_L	5068	512	13368	7668	732	882	1432	828	0	0	484	2446	0	138	338	162	5072	0	15274	9504	7788	9960	748	698	138	1424	2444	2686	3522	2292	8742	3936	0	218	0	0	568	0	0	0	0	0	0	0	0	0	0	0	0	0	0	0	0	0	0	0	2222	0	0	0	0	0	304	0	0	0	0	0	1420	0	0	23522	38580	4510	4342	874	13432	2404	458	0	520	0	0	0	0	0	0	0	0	0	0	0	0	0	0	0	0	0	0	0	0	0	0	0	0	0	0	0	0	0	0	0	0	0	0	0	
483152	Caudate_R	952	3928	3776	28606	0	1106	0	762	0	232	0	1472	0	582	0	1392	0	1118	4566	32918	4532	8846	4628	7522	0	4684	466	2916	150	2868	5008	27586	180	7008	0	0	0	762	0	144	0	0	0	0	0	0	0	0	0	0	0	0	0	0	0	0	0	0	0	0	0	0	0	0	0	0	0	0	856	0	23522	0	13832	19928	522	2540	1304	19932	0	0	0	246	0	184	0	0	0	0	0	0	0	0	0	0	0	0	0	0	0	0	0	0	0	0	0	0	0	0	0	0	0	0	0	0	0	0	
494820	Putamen_L	7716	0	29788	4920	2548	796	2214	146	164	0	1206	1268	926	0	1330	0	1302	0	21240	5884	6958	8586	4700	886	0	1440	2648	2406	21894	1202	12814	4406	0	242	0	0	9736	0	2334	0	838	0	0	0	0	0	0	0	0	0	0	0	0	0	2990	0	364	0	0	0	0	0	0	0	0	0	0	0	930	0	38580	13832	0	3874	10670	0	8230	698	166	0	1240	0	1132	0	296	0	0	0	1870	0	0	0	0	0	0	0	0	0	0	0	0	0	0	0	0	0	0	0	0	0	0	0	0	0	0	0	
339064	Putamen_R	190	2476	558	23554	0	1406	0	3572	0	264	0	4936	0	1326	0	1056	0	2100	1572	17524	1272	2294	2000	6788	0	3602	144	1542	0	17298	1880	15780	0	3826	148	154	152	12668	0	2672	0	1618	0	0	0	0	0	0	0	0	0	0	0	0	0	2300	0	514	0	0	0	0	0	0	0	0	0	0	148	0	4510	19928	3874	0	0	1106	0	2106	0	0	0	0	0	674	0	0	0	0	0	0	0	0	0	0	0	0	0	0	0	0	0	0	0	0	0	0	0	0	0	0	0	0	0	0	0	0	
68408	Pallidum_L	2536	0	5114	310	0	0	166	0	0	0	0	0	0	0	0	0	538	0	6630	358	0	0	0	0	0	0	0	0	286	0	0	0	0	0	0	0	372	0	0	0	0	0	0	0	0	0	0	0	0	0	0	0	0	0	0	0	178	0	0	0	0	0	0	0	0	0	0	0	160	0	4342	522	10670	0	0	0	1792	230	0	0	0	0	0	0	0	0	0	0	0	0	0	0	0	0	0	0	0	0	0	0	0	0	0	0	0	0	0	0	0	0	0	0	0	0	0	0	
21880	Pallidum_R	506	0	0	742	0	0	0	0	0	0	0	0	0	0	0	0	0	0	316	3450	0	0	0	0	0	0	0	0	0	0	0	0	0	732	0	0	0	0	0	0	0	0	0	0	0	0	0	0	0	0	0	0	0	0	0	0	0	0	0	0	0	0	0	0	0	0	0	0	516	0	874	2540	0	1106	0	0	0	158	0	0	0	0	0	0	0	0	0	0	0	0	0	0	0	0	0	0	0	0	0	0	0	0	0	0	0	0	0	0	0	0	0	0	0	0	0	0	
172864	Thalamus_L	11556	1972	8638	3220	0	0	1182	0	0	0	260	0	0	0	0	0	454	0	2292	2022	0	0	0	0	0	0	0	0	2248	0	0	0	0	0	288	2046	6278	2036	494	0	0	0	0	0	0	0	0	0	0	0	0	0	0	0	256	0	274	0	0	0	0	0	0	0	0	0	0	0	6042	0	13432	1304	8230	0	1792	0	0	6854	1366	0	248	0	0	0	440	0	0	0	1208	0	0	0	0	0	0	0	0	0	0	0	0	0	0	0	0	0	0	0	0	0	0	0	0	0	0	0	
154416	Thalamus_R	298	7480	282	10418	0	0	264	864	0	0	0	1064	0	0	0	0	0	834	162	8586	0	0	172	144	0	0	0	0	0	1530	0	492	0	220	432	1924	1548	5686	0	980	0	200	0	0	0	0	0	534	0	0	0	0	0	0	0	282	0	0	0	0	0	0	0	0	0	0	0	0	228	0	2404	19932	698	2106	230	158	6854	0	202	0	0	0	0	0	0	0	0	0	0	0	0	0	0	0	0	0	0	0	0	0	0	0	0	0	0	0	0	0	0	0	0	0	0	0	0	0	
99860	Heschl_L	4446	188	716	0	0	0	1590	0	0	0	282	0	0	0	0	0	4356	0	752	130	0	0	0	0	0	0	0	0	7836	0	0	0	0	0	916	1066	4302	876	0	0	0	0	272	0	0	0	0	0	182	0	290	0	1250	0	3488	0	1374	0	176	0	0	0	266	0	426	0	302	0	0	0	458	0	166	0	0	0	1366	202	0	0	5500	0	0	0	4928	0	0	0	1828	0	0	0	0	0	0	0	0	0	0	0	0	0	0	0	0	0	0	0	0	0	0	0	0	0	0	0	
9176	Heschl_R	0	0	0	0	0	0	0	0	0	0	0	0	0	0	0	0	0	352	0	0	0	0	0	0	0	0	0	0	0	0	0	0	0	0	0	0	0	204	0	0	0	0	0	0	0	0	0	0	0	0	0	0	0	284	0	382	0	0	0	0	0	0	0	0	0	0	0	0	0	0	0	0	0	0	0	0	0	0	0	0	0	2820	0	0	0	228	0	0	0	318	0	0	0	0	0	0	0	0	0	0	0	0	0	0	0	0	0	0	0	0	0	0	0	0	0	0	
196168	Temporal_Sup_L	3542	0	2850	0	0	0	218	0	0	0	3346	0	306	0	0	0	10480	0	2730	0	0	0	154	0	0	0	0	0	10766	0	178	0	0	0	0	0	2090	0	474	0	0	0	0	0	0	0	0	0	450	0	994	0	328	0	2300	0	3948	0	414	0	824	0	7888	0	1598	0	170	0	392	0	520	0	1240	0	0	0	248	0	5500	0	0	0	3530	0	24296	0	0	0	6310	0	0	0	0	0	0	0	0	0	0	0	0	0	0	0	0	0	0	0	0	0	0	0	0	0	0	0	
42932	Temporal_Sup_R	0	404	0	244	0	0	0	0	0	0	0	308	0	0	0	598	0	1760	0	500	0	0	0	0	0	0	0	0	0	268	0	0	0	0	0	0	0	944	0	278	0	0	0	0	0	818	0	0	0	1012	0	672	0	138	0	1078	0	128	0	0	0	0	0	1788	0	588	0	806	0	0	0	246	0	0	0	0	0	0	0	2820	0	0	0	2290	0	2690	0	216	0	872	0	0	0	0	0	0	0	0	0	0	0	0	0	0	0	0	0	0	0	0	0	0	0	0	0	0	
88004	Temporal_Pole_Sup_L	0	0	1390	0	352	0	0	0	360	0	1412	0	814	0	1460	0	578	0	740	0	304	0	0	0	0	0	0	0	3556	0	0	0	0	0	0	0	1886	0	2380	0	1466	0	0	0	0	0	0	0	0	0	0	0	0	0	4598	0	0	0	0	0	0	0	0	0	0	0	0	0	0	0	0	0	1132	0	0	0	0	0	0	0	3530	0	0	0	8746	0	3898	0	5400	0	0	0	0	0	0	0	0	0	0	0	0	0	0	0	0	0	0	0	0	0	0	0	0	0	0	0	
76328	Temporal_Pole_Sup_R	0	0	0	2100	0	0	0	402	0	0	0	3196	0	342	0	912	0	3202	0	2078	0	746	0	0	0	0	0	144	0	2326	0	0	0	0	0	0	0	898	0	2222	0	3004	0	0	0	0	0	0	0	0	0	0	0	0	0	5166	0	0	0	0	0	0	0	0	0	0	0	0	0	0	0	184	0	674	0	0	0	0	0	0	0	2290	0	0	0	2232	0	2622	0	3424	0	0	0	0	0	0	0	0	0	0	0	0	0	0	0	0	0	0	0	0	0	0	0	0	0	0	
338284	Temporal_Mid_L	2250	0	306	0	0	0	176	0	0	0	0	0	0	0	0	0	3664	0	0	0	0	0	0	0	0	0	0	0	2276	0	0	0	0	0	188	226	2524	214	364	0	288	0	6118	0	4292	0	398	0	8266	0	24160	0	1648	0	4442	0	2306	0	3524	0	6970	0	9580	0	8014	0	3956	0	2304	0	0	0	296	0	0	0	440	0	4928	0	24296	0	8746	0	0	0	2034	0	29948	0	0	0	0	0	0	0	0	0	0	0	0	0	0	0	0	0	0	0	0	0	0	0	0	0	0	0	
187024	Temporal_Mid_R	0	6354	0	0	0	0	0	1010	0	0	0	1570	0	0	0	168	0	0	0	182	0	0	0	0	0	0	0	0	0	346	0	0	0	0	0	0	0	672	0	208	0	0	0	7420	0	3112	0	2100	0	4732	0	14456	0	2196	0	1944	0	7620	0	0	0	2036	0	2600	0	4904	0	4876	0	2442	0	0	0	0	0	0	0	0	0	228	0	2690	0	2232	0	0	0	1244	0	16170	0	0	0	0	0	0	0	0	0	0	0	0	0	0	0	0	0	0	0	0	0	0	0	0	0	0	
22660	Temporal_Pole_Mid_L	0	0	0	0	0	0	0	0	0	0	0	0	0	0	0	0	0	0	0	0	0	0	0	0	0	0	0	0	0	0	0	0	0	0	0	0	190	0	1192	0	344	0	0	0	0	0	0	0	0	0	0	0	0	0	1466	0	0	0	0	0	0	0	0	0	0	0	0	0	0	0	0	0	0	0	0	0	0	0	0	0	0	0	3898	0	2034	0	0	0	2206	0	0	0	0	0	0	0	0	0	0	0	0	0	0	0	0	0	0	0	0	0	0	0	0	0	0	0	
11988	Temporal_Pole_Mid_R	0	0	0	0	0	0	0	0	0	0	0	0	0	0	0	0	0	0	0	0	0	0	0	0	0	0	0	0	0	0	0	0	0	0	0	0	0	0	0	0	0	0	0	0	0	0	0	0	0	0	0	0	0	0	0	954	0	0	0	0	0	0	0	0	0	0	0	0	0	0	0	0	0	0	0	0	0	0	0	0	0	216	0	2622	0	1244	0	0	0	958	0	0	0	0	0	0	0	0	0	0	0	0	0	0	0	0	0	0	0	0	0	0	0	0	0	0	
222196	Temporal_Inf_L	1870	0	1208	0	0	0	260	0	0	0	0	0	0	0	0	0	2172	0	816	0	0	0	0	0	0	0	0	0	2886	0	0	0	0	0	190	310	8736	298	1218	0	574	0	2412	0	928	0	502	0	2202	0	5516	0	2028	0	12060	0	938	0	1248	0	3470	0	4174	0	3194	0	1714	0	1022	0	0	0	1870	0	0	0	1208	0	1828	0	6310	0	5400	0	29948	0	2206	0	0	0	382	0	0	0	0	0	0	0	0	0	0	0	0	0	0	0	0	0	0	0	0	0	0	0	0	0	
103620	Temporal_Inf_R	0	1010	0	0	0	0	0	0	0	0	0	156	0	0	0	164	0	0	0	0	0	0	0	0	0	0	0	0	0	0	0	0	0	0	0	0	0	2684	0	1044	0	0	0	2690	0	1320	0	938	0	1836	0	1962	0	1354	0	8164	0	1770	0	0	0	342	0	1580	0	0	0	1912	0	552	0	0	0	0	0	0	0	0	0	318	0	872	0	3424	0	16170	0	958	0	0	0	590	0	0	0	0	0	0	0	0	0	0	0	0	0	0	0	0	0	0	0	0	0	0	0	0	
307612	Cerebelum_Crus1_L	0	0	0	0	0	0	0	0	0	0	0	0	0	0	0	0	0	0	0	0	0	0	0	0	0	0	0	0	0	0	0	0	0	0	0	0	0	0	0	0	0	0	0	0	0	0	2206	0	0	0	0	0	0	0	13804	0	0	0	0	0	0	0	0	0	0	0	0	0	0	0	0	0	0	0	0	0	0	0	0	0	0	0	0	0	0	0	0	0	382	0	0	2746	21912	1654	818	182	22014	0	50818	2816	4104	502	8546	1170	2102	1012	1492	0	0	0	590	6136	5220	1712	1346	522	
203052	Cerebelum_Crus1_R	0	0	0	0	0	0	0	0	0	0	0	0	0	0	0	0	0	0	0	0	0	0	0	0	0	0	0	0	0	0	0	0	0	0	0	0	0	0	0	0	0	0	0	0	0	0	0	826	0	0	0	0	0	0	0	6094	0	0	0	0	0	0	0	0	0	0	0	0	0	0	0	0	0	0	0	0	0	0	0	0	0	0	0	0	0	0	0	0	0	590	2746	0	660	20882	0	304	0	6138	1340	35118	0	3754	128	10534	0	1710	0	626	0	0	1518	2908	3562	924	968	196	
171108	Cerebelum_Crus2_L	0	0	0	0	0	0	0	0	0	0	0	0	0	0	0	0	0	0	0	0	0	0	0	0	0	0	0	0	0	0	0	0	0	0	0	0	0	0	0	0	0	0	0	0	0	0	0	0	0	0	0	0	0	0	182	0	0	0	0	0	0	0	0	0	0	0	0	0	0	0	0	0	0	0	0	0	0	0	0	0	0	0	0	0	0	0	0	0	0	0	21912	660	0	2006	0	0	520	0	1386	0	22770	836	24404	1002	3288	0	2392	0	0	0	0	354	2572	1270	0	0	
127444	Cerebelum_Crus2_R	0	0	0	0	0	0	0	0	0	0	0	0	0	0	0	0	0	0	0	0	0	0	0	0	0	0	0	0	0	0	0	0	0	0	0	0	0	0	0	0	0	0	0	0	0	0	0	0	0	0	0	0	0	0	0	0	0	0	0	0	0	0	0	0	0	0	0	0	0	0	0	0	0	0	0	0	0	0	0	0	0	0	0	0	0	0	0	0	0	0	1654	20882	2006	0	0	0	0	0	0	1956	268	12334	756	18248	0	1198	0	554	0	0	0	396	2600	724	146	0	
12180	Cerebelum_3_L	0	0	0	0	0	0	0	0	0	0	0	0	0	0	0	0	0	0	0	0	0	0	0	0	0	0	0	0	0	0	0	0	0	0	0	0	0	0	488	0	0	0	0	0	0	0	0	0	0	0	0	0	0	0	0	0	0	0	0	0	0	0	0	0	0	0	0	0	0	0	0	0	0	0	0	0	0	0	0	0	0	0	0	0	0	0	0	0	0	0	818	0	0	0	0	0	2536	0	1188	0	0	0	0	0	580	0	0	0	322	158	0	0	0	0	0	0	
9652	Cerebelum_3_R	0	0	0	0	0	0	0	0	0	0	0	0	0	0	0	0	0	0	0	0	0	0	0	0	0	0	0	0	0	0	0	0	0	0	0	0	0	0	0	0	0	0	0	0	0	0	0	0	0	0	0	0	0	0	0	0	0	0	0	0	0	0	0	0	0	0	0	0	0	0	0	0	0	0	0	0	0	0	0	0	0	0	0	0	0	0	0	0	0	0	182	304	0	0	0	0	0	1090	226	1328	0	0	0	0	0	0	0	0	274	492	278	378	144	0	130	0	
152832	Cerebelum_4_5_L	0	0	0	0	0	0	0	0	0	0	0	0	0	0	0	0	0	0	0	0	0	0	0	0	0	0	0	0	0	0	0	0	0	0	0	0	0	0	0	0	0	0	0	0	0	0	2184	274	0	0	0	0	0	0	5008	0	0	0	0	0	0	0	0	0	0	0	0	0	0	0	0	0	0	0	0	0	0	0	0	0	0	0	0	0	0	0	0	0	0	0	22014	0	520	0	2536	0	0	602	33712	742	284	0	598	0	2650	252	0	0	0	0	3180	1290	180	0	0	390	
72636	Cerebelum_4_5_R	0	0	0	0	0	0	0	0	0	0	0	0	0	0	0	0	0	0	0	0	0	0	0	0	0	0	0	0	0	0	0	0	0	0	0	0	0	352	0	468	0	0	0	0	0	0	182	974	0	0	0	0	0	0	0	1264	0	0	0	0	0	0	0	0	0	0	0	0	0	0	0	0	0	0	0	0	0	0	0	0	0	0	0	0	0	0	0	0	0	0	0	6138	0	0	0	1090	602	0	456	16954	0	0	0	0	0	0	0	0	0	228	7132	478	0	0	0	0	
263552	Cerebelum_6_L	0	0	0	0	0	0	0	0	0	0	0	0	0	0	0	0	0	0	0	0	0	0	0	0	0	0	0	0	0	0	0	0	0	0	0	0	0	0	0	0	0	0	0	0	0	0	3032	272	0	0	0	0	0	0	15594	0	0	0	0	0	0	0	0	0	0	0	0	0	0	0	0	0	0	0	0	0	0	0	0	0	0	0	0	0	0	0	0	0	0	0	50818	1340	1386	0	1188	226	33712	456	0	3416	366	0	778	234	2622	1436	0	0	0	0	2498	6796	2172	1196	1192	1046	
183252	Cerebelum_6_R	0	0	0	0	0	0	0	0	0	0	0	0	0	0	0	0	0	0	0	0	0	0	0	0	0	0	0	0	0	0	0	0	0	0	0	0	0	0	0	0	0	0	0	0	0	0	232	1954	0	0	0	0	0	0	0	7296	0	0	0	0	0	0	0	0	0	0	0	0	0	0	0	0	0	0	0	0	0	0	0	0	0	0	0	0	0	0	0	0	0	0	2816	35118	0	1956	0	1328	742	16954	3416	0	0	422	0	1256	0	466	0	260	0	236	7444	4820	2636	1162	972	140	
104160	Cerebelum_7b_L	0	0	0	0	0	0	0	0	0	0	0	0	0	0	0	0	0	0	0	0	0	0	0	0	0	0	0	0	0	0	0	0	0	0	0	0	0	0	0	0	0	0	0	0	0	0	0	0	0	0	0	0	0	0	0	0	0	0	0	0	0	0	0	0	0	0	0	0	0	0	0	0	0	0	0	0	0	0	0	0	0	0	0	0	0	0	0	0	0	0	4104	0	22770	268	0	0	284	0	366	0	0	0	19474	388	2928	0	572	0	0	0	0	0	440	486	0	0	
58408	Cerebelum_7b_R	0	0	0	0	0	0	0	0	0	0	0	0	0	0	0	0	0	0	0	0	0	0	0	0	0	0	0	0	0	0	0	0	0	0	0	0	0	0	0	0	0	0	0	0	0	0	0	0	0	0	0	0	0	0	0	0	0	0	0	0	0	0	0	0	0	0	0	0	0	0	0	0	0	0	0	0	0	0	0	0	0	0	0	0	0	0	0	0	0	0	502	3754	836	12334	0	0	0	0	0	422	0	0	174	10070	0	0	0	0	0	0	0	0	796	316	0	0	
151724	Cerebelum_8_L	0	0	0	0	0	0	0	0	0	0	0	0	0	0	0	0	0	0	0	0	0	0	0	0	0	0	0	0	0	0	0	0	0	0	0	0	0	0	0	0	0	0	0	0	0	0	0	0	0	0	0	0	0	0	0	0	0	0	0	0	0	0	0	0	0	0	0	0	0	0	0	0	0	0	0	0	0	0	0	0	0	0	0	0	0	0	0	0	0	0	8546	128	24404	756	0	0	598	0	778	0	19474	174	0	1614	10064	386	3132	0	0	0	0	844	1958	2226	780	0	
113052	Cerebelum_8_R	0	0	0	0	0	0	0	0	0	0	0	0	0	0	0	0	0	0	0	0	0	0	0	0	0	0	0	0	0	0	0	0	0	0	0	0	0	0	0	0	0	0	0	0	0	0	0	0	0	0	0	0	0	0	0	0	0	0	0	0	0	0	0	0	0	0	0	0	0	0	0	0	0	0	0	0	0	0	0	0	0	0	0	0	0	0	0	0	0	0	1170	10534	1002	18248	0	0	0	0	234	1256	388	10070	1614	0	148	5504	0	1382	0	0	0	706	2002	1442	826	0	
61148	Cerebelum_9_L	0	0	0	0	0	0	0	0	0	0	0	0	0	0	0	0	0	0	0	0	0	0	0	0	0	0	0	0	0	0	0	0	0	0	0	0	0	0	0	0	0	0	0	0	0	0	0	0	0	0	0	0	0	0	0	0	0	0	0	0	0	0	0	0	0	0	0	0	0	0	0	0	0	0	0	0	0	0	0	0	0	0	0	0	0	0	0	0	0	0	2102	0	3288	0	580	0	2650	0	2622	0	2928	0	10064	148	0	164	3296	0	0	0	368	824	498	460	330	252	
47028	Cerebelum_9_R	0	0	0	0	0	0	0	0	0	0	0	0	0	0	0	0	0	0	0	0	0	0	0	0	0	0	0	0	0	0	0	0	0	0	0	0	0	0	0	0	0	0	0	0	0	0	0	0	0	0	0	0	0	0	0	0	0	0	0	0	0	0	0	0	0	0	0	0	0	0	0	0	0	0	0	0	0	0	0	0	0	0	0	0	0	0	0	0	0	0	1012	1710	0	1198	0	0	252	0	1436	466	0	0	386	5504	164	0	0	2024	0	0	790	2522	1084	1338	1896	1732	
21768	Cerebelum_10_L	0	0	0	0	0	0	0	0	0	0	0	0	0	0	0	0	0	0	0	0	0	0	0	0	0	0	0	0	0	0	0	0	0	0	0	0	0	0	0	0	0	0	0	0	0	0	0	0	0	0	0	0	0	0	0	0	0	0	0	0	0	0	0	0	0	0	0	0	0	0	0	0	0	0	0	0	0	0	0	0	0	0	0	0	0	0	0	0	0	0	1492	0	2392	0	0	0	0	0	0	0	572	0	3132	0	3296	0	0	0	0	0	0	0	0	0	0	0	
9692	Cerebelum_10_R	0	0	0	0	0	0	0	0	0	0	0	0	0	0	0	0	0	0	0	0	0	0	0	0	0	0	0	0	0	0	0	0	0	0	0	0	0	0	0	0	0	0	0	0	0	0	0	0	0	0	0	0	0	0	0	0	0	0	0	0	0	0	0	0	0	0	0	0	0	0	0	0	0	0	0	0	0	0	0	0	0	0	0	0	0	0	0	0	0	0	0	626	0	554	0	0	0	0	0	260	0	0	0	1382	0	2024	0	0	0	0	0	0	0	0	0	0	
8424	Vermis_1_2	0	0	0	0	0	0	0	0	0	0	0	0	0	0	0	0	0	0	0	0	0	0	0	0	0	0	0	0	0	0	0	0	0	0	0	0	0	0	0	0	0	0	0	0	0	0	0	0	0	0	0	0	0	0	0	0	0	0	0	0	0	0	0	0	0	0	0	0	0	0	0	0	0	0	0	0	0	0	0	0	0	0	0	0	0	0	0	0	0	0	0	0	0	0	322	274	0	0	0	0	0	0	0	0	0	0	0	0	0	3384	232	0	0	0	0	0	
9420	Vermis_3	0	0	0	0	0	0	0	0	0	0	0	0	0	0	0	0	0	0	0	0	0	0	0	0	0	0	0	0	0	0	0	0	0	0	0	0	0	0	0	0	0	0	0	0	0	0	0	0	0	0	0	0	0	0	0	0	0	0	0	0	0	0	0	0	0	0	0	0	0	0	0	0	0	0	0	0	0	0	0	0	0	0	0	0	0	0	0	0	0	0	0	0	0	0	158	492	0	228	0	236	0	0	0	0	0	0	0	0	3384	0	212	0	0	0	0	0	
63444	Vermis_4_5	0	0	0	0	0	0	0	0	0	0	0	0	0	0	0	0	0	0	0	0	0	0	0	0	0	0	0	0	0	0	0	0	0	0	0	478	0	622	0	0	0	0	0	0	0	0	466	956	0	0	0	0	0	0	152	400	0	0	0	0	0	0	0	0	0	0	0	606	0	0	0	0	0	0	0	0	0	0	0	0	0	0	0	0	0	0	0	0	0	0	590	1518	0	0	0	278	3180	7132	2498	7444	0	0	0	0	368	790	0	0	232	212	0	2786	0	0	0	1014	
85204	Vermis_6	0	0	0	0	0	0	0	0	0	0	0	0	0	0	0	0	0	0	0	0	0	0	0	0	0	0	0	0	0	0	0	0	0	0	0	0	0	0	0	0	0	0	0	0	0	0	166	138	0	0	0	0	0	0	0	0	0	0	0	0	0	0	0	0	0	0	0	0	0	0	0	0	0	0	0	0	0	0	0	0	0	0	0	0	0	0	0	0	0	0	6136	2908	354	396	0	378	1290	478	6796	4820	0	0	844	706	824	2522	0	0	0	0	2786	0	4280	2256	2214	2310	
72364	Vermis_7	0	0	0	0	0	0	0	0	0	0	0	0	0	0	0	0	0	0	0	0	0	0	0	0	0	0	0	0	0	0	0	0	0	0	0	0	0	0	0	0	0	0	0	0	0	0	0	0	0	0	0	0	0	0	0	0	0	0	0	0	0	0	0	0	0	0	0	0	0	0	0	0	0	0	0	0	0	0	0	0	0	0	0	0	0	0	0	0	0	0	5220	3562	2572	2600	0	144	180	0	2172	2636	440	796	1958	2002	498	1084	0	0	0	0	0	4280	0	3262	2360	416	
43216	Vermis_8	0	0	0	0	0	0	0	0	0	0	0	0	0	0	0	0	0	0	0	0	0	0	0	0	0	0	0	0	0	0	0	0	0	0	0	0	0	0	0	0	0	0	0	0	0	0	0	0	0	0	0	0	0	0	0	0	0	0	0	0	0	0	0	0	0	0	0	0	0	0	0	0	0	0	0	0	0	0	0	0	0	0	0	0	0	0	0	0	0	0	1712	924	1270	724	0	0	0	0	1196	1162	486	316	2226	1442	460	1338	0	0	0	0	0	2256	3262	0	2408	426	
32516	Vermis_9	0	0	0	0	0	0	0	0	0	0	0	0	0	0	0	0	0	0	0	0	0	0	0	0	0	0	0	0	0	0	0	0	0	0	0	0	0	0	0	0	0	0	0	0	0	0	0	0	0	0	0	0	0	0	0	0	0	0	0	0	0	0	0	0	0	0	0	0	0	0	0	0	0	0	0	0	0	0	0	0	0	0	0	0	0	0	0	0	0	0	1346	968	0	146	0	130	0	0	1192	972	0	0	780	826	330	1896	0	0	0	0	0	2214	2360	2408	0	690	
18268	Vermis_10	0	0	0	0	0	0	0	0	0	0	0	0	0	0	0	0	0	0	0	0	0	0	0	0	0	0	0	0	0	0	0	0	0	0	0	0	0	0	0	0	0	0	0	0	0	0	0	0	0	0	0	0	0	0	0	0	0	0	0	0	0	0	0	0	0	0	0	0	0	0	0	0	0	0	0	0	0	0	0	0	0	0	0	0	0	0	0	0	0	0	522	196	0	0	0	0	390	0	1046	140	0	0	0	0	252	1732	0	0	0	0	1014	2310	416	426	690	0	
