data	data	364148	198444	921544	525260	218900	86396	564600	180516	97668	14456	198572	202204	261152	233988	168316	138428	220832	136996	619272	736848	65952	67660	253212	377816	28528	89560	46568	47916	604156	327424	222408	556804	92076	418984	95788	141032	271108	341744	61356	203068	34312	57760	247380	316980	160400	320972	300136	358740	127996	339428	457832	276188	180888	56124	398976	441880	246956	173624	143660	94824	228008	114500	121136	79212	146424	124892	168520	319776	101252	107852	237468	348792	318408	356680	45420	32628	178524	188420	38072	17432	166772	82120	54368	47812	327768	164516	8128	22700	254328	164384	635132	566292	529828	549016	40024	107776	430196	372352	606892	501376	407600	220360	424944	474904	138356	214676	19420	24248	45172	77044	472660	280736	365312	254844	163100	48024	
data	data	Precentral_L	Precentral_R	Frontal_Sup_L	Frontal_Sup_R	Frontal_Sup_Orb_L	Frontal_Sup_Orb_R	Frontal_Mid_L	Frontal_Mid_R	Frontal_Mid_Orb_L	Frontal_Mid_Orb_R	Frontal_Inf_Oper_L	Frontal_Inf_Oper_R	Frontal_Inf_Tri_L	Frontal_Inf_Tri_R	Frontal_Inf_Orb_L	Frontal_Inf_Orb_R	Rolandic_Oper_L	Rolandic_Oper_R	Supp_Motor_Area_L	Supp_Motor_Area_R	Olfactory_L	Olfactory_R	Frontal_Sup_Medial_L	Frontal_Sup_Medial_R	Frontal_Med_Orb_L	Frontal_Med_Orb_R	Rectus_L	Rectus_R	Insula_L	Insula_R	Cingulum_Ant_L	Cingulum_Ant_R	Cingulum_Mid_L	Cingulum_Mid_R	Cingulum_Post_L	Cingulum_Post_R	Hippocampus_L	Hippocampus_R	ParaHippocampal_L	ParaHippocampal_R	Amygdala_L	Amygdala_R	Calcarine_L	Calcarine_R	Cuneus_L	Cuneus_R	Lingual_L	Lingual_R	Occipital_Sup_L	Occipital_Sup_R	Occipital_Mid_L	Occipital_Mid_R	Occipital_Inf_L	Occipital_Inf_R	Fusiform_L	Fusiform_R	Postcentral_L	Postcentral_R	Parietal_Sup_L	Parietal_Sup_R	Parietal_Inf_L	Parietal_Inf_R	SupraMarginal_L	SupraMarginal_R	Angular_L	Angular_R	Precuneus_L	Precuneus_R	Paracentral_Lobule_L	Paracentral_Lobule_R	Caudate_L	Caudate_R	Putamen_L	Putamen_R	Pallidum_L	Pallidum_R	Thalamus_L	Thalamus_R	Heschl_L	Heschl_R	Temporal_Sup_L	Temporal_Sup_R	Temporal_Pole_Sup_L	Temporal_Pole_Sup_R	Temporal_Mid_L	Temporal_Mid_R	Temporal_Pole_Mid_L	Temporal_Pole_Mid_R	Temporal_Inf_L	Temporal_Inf_R	Cerebelum_Crus1_L	Cerebelum_Crus1_R	Cerebelum_Crus2_L	Cerebelum_Crus2_R	Cerebelum_3_L	Cerebelum_3_R	Cerebelum_4_5_L	Cerebelum_4_5_R	Cerebelum_6_L	Cerebelum_6_R	Cerebelum_7b_L	Cerebelum_7b_R	Cerebelum_8_L	Cerebelum_8_R	Cerebelum_9_L	Cerebelum_9_R	Cerebelum_10_L	Cerebelum_10_R	Vermis_1_2	Vermis_3	Vermis_4_5	Vermis_6	Vermis_7	Vermis_8	Vermis_9	Vermis_10	
364148	Precentral_L	0	6116	14530	704	0	0	30290	0	0	0	7414	0	2740	0	0	0	11142	0	6682	6588	0	0	0	0	0	0	0	0	6536	0	0	0	1390	4494	5076	1408	4378	284	0	0	0	0	514	0	322	0	0	0	196	102	3528	0	1446	0	424	0	22142	202	1286	0	4524	0	1666	0	118	0	598	218	10050	3200	1216	744	6670	0	440	0	5670	2100	794	0	634	0	0	0	2650	0	0	0	848	0	0	0	0	0	0	0	0	0	0	0	0	0	0	0	0	0	0	0	0	0	0	0	0	0	0	0	
198444	Precentral_R	6116	0	90	2556	0	0	0	6644	0	0	0	4920	0	0	0	0	96	1602	248	6742	0	0	0	0	0	0	0	0	0	2614	0	0	186	4098	1606	3794	128	6620	0	630	0	0	0	538	0	572	0	162	0	858	0	1120	0	194	0	1046	0	22364	0	664	0	1148	0	2148	0	210	0	1514	2622	6764	0	440	0	4874	0	482	0	704	0	0	0	108	0	0	0	1108	0	0	0	892	0	0	0	0	0	0	0	0	0	0	0	0	0	0	0	0	0	0	0	0	0	0	0	0	0	0	
921544	Frontal_Sup_L	14530	90	0	3614	20870	0	70574	194	3166	0	13352	578	15862	134	8114	0	7944	680	87784	14230	264	0	35450	1114	870	0	320	0	48324	690	19366	3264	3500	2424	1136	1658	6852	620	176	0	0	0	0	0	0	88	0	0	0	102	644	0	256	0	1284	0	1692	0	0	0	536	0	324	0	0	0	0	314	2092	560	10728	838	22072	198	3462	0	21174	2714	98	0	726	0	1226	0	648	0	0	0	1252	0	0	0	0	0	0	0	0	0	0	0	0	0	0	0	0	0	0	0	0	0	0	0	0	0	0	0	
525260	Frontal_Sup_R	704	2556	3614	0	216	4254	656	22600	0	730	0	6632	0	11162	0	7044	172	7124	4488	43778	0	94	5272	36548	0	2160	0	178	364	11024	1298	34498	890	17500	0	126	0	2474	0	1210	0	0	0	0	0	0	0	0	0	0	0	0	0	0	0	1300	0	656	0	0	0	0	0	0	0	0	0	0	806	262	1682	9322	0	14866	0	974	132	3264	0	0	0	0	0	0	0	0	0	0	0	0	0	0	0	0	0	0	0	0	0	0	0	0	0	0	0	0	0	0	0	0	0	0	0	0	0	0	
218900	Frontal_Sup_Orb_L	0	0	20870	216	0	0	1368	0	11996	0	386	90	660	0	11014	0	0	0	3258	294	1950	0	5056	0	3080	0	3762	0	18204	0	5638	140	0	0	0	0	840	0	0	0	0	0	0	0	0	0	0	0	0	0	0	0	0	0	270	0	0	0	0	0	0	0	0	0	0	0	0	0	0	0	5624	202	12126	0	156	0	1374	0	0	0	0	0	520	0	0	0	0	0	356	0	0	0	0	0	0	0	0	0	0	0	0	0	0	0	0	0	0	0	0	0	0	0	0	0	0	0	
86396	Frontal_Sup_Orb_R	0	0	0	4254	0	0	0	0	0	2174	0	0	0	462	0	2464	0	0	0	0	0	1390	756	5014	578	9134	0	7324	0	1276	364	2640	0	0	0	0	0	0	0	0	0	0	0	0	0	0	0	0	0	0	0	0	0	0	0	0	0	0	0	0	0	0	0	0	0	0	0	0	0	0	0	1702	0	3666	0	0	0	0	0	0	0	0	0	0	0	0	0	0	0	0	0	0	0	0	0	0	0	0	0	0	0	0	0	0	0	0	0	0	0	0	0	0	0	0	0	0	
564600	Frontal_Mid_L	30290	0	70574	656	1368	0	0	0	3364	0	15554	0	37586	0	8440	0	7566	100	14628	1858	0	0	15202	296	0	0	0	0	30594	94	6718	820	1074	272	804	692	5070	304	0	0	0	0	0	0	0	0	0	0	0	0	1370	0	486	0	532	0	5928	0	192	0	2404	0	1124	0	0	0	132	100	0	234	2148	136	8840	0	478	0	1178	552	378	0	456	0	166	0	1010	0	0	0	532	0	0	0	0	0	0	0	0	0	0	0	0	0	0	0	0	0	0	0	0	0	0	0	0	0	0	0	
180516	Frontal_Mid_R	0	6644	194	22600	0	0	0	0	0	1038	0	7754	0	15352	0	4428	0	1722	206	4256	0	0	138	5812	0	0	0	0	0	3040	0	8520	98	2310	0	0	0	264	0	156	0	0	0	0	0	0	0	0	0	0	0	0	0	0	0	112	0	1598	0	96	0	104	0	110	0	0	0	0	0	0	160	672	0	2496	0	216	0	162	0	0	0	0	0	0	0	0	0	0	0	0	0	0	0	0	0	0	0	0	0	0	0	0	0	0	0	0	0	0	0	0	0	0	0	0	0	0	
97668	Frontal_Mid_Orb_L	0	0	3166	0	11996	0	3364	0	0	0	0	0	4268	0	15502	0	0	0	436	0	170	0	404	0	404	0	1386	0	3464	0	1740	0	0	0	0	0	0	0	0	0	0	0	0	0	0	0	0	0	0	0	0	0	0	0	0	0	0	0	0	0	0	0	0	0	0	0	0	0	0	0	604	0	1810	0	0	0	0	0	0	0	0	0	120	0	0	0	0	0	0	0	0	0	0	0	0	0	0	0	0	0	0	0	0	0	0	0	0	0	0	0	0	0	0	0	0	0	
14456	Frontal_Mid_Orb_R	0	0	0	730	0	2174	0	1038	0	0	0	0	0	622	0	1166	0	0	0	0	0	122	0	0	0	174	0	520	0	100	0	0	0	0	0	0	0	0	0	0	0	0	0	0	0	0	0	0	0	0	0	0	0	0	0	0	0	0	0	0	0	0	0	0	0	0	0	0	0	0	0	204	0	378	0	0	0	0	0	0	0	0	0	0	0	0	0	0	0	0	0	0	0	0	0	0	0	0	0	0	0	0	0	0	0	0	0	0	0	0	0	0	0	0	0	0	
198572	Frontal_Inf_Oper_L	7414	0	13352	0	386	0	15554	0	0	0	0	0	18752	0	350	0	9412	0	6664	0	0	0	308	0	0	0	0	0	17466	0	802	0	0	0	0	0	1160	0	0	0	0	0	0	0	0	0	0	0	0	0	0	0	0	0	424	0	3152	0	0	0	0	0	0	0	0	0	0	0	0	0	0	0	1160	0	0	0	0	0	170	0	762	0	1512	0	0	0	0	0	486	0	0	0	0	0	0	0	0	0	0	0	0	0	0	0	0	0	0	0	0	0	0	0	0	0	0	0	
202204	Frontal_Inf_Oper_R	0	4920	578	6632	90	0	0	7754	0	0	0	0	0	11454	0	2124	92	6788	486	4610	0	0	0	3488	0	92	0	0	188	15578	174	11680	0	1636	0	0	0	2584	0	774	0	0	0	0	0	0	0	0	0	0	0	0	0	0	0	1284	0	4462	0	0	0	0	0	0	0	0	0	0	0	0	2084	4282	0	6690	0	446	0	0	0	0	0	132	0	0	0	0	0	0	0	0	0	0	0	0	0	0	0	0	0	0	0	0	0	0	0	0	0	0	0	0	0	0	0	0	0	0	
261152	Frontal_Inf_Tri_L	2740	0	15862	0	660	0	37586	0	4268	0	18752	0	0	0	15370	0	2024	0	4896	0	0	0	1374	0	0	0	0	0	23730	0	1266	0	260	0	0	0	306	0	0	0	0	0	0	0	0	0	0	0	0	0	0	0	0	0	124	0	610	0	0	0	0	0	0	0	0	0	0	0	0	0	0	0	216	0	0	0	0	0	0	0	174	0	196	0	0	0	0	0	162	0	0	0	0	0	0	0	0	0	0	0	0	0	0	0	0	0	0	0	0	0	0	0	0	0	0	0	
233988	Frontal_Inf_Tri_R	0	0	134	11162	0	462	0	15352	0	622	0	11454	0	0	0	16644	0	132	394	5350	0	0	248	8642	0	0	0	0	94	10334	158	23712	146	3574	0	0	0	0	0	0	0	0	0	0	0	0	0	0	0	0	0	0	0	0	0	0	0	0	0	0	0	0	0	0	0	0	0	0	0	0	1140	6454	0	786	0	0	0	0	0	0	0	0	0	0	0	0	0	0	0	0	0	0	0	0	0	0	0	0	0	0	0	0	0	0	0	0	0	0	0	0	0	0	0	0	0	0	
168316	Frontal_Inf_Orb_L	0	0	8114	0	11014	0	8440	0	15502	0	350	0	15370	0	0	0	0	0	870	0	1456	0	918	0	0	0	758	0	15348	0	608	0	130	0	0	0	142	0	0	0	0	0	0	0	0	0	0	0	0	0	0	0	0	0	0	0	0	0	0	0	0	0	0	0	0	0	0	0	0	0	746	0	2424	0	0	0	0	0	0	0	0	0	1968	0	0	0	0	0	0	0	0	0	0	0	0	0	0	0	0	0	0	0	0	0	0	0	0	0	0	0	0	0	0	0	0	0	
138428	Frontal_Inf_Orb_R	0	0	0	7044	0	2464	0	4428	0	1166	0	2124	0	16644	0	0	0	94	0	2904	0	594	148	3996	0	346	0	530	0	7516	0	11632	0	1074	0	0	0	0	0	0	0	0	0	0	0	0	0	0	0	0	0	0	0	0	0	0	0	0	0	0	0	0	0	0	0	0	0	0	0	0	124	5570	0	816	0	0	0	0	0	0	0	0	0	0	0	0	0	0	0	0	0	0	0	0	0	0	0	0	0	0	0	0	0	0	0	0	0	0	0	0	0	0	0	0	0	0	
220832	Rolandic_Oper_L	11142	96	7944	172	0	0	7566	0	0	0	9412	92	2024	0	0	0	0	0	5094	192	0	0	0	0	0	0	0	0	17522	0	162	122	0	0	102	140	1408	0	0	0	0	0	238	0	0	0	0	0	0	0	1484	0	962	0	676	0	13238	0	692	0	5832	0	4844	0	744	0	0	0	0	0	88	0	672	0	0	0	536	108	2212	0	6706	0	1608	0	3674	0	0	0	2912	0	0	0	0	0	0	0	0	0	0	0	0	0	0	0	0	0	0	0	0	0	0	0	0	0	0	0	
136996	Rolandic_Oper_R	0	1602	680	7124	0	0	100	1722	0	0	0	6788	0	132	0	94	0	0	462	7110	0	0	0	1286	0	0	0	0	110	17388	140	614	0	1172	0	0	0	2732	0	232	0	0	0	0	0	0	0	0	0	106	0	472	0	0	0	506	0	3264	0	0	0	444	0	2090	0	232	0	0	0	0	1462	910	0	3458	0	292	0	528	0	2048	0	2766	0	96	0	150	0	0	0	186	0	0	0	0	0	0	0	0	0	0	0	0	0	0	0	0	0	0	0	0	0	0	0	0	0	0	
619272	Supp_Motor_Area_L	6682	248	87784	4488	3258	0	14628	206	436	0	6664	486	4896	394	870	0	5094	462	0	37264	0	0	5070	1570	0	0	0	0	19174	1072	7384	5352	7104	14060	1100	1410	3906	544	144	0	0	0	0	202	0	296	0	0	0	370	0	158	0	0	500	0	1122	208	0	0	0	0	0	0	0	0	0	854	7512	1414	9412	350	16708	462	7388	94	18354	1610	0	0	284	0	428	0	0	0	0	0	160	0	0	0	0	0	0	0	0	0	0	0	0	0	0	0	0	0	0	0	0	0	0	0	0	0	0	0	
736848	Supp_Motor_Area_R	6588	6742	14230	43778	294	0	1858	4256	0	0	0	4610	0	5350	0	2904	192	7110	37264	0	0	0	910	17090	0	720	0	0	762	8712	518	23506	2966	41218	2378	7024	1134	5294	208	1600	0	0	0	886	0	1194	0	312	0	1396	0	504	0	0	94	1424	264	2708	0	0	0	120	0	230	0	0	214	4122	4304	9500	3732	33762	790	15848	138	3382	2296	31404	256	104	0	120	0	0	0	0	0	0	0	104	0	0	0	0	0	0	0	0	0	0	0	0	0	0	0	0	0	0	0	0	0	0	0	0	0	0	
65952	Olfactory_L	0	0	264	0	1950	0	0	0	170	0	0	0	0	0	1456	0	0	0	0	0	0	3650	0	0	352	156	2436	242	3580	0	2056	1174	0	0	0	0	1628	0	0	0	172	0	0	0	0	0	0	0	0	0	0	0	0	0	222	0	0	0	0	0	0	0	0	0	0	0	0	0	0	0	6094	3068	2850	1282	0	0	0	0	0	0	0	0	0	0	0	0	0	0	174	0	0	0	0	0	0	0	0	0	0	0	0	0	0	0	0	0	0	0	0	0	0	0	0	0	0	0	
67660	Olfactory_R	0	0	0	94	0	1390	0	0	0	122	0	0	0	0	0	594	0	0	0	0	3650	0	0	0	124	548	1372	2222	0	2684	1596	1704	0	0	0	0	0	90	0	0	0	236	0	0	0	0	0	0	0	0	0	0	0	0	0	0	0	0	0	0	0	0	0	0	0	0	0	0	0	0	5438	5990	3616	1912	244	0	0	0	0	0	0	0	0	204	0	0	0	0	0	0	0	0	0	0	0	0	0	0	0	0	0	0	0	0	0	0	0	0	0	0	0	0	0	0	0	0	
253212	Frontal_Sup_Medial_L	0	0	35450	5272	5056	756	15202	138	404	0	308	0	1374	248	918	148	0	0	5070	910	0	0	0	12336	2008	766	154	0	4408	108	16092	7940	3142	7330	0	0	136	0	0	0	0	0	0	0	0	0	0	0	0	0	0	0	0	0	0	0	0	0	0	0	0	0	0	0	0	0	0	0	0	0	524	0	408	0	0	0	0	0	0	0	0	0	0	0	0	0	0	0	0	0	0	0	0	0	0	0	0	0	0	0	0	0	0	0	0	0	0	0	0	0	0	0	0	0	0	0	
377816	Frontal_Sup_Medial_R	0	0	1114	36548	0	5014	296	5812	0	0	0	3488	0	8642	0	3996	0	1286	1570	17090	0	0	12336	0	92	6768	0	298	246	6026	1568	37416	792	20980	0	0	0	234	0	118	0	0	0	0	0	0	0	0	0	0	0	0	0	0	0	0	0	0	0	0	0	0	0	0	0	0	0	0	0	0	224	7768	0	8212	0	0	0	974	0	0	0	0	0	0	0	0	0	0	0	0	0	0	0	0	0	0	0	0	0	0	0	0	0	0	0	0	0	0	0	0	0	0	0	0	0	0	
28528	Frontal_Med_Orb_L	0	0	870	0	3080	578	0	0	404	0	0	0	0	0	0	0	0	0	0	0	352	124	2008	92	0	920	1410	0	0	0	2914	158	0	0	0	0	0	0	0	0	0	0	0	0	0	0	0	0	0	0	0	0	0	0	0	0	0	0	0	0	0	0	0	0	0	0	0	0	0	0	598	130	512	114	0	0	0	0	0	0	0	0	0	0	0	0	0	0	0	0	0	0	0	0	0	0	0	0	0	0	0	0	0	0	0	0	0	0	0	0	0	0	0	0	0	0	
89560	Frontal_Med_Orb_R	0	0	0	2160	0	9134	0	0	0	174	0	92	0	0	0	346	0	0	0	720	156	548	766	6768	920	0	0	5438	0	252	428	6064	0	0	0	0	0	0	0	0	0	0	0	0	0	0	0	0	0	0	0	0	0	0	0	0	0	0	0	0	0	0	0	0	0	0	0	0	0	0	224	4588	0	6002	0	0	0	0	0	0	0	0	0	0	0	0	0	0	0	0	0	0	0	0	0	0	0	0	0	0	0	0	0	0	0	0	0	0	0	0	0	0	0	0	0	0	
46568	Rectus_L	0	0	320	0	3762	0	0	0	1386	0	0	0	0	0	758	0	0	0	0	0	2436	1372	154	0	1410	0	0	240	752	0	3036	958	0	0	0	0	0	0	0	0	0	0	0	0	0	0	0	0	0	0	0	0	0	0	0	0	0	0	0	0	0	0	0	0	0	0	0	0	0	0	3022	1342	1624	712	0	0	0	0	0	0	0	0	0	0	0	0	0	0	0	0	0	0	0	0	0	0	0	0	0	0	0	0	0	0	0	0	0	0	0	0	0	0	0	0	0	0	
47916	Rectus_R	0	0	0	178	0	7324	0	0	0	520	0	0	0	0	0	530	0	0	0	0	242	2222	0	298	0	5438	240	0	0	1112	140	1360	0	0	0	0	0	0	0	0	0	0	0	0	0	0	0	0	0	0	0	0	0	0	0	0	0	0	0	0	0	0	0	0	0	0	0	0	0	0	246	2416	0	1692	0	0	0	0	0	0	0	0	0	0	0	0	0	0	0	0	0	0	0	0	0	0	0	0	0	0	0	0	0	0	0	0	0	0	0	0	0	0	0	0	0	0	
604156	Insula_L	6536	0	48324	364	18204	0	30594	0	3464	0	17466	188	23730	94	15348	0	17522	110	19174	762	3580	0	4408	246	0	0	752	0	0	0	3022	280	774	0	232	340	16314	132	190	0	1842	0	0	0	0	0	0	0	0	0	596	0	578	0	5614	0	5584	0	940	0	2752	0	324	0	128	0	100	0	104	0	6138	220	18988	0	182	0	3318	562	3566	0	5740	0	3168	0	2542	0	0	0	6942	0	0	0	0	0	0	0	0	0	0	0	0	0	0	0	0	0	0	0	0	0	0	0	0	0	0	0	
327424	Insula_R	0	2614	690	11024	0	1276	94	3040	0	100	0	15578	0	10334	0	7516	0	17388	1072	8712	0	2684	108	6026	0	252	0	1112	0	0	206	14608	0	2504	0	0	0	9518	0	2956	0	1064	0	0	0	0	0	0	0	0	0	144	0	0	0	5706	0	3288	0	0	0	144	0	162	0	0	0	0	0	0	1626	5468	0	18110	0	138	0	552	0	1252	0	3352	0	532	0	334	0	0	0	1678	0	122	0	0	0	0	0	242	0	386	0	0	0	0	0	0	0	0	0	0	0	0	0	0	0	0	
222408	Cingulum_Ant_L	0	0	19366	1298	5638	364	6718	0	1740	0	802	174	1266	158	608	0	162	140	7384	518	2056	1596	16092	1568	2914	428	3036	140	3022	206	0	7238	3932	1152	0	0	330	130	0	0	0	0	0	0	0	0	0	0	0	0	0	0	0	0	0	0	0	0	0	0	0	0	0	0	0	0	0	0	0	0	8646	2172	8692	1518	0	0	0	0	0	0	0	0	0	0	0	0	0	0	0	0	0	0	0	0	0	0	0	0	0	0	0	0	0	0	0	0	0	0	0	0	0	0	0	0	0	0	
556804	Cingulum_Ant_R	0	0	3264	34498	140	2640	820	8520	0	0	0	11680	0	23712	0	11632	122	614	5352	23506	1174	1704	7940	37416	158	6064	958	1360	280	14608	7238	0	2230	22488	0	0	0	1010	0	140	0	0	0	0	0	0	0	0	0	0	0	0	0	0	0	242	0	126	0	0	0	0	0	0	0	0	0	0	0	0	3496	25680	1598	14956	0	178	104	754	0	0	0	0	0	0	0	0	0	0	0	0	0	0	0	0	0	0	0	0	0	0	0	0	0	0	0	0	0	0	0	0	0	0	0	0	0	0	
92076	Cingulum_Mid_L	1390	186	3500	890	0	0	1074	98	0	0	0	0	260	146	130	0	0	0	7104	2966	0	0	3142	792	0	0	0	0	774	0	3932	2230	0	7340	2408	338	0	0	0	0	0	0	156	0	0	206	0	0	112	0	608	0	168	0	0	0	268	0	114	0	0	0	0	0	0	0	1920	422	3020	114	0	0	0	0	0	0	0	0	0	0	0	0	0	0	230	0	0	0	0	0	0	0	0	0	0	0	0	0	0	0	0	0	0	0	0	0	0	0	0	0	0	0	0	0	0	0	
418984	Cingulum_Mid_R	4494	4098	2424	17500	0	0	272	2310	0	0	0	1636	0	3574	0	1074	0	1172	14060	41218	0	0	7330	20980	0	0	0	0	0	2504	1152	22488	7340	0	1116	6684	0	350	0	96	0	0	0	2576	0	5162	0	132	0	5422	0	1654	0	0	0	94	0	1528	0	788	0	522	0	0	0	630	1044	10620	2556	8678	0	1364	0	620	0	0	358	1064	0	0	0	0	0	0	0	266	0	0	0	542	0	0	0	0	0	0	0	0	0	0	0	0	0	0	0	0	0	0	0	0	0	0	0	0	0	0	
95788	Cingulum_Post_L	5076	1606	1136	0	0	0	804	0	0	0	0	0	0	0	0	0	102	0	1100	2378	0	0	0	0	0	0	0	0	232	0	0	0	2408	1116	0	5578	4678	2176	1584	424	0	0	1572	0	664	0	1310	0	320	0	964	0	766	0	320	116	208	0	264	0	0	0	0	0	0	0	3658	698	2002	554	0	0	0	0	0	0	188	2598	318	0	0	0	0	0	624	0	0	0	352	0	0	0	0	0	0	0	0	0	0	0	0	0	0	0	0	0	0	0	0	0	0	0	0	0	0	0	
141032	Cingulum_Post_R	1408	3794	1658	126	0	0	692	0	0	0	0	0	0	0	0	0	140	0	1410	7024	0	0	0	0	0	0	0	0	340	0	0	0	338	6684	5578	0	2950	5398	450	2134	0	0	0	1650	0	2066	0	2354	0	1860	0	1168	0	0	0	1182	0	436	0	0	0	0	0	118	0	0	258	8930	116	2530	120	504	126	0	0	0	944	5002	332	0	88	0	0	0	0	214	0	0	0	296	0	0	0	0	0	0	0	0	0	0	0	0	0	0	0	0	0	0	0	0	98	0	0	0	0	0	
271108	Hippocampus_L	4378	128	6852	0	840	0	5070	0	0	0	1160	0	306	0	142	0	1408	0	3906	1134	1628	0	136	0	0	0	0	0	16314	0	330	0	0	0	4678	2950	0	2010	10648	448	6774	0	1100	0	0	0	2912	0	0	0	766	0	1318	0	16140	116	1354	0	0	0	146	0	0	0	0	0	1934	450	154	0	1048	0	7348	0	0	0	6054	2864	2628	0	3040	0	1108	0	1580	0	0	0	12166	0	0	0	0	0	0	0	88	0	0	0	0	0	0	0	0	0	0	0	0	0	0	0	0	0	0	0	
341744	Hippocampus_R	284	6620	620	2474	0	0	304	264	0	0	0	2584	0	0	0	0	0	2732	544	5294	0	90	0	234	0	0	0	0	132	9518	130	1010	0	350	2176	5398	2010	0	882	29356	0	9710	0	710	0	0	0	5332	0	166	0	768	0	0	0	32592	0	3448	0	0	0	500	0	2122	0	300	0	4620	0	340	790	562	566	17770	0	1908	102	3966	200	922	0	2318	0	2280	0	536	0	136	0	3102	0	346	0	0	0	0	0	938	0	708	0	0	0	0	0	0	0	0	0	0	108	0	0	0	0	0	
61356	ParaHippocampal_L	0	0	176	0	0	0	0	0	0	0	0	0	0	0	0	0	0	0	144	208	0	0	0	0	0	0	0	0	190	0	0	0	0	0	1584	450	10648	882	0	394	1262	0	642	0	0	0	3028	0	0	0	350	0	670	0	5446	104	0	0	0	0	0	0	0	0	0	0	1388	0	0	0	0	0	126	0	0	0	948	712	0	0	0	0	158	0	0	0	150	0	108	0	0	0	0	0	172	126	380	0	232	0	0	0	0	0	0	0	0	0	0	0	0	0	0	0	0	0	
203068	ParaHippocampal_R	0	630	0	1210	0	0	0	156	0	0	0	774	0	0	0	0	0	232	0	1600	0	0	0	118	0	0	0	0	0	2956	0	140	0	96	424	2134	448	29356	394	0	0	6134	0	414	0	0	0	6112	0	0	0	0	0	0	0	24132	0	544	0	0	0	0	0	0	0	0	0	3754	0	0	178	124	154	7012	0	1042	0	1472	0	330	0	448	0	1890	0	0	0	1484	0	1100	0	790	0	134	0	0	0	1940	0	1398	0	0	0	166	0	0	0	0	0	0	114	0	0	0	0	0	
34312	Amygdala_L	0	0	0	0	0	0	0	0	0	0	0	0	0	0	0	0	0	0	0	0	172	0	0	0	0	0	0	0	1842	0	0	0	0	0	0	0	6774	0	1262	0	0	0	0	0	0	0	0	0	0	0	0	0	0	0	3356	0	0	0	0	0	0	0	0	0	0	0	0	0	0	0	0	0	512	0	0	0	0	0	0	0	0	0	466	0	124	0	0	0	2648	0	0	0	0	0	0	0	0	0	0	0	0	0	0	0	0	0	0	0	0	0	0	0	0	0	0	0	
57760	Amygdala_R	0	0	0	0	0	0	0	0	0	0	0	0	0	0	0	0	0	0	0	0	0	236	0	0	0	0	0	0	0	1064	0	0	0	0	0	0	0	9710	0	6134	0	0	0	0	0	0	0	0	0	0	0	0	0	0	0	6756	0	0	0	0	0	0	0	0	0	0	0	0	0	0	0	0	0	1260	0	0	0	0	0	0	0	0	0	2732	0	0	0	0	0	988	0	0	0	0	0	0	0	0	0	0	0	0	0	0	0	0	0	0	0	0	0	0	0	0	0	0	
247380	Calcarine_L	514	0	0	0	0	0	0	0	0	0	0	0	0	0	0	0	238	0	0	0	0	0	0	0	0	0	0	0	0	0	0	0	156	0	1572	0	1100	0	642	0	0	0	0	10000	11442	8766	13252	1438	8560	5190	26904	796	9330	0	3004	0	1088	0	206	218	0	0	0	0	282	0	8166	788	418	0	0	0	0	0	0	0	178	0	174	0	342	0	0	0	7506	0	0	0	1206	0	0	0	0	0	0	0	0	0	0	90	0	0	0	0	0	0	0	0	0	0	124	0	0	0	0	0	
316980	Calcarine_R	0	538	0	0	0	0	0	0	0	0	0	0	0	0	0	0	0	0	202	886	0	0	0	0	0	0	0	0	0	0	0	0	0	2576	0	1650	0	710	0	414	0	0	10000	0	6904	31746	1306	18118	136	28048	0	17974	0	1952	0	4428	0	374	0	1404	0	270	0	204	0	458	940	21370	0	554	0	0	0	0	0	0	0	0	0	0	0	280	0	0	0	2738	0	0	0	2198	0	0	0	0	0	0	0	0	0	0	0	0	0	0	0	0	0	0	0	0	112	0	0	0	0	0	
160400	Cuneus_L	322	0	0	0	0	0	0	0	0	0	0	0	0	0	0	0	0	0	0	0	0	0	0	0	0	0	0	0	0	0	0	0	0	0	664	0	0	0	0	0	0	0	11442	6904	0	12334	2108	346	15440	4940	9688	930	964	0	126	0	0	0	2176	608	0	0	0	0	0	0	8480	1296	416	0	0	0	0	0	0	0	0	0	0	0	0	0	0	0	1016	0	0	0	0	0	0	0	0	0	0	0	0	0	0	0	0	0	0	0	0	0	0	0	0	0	0	0	0	0	0	0	
320972	Cuneus_R	0	572	88	0	0	0	0	0	0	0	0	0	0	0	0	0	0	0	296	1194	0	0	0	0	0	0	0	0	0	0	0	0	206	5162	0	2066	0	0	0	0	0	0	8766	31746	12334	0	374	4044	3222	39130	864	14210	0	336	0	804	0	544	0	3410	0	560	0	296	0	714	2756	23894	0	938	0	0	0	0	0	0	0	0	0	0	0	258	0	0	0	726	0	0	0	976	0	0	0	0	0	0	0	0	0	0	0	0	0	0	0	0	0	0	0	0	0	0	0	0	0	0	
300136	Lingual_L	0	0	0	0	0	0	0	0	0	0	0	0	0	0	0	0	0	0	0	0	0	0	0	0	0	0	0	0	0	0	0	0	0	0	1310	0	2912	0	3028	0	0	0	13252	1306	2108	374	0	4090	2568	112	15720	0	8390	0	18618	404	112	0	0	0	0	0	0	0	234	0	3670	0	0	0	0	0	0	0	0	0	0	94	168	0	0	0	0	0	1384	0	0	0	172	0	11788	2676	2696	558	0	316	12394	2016	18630	2604	0	0	178	388	204	442	0	0	0	0	6524	5376	2494	374	384	0	
358740	Lingual_R	0	162	0	0	0	0	0	0	0	0	0	0	0	0	0	0	0	0	0	312	0	0	0	0	0	0	0	0	0	0	0	0	0	132	0	2354	0	5332	0	6112	0	0	1438	18118	346	4044	4090	0	0	5366	0	6934	0	2846	3440	23470	0	124	0	0	0	0	0	0	0	0	0	7620	0	142	0	0	0	266	0	0	0	386	0	0	0	0	0	0	0	386	0	0	0	878	6766	8122	546	484	186	222	4240	11900	10290	12784	0	0	152	284	150	278	0	0	0	164	13244	13670	1244	172	174	0	
127996	Occipital_Sup_L	196	0	0	0	0	0	0	0	0	0	0	0	0	0	0	0	0	0	0	0	0	0	0	0	0	0	0	0	0	0	0	0	112	0	320	0	0	0	0	0	0	0	8560	136	15440	3222	2568	0	0	156	17166	0	520	0	0	0	228	0	4884	0	1018	0	0	0	220	0	8328	520	0	0	0	0	0	0	0	0	0	0	0	0	0	0	0	0	404	0	0	0	0	0	0	0	0	0	0	0	0	0	0	0	0	0	0	0	0	0	0	0	0	0	0	0	0	0	0	0	
339428	Occipital_Sup_R	102	858	102	0	0	0	0	0	0	0	0	0	0	0	0	0	0	106	370	1396	0	0	0	0	0	0	0	0	0	0	0	0	0	5422	0	1860	0	166	0	0	0	0	5190	28048	4940	39130	112	5366	156	0	0	26022	0	646	0	1384	0	1554	0	7194	0	3456	0	318	0	5416	930	22514	0	1572	0	0	0	0	0	0	0	0	0	0	0	828	0	0	0	1964	0	0	0	2592	0	0	0	0	0	0	0	0	0	0	0	0	0	0	0	0	0	0	0	0	0	0	0	0	0	0	
457832	Occipital_Mid_L	3528	0	644	0	0	0	1370	0	0	0	0	0	0	0	0	0	1484	0	0	0	0	0	0	0	0	0	0	0	596	0	0	0	608	0	964	0	766	0	350	0	0	0	26904	0	9688	864	15720	0	17166	0	0	0	26914	0	9318	0	9174	0	18886	0	13226	0	930	0	21534	0	12844	116	2036	0	0	0	208	0	0	0	360	0	370	0	2380	0	0	0	26714	0	0	0	3254	0	0	0	0	0	0	0	0	0	0	0	0	0	0	0	0	0	0	0	0	0	0	0	0	0	0	0	
276188	Occipital_Mid_R	0	1120	0	0	0	0	0	0	0	0	0	0	0	0	0	0	0	472	158	504	0	0	0	0	0	0	0	0	0	144	0	0	0	1654	0	1168	0	768	0	0	0	0	796	17974	930	14210	0	6934	0	26022	0	0	0	5668	0	4728	0	1130	0	3004	0	7470	0	508	0	13068	608	12336	0	862	0	0	0	0	0	0	0	0	0	110	0	1260	0	0	0	11516	0	0	0	2972	0	0	0	0	0	0	0	0	0	0	0	0	0	0	0	0	0	0	0	0	0	0	0	0	0	0	
180888	Occipital_Inf_L	1446	0	256	0	0	0	486	0	0	0	0	0	0	0	0	0	962	0	0	0	0	0	0	0	0	0	0	0	578	0	0	0	168	0	766	0	1318	0	670	0	0	0	9330	0	964	0	8390	0	520	0	26914	0	0	0	14794	0	1376	0	160	0	216	0	100	0	834	0	2938	0	668	0	0	0	130	0	0	0	706	88	756	0	1222	0	0	0	7792	0	0	0	3692	0	0	88	0	0	0	0	504	132	776	108	0	0	0	0	0	0	0	0	0	0	458	138	0	0	0	0	
56124	Occipital_Inf_R	0	194	0	0	0	0	0	0	0	0	0	0	0	0	0	0	0	0	0	0	0	0	0	0	0	0	0	0	0	0	0	0	0	0	0	0	0	0	0	0	0	0	0	1952	0	336	0	2846	0	646	0	5668	0	0	0	5512	0	152	0	0	0	0	0	0	0	0	0	686	0	0	0	0	0	0	0	0	0	0	0	0	0	0	0	0	0	3358	0	0	0	5018	0	116	0	0	0	0	0	0	128	674	0	0	0	0	0	0	0	0	0	0	0	644	132	0	0	0	
398976	Fusiform_L	424	0	1284	0	270	0	532	0	0	0	424	0	124	0	0	0	676	0	500	94	222	0	0	0	0	0	0	0	5614	0	0	0	0	0	320	0	16140	0	5446	0	3356	0	3004	0	126	0	18618	3440	0	0	9318	0	14794	0	0	0	452	0	0	0	92	0	0	0	644	0	880	0	328	0	180	0	1836	0	0	0	1478	316	1016	0	2330	0	804	0	3590	0	350	0	13684	0	21636	1388	5054	384	210	130	11004	2376	26288	1204	2344	0	3050	234	0	240	0	0	0	0	5228	4154	1434	206	218	0	
441880	Fusiform_R	0	1046	0	1300	0	0	0	112	0	0	0	1284	0	0	0	0	0	506	0	1424	0	0	0	0	0	0	0	0	0	5706	0	242	0	94	116	1182	116	32592	104	24132	0	6756	0	4428	0	804	404	23470	0	1384	0	4728	0	5512	0	0	0	800	0	0	0	0	0	504	0	0	0	3314	0	88	0	120	0	9336	0	516	0	770	0	386	0	3042	0	4094	0	2668	0	1478	0	15876	1122	14038	150	2600	116	476	852	8324	1626	18536	0	92	114	974	104	140	0	0	0	138	4888	5560	558	0	98	0	
246956	Postcentral_L	22142	0	1692	0	0	0	5928	0	0	0	3152	0	610	0	0	0	13238	0	1122	264	0	0	0	0	0	0	0	0	5584	0	0	0	268	0	208	0	1354	0	0	0	0	0	1088	0	0	0	112	0	228	0	9174	0	1376	0	452	0	0	0	9776	0	20510	0	7400	0	2368	0	2476	0	1904	0	0	0	714	0	0	0	742	170	1600	0	2426	0	0	0	5232	0	0	0	168	0	0	0	0	0	0	0	0	0	0	0	0	0	0	0	0	0	0	0	0	0	0	0	0	0	0	0	
173624	Postcentral_R	202	22364	0	656	0	0	0	1598	0	0	0	4462	0	0	0	0	0	3264	208	2708	0	0	0	0	0	0	0	0	0	3288	0	126	0	1528	0	436	0	3448	0	544	0	0	0	374	0	544	0	124	0	1554	0	1130	0	152	0	800	0	0	0	7858	0	4178	0	8140	0	368	0	3700	0	6766	0	274	0	3820	0	390	0	138	0	0	0	166	0	0	0	914	0	0	0	590	0	0	0	0	0	0	0	0	0	0	0	0	0	0	0	0	0	0	0	0	0	0	0	0	0	0	
143660	Parietal_Sup_L	1286	0	0	0	0	0	192	0	0	0	0	0	0	0	0	0	692	0	0	0	0	0	0	0	0	0	0	0	940	0	0	0	114	0	264	0	0	0	0	0	0	0	206	0	2176	0	0	0	4884	0	18886	0	160	0	0	0	9776	0	0	0	13540	0	248	0	7878	0	9640	0	662	0	0	0	0	0	0	0	0	0	0	0	0	0	0	0	286	0	0	0	0	0	0	0	0	0	0	0	0	0	0	0	0	0	0	0	0	0	0	0	0	0	0	0	0	0	0	0	
94824	Parietal_Sup_R	0	664	0	0	0	0	0	96	0	0	0	0	0	0	0	0	0	0	0	0	0	0	0	0	0	0	0	0	0	0	0	0	0	788	0	0	0	0	0	0	0	0	218	1404	608	3410	0	0	0	7194	0	3004	0	0	0	0	0	7858	0	0	0	5924	0	3408	0	3382	340	8606	0	396	0	0	0	0	0	0	0	0	0	0	0	0	0	0	0	0	0	0	0	112	0	0	0	0	0	0	0	0	0	0	0	0	0	0	0	0	0	0	0	0	0	0	0	0	0	0	
228008	Parietal_Inf_L	4524	0	536	0	0	0	2404	0	0	0	0	0	0	0	0	0	5832	0	0	0	0	0	0	0	0	0	0	0	2752	0	0	0	0	0	0	0	146	0	0	0	0	0	0	0	0	0	0	0	1018	0	13226	0	216	0	92	0	20510	0	13540	0	0	0	21250	0	16618	0	156	0	98	0	0	0	320	0	0	0	0	0	134	0	2548	0	0	0	5460	0	0	0	2624	0	0	0	0	0	0	0	0	0	0	0	0	0	0	0	0	0	0	0	0	0	0	0	0	0	0	0	
114500	Parietal_Inf_R	0	1148	0	0	0	0	0	104	0	0	0	0	0	0	0	0	0	444	0	120	0	0	0	0	0	0	0	0	0	144	0	0	0	522	0	0	0	500	0	0	0	0	0	270	0	560	0	0	0	3456	0	7470	0	0	0	0	0	4178	0	5924	0	0	0	8996	0	18222	0	778	0	200	0	0	0	0	0	0	0	0	0	0	0	740	0	0	0	2940	0	0	0	534	0	0	0	0	0	0	0	0	0	0	0	0	0	0	0	0	0	0	0	0	0	0	0	0	0	0	
121136	SupraMarginal_L	1666	0	324	0	0	0	1124	0	0	0	0	0	0	0	0	0	4844	0	0	0	0	0	0	0	0	0	0	0	324	0	0	0	0	0	0	0	0	0	0	0	0	0	0	0	0	0	0	0	0	0	930	0	100	0	0	0	7400	0	248	0	21250	0	0	0	6494	0	0	0	0	0	0	0	162	0	0	0	0	0	0	0	5480	0	0	0	7514	0	0	0	2708	0	0	0	0	0	0	0	0	0	0	0	0	0	0	0	0	0	0	0	0	0	0	0	0	0	0	0	
79212	SupraMarginal_R	0	2148	0	0	0	0	0	110	0	0	0	0	0	0	0	0	0	2090	0	230	0	0	0	0	0	0	0	0	0	162	0	0	0	0	0	118	0	2122	0	0	0	0	0	204	0	296	0	0	0	318	0	508	0	0	0	504	0	8140	0	3408	0	8996	0	0	0	4622	0	318	0	0	0	0	0	0	0	0	0	0	0	188	0	2046	0	0	0	2274	0	0	0	804	0	0	0	0	0	0	0	0	0	0	0	0	0	0	0	0	0	0	0	0	0	0	0	0	0	0	
146424	Angular_L	118	0	0	0	0	0	0	0	0	0	0	0	0	0	0	0	744	0	0	0	0	0	0	0	0	0	0	0	128	0	0	0	0	0	0	0	0	0	0	0	0	0	282	0	0	0	234	0	220	0	21534	0	834	0	644	0	2368	0	7878	0	16618	0	6494	0	0	0	832	0	94	0	0	0	0	0	0	0	0	0	0	0	1594	0	0	0	10454	0	0	0	2142	0	0	0	0	0	0	0	0	0	0	0	0	0	0	0	0	0	0	0	0	0	0	0	0	0	0	0	
124892	Angular_R	0	210	0	0	0	0	0	0	0	0	0	0	0	0	0	0	0	232	0	0	0	0	0	0	0	0	0	0	0	0	0	0	0	630	0	0	0	300	0	0	0	0	0	458	0	714	0	0	0	5416	0	13068	0	0	0	0	0	368	0	3382	0	18222	0	4622	0	0	0	896	0	210	0	0	0	0	0	0	0	0	0	0	0	3036	0	0	0	9908	0	0	0	774	0	0	0	0	0	0	0	0	0	0	0	0	0	0	0	0	0	0	0	0	0	0	0	0	0	0	
168520	Precuneus_L	598	0	0	0	0	0	132	0	0	0	0	0	0	0	0	0	0	0	0	214	0	0	0	0	0	0	0	0	100	0	0	0	1920	1044	3658	258	1934	0	1388	0	0	0	8166	940	8480	2756	3670	0	8328	930	12844	608	2938	0	880	0	2476	0	9640	340	156	0	0	0	832	0	0	3850	2080	0	0	0	0	0	0	0	0	0	0	0	0	0	0	0	2432	0	0	0	668	0	0	0	0	0	0	0	0	0	0	0	0	0	0	0	0	0	0	0	0	0	0	0	0	0	0	0	
319776	Precuneus_R	218	1514	314	0	0	0	100	0	0	0	0	0	0	0	0	0	0	0	854	4122	0	0	0	0	0	0	0	0	0	0	0	0	422	10620	698	8930	450	4620	0	3754	0	0	788	21370	1296	23894	0	7620	520	22514	116	12336	0	686	0	3314	0	3700	0	8606	0	778	0	318	0	896	3850	0	112	4534	0	0	0	0	0	0	0	1306	0	0	0	272	0	0	0	1148	0	0	0	3094	0	0	0	0	0	0	0	0	0	0	0	0	0	0	0	0	0	0	0	0	204	0	0	0	0	0	
101252	Paracentral_Lobule_L	10050	2622	2092	806	0	0	0	0	0	0	0	0	0	0	0	0	0	0	7512	4304	0	0	0	0	0	0	0	0	104	0	0	0	3020	2556	2002	116	154	0	0	0	0	0	418	0	416	0	0	0	0	0	2036	0	668	0	328	0	1904	0	662	0	98	0	0	0	94	0	2080	112	0	1852	250	222	0	0	0	0	2164	790	0	0	0	0	0	0	956	0	0	0	238	0	0	0	0	0	0	0	0	0	0	0	0	0	0	0	0	0	0	0	0	0	0	0	0	0	0	0	
107852	Paracentral_Lobule_R	3200	6764	560	262	0	0	234	0	0	0	0	0	0	0	0	0	0	0	1414	9500	0	0	0	0	0	0	0	0	0	0	0	0	114	8678	554	2530	0	340	0	0	0	0	0	554	0	938	0	142	0	1572	0	862	0	0	0	88	0	6766	0	396	0	200	0	0	0	210	0	4534	1852	0	0	178	0	0	0	0	0	856	0	0	0	0	0	0	0	338	0	0	0	290	0	0	0	0	0	0	0	0	0	0	0	0	0	0	0	0	0	0	0	0	0	0	0	0	0	0	
237468	Caudate_L	1216	0	10728	1682	5624	0	2148	160	604	0	0	2084	0	1140	746	124	88	1462	9412	3732	6094	5438	524	224	598	224	3022	246	6138	1626	8646	3496	0	0	0	120	1048	790	0	178	0	0	0	0	0	0	0	0	0	0	0	0	0	0	180	0	0	0	0	0	0	0	0	0	0	0	0	0	250	0	0	7768	20444	2210	1932	0	5656	782	0	0	0	0	0	0	0	0	0	0	150	0	0	0	0	0	0	0	0	0	0	0	0	0	0	0	0	0	0	0	0	0	0	0	0	0	0	0	
348792	Caudate_R	744	440	838	9322	202	1702	136	672	0	204	0	4282	0	6454	0	5570	0	910	350	33762	3068	5990	0	7768	130	4588	1342	2416	220	5468	2172	25680	0	1364	0	504	0	562	0	124	0	0	0	0	0	0	0	0	0	0	0	0	0	0	0	120	0	274	0	0	0	0	0	0	0	0	0	0	222	178	7768	0	4462	17072	396	1578	1450	13892	0	0	0	0	0	0	0	0	0	0	0	0	0	0	0	0	0	0	0	0	0	0	0	0	0	0	0	0	0	0	0	0	0	0	0	0	0	0	
318408	Putamen_L	6670	0	22072	0	12126	0	8840	0	1810	0	1160	0	216	0	2424	0	672	0	16708	790	2850	3616	408	0	512	0	1624	0	18988	0	8692	1598	0	0	0	126	7348	566	126	154	512	0	0	0	0	0	0	0	0	0	208	0	130	0	1836	0	714	0	0	0	320	0	162	0	0	0	0	0	0	0	20444	4462	0	1092	5526	0	1542	418	0	0	114	0	96	0	228	0	0	0	1304	0	0	0	0	0	0	0	0	0	0	0	0	0	0	0	0	0	0	0	0	0	0	0	0	0	0	0	
356680	Putamen_R	0	4874	198	14866	0	3666	0	2496	0	378	0	6690	0	786	0	816	0	3458	462	15848	1282	1912	0	8212	114	6002	712	1692	0	18110	1518	14956	0	620	0	0	0	17770	0	7012	0	1260	0	0	0	0	0	266	0	0	0	0	0	0	0	9336	0	3820	0	0	0	0	0	0	0	0	0	0	0	0	2210	17072	1092	0	0	4528	0	2162	0	100	0	492	0	174	0	0	0	0	0	420	0	202	0	0	0	0	0	268	0	488	0	0	0	0	0	0	0	0	0	0	0	0	0	0	0	0	
45420	Pallidum_L	440	0	3462	0	156	0	478	0	0	0	0	0	0	0	0	0	0	0	7388	138	0	244	0	0	0	0	0	0	182	0	0	0	0	0	0	0	0	0	0	0	0	0	0	0	0	0	0	0	0	0	0	0	0	0	0	0	0	0	0	0	0	0	0	0	0	0	0	0	0	0	1932	396	5526	0	0	0	2368	0	0	0	0	0	0	0	0	0	0	0	0	0	0	0	0	0	0	0	0	0	0	0	0	0	0	0	0	0	0	0	0	0	0	0	0	0	0	0	
32628	Pallidum_R	0	482	0	974	0	0	0	216	0	0	0	446	0	0	0	0	0	292	94	3382	0	0	0	0	0	0	0	0	0	138	0	178	0	0	0	0	0	1908	0	1042	0	0	0	0	0	0	0	0	0	0	0	0	0	0	0	516	0	390	0	0	0	0	0	0	0	0	0	0	0	0	0	1578	0	4528	0	0	0	150	0	0	0	0	0	0	0	0	0	0	0	0	0	0	0	0	0	0	0	0	0	0	0	0	0	0	0	0	0	0	0	0	0	0	0	0	0	0	
178524	Thalamus_L	5670	0	21174	132	1374	0	1178	0	0	0	0	0	0	0	0	0	536	0	18354	2296	0	0	0	0	0	0	0	0	3318	0	0	104	0	358	188	944	6054	102	948	0	0	0	178	0	0	0	0	0	0	0	360	0	706	0	1478	0	742	0	0	0	0	0	0	0	0	0	0	0	2164	0	5656	1450	1542	0	2368	0	0	7684	952	0	398	0	0	0	98	0	0	0	756	0	0	0	0	0	0	0	0	0	0	0	0	0	0	0	0	0	0	0	0	0	0	0	0	0	0	0	
188420	Thalamus_R	2100	704	2714	3264	0	0	552	162	0	0	0	0	0	0	0	0	108	528	1610	31404	0	0	0	974	0	0	0	0	562	552	0	754	0	1064	2598	5002	2864	3966	712	1472	0	0	0	0	0	0	94	386	0	0	0	0	88	0	316	770	170	138	0	0	0	0	0	0	0	0	0	1306	790	856	782	13892	418	2162	0	150	7684	0	448	0	94	0	0	0	0	0	0	0	0	0	0	0	0	0	0	0	0	0	0	0	0	0	0	0	0	0	0	0	0	0	0	0	0	0	0	0	
38072	Heschl_L	794	0	98	0	0	0	378	0	0	0	170	0	0	0	0	0	2212	0	0	256	0	0	0	0	0	0	0	0	3566	0	0	0	0	0	318	332	2628	200	0	0	0	0	174	0	0	0	168	0	0	0	370	0	756	0	1016	0	1600	0	0	0	134	0	0	0	0	0	0	0	0	0	0	0	0	0	0	0	952	448	0	0	1794	0	0	0	450	0	0	0	222	0	0	0	0	0	0	0	0	0	0	0	0	0	0	0	0	0	0	0	0	0	0	0	0	0	0	0	
17432	Heschl_R	0	0	0	0	0	0	0	0	0	0	0	0	0	0	0	0	0	2048	0	104	0	0	0	0	0	0	0	0	0	1252	0	0	0	0	0	0	0	922	0	330	0	0	0	0	0	0	0	0	0	0	0	110	0	0	0	386	0	0	0	0	0	0	0	188	0	0	0	0	0	0	0	0	0	100	0	0	0	0	0	0	0	2600	0	114	0	332	0	0	0	230	0	0	0	0	0	0	0	0	0	0	0	0	0	0	0	0	0	0	0	0	0	0	0	0	0	0	
166772	Temporal_Sup_L	634	0	726	0	0	0	456	0	0	0	762	0	174	0	0	0	6706	0	284	0	0	0	0	0	0	0	0	0	5740	0	0	0	0	0	0	88	3040	0	0	0	0	0	342	0	0	0	0	0	0	0	2380	0	1222	0	2330	0	2426	0	0	0	2548	0	5480	0	1594	0	0	0	0	0	0	0	114	0	0	0	398	94	1794	0	0	0	2044	0	24846	0	0	0	17164	0	0	0	0	0	0	0	0	0	0	0	0	0	0	0	0	0	0	0	0	0	0	0	0	0	0	0	
82120	Temporal_Sup_R	0	108	0	0	0	0	0	0	0	0	0	132	0	0	0	0	0	2766	0	120	0	0	0	0	0	0	0	0	0	3352	0	0	0	0	0	0	0	2318	0	448	0	0	0	280	0	258	0	0	0	828	0	1260	0	0	0	3042	0	166	0	0	0	740	0	2046	0	3036	0	272	0	0	0	0	0	492	0	0	0	0	0	2600	0	0	0	1082	0	11268	0	0	0	4446	0	0	0	0	0	0	0	0	0	0	0	0	0	0	0	0	0	0	0	0	0	0	0	0	0	0	
54368	Temporal_Pole_Sup_L	0	0	1226	0	520	0	166	0	120	0	1512	0	196	0	1968	0	1608	0	428	0	0	0	0	0	0	0	0	0	3168	0	0	0	0	0	0	0	1108	0	158	0	466	0	0	0	0	0	0	0	0	0	0	0	0	0	804	0	0	0	0	0	0	0	0	0	0	0	0	0	0	0	0	0	96	0	0	0	0	0	0	0	2044	0	0	0	6190	0	1516	0	3890	0	0	0	0	0	0	0	0	0	0	0	0	0	0	0	0	0	0	0	0	0	0	0	0	0	0	0	
47812	Temporal_Pole_Sup_R	0	0	0	0	0	0	0	0	0	0	0	0	0	0	0	0	0	96	0	0	0	204	0	0	0	0	0	0	0	532	0	0	0	0	0	0	0	2280	0	1890	0	2732	0	0	0	0	0	0	0	0	0	0	0	0	0	4094	0	0	0	0	0	0	0	0	0	0	0	0	0	0	0	0	0	174	0	0	0	0	0	114	0	1082	0	0	0	2580	0	3708	0	4420	0	0	0	0	0	0	0	0	0	0	0	0	0	0	0	0	0	0	0	0	0	0	0	0	0	0	
327768	Temporal_Mid_L	2650	0	648	0	0	0	1010	0	0	0	0	0	0	0	0	0	3674	0	0	0	0	0	0	0	0	0	0	0	2542	0	0	0	230	0	624	0	1580	0	0	0	124	0	7506	0	1016	0	1384	0	404	0	26714	0	7792	0	3590	0	5232	0	286	0	5460	0	7514	0	10454	0	2432	0	956	0	0	0	228	0	0	0	98	0	450	0	24846	0	6190	0	0	0	1130	0	37120	0	0	0	0	0	0	0	0	0	0	0	0	0	0	0	0	0	0	0	0	0	0	0	0	0	0	0	
164516	Temporal_Mid_R	0	1108	0	0	0	0	0	0	0	0	0	0	0	0	0	0	0	150	0	0	0	0	0	0	0	0	0	0	0	334	0	0	0	266	0	214	0	536	0	0	0	0	0	2738	0	726	0	386	0	1964	0	11516	0	3358	0	2668	0	914	0	0	0	2940	0	2274	0	9908	0	1148	0	338	0	0	0	0	0	0	0	0	0	332	0	11268	0	2580	0	0	0	1290	0	23302	0	0	0	0	0	0	0	0	0	0	0	0	0	0	0	0	0	0	0	0	0	0	0	0	0	0	
8128	Temporal_Pole_Mid_L	0	0	0	0	0	0	0	0	0	0	0	0	0	0	0	0	0	0	0	0	0	0	0	0	0	0	0	0	0	0	0	0	0	0	0	0	0	0	150	0	0	0	0	0	0	0	0	0	0	0	0	0	0	0	350	0	0	0	0	0	0	0	0	0	0	0	0	0	0	0	0	0	0	0	0	0	0	0	0	0	0	0	1516	0	1130	0	0	0	918	0	0	0	0	0	0	0	0	0	0	0	0	0	0	0	0	0	0	0	0	0	0	0	0	0	0	0	
22700	Temporal_Pole_Mid_R	0	0	0	0	0	0	0	0	0	0	0	0	0	0	0	0	0	0	0	0	0	0	0	0	0	0	0	0	0	0	0	0	0	0	0	0	0	136	0	1484	0	0	0	0	0	0	0	0	0	0	0	0	0	0	0	1478	0	0	0	0	0	0	0	0	0	0	0	0	0	0	0	0	0	0	0	0	0	0	0	0	0	0	0	3708	0	1290	0	0	0	3254	0	0	0	0	0	0	0	0	0	0	0	0	0	0	0	0	0	0	0	0	0	0	0	0	0	0	
254328	Temporal_Inf_L	848	0	1252	0	356	0	532	0	0	0	486	0	162	0	0	0	2912	0	160	0	174	0	0	0	0	0	0	0	6942	0	0	0	0	0	352	0	12166	0	108	0	2648	0	1206	0	0	0	172	0	0	0	3254	0	3692	0	13684	0	168	0	0	0	2624	0	2708	0	2142	0	668	0	238	0	150	0	1304	0	0	0	756	0	222	0	17164	0	3890	0	37120	0	918	0	0	0	2554	0	1476	0	0	0	96	0	394	0	724	0	742	0	0	0	0	0	0	0	0	0	0	0	0	0	
164384	Temporal_Inf_R	0	892	0	0	0	0	0	0	0	0	0	0	0	0	0	0	0	186	0	104	0	0	0	0	0	0	0	0	0	1678	0	0	0	542	0	296	0	3102	0	1100	0	988	0	2198	0	976	0	878	0	2592	0	2972	0	5018	0	15876	0	590	0	112	0	534	0	804	0	774	0	3094	0	290	0	0	0	420	0	0	0	0	0	230	0	4446	0	4420	0	23302	0	3254	0	0	0	524	0	0	0	0	0	0	0	0	0	0	0	0	0	0	0	0	0	0	0	0	0	0	0	0	
635132	Cerebelum_Crus1_L	0	0	0	0	0	0	0	0	0	0	0	0	0	0	0	0	0	0	0	0	0	0	0	0	0	0	0	0	0	0	0	0	0	0	0	0	0	0	0	0	0	0	0	0	0	0	11788	6766	0	0	0	0	0	0	21636	1122	0	0	0	0	0	0	0	0	0	0	0	0	0	0	0	0	0	0	0	0	0	0	0	0	0	0	0	0	0	0	0	0	2554	0	0	9154	45204	5478	660	2250	31836	8722	63540	8934	15914	252	19172	2518	3086	3698	404	444	1692	2270	19250	11438	11580	2956	2792	456	
566292	Cerebelum_Crus1_R	0	0	0	0	0	0	0	0	0	0	0	0	0	0	0	0	0	0	0	0	0	0	0	0	0	0	0	0	0	122	0	0	0	0	0	0	0	346	0	790	0	0	0	0	0	0	2676	8122	0	0	0	0	88	116	1388	14038	0	0	0	0	0	0	0	0	0	0	0	0	0	0	0	0	0	202	0	0	0	0	0	0	0	0	0	0	0	0	0	0	0	524	9154	0	8306	50178	148	3026	3598	20114	7944	58970	3164	8228	2354	26710	1832	2808	0	470	88	418	13176	13926	13674	2308	2530	1610	
529828	Cerebelum_Crus2_L	0	0	0	0	0	0	0	0	0	0	0	0	0	0	0	0	0	0	0	0	0	0	0	0	0	0	0	0	0	0	0	0	0	0	0	0	0	0	0	0	0	0	0	0	0	0	2696	546	0	0	0	0	0	0	5054	150	0	0	0	0	0	0	0	0	0	0	0	0	0	0	0	0	0	0	0	0	0	0	0	0	0	0	0	0	0	0	0	0	1476	0	45204	8306	0	26386	122	426	3664	1168	12294	3838	52030	10860	37426	11450	2204	1230	358	118	396	442	2038	2024	23218	8648	978	164	
549016	Cerebelum_Crus2_R	0	0	0	0	0	0	0	0	0	0	0	0	0	0	0	0	0	0	0	0	0	0	0	0	0	0	0	0	0	0	0	0	0	0	0	0	0	0	0	134	0	0	0	0	0	0	558	484	0	0	0	0	0	0	384	2600	0	0	0	0	0	0	0	0	0	0	0	0	0	0	0	0	0	0	0	0	0	0	0	0	0	0	0	0	0	0	0	0	0	0	5478	50178	26386	0	0	1088	1206	6290	2316	18156	20108	30824	11570	46192	1388	4570	0	596	0	220	3304	4492	21310	9798	3396	1482	
40024	Cerebelum_3_L	0	0	0	0	0	0	0	0	0	0	0	0	0	0	0	0	0	0	0	0	0	0	0	0	0	0	0	0	0	0	0	0	0	0	0	0	0	0	172	0	0	0	0	0	0	0	0	186	0	0	0	0	0	0	210	116	0	0	0	0	0	0	0	0	0	0	0	0	0	0	0	0	0	0	0	0	0	0	0	0	0	0	0	0	0	0	0	0	0	0	660	148	122	0	0	1130	5658	284	1774	224	0	0	240	0	992	218	254	0	1606	3276	2250	492	0	0	0	0	
107776	Cerebelum_3_R	0	0	0	0	0	0	0	0	0	0	0	0	0	0	0	0	0	0	0	0	0	0	0	0	0	0	0	0	0	0	0	0	0	0	0	0	0	0	126	0	0	0	0	0	0	0	316	222	0	0	0	0	0	0	130	476	0	0	0	0	0	0	0	0	0	0	0	0	0	0	0	0	0	0	0	0	0	0	0	0	0	0	0	0	0	0	0	0	0	0	2250	3026	426	1088	1130	0	4288	8488	2846	5226	182	0	714	2356	362	4404	0	824	722	3302	5536	376	1622	1648	1638	164	
430196	Cerebelum_4_5_L	0	0	0	0	0	0	0	0	0	0	0	0	0	0	0	0	0	0	0	0	0	0	0	0	0	0	0	0	0	0	0	0	0	0	0	0	88	0	380	0	0	0	0	0	0	0	12394	4240	0	0	0	0	504	0	11004	852	0	0	0	0	0	0	0	0	0	0	0	0	0	0	0	0	0	0	0	0	0	0	0	0	0	0	0	0	0	0	0	0	96	0	31836	3598	3664	1206	5658	4288	0	9478	47370	4396	1528	0	4078	2108	5654	5204	604	620	3206	5274	29636	4740	3110	3132	3626	1526	
372352	Cerebelum_4_5_R	0	0	0	0	0	0	0	0	0	0	0	0	0	0	0	0	0	0	0	0	0	0	0	0	0	0	0	0	0	242	0	0	0	0	0	0	0	938	0	1940	0	0	0	0	0	0	2016	11900	0	0	0	0	132	0	2376	8324	0	0	0	0	0	0	0	0	0	0	0	0	0	0	0	0	0	268	0	0	0	0	0	0	0	0	0	0	0	0	0	0	0	0	8722	20114	1168	6290	284	8488	9478	0	10932	32926	288	136	1294	6936	1046	4624	0	872	0	1050	27860	5690	3428	3160	2970	284	
606892	Cerebelum_6_L	0	0	0	0	0	0	0	0	0	0	0	0	0	0	0	0	0	0	0	0	0	0	0	0	0	0	0	0	0	0	0	0	0	0	0	0	0	0	232	0	0	0	0	0	0	0	18630	10290	0	0	0	0	776	128	26288	1626	0	0	0	0	0	0	0	0	0	0	0	0	0	0	0	0	0	0	0	0	0	0	0	0	0	0	0	0	0	0	0	0	394	0	63540	7944	12294	2316	1774	2846	47370	10932	0	9604	5080	0	6672	1922	4480	4158	240	510	2070	3062	27118	17728	6808	2832	3106	676	
501376	Cerebelum_6_R	0	0	0	0	0	0	0	0	0	0	0	0	0	0	0	0	0	0	0	0	0	0	0	0	0	0	0	0	0	386	0	0	0	0	0	0	0	708	0	1398	0	0	90	0	0	0	2604	12784	0	0	0	0	108	674	1204	18536	0	0	0	0	0	0	0	0	0	0	0	0	0	0	0	0	0	488	0	0	0	0	0	0	0	0	0	0	0	0	0	0	0	0	8934	58970	3838	18156	224	5226	4396	32926	9604	0	248	1220	276	10984	2296	1996	0	444	0	482	18076	19138	8064	2078	2290	1842	
407600	Cerebelum_7b_L	0	0	0	0	0	0	0	0	0	0	0	0	0	0	0	0	0	0	0	0	0	0	0	0	0	0	0	0	0	0	0	0	0	0	0	0	0	0	0	0	0	0	0	0	0	0	0	0	0	0	0	0	0	0	2344	0	0	0	0	0	0	0	0	0	0	0	0	0	0	0	0	0	0	0	0	0	0	0	0	0	0	0	0	0	0	0	0	0	724	0	15914	3164	52030	20108	0	182	1528	288	5080	248	0	11098	45560	12816	3342	1234	490	0	140	146	528	0	14490	11050	1296	0	
220360	Cerebelum_7b_R	0	0	0	0	0	0	0	0	0	0	0	0	0	0	0	0	0	0	0	0	0	0	0	0	0	0	0	0	0	0	0	0	0	0	0	0	0	0	0	0	0	0	0	0	0	0	0	0	0	0	0	0	0	0	0	92	0	0	0	0	0	0	0	0	0	0	0	0	0	0	0	0	0	0	0	0	0	0	0	0	0	0	0	0	0	0	0	0	0	0	252	8228	10860	30824	0	0	0	136	0	1220	11098	0	5330	29376	0	1420	0	94	0	0	0	0	5148	5864	238	0	
424944	Cerebelum_8_L	0	0	0	0	0	0	0	0	0	0	0	0	0	0	0	0	0	0	0	0	0	0	0	0	0	0	0	0	0	0	0	0	0	0	0	0	0	0	0	0	0	0	0	0	0	0	178	152	0	0	0	0	0	0	3050	114	0	0	0	0	0	0	0	0	0	0	0	0	0	0	0	0	0	0	0	0	0	0	0	0	0	0	0	0	0	0	0	0	742	0	19172	2354	37426	11570	240	714	4078	1294	6672	276	45560	5330	0	13560	17790	4170	2906	100	326	452	2462	0	11584	14870	5176	154	
474904	Cerebelum_8_R	0	0	0	0	0	0	0	0	0	0	0	0	0	0	0	0	0	0	0	0	0	0	0	0	0	0	0	0	0	0	0	0	0	0	0	0	0	0	0	166	0	0	0	0	0	0	388	284	0	0	0	0	0	0	234	974	0	0	0	0	0	0	0	0	0	0	0	0	0	0	0	0	0	0	0	0	0	0	0	0	0	0	0	0	0	0	0	0	0	0	2518	26710	11450	46192	0	2356	2108	6936	1922	10984	12816	29376	13560	0	1392	21844	0	1630	98	450	4560	356	12978	16720	8152	298	
138356	Cerebelum_9_L	0	0	0	0	0	0	0	0	0	0	0	0	0	0	0	0	0	0	0	0	0	0	0	0	0	0	0	0	0	0	0	0	0	0	0	0	0	0	0	0	0	0	0	0	0	0	204	150	0	0	0	0	0	0	0	104	0	0	0	0	0	0	0	0	0	0	0	0	0	0	0	0	0	0	0	0	0	0	0	0	0	0	0	0	0	0	0	0	0	0	3086	1832	2204	1388	992	362	5654	1046	4480	2296	3342	0	17790	1392	0	1972	4274	0	370	862	3308	4444	1326	1986	2768	1546	
214676	Cerebelum_9_R	0	0	0	0	0	0	0	0	0	0	0	0	0	0	0	0	0	0	0	0	0	0	0	0	0	0	0	0	0	0	0	0	0	0	0	0	0	0	0	0	0	0	0	0	0	0	442	278	0	0	0	0	0	0	240	140	0	0	0	0	0	0	0	0	0	0	0	0	0	0	0	0	0	0	0	0	0	0	0	0	0	0	0	0	0	0	0	0	0	0	3698	2808	1230	4570	218	4404	5204	4624	4158	1996	1234	1420	4170	21844	1972	0	0	3502	816	1906	7652	1784	6414	8084	10470	2060	
19420	Cerebelum_10_L	0	0	0	0	0	0	0	0	0	0	0	0	0	0	0	0	0	0	0	0	0	0	0	0	0	0	0	0	0	0	0	0	0	0	0	0	0	0	0	0	0	0	0	0	0	0	0	0	0	0	0	0	0	0	0	0	0	0	0	0	0	0	0	0	0	0	0	0	0	0	0	0	0	0	0	0	0	0	0	0	0	0	0	0	0	0	0	0	0	0	404	0	358	0	254	0	604	0	240	0	490	0	2906	0	4274	0	0	0	0	0	180	0	0	0	0	0	
24248	Cerebelum_10_R	0	0	0	0	0	0	0	0	0	0	0	0	0	0	0	0	0	0	0	0	0	0	0	0	0	0	0	0	0	0	0	0	0	0	0	0	0	0	0	0	0	0	0	0	0	0	0	0	0	0	0	0	0	0	0	0	0	0	0	0	0	0	0	0	0	0	0	0	0	0	0	0	0	0	0	0	0	0	0	0	0	0	0	0	0	0	0	0	0	0	444	470	118	596	0	824	620	872	510	444	0	94	100	1630	0	3502	0	0	0	128	910	186	160	154	188	174	
45172	Vermis_1_2	0	0	0	0	0	0	0	0	0	0	0	0	0	0	0	0	0	0	0	0	0	0	0	0	0	0	0	0	0	0	0	0	0	0	0	0	0	0	0	0	0	0	0	0	0	0	0	0	0	0	0	0	0	0	0	0	0	0	0	0	0	0	0	0	0	0	0	0	0	0	0	0	0	0	0	0	0	0	0	0	0	0	0	0	0	0	0	0	0	0	1692	88	396	0	1606	722	3206	0	2070	0	140	0	326	98	370	816	0	0	0	5210	3226	142	682	708	722	366	
77044	Vermis_3	0	0	0	0	0	0	0	0	0	0	0	0	0	0	0	0	0	0	0	0	0	0	0	0	0	0	0	0	0	0	0	0	0	0	0	0	0	0	0	0	0	0	0	0	0	0	0	164	0	0	0	0	0	0	0	138	0	0	0	0	0	0	0	0	0	0	0	0	0	0	0	0	0	0	0	0	0	0	0	0	0	0	0	0	0	0	0	0	0	0	2270	418	442	220	3276	3302	5274	1050	3062	482	146	0	452	450	862	1906	0	128	5210	0	5600	564	852	902	920	432	
472660	Vermis_4_5	0	0	0	0	0	0	0	0	0	0	0	0	0	0	0	0	0	0	0	0	0	0	0	0	0	0	0	0	0	0	0	0	0	0	0	98	0	108	0	114	0	0	124	112	0	0	6524	13244	0	0	0	0	458	0	5228	4888	0	0	0	0	0	0	0	0	0	0	0	204	0	0	0	0	0	0	0	0	0	0	0	0	0	0	0	0	0	0	0	0	0	0	19250	13176	2038	3304	2250	5536	29636	27860	27118	18076	528	0	2462	4560	3308	7652	180	910	3226	5600	0	11364	4852	4856	5362	2124	
280736	Vermis_6	0	0	0	0	0	0	0	0	0	0	0	0	0	0	0	0	0	0	0	0	0	0	0	0	0	0	0	0	0	0	0	0	0	0	0	0	0	0	0	0	0	0	0	0	0	0	5376	13670	0	0	0	0	138	644	4154	5560	0	0	0	0	0	0	0	0	0	0	0	0	0	0	0	0	0	0	0	0	0	0	0	0	0	0	0	0	0	0	0	0	0	0	11438	13926	2024	4492	492	376	4740	5690	17728	19138	0	0	0	356	4444	1784	0	186	142	564	11364	0	4140	804	2420	4578	
365312	Vermis_7	0	0	0	0	0	0	0	0	0	0	0	0	0	0	0	0	0	0	0	0	0	0	0	0	0	0	0	0	0	0	0	0	0	0	0	0	0	0	0	0	0	0	0	0	0	0	2494	1244	0	0	0	0	0	132	1434	558	0	0	0	0	0	0	0	0	0	0	0	0	0	0	0	0	0	0	0	0	0	0	0	0	0	0	0	0	0	0	0	0	0	0	11580	13674	23218	21310	0	1622	3110	3428	6808	8064	14490	5148	11584	12978	1326	6414	0	160	682	852	4852	4140	0	13136	7422	796	
254844	Vermis_8	0	0	0	0	0	0	0	0	0	0	0	0	0	0	0	0	0	0	0	0	0	0	0	0	0	0	0	0	0	0	0	0	0	0	0	0	0	0	0	0	0	0	0	0	0	0	374	172	0	0	0	0	0	0	206	0	0	0	0	0	0	0	0	0	0	0	0	0	0	0	0	0	0	0	0	0	0	0	0	0	0	0	0	0	0	0	0	0	0	0	2956	2308	8648	9798	0	1648	3132	3160	2832	2078	11050	5864	14870	16720	1986	8084	0	154	708	902	4856	804	13136	0	9956	1020	
