data	data	444524	140144	1.29975e+06	739300	144752	174052	589056	236612	116272	49132	235444	162532	381344	120444	223376	98256	236712	97860	835512	817792	103508	136436	511344	387948	46892	157724	64344	134996	715864	231216	566600	588176	190944	413364	151336	213164	238216	275900	93064	155528	36380	58164	205460	287804	192092	301496	257164	261248	187100	314620	404936	253776	122492	148052	304288	378980	302124	199216	131988	100620	222092	95380	122256	75372	114568	90004	235404	371756	146360	277520	295092	444344	413740	339600	61408	45588	237448	241308	99560	14384	251784	92040	107748	64104	319288	221708	27480	46112	260048	199624	453256	432216	333284	436956	29924	69308	210640	187404	415260	378456	202424	152048	304728	263536	101420	107332	13048	12708	17692	54472	187900	211316	282700	107796	81484	39124	
data	data	Precentral_L	Precentral_R	Frontal_Sup_L	Frontal_Sup_R	Frontal_Sup_Orb_L	Frontal_Sup_Orb_R	Frontal_Mid_L	Frontal_Mid_R	Frontal_Mid_Orb_L	Frontal_Mid_Orb_R	Frontal_Inf_Oper_L	Frontal_Inf_Oper_R	Frontal_Inf_Tri_L	Frontal_Inf_Tri_R	Frontal_Inf_Orb_L	Frontal_Inf_Orb_R	Rolandic_Oper_L	Rolandic_Oper_R	Supp_Motor_Area_L	Supp_Motor_Area_R	Olfactory_L	Olfactory_R	Frontal_Sup_Medial_L	Frontal_Sup_Medial_R	Frontal_Med_Orb_L	Frontal_Med_Orb_R	Rectus_L	Rectus_R	Insula_L	Insula_R	Cingulum_Ant_L	Cingulum_Ant_R	Cingulum_Mid_L	Cingulum_Mid_R	Cingulum_Post_L	Cingulum_Post_R	Hippocampus_L	Hippocampus_R	ParaHippocampal_L	ParaHippocampal_R	Amygdala_L	Amygdala_R	Calcarine_L	Calcarine_R	Cuneus_L	Cuneus_R	Lingual_L	Lingual_R	Occipital_Sup_L	Occipital_Sup_R	Occipital_Mid_L	Occipital_Mid_R	Occipital_Inf_L	Occipital_Inf_R	Fusiform_L	Fusiform_R	Postcentral_L	Postcentral_R	Parietal_Sup_L	Parietal_Sup_R	Parietal_Inf_L	Parietal_Inf_R	SupraMarginal_L	SupraMarginal_R	Angular_L	Angular_R	Precuneus_L	Precuneus_R	Paracentral_Lobule_L	Paracentral_Lobule_R	Caudate_L	Caudate_R	Putamen_L	Putamen_R	Pallidum_L	Pallidum_R	Thalamus_L	Thalamus_R	Heschl_L	Heschl_R	Temporal_Sup_L	Temporal_Sup_R	Temporal_Pole_Sup_L	Temporal_Pole_Sup_R	Temporal_Mid_L	Temporal_Mid_R	Temporal_Pole_Mid_L	Temporal_Pole_Mid_R	Temporal_Inf_L	Temporal_Inf_R	Cerebelum_Crus1_L	Cerebelum_Crus1_R	Cerebelum_Crus2_L	Cerebelum_Crus2_R	Cerebelum_3_L	Cerebelum_3_R	Cerebelum_4_5_L	Cerebelum_4_5_R	Cerebelum_6_L	Cerebelum_6_R	Cerebelum_7b_L	Cerebelum_7b_R	Cerebelum_8_L	Cerebelum_8_R	Cerebelum_9_L	Cerebelum_9_R	Cerebelum_10_L	Cerebelum_10_R	Vermis_1_2	Vermis_3	Vermis_4_5	Vermis_6	Vermis_7	Vermis_8	Vermis_9	Vermis_10	
444524	Precentral_L	0	940	21054	1152	0	0	22122	342	0	0	13698	160	5658	0	0	0	11388	140	16084	5914	0	0	0	0	0	0	0	0	9152	352	298	124	222	1046	5788	5126	4230	3644	540	974	0	0	708	0	1286	0	0	658	1030	0	3210	0	220	0	280	0	29428	300	2642	0	5128	0	1210	0	238	0	2636	172	8048	2904	654	346	3200	142	924	0	15498	3634	1660	0	4610	0	122	0	854	0	0	0	372	0	0	0	0	0	0	0	0	0	0	0	0	0	0	0	0	0	0	0	0	0	0	0	0	0	0	0	
140144	Precentral_R	940	0	1552	2572	0	0	0	8592	0	0	0	7790	0	334	0	0	0	2910	1616	5202	0	0	0	0	0	0	0	0	0	1944	0	0	0	202	212	996	0	3540	0	464	0	0	0	254	0	290	0	0	0	866	0	214	0	0	0	552	0	13102	0	424	0	694	0	1978	0	0	0	782	192	2026	0	476	0	2710	0	172	1946	4134	0	0	0	116	0	0	0	0	0	0	0	278	0	0	0	0	0	0	0	0	0	0	0	0	0	0	0	0	0	0	0	0	0	0	0	0	0	0	
1.29975e+06	Frontal_Sup_L	21054	1552	0	10668	13464	746	78076	1056	10104	0	15182	298	33330	136	19606	114	14118	990	110302	24712	478	0	52602	8718	920	1114	3252	0	55870	390	38966	13658	9418	10980	468	364	3710	682	198	0	0	0	366	0	390	0	0	0	198	0	392	0	0	0	148	0	7734	570	310	0	296	0	0	0	0	0	476	0	2052	1164	13430	6438	30164	2448	4586	206	8920	1898	1110	0	5724	0	2580	0	258	0	0	0	722	0	0	0	0	0	0	0	0	0	0	0	0	0	0	0	0	0	0	0	0	0	0	0	0	0	0	0	
739300	Frontal_Sup_R	1152	2572	10668	0	0	8508	816	37604	0	3432	284	13278	480	11082	0	9000	0	2616	11436	70338	1100	2486	10004	33888	192	4830	0	4124	684	10956	9450	36960	1584	18454	318	526	188	1752	0	256	0	0	0	0	0	0	0	0	0	0	0	0	0	0	0	246	0	360	0	0	0	0	0	0	0	0	0	0	546	142	3548	20298	2058	10622	174	2970	596	7072	0	0	0	0	0	0	0	0	0	0	0	0	0	0	0	0	0	0	0	0	0	0	0	0	0	0	0	0	0	0	0	0	0	0	0	0	0	0	
144752	Frontal_Sup_Orb_L	0	0	13464	0	0	0	2010	0	12748	0	0	0	1554	0	12390	0	0	0	0	0	1370	0	2632	298	4724	690	6944	0	4176	0	5440	522	0	0	0	0	0	0	0	0	0	0	0	0	0	0	0	0	0	0	0	0	0	0	0	0	0	0	0	0	0	0	0	0	0	0	0	0	0	0	968	0	1976	0	0	0	0	0	0	0	0	0	470	0	0	0	0	0	0	0	0	0	0	0	0	0	0	0	0	0	0	0	0	0	0	0	0	0	0	0	0	0	0	0	0	0	
174052	Frontal_Sup_Orb_R	0	0	746	8508	0	0	0	2350	0	6042	0	0	0	0	142	3726	0	0	0	210	866	2776	2644	8664	226	12856	162	12554	188	892	4354	8772	0	0	0	0	0	0	0	0	0	0	0	0	0	0	0	0	0	0	0	0	0	0	0	0	0	0	0	0	0	0	0	0	0	0	0	0	0	0	968	5090	916	3374	0	0	0	0	0	0	0	0	0	0	0	0	0	0	0	0	0	0	0	0	0	0	0	0	0	0	0	0	0	0	0	0	0	0	0	0	0	0	0	0	0	0	
589056	Frontal_Mid_L	22122	0	78076	816	2010	0	0	0	6936	0	14358	0	54572	0	13794	0	6304	0	11574	1380	0	0	12812	1006	156	188	940	0	34900	0	6892	926	2804	824	0	0	1268	0	0	0	0	0	392	0	420	0	0	0	196	0	322	0	0	0	0	0	1562	0	286	0	328	0	0	0	0	0	504	0	998	378	592	192	5410	0	390	0	3834	164	148	0	3296	0	458	0	0	0	0	0	0	0	0	0	0	0	0	0	0	0	0	0	0	0	0	0	0	0	0	0	0	0	0	0	0	0	0	0	
236612	Frontal_Mid_R	342	8592	1056	37604	0	2350	0	0	0	3530	0	12118	0	13866	0	5972	0	3814	1056	5138	192	456	0	3266	0	0	0	650	0	6376	216	1726	0	1092	286	374	0	1290	0	0	0	0	0	0	0	0	0	0	0	0	0	0	0	0	0	0	0	1120	0	0	0	126	0	266	0	0	0	0	0	0	274	1392	202	2618	0	148	334	464	0	0	0	0	0	0	0	0	0	0	0	0	0	0	0	0	0	0	0	0	0	0	0	0	0	0	0	0	0	0	0	0	0	0	0	0	0	0	
116272	Frontal_Mid_Orb_L	0	0	10104	0	12748	0	6936	0	0	0	0	0	3680	0	16502	0	0	0	0	0	206	0	1250	0	358	0	1108	0	2600	0	1550	112	0	0	0	0	0	0	0	0	0	0	0	0	0	0	0	0	0	0	0	0	0	0	0	0	0	0	0	0	0	0	0	0	0	0	0	0	0	0	0	0	680	0	0	0	0	0	0	0	0	0	302	0	0	0	0	0	0	0	0	0	0	0	0	0	0	0	0	0	0	0	0	0	0	0	0	0	0	0	0	0	0	0	0	0	
49132	Frontal_Mid_Orb_R	0	0	0	3432	0	6042	0	3530	0	0	0	0	0	694	0	7470	0	0	0	360	0	0	0	216	0	696	0	1456	0	156	0	268	0	0	0	0	0	0	0	0	0	0	0	0	0	0	0	0	0	0	0	0	0	0	0	0	0	0	0	0	0	0	0	0	0	0	0	0	0	0	0	0	0	246	0	0	0	0	0	0	0	0	0	0	0	0	0	0	0	0	0	0	0	0	0	0	0	0	0	0	0	0	0	0	0	0	0	0	0	0	0	0	0	0	0	0	
235444	Frontal_Inf_Oper_L	13698	0	15182	284	0	0	14358	0	0	0	0	0	18408	0	302	0	11726	0	9924	122	0	0	944	0	0	0	0	0	15956	0	1216	474	126	0	0	0	528	0	0	0	0	0	0	0	0	0	0	0	0	0	0	0	0	0	0	0	4312	0	0	0	472	0	0	0	0	0	0	0	0	0	116	178	1128	0	0	0	260	0	284	0	4576	0	3148	0	0	0	0	0	0	0	0	0	0	0	0	0	0	0	0	0	0	0	0	0	0	0	0	0	0	0	0	0	0	0	0	0	
162532	Frontal_Inf_Oper_R	160	7790	298	13278	0	0	0	12118	0	0	0	0	0	7958	0	278	0	2848	472	8946	0	0	0	608	0	0	0	0	0	14424	358	1252	0	2152	142	178	0	968	0	356	0	0	0	0	0	0	0	0	0	0	0	0	0	0	0	116	0	1096	0	0	0	0	0	0	0	0	0	0	0	0	0	322	0	4602	0	130	146	270	0	0	0	0	0	0	0	0	0	0	0	0	0	0	0	0	0	0	0	0	0	0	0	0	0	0	0	0	0	0	0	0	0	0	0	0	0	0	
381344	Frontal_Inf_Tri_L	5658	0	33330	480	1554	0	54572	0	3680	0	18408	0	0	0	13532	0	1862	0	6306	186	0	0	7268	450	0	0	460	0	28506	0	6314	1082	1084	392	0	0	0	0	0	0	0	0	0	0	0	0	0	0	0	0	0	0	0	0	0	0	1146	0	0	0	0	0	0	0	0	0	0	0	0	0	232	144	2480	0	0	0	0	0	0	0	558	0	988	0	0	0	0	0	0	0	0	0	0	0	0	0	0	0	0	0	0	0	0	0	0	0	0	0	0	0	0	0	0	0	0	0	
120444	Frontal_Inf_Tri_R	0	334	136	11082	0	0	0	13866	0	694	0	7958	0	0	0	5634	0	724	236	4484	0	0	0	402	0	0	0	0	0	9200	0	1102	0	1514	0	0	0	0	0	0	0	0	0	0	0	0	0	0	0	0	0	0	0	0	0	0	0	0	0	0	0	0	0	0	0	0	0	0	0	0	326	1214	0	1316	0	0	0	0	0	0	0	0	0	0	0	0	0	0	0	0	0	0	0	0	0	0	0	0	0	0	0	0	0	0	0	0	0	0	0	0	0	0	0	0	0	0	
223376	Frontal_Inf_Orb_L	0	0	19606	0	12390	142	13794	0	16502	0	302	0	13532	0	0	0	0	0	346	0	2082	0	5250	360	214	416	2184	0	13176	0	5126	426	0	0	0	0	218	0	0	0	290	0	0	0	0	0	0	0	0	0	0	0	0	0	260	0	0	0	0	0	0	0	0	0	0	0	0	0	0	0	652	0	2762	0	0	0	0	0	0	0	0	0	1658	0	0	0	0	0	0	0	0	0	0	0	0	0	0	0	0	0	0	0	0	0	0	0	0	0	0	0	0	0	0	0	0	0	
98256	Frontal_Inf_Orb_R	0	0	114	9000	0	3726	0	5972	0	7470	0	278	0	5634	0	0	0	0	186	3506	0	560	0	362	0	126	0	772	0	7370	0	482	0	936	0	0	0	0	0	0	0	0	0	0	0	0	0	0	0	0	0	0	0	0	0	0	0	0	0	0	0	0	0	0	0	0	0	0	0	0	0	654	0	1980	0	0	0	0	0	0	0	0	0	0	0	0	0	0	0	0	0	0	0	0	0	0	0	0	0	0	0	0	0	0	0	0	0	0	0	0	0	0	0	0	0	0	
236712	Rolandic_Oper_L	11388	0	14118	0	0	0	6304	0	0	0	11726	0	1862	0	0	0	0	0	11056	0	0	0	476	0	0	0	0	0	25642	0	262	0	0	0	0	0	262	0	0	0	0	0	158	0	134	0	0	0	0	0	912	0	156	0	330	0	8946	0	528	0	1720	0	1834	0	178	0	180	0	0	0	208	0	716	0	0	0	256	0	4350	0	11414	0	1682	0	726	0	0	0	832	0	0	0	0	0	0	0	0	0	0	0	0	0	0	0	0	0	0	0	0	0	0	0	0	0	0	0	
97860	Rolandic_Oper_R	140	2910	990	2616	0	0	0	3814	0	0	0	2848	0	724	0	0	0	0	986	4174	0	0	0	0	0	0	0	0	0	9794	0	148	0	444	126	270	0	1250	0	514	0	0	0	0	0	0	0	0	0	122	0	0	0	0	0	276	0	3766	0	0	0	0	0	2562	0	0	0	186	0	328	0	180	0	4894	0	192	136	716	0	724	0	2600	0	156	0	170	0	0	0	174	0	0	0	0	0	0	0	0	0	0	0	0	0	0	0	0	0	0	0	0	0	0	0	0	0	0	
835512	Supp_Motor_Area_L	16084	1616	110302	11436	0	0	11574	1056	0	0	9924	472	6306	236	346	186	11056	986	0	40510	0	0	11088	1912	0	0	0	0	24550	372	13736	7124	14546	17728	3340	976	3004	1122	168	0	0	0	0	0	476	0	0	0	136	0	0	0	0	0	128	122	7038	848	0	0	238	0	0	124	0	0	658	0	13944	3618	13774	5380	26776	2078	4582	290	4896	2732	1072	0	4496	0	1694	0	208	0	0	0	692	0	0	0	0	0	0	0	0	0	0	0	0	0	0	0	0	0	0	0	0	0	0	0	0	0	0	0	
817792	Supp_Motor_Area_R	5914	5202	24712	70338	0	210	1380	5138	0	360	122	8946	186	4484	0	3506	0	4174	40510	0	0	0	2792	9172	0	138	0	0	210	10674	3928	22956	6120	38342	516	4584	148	3312	0	358	0	0	0	1676	0	2506	0	434	0	2578	0	1546	0	578	0	1844	290	2642	0	0	0	234	0	374	0	126	148	5906	7552	29598	2870	28722	1350	12096	364	4464	1128	19918	0	0	0	0	0	0	0	492	0	0	0	1028	0	0	0	0	0	0	0	0	0	0	0	0	0	0	0	0	0	0	0	0	0	0	0	0	0	0	
103508	Olfactory_L	0	0	478	1100	1370	866	0	192	206	0	0	0	0	0	2082	0	0	0	0	0	0	6766	208	788	204	1616	1104	2958	3062	158	2704	2650	0	0	0	0	392	0	174	0	556	0	0	0	0	0	0	0	0	0	0	0	0	0	356	0	0	0	0	0	0	0	0	0	0	0	0	0	0	0	7936	4062	6896	2168	180	0	0	0	0	0	0	0	522	0	0	0	0	0	0	0	0	0	0	0	0	0	0	0	0	0	0	0	0	0	0	0	0	0	0	0	0	0	0	0	0	0	
136436	Olfactory_R	0	0	0	2486	0	2776	0	456	0	0	0	0	0	0	0	560	0	0	0	0	6766	0	202	1684	230	3278	372	6346	346	1452	3138	5500	0	0	0	0	0	0	0	0	0	158	0	0	0	0	0	0	0	0	0	0	0	0	0	0	0	0	0	0	0	0	0	0	0	0	0	0	0	0	9288	9732	7464	5098	494	392	0	0	0	0	0	0	0	0	0	0	0	0	0	0	0	0	0	0	0	0	0	0	0	0	0	0	0	0	0	0	0	0	0	0	0	0	0	0	0	0	
511344	Frontal_Sup_Medial_L	0	0	52602	10004	2632	2644	12812	0	1250	0	944	0	7268	0	5250	0	476	0	11088	2792	208	202	0	25982	2606	3170	2296	598	11090	0	45388	21518	9270	11436	0	0	152	0	0	0	0	0	0	0	0	0	0	0	0	0	0	0	0	0	0	0	0	0	0	0	0	0	0	0	0	0	0	0	0	0	3476	2610	4524	900	0	0	0	484	0	0	0	0	0	0	0	0	0	0	0	0	0	0	0	0	0	0	0	0	0	0	0	0	0	0	0	0	0	0	0	0	0	0	0	0	0	0	
387948	Frontal_Sup_Medial_R	0	0	8718	33888	298	8664	1006	3266	0	216	0	608	450	402	360	362	0	0	1912	9172	788	1684	25982	0	496	9332	0	3354	914	352	17694	33212	968	12650	0	0	0	0	0	0	0	0	0	0	0	0	0	0	0	0	0	0	0	0	0	0	0	0	0	0	0	0	0	0	0	0	0	0	0	0	1086	7686	1142	6972	0	340	0	0	0	0	0	0	0	0	0	0	0	0	0	0	0	0	0	0	0	0	0	0	0	0	0	0	0	0	0	0	0	0	0	0	0	0	0	0	0	0	
46892	Frontal_Med_Orb_L	0	0	920	192	4724	226	156	0	358	0	0	0	0	0	214	0	0	0	0	0	204	230	2606	496	0	2466	2570	514	132	0	5422	1058	0	0	0	0	0	0	0	0	0	0	0	0	0	0	0	0	0	0	0	0	0	0	0	0	0	0	0	0	0	0	0	0	0	0	0	0	0	0	424	0	534	0	0	0	0	0	0	0	0	0	0	0	0	0	0	0	0	0	0	0	0	0	0	0	0	0	0	0	0	0	0	0	0	0	0	0	0	0	0	0	0	0	0	0	
157724	Frontal_Med_Orb_R	0	0	1114	4830	690	12856	188	0	0	696	0	0	0	0	416	126	0	0	0	138	1616	3278	3170	9332	2466	0	584	9524	366	0	7598	10924	0	0	0	0	0	0	0	0	0	0	0	0	0	0	0	0	0	0	0	0	0	0	0	0	0	0	0	0	0	0	0	0	0	0	0	0	0	0	1642	3454	1448	2406	0	0	0	0	0	0	0	0	0	0	0	0	0	0	0	0	0	0	0	0	0	0	0	0	0	0	0	0	0	0	0	0	0	0	0	0	0	0	0	0	0	0	
64344	Rectus_L	0	0	3252	0	6944	162	940	0	1108	0	0	0	460	0	2184	0	0	0	0	0	1104	372	2296	0	2570	584	0	430	1270	0	4900	786	0	0	0	0	0	0	0	0	0	0	0	0	0	0	0	0	0	0	0	0	0	0	0	0	0	0	0	0	0	0	0	0	0	0	0	0	0	0	1388	154	1146	122	0	0	0	0	0	0	0	0	0	0	0	0	0	0	0	0	0	0	0	0	0	0	0	0	0	0	0	0	0	0	0	0	0	0	0	0	0	0	0	0	0	0	
134996	Rectus_R	0	0	0	4124	0	12554	0	650	0	1456	0	0	0	0	0	772	0	0	0	0	2958	6346	598	3354	514	9524	430	0	194	986	2452	6680	0	0	0	0	0	0	0	0	0	148	0	0	0	0	0	0	0	0	0	0	0	0	0	0	0	0	0	0	0	0	0	0	0	0	0	0	0	0	2924	5564	2378	2892	0	0	0	0	0	0	0	0	0	0	0	0	0	0	0	0	0	0	0	0	0	0	0	0	0	0	0	0	0	0	0	0	0	0	0	0	0	0	0	0	0	0	
715864	Insula_L	9152	0	55870	684	4176	188	34900	0	2600	0	15956	0	28506	0	13176	0	25642	0	24550	210	3062	346	11090	914	132	366	1270	194	0	0	8898	1334	1230	428	756	1052	9820	858	630	720	1152	0	128	0	114	0	0	590	184	0	3308	0	144	0	2670	0	6404	0	1436	0	3478	0	664	0	758	0	280	0	0	0	1468	482	24984	204	248	0	5166	238	10170	0	16618	0	6160	0	4728	0	0	0	7446	0	0	0	0	0	0	0	0	0	0	0	0	0	0	0	0	0	0	0	0	0	0	0	0	0	0	0	
231216	Insula_R	352	1944	390	10956	0	892	0	6376	0	156	0	14424	0	9200	0	7370	0	9794	372	10674	158	1452	0	352	0	0	0	986	0	0	0	530	0	314	230	526	0	2206	0	580	0	730	0	0	0	0	0	0	0	0	0	0	0	0	0	1528	0	548	0	0	0	0	0	0	0	0	0	130	0	128	124	1304	0	15942	0	602	464	1682	0	1376	0	5636	0	2100	0	1234	0	0	0	1846	0	0	0	0	0	0	0	0	0	0	0	0	0	0	0	0	0	0	0	0	0	0	0	0	0	0	
566600	Cingulum_Ant_L	298	0	38966	9450	5440	4354	6892	216	1550	0	1216	358	6314	0	5126	0	262	0	13736	3928	2704	3138	45388	17694	5422	7598	4900	2452	8898	0	0	32412	11026	6326	584	0	114	0	0	0	0	0	0	0	0	0	0	0	0	0	0	0	0	0	0	0	0	0	0	0	0	0	0	0	0	0	0	0	0	114	10456	8494	11574	4834	0	222	218	626	0	0	0	0	0	0	0	0	0	0	0	0	0	0	0	0	0	0	0	0	0	0	0	0	0	0	0	0	0	0	0	0	0	0	0	0	0	0	
588176	Cingulum_Ant_R	124	0	13658	36960	522	8772	926	1726	112	268	474	1252	1082	1102	426	482	0	148	7124	22956	2650	5500	21518	33212	1058	10924	786	6680	1334	530	32412	0	2528	18154	0	0	0	280	0	0	0	0	0	0	0	0	0	0	0	0	0	0	0	0	0	0	0	236	0	0	0	0	0	0	0	0	0	0	0	204	5620	28718	3672	18036	0	966	206	750	0	0	0	0	0	0	0	0	0	0	0	0	0	0	0	0	0	0	0	0	0	0	0	0	0	0	0	0	0	0	0	0	0	0	0	0	0	0	
190944	Cingulum_Mid_L	222	0	9418	1584	0	0	2804	0	0	0	126	0	1084	0	0	0	0	0	14546	6120	0	0	9270	968	0	0	0	0	1230	0	11026	2528	0	15148	3696	2028	0	0	0	0	0	0	0	0	910	382	0	0	246	506	488	194	0	0	0	0	0	166	0	0	0	0	0	0	0	0	2136	1114	5356	1708	0	0	150	0	0	0	0	0	0	0	0	0	0	0	318	0	0	0	0	0	0	0	0	0	0	0	0	0	0	0	0	0	0	0	0	0	0	0	0	0	0	0	0	0	0	0	
413364	Cingulum_Mid_R	1046	202	10980	18454	0	0	824	1092	0	0	0	2152	392	1514	0	936	0	444	17728	38342	0	0	11436	12650	0	0	0	0	428	314	6326	18154	15148	0	1736	5796	0	0	0	0	0	0	0	2052	0	4324	0	496	0	2866	0	1230	0	468	0	592	0	1136	0	0	0	0	0	552	0	0	822	9706	2972	12064	0	166	0	0	0	0	0	0	0	0	0	236	0	0	0	386	0	0	0	520	0	0	0	0	0	0	0	0	0	0	0	0	0	0	0	0	0	0	0	0	0	0	0	0	0	0	
151336	Cingulum_Post_L	5788	212	468	318	0	0	0	286	0	0	0	142	0	0	0	0	0	126	3340	516	0	0	0	0	0	0	0	0	756	230	584	0	3696	1736	0	10890	6562	4526	3144	2248	0	0	1454	0	2712	174	588	1300	842	0	118	0	0	0	0	450	674	156	0	0	416	0	0	0	0	0	6340	1532	5354	324	0	0	0	126	0	0	4648	1684	1036	0	0	0	0	0	0	0	0	0	0	0	0	0	0	0	0	0	0	0	0	0	0	0	0	0	0	0	0	0	0	0	172	0	0	0	0	0	
213164	Cingulum_Post_R	5126	996	364	526	0	0	0	374	0	0	0	178	0	0	0	0	0	270	976	4584	0	0	0	0	0	0	0	0	1052	526	0	0	2028	5796	10890	0	5512	8976	1688	3654	0	0	0	1102	0	802	184	3980	0	782	0	410	0	1050	0	3688	742	2550	0	0	520	238	0	650	0	0	174	10194	1208	6748	0	0	0	150	0	0	8402	4566	1328	124	0	364	0	0	0	386	0	0	0	2076	0	0	0	0	0	0	0	0	0	0	0	0	0	0	0	0	0	0	0	0	648	0	0	0	0	0	
238216	Hippocampus_L	4230	0	3710	188	0	0	1268	0	0	0	528	0	0	0	218	0	262	0	3004	148	392	0	152	0	0	0	0	0	9820	0	114	0	0	0	6562	5512	0	3808	14666	2470	6916	0	1388	0	0	0	3018	1612	0	0	0	0	0	0	9678	378	890	0	0	0	466	0	0	0	0	0	2570	528	0	0	786	142	8150	0	1292	0	7312	1386	1826	0	2218	0	1820	0	1106	0	260	0	8162	0	0	0	0	0	0	0	0	0	0	0	0	0	0	0	0	0	0	0	0	0	152	0	0	0	0	0	
275900	Hippocampus_R	3644	3540	682	1752	0	0	0	1290	0	0	0	968	0	0	0	0	0	1250	1122	3312	0	0	0	0	0	0	0	0	858	2206	0	280	0	0	4526	8976	3808	0	988	21126	0	7934	0	754	0	0	132	4370	0	0	0	0	0	496	0	20476	560	332	0	0	410	0	0	0	0	0	0	3780	314	428	0	1336	0	8072	0	1044	7870	10178	998	124	0	818	0	778	0	424	0	250	0	5002	0	0	0	0	0	0	0	218	0	138	0	0	0	0	0	0	0	0	0	0	386	0	0	0	0	0	
93064	ParaHippocampal_L	540	0	198	0	0	0	0	0	0	0	0	0	0	0	0	0	0	0	168	0	174	0	0	0	0	0	0	0	630	0	0	0	0	0	3144	1688	14666	988	0	598	2092	0	1478	0	0	0	4120	284	0	0	0	0	194	0	5772	146	0	0	0	0	0	0	0	0	0	0	2682	420	0	0	0	0	736	0	0	0	2404	174	0	0	0	0	382	0	0	0	222	0	2068	0	0	0	0	0	312	0	128	0	0	0	0	0	0	0	0	0	0	0	0	0	124	0	0	0	0	0	
155528	ParaHippocampal_R	974	464	0	256	0	0	0	0	0	0	0	356	0	0	0	0	0	514	0	358	0	0	0	0	0	0	0	0	720	580	0	0	0	0	2248	3654	2470	21126	598	0	0	6020	0	210	0	0	0	3734	0	0	0	0	0	0	0	13314	472	0	0	0	350	0	0	0	0	0	0	1424	0	0	0	0	0	3684	0	662	3210	3198	856	0	0	148	0	2532	0	0	0	1876	0	1038	0	0	0	0	0	0	0	390	0	204	0	0	0	0	0	0	0	0	0	0	124	0	0	0	0	0	
36380	Amygdala_L	0	0	0	0	0	0	0	0	0	0	0	0	0	0	290	0	0	0	0	0	556	0	0	0	0	0	0	0	1152	0	0	0	0	0	0	0	6916	0	2092	0	0	0	0	0	0	0	0	0	0	0	0	0	0	0	4010	0	0	0	0	0	0	0	0	0	0	0	0	0	0	0	290	0	456	0	0	0	0	0	0	0	0	0	952	0	212	0	290	0	974	0	0	0	0	0	0	0	0	0	0	0	0	0	0	0	0	0	0	0	0	0	0	0	0	0	0	0	
58164	Amygdala_R	0	0	0	0	0	0	0	0	0	0	0	0	0	0	0	0	0	0	0	0	0	158	0	0	0	0	0	148	0	730	0	0	0	0	0	0	0	7934	0	6020	0	0	0	0	0	0	0	0	0	0	0	0	0	0	0	8326	0	0	0	0	0	0	0	0	0	0	0	0	0	0	0	0	0	1216	0	0	0	0	0	0	0	0	0	2960	0	0	0	1012	0	578	0	0	0	0	0	0	0	0	0	0	0	0	0	0	0	0	0	0	0	0	0	0	0	0	0	0	
205460	Calcarine_L	708	0	366	0	0	0	392	0	0	0	0	0	0	0	0	0	158	0	0	0	0	0	0	0	0	0	0	0	128	0	0	0	0	0	1454	0	1388	0	1478	0	0	0	0	6414	16832	3034	10308	3498	7554	992	17400	182	5036	0	3032	0	1662	0	278	0	0	0	0	0	0	0	12436	116	798	0	0	0	0	0	0	0	0	0	0	0	0	0	0	0	1464	0	0	0	956	0	112	240	0	0	0	0	324	684	186	536	0	0	0	0	0	254	0	0	0	0	1458	454	0	0	0	418	
287804	Calcarine_R	0	254	0	0	0	0	0	0	0	0	0	0	0	0	0	0	0	0	0	1676	0	0	0	0	0	0	0	0	0	0	0	0	0	2052	0	1102	0	754	0	210	0	0	6414	0	3706	25030	1114	25554	0	17678	0	9306	0	7732	0	9208	0	1102	0	686	0	150	0	0	0	148	896	20950	0	3144	0	0	0	0	0	0	0	0	0	0	0	0	0	0	0	3076	0	0	0	1960	0	0	0	0	0	0	0	0	0	0	0	0	0	0	0	0	0	0	0	0	0	0	0	0	0	0	
192092	Cuneus_L	1286	0	390	0	0	0	420	0	0	0	0	0	0	0	0	0	134	0	476	0	0	0	0	0	0	0	0	0	114	0	0	0	910	0	2712	0	0	0	0	0	0	0	16832	3706	0	5536	1728	1010	16774	646	16570	0	1870	0	996	0	1774	0	1130	0	0	0	0	0	164	0	15426	1094	2138	0	0	0	0	0	0	0	0	0	0	0	0	0	0	0	1860	0	0	0	350	0	0	0	0	0	0	0	0	0	0	0	0	0	0	0	0	0	0	0	0	0	0	0	0	0	0	0	
301496	Cuneus_R	0	290	0	0	0	0	0	0	0	0	0	0	0	0	0	0	0	0	0	2506	0	0	0	0	0	0	0	0	0	0	0	0	382	4324	174	802	0	0	0	0	0	0	3034	25030	5536	0	560	6068	0	33502	0	12530	0	2276	0	2110	0	4512	0	4490	0	126	0	0	0	148	3378	25316	0	8300	0	0	0	0	0	0	0	0	0	0	0	0	0	0	0	4474	0	0	0	880	0	0	0	0	0	0	0	0	0	0	0	0	0	0	0	0	0	0	0	0	0	0	0	0	0	0	
257164	Lingual_L	0	0	0	0	0	0	0	0	0	0	0	0	0	0	0	0	0	0	0	0	0	0	0	0	0	0	0	0	0	0	0	0	0	0	588	184	3018	132	4120	0	0	0	10308	1114	1728	560	0	2476	1384	0	10766	0	7532	0	13392	646	0	0	0	0	0	0	0	0	0	0	4284	0	0	0	0	0	0	0	0	0	744	0	0	0	0	0	0	0	112	0	0	0	1292	0	10074	2520	2818	1958	380	222	8766	1742	14816	2834	578	0	952	158	236	860	0	0	0	330	5576	4322	3202	118	478	1262	
261248	Lingual_R	658	0	0	0	0	0	0	0	0	0	0	0	0	0	0	0	0	0	0	434	0	0	0	0	0	0	0	0	590	0	0	0	0	496	1300	3980	1612	4370	284	3734	0	0	3498	25554	1010	6068	2476	0	0	6006	0	2574	0	5122	536	15034	386	486	0	228	290	0	0	0	0	0	0	12744	0	940	0	0	0	0	0	0	2218	1150	672	0	0	0	0	0	0	526	0	0	0	1092	378	2394	0	144	0	0	1406	3470	2288	5738	0	0	0	0	218	0	0	0	0	0	5156	2914	450	0	0	0	
187100	Occipital_Sup_L	1030	0	198	0	0	0	196	0	0	0	0	0	0	0	0	0	0	0	136	0	0	0	0	0	0	0	0	0	184	0	0	0	246	0	842	0	0	0	0	0	0	0	7554	0	16774	0	1384	0	0	0	34890	0	1530	0	442	0	2088	0	11354	0	1408	0	124	0	410	0	11260	0	456	0	0	0	0	0	0	0	0	0	172	0	200	0	0	0	672	0	0	0	0	0	0	0	0	0	0	0	0	0	0	0	0	0	0	0	0	0	0	0	0	0	0	0	0	0	0	0	
314620	Occipital_Sup_R	0	866	0	0	0	0	0	0	0	0	0	0	0	0	0	0	0	122	0	2578	0	0	0	0	0	0	0	0	0	0	0	0	506	2866	0	782	0	0	0	0	0	0	992	17678	646	33502	0	6006	0	0	0	25064	0	4636	0	3206	0	7334	0	8398	0	1486	0	410	0	2762	0	18640	0	8864	0	0	0	0	0	0	0	0	0	0	0	182	0	0	0	6840	0	0	0	2944	0	0	0	0	0	0	0	0	0	0	0	0	0	0	0	0	0	0	0	0	0	0	0	0	0	0	
404936	Occipital_Mid_L	3210	0	392	0	0	0	322	0	0	0	0	0	0	0	0	0	912	0	0	0	0	0	0	0	0	0	0	0	3308	0	0	0	488	0	118	0	0	0	0	0	0	0	17400	0	16570	0	10766	0	34890	0	0	0	19788	0	6142	0	9248	0	13794	0	7784	0	1520	0	9370	0	15582	0	2278	0	0	0	0	0	0	0	0	0	2200	0	1734	0	0	0	20008	0	0	0	4644	0	0	0	0	0	0	0	0	0	0	0	0	0	0	0	0	0	0	0	0	0	0	0	0	0	0	0	
253776	Occipital_Mid_R	0	214	0	0	0	0	0	0	0	0	0	0	0	0	0	0	0	0	0	1546	0	0	0	0	0	0	0	0	0	0	0	0	194	1230	0	410	0	0	0	0	0	0	182	9306	0	12530	0	2574	0	25064	0	0	0	9972	0	3068	0	3036	0	2484	0	6888	0	478	0	12036	0	10292	0	5072	0	0	0	0	0	0	0	0	0	0	0	360	0	0	0	15264	0	0	0	4688	0	0	0	0	0	0	0	0	0	0	0	0	0	0	0	0	0	0	0	0	0	0	0	0	0	0	
122492	Occipital_Inf_L	220	0	0	0	0	0	0	0	0	0	0	0	0	0	0	0	156	0	0	0	0	0	0	0	0	0	0	0	144	0	0	0	0	0	0	0	0	0	194	0	0	0	5036	0	1870	0	7532	0	1530	0	19788	0	0	0	10798	0	544	0	140	0	0	0	0	0	0	0	2236	0	222	0	0	0	0	0	0	0	0	0	138	0	0	0	0	0	4492	0	0	0	5632	0	0	0	0	0	0	0	122	0	320	0	0	0	0	0	0	0	0	0	0	0	132	0	0	0	0	0	
148052	Occipital_Inf_R	0	0	0	0	0	0	0	0	0	0	0	0	0	0	0	0	0	0	0	578	0	0	0	0	0	0	0	0	0	0	0	0	0	468	0	1050	0	496	0	0	0	0	0	7732	0	2276	0	5122	0	4636	0	9972	0	0	0	13334	0	486	0	296	0	848	0	466	0	1818	0	4932	0	948	0	0	0	0	0	0	0	0	0	114	0	494	0	0	0	8462	0	0	0	8906	0	0	0	0	0	0	0	0	0	372	0	0	0	0	0	0	0	0	0	0	0	220	0	0	0	0	
304288	Fusiform_L	280	0	148	0	0	0	0	0	0	0	0	0	0	0	260	0	330	0	128	0	356	0	0	0	0	0	0	0	2670	0	0	0	0	0	0	0	9678	0	5772	0	4010	0	3032	0	996	0	13392	536	442	0	6142	0	10798	0	0	144	374	0	0	0	240	0	192	0	0	0	1946	0	0	0	0	0	736	0	312	0	364	0	1858	0	2192	0	2608	0	6242	0	1838	0	19474	0	16584	204	1996	260	240	0	9148	0	22398	358	340	0	472	0	0	0	0	0	0	0	1218	966	470	0	0	0	
378980	Fusiform_R	0	552	0	246	0	0	0	0	0	0	0	116	0	0	0	0	0	276	122	1844	0	0	0	0	0	0	0	0	0	1528	0	0	0	592	450	3688	378	20476	146	13314	0	8326	0	9208	0	2110	646	15034	0	3206	0	3068	0	13334	144	0	0	484	0	290	0	758	0	534	0	1342	0	9044	186	1468	0	326	0	2670	0	282	454	2746	0	170	0	2968	0	7136	0	7592	0	4412	0	21240	130	6618	0	222	0	0	624	3952	906	9800	0	0	0	0	0	0	0	0	0	0	2440	1598	294	0	0	0	
302124	Postcentral_L	29428	0	7734	0	0	0	1562	0	0	0	4312	0	1146	0	0	0	8946	0	7038	290	0	0	0	0	0	0	0	0	6404	0	0	0	0	0	674	742	890	560	0	472	0	0	1662	0	1774	0	0	386	2088	0	9248	0	544	0	374	0	0	0	9976	0	24078	0	7004	0	1052	0	5700	0	4290	0	0	138	202	0	0	0	1906	282	3300	0	2238	0	0	0	3854	0	0	0	768	0	0	0	0	0	0	0	0	0	0	0	0	0	0	0	0	0	0	0	0	0	0	0	0	0	0	0	
199216	Postcentral_R	300	13102	570	360	0	0	0	1120	0	0	0	1096	0	0	0	0	0	3766	848	2642	0	0	0	0	0	0	0	0	0	548	0	236	166	1136	156	2550	0	332	0	0	0	0	0	1102	0	4512	0	486	0	7334	0	3036	0	486	0	484	0	0	0	9920	0	5790	0	10710	0	2108	0	7446	146	8422	0	530	0	1622	0	132	0	230	0	0	0	1468	0	0	0	3356	0	0	0	1360	0	0	0	0	0	0	0	0	0	0	0	0	0	0	0	0	0	0	0	0	0	0	0	0	0	0	
131988	Parietal_Sup_L	2642	0	310	0	0	0	286	0	0	0	0	0	0	0	0	0	528	0	0	0	0	0	0	0	0	0	0	0	1436	0	0	0	0	0	0	0	0	0	0	0	0	0	278	0	1130	0	0	0	11354	0	13794	0	140	0	0	0	9976	0	0	0	8998	0	324	0	734	0	10628	0	790	0	0	0	0	0	0	0	0	0	558	0	498	0	0	0	1336	0	0	0	254	0	0	0	0	0	0	0	0	0	0	0	0	0	0	0	0	0	0	0	0	0	0	0	0	0	0	0	
100620	Parietal_Sup_R	0	424	0	0	0	0	0	0	0	0	0	0	0	0	0	0	0	0	0	0	0	0	0	0	0	0	0	0	0	0	0	0	0	0	0	0	0	0	0	0	0	0	0	686	0	4490	0	228	0	8398	0	2484	0	296	0	290	0	9920	0	0	0	6948	0	2622	0	2332	152	7012	0	3016	0	0	0	0	0	0	0	0	0	0	0	0	0	0	0	832	0	0	0	180	0	0	0	0	0	0	0	0	0	0	0	0	0	0	0	0	0	0	0	0	0	0	0	0	0	0	
222092	Parietal_Inf_L	5128	0	296	0	0	0	328	0	0	0	472	0	0	0	0	0	1720	0	238	0	0	0	0	0	0	0	0	0	3478	0	0	0	0	0	416	520	466	410	0	350	0	0	0	0	0	0	0	290	1408	0	7784	0	0	0	240	0	24078	0	8998	0	0	0	22196	0	15482	0	1464	0	458	0	0	0	0	0	0	0	594	136	1480	0	3098	0	0	0	8200	0	0	0	1318	0	0	0	0	0	0	0	0	0	0	0	0	0	0	0	0	0	0	0	0	0	0	0	0	0	0	0	
95380	Parietal_Inf_R	0	694	0	0	0	0	0	126	0	0	0	0	0	0	0	0	0	0	0	234	0	0	0	0	0	0	0	0	0	0	0	0	0	0	0	238	0	0	0	0	0	0	0	150	0	126	0	0	0	1486	0	6888	0	848	0	758	0	5790	0	6948	0	0	0	9070	0	12548	0	222	0	378	0	0	0	0	0	0	0	0	0	0	0	0	0	0	0	690	0	0	0	496	0	0	0	0	0	0	0	0	0	0	0	0	0	0	0	0	0	0	0	0	0	0	0	0	0	0	
122256	SupraMarginal_L	1210	0	0	0	0	0	0	0	0	0	0	0	0	0	0	0	1834	0	0	0	0	0	0	0	0	0	0	0	664	0	0	0	0	0	0	0	0	0	0	0	0	0	0	0	0	0	0	0	124	0	1520	0	0	0	192	0	7004	0	324	0	22196	0	0	0	9672	0	0	0	470	0	0	0	0	0	0	0	0	0	576	0	5202	0	0	0	8850	0	0	0	1290	0	0	0	0	0	0	0	0	0	0	0	0	0	0	0	0	0	0	0	0	0	0	0	0	0	0	0	
75372	SupraMarginal_R	0	1978	0	0	0	0	0	266	0	0	0	0	0	0	0	0	0	2562	124	374	0	0	0	0	0	0	0	0	0	0	0	0	0	552	0	650	0	0	0	0	0	0	0	0	0	0	0	0	0	410	0	478	0	466	0	534	0	10710	0	2622	0	9070	0	0	0	2950	0	348	0	592	0	0	0	0	0	0	0	0	0	0	0	1880	0	0	0	674	0	0	0	446	0	0	0	0	0	0	0	0	0	0	0	0	0	0	0	0	0	0	0	0	0	0	0	0	0	0	
114568	Angular_L	238	0	0	0	0	0	0	0	0	0	0	0	0	0	0	0	178	0	0	0	0	0	0	0	0	0	0	0	758	0	0	0	0	0	0	0	0	0	0	0	0	0	0	0	164	0	0	0	410	0	9370	0	0	0	0	0	1052	0	734	0	15482	0	9672	0	0	0	208	0	0	0	0	0	0	0	0	0	0	0	480	0	2744	0	0	0	14334	0	0	0	1460	0	0	0	0	0	0	0	0	0	0	0	0	0	0	0	0	0	0	0	0	0	0	0	0	0	0	0	
90004	Angular_R	0	0	0	0	0	0	0	0	0	0	0	0	0	0	0	0	0	0	0	126	0	0	0	0	0	0	0	0	0	0	0	0	0	0	0	0	0	0	0	0	0	0	0	148	0	148	0	0	0	2762	0	12036	0	1818	0	1342	0	2108	0	2332	0	12548	0	2950	0	0	0	178	0	224	0	0	0	0	0	0	0	0	0	0	0	1640	0	0	0	4202	0	0	0	440	0	0	0	0	0	0	0	0	0	0	0	0	0	0	0	0	0	0	0	0	0	0	0	0	0	0	
235404	Precuneus_L	2636	0	476	0	0	0	504	0	0	0	0	0	0	0	0	0	180	0	658	148	0	0	0	0	0	0	0	0	280	0	0	0	2136	822	6340	174	2570	0	2682	0	0	0	12436	896	15426	3378	4284	0	11260	0	15582	0	2236	0	1946	0	5700	0	10628	152	1464	0	0	0	208	0	0	4668	4740	196	0	0	0	0	0	0	166	0	202	0	230	0	0	0	1864	0	0	0	434	0	0	0	0	0	0	0	0	0	0	0	0	0	0	0	0	0	0	0	0	0	0	0	0	0	0	0	
371756	Precuneus_R	172	782	0	0	0	0	0	0	0	0	0	0	0	0	0	0	0	186	0	5906	0	0	0	0	0	0	0	0	0	130	0	0	1114	9706	1532	10194	528	3780	420	1424	0	0	116	20950	1094	25316	0	12744	0	18640	0	10292	0	4932	0	9044	0	7446	0	7012	0	222	0	348	0	178	4668	0	118	16686	0	0	0	0	0	0	694	370	0	0	0	0	0	0	0	5314	0	0	0	2960	0	0	0	0	0	0	0	144	0	0	0	0	0	0	0	0	0	0	0	0	716	0	0	0	0	0	
146360	Paracentral_Lobule_L	8048	192	2052	546	0	0	998	0	0	0	0	0	0	0	0	0	0	0	13944	7552	0	0	0	0	0	0	0	0	0	0	0	0	5356	2972	5354	1208	0	314	0	0	0	0	798	0	2138	0	0	0	456	0	2278	0	222	0	0	186	4290	146	790	0	458	0	470	0	0	0	4740	118	0	3696	294	0	0	0	234	0	1210	1342	0	0	0	0	0	0	778	0	0	0	0	0	0	0	0	0	0	0	0	0	0	0	0	0	0	0	0	0	0	0	0	0	0	0	0	0	0	0	
277520	Paracentral_Lobule_R	2904	2026	1164	142	0	0	378	0	0	0	0	0	0	0	0	0	0	328	3618	29598	0	0	0	0	0	0	0	0	0	128	114	204	1708	12064	324	6748	0	428	0	0	0	0	0	3144	0	8300	0	940	0	8864	0	5072	0	948	0	1468	0	8422	0	3016	0	378	0	592	0	224	196	16686	3696	0	342	4464	0	112	0	0	222	5666	0	0	0	264	0	0	0	2524	0	0	0	1344	0	0	0	0	0	0	0	0	0	0	0	0	0	0	0	0	0	0	0	0	0	0	0	0	0	0	
295092	Caudate_L	654	0	13430	3548	968	968	592	274	0	0	116	0	232	326	652	0	208	0	13774	2870	7936	9288	3476	1086	424	1642	1388	2924	1468	124	10456	5620	0	0	0	0	786	0	0	0	290	0	0	0	0	0	0	0	0	0	0	0	0	0	0	0	0	0	0	0	0	0	0	0	0	0	0	0	294	342	0	16048	23958	4916	4798	760	7450	3460	0	0	0	0	0	0	0	0	0	0	0	0	0	0	0	0	0	0	0	0	0	0	0	0	0	0	0	0	0	0	0	0	0	0	0	0	0	0	
444344	Caudate_R	346	476	6438	20298	0	5090	192	1392	0	0	178	322	144	1214	0	654	0	180	5380	28722	4062	9732	2610	7686	0	3454	154	5564	482	1304	8494	28718	0	166	0	0	142	1336	0	0	0	0	0	0	0	0	0	0	0	0	0	0	0	0	0	326	138	530	0	0	0	0	0	0	0	0	0	0	0	4464	16048	0	8112	24916	890	3778	1770	16100	0	0	0	0	0	0	0	0	0	0	0	170	0	0	0	0	0	0	0	0	0	0	0	0	0	0	0	0	0	0	0	0	0	0	0	0	0	0	
413740	Putamen_L	3200	0	30164	2058	1976	916	5410	202	680	0	1128	0	2480	0	2762	0	716	0	26776	1350	6896	7464	4524	1142	534	1448	1146	2378	24984	0	11574	3672	150	0	0	0	8150	0	736	0	456	0	0	0	0	0	0	0	0	0	0	0	0	0	736	0	202	0	0	0	0	0	0	0	0	0	0	0	0	0	23958	8112	0	3582	7898	350	2474	348	0	0	1604	0	764	0	268	0	0	0	1502	0	0	0	0	0	0	0	0	0	0	0	0	0	0	0	0	0	0	0	0	0	0	0	0	0	0	0	
339600	Putamen_R	142	2710	2448	10622	0	3374	0	2618	0	246	0	4602	0	1316	0	1980	0	4894	2078	12096	2168	5098	900	6972	0	2406	122	2892	204	15942	4834	18036	0	0	126	150	0	8072	0	3684	0	1216	0	0	0	0	0	0	0	0	0	0	0	0	0	2670	0	1622	0	0	0	0	0	0	0	0	0	0	0	112	4916	24916	3582	0	0	4340	250	3794	0	0	0	142	0	518	0	126	0	118	0	746	0	0	0	0	0	0	0	0	0	0	0	0	0	0	0	0	0	0	0	0	0	0	0	0	0	0	
61408	Pallidum_L	924	0	4586	174	0	0	390	0	0	0	0	0	0	0	0	0	0	0	4582	364	180	494	0	0	0	0	0	0	248	0	0	0	0	0	0	0	1292	0	0	0	0	0	0	0	0	0	0	0	0	0	0	0	0	0	312	0	0	0	0	0	0	0	0	0	0	0	0	0	234	0	4798	890	7898	0	0	0	2378	614	0	0	0	0	0	0	0	0	0	0	346	0	0	0	0	0	0	0	0	0	0	0	0	0	0	0	0	0	0	0	0	0	0	0	0	0	0	0	
45588	Pallidum_R	0	172	206	2970	0	0	0	148	0	0	0	130	0	0	0	0	0	192	290	4464	0	392	0	340	0	0	0	0	0	602	222	966	0	0	0	0	0	1044	0	662	0	0	0	0	0	0	0	0	0	0	0	0	0	0	0	282	0	132	0	0	0	0	0	0	0	0	0	0	0	0	760	3778	350	4340	0	0	0	352	0	0	0	0	0	0	0	0	0	0	0	0	0	0	0	0	0	0	0	0	0	0	0	0	0	0	0	0	0	0	0	0	0	0	0	0	0	0	
237448	Thalamus_L	15498	1946	8920	596	0	0	3834	334	0	0	260	146	0	0	0	0	256	136	4896	1128	0	0	0	0	0	0	0	0	5166	464	218	206	0	0	4648	8402	7312	7870	2404	3210	0	0	0	0	0	0	744	2218	0	0	0	0	0	0	364	454	1906	0	0	0	594	0	0	0	0	0	166	694	1210	222	7450	1770	2474	250	2378	0	0	15422	1632	0	406	0	0	0	0	0	0	0	392	0	0	0	0	0	0	0	0	0	0	0	0	0	0	0	0	0	0	0	0	0	128	0	0	0	0	0	
241308	Thalamus_R	3634	4134	1898	7072	0	0	164	464	0	0	0	270	0	0	0	0	0	716	2732	19918	0	0	484	0	0	0	0	0	238	1682	626	750	0	0	1684	4566	1386	10178	174	3198	0	0	0	0	0	0	0	1150	0	0	0	0	0	0	0	2746	282	230	0	0	136	0	0	0	0	0	0	370	1342	5666	3460	16100	348	3794	614	352	15422	0	222	0	0	534	0	0	0	344	0	0	0	1574	0	0	0	0	0	0	0	0	0	0	0	0	0	0	0	0	0	0	0	0	0	0	0	0	0	0	
99560	Heschl_L	1660	0	1110	0	0	0	148	0	0	0	284	0	0	0	0	0	4350	0	1072	0	0	0	0	0	0	0	0	0	10170	0	0	0	0	0	1036	1328	1826	998	0	856	0	0	0	0	0	0	0	672	172	0	2200	0	138	0	1858	0	3300	0	558	0	1480	0	576	0	480	0	202	0	0	0	0	0	0	0	0	0	1632	222	0	0	6106	0	0	0	2714	0	0	0	2632	0	0	0	0	0	0	0	0	0	0	0	0	0	0	0	0	0	0	0	0	0	0	0	0	0	0	0	
14384	Heschl_R	0	0	0	0	0	0	0	0	0	0	0	0	0	0	0	0	0	724	0	0	0	0	0	0	0	0	0	0	0	1376	0	0	0	0	0	124	0	124	0	0	0	0	0	0	0	0	0	0	0	0	0	0	0	114	0	170	0	0	0	0	0	0	0	0	0	0	0	0	0	0	0	0	0	0	0	0	0	0	0	0	0	3014	0	130	0	568	0	0	0	848	0	0	0	0	0	0	0	0	0	0	0	0	0	0	0	0	0	0	0	0	0	0	0	0	0	0	
251784	Temporal_Sup_L	4610	0	5724	0	0	0	3296	0	0	0	4576	0	558	0	0	0	11414	0	4496	0	0	0	0	0	0	0	0	0	16618	0	0	0	0	0	0	0	2218	0	0	0	0	0	0	0	0	0	0	0	200	0	1734	0	0	0	2192	0	2238	0	498	0	3098	0	5202	0	2744	0	230	0	0	0	0	0	1604	0	0	0	406	0	6106	0	0	0	6368	0	23866	0	0	0	15896	0	0	0	0	0	0	0	0	0	0	0	0	0	0	0	0	0	0	0	0	0	0	0	0	0	0	0	
92040	Temporal_Sup_R	0	116	0	0	0	0	0	0	0	0	0	0	0	0	0	0	0	2600	0	0	0	0	0	0	0	0	0	0	0	5636	0	0	0	236	0	364	0	818	0	148	0	0	0	0	0	0	0	0	0	182	0	360	0	494	0	2968	0	1468	0	0	0	0	0	1880	0	1640	0	0	0	264	0	0	0	142	0	0	0	534	0	3014	0	0	0	3804	0	12348	0	946	0	6058	0	0	0	0	0	0	0	0	0	0	0	0	0	0	0	0	0	0	0	0	0	0	0	0	0	0	
107748	Temporal_Pole_Sup_L	122	0	2580	0	470	0	458	0	302	0	3148	0	988	0	1658	0	1682	0	1694	0	522	0	0	0	0	0	0	0	6160	0	0	0	0	0	0	0	1820	0	382	0	952	0	0	0	0	0	0	0	0	0	0	0	0	0	2608	0	0	0	0	0	0	0	0	0	0	0	0	0	0	0	0	0	764	0	0	0	0	0	0	0	6368	0	0	0	10172	0	3586	0	7438	0	0	0	0	0	0	0	0	0	0	0	0	0	0	0	0	0	0	0	0	0	0	0	0	0	0	0	
64104	Temporal_Pole_Sup_R	0	0	0	0	0	0	0	0	0	0	0	0	0	0	0	0	0	156	0	0	0	0	0	0	0	0	0	0	0	2100	0	0	0	0	0	0	0	778	0	2532	0	2960	0	0	0	0	0	0	0	0	0	0	0	0	0	7136	0	0	0	0	0	0	0	0	0	0	0	0	0	0	0	0	0	518	0	0	0	0	0	130	0	3804	0	0	0	3444	0	5774	0	2720	0	0	0	0	0	0	0	0	0	0	0	0	0	0	0	0	0	0	0	0	0	0	0	0	0	0	
319288	Temporal_Mid_L	854	0	258	0	0	0	0	0	0	0	0	0	0	0	0	0	726	0	208	0	0	0	0	0	0	0	0	0	4728	0	0	0	318	0	0	0	1106	0	0	0	212	0	1464	0	1860	0	112	0	672	0	20008	0	4492	0	6242	0	3854	0	1336	0	8200	0	8850	0	14334	0	1864	0	778	0	0	0	268	0	0	0	0	0	2714	0	23866	0	10172	0	0	0	3652	0	36496	0	0	0	0	0	0	0	0	0	0	0	0	0	0	0	0	0	0	0	0	0	0	0	0	0	0	0	
221708	Temporal_Mid_R	0	0	0	0	0	0	0	0	0	0	0	0	0	0	0	0	0	170	0	492	0	0	0	0	0	0	0	0	0	1234	0	0	0	386	0	386	0	424	0	0	0	0	0	3076	0	4474	0	526	0	6840	0	15264	0	8462	0	7592	0	3356	0	832	0	690	0	674	0	4202	0	5314	0	2524	0	0	0	126	0	0	0	344	0	568	0	12348	0	3444	0	0	0	4912	0	22194	0	0	0	0	0	0	0	0	0	0	0	0	0	0	0	0	0	0	0	0	0	0	0	0	0	0	
27480	Temporal_Pole_Mid_L	0	0	0	0	0	0	0	0	0	0	0	0	0	0	0	0	0	0	0	0	0	0	0	0	0	0	0	0	0	0	0	0	0	0	0	0	260	0	222	0	290	0	0	0	0	0	0	0	0	0	0	0	0	0	1838	0	0	0	0	0	0	0	0	0	0	0	0	0	0	0	0	0	0	0	0	0	0	0	0	0	0	0	3586	0	3652	0	0	0	3892	0	0	0	0	0	0	0	0	0	0	0	0	0	0	0	0	0	0	0	0	0	0	0	0	0	0	0	
46112	Temporal_Pole_Mid_R	0	0	0	0	0	0	0	0	0	0	0	0	0	0	0	0	0	0	0	0	0	0	0	0	0	0	0	0	0	0	0	0	0	0	0	0	0	250	0	1876	0	1012	0	0	0	0	0	0	0	0	0	0	0	0	0	4412	0	0	0	0	0	0	0	0	0	0	0	0	0	0	0	0	0	118	0	0	0	0	0	0	0	946	0	5774	0	4912	0	0	0	3756	0	0	0	0	0	0	0	0	0	0	0	0	0	0	0	0	0	0	0	0	0	0	0	0	0	0	
260048	Temporal_Inf_L	372	0	722	0	0	0	0	0	0	0	0	0	0	0	0	0	832	0	692	0	0	0	0	0	0	0	0	0	7446	0	0	0	0	0	0	0	8162	0	2068	0	974	0	956	0	350	0	1292	0	0	0	4644	0	5632	0	19474	0	768	0	254	0	1318	0	1290	0	1460	0	434	0	0	0	0	0	1502	0	346	0	392	0	2632	0	15896	0	7438	0	36496	0	3892	0	0	0	1490	0	0	0	0	0	174	0	626	0	0	0	0	0	0	0	0	0	0	0	0	0	0	0	0	0	
199624	Temporal_Inf_R	0	278	0	0	0	0	0	0	0	0	0	0	0	0	0	0	0	174	0	1028	0	0	0	0	0	0	0	0	0	1846	0	0	0	520	0	2076	0	5002	0	1038	0	578	0	1960	0	880	0	1092	0	2944	0	4688	0	8906	0	21240	0	1360	0	180	0	496	0	446	0	440	0	2960	0	1344	0	170	0	746	0	0	0	1574	0	848	0	6058	0	2720	0	22194	0	3756	0	0	0	270	0	0	0	0	0	0	0	0	0	0	0	0	0	0	0	0	0	0	0	0	0	0	0	0	
453256	Cerebelum_Crus1_L	0	0	0	0	0	0	0	0	0	0	0	0	0	0	0	0	0	0	0	0	0	0	0	0	0	0	0	0	0	0	0	0	0	0	0	0	0	0	0	0	0	0	112	0	0	0	10074	378	0	0	0	0	0	0	16584	130	0	0	0	0	0	0	0	0	0	0	0	0	0	0	0	0	0	0	0	0	0	0	0	0	0	0	0	0	0	0	0	0	1490	0	0	8398	38666	10848	1026	244	15450	438	52230	4564	10242	2310	18142	2242	2330	662	208	0	0	192	2114	10114	15248	1330	862	0	
432216	Cerebelum_Crus1_R	0	0	0	0	0	0	0	0	0	0	0	0	0	0	0	0	0	0	0	0	0	0	0	0	0	0	0	0	0	0	0	0	0	0	0	0	0	0	0	0	0	0	240	0	0	0	2520	2394	0	0	0	0	0	0	204	6618	0	0	0	0	0	0	0	0	0	0	0	0	0	0	0	0	0	0	0	0	0	0	0	0	0	0	0	0	0	0	0	0	0	270	8398	0	3864	39730	284	5988	1562	20672	7290	50576	694	2530	2400	18238	996	2124	0	382	266	2866	7190	9708	14034	1838	2026	206	
333284	Cerebelum_Crus2_L	0	0	0	0	0	0	0	0	0	0	0	0	0	0	0	0	0	0	0	0	0	0	0	0	0	0	0	0	0	0	0	0	0	0	0	0	0	0	0	0	0	0	0	0	0	0	2818	0	0	0	0	0	0	0	1996	0	0	0	0	0	0	0	0	0	0	0	0	0	0	0	0	0	0	0	0	0	0	0	0	0	0	0	0	0	0	0	0	0	0	0	38666	3864	0	13938	316	178	3002	318	13700	1992	28166	5774	26204	3886	964	384	0	0	0	112	1036	4482	12436	1896	514	0	
436956	Cerebelum_Crus2_R	0	0	0	0	0	0	0	0	0	0	0	0	0	0	0	0	0	0	0	0	0	0	0	0	0	0	0	0	0	0	0	0	0	0	0	0	0	0	0	0	0	0	0	0	0	0	1958	144	0	0	0	0	0	0	260	222	0	0	0	0	0	0	0	0	0	0	0	0	0	0	0	0	0	0	0	0	0	0	0	0	0	0	0	0	0	0	0	0	0	0	10848	39730	13938	0	168	2902	646	6114	6082	15918	7888	22192	10176	34328	1788	2626	0	276	164	2204	2736	6542	20576	5896	1984	172	
29924	Cerebelum_3_L	0	0	0	0	0	0	0	0	0	0	0	0	0	0	0	0	0	0	0	0	0	0	0	0	0	0	0	0	0	0	0	0	0	0	0	0	0	0	312	0	0	0	0	0	0	0	380	0	0	0	0	0	0	0	240	0	0	0	0	0	0	0	0	0	0	0	0	0	0	0	0	0	0	0	0	0	0	0	0	0	0	0	0	0	0	0	0	0	0	0	1026	284	316	168	0	0	5328	270	2098	318	0	0	516	0	174	0	0	0	466	1078	1510	336	142	0	0	0	
69308	Cerebelum_3_R	0	0	0	0	0	0	0	0	0	0	0	0	0	0	0	0	0	0	0	0	0	0	0	0	0	0	0	0	0	0	0	0	0	0	0	0	0	0	0	0	0	0	0	0	0	0	222	0	0	0	0	0	0	0	0	0	0	0	0	0	0	0	0	0	0	0	0	0	0	0	0	0	0	0	0	0	0	0	0	0	0	0	0	0	0	0	0	0	0	0	244	5988	178	2902	0	0	406	6810	334	7470	0	0	0	1140	0	646	0	0	600	4500	2256	376	140	0	246	196	
210640	Cerebelum_4_5_L	0	0	0	0	0	0	0	0	0	0	0	0	0	0	0	0	0	0	0	0	0	0	0	0	0	0	0	0	0	0	0	0	0	0	0	0	0	0	128	0	0	0	324	0	0	0	8766	1406	0	0	0	0	122	0	9148	624	0	0	0	0	0	0	0	0	0	0	0	0	0	0	0	0	0	0	0	0	0	0	0	0	0	0	0	0	0	0	0	0	174	0	15450	1562	3002	646	5328	406	0	1280	26724	2184	1560	0	3730	0	3214	1030	326	0	658	1546	9238	3332	574	0	1086	1752	
187404	Cerebelum_4_5_R	0	0	0	0	0	0	0	0	0	0	0	0	0	0	0	0	0	0	0	0	0	0	0	0	0	0	0	0	0	0	0	0	0	0	0	0	0	218	0	390	0	0	684	0	0	0	1742	3470	0	0	0	0	0	0	0	3952	0	0	0	0	0	0	0	0	0	0	0	144	0	0	0	0	0	0	0	0	0	0	0	0	0	0	0	0	0	0	0	0	0	0	438	20672	318	6114	270	6810	1280	0	816	26804	0	0	0	2472	0	676	0	0	454	2666	10920	538	476	246	380	752	
415260	Cerebelum_6_L	0	0	0	0	0	0	0	0	0	0	0	0	0	0	0	0	0	0	0	0	0	0	0	0	0	0	0	0	0	0	0	0	0	0	0	0	0	0	0	0	0	0	186	0	0	0	14816	2288	0	0	0	0	320	0	22398	906	0	0	0	0	0	0	0	0	0	0	0	0	0	0	0	0	0	0	0	0	0	0	0	0	0	0	0	0	0	0	0	0	626	0	52230	7290	13700	6082	2098	334	26724	816	0	6704	3834	282	7800	590	3434	1480	200	0	162	276	5944	13914	9424	562	1358	852	
378456	Cerebelum_6_R	0	0	0	0	0	0	0	0	0	0	0	0	0	0	0	0	0	0	0	0	0	0	0	0	0	0	0	0	0	0	0	0	0	0	0	0	0	138	0	204	0	0	536	0	0	0	2834	5738	0	0	0	0	0	372	358	9800	0	0	0	0	0	0	0	0	0	0	0	0	0	0	0	0	0	0	0	0	0	0	0	0	0	0	0	0	0	0	0	0	0	0	4564	50576	1992	15918	318	7470	2184	26804	6704	0	0	134	192	7416	794	3390	0	656	344	3474	11872	9812	9230	1960	2682	762	
202424	Cerebelum_7b_L	0	0	0	0	0	0	0	0	0	0	0	0	0	0	0	0	0	0	0	0	0	0	0	0	0	0	0	0	0	0	0	0	0	0	0	0	0	0	0	0	0	0	0	0	0	0	578	0	0	0	0	0	0	0	340	0	0	0	0	0	0	0	0	0	0	0	0	0	0	0	0	0	0	0	0	0	0	0	0	0	0	0	0	0	0	0	0	0	0	0	10242	694	28166	7888	0	0	1560	0	3834	0	0	4220	32498	2590	846	0	218	0	0	0	0	726	4956	1856	0	0	
152048	Cerebelum_7b_R	0	0	0	0	0	0	0	0	0	0	0	0	0	0	0	0	0	0	0	0	0	0	0	0	0	0	0	0	0	0	0	0	0	0	0	0	0	0	0	0	0	0	0	0	0	0	0	0	0	0	0	0	0	0	0	0	0	0	0	0	0	0	0	0	0	0	0	0	0	0	0	0	0	0	0	0	0	0	0	0	0	0	0	0	0	0	0	0	0	0	2310	2530	5774	22192	0	0	0	0	282	134	4220	0	5650	21424	702	1156	0	0	0	0	0	132	5464	4054	0	0	
304728	Cerebelum_8_L	0	0	0	0	0	0	0	0	0	0	0	0	0	0	0	0	0	0	0	0	0	0	0	0	0	0	0	0	0	0	0	0	0	0	0	0	0	0	0	0	0	0	0	0	0	0	952	0	0	0	0	0	0	0	472	0	0	0	0	0	0	0	0	0	0	0	0	0	0	0	0	0	0	0	0	0	0	0	0	0	0	0	0	0	0	0	0	0	0	0	18142	2400	26204	10176	516	0	3730	0	7800	192	32498	5650	0	6302	15072	1062	1584	0	0	0	426	2602	8348	7128	1108	0	
263536	Cerebelum_8_R	0	0	0	0	0	0	0	0	0	0	0	0	0	0	0	0	0	0	0	0	0	0	0	0	0	0	0	0	0	0	0	0	0	0	0	0	0	0	0	0	0	0	0	0	0	0	158	0	0	0	0	0	0	0	0	0	0	0	0	0	0	0	0	0	0	0	0	0	0	0	0	0	0	0	0	0	0	0	0	0	0	0	0	0	0	0	0	0	0	0	2242	18238	3886	34328	0	1140	0	2472	590	7416	2590	21424	6302	0	2164	10404	0	862	0	362	302	538	8062	6172	2116	0	
101420	Cerebelum_9_L	0	0	0	0	0	0	0	0	0	0	0	0	0	0	0	0	0	0	0	0	0	0	0	0	0	0	0	0	0	0	0	0	0	0	0	0	0	0	0	0	0	0	0	0	0	0	236	218	0	0	0	0	0	0	0	0	0	0	0	0	0	0	0	0	0	0	0	0	0	0	0	0	0	0	0	0	0	0	0	0	0	0	0	0	0	0	0	0	0	0	2330	996	964	1788	174	0	3214	0	3434	794	846	702	15072	2164	0	1996	3814	0	0	0	1128	2514	2050	3502	1940	834	
107332	Cerebelum_9_R	0	0	0	0	0	0	0	0	0	0	0	0	0	0	0	0	0	0	0	0	0	0	0	0	0	0	0	0	0	0	0	0	0	0	0	0	0	0	0	0	0	0	254	0	0	0	860	0	0	0	0	0	0	0	0	0	0	0	0	0	0	0	0	0	0	0	0	0	0	0	0	0	0	0	0	0	0	0	0	0	0	0	0	0	0	0	0	0	0	0	662	2124	384	2626	0	646	1030	676	1480	3390	0	1156	1062	10404	1996	0	0	2756	0	350	2644	3820	2970	3594	6226	2556	
13048	Cerebelum_10_L	0	0	0	0	0	0	0	0	0	0	0	0	0	0	0	0	0	0	0	0	0	0	0	0	0	0	0	0	0	0	0	0	0	0	0	0	0	0	0	0	0	0	0	0	0	0	0	0	0	0	0	0	0	0	0	0	0	0	0	0	0	0	0	0	0	0	0	0	0	0	0	0	0	0	0	0	0	0	0	0	0	0	0	0	0	0	0	0	0	0	208	0	0	0	0	0	326	0	200	0	218	0	1584	0	3814	0	0	0	0	0	0	0	174	0	0	0	
12708	Cerebelum_10_R	0	0	0	0	0	0	0	0	0	0	0	0	0	0	0	0	0	0	0	0	0	0	0	0	0	0	0	0	0	0	0	0	0	0	0	0	0	0	0	0	0	0	0	0	0	0	0	0	0	0	0	0	0	0	0	0	0	0	0	0	0	0	0	0	0	0	0	0	0	0	0	0	0	0	0	0	0	0	0	0	0	0	0	0	0	0	0	0	0	0	0	382	0	276	0	0	0	0	0	656	0	0	0	862	0	2756	0	0	0	0	0	0	534	408	480	0	
17692	Vermis_1_2	0	0	0	0	0	0	0	0	0	0	0	0	0	0	0	0	0	0	0	0	0	0	0	0	0	0	0	0	0	0	0	0	0	0	0	0	0	0	0	0	0	0	0	0	0	0	0	0	0	0	0	0	0	0	0	0	0	0	0	0	0	0	0	0	0	0	0	0	0	0	0	0	0	0	0	0	0	0	0	0	0	0	0	0	0	0	0	0	0	0	0	266	0	164	466	600	658	454	162	344	0	0	0	0	0	0	0	0	0	4298	1308	0	126	0	0	0	
54472	Vermis_3	0	0	0	0	0	0	0	0	0	0	0	0	0	0	0	0	0	0	0	0	0	0	0	0	0	0	0	0	0	0	0	0	0	0	0	0	0	0	0	0	0	0	0	0	0	0	330	0	0	0	0	0	0	0	0	0	0	0	0	0	0	0	0	0	0	0	0	0	0	0	0	0	0	0	0	0	0	0	0	0	0	0	0	0	0	0	0	0	0	0	192	2866	112	2204	1078	4500	1546	2666	276	3474	0	0	0	362	0	350	0	0	4298	0	2364	268	184	0	166	0	
187900	Vermis_4_5	0	0	0	0	0	0	0	0	0	0	0	0	0	0	0	0	0	0	0	0	0	0	0	0	0	0	0	0	0	0	0	0	0	0	172	648	152	386	124	124	0	0	1458	0	0	0	5576	5156	0	0	0	0	132	0	1218	2440	0	0	0	0	0	0	0	0	0	0	0	716	0	0	0	0	0	0	0	0	128	0	0	0	0	0	0	0	0	0	0	0	0	0	2114	7190	1036	2736	1510	2256	9238	10920	5944	11872	0	0	426	302	1128	2644	0	0	1308	2364	0	5900	704	302	1970	3656	
211316	Vermis_6	0	0	0	0	0	0	0	0	0	0	0	0	0	0	0	0	0	0	0	0	0	0	0	0	0	0	0	0	0	0	0	0	0	0	0	0	0	0	0	0	0	0	454	0	0	0	4322	2914	0	0	0	0	0	220	966	1598	0	0	0	0	0	0	0	0	0	0	0	0	0	0	0	0	0	0	0	0	0	0	0	0	0	0	0	0	0	0	0	0	0	0	10114	9708	4482	6542	336	376	3332	538	13914	9812	726	132	2602	538	2514	3820	0	0	0	268	5900	0	10634	1492	3902	3502	
282700	Vermis_7	0	0	0	0	0	0	0	0	0	0	0	0	0	0	0	0	0	0	0	0	0	0	0	0	0	0	0	0	0	0	0	0	0	0	0	0	0	0	0	0	0	0	0	0	0	0	3202	450	0	0	0	0	0	0	470	294	0	0	0	0	0	0	0	0	0	0	0	0	0	0	0	0	0	0	0	0	0	0	0	0	0	0	0	0	0	0	0	0	0	0	15248	14034	12436	20576	142	140	574	476	9424	9230	4956	5464	8348	8062	2050	2970	174	534	126	184	704	10634	0	6186	4030	232	
107796	Vermis_8	0	0	0	0	0	0	0	0	0	0	0	0	0	0	0	0	0	0	0	0	0	0	0	0	0	0	0	0	0	0	0	0	0	0	0	0	0	0	0	0	0	0	0	0	0	0	118	0	0	0	0	0	0	0	0	0	0	0	0	0	0	0	0	0	0	0	0	0	0	0	0	0	0	0	0	0	0	0	0	0	0	0	0	0	0	0	0	0	0	0	1330	1838	1896	5896	0	0	0	246	562	1960	1856	4054	7128	6172	3502	3594	0	408	0	0	302	1492	6186	0	5068	290	
