data	data	585284	344804	1.05507e+06	933176	120284	78184	588536	384692	68688	19788	300492	175644	317232	155296	182492	61844	299208	91216	882104	776716	59368	48564	504524	526140	70468	103576	42868	61500	565840	267512	474416	628260	275336	604636	135668	129484	284436	431516	104772	363864	42768	49416	241604	365092	108520	438836	221948	261808	149536	460736	404224	319100	173948	174712	439472	640632	387100	218768	156272	239440	250840	142796	136424	154916	225588	227020	243784	422072	265044	177336	257784	438612	390512	442524	63928	69828	110824	151160	108824	14660	216404	114096	97288	64380	321016	233600	27492	28072	318588	257488	372696	436964	295008	315640	23068	35164	237792	208764	373032	403496	241600	94792	298372	302216	114104	131424	34404	4648	26236	30416	208752	197824	191428	119200	108732	33636	
data	data	Precentral_L	Precentral_R	Frontal_Sup_L	Frontal_Sup_R	Frontal_Sup_Orb_L	Frontal_Sup_Orb_R	Frontal_Mid_L	Frontal_Mid_R	Frontal_Mid_Orb_L	Frontal_Mid_Orb_R	Frontal_Inf_Oper_L	Frontal_Inf_Oper_R	Frontal_Inf_Tri_L	Frontal_Inf_Tri_R	Frontal_Inf_Orb_L	Frontal_Inf_Orb_R	Rolandic_Oper_L	Rolandic_Oper_R	Supp_Motor_Area_L	Supp_Motor_Area_R	Olfactory_L	Olfactory_R	Frontal_Sup_Medial_L	Frontal_Sup_Medial_R	Frontal_Med_Orb_L	Frontal_Med_Orb_R	Rectus_L	Rectus_R	Insula_L	Insula_R	Cingulum_Ant_L	Cingulum_Ant_R	Cingulum_Mid_L	Cingulum_Mid_R	Cingulum_Post_L	Cingulum_Post_R	Hippocampus_L	Hippocampus_R	ParaHippocampal_L	ParaHippocampal_R	Amygdala_L	Amygdala_R	Calcarine_L	Calcarine_R	Cuneus_L	Cuneus_R	Lingual_L	Lingual_R	Occipital_Sup_L	Occipital_Sup_R	Occipital_Mid_L	Occipital_Mid_R	Occipital_Inf_L	Occipital_Inf_R	Fusiform_L	Fusiform_R	Postcentral_L	Postcentral_R	Parietal_Sup_L	Parietal_Sup_R	Parietal_Inf_L	Parietal_Inf_R	SupraMarginal_L	SupraMarginal_R	Angular_L	Angular_R	Precuneus_L	Precuneus_R	Paracentral_Lobule_L	Paracentral_Lobule_R	Caudate_L	Caudate_R	Putamen_L	Putamen_R	Pallidum_L	Pallidum_R	Thalamus_L	Thalamus_R	Heschl_L	Heschl_R	Temporal_Sup_L	Temporal_Sup_R	Temporal_Pole_Sup_L	Temporal_Pole_Sup_R	Temporal_Mid_L	Temporal_Mid_R	Temporal_Pole_Mid_L	Temporal_Pole_Mid_R	Temporal_Inf_L	Temporal_Inf_R	Cerebelum_Crus1_L	Cerebelum_Crus1_R	Cerebelum_Crus2_L	Cerebelum_Crus2_R	Cerebelum_3_L	Cerebelum_3_R	Cerebelum_4_5_L	Cerebelum_4_5_R	Cerebelum_6_L	Cerebelum_6_R	Cerebelum_7b_L	Cerebelum_7b_R	Cerebelum_8_L	Cerebelum_8_R	Cerebelum_9_L	Cerebelum_9_R	Cerebelum_10_L	Cerebelum_10_R	Vermis_1_2	Vermis_3	Vermis_4_5	Vermis_6	Vermis_7	Vermis_8	Vermis_9	Vermis_10	
585284	Precentral_L	0	4696	22026	1438	0	0	22732	246	0	0	14848	88	2416	106	234	0	15696	0	16882	5282	0	0	644	388	0	0	0	0	11248	0	1512	1354	596	2898	2360	930	10460	218	572	0	0	0	1114	0	0	0	474	0	634	0	4658	0	1172	0	2406	0	40352	0	1218	0	3612	0	4778	0	1312	0	1506	0	33674	1998	3636	3564	7786	0	3942	0	15854	2306	4020	0	5826	0	892	0	2036	0	0	0	4002	0	0	0	0	0	0	0	0	0	0	0	0	0	0	0	0	0	0	0	0	0	0	0	0	0	0	0	
344804	Precentral_R	4696	0	2166	7800	0	0	266	12266	0	0	0	5088	0	660	0	0	0	380	7804	17552	0	0	180	0	0	0	0	0	166	1674	238	462	626	3098	168	738	138	10844	0	6708	0	0	0	306	0	626	0	128	0	1022	0	664	0	2154	0	7490	98	9858	0	230	0	540	0	1474	0	0	0	1258	7598	9498	1132	14054	604	5462	102	270	930	21456	0	0	0	118	0	0	0	326	0	0	0	1286	0	0	0	0	0	0	0	0	0	0	0	0	0	0	0	0	0	0	0	0	0	0	0	0	0	0	
1.05507e+06	Frontal_Sup_L	22026	2166	0	18330	8330	0	84848	4322	3988	0	18114	428	23496	600	8472	0	9480	276	79670	16320	0	0	52746	19554	3442	0	1200	0	22828	868	25956	16056	14872	16064	0	0	2252	280	0	230	0	0	0	0	0	0	0	0	0	0	278	0	0	0	800	238	9642	0	0	0	428	0	792	0	0	0	0	0	798	104	7350	2648	18882	1066	1562	152	512	0	810	0	2438	0	284	0	404	0	0	0	1132	0	0	0	0	0	0	0	0	0	0	0	0	0	0	0	0	0	0	0	0	0	0	0	0	0	0	0	
933176	Frontal_Sup_R	1438	7800	18330	0	0	5652	2392	44624	0	1672	1320	7878	436	8206	0	4262	1030	3404	23462	59568	0	0	20026	51086	172	3906	0	1932	1234	9768	13942	47616	6242	28568	0	0	0	8026	0	5330	0	0	0	368	0	286	0	250	0	552	0	432	0	582	0	6286	412	826	0	0	0	0	0	0	0	0	0	514	508	564	3566	23006	940	29188	94	4860	142	900	0	0	306	682	0	188	0	446	0	0	0	1368	0	0	0	0	0	0	0	0	0	0	0	0	0	0	0	0	0	0	0	0	0	0	0	0	0	0	
120284	Frontal_Sup_Orb_L	0	0	8330	0	0	0	854	0	8630	0	0	0	0	0	8932	0	0	0	0	0	836	0	3816	344	8276	0	5840	0	4112	0	2282	100	0	0	0	0	0	0	0	0	0	0	0	0	0	0	0	0	0	0	0	0	0	0	0	0	0	0	0	0	0	0	0	0	0	0	0	0	0	0	704	0	6470	0	0	0	0	0	0	0	0	0	616	0	0	0	0	0	0	0	0	0	0	0	0	0	0	0	0	0	0	0	0	0	0	0	0	0	0	0	0	0	0	0	0	0	
78184	Frontal_Sup_Orb_R	0	0	0	5652	0	0	0	0	0	962	0	0	0	0	0	2162	0	0	0	0	0	600	92	3412	252	7510	0	7574	0	434	596	1724	0	0	0	0	0	0	0	0	0	0	0	0	0	0	0	0	0	0	0	0	0	0	0	0	0	0	0	0	0	0	0	0	0	0	0	0	0	0	0	2816	0	5306	0	0	0	0	0	0	0	0	0	0	0	0	0	0	0	0	0	0	0	0	0	0	0	0	0	0	0	0	0	0	0	0	0	0	0	0	0	0	0	0	0	0	
588536	Frontal_Mid_L	22732	266	84848	2392	854	0	0	472	4380	0	21376	0	47140	0	14540	0	3876	0	17824	1988	0	0	13534	3594	0	0	0	0	18928	0	5932	2012	4710	3060	0	0	1962	0	0	0	0	0	0	0	0	0	0	0	0	0	272	0	90	0	272	0	3930	0	0	0	92	0	166	0	0	0	0	0	534	124	1388	496	7310	0	326	0	250	0	666	0	688	0	362	0	238	0	0	0	644	0	0	0	0	0	0	0	0	0	0	0	0	0	0	0	0	0	0	0	0	0	0	0	0	0	0	0	
384692	Frontal_Mid_R	246	12266	4322	44624	0	0	472	0	0	2334	154	13212	0	19810	0	5124	276	2210	8830	14068	0	0	1488	9090	0	0	0	0	364	7752	876	11122	922	6374	0	0	0	3052	0	2704	0	0	0	0	0	0	0	0	0	0	0	0	0	0	0	2846	0	150	0	0	0	0	0	0	0	0	0	0	0	0	2532	7230	282	6448	0	0	192	836	0	0	138	0	0	0	0	0	0	0	0	0	0	0	0	0	0	0	0	0	0	0	0	0	0	0	0	0	0	0	0	0	0	0	0	0	0	0	
68688	Frontal_Mid_Orb_L	0	0	3988	0	8630	0	4380	0	0	0	0	0	1178	0	10954	0	0	0	0	0	0	0	198	0	296	0	770	0	2054	0	118	0	0	0	0	0	0	0	0	0	0	0	0	0	0	0	0	0	0	0	0	0	0	0	0	0	0	0	0	0	0	0	0	0	0	0	0	0	0	0	0	0	1402	0	0	0	0	0	0	0	0	0	376	0	0	0	0	0	0	0	0	0	0	0	0	0	0	0	0	0	0	0	0	0	0	0	0	0	0	0	0	0	0	0	0	0	
19788	Frontal_Mid_Orb_R	0	0	0	1672	0	962	0	2334	0	0	0	0	0	182	0	2584	0	0	0	360	0	0	0	0	0	166	0	286	0	98	0	434	0	0	0	0	0	0	0	0	0	0	0	0	0	0	0	0	0	0	0	0	0	0	0	0	0	0	0	0	0	0	0	0	0	0	0	0	0	0	0	460	0	356	0	0	0	0	0	0	0	0	0	0	0	0	0	0	0	0	0	0	0	0	0	0	0	0	0	0	0	0	0	0	0	0	0	0	0	0	0	0	0	0	0	0	
300492	Frontal_Inf_Oper_L	14848	0	18114	1320	0	0	21376	154	0	0	0	86	23820	100	1770	0	11368	0	9262	1430	0	0	3044	740	0	0	0	0	15206	0	4878	1760	2766	1686	0	0	482	0	0	0	0	0	0	0	0	0	0	0	0	0	0	0	0	0	176	0	6650	0	0	0	126	0	154	0	0	0	0	0	0	0	184	0	2290	0	0	0	0	0	546	0	3348	0	2062	0	380	0	0	0	120	0	0	0	0	0	0	0	0	0	0	0	0	0	0	0	0	0	0	0	0	0	0	0	0	0	0	0	
175644	Frontal_Inf_Oper_R	88	5088	428	7878	0	0	0	13212	0	0	86	0	0	13888	0	914	0	3860	2762	8454	0	0	0	1090	0	0	0	0	0	10272	360	2704	0	2450	0	0	0	2494	0	1998	0	0	0	0	0	0	0	0	0	0	0	0	0	0	0	1978	0	342	0	0	0	0	0	0	0	0	0	0	0	0	0	1676	0	4860	0	0	0	0	0	0	0	0	0	940	0	0	0	0	0	0	0	0	0	0	0	0	0	0	0	0	0	0	0	0	0	0	0	0	0	0	0	0	0	0	0	0	
317232	Frontal_Inf_Tri_L	2416	0	23496	436	0	0	47140	0	1178	0	23820	0	0	0	17564	0	2054	0	6676	724	0	0	1864	372	0	0	0	0	18182	0	1430	526	4104	856	0	0	0	0	0	0	0	0	0	0	0	0	0	0	0	0	0	0	0	0	0	0	1364	0	0	0	0	0	0	0	0	0	0	0	0	0	136	0	402	0	0	0	0	0	0	0	1246	0	2224	0	406	0	0	0	0	0	0	0	0	0	0	0	0	0	0	0	0	0	0	0	0	0	0	0	0	0	0	0	0	0	0	0	
155296	Frontal_Inf_Tri_R	106	660	600	8206	0	0	0	19810	0	182	100	13888	0	0	0	2164	90	1636	3634	7942	0	0	0	640	0	0	0	0	0	6766	286	1520	0	3884	0	0	0	990	0	776	0	0	0	0	0	0	0	0	0	0	0	0	0	0	0	852	0	0	0	0	0	0	0	0	0	0	0	0	0	0	0	778	0	2138	0	0	0	0	0	0	0	0	0	0	0	0	0	0	0	0	0	0	0	0	0	0	0	0	0	0	0	0	0	0	0	0	0	0	0	0	0	0	0	0	0	0	
182492	Frontal_Inf_Orb_L	234	0	8472	0	8932	0	14540	0	10954	0	1770	0	17564	0	0	0	440	0	820	0	1380	0	162	0	110	0	718	0	16012	0	260	0	604	0	0	0	286	0	186	0	326	0	0	0	0	0	0	0	0	0	0	0	0	0	0	0	94	0	0	0	0	0	0	0	0	0	0	0	0	0	280	0	5000	0	0	0	0	0	0	0	184	0	1918	0	0	0	0	0	0	0	0	0	0	0	0	0	0	0	0	0	0	0	0	0	0	0	0	0	0	0	0	0	0	0	0	0	
61844	Frontal_Inf_Orb_R	0	0	0	4262	0	2162	0	5124	0	2584	0	914	0	2164	0	0	0	0	0	732	0	1448	0	150	0	0	0	1726	0	5004	0	620	0	0	0	0	0	0	0	0	0	0	0	0	0	0	0	0	0	0	0	0	0	0	0	0	0	0	0	0	0	0	0	0	0	0	0	0	0	0	0	894	0	2020	0	0	0	0	0	0	0	406	0	712	0	0	0	0	0	0	0	0	0	0	0	0	0	0	0	0	0	0	0	0	0	0	0	0	0	0	0	0	0	0	0	0	
299208	Rolandic_Oper_L	15696	0	9480	1030	0	0	3876	276	0	0	11368	0	2054	90	440	0	0	0	12302	1088	0	0	802	470	0	0	0	0	25814	0	2104	1248	336	1040	0	0	3026	0	124	0	0	0	0	0	0	0	0	0	0	0	1010	0	1526	0	3526	0	16202	0	0	0	422	0	3158	0	402	0	0	0	114	0	1080	690	3060	0	172	0	106	0	7826	0	10442	0	1714	0	2046	0	0	0	2896	0	290	0	0	0	0	0	0	0	258	0	0	0	0	0	0	0	0	0	0	0	0	0	0	0	0	0	
91216	Rolandic_Oper_R	0	380	276	3404	0	0	0	2210	0	0	0	3860	0	1636	0	0	0	0	982	3914	0	0	0	0	0	0	0	0	0	10328	144	296	0	652	0	0	0	1218	0	1124	0	0	0	0	0	122	0	0	0	372	0	146	0	328	0	1282	0	3732	0	0	0	0	0	2458	0	0	0	256	0	0	0	0	0	1406	0	0	0	0	0	1172	0	2574	0	652	0	286	0	0	0	398	0	0	0	0	0	0	0	0	0	0	0	0	0	0	0	0	0	0	0	0	0	0	0	0	0	0	
882104	Supp_Motor_Area_L	16882	7804	79670	23462	0	0	17824	8830	0	0	9262	2762	6676	3634	820	0	12302	982	0	54092	0	0	14386	6536	0	0	0	0	18516	1502	16326	14078	20044	28134	2514	0	1154	710	0	522	0	0	0	0	0	0	0	0	0	0	0	0	0	0	596	520	10868	532	0	0	412	0	960	0	0	0	264	0	5952	686	11182	3384	21518	1480	3354	416	284	90	1286	0	5568	0	778	0	752	0	0	0	746	0	0	0	0	0	0	0	0	0	0	0	0	0	0	0	0	0	0	0	0	0	0	0	0	0	0	0	
776716	Supp_Motor_Area_R	5282	17552	16320	59568	0	0	1988	14068	0	360	1430	8454	724	7942	0	732	1088	3914	54092	0	0	0	6140	13108	0	0	0	0	802	7988	4018	17730	9428	49794	520	3910	0	4222	0	2890	0	0	0	128	0	0	0	114	0	148	0	138	0	1136	0	3408	596	1266	0	0	0	0	0	0	0	0	0	358	12130	13466	614	16174	448	13916	0	1270	274	6764	0	0	228	306	0	432	0	0	0	0	0	980	0	0	0	0	0	0	0	0	0	0	0	0	0	0	0	0	0	0	0	0	0	0	0	0	0	0	
59368	Olfactory_L	0	0	0	0	836	0	0	0	0	0	0	0	0	0	1380	0	0	0	0	0	0	3044	0	0	510	130	588	0	2336	0	2742	696	0	0	0	0	1178	0	740	0	1412	0	0	0	0	0	0	0	0	0	0	0	0	0	776	0	0	0	0	0	0	0	0	0	0	0	0	0	0	0	5168	2826	4098	496	380	0	0	0	0	0	0	0	258	0	0	0	0	0	90	0	0	0	0	0	0	0	0	0	0	0	0	0	0	0	0	0	0	0	0	0	0	0	0	0	0	0	
48564	Olfactory_R	0	0	0	0	0	600	0	0	0	0	0	0	0	0	0	1448	0	0	0	0	3044	0	0	0	0	644	118	1392	0	1392	1806	1446	0	0	0	0	0	0	0	118	0	240	0	0	0	0	0	0	0	0	0	0	0	0	0	0	0	0	0	0	0	0	0	0	0	0	0	0	0	0	3578	5020	2078	534	596	132	0	0	0	0	0	0	0	96	0	0	0	0	0	0	0	0	0	0	0	0	0	0	0	0	0	0	0	0	0	0	0	0	0	0	0	0	0	0	0	0	
504524	Frontal_Sup_Medial_L	644	180	52746	20026	3816	92	13534	1488	198	0	3044	0	1864	0	162	0	802	0	14386	6140	0	0	0	36382	3594	1098	242	0	2222	240	29420	21046	10656	19970	0	0	0	0	0	0	0	0	0	0	0	0	0	0	0	0	0	0	0	0	0	0	344	0	0	0	0	0	0	0	0	0	0	0	0	0	2086	734	4618	332	0	156	0	0	0	0	0	0	0	0	0	0	0	0	0	0	0	0	0	0	0	0	0	0	0	0	0	0	0	0	0	0	0	0	0	0	0	0	0	0	0	0	
526140	Frontal_Sup_Medial_R	388	0	19554	51086	344	3412	3594	9090	0	0	740	1090	372	640	0	150	470	0	6536	13108	0	0	36382	0	560	6848	0	2046	774	1296	15226	39402	3906	20386	0	0	0	0	0	0	0	0	0	0	0	0	0	0	0	0	0	0	0	0	0	0	162	0	0	0	0	0	0	0	0	0	0	0	108	0	2092	12838	754	7786	0	1784	0	0	0	0	146	0	0	0	0	0	0	0	0	0	0	0	0	0	0	0	0	0	0	0	0	0	0	0	0	0	0	0	0	0	0	0	0	0	0	0	
70468	Frontal_Med_Orb_L	0	0	3442	172	8276	252	0	0	296	0	0	0	0	0	110	0	0	0	0	0	510	0	3594	560	0	1684	4764	376	0	0	5106	1274	0	0	0	0	0	0	0	0	0	0	0	0	0	0	0	0	0	0	0	0	0	0	0	0	0	0	0	0	0	0	0	0	0	0	0	0	0	0	1524	592	2434	268	0	0	0	0	0	0	0	0	0	0	0	0	0	0	0	0	0	0	0	0	0	0	0	0	0	0	0	0	0	0	0	0	0	0	0	0	0	0	0	0	0	0	
103576	Frontal_Med_Orb_R	0	0	0	3906	0	7510	0	0	0	166	0	0	0	0	0	0	0	0	0	0	130	644	1098	6848	1684	0	170	7408	0	0	3130	6584	0	0	0	0	0	0	0	0	0	0	0	0	0	0	0	0	0	0	0	0	0	0	0	0	0	0	0	0	0	0	0	0	0	0	0	0	0	0	296	6888	112	5214	0	0	0	0	0	0	0	0	0	0	0	0	0	0	0	0	0	0	0	0	0	0	0	0	0	0	0	0	0	0	0	0	0	0	0	0	0	0	0	0	0	0	
42868	Rectus_L	0	0	1200	0	5840	0	0	0	770	0	0	0	0	0	718	0	0	0	0	0	588	118	242	0	4764	170	0	0	192	0	2566	184	0	0	0	0	0	0	0	0	0	0	0	0	0	0	0	0	0	0	0	0	0	0	0	0	0	0	0	0	0	0	0	0	0	0	0	0	0	0	1660	142	2280	0	0	0	0	0	0	0	0	0	0	0	0	0	0	0	0	0	0	0	0	0	0	0	0	0	0	0	0	0	0	0	0	0	0	0	0	0	0	0	0	0	0	0	
61500	Rectus_R	0	0	0	1932	0	7574	0	0	0	286	0	0	0	0	0	1726	0	0	0	0	0	1392	0	2046	376	7408	0	0	0	660	326	1428	0	0	0	0	0	0	0	0	0	0	0	0	0	0	0	0	0	0	0	0	0	0	0	0	0	0	0	0	0	0	0	0	0	0	0	0	0	0	0	2856	0	2740	0	0	0	0	0	0	0	0	0	0	0	0	0	0	0	0	0	0	0	0	0	0	0	0	0	0	0	0	0	0	0	0	0	0	0	0	0	0	0	0	0	0	
565840	Insula_L	11248	166	22828	1234	4112	0	18928	364	2054	0	15206	0	18182	0	16012	0	25814	0	18516	802	2336	0	2222	774	0	0	192	0	0	0	4068	1720	698	916	320	86	15770	106	1198	0	1164	0	92	0	0	0	120	0	0	0	1070	0	1770	0	10518	0	7916	0	0	0	366	0	1180	0	352	0	288	0	238	0	2614	906	26382	0	0	0	574	0	9876	0	13292	0	4668	0	3510	0	206	0	9190	0	318	0	0	0	0	0	0	0	438	0	0	0	0	0	0	0	0	0	0	0	0	0	0	0	0	0	
267512	Insula_R	0	1674	868	9768	0	434	0	7752	0	98	0	10272	0	6766	0	5004	0	10328	1502	7988	0	1392	240	1296	0	0	0	660	0	0	244	2342	240	1162	0	0	0	10994	0	8822	0	0	0	150	0	200	0	276	0	612	0	264	0	1416	0	9806	0	858	0	0	0	0	0	778	0	340	0	574	0	0	404	2104	0	18284	0	166	0	0	0	1340	0	3142	0	992	0	1288	0	0	0	916	0	0	0	0	0	0	0	0	0	0	0	0	0	0	0	0	0	0	0	0	0	0	0	0	0	0	
474416	Cingulum_Ant_L	1512	238	25956	13942	2282	596	5932	876	118	0	4878	360	1430	286	260	0	2104	144	16326	4018	2742	1806	29420	15226	5106	3130	2566	326	4068	244	0	28314	11646	10014	0	0	0	100	0	94	0	0	0	0	0	0	0	0	0	0	0	0	0	0	0	94	650	0	0	0	0	0	0	0	0	0	0	0	0	0	17132	5160	15270	1270	382	676	0	0	86	0	320	0	108	0	0	0	0	0	0	0	0	0	0	0	0	0	0	0	0	0	0	0	0	0	0	0	0	0	0	0	0	0	0	0	0	0	
628260	Cingulum_Ant_R	1354	462	16056	47616	100	1724	2012	11122	0	434	1760	2704	526	1520	0	620	1248	296	14078	17730	696	1446	21046	39402	1274	6584	184	1428	1720	2342	28314	0	6376	26092	0	0	0	368	0	316	0	0	0	0	0	0	0	0	0	0	0	0	0	0	0	320	288	0	0	0	0	0	0	0	0	0	0	98	382	0	6284	28708	3114	11142	428	3216	148	770	0	0	282	0	0	0	0	0	0	0	0	0	0	0	0	0	0	0	0	0	0	0	0	0	0	0	0	0	0	0	0	0	0	0	0	0	0	0	
275336	Cingulum_Mid_L	596	626	14872	6242	0	0	4710	922	0	0	2766	0	4104	0	604	0	336	0	20044	9428	0	0	10656	3906	0	0	0	0	698	240	11646	6376	0	18340	4906	554	0	0	0	0	0	0	188	436	0	438	0	316	820	382	980	0	154	0	0	280	616	0	164	0	0	0	0	0	0	0	2600	858	4702	642	474	128	426	102	390	0	0	0	0	0	0	0	0	0	0	0	0	0	0	0	0	0	0	0	0	0	0	0	0	0	0	0	0	0	0	0	0	0	0	0	0	0	0	0	0	0	
604636	Cingulum_Mid_R	2898	3098	16064	28568	0	0	3060	6374	0	0	1686	2450	856	3884	0	0	1040	652	28134	49794	0	0	19970	20386	0	0	0	0	916	1162	10014	26092	18340	0	788	10798	0	336	0	306	0	0	0	1250	0	1506	0	1160	0	928	0	1500	0	268	0	1214	342	1678	0	330	0	160	0	344	0	130	368	6464	7728	13712	592	2052	432	366	0	254	0	394	0	0	200	0	0	0	0	360	0	0	0	920	0	0	0	0	0	0	0	0	0	0	0	0	0	0	0	0	0	0	0	0	0	0	0	0	0	0	
135668	Cingulum_Post_L	2360	168	0	0	0	0	0	0	0	0	0	0	0	0	0	0	0	0	2514	520	0	0	0	0	0	0	0	0	320	0	0	0	4906	788	0	5954	4664	2228	2654	314	0	0	5362	0	464	0	3560	196	196	0	552	0	412	0	1474	0	3422	0	796	0	132	0	0	0	116	0	10262	854	8476	290	0	164	104	0	0	0	1888	1168	156	0	0	0	0	0	0	0	0	0	400	0	0	0	0	0	0	0	0	0	0	0	0	0	0	0	0	0	0	0	0	0	0	0	0	0	0	0	
129484	Cingulum_Post_R	930	738	0	0	0	0	0	0	0	0	0	0	0	0	0	0	0	0	0	3910	0	0	0	0	0	0	0	0	86	0	0	0	554	10798	5954	0	2096	4814	664	2090	0	0	0	670	0	680	0	2344	0	174	0	180	0	700	384	1926	0	550	0	0	0	0	0	0	0	0	778	8554	1504	6438	0	0	0	194	0	0	3424	2410	0	118	0	190	0	0	0	0	0	0	104	578	0	0	0	0	0	0	0	0	0	0	0	0	0	0	0	0	0	0	0	0	208	0	0	0	0	0	
284436	Hippocampus_L	10460	138	2252	0	0	0	1962	0	0	0	482	0	0	0	286	0	3026	0	1154	0	1178	0	0	0	0	0	0	0	15770	0	0	0	0	0	4664	2096	0	2030	11662	322	6564	0	2640	0	0	0	3522	0	0	0	136	0	252	0	22742	0	3610	0	0	0	296	0	878	0	0	0	4224	208	736	0	226	0	8210	0	282	0	3848	926	3088	0	4592	0	1058	0	1674	0	352	0	13998	0	0	0	0	0	0	0	0	0	674	0	0	0	0	0	0	0	0	0	0	0	0	0	0	0	0	0	
431516	Hippocampus_R	218	10844	280	8026	0	0	0	3052	0	0	0	2494	0	990	0	0	0	1218	710	4222	0	0	0	0	0	0	0	0	106	10994	100	368	0	336	2228	4814	2030	0	734	42408	0	7742	0	820	0	116	106	3112	0	266	0	142	0	6964	394	43884	0	1240	0	0	0	0	0	384	0	0	534	4568	164	1484	92	438	0	26786	0	1702	2178	4154	0	176	0	534	0	2888	0	422	0	642	102	6788	0	0	0	0	0	0	0	298	0	188	0	0	0	0	0	0	0	0	0	0	278	0	0	0	0	0	
104772	ParaHippocampal_L	572	0	0	0	0	0	0	0	0	0	0	0	0	0	186	0	124	0	0	0	740	0	0	0	0	0	0	0	1198	0	0	0	0	0	2654	664	11662	734	0	178	3672	0	2940	0	0	0	6138	164	0	0	340	0	1108	0	10920	0	210	0	0	0	0	0	116	0	0	0	3990	88	0	0	0	0	670	0	0	0	310	180	150	0	148	0	664	0	0	0	320	0	1210	0	0	0	0	0	0	0	0	0	128	0	0	0	0	0	0	0	0	0	0	208	0	0	0	0	0	0	
363864	ParaHippocampal_R	0	6708	230	5330	0	0	0	2704	0	0	0	1998	0	776	0	0	0	1124	522	2890	0	118	0	0	0	0	0	0	0	8822	94	316	0	306	314	2090	322	42408	178	0	0	6224	0	1390	0	94	0	4634	0	180	0	118	0	8800	88	40210	0	1696	0	0	0	0	0	262	0	0	0	4560	0	1772	0	296	0	18580	0	904	206	1126	0	162	0	432	0	3450	0	250	0	1750	0	6076	0	0	0	0	0	0	0	894	0	260	0	0	0	0	0	0	0	0	0	0	268	0	0	0	0	0	
42768	Amygdala_L	0	0	0	0	0	0	0	0	0	0	0	0	0	0	326	0	0	0	0	0	1412	0	0	0	0	0	0	0	1164	0	0	0	0	0	0	0	6564	0	3672	0	0	0	0	0	0	0	0	0	0	0	0	0	0	0	5498	0	0	0	0	0	0	0	0	0	0	0	0	0	0	0	0	0	756	0	0	0	0	0	0	0	0	0	632	0	0	0	240	0	1120	0	0	0	0	0	0	0	0	0	0	0	0	0	0	0	0	0	0	0	0	0	0	0	0	0	0	0	
49416	Amygdala_R	0	0	0	0	0	0	0	0	0	0	0	0	0	0	0	0	0	0	0	0	0	240	0	0	0	0	0	0	0	0	0	0	0	0	0	0	0	7742	0	6224	0	0	0	0	0	0	0	0	0	0	0	0	0	0	0	5930	0	0	0	0	0	0	0	0	0	0	0	0	0	0	0	0	0	546	0	0	0	0	0	0	0	0	0	2898	0	0	0	448	0	590	0	0	0	0	0	0	0	0	0	90	0	0	0	0	0	0	0	0	0	0	0	0	0	0	0	0	
241604	Calcarine_L	1114	0	0	0	0	0	0	0	0	0	0	0	0	0	0	0	0	0	0	0	0	0	0	0	0	0	0	0	92	0	0	0	188	0	5362	0	2640	0	2940	0	0	0	0	4552	7644	3592	16686	1474	9792	1228	20866	104	7184	0	5162	110	2088	0	846	582	0	0	0	0	1124	0	18264	766	1356	0	0	0	96	0	0	0	0	0	0	0	0	0	0	0	2228	0	0	0	2584	0	138	0	0	0	0	0	0	0	0	0	0	0	0	0	0	0	0	0	0	0	0	0	0	0	0	0	
365092	Calcarine_R	0	306	0	368	0	0	0	0	0	0	0	0	0	0	0	0	0	0	0	128	0	0	0	0	0	0	0	0	0	150	0	0	436	1250	0	670	0	820	0	1390	0	0	4552	0	2880	38772	1718	20754	0	32876	0	11370	0	6156	0	13732	0	2828	0	4086	0	488	0	272	0	282	356	24200	0	2354	0	160	0	226	0	100	0	0	0	0	0	88	0	0	0	3020	0	0	0	5382	0	0	0	0	0	0	0	150	0	0	0	0	0	0	0	0	0	0	0	0	0	226	0	0	0	0	
108520	Cuneus_L	0	0	0	0	0	0	0	0	0	0	0	0	0	0	0	0	0	0	0	0	0	0	0	0	0	0	0	0	0	0	0	0	0	0	464	0	0	0	0	0	0	0	7644	2880	0	5022	818	648	14880	1606	7702	102	502	0	0	106	222	0	2322	684	0	0	0	0	356	0	6896	1142	264	0	0	0	0	0	0	0	0	0	0	0	0	0	0	0	0	0	0	0	0	0	0	0	0	0	0	0	0	0	0	0	0	0	0	0	0	0	0	0	0	0	0	0	0	0	0	0	
438836	Cuneus_R	0	626	0	286	0	0	0	0	0	0	0	0	0	0	0	0	0	122	0	0	0	0	0	0	0	0	0	0	0	200	0	0	438	1506	0	680	0	116	0	94	0	0	3592	38772	5022	0	794	9614	236	51992	0	17828	0	2430	0	6444	0	5954	0	15710	0	1954	0	586	0	2546	3262	37012	0	1770	0	106	0	0	0	0	0	0	0	0	0	120	0	0	0	6808	0	0	0	2798	0	0	0	0	0	0	0	0	0	0	0	0	0	0	0	0	0	0	0	0	0	0	0	0	0	0	
221948	Lingual_L	474	0	0	0	0	0	0	0	0	0	0	0	0	0	0	0	0	0	0	0	0	0	0	0	0	0	0	0	120	0	0	0	0	0	3560	0	3522	106	6138	0	0	0	16686	1718	818	794	0	1786	1962	686	13964	204	7636	0	15266	278	740	0	252	0	0	0	0	0	252	0	8638	114	388	0	0	0	132	0	0	0	0	106	0	0	146	0	0	0	0	0	0	0	822	0	4068	752	516	0	368	0	5346	248	7064	1068	110	0	292	0	0	0	0	0	0	128	1202	1992	512	0	0	0	
261808	Lingual_R	0	128	0	250	0	0	0	0	0	0	0	0	0	0	0	0	0	0	0	114	0	0	0	0	0	0	0	0	0	276	0	0	316	1160	196	2344	0	3112	164	4634	0	0	1474	20754	648	9614	1786	0	0	9540	0	4082	0	4216	612	19886	0	662	0	372	0	136	0	0	0	92	170	10534	0	1332	0	0	0	462	0	0	0	100	0	0	0	0	0	0	0	154	0	0	0	1320	542	6028	0	324	0	204	920	3848	1738	7540	0	0	0	194	0	0	0	0	0	0	2904	5126	896	0	0	0	
149536	Occipital_Sup_L	634	0	0	0	0	0	0	0	0	0	0	0	0	0	0	0	0	0	0	0	0	0	0	0	0	0	0	0	0	0	0	0	820	0	196	0	0	0	0	0	0	0	9792	0	14880	236	1962	0	0	0	26642	0	1518	0	136	0	674	0	5382	0	872	0	0	0	1124	0	9308	0	490	0	0	0	0	0	0	0	0	0	0	0	0	0	0	0	102	0	0	0	0	0	0	0	0	0	0	0	0	0	0	0	0	0	0	0	0	0	0	0	0	0	0	0	0	0	0	0	
460736	Occipital_Sup_R	0	1022	0	552	0	0	0	0	0	0	0	0	0	0	0	0	0	372	0	148	0	0	0	0	0	0	0	0	0	612	0	0	382	928	0	174	0	266	0	180	0	0	1228	32876	1606	51992	686	9540	0	0	0	34190	0	3724	0	7992	0	6902	0	20570	0	3166	0	1340	0	9494	214	28008	0	1778	0	0	0	0	0	0	0	0	0	0	0	226	0	0	0	7362	0	0	0	2838	0	0	0	0	0	0	0	0	0	0	0	0	0	0	0	0	0	0	0	0	0	0	0	0	0	0	
404224	Occipital_Mid_L	4658	0	278	0	0	0	272	0	0	0	0	0	0	0	0	0	1010	0	0	0	0	0	0	0	0	0	0	0	1070	0	0	0	980	0	552	0	136	0	340	0	0	0	20866	0	7702	0	13964	0	26642	0	0	0	25172	0	4508	0	9218	0	13516	0	11416	0	394	0	19080	0	10368	0	2894	0	0	0	0	0	0	0	0	0	1114	0	398	0	0	0	18594	0	0	0	6970	0	0	0	0	0	0	0	0	0	0	0	0	0	0	0	0	0	0	0	0	0	0	0	0	0	0	0	
319100	Occipital_Mid_R	0	664	0	432	0	0	0	0	0	0	0	0	0	0	0	0	0	146	0	138	0	0	0	0	0	0	0	0	0	264	0	0	0	1500	0	180	0	142	0	118	0	0	104	11370	102	17828	204	4082	0	34190	0	0	0	6026	0	4060	0	4032	0	12852	0	6736	0	1704	0	20374	0	7052	0	2846	0	0	0	0	0	0	0	0	0	0	0	1230	0	0	0	16724	0	0	0	4450	0	0	0	0	0	0	0	0	0	0	0	0	0	0	0	0	0	0	0	0	0	0	0	0	0	0	
173948	Occipital_Inf_L	1172	0	0	0	0	0	90	0	0	0	0	0	0	0	0	0	1526	0	0	0	0	0	0	0	0	0	0	0	1770	0	0	0	154	0	412	0	252	0	1108	0	0	0	7184	0	502	0	7636	0	1518	0	25172	0	0	0	9800	0	1740	0	154	0	222	0	380	0	880	0	4050	0	826	0	0	0	0	0	0	0	0	0	1966	0	290	0	0	0	8162	0	0	0	9706	0	302	0	0	0	0	0	0	0	0	0	0	0	0	0	0	0	0	0	0	0	0	0	0	0	0	0	
174712	Occipital_Inf_R	0	2154	0	582	0	0	0	0	0	0	0	0	0	0	0	0	0	328	0	1136	0	0	0	0	0	0	0	0	0	1416	0	0	0	268	0	700	0	6964	0	8800	0	0	0	6156	0	2430	0	4216	0	3724	0	6026	0	0	0	19330	0	1846	0	102	0	0	0	150	0	150	0	2860	0	1936	0	0	0	312	0	0	0	0	0	0	0	186	0	0	0	1784	0	0	0	13800	0	0	0	0	0	0	0	0	0	0	0	0	0	0	0	0	0	0	0	0	0	0	0	0	0	0	
439472	Fusiform_L	2406	0	800	0	0	0	272	0	0	0	176	0	0	0	0	0	3526	0	596	0	776	0	0	0	0	0	0	0	10518	0	0	0	0	0	1474	384	22742	394	10920	88	5498	0	5162	0	0	0	15266	612	136	0	4508	0	9800	0	0	290	1916	0	0	0	156	0	422	0	196	0	4762	0	1344	0	0	0	2444	0	0	0	194	118	4548	0	4836	0	1784	0	3544	0	1132	0	18924	0	22488	904	2714	0	340	0	10800	258	29412	1524	1088	0	1060	0	140	104	0	0	0	0	1998	3086	832	0	178	146	
640632	Fusiform_R	0	7490	238	6286	0	0	0	2846	0	0	0	1978	0	852	0	0	0	1282	520	3408	0	0	0	0	0	0	0	0	0	9806	94	320	280	1214	0	1926	0	43884	0	40210	0	5930	110	13732	106	6444	278	19886	0	7992	0	4060	0	19330	290	0	0	4110	0	566	0	974	0	2284	0	886	0	10900	0	3844	0	306	0	19130	0	754	0	698	0	308	0	1518	0	5254	0	2362	0	2886	0	26364	256	10570	0	752	0	0	406	6282	892	12612	0	0	0	140	0	0	0	0	0	0	1680	2502	288	0	0	0	
387100	Postcentral_L	40352	98	9642	412	0	0	3930	0	0	0	6650	0	1364	0	94	0	16202	0	10868	596	0	0	344	162	0	0	0	0	7916	0	650	288	616	342	3422	0	3610	0	210	0	0	0	2088	0	222	0	740	0	674	0	9218	0	1740	0	1916	0	0	0	10620	0	14158	0	14052	0	4110	0	4542	0	3952	0	0	0	912	0	254	0	216	0	3280	0	5826	0	988	0	3834	0	0	0	2440	0	0	0	0	0	0	0	0	0	0	0	0	0	0	0	0	0	0	0	0	0	0	0	0	0	0	0	
218768	Postcentral_R	0	9858	0	826	0	0	0	150	0	0	0	342	0	0	0	0	0	3732	532	1266	0	0	0	0	0	0	0	0	0	858	0	0	0	1678	0	550	0	1240	0	1696	0	0	0	2828	0	5954	0	662	0	6902	0	4032	0	1846	0	4110	0	0	0	8768	0	8428	0	16804	0	3850	168	10116	0	4396	0	214	0	358	0	288	0	0	0	0	0	1242	0	0	0	2424	0	0	0	3266	0	0	0	0	0	0	0	0	0	0	0	0	0	0	0	0	0	0	0	0	0	0	0	0	0	0	
156272	Parietal_Sup_L	1218	0	0	0	0	0	0	0	0	0	0	0	0	0	0	0	0	0	0	0	0	0	0	0	0	0	0	0	0	0	0	0	164	0	796	0	0	0	0	0	0	0	846	0	2322	0	252	0	5382	0	13516	0	154	0	0	0	10620	0	0	0	17390	0	1108	0	10444	0	11884	0	636	0	0	0	0	0	0	0	0	0	0	0	0	0	0	0	1224	0	0	0	180	0	0	0	0	0	0	0	0	0	0	0	0	0	0	0	0	0	0	0	0	0	0	0	0	0	0	0	
239440	Parietal_Sup_R	0	230	0	0	0	0	0	0	0	0	0	0	0	0	0	0	0	0	0	0	0	0	0	0	0	0	0	0	0	0	0	0	0	330	0	0	0	0	0	0	0	0	582	4086	684	15710	0	372	0	20570	0	12852	0	102	0	566	0	8768	0	0	0	11208	0	3946	0	18326	176	16900	0	410	0	0	0	0	0	0	0	0	0	0	0	304	0	0	0	2560	0	0	0	1038	0	0	0	0	0	0	0	0	0	0	0	0	0	0	0	0	0	0	0	0	0	0	0	0	0	0	
250840	Parietal_Inf_L	3612	0	428	0	0	0	92	0	0	0	126	0	0	0	0	0	422	0	412	0	0	0	0	0	0	0	0	0	366	0	0	0	0	0	132	0	296	0	0	0	0	0	0	0	0	0	0	0	872	0	11416	0	222	0	156	0	14158	0	17390	0	0	0	17322	0	36960	0	1022	0	570	0	0	0	0	0	0	0	0	0	228	0	752	0	0	0	13402	0	0	0	5064	0	0	0	0	0	0	0	0	0	0	0	0	0	0	0	0	0	0	0	0	0	0	0	0	0	0	0	
142796	Parietal_Inf_R	0	540	0	0	0	0	0	0	0	0	0	0	0	0	0	0	0	0	0	0	0	0	0	0	0	0	0	0	0	0	0	0	0	160	0	0	0	0	0	0	0	0	0	488	0	1954	0	136	0	3166	0	6736	0	0	0	974	0	8428	0	11208	0	0	0	12674	0	17262	0	2700	0	220	0	0	0	0	0	0	0	0	0	0	0	1324	0	0	0	2122	0	0	0	1306	0	0	0	0	0	0	0	0	0	0	0	0	0	0	0	0	0	0	0	0	0	0	0	0	0	0	
136424	SupraMarginal_L	4778	0	792	0	0	0	166	0	0	0	154	0	0	0	0	0	3158	0	960	0	0	0	0	0	0	0	0	0	1180	0	0	0	0	0	0	0	878	0	116	0	0	0	0	0	0	0	0	0	0	0	394	0	380	0	422	0	14052	0	1108	0	17322	0	0	0	8290	0	0	0	92	0	0	0	268	0	0	0	0	0	832	0	3316	0	0	0	7930	0	0	0	1624	0	0	0	0	0	0	0	0	0	0	0	0	0	0	0	0	0	0	0	0	0	0	0	0	0	0	0	
154916	SupraMarginal_R	0	1474	0	0	0	0	0	0	0	0	0	0	0	0	0	0	0	2458	0	0	0	0	0	0	0	0	0	0	0	778	0	0	0	344	0	0	0	384	0	262	0	0	0	272	0	586	0	0	0	1340	0	1704	0	150	0	2284	0	16804	0	3946	0	12674	0	0	0	12308	0	1188	0	416	0	0	0	0	0	0	0	0	0	0	0	8152	0	0	0	5736	0	0	0	4198	0	0	0	0	0	0	0	0	0	0	0	0	0	0	0	0	0	0	0	0	0	0	0	0	0	0	
225588	Angular_L	1312	0	0	0	0	0	0	0	0	0	0	0	0	0	0	0	402	0	0	0	0	0	0	0	0	0	0	0	352	0	0	0	0	0	116	0	0	0	0	0	0	0	1124	0	356	0	252	0	1124	0	19080	0	880	0	196	0	4110	0	10444	0	36960	0	8290	0	0	0	728	0	742	0	0	0	0	0	0	0	0	0	304	0	788	0	0	0	19568	0	0	0	5666	0	0	0	0	0	0	0	0	0	0	0	0	0	0	0	0	0	0	0	0	0	0	0	0	0	0	0	
227020	Angular_R	0	0	0	0	0	0	0	0	0	0	0	0	0	0	0	0	0	0	0	0	0	0	0	0	0	0	0	0	0	340	0	0	0	130	0	0	0	0	0	0	0	0	0	282	0	2546	0	92	0	9494	0	20374	0	150	0	886	0	3850	0	18326	0	17262	0	12308	0	0	0	2800	0	306	0	0	0	0	0	0	0	0	0	0	0	7864	0	0	0	13554	0	0	0	2946	0	0	0	0	0	0	0	0	0	0	0	0	0	0	0	0	0	0	0	0	0	0	0	0	0	0	
243784	Precuneus_L	1506	0	0	0	0	0	0	0	0	0	0	0	0	0	0	0	0	0	264	0	0	0	0	0	0	0	0	0	288	0	0	0	2600	368	10262	778	4224	534	3990	0	0	0	18264	356	6896	3262	8638	170	9308	214	10368	0	4050	0	4762	0	4542	168	11884	176	1022	0	0	0	728	0	0	5436	3382	0	0	0	96	0	0	0	108	0	162	0	0	0	0	0	578	0	0	0	2352	0	156	0	0	0	0	0	0	0	0	0	0	0	0	0	0	0	0	0	0	0	0	0	0	0	0	0	
422072	Precuneus_R	0	1258	0	514	0	0	0	0	0	0	0	0	0	0	0	0	0	256	0	358	0	0	0	0	0	0	0	0	0	574	0	98	858	6464	854	8554	208	4568	88	4560	0	0	766	24200	1142	37012	114	10534	0	28008	0	7052	0	2860	0	10900	0	10116	0	16900	0	2700	0	1188	0	2800	5436	0	0	6568	0	190	0	336	0	118	344	354	0	102	0	354	0	0	0	4324	0	0	0	6330	0	0	0	0	0	0	0	416	0	0	0	0	0	0	0	0	0	0	0	0	660	0	0	0	0	0	
265044	Paracentral_Lobule_L	33674	7598	798	508	0	0	534	0	0	0	0	0	0	0	0	0	114	0	5952	12130	0	0	0	108	0	0	0	0	238	0	0	382	4702	7728	8476	1504	736	164	0	0	0	0	1356	0	264	0	388	0	490	0	2894	0	826	0	1344	0	3952	0	636	0	570	0	92	0	742	0	3382	0	0	4462	1554	5126	2046	0	2770	252	6374	3566	142	0	450	0	0	0	1252	0	0	0	2246	0	0	0	0	0	0	0	0	0	0	0	0	0	0	0	0	0	0	0	0	0	0	0	0	0	0	0	
177336	Paracentral_Lobule_R	1998	9498	104	564	0	0	124	0	0	0	0	0	0	0	0	0	0	0	686	13466	0	0	0	0	0	0	0	0	0	0	0	0	642	13712	290	6438	0	1484	0	1772	0	0	0	2354	0	1770	0	1332	0	1778	0	2846	0	1936	0	3844	0	4396	0	410	0	220	0	416	0	306	0	6568	4462	0	0	230	0	0	0	0	0	268	0	0	0	404	0	0	0	1858	0	0	0	2404	0	0	0	0	0	0	0	0	0	0	0	0	0	0	0	0	0	0	0	0	88	0	0	0	0	0	
257784	Caudate_L	3636	1132	7350	3566	704	0	1388	2532	0	0	184	0	136	0	280	0	1080	0	11182	614	5168	3578	2086	2092	1524	296	1660	0	2614	404	17132	6284	474	592	0	0	226	92	0	0	0	0	0	0	0	0	0	0	0	0	0	0	0	0	0	0	0	0	0	0	0	0	0	0	0	0	0	0	1554	0	0	13910	20310	1272	4602	716	6756	1314	0	0	452	0	0	0	0	0	0	0	0	0	0	0	0	0	0	0	0	0	0	0	0	0	0	0	0	0	0	0	0	0	0	0	0	0	0	0	
438612	Caudate_R	3564	14054	2648	23006	0	2816	496	7230	0	460	0	1676	0	778	0	894	690	0	3384	16174	2826	5020	734	12838	592	6888	142	2856	906	2104	5160	28708	128	2052	164	0	0	438	0	296	0	0	0	160	0	106	0	0	0	0	0	0	0	0	0	306	0	214	0	0	0	0	0	0	0	0	0	190	5126	230	13910	0	3668	17814	1906	6630	930	18088	0	0	306	0	0	0	0	0	0	0	0	0	0	0	0	0	0	0	0	0	0	0	0	0	0	0	0	0	0	0	0	0	0	0	0	0	0	0	
390512	Putamen_L	7786	604	18882	940	6470	0	7310	282	1402	0	2290	0	402	0	5000	0	3060	0	21518	448	4098	2078	4618	754	2434	112	2280	0	26382	0	15270	3114	426	432	104	0	8210	0	670	0	756	0	96	0	0	0	132	0	0	0	0	0	0	0	2444	0	912	0	0	0	0	0	268	0	0	0	96	0	2046	0	20310	3668	0	586	6580	396	498	0	304	0	3854	0	1900	0	940	0	0	0	2094	0	0	0	0	0	0	0	0	0	0	0	0	0	0	0	0	0	0	0	0	0	0	0	0	0	0	0	
442524	Putamen_R	0	5462	1066	29188	0	5306	0	6448	0	356	0	4860	0	2138	0	2020	0	1406	1480	13916	496	534	332	7786	268	5214	0	2740	0	18284	1270	11142	102	366	0	194	0	26786	0	18580	0	546	0	226	0	0	0	462	0	0	0	0	0	312	0	19130	0	358	0	0	0	0	0	0	0	0	0	336	0	0	1272	17814	586	0	236	8900	0	808	0	118	0	584	0	674	0	0	0	0	0	1160	0	0	0	0	0	0	0	0	0	0	0	0	0	0	0	0	0	0	0	0	0	0	0	0	0	0	
63928	Pallidum_L	3942	102	1562	94	0	0	326	0	0	0	0	0	0	0	0	0	172	0	3354	0	380	596	0	0	0	0	0	0	0	0	382	428	390	0	0	0	282	0	0	0	0	0	0	0	0	0	0	0	0	0	0	0	0	0	0	0	254	0	0	0	0	0	0	0	0	0	0	0	2770	0	4602	1906	6580	236	0	254	2930	422	0	0	0	0	0	0	0	0	0	0	0	0	0	0	0	0	0	0	0	0	0	0	0	0	0	0	0	0	0	0	0	0	0	0	0	0	0	0	
69828	Pallidum_R	0	270	152	4860	0	0	0	0	0	0	0	0	0	0	0	0	0	0	416	1270	0	132	156	1784	0	0	0	0	0	166	676	3216	0	254	0	0	0	1702	0	904	0	0	0	100	0	0	0	0	0	0	0	0	0	0	0	754	0	288	0	0	0	0	0	0	0	0	0	118	252	0	716	6630	396	8900	254	0	0	548	0	0	0	0	0	0	0	0	0	0	0	0	0	0	0	0	0	0	0	0	0	0	0	0	0	0	0	0	0	0	0	0	0	0	0	0	0	0	
110824	Thalamus_L	15854	930	512	142	0	0	250	192	0	0	0	0	0	0	0	0	106	0	284	274	0	0	0	0	0	0	0	0	574	0	0	148	0	0	1888	3424	3848	2178	310	206	0	0	0	0	0	0	0	0	0	0	0	0	0	0	194	0	216	0	0	0	0	0	0	0	0	0	108	344	6374	0	6756	930	498	0	2930	0	0	5710	106	0	0	0	0	0	0	0	0	0	126	0	0	0	0	0	0	0	0	0	0	0	0	0	0	0	0	0	0	0	0	0	0	0	0	0	0	0	
151160	Thalamus_R	2306	21456	0	900	0	0	0	836	0	0	0	0	0	0	0	0	0	0	90	6764	0	0	0	0	0	0	0	0	0	0	0	770	0	394	1168	2410	926	4154	180	1126	0	0	0	0	0	0	106	100	0	0	0	0	0	0	118	698	0	0	0	0	0	0	0	0	0	0	0	354	3566	268	1314	18088	0	808	422	548	5710	0	0	0	0	0	0	0	0	0	0	0	0	0	0	0	0	0	0	0	0	0	0	0	0	0	0	0	0	0	0	0	0	0	0	0	0	0	0	0	
108824	Heschl_L	4020	0	810	0	0	0	666	0	0	0	546	0	0	0	0	0	7826	0	1286	0	0	0	0	0	0	0	0	0	9876	0	86	0	0	0	156	0	3088	0	150	0	0	0	0	0	0	0	0	0	0	0	1114	0	1966	0	4548	0	3280	0	0	0	228	0	832	0	304	0	162	0	142	0	0	0	304	0	0	0	106	0	0	0	4378	0	708	0	3196	0	0	0	3916	0	378	0	0	0	0	0	0	0	340	0	0	0	0	0	0	0	0	0	0	0	0	0	0	0	0	0	
14660	Heschl_R	0	0	0	0	0	0	0	0	0	0	0	0	0	0	0	0	0	1172	0	0	0	0	0	0	0	0	0	0	0	1340	0	0	0	0	0	118	0	176	0	162	0	0	0	0	0	0	0	0	0	0	0	0	0	0	0	308	0	0	0	0	0	0	0	0	0	0	0	102	0	0	0	0	0	118	0	0	0	0	0	0	0	2896	0	0	0	708	0	0	0	230	0	0	0	0	0	0	0	0	0	0	0	0	0	0	0	0	0	0	0	0	0	0	0	0	0	0	
216404	Temporal_Sup_L	5826	0	2438	306	0	0	688	138	0	0	3348	0	1246	0	184	0	10442	0	5568	228	0	0	0	146	0	0	0	0	13292	0	320	282	0	200	0	0	4592	0	148	0	0	0	0	0	0	0	146	0	0	0	398	0	290	0	4836	0	5826	0	0	0	752	0	3316	0	788	0	0	0	450	0	452	306	3854	0	0	0	0	0	4378	0	0	0	6574	0	17478	0	0	0	8966	0	0	0	0	0	0	0	0	0	0	0	0	0	0	0	0	0	0	0	0	0	0	0	0	0	0	0	
114096	Temporal_Sup_R	0	118	0	682	0	0	0	0	0	0	0	0	0	0	0	406	0	2574	0	306	0	0	0	0	0	0	0	0	0	3142	0	0	0	0	0	190	0	534	0	432	0	0	0	88	0	120	0	0	0	226	0	1230	0	186	0	1518	0	1242	0	304	0	1324	0	8152	0	7864	0	354	0	404	0	0	0	584	0	0	0	0	0	2896	0	0	0	2566	0	16434	0	360	0	2812	0	0	0	0	0	0	0	0	0	0	0	0	0	0	0	0	0	0	0	0	0	0	0	0	0	0	
97288	Temporal_Pole_Sup_L	892	0	284	0	616	0	362	0	376	0	2062	0	2224	0	1918	0	1714	0	778	0	258	0	0	0	0	0	0	0	4668	0	108	0	0	0	0	0	1058	0	664	0	632	0	0	0	0	0	0	0	0	0	0	0	0	0	1784	0	988	0	0	0	0	0	0	0	0	0	0	0	0	0	0	0	1900	0	0	0	0	0	708	0	6574	0	0	0	8902	0	4434	0	4740	0	0	0	0	0	0	0	0	0	0	0	0	0	0	0	0	0	0	0	0	0	0	0	0	0	0	0	
64380	Temporal_Pole_Sup_R	0	0	0	188	0	0	0	0	0	0	0	940	0	0	0	712	0	652	0	432	0	96	0	0	0	0	0	0	0	992	0	0	0	0	0	0	0	2888	0	3450	0	2898	0	0	0	0	0	0	0	0	0	0	0	0	0	5254	0	0	0	0	0	0	0	0	0	0	0	0	0	0	0	0	0	674	0	0	0	0	0	0	0	2566	0	0	0	2962	0	5100	0	2386	0	0	0	0	0	0	0	0	0	0	0	0	0	0	0	0	0	0	0	0	0	0	0	0	0	0	
321016	Temporal_Mid_L	2036	0	404	0	0	0	238	0	0	0	380	0	406	0	0	0	2046	0	752	0	0	0	0	0	0	0	0	0	3510	0	0	0	0	0	0	0	1674	0	0	0	0	0	2228	0	0	0	0	0	102	0	18594	0	8162	0	3544	0	3834	0	1224	0	13402	0	7930	0	19568	0	578	0	1252	0	0	0	940	0	0	0	0	0	3196	0	17478	0	8902	0	0	0	3694	0	34174	0	162	0	0	0	0	0	0	0	98	0	0	0	0	0	0	0	0	0	0	0	0	0	0	0	0	0	
233600	Temporal_Mid_R	0	326	0	446	0	0	0	0	0	0	0	0	0	0	0	0	0	286	0	0	0	0	0	0	0	0	0	0	0	1288	0	0	0	360	0	0	0	422	0	250	0	0	0	3020	0	6808	0	154	0	7362	0	16724	0	1784	0	2362	0	2424	0	2560	0	2122	0	5736	0	13554	0	4324	0	1858	0	0	0	0	0	0	0	0	0	708	0	16434	0	2962	0	0	0	1088	0	21438	0	0	0	0	0	0	0	0	0	0	0	0	0	0	0	0	0	0	0	0	0	0	0	0	0	0	
27492	Temporal_Pole_Mid_L	0	0	0	0	0	0	0	0	0	0	0	0	0	0	0	0	0	0	0	0	0	0	0	0	0	0	0	0	206	0	0	0	0	0	0	0	352	0	320	0	240	0	0	0	0	0	0	0	0	0	0	0	0	0	1132	0	0	0	0	0	0	0	0	0	0	0	0	0	0	0	0	0	0	0	0	0	0	0	0	0	0	0	4434	0	3694	0	0	0	3368	0	0	0	0	0	0	0	0	0	0	0	0	0	0	0	0	0	0	0	0	0	0	0	0	0	0	0	
28072	Temporal_Pole_Mid_R	0	0	0	0	0	0	0	0	0	0	0	0	0	0	0	0	0	0	0	0	0	0	0	0	0	0	0	0	0	0	0	0	0	0	0	0	0	642	0	1750	0	448	0	0	0	0	0	0	0	0	0	0	0	0	0	2886	0	0	0	0	0	0	0	0	0	0	0	0	0	0	0	0	0	0	0	0	0	0	0	0	0	360	0	5100	0	1088	0	0	0	1762	0	0	0	0	0	0	0	0	0	0	0	0	0	0	0	0	0	0	0	0	0	0	0	0	0	0	
318588	Temporal_Inf_L	4002	0	1132	0	0	0	644	0	0	0	120	0	0	0	0	0	2896	0	746	0	90	0	0	0	0	0	0	0	9190	0	0	0	0	0	400	104	13998	102	1210	0	1120	0	2584	0	0	0	822	0	0	0	6970	0	9706	0	18924	0	2440	0	180	0	5064	0	1624	0	5666	0	2352	0	2246	0	0	0	2094	0	0	0	126	0	3916	0	8966	0	4740	0	34174	0	3368	0	0	0	3674	0	1120	0	0	0	382	0	1952	0	332	0	118	0	0	0	0	0	0	0	0	0	0	0	0	0	
257488	Temporal_Inf_R	0	1286	0	1368	0	0	0	0	0	0	0	0	0	0	0	0	0	398	0	980	0	0	0	0	0	0	0	0	0	916	0	0	0	920	0	578	0	6788	0	6076	0	590	0	5382	0	2798	0	1320	0	2838	0	4450	0	13800	0	26364	0	3266	0	1038	0	1306	0	4198	0	2946	0	6330	0	2404	0	0	0	1160	0	0	0	0	0	230	0	2812	0	2386	0	21438	0	1762	0	0	0	484	0	132	0	0	0	0	0	0	0	0	0	0	0	0	0	0	0	0	0	0	0	0	0	0	
372696	Cerebelum_Crus1_L	0	0	0	0	0	0	0	0	0	0	0	0	0	0	0	0	290	0	0	0	0	0	0	0	0	0	0	0	318	0	0	0	0	0	0	0	0	0	0	0	0	0	138	0	0	0	4068	542	0	0	0	0	302	0	22488	256	0	0	0	0	0	0	0	0	0	0	156	0	0	0	0	0	0	0	0	0	0	0	378	0	0	0	0	0	162	0	0	0	3674	0	0	1780	28470	1036	818	90	17180	392	49584	2690	14302	0	14118	620	1826	1616	380	0	230	134	2206	6418	5518	1784	1844	540	
436964	Cerebelum_Crus1_R	0	0	0	0	0	0	0	0	0	0	0	0	0	0	0	0	0	0	0	0	0	0	0	0	0	0	0	0	0	0	0	0	0	0	0	0	0	0	0	0	0	0	0	0	0	0	752	6028	0	0	0	0	0	0	904	10570	0	0	0	0	0	0	0	0	0	0	0	0	0	0	0	0	0	0	0	0	0	0	0	0	0	0	0	0	0	0	0	0	0	484	1780	0	660	41904	128	1280	2068	21014	3282	57756	514	3706	330	23620	170	3290	0	88	408	512	11926	11956	10558	1272	1522	0	
295008	Cerebelum_Crus2_L	0	0	0	0	0	0	0	0	0	0	0	0	0	0	0	0	0	0	0	0	0	0	0	0	0	0	0	0	0	0	0	0	0	0	0	0	0	0	0	0	0	0	0	0	0	0	516	0	0	0	0	0	0	0	2714	0	0	0	0	0	0	0	0	0	0	0	0	0	0	0	0	0	0	0	0	0	0	0	0	0	0	0	0	0	0	0	0	0	1120	0	28470	660	0	6246	108	138	2282	186	7012	622	39246	2546	34362	4566	4020	792	1704	0	0	0	350	922	4762	3224	936	0	
315640	Cerebelum_Crus2_R	0	0	0	0	0	0	0	0	0	0	0	0	0	0	0	0	0	0	0	0	0	0	0	0	0	0	0	0	0	0	0	0	0	0	0	0	0	0	0	0	0	0	0	0	0	0	0	324	0	0	0	0	0	0	0	752	0	0	0	0	0	0	0	0	0	0	0	0	0	0	0	0	0	0	0	0	0	0	0	0	0	0	0	0	0	0	0	0	0	132	1036	41904	6246	0	0	658	358	4188	672	17290	1928	18754	2072	36386	220	3400	0	168	156	176	2442	3034	11850	2332	1342	0	
23068	Cerebelum_3_L	0	0	0	0	0	0	0	0	0	0	0	0	0	0	0	0	0	0	0	0	0	0	0	0	0	0	0	0	0	0	0	0	0	0	0	0	0	0	0	0	0	0	0	0	0	0	368	0	0	0	0	0	0	0	340	0	0	0	0	0	0	0	0	0	0	0	0	0	0	0	0	0	0	0	0	0	0	0	0	0	0	0	0	0	0	0	0	0	0	0	818	128	108	0	0	0	5912	180	890	132	0	0	0	98	0	0	0	0	440	890	1230	0	0	0	0	0	
35164	Cerebelum_3_R	0	0	0	0	0	0	0	0	0	0	0	0	0	0	0	0	0	0	0	0	0	0	0	0	0	0	0	0	0	0	0	0	0	0	0	0	0	0	0	0	0	0	0	0	0	0	0	204	0	0	0	0	0	0	0	0	0	0	0	0	0	0	0	0	0	0	0	0	0	0	0	0	0	0	0	0	0	0	0	0	0	0	0	0	0	0	0	0	0	0	90	1280	138	658	0	0	186	4392	86	2988	120	0	174	666	102	838	0	0	1020	1580	1240	140	544	562	574	0	
237792	Cerebelum_4_5_L	0	0	0	0	0	0	0	0	0	0	0	0	0	0	0	0	0	0	0	0	0	0	0	0	0	0	0	0	0	0	0	0	0	0	0	0	0	0	0	0	0	0	0	0	0	0	5346	920	0	0	0	0	0	0	10800	406	0	0	0	0	0	0	0	0	0	0	0	0	0	0	0	0	0	0	0	0	0	0	0	0	0	0	0	0	0	0	0	0	382	0	17180	2068	2282	358	5912	186	0	2828	29080	2614	1392	0	3864	658	5074	1230	364	0	1074	1564	13022	4354	898	784	2132	2124	
208764	Cerebelum_4_5_R	0	0	0	0	0	0	0	0	0	0	0	0	0	0	0	0	0	0	0	0	0	0	0	0	0	0	0	0	0	0	0	0	0	0	0	0	0	298	0	894	0	0	0	150	0	0	248	3848	0	0	0	0	0	0	258	6282	0	0	0	0	0	0	0	0	0	0	0	416	0	0	0	0	0	0	0	0	0	0	0	0	0	0	0	0	0	0	0	0	0	0	392	21014	186	4188	180	4392	2828	0	1452	28602	156	0	258	5600	246	1480	0	110	368	1052	15588	916	1602	560	684	134	
373032	Cerebelum_6_L	0	0	0	0	0	0	0	0	0	0	0	0	0	0	0	0	258	0	0	0	0	0	0	0	0	0	0	0	438	0	0	0	0	0	0	0	674	0	128	0	0	0	0	0	0	0	7064	1738	0	0	0	0	0	0	29412	892	0	0	0	0	0	0	0	0	0	0	0	0	0	0	0	0	0	0	0	0	0	0	340	0	0	0	0	0	98	0	0	0	1952	0	49584	3282	7012	672	890	86	29080	1452	0	4926	3986	0	6424	448	2802	2086	250	0	290	198	7578	11452	4820	1768	2802	1634	
403496	Cerebelum_6_R	0	0	0	0	0	0	0	0	0	0	0	0	0	0	0	0	0	0	0	0	0	0	0	0	0	0	0	0	0	0	0	0	0	0	0	0	0	188	0	260	0	90	0	0	0	0	1068	7540	0	0	0	0	0	0	1524	12612	0	0	0	0	0	0	0	0	0	0	0	0	0	0	0	0	0	0	0	0	0	0	0	0	0	0	0	0	0	0	0	0	0	0	2690	57756	622	17290	132	2988	2614	28602	4926	0	468	282	332	11524	190	2962	0	226	762	954	14480	14490	10230	1764	2006	176	
241600	Cerebelum_7b_L	0	0	0	0	0	0	0	0	0	0	0	0	0	0	0	0	0	0	0	0	0	0	0	0	0	0	0	0	0	0	0	0	0	0	0	0	0	0	0	0	0	0	0	0	0	0	110	0	0	0	0	0	0	0	1088	0	0	0	0	0	0	0	0	0	0	0	0	0	0	0	0	0	0	0	0	0	0	0	0	0	0	0	0	0	0	0	0	0	332	0	14302	514	39246	1928	0	120	1392	156	3986	468	0	366	38088	3720	4050	664	1774	0	0	0	288	666	3066	3730	746	0	
94792	Cerebelum_7b_R	0	0	0	0	0	0	0	0	0	0	0	0	0	0	0	0	0	0	0	0	0	0	0	0	0	0	0	0	0	0	0	0	0	0	0	0	0	0	0	0	0	0	0	0	0	0	0	0	0	0	0	0	0	0	0	0	0	0	0	0	0	0	0	0	0	0	0	0	0	0	0	0	0	0	0	0	0	0	0	0	0	0	0	0	0	0	0	0	0	0	0	3706	2546	18754	0	0	0	0	0	282	366	0	418	18958	0	1340	0	0	0	0	0	0	542	484	0	0	
298372	Cerebelum_8_L	0	0	0	0	0	0	0	0	0	0	0	0	0	0	0	0	0	0	0	0	0	0	0	0	0	0	0	0	0	0	0	0	0	0	0	0	0	0	0	0	0	0	0	0	0	0	292	0	0	0	0	0	0	0	1060	0	0	0	0	0	0	0	0	0	0	0	0	0	0	0	0	0	0	0	0	0	0	0	0	0	0	0	0	0	0	0	0	0	118	0	14118	330	34362	2072	0	174	3864	258	6424	332	38088	418	0	5630	16996	2488	5832	0	0	0	676	806	3656	7662	3320	210	
302216	Cerebelum_8_R	0	0	0	0	0	0	0	0	0	0	0	0	0	0	0	0	0	0	0	0	0	0	0	0	0	0	0	0	0	0	0	0	0	0	0	0	0	0	0	0	0	0	0	0	0	0	0	194	0	0	0	0	0	0	0	140	0	0	0	0	0	0	0	0	0	0	0	0	0	0	0	0	0	0	0	0	0	0	0	0	0	0	0	0	0	0	0	0	0	0	620	23620	4566	36386	98	666	658	5600	448	11524	3720	18958	5630	0	620	15538	0	876	236	302	4606	980	6750	6126	2246	0	
114104	Cerebelum_9_L	0	0	0	0	0	0	0	0	0	0	0	0	0	0	0	0	0	0	0	0	0	0	0	0	0	0	0	0	0	0	0	0	0	0	0	0	0	0	0	0	0	0	0	0	0	0	0	0	0	0	0	0	0	0	140	0	0	0	0	0	0	0	0	0	0	0	0	0	0	0	0	0	0	0	0	0	0	0	0	0	0	0	0	0	0	0	0	0	0	0	1826	170	4020	220	0	102	5074	246	2802	190	4050	0	16996	620	0	1856	6898	0	0	0	1404	1916	1270	2668	3584	1000	
131424	Cerebelum_9_R	0	0	0	0	0	0	0	0	0	0	0	0	0	0	0	0	0	0	0	0	0	0	0	0	0	0	0	0	0	0	0	0	0	0	0	0	0	0	0	0	0	0	0	0	0	0	0	0	0	0	0	0	0	0	104	0	0	0	0	0	0	0	0	0	0	0	0	0	0	0	0	0	0	0	0	0	0	0	0	0	0	0	0	0	0	0	0	0	0	0	1616	3290	792	3400	0	838	1230	1480	2086	2962	664	1340	2488	15538	1856	0	0	856	702	330	1804	3578	3970	5606	7508	1674	
34404	Cerebelum_10_L	0	0	0	0	0	0	0	0	0	0	0	0	0	0	0	0	0	0	0	0	0	0	0	0	0	0	0	0	0	0	0	0	0	0	0	0	0	0	0	0	0	0	0	0	0	0	0	0	0	0	0	0	0	0	0	0	0	0	0	0	0	0	0	0	0	0	0	0	0	0	0	0	0	0	0	0	0	0	0	0	0	0	0	0	0	0	0	0	0	0	380	0	1704	0	0	0	364	0	250	0	1774	0	5832	0	6898	0	0	0	0	0	0	0	0	0	0	0	
4648	Cerebelum_10_R	0	0	0	0	0	0	0	0	0	0	0	0	0	0	0	0	0	0	0	0	0	0	0	0	0	0	0	0	0	0	0	0	0	0	0	0	0	0	0	0	0	0	0	0	0	0	0	0	0	0	0	0	0	0	0	0	0	0	0	0	0	0	0	0	0	0	0	0	0	0	0	0	0	0	0	0	0	0	0	0	0	0	0	0	0	0	0	0	0	0	0	88	0	168	0	0	0	110	0	226	0	0	0	876	0	856	0	0	0	0	0	0	0	0	0	0	
26236	Vermis_1_2	0	0	0	0	0	0	0	0	0	0	0	0	0	0	0	0	0	0	0	0	0	0	0	0	0	0	0	0	0	0	0	0	0	0	0	0	0	0	0	0	0	0	0	0	0	0	0	0	0	0	0	0	0	0	0	0	0	0	0	0	0	0	0	0	0	0	0	0	0	0	0	0	0	0	0	0	0	0	0	0	0	0	0	0	0	0	0	0	0	0	230	408	0	156	440	1020	1074	368	290	762	0	0	0	236	0	702	0	0	0	3732	1586	236	574	648	656	0	
30416	Vermis_3	0	0	0	0	0	0	0	0	0	0	0	0	0	0	0	0	0	0	0	0	0	0	0	0	0	0	0	0	0	0	0	0	0	0	0	0	0	0	208	0	0	0	0	0	0	0	128	0	0	0	0	0	0	0	0	0	0	0	0	0	0	0	0	0	0	0	0	0	0	0	0	0	0	0	0	0	0	0	0	0	0	0	0	0	0	0	0	0	0	0	134	512	0	176	890	1580	1564	1052	198	954	0	0	0	302	0	330	0	0	3732	0	2344	94	348	332	330	0	
208752	Vermis_4_5	0	0	0	0	0	0	0	0	0	0	0	0	0	0	0	0	0	0	0	0	0	0	0	0	0	0	0	0	0	0	0	0	0	0	0	208	0	278	0	268	0	0	0	0	0	0	1202	2904	0	0	0	0	0	0	1998	1680	0	0	0	0	0	0	0	0	0	0	0	660	0	88	0	0	0	0	0	0	0	0	0	0	0	0	0	0	0	0	0	0	0	0	2206	11926	350	2442	1230	1240	13022	15588	7578	14480	288	0	676	4606	1404	1804	0	0	1586	2344	0	5014	1920	904	2354	2128	
197824	Vermis_6	0	0	0	0	0	0	0	0	0	0	0	0	0	0	0	0	0	0	0	0	0	0	0	0	0	0	0	0	0	0	0	0	0	0	0	0	0	0	0	0	0	0	0	226	0	0	1992	5126	0	0	0	0	0	0	3086	2502	0	0	0	0	0	0	0	0	0	0	0	0	0	0	0	0	0	0	0	0	0	0	0	0	0	0	0	0	0	0	0	0	0	0	6418	11956	922	3034	0	140	4354	916	11452	14490	666	0	806	980	1916	3578	0	0	236	94	5014	0	8380	2654	4822	3152	
191428	Vermis_7	0	0	0	0	0	0	0	0	0	0	0	0	0	0	0	0	0	0	0	0	0	0	0	0	0	0	0	0	0	0	0	0	0	0	0	0	0	0	0	0	0	0	0	0	0	0	512	896	0	0	0	0	0	0	832	288	0	0	0	0	0	0	0	0	0	0	0	0	0	0	0	0	0	0	0	0	0	0	0	0	0	0	0	0	0	0	0	0	0	0	5518	10558	4762	11850	0	544	898	1602	4820	10230	3066	542	3656	6750	1270	3970	0	0	574	348	1920	8380	0	6468	4926	534	
