data	data	707540	436728	933804	872576	169604	459612	613048	261472	101160	45572	241648	208012	282688	202540	185092	114468	209768	123628	878668	860200	113512	153848	517352	681272	37508	405948	74924	84684	577240	419704	509180	822512	305136	747040	174280	160196	353480	343684	188240	198320	48320	57832	239336	243796	167128	304584	386056	286564	176044	286516	474660	228924	173240	93448	468408	438472	394304	202264	130252	67648	262708	210868	172404	141984	180948	173996	281964	360324	350704	219432	374208	459892	490244	452228	92332	75160	154528	171476	89896	31888	242976	138796	90888	69524	350308	254716	29000	22164	283936	336148	658968	487992	619780	383892	82160	61764	518340	240132	676840	469092	303336	148948	438100	359288	143336	196772	27736	6188	92876	120348	444548	293332	236236	277532	198772	42008	
data	data	Precentral_L	Precentral_R	Frontal_Sup_L	Frontal_Sup_R	Frontal_Sup_Orb_L	Frontal_Sup_Orb_R	Frontal_Mid_L	Frontal_Mid_R	Frontal_Mid_Orb_L	Frontal_Mid_Orb_R	Frontal_Inf_Oper_L	Frontal_Inf_Oper_R	Frontal_Inf_Tri_L	Frontal_Inf_Tri_R	Frontal_Inf_Orb_L	Frontal_Inf_Orb_R	Rolandic_Oper_L	Rolandic_Oper_R	Supp_Motor_Area_L	Supp_Motor_Area_R	Olfactory_L	Olfactory_R	Frontal_Sup_Medial_L	Frontal_Sup_Medial_R	Frontal_Med_Orb_L	Frontal_Med_Orb_R	Rectus_L	Rectus_R	Insula_L	Insula_R	Cingulum_Ant_L	Cingulum_Ant_R	Cingulum_Mid_L	Cingulum_Mid_R	Cingulum_Post_L	Cingulum_Post_R	Hippocampus_L	Hippocampus_R	ParaHippocampal_L	ParaHippocampal_R	Amygdala_L	Amygdala_R	Calcarine_L	Calcarine_R	Cuneus_L	Cuneus_R	Lingual_L	Lingual_R	Occipital_Sup_L	Occipital_Sup_R	Occipital_Mid_L	Occipital_Mid_R	Occipital_Inf_L	Occipital_Inf_R	Fusiform_L	Fusiform_R	Postcentral_L	Postcentral_R	Parietal_Sup_L	Parietal_Sup_R	Parietal_Inf_L	Parietal_Inf_R	SupraMarginal_L	SupraMarginal_R	Angular_L	Angular_R	Precuneus_L	Precuneus_R	Paracentral_Lobule_L	Paracentral_Lobule_R	Caudate_L	Caudate_R	Putamen_L	Putamen_R	Pallidum_L	Pallidum_R	Thalamus_L	Thalamus_R	Heschl_L	Heschl_R	Temporal_Sup_L	Temporal_Sup_R	Temporal_Pole_Sup_L	Temporal_Pole_Sup_R	Temporal_Mid_L	Temporal_Mid_R	Temporal_Pole_Mid_L	Temporal_Pole_Mid_R	Temporal_Inf_L	Temporal_Inf_R	Cerebelum_Crus1_L	Cerebelum_Crus1_R	Cerebelum_Crus2_L	Cerebelum_Crus2_R	Cerebelum_3_L	Cerebelum_3_R	Cerebelum_4_5_L	Cerebelum_4_5_R	Cerebelum_6_L	Cerebelum_6_R	Cerebelum_7b_L	Cerebelum_7b_R	Cerebelum_8_L	Cerebelum_8_R	Cerebelum_9_L	Cerebelum_9_R	Cerebelum_10_L	Cerebelum_10_R	Vermis_1_2	Vermis_3	Vermis_4_5	Vermis_6	Vermis_7	Vermis_8	Vermis_9	Vermis_10	
707540	Precentral_L	0	17226	25574	3752	0	2464	28740	2582	0	0	13560	424	1808	110	0	0	9906	322	19508	9626	0	0	498	2764	0	2600	0	0	12188	296	856	3026	94	4388	2196	1984	8892	2454	2520	510	0	0	454	158	372	0	460	94	0	0	7288	0	744	0	1946	296	41350	2074	3118	0	8178	2258	5972	2304	3348	0	1430	650	26092	6440	11384	4758	10146	734	4482	412	9608	3626	2818	0	4506	0	98	0	2946	116	0	0	1618	284	100	0	0	0	0	0	102	0	138	0	0	0	0	0	0	0	0	0	0	0	0	0	0	0	0	0	
436728	Precentral_R	17226	0	3880	15590	0	310	3882	7788	0	0	1036	12722	0	890	0	0	588	1344	8622	12984	0	0	0	370	0	232	0	0	1680	2662	436	1128	978	2060	590	858	1450	7276	356	1046	0	1050	0	1444	0	1628	0	296	0	1752	150	1584	0	794	218	2472	5472	12318	0	180	2614	3150	1044	3830	98	230	112	3356	8776	4168	2856	9990	2854	1842	0	996	2242	22434	142	434	140	1338	0	0	0	1310	0	0	100	6508	0	0	0	0	0	0	210	0	0	116	0	0	0	0	0	0	0	0	0	132	0	0	0	0	0	0	
933804	Frontal_Sup_L	25574	3880	0	8642	8678	838	81314	1674	4512	0	12530	102	22438	262	7750	0	6252	0	84064	13708	146	0	49078	8134	594	650	362	0	24290	122	19196	7960	11196	8252	0	0	4252	0	1276	0	0	0	0	0	0	0	0	0	0	0	92	0	0	0	978	0	2272	152	0	0	100	864	204	882	0	0	0	0	7344	0	5664	1068	19672	364	4568	112	554	312	1044	0	1246	0	626	0	238	0	0	0	820	0	0	0	0	0	0	0	0	0	0	0	0	0	0	0	0	0	0	0	0	0	0	0	0	0	0	0	
872576	Frontal_Sup_R	3752	15590	8642	0	96	23584	2908	37694	0	838	612	9982	338	17760	0	5136	114	4618	27070	69964	180	1332	8402	50706	0	14614	0	172	668	19228	4184	40962	3820	29576	0	0	122	996	86	196	0	0	0	0	0	0	0	0	0	0	0	0	0	0	0	242	532	298	0	0	0	194	0	192	0	0	0	110	1962	248	2774	8876	1642	9752	174	2780	282	1566	0	0	0	150	0	222	0	0	0	0	0	132	0	0	0	0	0	0	128	0	0	0	0	0	0	0	0	0	0	0	0	90	0	0	0	0	0	0	
169604	Frontal_Sup_Orb_L	0	0	8678	96	0	190	3708	0	12184	0	162	0	3800	0	12792	0	0	0	328	0	2540	1118	4112	254	3068	248	6646	442	7620	0	5040	604	0	0	0	0	0	0	0	0	620	0	0	0	0	0	0	0	0	0	0	0	0	0	0	0	0	0	0	0	0	0	0	0	0	0	0	0	0	0	2512	938	5326	690	310	0	0	0	0	0	0	0	776	0	0	0	0	0	0	0	0	0	0	0	0	0	0	0	0	0	0	0	0	0	0	0	0	0	0	0	0	0	0	0	0	0	
459612	Frontal_Sup_Orb_R	2464	310	838	23584	190	0	4728	2190	0	7358	950	1098	238	7248	0	10038	296	0	4834	9446	666	3664	928	29512	652	33644	770	8592	594	9530	1890	28184	1246	5766	0	0	0	110	0	0	0	0	0	0	0	0	0	0	0	0	0	0	0	0	0	0	118	0	0	0	0	0	0	0	0	0	0	0	0	0	1936	13214	1102	9672	250	1218	236	142	182	0	0	0	0	178	0	0	0	0	0	0	0	0	0	0	0	0	0	0	0	0	0	0	0	0	0	0	0	0	0	0	0	0	0	0	0	0	
613048	Frontal_Mid_L	28740	3882	81314	2908	3708	4728	0	3068	4620	0	15662	304	29630	176	7864	106	990	0	21238	1430	166	0	21376	7250	0	4892	124	0	10586	200	6128	7584	6848	3472	0	0	1462	142	738	0	0	0	0	0	0	0	0	0	0	0	304	0	0	0	118	0	1902	384	0	0	532	526	150	560	186	0	0	0	666	0	6426	6436	2968	644	192	386	716	366	748	0	250	0	626	0	102	0	0	0	0	0	0	0	0	0	0	0	0	0	0	0	0	0	0	0	0	0	0	0	0	0	0	0	0	0	0	0	
261472	Frontal_Mid_R	2582	7788	1674	37694	0	2190	3068	0	0	368	0	8044	0	15426	0	1502	0	2312	4818	8724	0	0	1128	6514	0	676	0	0	0	4404	1110	7224	562	6106	0	0	0	364	0	86	0	0	0	0	0	0	0	0	0	0	0	0	0	0	0	0	0	360	0	0	0	452	0	472	0	0	0	0	0	0	1230	352	0	2406	0	400	0	324	0	126	0	136	0	0	0	0	0	0	0	0	0	0	0	0	0	0	114	0	0	0	0	0	0	0	0	0	0	0	0	0	0	0	0	0	0	0	
101160	Frontal_Mid_Orb_L	0	0	4512	0	12184	0	4620	0	0	0	0	0	2120	0	15932	0	0	0	134	0	310	184	450	0	0	0	1102	0	3878	0	480	0	0	0	0	0	0	0	0	0	130	0	0	0	0	0	0	0	0	0	0	0	0	0	0	0	0	0	0	0	0	0	0	0	0	0	0	0	0	0	342	166	2982	110	146	0	0	0	0	0	0	0	798	0	0	0	0	0	0	0	0	0	0	0	0	0	0	0	0	0	0	0	0	0	0	0	0	0	0	0	0	0	0	0	0	0	
45572	Frontal_Mid_Orb_R	0	0	0	838	0	7358	0	368	0	0	0	0	0	938	0	7114	0	0	0	186	0	154	0	634	0	1872	0	714	0	1280	0	554	0	0	0	0	0	0	0	0	0	0	0	0	0	0	0	0	0	0	0	0	0	0	0	0	0	0	0	0	0	0	0	0	0	0	0	0	0	0	0	376	0	400	0	0	0	0	0	0	0	0	0	0	0	0	0	0	0	0	0	0	0	0	0	0	0	0	0	0	0	0	0	0	0	0	0	0	0	0	0	0	0	0	0	0	
241648	Frontal_Inf_Oper_L	13560	1036	12530	612	162	950	15662	0	0	0	0	0	16940	244	350	0	8512	0	10552	496	0	0	2684	1418	0	920	0	0	10704	0	3398	1442	106	376	0	0	524	0	106	0	0	0	0	0	0	0	0	0	0	0	0	0	0	0	114	0	5584	0	0	0	388	156	520	156	0	0	0	0	270	0	1434	1526	2000	0	324	0	152	0	876	0	2846	0	914	0	280	0	0	0	0	0	0	0	0	0	0	0	0	0	0	0	0	0	0	0	0	0	0	0	0	0	0	0	0	0	0	0	
208012	Frontal_Inf_Oper_R	424	12722	102	9982	0	1098	304	8044	0	0	0	0	0	10108	0	598	0	4560	404	8446	0	102	176	1790	0	1012	0	0	0	10912	236	2314	0	998	0	0	0	1488	0	272	0	0	0	216	0	566	0	0	0	304	0	192	0	158	0	778	114	4884	0	144	0	3110	0	3750	0	0	0	1550	0	244	262	782	0	6300	0	1750	86	386	0	510	0	386	0	352	0	190	0	0	0	798	0	0	0	0	0	0	102	0	0	0	0	0	0	0	0	0	0	0	0	0	0	0	0	0	0	0	
282688	Frontal_Inf_Tri_L	1808	0	22438	338	3800	238	29630	0	2120	0	16940	0	0	114	9602	0	1018	0	6250	256	226	184	8266	732	0	234	418	0	19624	0	8180	880	152	390	0	0	0	0	0	0	0	0	0	0	0	0	0	0	0	0	0	0	0	0	0	0	478	0	0	0	0	0	0	0	0	0	0	0	0	0	950	392	2910	104	348	0	0	0	0	0	658	0	1666	0	0	0	0	0	0	0	0	0	0	0	0	0	0	0	0	0	0	0	0	0	0	0	0	0	0	0	0	0	0	0	0	0	
202540	Frontal_Inf_Tri_R	110	890	262	17760	0	7248	176	15426	0	938	244	10108	114	0	0	3900	0	492	1276	4954	0	268	464	8754	0	3602	0	0	92	9174	470	9244	132	1894	0	0	0	198	0	0	0	0	0	0	0	0	0	0	0	0	0	0	0	0	0	0	0	0	0	0	0	0	0	0	0	0	0	0	0	0	332	332	108	1934	0	180	0	0	0	0	0	0	0	194	0	0	0	0	0	0	0	0	0	0	0	0	0	0	0	0	0	0	0	0	0	0	0	0	0	0	0	0	0	0	0	0	
185092	Frontal_Inf_Orb_L	0	0	7750	0	12792	0	7864	0	15932	0	350	0	9602	0	0	0	0	0	222	0	3416	828	728	0	186	0	2710	170	14442	0	898	160	0	0	0	0	792	0	446	0	732	0	0	0	0	0	0	0	0	0	0	0	0	0	0	0	0	0	0	0	0	0	0	0	0	0	0	0	0	0	1656	674	5294	454	160	0	0	0	0	0	0	0	4288	0	0	0	0	0	0	0	0	0	0	0	0	0	0	0	0	0	0	0	0	0	0	0	0	0	0	0	0	0	0	0	0	0	
114468	Frontal_Inf_Orb_R	0	0	0	5136	0	10038	106	1502	0	7114	0	598	0	3900	0	0	0	0	686	1346	140	2082	0	2866	0	3956	0	1766	0	7658	110	1754	0	656	0	0	0	200	0	0	0	0	0	0	0	0	0	0	0	0	0	0	0	0	0	102	0	0	0	0	0	0	0	0	0	0	0	0	0	0	122	1088	0	974	0	0	0	0	0	0	0	954	0	1430	0	792	0	0	0	158	0	0	0	0	0	0	0	0	0	0	0	0	0	0	0	0	0	0	0	0	0	0	0	0	0	0	
209768	Rolandic_Oper_L	9906	588	6252	114	0	296	990	0	0	0	8512	0	1018	0	0	0	0	0	6826	136	0	0	312	338	0	296	0	0	21740	0	486	352	0	0	130	0	1664	0	228	0	0	0	0	0	90	0	0	0	0	0	754	0	0	0	636	0	9244	124	180	0	466	244	3546	252	0	0	198	0	422	112	756	310	2370	0	482	0	408	0	7172	0	12736	0	1300	0	2308	0	0	0	590	0	0	0	0	0	0	0	0	0	0	0	0	0	0	0	0	0	0	0	0	0	0	0	0	0	0	0	
123628	Rolandic_Oper_R	322	1344	0	4618	0	0	0	2312	0	0	0	4560	0	492	0	0	0	0	204	7404	0	0	0	88	0	0	0	0	0	16826	0	234	0	586	0	0	0	1254	0	198	0	0	0	186	0	536	0	0	0	284	0	132	0	310	0	1090	0	1328	0	134	0	298	0	2024	0	192	0	1194	0	152	0	308	0	4802	0	470	0	214	0	2890	0	3104	0	452	0	260	0	0	0	1012	0	0	0	0	0	0	0	0	0	0	0	0	0	0	0	0	0	0	0	0	0	0	0	0	0	0	
878668	Supp_Motor_Area_L	19508	8622	84064	27070	328	4834	21238	4818	134	0	10552	404	6250	1276	222	686	6826	204	0	52402	120	668	12318	12832	0	3162	108	92	18446	3010	9962	15566	11614	32918	176	392	3246	0	860	0	0	0	0	0	0	0	0	0	0	0	0	0	0	0	976	0	1782	254	0	0	142	1280	160	1310	0	0	0	94	12118	252	10060	3334	21044	2554	4472	474	256	404	832	0	1404	0	0	0	242	0	0	0	962	0	0	0	0	0	0	0	0	0	0	0	0	0	0	0	0	0	0	0	0	0	0	0	0	0	0	0	
860200	Supp_Motor_Area_R	9626	12984	13708	69964	0	9446	1430	8724	0	186	496	8446	256	4954	0	1346	136	7404	52402	0	112	696	2352	20334	0	7566	0	184	844	14026	4060	24686	7664	51362	1266	3190	102	1610	0	342	0	0	0	238	0	294	0	128	0	0	0	0	0	0	0	780	1094	3292	86	0	214	230	0	244	0	0	510	2550	18508	15964	4336	17028	2742	14078	90	3082	232	784	0	402	0	412	0	178	0	216	0	0	0	484	0	0	0	0	0	0	0	0	0	0	0	0	0	0	0	0	0	0	0	0	0	0	0	0	0	0	
113512	Olfactory_L	0	0	146	180	2540	666	166	0	310	0	0	0	226	0	3416	140	0	0	120	112	0	6950	162	150	276	732	3144	1310	4768	332	2084	1084	0	112	0	0	1142	0	654	0	1708	0	0	0	0	0	0	0	0	0	0	0	0	0	0	0	0	0	0	0	0	0	0	0	0	0	0	0	0	0	8274	5442	5368	3628	344	0	0	0	0	0	0	0	1070	0	0	0	0	0	0	0	0	0	0	0	0	0	0	0	0	0	0	0	0	0	0	0	0	0	0	0	0	0	0	0	0	0	
153848	Olfactory_R	0	0	0	1332	1118	3664	0	0	184	154	0	102	184	268	828	2082	0	0	668	696	6950	0	134	1150	154	3644	1594	4052	722	3598	2188	3648	0	676	0	0	0	0	0	140	112	520	0	0	0	0	0	0	0	0	0	0	0	0	0	0	0	0	0	0	0	0	0	0	0	0	0	0	0	0	9492	11058	6724	7196	1454	280	0	0	0	0	0	0	0	158	0	0	0	0	0	0	0	0	0	0	0	0	0	0	0	0	0	0	0	0	0	0	0	0	0	0	0	0	0	0	0	0	
517352	Frontal_Sup_Medial_L	498	0	49078	8402	4112	928	21376	1128	450	0	2684	176	8266	464	728	0	312	0	12318	2352	162	134	0	25990	2098	1248	1034	0	10576	250	40700	19782	15312	16400	0	0	356	0	0	0	0	0	0	0	0	0	0	0	0	0	0	0	0	0	0	0	218	0	0	0	0	0	0	0	0	0	0	0	0	0	1848	498	6178	724	594	0	1184	0	0	0	118	0	0	0	0	0	0	0	0	0	0	0	0	0	0	0	0	0	0	0	0	0	0	0	0	0	0	0	0	0	0	0	0	0	0	0	
681272	Frontal_Sup_Medial_R	2764	370	8134	50706	254	29512	7250	6514	0	634	1418	1790	732	8754	0	2866	338	88	12832	20334	150	1150	25990	0	652	24006	0	220	882	10698	11198	54024	6322	26672	0	0	0	122	0	0	0	0	0	0	0	0	0	0	0	0	0	0	0	0	0	0	164	0	0	0	0	0	0	0	0	0	0	0	0	0	1644	11012	960	7756	192	756	356	136	198	0	0	0	0	86	0	0	0	0	0	0	0	0	0	0	0	0	0	0	0	0	0	0	0	0	0	0	0	0	0	0	0	0	0	0	0	0	
37508	Frontal_Med_Orb_L	0	0	594	0	3068	652	0	0	0	0	0	0	0	0	186	0	0	0	0	0	276	154	2098	652	0	1498	2680	514	0	0	4358	712	0	0	0	0	0	0	0	0	0	0	0	0	0	0	0	0	0	0	0	0	0	0	0	0	0	0	0	0	0	0	0	0	0	0	0	0	0	0	380	268	374	290	0	0	0	0	0	0	0	0	0	0	0	0	0	0	0	0	0	0	0	0	0	0	0	0	0	0	0	0	0	0	0	0	0	0	0	0	0	0	0	0	0	0	
405948	Frontal_Med_Orb_R	2600	232	650	14614	248	33644	4892	676	0	1872	920	1012	234	3602	0	3956	296	0	3162	7566	732	3644	1248	24006	1498	0	880	7836	606	6868	3482	28264	714	3718	0	0	0	86	0	0	0	0	0	0	0	0	0	0	0	0	0	0	0	0	0	0	128	0	0	0	0	0	0	0	0	0	0	0	0	0	2090	18644	1160	13924	264	2504	188	134	180	0	0	0	0	0	0	0	0	0	0	0	0	0	0	0	0	0	0	0	0	0	0	0	0	0	0	0	0	0	0	0	0	0	0	0	0	0	
74924	Rectus_L	0	0	362	0	6646	770	124	0	1102	0	0	0	418	0	2710	0	0	0	108	0	3144	1594	1034	0	2680	880	0	1348	1632	98	3722	526	0	0	0	0	0	0	0	0	734	0	0	0	0	0	0	0	0	0	0	0	0	0	0	0	0	0	0	0	0	0	0	0	0	0	0	0	0	0	3322	1366	2128	1014	0	0	0	0	0	0	0	0	0	0	0	0	0	0	0	0	0	0	0	0	0	0	0	0	0	0	0	0	0	0	0	0	0	0	0	0	0	0	0	0	0	0	
84684	Rectus_R	0	0	0	172	442	8592	0	0	0	714	0	0	0	0	170	1766	0	0	92	184	1310	4052	0	220	514	7836	1348	0	184	1170	892	3016	0	92	0	0	0	0	0	0	0	0	0	0	0	0	0	0	0	0	0	0	0	0	0	0	0	0	0	0	0	0	0	0	0	0	0	0	0	0	956	5116	478	3026	0	0	0	0	0	0	0	0	0	0	0	0	0	0	0	0	0	0	0	0	0	0	0	0	0	0	0	0	0	0	0	0	0	0	0	0	0	0	0	0	0	0	
577240	Insula_L	12188	1680	24290	668	7620	594	10586	0	3878	0	10704	0	19624	92	14442	0	21740	0	18446	844	4768	722	10576	882	0	606	1632	184	0	0	11438	1090	182	426	110	94	15294	134	1706	102	3528	0	118	0	0	0	0	0	0	0	784	0	118	0	5386	0	6068	0	0	0	1516	400	2556	410	0	0	146	0	1580	0	4256	1016	27042	280	2060	0	1916	306	7980	0	9672	0	4834	0	2872	0	122	0	6212	0	0	0	0	0	0	0	0	0	100	0	0	0	0	0	0	0	0	0	0	0	0	0	0	0	0	0	
419704	Insula_R	296	2662	122	19228	0	9530	200	4404	0	1280	0	10912	0	9174	0	7658	0	16826	3010	14026	332	3598	250	10698	0	6868	98	1170	0	0	418	10362	0	3810	0	90	86	7656	0	2460	0	1210	0	1340	0	886	0	246	0	940	0	948	0	902	0	5834	0	976	0	130	0	294	0	188	0	168	0	1788	0	178	546	1820	282	22254	0	658	0	1138	0	3258	0	5340	0	2228	0	3078	0	0	0	5622	0	0	0	0	0	0	170	0	0	102	0	0	0	0	0	0	0	0	0	104	0	0	0	0	0	0	
509180	Cingulum_Ant_L	856	436	19196	4184	5040	1890	6128	1110	480	0	3398	236	8180	470	898	110	486	0	9962	4060	2084	2188	40700	11198	4358	3482	3722	892	11438	418	0	33512	16004	14532	854	118	268	0	0	0	160	0	0	0	0	0	0	0	0	0	0	0	0	0	0	0	314	0	0	0	0	0	0	0	0	0	250	0	130	90	10678	6052	13486	3812	932	410	4806	264	158	0	160	0	0	0	0	0	0	0	0	0	0	0	0	0	0	0	0	0	0	0	0	0	0	0	0	0	0	0	0	0	0	0	0	0	0	0	
822512	Cingulum_Ant_R	3026	1128	7960	40962	604	28184	7584	7224	0	554	1442	2314	880	9244	160	1754	352	234	15566	24686	1084	3648	19782	54024	712	28264	526	3016	1090	10362	33512	0	13080	39132	124	104	138	238	0	0	0	0	0	0	0	0	0	0	0	0	0	0	0	0	0	0	210	0	0	0	0	0	0	0	0	0	0	0	0	0	4346	23160	2336	14796	208	1606	1160	538	202	0	0	0	0	0	0	0	0	0	0	0	0	0	0	0	0	0	0	0	0	0	0	0	0	0	0	0	0	0	0	0	0	0	0	0	0	0	
305136	Cingulum_Mid_L	94	978	11196	3820	0	1246	6848	562	0	0	106	0	152	132	0	0	0	0	11614	7664	0	0	15312	6322	0	714	0	0	182	0	16004	13080	0	28990	5848	1222	0	0	0	0	0	0	0	0	338	140	0	0	766	0	726	0	0	0	0	0	0	174	0	0	0	0	0	0	0	0	5298	1136	5768	1614	1646	0	1300	0	0	0	1424	0	0	0	0	0	0	0	152	0	0	0	0	0	0	0	0	0	0	0	0	0	0	0	0	0	0	0	0	0	0	0	0	0	0	0	0	0	0	0	
747040	Cingulum_Mid_R	4388	2060	8252	29576	0	5766	3472	6106	0	0	376	998	390	1894	0	656	0	586	32918	51362	112	676	16400	26672	0	3718	0	92	426	3810	14532	39132	28990	0	3040	6768	116	188	0	0	0	0	0	1262	114	9018	0	714	0	4000	126	396	0	0	0	86	1182	2580	320	128	186	1694	0	1446	0	564	2000	14360	15102	15178	1520	690	1542	2278	0	424	1084	124	0	168	0	226	0	0	0	580	0	0	0	956	0	0	0	0	0	0	0	0	0	0	0	0	0	0	0	0	0	0	0	0	0	0	0	0	0	0	
174280	Cingulum_Post_L	2196	590	0	0	0	0	0	0	0	0	0	0	0	0	0	0	130	0	176	1266	0	0	0	0	0	0	0	0	110	0	854	124	5848	3040	0	13136	4706	4866	2648	1568	0	0	3194	0	2230	242	2818	0	216	0	1070	86	328	442	1648	1254	6642	988	610	0	244	0	0	0	214	0	9694	1774	4690	2178	0	0	0	0	0	0	472	2306	184	0	208	114	0	0	398	316	0	0	160	886	118	0	0	0	0	0	0	0	158	0	0	0	0	0	0	0	0	0	0	0	0	0	0	0	0	0	
160196	Cingulum_Post_R	1984	858	0	0	0	0	0	0	0	0	0	0	0	0	0	0	0	0	392	3190	0	0	0	0	0	0	0	0	94	90	118	104	1222	6768	13136	0	3466	7780	1340	2150	0	0	0	834	0	1198	432	1288	0	496	110	520	0	892	636	2426	2940	1930	0	0	0	0	0	0	0	0	1544	8444	2930	4222	0	0	0	0	0	0	664	2738	158	0	0	144	0	0	0	592	0	0	0	1702	0	0	0	0	0	0	0	150	0	0	0	0	0	0	0	0	0	0	0	0	416	0	0	0	0	0	
353480	Hippocampus_L	8892	1450	4252	122	0	0	1462	0	0	0	524	0	0	0	792	0	1664	0	3246	102	1142	0	356	0	0	0	0	0	15294	86	268	138	0	116	4706	3466	0	3838	21448	1826	6778	0	1982	0	464	0	4054	0	0	0	842	0	2338	0	22522	162	1200	0	0	0	318	292	498	292	182	0	4162	154	2832	0	572	0	12612	0	878	0	5298	3502	2304	0	4826	0	1680	0	4696	0	222	0	13152	0	918	0	0	0	138	0	588	0	1092	0	0	0	0	0	0	0	0	0	0	0	0	0	0	0	0	0	
343684	Hippocampus_R	2454	7276	0	996	0	110	142	364	0	0	0	1488	0	198	0	200	0	1254	0	1610	0	0	0	122	0	86	0	0	134	7656	0	238	0	188	4866	7780	3838	0	1394	28286	0	8368	0	604	0	236	380	4208	0	0	98	0	0	1048	376	26630	1526	1552	0	0	0	0	0	98	0	0	354	4116	1016	1166	0	142	0	12380	0	648	1522	6510	178	1098	90	4246	0	1740	0	4328	0	0	0	13058	0	284	0	0	246	0	560	1198	0	500	0	0	0	0	0	0	0	0	0	242	416	0	0	0	0	0	
188240	ParaHippocampal_L	2520	356	1276	86	0	0	738	0	0	0	106	0	0	0	446	0	228	0	860	0	654	0	0	0	0	0	0	0	1706	0	0	0	0	0	2648	1340	21448	1394	0	804	2256	122	1740	0	386	0	4312	148	0	0	830	0	2112	0	15606	160	310	0	0	0	0	0	108	0	0	0	3780	0	816	0	0	0	4500	130	146	0	1832	1266	286	0	1278	0	1136	0	1254	0	864	0	1446	0	2870	0	346	0	286	0	3362	0	3610	0	0	0	116	0	0	0	0	0	0	96	0	0	0	0	0	0	
198320	ParaHippocampal_R	510	1046	0	196	0	0	0	86	0	0	0	272	0	0	0	0	0	198	0	342	0	140	0	0	0	0	0	0	102	2460	0	0	0	0	1568	2150	1826	28286	804	0	0	6810	0	384	0	0	186	4056	0	0	0	0	0	114	164	19896	0	0	0	0	0	0	0	0	0	0	98	1384	0	0	0	0	0	5090	0	430	724	3546	132	584	0	2158	0	1190	0	1590	0	520	0	5858	0	384	0	0	0	232	158	2646	0	590	0	0	0	0	0	0	0	0	0	100	150	0	0	0	0	0	
48320	Amygdala_L	0	0	0	0	620	0	0	0	130	0	0	0	0	0	732	0	0	0	0	0	1708	112	0	0	0	0	734	0	3528	0	160	0	0	0	0	0	6778	0	2256	0	0	0	0	0	0	0	0	0	0	0	0	0	0	0	3538	0	0	0	0	0	0	0	0	0	0	0	0	0	0	0	604	92	770	0	0	0	0	0	0	0	122	0	1280	0	0	0	462	0	534	0	0	0	0	0	0	0	0	0	0	0	0	0	0	0	0	0	0	0	0	0	0	0	0	0	0	0	
57832	Amygdala_R	0	1050	0	0	0	0	0	0	0	0	0	0	0	0	0	0	0	0	0	0	0	520	0	0	0	0	0	0	0	1210	0	0	0	0	0	0	0	8368	122	6810	0	0	0	0	0	0	0	0	0	0	0	0	0	0	0	5292	0	0	0	0	0	0	0	0	0	0	0	0	0	0	0	0	0	1024	0	0	0	1346	0	0	0	122	0	1658	0	168	0	178	0	744	0	0	0	0	0	0	180	0	0	0	0	0	0	0	0	0	0	0	0	124	0	0	0	0	0	0	
239336	Calcarine_L	454	0	0	0	0	0	0	0	0	0	0	0	0	0	0	0	0	0	0	0	0	0	0	0	0	0	0	0	118	0	0	0	0	0	3194	0	1982	0	1740	0	0	0	0	4882	14694	4200	15804	1706	11400	1266	21424	0	6286	0	3312	550	990	158	362	0	522	0	352	0	430	0	12784	894	322	172	0	0	0	0	0	0	0	0	288	0	426	0	0	0	2186	0	0	0	666	0	414	0	0	0	0	0	630	0	1044	0	0	0	0	0	362	250	0	0	0	0	1398	868	0	410	400	328	
243796	Calcarine_R	158	1444	0	0	0	0	0	0	0	0	0	216	0	0	0	0	0	186	0	238	0	0	0	0	0	0	0	0	0	1340	0	0	0	1262	0	834	0	604	0	384	0	0	4882	0	1304	22862	668	16040	0	18794	0	10660	0	3734	0	6534	100	452	0	186	0	764	0	0	0	1046	502	18122	230	876	0	0	0	230	0	158	0	0	0	0	0	0	0	0	0	3438	0	0	0	3326	0	0	0	0	0	0	0	134	0	0	0	0	0	0	0	0	0	0	0	0	94	96	0	0	0	0	
167128	Cuneus_L	372	0	0	0	0	0	0	0	0	0	0	0	0	0	0	0	90	0	0	0	0	0	0	0	0	0	0	0	0	0	0	0	338	114	2230	0	464	0	386	0	0	0	14694	1304	0	3908	2862	108	17376	448	10608	0	1708	0	1466	0	1976	240	1614	0	248	0	0	0	180	0	14530	1472	2022	308	0	0	0	0	0	0	0	0	234	0	314	0	0	0	1156	0	0	0	388	0	172	0	0	0	0	0	0	0	234	0	0	0	0	0	0	0	0	0	0	0	0	0	0	0	0	0	
304584	Cuneus_R	0	1628	0	0	0	0	0	0	0	0	0	566	0	0	0	0	0	536	0	294	0	0	0	0	0	0	0	0	0	886	0	0	140	9018	242	1198	0	236	0	0	0	0	4200	22862	3908	0	296	5462	94	35094	0	13066	0	2614	0	2390	0	1454	0	1938	0	3432	0	1606	0	2764	2178	26518	220	844	0	98	0	614	0	122	0	0	0	192	0	326	0	0	0	2406	0	0	0	2850	0	0	0	0	0	0	0	0	0	0	0	0	0	0	0	0	0	0	0	0	0	0	0	0	0	0	
386056	Lingual_L	460	0	0	0	0	0	0	0	0	0	0	0	0	0	0	0	0	0	0	0	0	0	0	0	0	0	0	0	0	0	0	0	0	0	2818	432	4054	380	4312	186	0	0	15804	668	2862	296	0	3562	3070	222	17262	0	9408	0	21844	380	578	0	88	0	110	0	0	0	88	0	7942	0	236	0	0	0	90	0	0	0	562	320	98	0	140	0	0	0	1492	0	0	0	602	0	15546	1286	2750	306	492	0	19490	1056	26518	2326	206	0	488	178	540	522	0	0	416	434	10128	6982	328	1028	882	760	
286564	Lingual_R	94	296	0	0	0	0	0	0	0	0	0	0	0	0	0	0	0	0	0	128	0	0	0	0	0	0	0	0	0	246	0	0	0	714	0	1288	0	4208	148	4056	0	0	1706	16040	108	5462	3562	0	0	4748	170	3758	98	3094	436	14876	0	100	0	0	0	486	0	0	0	658	0	9664	118	422	0	0	0	0	0	0	0	396	0	0	0	0	0	0	0	1038	0	0	0	1556	3510	9710	3978	1032	150	172	960	6162	5780	12300	0	0	0	138	0	0	0	0	0	360	5316	10200	3840	0	0	0	
176044	Occipital_Sup_L	0	0	0	0	0	0	0	0	0	0	0	0	0	0	0	0	0	0	0	0	0	0	0	0	0	0	0	0	0	0	0	0	766	0	216	0	0	0	0	0	0	0	11400	0	17376	94	3070	0	0	0	29626	0	1386	0	392	0	312	0	5444	0	618	0	0	0	814	0	11144	346	904	0	0	0	0	0	0	0	0	0	0	0	0	0	0	0	3702	0	0	0	412	0	0	0	0	0	0	0	0	0	0	0	0	0	0	0	0	0	0	0	0	0	0	0	0	0	0	0	
286516	Occipital_Sup_R	0	1752	0	0	0	0	0	0	0	0	0	304	0	0	0	0	0	284	0	0	0	0	0	0	0	0	0	0	0	940	0	0	0	4000	0	496	0	0	0	0	0	0	1266	18794	448	35094	222	4748	0	0	0	24426	0	4102	0	3622	0	1450	0	4646	0	4146	0	424	0	7704	594	15876	0	506	0	0	0	312	0	132	0	0	0	106	0	166	0	0	0	3056	0	0	0	3642	0	0	0	0	0	0	0	0	0	0	0	0	0	0	0	0	0	0	0	0	0	0	0	0	0	0	
474660	Occipital_Mid_L	7288	150	92	0	0	0	304	0	0	0	0	0	0	0	0	0	754	0	0	0	0	0	0	0	0	0	0	0	784	0	0	0	726	126	1070	110	842	98	830	0	0	0	21424	0	10608	0	17262	170	29626	0	0	0	24176	0	9510	0	8726	632	9780	0	17696	0	2314	0	22814	0	12560	122	1424	642	0	92	0	0	0	0	0	166	772	0	1404	0	0	0	23992	0	0	0	5350	0	834	0	220	0	0	0	0	0	1552	0	0	0	0	0	0	0	0	0	0	0	0	288	0	0	0	0	
228924	Occipital_Mid_R	0	1584	0	0	0	0	0	0	0	0	0	192	0	0	0	0	0	132	0	0	0	0	0	0	0	0	0	0	0	948	0	0	0	396	86	520	0	0	0	0	0	0	0	10660	0	13066	0	3758	0	24426	0	0	0	6670	0	4966	0	772	0	3894	0	6550	0	0	0	14026	286	8550	0	488	0	0	0	164	0	114	0	0	0	0	0	226	0	0	0	8026	0	0	0	3962	0	0	0	0	0	0	0	0	0	0	0	0	0	0	0	0	0	0	0	0	0	0	0	0	0	0	
173240	Occipital_Inf_L	744	0	0	0	0	0	0	0	0	0	0	0	0	0	0	0	0	0	0	0	0	0	0	0	0	0	0	0	118	0	0	0	0	0	328	0	2338	0	2112	0	0	0	6286	0	1708	0	9408	98	1386	0	24176	0	0	0	11686	0	1118	0	0	0	196	0	174	0	188	0	2522	0	100	0	0	0	0	0	0	0	0	0	390	0	1144	0	0	0	7722	0	0	0	6882	0	1840	0	398	0	0	0	408	0	2514	0	0	0	0	0	0	0	0	0	0	0	398	238	0	0	0	0	
93448	Occipital_Inf_R	0	794	0	0	0	0	0	0	0	0	0	158	0	0	0	0	0	310	0	0	0	0	0	0	0	0	0	0	0	902	0	0	0	0	442	892	0	1048	0	114	0	0	0	3734	0	2614	0	3094	0	4102	0	6670	0	0	0	7414	336	654	0	0	0	0	0	0	0	96	0	1822	0	442	0	0	0	130	0	0	0	0	0	98	0	0	0	0	0	1918	0	0	0	8098	0	428	0	0	0	0	0	96	0	318	0	0	0	0	0	0	0	0	0	0	0	0	0	0	0	0	
468408	Fusiform_L	1946	218	978	0	0	0	118	0	0	0	114	0	0	0	0	0	636	0	976	0	0	0	0	0	0	0	0	0	5386	0	0	0	0	0	1648	636	22522	376	15606	164	3538	0	3312	0	1466	0	21844	436	392	0	9510	0	11686	0	0	140	1580	92	0	0	116	0	154	0	0	0	4250	0	762	0	0	0	2856	0	0	0	694	304	786	0	4044	0	1800	0	6228	0	1328	0	18134	0	25974	400	2060	144	266	0	16206	348	33086	604	210	0	550	100	138	226	0	0	0	0	4024	1854	0	532	360	346	
438472	Fusiform_R	296	2472	0	242	0	0	0	0	0	0	0	778	0	0	0	102	0	1090	0	780	0	0	0	0	0	0	0	0	0	5834	0	0	0	86	1254	2426	162	26630	160	19896	0	5292	550	6534	0	2390	380	14876	0	3622	0	4966	0	7414	140	0	730	1226	0	0	0	1640	0	122	0	2150	0	3988	174	1058	0	0	0	5826	0	542	0	674	0	1030	0	4430	0	4026	0	8526	0	2130	0	27804	914	12830	960	596	0	656	394	7742	1214	14604	0	0	0	330	0	86	0	0	0	142	1632	1868	820	0	0	0	
394304	Postcentral_L	41350	5472	2272	532	0	118	1902	0	0	0	5584	114	478	0	0	0	9244	0	1782	1094	0	0	218	164	0	128	0	0	6068	0	314	210	0	1182	6642	2940	1200	1526	310	0	0	0	990	100	1976	0	578	0	312	0	8726	0	1118	336	1580	730	0	3286	9674	0	23306	904	10678	900	4120	0	5178	340	6412	3284	834	358	734	0	188	0	3106	1130	2862	0	6018	0	0	0	4056	0	0	0	1678	534	112	0	0	0	0	0	0	0	170	0	0	0	0	0	0	0	0	0	0	0	0	0	0	0	0	0	
202264	Postcentral_R	2074	12318	152	298	0	0	384	360	0	0	0	4884	0	0	0	0	124	1328	254	3292	0	0	0	0	0	0	0	0	0	976	0	0	174	2580	988	1930	0	1552	0	0	0	0	158	452	240	1454	0	100	0	1450	632	772	0	654	92	1226	3286	0	450	4496	602	5530	190	9598	286	586	598	5560	5174	15194	172	224	0	986	0	298	586	1024	0	242	158	1428	0	0	92	1070	0	0	0	2404	0	0	0	0	0	0	0	0	0	0	0	0	0	0	0	0	0	0	0	0	0	0	0	0	0	0	
130252	Parietal_Sup_L	3118	0	0	0	0	0	0	0	0	0	0	0	0	0	0	0	180	0	0	86	0	0	0	0	0	0	0	0	0	0	0	0	0	320	610	0	0	0	0	0	0	0	362	0	1614	0	88	0	5444	0	9780	0	0	0	0	0	9674	450	0	0	11742	0	388	0	5232	0	13582	312	652	532	0	0	0	0	0	0	244	116	0	0	274	0	0	0	326	0	0	0	0	0	0	0	0	0	0	0	0	0	0	0	0	0	0	0	0	0	0	0	0	0	0	0	0	0	0	0	
67648	Parietal_Sup_R	0	180	0	0	0	0	0	0	0	0	0	144	0	0	0	0	0	134	0	0	0	0	0	0	0	0	0	0	0	130	0	0	0	128	0	0	0	0	0	0	0	0	0	186	0	1938	0	0	0	4646	0	3894	0	0	0	0	0	4496	0	0	0	3330	0	126	0	5244	178	7952	0	990	0	0	0	128	0	0	0	0	0	0	0	0	0	0	0	0	0	0	0	0	0	0	0	0	0	0	0	0	0	0	0	0	0	0	0	0	0	0	0	0	0	0	0	0	0	0	
262708	Parietal_Inf_L	8178	2614	100	0	0	0	532	0	0	0	388	0	0	0	0	0	466	0	142	214	0	0	0	0	0	0	0	0	1516	0	0	0	0	186	244	0	318	0	0	0	0	0	522	0	248	0	110	0	618	0	17696	0	196	0	116	0	23306	602	11742	0	0	88	21210	88	23114	0	1686	0	386	598	542	106	130	0	0	0	1374	434	346	0	1398	0	0	0	5670	0	0	0	4130	0	0	0	0	0	0	0	0	0	0	0	0	0	0	0	0	0	0	0	0	0	0	0	0	0	0	0	
210868	Parietal_Inf_R	2258	3150	864	194	0	0	526	452	0	0	156	3110	0	0	0	0	244	298	1280	230	0	0	0	0	0	0	0	0	400	294	0	0	0	1694	0	0	292	0	0	0	0	0	0	764	0	3432	0	486	0	4146	0	6550	0	0	0	1640	904	5530	0	3330	88	0	0	17466	0	22642	0	3950	844	238	596	598	1002	424	0	282	278	100	0	0	0	774	0	0	0	8902	0	0	0	5026	0	0	0	0	0	0	0	0	0	0	0	0	0	0	0	0	0	0	0	0	0	0	0	0	0	0	
172404	SupraMarginal_L	5972	1044	204	0	0	0	150	0	0	0	520	0	0	0	0	0	3546	0	160	0	0	0	0	0	0	0	0	0	2556	0	0	0	0	0	0	0	498	0	108	0	0	0	352	0	0	0	0	0	0	0	2314	0	174	0	154	0	10678	190	388	0	21210	0	0	0	10206	0	454	0	86	184	0	0	302	0	0	0	206	0	1344	0	9022	0	0	0	9218	0	0	0	4962	0	0	0	0	0	0	0	0	0	0	0	0	0	0	0	0	0	0	0	0	0	0	0	0	0	0	0	
141984	SupraMarginal_R	2304	3830	882	192	0	0	560	472	0	0	156	3750	0	0	0	0	252	2024	1310	244	0	0	0	0	0	0	0	0	410	188	0	0	0	1446	0	0	292	98	0	0	0	0	0	0	0	1606	0	0	0	424	0	0	0	0	0	122	900	9598	0	126	88	17466	0	0	0	4494	0	2486	832	150	780	616	1004	434	0	310	310	104	0	160	0	4560	0	0	0	3510	0	0	0	2502	0	0	0	0	0	0	0	0	0	0	0	0	0	0	0	0	0	0	0	0	0	0	0	0	0	0	
180948	Angular_L	3348	98	0	0	0	0	186	0	0	0	0	0	0	0	0	0	0	0	0	0	0	0	0	0	0	0	0	0	0	0	0	0	0	0	214	0	182	0	0	0	0	0	430	0	180	0	88	0	814	0	22814	0	188	0	0	0	4120	286	5232	0	23114	0	10206	0	0	0	662	0	248	268	0	0	0	0	0	0	0	112	0	0	1210	0	0	0	10146	0	0	0	6328	0	0	0	0	0	0	0	0	0	0	0	0	0	0	0	0	0	0	0	0	0	0	0	0	0	0	0	
173996	Angular_R	0	230	0	0	0	0	0	0	0	0	0	0	0	0	0	0	0	192	0	0	0	0	0	0	0	0	0	0	0	168	0	0	0	564	0	0	0	0	0	0	0	0	0	1046	0	2764	0	658	0	7704	0	14026	0	96	0	2150	0	586	0	5244	0	22642	0	4494	0	0	0	2250	0	144	0	0	0	0	0	0	0	0	0	0	0	2786	0	0	0	12754	0	0	0	6500	0	0	0	0	0	0	0	0	0	0	0	0	0	0	0	0	0	0	0	0	0	0	0	0	0	0	
281964	Precuneus_L	1430	112	0	0	0	0	0	0	0	0	0	0	0	0	0	0	198	0	0	510	0	0	0	0	0	0	0	0	146	0	250	0	5298	2000	9694	1544	4162	354	3780	98	0	0	12784	502	14530	2178	7942	0	11144	594	12560	286	2522	0	4250	0	5178	598	13582	178	1686	0	454	0	662	0	0	5100	7122	1692	0	0	0	0	0	0	212	150	206	0	568	0	0	0	2028	0	0	0	784	90	770	0	0	0	0	0	108	0	946	0	0	0	0	0	0	0	0	0	0	0	0	0	0	0	0	0	
360324	Precuneus_R	650	3356	0	110	0	0	0	0	0	0	0	1550	0	0	0	0	0	1194	94	2550	0	0	0	0	0	0	0	0	0	1788	0	0	1136	14360	1774	8444	154	4116	0	1384	0	0	894	18122	1472	26518	0	9664	346	15876	122	8550	0	1822	0	3988	340	5560	312	7952	0	3950	0	2486	0	2250	5100	0	1858	6918	0	212	0	1512	0	418	0	356	0	362	0	480	0	0	0	3200	0	0	0	5978	0	0	0	0	0	0	0	372	0	0	0	0	0	0	0	0	0	0	0	0	512	0	0	0	0	0	
350704	Paracentral_Lobule_L	26092	8776	7344	1962	0	0	666	0	0	0	270	0	0	0	0	0	422	0	12118	18508	0	0	0	0	0	0	0	0	1580	0	130	0	5768	15102	4690	2930	2832	1016	816	0	0	0	322	230	2022	220	236	118	904	0	1424	0	100	0	762	174	6412	5174	652	0	386	844	86	832	248	0	7122	1858	0	17308	2414	622	5900	92	3282	0	2742	418	88	0	198	0	0	0	628	0	0	0	250	170	0	0	0	0	0	0	0	0	92	0	0	0	0	0	0	0	0	0	0	0	0	0	0	0	0	0	
219432	Paracentral_Lobule_R	6440	4168	0	248	0	0	0	0	0	0	0	244	0	0	0	0	112	152	252	15964	0	0	0	0	0	0	0	0	0	178	90	0	1614	15178	2178	4222	0	1166	0	0	0	0	172	876	308	844	0	422	0	506	642	488	0	442	0	1058	3284	15194	532	990	598	238	184	150	268	144	1692	6918	17308	0	0	0	0	288	0	96	0	246	0	0	166	1012	0	0	100	790	0	0	0	1554	0	0	0	0	0	0	0	0	0	0	0	0	0	0	0	0	0	0	0	0	0	0	0	0	0	0	
374208	Caudate_L	11384	2856	5664	2774	2512	1936	6426	1230	342	0	1434	262	950	332	1656	122	756	0	10060	4336	8274	9492	1848	1644	380	2090	3322	956	4256	546	10678	4346	1646	1520	0	0	572	0	0	0	604	0	0	0	0	0	0	0	0	0	0	0	0	0	0	0	834	172	0	0	542	596	0	780	0	0	0	0	2414	0	0	16916	29142	7620	5836	710	13510	826	0	0	0	0	0	0	0	0	0	0	0	0	0	0	0	0	0	0	0	0	0	0	0	0	0	0	0	0	0	0	0	0	0	0	0	0	0	0	
459892	Caudate_R	4758	9990	1068	8876	938	13214	6436	352	166	376	1526	782	392	332	674	1088	310	308	3334	17028	5442	11058	498	11012	268	18644	1366	5116	1016	1820	6052	23160	0	690	0	0	0	142	0	0	92	0	0	0	0	98	0	0	0	0	92	0	0	0	0	0	358	224	0	0	106	598	0	616	0	0	0	212	622	0	16916	0	9280	22602	1754	3960	648	13346	190	0	0	0	0	0	0	0	0	0	0	0	0	0	0	0	0	0	0	0	0	0	0	0	0	0	0	0	0	0	0	0	0	0	0	0	0	0	
490244	Putamen_L	10146	2854	19672	1642	5326	1102	2968	0	2982	0	2000	0	2910	108	5294	0	2370	0	21044	2742	5368	6724	6178	960	374	1160	2128	478	27042	282	13486	2336	1300	1542	0	0	12612	0	4500	0	770	0	0	0	0	0	90	0	0	0	0	0	0	0	2856	0	734	0	0	0	130	1002	302	1004	0	0	0	0	5900	0	29142	9280	0	5434	8972	286	5682	188	102	0	1322	0	338	0	174	0	0	0	1456	0	100	0	0	0	0	0	104	0	124	0	0	0	0	0	0	0	0	0	0	0	0	0	0	0	0	0	
452228	Putamen_R	734	1842	364	9752	690	9672	644	2406	110	400	0	6300	104	1934	454	974	0	4802	2554	14078	3628	7196	724	7756	290	13924	1014	3026	280	22254	3812	14796	0	2278	0	0	0	12380	130	5090	0	1024	0	230	0	614	0	0	0	312	0	164	0	130	0	5826	0	986	0	128	0	424	0	434	0	0	0	1512	92	288	7620	22602	5434	0	806	8998	120	1602	0	552	0	2242	0	1046	0	2004	0	0	0	3524	0	0	0	0	166	0	528	0	0	0	0	0	0	0	0	0	0	0	0	314	0	0	0	0	0	0	
92332	Pallidum_L	4482	0	4568	174	310	250	192	0	146	0	324	0	348	0	160	0	482	0	4472	90	344	1454	594	192	0	264	0	0	2060	0	932	208	0	0	0	0	878	0	146	0	0	0	0	0	0	0	0	0	0	0	0	0	0	0	0	0	188	0	0	0	0	0	0	0	0	0	0	0	3282	0	5836	1754	8972	806	0	234	1866	0	0	0	158	0	0	0	0	0	0	0	0	0	0	0	0	0	0	0	0	0	0	0	0	0	0	0	0	0	0	0	0	0	0	0	0	0	0	0	
75160	Pallidum_R	412	996	112	2780	0	1218	386	400	0	0	0	1750	0	180	0	0	0	470	474	3082	0	280	0	756	0	2504	0	0	0	658	410	1606	0	424	0	0	0	648	0	430	0	0	0	158	0	122	0	0	0	132	0	114	0	0	0	542	0	298	0	0	0	282	0	310	0	0	0	418	0	96	710	3960	286	8998	234	0	0	238	0	92	0	120	0	0	0	90	0	0	0	404	0	0	0	0	0	0	0	0	0	0	0	0	0	0	0	0	0	0	0	0	0	0	0	0	0	0	
154528	Thalamus_L	9608	2242	554	282	0	236	716	0	0	0	152	86	0	0	0	0	408	0	256	232	0	0	1184	356	0	188	0	0	1916	0	4806	1160	1424	1084	472	664	5298	1522	1832	724	0	0	0	0	0	0	562	0	0	0	0	0	0	0	694	0	3106	586	244	0	1374	278	206	310	0	0	212	0	2742	0	13510	648	5682	120	1866	0	0	6408	200	0	338	0	0	0	240	0	0	0	536	0	0	0	0	0	0	0	0	0	0	0	0	0	0	0	0	0	0	0	0	0	0	0	0	0	0	0	
171476	Thalamus_R	3626	22434	312	1566	0	142	366	324	0	0	0	386	0	0	0	0	0	214	404	784	0	0	0	136	0	134	0	0	306	1138	264	538	0	124	2306	2738	3502	6510	1266	3546	0	1346	0	0	0	0	320	396	0	0	166	0	0	0	304	674	1130	1024	116	0	434	100	0	104	112	0	150	356	418	246	826	13346	188	1602	0	238	6408	0	184	118	122	260	0	0	0	300	0	0	90	328	0	0	0	0	166	0	568	176	0	0	0	0	0	0	0	0	0	0	0	356	0	0	0	0	0	0	
89896	Heschl_L	2818	142	1044	0	0	182	748	0	0	0	876	0	0	0	0	0	7172	0	832	0	0	0	0	198	0	180	0	0	7980	0	158	202	0	0	184	158	2304	178	286	132	0	0	288	0	234	0	98	0	0	0	772	0	390	0	786	0	2862	0	0	0	346	0	1344	0	0	0	206	0	88	0	0	190	102	0	0	0	200	184	0	0	6894	0	0	0	3500	0	0	0	690	0	0	0	0	0	0	0	0	0	0	0	0	0	0	0	0	0	0	0	0	0	0	0	0	0	0	0	
31888	Heschl_R	0	434	0	0	0	0	0	126	0	0	0	510	0	0	0	0	0	2890	0	402	0	0	0	0	0	0	0	0	0	3258	0	0	0	168	0	0	0	1098	0	584	0	0	0	0	0	192	0	0	0	106	0	0	0	98	0	1030	0	242	0	0	0	0	0	160	0	0	0	362	0	0	0	0	0	552	0	92	0	118	0	0	0	2448	0	0	0	290	0	0	0	784	0	0	0	0	0	0	0	0	0	0	0	0	0	0	0	0	0	0	0	0	0	0	0	0	0	0	
242976	Temporal_Sup_L	4506	140	1246	0	0	0	250	0	0	0	2846	0	658	0	0	0	12736	0	1404	0	0	0	118	0	0	0	0	0	9672	0	160	0	0	0	208	0	4826	90	1278	0	122	0	426	0	314	0	140	0	0	0	1404	0	1144	0	4044	0	6018	158	274	0	1398	0	9022	0	1210	0	568	0	198	166	0	0	1322	0	158	0	338	122	6894	0	0	0	6494	0	28026	0	148	0	10890	0	176	0	0	0	0	0	0	0	176	0	0	0	0	0	0	0	0	0	0	0	0	0	0	0	0	0	
138796	Temporal_Sup_R	0	1338	0	150	0	0	0	136	0	0	0	386	0	0	0	954	0	3104	0	412	0	0	0	0	0	0	0	0	0	5340	0	0	0	226	114	144	0	4246	0	2158	0	122	0	0	0	326	0	0	0	166	0	226	0	0	0	4430	0	1428	0	0	0	774	0	4560	0	2786	0	480	0	1012	0	0	0	2242	0	120	0	260	0	2448	0	0	0	4542	0	17866	0	0	0	6902	0	0	0	0	0	0	0	0	0	0	0	0	0	0	0	0	0	0	0	0	0	0	0	0	0	0	
90888	Temporal_Pole_Sup_L	98	0	626	0	776	0	626	0	798	0	914	0	1666	0	4288	0	1300	0	0	0	1070	0	0	0	0	0	0	0	4834	0	0	0	0	0	0	0	1680	0	1136	0	1280	0	0	0	0	0	0	0	0	0	0	0	0	0	1800	0	0	0	0	0	0	0	0	0	0	0	0	0	0	0	0	0	338	0	0	0	0	0	0	0	6494	0	0	0	6992	0	3734	0	4994	0	0	0	0	0	0	0	0	0	0	0	0	0	0	0	0	0	0	0	0	0	0	0	0	0	0	0	
69524	Temporal_Pole_Sup_R	0	0	0	222	0	178	0	0	0	0	0	352	0	194	0	1430	0	452	0	178	0	158	0	86	0	0	0	0	0	2228	0	0	0	0	0	0	0	1740	0	1190	0	1658	0	0	0	0	0	0	0	0	0	0	0	0	0	4026	0	0	0	0	0	0	0	0	0	0	0	0	0	0	0	0	0	1046	0	0	0	0	0	0	0	4542	0	0	0	5248	0	3696	0	6138	0	0	0	0	0	0	0	0	0	0	0	0	0	0	0	0	0	0	0	0	0	0	0	0	0	0	
350308	Temporal_Mid_L	2946	0	238	0	0	0	102	0	0	0	280	0	0	0	0	0	2308	0	242	0	0	0	0	0	0	0	0	0	2872	0	0	0	152	0	398	0	4696	0	1254	0	0	0	2186	0	1156	0	1492	0	3702	0	23992	0	7722	0	6228	0	4056	92	326	0	5670	0	9218	0	10146	0	2028	0	628	100	0	0	174	0	0	0	240	0	3500	0	28026	0	6992	0	0	0	3876	0	37328	0	364	0	0	0	0	0	0	0	424	0	0	0	0	0	0	0	0	0	0	0	0	0	0	0	0	0	
254716	Temporal_Mid_R	116	1310	0	0	0	0	0	0	0	0	0	190	0	0	0	792	0	260	0	216	0	0	0	0	0	0	0	0	0	3078	0	0	0	580	316	592	0	4328	0	1590	0	168	0	3438	0	2406	0	1038	0	3056	0	8026	0	1918	0	8526	0	1070	0	0	0	8902	0	3510	0	12754	0	3200	0	790	0	0	0	2004	0	90	0	300	0	290	0	17866	0	5248	0	0	0	796	0	28478	0	0	0	0	0	0	0	0	0	116	0	0	0	0	0	0	0	0	0	0	0	0	0	0	0	0	
29000	Temporal_Pole_Mid_L	0	0	0	0	0	0	0	0	0	0	0	0	0	0	0	0	0	0	0	0	0	0	0	0	0	0	0	0	122	0	0	0	0	0	0	0	222	0	864	0	462	0	0	0	0	0	0	0	0	0	0	0	0	0	1328	0	0	0	0	0	0	0	0	0	0	0	0	0	0	0	0	0	0	0	0	0	0	0	0	0	148	0	3734	0	3876	0	0	0	3744	0	0	0	0	0	0	0	0	0	0	0	0	0	0	0	0	0	0	0	0	0	0	0	0	0	0	0	
22164	Temporal_Pole_Mid_R	0	0	0	0	0	0	0	0	0	0	0	0	0	0	0	0	0	0	0	0	0	0	0	0	0	0	0	0	0	0	0	0	0	0	0	0	0	0	0	520	0	178	0	0	0	0	0	0	0	0	0	0	0	0	0	2130	0	0	0	0	0	0	0	0	0	0	0	0	0	0	0	0	0	0	0	0	0	0	0	0	0	0	0	3696	0	796	0	0	0	3762	0	0	0	0	0	0	0	0	0	0	0	0	0	0	0	0	0	0	0	0	0	0	0	0	0	0	
283936	Temporal_Inf_L	1618	100	820	0	0	0	0	0	0	0	0	0	0	0	0	0	590	0	962	0	0	0	0	0	0	0	0	0	6212	0	0	0	0	0	160	0	13152	0	1446	0	534	0	666	0	388	0	602	0	412	0	5350	0	6882	0	18134	0	1678	0	0	0	4130	0	4962	0	6328	0	784	0	250	0	0	0	1456	0	0	0	536	90	690	0	10890	0	4994	0	37328	0	3744	0	0	0	3538	0	246	0	0	0	114	0	1888	0	140	0	154	0	0	0	0	0	0	0	0	0	0	0	0	0	
336148	Temporal_Inf_R	284	6508	0	132	0	0	0	0	0	0	0	798	0	0	0	158	0	1012	0	484	0	0	0	0	0	0	0	0	0	5622	0	0	0	956	886	1702	0	13058	0	5858	0	744	0	3326	0	2850	0	1556	0	3642	0	3962	0	8098	0	27804	534	2404	0	0	0	5026	0	2502	0	6500	90	5978	170	1554	0	0	0	3524	0	404	0	328	0	784	0	6902	0	6138	0	28478	0	3762	0	0	0	1482	0	124	0	140	0	540	0	1182	0	0	0	88	0	0	0	0	0	0	0	0	0	0	0	0	
658968	Cerebelum_Crus1_L	100	0	0	0	0	0	0	0	0	0	0	0	0	0	0	0	0	0	0	0	0	0	0	0	0	0	0	0	0	0	0	0	0	0	118	0	918	0	2870	0	0	0	414	0	172	0	15546	3510	0	0	834	0	1840	0	25974	914	112	0	0	0	0	0	0	0	0	0	770	0	0	0	0	0	100	0	0	0	0	0	0	0	176	0	0	0	364	0	0	0	3538	0	0	6840	45188	4542	4358	650	43828	1608	79502	9060	10626	100	14934	2666	1066	1184	240	0	3228	3802	16100	11738	5084	2198	2416	256	
487992	Cerebelum_Crus1_R	0	0	0	0	0	0	0	0	0	0	0	0	0	0	0	0	0	0	0	0	0	0	0	0	0	0	0	0	0	0	0	0	0	0	0	0	0	284	0	384	0	0	0	0	0	0	1286	9710	0	0	0	0	0	428	400	12830	0	0	0	0	0	0	0	0	0	0	0	0	0	0	0	0	0	0	0	0	0	0	0	0	0	0	0	0	0	0	0	0	0	1482	6840	0	9832	30408	0	2868	4740	26858	8382	60324	198	3140	728	16950	216	2302	0	0	612	964	15434	11890	10690	1952	1556	308	
619780	Cerebelum_Crus2_L	0	0	0	0	0	0	0	0	0	0	0	0	0	0	0	0	0	0	0	0	0	0	0	0	0	0	0	0	0	0	0	0	0	0	0	0	0	0	346	0	0	0	0	0	0	0	2750	3978	0	0	220	0	398	0	2060	960	0	0	0	0	0	0	0	0	0	0	0	0	0	0	0	0	0	0	0	0	0	0	0	0	0	0	0	0	0	0	0	0	246	0	45188	9832	0	14968	2750	672	16782	1402	24652	9862	42500	3426	44370	7058	7092	2588	1294	0	3038	3236	12382	11300	18148	11834	4004	554	
383892	Cerebelum_Crus2_R	0	0	0	0	0	0	0	0	0	0	0	0	0	0	0	0	0	0	0	0	0	0	0	0	0	0	0	0	0	0	0	0	0	0	0	0	0	0	0	0	0	0	0	0	0	0	306	1032	0	0	0	0	0	0	144	596	0	0	0	0	0	0	0	0	0	0	0	0	0	0	0	0	0	0	0	0	0	0	0	0	0	0	0	0	0	0	0	0	0	124	4542	30408	14968	0	150	1628	3240	2434	4356	9978	5896	23836	5516	37320	488	6426	114	240	856	1182	5112	4596	14276	7636	4076	470	
82160	Cerebelum_3_L	0	0	0	0	0	0	0	0	0	0	0	0	0	0	0	0	0	0	0	0	0	0	0	0	0	0	0	0	0	0	0	0	0	0	0	0	138	246	286	0	0	0	0	0	0	0	492	150	0	0	0	0	0	0	266	0	0	0	0	0	0	0	0	0	0	0	0	0	0	0	0	0	0	166	0	0	0	166	0	0	0	0	0	0	0	0	0	0	0	0	4358	0	2750	150	0	152	10532	150	3224	0	758	0	3660	202	1888	158	138	0	2156	5052	2186	162	332	554	608	0	
61764	Cerebelum_3_R	0	0	0	0	0	0	0	0	0	0	0	0	0	0	0	0	0	0	0	0	0	0	0	0	0	0	0	0	0	0	0	0	0	0	0	0	0	0	0	232	0	0	0	0	0	0	0	172	0	0	0	0	0	0	0	656	0	0	0	0	0	0	0	0	0	0	0	0	0	0	0	0	0	0	0	0	0	0	0	0	0	0	0	0	0	0	0	0	0	140	650	2868	672	1628	152	0	988	5176	754	4254	344	128	464	2298	0	898	0	0	382	3094	1812	0	270	838	2012	0	
518340	Cerebelum_4_5_L	102	210	0	128	0	0	0	114	0	0	0	102	0	0	0	0	0	0	0	0	0	0	0	0	0	0	0	0	0	170	0	0	0	0	0	0	588	560	3362	158	0	180	630	0	0	0	19490	960	0	0	0	0	408	0	16206	394	0	0	0	0	0	0	0	0	0	0	108	0	0	0	0	0	104	528	0	0	0	568	0	0	0	0	0	0	0	0	0	0	114	0	43828	4740	16782	3240	10532	988	0	2742	52260	6756	2412	140	6786	3164	3284	1852	434	0	3968	7266	25542	6988	1314	3798	4084	1086	
240132	Cerebelum_4_5_R	0	0	0	0	0	0	0	0	0	0	0	0	0	0	0	0	0	0	0	0	0	0	0	0	0	0	0	0	0	0	0	0	0	0	0	150	0	1198	0	2646	0	0	0	134	0	0	1056	6162	0	0	0	0	0	96	348	7742	0	0	0	0	0	0	0	0	0	0	0	372	0	0	0	0	0	0	0	0	0	176	0	0	0	0	0	0	0	0	0	0	0	540	1608	26858	1402	2434	150	5176	2742	0	2462	34146	116	162	254	3104	0	842	0	104	96	1348	13386	636	170	720	1530	0	
676840	Cerebelum_6_L	138	0	0	0	0	0	0	0	0	0	0	0	0	0	0	0	0	0	0	0	0	0	0	0	0	0	0	0	100	0	0	0	0	0	158	0	1092	0	3610	0	0	0	1044	0	234	0	26518	5780	0	0	1552	0	2514	0	33086	1214	170	0	0	0	0	0	0	0	0	0	946	0	92	0	0	0	124	0	0	0	0	0	0	0	176	0	0	0	424	0	0	0	1888	0	79502	8382	24652	4356	3224	754	52260	2462	0	11674	3110	118	4984	2798	1218	1374	140	0	3110	3528	23170	17202	3732	2728	2734	348	
469092	Cerebelum_6_R	0	116	0	0	0	0	0	0	0	0	0	0	0	0	0	0	0	0	0	0	0	0	0	0	0	0	0	0	0	102	0	0	0	0	0	0	0	500	0	590	0	0	0	0	0	0	2326	12300	0	0	0	0	0	318	604	14604	0	0	0	0	0	0	0	0	0	0	0	0	0	0	0	0	0	0	0	0	0	0	0	0	0	0	0	0	0	116	0	0	0	1182	9060	60324	9862	9978	0	4254	6756	34146	11674	0	86	284	564	3642	196	1188	0	498	688	1156	20824	15340	7764	1540	1616	348	
303336	Cerebelum_7b_L	0	0	0	0	0	0	0	0	0	0	0	0	0	0	0	0	0	0	0	0	0	0	0	0	0	0	0	0	0	0	0	0	0	0	0	0	0	0	0	0	0	0	0	0	0	0	206	0	0	0	0	0	0	0	210	0	0	0	0	0	0	0	0	0	0	0	0	0	0	0	0	0	0	0	0	0	0	0	0	0	0	0	0	0	0	0	0	0	140	0	10626	198	42500	5896	758	344	2412	116	3110	86	0	3198	43878	5082	7902	1650	1170	0	810	746	1700	730	6114	9594	2332	160	
148948	Cerebelum_7b_R	0	0	0	0	0	0	0	0	0	0	0	0	0	0	0	0	0	0	0	0	0	0	0	0	0	0	0	0	0	0	0	0	0	0	0	0	0	0	0	0	0	0	0	0	0	0	0	0	0	0	0	0	0	0	0	0	0	0	0	0	0	0	0	0	0	0	0	0	0	0	0	0	0	0	0	0	0	0	0	0	0	0	0	0	0	0	0	0	0	0	100	3140	3426	23836	0	128	140	162	118	284	3198	0	2592	25266	90	5928	0	0	0	104	208	0	2350	3036	368	0	
438100	Cerebelum_8_L	0	0	0	0	0	0	0	0	0	0	0	0	0	0	0	0	0	0	0	0	0	0	0	0	0	0	0	0	0	0	0	0	0	0	0	0	0	0	116	0	0	0	0	0	0	0	488	0	0	0	0	0	0	0	550	0	0	0	0	0	0	0	0	0	0	0	0	0	0	0	0	0	0	0	0	0	0	0	0	0	0	0	0	0	0	0	0	0	154	0	14934	728	44370	5516	3660	464	6786	254	4984	564	43878	2592	0	10236	24426	6064	4040	0	1946	2264	4320	1938	7408	18268	7598	504	
359288	Cerebelum_8_R	0	0	0	0	0	0	0	0	0	0	0	0	0	0	0	0	0	0	0	0	0	0	0	0	0	0	0	0	0	0	0	0	0	0	0	0	0	0	0	0	0	0	0	0	0	0	178	138	0	0	0	0	0	0	100	330	0	0	0	0	0	0	0	0	0	0	0	0	0	0	0	0	0	0	0	0	0	0	0	0	0	0	0	0	0	0	0	0	0	88	2666	16950	7058	37320	202	2298	3164	3104	2798	3642	5082	25266	10236	0	858	22100	0	892	1516	2132	5084	1150	4168	13074	7762	288	
143336	Cerebelum_9_L	0	0	0	0	0	0	0	0	0	0	0	0	0	0	0	0	0	0	0	0	0	0	0	0	0	0	0	0	0	0	0	0	0	0	0	0	0	0	0	0	0	0	362	0	0	0	540	0	0	0	0	0	0	0	138	0	0	0	0	0	0	0	0	0	0	0	0	0	0	0	0	0	0	0	0	0	0	0	0	0	0	0	0	0	0	0	0	0	0	0	1066	216	7092	488	1888	0	3284	0	1218	196	7902	90	24426	858	0	2566	5272	0	360	620	2450	1258	1110	3312	4376	580	
196772	Cerebelum_9_R	0	0	0	0	0	0	0	0	0	0	0	0	0	0	0	0	0	0	0	0	0	0	0	0	0	0	0	0	0	0	0	0	0	0	0	0	0	0	0	0	0	0	250	0	0	0	522	0	0	0	0	0	0	0	226	86	0	0	0	0	0	0	0	0	0	0	0	0	0	0	0	0	0	0	0	0	0	0	0	0	0	0	0	0	0	0	0	0	0	0	1184	2302	2588	6426	158	898	1852	842	1374	1188	1650	5928	6064	22100	2566	0	0	964	2450	1822	3508	2640	2962	11490	12504	1842	
