data	data	531620	257840	1.55447e+06	1.13584e+06	356100	302928	855644	299552	148292	114220	472524	308040	450076	312428	316524	207624	447304	93224	1.06416e+06	858052	117104	161020	756200	570232	90668	160312	85564	96404	987592	629944	541512	637064	439376	868504	170712	182868	316516	375924	171580	355984	55972	78660	156876	208708	125188	306320	297228	367844	179744	333924	389856	254172	139792	163100	490316	572276	310116	198100	78224	175876	305084	228192	154160	115480	203604	246404	358092	434596	277696	125828	446428	620144	579808	492280	91188	108768	178516	165024	101772	31520	243688	118748	278320	76436	298512	201892	29704	28572	271380	209196	596196	538312	446340	464240	75096	69892	377120	258816	575792	546732	311476	308928	395032	416676	144520	163156	15336	7052	46748	104324	284976	229368	334184	181160	96628	62600	
data	data	Precentral_L	Precentral_R	Frontal_Sup_L	Frontal_Sup_R	Frontal_Sup_Orb_L	Frontal_Sup_Orb_R	Frontal_Mid_L	Frontal_Mid_R	Frontal_Mid_Orb_L	Frontal_Mid_Orb_R	Frontal_Inf_Oper_L	Frontal_Inf_Oper_R	Frontal_Inf_Tri_L	Frontal_Inf_Tri_R	Frontal_Inf_Orb_L	Frontal_Inf_Orb_R	Rolandic_Oper_L	Rolandic_Oper_R	Supp_Motor_Area_L	Supp_Motor_Area_R	Olfactory_L	Olfactory_R	Frontal_Sup_Medial_L	Frontal_Sup_Medial_R	Frontal_Med_Orb_L	Frontal_Med_Orb_R	Rectus_L	Rectus_R	Insula_L	Insula_R	Cingulum_Ant_L	Cingulum_Ant_R	Cingulum_Mid_L	Cingulum_Mid_R	Cingulum_Post_L	Cingulum_Post_R	Hippocampus_L	Hippocampus_R	ParaHippocampal_L	ParaHippocampal_R	Amygdala_L	Amygdala_R	Calcarine_L	Calcarine_R	Cuneus_L	Cuneus_R	Lingual_L	Lingual_R	Occipital_Sup_L	Occipital_Sup_R	Occipital_Mid_L	Occipital_Mid_R	Occipital_Inf_L	Occipital_Inf_R	Fusiform_L	Fusiform_R	Postcentral_L	Postcentral_R	Parietal_Sup_L	Parietal_Sup_R	Parietal_Inf_L	Parietal_Inf_R	SupraMarginal_L	SupraMarginal_R	Angular_L	Angular_R	Precuneus_L	Precuneus_R	Paracentral_Lobule_L	Paracentral_Lobule_R	Caudate_L	Caudate_R	Putamen_L	Putamen_R	Pallidum_L	Pallidum_R	Thalamus_L	Thalamus_R	Heschl_L	Heschl_R	Temporal_Sup_L	Temporal_Sup_R	Temporal_Pole_Sup_L	Temporal_Pole_Sup_R	Temporal_Mid_L	Temporal_Mid_R	Temporal_Pole_Mid_L	Temporal_Pole_Mid_R	Temporal_Inf_L	Temporal_Inf_R	Cerebelum_Crus1_L	Cerebelum_Crus1_R	Cerebelum_Crus2_L	Cerebelum_Crus2_R	Cerebelum_3_L	Cerebelum_3_R	Cerebelum_4_5_L	Cerebelum_4_5_R	Cerebelum_6_L	Cerebelum_6_R	Cerebelum_7b_L	Cerebelum_7b_R	Cerebelum_8_L	Cerebelum_8_R	Cerebelum_9_L	Cerebelum_9_R	Cerebelum_10_L	Cerebelum_10_R	Vermis_1_2	Vermis_3	Vermis_4_5	Vermis_6	Vermis_7	Vermis_8	Vermis_9	Vermis_10	
531620	Precentral_L	0	654	25664	614	154	0	28348	116	0	0	20460	0	11160	0	682	0	17722	0	20264	6082	0	0	584	0	0	0	0	0	16812	0	534	0	4200	4522	2418	972	3488	256	352	206	0	0	340	244	626	0	118	222	316	0	1604	0	426	112	342	222	29948	698	0	0	5516	0	2448	0	328	0	1364	450	21646	576	2302	858	3376	0	1544	0	11698	928	3052	0	2544	0	2890	0	1058	692	0	0	404	654	0	0	0	0	0	0	0	0	0	0	0	0	0	0	0	0	0	0	0	0	0	0	0	0	0	0	
257840	Precentral_R	654	0	1356	16298	0	298	166	11100	0	0	0	6906	0	1482	0	0	138	1814	1876	8890	0	0	0	108	0	0	0	0	0	5668	0	294	0	1176	0	0	0	2536	0	498	0	0	0	622	0	1808	0	190	0	1640	0	1344	0	1252	0	1508	236	25980	0	362	0	1284	0	6278	0	1382	152	2466	640	4914	146	1450	312	1500	300	208	254	3704	0	388	0	2008	0	0	0	1492	0	0	0	3842	0	0	0	0	0	0	0	0	0	0	0	0	0	0	0	0	0	0	0	0	0	0	0	0	0	0	
1.55447e+06	Frontal_Sup_L	25664	1356	0	24744	24484	798	99488	2044	3756	158	23680	1550	27568	3032	11372	940	21718	0	103940	29108	360	378	65980	16724	2486	282	234	0	58698	2950	31194	13268	22764	30296	964	260	4656	0	1556	0	598	0	0	198	0	0	0	210	0	0	0	0	0	0	2354	0	5126	578	0	0	314	0	0	0	0	0	404	408	3254	414	26740	3320	39336	580	8764	198	6646	1388	1552	0	3144	0	11630	0	128	0	0	0	650	0	178	0	0	0	0	0	386	0	288	0	0	0	0	0	0	0	0	0	0	0	0	0	0	0	0	0	
1.13584e+06	Frontal_Sup_R	614	16298	24744	0	1012	18332	4298	35874	116	3152	534	20550	648	13182	582	7206	296	4020	24732	59816	0	436	21308	47472	334	3520	0	236	2196	32784	11356	43092	7250	34930	0	0	0	6368	0	4464	0	0	0	104	0	332	0	810	0	400	0	350	0	590	0	3308	0	2330	0	0	0	210	0	1014	0	524	0	486	490	448	11448	42568	2572	29552	208	9740	1988	3412	0	264	0	458	192	164	0	354	0	0	0	1432	0	126	0	0	0	0	0	120	0	176	0	0	0	0	0	0	0	0	0	0	0	0	0	0	0	0	
356100	Frontal_Sup_Orb_L	154	0	24484	1012	0	0	11886	364	17428	0	1910	252	12166	168	22330	0	182	0	7618	464	3232	1294	6866	258	3826	260	7830	0	21352	156	6564	872	3634	2600	0	0	0	0	108	0	180	0	0	0	0	0	0	0	0	0	0	0	0	0	0	0	0	0	0	0	0	0	0	0	0	0	0	0	0	0	4226	734	11956	0	264	0	0	0	0	0	0	0	1420	0	0	0	0	0	0	0	0	0	0	0	0	0	0	0	0	0	0	0	0	0	0	0	0	0	0	0	0	0	0	0	0	0	
302928	Frontal_Sup_Orb_R	0	298	798	18332	0	0	468	4892	0	12398	0	934	0	2420	0	9594	0	0	508	5286	0	2618	820	7974	216	10434	152	10454	122	4000	630	14012	264	1754	0	0	0	470	0	432	0	0	0	0	0	0	0	0	0	0	0	0	0	0	0	256	0	168	0	0	0	0	0	0	0	0	0	0	0	0	786	21592	512	14710	0	2826	0	334	0	0	0	0	0	0	0	0	0	0	0	0	0	0	0	0	0	0	0	0	0	0	0	0	0	0	0	0	0	0	0	0	0	0	0	0	0	0	
855644	Frontal_Mid_L	28348	166	99488	4298	11886	468	0	550	6132	0	23950	246	39900	962	9122	260	21020	0	11982	1784	290	110	20158	3456	396	0	148	0	44676	886	12376	4552	7266	7064	146	0	4206	0	1504	0	350	0	0	0	0	0	0	0	0	0	0	0	0	0	2184	0	4090	0	0	0	376	0	0	0	0	0	0	0	482	0	10556	1202	24224	184	1420	0	1094	0	1634	0	1776	0	9110	0	0	0	0	0	660	0	142	0	0	0	0	0	326	0	216	0	0	0	0	0	0	0	0	0	0	0	0	0	0	0	0	0	
299552	Frontal_Mid_R	116	11100	2044	35874	364	4892	550	0	0	1884	0	13132	164	16762	0	4406	0	2952	1710	1382	0	0	3250	8538	0	0	0	0	444	13216	1184	4552	1276	4098	0	0	0	574	0	344	0	0	0	0	0	210	0	0	0	250	0	200	0	0	0	210	0	1796	0	0	0	0	0	410	0	158	0	332	0	0	2508	3012	706	3398	218	174	340	926	0	0	0	0	0	120	0	0	0	0	0	0	0	0	0	0	0	0	0	0	0	0	0	0	0	0	0	0	0	0	0	0	0	0	0	0	0	0	
148292	Frontal_Mid_Orb_L	0	0	3756	116	17428	0	6132	0	0	0	354	0	5876	0	19688	0	112	0	328	0	842	632	156	0	860	0	3864	0	5636	0	816	0	0	0	0	0	0	0	0	0	0	0	0	0	0	0	0	0	0	0	0	0	0	0	0	0	0	0	0	0	0	0	0	0	0	0	0	0	0	0	1644	492	4706	0	128	0	0	0	0	0	0	0	580	0	0	0	0	0	0	0	0	0	0	0	0	0	0	0	0	0	0	0	0	0	0	0	0	0	0	0	0	0	0	0	0	0	
114220	Frontal_Mid_Orb_R	0	0	158	3152	0	12398	0	1884	0	0	0	260	0	1166	0	13468	0	0	158	598	0	716	230	1512	0	1424	0	3916	0	2366	0	1126	0	1016	0	0	0	138	0	282	0	0	0	0	0	0	0	0	0	0	0	0	0	0	0	0	0	0	0	0	0	0	0	0	0	0	0	0	0	0	342	4970	0	4774	0	780	0	0	0	0	0	0	0	276	0	0	0	0	0	0	0	0	0	0	0	0	0	0	0	0	0	0	0	0	0	0	0	0	0	0	0	0	0	0	0	0	
472524	Frontal_Inf_Oper_L	20460	0	23680	534	1910	0	23950	0	354	0	0	0	31600	0	4762	0	23652	0	9798	238	184	0	4486	176	0	0	0	0	39034	0	2326	502	848	676	0	0	1904	0	808	0	574	0	0	0	0	0	0	0	0	0	0	0	0	0	1640	0	8172	0	0	0	766	0	118	0	0	0	0	0	0	0	2016	104	5990	0	122	0	170	0	902	0	4722	0	16718	0	380	0	0	0	898	0	272	0	0	0	0	0	436	0	380	0	0	0	0	0	0	0	0	0	0	0	0	0	0	0	0	0	
308040	Frontal_Inf_Oper_R	0	6906	1550	20550	252	934	246	13132	0	260	0	0	0	18322	0	1374	0	6100	2542	6786	0	0	2386	5574	0	254	0	0	276	33722	508	2756	0	6462	0	0	0	874	0	604	0	0	0	0	0	0	0	150	0	0	0	0	0	0	0	390	0	2962	0	0	0	0	0	480	0	356	0	0	0	0	2296	6032	640	6808	0	238	0	702	0	194	0	0	0	402	0	0	0	0	0	0	0	0	0	0	0	0	0	0	0	0	0	0	0	0	0	0	0	0	0	0	0	0	0	0	0	0	
450076	Frontal_Inf_Tri_L	11160	0	27568	648	12166	0	39900	164	5876	0	31600	0	0	336	19076	0	5448	0	5920	686	0	0	7200	462	0	0	0	0	35114	310	2818	598	3114	2458	0	0	568	0	214	0	384	0	0	0	0	0	0	0	0	0	0	0	0	0	224	0	2986	0	0	0	310	0	0	0	0	0	0	0	0	0	504	0	1946	0	0	0	0	0	112	0	644	0	4416	0	0	0	0	0	0	0	0	0	0	0	0	0	108	0	0	0	0	0	0	0	0	0	0	0	0	0	0	0	0	0	0	0	
312428	Frontal_Inf_Tri_R	0	1482	3032	13182	168	2420	962	16762	0	1166	0	18322	336	0	0	7352	0	758	2972	6108	0	0	8462	10630	0	290	0	0	394	29302	1414	5454	2120	13134	0	0	0	170	0	152	0	0	0	0	0	0	0	0	0	0	0	0	0	0	0	0	0	248	0	0	0	0	0	108	0	104	0	0	0	0	816	4672	366	3248	0	108	0	0	0	0	0	0	0	0	0	0	0	0	0	0	0	0	0	0	0	0	0	0	0	0	0	0	0	0	0	0	0	0	0	0	0	0	0	0	0	0	
316524	Frontal_Inf_Orb_L	682	0	11372	582	22330	0	9122	0	19688	0	4762	0	19076	0	0	0	1504	0	3120	170	3698	1150	1206	0	1060	0	3930	0	26582	0	1898	272	588	480	0	0	502	0	594	0	524	0	0	0	0	0	0	0	0	0	0	0	0	0	216	0	110	0	0	0	0	0	0	0	0	0	0	0	0	0	3360	848	11948	220	318	0	0	0	0	0	368	0	5982	0	0	0	0	0	0	0	0	0	0	0	0	0	0	0	0	0	0	0	0	0	0	0	0	0	0	0	0	0	0	0	0	0	
207624	Frontal_Inf_Orb_R	0	0	940	7206	0	9594	260	4406	0	13468	0	1374	0	7352	0	0	0	0	970	2740	188	4102	2114	3692	0	388	0	4806	0	14690	662	3962	568	4366	0	0	0	790	0	894	0	734	0	0	0	0	0	0	0	0	0	0	0	0	0	294	0	0	0	0	0	0	0	0	0	0	0	0	0	0	470	4402	112	5806	0	594	0	0	0	0	0	0	0	1868	0	0	0	0	0	0	0	0	0	0	0	0	0	0	0	0	0	0	0	0	0	0	0	0	0	0	0	0	0	0	0	0	
447304	Rolandic_Oper_L	17722	138	21718	296	182	0	21020	0	112	0	23652	0	5448	0	1504	0	0	0	5694	140	0	0	1660	120	0	0	0	0	44982	0	1780	424	374	266	350	264	2724	0	682	0	136	0	0	0	0	0	0	0	388	0	746	0	256	0	1652	0	13236	0	0	0	2236	0	1558	0	632	0	402	0	252	0	2418	172	6088	0	150	0	1314	0	9768	0	11302	0	16240	0	2142	0	0	0	680	0	130	0	0	0	0	0	298	0	204	0	0	0	0	0	0	0	0	0	0	0	0	0	0	0	0	0	
93224	Rolandic_Oper_R	0	1814	0	4020	0	0	0	2952	0	0	0	6100	0	758	0	0	0	0	0	132	0	0	0	0	0	0	0	0	0	12436	0	0	0	176	0	0	0	450	0	212	0	0	0	0	0	172	0	0	0	174	0	212	0	0	0	142	0	3888	0	0	0	112	0	2110	0	462	0	184	0	0	0	812	0	3656	0	224	0	282	0	1838	0	2050	0	1134	0	110	0	0	0	0	0	0	0	0	0	0	0	0	0	0	0	0	0	0	0	0	0	0	0	0	0	0	0	0	0	0	
1.06416e+06	Supp_Motor_Area_L	20264	1876	103940	24732	7618	508	11982	1710	328	158	9798	2542	5920	2972	3120	970	5694	0	0	56176	0	462	29344	6234	580	220	0	0	24960	3858	11364	5892	21442	38154	2202	1538	1244	588	158	556	262	0	600	828	914	310	0	594	232	234	1400	210	376	532	590	1004	2718	1910	0	0	520	0	176	148	142	246	1866	1800	28898	4126	20122	5250	18950	524	4746	252	9372	3806	274	0	1564	120	3878	0	806	1046	0	0	338	1050	0	0	0	0	0	0	0	0	104	0	0	0	0	0	0	0	0	0	0	0	136	0	0	0	0	0	
858052	Supp_Motor_Area_R	6082	8890	29108	59816	464	5286	1784	1382	0	598	238	6786	686	6108	170	2740	140	132	56176	0	0	442	9448	11274	128	1498	0	0	1166	12104	4954	17428	10716	51624	568	2504	0	2598	0	2158	0	106	0	1666	0	584	0	1336	0	470	104	432	0	1304	0	2624	256	4038	0	146	0	272	0	344	0	518	226	3550	11090	8478	5490	27630	1074	13062	242	2230	822	18182	0	304	0	1446	0	0	0	1742	0	0	0	3510	0	140	0	0	0	0	0	0	0	152	0	0	0	0	0	0	0	0	0	0	260	0	0	0	0	0	
117104	Olfactory_L	0	0	360	0	3232	0	290	0	842	0	184	0	0	0	3698	188	0	0	0	0	0	6872	0	0	1466	322	3436	298	4156	0	2490	416	0	0	0	0	1306	0	1508	0	2080	0	0	0	0	0	0	0	0	0	0	0	0	0	536	0	0	0	0	0	0	0	0	0	0	0	0	0	0	0	8858	5434	6804	654	1128	290	0	0	0	0	0	0	1464	0	0	0	0	0	106	0	0	0	0	0	0	0	134	0	0	0	0	0	0	0	0	0	0	0	0	0	0	0	0	0	0	0	
161020	Olfactory_R	0	0	378	436	1294	2618	110	0	632	716	0	0	0	0	1150	4102	0	0	462	442	6872	0	0	118	1402	5480	2456	6568	422	1960	3122	4050	0	0	0	0	0	602	0	560	0	1154	0	0	0	0	0	0	0	0	0	0	0	0	0	0	0	0	0	0	0	0	0	0	0	0	0	0	0	0	8216	13038	5850	2666	2028	1076	0	0	0	0	0	0	0	530	0	0	0	0	0	0	0	0	0	0	0	0	0	0	0	0	0	0	0	0	0	0	0	0	0	0	0	0	0	0	0	0	
756200	Frontal_Sup_Medial_L	584	0	65980	21308	6866	820	20158	3250	156	230	4486	2386	7200	8462	1206	2114	1660	0	29344	9448	0	0	0	39314	4094	512	0	0	13554	7636	34346	25742	21288	35300	0	0	0	0	0	0	0	0	0	0	0	0	0	0	0	0	0	0	0	0	0	0	162	0	0	0	0	0	0	0	0	0	0	0	0	0	3176	746	5022	426	0	0	0	0	0	0	282	0	842	0	0	0	0	0	0	0	0	0	0	0	0	0	0	0	0	0	0	0	0	0	0	0	0	0	0	0	0	0	0	0	0	0	
570232	Frontal_Sup_Medial_R	0	108	16724	47472	258	7974	3456	8538	0	1512	176	5574	462	10630	0	3692	120	0	6234	11274	0	118	39314	0	798	5124	0	114	964	11620	11940	35382	5852	28074	0	0	0	326	0	292	0	0	0	0	0	0	0	0	0	0	0	0	0	0	0	146	0	0	0	0	0	0	0	0	0	0	0	0	0	0	1560	10654	784	5952	0	1772	0	126	0	0	0	0	0	0	0	0	0	0	0	0	0	0	0	0	0	0	0	0	0	0	0	0	0	0	0	0	0	0	0	0	0	0	0	0	0	0	
90668	Frontal_Med_Orb_L	0	0	2486	334	3826	216	396	0	860	0	0	0	0	0	1060	0	0	0	580	128	1466	1402	4094	798	0	3422	4502	864	502	0	7996	1844	106	140	0	0	0	0	0	0	0	0	0	0	0	0	0	0	0	0	0	0	0	0	0	0	0	0	0	0	0	0	0	0	0	0	0	0	0	0	2716	822	4774	0	0	0	0	0	0	0	0	0	0	0	0	0	0	0	0	0	0	0	0	0	0	0	0	0	0	0	0	0	0	0	0	0	0	0	0	0	0	0	0	0	0	0	
160312	Frontal_Med_Orb_R	0	0	282	3520	260	10434	0	0	0	1424	0	254	0	290	0	388	0	0	220	1498	322	5480	512	5124	3422	0	1106	7230	0	152	4144	10322	0	300	0	0	0	0	0	0	0	0	0	0	0	0	0	0	0	0	0	0	0	0	0	0	0	0	0	0	0	0	0	0	0	0	0	0	0	0	436	12296	446	7986	0	2308	0	0	0	0	0	0	0	0	0	0	0	0	0	0	0	0	0	0	0	0	0	0	0	0	0	0	0	0	0	0	0	0	0	0	0	0	0	0	0	0	
85564	Rectus_L	0	0	234	0	7830	152	148	0	3864	0	0	0	0	0	3930	0	0	0	0	0	3436	2456	0	0	4502	1106	0	1186	1086	0	2082	260	0	0	0	0	0	0	0	0	132	0	0	0	0	0	0	0	0	0	0	0	0	0	0	0	0	0	0	0	0	0	0	0	0	0	0	0	0	0	4904	1436	3878	0	160	0	0	0	0	0	0	0	0	0	0	0	0	0	0	0	0	0	0	0	0	0	0	0	0	0	0	0	0	0	0	0	0	0	0	0	0	0	0	0	0	0	
96404	Rectus_R	0	0	0	236	0	10454	0	0	0	3916	0	0	0	0	0	4806	0	0	0	0	298	6568	0	114	864	7230	1186	0	0	520	224	2078	0	0	0	0	0	0	0	140	0	0	0	0	0	0	0	0	0	0	0	0	0	0	0	0	0	0	0	0	0	0	0	0	0	0	0	0	0	0	114	5904	0	3550	0	0	0	0	0	0	0	0	0	0	0	0	0	0	0	0	0	0	0	0	0	0	0	0	0	0	0	0	0	0	0	0	0	0	0	0	0	0	0	0	0	0	
987592	Insula_L	16812	0	58698	2196	21352	122	44676	444	5636	0	39034	276	35114	394	26582	0	44982	0	24960	1166	4156	422	13554	964	502	0	1086	0	0	382	7538	1948	4952	4140	290	218	15062	0	4254	0	3098	0	0	0	0	0	134	0	0	0	154	0	118	0	8888	0	7780	0	0	0	1188	0	354	0	174	0	0	0	178	0	5638	598	24368	234	416	0	3376	0	9934	0	9634	0	25654	0	1514	0	194	0	4740	0	760	0	0	0	0	0	1538	0	1220	0	0	0	0	0	0	0	0	0	0	0	0	0	0	0	0	0	
629944	Insula_R	0	5668	2950	32784	156	4000	886	13216	0	2366	0	33722	310	29302	0	14690	0	12436	3858	12104	0	1960	7636	11620	0	152	0	520	382	0	1088	5418	1736	14330	0	0	0	11854	0	7666	0	3664	0	398	0	1186	0	242	0	1366	0	852	0	134	0	6908	0	2118	0	240	0	108	0	676	0	264	152	1754	0	0	1134	12094	450	26910	0	874	0	4044	0	2962	0	4536	0	3908	0	1068	0	234	0	2212	0	606	0	0	0	0	0	378	0	690	0	0	0	0	0	0	0	0	0	0	0	0	0	0	0	0	
541512	Cingulum_Ant_L	534	0	31194	11356	6564	630	12376	1184	816	0	2326	508	2818	1414	1898	662	1780	0	11364	4954	2490	3122	34346	11940	7996	4144	2082	224	7538	1088	0	28474	20386	16320	986	0	0	0	0	0	0	0	0	0	0	0	0	0	0	0	0	0	0	0	0	0	0	0	0	0	0	0	0	0	0	0	0	0	0	0	13968	4354	15208	2016	222	424	0	0	0	0	0	0	1050	0	0	0	0	0	0	0	0	0	0	0	0	0	0	0	0	0	0	0	0	0	0	0	0	0	0	0	0	0	0	0	0	0	
637064	Cingulum_Ant_R	0	294	13268	43092	872	14012	4552	4552	0	1126	502	2756	598	5454	272	3962	424	0	5892	17428	416	4050	25742	35382	1844	10322	260	2078	1948	5418	28474	0	8312	30982	0	0	0	252	0	214	0	0	0	0	0	0	0	0	0	0	0	0	0	0	0	0	0	150	0	0	0	0	0	0	0	0	0	274	0	0	3920	23262	2818	10328	0	2360	0	390	0	0	0	0	280	0	0	0	0	0	0	0	0	0	0	0	0	0	0	0	0	0	0	0	0	0	0	0	0	0	0	0	0	0	0	0	0	0	
439376	Cingulum_Mid_L	4200	0	22764	7250	3634	264	7266	1276	0	0	848	0	3114	2120	588	568	374	0	21442	10716	0	0	21288	5852	106	0	0	0	4952	1736	20386	8312	0	37150	3768	1054	0	0	0	0	0	0	800	314	1354	238	0	290	274	234	654	134	0	0	0	0	504	398	0	0	190	0	446	0	116	0	6286	2148	6866	616	2976	0	3152	0	0	0	0	0	0	0	232	0	252	0	186	0	0	0	0	0	0	0	0	0	0	0	0	0	0	0	0	0	0	0	0	0	0	0	0	0	0	0	0	0	0	0	
868504	Cingulum_Mid_R	4522	1176	30296	34930	2600	1754	7064	4098	0	1016	676	6462	2458	13134	480	4366	266	176	38154	51624	0	0	35300	28074	140	300	0	0	4140	14330	16320	30982	37150	0	1712	5814	0	258	0	202	0	0	0	2240	0	1160	0	2438	0	954	116	772	0	150	0	332	0	3446	0	300	0	310	0	0	0	644	1468	9364	8020	7586	3006	4340	2044	1876	0	142	0	1084	0	0	0	180	184	0	0	1040	0	0	0	644	0	0	0	0	0	0	0	0	0	0	0	0	0	0	0	0	0	0	0	0	438	0	0	0	0	0	
170712	Cingulum_Post_L	2418	0	964	0	0	0	146	0	0	0	0	0	0	0	0	0	350	0	2202	568	0	0	0	0	0	0	0	0	290	0	986	0	3768	1712	0	14986	3442	3780	2360	2366	0	0	1418	150	1014	0	2136	152	240	0	3174	0	3160	1172	3568	3710	1010	0	0	0	378	0	352	0	168	0	7612	2372	2262	0	238	0	232	0	0	0	408	1410	158	0	334	0	0	0	2118	1678	0	0	382	2106	230	282	0	0	0	0	592	0	520	282	0	0	0	0	0	0	0	0	0	0	0	0	0	0	0	0	
182868	Cingulum_Post_R	972	0	260	0	0	0	0	0	0	0	0	0	0	0	0	0	264	0	1538	2504	0	0	0	0	0	0	0	0	218	0	0	0	1054	5814	14986	0	2414	3590	1672	2328	0	0	372	1420	0	494	1138	3704	0	726	1100	1248	1642	2774	1968	5740	184	450	0	0	152	0	136	0	0	372	2728	12048	1130	1226	0	0	0	0	0	0	180	1282	164	0	150	0	0	0	738	3662	0	0	154	3694	0	320	0	0	0	0	138	242	0	266	0	0	0	0	0	0	0	0	0	0	2078	0	0	0	0	0	
316516	Hippocampus_L	3488	0	4656	0	0	0	4206	0	0	0	1904	0	568	0	502	0	2724	0	1244	0	1306	0	0	0	0	0	0	0	15062	0	0	0	0	0	3442	2414	0	2450	21242	1342	8012	0	594	0	0	0	3600	110	0	0	554	0	690	0	20432	222	1428	0	0	0	172	0	140	0	0	0	1454	510	1142	0	182	0	7184	0	344	0	10850	1872	3714	0	3904	0	4672	0	3356	0	394	0	9706	0	1078	0	0	0	118	0	3108	0	2166	0	0	0	0	0	0	0	0	0	0	0	0	0	0	0	0	0	
375924	Hippocampus_R	256	2536	0	6368	0	470	0	574	0	138	0	874	0	170	0	790	0	450	588	2598	0	602	0	326	0	0	0	0	0	11854	0	252	0	258	3780	3590	2450	0	1800	44650	0	11754	234	0	0	0	1038	5114	0	0	0	0	292	140	634	30472	0	466	0	0	0	124	0	282	0	0	794	1386	478	0	0	2126	0	15556	0	2392	258	6062	0	1022	0	2840	0	1772	0	1262	0	0	126	3184	0	3628	0	202	0	278	0	3496	0	4500	0	194	0	258	0	0	0	0	0	0	224	0	0	0	0	0	
171580	ParaHippocampal_L	352	0	1556	0	108	0	1504	0	0	0	808	0	214	0	594	0	682	0	158	0	1508	0	0	0	0	0	0	0	4254	0	0	0	0	0	2360	1672	21242	1800	0	1118	3366	0	258	0	0	0	4984	104	0	0	0	0	170	0	12760	168	220	0	0	0	0	0	0	0	0	0	888	396	0	0	0	0	3598	0	0	0	1900	1464	0	0	780	0	1918	0	418	0	590	0	2388	0	1458	0	0	0	540	0	4656	0	2836	0	0	0	0	0	0	0	0	0	0	0	0	0	0	0	0	0	
355984	ParaHippocampal_R	206	498	0	4464	0	432	0	344	0	282	0	604	0	152	0	894	0	212	556	2158	0	560	0	292	0	0	0	140	0	7666	0	214	0	202	2366	2328	1342	44650	1118	0	0	9806	170	0	0	0	662	8148	0	0	0	0	418	160	666	33774	0	254	0	0	0	0	0	170	0	0	412	1682	490	0	0	1918	0	13754	0	2210	182	4320	0	550	0	1376	0	2762	0	312	0	2150	104	1396	0	4776	0	298	0	490	0	5804	0	6106	0	300	0	376	0	0	0	0	0	0	316	0	0	0	0	0	
55972	Amygdala_L	0	0	598	0	180	0	350	0	0	0	574	0	384	0	524	0	136	0	262	0	2080	0	0	0	0	0	132	0	3098	0	0	0	0	0	0	0	8012	0	3366	0	0	0	0	0	0	0	0	0	0	0	0	0	0	0	3142	0	0	0	0	0	0	0	0	0	0	0	0	0	0	0	604	0	1398	0	0	0	0	0	0	0	0	0	1754	0	0	0	264	0	894	0	0	0	0	0	0	0	234	0	0	0	0	0	0	0	0	0	0	0	0	0	0	0	0	0	0	0	
78660	Amygdala_R	0	0	0	0	0	0	0	0	0	0	0	0	0	0	0	734	0	0	0	106	0	1154	0	0	0	0	0	0	0	3664	0	0	0	0	0	0	0	11754	0	9806	0	0	0	0	0	0	0	0	0	0	0	0	0	0	0	6154	0	0	0	0	0	0	0	0	0	0	0	0	0	0	0	0	0	1552	0	0	0	126	0	0	0	0	0	2726	0	0	0	106	0	638	0	222	0	0	0	0	0	328	0	260	0	0	0	0	0	0	0	0	0	0	0	0	0	0	0	0	
156876	Calcarine_L	340	0	0	0	0	0	0	0	0	0	0	0	0	0	0	0	0	0	600	0	0	0	0	0	0	0	0	0	0	0	0	0	800	0	1418	372	594	234	258	170	0	0	0	2816	11584	2732	8474	390	6224	1372	10566	146	4936	0	1590	126	116	0	0	0	790	0	0	0	844	0	10996	676	1316	0	0	0	0	0	0	0	0	204	0	0	0	0	0	0	766	0	0	0	422	0	1330	0	0	0	0	0	2266	0	2254	118	0	0	0	0	0	0	0	0	0	0	482	116	0	0	0	0	
208708	Calcarine_R	244	622	198	104	0	0	0	0	0	0	0	0	0	0	0	0	0	0	828	1666	0	0	0	0	0	0	0	0	0	398	0	0	314	2240	150	1420	0	0	0	0	0	0	2816	0	1224	15308	792	12812	0	15508	0	9436	0	7010	0	4620	0	1470	0	0	0	0	0	0	0	332	1780	14608	488	2222	0	0	0	0	0	0	0	0	0	0	0	0	0	0	0	2778	0	0	0	2106	0	0	0	0	0	0	0	0	130	308	0	0	0	0	0	0	0	0	0	0	238	184	0	0	0	0	
125188	Cuneus_L	626	0	0	0	0	0	0	0	0	0	0	0	0	0	0	0	0	0	914	0	0	0	0	0	0	0	0	0	0	0	0	0	1354	0	1014	0	0	0	0	0	0	0	11584	1224	0	2200	870	0	11720	446	10462	0	1528	0	162	0	240	0	166	0	828	0	0	0	1044	0	12302	1168	1930	0	0	0	0	0	0	0	0	0	0	0	0	0	0	0	708	0	0	0	104	0	0	0	0	0	0	0	0	0	0	0	0	0	0	0	0	0	0	0	0	0	0	0	0	0	0	0	
306320	Cuneus_R	0	1808	0	332	0	0	0	210	0	0	0	0	0	0	0	0	0	172	310	584	0	0	0	0	0	0	0	0	0	1186	0	0	238	1160	0	494	0	0	0	0	0	0	2732	15308	2200	0	428	2390	0	35606	0	18670	0	1510	0	866	0	1126	0	7270	0	7344	0	314	0	7804	9634	28984	190	1892	0	0	0	0	0	0	0	0	0	0	0	154	0	0	0	1610	0	0	0	634	0	0	0	0	0	0	0	0	0	0	0	0	0	0	0	0	0	0	0	0	0	0	0	0	0	0	
297228	Lingual_L	118	0	0	0	0	0	0	0	0	0	0	0	0	0	0	0	0	0	0	0	0	0	0	0	0	0	0	0	134	0	0	0	0	0	2136	1138	3600	1038	4984	662	0	0	8474	792	870	428	0	3266	1696	324	8112	0	6306	226	18116	644	0	0	0	0	764	0	0	0	852	0	3536	492	0	0	0	0	0	0	0	0	282	890	0	0	306	0	0	0	302	0	0	0	1070	0	16728	920	1002	1012	634	0	17416	410	26908	1582	200	0	250	0	0	0	0	0	0	0	3486	4170	2114	0	0	224	
367844	Lingual_R	222	190	210	810	0	0	0	0	0	0	0	150	0	0	0	0	0	0	594	1336	0	0	0	0	0	0	0	0	0	242	0	0	290	2438	152	3704	110	5114	104	8148	0	0	390	12812	0	2390	3266	0	0	3202	0	2362	158	10178	748	22758	0	830	0	0	0	0	0	0	0	144	210	11822	322	1076	0	196	0	1352	0	210	0	666	0	0	0	0	0	0	0	828	0	0	0	1728	4148	11938	2118	1838	156	712	1944	10914	5196	18398	230	192	578	248	242	0	0	0	0	218	8612	10474	4304	0	0	0	
179744	Occipital_Sup_L	316	0	0	0	0	0	0	0	0	0	0	0	0	0	0	0	388	0	232	0	0	0	0	0	0	0	0	0	0	0	0	0	274	0	240	0	0	0	0	0	0	0	6224	0	11720	0	1696	0	0	0	26226	0	1178	0	146	0	1180	0	5052	0	6018	0	2186	0	6272	0	18764	0	674	0	0	0	0	0	0	0	0	0	0	0	416	0	0	0	670	0	0	0	0	0	0	0	0	0	0	0	0	0	0	0	0	0	0	0	0	0	0	0	0	0	0	0	0	0	0	0	
333924	Occipital_Sup_R	0	1640	0	400	0	0	0	250	0	0	0	0	0	0	0	0	0	174	234	470	0	0	0	0	0	0	0	0	0	1366	0	0	234	954	0	726	0	0	0	0	0	0	1372	15508	446	35606	324	3202	0	0	0	25848	0	2934	0	1532	0	1074	0	10826	0	9634	0	318	0	11580	7490	26952	156	1974	0	0	0	0	0	0	0	0	0	0	0	160	0	0	0	2474	0	0	0	948	0	0	0	0	0	0	0	0	0	0	0	0	0	0	0	0	0	0	0	0	156	0	0	0	0	0	
389856	Occipital_Mid_L	1604	0	0	0	0	0	0	0	0	0	0	0	0	0	0	0	746	0	1400	104	0	0	0	0	0	0	0	0	154	0	0	0	654	116	3174	1100	554	0	0	0	0	0	10566	0	10462	0	8112	0	26226	0	0	0	16042	136	3174	188	4474	0	8880	0	21932	0	3896	0	23340	0	22544	132	3658	0	0	0	0	0	0	0	264	0	228	0	1604	0	0	0	16304	546	0	0	1480	564	162	0	0	0	0	0	0	0	286	0	0	0	0	0	0	0	0	0	0	0	0	122	0	0	0	0	
254172	Occipital_Mid_R	0	1344	0	350	0	0	0	200	0	0	0	0	0	0	0	0	0	212	210	432	0	0	0	0	0	0	0	0	0	852	0	0	134	772	0	1248	0	0	0	0	0	0	146	9436	0	18670	0	2362	0	25848	0	0	0	4946	0	2878	0	790	0	8568	0	9440	0	372	0	11464	3088	15212	162	848	0	0	0	0	0	0	0	0	0	0	0	552	0	0	0	4960	0	0	0	884	0	0	0	0	0	0	0	0	108	180	0	0	0	0	0	0	0	0	0	0	306	112	0	0	0	0	
139792	Occipital_Inf_L	426	0	0	0	0	0	0	0	0	0	0	0	0	0	0	0	256	0	376	0	0	0	0	0	0	0	0	0	118	0	0	0	0	0	3160	1642	690	292	170	418	0	0	4936	0	1528	0	6306	158	1178	0	16042	0	0	304	12418	1086	272	0	0	0	516	0	288	0	772	0	3070	0	744	0	0	0	0	0	0	0	456	0	310	0	460	0	0	0	3716	266	0	0	3272	422	752	132	0	0	0	0	582	0	1694	106	0	0	0	0	0	0	0	0	0	0	134	312	116	0	0	0	
163100	Occipital_Inf_R	112	1252	0	590	0	0	0	0	0	0	0	0	0	0	0	0	0	0	532	1304	0	0	0	0	0	0	0	0	0	134	0	0	0	150	1172	2774	0	140	0	160	0	0	0	7010	0	1510	226	10178	0	2934	136	4946	304	0	446	15928	0	314	0	0	0	156	0	380	0	138	390	4848	400	172	0	0	0	0	0	0	0	0	0	108	0	0	0	0	108	1250	0	0	0	5908	970	1528	138	332	0	0	608	1534	1364	4314	0	0	156	0	0	0	0	0	0	0	2606	1656	234	0	0	0	
490316	Fusiform_L	342	0	2354	0	0	0	2184	0	0	0	1640	0	224	0	216	0	1652	0	590	0	536	0	0	0	0	0	0	0	8888	0	0	0	0	0	3568	1968	20432	634	12760	666	3142	0	1590	0	162	0	18116	748	146	0	3174	0	12418	446	0	1402	190	0	0	0	146	0	104	0	0	0	1350	176	292	0	0	0	3336	0	0	0	2028	292	718	0	6292	0	2786	0	6872	124	1682	0	28136	278	28792	364	3024	222	248	0	15712	294	35602	828	1522	0	190	0	0	0	0	0	0	0	1954	1116	320	0	0	170	
572276	Fusiform_R	222	1508	0	3308	0	256	0	210	0	0	0	390	0	0	0	294	0	142	1004	2624	0	0	0	146	0	0	0	0	0	6908	0	0	0	332	3710	5740	222	30472	168	33774	0	6154	126	4620	0	866	644	22758	0	1532	188	2878	1086	15928	1402	0	0	548	0	0	0	244	0	704	0	0	638	4476	834	190	0	1380	0	8594	0	1152	0	1218	0	784	0	3432	0	5900	172	2392	0	3628	0	15522	1422	25302	178	1384	0	1244	826	11672	2176	30032	0	1060	244	1352	0	0	0	0	0	104	4336	2996	390	0	0	0	
310116	Postcentral_L	29948	236	5126	0	0	0	4090	0	0	0	8172	0	2986	0	110	0	13236	0	2718	256	0	0	162	0	0	0	0	0	7780	0	0	0	504	0	1010	184	1428	0	220	0	0	0	116	0	240	0	0	0	1180	0	4474	0	272	0	190	0	0	0	4318	0	25290	0	14316	0	2714	0	2582	0	3602	0	0	114	2584	0	446	0	2246	0	5680	0	4592	0	444	0	1168	0	0	0	216	108	0	0	0	0	0	0	0	0	0	0	0	0	0	0	0	0	0	0	0	0	0	0	0	0	0	0	
198100	Postcentral_R	698	25980	578	2330	0	168	0	1796	0	0	0	2962	0	248	0	0	0	3888	1910	4038	0	0	0	0	0	0	0	0	0	2118	0	150	398	3446	0	450	0	466	0	254	0	0	0	1470	0	1126	0	830	0	1074	0	790	0	314	0	548	0	0	0	2770	0	4700	0	14870	0	1306	114	3682	1120	8622	0	610	0	660	0	0	0	430	0	276	0	530	0	0	0	354	0	0	0	814	0	0	0	0	0	0	0	0	0	0	0	0	0	0	0	0	0	0	0	0	162	0	0	0	0	0	
78224	Parietal_Sup_L	0	0	0	0	0	0	0	0	0	0	0	0	0	0	0	0	0	0	0	0	0	0	0	0	0	0	0	0	0	0	0	0	0	0	0	0	0	0	0	0	0	0	0	0	166	0	0	0	5052	0	8880	0	0	0	0	0	4318	0	0	0	7738	0	0	0	3300	0	8864	0	640	0	0	0	0	0	0	0	0	0	0	0	0	0	0	0	154	0	0	0	0	0	0	0	0	0	0	0	0	0	0	0	0	0	0	0	0	0	0	0	0	0	0	0	0	0	0	0	
175876	Parietal_Sup_R	0	362	0	0	0	0	0	0	0	0	0	0	0	0	0	0	0	0	0	146	0	0	0	0	0	0	0	0	0	240	0	0	0	300	0	0	0	0	0	0	0	0	0	0	0	7270	0	0	0	10826	0	8568	0	0	0	0	0	2770	0	0	0	18734	0	858	0	18560	1802	11198	0	1920	0	0	0	0	0	0	0	0	0	0	0	552	0	0	0	3196	0	0	0	636	0	0	0	0	0	0	0	0	0	0	0	0	0	0	0	0	0	0	0	0	0	0	0	0	0	0	
305084	Parietal_Inf_L	5516	0	314	0	0	0	376	0	0	0	766	0	310	0	0	0	2236	0	520	0	0	0	0	0	0	0	0	0	1188	0	0	0	190	0	378	152	172	0	0	0	0	0	790	0	828	0	764	0	6018	0	21932	0	516	0	146	0	25290	0	7738	0	0	0	22524	0	29944	0	5900	0	1384	0	0	0	168	0	104	0	146	0	542	0	1954	0	0	0	11682	0	0	0	2054	0	0	0	0	0	0	0	0	0	0	0	0	0	0	0	0	0	0	0	0	0	0	0	0	0	0	0	
228192	Parietal_Inf_R	0	1284	0	210	0	0	0	0	0	0	0	0	0	0	0	0	0	112	0	272	0	0	0	0	0	0	0	0	0	108	0	0	0	310	0	0	0	124	0	0	0	0	0	0	0	7344	0	0	0	9634	0	9440	0	156	0	244	0	4700	0	18734	0	0	0	7320	0	26456	1934	9370	0	1616	0	0	0	0	0	0	0	0	0	0	0	2492	0	0	0	9824	0	0	0	2412	0	0	0	0	0	0	0	0	0	0	0	0	0	0	0	0	0	0	0	0	0	0	0	0	0	0	
154160	SupraMarginal_L	2448	0	0	0	0	0	0	0	0	0	118	0	0	0	0	0	1558	0	176	0	0	0	0	0	0	0	0	0	354	0	0	0	446	0	352	136	140	0	0	0	0	0	0	0	0	0	0	0	2186	0	3896	0	288	0	104	0	14316	0	0	0	22524	0	0	0	9974	0	2568	0	636	0	0	0	0	0	0	0	114	0	346	0	5236	0	0	0	7116	0	0	0	2048	0	0	0	0	0	0	0	0	0	0	0	0	0	0	0	0	0	0	0	0	0	0	0	0	0	0	0	
115480	SupraMarginal_R	0	6278	0	1014	0	0	0	410	0	0	0	480	0	108	0	0	0	2110	148	344	0	0	0	0	0	0	0	0	0	676	0	0	0	0	0	0	0	282	0	170	0	0	0	0	0	314	0	0	0	318	0	372	0	380	0	704	0	14870	0	858	0	7320	0	0	0	8196	0	348	0	0	0	0	0	0	0	0	0	0	0	962	0	6118	0	0	0	2270	0	0	0	2690	0	0	0	0	0	0	0	0	0	0	0	0	0	0	0	0	0	0	0	0	0	0	0	0	0	0	
203604	Angular_L	328	0	0	0	0	0	0	0	0	0	0	0	0	0	0	0	632	0	142	0	0	0	0	0	0	0	0	0	174	0	0	0	116	0	168	0	0	0	0	0	0	0	844	0	1044	0	852	0	6272	0	23340	0	772	0	0	0	2714	0	3300	0	29944	0	9974	0	0	0	5624	0	422	0	0	0	0	0	0	0	0	0	0	0	1098	0	0	0	12192	0	0	0	1850	0	0	0	0	0	0	0	0	0	0	0	0	0	0	0	0	0	0	0	0	0	0	0	0	0	0	0	
246404	Angular_R	0	1382	0	524	0	0	0	158	0	0	0	356	0	104	0	0	0	462	246	518	0	0	0	0	0	0	0	0	0	264	0	0	0	644	0	372	0	0	0	0	0	0	0	332	0	7804	0	144	0	11580	0	11464	0	138	0	0	0	1306	0	18560	0	26456	0	8196	0	0	2394	10246	0	1414	0	0	0	0	0	0	0	0	0	0	0	5032	0	0	0	10928	0	0	0	2178	0	0	0	0	0	0	0	0	0	0	0	0	0	0	0	0	0	0	0	0	0	0	0	0	0	0	
358092	Precuneus_L	1364	152	404	0	0	0	0	0	0	0	0	0	0	0	0	0	402	0	1866	226	0	0	0	0	0	0	0	0	0	152	0	0	6286	1468	7612	2728	1454	794	888	412	0	0	10996	1780	12302	9634	3536	210	18764	7490	22544	3088	3070	390	1350	638	2582	114	8864	1802	5900	1934	2568	0	5624	2394	0	12878	6034	414	0	0	0	0	0	0	150	552	0	0	746	0	0	0	2240	188	0	0	310	288	208	0	0	0	0	0	684	0	572	0	0	0	0	0	0	0	0	0	0	0	0	0	0	0	0	0	
434596	Precuneus_R	450	2466	408	486	0	0	0	332	0	0	0	0	0	0	0	0	0	184	1800	3550	0	0	0	0	0	0	0	0	0	1754	0	274	2148	9364	2372	12048	510	1386	396	1682	0	0	676	14608	1168	28984	492	11822	0	26952	132	15212	0	4848	176	4476	0	3682	0	11198	0	9370	0	348	0	10246	12878	0	1384	6072	0	0	0	0	0	0	0	954	0	0	0	210	0	0	124	3488	0	0	0	2992	0	214	0	0	0	0	0	434	0	156	0	0	0	0	0	0	0	0	0	0	2392	0	0	0	0	0	
277696	Paracentral_Lobule_L	21646	640	3254	490	0	0	482	0	0	0	0	0	0	0	0	0	252	0	28898	11090	0	0	0	0	0	0	0	0	178	0	0	0	6866	8020	2262	1130	1142	478	0	490	0	0	1316	488	1930	190	0	322	674	156	3658	162	744	400	292	834	3602	1120	640	0	1384	0	636	0	422	0	6034	1384	0	3890	2314	1138	466	0	784	0	10942	1110	0	0	680	106	0	0	1594	806	0	0	408	782	0	0	0	0	0	0	0	0	0	0	0	0	0	0	0	0	0	0	0	0	122	0	0	0	0	0	
125828	Paracentral_Lobule_R	576	4914	414	448	0	0	0	0	0	0	0	0	0	0	0	0	0	0	4126	8478	0	0	0	0	0	0	0	0	0	0	0	0	616	7586	0	1226	0	0	0	0	0	0	0	2222	0	1892	0	1076	0	1974	0	848	0	172	0	190	0	8622	0	1920	0	1616	0	0	0	1414	414	6072	3890	0	0	158	0	0	0	0	0	252	0	0	0	116	0	0	0	712	0	0	0	698	0	0	0	0	0	0	0	0	0	0	0	0	0	0	0	0	0	0	0	0	272	0	0	0	0	0	
446428	Caudate_L	2302	146	26740	11448	4226	786	10556	2508	1644	342	2016	2296	504	816	3360	470	2418	0	20122	5490	8858	8216	3176	1560	2716	436	4904	114	5638	1134	13968	3920	2976	3006	238	0	182	0	0	0	604	0	0	0	0	0	0	0	0	0	0	0	0	0	0	0	0	0	0	0	0	0	0	0	0	0	0	0	2314	0	0	11440	31280	1284	5332	936	8390	946	0	0	0	0	1456	0	0	0	0	0	0	0	0	0	0	0	0	0	0	0	0	0	0	0	0	0	0	0	0	0	0	0	0	0	0	0	0	0	
620144	Caudate_R	858	1450	3320	42568	734	21592	1202	3012	492	4970	104	6032	0	4672	848	4402	172	812	5250	27630	5434	13038	746	10654	822	12296	1436	5904	598	12094	4354	23262	0	4340	0	0	0	2126	0	1918	0	0	0	0	0	0	0	196	0	0	0	0	0	0	0	1380	114	610	0	0	0	0	0	0	0	0	0	0	1138	158	11440	0	6842	34292	1732	7858	778	14392	0	0	0	0	0	0	0	0	0	0	0	0	0	0	0	0	0	0	0	0	0	0	0	0	0	0	0	0	0	0	0	0	0	0	0	0	0	0	
579808	Putamen_L	3376	312	39336	2572	11956	512	24224	706	4706	0	5990	640	1946	366	11948	112	6088	0	18950	1074	6804	5850	5022	784	4774	446	3878	0	24368	450	15208	2818	3152	2044	232	0	7184	0	3598	0	1398	0	0	0	0	0	0	0	0	0	0	0	0	0	3336	0	2584	0	0	0	168	0	0	0	0	0	0	0	466	0	31280	6842	0	780	11650	508	928	104	396	0	1026	0	4344	0	0	0	0	0	1072	0	318	0	0	0	0	0	754	0	524	0	0	0	0	0	0	0	0	0	0	0	0	0	0	0	0	0	
492280	Putamen_R	0	1500	580	29552	0	14710	184	3398	0	4774	0	6808	0	3248	220	5806	0	3656	524	13062	654	2666	426	5952	0	7986	0	3550	234	26910	2016	10328	0	1876	0	0	0	15556	0	13754	0	1552	0	0	0	0	0	1352	0	0	0	0	0	0	0	8594	0	660	0	0	0	0	0	0	0	0	0	0	0	0	1284	34292	780	0	0	11778	0	2240	0	156	0	164	0	702	0	0	0	0	0	210	0	696	0	0	0	0	0	838	0	912	0	0	0	0	0	0	0	0	0	0	0	0	0	0	0	0	
91188	Pallidum_L	1544	300	8764	208	264	0	1420	218	128	0	122	0	0	0	318	0	150	0	4746	242	1128	2028	0	0	0	0	160	0	416	0	222	0	0	0	0	0	344	0	0	0	0	0	0	0	0	0	0	0	0	0	0	0	0	0	0	0	446	0	0	0	104	0	0	0	0	0	0	0	784	0	5332	1732	11650	0	0	376	2342	106	0	0	0	0	0	0	0	0	0	0	0	0	0	0	0	0	0	0	0	0	0	0	0	0	0	0	0	0	0	0	0	0	0	0	0	0	0	0	
108768	Pallidum_R	0	208	198	9740	0	2826	0	174	0	780	0	238	0	108	0	594	0	224	252	2230	290	1076	0	1772	0	2308	0	0	0	874	424	2360	0	142	0	0	0	2392	0	2210	0	0	0	0	0	0	0	210	0	0	0	0	0	0	0	1152	0	0	0	0	0	0	0	0	0	0	0	0	0	0	936	7858	508	11778	376	0	0	146	0	0	0	0	0	0	0	0	0	0	0	0	0	0	0	0	0	0	0	0	0	0	0	0	0	0	0	0	0	0	0	0	0	0	0	0	0	0	
178516	Thalamus_L	11698	254	6646	1988	0	0	1094	340	0	0	170	0	0	0	0	0	1314	0	9372	822	0	0	0	0	0	0	0	0	3376	0	0	0	0	0	408	180	10850	258	1900	182	0	0	0	0	0	0	282	0	0	0	264	0	456	0	2028	0	2246	0	0	0	146	0	114	0	0	0	150	0	10942	0	8390	778	928	0	2342	0	0	1168	2690	0	1738	0	0	0	2040	0	0	0	1704	0	0	0	0	0	0	0	0	0	0	0	0	0	0	0	0	0	0	0	0	0	0	0	0	0	0	0	
165024	Thalamus_R	928	3704	1388	3412	0	334	0	926	0	0	0	702	0	0	0	0	0	282	3806	18182	0	0	0	126	0	0	0	0	0	4044	0	390	0	1084	1410	1282	1872	6062	1464	4320	0	126	204	0	0	0	890	666	0	0	0	0	0	0	292	1218	0	430	0	0	0	0	0	0	0	0	552	954	1110	252	946	14392	104	2240	106	146	1168	0	0	206	0	200	0	0	0	0	0	0	142	0	0	120	0	0	0	0	0	204	0	126	0	0	0	0	0	0	0	0	0	0	0	0	0	0	0	0	
101772	Heschl_L	3052	0	1552	0	0	0	1634	0	0	0	902	0	112	0	0	0	9768	0	274	0	0	0	0	0	0	0	0	0	9934	0	0	0	0	0	158	164	3714	0	0	0	0	0	0	0	0	0	0	0	0	0	228	0	310	0	718	0	5680	0	0	0	542	0	346	0	0	0	0	0	0	0	0	0	396	0	0	0	2690	0	0	0	5830	0	282	0	1924	0	0	0	676	0	0	0	0	0	0	0	0	0	0	0	0	0	0	0	0	0	0	0	0	0	0	0	0	0	0	0	
31520	Heschl_R	0	388	0	264	0	0	0	0	0	0	0	194	0	0	0	0	0	1838	0	304	0	0	0	0	0	0	0	0	0	2962	0	0	0	0	0	0	0	1022	0	550	0	0	0	0	0	0	0	0	0	0	0	0	0	108	0	784	0	276	0	0	0	0	0	962	0	0	0	0	0	0	0	0	0	156	0	0	0	206	0	0	0	3772	0	502	0	468	0	0	0	742	0	140	0	0	0	0	0	0	0	122	0	0	0	0	0	0	0	0	0	0	0	0	0	0	0	0	
243688	Temporal_Sup_L	2544	0	3144	0	0	0	1776	0	0	0	4722	0	644	0	368	0	11302	0	1564	0	0	0	282	0	0	0	0	0	9634	0	0	0	232	0	334	150	3904	0	780	0	0	0	0	0	0	0	306	0	416	0	1604	0	460	0	6292	0	4592	0	0	0	1954	0	5236	0	1098	0	746	0	680	0	0	0	1026	0	0	0	1738	0	5830	0	0	0	7056	0	24582	0	232	0	13374	0	694	0	118	0	0	0	684	0	1630	0	116	0	0	0	0	0	0	0	0	0	0	0	0	0	0	0	
118748	Temporal_Sup_R	0	2008	0	458	0	0	0	0	0	0	0	0	0	0	0	0	0	2050	120	1446	0	0	0	0	0	0	0	0	0	4536	0	0	0	180	0	0	0	2840	0	1376	0	0	0	0	0	154	0	0	0	160	0	552	0	0	0	3432	0	530	0	552	0	2492	0	6118	0	5032	0	210	106	116	0	0	0	164	0	0	0	200	0	3772	0	0	0	3960	0	12170	0	354	0	3810	0	232	0	0	0	0	0	0	0	244	0	0	0	0	0	0	0	0	0	0	0	0	0	0	0	0	
278320	Temporal_Pole_Sup_L	2890	0	11630	192	1420	0	9110	0	580	0	16718	0	4416	0	5982	0	16240	0	3878	0	1464	0	842	0	0	0	0	0	25654	0	1050	280	252	184	0	0	4672	0	1918	0	1754	0	0	0	0	0	0	0	0	0	0	0	0	0	2786	0	444	0	0	0	0	0	0	0	0	0	0	0	0	0	1456	0	4344	0	0	0	0	0	282	0	7056	0	0	0	4416	0	2814	0	3458	0	174	0	0	0	0	0	486	0	318	0	0	0	0	0	0	0	0	0	0	0	0	0	0	0	0	0	
76436	Temporal_Pole_Sup_R	0	0	0	164	0	0	0	120	0	276	0	402	0	0	0	1868	0	1134	0	0	0	530	0	0	0	0	0	0	0	3908	0	0	0	0	0	0	0	1772	0	2762	0	2726	0	0	0	0	0	0	0	0	0	0	0	0	0	5900	0	0	0	0	0	0	0	0	0	0	0	0	0	0	0	0	0	702	0	0	0	0	0	502	0	3960	0	0	0	2548	0	3834	0	4520	0	210	0	0	0	0	0	168	0	212	0	0	0	0	0	0	0	0	0	0	0	0	0	0	0	0	
298512	Temporal_Mid_L	1058	0	128	0	0	0	0	0	0	0	380	0	0	0	0	0	2142	0	806	0	0	0	0	0	0	0	0	0	1514	0	0	0	186	0	2118	738	3356	0	418	0	0	0	766	0	708	0	302	0	670	0	16304	0	3716	108	6872	172	1168	0	154	0	11682	0	7116	0	12192	0	2240	124	1594	0	0	0	0	0	0	0	2040	0	1924	0	24582	0	4416	0	0	298	4010	0	29502	312	770	0	182	0	0	0	574	0	1810	0	104	0	0	0	0	0	0	0	0	0	0	0	0	0	0	0	
201892	Temporal_Mid_R	692	1492	0	354	0	0	0	0	0	0	0	0	0	0	0	0	0	110	1046	1742	0	0	0	0	0	0	0	0	0	1068	0	0	0	1040	1678	3662	0	1262	0	312	0	0	0	2778	0	1610	0	828	0	2474	546	4960	266	1250	124	2392	0	354	0	3196	0	9824	0	2270	0	10928	188	3488	806	712	0	0	0	0	0	0	0	0	0	468	0	12170	0	2548	298	0	0	908	0	20902	0	0	0	0	0	0	0	0	0	0	0	0	0	0	0	0	0	0	0	0	200	0	0	0	0	0	
29704	Temporal_Pole_Mid_L	0	0	0	0	0	0	0	0	0	0	0	0	0	0	0	0	0	0	0	0	0	0	0	0	0	0	0	0	194	0	0	0	0	0	0	0	394	0	590	0	264	0	0	0	0	0	0	0	0	0	0	0	0	0	1682	0	0	0	0	0	0	0	0	0	0	0	0	0	0	0	0	0	0	0	0	0	0	0	0	0	232	0	2814	0	4010	0	0	0	4672	0	0	0	0	0	0	0	0	0	0	0	0	0	0	0	0	0	0	0	0	0	0	0	0	0	0	0	
28572	Temporal_Pole_Mid_R	0	0	0	0	0	0	0	0	0	0	0	0	0	0	0	0	0	0	0	0	0	0	0	0	0	0	0	0	0	234	0	0	0	0	0	0	0	0	0	2150	0	106	0	0	0	0	0	0	0	0	0	0	0	0	0	3628	0	0	0	0	0	0	0	0	0	0	0	0	0	0	0	0	0	0	0	0	0	0	0	0	0	354	0	3834	0	908	0	0	0	3072	0	0	0	0	0	0	0	0	0	0	0	0	0	0	0	0	0	0	0	0	0	0	0	0	0	0	
271380	Temporal_Inf_L	404	0	650	0	0	0	660	0	0	0	898	0	0	0	0	0	680	0	338	0	106	0	0	0	0	0	0	0	4740	0	0	0	0	0	382	154	9706	126	2388	104	894	0	422	0	104	0	1070	0	0	0	1480	0	3272	0	28136	0	216	0	0	0	2054	0	2048	0	1850	0	310	0	408	0	0	0	1072	0	0	0	1704	142	676	0	13374	0	3458	0	29502	0	4672	0	0	0	7330	0	1082	0	200	0	2684	0	5762	0	432	0	0	0	0	0	0	0	0	0	0	0	0	0	0	0	
209196	Temporal_Inf_R	654	3842	0	1432	0	0	0	0	0	0	0	0	0	0	0	0	0	0	1050	3510	0	0	0	0	0	0	0	0	0	2212	0	0	0	644	2106	3694	0	3184	0	1396	0	638	0	2106	0	634	0	1728	0	948	564	884	422	5908	278	15522	108	814	0	636	0	2412	0	2690	0	2178	288	2992	782	698	0	0	0	210	0	0	0	0	0	742	0	3810	0	4520	312	20902	0	3072	0	0	0	3208	0	148	0	0	0	0	0	562	0	0	0	0	0	0	0	0	0	0	158	0	0	0	0	0	
596196	Cerebelum_Crus1_L	0	0	178	0	0	0	142	0	0	0	272	0	0	0	0	0	130	0	0	0	0	0	0	0	0	0	0	0	760	0	0	0	0	0	230	0	1078	0	1458	0	0	0	1330	0	0	0	16728	4148	0	0	162	0	752	970	28792	1422	0	0	0	0	0	0	0	0	0	0	208	0	0	0	0	0	318	0	0	0	0	0	0	0	694	0	174	0	770	0	0	0	7330	0	0	6060	39238	5612	3740	222	26594	1172	64994	7856	14762	1384	16906	1942	2754	430	198	0	472	2288	8402	9762	11862	1460	668	1274	
538312	Cerebelum_Crus1_R	0	0	0	126	0	0	0	0	0	0	0	0	0	0	0	0	0	0	0	140	0	0	0	0	0	0	0	0	0	606	0	0	0	0	282	320	0	3628	0	4776	0	222	0	0	0	0	920	11938	0	0	0	0	132	1528	364	25302	0	0	0	0	0	0	0	0	0	0	0	214	0	0	0	0	0	696	0	0	0	120	0	140	0	232	0	210	0	0	0	0	0	3208	6060	0	1500	29736	1080	3640	3658	23882	5962	64758	1030	9132	2768	15288	1500	2828	0	144	684	3128	13018	7090	11592	2796	1364	1414	
446340	Cerebelum_Crus2_L	0	0	0	0	0	0	0	0	0	0	0	0	0	0	0	0	0	0	0	0	0	0	0	0	0	0	0	0	0	0	0	0	0	0	0	0	0	0	0	0	0	0	0	0	0	0	1002	2118	0	0	0	0	0	138	3024	178	0	0	0	0	0	0	0	0	0	0	0	0	0	0	0	0	0	0	0	0	0	0	0	0	118	0	0	0	182	0	0	0	1082	0	39238	1500	0	22148	1626	174	3644	184	8908	1374	38176	13212	32802	11204	4320	1286	374	0	530	1058	1300	4374	21002	4898	1520	476	
464240	Cerebelum_Crus2_R	0	0	0	0	0	0	0	0	0	0	0	0	0	0	0	0	0	0	0	0	0	0	0	0	0	0	0	0	0	0	0	0	0	0	0	0	0	202	0	298	0	0	0	0	0	0	1012	1838	0	0	0	0	0	332	222	1384	0	0	0	0	0	0	0	0	0	0	0	0	0	0	0	0	0	0	0	0	0	0	0	0	0	0	0	0	0	0	0	0	0	148	5612	29736	22148	0	762	1498	1212	2026	3090	7230	9954	39902	8392	42848	1106	10128	0	316	1292	2094	1192	3566	21420	6866	3184	1110	
75096	Cerebelum_3_L	0	0	0	0	0	0	0	0	0	0	0	0	0	0	0	0	0	0	0	0	0	0	0	0	0	0	0	0	0	0	0	0	0	0	0	0	118	0	540	0	0	0	0	0	0	0	634	156	0	0	0	0	0	0	248	0	0	0	0	0	0	0	0	0	0	0	0	0	0	0	0	0	0	0	0	0	0	0	0	0	0	0	0	0	0	0	0	0	200	0	3740	1080	1626	762	0	134	8396	0	3008	1344	584	328	2150	932	1744	0	0	0	956	5120	1300	622	1320	398	108	0	
69892	Cerebelum_3_R	0	0	0	0	0	0	0	0	0	0	0	0	0	0	0	0	0	0	0	0	0	0	0	0	0	0	0	0	0	0	0	0	0	0	0	0	0	278	0	490	0	0	0	0	0	0	0	712	0	0	0	0	0	0	0	1244	0	0	0	0	0	0	0	0	0	0	0	0	0	0	0	0	0	0	0	0	0	0	0	0	0	0	0	0	0	0	0	0	0	0	222	3640	174	1498	134	0	112	4930	204	5106	0	702	310	2234	156	1404	0	0	2024	4238	798	386	1314	1388	1048	200	
377120	Cerebelum_4_5_L	0	0	386	0	0	0	326	0	0	0	436	0	108	0	0	0	298	0	0	0	134	0	0	0	0	0	0	0	1538	0	0	0	0	0	592	138	3108	0	4656	0	234	0	2266	0	0	0	17416	1944	0	0	0	0	582	608	15712	826	0	0	0	0	0	0	0	0	0	0	684	0	0	0	0	0	754	0	0	0	0	0	0	0	684	0	486	0	574	0	0	0	2684	0	26594	3658	3644	1212	8396	112	0	1976	39068	6090	3378	724	7322	968	2256	180	340	0	206	3400	12888	4854	1328	592	344	1856	
258816	Cerebelum_4_5_R	0	0	0	120	0	0	0	0	0	0	0	0	0	0	0	0	0	0	0	0	0	0	0	0	0	0	0	0	0	378	0	0	0	0	0	242	0	3496	0	5804	0	328	0	0	0	0	410	10914	0	0	0	0	0	1534	294	11672	0	0	0	0	0	0	0	0	0	0	0	434	0	0	0	0	0	838	0	0	0	204	0	0	0	0	0	168	0	0	0	0	0	0	1172	23882	184	2026	0	4930	1976	0	2180	33330	244	1572	650	2500	402	508	0	0	0	1386	12704	1736	428	242	138	382	
575792	Cerebelum_6_L	0	0	288	0	0	0	216	0	0	0	380	0	0	0	0	0	204	0	104	0	0	0	0	0	0	0	0	0	1220	0	0	0	0	0	520	0	2166	0	2836	0	0	0	2254	130	0	0	26908	5196	0	0	286	108	1694	1364	35602	2176	0	0	0	0	0	0	0	0	0	0	572	0	0	0	0	0	524	0	0	0	0	0	0	0	1630	0	318	0	1810	0	0	0	5762	0	64994	5962	8908	3090	3008	204	39068	2180	0	10214	6956	762	8208	1460	1956	284	170	0	292	1922	12992	11686	6026	1054	256	1976	
546732	Cerebelum_6_R	0	0	0	176	0	0	0	0	0	0	0	0	0	0	0	0	0	0	0	152	0	0	0	0	0	0	0	0	0	690	0	0	0	0	282	266	0	4500	0	6106	0	260	118	308	0	0	1582	18398	0	0	0	180	106	4314	828	30032	0	0	0	0	0	0	0	0	0	0	0	156	0	0	0	0	0	912	0	0	0	126	0	122	0	244	0	212	0	0	0	0	0	562	7856	64758	1374	7230	1344	5106	6090	33330	10214	0	1194	2840	3236	5940	1978	1126	0	0	480	3760	20492	11548	7932	2172	898	1836	
311476	Cerebelum_7b_L	0	0	0	0	0	0	0	0	0	0	0	0	0	0	0	0	0	0	0	0	0	0	0	0	0	0	0	0	0	0	0	0	0	0	0	0	0	0	0	0	0	0	0	0	0	0	200	230	0	0	0	0	0	0	1522	0	0	0	0	0	0	0	0	0	0	0	0	0	0	0	0	0	0	0	0	0	0	0	0	0	116	0	0	0	104	0	0	0	432	0	14762	1030	38176	9954	584	0	3378	244	6956	1194	0	8782	34136	8594	4526	666	666	0	280	674	1650	926	9566	5376	600	414	
308928	Cerebelum_7b_R	0	0	0	0	0	0	0	0	0	0	0	0	0	0	0	0	0	0	0	0	0	0	0	0	0	0	0	0	0	0	0	0	0	0	0	0	0	194	0	300	0	0	0	0	0	0	0	192	0	0	0	0	0	0	0	1060	0	0	0	0	0	0	0	0	0	0	0	0	0	0	0	0	0	0	0	0	0	0	0	0	0	0	0	0	0	0	0	0	0	0	1384	9132	13212	39902	328	702	724	1572	762	2840	8782	0	6824	39678	382	9352	0	234	244	596	524	362	8650	5652	560	320	
395032	Cerebelum_8_L	0	0	0	0	0	0	0	0	0	0	0	0	0	0	0	0	0	0	0	0	0	0	0	0	0	0	0	0	0	0	0	0	0	0	0	0	0	0	0	0	0	0	0	0	0	0	250	578	0	0	0	0	0	156	190	244	0	0	0	0	0	0	0	0	0	0	0	0	0	0	0	0	0	0	0	0	0	0	0	0	0	0	0	0	0	0	0	0	0	0	16906	2768	32802	8392	2150	310	7322	650	8208	3236	34136	6824	0	10352	22650	3102	2680	0	908	1932	4682	1718	8512	10932	4110	816	
416676	Cerebelum_8_R	0	0	0	0	0	0	0	0	0	0	0	0	0	0	0	0	0	0	0	0	0	0	0	0	0	0	0	0	0	0	0	0	0	0	0	0	0	258	0	376	0	0	0	0	0	0	0	248	0	0	0	0	0	0	0	1352	0	0	0	0	0	0	0	0	0	0	0	0	0	0	0	0	0	0	0	0	0	0	0	0	0	0	0	0	0	0	0	0	0	0	1942	15288	11204	42848	932	2234	968	2500	1460	5940	8594	39678	10352	0	2186	22856	0	1166	1752	3094	1598	1102	12698	10180	4076	1456	
144520	Cerebelum_9_L	0	0	0	0	0	0	0	0	0	0	0	0	0	0	0	0	0	0	0	0	0	0	0	0	0	0	0	0	0	0	0	0	0	0	0	0	0	0	0	0	0	0	0	0	0	0	0	242	0	0	0	0	0	0	0	0	0	0	0	0	0	0	0	0	0	0	0	0	0	0	0	0	0	0	0	0	0	0	0	0	0	0	0	0	0	0	0	0	0	0	2754	1500	4320	1106	1744	156	2256	402	1956	1978	4526	382	22650	2186	0	2442	3240	0	542	1394	1554	2702	2252	4574	3630	1772	
163156	Cerebelum_9_R	0	0	0	0	0	0	0	0	0	0	0	0	0	0	0	0	0	0	0	0	0	0	0	0	0	0	0	0	0	0	0	0	0	0	0	0	0	0	0	0	0	0	0	0	0	0	0	0	0	0	0	0	0	0	0	0	0	0	0	0	0	0	0	0	0	0	0	0	0	0	0	0	0	0	0	0	0	0	0	0	0	0	0	0	0	0	0	0	0	0	430	2828	1286	10128	0	1404	180	508	284	1126	666	9352	3102	22856	2442	0	0	1666	1890	1364	554	1178	3200	6166	6858	2110	
