data	data	532400	403212	836932	738312	123432	80880	583440	271120	84236	29520	431076	206396	280560	142128	161228	50260	211184	150852	697700	814684	79664	70992	475192	413460	37420	79908	55700	64236	675260	306756	291076	541904	318104	633140	204060	210952	321588	338576	84348	199568	43644	61316	395140	455256	244812	364140	397892	431788	299100	387412	458440	331776	196168	212660	496236	534400	427932	417128	256996	195648	272612	177796	136344	145132	179496	188348	412620	447932	378404	353308	212372	395956	248012	381284	75324	16544	185516	204952	79568	24520	230492	95840	141492	62836	387388	196256	35252	17212	407052	157484	461348	377504	700780	584176	44076	79556	371484	321200	463120	490900	344832	124740	487484	550692	128952	170384	13888	11452	44292	100668	302452	198688	479820	223796	188108	63212	
data	data	Precentral_L	Precentral_R	Frontal_Sup_L	Frontal_Sup_R	Frontal_Sup_Orb_L	Frontal_Sup_Orb_R	Frontal_Mid_L	Frontal_Mid_R	Frontal_Mid_Orb_L	Frontal_Mid_Orb_R	Frontal_Inf_Oper_L	Frontal_Inf_Oper_R	Frontal_Inf_Tri_L	Frontal_Inf_Tri_R	Frontal_Inf_Orb_L	Frontal_Inf_Orb_R	Rolandic_Oper_L	Rolandic_Oper_R	Supp_Motor_Area_L	Supp_Motor_Area_R	Olfactory_L	Olfactory_R	Frontal_Sup_Medial_L	Frontal_Sup_Medial_R	Frontal_Med_Orb_L	Frontal_Med_Orb_R	Rectus_L	Rectus_R	Insula_L	Insula_R	Cingulum_Ant_L	Cingulum_Ant_R	Cingulum_Mid_L	Cingulum_Mid_R	Cingulum_Post_L	Cingulum_Post_R	Hippocampus_L	Hippocampus_R	ParaHippocampal_L	ParaHippocampal_R	Amygdala_L	Amygdala_R	Calcarine_L	Calcarine_R	Cuneus_L	Cuneus_R	Lingual_L	Lingual_R	Occipital_Sup_L	Occipital_Sup_R	Occipital_Mid_L	Occipital_Mid_R	Occipital_Inf_L	Occipital_Inf_R	Fusiform_L	Fusiform_R	Postcentral_L	Postcentral_R	Parietal_Sup_L	Parietal_Sup_R	Parietal_Inf_L	Parietal_Inf_R	SupraMarginal_L	SupraMarginal_R	Angular_L	Angular_R	Precuneus_L	Precuneus_R	Paracentral_Lobule_L	Paracentral_Lobule_R	Caudate_L	Caudate_R	Putamen_L	Putamen_R	Pallidum_L	Pallidum_R	Thalamus_L	Thalamus_R	Heschl_L	Heschl_R	Temporal_Sup_L	Temporal_Sup_R	Temporal_Pole_Sup_L	Temporal_Pole_Sup_R	Temporal_Mid_L	Temporal_Mid_R	Temporal_Pole_Mid_L	Temporal_Pole_Mid_R	Temporal_Inf_L	Temporal_Inf_R	Cerebelum_Crus1_L	Cerebelum_Crus1_R	Cerebelum_Crus2_L	Cerebelum_Crus2_R	Cerebelum_3_L	Cerebelum_3_R	Cerebelum_4_5_L	Cerebelum_4_5_R	Cerebelum_6_L	Cerebelum_6_R	Cerebelum_7b_L	Cerebelum_7b_R	Cerebelum_8_L	Cerebelum_8_R	Cerebelum_9_L	Cerebelum_9_R	Cerebelum_10_L	Cerebelum_10_R	Vermis_1_2	Vermis_3	Vermis_4_5	Vermis_6	Vermis_7	Vermis_8	Vermis_9	Vermis_10	
532400	Precentral_L	0	1132	14500	1080	0	0	26958	420	0	0	35432	0	4224	0	218	0	13252	0	9242	2786	0	0	816	0	0	0	0	0	21536	92	178	174	2418	1096	1026	876	13092	810	468	138	0	0	250	0	422	0	104	0	176	0	198	0	0	0	1582	86	32274	970	142	0	132	0	188	0	0	0	578	0	18548	996	4578	202	13138	0	10348	0	11650	370	5332	0	4242	0	1314	0	2404	0	0	0	4012	0	0	0	0	0	0	0	0	0	0	0	0	0	0	0	0	0	0	0	0	0	0	0	0	0	0	0	
403212	Precentral_R	1132	0	340	17726	0	0	264	17722	0	0	0	13788	0	3928	0	106	0	5598	2794	12802	0	0	374	1310	0	0	0	0	234	9790	110	3048	1016	9372	918	846	1252	11126	116	2398	0	0	0	0	0	0	0	0	0	0	0	0	0	0	186	1718	502	15404	0	0	0	0	0	294	0	0	0	0	2288	11174	1000	18916	194	7430	476	2112	758	20112	0	0	0	140	0	540	0	0	0	0	100	152	0	0	0	0	0	0	0	0	0	0	0	0	0	0	0	0	0	0	0	0	0	0	0	0	0	0	
836932	Frontal_Sup_L	14500	340	0	8404	9376	0	80716	1016	3108	0	20570	0	16886	0	7716	0	3334	0	66980	10650	1228	0	54894	10546	1994	328	388	0	32664	0	18164	8488	10370	7680	0	0	360	0	256	0	390	0	0	0	0	0	0	0	0	0	0	0	0	0	268	0	800	0	0	0	0	0	0	0	0	0	0	0	6972	0	2846	172	9600	108	680	0	0	0	176	0	1560	0	2248	0	858	0	0	0	832	0	0	0	0	0	0	0	0	0	0	0	0	0	0	0	0	0	0	0	0	0	0	0	0	0	0	0	
738312	Frontal_Sup_R	1080	17726	8404	0	0	4888	3140	30558	0	912	1760	9054	1864	6704	0	1550	0	3914	14250	57916	0	0	13550	43352	0	4772	0	384	2058	8276	4616	43776	3482	22902	0	0	98	3570	0	1630	0	360	0	0	0	0	0	0	0	0	0	0	0	0	0	726	180	786	0	0	0	0	0	0	0	0	0	0	528	324	3058	18450	134	24896	320	1290	100	248	0	0	0	0	0	1570	0	0	0	0	0	0	0	0	0	0	0	0	0	0	0	0	0	0	0	0	0	0	0	0	0	0	0	0	0	0	0	0	
123432	Frontal_Sup_Orb_L	0	0	9376	0	0	0	1320	0	10058	0	0	0	306	0	11278	0	0	0	192	0	2370	0	4342	0	3530	0	4742	0	7142	0	3370	144	0	0	0	0	0	0	318	0	752	0	0	0	0	0	0	0	0	0	0	0	0	0	0	0	0	0	0	0	0	0	0	0	0	0	0	0	0	0	86	0	1380	0	0	0	0	0	0	0	0	0	1010	0	0	0	0	0	0	0	0	0	0	0	0	0	0	0	0	0	0	0	0	0	0	0	0	0	0	0	0	0	0	0	0	0	
80880	Frontal_Sup_Orb_R	0	0	0	4888	0	0	0	1006	0	3208	0	0	0	0	0	2984	0	0	0	0	288	1692	0	2450	0	6390	114	5316	0	1774	0	968	0	0	0	0	0	0	0	0	0	644	0	0	0	0	0	0	0	0	0	0	0	0	0	0	0	0	0	0	0	0	0	0	0	0	0	0	0	0	274	1438	0	7006	0	0	0	0	0	0	0	0	0	0	0	0	0	0	0	0	0	0	0	0	0	0	0	0	0	0	0	0	0	0	0	0	0	0	0	0	0	0	0	0	0	0	
583440	Frontal_Mid_L	26958	264	80716	3140	1320	0	0	532	3384	0	24030	0	35358	0	6774	0	1848	0	24444	4190	0	0	16254	1522	0	0	0	0	25388	0	5472	1248	6552	2102	0	0	2390	0	0	0	0	0	0	0	0	0	0	0	0	0	0	0	0	0	796	0	1480	0	0	0	0	0	0	0	0	0	0	0	2372	0	1888	0	3444	0	1208	0	198	0	1066	0	1262	0	204	0	1288	0	0	0	2628	0	0	0	0	0	0	0	0	0	0	0	0	0	0	0	0	0	0	0	0	0	0	0	0	0	0	0	
271120	Frontal_Mid_R	420	17722	1016	30558	0	1006	532	0	0	2220	0	11344	0	17458	0	3102	0	2834	2038	6358	0	0	1522	6246	0	0	0	0	0	7982	290	8588	418	3406	0	0	0	498	0	272	0	0	0	0	0	0	0	0	0	0	0	0	0	0	0	86	212	402	0	0	0	0	0	0	0	0	0	0	0	0	894	2980	0	4692	0	0	0	0	0	0	0	0	0	464	0	0	0	0	0	0	0	0	0	0	0	0	0	0	0	0	0	0	0	0	0	0	0	0	0	0	0	0	0	0	0	0	
84236	Frontal_Mid_Orb_L	0	0	3108	0	10058	0	3384	0	0	0	0	0	2240	0	15820	0	0	0	0	0	114	0	180	0	164	0	1862	0	3936	0	0	0	0	0	0	0	0	0	0	0	0	0	0	0	0	0	0	0	0	0	0	0	0	0	0	0	0	0	0	0	0	0	0	0	0	0	0	0	0	0	0	0	266	0	0	0	0	0	0	0	0	0	986	0	0	0	0	0	0	0	0	0	0	0	0	0	0	0	0	0	0	0	0	0	0	0	0	0	0	0	0	0	0	0	0	0	
29520	Frontal_Mid_Orb_R	0	0	0	912	0	3208	0	2220	0	0	0	0	0	94	0	5108	0	0	0	0	0	178	0	0	0	0	0	234	0	1164	0	0	0	0	0	0	0	0	0	0	0	82	0	0	0	0	0	0	0	0	0	0	0	0	0	0	0	0	0	0	0	0	0	0	0	0	0	0	0	0	0	0	0	1560	0	0	0	0	0	0	0	0	0	0	0	0	0	0	0	0	0	0	0	0	0	0	0	0	0	0	0	0	0	0	0	0	0	0	0	0	0	0	0	0	0	0	
431076	Frontal_Inf_Oper_L	35432	0	20570	1760	0	0	24030	0	0	0	0	0	19698	0	1090	0	18790	0	16876	1946	0	0	342	0	0	0	0	0	30718	0	138	0	288	0	0	0	3164	0	0	0	0	0	0	0	0	0	0	0	0	0	0	0	0	0	1468	0	8032	0	0	0	0	0	84	0	0	0	0	0	6298	0	1714	0	2772	0	676	0	398	0	2682	0	5512	0	4936	0	2510	0	0	0	3614	0	0	0	0	0	0	0	0	0	0	0	0	0	0	0	0	0	0	0	0	0	0	0	0	0	0	0	
206396	Frontal_Inf_Oper_R	0	13788	0	9054	0	0	0	11344	0	0	0	0	0	8662	0	312	0	12290	0	14228	0	0	0	162	0	0	0	0	0	16218	0	200	0	172	0	0	0	2108	0	1178	0	224	0	0	0	0	0	0	0	0	0	0	0	0	0	848	0	2442	0	0	0	0	0	0	0	0	0	0	0	0	320	2078	0	4990	0	0	0	0	0	0	0	152	0	2330	0	0	0	0	0	98	0	0	0	0	0	0	0	0	0	0	0	0	0	0	0	0	0	0	0	0	0	0	0	0	0	0	
280560	Frontal_Inf_Tri_L	4224	0	16886	1864	306	0	35358	0	2240	0	19698	0	0	0	10534	0	438	0	8474	2408	0	0	2102	0	0	0	0	0	29426	0	702	320	906	0	0	0	350	0	0	0	0	0	0	0	0	0	0	0	0	0	0	0	0	0	184	0	918	0	0	0	0	0	0	0	0	0	0	0	326	0	532	0	698	0	0	0	0	0	130	0	286	0	586	0	178	0	0	0	206	0	0	0	0	0	0	0	0	0	0	0	0	0	0	0	0	0	0	0	0	0	0	0	0	0	0	0	
142128	Frontal_Inf_Tri_R	0	3928	0	6704	0	0	0	17458	0	94	0	8662	0	0	0	2258	0	294	232	5440	90	0	124	2384	0	0	0	0	0	13444	0	1314	0	670	0	0	0	0	0	0	0	0	0	0	0	0	0	0	0	0	0	0	0	0	0	0	0	0	0	0	0	0	0	0	0	0	0	0	0	0	1184	3646	0	3138	0	0	0	0	0	0	0	0	0	0	0	0	0	0	0	0	0	0	0	0	0	0	0	0	0	0	0	0	0	0	0	0	0	0	0	0	0	0	0	0	0	0	
161228	Frontal_Inf_Orb_L	218	0	7716	0	11278	0	6774	0	15820	0	1090	0	10534	0	0	0	0	0	1412	180	1680	0	1236	0	0	0	1068	0	13950	0	576	88	114	0	0	0	0	0	116	0	596	0	0	0	0	0	0	0	0	0	0	0	0	0	0	0	0	0	0	0	0	0	0	0	0	0	0	0	164	0	438	0	1702	0	0	0	0	0	0	0	0	0	3762	0	102	0	0	0	0	0	0	0	0	0	0	0	0	0	0	0	0	0	0	0	0	0	0	0	0	0	0	0	0	0	0	0	
50260	Frontal_Inf_Orb_R	0	106	0	1550	0	2984	0	3102	0	5108	0	312	0	2258	0	0	0	0	0	394	0	610	0	644	0	0	0	562	0	4370	0	354	0	82	0	0	0	0	0	0	0	198	0	0	0	0	0	0	0	0	0	0	0	0	0	0	0	0	0	0	0	0	0	0	0	0	0	0	0	0	110	538	0	1746	0	0	0	0	0	0	0	0	0	102	0	0	0	0	0	0	0	0	0	0	0	0	0	0	0	0	0	0	0	0	0	0	0	0	0	0	0	0	0	0	0	0	
211184	Rolandic_Oper_L	13252	0	3334	0	0	0	1848	0	0	0	18790	0	438	0	0	0	0	0	5302	0	0	0	0	0	0	0	0	0	14804	0	0	0	110	0	0	0	846	0	0	0	0	0	0	0	0	0	0	0	0	0	0	0	138	0	916	0	12422	0	82	0	1294	0	3374	0	0	0	0	0	4442	0	474	0	838	0	0	0	272	0	4318	0	10154	0	4178	0	2372	0	0	0	1594	0	0	0	0	0	0	0	0	0	0	0	0	0	0	0	0	0	0	0	0	0	0	0	0	0	0	0	
150852	Rolandic_Oper_R	0	5598	0	3914	0	0	0	2834	0	0	0	12290	0	294	0	0	0	0	0	6018	0	0	0	0	0	0	0	0	0	11306	0	0	0	0	0	0	0	2750	0	1308	0	0	0	0	0	454	0	0	0	454	0	0	0	476	0	1628	0	5320	0	282	0	0	0	2574	0	102	130	434	0	0	0	2848	0	4588	0	236	0	0	0	2134	0	2910	0	3738	0	424	0	0	0	382	0	0	0	0	0	0	0	0	0	0	0	0	0	0	0	0	0	0	0	0	0	0	0	0	0	0	
697700	Supp_Motor_Area_L	9242	2794	66980	14250	192	0	24444	2038	0	0	16876	0	8474	232	1412	0	5302	0	0	46392	0	0	18316	5994	122	0	0	0	24758	400	8346	9052	16292	26326	444	0	770	138	0	0	0	0	0	0	0	0	0	0	0	0	0	0	0	0	708	0	112	0	0	0	0	0	0	0	0	0	0	0	16512	1410	5454	180	7614	168	0	0	168	0	424	0	2556	0	2642	0	738	0	0	0	578	0	0	0	0	0	0	0	0	0	0	0	0	0	0	0	0	0	0	0	0	0	0	0	0	0	0	0	
814684	Supp_Motor_Area_R	2786	12802	10650	57916	0	0	4190	6358	0	0	1946	14228	2408	5440	180	394	0	6018	46392	0	162	0	5960	15284	0	0	0	0	3266	10492	4776	28746	10248	52596	2120	1200	348	1524	0	804	0	84	0	0	0	0	0	0	0	0	0	0	0	0	114	472	696	11056	100	0	0	0	0	0	0	0	444	0	12654	21426	5002	21484	362	11422	932	162	592	8740	0	0	0	0	0	2366	0	0	0	0	0	0	0	0	0	0	0	0	0	0	0	0	0	0	0	0	0	0	0	0	0	0	0	0	0	0	0	0	
79664	Olfactory_L	0	0	1228	0	2370	288	0	0	114	0	0	0	0	90	1680	0	0	0	0	162	0	5170	420	0	462	216	3746	3286	3232	94	2910	2254	0	0	0	0	0	0	712	0	1140	0	0	0	0	0	0	0	0	0	0	0	0	0	0	0	0	0	0	0	0	0	0	0	0	0	0	0	0	0	5960	2170	1114	218	0	0	0	0	0	0	0	0	796	0	0	0	0	0	0	0	0	0	0	0	0	0	0	0	0	0	0	0	0	0	0	0	0	0	0	0	0	0	0	0	0	0	
70992	Olfactory_R	0	0	0	0	0	1692	0	0	0	178	0	0	0	0	0	610	0	0	0	0	5170	0	0	0	0	356	2520	4920	0	1608	1306	1836	0	0	0	0	0	0	0	0	0	560	0	0	0	0	0	0	0	0	0	0	0	0	0	0	0	0	0	0	0	0	0	0	0	0	0	0	0	0	7510	4868	1340	1022	0	0	0	0	0	0	0	0	0	0	0	0	0	0	0	0	0	0	0	0	0	0	0	0	0	0	0	0	0	0	0	0	0	0	0	0	0	0	0	0	0	0	
475192	Frontal_Sup_Medial_L	816	374	54894	13550	4342	0	16254	1522	180	0	342	0	2102	124	1236	0	0	0	18316	5960	420	0	0	26746	4024	1372	624	0	7434	98	24608	19834	8908	15334	0	0	0	0	0	0	154	0	0	0	0	0	0	0	0	0	0	0	0	0	0	0	0	0	0	0	0	0	0	0	0	0	0	0	854	0	718	770	5068	618	0	0	0	0	0	0	0	0	0	0	0	0	0	0	0	0	0	0	0	0	0	0	0	0	0	0	0	0	0	0	0	0	0	0	0	0	0	0	0	0	0	0	
413460	Frontal_Sup_Medial_R	0	1310	10546	43352	0	2450	1522	6246	0	0	0	162	0	2384	0	644	0	0	5994	15284	0	0	26746	0	248	6570	0	170	150	2114	6080	35156	3260	19186	0	0	0	0	0	0	0	0	0	0	0	0	0	0	0	0	0	0	0	0	0	0	0	0	0	0	0	0	0	0	0	0	0	0	0	0	0	8172	88	8808	88	0	0	0	0	0	0	0	0	0	0	0	0	0	0	0	0	0	0	0	0	0	0	0	0	0	0	0	0	0	0	0	0	0	0	0	0	0	0	0	0	0	
37420	Frontal_Med_Orb_L	0	0	1994	0	3530	0	0	0	164	0	0	0	0	0	0	0	0	0	122	0	462	0	4024	248	0	684	1188	0	244	0	4592	696	0	0	0	0	0	0	0	0	0	0	0	0	0	0	0	0	0	0	0	0	0	0	0	0	0	0	0	0	0	0	0	0	0	0	0	0	0	0	402	86	274	0	0	0	0	0	0	0	0	0	0	0	0	0	0	0	0	0	0	0	0	0	0	0	0	0	0	0	0	0	0	0	0	0	0	0	0	0	0	0	0	0	0	0	
79908	Frontal_Med_Orb_R	0	0	328	4772	0	6390	0	0	0	0	0	0	0	0	0	0	0	0	0	0	216	356	1372	6570	684	0	0	4254	0	0	2010	4900	0	0	0	0	0	0	0	0	0	0	0	0	0	0	0	0	0	0	0	0	0	0	0	0	0	0	0	0	0	0	0	0	0	0	0	0	0	0	182	2784	0	5136	0	0	0	0	0	0	0	0	0	0	0	0	0	0	0	0	0	0	0	0	0	0	0	0	0	0	0	0	0	0	0	0	0	0	0	0	0	0	0	0	0	0	
55700	Rectus_L	0	0	388	0	4742	114	0	0	1862	0	0	0	0	0	1068	0	0	0	0	0	3746	2520	624	0	1188	0	0	2128	320	0	3272	1410	0	0	0	0	0	0	0	0	662	0	0	0	0	0	0	0	0	0	0	0	0	0	0	0	0	0	0	0	0	0	0	0	0	0	0	0	0	0	2476	558	528	104	0	0	0	0	0	0	0	0	140	0	0	0	0	0	0	0	0	0	0	0	0	0	0	0	0	0	0	0	0	0	0	0	0	0	0	0	0	0	0	0	0	0	
64236	Rectus_R	0	0	0	384	0	5316	0	0	0	234	0	0	0	0	0	562	0	0	0	0	3286	4920	0	170	0	4254	2128	0	0	752	1260	2276	0	0	0	0	0	0	0	0	0	562	0	0	0	0	0	0	0	0	0	0	0	0	0	0	0	0	0	0	0	0	0	0	0	0	0	0	0	0	2862	1482	424	1246	0	0	0	0	0	0	0	0	0	0	0	0	0	0	0	0	0	0	0	0	0	0	0	0	0	0	0	0	0	0	0	0	0	0	0	0	0	0	0	0	0	0	
675260	Insula_L	21536	234	32664	2058	7142	0	25388	0	3936	0	30718	0	29426	0	13950	0	14804	0	24758	3266	3232	0	7434	150	244	0	320	0	0	0	3830	904	3172	218	0	0	13890	126	1086	0	2704	0	0	0	0	0	0	0	0	0	0	0	0	0	8452	0	4738	0	0	0	0	0	96	0	0	0	0	0	8824	0	1154	0	17490	0	0	0	2592	0	7452	0	11514	0	10138	0	6488	0	0	0	11502	0	0	0	0	0	0	0	0	0	0	0	0	0	0	0	0	0	0	0	0	0	0	0	0	0	0	0	
306756	Insula_R	92	9790	0	8276	0	1774	0	7982	0	1164	0	16218	0	13444	0	4370	0	11306	400	10492	94	1608	98	2114	0	0	0	752	0	0	0	1130	0	480	244	234	212	10322	0	2700	0	3482	0	0	0	0	0	0	0	0	0	0	0	0	0	3582	0	3772	0	0	0	0	0	0	0	0	0	0	150	0	638	3830	0	18116	0	0	0	872	0	2514	0	3898	0	3808	0	1858	0	158	0	1404	0	0	0	0	0	0	0	0	0	0	0	0	0	0	0	0	0	0	0	0	0	0	0	0	0	0	
291076	Cingulum_Ant_L	178	110	18164	4616	3370	0	5472	290	0	0	138	0	702	0	576	0	0	0	8346	4776	2910	1306	24608	6080	4592	2010	3272	1260	3830	0	0	19732	5338	5644	0	0	0	0	0	0	192	0	0	0	0	0	0	0	0	0	0	0	0	0	0	0	0	0	0	0	0	0	0	0	0	0	0	0	410	0	7040	1460	7972	1144	0	0	0	0	0	0	0	0	0	0	0	0	0	0	0	0	0	0	0	0	0	0	0	0	0	0	0	0	0	0	0	0	0	0	0	0	0	0	0	0	0	0	
541904	Cingulum_Ant_R	174	3048	8488	43776	144	968	1248	8588	0	0	0	200	320	1314	88	354	0	0	9052	28746	2254	1836	19834	35156	696	4900	1410	2276	904	1130	19732	0	6658	24838	0	0	0	0	0	0	0	0	0	0	0	0	0	0	0	0	0	0	0	0	0	0	0	0	0	0	0	0	0	0	0	0	0	0	336	94	3310	20974	1140	16790	176	0	0	0	0	0	0	0	0	0	0	0	0	0	0	0	0	0	0	0	0	0	0	0	0	0	0	0	0	0	0	0	0	0	0	0	0	0	0	0	0	0	
318104	Cingulum_Mid_L	2418	1016	10370	3482	0	0	6552	418	0	0	288	0	906	0	114	0	110	0	16292	10248	0	0	8908	3260	0	0	0	0	3172	0	5338	6658	0	22660	7548	2304	1042	172	0	0	0	0	730	240	2486	194	242	146	420	0	0	0	0	0	178	90	1772	1840	0	0	0	0	0	0	0	0	7710	1154	16776	3630	564	0	710	0	158	0	5446	160	208	0	220	0	0	0	216	0	0	0	486	0	0	0	0	0	0	0	0	0	0	0	0	0	0	0	0	0	0	0	0	0	0	0	0	0	0	0	
633140	Cingulum_Mid_R	1096	9372	7680	22902	0	0	2102	3406	0	0	0	172	0	670	0	82	0	0	26326	52596	0	0	15334	19186	0	0	0	0	218	480	5644	24838	22660	0	5592	9082	470	134	0	92	0	0	158	904	554	1512	0	422	0	136	0	0	0	156	0	250	1466	10932	232	0	0	0	0	0	0	0	3506	6330	15494	24588	808	8972	92	866	930	128	894	6690	0	0	0	0	0	0	0	0	0	0	0	0	0	0	0	0	0	0	0	0	0	0	0	0	0	0	0	0	0	0	0	0	416	0	0	0	0	0	
204060	Cingulum_Post_L	1026	918	0	0	0	0	0	0	0	0	0	0	0	0	0	0	0	0	444	2120	0	0	0	0	0	0	0	0	0	244	0	0	7548	5592	0	21140	4996	4168	1460	480	0	0	2160	382	2094	462	1246	426	986	0	1246	0	262	0	788	194	6530	6712	3482	0	102	0	0	96	0	0	8052	3558	3898	5248	100	374	0	0	0	0	832	972	160	0	0	0	0	0	100	0	0	0	640	0	0	0	0	0	0	0	296	158	0	0	0	0	0	0	0	0	0	0	0	0	338	0	0	0	0	0	
210952	Cingulum_Post_R	876	846	0	0	0	0	0	0	0	0	0	0	0	0	0	0	0	0	0	1200	0	0	0	0	0	0	0	0	0	234	0	0	2304	9082	21140	0	3832	6216	740	1864	0	0	434	682	386	1970	120	2250	0	0	0	0	0	390	288	1876	5326	6968	2580	0	0	0	0	96	0	0	3080	13142	3272	6950	96	340	0	0	0	0	800	1262	158	0	0	0	0	0	0	0	0	0	308	86	0	0	0	0	0	0	0	238	0	0	0	0	0	0	0	0	0	0	0	0	4044	0	0	0	0	0	
321588	Hippocampus_L	13092	1252	360	98	0	0	2390	0	0	0	3164	0	350	0	0	0	846	0	770	348	0	0	0	0	0	0	0	0	13890	212	0	0	1042	470	4996	3832	0	4248	12390	394	6592	0	1996	0	222	0	3514	354	0	0	0	0	0	0	20022	120	4656	924	0	0	0	0	0	0	0	0	2524	1014	3342	888	1156	0	8158	0	1600	0	11054	1616	3432	0	2698	0	1286	0	2170	0	158	0	15770	0	0	0	0	0	0	0	978	162	0	0	0	0	0	0	0	0	0	0	0	0	244	0	0	0	0	0	
338576	Hippocampus_R	810	11126	0	3570	0	0	0	498	0	0	0	2108	0	0	0	0	0	2750	138	1524	0	0	0	0	0	0	0	0	126	10322	0	0	172	134	4168	6216	4248	0	798	27650	0	10010	206	1090	0	410	0	4388	0	430	0	224	0	388	288	25888	358	4468	0	230	0	212	0	464	0	0	332	4978	634	1380	92	578	0	15296	0	470	2118	7314	244	736	0	622	0	1070	0	684	0	322	372	3506	0	0	0	0	0	0	0	1570	0	0	0	0	0	0	0	0	0	0	0	116	1442	0	0	0	0	0	
84348	ParaHippocampal_L	468	116	256	0	318	0	0	0	0	0	0	0	0	0	116	0	0	0	0	0	712	0	0	0	0	0	0	0	1086	0	0	0	0	0	1460	740	12390	798	0	0	2362	0	974	0	0	0	3522	232	0	0	0	0	0	0	5778	0	324	0	0	0	0	0	0	0	0	0	1092	584	118	0	136	0	800	0	0	0	1754	208	0	0	0	0	536	0	0	0	134	0	2318	0	0	0	0	0	120	334	1402	0	142	0	0	0	0	0	0	0	0	0	230	472	142	0	0	0	0	0	
199568	ParaHippocampal_R	138	2398	0	1630	0	0	0	272	0	0	0	1178	0	0	0	0	0	1308	0	804	0	0	0	0	0	0	0	0	0	2700	0	0	0	92	480	1864	394	27650	0	0	0	4170	0	1258	0	410	0	5468	0	430	0	224	0	556	0	19892	0	2550	0	210	0	176	0	350	0	0	136	4196	262	514	0	288	0	7272	0	308	380	2624	0	130	0	338	0	870	0	346	0	634	0	442	0	0	0	0	0	0	0	2548	0	126	0	0	0	0	0	0	0	0	0	226	1542	0	0	0	0	0	
43644	Amygdala_L	0	0	390	0	752	0	0	0	0	0	0	0	0	0	596	0	0	0	0	0	1140	0	154	0	0	0	662	0	2704	0	192	0	0	0	0	0	6592	0	2362	0	0	0	0	0	0	0	0	0	0	0	0	0	0	0	3066	0	0	0	0	0	0	0	0	0	0	0	0	0	0	0	128	0	780	0	0	0	194	0	0	0	200	0	1032	0	0	0	154	0	724	0	0	0	0	0	0	0	0	0	0	0	0	0	0	0	0	0	0	0	0	0	0	0	0	0	0	0	
61316	Amygdala_R	0	0	0	360	0	644	0	0	0	82	0	224	0	0	0	198	0	0	0	84	0	560	0	0	0	0	0	562	0	3482	0	0	0	0	0	0	0	10010	0	4170	0	0	0	0	0	0	0	0	0	0	0	0	0	0	0	4204	0	0	0	0	0	0	0	0	0	0	0	0	0	0	0	0	0	3608	0	88	0	0	0	0	0	0	0	1370	0	0	0	364	0	648	0	0	0	0	0	0	0	0	0	0	0	0	0	0	0	0	0	0	0	0	0	0	0	0	0	0	
395140	Calcarine_L	250	0	0	0	0	0	0	0	0	0	0	0	0	0	0	0	0	0	0	0	0	0	0	0	0	0	0	0	0	0	0	0	730	158	2160	434	1996	206	974	0	0	0	0	10326	23214	4592	21292	6440	19422	3870	18808	1672	5522	1104	11574	938	9240	168	9468	0	7456	0	506	0	774	0	23500	354	698	166	0	0	0	0	0	0	506	0	0	0	0	0	0	0	2032	98	0	0	6396	0	82	0	0	0	0	0	444	0	0	0	0	0	0	0	0	0	0	0	0	0	0	0	0	0	0	0	
455256	Calcarine_R	0	0	0	0	0	0	0	0	0	0	0	0	0	0	0	0	0	0	0	0	0	0	0	0	0	0	0	0	0	0	0	0	240	904	382	682	0	1090	0	1258	0	0	10326	0	4484	33494	2302	35752	0	25566	0	18692	0	18132	0	19114	148	5038	0	4402	0	1432	0	596	0	418	1528	28668	0	2662	0	0	0	0	0	0	0	0	0	0	0	0	0	0	0	3262	0	0	0	4080	200	0	0	0	0	0	84	460	382	530	0	0	0	0	0	0	0	0	0	0	906	414	0	0	0	0	
244812	Cuneus_L	422	0	0	0	0	0	0	0	0	0	0	0	0	0	0	0	0	0	0	0	0	0	0	0	0	0	0	0	0	0	0	0	2486	554	2094	386	222	0	0	0	0	0	23214	4484	0	5432	8352	250	26580	262	12920	272	1350	150	2216	0	1564	430	2816	0	424	0	0	0	190	0	19972	378	2426	478	0	0	0	0	0	0	412	0	0	0	0	0	0	0	434	0	0	0	1236	0	0	0	0	0	0	0	0	0	0	0	0	0	0	0	0	0	0	0	0	0	0	0	0	0	0	0	
364140	Cuneus_R	0	0	0	0	0	0	0	0	0	0	0	0	0	0	0	0	0	454	0	0	0	0	0	0	0	0	0	0	0	0	0	0	194	1512	462	1970	0	410	0	410	0	0	4592	33494	5432	0	454	8516	0	38624	0	14896	0	7056	0	3566	316	4670	142	6070	0	1774	0	2744	0	1316	7010	27846	190	2194	0	0	0	0	0	0	0	0	0	0	0	674	0	0	0	2576	0	0	0	2382	0	0	0	0	0	0	0	0	0	0	0	0	0	0	0	0	0	0	0	0	124	0	0	0	0	0	
397892	Lingual_L	104	0	0	0	0	0	0	0	0	0	0	0	0	0	0	0	0	0	0	0	0	0	0	0	0	0	0	0	0	0	0	0	242	0	1246	120	3514	0	3522	0	0	0	21292	2302	8352	454	0	5040	8920	1084	11858	598	8770	476	20610	1204	1004	0	864	0	198	0	0	0	706	0	9692	0	304	0	0	0	0	0	0	0	440	0	0	0	0	0	0	0	3290	0	0	0	2798	0	11112	2042	5534	3158	474	1186	10946	1530	14504	3992	434	0	1514	2656	748	2316	0	0	640	1092	2474	3562	4478	2566	2576	408	
431788	Lingual_R	0	0	0	0	0	0	0	0	0	0	0	0	0	0	0	0	0	0	0	0	0	0	0	0	0	0	0	0	0	0	0	0	146	422	426	2250	354	4388	232	5468	0	0	6440	35752	250	8516	5040	0	0	9570	0	8700	0	11276	952	27292	0	2568	0	2432	0	492	0	330	0	0	226	18154	0	984	0	0	0	0	0	0	0	996	0	0	0	0	0	0	0	1036	0	0	0	1140	4540	3808	1246	946	88	882	2714	6684	8314	13200	246	0	370	432	194	100	0	0	0	320	5686	8636	1138	284	234	0	
299100	Occipital_Sup_L	176	0	0	0	0	0	0	0	0	0	0	0	0	0	0	0	0	0	0	0	0	0	0	0	0	0	0	0	0	0	0	0	420	0	986	0	0	0	0	0	0	0	19422	0	26580	0	8920	0	0	0	40336	0	3356	0	2302	0	2934	0	14264	0	5868	0	1214	0	3318	0	16848	0	284	0	0	0	0	0	0	0	0	0	0	0	0	0	0	0	1430	0	0	0	892	0	0	0	0	0	0	0	0	0	0	0	0	0	0	0	0	0	0	0	0	0	0	0	0	0	0	0	
387412	Occipital_Sup_R	0	0	0	0	0	0	0	0	0	0	0	0	0	0	0	0	0	454	0	0	0	0	0	0	0	0	0	0	0	0	0	0	0	136	0	0	0	430	0	430	0	0	3870	25566	262	38624	1084	9570	0	0	0	32604	0	8180	0	4046	0	3512	0	13456	0	4838	0	2710	0	10306	5224	20006	0	2416	0	0	0	0	0	0	0	0	0	0	0	814	0	0	0	3330	0	0	0	1838	0	0	0	0	0	0	0	0	0	0	0	0	0	0	0	0	0	0	0	0	0	0	0	0	0	0	
458440	Occipital_Mid_L	198	0	0	0	0	0	0	0	0	0	0	0	0	0	0	0	0	0	0	0	0	0	0	0	0	0	0	0	0	0	0	0	0	0	1246	0	0	0	0	0	0	0	18808	0	12920	0	11858	0	40336	0	0	0	24398	0	13658	0	7258	0	19880	0	16940	0	2148	0	20404	0	14528	0	0	0	0	0	0	0	0	0	0	0	0	0	0	0	0	0	17512	0	0	0	6998	0	0	0	0	0	0	0	0	0	130	0	0	0	0	0	0	0	0	0	0	0	0	0	0	0	0	0	
331776	Occipital_Mid_R	0	0	0	0	0	0	0	0	0	0	0	0	0	0	0	0	0	0	0	0	0	0	0	0	0	0	0	0	0	0	0	0	0	0	0	0	0	224	0	224	0	0	1672	18692	272	14896	598	8700	0	32604	0	0	0	14072	0	5222	0	2448	0	12048	0	6432	0	1362	0	22788	1852	8268	0	1460	0	0	0	0	0	0	0	0	0	0	0	602	0	0	0	10902	0	0	0	550	0	0	0	0	0	0	0	0	0	0	0	0	0	0	0	0	0	0	0	0	0	0	0	0	0	0	
196168	Occipital_Inf_L	0	0	0	0	0	0	0	0	0	0	0	0	0	0	0	0	138	0	0	0	0	0	0	0	0	0	0	0	0	0	0	0	0	0	262	0	0	0	0	0	0	0	5522	0	1350	0	8770	0	3356	0	24398	0	0	0	21052	0	2474	0	1422	0	806	0	252	0	1230	0	1562	0	0	0	0	0	0	0	0	0	0	0	0	0	130	0	0	0	11442	0	0	0	13664	0	0	0	0	0	0	0	0	0	254	0	0	0	0	0	0	0	0	0	0	0	0	0	0	0	0	0	
212660	Occipital_Inf_R	0	0	0	0	0	0	0	0	0	0	0	0	0	0	0	0	0	476	0	0	0	0	0	0	0	0	0	0	0	0	0	0	0	156	0	390	0	388	0	556	0	0	1104	18132	150	7056	476	11276	0	8180	0	14072	0	0	0	17270	0	1532	0	1016	0	1148	0	394	0	1214	124	8018	0	828	0	0	0	0	0	0	0	0	0	0	0	370	0	0	0	3038	0	0	0	5606	422	0	98	0	0	0	144	0	736	872	0	0	0	0	0	0	0	0	0	0	204	790	94	0	0	0	
496236	Fusiform_L	1582	186	268	0	0	0	796	0	0	0	1468	0	184	0	0	0	916	0	708	114	0	0	0	0	0	0	0	0	8452	0	0	0	178	0	788	288	20022	288	5778	0	3066	0	11574	0	2216	0	20610	952	2302	0	13658	0	21052	0	0	236	4520	0	2216	0	824	0	212	0	1216	0	6072	194	600	0	214	0	3240	0	0	0	1524	140	154	0	1708	0	2614	0	9180	0	2850	0	31600	0	17266	1296	6994	668	136	0	5190	264	20268	2108	704	0	1392	316	584	82	0	0	0	0	148	1940	1552	242	208	0	
534400	Fusiform_R	86	1718	0	726	0	0	0	86	0	0	0	848	0	0	0	0	0	1628	0	472	0	0	0	0	0	0	0	0	0	3582	0	0	90	250	194	1876	120	25888	0	19892	0	4204	938	19114	0	3566	1204	27292	0	4046	0	5222	0	17270	236	0	0	5490	0	1798	0	812	0	1594	0	602	238	12924	194	2244	0	276	0	4544	0	114	246	1858	0	258	0	1764	0	2520	0	4010	0	1746	0	14294	2864	14488	1444	2484	0	254	1408	5618	4474	22796	600	250	552	1948	0	278	0	0	0	0	2322	5060	1564	356	262	104	
427932	Postcentral_L	32274	502	800	180	0	0	1480	212	0	0	8032	0	918	0	0	0	12422	0	112	696	0	0	0	0	0	0	0	0	4738	0	0	0	1772	1466	6530	5326	4656	358	324	0	0	0	9240	148	1564	316	1004	0	2934	0	7258	0	2474	0	4520	0	0	4136	19376	0	24396	0	14308	0	3464	0	6472	662	2398	2686	346	84	2018	0	598	0	3322	170	2344	0	4914	0	340	0	4512	0	0	0	5164	0	0	0	0	0	0	0	0	0	0	0	0	0	0	0	0	0	0	0	0	0	0	0	0	0	0	0	
417128	Postcentral_R	970	15404	0	786	0	0	0	402	0	0	0	2442	0	0	0	0	0	5320	0	11056	0	0	0	0	0	0	0	0	0	3772	0	0	1840	10932	6712	6968	924	4468	0	2550	0	0	168	5038	430	4670	0	2568	0	3512	0	2448	0	1532	0	5490	4136	0	1292	8922	0	8272	0	14720	0	558	2410	8894	4178	30970	450	6160	0	2036	0	0	1582	10912	0	300	0	440	0	0	0	1144	0	0	0	662	0	0	0	0	0	0	0	0	0	0	0	0	0	0	0	0	0	0	0	0	124	0	0	0	0	0	
256996	Parietal_Sup_L	142	0	0	0	0	0	0	0	0	0	0	0	0	0	0	0	82	0	0	100	0	0	0	0	0	0	0	0	0	0	0	0	0	232	3482	2580	0	0	0	0	0	0	9468	0	2816	142	864	0	14264	0	19880	0	1422	0	2216	0	19376	1292	0	0	16526	0	1334	0	8148	0	18884	428	84	764	0	0	0	0	0	0	0	0	0	0	204	0	0	0	1706	0	0	0	2062	0	0	0	0	0	0	0	0	0	0	0	0	0	0	0	0	0	0	0	0	0	0	0	0	0	0	0	
195648	Parietal_Sup_R	0	0	0	0	0	0	0	0	0	0	0	0	0	0	0	0	0	282	0	0	0	0	0	0	0	0	0	0	0	0	0	0	0	0	0	0	0	230	0	210	0	0	0	4402	0	6070	0	2432	0	13456	0	12048	0	1016	0	1798	0	8922	0	0	0	12162	0	5434	0	10594	1656	14360	0	1174	0	0	0	0	0	0	0	0	0	0	0	198	0	0	0	1026	0	0	0	354	0	0	0	0	0	0	0	0	0	0	0	0	0	0	0	0	0	0	0	0	0	0	0	0	0	0	
272612	Parietal_Inf_L	132	0	0	0	0	0	0	0	0	0	0	0	0	0	0	0	1294	0	0	0	0	0	0	0	0	0	0	0	0	0	0	0	0	0	102	0	0	0	0	0	0	0	7456	0	424	0	198	0	5868	0	16940	0	806	0	824	0	24396	0	16526	0	0	0	20196	0	23156	0	6392	0	0	0	0	0	0	0	0	0	0	0	0	0	1550	0	0	0	6838	0	0	0	3208	0	0	0	0	0	0	0	0	0	0	0	0	0	0	0	0	0	0	0	0	0	0	0	0	0	0	0	
177796	Parietal_Inf_R	0	0	0	0	0	0	0	0	0	0	0	0	0	0	0	0	0	0	0	0	0	0	0	0	0	0	0	0	0	0	0	0	0	0	0	0	0	212	0	176	0	0	0	1432	0	1774	0	492	0	4838	0	6432	0	1148	0	812	0	8272	0	12162	0	0	0	14404	0	20680	808	3594	0	348	0	0	0	0	0	0	0	0	0	0	0	1050	0	0	0	6744	0	0	0	3520	0	0	0	0	0	0	0	0	0	0	0	0	0	0	0	0	0	0	0	0	0	0	0	0	0	0	
136344	SupraMarginal_L	188	0	0	0	0	0	0	0	0	0	84	0	0	0	0	0	3374	0	0	0	0	0	0	0	0	0	0	0	96	0	0	0	0	0	0	0	0	0	0	0	0	0	506	0	0	0	0	0	1214	0	2148	0	252	0	212	0	14308	0	1334	0	20196	0	0	0	5212	0	598	0	0	0	0	0	0	0	0	0	0	0	0	0	5444	0	0	0	8594	0	0	0	4412	0	0	0	0	0	0	0	0	0	0	0	0	0	0	0	0	0	0	0	0	0	0	0	0	0	0	0	
145132	SupraMarginal_R	0	294	0	0	0	0	0	0	0	0	0	0	0	0	0	0	0	2574	0	0	0	0	0	0	0	0	0	0	0	0	0	0	0	0	96	96	0	464	0	350	0	0	0	596	0	2744	0	330	0	2710	0	1362	0	394	0	1594	0	14720	0	5434	0	14404	0	0	0	4574	1352	2928	0	118	0	0	0	0	0	0	0	0	0	122	0	5154	0	0	0	6966	0	0	0	3190	0	0	0	0	0	0	0	0	0	0	0	0	0	0	0	0	0	0	0	0	0	0	0	0	0	0	
179496	Angular_L	0	0	0	0	0	0	0	0	0	0	0	0	0	0	0	0	0	0	0	0	0	0	0	0	0	0	0	0	0	0	0	0	0	0	0	0	0	0	0	0	0	0	774	0	190	0	706	0	3318	0	20404	0	1230	0	1216	0	3464	0	8148	0	23156	0	5212	0	0	0	3822	0	0	0	0	0	0	0	0	0	0	0	0	0	1576	0	0	0	13728	0	0	0	2804	0	0	0	0	0	0	0	0	0	0	0	0	0	0	0	0	0	0	0	0	0	0	0	0	0	0	0	
188348	Angular_R	0	0	0	0	0	0	0	0	0	0	0	0	0	0	0	0	0	102	0	0	0	0	0	0	0	0	0	0	0	0	0	0	0	0	0	0	0	0	0	0	0	0	0	418	0	1316	0	0	0	10306	0	22788	0	1214	0	602	0	558	0	10594	0	20680	0	4574	0	0	744	2234	0	378	0	0	0	0	0	0	0	0	0	0	0	2510	0	0	0	11368	0	0	0	3788	0	0	0	0	0	0	0	0	0	0	0	0	0	0	0	0	0	0	0	0	0	0	0	0	0	0	
412620	Precuneus_L	578	0	0	0	0	0	0	0	0	0	0	0	0	0	0	0	0	130	0	444	0	0	0	0	0	0	0	0	0	0	0	0	7710	3506	8052	3080	2524	332	1092	136	0	0	23500	1528	19972	7010	9692	226	16848	5224	14528	1852	1562	124	6072	238	6472	2410	18884	1656	6392	808	598	1352	3822	744	0	8912	7756	2416	90	0	0	0	0	0	900	82	0	0	0	470	0	0	816	504	0	0	3542	218	0	0	0	0	0	0	1334	0	0	0	0	0	0	0	0	0	0	0	0	0	172	0	0	0	0	0	
447932	Precuneus_R	0	0	0	0	0	0	0	0	0	0	0	0	0	0	0	0	0	434	0	0	0	0	0	0	0	0	0	0	0	0	0	0	1154	6330	3558	13142	1014	4978	584	4196	0	0	354	28668	378	27846	0	18154	0	20006	0	8268	0	8018	194	12924	662	8894	428	14360	0	3594	0	2928	0	2234	8912	0	766	6574	0	0	0	0	0	0	0	284	88	0	0	762	0	0	0	2300	0	0	204	2818	0	0	0	0	0	0	0	1458	118	258	0	0	0	0	0	0	0	0	0	172	5820	132	0	0	0	0	
378404	Paracentral_Lobule_L	18548	2288	6972	528	0	0	2372	0	0	0	6298	0	326	0	164	0	4442	0	16512	12654	0	0	854	0	0	0	0	0	8824	150	410	336	16776	15494	3898	3272	3342	634	118	262	0	0	698	0	2426	190	304	0	284	0	0	0	0	0	600	194	2398	4178	84	0	0	0	0	0	0	0	7756	766	0	8456	3920	388	3516	150	4318	0	16924	942	628	0	1530	0	1092	0	792	0	0	0	1194	0	0	0	0	0	0	0	0	0	0	0	0	0	0	0	0	0	0	0	0	0	0	0	0	0	0	0	
353308	Paracentral_Lobule_R	996	11174	0	324	0	0	0	0	0	0	0	0	0	0	0	0	0	0	1410	21426	0	0	0	0	0	0	0	0	0	0	0	94	3630	24588	5248	6950	888	1380	0	514	0	0	166	2662	478	2194	0	984	0	2416	0	1460	0	828	0	2244	2686	30970	764	1174	0	348	0	118	0	378	2416	6574	8456	0	636	10112	0	0	214	92	1408	16594	0	0	0	0	0	0	0	824	0	0	0	374	0	0	0	0	0	0	0	0	0	0	0	0	0	0	0	0	0	0	0	0	462	0	0	0	0	0	
212372	Caudate_L	4578	1000	2846	3058	86	274	1888	894	0	0	1714	320	532	1184	438	110	474	0	5454	5002	5960	7510	718	0	402	182	2476	2862	1154	638	7040	3310	564	808	100	96	1156	92	136	0	128	0	0	0	0	0	0	0	0	0	0	0	0	0	214	0	346	450	0	0	0	0	0	0	0	0	90	0	3920	636	0	8746	11126	2514	2512	0	9266	228	436	0	124	0	0	0	0	0	0	0	394	0	0	0	0	0	0	0	0	0	0	0	0	0	0	0	0	0	0	0	0	0	0	0	0	0	0	0	
395956	Caudate_R	202	18916	172	18450	0	1438	0	2980	0	0	0	2078	0	3646	0	538	0	2848	180	21484	2170	4868	770	8172	86	2784	558	1482	0	3830	1460	20974	0	8972	374	340	0	578	0	288	0	0	0	0	0	0	0	0	0	0	0	0	0	0	0	276	84	6160	0	0	0	0	0	0	0	0	0	0	388	10112	8746	0	1682	24496	482	1922	124	12646	0	222	0	0	0	0	0	0	0	0	0	0	0	0	0	0	0	0	0	0	0	0	0	0	0	0	0	0	0	0	0	0	0	0	0	0	0	0	
248012	Putamen_L	13138	194	9600	134	1380	0	3444	0	266	0	2772	0	698	0	1702	0	838	0	7614	362	1114	1340	5068	88	274	0	528	424	17490	0	7972	1140	710	92	0	0	8158	0	800	0	780	0	0	0	0	0	0	0	0	0	0	0	0	0	3240	0	2018	0	0	0	0	0	0	0	0	0	0	0	3516	0	11126	1682	0	580	8582	0	874	0	0	0	996	0	1806	0	268	0	0	0	1198	0	0	0	0	0	0	0	0	0	0	0	0	0	0	0	0	0	0	0	0	0	0	0	0	0	0	0	
381284	Putamen_R	0	7430	108	24896	0	7006	0	4692	0	1560	0	4990	0	3138	0	1746	0	4588	168	11422	218	1022	618	8808	0	5136	104	1246	0	18116	1144	16790	0	866	0	0	0	15296	0	7272	0	3608	0	0	0	0	0	0	0	0	0	0	0	0	0	4544	0	2036	0	0	0	0	0	0	0	0	0	0	150	0	2514	24496	580	0	348	1192	0	492	0	394	0	368	0	526	0	98	0	86	0	830	0	0	0	0	0	0	0	0	0	0	0	0	0	0	0	0	0	0	0	0	0	0	0	0	0	0	
75324	Pallidum_L	10348	476	680	320	0	0	1208	0	0	0	676	0	0	0	0	0	0	0	0	932	0	0	0	88	0	0	0	0	0	0	0	176	158	930	0	0	1600	0	0	0	0	0	0	0	0	0	0	0	0	0	0	0	0	0	0	0	598	0	0	0	0	0	0	0	0	0	0	0	4318	214	2512	482	8582	348	0	0	2874	142	0	0	0	0	0	0	0	0	0	0	0	0	0	0	0	0	0	0	0	0	0	0	0	0	0	0	0	0	0	0	0	0	0	0	0	0	0	0	
16544	Pallidum_R	0	2112	0	1290	0	0	0	0	0	0	0	0	0	0	0	0	0	236	0	162	0	0	0	0	0	0	0	0	0	0	0	0	0	128	0	0	0	470	0	308	0	88	0	0	0	0	0	0	0	0	0	0	0	0	0	114	0	0	0	0	0	0	0	0	0	0	0	0	0	92	0	1922	0	1192	0	0	0	158	0	0	0	0	0	0	0	0	0	0	0	0	0	0	0	0	0	0	0	0	0	0	0	0	0	0	0	0	0	0	0	0	0	0	0	0	0	0	
185516	Thalamus_L	11650	758	0	100	0	0	198	0	0	0	398	0	0	0	0	0	272	0	168	592	0	0	0	0	0	0	0	0	2592	0	0	0	5446	894	832	800	11054	2118	1754	380	194	0	506	0	412	0	440	0	0	0	0	0	0	0	1524	246	3322	1582	0	0	0	0	0	0	0	0	900	0	16924	1408	9266	124	874	0	2874	0	0	4734	1936	0	1108	0	0	0	1236	0	0	0	3142	0	0	0	0	0	0	0	0	0	0	0	0	0	0	0	0	0	0	0	0	0	0	0	0	0	0	0	
204952	Thalamus_R	370	20112	0	248	0	0	0	0	0	0	0	0	0	0	0	0	0	0	0	8740	0	0	0	0	0	0	0	0	0	872	0	0	160	6690	972	1262	1616	7314	208	2624	0	0	0	0	0	0	0	996	0	0	0	0	0	0	140	1858	170	10912	0	0	0	0	0	0	0	0	82	284	942	16594	228	12646	0	492	142	158	4734	0	146	0	0	0	0	0	0	0	0	0	192	0	0	0	0	0	0	0	0	488	0	0	0	0	0	0	0	0	0	0	0	0	84	0	0	0	0	0	
79568	Heschl_L	5332	0	176	0	0	0	1066	0	0	0	2682	0	130	0	0	0	4318	0	424	0	0	0	0	0	0	0	0	0	7452	0	0	0	208	0	160	158	3432	244	0	0	0	0	0	0	0	0	0	0	0	0	0	0	0	0	154	0	2344	0	0	0	0	0	0	0	0	0	0	88	628	0	436	0	0	0	0	0	1936	146	0	0	4188	0	92	0	2338	0	0	0	1652	0	0	0	0	0	0	0	0	0	0	0	0	0	0	0	0	0	0	0	0	0	0	0	0	0	0	0	
24520	Heschl_R	0	0	0	0	0	0	0	0	0	0	0	0	0	0	0	0	0	2134	0	0	0	0	0	0	0	0	0	0	0	2514	0	0	0	0	0	0	0	736	0	130	0	0	0	0	0	0	0	0	0	0	0	0	0	0	0	258	0	300	0	0	0	0	0	122	0	0	0	0	0	0	0	222	0	394	0	0	0	0	0	0	0	4302	0	0	0	1148	0	0	0	0	0	0	0	0	0	0	0	0	0	0	0	0	0	0	0	0	0	0	0	0	0	0	0	0	0	0	
230492	Temporal_Sup_L	4242	0	1560	0	0	0	1262	0	0	0	5512	0	286	0	0	0	10154	0	2556	0	0	0	0	0	0	0	0	0	11514	0	0	0	220	0	0	0	2698	0	0	0	200	0	0	0	0	0	0	0	0	0	0	0	130	0	1708	0	4914	0	204	0	1550	0	5444	0	1576	0	0	0	1530	0	124	0	996	0	0	0	1108	0	4188	0	0	0	8734	0	31082	0	0	0	11754	0	0	0	0	0	0	0	0	0	0	0	0	0	0	0	0	0	0	0	0	0	0	0	0	0	0	0	
95840	Temporal_Sup_R	0	140	0	0	0	0	0	0	0	0	0	152	0	0	0	0	0	2910	0	0	0	0	0	0	0	0	0	0	0	3898	0	0	0	0	0	0	0	622	0	338	0	0	0	0	0	674	0	0	0	814	0	602	0	370	0	1764	0	440	0	198	0	1050	0	5154	0	2510	470	762	0	0	0	0	0	368	0	0	0	0	0	4302	0	0	0	2680	0	12876	0	242	0	4584	0	0	0	0	0	0	0	0	0	0	0	0	0	0	0	0	0	0	0	0	0	0	0	0	0	0	
141492	Temporal_Pole_Sup_L	1314	0	2248	0	1010	0	204	0	986	0	4936	0	586	0	3762	0	4178	0	2642	0	796	0	0	0	0	0	140	0	10138	0	0	0	0	0	0	0	1286	0	536	0	1032	0	0	0	0	0	0	0	0	0	0	0	0	0	2614	0	340	0	0	0	0	0	0	0	0	0	0	0	1092	0	0	0	1806	0	0	0	0	0	92	0	8734	0	0	0	10322	0	5624	0	4328	0	0	0	0	0	0	0	0	0	0	0	0	0	0	0	0	0	0	0	0	0	0	0	0	0	0	0	
62836	Temporal_Pole_Sup_R	0	540	0	1570	0	0	0	464	0	0	0	2330	0	0	0	102	0	3738	0	2366	0	0	0	0	0	0	0	0	0	3808	0	0	0	0	0	0	0	1070	0	870	0	1370	0	0	0	0	0	0	0	0	0	0	0	0	0	2520	0	0	0	0	0	0	0	0	0	0	0	0	0	0	0	0	0	526	0	0	0	0	0	0	0	2680	0	0	0	2750	0	2830	0	1884	0	0	0	0	0	0	0	0	0	0	0	0	0	0	0	0	0	0	0	0	0	0	0	0	0	0	
387388	Temporal_Mid_L	2404	0	858	0	0	0	1288	0	0	0	2510	0	178	0	102	0	2372	0	738	0	0	0	0	0	0	0	0	0	6488	0	0	0	216	0	100	0	2170	0	0	0	0	0	2032	0	434	0	3290	0	1430	0	17512	0	11442	0	9180	0	4512	0	1706	0	6838	0	8594	0	13728	0	816	0	792	0	0	0	268	0	0	0	1236	0	2338	0	31082	0	10322	0	0	0	4312	0	42406	0	0	0	0	0	0	0	0	0	0	0	0	0	0	0	0	0	0	0	0	0	0	0	0	0	0	0	
196256	Temporal_Mid_R	0	0	0	0	0	0	0	0	0	0	0	0	0	0	0	0	0	424	0	0	0	0	0	0	0	0	0	0	0	1858	0	0	0	0	0	0	0	684	0	346	0	0	98	3262	0	2576	0	1036	0	3330	0	10902	0	3038	0	4010	0	1144	0	1026	0	6744	0	6966	0	11368	504	2300	0	824	0	0	0	98	0	0	0	0	0	1148	0	12876	0	2750	0	0	0	1108	0	17708	0	0	0	0	0	0	0	0	0	0	0	0	0	0	0	0	0	0	0	0	0	0	0	0	0	0	
35252	Temporal_Pole_Mid_L	0	0	0	0	0	0	0	0	0	0	0	0	0	0	0	0	0	0	0	0	0	0	0	0	0	0	0	0	0	0	0	0	0	0	0	0	158	0	134	0	154	0	0	0	0	0	0	0	0	0	0	0	0	0	2850	0	0	0	0	0	0	0	0	0	0	0	0	0	0	0	0	0	0	0	0	0	0	0	0	0	0	0	5624	0	4312	0	0	0	4394	0	0	0	0	0	0	0	0	0	0	0	0	0	0	0	0	0	0	0	0	0	0	0	0	0	0	0	
17212	Temporal_Pole_Mid_R	0	0	0	0	0	0	0	0	0	0	0	0	0	0	0	0	0	0	0	0	0	0	0	0	0	0	0	0	0	158	0	0	0	0	0	0	0	322	0	634	0	364	0	0	0	0	0	0	0	0	0	0	0	0	0	1746	0	0	0	0	0	0	0	0	0	0	0	0	0	0	0	0	0	86	0	0	0	0	0	0	0	242	0	2830	0	1108	0	0	0	1116	0	0	0	0	0	0	0	0	0	0	0	0	0	0	0	0	0	0	0	0	0	0	0	0	0	0	
407052	Temporal_Inf_L	4012	100	832	0	0	0	2628	0	0	0	3614	0	206	0	0	0	1594	0	578	0	0	0	0	0	0	0	0	0	11502	0	0	0	486	0	640	308	15770	372	2318	0	724	0	6396	0	1236	0	2798	0	892	0	6998	0	13664	0	31600	0	5164	0	2062	0	3208	0	4412	0	2804	0	3542	204	1194	0	394	0	1198	0	0	0	3142	192	1652	0	11754	0	4328	0	42406	0	4394	0	0	0	1160	0	608	0	0	0	130	0	104	0	108	0	98	0	0	0	0	0	0	0	0	0	0	0	0	0	
157484	Temporal_Inf_R	0	152	0	0	0	0	0	0	0	0	0	98	0	0	0	0	0	382	0	0	0	0	0	0	0	0	0	0	0	1404	0	0	0	0	0	86	0	3506	0	442	0	648	0	4080	0	2382	0	1140	0	1838	0	550	0	5606	0	14294	0	662	0	354	0	3520	0	3190	0	3788	218	2818	0	374	0	0	0	830	0	0	0	0	0	0	0	4584	0	1884	0	17708	0	1116	0	0	0	624	0	170	0	0	0	0	0	208	0	0	0	86	0	0	0	0	0	0	0	0	0	0	0	0	
461348	Cerebelum_Crus1_L	0	0	0	0	0	0	0	0	0	0	0	0	0	0	0	0	0	0	0	0	0	0	0	0	0	0	0	0	0	0	0	0	0	0	0	0	0	0	0	0	0	0	82	200	0	0	11112	4540	0	0	0	0	0	422	17266	2864	0	0	0	0	0	0	0	0	0	0	0	0	0	0	0	0	0	0	0	0	0	0	0	0	0	0	0	0	0	0	0	0	1160	0	0	8226	41346	7340	572	1680	12746	3022	40090	11552	10114	0	11926	4494	1462	2756	0	0	654	1272	4340	9854	11312	3692	3852	726	
377504	Cerebelum_Crus1_R	0	0	0	0	0	0	0	0	0	0	0	0	0	0	0	0	0	0	0	0	0	0	0	0	0	0	0	0	0	0	0	0	0	0	0	0	0	0	0	0	0	0	0	0	0	0	2042	3808	0	0	0	0	0	0	1296	14488	0	0	0	0	0	0	0	0	0	0	0	0	0	0	0	0	0	0	0	0	0	0	0	0	0	0	0	0	0	0	0	0	0	624	8226	0	9906	30384	0	418	4722	8526	7490	36970	4454	3964	4152	17558	584	364	0	0	0	1104	6384	7676	11620	1018	648	326	
700780	Cerebelum_Crus2_L	0	0	0	0	0	0	0	0	0	0	0	0	0	0	0	0	0	0	0	0	0	0	0	0	0	0	0	0	0	0	0	0	0	0	0	0	0	0	0	0	0	0	0	0	0	0	5534	1246	0	0	0	0	0	98	6994	1444	0	0	0	0	0	0	0	0	0	0	0	0	0	0	0	0	0	0	0	0	0	0	0	0	0	0	0	0	0	0	0	0	608	0	41346	9906	0	29522	768	2646	13170	11858	22874	13522	40306	5796	41726	24942	3198	5714	144	526	1118	2844	9554	4866	29052	9470	7504	2094	
584176	Cerebelum_Crus2_R	0	0	0	0	0	0	0	0	0	0	0	0	0	0	0	0	0	0	0	0	0	0	0	0	0	0	0	0	0	0	0	0	0	0	0	0	0	0	0	0	0	0	0	0	0	0	3158	946	0	0	0	0	0	0	668	2484	0	0	0	0	0	0	0	0	0	0	0	0	0	0	0	0	0	0	0	0	0	0	0	0	0	0	0	0	0	0	0	0	0	170	7340	30384	29522	0	636	2648	8128	12914	5986	17382	14034	21908	16992	48846	2354	5906	92	596	954	2870	8850	2220	26528	8622	7342	1608	
44076	Cerebelum_3_L	0	0	0	0	0	0	0	0	0	0	0	0	0	0	0	0	0	0	0	0	0	0	0	0	0	0	0	0	0	0	0	0	0	0	0	0	0	0	120	0	0	0	0	0	0	0	474	88	0	0	0	0	0	0	136	0	0	0	0	0	0	0	0	0	0	0	0	0	0	0	0	0	0	0	0	0	0	0	0	0	0	0	0	0	0	0	0	0	0	0	572	0	768	636	0	364	6620	104	540	0	0	0	1178	656	1252	618	0	0	1784	2956	1036	0	676	658	650	152	
79556	Cerebelum_3_R	0	0	0	0	0	0	0	0	0	0	0	0	0	0	0	0	0	0	0	0	0	0	0	0	0	0	0	0	0	0	0	0	0	0	0	0	0	0	334	0	0	0	0	0	0	0	1186	882	0	0	0	0	0	0	0	254	0	0	0	0	0	0	0	0	0	0	0	0	0	0	0	0	0	0	0	0	0	0	0	0	0	0	0	0	0	0	0	0	0	0	1680	418	2646	2648	364	0	2122	3354	1316	1210	600	0	1152	3028	356	2422	0	0	846	3378	1732	240	2648	2238	2376	348	
371484	Cerebelum_4_5_L	0	0	0	0	0	0	0	0	0	0	0	0	0	0	0	0	0	0	0	0	0	0	0	0	0	0	0	0	0	0	0	0	0	0	296	0	978	0	1402	0	0	0	444	84	0	0	10946	2714	0	0	0	0	0	144	5190	1408	0	0	0	0	0	0	0	0	0	0	1334	0	0	0	0	0	0	0	0	0	0	0	0	0	0	0	0	0	0	0	0	0	130	0	12746	4722	13170	8128	6620	2122	0	7946	21778	7438	3374	0	10442	7182	6992	3692	216	0	2068	3262	12796	4452	8718	5366	5494	1948	
321200	Cerebelum_4_5_R	0	0	0	0	0	0	0	0	0	0	0	0	0	0	0	0	0	0	0	0	0	0	0	0	0	0	0	0	0	0	0	0	0	0	158	238	162	1570	0	2548	0	0	0	460	0	0	1530	6684	0	0	0	0	0	0	264	5618	0	0	0	0	0	0	0	0	0	0	0	1458	0	0	0	0	0	0	0	0	0	488	0	0	0	0	0	0	0	0	0	0	0	0	3022	8526	11858	12914	104	3354	7946	0	4096	17994	7154	278	9110	13206	1472	2866	0	0	0	2578	12574	1316	11826	3006	3590	632	
463120	Cerebelum_6_L	0	0	0	0	0	0	0	0	0	0	0	0	0	0	0	0	0	0	0	0	0	0	0	0	0	0	0	0	0	0	0	0	0	0	0	0	0	0	142	0	0	0	0	382	0	0	14504	8314	0	0	130	0	254	736	20268	4474	0	0	0	0	0	0	0	0	0	0	0	118	0	0	0	0	0	0	0	0	0	0	0	0	0	0	0	0	0	0	0	0	104	0	40090	7490	22874	5986	540	1316	21778	4096	0	15740	4070	0	8146	4526	2730	2022	98	0	294	710	6278	14988	9324	3780	3930	1328	
490900	Cerebelum_6_R	0	0	0	0	0	0	0	0	0	0	0	0	0	0	0	0	0	0	0	0	0	0	0	0	0	0	0	0	0	0	0	0	0	0	0	0	0	0	0	126	0	0	0	530	0	0	3992	13200	0	0	0	0	0	872	2108	22796	0	0	0	0	0	0	0	0	0	0	0	258	0	0	0	0	0	0	0	0	0	0	0	0	0	0	0	0	0	0	0	0	0	208	11552	36970	13522	17382	0	1210	7438	17994	15740	0	7682	936	7890	12788	786	958	0	108	0	1522	10142	16730	15468	2384	1440	718	
344832	Cerebelum_7b_L	0	0	0	0	0	0	0	0	0	0	0	0	0	0	0	0	0	0	0	0	0	0	0	0	0	0	0	0	0	0	0	0	0	0	0	0	0	0	0	0	0	0	0	0	0	0	434	246	0	0	0	0	0	0	704	600	0	0	0	0	0	0	0	0	0	0	0	0	0	0	0	0	0	0	0	0	0	0	0	0	0	0	0	0	0	0	0	0	108	0	10114	4454	40306	14034	0	600	3374	7154	4070	7682	0	1930	37630	12982	1334	824	0	226	0	936	4188	682	14630	2280	784	110	
124740	Cerebelum_7b_R	0	0	0	0	0	0	0	0	0	0	0	0	0	0	0	0	0	0	0	0	0	0	0	0	0	0	0	0	0	0	0	0	0	0	0	0	0	0	0	0	0	0	0	0	0	0	0	0	0	0	0	0	0	0	0	250	0	0	0	0	0	0	0	0	0	0	0	0	0	0	0	0	0	0	0	0	0	0	0	0	0	0	0	0	0	0	0	0	0	0	0	3964	5796	21908	0	0	0	278	0	936	1930	0	1400	22086	342	0	0	0	0	0	0	0	2374	1106	0	0	
487484	Cerebelum_8_L	0	0	0	0	0	0	0	0	0	0	0	0	0	0	0	0	0	0	0	0	0	0	0	0	0	0	0	0	0	0	0	0	0	0	0	0	0	0	0	0	0	0	0	0	0	0	1514	370	0	0	0	0	0	0	1392	552	0	0	0	0	0	0	0	0	0	0	0	0	0	0	0	0	0	0	0	0	0	0	0	0	0	0	0	0	0	0	0	0	98	0	11926	4152	41726	16992	1178	1152	10442	9110	8146	7890	37630	1400	0	18078	19002	4618	2476	610	956	2176	6532	930	17434	8446	5042	1772	
550692	Cerebelum_8_R	0	0	0	0	0	0	0	0	0	0	0	0	0	0	0	0	0	0	0	0	0	0	0	0	0	0	0	0	0	0	0	0	0	0	0	0	0	0	0	0	0	0	0	0	0	0	2656	432	0	0	0	0	0	0	316	1948	0	0	0	0	0	0	0	0	0	0	0	0	0	0	0	0	0	0	0	0	0	0	0	0	0	0	0	0	0	0	0	0	0	86	4494	17558	24942	48846	656	3028	7182	13206	4526	12788	12982	22086	18078	0	3128	15918	88	1048	1054	3464	7984	680	21692	12928	9188	2364	
128952	Cerebelum_9_L	0	0	0	0	0	0	0	0	0	0	0	0	0	0	0	0	0	0	0	0	0	0	0	0	0	0	0	0	0	0	0	0	0	0	0	0	0	0	0	0	0	0	0	0	0	0	748	194	0	0	0	0	0	0	584	0	0	0	0	0	0	0	0	0	0	0	0	0	0	0	0	0	0	0	0	0	0	0	0	0	0	0	0	0	0	0	0	0	0	0	1462	584	3198	2354	1252	356	6992	1472	2730	786	1334	342	19002	3128	0	1996	3728	100	658	932	2164	104	2434	2990	2104	748	
170384	Cerebelum_9_R	0	0	0	0	0	0	0	0	0	0	0	0	0	0	0	0	0	0	0	0	0	0	0	0	0	0	0	0	0	0	0	0	0	0	0	0	0	0	0	0	0	0	0	0	0	0	2316	100	0	0	0	0	0	0	82	278	0	0	0	0	0	0	0	0	0	0	0	0	0	0	0	0	0	0	0	0	0	0	0	0	0	0	0	0	0	0	0	0	0	0	2756	364	5714	5906	618	2422	3692	2866	2022	958	824	0	4618	15918	1996	0	0	1324	1018	2278	2524	194	5786	8596	7576	2446	
13888	Cerebelum_10_L	0	0	0	0	0	0	0	0	0	0	0	0	0	0	0	0	0	0	0	0	0	0	0	0	0	0	0	0	0	0	0	0	0	0	0	0	0	0	0	0	0	0	0	0	0	0	0	0	0	0	0	0	0	0	0	0	0	0	0	0	0	0	0	0	0	0	0	0	0	0	0	0	0	0	0	0	0	0	0	0	0	0	0	0	0	0	0	0	0	0	0	0	144	92	0	0	216	0	98	0	0	0	2476	88	3728	0	0	0	0	0	0	0	102	0	0	0	
11452	Cerebelum_10_R	0	0	0	0	0	0	0	0	0	0	0	0	0	0	0	0	0	0	0	0	0	0	0	0	0	0	0	0	0	0	0	0	0	0	0	0	0	0	0	0	0	0	0	0	0	0	0	0	0	0	0	0	0	0	0	0	0	0	0	0	0	0	0	0	0	0	0	0	0	0	0	0	0	0	0	0	0	0	0	0	0	0	0	0	0	0	0	0	0	0	0	0	526	596	0	0	0	0	0	108	226	0	610	1048	100	1324	0	0	0	0	0	0	528	480	180	0	
44292	Vermis_1_2	0	0	0	0	0	0	0	0	0	0	0	0	0	0	0	0	0	0	0	0	0	0	0	0	0	0	0	0	0	0	0	0	0	0	0	0	0	0	230	0	0	0	0	0	0	0	640	0	0	0	0	0	0	0	0	0	0	0	0	0	0	0	0	0	0	0	0	0	0	0	0	0	0	0	0	0	0	0	0	0	0	0	0	0	0	0	0	0	0	0	654	0	1118	954	1784	846	2068	0	294	0	0	0	956	1054	658	1018	0	0	0	4502	1706	0	1100	1056	1064	444	
100668	Vermis_3	0	0	0	0	0	0	0	0	0	0	0	0	0	0	0	0	0	0	0	0	0	0	0	0	0	0	0	0	0	0	0	0	0	0	0	0	0	116	472	226	0	0	0	0	0	0	1092	320	0	0	0	0	0	0	0	0	0	0	0	0	0	0	0	0	0	0	0	172	0	0	0	0	0	0	0	0	0	0	0	0	0	0	0	0	0	0	0	0	0	0	1272	1104	2844	2870	2956	3378	3262	2578	710	1522	936	0	2176	3464	932	2278	0	0	4502	0	3702	0	2864	1934	1998	654	
302452	Vermis_4_5	0	0	0	0	0	0	0	0	0	0	0	0	0	0	0	0	0	0	0	0	0	0	0	0	0	0	0	0	0	0	0	0	0	416	338	4044	244	1442	142	1542	0	0	0	906	0	124	2474	5686	0	0	0	0	0	204	148	2322	0	124	0	0	0	0	0	0	0	0	172	5820	0	462	0	0	0	0	0	0	0	84	0	0	0	0	0	0	0	0	0	0	0	0	4340	6384	9554	8850	1036	1732	12796	12574	6278	10142	4188	0	6532	7984	2164	2524	0	0	1706	3702	0	3456	8866	3904	3970	1850	
198688	Vermis_6	0	0	0	0	0	0	0	0	0	0	0	0	0	0	0	0	0	0	0	0	0	0	0	0	0	0	0	0	0	0	0	0	0	0	0	0	0	0	0	0	0	0	0	414	0	0	3562	8636	0	0	0	0	0	790	1940	5060	0	0	0	0	0	0	0	0	0	0	0	132	0	0	0	0	0	0	0	0	0	0	0	0	0	0	0	0	0	0	0	0	0	0	9854	7676	4866	2220	0	240	4452	1316	14988	16730	682	0	930	680	104	194	0	0	0	0	3456	0	6296	1662	1002	1462	
