data	data	489196	267984	677252	869628	101196	71220	454292	254952	94896	30040	192468	102836	241824	95032	126752	61232	147728	108624	603316	643656	54780	68600	342464	548244	10624	66180	32552	37860	515348	267048	302720	558944	107712	450964	117576	165728	277260	276920	84364	182764	24748	44436	212988	278704	132340	273040	262792	329104	129696	265780	429020	175740	166404	105044	295512	330380	323884	242360	119276	71536	200852	94892	133352	109936	120672	110512	263992	267932	319144	234180	219628	384512	279936	316240	55680	23024	140272	116932	51652	27868	204924	112560	44308	36324	348200	148428	10124	13548	285660	187908	405588	426288	309972	247384	12216	31164	256656	194756	407624	418436	272548	111128	274844	272864	102700	93076	23472	6312	32888	64024	216236	240100	204708	114592	76360	15232	
data	data	Precentral_L	Precentral_R	Frontal_Sup_L	Frontal_Sup_R	Frontal_Sup_Orb_L	Frontal_Sup_Orb_R	Frontal_Mid_L	Frontal_Mid_R	Frontal_Mid_Orb_L	Frontal_Mid_Orb_R	Frontal_Inf_Oper_L	Frontal_Inf_Oper_R	Frontal_Inf_Tri_L	Frontal_Inf_Tri_R	Frontal_Inf_Orb_L	Frontal_Inf_Orb_R	Rolandic_Oper_L	Rolandic_Oper_R	Supp_Motor_Area_L	Supp_Motor_Area_R	Olfactory_L	Olfactory_R	Frontal_Sup_Medial_L	Frontal_Sup_Medial_R	Frontal_Med_Orb_L	Frontal_Med_Orb_R	Rectus_L	Rectus_R	Insula_L	Insula_R	Cingulum_Ant_L	Cingulum_Ant_R	Cingulum_Mid_L	Cingulum_Mid_R	Cingulum_Post_L	Cingulum_Post_R	Hippocampus_L	Hippocampus_R	ParaHippocampal_L	ParaHippocampal_R	Amygdala_L	Amygdala_R	Calcarine_L	Calcarine_R	Cuneus_L	Cuneus_R	Lingual_L	Lingual_R	Occipital_Sup_L	Occipital_Sup_R	Occipital_Mid_L	Occipital_Mid_R	Occipital_Inf_L	Occipital_Inf_R	Fusiform_L	Fusiform_R	Postcentral_L	Postcentral_R	Parietal_Sup_L	Parietal_Sup_R	Parietal_Inf_L	Parietal_Inf_R	SupraMarginal_L	SupraMarginal_R	Angular_L	Angular_R	Precuneus_L	Precuneus_R	Paracentral_Lobule_L	Paracentral_Lobule_R	Caudate_L	Caudate_R	Putamen_L	Putamen_R	Pallidum_L	Pallidum_R	Thalamus_L	Thalamus_R	Heschl_L	Heschl_R	Temporal_Sup_L	Temporal_Sup_R	Temporal_Pole_Sup_L	Temporal_Pole_Sup_R	Temporal_Mid_L	Temporal_Mid_R	Temporal_Pole_Mid_L	Temporal_Pole_Mid_R	Temporal_Inf_L	Temporal_Inf_R	Cerebelum_Crus1_L	Cerebelum_Crus1_R	Cerebelum_Crus2_L	Cerebelum_Crus2_R	Cerebelum_3_L	Cerebelum_3_R	Cerebelum_4_5_L	Cerebelum_4_5_R	Cerebelum_6_L	Cerebelum_6_R	Cerebelum_7b_L	Cerebelum_7b_R	Cerebelum_8_L	Cerebelum_8_R	Cerebelum_9_L	Cerebelum_9_R	Cerebelum_10_L	Cerebelum_10_R	Vermis_1_2	Vermis_3	Vermis_4_5	Vermis_6	Vermis_7	Vermis_8	Vermis_9	Vermis_10	
489196	Precentral_L	0	1236	21238	538	0	0	20142	258	0	0	14806	0	4532	0	0	0	8100	0	10936	6350	0	0	392	0	0	0	0	0	21352	0	864	0	258	3686	1876	1890	12556	1438	592	322	0	0	0	0	0	0	0	0	0	0	426	0	862	0	1028	234	35206	394	276	0	2776	0	1344	0	202	0	566	0	14806	3524	3992	418	18942	336	7596	0	8818	360	3170	0	3396	0	104	0	1060	0	0	0	1216	184	0	0	0	0	0	0	0	0	0	0	0	0	0	0	0	0	0	0	0	0	0	0	0	0	0	0	
267984	Precentral_R	1236	0	500	8932	0	0	136	6102	0	0	0	7866	0	172	0	0	0	1666	5450	9208	0	86	0	1070	0	0	0	0	0	800	0	1156	480	104	328	1692	364	3870	0	1910	0	0	0	1876	0	1734	0	902	0	1058	0	856	0	286	0	1072	0	15626	0	600	0	744	0	1234	0	0	0	2376	3350	16788	314	11344	0	960	0	194	1422	14376	0	210	0	950	0	0	0	812	0	0	0	1780	0	0	0	0	0	0	0	0	0	0	0	0	0	0	0	0	0	0	0	0	0	0	0	0	0	0	
677252	Frontal_Sup_L	21238	500	0	10152	4516	0	68942	1712	5518	0	6192	0	17042	0	7860	0	2738	0	48338	10424	0	0	40792	4308	468	0	72	0	28024	0	14652	4532	900	4854	0	70	3770	634	0	376	0	0	0	0	0	0	0	0	0	0	0	0	0	0	0	0	1914	0	96	0	280	0	92	0	0	0	214	0	1808	0	7266	368	9098	788	4132	0	2254	0	468	0	710	0	228	0	128	0	0	0	158	0	0	0	0	0	0	0	0	0	0	0	0	0	0	0	0	0	0	0	0	0	0	0	0	0	0	0	
869628	Frontal_Sup_R	538	8932	10152	0	0	3716	1908	47602	0	2364	144	5130	210	11138	0	5030	510	1802	17806	55342	0	88	9598	67208	0	1746	0	76	1500	16366	5108	52244	1984	23306	0	398	96	4140	0	2140	0	0	0	0	0	0	0	0	0	0	0	0	0	0	0	578	0	542	0	0	0	118	0	138	0	0	0	0	1710	118	8262	34062	280	22388	0	1918	0	5710	0	108	0	184	0	0	0	0	0	0	0	376	0	0	0	0	0	0	0	0	0	0	0	0	0	0	0	0	0	0	0	0	0	0	0	0	0	0	
101196	Frontal_Sup_Orb_L	0	0	4516	0	0	0	606	0	11088	0	0	0	1678	0	11972	0	0	0	92	0	1440	0	3230	0	766	0	2258	0	6484	0	4580	0	0	0	0	0	0	0	134	0	0	0	0	0	0	0	0	0	0	0	0	0	0	0	0	0	0	0	0	0	0	0	0	0	0	0	0	0	0	0	208	0	1062	0	0	0	0	0	0	0	0	0	484	0	0	0	0	0	0	0	0	0	0	0	0	0	0	0	0	0	0	0	0	0	0	0	0	0	0	0	0	0	0	0	0	0	
71220	Frontal_Sup_Orb_R	0	0	0	3716	0	0	0	882	0	3022	0	0	0	0	0	1814	0	0	0	0	96	1072	0	3520	0	5606	346	5052	0	498	0	522	0	0	0	0	0	0	0	0	0	0	0	0	0	0	0	0	0	0	0	0	0	0	0	0	0	0	0	0	0	0	0	0	0	0	0	0	0	0	82	4180	0	5202	0	0	0	0	0	0	0	0	0	0	0	0	0	0	0	0	0	0	0	0	0	0	0	0	0	0	0	0	0	0	0	0	0	0	0	0	0	0	0	0	0	0	
454292	Frontal_Mid_L	20142	136	68942	1908	606	0	0	114	3630	0	11482	0	32594	0	5404	0	2218	0	11094	1454	0	0	13700	1390	0	0	0	0	17280	0	4578	1202	0	1500	0	124	3380	344	246	194	0	0	0	0	0	0	0	0	0	0	0	0	0	0	302	0	940	0	0	0	102	0	138	0	0	0	86	0	2830	70	3186	358	4640	688	798	0	6360	0	192	0	2368	0	138	0	0	0	0	0	288	0	0	0	0	0	0	0	0	0	0	0	0	0	0	0	0	0	0	0	0	0	0	0	0	0	0	0	
254952	Frontal_Mid_R	258	6102	1712	47602	0	882	114	0	0	2586	0	3476	0	5356	0	4740	0	356	5710	6384	0	0	450	8894	0	0	0	0	126	4076	790	7330	194	2740	0	272	0	852	0	364	0	0	0	0	0	0	0	0	0	0	0	0	0	0	0	132	0	420	0	0	0	0	0	0	0	0	0	72	472	0	1552	8110	0	2854	0	654	0	1772	0	0	0	0	0	0	0	0	0	0	0	72	0	0	0	0	0	0	0	0	0	0	0	0	0	0	0	0	0	0	0	0	0	0	0	0	0	0	
94896	Frontal_Mid_Orb_L	0	0	5518	0	11088	0	3630	0	0	0	0	0	4614	0	16806	0	0	0	0	0	72	0	0	0	0	0	480	0	3536	0	980	0	0	0	0	0	0	0	0	0	0	0	0	0	0	0	0	0	0	0	0	0	0	0	0	0	0	0	0	0	0	0	0	0	0	0	0	0	0	0	0	0	360	0	0	0	0	0	0	0	0	0	364	0	0	0	0	0	0	0	0	0	0	0	0	0	0	0	0	0	0	0	0	0	0	0	0	0	0	0	0	0	0	0	0	0	
30040	Frontal_Mid_Orb_R	0	0	0	2364	0	3022	0	2586	0	0	0	0	0	390	0	5616	0	0	0	98	0	0	0	0	0	0	0	0	0	410	0	0	0	0	0	0	0	0	0	0	0	0	0	0	0	0	0	0	0	0	0	0	0	0	0	0	0	0	0	0	0	0	0	0	0	0	0	0	0	0	0	0	0	534	0	0	0	0	0	0	0	0	0	0	0	0	0	0	0	0	0	0	0	0	0	0	0	0	0	0	0	0	0	0	0	0	0	0	0	0	0	0	0	0	0	0	
192468	Frontal_Inf_Oper_L	14806	0	6192	144	0	0	11482	0	0	0	0	0	16260	0	0	0	7596	0	3788	156	0	0	1110	0	0	0	0	0	20330	0	1986	0	0	128	0	0	622	0	0	0	0	0	0	0	0	0	0	0	0	0	0	0	0	0	0	0	5298	0	0	0	0	0	0	0	0	0	0	0	0	0	1114	404	1908	192	0	0	304	0	0	0	1230	0	1184	0	0	0	0	0	0	0	0	0	0	0	0	0	0	0	0	0	0	0	0	0	0	0	0	0	0	0	0	0	0	0	0	0	
102836	Frontal_Inf_Oper_R	0	7866	0	5130	0	0	0	3476	0	0	0	0	0	2106	0	158	0	3810	232	708	0	0	0	2480	0	0	0	0	0	7984	0	1812	0	0	0	956	0	1504	0	662	0	0	0	78	0	0	0	70	0	0	0	0	0	0	0	354	0	1828	0	0	0	180	0	248	0	0	0	170	0	0	90	3986	0	2706	0	328	0	1094	0	194	0	680	0	336	0	0	0	0	0	192	0	0	0	0	0	0	0	0	0	0	0	0	0	0	0	0	0	0	0	0	0	0	0	0	0	0	
241824	Frontal_Inf_Tri_L	4532	0	17042	210	1678	0	32594	0	4614	0	16260	0	0	0	7832	0	2238	0	1596	124	0	0	2140	172	0	0	0	0	19954	0	3968	270	0	410	0	0	400	0	0	0	0	0	0	0	0	0	0	0	0	0	0	0	0	0	0	0	260	0	0	0	0	0	0	0	0	0	0	0	0	0	854	636	1502	166	0	0	216	0	0	0	596	0	648	0	0	0	0	0	0	0	0	0	0	0	0	0	0	0	0	0	0	0	0	0	0	0	0	0	0	0	0	0	0	0	0	0	
95032	Frontal_Inf_Tri_R	0	172	0	11138	0	0	0	5356	0	390	0	2106	0	0	0	2584	0	0	0	684	0	0	0	7662	0	0	0	0	0	10206	0	4680	0	394	0	0	0	330	0	214	0	0	0	0	0	0	0	0	0	0	0	0	0	0	0	88	0	0	0	0	0	0	0	0	0	0	0	0	0	0	0	364	0	1148	0	0	0	0	0	0	0	0	0	0	0	0	0	0	0	0	0	0	0	0	0	0	0	0	0	0	0	0	0	0	0	0	0	0	0	0	0	0	0	0	0	0	
126752	Frontal_Inf_Orb_L	0	0	7860	0	11972	0	5404	0	16806	0	0	0	7832	0	0	0	0	0	226	0	812	0	0	0	0	0	356	0	7636	0	2374	0	0	0	0	0	136	0	0	0	0	0	0	0	0	0	0	0	0	0	0	0	0	0	0	0	0	0	0	0	0	0	0	0	0	0	0	0	0	0	0	0	872	0	0	0	0	0	0	0	0	0	1090	0	0	0	0	0	0	0	0	0	0	0	0	0	0	0	0	0	0	0	0	0	0	0	0	0	0	0	0	0	0	0	0	0	
61232	Frontal_Inf_Orb_R	0	0	0	5030	0	1814	0	4740	0	5616	0	158	0	2584	0	0	0	0	0	282	0	920	0	426	0	0	0	1044	0	4990	92	152	0	136	0	0	0	130	0	80	0	136	0	0	0	0	0	0	0	0	0	0	0	0	0	0	0	0	0	0	0	0	0	0	0	0	0	0	0	0	0	768	0	1518	0	0	0	0	0	0	0	0	0	0	0	0	0	0	0	0	0	0	0	0	0	0	0	0	0	0	0	0	0	0	0	0	0	0	0	0	0	0	0	0	0	0	
147728	Rolandic_Oper_L	8100	0	2738	510	0	0	2218	0	0	0	7596	0	2238	0	0	0	0	0	3762	564	0	0	0	0	0	0	0	0	13560	0	0	0	0	0	0	0	598	0	0	0	0	0	132	0	0	0	0	0	0	0	942	0	370	0	98	0	8104	0	282	0	536	0	1930	0	98	0	510	0	404	0	814	0	578	0	0	0	0	0	3300	0	7246	0	522	0	3242	0	0	0	2872	0	0	0	0	0	0	0	0	0	0	0	0	0	0	0	0	0	0	0	0	0	0	0	0	0	0	0	
108624	Rolandic_Oper_R	0	1666	0	1802	0	0	0	356	0	0	0	3810	0	0	0	0	0	0	0	1348	0	0	0	136	0	0	0	0	0	14834	0	114	0	0	0	798	0	3118	0	1038	0	0	0	0	0	0	0	70	0	0	0	0	0	168	0	670	0	4520	0	0	0	0	0	3618	0	0	0	132	0	0	0	88	0	6148	0	108	0	560	0	2914	0	4770	0	380	0	174	0	0	0	972	0	0	0	0	0	0	0	0	0	0	0	0	0	0	0	0	0	0	0	0	0	0	0	0	0	0	
603316	Supp_Motor_Area_L	10936	5450	48338	17806	92	0	11094	5710	0	0	3788	232	1596	0	226	0	3762	0	0	50932	0	0	8800	3158	0	0	0	0	13894	86	9346	9250	9352	18584	2094	268	2624	636	192	380	0	0	0	0	180	0	0	0	0	0	0	0	0	0	416	0	3538	114	0	0	208	0	174	0	0	0	348	0	25962	900	10700	1442	9602	810	2990	0	3482	108	342	0	1148	0	110	0	164	0	0	0	294	0	0	0	0	0	0	0	0	0	0	0	0	0	0	0	0	0	0	0	0	0	0	0	0	0	0	0	
643656	Supp_Motor_Area_R	6350	9208	10424	55342	0	0	1454	6384	0	98	156	708	124	684	0	282	564	1348	50932	0	0	0	2470	14388	0	0	0	0	1444	3466	6864	20882	5922	35054	614	488	804	3044	0	1506	0	0	0	0	0	0	0	0	0	0	0	0	0	192	0	874	0	2020	0	0	0	0	0	0	0	0	0	0	17576	19302	7702	12972	318	9626	282	2314	3006	3112	0	82	0	150	0	0	0	0	0	0	0	1296	0	0	0	0	0	0	0	0	0	0	0	0	0	0	0	0	0	0	0	0	0	0	0	0	0	0	
54780	Olfactory_L	0	0	0	0	1440	96	0	0	72	0	0	0	0	0	812	0	0	0	0	0	0	5112	0	0	136	196	2492	302	2424	0	2578	1878	0	0	0	0	184	0	176	0	198	0	0	0	0	0	0	0	0	0	0	0	0	0	0	0	0	0	0	0	0	0	0	0	0	0	0	0	0	0	4410	1768	2680	144	0	0	0	0	0	0	0	0	292	0	0	0	0	0	0	0	0	0	0	0	0	0	0	0	0	0	0	0	0	0	0	0	0	0	0	0	0	0	0	0	0	0	
68600	Olfactory_R	0	86	0	88	0	1072	0	0	0	0	0	0	0	0	0	920	0	0	0	0	5112	0	0	0	0	764	2266	3198	0	3296	1820	1992	0	0	0	0	0	680	0	330	0	1300	0	0	0	0	0	0	0	0	0	0	0	0	0	74	0	0	0	0	0	0	0	0	0	0	0	0	0	0	4910	3196	2638	326	0	0	0	232	0	0	0	0	0	0	0	0	0	0	0	0	0	0	0	0	0	0	0	0	0	0	0	0	0	0	0	0	0	0	0	0	0	0	0	0	0	0	
342464	Frontal_Sup_Medial_L	392	0	40792	9598	3230	0	13700	450	0	0	1110	0	2140	0	0	0	0	0	8800	2470	0	0	0	22830	1084	208	76	0	10892	0	18668	16320	2566	14816	0	0	0	0	0	0	0	0	0	0	0	0	0	0	0	0	0	0	0	0	0	0	0	0	0	0	0	0	0	0	0	0	0	0	0	0	372	0	718	0	0	0	0	0	0	0	0	0	0	0	0	0	0	0	0	0	0	0	0	0	0	0	0	0	0	0	0	0	0	0	0	0	0	0	0	0	0	0	0	0	0	0	
548244	Frontal_Sup_Medial_R	0	1070	4308	67208	0	3520	1390	8894	0	0	0	2480	172	7662	0	426	0	136	3158	14388	0	0	22830	0	462	5422	0	0	790	7480	5850	54634	832	27960	0	132	0	524	0	256	0	0	0	0	0	0	0	0	0	0	0	0	0	0	0	98	0	78	0	0	0	0	0	0	0	0	0	0	0	0	214	19526	0	11590	0	0	0	632	0	0	0	0	0	0	0	0	0	0	0	0	0	0	0	0	0	0	0	0	0	0	0	0	0	0	0	0	0	0	0	0	0	0	0	0	0	0	
10624	Frontal_Med_Orb_L	0	0	468	0	766	0	0	0	0	0	0	0	0	0	0	0	0	0	0	0	136	0	1084	462	0	460	542	0	0	0	1284	0	0	0	0	0	0	0	0	0	0	0	0	0	0	0	0	0	0	0	0	0	0	0	0	0	0	0	0	0	0	0	0	0	0	0	0	0	0	0	110	0	0	0	0	0	0	0	0	0	0	0	0	0	0	0	0	0	0	0	0	0	0	0	0	0	0	0	0	0	0	0	0	0	0	0	0	0	0	0	0	0	0	0	0	0	
66180	Frontal_Med_Orb_R	0	0	0	1746	0	5606	0	0	0	0	0	0	0	0	0	0	0	0	0	0	196	764	208	5422	460	0	342	3778	0	0	396	3848	0	0	0	0	0	0	0	0	0	0	0	0	0	0	0	0	0	0	0	0	0	0	0	0	0	0	0	0	0	0	0	0	0	0	0	0	0	0	86	6326	0	3912	0	0	0	0	0	0	0	0	0	0	0	0	0	0	0	0	0	0	0	0	0	0	0	0	0	0	0	0	0	0	0	0	0	0	0	0	0	0	0	0	0	0	
32552	Rectus_L	0	0	72	0	2258	346	0	0	480	0	0	0	0	0	356	0	0	0	0	0	2492	2266	76	0	542	342	0	478	130	0	2236	738	0	0	0	0	0	0	0	0	0	0	0	0	0	0	0	0	0	0	0	0	0	0	0	0	0	0	0	0	0	0	0	0	0	0	0	0	0	0	1750	260	1368	86	0	0	0	0	0	0	0	0	0	0	0	0	0	0	0	0	0	0	0	0	0	0	0	0	0	0	0	0	0	0	0	0	0	0	0	0	0	0	0	0	0	0	
37860	Rectus_R	0	0	0	76	0	5052	0	0	0	0	0	0	0	0	0	1044	0	0	0	0	302	3198	0	0	0	3778	478	0	0	1964	0	386	0	0	0	0	0	256	0	114	0	412	0	0	0	0	0	0	0	0	0	0	0	0	0	0	0	0	0	0	0	0	0	0	0	0	0	0	0	0	254	874	108	634	0	0	0	0	0	0	0	0	0	0	0	0	0	0	0	0	0	0	0	0	0	0	0	0	0	0	0	0	0	0	0	0	0	0	0	0	0	0	0	0	0	0	
515348	Insula_L	21352	0	28024	1500	6484	0	17280	126	3536	0	20330	0	19954	0	7636	0	13560	0	13894	1444	2424	0	10892	790	0	0	130	0	0	0	13898	898	112	856	0	0	9714	78	376	0	1182	0	0	0	0	0	0	0	0	0	140	0	384	0	2108	0	7214	0	92	0	384	0	358	0	0	0	290	0	812	110	7800	554	16176	216	128	0	3228	0	5172	0	8462	0	4318	0	796	0	0	0	1990	0	0	0	0	0	0	0	176	0	296	0	0	0	0	0	0	0	0	0	0	0	0	0	0	0	0	0	
267048	Insula_R	0	800	0	16366	0	498	0	4076	0	410	0	7984	0	10206	0	4990	0	14834	86	3466	0	3296	0	7480	0	0	0	1964	0	0	182	4132	0	620	0	114	0	6210	0	1798	0	2468	0	0	0	0	0	0	0	0	0	0	0	140	0	2152	0	1966	0	0	0	0	0	826	0	0	0	0	0	0	0	4580	0	18842	0	160	0	410	0	2042	0	3864	0	1846	0	1072	0	798	0	2846	0	0	0	0	0	0	0	0	0	0	0	0	0	0	0	0	0	0	0	0	0	0	0	0	0	0	
302720	Cingulum_Ant_L	864	0	14652	5108	4580	0	4578	790	980	0	1986	0	3968	0	2374	92	0	0	9346	6864	2578	1820	18668	5850	1284	396	2236	0	13898	182	0	17474	3036	9818	0	0	0	0	0	0	0	0	0	0	0	0	0	0	0	0	0	0	0	0	0	0	0	0	0	0	0	0	0	0	0	0	0	0	140	0	5788	2448	8342	272	0	0	720	0	0	0	0	0	228	0	0	0	0	0	0	0	0	0	0	0	0	0	0	0	0	0	0	0	0	0	0	0	0	0	0	0	0	0	0	0	0	0	
558944	Cingulum_Ant_R	0	1156	4532	52244	0	522	1202	7330	0	0	0	1812	270	4680	0	152	0	114	9250	20882	1878	1992	16320	54634	0	3848	738	386	898	4132	17474	0	2892	35932	0	128	0	408	0	196	0	0	0	0	0	0	0	0	0	0	0	0	0	0	0	0	0	88	0	0	0	0	0	0	0	0	0	0	0	0	1334	20528	1888	9146	0	0	0	486	0	0	0	0	0	0	0	0	0	0	0	0	0	0	0	0	0	0	0	0	0	0	0	0	0	0	0	0	0	0	0	0	0	0	0	0	0	0	
107712	Cingulum_Mid_L	258	480	900	1984	0	0	0	194	0	0	0	0	0	0	0	0	0	0	9352	5922	0	0	2566	832	0	0	0	0	112	0	3036	2892	0	8156	4096	562	0	0	0	0	0	0	554	74	334	242	0	0	740	0	932	0	0	0	0	0	238	0	274	0	0	0	0	0	0	0	3064	650	5100	224	0	0	0	0	0	0	0	0	0	0	0	0	0	0	88	0	0	0	0	0	0	0	0	0	0	0	0	0	0	0	0	0	0	0	0	0	0	0	0	0	0	0	0	0	0	0	
450964	Cingulum_Mid_R	3686	104	4854	23306	0	0	1500	2740	0	0	128	0	410	394	0	136	0	0	18584	35054	0	0	14816	27960	0	0	0	0	856	620	9818	35932	8156	0	1112	4882	0	0	0	0	0	0	0	1296	0	1182	0	450	0	0	0	0	0	0	0	0	0	1690	0	0	0	0	0	0	0	0	400	4366	12026	8712	0	98	76	138	0	0	0	0	0	0	0	0	0	0	0	0	0	0	0	0	0	0	0	0	0	0	0	0	0	0	0	0	0	0	0	0	0	0	0	0	0	0	0	0	0	0	
117576	Cingulum_Post_L	1876	328	0	0	0	0	0	0	0	0	0	0	0	0	0	0	0	0	2094	614	0	0	0	0	0	0	0	0	0	0	0	0	4096	1112	0	11084	4692	2956	2800	830	0	0	2362	332	130	0	1660	450	0	0	150	0	330	0	212	672	970	802	0	0	0	0	0	0	0	0	4338	2422	7336	1414	0	0	0	0	0	0	460	0	186	0	0	0	0	0	120	0	0	0	92	782	0	0	0	0	0	0	228	0	0	0	0	0	0	0	0	0	0	0	0	0	858	0	0	0	0	0	
165728	Cingulum_Post_R	1890	1692	70	398	0	0	124	272	0	0	0	956	0	0	0	0	0	798	268	488	0	0	0	132	0	0	0	0	0	114	0	128	562	4882	11084	0	4762	4970	2134	1556	0	0	94	1762	0	704	800	5548	0	454	0	894	0	528	0	1668	500	5390	0	0	0	160	0	234	0	108	730	13048	1462	4182	0	452	96	114	0	0	1876	494	248	144	72	206	0	0	0	230	0	0	0	2362	0	0	0	0	0	0	76	0	0	0	0	0	0	0	0	0	0	0	0	0	948	0	0	0	0	0	
277260	Hippocampus_L	12556	364	3770	96	0	0	3380	0	0	0	622	0	400	0	136	0	598	0	2624	804	184	0	0	0	0	0	0	0	9714	0	0	0	0	0	4692	4762	0	4054	12290	1370	5008	0	1070	0	0	0	4322	502	0	0	290	0	718	0	15258	78	1730	0	0	0	80	0	70	0	0	0	2170	1568	1258	648	978	72	15170	0	250	0	7632	238	2284	0	2828	0	618	0	498	0	0	0	7218	0	186	0	0	0	0	0	1172	0	1488	0	0	0	0	0	0	0	0	0	0	128	684	0	0	0	0	0	
276920	Hippocampus_R	1438	3870	634	4140	0	0	344	852	0	0	0	1504	0	330	0	130	0	3118	636	3044	0	680	0	524	0	0	0	256	78	6210	0	408	0	0	2956	4970	4054	0	1476	28826	0	7656	0	0	0	0	384	2314	0	0	0	0	0	1310	0	17480	522	550	0	0	0	0	0	0	0	0	0	2534	234	450	408	1790	124	15750	0	546	1718	4838	268	816	106	1318	0	1824	0	620	0	366	0	2836	0	0	0	0	0	120	0	362	0	0	0	0	0	0	0	0	0	0	0	0	738	0	0	0	0	0	
84364	ParaHippocampal_L	592	0	0	0	134	0	246	0	0	0	0	0	0	0	0	0	0	0	192	0	176	0	0	0	0	0	0	0	376	0	0	0	0	0	2800	2134	12290	1476	0	740	1632	0	866	0	0	0	4662	402	0	0	206	0	76	0	3772	0	70	0	0	0	0	0	0	0	0	0	1850	1100	104	0	0	0	1418	0	0	0	1246	0	0	0	0	0	0	0	0	0	0	0	732	0	122	0	0	0	0	0	1140	0	420	0	0	0	0	0	0	0	0	0	126	474	608	0	0	0	0	0	
182764	ParaHippocampal_R	322	1910	376	2140	0	0	194	364	0	0	0	662	0	214	0	80	0	1038	380	1506	0	330	0	256	0	0	0	114	0	1798	0	196	0	0	830	1556	1370	28826	740	0	0	2804	0	170	0	0	300	4518	0	0	0	0	0	1648	0	13484	90	0	0	0	0	0	0	0	0	0	0	2354	0	0	324	790	0	11388	0	526	764	2138	0	114	0	100	0	872	0	122	0	272	0	1234	0	72	0	0	0	312	0	956	0	0	0	0	0	0	0	0	0	0	0	0	828	0	0	0	0	0	
24748	Amygdala_L	0	0	0	0	0	0	0	0	0	0	0	0	0	0	0	0	0	0	0	0	198	0	0	0	0	0	0	0	1182	0	0	0	0	0	0	0	5008	0	1632	0	0	0	0	0	0	0	0	0	0	0	0	0	0	0	3118	0	0	0	0	0	0	0	0	0	0	0	0	0	0	0	0	0	174	0	0	0	0	0	0	0	0	0	354	0	0	0	0	0	708	0	0	0	0	0	0	0	0	0	0	0	0	0	0	0	0	0	0	0	0	0	0	0	0	0	0	0	
44436	Amygdala_R	0	0	0	0	0	0	0	0	0	0	0	0	0	0	0	136	0	0	0	0	0	1300	0	0	0	0	0	412	0	2468	0	0	0	0	0	0	0	7656	0	2804	0	0	0	0	0	0	0	0	0	0	0	0	0	0	0	3428	0	0	0	0	0	0	0	0	0	0	0	0	0	0	0	0	0	1068	0	0	0	0	0	0	0	0	0	2170	0	388	0	388	0	0	0	0	0	0	0	0	0	0	0	0	0	0	0	0	0	0	0	0	0	0	0	0	0	0	0	0	
212988	Calcarine_L	0	0	0	0	0	0	0	0	0	0	0	0	0	0	0	0	132	0	0	0	0	0	0	0	0	0	0	0	0	0	0	0	554	0	2362	94	1070	0	866	0	0	0	0	4134	11338	936	10240	1622	5906	370	28522	0	10762	0	1624	228	622	0	246	0	0	0	322	0	350	0	15120	70	376	0	0	0	0	0	0	0	0	0	78	0	224	0	0	0	5644	0	0	0	2136	0	0	0	0	0	0	0	374	0	0	0	0	0	0	0	0	0	0	0	0	0	172	0	0	0	0	0	
278704	Calcarine_R	0	1876	0	0	0	0	0	0	0	0	0	78	0	0	0	0	0	0	0	0	0	0	0	0	0	0	0	0	0	0	0	0	74	1296	332	1762	0	0	0	170	0	0	4134	0	3170	27264	278	15166	0	23900	0	12534	0	6670	0	5952	0	4346	0	456	0	252	0	90	0	632	1572	15776	0	3966	0	0	0	0	0	0	0	0	0	0	0	0	0	0	0	3994	0	0	0	3612	0	0	0	0	0	0	0	0	0	0	0	0	0	0	0	0	0	0	0	0	0	0	0	0	0	0	
132340	Cuneus_L	0	0	0	0	0	0	0	0	0	0	0	0	0	0	0	0	0	0	180	0	0	0	0	0	0	0	0	0	0	0	0	0	334	0	130	0	0	0	0	0	0	0	11338	3170	0	4782	342	344	17482	1122	11640	144	1362	114	122	0	510	0	1184	0	0	0	0	0	76	0	8704	600	420	0	0	0	0	0	0	0	0	0	0	0	112	0	0	0	1382	0	0	0	576	0	0	0	0	0	0	0	0	0	0	0	0	0	0	0	0	0	0	0	0	0	0	0	0	0	0	0	
273040	Cuneus_R	0	1734	0	0	0	0	0	0	0	0	0	0	0	0	0	0	0	0	0	0	0	0	0	0	0	0	0	0	0	0	0	0	242	1182	0	704	0	0	0	0	0	0	936	27264	4782	0	84	6036	0	33670	0	11508	0	3766	0	1762	0	4584	0	2504	0	424	0	558	0	1364	3616	18648	0	4310	0	0	0	0	0	0	0	0	0	0	0	466	0	0	0	2186	0	0	0	4190	0	0	0	0	0	0	0	0	0	0	0	0	0	0	0	0	0	0	0	0	0	0	0	0	0	0	
262792	Lingual_L	0	0	0	0	0	0	0	0	0	0	0	0	0	0	0	0	0	0	0	0	0	0	0	0	0	0	0	0	0	0	0	0	0	0	1660	800	4322	384	4662	300	0	0	10240	278	342	84	0	1502	918	0	16804	0	10772	0	14270	370	0	0	0	0	0	0	340	0	340	0	3278	660	0	0	0	0	74	0	0	0	590	0	0	0	0	0	0	0	626	0	0	0	342	0	8946	1754	150	0	0	0	16086	926	15252	2756	1156	0	478	176	340	0	172	0	0	154	5666	2800	626	0	0	0	
329104	Lingual_R	0	902	0	0	0	0	0	0	0	0	0	70	0	0	0	0	0	70	0	0	0	0	0	0	0	0	0	0	0	0	0	0	0	450	450	5548	502	2314	402	4518	0	0	1622	15166	344	6036	1502	0	0	7434	0	3802	0	5548	234	23184	0	2626	0	0	0	0	0	0	0	0	262	9874	0	1438	0	0	0	0	0	0	126	298	0	0	0	0	0	0	0	1616	0	0	0	1692	3650	11798	246	516	0	328	1534	5914	4860	13382	194	0	134	238	76	86	0	0	468	516	6256	11518	4706	0	102	0	
129696	Occipital_Sup_L	0	0	0	0	0	0	0	0	0	0	0	0	0	0	0	0	0	0	0	0	0	0	0	0	0	0	0	0	0	0	0	0	740	0	0	0	0	0	0	0	0	0	5906	0	17482	0	918	0	0	0	21698	0	464	0	0	0	1234	0	5180	0	1294	0	164	0	196	0	8142	154	426	0	0	0	0	0	0	0	0	0	0	0	0	0	0	0	722	0	0	0	128	0	0	0	0	0	0	0	0	0	0	0	0	0	0	0	0	0	0	0	0	0	0	0	0	0	0	0	
265780	Occipital_Sup_R	0	1058	0	0	0	0	0	0	0	0	0	0	0	0	0	0	0	0	0	0	0	0	0	0	0	0	0	0	0	0	0	0	0	0	0	454	0	0	0	0	0	0	370	23900	1122	33670	0	7434	0	0	0	19188	0	5710	0	2312	0	3960	0	7374	0	944	0	0	0	7558	1588	10526	0	2670	0	0	0	0	0	0	0	0	0	0	0	0	0	0	0	562	0	0	0	2490	0	0	0	0	0	0	0	0	0	0	0	0	0	0	0	0	0	0	0	0	0	0	0	0	0	0	
429020	Occipital_Mid_L	426	0	0	0	0	0	0	0	0	0	0	0	0	0	0	0	942	0	0	0	0	0	0	0	0	0	0	0	140	0	0	0	932	0	150	0	290	0	206	0	0	0	28522	0	11640	0	16804	0	21698	0	0	0	24728	0	6866	0	7748	0	9572	0	10336	0	4836	0	13906	0	13470	0	4004	0	0	0	0	0	0	0	0	0	142	0	2554	0	0	0	26856	0	0	0	7252	0	244	0	0	0	0	0	0	0	148	0	0	0	0	0	0	0	0	0	0	0	0	98	0	0	0	0	
175740	Occipital_Mid_R	0	856	0	0	0	0	0	0	0	0	0	0	0	0	0	0	0	0	0	0	0	0	0	0	0	0	0	0	0	0	0	0	0	0	0	894	0	0	0	0	0	0	0	12534	144	11508	0	3802	0	19188	0	0	0	4860	0	1730	0	1468	0	2202	0	4460	0	258	0	11084	276	3900	0	1336	0	0	0	0	0	0	0	0	0	0	0	76	0	0	0	5276	0	0	0	2018	0	0	0	0	0	0	0	0	0	0	0	0	0	0	0	0	0	0	0	0	0	0	0	0	0	0	
166404	Occipital_Inf_L	862	0	0	0	0	0	0	0	0	0	0	0	0	0	0	0	370	0	0	0	0	0	0	0	0	0	0	0	384	0	0	0	0	0	330	0	718	0	76	0	0	0	10762	0	1362	0	10772	0	464	0	24728	0	0	0	12308	0	904	0	0	0	0	0	138	0	0	0	3018	0	496	0	0	0	0	0	0	0	0	0	706	0	476	0	0	0	6916	0	0	0	5986	0	400	76	0	0	0	0	0	0	598	76	0	0	0	0	0	0	0	0	0	0	0	176	100	0	0	0	
105044	Occipital_Inf_R	0	286	0	0	0	0	0	0	0	0	0	0	0	0	0	0	0	168	0	192	0	0	0	0	0	0	0	0	0	140	0	0	0	0	0	528	0	1310	0	1648	0	0	0	6670	114	3766	0	5548	0	5710	0	4860	0	0	0	7814	0	170	0	0	0	0	0	76	0	0	318	1576	0	366	0	0	0	0	0	0	0	0	0	100	0	0	0	0	0	1160	0	0	0	9100	0	252	0	0	0	0	0	0	0	402	0	0	0	0	0	0	0	0	0	0	0	248	0	0	0	0	
295512	Fusiform_L	1028	0	0	0	0	0	302	0	0	0	0	0	0	0	0	0	98	0	416	0	0	0	0	0	0	0	0	0	2108	0	0	0	0	0	212	0	15258	0	3772	0	3118	0	1624	0	122	0	14270	234	0	0	6866	0	12308	0	0	0	242	0	0	0	0	0	0	0	0	0	564	0	312	0	98	0	1842	0	0	0	762	0	880	0	3614	0	430	0	1844	0	0	0	18382	0	18816	516	418	0	76	0	8550	0	24814	536	978	0	154	0	312	0	114	0	0	0	464	836	466	0	0	0	
330380	Fusiform_R	234	1072	0	578	0	0	0	132	0	0	0	354	0	88	0	0	0	670	0	874	0	74	0	98	0	0	0	0	0	2152	0	0	0	0	672	1668	78	17480	0	13484	0	3428	228	5952	0	1762	370	23184	0	2312	0	1730	0	7814	0	0	0	832	0	0	0	0	0	134	0	0	0	1810	382	1250	0	254	0	2868	0	102	108	356	0	260	0	2696	0	2160	0	1936	0	410	0	13274	484	16086	244	816	0	0	506	6502	722	17296	76	0	0	822	0	0	0	0	146	160	1722	3370	918	0	0	0	
323884	Postcentral_L	35206	0	1914	0	0	0	940	0	0	0	5298	0	260	0	0	0	8104	0	3538	0	0	0	0	0	0	0	0	0	7214	0	0	0	238	0	970	500	1730	522	70	90	0	0	622	0	510	0	0	0	1234	0	7748	0	904	0	242	0	0	0	9576	0	20502	0	12810	0	2146	0	11408	0	12160	0	882	0	1650	0	620	0	1194	132	1170	0	3680	0	0	0	3824	0	0	0	2334	0	0	0	0	0	0	0	0	0	0	0	0	0	0	0	0	0	0	0	0	0	0	0	0	0	0	0	
242360	Postcentral_R	394	15626	0	542	0	0	0	420	0	0	0	1828	0	0	0	0	0	4520	114	2020	0	0	0	78	0	0	0	0	0	1966	0	88	0	1690	802	5390	0	550	0	0	0	0	0	4346	0	4584	0	2626	0	3960	0	1468	0	170	0	832	0	0	0	6260	0	8234	0	12136	0	948	186	13882	1728	19206	0	438	0	322	0	0	0	244	0	332	0	1002	0	0	0	806	0	0	0	1442	0	0	0	0	0	0	0	0	0	0	0	0	0	0	0	0	0	0	0	0	0	0	0	0	0	0	
119276	Parietal_Sup_L	276	0	96	0	0	0	0	0	0	0	0	0	0	0	0	0	282	0	0	0	0	0	0	0	0	0	0	0	92	0	0	0	274	0	0	0	0	0	0	0	0	0	246	0	1184	0	0	0	5180	0	9572	0	0	0	0	0	9576	0	0	0	9086	0	510	0	210	0	12070	106	3150	0	0	0	0	0	0	0	0	0	0	0	1284	0	0	0	4106	0	0	0	2338	0	0	0	0	0	0	0	0	0	0	0	0	0	0	0	0	0	0	0	0	0	0	0	0	0	0	0	
71536	Parietal_Sup_R	0	600	0	0	0	0	0	0	0	0	0	0	0	0	0	0	0	0	0	0	0	0	0	0	0	0	0	0	0	0	0	0	0	0	0	0	0	0	0	0	0	0	0	456	0	2504	0	0	0	7374	0	2202	0	0	0	0	0	6260	0	0	0	4726	0	2092	0	4212	0	4376	0	966	0	0	0	0	0	0	0	0	0	0	0	0	0	0	0	0	0	0	0	0	0	0	0	0	0	0	0	0	0	0	0	0	0	0	0	0	0	0	0	0	0	0	0	0	0	0	
200852	Parietal_Inf_L	2776	0	280	0	0	0	102	0	0	0	0	0	0	0	0	0	536	0	208	0	0	0	0	0	0	0	0	0	384	0	0	0	0	0	0	0	80	0	0	0	0	0	0	0	0	0	0	0	1294	0	10336	0	0	0	0	0	20502	0	9086	0	0	0	15406	0	15944	0	5234	0	5664	0	152	0	0	0	0	0	0	0	0	0	2406	0	0	0	6994	0	0	0	3042	0	0	0	0	0	0	0	0	0	0	0	0	0	0	0	0	0	0	0	0	0	0	0	0	0	0	0	
94892	Parietal_Inf_R	0	744	0	118	0	0	0	0	0	0	0	180	0	0	0	0	0	0	0	0	0	0	0	0	0	0	0	0	0	0	0	0	0	0	0	160	0	0	0	0	0	0	0	252	0	424	0	0	0	944	0	4460	0	0	0	0	0	8234	0	4726	0	0	0	12640	0	11876	0	260	0	262	0	124	0	0	0	0	0	0	0	0	0	354	0	0	0	1368	0	0	0	320	0	0	0	0	0	0	0	0	0	0	0	0	0	0	0	0	0	0	0	0	0	0	0	0	0	0	
133352	SupraMarginal_L	1344	0	92	0	0	0	138	0	0	0	0	0	0	0	0	0	1930	0	174	0	0	0	0	0	0	0	0	0	358	0	0	0	0	0	0	0	70	0	0	0	0	0	322	0	0	0	340	0	164	0	4836	0	138	0	0	0	12810	0	510	0	15406	0	0	0	11172	0	1248	0	1618	0	0	0	0	0	0	0	0	0	98	0	5342	0	0	0	8244	0	0	0	322	0	0	0	0	0	0	0	0	0	0	0	0	0	0	0	0	0	0	0	0	0	0	0	0	0	0	0	
109936	SupraMarginal_R	0	1234	0	138	0	0	0	0	0	0	0	248	0	0	0	0	0	3618	0	0	0	0	0	0	0	0	0	0	0	826	0	0	0	0	0	234	0	0	0	0	0	0	0	90	0	558	0	0	0	0	0	258	0	76	0	134	0	12136	0	2092	0	12640	0	0	0	6654	0	782	0	594	0	144	0	0	0	0	0	0	0	0	0	5834	0	0	0	4930	0	0	0	1748	0	0	0	0	0	0	0	0	0	0	0	0	0	0	0	0	0	0	0	0	0	0	0	0	0	0	
120672	Angular_L	202	0	0	0	0	0	0	0	0	0	0	0	0	0	0	0	98	0	0	0	0	0	0	0	0	0	0	0	0	0	0	0	0	0	0	0	0	0	0	0	0	0	350	0	76	0	340	0	196	0	13906	0	0	0	0	0	2146	0	210	0	15944	0	11172	0	0	0	1286	0	1662	0	0	0	0	0	0	0	0	0	0	0	1546	0	0	0	10572	0	0	0	630	0	0	0	0	0	0	0	0	0	0	0	0	0	0	0	0	0	0	0	0	0	0	0	0	0	0	0	
110512	Angular_R	0	0	0	0	0	0	0	0	0	0	0	0	0	0	0	0	0	0	0	0	0	0	0	0	0	0	0	0	0	0	0	0	0	0	0	108	0	0	0	0	0	0	0	632	0	1364	0	0	0	7558	0	11084	0	0	0	0	0	948	0	4212	0	11876	0	6654	0	0	0	692	0	82	0	0	0	0	0	0	0	0	0	0	0	2264	0	0	0	6466	0	0	0	1316	0	0	0	0	0	0	0	0	0	0	0	0	0	0	0	0	0	0	0	0	0	0	0	0	0	0	
263992	Precuneus_L	566	0	214	0	0	0	86	0	0	0	0	0	0	0	0	0	510	0	348	0	0	0	0	0	0	0	0	0	290	0	0	0	3064	400	4338	730	2170	0	1850	0	0	0	15120	1572	8704	3616	3278	262	8142	1588	13470	276	3018	318	564	0	11408	186	12070	0	5234	0	1248	0	1286	0	0	3434	9394	140	0	0	0	0	0	0	0	0	100	0	1544	0	0	0	6798	0	0	0	3626	262	0	0	0	0	0	0	508	0	0	0	0	0	0	0	0	0	0	0	0	0	264	0	0	0	0	0	
267932	Precuneus_R	0	2376	0	0	0	0	0	72	0	0	0	170	0	0	0	0	0	132	0	0	0	0	0	0	0	0	0	0	0	0	0	0	650	4366	2422	13048	1568	2534	1100	2354	0	0	70	15776	600	18648	660	9874	154	10526	0	3900	0	1576	0	1810	0	13882	106	4376	0	260	0	782	0	692	3434	0	0	9488	0	0	0	0	0	0	266	0	0	0	0	486	0	0	0	1266	0	0	0	2546	0	0	0	0	0	0	0	130	0	0	0	0	0	0	0	0	0	0	0	0	1866	0	0	0	0	0	
319144	Paracentral_Lobule_L	14806	3350	1808	1710	0	0	2830	472	0	0	0	0	0	0	0	0	404	0	25962	17576	0	0	0	0	0	0	0	0	812	0	140	0	5100	12026	7336	1462	1258	234	104	0	0	0	376	0	420	0	0	0	426	0	4004	0	496	0	312	382	12160	1728	3150	0	5664	0	1618	0	1662	0	9394	0	0	6662	1948	254	1172	0	1140	0	3510	96	0	0	984	0	0	0	2606	0	0	0	1614	404	0	0	0	0	0	0	0	0	0	0	0	0	0	0	0	0	0	0	0	0	0	0	0	0	0	0	
234180	Paracentral_Lobule_R	3524	16788	0	118	0	0	70	0	0	0	0	0	0	0	0	0	0	0	900	19302	0	0	0	0	0	0	0	0	110	0	0	0	224	8712	1414	4182	648	450	0	0	0	0	0	3966	0	4310	0	1438	0	2670	0	1336	0	366	0	1250	0	19206	0	966	0	262	0	594	0	82	140	9488	6662	0	252	0	0	0	276	0	2950	0	0	0	0	844	0	0	0	1166	0	0	0	2424	0	0	0	0	0	0	0	0	0	0	0	0	0	0	0	0	0	0	0	0	0	0	0	0	0	0	
219628	Caudate_L	3992	314	7266	8262	208	82	3186	1552	0	0	1114	90	854	0	0	0	814	0	10700	7702	4410	4910	372	214	110	86	1750	254	7800	0	5788	1334	0	0	0	0	978	408	0	324	0	0	0	0	0	0	0	0	0	0	0	0	0	0	98	0	882	0	0	0	152	0	0	0	0	0	0	0	1948	252	0	5768	15678	1424	1064	288	6622	172	0	0	254	0	256	0	0	0	0	0	82	0	0	0	0	0	0	0	0	0	0	0	0	0	0	0	0	0	0	0	0	0	0	0	0	0	0	0	
384512	Caudate_R	418	11344	368	34062	0	4180	358	8110	0	0	404	3986	636	364	0	768	0	88	1442	12972	1768	3196	0	19526	0	6326	260	874	554	4580	2448	20528	0	98	0	452	72	1790	0	790	0	0	0	0	0	0	0	0	0	0	0	0	0	0	0	254	0	438	0	0	0	124	0	144	0	0	0	0	254	0	5768	0	3434	19376	0	2422	186	17000	0	0	0	0	0	0	0	0	0	0	0	94	0	0	0	0	0	0	0	0	0	0	0	0	0	0	0	0	0	0	0	0	0	0	0	0	0	0	
279936	Putamen_L	18942	0	9098	280	1062	0	4640	0	360	0	1908	0	1502	0	872	0	578	0	9602	318	2680	2638	718	0	0	0	1368	108	16176	0	8342	1888	0	76	0	96	15170	124	1418	0	174	0	0	0	0	0	74	0	0	0	0	0	0	0	1842	0	1650	0	0	0	0	0	0	0	0	0	0	0	1172	0	15678	3434	0	720	6604	244	5154	80	94	0	578	0	1418	0	0	0	0	0	1006	0	0	0	0	0	0	0	0	0	82	0	0	0	0	0	0	0	0	0	0	0	0	0	0	0	0	0	
316240	Putamen_R	336	960	788	22388	0	5202	688	2854	0	534	192	2706	166	1148	0	1518	0	6148	810	9626	144	326	0	11590	0	3912	86	634	216	18842	272	9146	0	138	0	114	0	15750	0	11388	0	1068	0	0	0	0	0	0	0	0	0	0	0	0	0	2868	0	322	0	0	0	0	0	0	0	0	0	0	0	0	1424	19376	720	0	0	1626	0	364	0	242	0	296	0	604	0	258	0	252	0	78	0	0	0	0	0	0	0	0	0	0	0	0	0	0	0	0	0	0	0	0	0	0	0	0	0	0	
55680	Pallidum_L	7596	0	4132	0	0	0	798	0	0	0	0	0	0	0	0	0	0	0	2990	282	0	0	0	0	0	0	0	0	128	0	0	0	0	0	0	0	250	0	0	0	0	0	0	0	0	0	0	0	0	0	0	0	0	0	0	0	620	0	0	0	0	0	0	0	0	0	0	0	1140	276	1064	0	6604	0	0	0	1960	0	0	0	0	0	0	0	0	0	0	0	0	0	0	0	0	0	0	0	0	0	0	0	0	0	0	0	0	0	0	0	0	0	0	0	0	0	0	0	
23024	Pallidum_R	0	194	0	1918	0	0	0	654	0	0	0	328	0	0	0	0	0	108	0	2314	0	0	0	0	0	0	0	0	0	160	0	0	0	0	0	0	0	546	0	526	0	0	0	0	0	0	0	0	0	0	0	0	0	0	0	102	0	0	0	0	0	0	0	0	0	0	0	0	0	0	288	2422	244	1626	0	0	0	82	0	0	0	0	0	0	0	0	0	0	0	0	0	0	0	0	0	0	0	0	0	0	0	0	0	0	0	0	0	0	0	0	0	0	0	0	0	0	
140272	Thalamus_L	8818	1422	2254	0	0	0	6360	0	0	0	304	0	216	0	0	0	0	0	3482	3006	0	0	0	0	0	0	0	0	3228	0	720	0	0	0	460	1876	7632	1718	1246	764	0	0	0	0	0	0	590	126	0	0	0	0	0	0	762	108	1194	0	0	0	0	0	0	0	0	0	0	266	3510	2950	6622	186	5154	0	1960	0	0	2556	118	0	158	0	0	0	0	0	0	0	370	0	0	0	0	0	0	0	0	0	0	0	0	0	0	0	0	0	0	0	0	0	0	0	0	0	0	0	
116932	Thalamus_R	360	14376	0	5710	0	0	0	1772	0	0	0	1094	0	0	0	0	0	560	108	3112	0	232	0	632	0	0	0	0	0	410	0	486	0	0	0	494	238	4838	0	2138	0	0	0	0	0	0	0	298	0	0	0	0	0	0	0	356	132	244	0	0	0	0	0	0	0	0	0	0	96	0	172	17000	80	364	0	82	2556	0	0	198	0	226	0	0	0	0	0	0	0	0	0	0	0	0	0	0	0	102	0	0	0	0	0	0	0	0	0	0	0	0	0	0	0	0	0	0	
51652	Heschl_L	3170	0	468	0	0	0	192	0	0	0	0	0	0	0	0	0	3300	0	342	0	0	0	0	0	0	0	0	0	5172	0	0	0	0	0	186	248	2284	268	0	0	0	0	78	0	0	0	0	0	0	0	142	0	706	0	880	0	1170	0	0	0	0	0	98	0	0	0	100	0	0	0	0	0	94	0	0	0	118	0	0	0	3240	0	0	0	2198	0	0	0	1372	0	0	0	0	0	0	0	0	0	0	0	0	0	0	0	0	0	0	0	0	0	0	0	0	0	0	0	
27868	Heschl_R	0	210	0	108	0	0	0	0	0	0	0	194	0	0	0	0	0	2914	0	82	0	0	0	0	0	0	0	0	0	2042	0	0	0	0	0	144	0	816	0	114	0	0	0	0	0	0	0	0	0	0	0	0	0	100	0	260	0	332	0	0	0	0	0	0	0	0	0	0	0	0	0	0	0	242	0	0	0	198	0	0	0	5068	0	0	0	210	0	0	0	900	0	0	0	0	0	0	0	0	0	0	0	0	0	0	0	0	0	0	0	0	0	0	0	0	0	0	
204924	Temporal_Sup_L	3396	0	710	0	0	0	2368	0	0	0	1230	0	596	0	0	0	7246	0	1148	0	0	0	0	0	0	0	0	0	8462	0	0	0	0	0	0	72	2828	106	0	0	0	0	224	0	112	0	0	0	0	0	2554	0	476	0	3614	0	3680	0	1284	0	2406	0	5342	0	1546	0	1544	0	984	0	254	0	578	0	0	0	158	0	3240	0	0	0	1168	0	25928	0	0	0	18720	0	76	0	0	0	0	0	102	0	310	0	0	0	0	0	0	0	0	0	0	0	0	0	0	0	0	0	
112560	Temporal_Sup_R	0	950	0	184	0	0	0	0	0	0	0	680	0	0	0	0	0	4770	0	150	0	0	0	0	0	0	0	0	0	3864	0	0	0	0	0	206	0	1318	0	100	0	0	0	0	0	466	0	0	0	0	0	76	0	0	0	2696	0	1002	0	0	0	354	0	5834	0	2264	0	486	0	844	0	0	0	296	0	0	0	226	0	5068	0	0	0	1442	0	13672	0	352	0	8980	0	0	0	0	0	0	0	0	0	0	0	0	0	0	0	0	0	0	0	0	0	0	0	0	0	0	
44308	Temporal_Pole_Sup_L	104	0	228	0	484	0	138	0	364	0	1184	0	648	0	1090	0	522	0	110	0	292	0	0	0	0	0	0	0	4318	0	228	0	0	0	0	0	618	0	0	0	354	0	0	0	0	0	0	0	0	0	0	0	0	0	430	0	0	0	0	0	0	0	0	0	0	0	0	0	0	0	256	0	1418	0	0	0	0	0	0	0	1168	0	0	0	3632	0	1620	0	2948	0	0	0	0	0	0	0	0	0	0	0	0	0	0	0	0	0	0	0	0	0	0	0	0	0	0	0	
36324	Temporal_Pole_Sup_R	0	0	0	0	0	0	0	0	0	0	0	336	0	0	0	0	0	380	0	0	0	0	0	0	0	0	0	0	0	1846	0	0	0	0	0	0	0	1824	0	872	0	2170	0	0	0	0	0	0	0	0	0	0	0	0	0	2160	0	0	0	0	0	0	0	0	0	0	0	0	0	0	0	0	0	604	0	0	0	0	0	0	0	1442	0	0	0	2658	0	2106	0	1764	0	0	0	0	0	0	0	0	0	0	0	0	0	0	0	0	0	0	0	0	0	0	0	0	0	0	
348200	Temporal_Mid_L	1060	0	128	0	0	0	0	0	0	0	0	0	0	0	0	0	3242	0	164	0	0	0	0	0	0	0	0	0	796	0	0	0	88	0	120	0	498	0	0	0	0	0	5644	0	1382	0	626	0	722	0	26856	0	6916	0	1844	0	3824	0	4106	0	6994	0	8244	0	10572	0	6798	0	2606	0	0	0	0	0	0	0	0	0	2198	0	25928	0	3632	0	0	0	2178	0	46844	0	0	0	0	0	0	0	0	0	90	0	0	0	0	0	0	0	0	0	0	0	0	0	0	0	0	0	
148428	Temporal_Mid_R	0	812	0	0	0	0	0	0	0	0	0	0	0	0	0	0	0	174	0	0	0	0	0	0	0	0	0	0	0	1072	0	0	0	0	0	230	0	620	0	122	0	388	0	3994	0	2186	0	1616	0	562	0	5276	0	1160	0	1936	0	806	0	0	0	1368	0	4930	0	6466	0	1266	0	1166	0	0	0	258	0	0	0	0	0	210	0	13672	0	2658	0	0	0	1560	0	19706	0	0	0	0	0	0	0	0	0	0	0	0	0	0	0	0	0	0	0	0	0	0	0	0	0	0	
10124	Temporal_Pole_Mid_L	0	0	0	0	0	0	0	0	0	0	0	0	0	0	0	0	0	0	0	0	0	0	0	0	0	0	0	0	0	0	0	0	0	0	0	0	0	0	0	0	0	0	0	0	0	0	0	0	0	0	0	0	0	0	0	0	0	0	0	0	0	0	0	0	0	0	0	0	0	0	0	0	0	0	0	0	0	0	0	0	0	0	1620	0	2178	0	0	0	1264	0	0	0	0	0	0	0	0	0	0	0	0	0	0	0	0	0	0	0	0	0	0	0	0	0	0	0	
13548	Temporal_Pole_Mid_R	0	0	0	0	0	0	0	0	0	0	0	0	0	0	0	0	0	0	0	0	0	0	0	0	0	0	0	0	0	798	0	0	0	0	0	0	0	366	0	272	0	388	0	0	0	0	0	0	0	0	0	0	0	0	0	410	0	0	0	0	0	0	0	0	0	0	0	0	0	0	0	0	0	252	0	0	0	0	0	0	0	352	0	2106	0	1560	0	0	0	270	0	0	0	0	0	0	0	0	0	0	0	0	0	0	0	0	0	0	0	0	0	0	0	0	0	0	
285660	Temporal_Inf_L	1216	0	158	0	0	0	288	0	0	0	0	0	0	0	0	0	2872	0	294	0	0	0	0	0	0	0	0	0	1990	0	0	0	0	0	92	0	7218	0	732	0	708	0	2136	0	576	0	342	0	128	0	7252	0	5986	0	18382	0	2334	0	2338	0	3042	0	322	0	630	0	3626	0	1614	0	82	0	1006	0	0	0	370	0	1372	0	18720	0	2948	0	46844	0	1264	0	0	0	3446	0	148	0	0	0	246	0	1920	0	188	0	0	0	0	0	0	0	0	0	0	0	0	0	0	0	
187908	Temporal_Inf_R	184	1780	0	376	0	0	0	72	0	0	0	192	0	0	0	0	0	972	0	1296	0	0	0	0	0	0	0	0	0	2846	0	0	0	0	782	2362	0	2836	0	1234	0	0	0	3612	0	4190	0	1692	0	2490	0	2018	0	9100	0	13274	0	1442	0	0	0	320	0	1748	0	1316	262	2546	404	2424	0	94	0	78	0	0	0	0	0	900	0	8980	0	1764	0	19706	0	270	0	0	0	392	0	0	0	0	0	0	0	0	0	0	0	0	0	0	0	0	0	0	0	0	0	0	0	0	
405588	Cerebelum_Crus1_L	0	0	0	0	0	0	0	0	0	0	0	0	0	0	0	0	0	0	0	0	0	0	0	0	0	0	0	0	0	0	0	0	0	0	0	0	186	0	122	0	0	0	0	0	0	0	8946	3650	0	0	244	0	400	0	18816	484	0	0	0	0	0	0	0	0	0	0	0	0	0	0	0	0	0	0	0	0	0	0	0	0	76	0	0	0	0	0	0	0	3446	0	0	4786	30758	1794	214	0	15578	624	54364	5136	14406	256	9104	470	3748	586	850	0	584	658	3870	8784	7826	916	1020	92	
426288	Cerebelum_Crus1_R	0	0	0	0	0	0	0	0	0	0	0	0	0	0	0	0	0	0	0	0	0	0	0	0	0	0	0	0	0	0	0	0	0	0	0	0	0	0	0	72	0	0	0	0	0	0	1754	11798	0	0	0	0	76	252	516	16086	0	0	0	0	0	0	0	0	0	0	0	0	0	0	0	0	0	0	0	0	0	0	0	0	0	0	0	0	0	0	0	0	0	392	4786	0	2766	27678	0	1330	3044	19934	6102	53608	564	3378	752	18426	316	1188	88	166	674	1470	8658	15590	9936	860	884	0	
309972	Cerebelum_Crus2_L	0	0	0	0	0	0	0	0	0	0	0	0	0	0	0	0	0	0	0	0	0	0	0	0	0	0	0	0	0	0	0	0	0	0	0	0	0	0	0	0	0	0	0	0	0	0	150	246	0	0	0	0	0	0	418	244	0	0	0	0	0	0	0	0	0	0	0	0	0	0	0	0	0	0	0	0	0	0	0	0	0	0	0	0	0	0	0	0	148	0	30758	2766	0	9704	0	0	766	240	5186	1358	42702	3308	32930	6898	4784	678	854	78	0	0	78	806	6494	2920	472	0	
247384	Cerebelum_Crus2_R	0	0	0	0	0	0	0	0	0	0	0	0	0	0	0	0	0	0	0	0	0	0	0	0	0	0	0	0	0	0	0	0	0	0	0	0	0	0	0	0	0	0	0	0	0	0	0	516	0	0	0	0	0	0	0	816	0	0	0	0	0	0	0	0	0	0	0	0	0	0	0	0	0	0	0	0	0	0	0	0	0	0	0	0	0	0	0	0	0	0	1794	27678	9704	0	0	148	306	1088	1052	6590	4034	18510	4490	30060	416	2208	0	218	0	76	244	1286	9104	2434	920	0	
12216	Cerebelum_3_L	0	0	0	0	0	0	0	0	0	0	0	0	0	0	0	0	0	0	0	0	0	0	0	0	0	0	0	0	0	0	0	0	0	0	0	0	0	0	0	0	0	0	0	0	0	0	0	0	0	0	0	0	0	0	76	0	0	0	0	0	0	0	0	0	0	0	0	0	0	0	0	0	0	0	0	0	0	0	0	0	0	0	0	0	0	0	0	0	0	0	214	0	0	0	0	74	3148	86	290	0	0	0	0	0	248	0	0	0	352	792	828	0	0	0	0	0	
31164	Cerebelum_3_R	0	0	0	0	0	0	0	0	0	0	0	0	0	0	0	0	0	0	0	0	0	0	0	0	0	0	0	0	0	0	0	0	0	0	0	0	0	120	0	312	0	0	0	0	0	0	0	328	0	0	0	0	0	0	0	0	0	0	0	0	0	0	0	0	0	0	0	0	0	0	0	0	0	0	0	0	0	0	0	0	0	0	0	0	0	0	0	0	0	0	0	1330	0	148	74	0	86	3430	0	3180	0	0	0	760	0	514	0	0	134	2928	280	388	554	514	502	0	
256656	Cerebelum_4_5_L	0	0	0	0	0	0	0	0	0	0	0	0	0	0	0	0	0	0	0	0	0	0	0	0	0	0	0	0	176	0	0	0	0	0	228	76	1172	0	1140	0	0	0	374	0	0	0	16086	1534	0	0	0	0	0	0	8550	506	0	0	0	0	0	0	0	0	0	0	508	0	0	0	0	0	0	0	0	0	0	0	0	0	102	0	0	0	0	0	0	0	246	0	15578	3044	766	306	3148	86	0	3294	30002	5304	3520	0	2198	472	4694	636	692	0	1326	1822	13852	4034	942	512	914	488	
194756	Cerebelum_4_5_R	0	0	0	0	0	0	0	0	0	0	0	0	0	0	0	0	0	0	0	0	0	0	0	0	0	0	0	0	0	0	0	0	0	0	0	0	0	362	0	956	0	0	0	0	0	0	926	5914	0	0	0	0	0	0	0	6502	0	0	0	0	0	0	0	0	0	0	0	130	0	0	0	0	0	0	0	0	0	102	0	0	0	0	0	0	0	0	0	0	0	0	624	19934	240	1088	86	3430	3294	0	1976	28494	350	0	320	3458	166	548	80	0	426	2756	10464	2898	1120	360	374	0	
407624	Cerebelum_6_L	0	0	0	0	0	0	0	0	0	0	0	0	0	0	0	0	0	0	0	0	0	0	0	0	0	0	0	0	296	0	0	0	0	0	0	0	1488	0	420	0	0	0	0	0	0	0	15252	4860	0	0	148	0	598	0	24814	722	0	0	0	0	0	0	0	0	0	0	0	0	0	0	0	0	82	0	0	0	0	0	0	0	310	0	0	0	90	0	0	0	1920	0	54364	6102	5186	1052	290	0	30002	1976	0	7374	6350	0	2614	358	3544	1074	814	0	1030	1280	8474	12098	5692	1204	1658	276	
418436	Cerebelum_6_R	0	0	0	0	0	0	0	0	0	0	0	0	0	0	0	0	0	0	0	0	0	0	0	0	0	0	0	0	0	0	0	0	0	0	0	0	0	0	0	0	0	0	0	0	0	0	2756	13382	0	0	0	0	76	402	536	17296	0	0	0	0	0	0	0	0	0	0	0	0	0	0	0	0	0	0	0	0	0	0	0	0	0	0	0	0	0	0	0	0	0	0	5136	53608	1358	6590	0	3180	5304	28494	7374	0	520	156	496	8678	272	1680	108	448	1066	3670	14484	18948	9768	1728	1704	0	
272548	Cerebelum_7b_L	0	0	0	0	0	0	0	0	0	0	0	0	0	0	0	0	0	0	0	0	0	0	0	0	0	0	0	0	0	0	0	0	0	0	0	0	0	0	0	0	0	0	0	0	0	0	1156	194	0	0	0	0	0	0	978	76	0	0	0	0	0	0	0	0	0	0	0	0	0	0	0	0	0	0	0	0	0	0	0	0	0	0	0	0	0	0	0	0	188	0	14406	564	42702	4034	0	0	3520	350	6350	520	0	2600	35508	5736	4460	498	388	0	264	286	996	416	4730	4976	378	0	
111128	Cerebelum_7b_R	0	0	0	0	0	0	0	0	0	0	0	0	0	0	0	0	0	0	0	0	0	0	0	0	0	0	0	0	0	0	0	0	0	0	0	0	0	0	0	0	0	0	0	0	0	0	0	0	0	0	0	0	0	0	0	0	0	0	0	0	0	0	0	0	0	0	0	0	0	0	0	0	0	0	0	0	0	0	0	0	0	0	0	0	0	0	0	0	0	0	256	3378	3308	18510	0	0	0	0	0	156	2600	0	2456	18198	0	2498	0	0	0	0	0	0	2106	1984	114	0	
274844	Cerebelum_8_L	0	0	0	0	0	0	0	0	0	0	0	0	0	0	0	0	0	0	0	0	0	0	0	0	0	0	0	0	0	0	0	0	0	0	0	0	0	0	0	0	0	0	0	0	0	0	478	134	0	0	0	0	0	0	154	0	0	0	0	0	0	0	0	0	0	0	0	0	0	0	0	0	0	0	0	0	0	0	0	0	0	0	0	0	0	0	0	0	0	0	9104	752	32930	4490	0	0	2198	320	2614	496	35508	2456	0	8582	14376	1662	3196	0	0	82	578	258	6550	8602	1902	0	
272864	Cerebelum_8_R	0	0	0	0	0	0	0	0	0	0	0	0	0	0	0	0	0	0	0	0	0	0	0	0	0	0	0	0	0	0	0	0	0	0	0	0	0	0	0	0	0	0	0	0	0	0	176	238	0	0	0	0	0	0	0	822	0	0	0	0	0	0	0	0	0	0	0	0	0	0	0	0	0	0	0	0	0	0	0	0	0	0	0	0	0	0	0	0	0	0	470	18426	6898	30060	0	760	472	3458	358	8678	5736	18198	8582	0	724	11952	0	1132	0	558	854	1092	6396	8390	2002	0	
102700	Cerebelum_9_L	0	0	0	0	0	0	0	0	0	0	0	0	0	0	0	0	0	0	0	0	0	0	0	0	0	0	0	0	0	0	0	0	0	0	0	0	0	0	0	0	0	0	0	0	0	0	340	76	0	0	0	0	0	0	312	0	0	0	0	0	0	0	0	0	0	0	0	0	0	0	0	0	0	0	0	0	0	0	0	0	0	0	0	0	0	0	0	0	0	0	3748	316	4784	416	248	0	4694	166	3544	272	4460	0	14376	724	0	1156	4152	0	0	72	670	1100	1712	1682	2070	260	
93076	Cerebelum_9_R	0	0	0	0	0	0	0	0	0	0	0	0	0	0	0	0	0	0	0	0	0	0	0	0	0	0	0	0	0	0	0	0	0	0	0	0	0	0	0	0	0	0	0	0	0	0	0	86	0	0	0	0	0	0	0	0	0	0	0	0	0	0	0	0	0	0	0	0	0	0	0	0	0	0	0	0	0	0	0	0	0	0	0	0	0	0	0	0	0	0	586	1188	678	2208	0	514	636	548	1074	1680	498	2498	1662	11952	1156	0	0	1114	474	1070	1436	2988	2234	3846	5296	1116	
23472	Cerebelum_10_L	0	0	0	0	0	0	0	0	0	0	0	0	0	0	0	0	0	0	0	0	0	0	0	0	0	0	0	0	0	0	0	0	0	0	0	0	0	0	0	0	0	0	0	0	0	0	172	0	0	0	0	0	0	0	114	0	0	0	0	0	0	0	0	0	0	0	0	0	0	0	0	0	0	0	0	0	0	0	0	0	0	0	0	0	0	0	0	0	0	0	850	88	854	0	0	0	692	80	814	108	388	0	3196	0	4152	0	0	0	0	0	150	78	0	0	0	0	
6312	Cerebelum_10_R	0	0	0	0	0	0	0	0	0	0	0	0	0	0	0	0	0	0	0	0	0	0	0	0	0	0	0	0	0	0	0	0	0	0	0	0	0	0	0	0	0	0	0	0	0	0	0	0	0	0	0	0	0	0	0	0	0	0	0	0	0	0	0	0	0	0	0	0	0	0	0	0	0	0	0	0	0	0	0	0	0	0	0	0	0	0	0	0	0	0	0	166	78	218	0	0	0	0	0	448	0	0	0	1132	0	1114	0	0	0	0	0	0	0	0	0	0	
32888	Vermis_1_2	0	0	0	0	0	0	0	0	0	0	0	0	0	0	0	0	0	0	0	0	0	0	0	0	0	0	0	0	0	0	0	0	0	0	0	0	0	0	126	0	0	0	0	0	0	0	0	468	0	0	0	0	0	0	0	146	0	0	0	0	0	0	0	0	0	0	0	0	0	0	0	0	0	0	0	0	0	0	0	0	0	0	0	0	0	0	0	0	0	0	584	674	0	0	352	134	1326	426	1030	1066	264	0	0	0	0	474	0	0	0	3972	2886	1406	196	324	590	0	
64024	Vermis_3	0	0	0	0	0	0	0	0	0	0	0	0	0	0	0	0	0	0	0	0	0	0	0	0	0	0	0	0	0	0	0	0	0	0	0	0	128	0	474	0	0	0	0	0	0	0	154	516	0	0	0	0	0	0	0	160	0	0	0	0	0	0	0	0	0	0	0	0	0	0	0	0	0	0	0	0	0	0	0	0	0	0	0	0	0	0	0	0	0	0	658	1470	0	76	792	2928	1822	2756	1280	3670	286	0	82	558	72	1070	0	0	3972	0	4128	1952	770	988	1250	0	
216236	Vermis_4_5	0	0	0	0	0	0	0	0	0	0	0	0	0	0	0	0	0	0	0	0	0	0	0	0	0	0	0	0	0	0	0	0	0	0	858	948	684	738	608	828	0	0	172	0	0	0	5666	6256	0	0	0	0	0	0	464	1722	0	0	0	0	0	0	0	0	0	0	264	1866	0	0	0	0	0	0	0	0	0	0	0	0	0	0	0	0	0	0	0	0	0	0	3870	8658	78	244	828	280	13852	10464	8474	14484	996	0	578	854	670	1436	150	0	2886	4128	0	9326	866	652	1502	1768	
240100	Vermis_6	0	0	0	0	0	0	0	0	0	0	0	0	0	0	0	0	0	0	0	0	0	0	0	0	0	0	0	0	0	0	0	0	0	0	0	0	0	0	0	0	0	0	0	0	0	0	2800	11518	0	0	98	0	176	248	836	3370	0	0	0	0	0	0	0	0	0	0	0	0	0	0	0	0	0	0	0	0	0	0	0	0	0	0	0	0	0	0	0	0	0	0	8784	15590	806	1286	0	388	4034	2898	12098	18948	416	0	258	1092	1100	2988	78	0	1406	1952	9326	0	9072	2460	3834	2190	
204708	Vermis_7	0	0	0	0	0	0	0	0	0	0	0	0	0	0	0	0	0	0	0	0	0	0	0	0	0	0	0	0	0	0	0	0	0	0	0	0	0	0	0	0	0	0	0	0	0	0	626	4706	0	0	0	0	100	0	466	918	0	0	0	0	0	0	0	0	0	0	0	0	0	0	0	0	0	0	0	0	0	0	0	0	0	0	0	0	0	0	0	0	0	0	7826	9936	6494	9104	0	554	942	1120	5692	9768	4730	2106	6550	6396	1712	2234	0	0	196	770	866	9072	0	5776	3694	0	
114592	Vermis_8	0	0	0	0	0	0	0	0	0	0	0	0	0	0	0	0	0	0	0	0	0	0	0	0	0	0	0	0	0	0	0	0	0	0	0	0	0	0	0	0	0	0	0	0	0	0	0	0	0	0	0	0	0	0	0	0	0	0	0	0	0	0	0	0	0	0	0	0	0	0	0	0	0	0	0	0	0	0	0	0	0	0	0	0	0	0	0	0	0	0	916	860	2920	2434	0	514	512	360	1204	1728	4976	1984	8602	8390	1682	3846	0	0	324	988	652	2460	5776	0	5870	298	
76360	Vermis_9	0	0	0	0	0	0	0	0	0	0	0	0	0	0	0	0	0	0	0	0	0	0	0	0	0	0	0	0	0	0	0	0	0	0	0	0	0	0	0	0	0	0	0	0	0	0	0	102	0	0	0	0	0	0	0	0	0	0	0	0	0	0	0	0	0	0	0	0	0	0	0	0	0	0	0	0	0	0	0	0	0	0	0	0	0	0	0	0	0	0	1020	884	472	920	0	502	914	374	1658	1704	378	114	1902	2002	2070	5296	0	0	590	1250	1502	3834	3694	5870	0	1128	
15232	Vermis_10	0	0	0	0	0	0	0	0	0	0	0	0	0	0	0	0	0	0	0	0	0	0	0	0	0	0	0	0	0	0	0	0	0	0	0	0	0	0	0	0	0	0	0	0	0	0	0	0	0	0	0	0	0	0	0	0	0	0	0	0	0	0	0	0	0	0	0	0	0	0	0	0	0	0	0	0	0	0	0	0	0	0	0	0	0	0	0	0	0	0	92	0	0	0	0	0	488	0	276	0	0	0	0	0	260	1116	0	0	0	0	1768	2190	0	298	1128	0	
