data	data	567800	157792	937044	946696	110608	124060	472580	294652	140920	47060	337584	295804	289628	172944	240544	116660	283348	107816	644920	798020	50464	84852	367156	472712	17412	81684	16088	50276	562984	312832	332552	605788	134252	517560	237004	220428	265724	355344	107476	249476	19304	76872	374952	394552	219572	324432	362588	420940	218256	311004	529780	269764	136148	68792	348684	492988	236256	159712	143716	92288	219508	110684	98324	103032	169772	89908	390480	447180	229876	143152	272724	423848	332108	371860	74340	55616	187188	223448	161396	45156	170160	103196	47824	91868	315396	258064	8012	42328	189572	216372	519192	446500	303032	329304	31368	43296	258620	219820	574124	480780	248864	179596	331436	303080	88732	65264	20540	13540	19808	40936	201668	330440	253604	50292	42896	30644	
data	data	Precentral_L	Precentral_R	Frontal_Sup_L	Frontal_Sup_R	Frontal_Sup_Orb_L	Frontal_Sup_Orb_R	Frontal_Mid_L	Frontal_Mid_R	Frontal_Mid_Orb_L	Frontal_Mid_Orb_R	Frontal_Inf_Oper_L	Frontal_Inf_Oper_R	Frontal_Inf_Tri_L	Frontal_Inf_Tri_R	Frontal_Inf_Orb_L	Frontal_Inf_Orb_R	Rolandic_Oper_L	Rolandic_Oper_R	Supp_Motor_Area_L	Supp_Motor_Area_R	Olfactory_L	Olfactory_R	Frontal_Sup_Medial_L	Frontal_Sup_Medial_R	Frontal_Med_Orb_L	Frontal_Med_Orb_R	Rectus_L	Rectus_R	Insula_L	Insula_R	Cingulum_Ant_L	Cingulum_Ant_R	Cingulum_Mid_L	Cingulum_Mid_R	Cingulum_Post_L	Cingulum_Post_R	Hippocampus_L	Hippocampus_R	ParaHippocampal_L	ParaHippocampal_R	Amygdala_L	Amygdala_R	Calcarine_L	Calcarine_R	Cuneus_L	Cuneus_R	Lingual_L	Lingual_R	Occipital_Sup_L	Occipital_Sup_R	Occipital_Mid_L	Occipital_Mid_R	Occipital_Inf_L	Occipital_Inf_R	Fusiform_L	Fusiform_R	Postcentral_L	Postcentral_R	Parietal_Sup_L	Parietal_Sup_R	Parietal_Inf_L	Parietal_Inf_R	SupraMarginal_L	SupraMarginal_R	Angular_L	Angular_R	Precuneus_L	Precuneus_R	Paracentral_Lobule_L	Paracentral_Lobule_R	Caudate_L	Caudate_R	Putamen_L	Putamen_R	Pallidum_L	Pallidum_R	Thalamus_L	Thalamus_R	Heschl_L	Heschl_R	Temporal_Sup_L	Temporal_Sup_R	Temporal_Pole_Sup_L	Temporal_Pole_Sup_R	Temporal_Mid_L	Temporal_Mid_R	Temporal_Pole_Mid_L	Temporal_Pole_Mid_R	Temporal_Inf_L	Temporal_Inf_R	Cerebelum_Crus1_L	Cerebelum_Crus1_R	Cerebelum_Crus2_L	Cerebelum_Crus2_R	Cerebelum_3_L	Cerebelum_3_R	Cerebelum_4_5_L	Cerebelum_4_5_R	Cerebelum_6_L	Cerebelum_6_R	Cerebelum_7b_L	Cerebelum_7b_R	Cerebelum_8_L	Cerebelum_8_R	Cerebelum_9_L	Cerebelum_9_R	Cerebelum_10_L	Cerebelum_10_R	Vermis_1_2	Vermis_3	Vermis_4_5	Vermis_6	Vermis_7	Vermis_8	Vermis_9	Vermis_10	
567800	Precentral_L	0	2612	18708	5676	0	0	23054	0	0	0	22838	0	7116	0	0	0	14914	0	10134	9940	0	0	152	188	0	0	0	0	15986	486	206	446	826	4034	7558	2812	8728	2144	1194	244	0	0	2578	0	850	0	2148	0	434	0	3144	0	420	0	1440	116	31064	0	376	0	2108	0	492	0	678	0	4084	190	34778	1856	3662	788	1928	382	0	0	7336	5904	9508	0	3680	0	442	0	3006	0	0	0	512	0	0	0	0	0	0	0	0	0	0	0	0	0	0	0	0	0	0	0	0	0	0	0	0	0	0	0	
157792	Precentral_R	2612	0	1080	4792	0	0	186	5688	0	0	0	6530	0	238	0	0	0	2390	1290	4582	0	0	0	0	0	0	0	0	0	1536	306	716	0	2542	0	720	0	1636	0	136	0	0	0	546	0	90	0	230	0	116	0	248	0	0	0	412	0	13434	0	0	0	1554	0	1560	0	0	210	2154	2838	5432	1728	0	1068	2288	1174	0	0	422	0	216	0	128	0	0	0	3206	0	0	0	2862	0	0	0	0	0	0	0	0	0	0	0	0	0	0	0	0	0	0	0	0	0	0	0	0	0	0	
937044	Frontal_Sup_L	18708	1080	0	11204	7588	0	66750	1478	8872	0	22986	1372	20272	538	17234	112	16150	160	78678	20404	0	0	41834	5192	484	0	0	0	32854	284	14260	7254	3888	8038	338	264	2278	730	328	0	0	0	124	0	0	0	116	0	0	0	0	0	0	0	202	0	6736	286	0	0	0	92	0	0	0	0	230	0	1812	0	10386	3074	16856	816	452	0	7222	2052	1756	0	2708	0	1894	0	0	0	0	0	0	96	0	0	0	0	0	0	0	0	0	0	0	0	0	0	0	0	0	0	0	0	0	0	0	0	0	0	
946696	Frontal_Sup_R	5676	4792	11204	0	0	9986	1972	46106	126	4982	670	17402	688	9564	400	9788	186	3254	17112	87136	0	0	6442	51110	0	2096	0	348	1034	14288	5244	39494	1596	18324	1090	2274	856	7648	94	2338	0	602	0	0	0	0	0	320	0	0	0	0	0	0	0	1588	710	790	0	0	98	248	0	256	0	0	90	134	3568	188	2828	24570	978	21868	804	3482	2404	19338	0	268	0	404	0	1156	0	370	0	0	0	860	0	0	0	0	0	0	0	106	0	0	0	0	0	0	0	0	0	0	0	0	0	0	0	0	0	0	
110608	Frontal_Sup_Orb_L	0	0	7588	0	0	0	1920	0	11238	0	322	0	1996	0	12844	0	0	0	508	0	674	0	3316	0	2100	0	1816	0	2708	0	3340	242	118	0	0	0	0	0	0	0	88	0	0	0	0	0	0	0	0	0	0	0	0	0	0	0	0	0	0	0	0	0	0	0	0	0	0	0	0	0	668	306	3416	0	0	0	0	0	0	0	0	0	96	0	0	0	0	0	0	0	0	0	0	0	0	0	0	0	0	0	0	0	0	0	0	0	0	0	0	0	0	0	0	0	0	0	
124060	Frontal_Sup_Orb_R	0	0	0	9986	0	0	0	1592	0	7982	0	330	0	606	0	9004	0	106	0	568	0	1800	194	3860	0	4670	0	6316	0	4032	248	2430	0	276	0	0	0	128	0	0	0	0	0	0	0	0	0	0	0	0	0	0	0	0	0	0	0	0	0	0	0	0	0	0	0	0	0	0	0	0	0	3092	0	4810	0	0	0	0	0	0	0	0	0	0	0	0	0	0	0	0	0	0	0	0	0	0	0	0	0	0	0	0	0	0	0	0	0	0	0	0	0	0	0	0	0	0	
472580	Frontal_Mid_L	23054	186	66750	1972	1920	0	0	230	7912	0	12890	652	24472	218	8782	0	6676	0	6556	1170	0	0	17488	2120	0	0	0	0	12194	394	5416	2876	118	800	2206	1034	3352	1488	724	134	0	0	1010	0	174	0	774	0	0	0	94	0	0	0	320	156	1914	122	0	0	148	0	0	0	0	0	1400	124	1782	0	3728	808	1898	932	0	0	3938	1234	276	0	472	0	874	0	0	0	0	0	126	202	0	0	0	0	0	0	0	0	0	0	0	0	0	0	0	0	0	0	0	0	0	0	0	0	0	0	
294652	Frontal_Mid_R	0	5688	1478	46106	0	1592	230	0	0	2284	0	15836	0	14298	108	5848	0	1122	1728	12604	0	0	2566	9844	0	0	0	0	0	3306	962	7470	626	8602	0	0	0	1078	0	0	0	0	0	0	0	0	0	0	0	0	0	0	0	0	0	0	0	422	0	0	0	398	0	260	0	0	0	0	0	0	618	122	226	1456	190	0	0	156	0	0	0	0	0	0	0	0	0	0	0	102	0	0	0	0	0	0	0	0	0	0	0	0	0	0	0	0	0	0	0	0	0	0	0	0	0	0	
140920	Frontal_Mid_Orb_L	0	0	8872	126	11238	0	7912	0	0	0	356	0	8434	0	18914	0	106	0	470	128	186	0	3708	250	0	0	1030	0	4270	0	2230	632	538	438	0	0	0	0	0	0	0	0	0	0	0	0	0	0	0	0	0	0	0	0	0	0	0	0	0	0	0	0	0	0	0	0	0	0	0	0	0	0	622	0	0	0	0	0	0	0	0	0	0	0	0	0	0	0	0	0	0	0	0	0	0	0	0	0	0	0	0	0	0	0	0	0	0	0	0	0	0	0	0	0	0	0	
47060	Frontal_Mid_Orb_R	0	0	0	4982	0	7982	0	2284	0	0	0	0	0	404	0	5808	0	0	0	152	0	0	0	402	0	0	0	368	0	230	0	414	0	182	0	0	0	0	0	0	0	0	0	0	0	0	0	0	0	0	0	0	0	0	0	0	0	0	0	0	0	0	0	0	0	0	0	0	0	0	0	130	0	192	0	0	0	0	0	0	0	0	0	0	0	0	0	0	0	0	0	0	0	0	0	0	0	0	0	0	0	0	0	0	0	0	0	0	0	0	0	0	0	0	0	0	
337584	Frontal_Inf_Oper_L	22838	0	22986	670	322	0	12890	0	356	0	0	0	15150	0	1218	0	23314	0	13760	746	0	0	1262	296	0	0	0	0	31308	0	1492	578	0	0	286	0	720	0	108	0	0	0	278	0	0	0	302	0	0	0	0	0	0	0	0	0	6390	0	0	0	916	0	132	0	108	0	296	0	0	0	544	1176	1018	96	0	0	610	116	1714	0	1910	0	2886	0	0	0	0	0	0	0	0	0	0	0	0	0	0	0	0	0	0	0	0	0	0	0	0	0	0	0	0	0	0	0	0	0	
295804	Frontal_Inf_Oper_R	0	6530	1372	17402	0	330	652	15836	0	0	0	0	0	12480	96	772	0	8524	2080	10624	0	0	1904	9382	0	0	0	0	222	14708	2156	11484	194	9036	0	100	0	1200	0	440	0	0	0	242	0	0	0	92	0	0	0	0	0	0	0	368	0	2970	0	128	0	1800	0	1174	0	98	0	1098	0	0	250	1948	0	6548	0	0	0	450	0	628	0	638	0	1694	0	0	0	0	0	252	0	0	0	0	0	0	0	0	0	0	0	0	0	0	0	0	0	0	0	0	0	0	0	0	0	0	
289628	Frontal_Inf_Tri_L	7116	0	20272	688	1996	0	24472	0	8434	0	15150	0	0	0	15552	0	2340	0	4594	954	0	0	6002	536	0	0	0	0	25518	0	5212	1514	122	360	0	0	232	0	0	0	0	0	0	0	0	0	96	0	0	0	0	0	0	0	0	0	442	0	0	0	0	0	0	0	0	0	0	0	0	0	594	1290	852	0	0	0	0	0	376	0	100	0	0	0	0	0	0	0	0	0	0	0	0	0	0	0	0	0	0	0	0	0	0	0	0	0	0	0	0	0	0	0	0	0	0	0	
172944	Frontal_Inf_Tri_R	0	238	538	9564	0	606	218	14298	0	404	0	12480	0	0	166	7282	0	172	360	2392	0	0	2336	6746	0	0	0	0	0	9266	1216	8638	592	7990	0	0	0	0	0	0	0	0	0	0	0	0	0	0	0	0	0	0	0	0	0	0	0	0	0	0	0	0	0	0	0	0	0	0	0	0	0	474	0	496	0	0	0	0	0	0	0	0	0	0	0	0	0	0	0	0	0	0	0	0	0	0	0	0	0	0	0	0	0	0	0	0	0	0	0	0	0	0	0	0	0	0	
240544	Frontal_Inf_Orb_L	0	0	17234	400	12844	0	8782	108	18914	0	1218	96	15552	166	0	0	310	0	1680	402	460	0	8966	502	216	0	558	0	15506	0	5378	1376	1052	862	0	0	0	0	0	0	0	0	0	0	0	0	0	0	0	0	0	0	0	0	0	0	0	0	0	0	0	0	0	0	0	0	0	0	0	0	600	468	6460	0	0	0	0	0	0	0	0	0	162	0	0	0	0	0	0	0	0	0	0	0	0	0	0	0	0	0	0	0	0	0	0	0	0	0	0	0	0	0	0	0	0	0	
116660	Frontal_Inf_Orb_R	0	0	112	9788	0	9004	0	5848	0	5808	0	772	0	7282	0	0	0	0	96	474	0	586	590	2900	0	248	0	848	0	6766	170	2970	260	1828	0	0	0	0	0	0	0	0	0	0	0	0	0	0	0	0	0	0	0	0	0	0	0	0	0	0	0	0	0	0	0	0	0	0	0	0	0	510	0	1318	0	0	0	0	0	0	0	0	0	152	0	0	0	0	0	0	0	0	0	0	0	0	0	0	0	0	0	0	0	0	0	0	0	0	0	0	0	0	0	0	0	0	
283348	Rolandic_Oper_L	14914	0	16150	186	0	0	6676	0	106	0	23314	0	2340	0	310	0	0	0	10936	230	0	0	662	0	0	0	0	0	23816	0	282	116	0	0	330	0	610	0	146	0	0	0	512	0	114	0	378	0	116	0	1834	0	170	0	284	0	9394	0	112	0	566	0	1770	0	408	0	694	0	520	0	100	96	642	0	0	0	160	96	8128	0	8198	0	2972	0	2310	0	0	0	976	0	0	0	0	0	0	0	0	0	0	0	0	0	0	0	0	0	0	0	0	0	0	0	0	0	0	0	
107816	Rolandic_Oper_R	0	2390	160	3254	0	106	0	1122	0	0	0	8524	0	172	0	0	0	0	278	2012	0	0	0	982	0	0	0	0	0	11494	0	1340	0	706	0	0	0	590	0	132	0	0	0	0	0	0	0	0	0	0	0	0	0	0	0	128	0	3656	0	0	0	262	0	2292	0	0	96	498	0	100	126	748	0	3084	0	0	0	384	0	4854	0	2436	0	1656	0	154	0	0	0	172	0	0	0	0	0	0	0	0	0	0	0	0	0	0	0	0	0	0	0	0	0	0	0	0	0	0	
644920	Supp_Motor_Area_L	10134	1290	78678	17112	508	0	6556	1728	470	0	13760	2080	4594	360	1680	96	10936	278	0	38724	0	0	4264	2388	0	0	0	0	19396	578	6990	8496	9566	14032	358	270	1398	388	0	0	0	0	0	0	0	0	0	0	0	0	0	0	0	0	0	0	5116	294	0	0	0	88	0	0	0	0	0	0	4258	472	12930	7284	17950	888	5990	720	3386	382	1696	0	2318	0	1490	0	90	0	0	0	0	0	0	0	0	0	0	0	0	0	0	0	0	0	0	0	0	0	0	0	0	0	0	0	0	0	0	0	
798020	Supp_Motor_Area_R	9940	4582	20404	87136	0	568	1170	12604	128	152	746	10624	954	2392	402	474	230	2012	38724	0	0	0	1766	12368	0	156	0	90	1228	4740	5080	18022	3486	39658	1656	7244	740	4842	0	1108	0	0	0	962	0	262	0	728	0	324	0	296	0	0	0	874	1014	1028	0	0	110	346	0	284	0	0	304	3240	10718	15252	3356	23966	1518	13694	1178	4394	1262	15190	0	282	0	286	0	572	0	1172	0	0	0	972	0	0	0	0	0	0	0	0	0	0	0	0	0	0	0	0	0	0	0	0	0	0	0	0	0	0	
50464	Olfactory_L	0	0	0	0	674	0	0	0	186	0	0	0	0	0	460	0	0	0	0	0	0	3944	0	0	206	0	610	422	1652	0	2018	1058	0	0	0	0	88	0	0	0	186	0	0	0	0	0	0	0	0	0	0	0	0	0	0	0	0	0	0	0	0	0	0	0	0	0	0	0	0	0	4640	3394	4060	858	200	260	0	0	0	0	0	0	316	0	0	0	0	0	0	0	0	0	0	0	0	0	0	0	0	0	0	0	0	0	0	0	0	0	0	0	0	0	0	0	0	0	
84852	Olfactory_R	0	0	0	0	0	1800	0	0	0	0	0	0	0	0	0	586	0	0	0	0	3944	0	0	0	0	380	228	1808	0	2100	2832	2862	0	0	0	0	0	0	0	0	0	0	0	0	0	0	0	0	0	0	0	0	0	0	0	0	0	0	0	0	0	0	0	0	0	0	0	0	0	0	7202	7330	6132	2534	1516	960	0	212	0	0	0	0	0	0	0	0	0	0	0	0	0	0	0	0	0	0	0	0	0	0	0	0	0	0	0	0	0	0	0	0	0	0	0	0	0	0	
367156	Frontal_Sup_Medial_L	152	0	41834	6442	3316	194	17488	2566	3708	0	1262	1904	6002	2336	8966	590	662	0	4264	1766	0	0	0	18754	1584	1096	0	0	4120	142	19962	16430	3358	9420	0	0	0	0	0	0	0	0	0	0	0	0	0	0	0	0	0	0	0	0	0	0	0	0	0	0	0	0	0	0	0	0	0	0	0	0	290	696	3608	572	94	0	0	0	0	0	0	0	0	0	0	0	0	0	0	0	0	0	0	0	0	0	0	0	0	0	0	0	0	0	0	0	0	0	0	0	0	0	0	0	0	0	
472712	Frontal_Sup_Medial_R	188	0	5192	51110	0	3860	2120	9844	250	402	296	9382	536	6746	502	2900	0	982	2388	12368	0	0	18754	0	246	6360	0	598	516	7624	3890	41756	650	19972	0	0	0	854	0	388	0	0	0	0	0	0	0	0	0	0	0	0	0	0	0	316	0	0	0	0	0	0	0	0	0	0	0	0	0	0	222	14162	214	10356	0	0	0	0	0	0	0	0	0	412	0	0	0	0	0	0	0	0	0	0	0	0	0	0	0	0	0	0	0	0	0	0	0	0	0	0	0	0	0	0	0	0	
17412	Frontal_Med_Orb_L	0	0	484	0	2100	0	0	0	0	0	0	0	0	0	216	0	0	0	0	0	206	0	1584	246	0	330	344	0	0	0	2274	262	0	0	0	0	0	0	0	0	0	0	0	0	0	0	0	0	0	0	0	0	0	0	0	0	0	0	0	0	0	0	0	0	0	0	0	0	0	0	242	0	418	0	0	0	0	0	0	0	0	0	0	0	0	0	0	0	0	0	0	0	0	0	0	0	0	0	0	0	0	0	0	0	0	0	0	0	0	0	0	0	0	0	0	0	
81684	Frontal_Med_Orb_R	0	0	0	2096	0	4670	0	0	0	0	0	0	0	0	0	248	0	0	0	156	0	380	1096	6360	330	0	0	4512	0	346	1198	5566	0	0	0	0	0	90	0	0	0	0	0	0	0	0	0	0	0	0	0	0	0	0	0	0	0	0	0	0	0	0	0	0	0	0	0	0	0	0	0	6438	242	7114	0	0	0	0	0	0	0	0	0	0	0	0	0	0	0	0	0	0	0	0	0	0	0	0	0	0	0	0	0	0	0	0	0	0	0	0	0	0	0	0	0	0	
16088	Rectus_L	0	0	0	0	1816	0	0	0	1030	0	0	0	0	0	558	0	0	0	0	0	610	228	0	0	344	0	0	104	126	0	1782	156	0	0	0	0	0	0	0	0	0	0	0	0	0	0	0	0	0	0	0	0	0	0	0	0	0	0	0	0	0	0	0	0	0	0	0	0	0	0	340	136	814	0	0	0	0	0	0	0	0	0	0	0	0	0	0	0	0	0	0	0	0	0	0	0	0	0	0	0	0	0	0	0	0	0	0	0	0	0	0	0	0	0	0	0	
50276	Rectus_R	0	0	0	348	0	6316	0	0	0	368	0	0	0	0	0	848	0	0	0	90	422	1808	0	598	0	4512	104	0	0	1524	674	1890	0	0	0	0	0	0	0	0	0	0	0	0	0	0	0	0	0	0	0	0	0	0	0	0	0	0	0	0	0	0	0	0	0	0	0	0	0	0	388	2112	374	2762	0	0	0	0	0	0	0	0	0	0	0	0	0	0	0	0	0	0	0	0	0	0	0	0	0	0	0	0	0	0	0	0	0	0	0	0	0	0	0	0	0	0	
562984	Insula_L	15986	0	32854	1034	2708	0	12194	0	4270	0	31308	222	25518	0	15506	0	23816	0	19396	1228	1652	0	4120	516	0	0	126	0	0	0	4356	1080	122	0	2228	98	7936	144	358	0	410	0	1618	0	210	0	1458	0	222	0	3614	0	334	0	2126	0	4266	0	0	0	404	0	854	0	750	0	1890	0	736	0	2570	2156	15072	250	102	0	354	694	11522	0	7896	0	4322	0	6572	0	92	0	2222	0	0	0	0	0	0	0	0	0	0	0	0	0	0	0	0	0	0	0	0	0	0	0	0	0	0	0	
312832	Insula_R	486	1536	284	14288	0	4032	394	3306	0	230	0	14708	0	9266	0	6766	0	11494	578	4740	0	2100	142	7624	0	346	0	1524	0	0	560	8570	218	3060	546	888	218	5942	0	2438	0	312	0	122	0	0	0	106	0	0	0	0	0	0	0	4714	0	1096	0	0	0	358	0	344	0	0	0	642	398	0	158	2756	0	18414	0	128	1010	2014	0	3240	0	4272	0	2748	0	2098	0	96	0	4900	0	0	0	0	0	0	0	206	0	0	0	0	0	0	0	0	0	0	0	0	0	0	0	0	0	0	
332552	Cingulum_Ant_L	206	306	14260	5244	3340	248	5416	962	2230	0	1492	2156	5212	1216	5378	170	282	0	6990	5080	2018	2832	19962	3890	2274	1198	1782	674	4356	560	0	24446	4598	5012	844	0	0	0	0	0	0	0	0	0	0	0	0	0	0	0	0	0	0	0	0	0	0	350	0	0	0	480	0	410	0	0	0	0	0	0	6248	8040	11522	3898	374	320	0	0	0	0	0	0	0	0	0	0	0	0	0	0	0	0	0	0	0	0	0	0	0	0	0	0	0	0	0	0	0	0	0	0	0	0	0	0	0	0	
605788	Cingulum_Ant_R	446	716	7254	39494	242	2430	2876	7470	632	414	578	11484	1514	8638	1376	2970	116	1340	8496	18022	1058	2862	16430	41756	262	5566	156	1890	1080	8570	24446	0	3808	30278	0	0	0	874	0	356	0	0	0	0	0	0	0	0	0	0	0	0	0	0	0	314	0	450	0	0	0	634	0	506	0	0	0	0	0	0	3726	23450	3426	13036	460	384	0	88	0	0	0	0	0	408	0	0	0	0	0	112	0	0	0	0	0	0	0	0	0	0	0	0	0	0	0	0	0	0	0	0	0	0	0	0	0	0	
134252	Cingulum_Mid_L	826	0	3888	1596	118	0	118	626	538	0	0	194	122	592	1052	260	0	0	9566	3486	0	0	3358	650	0	0	0	0	122	218	4598	3808	0	8768	5160	224	0	0	0	0	0	0	0	360	186	308	0	0	362	114	1912	0	0	0	0	0	294	0	2012	0	910	0	0	0	154	0	4600	712	4222	0	0	90	0	0	0	0	714	0	0	0	0	0	0	0	196	92	0	0	0	0	0	0	0	0	0	0	0	0	0	0	0	0	0	0	0	0	0	0	0	0	0	0	0	0	0	0	
517560	Cingulum_Mid_R	4034	2542	8038	18324	0	276	800	8602	438	182	0	9036	360	7990	862	1828	0	706	14032	39658	0	0	9420	19972	0	0	0	0	0	3060	5012	30278	8768	0	2332	10296	0	202	0	0	0	0	0	4608	0	3244	0	1088	0	1540	0	1316	0	0	0	122	0	2674	0	0	0	558	0	688	0	0	670	15648	4638	9992	0	1128	0	818	0	0	0	0	0	0	0	88	0	0	0	2446	0	0	0	466	0	0	0	0	0	0	0	0	0	0	0	0	0	0	0	0	0	0	0	0	0	0	0	0	0	0	
237004	Cingulum_Post_L	7558	0	338	1090	0	0	2206	0	0	0	286	0	0	0	0	0	330	0	358	1656	0	0	0	0	0	0	0	0	2228	546	844	0	5160	2332	0	10456	12514	4992	3764	322	0	0	8424	330	1422	212	5472	92	954	0	1772	0	94	0	828	120	566	0	134	0	2444	0	1830	0	1136	0	12910	2780	6528	612	220	146	0	0	0	0	5424	2520	2698	0	102	0	0	0	554	104	0	0	740	0	90	0	0	0	0	0	0	0	110	0	0	0	0	0	0	0	0	0	0	0	154	0	0	0	0	0	
220428	Cingulum_Post_R	2812	720	264	2274	0	0	1034	0	0	0	0	100	0	0	0	0	0	0	270	7244	0	0	0	0	0	0	0	0	98	888	0	0	224	10296	10456	0	3944	10542	598	1878	0	0	0	2884	0	1020	0	5774	0	730	0	684	0	0	412	976	0	1042	0	0	0	0	0	0	0	0	868	15198	2746	5904	94	120	0	0	0	0	9310	6026	0	0	0	0	0	0	0	982	0	0	222	710	0	0	0	0	0	0	0	128	0	0	0	0	0	0	0	0	0	0	0	0	742	0	0	0	0	0	
265724	Hippocampus_L	8728	0	2278	856	0	0	3352	0	0	0	720	0	232	0	0	0	610	0	1398	740	88	0	0	0	0	0	0	0	7936	218	0	0	0	0	12514	3944	0	3594	14936	358	3488	0	4846	0	240	0	8458	246	0	0	462	0	324	0	11916	104	468	0	0	0	318	0	0	0	300	0	9100	362	1882	0	656	0	5026	0	566	0	6380	1686	3974	0	726	0	1160	0	1258	0	138	0	5720	0	204	0	0	0	0	0	0	0	250	0	0	0	0	0	0	0	0	0	0	102	0	0	0	0	0	0	
355344	Hippocampus_R	2144	1636	730	7648	0	128	1488	1078	0	0	0	1200	0	0	0	0	0	590	388	4842	0	0	0	854	0	90	0	0	144	5942	0	874	0	202	4992	10542	3594	0	590	33560	0	8780	0	594	0	0	0	5092	0	0	0	144	0	0	394	27864	0	190	0	0	0	0	0	0	0	0	320	5716	1578	370	258	486	90	11592	0	982	6530	8378	0	338	0	816	0	2822	0	1060	0	254	206	7438	0	0	0	0	0	0	0	1570	0	0	0	0	0	0	0	0	0	0	0	0	554	0	0	0	0	0	
107476	ParaHippocampal_L	1194	0	328	94	0	0	724	0	0	0	108	0	0	0	0	0	146	0	0	0	0	0	0	0	0	0	0	0	358	0	0	0	0	0	3764	598	14936	590	0	156	938	0	3122	0	104	0	8348	134	0	0	300	0	112	0	6368	0	0	0	0	0	174	0	0	0	188	0	5154	96	156	0	0	0	776	0	0	0	1978	236	396	0	0	0	228	0	136	0	0	0	1052	0	102	0	0	0	134	0	152	0	140	0	0	0	0	0	0	0	0	0	0	218	0	0	0	0	0	0	
249476	ParaHippocampal_R	244	136	0	2338	0	0	134	0	0	0	0	440	0	0	0	0	0	132	0	1108	0	0	0	388	0	0	0	0	0	2438	0	356	0	0	322	1878	358	33560	156	0	0	10354	0	1106	0	0	0	7626	0	122	0	348	0	426	0	28174	0	0	0	0	0	0	0	0	0	0	0	4554	144	0	0	134	0	7578	0	808	840	4430	0	0	0	324	0	5108	0	630	0	1936	0	3604	0	0	0	0	0	0	0	2356	0	0	0	0	0	0	0	0	0	0	0	0	148	0	0	0	0	0	
19304	Amygdala_L	0	0	0	0	88	0	0	0	0	0	0	0	0	0	0	0	0	0	0	0	186	0	0	0	0	0	0	0	410	0	0	0	0	0	0	0	3488	0	938	0	0	0	0	0	0	0	0	0	0	0	0	0	0	0	2800	0	0	0	0	0	0	0	0	0	0	0	0	0	0	0	0	0	504	0	0	0	0	0	0	0	0	0	460	0	0	0	0	0	778	0	0	0	0	0	0	0	0	0	0	0	0	0	0	0	0	0	0	0	0	0	0	0	0	0	0	0	
76872	Amygdala_R	0	0	0	602	0	0	0	0	0	0	0	0	0	0	0	0	0	0	0	0	0	0	0	0	0	0	0	0	0	312	0	0	0	0	0	0	0	8780	0	10354	0	0	0	0	0	0	0	0	0	0	0	0	0	0	0	8418	0	0	0	0	0	0	0	0	0	0	0	0	0	0	0	0	0	1154	0	0	0	910	0	0	0	172	0	4434	0	244	0	982	0	2074	0	0	0	0	0	0	0	0	0	0	0	0	0	0	0	0	0	0	0	0	0	0	0	0	0	0	
374952	Calcarine_L	2578	0	124	0	0	0	1010	0	0	0	278	0	0	0	0	0	512	0	0	0	0	0	0	0	0	0	0	0	1618	0	0	0	0	0	8424	0	4846	0	3122	0	0	0	0	11378	19642	8652	23382	4468	15020	3546	32080	968	5992	630	3236	430	262	0	614	152	1448	0	302	0	1588	0	20674	902	1398	0	0	0	0	0	0	0	0	0	2310	0	118	0	0	0	3908	0	0	0	662	0	188	104	0	0	0	0	88	0	376	200	0	0	0	0	0	0	0	0	0	0	0	246	0	0	0	0	
394552	Calcarine_R	0	546	0	0	0	0	0	0	0	0	0	242	0	0	0	0	0	0	0	962	0	0	0	0	0	0	0	0	0	122	0	0	360	4608	330	2884	0	594	0	1106	0	0	11378	0	5156	31744	1872	30852	382	25890	0	15018	0	3724	0	9968	0	1490	0	1316	0	0	0	0	0	198	1248	28240	120	2008	0	0	0	94	0	0	0	0	0	0	0	0	0	0	0	10600	0	0	0	3288	0	0	0	0	0	0	0	202	0	352	0	0	0	0	0	0	0	0	0	0	382	0	0	0	0	0	
219572	Cuneus_L	850	0	0	0	0	0	174	0	0	0	0	0	0	0	0	0	114	0	0	0	0	0	0	0	0	0	0	0	210	0	0	0	186	0	1422	0	240	0	104	0	0	0	19642	5156	0	9870	1134	366	27408	3078	16632	244	836	0	354	154	0	0	2290	0	190	0	94	0	176	0	13688	1802	1292	0	0	0	0	0	0	0	0	0	394	0	0	0	0	0	1596	0	0	0	90	0	0	0	0	0	0	0	0	0	0	0	0	0	0	0	0	0	0	0	0	0	0	0	0	0	0	0	
324432	Cuneus_R	0	90	0	0	0	0	0	0	0	0	0	0	0	0	0	0	0	0	0	262	0	0	0	0	0	0	0	0	0	0	0	0	308	3244	212	1020	0	0	0	0	0	0	8652	31744	9870	0	1004	7154	608	37956	0	17478	0	218	0	1138	0	1156	0	5004	0	0	0	0	0	382	3652	25786	0	936	0	0	0	0	0	0	0	0	0	0	0	0	0	0	0	3904	0	0	0	438	0	0	0	0	0	0	0	0	0	0	0	0	0	0	0	0	0	0	0	0	0	0	0	0	0	0	
362588	Lingual_L	2148	0	116	0	0	0	774	0	0	0	302	0	96	0	0	0	378	0	0	0	0	0	0	0	0	0	0	0	1458	0	0	0	0	0	5472	0	8458	0	8348	0	0	0	23382	1872	1134	1004	0	4146	2002	490	19200	90	8584	140	22016	484	206	0	0	0	528	0	108	0	534	0	10428	94	294	0	0	0	172	0	0	0	462	0	2036	0	0	0	0	0	1840	0	0	0	702	0	13828	840	2202	0	0	196	7680	1124	16188	1582	0	0	0	0	92	0	0	0	0	164	3898	4002	0	0	0	0	
420940	Lingual_R	0	230	0	320	0	0	0	0	0	0	0	92	0	0	0	0	0	0	0	728	0	0	0	0	0	0	0	0	0	106	0	0	0	1088	92	5774	246	5092	134	7626	0	0	4468	30852	366	7154	4146	0	0	7946	164	4524	228	6650	3084	25202	0	1052	0	432	0	0	0	0	0	0	232	12302	186	1774	0	0	0	0	0	0	288	618	0	0	0	0	0	0	0	990	0	0	0	1156	4324	4306	438	290	408	766	6414	10394	10368	12030	334	0	882	384	1444	326	0	0	0	420	11424	9048	310	0	208	610	
218256	Occipital_Sup_L	434	0	0	0	0	0	0	0	0	0	0	0	0	0	0	0	116	0	0	0	0	0	0	0	0	0	0	0	222	0	0	0	362	0	954	0	0	0	0	0	0	0	15020	382	27408	608	2002	0	0	0	32260	0	1116	0	316	0	0	0	7682	0	1844	0	118	0	568	0	13372	512	724	0	0	0	0	0	0	0	0	0	492	0	0	0	0	0	2348	0	0	0	268	0	0	0	0	0	0	0	0	0	0	0	0	0	0	0	0	0	0	0	0	0	0	0	0	0	0	0	
311004	Occipital_Sup_R	0	116	0	0	0	0	0	0	0	0	0	0	0	0	0	0	0	0	0	324	0	0	0	0	0	0	0	0	0	0	0	0	114	1540	0	730	0	0	0	122	0	0	3546	25890	3078	37956	490	7946	0	0	0	29764	0	512	0	1736	0	1360	0	7556	0	1000	0	604	0	2714	840	20194	0	1136	0	0	0	0	0	0	0	0	0	0	0	90	0	0	0	5478	0	0	0	666	0	0	0	0	0	0	0	0	0	0	0	0	0	0	0	0	0	0	0	0	0	0	0	0	0	0	
529780	Occipital_Mid_L	3144	0	0	0	0	0	94	0	0	0	0	0	0	0	0	0	1834	0	0	0	0	0	0	0	0	0	0	0	3614	0	0	0	1912	0	1772	0	462	0	300	0	0	0	32080	0	16632	0	19200	164	32260	0	0	0	18626	0	7450	0	1186	0	16134	0	15474	0	1252	0	21554	0	22852	162	2866	0	0	0	0	0	0	0	0	0	6078	0	804	0	0	0	30454	0	0	0	4844	0	178	130	0	0	0	0	202	0	526	170	0	0	0	0	0	0	0	0	0	0	156	324	0	0	0	0	
269764	Occipital_Mid_R	0	248	0	0	0	0	0	0	0	0	0	0	0	0	0	0	0	0	0	296	0	0	0	0	0	0	0	0	0	0	0	0	0	1316	0	684	0	144	0	348	0	0	968	15018	244	17478	90	4524	0	29764	0	0	0	3352	0	3934	0	1228	0	4104	0	5034	0	730	0	14238	364	13760	0	1076	0	0	0	0	0	0	0	0	0	0	0	566	0	0	0	13742	0	0	0	1522	0	0	0	0	0	0	0	110	0	0	0	0	0	0	0	0	0	0	0	0	0	0	0	0	0	0	
136148	Occipital_Inf_L	420	0	0	0	0	0	0	0	0	0	0	0	0	0	0	0	170	0	0	0	0	0	0	0	0	0	0	0	334	0	0	0	0	0	94	0	324	0	112	0	0	0	5992	0	836	0	8584	228	1116	0	18626	0	0	0	11720	0	0	0	0	0	0	0	0	0	128	0	822	0	274	0	0	0	0	0	0	0	0	0	1020	0	158	0	0	0	7702	0	0	0	6788	0	436	132	0	0	0	0	254	0	978	234	0	0	0	0	0	0	0	0	0	0	126	466	0	0	0	0	
68792	Occipital_Inf_R	0	0	0	0	0	0	0	0	0	0	0	0	0	0	0	0	0	0	0	0	0	0	0	0	0	0	0	0	0	0	0	0	0	0	0	0	0	0	0	426	0	0	630	3724	0	218	140	6650	0	512	0	3352	0	0	226	8998	0	0	0	0	0	0	0	0	0	0	0	88	0	0	0	0	0	0	0	0	0	0	0	0	0	0	0	0	0	552	0	0	0	2216	676	378	0	0	0	0	0	1098	848	2644	0	0	0	0	0	0	0	0	0	0	118	902	0	0	0	0	
348684	Fusiform_L	1440	0	202	0	0	0	320	0	0	0	0	0	0	0	0	0	284	0	0	0	0	0	0	0	0	0	0	0	2126	0	0	0	0	0	828	412	11916	394	6368	0	2800	0	3236	0	354	0	22016	3084	316	0	7450	0	11720	226	0	662	132	0	0	0	0	0	0	0	0	0	726	0	154	0	0	0	1136	0	0	0	1134	132	1672	0	532	0	1152	0	2640	0	630	0	10876	0	20838	1292	1850	122	144	138	10438	1282	27208	2424	960	0	1390	0	0	0	0	0	0	88	3546	5552	0	0	0	0	
492988	Fusiform_R	116	412	0	1588	0	0	156	0	0	0	0	368	0	0	0	0	0	128	0	874	0	0	0	316	0	0	0	0	0	4714	0	314	0	122	120	976	104	27864	0	28174	0	8418	430	9968	154	1138	484	25202	0	1736	0	3934	0	8998	662	0	0	0	0	0	0	0	0	0	0	0	0	2552	0	148	0	88	0	6314	0	360	252	1468	0	356	0	1088	0	8022	0	2756	0	4350	0	20352	2374	17840	550	524	0	558	524	14176	3124	24510	0	382	0	746	172	0	0	0	0	364	1752	3228	94	0	0	0	
236256	Postcentral_L	31064	0	6736	710	0	0	1914	0	0	0	6390	0	442	0	0	0	9394	0	5116	1014	0	0	0	0	0	0	0	0	4266	0	0	0	294	0	566	0	468	0	0	0	0	0	262	0	0	0	206	0	0	0	1186	0	0	0	132	0	0	0	4482	0	15284	0	5316	0	702	0	2898	0	6144	0	214	0	390	0	0	0	1388	1872	4016	0	4272	0	0	0	870	0	0	0	120	0	0	0	0	0	0	0	0	0	0	0	0	0	0	0	0	0	0	0	0	0	0	0	0	0	0	0	
159712	Postcentral_R	0	13434	286	790	0	0	122	422	0	0	0	2970	0	0	0	0	0	3656	294	1028	0	0	0	0	0	0	0	0	0	1096	350	450	0	2674	0	1042	0	190	0	0	0	0	0	1490	0	1156	0	1052	0	1360	0	1228	0	0	0	0	0	0	0	6340	0	8140	0	11964	0	186	822	8690	0	5220	312	0	0	646	0	0	0	0	0	626	0	376	0	0	0	416	0	0	0	1028	0	0	0	0	0	0	0	0	0	0	0	0	0	0	0	0	0	0	0	0	0	0	0	0	0	0	
143716	Parietal_Sup_L	376	0	0	0	0	0	0	0	0	0	0	0	0	0	0	0	112	0	0	0	0	0	0	0	0	0	0	0	0	0	0	0	2012	0	134	0	0	0	0	0	0	0	614	0	2290	0	0	0	7682	0	16134	0	0	0	0	0	4482	0	0	0	12696	0	396	0	4516	0	17762	158	1468	0	0	0	0	0	0	0	0	0	0	0	150	0	0	0	704	0	0	0	172	0	0	0	0	0	0	0	0	0	0	0	0	0	0	0	0	0	0	0	0	0	0	0	0	0	0	0	
92288	Parietal_Sup_R	0	0	0	0	0	0	0	0	0	0	0	128	0	0	0	0	0	0	0	0	0	0	0	0	0	0	0	0	0	0	0	0	0	0	0	0	0	0	0	0	0	0	152	1316	0	5004	0	432	0	7556	0	4104	0	0	0	0	0	6340	0	0	0	5542	0	1704	0	3288	966	8898	0	526	0	0	0	0	0	0	0	0	0	0	0	0	0	0	0	188	0	0	0	0	0	0	0	0	0	0	0	0	0	0	0	0	0	0	0	0	0	0	0	0	0	0	0	0	0	0	
219508	Parietal_Inf_L	2108	0	0	98	0	0	148	0	0	0	916	0	0	0	0	0	566	0	0	110	0	0	0	0	0	0	0	0	404	0	0	0	910	0	2444	0	318	0	174	0	0	0	1448	0	190	0	528	0	1844	0	15474	0	0	0	0	0	15284	0	12696	0	0	0	12528	0	21230	0	7880	0	1488	0	0	0	0	0	0	0	0	118	342	0	1346	0	0	0	6200	0	0	0	2962	0	0	0	0	0	0	0	0	0	0	0	0	0	0	0	0	0	0	0	0	0	0	0	0	0	0	0	
110684	Parietal_Inf_R	0	1554	92	248	0	0	0	398	0	0	0	1800	0	0	0	0	0	262	88	346	0	0	0	0	0	0	0	0	0	358	480	634	0	558	0	0	0	0	0	0	0	0	0	0	0	0	0	0	0	1000	0	5034	0	0	0	0	0	8140	0	5542	0	0	0	13558	0	11148	368	1438	0	238	0	0	0	478	0	0	0	0	0	0	0	258	0	0	0	1070	0	0	0	252	0	0	0	0	0	0	0	0	0	0	0	0	0	0	0	0	0	0	0	0	0	0	0	0	0	0	
98324	SupraMarginal_L	492	0	0	0	0	0	0	0	0	0	132	0	0	0	0	0	1770	0	0	0	0	0	0	0	0	0	0	0	854	0	0	0	0	0	1830	0	0	0	0	0	0	0	302	0	94	0	108	0	118	0	1252	0	0	0	0	0	5316	0	396	0	12528	0	0	0	4950	0	1970	0	194	0	0	0	0	0	0	0	0	0	418	0	5794	0	0	0	7996	0	0	0	2648	0	0	0	0	0	0	0	0	0	0	0	0	0	0	0	0	0	0	0	0	0	0	0	0	0	0	0	
103032	SupraMarginal_R	0	1560	0	256	0	0	0	260	0	0	0	1174	0	0	0	0	0	2292	0	284	0	0	0	0	0	0	0	0	0	344	410	506	0	688	0	0	0	0	0	0	0	0	0	0	0	0	0	0	0	604	0	730	0	0	0	0	0	11964	0	1704	0	13558	0	0	0	3148	548	1912	0	122	0	0	0	208	0	0	0	0	0	232	0	4154	0	0	0	4594	0	0	0	264	0	0	0	0	0	0	0	0	0	0	0	0	0	0	0	0	0	0	0	0	0	0	0	0	0	0	
169772	Angular_L	678	0	0	0	0	0	0	0	0	0	108	0	0	0	0	0	408	0	0	0	0	0	0	0	0	0	0	0	750	0	0	0	154	0	1136	0	300	0	188	0	0	0	1588	0	176	0	534	0	568	0	21554	0	128	0	0	0	702	0	4516	0	21230	0	4950	0	0	0	5942	0	166	0	0	0	0	0	0	0	0	0	786	0	3106	0	0	0	11524	0	0	0	3694	0	0	0	0	0	0	0	0	0	0	0	0	0	0	0	0	0	0	0	0	0	0	0	0	0	0	0	
89908	Angular_R	0	0	0	0	0	0	0	0	0	0	0	98	0	0	0	0	0	0	0	0	0	0	0	0	0	0	0	0	0	0	0	0	0	0	0	0	0	0	0	0	0	0	0	198	0	382	0	0	0	2714	0	14238	0	0	0	0	0	186	0	3288	0	11148	0	3148	0	0	0	494	0	88	0	0	0	0	0	0	0	0	0	0	0	2812	0	0	0	6058	0	0	0	102	0	0	0	0	0	0	0	0	0	0	0	0	0	0	0	0	0	0	0	0	0	0	0	0	0	0	
390480	Precuneus_L	4084	210	230	90	0	0	1400	0	0	0	296	0	0	0	0	0	694	96	0	304	0	0	0	0	0	0	0	0	1890	0	0	0	4600	670	12910	868	9100	320	5154	0	0	0	20674	1248	13688	3652	10428	232	13372	840	22852	364	822	0	726	0	2898	822	17762	966	7880	368	1970	548	5942	0	0	11234	4158	564	0	0	0	0	0	0	266	0	2476	0	464	148	0	0	2886	786	0	0	802	486	0	0	0	0	0	0	0	0	0	0	0	0	0	0	0	0	0	0	0	0	0	0	0	0	0	0	
447180	Precuneus_R	190	2154	0	134	0	0	124	0	0	0	0	1098	0	0	0	0	0	498	0	3240	0	0	0	0	0	0	0	0	0	642	0	0	712	15648	2780	15198	362	5716	96	4554	0	0	902	28240	1802	25786	94	12302	512	20194	162	13760	0	88	0	2552	0	8690	158	8898	0	1438	0	1912	0	494	11234	0	558	8778	0	0	0	394	0	0	966	1144	0	124	0	342	0	0	0	12546	0	0	0	4962	0	0	0	0	0	0	0	576	0	0	0	0	0	0	0	0	0	0	0	0	836	0	0	0	0	0	
229876	Paracentral_Lobule_L	34778	2838	1812	3568	0	0	1782	0	0	0	0	0	0	0	0	0	520	0	4258	10718	0	0	0	0	0	0	0	0	736	398	0	0	4222	4638	6528	2746	1882	1578	156	144	0	0	1398	120	1292	0	294	186	724	0	2866	0	274	0	154	0	6144	0	1468	0	1488	0	194	0	166	0	4158	558	0	3296	230	174	0	0	0	0	2002	2280	398	0	0	0	0	0	1622	0	0	0	150	0	0	0	0	0	0	0	0	0	0	0	0	0	0	0	0	0	0	0	0	0	0	0	0	0	0	0	
143152	Paracentral_Lobule_R	1856	5432	0	188	0	0	0	0	0	0	0	0	0	0	0	0	0	100	472	15252	0	0	0	0	0	0	0	0	0	0	0	0	0	9992	612	5904	0	370	0	0	0	0	0	2008	0	936	0	1774	0	1136	0	1076	0	0	0	148	0	5220	0	526	0	238	0	122	0	88	564	8778	3296	0	0	0	0	0	0	0	0	102	0	0	0	0	0	0	0	3338	0	0	0	2048	0	0	0	0	0	0	0	0	0	0	0	0	0	0	0	0	0	0	0	0	0	0	0	0	0	0	
272724	Caudate_L	3662	1728	10386	2828	668	0	3728	618	0	0	544	250	594	0	600	0	100	126	12930	3356	4640	7202	290	222	242	0	340	388	2570	158	6248	3726	0	0	220	94	656	258	0	0	0	0	0	0	0	0	0	0	0	0	0	0	0	0	0	0	214	312	0	0	0	0	0	0	0	0	0	0	230	0	0	17300	26126	4240	7098	2398	8182	730	160	0	0	0	0	0	0	0	0	0	0	0	0	0	0	0	0	0	0	0	0	0	0	0	0	0	0	0	0	0	0	0	0	0	0	0	0	0	
423848	Caudate_R	788	0	3074	24570	306	3092	808	122	0	130	1176	1948	1290	474	468	510	96	748	7284	23966	3394	7330	696	14162	0	6438	136	2112	2156	2756	8040	23450	90	1128	146	120	0	486	0	134	0	0	0	0	0	0	0	0	0	0	0	0	0	0	0	88	0	0	0	0	0	0	0	0	0	0	0	0	174	0	17300	0	9892	19936	3140	4550	1628	11220	0	0	0	0	0	372	0	0	0	0	0	0	0	0	0	0	0	0	0	0	0	0	0	0	0	0	0	0	0	0	0	0	0	0	0	0	0	0	
332108	Putamen_L	1928	1068	16856	978	3416	0	1898	226	622	0	1018	0	852	0	6460	0	642	0	17950	1518	4060	6132	3608	214	418	242	814	374	15072	0	11522	3426	0	0	0	0	5026	90	776	0	504	0	0	0	0	0	172	0	0	0	0	0	0	0	1136	0	390	0	0	0	0	0	0	0	0	0	0	0	0	0	26126	9892	0	2876	10232	1758	1714	1942	186	0	916	0	366	0	110	0	0	0	528	0	0	0	0	0	0	0	0	0	0	0	0	0	0	0	0	0	0	0	0	0	0	0	0	0	0	0	
371860	Putamen_R	382	2288	816	21868	0	4810	932	1456	0	192	96	6548	0	496	0	1318	0	3084	888	13694	858	2534	572	10356	0	7114	0	2762	250	18414	3898	13036	0	818	0	0	0	11592	0	7578	0	1154	0	94	0	0	0	0	0	0	0	0	0	0	0	6314	0	646	0	0	0	478	0	208	0	0	0	394	0	0	4240	19936	2876	0	606	5120	0	1756	0	150	0	294	0	1232	0	274	0	128	0	938	0	0	0	0	0	0	0	442	0	0	0	0	0	0	0	0	0	0	0	0	0	0	0	0	0	0	
74340	Pallidum_L	0	1174	452	804	0	0	0	190	0	0	0	0	0	0	0	0	0	0	5990	1178	200	1516	94	0	0	0	0	0	102	0	374	460	0	0	0	0	566	0	0	0	0	0	0	0	0	0	0	0	0	0	0	0	0	0	0	0	0	0	0	0	0	0	0	0	0	0	0	0	0	0	7098	3140	10232	606	0	906	1528	560	0	0	0	0	0	0	0	0	0	0	0	0	0	0	0	0	0	0	0	0	0	0	0	0	0	0	0	0	0	0	0	0	0	0	0	0	0	0	
55616	Pallidum_R	0	0	0	3482	0	0	0	0	0	0	0	0	0	0	0	0	0	0	720	4394	260	960	0	0	0	0	0	0	0	128	320	384	0	0	0	0	0	982	0	808	0	0	0	0	0	0	0	0	0	0	0	0	0	0	0	360	0	0	0	0	0	0	0	0	0	0	0	0	0	0	2398	4550	1758	5120	906	0	0	278	0	0	0	0	0	0	0	0	0	0	0	0	0	0	0	0	0	0	0	0	0	0	0	0	0	0	0	0	0	0	0	0	0	0	0	0	0	0	
187188	Thalamus_L	7336	0	7222	2404	0	0	3938	0	0	0	610	0	0	0	0	0	160	0	3386	1262	0	0	0	0	0	0	0	0	354	1010	0	0	714	0	5424	9310	6380	6530	1978	840	0	0	0	0	0	0	462	288	0	0	0	0	0	0	1134	252	1388	0	0	0	0	0	0	0	0	0	266	966	2002	0	8182	1628	1714	0	1528	0	0	14224	134	0	126	0	0	0	0	0	0	0	342	0	0	0	0	0	0	0	0	0	100	0	0	0	0	0	0	0	0	0	0	0	0	0	0	0	0	0	
223448	Thalamus_R	5904	422	2052	19338	0	0	1234	156	0	0	116	450	0	0	0	0	96	384	382	15190	0	212	0	0	0	0	0	0	694	2014	0	88	0	0	2520	6026	1686	8378	236	4430	0	910	0	0	0	0	0	618	0	0	0	0	0	0	132	1468	1872	0	0	0	118	0	0	0	0	0	0	1144	2280	102	730	11220	1942	1756	560	278	14224	0	0	0	0	0	0	136	0	0	0	96	0	0	0	0	0	0	0	0	0	130	0	0	0	0	0	0	0	0	0	0	0	0	0	0	0	0	0	0	
161396	Heschl_L	9508	0	1756	0	0	0	276	0	0	0	1714	0	376	0	0	0	8128	0	1696	0	0	0	0	0	0	0	0	0	11522	0	0	0	0	0	2698	0	3974	0	396	0	0	0	2310	0	394	0	2036	0	492	0	6078	0	1020	0	1672	0	4016	0	0	0	342	0	418	0	786	0	2476	0	398	0	160	0	186	0	0	0	134	0	0	0	5272	0	0	0	8252	0	0	0	2212	0	0	0	0	0	0	0	0	0	0	0	0	0	0	0	0	0	0	0	0	0	0	0	0	0	0	0	
45156	Heschl_R	0	216	0	268	0	0	0	0	0	0	0	628	0	0	0	0	0	4854	0	282	0	0	0	0	0	0	0	0	0	3240	0	0	0	0	0	0	0	338	0	0	0	0	0	0	0	0	0	0	0	0	0	0	0	0	0	356	0	626	0	0	0	0	0	232	0	0	0	124	0	0	0	0	0	150	0	0	0	0	0	0	0	5668	0	0	0	2940	0	0	0	2656	0	0	0	0	0	0	0	0	0	0	0	0	0	0	0	0	0	0	0	0	0	0	0	0	0	0	
170160	Temporal_Sup_L	3680	0	2708	0	0	0	472	0	0	0	1910	0	100	0	0	0	8198	0	2318	0	0	0	0	0	0	0	0	0	7896	0	0	0	0	0	102	0	726	0	0	0	0	0	118	0	0	0	0	0	0	0	804	0	158	0	532	0	4272	0	150	0	1346	0	5794	0	3106	0	464	0	0	0	0	0	916	0	0	0	126	0	5272	0	0	0	1146	0	23056	0	0	0	9710	0	0	0	0	0	0	0	0	0	0	0	0	0	0	0	0	0	0	0	0	0	0	0	0	0	0	0	
103196	Temporal_Sup_R	0	128	0	404	0	0	0	0	0	0	0	638	0	0	0	0	0	2436	0	286	0	0	0	0	0	0	0	0	0	4272	0	0	0	88	0	0	0	816	0	324	0	172	0	0	0	0	0	0	0	90	0	566	0	0	0	1088	0	376	0	0	0	258	0	4154	0	2812	148	342	0	0	0	0	0	294	0	0	0	0	0	5668	0	0	0	2938	0	16358	0	628	0	6314	0	0	0	0	0	0	0	0	0	0	0	0	0	0	0	0	0	0	0	0	0	0	0	0	0	0	
47824	Temporal_Pole_Sup_L	442	0	1894	0	96	0	874	0	0	0	2886	0	0	0	162	0	2972	0	1490	0	316	0	0	0	0	0	0	0	4322	0	0	0	0	0	0	0	1160	0	228	0	460	0	0	0	0	0	0	0	0	0	0	0	0	0	1152	0	0	0	0	0	0	0	0	0	0	0	0	0	0	0	0	0	366	0	0	0	0	0	0	0	1146	0	0	0	1526	0	1128	0	1292	0	0	0	0	0	0	0	0	0	0	0	0	0	0	0	0	0	0	0	0	0	0	0	0	0	0	0	
91868	Temporal_Pole_Sup_R	0	0	0	1156	0	0	0	0	0	0	0	1694	0	0	0	152	0	1656	0	572	0	0	0	412	0	0	0	0	0	2748	0	408	0	0	0	0	0	2822	0	5108	0	4434	0	0	0	0	0	0	0	0	0	0	0	0	0	8022	0	0	0	0	0	0	0	0	0	0	0	0	0	0	0	372	0	1232	0	0	0	136	0	0	0	2938	0	0	0	3224	0	5618	0	3230	0	0	0	0	0	0	0	0	0	0	0	0	0	0	0	0	0	0	0	0	0	0	0	0	0	0	
315396	Temporal_Mid_L	3006	0	0	0	0	0	0	0	0	0	0	0	0	0	0	0	2310	0	90	0	0	0	0	0	0	0	0	0	6572	0	0	0	196	0	554	0	1258	0	136	0	0	0	3908	0	1596	0	1840	0	2348	0	30454	0	7702	0	2640	0	870	0	704	0	6200	0	7996	0	11524	0	2886	0	1622	0	0	0	110	0	0	0	0	0	8252	0	23056	0	1526	0	0	0	866	0	27476	0	0	0	0	0	0	0	0	0	0	0	0	0	0	0	0	0	0	0	0	0	0	0	0	0	0	0	
258064	Temporal_Mid_R	0	3206	0	370	0	0	0	0	0	0	0	0	0	0	0	0	0	154	0	1172	0	0	0	0	0	0	0	0	0	2098	0	0	92	2446	104	982	0	1060	0	630	0	244	0	10600	0	3904	0	990	0	5478	0	13742	0	552	0	2756	0	416	0	188	0	1070	0	4594	0	6058	786	12546	0	3338	0	0	0	274	0	0	0	0	0	2940	0	16358	0	3224	0	0	0	3160	0	23500	0	0	0	0	0	0	0	0	0	0	0	0	0	0	0	0	0	0	0	0	0	0	0	0	0	0	
8012	Temporal_Pole_Mid_L	0	0	0	0	0	0	0	0	0	0	0	0	0	0	0	0	0	0	0	0	0	0	0	0	0	0	0	0	92	0	0	0	0	0	0	0	138	0	0	0	0	0	0	0	0	0	0	0	0	0	0	0	0	0	630	0	0	0	0	0	0	0	0	0	0	0	0	0	0	0	0	0	0	0	0	0	0	0	0	0	0	0	1128	0	866	0	0	0	1152	0	0	0	0	0	0	0	0	0	0	0	0	0	0	0	0	0	0	0	0	0	0	0	0	0	0	0	
42328	Temporal_Pole_Mid_R	0	0	0	0	0	0	0	0	0	0	0	0	0	0	0	0	0	0	0	0	0	0	0	0	0	0	0	0	0	96	0	0	0	0	0	0	0	254	0	1936	0	982	0	0	0	0	0	0	0	0	0	0	0	0	0	4350	0	0	0	0	0	0	0	0	0	0	0	0	0	0	0	0	0	128	0	0	0	96	0	0	0	628	0	5618	0	3160	0	0	0	3916	0	0	0	0	0	0	0	0	0	0	0	0	0	0	0	0	0	0	0	0	0	0	0	0	0	0	
189572	Temporal_Inf_L	512	0	0	0	0	0	126	0	0	0	0	0	0	0	0	0	976	0	0	0	0	0	0	0	0	0	0	0	2222	0	0	0	0	0	740	222	5720	206	1052	0	778	0	662	0	90	0	702	0	268	0	4844	0	6788	0	10876	0	120	0	172	0	2962	0	2648	0	3694	0	802	0	150	0	0	0	528	0	0	0	342	0	2212	0	9710	0	1292	0	27476	0	1152	0	0	0	2066	0	1078	0	0	0	0	0	760	0	402	0	436	0	0	0	0	0	0	0	0	0	0	0	0	0	
216372	Temporal_Inf_R	0	2862	96	860	0	0	202	102	0	0	0	252	0	0	0	0	0	172	0	972	0	0	0	0	0	0	0	0	0	4900	0	112	0	466	0	710	0	7438	0	3604	0	2074	0	3288	0	438	0	1156	0	666	0	1522	0	2216	0	20352	0	1028	0	0	0	252	0	264	0	102	486	4962	0	2048	0	0	0	938	0	0	0	0	0	2656	0	6314	0	3230	0	23500	0	3916	0	0	0	2586	0	624	0	0	0	0	0	326	0	182	0	312	0	0	0	0	0	0	0	0	0	0	0	0	
519192	Cerebelum_Crus1_L	0	0	0	0	0	0	0	0	0	0	0	0	0	0	0	0	0	0	0	0	0	0	0	0	0	0	0	0	0	0	0	0	0	0	90	0	204	0	102	0	0	0	188	0	0	0	13828	4324	0	0	178	0	436	676	20838	2374	0	0	0	0	0	0	0	0	0	0	0	0	0	0	0	0	0	0	0	0	0	0	0	0	0	0	0	0	0	0	0	0	2066	0	0	10724	37144	7906	770	224	14844	1732	56926	12102	14536	2628	20906	2676	2092	280	668	0	0	100	3814	14108	9634	0	382	96	
446500	Cerebelum_Crus1_R	0	0	0	0	0	0	0	0	0	0	0	0	0	0	0	0	0	0	0	0	0	0	0	0	0	0	0	0	0	0	0	0	0	0	0	0	0	0	0	0	0	0	104	0	0	0	840	4306	0	0	130	0	132	378	1292	17840	0	0	0	0	0	0	0	0	0	0	0	0	0	0	0	0	0	0	0	0	0	0	0	0	0	0	0	0	0	0	0	0	0	2586	10724	0	6210	38094	0	1920	660	13484	9850	50384	3354	9512	3876	24340	222	1442	106	270	0	648	1276	10304	8596	238	132	0	
303032	Cerebelum_Crus2_L	0	0	0	0	0	0	0	0	0	0	0	0	0	0	0	0	0	0	0	0	0	0	0	0	0	0	0	0	0	0	0	0	0	0	0	0	0	0	0	0	0	0	0	0	0	0	2202	438	0	0	0	0	0	0	1850	550	0	0	0	0	0	0	0	0	0	0	0	0	0	0	0	0	0	0	0	0	0	0	0	0	0	0	0	0	0	0	0	0	1078	0	37144	6210	0	10100	94	0	958	162	12394	4334	23664	3824	22416	2516	2492	216	324	0	0	0	210	4712	12214	898	404	112	
329304	Cerebelum_Crus2_R	0	0	0	0	0	0	0	0	0	0	0	0	0	0	0	0	0	0	0	0	0	0	0	0	0	0	0	0	0	0	0	0	0	0	0	0	0	0	0	0	0	0	0	0	0	0	0	290	0	0	0	0	0	0	122	524	0	0	0	0	0	0	0	0	0	0	0	0	0	0	0	0	0	0	0	0	0	0	0	0	0	0	0	0	0	0	0	0	0	624	7906	38094	10100	0	0	0	134	142	4602	11270	9694	19624	8718	28458	142	1628	0	216	0	0	0	4564	15636	2018	146	0	
31368	Cerebelum_3_L	0	0	0	0	0	0	0	0	0	0	0	0	0	0	0	0	0	0	0	0	0	0	0	0	0	0	0	0	0	0	0	0	0	0	0	0	0	0	134	0	0	0	0	0	0	0	0	408	0	0	0	0	0	0	144	0	0	0	0	0	0	0	0	0	0	0	0	0	0	0	0	0	0	0	0	0	0	0	0	0	0	0	0	0	0	0	0	0	0	0	770	0	94	0	0	154	5458	158	1698	464	0	0	394	0	238	0	0	0	1236	2028	1776	530	0	0	0	0	
43296	Cerebelum_3_R	0	0	0	0	0	0	0	0	0	0	0	0	0	0	0	0	0	0	0	0	0	0	0	0	0	0	0	0	0	0	0	0	0	0	0	0	0	0	0	0	0	0	0	0	0	0	196	766	0	0	0	0	0	0	138	558	0	0	0	0	0	0	0	0	0	0	0	0	0	0	0	0	0	0	0	0	0	0	0	0	0	0	0	0	0	0	0	0	0	0	224	1920	0	0	154	0	1344	4996	692	2726	0	0	0	0	238	816	0	0	654	2072	2296	744	0	0	616	498	
258620	Cerebelum_4_5_L	0	0	0	0	0	0	0	0	0	0	0	0	0	0	0	0	0	0	0	0	0	0	0	0	0	0	0	0	0	0	0	0	0	0	0	0	0	0	152	0	0	0	88	0	0	0	7680	6414	0	0	202	0	254	0	10438	524	0	0	0	0	0	0	0	0	0	0	0	0	0	0	0	0	0	0	0	0	0	0	0	0	0	0	0	0	0	0	0	0	0	0	14844	660	958	134	5458	1344	0	6306	28120	4092	1042	0	3274	504	4552	1162	486	104	1188	1952	18630	5012	486	0	1148	2102	
219820	Cerebelum_4_5_R	0	0	0	106	0	0	0	0	0	0	0	0	0	0	0	0	0	0	0	0	0	0	0	0	0	0	0	0	0	206	0	0	0	0	0	128	0	1570	0	2356	0	0	0	202	0	0	1124	10394	0	0	0	110	0	1098	1282	14176	0	0	0	0	0	0	0	0	0	0	0	576	0	0	0	0	0	442	0	0	0	130	0	0	0	0	0	0	0	0	0	0	0	0	1732	13484	162	142	158	4996	6306	0	4114	22286	188	0	524	292	1036	990	0	100	298	1986	13114	2398	126	0	556	1022	
574124	Cerebelum_6_L	0	0	0	0	0	0	0	0	0	0	0	0	0	0	0	0	0	0	0	0	0	0	0	0	0	0	0	0	0	0	0	0	0	0	110	0	250	0	140	0	0	0	376	0	0	0	16188	10368	0	0	526	0	978	848	27208	3124	0	0	0	0	0	0	0	0	0	0	0	0	0	0	0	0	0	0	0	0	100	0	0	0	0	0	0	0	0	0	0	0	760	0	56926	9850	12394	4602	1698	692	28120	4114	0	21222	7108	2170	13698	6968	3372	1042	1356	304	126	436	10744	28570	7976	302	1502	794	
480780	Cerebelum_6_R	0	0	0	0	0	0	0	0	0	0	0	0	0	0	0	0	0	0	0	0	0	0	0	0	0	0	0	0	0	0	0	0	0	0	0	0	0	0	0	0	0	0	200	352	0	0	1582	12030	0	0	170	0	234	2644	2424	24510	0	0	0	0	0	0	0	0	0	0	0	0	0	0	0	0	0	0	0	0	0	0	0	0	0	0	0	0	0	0	0	0	0	326	12102	50384	4334	11270	464	2726	4092	22286	21222	0	2688	4204	5296	11334	1806	746	330	1080	0	1314	5548	22934	8048	382	602	726	
248864	Cerebelum_7b_L	0	0	0	0	0	0	0	0	0	0	0	0	0	0	0	0	0	0	0	0	0	0	0	0	0	0	0	0	0	0	0	0	0	0	0	0	0	0	0	0	0	0	0	0	0	0	0	334	0	0	0	0	0	0	960	0	0	0	0	0	0	0	0	0	0	0	0	0	0	0	0	0	0	0	0	0	0	0	0	0	0	0	0	0	0	0	0	0	402	0	14536	3354	23664	9694	0	0	1042	188	7108	2688	0	6244	27918	5526	2924	120	276	0	0	0	394	2910	11986	1922	242	0	
179596	Cerebelum_7b_R	0	0	0	0	0	0	0	0	0	0	0	0	0	0	0	0	0	0	0	0	0	0	0	0	0	0	0	0	0	0	0	0	0	0	0	0	0	0	0	0	0	0	0	0	0	0	0	0	0	0	0	0	0	0	0	382	0	0	0	0	0	0	0	0	0	0	0	0	0	0	0	0	0	0	0	0	0	0	0	0	0	0	0	0	0	0	0	0	0	182	2628	9512	3824	19624	0	0	0	0	2170	4204	6244	0	6556	20192	98	1170	0	0	0	0	0	2320	8472	2220	0	0	
331436	Cerebelum_8_L	0	0	0	0	0	0	0	0	0	0	0	0	0	0	0	0	0	0	0	0	0	0	0	0	0	0	0	0	0	0	0	0	0	0	0	0	0	0	0	0	0	0	0	0	0	0	0	882	0	0	0	0	0	0	1390	0	0	0	0	0	0	0	0	0	0	0	0	0	0	0	0	0	0	0	0	0	0	0	0	0	0	0	0	0	0	0	0	0	436	0	20906	3876	22416	8718	394	0	3274	524	13698	5296	27918	6556	0	10278	10562	252	1538	0	0	0	1152	6790	13446	4136	1134	146	
303080	Cerebelum_8_R	0	0	0	0	0	0	0	0	0	0	0	0	0	0	0	0	0	0	0	0	0	0	0	0	0	0	0	0	0	0	0	0	0	0	0	0	0	0	0	0	0	0	0	0	0	0	0	384	0	0	0	0	0	0	0	746	0	0	0	0	0	0	0	0	0	0	0	0	0	0	0	0	0	0	0	0	0	0	0	0	0	0	0	0	0	0	0	0	0	312	2676	24340	2516	28458	0	0	504	292	6968	11334	5526	20192	10278	0	544	8606	458	600	0	0	322	8332	12964	4406	782	0	
88732	Cerebelum_9_L	0	0	0	0	0	0	0	0	0	0	0	0	0	0	0	0	0	0	0	0	0	0	0	0	0	0	0	0	0	0	0	0	0	0	0	0	0	0	0	0	0	0	0	0	0	0	92	1444	0	0	0	0	0	0	0	172	0	0	0	0	0	0	0	0	0	0	0	0	0	0	0	0	0	0	0	0	0	0	0	0	0	0	0	0	0	0	0	0	0	0	2092	222	2492	142	238	238	4552	1036	3372	1806	2924	98	10562	544	0	642	3540	0	0	154	2642	2360	542	634	1240	586	
65264	Cerebelum_9_R	0	0	0	0	0	0	0	0	0	0	0	0	0	0	0	0	0	0	0	0	0	0	0	0	0	0	0	0	0	0	0	0	0	0	0	0	0	0	0	0	0	0	0	0	0	0	0	326	0	0	0	0	0	0	0	0	0	0	0	0	0	0	0	0	0	0	0	0	0	0	0	0	0	0	0	0	0	0	0	0	0	0	0	0	0	0	0	0	0	0	280	1442	216	1628	0	816	1162	990	1042	746	120	1170	252	8606	642	0	0	1986	152	490	1664	2498	724	850	3242	1588	
20540	Cerebelum_10_L	0	0	0	0	0	0	0	0	0	0	0	0	0	0	0	0	0	0	0	0	0	0	0	0	0	0	0	0	0	0	0	0	0	0	0	0	0	0	0	0	0	0	0	0	0	0	0	0	0	0	0	0	0	0	0	0	0	0	0	0	0	0	0	0	0	0	0	0	0	0	0	0	0	0	0	0	0	0	0	0	0	0	0	0	0	0	0	0	0	0	668	106	324	0	0	0	486	0	1356	330	276	0	1538	458	3540	0	0	0	0	0	98	672	418	0	0	0	
13540	Cerebelum_10_R	0	0	0	0	0	0	0	0	0	0	0	0	0	0	0	0	0	0	0	0	0	0	0	0	0	0	0	0	0	0	0	0	0	0	0	0	0	0	0	0	0	0	0	0	0	0	0	0	0	0	0	0	0	0	0	0	0	0	0	0	0	0	0	0	0	0	0	0	0	0	0	0	0	0	0	0	0	0	0	0	0	0	0	0	0	0	0	0	0	0	0	270	0	216	0	0	104	100	304	1080	0	0	0	600	0	1986	0	0	0	0	178	512	514	342	456	108	
19808	Vermis_1_2	0	0	0	0	0	0	0	0	0	0	0	0	0	0	0	0	0	0	0	0	0	0	0	0	0	0	0	0	0	0	0	0	0	0	0	0	0	0	0	0	0	0	0	0	0	0	0	0	0	0	0	0	0	0	0	0	0	0	0	0	0	0	0	0	0	0	0	0	0	0	0	0	0	0	0	0	0	0	0	0	0	0	0	0	0	0	0	0	0	0	0	0	0	0	1236	654	1188	298	126	0	0	0	0	0	0	152	0	0	0	4058	1928	140	0	0	124	0	
40936	Vermis_3	0	0	0	0	0	0	0	0	0	0	0	0	0	0	0	0	0	0	0	0	0	0	0	0	0	0	0	0	0	0	0	0	0	0	0	0	102	0	218	0	0	0	0	0	0	0	164	420	0	0	0	0	0	0	88	364	0	0	0	0	0	0	0	0	0	0	0	0	0	0	0	0	0	0	0	0	0	0	0	0	0	0	0	0	0	0	0	0	0	0	100	648	0	0	2028	2072	1952	1986	436	1314	0	0	0	0	154	490	0	0	4058	0	2754	462	0	0	394	264	
201668	Vermis_4_5	0	0	0	0	0	0	0	0	0	0	0	0	0	0	0	0	0	0	0	0	0	0	0	0	0	0	0	0	0	0	0	0	0	0	154	742	0	554	0	148	0	0	0	382	0	0	3898	11424	0	0	156	0	126	118	3546	1752	0	0	0	0	0	0	0	0	0	0	0	836	0	0	0	0	0	0	0	0	0	0	0	0	0	0	0	0	0	0	0	0	0	0	3814	1276	210	0	1776	2296	18630	13114	10744	5548	394	0	1152	322	2642	1664	98	178	1928	2754	0	4926	288	0	828	2416	
330440	Vermis_6	0	0	0	0	0	0	0	0	0	0	0	0	0	0	0	0	0	0	0	0	0	0	0	0	0	0	0	0	0	0	0	0	0	0	0	0	0	0	0	0	0	0	246	0	0	0	4002	9048	0	0	324	0	466	902	5552	3228	0	0	0	0	0	0	0	0	0	0	0	0	0	0	0	0	0	0	0	0	0	0	0	0	0	0	0	0	0	0	0	0	0	0	14108	10304	4712	4564	530	744	5012	2398	28570	22934	2910	2320	6790	8332	2360	2498	672	512	140	462	4926	0	9168	922	2814	2750	
