data	data	450920	178420	1.05869e+06	878364	91860	92652	549468	398416	51732	49652	190812	219056	342192	205084	154504	168928	264856	100504	816716	863480	59308	67776	276316	301692	41532	70712	32652	58508	817500	437648	227940	348212	114780	419252	172480	156720	224236	392008	110592	231092	25600	41296	185232	293060	148872	211372	255408	273380	203172	170228	434364	179340	193980	59572	290536	351960	347300	106292	195376	35736	338732	96688	169744	120724	177472	126124	179548	267484	229972	133460	204284	558076	318944	321168	66276	22924	124752	324012	99656	31740	179640	92864	81064	43140	353136	178300	24408	21124	359676	176104	425048	448060	426588	302644	21680	36400	258152	155740	385176	471488	311160	171752	364456	317300	131292	121528	25416	6628	28276	45056	208848	165576	223604	143232	94844	21768	
data	data	Precentral_L	Precentral_R	Frontal_Sup_L	Frontal_Sup_R	Frontal_Sup_Orb_L	Frontal_Sup_Orb_R	Frontal_Mid_L	Frontal_Mid_R	Frontal_Mid_Orb_L	Frontal_Mid_Orb_R	Frontal_Inf_Oper_L	Frontal_Inf_Oper_R	Frontal_Inf_Tri_L	Frontal_Inf_Tri_R	Frontal_Inf_Orb_L	Frontal_Inf_Orb_R	Rolandic_Oper_L	Rolandic_Oper_R	Supp_Motor_Area_L	Supp_Motor_Area_R	Olfactory_L	Olfactory_R	Frontal_Sup_Medial_L	Frontal_Sup_Medial_R	Frontal_Med_Orb_L	Frontal_Med_Orb_R	Rectus_L	Rectus_R	Insula_L	Insula_R	Cingulum_Ant_L	Cingulum_Ant_R	Cingulum_Mid_L	Cingulum_Mid_R	Cingulum_Post_L	Cingulum_Post_R	Hippocampus_L	Hippocampus_R	ParaHippocampal_L	ParaHippocampal_R	Amygdala_L	Amygdala_R	Calcarine_L	Calcarine_R	Cuneus_L	Cuneus_R	Lingual_L	Lingual_R	Occipital_Sup_L	Occipital_Sup_R	Occipital_Mid_L	Occipital_Mid_R	Occipital_Inf_L	Occipital_Inf_R	Fusiform_L	Fusiform_R	Postcentral_L	Postcentral_R	Parietal_Sup_L	Parietal_Sup_R	Parietal_Inf_L	Parietal_Inf_R	SupraMarginal_L	SupraMarginal_R	Angular_L	Angular_R	Precuneus_L	Precuneus_R	Paracentral_Lobule_L	Paracentral_Lobule_R	Caudate_L	Caudate_R	Putamen_L	Putamen_R	Pallidum_L	Pallidum_R	Thalamus_L	Thalamus_R	Heschl_L	Heschl_R	Temporal_Sup_L	Temporal_Sup_R	Temporal_Pole_Sup_L	Temporal_Pole_Sup_R	Temporal_Mid_L	Temporal_Mid_R	Temporal_Pole_Mid_L	Temporal_Pole_Mid_R	Temporal_Inf_L	Temporal_Inf_R	Cerebelum_Crus1_L	Cerebelum_Crus1_R	Cerebelum_Crus2_L	Cerebelum_Crus2_R	Cerebelum_3_L	Cerebelum_3_R	Cerebelum_4_5_L	Cerebelum_4_5_R	Cerebelum_6_L	Cerebelum_6_R	Cerebelum_7b_L	Cerebelum_7b_R	Cerebelum_8_L	Cerebelum_8_R	Cerebelum_9_L	Cerebelum_9_R	Cerebelum_10_L	Cerebelum_10_R	Vermis_1_2	Vermis_3	Vermis_4_5	Vermis_6	Vermis_7	Vermis_8	Vermis_9	Vermis_10	
450920	Precentral_L	0	290	10842	1356	0	0	23530	736	0	0	14290	0	4824	126	578	388	18574	0	7004	4230	0	0	0	336	0	0	0	0	22294	164	0	556	1894	2610	1114	418	3650	2160	816	1046	0	0	0	0	0	0	274	0	0	0	1212	0	702	0	2408	542	25156	0	0	0	2016	0	4142	0	376	0	136	126	15820	1120	764	7338	2076	0	436	0	6858	7634	5266	0	6210	0	1690	0	3354	0	0	0	5978	0	0	0	0	0	0	0	0	0	0	0	0	0	0	0	0	0	0	0	0	0	0	0	0	0	0	0	
178420	Precentral_R	290	0	560	4800	0	0	0	11636	0	0	0	5464	0	836	0	186	0	3226	684	9658	0	0	0	0	0	0	0	0	686	4490	0	0	0	0	0	144	0	3888	0	1564	0	0	0	0	0	0	0	0	0	0	0	350	0	144	0	1278	0	8378	0	0	0	976	0	2500	0	550	0	148	294	6322	536	912	742	2220	0	1256	0	6428	0	696	0	1496	0	134	0	3154	0	0	0	2584	0	0	0	0	0	0	0	0	0	0	0	0	0	0	0	0	0	0	0	0	0	0	0	0	0	0	
1.05869e+06	Frontal_Sup_L	10842	560	0	11674	6412	0	66956	3890	2458	534	10846	346	23582	718	9984	2236	8338	0	119746	17228	0	0	32978	2168	2812	0	0	0	55064	566	16682	5174	3020	5882	0	0	3786	192	0	0	518	0	0	0	0	0	0	0	0	0	0	0	0	0	464	0	6260	0	0	0	196	0	0	0	0	0	0	0	1584	162	8452	14082	35302	968	9852	0	16064	4260	806	0	2286	0	2166	0	186	0	0	0	1064	0	0	0	0	0	0	0	0	0	0	0	0	0	0	0	0	0	0	0	0	0	0	0	0	0	0	0	
878364	Frontal_Sup_R	1356	4800	11674	0	0	6606	3584	47236	0	1074	218	18770	3210	13004	578	4520	0	3080	14868	88436	170	238	10376	39154	0	3986	0	1664	4728	28672	3468	25274	598	18996	0	0	0	5220	0	1094	0	0	0	0	0	0	0	0	0	0	0	0	0	0	0	1614	0	460	0	0	0	498	0	722	0	0	0	0	1094	728	2156	28462	678	16822	0	1470	0	16142	0	0	0	0	0	0	0	0	0	0	0	1684	0	0	0	0	0	0	0	0	0	0	0	0	0	0	0	0	0	0	0	0	0	0	0	0	0	0	
91860	Frontal_Sup_Orb_L	0	0	6412	0	0	0	514	0	7324	0	0	0	0	0	4446	0	0	0	0	0	958	0	6334	0	4792	0	4566	0	1064	0	4862	0	0	0	0	0	0	0	0	0	384	0	0	0	0	0	0	0	0	0	0	0	0	0	0	0	0	0	0	0	0	0	0	0	0	0	0	0	0	0	1566	0	2708	0	0	0	0	0	0	0	0	0	0	0	0	0	0	0	0	0	0	0	0	0	0	0	0	0	0	0	0	0	0	0	0	0	0	0	0	0	0	0	0	0	0	0	
92652	Frontal_Sup_Orb_R	0	0	0	6606	0	0	0	2458	0	2426	0	0	0	246	0	1634	0	0	0	296	1042	1928	154	3410	214	6348	206	7420	0	372	626	2550	0	0	0	0	0	0	0	0	0	0	0	0	0	0	0	0	0	0	0	0	0	0	0	0	0	0	0	0	0	0	0	0	0	0	0	0	0	0	1016	4566	166	2642	0	0	0	0	0	0	0	0	0	0	0	0	0	0	0	0	0	0	0	0	0	0	0	0	0	0	0	0	0	0	0	0	0	0	0	0	0	0	0	0	0	0	
549468	Frontal_Mid_L	23530	0	66956	3584	514	0	0	928	2234	164	11158	0	43438	322	8202	1380	6452	0	18590	3520	0	0	11732	556	0	0	0	0	40860	0	3806	1290	442	2538	0	0	582	0	0	0	0	0	0	0	0	0	0	0	0	0	0	0	0	0	268	0	3080	0	0	0	334	0	0	0	0	0	0	0	0	0	3658	2886	6012	168	980	0	376	238	152	0	2138	0	1364	0	0	0	0	0	302	0	0	0	0	0	0	0	0	0	0	0	0	0	0	0	0	0	0	0	0	0	0	0	0	0	0	0	
398416	Frontal_Mid_R	736	11636	3890	47236	0	2458	928	0	0	4270	126	6912	600	22000	190	11216	0	1562	3302	15362	0	0	830	7336	0	0	0	0	1982	10556	192	3188	0	2346	0	0	0	2776	0	432	0	0	0	0	0	0	0	0	0	0	0	0	0	0	0	1064	0	474	0	0	0	270	0	382	0	0	0	0	258	0	1020	12170	730	10534	0	1760	0	6478	0	296	0	222	0	0	0	0	0	0	0	1488	0	0	0	0	0	0	0	0	0	0	0	0	0	0	0	0	0	0	0	0	0	0	0	0	0	0	
51732	Frontal_Mid_Orb_L	0	0	2458	0	7324	0	2234	0	0	0	0	0	866	0	8150	0	0	0	0	0	0	0	238	0	360	0	1940	0	326	0	314	0	0	0	0	0	0	0	0	0	0	0	0	0	0	0	0	0	0	0	0	0	0	0	0	0	0	0	0	0	0	0	0	0	0	0	0	0	0	0	390	0	1266	0	0	0	0	0	0	0	0	0	0	0	0	0	0	0	0	0	0	0	0	0	0	0	0	0	0	0	0	0	0	0	0	0	0	0	0	0	0	0	0	0	0	0	
49652	Frontal_Mid_Orb_R	0	0	534	1074	0	2426	164	4270	0	0	0	0	0	1234	0	7342	0	0	470	686	0	0	0	1242	0	0	0	0	228	658	0	190	0	0	0	0	0	0	0	0	0	0	0	0	0	0	0	0	0	0	0	0	0	0	0	0	0	0	0	0	0	0	0	0	0	0	0	0	0	0	0	2642	0	1666	0	0	0	0	0	0	0	0	0	0	0	0	0	0	0	0	0	0	0	0	0	0	0	0	0	0	0	0	0	0	0	0	0	0	0	0	0	0	0	0	0	0	
190812	Frontal_Inf_Oper_L	14290	0	10846	218	0	0	11158	126	0	0	0	0	8036	0	416	286	11760	0	3054	206	0	0	0	0	0	0	0	0	19708	0	0	0	0	0	0	0	814	0	0	0	0	0	0	0	0	0	0	0	0	0	0	0	0	0	136	0	3236	0	0	0	458	0	0	0	0	0	0	0	0	0	748	658	1788	0	0	0	186	0	754	0	1942	0	4378	0	0	0	0	0	204	0	0	0	0	0	0	0	0	0	0	0	0	0	0	0	0	0	0	0	0	0	0	0	0	0	0	0	
219056	Frontal_Inf_Oper_R	0	5464	346	18770	0	0	0	6912	0	0	0	0	0	8672	0	1816	0	4548	536	15524	0	0	762	2294	0	0	0	0	622	27432	186	2168	0	1576	0	0	0	1032	0	0	0	0	0	0	0	0	0	0	0	0	0	0	0	0	0	0	0	1112	0	0	0	0	0	120	0	0	0	0	0	0	202	4136	0	4218	0	0	0	190	0	380	0	366	0	144	0	0	0	0	0	0	0	0	0	0	0	0	0	0	0	0	0	0	0	0	0	0	0	0	0	0	0	0	0	0	0	0	
342192	Frontal_Inf_Tri_L	4824	0	23582	3210	0	0	43438	600	866	0	8036	0	0	156	14846	1270	208	0	10650	3362	0	0	0	248	0	0	0	0	41132	156	1208	926	0	2848	0	0	186	122	0	0	0	0	0	0	0	0	0	0	0	0	0	0	0	0	0	0	858	0	0	0	354	0	0	0	0	0	0	0	0	0	3392	2154	2036	134	0	0	156	138	0	0	0	0	0	0	0	0	0	0	0	0	0	0	0	0	0	0	0	0	0	0	0	0	0	0	0	0	0	0	0	0	0	0	0	0	0	0	
205084	Frontal_Inf_Tri_R	126	836	718	13004	0	246	322	22000	0	1234	0	8672	156	0	0	4708	0	412	594	10504	0	0	372	2708	0	0	0	0	326	19440	296	1958	0	3382	0	0	0	938	0	0	0	0	0	0	0	0	0	0	0	0	0	0	0	0	0	0	0	0	0	0	0	0	0	0	0	0	0	0	0	0	250	4638	0	4702	0	0	0	0	0	0	0	0	0	0	0	0	0	0	0	0	0	0	0	0	0	0	0	0	0	0	0	0	0	0	0	0	0	0	0	0	0	0	0	0	0	0	
154504	Frontal_Inf_Orb_L	578	0	9984	578	4446	0	8202	190	8150	0	416	0	14846	0	0	184	0	0	3674	598	1032	0	332	0	0	0	252	0	15216	0	316	152	0	532	0	0	178	0	0	0	426	0	0	0	0	0	0	0	0	0	0	0	0	0	0	0	166	0	0	0	0	0	0	0	0	0	0	0	0	0	884	278	5484	0	0	0	0	0	0	0	0	0	158	0	0	0	0	0	0	0	0	0	0	0	0	0	0	0	0	0	0	0	0	0	0	0	0	0	0	0	0	0	0	0	0	0	
168928	Frontal_Inf_Orb_R	388	186	2236	4520	0	1634	1380	11216	0	7342	286	1816	1270	4708	184	0	0	0	1578	4182	0	1200	198	2032	0	0	0	812	4420	7088	384	1186	0	2382	0	0	0	542	0	0	0	0	0	0	0	0	0	0	0	0	0	0	0	0	0	0	0	0	0	0	0	0	0	0	0	0	0	0	0	0	2808	11950	302	5898	0	0	0	336	0	0	0	0	0	0	0	0	0	0	0	0	0	0	0	0	0	0	0	0	0	0	0	0	0	0	0	0	0	0	0	0	0	0	0	0	0	0	
264856	Rolandic_Oper_L	18574	0	8338	0	0	0	6452	0	0	0	11760	0	208	0	0	0	0	0	2740	0	0	0	0	0	0	0	0	0	22648	0	0	0	0	0	340	0	3054	298	0	0	0	0	0	0	0	0	0	0	0	0	330	0	0	0	400	0	13310	0	0	0	3528	0	4242	0	2724	0	0	0	600	0	0	0	2314	0	168	0	0	0	8438	0	9446	0	4170	0	3102	0	0	0	5244	0	0	0	0	0	0	0	0	0	0	0	0	0	0	0	0	0	0	0	0	0	0	0	0	0	0	0	
100504	Rolandic_Oper_R	0	3226	0	3080	0	0	0	1562	0	0	0	4548	0	412	0	0	0	0	0	2986	0	0	0	0	0	0	0	0	0	13658	0	0	0	0	0	0	0	1580	0	0	0	0	0	0	0	0	0	0	0	0	0	0	0	0	0	0	0	3214	0	0	0	942	0	2660	0	0	0	0	0	0	0	228	0	2590	0	294	0	786	0	3832	0	3748	0	780	0	126	0	0	0	0	0	0	0	0	0	0	0	0	0	0	0	0	0	0	0	0	0	0	0	0	0	0	0	0	0	0	
816716	Supp_Motor_Area_L	7004	684	119746	14868	0	0	18590	3302	0	470	3054	536	10650	594	3674	1578	2740	0	0	32176	0	0	11236	3620	0	0	0	0	34580	906	7384	6036	9196	14510	450	0	2672	326	0	0	196	0	0	0	0	0	0	0	0	0	0	0	0	0	360	0	5566	0	0	0	186	0	0	0	0	0	0	0	5770	432	6118	19064	27290	1314	9272	0	9526	8908	772	0	1608	0	166	0	208	0	0	0	1020	0	0	0	0	0	0	0	0	0	0	0	0	0	0	0	0	0	0	0	0	0	0	0	0	0	0	0	
863480	Supp_Motor_Area_R	4230	9658	17228	88436	0	296	3520	15362	0	686	206	15524	3362	10504	598	4182	0	2986	32176	0	0	0	1632	9894	0	0	0	0	4998	25694	2118	13790	4986	47402	128	1962	148	4100	0	1250	0	126	0	1558	0	194	0	1168	0	120	0	406	0	156	248	1032	0	736	0	0	0	310	0	518	0	564	0	3974	7794	15564	2006	27526	686	16982	0	1072	262	15250	0	188	0	856	0	0	0	2836	0	0	270	2282	0	0	0	0	0	0	0	0	0	0	0	0	0	0	0	0	0	0	0	0	0	0	0	0	0	0	
59308	Olfactory_L	0	0	0	170	958	1042	0	0	0	0	0	0	0	0	1032	0	0	0	0	0	0	4966	0	0	232	506	850	1330	1810	0	2576	1494	0	0	0	0	160	0	0	0	766	0	0	0	0	0	0	0	0	0	0	0	0	0	0	0	0	0	0	0	0	0	0	0	0	0	0	0	0	0	6464	2774	1882	642	0	0	0	0	0	0	0	0	0	0	0	0	0	0	0	0	0	0	0	0	0	0	0	0	0	0	0	0	0	0	0	0	0	0	0	0	0	0	0	0	0	0	
67776	Olfactory_R	0	0	0	238	0	1928	0	0	0	0	0	0	0	0	0	1200	0	0	0	0	4966	0	0	0	270	1374	282	3146	0	1772	2180	2664	0	0	0	0	0	360	0	0	0	444	0	0	0	0	0	0	0	0	0	0	0	0	0	0	0	0	0	0	0	0	0	0	0	0	0	0	0	0	5442	4750	1244	1628	0	0	0	0	0	0	0	0	0	0	0	0	0	0	0	0	0	0	0	0	0	0	0	0	0	0	0	0	0	0	0	0	0	0	0	0	0	0	0	0	0	0	
276316	Frontal_Sup_Medial_L	0	0	32978	10376	6334	154	11732	830	238	0	0	762	0	372	332	198	0	0	11236	1632	0	0	0	14720	3958	610	234	0	1640	870	16330	9966	3272	7122	0	0	0	0	0	0	0	0	0	0	0	0	0	0	0	0	0	0	0	0	0	0	0	0	0	0	0	0	0	0	0	0	0	0	0	0	566	206	1490	0	0	0	0	0	0	0	0	0	0	0	0	0	0	0	0	0	0	0	0	0	0	0	0	0	0	0	0	0	0	0	0	0	0	0	0	0	0	0	0	0	0	0	
301692	Frontal_Sup_Medial_R	336	0	2168	39154	0	3410	556	7336	0	1242	0	2294	248	2708	0	2032	0	0	3620	9894	0	0	14720	0	0	4102	0	1110	788	3700	3454	24286	0	11722	0	0	0	0	0	0	0	0	0	0	0	0	0	0	0	0	0	0	0	0	0	0	0	0	0	0	0	0	0	0	0	0	0	0	0	0	348	7882	220	3516	0	0	0	0	0	0	0	0	0	0	0	0	0	0	0	0	0	0	0	0	0	0	0	0	0	0	0	0	0	0	0	0	0	0	0	0	0	0	0	0	0	0	
41532	Frontal_Med_Orb_L	0	0	2812	0	4792	214	0	0	360	0	0	0	0	0	0	0	0	0	0	0	232	270	3958	0	0	874	1942	234	0	0	3484	548	0	0	0	0	0	0	0	0	0	0	0	0	0	0	0	0	0	0	0	0	0	0	0	0	0	0	0	0	0	0	0	0	0	0	0	0	0	0	662	0	384	0	0	0	0	0	0	0	0	0	0	0	0	0	0	0	0	0	0	0	0	0	0	0	0	0	0	0	0	0	0	0	0	0	0	0	0	0	0	0	0	0	0	0	
70712	Frontal_Med_Orb_R	0	0	0	3986	0	6348	0	0	0	0	0	0	0	0	0	0	0	0	0	0	506	1374	610	4102	874	0	148	5698	0	0	1032	5382	0	0	0	0	0	0	0	0	0	0	0	0	0	0	0	0	0	0	0	0	0	0	0	0	0	0	0	0	0	0	0	0	0	0	0	0	0	0	514	3292	166	1324	0	0	0	0	0	0	0	0	0	0	0	0	0	0	0	0	0	0	0	0	0	0	0	0	0	0	0	0	0	0	0	0	0	0	0	0	0	0	0	0	0	0	
32652	Rectus_L	0	0	0	0	4566	206	0	0	1940	0	0	0	0	0	252	0	0	0	0	0	850	282	234	0	1942	148	0	242	0	0	2892	170	0	0	0	0	0	0	0	0	172	0	0	0	0	0	0	0	0	0	0	0	0	0	0	0	0	0	0	0	0	0	0	0	0	0	0	0	0	0	1700	0	730	0	0	0	0	0	0	0	0	0	0	0	0	0	0	0	0	0	0	0	0	0	0	0	0	0	0	0	0	0	0	0	0	0	0	0	0	0	0	0	0	0	0	0	
58508	Rectus_R	0	0	0	1664	0	7420	0	0	0	0	0	0	0	0	0	812	0	0	0	0	1330	3146	0	1110	234	5698	242	0	0	1130	578	1954	0	0	0	0	0	0	0	0	0	0	0	0	0	0	0	0	0	0	0	0	0	0	0	0	0	0	0	0	0	0	0	0	0	0	0	0	0	0	1290	1628	300	718	0	0	0	0	0	0	0	0	0	0	0	0	0	0	0	0	0	0	0	0	0	0	0	0	0	0	0	0	0	0	0	0	0	0	0	0	0	0	0	0	0	0	
817500	Insula_L	22294	686	55064	4728	1064	0	40860	1982	326	228	19708	622	41132	326	15216	4420	22648	0	34580	4998	1810	0	1640	788	0	0	0	0	0	886	5074	1952	148	3566	366	0	9180	2050	584	592	1604	0	0	0	0	0	0	0	0	0	848	0	0	0	2276	174	7702	0	0	0	4246	0	3056	0	2746	0	0	0	856	190	11384	9748	26896	526	1332	0	1516	2506	9408	0	8470	0	4344	0	2422	0	0	0	6982	0	0	0	0	0	0	0	0	0	0	0	0	0	0	0	0	0	0	0	0	0	0	0	0	0	0	0	
437648	Insula_R	164	4490	566	28672	0	372	0	10556	0	658	0	27432	156	19440	0	7088	0	13658	906	25694	0	1772	870	3700	0	0	0	1130	886	0	306	2954	0	3026	0	0	0	8942	0	1958	0	548	0	166	0	0	0	0	0	0	0	0	0	214	0	2196	0	2940	0	0	0	832	0	1956	0	0	0	0	0	468	0	7432	0	20314	0	138	0	2104	0	2728	0	7388	0	354	0	1386	0	0	0	2264	0	0	0	0	0	0	0	0	0	0	0	0	0	0	0	0	0	0	0	0	0	0	0	0	0	0	
227940	Cingulum_Ant_L	0	0	16682	3468	4862	626	3806	192	314	0	0	186	1208	296	316	384	0	0	7384	2118	2576	2180	16330	3454	3484	1032	2892	578	5074	306	0	13172	3100	2864	0	0	0	0	0	0	0	0	0	0	0	0	0	0	0	0	0	0	0	0	0	0	0	0	0	0	0	0	0	0	0	0	0	0	0	0	7542	3312	3340	892	0	0	0	0	0	0	0	0	0	0	0	0	0	0	0	0	0	0	0	0	0	0	0	0	0	0	0	0	0	0	0	0	0	0	0	0	0	0	0	0	0	0	
348212	Cingulum_Ant_R	556	0	5174	25274	0	2550	1290	3188	0	190	0	2168	926	1958	152	1186	0	0	6036	13790	1494	2664	9966	24286	548	5382	170	1954	1952	2954	13172	0	898	19714	0	0	0	0	0	0	0	0	0	0	0	0	0	0	0	0	0	0	0	0	0	0	0	0	0	0	0	0	0	0	0	0	0	0	0	0	2992	15238	606	5678	0	0	0	0	0	0	0	0	0	0	0	0	0	0	0	0	0	0	0	0	0	0	0	0	0	0	0	0	0	0	0	0	0	0	0	0	0	0	0	0	0	0	
114780	Cingulum_Mid_L	1894	0	3020	598	0	0	442	0	0	0	0	0	0	0	0	0	0	0	9196	4986	0	0	3272	0	0	0	0	0	148	0	3100	898	0	12204	1862	566	0	322	0	174	0	0	176	124	806	182	0	0	516	0	736	0	162	0	0	0	170	0	254	0	0	0	0	0	0	0	2828	886	5312	898	0	696	0	0	0	0	0	764	0	0	0	0	0	0	198	0	0	0	0	0	0	0	0	0	0	0	0	0	0	0	0	0	0	0	0	0	0	0	0	0	0	0	0	0	0	0	
419252	Cingulum_Mid_R	2610	0	5882	18996	0	0	2538	2346	0	0	0	1576	2848	3382	532	2382	0	0	14510	47402	0	0	7122	11722	0	0	0	0	3566	3026	2864	19714	12204	0	422	2698	0	424	0	146	0	0	0	3634	0	1466	0	2048	0	612	0	1042	0	0	0	0	0	2318	0	0	0	0	0	0	0	140	182	11678	3148	10016	654	1368	0	490	0	0	0	712	0	0	0	0	0	0	0	622	0	0	122	462	0	0	0	0	0	0	0	0	0	0	0	0	0	0	0	0	0	0	0	0	0	0	0	0	0	0	
172480	Cingulum_Post_L	1114	0	0	0	0	0	0	0	0	0	0	0	0	0	0	0	340	0	450	128	0	0	0	0	0	0	0	0	366	0	0	0	1862	422	0	13836	4470	6908	3510	4028	0	0	3926	0	2688	0	1612	212	0	0	2686	0	978	0	3218	1268	1902	0	1298	0	2738	0	602	0	570	0	9572	2498	3060	0	0	0	0	0	0	0	268	1208	170	0	436	0	0	0	3566	0	0	0	4330	0	0	0	0	0	0	0	0	0	0	0	0	0	0	0	0	0	0	0	0	0	0	0	0	0	0	0	
156720	Cingulum_Post_R	418	144	0	0	0	0	0	0	0	0	0	0	0	0	0	0	0	0	0	1962	0	0	0	0	0	0	0	0	0	0	0	0	566	2698	13836	0	4020	6908	2692	3964	0	0	146	784	238	680	830	3080	0	126	622	364	640	378	2016	2386	306	2320	256	502	468	392	0	172	128	476	2610	9020	1370	1766	0	0	0	0	0	0	700	1566	0	0	0	0	0	0	1250	930	0	0	2872	1568	0	0	0	0	0	0	0	0	0	0	0	0	0	0	0	0	0	0	0	0	190	0	0	0	0	0	
224236	Hippocampus_L	3650	0	3786	0	0	0	582	0	0	0	814	0	186	0	178	0	3054	0	2672	148	160	0	0	0	0	0	0	0	9180	0	0	0	0	0	4470	4020	0	5290	8668	3230	4144	0	0	0	0	0	2480	332	0	0	0	0	0	0	8216	422	1248	0	0	0	696	0	258	0	782	0	2202	2292	394	0	0	122	4462	0	0	0	8188	2640	3006	0	1056	0	390	0	650	0	0	0	17914	0	0	0	0	0	0	0	136	0	0	0	0	0	0	0	0	0	0	0	0	0	0	0	0	0	0	0	
392008	Hippocampus_R	2160	3888	192	5220	0	0	0	2776	0	0	0	1032	122	938	0	542	298	1580	326	4100	0	360	0	0	0	0	0	0	2050	8942	0	0	322	424	6908	6908	5290	0	2786	29304	0	7150	144	0	178	0	730	1234	0	0	942	0	346	568	2276	29706	894	416	208	0	498	330	314	368	242	0	1652	3112	2542	708	0	1024	0	16742	0	700	1338	16422	472	784	128	2098	0	1370	966	728	0	140	4316	7620	0	0	0	0	0	0	0	0	0	0	0	0	0	0	0	0	0	0	0	0	130	0	0	0	0	0	
110592	ParaHippocampal_L	816	0	0	0	0	0	0	0	0	0	0	0	0	0	0	0	0	0	0	0	0	0	0	0	0	0	0	0	584	0	0	0	0	0	3510	2692	8668	2786	0	2138	510	0	1020	0	0	0	4170	200	0	0	1518	0	1212	0	4310	212	262	0	0	0	272	0	144	0	314	0	3266	1634	756	0	0	0	0	0	0	0	2706	2098	0	0	0	0	0	0	2828	0	0	0	6136	0	0	0	0	0	0	0	534	0	0	0	0	0	0	0	0	0	0	0	0	0	0	0	0	0	0	0	
231092	ParaHippocampal_R	1046	1564	0	1094	0	0	0	432	0	0	0	0	0	0	0	0	0	0	0	1250	0	0	0	0	0	0	0	0	592	1958	0	0	174	146	4028	3964	3230	29304	2138	0	0	3022	0	268	0	0	698	3224	0	0	832	0	350	960	1472	23642	808	182	142	0	312	234	152	274	148	0	1372	3750	1456	514	0	224	0	792	0	174	710	8214	192	0	0	0	0	1800	880	0	0	1212	2802	3000	0	0	0	0	0	0	0	684	0	0	0	0	0	0	0	0	0	0	0	0	130	0	0	0	0	0	
25600	Amygdala_L	0	0	518	0	384	0	0	0	0	0	0	0	0	0	426	0	0	0	196	0	766	0	0	0	0	0	172	0	1604	0	0	0	0	0	0	0	4144	0	510	0	0	0	0	0	0	0	0	0	0	0	0	0	0	0	1636	0	0	0	0	0	0	0	0	0	0	0	0	0	0	0	0	0	0	0	0	0	962	0	0	0	0	0	136	0	0	0	0	0	1346	0	0	0	0	0	0	0	0	0	0	0	0	0	0	0	0	0	0	0	0	0	0	0	0	0	0	0	
41296	Amygdala_R	0	0	0	0	0	0	0	0	0	0	0	0	0	0	0	0	0	0	0	126	0	444	0	0	0	0	0	0	0	548	0	0	0	0	0	0	0	7150	0	3022	0	0	0	0	0	0	0	0	0	0	0	0	0	0	0	4622	0	0	0	0	0	0	0	0	0	0	0	0	0	0	0	0	0	830	0	0	0	710	0	0	0	0	0	2146	0	0	0	458	0	592	0	0	0	0	0	0	0	0	0	0	0	0	0	0	0	0	0	0	0	0	0	0	0	0	0	0	
185232	Calcarine_L	0	0	0	0	0	0	0	0	0	0	0	0	0	0	0	0	0	0	0	0	0	0	0	0	0	0	0	0	0	0	0	0	176	0	3926	146	0	144	1020	0	0	0	0	8664	14164	5888	11626	3942	9154	1832	12634	482	990	0	924	272	448	0	656	0	1138	0	122	0	192	0	10796	534	428	0	0	0	0	0	0	0	0	0	0	0	0	0	0	0	2318	0	0	0	0	0	0	0	0	0	0	0	0	0	0	0	0	0	0	0	0	0	0	0	0	0	0	0	0	0	0	0	
293060	Calcarine_R	0	0	0	0	0	0	0	0	0	0	0	0	0	0	0	0	0	0	0	1558	0	0	0	0	0	0	0	0	0	166	0	0	124	3634	0	784	0	0	0	268	0	0	8664	0	4538	24616	1230	26096	150	18840	0	14474	0	4312	0	5876	0	284	0	0	0	0	0	508	0	748	950	16990	154	1856	0	0	0	0	0	0	0	0	0	0	0	0	0	0	0	6218	0	0	0	3492	0	0	0	0	0	0	0	0	0	0	0	0	0	0	0	0	0	0	0	0	0	0	0	0	0	0	
148872	Cuneus_L	0	0	0	0	0	0	0	0	0	0	0	0	0	0	0	0	0	0	0	0	0	0	0	0	0	0	0	0	0	0	0	0	806	0	2688	238	0	178	0	0	0	0	14164	4538	0	7880	3982	1096	15694	1368	8754	200	478	0	136	0	0	0	2882	0	654	0	0	0	126	0	7976	376	0	0	0	0	0	0	0	0	0	0	0	0	0	0	0	0	222	0	0	0	0	0	0	0	0	0	0	0	0	0	0	0	0	0	0	0	0	0	0	0	0	0	0	0	0	0	0	0	
211372	Cuneus_R	0	0	0	0	0	0	0	0	0	0	0	0	0	0	0	0	0	0	0	194	0	0	0	0	0	0	0	0	0	0	0	0	182	1466	0	680	0	0	0	0	0	0	5888	24616	7880	0	572	3998	216	27218	0	8896	0	292	0	366	0	156	0	1504	0	0	0	0	0	704	3822	16668	0	0	0	0	0	0	0	0	0	0	0	0	0	0	0	0	0	198	0	0	0	170	0	0	0	0	0	0	0	0	0	0	0	0	0	0	0	0	0	0	0	0	0	0	0	0	0	0	
255408	Lingual_L	274	0	0	0	0	0	0	0	0	0	0	0	0	0	0	0	0	0	0	0	0	0	0	0	0	0	0	0	0	0	0	0	0	0	1612	830	2480	730	4170	698	0	0	11626	1230	3982	572	0	1932	8956	0	21580	0	6548	0	11060	300	250	0	2698	0	1432	0	150	0	286	0	5046	842	0	0	0	0	0	0	0	0	372	158	0	0	0	0	0	0	986	0	0	0	1160	0	6870	938	2258	0	0	0	7322	0	10262	1844	368	0	156	0	502	0	0	0	0	0	1464	2158	1444	0	158	0	
273380	Lingual_R	0	0	0	0	0	0	0	0	0	0	0	0	0	0	0	0	0	0	0	1168	0	0	0	0	0	0	0	0	0	0	0	0	0	2048	212	3080	332	1234	200	3224	0	0	3942	26096	1096	3998	1932	0	0	3694	0	2426	158	4546	496	14970	0	486	0	0	0	0	0	152	0	258	438	13096	0	1200	0	0	0	0	0	0	0	320	0	0	0	0	0	0	0	1052	0	0	0	662	2638	2628	1602	230	0	276	2010	2894	5086	10514	334	0	542	0	1014	0	332	0	0	0	3432	7644	2590	232	176	0	
203172	Occipital_Sup_L	0	0	0	0	0	0	0	0	0	0	0	0	0	0	0	0	0	0	0	0	0	0	0	0	0	0	0	0	0	0	0	0	516	0	0	0	0	0	0	0	0	0	9154	150	15694	216	8956	0	0	0	28506	0	6792	0	1182	0	2770	0	13708	0	7304	0	0	0	290	0	6002	0	124	0	0	0	0	0	0	0	0	0	0	0	0	0	0	0	222	0	0	0	0	0	0	0	0	0	0	0	0	0	0	0	0	0	0	0	0	0	0	0	0	0	0	0	0	0	0	0	
170228	Occipital_Sup_R	0	0	0	0	0	0	0	0	0	0	0	0	0	0	0	0	0	0	0	120	0	0	0	0	0	0	0	0	0	0	0	0	0	612	0	126	0	0	0	0	0	0	1832	18840	1368	27218	0	3694	0	0	0	14732	0	208	0	174	0	1252	0	2144	0	216	0	0	0	3498	1002	7180	0	138	0	0	0	0	0	0	0	0	0	0	0	0	0	0	0	534	0	0	0	226	0	0	0	0	0	0	0	0	0	0	0	0	0	0	0	0	0	0	0	0	0	0	0	0	0	0	
434364	Occipital_Mid_L	1212	0	0	0	0	0	0	0	0	0	0	0	0	0	0	0	330	0	0	0	0	0	0	0	0	0	0	0	848	0	0	0	736	0	2686	622	0	942	1518	832	0	0	12634	0	8754	0	21580	0	28506	0	0	0	29886	0	12140	754	6688	0	14224	0	20806	0	4880	0	18134	0	3572	0	2226	0	0	0	0	0	0	0	0	0	184	0	366	0	0	0	18840	0	0	0	2982	0	300	0	0	0	0	0	0	0	0	0	0	0	0	0	0	0	0	0	0	0	0	0	0	0	0	0	
179340	Occipital_Mid_R	0	350	0	0	0	0	0	0	0	0	0	0	0	0	0	0	0	0	0	406	0	0	0	0	0	0	0	0	0	0	0	0	0	1042	0	364	0	0	0	0	0	0	482	14474	200	8896	0	2426	0	14732	0	0	0	3072	0	926	0	0	0	124	0	7240	0	3322	0	15130	182	5222	0	338	0	0	0	0	0	0	0	0	0	0	0	134	0	0	0	8314	0	0	0	2294	0	0	0	0	0	0	0	0	0	0	0	0	0	0	0	0	0	0	0	0	0	0	0	0	0	0	
193980	Occipital_Inf_L	702	0	0	0	0	0	0	0	0	0	0	0	0	0	0	0	0	0	0	0	0	0	0	0	0	0	0	0	0	0	0	0	162	0	978	640	0	346	1212	350	0	0	990	0	478	0	6548	158	6792	0	29886	0	0	0	12856	340	3466	0	6528	0	6388	0	1488	0	2036	0	780	0	1038	0	0	0	0	0	0	0	0	0	234	0	0	0	0	0	8540	0	0	0	2816	0	550	0	0	0	0	0	0	0	386	144	0	0	0	0	0	0	0	0	0	0	0	158	0	0	0	0	
59572	Occipital_Inf_R	0	144	0	0	0	0	0	0	0	0	0	0	0	0	0	0	0	0	0	156	0	0	0	0	0	0	0	0	0	214	0	0	0	0	0	378	0	568	0	960	0	0	0	4312	0	292	0	4546	0	208	0	3072	0	0	0	7442	0	0	0	0	0	0	0	0	0	0	0	700	0	0	0	0	0	0	0	0	0	0	0	0	0	0	0	0	0	1662	0	0	0	3920	0	0	0	0	0	0	0	332	0	570	0	0	0	0	0	0	0	0	0	0	310	0	0	0	0	0	
290536	Fusiform_L	2408	0	464	0	0	0	268	0	0	0	136	0	0	0	0	0	400	0	360	248	0	0	0	0	0	0	0	0	2276	0	0	0	0	0	3218	2016	8216	2276	4310	1472	1636	0	924	0	136	0	11060	496	1182	0	12140	0	12856	0	0	672	1018	0	568	0	1132	0	670	0	962	0	784	124	1014	0	0	0	426	0	0	0	122	192	1110	0	802	0	1450	0	3586	0	1352	0	15244	0	15276	386	2236	0	0	0	6300	0	17258	786	650	0	644	0	0	0	0	0	0	0	392	814	800	0	0	0	
351960	Fusiform_R	542	1278	0	1614	0	0	0	1064	0	0	0	0	0	0	0	0	0	0	0	1032	0	0	0	0	0	0	0	0	174	2196	0	0	0	0	1268	2386	422	29706	212	23642	0	4622	272	5876	0	366	300	14970	0	174	754	926	340	7442	672	0	738	162	0	0	238	250	0	294	0	0	166	1886	782	484	0	0	0	3090	0	0	0	4612	0	0	0	358	0	2064	708	530	0	962	666	13094	844	10540	700	872	0	178	982	6154	1316	13694	130	344	0	908	132	0	0	0	0	0	2820	2294	738	0	0	0	
347300	Postcentral_L	25156	0	6260	0	0	0	3080	0	0	0	3236	0	858	0	166	0	13310	0	5566	0	0	0	0	0	0	0	0	0	7702	0	0	0	170	0	1902	306	1248	894	262	808	0	0	448	0	0	0	250	0	2770	0	6688	0	3466	0	1018	738	0	0	12414	0	30208	0	14346	0	3210	0	1638	0	4282	0	0	272	438	0	0	0	0	272	5104	0	5208	0	312	0	5760	0	0	0	3884	0	0	0	0	0	0	0	0	0	0	0	0	0	0	0	0	0	0	0	0	0	0	0	0	0	0	0	
106292	Postcentral_R	0	8378	0	460	0	0	0	474	0	0	0	1112	0	0	0	0	0	3214	0	736	0	0	0	0	0	0	0	0	0	2940	0	0	0	2318	0	2320	0	416	0	182	0	0	0	284	0	156	0	486	0	1252	0	0	0	0	0	162	0	0	0	4830	0	2410	0	7736	0	0	218	4510	0	4884	0	0	0	192	0	0	0	138	0	406	0	1506	0	0	0	974	0	0	0	452	0	0	0	0	0	0	0	0	0	0	0	0	0	0	0	0	0	0	0	0	0	0	0	0	0	0	
195376	Parietal_Sup_L	0	0	0	0	0	0	0	0	0	0	0	0	0	0	0	0	0	0	0	0	0	0	0	0	0	0	0	0	0	0	0	0	254	0	1298	256	0	208	0	142	0	0	656	0	2882	0	2698	0	13708	0	14224	0	6528	0	568	0	12414	0	0	0	18988	0	942	0	1510	0	6266	0	5112	0	0	0	0	0	0	0	0	0	0	0	236	0	0	0	6774	0	0	0	2024	0	0	0	0	0	0	0	0	0	0	0	0	0	0	0	0	0	0	0	0	0	0	0	0	0	0	0	
35736	Parietal_Sup_R	0	0	0	0	0	0	0	0	0	0	0	0	0	0	0	0	0	0	0	0	0	0	0	0	0	0	0	0	0	0	0	0	0	0	0	502	0	0	0	0	0	0	0	0	0	1504	0	0	0	2144	0	124	0	0	0	0	0	4830	0	0	0	2562	0	0	0	228	1092	4882	0	0	0	0	0	0	0	0	0	0	0	0	0	0	0	0	0	0	0	0	0	0	0	0	0	0	0	0	0	0	0	0	0	0	0	0	0	0	0	0	0	0	0	0	0	0	0	0	
338732	Parietal_Inf_L	2016	0	196	0	0	0	334	0	0	0	458	0	354	0	0	0	3528	0	186	0	0	0	0	0	0	0	0	0	4246	0	0	0	0	0	2738	468	696	498	272	312	0	0	1138	0	654	0	1432	0	7304	0	20806	0	6388	0	1132	238	30208	0	18988	0	0	0	16474	0	20102	0	1412	0	7170	0	0	0	0	0	0	0	0	0	1104	0	1266	0	226	0	11674	0	0	0	5348	0	0	0	0	0	0	0	0	0	0	0	0	0	0	0	0	0	0	0	0	0	0	0	0	0	0	0	
96688	Parietal_Inf_R	0	976	0	498	0	0	0	270	0	0	0	0	0	0	0	0	0	942	0	310	0	0	0	0	0	0	0	0	0	832	0	0	0	0	0	392	0	330	0	234	0	0	0	0	0	0	0	0	0	216	0	7240	0	0	0	250	0	2410	0	2562	0	0	0	13672	0	13630	0	154	0	0	0	0	0	0	0	0	0	0	0	134	0	578	0	0	0	1880	0	0	0	834	0	0	0	0	0	0	0	0	0	0	0	0	0	0	0	0	0	0	0	0	0	0	0	0	0	0	
169744	SupraMarginal_L	4142	0	0	0	0	0	0	0	0	0	0	0	0	0	0	0	4242	0	0	0	0	0	0	0	0	0	0	0	3056	0	0	0	0	0	602	0	258	314	144	152	0	0	122	0	0	0	150	0	0	0	4880	0	1488	0	670	0	14346	0	942	0	16474	0	0	0	11976	0	0	0	760	0	0	0	0	0	0	0	0	0	1230	0	6780	0	0	0	8088	0	0	0	4056	0	0	0	0	0	0	0	0	0	0	0	0	0	0	0	0	0	0	0	0	0	0	0	0	0	0	0	
120724	SupraMarginal_R	0	2500	0	722	0	0	0	382	0	0	0	120	0	0	0	0	0	2660	0	518	0	0	0	0	0	0	0	0	0	1956	0	0	0	0	0	172	0	368	0	274	0	0	0	508	0	0	0	152	0	0	0	3322	0	0	0	294	0	7736	0	0	0	13672	0	0	0	10034	0	398	0	220	0	0	0	0	0	0	0	0	0	442	0	4686	0	0	0	6052	0	0	0	3174	0	0	0	0	0	0	0	0	0	0	0	0	0	0	0	0	0	0	0	0	0	0	0	0	0	0	
177472	Angular_L	376	0	0	0	0	0	0	0	0	0	0	0	0	0	0	0	2724	0	0	0	0	0	0	0	0	0	0	0	2746	0	0	0	0	0	570	128	782	242	314	148	0	0	192	0	126	0	286	0	290	0	18134	0	2036	0	962	0	3210	0	1510	0	20102	0	11976	0	0	0	0	0	760	0	0	0	0	0	0	0	0	0	976	0	1860	0	0	0	12352	0	0	0	5934	0	0	0	0	0	0	0	0	0	0	0	0	0	0	0	0	0	0	0	0	0	0	0	0	0	0	0	
126124	Angular_R	0	550	0	0	0	0	0	0	0	0	0	0	0	0	0	0	0	0	0	564	0	0	0	0	0	0	0	0	0	0	0	0	0	140	0	476	0	0	0	0	0	0	0	748	0	704	0	258	0	3498	0	15130	0	0	0	0	0	0	0	228	0	13630	0	10034	0	0	0	692	0	324	0	0	0	0	0	0	0	0	0	0	0	1820	0	0	0	10366	0	0	0	3900	0	0	0	0	0	0	0	0	0	0	0	0	0	0	0	0	0	0	0	0	0	0	0	0	0	0	
179548	Precuneus_L	136	0	0	0	0	0	0	0	0	0	0	0	0	0	0	0	0	0	0	0	0	0	0	0	0	0	0	0	0	0	0	0	2828	182	9572	2610	2202	1652	3266	1372	0	0	10796	950	7976	3822	5046	438	6002	1002	3572	182	780	0	784	166	1638	218	6266	1092	1412	0	0	0	0	0	0	7506	2786	0	0	0	0	0	0	0	0	546	0	0	0	0	0	0	1968	0	0	0	874	0	0	0	0	0	0	0	132	0	0	0	0	0	0	0	0	0	0	0	0	0	0	0	0	0	0	0	
267484	Precuneus_R	126	148	0	0	0	0	0	0	0	0	0	0	0	0	0	0	0	0	0	3974	0	0	0	0	0	0	0	0	0	0	0	0	886	11678	2498	9020	2292	3112	1634	3750	0	0	534	16990	376	16668	842	13096	0	7180	0	5222	0	700	124	1886	0	4510	0	4882	0	154	0	398	0	692	7506	0	236	5574	0	0	0	0	0	0	166	1358	0	0	0	0	0	0	0	2198	0	0	938	1686	0	0	0	0	0	0	0	306	0	0	0	0	0	0	0	0	0	0	0	0	402	0	0	0	0	0	
229972	Paracentral_Lobule_L	15820	294	1584	1094	0	0	0	258	0	0	0	0	0	0	0	0	600	0	5770	7794	0	0	0	0	0	0	0	0	856	0	0	0	5312	3148	3060	1370	394	2542	756	1456	0	0	428	154	0	0	0	0	124	0	2226	0	1038	0	1014	782	4282	0	5112	0	7170	0	760	0	760	0	2786	236	0	5100	0	6138	0	0	0	0	502	8224	504	0	632	0	0	0	9258	0	0	0	5648	0	0	0	0	0	0	0	0	0	0	0	0	0	0	0	0	0	0	0	0	0	0	0	0	0	0	0	
133460	Paracentral_Lobule_R	1120	6322	162	728	0	0	0	0	0	0	0	0	0	0	0	0	0	0	432	15564	0	0	0	0	0	0	0	0	190	468	0	0	898	10016	0	1766	0	708	0	514	0	0	0	1856	0	0	0	1200	0	138	0	338	0	0	0	484	0	4884	0	0	0	0	0	220	0	324	0	5574	5100	0	0	1036	0	0	0	0	0	2406	0	126	0	712	0	0	0	2114	0	0	0	1330	0	0	0	0	0	0	0	0	0	0	0	0	0	0	0	0	0	0	0	0	0	0	0	0	0	0	
204284	Caudate_L	764	536	8452	2156	1566	1016	3658	1020	390	0	748	202	3392	250	884	2808	0	0	6118	2006	6464	5442	566	348	662	514	1700	1290	11384	0	7542	2992	0	654	0	0	0	0	0	0	0	0	0	0	0	0	0	0	0	0	0	0	0	0	0	0	0	0	0	0	0	0	0	0	0	0	0	0	0	0	0	11418	10714	870	436	0	1368	1642	0	0	0	0	0	0	0	0	0	0	0	0	0	0	0	0	0	0	0	0	0	0	0	0	0	0	0	0	0	0	0	170	0	0	0	0	0	0	
558076	Caudate_R	7338	912	14082	28462	0	4566	2886	12170	0	2642	658	4136	2154	4638	278	11950	0	228	19064	27526	2774	4750	206	7882	0	3292	0	1628	9748	7432	3312	15238	696	1368	0	0	122	1024	0	224	0	0	0	0	0	0	0	0	0	0	0	0	0	0	0	0	272	0	0	0	0	0	0	0	0	0	0	0	6138	1036	11418	0	3304	23132	298	1334	1416	27304	0	0	0	0	0	0	0	0	0	0	0	0	0	0	0	0	0	0	0	0	0	0	0	0	0	0	0	0	0	0	0	0	0	0	0	0	0	0	
318944	Putamen_L	2076	742	35302	678	2708	166	6012	730	1266	0	1788	0	2036	0	5484	302	2314	0	27290	686	1882	1244	1490	220	384	166	730	300	26896	0	3340	606	0	0	0	0	4462	0	0	0	0	0	0	0	0	0	0	0	0	0	0	0	0	0	426	0	438	0	0	0	0	0	0	0	0	0	0	0	0	0	10714	3304	0	148	8680	0	864	874	0	0	1044	0	338	0	234	0	0	0	1108	0	0	0	0	0	0	0	0	0	0	0	0	0	0	0	0	0	0	0	0	0	0	0	0	0	0	0	
321168	Putamen_R	0	2220	968	16822	0	2642	168	10534	0	1666	0	4218	134	4702	0	5898	0	2590	1314	16982	642	1628	0	3516	0	1324	0	718	526	20314	892	5678	0	490	0	0	0	16742	0	792	0	830	0	0	0	0	0	0	0	0	0	0	0	0	0	3090	0	192	0	0	0	0	0	0	0	0	0	0	0	0	870	23132	148	0	0	3090	0	1996	0	250	0	374	0	416	0	0	0	0	0	2076	0	0	0	0	0	0	0	0	0	0	0	0	0	0	0	0	0	0	0	0	0	0	0	0	0	0	
66276	Pallidum_L	436	0	9852	0	0	0	980	0	0	0	0	0	0	0	0	0	168	0	9272	0	0	0	0	0	0	0	0	0	1332	0	0	0	0	0	0	0	0	0	0	0	0	0	0	0	0	0	0	0	0	0	0	0	0	0	0	0	0	0	0	0	0	0	0	0	0	0	0	0	0	0	436	298	8680	0	0	0	1522	162	0	0	0	0	0	0	0	0	0	0	0	0	0	0	0	0	0	0	0	0	0	0	0	0	0	0	0	0	0	0	0	0	0	0	0	0	0	0	
22924	Pallidum_R	0	1256	0	1470	0	0	0	1760	0	0	0	0	0	0	0	0	0	294	0	1072	0	0	0	0	0	0	0	0	0	138	0	0	0	0	0	0	0	700	0	174	0	0	0	0	0	0	0	0	0	0	0	0	0	0	0	0	0	0	0	0	0	0	0	0	0	0	0	0	0	0	0	1334	0	3090	0	0	0	0	0	174	0	0	0	0	0	0	0	0	0	0	0	0	0	0	0	0	0	0	0	0	0	0	0	0	0	0	0	0	0	0	0	0	0	0	0	0	
124752	Thalamus_L	6858	0	16064	0	0	0	376	0	0	0	186	0	156	0	0	0	0	0	9526	262	0	0	0	0	0	0	0	0	1516	0	0	0	0	0	268	700	8188	1338	2706	710	962	0	0	0	0	0	372	0	0	0	0	0	0	0	122	0	0	0	0	0	0	0	0	0	0	0	0	166	502	0	1368	1416	864	0	1522	0	0	3438	0	0	0	0	0	0	0	0	0	0	2790	0	0	0	0	0	0	0	0	0	0	0	0	0	0	0	0	0	0	0	0	0	0	0	0	0	0	0	
324012	Thalamus_R	7634	6428	4260	16142	0	0	238	6478	0	0	0	190	138	0	0	336	0	786	8908	15250	0	0	0	0	0	0	0	0	2506	2104	0	0	764	712	1208	1566	2640	16422	2098	8214	0	710	0	0	0	0	158	320	0	0	0	0	0	0	192	4612	272	138	0	0	0	0	0	0	0	0	546	1358	8224	2406	1642	27304	874	1996	162	0	3438	0	0	0	0	0	0	0	0	0	0	0	2020	612	0	0	0	0	0	0	0	0	0	0	0	0	0	0	0	0	0	0	0	0	0	0	0	0	0	0	
99656	Heschl_L	5266	0	806	0	0	0	152	0	0	0	754	0	0	0	0	0	8438	0	772	0	0	0	0	0	0	0	0	0	9408	0	0	0	0	0	170	0	3006	472	0	192	0	0	0	0	0	0	0	0	0	0	184	0	234	0	1110	0	5104	0	0	0	1104	0	1230	0	976	0	0	0	504	0	0	0	0	0	0	0	0	0	0	0	3152	0	0	0	1906	0	0	0	4888	0	0	0	0	0	0	0	0	0	0	0	0	0	0	0	0	0	0	0	0	0	0	0	0	0	0	0	
31740	Heschl_R	0	696	0	0	0	0	0	296	0	0	0	380	0	0	0	0	0	3832	0	188	0	0	0	0	0	0	0	0	0	2728	0	0	0	0	0	0	0	784	0	0	0	0	0	0	0	0	0	0	0	0	0	0	0	0	0	0	0	406	0	0	0	134	0	442	0	0	0	0	0	126	0	0	0	250	0	174	0	0	0	0	0	4556	0	670	0	208	0	0	0	0	0	0	0	0	0	0	0	0	0	0	0	0	0	0	0	0	0	0	0	0	0	0	0	0	0	0	
179640	Temporal_Sup_L	6210	0	2286	0	0	0	2138	0	0	0	1942	0	0	0	0	0	9446	0	1608	0	0	0	0	0	0	0	0	0	8470	0	0	0	0	0	436	0	1056	128	0	0	0	0	0	0	0	0	0	0	0	0	366	0	0	0	802	0	5208	0	236	0	1266	0	6780	0	1860	0	0	0	632	0	0	0	1044	0	0	0	0	0	3152	0	0	0	3834	0	20576	0	0	0	10344	0	0	0	0	0	0	0	0	0	0	0	0	0	0	0	0	0	0	0	0	0	0	0	0	0	0	0	
92864	Temporal_Sup_R	0	1496	0	0	0	0	0	222	0	0	0	366	0	0	0	0	0	3748	0	856	0	0	0	0	0	0	0	0	0	7388	0	0	0	0	0	0	0	2098	0	0	0	0	0	0	0	0	0	0	0	0	0	134	0	0	0	358	0	1506	0	0	0	578	0	4686	0	1820	0	0	0	712	0	0	0	374	0	0	0	0	0	4556	0	0	0	2194	0	11706	0	272	0	1362	0	0	0	0	0	0	0	0	0	0	0	0	0	0	0	0	0	0	0	0	0	0	0	0	0	0	
81064	Temporal_Pole_Sup_L	1690	0	2166	0	0	0	1364	0	0	0	4378	0	0	0	158	0	4170	0	166	0	0	0	0	0	0	0	0	0	4344	0	0	0	0	0	0	0	390	0	0	0	136	0	0	0	0	0	0	0	0	0	0	0	0	0	1450	0	312	0	0	0	226	0	0	0	0	0	0	0	0	0	0	0	338	0	0	0	0	0	0	0	3834	0	0	0	5500	0	4246	0	5664	0	0	0	0	0	0	0	0	0	0	0	0	0	0	0	0	0	0	0	0	0	0	0	0	0	0	0	
43140	Temporal_Pole_Sup_R	0	134	0	0	0	0	0	0	0	0	0	144	0	0	0	0	0	780	0	0	0	0	0	0	0	0	0	0	0	354	0	0	0	0	0	0	0	1370	0	1800	0	2146	0	0	0	0	0	0	0	0	0	0	0	0	0	2064	0	0	0	0	0	0	0	0	0	0	0	0	0	0	0	0	0	416	0	0	0	0	0	670	0	2194	0	0	0	2530	0	4324	0	2644	0	0	0	0	0	0	0	0	0	0	0	0	0	0	0	0	0	0	0	0	0	0	0	0	0	0	
353136	Temporal_Mid_L	3354	0	186	0	0	0	0	0	0	0	0	0	0	0	0	0	3102	0	208	0	0	0	0	0	0	0	0	0	2422	0	0	0	198	0	3566	1250	650	966	2828	880	0	0	2318	0	222	0	986	0	222	0	18840	0	8540	0	3586	708	5760	0	6774	0	11674	0	8088	0	12352	0	1968	0	9258	0	0	0	234	0	0	0	0	0	1906	0	20576	0	5500	0	0	0	3066	0	34380	0	0	0	0	0	0	0	0	0	0	0	0	0	0	0	0	0	0	0	0	0	0	0	0	0	0	0	
178300	Temporal_Mid_R	0	3154	0	0	0	0	0	0	0	0	0	0	0	0	0	0	0	126	0	2836	0	0	0	0	0	0	0	0	0	1386	0	0	0	622	0	930	0	728	0	0	0	0	0	6218	0	198	0	1052	0	534	0	8314	0	1662	0	530	0	974	0	0	0	1880	0	6052	0	10366	0	2198	0	2114	0	0	0	0	0	0	0	0	0	208	0	11706	0	2530	0	0	0	1842	0	20990	0	0	0	0	0	0	0	0	0	0	0	0	0	0	0	0	0	0	0	0	0	0	0	0	0	0	
24408	Temporal_Pole_Mid_L	0	0	0	0	0	0	0	0	0	0	0	0	0	0	0	0	0	0	0	0	0	0	0	0	0	0	0	0	0	0	0	0	0	0	0	0	0	0	0	0	0	0	0	0	0	0	0	0	0	0	0	0	0	0	1352	0	0	0	0	0	0	0	0	0	0	0	0	0	0	0	0	0	0	0	0	0	0	0	0	0	0	0	4246	0	3066	0	0	0	3540	0	0	0	0	0	0	0	0	0	0	0	0	0	0	0	0	0	0	0	0	0	0	0	0	0	0	0	
21124	Temporal_Pole_Mid_R	0	0	0	0	0	0	0	0	0	0	0	0	0	0	0	0	0	0	0	0	0	0	0	0	0	0	0	0	0	0	0	0	0	0	0	0	0	140	0	1212	0	458	0	0	0	0	0	0	0	0	0	0	0	0	0	962	0	0	0	0	0	0	0	0	0	0	0	0	0	0	0	0	0	0	0	0	0	0	0	0	0	272	0	4324	0	1842	0	0	0	1352	0	0	0	0	0	0	0	0	0	0	0	0	0	0	0	0	0	0	0	0	0	0	0	0	0	0	
359676	Temporal_Inf_L	5978	0	1064	0	0	0	302	0	0	0	204	0	0	0	0	0	5244	0	1020	270	0	0	0	0	0	0	0	0	6982	0	0	0	0	122	4330	2872	17914	4316	6136	2802	1346	0	0	0	0	0	1160	0	0	0	2982	0	2816	0	15244	666	3884	0	2024	0	5348	0	4056	0	5934	0	874	938	5648	0	0	0	1108	0	0	0	2790	2020	4888	0	10344	0	5664	0	34380	0	3540	0	0	0	1534	0	418	0	0	0	0	0	676	0	0	0	0	0	0	0	0	0	0	0	0	0	0	0	0	0	
176104	Temporal_Inf_R	0	2584	0	1684	0	0	0	1488	0	0	0	0	0	0	0	0	0	0	0	2282	0	0	0	0	0	0	0	0	0	2264	0	0	0	462	0	1568	0	7620	0	3000	0	592	0	3492	0	170	0	662	0	226	0	2294	0	3920	0	13094	0	452	0	0	0	834	0	3174	0	3900	0	1686	0	1330	0	0	0	2076	0	0	0	612	0	0	0	1362	0	2644	0	20990	0	1352	0	0	0	238	0	0	0	0	0	0	0	0	0	0	0	0	0	0	0	0	0	0	0	0	0	0	0	0	
425048	Cerebelum_Crus1_L	0	0	0	0	0	0	0	0	0	0	0	0	0	0	0	0	0	0	0	0	0	0	0	0	0	0	0	0	0	0	0	0	0	0	0	0	0	0	0	0	0	0	0	0	0	0	6870	2638	0	0	300	0	550	0	15276	844	0	0	0	0	0	0	0	0	0	0	0	0	0	0	0	0	0	0	0	0	0	0	0	0	0	0	0	0	0	0	0	0	1534	0	0	2976	39488	858	0	160	20158	230	54100	5812	18458	134	20594	336	3978	288	908	0	180	168	4768	5360	4670	438	324	126	
448060	Cerebelum_Crus1_R	0	0	0	0	0	0	0	0	0	0	0	0	0	0	0	0	0	0	0	0	0	0	0	0	0	0	0	0	0	0	0	0	0	0	0	0	0	0	0	0	0	0	0	0	0	0	938	2628	0	0	0	0	0	0	386	10540	0	0	0	0	0	0	0	0	0	0	0	0	0	0	0	0	0	0	0	0	0	0	0	0	0	0	0	0	0	0	0	0	0	238	2976	0	6844	34940	0	1782	2014	19374	2930	58464	2472	7466	2846	23524	672	5066	0	472	236	738	8398	6502	13584	3614	4386	0	
426588	Cerebelum_Crus2_L	0	0	0	0	0	0	0	0	0	0	0	0	0	0	0	0	0	0	0	0	0	0	0	0	0	0	0	0	0	0	0	0	0	0	0	0	0	0	0	0	0	0	0	0	0	0	2258	1602	0	0	0	0	0	0	2236	700	0	0	0	0	0	0	0	0	0	0	0	0	0	0	0	0	0	0	0	0	0	0	0	0	0	0	0	0	0	0	0	0	418	0	39488	6844	0	7788	0	0	2410	0	12816	7910	44074	4064	42460	5262	6950	244	918	0	0	0	938	3890	13288	5912	824	0	
302644	Cerebelum_Crus2_R	0	0	0	0	0	0	0	0	0	0	0	0	0	0	0	0	0	0	0	0	0	0	0	0	0	0	0	0	0	0	0	0	0	0	0	0	0	0	0	0	0	0	0	0	0	0	0	230	0	0	0	0	0	0	0	872	0	0	0	0	0	0	0	0	0	0	0	0	0	0	0	0	0	0	0	0	0	0	0	0	0	0	0	0	0	0	0	0	0	0	858	34940	7788	0	0	234	120	1318	246	11426	3520	27030	3822	34984	696	4598	0	336	0	172	832	714	9454	4540	2592	0	
21680	Cerebelum_3_L	0	0	0	0	0	0	0	0	0	0	0	0	0	0	0	0	0	0	0	0	0	0	0	0	0	0	0	0	0	0	0	0	0	0	0	0	0	0	0	0	0	0	0	0	0	0	0	0	0	0	0	0	0	0	0	0	0	0	0	0	0	0	0	0	0	0	0	0	0	0	0	0	0	0	0	0	0	0	0	0	0	0	0	0	0	0	0	0	0	0	0	0	0	0	0	0	5458	0	198	0	0	0	0	0	168	0	0	0	1196	2348	1472	0	0	0	0	0	
36400	Cerebelum_3_R	0	0	0	0	0	0	0	0	0	0	0	0	0	0	0	0	0	0	0	0	0	0	0	0	0	0	0	0	0	0	0	0	0	0	0	0	0	0	0	0	0	0	0	0	0	0	0	276	0	0	0	0	0	0	0	178	0	0	0	0	0	0	0	0	0	0	0	0	0	0	0	0	0	0	0	0	0	0	0	0	0	0	0	0	0	0	0	0	0	0	160	1782	0	234	0	0	582	2912	282	3598	0	0	0	676	0	1076	0	0	330	2070	2290	170	386	508	690	0	
258152	Cerebelum_4_5_L	0	0	0	0	0	0	0	0	0	0	0	0	0	0	0	0	0	0	0	0	0	0	0	0	0	0	0	0	0	0	0	0	0	0	0	0	136	0	534	0	0	0	0	0	0	0	7322	2010	0	0	0	0	0	0	6300	982	0	0	0	0	0	0	0	0	0	0	132	0	0	0	0	0	0	0	0	0	0	0	0	0	0	0	0	0	0	0	0	0	0	0	20158	2014	2410	120	5458	582	0	1162	33066	4960	1992	0	2612	374	4042	1444	460	0	1688	2226	17028	5248	340	838	1696	1742	
155740	Cerebelum_4_5_R	0	0	0	0	0	0	0	0	0	0	0	0	0	0	0	0	0	0	0	0	0	0	0	0	0	0	0	0	0	0	0	0	0	0	0	0	0	0	0	684	0	0	0	0	0	0	0	2894	0	0	0	0	0	332	0	6154	0	0	0	0	0	0	0	0	0	0	0	306	0	0	0	0	0	0	0	0	0	0	0	0	0	0	0	0	0	0	0	0	0	0	230	19374	0	1318	0	2912	1162	0	274	27780	0	142	0	1366	0	860	0	0	0	590	10102	144	256	268	580	142	
385176	Cerebelum_6_L	0	0	0	0	0	0	0	0	0	0	0	0	0	0	0	0	0	0	0	0	0	0	0	0	0	0	0	0	0	0	0	0	0	0	0	0	0	0	0	0	0	0	0	0	0	0	10262	5086	0	0	0	0	386	0	17258	1316	0	0	0	0	0	0	0	0	0	0	0	0	0	0	0	0	0	0	0	0	0	0	0	0	0	0	0	0	0	0	0	0	676	0	54100	2930	12816	246	198	282	33066	274	0	8192	7108	0	8674	228	4292	750	732	0	334	334	8568	9286	3426	588	776	404	
471488	Cerebelum_6_R	0	0	0	0	0	0	0	0	0	0	0	0	0	0	0	0	0	0	0	0	0	0	0	0	0	0	0	0	0	0	0	0	0	0	0	0	0	0	0	0	0	0	0	0	0	0	1844	10514	0	0	0	0	144	570	786	13694	0	0	0	0	0	0	0	0	0	0	0	0	0	0	0	0	0	0	0	0	0	0	0	0	0	0	0	0	0	0	0	0	0	0	5812	58464	7910	11426	0	3598	4960	27780	8192	0	2838	1284	3428	11122	1858	5154	376	556	460	1218	14228	14660	14428	3322	4578	540	
311160	Cerebelum_7b_L	0	0	0	0	0	0	0	0	0	0	0	0	0	0	0	0	0	0	0	0	0	0	0	0	0	0	0	0	0	0	0	0	0	0	0	0	0	0	0	0	0	0	0	0	0	0	368	334	0	0	0	0	0	0	650	130	0	0	0	0	0	0	0	0	0	0	0	0	0	0	0	0	0	0	0	0	0	0	0	0	0	0	0	0	0	0	0	0	0	0	18458	2472	44074	3520	0	0	1992	0	7108	2838	0	2638	44494	4368	6762	134	794	0	0	0	878	712	6432	5942	482	0	
171752	Cerebelum_7b_R	0	0	0	0	0	0	0	0	0	0	0	0	0	0	0	0	0	0	0	0	0	0	0	0	0	0	0	0	0	0	0	0	0	0	0	0	0	0	0	0	0	0	0	0	0	0	0	0	0	0	0	0	0	0	0	344	0	0	0	0	0	0	0	0	0	0	0	0	0	0	0	0	0	0	0	0	0	0	0	0	0	0	0	0	0	0	0	0	0	0	134	7466	4064	27030	0	0	0	142	0	1284	2638	0	2940	27930	0	4058	0	0	0	0	0	0	3346	4148	352	0	
364456	Cerebelum_8_L	0	0	0	0	0	0	0	0	0	0	0	0	0	0	0	0	0	0	0	0	0	0	0	0	0	0	0	0	0	0	0	0	0	0	0	0	0	0	0	0	0	0	0	0	0	0	156	542	0	0	0	0	0	0	644	0	0	0	0	0	0	0	0	0	0	0	0	0	0	0	0	0	0	0	0	0	0	0	0	0	0	0	0	0	0	0	0	0	0	0	20594	2846	42460	3822	0	0	2612	0	8674	3428	44494	2940	0	6714	18898	772	2498	0	0	0	1034	1144	6332	9852	1772	0	
317300	Cerebelum_8_R	0	0	0	0	0	0	0	0	0	0	0	0	0	0	0	0	0	0	0	0	0	0	0	0	0	0	0	0	0	0	0	0	0	0	0	0	0	0	0	0	0	0	0	0	0	0	0	0	0	0	0	0	0	0	0	908	0	0	0	0	0	0	0	0	0	0	0	0	0	0	0	0	0	0	0	0	0	0	0	0	0	0	0	0	0	0	0	0	0	0	336	23524	5262	34984	0	676	374	1366	228	11122	4368	27930	6714	0	554	15320	0	660	124	398	1630	0	6570	10738	4864	0	
131292	Cerebelum_9_L	0	0	0	0	0	0	0	0	0	0	0	0	0	0	0	0	0	0	0	0	0	0	0	0	0	0	0	0	0	0	0	0	0	0	0	0	0	0	0	0	0	0	0	0	0	0	502	1014	0	0	0	0	0	0	0	132	0	0	0	0	0	0	0	0	0	0	0	0	0	0	0	0	0	0	0	0	0	0	0	0	0	0	0	0	0	0	0	0	0	0	3978	672	6950	696	168	0	4042	0	4292	1858	6762	0	18898	554	0	854	4724	0	0	0	1656	2562	1722	1640	1366	604	
121528	Cerebelum_9_R	0	0	0	0	0	0	0	0	0	0	0	0	0	0	0	0	0	0	0	0	0	0	0	0	0	0	0	0	0	0	0	0	0	0	0	0	0	0	0	0	0	0	0	0	0	0	0	0	0	0	0	0	0	0	0	0	0	0	0	0	0	0	0	0	0	0	0	0	0	0	0	0	0	0	0	0	0	0	0	0	0	0	0	0	0	0	0	0	0	0	288	5066	244	4598	0	1076	1444	860	750	5154	134	4058	772	15320	854	0	0	988	606	1130	2886	1532	2636	3272	5902	1194	
25416	Cerebelum_10_L	0	0	0	0	0	0	0	0	0	0	0	0	0	0	0	0	0	0	0	0	0	0	0	0	0	0	0	0	0	0	0	0	0	0	0	0	0	0	0	0	0	0	0	0	0	0	0	332	0	0	0	0	0	0	0	0	0	0	0	0	0	0	0	0	0	0	0	0	0	0	0	0	0	0	0	0	0	0	0	0	0	0	0	0	0	0	0	0	0	0	908	0	918	0	0	0	460	0	732	376	794	0	2498	0	4724	0	0	0	0	0	0	588	378	0	0	0	
6628	Cerebelum_10_R	0	0	0	0	0	0	0	0	0	0	0	0	0	0	0	0	0	0	0	0	0	0	0	0	0	0	0	0	0	0	0	0	0	0	0	0	0	0	0	0	0	0	0	0	0	0	0	0	0	0	0	0	0	0	0	0	0	0	0	0	0	0	0	0	0	0	0	0	0	0	0	0	0	0	0	0	0	0	0	0	0	0	0	0	0	0	0	0	0	0	0	472	0	336	0	0	0	0	0	556	0	0	0	660	0	988	0	0	0	0	0	0	138	0	164	0	
28276	Vermis_1_2	0	0	0	0	0	0	0	0	0	0	0	0	0	0	0	0	0	0	0	0	0	0	0	0	0	0	0	0	0	0	0	0	0	0	0	0	0	0	0	0	0	0	0	0	0	0	0	0	0	0	0	0	0	0	0	0	0	0	0	0	0	0	0	0	0	0	0	0	0	0	0	0	0	0	0	0	0	0	0	0	0	0	0	0	0	0	0	0	0	0	180	236	0	0	1196	330	1688	0	334	460	0	0	0	124	0	606	0	0	0	5220	2668	152	234	250	460	0	
45056	Vermis_3	0	0	0	0	0	0	0	0	0	0	0	0	0	0	0	0	0	0	0	0	0	0	0	0	0	0	0	0	0	0	0	0	0	0	0	0	0	0	0	0	0	0	0	0	0	0	0	0	0	0	0	0	0	0	0	0	0	0	0	0	0	0	0	0	0	0	0	0	0	0	170	0	0	0	0	0	0	0	0	0	0	0	0	0	0	0	0	0	0	0	168	738	0	172	2348	2070	2226	590	334	1218	0	0	0	398	0	1130	0	0	5220	0	4120	156	366	430	674	0	
208848	Vermis_4_5	0	0	0	0	0	0	0	0	0	0	0	0	0	0	0	0	0	0	0	0	0	0	0	0	0	0	0	0	0	0	0	0	0	0	0	190	0	130	0	130	0	0	0	0	0	0	1464	3432	0	0	0	0	0	310	392	2820	0	0	0	0	0	0	0	0	0	0	0	402	0	0	0	0	0	0	0	0	0	0	0	0	0	0	0	0	0	0	0	0	0	0	4768	8398	938	832	1472	2290	17028	10102	8568	14228	878	0	1034	1630	1656	2886	0	0	2668	4120	0	4830	788	1320	2666	2054	
165576	Vermis_6	0	0	0	0	0	0	0	0	0	0	0	0	0	0	0	0	0	0	0	0	0	0	0	0	0	0	0	0	0	0	0	0	0	0	0	0	0	0	0	0	0	0	0	0	0	0	2158	7644	0	0	0	0	158	0	814	2294	0	0	0	0	0	0	0	0	0	0	0	0	0	0	0	0	0	0	0	0	0	0	0	0	0	0	0	0	0	0	0	0	0	0	5360	6502	3890	714	0	170	5248	144	9286	14660	712	0	1144	0	2562	1532	588	0	152	156	4830	0	7016	980	2004	2070	
223604	Vermis_7	0	0	0	0	0	0	0	0	0	0	0	0	0	0	0	0	0	0	0	0	0	0	0	0	0	0	0	0	0	0	0	0	0	0	0	0	0	0	0	0	0	0	0	0	0	0	1444	2590	0	0	0	0	0	0	800	738	0	0	0	0	0	0	0	0	0	0	0	0	0	0	0	0	0	0	0	0	0	0	0	0	0	0	0	0	0	0	0	0	0	0	4670	13584	13288	9454	0	386	340	256	3426	14428	6432	3346	6332	6570	1722	2636	378	138	234	366	788	7016	0	6872	3416	152	
143232	Vermis_8	0	0	0	0	0	0	0	0	0	0	0	0	0	0	0	0	0	0	0	0	0	0	0	0	0	0	0	0	0	0	0	0	0	0	0	0	0	0	0	0	0	0	0	0	0	0	0	232	0	0	0	0	0	0	0	0	0	0	0	0	0	0	0	0	0	0	0	0	0	0	0	0	0	0	0	0	0	0	0	0	0	0	0	0	0	0	0	0	0	0	438	3614	5912	4540	0	508	838	268	588	3322	5942	4148	9852	10738	1640	3272	0	0	250	430	1320	980	6872	0	5288	624	
