data	data	371344	294436	988148	773432	111876	144044	557180	292984	120560	50044	244360	133292	258060	118152	167140	108648	238528	146312	750712	703400	76580	94944	395632	428232	26736	144104	41592	79948	642196	307792	349240	605280	259184	520612	131408	173536	335328	267680	84804	141536	48324	67544	331476	420764	215140	334064	325028	369452	262516	292192	453052	276984	221520	126224	431616	482020	249016	246772	101028	150456	197256	135308	154692	132312	129900	134016	279780	526152	184752	277972	180808	370560	324456	365192	35608	47904	144256	144448	81608	55240	229032	154916	111140	81660	301812	290012	29312	42252	245444	187612	526908	453584	379976	317152	46148	37512	302228	223480	499936	439380	236176	149676	314748	317604	89752	106884	22020	3388	23500	65200	287108	257428	290608	211836	81508	24116	
data	data	Precentral_L	Precentral_R	Frontal_Sup_L	Frontal_Sup_R	Frontal_Sup_Orb_L	Frontal_Sup_Orb_R	Frontal_Mid_L	Frontal_Mid_R	Frontal_Mid_Orb_L	Frontal_Mid_Orb_R	Frontal_Inf_Oper_L	Frontal_Inf_Oper_R	Frontal_Inf_Tri_L	Frontal_Inf_Tri_R	Frontal_Inf_Orb_L	Frontal_Inf_Orb_R	Rolandic_Oper_L	Rolandic_Oper_R	Supp_Motor_Area_L	Supp_Motor_Area_R	Olfactory_L	Olfactory_R	Frontal_Sup_Medial_L	Frontal_Sup_Medial_R	Frontal_Med_Orb_L	Frontal_Med_Orb_R	Rectus_L	Rectus_R	Insula_L	Insula_R	Cingulum_Ant_L	Cingulum_Ant_R	Cingulum_Mid_L	Cingulum_Mid_R	Cingulum_Post_L	Cingulum_Post_R	Hippocampus_L	Hippocampus_R	ParaHippocampal_L	ParaHippocampal_R	Amygdala_L	Amygdala_R	Calcarine_L	Calcarine_R	Cuneus_L	Cuneus_R	Lingual_L	Lingual_R	Occipital_Sup_L	Occipital_Sup_R	Occipital_Mid_L	Occipital_Mid_R	Occipital_Inf_L	Occipital_Inf_R	Fusiform_L	Fusiform_R	Postcentral_L	Postcentral_R	Parietal_Sup_L	Parietal_Sup_R	Parietal_Inf_L	Parietal_Inf_R	SupraMarginal_L	SupraMarginal_R	Angular_L	Angular_R	Precuneus_L	Precuneus_R	Paracentral_Lobule_L	Paracentral_Lobule_R	Caudate_L	Caudate_R	Putamen_L	Putamen_R	Pallidum_L	Pallidum_R	Thalamus_L	Thalamus_R	Heschl_L	Heschl_R	Temporal_Sup_L	Temporal_Sup_R	Temporal_Pole_Sup_L	Temporal_Pole_Sup_R	Temporal_Mid_L	Temporal_Mid_R	Temporal_Pole_Mid_L	Temporal_Pole_Mid_R	Temporal_Inf_L	Temporal_Inf_R	Cerebelum_Crus1_L	Cerebelum_Crus1_R	Cerebelum_Crus2_L	Cerebelum_Crus2_R	Cerebelum_3_L	Cerebelum_3_R	Cerebelum_4_5_L	Cerebelum_4_5_R	Cerebelum_6_L	Cerebelum_6_R	Cerebelum_7b_L	Cerebelum_7b_R	Cerebelum_8_L	Cerebelum_8_R	Cerebelum_9_L	Cerebelum_9_R	Cerebelum_10_L	Cerebelum_10_R	Vermis_1_2	Vermis_3	Vermis_4_5	Vermis_6	Vermis_7	Vermis_8	Vermis_9	Vermis_10	
371344	Precentral_L	0	5362	9538	320	0	0	18262	0	0	0	10276	0	1526	0	102	0	10856	0	4734	9258	0	0	0	0	0	0	0	0	14234	86	0	0	592	4490	2122	1782	7914	1304	376	132	0	0	260	0	150	0	0	0	148	0	890	0	574	196	1518	486	24890	96	196	0	5470	0	4164	0	1294	0	526	140	12560	7526	2176	106	3238	134	562	0	6538	1024	3590	0	1890	0	0	0	1374	0	0	0	690	0	0	0	0	0	0	0	0	0	0	0	0	0	0	0	0	0	0	0	0	0	0	0	0	0	0	0	
294436	Precentral_R	5362	0	5454	8284	0	0	0	7388	0	0	0	8018	0	960	0	0	0	3380	7974	17596	0	0	0	106	0	0	0	0	0	2676	0	266	184	1852	334	296	624	2068	0	320	0	0	0	2094	0	492	0	194	0	0	0	248	0	454	0	1642	504	25440	0	1792	0	1586	0	4182	0	312	152	3640	6286	14520	1204	1354	92	2374	0	194	3154	542	0	304	0	502	0	0	0	406	0	0	0	412	0	0	0	0	0	0	0	0	0	0	0	0	0	0	0	0	0	0	0	0	0	0	0	0	0	0	
988148	Frontal_Sup_L	9538	5454	0	11174	4146	442	67662	2308	5548	0	18356	606	21366	302	7828	0	9350	704	83754	9230	156	116	40428	7116	404	1036	0	164	42014	1144	20982	10724	13046	7224	688	958	14600	510	578	112	160	0	0	0	0	0	0	0	0	0	0	0	174	0	2120	100	3140	2382	0	0	418	0	326	86	0	0	0	0	960	290	9468	5990	23784	1472	3098	282	10060	1040	664	0	3106	0	2876	0	730	0	0	0	1580	0	0	0	0	0	0	0	0	0	0	0	0	0	0	0	0	0	0	0	0	0	0	0	0	0	0	0	
773432	Frontal_Sup_R	320	8284	11174	0	0	9130	2946	44662	0	2078	0	5910	180	9602	0	3858	0	7000	13980	49698	0	298	16100	44372	0	4602	0	558	170	13128	7968	40570	2762	21478	0	0	334	2944	0	1044	0	320	0	550	0	120	0	0	0	0	0	0	0	0	0	850	202	2648	0	0	0	0	0	342	0	0	0	876	322	178	586	17688	202	19432	0	3498	888	11690	0	276	0	406	0	228	0	90	0	0	0	174	0	0	0	0	0	0	0	0	0	0	0	0	0	0	0	0	0	0	0	0	0	0	0	0	0	0	
111876	Frontal_Sup_Orb_L	0	0	4146	0	0	106	1138	0	11440	0	0	0	994	0	6820	0	0	0	516	0	1698	84	3212	222	3578	288	6602	0	3154	0	4002	0	0	0	0	0	0	0	146	0	96	0	0	0	0	0	0	0	0	0	0	0	0	0	0	0	0	0	0	0	0	0	0	0	0	0	0	0	0	0	224	0	7112	0	0	0	0	0	0	0	0	0	360	0	0	0	0	0	0	0	0	0	0	0	0	0	0	0	0	0	0	0	0	0	0	0	0	0	0	0	0	0	0	0	0	0	
144044	Frontal_Sup_Orb_R	0	0	442	9130	106	0	0	2888	0	5194	0	0	0	614	0	4840	0	116	700	680	460	2606	900	6350	426	10268	190	8152	0	2342	596	4628	0	98	0	0	0	0	0	0	0	158	0	0	0	0	0	0	0	0	0	0	0	0	0	0	0	0	0	0	0	0	0	0	0	0	0	0	0	0	372	3568	142	6056	0	0	0	0	0	0	0	0	0	0	0	0	0	0	0	0	0	0	0	0	0	0	0	0	0	0	0	0	0	0	0	0	0	0	0	0	0	0	0	0	0	0	
557180	Frontal_Mid_L	18262	0	67662	2946	1138	0	0	204	5712	0	13398	0	34568	0	9630	0	4940	0	15132	1380	0	0	14028	1958	0	114	0	0	24834	0	8886	5358	11078	5194	480	692	5026	208	228	0	228	0	0	0	0	0	0	0	0	0	0	0	0	0	472	0	1944	0	0	0	1102	0	952	0	144	0	0	0	164	0	2106	566	9752	0	570	0	2614	690	1112	0	1328	0	946	0	454	0	0	0	390	0	0	0	0	0	0	0	0	0	0	0	0	0	0	0	0	0	0	0	0	0	0	0	0	0	0	0	
292984	Frontal_Mid_R	0	7388	2308	44662	0	2888	204	0	0	3106	0	12068	0	17380	0	6032	0	1640	2676	3486	0	0	2684	9048	0	0	0	0	0	6056	1048	6020	456	4940	0	0	0	954	0	432	0	136	0	0	0	0	0	0	0	0	0	0	0	0	0	340	0	1454	0	0	0	0	0	0	0	0	0	0	0	0	0	2028	0	6004	0	960	0	0	0	0	0	0	0	94	0	0	0	0	0	0	0	0	0	0	0	0	0	0	0	0	0	0	0	0	0	0	0	0	0	0	0	0	0	0	0	0	
120560	Frontal_Mid_Orb_L	0	0	5548	0	11440	0	5712	0	0	0	0	0	4646	0	16134	0	0	0	2134	0	276	0	0	0	0	0	2388	0	5596	0	0	0	0	0	0	0	0	0	0	0	0	0	0	0	0	0	0	0	0	0	0	0	0	0	0	0	0	0	0	0	0	0	0	0	0	0	0	0	0	0	204	0	5114	0	0	0	0	0	0	0	0	0	1088	0	0	0	0	0	0	0	0	0	0	0	0	0	0	0	0	0	0	0	0	0	0	0	0	0	0	0	0	0	0	0	0	0	
50044	Frontal_Mid_Orb_R	0	0	0	2078	0	5194	0	3106	0	0	0	0	0	524	0	6636	0	0	0	142	0	758	0	228	0	370	0	854	0	1478	0	284	0	0	0	0	0	0	0	0	0	0	0	0	0	0	0	0	0	0	0	0	0	0	0	0	0	0	0	0	0	0	0	0	0	0	0	0	0	0	0	314	0	3056	0	0	0	0	0	0	0	0	0	0	0	0	0	0	0	0	0	0	0	0	0	0	0	0	0	0	0	0	0	0	0	0	0	0	0	0	0	0	0	0	0	0	
244360	Frontal_Inf_Oper_L	10276	0	18356	0	0	0	13398	0	0	0	0	0	14580	0	320	0	14854	0	11144	0	0	0	468	0	0	0	0	0	21804	0	772	216	804	238	0	0	556	0	0	0	0	0	0	0	0	0	0	0	0	0	0	0	0	0	108	0	3274	0	0	0	216	0	322	0	0	0	0	0	0	0	462	138	1984	0	0	0	176	0	502	0	3448	0	3552	0	124	0	0	0	88	0	0	0	0	0	0	0	0	0	0	0	0	0	0	0	0	0	0	0	0	0	0	0	0	0	0	0	
133292	Frontal_Inf_Oper_R	0	8018	606	5910	0	0	0	12068	0	0	0	0	0	5948	0	1064	0	5094	1004	1938	0	0	0	482	0	0	0	0	0	8500	0	332	0	196	0	0	0	1596	0	588	0	0	0	0	0	0	0	0	0	0	0	0	0	0	0	492	0	3962	0	0	0	0	0	812	0	0	0	0	0	0	0	944	0	6096	0	116	0	206	0	98	0	0	0	576	0	0	0	0	0	0	0	0	0	0	0	0	0	0	0	0	0	0	0	0	0	0	0	0	0	0	0	0	0	0	0	0	
258060	Frontal_Inf_Tri_L	1526	0	21366	180	994	0	34568	0	4646	0	14580	0	0	0	12870	0	1458	0	8854	120	0	0	1672	0	0	0	0	0	17152	0	1470	462	1484	502	0	0	0	0	0	0	0	0	0	0	0	0	0	0	0	0	0	0	0	0	0	0	0	0	0	0	0	0	0	0	0	0	0	0	0	0	334	0	3548	0	0	0	0	0	0	0	444	0	800	0	0	0	0	0	0	0	0	0	0	0	0	0	0	0	0	0	0	0	0	0	0	0	0	0	0	0	0	0	0	0	0	0	
118152	Frontal_Inf_Tri_R	0	960	302	9602	0	614	0	17380	0	524	0	5948	0	0	0	3440	0	1062	426	2818	0	0	210	1826	0	0	0	0	0	8292	156	2696	88	874	0	0	0	0	0	0	0	0	0	0	0	0	0	0	0	0	0	0	0	0	0	0	0	106	0	0	0	0	0	0	0	0	0	0	0	0	0	552	0	966	0	0	0	0	0	0	0	0	0	234	0	0	0	0	0	0	0	0	0	0	0	0	0	0	0	0	0	0	0	0	0	0	0	0	0	0	0	0	0	0	0	0	
167140	Frontal_Inf_Orb_L	102	0	7828	0	6820	0	9630	0	16134	0	320	0	12870	0	0	0	108	0	3174	0	2056	0	182	0	0	0	988	0	13046	0	124	0	0	0	0	0	446	0	302	0	138	0	0	0	0	0	0	0	0	0	0	0	0	0	158	0	0	0	0	0	0	0	0	0	0	0	0	0	0	0	366	0	5584	0	0	0	0	0	0	0	0	0	3194	0	0	0	0	0	0	0	0	0	0	0	0	0	0	0	0	0	0	0	0	0	0	0	0	0	0	0	0	0	0	0	0	0	
108648	Frontal_Inf_Orb_R	0	0	0	3858	0	4840	0	6032	0	6636	0	1064	0	3440	0	0	0	1302	0	398	288	1498	0	98	0	418	136	1520	0	9320	152	556	0	188	0	0	0	214	0	92	0	234	0	0	0	0	0	0	0	0	0	0	0	0	0	120	0	0	0	0	0	0	0	0	0	0	0	0	0	0	216	836	102	4382	0	0	0	0	0	276	0	2146	0	3610	0	268	0	84	0	0	0	0	0	0	0	0	0	0	0	0	0	0	0	0	0	0	0	0	0	0	0	0	0	0	0	0	
238528	Rolandic_Oper_L	10856	0	9350	0	0	0	4940	0	0	0	14854	0	1458	0	108	0	0	0	6692	0	0	0	0	0	0	0	0	0	22124	0	0	0	0	0	0	0	1302	0	0	0	0	0	662	0	314	0	0	0	0	0	1794	0	952	0	1784	0	8890	0	0	0	1734	0	4314	0	2954	0	584	0	0	0	460	114	1168	0	206	0	184	0	4932	0	9184	0	3262	0	3830	0	0	0	258	0	0	0	0	0	0	0	0	0	0	0	0	0	0	0	0	0	0	0	0	0	0	0	0	0	0	0	
146312	Rolandic_Oper_R	0	3380	704	7000	0	116	0	1640	0	0	0	5094	0	1062	0	1302	0	0	3876	6752	0	0	0	270	0	176	0	92	0	12452	0	330	0	0	0	0	0	1348	0	312	0	0	0	88	0	0	0	0	0	0	0	0	0	0	0	632	0	5364	0	0	0	186	0	2424	0	94	0	556	0	144	0	1430	0	3932	0	160	0	98	0	5228	0	5256	0	1278	0	198	0	0	0	182	0	0	0	0	0	0	0	0	0	0	0	0	0	0	0	0	0	0	0	0	0	0	0	0	0	0	
750712	Supp_Motor_Area_L	4734	7974	83754	13980	516	700	15132	2676	2134	0	11144	1004	8854	426	3174	0	6692	3876	0	38800	94	94	6902	4348	0	1596	0	262	27444	2740	9568	11642	10576	12566	668	166	3954	622	362	170	206	0	0	0	0	0	0	0	0	0	0	0	116	0	1558	232	3740	3532	134	0	164	0	158	186	0	0	294	230	5582	1624	10792	10160	19380	4162	4434	948	2078	756	524	298	1744	142	1798	0	220	0	0	0	820	0	0	0	0	0	0	0	0	0	0	0	0	0	0	0	0	0	0	0	0	0	0	0	0	0	0	0	
703400	Supp_Motor_Area_R	9258	17596	9230	49698	0	680	1380	3486	0	142	0	1938	120	2818	0	398	0	6752	38800	0	0	0	2962	8870	0	1158	0	280	114	8900	6924	21138	6682	35950	880	4006	524	1288	0	416	0	108	0	1832	0	1560	0	618	0	1022	0	958	0	502	0	1638	508	2642	94	706	0	386	0	260	0	228	388	7754	11226	28686	912	18372	172	9362	0	1552	2754	11914	0	520	0	758	0	210	0	660	0	0	0	428	0	0	0	0	0	0	0	0	0	0	0	0	0	0	0	0	0	0	0	0	582	0	0	0	0	0	
76580	Olfactory_L	0	0	156	0	1698	460	0	0	276	0	0	0	0	0	2056	288	0	0	94	0	0	5386	0	0	0	98	1952	1094	3194	130	2684	1252	0	0	0	0	614	0	1050	0	548	0	0	0	0	0	0	0	0	0	0	0	0	0	208	0	0	0	0	0	0	0	0	0	0	0	0	0	0	0	6190	4546	3328	88	0	0	0	0	0	0	0	0	900	0	0	0	0	0	0	0	0	0	0	0	0	0	0	0	0	0	0	0	0	0	0	0	0	0	0	0	0	0	0	0	0	0	
94944	Olfactory_R	0	0	116	298	84	2606	0	0	0	758	0	0	0	0	0	1498	0	0	94	0	5386	0	0	268	252	1840	1016	5248	0	2796	2572	3368	0	0	0	0	0	144	0	0	0	876	0	0	0	0	0	0	0	0	0	0	0	0	0	0	0	0	0	0	0	0	0	0	0	0	0	0	0	0	6604	6956	3908	644	0	0	0	0	0	0	0	0	0	140	0	0	0	0	0	0	0	0	0	0	0	0	0	0	0	0	0	0	0	0	0	0	0	0	0	0	0	0	0	0	0	0	
395632	Frontal_Sup_Medial_L	0	0	40428	16100	3212	900	14028	2684	0	0	468	0	1672	210	182	0	0	0	6902	2962	0	0	0	25098	2370	3140	0	0	778	0	23998	24272	8442	17400	0	0	0	0	0	0	0	0	0	0	0	0	0	0	0	0	0	0	0	0	0	0	0	0	0	0	0	0	0	0	0	0	0	0	0	0	442	280	1642	206	0	0	0	0	0	0	0	0	0	0	0	0	0	0	0	0	0	0	0	0	0	0	0	0	0	0	0	0	0	0	0	0	0	0	0	0	0	0	0	0	0	0	
428232	Frontal_Sup_Medial_R	0	106	7116	44372	222	6350	1958	9048	0	228	0	482	0	1826	0	98	0	270	4348	8870	0	268	25098	0	664	12930	0	1888	0	1168	5656	41784	1698	22364	0	0	0	106	0	0	0	0	0	0	0	0	0	0	0	0	0	0	0	0	0	0	0	0	0	0	0	0	0	0	0	0	0	0	0	0	404	9338	0	5104	0	0	0	352	0	0	0	0	0	0	0	0	0	0	0	0	0	0	0	0	0	0	0	0	0	0	0	0	0	0	0	0	0	0	0	0	0	0	0	0	0	0	
26736	Frontal_Med_Orb_L	0	0	404	0	3578	426	0	0	0	0	0	0	0	0	0	0	0	0	0	0	0	252	2370	664	0	1598	1236	308	0	0	1868	336	0	0	0	0	0	0	0	0	0	0	0	0	0	0	0	0	0	0	0	0	0	0	0	0	0	0	0	0	0	0	0	0	0	0	0	0	0	0	0	102	226	0	0	0	0	0	0	0	0	0	0	0	0	0	0	0	0	0	0	0	0	0	0	0	0	0	0	0	0	0	0	0	0	0	0	0	0	0	0	0	0	0	0	0	
144104	Frontal_Med_Orb_R	0	0	1036	4602	288	10268	114	0	0	370	0	0	0	0	0	418	0	176	1596	1158	98	1840	3140	12930	1598	0	122	7380	0	422	1394	10416	150	132	0	0	0	0	0	0	0	0	0	0	0	0	0	0	0	0	0	0	0	0	0	0	0	0	0	0	0	0	0	0	0	0	0	0	0	0	126	7414	0	4748	0	0	0	116	0	0	0	0	0	0	0	0	0	0	0	0	0	0	0	0	0	0	0	0	0	0	0	0	0	0	0	0	0	0	0	0	0	0	0	0	0	0	
41592	Rectus_L	0	0	0	0	6602	190	0	0	2388	0	0	0	0	0	988	136	0	0	0	0	1952	1016	0	0	1236	122	0	560	428	0	2218	246	0	0	0	0	0	0	0	0	0	0	0	0	0	0	0	0	0	0	0	0	0	0	0	0	0	0	0	0	0	0	0	0	0	0	0	0	0	0	1244	676	794	0	0	0	0	0	0	0	0	0	0	0	0	0	0	0	0	0	0	0	0	0	0	0	0	0	0	0	0	0	0	0	0	0	0	0	0	0	0	0	0	0	0	0	
79948	Rectus_R	0	0	164	558	0	8152	0	0	0	854	0	0	0	0	0	1520	0	92	262	280	1094	5248	0	1888	308	7380	560	0	0	1408	728	3602	0	0	0	0	0	0	0	0	0	336	0	0	0	0	0	0	0	0	0	0	0	0	0	0	0	0	0	0	0	0	0	0	0	0	0	0	0	0	896	2970	398	1276	0	0	0	0	0	0	0	0	0	0	0	0	0	0	0	0	0	0	0	0	0	0	0	0	0	0	0	0	0	0	0	0	0	0	0	0	0	0	0	0	0	0	
642196	Insula_L	14234	0	42014	170	3154	0	24834	0	5596	0	21804	0	17152	0	13046	0	22124	0	27444	114	3194	0	778	0	0	0	428	0	0	0	460	188	252	118	934	1356	20352	310	2104	0	3076	0	1154	0	532	0	216	0	0	0	496	0	1814	0	10482	0	8620	0	0	0	2378	0	3422	0	632	0	1170	0	0	0	2216	294	19356	0	158	0	2808	994	9908	0	12000	0	6718	0	5276	0	0	0	5218	0	0	0	0	0	0	0	0	0	0	0	0	0	0	0	0	0	0	0	0	0	0	0	0	0	0	0	
307792	Insula_R	86	2676	1144	13128	0	2342	0	6056	0	1478	0	8500	0	8292	0	9320	0	12452	2740	8900	130	2796	0	1168	0	422	0	1408	0	0	264	2506	184	644	0	0	0	8840	0	3260	0	2692	0	148	0	0	0	0	0	0	0	0	0	144	0	2862	0	2368	0	0	0	194	0	678	0	148	0	444	0	210	102	2570	0	23722	0	304	86	836	0	3428	0	7146	0	4588	0	1344	0	220	0	926	0	0	0	0	0	0	0	0	0	0	0	0	0	0	0	0	0	0	0	0	0	0	0	0	0	0	
349240	Cingulum_Ant_L	0	0	20982	7968	4002	596	8886	1048	0	0	772	0	1470	156	124	152	0	0	9568	6924	2684	2572	23998	5656	1868	1394	2218	728	460	264	0	24408	13762	8860	0	0	0	0	0	0	0	0	0	0	0	0	0	0	0	0	0	0	0	0	0	0	0	0	0	0	0	0	0	0	0	0	0	0	0	0	6978	6926	6476	2720	0	0	0	0	0	0	0	0	0	0	0	0	0	0	0	0	0	0	0	0	0	0	0	0	0	0	0	0	0	0	0	0	0	0	0	0	0	0	0	0	0	0	
605280	Cingulum_Ant_R	0	266	10724	40570	0	4628	5358	6020	0	284	216	332	462	2696	0	556	0	330	11642	21138	1252	3368	24272	41784	336	10416	246	3602	188	2506	24408	0	9514	36448	0	0	0	226	0	0	0	230	0	0	0	0	0	0	0	0	0	0	0	0	0	0	0	0	0	0	0	0	0	0	0	0	0	0	0	0	2434	22888	976	11902	0	0	0	422	0	0	0	0	0	0	0	0	0	0	0	0	0	0	0	0	0	0	0	0	0	0	0	0	0	0	0	0	0	0	0	0	0	0	0	0	0	0	
259184	Cingulum_Mid_L	592	184	13046	2762	0	0	11078	456	0	0	804	0	1484	88	0	0	0	0	10576	6682	0	0	8442	1698	0	150	0	0	252	184	13762	9514	0	17356	4794	2236	0	0	0	0	0	0	164	570	1242	202	0	0	1346	0	1268	0	730	0	212	0	244	140	844	0	96	0	0	0	0	0	7282	3214	3950	1340	0	402	0	108	0	0	0	0	0	0	0	0	0	0	0	98	0	0	0	0	0	0	0	0	0	0	0	0	0	0	0	0	0	0	0	0	0	0	0	0	0	0	0	0	0	0	
520612	Cingulum_Mid_R	4490	1852	7224	21478	0	98	5194	4940	0	0	238	196	502	874	0	188	0	0	12566	35950	0	0	17400	22364	0	132	0	0	118	644	8860	36448	17356	0	1570	6982	0	0	0	0	0	0	0	1816	314	2368	0	752	444	1512	140	1214	0	166	0	320	0	1364	356	1418	0	438	0	0	0	388	2670	13812	6394	14596	0	0	0	98	0	0	248	0	0	0	0	108	0	0	0	832	0	0	0	0	0	0	0	0	0	0	0	0	0	0	0	0	0	0	0	0	0	0	0	0	874	0	0	0	0	0	
131408	Cingulum_Post_L	2122	334	688	0	0	0	480	0	0	0	0	0	0	0	0	0	0	0	668	880	0	0	0	0	0	0	0	0	934	0	0	0	4794	1570	0	10782	4578	1870	938	110	0	0	3886	214	934	302	2938	152	642	0	600	0	368	304	252	728	420	0	156	0	0	0	0	142	0	0	8882	2690	3804	888	0	0	150	0	0	0	688	1066	0	0	144	180	0	0	486	0	0	0	104	128	0	0	0	0	0	0	2252	0	0	0	0	0	0	0	0	0	0	0	0	0	1456	0	0	0	0	0	
173536	Cingulum_Post_R	1782	296	958	0	0	0	692	0	0	0	0	0	0	0	0	0	0	0	166	4006	0	0	0	0	0	0	0	0	1356	0	0	0	2236	6982	10782	0	4146	3288	544	310	0	0	106	1266	738	572	184	5178	952	156	314	198	118	942	198	2356	464	308	210	0	0	0	0	324	0	0	3604	11772	1332	3812	0	0	182	0	0	0	1466	2144	0	172	160	500	0	0	0	314	0	0	136	516	0	0	0	0	0	0	886	362	842	0	0	0	0	0	0	0	0	0	0	0	6440	0	0	0	0	0	
335328	Hippocampus_L	7914	624	14600	334	0	0	5026	0	0	0	556	0	0	0	446	0	1302	0	3954	524	614	0	0	0	0	0	0	0	20352	0	0	0	0	0	4578	4146	0	2620	10336	462	8834	0	1562	0	0	0	4002	138	0	0	0	0	318	0	17792	0	1450	0	0	0	268	0	334	0	0	0	2070	516	766	0	248	0	8790	0	418	0	13568	2866	3884	0	4256	0	1396	0	1850	0	0	0	11020	0	218	0	0	0	0	0	2204	0	306	0	0	0	0	0	0	0	0	0	0	0	202	0	0	0	0	0	
267680	Hippocampus_R	1304	2068	510	2944	0	0	208	954	0	0	0	1596	0	0	0	214	0	1348	622	1288	0	144	0	106	0	0	0	0	310	8840	0	226	0	0	1870	3288	2620	0	550	19600	0	10746	0	322	0	86	164	1974	0	0	0	104	0	318	0	23202	190	1322	0	324	0	682	0	850	0	354	0	2320	516	660	0	214	0	15628	0	706	1230	7024	0	874	0	2214	0	1566	0	2032	0	240	0	5384	0	0	0	0	0	122	110	968	0	0	0	0	0	0	0	0	0	0	0	0	784	0	0	0	0	0	
84804	ParaHippocampal_L	376	0	578	0	146	0	228	0	0	0	0	0	0	0	302	0	0	0	362	0	1050	0	0	0	0	0	0	0	2104	0	0	0	0	0	938	544	10336	550	0	98	2362	0	938	0	0	0	4168	0	0	0	440	0	490	0	7712	0	116	0	0	0	0	0	0	0	0	0	820	0	0	0	108	0	1894	0	0	0	392	266	0	0	176	0	1314	0	0	0	760	0	1096	0	0	0	0	0	0	0	1580	0	158	0	0	0	0	0	0	0	0	0	0	0	0	0	0	0	0	0	
141536	ParaHippocampal_R	132	320	112	1044	0	0	0	432	0	0	0	588	0	0	0	92	0	312	170	416	0	0	0	0	0	0	0	0	0	3260	0	0	0	0	110	310	462	19600	98	0	0	4986	0	0	0	0	0	3368	0	0	0	0	0	196	0	16384	0	298	0	0	0	0	0	0	0	0	0	916	0	0	0	0	0	5910	0	380	228	1744	0	158	0	716	0	888	0	408	0	772	0	2092	0	0	0	0	0	524	0	2494	0	0	0	0	0	0	0	0	0	0	0	444	404	0	0	0	0	0	
48324	Amygdala_L	0	0	160	0	96	0	228	0	0	0	0	0	0	0	138	0	0	0	206	0	548	0	0	0	0	0	0	0	3076	0	0	0	0	0	0	0	8834	0	2362	0	0	0	0	0	0	0	0	0	0	0	0	0	0	0	5298	0	0	0	0	0	0	0	0	0	0	0	0	0	0	0	0	0	424	0	0	0	0	0	0	0	0	0	678	0	0	0	128	0	1986	0	0	0	0	0	0	0	0	0	0	0	0	0	0	0	0	0	0	0	0	0	0	0	0	0	0	0	
67544	Amygdala_R	0	0	0	320	0	158	0	136	0	0	0	0	0	0	0	234	0	0	0	108	0	876	0	0	0	0	0	336	0	2692	0	230	0	0	0	0	0	10746	0	4986	0	0	0	0	0	0	0	0	0	0	0	0	0	0	0	7294	0	0	0	0	0	0	0	0	0	0	0	0	0	0	0	262	0	1972	0	0	0	96	0	0	0	0	0	2528	0	0	0	428	0	370	0	0	0	0	0	0	0	0	0	0	0	0	0	0	0	0	0	0	0	0	0	0	0	0	0	0	
331476	Calcarine_L	260	0	0	0	0	0	0	0	0	0	0	0	0	0	0	0	662	0	0	0	0	0	0	0	0	0	0	0	1154	0	0	0	164	0	3886	106	1562	0	938	0	0	0	0	10658	20362	8554	15708	2094	19592	4190	35210	824	8660	0	3098	620	704	0	310	0	402	0	162	0	0	0	12502	1418	686	96	0	0	0	0	0	0	0	0	552	0	124	0	0	0	3458	234	0	0	420	0	0	652	0	108	0	0	3442	0	0	486	0	0	0	0	0	0	0	0	0	0	1406	274	0	0	0	0	
420764	Calcarine_R	0	2094	0	550	0	0	0	0	0	0	0	0	0	0	0	0	0	88	0	1832	0	0	0	0	0	0	0	0	0	148	0	0	570	1816	214	1266	0	322	0	0	0	0	10658	0	4534	28762	3830	23150	268	21828	220	17632	0	6984	0	14350	0	8220	0	3160	0	3496	0	1212	0	1132	1574	33896	100	3434	0	0	0	98	0	0	0	0	0	350	0	654	0	0	0	8780	0	0	0	832	0	0	0	0	0	0	204	332	264	0	0	0	0	0	0	0	0	0	0	0	1440	88	0	0	0	0	
215140	Cuneus_L	150	0	0	0	0	0	0	0	0	0	0	0	0	0	0	0	314	0	0	0	0	0	0	0	0	0	0	0	532	0	0	0	1242	314	934	738	0	0	0	0	0	0	20362	4534	0	10212	1664	524	24168	3712	16084	266	2378	0	916	0	414	0	894	0	338	0	0	0	0	0	11244	3326	1152	0	0	0	0	0	0	0	0	0	178	0	0	0	0	0	832	0	0	0	148	0	0	0	0	0	0	0	0	0	0	0	0	0	0	0	0	0	0	0	0	0	0	0	0	0	0	0	
334064	Cuneus_R	0	492	0	120	0	0	0	0	0	0	0	0	0	0	0	0	0	0	0	1560	0	0	0	0	0	0	0	0	0	0	0	0	202	2368	302	572	0	86	0	0	0	0	8554	28762	10212	0	1288	7308	1178	32964	348	14888	0	2392	0	3896	0	864	232	4598	0	314	0	0	0	930	5366	27124	0	4306	0	0	0	0	0	0	0	0	0	0	0	212	0	0	0	5218	0	0	0	262	0	0	0	0	0	0	0	0	0	0	0	0	0	0	0	0	0	0	0	0	114	0	0	0	0	0	
325028	Lingual_L	0	0	0	0	0	0	0	0	0	0	0	0	0	0	0	0	0	0	0	0	0	0	0	0	0	0	0	0	216	0	0	0	0	0	2938	184	4002	164	4168	0	0	0	15708	3830	1664	1288	0	5766	6220	910	14412	292	11622	0	18444	1578	98	0	0	0	0	0	0	0	0	0	8538	438	148	0	0	0	88	0	0	0	276	98	100	0	0	0	0	0	196	156	0	0	452	0	7614	3218	1208	948	108	0	14174	188	16340	3768	84	448	184	92	0	0	0	0	0	0	2996	5354	1578	218	0	0	
369452	Lingual_R	0	194	0	0	0	0	0	0	0	0	0	0	0	0	0	0	0	0	0	618	0	0	0	0	0	0	0	0	0	0	0	0	0	752	152	5178	138	1974	0	3368	0	0	2094	23150	524	7308	5766	0	0	5784	0	3512	324	3658	1362	22928	0	332	0	124	0	176	0	0	0	132	172	14264	0	1162	0	0	0	0	0	0	0	240	0	182	0	286	0	0	0	892	0	0	0	572	3268	10392	298	768	0	496	3196	10876	9052	13014	0	0	0	670	0	106	0	0	0	666	14386	8946	1160	114	0	0	
262516	Occipital_Sup_L	148	0	0	0	0	0	0	0	0	0	0	0	0	0	0	0	0	0	0	0	0	0	0	0	0	0	0	0	0	0	0	0	1346	444	642	952	0	0	0	0	0	0	19592	268	24168	1178	6220	0	0	288	35998	0	6162	0	2734	0	860	0	8352	366	3246	0	0	0	1056	0	12192	2762	1680	0	0	0	0	0	0	0	0	0	0	0	0	0	0	0	492	0	0	0	112	0	0	0	0	0	0	0	0	0	0	0	0	0	0	0	0	0	0	0	0	0	0	0	0	0	0	0	
292192	Occipital_Sup_R	0	0	0	0	0	0	0	0	0	0	0	0	0	0	0	0	0	0	0	1022	0	0	0	0	0	0	0	0	0	0	0	0	0	1512	0	156	0	0	0	0	0	0	4190	21828	3712	32964	910	5784	288	0	162	26336	0	4414	0	5790	0	494	0	7180	0	2178	0	0	0	6594	882	9932	0	2356	0	0	0	0	0	0	0	0	0	0	0	0	0	0	0	7142	0	0	0	270	0	0	0	0	0	0	0	0	0	0	0	0	0	0	0	0	0	0	0	0	0	0	0	0	0	0	
453052	Occipital_Mid_L	890	0	0	0	0	0	0	0	0	0	0	0	0	0	0	0	1794	0	0	0	0	0	0	0	0	0	0	0	496	0	0	0	1268	140	600	314	0	0	440	0	0	0	35210	220	16084	348	14412	0	35998	162	0	0	33262	0	11130	0	2804	0	8510	0	10898	0	794	0	13464	0	8752	478	2920	0	0	0	0	0	0	0	0	0	310	0	2414	0	0	0	18588	0	0	0	3716	0	0	0	0	0	0	0	110	0	0	0	0	0	0	0	0	0	0	0	0	0	0	0	0	0	0	0	
276984	Occipital_Mid_R	0	248	0	0	0	0	0	0	0	0	0	0	0	0	0	0	0	0	0	958	0	0	0	0	0	0	0	0	0	0	0	0	0	1214	0	198	0	104	0	0	0	0	824	17632	266	14888	292	3512	0	26336	0	0	0	10912	0	5872	0	2002	0	3272	0	3364	0	928	0	14422	262	8548	0	1884	0	0	0	0	0	0	0	0	0	0	0	190	0	0	0	18430	0	0	0	1796	0	0	0	0	0	0	0	0	0	0	0	0	0	0	0	0	0	0	0	0	138	0	0	0	0	0	
221520	Occipital_Inf_L	574	0	174	0	0	0	0	0	0	0	0	0	0	0	0	0	952	0	116	0	0	0	0	0	0	0	0	0	1814	0	0	0	730	0	368	118	318	0	490	0	0	0	8660	0	2378	0	11622	324	6162	0	33262	0	0	0	17214	164	866	0	756	0	256	0	418	0	190	0	3408	112	474	0	0	0	0	0	0	0	0	0	440	0	1174	0	0	0	6114	0	0	0	7812	0	178	276	0	92	0	0	296	0	1122	320	0	0	0	0	0	0	0	0	0	0	410	488	118	0	0	0	
126224	Occipital_Inf_R	196	454	0	0	0	0	0	0	0	0	0	0	0	0	0	0	0	0	0	502	0	0	0	0	0	0	0	0	0	144	0	0	0	166	304	942	0	318	0	196	0	0	0	6984	0	2392	0	3658	0	4414	0	10912	0	0	0	15042	0	200	0	106	0	236	0	84	0	466	0	2330	176	754	0	0	0	0	0	0	0	0	0	516	0	810	0	0	0	4400	0	0	0	5722	0	0	0	0	0	0	102	0	110	0	0	0	0	0	0	0	0	0	0	0	476	0	0	0	0	0	
431616	Fusiform_L	1518	0	2120	0	0	0	472	0	0	0	108	0	0	0	158	0	1784	0	1558	0	208	0	0	0	0	0	0	0	10482	0	0	0	212	0	252	198	17792	0	7712	0	5298	0	3098	0	916	0	18444	1362	2734	0	11130	0	17214	0	0	482	1878	0	244	0	470	0	1152	0	178	0	1718	0	194	0	0	0	2344	0	0	0	540	88	3024	0	3026	0	1614	0	3724	0	886	0	15544	0	19428	2446	2754	1000	442	0	9204	482	25192	2940	872	660	1132	92	0	0	0	0	0	0	1802	3448	1828	210	0	0	
482020	Fusiform_R	486	1642	100	850	0	0	0	340	0	0	0	492	0	0	0	120	0	632	232	1638	0	0	0	0	0	0	0	0	0	2862	0	0	0	320	728	2356	0	23202	0	16384	0	7294	620	14350	0	3896	1578	22928	0	5790	0	5872	164	15042	482	0	200	894	0	618	0	896	0	858	0	1142	146	7066	396	2440	0	0	0	6522	0	282	0	1024	0	1562	0	4322	0	5500	0	10786	0	3036	0	23590	938	10184	106	282	0	438	312	6116	2222	11542	0	0	0	594	0	98	0	0	0	0	3136	2626	736	0	0	0	
249016	Postcentral_L	24890	504	3140	202	0	0	1944	0	0	0	3274	0	0	0	0	0	8890	0	3740	508	0	0	0	0	0	0	0	0	8620	0	0	0	244	0	420	464	1450	190	116	0	0	0	704	0	414	0	98	0	860	0	2804	0	866	0	1878	200	0	0	4920	0	22440	0	16988	0	1984	0	1908	0	2504	296	830	0	586	0	152	0	380	0	2644	0	1688	0	0	0	768	0	0	0	0	0	0	0	0	0	0	0	0	0	0	0	0	0	0	0	0	0	0	0	0	0	0	0	0	0	0	0	
246772	Postcentral_R	96	25440	2382	2648	0	0	0	1454	0	0	0	3962	0	106	0	0	0	5364	3532	2642	0	0	0	0	0	0	0	0	0	2368	0	0	140	1364	0	308	0	1322	0	298	0	0	0	8220	0	864	0	332	0	494	0	2002	0	200	0	894	0	0	0	8680	0	8344	0	13694	0	1108	0	12068	192	5594	0	1502	0	2174	0	136	0	436	0	368	0	580	0	0	0	1930	0	0	0	148	0	0	0	0	0	0	0	0	0	0	0	0	0	0	0	0	0	0	0	0	0	0	0	0	0	0	
101028	Parietal_Sup_L	196	0	0	0	0	0	0	0	0	0	0	0	0	0	0	0	0	0	134	94	0	0	0	0	0	0	0	0	0	0	0	0	844	356	156	210	0	0	0	0	0	0	310	0	894	232	0	0	8352	0	8510	0	756	0	244	0	4920	0	0	504	8120	0	0	0	966	0	11000	1276	2326	114	0	0	0	0	0	0	0	0	0	0	0	0	0	0	0	0	0	0	0	0	0	0	0	0	0	0	0	0	0	0	0	0	0	0	0	0	0	0	0	0	0	0	0	0	0	0	
150456	Parietal_Sup_R	0	1792	0	0	0	0	0	0	0	0	0	0	0	0	0	0	0	0	0	706	0	0	0	0	0	0	0	0	0	0	0	0	0	1418	0	0	0	324	0	0	0	0	0	3160	0	4598	0	124	366	7180	0	3272	0	106	0	618	0	8680	504	0	0	10940	0	3748	0	6136	1876	14910	0	2876	0	140	0	0	0	0	0	0	0	0	0	150	0	0	0	1488	0	0	0	116	0	0	0	0	0	0	0	0	0	0	0	0	0	0	0	0	0	0	0	0	0	0	0	0	0	0	
197256	Parietal_Inf_L	5470	0	418	0	0	0	1102	0	0	0	216	0	0	0	0	0	1734	0	164	0	0	0	0	0	0	0	0	0	2378	0	0	0	96	0	0	0	268	0	0	0	0	0	402	0	338	0	0	0	3246	0	10898	0	256	0	470	0	22440	0	8120	0	0	0	21140	0	13120	0	570	0	1334	0	0	0	0	0	0	0	0	0	544	0	1468	0	0	0	1718	0	0	0	718	0	0	0	0	0	0	0	0	0	0	0	0	0	0	0	0	0	0	0	0	0	0	0	0	0	0	0	
135308	Parietal_Inf_R	0	1586	0	0	0	0	0	0	0	0	0	0	0	0	0	0	0	186	0	386	0	0	0	0	0	0	0	0	0	194	0	0	0	438	0	0	0	682	0	0	0	0	0	3496	0	314	0	176	0	2178	0	3364	0	236	0	896	0	8344	0	10940	0	0	0	11804	0	11920	0	6518	0	642	0	264	0	124	0	0	0	0	0	0	0	636	0	0	0	2038	0	0	0	292	0	0	0	0	0	0	0	0	0	0	0	0	0	0	0	0	0	0	0	0	0	0	0	0	0	0	
154692	SupraMarginal_L	4164	0	326	0	0	0	952	0	0	0	322	0	0	0	0	0	4314	0	158	0	0	0	0	0	0	0	0	0	3422	0	0	0	0	0	0	0	334	0	0	0	0	0	162	0	0	0	0	0	0	0	794	0	418	0	1152	0	16988	0	0	0	21140	0	0	0	10650	0	152	0	0	0	0	0	0	0	0	0	0	0	866	0	5330	0	0	0	4724	0	0	0	978	0	0	0	0	0	0	0	0	0	0	0	0	0	0	0	0	0	0	0	0	0	0	0	0	0	0	0	
132312	SupraMarginal_R	0	4182	86	342	0	0	0	0	0	0	0	812	0	0	0	0	0	2424	186	260	0	0	0	0	0	0	0	0	0	678	0	0	0	0	142	324	0	850	0	0	0	0	0	1212	0	0	0	0	0	0	0	928	0	84	0	858	0	13694	0	3748	0	11804	0	0	0	6376	0	3104	0	550	0	786	0	908	0	116	0	278	0	506	0	6782	0	0	0	3112	0	0	0	1024	0	0	0	0	0	0	0	0	0	0	0	0	0	0	0	0	0	0	0	0	0	0	0	0	0	0	
129900	Angular_L	1294	0	0	0	0	0	144	0	0	0	0	0	0	0	0	0	2954	0	0	0	0	0	0	0	0	0	0	0	632	0	0	0	0	0	0	0	0	0	0	0	0	0	0	0	0	0	0	0	1056	0	13464	0	190	0	178	0	1984	0	966	0	13120	0	10650	0	0	0	132	0	434	0	0	0	0	0	0	0	0	0	118	0	4830	0	0	0	10262	0	0	0	2542	0	0	0	0	0	0	0	0	0	0	0	0	0	0	0	0	0	0	0	0	0	0	0	0	0	0	0	
134016	Angular_R	0	312	0	0	0	0	0	0	0	0	0	0	0	0	0	0	0	94	0	228	0	0	0	0	0	0	0	0	0	148	0	0	0	388	0	0	0	354	0	0	0	0	0	1132	0	930	0	132	0	6594	0	14422	0	466	0	1142	0	1108	0	6136	0	11920	0	6376	0	0	92	2820	0	1062	0	0	0	0	0	0	0	0	0	104	0	3534	0	0	0	7172	0	0	0	342	0	0	0	0	0	0	0	0	0	0	0	0	0	0	0	0	0	0	0	0	0	0	0	0	0	0	
279780	Precuneus_L	526	152	0	0	0	0	0	0	0	0	0	0	0	0	0	0	584	0	294	388	0	0	0	0	0	0	0	0	1170	0	0	0	7282	2670	8882	3604	2070	0	820	0	0	0	12502	1574	11244	5366	8538	172	12192	882	8752	262	3408	0	1718	146	1908	0	11000	1876	570	0	152	0	132	92	0	12858	4426	536	0	0	0	0	0	0	0	0	466	0	94	0	0	0	2520	220	0	0	116	0	482	0	0	0	0	0	4566	0	996	0	0	0	0	0	0	0	0	0	0	0	1682	0	0	0	0	0	
526152	Precuneus_R	140	3640	0	876	0	0	0	0	0	0	0	0	0	0	0	0	0	556	230	7754	0	0	0	0	0	0	0	0	0	444	0	0	3214	13812	2690	11772	516	2320	0	916	0	0	1418	33896	3326	27124	438	14264	2762	9932	478	8548	112	2330	0	7066	0	12068	1276	14910	0	6518	0	3104	0	2820	12858	0	468	18974	0	108	0	242	0	0	0	658	0	718	0	2008	0	0	0	10284	0	0	0	2610	116	0	0	0	0	0	996	2056	998	0	0	0	0	0	0	0	0	0	0	198	8514	0	0	0	0	0	
184752	Paracentral_Lobule_L	12560	6286	960	322	0	0	164	0	0	0	0	0	0	0	0	0	0	0	5582	11226	0	0	0	0	0	0	0	0	0	0	0	0	3950	6394	3804	1332	766	516	0	0	0	0	686	100	1152	0	148	0	1680	0	2920	0	474	176	194	396	2504	192	2326	0	1334	0	0	0	434	0	4426	468	0	8490	1206	0	110	0	820	0	7502	0	0	0	0	0	0	0	464	0	0	0	0	0	0	0	0	0	0	0	126	0	0	0	0	0	0	0	0	0	0	0	0	0	186	0	0	0	0	0	
277972	Paracentral_Lobule_R	7526	14520	290	178	0	0	0	0	0	0	0	0	0	0	0	0	0	144	1624	28686	0	0	0	0	0	0	0	0	0	210	0	0	1340	14596	888	3812	0	660	0	0	0	0	96	3434	0	4306	0	1162	0	2356	0	1884	0	754	0	2440	296	5594	114	2876	0	642	0	550	0	1062	536	18974	8490	0	618	94	0	0	0	0	1580	114	0	418	0	1126	0	0	0	2658	0	0	0	1812	0	0	0	0	0	0	0	0	0	0	0	0	0	0	0	0	0	0	0	0	526	0	0	0	0	0	
180808	Caudate_L	2176	1204	9468	586	224	372	2106	0	204	0	462	0	334	0	366	216	460	0	10792	912	6190	6604	442	404	0	126	1244	896	2216	102	6978	2434	0	0	0	0	248	0	108	0	0	0	0	0	0	0	0	0	0	0	0	0	0	0	0	0	830	0	0	0	0	0	0	0	0	0	0	0	1206	618	0	10406	13884	470	818	100	3944	254	0	0	0	0	0	0	0	0	0	0	0	0	0	0	0	0	0	0	0	0	0	0	0	0	0	0	0	0	0	0	0	0	0	0	0	0	0	0	
370560	Caudate_R	106	1354	5990	17688	0	3568	566	2028	0	314	138	944	0	552	0	836	114	1430	10160	18372	4546	6956	280	9338	102	7414	676	2970	294	2570	6926	22888	402	0	0	0	0	214	0	0	0	262	0	0	0	0	0	0	0	0	0	0	0	0	0	0	0	1502	0	140	0	264	0	786	0	0	0	108	0	94	10406	0	4626	20760	0	5544	0	11052	0	0	0	0	0	0	0	0	0	0	0	0	0	0	0	0	0	0	0	0	0	0	0	0	0	0	0	0	0	0	0	0	0	0	0	0	0	0	
324456	Putamen_L	3238	92	23784	202	7112	142	9752	0	5114	0	1984	0	3548	0	5584	102	1168	0	19380	172	3328	3908	1642	0	226	0	794	398	19356	0	6476	976	0	0	150	182	8790	0	1894	0	424	0	0	0	0	0	88	0	0	0	0	0	0	0	2344	0	586	0	0	0	0	0	0	0	0	0	0	0	110	0	13884	4626	0	280	4890	0	1476	230	368	0	968	0	1156	0	540	0	0	0	764	0	0	0	0	0	0	0	0	0	0	0	0	0	0	0	0	0	0	0	0	0	0	0	0	0	0	0	
365192	Putamen_R	134	2374	1472	19432	0	6056	0	6004	0	3056	0	6096	0	966	0	4382	0	3932	4162	9362	88	644	206	5104	0	4748	0	1276	0	23722	2720	11902	108	98	0	0	0	15628	0	5910	0	1972	0	98	0	0	0	0	0	0	0	0	0	0	0	6522	0	2174	0	0	0	124	0	908	0	0	0	242	0	0	470	20760	280	0	0	3290	136	2480	0	178	0	388	0	392	0	628	0	0	0	1972	0	0	0	0	0	0	0	0	0	0	0	0	0	0	0	0	0	0	0	0	0	0	0	0	0	0	
35608	Pallidum_L	562	0	3098	0	0	0	570	0	0	0	0	0	0	0	0	0	206	0	4434	0	0	0	0	0	0	0	0	0	158	0	0	0	0	0	0	0	418	0	0	0	0	0	0	0	0	0	0	0	0	0	0	0	0	0	0	0	152	0	0	0	0	0	0	0	0	0	0	0	820	0	818	0	4890	0	0	0	1678	0	0	0	0	0	0	0	0	0	0	0	0	0	0	0	0	0	0	0	0	0	0	0	0	0	0	0	0	0	0	0	0	0	0	0	0	0	0	0	
47904	Pallidum_R	0	194	282	3498	0	0	0	960	0	0	0	116	0	0	0	0	0	160	948	1552	0	0	0	0	0	0	0	0	0	304	0	0	0	0	0	0	0	706	0	380	0	0	0	0	0	0	0	0	0	0	0	0	0	0	0	282	0	136	0	0	0	0	0	116	0	0	0	0	0	0	100	5544	0	3290	0	0	100	5284	0	0	0	0	0	0	0	0	0	0	0	0	0	0	0	0	0	0	0	0	0	0	0	0	0	0	0	0	0	0	0	0	0	0	0	0	0	0	
144256	Thalamus_L	6538	3154	10060	888	0	0	2614	0	0	0	176	0	0	0	0	0	184	0	2078	2754	0	0	0	0	0	0	0	0	2808	86	0	0	0	248	688	1466	13568	1230	392	228	0	0	0	0	0	0	276	0	0	0	0	0	0	0	540	0	380	0	0	0	0	0	0	0	0	0	0	0	7502	1580	3944	0	1476	136	1678	100	0	2964	0	0	822	0	0	0	464	0	0	0	992	0	0	0	0	0	0	0	114	0	0	0	0	0	0	0	0	0	0	0	0	0	0	0	0	0	0	0	
144448	Thalamus_R	1024	542	1040	11690	0	0	690	0	0	0	0	206	0	0	0	0	0	98	756	11914	0	0	0	352	0	116	0	0	994	836	0	422	0	0	1066	2144	2866	7024	266	1744	0	96	0	0	0	0	98	240	0	0	0	0	0	0	88	1024	0	436	0	0	0	0	0	278	0	0	0	658	0	114	254	11052	230	2480	0	5284	2964	0	0	86	100	236	0	0	0	98	0	0	96	324	0	0	0	0	0	0	0	0	0	0	0	0	0	0	0	0	0	0	0	0	198	0	0	0	0	0	
81608	Heschl_L	3590	0	664	0	0	0	1112	0	0	0	502	0	0	0	0	0	4932	0	524	0	0	0	0	0	0	0	0	0	9908	0	0	0	0	0	0	0	3884	0	0	0	0	0	552	0	178	0	100	0	0	0	310	0	440	0	3024	0	2644	0	0	0	544	0	866	0	118	0	466	0	0	0	0	0	368	0	0	0	0	0	0	0	3520	0	0	0	1880	0	0	0	568	0	0	0	0	0	0	0	0	0	110	0	0	0	0	0	0	0	0	0	0	0	0	0	0	0	0	0	
55240	Heschl_R	0	304	0	276	0	0	0	0	0	0	0	98	0	0	0	276	0	5228	298	520	0	0	0	0	0	0	0	0	0	3428	0	0	0	0	0	172	0	874	0	158	0	0	0	350	0	0	0	182	0	0	0	0	0	516	0	1562	0	368	0	0	0	0	0	506	0	104	0	718	0	418	0	0	0	178	0	0	0	86	0	0	0	8610	0	310	0	1152	0	0	0	928	0	0	0	0	0	0	0	0	0	0	0	0	0	0	0	0	0	0	0	0	0	0	0	0	0	0	
229032	Temporal_Sup_L	1890	0	3106	0	0	0	1328	0	0	0	3448	0	444	0	0	0	9184	0	1744	0	0	0	0	0	0	0	0	0	12000	0	0	0	0	0	144	160	4256	0	176	0	0	0	124	0	0	0	0	0	0	0	2414	0	1174	0	3026	0	1688	0	0	0	1468	0	5330	0	4830	0	94	0	0	0	0	0	968	0	0	0	822	100	3520	0	0	0	4642	0	32934	0	0	0	13502	0	0	0	0	0	0	0	0	0	0	0	0	0	0	0	0	0	0	0	0	0	0	0	0	0	0	0	
154916	Temporal_Sup_R	0	502	0	406	0	0	0	0	0	0	0	0	0	0	0	2146	0	5256	142	758	0	0	0	0	0	0	0	0	0	7146	0	0	0	108	180	500	0	2214	0	716	0	0	0	654	0	212	0	286	0	0	0	190	0	810	0	4322	0	580	0	150	0	636	0	6782	0	3534	0	2008	0	1126	0	0	0	388	0	0	0	236	0	8610	0	0	0	4678	0	16462	0	1840	0	3754	0	0	0	0	0	0	0	0	0	0	0	0	0	0	0	0	0	0	0	0	126	0	0	0	0	0	
111140	Temporal_Pole_Sup_L	0	0	2876	0	360	0	946	0	1088	0	3552	0	800	0	3194	0	3262	0	1798	0	900	0	0	0	0	0	0	0	6718	0	0	0	0	0	0	0	1396	0	1314	0	678	0	0	0	0	0	0	0	0	0	0	0	0	0	1614	0	0	0	0	0	0	0	0	0	0	0	0	0	0	0	0	0	1156	0	0	0	0	0	0	0	4642	0	0	0	7614	0	4764	0	6898	0	0	0	0	0	0	0	0	0	0	0	0	0	0	0	0	0	0	0	0	0	0	0	0	0	0	0	
81660	Temporal_Pole_Sup_R	0	0	0	228	0	0	0	94	0	0	0	576	0	234	0	3610	0	1278	0	210	0	140	0	0	0	0	0	0	0	4588	0	0	0	0	0	0	0	1566	0	888	0	2528	0	0	0	0	0	0	0	0	0	0	0	0	0	5500	0	0	0	0	0	0	0	0	0	0	0	0	0	0	0	0	0	392	0	0	0	0	0	310	0	4678	0	0	0	3484	0	5660	0	4866	0	0	0	0	0	0	0	0	0	0	0	0	0	0	0	0	0	0	0	0	0	0	0	0	0	0	
301812	Temporal_Mid_L	1374	0	730	0	0	0	454	0	0	0	124	0	0	0	0	0	3830	0	220	0	0	0	0	0	0	0	0	0	5276	0	0	0	0	0	486	0	1850	0	0	0	0	0	3458	0	832	0	196	0	492	0	18588	0	6114	0	3724	0	768	0	0	0	1718	0	4724	0	10262	0	2520	0	464	0	0	0	540	0	0	0	464	0	1880	0	32934	0	7614	0	0	0	3620	0	35220	0	106	0	0	0	0	0	132	0	0	0	0	0	0	0	0	0	0	0	0	0	192	0	0	0	0	0	
290012	Temporal_Mid_R	0	406	0	90	0	0	0	0	0	0	0	0	0	0	0	268	0	198	0	660	0	0	0	0	0	0	0	0	0	1344	0	0	98	832	0	314	0	2032	0	408	0	0	234	8780	0	5218	156	892	0	7142	0	18430	0	4400	0	10786	0	1930	0	1488	0	2038	0	3112	0	7172	220	10284	0	2658	0	0	0	628	0	0	0	98	0	1152	0	16462	0	3484	0	0	0	4892	0	26504	0	0	0	0	0	0	0	0	0	0	0	0	0	0	0	0	0	0	0	0	196	0	0	0	0	0	
29312	Temporal_Pole_Mid_L	0	0	0	0	0	0	0	0	0	0	0	0	0	0	0	0	0	0	0	0	0	0	0	0	0	0	0	0	0	0	0	0	0	0	0	0	0	0	760	0	128	0	0	0	0	0	0	0	0	0	0	0	0	0	886	0	0	0	0	0	0	0	0	0	0	0	0	0	0	0	0	0	0	0	0	0	0	0	0	0	0	0	4764	0	3620	0	0	0	4498	0	0	0	0	0	0	0	0	0	0	0	0	0	0	0	0	0	0	0	0	0	0	0	0	0	0	0	
42252	Temporal_Pole_Mid_R	0	0	0	0	0	0	0	0	0	0	0	0	0	0	0	84	0	0	0	0	0	0	0	0	0	0	0	0	0	220	0	0	0	0	0	0	0	240	0	772	0	428	0	0	0	0	0	0	0	0	0	0	0	0	0	3036	0	0	0	0	0	0	0	0	0	0	0	0	0	0	0	0	0	0	0	0	0	0	0	0	0	1840	0	5660	0	4892	0	0	0	3954	0	0	0	0	0	0	0	0	0	0	0	0	0	0	0	0	0	0	0	0	0	0	0	0	0	0	
245444	Temporal_Inf_L	690	0	1580	0	0	0	390	0	0	0	88	0	0	0	0	0	258	0	820	0	0	0	0	0	0	0	0	0	5218	0	0	0	0	0	104	136	11020	0	1096	0	1986	0	420	0	148	0	452	0	112	0	3716	0	7812	0	15544	0	0	0	0	0	718	0	978	0	2542	0	116	0	0	0	0	0	764	0	0	0	992	96	568	0	13502	0	6898	0	35220	0	4498	0	0	0	2726	0	0	0	0	0	230	0	760	0	246	0	278	0	0	0	0	0	0	0	0	0	0	0	0	0	
187612	Temporal_Inf_R	0	412	0	174	0	0	0	0	0	0	0	0	0	0	0	0	0	182	0	428	0	0	0	0	0	0	0	0	0	926	0	0	0	0	128	516	0	5384	0	2092	0	370	0	832	0	262	0	572	0	270	0	1796	0	5722	0	23590	0	148	0	116	0	292	0	1024	0	342	0	2610	0	1812	0	0	0	1972	0	0	0	324	0	928	0	3754	0	4866	0	26504	0	3954	0	0	0	838	0	0	0	0	0	238	0	142	0	0	0	0	0	0	0	0	0	0	286	0	0	0	0	0	
526908	Cerebelum_Crus1_L	0	0	0	0	0	0	0	0	0	0	0	0	0	0	0	0	0	0	0	0	0	0	0	0	0	0	0	0	0	0	0	0	0	0	0	0	218	0	0	0	0	0	0	0	0	0	7614	3268	0	0	0	0	178	0	19428	938	0	0	0	0	0	0	0	0	0	0	482	116	0	0	0	0	0	0	0	0	0	0	0	0	0	0	0	0	106	0	0	0	2726	0	0	8502	37302	8964	4292	252	20630	3492	53812	9564	13656	5232	17600	4550	1694	674	426	0	1044	1876	6888	9766	12276	4968	750	170	
453584	Cerebelum_Crus1_R	0	0	0	0	0	0	0	0	0	0	0	0	0	0	0	0	0	0	0	0	0	0	0	0	0	0	0	0	0	0	0	0	0	0	0	0	0	0	0	0	0	0	652	0	0	0	3218	10392	0	0	0	0	276	0	2446	10184	0	0	0	0	0	0	0	0	0	0	0	0	0	0	0	0	0	0	0	0	0	0	0	0	0	0	0	0	0	0	0	0	0	838	8502	0	3586	28986	0	1496	2624	16024	11280	50296	602	6320	660	17422	0	2458	0	0	0	1416	9010	17212	17372	2816	512	192	
379976	Cerebelum_Crus2_L	0	0	0	0	0	0	0	0	0	0	0	0	0	0	0	0	0	0	0	0	0	0	0	0	0	0	0	0	0	0	0	0	0	0	0	0	0	0	0	0	0	0	0	0	0	0	1208	298	0	0	0	0	0	0	2754	106	0	0	0	0	0	0	0	0	0	0	0	0	0	0	0	0	0	0	0	0	0	0	0	0	0	0	0	0	0	0	0	0	0	0	37302	3586	0	15484	1146	164	2966	960	11152	2398	33894	9024	31220	8500	1342	950	320	0	178	428	1078	2104	10704	9900	730	92	
317152	Cerebelum_Crus2_R	0	0	0	0	0	0	0	0	0	0	0	0	0	0	0	0	0	0	0	0	0	0	0	0	0	0	0	0	0	0	0	0	0	0	0	0	0	0	0	0	0	0	108	0	0	0	948	768	0	0	0	0	92	0	1000	282	0	0	0	0	0	0	0	0	0	0	0	0	0	0	0	0	0	0	0	0	0	0	0	0	0	0	0	0	0	0	0	0	0	0	8964	28986	15484	0	0	786	826	1482	3612	8750	3416	17522	3508	24508	158	2336	0	0	208	756	1100	4884	18262	7890	1776	164	
46148	Cerebelum_3_L	0	0	0	0	0	0	0	0	0	0	0	0	0	0	0	0	0	0	0	0	0	0	0	0	0	0	0	0	0	0	0	0	0	0	0	0	0	0	0	0	0	0	0	0	0	0	108	0	0	0	0	0	0	0	442	0	0	0	0	0	0	0	0	0	0	0	0	0	0	0	0	0	0	0	0	0	0	0	0	0	0	0	0	0	0	0	0	0	0	0	4292	0	1146	0	0	114	6194	90	4314	146	178	0	1030	272	986	158	0	0	738	1280	494	84	364	384	260	0	
37512	Cerebelum_3_R	0	0	0	0	0	0	0	0	0	0	0	0	0	0	0	0	0	0	0	0	0	0	0	0	0	0	0	0	0	0	0	0	0	0	0	0	0	122	0	524	0	0	0	0	0	0	0	496	0	0	0	0	0	0	0	438	0	0	0	0	0	0	0	0	0	0	0	0	0	0	0	0	0	0	0	0	0	0	0	0	0	0	0	0	0	0	0	0	0	0	252	1496	164	786	114	0	158	3970	182	3346	0	0	0	1102	0	250	0	0	272	3024	444	198	496	526	396	0	
302228	Cerebelum_4_5_L	0	0	0	0	0	0	0	0	0	0	0	0	0	0	0	0	0	0	0	0	0	0	0	0	0	0	0	0	0	0	0	0	0	0	2252	886	2204	110	1580	0	0	0	3442	204	0	0	14174	3196	0	0	110	0	296	102	9204	312	0	0	0	0	0	0	0	0	0	0	4566	996	126	0	0	0	0	0	0	0	114	0	0	0	0	0	0	0	132	0	0	0	230	0	20630	2624	2966	826	6194	158	0	3068	32450	4790	694	212	2798	1330	2402	500	0	0	1584	2812	12412	4330	1032	1174	914	978	
223480	Cerebelum_4_5_R	0	0	0	0	0	0	0	0	0	0	0	0	0	0	0	0	0	0	0	0	0	0	0	0	0	0	0	0	0	0	0	0	0	0	0	362	0	968	0	2494	0	0	0	332	0	0	188	10876	0	0	0	0	0	0	482	6116	0	0	0	0	0	0	0	0	0	0	0	2056	0	0	0	0	0	0	0	0	0	0	0	0	0	0	0	0	0	0	0	0	0	238	3492	16024	960	1482	90	3970	3068	0	5208	25182	326	110	412	3600	0	902	0	0	0	2950	12580	4044	1906	856	466	0	
499936	Cerebelum_6_L	0	0	0	0	0	0	0	0	0	0	0	0	0	0	0	0	0	0	0	0	0	0	0	0	0	0	0	0	0	0	0	0	0	0	0	842	306	0	158	0	0	0	0	264	0	0	16340	9052	0	0	0	0	1122	110	25192	2222	0	0	0	0	0	0	0	0	0	0	996	998	0	0	0	0	0	0	0	0	0	0	110	0	0	0	0	0	0	0	0	0	760	0	53812	11280	11152	3612	4314	182	32450	5208	0	15326	2908	1572	4586	1802	1356	276	300	0	1052	1872	12660	16854	6950	1358	392	222	
439380	Cerebelum_6_R	0	0	0	0	0	0	0	0	0	0	0	0	0	0	0	0	0	0	0	0	0	0	0	0	0	0	0	0	0	0	0	0	0	0	0	0	0	0	0	0	0	0	486	0	0	0	3768	13014	0	0	0	0	320	0	2940	11542	0	0	0	0	0	0	0	0	0	0	0	0	0	0	0	0	0	0	0	0	0	0	0	0	0	0	0	0	0	0	0	0	0	142	9564	50296	2398	8750	146	3346	4790	25182	15326	0	506	406	704	8994	106	2016	0	192	122	2842	14712	21746	12840	1772	508	214	
236176	Cerebelum_7b_L	0	0	0	0	0	0	0	0	0	0	0	0	0	0	0	0	0	0	0	0	0	0	0	0	0	0	0	0	0	0	0	0	0	0	0	0	0	0	0	0	0	0	0	0	0	0	84	0	0	0	0	0	0	0	872	0	0	0	0	0	0	0	0	0	0	0	0	0	0	0	0	0	0	0	0	0	0	0	0	0	0	0	0	0	0	0	0	0	246	0	13656	602	33894	3416	178	0	694	326	2908	506	0	2436	36790	5668	1958	678	514	0	0	84	274	126	3780	7872	526	0	
149676	Cerebelum_7b_R	0	0	0	0	0	0	0	0	0	0	0	0	0	0	0	0	0	0	0	0	0	0	0	0	0	0	0	0	0	0	0	0	0	0	0	0	0	0	0	0	0	0	0	0	0	0	448	0	0	0	0	0	0	0	660	0	0	0	0	0	0	0	0	0	0	0	0	0	0	0	0	0	0	0	0	0	0	0	0	0	0	0	0	0	0	0	0	0	0	0	5232	6320	9024	17522	0	0	212	110	1572	406	2436	0	2000	15450	0	1088	0	0	0	0	0	294	6674	5390	0	0	
314748	Cerebelum_8_L	0	0	0	0	0	0	0	0	0	0	0	0	0	0	0	0	0	0	0	0	0	0	0	0	0	0	0	0	0	0	0	0	0	0	0	0	0	0	0	0	0	0	0	0	0	0	184	0	0	0	0	0	0	0	1132	0	0	0	0	0	0	0	0	0	0	0	0	0	0	0	0	0	0	0	0	0	0	0	0	0	0	0	0	0	0	0	0	0	278	0	17600	660	31220	3508	1030	0	2798	412	4586	704	36790	2000	0	7858	17566	2648	3592	0	0	178	532	222	5858	11990	3510	518	
317604	Cerebelum_8_R	0	0	0	0	0	0	0	0	0	0	0	0	0	0	0	0	0	0	0	0	0	0	0	0	0	0	0	0	0	0	0	0	0	0	0	0	0	0	0	0	0	0	0	0	0	0	92	670	0	0	0	0	0	0	92	594	0	0	0	0	0	0	0	0	0	0	0	0	0	0	0	0	0	0	0	0	0	0	0	0	0	0	0	0	0	0	0	0	0	0	4550	17422	8500	24508	272	1102	1330	3600	1802	8994	5668	15450	7858	0	1810	17708	210	372	278	1406	2636	1690	9758	14926	4940	564	
89752	Cerebelum_9_L	0	0	0	0	0	0	0	0	0	0	0	0	0	0	0	0	0	0	0	0	0	0	0	0	0	0	0	0	0	0	0	0	0	0	0	0	0	0	0	0	0	0	0	0	0	0	0	0	0	0	0	0	0	0	0	0	0	0	0	0	0	0	0	0	0	0	0	0	0	0	0	0	0	0	0	0	0	0	0	0	0	0	0	0	0	0	0	0	0	0	1694	0	1342	158	986	0	2402	0	1356	106	1958	0	17566	1810	0	2428	4168	0	0	0	224	608	1462	3000	3024	584	
106884	Cerebelum_9_R	0	0	0	0	0	0	0	0	0	0	0	0	0	0	0	0	0	0	0	0	0	0	0	0	0	0	0	0	0	0	0	0	0	0	0	0	0	0	0	0	0	0	0	0	0	0	0	106	0	0	0	0	0	0	0	98	0	0	0	0	0	0	0	0	0	0	0	0	0	0	0	0	0	0	0	0	0	0	0	0	0	0	0	0	0	0	0	0	0	0	674	2458	950	2336	158	250	500	902	276	2016	678	1088	2648	17708	2428	0	216	812	174	342	802	550	2510	5640	5862	1260	
22020	Cerebelum_10_L	0	0	0	0	0	0	0	0	0	0	0	0	0	0	0	0	0	0	0	0	0	0	0	0	0	0	0	0	0	0	0	0	0	0	0	0	0	0	0	0	0	0	0	0	0	0	0	0	0	0	0	0	0	0	0	0	0	0	0	0	0	0	0	0	0	0	0	0	0	0	0	0	0	0	0	0	0	0	0	0	0	0	0	0	0	0	0	0	0	0	426	0	320	0	0	0	0	0	300	0	514	0	3592	210	4168	216	0	0	0	0	0	0	128	560	576	0	
3388	Cerebelum_10_R	0	0	0	0	0	0	0	0	0	0	0	0	0	0	0	0	0	0	0	0	0	0	0	0	0	0	0	0	0	0	0	0	0	0	0	0	0	0	0	0	0	0	0	0	0	0	0	0	0	0	0	0	0	0	0	0	0	0	0	0	0	0	0	0	0	0	0	0	0	0	0	0	0	0	0	0	0	0	0	0	0	0	0	0	0	0	0	0	0	0	0	0	0	0	0	0	0	0	0	192	0	0	0	372	0	812	0	0	0	0	0	0	0	174	144	0	
23500	Vermis_1_2	0	0	0	0	0	0	0	0	0	0	0	0	0	0	0	0	0	0	0	0	0	0	0	0	0	0	0	0	0	0	0	0	0	0	0	0	0	0	0	0	0	0	0	0	0	0	0	0	0	0	0	0	0	0	0	0	0	0	0	0	0	0	0	0	0	0	0	0	0	0	0	0	0	0	0	0	0	0	0	0	0	0	0	0	0	0	0	0	0	0	1044	0	178	208	738	272	1584	0	1052	122	0	0	0	278	0	174	0	0	0	3668	1568	118	140	294	312	0	
65200	Vermis_3	0	0	0	0	0	0	0	0	0	0	0	0	0	0	0	0	0	0	0	0	0	0	0	0	0	0	0	0	0	0	0	0	0	0	0	0	0	0	0	444	0	0	0	0	0	0	0	666	0	0	0	0	0	0	0	0	0	0	0	0	0	0	0	0	0	0	0	198	0	0	0	0	0	0	0	0	0	0	0	0	0	0	0	0	0	0	0	0	0	0	1876	1416	428	756	1280	3024	2812	2950	1872	2842	84	0	178	1406	0	342	0	0	3668	0	4118	292	672	760	516	0	
287108	Vermis_4_5	0	0	0	0	0	0	0	0	0	0	0	0	0	0	0	0	0	0	0	582	0	0	0	0	0	0	0	0	0	0	0	0	0	874	1456	6440	202	784	0	404	0	0	1406	1440	0	114	2996	14386	0	0	0	138	410	476	1802	3136	0	0	0	0	0	0	0	0	0	0	1682	8514	186	526	0	0	0	0	0	0	0	198	0	0	0	126	0	0	192	196	0	0	0	286	6888	9010	1078	1100	494	444	12412	12580	12660	14712	274	0	532	2636	224	802	0	0	1568	4118	0	8580	1262	1338	926	964	
