data	data	460816	460704	655560	686668	127492	108324	281452	192424	50516	44768	190420	175756	211576	212800	128952	97096	195740	191496	723540	774844	70500	81204	174132	233904	13000	107312	59320	88448	452876	487952	171984	302940	110528	511840	183500	307496	215628	345264	56192	167944	21880	42492	324960	365212	156484	326408	252300	315440	192484	308164	455956	219028	137732	111160	324944	443412	204052	268400	154532	94532	321204	82608	163736	97888	165516	90608	283364	562488	334116	175396	211620	340640	218576	263700	37000	27052	159372	254248	56152	32204	130824	146800	42740	47936	268916	252116	15988	41988	189404	194920	564900	489584	333192	358184	26452	69364	284456	209136	503464	427392	207000	115460	277612	287268	80792	101420	7296	18280	21184	39376	180884	255124	271020	123040	75076	44180	
data	data	Precentral_L	Precentral_R	Frontal_Sup_L	Frontal_Sup_R	Frontal_Sup_Orb_L	Frontal_Sup_Orb_R	Frontal_Mid_L	Frontal_Mid_R	Frontal_Mid_Orb_L	Frontal_Mid_Orb_R	Frontal_Inf_Oper_L	Frontal_Inf_Oper_R	Frontal_Inf_Tri_L	Frontal_Inf_Tri_R	Frontal_Inf_Orb_L	Frontal_Inf_Orb_R	Rolandic_Oper_L	Rolandic_Oper_R	Supp_Motor_Area_L	Supp_Motor_Area_R	Olfactory_L	Olfactory_R	Frontal_Sup_Medial_L	Frontal_Sup_Medial_R	Frontal_Med_Orb_L	Frontal_Med_Orb_R	Rectus_L	Rectus_R	Insula_L	Insula_R	Cingulum_Ant_L	Cingulum_Ant_R	Cingulum_Mid_L	Cingulum_Mid_R	Cingulum_Post_L	Cingulum_Post_R	Hippocampus_L	Hippocampus_R	ParaHippocampal_L	ParaHippocampal_R	Amygdala_L	Amygdala_R	Calcarine_L	Calcarine_R	Cuneus_L	Cuneus_R	Lingual_L	Lingual_R	Occipital_Sup_L	Occipital_Sup_R	Occipital_Mid_L	Occipital_Mid_R	Occipital_Inf_L	Occipital_Inf_R	Fusiform_L	Fusiform_R	Postcentral_L	Postcentral_R	Parietal_Sup_L	Parietal_Sup_R	Parietal_Inf_L	Parietal_Inf_R	SupraMarginal_L	SupraMarginal_R	Angular_L	Angular_R	Precuneus_L	Precuneus_R	Paracentral_Lobule_L	Paracentral_Lobule_R	Caudate_L	Caudate_R	Putamen_L	Putamen_R	Pallidum_L	Pallidum_R	Thalamus_L	Thalamus_R	Heschl_L	Heschl_R	Temporal_Sup_L	Temporal_Sup_R	Temporal_Pole_Sup_L	Temporal_Pole_Sup_R	Temporal_Mid_L	Temporal_Mid_R	Temporal_Pole_Mid_L	Temporal_Pole_Mid_R	Temporal_Inf_L	Temporal_Inf_R	Cerebelum_Crus1_L	Cerebelum_Crus1_R	Cerebelum_Crus2_L	Cerebelum_Crus2_R	Cerebelum_3_L	Cerebelum_3_R	Cerebelum_4_5_L	Cerebelum_4_5_R	Cerebelum_6_L	Cerebelum_6_R	Cerebelum_7b_L	Cerebelum_7b_R	Cerebelum_8_L	Cerebelum_8_R	Cerebelum_9_L	Cerebelum_9_R	Cerebelum_10_L	Cerebelum_10_R	Vermis_1_2	Vermis_3	Vermis_4_5	Vermis_6	Vermis_7	Vermis_8	Vermis_9	Vermis_10	
460816	Precentral_L	0	6286	16766	5014	238	0	16138	172	0	0	11620	94	1420	104	0	0	11474	0	15632	13218	0	0	0	0	0	0	0	0	11468	430	0	0	202	5024	6340	4010	12074	1024	294	110	0	0	2924	0	188	0	212	0	200	0	2810	0	254	0	350	104	21372	0	794	0	3308	0	860	0	372	0	2404	614	26418	2084	2002	1030	4388	0	792	0	8192	2118	4516	0	1244	154	0	0	950	0	0	0	602	0	0	0	0	0	0	0	0	0	0	0	0	0	0	0	0	0	0	0	0	0	0	0	0	0	0	0	
460704	Precentral_R	6286	0	1730	26766	0	0	862	10180	0	0	436	4082	0	714	0	84	432	2124	5682	25002	0	0	0	0	0	0	0	0	578	1794	0	0	116	9670	1230	4382	258	8244	0	176	0	0	0	9164	0	1852	0	2282	0	1274	0	398	0	972	0	204	298	36746	0	1302	0	1218	0	3446	0	134	0	18636	7924	3538	3660	5962	160	1082	0	616	1398	7212	0	492	94	1522	0	0	0	3474	0	0	0	4464	0	0	0	0	0	0	0	0	0	0	0	0	0	0	0	0	0	0	0	0	0	0	0	0	0	0	
655560	Frontal_Sup_L	16766	1730	0	7030	7108	0	45854	778	1040	0	14980	588	19390	510	5308	308	11110	250	75338	8474	152	0	25450	960	532	0	0	0	30062	1182	12356	4570	1060	858	264	286	3000	808	0	0	0	0	158	0	0	0	0	0	0	0	102	0	0	0	170	0	1710	0	0	0	0	0	0	0	0	0	170	124	5378	0	2152	454	11104	468	2998	0	782	766	580	0	1880	0	502	0	0	0	0	0	180	0	0	0	0	0	0	0	0	0	0	0	0	0	0	0	0	0	0	0	0	0	0	0	0	0	0	0	
686668	Frontal_Sup_R	5014	26766	7030	0	0	8766	978	21716	0	284	108	11322	396	12476	120	3098	0	11450	12254	56200	0	392	2970	25260	112	9248	0	4022	1356	20708	1212	19598	782	9958	712	1618	290	5944	0	142	0	0	0	980	0	0	0	618	0	0	0	0	0	0	0	84	294	980	0	0	0	0	0	138	0	0	0	1462	5172	0	1372	22102	84	10078	0	2448	986	10922	0	616	0	540	0	0	0	988	0	0	0	1168	0	0	0	0	0	0	0	0	0	0	0	0	0	0	0	0	0	0	0	0	0	0	0	0	0	0	
127492	Frontal_Sup_Orb_L	238	0	7108	0	0	0	710	0	7352	0	0	0	874	0	12952	0	0	0	388	0	3068	810	3706	0	1236	96	5122	408	6224	0	3766	648	0	0	0	0	0	0	0	0	0	0	0	0	0	0	0	0	0	0	0	0	0	0	0	0	0	0	0	0	0	0	0	0	0	0	0	0	0	0	1518	92	7286	0	0	0	0	0	0	0	0	0	144	0	0	0	0	0	0	0	0	0	0	0	0	0	0	0	0	0	0	0	0	0	0	0	0	0	0	0	0	0	0	0	0	0	
108324	Frontal_Sup_Orb_R	0	0	0	8766	0	0	0	748	0	6898	0	0	0	1742	0	3078	0	0	0	350	86	1238	0	4064	0	10052	0	8494	0	2456	88	2618	0	0	0	0	0	0	0	0	0	0	0	0	0	0	0	0	0	0	0	0	0	0	0	0	0	0	0	0	0	0	0	0	0	0	0	0	0	0	90	2034	0	1360	0	0	0	0	0	0	0	0	0	0	0	0	0	0	0	0	0	0	0	0	0	0	0	0	0	0	0	0	0	0	0	0	0	0	0	0	0	0	0	0	0	0	
281452	Frontal_Mid_L	16138	862	45854	978	710	0	0	90	1622	0	5344	0	14966	0	4444	0	1146	0	16498	620	0	0	10312	0	0	0	0	0	8598	178	2050	108	0	152	446	408	1468	308	0	0	0	0	0	0	0	0	0	0	0	0	0	0	0	0	0	0	974	0	0	0	0	0	0	0	0	0	0	154	778	0	644	0	2316	0	312	0	1482	368	278	0	120	0	0	0	0	0	0	0	0	0	0	0	0	0	0	0	0	0	0	0	0	0	0	0	0	0	0	0	0	0	0	0	0	0	0	0	
192424	Frontal_Mid_R	172	10180	778	21716	0	748	90	0	0	842	478	11284	132	15532	0	2778	444	990	1034	2416	0	0	244	3162	0	252	0	84	1302	5876	0	1136	0	1196	94	216	0	728	0	0	0	0	0	76	0	0	0	0	0	0	0	0	0	0	0	0	0	674	0	0	0	0	0	82	0	0	0	86	96	0	2614	2150	0	4670	0	618	204	948	0	0	90	0	0	0	0	0	0	0	0	0	0	0	0	0	0	0	0	0	0	0	0	0	0	0	0	0	0	0	0	0	0	0	0	0	0	0	
50516	Frontal_Mid_Orb_L	0	0	1040	0	7352	0	1622	0	0	0	0	0	1318	0	8876	0	0	0	0	0	296	104	0	0	0	0	1290	0	1946	0	0	0	0	0	0	0	0	0	0	0	0	0	0	0	0	0	0	0	0	0	0	0	0	0	0	0	0	0	0	0	0	0	0	0	0	0	0	0	0	0	326	0	1088	0	0	0	0	0	0	0	0	0	0	0	0	0	0	0	0	0	0	0	0	0	0	0	0	0	0	0	0	0	0	0	0	0	0	0	0	0	0	0	0	0	0	0	
44768	Frontal_Mid_Orb_R	0	0	0	284	0	6898	0	842	0	0	0	0	0	0	0	6760	0	0	0	0	0	1226	0	0	0	122	0	1716	0	1454	0	0	0	0	0	0	0	0	0	0	0	0	0	0	0	0	0	0	0	0	0	0	0	0	0	0	0	0	0	0	0	0	0	0	0	0	0	0	0	0	0	670	0	2412	0	0	0	0	0	0	0	0	0	0	0	0	0	0	0	0	0	0	0	0	0	0	0	0	0	0	0	0	0	0	0	0	0	0	0	0	0	0	0	0	0	0	
190420	Frontal_Inf_Oper_L	11620	436	14980	108	0	0	5344	478	0	0	0	0	8888	212	446	0	14802	0	12988	494	0	0	0	0	0	0	0	0	14084	220	1192	0	0	92	82	0	552	0	0	0	0	0	0	0	0	0	0	0	0	0	0	0	0	0	0	0	1850	0	0	0	0	0	0	0	0	0	0	0	0	0	1508	170	1826	118	0	0	100	0	232	0	1584	0	804	0	0	0	0	0	0	0	0	0	0	0	0	0	0	0	0	0	0	0	0	0	0	0	0	0	0	0	0	0	0	0	0	0	
175756	Frontal_Inf_Oper_R	94	4082	588	11322	0	0	0	11284	0	0	0	0	0	8088	0	200	0	10374	1460	4856	0	0	0	362	0	0	0	0	1038	18552	0	200	0	934	0	82	0	908	0	0	0	0	0	0	0	0	0	0	0	0	0	0	0	0	0	0	0	86	0	0	0	0	0	0	0	0	0	0	78	0	1426	3264	0	7010	0	364	132	870	0	0	0	224	0	0	0	0	0	0	0	0	0	0	0	0	0	0	0	0	0	0	0	0	0	0	0	0	0	0	0	0	0	0	0	0	0	0	
211576	Frontal_Inf_Tri_L	1420	0	19390	396	874	0	14966	132	1318	0	8888	0	0	278	8930	0	2476	0	11150	638	0	0	0	0	0	0	0	0	22746	374	3464	874	0	454	0	0	96	0	0	0	0	0	0	0	0	0	0	0	0	0	0	0	0	0	0	0	230	0	0	0	0	0	0	0	0	0	0	0	0	0	2276	98	2912	196	0	0	240	0	0	0	326	0	646	0	0	0	0	0	0	0	0	0	0	0	0	0	0	0	0	0	0	0	0	0	0	0	0	0	0	0	0	0	0	0	0	0	
212800	Frontal_Inf_Tri_R	104	714	510	12476	0	1742	0	15532	0	0	212	8088	278	0	96	6180	110	1956	772	5126	0	0	710	3256	0	1698	0	426	1572	20194	0	4246	76	3442	0	0	0	286	0	0	0	0	0	0	0	0	0	0	0	0	0	0	0	0	0	0	0	0	0	0	0	0	0	0	0	0	0	0	88	0	2484	8524	184	4732	0	88	80	418	0	0	0	0	0	0	0	0	0	0	0	0	0	0	0	0	0	0	0	0	0	0	0	0	0	0	0	0	0	0	0	0	0	0	0	0	0	0	
128952	Frontal_Inf_Orb_L	0	0	5308	120	12952	0	4444	0	8876	0	446	0	8930	96	0	0	0	0	602	210	2086	392	110	0	0	0	2878	0	10852	94	170	350	0	164	0	0	0	0	0	0	0	0	0	0	0	0	0	0	0	0	0	0	0	0	0	0	0	0	0	0	0	0	0	0	0	0	0	0	0	0	1420	0	3662	0	0	0	0	0	0	0	0	0	314	0	0	0	0	0	0	0	0	0	0	0	0	0	0	0	0	0	0	0	0	0	0	0	0	0	0	0	0	0	0	0	0	0	
97096	Frontal_Inf_Orb_R	0	84	308	3098	0	3078	0	2778	0	6760	0	200	0	6180	0	0	0	342	192	1386	0	1176	312	766	0	194	0	1040	1108	8412	0	1236	0	1194	0	0	0	0	0	0	0	0	0	0	0	0	0	0	0	0	0	0	0	0	0	0	0	0	0	0	0	0	0	0	0	0	0	0	0	0	1308	3444	0	3858	0	0	0	94	0	0	0	0	0	0	0	0	0	0	0	0	0	0	0	0	0	0	0	0	0	0	0	0	0	0	0	0	0	0	0	0	0	0	0	0	0	0	
195740	Rolandic_Oper_L	11474	432	11110	0	0	0	1146	444	0	0	14802	0	2476	110	0	0	0	0	10380	0	0	0	0	0	0	0	0	0	18114	0	224	0	0	0	604	0	1180	0	0	0	0	0	918	0	0	0	126	0	0	0	924	0	280	0	0	0	6404	0	0	0	428	0	1494	0	0	0	728	0	96	0	914	186	1540	0	96	0	0	0	3628	0	5440	0	568	0	970	0	0	0	634	0	0	0	0	0	0	0	0	0	0	0	0	0	0	0	0	0	0	0	0	0	0	0	0	0	0	0	
191496	Rolandic_Oper_R	0	2124	250	11450	0	0	0	990	0	0	0	10374	0	1956	0	342	0	0	864	9558	0	0	0	270	0	0	0	0	526	26968	0	212	0	628	80	194	0	1488	0	0	0	0	0	0	0	0	0	0	0	0	0	0	0	0	0	0	0	2540	0	0	0	0	0	2578	0	0	0	80	0	0	632	4530	0	7136	0	518	316	1106	0	3488	0	3490	0	336	0	364	0	0	0	360	0	0	0	0	0	0	0	0	0	0	0	0	0	0	0	0	0	0	0	0	0	0	0	0	0	0	
723540	Supp_Motor_Area_L	15632	5682	75338	12254	388	0	16498	1034	0	0	12988	1460	11150	772	602	192	10380	864	0	42664	0	0	5108	1664	0	0	0	0	17328	2742	6364	8340	9416	23032	2234	1272	2300	992	0	0	0	0	232	146	1132	0	0	100	0	0	0	0	0	0	0	0	2816	0	0	0	0	0	0	0	0	0	1684	334	29818	124	8078	2462	11604	628	4930	122	3946	2716	214	0	1586	0	408	0	0	0	0	0	0	0	0	0	0	0	0	0	0	0	0	0	0	0	0	0	0	0	0	0	0	0	0	0	0	0	0	0	
774844	Supp_Motor_Area_R	13218	25002	8474	56200	0	350	620	2416	0	0	494	4856	638	5126	210	1386	0	9558	42664	0	0	0	240	8142	0	336	0	218	1462	14892	2274	14452	6288	44828	2094	14228	0	2512	0	124	0	0	0	2346	0	358	0	6036	0	126	0	78	0	102	0	86	776	1432	0	0	0	0	0	0	0	0	0	10286	23540	12606	1920	23252	142	3412	0	2254	1444	10624	0	692	0	962	0	0	0	836	0	0	0	620	0	0	0	0	0	0	0	0	0	0	0	0	0	0	0	0	0	0	0	0	190	0	0	0	0	0	
70500	Olfactory_L	0	0	152	0	3068	86	0	0	296	0	0	0	0	0	2086	0	0	0	0	0	0	5646	150	0	98	1108	5206	1748	2794	0	2948	2770	0	0	0	0	0	0	170	0	142	0	0	0	0	0	0	0	0	0	0	0	0	0	0	0	0	0	0	0	0	0	0	0	0	0	0	0	0	0	4552	552	1434	0	0	0	0	0	0	0	0	0	244	0	0	0	0	0	0	0	0	0	0	0	0	0	0	0	0	0	0	0	0	0	0	0	0	0	0	0	0	0	0	0	0	0	
81204	Olfactory_R	0	0	0	392	810	1238	0	0	104	1226	0	0	0	0	392	1176	0	0	0	0	5646	0	116	216	0	1562	3562	4536	0	3560	2734	2962	0	0	0	0	0	0	0	0	0	378	0	0	0	0	0	0	0	0	0	0	0	0	0	0	0	0	0	0	0	0	0	0	0	0	0	0	0	0	5374	1614	2156	762	0	0	0	86	0	0	0	0	0	0	0	0	0	0	0	0	0	0	0	0	0	0	0	0	0	0	0	0	0	0	0	0	0	0	0	0	0	0	0	0	0	0	
174132	Frontal_Sup_Medial_L	0	0	25450	2970	3706	0	10312	244	0	0	0	0	0	710	110	312	0	0	5108	240	150	116	0	8650	1490	494	188	0	240	588	10954	7204	1554	3472	0	0	0	0	0	0	0	0	0	0	0	0	0	0	0	0	0	0	0	0	0	0	0	0	0	0	0	0	0	0	0	0	0	0	0	0	206	86	2512	0	0	0	0	0	0	0	0	0	0	0	0	0	0	0	0	0	0	0	0	0	0	0	0	0	0	0	0	0	0	0	0	0	0	0	0	0	0	0	0	0	0	0	
233904	Frontal_Sup_Medial_R	0	0	960	25260	0	4064	0	3162	0	0	0	362	0	3256	0	766	0	270	1664	8142	0	216	8650	0	340	6320	0	2284	630	4030	2760	17916	156	11262	0	0	0	0	0	0	0	0	0	0	0	0	0	0	0	0	0	0	0	0	0	0	0	0	0	0	0	0	0	0	0	0	0	0	0	0	930	7430	0	6122	0	0	0	0	0	0	0	0	0	0	0	0	0	0	0	0	0	0	0	0	0	0	0	0	0	0	0	0	0	0	0	0	0	0	0	0	0	0	0	0	0	0	
13000	Frontal_Med_Orb_L	0	0	532	112	1236	0	0	0	0	0	0	0	0	0	0	0	0	0	0	0	98	0	1490	340	0	904	202	0	0	0	1244	0	0	0	0	0	0	0	0	0	0	0	0	0	0	0	0	0	0	0	0	0	0	0	0	0	0	0	0	0	0	0	0	0	0	0	0	0	0	0	86	0	256	0	0	0	0	0	0	0	0	0	0	0	0	0	0	0	0	0	0	0	0	0	0	0	0	0	0	0	0	0	0	0	0	0	0	0	0	0	0	0	0	0	0	0	
107312	Frontal_Med_Orb_R	0	0	0	9248	96	10052	0	252	0	122	0	0	0	1698	0	194	0	0	0	336	1108	1562	494	6320	904	0	950	7696	0	1792	1568	5012	0	0	0	0	0	0	0	0	0	0	0	0	0	0	0	0	0	0	0	0	0	0	0	0	0	0	0	0	0	0	0	0	0	0	0	0	0	0	198	2872	108	1074	0	0	0	0	0	0	0	0	0	0	0	0	0	0	0	0	0	0	0	0	0	0	0	0	0	0	0	0	0	0	0	0	0	0	0	0	0	0	0	0	0	0	
59320	Rectus_L	0	0	0	0	5122	0	0	0	1290	0	0	0	0	0	2878	0	0	0	0	0	5206	3562	188	0	202	950	0	1126	1414	0	2248	1864	0	0	0	0	0	0	0	0	0	0	0	0	0	0	0	0	0	0	0	0	0	0	0	0	0	0	0	0	0	0	0	0	0	0	0	0	0	0	3152	110	348	0	0	0	0	0	0	0	0	0	0	0	0	0	0	0	0	0	0	0	0	0	0	0	0	0	0	0	0	0	0	0	0	0	0	0	0	0	0	0	0	0	0	0	
88448	Rectus_R	0	0	0	4022	408	8494	0	84	0	1716	0	0	0	426	0	1040	0	0	0	218	1748	4536	0	2284	0	7696	1126	0	0	2220	1638	3882	0	0	0	0	0	0	0	0	0	0	0	0	0	0	0	0	0	0	0	0	0	0	0	0	0	0	0	0	0	0	0	0	0	0	0	0	0	0	328	1600	202	556	0	0	0	0	0	0	0	0	0	0	0	0	0	0	0	0	0	0	0	0	0	0	0	0	0	0	0	0	0	0	0	0	0	0	0	0	0	0	0	0	0	0	
452876	Insula_L	11468	578	30062	1356	6224	0	8598	1302	1946	0	14084	1038	22746	1572	10852	1108	18114	526	17328	1462	2794	0	240	630	0	0	1414	0	0	2346	3196	1400	0	654	1068	814	9344	798	598	0	778	0	326	0	0	0	0	0	0	0	632	0	118	0	1140	76	3514	0	92	0	294	0	306	0	0	0	272	304	314	0	9194	2432	15698	742	0	0	956	864	4736	0	3744	100	2404	0	796	0	0	0	946	0	0	0	0	0	0	0	0	0	0	0	0	0	0	0	0	0	0	0	0	0	0	0	0	0	0	0	
487952	Insula_R	430	1794	1182	20708	0	2456	178	5876	0	1454	220	18552	374	20194	94	8412	0	26968	2742	14892	0	3560	588	4030	0	1792	0	2220	2346	0	0	4562	0	4172	1458	3108	1246	9304	0	718	0	604	0	94	0	0	0	210	0	0	0	0	0	160	0	718	0	1654	0	0	0	164	0	904	0	0	0	956	90	0	3370	8384	502	24272	0	886	2452	5752	0	3894	0	11658	0	3648	0	4868	0	636	0	2212	0	0	0	0	0	0	0	0	0	0	0	0	0	0	0	0	0	0	0	0	258	0	0	0	0	0	
171984	Cingulum_Ant_L	0	0	12356	1212	3766	88	2050	0	0	0	1192	0	3464	0	170	0	224	0	6364	2274	2948	2734	10954	2760	1244	1568	2248	1638	3196	0	0	9974	3346	2916	0	0	0	0	0	0	0	0	0	0	0	0	0	0	0	0	0	0	0	0	0	0	0	0	0	0	0	0	0	0	0	0	0	0	0	0	1706	524	5076	0	0	0	0	0	0	0	0	0	0	0	0	0	0	0	0	0	0	0	0	0	0	0	0	0	0	0	0	0	0	0	0	0	0	0	0	0	0	0	0	0	0	0	
302940	Cingulum_Ant_R	0	0	4570	19598	648	2618	108	1136	0	0	0	200	874	4246	350	1236	0	212	8340	14452	2770	2962	7204	17916	0	5012	1864	3882	1400	4562	9974	0	1038	15180	0	0	0	0	0	0	0	0	0	0	0	0	0	0	0	0	0	0	0	0	0	0	0	0	0	0	0	0	0	0	0	0	0	0	0	0	1428	9406	692	7592	0	0	0	0	0	0	0	0	0	0	0	0	0	0	0	0	0	0	0	0	0	0	0	0	0	0	0	0	0	0	0	0	0	0	0	0	0	0	0	0	0	0	
110528	Cingulum_Mid_L	202	116	1060	782	0	0	0	0	0	0	0	0	0	76	0	0	0	0	9416	6288	0	0	1554	156	0	0	0	0	0	0	3346	1038	0	9220	4906	1860	0	0	0	0	0	0	458	0	2814	0	0	94	164	0	292	0	0	0	0	0	772	0	380	0	206	0	0	0	0	0	4284	1206	4406	168	0	0	0	0	0	0	0	0	0	0	0	0	0	0	0	0	0	0	0	0	0	0	0	0	0	0	0	0	0	0	0	0	0	0	0	0	0	0	0	0	0	0	0	0	0	0	
511840	Cingulum_Mid_R	5024	9670	858	9958	0	0	152	1196	0	0	92	934	454	3442	164	1194	0	628	23032	44828	0	0	3472	11262	0	0	0	0	654	4172	2916	15180	9220	0	996	15164	0	598	0	0	0	0	0	7152	204	3704	0	4336	0	1594	0	1008	0	1718	0	182	200	10560	0	388	0	0	0	148	0	0	934	29546	10328	14322	150	0	0	188	0	0	0	120	0	0	0	0	0	0	0	2258	0	0	0	1406	0	0	0	0	0	0	0	0	0	0	0	0	0	0	0	0	0	0	0	0	214	0	0	0	0	0	
183500	Cingulum_Post_L	6340	1230	264	712	0	0	446	94	0	0	82	0	0	0	0	0	604	80	2234	2094	0	0	0	0	0	0	0	0	1068	1458	0	0	4906	996	0	9444	6010	4286	1136	208	0	0	7004	0	1342	0	3754	166	0	0	280	0	136	0	184	224	348	0	0	0	0	0	0	0	0	0	10618	1304	8212	892	388	598	760	646	0	0	4878	4846	534	0	0	264	0	0	238	0	0	0	294	148	0	0	0	0	0	0	0	0	0	0	0	0	0	0	0	0	0	0	0	0	0	0	0	0	0	0	
307496	Cingulum_Post_R	4010	4382	286	1618	0	0	408	216	0	0	0	82	0	0	0	0	0	194	1272	14228	0	0	0	0	0	0	0	0	814	3108	0	0	1860	15164	9444	0	3322	10698	0	1840	0	0	124	2174	526	120	0	13534	0	0	0	0	0	0	0	1262	202	926	0	0	0	0	0	0	0	0	1120	21206	3254	9584	804	1032	538	1510	0	0	9172	10904	0	0	0	728	0	0	0	216	0	0	0	282	0	0	0	0	0	0	0	94	0	0	0	0	0	0	0	0	0	0	0	0	1490	0	0	0	0	0	
215628	Hippocampus_L	12074	258	3000	290	0	0	1468	0	0	0	552	0	96	0	0	0	1180	0	2300	0	0	0	0	0	0	0	0	0	9344	1246	0	0	0	0	6010	3322	0	2892	7828	180	5606	0	730	0	0	0	2920	0	0	0	258	0	1278	0	10094	166	850	0	0	0	336	0	86	0	0	0	3002	566	860	0	170	0	7108	356	652	0	3808	2900	3122	0	1004	246	830	0	676	0	0	0	7744	106	0	0	0	0	0	0	300	0	0	0	0	0	0	0	0	0	0	0	0	0	0	0	0	0	0	0	
345264	Hippocampus_R	1024	8244	808	5944	0	0	308	728	0	0	0	908	0	286	0	0	0	1488	992	2512	0	0	0	0	0	0	0	0	798	9304	0	0	0	598	4286	10698	2892	0	0	22428	0	7868	0	952	0	0	0	5172	0	0	0	0	0	1584	0	25980	204	706	0	0	0	0	0	90	0	0	0	6662	264	412	260	384	516	10254	0	334	5352	12890	0	262	0	1632	0	616	0	3364	0	110	0	11028	0	0	0	0	0	0	0	384	0	0	0	0	0	0	0	0	0	0	0	0	1106	0	0	0	0	0	
56192	ParaHippocampal_L	294	0	0	0	0	0	0	0	0	0	0	0	0	0	0	0	0	0	0	0	170	0	0	0	0	0	0	0	598	0	0	0	0	0	1136	0	7828	0	0	0	1088	0	332	0	0	0	4324	0	0	0	0	0	866	0	4120	0	0	0	0	0	0	0	0	0	0	0	2360	0	0	0	0	0	140	0	0	0	144	0	0	0	100	0	152	0	0	0	0	0	1566	0	478	0	0	0	0	0	972	0	764	0	0	0	132	118	0	0	0	0	0	236	0	0	178	0	0	0	
167944	ParaHippocampal_R	110	176	0	142	0	0	0	0	0	0	0	0	0	0	0	0	0	0	0	124	0	0	0	0	0	0	0	0	0	718	0	0	0	0	208	1840	180	22428	0	0	0	4956	0	858	0	96	0	8288	0	106	0	92	0	2830	0	24234	0	0	0	0	0	0	0	0	0	0	0	4498	0	0	0	82	0	1822	0	148	318	1582	0	0	0	244	0	1304	0	288	0	214	0	2222	120	176	0	184	0	0	0	1844	90	374	0	0	0	254	0	0	0	0	0	0	622	0	122	78	0	0	
21880	Amygdala_L	0	0	0	0	0	0	0	0	0	0	0	0	0	0	0	0	0	0	0	0	142	0	0	0	0	0	0	0	778	0	0	0	0	0	0	0	5606	0	1088	0	0	0	0	0	0	0	0	0	0	0	0	0	0	0	1934	0	0	0	0	0	0	0	0	0	0	0	0	0	0	0	0	0	370	0	0	0	0	0	0	0	0	0	582	0	0	0	0	0	440	0	0	0	0	0	0	0	0	0	0	0	0	0	0	0	0	0	0	0	0	0	0	0	0	0	0	0	
42492	Amygdala_R	0	0	0	0	0	0	0	0	0	0	0	0	0	0	0	0	0	0	0	0	0	378	0	0	0	0	0	0	0	604	0	0	0	0	0	0	0	7868	0	4956	0	0	0	0	0	0	0	0	0	0	0	0	0	0	0	4784	0	0	0	0	0	0	0	0	0	0	0	0	0	0	0	0	0	680	0	0	0	0	0	0	0	0	0	1786	0	0	0	92	0	98	0	0	0	0	0	0	0	0	0	0	0	0	0	0	0	0	0	0	0	0	0	0	0	0	0	0	
324960	Calcarine_L	2924	0	158	0	0	0	0	0	0	0	0	0	0	0	0	0	918	0	232	0	0	0	0	0	0	0	0	0	326	0	0	0	458	0	7004	124	730	0	332	0	0	0	0	6220	14216	6432	12172	786	13908	1614	44186	88	8928	94	606	112	1806	0	4578	0	2552	0	990	0	274	0	22966	1054	2624	0	0	0	0	0	0	0	0	0	660	0	268	0	0	0	1498	0	0	0	542	0	0	0	0	0	0	0	100	0	0	0	0	0	0	0	0	0	0	0	0	0	0	0	0	0	0	0	
365212	Calcarine_R	0	9164	0	980	0	0	0	76	0	0	0	0	0	0	0	0	0	0	146	2346	0	0	0	0	0	0	0	0	0	94	0	0	0	7152	0	2174	0	952	0	858	0	0	6220	0	2438	29896	2258	15984	0	23278	0	16048	0	5356	0	10086	0	7832	0	0	0	0	0	238	0	0	1130	30738	0	2124	0	0	0	0	0	0	0	144	0	0	0	156	0	0	0	4168	0	0	0	470	0	0	0	0	0	0	0	100	0	0	0	0	0	0	0	0	0	0	0	0	0	0	0	0	0	0	
156484	Cuneus_L	188	0	0	0	0	0	0	0	0	0	0	0	0	0	0	0	0	0	1132	0	0	0	0	0	0	0	0	0	0	0	0	0	2814	204	1342	526	0	0	0	0	0	0	14216	2438	0	3768	798	88	17690	842	11480	306	348	0	0	0	310	0	1476	0	376	0	186	0	0	0	14674	1694	1268	0	0	0	0	0	0	0	0	0	0	0	0	0	0	0	0	78	0	0	0	0	0	0	0	0	0	0	0	0	0	0	0	0	0	0	0	0	0	0	0	0	0	0	0	0	0	0	
326408	Cuneus_R	0	1852	0	0	0	0	0	0	0	0	0	0	0	0	0	0	0	0	0	358	0	0	0	0	0	0	0	0	0	0	0	0	0	3704	0	120	0	0	0	96	0	0	6432	29896	3768	0	1502	4808	232	40320	0	16692	0	3190	0	7966	0	4682	0	3216	0	0	0	0	0	218	2594	23802	0	4574	0	0	0	0	0	0	0	0	0	0	0	0	0	0	0	3182	0	0	0	0	0	0	0	0	0	0	0	0	0	0	0	0	0	0	0	0	0	0	0	0	0	0	0	0	0	0	
252300	Lingual_L	212	0	0	0	0	0	0	0	0	0	0	0	0	0	0	0	126	0	0	0	0	0	0	0	0	0	0	0	0	0	0	0	0	0	3754	0	2920	0	4324	0	0	0	12172	2258	798	1502	0	1874	1126	160	12778	0	14346	0	17298	258	132	0	0	0	0	0	0	0	0	0	5772	0	480	0	0	0	0	0	0	0	0	0	80	0	0	0	0	0	110	0	0	0	906	0	7812	3162	338	956	0	0	7546	786	11560	3324	0	0	0	0	0	0	0	0	0	168	1772	3408	1932	0	0	0	
315440	Lingual_R	0	2282	0	618	0	0	0	0	0	0	0	0	0	0	0	0	0	0	100	6036	0	0	0	0	0	0	0	0	0	210	0	0	94	4336	166	13534	0	5172	0	8288	0	0	786	15984	88	4808	1874	0	0	6272	0	4468	0	5028	186	24310	0	352	0	0	0	0	0	0	0	0	154	20250	154	4702	0	0	0	0	0	0	0	782	0	0	0	0	0	0	0	448	0	0	0	268	734	4648	0	0	0	96	1436	4414	1412	6230	0	0	0	0	0	0	0	0	0	106	4150	2744	0	0	0	0	
192484	Occipital_Sup_L	200	0	0	0	0	0	0	0	0	0	0	0	0	0	0	0	0	0	0	0	0	0	0	0	0	0	0	0	0	0	0	0	164	0	0	0	0	0	0	0	0	0	13908	0	17690	232	1126	0	0	94	28956	0	718	0	124	0	350	0	13378	0	5696	0	0	0	0	0	13204	326	0	0	0	0	0	0	0	0	0	0	0	0	0	0	0	0	76	0	0	0	0	0	0	0	0	0	0	0	0	0	0	0	0	0	0	0	0	0	0	0	0	0	0	0	0	0	0	0	
308164	Occipital_Sup_R	0	1274	0	0	0	0	0	0	0	0	0	0	0	0	0	0	0	0	0	126	0	0	0	0	0	0	0	0	0	0	0	0	0	1594	0	0	0	0	0	106	0	0	1614	23278	842	40320	160	6272	94	0	0	23446	0	3426	0	9484	0	3414	0	7096	0	426	0	0	0	5018	1636	18774	0	3148	0	0	0	0	0	0	0	0	0	0	0	0	0	0	0	2534	0	0	0	0	0	0	0	0	0	0	0	0	0	0	0	0	0	0	0	0	0	0	0	0	0	0	0	0	0	0	
455956	Occipital_Mid_L	2810	0	102	0	0	0	0	0	0	0	0	0	0	0	0	0	924	0	0	0	0	0	0	0	0	0	0	0	632	0	0	0	292	0	280	0	258	0	0	0	0	0	44186	0	11480	0	12778	0	28956	0	0	0	18892	0	2582	0	4198	0	19516	0	22754	0	4508	0	17314	0	14386	0	652	0	0	0	0	0	0	0	0	0	2124	0	136	0	0	0	16844	0	0	0	1374	0	0	0	0	0	0	0	0	0	0	0	0	0	0	0	0	0	0	0	0	0	0	0	0	0	0	0	
219028	Occipital_Mid_R	0	398	0	0	0	0	0	0	0	0	0	0	0	0	0	0	0	0	0	78	0	0	0	0	0	0	0	0	0	0	0	0	0	1008	0	0	0	0	0	92	0	0	88	16048	306	16692	0	4468	0	23446	0	0	0	5578	0	6544	0	568	0	1424	0	1006	0	416	0	8682	266	6226	0	748	0	0	0	0	0	0	0	0	0	0	0	656	0	0	0	13374	0	0	0	1402	0	0	0	0	0	0	0	0	0	0	0	0	0	0	0	0	0	0	0	0	0	0	0	0	0	0	
137732	Occipital_Inf_L	254	0	0	0	0	0	0	0	0	0	0	0	0	0	0	0	280	0	0	0	0	0	0	0	0	0	0	0	118	0	0	0	0	0	136	0	1278	0	866	0	0	0	8928	0	348	0	14346	0	718	0	18892	0	0	0	12814	0	0	0	272	0	634	0	288	0	226	0	378	0	82	0	0	0	0	0	0	0	0	0	494	0	0	0	0	0	2522	0	0	0	4818	0	174	0	0	0	0	0	0	0	0	0	0	0	0	0	0	0	0	0	0	0	0	0	0	0	0	0	
111160	Occipital_Inf_R	0	972	0	0	0	0	0	0	0	0	0	0	0	0	0	0	0	0	0	102	0	0	0	0	0	0	0	0	0	160	0	0	0	1718	0	0	0	1584	0	2830	0	0	94	5356	0	3190	0	5028	0	3426	0	5578	0	0	0	10310	0	1140	0	0	0	0	0	0	0	274	0	3448	0	344	0	0	0	0	0	0	0	0	0	0	0	234	0	0	0	2390	0	0	0	6520	0	86	0	0	0	0	0	0	0	420	0	0	0	0	0	0	0	0	0	0	0	376	0	0	0	0	
324944	Fusiform_L	350	0	170	0	0	0	0	0	0	0	0	0	0	0	0	0	0	0	0	0	0	0	0	0	0	0	0	0	1140	0	0	0	0	0	184	0	10094	0	4120	0	1934	0	606	0	0	0	17298	186	124	0	2582	0	12814	0	0	204	0	0	0	0	0	0	0	0	0	0	222	0	0	0	0	0	630	0	0	0	0	0	0	0	2022	0	2080	0	2828	0	1792	0	16154	0	25934	1780	4786	538	240	0	13764	108	30008	1478	404	0	1490	228	0	0	0	0	0	0	1302	1938	940	0	0	0	
443412	Fusiform_R	104	204	0	84	0	0	0	0	0	0	0	0	0	0	0	0	0	0	0	86	0	0	0	0	0	0	0	0	76	718	0	0	0	182	224	1262	166	25980	0	24234	0	4784	112	10086	0	7966	258	24310	0	9484	0	6544	0	10310	204	0	0	140	0	0	0	0	0	0	0	0	0	5552	0	124	0	0	0	2564	0	0	344	1276	0	0	0	444	0	5178	0	1398	0	2224	0	11540	1094	18200	168	648	0	1204	988	10660	1146	22854	0	0	0	798	0	76	0	0	0	114	3092	2042	352	108	0	0	
204052	Postcentral_L	21372	298	1710	294	0	0	974	0	0	0	1850	0	230	0	0	0	6404	0	2816	776	0	0	0	0	0	0	0	0	3514	0	0	0	772	200	348	202	850	204	0	0	0	0	1806	0	310	0	132	0	350	0	4198	0	0	0	0	0	0	0	5736	0	22244	0	5564	0	3082	0	3442	0	5076	0	114	678	264	0	0	0	146	866	1590	0	1294	0	0	0	1782	0	0	0	538	0	0	0	0	0	0	0	0	0	0	0	0	0	0	0	0	0	0	0	0	0	0	0	0	0	0	0	
268400	Postcentral_R	0	36746	0	980	0	0	0	674	0	0	0	86	0	0	0	0	0	2540	0	1432	0	0	0	0	0	0	0	0	0	1654	0	0	0	10560	0	926	0	706	0	0	0	0	0	7832	0	4682	0	352	0	3414	0	568	0	1140	0	140	0	0	0	6148	0	5980	0	11864	0	300	0	20090	0	5516	76	0	0	94	0	0	0	0	0	318	0	1328	0	0	0	4026	0	0	0	4028	0	0	0	0	0	0	0	0	0	0	0	0	0	0	0	0	0	0	0	0	0	0	0	0	0	0	
154532	Parietal_Sup_L	794	0	0	0	0	0	0	0	0	0	0	0	0	0	0	0	0	0	0	0	0	0	0	0	0	0	0	0	92	0	0	0	380	0	0	0	0	0	0	0	0	0	4578	0	1476	0	0	0	13378	0	19516	0	272	0	0	0	5736	0	0	0	16462	0	218	0	962	0	11788	244	398	0	0	0	0	0	0	0	0	0	0	0	0	0	0	0	792	0	0	0	180	0	0	0	0	0	0	0	0	0	0	0	0	0	0	0	0	0	0	0	0	0	0	0	0	0	0	0	
94532	Parietal_Sup_R	0	1302	0	0	0	0	0	0	0	0	0	0	0	0	0	0	0	0	0	0	0	0	0	0	0	0	0	0	0	0	0	0	0	388	0	0	0	0	0	0	0	0	0	0	0	3216	0	0	0	7096	0	1424	0	0	0	0	0	6148	0	0	0	7390	0	2354	0	6262	538	8780	0	1536	0	0	0	0	0	0	0	0	0	0	0	0	0	0	0	312	0	0	0	520	0	0	0	0	0	0	0	0	0	0	0	0	0	0	0	0	0	0	0	0	0	0	0	0	0	0	
321204	Parietal_Inf_L	3308	0	0	0	0	0	0	0	0	0	0	0	0	0	0	0	428	0	0	0	0	0	0	0	0	0	0	0	294	0	0	0	206	0	0	0	336	0	0	0	0	0	2552	0	376	0	0	0	5696	0	22754	0	634	0	0	0	22244	0	16462	0	0	0	27010	0	27532	0	4058	0	2252	0	0	0	0	0	0	0	0	0	0	0	2610	0	0	0	17588	0	0	0	4262	0	0	0	0	0	0	0	0	0	0	0	0	0	0	0	0	0	0	0	0	0	0	0	0	0	0	0	
82608	Parietal_Inf_R	0	1218	0	0	0	0	0	0	0	0	0	0	0	0	0	0	0	0	0	0	0	0	0	0	0	0	0	0	0	164	0	0	0	0	0	0	0	0	0	0	0	0	0	0	0	0	0	0	0	426	0	1006	0	0	0	0	0	5980	0	7390	0	0	0	11450	0	9528	0	632	0	0	0	0	0	0	0	0	0	0	0	0	0	416	0	0	0	1294	0	0	0	1800	0	0	0	0	0	0	0	0	0	0	0	0	0	0	0	0	0	0	0	0	0	0	0	0	0	0	
163736	SupraMarginal_L	860	0	0	0	0	0	0	0	0	0	0	0	0	0	0	0	1494	0	0	0	0	0	0	0	0	0	0	0	306	0	0	0	0	0	0	0	86	0	0	0	0	0	990	0	186	0	0	0	0	0	4508	0	288	0	0	0	5564	0	218	0	27010	0	0	0	13648	0	738	0	424	0	0	0	0	0	0	0	0	0	0	0	7254	0	0	0	14864	0	0	0	3430	0	0	0	0	0	0	0	0	0	0	0	0	0	0	0	0	0	0	0	0	0	0	0	0	0	0	0	
97888	SupraMarginal_R	0	3446	0	138	0	0	0	82	0	0	0	0	0	0	0	0	0	2578	0	0	0	0	0	0	0	0	0	0	0	904	0	0	0	148	0	0	0	90	0	0	0	0	0	238	0	0	0	0	0	0	0	416	0	0	0	0	0	11864	0	2354	0	11450	0	0	0	4818	0	834	0	0	0	0	0	0	0	0	0	0	0	170	0	3722	0	0	0	2710	0	0	0	2982	0	0	0	0	0	0	0	0	0	0	0	0	0	0	0	0	0	0	0	0	0	0	0	0	0	0	
165516	Angular_L	372	0	0	0	0	0	0	0	0	0	0	0	0	0	0	0	0	0	0	0	0	0	0	0	0	0	0	0	0	0	0	0	0	0	0	0	0	0	0	0	0	0	274	0	0	0	0	0	0	0	17314	0	226	0	0	0	3082	0	962	0	27532	0	13648	0	0	0	478	0	1078	0	0	0	0	0	0	0	0	0	0	0	1182	0	0	0	15510	0	0	0	1100	0	0	0	0	0	0	0	0	0	0	0	0	0	0	0	0	0	0	0	0	0	0	0	0	0	0	0	
90608	Angular_R	0	134	0	0	0	0	0	0	0	0	0	0	0	0	0	0	0	0	0	0	0	0	0	0	0	0	0	0	0	0	0	0	0	0	0	0	0	0	0	0	0	0	0	0	0	218	0	0	0	5018	0	8682	0	274	0	0	0	300	0	6262	0	9528	0	4818	0	0	0	856	0	106	0	0	0	0	0	0	0	0	0	0	0	3762	0	0	0	4906	0	0	0	440	0	0	0	0	0	0	0	0	0	0	0	0	0	0	0	0	0	0	0	0	0	0	0	0	0	0	
283364	Precuneus_L	2404	0	170	0	0	0	0	0	0	0	0	0	0	0	0	0	728	0	1684	0	0	0	0	0	0	0	0	0	272	0	0	0	4284	934	10618	1120	3002	0	2360	0	0	0	22966	1130	14674	2594	5772	154	13204	1636	14386	266	378	0	222	0	3442	0	11788	538	4058	0	738	0	478	0	0	7348	5634	346	0	0	0	0	0	0	90	0	516	0	132	0	0	0	772	226	0	0	364	0	0	0	0	0	0	0	254	0	0	0	0	0	0	0	0	0	0	0	0	0	0	0	0	0	0	0	
562488	Precuneus_R	614	18636	124	1462	0	0	154	86	0	0	0	0	0	0	0	0	0	80	334	10286	0	0	0	0	0	0	0	0	304	956	0	0	1206	29546	1304	21206	566	6662	0	4498	0	0	1054	30738	1694	23802	0	20250	326	18774	0	6226	0	3448	0	5552	0	20090	244	8780	0	632	0	834	0	856	7348	0	348	16984	0	210	232	146	0	0	1070	2482	0	222	0	742	0	0	0	5558	0	0	0	2618	0	0	0	0	0	0	0	432	0	0	0	0	0	0	0	0	0	0	0	0	1528	0	0	0	0	0	
334116	Paracentral_Lobule_L	26418	7924	5378	5172	0	0	778	96	0	0	0	78	0	88	0	0	96	0	29818	23540	0	0	0	0	0	0	0	0	314	90	0	0	4406	10328	8212	3254	860	264	0	0	0	0	2624	0	1268	0	480	154	0	0	652	0	82	0	0	0	5076	0	398	0	2252	0	424	0	1078	0	5634	348	0	2442	3066	2330	2442	0	2252	0	4004	2212	118	0	0	0	0	0	420	0	0	0	188	0	0	0	0	0	0	0	0	0	0	0	0	0	0	0	0	0	0	0	0	0	0	0	0	0	0	0	
175396	Paracentral_Lobule_R	2084	3538	0	0	0	0	0	0	0	0	0	0	0	0	0	0	0	0	124	12606	0	0	0	0	0	0	0	0	0	0	0	0	168	14322	892	9584	0	412	0	0	0	0	0	2124	0	4574	0	4702	0	3148	0	748	0	344	0	124	0	5516	0	1536	0	0	0	0	0	106	346	16984	2442	0	0	0	0	0	0	0	0	0	0	0	0	0	0	0	0	1008	0	0	0	190	0	0	0	0	0	0	0	0	0	0	0	0	0	0	0	0	0	0	0	0	76	0	0	0	0	0	
211620	Caudate_L	2002	3660	2152	1372	1518	90	644	2614	326	0	1508	1426	2276	2484	1420	1308	914	632	8078	1920	4552	5374	206	930	86	198	3152	328	9194	3370	1706	1428	0	150	388	804	170	260	0	0	0	0	0	0	0	0	0	0	0	0	0	0	0	0	0	0	114	76	0	0	0	0	0	0	0	0	0	0	3066	0	0	11966	8524	1130	1054	184	8266	2548	0	0	160	0	82	0	0	0	0	0	0	0	0	0	0	0	0	0	0	0	0	0	0	0	0	0	0	0	0	0	0	0	0	0	0	0	0	0	
340640	Caudate_R	1030	5962	454	22102	92	2034	0	2150	0	670	170	3264	98	8524	0	3444	186	4530	2462	23252	552	1614	86	7430	0	2872	110	1600	2432	8384	524	9406	0	0	598	1032	0	384	0	82	0	0	0	0	0	0	0	0	0	0	0	0	0	0	0	0	678	0	0	0	0	0	0	0	0	0	0	210	2330	0	11966	0	1328	13840	0	2342	1782	18314	0	0	0	0	0	0	0	0	0	0	0	0	0	0	0	0	0	0	0	0	0	0	0	0	0	0	0	0	0	0	0	0	0	0	0	0	0	0	
218576	Putamen_L	4388	160	11104	84	7286	0	2316	0	1088	0	1826	0	2912	184	3662	0	1540	0	11604	142	1434	2156	2512	0	256	108	348	202	15698	502	5076	692	0	0	760	538	7108	516	140	0	370	0	0	0	0	0	0	0	0	0	0	0	0	0	630	0	264	0	0	0	0	0	0	0	0	0	0	232	2442	0	8524	1328	0	132	4770	0	1286	540	76	0	718	90	886	0	142	0	0	0	516	0	0	0	0	0	0	0	0	0	0	0	0	0	0	0	0	0	0	0	0	0	0	0	0	0	0	0	
263700	Putamen_R	0	1082	468	10078	0	1360	0	4670	0	2412	118	7010	196	4732	0	3858	0	7136	628	3412	0	762	0	6122	0	1074	0	556	742	24272	0	7592	0	188	646	1510	356	10254	0	1822	0	680	0	0	0	0	0	0	0	0	0	0	0	0	0	2564	0	94	0	0	0	0	0	0	0	0	0	146	0	0	1130	13840	132	0	0	2474	1478	3726	0	184	0	636	0	266	0	110	0	0	0	1334	0	0	0	0	0	0	0	0	0	0	0	0	0	0	0	0	0	0	0	0	0	0	0	0	0	0	
37000	Pallidum_L	792	0	2998	0	0	0	312	0	0	0	0	0	0	0	0	0	96	0	4930	0	0	0	0	0	0	0	0	0	0	0	0	0	0	0	0	0	652	0	0	0	0	0	0	0	0	0	0	0	0	0	0	0	0	0	0	0	0	0	0	0	0	0	0	0	0	0	0	0	2252	0	1054	0	4770	0	0	0	644	0	0	0	0	0	0	0	0	0	0	0	0	0	0	0	0	0	0	0	0	0	0	0	0	0	0	0	0	0	0	0	0	0	0	0	0	0	0	0	
27052	Pallidum_R	0	616	0	2448	0	0	0	618	0	0	0	364	0	88	0	0	0	518	122	2254	0	0	0	0	0	0	0	0	0	886	0	0	0	0	0	0	0	334	0	148	0	0	0	0	0	0	0	0	0	0	0	0	0	0	0	0	0	0	0	0	0	0	0	0	0	0	0	0	0	0	184	2342	0	2474	0	0	0	130	0	0	0	0	0	0	0	0	0	0	0	0	0	0	0	0	0	0	0	0	0	0	0	0	0	0	0	0	0	0	0	0	0	0	0	0	0	0	
159372	Thalamus_L	8192	1398	782	986	0	0	1482	204	0	0	100	132	240	80	0	0	0	316	3946	1444	0	0	0	0	0	0	0	0	956	2452	0	0	0	0	4878	9172	3808	5352	144	318	0	0	0	0	0	0	0	0	0	0	0	0	0	0	0	344	146	0	0	0	0	0	0	0	0	0	90	1070	4004	0	8266	1782	1286	1478	644	0	0	13212	0	0	0	596	0	0	0	174	0	0	0	212	0	0	0	0	0	0	0	0	0	0	0	0	0	0	0	0	0	0	0	0	0	0	0	0	0	0	
254248	Thalamus_R	2118	7212	766	10922	0	0	368	948	0	0	0	870	0	418	0	94	0	1106	2716	10624	0	86	0	0	0	0	0	0	864	5752	0	0	0	120	4846	10904	2900	12890	0	1582	0	0	0	144	0	0	0	782	0	0	0	0	0	0	0	1276	866	0	0	0	0	0	0	0	0	0	0	2482	2212	0	2548	18314	540	3726	0	130	13212	0	0	106	0	864	0	0	0	264	0	0	0	648	0	0	0	0	0	0	0	114	0	0	0	0	0	0	0	0	0	0	0	0	790	0	0	0	0	0	
56152	Heschl_L	4516	0	580	0	0	0	278	0	0	0	232	0	0	0	0	0	3628	0	214	0	0	0	0	0	0	0	0	0	4736	0	0	0	0	0	534	0	3122	0	0	0	0	0	660	0	0	0	80	0	0	0	2124	0	494	0	0	0	1590	0	0	0	0	0	0	0	0	0	516	0	118	0	0	0	76	0	0	0	0	0	0	0	1258	0	0	0	2018	0	0	0	1302	0	0	0	0	0	0	0	0	0	0	0	0	0	0	0	0	0	0	0	0	0	0	0	0	0	0	0	
32204	Heschl_R	0	492	0	616	0	0	0	0	0	0	0	0	0	0	0	0	0	3488	0	692	0	0	0	0	0	0	0	0	0	3894	0	0	0	0	0	0	0	262	0	0	0	0	0	0	0	0	0	0	0	0	0	0	0	0	0	0	0	318	0	0	0	0	0	170	0	0	0	222	0	0	0	0	0	184	0	0	0	106	0	0	0	4416	0	302	0	576	0	0	0	364	0	0	0	0	0	0	0	0	0	0	0	0	0	0	0	0	0	0	0	0	0	0	0	0	0	0	
130824	Temporal_Sup_L	1244	94	1880	0	0	0	120	90	0	0	1584	0	326	0	0	0	5440	0	1586	0	0	0	0	0	0	0	0	0	3744	0	0	0	0	0	0	0	1004	0	100	0	0	0	268	0	0	0	0	0	0	0	136	0	0	0	2022	0	1294	0	0	0	2610	0	7254	0	1182	0	132	0	0	0	160	0	718	0	0	0	0	0	1258	0	0	0	2666	0	19176	0	0	0	9324	0	0	0	0	0	0	0	0	0	0	0	0	0	0	0	0	0	0	0	0	0	0	0	0	0	0	0	
146800	Temporal_Sup_R	154	1522	0	540	0	0	0	0	0	0	0	224	0	0	0	0	0	3490	0	962	0	0	0	0	0	0	0	0	100	11658	0	0	0	0	264	728	246	1632	0	244	0	0	0	156	0	0	0	0	0	0	0	656	0	234	0	444	0	1328	0	0	0	416	0	3722	0	3762	0	742	0	0	0	0	90	636	0	0	596	864	0	4416	0	0	0	4210	0	22148	0	3674	0	3542	0	0	0	0	0	0	0	0	0	0	0	0	0	0	0	0	0	0	0	0	0	0	0	0	0	0	
42740	Temporal_Pole_Sup_L	0	0	502	0	144	0	0	0	0	0	804	0	646	0	314	0	568	0	408	0	244	0	0	0	0	0	0	0	2404	0	0	0	0	0	0	0	830	0	152	0	582	0	0	0	0	0	0	0	0	0	0	0	0	0	2080	0	0	0	0	0	0	0	0	0	0	0	0	0	0	0	82	0	886	0	0	0	0	0	0	0	2666	0	0	0	3012	0	2292	0	2754	0	0	0	0	0	0	0	0	0	0	0	0	0	0	0	0	0	0	0	0	0	0	0	0	0	0	0	
47936	Temporal_Pole_Sup_R	0	0	0	0	0	0	0	0	0	0	0	0	0	0	0	0	0	336	0	0	0	0	0	0	0	0	0	0	0	3648	0	0	0	0	0	0	0	616	0	1304	0	1786	0	0	0	0	0	0	0	0	0	0	0	0	0	5178	0	0	0	0	0	0	0	0	0	0	0	0	0	0	0	0	0	266	0	0	0	0	0	302	0	4210	0	0	0	1676	0	3444	0	1202	0	0	0	0	0	0	0	0	0	0	0	0	0	0	0	0	0	0	0	0	0	0	0	0	0	0	
268916	Temporal_Mid_L	950	0	0	0	0	0	0	0	0	0	0	0	0	0	0	0	970	0	0	0	0	0	0	0	0	0	0	0	796	0	0	0	0	0	238	0	676	0	0	0	0	0	1498	0	0	0	110	0	76	0	16844	0	2522	0	2828	0	1782	0	792	0	17588	0	14864	0	15510	0	772	0	420	0	0	0	142	0	0	0	0	0	2018	0	19176	0	3012	0	0	0	1698	0	29176	0	0	0	0	0	0	0	0	0	0	0	0	0	0	0	0	0	0	0	0	0	0	0	0	0	0	0	
252116	Temporal_Mid_R	0	3474	0	988	0	0	0	0	0	0	0	0	0	0	0	0	0	364	0	836	0	0	0	0	0	0	0	0	0	4868	0	0	0	2258	0	216	0	3364	0	288	0	0	0	4168	78	3182	0	448	0	2534	0	13374	0	2390	0	1398	0	4026	0	312	0	1294	0	2710	0	4906	226	5558	0	1008	0	0	0	110	0	0	174	264	0	576	0	22148	0	1676	0	0	0	7486	0	29356	0	0	0	0	0	0	0	0	0	0	0	0	0	0	0	0	0	0	0	0	0	0	0	0	0	0	
15988	Temporal_Pole_Mid_L	0	0	0	0	0	0	0	0	0	0	0	0	0	0	0	0	0	0	0	0	0	0	0	0	0	0	0	0	0	0	0	0	0	0	0	0	0	0	0	0	0	0	0	0	0	0	0	0	0	0	0	0	0	0	1792	0	0	0	0	0	0	0	0	0	0	0	0	0	0	0	0	0	0	0	0	0	0	0	0	0	0	0	2292	0	1698	0	0	0	2212	0	0	0	0	0	0	0	0	0	0	0	0	0	0	0	0	0	0	0	0	0	0	0	0	0	0	0	
41988	Temporal_Pole_Mid_R	0	0	0	0	0	0	0	0	0	0	0	0	0	0	0	0	0	0	0	0	0	0	0	0	0	0	0	0	0	636	0	0	0	0	0	0	0	110	0	214	0	92	0	0	0	0	0	0	0	0	0	0	0	0	0	2224	0	0	0	0	0	0	0	0	0	0	0	0	0	0	0	0	0	0	0	0	0	0	0	0	0	3674	0	3444	0	7486	0	0	0	3114	0	0	0	0	0	0	0	0	0	0	0	0	0	0	0	0	0	0	0	0	0	0	0	0	0	0	
189404	Temporal_Inf_L	602	0	180	0	0	0	0	0	0	0	0	0	0	0	0	0	634	0	0	0	0	0	0	0	0	0	0	0	946	0	0	0	0	0	294	0	7744	0	1566	0	440	0	542	0	0	0	906	0	0	0	1374	0	4818	0	16154	0	538	0	180	0	4262	0	3430	0	1100	0	364	0	188	0	0	0	516	0	0	0	0	0	1302	0	9324	0	2754	0	29176	0	2212	0	0	0	2334	0	250	0	0	0	0	0	572	0	0	0	0	0	0	0	0	0	0	0	0	0	0	0	0	0	
194920	Temporal_Inf_R	0	4464	0	1168	0	0	0	0	0	0	0	0	0	0	0	0	0	360	0	620	0	0	0	0	0	0	0	0	0	2212	0	0	0	1406	148	282	106	11028	0	2222	0	98	0	470	0	0	0	268	0	0	0	1402	0	6520	0	11540	0	4028	0	520	0	1800	0	2982	0	440	0	2618	0	190	0	0	0	1334	0	0	212	648	0	364	0	3542	0	1202	0	29356	0	3114	0	0	0	692	0	0	0	0	0	0	0	104	0	0	0	0	0	0	0	0	0	0	0	0	0	0	0	0	
564900	Cerebelum_Crus1_L	0	0	0	0	0	0	0	0	0	0	0	0	0	0	0	0	0	0	0	0	0	0	0	0	0	0	0	0	0	0	0	0	0	0	0	0	0	0	478	120	0	0	0	0	0	0	7812	734	0	0	0	0	174	0	25934	1094	0	0	0	0	0	0	0	0	0	0	0	0	0	0	0	0	0	0	0	0	0	0	0	0	0	0	0	0	0	0	0	0	2334	0	0	11522	44678	11818	756	608	21674	2172	60264	8348	11732	2594	18424	5876	594	1234	0	794	0	166	4532	12624	16866	3772	1768	954	
489584	Cerebelum_Crus1_R	0	0	0	0	0	0	0	0	0	0	0	0	0	0	0	0	0	0	0	0	0	0	0	0	0	0	0	0	0	0	0	0	0	0	0	0	0	0	0	176	0	0	0	0	0	0	3162	4648	0	0	0	0	0	86	1780	18200	0	0	0	0	0	0	0	0	0	0	0	0	0	0	0	0	0	0	0	0	0	0	0	0	0	0	0	0	0	0	0	0	0	692	11522	0	4382	44972	0	2952	3104	14422	10374	56432	1348	4522	1174	24162	0	1906	0	172	122	666	7400	14084	11616	452	188	76	
333192	Cerebelum_Crus2_L	0	0	0	0	0	0	0	0	0	0	0	0	0	0	0	0	0	0	0	0	0	0	0	0	0	0	0	0	0	0	0	0	0	0	0	0	0	0	0	0	0	0	0	0	0	0	338	0	0	0	0	0	0	0	4786	168	0	0	0	0	0	0	0	0	0	0	0	0	0	0	0	0	0	0	0	0	0	0	0	0	0	0	0	0	0	0	0	0	250	0	44678	4382	0	10170	186	152	2334	180	14198	2412	28984	4932	27596	842	1660	614	0	0	0	0	306	4348	9766	2096	676	542	
358184	Cerebelum_Crus2_R	0	0	0	0	0	0	0	0	0	0	0	0	0	0	0	0	0	0	0	0	0	0	0	0	0	0	0	0	0	0	0	0	0	0	0	0	0	0	0	184	0	0	0	0	0	0	956	0	0	0	0	0	0	0	538	648	0	0	0	0	0	0	0	0	0	0	0	0	0	0	0	0	0	0	0	0	0	0	0	0	0	0	0	0	0	0	0	0	0	0	11818	44972	10170	0	0	518	1054	1546	4712	9176	5608	18430	4780	37328	102	1916	0	448	0	0	282	2846	16746	3618	510	186	
26452	Cerebelum_3_L	0	0	0	0	0	0	0	0	0	0	0	0	0	0	0	0	0	0	0	0	0	0	0	0	0	0	0	0	0	0	0	0	0	0	0	0	0	0	0	0	0	0	0	0	0	0	0	0	0	0	0	0	0	0	240	0	0	0	0	0	0	0	0	0	0	0	0	0	0	0	0	0	0	0	0	0	0	0	0	0	0	0	0	0	0	0	0	0	0	0	756	0	186	0	0	0	4958	0	1288	0	102	0	372	0	652	156	228	0	784	2024	606	320	80	90	150	234	
69364	Cerebelum_3_R	0	0	0	0	0	0	0	0	0	0	0	0	0	0	0	0	0	0	0	0	0	0	0	0	0	0	0	0	0	0	0	0	0	0	0	0	0	0	0	0	0	0	0	0	0	0	0	96	0	0	0	0	0	0	0	1204	0	0	0	0	0	0	0	0	0	0	0	0	0	0	0	0	0	0	0	0	0	0	0	0	0	0	0	0	0	0	0	0	0	0	608	2952	152	518	0	0	716	6452	822	7260	0	0	146	1006	142	2026	0	0	1156	2720	1116	1802	1068	1148	1200	372	
284456	Cerebelum_4_5_L	0	0	0	0	0	0	0	0	0	0	0	0	0	0	0	0	0	0	0	0	0	0	0	0	0	0	0	0	0	0	0	0	0	0	0	0	300	0	972	0	0	0	100	0	0	0	7546	1436	0	0	0	0	0	0	13764	988	0	0	0	0	0	0	0	0	0	0	254	0	0	0	0	0	0	0	0	0	0	0	0	0	0	0	0	0	0	0	0	0	0	0	21674	3104	2334	1054	4958	716	0	4296	35532	4862	610	0	2374	2002	3922	1700	192	318	454	1860	12644	5366	2834	1208	1086	1768	
209136	Cerebelum_4_5_R	0	0	0	0	0	0	0	0	0	0	0	0	0	0	0	0	0	0	0	0	0	0	0	0	0	0	0	0	0	0	0	0	0	0	0	94	0	384	0	1844	0	0	0	100	0	0	786	4414	0	0	0	0	0	0	108	10660	0	0	0	0	0	0	0	0	0	0	0	432	0	0	0	0	0	0	0	0	0	114	0	0	0	0	0	0	0	0	0	0	0	0	2172	14422	180	1546	0	6452	4296	0	2714	28762	0	76	316	2968	368	658	0	390	170	1334	10950	2448	2244	1702	1224	240	
503464	Cerebelum_6_L	0	0	0	0	0	0	0	0	0	0	0	0	0	0	0	0	0	0	0	0	0	0	0	0	0	0	0	0	0	0	0	0	0	0	0	0	0	0	764	90	0	0	0	0	0	0	11560	1412	0	0	0	0	0	0	30008	1146	0	0	0	0	0	0	0	0	0	0	0	0	0	0	0	0	0	0	0	0	0	0	0	0	0	0	0	0	0	0	0	0	572	0	60264	10374	14198	4712	1288	822	35532	2714	0	11278	2686	776	5988	4544	2042	2122	124	712	182	318	8096	17814	11196	3618	2752	2028	
427392	Cerebelum_6_R	0	0	0	0	0	0	0	0	0	0	0	0	0	0	0	0	0	0	0	0	0	0	0	0	0	0	0	0	0	0	0	0	0	0	0	0	0	0	0	374	0	0	0	0	0	0	3324	6230	0	0	0	0	0	420	1478	22854	0	0	0	0	0	0	0	0	0	0	0	0	0	0	0	0	0	0	0	0	0	0	0	0	0	0	0	0	0	0	0	0	0	104	8348	56432	2412	9176	0	7260	4862	28762	11278	0	0	710	298	6750	458	826	0	414	358	1410	12026	17480	7510	1080	748	314	
207000	Cerebelum_7b_L	0	0	0	0	0	0	0	0	0	0	0	0	0	0	0	0	0	0	0	0	0	0	0	0	0	0	0	0	0	0	0	0	0	0	0	0	0	0	0	0	0	0	0	0	0	0	0	0	0	0	0	0	0	0	404	0	0	0	0	0	0	0	0	0	0	0	0	0	0	0	0	0	0	0	0	0	0	0	0	0	0	0	0	0	0	0	0	0	0	0	11732	1348	28984	5608	102	0	610	0	2686	0	0	2188	32890	2198	4534	112	0	0	0	0	0	324	6038	3220	340	182	
115460	Cerebelum_7b_R	0	0	0	0	0	0	0	0	0	0	0	0	0	0	0	0	0	0	0	0	0	0	0	0	0	0	0	0	0	0	0	0	0	0	0	0	0	0	0	0	0	0	0	0	0	0	0	0	0	0	0	0	0	0	0	0	0	0	0	0	0	0	0	0	0	0	0	0	0	0	0	0	0	0	0	0	0	0	0	0	0	0	0	0	0	0	0	0	0	0	2594	4522	4932	18430	0	0	0	76	776	710	2188	0	1120	14022	0	1048	0	0	0	0	0	608	5262	1340	102	0	
277612	Cerebelum_8_L	0	0	0	0	0	0	0	0	0	0	0	0	0	0	0	0	0	0	0	0	0	0	0	0	0	0	0	0	0	0	0	0	0	0	0	0	0	0	132	0	0	0	0	0	0	0	0	0	0	0	0	0	0	0	1490	0	0	0	0	0	0	0	0	0	0	0	0	0	0	0	0	0	0	0	0	0	0	0	0	0	0	0	0	0	0	0	0	0	0	0	18424	1174	27596	4780	372	146	2374	316	5988	298	32890	1120	0	5500	15316	998	834	492	0	0	148	1480	8078	6294	2024	542	
287268	Cerebelum_8_R	0	0	0	0	0	0	0	0	0	0	0	0	0	0	0	0	0	0	0	0	0	0	0	0	0	0	0	0	0	0	0	0	0	0	0	0	0	0	118	254	0	0	0	0	0	0	0	0	0	0	0	0	0	0	228	798	0	0	0	0	0	0	0	0	0	0	0	0	0	0	0	0	0	0	0	0	0	0	0	0	0	0	0	0	0	0	0	0	0	0	5876	24162	842	37328	0	1006	2002	2968	4544	6750	2198	14022	5500	0	664	12606	0	1576	126	320	414	2394	8250	6250	2118	320	
80792	Cerebelum_9_L	0	0	0	0	0	0	0	0	0	0	0	0	0	0	0	0	0	0	0	0	0	0	0	0	0	0	0	0	0	0	0	0	0	0	0	0	0	0	0	0	0	0	0	0	0	0	0	0	0	0	0	0	0	0	0	0	0	0	0	0	0	0	0	0	0	0	0	0	0	0	0	0	0	0	0	0	0	0	0	0	0	0	0	0	0	0	0	0	0	0	594	0	1660	102	652	142	3922	368	2042	458	4534	0	15316	664	0	1188	2136	0	0	100	1514	1380	972	900	1020	732	
101420	Cerebelum_9_R	0	0	0	0	0	0	0	0	0	0	0	0	0	0	0	0	0	0	0	0	0	0	0	0	0	0	0	0	0	0	0	0	0	0	0	0	0	0	0	0	0	0	0	0	0	0	0	0	0	0	0	0	0	0	0	76	0	0	0	0	0	0	0	0	0	0	0	0	0	0	0	0	0	0	0	0	0	0	0	0	0	0	0	0	0	0	0	0	0	0	1234	1906	614	1916	156	2026	1700	658	2122	826	112	1048	998	12606	1188	0	0	1910	800	848	1808	3922	1612	3612	4376	2636	
7296	Cerebelum_10_L	0	0	0	0	0	0	0	0	0	0	0	0	0	0	0	0	0	0	0	0	0	0	0	0	0	0	0	0	0	0	0	0	0	0	0	0	0	0	0	0	0	0	0	0	0	0	0	0	0	0	0	0	0	0	0	0	0	0	0	0	0	0	0	0	0	0	0	0	0	0	0	0	0	0	0	0	0	0	0	0	0	0	0	0	0	0	0	0	0	0	0	0	0	0	228	0	192	0	124	0	0	0	834	0	2136	0	0	0	0	0	0	0	134	0	0	0	
18280	Cerebelum_10_R	0	0	0	0	0	0	0	0	0	0	0	0	0	0	0	0	0	0	0	0	0	0	0	0	0	0	0	0	0	0	0	0	0	0	0	0	0	0	0	0	0	0	0	0	0	0	0	0	0	0	0	0	0	0	0	0	0	0	0	0	0	0	0	0	0	0	0	0	0	0	0	0	0	0	0	0	0	0	0	0	0	0	0	0	0	0	0	0	0	0	794	172	0	448	0	0	318	390	712	414	0	0	492	1576	0	1910	0	0	0	0	0	284	902	416	312	0	
21184	Vermis_1_2	0	0	0	0	0	0	0	0	0	0	0	0	0	0	0	0	0	0	0	0	0	0	0	0	0	0	0	0	0	0	0	0	0	0	0	0	0	0	0	0	0	0	0	0	0	0	0	0	0	0	0	0	0	0	0	0	0	0	0	0	0	0	0	0	0	0	0	0	0	0	0	0	0	0	0	0	0	0	0	0	0	0	0	0	0	0	0	0	0	0	0	122	0	0	784	1156	454	170	182	358	0	0	0	126	0	800	0	0	0	4062	984	452	294	268	300	80	
39376	Vermis_3	0	0	0	0	0	0	0	0	0	0	0	0	0	0	0	0	0	0	0	0	0	0	0	0	0	0	0	0	0	0	0	0	0	0	0	0	0	0	236	0	0	0	0	0	0	0	168	106	0	0	0	0	0	0	0	114	0	0	0	0	0	0	0	0	0	0	0	0	0	0	0	0	0	0	0	0	0	0	0	0	0	0	0	0	0	0	0	0	0	0	166	666	0	0	2024	2720	1860	1334	318	1410	0	0	0	320	100	848	0	0	4062	0	1666	458	406	338	288	80	
180884	Vermis_4_5	0	0	0	0	0	0	0	0	0	0	0	0	0	0	0	0	0	0	0	190	0	0	0	0	0	0	0	0	0	258	0	0	0	214	0	1490	0	1106	0	622	0	0	0	0	0	0	1772	4150	0	0	0	0	0	0	1302	3092	0	0	0	0	0	0	0	0	0	0	0	1528	0	76	0	0	0	0	0	0	0	790	0	0	0	0	0	0	0	0	0	0	0	0	4532	7400	306	282	606	1116	12644	10950	8096	12026	0	0	148	414	1514	1808	0	0	984	1666	0	6196	284	516	778	1586	
255124	Vermis_6	0	0	0	0	0	0	0	0	0	0	0	0	0	0	0	0	0	0	0	0	0	0	0	0	0	0	0	0	0	0	0	0	0	0	0	0	0	0	0	0	0	0	0	0	0	0	3408	2744	0	0	0	0	0	376	1938	2042	0	0	0	0	0	0	0	0	0	0	0	0	0	0	0	0	0	0	0	0	0	0	0	0	0	0	0	0	0	0	0	0	0	0	12624	14084	4348	2846	320	1802	5366	2448	17814	17480	324	608	1480	2394	1380	3922	0	284	452	458	6196	0	8464	4312	4096	3552	
271020	Vermis_7	0	0	0	0	0	0	0	0	0	0	0	0	0	0	0	0	0	0	0	0	0	0	0	0	0	0	0	0	0	0	0	0	0	0	0	0	0	0	178	122	0	0	0	0	0	0	1932	0	0	0	0	0	0	0	940	352	0	0	0	0	0	0	0	0	0	0	0	0	0	0	0	0	0	0	0	0	0	0	0	0	0	0	0	0	0	0	0	0	0	0	16866	11616	9766	16746	80	1068	2834	2244	11196	7510	6038	5262	8078	8250	972	1612	134	902	294	406	284	8464	0	7276	3120	968	
123040	Vermis_8	0	0	0	0	0	0	0	0	0	0	0	0	0	0	0	0	0	0	0	0	0	0	0	0	0	0	0	0	0	0	0	0	0	0	0	0	0	0	0	78	0	0	0	0	0	0	0	0	0	0	0	0	0	0	0	108	0	0	0	0	0	0	0	0	0	0	0	0	0	0	0	0	0	0	0	0	0	0	0	0	0	0	0	0	0	0	0	0	0	0	3772	452	2096	3618	90	1148	1208	1702	3618	1080	3220	1340	6294	6250	900	3612	0	416	268	338	516	4312	7276	0	5736	2072	
