data	data	303332	171460	816492	701880	172148	89812	469256	180556	59640	65056	140864	153680	234304	110232	204936	107284	208008	74704	511868	710300	78480	87840	310432	331024	18100	106460	57456	90260	457224	267904	318344	479736	165564	522852	78792	96916	222228	193444	60060	124468	20396	46260	182308	231120	127044	305216	285884	231016	150248	304144	333780	202048	101868	56056	342128	307632	177432	203864	127428	96040	106296	71596	55404	63796	75060	58604	229108	330348	89656	140380	178644	480952	286044	285084	39084	24064	145656	191256	21320	7508	131420	25992	79284	34444	181800	97068	28808	17136	193292	93564	462500	508232	349820	432028	30292	58108	289728	268408	496608	478196	352732	315828	424684	404528	164664	180976	12200	2048	5624	32604	279084	282480	372404	288016	174804	51684	
data	data	Precentral_L	Precentral_R	Frontal_Sup_L	Frontal_Sup_R	Frontal_Sup_Orb_L	Frontal_Sup_Orb_R	Frontal_Mid_L	Frontal_Mid_R	Frontal_Mid_Orb_L	Frontal_Mid_Orb_R	Frontal_Inf_Oper_L	Frontal_Inf_Oper_R	Frontal_Inf_Tri_L	Frontal_Inf_Tri_R	Frontal_Inf_Orb_L	Frontal_Inf_Orb_R	Rolandic_Oper_L	Rolandic_Oper_R	Supp_Motor_Area_L	Supp_Motor_Area_R	Olfactory_L	Olfactory_R	Frontal_Sup_Medial_L	Frontal_Sup_Medial_R	Frontal_Med_Orb_L	Frontal_Med_Orb_R	Rectus_L	Rectus_R	Insula_L	Insula_R	Cingulum_Ant_L	Cingulum_Ant_R	Cingulum_Mid_L	Cingulum_Mid_R	Cingulum_Post_L	Cingulum_Post_R	Hippocampus_L	Hippocampus_R	ParaHippocampal_L	ParaHippocampal_R	Amygdala_L	Amygdala_R	Calcarine_L	Calcarine_R	Cuneus_L	Cuneus_R	Lingual_L	Lingual_R	Occipital_Sup_L	Occipital_Sup_R	Occipital_Mid_L	Occipital_Mid_R	Occipital_Inf_L	Occipital_Inf_R	Fusiform_L	Fusiform_R	Postcentral_L	Postcentral_R	Parietal_Sup_L	Parietal_Sup_R	Parietal_Inf_L	Parietal_Inf_R	SupraMarginal_L	SupraMarginal_R	Angular_L	Angular_R	Precuneus_L	Precuneus_R	Paracentral_Lobule_L	Paracentral_Lobule_R	Caudate_L	Caudate_R	Putamen_L	Putamen_R	Pallidum_L	Pallidum_R	Thalamus_L	Thalamus_R	Heschl_L	Heschl_R	Temporal_Sup_L	Temporal_Sup_R	Temporal_Pole_Sup_L	Temporal_Pole_Sup_R	Temporal_Mid_L	Temporal_Mid_R	Temporal_Pole_Mid_L	Temporal_Pole_Mid_R	Temporal_Inf_L	Temporal_Inf_R	Cerebelum_Crus1_L	Cerebelum_Crus1_R	Cerebelum_Crus2_L	Cerebelum_Crus2_R	Cerebelum_3_L	Cerebelum_3_R	Cerebelum_4_5_L	Cerebelum_4_5_R	Cerebelum_6_L	Cerebelum_6_R	Cerebelum_7b_L	Cerebelum_7b_R	Cerebelum_8_L	Cerebelum_8_R	Cerebelum_9_L	Cerebelum_9_R	Cerebelum_10_L	Cerebelum_10_R	Vermis_1_2	Vermis_3	Vermis_4_5	Vermis_6	Vermis_7	Vermis_8	Vermis_9	Vermis_10	
303332	Precentral_L	0	658	7684	738	0	0	16854	0	0	0	8716	0	1006	0	196	0	11260	0	3730	7298	0	0	0	0	0	0	0	0	12156	0	0	0	1630	5688	1266	0	5986	0	150	0	0	0	96	0	0	0	0	0	0	0	846	0	328	0	434	0	25706	0	166	0	424	0	588	0	0	0	162	0	13876	2508	982	668	6088	0	130	0	9912	356	308	0	2216	0	86	0	130	0	0	0	640	0	0	0	0	0	0	0	0	0	0	0	0	0	0	0	0	0	0	0	0	0	0	0	0	0	0	0	
171460	Precentral_R	658	0	0	12074	0	0	0	5452	0	0	0	4228	0	0	0	0	0	886	0	6116	0	0	0	0	0	0	0	0	0	890	0	270	0	264	0	1098	0	3208	0	508	0	0	0	614	0	766	0	0	0	812	0	734	0	166	0	168	0	14422	0	234	0	432	0	946	0	514	0	1654	560	5308	0	4520	0	2250	0	220	214	14428	0	92	0	0	0	0	0	864	0	0	0	160	0	0	0	0	0	0	0	0	0	0	0	0	0	0	0	0	0	0	0	0	0	0	0	0	0	0	
816492	Frontal_Sup_L	7684	0	0	3982	16856	0	76116	130	690	0	6760	0	18144	0	17456	0	8518	0	58344	17038	0	0	43544	4858	664	90	0	0	29980	0	17602	6400	7664	10128	0	0	3366	0	0	0	0	0	0	0	0	0	0	0	0	0	0	0	0	0	0	0	2548	0	718	0	1838	0	180	0	0	0	0	0	1232	0	12154	2526	16282	0	2090	0	6634	1370	0	0	2428	0	2232	0	0	0	0	0	0	0	0	0	0	0	0	0	0	0	0	0	0	0	0	0	0	0	0	0	0	0	0	0	0	0	0	0	
701880	Frontal_Sup_R	738	12074	3982	0	0	2548	1576	25174	0	2168	0	9098	152	6490	176	4328	0	1654	7428	55754	0	0	7220	38312	0	4954	0	118	162	13282	12804	36790	1296	27966	0	0	0	2244	0	448	0	0	0	0	0	0	0	218	0	0	0	0	0	0	0	108	0	1004	0	0	0	122	0	306	0	0	0	0	704	0	1524	31366	82	11396	0	2674	268	21818	0	0	0	0	0	414	0	0	0	0	0	0	0	0	0	0	0	0	0	0	0	0	0	0	0	0	0	0	0	0	0	0	0	0	0	0	0	0	
172148	Frontal_Sup_Orb_L	0	0	16856	0	0	0	3466	0	8882	0	78	0	2586	0	9604	0	0	0	3150	270	2692	514	4480	214	2508	156	6048	436	9248	0	4426	994	110	244	0	0	0	0	82	0	94	0	0	0	0	0	0	0	0	0	0	0	0	0	0	0	0	0	0	0	0	0	0	0	0	0	0	0	0	0	1030	0	7208	0	0	0	0	0	0	0	0	0	698	0	0	0	0	0	0	0	0	0	0	0	0	0	0	0	0	0	0	0	0	0	0	0	0	0	0	0	0	0	0	0	0	0	
89812	Frontal_Sup_Orb_R	0	0	0	2548	0	0	0	470	0	3566	0	92	0	0	0	4490	0	0	0	772	0	2154	398	3788	0	7308	0	6184	0	1028	818	2366	0	190	0	0	0	140	0	0	0	260	0	0	0	0	0	0	0	0	0	0	0	0	0	0	0	0	0	0	0	0	0	0	0	0	0	0	0	0	0	4638	0	3696	0	0	0	0	0	0	0	0	0	0	0	0	0	0	0	0	0	0	0	0	0	0	0	0	0	0	0	0	0	0	0	0	0	0	0	0	0	0	0	0	0	0	
469256	Frontal_Mid_L	16854	0	76116	1576	3466	0	0	104	3440	0	7078	0	25602	0	7584	0	6488	0	6742	1490	0	0	24826	2416	0	0	0	0	20384	0	7534	2594	2922	2230	0	0	3814	0	124	0	0	0	0	0	0	0	0	0	0	0	0	0	0	0	0	0	302	0	0	0	0	0	0	0	0	0	0	0	112	0	1336	204	4048	0	0	0	4452	0	0	0	270	0	520	0	0	0	0	0	0	0	0	0	0	0	0	0	0	0	0	0	0	0	0	0	0	0	0	0	0	0	0	0	0	0	0	0	
180556	Frontal_Mid_R	0	5452	130	25174	0	470	104	0	0	1724	0	6222	0	8808	0	2934	0	1166	158	3608	0	0	488	4072	0	186	0	0	0	4656	1084	4834	240	3982	0	0	0	522	0	82	0	0	0	0	0	0	0	0	0	0	0	0	0	0	0	0	0	246	0	0	0	0	0	0	0	0	0	0	0	0	0	7922	0	3602	0	614	0	1798	0	0	0	0	0	0	0	0	0	0	0	0	0	0	0	0	0	0	0	0	0	0	0	0	0	0	0	0	0	0	0	0	0	0	0	0	0	0	
59640	Frontal_Mid_Orb_L	0	0	690	0	8882	0	3440	0	0	0	0	0	2102	0	9818	0	0	0	0	0	96	0	0	0	386	0	1222	0	1686	0	0	0	0	0	0	0	0	0	0	0	0	0	0	0	0	0	0	0	0	0	0	0	0	0	0	0	0	0	0	0	0	0	0	0	0	0	0	0	0	0	0	0	1498	0	0	0	0	0	0	0	0	0	0	0	0	0	0	0	0	0	0	0	0	0	0	0	0	0	0	0	0	0	0	0	0	0	0	0	0	0	0	0	0	0	0	0	
65056	Frontal_Mid_Orb_R	0	0	0	2168	0	3566	0	1724	0	0	0	256	0	902	0	11924	0	0	214	2824	0	0	0	132	0	82	0	224	0	908	0	0	0	1268	0	0	0	0	0	0	0	0	0	0	0	0	0	0	0	0	0	0	0	0	0	0	0	0	0	0	0	0	0	0	0	0	0	0	0	0	0	4294	0	1920	0	0	0	122	0	0	0	0	0	0	0	0	0	0	0	0	0	0	0	0	0	0	0	0	0	0	0	0	0	0	0	0	0	0	0	0	0	0	0	0	0	0	
140864	Frontal_Inf_Oper_L	8716	0	6760	0	78	0	7078	0	0	0	0	0	10686	0	786	0	9448	0	346	80	0	0	106	0	0	0	0	0	14896	0	450	110	0	0	0	0	1280	0	0	0	0	0	0	0	0	0	0	0	0	0	0	0	0	0	0	0	2632	0	0	0	0	0	0	0	0	0	0	0	0	0	140	0	1396	0	0	0	262	0	0	0	1378	0	3804	0	0	0	0	0	0	0	0	0	0	0	0	0	0	0	0	0	0	0	0	0	0	0	0	0	0	0	0	0	0	0	0	0	
153680	Frontal_Inf_Oper_R	0	4228	0	9098	0	92	0	6222	0	256	0	0	0	8080	0	752	0	3854	0	5396	0	0	100	442	0	122	0	80	0	18010	916	2228	0	1514	0	0	0	338	0	0	0	0	0	0	0	0	0	0	0	0	0	0	0	0	0	0	0	1998	0	0	0	108	0	344	0	0	0	0	0	0	0	7740	0	4252	0	0	0	110	0	0	0	0	0	560	0	0	0	0	0	0	0	0	0	0	0	0	0	0	0	0	0	0	0	0	0	0	0	0	0	0	0	0	0	0	0	0	
234304	Frontal_Inf_Tri_L	1006	0	18144	152	2586	0	25602	0	2102	0	10686	0	0	0	14016	0	1338	0	5248	740	0	0	982	0	0	0	0	0	25320	0	2264	112	368	568	0	0	468	0	0	0	0	0	0	0	0	0	0	0	0	0	0	0	0	0	0	0	270	0	0	0	0	0	0	0	0	0	0	0	0	0	1128	0	2280	0	0	0	0	0	0	0	204	0	1568	0	0	0	0	0	0	0	0	0	0	0	0	0	0	0	0	0	0	0	0	0	0	0	0	0	0	0	0	0	0	0	0	0	
110232	Frontal_Inf_Tri_R	0	0	0	6490	0	0	0	8808	0	902	0	8080	0	0	0	3920	0	0	460	4336	0	0	0	276	0	0	0	0	0	12508	150	604	0	3610	0	0	0	0	0	0	0	0	0	0	0	0	0	0	0	0	0	0	0	0	0	0	0	0	0	0	0	0	0	0	0	0	0	0	0	0	0	4182	0	790	0	0	0	0	0	0	0	0	0	0	0	0	0	0	0	0	0	0	0	0	0	0	0	0	0	0	0	0	0	0	0	0	0	0	0	0	0	0	0	0	0	0	
204936	Frontal_Inf_Orb_L	196	0	17456	176	9604	0	7584	0	9818	0	786	0	14016	0	0	0	130	0	8334	1430	800	0	0	0	0	0	1244	0	13148	0	374	164	124	790	0	0	120	0	0	0	0	0	0	0	0	0	0	0	0	0	0	0	0	0	0	0	0	0	0	0	0	0	0	0	0	0	0	0	0	0	6492	300	8624	0	0	0	142	0	0	0	0	0	616	0	0	0	0	0	0	0	0	0	0	0	0	0	0	0	0	0	0	0	0	0	0	0	0	0	0	0	0	0	0	0	0	0	
107284	Frontal_Inf_Orb_R	0	0	0	4328	0	4490	0	2934	0	11924	0	752	0	3920	0	0	0	0	664	5094	0	798	0	432	0	0	0	1402	0	4016	0	92	0	3120	0	0	0	0	0	0	0	0	0	0	0	0	0	0	0	0	0	0	0	0	0	0	0	0	0	0	0	0	0	0	0	0	0	0	0	0	0	6956	0	2584	0	0	0	136	0	0	0	0	0	0	0	0	0	0	0	0	0	0	0	0	0	0	0	0	0	0	0	0	0	0	0	0	0	0	0	0	0	0	0	0	0	0	
208008	Rolandic_Oper_L	11260	0	8518	0	0	0	6488	0	0	0	9448	0	1338	0	130	0	0	0	2678	0	0	0	0	0	0	0	0	0	25146	0	0	0	0	0	0	0	3018	0	0	0	0	0	0	0	0	0	0	0	0	0	1754	0	0	0	1406	0	8312	0	528	0	1734	0	2246	0	934	0	0	0	0	0	0	0	2158	0	0	0	2092	0	2050	0	11072	0	772	0	578	0	0	0	344	0	0	0	0	0	0	0	0	0	0	0	0	0	0	0	0	0	0	0	0	0	0	0	0	0	0	0	
74704	Rolandic_Oper_R	0	886	0	1654	0	0	0	1166	0	0	0	3854	0	0	0	0	0	0	0	2106	0	0	0	0	0	0	0	0	0	10968	0	0	0	0	0	0	0	1330	0	80	0	0	0	0	0	0	0	0	0	0	0	0	0	78	0	188	0	4530	0	0	0	0	0	1404	0	138	0	0	0	0	0	2150	0	5214	0	0	0	150	0	612	0	452	0	392	0	0	0	0	0	0	0	0	0	0	0	0	0	0	0	0	0	0	0	0	0	0	0	0	0	0	0	0	0	0	0	0	
511868	Supp_Motor_Area_L	3730	0	58344	7428	3150	0	6742	158	0	214	346	0	5248	460	8334	664	2678	0	0	37584	0	0	3834	900	0	0	0	0	7500	546	5486	5606	11054	24886	576	0	2800	0	0	0	0	0	0	0	0	0	0	0	0	0	0	0	0	0	148	0	2298	0	718	0	1836	0	180	0	0	0	0	0	1736	0	9432	4330	20504	106	5790	0	8156	882	0	0	1550	0	0	0	0	0	0	0	0	0	0	0	0	0	0	0	0	0	0	0	0	0	0	0	0	0	0	0	0	0	0	0	0	0	0	0	
710300	Supp_Motor_Area_R	7298	6116	17038	55754	270	772	1490	3608	0	2824	80	5396	740	4336	1430	5094	0	2106	37584	0	0	84	814	5402	0	162	0	166	304	10332	3480	14694	5932	52860	0	1786	0	660	0	94	0	0	0	0	0	0	0	134	0	0	0	0	0	0	0	0	0	1788	0	0	0	96	0	164	0	0	0	192	5370	10120	3078	49448	644	11196	0	3038	166	20872	0	0	0	0	0	138	0	0	0	0	0	0	0	0	0	0	0	0	0	0	0	0	0	0	0	0	0	0	0	0	0	0	0	0	0	0	0	0	
78480	Olfactory_L	0	0	0	0	2692	0	0	0	96	0	0	0	0	0	800	0	0	0	0	0	0	6594	0	0	188	284	4732	4508	2952	0	2188	2124	0	0	0	0	426	0	600	0	786	0	0	0	0	0	0	0	0	0	0	0	0	0	134	0	0	0	0	0	0	0	0	0	0	0	0	0	0	0	6864	1270	1284	0	0	0	0	0	0	0	0	0	718	0	0	0	0	0	0	0	0	0	0	0	0	0	0	0	0	0	0	0	0	0	0	0	0	0	0	0	0	0	0	0	0	0	
87840	Olfactory_R	0	0	0	0	514	2154	0	0	0	0	0	0	0	0	0	798	0	0	0	84	6594	0	0	0	156	514	3454	8040	0	2042	2558	2826	0	0	0	0	0	266	0	94	0	898	0	0	0	0	0	0	0	0	0	0	0	0	0	138	0	0	0	0	0	0	0	0	0	0	0	0	0	0	8024	3326	1268	172	0	0	0	0	0	0	0	0	0	0	0	0	0	0	0	0	0	0	0	0	0	0	0	0	0	0	0	0	0	0	0	0	0	0	0	0	0	0	0	0	0	0	
310432	Frontal_Sup_Medial_L	0	0	43544	7220	4480	398	24826	488	0	0	106	100	982	0	0	0	0	0	3834	814	0	0	0	18322	1306	1652	0	0	436	0	16420	13826	6394	9590	0	0	0	0	0	0	0	0	0	0	0	0	0	0	0	0	0	0	0	0	0	0	0	0	0	0	0	0	0	0	0	0	0	0	0	0	478	0	0	0	0	0	0	0	0	0	0	0	0	0	0	0	0	0	0	0	0	0	0	0	0	0	0	0	0	0	0	0	0	0	0	0	0	0	0	0	0	0	0	0	0	0	
331024	Frontal_Sup_Medial_R	0	0	4858	38312	214	3788	2416	4072	0	132	0	442	0	276	0	432	0	0	900	5402	0	0	18322	0	210	8434	0	0	0	556	12400	34026	1362	17154	0	0	0	0	0	0	0	0	0	0	0	0	0	0	0	0	0	0	0	0	0	0	0	0	0	0	0	0	0	0	0	0	0	0	0	0	0	6430	0	5272	0	0	0	102	0	0	0	0	0	0	0	0	0	0	0	0	0	0	0	0	0	0	0	0	0	0	0	0	0	0	0	0	0	0	0	0	0	0	0	0	0	0	
18100	Frontal_Med_Orb_L	0	0	664	0	2508	0	0	0	386	0	0	0	0	0	0	0	0	0	0	0	188	156	1306	210	0	172	656	144	0	0	2080	156	0	0	0	0	0	0	0	0	0	0	0	0	0	0	0	0	0	0	0	0	0	0	0	0	0	0	0	0	0	0	0	0	0	0	0	0	0	0	200	0	224	0	0	0	0	0	0	0	0	0	0	0	0	0	0	0	0	0	0	0	0	0	0	0	0	0	0	0	0	0	0	0	0	0	0	0	0	0	0	0	0	0	0	0	
106460	Frontal_Med_Orb_R	0	0	90	4954	156	7308	0	186	0	82	0	122	0	0	0	0	0	0	0	162	284	514	1652	8434	172	0	474	4982	0	0	3098	9688	0	404	0	0	0	0	0	0	0	0	0	0	0	0	0	0	0	0	0	0	0	0	0	0	0	0	0	0	0	0	0	0	0	0	0	0	0	0	202	5642	0	4624	0	0	0	0	0	0	0	0	0	0	0	0	0	0	0	0	0	0	0	0	0	0	0	0	0	0	0	0	0	0	0	0	0	0	0	0	0	0	0	0	0	0	
57456	Rectus_L	0	0	0	0	6048	0	0	0	1222	0	0	0	0	0	1244	0	0	0	0	0	4732	3454	0	0	656	474	0	3098	638	0	1380	1180	0	0	0	0	0	0	0	0	0	0	0	0	0	0	0	0	0	0	0	0	0	0	0	0	0	0	0	0	0	0	0	0	0	0	0	0	0	0	3768	376	458	0	0	0	0	0	0	0	0	0	0	0	0	0	0	0	0	0	0	0	0	0	0	0	0	0	0	0	0	0	0	0	0	0	0	0	0	0	0	0	0	0	0	0	
90260	Rectus_R	0	0	0	118	436	6184	0	0	0	224	0	80	0	0	0	1402	0	0	0	166	4508	8040	0	0	144	4982	3098	0	0	932	1496	3420	0	0	0	0	0	100	0	0	0	292	0	0	0	0	0	0	0	0	0	0	0	0	0	0	0	0	0	0	0	0	0	0	0	0	0	0	0	0	4860	3062	660	926	0	0	0	0	0	0	0	0	0	0	0	0	0	0	0	0	0	0	0	0	0	0	0	0	0	0	0	0	0	0	0	0	0	0	0	0	0	0	0	0	0	0	
457224	Insula_L	12156	0	29980	162	9248	0	20384	0	1686	0	14896	0	25320	0	13148	0	25146	0	7500	304	2952	0	436	0	0	0	638	0	0	0	662	0	0	220	0	0	14724	0	546	0	1506	0	0	0	0	0	0	0	0	0	0	0	0	0	1262	0	3752	0	0	0	376	0	0	0	216	0	0	0	0	0	2170	0	21584	0	0	0	2592	0	1286	0	6118	0	6286	0	122	0	0	0	1234	0	0	0	0	0	0	0	0	0	0	0	0	0	0	0	0	0	0	0	0	0	0	0	0	0	0	0	
267904	Insula_R	0	890	0	13282	0	1028	0	4656	0	908	0	18010	0	12508	0	4016	0	10968	546	10332	0	2042	0	556	0	0	0	932	0	0	248	698	0	3972	0	0	0	4138	0	2132	0	762	0	0	0	0	0	0	0	0	0	0	0	124	0	2646	0	1098	0	140	0	0	0	366	0	0	0	0	0	0	0	15142	0	19688	0	0	0	184	0	250	0	540	0	666	0	86	0	0	0	398	0	0	0	0	0	0	0	0	0	0	0	0	0	0	0	0	0	0	0	0	0	0	0	0	0	0	
318344	Cingulum_Ant_L	0	0	17602	12804	4426	818	7534	1084	0	0	450	916	2264	150	374	0	0	0	5486	3480	2188	2558	16420	12400	2080	3098	1380	1496	662	248	0	32870	7930	9498	0	0	0	0	0	0	0	0	0	0	0	0	0	0	0	0	0	0	0	0	0	0	0	0	0	0	0	0	0	0	0	0	0	0	0	0	4026	2642	1218	1070	0	0	0	0	0	0	0	0	0	0	0	0	0	0	0	0	0	0	0	0	0	0	0	0	0	0	0	0	0	0	0	0	0	0	0	0	0	0	0	0	0	0	
479736	Cingulum_Ant_R	0	270	6400	36790	994	2366	2594	4834	0	0	110	2228	112	604	164	92	0	0	5606	14694	2124	2826	13826	34026	156	9688	1180	3420	0	698	32870	0	4740	30520	0	0	0	0	0	0	0	0	0	0	0	0	0	0	0	0	0	0	0	0	0	0	0	120	0	0	0	0	0	0	0	0	0	0	0	0	2474	15906	0	7164	0	0	0	272	0	0	0	0	0	0	0	0	0	0	0	0	0	0	0	0	0	0	0	0	0	0	0	0	0	0	0	0	0	0	0	0	0	0	0	0	0	0	
165564	Cingulum_Mid_L	1630	0	7664	1296	110	0	2922	240	0	0	0	0	368	0	124	0	0	0	11054	5932	0	0	6394	1362	0	0	0	0	0	0	7930	4740	0	14438	1676	0	0	0	0	0	0	0	660	134	760	374	0	0	372	274	956	0	0	0	0	0	92	0	1164	0	154	0	0	0	120	0	4188	1080	3022	740	374	230	122	86	0	0	0	0	0	0	0	0	0	0	0	0	0	0	0	0	0	0	0	0	0	0	0	0	0	0	0	0	0	0	0	0	0	0	0	0	0	0	0	0	0	0	
522852	Cingulum_Mid_R	5688	264	10128	27966	244	190	2230	3982	0	1268	0	1514	568	3610	790	3120	0	0	24886	52860	0	0	9590	17154	0	404	0	0	220	3972	9498	30520	14438	0	88	4114	0	0	0	0	0	0	0	412	0	840	0	0	0	732	0	128	0	0	0	0	0	2002	0	96	0	92	0	0	0	96	346	4262	3802	8308	1300	7836	358	1156	0	0	0	96	0	0	0	0	0	0	0	0	0	0	0	0	0	0	0	0	0	0	0	0	0	0	0	0	0	0	0	0	0	0	0	0	258	0	0	0	0	0	
78792	Cingulum_Post_L	1266	0	0	0	0	0	0	0	0	0	0	0	0	0	0	0	0	0	576	0	0	0	0	0	0	0	0	0	0	0	0	0	1676	88	0	7766	4312	1572	980	0	0	0	3748	0	392	0	2456	0	234	0	1158	0	102	0	228	0	0	0	148	0	0	0	0	0	150	0	6290	888	3684	0	0	0	0	0	0	0	1094	214	0	0	0	0	0	0	146	0	0	0	228	0	0	0	0	0	0	0	0	0	0	0	0	0	0	0	0	0	0	0	0	0	0	0	0	0	0	0	
96916	Cingulum_Post_R	0	1098	0	0	0	0	0	0	0	0	0	0	0	0	0	0	0	0	0	1786	0	0	0	0	0	0	0	0	0	0	0	0	0	4114	7766	0	4706	3842	1944	630	0	0	0	962	0	264	530	1000	0	236	0	204	0	0	0	0	0	2374	0	0	0	0	0	0	0	0	1006	6632	162	3724	0	0	0	0	0	0	2762	1666	0	0	0	0	0	0	0	0	0	0	0	0	0	0	0	0	0	0	0	508	0	0	0	0	0	0	0	0	0	0	0	0	542	0	0	0	0	0	
222228	Hippocampus_L	5986	0	3366	0	0	0	3814	0	0	0	1280	0	468	0	120	0	3018	0	2800	0	426	0	0	0	0	0	0	0	14724	0	0	0	0	0	4312	4706	0	2864	6222	650	3996	0	1268	0	0	0	1374	544	0	0	314	0	0	0	7478	0	2686	0	0	0	0	0	0	0	0	0	1730	1068	0	0	0	0	17090	0	642	0	9502	1624	860	0	450	0	894	0	98	0	0	0	4224	0	0	0	0	0	0	0	0	430	0	0	0	0	0	0	0	0	0	0	0	0	86	0	0	0	0	0	
193444	Hippocampus_R	0	3208	0	2244	0	140	0	522	0	0	0	338	0	0	0	0	0	1330	0	660	0	266	0	0	0	0	0	100	0	4138	0	0	0	0	1572	3842	2864	0	1448	18412	0	7084	0	102	0	0	588	1994	0	0	0	0	0	94	0	19474	0	490	0	0	0	162	0	166	0	100	0	1018	0	370	0	694	0	11654	0	316	2328	4390	0	0	0	0	0	754	0	0	0	0	0	1962	0	0	0	0	0	0	0	1244	0	654	0	0	0	0	0	0	0	0	0	0	0	0	0	0	0	0	
60060	ParaHippocampal_L	150	0	0	0	82	0	124	0	0	0	0	0	0	0	0	0	0	0	0	0	600	0	0	0	0	0	0	0	546	0	0	0	0	0	980	1944	6222	1448	0	470	1060	0	220	0	0	0	4898	406	0	0	80	0	0	0	3412	0	106	0	0	0	0	0	0	0	0	0	1386	704	0	0	0	0	546	0	0	0	2222	912	0	0	0	0	438	0	0	0	376	0	170	0	0	0	0	0	80	0	94	236	0	0	0	0	0	0	0	0	0	0	0	0	118	0	0	0	0	0	
124468	ParaHippocampal_R	0	508	0	448	0	0	0	82	0	0	0	0	0	0	0	0	0	80	0	94	0	94	0	0	0	0	0	0	0	2132	0	0	0	0	0	630	650	18412	470	0	0	4716	0	174	0	0	220	3654	0	0	0	0	0	0	0	16660	0	0	0	0	0	0	0	0	0	0	0	1048	0	0	0	110	0	3954	0	128	692	1648	0	0	0	0	0	1518	0	0	0	732	0	624	0	0	0	0	0	0	0	1878	0	878	0	0	0	0	0	0	0	0	0	0	0	0	0	0	0	0	
20396	Amygdala_L	0	0	0	0	94	0	0	0	0	0	0	0	0	0	0	0	0	0	0	0	786	0	0	0	0	0	0	0	1506	0	0	0	0	0	0	0	3996	0	1060	0	0	0	0	0	0	0	0	0	0	0	0	0	0	0	1356	0	0	0	0	0	0	0	0	0	0	0	0	0	0	0	0	0	690	0	0	0	0	0	0	0	0	0	460	0	0	0	0	0	250	0	0	0	0	0	0	0	0	0	0	0	0	0	0	0	0	0	0	0	0	0	0	0	0	0	0	0	
46260	Amygdala_R	0	0	0	0	0	260	0	0	0	0	0	0	0	0	0	0	0	0	0	0	0	898	0	0	0	0	0	292	0	762	0	0	0	0	0	0	0	7084	0	4716	0	0	0	0	0	0	0	0	0	0	0	0	0	0	0	5978	0	0	0	0	0	0	0	0	0	0	0	0	0	0	0	0	0	624	0	0	0	0	0	0	0	0	0	1802	0	0	0	188	0	526	0	0	0	0	0	0	0	0	0	0	0	0	0	0	0	0	0	0	0	0	0	0	0	0	0	0	
182308	Calcarine_L	96	0	0	0	0	0	0	0	0	0	0	0	0	0	0	0	0	0	0	0	0	0	0	0	0	0	0	0	0	0	0	0	660	0	3748	0	1268	0	220	0	0	0	0	7090	10350	4734	12288	1670	6750	2132	17844	410	2496	0	1336	80	0	0	1116	0	728	0	0	0	1766	0	11516	0	180	0	0	0	0	0	0	0	0	0	0	0	0	0	0	0	1530	0	0	0	1146	0	0	0	0	0	0	0	0	0	0	0	0	0	0	0	0	0	0	0	0	0	0	0	0	0	0	0	
231120	Calcarine_R	0	614	0	0	0	0	0	0	0	0	0	0	0	0	0	0	0	0	0	0	0	0	0	0	0	0	0	0	0	0	0	0	134	412	0	962	0	102	0	174	0	0	7090	0	4142	19592	1654	15142	0	18902	0	12158	0	1594	0	4008	0	4016	0	338	0	0	0	0	0	0	344	16650	0	3988	0	0	0	0	0	0	0	0	0	0	0	0	0	0	0	3030	0	0	0	0	0	0	0	0	0	0	0	126	0	98	0	0	0	0	0	0	0	0	0	0	132	158	0	0	0	0	
127044	Cuneus_L	0	0	0	0	0	0	0	0	0	0	0	0	0	0	0	0	0	0	0	0	0	0	0	0	0	0	0	0	0	0	0	0	760	0	392	0	0	0	0	0	0	0	10350	4142	0	5738	1210	728	13326	2552	9652	670	630	0	226	0	0	0	1636	0	232	0	0	0	304	0	9044	228	0	0	0	0	0	0	0	0	0	0	0	0	0	0	0	0	1234	0	0	0	468	0	0	0	0	0	0	0	0	0	0	0	0	0	0	0	0	0	0	0	0	0	0	0	0	0	0	0	
305216	Cuneus_R	0	766	0	0	0	0	0	0	0	0	0	0	0	0	0	0	0	0	0	0	0	0	0	0	0	0	0	0	0	0	0	0	374	840	0	264	0	0	0	0	0	0	4734	19592	5738	0	682	3062	118	40312	0	16856	0	0	0	586	0	6480	0	8898	0	436	0	182	0	578	1856	33382	0	4286	0	0	0	0	0	0	0	0	0	0	0	110	0	0	0	2018	0	0	0	288	0	0	0	0	0	0	0	0	0	0	0	0	0	0	0	0	0	0	0	0	170	0	0	0	0	0	
285884	Lingual_L	0	0	0	0	0	0	0	0	0	0	0	0	0	0	0	0	0	0	0	0	0	0	0	0	0	0	0	0	0	0	0	0	0	0	2456	530	1374	588	4898	220	0	0	12288	1654	1210	682	0	4756	1072	602	10644	324	4630	252	17390	420	0	0	78	0	0	0	0	0	154	0	5882	0	0	0	0	0	0	0	0	0	776	566	86	0	0	0	0	0	124	0	0	0	200	0	12344	414	732	0	144	0	16312	868	23784	1564	504	0	398	0	94	0	0	0	0	0	6774	4354	722	0	78	0	
231016	Lingual_R	0	0	0	218	0	0	0	0	0	0	0	0	0	0	0	0	0	0	0	134	0	0	0	0	0	0	0	0	0	0	0	0	0	0	0	1000	544	1994	406	3654	0	0	1670	15142	728	3062	4756	0	0	6270	0	3196	0	2508	1612	15286	0	0	0	0	0	0	0	0	0	0	0	3322	0	0	0	0	0	0	0	0	522	1220	0	0	0	0	0	0	0	174	0	0	0	0	792	4804	0	0	0	0	1100	7980	5400	10006	0	0	0	100	1034	150	0	0	0	0	6968	7842	1360	0	244	310	
150248	Occipital_Sup_L	0	0	0	0	0	0	0	0	0	0	0	0	0	0	0	0	0	0	0	0	0	0	0	0	0	0	0	0	0	0	0	0	372	0	234	0	0	0	0	0	0	0	6750	0	13326	118	1072	0	0	0	21982	0	958	0	506	0	88	0	9728	0	96	0	0	0	0	0	15972	0	190	0	0	0	0	0	0	0	0	0	0	0	0	0	0	0	3732	0	0	0	0	0	0	0	0	0	0	0	0	0	0	0	0	0	0	0	0	0	0	0	0	0	0	0	0	0	0	0	
304144	Occipital_Sup_R	0	812	0	0	0	0	0	0	0	0	0	0	0	0	0	0	0	0	0	0	0	0	0	0	0	0	0	0	0	0	0	0	274	732	0	236	0	0	0	0	0	0	2132	18902	2552	40312	602	6270	0	0	0	25090	0	554	0	1532	0	6564	0	7474	0	664	0	194	0	970	946	28144	0	3390	0	0	0	0	0	0	0	0	0	0	0	170	0	0	0	2910	0	0	0	542	0	0	0	0	0	0	0	0	0	0	0	0	0	0	0	0	0	0	0	0	104	0	0	0	0	0	
333780	Occipital_Mid_L	846	0	0	0	0	0	0	0	0	0	0	0	0	0	0	0	1754	0	0	0	0	0	0	0	0	0	0	0	0	0	0	0	956	0	1158	0	314	0	80	0	0	0	17844	0	9652	0	10644	0	21982	0	0	0	17606	0	7438	0	1408	0	13508	0	4312	0	732	0	11674	0	16976	0	1094	0	0	0	0	0	0	0	0	0	126	0	1192	0	0	0	17856	0	0	0	7738	0	0	0	0	0	0	0	0	0	0	0	0	0	0	0	0	0	0	0	0	0	0	0	0	0	0	0	
202048	Occipital_Mid_R	0	734	0	0	0	0	0	0	0	0	0	0	0	0	0	0	0	0	0	0	0	0	0	0	0	0	0	0	0	0	0	0	0	128	0	204	0	0	0	0	0	0	410	12158	670	16856	324	3196	0	25090	0	0	0	2338	0	1602	0	1428	0	942	0	2474	0	0	0	6084	432	12548	0	260	0	0	0	0	0	0	0	0	0	0	0	252	0	0	0	11100	0	0	0	1680	0	0	0	0	0	0	0	0	0	0	0	0	0	0	0	0	0	0	0	0	114	0	0	0	0	0	
101868	Occipital_Inf_L	328	0	0	0	0	0	0	0	0	0	0	0	0	0	0	0	0	0	0	0	0	0	0	0	0	0	0	0	0	0	0	0	0	0	102	0	0	0	0	0	0	0	2496	0	630	0	4630	0	958	0	17606	0	0	0	7660	0	120	0	196	0	132	0	0	0	948	0	924	0	86	0	0	0	0	0	0	0	0	0	0	0	0	0	0	0	3140	0	0	0	8564	0	198	0	0	0	0	0	702	0	898	0	0	0	0	0	0	0	0	0	0	0	616	0	0	0	0	0	
56056	Occipital_Inf_R	0	166	0	0	0	0	0	0	0	0	0	0	0	0	0	0	0	78	0	0	0	0	0	0	0	0	0	0	0	124	0	0	0	0	0	0	0	94	0	0	0	0	0	1594	0	0	252	2508	0	554	0	2338	0	0	104	8352	0	128	0	0	0	78	0	0	0	0	0	0	0	0	0	0	0	84	0	0	0	0	0	216	0	222	0	0	0	1492	0	0	0	5798	92	222	0	0	0	0	0	122	426	1340	0	0	0	0	0	0	0	0	0	0	92	1126	426	0	0	0	
342128	Fusiform_L	434	0	0	0	0	0	0	0	0	0	0	0	0	0	0	0	1406	0	148	0	134	0	0	0	0	0	0	0	1262	0	0	0	0	0	228	0	7478	0	3412	0	1356	0	1336	0	226	0	17390	1612	506	0	7438	0	7660	104	0	186	184	0	322	0	1044	0	2570	0	2354	0	1308	0	276	0	0	0	336	0	0	0	0	0	2320	0	5548	0	2856	0	6364	0	984	0	23792	0	18184	298	352	0	186	0	12402	664	27352	752	512	0	500	0	180	0	0	0	0	0	4266	2552	290	0	0	0	
307632	Fusiform_R	0	168	0	108	0	0	0	0	0	0	0	0	0	0	0	0	0	188	0	0	0	138	0	0	0	0	0	0	0	2646	0	0	0	0	0	0	0	19474	0	16660	0	5978	80	4008	0	586	420	15286	0	1532	0	1602	0	8352	186	0	0	108	0	0	0	450	0	882	0	300	0	1152	0	0	0	166	0	3610	0	0	0	0	0	328	0	406	0	4560	0	1982	0	2734	0	12306	202	11088	0	210	0	204	326	6546	1646	15840	0	186	0	170	1012	262	0	0	0	0	3880	3914	1236	172	428	98	
177432	Postcentral_L	25706	0	2548	0	0	0	302	0	0	0	2632	0	270	0	0	0	8312	0	2298	0	0	0	0	0	0	0	0	0	3752	0	0	0	92	0	0	0	2686	0	106	0	0	0	0	0	0	0	0	0	88	0	1408	0	120	0	184	0	0	0	7942	0	13334	0	4594	0	0	0	1956	0	1200	0	180	0	3708	0	116	0	1244	0	380	0	3046	0	0	0	260	0	0	0	252	0	0	0	0	0	0	0	0	0	0	0	0	0	0	0	0	0	0	0	0	0	0	0	0	0	0	0	
203864	Postcentral_R	0	14422	0	1004	0	0	0	246	0	0	0	1998	0	0	0	0	0	4530	0	1788	0	0	0	0	0	0	0	0	0	1098	0	120	0	2002	0	2374	0	490	0	0	0	0	0	4016	0	6480	0	0	0	6564	0	1428	0	128	0	108	0	0	0	7340	0	6178	0	10714	0	818	86	12226	112	10218	0	640	0	2936	0	0	0	242	0	0	0	184	0	0	0	1180	0	0	0	180	0	0	0	0	0	0	0	0	0	0	0	0	0	0	0	0	0	0	0	0	82	0	0	0	0	0	
127428	Parietal_Sup_L	166	0	718	0	0	0	0	0	0	0	0	0	0	0	0	0	528	0	718	0	0	0	0	0	0	0	0	0	0	0	0	0	1164	0	148	0	0	0	0	0	0	0	1116	0	1636	0	78	0	9728	0	13508	0	196	0	322	0	7942	0	0	0	7122	0	566	0	1340	0	14378	0	710	0	0	0	0	0	0	0	166	0	0	0	772	0	0	0	692	0	0	0	0	0	0	0	0	0	0	0	0	0	0	0	0	0	0	0	0	0	0	0	0	0	0	0	0	0	0	0	
96040	Parietal_Sup_R	0	234	0	0	0	0	0	0	0	0	0	0	0	0	0	0	0	0	0	0	0	0	0	0	0	0	0	0	0	140	0	0	0	96	0	0	0	0	0	0	0	0	0	338	0	8898	0	0	0	7474	0	942	0	0	0	0	0	7340	0	0	0	2520	0	220	0	2098	1372	14344	0	1568	0	0	0	84	0	0	0	0	0	0	0	0	0	0	0	228	0	0	0	124	0	0	0	0	0	0	0	0	0	0	0	0	0	0	0	0	0	0	0	0	0	0	0	0	0	0	
106296	Parietal_Inf_L	424	0	1838	0	0	0	0	0	0	0	0	0	0	0	0	0	1734	0	1836	0	0	0	0	0	0	0	0	0	376	0	0	0	154	0	0	0	0	0	0	0	0	0	728	0	232	0	0	0	96	0	4312	0	132	0	1044	0	13334	0	7122	0	0	0	9186	0	6854	0	1356	0	0	0	0	0	0	0	0	0	232	0	0	0	1400	0	0	0	578	0	0	0	180	0	0	0	0	0	0	0	0	0	0	0	0	0	0	0	0	0	0	0	0	0	0	0	0	0	0	0	
71596	Parietal_Inf_R	0	432	0	122	0	0	0	0	0	0	0	108	0	0	0	0	0	0	0	96	0	0	0	0	0	0	0	0	0	0	0	0	0	92	0	0	0	162	0	0	0	0	0	0	0	436	0	0	0	664	0	2474	0	78	0	450	0	6178	0	2520	0	0	0	8178	0	10386	0	484	0	0	0	92	0	1516	0	0	0	0	0	0	0	130	0	0	0	528	0	0	0	672	0	0	0	0	0	0	0	0	0	0	0	0	0	0	0	0	0	0	0	0	0	0	0	0	0	0	
55404	SupraMarginal_L	588	0	180	0	0	0	0	0	0	0	0	0	0	0	0	0	2246	0	180	0	0	0	0	0	0	0	0	0	0	0	0	0	0	0	0	0	0	0	0	0	0	0	0	0	0	0	0	0	0	0	732	0	0	0	2570	0	4594	0	566	0	9186	0	0	0	1686	0	0	0	0	0	0	0	0	0	0	0	0	0	0	0	4314	0	0	0	548	0	0	0	312	0	0	0	0	0	0	0	0	0	0	0	0	0	0	0	0	0	0	0	0	0	0	0	0	0	0	0	
63796	SupraMarginal_R	0	946	0	306	0	0	0	0	0	0	0	344	0	0	0	0	0	1404	0	164	0	0	0	0	0	0	0	0	0	366	0	0	0	0	0	0	0	166	0	0	0	0	0	0	0	182	0	0	0	194	0	0	0	0	0	882	0	10714	0	220	0	8178	0	0	0	2362	0	186	0	0	0	166	0	1810	0	0	0	0	0	0	0	1588	0	0	0	486	0	0	0	1234	0	0	0	0	0	0	0	0	0	0	0	0	0	0	0	0	0	0	0	0	0	0	0	0	0	0	
75060	Angular_L	0	0	0	0	0	0	0	0	0	0	0	0	0	0	0	0	934	0	0	0	0	0	0	0	0	0	0	0	216	0	0	0	120	0	150	0	0	0	0	0	0	0	1766	0	304	0	154	0	0	0	11674	0	948	0	2354	0	0	0	1340	0	6854	0	1686	0	0	0	528	0	0	0	0	0	0	0	0	0	0	0	0	0	1508	0	0	0	6062	0	0	0	932	0	0	0	0	0	0	0	0	0	0	0	0	0	0	0	0	0	0	0	0	0	0	0	0	0	0	0	
58604	Angular_R	0	514	0	0	0	0	0	0	0	0	0	0	0	0	0	0	0	138	0	0	0	0	0	0	0	0	0	0	0	0	0	0	0	96	0	0	0	100	0	0	0	0	0	0	0	578	0	0	0	970	0	6084	0	0	0	300	0	818	0	2098	0	10386	0	2362	0	0	0	630	0	0	0	0	0	312	0	0	0	0	0	0	0	968	0	0	0	2418	0	0	0	530	0	0	0	0	0	0	0	0	0	0	0	0	0	0	0	0	0	0	0	0	0	0	0	0	0	0	
229108	Precuneus_L	162	0	0	0	0	0	0	0	0	0	0	0	0	0	0	0	0	0	0	0	0	0	0	0	0	0	0	0	0	0	0	0	4188	346	6290	1006	1730	0	1386	0	0	0	11516	344	9044	1856	5882	0	15972	946	16976	432	924	0	1308	0	1956	86	14378	1372	1356	0	0	0	528	0	0	6550	2994	1302	0	0	0	0	0	0	224	0	0	0	0	0	0	0	2638	0	0	0	700	0	0	0	0	0	0	0	0	0	0	0	0	0	0	0	0	0	0	0	0	0	162	0	0	0	0	0	
330348	Precuneus_R	0	1654	0	0	0	0	0	0	0	0	0	0	0	0	0	0	0	0	0	192	0	0	0	0	0	0	0	0	0	0	0	0	1080	4262	888	6632	1068	1018	704	1048	0	0	0	16650	228	33382	0	3322	0	28144	0	12548	0	0	0	1152	0	12226	0	14344	0	484	0	186	0	630	6550	0	0	10630	0	146	0	0	0	0	700	548	0	0	0	118	0	0	0	1774	0	0	0	298	0	0	0	0	0	0	0	372	0	0	0	0	0	0	0	0	0	0	0	0	2196	0	0	0	0	0	
89656	Paracentral_Lobule_L	13876	560	1232	704	0	0	112	0	0	0	0	0	0	0	0	0	0	0	1736	5370	0	0	0	0	0	0	0	0	0	0	0	0	3022	3802	3684	162	0	0	0	0	0	0	180	0	0	0	0	0	190	0	1094	0	86	0	276	0	1200	112	710	0	0	0	0	0	0	0	2994	0	0	2180	456	298	0	0	0	0	378	0	0	0	0	0	0	0	102	0	0	0	312	0	0	0	0	0	0	0	0	0	0	0	0	0	0	0	0	0	0	0	0	0	0	0	0	0	0	0	
140380	Paracentral_Lobule_R	2508	5308	0	0	0	0	0	0	0	0	0	0	0	0	0	0	0	0	0	10120	0	0	0	0	0	0	0	0	0	0	0	0	740	8308	0	3724	0	370	0	0	0	0	0	3988	0	4286	0	0	0	3390	0	260	0	0	0	0	0	10218	0	1568	0	0	0	0	0	0	1302	10630	2180	0	0	314	0	0	0	0	0	466	0	0	0	0	0	0	0	136	0	0	0	0	0	0	0	0	0	0	0	0	0	0	0	0	0	0	0	0	0	0	0	0	374	0	0	0	0	0	
178644	Caudate_L	982	0	12154	1524	1030	0	1336	0	0	0	140	0	1128	0	6492	0	0	0	9432	3078	6864	8024	478	0	200	202	3768	4860	2170	0	4026	2474	374	1300	0	0	0	0	0	0	0	0	0	0	0	0	0	0	0	0	0	0	0	0	0	0	180	0	0	0	0	0	0	0	0	0	0	0	456	0	0	4534	7564	0	874	0	3208	470	0	0	0	0	0	0	0	0	0	0	0	0	0	0	0	0	0	0	0	0	0	0	0	0	0	0	0	0	0	0	0	0	0	0	0	0	0	0	
480952	Caudate_R	668	4520	2526	31366	0	4638	204	7922	0	4294	0	7740	0	4182	300	6956	0	2150	4330	49448	1270	3326	0	6430	0	5642	376	3062	0	15142	2642	15906	230	7836	0	0	0	694	0	110	0	0	0	0	0	0	0	0	0	0	0	0	0	0	0	166	0	640	0	0	0	92	0	166	0	0	0	146	298	314	4534	0	812	24328	0	1952	0	13118	0	0	0	0	0	0	0	0	0	0	0	0	0	0	0	0	0	0	0	0	0	0	0	0	0	0	0	0	0	0	0	0	0	0	0	0	0	0	
286044	Putamen_L	6088	0	16282	82	7208	0	4048	0	1498	0	1396	0	2280	0	8624	0	2158	0	20504	644	1284	1268	0	0	224	0	458	660	21584	0	1218	0	122	358	0	0	17090	0	546	0	690	0	0	0	0	0	0	0	0	0	0	0	0	0	336	0	3708	0	0	0	0	0	0	0	0	0	0	0	0	0	7564	812	0	0	7498	0	5360	0	0	0	628	0	686	0	0	0	0	0	116	0	0	0	0	0	0	0	0	0	0	0	0	0	0	0	0	0	0	0	0	0	0	0	0	0	0	0	
285084	Putamen_R	0	2250	0	11396	0	3696	0	3602	0	1920	0	4252	0	790	0	2584	0	5214	106	11196	0	172	0	5272	0	4624	0	926	0	19688	1070	7164	86	1156	0	0	0	11654	0	3954	0	624	0	0	0	0	0	0	0	0	0	0	0	84	0	3610	0	2936	0	84	0	1516	0	1810	0	312	0	0	0	0	0	24328	0	0	0	3090	0	1278	0	0	0	0	0	0	0	0	0	0	0	98	0	0	0	0	0	0	0	0	0	0	0	0	0	0	0	0	0	0	0	0	0	0	0	0	0	0	
39084	Pallidum_L	130	0	2090	0	0	0	0	0	0	0	0	0	0	0	0	0	0	0	5790	0	0	0	0	0	0	0	0	0	0	0	0	0	0	0	0	0	642	0	0	0	0	0	0	0	0	0	0	0	0	0	0	0	0	0	0	0	116	0	0	0	0	0	0	0	0	0	0	0	0	0	874	0	7498	0	0	0	2402	0	0	0	0	0	0	0	0	0	0	0	0	0	0	0	0	0	0	0	0	0	0	0	0	0	0	0	0	0	0	0	0	0	0	0	0	0	0	0	
24064	Pallidum_R	0	220	0	2674	0	0	0	614	0	0	0	0	0	0	0	0	0	0	0	3038	0	0	0	0	0	0	0	0	0	0	0	0	0	0	0	0	0	316	0	128	0	0	0	0	0	0	0	0	0	0	0	0	0	0	0	0	0	0	0	0	0	0	0	0	0	0	0	0	0	0	0	1952	0	3090	0	0	0	0	0	0	0	0	0	0	0	0	0	0	0	0	0	0	0	0	0	0	0	0	0	0	0	0	0	0	0	0	0	0	0	0	0	0	0	0	0	0	
145656	Thalamus_L	9912	214	6634	268	0	0	4452	0	0	0	262	0	0	0	142	0	2092	0	8156	166	0	0	0	0	0	0	0	0	2592	0	0	0	0	0	1094	2762	9502	2328	2222	692	0	0	0	0	0	0	776	522	0	0	0	0	0	0	0	0	1244	0	166	0	232	0	0	0	0	0	224	700	378	0	3208	0	5360	0	2402	0	0	3560	0	0	120	0	0	0	0	0	0	0	0	0	0	0	0	0	0	0	0	446	0	0	0	0	0	0	0	0	0	0	0	0	0	0	0	0	0	0	
191256	Thalamus_R	356	14428	1370	21818	0	0	0	1798	0	122	0	110	0	0	0	136	0	150	882	20872	0	0	0	102	0	0	0	0	0	184	0	272	0	96	214	1666	1624	4390	912	1648	0	0	0	0	0	0	566	1220	0	0	0	0	0	0	0	0	0	242	0	0	0	0	0	0	0	0	0	548	0	466	470	13118	0	1278	0	0	3560	0	0	0	0	0	0	0	0	0	0	0	0	0	0	0	0	0	0	0	0	926	0	0	0	0	0	0	0	0	0	0	0	0	84	0	0	0	0	0	
21320	Heschl_L	308	0	0	0	0	0	0	0	0	0	0	0	0	0	0	0	2050	0	0	0	0	0	0	0	0	0	0	0	1286	0	0	0	0	0	0	0	860	0	0	0	0	0	0	0	0	0	86	0	0	0	126	0	0	0	2320	0	380	0	0	0	0	0	0	0	0	0	0	0	0	0	0	0	0	0	0	0	0	0	0	0	1440	0	0	0	344	0	0	0	1460	0	0	0	0	0	0	0	0	0	0	0	0	0	0	0	0	0	0	0	0	0	0	0	0	0	0	0	
7508	Heschl_R	0	92	0	0	0	0	0	0	0	0	0	0	0	0	0	0	0	612	0	0	0	0	0	0	0	0	0	0	0	250	0	0	0	0	0	0	0	0	0	0	0	0	0	0	0	0	0	0	0	0	0	0	0	216	0	328	0	0	0	0	0	0	0	0	0	0	0	0	0	0	0	0	0	0	0	0	0	0	0	0	0	1686	0	0	0	226	0	0	0	344	0	0	0	0	0	0	0	0	0	0	0	0	0	0	0	0	0	0	0	0	0	0	0	0	0	0	
131420	Temporal_Sup_L	2216	0	2428	0	0	0	270	0	0	0	1378	0	204	0	0	0	11072	0	1550	0	0	0	0	0	0	0	0	0	6118	0	0	0	0	0	0	0	450	0	0	0	0	0	0	0	0	0	0	0	0	0	1192	0	0	0	5548	0	3046	0	772	0	1400	0	4314	0	1508	0	0	0	0	0	0	0	628	0	0	0	120	0	1440	0	0	0	1358	0	11544	0	122	0	7032	0	0	0	0	0	0	0	0	0	0	0	0	0	0	0	0	0	0	0	0	0	0	0	0	0	0	0	
25992	Temporal_Sup_R	0	0	0	0	0	0	0	0	0	0	0	0	0	0	0	0	0	452	0	0	0	0	0	0	0	0	0	0	0	540	0	0	0	0	0	0	0	0	0	0	0	0	0	0	0	110	0	0	0	170	0	252	0	222	0	406	0	184	0	0	0	130	0	1588	0	968	0	118	0	0	0	0	0	0	0	0	0	0	0	1686	0	0	0	590	0	4740	0	0	0	840	0	0	0	0	0	0	0	0	0	0	0	0	0	0	0	0	0	0	0	0	0	0	0	0	0	0	
79284	Temporal_Pole_Sup_L	86	0	2232	0	698	0	520	0	0	0	3804	0	1568	0	616	0	772	0	0	0	718	0	0	0	0	0	0	0	6286	0	0	0	0	0	0	0	894	0	438	0	460	0	0	0	0	0	0	0	0	0	0	0	0	0	2856	0	0	0	0	0	0	0	0	0	0	0	0	0	0	0	0	0	686	0	0	0	0	0	0	0	1358	0	0	0	4986	0	4856	0	5808	0	0	0	0	0	0	0	0	0	0	0	0	0	0	0	0	0	0	0	0	0	0	0	0	0	0	0	
34444	Temporal_Pole_Sup_R	0	0	0	414	0	0	0	0	0	0	0	560	0	0	0	0	0	392	0	138	0	0	0	0	0	0	0	0	0	666	0	0	0	0	0	0	0	754	0	1518	0	1802	0	0	0	0	0	0	0	0	0	0	0	0	0	4560	0	0	0	0	0	0	0	0	0	0	0	0	0	0	0	0	0	0	0	0	0	0	0	0	0	590	0	0	0	440	0	3340	0	2048	0	0	0	0	0	0	0	0	0	0	0	0	0	0	0	0	0	0	0	0	0	0	0	0	0	0	
181800	Temporal_Mid_L	130	0	0	0	0	0	0	0	0	0	0	0	0	0	0	0	578	0	0	0	0	0	0	0	0	0	0	0	122	0	0	0	0	0	146	0	98	0	0	0	0	0	1530	0	1234	0	124	0	3732	0	17856	0	3140	0	6364	0	260	0	692	0	578	0	548	0	6062	0	2638	0	102	0	0	0	0	0	0	0	0	0	344	0	11544	0	4986	0	0	0	4384	0	23708	0	0	0	0	0	0	0	0	0	0	0	0	0	0	0	0	0	0	0	0	0	0	0	0	0	0	0	
97068	Temporal_Mid_R	0	864	0	0	0	0	0	0	0	0	0	0	0	0	0	0	0	0	0	0	0	0	0	0	0	0	0	0	0	86	0	0	0	0	0	0	0	0	0	0	0	0	0	3030	0	2018	0	174	0	2910	0	11100	0	1492	0	1982	0	1180	0	228	0	528	0	486	0	2418	0	1774	0	136	0	0	0	0	0	0	0	0	0	226	0	4740	0	440	0	0	0	82	0	12640	0	0	0	0	0	0	0	0	0	0	0	0	0	0	0	0	0	0	0	0	0	0	0	0	0	0	
28808	Temporal_Pole_Mid_L	0	0	0	0	0	0	0	0	0	0	0	0	0	0	0	0	0	0	0	0	0	0	0	0	0	0	0	0	0	0	0	0	0	0	0	0	0	0	376	0	0	0	0	0	0	0	0	0	0	0	0	0	0	0	984	0	0	0	0	0	0	0	0	0	0	0	0	0	0	0	0	0	0	0	0	0	0	0	0	0	122	0	4856	0	4384	0	0	0	3682	0	0	0	0	0	0	0	0	0	0	0	0	0	0	0	0	0	0	0	0	0	0	0	0	0	0	0	
17136	Temporal_Pole_Mid_R	0	0	0	0	0	0	0	0	0	0	0	0	0	0	0	0	0	0	0	0	0	0	0	0	0	0	0	0	0	0	0	0	0	0	0	0	0	0	0	732	0	188	0	0	0	0	0	0	0	0	0	0	0	0	0	2734	0	0	0	0	0	0	0	0	0	0	0	0	0	0	0	0	0	0	0	0	0	0	0	0	0	0	0	3340	0	82	0	0	0	1492	0	0	0	0	0	0	0	0	0	0	0	0	0	0	0	0	0	0	0	0	0	0	0	0	0	0	
193292	Temporal_Inf_L	640	0	0	0	0	0	0	0	0	0	0	0	0	0	0	0	344	0	0	0	0	0	0	0	0	0	0	0	1234	0	0	0	0	0	228	0	4224	0	170	0	250	0	1146	0	468	0	200	0	0	0	7738	0	8564	0	23792	0	252	0	0	0	180	0	312	0	932	0	700	0	312	0	0	0	116	0	0	0	0	0	1460	0	7032	0	5808	0	23708	0	3682	0	0	0	2048	0	0	0	0	0	168	0	662	0	142	0	134	0	0	0	0	0	0	0	0	0	0	0	0	0	
93564	Temporal_Inf_R	0	160	0	0	0	0	0	0	0	0	0	0	0	0	0	0	0	0	0	0	0	0	0	0	0	0	0	0	0	398	0	0	0	0	0	0	0	1962	0	624	0	526	0	0	0	288	0	0	0	542	0	1680	0	5798	0	12306	0	180	0	124	0	672	0	1234	0	530	0	298	0	0	0	0	0	98	0	0	0	0	0	344	0	840	0	2048	0	12640	0	1492	0	0	0	1518	0	78	0	0	0	80	0	240	0	82	0	0	0	0	0	0	0	0	0	0	0	0	0	0	
462500	Cerebelum_Crus1_L	0	0	0	0	0	0	0	0	0	0	0	0	0	0	0	0	0	0	0	0	0	0	0	0	0	0	0	0	0	0	0	0	0	0	0	0	0	0	0	0	0	0	0	0	0	0	12344	792	0	0	0	0	198	92	18184	202	0	0	0	0	0	0	0	0	0	0	0	0	0	0	0	0	0	0	0	0	0	0	0	0	0	0	0	0	0	0	0	0	2048	0	0	3728	32398	4250	1504	174	22414	318	61848	3606	18154	2488	17878	1530	3696	704	168	0	0	160	3640	6568	7202	2648	1614	700	
508232	Cerebelum_Crus1_R	0	0	0	0	0	0	0	0	0	0	0	0	0	0	0	0	0	0	0	0	0	0	0	0	0	0	0	0	0	0	0	0	0	0	0	0	0	0	0	0	0	0	0	0	0	0	414	4804	0	0	0	0	0	222	298	11088	0	0	0	0	0	0	0	0	0	0	0	0	0	0	0	0	0	0	0	0	0	0	0	0	0	0	0	0	0	0	0	0	0	1518	3728	0	2964	34892	0	3694	966	22262	3290	53348	2624	10376	4748	22308	2586	7306	0	0	0	874	11478	12964	21170	6206	7248	740	
349820	Cerebelum_Crus2_L	0	0	0	0	0	0	0	0	0	0	0	0	0	0	0	0	0	0	0	0	0	0	0	0	0	0	0	0	0	0	0	0	0	0	0	0	0	0	0	0	0	0	0	0	0	0	732	0	0	0	0	0	0	0	352	0	0	0	0	0	0	0	0	0	0	0	0	0	0	0	0	0	0	0	0	0	0	0	0	0	0	0	0	0	0	0	0	0	0	0	32398	2964	0	13726	180	0	1980	0	8414	512	36524	9882	32522	7080	5338	168	308	0	0	0	366	1628	10916	8024	640	256	
432028	Cerebelum_Crus2_R	0	0	0	0	0	0	0	0	0	0	0	0	0	0	0	0	0	0	0	0	0	0	0	0	0	0	0	0	0	0	0	0	0	0	0	0	0	0	0	0	0	0	0	0	0	0	0	0	0	0	0	0	0	0	0	210	0	0	0	0	0	0	0	0	0	0	0	0	0	0	0	0	0	0	0	0	0	0	0	0	0	0	0	0	0	0	0	0	0	78	4250	34892	13726	0	0	590	136	2532	362	6962	11806	38736	14832	38856	1558	2936	0	0	0	398	1946	2070	21734	14106	3004	294	
30292	Cerebelum_3_L	0	0	0	0	0	0	0	0	0	0	0	0	0	0	0	0	0	0	0	0	0	0	0	0	0	0	0	0	0	0	0	0	0	0	0	0	0	0	80	0	0	0	0	0	0	0	144	0	0	0	0	0	0	0	186	0	0	0	0	0	0	0	0	0	0	0	0	0	0	0	0	0	0	0	0	0	0	0	0	0	0	0	0	0	0	0	0	0	0	0	1504	0	180	0	0	0	4906	0	3756	0	284	0	368	0	1500	0	0	0	308	536	1212	182	0	0	0	0	
58108	Cerebelum_3_R	0	0	0	0	0	0	0	0	0	0	0	0	0	0	0	0	0	0	0	0	0	0	0	0	0	0	0	0	0	0	0	0	0	0	0	0	0	0	0	0	0	0	0	0	0	0	0	0	0	0	0	0	0	0	0	204	0	0	0	0	0	0	0	0	0	0	0	0	0	0	0	0	0	0	0	0	0	0	0	0	0	0	0	0	0	0	0	0	0	0	174	3694	0	590	0	0	282	6650	226	6052	0	436	0	666	116	1288	0	0	226	2744	1516	1244	730	836	1242	138	
289728	Cerebelum_4_5_L	0	0	0	0	0	0	0	0	0	0	0	0	0	0	0	0	0	0	0	0	0	0	0	0	0	0	0	0	0	0	0	0	0	0	0	0	0	0	94	0	0	0	0	0	0	0	16312	1100	0	0	0	0	702	0	12402	326	0	0	0	0	0	0	0	0	0	0	0	0	0	0	0	0	0	0	0	0	0	0	0	0	0	0	0	0	0	0	0	0	168	0	22414	966	1980	136	4906	282	0	1028	41126	1768	3874	124	3534	200	6112	606	124	0	246	676	16182	3950	214	94	1148	2070	
268408	Cerebelum_4_5_R	0	0	0	0	0	0	0	0	0	0	0	0	0	0	0	0	0	0	0	0	0	0	0	0	0	0	0	0	0	0	0	0	0	0	0	508	430	1244	236	1878	0	0	0	126	0	0	868	7980	0	0	0	0	0	122	664	6546	0	0	0	0	0	0	0	0	0	0	0	372	0	0	0	0	0	0	0	0	446	926	0	0	0	0	0	0	0	0	0	0	0	80	318	22262	0	2532	0	6650	1028	0	1414	34524	0	2102	262	3310	580	3910	0	0	0	2330	19770	2724	3208	1460	2640	754	
496608	Cerebelum_6_L	0	0	0	0	0	0	0	0	0	0	0	0	0	0	0	0	0	0	0	0	0	0	0	0	0	0	0	0	0	0	0	0	0	0	0	0	0	0	0	0	0	0	0	0	0	0	23784	5400	0	0	0	0	898	426	27352	1646	0	0	0	0	0	0	0	0	0	0	0	0	0	0	0	0	0	0	0	0	0	0	0	0	0	0	0	0	0	0	0	0	662	0	61848	3290	8414	362	3756	226	41126	1414	0	6886	8340	96	8896	152	8076	668	294	0	0	244	12048	14498	3206	1194	2220	882	
478196	Cerebelum_6_R	0	0	0	0	0	0	0	0	0	0	0	0	0	0	0	0	0	0	0	0	0	0	0	0	0	0	0	0	0	0	0	0	0	0	0	0	0	654	0	878	0	0	0	98	0	0	1564	10006	0	0	0	0	0	1340	752	15840	0	0	0	0	0	0	0	0	0	0	0	0	0	0	0	0	0	0	0	0	0	0	0	0	0	0	0	0	0	0	0	0	0	240	3606	53348	512	6962	0	6052	1768	34524	6886	0	280	3552	1076	8754	3382	8446	0	0	0	1820	17258	18774	15780	5416	8790	740	
352732	Cerebelum_7b_L	0	0	0	0	0	0	0	0	0	0	0	0	0	0	0	0	0	0	0	0	0	0	0	0	0	0	0	0	0	0	0	0	0	0	0	0	0	0	0	0	0	0	0	0	0	0	504	0	0	0	0	0	0	0	512	0	0	0	0	0	0	0	0	0	0	0	0	0	0	0	0	0	0	0	0	0	0	0	0	0	0	0	0	0	0	0	0	0	142	0	18154	2624	36524	11806	284	0	3874	0	8340	280	0	11080	45098	8982	6192	0	840	0	0	0	614	598	8868	10752	212	86	
315828	Cerebelum_7b_R	0	0	0	0	0	0	0	0	0	0	0	0	0	0	0	0	0	0	0	0	0	0	0	0	0	0	0	0	0	0	0	0	0	0	0	0	0	0	0	0	0	0	0	0	0	0	0	0	0	0	0	0	0	0	0	186	0	0	0	0	0	0	0	0	0	0	0	0	0	0	0	0	0	0	0	0	0	0	0	0	0	0	0	0	0	0	0	0	0	82	2488	10376	9882	38736	0	436	124	2102	96	3552	11080	0	13518	35162	1116	2230	0	0	0	400	1702	260	9342	14594	450	0	
424684	Cerebelum_8_L	0	0	0	0	0	0	0	0	0	0	0	0	0	0	0	0	0	0	0	0	0	0	0	0	0	0	0	0	0	0	0	0	0	0	0	0	0	0	0	0	0	0	0	0	0	0	398	0	0	0	0	0	0	0	500	0	0	0	0	0	0	0	0	0	0	0	0	0	0	0	0	0	0	0	0	0	0	0	0	0	0	0	0	0	0	0	0	0	134	0	17878	4748	32522	14832	368	0	3534	262	8896	1076	45098	13518	0	14566	17742	850	1764	0	0	0	840	1182	11792	18318	1368	156	
404528	Cerebelum_8_R	0	0	0	0	0	0	0	0	0	0	0	0	0	0	0	0	0	0	0	0	0	0	0	0	0	0	0	0	0	0	0	0	0	0	0	0	0	0	0	0	0	0	0	0	0	0	0	100	0	0	0	0	0	0	0	170	0	0	0	0	0	0	0	0	0	0	0	0	0	0	0	0	0	0	0	0	0	0	0	0	0	0	0	0	0	0	0	0	0	0	1530	22308	7080	38856	0	666	200	3310	152	8754	8982	35162	14566	0	2070	16792	0	266	0	182	1726	2212	15636	16554	4716	274	
164664	Cerebelum_9_L	0	0	0	0	0	0	0	0	0	0	0	0	0	0	0	0	0	0	0	0	0	0	0	0	0	0	0	0	0	0	0	0	0	0	0	0	0	0	0	0	0	0	0	0	0	0	94	1034	0	0	0	0	0	0	180	1012	0	0	0	0	0	0	0	0	0	0	0	0	0	0	0	0	0	0	0	0	0	0	0	0	0	0	0	0	0	0	0	0	0	0	3696	2586	5338	1558	1500	116	6112	580	8076	3382	6192	1116	17742	2070	0	1016	2416	0	0	124	2684	4592	2842	3208	1804	1262	
180976	Cerebelum_9_R	0	0	0	0	0	0	0	0	0	0	0	0	0	0	0	0	0	0	0	0	0	0	0	0	0	0	0	0	0	0	0	0	0	0	0	0	0	0	0	0	0	0	0	0	0	0	0	150	0	0	0	0	0	0	0	262	0	0	0	0	0	0	0	0	0	0	0	0	0	0	0	0	0	0	0	0	0	0	0	0	0	0	0	0	0	0	0	0	0	0	704	7306	168	2936	0	1288	606	3910	668	8446	0	2230	850	16792	1016	0	0	758	0	606	2394	7518	9838	7464	11862	2716	
12200	Cerebelum_10_L	0	0	0	0	0	0	0	0	0	0	0	0	0	0	0	0	0	0	0	0	0	0	0	0	0	0	0	0	0	0	0	0	0	0	0	0	0	0	0	0	0	0	0	0	0	0	0	0	0	0	0	0	0	0	0	0	0	0	0	0	0	0	0	0	0	0	0	0	0	0	0	0	0	0	0	0	0	0	0	0	0	0	0	0	0	0	0	0	0	0	168	0	308	0	0	0	124	0	294	0	840	0	1764	0	2416	0	0	0	0	0	80	106	0	0	0	0	
2048	Cerebelum_10_R	0	0	0	0	0	0	0	0	0	0	0	0	0	0	0	0	0	0	0	0	0	0	0	0	0	0	0	0	0	0	0	0	0	0	0	0	0	0	0	0	0	0	0	0	0	0	0	0	0	0	0	0	0	0	0	0	0	0	0	0	0	0	0	0	0	0	0	0	0	0	0	0	0	0	0	0	0	0	0	0	0	0	0	0	0	0	0	0	0	0	0	0	0	0	0	0	0	0	0	0	0	0	0	266	0	758	0	0	0	0	0	0	0	0	0	0	
5624	Vermis_1_2	0	0	0	0	0	0	0	0	0	0	0	0	0	0	0	0	0	0	0	0	0	0	0	0	0	0	0	0	0	0	0	0	0	0	0	0	0	0	0	0	0	0	0	0	0	0	0	0	0	0	0	0	0	0	0	0	0	0	0	0	0	0	0	0	0	0	0	0	0	0	0	0	0	0	0	0	0	0	0	0	0	0	0	0	0	0	0	0	0	0	0	0	0	0	308	226	246	0	0	0	0	0	0	0	0	0	0	0	0	1400	474	78	0	0	80	0	
32604	Vermis_3	0	0	0	0	0	0	0	0	0	0	0	0	0	0	0	0	0	0	0	0	0	0	0	0	0	0	0	0	0	0	0	0	0	0	0	0	0	0	0	0	0	0	0	0	0	0	0	0	0	0	0	0	0	0	0	0	0	0	0	0	0	0	0	0	0	0	0	0	0	0	0	0	0	0	0	0	0	0	0	0	0	0	0	0	0	0	0	0	0	0	160	874	0	398	536	2744	676	2330	244	1820	0	400	0	182	124	606	0	0	1400	0	1682	682	314	364	670	96	
279084	Vermis_4_5	0	0	0	0	0	0	0	0	0	0	0	0	0	0	0	0	0	0	0	0	0	0	0	0	0	0	0	0	0	0	0	0	0	258	0	542	86	0	118	0	0	0	0	132	0	170	6774	6968	0	104	0	114	616	92	4266	3880	0	82	0	0	0	0	0	0	0	0	162	2196	0	374	0	0	0	0	0	0	0	84	0	0	0	0	0	0	0	0	0	0	0	0	3640	11478	366	1946	1212	1516	16182	19770	12048	17258	614	1702	840	1726	2684	2394	80	0	474	1682	0	7074	1698	396	2574	3170	
282480	Vermis_6	0	0	0	0	0	0	0	0	0	0	0	0	0	0	0	0	0	0	0	0	0	0	0	0	0	0	0	0	0	0	0	0	0	0	0	0	0	0	0	0	0	0	0	158	0	0	4354	7842	0	0	0	0	0	1126	2552	3914	0	0	0	0	0	0	0	0	0	0	0	0	0	0	0	0	0	0	0	0	0	0	0	0	0	0	0	0	0	0	0	0	0	0	6568	12964	1628	2070	182	1244	3950	2724	14498	18774	598	260	1182	2212	4592	7518	106	0	78	682	7074	0	10762	5894	10680	5054	
372404	Vermis_7	0	0	0	0	0	0	0	0	0	0	0	0	0	0	0	0	0	0	0	0	0	0	0	0	0	0	0	0	0	0	0	0	0	0	0	0	0	0	0	0	0	0	0	0	0	0	722	1360	0	0	0	0	0	426	290	1236	0	0	0	0	0	0	0	0	0	0	0	0	0	0	0	0	0	0	0	0	0	0	0	0	0	0	0	0	0	0	0	0	0	0	7202	21170	10916	21734	0	730	214	3208	3206	15780	8868	9342	11792	15636	2842	9838	0	0	0	314	1698	10762	0	15426	10454	1036	
288016	Vermis_8	0	0	0	0	0	0	0	0	0	0	0	0	0	0	0	0	0	0	0	0	0	0	0	0	0	0	0	0	0	0	0	0	0	0	0	0	0	0	0	0	0	0	0	0	0	0	0	0	0	0	0	0	0	0	0	172	0	0	0	0	0	0	0	0	0	0	0	0	0	0	0	0	0	0	0	0	0	0	0	0	0	0	0	0	0	0	0	0	0	0	2648	6206	8024	14106	0	836	94	1460	1194	5416	10752	14594	18318	16554	3208	7464	0	0	0	364	396	5894	15426	0	9554	1328	
174804	Vermis_9	0	0	0	0	0	0	0	0	0	0	0	0	0	0	0	0	0	0	0	0	0	0	0	0	0	0	0	0	0	0	0	0	0	0	0	0	0	0	0	0	0	0	0	0	0	0	78	244	0	0	0	0	0	0	0	428	0	0	0	0	0	0	0	0	0	0	0	0	0	0	0	0	0	0	0	0	0	0	0	0	0	0	0	0	0	0	0	0	0	0	1614	7248	640	3004	0	1242	1148	2640	2220	8790	212	450	1368	4716	1804	11862	0	0	80	670	2574	10680	10454	9554	0	3682	
51684	Vermis_10	0	0	0	0	0	0	0	0	0	0	0	0	0	0	0	0	0	0	0	0	0	0	0	0	0	0	0	0	0	0	0	0	0	0	0	0	0	0	0	0	0	0	0	0	0	0	0	310	0	0	0	0	0	0	0	98	0	0	0	0	0	0	0	0	0	0	0	0	0	0	0	0	0	0	0	0	0	0	0	0	0	0	0	0	0	0	0	0	0	0	700	740	256	294	0	138	2070	754	882	740	86	0	156	274	1262	2716	0	0	0	96	3170	5054	1036	1328	3682	0	
