data	data	477524	307904	1.00965e+06	853588	207800	206452	395728	208980	86988	29360	166876	212008	280456	327732	133292	108532	165696	159824	563716	851668	102024	109572	280568	388004	39156	102888	70760	96596	768468	393664	284872	371236	147544	406540	72132	147440	288112	237068	53500	114728	43916	53924	167728	256732	180964	260972	195092	261868	156896	263184	410696	173736	120300	91004	322684	363328	267328	180008	148908	115712	291864	99500	120772	120052	200852	160236	258164	315876	232448	131772	207832	566128	442452	410832	61464	47808	97200	182516	72880	41188	169868	109220	72384	36088	250960	249076	9404	9144	199364	199392	479264	350972	303400	280668	26076	40340	230884	176312	424340	345576	241148	103776	252432	214520	134708	104344	25216	8996	14012	36792	199764	186360	253280	96168	81468	31596	
data	data	Precentral_L	Precentral_R	Frontal_Sup_L	Frontal_Sup_R	Frontal_Sup_Orb_L	Frontal_Sup_Orb_R	Frontal_Mid_L	Frontal_Mid_R	Frontal_Mid_Orb_L	Frontal_Mid_Orb_R	Frontal_Inf_Oper_L	Frontal_Inf_Oper_R	Frontal_Inf_Tri_L	Frontal_Inf_Tri_R	Frontal_Inf_Orb_L	Frontal_Inf_Orb_R	Rolandic_Oper_L	Rolandic_Oper_R	Supp_Motor_Area_L	Supp_Motor_Area_R	Olfactory_L	Olfactory_R	Frontal_Sup_Medial_L	Frontal_Sup_Medial_R	Frontal_Med_Orb_L	Frontal_Med_Orb_R	Rectus_L	Rectus_R	Insula_L	Insula_R	Cingulum_Ant_L	Cingulum_Ant_R	Cingulum_Mid_L	Cingulum_Mid_R	Cingulum_Post_L	Cingulum_Post_R	Hippocampus_L	Hippocampus_R	ParaHippocampal_L	ParaHippocampal_R	Amygdala_L	Amygdala_R	Calcarine_L	Calcarine_R	Cuneus_L	Cuneus_R	Lingual_L	Lingual_R	Occipital_Sup_L	Occipital_Sup_R	Occipital_Mid_L	Occipital_Mid_R	Occipital_Inf_L	Occipital_Inf_R	Fusiform_L	Fusiform_R	Postcentral_L	Postcentral_R	Parietal_Sup_L	Parietal_Sup_R	Parietal_Inf_L	Parietal_Inf_R	SupraMarginal_L	SupraMarginal_R	Angular_L	Angular_R	Precuneus_L	Precuneus_R	Paracentral_Lobule_L	Paracentral_Lobule_R	Caudate_L	Caudate_R	Putamen_L	Putamen_R	Pallidum_L	Pallidum_R	Thalamus_L	Thalamus_R	Heschl_L	Heschl_R	Temporal_Sup_L	Temporal_Sup_R	Temporal_Pole_Sup_L	Temporal_Pole_Sup_R	Temporal_Mid_L	Temporal_Mid_R	Temporal_Pole_Mid_L	Temporal_Pole_Mid_R	Temporal_Inf_L	Temporal_Inf_R	Cerebelum_Crus1_L	Cerebelum_Crus1_R	Cerebelum_Crus2_L	Cerebelum_Crus2_R	Cerebelum_3_L	Cerebelum_3_R	Cerebelum_4_5_L	Cerebelum_4_5_R	Cerebelum_6_L	Cerebelum_6_R	Cerebelum_7b_L	Cerebelum_7b_R	Cerebelum_8_L	Cerebelum_8_R	Cerebelum_9_L	Cerebelum_9_R	Cerebelum_10_L	Cerebelum_10_R	Vermis_1_2	Vermis_3	Vermis_4_5	Vermis_6	Vermis_7	Vermis_8	Vermis_9	Vermis_10	
477524	Precentral_L	0	258	31810	1154	0	142	18266	152	0	0	9076	0	1778	356	0	0	5742	0	18514	10008	0	0	0	272	0	96	0	0	15318	0	132	210	1818	4472	766	296	11198	0	698	0	0	0	0	0	166	0	0	0	0	0	1224	0	0	0	240	0	27596	290	1334	0	7308	0	2580	0	5080	0	482	0	22956	2912	596	2560	12900	328	2934	100	7786	1928	3056	0	954	0	138	0	312	0	0	0	470	0	0	0	0	0	0	0	0	0	0	0	0	0	0	0	0	0	0	0	0	0	0	0	0	0	0	0	
307904	Precentral_R	258	0	2178	26588	0	76	0	5602	0	0	0	7068	168	74	0	0	0	5786	2488	13236	0	0	0	88	0	0	0	0	142	4540	0	0	0	0	0	120	0	10270	0	1108	0	0	0	0	0	74	0	0	0	170	0	0	0	0	0	1406	0	20024	0	382	0	3402	0	7500	0	240	0	396	100	2716	1926	3668	1666	9276	236	1100	386	16890	0	1144	0	832	0	0	0	282	0	0	0	346	0	0	0	0	0	0	0	0	0	0	0	0	0	0	0	0	0	0	0	0	0	0	0	0	0	0	
1.00965e+06	Frontal_Sup_L	31810	2178	0	10786	10690	1270	68306	6790	888	0	13338	3284	15856	7214	2592	0	11088	90	60870	20430	0	0	36784	5438	912	722	0	0	51548	1420	15766	4450	10830	4576	0	222	11702	334	608	0	0	0	0	0	0	0	0	0	0	0	112	0	0	0	290	112	8458	1222	0	0	1222	154	222	364	368	0	0	0	6514	500	2574	13026	32362	4124	4990	718	8408	1892	1042	0	1782	0	1172	0	116	0	0	0	290	0	0	0	0	0	0	0	0	0	0	0	0	0	0	0	0	0	0	0	0	0	0	0	0	0	0	0	
853588	Frontal_Sup_R	1154	26588	10786	0	184	9746	336	17912	0	1106	908	8142	802	16300	72	5038	540	12748	12226	70736	0	0	9600	45170	0	3856	0	0	3530	22238	6818	27938	684	19926	0	0	94	6784	0	1518	0	260	0	0	0	0	0	0	0	0	0	0	0	0	0	2934	314	1556	0	0	0	0	0	522	0	0	0	0	456	214	2038	23556	2390	28318	446	3524	1056	12802	0	1298	186	958	108	0	0	114	0	0	0	264	0	0	0	0	0	0	0	0	0	0	0	0	0	0	0	0	0	0	0	0	0	0	0	0	0	0	
207800	Frontal_Sup_Orb_L	0	0	10690	184	0	738	3852	0	12892	0	0	0	5488	348	14652	248	0	0	614	382	2466	1294	4810	170	2944	168	6256	730	14870	0	5548	224	278	206	0	0	0	0	0	0	106	0	0	0	0	0	0	0	0	0	0	0	0	0	0	0	0	0	0	0	0	0	0	0	0	0	0	0	0	0	1854	880	9656	0	0	0	314	0	0	0	0	0	1038	0	0	0	0	0	0	0	0	0	0	0	0	0	0	0	0	0	0	0	0	0	0	0	0	0	0	0	0	0	0	0	0	0	
206452	Frontal_Sup_Orb_R	142	76	1270	9746	738	0	0	1440	346	4538	0	0	0	1908	100	10328	184	0	672	1498	3674	6754	0	7184	524	9404	2208	12158	558	3336	1212	3824	0	112	0	0	0	0	0	0	0	0	0	0	0	0	0	0	0	0	0	0	0	0	0	0	0	0	0	0	0	0	0	0	0	0	0	0	72	0	3374	6852	1498	7298	0	198	0	0	0	0	0	0	0	0	0	0	0	0	0	0	0	0	0	0	0	0	0	0	0	0	0	0	0	0	0	0	0	0	0	0	0	0	0	0	0	0	
395728	Frontal_Mid_L	18266	0	68306	336	3852	0	0	140	2682	0	7232	0	28742	248	2330	0	1320	0	5320	322	0	0	9862	310	0	0	0	0	21478	0	2784	256	5316	314	0	0	6722	0	152	0	0	0	0	0	0	0	0	0	0	0	116	0	0	0	0	0	3402	0	86	0	1230	0	0	0	230	0	0	0	0	0	0	358	4804	0	138	0	276	110	622	0	116	0	86	0	0	0	0	0	0	0	0	0	0	0	0	0	0	0	0	0	0	0	0	0	0	0	0	0	0	0	0	0	0	0	0	0	
208980	Frontal_Mid_R	152	5602	6790	17912	0	1440	140	0	0	1234	76	10478	576	20622	0	3336	0	1004	7426	3320	0	0	210	2140	0	0	0	0	1854	5558	216	456	0	1700	0	0	0	174	0	0	0	0	0	0	0	0	0	0	0	0	0	0	0	0	0	88	560	1082	0	0	496	786	0	1300	0	0	0	0	0	0	500	5802	376	1084	0	0	0	0	0	0	0	0	0	0	0	0	0	0	0	0	0	0	0	0	0	0	0	0	0	0	0	0	0	0	0	0	0	0	0	0	0	0	0	0	0	0	
86988	Frontal_Mid_Orb_L	0	0	888	0	12892	346	2682	0	0	0	0	0	2862	0	12464	130	0	0	0	0	720	636	0	0	0	0	2500	346	2930	0	138	0	0	0	0	0	0	0	0	0	0	0	0	0	0	0	0	0	0	0	0	0	0	0	0	0	0	0	0	0	0	0	0	0	0	0	0	0	0	0	720	122	2496	0	0	0	0	0	0	0	0	0	622	0	0	0	0	0	0	0	0	0	0	0	0	0	0	0	0	0	0	0	0	0	0	0	0	0	0	0	0	0	0	0	0	0	
29360	Frontal_Mid_Orb_R	0	0	0	1106	0	4538	0	1234	0	0	0	0	0	994	0	5724	0	0	0	0	0	0	0	0	0	326	0	168	0	228	0	0	0	0	0	0	0	0	0	0	0	0	0	0	0	0	0	0	0	0	0	0	0	0	0	0	0	0	0	0	0	0	0	0	0	0	0	0	0	0	0	92	0	270	0	0	0	0	0	0	0	0	0	0	0	0	0	0	0	0	0	0	0	0	0	0	0	0	0	0	0	0	0	0	0	0	0	0	0	0	0	0	0	0	0	0	
166876	Frontal_Inf_Oper_L	9076	0	13338	908	0	0	7232	76	0	0	0	0	9514	456	0	0	6508	0	1644	1044	0	0	96	0	0	0	0	0	17678	0	266	0	156	96	0	0	3658	0	0	0	0	0	0	0	0	0	0	0	0	0	0	0	0	0	98	0	2712	0	0	0	1556	0	0	0	442	0	0	0	586	0	602	690	1834	0	0	0	218	84	672	0	980	0	1080	0	0	0	0	0	138	0	0	0	0	0	0	0	0	0	0	0	0	0	0	0	0	0	0	0	0	0	0	0	0	0	0	0	
212008	Frontal_Inf_Oper_R	0	7068	3284	8142	0	0	0	10478	0	0	0	0	146	8306	0	0	0	9540	3412	11052	0	0	0	124	0	0	0	0	372	22692	0	136	0	874	0	0	0	374	0	88	0	0	0	0	0	0	0	0	0	0	0	0	0	0	0	196	0	4248	0	180	0	712	0	1468	0	138	0	124	0	0	190	6722	146	5378	0	72	0	0	0	174	0	168	0	0	0	0	0	0	0	0	0	0	0	0	0	0	0	0	0	0	0	0	0	0	0	0	0	0	0	0	0	0	0	0	0	0	
280456	Frontal_Inf_Tri_L	1778	168	15856	802	5488	0	28742	576	2862	0	9514	146	0	3296	10112	0	752	0	2402	634	0	0	2996	296	0	0	0	0	29186	494	7822	590	3440	264	0	0	858	0	0	0	0	0	0	0	0	0	0	0	0	0	0	0	0	0	0	0	570	0	0	0	308	0	0	0	0	0	0	0	106	0	3932	3826	1764	126	0	0	0	88	0	0	0	0	434	0	0	0	0	0	0	0	0	0	0	0	0	0	0	0	0	0	0	0	0	0	0	0	0	0	0	0	0	0	0	0	0	0	
327732	Frontal_Inf_Tri_R	356	74	7214	16300	348	1908	248	20622	0	994	456	8306	3296	0	212	4822	592	312	6048	9564	0	0	476	7308	0	606	0	0	8308	13876	1068	5172	100	6310	0	0	336	486	0	242	0	0	0	0	0	0	0	0	0	0	0	0	0	0	0	294	254	0	0	0	148	0	0	0	0	0	0	0	74	0	5530	25354	2304	2924	0	210	150	404	0	0	164	0	96	0	0	0	0	0	0	0	0	0	0	0	0	0	0	0	0	0	0	0	0	0	0	0	0	0	0	0	0	0	0	0	0	0	
133292	Frontal_Inf_Orb_L	0	0	2592	72	14652	100	2330	0	12464	0	0	0	10112	212	0	0	0	0	206	76	1358	196	572	0	0	0	842	96	11230	0	904	0	320	0	0	0	392	0	156	0	222	0	0	0	0	0	0	0	0	0	0	0	0	0	96	0	0	0	0	0	0	0	0	0	0	0	0	0	0	0	580	322	3686	0	0	0	0	0	0	0	0	0	2858	0	0	0	0	0	0	0	0	0	0	0	0	0	0	0	0	0	0	0	0	0	0	0	0	0	0	0	0	0	0	0	0	0	
108532	Frontal_Inf_Orb_R	0	0	0	5038	248	10328	0	3336	130	5724	0	0	0	4822	0	0	0	0	204	636	1298	2822	82	2286	0	1338	642	3074	0	5364	394	1352	0	700	0	0	0	0	0	0	0	0	0	0	0	0	0	0	0	0	0	0	0	0	0	0	0	0	0	0	0	0	0	0	0	0	0	0	0	0	1228	1356	510	834	0	86	0	0	0	0	0	202	0	232	0	0	0	0	0	0	0	0	0	0	0	0	0	0	0	0	0	0	0	0	0	0	0	0	0	0	0	0	0	0	0	0	
165696	Rolandic_Oper_L	5742	0	11088	540	0	184	1320	0	0	0	6508	0	752	592	0	0	0	0	342	406	0	0	0	378	0	184	0	0	18700	0	0	236	82	0	0	0	3072	0	0	0	0	0	0	0	96	0	0	0	0	0	936	0	0	0	804	0	7270	0	124	0	1064	0	1196	0	1200	0	118	0	514	0	94	1226	1198	500	0	196	972	0	4256	0	7224	0	1018	0	1970	0	0	0	746	0	0	0	0	0	0	0	0	0	0	0	0	0	0	0	0	0	0	0	0	0	0	0	0	0	0	0	
159824	Rolandic_Oper_R	0	5786	90	12748	0	0	0	1004	0	0	0	9540	0	312	0	0	0	0	98	12634	0	0	0	0	0	0	0	0	0	19228	0	0	0	0	0	0	0	292	0	0	0	0	0	0	0	0	0	0	0	0	0	0	0	0	0	120	0	2886	0	0	0	114	0	1340	0	0	0	0	0	0	78	1600	0	4042	0	0	0	74	0	4152	0	3130	0	192	0	308	0	0	0	144	0	0	0	0	0	0	0	0	0	0	0	0	0	0	0	0	0	0	0	0	0	0	0	0	0	0	
563716	Supp_Motor_Area_L	18514	2488	60870	12226	614	672	5320	7426	0	0	1644	3412	2402	6048	206	204	342	98	0	44018	0	0	4526	6020	0	100	0	0	9146	2024	3314	7846	9090	20020	0	94	2298	380	84	0	0	0	0	0	94	0	0	0	0	0	0	0	0	0	0	116	1758	1274	0	0	324	154	128	368	96	0	144	0	17510	538	2360	9360	9152	2474	2112	110	496	1844	0	0	0	0	0	0	0	0	0	0	0	0	0	0	0	0	0	0	0	0	0	0	0	0	0	0	0	0	0	0	0	0	0	0	0	0	0	0	
851668	Supp_Motor_Area_R	10008	13236	20430	70736	382	1498	322	3320	0	0	1044	11052	634	9564	76	636	406	12634	44018	0	0	0	1634	14000	0	242	0	0	5436	21454	2138	11686	1902	44686	0	2098	464	6298	108	1388	0	252	0	0	0	134	0	0	0	0	0	0	0	0	0	3102	406	4420	0	0	0	0	0	446	0	120	98	944	10914	16926	3368	23694	6356	22982	1658	2720	2428	8328	0	1156	0	1116	0	0	0	446	0	0	0	290	0	0	0	0	0	0	0	0	0	0	0	0	0	0	0	0	0	0	0	0	0	0	0	0	0	0	
102024	Olfactory_L	0	0	0	0	2466	3674	0	0	720	0	0	0	0	0	1358	1298	0	0	0	0	0	7702	0	0	632	412	4840	3992	2528	0	3184	2546	0	0	0	0	200	0	520	0	646	0	0	0	0	0	0	0	0	0	0	0	0	0	0	0	0	0	0	0	0	0	0	0	0	0	0	0	0	0	7956	2528	2160	0	0	0	0	0	0	0	0	0	1650	0	0	0	0	0	0	0	0	0	0	0	0	0	0	0	0	0	0	0	0	0	0	0	0	0	0	0	0	0	0	0	0	0	
109572	Olfactory_R	0	0	0	0	1294	6754	0	0	636	0	0	0	0	0	196	2822	0	0	0	0	7702	0	0	0	364	1174	3868	7838	0	2500	2802	2814	0	0	0	0	0	144	0	84	0	276	0	0	0	0	0	0	0	0	0	0	0	0	0	0	0	0	0	0	0	0	0	0	0	0	0	0	0	0	7510	3718	2210	80	0	0	0	0	0	0	0	0	0	0	0	0	0	0	0	0	0	0	0	0	0	0	0	0	0	0	0	0	0	0	0	0	0	0	0	0	0	0	0	0	0	0	
280568	Frontal_Sup_Medial_L	0	0	36784	9600	4810	0	9862	210	0	0	96	0	2996	476	572	82	0	0	4526	1634	0	0	0	16986	1968	334	92	0	5630	78	18958	9638	4460	6950	0	0	0	0	0	0	0	0	0	0	0	0	0	0	0	0	0	0	0	0	0	0	0	0	0	0	0	0	0	0	0	0	0	0	0	0	272	544	2570	156	0	0	0	0	0	0	0	0	0	0	0	0	0	0	0	0	0	0	0	0	0	0	0	0	0	0	0	0	0	0	0	0	0	0	0	0	0	0	0	0	0	0	
388004	Frontal_Sup_Medial_R	272	88	5438	45170	170	7184	310	2140	0	0	0	124	296	7308	0	2286	378	0	6020	14000	0	0	16986	0	184	4946	0	0	1622	2966	7250	29248	442	18194	0	0	0	0	0	0	0	0	0	0	0	0	0	0	0	0	0	0	0	0	0	0	116	0	0	0	0	0	0	0	0	0	0	0	120	0	222	8800	1080	8448	0	1972	0	0	0	0	146	0	76	0	0	0	0	0	0	0	0	0	0	0	0	0	0	0	0	0	0	0	0	0	0	0	0	0	0	0	0	0	0	0	0	0	
39156	Frontal_Med_Orb_L	0	0	912	0	2944	524	0	0	0	0	0	0	0	0	0	0	0	0	0	0	632	364	1968	184	0	2112	1470	230	648	0	3874	1554	0	0	0	0	0	0	0	0	0	0	0	0	0	0	0	0	0	0	0	0	0	0	0	0	0	0	0	0	0	0	0	0	0	0	0	0	0	0	354	1008	302	498	0	0	0	0	0	0	0	0	0	0	0	0	0	0	0	0	0	0	0	0	0	0	0	0	0	0	0	0	0	0	0	0	0	0	0	0	0	0	0	0	0	0	
102888	Frontal_Med_Orb_R	96	0	722	3856	168	9404	0	0	0	326	0	0	0	606	0	1338	184	0	100	242	412	1174	334	4946	2112	0	340	4468	508	1276	1190	5910	0	0	0	0	0	0	0	0	0	0	0	0	0	0	0	0	0	0	0	0	0	0	0	0	0	0	0	0	0	0	0	0	0	0	0	0	0	0	378	5358	560	5358	0	78	0	0	0	0	0	0	0	0	0	0	0	0	0	0	0	0	0	0	0	0	0	0	0	0	0	0	0	0	0	0	0	0	0	0	0	0	0	0	0	0	
70760	Rectus_L	0	0	0	0	6256	2208	0	0	2500	0	0	0	0	0	842	642	0	0	0	0	4840	3868	92	0	1470	340	0	2388	450	0	2466	820	0	0	0	0	0	0	0	0	0	0	0	0	0	0	0	0	0	0	0	0	0	0	0	0	0	0	0	0	0	0	0	0	0	0	0	0	0	0	4060	758	1294	0	0	0	0	0	0	0	0	0	86	0	0	0	0	0	0	0	0	0	0	0	0	0	0	0	0	0	0	0	0	0	0	0	0	0	0	0	0	0	0	0	0	0	
96596	Rectus_R	0	0	0	0	730	12158	0	0	346	168	0	0	0	0	96	3074	0	0	0	0	3992	7838	0	0	230	4468	2388	0	0	1532	1248	1902	0	0	0	0	0	0	0	0	0	0	0	0	0	0	0	0	0	0	0	0	0	0	0	0	0	0	0	0	0	0	0	0	0	0	0	0	0	0	3598	2766	1170	594	0	0	0	0	0	0	0	0	0	0	0	0	0	0	0	0	0	0	0	0	0	0	0	0	0	0	0	0	0	0	0	0	0	0	0	0	0	0	0	0	0	0	
768468	Insula_L	15318	142	51548	3530	14870	558	21478	1854	2930	0	17678	372	29186	8308	11230	0	18700	0	9146	5436	2528	0	5630	1622	648	508	450	0	0	740	12608	1502	2042	1626	226	126	26990	0	1612	0	3136	0	0	0	0	0	0	0	0	0	352	0	0	0	2666	0	4956	0	0	0	1890	0	504	0	1416	0	104	0	2402	328	7410	12810	38954	1662	214	504	6266	594	8364	0	6260	0	7124	0	1590	0	0	0	3336	0	0	0	0	0	0	0	250	0	0	0	0	0	0	0	0	0	0	0	0	0	0	0	0	0	0	0	
393664	Insula_R	0	4540	1420	22238	0	3336	0	5558	0	228	0	22692	494	13876	0	5364	0	19228	2024	21454	0	2500	78	2966	0	1276	0	1532	740	0	150	2188	0	2214	0	76	0	4228	0	958	0	1236	0	0	0	0	0	0	0	74	0	0	0	0	0	3008	0	2858	0	82	0	184	0	486	0	72	0	146	0	266	646	13880	110	23424	0	394	0	86	0	2220	0	3892	0	496	0	802	0	0	0	1112	0	0	0	0	0	0	0	0	0	0	0	0	0	0	0	0	0	0	0	0	0	0	0	0	0	0	
284872	Cingulum_Ant_L	132	0	15766	6818	5548	1212	2784	216	138	0	266	0	7822	1068	904	394	0	0	3314	2138	3184	2802	18958	7250	3874	1190	2466	1248	12608	150	0	15044	2774	5070	0	0	72	0	0	0	0	0	0	0	0	0	0	0	0	0	0	0	0	0	0	0	0	0	0	0	0	0	0	0	0	0	0	0	78	0	4000	3172	9026	640	0	0	310	0	0	0	0	0	0	0	0	0	0	0	0	0	0	0	0	0	0	0	0	0	0	0	0	0	0	0	0	0	0	0	0	0	0	0	0	0	0	0	
371236	Cingulum_Ant_R	210	0	4450	27938	224	3824	256	456	0	0	0	136	590	5172	0	1352	236	0	7846	11686	2546	2814	9638	29248	1554	5910	820	1902	1502	2188	15044	0	1170	19902	0	0	0	0	0	0	0	0	0	0	0	0	0	0	0	0	0	0	0	0	0	0	76	0	0	0	0	0	0	0	0	0	0	0	118	0	1918	12722	1508	8524	0	2054	0	0	0	0	84	0	0	0	0	0	0	0	0	0	0	0	0	0	0	0	0	0	0	0	0	0	0	0	0	0	0	0	0	0	0	0	0	0	0	0	
147544	Cingulum_Mid_L	1818	0	10830	684	278	0	5316	0	0	0	156	0	3440	100	320	0	82	0	9090	1902	0	0	4460	442	0	0	0	0	2042	0	2774	1170	0	6284	1714	700	0	0	0	0	0	0	0	0	474	690	0	0	1726	280	2086	82	0	0	374	0	0	0	1814	0	106	0	0	0	0	120	5036	1376	4414	118	116	230	498	0	0	0	0	0	0	0	0	0	0	0	466	0	0	0	164	0	0	0	0	0	0	0	0	0	0	0	0	0	0	0	0	0	0	0	0	0	0	0	0	0	0	0	
406540	Cingulum_Mid_R	4472	0	4576	19926	206	112	314	1700	0	0	96	874	264	6310	0	700	0	0	20020	44686	0	0	6950	18194	0	0	0	0	1626	2214	5070	19902	6284	0	456	5942	0	0	0	0	0	0	0	0	0	1386	0	0	0	1226	0	266	0	0	0	92	0	1726	0	0	0	0	0	0	0	432	366	6448	5394	10330	310	884	1368	220	0	0	486	194	0	0	0	0	0	0	0	840	0	0	0	408	0	0	0	0	0	0	0	0	0	0	0	0	0	0	0	0	0	0	0	0	0	0	0	0	0	0	
72132	Cingulum_Post_L	766	0	0	0	0	0	0	0	0	0	0	0	0	0	0	0	0	0	0	0	0	0	0	0	0	0	0	0	226	0	0	0	1714	456	0	7410	4710	2570	952	320	0	0	1588	0	152	0	1104	0	0	0	352	0	0	0	1650	294	0	188	86	0	0	0	0	0	0	0	6094	818	2674	268	0	0	0	0	0	0	0	844	188	0	0	0	0	0	340	0	0	0	302	0	0	0	0	0	0	0	0	0	0	0	0	0	0	0	0	0	0	0	0	0	0	0	0	0	0	0	
147440	Cingulum_Post_R	296	120	222	0	0	0	0	0	0	0	0	0	0	0	0	0	0	0	94	2098	0	0	0	0	0	0	0	0	126	76	0	0	700	5942	7410	0	3616	4442	604	474	0	0	0	396	0	3470	0	912	0	1266	0	514	0	410	0	958	0	3446	0	688	0	318	0	228	0	696	1122	21152	1018	6602	0	0	88	0	0	0	0	572	0	0	0	310	0	0	0	2148	0	0	0	1022	0	0	0	0	0	0	0	0	0	0	0	0	0	0	0	0	0	0	0	0	164	0	0	0	0	0	
288112	Hippocampus_L	11198	0	11702	94	0	0	6722	0	0	0	3658	0	858	336	392	0	3072	0	2298	464	200	0	0	0	0	0	0	0	26990	0	72	0	0	0	4710	3616	0	3014	7468	644	7744	0	786	0	0	0	1214	0	0	0	84	0	92	0	9006	440	664	0	0	0	266	0	0	0	134	0	1606	664	798	0	80	898	12818	78	518	0	1862	2040	1630	0	2302	0	1944	0	838	0	0	0	7378	0	0	0	0	0	0	0	664	0	0	0	0	0	0	0	0	0	0	0	0	0	0	0	0	0	0	0	
237068	Hippocampus_R	0	10270	334	6784	0	0	0	174	0	0	0	374	0	486	0	0	0	292	380	6298	0	144	0	0	0	0	0	0	0	4228	0	0	0	0	2570	4442	3014	0	152	15544	0	8642	0	196	0	200	0	658	0	0	0	0	0	0	0	23830	0	840	0	0	0	80	0	94	0	72	278	2296	0	1076	0	256	0	14568	0	244	138	3966	0	166	0	822	0	1556	0	252	0	104	0	2358	0	0	0	0	0	0	0	356	0	0	0	0	0	0	0	0	0	0	0	0	0	0	0	0	0	0	
53500	ParaHippocampal_L	698	0	608	0	0	0	152	0	0	0	0	0	0	0	156	0	0	0	84	108	520	0	0	0	0	0	0	0	1612	0	0	0	0	0	952	604	7468	152	0	0	2134	0	528	0	0	0	2002	0	0	0	108	0	244	0	2998	0	0	0	0	0	0	0	0	0	0	0	874	0	0	0	0	184	2056	0	112	0	186	212	0	0	0	0	740	0	0	0	0	0	776	0	0	0	0	0	0	0	306	0	0	0	0	0	0	0	0	0	0	0	0	176	0	0	0	0	0	0	
114728	ParaHippocampal_R	0	1108	0	1518	0	0	0	0	0	0	0	88	0	242	0	0	0	0	0	1388	0	84	0	0	0	0	0	0	0	958	0	0	0	0	320	474	644	15544	0	0	0	5778	0	940	0	92	0	2168	0	0	0	0	0	0	0	14852	0	150	0	0	0	0	0	0	0	0	0	1836	0	0	0	0	0	4556	0	124	126	1602	0	0	0	0	0	1354	0	0	0	638	0	236	0	0	0	0	0	106	0	346	0	0	0	0	0	0	0	0	0	0	0	0	92	0	0	0	0	0	
43916	Amygdala_L	0	0	0	0	106	0	0	0	0	0	0	0	0	0	222	0	0	0	0	0	646	0	0	0	0	0	0	0	3136	0	0	0	0	0	0	0	7744	0	2134	0	0	0	0	0	0	0	0	0	0	0	0	0	0	0	3226	0	0	0	0	0	0	0	0	0	0	0	0	0	0	0	0	0	1342	0	0	0	0	0	0	0	148	0	1512	0	0	0	0	0	1742	0	0	0	0	0	0	0	0	0	0	0	0	0	0	0	0	0	0	0	0	0	0	0	0	0	0	0	
53924	Amygdala_R	0	0	0	260	0	0	0	0	0	0	0	0	0	0	0	0	0	0	0	252	0	276	0	0	0	0	0	0	0	1236	0	0	0	0	0	0	0	8642	0	5778	0	0	0	0	0	0	0	0	0	0	0	0	0	0	0	5682	0	0	0	0	0	0	0	0	0	0	0	0	0	0	0	0	0	1902	0	0	0	0	0	0	0	0	0	2600	0	0	0	172	0	162	0	0	0	0	0	0	0	0	0	0	0	0	0	0	0	0	0	0	0	0	0	0	0	0	0	0	
167728	Calcarine_L	0	0	0	0	0	0	0	0	0	0	0	0	0	0	0	0	0	0	0	0	0	0	0	0	0	0	0	0	0	0	0	0	0	0	1588	0	786	0	528	0	0	0	0	3714	11266	2904	10012	1638	8156	1204	18590	248	3956	144	2506	628	0	0	0	0	0	0	0	0	0	0	9954	128	0	0	0	0	0	0	0	0	0	0	0	0	0	0	0	0	1562	0	0	0	678	0	106	180	0	0	0	0	214	938	262	646	0	0	0	0	0	0	0	0	0	0	1246	82	0	0	0	0	
256732	Calcarine_R	0	0	0	0	0	0	0	0	0	0	0	0	0	0	0	0	0	0	0	0	0	0	0	0	0	0	0	0	0	0	0	0	0	0	0	396	0	196	0	940	0	0	3714	0	1916	23776	758	26404	108	17780	0	10588	0	7336	0	10792	0	0	0	1388	0	0	0	0	0	260	462	10562	0	0	0	0	0	0	0	0	0	0	0	0	0	0	0	0	0	4458	0	0	0	5144	0	130	0	0	0	0	0	0	0	612	0	0	0	0	0	0	0	0	0	0	0	646	0	0	0	0	
180964	Cuneus_L	166	0	0	0	0	0	0	0	0	0	0	0	0	0	0	0	96	0	94	0	0	0	0	0	0	0	0	0	0	0	0	0	474	0	152	0	0	0	0	0	0	0	11266	1916	0	3714	992	290	18296	166	17538	0	1402	0	1530	0	480	0	2702	0	1388	0	0	0	1140	0	18042	392	800	0	0	0	0	0	0	0	0	0	0	0	228	0	0	0	6124	0	0	0	976	0	0	0	0	0	0	0	0	0	118	0	0	0	0	0	0	0	0	0	0	0	0	0	0	0	0	0	
260972	Cuneus_R	0	74	0	0	0	0	0	0	0	0	0	0	0	0	0	0	0	0	0	134	0	0	0	0	0	0	0	0	0	0	0	0	690	1386	0	3470	0	200	0	92	0	0	2904	23776	3714	0	124	7452	388	33242	0	7264	0	636	0	654	0	274	0	7176	0	296	0	0	0	3002	1736	21460	0	374	0	0	0	0	0	0	0	0	0	0	0	192	0	0	0	6620	0	0	0	3156	0	0	0	0	0	0	0	0	0	0	0	0	0	0	0	0	0	0	0	0	0	0	0	0	0	0	
195092	Lingual_L	0	0	0	0	0	0	0	0	0	0	0	0	0	0	0	0	0	0	0	0	0	0	0	0	0	0	0	0	0	0	0	0	0	0	1104	0	1214	0	2002	0	0	0	10012	758	992	124	0	1800	2284	0	11404	0	6676	170	16006	948	0	0	0	0	0	0	0	0	0	0	5592	0	0	0	0	0	0	0	0	0	0	0	0	0	0	0	0	0	536	0	0	0	2082	0	6250	724	560	0	0	0	7212	1218	11376	1458	0	0	0	0	0	0	0	0	0	0	2588	1464	992	0	0	0	
261868	Lingual_R	0	0	0	0	0	0	0	0	0	0	0	0	0	0	0	0	0	0	0	0	0	0	0	0	0	0	0	0	0	0	0	0	0	0	0	912	0	658	0	2168	0	0	1638	26404	290	7452	1800	0	0	5866	0	3390	0	5512	418	21010	0	0	0	90	0	0	0	0	0	0	404	8246	0	0	0	0	0	0	0	0	0	102	0	0	0	0	0	0	0	782	0	0	0	2418	348	6150	0	0	0	0	1758	6660	2096	11118	0	0	0	0	118	0	0	0	0	0	6554	5420	1018	0	0	134	
156896	Occipital_Sup_L	0	0	0	0	0	0	0	0	0	0	0	0	0	0	0	0	0	0	0	0	0	0	0	0	0	0	0	0	0	0	0	0	1726	0	0	0	0	0	0	0	0	0	8156	108	18296	388	2284	0	0	0	24454	0	1068	0	620	0	0	0	7216	0	660	0	0	0	632	0	9862	258	428	0	0	0	0	0	0	0	0	0	0	0	0	0	0	0	2078	0	0	0	214	0	0	0	0	0	0	0	0	0	0	0	0	0	0	0	0	0	0	0	0	0	0	0	0	0	0	0	
263184	Occipital_Sup_R	0	170	0	0	0	0	0	0	0	0	0	0	0	0	0	0	0	0	0	0	0	0	0	0	0	0	0	0	0	74	0	0	280	1226	0	1266	0	0	0	0	0	0	1204	17780	166	33242	0	5866	0	0	0	17200	0	1044	0	1002	0	310	0	10910	0	732	0	72	0	6684	610	17898	0	162	0	0	0	0	0	0	0	0	0	0	0	184	0	0	0	8962	0	0	0	4548	0	0	0	0	0	0	0	0	0	0	0	0	0	0	0	0	0	0	0	0	0	0	0	0	0	0	
410696	Occipital_Mid_L	1224	0	112	0	0	0	116	0	0	0	0	0	0	0	0	0	936	0	0	0	0	0	0	0	0	0	0	0	352	0	0	0	2086	0	352	0	84	0	108	0	0	0	18590	0	17538	0	11404	0	24454	0	0	0	22814	0	10542	0	3092	0	14582	0	14016	0	562	0	15140	0	16854	0	3426	0	0	0	0	0	0	0	0	0	382	0	1608	0	0	0	21330	0	0	0	2856	0	0	0	0	0	0	0	0	0	788	0	0	0	0	0	0	0	0	0	0	0	0	0	0	0	0	0	
173736	Occipital_Mid_R	0	0	0	0	0	0	0	0	0	0	0	0	0	0	0	0	0	0	0	0	0	0	0	0	0	0	0	0	0	0	0	0	82	266	0	514	0	0	0	0	0	0	248	10588	0	7264	0	3390	0	17200	0	0	0	4044	0	1788	0	0	0	4756	0	3100	0	0	0	11510	0	4294	0	88	0	0	0	0	0	0	0	0	0	0	0	80	0	0	0	13432	0	0	0	3366	0	0	0	0	0	0	0	0	0	434	0	0	0	0	0	0	0	0	0	0	0	424	0	0	0	0	
120300	Occipital_Inf_L	0	0	0	0	0	0	0	0	0	0	0	0	0	0	0	0	0	0	0	0	0	0	0	0	0	0	0	0	0	0	0	0	0	0	0	0	92	0	244	0	0	0	3956	0	1402	0	6676	0	1068	0	22814	0	0	0	14272	0	0	0	0	0	0	0	0	0	132	0	1664	0	0	0	0	0	0	0	0	0	0	0	0	0	0	0	0	0	3526	0	0	0	3076	0	250	0	0	0	0	0	0	0	978	0	0	0	0	0	0	0	0	0	0	0	0	0	0	0	0	0	
91004	Occipital_Inf_R	0	0	0	0	0	0	0	0	0	0	0	0	0	0	0	0	0	0	0	0	0	0	0	0	0	0	0	0	0	0	0	0	0	0	0	410	0	0	0	0	0	0	144	7336	0	636	170	5512	0	1044	0	4044	0	0	0	6548	0	0	0	0	0	0	0	0	0	190	0	2890	0	0	0	0	0	0	0	0	0	0	0	0	0	0	0	0	0	1724	0	0	0	8746	0	228	0	0	0	0	148	682	412	2130	0	0	0	0	0	0	0	0	0	0	1056	1186	266	0	0	0	
322684	Fusiform_L	240	0	290	0	0	0	0	0	0	0	98	0	0	0	96	0	804	0	0	0	0	0	0	0	0	0	0	0	2666	0	0	0	374	0	1650	0	9006	0	2998	0	3226	0	2506	0	1530	0	16006	418	620	0	10542	0	14272	0	0	268	172	0	0	0	408	0	1032	0	314	0	5224	0	610	0	0	0	374	0	0	0	112	0	1410	0	3290	0	492	0	3354	0	0	0	16490	0	18648	132	808	0	188	0	11282	492	25818	300	254	0	128	0	0	0	0	0	0	0	1942	280	178	0	0	0	
363328	Fusiform_R	0	1406	112	2934	0	0	0	88	0	0	0	196	0	294	0	0	0	120	116	3102	0	0	0	0	0	0	0	0	0	3008	0	0	0	92	294	958	440	23830	0	14852	0	5682	628	10792	0	654	948	21010	0	1002	0	1788	0	6548	268	0	0	194	0	0	0	0	0	0	0	0	0	4574	0	514	0	72	0	9520	0	108	0	932	0	298	0	2196	0	3100	0	1368	0	724	0	11000	248	10110	0	112	0	0	962	7380	1556	15542	0	0	0	0	0	0	0	0	0	0	5316	4030	646	0	0	0	
267328	Postcentral_L	27596	0	8458	314	0	0	3402	560	0	0	2712	0	570	254	0	0	7270	0	1758	406	0	0	0	116	0	0	0	0	4956	0	0	76	0	0	0	0	664	0	0	0	0	0	0	0	480	0	0	0	0	0	3092	0	0	0	172	0	0	0	7620	0	21596	0	13170	0	5232	0	3242	0	5836	0	142	1608	288	146	0	0	74	1164	3332	0	4812	0	0	0	1436	0	0	0	1110	0	0	0	0	0	0	0	0	0	0	0	0	0	0	0	0	0	0	0	0	0	0	0	0	0	0	0	
180008	Postcentral_R	290	20024	1222	1556	0	0	0	1082	0	0	0	4248	0	0	0	0	0	2886	1274	4420	0	0	0	0	0	0	0	0	0	2858	0	0	0	1726	188	3446	0	840	0	150	0	0	0	0	0	274	0	0	0	310	0	0	0	0	0	194	0	0	0	5240	0	6862	0	11736	0	702	108	4422	692	7862	176	268	198	1986	78	0	0	838	0	318	0	594	0	0	0	756	0	0	0	180	0	0	0	0	0	0	0	0	0	0	0	0	0	0	0	0	0	0	0	0	0	0	0	0	0	0	
148908	Parietal_Sup_L	1334	0	0	0	0	0	86	0	0	0	0	0	0	0	0	0	124	0	0	0	0	0	0	0	0	0	0	0	0	0	0	0	1814	0	86	0	0	0	0	0	0	0	0	0	2702	0	0	0	7216	0	14582	0	0	0	0	0	7620	0	0	0	15904	0	274	0	5882	0	13974	288	2244	0	0	0	0	0	0	0	0	0	0	0	88	0	0	0	236	0	0	0	0	0	0	0	0	0	0	0	0	0	0	0	0	0	0	0	0	0	0	0	0	0	0	0	0	0	0	0	
115712	Parietal_Sup_R	0	382	0	0	0	0	0	0	0	0	0	180	0	0	0	0	0	0	0	0	0	0	0	0	0	0	0	0	0	82	0	0	0	0	0	688	0	0	0	0	0	0	0	1388	0	7176	0	90	0	10910	0	4756	0	0	0	0	0	5240	0	0	0	4008	0	614	0	5620	504	13158	0	570	0	0	0	0	0	0	0	0	0	0	0	0	0	0	0	1514	0	0	0	976	0	0	0	0	0	0	0	0	0	0	0	0	0	0	0	0	0	0	0	0	0	0	0	0	0	0	
291864	Parietal_Inf_L	7308	0	1222	0	0	0	1230	496	0	0	1556	0	308	148	0	0	1064	0	324	0	0	0	0	0	0	0	0	0	1890	0	0	0	106	0	0	0	266	0	0	0	0	0	0	0	1388	0	0	0	660	0	14016	0	0	0	408	0	21596	0	15904	0	0	0	21354	0	29960	0	2500	0	2838	0	152	302	110	0	0	0	0	102	1204	0	4292	0	0	0	8376	0	0	0	4852	0	0	0	0	0	0	0	0	0	0	0	0	0	0	0	0	0	0	0	0	0	0	0	0	0	0	0	
99500	Parietal_Inf_R	0	3402	154	0	0	0	0	786	0	0	0	712	0	0	0	0	0	114	154	0	0	0	0	0	0	0	0	0	0	184	0	0	0	0	0	318	0	80	0	0	0	0	0	0	0	296	0	0	0	732	0	3100	0	0	0	0	0	6862	0	4008	0	0	0	12050	0	12200	0	906	0	0	0	0	0	0	0	0	0	0	0	0	0	488	0	0	0	2014	0	0	0	1190	0	0	0	0	0	0	0	0	0	0	0	0	0	0	0	0	0	0	0	0	0	0	0	0	0	0	
120772	SupraMarginal_L	2580	0	222	0	0	0	0	0	0	0	0	0	0	0	0	0	1196	0	128	0	0	0	0	0	0	0	0	0	504	0	0	0	0	0	0	0	0	0	0	0	0	0	0	0	0	0	0	0	0	0	562	0	0	0	1032	0	13170	0	274	0	21354	0	0	0	7702	0	120	0	1808	0	0	0	0	0	0	0	0	0	590	0	6362	0	0	0	1646	0	0	0	1136	0	0	0	0	0	0	0	0	0	0	0	0	0	0	0	0	0	0	0	0	0	0	0	0	0	0	0	
120052	SupraMarginal_R	0	7500	364	522	0	0	0	1300	0	0	0	1468	0	0	0	0	0	1340	368	446	0	0	0	0	0	0	0	0	0	486	0	0	0	0	0	228	0	94	0	0	0	0	0	0	0	0	0	0	0	72	0	0	0	0	0	0	0	11736	0	614	0	12050	0	0	0	7962	0	164	0	238	84	150	0	0	0	0	0	120	0	210	0	5232	0	0	0	5698	0	0	0	1580	0	0	0	0	0	0	0	0	0	0	0	0	0	0	0	0	0	0	0	0	0	0	0	0	0	0	
200852	Angular_L	5080	0	368	0	0	0	230	0	0	0	442	0	0	0	0	0	1200	0	96	0	0	0	0	0	0	0	0	0	1416	0	0	0	0	0	0	0	134	0	0	0	0	0	0	0	1140	0	0	0	632	0	15140	0	132	0	314	0	5232	0	5882	0	29960	0	7702	0	0	0	1442	0	810	0	0	0	0	0	0	0	0	0	1358	0	4070	0	0	0	12082	0	0	0	5564	0	0	0	0	0	0	0	0	0	0	0	0	0	0	0	0	0	0	0	0	0	0	0	0	0	0	0	
160236	Angular_R	0	240	0	0	0	0	0	0	0	0	0	138	0	0	0	0	0	0	0	120	0	0	0	0	0	0	0	0	0	72	0	0	120	432	0	696	0	72	0	0	0	0	0	260	0	3002	0	0	0	6684	0	11510	0	190	0	0	0	702	0	5620	0	12200	0	7962	0	0	0	4496	0	232	0	0	0	0	0	0	0	0	0	0	0	4836	0	0	0	13406	0	0	0	7128	0	0	0	0	0	0	0	0	0	0	0	0	0	0	0	0	0	0	0	0	0	0	0	0	0	0	
258164	Precuneus_L	482	0	0	0	0	0	0	0	0	0	0	0	0	0	0	0	118	0	144	98	0	0	0	0	0	0	0	0	104	0	0	0	5036	366	6094	1122	1606	278	874	0	0	0	9954	462	18042	1736	5592	404	9862	610	16854	0	1664	0	5224	0	3242	108	13974	504	2500	0	120	0	1442	0	0	4460	5784	224	0	0	0	0	0	0	0	0	0	0	250	0	0	0	7264	474	0	0	1874	0	0	0	0	0	0	0	0	0	136	0	0	0	0	0	0	0	0	0	0	0	0	0	0	0	0	0	
315876	Precuneus_R	0	396	0	0	0	0	0	0	0	0	0	124	0	0	0	0	0	0	0	944	0	0	0	0	0	0	0	0	0	146	0	0	1376	6448	818	21152	664	2296	0	1836	0	0	128	10562	392	21460	0	8246	258	17898	0	4294	0	2890	0	4574	0	4422	288	13158	0	906	0	164	0	4496	4460	0	460	5052	0	0	0	0	0	0	0	264	0	0	0	208	0	0	0	9510	0	0	0	7214	0	0	0	0	0	0	0	122	0	0	0	0	0	0	0	0	0	0	0	0	312	0	0	0	0	0	
232448	Paracentral_Lobule_L	22956	100	6514	456	0	72	0	0	0	0	586	0	106	74	0	0	514	0	17510	10914	0	0	0	120	0	0	0	0	2402	0	78	118	4414	5394	2674	1018	798	0	0	0	0	0	0	0	800	0	0	0	428	0	3426	0	0	0	610	0	5836	692	2244	0	2838	0	1808	0	810	0	5784	460	0	4402	288	390	2612	134	1370	0	744	222	342	0	452	0	0	0	1928	0	0	0	786	0	0	0	0	0	0	0	0	0	0	0	0	0	0	0	0	0	0	0	0	0	0	0	0	0	0	0	
131772	Paracentral_Lobule_R	2912	2716	500	214	0	0	0	0	0	0	0	0	0	0	0	0	0	0	538	16926	0	0	0	0	0	0	0	0	328	266	0	0	118	10330	268	6602	0	1076	0	0	0	0	0	0	0	374	0	0	0	162	0	88	0	0	0	514	0	7862	0	570	0	0	0	238	0	232	224	5052	4402	0	112	370	322	0	0	0	236	522	0	0	0	544	0	0	0	1156	0	0	0	112	0	0	0	0	0	0	0	0	0	0	0	0	0	0	0	0	0	0	0	0	0	0	0	0	0	0	
207832	Caudate_L	596	1926	2574	2038	1854	3374	0	500	720	0	602	190	3932	5530	580	1228	94	78	2360	3368	7956	7510	272	222	354	378	4060	3598	7410	646	4000	1918	116	310	0	0	80	0	0	0	0	0	0	0	0	0	0	0	0	0	0	0	0	0	0	0	142	176	0	0	152	0	0	84	0	0	0	0	288	112	0	14672	8624	292	984	0	5510	2310	0	0	0	0	196	0	0	0	0	0	0	0	0	0	0	0	0	0	0	0	0	0	0	0	0	0	0	0	0	0	0	0	0	0	0	0	0	0	
566128	Caudate_R	2560	3668	13026	23556	880	6852	358	5802	122	92	690	6722	3826	25354	322	1356	1226	1600	9360	23694	2528	3718	544	8800	1008	5358	758	2766	12810	13880	3172	12722	230	884	0	0	898	256	184	0	0	0	0	0	0	0	0	0	0	0	0	0	0	0	0	72	1608	268	0	0	302	0	0	150	0	0	0	0	390	370	14672	0	11960	22094	2180	3658	1230	21902	0	0	340	76	210	0	0	0	0	0	0	0	0	0	0	0	0	0	0	0	0	0	0	0	0	0	0	0	0	0	0	0	0	0	0	0	0	0	
442452	Putamen_L	12900	1666	32362	2390	9656	1498	4804	376	2496	0	1834	146	1764	2304	3686	510	1198	0	9152	6356	2160	2210	2570	1080	302	560	1294	1170	38954	110	9026	1508	498	1368	0	88	12818	0	2056	0	1342	0	0	0	0	0	0	0	0	0	0	0	0	0	374	0	288	198	0	0	110	0	0	0	0	0	0	0	2612	322	8624	11960	0	1316	8876	450	5906	3040	192	0	530	0	1346	0	94	0	0	0	776	0	0	0	0	0	0	0	0	0	0	0	0	0	0	0	0	0	0	0	0	0	0	0	0	0	0	0	
410832	Putamen_R	328	9276	4124	28318	0	7298	0	1084	0	270	0	5378	126	2924	0	834	500	4042	2474	22982	0	80	156	8448	498	5358	0	594	1662	23424	640	8524	0	220	0	0	78	14568	0	4556	0	1902	0	0	0	0	0	0	0	0	0	0	0	0	0	9520	146	1986	0	0	0	0	0	0	0	0	0	0	134	0	292	22094	1316	0	0	5058	0	1762	0	260	190	704	102	468	0	0	0	0	0	638	0	0	0	0	0	0	0	80	0	0	0	0	0	0	0	0	0	0	0	0	0	0	0	0	0	0	
61464	Pallidum_L	2934	236	4990	446	0	0	138	0	0	0	0	0	0	0	0	0	0	0	2112	1658	0	0	0	0	0	0	0	0	214	0	0	0	0	0	0	0	518	0	112	0	0	0	0	0	0	0	0	0	0	0	0	0	0	0	0	0	0	78	0	0	0	0	0	0	0	0	0	0	1370	0	984	2180	8876	0	0	0	1714	2172	0	0	0	0	0	0	0	0	0	0	0	0	0	0	0	0	0	0	0	0	0	0	0	0	0	0	0	0	0	0	0	0	0	0	0	0	0	0	
47808	Pallidum_R	100	1100	718	3524	0	198	0	0	0	0	0	72	0	210	0	86	196	0	110	2720	0	0	0	1972	0	78	0	0	504	394	0	2054	0	0	0	0	0	244	0	124	0	0	0	0	0	0	0	0	0	0	0	0	0	0	0	108	0	0	0	0	0	0	0	0	0	0	0	0	0	0	0	3658	450	5058	0	0	0	152	0	0	74	0	0	0	0	0	0	0	0	0	0	0	0	0	0	0	0	0	0	0	0	0	0	0	0	0	0	0	0	0	0	0	0	0	0	0	
97200	Thalamus_L	7786	386	8408	1056	314	0	276	0	0	0	218	0	0	150	0	0	972	0	496	2428	0	0	0	0	0	0	0	0	6266	0	310	0	0	486	0	0	1862	138	186	126	0	0	0	0	0	0	0	0	0	0	0	0	0	0	112	0	74	0	0	0	0	0	0	0	0	0	0	0	744	236	5510	1230	5906	0	1714	0	0	1100	0	0	110	0	0	0	0	0	0	0	0	0	0	0	0	0	0	0	0	0	0	0	0	0	0	0	0	0	0	0	0	0	0	0	0	0	0	0	
182516	Thalamus_R	1928	16890	1892	12802	0	0	110	0	0	0	84	0	88	404	0	0	0	74	1844	8328	0	0	0	0	0	0	0	0	594	86	0	0	0	194	844	572	2040	3966	212	1602	0	0	0	0	0	0	0	102	0	0	0	0	0	0	0	932	1164	838	0	0	102	0	0	120	0	0	0	264	222	522	2310	21902	3040	1762	2172	152	1100	0	0	0	0	0	0	0	0	0	0	0	0	0	0	0	0	0	0	0	0	0	0	0	0	0	0	0	0	0	0	0	0	0	0	0	0	0	0	0	
72880	Heschl_L	3056	0	1042	0	0	0	622	0	0	0	672	0	0	0	0	0	4256	0	0	0	0	0	0	0	0	0	0	0	8364	0	0	0	0	0	188	0	1630	0	0	0	0	0	0	0	0	0	0	0	0	0	382	0	0	0	1410	0	3332	0	0	0	1204	0	590	0	1358	0	0	0	342	0	0	0	192	0	0	0	0	0	0	0	4052	0	0	0	1896	0	0	0	1852	0	0	0	0	0	0	0	0	0	0	0	0	0	0	0	0	0	0	0	0	0	0	0	0	0	0	0	
41188	Heschl_R	0	1144	0	1298	0	0	0	0	0	0	0	174	0	0	0	0	0	4152	0	1156	0	0	0	0	0	0	0	0	0	2220	0	0	0	0	0	0	0	166	0	0	0	0	0	0	0	0	0	0	0	0	0	0	0	0	0	298	0	318	0	0	0	0	0	210	0	0	0	0	0	0	0	0	0	260	0	0	0	0	0	0	0	6866	0	96	0	1972	0	0	0	264	0	0	0	0	0	0	0	0	0	0	0	0	0	0	0	0	0	0	0	0	0	0	0	0	0	0	
169868	Temporal_Sup_L	954	0	1782	186	0	0	116	0	0	0	980	0	0	164	0	0	7224	0	0	0	0	0	0	146	0	0	0	0	6260	0	0	84	0	0	0	0	2302	0	0	0	148	0	0	0	228	0	0	0	0	0	1608	0	0	0	3290	0	4812	0	88	0	4292	0	6362	0	4070	0	250	0	452	0	0	340	530	190	0	74	110	0	4052	0	0	0	3590	0	20392	0	0	0	9660	0	0	0	0	0	0	0	198	0	0	0	0	0	0	0	0	0	0	0	0	0	0	0	0	0	0	0	
109220	Temporal_Sup_R	0	832	0	958	0	0	0	0	0	0	0	168	0	0	0	202	0	3130	0	1116	0	0	0	0	0	0	0	0	0	3892	0	0	0	0	0	310	0	822	0	0	0	0	0	0	0	192	0	0	0	184	0	80	0	0	0	2196	0	594	0	0	0	488	0	5232	0	4836	0	208	0	544	0	76	0	704	0	0	0	0	0	6866	0	0	0	2640	0	14698	0	0	0	3642	0	0	0	0	0	0	0	0	0	0	0	0	0	0	0	0	0	0	0	0	0	0	0	0	0	0	
72384	Temporal_Pole_Sup_L	138	0	1172	108	1038	0	86	0	622	0	1080	0	434	96	2858	0	1018	0	0	0	1650	0	0	76	0	0	86	0	7124	0	0	0	0	0	0	0	1944	0	740	0	1512	0	0	0	0	0	0	0	0	0	0	0	0	0	492	0	0	0	0	0	0	0	0	0	0	0	0	0	0	0	196	210	1346	102	0	0	0	0	0	0	3590	0	0	0	3936	0	1714	0	2824	0	0	0	0	0	0	0	0	0	0	0	0	0	0	0	0	0	0	0	0	0	0	0	0	0	0	0	
36088	Temporal_Pole_Sup_R	0	0	0	0	0	0	0	0	0	0	0	0	0	0	0	232	0	192	0	0	0	0	0	0	0	0	0	0	0	496	0	0	0	0	0	0	0	1556	0	1354	0	2600	0	0	0	0	0	0	0	0	0	0	0	0	0	3100	0	0	0	0	0	0	0	0	0	0	0	0	0	0	0	0	0	468	0	0	0	0	0	96	0	2640	0	0	0	1738	0	1916	0	1656	0	0	0	0	0	0	0	0	0	0	0	0	0	0	0	0	0	0	0	0	0	0	0	0	0	0	
250960	Temporal_Mid_L	312	0	116	0	0	0	0	0	0	0	0	0	0	0	0	0	1970	0	0	0	0	0	0	0	0	0	0	0	1590	0	0	0	466	0	340	0	838	0	0	0	0	0	1562	0	6124	0	536	0	2078	0	21330	0	3526	0	3354	0	1436	0	236	0	8376	0	1646	0	12082	0	7264	0	1928	0	0	0	94	0	0	0	0	0	1896	0	20392	0	3936	0	0	0	1364	0	20516	0	0	0	0	0	0	0	0	0	172	0	0	0	0	0	0	0	0	0	0	0	0	0	0	0	0	0	
249076	Temporal_Mid_R	0	282	0	114	0	0	0	0	0	0	0	0	0	0	0	0	0	308	0	446	0	0	0	0	0	0	0	0	0	802	0	0	0	840	0	2148	0	252	0	0	0	0	0	4458	0	6620	0	782	0	8962	0	13432	0	1724	0	1368	0	756	0	1514	0	2014	0	5698	0	13406	474	9510	0	1156	0	0	0	0	0	0	0	0	0	1972	0	14698	0	1738	0	0	0	652	0	28412	0	0	0	0	0	0	0	0	0	0	0	0	0	0	0	0	0	0	0	0	0	0	0	0	0	0	
9404	Temporal_Pole_Mid_L	0	0	0	0	0	0	0	0	0	0	0	0	0	0	0	0	0	0	0	0	0	0	0	0	0	0	0	0	0	0	0	0	0	0	0	0	0	0	0	0	0	0	0	0	0	0	0	0	0	0	0	0	0	0	0	0	0	0	0	0	0	0	0	0	0	0	0	0	0	0	0	0	0	0	0	0	0	0	0	0	0	0	1714	0	1364	0	0	0	1624	0	0	0	0	0	0	0	0	0	0	0	0	0	0	0	0	0	0	0	0	0	0	0	0	0	0	0	
9144	Temporal_Pole_Mid_R	0	0	0	0	0	0	0	0	0	0	0	0	0	0	0	0	0	0	0	0	0	0	0	0	0	0	0	0	0	0	0	0	0	0	0	0	0	104	0	638	0	172	0	0	0	0	0	0	0	0	0	0	0	0	0	724	0	0	0	0	0	0	0	0	0	0	0	0	0	0	0	0	0	0	0	0	0	0	0	0	0	0	0	1916	0	652	0	0	0	366	0	0	0	0	0	0	0	0	0	0	0	0	0	0	0	0	0	0	0	0	0	0	0	0	0	0	
199364	Temporal_Inf_L	470	0	290	0	0	0	0	0	0	0	138	0	0	0	0	0	746	0	0	0	0	0	0	0	0	0	0	0	3336	0	0	0	164	0	302	0	7378	0	776	0	1742	0	678	0	976	0	2082	0	214	0	2856	0	3076	0	16490	0	1110	0	0	0	4852	0	1136	0	5564	0	1874	0	786	0	0	0	776	0	0	0	0	0	1852	0	9660	0	2824	0	20516	0	1624	0	0	0	2102	0	218	0	0	0	1722	0	914	0	324	0	114	0	0	0	0	0	0	0	0	0	0	0	0	0	
199392	Temporal_Inf_R	0	346	0	264	0	0	0	0	0	0	0	0	0	0	0	0	0	144	0	290	0	0	0	0	0	0	0	0	0	1112	0	0	0	408	0	1022	0	2358	0	236	0	162	0	5144	0	3156	0	2418	0	4548	0	3366	0	8746	0	11000	0	180	0	976	0	1190	0	1580	0	7128	0	7214	0	112	0	0	0	638	0	0	0	0	0	264	0	3642	0	1656	0	28412	0	366	0	0	0	1252	0	0	0	0	0	0	0	288	0	0	0	0	0	0	0	0	0	0	0	78	0	0	0	0	
479264	Cerebelum_Crus1_L	0	0	0	0	0	0	0	0	0	0	0	0	0	0	0	0	0	0	0	0	0	0	0	0	0	0	0	0	0	0	0	0	0	0	0	0	0	0	0	0	0	0	106	0	0	0	6250	348	0	0	0	0	250	0	18648	248	0	0	0	0	0	0	0	0	0	0	0	0	0	0	0	0	0	0	0	0	0	0	0	0	0	0	0	0	0	0	0	0	2102	0	0	7594	35284	7616	1686	244	20698	1036	62852	5896	18274	152	14408	2026	5602	396	984	0	174	322	3228	8622	13100	524	690	272	
350972	Cerebelum_Crus1_R	0	0	0	0	0	0	0	0	0	0	0	0	0	0	0	0	0	0	0	0	0	0	0	0	0	0	0	0	0	0	0	0	0	0	0	0	0	0	0	0	0	0	180	130	0	0	724	6150	0	0	0	0	0	228	132	10110	0	0	0	0	0	0	0	0	0	0	0	0	0	0	0	0	0	0	0	0	0	0	0	0	0	0	0	0	0	0	0	0	0	1252	7594	0	3162	26238	76	2402	852	15796	5884	46600	656	5238	848	12780	464	982	0	720	278	660	6626	8740	9292	294	324	74	
303400	Cerebelum_Crus2_L	0	0	0	0	0	0	0	0	0	0	0	0	0	0	0	0	0	0	0	0	0	0	0	0	0	0	0	0	0	0	0	0	0	0	0	0	0	0	0	0	0	0	0	0	0	0	560	0	0	0	0	0	0	0	808	0	0	0	0	0	0	0	0	0	0	0	0	0	0	0	0	0	0	0	0	0	0	0	0	0	0	0	0	0	0	0	0	0	218	0	35284	3162	0	14572	100	0	1934	0	6106	302	36712	1694	25736	1066	4066	0	938	0	0	0	72	864	15184	2226	96	0	
280668	Cerebelum_Crus2_R	0	0	0	0	0	0	0	0	0	0	0	0	0	0	0	0	0	0	0	0	0	0	0	0	0	0	0	0	0	0	0	0	0	0	0	0	0	0	0	0	0	0	0	0	0	0	0	0	0	0	0	0	0	0	0	112	0	0	0	0	0	0	0	0	0	0	0	0	0	0	0	0	0	0	0	0	0	0	0	0	0	0	0	0	0	0	0	0	0	0	7616	26238	14572	0	0	192	104	560	1078	3642	10738	17244	8184	23072	1488	1048	76	394	0	0	108	926	18504	3760	552	126	
26076	Cerebelum_3_L	0	0	0	0	0	0	0	0	0	0	0	0	0	0	0	0	0	0	0	0	0	0	0	0	0	0	0	0	0	0	0	0	0	0	0	0	0	0	0	0	0	0	0	0	0	0	0	0	0	0	0	0	0	0	188	0	0	0	0	0	0	0	0	0	0	0	0	0	0	0	0	0	0	0	0	0	0	0	0	0	0	0	0	0	0	0	0	0	0	0	1686	76	100	0	0	168	5826	156	2288	258	0	0	0	0	182	0	0	0	354	818	840	98	0	0	0	0	
40340	Cerebelum_3_R	0	0	0	0	0	0	0	0	0	0	0	0	0	0	0	0	0	0	0	0	0	0	0	0	0	0	0	0	0	0	0	0	0	0	0	0	0	0	0	106	0	0	0	0	0	0	0	0	0	0	0	0	0	0	0	0	0	0	0	0	0	0	0	0	0	0	0	0	0	0	0	0	0	0	0	0	0	0	0	0	0	0	0	0	0	0	0	0	0	0	244	2402	0	192	168	0	486	3002	358	4522	0	0	0	162	98	422	0	0	224	3844	1992	846	150	380	572	0	
230884	Cerebelum_4_5_L	0	0	0	0	0	0	0	0	0	0	0	0	0	0	0	0	0	0	0	0	0	0	0	0	0	0	0	0	250	0	0	0	0	0	0	0	664	0	306	0	0	0	214	0	0	0	7212	1758	0	0	0	0	0	148	11282	962	0	0	0	0	0	0	0	0	0	0	0	0	0	0	0	0	0	0	0	0	0	0	0	0	198	0	0	0	0	0	0	0	1722	0	20698	852	1934	104	5826	486	0	2914	31350	2268	534	0	544	134	3918	812	94	0	452	1070	12150	2104	246	124	982	1130	
176312	Cerebelum_4_5_R	0	0	0	0	0	0	0	0	0	0	0	0	0	0	0	0	0	0	0	0	0	0	0	0	0	0	0	0	0	0	0	0	0	0	0	0	0	356	0	346	0	0	938	0	0	0	1218	6660	0	0	0	0	0	682	492	7380	0	0	0	0	0	0	0	0	0	0	0	122	0	0	0	0	0	80	0	0	0	0	0	0	0	0	0	0	0	0	0	0	0	0	1036	15796	0	560	156	3002	2914	0	2444	24946	0	0	0	490	140	458	0	0	112	816	13560	1558	452	416	604	422	
424340	Cerebelum_6_L	0	0	0	0	0	0	0	0	0	0	0	0	0	0	0	0	0	0	0	0	0	0	0	0	0	0	0	0	0	0	0	0	0	0	0	0	0	0	0	0	0	0	262	0	118	0	11376	2096	0	0	788	0	978	412	25818	1556	0	0	0	0	0	0	0	0	0	0	136	0	0	0	0	0	0	0	0	0	0	0	0	0	0	0	0	0	172	0	0	0	914	0	62852	5884	6106	1078	2288	358	31350	2444	0	8080	4344	0	3404	1222	6720	858	624	0	282	534	9452	11660	5458	552	1320	674	
345576	Cerebelum_6_R	0	0	0	0	0	0	0	0	0	0	0	0	0	0	0	0	0	0	0	0	0	0	0	0	0	0	0	0	0	0	0	0	0	0	0	0	0	0	0	0	0	0	646	612	0	0	1458	11118	0	0	0	434	0	2130	300	15542	0	0	0	0	0	0	0	0	0	0	0	0	0	0	0	0	0	0	0	0	0	0	0	0	0	0	0	0	0	0	0	0	0	288	5896	46600	302	3642	258	4522	2268	24946	8080	0	0	212	156	2572	174	1538	0	242	506	1822	14018	14242	5018	1420	1826	0	
241148	Cerebelum_7b_L	0	0	0	0	0	0	0	0	0	0	0	0	0	0	0	0	0	0	0	0	0	0	0	0	0	0	0	0	0	0	0	0	0	0	0	0	0	0	0	0	0	0	0	0	0	0	0	0	0	0	0	0	0	0	254	0	0	0	0	0	0	0	0	0	0	0	0	0	0	0	0	0	0	0	0	0	0	0	0	0	0	0	0	0	0	0	0	0	324	0	18274	656	36712	10738	0	0	534	0	4344	0	0	1666	27580	1090	4530	0	728	0	0	0	0	130	10618	2396	0	0	
103776	Cerebelum_7b_R	0	0	0	0	0	0	0	0	0	0	0	0	0	0	0	0	0	0	0	0	0	0	0	0	0	0	0	0	0	0	0	0	0	0	0	0	0	0	0	0	0	0	0	0	0	0	0	0	0	0	0	0	0	0	0	0	0	0	0	0	0	0	0	0	0	0	0	0	0	0	0	0	0	0	0	0	0	0	0	0	0	0	0	0	0	0	0	0	0	0	152	5238	1694	17244	0	0	0	0	0	212	1666	0	2246	16966	242	1630	0	0	0	0	0	0	1860	2636	102	0	
252432	Cerebelum_8_L	0	0	0	0	0	0	0	0	0	0	0	0	0	0	0	0	0	0	0	0	0	0	0	0	0	0	0	0	0	0	0	0	0	0	0	0	0	0	0	0	0	0	0	0	0	0	0	0	0	0	0	0	0	0	128	0	0	0	0	0	0	0	0	0	0	0	0	0	0	0	0	0	0	0	0	0	0	0	0	0	0	0	0	0	0	0	0	0	114	0	14408	848	25736	8184	0	0	544	0	3404	156	27580	2246	0	4552	17688	392	3678	0	0	0	0	408	10554	4710	810	76	
214520	Cerebelum_8_R	0	0	0	0	0	0	0	0	0	0	0	0	0	0	0	0	0	0	0	0	0	0	0	0	0	0	0	0	0	0	0	0	0	0	0	0	0	0	0	0	0	0	0	0	0	0	0	0	0	0	0	0	0	0	0	0	0	0	0	0	0	0	0	0	0	0	0	0	0	0	0	0	0	0	0	0	0	0	0	0	0	0	0	0	0	0	0	0	0	0	2026	12780	1066	23072	0	162	134	490	1222	2572	1090	16966	4552	0	2686	17214	180	1468	86	180	150	840	7968	6122	3968	266	
134708	Cerebelum_9_L	0	0	0	0	0	0	0	0	0	0	0	0	0	0	0	0	0	0	0	0	0	0	0	0	0	0	0	0	0	0	0	0	0	0	0	0	0	0	0	0	0	0	0	0	0	0	0	118	0	0	0	0	0	0	0	0	0	0	0	0	0	0	0	0	0	0	0	0	0	0	0	0	0	0	0	0	0	0	0	0	0	0	0	0	0	0	0	0	0	0	5602	464	4066	1488	182	98	3918	140	6720	174	4530	242	17688	2686	0	1252	4912	0	94	180	2268	1558	3962	1934	2212	866	
104344	Cerebelum_9_R	0	0	0	0	0	0	0	0	0	0	0	0	0	0	0	0	0	0	0	0	0	0	0	0	0	0	0	0	0	0	0	0	0	0	0	0	0	0	0	0	0	0	0	0	0	0	0	0	0	0	0	0	0	0	0	0	0	0	0	0	0	0	0	0	0	0	0	0	0	0	0	0	0	0	0	0	0	0	0	0	0	0	0	0	0	0	0	0	0	0	396	982	0	1048	0	422	812	458	858	1538	0	1630	392	17214	1252	0	0	1380	392	740	1764	3564	3282	4726	7260	2062	
25216	Cerebelum_10_L	0	0	0	0	0	0	0	0	0	0	0	0	0	0	0	0	0	0	0	0	0	0	0	0	0	0	0	0	0	0	0	0	0	0	0	0	0	0	0	0	0	0	0	0	0	0	0	0	0	0	0	0	0	0	0	0	0	0	0	0	0	0	0	0	0	0	0	0	0	0	0	0	0	0	0	0	0	0	0	0	0	0	0	0	0	0	0	0	0	0	984	0	938	76	0	0	94	0	624	0	728	0	3678	180	4912	0	0	0	0	0	72	0	322	0	0	0	
8996	Cerebelum_10_R	0	0	0	0	0	0	0	0	0	0	0	0	0	0	0	0	0	0	0	0	0	0	0	0	0	0	0	0	0	0	0	0	0	0	0	0	0	0	0	0	0	0	0	0	0	0	0	0	0	0	0	0	0	0	0	0	0	0	0	0	0	0	0	0	0	0	0	0	0	0	0	0	0	0	0	0	0	0	0	0	0	0	0	0	0	0	0	0	0	0	0	720	0	394	0	0	0	0	0	242	0	0	0	1468	0	1380	0	0	0	0	0	0	102	104	88	0	
14012	Vermis_1_2	0	0	0	0	0	0	0	0	0	0	0	0	0	0	0	0	0	0	0	0	0	0	0	0	0	0	0	0	0	0	0	0	0	0	0	0	0	0	0	0	0	0	0	0	0	0	0	0	0	0	0	0	0	0	0	0	0	0	0	0	0	0	0	0	0	0	0	0	0	0	0	0	0	0	0	0	0	0	0	0	0	0	0	0	0	0	0	0	0	0	174	278	0	0	354	224	452	112	282	506	0	0	0	86	94	392	0	0	0	2112	762	476	96	228	378	0	
36792	Vermis_3	0	0	0	0	0	0	0	0	0	0	0	0	0	0	0	0	0	0	0	0	0	0	0	0	0	0	0	0	0	0	0	0	0	0	0	0	0	0	176	0	0	0	0	0	0	0	0	0	0	0	0	0	0	0	0	0	0	0	0	0	0	0	0	0	0	0	0	0	0	0	0	0	0	0	0	0	0	0	0	0	0	0	0	0	0	0	0	0	0	0	322	660	0	0	818	3844	1070	816	534	1822	0	0	0	180	180	740	0	0	2112	0	2282	1126	224	570	920	0	
199764	Vermis_4_5	0	0	0	0	0	0	0	0	0	0	0	0	0	0	0	0	0	0	0	0	0	0	0	0	0	0	0	0	0	0	0	0	0	0	0	164	0	0	0	92	0	0	1246	0	0	0	2588	6554	0	0	0	0	0	1056	1942	5316	0	0	0	0	0	0	0	0	0	0	0	312	0	0	0	0	0	0	0	0	0	0	0	0	0	0	0	0	0	0	0	0	0	0	3228	6626	72	108	840	1992	12150	13560	9452	14018	0	0	0	150	2268	1764	72	0	762	2282	0	6198	112	368	2118	2472	
186360	Vermis_6	0	0	0	0	0	0	0	0	0	0	0	0	0	0	0	0	0	0	0	0	0	0	0	0	0	0	0	0	0	0	0	0	0	0	0	0	0	0	0	0	0	0	82	646	0	0	1464	5420	0	0	0	424	0	1186	280	4030	0	0	0	0	0	0	0	0	0	0	0	0	0	0	0	0	0	0	0	0	0	0	0	0	0	0	0	0	0	0	0	0	0	78	8622	8740	864	926	98	846	2104	1558	11660	14242	130	0	408	840	1558	3564	0	0	476	1126	6198	0	6088	1908	4212	3402	
253280	Vermis_7	0	0	0	0	0	0	0	0	0	0	0	0	0	0	0	0	0	0	0	0	0	0	0	0	0	0	0	0	0	0	0	0	0	0	0	0	0	0	0	0	0	0	0	0	0	0	992	1018	0	0	0	0	0	266	178	646	0	0	0	0	0	0	0	0	0	0	0	0	0	0	0	0	0	0	0	0	0	0	0	0	0	0	0	0	0	0	0	0	0	0	13100	9292	15184	18504	0	150	246	452	5458	5018	10618	1860	10554	7968	3962	3282	322	102	96	224	112	6088	0	6422	3962	564	
96168	Vermis_8	0	0	0	0	0	0	0	0	0	0	0	0	0	0	0	0	0	0	0	0	0	0	0	0	0	0	0	0	0	0	0	0	0	0	0	0	0	0	0	0	0	0	0	0	0	0	0	0	0	0	0	0	0	0	0	0	0	0	0	0	0	0	0	0	0	0	0	0	0	0	0	0	0	0	0	0	0	0	0	0	0	0	0	0	0	0	0	0	0	0	524	294	2226	3760	0	380	124	416	552	1420	2396	2636	4710	6122	1934	4726	0	104	228	570	368	1908	6422	0	5372	892	
