data	data	514228	238784	1.03583e+06	846392	242708	147844	507180	278188	121252	61304	405500	140696	320840	216240	201260	195996	371744	102020	679456	799624	93908	90508	501404	515068	55336	141032	59344	57812	877180	449216	458716	627252	224640	703404	154228	201392	273656	420180	104664	248864	40424	68056	379260	477340	179168	474588	522428	517532	211252	480208	553440	341672	275380	137468	549432	625164	357068	230700	109212	96668	287948	135244	119476	131488	224384	189972	267800	603476	286988	158856	380000	312976	352456	305624	48156	24728	138908	185020	92792	59100	333996	128816	130800	61240	339916	230192	33132	16060	250600	171732	535424	512036	464916	352304	49088	92624	557124	395588	642572	597244	258008	158796	355700	395172	109348	133648	14356	7764	38564	155884	525804	249376	365344	273220	196700	174132	
data	data	Precentral_L	Precentral_R	Frontal_Sup_L	Frontal_Sup_R	Frontal_Sup_Orb_L	Frontal_Sup_Orb_R	Frontal_Mid_L	Frontal_Mid_R	Frontal_Mid_Orb_L	Frontal_Mid_Orb_R	Frontal_Inf_Oper_L	Frontal_Inf_Oper_R	Frontal_Inf_Tri_L	Frontal_Inf_Tri_R	Frontal_Inf_Orb_L	Frontal_Inf_Orb_R	Rolandic_Oper_L	Rolandic_Oper_R	Supp_Motor_Area_L	Supp_Motor_Area_R	Olfactory_L	Olfactory_R	Frontal_Sup_Medial_L	Frontal_Sup_Medial_R	Frontal_Med_Orb_L	Frontal_Med_Orb_R	Rectus_L	Rectus_R	Insula_L	Insula_R	Cingulum_Ant_L	Cingulum_Ant_R	Cingulum_Mid_L	Cingulum_Mid_R	Cingulum_Post_L	Cingulum_Post_R	Hippocampus_L	Hippocampus_R	ParaHippocampal_L	ParaHippocampal_R	Amygdala_L	Amygdala_R	Calcarine_L	Calcarine_R	Cuneus_L	Cuneus_R	Lingual_L	Lingual_R	Occipital_Sup_L	Occipital_Sup_R	Occipital_Mid_L	Occipital_Mid_R	Occipital_Inf_L	Occipital_Inf_R	Fusiform_L	Fusiform_R	Postcentral_L	Postcentral_R	Parietal_Sup_L	Parietal_Sup_R	Parietal_Inf_L	Parietal_Inf_R	SupraMarginal_L	SupraMarginal_R	Angular_L	Angular_R	Precuneus_L	Precuneus_R	Paracentral_Lobule_L	Paracentral_Lobule_R	Caudate_L	Caudate_R	Putamen_L	Putamen_R	Pallidum_L	Pallidum_R	Thalamus_L	Thalamus_R	Heschl_L	Heschl_R	Temporal_Sup_L	Temporal_Sup_R	Temporal_Pole_Sup_L	Temporal_Pole_Sup_R	Temporal_Mid_L	Temporal_Mid_R	Temporal_Pole_Mid_L	Temporal_Pole_Mid_R	Temporal_Inf_L	Temporal_Inf_R	Cerebelum_Crus1_L	Cerebelum_Crus1_R	Cerebelum_Crus2_L	Cerebelum_Crus2_R	Cerebelum_3_L	Cerebelum_3_R	Cerebelum_4_5_L	Cerebelum_4_5_R	Cerebelum_6_L	Cerebelum_6_R	Cerebelum_7b_L	Cerebelum_7b_R	Cerebelum_8_L	Cerebelum_8_R	Cerebelum_9_L	Cerebelum_9_R	Cerebelum_10_L	Cerebelum_10_R	Vermis_1_2	Vermis_3	Vermis_4_5	Vermis_6	Vermis_7	Vermis_8	Vermis_9	Vermis_10	
514228	Precentral_L	0	5528	26464	3960	112	0	22064	680	0	0	16834	292	3178	146	0	0	13572	0	8534	9226	0	0	1020	230	0	0	0	0	16002	386	2866	772	514	3128	262	0	6198	298	674	0	0	0	854	0	126	0	142	0	0	0	1658	0	612	0	672	0	31972	0	0	0	1082	0	1628	0	90	0	240	0	16810	3206	4382	820	7580	820	3982	74	24406	3374	2508	0	5574	0	280	0	936	0	0	0	346	0	0	0	0	0	0	0	0	0	0	0	0	0	0	0	0	0	0	0	0	0	0	0	0	0	0	0	
238784	Precentral_R	5528	0	750	8410	0	0	0	7186	0	0	0	3034	0	118	0	0	0	2628	1160	7284	0	0	0	0	0	108	0	0	494	3226	156	322	0	560	2350	1334	1922	6666	704	638	0	0	0	1146	0	574	354	622	0	708	150	396	0	376	456	1920	1564	12590	0	118	0	254	0	788	0	146	88	2308	6756	7032	1108	5966	106	1028	0	0	602	13764	294	458	182	670	0	0	166	930	0	0	0	840	0	0	0	0	0	0	76	0	0	0	0	0	0	0	0	0	0	0	0	0	278	0	0	0	0	0	
1.03583e+06	Frontal_Sup_L	26464	750	0	16302	11132	0	73334	6566	3128	0	24666	1882	27112	1976	6712	318	20306	0	49268	18096	0	0	47108	10630	1136	132	0	0	51818	1490	26684	9182	5052	11790	0	0	1892	492	396	84	0	0	198	0	0	0	0	0	0	0	204	0	156	0	244	0	6282	0	0	0	148	0	538	0	0	0	0	0	1866	0	17758	898	15672	994	1962	0	1478	1162	1550	0	9544	0	1238	0	0	0	0	0	124	0	0	0	0	0	0	0	0	0	0	0	0	0	0	0	0	0	0	0	0	0	0	0	0	0	0	0	
846392	Frontal_Sup_R	3960	8410	16302	0	1220	7490	2486	36402	78	4204	3272	7600	794	10506	114	13430	1822	5698	20688	64432	0	0	13854	45418	670	3982	0	162	5152	20812	8594	35584	3328	21780	0	0	92	2574	0	992	0	0	0	164	0	0	0	316	0	0	0	0	0	0	0	538	416	540	0	0	0	0	0	0	0	0	0	76	1876	0	11530	10664	2254	15924	0	2214	106	3112	0	268	562	0	460	274	0	0	0	0	0	0	0	0	0	0	0	0	0	0	0	0	0	0	0	0	0	0	0	0	0	0	0	0	0	0	0	0	
242708	Frontal_Sup_Orb_L	112	0	11132	1220	0	0	1592	380	17476	0	1350	122	4936	0	22788	0	120	0	3028	1020	1666	482	5700	308	2908	428	4244	98	16228	0	5536	736	0	594	0	0	74	0	0	0	142	0	0	0	0	0	0	0	0	0	0	0	0	0	0	0	0	0	0	0	0	0	0	0	0	0	0	0	0	0	2294	230	13394	94	0	0	94	0	0	0	0	0	828	0	0	0	0	0	0	0	0	0	0	0	0	0	0	0	0	0	0	0	0	0	0	0	0	0	0	0	0	0	0	0	0	0	
147844	Frontal_Sup_Orb_R	0	0	0	7490	0	0	0	2744	0	7244	0	0	0	2672	0	7934	0	0	78	748	0	754	222	6232	296	9348	450	6452	0	5066	740	5606	0	164	0	0	0	0	0	0	0	148	0	0	0	0	0	0	0	0	0	0	0	0	0	0	0	0	0	0	0	0	0	0	0	0	0	0	0	0	0	4534	0	5000	0	0	0	0	0	0	0	0	0	0	0	0	0	0	0	0	0	0	0	0	0	0	0	0	0	0	0	0	0	0	0	0	0	0	0	0	0	0	0	0	0	0	
507180	Frontal_Mid_L	22064	0	73334	2486	1592	0	0	562	1246	0	14928	0	35748	158	3486	0	7054	0	5926	1564	0	0	21926	3852	0	0	0	0	24708	132	11036	3140	2386	4576	0	0	358	0	0	0	0	0	0	0	0	0	0	0	0	0	0	0	0	0	0	0	2182	0	0	0	0	0	0	0	0	0	0	0	576	0	630	132	2112	104	304	0	136	0	566	0	3910	0	676	0	0	0	0	0	0	0	0	0	0	0	0	0	0	0	0	0	0	0	0	0	0	0	0	0	0	0	0	0	0	0	0	0	
278188	Frontal_Mid_R	680	7186	6566	36402	380	2744	562	0	0	4236	528	7146	0	14106	0	6908	398	342	4278	1980	0	0	1190	6878	120	526	0	0	812	6722	1102	3584	556	1998	98	0	74	1288	0	268	0	0	0	0	0	0	0	0	0	0	0	0	0	0	0	76	118	84	0	0	0	0	0	0	0	0	0	0	276	0	12616	1252	380	1970	0	0	0	2308	0	0	144	0	212	0	0	0	0	0	0	0	0	0	0	0	0	0	0	0	0	0	0	0	0	0	0	0	0	0	0	0	0	0	0	0	0	0	
121252	Frontal_Mid_Orb_L	0	0	3128	78	17476	0	1246	0	0	0	512	0	2106	0	17996	0	0	0	350	0	620	0	980	0	470	0	1358	0	6984	0	856	0	0	0	0	0	0	0	0	0	90	0	0	0	0	0	0	0	0	0	0	0	0	0	0	0	0	0	0	0	0	0	0	0	0	0	0	0	0	0	368	0	5526	0	0	0	0	0	0	0	0	0	482	0	0	0	0	0	0	0	0	0	0	0	0	0	0	0	0	0	0	0	0	0	0	0	0	0	0	0	0	0	0	0	0	0	
61304	Frontal_Mid_Orb_R	0	0	0	4204	0	7244	0	4236	0	0	0	0	0	1096	0	8062	0	0	0	78	0	0	0	1448	0	256	0	318	0	1988	0	870	0	0	0	0	0	0	0	0	0	0	0	0	0	0	0	0	0	0	0	0	0	0	0	0	0	0	0	0	0	0	0	0	0	0	0	0	0	0	0	86	0	766	0	0	0	0	0	0	0	0	0	0	0	0	0	0	0	0	0	0	0	0	0	0	0	0	0	0	0	0	0	0	0	0	0	0	0	0	0	0	0	0	0	0	
405500	Frontal_Inf_Oper_L	16834	0	24666	3272	1350	0	14928	528	512	0	0	970	14626	982	1226	244	21380	0	12368	4394	0	0	4814	1174	0	0	0	0	37792	1122	4208	2318	838	2938	0	0	498	0	0	0	0	0	0	0	0	0	0	0	0	0	0	0	0	0	0	0	4412	0	0	0	0	0	0	0	0	0	0	0	108	0	5240	248	2236	530	274	0	274	0	1720	0	10818	0	2908	0	0	0	0	0	0	0	0	0	0	0	0	0	0	0	0	0	0	0	0	0	0	0	0	0	0	0	0	0	0	0	0	0	
140696	Frontal_Inf_Oper_R	292	3034	1882	7600	122	0	0	7146	0	0	970	0	0	6580	0	682	436	3556	1048	7106	0	0	0	88	0	0	0	0	1156	15528	206	140	0	82	0	0	0	650	0	0	0	0	0	0	0	0	0	0	0	0	0	0	0	0	0	0	0	152	0	0	0	0	0	0	0	0	0	0	114	0	4120	932	230	4544	0	110	0	1194	0	0	120	0	164	364	0	0	0	0	0	0	0	0	0	0	0	0	0	0	0	0	0	0	0	0	0	0	0	0	0	0	0	0	0	0	0	0	
320840	Frontal_Inf_Tri_L	3178	0	27112	794	4936	0	35748	0	2106	0	14626	0	0	148	11172	0	2424	0	4288	1216	0	0	6322	1010	0	0	0	0	33300	172	4008	756	636	1496	0	0	0	0	0	0	0	0	0	0	0	0	0	0	0	0	0	0	0	0	0	0	478	0	0	0	0	0	0	0	0	0	0	0	0	0	798	0	2082	0	0	0	0	0	150	0	992	0	472	0	0	0	0	0	0	0	0	0	0	0	0	0	0	0	0	0	0	0	0	0	0	0	0	0	0	0	0	0	0	0	0	0	
216240	Frontal_Inf_Tri_R	146	118	1976	10506	0	2672	158	14106	0	1096	982	6580	148	0	0	11740	286	124	1472	2482	0	0	870	7126	366	1508	0	0	1220	22682	646	6682	296	1164	0	0	0	348	0	162	0	0	0	0	0	0	0	0	0	0	0	0	0	0	0	0	0	0	0	0	0	0	0	0	0	0	0	0	0	0	4292	1690	1948	2346	0	0	0	182	0	0	0	0	0	0	0	0	0	0	0	0	0	0	0	0	0	0	0	0	0	0	0	0	0	0	0	0	0	0	0	0	0	0	0	0	0	0	
201260	Frontal_Inf_Orb_L	0	0	6712	114	22788	0	3486	0	17996	0	1226	0	11172	0	0	0	78	0	626	0	1892	74	1066	0	236	0	1592	0	18298	0	1178	106	0	0	0	0	572	0	112	0	712	0	0	0	0	0	0	0	0	0	0	0	0	0	108	0	0	0	0	0	0	0	0	0	0	0	0	0	0	0	642	0	8884	0	0	0	0	0	0	0	0	0	960	0	0	0	0	0	0	0	0	0	0	0	0	0	0	0	0	0	0	0	0	0	0	0	0	0	0	0	0	0	0	0	0	0	
195996	Frontal_Inf_Orb_R	0	0	318	13430	0	7934	0	6908	0	8062	244	682	0	11740	0	0	98	0	494	982	0	954	656	9424	284	1270	0	1070	284	18256	280	8532	198	868	0	0	0	0	0	0	0	162	0	0	0	0	0	0	0	0	0	0	0	0	0	0	0	0	0	0	0	0	0	0	0	0	0	0	0	0	490	832	114	3224	0	0	0	78	0	0	0	0	0	130	0	0	0	0	0	0	0	0	0	0	0	0	0	0	0	0	0	0	0	0	0	0	0	0	0	0	0	0	0	0	0	0	
371744	Rolandic_Oper_L	13572	0	20306	1822	120	0	7054	398	0	0	21380	436	2424	286	78	98	0	0	7674	1956	0	0	2028	426	0	0	0	0	35584	454	1040	540	356	1022	0	0	1688	0	108	0	0	0	572	0	0	0	0	0	104	0	1394	0	590	0	514	0	12212	0	0	0	532	0	3482	0	240	0	86	0	190	0	4192	102	1214	212	372	0	1532	88	7048	0	24628	0	3064	0	2264	0	0	0	390	0	0	0	0	0	0	0	0	0	0	0	0	0	0	0	0	0	0	0	0	0	0	0	0	0	0	0	
102020	Rolandic_Oper_R	0	2628	0	5698	0	0	0	342	0	0	0	3556	0	124	0	0	0	0	0	5464	0	0	0	0	0	0	0	0	0	12144	0	0	0	346	0	0	0	958	0	0	0	0	0	0	0	154	0	0	0	352	0	0	0	0	0	86	0	4354	0	354	0	84	0	2000	0	272	0	1490	76	96	0	92	0	3030	0	108	0	200	0	2580	0	3114	0	764	0	340	0	0	0	204	0	0	0	0	0	0	0	0	0	0	0	0	0	0	0	0	0	0	0	0	0	0	0	0	0	0	
679456	Supp_Motor_Area_L	8534	1160	49268	20688	3028	78	5926	4278	350	0	12368	1048	4288	1472	626	494	7674	0	0	50372	0	0	8038	11644	110	230	0	0	19334	1420	9008	14658	12952	31422	832	440	460	388	0	0	0	0	334	158	404	2292	0	96	162	2256	128	366	0	0	102	0	1814	994	0	274	0	524	0	0	0	178	428	2670	14800	1128	10352	2440	6148	1376	288	0	782	994	574	0	4152	0	678	0	0	80	0	0	0	94	0	0	0	0	0	0	0	0	0	0	0	0	0	0	0	0	0	0	0	0	74	0	0	0	0	0	
799624	Supp_Motor_Area_R	9226	7284	18096	64432	1020	748	1564	1980	0	78	4394	7106	1216	2482	0	982	1956	5464	50372	0	0	0	3664	10878	344	1580	0	0	6726	10300	5440	18536	7750	42644	610	2982	128	2308	0	944	0	0	0	724	0	4882	0	528	0	4718	0	880	0	146	166	928	1790	5084	0	372	0	744	0	76	0	298	138	6498	20380	14178	6570	13980	2114	14574	0	2834	128	1494	0	310	630	102	358	270	0	216	0	0	0	288	0	0	0	0	0	0	0	0	0	0	0	0	0	0	0	0	0	0	0	0	180	0	0	0	0	0	
93908	Olfactory_L	0	0	0	0	1666	0	0	0	620	0	0	0	0	0	1892	0	0	0	0	0	0	6992	0	0	652	0	4066	1242	2232	0	4342	2722	0	0	0	0	618	0	246	0	1002	0	0	0	0	0	0	0	0	0	0	0	0	0	188	0	0	0	0	0	0	0	0	0	0	0	0	0	0	0	8422	4760	3780	300	354	0	0	0	0	0	0	0	858	0	0	0	0	0	0	0	0	0	0	0	0	0	0	0	0	0	0	0	0	0	0	0	0	0	0	0	0	0	0	0	0	0	
90508	Olfactory_R	0	0	0	0	482	754	0	0	0	0	0	0	0	0	74	954	0	0	0	0	6992	0	0	0	318	1380	2878	2844	0	2022	3578	3362	0	0	0	0	0	98	0	0	0	810	0	0	0	0	0	0	0	0	0	0	0	0	0	0	0	0	0	0	0	0	0	0	0	0	0	0	0	0	7296	6462	3706	780	464	0	0	0	0	0	0	0	0	0	0	0	0	0	0	0	0	0	0	0	0	0	0	0	0	0	0	0	0	0	0	0	0	0	0	0	0	0	0	0	0	0	
501404	Frontal_Sup_Medial_L	1020	0	47108	13854	5700	222	21926	1190	980	0	4814	0	6322	870	1066	656	2028	0	8038	3664	0	0	0	31266	2654	1464	214	0	9256	866	30404	21124	7682	20892	0	0	0	0	0	0	0	0	0	0	0	0	0	0	0	0	0	0	0	0	0	0	0	0	0	0	0	0	0	0	0	0	0	0	0	0	478	1042	1956	490	0	0	0	0	214	0	832	0	410	0	0	0	0	0	0	0	0	0	0	0	0	0	0	0	0	0	0	0	0	0	0	0	0	0	0	0	0	0	0	0	0	0	
515068	Frontal_Sup_Medial_R	230	0	10630	45418	308	6232	3852	6878	0	1448	1174	88	1010	7126	0	9424	426	0	11644	10878	0	0	31266	0	1386	6690	106	142	2078	9556	11722	38750	2748	25494	0	0	0	0	0	0	0	0	0	0	0	0	0	0	0	0	0	0	0	0	0	0	0	0	0	0	0	0	0	0	0	0	0	0	0	0	404	5150	334	4460	0	80	0	120	0	0	192	0	90	0	0	0	0	0	0	0	0	0	0	0	0	0	0	0	0	0	0	0	0	0	0	0	0	0	0	0	0	0	0	0	0	0	
55336	Frontal_Med_Orb_L	0	0	1136	670	2908	296	0	120	470	0	0	0	0	366	236	284	0	0	110	344	652	318	2654	1386	0	3906	1584	292	0	384	3910	2648	0	186	0	0	0	0	0	0	0	0	0	0	0	0	0	0	0	0	0	0	0	0	0	0	0	0	0	0	0	0	0	0	0	0	0	0	0	0	458	930	818	602	0	0	0	0	0	0	0	0	0	0	0	0	0	0	0	0	0	0	0	0	0	0	0	0	0	0	0	0	0	0	0	0	0	0	0	0	0	0	0	0	0	0	
141032	Frontal_Med_Orb_R	0	108	132	3982	428	9348	0	526	0	256	0	0	0	1508	0	1270	0	0	230	1580	0	1380	1464	6690	3906	0	618	5480	0	1840	3572	10432	0	400	0	0	0	0	0	0	0	0	0	0	0	0	0	0	0	0	0	0	0	0	0	0	0	0	0	0	0	0	0	0	0	0	0	0	0	0	96	8680	0	6590	0	0	0	0	0	0	0	0	0	0	0	0	0	0	0	0	0	0	0	0	0	0	0	0	0	0	0	0	0	0	0	0	0	0	0	0	0	0	0	0	0	0	
59344	Rectus_L	0	0	0	0	4244	450	0	0	1358	0	0	0	0	0	1592	0	0	0	0	0	4066	2878	214	106	1584	618	0	1436	160	0	3086	1348	0	0	0	0	0	0	0	0	0	0	0	0	0	0	0	0	0	0	0	0	0	0	0	0	0	0	0	0	0	0	0	0	0	0	0	0	0	0	3410	1240	1882	0	0	0	0	0	0	0	0	0	0	0	0	0	0	0	0	0	0	0	0	0	0	0	0	0	0	0	0	0	0	0	0	0	0	0	0	0	0	0	0	0	0	0	
57812	Rectus_R	0	0	0	162	98	6452	0	0	0	318	0	0	0	0	0	1070	0	0	0	0	1242	2844	0	142	292	5480	1436	0	0	1136	906	2044	0	0	0	0	0	0	0	0	0	176	0	0	0	0	0	0	0	0	0	0	0	0	0	0	0	0	0	0	0	0	0	0	0	0	0	0	0	0	1088	1954	430	1636	0	0	0	0	0	0	0	0	0	0	0	0	0	0	0	0	0	0	0	0	0	0	0	0	0	0	0	0	0	0	0	0	0	0	0	0	0	0	0	0	0	0	
877180	Insula_L	16002	494	51818	5152	16228	0	24708	812	6984	0	37792	1156	33300	1220	18298	284	35584	0	19334	6726	2232	0	9256	2078	0	0	160	0	0	1234	6818	3732	1188	4674	246	142	17092	122	1896	0	2424	0	696	0	0	0	94	0	296	0	2750	0	860	0	5956	0	9690	0	78	0	374	0	634	0	162	0	282	0	702	218	9654	434	22268	578	636	0	4852	448	7770	0	23230	0	9012	0	3598	0	0	0	4046	0	0	0	0	0	0	0	86	0	0	0	0	0	0	0	0	0	0	0	0	0	0	0	0	0	0	0	
449216	Insula_R	386	3226	1490	20812	0	5066	132	6722	0	1988	1122	15528	172	22682	0	18256	454	12144	1420	10300	0	2022	866	9556	384	1840	0	1136	1234	0	680	9962	254	1446	138	262	0	8576	0	1748	0	2554	0	1164	0	546	96	472	0	562	0	484	0	1270	0	3772	0	3530	0	166	0	144	0	518	0	74	0	1396	160	86	4708	3068	2046	19302	0	146	78	1564	0	4104	122	4954	156	2828	0	1104	0	0	0	972	0	0	0	0	0	0	76	120	0	82	0	0	0	0	0	0	0	0	0	0	180	0	0	0	0	0	
458716	Cingulum_Ant_L	2866	156	26684	8594	5536	740	11036	1102	856	0	4208	206	4008	646	1178	280	1040	0	9008	5440	4342	3578	30404	11722	3910	3572	3086	906	6818	680	0	28512	7890	12504	0	0	130	0	0	0	0	0	0	0	0	0	0	0	0	0	0	0	0	0	0	0	208	0	0	0	0	0	0	0	0	0	0	0	0	0	8176	6192	10040	1864	100	0	206	162	0	0	682	0	90	0	0	0	0	0	0	0	0	0	0	0	0	0	0	0	0	0	0	0	0	0	0	0	0	0	0	0	0	0	0	0	0	0	
627252	Cingulum_Ant_R	772	322	9182	35584	736	5606	3140	3584	0	870	2318	140	756	6682	106	8532	540	0	14658	18536	2722	3362	21124	38750	2648	10432	1348	2044	3732	9962	28512	0	10608	36026	0	0	0	0	0	0	0	0	0	0	0	0	0	0	0	0	0	0	0	0	0	0	0	0	0	0	0	0	0	0	0	0	0	0	0	0	3724	15810	1978	8178	0	0	0	314	0	0	288	0	0	0	0	0	0	0	0	0	0	0	0	0	0	0	0	0	0	0	0	0	0	0	0	0	0	0	0	0	0	0	0	0	0	0	
224640	Cingulum_Mid_L	514	0	5052	3328	0	0	2386	556	0	0	838	0	636	296	0	198	356	0	12952	7750	0	0	7682	2748	0	0	0	0	1188	254	7890	10608	0	21550	3922	1394	0	0	0	0	0	0	1004	0	1082	198	0	0	2614	194	2066	0	0	0	0	0	390	186	570	0	100	0	0	0	212	0	4328	1006	4762	380	88	350	180	114	0	0	0	0	0	0	262	0	0	0	136	0	0	0	0	0	0	0	0	0	0	0	0	0	0	0	0	0	0	0	0	0	0	0	0	0	0	0	0	0	0	0	
703404	Cingulum_Mid_R	3128	560	11790	21780	594	164	4576	1998	0	0	2938	82	1496	1164	0	868	1022	346	31422	42644	0	0	20892	25494	186	400	0	0	4674	1446	12504	36026	21550	0	1764	8500	0	234	0	0	0	0	0	1556	102	10072	86	1024	0	12884	0	2226	0	0	96	186	438	6694	0	480	0	2012	0	1314	0	1030	1298	20572	11134	10202	424	2388	162	1084	0	0	0	94	0	414	258	488	0	0	0	946	0	0	0	914	0	0	0	0	0	0	84	0	0	0	0	0	0	0	0	0	0	0	0	0	798	0	0	0	0	0	
154228	Cingulum_Post_L	262	2350	0	0	0	0	0	98	0	0	0	0	0	0	0	0	0	0	832	610	0	0	0	0	0	0	0	0	246	138	0	0	3922	1764	0	14910	4366	5014	1460	1474	0	0	1720	620	992	402	1978	1140	558	254	970	154	596	332	2996	914	3058	1824	102	0	0	0	0	0	0	0	4326	4616	4730	590	118	0	0	124	0	0	0	3386	78	0	0	0	0	0	268	0	0	0	194	0	98	142	0	0	0	0	404	352	116	240	0	0	0	0	0	0	0	0	0	0	1276	0	0	0	0	0	
201392	Cingulum_Post_R	0	1334	0	0	0	0	0	0	0	0	0	0	0	0	0	0	0	0	440	2982	0	0	0	0	0	0	0	0	142	262	0	0	1394	8500	14910	0	2686	6116	812	1884	0	0	740	2514	208	3904	968	4808	0	3496	390	806	366	648	2176	1766	1306	3720	0	0	0	148	0	104	0	112	1848	14146	2648	3480	0	0	0	0	0	0	0	2022	0	130	0	110	0	0	136	304	0	0	80	350	0	282	0	0	0	0	290	578	0	414	0	0	0	0	0	0	0	0	0	0	4236	0	0	0	0	0	
273656	Hippocampus_L	6198	1922	1892	92	74	0	358	74	0	0	498	0	0	0	572	0	1688	0	460	128	618	0	0	0	0	0	0	0	17092	0	130	0	0	0	4366	2686	0	2862	12802	798	7302	0	672	0	0	0	4694	308	0	0	286	0	314	0	18032	0	3564	0	0	0	0	0	0	0	0	0	632	504	108	134	270	88	8374	74	400	0	8264	3570	3034	0	4814	0	3118	0	1790	0	0	0	8340	0	360	0	0	0	0	0	1238	166	732	78	0	0	0	0	0	0	0	0	0	0	258	0	0	0	0	0	
420180	Hippocampus_R	298	6666	492	2574	0	0	0	1288	0	0	0	650	0	348	0	0	0	958	388	2308	0	98	0	0	0	0	0	0	122	8576	0	0	0	234	5014	6116	2862	0	960	32588	0	8982	182	7284	0	2800	1196	8050	0	2512	192	2884	176	6922	1080	35294	426	2950	0	0	0	0	0	186	0	0	132	7392	580	696	1396	422	96	9874	0	1298	0	10026	0	3044	0	2032	0	1212	0	1926	0	0	0	1860	0	1970	0	176	0	180	786	4726	230	3378	0	0	0	262	0	0	0	0	0	210	2200	0	196	134	0	0	
104664	ParaHippocampal_L	674	704	396	0	0	0	0	0	0	0	0	0	0	0	112	0	108	0	0	0	246	0	0	0	0	0	0	0	1896	0	0	0	0	0	1460	812	12802	960	0	188	1308	0	86	0	0	0	5888	98	0	0	0	0	0	0	9362	0	188	0	0	0	0	0	0	0	0	0	158	224	0	0	0	0	1846	0	0	0	964	1418	160	0	890	0	422	0	180	0	0	0	3092	0	1170	0	0	0	270	0	2268	0	1858	0	0	0	0	0	0	0	0	0	0	0	124	0	0	0	0	0	
248864	ParaHippocampal_R	0	638	84	992	0	0	0	268	0	0	0	0	0	162	0	0	0	0	0	944	0	0	0	0	0	0	0	0	0	1748	0	0	0	0	1474	1884	798	32588	188	0	0	8266	0	1956	0	720	196	5486	0	562	0	492	0	4460	252	25414	164	376	0	0	0	0	0	0	0	0	0	2606	168	90	196	0	0	4994	0	936	0	3866	0	558	0	304	0	3496	0	440	0	1356	0	812	0	2176	0	212	0	292	330	5286	216	4092	0	0	0	312	0	0	0	0	0	268	928	0	224	162	0	0	
40424	Amygdala_L	0	0	0	0	142	0	0	0	90	0	0	0	0	0	712	0	0	0	0	0	1002	0	0	0	0	0	0	0	2424	0	0	0	0	0	0	0	7302	0	1308	0	0	0	0	0	0	0	0	0	0	0	0	0	0	0	4438	0	0	0	0	0	0	0	0	0	0	0	0	0	0	0	0	0	134	0	0	0	0	0	0	0	0	0	1726	0	0	0	0	0	934	0	0	0	0	0	0	0	0	0	0	0	0	0	0	0	0	0	0	0	0	0	0	0	0	0	0	0	
68056	Amygdala_R	0	0	0	0	0	148	0	0	0	0	0	0	0	0	0	162	0	0	0	0	0	810	0	0	0	0	0	176	0	2554	0	0	0	0	0	0	0	8982	0	8266	0	0	0	0	0	0	0	0	0	0	0	0	0	0	0	7180	0	0	0	0	0	0	0	0	0	0	0	0	0	0	0	0	0	1536	0	0	0	0	0	0	0	0	0	2874	0	0	0	486	0	130	0	120	0	0	0	0	0	334	0	270	0	0	0	0	0	0	0	0	0	0	0	0	0	0	0	0	
379260	Calcarine_L	854	0	198	0	0	0	0	0	0	0	0	0	0	0	0	0	572	0	334	0	0	0	0	0	0	0	0	0	696	0	0	0	1004	0	1720	740	672	182	86	0	0	0	0	9588	16238	5146	15754	4092	14924	1854	42956	434	18820	0	5110	444	5784	0	784	0	4530	0	1978	0	2002	0	16740	956	2014	0	0	0	0	0	0	0	112	0	554	0	244	0	0	0	4274	0	0	0	1532	0	280	212	82	0	0	0	1288	370	1140	412	0	0	0	0	0	0	0	0	0	0	1418	506	0	0	0	0	
477340	Calcarine_R	0	1146	0	164	0	0	0	0	0	0	0	0	0	0	0	0	0	0	158	724	0	0	0	0	0	0	0	0	0	1164	0	0	0	1556	620	2514	0	7284	0	1956	0	0	9588	0	5102	37964	8410	31472	1704	31104	2146	18446	1098	5230	1508	15564	84	2236	0	0	0	0	0	0	0	92	704	24942	384	926	0	0	0	178	0	0	0	228	0	590	0	314	0	0	0	5344	0	0	0	3154	192	470	96	0	0	0	2350	1000	378	810	0	0	0	0	0	0	0	0	0	0	7178	398	0	0	0	0	
179168	Cuneus_L	126	0	0	0	0	0	0	0	0	0	0	0	0	0	0	0	0	0	404	0	0	0	0	0	0	0	0	0	0	0	0	0	1082	102	992	208	0	0	0	0	0	0	16238	5102	0	7328	1046	264	18052	1666	9872	292	1200	0	336	0	2060	0	1418	276	1110	0	0	0	460	0	14940	3372	1210	0	0	0	0	0	0	0	0	0	0	0	0	0	0	0	428	0	0	0	0	0	0	0	0	0	0	0	0	0	0	0	0	0	0	0	0	0	0	0	0	0	0	0	0	0	0	0	
474588	Cuneus_R	0	574	0	0	0	0	0	0	0	0	0	0	0	0	0	0	0	154	2292	4882	0	0	0	0	0	0	0	0	0	546	0	0	198	10072	402	3904	0	2800	0	720	0	0	5146	37964	7328	0	4678	10134	1588	46574	1222	20092	676	2054	952	5648	0	4830	0	2116	0	1412	0	256	0	1218	4454	33218	3372	2574	0	0	0	0	0	0	0	84	0	418	0	354	0	0	0	4714	0	0	0	2336	104	192	0	0	0	0	1276	148	144	396	0	0	0	0	0	0	0	0	0	0	2850	228	0	0	0	0	
522428	Lingual_L	142	354	0	0	0	0	0	0	0	0	0	0	0	0	0	0	0	0	0	0	0	0	0	0	0	0	0	0	94	96	0	0	0	86	1978	968	4694	1196	5888	196	0	0	15754	8410	1046	4678	0	11524	5242	3130	16026	1530	13506	572	32828	4968	86	120	0	0	98	0	0	0	86	0	5778	2794	80	0	0	0	302	0	0	0	478	888	194	0	186	0	0	0	466	100	0	0	1936	76	12492	5426	1264	840	490	102	27752	8020	25290	9428	0	0	0	88	0	0	0	0	0	128	15252	5480	514	0	0	74	
517532	Lingual_R	0	622	0	316	0	0	0	0	0	0	0	0	0	0	0	0	0	0	96	528	0	0	0	0	0	0	0	0	0	472	0	0	0	1024	1140	4808	308	8050	98	5486	0	0	4092	31472	264	10134	11524	0	406	11494	1598	8278	1604	5494	3114	33718	0	1054	0	0	0	0	0	0	0	0	320	21472	218	748	0	0	0	644	0	294	0	714	0	364	0	176	0	0	0	792	0	0	0	1056	3166	9082	1852	886	0	576	6874	13396	6506	14628	0	0	0	462	0	0	0	0	0	182	17708	8044	1412	0	0	0	
211252	Occipital_Sup_L	0	0	0	0	0	0	0	0	0	0	0	0	0	0	0	0	104	0	162	0	0	0	0	0	0	0	0	0	296	0	0	0	2614	0	558	0	0	0	0	0	0	0	14924	1704	18052	1588	5242	406	0	234	31436	0	2392	0	1310	78	600	0	4968	156	1802	0	238	0	2172	0	11356	592	358	0	0	0	0	0	0	0	0	0	202	0	0	0	0	0	1214	0	0	0	112	0	0	0	0	0	0	0	98	0	262	128	0	0	0	0	0	0	0	0	0	0	90	178	0	0	0	0	
480208	Occipital_Sup_R	0	708	0	0	0	0	0	0	0	0	0	0	0	0	0	0	0	352	2256	4718	0	0	0	0	0	0	0	0	0	562	0	0	194	12884	254	3496	0	2512	0	562	0	0	1854	31104	1666	46574	3130	11494	234	0	756	31614	614	2130	900	6620	0	5150	0	4978	0	3308	0	1572	0	5556	1908	29902	3364	2964	0	0	0	0	0	0	0	86	0	486	0	556	0	0	0	5492	0	0	0	2650	104	164	0	0	0	0	1150	204	136	274	0	0	0	0	0	0	0	0	0	0	2660	252	0	0	0	0	
553440	Occipital_Mid_L	1658	150	204	0	0	0	0	0	0	0	0	0	0	0	0	0	1394	0	128	0	0	0	0	0	0	0	0	0	2750	0	0	0	2066	0	970	390	286	192	0	0	0	0	42956	2146	9872	1222	16026	1598	31436	756	0	560	33302	178	10384	632	8534	150	10188	0	19696	0	2554	0	23614	0	14030	806	2894	88	0	0	0	0	0	0	100	0	2042	0	506	0	0	0	17172	0	0	0	4550	0	544	452	162	0	0	0	1856	536	1894	730	0	0	0	0	0	0	0	0	0	0	1800	566	0	0	0	0	
341672	Occipital_Mid_R	0	396	0	0	0	0	0	0	0	0	0	0	0	0	0	0	0	0	366	880	0	0	0	0	0	0	0	0	0	484	0	0	0	2226	154	806	0	2884	0	492	0	0	434	18446	292	20092	1530	8278	0	31614	560	0	524	6348	788	7550	0	1110	0	3936	0	8604	0	760	0	20190	786	11072	616	530	0	0	0	0	0	0	0	90	0	264	0	462	0	0	0	11036	0	0	0	2388	0	90	0	0	0	0	1024	194	92	152	0	0	0	0	0	0	0	0	0	0	2124	172	0	0	0	0	
275380	Occipital_Inf_L	612	0	156	0	0	0	0	0	0	0	0	0	0	0	0	0	590	0	0	0	0	0	0	0	0	0	0	0	860	0	0	0	0	0	596	366	314	176	0	0	0	0	18820	1098	1200	676	13506	1604	2392	614	33302	524	0	168	16406	712	2718	0	264	0	2864	0	1472	0	1512	0	1408	856	756	0	0	0	0	0	0	0	128	0	1070	0	266	0	0	0	5984	0	0	0	4104	0	996	1478	158	214	0	0	3812	1810	4136	2132	0	0	0	0	0	0	0	0	0	0	3844	934	82	0	0	0	
137468	Occipital_Inf_R	0	376	0	0	0	0	0	0	0	0	0	0	0	0	0	0	0	0	0	146	0	0	0	0	0	0	0	0	0	1270	0	0	0	0	332	648	0	6922	0	4460	0	0	0	5230	0	2054	572	5494	0	2130	178	6348	168	0	326	13638	120	366	0	0	0	0	0	0	0	0	0	2048	116	124	0	0	0	0	0	0	0	92	0	764	0	376	0	0	0	3472	0	0	0	4426	172	594	108	0	0	0	448	944	380	1820	0	0	0	0	0	0	0	0	0	0	1358	714	0	0	0	0	
549432	Fusiform_L	672	456	244	0	0	0	0	0	0	0	0	0	0	0	108	0	514	0	102	166	188	0	0	0	0	0	0	0	5956	0	0	0	0	96	2996	2176	18032	1080	9362	252	4438	0	5110	1508	336	952	32828	3114	1310	900	10384	788	16406	326	0	1630	740	130	0	0	970	0	158	0	820	0	1630	1484	460	188	0	0	1810	0	0	0	934	820	1514	0	4120	0	3594	0	4722	0	1290	0	23028	0	22054	2740	1682	496	146	322	21328	4060	31814	4300	310	0	468	94	438	0	210	0	0	326	9644	2052	374	198	304	514	
625164	Fusiform_R	0	1920	0	538	0	0	0	76	0	0	0	0	0	0	0	0	0	86	0	928	0	0	0	0	0	0	0	0	0	3772	0	0	0	186	914	1766	0	35294	0	25414	0	7180	444	15564	0	5648	4968	33718	78	6620	632	7550	712	13638	1630	0	366	1930	0	0	0	0	0	106	0	76	0	8890	376	494	0	0	0	2876	0	262	0	1454	0	1584	0	3086	0	6276	0	7400	0	1986	0	13618	2060	19636	1384	1614	0	222	3278	16570	4872	26320	0	0	0	712	0	0	0	0	0	508	7268	6622	990	396	74	0	
357068	Postcentral_L	31972	1564	6282	416	0	0	2182	118	0	0	4412	0	478	0	0	0	12212	0	1814	1790	0	0	0	0	0	0	0	0	9690	0	208	0	390	438	3058	1306	3564	426	188	164	0	0	5784	84	2060	0	86	0	600	0	8534	0	2718	120	740	366	0	1234	6662	0	20068	0	9154	0	1436	0	4632	132	10300	1530	774	130	3516	0	1524	0	2950	374	3104	0	4016	0	102	0	2518	0	0	0	614	0	0	0	0	0	0	0	0	0	0	0	0	0	0	0	0	0	0	0	0	0	0	0	0	0	0	0	
230700	Postcentral_R	0	12590	0	540	0	0	0	84	0	0	0	152	0	0	0	0	0	4354	994	5084	0	0	0	0	0	0	0	0	0	3530	0	0	186	6694	1824	3720	0	2950	0	376	0	0	0	2236	0	4830	120	1054	0	5150	150	1110	0	366	130	1930	1234	0	0	3726	0	3618	0	11494	0	920	210	14990	3562	7676	0	0	0	268	0	0	0	234	0	976	0	2160	0	0	0	1676	0	0	0	1642	0	0	0	0	0	0	108	0	0	0	0	0	0	0	0	0	0	0	0	0	702	0	0	0	0	0	
109212	Parietal_Sup_L	0	0	0	0	0	0	0	0	0	0	0	0	0	0	0	0	0	0	0	0	0	0	0	0	0	0	0	0	78	0	0	0	570	0	102	0	0	0	0	0	0	0	784	0	1418	0	0	0	4968	0	10188	0	264	0	0	0	6662	0	0	0	12302	0	100	0	5302	0	11020	174	506	0	0	0	0	0	0	0	0	0	0	0	0	0	0	0	168	0	0	0	0	0	0	0	0	0	0	0	0	0	0	0	0	0	0	0	0	0	0	0	0	0	0	0	0	0	0	0	
96668	Parietal_Sup_R	0	118	0	0	0	0	0	0	0	0	0	0	0	0	0	0	0	354	274	372	0	0	0	0	0	0	0	0	0	166	0	0	0	480	0	0	0	0	0	0	0	0	0	0	276	2116	0	0	156	4978	0	3936	0	0	0	0	0	3726	0	0	0	6552	0	2184	0	7448	2812	11804	316	80	0	0	0	0	0	0	0	0	0	0	0	0	0	0	0	108	0	0	0	78	0	0	0	0	0	0	0	0	0	0	0	0	0	0	0	0	0	0	0	0	0	0	0	0	0	0	
287948	Parietal_Inf_L	1082	0	148	0	0	0	0	0	0	0	0	0	0	0	0	0	532	0	0	0	0	0	0	0	0	0	0	0	374	0	0	0	100	0	0	0	0	0	0	0	0	0	4530	0	1110	0	98	0	1802	0	19696	0	2864	0	970	0	20068	0	12302	0	0	0	14666	0	36514	0	2886	0	784	0	0	0	0	0	0	0	0	0	102	0	1896	0	0	0	17536	0	0	0	3914	0	0	0	0	0	0	0	0	0	0	0	0	0	0	0	0	0	0	0	0	0	0	0	0	0	0	0	
135244	Parietal_Inf_R	0	254	0	0	0	0	0	0	0	0	0	0	0	0	0	0	0	84	524	744	0	0	0	0	0	0	0	0	0	144	0	0	0	2012	0	148	0	0	0	0	0	0	0	0	0	1412	0	0	0	3308	0	8604	0	0	0	0	0	3618	0	6552	0	0	0	11962	0	19358	174	4764	628	302	0	0	0	0	0	0	0	0	0	100	0	242	0	0	0	1542	0	0	0	1146	0	0	0	0	0	0	0	0	0	0	0	0	0	0	0	0	0	0	0	0	0	0	0	0	0	0	
119476	SupraMarginal_L	1628	0	538	0	0	0	0	0	0	0	0	0	0	0	0	0	3482	0	0	0	0	0	0	0	0	0	0	0	634	0	0	0	0	0	0	0	0	0	0	0	0	0	1978	0	0	0	0	0	238	0	2554	0	1472	0	158	0	9154	0	100	0	14666	0	0	0	6496	0	156	0	156	0	0	0	0	0	0	0	0	0	140	0	7416	0	0	0	8108	0	0	0	664	0	0	0	0	0	0	0	0	0	0	0	0	0	0	0	0	0	0	0	0	0	0	0	0	0	0	0	
131488	SupraMarginal_R	0	788	0	0	0	0	0	0	0	0	0	0	0	0	0	0	0	2000	0	76	0	0	0	0	0	0	0	0	0	518	0	0	0	1314	0	104	0	186	0	0	0	0	0	0	0	256	0	0	0	1572	0	760	0	0	0	106	0	11494	0	2184	0	11962	0	0	0	12102	120	3638	0	222	0	0	0	0	0	0	0	0	0	110	0	5964	0	0	0	6784	0	0	0	3484	0	0	0	0	0	0	0	0	0	0	0	0	0	0	0	0	0	0	0	0	0	0	0	0	0	0	
224384	Angular_L	90	0	0	0	0	0	0	0	0	0	0	0	0	0	0	0	240	0	0	0	0	0	0	0	0	0	0	0	162	0	0	0	212	0	0	0	0	0	0	0	0	0	2002	0	460	0	86	0	2172	0	23614	0	1512	0	820	0	1436	0	5302	0	36514	0	6496	0	0	0	1174	0	432	0	0	0	0	0	0	0	0	0	0	0	2356	0	0	0	22638	0	0	0	4474	0	0	0	0	0	0	0	0	0	0	0	0	0	0	0	0	0	0	0	0	0	0	0	0	0	0	0	
189972	Angular_R	0	146	0	0	0	0	0	0	0	0	0	0	0	0	0	0	0	272	178	298	0	0	0	0	0	0	0	0	0	74	0	0	0	1030	0	112	0	0	0	0	0	0	0	92	0	1218	0	0	0	5556	0	20190	0	0	0	76	0	920	0	7448	0	19358	0	12102	0	0	154	3750	242	160	0	0	0	0	0	0	0	0	0	124	0	6364	0	0	0	11334	0	0	0	3788	0	0	0	0	0	0	0	0	0	0	0	0	0	0	0	0	0	0	0	0	0	0	0	0	0	0	
267800	Precuneus_L	240	88	0	0	0	0	0	0	0	0	0	0	0	0	0	0	86	0	428	138	0	0	0	0	0	0	0	0	282	0	0	0	4328	1298	4326	1848	632	132	158	0	0	0	16740	704	14940	4454	5778	320	11356	1908	14030	786	1408	0	1630	0	4632	210	11020	2812	2886	174	156	120	1174	154	0	12192	2638	128	0	0	0	0	0	0	0	0	202	0	0	0	0	0	1314	0	0	0	474	0	1062	0	0	0	0	0	2266	0	1496	0	0	0	0	0	0	0	0	0	0	0	752	0	0	0	0	0	
603476	Precuneus_R	0	2308	0	76	0	0	0	0	0	0	0	0	0	0	0	0	0	1490	2670	6498	0	0	0	0	0	0	0	0	0	1396	0	0	1006	20572	4616	14146	504	7392	224	2606	0	0	956	24942	3372	33218	2794	21472	592	29902	806	11072	856	2048	1484	8890	132	14990	174	11804	0	4764	0	3638	0	3750	12192	0	4484	7848	0	0	0	88	0	0	0	512	0	1062	0	1240	0	0	0	4450	0	0	0	3392	134	870	0	0	0	0	2614	2944	374	1214	0	0	0	152	0	0	0	0	0	0	10788	108	112	0	0	0	
286988	Paracentral_Lobule_L	16810	6756	1866	1876	0	0	576	276	0	0	108	114	0	0	0	0	190	76	14800	20380	0	0	0	0	0	0	0	0	702	160	0	0	4762	11134	4730	2648	108	580	0	168	0	0	2014	384	1210	3372	80	218	358	3364	2894	616	756	116	460	376	10300	3562	506	316	784	628	156	0	432	242	2638	4484	0	9682	856	226	524	226	306	0	158	576	126	0	134	0	0	0	724	168	0	0	286	202	0	0	0	0	0	0	0	0	0	0	0	0	0	0	0	0	0	0	0	0	214	0	0	0	0	0	
158856	Paracentral_Lobule_R	3206	7032	0	0	0	0	0	0	0	0	0	0	0	0	0	0	0	96	1128	14178	0	0	0	0	0	0	0	0	218	86	0	0	380	10202	590	3480	134	696	0	90	0	0	0	926	0	2574	0	748	0	2964	88	530	0	124	188	494	1530	7676	0	80	0	302	0	222	0	160	128	7848	9682	0	0	222	0	0	0	0	0	156	0	92	0	110	0	0	0	224	0	0	0	212	0	0	0	0	0	0	0	0	0	0	0	0	0	0	0	0	0	0	0	0	632	0	0	0	0	0	
380000	Caudate_L	4382	1108	17758	11530	2294	0	630	12616	368	0	5240	4120	798	4292	642	490	4192	0	10352	6570	8422	7296	478	404	458	96	3410	1088	9654	4708	8176	3724	88	424	118	0	270	1396	0	196	0	0	0	0	0	0	0	0	0	0	0	0	0	0	0	0	774	0	0	0	0	0	0	0	0	0	0	0	856	0	0	9786	18510	3270	3394	0	8540	3330	0	0	2646	0	1106	0	0	0	0	0	0	0	0	0	0	0	0	0	0	0	0	0	0	0	0	0	0	0	0	0	0	0	0	0	0	0	0	0	
312976	Caudate_R	820	5966	898	10664	230	4534	132	1252	0	86	248	932	0	1690	0	832	102	92	2440	13980	4760	6462	1042	5150	930	8680	1240	1954	434	3068	6192	15810	350	2388	0	0	88	422	0	0	0	0	0	0	0	0	0	0	0	0	0	0	0	0	0	0	130	0	0	0	0	0	0	0	0	0	0	0	226	222	9786	0	5766	15326	478	1262	386	19038	0	0	0	0	0	0	0	0	0	0	0	0	0	0	0	0	0	0	0	0	0	0	0	0	0	0	0	0	0	0	0	0	0	0	0	0	0	0	
352456	Putamen_L	7580	106	15672	2254	13394	0	2112	380	5526	0	2236	230	2082	1948	8884	114	1214	0	6148	2114	3780	3706	1956	334	818	0	1882	430	22268	2046	10040	1978	180	162	0	0	8374	96	1846	0	134	0	0	0	0	0	302	0	0	0	0	0	0	0	1810	0	3516	0	0	0	0	0	0	0	0	0	0	0	524	0	18510	5766	0	994	6296	0	3082	184	0	0	992	0	1120	0	112	0	0	0	812	0	0	0	0	0	0	0	98	0	86	0	0	0	0	0	0	0	0	0	0	0	0	0	0	0	0	0	
305624	Putamen_R	820	1028	994	15924	94	5000	104	1970	0	766	530	4544	0	2346	0	3224	212	3030	1376	14574	300	780	490	4460	602	6590	0	1636	578	19302	1864	8178	114	1084	124	0	74	9874	0	4994	0	1536	0	178	0	0	0	644	0	0	0	0	0	0	0	2876	0	268	0	0	0	0	0	0	0	0	0	88	226	0	3270	15326	994	0	0	2614	0	4944	0	0	0	134	0	888	0	150	0	0	0	174	0	198	0	0	0	0	0	410	0	314	0	0	0	0	0	0	0	0	0	0	0	0	0	0	0	0	
48156	Pallidum_L	3982	0	1962	0	0	0	304	0	0	0	274	0	0	0	0	0	372	0	288	0	354	464	0	0	0	0	0	0	636	0	100	0	0	0	0	0	400	0	0	0	0	0	0	0	0	0	0	0	0	0	0	0	0	0	0	0	1524	0	0	0	0	0	0	0	0	0	0	0	306	0	3394	478	6296	0	0	0	2678	0	0	0	266	0	0	0	0	0	0	0	0	0	0	0	0	0	0	0	0	0	0	0	0	0	0	0	0	0	0	0	0	0	0	0	0	0	0	0	
24728	Pallidum_R	74	0	0	2214	0	0	0	0	0	0	0	110	0	0	0	0	0	108	0	2834	0	0	0	80	0	0	0	0	0	146	0	0	0	0	0	0	0	1298	0	936	0	0	0	0	0	0	0	294	0	0	0	0	0	0	0	262	0	0	0	0	0	0	0	0	0	0	0	0	0	0	0	1262	0	2614	0	0	0	132	0	0	0	0	0	0	0	0	0	0	0	0	0	0	0	0	0	0	0	0	0	0	0	0	0	0	0	0	0	0	0	0	0	0	0	0	0	0	
138908	Thalamus_L	24406	602	1478	106	94	0	136	0	0	0	274	0	0	0	0	0	1532	0	782	128	0	0	0	0	0	0	0	0	4852	78	206	0	0	0	0	0	8264	0	964	0	0	0	112	0	0	0	478	0	0	0	100	0	128	0	934	0	2950	0	0	0	0	0	0	0	0	0	0	0	158	0	8540	386	3082	0	2678	0	0	2140	1146	0	1988	0	0	0	402	0	0	0	330	0	0	0	0	0	0	0	0	0	0	0	0	0	0	0	0	0	0	0	0	0	0	0	0	0	0	0	
185020	Thalamus_R	3374	13764	1162	3112	0	0	0	2308	0	0	0	1194	0	182	0	78	88	200	994	1494	0	0	0	120	0	0	0	0	448	1564	162	314	0	94	3386	2022	3570	10026	1418	3866	0	0	0	228	0	84	888	714	0	86	0	90	0	92	820	1454	374	234	0	0	0	0	0	0	0	0	0	512	576	156	3330	19038	184	4944	0	132	2140	0	304	0	212	82	0	0	146	80	0	0	0	0	0	0	0	0	0	0	144	244	0	188	0	0	0	0	0	0	0	0	0	0	94	0	0	0	0	0	
92792	Heschl_L	2508	294	1550	0	0	0	566	0	0	0	1720	0	150	0	0	0	7048	0	574	0	0	0	214	0	0	0	0	0	7770	0	0	0	0	0	78	0	3034	0	160	0	0	0	554	0	0	0	194	0	202	0	2042	0	1070	0	1514	0	3104	0	0	0	102	0	140	0	0	0	202	0	126	0	0	0	0	0	0	0	1146	304	0	0	4664	0	300	0	3620	0	0	0	1446	0	0	0	0	0	0	0	0	0	0	0	0	0	0	0	0	0	0	0	0	0	0	0	0	0	0	0	
59100	Heschl_R	0	458	0	268	0	0	0	0	0	0	0	0	0	0	0	0	0	2580	0	310	0	0	0	0	0	0	0	0	0	4104	0	0	0	414	0	130	0	3044	0	558	0	0	0	590	0	418	0	364	0	486	0	264	0	764	0	1584	0	976	0	0	0	100	0	110	0	124	0	1062	0	92	0	0	0	0	0	0	0	0	0	0	0	7156	0	158	0	2624	0	0	0	650	0	0	0	0	0	0	0	0	0	0	0	0	0	0	0	0	0	0	0	0	162	0	0	0	0	0	
333996	Temporal_Sup_L	5574	182	9544	562	0	0	3910	144	0	0	10818	120	992	0	0	0	24628	0	4152	630	0	0	832	192	0	0	0	0	23230	122	682	288	262	258	0	0	4814	0	890	0	0	0	244	0	0	0	186	0	0	0	506	0	266	0	4120	0	4016	0	0	0	1896	0	7416	0	2356	0	0	0	134	0	2646	0	992	0	266	0	1988	212	4664	0	0	0	9106	0	25908	0	1102	0	6062	0	0	0	0	0	0	0	0	0	86	0	0	0	0	0	0	0	0	0	0	0	0	0	0	0	0	0	
128816	Temporal_Sup_R	0	670	0	0	0	0	0	0	0	0	0	0	0	0	0	0	0	3114	0	102	0	0	0	0	0	0	0	0	0	4954	0	0	0	488	0	110	0	2032	0	304	0	0	0	314	0	354	0	176	0	556	0	462	0	376	0	3086	0	2160	0	0	0	242	0	5964	0	6364	0	1240	0	110	0	0	0	134	0	0	0	82	0	7156	0	0	0	4460	0	13720	0	0	0	5574	0	0	0	0	0	0	0	0	0	0	0	0	0	0	0	0	0	0	0	0	104	0	0	0	0	0	
130800	Temporal_Pole_Sup_L	280	0	1238	460	828	0	676	212	482	0	2908	164	472	0	960	0	3064	0	678	358	858	0	410	90	0	0	0	0	9012	156	90	0	0	0	0	0	3118	0	422	0	1726	0	0	0	0	0	0	0	0	0	0	0	0	0	3594	0	102	0	0	0	0	0	0	0	0	0	0	0	0	0	1106	0	1120	0	0	0	0	0	300	0	9106	0	0	0	9616	0	4882	0	6912	0	0	0	0	0	0	0	0	0	0	0	0	0	0	0	0	0	0	0	0	0	0	0	0	0	0	0	
61240	Temporal_Pole_Sup_R	0	0	0	274	0	0	0	0	0	0	0	364	0	0	0	130	0	764	0	270	0	0	0	0	0	0	0	0	0	2828	0	0	0	0	0	0	0	1212	0	3496	0	2874	0	0	0	0	0	0	0	0	0	0	0	0	0	6276	0	0	0	0	0	0	0	0	0	0	0	0	0	0	0	0	0	888	0	0	0	0	0	158	0	4460	0	0	0	2012	0	2914	0	1700	0	0	0	0	0	0	0	0	0	0	0	0	0	0	0	0	0	0	0	0	0	0	0	0	0	0	
339916	Temporal_Mid_L	936	166	0	0	0	0	0	0	0	0	0	0	0	0	0	0	2264	0	0	0	0	0	0	0	0	0	0	0	3598	0	0	0	136	0	268	136	1790	0	180	0	0	0	4274	0	428	0	466	0	1214	0	17172	0	5984	0	4722	0	2518	0	168	0	17536	0	8108	0	22638	0	1314	0	724	0	0	0	112	0	0	0	402	146	3620	0	25908	0	9616	0	0	0	4876	0	28538	0	0	0	0	0	0	0	0	0	0	0	0	0	0	0	0	0	0	0	0	0	0	0	0	0	0	0	
230192	Temporal_Mid_R	0	930	0	0	0	0	0	0	0	0	0	0	0	0	0	0	0	340	80	216	0	0	0	0	0	0	0	0	0	1104	0	0	0	946	0	304	0	1926	0	440	0	0	0	5344	0	4714	100	792	0	5492	0	11036	0	3472	0	7400	0	1676	0	108	0	1542	0	6784	0	11334	0	4450	168	224	0	0	0	150	0	0	0	80	0	2624	0	13720	0	2012	0	0	0	326	0	24874	0	0	0	0	0	0	82	0	0	0	0	0	0	0	0	0	0	0	0	0	306	0	0	0	0	0	
33132	Temporal_Pole_Mid_L	0	0	0	0	0	0	0	0	0	0	0	0	0	0	0	0	0	0	0	0	0	0	0	0	0	0	0	0	0	0	0	0	0	0	0	0	0	0	0	0	0	0	0	0	0	0	0	0	0	0	0	0	0	0	1290	0	0	0	0	0	0	0	0	0	0	0	0	0	0	0	0	0	0	0	0	0	0	0	0	0	1102	0	4882	0	4876	0	0	0	4416	0	0	0	0	0	0	0	0	0	0	0	0	0	0	0	0	0	0	0	0	0	0	0	0	0	0	0	
16060	Temporal_Pole_Mid_R	0	0	0	0	0	0	0	0	0	0	0	0	0	0	0	0	0	0	0	0	0	0	0	0	0	0	0	0	0	0	0	0	0	0	0	0	0	0	0	1356	0	486	0	0	0	0	0	0	0	0	0	0	0	0	0	1986	0	0	0	0	0	0	0	0	0	0	0	0	0	0	0	0	0	0	0	0	0	0	0	0	0	0	0	2914	0	326	0	0	0	962	0	0	0	0	0	0	0	0	0	0	0	0	0	0	0	0	0	0	0	0	0	0	0	0	0	0	
250600	Temporal_Inf_L	346	0	124	0	0	0	0	0	0	0	0	0	0	0	0	0	390	0	0	0	0	0	0	0	0	0	0	0	4046	0	0	0	0	0	194	80	8340	0	3092	0	934	0	1532	0	0	0	1936	0	112	0	4550	0	4104	0	23028	0	614	0	0	0	3914	0	664	0	4474	0	474	0	286	0	0	0	812	0	0	0	330	0	1446	0	6062	0	6912	0	28538	0	4416	0	0	0	5724	0	694	0	0	0	2510	0	4456	0	88	0	0	0	0	0	0	0	0	0	78	0	0	0	0	0	
171732	Temporal_Inf_R	0	840	0	0	0	0	0	0	0	0	0	0	0	0	0	0	0	204	94	288	0	0	0	0	0	0	0	0	0	972	0	0	0	914	0	350	0	1860	0	812	0	130	0	3154	0	2336	76	1056	0	2650	0	2388	0	4426	0	13618	0	1642	0	78	0	1146	0	3484	0	3788	0	3392	202	212	0	0	0	174	0	0	0	0	0	650	0	5574	0	1700	0	24874	0	962	0	0	0	748	0	114	0	0	86	74	0	402	0	0	0	0	0	0	0	0	0	0	396	0	0	0	0	0	
535424	Cerebelum_Crus1_L	0	0	0	0	0	0	0	0	0	0	0	0	0	0	0	0	0	0	0	0	0	0	0	0	0	0	0	0	0	0	0	0	0	0	98	0	360	0	1170	0	0	0	280	192	0	104	12492	3166	0	104	544	0	996	172	22054	2060	0	0	0	0	0	0	0	0	0	0	1062	134	0	0	0	0	0	0	0	0	0	0	0	0	0	0	0	0	0	0	0	0	5724	0	0	5124	44242	4002	502	2248	24096	2152	59048	7360	10900	238	12134	2770	1276	618	222	0	440	2582	8808	11652	9088	2190	2154	3154	
512036	Cerebelum_Crus1_R	0	0	0	0	0	0	0	0	0	0	0	0	0	0	0	0	0	0	0	0	0	0	0	0	0	0	0	0	0	0	0	0	0	0	142	282	0	1970	0	2176	0	120	212	470	0	192	5426	9082	0	164	452	90	1478	594	2740	19636	0	0	0	0	0	0	0	0	0	0	0	870	0	0	0	0	0	198	0	0	0	0	0	0	0	0	0	0	0	0	0	0	0	748	5124	0	4906	33956	90	2966	7708	24202	8786	54540	700	4704	1006	18126	196	1412	0	362	290	3506	10432	8572	11492	2848	1434	1618	
464916	Cerebelum_Crus2_L	0	0	0	0	0	0	0	0	0	0	0	0	0	0	0	0	0	0	0	0	0	0	0	0	0	0	0	0	0	0	0	0	0	0	0	0	0	0	0	0	0	0	82	96	0	0	1264	1852	0	0	162	0	158	108	1682	1384	0	0	0	0	0	0	0	0	0	0	0	0	0	0	0	0	0	0	0	0	0	0	0	0	0	0	0	0	0	0	0	0	694	0	44242	4906	0	15820	386	1816	6322	1370	20314	5216	27428	5892	24544	9772	1928	2116	350	0	718	2152	5026	8320	20038	7822	4362	4116	
352304	Cerebelum_Crus2_R	0	0	0	0	0	0	0	0	0	0	0	0	0	0	0	0	0	0	0	0	0	0	0	0	0	0	0	0	0	0	0	0	0	0	0	0	0	176	0	212	0	0	0	0	0	0	840	886	0	0	0	0	214	0	496	1614	0	0	0	0	0	0	0	0	0	0	0	0	0	0	0	0	0	0	0	0	0	0	0	0	0	0	0	0	0	0	0	0	0	114	4002	33956	15820	0	102	412	1536	2768	2086	13434	5928	21962	3370	30628	76	4142	0	484	416	654	2014	2650	17840	4768	1646	906	
49088	Cerebelum_3_L	0	0	0	0	0	0	0	0	0	0	0	0	0	0	0	0	0	0	0	0	0	0	0	0	0	0	0	0	0	0	0	0	0	0	0	0	0	0	270	0	0	0	0	0	0	0	490	0	0	0	0	0	0	0	146	0	0	0	0	0	0	0	0	0	0	0	0	0	0	0	0	0	0	0	0	0	0	0	0	0	0	0	0	0	0	0	0	0	0	0	502	90	386	102	0	82	4296	0	794	112	162	0	2046	370	2470	280	268	0	1026	2548	516	322	1496	1806	2114	1850	
92624	Cerebelum_3_R	0	0	0	0	0	0	0	0	0	0	0	0	0	0	0	0	0	0	0	0	0	0	0	0	0	0	0	0	0	0	0	0	0	0	0	0	0	180	0	292	0	0	0	0	0	0	102	576	0	0	0	0	0	0	322	222	0	0	0	0	0	0	0	0	0	0	0	0	0	0	0	0	0	0	0	0	0	0	0	0	0	0	0	0	0	0	0	0	0	0	2248	2966	1816	412	82	0	3030	5508	2726	5836	786	0	990	2204	134	908	0	0	610	5684	3562	648	1356	1524	1060	528	
557124	Cerebelum_4_5_L	0	76	0	0	0	0	0	0	0	0	0	0	0	0	0	0	0	0	0	0	0	0	0	0	0	0	0	0	86	76	0	0	0	84	404	290	1238	786	2268	330	0	0	1288	2350	0	1276	27752	6874	98	1150	1856	1024	3812	448	21328	3278	0	108	0	0	0	0	0	0	0	0	2266	2614	0	0	0	0	98	0	0	0	0	144	0	0	0	0	0	0	0	82	0	0	2510	86	24096	7708	6322	1536	4296	3030	0	13222	44190	13520	3182	0	6066	4082	3468	284	242	0	394	6010	31940	3580	5802	3848	2620	3044	
395588	Cerebelum_4_5_R	0	0	0	0	0	0	0	0	0	0	0	0	0	0	0	0	0	0	0	0	0	0	0	0	0	0	0	0	0	120	0	0	0	0	352	578	166	4726	0	5286	0	334	370	1000	0	148	8020	13396	0	204	536	194	1810	944	4060	16570	0	0	0	0	0	0	0	0	0	0	0	2944	0	0	0	0	0	410	0	0	0	244	0	0	0	0	0	0	0	0	0	0	0	74	2152	24202	1370	2768	0	5508	13222	0	7412	38318	450	82	736	4150	84	1192	0	110	208	4888	20376	1820	3288	1648	740	584	
642572	Cerebelum_6_L	0	0	0	0	0	0	0	0	0	0	0	0	0	0	0	0	0	0	0	0	0	0	0	0	0	0	0	0	0	0	0	0	0	0	116	0	732	230	1858	216	0	0	1140	378	0	144	25290	6506	262	136	1894	92	4136	380	31814	4872	0	0	0	0	0	0	0	0	0	0	1496	374	0	0	0	0	86	0	0	0	0	0	0	0	86	0	0	0	0	0	0	0	4456	0	59048	8786	20314	2086	794	2726	44190	7412	0	16340	5016	0	6058	3810	1204	224	320	0	260	4548	21052	15722	7440	2878	1560	2804	
597244	Cerebelum_6_R	0	0	0	0	0	0	0	0	0	0	0	0	0	0	0	0	0	0	0	0	0	0	0	0	0	0	0	0	0	82	0	0	0	0	240	414	78	3378	0	4092	0	270	412	810	0	396	9428	14628	128	274	730	152	2132	1820	4300	26320	0	0	0	0	0	0	0	0	0	0	0	1214	0	0	0	0	0	314	0	0	0	188	0	0	0	0	0	0	0	0	0	0	0	402	7360	54540	5216	13434	112	5836	13520	38318	16340	0	500	498	1134	9130	242	1270	0	446	308	6468	20216	14930	9992	3216	1482	1912	
258008	Cerebelum_7b_L	0	0	0	0	0	0	0	0	0	0	0	0	0	0	0	0	0	0	0	0	0	0	0	0	0	0	0	0	0	0	0	0	0	0	0	0	0	0	0	0	0	0	0	0	0	0	0	0	0	0	0	0	0	0	310	0	0	0	0	0	0	0	0	0	0	0	0	0	0	0	0	0	0	0	0	0	0	0	0	0	0	0	0	0	0	0	0	0	88	0	10900	700	27428	5928	162	786	3182	450	5016	500	0	3346	31918	6846	4436	1524	630	0	166	620	1742	484	7476	8464	3284	2618	
158796	Cerebelum_7b_R	0	0	0	0	0	0	0	0	0	0	0	0	0	0	0	0	0	0	0	0	0	0	0	0	0	0	0	0	0	0	0	0	0	0	0	0	0	0	0	0	0	0	0	0	0	0	0	0	0	0	0	0	0	0	0	0	0	0	0	0	0	0	0	0	0	0	0	0	0	0	0	0	0	0	0	0	0	0	0	0	0	0	0	0	0	0	0	0	0	0	238	4704	5892	21962	0	0	0	82	0	498	3346	0	2068	26210	0	6940	0	0	0	0	0	0	4210	3078	170	0	
355700	Cerebelum_8_L	0	0	0	0	0	0	0	0	0	0	0	0	0	0	0	0	0	0	0	0	0	0	0	0	0	0	0	0	0	0	0	0	0	0	0	0	0	0	0	0	0	0	0	0	0	0	0	0	0	0	0	0	0	0	468	0	0	0	0	0	0	0	0	0	0	0	0	0	0	0	0	0	0	0	0	0	0	0	0	0	0	0	0	0	0	0	0	0	0	0	12134	1006	24544	3370	2046	990	6066	736	6058	1134	31918	2068	0	8084	17010	3172	1798	0	932	2552	3606	1726	9768	16546	11080	9038	
395172	Cerebelum_8_R	0	0	0	0	0	0	0	0	0	0	0	0	0	0	0	0	0	0	0	0	0	0	0	0	0	0	0	0	0	0	0	0	0	0	0	0	0	262	0	312	0	0	0	0	0	0	88	462	0	0	0	0	0	0	94	712	0	0	0	0	0	0	0	0	0	0	0	152	0	0	0	0	0	0	0	0	0	0	0	0	0	0	0	0	0	0	0	0	0	0	2770	18126	9772	30628	370	2204	4082	4150	3810	9130	6846	26210	8084	0	588	19680	0	1300	1388	4350	4846	1666	14032	12906	5830	2736	
109348	Cerebelum_9_L	0	0	0	0	0	0	0	0	0	0	0	0	0	0	0	0	0	0	0	0	0	0	0	0	0	0	0	0	0	0	0	0	0	0	0	0	0	0	0	0	0	0	0	0	0	0	0	0	0	0	0	0	0	0	438	0	0	0	0	0	0	0	0	0	0	0	0	0	0	0	0	0	0	0	0	0	0	0	0	0	0	0	0	0	0	0	0	0	0	0	1276	196	1928	76	2470	134	3468	84	1204	242	4436	0	17010	588	0	1096	2760	0	604	1268	648	266	1722	3796	4970	3994	
133648	Cerebelum_9_R	0	0	0	0	0	0	0	0	0	0	0	0	0	0	0	0	0	0	0	0	0	0	0	0	0	0	0	0	0	0	0	0	0	0	0	0	0	0	0	0	0	0	0	0	0	0	0	0	0	0	0	0	0	0	0	0	0	0	0	0	0	0	0	0	0	0	0	0	0	0	0	0	0	0	0	0	0	0	0	0	0	0	0	0	0	0	0	0	0	0	618	1412	2116	4142	280	908	284	1192	224	1270	1524	6940	3172	19680	1096	0	0	1180	846	960	358	294	2340	5844	6680	3464	
14356	Cerebelum_10_L	0	0	0	0	0	0	0	0	0	0	0	0	0	0	0	0	0	0	0	0	0	0	0	0	0	0	0	0	0	0	0	0	0	0	0	0	0	0	0	0	0	0	0	0	0	0	0	0	0	0	0	0	0	0	210	0	0	0	0	0	0	0	0	0	0	0	0	0	0	0	0	0	0	0	0	0	0	0	0	0	0	0	0	0	0	0	0	0	0	0	222	0	350	0	268	0	242	0	320	0	630	0	1798	0	2760	0	0	0	0	0	0	0	0	90	152	136	
7764	Cerebelum_10_R	0	0	0	0	0	0	0	0	0	0	0	0	0	0	0	0	0	0	0	0	0	0	0	0	0	0	0	0	0	0	0	0	0	0	0	0	0	0	0	0	0	0	0	0	0	0	0	0	0	0	0	0	0	0	0	0	0	0	0	0	0	0	0	0	0	0	0	0	0	0	0	0	0	0	0	0	0	0	0	0	0	0	0	0	0	0	0	0	0	0	0	362	0	484	0	0	0	110	0	446	0	0	0	1300	0	1180	0	0	0	0	0	0	0	0	0	0	
