data	data	634908	383680	729268	626104	144288	69248	435388	226792	82568	25852	172496	232900	292496	149648	144096	82392	184556	185856	663600	845920	85008	91604	290936	311816	26652	64348	71944	72596	471672	349552	382432	508112	144808	459332	238276	279992	214040	357756	84292	254608	38888	80824	286016	446500	213684	344764	209100	237076	201040	254748	510120	226732	180840	108968	420832	580872	301984	180592	171280	97628	196576	122612	92476	118416	121464	165152	344176	594332	371892	410096	273516	338516	261932	328988	64380	57176	98924	137736	65340	17232	168580	98256	81708	143620	291416	235524	32816	35984	272536	244592	458948	416980	357396	329412	34812	86384	202208	182368	427068	388936	228540	88652	338780	301388	155244	145956	47148	7716	25436	84504	181444	188624	218668	151660	114124	38184	
data	data	Precentral_L	Precentral_R	Frontal_Sup_L	Frontal_Sup_R	Frontal_Sup_Orb_L	Frontal_Sup_Orb_R	Frontal_Mid_L	Frontal_Mid_R	Frontal_Mid_Orb_L	Frontal_Mid_Orb_R	Frontal_Inf_Oper_L	Frontal_Inf_Oper_R	Frontal_Inf_Tri_L	Frontal_Inf_Tri_R	Frontal_Inf_Orb_L	Frontal_Inf_Orb_R	Rolandic_Oper_L	Rolandic_Oper_R	Supp_Motor_Area_L	Supp_Motor_Area_R	Olfactory_L	Olfactory_R	Frontal_Sup_Medial_L	Frontal_Sup_Medial_R	Frontal_Med_Orb_L	Frontal_Med_Orb_R	Rectus_L	Rectus_R	Insula_L	Insula_R	Cingulum_Ant_L	Cingulum_Ant_R	Cingulum_Mid_L	Cingulum_Mid_R	Cingulum_Post_L	Cingulum_Post_R	Hippocampus_L	Hippocampus_R	ParaHippocampal_L	ParaHippocampal_R	Amygdala_L	Amygdala_R	Calcarine_L	Calcarine_R	Cuneus_L	Cuneus_R	Lingual_L	Lingual_R	Occipital_Sup_L	Occipital_Sup_R	Occipital_Mid_L	Occipital_Mid_R	Occipital_Inf_L	Occipital_Inf_R	Fusiform_L	Fusiform_R	Postcentral_L	Postcentral_R	Parietal_Sup_L	Parietal_Sup_R	Parietal_Inf_L	Parietal_Inf_R	SupraMarginal_L	SupraMarginal_R	Angular_L	Angular_R	Precuneus_L	Precuneus_R	Paracentral_Lobule_L	Paracentral_Lobule_R	Caudate_L	Caudate_R	Putamen_L	Putamen_R	Pallidum_L	Pallidum_R	Thalamus_L	Thalamus_R	Heschl_L	Heschl_R	Temporal_Sup_L	Temporal_Sup_R	Temporal_Pole_Sup_L	Temporal_Pole_Sup_R	Temporal_Mid_L	Temporal_Mid_R	Temporal_Pole_Mid_L	Temporal_Pole_Mid_R	Temporal_Inf_L	Temporal_Inf_R	Cerebelum_Crus1_L	Cerebelum_Crus1_R	Cerebelum_Crus2_L	Cerebelum_Crus2_R	Cerebelum_3_L	Cerebelum_3_R	Cerebelum_4_5_L	Cerebelum_4_5_R	Cerebelum_6_L	Cerebelum_6_R	Cerebelum_7b_L	Cerebelum_7b_R	Cerebelum_8_L	Cerebelum_8_R	Cerebelum_9_L	Cerebelum_9_R	Cerebelum_10_L	Cerebelum_10_R	Vermis_1_2	Vermis_3	Vermis_4_5	Vermis_6	Vermis_7	Vermis_8	Vermis_9	Vermis_10	
634908	Precentral_L	0	6870	22084	2882	116	0	16324	964	0	0	7900	306	1638	0	0	0	11842	160	28250	25616	0	0	160	70	0	0	122	0	11616	202	2164	636	878	10234	1996	2450	6606	1144	568	612	0	0	660	0	0	0	0	0	0	0	4080	0	1274	0	3200	866	31852	88	1374	0	5198	0	1640	0	626	0	1064	644	43874	5966	9026	1428	7626	416	5278	1148	9122	870	3078	0	4146	0	158	114	4786	0	0	0	3222	220	0	0	0	0	0	0	0	0	0	0	0	0	0	0	0	0	0	0	0	0	0	0	0	0	0	0	
383680	Precentral_R	6870	0	366	10394	0	0	978	7782	0	0	220	8130	126	1028	0	0	0	5654	1334	21866	0	0	0	0	0	0	0	0	246	6150	148	250	1422	15474	1942	3450	0	6078	0	2102	0	0	0	3188	0	1592	0	554	0	0	0	722	0	592	176	4542	558	14602	0	0	0	626	0	868	0	690	840	6264	10348	19430	1656	2432	852	7514	0	1138	424	3666	0	0	0	168	0	3036	0	1522	0	0	0	1510	0	110	0	0	0	0	0	0	0	114	0	0	0	0	0	0	0	0	0	0	96	0	0	0	0	0	
729268	Frontal_Sup_L	22084	366	0	7236	8204	0	69508	1798	1392	0	6512	78	24838	0	5804	0	5184	0	64988	13042	0	0	36380	3298	212	0	222	0	22388	0	17486	4732	5166	3502	306	90	1368	0	104	0	0	0	0	0	0	0	0	0	0	0	214	0	0	0	466	0	3264	0	104	0	706	0	0	0	0	0	0	0	11606	0	3906	1258	7938	382	3702	230	1686	112	680	0	1308	0	504	0	0	0	0	0	280	0	0	0	0	0	0	0	0	0	0	0	0	0	0	0	0	0	0	0	0	0	0	0	0	0	0	0	
626104	Frontal_Sup_R	2882	10394	7236	0	74	1808	4054	32362	0	582	950	8288	362	9696	96	2564	100	3636	13524	53620	0	0	8016	35754	78	1924	0	0	1016	11274	7826	42802	1274	15176	126	176	0	1122	0	410	0	0	0	122	0	72	0	0	0	0	0	0	0	0	0	460	330	942	0	0	148	98	0	114	0	0	96	300	90	192	2768	12456	848	9778	0	1828	0	1228	0	0	0	100	82	1798	0	0	0	0	0	0	0	0	0	0	0	0	0	0	0	0	0	0	0	0	0	0	0	0	0	0	0	0	0	0	0	0	
144288	Frontal_Sup_Orb_L	116	0	8204	74	0	0	2502	0	10752	0	140	0	4930	0	10430	0	0	0	560	0	2612	230	4310	484	2848	0	6292	0	7214	0	4884	622	0	0	0	0	0	0	0	0	118	0	0	0	0	0	0	0	0	0	0	0	0	0	0	0	0	0	0	0	0	0	0	0	0	0	0	0	0	0	516	158	3564	0	0	0	0	0	0	0	0	0	584	0	0	0	0	0	0	0	0	0	0	0	0	0	0	0	0	0	0	0	0	0	0	0	0	0	0	0	0	0	0	0	0	0	
69248	Frontal_Sup_Orb_R	0	0	0	1808	0	0	0	788	0	3250	0	0	0	878	0	4064	0	0	0	210	246	2452	0	2460	0	5166	214	7594	0	1204	368	1674	0	0	0	0	0	0	0	0	0	0	0	0	0	0	0	0	0	0	0	0	0	0	0	0	0	0	0	0	0	0	0	0	0	0	0	0	0	0	242	710	0	1296	0	0	0	0	0	0	0	0	0	0	0	0	0	0	0	0	0	0	0	0	0	0	0	0	0	0	0	0	0	0	0	0	0	0	0	0	0	0	0	0	0	0	
435388	Frontal_Mid_L	16324	978	69508	4054	2502	0	0	2108	3322	0	7226	206	28342	0	5580	0	564	0	19706	2200	0	0	16736	844	0	0	116	0	8864	120	9162	1792	2312	240	0	0	844	70	70	0	0	0	0	0	0	0	0	0	0	0	244	0	0	0	0	0	1056	0	102	0	362	0	0	0	0	0	0	0	164	74	1782	718	1636	240	3036	1422	2348	128	214	0	160	0	142	0	0	0	0	0	76	0	0	0	0	0	0	0	0	0	0	0	0	0	0	0	0	0	0	0	0	0	0	0	0	0	0	0	
226792	Frontal_Mid_R	964	7782	1798	32362	0	788	2108	0	0	1868	452	8412	268	13594	0	2956	0	554	4318	9222	0	0	320	4506	0	0	0	0	244	2126	788	7174	92	3998	0	0	0	124	0	0	0	0	0	0	0	0	0	0	0	0	0	0	0	0	0	80	88	256	0	0	0	0	0	0	0	0	0	0	0	0	1156	676	416	1512	0	1784	0	280	0	0	0	0	0	330	0	0	0	0	0	0	0	0	0	0	0	0	0	0	0	0	0	0	0	0	0	0	0	0	0	0	0	0	0	0	0	0	
82568	Frontal_Mid_Orb_L	0	0	1392	0	10752	0	3322	0	0	0	0	0	5984	0	11724	0	0	0	0	0	780	186	0	0	302	0	3082	0	1488	0	418	186	0	0	0	0	0	0	0	0	0	0	0	0	0	0	0	0	0	0	0	0	0	0	0	0	0	0	0	0	0	0	0	0	0	0	0	0	0	0	262	126	1010	0	0	0	0	0	0	0	0	0	270	0	0	0	0	0	0	0	0	0	0	0	0	0	0	0	0	0	0	0	0	0	0	0	0	0	0	0	0	0	0	0	0	0	
25852	Frontal_Mid_Orb_R	0	0	0	582	0	3250	0	1868	0	0	0	0	0	1398	0	5146	0	0	0	0	0	0	0	0	0	0	0	326	0	356	0	0	0	0	0	0	0	0	0	0	0	0	0	0	0	0	0	0	0	0	0	0	0	0	0	0	0	0	0	0	0	0	0	0	0	0	0	0	0	0	0	0	0	0	0	0	0	0	0	0	0	0	0	0	0	0	0	0	0	0	0	0	0	0	0	0	0	0	0	0	0	0	0	0	0	0	0	0	0	0	0	0	0	0	0	0	
172496	Frontal_Inf_Oper_L	7900	220	6512	950	140	0	7226	452	0	0	0	0	13788	0	208	0	6190	0	5578	958	0	0	1276	0	0	0	0	0	13034	0	7756	0	184	0	0	0	864	0	0	0	0	0	0	0	0	0	0	0	0	0	0	0	0	0	284	0	2946	0	0	0	0	0	0	0	0	0	0	0	586	0	948	760	2388	104	194	112	168	0	326	0	2256	0	1940	0	0	0	0	0	0	0	0	0	0	0	0	0	0	0	0	0	0	0	0	0	0	0	0	0	0	0	0	0	0	0	0	0	
232900	Frontal_Inf_Oper_R	306	8130	78	8288	0	0	206	8412	0	0	0	0	0	11024	0	94	0	10976	578	5192	0	0	0	3226	0	0	0	0	128	18954	584	7800	0	1130	0	0	0	2190	0	1336	0	130	0	0	0	0	0	0	0	0	0	0	0	0	0	1642	0	598	0	0	0	0	0	0	0	0	0	0	0	0	536	4098	218	8760	0	2754	0	1404	0	0	0	268	0	7188	0	0	0	0	0	222	0	0	0	0	0	0	0	0	0	0	0	0	0	0	0	0	0	0	0	0	0	0	0	0	0	0	
292496	Frontal_Inf_Tri_L	1638	126	24838	362	4930	0	28342	268	5984	0	13788	0	0	0	17580	0	1026	0	5128	0	0	0	4392	424	0	0	170	0	21852	0	9650	482	554	0	0	0	106	0	0	0	0	0	0	0	0	0	0	0	0	0	0	0	0	0	0	0	492	0	0	0	0	0	0	0	0	0	0	0	82	0	256	0	1066	0	0	0	0	0	0	0	712	0	2000	0	0	0	0	0	0	0	0	0	0	0	0	0	0	0	0	0	0	0	0	0	0	0	0	0	0	0	0	0	0	0	0	0	
149648	Frontal_Inf_Tri_R	0	1028	0	9696	0	878	0	13594	0	1398	0	11024	0	0	0	4864	0	454	578	2448	0	320	76	5612	0	0	0	642	0	8942	304	8114	0	1588	0	0	0	0	0	0	0	0	0	0	0	0	0	0	0	0	0	0	0	0	0	0	0	380	0	0	0	0	0	0	0	0	0	0	0	0	0	1244	0	1178	0	282	0	0	0	0	0	0	0	180	0	0	0	0	0	0	0	0	0	0	0	0	0	0	0	0	0	0	0	0	0	0	0	0	0	0	0	0	0	0	0	0	
144096	Frontal_Inf_Orb_L	0	0	5804	96	10430	0	5580	0	11724	0	208	0	17580	0	0	0	88	0	580	0	1778	0	1034	292	0	0	870	0	10646	0	816	378	114	0	0	0	282	0	78	0	138	0	0	0	0	0	0	0	0	0	0	0	0	0	132	0	0	0	0	0	0	0	0	0	0	0	0	0	0	0	200	0	910	0	0	0	0	0	0	0	0	0	2290	0	0	0	0	0	0	0	0	0	0	0	0	0	0	0	0	0	0	0	0	0	0	0	0	0	0	0	0	0	0	0	0	0	
82392	Frontal_Inf_Orb_R	0	0	0	2564	0	4064	0	2956	0	5146	0	94	0	4864	0	0	0	0	152	202	0	2436	0	232	0	0	0	2484	0	8632	0	108	0	188	0	0	0	998	0	828	0	1066	0	0	0	0	0	0	0	0	0	0	0	0	0	582	0	0	0	0	0	0	0	0	0	0	0	0	0	0	0	224	0	2028	0	0	0	0	0	0	0	110	0	812	0	0	0	272	0	154	0	0	0	0	0	0	0	0	0	0	0	0	0	0	0	0	0	0	0	0	0	0	0	0	0	0	
184556	Rolandic_Oper_L	11842	0	5184	100	0	0	564	0	0	0	6190	0	1026	0	88	0	0	0	7462	174	0	0	144	0	0	0	130	0	17920	0	1242	0	0	0	98	98	1152	0	0	0	0	0	298	0	0	0	0	0	0	0	722	0	180	0	1434	0	7268	0	378	0	644	0	2620	0	484	0	260	0	4332	0	1000	94	1500	0	180	0	128	0	3436	0	9340	0	922	0	2628	0	0	0	1016	0	0	0	0	0	0	0	0	0	0	0	0	0	0	0	0	0	0	0	0	0	0	0	0	0	0	0	
185856	Rolandic_Oper_R	160	5654	0	3636	0	0	0	554	0	0	0	10976	0	454	0	0	0	0	282	3764	0	0	0	170	0	0	0	0	86	18038	98	1460	0	94	82	90	0	3754	0	2036	0	124	0	1036	0	486	0	162	0	0	0	0	0	0	0	3134	0	2824	0	0	0	0	0	1394	0	0	0	1256	0	92	218	4538	100	9256	0	1440	0	1818	0	528	0	3098	0	9210	0	96	0	0	0	730	0	0	0	0	0	0	0	0	0	0	0	0	0	0	0	0	0	0	0	0	0	0	0	0	0	0	
663600	Supp_Motor_Area_L	28250	1334	64988	13524	560	0	19706	4318	0	0	5578	578	5128	578	580	152	7462	282	0	44340	0	0	8250	4096	0	0	124	0	13876	286	10398	5296	9628	18778	432	88	1156	72	0	0	0	0	0	0	0	0	0	0	0	0	0	0	0	0	560	70	4356	0	0	0	428	0	0	0	0	0	86	0	23898	716	8750	3214	11880	888	1132	552	1428	0	784	0	1880	0	896	78	0	0	0	0	366	0	0	0	0	0	0	0	0	0	0	0	0	0	0	0	0	0	0	0	0	0	0	0	0	0	0	0	
845920	Supp_Motor_Area_R	25616	21866	13042	53620	0	210	2200	9222	0	0	958	5192	0	2448	0	202	174	3764	44340	0	0	70	984	8790	0	106	0	0	1220	5224	4380	22438	7350	46542	2228	4400	84	1544	0	414	0	0	0	1402	0	558	0	240	0	0	0	0	0	122	184	804	1520	838	0	0	0	210	0	208	0	184	400	2516	27744	24016	6034	30912	2054	5778	508	1382	1386	22550	0	0	82	102	84	1608	0	416	0	0	0	490	0	0	0	0	0	0	0	0	0	0	0	0	0	0	0	0	0	0	0	0	0	0	0	0	0	0	
85008	Olfactory_L	0	0	0	0	2612	246	0	0	780	0	0	0	0	0	1778	0	0	0	0	0	0	5962	0	0	530	316	5230	2022	3038	112	3296	2578	0	0	0	0	480	0	288	0	808	0	0	0	0	0	0	0	0	0	0	0	0	0	184	0	0	0	0	0	0	0	0	0	0	0	0	0	0	0	7168	3038	1904	0	0	0	0	0	0	0	0	0	134	0	0	0	0	0	0	0	0	0	0	0	0	0	0	0	0	0	0	0	0	0	0	0	0	0	0	0	0	0	0	0	0	0	
91604	Olfactory_R	0	0	0	0	230	2452	0	0	186	0	0	0	0	320	0	2436	0	0	0	70	5962	0	0	0	292	884	3130	5550	0	2826	2460	3126	0	0	0	0	0	190	0	120	0	734	0	0	0	0	0	0	0	0	0	0	0	0	0	0	0	0	0	0	0	0	0	0	0	0	0	0	0	0	6954	5754	2048	0	0	0	0	78	0	0	0	0	0	0	0	0	0	0	0	0	0	0	0	0	0	0	0	0	0	0	0	0	0	0	0	0	0	0	0	0	0	0	0	0	0	0	
290936	Frontal_Sup_Medial_L	160	0	36380	8016	4310	0	16736	320	0	0	1276	0	4392	76	1034	0	144	0	8250	984	0	0	0	17864	1460	650	0	0	3692	0	19128	10750	3938	5256	0	0	0	0	0	0	0	0	0	0	0	0	0	0	0	0	0	0	0	0	0	0	84	0	0	0	0	0	0	0	0	0	0	0	0	0	76	0	360	0	0	132	0	0	0	0	0	0	0	0	0	0	0	0	0	0	0	0	0	0	0	0	0	0	0	0	0	0	0	0	0	0	0	0	0	0	0	0	0	0	0	0	
311816	Frontal_Sup_Medial_R	70	0	3298	35754	484	2460	844	4506	0	0	0	3226	424	5612	292	232	0	170	4096	8790	0	0	17864	0	610	5182	0	290	452	5018	8088	27434	332	11470	0	0	0	318	0	178	0	0	0	0	0	0	0	0	0	0	0	0	0	0	0	244	0	0	0	0	0	0	0	0	0	0	0	0	0	0	178	2126	0	5336	0	320	0	86	0	0	0	0	0	124	0	0	0	0	0	0	0	0	0	0	0	0	0	0	0	0	0	0	0	0	0	0	0	0	0	0	0	0	0	0	0	0	
26652	Frontal_Med_Orb_L	0	0	212	78	2848	0	0	0	302	0	0	0	0	0	0	0	0	0	0	0	530	292	1460	610	0	1304	1834	108	170	0	2338	382	0	0	0	0	0	0	0	0	0	0	0	0	0	0	0	0	0	0	0	0	0	0	0	0	0	0	0	0	0	0	0	0	0	0	0	0	0	0	474	256	128	0	0	0	0	0	0	0	0	0	0	0	0	0	0	0	0	0	0	0	0	0	0	0	0	0	0	0	0	0	0	0	0	0	0	0	0	0	0	0	0	0	0	0	
64348	Frontal_Med_Orb_R	0	0	0	1924	0	5166	0	0	0	0	0	0	0	0	0	0	0	0	0	106	316	884	650	5182	1304	0	348	5018	0	0	1750	4700	0	192	0	0	0	0	0	0	0	0	0	0	0	0	0	0	0	0	0	0	0	0	0	0	0	0	0	0	0	0	0	0	0	0	0	0	0	0	290	2468	0	1876	0	0	0	0	0	0	0	0	0	0	0	0	0	0	0	0	0	0	0	0	0	0	0	0	0	0	0	0	0	0	0	0	0	0	0	0	0	0	0	0	0	0	
71944	Rectus_L	122	0	222	0	6292	214	116	0	3082	0	0	0	170	0	870	0	130	0	124	0	5230	3130	0	0	1834	348	0	1540	1340	0	3638	1396	0	0	0	0	0	0	0	0	0	0	0	0	0	0	0	0	0	0	0	0	0	0	0	0	0	0	0	0	0	0	0	0	0	0	0	0	0	0	3316	1170	1688	0	0	0	0	0	0	0	0	0	0	0	0	0	0	0	0	0	0	0	0	0	0	0	0	0	0	0	0	0	0	0	0	0	0	0	0	0	0	0	0	0	0	0	
72596	Rectus_R	0	0	0	0	0	7594	0	0	0	326	0	0	0	642	0	2484	0	0	0	0	2022	5550	0	290	108	5018	1540	0	0	1462	1008	3024	0	0	0	0	0	0	0	0	0	78	0	0	0	0	0	0	0	0	0	0	0	0	0	0	0	0	0	0	0	0	0	0	0	0	0	0	0	0	1742	2118	442	850	0	0	0	0	0	0	0	0	0	0	0	0	0	0	0	0	0	0	0	0	0	0	0	0	0	0	0	0	0	0	0	0	0	0	0	0	0	0	0	0	0	0	
471672	Insula_L	11616	246	22388	1016	7214	0	8864	244	1488	0	13034	128	21852	0	10646	0	17920	86	13876	1220	3038	0	3692	452	170	0	1340	0	0	74	8924	572	146	96	396	422	12356	80	1408	0	3222	0	410	0	82	0	0	0	0	0	612	0	250	0	6264	184	3710	0	212	0	392	0	350	0	100	0	294	0	2628	128	3218	702	18984	198	394	190	1536	118	6676	0	7660	0	5630	0	2126	0	0	0	3502	136	336	0	0	0	0	0	0	0	588	0	0	0	0	0	0	0	0	0	0	0	0	0	0	0	0	0	
349552	Insula_R	202	6150	0	11274	0	1204	120	2126	0	356	0	18954	0	8942	0	8632	0	18038	286	5224	112	2826	0	5018	0	0	0	1462	74	0	512	8162	0	226	330	332	0	9702	0	4978	0	3588	0	256	0	0	0	178	0	0	0	0	0	142	0	6384	0	970	0	0	0	0	0	268	0	0	238	608	0	0	344	3706	106	22526	0	1446	0	2306	0	1228	0	2728	0	10072	0	912	0	146	0	1312	0	0	0	0	0	0	0	0	0	70	0	0	0	0	0	0	0	0	0	0	0	0	0	0	0	0	
382432	Cingulum_Ant_L	2164	148	17486	7826	4884	368	9162	788	418	0	7756	584	9650	304	816	0	1242	98	10398	4380	3296	2460	19128	8088	2338	1750	3638	1008	8924	512	0	21922	7294	4258	392	0	498	0	0	0	0	0	0	0	0	0	0	0	0	0	0	0	0	0	0	0	318	0	0	0	108	0	80	0	0	0	0	0	196	0	9286	5654	8056	1554	308	510	246	0	232	0	486	0	132	72	0	0	0	0	0	0	0	0	0	0	0	0	0	0	0	0	0	0	0	0	0	0	0	0	0	0	0	0	0	0	0	0	
508112	Cingulum_Ant_R	636	250	4732	42802	622	1674	1792	7174	186	0	0	7800	482	8114	378	108	0	1460	5296	22438	2578	3126	10750	27434	382	4700	1396	3024	572	8162	21922	0	1946	16820	0	0	0	612	0	350	0	94	0	0	0	0	0	0	0	0	0	0	0	0	0	460	0	0	0	0	0	0	0	0	0	0	0	0	110	0	5170	20750	1160	13200	0	1958	0	442	0	0	0	82	0	912	0	0	0	0	0	0	0	0	0	0	0	0	0	0	0	0	0	0	0	0	0	0	0	0	0	0	0	0	0	0	0	0	
144808	Cingulum_Mid_L	878	1422	5166	1274	0	0	2312	92	0	0	184	0	554	0	114	0	0	0	9628	7350	0	0	3938	332	0	0	0	0	146	0	7294	1946	0	10116	2674	1096	0	0	0	0	0	0	554	470	486	206	0	0	0	0	1086	0	0	0	0	0	610	0	120	0	482	0	0	0	350	0	5008	680	3856	1892	0	0	0	0	0	0	0	0	0	0	0	0	0	0	0	0	0	0	88	0	0	0	0	0	0	0	0	0	0	0	0	0	0	0	0	0	0	0	0	0	0	0	0	0	0	0	
459332	Cingulum_Mid_R	10234	15474	3502	15176	0	0	240	3998	0	0	0	1130	0	1588	0	188	0	94	18778	46542	0	0	5256	11470	0	192	0	0	96	226	4258	16820	10116	0	3344	7910	0	112	0	110	0	0	0	2956	0	1150	0	772	0	0	0	404	0	320	462	354	1144	478	0	0	0	0	0	0	0	194	986	6670	13534	19966	328	864	0	208	0	322	0	168	0	0	0	0	0	0	0	926	0	0	0	388	0	0	0	0	0	0	0	0	0	0	0	0	0	0	0	0	0	0	0	0	218	0	0	0	0	0	
238276	Cingulum_Post_L	1996	1942	306	126	0	0	0	0	0	0	0	0	0	0	0	0	98	82	432	2228	0	0	0	0	0	0	0	0	396	330	392	0	2674	3344	0	23970	4228	9108	2674	6512	0	0	2316	228	766	76	1124	204	174	0	956	0	1184	372	3128	8270	2844	184	190	0	0	0	0	182	0	0	12530	13034	1324	2928	0	0	0	150	0	0	114	254	0	252	0	252	0	0	732	352	0	0	506	3674	0	0	0	0	0	0	0	0	0	0	0	0	0	0	0	0	0	0	0	0	0	0	0	0	0	0	
279992	Cingulum_Post_R	2450	3450	90	176	0	0	0	0	0	0	0	0	0	0	0	0	98	90	88	4400	0	0	0	0	0	0	0	0	422	332	0	0	1096	7910	23970	0	3500	9774	2058	6838	0	0	158	3218	0	210	0	3752	0	0	122	76	238	1118	1946	9090	1144	570	0	0	0	292	0	576	0	498	8242	23144	820	7036	0	0	0	152	0	0	0	462	148	252	0	284	0	0	168	1594	0	0	376	4888	0	0	0	0	0	0	0	84	0	0	0	0	0	0	0	0	0	0	0	0	2596	0	0	0	0	0	
214040	Hippocampus_L	6606	0	1368	0	0	0	844	0	0	0	864	0	106	0	282	0	1152	0	1156	84	480	0	0	0	0	0	0	0	12356	0	498	0	0	0	4228	3500	0	3542	10672	168	7076	0	814	0	0	0	1918	0	0	0	0	0	164	0	14732	110	1088	0	0	0	0	0	0	0	0	0	1672	84	976	0	190	0	4964	0	504	0	5166	1648	2144	0	2114	0	1692	0	736	0	288	0	8992	0	662	0	0	0	0	0	252	0	1128	0	0	0	0	0	0	0	0	0	0	0	0	0	0	0	0	0	
357756	Hippocampus_R	1144	6078	0	1122	0	0	70	124	0	0	0	2190	0	0	0	998	0	3754	72	1544	0	190	0	318	0	0	0	0	80	9702	0	612	0	112	9108	9774	3542	0	1470	26202	0	10208	0	564	0	0	0	2228	0	0	158	0	76	1336	272	31842	218	264	0	0	0	0	0	0	0	0	5390	7710	362	0	0	0	0	15730	0	652	776	5874	144	482	0	1032	0	3632	234	1878	0	278	228	6926	0	350	0	0	0	80	0	728	0	514	0	0	0	0	0	0	0	0	0	0	506	0	0	0	0	0	
84292	ParaHippocampal_L	568	0	104	0	0	0	70	0	0	0	0	0	0	0	78	0	0	0	0	0	288	0	0	0	0	0	0	0	1408	0	0	0	0	0	2674	2058	10672	1470	0	96	1860	0	616	0	0	0	1836	90	0	0	110	0	226	0	7056	70	0	0	0	0	0	0	0	0	0	0	1356	78	0	0	0	0	862	0	0	0	1208	376	0	0	98	0	652	0	0	0	974	0	1364	0	1222	0	0	0	236	0	544	0	1826	0	0	0	0	0	0	0	0	0	0	0	0	0	0	0	0	0	
254608	ParaHippocampal_R	612	2102	0	410	0	0	0	0	0	0	0	1336	0	0	0	828	0	2036	0	414	0	120	0	178	0	0	0	0	0	4978	0	350	0	110	6512	6838	168	26202	96	0	0	8128	0	946	0	0	0	3690	0	0	138	230	0	986	80	24132	188	106	0	0	0	0	0	0	0	0	4040	7786	414	0	0	0	0	9528	0	636	0	1080	0	142	0	178	0	2950	210	600	0	1056	92	2358	0	244	0	106	0	194	0	1640	0	1216	0	0	0	0	0	90	0	0	0	0	414	0	126	142	148	0	
38888	Amygdala_L	0	0	0	0	118	0	0	0	0	0	0	0	0	0	138	0	0	0	0	0	808	0	0	0	0	0	0	0	3222	0	0	0	0	0	0	0	7076	0	1860	0	0	0	0	0	0	0	0	0	0	0	0	0	0	0	3426	0	0	0	0	0	0	0	0	0	0	0	0	0	0	0	0	0	644	0	0	0	96	0	0	0	0	0	864	0	0	0	480	0	642	0	0	0	0	0	0	0	0	0	70	0	0	0	0	0	0	0	0	0	0	0	0	0	0	0	0	0	
80824	Amygdala_R	0	0	0	0	0	0	0	0	0	0	0	130	0	0	0	1066	0	124	0	0	0	734	0	0	0	0	0	78	0	3588	0	94	0	0	0	0	0	10208	0	8128	0	0	0	0	0	0	0	0	0	0	0	0	0	0	0	7914	0	0	0	0	0	0	0	0	0	0	0	0	0	0	0	0	0	3124	0	0	0	76	0	0	0	0	0	2502	0	538	0	526	0	1582	0	0	0	0	0	0	0	0	0	0	0	0	0	0	0	0	0	0	0	0	0	0	0	0	0	0	
286016	Calcarine_L	660	0	0	0	0	0	0	0	0	0	0	0	0	0	0	0	298	0	0	0	0	0	0	0	0	0	0	0	410	0	0	0	554	0	2316	158	814	0	616	0	0	0	0	9172	14054	6406	12170	1758	11914	3568	26518	1018	10976	234	4790	540	4398	530	2560	808	1044	0	0	0	176	0	15074	1446	444	726	0	0	0	0	0	0	88	0	156	0	0	0	0	0	5774	0	0	0	752	0	88	0	0	0	0	0	0	0	0	0	0	0	0	0	0	0	0	0	0	0	0	0	0	0	0	0	
446500	Calcarine_R	0	3188	0	122	0	0	0	0	0	0	0	0	0	0	0	0	0	1036	0	1402	0	0	0	0	0	0	0	0	0	256	0	0	470	2956	228	3218	0	564	0	946	0	0	9172	0	9296	34156	436	18002	670	18774	148	11428	0	6190	0	9258	0	6168	0	2582	0	3588	0	4922	0	2934	728	46316	0	16332	0	0	0	0	0	0	0	0	0	0	0	834	0	0	0	4614	0	0	0	1684	0	0	0	0	0	0	0	0	0	0	0	0	0	0	0	0	0	0	0	0	632	0	0	0	0	0	
213684	Cuneus_L	0	0	0	0	0	0	0	0	0	0	0	0	0	0	0	0	0	0	0	0	0	0	0	0	0	0	0	0	82	0	0	0	486	0	766	0	0	0	0	0	0	0	14054	9296	0	12142	1140	1020	22546	8148	9646	2876	1268	886	280	1082	642	416	2292	1508	86	0	0	0	0	0	11682	3616	0	432	0	0	0	0	0	0	0	0	0	0	0	0	0	0	450	0	0	0	0	0	0	0	0	0	0	0	0	0	0	0	0	0	0	0	0	0	0	0	0	0	0	0	0	0	0	0	
344764	Cuneus_R	0	1592	0	72	0	0	0	0	0	0	0	0	0	0	0	0	0	486	0	558	0	0	0	0	0	0	0	0	0	0	0	0	206	1150	76	210	0	0	0	0	0	0	6406	34156	12142	0	72	3092	0	32298	0	14472	0	2344	0	2868	0	4746	0	5460	0	1496	0	1908	0	2312	864	28138	0	11402	0	0	0	0	0	0	0	0	0	0	0	380	0	0	0	2954	0	0	0	522	0	0	0	0	0	0	0	0	0	0	0	0	0	0	0	0	0	0	0	0	0	0	0	0	0	0	
209100	Lingual_L	0	0	0	0	0	0	0	0	0	0	0	0	0	0	0	0	0	0	0	0	0	0	0	0	0	0	0	0	0	0	0	0	0	0	1124	0	1918	0	1836	0	0	0	12170	436	1140	72	0	1180	3278	0	10584	0	8380	0	15610	462	98	0	0	0	0	0	0	0	0	0	4534	0	0	0	0	0	0	0	0	0	208	0	0	0	0	0	0	0	320	0	0	0	304	0	6716	556	1158	280	1420	108	10332	346	12602	758	0	0	0	0	92	0	0	0	170	378	3158	1908	752	0	80	82	
237076	Lingual_R	0	554	0	0	0	0	0	0	0	0	0	0	0	0	0	0	0	162	0	240	0	0	0	0	0	0	0	0	0	178	0	0	0	772	204	3752	0	2228	90	3690	0	0	1758	18002	1020	3092	1180	0	212	1720	0	1462	0	3722	250	18994	0	90	0	0	0	78	0	262	0	208	260	9682	0	1354	0	0	0	250	0	0	0	162	0	0	0	0	0	94	0	942	0	0	0	748	2552	6690	956	612	142	348	708	4240	4012	8400	0	0	0	0	0	0	0	0	0	198	4762	6298	1208	0	0	0	
201040	Occipital_Sup_L	0	0	0	0	0	0	0	0	0	0	0	0	0	0	0	0	0	0	0	0	0	0	0	0	0	0	0	0	0	0	0	0	0	0	174	0	0	0	0	0	0	0	11914	670	22546	0	3278	212	0	0	28650	0	4094	0	610	0	588	0	6976	0	794	0	0	0	226	0	18116	0	0	0	0	0	0	0	0	0	0	0	0	0	0	0	0	0	1418	0	0	0	254	0	0	0	0	0	0	0	0	0	0	0	0	0	0	0	0	0	0	0	0	0	0	0	0	0	0	0	
254748	Occipital_Sup_R	0	0	0	0	0	0	0	0	0	0	0	0	0	0	0	0	0	0	0	0	0	0	0	0	0	0	0	0	0	0	0	0	0	0	0	0	0	0	0	0	0	0	3568	18774	8148	32298	0	1720	0	0	0	21624	0	1042	0	1412	0	2842	0	7860	0	1020	0	0	0	3622	0	13408	0	7006	0	0	0	0	0	0	0	0	0	0	0	0	0	0	0	2834	0	0	0	196	0	0	0	0	0	0	0	0	0	0	0	0	0	0	0	0	0	0	0	0	0	0	0	0	0	0	
510120	Occipital_Mid_L	4080	0	214	0	0	0	244	0	0	0	0	0	0	0	0	0	722	0	0	0	0	0	0	0	0	0	0	0	612	0	0	0	1086	0	956	122	0	158	110	138	0	0	26518	148	9646	0	10584	0	28650	0	0	0	28452	0	9724	126	11490	0	20028	0	19328	0	1860	0	18530	0	19498	122	924	0	0	0	90	0	152	0	0	0	298	0	916	0	0	0	26420	0	0	0	13114	0	0	0	0	0	0	0	0	0	0	0	0	0	0	0	0	0	0	0	0	0	0	0	0	0	0	0	
226732	Occipital_Mid_R	0	722	0	0	0	0	0	0	0	0	0	0	0	0	0	0	0	0	0	0	0	0	0	0	0	0	0	0	0	0	0	0	0	404	0	76	0	0	0	230	0	0	1018	11428	2876	14472	0	1462	0	21624	0	0	0	5570	0	2048	0	1706	0	4514	0	5072	0	94	0	14342	0	7282	0	4878	0	0	0	0	0	0	0	0	0	0	0	72	0	0	0	10564	0	0	0	2912	0	0	0	0	0	0	0	0	0	0	0	0	0	0	0	0	0	0	0	0	0	0	0	0	0	0	
180840	Occipital_Inf_L	1274	0	0	0	0	0	0	0	0	0	0	0	0	0	0	0	180	0	0	0	0	0	0	0	0	0	0	0	250	0	0	0	0	0	1184	238	164	76	226	0	0	0	10976	0	1268	0	8380	0	4094	0	28452	0	0	0	13862	72	1798	0	812	0	730	0	0	0	256	0	5302	142	620	0	0	0	0	0	0	0	0	0	342	0	0	0	0	0	4990	0	0	0	4588	0	0	0	0	0	0	0	0	0	144	0	0	0	0	0	0	0	0	0	0	0	0	0	0	0	0	0	
108968	Occipital_Inf_R	0	592	0	0	0	0	0	0	0	0	0	0	0	0	0	0	0	0	0	122	0	0	0	0	0	0	0	0	0	142	0	0	0	320	372	1118	0	1336	0	986	0	0	234	6190	886	2344	0	3722	0	1042	0	5570	0	0	0	8680	0	246	0	140	0	98	0	536	0	132	86	4692	0	888	0	0	0	0	0	0	0	158	0	0	0	312	0	0	0	4428	0	0	0	8578	0	0	0	0	0	0	0	0	80	110	0	0	0	0	0	0	0	0	0	0	226	118	0	0	0	0	
420832	Fusiform_L	3200	176	466	0	0	0	0	0	0	0	284	0	0	0	132	0	1434	0	560	184	184	0	0	0	0	0	0	0	6264	0	0	0	0	462	3128	1946	14732	272	7056	80	3426	0	4790	0	280	0	15610	250	610	0	9724	0	13862	0	0	416	932	0	0	0	98	0	0	0	0	0	3676	754	604	462	0	0	1824	0	0	0	462	0	2210	0	1484	0	2584	0	6496	0	1340	0	20352	270	28482	138	2164	0	178	0	10986	72	33658	172	0	0	86	0	232	0	0	0	0	0	386	616	170	0	0	0	
580872	Fusiform_R	866	4542	0	460	0	0	0	80	0	0	0	1642	0	0	0	582	0	3134	70	804	0	0	0	244	0	0	0	0	184	6384	0	460	0	354	8270	9090	110	31842	70	24132	0	7914	540	9258	1082	2868	462	18994	0	1412	126	2048	72	8680	416	0	164	1090	0	122	0	348	0	2102	0	144	5048	10922	396	492	0	0	0	11930	0	486	0	1034	0	476	0	1680	0	5418	192	3140	0	2072	86	22732	1378	19254	662	1914	0	2014	246	10176	1996	25706	0	0	0	982	0	242	0	0	0	144	2966	3658	1298	264	270	0	
301984	Postcentral_L	31852	558	3264	330	0	0	1056	88	0	0	2946	0	492	0	0	0	7268	0	4356	1520	0	0	84	0	0	0	0	0	3710	0	318	0	610	1144	2844	1144	1088	218	0	188	0	0	4398	0	642	0	98	0	588	0	11490	0	1798	0	932	164	0	108	12380	0	16632	0	5808	0	1724	0	4396	260	5396	1172	4410	204	724	0	458	0	484	140	2604	0	4954	0	0	0	2536	0	0	0	1414	0	0	0	0	0	0	0	0	0	0	0	0	0	0	0	0	0	0	0	0	0	0	0	0	0	0	0	
180592	Postcentral_R	88	14602	0	942	0	0	0	256	0	0	0	598	0	380	0	0	0	2824	0	838	0	0	0	0	0	0	0	0	0	970	0	0	0	478	184	570	0	264	0	106	0	0	530	6168	416	4746	0	90	0	2842	0	1706	0	246	0	1090	108	0	0	2970	0	6504	0	8902	0	3156	76	10870	86	10730	0	0	0	414	0	0	0	216	0	114	0	450	0	0	0	2922	0	0	0	1844	0	0	0	0	0	0	0	0	0	0	0	0	0	0	0	0	0	0	0	0	0	0	0	0	0	0	
171280	Parietal_Sup_L	1374	0	104	0	0	0	102	0	0	0	0	0	0	0	0	0	378	0	0	0	0	0	0	0	0	0	0	0	212	0	0	0	120	0	190	0	0	0	0	0	0	0	2560	0	2292	0	0	0	6976	0	20028	0	812	0	0	0	12380	0	0	0	16832	0	1146	0	4270	0	12230	0	684	0	0	0	0	0	0	0	0	0	0	0	644	0	0	0	858	0	0	0	1448	0	0	0	0	0	0	0	0	0	0	0	0	0	0	0	0	0	0	0	0	0	0	0	0	0	0	0	
97628	Parietal_Sup_R	0	0	0	0	0	0	0	0	0	0	0	0	0	0	0	0	0	0	0	0	0	0	0	0	0	0	0	0	0	0	0	0	0	0	0	0	0	0	0	0	0	0	808	2582	1508	5460	0	0	0	7860	0	4514	0	140	0	122	0	2970	0	0	0	5268	0	868	0	6822	184	7574	0	1938	0	0	0	0	0	0	0	0	0	0	0	0	0	0	0	196	0	0	0	0	0	0	0	0	0	0	0	0	0	0	0	0	0	0	0	0	0	0	0	0	0	0	0	0	0	0	
196576	Parietal_Inf_L	5198	0	706	148	0	0	362	0	0	0	0	0	0	0	0	0	644	0	428	0	0	0	0	0	0	0	0	0	392	0	108	0	482	0	0	0	0	0	0	0	0	0	1044	0	86	0	0	0	794	0	19328	0	730	0	98	0	16632	0	16832	0	0	0	10418	0	13218	0	2188	0	166	0	176	0	182	0	264	0	0	0	0	0	2256	0	0	0	2458	0	0	0	2950	0	0	0	0	0	0	0	0	0	0	0	0	0	0	0	0	0	0	0	0	0	0	0	0	0	0	0	
122612	Parietal_Inf_R	0	626	0	98	0	0	0	0	0	0	0	0	0	0	0	0	0	0	0	210	0	0	0	0	0	0	0	0	0	0	0	0	0	0	0	292	0	0	0	0	0	0	0	3588	0	1496	0	78	0	1020	0	5072	0	98	0	348	0	6504	0	5268	0	0	0	8560	0	17128	0	5708	0	3922	0	0	0	0	0	0	0	0	0	0	0	96	0	0	0	600	0	0	0	594	0	0	0	0	0	0	0	0	0	0	0	0	0	0	0	0	0	0	0	0	0	0	0	0	0	0	
92476	SupraMarginal_L	1640	0	0	0	0	0	0	0	0	0	0	0	0	0	0	0	2620	0	0	0	0	0	0	0	0	0	0	0	350	0	80	0	0	0	0	0	0	0	0	0	0	0	0	0	0	0	0	0	0	0	1860	0	0	0	0	0	5808	0	1146	0	10418	0	0	0	5566	0	650	0	78	0	728	0	0	0	0	0	0	0	80	0	6974	0	0	0	3822	0	0	0	4418	0	0	0	0	0	0	0	0	0	0	0	0	0	0	0	0	0	0	0	0	0	0	0	0	0	0	0	
118416	SupraMarginal_R	0	868	0	114	0	0	0	0	0	0	0	0	0	0	0	0	0	1394	0	208	0	0	0	0	0	0	0	0	0	268	0	0	0	0	182	576	0	0	0	0	0	0	0	4922	0	1908	0	262	0	0	0	94	0	536	0	2102	0	8902	0	868	0	8560	0	0	0	6678	0	5918	0	554	0	0	0	0	0	0	0	0	0	0	0	6594	0	0	0	3010	0	0	0	4690	0	0	0	0	0	0	0	0	0	0	0	0	0	0	0	0	0	0	0	0	0	0	0	0	0	0	
121464	Angular_L	626	0	0	0	0	0	0	0	0	0	0	0	0	0	0	0	484	0	0	0	0	0	0	0	0	0	0	0	100	0	0	0	350	0	0	0	0	0	0	0	0	0	176	0	0	0	0	0	226	0	18530	0	256	0	0	0	1724	0	4270	0	13218	0	5566	0	0	0	994	0	0	0	0	0	0	0	0	0	0	0	0	0	2994	0	0	0	6948	0	0	0	4270	0	0	0	0	0	0	0	0	0	0	0	0	0	0	0	0	0	0	0	0	0	0	0	0	0	0	0	
165152	Angular_R	0	690	0	0	0	0	0	0	0	0	0	0	0	0	0	0	0	0	0	184	0	0	0	0	0	0	0	0	0	0	0	0	0	194	0	498	0	0	0	0	0	0	0	2934	0	2312	0	208	0	3622	0	14342	0	132	0	144	0	3156	0	6822	0	17128	0	6678	0	0	0	6374	0	6268	0	0	0	0	0	0	0	0	0	0	0	3712	0	0	0	6222	0	0	0	956	0	0	0	0	0	0	0	0	0	0	0	0	0	0	0	0	0	0	0	0	0	0	0	0	0	0	
344176	Precuneus_L	1064	840	0	96	0	0	0	0	0	0	0	0	0	0	0	0	260	0	86	400	0	0	0	0	0	0	0	0	294	238	0	0	5008	986	12530	8242	1672	5390	1356	4040	0	0	15074	728	11682	864	4534	260	18116	0	19498	0	5302	86	3676	5048	4396	76	12230	184	2188	0	650	0	994	0	0	11744	2646	682	0	0	0	140	0	0	158	114	106	122	176	160	0	0	4838	204	0	0	1294	1498	0	0	0	0	0	0	0	0	0	0	0	0	0	0	0	0	0	0	0	0	118	0	0	0	0	0	
594332	Precuneus_R	644	6264	0	300	0	0	0	0	0	0	0	0	0	0	0	0	0	1256	0	2516	0	0	0	0	0	0	0	0	0	608	0	0	680	6670	13034	23144	84	7710	78	7786	0	0	1446	46316	3616	28138	0	9682	0	13408	122	7282	142	4692	754	10922	260	10870	0	7574	0	5708	0	5918	0	6374	11744	0	516	29360	0	0	0	224	0	0	0	190	0	252	0	1608	0	0	154	9758	0	0	78	6272	0	0	0	0	0	0	0	274	0	0	0	0	0	0	0	0	0	0	0	0	2738	0	0	0	0	0	
371892	Paracentral_Lobule_L	43874	10348	11606	90	0	0	164	0	0	0	586	0	82	0	0	0	4332	0	23898	27744	0	0	0	0	0	0	0	0	2628	0	196	110	3856	13534	1324	820	976	362	0	414	0	0	444	0	0	0	0	0	0	0	924	0	620	0	604	396	5396	86	684	0	166	0	78	0	0	0	2646	516	0	9262	3950	158	4236	0	2982	0	3176	0	860	0	734	0	0	0	594	0	0	0	490	0	0	0	0	0	0	0	0	0	0	0	0	0	0	0	0	0	0	0	0	0	0	0	0	0	0	0	
410096	Paracentral_Lobule_R	5966	19430	0	192	0	0	74	0	0	0	0	0	0	0	0	0	0	92	716	24016	0	0	0	0	0	0	0	0	128	0	0	0	1892	19966	2928	7036	0	0	0	0	0	0	726	16332	432	11402	0	1354	0	7006	0	4878	0	888	462	492	1172	10730	0	1938	0	3922	0	554	0	6268	682	29360	9262	0	1024	616	144	0	130	0	296	400	0	0	0	976	0	0	0	8608	0	0	0	2264	0	0	0	0	0	0	0	0	0	0	0	0	0	0	0	0	0	0	0	0	294	0	0	0	0	0	
273516	Caudate_L	9026	1656	3906	2768	516	242	1782	1156	262	0	948	536	256	0	200	0	1000	218	8750	6034	7168	6954	76	178	474	290	3316	1742	3218	344	9286	5170	0	328	0	0	190	0	0	0	0	0	0	0	0	0	0	0	0	0	0	0	0	0	0	0	4410	0	0	0	176	0	728	0	0	0	0	0	3950	1024	0	15648	19626	708	3184	680	7494	402	124	0	368	0	110	136	0	0	0	0	0	0	0	0	0	0	0	0	0	0	0	0	0	0	0	0	0	0	0	0	0	0	0	0	0	0	0	0	
338516	Caudate_R	1428	2432	1258	12456	158	710	718	676	126	0	760	4098	0	1244	0	224	94	4538	3214	30912	3038	5754	0	2126	256	2468	1170	2118	702	3706	5654	20750	0	864	0	0	0	0	0	0	0	0	0	0	0	0	0	0	0	0	0	0	0	0	0	0	204	0	0	0	0	0	0	0	0	0	0	0	158	616	15648	0	5232	14386	208	2506	664	13754	0	0	0	70	0	2160	0	0	0	0	0	0	0	0	0	0	0	0	0	0	0	0	0	0	0	0	0	0	0	0	0	0	0	0	0	0	0	0	
261932	Putamen_L	7626	852	7938	848	3564	0	1636	416	1010	0	2388	218	1066	0	910	0	1500	100	11880	2054	1904	2048	360	0	128	0	1688	442	18984	106	8056	1160	0	0	0	0	4964	0	862	0	644	0	0	0	0	0	0	0	0	0	90	0	0	0	1824	0	724	0	0	0	182	0	0	0	0	0	0	0	4236	144	19626	5232	0	348	6820	200	2332	0	152	0	694	0	1924	0	0	0	0	0	606	0	204	0	0	0	0	0	0	0	276	0	0	0	0	0	0	0	0	0	0	0	0	0	0	0	0	0	
328988	Putamen_R	416	7514	382	9778	0	1296	240	1512	0	0	104	8760	0	1178	0	2028	0	9256	888	5778	0	0	0	5336	0	1876	0	850	198	22526	1554	13200	0	208	150	152	0	15730	0	9528	0	3124	0	0	0	0	0	250	0	0	0	0	0	0	0	11930	0	414	0	0	0	0	0	0	0	0	140	224	0	0	708	14386	348	0	0	3220	0	2076	0	0	0	846	0	3942	0	182	0	0	0	1418	0	226	0	0	0	0	0	308	0	314	0	0	0	0	0	0	0	0	0	0	0	0	0	0	0	0	
64380	Pallidum_L	5278	0	3702	0	0	0	3036	0	0	0	194	0	0	0	0	0	180	0	1132	508	0	0	0	0	0	0	0	0	394	0	308	0	0	0	0	0	504	0	0	0	0	0	0	0	0	0	0	0	0	0	152	0	0	0	0	0	458	0	0	0	264	0	0	0	0	0	0	0	2982	130	3184	208	6820	0	0	0	2502	102	152	0	0	0	0	0	0	0	0	0	0	0	0	0	0	0	0	0	0	0	0	0	0	0	0	0	0	0	0	0	0	0	0	0	0	0	0	0	
57176	Pallidum_R	1148	1138	230	1828	0	0	1422	1784	0	0	112	2754	0	282	0	0	0	1440	552	1382	0	0	132	320	0	0	0	0	190	1446	510	1958	0	322	0	0	0	652	0	636	0	0	0	0	0	0	0	0	0	0	0	0	0	0	0	486	0	0	0	0	0	0	0	0	0	0	0	0	0	0	680	2506	200	3220	0	0	0	0	0	0	0	0	0	1176	0	0	0	0	0	0	0	0	0	0	0	0	0	82	0	0	0	0	0	0	0	0	0	0	0	0	0	0	0	0	0	0	
98924	Thalamus_L	9122	424	1686	0	0	0	2348	0	0	0	168	0	0	0	0	0	128	0	1428	1386	0	0	0	0	0	0	0	0	1536	0	246	0	0	0	114	0	5166	776	1208	0	96	0	88	0	0	0	208	0	0	0	0	0	0	0	462	0	484	0	0	0	0	0	0	0	0	0	158	0	3176	296	7494	664	2332	0	2502	0	0	3606	1138	0	144	0	0	0	156	0	0	0	618	0	0	0	0	0	0	0	0	0	104	0	0	0	0	0	0	0	0	0	0	0	0	0	0	0	0	0	
137736	Thalamus_R	870	3666	112	1228	0	0	128	280	0	0	0	1404	0	0	0	0	0	1818	0	22550	0	78	0	86	0	0	0	0	118	2306	0	442	0	168	254	462	1648	5874	376	1080	0	76	0	0	0	0	0	162	0	0	0	0	0	158	0	1034	140	216	0	0	0	0	0	0	0	0	114	190	0	400	402	13754	0	2076	102	0	3606	0	160	0	0	0	0	1100	0	0	0	0	0	74	0	0	0	0	0	0	0	156	0	0	0	0	0	0	0	0	0	0	0	0	0	0	0	0	0	0	
65340	Heschl_L	3078	0	680	0	0	0	214	0	0	0	326	0	0	0	0	0	3436	0	784	0	0	0	0	0	0	0	0	0	6676	0	232	0	0	0	0	148	2144	144	0	0	0	0	156	0	0	0	0	0	0	0	298	0	342	0	2210	0	2604	0	0	0	0	0	80	0	0	0	106	0	860	0	124	0	152	0	152	0	1138	160	0	0	2494	0	0	0	2642	0	0	0	1290	0	0	0	0	0	0	0	0	0	0	0	0	0	0	0	0	0	0	0	0	0	0	0	0	0	0	0	
17232	Heschl_R	0	0	0	0	0	0	0	0	0	0	0	0	0	0	0	0	0	528	0	0	0	0	0	0	0	0	0	0	0	1228	0	0	0	0	252	252	0	482	0	142	0	0	0	0	0	0	0	0	0	0	0	0	0	0	0	476	0	114	0	0	0	0	0	0	0	0	122	252	0	0	0	0	0	0	0	0	0	0	0	0	0	3362	0	0	0	746	0	0	0	660	0	0	0	0	0	0	0	0	0	0	0	0	0	0	0	0	0	0	0	0	0	0	0	0	0	0	
168580	Temporal_Sup_L	4146	0	1308	0	0	0	160	0	0	0	2256	0	712	0	0	0	9340	0	1880	82	0	0	0	0	0	0	0	0	7660	0	486	0	0	0	0	0	2114	0	98	0	0	0	0	0	0	0	0	0	0	0	916	0	0	0	1484	0	4954	0	644	0	2256	0	6974	0	2994	0	176	0	734	0	368	0	694	0	0	0	144	0	2494	0	0	0	3644	0	19166	0	0	0	6288	0	0	0	0	0	0	0	0	0	118	0	0	0	0	0	0	0	0	0	0	0	0	0	0	0	0	0	
98256	Temporal_Sup_R	0	168	0	100	0	0	0	0	0	0	0	268	0	0	0	110	0	3098	0	102	0	0	0	0	0	0	0	0	0	2728	0	82	0	0	252	284	0	1032	0	178	0	0	0	834	0	380	0	0	0	0	0	72	0	312	0	1680	0	450	0	0	0	96	0	6594	0	3712	160	1608	0	976	0	70	0	846	0	0	0	0	0	3362	0	0	0	2096	0	12136	0	322	0	5020	0	0	0	0	0	0	0	0	0	0	0	0	0	0	0	0	0	0	0	0	0	0	0	0	0	0	
81708	Temporal_Pole_Sup_L	158	0	504	82	584	0	142	0	270	0	1940	0	2000	0	2290	0	922	0	896	84	134	0	0	0	0	0	0	0	5630	0	132	0	0	0	0	0	1692	0	652	0	864	0	0	0	0	0	0	0	0	0	0	0	0	0	2584	0	0	0	0	0	0	0	0	0	0	0	0	0	0	0	110	0	1924	0	0	0	0	0	0	0	3644	0	0	0	4708	0	3808	0	5004	0	0	0	0	0	0	0	0	0	96	0	0	0	0	0	0	0	0	0	0	0	0	0	0	0	0	0	
143620	Temporal_Pole_Sup_R	114	3036	0	1798	0	0	0	330	0	0	0	7188	0	180	0	812	0	9210	78	1608	0	0	0	124	0	0	0	0	0	10072	72	912	0	0	0	0	0	3632	0	2950	0	2502	0	0	0	0	0	94	0	0	0	0	0	0	0	5418	0	0	0	0	0	0	0	0	0	0	0	0	0	0	136	2160	0	3942	0	1176	0	1100	0	0	0	2096	0	0	0	3122	0	4288	0	3660	0	0	0	0	0	0	0	0	0	0	0	0	0	0	0	0	0	0	0	0	0	0	0	0	0	0	
291416	Temporal_Mid_L	4786	0	0	0	0	0	0	0	0	0	0	0	0	0	0	0	2628	0	0	0	0	0	0	0	0	0	0	0	2126	0	0	0	0	0	732	168	736	234	0	210	0	0	5774	0	450	0	320	0	1418	0	26420	0	4990	0	6496	192	2536	0	858	0	2458	0	3822	0	6948	0	4838	154	594	0	0	0	0	0	0	0	156	0	2642	0	19166	0	4708	0	0	0	4804	0	34344	0	0	0	0	0	0	0	0	0	0	0	0	0	0	0	0	0	0	0	0	0	0	0	0	0	0	0	
235524	Temporal_Mid_R	0	1522	0	0	0	0	0	0	0	0	0	0	0	0	0	0	0	96	0	416	0	0	0	0	0	0	0	0	0	912	0	0	0	926	352	1594	0	1878	0	600	0	538	0	4614	0	2954	0	942	0	2834	0	10564	0	4428	0	3140	0	2922	0	196	0	600	0	3010	0	6222	204	9758	0	8608	0	0	0	182	0	0	0	0	0	746	0	12136	0	3122	0	0	0	5514	0	25966	0	0	0	0	0	0	0	0	0	0	0	0	0	0	0	0	0	0	0	0	266	0	0	0	0	0	
32816	Temporal_Pole_Mid_L	0	0	0	0	0	0	0	0	0	0	0	0	0	0	0	0	0	0	0	0	0	0	0	0	0	0	0	0	0	0	0	0	0	0	0	0	288	0	974	0	480	0	0	0	0	0	0	0	0	0	0	0	0	0	1340	0	0	0	0	0	0	0	0	0	0	0	0	0	0	0	0	0	0	0	0	0	0	0	0	0	0	0	3808	0	4804	0	0	0	4714	0	0	0	0	0	0	0	0	0	0	0	0	0	0	0	0	0	0	0	0	0	0	0	0	0	0	0	
35984	Temporal_Pole_Mid_R	0	0	0	0	0	0	0	0	0	0	0	0	0	0	0	272	0	0	0	0	0	0	0	0	0	0	0	0	0	146	0	0	0	0	0	0	0	278	0	1056	0	526	0	0	0	0	0	0	0	0	0	0	0	0	0	2072	0	0	0	0	0	0	0	0	0	0	0	0	0	0	0	0	0	0	0	0	0	0	0	0	0	322	0	4288	0	5514	0	0	0	3518	0	0	0	0	0	0	0	0	0	0	0	0	0	0	0	0	0	0	0	0	0	0	0	0	0	0	
272536	Temporal_Inf_L	3222	0	280	0	0	0	76	0	0	0	0	0	0	0	0	0	1016	0	366	0	0	0	0	0	0	0	0	0	3502	0	0	0	88	0	506	376	8992	228	1364	92	642	0	752	0	0	0	304	0	254	0	13114	0	4588	0	20352	86	1414	0	1448	0	2950	0	4418	0	4270	0	1294	78	490	0	0	0	606	0	0	0	618	0	1290	0	6288	0	5004	0	34344	0	4714	0	0	0	4930	0	216	0	0	0	116	0	1490	0	0	0	90	0	0	0	0	0	0	0	0	0	0	0	0	0	
244592	Temporal_Inf_R	220	1510	0	0	0	0	0	0	0	0	0	222	0	0	0	154	0	730	0	490	0	0	0	0	0	0	0	0	136	1312	0	0	0	388	3674	4888	0	6926	0	2358	0	1582	0	1684	0	522	0	748	0	196	0	2912	0	8578	270	22732	0	1844	0	0	0	594	0	4690	0	956	1498	6272	0	2264	0	0	0	1418	0	0	0	74	0	660	0	5020	0	3660	0	25966	0	3518	0	0	0	1096	0	0	0	0	0	0	0	128	0	0	0	0	0	0	0	0	0	0	406	0	0	0	0	0	
458948	Cerebelum_Crus1_L	0	0	0	0	0	0	0	0	0	0	0	0	0	0	0	0	0	0	0	0	0	0	0	0	0	0	0	0	336	0	0	0	0	0	0	0	662	0	1222	0	0	0	88	0	0	0	6716	2552	0	0	0	0	0	0	28482	1378	0	0	0	0	0	0	0	0	0	0	0	0	0	0	0	0	204	0	0	0	0	0	0	0	0	0	0	0	0	0	0	0	4930	0	0	4022	40702	4042	938	210	12552	454	57286	4414	11996	162	15830	2908	3936	732	1184	0	70	294	876	7628	9258	1434	1238	738	
416980	Cerebelum_Crus1_R	0	110	0	0	0	0	0	0	0	0	0	0	0	0	0	0	0	0	0	0	0	0	0	0	0	0	0	0	0	0	0	0	0	0	0	0	0	350	0	244	0	0	0	0	0	0	556	6690	0	0	0	0	0	0	138	19254	0	0	0	0	0	0	0	0	0	0	0	0	0	0	0	0	0	226	0	0	0	0	0	0	0	0	0	0	0	0	0	0	0	1096	4022	0	2802	44404	0	1460	792	12194	4276	49786	132	4726	322	23864	138	1980	0	372	0	980	7380	9042	7550	1946	1478	180	
357396	Cerebelum_Crus2_L	0	0	0	0	0	0	0	0	0	0	0	0	0	0	0	0	0	0	0	0	0	0	0	0	0	0	0	0	0	0	0	0	0	0	0	0	0	0	0	0	0	0	0	0	0	0	1158	956	0	0	0	0	0	0	2164	662	0	0	0	0	0	0	0	0	0	0	0	0	0	0	0	0	0	0	0	0	0	0	0	0	0	0	0	0	0	0	0	0	216	0	40702	2802	0	7044	462	276	2438	440	10988	2542	36276	2202	33456	4734	4678	952	3566	0	0	268	330	3254	10984	3520	1178	450	
329412	Cerebelum_Crus2_R	0	0	0	0	0	0	0	0	0	0	0	0	0	0	0	0	0	0	0	0	0	0	0	0	0	0	0	0	0	0	0	0	0	0	0	0	0	0	0	106	0	0	0	0	0	0	280	612	0	0	0	0	0	0	0	1914	0	0	0	0	0	0	0	0	0	0	0	0	0	0	0	0	0	0	0	0	0	0	0	0	0	0	0	0	0	0	0	0	0	0	4042	44404	7044	0	0	862	234	1640	2040	11582	2944	17916	4094	39228	530	3516	0	582	0	664	976	2538	11494	3592	1670	202	
34812	Cerebelum_3_L	0	0	0	0	0	0	0	0	0	0	0	0	0	0	0	0	0	0	0	0	0	0	0	0	0	0	0	0	0	0	0	0	0	0	0	0	0	0	236	0	0	0	0	0	0	0	1420	142	0	0	0	0	0	0	178	0	0	0	0	0	0	0	0	0	0	0	0	0	0	0	0	0	0	0	0	0	0	0	0	0	0	0	0	0	0	0	0	0	0	0	938	0	462	0	0	92	5912	0	2430	162	0	0	116	0	1240	0	0	0	666	1412	1006	628	0	0	164	202	
86384	Cerebelum_3_R	0	0	0	0	0	0	0	0	0	0	0	0	0	0	0	0	0	0	0	0	0	0	0	0	0	0	0	0	0	0	0	0	0	0	0	0	0	80	0	194	0	0	0	0	0	0	108	348	0	0	0	0	0	0	0	2014	0	0	0	0	0	0	0	0	0	0	0	0	0	0	0	0	0	0	0	0	0	0	0	0	0	0	0	0	0	0	0	0	0	0	210	1460	276	862	92	0	512	7160	466	6610	78	72	838	1508	598	3204	0	80	366	6006	2080	1346	1736	2172	2262	454	
202208	Cerebelum_4_5_L	0	0	0	0	0	0	0	0	0	0	0	0	0	0	0	0	0	0	0	0	0	0	0	0	0	0	0	0	0	0	0	0	0	0	0	0	252	0	544	0	0	0	0	0	0	0	10332	708	0	0	0	0	0	0	10986	246	0	0	0	0	0	0	0	0	0	0	0	0	0	0	0	0	0	0	0	0	0	0	0	0	0	0	0	0	0	0	0	0	116	0	12552	792	2438	234	5912	512	0	1370	27576	1526	158	0	854	150	4090	402	522	0	1454	2264	8718	3632	252	288	692	1532	
182368	Cerebelum_4_5_R	0	0	0	0	0	0	0	0	0	0	0	0	0	0	0	0	0	0	0	0	0	0	0	0	0	0	0	0	0	0	0	0	0	0	0	84	0	728	0	1640	0	0	0	0	0	0	346	4240	0	0	0	0	0	0	72	10176	0	0	0	0	0	0	0	0	0	0	0	274	0	0	0	0	0	308	0	82	0	156	0	0	0	0	0	0	0	0	0	0	0	0	454	12194	440	1640	0	7160	1370	0	1446	26358	0	138	248	1280	170	1200	0	84	0	2286	10990	2348	1156	1074	1042	0	
427068	Cerebelum_6_L	0	0	0	0	0	0	0	0	0	0	0	0	0	0	0	0	0	0	0	0	0	0	0	0	0	0	0	0	588	0	0	0	0	0	0	0	1128	0	1826	0	70	0	0	0	0	0	12602	4012	0	0	0	0	144	80	33658	1996	0	0	0	0	0	0	0	0	0	0	0	0	0	0	0	0	276	0	0	0	104	0	0	0	118	0	96	0	0	0	0	0	1490	0	57286	4276	10988	2040	2430	466	27576	1446	0	5510	1512	0	3674	1368	5912	742	456	0	726	1472	6190	11850	4546	1632	1774	1474	
388936	Cerebelum_6_R	0	114	0	0	0	0	0	0	0	0	0	0	0	0	0	0	0	0	0	0	0	0	0	0	0	0	0	0	0	70	0	0	0	0	0	0	0	514	0	1216	0	0	0	0	0	0	758	8400	0	0	0	0	0	110	172	25706	0	0	0	0	0	0	0	0	0	0	0	0	0	0	0	0	0	314	0	0	0	0	0	0	0	0	0	0	0	0	0	0	0	128	4414	49786	2542	11582	162	6610	1526	26358	5510	0	100	518	418	5860	296	2410	0	242	0	2272	11360	12152	7522	2846	2284	196	
228540	Cerebelum_7b_L	0	0	0	0	0	0	0	0	0	0	0	0	0	0	0	0	0	0	0	0	0	0	0	0	0	0	0	0	0	0	0	0	0	0	0	0	0	0	0	0	0	0	0	0	0	0	0	0	0	0	0	0	0	0	0	0	0	0	0	0	0	0	0	0	0	0	0	0	0	0	0	0	0	0	0	0	0	0	0	0	0	0	0	0	0	0	0	0	0	0	11996	132	36276	2944	0	78	158	0	1512	100	0	956	36900	4060	4138	1048	2270	0	0	78	0	176	5702	4834	912	0	
88652	Cerebelum_7b_R	0	0	0	0	0	0	0	0	0	0	0	0	0	0	0	0	0	0	0	0	0	0	0	0	0	0	0	0	0	0	0	0	0	0	0	0	0	0	0	0	0	0	0	0	0	0	0	0	0	0	0	0	0	0	0	0	0	0	0	0	0	0	0	0	0	0	0	0	0	0	0	0	0	0	0	0	0	0	0	0	0	0	0	0	0	0	0	0	0	0	162	4726	2202	17916	0	72	0	138	0	518	956	0	718	14820	0	352	0	0	0	0	94	0	1130	522	0	0	
338780	Cerebelum_8_L	0	0	0	0	0	0	0	0	0	0	0	0	0	0	0	0	0	0	0	0	0	0	0	0	0	0	0	0	0	0	0	0	0	0	0	0	0	0	0	0	0	0	0	0	0	0	0	0	0	0	0	0	0	0	86	0	0	0	0	0	0	0	0	0	0	0	0	0	0	0	0	0	0	0	0	0	0	0	0	0	0	0	0	0	0	0	0	0	90	0	15830	322	33456	4094	116	838	854	248	3674	418	36900	718	0	7334	22184	5998	8094	0	0	742	144	572	9290	11334	5936	118	
301388	Cerebelum_8_R	0	0	0	0	0	0	0	0	0	0	0	0	0	0	0	0	0	0	0	0	0	0	0	0	0	0	0	0	0	0	0	0	0	0	0	0	0	0	0	0	0	0	0	0	0	0	0	0	0	0	0	0	0	0	0	982	0	0	0	0	0	0	0	0	0	0	0	0	0	0	0	0	0	0	0	0	0	0	0	0	0	0	0	0	0	0	0	0	0	0	2908	23864	4734	39228	0	1508	150	1280	1368	5860	4060	14820	7334	0	1936	19192	0	1206	0	1162	614	482	8768	6900	2234	104	
155244	Cerebelum_9_L	0	0	0	0	0	0	0	0	0	0	0	0	0	0	0	0	0	0	0	0	0	0	0	0	0	0	0	0	0	0	0	0	0	0	0	0	0	0	0	0	0	0	0	0	0	0	92	0	0	0	0	0	0	0	232	0	0	0	0	0	0	0	0	0	0	0	0	0	0	0	0	0	0	0	0	0	0	0	0	0	0	0	0	0	0	0	0	0	0	0	3936	138	4678	530	1240	598	4090	170	5912	296	4138	0	22184	1936	0	4472	7482	0	300	774	1290	1212	1980	4188	4404	1350	
145956	Cerebelum_9_R	0	0	0	0	0	0	0	0	0	0	0	0	0	0	0	0	0	0	0	0	0	0	0	0	0	0	0	0	0	0	0	0	0	0	0	0	0	0	0	90	0	0	0	0	0	0	0	0	0	0	0	0	0	0	0	242	0	0	0	0	0	0	0	0	0	0	0	0	0	0	0	0	0	0	0	0	0	0	0	0	0	0	0	0	0	0	0	0	0	0	732	1980	952	3516	0	3204	402	1200	742	2410	1048	352	5998	19192	4472	0	0	1082	354	3106	918	964	3666	7190	7890	1276	
47148	Cerebelum_10_L	0	0	0	0	0	0	0	0	0	0	0	0	0	0	0	0	0	0	0	0	0	0	0	0	0	0	0	0	0	0	0	0	0	0	0	0	0	0	0	0	0	0	0	0	0	0	0	0	0	0	0	0	0	0	0	0	0	0	0	0	0	0	0	0	0	0	0	0	0	0	0	0	0	0	0	0	0	0	0	0	0	0	0	0	0	0	0	0	0	0	1184	0	3566	0	0	0	522	0	456	0	2270	0	8094	0	7482	0	0	0	0	0	0	0	0	0	0	0	
7716	Cerebelum_10_R	0	0	0	0	0	0	0	0	0	0	0	0	0	0	0	0	0	0	0	0	0	0	0	0	0	0	0	0	0	0	0	0	0	0	0	0	0	0	0	0	0	0	0	0	0	0	0	0	0	0	0	0	0	0	0	0	0	0	0	0	0	0	0	0	0	0	0	0	0	0	0	0	0	0	0	0	0	0	0	0	0	0	0	0	0	0	0	0	0	0	0	372	0	582	0	80	0	84	0	242	0	0	0	1206	0	1082	0	0	0	72	0	0	138	0	0	0	
25436	Vermis_1_2	0	0	0	0	0	0	0	0	0	0	0	0	0	0	0	0	0	0	0	0	0	0	0	0	0	0	0	0	0	0	0	0	0	0	0	0	0	0	0	0	0	0	0	0	0	0	170	0	0	0	0	0	0	0	0	0	0	0	0	0	0	0	0	0	0	0	0	0	0	0	0	0	0	0	0	0	0	0	0	0	0	0	0	0	0	0	0	0	0	0	70	0	0	0	666	366	1454	0	726	0	0	0	0	0	300	354	0	0	0	3862	2088	1326	0	138	370	828	
84504	Vermis_3	0	0	0	0	0	0	0	0	0	0	0	0	0	0	0	0	0	0	0	0	0	0	0	0	0	0	0	0	0	0	0	0	0	0	0	0	0	0	0	0	0	0	0	0	0	0	378	198	0	0	0	0	0	0	0	144	0	0	0	0	0	0	0	0	0	0	0	0	0	0	0	0	0	0	0	0	0	0	0	0	0	0	0	0	0	0	0	0	0	0	294	980	268	664	1412	6006	2264	2286	1472	2272	78	0	742	1162	774	3106	0	72	3862	0	4018	2730	1288	1958	2396	1428	
181444	Vermis_4_5	0	96	0	0	0	0	0	0	0	0	0	0	0	0	0	0	0	0	0	0	0	0	0	0	0	0	0	0	0	0	0	0	0	218	0	2596	0	506	0	414	0	0	0	632	0	0	3158	4762	0	0	0	0	0	226	386	2966	0	0	0	0	0	0	0	0	0	0	118	2738	0	294	0	0	0	0	0	0	0	0	0	0	0	0	0	0	0	266	0	0	0	406	876	7380	330	976	1006	2080	8718	10990	6190	11360	0	94	144	614	1290	918	0	0	2088	4018	0	7762	482	492	944	2188	
188624	Vermis_6	0	0	0	0	0	0	0	0	0	0	0	0	0	0	0	0	0	0	0	0	0	0	0	0	0	0	0	0	0	0	0	0	0	0	0	0	0	0	0	0	0	0	0	0	0	0	1908	6298	0	0	0	0	0	118	616	3658	0	0	0	0	0	0	0	0	0	0	0	0	0	0	0	0	0	0	0	0	0	0	0	0	0	0	0	0	0	0	0	0	0	0	7628	9042	3254	2538	628	1346	3632	2348	11850	12152	176	0	572	482	1212	964	0	0	1326	2730	7762	0	5270	1390	2226	3186	
