data	data	700568	182780	1.11112e+06	936088	206388	105752	475784	291580	71272	35352	137704	90316	225332	212656	142644	114616	251500	97340	839008	895864	87388	93960	421832	375012	37740	62620	74300	62492	597656	280164	368340	514692	173188	559468	169736	175956	305428	333636	92268	180028	36564	66740	334860	520532	245000	330984	293260	372124	334284	365620	524680	281092	166304	149992	414640	459688	297052	156136	248596	90904	188992	92728	99700	120852	94864	126164	472064	434820	231352	121100	252808	542756	343336	519284	53936	47820	222748	207452	76520	34532	211744	144628	89916	69764	347660	325268	43744	27568	275572	326604	508364	483088	343340	338124	32572	77764	310672	266284	451832	431120	299488	213492	406688	366720	169964	141736	39612	8560	34632	63136	291496	208232	288184	182256	120404	24432	
data	data	Precentral_L	Precentral_R	Frontal_Sup_L	Frontal_Sup_R	Frontal_Sup_Orb_L	Frontal_Sup_Orb_R	Frontal_Mid_L	Frontal_Mid_R	Frontal_Mid_Orb_L	Frontal_Mid_Orb_R	Frontal_Inf_Oper_L	Frontal_Inf_Oper_R	Frontal_Inf_Tri_L	Frontal_Inf_Tri_R	Frontal_Inf_Orb_L	Frontal_Inf_Orb_R	Rolandic_Oper_L	Rolandic_Oper_R	Supp_Motor_Area_L	Supp_Motor_Area_R	Olfactory_L	Olfactory_R	Frontal_Sup_Medial_L	Frontal_Sup_Medial_R	Frontal_Med_Orb_L	Frontal_Med_Orb_R	Rectus_L	Rectus_R	Insula_L	Insula_R	Cingulum_Ant_L	Cingulum_Ant_R	Cingulum_Mid_L	Cingulum_Mid_R	Cingulum_Post_L	Cingulum_Post_R	Hippocampus_L	Hippocampus_R	ParaHippocampal_L	ParaHippocampal_R	Amygdala_L	Amygdala_R	Calcarine_L	Calcarine_R	Cuneus_L	Cuneus_R	Lingual_L	Lingual_R	Occipital_Sup_L	Occipital_Sup_R	Occipital_Mid_L	Occipital_Mid_R	Occipital_Inf_L	Occipital_Inf_R	Fusiform_L	Fusiform_R	Postcentral_L	Postcentral_R	Parietal_Sup_L	Parietal_Sup_R	Parietal_Inf_L	Parietal_Inf_R	SupraMarginal_L	SupraMarginal_R	Angular_L	Angular_R	Precuneus_L	Precuneus_R	Paracentral_Lobule_L	Paracentral_Lobule_R	Caudate_L	Caudate_R	Putamen_L	Putamen_R	Pallidum_L	Pallidum_R	Thalamus_L	Thalamus_R	Heschl_L	Heschl_R	Temporal_Sup_L	Temporal_Sup_R	Temporal_Pole_Sup_L	Temporal_Pole_Sup_R	Temporal_Mid_L	Temporal_Mid_R	Temporal_Pole_Mid_L	Temporal_Pole_Mid_R	Temporal_Inf_L	Temporal_Inf_R	Cerebelum_Crus1_L	Cerebelum_Crus1_R	Cerebelum_Crus2_L	Cerebelum_Crus2_R	Cerebelum_3_L	Cerebelum_3_R	Cerebelum_4_5_L	Cerebelum_4_5_R	Cerebelum_6_L	Cerebelum_6_R	Cerebelum_7b_L	Cerebelum_7b_R	Cerebelum_8_L	Cerebelum_8_R	Cerebelum_9_L	Cerebelum_9_R	Cerebelum_10_L	Cerebelum_10_R	Vermis_1_2	Vermis_3	Vermis_4_5	Vermis_6	Vermis_7	Vermis_8	Vermis_9	Vermis_10	
700568	Precentral_L	0	5030	53088	8958	0	0	20270	808	0	0	8790	0	1500	164	208	0	9962	0	50648	12974	0	0	0	0	0	0	0	0	17974	122	234	152	2304	4844	8956	2876	9368	1370	842	0	0	0	2266	0	824	0	236	0	382	0	3622	0	662	0	1740	124	22834	0	544	0	3088	0	962	0	0	0	5872	132	22370	550	7872	1910	13114	186	5604	0	15914	3466	3024	0	3754	0	164	0	5082	0	0	0	2304	240	0	0	0	0	0	0	0	0	0	0	0	0	0	0	0	0	0	0	0	0	0	0	0	0	0	0	
182780	Precentral_R	5030	0	1410	15164	0	0	222	6640	0	0	0	2502	0	338	0	0	0	1594	1640	4090	0	0	0	0	0	0	0	0	0	2174	0	0	182	290	334	936	0	3572	0	280	0	0	0	842	0	0	0	364	0	0	0	0	0	0	0	2456	0	10106	0	0	0	610	0	3128	0	238	0	926	3972	2056	284	1552	128	3658	0	1366	1284	854	0	364	0	2562	0	0	0	4396	0	0	0	3846	0	0	0	0	0	0	0	0	0	0	0	0	0	0	0	0	0	0	0	0	0	0	0	0	0	0	
1.11112e+06	Frontal_Sup_L	53088	1410	0	9382	15770	0	64868	1786	2994	0	11696	0	21052	1304	6822	146	10516	0	110822	20298	0	0	55428	8466	1052	0	592	0	39404	512	21730	6886	3132	5870	1408	308	2778	248	244	0	0	0	0	0	0	0	0	0	0	0	0	0	0	0	266	0	4832	0	0	0	316	0	272	0	0	0	702	0	5686	0	12500	2386	26322	1376	5552	0	9536	404	612	0	3172	0	946	0	160	0	0	0	506	0	0	0	0	0	0	0	0	0	0	0	0	0	0	0	0	0	0	0	0	0	0	0	0	0	0	0	
936088	Frontal_Sup_R	8958	15164	9382	0	776	7666	1772	36468	0	2170	0	4128	318	11978	0	7096	138	7200	12494	78810	0	594	8428	35662	0	1710	0	708	560	12978	8742	33206	3126	33884	826	1054	462	3858	0	928	0	0	0	114	0	0	0	122	0	0	0	0	0	0	0	1128	1024	2214	0	0	220	216	0	524	0	0	0	172	6418	0	2884	39346	714	34946	336	4722	4248	15754	0	204	0	428	0	124	0	298	0	0	0	644	0	0	0	0	0	0	0	0	0	0	0	0	0	0	0	0	0	0	0	0	0	0	0	0	0	0	
206388	Frontal_Sup_Orb_L	0	0	15770	776	0	0	4572	134	12136	0	0	0	4006	146	12612	0	0	0	2390	702	2202	756	7292	234	4654	0	5616	238	8354	0	5512	694	0	122	0	0	0	0	0	0	272	0	0	0	0	0	0	0	0	0	0	0	0	0	0	0	0	0	0	0	0	0	0	0	0	0	0	0	0	0	2720	1072	9804	192	0	0	0	0	0	0	0	0	216	0	0	0	0	0	0	0	0	0	0	0	0	0	0	0	0	0	0	0	0	0	0	0	0	0	0	0	0	0	0	0	0	0	
105752	Frontal_Sup_Orb_R	0	0	0	7666	0	0	0	2460	0	5210	0	0	0	400	0	4102	0	0	0	398	0	1312	0	3044	122	6126	0	6828	0	2112	658	2946	0	172	0	0	0	0	0	0	0	0	0	0	0	0	0	0	0	0	0	0	0	0	0	0	0	0	0	0	0	0	0	0	0	0	0	0	0	0	0	4764	0	4556	0	0	0	0	0	0	0	0	0	0	0	0	0	0	0	0	0	0	0	0	0	0	0	0	0	0	0	0	0	0	0	0	0	0	0	0	0	0	0	0	0	0	
475784	Frontal_Mid_L	20270	222	64868	1772	4572	0	0	0	3222	0	9196	0	28900	0	5644	0	2566	0	18532	2104	0	0	16126	1154	0	0	0	0	22242	0	4296	454	946	988	3052	1768	3350	878	194	0	0	0	144	0	0	0	0	0	0	0	0	0	166	0	436	0	2600	0	0	0	612	0	308	0	0	0	824	0	0	0	652	686	2168	0	0	0	6020	2230	2190	0	976	0	0	0	206	0	0	0	358	0	0	0	0	0	0	0	0	0	0	0	0	0	0	0	0	0	0	0	0	0	0	0	0	0	0	0	
291580	Frontal_Mid_R	808	6640	1786	36468	134	2460	0	0	0	1486	0	4942	0	19326	0	2668	0	2290	1426	10254	0	0	2178	7024	0	0	0	0	196	5908	954	6450	252	7994	0	156	0	564	0	0	0	0	0	0	0	0	0	0	0	0	0	0	0	0	0	0	0	1174	0	0	0	190	0	360	0	0	0	128	0	0	1810	7258	610	9828	0	1924	0	144	0	0	0	0	0	0	0	0	0	0	0	0	0	0	0	0	0	0	0	0	0	0	0	0	0	0	0	0	0	0	0	0	0	0	0	0	0	0	
71272	Frontal_Mid_Orb_L	0	0	2994	0	12136	0	3222	0	0	0	0	0	2180	0	9504	0	0	0	234	0	204	0	0	0	0	0	1190	0	1554	0	0	0	0	0	0	0	0	0	0	0	0	0	0	0	0	0	0	0	0	0	0	0	0	0	0	0	0	0	0	0	0	0	0	0	0	0	0	0	0	0	0	0	2418	0	0	0	0	0	0	0	0	0	0	0	0	0	0	0	0	0	0	0	0	0	0	0	0	0	0	0	0	0	0	0	0	0	0	0	0	0	0	0	0	0	0	0	
35352	Frontal_Mid_Orb_R	0	0	0	2170	0	5210	0	1486	0	0	0	0	0	416	0	4082	0	0	0	544	0	0	0	202	0	0	0	392	0	274	0	408	0	434	0	0	0	0	0	0	0	0	0	0	0	0	0	0	0	0	0	0	0	0	0	0	0	0	0	0	0	0	0	0	0	0	0	0	0	0	0	974	0	1084	0	0	0	0	0	0	0	0	0	0	0	0	0	0	0	0	0	0	0	0	0	0	0	0	0	0	0	0	0	0	0	0	0	0	0	0	0	0	0	0	0	0	
137704	Frontal_Inf_Oper_L	8790	0	11696	0	0	0	9196	0	0	0	0	0	5500	0	310	0	7336	0	7298	136	0	0	0	0	0	0	0	0	10226	0	0	0	0	0	0	0	380	0	0	0	0	0	0	0	0	0	0	0	0	0	0	0	0	0	0	0	2972	0	0	0	534	0	346	0	0	0	0	0	0	0	0	0	690	0	0	0	0	0	1058	0	874	0	1510	0	0	0	0	0	0	0	0	0	0	0	0	0	0	0	0	0	0	0	0	0	0	0	0	0	0	0	0	0	0	0	0	0	
90316	Frontal_Inf_Oper_R	0	2502	0	4128	0	0	0	4942	0	0	0	0	0	3388	0	252	0	3666	0	2518	0	0	0	222	0	0	0	0	0	9168	170	594	0	482	0	0	0	1320	0	304	0	0	0	0	0	0	0	0	0	0	0	0	0	0	0	384	0	640	0	0	0	0	0	0	0	0	0	0	0	0	118	1622	0	5896	0	298	0	0	0	258	0	968	0	758	0	246	0	0	0	314	0	0	0	0	0	0	0	0	0	0	0	0	0	0	0	0	0	0	0	0	0	0	0	0	0	0	
225332	Frontal_Inf_Tri_L	1500	0	21052	318	4006	0	28900	0	2180	0	5500	0	0	0	8862	0	462	0	6814	258	0	0	3602	146	0	0	0	0	22654	0	1872	272	220	0	0	0	0	0	0	0	0	0	0	0	0	0	0	0	0	0	0	0	0	0	0	0	0	0	0	0	0	0	0	0	0	0	0	0	0	0	1638	382	1452	154	0	0	0	0	0	0	0	0	422	0	0	0	0	0	0	0	0	0	0	0	0	0	0	0	0	0	0	0	0	0	0	0	0	0	0	0	0	0	0	0	0	0	
212656	Frontal_Inf_Tri_R	164	338	1304	11978	146	400	0	19326	0	416	0	3388	0	0	0	6696	0	948	490	10174	0	0	2286	4304	0	0	0	0	196	10986	940	6922	0	4518	0	0	0	164	0	0	0	0	0	0	0	0	0	0	0	0	0	0	0	0	0	0	0	146	0	0	0	0	0	0	0	0	0	0	0	0	1404	10822	480	7054	0	338	0	0	0	0	0	0	0	0	0	0	0	0	0	0	0	0	0	0	0	0	0	0	0	0	0	0	0	0	0	0	0	0	0	0	0	0	0	0	0	0	
142644	Frontal_Inf_Orb_L	208	0	6822	0	12612	0	5644	0	9504	0	310	0	8862	0	0	0	0	0	1518	0	1786	0	582	0	0	0	870	0	11998	0	344	0	0	0	0	0	342	0	0	0	574	0	0	0	0	0	0	0	0	0	0	0	0	0	134	0	0	0	0	0	0	0	0	0	0	0	0	0	0	0	442	0	7930	0	0	0	0	0	0	0	0	0	698	0	0	0	0	0	142	0	0	0	0	0	0	0	0	0	0	0	0	0	0	0	0	0	0	0	0	0	0	0	0	0	0	0	
114616	Frontal_Inf_Orb_R	0	0	146	7096	0	4102	0	2668	0	4082	0	252	0	6696	0	0	0	0	0	4048	0	1066	0	602	0	0	0	1500	0	5078	0	696	0	1432	0	0	0	226	0	0	0	198	0	0	0	0	0	0	0	0	0	0	0	0	0	726	0	0	0	0	0	0	0	0	0	0	0	0	0	0	452	7616	0	5730	0	0	0	0	0	0	0	336	0	1570	0	132	0	0	0	858	0	0	0	0	0	0	0	0	0	0	0	0	0	0	0	0	0	0	0	0	0	0	0	0	0	0	
251500	Rolandic_Oper_L	9962	0	10516	138	0	0	2566	0	0	0	7336	0	462	0	0	0	0	0	8406	138	0	0	0	0	0	0	0	0	23046	0	0	0	0	0	428	0	1480	0	196	0	0	0	0	0	134	0	0	0	226	0	2620	0	226	0	568	0	13522	0	2280	0	3590	0	3874	0	1110	0	1152	0	0	0	0	0	1266	0	0	0	1292	0	5402	0	14966	0	1898	0	6176	0	0	0	774	0	0	0	0	0	0	0	0	0	0	0	0	0	0	0	0	0	0	0	0	0	0	0	0	0	0	0	
97340	Rolandic_Oper_R	0	1594	0	7200	0	0	0	2290	0	0	0	3666	0	948	0	0	0	0	0	4056	0	0	0	186	0	0	0	0	0	8528	0	242	0	164	0	272	0	1424	0	0	0	0	0	0	0	0	0	0	0	0	0	0	0	0	0	0	0	2454	0	0	0	162	0	2886	0	0	0	0	0	0	0	838	0	2824	0	270	0	272	0	2368	0	4148	0	1112	0	580	0	0	0	186	0	0	0	0	0	0	0	0	0	0	0	0	0	0	0	0	0	0	0	0	0	0	0	0	0	0	
839008	Supp_Motor_Area_L	50648	1640	110822	12494	2390	0	18532	1426	234	0	7298	0	6814	490	1518	0	8406	0	0	37578	0	0	12376	1266	0	0	146	0	24992	232	9068	7412	9088	18356	1088	256	2004	184	222	0	0	0	254	0	322	0	0	0	0	0	0	0	0	0	234	0	3594	0	0	0	272	0	246	0	0	0	530	0	12180	0	10574	1374	22152	782	5608	0	9434	312	360	0	2876	0	800	0	138	0	0	0	482	0	0	0	0	0	0	0	0	0	0	0	0	0	0	0	0	0	0	0	0	0	0	0	0	0	0	0	
895864	Supp_Motor_Area_R	12974	4090	20298	78810	702	398	2104	10254	0	544	136	2518	258	10174	0	4048	138	4056	37578	0	0	0	2990	12778	0	0	0	0	692	5940	7682	26982	7726	57778	2874	10962	996	5348	0	736	0	0	122	2180	148	304	0	538	0	0	0	0	0	0	0	858	822	1398	0	0	178	0	0	348	0	0	284	5884	8706	10002	2228	32172	680	18538	348	2982	4486	19714	0	0	0	246	0	0	0	774	0	0	0	1428	0	0	0	0	0	0	0	0	0	0	0	0	0	0	0	0	0	0	0	0	0	0	0	0	0	0	
87388	Olfactory_L	0	0	0	0	2202	0	0	0	204	0	0	0	0	0	1786	0	0	0	0	0	0	7112	0	0	234	0	4774	1288	2106	0	2792	1996	0	0	0	0	154	0	0	0	642	0	0	0	0	0	0	0	0	0	0	0	0	0	0	0	0	0	0	0	0	0	0	0	0	0	0	0	0	0	7734	5818	3008	1118	0	0	0	0	0	0	0	0	726	0	0	0	0	0	0	0	0	0	0	0	0	0	0	0	0	0	0	0	0	0	0	0	0	0	0	0	0	0	0	0	0	0	
93960	Olfactory_R	0	0	0	594	756	1312	0	0	0	0	0	0	0	0	0	1066	0	0	0	0	7112	0	0	0	0	610	3996	3070	0	2284	2428	2164	0	0	0	0	0	160	0	256	0	618	0	0	0	0	0	0	0	0	0	0	0	0	0	130	0	0	0	0	0	0	0	0	0	0	0	0	0	0	7492	7628	2664	2486	0	0	0	154	0	0	0	0	0	0	0	0	0	0	0	0	0	0	0	0	0	0	0	0	0	0	0	0	0	0	0	0	0	0	0	0	0	0	0	0	0	0	
421832	Frontal_Sup_Medial_L	0	0	55428	8428	7292	0	16126	2178	0	0	0	0	3602	2286	582	0	0	0	12376	2990	0	0	0	24084	2330	890	762	0	5852	786	26458	13046	4688	8844	0	0	0	0	0	0	0	0	0	0	0	0	0	0	0	0	0	0	0	0	0	0	0	0	0	0	0	0	0	0	0	0	0	0	0	0	2492	2326	5216	1854	0	0	0	0	0	0	0	0	0	0	0	0	0	0	0	0	0	0	0	0	0	0	0	0	0	0	0	0	0	0	0	0	0	0	0	0	0	0	0	0	0	0	
375012	Frontal_Sup_Medial_R	0	0	8466	35662	234	3044	1154	7024	0	202	0	222	146	4304	0	602	0	186	1266	12778	0	0	24084	0	292	3922	0	338	194	1608	7312	32216	1380	20014	0	0	0	0	0	0	0	0	0	0	0	0	0	0	0	0	0	0	0	0	0	0	0	0	0	0	0	0	0	0	0	0	0	0	0	0	668	10438	318	9208	0	0	0	224	0	0	0	0	0	0	0	0	0	0	0	0	0	0	0	0	0	0	0	0	0	0	0	0	0	0	0	0	0	0	0	0	0	0	0	0	0	0	
37740	Frontal_Med_Orb_L	0	0	1052	0	4654	122	0	0	0	0	0	0	0	0	0	0	0	0	0	0	234	0	2330	292	0	770	2814	0	0	0	4744	678	0	0	0	0	0	0	0	0	0	0	0	0	0	0	0	0	0	0	0	0	0	0	0	0	0	0	0	0	0	0	0	0	0	0	0	0	0	0	386	260	534	0	0	0	0	0	0	0	0	0	0	0	0	0	0	0	0	0	0	0	0	0	0	0	0	0	0	0	0	0	0	0	0	0	0	0	0	0	0	0	0	0	0	0	
62620	Frontal_Med_Orb_R	0	0	0	1710	0	6126	0	0	0	0	0	0	0	0	0	0	0	0	0	0	0	610	890	3922	770	0	148	4934	0	0	1902	4806	0	0	0	0	0	0	0	0	0	0	0	0	0	0	0	0	0	0	0	0	0	0	0	0	0	0	0	0	0	0	0	0	0	0	0	0	0	0	0	4246	0	1246	0	0	0	0	0	0	0	0	0	0	0	0	0	0	0	0	0	0	0	0	0	0	0	0	0	0	0	0	0	0	0	0	0	0	0	0	0	0	0	0	0	0	
74300	Rectus_L	0	0	592	0	5616	0	0	0	1190	0	0	0	0	0	870	0	0	0	146	0	4774	3996	762	0	2814	148	0	1210	448	0	4008	1320	0	0	0	0	0	0	0	0	152	0	0	0	0	0	0	0	0	0	0	0	0	0	0	0	0	0	0	0	0	0	0	0	0	0	0	0	0	0	4248	3152	1418	286	0	0	0	0	0	0	0	0	0	0	0	0	0	0	0	0	0	0	0	0	0	0	0	0	0	0	0	0	0	0	0	0	0	0	0	0	0	0	0	0	0	0	
62492	Rectus_R	0	0	0	708	238	6828	0	0	0	392	0	0	0	0	0	1500	0	0	0	0	1288	3070	0	338	0	4934	1210	0	0	1262	1298	1886	0	0	0	0	0	0	0	0	0	0	0	0	0	0	0	0	0	0	0	0	0	0	0	0	0	0	0	0	0	0	0	0	0	0	0	0	0	0	712	3492	130	1960	0	0	0	0	0	0	0	0	0	0	0	0	0	0	0	0	0	0	0	0	0	0	0	0	0	0	0	0	0	0	0	0	0	0	0	0	0	0	0	0	0	0	
597656	Insula_L	17974	0	39404	560	8354	0	22242	196	1554	0	10226	0	22654	196	11998	0	23046	0	24992	692	2106	0	5852	194	0	0	448	0	0	0	3330	352	536	186	1864	0	12296	0	864	0	1398	0	954	0	0	0	0	0	0	0	494	0	1002	0	4566	0	10348	0	200	0	3746	0	2198	0	1006	0	2650	0	0	0	1382	444	18672	244	0	0	1634	0	8164	0	11490	0	5608	0	4372	0	620	0	5520	0	0	0	0	0	0	0	0	0	0	0	0	0	0	0	0	0	0	0	0	0	0	0	0	0	0	0	
280164	Insula_R	122	2174	512	12978	0	2112	0	5908	0	274	0	9168	0	10986	0	5078	0	8528	232	5940	0	2284	786	1608	0	0	0	1262	0	0	414	2408	0	2258	0	1112	0	9368	0	1716	0	886	0	602	0	0	0	372	0	0	0	0	0	0	0	2852	0	1574	0	0	0	772	0	226	0	0	0	692	0	0	296	3784	136	22384	0	172	0	1020	0	3396	0	7670	0	770	0	1838	0	0	0	3412	0	0	0	0	0	0	0	0	0	0	0	0	0	0	0	0	0	0	0	0	0	0	0	0	0	0	
368340	Cingulum_Ant_L	234	0	21730	8742	5512	658	4296	954	0	0	0	170	1872	940	344	0	0	0	9068	7682	2792	2428	26458	7312	4744	1902	4008	1298	3330	414	0	22354	7974	9996	0	0	0	0	0	0	0	0	0	0	0	0	0	0	0	0	0	0	0	0	0	0	0	0	0	0	0	0	0	0	0	0	0	0	0	0	7050	6482	9258	4168	0	0	0	0	0	0	0	0	0	0	0	0	0	0	0	0	0	0	0	0	0	0	0	0	0	0	0	0	0	0	0	0	0	0	0	0	0	0	0	0	0	0	
514692	Cingulum_Ant_R	152	0	6886	33206	694	2946	454	6450	0	408	0	594	272	6922	0	696	0	242	7412	26982	1996	2164	13046	32216	678	4806	1320	1886	352	2408	22354	0	4408	31738	0	0	0	0	0	0	0	0	0	0	0	0	0	0	0	0	0	0	0	0	0	0	0	0	0	0	0	0	0	0	0	0	0	0	0	0	3650	21488	1752	16484	0	0	0	284	0	0	0	0	0	0	0	0	0	0	0	0	0	0	0	0	0	0	0	0	0	0	0	0	0	0	0	0	0	0	0	0	0	0	0	0	0	0	
173188	Cingulum_Mid_L	2304	182	3132	3126	0	0	946	252	0	0	0	0	220	0	0	0	0	0	9088	7726	0	0	4688	1380	0	0	0	0	536	0	7974	4408	0	13434	2420	594	0	0	0	0	0	0	1610	446	2516	0	0	0	360	0	566	0	0	0	0	0	404	0	136	0	0	0	0	0	0	0	4784	872	10468	1274	0	252	0	338	0	0	158	0	0	0	0	0	0	0	0	0	0	0	0	0	0	0	0	0	0	0	0	0	0	0	0	0	0	0	0	0	0	0	0	0	0	0	0	0	0	0	
559468	Cingulum_Mid_R	4844	290	5870	33884	122	172	988	7994	0	434	0	482	0	4518	0	1432	0	164	18356	57778	0	0	8844	20014	0	0	0	0	186	2258	9996	31738	13434	0	1632	7454	0	0	0	0	0	0	0	4792	154	336	0	718	0	0	0	0	0	0	0	0	140	774	0	0	140	0	0	0	0	0	528	9466	6446	9130	300	6106	182	6380	0	0	258	510	0	0	0	0	0	0	0	0	0	0	0	490	0	0	0	0	0	0	0	0	0	0	0	0	0	0	0	0	0	0	0	0	0	0	0	0	0	0	
169736	Cingulum_Post_L	8956	334	1408	826	0	0	3052	0	0	0	0	0	0	0	0	0	428	0	1088	2874	0	0	0	0	0	0	0	0	1864	0	0	0	2420	1632	0	5948	10904	2312	1518	170	0	0	3662	0	1426	0	1080	0	120	0	574	0	300	0	2068	0	1000	0	0	0	0	0	0	0	0	0	11282	738	3654	292	0	0	150	0	0	0	7200	3418	670	0	302	0	0	0	128	0	0	0	1070	0	0	0	0	0	0	0	0	0	0	0	0	0	0	0	0	0	0	0	0	0	0	0	0	0	0	0	
175956	Cingulum_Post_R	2876	936	308	1054	0	0	1768	156	0	0	0	0	0	0	0	0	0	272	256	10962	0	0	0	0	0	0	0	0	0	1112	0	0	594	7454	5948	0	1410	7478	0	2354	0	0	0	2220	0	350	0	3016	0	152	0	0	0	0	0	1148	0	318	0	0	0	0	0	194	0	0	416	11854	1446	4750	0	0	0	766	0	0	5148	7336	0	114	0	480	0	0	0	562	0	0	0	2176	0	0	0	0	0	0	0	0	0	0	0	0	0	0	0	0	0	0	0	0	594	0	0	0	0	0	
305428	Hippocampus_L	9368	0	2778	462	0	0	3350	0	0	0	380	0	0	0	342	0	1480	0	2004	996	154	0	0	0	0	0	0	0	12296	0	0	0	0	0	10904	1410	0	1142	11596	0	6656	0	1846	0	140	0	4674	0	0	0	540	0	842	0	21946	0	1080	0	0	0	0	0	0	0	0	0	8810	0	226	0	0	0	4458	0	286	0	5624	1392	2758	0	5164	0	3958	0	4694	0	1500	0	17458	0	0	0	0	0	0	0	0	0	0	0	0	0	0	0	0	0	0	0	0	0	0	0	0	0	0	0	
333636	Hippocampus_R	1370	3572	248	3858	0	0	878	564	0	0	0	1320	0	164	0	226	0	1424	184	5348	0	160	0	0	0	0	0	0	0	9368	0	0	0	0	2312	7478	1142	0	0	26970	0	8926	0	3612	0	0	0	5158	0	0	0	0	0	0	0	27026	0	164	0	0	0	0	0	0	0	0	0	7006	0	0	0	202	0	15348	0	514	2768	8162	0	1874	0	3352	0	1654	0	2202	0	398	0	10546	0	0	0	0	0	0	0	746	0	0	0	0	0	0	0	0	0	0	0	0	574	0	0	0	0	0	
92268	ParaHippocampal_L	842	0	244	0	0	0	194	0	0	0	0	0	0	0	0	0	196	0	222	0	0	0	0	0	0	0	0	0	864	0	0	0	0	0	1518	0	11596	0	0	0	1638	0	1152	0	180	0	5766	0	0	0	814	0	1600	0	11024	0	0	0	0	0	0	0	0	0	0	0	2208	0	0	0	0	0	740	0	0	0	862	0	0	0	244	0	862	0	272	0	680	0	1846	0	0	0	0	0	148	0	180	0	242	0	0	0	0	0	0	0	0	0	0	0	0	0	0	0	0	0	
180028	ParaHippocampal_R	0	280	0	928	0	0	0	0	0	0	0	304	0	0	0	0	0	0	0	736	0	256	0	0	0	0	0	0	0	1716	0	0	0	0	170	2354	0	26970	0	0	0	8918	0	778	0	0	0	3356	0	0	0	0	0	0	0	20380	0	0	0	0	0	0	0	0	0	0	0	3040	0	0	0	114	0	6148	0	414	430	2858	0	0	0	308	0	3196	0	804	0	1464	0	2662	0	0	0	0	0	0	0	902	0	0	0	0	0	0	0	0	0	0	0	0	528	0	0	0	0	0	
36564	Amygdala_L	0	0	0	0	272	0	0	0	0	0	0	0	0	0	574	0	0	0	0	0	642	0	0	0	0	0	152	0	1398	0	0	0	0	0	0	0	6656	0	1638	0	0	0	0	0	0	0	0	0	0	0	0	0	0	0	3294	0	0	0	0	0	0	0	0	0	0	0	0	0	0	0	0	0	430	0	0	0	154	0	0	0	0	0	1942	0	0	0	376	0	754	0	0	0	0	0	0	0	0	0	0	0	0	0	0	0	0	0	0	0	0	0	0	0	0	0	0	0	
66740	Amygdala_R	0	0	0	0	0	0	0	0	0	0	0	0	0	0	0	198	0	0	0	0	0	618	0	0	0	0	0	0	0	886	0	0	0	0	0	0	0	8926	0	8918	0	0	0	0	0	0	0	0	0	0	0	0	0	0	0	6742	0	0	0	0	0	0	0	0	0	0	0	0	0	0	0	0	0	752	0	0	0	168	0	0	0	122	0	3870	0	302	0	618	0	1250	0	0	0	0	0	0	0	0	0	0	0	0	0	0	0	0	0	0	0	0	0	0	0	0	0	0	
334860	Calcarine_L	2266	0	0	0	0	0	144	0	0	0	0	0	0	0	0	0	0	0	254	122	0	0	0	0	0	0	0	0	954	0	0	0	1610	0	3662	0	1846	0	1152	0	0	0	0	15672	20550	8004	10880	5192	12650	4174	23024	1950	3614	550	3092	692	1648	0	1012	0	236	0	0	0	0	0	23512	1422	2520	0	0	0	0	0	0	0	0	0	112	0	114	0	0	0	2856	792	0	0	862	470	1496	326	192	0	0	0	1694	636	1612	462	332	0	564	0	0	0	0	0	0	0	2374	132	0	0	0	0	
520532	Calcarine_R	0	842	0	114	0	0	0	0	0	0	0	0	0	0	0	0	0	0	0	2180	0	0	0	0	0	0	0	0	0	602	0	0	446	4792	0	2220	0	3612	0	778	0	0	15672	0	4338	34196	3250	32368	206	30478	156	17104	0	11150	0	12010	0	3366	0	2124	0	358	0	408	0	1466	2978	36934	1018	4696	0	0	0	246	0	0	0	0	0	328	0	1072	0	0	0	12390	0	0	0	15562	0	0	0	0	0	0	0	310	0	326	0	0	0	0	0	0	0	0	0	0	170	0	0	0	0	0	
245000	Cuneus_L	824	0	0	0	0	0	0	0	0	0	0	0	0	0	0	0	134	0	322	148	0	0	0	0	0	0	0	0	0	0	0	0	2516	154	1426	0	140	0	180	0	0	0	20550	4338	0	9402	1114	1054	23750	2944	14742	112	544	0	656	282	580	0	4712	0	238	0	0	0	0	0	25894	1310	2926	0	0	0	0	0	0	0	0	0	0	0	164	0	0	0	1078	0	0	0	266	0	0	0	0	0	0	0	0	0	0	0	0	0	0	0	0	0	0	0	0	0	0	0	0	0	0	0	
330984	Cuneus_R	0	0	0	0	0	0	0	0	0	0	0	0	0	0	0	0	0	0	0	304	0	0	0	0	0	0	0	0	0	0	0	0	0	336	0	350	0	0	0	0	0	0	8004	34196	9402	0	1176	12872	234	37168	138	11896	0	2934	0	4472	0	3116	0	4518	0	0	0	0	0	640	3998	22170	0	1554	0	0	0	0	0	0	0	0	0	0	0	0	0	0	0	2972	0	0	0	3042	0	0	0	0	0	0	0	0	0	0	0	0	0	0	0	0	0	0	0	0	0	0	0	0	0	0	
293260	Lingual_L	236	0	0	0	0	0	0	0	0	0	0	0	0	0	0	0	0	0	0	0	0	0	0	0	0	0	0	0	0	0	0	0	0	0	1080	0	4674	0	5766	0	0	0	10880	3250	1114	1176	0	4644	2934	820	10056	0	6968	394	20820	1062	0	0	0	0	0	0	0	0	0	0	3948	120	0	0	0	0	0	0	0	0	590	0	0	0	0	0	0	0	234	0	0	0	520	0	11788	1614	958	0	156	0	15180	1460	18724	2984	584	0	646	0	434	168	0	0	140	252	4394	3612	1718	114	154	264	
372124	Lingual_R	0	364	0	122	0	0	0	0	0	0	0	0	0	0	0	0	0	0	0	538	0	0	0	0	0	0	0	0	0	372	0	0	0	718	0	3016	0	5158	0	3356	0	0	5192	32368	1054	12872	4644	0	152	15018	150	7808	0	7358	0	22856	0	372	0	1718	0	0	0	0	0	242	790	15078	128	830	0	0	0	218	0	0	0	630	0	278	0	560	0	0	0	1132	0	0	0	4048	504	4296	0	0	210	486	1200	7662	1602	8680	0	0	0	0	0	0	0	0	0	382	6900	4138	862	0	0	0	
334284	Occipital_Sup_L	382	0	0	0	0	0	0	0	0	0	0	0	0	0	0	0	226	0	0	0	0	0	0	0	0	0	0	0	0	0	0	0	360	0	120	0	0	0	0	0	0	0	12650	206	23750	234	2934	152	0	0	44546	0	4244	0	1574	0	1376	0	23492	0	3076	0	1520	0	1940	0	28146	222	572	0	0	0	0	0	0	0	0	0	0	0	1402	0	0	0	11252	0	0	0	2620	0	0	0	0	0	0	0	0	0	0	0	0	0	0	0	0	0	0	0	0	0	0	146	0	0	0	0	
365620	Occipital_Sup_R	0	0	0	0	0	0	0	0	0	0	0	0	0	0	0	0	0	0	0	0	0	0	0	0	0	0	0	0	0	0	0	0	0	0	0	152	0	0	0	0	0	0	4174	30478	2944	37168	820	15018	0	0	0	31708	0	3256	0	7520	0	3638	0	10772	0	1744	0	0	0	5812	2108	18070	0	1432	0	0	0	0	0	0	0	0	0	0	0	0	0	0	0	4592	0	0	0	1404	0	0	0	0	0	0	0	0	0	0	0	0	0	0	0	0	0	0	0	0	0	0	0	0	0	0	
524680	Occipital_Mid_L	3622	0	0	0	0	0	0	0	0	0	0	0	0	0	0	0	2620	0	0	0	0	0	0	0	0	0	0	0	494	0	0	0	566	0	574	0	540	0	814	0	0	0	23024	156	14742	138	10056	150	44546	0	0	0	22236	0	8960	0	4254	0	28168	0	10076	0	1986	0	12724	0	30080	0	1948	0	0	0	0	0	0	0	0	0	158	0	3320	0	0	0	30648	0	0	0	4352	0	306	0	0	0	0	0	172	0	598	0	0	0	0	0	0	0	0	0	0	0	0	184	128	0	0	0	
281092	Occipital_Mid_R	0	0	0	0	0	0	0	0	0	0	0	0	0	0	0	0	0	0	0	0	0	0	0	0	0	0	0	0	0	0	0	0	0	0	0	0	0	0	0	0	0	0	1950	17104	112	11896	0	7808	0	31708	0	0	0	7096	0	5790	0	1854	0	4714	0	5294	0	1598	0	15778	202	7870	0	816	0	0	0	0	0	0	0	0	0	0	0	1042	0	0	0	15140	0	0	0	2364	0	0	0	0	0	0	0	206	0	0	0	0	0	0	0	0	0	0	0	0	204	0	0	0	0	0	
166304	Occipital_Inf_L	662	0	0	0	0	0	166	0	0	0	0	0	0	0	0	0	226	0	0	0	0	0	0	0	0	0	0	0	1002	0	0	0	0	0	300	0	842	0	1600	0	0	0	3614	0	544	0	6968	0	4244	0	22236	0	0	0	15404	0	218	0	2470	0	0	0	0	0	0	0	5114	0	0	0	0	0	0	0	0	0	0	0	642	0	334	0	0	0	4258	0	0	0	8004	0	904	0	0	0	0	0	826	0	2120	0	0	0	0	0	0	0	0	0	0	0	0	128	326	0	0	0	
149992	Occipital_Inf_R	0	0	0	0	0	0	0	0	0	0	0	0	0	0	0	0	0	0	0	0	0	0	0	0	0	0	0	0	0	0	0	0	0	0	0	0	0	0	0	0	0	0	550	11150	0	2934	394	7358	0	3256	0	7096	0	0	0	9468	0	554	0	0	0	0	0	0	0	260	0	3458	0	142	0	0	0	0	0	0	0	0	0	0	0	0	0	0	0	4544	0	0	0	14656	234	474	0	0	0	0	276	2150	514	2112	0	0	0	0	0	0	0	0	0	0	2010	1080	326	0	0	0	
414640	Fusiform_L	1740	0	266	0	0	0	436	0	0	0	0	0	0	0	134	0	568	0	234	0	0	0	0	0	0	0	0	0	4566	0	0	0	0	0	2068	0	21946	0	11024	0	3294	0	3092	0	656	0	20820	0	1574	0	8960	0	15404	0	0	0	362	0	750	0	0	0	0	0	0	0	4724	0	0	0	0	0	1282	0	0	0	752	0	1310	0	2208	0	2440	0	3932	0	1794	0	23028	0	19810	690	2796	0	0	0	9424	0	24760	662	2852	0	2976	0	240	0	0	0	0	0	438	1470	1838	0	0	0	
459688	Fusiform_R	124	2456	0	1128	0	0	0	0	0	0	0	384	0	0	0	726	0	0	0	858	0	130	0	0	0	0	0	0	0	2852	0	0	0	0	0	1148	0	27026	0	20380	0	6742	692	12010	282	4472	1062	22856	0	7520	0	5790	0	9468	0	0	0	0	0	922	0	0	0	0	0	234	242	6266	0	140	0	0	0	9692	0	218	126	780	0	0	0	1316	0	6668	0	1958	0	1520	0	20184	510	12160	0	304	0	0	658	11536	1102	15684	0	0	0	344	0	0	0	0	0	0	5464	2688	900	122	0	0	
297052	Postcentral_L	22834	0	4832	1024	0	0	2600	0	0	0	2972	0	0	0	0	0	13522	0	3594	822	0	0	0	0	0	0	0	0	10348	0	0	0	404	140	1000	0	1080	0	0	0	0	0	1648	0	580	0	0	0	1376	0	4254	0	218	0	362	0	0	0	9664	0	28012	0	10118	0	1656	0	6568	0	4422	0	0	0	0	0	0	0	492	0	2726	0	6436	0	0	0	4190	0	0	0	632	0	0	0	0	0	0	0	0	0	0	0	0	0	0	0	0	0	0	0	0	0	0	0	0	0	0	0	
156136	Postcentral_R	0	10106	0	2214	0	0	0	1174	0	0	0	640	0	146	0	0	0	2454	0	1398	0	0	0	0	0	0	0	0	0	1574	0	0	0	774	0	318	0	164	0	0	0	0	0	3366	0	3116	0	372	0	3638	0	1854	0	554	0	0	0	0	0	3056	0	3668	0	9866	0	276	0	10566	0	6076	0	0	0	260	0	0	0	0	0	158	0	722	0	0	0	7536	0	0	0	2022	0	0	0	0	0	0	0	0	0	0	0	0	0	0	0	0	0	0	0	0	0	0	0	0	0	0	
248596	Parietal_Sup_L	544	0	0	0	0	0	0	0	0	0	0	0	0	0	0	0	2280	0	0	0	0	0	0	0	0	0	0	0	200	0	0	0	136	0	0	0	0	0	0	0	0	0	1012	0	4712	0	0	0	23492	0	28168	0	2470	0	750	0	9664	0	0	0	10942	0	1208	0	3582	0	23454	180	796	0	0	0	0	0	0	0	0	0	0	0	2806	0	0	0	7134	0	0	0	768	0	0	0	0	0	0	0	0	0	0	0	0	0	0	0	0	0	0	0	0	0	0	0	0	0	0	0	
90904	Parietal_Sup_R	0	0	0	0	0	0	0	0	0	0	0	0	0	0	0	0	0	0	0	0	0	0	0	0	0	0	0	0	0	0	0	0	0	0	0	0	0	0	0	0	0	0	0	2124	0	4518	0	1718	0	10772	0	4714	0	0	0	922	0	3056	0	0	0	3336	0	0	0	4414	666	7880	0	252	0	0	0	0	0	0	0	0	0	0	0	0	0	0	0	1080	0	0	0	0	0	0	0	0	0	0	0	0	0	0	0	0	0	0	0	0	0	0	0	0	0	0	0	0	0	0	
188992	Parietal_Inf_L	3088	0	316	220	0	0	612	0	0	0	534	0	0	0	0	0	3590	0	272	178	0	0	0	0	0	0	0	0	3746	0	0	0	0	140	0	0	0	0	0	0	0	0	236	0	238	0	0	0	3076	0	10076	0	0	0	0	0	28012	0	10942	0	0	0	9460	0	9638	0	2586	0	278	0	0	0	0	0	0	0	0	0	1038	0	1908	0	0	0	3382	0	0	0	930	0	0	0	0	0	0	0	0	0	0	0	0	0	0	0	0	0	0	0	0	0	0	0	0	0	0	0	
92728	Parietal_Inf_R	0	610	0	216	0	0	0	190	0	0	0	0	0	0	0	0	0	162	0	0	0	0	0	0	0	0	0	0	0	772	0	0	0	0	0	0	0	0	0	0	0	0	0	358	0	0	0	0	0	1744	0	5294	0	0	0	0	0	3668	0	3336	0	0	0	9362	0	12870	0	670	0	170	0	0	0	0	0	0	0	0	0	0	0	242	0	0	0	5616	0	0	0	1084	0	0	0	0	0	0	0	0	0	0	0	0	0	0	0	0	0	0	0	0	0	0	0	0	0	0	
99700	SupraMarginal_L	962	0	272	0	0	0	308	0	0	0	346	0	0	0	0	0	3874	0	246	0	0	0	0	0	0	0	0	0	2198	0	0	0	0	0	0	0	0	0	0	0	0	0	0	0	0	0	0	0	1520	0	1986	0	0	0	0	0	10118	0	1208	0	9460	0	0	0	2864	0	1172	0	0	0	0	0	0	0	0	0	0	0	272	0	6714	0	0	0	3330	0	0	0	3000	0	0	0	0	0	0	0	0	0	0	0	0	0	0	0	0	0	0	0	0	0	0	0	0	0	0	0	
120852	SupraMarginal_R	0	3128	0	524	0	0	0	360	0	0	0	0	0	0	0	0	0	2886	0	348	0	0	0	0	0	0	0	0	0	226	0	0	0	0	0	194	0	0	0	0	0	0	0	408	0	0	0	0	0	0	0	1598	0	0	0	0	0	9866	0	0	0	9362	0	0	0	7340	0	724	0	604	0	0	0	0	0	0	0	0	0	220	0	8096	0	0	0	11986	0	0	0	2556	0	0	0	0	0	0	0	0	0	0	0	0	0	0	0	0	0	0	0	0	0	0	0	0	0	0	
94864	Angular_L	0	0	0	0	0	0	0	0	0	0	0	0	0	0	0	0	1110	0	0	0	0	0	0	0	0	0	0	0	1006	0	0	0	0	0	0	0	0	0	0	0	0	0	0	0	0	0	0	0	1940	0	12724	0	0	0	0	0	1656	0	3582	0	9638	0	2864	0	0	0	2338	0	0	0	0	0	0	0	0	0	0	0	452	0	1244	0	0	0	6782	0	0	0	2096	0	0	0	0	0	0	0	0	0	0	0	0	0	0	0	0	0	0	0	0	0	0	0	0	0	0	0	
126164	Angular_R	0	238	0	0	0	0	0	0	0	0	0	0	0	0	0	0	0	0	0	0	0	0	0	0	0	0	0	0	0	0	0	0	0	0	0	0	0	0	0	0	0	0	0	1466	0	640	0	242	0	5812	0	15778	0	260	0	234	0	276	0	4414	0	12870	0	7340	0	0	0	398	0	146	0	0	0	0	0	0	0	0	0	0	0	2692	0	0	0	9272	0	0	0	1004	0	0	0	0	0	0	0	0	0	0	0	0	0	0	0	0	0	0	0	0	0	0	0	0	0	0	
472064	Precuneus_L	5872	0	702	0	0	0	824	0	0	0	0	0	0	0	0	0	1152	0	530	284	0	0	0	0	0	0	0	0	2650	0	0	0	4784	528	11282	416	8810	0	2208	0	0	0	23512	2978	25894	3998	3948	790	28146	2108	30080	202	5114	0	4724	242	6568	0	23454	666	2586	0	1172	0	2338	0	0	5982	6970	182	0	0	0	0	0	0	896	0	714	0	2774	0	0	0	7486	0	0	0	2466	0	0	0	0	0	0	0	0	0	0	0	0	0	0	0	0	0	0	0	0	0	0	0	0	0	0	0	
434820	Precuneus_R	132	926	0	172	0	0	0	128	0	0	0	0	0	0	0	0	0	0	0	5884	0	0	0	0	0	0	0	0	0	692	0	0	872	9466	738	11854	0	7006	0	3040	0	0	1422	36934	1310	22170	120	15078	222	18070	0	7870	0	3458	0	6266	0	10566	180	7880	0	670	0	724	0	398	5982	0	1916	9738	0	0	0	310	0	0	288	1018	0	326	0	1110	0	0	0	9204	0	0	0	11980	0	0	0	0	0	0	0	610	0	0	0	0	0	0	0	0	0	0	0	0	680	0	0	0	0	0	
231352	Paracentral_Lobule_L	22370	3972	5686	6418	0	0	0	0	0	0	0	0	0	0	0	0	0	0	12180	8706	0	0	0	0	0	0	0	0	0	0	0	0	10468	6446	3654	1446	226	0	0	0	0	0	2520	1018	2926	0	0	128	572	0	1948	0	0	0	0	0	4422	0	796	0	278	0	0	0	0	0	6970	1916	0	2814	470	0	406	0	0	0	6148	204	0	0	0	0	0	0	394	0	0	0	0	174	0	0	0	0	0	0	0	0	0	0	0	0	0	0	0	0	0	0	0	0	0	0	0	0	0	0	
121100	Paracentral_Lobule_R	550	2056	0	0	0	0	0	0	0	0	0	0	0	0	0	0	0	0	0	10002	0	0	0	0	0	0	0	0	0	0	0	0	1274	9130	292	4750	0	0	0	0	0	0	0	4696	0	1554	0	830	0	1432	0	816	0	142	0	140	0	6076	0	252	0	170	0	604	0	146	182	9738	2814	0	0	0	0	0	0	0	0	0	0	0	0	400	0	0	0	1370	0	0	0	1134	0	0	0	0	0	0	0	0	0	0	0	0	0	0	0	0	0	0	0	0	0	0	0	0	0	0	
252808	Caudate_L	7872	284	12500	2884	2720	0	652	1810	0	0	0	118	1638	1404	442	452	0	0	10574	2228	7734	7492	2492	668	386	0	4248	712	1382	296	7050	3650	0	300	0	0	0	0	0	0	0	0	0	0	0	0	0	0	0	0	0	0	0	0	0	0	0	0	0	0	0	0	0	0	0	0	0	0	470	0	0	15938	14814	3714	2084	506	5904	986	0	0	0	0	0	0	0	0	0	0	0	0	0	0	0	0	0	0	0	0	0	0	0	0	0	0	0	0	0	0	0	0	0	0	0	0	0	0	
542756	Caudate_R	1910	1552	2386	39346	1072	4764	686	7258	0	974	0	1622	382	10822	0	7616	0	838	1374	32172	5818	7628	2326	10438	260	4246	3152	3492	444	3784	6482	21488	252	6106	0	0	0	202	0	114	0	0	0	0	0	0	0	0	0	0	0	0	0	0	0	0	0	0	0	0	0	0	0	0	0	0	0	0	0	0	15938	0	3758	39812	174	3220	2178	15292	0	0	0	0	0	0	0	0	0	0	0	0	0	0	0	0	0	0	0	0	0	0	0	0	0	0	0	0	0	0	0	0	0	0	0	0	0	0	
343336	Putamen_L	13114	128	26322	714	9804	0	2168	610	2418	0	690	0	1452	480	7930	0	1266	0	22152	680	3008	2664	5216	318	534	0	1418	130	18672	136	9258	1752	0	182	150	0	4458	0	740	0	430	0	0	0	0	0	0	0	0	0	0	0	0	0	1282	0	0	0	0	0	0	0	0	0	0	0	0	0	406	0	14814	3758	0	1218	5832	0	2056	0	0	0	1254	0	724	0	0	0	0	0	1330	0	0	0	0	0	0	0	0	0	0	0	0	0	0	0	0	0	0	0	0	0	0	0	0	0	0	0	
519284	Putamen_R	186	3658	1376	34946	192	4556	0	9828	0	1084	0	5896	154	7054	0	5730	0	2824	782	18538	1118	2486	1854	9208	0	1246	286	1960	244	22384	4168	16484	338	6380	0	766	0	15348	0	6148	0	752	0	246	0	0	0	218	0	0	0	0	0	0	0	9692	0	260	0	0	0	0	0	0	0	0	0	310	0	0	3714	39812	1218	0	0	6966	0	1762	0	224	0	958	0	350	0	720	0	0	0	5218	0	0	0	0	0	0	0	0	0	0	0	0	0	0	0	0	0	0	0	0	0	0	0	0	0	0	
53936	Pallidum_L	5604	0	5552	336	0	0	0	0	0	0	0	0	0	0	0	0	0	0	5608	348	0	0	0	0	0	0	0	0	0	0	0	0	0	0	0	0	286	0	0	0	0	0	0	0	0	0	0	0	0	0	0	0	0	0	0	0	0	0	0	0	0	0	0	0	0	0	0	0	0	0	2084	174	5832	0	0	0	1144	0	0	0	0	0	0	0	0	0	0	0	0	0	0	0	0	0	0	0	0	0	0	0	0	0	0	0	0	0	0	0	0	0	0	0	0	0	0	0	
47820	Pallidum_R	0	1366	0	4722	0	0	0	1924	0	0	0	298	0	338	0	0	0	270	0	2982	0	0	0	0	0	0	0	0	0	172	0	0	0	0	0	0	0	514	0	414	0	0	0	0	0	0	0	0	0	0	0	0	0	0	0	218	0	0	0	0	0	0	0	0	0	0	0	0	0	0	506	3220	0	6966	0	0	0	0	0	0	0	0	0	0	0	0	0	0	0	0	0	0	0	0	0	0	0	0	0	0	0	0	0	0	0	0	0	0	0	0	0	0	0	0	0	0	
222748	Thalamus_L	15914	1284	9536	4248	0	0	6020	0	0	0	0	0	0	0	0	0	1292	0	9434	4486	0	0	0	0	0	0	0	0	1634	0	0	0	158	258	7200	5148	5624	2768	862	430	154	0	0	0	0	0	590	0	0	0	0	0	0	0	752	126	492	0	0	0	0	0	0	0	0	0	896	288	6148	0	5904	2178	2056	0	1144	0	0	12962	0	0	1030	0	0	0	0	0	0	0	358	0	0	0	0	0	0	0	0	0	0	0	0	0	0	0	0	0	0	0	0	0	0	0	0	0	0	0	
207452	Thalamus_R	3466	854	404	15754	0	0	2230	144	0	0	0	0	0	0	0	0	0	272	312	19714	0	154	0	224	0	0	0	0	0	1020	0	284	0	510	3418	7336	1392	8162	0	2858	0	168	0	0	0	0	0	630	0	0	0	0	0	0	0	780	0	0	0	0	0	0	0	0	0	0	0	1018	204	0	986	15292	0	1762	0	0	12962	0	0	0	0	242	0	0	0	220	0	0	0	354	0	0	0	0	0	0	0	0	0	0	0	0	0	0	0	0	0	0	0	216	384	0	0	0	0	0	
76520	Heschl_L	3024	0	612	0	0	0	2190	0	0	0	1058	0	0	0	0	0	5402	0	360	0	0	0	0	0	0	0	0	0	8164	0	0	0	0	0	670	0	2758	0	0	0	0	0	112	0	0	0	0	0	0	0	158	0	642	0	1310	0	2726	0	0	0	1038	0	272	0	452	0	714	0	0	0	0	0	0	0	0	0	0	0	0	0	3610	0	0	0	1686	0	0	0	1302	0	0	0	0	0	0	0	0	0	0	0	0	0	0	0	0	0	0	0	0	0	0	0	0	0	0	0	
34532	Heschl_R	0	364	0	204	0	0	0	0	0	0	0	258	0	0	0	0	0	2368	0	0	0	0	0	0	0	0	0	0	0	3396	0	0	0	0	0	114	0	1874	0	0	0	0	0	328	0	0	0	278	0	0	0	0	0	0	0	0	0	158	0	0	0	0	0	220	0	0	0	326	0	0	0	0	0	224	0	0	0	0	0	0	0	5448	0	126	0	1178	0	0	0	402	0	0	0	0	0	0	0	0	0	0	0	0	0	0	0	0	0	0	0	0	0	0	0	0	0	0	
211744	Temporal_Sup_L	3754	0	3172	0	0	0	976	0	0	0	874	0	0	0	0	0	14966	0	2876	0	0	0	0	0	0	0	0	0	11490	0	0	0	0	0	302	0	5164	0	244	0	0	0	114	0	164	0	0	0	1402	0	3320	0	334	0	2208	0	6436	0	2806	0	1908	0	6714	0	1244	0	2774	0	0	0	0	0	1254	0	0	0	1030	0	3610	0	0	0	3234	0	17330	0	310	0	5862	0	0	0	0	0	0	0	0	0	0	0	0	0	0	0	0	0	0	0	0	0	0	0	0	0	0	0	
144628	Temporal_Sup_R	0	2562	0	428	0	0	0	0	0	0	0	968	0	0	0	336	0	4148	0	246	0	0	0	0	0	0	0	0	0	7670	0	0	0	0	0	480	0	3352	0	308	0	122	0	1072	0	0	0	560	0	0	0	1042	0	0	0	1316	0	722	0	0	0	242	0	8096	0	2692	0	1110	0	400	0	0	0	958	0	0	0	242	0	5448	0	0	0	2740	0	20090	0	334	0	4630	0	0	0	0	0	0	0	0	0	0	0	0	0	0	0	0	0	0	0	0	0	0	0	0	0	0	
89916	Temporal_Pole_Sup_L	164	0	946	0	216	0	0	0	0	0	1510	0	422	0	698	0	1898	0	800	0	726	0	0	0	0	0	0	0	5608	0	0	0	0	0	0	0	3958	0	862	0	1942	0	0	0	0	0	0	0	0	0	0	0	0	0	2440	0	0	0	0	0	0	0	0	0	0	0	0	0	0	0	0	0	724	0	0	0	0	0	0	0	3234	0	0	0	6852	0	6752	0	5206	0	0	0	0	0	0	0	0	0	0	0	0	0	0	0	0	0	0	0	0	0	0	0	0	0	0	0	
69764	Temporal_Pole_Sup_R	0	0	0	124	0	0	0	0	0	0	0	758	0	0	0	1570	0	1112	0	0	0	0	0	0	0	0	0	0	0	770	0	0	0	0	0	0	0	1654	0	3196	0	3870	0	0	0	0	0	0	0	0	0	0	0	0	0	6668	0	0	0	0	0	0	0	0	0	0	0	0	0	0	0	0	0	350	0	0	0	0	0	126	0	2740	0	0	0	3068	0	4324	0	4552	0	0	0	0	0	0	0	0	0	0	0	0	0	0	0	0	0	0	0	0	0	0	0	0	0	0	
347660	Temporal_Mid_L	5082	0	160	0	0	0	206	0	0	0	0	0	0	0	0	0	6176	0	138	0	0	0	0	0	0	0	0	0	4372	0	0	0	0	0	128	0	4694	0	272	0	0	0	2856	0	1078	0	234	0	11252	0	30648	0	4258	0	3932	0	4190	0	7134	0	3382	0	3330	0	6782	0	7486	0	394	0	0	0	0	0	0	0	0	0	1686	0	17330	0	6852	0	0	0	5292	0	34486	0	0	0	0	0	0	0	0	0	0	0	0	0	0	0	0	0	0	0	0	0	0	0	0	0	0	0	
325268	Temporal_Mid_R	0	4396	0	298	0	0	0	0	0	0	0	246	0	0	0	132	0	580	0	774	0	0	0	0	0	0	0	0	0	1838	0	0	0	0	0	562	0	2202	0	804	0	302	792	12390	0	2972	0	1132	0	4592	0	15140	0	4544	0	1958	0	7536	0	1080	0	5616	0	11986	0	9272	0	9204	0	1370	0	0	0	720	0	0	0	220	0	1178	0	20090	0	3068	0	0	0	3082	0	32558	0	0	0	0	0	0	0	0	0	0	0	0	0	0	0	0	0	0	0	0	0	0	0	0	0	0	
43744	Temporal_Pole_Mid_L	0	0	0	0	0	0	0	0	0	0	0	0	0	0	0	0	0	0	0	0	0	0	0	0	0	0	0	0	620	0	0	0	0	0	0	0	1500	0	680	0	376	0	0	0	0	0	0	0	0	0	0	0	0	0	1794	0	0	0	0	0	0	0	0	0	0	0	0	0	0	0	0	0	0	0	0	0	0	0	0	0	310	0	6752	0	5292	0	0	0	4548	0	0	0	0	0	0	0	0	0	0	0	0	0	0	0	0	0	0	0	0	0	0	0	0	0	0	0	
27568	Temporal_Pole_Mid_R	0	0	0	0	0	0	0	0	0	0	0	0	0	0	0	0	0	0	0	0	0	0	0	0	0	0	0	0	0	0	0	0	0	0	0	0	0	398	0	1464	0	618	0	0	0	0	0	0	0	0	0	0	0	0	0	1520	0	0	0	0	0	0	0	0	0	0	0	0	0	0	0	0	0	0	0	0	0	0	0	0	0	334	0	4324	0	3082	0	0	0	2044	0	0	0	0	0	0	0	0	0	0	0	0	0	0	0	0	0	0	0	0	0	0	0	0	0	0	
275572	Temporal_Inf_L	2304	0	506	0	0	0	358	0	0	0	0	0	0	0	142	0	774	0	482	0	0	0	0	0	0	0	0	0	5520	0	0	0	0	0	1070	0	17458	0	1846	0	754	0	862	0	266	0	520	0	2620	0	4352	0	8004	0	23028	0	632	0	768	0	930	0	3000	0	2096	0	2466	0	0	0	0	0	1330	0	0	0	358	0	1302	0	5862	0	5206	0	34486	0	4548	0	0	0	2496	0	596	0	0	0	112	0	340	0	180	0	212	0	0	0	0	0	0	0	0	0	0	0	0	0	
326604	Temporal_Inf_R	240	3846	0	644	0	0	0	0	0	0	0	314	0	0	0	858	0	186	0	1428	0	0	0	0	0	0	0	0	0	3412	0	0	0	490	0	2176	0	10546	0	2662	0	1250	470	15562	0	3042	0	4048	0	1404	0	2364	0	14656	0	20184	0	2022	0	0	0	1084	0	2556	0	1004	0	11980	174	1134	0	0	0	5218	0	0	0	354	0	402	0	4630	0	4552	0	32558	0	2044	0	0	0	2032	0	242	0	0	0	346	0	598	0	120	0	240	0	0	0	0	0	0	230	0	0	0	0	0	
508364	Cerebelum_Crus1_L	0	0	0	0	0	0	0	0	0	0	0	0	0	0	0	0	0	0	0	0	0	0	0	0	0	0	0	0	0	0	0	0	0	0	0	0	0	0	0	0	0	0	1496	0	0	0	11788	504	0	0	306	0	904	234	19810	510	0	0	0	0	0	0	0	0	0	0	0	0	0	0	0	0	0	0	0	0	0	0	0	0	0	0	0	0	0	0	0	0	2496	0	0	6014	36970	3436	382	392	23528	580	54634	5656	21028	924	24754	840	5716	604	914	0	704	886	6326	7176	12484	1040	1146	0	
483088	Cerebelum_Crus1_R	0	0	0	0	0	0	0	0	0	0	0	0	0	0	0	0	0	0	0	0	0	0	0	0	0	0	0	0	0	0	0	0	0	0	0	0	0	0	0	0	0	0	326	0	0	0	1614	4296	0	0	0	0	0	474	690	12160	0	0	0	0	0	0	0	0	0	0	0	0	0	0	0	0	0	0	0	0	0	0	0	0	0	0	0	0	0	0	0	0	0	2032	6014	0	1538	32058	0	3410	3154	23426	5778	54500	0	8070	1610	28132	1714	2880	606	312	290	1360	13438	8380	15130	4948	2812	392	
343340	Cerebelum_Crus2_L	0	0	0	0	0	0	0	0	0	0	0	0	0	0	0	0	0	0	0	0	0	0	0	0	0	0	0	0	0	0	0	0	0	0	0	0	0	0	0	0	0	0	192	0	0	0	958	0	0	0	0	0	0	0	2796	0	0	0	0	0	0	0	0	0	0	0	0	0	0	0	0	0	0	0	0	0	0	0	0	0	0	0	0	0	0	0	0	0	596	0	36970	1538	0	12700	0	0	3222	0	8670	698	38154	7618	35066	5342	2220	196	190	0	116	132	722	920	10314	2010	330	0	
338124	Cerebelum_Crus2_R	0	0	0	0	0	0	0	0	0	0	0	0	0	0	0	0	0	0	0	0	0	0	0	0	0	0	0	0	0	0	0	0	0	0	0	0	0	0	0	0	0	0	0	0	0	0	0	0	0	0	0	0	0	0	0	304	0	0	0	0	0	0	0	0	0	0	0	0	0	0	0	0	0	0	0	0	0	0	0	0	0	0	0	0	0	0	0	0	0	242	3436	32058	12700	0	0	918	288	3212	228	8320	7206	26904	8782	37088	2324	1328	276	0	0	294	1984	360	15486	4496	828	0	
32572	Cerebelum_3_L	0	0	0	0	0	0	0	0	0	0	0	0	0	0	0	0	0	0	0	0	0	0	0	0	0	0	0	0	0	0	0	0	0	0	0	0	0	0	148	0	0	0	0	0	0	0	156	210	0	0	0	0	0	0	0	0	0	0	0	0	0	0	0	0	0	0	0	0	0	0	0	0	0	0	0	0	0	0	0	0	0	0	0	0	0	0	0	0	0	0	382	0	0	0	0	682	7120	480	780	0	0	0	298	0	1234	0	476	0	452	1552	1684	358	0	0	274	0	
77764	Cerebelum_3_R	0	0	0	0	0	0	0	0	0	0	0	0	0	0	0	0	0	0	0	0	0	0	0	0	0	0	0	0	0	0	0	0	0	0	0	0	0	0	0	0	0	0	0	0	0	0	0	486	0	0	0	0	0	0	0	0	0	0	0	0	0	0	0	0	0	0	0	0	0	0	0	0	0	0	0	0	0	0	0	0	0	0	0	0	0	0	0	0	0	0	392	3410	0	918	682	0	1212	7002	1034	5816	0	228	240	1380	724	1332	184	0	838	4580	3096	1878	392	1450	1608	0	
310672	Cerebelum_4_5_L	0	0	0	0	0	0	0	0	0	0	0	0	0	0	0	0	0	0	0	0	0	0	0	0	0	0	0	0	0	0	0	0	0	0	0	0	0	0	180	0	0	0	1694	0	0	0	15180	1200	0	0	172	0	826	276	9424	658	0	0	0	0	0	0	0	0	0	0	0	0	0	0	0	0	0	0	0	0	0	0	0	0	0	0	0	0	0	0	0	0	112	0	23528	3154	3222	288	7120	1212	0	3550	33450	4370	3512	0	5104	322	5254	1176	924	0	1858	2930	14958	4504	1434	850	1646	1248	
266284	Cerebelum_4_5_R	0	0	0	0	0	0	0	0	0	0	0	0	0	0	0	0	0	0	0	0	0	0	0	0	0	0	0	0	0	0	0	0	0	0	0	0	0	746	0	902	0	0	636	310	0	0	1460	7662	0	0	0	206	0	2150	0	11536	0	0	0	0	0	0	0	0	0	0	0	610	0	0	0	0	0	0	0	0	0	0	0	0	0	0	0	0	0	0	0	0	0	346	580	23426	0	3212	480	7002	3550	0	1298	31050	0	480	438	4000	916	1696	258	144	218	1510	19706	2126	1170	1502	1430	386	
451832	Cerebelum_6_L	0	0	0	0	0	0	0	0	0	0	0	0	0	0	0	0	0	0	0	0	0	0	0	0	0	0	0	0	0	0	0	0	0	0	0	0	0	0	242	0	0	0	1612	0	0	0	18724	1602	0	0	598	0	2120	514	24760	1102	0	0	0	0	0	0	0	0	0	0	0	0	0	0	0	0	0	0	0	0	0	0	0	0	0	0	0	0	0	0	0	0	340	0	54634	5778	8670	228	780	1034	33450	1298	0	7148	7932	0	9276	118	3724	2502	896	0	866	1164	7762	12388	7872	3248	3272	262	
431120	Cerebelum_6_R	0	0	0	0	0	0	0	0	0	0	0	0	0	0	0	0	0	0	0	0	0	0	0	0	0	0	0	0	0	0	0	0	0	0	0	0	0	0	0	0	0	0	462	326	0	0	2984	8680	0	0	0	0	0	2112	662	15684	0	0	0	0	0	0	0	0	0	0	0	0	0	0	0	0	0	0	0	0	0	0	0	0	0	0	0	0	0	0	0	0	0	598	5656	54500	698	8320	0	5816	4370	31050	7148	0	0	1972	704	10256	1138	2032	296	290	454	2082	17964	12012	10824	3496	2496	478	
299488	Cerebelum_7b_L	0	0	0	0	0	0	0	0	0	0	0	0	0	0	0	0	0	0	0	0	0	0	0	0	0	0	0	0	0	0	0	0	0	0	0	0	0	0	0	0	0	0	332	0	0	0	584	0	0	0	0	0	0	0	2852	0	0	0	0	0	0	0	0	0	0	0	0	0	0	0	0	0	0	0	0	0	0	0	0	0	0	0	0	0	0	0	0	0	180	0	21028	0	38154	7206	0	0	3512	0	7932	0	0	6518	44086	4994	2694	0	166	0	0	0	738	0	5914	2854	0	0	
213492	Cerebelum_7b_R	0	0	0	0	0	0	0	0	0	0	0	0	0	0	0	0	0	0	0	0	0	0	0	0	0	0	0	0	0	0	0	0	0	0	0	0	0	0	0	0	0	0	0	0	0	0	0	0	0	0	0	0	0	0	0	0	0	0	0	0	0	0	0	0	0	0	0	0	0	0	0	0	0	0	0	0	0	0	0	0	0	0	0	0	0	0	0	0	0	120	924	8070	7618	26904	0	228	0	480	0	1972	6518	0	7190	32340	946	3110	0	0	0	0	200	0	5704	4422	0	0	
406688	Cerebelum_8_L	0	0	0	0	0	0	0	0	0	0	0	0	0	0	0	0	0	0	0	0	0	0	0	0	0	0	0	0	0	0	0	0	0	0	0	0	0	0	0	0	0	0	564	0	0	0	646	0	0	0	0	0	0	0	2976	0	0	0	0	0	0	0	0	0	0	0	0	0	0	0	0	0	0	0	0	0	0	0	0	0	0	0	0	0	0	0	0	0	212	0	24754	1610	35066	8782	298	240	5104	438	9276	704	44086	7190	0	10052	23656	1898	3370	0	0	0	1536	148	8828	9678	2232	0	
366720	Cerebelum_8_R	0	0	0	0	0	0	0	0	0	0	0	0	0	0	0	0	0	0	0	0	0	0	0	0	0	0	0	0	0	0	0	0	0	0	0	0	0	0	0	0	0	0	0	0	0	0	0	0	0	0	0	0	0	0	0	344	0	0	0	0	0	0	0	0	0	0	0	0	0	0	0	0	0	0	0	0	0	0	0	0	0	0	0	0	0	0	0	0	0	240	840	28132	5342	37088	0	1380	322	4000	118	10256	4994	32340	10052	0	4006	16140	1162	720	152	424	2102	424	11692	9230	1734	126	
169964	Cerebelum_9_L	0	0	0	0	0	0	0	0	0	0	0	0	0	0	0	0	0	0	0	0	0	0	0	0	0	0	0	0	0	0	0	0	0	0	0	0	0	0	0	0	0	0	0	0	0	0	434	0	0	0	0	0	0	0	240	0	0	0	0	0	0	0	0	0	0	0	0	0	0	0	0	0	0	0	0	0	0	0	0	0	0	0	0	0	0	0	0	0	0	0	5716	1714	2220	2324	1234	724	5254	916	3724	1138	2694	946	23656	4006	0	2464	4848	0	402	554	2738	1904	4748	6264	3472	648	
141736	Cerebelum_9_R	0	0	0	0	0	0	0	0	0	0	0	0	0	0	0	0	0	0	0	0	0	0	0	0	0	0	0	0	0	0	0	0	0	0	0	0	0	0	0	0	0	0	0	0	0	0	168	0	0	0	0	0	0	0	0	0	0	0	0	0	0	0	0	0	0	0	0	0	0	0	0	0	0	0	0	0	0	0	0	0	0	0	0	0	0	0	0	0	0	0	604	2880	196	1328	0	1332	1176	1696	2502	2032	0	3110	1898	16140	2464	0	786	1352	786	976	2856	5512	3640	7776	8158	1500	
39612	Cerebelum_10_L	0	0	0	0	0	0	0	0	0	0	0	0	0	0	0	0	0	0	0	0	0	0	0	0	0	0	0	0	0	0	0	0	0	0	0	0	0	0	0	0	0	0	0	0	0	0	0	0	0	0	0	0	0	0	0	0	0	0	0	0	0	0	0	0	0	0	0	0	0	0	0	0	0	0	0	0	0	0	0	0	0	0	0	0	0	0	0	0	0	0	914	606	190	276	476	184	924	258	896	296	166	0	3370	1162	4848	786	0	0	0	0	230	112	686	2278	1148	0	
8560	Cerebelum_10_R	0	0	0	0	0	0	0	0	0	0	0	0	0	0	0	0	0	0	0	0	0	0	0	0	0	0	0	0	0	0	0	0	0	0	0	0	0	0	0	0	0	0	0	0	0	0	0	0	0	0	0	0	0	0	0	0	0	0	0	0	0	0	0	0	0	0	0	0	0	0	0	0	0	0	0	0	0	0	0	0	0	0	0	0	0	0	0	0	0	0	0	312	0	0	0	0	0	144	0	290	0	0	0	720	0	1352	0	0	0	0	0	162	412	422	466	0	
34632	Vermis_1_2	0	0	0	0	0	0	0	0	0	0	0	0	0	0	0	0	0	0	0	0	0	0	0	0	0	0	0	0	0	0	0	0	0	0	0	0	0	0	0	0	0	0	0	0	0	0	140	0	0	0	0	0	0	0	0	0	0	0	0	0	0	0	0	0	0	0	0	0	0	0	0	0	0	0	0	0	0	0	0	0	0	0	0	0	0	0	0	0	0	0	704	290	116	0	452	838	1858	218	866	454	0	0	0	152	402	786	0	0	0	5428	2572	716	218	496	610	0	
63136	Vermis_3	0	0	0	0	0	0	0	0	0	0	0	0	0	0	0	0	0	0	0	0	0	0	0	0	0	0	0	0	0	0	0	0	0	0	0	0	0	0	0	0	0	0	0	0	0	0	252	382	0	0	0	0	0	0	0	0	0	0	0	0	0	0	0	0	0	0	0	0	0	0	0	0	0	0	0	0	0	216	0	0	0	0	0	0	0	0	0	0	0	0	886	1360	132	294	1552	4580	2930	1510	1164	2082	0	0	0	424	554	976	0	0	5428	0	3686	1128	380	794	858	0	
291496	Vermis_4_5	0	0	0	0	0	0	0	0	0	0	0	0	0	0	0	0	0	0	0	0	0	0	0	0	0	0	0	0	0	0	0	0	0	0	0	594	0	574	0	528	0	0	2374	170	0	0	4394	6900	0	0	0	204	0	2010	438	5464	0	0	0	0	0	0	0	0	0	0	0	680	0	0	0	0	0	0	0	0	0	384	0	0	0	0	0	0	0	0	0	0	0	230	6326	13438	722	1984	1684	3096	14958	19706	7762	17964	738	200	1536	2102	2738	2856	230	0	2572	3686	0	7402	1682	1826	3284	2312	
208232	Vermis_6	0	0	0	0	0	0	0	0	0	0	0	0	0	0	0	0	0	0	0	0	0	0	0	0	0	0	0	0	0	0	0	0	0	0	0	0	0	0	0	0	0	0	132	0	0	0	3612	4138	146	0	184	0	128	1080	1470	2688	0	0	0	0	0	0	0	0	0	0	0	0	0	0	0	0	0	0	0	0	0	0	0	0	0	0	0	0	0	0	0	0	0	0	7176	8380	920	360	358	1878	4504	2126	12388	12012	0	0	148	424	1904	5512	112	162	716	1128	7402	0	7728	5438	7130	2632	
288184	Vermis_7	0	0	0	0	0	0	0	0	0	0	0	0	0	0	0	0	0	0	0	0	0	0	0	0	0	0	0	0	0	0	0	0	0	0	0	0	0	0	0	0	0	0	0	0	0	0	1718	862	0	0	128	0	326	326	1838	900	0	0	0	0	0	0	0	0	0	0	0	0	0	0	0	0	0	0	0	0	0	0	0	0	0	0	0	0	0	0	0	0	0	0	12484	15130	10314	15486	0	392	1434	1170	7872	10824	5914	5704	8828	11692	4748	3640	686	412	218	380	1682	7728	0	6618	4450	188	
