data	data	601968	328228	1.45926e+06	1.08435e+06	183912	129800	591896	321312	146272	38476	349264	263208	513364	247960	254608	79008	297160	203292	1.09043e+06	845908	62796	69020	577188	531220	25744	116700	48448	53804	869920	396596	407244	557376	266212	642748	88356	121272	321684	293060	87996	163240	33760	47132	274872	385420	239932	360768	297488	273696	227020	356440	532280	274520	154908	199336	412372	451608	305340	192016	162500	107188	191824	100484	128600	121096	102476	117796	328340	419816	309924	132784	363352	517216	456612	380388	48244	51840	168672	158120	127836	40740	336976	135260	94792	36788	333988	229280	14080	15360	347008	227684	385768	398104	275580	237252	31676	60272	245120	163120	357576	356156	231944	153608	245960	213528	111572	148092	21628	6712	33032	68492	200964	181156	196708	178232	111464	34284	
data	data	Precentral_L	Precentral_R	Frontal_Sup_L	Frontal_Sup_R	Frontal_Sup_Orb_L	Frontal_Sup_Orb_R	Frontal_Mid_L	Frontal_Mid_R	Frontal_Mid_Orb_L	Frontal_Mid_Orb_R	Frontal_Inf_Oper_L	Frontal_Inf_Oper_R	Frontal_Inf_Tri_L	Frontal_Inf_Tri_R	Frontal_Inf_Orb_L	Frontal_Inf_Orb_R	Rolandic_Oper_L	Rolandic_Oper_R	Supp_Motor_Area_L	Supp_Motor_Area_R	Olfactory_L	Olfactory_R	Frontal_Sup_Medial_L	Frontal_Sup_Medial_R	Frontal_Med_Orb_L	Frontal_Med_Orb_R	Rectus_L	Rectus_R	Insula_L	Insula_R	Cingulum_Ant_L	Cingulum_Ant_R	Cingulum_Mid_L	Cingulum_Mid_R	Cingulum_Post_L	Cingulum_Post_R	Hippocampus_L	Hippocampus_R	ParaHippocampal_L	ParaHippocampal_R	Amygdala_L	Amygdala_R	Calcarine_L	Calcarine_R	Cuneus_L	Cuneus_R	Lingual_L	Lingual_R	Occipital_Sup_L	Occipital_Sup_R	Occipital_Mid_L	Occipital_Mid_R	Occipital_Inf_L	Occipital_Inf_R	Fusiform_L	Fusiform_R	Postcentral_L	Postcentral_R	Parietal_Sup_L	Parietal_Sup_R	Parietal_Inf_L	Parietal_Inf_R	SupraMarginal_L	SupraMarginal_R	Angular_L	Angular_R	Precuneus_L	Precuneus_R	Paracentral_Lobule_L	Paracentral_Lobule_R	Caudate_L	Caudate_R	Putamen_L	Putamen_R	Pallidum_L	Pallidum_R	Thalamus_L	Thalamus_R	Heschl_L	Heschl_R	Temporal_Sup_L	Temporal_Sup_R	Temporal_Pole_Sup_L	Temporal_Pole_Sup_R	Temporal_Mid_L	Temporal_Mid_R	Temporal_Pole_Mid_L	Temporal_Pole_Mid_R	Temporal_Inf_L	Temporal_Inf_R	Cerebelum_Crus1_L	Cerebelum_Crus1_R	Cerebelum_Crus2_L	Cerebelum_Crus2_R	Cerebelum_3_L	Cerebelum_3_R	Cerebelum_4_5_L	Cerebelum_4_5_R	Cerebelum_6_L	Cerebelum_6_R	Cerebelum_7b_L	Cerebelum_7b_R	Cerebelum_8_L	Cerebelum_8_R	Cerebelum_9_L	Cerebelum_9_R	Cerebelum_10_L	Cerebelum_10_R	Vermis_1_2	Vermis_3	Vermis_4_5	Vermis_6	Vermis_7	Vermis_8	Vermis_9	Vermis_10	
601968	Precentral_L	0	384	35114	908	162	0	27248	0	0	0	14618	0	5028	0	0	0	16286	0	32926	6000	0	0	0	0	0	0	0	0	18360	0	0	0	4090	3064	1562	1438	10546	1102	450	148	0	0	0	0	360	0	264	0	0	0	788	0	628	0	2692	140	31598	0	0	0	3440	0	1442	0	146	0	1026	0	32226	342	3348	200	10142	0	1666	0	14968	408	5806	0	5128	0	0	0	1350	0	0	0	2990	0	452	0	0	0	0	0	0	0	0	0	0	0	0	0	0	0	0	0	0	0	0	0	0	0	0	0	
328228	Precentral_R	384	0	1046	42000	0	0	212	11572	0	0	536	10164	646	442	192	0	0	4700	1540	5304	0	0	222	256	0	0	0	0	398	3770	0	448	0	574	0	0	0	6104	0	798	0	0	0	192	0	0	0	0	0	0	0	194	0	444	0	1088	0	18384	0	0	0	1192	0	2790	0	0	0	178	254	3418	1054	10818	202	4088	0	592	490	23258	0	456	0	1602	0	0	0	1322	0	0	0	790	0	0	0	0	0	0	0	0	0	0	0	0	0	0	0	0	0	0	0	0	0	0	0	0	0	0	
1.45926e+06	Frontal_Sup_L	35114	1046	0	18462	11620	378	82732	4440	4778	0	23648	2924	35840	1312	10452	0	17482	2816	114494	34206	0	0	56140	17632	654	936	0	0	53928	4026	21626	12930	6334	18250	306	852	14672	902	524	166	0	0	0	0	0	0	0	0	0	0	240	0	206	0	5398	160	8528	136	0	0	618	0	298	0	0	0	0	0	2560	0	18194	10146	34410	2816	5170	0	7314	182	4696	0	8558	0	1060	0	1444	0	0	0	5662	0	214	0	0	0	0	0	0	0	0	0	0	0	0	0	0	0	0	0	0	0	0	0	0	0	0	0	
1.08435e+06	Frontal_Sup_R	908	42000	18462	0	140	8394	4146	37124	0	622	702	10994	2818	12790	890	2132	0	10436	19318	62324	0	0	17904	43882	0	6304	0	960	2510	19584	10836	38328	5334	31448	0	0	0	12492	0	2782	0	0	0	128	0	132	0	0	0	0	0	136	0	532	0	3668	0	4430	0	0	0	498	0	222	0	0	0	218	332	144	7482	34896	426	25338	0	6008	504	27412	0	1006	0	1312	0	0	0	126	0	0	0	660	0	0	0	0	0	0	0	0	0	0	0	0	0	0	0	0	0	0	0	0	0	0	0	0	0	0	
183912	Frontal_Sup_Orb_L	162	0	11620	140	0	0	2298	0	17782	0	282	0	2716	0	12970	0	0	0	2012	216	816	0	2996	362	1986	0	5474	0	9722	0	2894	350	0	0	0	0	0	0	210	0	384	0	0	0	0	0	0	0	0	0	0	0	0	0	0	0	0	0	0	0	0	0	0	0	0	0	0	0	0	0	1380	308	13914	0	0	0	0	0	0	0	0	0	962	0	0	0	0	0	0	0	0	0	0	0	0	0	0	0	0	0	0	0	0	0	0	0	0	0	0	0	0	0	0	0	0	0	
129800	Frontal_Sup_Orb_R	0	0	378	8394	0	0	0	912	0	6934	0	478	0	1724	0	3828	0	0	688	1048	0	1298	154	6020	588	9634	0	8778	0	3316	212	2056	0	0	0	0	0	0	0	0	0	326	0	0	0	0	0	0	0	0	0	0	0	0	0	0	0	0	0	0	0	0	0	0	0	0	0	0	0	0	306	2410	0	5418	0	0	0	0	0	0	0	0	0	0	0	0	0	0	0	0	0	0	0	0	0	0	0	0	0	0	0	0	0	0	0	0	0	0	0	0	0	0	0	0	0	0	
591896	Frontal_Mid_L	27248	212	82732	4146	2298	0	0	2560	2604	0	16012	1014	43452	264	8624	0	6288	484	12934	6580	0	0	19186	3958	0	0	0	0	18826	328	7392	1596	2310	6170	0	810	1958	654	0	0	0	0	0	0	0	0	0	0	0	0	0	0	0	0	282	0	2924	0	0	0	194	0	146	0	0	0	0	0	1390	0	1470	724	1618	0	342	0	1882	330	676	0	3058	0	0	0	0	0	0	0	272	0	0	0	0	0	0	0	0	0	0	0	0	0	0	0	0	0	0	0	0	0	0	0	0	0	0	0	
321312	Frontal_Mid_R	0	11572	4440	37124	0	912	2560	0	0	146	366	13788	1128	13046	218	1650	0	3406	4926	10156	0	0	4496	7518	0	320	0	0	914	6808	1170	3248	1826	10246	0	0	0	2978	0	842	0	0	0	0	0	0	0	0	0	0	0	0	0	0	0	1004	0	1206	0	0	0	0	0	120	0	0	0	0	0	0	336	1412	0	8090	0	830	0	0	0	832	0	850	0	0	0	0	0	0	0	172	0	0	0	0	0	0	0	0	0	0	0	0	0	0	0	0	0	0	0	0	0	0	0	0	0	0	
146272	Frontal_Mid_Orb_L	0	0	4778	0	17782	0	2604	0	0	0	0	0	5050	0	19040	0	0	0	256	0	204	0	1512	218	200	0	3982	0	6566	0	1888	190	0	0	0	0	0	0	0	0	0	0	0	0	0	0	0	0	0	0	0	0	0	0	0	0	0	0	0	0	0	0	0	0	0	0	0	0	0	0	658	0	7868	0	0	0	0	0	0	0	0	0	340	0	0	0	0	0	0	0	0	0	0	0	0	0	0	0	0	0	0	0	0	0	0	0	0	0	0	0	0	0	0	0	0	0	
38476	Frontal_Mid_Orb_R	0	0	0	622	0	6934	0	146	0	0	0	0	0	510	0	3662	0	0	0	160	0	220	0	458	0	1936	0	2552	0	798	0	286	0	0	0	0	0	0	0	0	0	208	0	0	0	0	0	0	0	0	0	0	0	0	0	0	0	0	0	0	0	0	0	0	0	0	0	0	0	0	0	256	0	490	0	0	0	0	0	0	0	0	0	0	0	0	0	0	0	0	0	0	0	0	0	0	0	0	0	0	0	0	0	0	0	0	0	0	0	0	0	0	0	0	0	0	
349264	Frontal_Inf_Oper_L	14618	536	23648	702	282	0	16012	366	0	0	0	1458	28960	384	506	0	14206	354	15690	790	0	0	1304	142	0	0	0	0	22266	354	548	196	214	274	0	0	338	0	0	0	0	0	0	0	0	0	0	0	0	0	0	0	0	0	318	0	5072	0	0	0	288	0	328	0	0	0	0	0	0	0	5372	1982	1600	132	0	0	0	0	936	0	8306	0	3918	0	1526	0	0	0	706	0	0	0	0	0	0	0	0	0	0	0	0	0	0	0	0	0	0	0	0	0	0	0	0	0	0	0	
263208	Frontal_Inf_Oper_R	0	10164	2924	10994	0	478	1014	13788	0	0	1458	0	1808	16230	244	482	0	8036	3548	8660	0	0	1762	3072	0	236	0	0	1252	10088	1302	6208	442	5844	0	0	0	924	0	458	0	0	0	0	0	0	0	0	0	0	0	0	0	0	0	500	0	2808	0	0	0	0	0	0	0	0	0	0	0	0	2722	7308	420	4640	0	0	0	276	0	364	0	726	0	424	0	0	0	0	0	0	0	0	0	0	0	0	0	0	0	0	0	0	0	0	0	0	0	0	0	0	0	0	0	0	0	0	
513364	Frontal_Inf_Tri_L	5028	646	35840	2818	2716	0	43452	1128	5050	0	28960	1808	0	618	24684	0	1230	696	15016	3566	0	0	9550	2818	0	0	0	0	40748	850	3976	904	3096	2858	0	0	126	0	0	0	0	0	0	0	0	0	0	0	0	0	0	0	0	0	0	0	718	0	0	0	0	0	0	0	0	0	0	0	0	0	8408	3392	3062	268	0	0	0	0	326	0	1116	0	1074	0	136	0	0	0	0	0	0	0	0	0	0	0	0	0	0	0	0	0	0	0	0	0	0	0	0	0	0	0	0	0	0	0	
247960	Frontal_Inf_Tri_R	0	442	1312	12790	0	1724	264	13046	0	510	384	16230	618	0	0	7278	0	218	1520	3404	0	0	2736	8184	0	670	0	0	548	20040	1922	12450	2274	6512	0	0	0	174	0	0	0	0	0	0	0	0	0	0	0	0	0	0	0	0	0	0	0	0	0	0	0	0	0	0	0	0	0	0	0	0	1258	4282	218	2972	0	0	0	0	0	0	0	0	0	0	0	0	0	0	0	0	0	0	0	0	0	0	0	0	0	0	0	0	0	0	0	0	0	0	0	0	0	0	0	0	0	0	
254608	Frontal_Inf_Orb_L	0	192	10452	890	12970	0	8624	218	19040	0	506	244	24684	0	0	0	138	404	2714	696	806	0	2224	482	0	0	580	0	21164	506	1544	418	720	712	0	0	0	0	314	0	348	0	0	0	0	0	0	0	0	0	0	0	0	0	0	0	0	0	0	0	0	0	0	0	0	0	0	0	0	0	2994	1152	8916	142	0	0	0	0	0	0	272	0	2238	0	0	0	0	0	0	0	0	0	0	0	0	0	0	0	0	0	0	0	0	0	0	0	0	0	0	0	0	0	0	0	0	0	
79008	Frontal_Inf_Orb_R	0	0	0	2132	0	3828	0	1650	0	3662	0	482	0	7278	0	0	0	0	176	478	0	1394	196	566	0	212	0	1494	0	10772	0	460	192	640	0	0	0	0	0	0	0	366	0	0	0	0	0	0	0	0	0	0	0	0	0	0	0	0	0	0	0	0	0	0	0	0	0	0	0	0	0	816	0	2500	0	0	0	0	0	0	0	0	0	210	0	0	0	0	0	0	0	0	0	0	0	0	0	0	0	0	0	0	0	0	0	0	0	0	0	0	0	0	0	0	0	0	
297160	Rolandic_Oper_L	16286	0	17482	0	0	0	6288	0	0	0	14206	0	1230	0	138	0	0	0	9900	0	0	0	0	0	0	0	0	0	25966	0	0	0	0	0	0	0	590	0	0	0	0	0	0	0	0	0	0	0	0	0	1200	0	148	0	514	0	11090	0	378	0	1102	0	2224	0	392	0	286	0	1014	0	502	122	696	0	0	0	0	0	8236	0	19414	0	2542	0	4018	0	0	0	2616	0	0	0	0	0	0	0	0	0	0	0	0	0	0	0	0	0	0	0	0	0	0	0	0	0	0	0	
203292	Rolandic_Oper_R	0	4700	2816	10436	0	0	484	3406	0	0	354	8036	696	218	404	0	0	0	2884	7588	0	0	486	546	0	0	0	0	536	15424	456	1028	192	1374	0	0	0	800	0	430	0	0	0	0	0	0	0	0	0	0	0	0	0	0	0	520	0	4342	0	128	0	998	0	4056	0	0	0	0	0	866	2302	5288	174	2992	0	0	0	452	0	4168	0	10972	0	812	0	282	0	0	0	0	0	0	0	0	0	0	0	0	0	0	0	0	0	0	0	0	0	0	0	0	0	0	0	0	0	0	
1.09043e+06	Supp_Motor_Area_L	32926	1540	114494	19318	2012	688	12934	4926	256	0	15690	3548	15016	1520	2714	176	9900	2884	0	53448	0	0	11824	7150	0	1228	0	0	30712	4986	4982	6180	11558	25100	242	566	13994	474	424	126	0	0	0	0	0	0	0	0	0	0	210	0	194	0	4174	126	6688	172	0	0	436	0	196	0	0	0	0	574	13328	1232	20010	11118	30856	4378	6412	0	18012	0	3904	0	4092	0	272	0	840	0	0	0	4288	0	166	0	0	0	0	0	0	0	0	0	0	0	0	0	0	0	0	0	0	0	0	0	0	0	0	0	
845908	Supp_Motor_Area_R	6000	5304	34206	62324	216	1048	6580	10156	0	160	790	8660	3566	3404	696	478	0	7588	53448	0	0	0	7594	14048	0	1674	0	0	3780	10360	3410	15864	10856	50526	370	2528	0	2238	0	126	0	0	0	454	0	0	0	414	0	0	0	142	0	1020	0	1234	766	2854	0	0	0	0	0	252	0	0	0	2246	6144	11852	11578	28042	462	13870	296	3702	1370	2798	0	300	0	1896	0	0	0	1254	0	0	0	1876	0	0	0	0	0	0	0	0	0	0	0	0	0	0	0	0	0	0	0	0	134	0	0	0	0	0	
62796	Olfactory_L	0	0	0	0	816	0	0	0	204	0	0	0	0	0	806	0	0	0	0	0	0	5094	0	0	230	0	1508	128	1358	0	2434	1682	0	0	0	0	0	0	540	0	392	0	0	0	0	0	0	0	0	0	0	0	0	0	0	0	0	0	0	0	0	0	0	0	0	0	0	0	0	0	5584	4782	3750	1556	0	0	0	0	0	0	0	0	534	0	0	0	0	0	0	0	0	0	0	0	0	0	0	0	0	0	0	0	0	0	0	0	0	0	0	0	0	0	0	0	0	0	
69020	Olfactory_R	0	0	0	0	0	1298	0	0	0	220	0	0	0	0	0	1394	0	0	0	0	5094	0	0	0	0	382	1214	1358	0	2132	2078	1878	0	0	0	0	0	0	0	0	0	882	0	0	0	0	0	0	0	0	0	0	0	0	0	0	0	0	0	0	0	0	0	0	0	0	0	0	0	0	5718	5646	3132	1966	0	0	0	0	0	0	0	0	0	118	0	0	0	0	0	0	0	0	0	0	0	0	0	0	0	0	0	0	0	0	0	0	0	0	0	0	0	0	0	0	0	0	
577188	Frontal_Sup_Medial_L	0	222	56140	17904	2996	154	19186	4496	1512	0	1304	1762	9550	2736	2224	196	0	486	11824	7594	0	0	0	39620	1344	552	302	0	10608	1038	31960	21254	14036	22408	0	0	0	0	0	0	0	0	0	0	0	0	0	0	0	0	0	0	0	0	0	0	0	0	0	0	0	0	0	0	0	0	0	0	0	0	1758	1112	1912	404	0	0	0	0	0	0	0	0	0	0	0	0	0	0	0	0	0	0	0	0	0	0	0	0	0	0	0	0	0	0	0	0	0	0	0	0	0	0	0	0	0	0	
531220	Frontal_Sup_Medial_R	0	256	17632	43882	362	6020	3958	7518	218	458	142	3072	2818	8184	482	566	0	546	7150	14048	0	0	39620	0	632	7936	0	356	2906	5464	13062	32312	7148	25912	0	0	0	0	0	0	0	0	0	0	0	0	0	0	0	0	0	0	0	0	0	0	0	0	0	0	0	0	0	0	0	0	0	0	0	0	1438	6504	412	4344	0	128	0	124	0	0	0	0	0	0	0	0	0	0	0	0	0	0	0	0	0	0	0	0	0	0	0	0	0	0	0	0	0	0	0	0	0	0	0	0	0	0	
25744	Frontal_Med_Orb_L	0	0	654	0	1986	588	0	0	200	0	0	0	0	0	0	0	0	0	0	0	230	0	1344	632	0	914	1574	350	0	0	3060	494	0	0	0	0	0	0	0	0	0	0	0	0	0	0	0	0	0	0	0	0	0	0	0	0	0	0	0	0	0	0	0	0	0	0	0	0	0	0	168	0	678	0	0	0	0	0	0	0	0	0	0	0	0	0	0	0	0	0	0	0	0	0	0	0	0	0	0	0	0	0	0	0	0	0	0	0	0	0	0	0	0	0	0	0	
116700	Frontal_Med_Orb_R	0	0	936	6304	0	9634	0	320	0	1936	0	236	0	670	0	212	0	0	1228	1674	0	382	552	7936	914	0	0	4610	0	514	1656	6676	0	0	0	0	0	0	0	0	0	0	0	0	0	0	0	0	0	0	0	0	0	0	0	0	0	0	0	0	0	0	0	0	0	0	0	0	0	0	648	4688	0	6624	0	0	0	0	0	0	0	0	0	0	0	0	0	0	0	0	0	0	0	0	0	0	0	0	0	0	0	0	0	0	0	0	0	0	0	0	0	0	0	0	0	0	
48448	Rectus_L	0	0	0	0	5474	0	0	0	3982	0	0	0	0	0	580	0	0	0	0	0	1508	1214	302	0	1574	0	0	224	0	0	2502	714	0	0	0	0	0	0	0	0	0	0	0	0	0	0	0	0	0	0	0	0	0	0	0	0	0	0	0	0	0	0	0	0	0	0	0	0	0	0	1972	1068	2768	342	0	0	0	0	0	0	0	0	0	0	0	0	0	0	0	0	0	0	0	0	0	0	0	0	0	0	0	0	0	0	0	0	0	0	0	0	0	0	0	0	0	0	
53804	Rectus_R	0	0	0	960	0	8778	0	0	0	2552	0	0	0	0	0	1494	0	0	0	0	128	1358	0	356	350	4610	224	0	0	1248	192	900	0	0	0	0	0	0	0	0	0	136	0	0	0	0	0	0	0	0	0	0	0	0	0	0	0	0	0	0	0	0	0	0	0	0	0	0	0	0	134	1574	0	1908	0	0	0	0	0	0	0	0	0	0	0	0	0	0	0	0	0	0	0	0	0	0	0	0	0	0	0	0	0	0	0	0	0	0	0	0	0	0	0	0	0	0	
869920	Insula_L	18360	398	53928	2510	9722	0	18826	914	6566	0	22266	1252	40748	548	21164	0	25966	536	30712	3780	1358	0	10608	2906	0	0	0	0	0	644	5388	786	3516	2812	194	330	18390	356	1336	126	2904	0	0	0	0	0	0	0	0	0	820	0	1394	0	13760	122	3326	0	0	0	402	0	210	0	0	0	206	0	960	0	7660	2514	24884	208	0	0	1380	0	13244	0	22848	0	8230	0	5324	0	0	0	15678	0	1500	0	0	0	0	0	0	0	440	0	0	0	0	0	0	0	0	0	0	0	0	0	0	0	0	0	
396596	Insula_R	0	3770	4026	19584	0	3316	328	6808	0	798	354	10088	850	20040	506	10772	0	15424	4986	10360	0	2132	1038	5464	0	514	0	1248	644	0	1084	8360	666	2456	0	0	0	5052	0	3216	0	1210	0	0	0	0	0	0	0	0	0	0	0	772	0	4648	0	650	0	0	0	0	0	0	0	0	0	0	0	0	3448	9888	208	23232	0	268	0	1030	0	2206	0	4156	0	1126	0	360	0	0	0	1068	0	0	0	0	0	0	0	0	0	144	0	0	0	0	0	0	0	0	0	0	0	0	0	0	0	0	
407244	Cingulum_Ant_L	0	0	21626	10836	2894	212	7392	1170	1888	0	548	1302	3976	1922	1544	0	0	456	4982	3410	2434	2078	31960	13062	3060	1656	2502	192	5388	1084	0	32672	7166	12042	0	0	0	0	0	0	0	0	0	0	0	0	0	0	0	0	0	0	0	0	0	0	0	0	0	0	0	0	0	0	0	0	0	0	0	0	9154	5304	7110	2418	0	182	0	0	0	0	0	0	0	0	0	0	0	0	0	0	0	0	0	0	0	0	0	0	0	0	0	0	0	0	0	0	0	0	0	0	0	0	0	0	0	0	
557376	Cingulum_Ant_R	0	448	12930	38328	350	2056	1596	3248	190	286	196	6208	904	12450	418	460	0	1028	6180	15864	1682	1878	21254	32312	494	6676	714	900	786	8360	32672	0	5558	24520	0	0	0	0	0	0	0	0	0	0	0	0	0	0	0	0	0	0	0	0	0	0	0	0	0	0	0	0	0	0	0	0	0	0	0	0	4850	21440	1536	9382	0	348	0	186	0	0	0	0	0	0	0	0	0	0	0	0	0	0	0	0	0	0	0	0	0	0	0	0	0	0	0	0	0	0	0	0	0	0	0	0	0	0	
266212	Cingulum_Mid_L	4090	0	6334	5334	0	0	2310	1826	0	0	214	442	3096	2274	720	192	0	192	11558	10856	0	0	14036	7148	0	0	0	0	3516	666	7166	5558	0	25830	3056	516	0	0	0	0	0	0	374	0	1194	0	0	0	122	0	308	0	0	0	0	0	0	0	0	0	0	0	0	0	0	0	3012	1264	7392	1216	622	672	0	0	0	0	0	0	0	0	0	0	0	0	0	0	0	0	0	0	0	0	0	0	0	0	0	0	0	0	0	0	0	0	0	0	0	0	0	0	0	0	0	0	0	0	
642748	Cingulum_Mid_R	3064	574	18250	31448	0	0	6170	10246	0	0	274	5844	2858	6512	712	640	0	1374	25100	50526	0	0	22408	25912	0	0	0	0	2812	2456	12042	24520	25830	0	498	4086	0	136	0	0	0	0	0	1450	0	642	0	632	0	130	0	316	0	286	0	142	0	3122	0	0	0	0	0	0	0	0	286	8112	4264	9740	2020	4132	0	504	0	0	366	0	0	0	0	0	0	0	0	440	0	0	0	298	0	0	0	0	0	0	0	0	0	0	0	0	0	0	0	0	0	0	0	0	200	0	0	0	0	0	
88356	Cingulum_Post_L	1562	0	306	0	0	0	0	0	0	0	0	0	0	0	0	0	0	0	242	370	0	0	0	0	0	0	0	0	194	0	0	0	3056	498	0	4968	3110	1676	912	0	0	0	5284	0	2306	0	716	0	0	0	1400	0	418	0	146	0	0	0	0	0	0	0	0	0	0	0	8252	854	5176	252	0	0	256	0	0	0	656	0	0	0	0	0	0	0	782	0	0	0	504	0	0	0	0	0	0	0	0	0	0	0	0	0	0	0	0	0	0	0	0	0	282	0	0	0	0	0	
121272	Cingulum_Post_R	1438	0	852	0	0	0	810	0	0	0	0	0	0	0	0	0	0	0	566	2528	0	0	0	0	0	0	0	0	330	0	0	0	516	4086	4968	0	2454	5320	1024	1326	0	0	0	2854	0	474	0	3338	0	194	0	226	0	1900	0	2850	0	1232	0	0	0	0	0	0	0	0	190	9666	344	2848	0	0	466	0	0	0	3300	774	0	0	0	0	0	0	0	136	0	0	0	1630	0	0	0	0	0	0	0	246	0	0	0	0	0	0	0	0	0	0	0	0	1750	0	0	0	0	0	
321684	Hippocampus_L	10546	0	14672	0	0	0	1958	0	0	0	338	0	126	0	0	0	590	0	13994	0	0	0	0	0	0	0	0	0	18390	0	0	0	0	0	3110	2454	0	1704	9888	618	5856	0	1552	0	0	0	3248	174	0	0	154	0	180	0	18206	488	786	0	0	0	0	0	0	0	0	0	2900	628	1954	0	0	0	16730	0	1218	0	5054	0	2868	0	3958	0	1248	0	914	0	0	0	12612	0	518	0	0	0	0	0	358	0	570	0	0	0	0	0	0	0	0	0	0	0	280	0	0	0	0	0	
293060	Hippocampus_R	1102	6104	902	12492	0	0	654	2978	0	0	0	924	0	174	0	0	0	800	474	2238	0	0	0	0	0	0	0	0	356	5052	0	0	0	136	1676	5320	1704	0	476	21136	0	6852	0	410	0	0	0	2866	0	0	0	0	0	3086	0	30110	0	380	0	0	0	0	0	146	0	0	0	3852	264	334	0	316	478	12224	0	1396	2816	3850	0	1104	0	1388	0	288	0	684	0	0	0	6770	0	208	0	0	0	0	0	844	0	1018	0	0	0	0	0	0	0	0	0	0	148	0	0	0	0	0	
87996	ParaHippocampal_L	450	0	524	0	210	0	0	0	0	0	0	0	0	0	314	0	0	0	424	0	540	0	0	0	0	0	0	0	1336	0	0	0	0	0	912	1024	9888	476	0	458	1518	0	1172	0	0	0	4494	244	0	0	560	0	1206	0	7250	306	0	0	0	0	0	0	0	0	0	0	3082	536	0	0	0	0	908	0	0	0	1546	0	252	0	140	0	466	0	0	0	0	0	520	0	750	0	0	0	0	0	1090	0	784	0	0	0	0	0	324	0	0	0	0	0	294	0	0	0	0	0	
163240	ParaHippocampal_R	148	798	166	2782	0	0	0	842	0	0	0	458	0	0	0	0	0	430	126	126	0	0	0	0	0	0	0	0	126	3216	0	0	0	0	0	1326	618	21136	458	0	0	6004	0	538	0	0	0	3590	0	0	0	0	0	488	0	19522	0	0	0	0	0	0	0	0	0	0	0	3664	0	0	0	0	154	4980	0	256	854	772	0	220	0	378	0	1030	0	0	0	574	0	668	0	344	0	0	0	0	0	1794	0	1090	0	0	0	0	0	326	0	0	0	0	508	126	350	328	306	0	
33760	Amygdala_L	0	0	0	0	384	0	0	0	0	0	0	0	0	0	348	0	0	0	0	0	392	0	0	0	0	0	0	0	2904	0	0	0	0	0	0	0	5856	0	1518	0	0	0	0	0	0	0	0	0	0	0	0	0	0	0	2796	0	0	0	0	0	0	0	0	0	0	0	0	0	0	0	0	0	610	0	0	0	0	0	0	0	404	0	966	0	0	0	0	0	702	0	0	0	0	0	0	0	0	0	0	0	0	0	0	0	0	0	0	0	0	0	0	0	0	0	0	0	
47132	Amygdala_R	0	0	0	0	0	326	0	0	0	208	0	0	0	0	0	366	0	0	0	0	0	882	0	0	0	0	0	136	0	1210	0	0	0	0	0	0	0	6852	0	6004	0	0	0	0	0	0	0	0	0	0	0	0	0	0	0	5894	0	0	0	0	0	0	0	0	0	0	0	0	0	0	0	0	0	0	0	0	0	166	0	0	0	0	0	1042	0	0	0	162	0	0	0	0	0	0	0	0	0	186	0	132	0	0	0	0	0	0	0	0	0	0	0	0	0	0	0	0	
274872	Calcarine_L	0	0	0	0	0	0	0	0	0	0	0	0	0	0	0	0	0	0	0	0	0	0	0	0	0	0	0	0	0	0	0	0	374	0	5284	0	1552	0	1172	0	0	0	0	11444	19402	6592	17510	3602	14330	1592	19124	332	4542	176	2094	572	254	0	692	0	154	0	0	0	0	0	17388	1398	1092	0	0	0	0	0	0	0	0	0	0	0	0	0	0	0	1884	200	0	0	1062	0	198	218	0	0	0	0	718	180	302	370	0	0	0	0	0	0	0	0	0	0	814	518	0	0	120	180	
385420	Calcarine_R	0	192	0	128	0	0	0	0	0	0	0	0	0	0	0	0	0	0	0	454	0	0	0	0	0	0	0	0	0	0	0	0	0	1450	0	2854	0	410	0	538	0	0	11444	0	5136	34260	3274	24938	0	26190	0	16612	0	7886	0	10586	0	2630	0	490	0	136	0	156	0	524	1134	25884	0	2168	0	118	0	0	0	0	0	0	0	0	0	208	0	0	0	7660	0	0	0	5120	0	0	0	0	0	0	0	0	0	0	0	0	0	0	0	0	0	0	0	0	130	0	0	0	0	0	
239932	Cuneus_L	360	0	0	0	0	0	0	0	0	0	0	0	0	0	0	0	0	0	0	0	0	0	0	0	0	0	0	0	0	0	0	0	1194	0	2306	0	0	0	0	0	0	0	19402	5136	0	6168	3340	786	27178	1856	22692	202	1002	0	210	264	1988	0	4286	0	932	0	0	0	0	0	15434	222	3422	0	0	0	0	0	0	0	0	0	0	0	0	0	0	0	1316	0	0	0	270	0	0	0	0	0	0	0	0	0	0	0	0	0	0	0	0	0	0	0	0	0	0	0	0	0	0	0	
360768	Cuneus_R	0	0	0	132	0	0	0	0	0	0	0	0	0	0	0	0	0	0	0	0	0	0	0	0	0	0	0	0	0	0	0	0	0	642	0	474	0	0	0	0	0	0	6592	34260	6168	0	1110	9418	0	42864	0	18074	0	5096	0	3802	0	3238	0	7330	0	362	0	0	0	920	2702	28114	0	1810	0	0	0	0	0	0	0	0	0	0	0	124	0	0	0	4474	0	0	0	2678	0	0	0	0	0	0	0	0	0	0	0	0	0	0	0	0	0	0	0	0	0	0	0	0	0	0	
297488	Lingual_L	264	0	0	0	0	0	0	0	0	0	0	0	0	0	0	0	0	0	0	0	0	0	0	0	0	0	0	0	0	0	0	0	0	0	716	0	3248	0	4494	0	0	0	17510	3274	3340	1110	0	2502	3846	454	14574	0	11744	0	15288	624	0	0	0	0	0	0	0	0	0	0	6522	540	150	0	0	0	0	0	0	0	752	0	0	0	0	0	0	0	0	0	0	0	322	0	7308	1558	510	116	714	136	15402	920	13204	2052	148	0	144	0	1288	824	0	0	268	604	5408	3630	632	404	884	1316	
273696	Lingual_R	0	0	0	0	0	0	0	0	0	0	0	0	0	0	0	0	0	0	0	414	0	0	0	0	0	0	0	0	0	0	0	0	0	632	0	3338	174	2866	244	3590	0	0	3602	24938	786	9418	2502	0	0	12168	0	5530	0	5312	0	19814	0	462	0	164	0	0	0	0	0	276	164	13764	0	630	0	0	0	0	0	0	0	0	0	0	0	0	0	0	0	226	0	0	0	1208	1174	3368	126	0	0	206	370	3462	1412	5728	0	0	0	0	0	0	0	0	0	0	4024	4100	656	0	0	0	
227020	Occipital_Sup_L	0	0	0	0	0	0	0	0	0	0	0	0	0	0	0	0	0	0	0	0	0	0	0	0	0	0	0	0	0	0	0	0	122	0	0	0	0	0	0	0	0	0	14330	0	27178	0	3846	0	0	0	36132	0	966	0	170	0	2410	0	9490	0	1628	0	0	0	142	0	15554	0	1032	0	0	0	0	0	0	0	0	0	0	0	136	0	0	0	374	0	0	0	0	0	0	0	0	0	0	0	0	0	0	0	0	0	0	0	0	0	0	0	0	0	0	0	0	0	0	0	
356440	Occipital_Sup_R	0	0	0	0	0	0	0	0	0	0	0	0	0	0	0	0	0	0	0	0	0	0	0	0	0	0	0	0	0	0	0	0	0	130	0	194	0	0	0	0	0	0	1592	26190	1856	42864	454	12168	0	0	0	31216	0	7250	0	5016	0	1240	0	10808	0	1570	0	120	0	4694	2178	22132	0	1116	0	0	0	0	0	0	0	0	0	0	0	0	0	0	0	3168	0	0	0	2264	0	0	0	0	0	0	0	0	0	0	0	0	0	0	0	0	0	0	0	0	0	0	0	0	0	0	
532280	Occipital_Mid_L	788	0	240	0	0	0	0	0	0	0	0	0	0	0	0	0	1200	0	210	0	0	0	0	0	0	0	0	0	820	0	0	0	308	0	1400	0	154	0	560	0	0	0	19124	0	22692	0	14574	0	36132	0	0	0	24316	0	6218	0	10268	0	19352	0	15320	0	880	0	12660	0	26894	0	12676	0	0	0	0	0	0	0	0	0	1186	0	3056	0	0	0	24236	0	0	0	10460	0	284	0	0	0	0	0	0	0	132	0	0	0	0	0	0	0	0	0	0	0	0	0	0	0	0	0	
274520	Occipital_Mid_R	0	194	0	136	0	0	0	0	0	0	0	0	0	0	0	0	0	0	0	142	0	0	0	0	0	0	0	0	0	0	0	0	0	316	0	226	0	0	0	0	0	0	332	16612	202	18074	0	5530	0	31216	0	0	0	7554	0	2636	0	1532	0	5172	0	2624	0	390	0	10966	538	11582	0	996	0	0	0	0	0	0	0	0	0	0	0	272	0	0	0	16588	0	0	0	3430	0	0	0	0	0	0	0	0	0	0	0	0	0	0	0	0	0	0	0	0	0	0	0	0	0	0	
154908	Occipital_Inf_L	628	0	206	0	0	0	0	0	0	0	0	0	0	0	0	0	148	0	194	0	0	0	0	0	0	0	0	0	1394	0	0	0	0	0	418	0	180	0	1206	0	0	0	4542	0	1002	0	11744	0	966	0	24316	0	0	0	11802	0	226	0	0	0	0	0	0	0	130	0	3726	0	1238	0	0	0	0	0	0	0	0	0	1440	0	356	0	0	0	2840	0	0	0	4478	0	2830	0	0	0	0	0	160	0	1162	0	0	0	0	0	0	0	0	0	0	0	0	122	0	0	0	0	
199336	Occipital_Inf_R	0	444	0	532	0	0	0	0	0	0	0	0	0	0	0	0	0	0	0	1020	0	0	0	0	0	0	0	0	0	772	0	0	0	286	0	1900	0	3086	0	488	0	0	176	7886	0	5096	0	5312	0	7250	0	7554	0	0	0	15942	0	1130	0	1744	0	758	0	272	0	1330	186	10640	0	1364	0	132	0	0	0	0	0	0	0	760	0	870	0	0	0	3686	0	0	0	16148	154	328	0	0	0	0	0	206	150	898	0	0	0	0	0	0	0	0	0	0	274	894	0	0	0	0	
412372	Fusiform_L	2692	0	5398	0	0	0	282	0	0	0	318	0	0	0	0	0	514	0	4174	0	0	0	0	0	0	0	0	0	13760	0	0	0	0	0	146	0	18206	0	7250	0	2796	0	2094	0	210	0	15288	0	170	0	6218	0	11802	0	0	0	304	0	0	0	0	0	0	0	0	0	2502	0	292	0	0	0	5116	0	0	0	248	0	2218	0	5452	0	1518	0	3620	0	886	0	23630	0	24308	0	720	0	450	0	10960	0	26766	0	548	0	522	0	568	486	0	0	0	0	1360	1068	0	316	472	538	
451608	Fusiform_R	140	1088	160	3668	0	0	0	1004	0	0	0	500	0	0	0	0	0	520	126	1234	0	0	0	0	0	0	0	0	122	4648	0	0	0	142	0	2850	488	30110	306	19522	0	5894	572	10586	264	3802	624	19814	0	5016	0	2636	0	15942	0	0	0	250	0	180	0	144	0	144	0	454	0	9890	0	530	0	160	146	6158	0	0	752	266	0	1332	0	1824	0	2920	0	3944	0	1792	0	20258	670	11934	0	0	0	512	528	5610	756	13994	0	0	0	0	0	342	0	0	0	266	3910	2728	722	470	440	0	
305340	Postcentral_L	31598	0	8528	0	0	0	2924	0	0	0	5072	0	718	0	0	0	11090	0	6688	766	0	0	0	0	0	0	0	0	3326	0	0	0	0	0	0	0	786	0	0	0	0	0	254	0	1988	0	0	0	2410	0	10268	0	226	0	304	0	0	0	9300	0	18154	0	11116	0	248	0	7860	0	7934	0	320	0	688	0	0	0	0	0	2222	0	4884	0	0	0	2162	0	0	0	836	0	0	0	0	0	0	0	0	0	0	0	0	0	0	0	0	0	0	0	0	0	0	0	0	0	0	0	
192016	Postcentral_R	0	18384	136	4430	0	0	0	1206	0	0	0	2808	0	0	0	0	0	4342	172	2854	0	0	0	0	0	0	0	0	0	650	0	0	0	3122	0	1232	0	380	0	0	0	0	0	2630	0	3238	0	462	0	1240	0	1532	0	1130	0	250	0	0	0	4126	0	5894	0	9784	0	182	0	11452	0	7882	0	1230	0	348	0	0	0	218	0	0	0	1968	0	0	0	2018	0	0	0	584	0	0	0	0	0	0	0	0	0	0	0	0	0	0	0	0	0	0	0	0	124	0	0	0	0	0	
162500	Parietal_Sup_L	0	0	0	0	0	0	0	0	0	0	0	0	0	0	0	0	378	0	0	0	0	0	0	0	0	0	0	0	0	0	0	0	0	0	0	0	0	0	0	0	0	0	692	0	4286	0	0	0	9490	0	19352	0	0	0	0	0	9300	0	0	0	15886	0	1494	0	2672	0	12204	0	2468	0	0	0	0	0	0	0	0	0	0	0	1080	0	0	0	1686	0	0	0	262	0	0	0	0	0	0	0	0	0	0	0	0	0	0	0	0	0	0	0	0	0	0	0	0	0	0	0	
107188	Parietal_Sup_R	0	0	0	0	0	0	0	0	0	0	0	0	0	0	0	0	0	128	0	0	0	0	0	0	0	0	0	0	0	0	0	0	0	0	0	0	0	0	0	0	0	0	0	490	0	7330	0	164	0	10808	0	5172	0	1744	0	180	0	4126	0	0	0	4804	0	606	0	5452	0	10388	0	302	0	0	0	0	0	0	0	0	0	0	0	422	0	0	0	188	0	0	0	1290	0	0	0	0	0	0	0	0	0	0	0	0	0	0	0	0	0	0	0	0	0	0	0	0	0	0	
191824	Parietal_Inf_L	3440	0	618	0	0	0	194	0	0	0	288	0	0	0	0	0	1102	0	436	0	0	0	0	0	0	0	0	0	402	0	0	0	0	0	0	0	0	0	0	0	0	0	154	0	932	0	0	0	1628	0	15320	0	0	0	0	0	18154	0	15886	0	0	0	15892	0	10276	0	2532	0	1298	0	0	0	0	0	0	0	0	0	126	0	3274	0	0	0	3378	0	0	0	582	0	0	0	0	0	0	0	0	0	0	0	0	0	0	0	0	0	0	0	0	0	0	0	0	0	0	0	
100484	Parietal_Inf_R	0	1192	0	498	0	0	0	0	0	0	0	0	0	0	0	0	0	998	0	0	0	0	0	0	0	0	0	0	0	0	0	0	0	0	0	0	0	0	0	0	0	0	0	136	0	362	0	0	0	1570	0	2624	0	758	0	144	0	5894	0	4804	0	0	0	12200	0	13482	0	494	0	0	0	390	0	0	0	0	0	0	0	0	0	1440	0	0	0	1976	0	0	0	1280	0	0	0	0	0	0	0	0	0	0	0	0	0	0	0	0	0	0	0	0	0	0	0	0	0	0	
128600	SupraMarginal_L	1442	0	298	0	0	0	146	0	0	0	328	0	0	0	0	0	2224	0	196	0	0	0	0	0	0	0	0	0	210	0	0	0	0	0	0	0	0	0	0	0	0	0	0	0	0	0	0	0	0	0	880	0	0	0	0	0	11116	0	1494	0	15892	0	0	0	7922	0	1360	0	1618	0	0	0	0	0	0	0	0	0	130	0	10082	0	0	0	8036	0	0	0	926	0	0	0	0	0	0	0	0	0	0	0	0	0	0	0	0	0	0	0	0	0	0	0	0	0	0	0	
121096	SupraMarginal_R	0	2790	0	222	0	0	0	120	0	0	0	0	0	0	0	0	0	4056	0	252	0	0	0	0	0	0	0	0	0	0	0	0	0	0	0	0	0	146	0	0	0	0	0	156	0	0	0	0	0	120	0	390	0	272	0	144	0	9784	0	606	0	12200	0	0	0	8534	0	322	0	440	0	122	0	0	0	0	0	0	0	0	0	9056	0	0	0	9330	0	0	0	1486	0	0	0	0	0	0	0	0	0	0	0	0	0	0	0	0	0	0	0	0	0	0	0	0	0	0	
102476	Angular_L	146	0	0	0	0	0	0	0	0	0	0	0	0	0	0	0	392	0	0	0	0	0	0	0	0	0	0	0	0	0	0	0	0	0	0	0	0	0	0	0	0	0	0	0	0	0	0	0	142	0	12660	0	130	0	0	0	248	0	2672	0	10276	0	7922	0	0	0	182	0	364	0	0	0	0	0	0	0	0	0	0	0	4042	0	0	0	10564	0	0	0	1498	0	0	0	0	0	0	0	0	0	0	0	0	0	0	0	0	0	0	0	0	0	0	0	0	0	0	0	
117796	Angular_R	0	0	0	0	0	0	0	0	0	0	0	0	0	0	0	0	0	0	0	0	0	0	0	0	0	0	0	0	0	0	0	0	0	0	0	0	0	0	0	0	0	0	0	524	0	920	0	276	0	4694	0	10966	0	1330	0	454	0	182	0	5452	0	13482	0	8534	0	0	0	964	0	0	0	0	0	0	0	0	0	0	0	0	0	2514	0	0	0	6604	0	0	0	2002	0	0	0	0	0	0	0	0	0	0	0	0	0	0	0	0	0	0	0	0	0	0	0	0	0	0	
328340	Precuneus_L	1026	0	0	0	0	0	0	0	0	0	0	0	0	0	0	0	286	0	0	0	0	0	0	0	0	0	0	0	206	0	0	0	3012	286	8252	190	2900	0	3082	0	0	0	17388	1134	15434	2702	6522	164	15554	2178	26894	538	3726	186	2502	0	7860	0	12204	0	2532	0	1360	0	182	0	0	3786	12672	150	0	0	0	0	0	0	0	0	150	0	1256	0	0	0	5054	0	0	0	2572	0	230	0	0	0	0	0	0	0	0	0	0	0	0	0	0	0	0	0	0	0	0	0	0	0	0	0	
419816	Precuneus_R	0	178	0	218	0	0	0	0	0	0	0	0	0	0	0	0	0	0	574	2246	0	0	0	0	0	0	0	0	0	0	0	0	1264	8112	854	9666	628	3852	536	3664	0	0	1398	25884	222	28114	540	13764	0	22132	0	11582	0	10640	0	9890	0	11452	0	10388	0	494	0	322	0	964	3786	0	572	9254	0	226	0	0	0	0	520	0	0	0	0	502	0	0	0	5828	0	0	0	6968	0	126	0	0	0	0	0	770	0	0	0	0	0	0	0	0	0	0	0	0	1778	0	0	0	0	0	
309924	Paracentral_Lobule_L	32226	254	2560	332	0	0	1390	0	0	0	0	0	0	0	0	0	1014	0	13328	6144	0	0	0	0	0	0	0	0	960	0	0	0	7392	4264	5176	344	1954	264	0	0	0	0	1092	0	3422	0	150	0	1032	0	12676	0	1238	0	292	0	7934	0	2468	0	1298	0	1618	0	364	0	12672	572	0	1320	2402	0	1100	0	358	0	11536	0	378	0	1862	0	0	0	7898	0	0	0	3678	0	0	0	0	0	0	0	0	0	0	0	0	0	0	0	0	0	0	0	0	0	0	0	0	0	0	0	
132784	Paracentral_Lobule_R	342	3418	0	144	0	0	0	0	0	0	0	0	0	0	0	0	0	866	1232	11852	0	0	0	0	0	0	0	0	0	0	0	0	1216	9740	252	2848	0	334	0	0	0	0	0	2168	0	1810	0	630	0	1116	0	996	0	1364	0	530	0	7882	0	302	0	0	0	440	0	0	150	9254	1320	0	0	0	0	0	0	0	0	0	0	0	0	1464	0	0	0	2776	0	0	0	1760	0	0	0	0	0	0	0	0	0	0	0	0	0	0	0	0	0	0	0	0	186	0	0	0	0	0	
363352	Caudate_L	3348	1054	18194	7482	1380	306	1470	336	658	0	5372	2722	8408	1258	2994	0	502	2302	20010	11578	5584	5718	1758	1438	168	648	1972	134	7660	3448	9154	4850	622	2020	0	0	0	0	0	0	0	0	0	0	0	0	0	0	0	0	0	0	0	0	0	0	320	0	0	0	0	0	0	0	0	0	0	0	2402	0	0	20182	14534	4796	700	548	3354	150	0	0	142	0	0	0	0	0	0	0	0	0	0	0	0	0	0	0	0	0	0	0	0	0	0	0	0	0	0	0	0	0	0	0	0	0	0	0	
517216	Caudate_R	200	10818	10146	34896	308	2410	724	1412	0	256	1982	7308	3392	4282	1152	816	122	5288	11118	28042	4782	5646	1112	6504	0	4688	1068	1574	2514	9888	5304	21440	672	4132	0	0	0	316	0	0	0	0	0	118	0	0	0	0	0	0	0	0	0	132	0	160	0	1230	0	0	0	390	0	122	0	0	0	226	0	0	20182	0	4030	18680	0	4872	0	13616	0	0	0	372	0	0	0	0	0	0	0	166	0	0	0	0	0	0	0	0	0	0	0	0	0	0	0	0	0	0	0	0	0	0	0	0	0	0	
456612	Putamen_L	10142	202	34410	426	13914	0	1618	0	7868	0	1600	420	3062	218	8916	0	696	174	30856	462	3750	3132	1912	412	678	0	2768	0	24884	208	7110	1536	0	0	256	466	16730	478	908	154	610	0	0	0	0	0	0	0	0	0	0	0	0	0	5116	146	688	0	0	0	0	0	0	0	0	0	0	0	1100	0	14534	4030	0	1138	6420	0	3290	0	1208	0	2528	0	1730	0	738	0	0	0	4664	0	0	0	0	0	0	0	0	0	0	0	0	0	0	0	0	0	0	0	0	0	0	0	0	0	0	0	
380388	Putamen_R	0	4088	2816	25338	0	5418	0	8090	0	490	132	4640	268	2972	142	2500	0	2992	4378	13870	1556	1966	404	4344	0	6624	342	1908	208	23232	2418	9382	0	504	0	0	0	12224	0	4980	0	0	0	0	0	0	0	0	0	0	0	0	0	0	0	6158	0	348	0	0	0	0	0	0	0	0	0	0	0	0	4796	18680	1138	0	0	6790	0	960	0	960	0	1148	0	212	0	0	0	0	0	454	0	0	0	0	0	0	0	0	0	324	0	0	0	0	0	0	0	0	0	0	0	0	0	0	0	0	
48244	Pallidum_L	1666	0	5170	0	0	0	342	0	0	0	0	0	0	0	0	0	0	0	6412	296	0	0	0	0	0	0	0	0	0	0	0	0	0	0	0	0	1218	0	0	0	0	0	0	0	0	0	0	0	0	0	0	0	0	0	0	0	0	0	0	0	0	0	0	0	0	0	0	0	358	0	700	0	6420	0	0	0	1540	0	0	0	0	0	0	0	0	0	0	0	0	0	0	0	0	0	0	0	0	0	0	0	0	0	0	0	0	0	0	0	0	0	0	0	0	0	0	0	
51840	Pallidum_R	0	592	0	6008	0	0	0	830	0	0	0	0	0	0	0	0	0	0	0	3702	0	0	0	128	0	0	0	0	0	268	182	348	0	0	0	0	0	1396	0	256	0	0	0	0	0	0	0	0	0	0	0	0	0	0	0	0	0	0	0	0	0	0	0	0	0	0	0	0	0	0	548	4872	0	6790	0	0	0	0	0	0	0	0	0	0	0	0	0	0	0	0	0	0	0	0	0	0	0	0	0	0	0	0	0	0	0	0	0	0	0	0	0	0	0	0	0	0	
168672	Thalamus_L	14968	490	7314	504	0	0	1882	0	0	0	0	0	0	0	0	0	0	0	18012	1370	0	0	0	0	0	0	0	0	1380	0	0	0	0	366	656	3300	5054	2816	1546	854	0	0	0	0	0	0	752	0	0	0	0	0	0	0	248	752	0	0	0	0	0	0	0	0	0	0	0	520	11536	0	3354	0	3290	0	1540	0	0	1832	0	0	0	0	0	0	0	0	0	0	0	0	0	0	0	0	0	0	0	0	0	0	0	0	0	0	0	0	0	0	0	0	0	0	0	0	0	0	
158120	Thalamus_R	408	23258	182	27412	0	0	330	0	0	0	0	276	0	0	0	0	0	452	0	2798	0	0	0	124	0	0	0	0	0	1030	0	186	0	0	0	774	0	3850	0	772	0	166	0	0	0	0	0	0	0	0	0	0	0	0	0	266	0	218	0	0	0	0	0	0	0	0	0	0	0	0	150	13616	0	960	0	0	1832	0	0	0	0	0	0	0	0	0	0	0	0	0	0	0	0	0	0	0	0	0	0	0	0	0	0	0	0	0	0	0	0	0	0	0	0	0	0	0	
127836	Heschl_L	5806	0	4696	0	0	0	676	0	0	0	936	0	326	0	0	0	8236	0	3904	0	0	0	0	0	0	0	0	0	13244	0	0	0	0	0	0	0	2868	0	252	0	0	0	0	0	0	0	0	0	0	0	1186	0	1440	0	2218	0	2222	0	0	0	126	0	130	0	0	0	150	0	378	0	0	0	1208	0	0	0	0	0	0	0	6804	0	0	0	2576	0	0	0	3374	0	1162	0	0	0	0	0	0	0	0	0	0	0	0	0	0	0	0	0	0	0	0	0	0	0	0	0	
40740	Heschl_R	0	456	0	1006	0	0	0	832	0	0	0	364	0	0	0	0	0	4168	0	300	0	0	0	0	0	0	0	0	0	2206	0	0	0	0	0	0	0	1104	0	220	0	0	0	0	0	0	0	0	0	0	0	0	0	760	0	1332	0	0	0	0	0	0	0	0	0	0	0	0	0	0	0	0	0	960	0	0	0	0	0	0	0	5176	0	0	0	778	0	0	0	708	0	0	0	0	0	0	0	0	0	0	0	0	0	0	0	0	0	0	0	0	0	0	0	0	0	0	
336976	Temporal_Sup_L	5128	0	8558	0	0	0	3058	0	0	0	8306	0	1116	0	272	0	19414	0	4092	0	0	0	0	0	0	0	0	0	22848	0	0	0	0	0	0	0	3958	0	140	0	404	0	0	0	0	0	0	0	136	0	3056	0	356	0	5452	0	4884	0	1080	0	3274	0	10082	0	4042	0	1256	0	1862	0	142	0	2528	0	0	0	0	0	6804	0	0	0	6782	0	25224	0	0	0	13416	0	518	0	0	0	0	0	0	0	300	0	0	0	0	0	0	0	0	0	0	0	0	0	0	0	0	0	
135260	Temporal_Sup_R	0	1602	0	1312	0	0	0	850	0	0	0	726	0	0	0	0	0	10972	0	1896	0	0	0	0	0	0	0	0	0	4156	0	0	0	0	0	0	0	1388	0	378	0	0	0	208	0	124	0	0	0	0	0	272	0	870	0	1824	0	1968	0	422	0	1440	0	9056	0	2514	0	502	0	1464	0	372	0	1148	0	0	0	0	0	5176	0	0	0	3896	0	11146	0	498	0	1450	0	0	0	0	0	0	0	0	0	0	0	0	0	0	0	0	0	0	0	0	0	0	0	0	0	0	
94792	Temporal_Pole_Sup_L	0	0	1060	0	962	0	0	0	340	0	3918	0	1074	0	2238	0	2542	0	272	0	534	0	0	0	0	0	0	0	8230	0	0	0	0	0	0	0	1248	0	466	0	966	0	0	0	0	0	0	0	0	0	0	0	0	0	1518	0	0	0	0	0	0	0	0	0	0	0	0	0	0	0	0	0	1730	0	0	0	0	0	0	0	6782	0	0	0	7024	0	2128	0	4364	0	0	0	0	0	0	0	0	0	0	0	0	0	0	0	0	0	0	0	0	0	0	0	0	0	0	0	
36788	Temporal_Pole_Sup_R	0	0	0	0	0	0	0	0	0	0	0	424	0	0	0	210	0	812	0	0	0	118	0	0	0	0	0	0	0	1126	0	0	0	0	0	0	0	288	0	1030	0	1042	0	0	0	0	0	0	0	0	0	0	0	0	0	2920	0	0	0	0	0	0	0	0	0	0	0	0	0	0	0	0	0	212	0	0	0	0	0	0	0	3896	0	0	0	2930	0	2384	0	1002	0	0	0	0	0	0	0	0	0	0	0	0	0	0	0	0	0	0	0	0	0	0	0	0	0	0	
333988	Temporal_Mid_L	1350	0	1444	0	0	0	0	0	0	0	1526	0	136	0	0	0	4018	0	840	0	0	0	0	0	0	0	0	0	5324	0	0	0	0	0	782	0	914	0	0	0	0	0	1884	0	1316	0	0	0	374	0	24236	0	2840	0	3620	0	2162	0	1686	0	3378	0	8036	0	10564	0	5054	0	7898	0	0	0	738	0	0	0	0	0	2576	0	25224	0	7024	0	0	0	1984	0	39890	0	176	0	0	0	0	0	0	0	0	0	0	0	0	0	0	0	0	0	0	0	0	0	0	0	0	0	
229280	Temporal_Mid_R	0	1322	0	126	0	0	0	0	0	0	0	0	0	0	0	0	0	282	0	1254	0	0	0	0	0	0	0	0	0	360	0	0	0	440	0	136	0	684	0	0	0	0	200	7660	0	4474	0	226	0	3168	0	16588	0	3686	0	3944	0	2018	0	188	0	1976	0	9330	0	6604	0	5828	0	2776	0	0	0	0	0	0	0	0	0	778	0	11146	0	2930	0	0	0	1334	0	24632	0	550	0	0	0	0	0	0	0	0	0	0	0	0	0	0	0	0	0	0	0	0	0	0	0	0	
14080	Temporal_Pole_Mid_L	0	0	0	0	0	0	0	0	0	0	0	0	0	0	0	0	0	0	0	0	0	0	0	0	0	0	0	0	0	0	0	0	0	0	0	0	0	0	0	0	0	0	0	0	0	0	0	0	0	0	0	0	0	0	886	0	0	0	0	0	0	0	0	0	0	0	0	0	0	0	0	0	0	0	0	0	0	0	0	0	0	0	2128	0	1984	0	0	0	2042	0	0	0	0	0	0	0	0	0	0	0	0	0	0	0	0	0	0	0	0	0	0	0	0	0	0	0	
15360	Temporal_Pole_Mid_R	0	0	0	0	0	0	0	0	0	0	0	0	0	0	0	0	0	0	0	0	0	0	0	0	0	0	0	0	0	0	0	0	0	0	0	0	0	0	0	574	0	162	0	0	0	0	0	0	0	0	0	0	0	0	0	1792	0	0	0	0	0	0	0	0	0	0	0	0	0	0	0	0	0	0	0	0	0	0	0	0	0	498	0	2384	0	1334	0	0	0	936	0	0	0	0	0	0	0	0	0	0	0	0	0	0	0	0	0	0	0	0	0	0	0	0	0	0	
347008	Temporal_Inf_L	2990	0	5662	0	0	0	272	0	0	0	706	0	0	0	0	0	2616	0	4288	0	0	0	0	0	0	0	0	0	15678	0	0	0	0	0	504	0	12612	0	520	0	702	0	1062	0	270	0	322	0	0	0	10460	0	4478	0	23630	0	836	0	262	0	582	0	926	0	1498	0	2572	0	3678	0	0	0	4664	0	0	0	0	0	3374	0	13416	0	4364	0	39890	0	2042	0	0	0	4614	0	320	0	0	0	668	0	2416	0	294	0	316	0	0	0	0	0	0	0	0	0	0	0	0	0	
227684	Temporal_Inf_R	0	790	0	660	0	0	0	172	0	0	0	0	0	0	0	0	0	0	0	1876	0	0	0	0	0	0	0	0	0	1068	0	0	0	298	0	1630	0	6770	0	668	0	0	0	5120	0	2678	0	1208	0	2264	0	3430	0	16148	0	20258	0	584	0	1290	0	1280	0	1486	0	2002	0	6968	0	1760	0	166	0	454	0	0	0	0	0	708	0	1450	0	1002	0	24632	0	936	0	0	0	3146	0	596	0	0	0	0	0	226	0	118	0	0	0	0	0	0	0	0	0	0	0	0	0	0	
385768	Cerebelum_Crus1_L	452	0	214	0	0	0	0	0	0	0	0	0	0	0	0	0	0	0	166	0	0	0	0	0	0	0	0	0	1500	0	0	0	0	0	0	0	518	0	750	0	0	0	198	0	0	0	7308	1174	0	0	284	0	2830	154	24308	670	0	0	0	0	0	0	0	0	0	0	230	0	0	0	0	0	0	0	0	0	0	0	1162	0	518	0	0	0	176	0	0	0	4614	0	0	3910	24172	1200	818	150	17628	132	50254	3994	11718	0	11546	548	1688	520	610	0	438	800	2988	4818	5268	1192	850	416	
398104	Cerebelum_Crus1_R	0	0	0	0	0	0	0	0	0	0	0	0	0	0	0	0	0	0	0	0	0	0	0	0	0	0	0	0	0	0	0	0	0	0	0	0	0	208	0	344	0	0	218	0	0	0	1558	3368	0	0	0	0	0	328	0	11934	0	0	0	0	0	0	0	0	0	0	0	126	0	0	0	0	0	0	0	0	0	0	0	0	0	0	0	0	0	550	0	0	0	3146	3910	0	3712	27016	0	4194	1490	17038	3526	49292	724	6390	928	10832	312	4240	0	248	142	1838	10278	9678	12432	5054	3794	204	
275580	Cerebelum_Crus2_L	0	0	0	0	0	0	0	0	0	0	0	0	0	0	0	0	0	0	0	0	0	0	0	0	0	0	0	0	0	0	0	0	0	0	0	0	0	0	0	0	0	0	0	0	0	0	510	126	0	0	0	0	0	0	720	0	0	0	0	0	0	0	0	0	0	0	0	0	0	0	0	0	0	0	0	0	0	0	0	0	0	0	0	0	0	0	0	0	320	0	24172	3712	0	9094	0	0	732	0	5004	1716	34208	4338	27656	3046	5732	218	1022	0	0	0	0	702	9414	5224	124	0	
237252	Cerebelum_Crus2_R	0	0	0	0	0	0	0	0	0	0	0	0	0	0	0	0	0	0	0	0	0	0	0	0	0	0	0	0	0	0	0	0	0	0	0	0	0	0	0	0	0	0	0	0	0	0	116	0	0	0	0	0	0	0	0	0	0	0	0	0	0	0	0	0	0	0	0	0	0	0	0	0	0	0	0	0	0	0	0	0	0	0	0	0	0	0	0	0	0	596	1200	27016	9094	0	0	270	0	260	554	4158	4856	21644	2820	23428	196	6518	0	398	0	156	154	682	8870	4880	760	0	
31676	Cerebelum_3_L	0	0	0	0	0	0	0	0	0	0	0	0	0	0	0	0	0	0	0	0	0	0	0	0	0	0	0	0	0	0	0	0	0	0	0	0	0	0	0	0	0	0	0	0	0	0	714	0	0	0	0	0	0	0	450	0	0	0	0	0	0	0	0	0	0	0	0	0	0	0	0	0	0	0	0	0	0	0	0	0	0	0	0	0	0	0	0	0	0	0	818	0	0	0	0	0	6700	0	1778	0	0	0	224	0	1458	0	0	0	790	1914	840	152	0	0	0	0	
60272	Cerebelum_3_R	0	0	0	0	0	0	0	0	0	0	0	0	0	0	0	0	0	0	0	0	0	0	0	0	0	0	0	0	0	0	0	0	0	0	0	0	0	0	0	0	0	0	0	0	0	0	136	206	0	0	0	0	0	0	0	512	0	0	0	0	0	0	0	0	0	0	0	0	0	0	0	0	0	0	0	0	0	0	0	0	0	0	0	0	0	0	0	0	0	0	150	4194	0	270	0	0	268	4238	252	5412	0	120	0	292	0	1714	0	0	1354	5672	1292	880	836	1112	1226	0	
245120	Cerebelum_4_5_L	0	0	0	0	0	0	0	0	0	0	0	0	0	0	0	0	0	0	0	0	0	0	0	0	0	0	0	0	0	0	0	0	0	0	0	0	358	0	1090	0	0	0	718	0	0	0	15402	370	0	0	0	0	160	0	10960	528	0	0	0	0	0	0	0	0	0	0	0	0	0	0	0	0	0	0	0	0	0	0	0	0	0	0	0	0	0	0	0	0	668	0	17628	1490	732	0	6700	268	0	994	29666	1948	592	0	848	0	5088	1738	220	0	1136	2564	10164	4996	206	978	1912	2438	
163120	Cerebelum_4_5_R	0	0	0	0	0	0	0	0	0	0	0	0	0	0	0	0	0	0	0	0	0	0	0	0	0	0	0	0	0	0	0	0	0	0	0	246	0	844	0	1794	0	186	180	0	0	0	920	3462	0	0	0	0	0	206	0	5610	0	0	0	0	0	0	0	0	0	0	0	770	0	0	0	0	0	0	0	0	0	0	0	0	0	0	0	0	0	0	0	0	0	0	132	17038	0	260	0	4238	994	0	232	24040	0	0	0	816	0	1460	0	0	0	1340	11588	814	1698	1418	1274	0	
357576	Cerebelum_6_L	0	0	0	0	0	0	0	0	0	0	0	0	0	0	0	0	0	0	0	0	0	0	0	0	0	0	0	0	440	0	0	0	0	0	0	0	570	0	784	0	0	0	302	0	0	0	13204	1412	0	0	132	0	1162	150	26766	756	0	0	0	0	0	0	0	0	0	0	0	0	0	0	0	0	0	0	0	0	0	0	0	0	300	0	0	0	0	0	0	0	2416	0	50254	3526	5004	554	1778	252	29666	232	0	4018	3670	0	4702	514	3438	1192	452	0	608	1212	5334	7466	2916	1162	1386	1058	
356156	Cerebelum_6_R	0	0	0	0	0	0	0	0	0	0	0	0	0	0	0	0	0	0	0	0	0	0	0	0	0	0	0	0	0	144	0	0	0	0	0	0	0	1018	0	1090	0	132	370	0	0	0	2052	5728	0	0	0	0	0	898	0	13994	0	0	0	0	0	0	0	0	0	0	0	0	0	0	0	0	0	324	0	0	0	0	0	0	0	0	0	0	0	0	0	0	0	226	3994	49292	1716	4158	0	5412	1948	24040	4018	0	240	1088	416	3706	120	2412	0	116	218	2294	13620	11534	11220	5734	4600	206	
231944	Cerebelum_7b_L	0	0	0	0	0	0	0	0	0	0	0	0	0	0	0	0	0	0	0	0	0	0	0	0	0	0	0	0	0	0	0	0	0	0	0	0	0	0	0	0	0	0	0	0	0	0	148	0	0	0	0	0	0	0	548	0	0	0	0	0	0	0	0	0	0	0	0	0	0	0	0	0	0	0	0	0	0	0	0	0	0	0	0	0	0	0	0	0	294	0	11718	724	34208	4856	0	0	592	0	3670	240	0	3668	30956	3604	7136	206	1142	0	0	0	0	244	4964	7054	0	0	
153608	Cerebelum_7b_R	0	0	0	0	0	0	0	0	0	0	0	0	0	0	0	0	0	0	0	0	0	0	0	0	0	0	0	0	0	0	0	0	0	0	0	0	0	0	0	0	0	0	0	0	0	0	0	0	0	0	0	0	0	0	0	0	0	0	0	0	0	0	0	0	0	0	0	0	0	0	0	0	0	0	0	0	0	0	0	0	0	0	0	0	0	0	0	0	0	118	0	6390	4338	21644	0	120	0	0	0	1088	3668	0	2662	22868	0	6280	0	326	0	0	0	0	2846	4198	258	0	
245960	Cerebelum_8_L	0	0	0	0	0	0	0	0	0	0	0	0	0	0	0	0	0	0	0	0	0	0	0	0	0	0	0	0	0	0	0	0	0	0	0	0	0	0	0	0	0	0	0	0	0	0	144	0	0	0	0	0	0	0	522	0	0	0	0	0	0	0	0	0	0	0	0	0	0	0	0	0	0	0	0	0	0	0	0	0	0	0	0	0	0	0	0	0	316	0	11546	928	27656	2820	224	0	848	0	4702	416	30956	2662	0	4718	15932	1380	2940	0	0	0	142	458	3294	8814	1562	0	
213528	Cerebelum_8_R	0	0	0	0	0	0	0	0	0	0	0	0	0	0	0	0	0	0	0	0	0	0	0	0	0	0	0	0	0	0	0	0	0	0	0	0	0	0	0	0	0	0	0	0	0	0	0	0	0	0	0	0	0	0	0	0	0	0	0	0	0	0	0	0	0	0	0	0	0	0	0	0	0	0	0	0	0	0	0	0	0	0	0	0	0	0	0	0	0	0	548	10832	3046	23428	0	292	0	816	514	3706	3604	22868	4718	0	334	16348	0	950	0	146	0	704	4408	7836	1666	0	
111572	Cerebelum_9_L	0	0	0	0	0	0	0	0	0	0	0	0	0	0	0	0	0	0	0	0	0	0	0	0	0	0	0	0	0	0	0	0	0	0	0	0	0	0	324	0	0	0	0	0	0	0	1288	0	0	0	0	0	0	0	568	0	0	0	0	0	0	0	0	0	0	0	0	0	0	0	0	0	0	0	0	0	0	0	0	0	0	0	0	0	0	0	0	0	0	0	1688	312	5732	196	1458	0	5088	0	3438	120	7136	0	15932	334	0	1196	4214	0	150	358	1372	2078	334	764	1216	490	
148092	Cerebelum_9_R	0	0	0	0	0	0	0	0	0	0	0	0	0	0	0	0	0	0	0	0	0	0	0	0	0	0	0	0	0	0	0	0	0	0	0	0	0	0	0	326	0	0	0	0	0	0	824	0	0	0	0	0	0	0	486	342	0	0	0	0	0	0	0	0	0	0	0	0	0	0	0	0	0	0	0	0	0	0	0	0	0	0	0	0	0	0	0	0	0	0	520	4240	218	6518	0	1714	1738	1460	1192	2412	206	6280	1380	16348	1196	0	0	1318	1212	1766	2272	3624	3096	5182	6312	1864	
21628	Cerebelum_10_L	0	0	0	0	0	0	0	0	0	0	0	0	0	0	0	0	0	0	0	0	0	0	0	0	0	0	0	0	0	0	0	0	0	0	0	0	0	0	0	0	0	0	0	0	0	0	0	0	0	0	0	0	0	0	0	0	0	0	0	0	0	0	0	0	0	0	0	0	0	0	0	0	0	0	0	0	0	0	0	0	0	0	0	0	0	0	0	0	0	0	610	0	1022	0	0	0	220	0	452	0	1142	0	2940	0	4214	0	0	0	0	0	0	214	0	0	0	0	
6712	Cerebelum_10_R	0	0	0	0	0	0	0	0	0	0	0	0	0	0	0	0	0	0	0	0	0	0	0	0	0	0	0	0	0	0	0	0	0	0	0	0	0	0	0	0	0	0	0	0	0	0	0	0	0	0	0	0	0	0	0	0	0	0	0	0	0	0	0	0	0	0	0	0	0	0	0	0	0	0	0	0	0	0	0	0	0	0	0	0	0	0	0	0	0	0	0	248	0	398	0	0	0	0	0	116	0	326	0	950	0	1318	0	0	0	0	0	0	0	0	0	0	
33032	Vermis_1_2	0	0	0	0	0	0	0	0	0	0	0	0	0	0	0	0	0	0	0	0	0	0	0	0	0	0	0	0	0	0	0	0	0	0	0	0	0	0	0	0	0	0	0	0	0	0	268	0	0	0	0	0	0	0	0	0	0	0	0	0	0	0	0	0	0	0	0	0	0	0	0	0	0	0	0	0	0	0	0	0	0	0	0	0	0	0	0	0	0	0	438	142	0	0	790	1354	1136	0	608	218	0	0	0	0	150	1212	0	0	0	5526	1708	806	394	720	858	188	
68492	Vermis_3	0	0	0	0	0	0	0	0	0	0	0	0	0	0	0	0	0	0	0	0	0	0	0	0	0	0	0	0	0	0	0	0	0	0	0	0	0	0	0	0	0	0	0	0	0	0	604	0	0	0	0	0	0	0	0	266	0	0	0	0	0	0	0	0	0	0	0	0	0	0	0	0	0	0	0	0	0	0	0	0	0	0	0	0	0	0	0	0	0	0	800	1838	0	156	1914	5672	2564	1340	1212	2294	0	0	0	146	358	1766	0	0	5526	0	3102	1276	730	1130	1336	216	
200964	Vermis_4_5	0	0	0	0	0	0	0	0	0	0	0	0	0	0	0	0	0	0	0	134	0	0	0	0	0	0	0	0	0	0	0	0	0	200	282	1750	280	148	294	508	0	0	814	130	0	0	5408	4024	0	0	0	0	0	274	1360	3910	0	124	0	0	0	0	0	0	0	0	0	1778	0	186	0	0	0	0	0	0	0	0	0	0	0	0	0	0	0	0	0	0	0	0	2988	10278	0	154	840	1292	10164	11588	5334	13620	0	0	142	0	1372	2272	0	0	1708	3102	0	6664	792	1492	2448	2628	
181156	Vermis_6	0	0	0	0	0	0	0	0	0	0	0	0	0	0	0	0	0	0	0	0	0	0	0	0	0	0	0	0	0	0	0	0	0	0	0	0	0	0	0	126	0	0	518	0	0	0	3630	4100	0	0	0	0	122	894	1068	2728	0	0	0	0	0	0	0	0	0	0	0	0	0	0	0	0	0	0	0	0	0	0	0	0	0	0	0	0	0	0	0	0	0	0	4818	9678	702	682	152	880	4996	814	7466	11534	244	0	458	704	2078	3624	214	0	806	1276	6664	0	6922	4478	5540	2662	
196708	Vermis_7	0	0	0	0	0	0	0	0	0	0	0	0	0	0	0	0	0	0	0	0	0	0	0	0	0	0	0	0	0	0	0	0	0	0	0	0	0	0	0	350	0	0	0	0	0	0	632	656	0	0	0	0	0	0	0	722	0	0	0	0	0	0	0	0	0	0	0	0	0	0	0	0	0	0	0	0	0	0	0	0	0	0	0	0	0	0	0	0	0	0	5268	12432	9414	8870	0	836	206	1698	2916	11220	4964	2846	3294	4408	334	3096	0	0	394	730	792	6922	0	9440	5914	0	
