data	data	372720	218116	944048	1.10311e+06	79872	61564	416872	280736	55328	24372	304288	291844	385252	239840	156432	157740	242496	144332	733316	834832	56192	90412	449056	377600	19588	67284	46196	94544	714216	598956	354964	458996	367428	660944	106996	138476	297140	295732	69236	201216	46512	90720	282060	410068	246320	301152	335232	444220	208268	249124	634916	196160	323028	129640	428148	510992	248652	183032	140312	105664	199868	163012	94456	170764	136088	194664	366344	504776	193188	203408	309660	387048	382108	334760	94112	16980	157244	181824	93216	26768	189060	133448	113224	77396	297568	294748	20296	21192	297336	263856	450620	453460	279492	233712	33488	99352	392908	279472	491248	461156	133772	87744	209100	252456	69356	124808	10804	10332	49784	121432	327668	247400	257892	135412	106612	80492	
data	data	Precentral_L	Precentral_R	Frontal_Sup_L	Frontal_Sup_R	Frontal_Sup_Orb_L	Frontal_Sup_Orb_R	Frontal_Mid_L	Frontal_Mid_R	Frontal_Mid_Orb_L	Frontal_Mid_Orb_R	Frontal_Inf_Oper_L	Frontal_Inf_Oper_R	Frontal_Inf_Tri_L	Frontal_Inf_Tri_R	Frontal_Inf_Orb_L	Frontal_Inf_Orb_R	Rolandic_Oper_L	Rolandic_Oper_R	Supp_Motor_Area_L	Supp_Motor_Area_R	Olfactory_L	Olfactory_R	Frontal_Sup_Medial_L	Frontal_Sup_Medial_R	Frontal_Med_Orb_L	Frontal_Med_Orb_R	Rectus_L	Rectus_R	Insula_L	Insula_R	Cingulum_Ant_L	Cingulum_Ant_R	Cingulum_Mid_L	Cingulum_Mid_R	Cingulum_Post_L	Cingulum_Post_R	Hippocampus_L	Hippocampus_R	ParaHippocampal_L	ParaHippocampal_R	Amygdala_L	Amygdala_R	Calcarine_L	Calcarine_R	Cuneus_L	Cuneus_R	Lingual_L	Lingual_R	Occipital_Sup_L	Occipital_Sup_R	Occipital_Mid_L	Occipital_Mid_R	Occipital_Inf_L	Occipital_Inf_R	Fusiform_L	Fusiform_R	Postcentral_L	Postcentral_R	Parietal_Sup_L	Parietal_Sup_R	Parietal_Inf_L	Parietal_Inf_R	SupraMarginal_L	SupraMarginal_R	Angular_L	Angular_R	Precuneus_L	Precuneus_R	Paracentral_Lobule_L	Paracentral_Lobule_R	Caudate_L	Caudate_R	Putamen_L	Putamen_R	Pallidum_L	Pallidum_R	Thalamus_L	Thalamus_R	Heschl_L	Heschl_R	Temporal_Sup_L	Temporal_Sup_R	Temporal_Pole_Sup_L	Temporal_Pole_Sup_R	Temporal_Mid_L	Temporal_Mid_R	Temporal_Pole_Mid_L	Temporal_Pole_Mid_R	Temporal_Inf_L	Temporal_Inf_R	Cerebelum_Crus1_L	Cerebelum_Crus1_R	Cerebelum_Crus2_L	Cerebelum_Crus2_R	Cerebelum_3_L	Cerebelum_3_R	Cerebelum_4_5_L	Cerebelum_4_5_R	Cerebelum_6_L	Cerebelum_6_R	Cerebelum_7b_L	Cerebelum_7b_R	Cerebelum_8_L	Cerebelum_8_R	Cerebelum_9_L	Cerebelum_9_R	Cerebelum_10_L	Cerebelum_10_R	Vermis_1_2	Vermis_3	Vermis_4_5	Vermis_6	Vermis_7	Vermis_8	Vermis_9	Vermis_10	
372720	Precentral_L	0	308	12500	992	0	0	16676	0	0	0	15210	296	5622	234	0	278	11140	0	2562	3470	0	0	200	0	0	0	0	0	7882	630	82	0	728	1482	1014	944	8994	568	302	284	114	0	232	0	270	0	258	0	184	0	3698	0	1596	0	854	240	25414	86	848	0	2456	0	1548	0	2420	0	750	0	14826	430	1744	1268	5656	0	1840	0	14118	1542	2202	0	3602	0	174	0	3906	0	0	0	1686	0	0	0	0	0	0	0	0	0	0	0	0	0	0	0	0	0	0	0	0	0	0	0	0	0	0	0	
218116	Precentral_R	308	0	360	23918	0	0	0	5464	0	0	0	3416	0	218	0	0	0	1970	860	3424	0	0	0	0	0	0	0	0	0	2804	0	0	0	1952	448	642	182	5798	0	946	0	130	0	462	0	94	0	314	0	96	0	0	0	164	0	1226	0	16554	0	506	0	1246	0	2446	0	272	350	2582	320	4682	106	3996	290	1512	402	0	458	15866	0	124	0	400	0	0	0	462	0	0	0	1288	0	0	0	0	0	0	0	0	0	0	0	0	0	0	0	0	0	0	0	0	0	0	0	0	0	0	
944048	Frontal_Sup_L	12500	360	0	16486	3580	0	61904	1284	920	0	14350	2560	25936	2588	4010	2980	7300	230	77566	17826	0	0	42000	9894	910	0	170	0	34816	4898	23978	8304	12142	9368	532	122	6628	116	158	0	0	0	0	0	0	0	0	0	0	0	338	0	530	0	1476	0	4278	0	106	0	116	0	200	0	0	0	236	132	106	0	8162	6934	21374	892	7440	0	1242	784	1716	0	3962	0	1370	164	432	0	0	0	3618	0	0	0	0	0	0	0	0	0	0	0	0	0	0	0	0	0	0	0	0	0	0	0	0	0	0	0	
1.10311e+06	Frontal_Sup_R	992	23918	16486	0	0	3232	1312	48410	0	822	472	26012	1628	10880	470	9622	96	10454	27896	76754	0	1110	16578	41832	0	2980	0	2536	2582	41520	9256	32632	7348	32728	0	78	274	9322	0	3976	0	778	0	88	0	0	0	114	0	0	0	0	0	0	0	2106	0	2376	0	144	0	476	0	882	0	0	98	746	562	152	1958	24826	1282	25486	996	970	598	18276	0	540	0	1556	0	1608	0	194	0	0	0	536	0	0	0	0	0	0	0	0	0	0	0	0	0	0	0	0	0	0	0	0	0	0	0	0	0	0	
79872	Frontal_Sup_Orb_L	0	0	3580	0	0	0	222	0	8700	0	0	0	344	0	6736	0	0	0	0	0	1326	0	2076	186	2546	88	2800	0	2796	0	2954	268	0	0	0	0	0	0	90	0	264	0	0	0	0	0	0	0	0	0	0	0	0	0	0	0	0	0	0	0	0	0	0	0	0	0	0	0	0	0	154	0	4262	0	0	0	0	0	0	0	0	0	544	0	0	0	0	0	0	0	0	0	0	0	0	0	0	0	0	0	0	0	0	0	0	0	0	0	0	0	0	0	0	0	0	0	
61564	Frontal_Sup_Orb_R	0	0	0	3232	0	0	0	782	0	2880	0	0	0	0	0	2926	0	0	0	0	0	2576	0	788	0	5838	0	8908	0	614	0	100	0	0	0	0	0	0	0	0	0	234	0	0	0	0	0	0	0	0	0	0	0	0	0	0	0	0	0	0	0	0	0	0	0	0	0	0	0	0	84	1114	0	706	0	0	0	0	0	0	0	0	0	0	0	0	0	0	0	0	0	0	0	0	0	0	0	0	0	0	0	0	0	0	0	0	0	0	0	0	0	0	0	0	0	0	
416872	Frontal_Mid_L	16676	0	61904	1312	222	0	0	0	680	0	12030	180	36248	566	2598	602	1898	0	8736	858	0	0	11192	1014	0	0	0	0	15952	674	4696	854	3702	1670	0	0	3464	0	0	0	0	0	0	0	0	0	0	0	0	0	484	0	270	0	368	0	3920	0	124	0	154	0	166	0	540	0	82	0	120	0	514	1014	5620	262	2446	0	478	0	584	0	918	0	624	0	850	0	0	0	1170	0	0	0	0	0	0	0	0	0	0	0	0	0	0	0	0	0	0	0	0	0	0	0	0	0	0	0	
280736	Frontal_Mid_R	0	5464	1284	48410	0	782	0	0	0	832	0	11364	182	10588	0	3870	0	4678	3918	4182	0	270	2672	4168	0	0	0	272	264	12020	758	3706	848	5274	0	0	0	1850	0	406	0	88	0	0	0	0	0	0	0	0	0	0	0	0	0	314	0	1940	0	0	0	272	0	734	0	0	0	130	0	162	382	1514	226	3742	0	0	0	1530	0	174	0	548	0	282	0	0	0	0	0	268	0	0	0	0	0	0	0	0	0	0	0	0	0	0	0	0	0	0	0	0	0	0	0	0	0	0	
55328	Frontal_Mid_Orb_L	0	0	920	0	8700	0	680	0	0	0	0	0	856	0	10168	0	0	0	0	0	184	0	0	0	606	0	1052	0	1314	0	138	0	0	0	0	0	0	0	0	0	86	0	0	0	0	0	0	0	0	0	0	0	0	0	0	0	0	0	0	0	0	0	0	0	0	0	0	0	0	0	0	0	2362	0	0	0	0	0	0	0	0	0	598	0	0	0	0	0	0	0	0	0	0	0	0	0	0	0	0	0	0	0	0	0	0	0	0	0	0	0	0	0	0	0	0	0	
24372	Frontal_Mid_Orb_R	0	0	0	822	0	2880	0	832	0	0	0	0	0	494	0	5296	0	0	0	112	0	0	0	0	0	0	0	0	0	774	0	0	0	0	0	0	0	0	0	0	0	0	0	0	0	0	0	0	0	0	0	0	0	0	0	0	0	0	0	0	0	0	0	0	0	0	0	0	0	0	0	336	0	640	0	0	0	0	0	0	0	0	0	0	0	0	0	0	0	0	0	0	0	0	0	0	0	0	0	0	0	0	0	0	0	0	0	0	0	0	0	0	0	0	0	0	
304288	Frontal_Inf_Oper_L	15210	0	14350	472	0	0	12030	0	0	0	0	82	26718	170	228	172	17102	0	7748	544	0	0	2140	226	0	0	0	0	22896	226	662	100	1584	1446	0	0	272	0	0	0	0	0	0	0	0	0	0	0	0	0	120	0	220	0	156	0	7146	0	0	0	122	0	300	0	0	0	0	0	0	0	3690	394	1396	0	0	0	734	0	1196	0	7224	0	4670	0	118	0	0	0	280	0	0	0	0	0	0	0	0	0	0	0	0	0	0	0	0	0	0	0	0	0	0	0	0	0	0	0	
291844	Frontal_Inf_Oper_R	296	3416	2560	26012	0	0	180	11364	0	0	82	0	292	12072	0	610	226	5574	6528	18874	0	0	358	838	0	0	0	0	486	38434	460	486	378	6858	0	0	0	126	0	0	0	0	0	0	0	0	0	0	0	0	0	0	0	0	0	0	248	1362	0	0	0	0	0	98	0	0	0	0	0	0	336	1074	116	3302	0	128	0	386	0	366	0	460	0	1536	0	0	0	0	0	0	0	0	0	0	0	0	0	0	0	0	0	0	0	0	0	0	0	0	0	0	0	0	0	0	0	0	
385252	Frontal_Inf_Tri_L	5622	0	25936	1628	344	0	36248	182	856	0	26718	292	0	530	12078	458	4812	0	5106	1160	0	0	5696	488	0	0	0	0	33452	654	5252	1098	2954	1692	0	0	0	0	0	0	0	0	0	0	0	0	0	0	0	0	0	0	0	0	0	0	2138	0	0	0	0	0	0	0	0	0	0	0	0	0	4884	2666	2996	320	0	0	600	0	92	0	2250	0	3424	0	0	0	0	0	0	0	0	0	0	0	0	0	0	0	0	0	0	0	0	0	0	0	0	0	0	0	0	0	0	0	0	0	
239840	Frontal_Inf_Tri_R	234	218	2588	10880	0	0	566	10588	0	494	170	12072	530	0	0	11534	154	1530	2642	6270	0	0	1792	2208	0	0	0	0	1366	27972	2490	5814	1592	5570	0	0	274	0	0	0	0	0	0	0	0	0	0	0	0	0	0	0	0	0	0	0	182	0	0	0	0	0	0	0	0	0	0	0	0	0	1516	3084	1178	4178	0	0	0	0	0	0	234	0	0	0	0	0	0	0	0	0	0	0	0	0	0	0	0	0	0	0	0	0	0	0	0	0	0	0	0	0	0	0	0	0	0	0	
156432	Frontal_Inf_Orb_L	0	0	4010	470	6736	0	2598	0	10168	0	228	0	12078	0	0	0	0	0	804	472	1440	0	1000	0	0	0	416	0	16200	0	1414	284	0	0	0	0	146	0	0	0	260	0	0	0	0	0	0	0	0	0	0	0	0	0	0	0	0	0	0	0	0	0	0	0	0	0	0	0	0	0	4406	1740	9944	168	0	0	596	0	0	0	0	0	2638	0	0	0	0	0	0	0	0	0	0	0	0	0	0	0	0	0	0	0	0	0	0	0	0	0	0	0	0	0	0	0	0	0	
157740	Frontal_Inf_Orb_R	278	0	2980	9622	0	2926	602	3870	0	5296	172	610	458	11534	0	0	174	0	1484	1806	0	600	1376	2036	0	286	0	192	696	13482	1846	3616	1418	2156	0	0	0	92	0	128	0	196	0	0	0	0	0	0	0	0	0	0	0	0	0	176	200	0	0	0	0	0	0	0	0	0	0	0	0	0	356	3736	178	1918	0	0	0	0	0	0	0	0	0	1138	0	362	0	0	0	874	0	0	0	0	0	0	0	0	0	0	0	0	0	0	0	0	0	0	0	0	0	0	0	0	0	0	
242496	Rolandic_Oper_L	11140	0	7300	96	0	0	1898	0	0	0	17102	226	4812	154	0	174	0	0	5282	262	0	0	414	0	0	0	0	0	22214	452	116	0	460	570	104	88	1044	80	0	0	0	0	160	0	0	0	136	0	0	0	1280	0	2308	0	918	0	9236	0	84	0	984	0	2766	0	456	0	212	0	140	0	1650	150	576	0	124	0	1452	0	4684	0	11218	0	3352	0	2026	0	0	0	3192	0	156	0	0	0	0	0	0	0	0	0	0	0	0	0	0	0	0	0	0	0	0	0	0	0	0	0	
144332	Rolandic_Oper_R	0	1970	230	10454	0	0	0	4678	0	0	0	5574	0	1530	0	0	0	0	1336	4876	0	0	0	0	0	0	0	0	0	17468	0	0	0	120	0	0	0	834	0	226	0	0	0	0	0	0	0	0	0	0	0	0	0	0	0	326	0	4928	0	0	0	102	0	2714	0	148	0	188	0	0	0	572	0	2928	0	82	0	902	0	2406	0	5084	0	1946	0	274	0	0	0	270	0	0	0	0	0	0	0	0	0	0	0	0	0	0	0	0	0	0	0	0	0	0	0	0	0	0	
733316	Supp_Motor_Area_L	2562	860	77566	27896	0	0	8736	3918	0	0	7748	6528	5106	2642	804	1484	5282	1336	0	53528	0	0	9150	6998	0	0	0	0	19210	8598	8846	7178	11578	26816	1120	1184	4518	0	90	0	0	0	0	222	0	226	0	166	0	0	94	0	366	0	1376	184	1938	78	0	0	0	0	0	0	0	0	480	908	3946	1770	8326	6142	11702	1058	5060	0	836	816	970	0	3238	0	1020	352	332	0	0	0	3770	0	0	0	0	0	0	0	0	0	0	0	0	0	0	0	0	0	0	0	0	0	0	0	0	0	0	0	
834832	Supp_Motor_Area_R	3470	3424	17826	76754	0	0	858	4182	0	112	544	18874	1160	6270	472	1806	262	4876	53528	0	0	0	6472	10914	0	0	0	0	2234	26294	2280	11200	7314	50476	944	3776	312	5050	0	3116	0	390	288	1654	416	836	0	1060	206	98	250	0	150	114	98	2790	0	174	0	150	0	244	0	136	0	226	814	4692	13446	20500	2304	15860	1626	14904	1618	432	1076	2758	0	316	112	814	0	954	0	262	0	0	0	848	0	0	0	0	0	0	0	0	0	0	0	0	0	0	0	0	0	0	0	0	0	0	0	0	0	0	
56192	Olfactory_L	0	0	0	0	1326	0	0	0	184	0	0	0	0	0	1440	0	0	0	0	0	0	4330	0	88	136	188	2978	2432	2432	0	1652	2174	0	0	0	0	104	0	540	0	598	0	0	0	0	0	0	0	0	0	0	0	0	0	0	0	0	0	0	0	0	0	0	0	0	0	0	0	0	0	3718	1132	1508	212	0	0	0	0	0	0	0	0	924	0	0	0	0	0	0	0	0	0	0	0	0	0	0	0	0	0	0	0	0	0	0	0	0	0	0	0	0	0	0	0	0	0	
90412	Olfactory_R	0	0	0	1110	0	2576	0	270	0	0	0	0	0	0	0	600	0	0	0	0	4330	0	0	610	102	1130	2628	6798	0	2452	1516	2808	0	0	0	0	0	558	0	596	0	1702	0	0	0	0	0	0	0	0	0	0	0	0	0	0	0	0	0	0	0	0	0	0	0	0	0	0	0	0	6762	4888	3118	434	0	0	0	0	0	0	0	0	0	218	0	0	0	0	0	0	0	0	0	0	0	0	0	0	0	0	0	0	0	0	0	0	0	0	0	0	0	0	0	0	0	0	
449056	Frontal_Sup_Medial_L	200	0	42000	16578	2076	0	11192	2672	0	0	2140	358	5696	1792	1000	1376	414	0	9150	6472	0	0	0	28428	1386	160	250	0	6478	1748	22236	21098	11664	22762	0	130	0	0	0	0	0	0	0	0	0	0	0	0	0	0	0	0	0	0	0	0	0	0	0	0	0	0	0	0	0	0	0	132	0	0	992	414	3064	304	0	0	0	0	0	0	166	0	0	0	0	0	0	0	0	0	0	0	0	0	0	0	0	0	0	0	0	0	0	0	0	0	0	0	0	0	0	0	0	0	0	0	
377600	Frontal_Sup_Medial_R	0	0	9894	41832	186	788	1014	4168	0	0	226	838	488	2208	0	2036	0	0	6998	10914	88	610	28428	0	0	5240	90	1918	564	3428	8870	27974	2726	17224	0	0	0	0	0	0	0	0	0	0	0	0	0	0	0	0	0	0	0	0	0	0	0	0	0	0	0	0	0	0	0	0	0	0	0	0	356	3748	464	5482	0	0	0	0	0	0	0	0	0	0	0	0	0	0	0	0	0	0	0	0	0	0	0	0	0	0	0	0	0	0	0	0	0	0	0	0	0	0	0	0	0	0	
19588	Frontal_Med_Orb_L	0	0	910	0	2546	0	0	0	606	0	0	0	0	0	0	0	0	0	0	0	136	102	1386	0	0	152	1474	148	0	0	1882	162	0	0	0	0	0	0	0	0	0	0	0	0	0	0	0	0	0	0	0	0	0	0	0	0	0	0	0	0	0	0	0	0	0	0	0	0	0	0	0	0	290	0	0	0	0	0	0	0	0	0	0	0	0	0	0	0	0	0	0	0	0	0	0	0	0	0	0	0	0	0	0	0	0	0	0	0	0	0	0	0	0	0	0	0	
67284	Frontal_Med_Orb_R	0	0	0	2980	88	5838	0	0	0	0	0	0	0	0	0	286	0	0	0	0	188	1130	160	5240	152	0	140	7960	0	102	788	3548	0	0	0	0	0	0	0	0	0	0	0	0	0	0	0	0	0	0	0	0	0	0	0	0	0	0	0	0	0	0	0	0	0	0	0	0	0	0	418	2044	224	2356	0	0	0	0	0	0	0	0	0	0	0	0	0	0	0	0	0	0	0	0	0	0	0	0	0	0	0	0	0	0	0	0	0	0	0	0	0	0	0	0	0	0	
46196	Rectus_L	0	0	170	0	2800	0	0	0	1052	0	0	0	0	0	416	0	0	0	0	0	2978	2628	250	90	1474	140	0	1520	192	0	3356	2118	0	0	0	0	0	0	0	0	0	0	0	0	0	0	0	0	0	0	0	0	0	0	0	0	0	0	0	0	0	0	0	0	0	0	0	0	0	0	2066	806	898	144	0	0	0	0	0	0	0	0	0	0	0	0	0	0	0	0	0	0	0	0	0	0	0	0	0	0	0	0	0	0	0	0	0	0	0	0	0	0	0	0	0	0	
94544	Rectus_R	0	0	0	2536	0	8908	0	272	0	0	0	0	0	0	0	192	0	0	0	0	2432	6798	0	1918	148	7960	1520	0	0	612	1352	3358	0	0	0	0	0	0	0	0	0	276	0	0	0	0	0	0	0	0	0	0	0	0	0	0	0	0	0	0	0	0	0	0	0	0	0	0	0	0	3074	3508	1704	704	0	0	0	0	0	0	0	0	0	0	0	0	0	0	0	0	0	0	0	0	0	0	0	0	0	0	0	0	0	0	0	0	0	0	0	0	0	0	0	0	0	0	
714216	Insula_L	7882	0	34816	2582	2796	0	15952	264	1314	0	22896	486	33452	1366	16200	696	22214	0	19210	2234	2432	0	6478	564	0	0	192	0	0	1394	7342	1574	2472	1394	434	310	19230	236	1012	0	3850	0	362	0	112	0	234	0	0	0	2222	0	4294	0	8738	0	4926	0	624	0	910	0	2312	0	706	0	596	0	538	0	15662	4986	20806	788	186	0	6342	166	9986	0	11196	0	9498	0	3278	0	0	0	14056	0	230	0	0	0	0	0	80	0	0	0	0	0	0	0	0	0	0	0	0	0	0	0	0	0	0	0	
598956	Insula_R	630	2804	4898	41520	0	614	674	12020	0	774	226	38434	654	27972	0	13482	452	17468	8598	26294	0	2452	1748	3428	0	102	0	612	1394	0	2514	5728	1882	10326	0	0	242	8920	0	4632	0	6088	0	0	0	0	0	0	0	0	0	0	0	0	0	3402	512	550	0	0	0	138	0	160	0	118	0	166	0	78	1214	3622	804	20986	0	210	0	2044	96	2206	228	6024	0	4264	0	2160	0	172	0	2742	0	0	0	0	0	0	0	0	0	0	0	0	0	0	0	0	0	0	0	0	0	0	0	0	0	0	
354964	Cingulum_Ant_L	82	0	23978	9256	2954	0	4696	758	138	0	662	460	5252	2490	1414	1846	116	0	8846	2280	1652	1516	22236	8870	1882	788	3356	1352	7342	2514	0	22270	13348	9978	90	0	106	0	0	0	0	0	0	0	0	0	0	0	0	0	0	0	0	0	0	0	0	0	0	0	0	0	0	0	0	0	0	0	0	0	4348	2328	6924	1272	0	0	0	0	0	0	82	0	0	0	0	0	0	0	0	0	0	0	0	0	0	0	0	0	0	0	0	0	0	0	0	0	0	0	0	0	0	0	0	0	0	0	
458996	Cingulum_Ant_R	0	0	8304	32632	268	100	854	3706	0	0	100	486	1098	5814	284	3616	0	0	7178	11200	2174	2808	21098	27974	162	3548	2118	3358	1574	5728	22270	0	8902	27358	132	206	0	0	0	0	0	0	0	0	0	0	0	0	0	0	0	0	0	0	0	0	0	0	0	0	0	0	0	0	0	0	0	184	0	0	2812	10250	1774	9428	0	0	0	0	0	0	0	0	0	0	0	0	0	0	0	0	0	0	0	0	0	0	0	0	0	0	0	0	0	0	0	0	0	0	0	0	0	0	0	0	0	0	
367428	Cingulum_Mid_L	728	0	12142	7348	0	0	3702	848	0	0	1584	378	2954	1592	0	1418	460	0	11578	7314	0	0	11664	2726	0	0	0	0	2472	1882	13348	8902	0	25902	5932	1156	122	0	0	0	0	0	1048	132	1562	116	86	126	2344	0	13900	0	2076	0	772	122	690	0	1214	0	646	0	0	0	784	0	13936	1296	5182	2214	0	216	80	124	0	0	0	0	92	0	1894	0	0	0	5282	0	0	0	1628	0	0	0	0	0	0	0	0	0	0	0	0	0	0	0	0	0	0	0	0	0	0	0	0	0	0	0	
660944	Cingulum_Mid_R	1482	1952	9368	32728	0	0	1670	5274	0	0	1446	6858	1692	5570	0	2156	570	120	26816	50476	0	0	22762	17224	0	0	0	0	1394	10326	9978	27358	25902	0	2164	10192	0	242	0	82	0	0	148	3310	228	2198	0	2338	184	282	114	88	0	192	116	2132	0	1676	0	170	0	276	0	92	0	256	1948	10736	7772	16266	382	550	260	426	212	0	0	0	0	0	248	304	0	0	0	382	0	0	0	1384	0	0	0	0	0	0	0	0	0	0	0	0	0	0	0	0	0	0	0	0	0	0	0	0	0	0	
106996	Cingulum_Post_L	1014	448	532	0	0	0	0	0	0	0	0	0	0	0	0	0	104	0	1120	944	0	0	0	0	0	0	0	0	434	0	90	132	5932	2164	0	5958	4042	1120	1262	0	0	0	2850	0	1782	0	722	0	1104	0	1384	0	1274	0	1292	0	0	698	102	0	82	0	0	0	226	0	9616	922	2386	1504	0	116	0	0	0	0	114	158	382	0	0	0	0	0	246	0	0	0	890	138	214	0	0	0	0	0	0	0	0	0	0	0	0	0	0	0	0	0	0	0	0	0	0	0	0	0	
138476	Cingulum_Post_R	944	642	122	78	0	0	0	0	0	0	0	0	0	0	0	0	88	0	1184	3776	0	0	130	0	0	0	0	0	310	0	0	206	1156	10192	5958	0	2452	4402	742	922	0	0	0	3118	122	832	0	2812	0	190	0	0	0	122	294	2756	0	2268	0	0	0	0	0	0	0	80	1846	11772	494	6328	0	0	0	0	0	0	778	376	304	0	0	0	0	0	0	124	0	0	0	1158	0	0	0	0	0	0	0	0	0	0	0	0	0	0	0	0	0	0	0	0	160	0	0	0	0	0	
297140	Hippocampus_L	8994	182	6628	274	0	0	3464	0	0	0	272	0	0	274	146	0	1044	0	4518	312	104	0	0	0	0	0	0	0	19230	242	106	0	122	0	4042	2452	0	1656	9520	326	7256	0	2402	0	124	0	2700	0	0	0	950	0	1162	0	15720	258	550	0	118	0	0	0	108	0	144	0	3302	120	474	0	2444	682	14008	0	1948	0	8230	546	3382	0	2562	0	2222	0	710	0	0	0	12194	0	192	0	0	0	0	0	154	0	0	0	0	0	0	0	0	0	0	0	0	0	0	0	0	0	0	0	
295732	Hippocampus_R	568	5798	116	9322	0	0	0	1850	0	0	0	126	0	0	0	92	80	834	0	5050	0	558	0	0	0	0	0	0	236	8920	0	0	0	242	1120	4402	1656	0	616	28564	0	12120	0	1510	0	160	0	5120	0	168	0	0	0	134	224	24856	0	318	0	0	0	0	0	422	0	0	138	5010	190	962	0	218	0	12424	0	686	764	4082	218	956	0	1140	0	440	0	658	0	0	0	3368	0	94	0	0	0	0	0	588	0	432	0	0	0	0	0	0	0	0	0	0	316	0	0	0	0	0	
69236	ParaHippocampal_L	302	0	158	0	90	0	0	0	0	0	0	0	0	0	0	0	0	0	90	0	540	0	0	0	0	0	0	0	1012	0	0	0	0	0	1262	742	9520	616	0	0	1930	0	850	0	84	0	3504	0	0	0	478	0	190	0	6470	0	0	0	0	0	0	0	0	0	0	0	1512	114	0	0	0	0	1106	0	100	0	1324	0	0	0	0	0	524	0	0	0	0	0	792	0	142	0	0	0	138	244	482	0	158	0	0	0	0	0	0	0	0	0	0	144	0	0	0	0	0	0	
201216	ParaHippocampal_R	284	946	0	3976	0	0	0	406	0	0	0	0	0	0	0	128	0	226	0	3116	0	596	0	0	0	0	0	0	0	4632	0	0	0	82	0	922	326	28564	0	0	0	8624	0	628	0	0	0	4404	0	0	0	0	0	162	0	21872	0	0	0	0	0	0	0	0	0	0	0	2072	130	270	0	90	0	8134	0	558	472	2578	0	380	0	252	0	1342	0	112	0	652	0	1392	0	232	0	0	0	106	0	1340	0	514	0	0	0	0	0	0	0	0	0	0	88	0	0	0	0	0	
46512	Amygdala_L	114	0	0	0	264	0	0	0	86	0	0	0	0	0	260	0	0	0	0	0	598	0	0	0	0	0	0	0	3850	0	0	0	0	0	0	0	7256	0	1930	0	0	0	0	0	0	0	0	0	0	0	0	0	0	0	3744	0	0	0	0	0	0	0	0	0	0	0	0	0	0	0	138	0	626	0	0	0	150	0	0	0	0	0	2138	0	0	0	78	0	2024	0	0	0	0	0	0	0	0	0	0	0	0	0	0	0	0	0	0	0	0	0	0	0	0	0	0	0	
90720	Amygdala_R	0	130	0	778	0	234	0	88	0	0	0	0	0	0	0	196	0	0	0	390	0	1702	0	0	0	0	0	276	0	6088	0	0	0	0	0	0	0	12120	0	8624	0	0	0	0	0	0	0	0	0	0	0	0	0	0	0	6920	0	0	0	0	0	0	0	0	0	0	0	0	0	0	0	218	0	3828	0	0	0	344	0	0	0	0	0	2044	0	0	0	510	0	870	0	0	0	0	0	0	0	0	0	0	0	0	0	0	0	0	0	0	0	0	0	0	0	0	0	0	
282060	Calcarine_L	232	0	0	0	0	0	0	0	0	0	0	0	0	0	0	0	160	0	0	288	0	0	0	0	0	0	0	0	362	0	0	0	1048	148	2850	0	2402	0	850	0	0	0	0	6002	21938	7312	13170	3562	12532	2346	23246	242	10996	718	5162	792	0	0	124	0	254	0	0	0	392	0	15354	1060	386	176	0	0	0	0	0	0	0	0	170	0	0	0	0	0	2292	0	0	0	1198	0	892	332	0	0	0	0	368	484	154	388	0	0	0	0	0	0	0	0	0	0	648	0	0	0	0	0	
410068	Calcarine_R	0	462	0	88	0	0	0	0	0	0	0	0	0	0	0	0	0	0	222	1654	0	0	0	0	0	0	0	0	0	0	0	0	132	3310	0	3118	0	1510	0	628	0	0	6002	0	5336	23922	2206	41928	86	17206	0	8294	0	11988	0	22230	0	902	0	318	0	206	0	160	0	404	1824	35560	0	2568	0	0	0	0	0	0	0	0	0	0	0	186	0	0	0	5348	0	0	0	6480	0	222	0	0	0	0	0	0	0	0	0	0	0	0	0	0	0	0	0	0	534	0	0	0	0	0	
246320	Cuneus_L	270	0	0	0	0	0	0	0	0	0	0	0	0	0	0	0	0	0	0	416	0	0	0	0	0	0	0	0	112	0	0	0	1562	228	1782	122	124	0	84	0	0	0	21938	5336	0	11298	2124	1740	21942	4120	14268	204	3724	524	2064	224	160	0	1392	104	550	0	0	0	776	0	17880	3100	636	260	0	90	0	0	0	0	0	90	86	0	0	0	0	0	2780	0	0	0	550	0	500	0	0	0	0	0	0	0	0	0	0	0	0	0	0	0	0	0	0	0	0	0	0	0	0	0	
301152	Cuneus_R	0	94	0	0	0	0	0	0	0	0	0	0	0	0	0	0	0	0	226	836	0	0	0	0	0	0	0	0	0	0	0	0	116	2198	0	832	0	160	0	0	0	0	7312	23922	11298	0	778	9148	428	30844	0	10014	0	4670	0	5048	0	322	0	4516	0	576	0	90	0	2502	4338	23122	0	1182	0	0	0	0	0	0	0	0	0	0	0	0	0	0	0	3818	0	0	0	2186	0	0	0	0	0	0	0	0	0	0	0	0	0	0	0	0	0	0	0	0	0	0	0	0	0	0	
335232	Lingual_L	258	0	0	0	0	0	0	0	0	0	0	0	0	0	0	0	136	0	0	0	0	0	0	0	0	0	0	0	234	0	0	0	86	0	722	0	2700	0	3504	0	0	0	13170	2206	2124	778	0	4050	2982	530	20840	0	12934	0	22366	636	0	0	0	0	0	0	80	0	0	0	4964	308	194	0	0	0	0	0	0	0	728	0	94	0	0	0	0	0	346	0	0	0	344	0	13656	1990	1196	358	136	648	15762	3286	16388	2624	198	0	346	450	220	370	0	0	604	1070	7748	1184	890	402	324	452	
444220	Lingual_R	0	314	0	114	0	0	0	0	0	0	0	0	0	0	0	0	0	0	166	1060	0	0	0	0	0	0	0	0	0	0	0	0	126	2338	0	2812	0	5120	0	4404	0	0	3562	41928	1740	9148	4050	0	0	6558	0	5232	0	8444	466	37642	0	450	0	146	0	96	0	0	0	196	720	24736	0	1514	0	0	0	0	0	0	112	878	0	0	0	128	0	0	0	1534	0	0	0	3188	1484	9288	1136	198	0	368	3700	5974	3128	11498	0	0	0	174	0	0	0	0	0	272	8244	6144	1450	130	0	0	
208268	Occipital_Sup_L	184	0	0	0	0	0	0	0	0	0	0	0	0	0	0	0	0	0	0	206	0	0	0	0	0	0	0	0	0	0	0	0	2344	184	1104	0	0	0	0	0	0	0	12532	86	21942	428	2982	0	0	0	28980	0	4804	0	1896	0	0	0	4894	0	1114	0	0	0	1130	0	14448	1166	318	154	0	0	0	0	0	0	0	0	0	0	0	0	0	0	3140	0	0	0	98	0	0	0	0	0	0	0	0	0	0	0	0	0	0	0	0	0	0	0	0	0	0	0	0	0	0	0	
249124	Occipital_Sup_R	0	96	0	0	0	0	0	0	0	0	0	0	0	0	0	0	0	0	0	98	0	0	0	0	0	0	0	0	0	0	0	0	0	282	0	190	0	168	0	0	0	0	2346	17206	4120	30844	530	6558	0	0	0	18024	0	5632	0	3584	0	420	0	5762	0	798	0	90	0	5036	2094	12388	0	502	0	0	0	0	0	0	0	0	0	0	0	0	0	0	0	5344	0	0	0	2450	0	0	0	0	0	0	0	0	0	0	0	0	0	0	0	0	0	0	0	0	0	0	0	0	0	0	
634916	Occipital_Mid_L	3698	0	338	0	0	0	484	0	0	0	120	0	0	0	0	0	1280	0	94	250	0	0	0	0	0	0	0	0	2222	0	0	0	13900	114	1384	0	950	0	478	0	0	0	23246	0	14268	0	20840	0	28980	0	0	0	45974	0	17346	0	6980	0	17922	0	19704	0	684	0	19592	0	23994	588	7164	192	0	350	0	0	0	0	0	358	646	0	2238	0	0	0	32844	0	0	0	7296	0	940	0	0	0	0	0	0	0	0	0	0	0	0	0	0	0	0	0	0	0	0	0	0	0	0	0	
196160	Occipital_Mid_R	0	0	0	0	0	0	0	0	0	0	0	0	0	0	0	0	0	0	0	0	0	0	0	0	0	0	0	0	0	0	0	0	0	88	0	0	0	0	0	0	0	0	242	8294	204	10014	0	5232	0	18024	0	0	0	7310	0	4864	0	230	0	3496	0	2688	0	132	0	13886	518	7100	0	230	0	0	0	0	0	0	0	0	0	0	0	0	0	0	0	12024	0	0	0	3504	0	0	0	0	0	0	0	0	0	0	0	0	0	0	0	0	0	0	0	0	0	0	0	0	0	0	
323028	Occipital_Inf_L	1596	0	530	0	0	0	270	0	0	0	220	0	0	0	0	0	2308	0	366	150	0	0	0	0	0	0	0	0	4294	0	0	0	2076	0	1274	0	1162	0	190	0	0	0	10996	0	3724	0	12934	0	4804	0	45974	0	0	0	22256	0	204	0	720	0	616	0	572	0	536	0	7334	150	2252	146	0	0	0	0	0	0	0	0	3006	0	500	0	0	0	13616	0	0	0	13516	0	3008	0	0	0	0	0	80	0	134	0	0	0	0	0	0	0	0	0	0	0	0	0	0	0	0	0	
129640	Occipital_Inf_R	0	164	0	0	0	0	0	0	0	0	0	0	0	0	0	0	0	0	0	114	0	0	0	0	0	0	0	0	0	0	0	0	0	192	0	122	0	134	0	162	0	0	718	11988	524	4670	0	8444	0	5632	0	7310	0	0	0	9478	0	244	0	80	0	0	0	0	0	0	432	5630	0	340	0	0	0	0	0	0	0	0	0	0	0	0	0	0	0	2198	0	0	0	5248	0	640	0	0	0	0	0	0	0	218	0	0	0	0	0	0	0	0	0	0	0	138	0	0	0	0	
428148	Fusiform_L	854	0	1476	0	0	0	368	0	0	0	156	0	0	0	0	0	918	0	1376	98	0	0	0	0	0	0	0	0	8738	0	0	0	772	116	1292	294	15720	224	6470	0	3744	0	5162	0	2064	0	22366	466	1896	0	17346	0	22256	0	0	0	80	0	222	0	160	0	278	0	104	0	4146	128	854	170	902	0	2998	0	0	0	1060	0	2316	0	1348	0	1568	0	1638	0	678	0	14142	0	24698	354	1320	94	108	0	12748	538	22714	482	304	0	364	0	0	0	0	0	114	174	1998	560	324	110	0	106	
510992	Fusiform_R	240	1226	0	2106	0	0	0	314	0	0	0	0	0	0	0	176	0	326	184	2790	0	0	0	0	0	0	0	0	0	3402	0	0	122	2132	0	2756	258	24856	0	21872	0	6920	792	22230	224	5048	636	37642	0	3584	0	4864	0	9478	0	0	0	906	0	132	0	82	0	0	0	202	424	17500	118	2240	0	86	0	3998	0	236	386	1926	0	530	0	946	0	5108	0	3880	0	1764	0	17188	202	12040	222	694	0	342	1146	7882	812	13788	0	200	0	394	0	0	0	0	0	132	3348	2094	370	0	0	0	
248652	Postcentral_L	25414	0	4278	0	0	0	3920	0	0	0	7146	248	2138	182	0	200	9236	0	1938	0	0	0	0	0	0	0	0	0	4926	512	0	0	690	0	0	0	550	0	0	0	0	0	0	0	160	0	0	0	0	0	6980	0	204	0	80	0	0	0	9114	0	21138	0	11308	0	2854	0	1004	0	3480	0	230	192	94	0	0	0	120	132	1250	0	2294	0	0	0	1890	0	0	0	424	0	0	0	0	0	0	0	0	0	0	0	0	0	0	0	0	0	0	0	0	0	0	0	0	0	0	0	
183032	Postcentral_R	86	16554	0	2376	0	0	0	1940	0	0	0	1362	0	0	0	0	0	4928	78	174	0	0	0	0	0	0	0	0	0	550	0	0	0	1676	698	2268	0	318	0	0	0	0	0	902	0	322	0	450	0	420	0	230	0	244	0	906	0	0	0	6086	0	9076	0	12926	0	1414	1674	8208	160	10956	0	0	0	102	0	0	0	0	0	102	0	1600	0	0	0	1422	0	0	0	1308	0	0	0	0	0	0	0	0	0	0	0	0	0	0	0	0	0	0	0	0	0	0	0	0	0	0	
140312	Parietal_Sup_L	848	0	106	0	0	0	124	0	0	0	0	0	0	0	0	0	84	0	0	0	0	0	0	0	0	0	0	0	624	0	0	0	1214	0	102	0	118	0	0	0	0	0	124	0	1392	0	0	0	4894	0	17922	0	720	0	222	0	9114	0	0	0	13630	0	0	0	4738	0	10014	144	2742	0	0	170	0	0	0	0	0	176	146	0	0	0	0	0	386	0	0	0	402	0	0	0	0	0	0	0	0	0	0	0	0	0	0	0	0	0	0	0	0	0	0	0	0	0	0	0	
105664	Parietal_Sup_R	0	506	0	144	0	0	0	0	0	0	0	0	0	0	0	0	0	0	0	150	0	0	0	0	0	0	0	0	0	0	0	0	0	170	0	0	0	0	0	0	0	0	0	318	104	4516	0	146	0	5762	0	3496	0	80	0	132	0	6086	0	0	0	7104	0	1124	0	5832	1050	13228	0	1272	0	0	0	0	0	0	0	0	0	0	0	0	0	0	0	1218	0	0	0	394	0	0	0	0	0	0	0	0	0	0	0	0	0	0	0	0	0	0	0	0	0	0	0	0	0	0	
199868	Parietal_Inf_L	2456	0	116	0	0	0	154	0	0	0	122	0	0	0	0	0	984	0	0	0	0	0	0	0	0	0	0	0	910	0	0	0	646	0	82	0	0	0	0	0	0	0	254	0	550	0	0	0	1114	0	19704	0	616	0	160	0	21138	0	13630	0	0	0	13480	0	15994	0	1804	0	1388	0	0	0	0	0	0	0	0	0	132	0	560	0	0	0	3036	0	0	0	904	0	0	0	0	0	0	0	0	0	0	0	0	0	0	0	0	0	0	0	0	0	0	0	0	0	0	0	
163012	Parietal_Inf_R	0	1246	0	476	0	0	0	272	0	0	0	0	0	0	0	0	0	102	0	244	0	0	0	0	0	0	0	0	0	138	0	0	0	276	0	0	0	0	0	0	0	0	0	206	0	576	0	96	0	798	0	2688	0	0	0	82	0	9076	0	7104	0	0	0	17768	0	20368	444	4596	0	756	0	0	0	0	0	0	0	0	0	92	0	1728	0	0	0	7668	0	0	0	4706	0	0	0	0	0	0	0	0	0	0	0	0	0	0	0	0	0	0	0	0	0	0	0	0	0	0	
94456	SupraMarginal_L	1548	0	200	0	0	0	166	0	0	0	300	0	0	0	0	0	2766	0	0	0	0	0	0	0	0	0	0	0	2312	0	0	0	0	0	0	0	108	0	0	0	0	0	0	0	0	0	80	0	0	0	684	0	572	0	278	0	11308	0	0	0	13480	0	0	0	3350	0	114	0	350	0	0	0	0	0	0	0	0	0	196	0	4532	0	0	0	3910	0	0	0	974	0	0	0	0	0	0	0	0	0	0	0	0	0	0	0	0	0	0	0	0	0	0	0	0	0	0	0	
170764	SupraMarginal_R	0	2446	0	882	0	0	0	734	0	0	0	98	0	0	0	0	0	2714	0	136	0	0	0	0	0	0	0	0	0	160	0	0	0	92	0	0	0	422	0	0	0	0	0	160	0	90	0	0	0	90	0	132	0	0	0	0	0	12926	0	1124	0	17768	0	0	0	13614	248	4088	0	192	0	0	0	0	0	0	0	0	0	148	0	8026	0	0	0	12446	0	0	0	6646	0	0	0	0	0	0	0	0	0	0	0	0	0	0	0	0	0	0	0	0	0	0	0	0	0	0	
136088	Angular_L	2420	0	0	0	0	0	540	0	0	0	0	0	0	0	0	0	456	0	0	0	0	0	0	0	0	0	0	0	706	0	0	0	784	0	226	0	144	0	0	0	0	0	392	0	776	0	0	0	1130	0	19592	0	536	0	104	0	2854	0	4738	0	15994	0	3350	0	0	0	1562	0	1724	0	0	0	0	0	0	0	0	0	92	0	386	0	0	0	8192	0	0	0	1346	0	0	0	0	0	0	0	0	0	0	0	0	0	0	0	0	0	0	0	0	0	0	0	0	0	0	0	
194664	Angular_R	0	272	0	0	0	0	0	0	0	0	0	0	0	0	0	0	0	148	0	226	0	0	0	0	0	0	0	0	0	118	0	0	0	256	0	80	0	0	0	0	0	0	0	404	0	2502	0	196	0	5036	0	13886	0	0	0	202	0	1414	0	5832	0	20368	0	13614	0	0	404	5050	0	730	0	0	0	0	0	0	0	0	0	92	0	3390	0	0	0	16996	0	0	0	6116	0	0	0	0	0	0	0	0	0	0	0	0	0	0	0	0	0	0	0	0	0	0	0	0	0	0	
366344	Precuneus_L	750	350	236	98	0	0	82	0	0	0	0	0	0	0	0	0	212	0	480	814	0	0	0	0	0	0	0	0	596	0	0	0	13936	1948	9616	1846	3302	138	1512	0	0	0	15354	1824	17880	4338	4964	720	14448	2094	23994	518	7334	432	4146	424	1004	1674	10014	1050	1804	444	114	248	1562	404	0	13754	5466	1360	0	144	0	0	0	0	0	152	318	0	1028	0	0	0	4396	402	0	0	2460	294	694	0	0	0	0	0	0	0	0	0	0	0	0	0	0	0	0	0	0	0	0	0	0	0	0	0	
504776	Precuneus_R	0	2582	132	746	0	0	0	130	0	0	0	0	0	0	0	0	0	188	908	4692	0	0	132	0	0	0	0	0	0	166	0	184	1296	10736	922	11772	120	5010	114	2072	0	0	1060	35560	3100	23122	308	24736	1166	12388	588	7100	150	5630	128	17500	0	8208	144	13228	0	4596	0	4088	0	5050	13754	0	170	10172	0	0	0	0	0	0	0	288	0	78	0	1224	0	0	0	9154	0	0	0	6868	0	84	0	0	0	0	0	128	0	0	0	0	0	0	0	0	0	0	0	0	716	0	0	0	0	0	
193188	Paracentral_Lobule_L	14826	320	106	562	0	0	120	0	0	0	0	0	0	0	0	0	140	0	3946	13446	0	0	0	0	0	0	0	0	538	0	0	0	5182	7772	2386	494	474	190	0	130	0	0	386	0	636	0	194	0	318	0	7164	0	2252	0	854	118	3480	160	2742	0	1388	0	350	0	1724	0	5466	170	0	7576	762	260	0	0	180	0	3636	584	376	0	132	0	0	0	2594	0	0	0	2194	0	266	0	0	0	0	0	0	0	0	0	0	0	0	0	0	0	0	0	0	0	0	0	0	0	0	0	
203408	Paracentral_Lobule_R	430	4682	0	152	0	0	0	162	0	0	0	0	0	0	0	0	0	0	1770	20500	0	0	0	0	0	0	0	0	0	78	0	0	2214	16266	1504	6328	0	962	0	270	0	0	176	2568	260	1182	0	1514	154	502	192	230	146	340	170	2240	0	10956	0	1272	0	756	0	192	0	730	1360	10172	7576	0	104	158	0	0	0	0	250	130	0	0	0	314	0	0	0	882	0	0	0	1860	0	0	0	0	0	0	0	0	0	0	0	0	0	0	0	0	0	0	0	0	0	0	0	0	0	0	
309660	Caudate_L	1744	106	8162	1958	154	84	514	382	0	0	3690	336	4884	1516	4406	356	1650	0	8326	2304	3718	6762	992	356	0	418	2066	3074	15662	1214	4348	2812	0	382	0	0	2444	0	0	0	138	0	0	0	0	0	0	0	0	0	0	0	0	0	902	0	230	0	0	0	0	0	0	0	0	0	0	0	762	104	0	18934	22480	4286	3404	588	13380	2562	0	0	834	0	996	0	0	0	0	0	410	0	0	0	0	0	0	0	0	0	0	0	0	0	0	0	0	0	0	0	0	0	0	0	0	0	0	0	
387048	Caudate_R	1268	3996	6934	24826	0	1114	1014	1514	0	336	394	1074	2666	3084	1740	3736	150	572	6142	15860	1132	4888	414	3748	0	2044	806	3508	4986	3622	2328	10250	216	550	116	0	682	218	0	90	0	218	0	0	90	0	0	0	0	0	350	0	0	0	0	86	192	0	170	0	0	0	0	0	0	0	144	0	260	158	18934	0	8864	21418	826	1748	2498	20962	0	0	284	0	0	218	0	0	0	0	86	0	0	0	0	0	0	0	0	0	0	0	0	0	0	0	0	0	0	0	0	0	0	0	0	0	0	0	
382108	Putamen_L	5656	290	21374	1282	4262	0	5620	226	2362	0	1396	116	2996	1178	9944	178	576	0	11702	1626	1508	3118	3064	464	290	224	898	1704	20806	804	6924	1774	80	260	0	0	14008	0	1106	0	626	0	0	0	0	0	0	0	0	0	0	0	0	0	2998	0	94	0	0	0	0	0	0	0	0	0	0	0	0	0	22480	8864	0	2510	15756	288	4738	440	0	0	1056	0	2094	0	0	0	0	0	1294	0	0	0	0	0	0	0	0	0	0	0	0	0	0	0	0	0	0	0	0	0	0	0	0	0	0	0	
334760	Putamen_R	0	1512	892	25486	0	706	262	3742	0	640	0	3302	320	4178	168	1918	0	2928	1058	14904	212	434	304	5482	0	2356	144	704	788	20986	1272	9428	124	426	0	0	0	12424	0	8134	0	3828	0	0	0	0	0	0	0	0	0	0	0	0	0	3998	0	102	0	0	0	0	0	0	0	0	0	0	0	0	4286	21418	2510	0	0	2486	0	2232	0	110	0	536	0	226	0	0	0	0	0	218	0	0	0	0	0	0	0	114	0	82	0	0	0	0	0	0	0	0	0	0	0	0	0	0	0	0	
94112	Pallidum_L	1840	402	7440	996	0	0	2446	0	0	0	0	0	0	0	0	0	124	0	5060	1618	0	0	0	0	0	0	0	0	186	0	0	0	0	212	0	0	1948	0	100	0	0	0	0	0	0	0	0	0	0	0	0	0	0	0	0	0	0	0	0	0	0	0	0	0	0	0	0	0	180	0	3404	826	15756	0	0	0	3718	800	0	0	0	0	0	0	0	0	0	0	0	0	0	0	0	0	0	0	0	0	0	0	0	0	0	0	0	0	0	0	0	0	0	0	0	0	0	0	
16980	Pallidum_R	0	0	0	970	0	0	0	0	0	0	0	128	0	0	0	0	0	82	0	432	0	0	0	0	0	0	0	0	0	210	0	0	0	0	0	0	0	686	0	558	0	0	0	0	0	0	0	0	0	0	0	0	0	0	0	236	0	0	0	0	0	0	0	0	0	0	0	0	0	0	588	1748	288	2486	0	0	0	78	0	0	0	0	0	0	0	0	0	0	0	0	0	0	0	0	0	0	0	0	0	0	0	0	0	0	0	0	0	0	0	0	0	0	0	0	0	0	
157244	Thalamus_L	14118	458	1242	598	0	0	478	0	0	0	734	0	600	0	596	0	1452	0	836	1076	0	0	0	0	0	0	0	0	6342	0	0	0	0	0	114	778	8230	764	1324	472	150	0	0	0	0	0	728	112	0	0	0	0	0	0	1060	386	120	0	0	0	0	0	0	0	0	0	0	0	3636	250	13380	2498	4738	0	3718	0	0	5264	578	0	436	0	248	0	118	0	0	0	990	0	0	0	0	0	0	0	0	0	0	0	0	0	0	0	0	0	0	0	0	0	0	0	0	0	0	0	
181824	Thalamus_R	1542	15866	784	18276	0	0	0	1530	0	0	0	386	0	0	0	0	0	902	816	2758	0	0	0	0	0	0	0	0	166	2044	0	0	0	0	158	376	546	4082	0	2578	0	344	0	0	90	0	0	878	0	0	358	0	0	0	0	1926	132	0	176	0	0	0	0	0	0	0	152	288	584	130	2562	20962	440	2232	800	78	5264	0	0	0	0	222	0	106	0	0	0	0	0	244	0	0	0	0	0	0	0	134	0	0	0	0	0	0	0	0	0	0	0	0	0	0	0	0	0	0	
93216	Heschl_L	2202	0	1716	0	0	0	584	0	0	0	1196	0	92	0	0	0	4684	0	970	0	0	0	0	0	0	0	0	0	9986	96	0	0	92	0	382	304	3382	218	0	0	0	0	170	0	86	0	94	0	0	0	646	0	3006	0	2316	0	1250	0	146	0	132	0	196	0	92	0	318	0	376	0	0	0	0	0	0	0	578	0	0	0	2638	0	0	0	2144	0	0	0	6380	0	136	0	0	0	0	0	0	0	0	0	0	0	0	0	0	0	0	0	0	0	0	0	0	0	0	0	
26768	Heschl_R	0	124	0	540	0	0	0	174	0	0	0	366	0	0	0	0	0	2406	0	316	0	0	0	0	0	0	0	0	0	2206	0	0	0	0	0	0	0	956	0	380	0	0	0	0	0	0	0	0	0	0	0	0	0	0	0	530	0	102	0	0	0	92	0	148	0	92	0	78	0	0	0	0	0	110	0	0	0	0	0	0	0	3490	0	0	0	536	0	0	0	738	0	0	0	0	0	0	0	0	0	0	0	0	0	0	0	0	0	0	0	0	0	0	0	0	0	0	
189060	Temporal_Sup_L	3602	0	3962	0	0	0	918	0	0	0	7224	0	2250	234	0	0	11218	0	3238	112	0	0	166	0	0	0	0	0	11196	228	82	0	1894	248	0	0	2562	0	0	0	0	0	0	0	0	0	0	0	0	0	2238	0	500	0	1348	0	2294	0	0	0	560	0	4532	0	386	0	1028	0	132	0	834	284	1056	0	0	0	436	0	2638	0	0	0	4664	0	15096	0	0	0	7370	0	0	0	0	0	0	0	0	0	0	0	0	0	0	0	0	0	0	0	0	0	0	0	0	0	0	0	
133448	Temporal_Sup_R	0	400	0	1556	0	0	0	548	0	0	0	460	0	0	0	0	0	5084	0	814	0	0	0	0	0	0	0	0	0	6024	0	0	0	304	0	0	0	1140	0	252	0	0	0	186	0	0	0	128	0	0	0	0	0	0	0	946	0	1600	0	0	0	1728	0	8026	0	3390	0	1224	0	314	0	0	0	536	0	0	0	222	0	3490	0	0	0	2322	0	20352	0	188	0	5490	0	0	0	0	0	0	0	0	0	0	0	0	0	0	0	0	0	0	0	0	0	0	0	0	0	0	
113224	Temporal_Pole_Sup_L	174	0	1370	0	544	0	624	0	598	0	4670	0	3424	0	2638	0	3352	0	1020	0	924	0	0	0	0	0	0	0	9498	0	0	0	0	0	0	0	2222	0	524	0	2138	0	0	0	0	0	0	0	0	0	0	0	0	0	1568	0	0	0	0	0	0	0	0	0	0	0	0	0	0	0	996	0	2094	0	0	0	248	0	0	0	4664	0	0	0	5198	0	3336	0	4788	0	0	0	0	0	0	0	0	0	0	0	0	0	0	0	0	0	0	0	0	0	0	0	0	0	0	0	
77396	Temporal_Pole_Sup_R	0	0	164	1608	0	0	0	282	0	0	0	1536	0	0	0	1138	0	1946	352	954	0	218	0	0	0	0	0	0	0	4264	0	0	0	0	0	0	0	440	0	1342	0	2044	0	0	0	0	0	0	0	0	0	0	0	0	0	5108	0	0	0	0	0	0	0	0	0	0	0	0	0	0	0	218	0	226	0	0	0	106	0	0	0	2322	0	0	0	3806	0	3972	0	6652	0	0	0	0	0	0	0	0	0	0	0	0	0	0	0	0	0	0	0	0	0	0	0	0	0	0	
297568	Temporal_Mid_L	3906	0	432	0	0	0	850	0	0	0	118	0	0	0	0	0	2026	0	332	0	0	0	0	0	0	0	0	0	3278	0	0	0	5282	0	246	0	710	0	0	0	0	0	2292	0	2780	0	346	0	3140	0	32844	0	13616	0	1638	0	1890	0	386	0	3036	0	3910	0	8192	0	4396	0	2594	0	0	0	0	0	0	0	118	0	2144	0	15096	0	5198	0	0	0	2884	0	25104	0	0	0	0	0	0	0	0	0	0	0	0	0	0	0	0	0	0	0	0	0	0	0	0	0	0	0	
294748	Temporal_Mid_R	0	462	0	194	0	0	0	0	0	0	0	0	0	0	0	362	0	274	0	262	0	0	0	0	0	0	0	0	0	2160	0	0	0	382	0	124	0	658	0	112	0	0	0	5348	0	3818	0	1534	0	5344	0	12024	0	2198	0	3880	0	1422	0	1218	0	7668	0	12446	0	16996	402	9154	0	882	0	0	0	0	0	0	0	0	0	536	0	20352	0	3806	0	0	0	1236	0	32120	0	0	0	0	0	0	0	0	0	0	0	0	0	0	0	0	0	0	0	0	0	0	0	0	0	0	
20296	Temporal_Pole_Mid_L	0	0	0	0	0	0	0	0	0	0	0	0	0	0	0	0	0	0	0	0	0	0	0	0	0	0	0	0	0	0	0	0	0	0	0	0	0	0	0	0	78	0	0	0	0	0	0	0	0	0	0	0	0	0	678	0	0	0	0	0	0	0	0	0	0	0	0	0	0	0	0	0	0	0	0	0	0	0	0	0	0	0	3336	0	2884	0	0	0	3172	0	0	0	0	0	0	0	0	0	0	0	0	0	0	0	0	0	0	0	0	0	0	0	0	0	0	0	
21192	Temporal_Pole_Mid_R	0	0	0	0	0	0	0	0	0	0	0	0	0	0	0	0	0	0	0	0	0	0	0	0	0	0	0	0	0	172	0	0	0	0	0	0	0	0	0	652	0	510	0	0	0	0	0	0	0	0	0	0	0	0	0	1764	0	0	0	0	0	0	0	0	0	0	0	0	0	0	0	0	0	0	0	0	0	0	0	0	0	188	0	3972	0	1236	0	0	0	2102	0	0	0	0	0	0	0	0	0	0	0	0	0	0	0	0	0	0	0	0	0	0	0	0	0	0	
297336	Temporal_Inf_L	1686	0	3618	0	0	0	1170	0	0	0	280	0	0	0	0	0	3192	0	3770	0	0	0	0	0	0	0	0	0	14056	0	0	0	1628	0	890	0	12194	0	792	0	2024	0	1198	0	550	0	344	0	98	0	7296	0	13516	0	14142	0	424	0	402	0	904	0	974	0	1346	0	2460	0	2194	0	410	86	1294	0	0	0	990	0	6380	0	7370	0	4788	0	25104	0	3172	0	0	0	5408	0	546	0	0	0	782	0	1190	0	0	0	0	0	0	0	0	0	0	0	0	0	0	0	0	0	
263856	Temporal_Inf_R	0	1288	0	536	0	0	0	268	0	0	0	0	0	0	0	874	0	270	0	848	0	0	0	0	0	0	0	0	0	2742	0	0	0	1384	138	1158	0	3368	0	1392	0	870	0	6480	0	2186	0	3188	0	2450	0	3504	0	5248	0	17188	0	1308	0	394	0	4706	0	6646	0	6116	294	6868	0	1860	0	0	0	218	0	0	0	244	0	738	0	5490	0	6652	0	32120	0	2102	0	0	0	792	0	0	0	0	0	0	0	0	0	0	0	0	0	0	0	0	0	0	0	0	0	0	0	0	
450620	Cerebelum_Crus1_L	0	0	0	0	0	0	0	0	0	0	0	0	0	0	0	0	156	0	0	0	0	0	0	0	0	0	0	0	230	0	0	0	0	0	214	0	192	0	142	0	0	0	892	0	500	0	13656	1484	0	0	940	0	3008	0	24698	202	0	0	0	0	0	0	0	0	0	0	694	0	266	0	0	0	0	0	0	0	0	0	136	0	0	0	0	0	0	0	0	0	5408	0	0	3146	34450	1008	186	992	22500	1750	53100	3922	10892	0	13636	1144	1066	1458	106	0	784	1782	6046	5214	4622	2122	1598	968	
453460	Cerebelum_Crus1_R	0	0	0	0	0	0	0	0	0	0	0	0	0	0	0	0	0	0	0	0	0	0	0	0	0	0	0	0	0	0	0	0	0	0	0	0	0	94	0	232	0	0	332	222	0	0	1990	9288	0	0	0	0	0	640	354	12040	0	0	0	0	0	0	0	0	0	0	0	84	0	0	0	0	0	0	0	0	0	0	0	0	0	0	0	0	0	0	0	0	0	792	3146	0	5846	29676	100	4010	4730	23820	3738	58732	144	4488	550	17682	0	1516	0	356	274	2682	10634	10688	14180	2366	376	928	
279492	Cerebelum_Crus2_L	0	0	0	0	0	0	0	0	0	0	0	0	0	0	0	0	0	0	0	0	0	0	0	0	0	0	0	0	0	0	0	0	0	0	0	0	0	0	0	0	0	0	0	0	0	0	1196	1136	0	0	0	0	0	0	1320	222	0	0	0	0	0	0	0	0	0	0	0	0	0	0	0	0	0	0	0	0	0	0	0	0	0	0	0	0	0	0	0	0	546	0	34450	5846	0	5042	0	844	3446	1774	11730	4802	18760	2012	16622	4156	676	1240	150	0	508	1124	3036	4926	10156	1954	1456	616	
233712	Cerebelum_Crus2_R	0	0	0	0	0	0	0	0	0	0	0	0	0	0	0	0	0	0	0	0	0	0	0	0	0	0	0	0	0	0	0	0	0	0	0	0	0	0	0	0	0	0	0	0	0	0	358	198	0	0	0	0	0	0	94	694	0	0	0	0	0	0	0	0	0	0	0	0	0	0	0	0	0	0	0	0	0	0	0	0	0	0	0	0	0	0	0	0	0	0	1008	29676	5042	0	0	1088	2168	2770	1264	13904	240	14222	802	23166	0	900	0	152	182	842	2678	1432	10124	2664	310	878	
33488	Cerebelum_3_L	0	0	0	0	0	0	0	0	0	0	0	0	0	0	0	0	0	0	0	0	0	0	0	0	0	0	0	0	0	0	0	0	0	0	0	0	0	0	138	0	0	0	0	0	0	0	136	0	0	0	0	0	0	0	108	0	0	0	0	0	0	0	0	0	0	0	0	0	0	0	0	0	0	0	0	0	0	0	0	0	0	0	0	0	0	0	0	0	0	0	186	100	0	0	0	608	5888	174	1154	132	0	0	0	0	936	250	0	0	1412	2726	1224	640	138	0	276	518	
99352	Cerebelum_3_R	0	0	0	0	0	0	0	0	0	0	0	0	0	0	0	0	0	0	0	0	0	0	0	0	0	0	0	0	0	0	0	0	0	0	0	0	0	0	244	106	0	0	0	0	0	0	648	368	0	0	0	0	0	0	0	342	0	0	0	0	0	0	0	0	0	0	0	0	0	0	0	0	0	0	0	0	0	0	0	0	0	0	0	0	0	0	0	0	0	0	992	4010	844	1088	608	0	3972	6366	2144	6272	320	126	910	1066	0	2334	0	100	720	5588	3330	1658	2074	1776	1398	272	
392908	Cerebelum_4_5_L	0	0	0	0	0	0	0	0	0	0	0	0	0	0	0	0	0	0	0	0	0	0	0	0	0	0	0	0	80	0	0	0	0	0	0	0	154	0	482	0	0	0	368	0	0	0	15762	3700	0	0	0	0	80	0	12748	1146	0	0	0	0	0	0	0	0	0	0	0	0	0	0	0	0	0	0	0	0	0	0	0	0	0	0	0	0	0	0	0	0	782	0	22500	4730	3446	2168	5888	3972	0	7676	37486	7352	710	0	1142	1222	4258	2546	98	0	3460	7206	24736	6606	4268	2826	2294	4562	
279472	Cerebelum_4_5_R	0	0	0	0	0	0	0	0	0	0	0	0	0	0	0	0	0	0	0	0	0	0	0	0	0	0	0	0	0	0	0	0	0	0	0	0	0	588	0	1340	0	0	484	0	0	0	3286	5974	0	0	0	0	0	0	538	7882	0	0	0	0	0	0	0	0	0	0	0	128	0	0	0	0	0	114	0	0	0	134	0	0	0	0	0	0	0	0	0	0	0	0	1750	23820	1774	2770	174	6366	7676	0	4334	33284	256	628	512	4780	154	1704	0	464	138	4058	16108	2398	3862	1172	774	312	
491248	Cerebelum_6_L	0	0	0	0	0	0	0	0	0	0	0	0	0	0	0	0	0	0	0	0	0	0	0	0	0	0	0	0	0	0	0	0	0	0	0	0	0	0	158	0	0	0	154	0	0	0	16388	3128	0	0	0	0	134	0	22714	812	0	0	0	0	0	0	0	0	0	0	0	0	0	0	0	0	0	0	0	0	0	0	0	0	0	0	0	0	0	0	0	0	1190	0	53100	3738	11730	1264	1154	2144	37486	4334	0	5762	4914	90	8320	2554	4496	4602	312	0	2258	4092	15772	12918	6660	4508	4720	4018	
461156	Cerebelum_6_R	0	0	0	0	0	0	0	0	0	0	0	0	0	0	0	0	0	0	0	0	0	0	0	0	0	0	0	0	0	0	0	0	0	0	0	0	0	432	0	514	0	0	388	0	0	0	2624	11498	0	0	0	0	0	218	482	13788	0	0	0	0	0	0	0	0	0	0	0	0	0	0	0	0	0	82	0	0	0	0	0	0	0	0	0	0	0	0	0	0	0	0	3922	58732	4802	13904	132	6272	7352	33284	5762	0	138	1656	254	12068	92	1560	0	894	478	3838	16086	13616	12210	2174	378	948	
133772	Cerebelum_7b_L	0	0	0	0	0	0	0	0	0	0	0	0	0	0	0	0	0	0	0	0	0	0	0	0	0	0	0	0	0	0	0	0	0	0	0	0	0	0	0	0	0	0	0	0	0	0	198	0	0	0	0	0	0	0	304	0	0	0	0	0	0	0	0	0	0	0	0	0	0	0	0	0	0	0	0	0	0	0	0	0	0	0	0	0	0	0	0	0	0	0	10892	144	18760	240	0	320	710	256	4914	138	0	128	15926	2376	1436	816	354	0	226	362	578	1680	2344	2666	910	208	
87744	Cerebelum_7b_R	0	0	0	0	0	0	0	0	0	0	0	0	0	0	0	0	0	0	0	0	0	0	0	0	0	0	0	0	0	0	0	0	0	0	0	0	0	0	0	0	0	0	0	0	0	0	0	0	0	0	0	0	0	0	0	200	0	0	0	0	0	0	0	0	0	0	0	0	0	0	0	0	0	0	0	0	0	0	0	0	0	0	0	0	0	0	0	0	0	0	0	4488	2012	14222	0	126	0	628	90	1656	128	0	390	16270	0	1400	0	166	0	0	0	168	1510	418	0	0	
209100	Cerebelum_8_L	0	0	0	0	0	0	0	0	0	0	0	0	0	0	0	0	0	0	0	0	0	0	0	0	0	0	0	0	0	0	0	0	0	0	0	0	0	0	0	0	0	0	0	0	0	0	346	0	0	0	0	0	0	0	364	0	0	0	0	0	0	0	0	0	0	0	0	0	0	0	0	0	0	0	0	0	0	0	0	0	0	0	0	0	0	0	0	0	0	0	13636	550	16622	802	0	910	1142	512	8320	254	15926	390	0	5116	6202	3764	1500	0	528	1086	1142	4568	6480	7928	5094	1368	
252456	Cerebelum_8_R	0	0	0	0	0	0	0	0	0	0	0	0	0	0	0	0	0	0	0	0	0	0	0	0	0	0	0	0	0	0	0	0	0	0	0	0	0	0	0	0	0	0	0	0	0	0	450	174	0	0	0	0	0	0	0	394	0	0	0	0	0	0	0	0	0	0	0	0	0	0	0	0	0	0	0	0	0	0	0	0	0	0	0	0	0	0	0	0	0	0	1144	17682	4156	23166	0	1066	1222	4780	2554	12068	2376	16270	5116	0	352	8930	0	1192	138	830	2274	3412	9384	5202	1568	328	
69356	Cerebelum_9_L	0	0	0	0	0	0	0	0	0	0	0	0	0	0	0	0	0	0	0	0	0	0	0	0	0	0	0	0	0	0	0	0	0	0	0	0	0	0	0	0	0	0	0	0	0	0	220	0	0	0	0	0	0	0	0	0	0	0	0	0	0	0	0	0	0	0	0	0	0	0	0	0	0	0	0	0	0	0	0	0	0	0	0	0	0	0	0	0	0	0	1066	0	676	0	936	0	4258	154	4496	92	1436	0	6202	352	0	2008	2882	0	0	88	1658	2026	616	916	2716	1880	
124808	Cerebelum_9_R	0	0	0	0	0	0	0	0	0	0	0	0	0	0	0	0	0	0	0	0	0	0	0	0	0	0	0	0	0	0	0	0	0	0	0	0	0	0	0	0	0	0	0	0	0	0	370	0	0	0	0	0	0	0	0	0	0	0	0	0	0	0	0	0	0	0	0	0	0	0	0	0	0	0	0	0	0	0	0	0	0	0	0	0	0	0	0	0	0	0	1458	1516	1240	900	250	2334	2546	1704	4602	1560	816	1400	3764	8930	2008	0	0	1594	520	2016	2150	4710	3242	3346	6202	3226	
10804	Cerebelum_10_L	0	0	0	0	0	0	0	0	0	0	0	0	0	0	0	0	0	0	0	0	0	0	0	0	0	0	0	0	0	0	0	0	0	0	0	0	0	0	0	0	0	0	0	0	0	0	0	0	0	0	0	0	0	0	0	0	0	0	0	0	0	0	0	0	0	0	0	0	0	0	0	0	0	0	0	0	0	0	0	0	0	0	0	0	0	0	0	0	0	0	106	0	150	0	0	0	98	0	312	0	354	0	1500	0	2882	0	0	0	0	0	0	0	0	0	0	0	
10332	Cerebelum_10_R	0	0	0	0	0	0	0	0	0	0	0	0	0	0	0	0	0	0	0	0	0	0	0	0	0	0	0	0	0	0	0	0	0	0	0	0	0	0	0	0	0	0	0	0	0	0	0	0	0	0	0	0	0	0	0	0	0	0	0	0	0	0	0	0	0	0	0	0	0	0	0	0	0	0	0	0	0	0	0	0	0	0	0	0	0	0	0	0	0	0	0	356	0	152	0	100	0	464	0	894	0	166	0	1192	0	1594	0	0	0	90	80	0	78	0	0	0	
49784	Vermis_1_2	0	0	0	0	0	0	0	0	0	0	0	0	0	0	0	0	0	0	0	0	0	0	0	0	0	0	0	0	0	0	0	0	0	0	0	0	0	0	0	0	0	0	0	0	0	0	604	0	0	0	0	0	0	0	114	0	0	0	0	0	0	0	0	0	0	0	0	0	0	0	0	0	0	0	0	0	0	0	0	0	0	0	0	0	0	0	0	0	0	0	784	274	508	182	1412	720	3460	138	2258	478	226	0	528	138	0	520	0	0	0	4852	3128	1374	1100	714	548	832	
121432	Vermis_3	0	0	0	0	0	0	0	0	0	0	0	0	0	0	0	0	0	0	0	0	0	0	0	0	0	0	0	0	0	0	0	0	0	0	0	0	0	0	144	0	0	0	0	0	0	0	1070	272	0	0	0	0	0	0	174	132	0	0	0	0	0	0	0	0	0	0	0	0	0	0	0	0	0	0	0	0	0	0	0	0	0	0	0	0	0	0	0	0	0	0	1782	2682	1124	842	2726	5588	7206	4058	4092	3838	362	0	1086	830	88	2016	0	90	4852	0	6880	2156	2238	1790	1666	932	
327668	Vermis_4_5	0	0	0	0	0	0	0	0	0	0	0	0	0	0	0	0	0	0	0	0	0	0	0	0	0	0	0	0	0	0	0	0	0	0	0	160	0	316	0	88	0	0	648	534	0	0	7748	8244	0	0	0	0	0	0	1998	3348	0	0	0	0	0	0	0	0	0	0	0	716	0	0	0	0	0	0	0	0	0	0	0	0	0	0	0	0	0	0	0	0	0	0	6046	10634	3036	2678	1224	3330	24736	16108	15772	16086	578	0	1142	2274	1658	2150	0	80	3128	6880	0	7824	5622	3174	1780	4094	
