data	data	468880	435816	739560	733776	136292	59272	420324	219328	68308	64832	160200	241628	217516	175924	121584	129320	157120	140424	684348	798780	66336	73668	316736	314520	27240	76932	60488	74364	529032	397696	251860	405320	139132	498788	157440	171264	264792	335928	102772	219448	32764	52540	364300	256984	211608	313684	322908	343928	218968	356532	661404	245760	153860	99036	429712	499372	278484	189452	144568	114264	241324	111004	120484	142164	196260	144816	493176	478088	177792	199808	268152	356408	273960	332140	43604	24696	197500	167064	76912	35056	212492	148160	72916	85764	395116	285396	26308	30840	270484	284648	489836	428084	479996	332580	33140	46012	328660	181668	536144	487972	351324	208992	434776	412236	194664	209740	83876	30204	24676	60480	258920	256900	233548	196232	103628	19088	
data	data	Precentral_L	Precentral_R	Frontal_Sup_L	Frontal_Sup_R	Frontal_Sup_Orb_L	Frontal_Sup_Orb_R	Frontal_Mid_L	Frontal_Mid_R	Frontal_Mid_Orb_L	Frontal_Mid_Orb_R	Frontal_Inf_Oper_L	Frontal_Inf_Oper_R	Frontal_Inf_Tri_L	Frontal_Inf_Tri_R	Frontal_Inf_Orb_L	Frontal_Inf_Orb_R	Rolandic_Oper_L	Rolandic_Oper_R	Supp_Motor_Area_L	Supp_Motor_Area_R	Olfactory_L	Olfactory_R	Frontal_Sup_Medial_L	Frontal_Sup_Medial_R	Frontal_Med_Orb_L	Frontal_Med_Orb_R	Rectus_L	Rectus_R	Insula_L	Insula_R	Cingulum_Ant_L	Cingulum_Ant_R	Cingulum_Mid_L	Cingulum_Mid_R	Cingulum_Post_L	Cingulum_Post_R	Hippocampus_L	Hippocampus_R	ParaHippocampal_L	ParaHippocampal_R	Amygdala_L	Amygdala_R	Calcarine_L	Calcarine_R	Cuneus_L	Cuneus_R	Lingual_L	Lingual_R	Occipital_Sup_L	Occipital_Sup_R	Occipital_Mid_L	Occipital_Mid_R	Occipital_Inf_L	Occipital_Inf_R	Fusiform_L	Fusiform_R	Postcentral_L	Postcentral_R	Parietal_Sup_L	Parietal_Sup_R	Parietal_Inf_L	Parietal_Inf_R	SupraMarginal_L	SupraMarginal_R	Angular_L	Angular_R	Precuneus_L	Precuneus_R	Paracentral_Lobule_L	Paracentral_Lobule_R	Caudate_L	Caudate_R	Putamen_L	Putamen_R	Pallidum_L	Pallidum_R	Thalamus_L	Thalamus_R	Heschl_L	Heschl_R	Temporal_Sup_L	Temporal_Sup_R	Temporal_Pole_Sup_L	Temporal_Pole_Sup_R	Temporal_Mid_L	Temporal_Mid_R	Temporal_Pole_Mid_L	Temporal_Pole_Mid_R	Temporal_Inf_L	Temporal_Inf_R	Cerebelum_Crus1_L	Cerebelum_Crus1_R	Cerebelum_Crus2_L	Cerebelum_Crus2_R	Cerebelum_3_L	Cerebelum_3_R	Cerebelum_4_5_L	Cerebelum_4_5_R	Cerebelum_6_L	Cerebelum_6_R	Cerebelum_7b_L	Cerebelum_7b_R	Cerebelum_8_L	Cerebelum_8_R	Cerebelum_9_L	Cerebelum_9_R	Cerebelum_10_L	Cerebelum_10_R	Vermis_1_2	Vermis_3	Vermis_4_5	Vermis_6	Vermis_7	Vermis_8	Vermis_9	Vermis_10	
468880	Precentral_L	0	7910	13316	3538	0	0	28866	1466	0	80	13030	1156	2976	0	0	82	5844	388	7868	6540	0	0	94	0	0	0	0	0	9614	586	0	104	450	4336	3018	1814	5794	1352	602	562	0	0	874	0	386	0	952	0	242	0	10190	0	1176	0	2092	240	30088	416	2894	0	6704	0	850	172	5138	0	5302	424	8910	1188	7206	1466	1342	1100	500	556	10656	1748	2414	158	1624	0	0	0	4244	0	0	0	1092	98	0	0	0	0	0	0	306	0	306	0	0	0	0	0	0	0	0	0	0	0	0	0	0	0	0	0	
435816	Precentral_R	7910	0	2224	13702	0	0	1946	11098	0	118	116	11736	0	1514	0	118	128	3712	5394	17538	0	0	0	0	0	0	0	0	692	2140	0	78	452	13160	1420	3162	1326	7844	154	2142	0	0	0	720	0	1214	0	160	0	2236	0	1590	0	0	0	2006	2738	16584	0	716	156	304	0	1554	0	746	346	6854	3456	15128	1528	14310	2024	1242	702	142	2810	21160	306	0	0	226	0	0	0	3772	0	0	0	3354	0	0	0	0	0	0	0	0	0	0	0	0	0	0	0	0	0	0	0	0	0	0	0	0	0	0	
739560	Frontal_Sup_L	13316	2224	0	10514	7654	0	52936	1788	2284	78	12286	930	17396	432	4900	84	6194	402	63336	13760	124	0	38898	5238	1202	154	346	0	36976	940	13470	3510	2212	3016	0	0	3230	662	168	318	0	104	0	0	0	0	0	0	0	0	402	0	0	0	942	186	2856	510	0	0	120	0	390	0	0	0	236	0	1286	140	9910	1364	19430	2030	3040	248	1692	1070	882	0	1108	0	338	0	152	0	0	0	366	0	0	0	0	0	0	0	0	0	0	0	0	0	0	0	0	0	0	0	0	0	0	0	0	0	0	0	
733776	Frontal_Sup_R	3538	13702	10514	0	0	1202	1860	24554	0	1586	0	12570	0	9590	0	4410	0	5802	36450	72738	0	0	6936	34048	0	1380	0	0	342	20202	3780	25692	1298	14934	104	328	352	4214	0	2250	0	130	0	0	0	0	0	0	0	0	0	0	0	0	0	906	1948	1536	0	0	0	0	0	0	0	110	0	0	294	0	3112	19564	630	16872	190	1546	598	3020	0	360	0	114	0	1130	0	274	0	0	0	178	0	0	0	0	0	0	0	0	0	0	0	0	0	0	0	0	0	0	0	0	0	0	0	0	0	0	
136292	Frontal_Sup_Orb_L	0	0	7654	0	0	0	1502	0	13580	0	0	0	2854	0	15290	0	0	0	260	0	1654	0	3714	0	3598	204	3570	0	7424	0	1942	0	0	0	0	0	0	0	0	0	184	0	0	0	0	0	0	0	0	0	0	0	0	0	0	0	0	0	0	0	0	0	0	0	0	0	0	0	0	0	608	0	3588	0	0	0	270	0	0	0	0	0	250	0	0	0	0	0	0	0	0	0	0	0	0	0	0	0	0	0	0	0	0	0	0	0	0	0	0	0	0	0	0	0	0	0	
59272	Frontal_Sup_Orb_R	0	0	0	1202	0	0	0	674	0	3992	0	0	0	834	0	3690	0	0	0	0	0	1426	238	1062	250	4948	0	6554	0	1924	434	256	0	0	0	0	0	0	0	0	0	0	0	0	0	0	0	0	0	0	0	0	0	0	0	0	0	0	0	0	0	0	0	0	0	0	0	0	0	0	0	644	0	1390	0	0	0	0	0	0	0	0	0	118	0	0	0	0	0	0	0	0	0	0	0	0	0	0	0	0	0	0	0	0	0	0	0	0	0	0	0	0	0	0	0	0	
420324	Frontal_Mid_L	28866	1946	52936	1860	1502	0	0	642	2368	0	10248	980	26224	122	4014	0	1088	88	15730	2416	0	0	10362	628	0	0	0	0	13976	566	2568	320	1356	710	136	98	1692	398	274	180	0	0	86	0	0	0	134	0	0	0	892	0	150	0	264	80	2148	232	0	0	328	0	196	0	272	0	344	0	236	170	8494	680	1052	1464	0	550	4872	448	958	0	404	0	0	0	1006	0	0	0	408	0	0	0	0	0	0	0	0	0	0	0	0	0	0	0	0	0	0	0	0	0	0	0	0	0	0	0	
219328	Frontal_Mid_R	1466	11098	1788	24554	0	674	642	0	0	1278	0	10938	0	12500	0	2304	0	782	3660	4634	0	0	264	2960	0	460	0	0	456	7728	220	2076	0	1566	96	0	368	1184	0	292	0	0	0	0	0	0	0	0	0	0	0	0	0	0	0	454	316	922	0	0	0	0	0	158	0	0	0	0	0	0	1374	4830	556	3114	264	0	312	2164	238	0	0	74	0	0	0	212	0	0	0	688	0	0	0	0	0	0	0	0	0	0	0	0	0	0	0	0	0	0	0	0	0	0	0	0	0	0	
68308	Frontal_Mid_Orb_L	0	0	2284	0	13580	0	2368	0	0	0	0	0	2446	0	10332	0	0	0	0	0	86	0	0	0	242	0	1466	0	810	0	104	0	0	0	0	0	0	0	0	0	0	0	0	0	0	0	0	0	0	0	0	0	0	0	0	0	0	0	0	0	0	0	0	0	0	0	0	0	0	0	0	0	436	0	0	0	0	0	0	0	0	0	0	0	0	0	0	0	0	0	0	0	0	0	0	0	0	0	0	0	0	0	0	0	0	0	0	0	0	0	0	0	0	0	0	0	
64832	Frontal_Mid_Orb_R	80	118	78	1586	0	3992	0	1278	0	0	0	184	0	2722	0	11966	0	0	286	930	0	878	0	0	0	0	0	1598	0	2178	222	244	0	0	0	0	0	0	0	0	0	0	0	0	0	0	0	0	0	0	0	0	0	0	0	0	0	132	0	0	0	0	0	0	0	0	0	0	0	0	468	2274	0	1202	0	0	0	0	0	0	0	0	0	0	0	0	0	0	0	0	0	0	0	0	0	0	0	0	0	0	0	0	0	0	0	0	0	0	0	0	0	0	0	0	0	0	
160200	Frontal_Inf_Oper_L	13030	116	12286	0	0	0	10248	0	0	0	0	0	10474	0	0	0	6880	0	3462	0	0	0	370	0	0	0	0	0	10658	0	306	0	0	0	0	0	444	0	0	0	0	0	102	0	86	0	90	0	0	0	990	0	82	0	216	0	1906	0	0	0	110	0	370	0	206	0	362	0	0	0	520	84	984	0	0	0	0	0	894	0	2064	0	1650	0	880	0	0	0	230	0	0	0	0	0	0	0	0	0	0	0	0	0	0	0	0	0	0	0	0	0	0	0	0	0	0	0	
241628	Frontal_Inf_Oper_R	1156	11736	930	12570	0	0	980	10938	0	184	0	0	0	9448	0	422	0	5264	3042	12128	0	0	294	632	0	0	0	0	232	25144	1016	1906	0	2452	0	0	234	508	0	210	0	0	0	0	0	0	0	0	0	0	0	0	0	0	0	258	150	3156	0	0	0	0	0	1024	0	0	0	0	0	0	1476	4746	250	3276	0	0	172	2146	0	122	0	382	0	1908	0	0	0	0	0	322	0	0	0	0	0	0	0	0	0	0	0	0	0	0	0	0	0	0	0	0	0	0	0	0	0	0	
217516	Frontal_Inf_Tri_L	2976	0	17396	0	2854	0	26224	0	2446	0	10474	0	0	0	9810	0	1538	0	4336	0	0	0	4282	120	0	0	0	0	19846	0	2394	82	1094	0	0	0	0	0	0	0	0	0	0	0	0	0	0	0	0	0	0	0	0	0	0	0	0	0	0	0	0	0	0	0	0	0	0	0	0	0	198	0	424	0	0	0	0	0	88	0	994	0	1182	0	0	0	0	0	0	0	0	0	0	0	0	0	0	0	0	0	0	0	0	0	0	0	0	0	0	0	0	0	0	0	0	0	
175924	Frontal_Inf_Tri_R	0	1514	432	9590	0	834	122	12500	0	2722	0	9448	0	0	0	10458	0	502	1986	4610	0	0	150	3524	0	964	0	440	0	15808	1114	3442	0	1900	0	0	0	118	0	0	0	0	0	0	0	0	0	0	0	0	0	0	0	0	0	0	0	644	0	0	0	0	0	0	0	0	0	0	0	0	152	2146	0	2296	0	0	0	0	0	0	0	214	0	332	0	0	0	0	0	0	0	0	0	0	0	0	0	0	0	0	0	0	0	0	0	0	0	0	0	0	0	0	0	0	0	0	
121584	Frontal_Inf_Orb_L	0	0	4900	0	15290	0	4014	0	10332	0	0	0	9810	0	0	0	0	0	0	0	1664	0	410	0	100	0	1038	0	8438	0	480	0	0	0	0	0	254	0	0	0	442	0	0	0	0	0	0	0	0	0	0	0	0	0	94	0	0	0	0	0	0	0	0	0	0	0	0	0	0	0	80	0	2840	0	0	0	0	0	0	0	0	0	606	0	0	0	0	0	0	0	0	0	0	0	0	0	0	0	0	0	0	0	0	0	0	0	0	0	0	0	0	0	0	0	0	0	
129320	Frontal_Inf_Orb_R	82	118	84	4410	0	3690	0	2304	0	11966	0	422	0	10458	0	0	0	76	520	1494	0	1564	0	2778	0	834	0	1436	0	11116	228	668	0	200	0	0	0	0	0	0	0	0	0	0	0	0	0	0	0	0	0	0	0	0	0	186	0	132	0	0	0	0	0	0	0	0	0	0	0	0	470	2508	0	2512	0	0	0	0	0	0	0	1358	0	2000	0	586	0	188	0	272	0	0	0	0	0	0	0	0	0	0	0	0	0	0	0	0	0	0	0	0	0	0	0	0	0	0	
157120	Rolandic_Oper_L	5844	128	6194	0	0	0	1088	0	0	0	6880	0	1538	0	0	0	0	0	584	0	0	0	0	0	0	0	0	0	16552	0	0	0	0	0	0	0	1638	0	90	0	0	0	308	0	148	0	306	0	0	0	2144	0	414	0	850	0	7864	0	0	0	0	0	1514	0	290	0	510	0	0	0	244	106	1280	74	0	0	252	0	4580	0	9584	0	1750	0	3512	0	0	0	2294	0	0	0	0	0	0	0	0	0	0	0	0	0	0	0	0	0	0	0	0	0	0	0	0	0	0	0	
140424	Rolandic_Oper_R	388	3712	402	5802	0	0	88	782	0	0	0	5264	0	502	0	76	0	0	2446	5592	0	0	152	278	0	0	0	0	0	14176	0	458	0	856	0	0	0	2586	0	724	0	0	0	0	0	124	0	0	0	184	0	250	0	0	0	770	256	4234	0	112	0	332	0	2688	0	1066	0	264	0	0	100	318	0	2700	0	238	122	232	0	2974	0	4772	0	1756	0	1362	0	0	0	1074	0	0	0	0	0	0	0	0	0	0	0	0	0	0	0	0	0	0	0	0	0	0	0	0	0	0	
684348	Supp_Motor_Area_L	7868	5394	63336	36450	260	0	15730	3660	0	286	3462	3042	4336	1986	0	520	584	2446	0	57296	0	0	7922	5128	0	164	0	0	9148	4744	8576	6894	8182	17338	2088	378	884	1282	78	644	0	146	538	0	616	0	0	0	470	0	1104	0	0	0	166	404	1998	996	0	0	278	0	144	0	184	100	1882	236	11022	1812	6036	9938	8474	7990	3422	934	1072	806	130	0	94	0	0	284	210	276	0	0	98	208	0	0	0	0	0	0	0	0	0	0	0	0	0	0	0	0	0	0	0	0	0	0	0	0	0	0	
798780	Supp_Motor_Area_R	6540	17538	13760	72738	0	0	2416	4634	0	930	0	12128	0	4610	0	1494	0	5592	57296	0	0	0	1818	11368	0	344	0	0	152	16038	4524	21776	5386	48100	1834	4650	170	2498	0	1186	0	128	0	824	0	772	0	0	0	868	0	806	0	0	0	1074	476	2180	0	96	0	0	0	76	0	348	210	4808	9448	15372	2360	16836	614	14490	188	1210	88	158	0	362	0	198	0	1316	0	2328	0	0	0	2236	0	0	0	0	0	0	0	0	0	0	0	0	0	0	0	0	0	0	0	0	0	0	0	0	0	0	
66336	Olfactory_L	0	0	124	0	1654	0	0	0	86	0	0	0	0	0	1664	0	0	0	0	0	0	4812	104	0	150	150	5140	2340	2238	0	2396	1704	0	0	0	0	536	0	490	0	1028	0	0	0	0	0	0	0	0	0	0	0	0	0	448	0	0	0	0	0	0	0	0	0	0	0	0	0	0	0	4718	1794	1156	148	0	0	0	0	0	0	0	0	288	0	0	0	0	0	0	0	0	0	0	0	0	0	0	0	0	0	0	0	0	0	0	0	0	0	0	0	0	0	0	0	0	0	
73668	Olfactory_R	0	0	0	0	0	1426	0	0	0	878	0	0	0	0	0	1564	0	0	0	0	4812	0	0	0	0	716	3832	4338	0	2884	2338	2664	0	0	0	0	0	0	0	0	0	322	0	0	0	0	0	0	0	0	0	0	0	0	0	0	0	0	0	0	0	0	0	0	0	0	0	0	0	0	4976	3452	1356	998	0	0	0	0	0	0	0	0	0	278	0	0	0	0	0	0	0	0	0	0	0	0	0	0	0	0	0	0	0	0	0	0	0	0	0	0	0	0	0	0	0	0	
316736	Frontal_Sup_Medial_L	94	0	38898	6936	3714	238	10362	264	0	0	370	294	4282	150	410	0	0	152	7922	1818	104	0	0	20560	2222	1750	336	0	7912	352	17086	12018	3164	7118	0	0	0	0	0	0	0	0	0	0	0	0	0	0	0	0	0	0	0	0	0	0	0	0	0	0	0	0	0	0	0	0	0	0	0	0	2444	1364	5394	256	140	0	244	0	0	0	0	0	0	0	0	0	0	0	0	0	0	0	0	0	0	0	0	0	0	0	0	0	0	0	0	0	0	0	0	0	0	0	0	0	0	0	
314520	Frontal_Sup_Medial_R	0	0	5238	34048	0	1062	628	2960	0	0	0	632	120	3524	0	2778	0	278	5128	11368	0	0	20560	0	154	5894	88	878	424	2958	5030	25282	416	14162	0	0	0	106	0	0	0	0	0	0	0	0	0	0	0	0	0	0	0	0	0	0	0	0	0	0	0	0	0	0	0	0	0	0	0	0	968	7220	106	5250	0	0	0	0	0	0	0	0	0	0	0	0	0	0	0	0	0	0	0	0	0	0	0	0	0	0	0	0	0	0	0	0	0	0	0	0	0	0	0	0	0	0	
27240	Frontal_Med_Orb_L	0	0	1202	0	3598	250	0	0	242	0	0	0	0	0	100	0	0	0	0	0	150	0	2222	154	0	1078	858	230	0	0	2700	260	0	0	0	0	0	0	0	0	0	0	0	0	0	0	0	0	0	0	0	0	0	0	0	0	0	0	0	0	0	0	0	0	0	0	0	0	0	0	186	0	390	0	0	0	0	0	0	0	0	0	0	0	0	0	0	0	0	0	0	0	0	0	0	0	0	0	0	0	0	0	0	0	0	0	0	0	0	0	0	0	0	0	0	0	
76932	Frontal_Med_Orb_R	0	0	154	1380	204	4948	0	460	0	0	0	0	0	964	0	834	0	0	164	344	150	716	1750	5894	1078	0	254	6110	0	352	2656	4196	0	170	0	0	0	0	0	0	0	0	0	0	0	0	0	0	0	0	0	0	0	0	0	0	0	0	0	0	0	0	0	0	0	0	0	0	0	0	172	1548	112	3856	0	0	0	0	0	0	0	0	0	0	0	0	0	0	0	0	0	0	0	0	0	0	0	0	0	0	0	0	0	0	0	0	0	0	0	0	0	0	0	0	0	0	
60488	Rectus_L	0	0	346	0	3570	0	0	0	1466	0	0	0	0	0	1038	0	0	0	0	0	5140	3832	336	88	858	254	0	1910	468	0	3142	1728	0	0	0	0	0	0	0	0	84	0	0	0	0	0	0	0	0	0	0	0	0	0	0	0	0	0	0	0	0	0	0	0	0	0	0	0	0	0	3300	1640	764	180	0	0	0	0	0	0	0	0	100	0	0	0	0	0	0	0	0	0	0	0	0	0	0	0	0	0	0	0	0	0	0	0	0	0	0	0	0	0	0	0	0	0	
74364	Rectus_R	0	0	0	0	0	6554	0	0	0	1598	0	0	0	440	0	1436	0	0	0	0	2340	4338	0	878	230	6110	1910	0	0	1694	1644	3102	0	0	0	0	0	0	0	0	0	0	0	0	0	0	0	0	0	0	0	0	0	0	0	0	0	0	0	0	0	0	0	0	0	0	0	0	0	0	1852	1468	460	1128	0	0	0	0	0	0	0	0	0	0	0	0	0	0	0	0	0	0	0	0	0	0	0	0	0	0	0	0	0	0	0	0	0	0	0	0	0	0	0	0	0	0	
529032	Insula_L	9614	692	36976	342	7424	0	13976	456	810	0	10658	232	19846	0	8438	0	16552	0	9148	152	2238	0	7912	424	0	0	468	0	0	74	3956	552	1298	0	258	136	13820	150	670	108	828	0	550	0	98	0	1032	0	0	0	3608	0	1576	0	6636	0	4502	136	0	0	104	0	416	0	506	0	886	0	0	0	10774	872	23290	536	1272	164	8302	224	7916	0	7568	0	2546	0	5416	0	0	0	6958	0	0	0	0	0	0	0	214	0	206	0	0	0	0	0	0	0	0	0	0	0	0	0	0	0	0	0	
397696	Insula_R	586	2140	940	20202	0	1924	566	7728	0	2178	0	25144	0	15808	0	11116	0	14176	4744	16038	0	2884	352	2958	0	352	0	1694	74	0	672	3268	0	2898	0	100	128	8674	0	2774	0	1614	0	0	0	0	0	0	0	0	0	0	0	0	0	2192	230	976	0	0	0	0	0	260	0	0	0	86	0	0	566	3250	0	20110	0	288	254	1196	0	3572	0	7020	0	3242	0	1560	0	0	0	2314	0	0	0	0	0	0	0	0	0	0	0	0	0	0	0	0	0	0	0	0	0	0	0	0	0	0	
251860	Cingulum_Ant_L	0	0	13470	3780	1942	434	2568	220	104	222	306	1016	2394	1114	480	228	0	0	8576	4524	2396	2338	17086	5030	2700	2656	3142	1644	3956	672	0	18020	4354	2992	0	0	0	90	0	0	0	0	0	0	0	0	0	0	0	0	0	0	0	0	0	0	0	0	0	0	0	0	0	0	0	0	0	0	0	0	4132	4868	6710	1618	0	0	148	0	0	0	0	0	0	0	0	0	0	0	0	0	0	0	0	0	0	0	0	0	0	0	0	0	0	0	0	0	0	0	0	0	0	0	0	0	0	0	
405320	Cingulum_Ant_R	104	78	3510	25692	0	256	320	2076	0	244	0	1906	82	3442	0	668	0	458	6894	21776	1704	2664	12018	25282	260	4196	1728	3102	552	3268	18020	0	2124	17814	0	0	0	1028	0	652	0	0	0	0	0	0	0	0	0	0	0	0	0	0	0	256	0	0	0	0	0	0	0	0	0	0	0	0	0	0	3462	21940	1896	12988	0	80	0	120	0	0	0	0	0	0	0	0	0	0	0	0	0	0	0	0	0	0	0	0	0	0	0	0	0	0	0	0	0	0	0	0	0	0	0	0	0	0	
139132	Cingulum_Mid_L	450	452	2212	1298	0	0	1356	0	0	0	0	0	1094	0	0	0	0	0	8182	5386	0	0	3164	416	0	0	0	0	1298	0	4354	2124	0	11314	3130	2480	0	0	0	0	0	0	638	0	656	0	0	0	604	0	2650	0	0	0	0	0	1312	0	708	0	828	0	0	0	254	0	6082	986	4288	1248	112	0	168	0	136	0	0	0	0	0	0	0	0	0	186	0	0	0	0	0	0	0	0	0	0	0	0	0	0	0	0	0	0	0	0	0	0	0	0	0	0	0	0	0	0	0	
498788	Cingulum_Mid_R	4336	13160	3016	14934	0	0	710	1566	0	0	0	2452	0	1900	0	200	0	856	17338	48100	0	0	7118	14162	0	170	0	0	0	2898	2992	17814	11314	0	3386	8236	0	960	0	302	0	0	0	1920	0	4804	0	182	0	4718	0	1798	0	278	0	950	0	3004	0	352	0	128	0	188	0	452	1506	15836	8444	18658	0	460	0	1500	0	0	0	0	0	0	0	142	0	154	0	3316	0	0	0	2684	0	0	0	0	0	0	0	0	0	0	0	0	0	0	0	0	0	0	0	0	0	0	0	0	0	0	
157440	Cingulum_Post_L	3018	1420	0	104	0	0	136	96	0	0	0	0	0	0	0	0	0	0	2088	1834	0	0	0	0	0	0	0	0	258	0	0	0	3130	3386	0	11514	5340	2204	2082	1296	0	0	3418	232	2922	512	1334	100	3290	114	1780	0	0	0	298	272	524	0	320	0	76	0	0	0	136	0	8834	3976	6256	1650	76	0	0	0	0	0	2702	510	286	0	0	0	0	0	688	138	0	0	136	234	0	0	0	0	0	0	0	0	0	0	0	0	0	0	0	0	0	0	0	0	0	0	0	0	0	0	
171264	Cingulum_Post_R	1814	3162	0	328	0	0	98	0	0	0	0	0	0	0	0	0	0	0	378	4650	0	0	0	0	0	0	0	0	136	100	0	0	2480	8236	11514	0	3008	6566	666	2650	0	0	84	1048	560	988	114	582	572	654	212	98	0	90	0	2712	102	90	108	0	0	0	0	0	0	98	2134	10514	1382	3728	330	0	142	0	0	0	5794	2192	0	0	0	98	0	0	94	1234	0	0	0	3906	0	0	0	0	0	0	0	0	0	0	0	0	0	0	0	0	0	0	0	0	186	0	0	0	0	0	
264792	Hippocampus_L	5794	1326	3230	352	0	0	1692	368	0	0	444	234	0	0	254	0	1638	0	884	170	536	0	0	0	0	0	0	0	13820	128	0	0	0	0	5340	3008	0	2906	15676	1582	6378	0	2174	0	0	0	3846	166	0	0	284	0	0	0	15468	264	890	390	0	0	0	0	0	0	100	0	3998	452	120	0	1384	368	7716	298	346	0	7758	1560	2046	0	2336	0	1996	0	2618	0	336	0	9072	0	160	0	0	0	0	0	218	0	272	0	0	0	0	0	0	0	0	0	0	0	0	0	0	0	0	0	
335928	Hippocampus_R	1352	7844	662	4214	0	0	398	1184	0	0	0	508	0	118	0	0	0	2586	1282	2498	0	0	0	106	0	0	0	0	150	8674	90	1028	0	960	2204	6566	2906	0	494	32238	0	7812	0	420	0	100	94	2912	0	136	0	0	0	294	0	24804	112	458	0	0	0	0	0	556	0	0	0	4442	546	224	668	664	0	15170	0	630	5078	8684	0	1716	0	3280	0	1808	0	840	0	192	0	6708	0	0	0	0	0	0	0	988	0	388	0	0	0	0	0	0	0	0	0	0	178	0	0	0	0	0	
102772	ParaHippocampal_L	602	154	168	0	0	0	274	0	0	0	0	0	0	0	0	0	90	0	78	0	490	0	0	0	0	0	0	0	670	0	0	0	0	0	2082	666	15676	494	0	156	1580	0	1920	0	0	0	4676	260	0	0	0	0	0	0	7688	0	76	0	0	0	0	0	0	0	0	0	3216	0	0	0	158	0	1240	0	0	0	2878	0	76	0	0	0	506	0	0	0	488	0	1002	0	822	0	0	0	110	0	1474	0	1404	0	0	0	0	0	0	0	0	0	0	212	0	0	0	0	0	0	
219448	ParaHippocampal_R	562	2142	318	2250	0	0	180	292	0	0	0	210	0	0	0	0	0	724	644	1186	0	0	0	0	0	0	0	0	108	2774	0	652	0	302	1296	2650	1582	32238	156	0	0	4840	0	368	0	0	0	3632	0	0	0	0	0	450	0	19206	84	164	0	0	0	0	0	186	0	0	0	2452	0	0	330	360	0	7704	0	462	2324	5270	0	508	0	1002	0	2016	0	180	0	1296	0	2398	0	276	0	0	0	244	0	2316	0	1260	0	0	0	0	0	0	0	0	0	0	130	0	0	0	0	0	
32764	Amygdala_L	0	0	0	0	184	0	0	0	0	0	0	0	0	0	442	0	0	0	0	0	1028	0	0	0	0	0	84	0	828	0	0	0	0	0	0	0	6378	0	1580	0	0	0	0	0	0	0	0	0	0	0	0	0	0	0	2908	0	0	0	0	0	0	0	0	0	0	0	0	0	0	0	0	0	340	0	0	0	0	0	0	0	0	0	1126	0	108	0	372	0	1004	0	0	0	0	0	0	0	0	0	0	0	0	0	0	0	0	0	0	0	0	0	0	0	0	0	0	0	
52540	Amygdala_R	0	0	104	130	0	0	0	0	0	0	0	0	0	0	0	0	0	0	146	128	0	322	0	0	0	0	0	0	0	1614	0	0	0	0	0	0	0	7812	0	4840	0	0	0	0	0	0	0	0	0	0	0	0	0	0	0	5472	0	0	0	0	0	0	0	0	0	0	0	0	0	0	0	0	0	2152	0	0	0	338	0	0	0	0	0	2140	0	0	0	658	0	414	0	0	0	0	0	0	0	0	0	0	0	0	0	0	0	0	0	0	0	0	0	0	0	0	0	0	
364300	Calcarine_L	874	0	0	0	0	0	86	0	0	0	102	0	0	0	0	0	308	0	538	0	0	0	0	0	0	0	0	0	550	0	0	0	638	0	3418	84	2174	0	1920	0	0	0	0	10194	20320	6862	21684	4304	11842	3202	35316	946	8460	196	6584	128	1004	0	462	0	882	0	366	0	870	0	22950	728	1796	0	0	0	0	0	0	0	0	0	156	0	440	0	0	0	8552	0	0	0	1132	0	318	0	0	0	0	0	322	0	1114	0	0	0	0	0	0	0	0	0	0	0	0	328	0	0	0	0	
256984	Calcarine_R	0	720	0	0	0	0	0	0	0	0	0	0	0	0	0	0	0	0	0	824	0	0	0	0	0	0	0	0	0	0	0	0	0	1920	232	1048	0	420	0	368	0	0	10194	0	2680	21732	5174	18518	0	17920	0	9630	0	4074	0	3378	0	90	0	0	0	0	0	118	0	0	2236	20124	0	1074	0	0	0	0	0	0	0	0	0	0	0	0	0	0	0	2288	0	0	0	3206	0	0	0	0	0	0	0	0	0	0	0	0	0	0	0	0	0	0	0	0	262	262	0	0	0	0	
211608	Cuneus_L	386	0	0	0	0	0	0	0	0	0	86	0	0	0	0	0	148	0	616	0	0	0	0	0	0	0	0	0	98	0	0	0	656	0	2922	560	0	0	0	0	0	0	20320	2680	0	5992	2886	140	18868	1786	14878	554	946	0	472	0	798	0	934	0	636	0	314	0	540	0	18388	2310	2122	0	0	0	0	0	0	0	0	0	0	0	264	0	0	0	4164	0	0	0	340	0	0	0	0	0	0	0	0	0	0	0	0	0	0	0	0	0	0	0	0	0	0	0	0	0	0	0	
313684	Cuneus_R	0	1214	0	0	0	0	0	0	0	0	0	0	0	0	0	0	0	124	0	772	0	0	0	0	0	0	0	0	0	0	0	0	0	4804	512	988	0	100	0	0	0	0	6862	21732	5992	0	2606	4186	920	35648	730	8984	0	1622	0	662	0	748	1294	3074	0	288	0	386	0	848	11804	31542	0	1852	0	0	0	0	0	0	0	0	0	0	0	300	0	0	0	4416	0	0	0	1832	0	0	0	0	0	0	0	0	0	0	0	0	0	0	0	0	0	0	0	0	0	0	0	0	0	0	
322908	Lingual_L	952	0	0	0	0	0	134	0	0	0	90	0	0	0	0	0	306	0	0	0	0	0	0	0	0	0	0	0	1032	0	0	0	0	0	1334	114	3846	94	4676	0	0	0	21684	5174	2886	2606	0	4250	4156	1732	26304	682	8314	106	19390	176	344	0	0	0	0	0	0	0	74	0	6730	178	436	0	0	0	0	0	0	0	1318	0	460	0	150	0	0	0	3026	0	0	0	232	0	5826	240	1554	0	164	0	8786	912	12390	1072	0	0	88	0	0	198	0	0	0	356	3270	2714	558	140	200	0	
343928	Lingual_R	0	160	0	0	0	0	0	0	0	0	0	0	0	0	0	0	0	0	0	0	0	0	0	0	0	0	0	0	0	0	0	0	0	182	100	582	166	2912	260	3632	0	0	4304	18518	140	4186	4250	0	0	7332	118	6152	174	7410	1134	26340	0	0	0	0	0	0	0	0	0	0	258	6026	0	0	0	0	0	0	0	0	0	396	0	0	0	0	0	0	0	418	0	0	0	542	3666	8640	658	582	0	224	1134	4246	7482	18716	220	358	2194	3498	1284	2428	436	566	0	180	2710	11730	2362	1494	1464	0	
218968	Occipital_Sup_L	242	0	0	0	0	0	0	0	0	0	0	0	0	0	0	0	0	0	470	0	0	0	0	0	0	0	0	0	0	0	0	0	604	0	3290	572	0	0	0	0	0	0	11842	0	18868	920	4156	0	0	206	32712	0	502	0	828	0	578	0	7270	0	952	0	128	0	628	0	18486	1594	2212	0	0	0	0	0	0	0	0	0	0	0	74	0	0	0	2234	0	0	0	116	0	0	0	0	0	0	0	0	0	0	0	0	0	0	0	0	0	0	0	0	0	0	0	0	0	0	0	
356532	Occipital_Sup_R	0	2236	0	0	0	0	0	0	0	0	0	0	0	0	0	0	0	184	0	868	0	0	0	0	0	0	0	0	0	0	0	0	0	4718	114	654	0	136	0	0	0	0	3202	17920	1786	35648	1732	7332	206	0	142	24000	0	3464	0	1322	0	4244	418	11124	0	1536	0	522	0	6016	7614	29274	0	3134	0	0	0	0	0	0	0	0	0	0	0	548	0	0	0	5464	0	0	0	2584	0	0	0	0	0	0	0	0	0	0	0	0	0	0	0	0	0	0	0	0	0	124	0	0	0	0	
661404	Occipital_Mid_L	10190	0	402	0	0	0	892	0	0	0	990	0	0	0	0	0	2144	0	1104	0	0	0	0	0	0	0	0	0	3608	0	0	0	2650	0	1780	212	284	0	0	0	0	0	35316	0	14878	730	26304	118	32712	142	0	0	19492	0	13004	0	10700	0	13846	0	23128	0	4412	0	25360	0	36518	1068	5568	0	0	0	0	0	0	0	0	0	1540	0	2864	0	0	0	32434	0	0	0	3682	0	584	0	116	0	0	0	154	0	1324	0	0	0	0	0	0	0	0	0	0	0	78	374	0	0	0	0	
245760	Occipital_Mid_R	0	1590	0	0	0	0	0	0	0	0	0	0	0	0	0	0	0	250	0	806	0	0	0	0	0	0	0	0	0	0	0	0	0	1798	0	98	0	0	0	0	0	0	946	9630	554	8984	682	6152	0	24000	0	0	0	8426	0	2822	0	1416	0	4834	0	4680	0	1202	0	19172	1616	7314	0	1424	0	0	0	0	0	0	0	0	0	0	0	1130	0	0	0	10648	0	0	0	2456	0	0	0	0	0	0	0	0	0	78	0	0	0	0	0	0	0	0	0	0	0	172	0	0	0	0	
153860	Occipital_Inf_L	1176	0	0	0	0	0	150	0	0	0	82	0	0	0	0	0	414	0	0	0	0	0	0	0	0	0	0	0	1576	0	0	0	0	0	0	0	0	0	0	0	0	0	8460	0	946	0	8314	174	502	0	19492	0	0	0	11562	0	344	0	0	0	218	0	954	0	354	0	2464	0	370	0	0	0	0	0	0	0	0	0	978	0	1024	0	0	0	6976	0	0	0	4026	0	1058	0	166	0	0	0	984	0	2904	190	0	0	0	0	0	0	0	0	0	0	314	758	0	0	0	0	
99036	Occipital_Inf_R	0	0	0	0	0	0	0	0	0	0	0	0	0	0	0	0	0	0	0	0	0	0	0	0	0	0	0	0	0	0	0	0	0	278	0	90	0	294	0	450	0	0	196	4074	0	1622	106	7410	0	3464	0	8426	0	0	0	8924	0	0	0	0	0	0	0	0	0	0	242	1824	0	0	0	0	0	0	0	0	0	0	0	0	0	0	0	0	0	1914	0	0	0	3122	386	504	0	94	0	0	0	82	516	2638	0	96	0	812	0	348	0	0	0	0	0	1268	258	0	80	0	
429712	Fusiform_L	2092	0	942	0	0	0	264	0	0	0	216	0	0	0	94	0	850	0	166	0	448	0	0	0	0	0	0	0	6636	0	0	0	0	0	298	0	15468	0	7688	0	2908	0	6584	0	472	0	19390	1134	828	0	13004	0	11562	0	0	402	462	0	118	0	138	0	470	0	90	0	2554	0	432	0	284	0	1506	0	0	0	504	0	1614	0	1602	0	2376	0	4698	0	2150	0	13296	0	23290	542	2698	80	554	80	15850	1118	33364	2180	422	0	1236	110	350	182	164	0	0	124	4436	3452	574	120	190	0	
499372	Fusiform_R	240	2006	186	906	0	0	80	454	0	0	0	258	0	0	0	186	0	770	404	1074	0	0	0	0	0	0	0	0	0	2192	0	256	0	950	272	2712	264	24804	0	19206	0	5472	128	3378	0	662	176	26340	0	1322	0	2822	0	8924	402	0	0	162	0	0	0	74	0	332	0	188	166	3886	100	500	116	106	0	4240	0	242	718	1856	0	896	0	3850	0	5152	0	2476	0	2480	0	19322	2654	21408	512	442	0	320	406	8804	5188	31266	226	350	2164	3498	1248	2408	414	576	0	110	1108	8350	1594	1486	1446	0	
278484	Postcentral_L	30088	2738	2856	1948	0	0	2148	316	0	0	1906	150	0	0	0	0	7864	256	1998	476	0	0	0	0	0	0	0	0	4502	230	0	0	1312	0	524	102	890	112	76	84	0	0	1004	0	798	0	344	0	578	0	10700	0	344	0	462	0	0	152	7304	0	18938	0	12286	124	3272	0	8976	0	2528	0	294	122	470	104	0	0	206	0	2954	84	4328	0	0	0	2076	0	0	0	218	0	0	0	0	0	0	0	0	0	0	0	0	0	0	0	0	0	0	0	0	0	0	0	0	0	0	0	
189452	Postcentral_R	416	16584	510	1536	0	0	232	922	0	132	0	3156	0	644	0	132	0	4234	996	2180	0	0	0	0	0	0	0	0	136	976	0	0	0	3004	0	90	390	458	0	164	0	0	0	90	0	748	0	0	0	4244	0	1416	0	0	0	162	152	0	0	8284	0	4100	0	13498	0	1012	134	10336	86	7684	256	528	706	582	292	0	308	266	0	0	0	616	0	0	0	1256	0	0	0	1078	0	0	0	0	0	0	0	0	0	0	0	0	0	0	0	0	0	0	0	0	0	0	0	0	0	0	
144568	Parietal_Sup_L	2894	0	0	0	0	0	0	0	0	0	0	0	0	0	0	0	0	0	0	0	0	0	0	0	0	0	0	0	0	0	0	0	708	0	320	108	0	0	0	0	0	0	462	0	934	1294	0	0	7270	418	13846	0	0	0	118	0	7304	0	0	182	11796	0	116	0	3270	0	17908	2506	406	0	0	0	0	0	0	0	0	0	0	0	0	0	0	0	424	0	0	0	0	0	0	0	0	0	0	0	0	0	0	0	0	0	0	0	0	0	0	0	0	0	0	0	0	0	0	0	
114264	Parietal_Sup_R	0	716	0	0	0	0	0	0	0	0	0	0	0	0	0	0	0	112	0	96	0	0	0	0	0	0	0	0	0	0	0	0	0	352	0	0	0	0	0	0	0	0	0	0	0	3074	0	0	0	11124	0	4834	0	0	0	0	0	8284	182	0	0	6854	0	1986	0	5406	834	11892	0	958	0	0	0	0	0	0	0	0	0	0	0	102	0	0	0	326	0	0	0	0	0	0	0	0	0	0	0	0	0	0	0	0	0	0	0	0	0	0	0	0	0	0	0	0	0	0	
241324	Parietal_Inf_L	6704	156	120	0	0	0	328	0	0	0	110	0	0	0	0	0	0	0	278	0	0	0	0	0	0	0	0	0	104	0	0	0	828	0	76	0	0	0	0	0	0	0	882	0	636	0	0	0	952	0	23128	0	218	0	138	0	18938	0	11796	0	0	0	12374	0	26918	0	7226	0	1664	0	124	0	0	0	0	0	0	0	0	0	824	0	0	0	4988	0	0	0	1152	0	0	0	0	0	0	0	0	0	0	0	0	0	0	0	0	0	0	0	0	0	0	0	0	0	0	0	
111004	Parietal_Inf_R	0	304	0	0	0	0	0	0	0	0	0	0	0	0	0	0	0	332	0	0	0	0	0	0	0	0	0	0	0	0	0	0	0	128	0	0	0	0	0	0	0	0	0	0	0	288	0	0	0	1536	0	4680	0	0	0	74	0	4100	0	6854	0	0	0	14920	0	12126	82	800	0	0	0	0	0	0	0	0	0	0	0	0	0	1056	0	0	0	6162	0	0	0	2060	0	0	0	0	0	0	0	0	0	0	0	0	0	0	0	0	0	0	0	0	0	0	0	0	0	0	
120484	SupraMarginal_L	850	0	390	0	0	0	196	0	0	0	370	0	0	0	0	0	1514	0	144	0	0	0	0	0	0	0	0	0	416	0	0	0	0	0	0	0	0	0	0	0	0	0	366	0	314	0	0	0	128	0	4412	0	954	0	470	0	12286	0	116	0	12374	0	0	0	5190	0	1690	0	0	0	0	0	0	0	0	0	0	0	94	0	6668	0	0	0	6648	0	0	0	4652	0	0	0	0	0	0	0	0	0	0	0	0	0	0	0	0	0	0	0	0	0	0	0	0	0	0	0	
142164	SupraMarginal_R	172	1554	0	0	0	0	0	158	0	0	0	1024	0	0	0	0	0	2688	0	76	0	0	0	0	0	0	0	0	0	260	0	0	0	188	0	0	0	556	0	186	0	0	0	118	0	386	0	0	0	522	0	1202	0	0	0	332	124	13498	0	1986	0	14920	0	0	0	8508	130	850	0	0	0	94	0	0	0	0	0	0	0	0	0	5620	0	0	0	10820	0	0	0	5110	0	0	0	0	0	0	0	0	0	0	0	0	0	0	0	0	0	0	0	0	0	0	0	0	0	0	
196260	Angular_L	5138	0	0	0	0	0	272	0	0	0	206	0	0	0	0	0	290	0	184	0	0	0	0	0	0	0	0	0	506	0	0	0	254	0	136	0	100	0	0	0	0	0	870	0	540	0	74	0	628	0	25360	0	354	0	90	0	3272	0	3270	0	26918	0	5190	0	0	0	4618	74	1750	0	0	0	0	0	0	0	0	0	194	0	3564	0	0	0	11142	0	0	0	3136	0	0	0	0	0	0	0	0	0	0	0	0	0	0	0	0	0	0	0	0	0	0	0	0	0	0	0	
144816	Angular_R	0	746	0	110	0	0	0	0	0	0	0	0	0	0	0	0	0	1066	100	348	0	0	0	0	0	0	0	0	0	0	0	0	0	452	0	98	0	0	0	0	0	0	0	0	0	848	0	0	0	6016	0	19172	0	0	0	188	0	1012	0	5406	0	12126	0	8508	0	0	286	1654	0	362	0	0	0	0	0	0	0	0	0	0	0	4432	0	0	0	8286	0	0	0	1192	0	0	0	0	0	0	0	0	0	0	0	0	0	0	0	0	0	0	0	0	0	0	0	0	0	0	
493176	Precuneus_L	5302	346	236	0	0	0	344	0	0	0	362	0	0	0	0	0	510	0	1882	210	0	0	0	0	0	0	0	0	886	0	0	0	6082	1506	8834	2134	3998	0	3216	0	0	0	22950	2236	18388	11804	6730	258	18486	7614	36518	1616	2464	242	2554	166	8976	134	17908	834	7226	82	1690	130	4618	286	0	18510	5868	828	0	0	0	0	0	0	348	0	192	0	508	166	0	0	6060	2456	0	0	676	768	0	0	0	0	0	0	228	0	222	0	0	0	0	0	0	0	0	0	0	0	0	0	0	0	0	0	
478088	Precuneus_R	424	6854	0	0	0	0	0	0	0	0	0	0	0	0	0	0	0	264	236	4808	0	0	0	0	0	0	0	0	0	86	0	0	986	15836	3976	10514	452	4442	0	2452	0	0	728	20124	2310	31542	178	6026	1594	29274	1068	7314	0	1824	0	3886	0	10336	2506	11892	0	800	0	850	74	1654	18510	0	562	14114	0	0	0	0	0	0	682	404	0	78	0	548	0	0	102	8800	0	0	0	8924	0	0	0	0	0	0	0	570	0	0	0	0	0	0	0	0	0	0	0	0	440	0	0	0	0	0	
177792	Paracentral_Lobule_L	8910	3456	1286	294	0	0	236	0	0	0	0	0	0	0	0	0	0	0	11022	9448	0	0	0	0	0	0	0	0	0	0	0	0	4288	8444	6256	1382	120	546	0	0	0	0	1796	0	2122	0	436	0	2212	0	5568	0	370	0	432	100	2528	86	406	0	1664	0	0	0	1750	0	5868	562	0	3972	166	90	208	0	232	0	764	0	0	0	0	0	0	0	1482	0	0	0	84	114	0	0	0	0	0	0	98	0	98	0	0	0	0	0	0	0	0	0	0	0	0	0	0	0	0	0	
199808	Paracentral_Lobule_R	1188	15128	140	0	0	0	170	0	0	0	0	0	0	0	0	0	0	0	1812	15372	0	0	0	0	0	0	0	0	0	0	0	0	1248	18658	1650	3728	0	224	0	0	0	0	0	1074	0	1852	0	0	0	3134	0	1424	0	0	0	500	0	7684	0	958	0	0	0	0	0	362	828	14114	3972	0	0	0	0	0	0	0	0	0	0	0	0	0	0	0	0	2846	0	0	0	1838	0	0	0	0	0	0	0	0	0	0	0	0	0	0	0	0	0	0	0	0	0	0	0	0	0	0	
268152	Caudate_L	7206	1528	9910	3112	608	0	8494	1374	0	468	520	1476	198	152	80	470	244	100	6036	2360	4718	4976	2444	968	186	172	3300	1852	10774	566	4132	3462	112	0	76	330	1384	668	158	330	0	0	0	0	0	0	0	0	0	0	0	0	0	0	284	116	294	256	0	0	124	0	0	0	0	0	0	0	166	0	0	8338	18284	2562	2500	826	14100	842	182	0	174	0	0	0	0	0	0	0	84	0	0	0	0	0	0	0	0	0	0	0	0	0	0	0	0	0	0	0	0	0	0	0	0	0	0	0	
356408	Caudate_R	1466	14310	1364	19564	0	644	680	4830	0	2274	84	4746	0	2146	0	2508	106	318	9938	16836	1794	3452	1364	7220	0	1548	1640	1468	872	3250	4868	21940	0	460	0	0	368	664	0	360	0	0	0	0	0	0	0	0	0	0	0	0	0	0	0	106	122	528	0	0	0	0	0	94	0	0	0	0	90	0	8338	0	2870	15694	80	1512	956	14658	74	0	0	0	0	0	0	0	0	0	0	0	0	0	0	0	0	0	0	0	0	0	0	0	0	0	0	0	0	0	0	0	0	0	0	0	0	0	
273960	Putamen_L	1342	2024	19430	630	3588	0	1052	556	436	0	984	250	424	0	2840	0	1280	0	8474	614	1156	1356	5394	106	390	112	764	460	23290	0	6710	1896	168	0	0	142	7716	0	1240	0	340	0	0	0	0	0	0	0	0	0	0	0	0	0	1506	0	470	706	0	0	0	0	0	0	0	0	0	0	208	0	18284	2870	0	534	6390	192	8486	208	374	0	746	0	392	0	0	0	0	0	450	0	0	0	0	0	0	0	0	0	0	0	0	0	0	0	0	0	0	0	0	0	0	0	0	0	0	0	
332140	Putamen_R	1100	1242	2030	16872	0	1390	1464	3114	0	1202	0	3276	0	2296	0	2512	74	2700	7990	14490	148	998	256	5250	0	3856	180	1128	536	20110	1618	12988	0	1500	0	0	298	15170	0	7704	0	2152	0	0	0	0	0	0	0	0	0	0	0	0	0	4240	104	582	0	0	0	0	0	0	0	0	0	0	0	0	2562	15694	534	0	0	2418	206	1752	0	156	0	678	0	808	0	0	0	0	0	566	0	0	0	0	0	0	0	0	0	126	0	0	0	0	0	0	0	0	0	0	0	0	0	0	0	0	
43604	Pallidum_L	500	702	3040	190	0	0	0	264	0	0	0	0	0	0	0	0	0	0	3422	188	0	0	140	0	0	0	0	0	1272	0	0	0	136	0	0	0	346	0	0	0	0	0	0	0	0	0	0	0	0	0	0	0	0	0	0	0	0	292	0	0	0	0	0	0	0	0	0	0	232	0	2500	80	6390	0	0	0	2108	0	0	0	0	0	0	0	0	0	0	0	0	0	0	0	0	0	0	0	0	0	0	0	0	0	0	0	0	0	0	0	0	0	0	0	0	0	0	0	
24696	Pallidum_R	556	142	248	1546	0	0	550	0	0	0	0	0	0	0	0	0	0	238	934	1210	0	0	0	0	0	0	0	0	164	288	0	80	0	0	0	0	0	630	0	462	0	0	0	0	0	0	0	0	0	0	0	0	0	0	0	242	0	0	0	0	0	0	0	0	0	0	0	0	0	0	826	1512	192	2418	0	0	0	110	0	0	0	0	0	0	0	0	0	0	0	0	0	0	0	0	0	0	0	0	0	0	0	0	0	0	0	0	0	0	0	0	0	0	0	0	0	0	
197500	Thalamus_L	10656	2810	1692	598	270	0	4872	312	0	0	0	172	0	0	0	0	252	122	1072	88	0	0	244	0	0	0	0	0	8302	254	148	0	0	0	2702	5794	7758	5078	2878	2324	0	0	0	0	0	0	1318	0	0	0	0	0	0	0	504	718	206	308	0	0	0	0	0	0	0	0	348	682	764	0	14100	956	8486	206	2108	0	0	9034	122	96	274	122	0	0	0	0	0	0	0	0	0	0	0	0	0	0	0	0	0	0	0	0	0	0	0	0	0	0	0	0	0	0	0	0	0	0	
167064	Thalamus_R	1748	21160	1070	3020	0	0	448	2164	0	0	0	2146	0	0	0	0	0	232	806	158	0	0	0	0	0	0	0	0	224	1196	0	120	0	0	510	2192	1560	8684	0	5270	0	338	0	0	0	0	0	396	0	0	0	0	0	0	0	1856	0	266	0	0	0	0	0	0	0	0	0	404	0	0	842	14658	208	1752	0	110	9034	0	76	334	0	456	0	0	0	94	0	0	0	0	0	0	0	0	0	0	0	0	0	0	0	0	0	0	0	0	0	0	0	0	0	0	0	0	0	0	
76912	Heschl_L	2414	306	882	0	0	0	958	238	0	0	894	0	88	0	0	0	4580	0	130	0	0	0	0	0	0	0	0	0	7916	0	0	0	0	0	286	0	2046	0	76	0	0	0	156	0	0	0	460	0	0	0	1540	0	978	0	1614	0	2954	0	0	0	0	0	94	0	194	0	192	0	0	0	182	74	374	0	0	0	122	76	0	0	3364	0	0	0	2722	0	0	0	2546	0	0	0	0	0	0	0	0	0	0	0	0	0	0	0	0	0	0	0	0	0	0	0	0	0	0	0	
35056	Heschl_R	158	0	0	360	0	0	0	0	0	0	0	122	0	0	0	0	0	2974	0	362	0	0	0	0	0	0	0	0	0	3572	0	0	0	0	0	0	0	1716	0	508	0	0	0	0	0	0	0	0	0	0	0	0	0	0	0	896	84	0	0	0	0	0	0	0	0	0	0	78	0	0	0	0	0	156	0	0	96	334	0	0	0	4772	0	178	0	600	0	0	0	562	0	0	0	0	0	0	0	0	0	0	0	0	0	0	0	0	0	0	0	0	0	0	0	0	0	0	
212492	Temporal_Sup_L	1624	0	1108	0	0	0	404	0	0	0	2064	0	994	0	0	0	9584	0	94	0	0	0	0	0	0	0	0	0	7568	0	0	0	0	0	0	0	2336	0	0	0	0	0	440	0	264	0	150	0	74	0	2864	0	1024	0	1602	0	4328	0	0	0	824	0	6668	0	3564	0	508	0	0	0	174	0	746	0	0	0	274	0	3364	0	0	0	4440	0	30786	0	0	0	18376	0	0	0	0	0	0	0	0	0	0	0	0	0	0	0	0	0	0	0	0	0	0	0	0	0	0	0	
148160	Temporal_Sup_R	0	226	0	114	0	0	0	74	0	0	0	382	0	214	0	1358	0	4772	0	198	0	0	0	0	0	0	0	0	0	7020	0	0	0	142	0	98	0	3280	0	1002	0	0	0	0	0	300	0	0	0	548	0	1130	0	0	0	3850	0	616	0	102	0	1056	0	5620	0	4432	166	548	0	0	0	0	0	678	0	0	122	456	0	4772	0	0	0	3102	0	18124	0	212	0	9366	0	0	0	0	0	0	0	0	0	0	0	0	0	0	0	0	0	0	0	0	0	0	0	0	0	0	
72916	Temporal_Pole_Sup_L	0	0	338	0	250	0	0	0	0	0	1650	0	1182	0	606	0	1750	0	0	0	288	0	0	0	0	0	100	0	2546	0	0	0	0	0	0	0	1996	0	506	0	1126	0	0	0	0	0	0	0	0	0	0	0	0	0	2376	0	0	0	0	0	0	0	0	0	0	0	0	0	0	0	0	0	392	0	0	0	0	0	0	0	4440	0	0	0	7328	0	3256	0	6328	0	0	0	0	0	0	0	0	0	0	0	0	0	0	0	0	0	0	0	0	0	0	0	0	0	0	0	
85764	Temporal_Pole_Sup_R	0	0	0	1130	0	118	0	0	0	0	0	1908	0	332	0	2000	0	1756	284	1316	0	278	0	0	0	0	0	0	0	3242	0	0	0	154	0	0	0	1808	0	2016	0	2140	0	0	0	0	0	0	0	0	0	0	0	0	0	5152	0	0	0	0	0	0	0	0	0	0	0	0	0	0	0	0	0	808	0	0	0	0	0	178	0	3102	0	0	0	3082	0	5200	0	6878	0	0	0	0	0	0	0	0	0	0	0	0	0	0	0	0	0	0	0	0	0	0	0	0	0	0	
395116	Temporal_Mid_L	4244	0	152	0	0	0	1006	0	0	0	880	0	0	0	0	0	3512	0	210	0	0	0	0	0	0	0	0	0	5416	0	0	0	186	0	688	94	2618	0	0	0	108	0	8552	0	4164	0	3026	0	2234	0	32434	0	6976	0	4698	0	2076	0	424	0	4988	0	6648	0	11142	0	6060	102	1482	0	0	0	0	0	0	0	0	0	2722	0	30786	0	7328	0	0	0	3050	0	39552	0	0	0	0	0	0	0	0	0	0	0	0	0	0	0	0	0	0	0	0	0	0	0	0	0	0	0	
285396	Temporal_Mid_R	0	3772	0	274	0	0	0	212	0	0	0	0	0	0	0	586	0	1362	276	2328	0	0	0	0	0	0	0	0	0	1560	0	0	0	3316	138	1234	0	840	0	180	0	0	0	2288	0	4416	0	418	0	5464	0	10648	0	1914	0	2476	0	1256	0	326	0	6162	0	10820	0	8286	2456	8800	0	2846	0	0	0	0	0	0	0	94	0	600	0	18124	0	3082	0	0	0	1714	0	34430	0	0	0	0	0	0	0	0	0	0	0	0	0	0	0	0	0	0	0	0	0	0	0	0	0	0	
26308	Temporal_Pole_Mid_L	0	0	0	0	0	0	0	0	0	0	0	0	0	0	0	0	0	0	0	0	0	0	0	0	0	0	0	0	0	0	0	0	0	0	0	0	336	0	488	0	372	0	0	0	0	0	0	0	0	0	0	0	0	0	2150	0	0	0	0	0	0	0	0	0	0	0	0	0	0	0	0	0	0	0	0	0	0	0	0	0	0	0	3256	0	3050	0	0	0	3502	0	0	0	0	0	0	0	0	0	0	0	0	0	0	0	0	0	0	0	0	0	0	0	0	0	0	0	
30840	Temporal_Pole_Mid_R	0	0	0	0	0	0	0	0	0	0	0	0	0	0	0	188	0	0	0	0	0	0	0	0	0	0	0	0	0	0	0	0	0	0	0	0	0	192	0	1296	0	658	0	0	0	0	0	0	0	0	0	0	0	0	0	2480	0	0	0	0	0	0	0	0	0	0	0	0	0	0	0	0	0	0	0	0	0	0	0	0	0	212	0	5200	0	1714	0	0	0	3480	0	0	0	0	0	0	0	0	0	0	0	0	0	0	0	0	0	0	0	0	0	0	0	0	0	0	
270484	Temporal_Inf_L	1092	0	366	0	0	0	408	0	0	0	230	0	0	0	0	0	2294	0	98	0	0	0	0	0	0	0	0	0	6958	0	0	0	0	0	136	0	9072	0	1002	0	1004	0	1132	0	340	0	232	0	116	0	3682	0	4026	0	13296	0	218	0	0	0	1152	0	4652	0	3136	0	676	0	84	0	84	0	450	0	0	0	0	0	2546	0	18376	0	6328	0	39552	0	3502	0	0	0	3932	0	1350	0	0	0	246	0	1074	0	1016	0	1260	0	124	0	0	0	0	0	0	0	0	0	0	0	
284648	Temporal_Inf_R	98	3354	0	178	0	0	0	688	0	0	0	322	0	0	0	272	0	1074	208	2236	0	0	0	0	0	0	0	0	0	2314	0	0	0	2684	234	3906	0	6708	0	2398	0	414	0	3206	0	1832	0	542	0	2584	0	2456	0	3122	0	19322	0	1078	0	0	0	2060	0	5110	0	1192	768	8924	114	1838	0	0	0	566	0	0	0	0	0	562	0	9366	0	6878	0	34430	0	3480	0	0	0	3514	0	144	0	0	0	332	0	1058	0	106	0	652	0	0	0	0	0	0	0	0	0	0	0	0	
489836	Cerebelum_Crus1_L	0	0	0	0	0	0	0	0	0	0	0	0	0	0	0	0	0	0	0	0	0	0	0	0	0	0	0	0	0	0	0	0	0	0	0	0	160	0	822	0	0	0	318	0	0	0	5826	3666	0	0	584	0	1058	386	23290	2654	0	0	0	0	0	0	0	0	0	0	0	0	0	0	0	0	0	0	0	0	0	0	0	0	0	0	0	0	0	0	0	0	3932	0	0	2704	35530	5330	952	766	18554	1690	53694	6820	12232	2820	20218	4130	5228	414	3274	0	824	1790	8242	6506	8122	1552	712	118	
428084	Cerebelum_Crus1_R	0	0	0	0	0	0	0	0	0	0	0	0	0	0	0	0	0	0	0	0	0	0	0	0	0	0	0	0	0	0	0	0	0	0	0	0	0	0	0	276	0	0	0	0	0	0	240	8640	0	0	0	0	0	504	542	21408	0	0	0	0	0	0	0	0	0	0	0	0	0	0	0	0	0	0	0	0	0	0	0	0	0	0	0	0	0	0	0	0	0	3514	2704	0	2046	25060	0	1858	1656	13992	4546	54124	952	3294	3230	25656	1442	10598	206	1188	0	1146	2984	7710	8136	3632	2758	0	
479996	Cerebelum_Crus2_L	0	0	0	0	0	0	0	0	0	0	0	0	0	0	0	0	0	0	0	0	0	0	0	0	0	0	0	0	0	0	0	0	0	0	0	0	0	0	0	0	0	0	0	0	0	0	1554	658	0	0	116	0	166	0	2698	512	0	0	0	0	0	0	0	0	0	0	0	0	0	0	0	0	0	0	0	0	0	0	0	0	0	0	0	0	0	0	0	0	1350	0	35530	2046	0	14908	454	532	4558	838	9632	2208	49064	11116	44190	9400	10260	1362	5008	0	538	1162	3220	1528	15086	8990	1314	0	
332580	Cerebelum_Crus2_R	0	0	0	0	0	0	0	0	0	0	0	0	0	0	0	0	0	0	0	0	0	0	0	0	0	0	0	0	0	0	0	0	0	0	0	0	0	0	0	0	0	0	0	0	0	0	0	582	0	0	0	0	0	94	80	442	0	0	0	0	0	0	0	0	0	0	0	0	0	0	0	0	0	0	0	0	0	0	0	0	0	0	0	0	0	0	0	0	0	144	5330	25060	14908	0	0	84	160	222	370	3520	7912	28294	6028	42500	696	8320	108	0	0	0	162	448	14860	5532	434	0	
33140	Cerebelum_3_L	0	0	0	0	0	0	0	0	0	0	0	0	0	0	0	0	0	0	0	0	0	0	0	0	0	0	0	0	0	0	0	0	0	0	0	0	0	0	110	0	0	0	0	0	0	0	164	0	0	0	0	0	0	0	554	0	0	0	0	0	0	0	0	0	0	0	0	0	0	0	0	0	0	0	0	0	0	0	0	0	0	0	0	0	0	0	0	0	0	0	952	0	454	0	0	0	6214	0	2682	0	144	0	108	0	298	0	0	0	1048	2304	1384	80	0	0	0	74	
46012	Cerebelum_3_R	0	0	0	0	0	0	0	0	0	0	0	0	0	0	0	0	0	0	0	0	0	0	0	0	0	0	0	0	0	0	0	0	0	0	0	0	0	0	0	244	0	0	0	0	0	0	0	224	0	0	0	0	0	0	80	320	0	0	0	0	0	0	0	0	0	0	0	0	0	0	0	0	0	0	0	0	0	0	0	0	0	0	0	0	0	0	0	0	0	0	766	1858	532	84	0	0	1074	4700	1004	4772	0	0	0	408	0	542	0	0	534	3378	1686	506	0	74	220	0	
328660	Cerebelum_4_5_L	306	0	0	0	0	0	0	0	0	0	0	0	0	0	0	0	0	0	0	0	0	0	0	0	0	0	0	0	214	0	0	0	0	0	0	0	218	0	1474	0	0	0	322	0	0	0	8786	1134	0	0	154	0	984	0	15850	406	0	0	0	0	0	0	0	0	0	0	228	0	98	0	0	0	0	0	0	0	0	0	0	0	0	0	0	0	0	0	0	0	246	0	18554	1656	4558	160	6214	1074	0	4290	41670	5468	1534	0	1338	432	4842	1806	1904	492	1230	3528	23018	6000	318	922	1892	1010	
181668	Cerebelum_4_5_R	0	0	0	0	0	0	0	0	0	0	0	0	0	0	0	0	0	0	0	0	0	0	0	0	0	0	0	0	0	0	0	0	0	0	0	0	0	988	0	2316	0	0	0	0	0	0	912	4246	0	0	0	0	0	82	1118	8804	0	0	0	0	0	0	0	0	0	0	0	570	0	0	0	0	0	0	0	0	0	0	0	0	0	0	0	0	0	0	0	0	0	332	1690	13992	838	222	0	4700	4290	0	3894	25330	0	84	112	432	184	1094	0	234	74	1262	9642	1618	206	496	750	322	
536144	Cerebelum_6_L	306	0	0	0	0	0	0	0	0	0	0	0	0	0	0	0	0	0	0	0	0	0	0	0	0	0	0	0	206	0	0	0	0	0	0	0	272	0	1404	0	0	0	1114	0	0	0	12390	7482	0	0	1324	0	2904	516	33364	5188	0	0	0	0	0	0	0	0	0	0	222	0	98	0	0	0	0	0	0	0	0	0	0	0	0	0	0	0	0	0	0	0	1074	0	53694	4546	9632	370	2682	1004	41670	3894	0	12196	3606	0	8632	964	5652	1814	2718	484	1060	2342	20906	16766	2200	1250	1742	384	
487972	Cerebelum_6_R	0	0	0	0	0	0	0	0	0	0	0	0	0	0	0	0	0	0	0	0	0	0	0	0	0	0	0	0	0	0	0	0	0	0	0	0	0	388	0	1260	0	0	0	0	0	0	1072	18716	0	0	0	78	190	2638	2180	31266	0	0	0	0	0	0	0	0	0	0	0	0	0	0	0	0	0	126	0	0	0	0	0	0	0	0	0	0	0	0	0	0	0	1058	6820	54124	2208	3520	0	4772	5468	25330	12196	0	508	1198	2836	9680	1840	7106	570	1986	212	2212	10434	16694	7312	3608	4092	288	
351324	Cerebelum_7b_L	0	0	0	0	0	0	0	0	0	0	0	0	0	0	0	0	0	0	0	0	0	0	0	0	0	0	0	0	0	0	0	0	0	0	0	0	0	0	0	0	0	0	0	0	0	0	0	220	0	0	0	0	0	0	422	226	0	0	0	0	0	0	0	0	0	0	0	0	0	0	0	0	0	0	0	0	0	0	0	0	0	0	0	0	0	0	0	0	1016	0	12232	952	49064	7912	144	0	1534	0	3606	508	0	7030	44256	8230	9668	1522	3810	86	0	0	1252	1354	9662	9808	1148	0	
208992	Cerebelum_7b_R	0	0	0	0	0	0	0	0	0	0	0	0	0	0	0	0	0	0	0	0	0	0	0	0	0	0	0	0	0	0	0	0	0	0	0	0	0	0	0	0	0	0	0	0	0	0	0	358	0	0	0	0	0	96	0	350	0	0	0	0	0	0	0	0	0	0	0	0	0	0	0	0	0	0	0	0	0	0	0	0	0	0	0	0	0	0	0	0	0	106	2820	3294	11116	28294	0	0	0	84	0	1198	7030	0	3466	28206	0	3566	0	0	0	0	0	0	9012	5500	0	0	
434776	Cerebelum_8_L	0	0	0	0	0	0	0	0	0	0	0	0	0	0	0	0	0	0	0	0	0	0	0	0	0	0	0	0	0	0	0	0	0	0	0	0	0	0	0	0	0	0	0	0	0	0	88	2194	0	0	0	0	0	0	1236	2164	0	0	0	0	0	0	0	0	0	0	0	0	0	0	0	0	0	0	0	0	0	0	0	0	0	0	0	0	0	0	0	0	1260	0	20218	3230	44190	6028	108	0	1338	112	8632	2836	44256	3466	0	10992	24966	3538	8016	94	0	0	974	3552	8142	12966	2792	0	
412236	Cerebelum_8_R	0	0	0	0	0	0	0	0	0	0	0	0	0	0	0	0	0	0	0	0	0	0	0	0	0	0	0	0	0	0	0	0	0	0	0	0	0	0	0	0	0	0	0	0	0	0	0	3498	0	0	0	0	0	812	110	3498	0	0	0	0	0	0	0	0	0	0	0	0	0	0	0	0	0	0	0	0	0	0	0	0	0	0	0	0	0	0	0	0	0	652	4130	25656	9400	42500	0	408	432	432	964	9680	8230	28206	10992	0	1566	26394	182	734	0	358	632	1432	9684	12708	2668	160	
194664	Cerebelum_9_L	0	0	0	0	0	0	0	0	0	0	0	0	0	0	0	0	0	0	0	0	0	0	0	0	0	0	0	0	0	0	0	0	0	0	0	0	0	0	0	0	0	0	0	0	0	0	0	1284	0	0	0	0	0	0	350	1248	0	0	0	0	0	0	0	0	0	0	0	0	0	0	0	0	0	0	0	0	0	0	0	0	0	0	0	0	0	0	0	0	124	0	5228	1442	10260	696	298	0	4842	184	5652	1840	9668	0	24966	1566	0	2250	11012	302	0	0	4124	3466	1480	2646	2060	344	
209740	Cerebelum_9_R	0	0	0	0	0	0	0	0	0	0	0	0	0	0	0	0	0	0	0	0	0	0	0	0	0	0	0	0	0	0	0	0	0	0	0	0	0	0	0	0	0	0	0	0	0	0	198	2428	0	0	0	0	0	348	182	2408	0	0	0	0	0	0	0	0	0	0	0	0	0	0	0	0	0	0	0	0	0	0	0	0	0	0	0	0	0	0	0	0	0	0	414	10598	1362	8320	0	542	1806	1094	1814	7106	1522	3566	3538	26394	2250	0	310	3084	190	532	3820	4992	1460	6002	6916	1674	
83876	Cerebelum_10_L	0	0	0	0	0	0	0	0	0	0	0	0	0	0	0	0	0	0	0	0	0	0	0	0	0	0	0	0	0	0	0	0	0	0	0	0	0	0	0	0	0	0	0	0	0	0	0	436	0	0	0	0	0	0	164	414	0	0	0	0	0	0	0	0	0	0	0	0	0	0	0	0	0	0	0	0	0	0	0	0	0	0	0	0	0	0	0	0	0	0	3274	206	5008	108	0	0	1904	0	2718	570	3810	0	8016	182	11012	310	0	134	0	0	1562	1284	200	294	332	0	
30204	Cerebelum_10_R	0	0	0	0	0	0	0	0	0	0	0	0	0	0	0	0	0	0	0	0	0	0	0	0	0	0	0	0	0	0	0	0	0	0	0	0	0	0	0	0	0	0	0	0	0	0	0	566	0	0	0	0	0	0	0	576	0	0	0	0	0	0	0	0	0	0	0	0	0	0	0	0	0	0	0	0	0	0	0	0	0	0	0	0	0	0	0	0	0	0	0	1188	0	0	0	0	492	234	484	1986	86	0	94	734	302	3084	134	0	0	0	714	1066	138	1290	1808	126	
24676	Vermis_1_2	0	0	0	0	0	0	0	0	0	0	0	0	0	0	0	0	0	0	0	0	0	0	0	0	0	0	0	0	0	0	0	0	0	0	0	0	0	0	0	0	0	0	0	0	0	0	0	0	0	0	0	0	0	0	0	0	0	0	0	0	0	0	0	0	0	0	0	0	0	0	0	0	0	0	0	0	0	0	0	0	0	0	0	0	0	0	0	0	0	0	824	0	538	0	1048	534	1230	74	1060	212	0	0	0	0	0	190	0	0	0	4658	1628	222	0	0	120	0	
60480	Vermis_3	0	0	0	0	0	0	0	0	0	0	0	0	0	0	0	0	0	0	0	0	0	0	0	0	0	0	0	0	0	0	0	0	0	0	0	0	0	0	212	0	0	0	0	0	0	0	356	180	0	0	0	0	0	0	124	110	0	0	0	0	0	0	0	0	0	0	0	0	0	0	0	0	0	0	0	0	0	0	0	0	0	0	0	0	0	0	0	0	0	0	1790	1146	1162	0	2304	3378	3528	1262	2342	2212	0	0	0	358	0	532	0	0	4658	0	3608	552	0	82	256	88	
258920	Vermis_4_5	0	0	0	0	0	0	0	0	0	0	0	0	0	0	0	0	0	0	0	0	0	0	0	0	0	0	0	0	0	0	0	0	0	0	0	186	0	178	0	130	0	0	0	262	0	0	3270	2710	0	0	78	0	314	0	4436	1108	0	0	0	0	0	0	0	0	0	0	0	440	0	0	0	0	0	0	0	0	0	0	0	0	0	0	0	0	0	0	0	0	0	0	8242	2984	3220	162	1384	1686	23018	9642	20906	10434	1252	0	974	632	4124	3820	1562	714	1628	3608	0	9836	244	1186	2888	2202	
