data	data	486096	257332	938932	596564	165436	120212	521736	228548	54020	46368	277604	184448	216232	135628	136436	116348	299240	185952	710764	812264	64468	70496	312700	269456	33336	83060	56460	68928	608296	366864	323376	470300	147620	516860	221836	169256	252532	297516	104892	196724	23560	41340	268000	341964	177468	227236	268188	343248	200356	237240	429808	190848	237568	110972	422940	582116	278160	171020	139244	65820	280524	67972	127240	84932	164452	116540	289644	388688	360632	213388	278960	426704	370068	314856	79336	20324	125672	219516	83572	40156	220960	113796	126464	112124	311940	184924	41088	39236	336088	226616	449676	414948	390860	283188	51872	61504	266664	233120	409028	409652	290452	215764	342416	288092	124608	103988	41456	9900	31972	69152	216432	135504	198576	129632	84404	39312	
data	data	Precentral_L	Precentral_R	Frontal_Sup_L	Frontal_Sup_R	Frontal_Sup_Orb_L	Frontal_Sup_Orb_R	Frontal_Mid_L	Frontal_Mid_R	Frontal_Mid_Orb_L	Frontal_Mid_Orb_R	Frontal_Inf_Oper_L	Frontal_Inf_Oper_R	Frontal_Inf_Tri_L	Frontal_Inf_Tri_R	Frontal_Inf_Orb_L	Frontal_Inf_Orb_R	Rolandic_Oper_L	Rolandic_Oper_R	Supp_Motor_Area_L	Supp_Motor_Area_R	Olfactory_L	Olfactory_R	Frontal_Sup_Medial_L	Frontal_Sup_Medial_R	Frontal_Med_Orb_L	Frontal_Med_Orb_R	Rectus_L	Rectus_R	Insula_L	Insula_R	Cingulum_Ant_L	Cingulum_Ant_R	Cingulum_Mid_L	Cingulum_Mid_R	Cingulum_Post_L	Cingulum_Post_R	Hippocampus_L	Hippocampus_R	ParaHippocampal_L	ParaHippocampal_R	Amygdala_L	Amygdala_R	Calcarine_L	Calcarine_R	Cuneus_L	Cuneus_R	Lingual_L	Lingual_R	Occipital_Sup_L	Occipital_Sup_R	Occipital_Mid_L	Occipital_Mid_R	Occipital_Inf_L	Occipital_Inf_R	Fusiform_L	Fusiform_R	Postcentral_L	Postcentral_R	Parietal_Sup_L	Parietal_Sup_R	Parietal_Inf_L	Parietal_Inf_R	SupraMarginal_L	SupraMarginal_R	Angular_L	Angular_R	Precuneus_L	Precuneus_R	Paracentral_Lobule_L	Paracentral_Lobule_R	Caudate_L	Caudate_R	Putamen_L	Putamen_R	Pallidum_L	Pallidum_R	Thalamus_L	Thalamus_R	Heschl_L	Heschl_R	Temporal_Sup_L	Temporal_Sup_R	Temporal_Pole_Sup_L	Temporal_Pole_Sup_R	Temporal_Mid_L	Temporal_Mid_R	Temporal_Pole_Mid_L	Temporal_Pole_Mid_R	Temporal_Inf_L	Temporal_Inf_R	Cerebelum_Crus1_L	Cerebelum_Crus1_R	Cerebelum_Crus2_L	Cerebelum_Crus2_R	Cerebelum_3_L	Cerebelum_3_R	Cerebelum_4_5_L	Cerebelum_4_5_R	Cerebelum_6_L	Cerebelum_6_R	Cerebelum_7b_L	Cerebelum_7b_R	Cerebelum_8_L	Cerebelum_8_R	Cerebelum_9_L	Cerebelum_9_R	Cerebelum_10_L	Cerebelum_10_R	Vermis_1_2	Vermis_3	Vermis_4_5	Vermis_6	Vermis_7	Vermis_8	Vermis_9	Vermis_10	
486096	Precentral_L	0	5538	28224	334	0	0	26506	1000	0	0	11608	0	710	0	0	0	13552	340	9406	5750	0	0	0	0	0	0	0	0	11070	108	118	0	518	1450	3646	728	9290	384	884	0	0	0	170	0	170	0	0	0	172	0	2084	0	3112	0	2736	0	28286	1444	600	0	3052	0	2944	0	742	0	708	284	21376	4906	3068	310	10242	136	3104	196	2094	536	4076	0	7100	0	1512	0	2292	0	0	0	4432	0	0	0	0	0	0	0	0	0	0	0	0	0	0	0	0	0	0	0	0	0	0	0	0	0	0	0	
257332	Precentral_R	5538	0	1038	2186	178	0	142	15894	0	0	156	8698	0	0	116	0	198	2592	1896	7170	0	0	0	446	0	0	0	0	2320	3646	200	550	386	2756	1274	1764	560	8050	78	1458	0	0	0	96	0	0	0	0	0	0	0	72	0	136	170	2184	1042	11968	0	0	148	474	148	1668	0	0	98	366	4614	9352	3356	3540	1936	2654	154	118	508	11124	334	278	104	386	0	810	0	512	0	0	252	774	0	0	0	0	0	0	0	0	0	0	0	0	0	0	0	0	0	0	0	0	0	0	0	0	0	0	
938932	Frontal_Sup_L	28224	1038	0	6464	15288	0	67008	1048	2338	0	21906	156	16640	0	9740	0	23196	412	69140	17178	174	0	40154	1350	1520	94	2210	0	41032	240	18226	1914	5866	2808	0	0	4614	116	96	0	0	0	0	0	0	0	0	0	0	0	0	0	0	0	498	0	7894	0	0	0	290	0	618	0	0	0	0	0	5286	0	10038	1148	21164	182	5612	208	1862	0	2348	0	7530	0	4160	0	0	0	0	0	438	0	0	0	0	0	0	0	0	0	0	0	0	0	0	0	0	0	0	0	0	0	0	0	0	0	0	0	
596564	Frontal_Sup_R	334	2186	6464	0	448	5026	542	20990	0	1378	2894	4474	498	6028	194	4028	1052	8796	18888	50060	72	230	8502	31906	0	1626	88	848	4398	11590	4826	33864	1914	23802	192	0	294	1082	0	150	0	0	0	0	0	0	0	0	0	0	0	0	0	0	138	190	174	768	0	0	0	0	0	0	0	0	0	0	812	254	5144	11964	3870	10070	74	776	112	1852	0	298	120	88	630	1284	0	0	0	0	0	0	0	0	0	0	0	0	0	0	0	0	0	0	0	0	0	0	0	0	0	0	0	0	0	0	0	0	
165436	Frontal_Sup_Orb_L	0	178	15288	448	0	0	1540	160	9098	0	252	0	708	0	11028	0	0	0	706	530	1180	202	7092	0	4686	104	6848	106	8344	0	3636	324	0	0	0	0	90	0	0	0	0	0	0	0	0	0	0	0	0	0	0	0	0	0	0	0	0	0	0	0	0	0	0	0	0	0	0	0	0	0	2974	452	6384	0	0	0	0	0	0	0	0	0	360	0	0	0	0	0	0	0	0	0	0	0	0	0	0	0	0	0	0	0	0	0	0	0	0	0	0	0	0	0	0	0	0	0	
120212	Frontal_Sup_Orb_R	0	0	0	5026	0	0	0	826	0	6174	0	0	0	180	86	3162	0	0	0	0	296	1106	166	5638	0	9248	438	8356	84	752	672	6044	0	0	0	0	0	0	0	0	0	0	0	0	0	0	0	0	0	0	0	0	0	0	0	0	0	0	0	0	0	0	0	0	0	0	0	0	0	0	276	6300	0	5276	0	0	0	0	0	0	0	0	0	0	0	0	0	0	0	0	0	0	0	0	0	0	0	0	0	0	0	0	0	0	0	0	0	0	0	0	0	0	0	0	0	0	
521736	Frontal_Mid_L	26506	142	67008	542	1540	0	0	96	2618	0	12528	0	32804	0	8864	0	6868	92	16708	4820	0	0	18250	0	0	0	436	0	22074	0	8966	154	1696	1118	0	0	2666	0	108	0	0	0	0	0	0	0	0	0	0	0	0	0	0	0	428	0	1992	0	0	0	188	0	708	0	0	0	0	0	1064	0	3664	0	7468	104	1594	82	1196	0	336	0	3434	0	1838	0	0	0	0	0	168	0	0	0	0	0	0	0	0	0	0	0	0	0	0	0	0	0	0	0	0	0	0	0	0	0	0	0	
228548	Frontal_Mid_R	1000	15894	1048	20990	160	826	96	0	0	936	268	10976	0	10496	88	2768	172	3362	2786	6258	0	0	734	2358	0	168	0	136	1976	7762	512	4068	342	2936	0	0	206	620	0	188	0	0	0	0	0	0	0	0	0	0	0	0	0	0	108	214	836	694	0	0	0	0	0	0	0	0	0	0	0	106	3318	1480	1748	2230	74	228	82	354	188	104	0	0	0	2050	0	0	0	0	180	150	0	0	0	0	0	0	0	0	0	0	0	0	0	0	0	0	0	0	0	0	0	0	0	0	0	0	
54020	Frontal_Mid_Orb_L	0	0	2338	0	9098	0	2618	0	0	0	0	0	1002	0	7864	0	0	0	166	0	0	0	806	0	242	0	2320	0	320	0	82	0	0	0	0	0	0	0	0	0	0	0	0	0	0	0	0	0	0	0	0	0	0	0	0	0	0	0	0	0	0	0	0	0	0	0	0	0	0	0	74	0	80	0	0	0	0	0	0	0	0	0	0	0	0	0	0	0	0	0	0	0	0	0	0	0	0	0	0	0	0	0	0	0	0	0	0	0	0	0	0	0	0	0	0	0	
46368	Frontal_Mid_Orb_R	0	0	0	1378	0	6174	0	936	0	0	0	0	0	678	0	5022	0	0	0	0	0	0	0	992	0	2322	142	1684	0	446	0	550	0	0	0	0	0	0	0	0	0	0	0	0	0	0	0	0	0	0	0	0	0	0	0	0	0	0	0	0	0	0	0	0	0	0	0	0	0	0	0	1398	0	1462	0	0	0	0	0	0	0	0	0	0	0	0	0	0	0	0	0	0	0	0	0	0	0	0	0	0	0	0	0	0	0	0	0	0	0	0	0	0	0	0	0	0	
277604	Frontal_Inf_Oper_L	11608	156	21906	2894	252	0	12528	268	0	0	0	0	11136	0	244	0	18158	0	15606	4468	0	0	528	0	0	0	0	0	18816	0	1632	130	320	382	0	0	110	0	0	0	0	0	0	0	0	0	0	0	0	0	0	0	0	0	0	0	2668	0	0	0	0	0	0	0	0	0	0	0	0	0	1322	130	2432	0	96	0	78	0	108	0	4446	0	6380	0	0	0	0	0	0	0	0	0	0	0	0	0	0	0	0	0	0	0	0	0	0	0	0	0	0	0	0	0	0	0	0	0	
184448	Frontal_Inf_Oper_R	0	8698	156	4474	0	0	0	10976	0	0	0	0	0	9356	0	2186	0	5752	1128	4738	0	0	148	1306	0	0	0	0	166	20300	538	5772	136	1734	0	0	0	458	0	228	0	0	0	0	0	0	0	0	0	0	0	0	0	0	0	292	0	1632	0	0	0	0	0	0	0	0	0	0	0	0	238	2092	178	3776	0	0	0	0	0	86	0	0	0	5500	0	0	0	0	0	180	0	0	0	0	0	0	0	0	0	0	0	0	0	0	0	0	0	0	0	0	0	0	0	0	0	0	
216232	Frontal_Inf_Tri_L	710	0	16640	498	708	0	32804	0	1002	0	11136	0	0	0	9488	0	176	0	5844	496	0	0	1826	0	0	0	98	0	23642	0	1608	0	384	0	0	0	0	0	0	0	0	0	0	0	0	0	0	0	0	0	0	0	0	0	0	0	194	0	0	0	0	0	0	0	0	0	0	0	0	0	92	0	0	0	0	0	0	0	0	0	0	0	770	0	0	0	0	0	0	0	0	0	0	0	0	0	0	0	0	0	0	0	0	0	0	0	0	0	0	0	0	0	0	0	0	0	
135628	Frontal_Inf_Tri_R	0	0	0	6028	0	180	0	10496	0	678	0	9356	0	0	0	10120	0	112	2230	4536	0	0	0	1088	0	0	0	0	0	12356	416	4996	110	3844	0	0	0	0	0	0	0	0	0	0	0	0	0	0	0	0	0	0	0	0	0	0	0	0	0	0	0	0	0	0	0	0	0	0	0	0	0	712	0	410	0	0	0	0	0	0	0	0	0	146	0	0	0	0	0	0	0	0	0	0	0	0	0	0	0	0	0	0	0	0	0	0	0	0	0	0	0	0	0	0	0	0	
136436	Frontal_Inf_Orb_L	0	116	9740	194	11028	86	8864	88	7864	0	244	0	9488	0	0	0	0	0	358	236	784	258	384	0	0	0	1078	122	9708	0	342	122	0	0	0	0	72	0	0	0	0	0	0	0	0	0	0	0	0	0	0	0	0	0	0	0	0	0	0	0	0	0	0	0	0	0	0	0	0	0	2230	336	3900	0	0	0	0	0	0	0	0	0	576	0	0	0	0	0	0	0	0	0	0	0	0	0	0	0	0	0	0	0	0	0	0	0	0	0	0	0	0	0	0	0	0	0	
116348	Frontal_Inf_Orb_R	0	0	0	4028	0	3162	0	2768	0	5022	0	2186	0	10120	0	0	0	0	336	1790	198	958	0	1244	0	282	96	1286	0	14112	160	1476	0	362	0	0	0	0	0	0	0	84	0	0	0	0	0	0	0	0	0	0	0	0	0	0	0	0	0	0	0	0	0	0	0	0	0	0	0	0	194	3488	0	4384	0	110	0	0	0	0	0	0	0	328	0	0	0	0	0	0	0	0	0	0	0	0	0	0	0	0	0	0	0	0	0	0	0	0	0	0	0	0	0	0	0	0	
299240	Rolandic_Oper_L	13552	198	23196	1052	0	0	6868	172	0	0	18158	0	176	0	0	0	0	0	12064	3756	0	0	0	0	0	0	0	0	22440	0	206	78	420	522	314	0	650	0	0	0	0	0	80	0	0	0	0	0	0	0	306	0	540	0	414	0	8794	0	0	0	926	0	2460	0	476	0	84	74	828	0	340	70	2162	0	144	0	410	0	5076	0	14896	0	4748	0	1154	0	0	0	1816	0	0	0	0	0	0	0	0	0	0	0	0	0	0	0	0	0	0	0	0	0	0	0	0	0	0	0	
185952	Rolandic_Oper_R	340	2592	412	8796	0	0	92	3362	0	0	0	5752	0	112	0	0	0	0	1190	9510	0	0	0	70	0	0	0	0	134	21454	0	334	0	1622	0	0	94	2724	0	954	0	0	0	0	0	0	0	0	0	0	0	0	0	150	0	1646	110	7632	0	0	0	0	0	1886	0	0	0	626	120	782	156	572	154	3982	0	92	0	1482	0	5744	0	3172	0	4412	0	178	0	0	0	536	0	0	0	0	0	0	0	0	0	0	0	0	0	0	0	0	0	0	0	0	0	0	0	0	0	0	
710764	Supp_Motor_Area_L	9406	1896	69140	18888	706	0	16708	2786	166	0	15606	1128	5844	2230	358	336	12064	1190	0	49050	0	0	9460	2906	0	0	150	0	19006	1148	6904	6998	9540	21616	3748	0	3432	334	0	0	0	0	0	0	122	0	0	0	180	0	1264	0	272	0	264	0	750	70	700	0	962	0	384	0	232	0	720	0	22554	692	2474	1500	8710	792	4186	244	8200	308	562	0	3316	0	2346	184	306	0	0	0	344	0	0	0	0	0	0	0	0	0	0	0	0	0	0	0	0	0	0	0	0	0	0	0	0	0	0	0	
812264	Supp_Motor_Area_R	5750	7170	17178	50060	530	0	4820	6258	0	0	4468	4738	496	4536	236	1790	3756	9510	49050	0	94	0	1248	6882	0	0	72	0	8034	12628	6262	16558	4022	52144	3192	1532	838	3992	0	738	0	0	0	108	0	0	0	0	0	0	0	0	0	138	274	1048	440	1802	0	0	118	76	254	314	0	74	152	3140	17204	19346	7120	24136	5224	11270	340	1644	730	16624	154	182	1472	684	966	1482	0	228	0	0	0	806	0	0	0	0	0	0	0	0	0	0	0	0	0	0	0	0	0	0	0	0	0	0	0	0	0	0	
64468	Olfactory_L	0	0	174	72	1180	296	0	0	0	0	0	0	0	0	784	198	0	0	0	94	0	4242	0	0	148	102	952	638	2696	0	2602	1068	0	0	0	0	702	0	88	0	450	0	0	0	0	0	0	0	0	0	0	0	0	0	308	0	0	0	0	0	0	0	0	0	0	0	0	0	0	0	5764	3882	3968	1212	440	0	0	0	0	0	0	0	174	0	0	0	0	0	0	0	0	0	0	0	0	0	0	0	0	0	0	0	0	0	0	0	0	0	0	0	0	0	0	0	0	0	
70496	Olfactory_R	0	0	0	230	202	1106	0	0	0	0	0	0	0	0	258	958	0	0	0	0	4242	0	0	208	0	334	692	2292	244	1606	2116	2022	0	0	0	0	0	0	0	0	0	600	0	0	0	0	0	0	0	0	0	0	0	0	0	0	0	0	0	0	0	0	0	0	0	0	0	0	0	0	5270	6218	3216	2410	816	128	0	80	0	0	0	0	0	0	0	0	0	0	0	0	0	0	0	0	0	0	0	0	0	0	0	0	0	0	0	0	0	0	0	0	0	0	0	0	0	0	
312700	Frontal_Sup_Medial_L	0	0	40154	8502	7092	166	18250	734	806	0	528	148	1826	0	384	0	0	0	9460	1248	0	0	0	13558	2062	504	1414	0	3542	126	20718	9978	5468	5586	0	0	0	0	0	0	0	0	0	0	0	0	0	0	0	0	0	0	0	0	0	0	0	0	0	0	0	0	0	0	0	0	0	0	0	0	810	362	2792	0	0	0	0	0	0	0	0	0	132	0	0	0	0	0	0	0	0	0	0	0	0	0	0	0	0	0	0	0	0	0	0	0	0	0	0	0	0	0	0	0	0	0	
269456	Frontal_Sup_Medial_R	0	446	1350	31906	0	5638	0	2358	0	992	0	1306	0	1088	0	1244	0	70	2906	6882	0	208	13558	0	88	3882	0	826	260	2612	3240	26920	420	9968	0	0	0	0	0	0	0	0	0	0	0	0	0	0	0	0	0	0	0	0	0	0	0	0	0	0	0	0	0	0	0	0	0	0	0	0	382	9788	0	6078	0	126	0	0	0	0	0	0	0	186	0	0	0	0	0	0	0	0	0	0	0	0	0	0	0	0	0	0	0	0	0	0	0	0	0	0	0	0	0	0	0	0	
33336	Frontal_Med_Orb_L	0	0	1520	0	4686	0	0	0	242	0	0	0	0	0	0	0	0	0	0	0	148	0	2062	88	0	916	2382	0	110	0	3002	0	0	0	0	0	0	0	0	0	0	0	0	0	0	0	0	0	0	0	0	0	0	0	0	0	0	0	0	0	0	0	0	0	0	0	0	0	0	0	670	0	842	0	0	0	0	0	0	0	0	0	0	0	0	0	0	0	0	0	0	0	0	0	0	0	0	0	0	0	0	0	0	0	0	0	0	0	0	0	0	0	0	0	0	0	
83060	Frontal_Med_Orb_R	0	0	94	1626	104	9248	0	168	0	2322	0	0	0	0	0	282	0	0	0	0	102	334	504	3882	916	0	516	6726	0	0	2154	5128	0	0	0	0	0	0	0	0	0	0	0	0	0	0	0	0	0	0	0	0	0	0	0	0	0	0	0	0	0	0	0	0	0	0	0	0	0	0	144	3748	244	3288	0	0	0	0	0	0	0	0	0	0	0	0	0	0	0	0	0	0	0	0	0	0	0	0	0	0	0	0	0	0	0	0	0	0	0	0	0	0	0	0	0	0	
56460	Rectus_L	0	0	2210	88	6848	438	436	0	2320	142	0	0	98	0	1078	96	0	0	150	72	952	692	1414	0	2382	516	0	668	1414	0	2386	126	0	0	0	0	0	0	0	0	0	0	0	0	0	0	0	0	0	0	0	0	0	0	0	0	0	0	0	0	0	0	0	0	0	0	0	0	0	0	1644	514	1280	72	0	0	0	0	0	0	0	0	194	0	0	0	0	0	0	0	0	0	0	0	0	0	0	0	0	0	0	0	0	0	0	0	0	0	0	0	0	0	0	0	0	0	
68928	Rectus_R	0	0	0	848	106	8356	0	136	0	1684	0	0	0	0	122	1286	0	0	0	0	638	2292	0	826	0	6726	668	0	110	794	516	3326	0	0	0	0	0	0	0	0	0	0	0	0	0	0	0	0	0	0	0	0	0	0	0	0	0	0	0	0	0	0	0	0	0	0	0	0	0	0	528	3010	90	2402	0	0	0	0	0	0	0	0	0	0	0	0	0	0	0	0	0	0	0	0	0	0	0	0	0	0	0	0	0	0	0	0	0	0	0	0	0	0	0	0	0	0	
608296	Insula_L	11070	2320	41032	4398	8344	84	22074	1976	320	0	18816	166	23642	0	9708	0	22440	134	19006	8034	2696	244	3542	260	110	0	1414	110	0	156	4198	786	620	456	170	88	12386	296	684	0	726	0	106	0	0	0	0	0	0	0	192	0	902	0	6626	0	2544	0	0	0	540	0	1708	0	156	0	96	0	1168	0	10242	1112	20894	306	186	0	1966	188	7790	0	10628	0	6884	0	842	0	122	0	6444	0	0	0	0	0	0	0	0	0	0	0	0	0	0	0	0	0	0	0	0	0	0	0	0	0	0	0	
366864	Insula_R	108	3646	240	11590	0	752	0	7762	0	446	0	20300	0	12356	0	14112	0	21454	1148	12628	0	1606	126	2612	0	0	0	794	156	0	494	4272	90	1782	0	200	110	7418	0	1720	0	710	0	0	0	0	0	0	0	0	0	0	0	112	0	3424	0	1126	0	0	0	0	0	166	0	0	0	278	76	512	208	4562	150	21472	0	148	90	3232	0	4044	0	4940	0	6814	0	1482	0	134	0	1830	0	0	0	0	0	0	0	0	0	0	0	0	0	0	0	0	0	0	0	0	0	0	0	0	0	0	
323376	Cingulum_Ant_L	118	200	18226	4826	3636	672	8966	512	82	0	1632	538	1608	416	342	160	206	0	6904	6262	2602	2116	20718	3240	3002	2154	2386	516	4198	494	0	19532	5996	5260	234	0	0	0	0	0	0	0	0	0	0	0	0	0	0	0	0	0	0	0	0	0	0	0	0	0	0	0	0	0	0	0	0	0	0	0	10332	8876	9958	2894	784	0	0	678	0	0	0	0	412	0	0	0	0	0	0	0	0	0	0	0	0	0	0	0	0	0	0	0	0	0	0	0	0	0	0	0	0	0	0	0	0	0	
470300	Cingulum_Ant_R	0	550	1914	33864	324	6044	154	4068	0	550	130	5772	0	4996	122	1476	78	334	6998	16558	1068	2022	9978	26920	0	5128	126	3326	786	4272	19532	0	3960	22342	0	0	0	0	0	0	0	0	0	0	0	0	0	0	0	0	0	0	0	0	0	0	0	0	0	0	0	0	0	0	0	0	0	0	0	0	3892	29672	1710	14196	580	210	178	900	0	0	0	0	0	420	0	0	0	0	0	0	0	0	0	0	0	0	0	0	0	0	0	0	0	0	0	0	0	0	0	0	0	0	0	0	0	0	
147620	Cingulum_Mid_L	518	386	5866	1914	0	0	1696	342	0	0	320	136	384	110	0	0	420	0	9540	4022	0	0	5468	420	0	0	0	0	620	90	5996	3960	0	12258	4166	1294	0	0	0	0	0	0	344	300	1328	0	98	0	260	0	496	0	328	78	136	0	438	302	80	0	208	0	0	0	0	0	2906	470	4108	858	0	178	0	0	0	0	0	110	0	0	280	0	78	0	318	0	0	0	104	78	0	0	0	0	0	0	0	0	0	0	0	0	0	0	0	0	0	0	0	0	0	0	0	0	0	0	
516860	Cingulum_Mid_R	1450	2756	2808	23802	0	0	1118	2936	0	0	382	1734	0	3844	0	362	522	1622	21616	52144	0	0	5586	9968	0	0	0	0	456	1782	5260	22342	12258	0	1690	4832	0	1684	0	212	0	0	0	1442	0	258	0	308	0	0	0	200	0	432	0	1468	0	6226	0	0	0	578	0	2374	0	398	180	12808	6272	21158	84	6924	136	938	0	0	142	7712	0	168	282	2260	112	242	0	462	0	0	0	1546	0	0	0	0	0	0	0	0	0	0	0	0	0	0	0	0	0	0	0	0	154	0	0	0	0	0	
221836	Cingulum_Post_L	3646	1274	0	192	0	0	0	0	0	0	0	0	0	0	0	0	314	0	3748	3192	0	0	0	0	0	0	0	0	170	0	234	0	4166	1690	0	9136	4822	3398	3818	2072	0	0	5362	220	946	0	2298	446	1094	0	4122	0	3626	0	2492	482	798	588	1118	0	1378	0	194	0	326	0	9214	3470	15640	838	594	436	0	0	0	0	2900	1402	198	0	1034	0	0	0	2106	0	0	0	4622	162	0	0	0	0	0	0	0	262	0	0	0	0	0	0	0	0	0	0	0	0	678	0	0	0	0	0	
169256	Cingulum_Post_R	728	1764	0	0	0	0	0	0	0	0	0	0	0	0	0	0	0	0	0	1532	0	0	0	0	0	0	0	0	88	200	0	0	1294	4832	9136	0	4230	5650	2978	2912	0	0	0	4138	0	748	112	6110	0	156	0	410	0	994	256	3946	0	3852	0	0	0	0	0	88	0	0	1374	10904	752	2640	0	114	0	80	0	0	728	2314	84	0	0	258	0	0	0	1540	0	0	0	2070	0	0	0	0	0	0	0	508	0	0	0	0	0	0	0	0	0	0	0	0	5108	0	0	0	0	0	
252532	Hippocampus_L	9290	560	4614	294	90	0	2666	206	0	0	110	0	0	0	72	0	650	94	3432	838	702	0	0	0	0	0	0	0	12386	110	0	0	0	0	4822	4230	0	3648	13242	2554	5020	0	928	0	0	0	2452	540	0	0	122	0	302	0	13558	258	332	0	0	0	0	0	0	0	0	0	1694	1054	4240	0	632	76	9666	76	1504	0	5182	1686	2774	0	1414	0	1030	0	0	0	142	0	5872	0	0	0	0	0	0	0	236	294	0	0	0	0	0	0	0	0	0	0	0	0	572	0	0	0	0	0	
297516	Hippocampus_R	384	8050	116	1082	0	0	0	620	0	0	0	458	0	0	0	0	0	2724	334	3992	0	0	0	0	0	0	0	0	296	7418	0	0	0	1684	3398	5650	3648	0	2680	25238	0	6018	0	232	0	0	90	2392	0	0	0	0	0	0	310	27416	0	672	0	0	0	0	0	0	0	0	494	2920	180	1512	170	368	200	11076	0	370	1302	8958	90	1052	0	1400	0	1028	0	2658	0	212	0	7458	0	196	0	0	0	0	0	1318	0	274	0	0	0	0	0	0	0	0	0	0	620	0	0	0	0	0	
104892	ParaHippocampal_L	884	78	96	0	0	0	108	0	0	0	0	0	0	0	0	0	0	0	0	0	88	0	0	0	0	0	0	0	684	0	0	0	0	0	3818	2978	13242	2680	0	2140	668	0	1388	0	82	0	3932	454	86	0	1068	0	1554	0	6468	130	0	0	0	0	0	0	0	0	0	0	1860	892	662	0	0	0	1178	0	0	0	1138	1070	0	0	70	0	536	0	374	0	268	0	734	0	0	0	0	0	0	0	316	268	0	0	0	0	0	0	0	0	0	0	0	0	454	0	0	0	0	0	
196724	ParaHippocampal_R	0	1458	0	150	0	0	0	188	0	0	0	228	0	0	0	0	0	954	0	738	0	0	0	0	0	0	0	0	0	1720	0	0	0	212	2072	2912	2554	25238	2140	0	0	5544	0	230	0	0	74	4990	0	0	0	0	0	0	260	21124	0	114	0	0	0	0	0	0	0	0	492	2494	0	180	0	82	0	4092	0	360	380	3344	0	376	0	138	0	3950	0	270	0	2344	0	1582	0	510	0	0	0	120	0	2832	0	924	0	0	0	0	0	0	0	0	0	296	696	0	0	0	0	0	
23560	Amygdala_L	0	0	0	0	0	0	0	0	0	0	0	0	0	0	0	0	0	0	0	0	450	0	0	0	0	0	0	0	726	0	0	0	0	0	0	0	5020	0	668	0	0	0	0	0	0	0	0	0	0	0	0	0	0	0	2740	0	0	0	0	0	0	0	0	0	0	0	0	0	0	0	0	0	810	0	0	0	0	0	0	0	0	0	376	0	0	0	140	0	850	0	0	0	0	0	0	0	0	0	0	0	0	0	0	0	0	0	0	0	0	0	0	0	0	0	0	0	
41340	Amygdala_R	0	0	0	0	0	0	0	0	0	0	0	0	0	0	0	84	0	0	0	0	0	600	0	0	0	0	0	0	0	710	0	0	0	0	0	0	0	6018	0	5544	0	0	0	0	0	0	0	0	0	0	0	0	0	0	0	4036	0	0	0	0	0	0	0	0	0	0	0	0	0	0	0	0	0	180	0	0	0	0	0	0	0	0	0	2938	0	0	0	560	0	0	0	0	0	0	0	0	0	0	0	0	0	0	0	0	0	0	0	0	0	0	0	0	0	0	0	0	
268000	Calcarine_L	170	0	0	0	0	0	0	0	0	0	0	0	0	0	0	0	80	0	0	0	0	0	0	0	0	0	0	0	106	0	0	0	344	0	5362	0	928	0	1388	0	0	0	0	7376	14026	5060	16668	2458	9636	2412	22882	0	11076	184	5632	0	338	0	160	0	132	0	72	0	182	0	21960	496	674	0	0	0	0	0	0	0	0	0	0	0	70	0	0	0	1702	0	0	0	2350	0	0	0	0	0	0	0	76	0	0	0	0	0	0	0	0	0	0	0	0	0	0	0	0	0	0	0	
341964	Calcarine_R	0	96	0	0	0	0	0	0	0	0	0	0	0	0	0	0	0	0	0	108	0	0	0	0	0	0	0	0	0	0	0	0	300	1442	220	4138	0	232	0	230	0	0	7376	0	2762	24116	2116	22580	0	21148	0	12432	0	10010	0	13658	0	3146	0	514	0	430	0	408	0	1804	2242	26718	0	808	0	0	0	0	0	0	0	140	0	0	0	352	0	0	0	2678	0	0	0	5896	0	0	0	0	0	0	0	0	0	0	0	0	0	0	0	0	0	0	0	0	2882	0	0	0	0	0	
177468	Cuneus_L	170	0	0	0	0	0	0	0	0	0	0	0	0	0	0	0	0	0	122	0	0	0	0	0	0	0	0	0	0	0	0	0	1328	0	946	0	0	0	82	0	0	0	14026	2762	0	3736	2412	286	23008	1534	12870	0	1744	0	540	0	528	0	1156	0	374	0	0	0	226	0	18300	388	1272	0	0	0	0	0	0	0	0	0	0	0	0	0	0	0	740	0	0	0	184	0	0	0	0	0	0	0	0	0	0	0	0	0	0	0	0	0	0	0	0	0	0	0	0	0	0	0	
227236	Cuneus_R	0	0	0	0	0	0	0	0	0	0	0	0	0	0	0	0	0	0	0	0	0	0	0	0	0	0	0	0	0	0	0	0	0	258	0	748	0	0	0	0	0	0	5060	24116	3736	0	90	3010	0	30344	0	11036	0	1662	0	5012	0	156	0	3400	0	272	0	0	0	1350	2728	18122	0	0	0	0	0	0	0	0	0	0	0	0	0	0	0	0	0	1126	0	0	0	1172	0	0	0	0	0	0	0	0	0	0	0	0	0	0	0	0	0	0	0	0	220	0	0	0	0	0	
268188	Lingual_L	0	0	0	0	0	0	0	0	0	0	0	0	0	0	0	0	0	0	0	0	0	0	0	0	0	0	0	0	0	0	0	0	98	0	2298	112	2452	90	3932	74	0	0	16668	2116	2412	90	0	3262	1868	110	10926	0	10356	166	19642	716	0	0	0	0	0	0	0	0	0	0	7762	82	224	0	0	0	0	0	0	0	0	0	0	0	0	0	0	0	372	0	0	0	968	0	10264	698	958	292	72	0	12088	270	16554	1648	0	0	276	90	0	0	0	0	0	0	970	1984	1044	0	0	90	
343248	Lingual_R	0	0	0	0	0	0	0	0	0	0	0	0	0	0	0	0	0	0	0	0	0	0	0	0	0	0	0	0	0	0	0	0	0	308	446	6110	540	2392	454	4990	0	0	2458	22580	286	3010	3262	0	0	5022	0	2842	0	5264	586	24276	0	0	0	0	0	0	0	0	0	0	352	11940	0	160	0	0	0	0	0	0	0	146	0	0	0	0	0	0	0	330	0	0	0	2666	1964	11806	584	540	154	90	1866	11216	3348	18442	0	332	0	502	218	98	0	0	0	338	10904	6558	2154	90	0	0	
200356	Occipital_Sup_L	172	0	0	0	0	0	0	0	0	0	0	0	0	0	0	0	0	0	180	0	0	0	0	0	0	0	0	0	0	0	0	0	260	0	1094	0	0	0	86	0	0	0	9636	0	23008	0	1868	0	0	0	25390	0	1082	0	210	0	1160	0	9864	0	4224	0	366	0	1474	0	16824	0	980	0	0	0	0	0	0	0	0	0	0	0	0	0	0	0	2076	0	0	0	224	0	0	0	0	0	0	0	0	0	0	0	0	0	0	0	0	0	0	0	0	0	0	0	0	0	0	0	
237240	Occipital_Sup_R	0	0	0	0	0	0	0	0	0	0	0	0	0	0	0	0	0	0	0	0	0	0	0	0	0	0	0	0	0	0	0	0	0	0	0	156	0	0	0	0	0	0	2412	21148	1534	30344	110	5022	0	0	0	20188	0	3028	0	4350	0	174	0	6398	0	568	0	0	0	3508	1762	16556	0	0	0	0	0	0	0	0	0	0	0	0	0	0	0	0	0	950	0	0	0	412	0	0	0	0	0	0	0	0	0	0	0	0	0	0	0	0	0	0	0	0	0	0	0	0	0	0	
429808	Occipital_Mid_L	2084	0	0	0	0	0	0	0	0	0	0	0	0	0	0	0	306	0	1264	0	0	0	0	0	0	0	0	0	192	0	0	0	496	0	4122	0	122	0	1068	0	0	0	22882	0	12870	0	10926	0	25390	0	0	0	26328	0	11144	0	5252	0	11394	0	13296	0	2664	0	12294	0	13962	360	5410	0	0	0	0	0	0	0	0	0	76	0	184	0	0	0	22568	0	0	0	8250	0	0	0	0	0	0	0	0	0	0	0	0	0	0	0	0	0	0	0	0	0	0	0	0	0	0	0	
190848	Occipital_Mid_R	0	72	0	0	0	0	0	0	0	0	0	0	0	0	0	0	0	0	0	0	0	0	0	0	0	0	0	0	0	0	0	0	0	200	0	410	0	0	0	0	0	0	0	12432	0	11036	0	2842	0	20188	0	0	0	4470	0	2360	0	610	0	1492	0	2524	0	624	0	14452	238	7042	0	98	0	0	0	0	0	0	0	0	0	0	0	2378	0	0	0	10320	0	0	0	1494	0	0	0	0	0	0	0	0	0	0	0	0	0	0	0	0	0	0	0	0	142	0	0	0	0	0	
237568	Occipital_Inf_L	3112	0	0	0	0	0	0	0	0	0	0	0	0	0	0	0	540	0	272	0	0	0	0	0	0	0	0	0	902	0	0	0	328	0	3626	0	302	0	1554	0	0	0	11076	0	1744	0	10356	0	1082	0	26328	0	0	0	17706	0	2532	0	550	0	2540	0	172	0	1638	0	6408	382	3128	0	0	0	0	0	0	0	0	0	400	0	176	0	0	0	8024	0	0	0	13906	0	0	0	0	0	0	0	0	0	0	0	0	0	0	0	0	0	0	0	0	0	0	0	0	0	0	0	
110972	Occipital_Inf_R	0	136	0	0	0	0	0	0	0	0	0	0	0	0	0	0	0	150	0	138	0	0	0	0	0	0	0	0	0	112	0	0	78	432	0	994	0	0	0	0	0	0	184	10010	0	1662	166	5264	0	3028	0	4470	0	0	0	10878	0	424	0	0	0	0	0	72	0	0	122	3024	0	498	0	0	0	0	0	0	0	70	0	0	0	0	0	0	0	640	0	0	0	10014	138	230	0	0	0	0	70	138	256	684	0	0	0	0	0	0	0	0	0	0	702	446	256	0	0	0	
422940	Fusiform_L	2736	170	498	138	0	0	428	108	0	0	0	0	0	0	0	0	414	0	264	274	308	0	0	0	0	0	0	0	6626	0	0	0	136	0	2492	256	13558	310	6468	260	2740	0	5632	0	540	0	19642	586	210	0	11144	0	17706	0	0	0	844	0	204	0	860	0	78	0	468	0	3136	372	1852	0	204	0	2064	0	0	0	152	264	1676	0	2028	0	3886	0	4990	0	2844	0	22186	0	21834	156	4298	108	0	0	9382	106	26728	682	1228	0	2670	0	406	0	358	0	0	0	270	1134	358	0	0	0	
582116	Fusiform_R	0	2184	0	190	0	0	0	214	0	0	0	292	0	0	0	0	0	1646	0	1048	0	0	0	0	0	0	0	0	0	3424	0	0	0	1468	482	3946	258	27416	130	21124	0	4036	0	13658	0	5012	716	24276	0	4350	0	2360	0	10878	0	0	0	3312	0	1408	0	3056	0	3550	0	4738	102	14006	100	1602	0	154	0	4418	0	156	132	2340	0	534	0	2362	0	6272	0	8670	0	3002	0	24394	650	23300	304	1858	0	542	432	12282	928	27508	0	1548	0	1504	0	0	0	0	0	0	3822	1910	1054	0	0	0	
278160	Postcentral_L	28286	1042	7894	174	0	0	1992	836	0	0	2668	0	194	0	0	0	8794	110	750	440	0	0	0	0	0	0	0	0	2544	0	0	0	438	0	798	0	332	0	0	0	0	0	338	0	528	0	0	0	1160	0	5252	0	2532	0	844	0	0	0	10098	0	25904	0	7652	0	4402	0	2676	0	4156	0	0	0	1928	76	0	90	156	0	2274	0	4178	0	0	0	3934	0	0	0	3610	0	0	0	0	0	0	0	0	0	0	0	0	0	0	0	0	0	0	0	0	0	0	0	0	0	0	0	
171020	Postcentral_R	1444	11968	0	768	0	0	0	694	0	0	0	1632	0	0	0	0	0	7632	70	1802	0	0	0	0	0	0	0	0	0	1126	0	0	302	6226	588	3852	0	672	0	114	0	0	0	3146	0	156	0	0	0	174	0	610	0	424	0	3312	0	0	0	4454	0	2802	0	6362	0	528	0	10114	1466	8388	0	0	0	76	0	0	0	182	0	836	0	1270	0	108	0	864	0	0	0	1348	0	0	0	0	0	0	0	0	0	0	0	0	0	0	0	0	0	0	0	0	0	0	0	0	0	0	
139244	Parietal_Sup_L	600	0	0	0	0	0	0	0	0	0	0	0	0	0	0	0	0	0	700	0	0	0	0	0	0	0	0	0	0	0	0	0	80	0	1118	0	0	0	0	0	0	0	160	0	1156	0	0	0	9864	0	11394	0	550	0	204	0	10098	0	0	0	15484	0	324	0	1790	0	10398	0	3988	0	0	0	0	0	0	0	0	0	0	0	0	0	0	0	1038	0	0	0	676	0	0	0	0	0	0	0	0	0	0	0	0	0	0	0	0	0	0	0	0	0	0	0	0	0	0	0	
65820	Parietal_Sup_R	0	0	0	0	0	0	0	0	0	0	0	0	0	0	0	0	0	0	0	0	0	0	0	0	0	0	0	0	0	0	0	0	0	0	0	0	0	0	0	0	0	0	0	514	0	3400	0	0	0	6398	0	1492	0	0	0	1408	0	4454	0	0	0	1568	0	0	0	1484	0	11612	0	580	0	0	0	0	0	0	0	0	0	0	0	0	0	0	0	0	0	0	0	0	0	0	0	0	0	0	0	0	0	0	0	0	0	0	0	0	0	0	0	0	0	0	0	0	0	0	
280524	Parietal_Inf_L	3052	148	290	0	0	0	188	0	0	0	0	0	0	0	0	0	926	0	962	118	0	0	0	0	0	0	0	0	540	0	0	0	208	0	1378	0	0	0	0	0	0	0	132	0	374	0	0	0	4224	0	13296	0	2540	0	860	0	25904	0	15484	0	0	0	18348	0	25568	0	2460	0	3904	0	0	0	232	0	0	0	0	0	226	0	1932	0	0	0	11872	0	0	0	5096	0	0	0	0	0	0	0	0	0	0	0	0	0	0	0	0	0	0	0	0	0	0	0	0	0	0	0	
67972	Parietal_Inf_R	0	474	0	0	0	0	0	0	0	0	0	0	0	0	0	0	0	0	0	76	0	0	0	0	0	0	0	0	0	0	0	0	0	578	0	0	0	0	0	0	0	0	0	430	0	272	0	0	0	568	0	2524	0	0	0	3056	0	2802	0	1568	0	0	0	4632	0	12526	0	1620	0	688	0	0	0	0	0	0	0	0	0	0	0	398	0	0	0	1624	0	0	0	150	0	0	0	0	0	0	0	0	0	0	0	0	0	0	0	0	0	0	0	0	0	0	0	0	0	0	
127240	SupraMarginal_L	2944	148	618	0	0	0	708	0	0	0	0	0	0	0	0	0	2460	0	384	254	0	0	0	0	0	0	0	0	1708	0	0	0	0	0	194	0	0	0	0	0	0	0	72	0	0	0	0	0	366	0	2664	0	172	0	78	0	7652	0	324	0	18348	0	0	0	8772	0	132	0	510	0	0	0	532	0	0	0	0	0	98	0	4406	0	0	0	8096	0	0	0	1980	0	0	0	0	0	0	0	0	0	0	0	0	0	0	0	0	0	0	0	0	0	0	0	0	0	0	0	
84932	SupraMarginal_R	0	1668	0	0	0	0	0	0	0	0	0	0	0	0	0	0	0	1886	0	314	0	0	0	0	0	0	0	0	0	166	0	0	0	2374	0	88	0	0	0	0	0	0	0	408	0	0	0	0	0	0	0	624	0	72	0	3550	0	6362	0	0	0	4632	0	0	0	4526	0	2290	0	614	0	0	0	0	0	0	0	274	0	382	0	6568	0	0	0	4678	0	0	0	990	0	0	0	0	0	0	0	0	0	0	0	0	0	0	0	0	0	0	0	0	0	0	0	0	0	0	
164452	Angular_L	742	0	0	0	0	0	0	0	0	0	0	0	0	0	0	0	476	0	232	0	0	0	0	0	0	0	0	0	156	0	0	0	0	0	326	0	0	0	0	0	0	0	182	0	226	0	0	0	1474	0	12294	0	1638	0	468	0	4402	0	1790	0	25568	0	8772	0	0	0	384	0	1260	0	0	0	76	0	0	0	0	0	192	0	1974	0	0	0	14998	0	0	0	4596	0	0	0	0	0	0	0	0	0	0	0	0	0	0	0	0	0	0	0	0	0	0	0	0	0	0	0	
116540	Angular_R	0	0	0	0	0	0	0	0	0	0	0	0	0	0	0	0	0	0	0	74	0	0	0	0	0	0	0	0	0	0	0	0	0	398	0	0	0	0	0	0	0	0	0	1804	0	1350	0	0	0	3508	0	14452	0	0	0	4738	0	528	0	1484	0	12526	0	4526	0	0	0	1818	0	214	0	0	0	0	0	0	0	0	0	0	0	3938	0	0	0	6748	0	0	0	164	0	0	0	0	0	0	0	0	0	0	0	0	0	0	0	0	0	0	0	0	0	0	0	0	0	0	
289644	Precuneus_L	708	98	0	0	0	0	0	0	0	0	0	0	0	0	0	0	84	0	720	152	0	0	0	0	0	0	0	0	96	0	0	0	2906	180	9214	1374	1694	494	1860	492	0	0	21960	2242	18300	2728	7762	352	16824	1762	13962	238	6408	122	3136	102	2676	0	10398	0	2460	0	132	0	384	0	0	4578	3654	134	0	0	0	0	0	0	0	0	0	0	88	0	0	0	1208	0	0	0	2486	76	0	0	0	0	0	0	180	102	0	0	0	0	0	0	0	0	0	0	0	0	296	0	0	0	0	0	
388688	Precuneus_R	284	366	0	0	0	0	0	0	0	0	0	0	0	0	0	0	74	626	0	3140	0	0	0	0	0	0	0	0	0	278	0	0	470	12808	3470	10904	1054	2920	892	2494	0	0	496	26718	388	18122	82	11940	0	16556	360	7042	382	3024	372	14006	0	10114	0	11612	0	1620	0	2290	0	1818	4578	0	344	6558	0	0	0	0	0	0	0	834	0	0	530	1952	0	0	528	1220	0	0	964	3900	0	0	0	0	0	0	0	646	0	0	0	0	0	0	0	0	0	0	0	0	5568	0	0	0	0	0	
360632	Paracentral_Lobule_L	21376	4614	5286	812	0	0	1064	0	0	0	0	0	0	0	0	0	828	120	22554	17204	0	0	0	0	0	0	0	0	1168	76	0	0	4108	6272	15640	752	4240	180	662	0	0	0	674	0	1272	0	224	0	980	0	5410	0	3128	0	1852	100	4156	1466	3988	0	3904	0	510	0	1260	0	3654	344	0	5270	1596	1746	3950	0	1392	130	17700	1788	298	0	764	0	0	0	2594	0	0	0	3210	0	0	0	0	0	0	0	0	0	0	0	0	0	0	0	0	0	0	0	0	0	0	0	0	0	0	0	
213388	Paracentral_Lobule_R	4906	9352	0	254	0	0	0	106	0	0	0	0	0	0	0	0	0	782	692	19346	0	0	0	0	0	0	0	0	0	512	0	0	858	21158	838	2640	0	1512	0	180	0	0	0	808	0	0	0	160	0	0	0	98	0	498	0	1602	0	8388	0	580	0	688	0	614	0	214	134	6558	5270	0	0	6162	0	536	0	0	110	8026	0	114	0	1002	0	0	0	396	0	0	0	1600	0	0	0	0	0	0	0	0	0	0	0	0	0	0	0	0	0	0	0	0	0	0	0	0	0	0	
278960	Caudate_L	3068	3356	10038	5144	2974	276	3664	3318	74	0	1322	238	92	0	2230	194	340	156	2474	7120	5764	5270	810	382	670	144	1644	528	10242	208	10332	3892	0	84	594	0	632	170	0	0	0	0	0	0	0	0	0	0	0	0	0	0	0	0	204	0	0	0	0	0	0	0	0	0	0	0	0	0	1596	0	0	11786	23402	1850	5510	226	7006	266	0	0	0	0	190	0	0	0	0	0	0	0	0	0	0	0	0	0	0	0	0	0	0	0	0	0	0	0	0	0	0	0	0	0	0	0	0	0	
426704	Caudate_R	310	3540	1148	11964	452	6300	0	1480	0	1398	130	2092	0	712	336	3488	70	572	1500	24136	3882	6218	362	9788	0	3748	514	3010	1112	4562	8876	29672	178	6924	436	114	76	368	0	82	0	0	0	0	0	0	0	0	0	0	0	0	0	0	0	154	0	0	0	0	0	0	0	0	0	0	0	0	1746	6162	11786	0	4338	22026	1538	2022	652	23116	0	0	0	0	0	262	0	0	0	0	0	0	0	0	0	0	0	0	0	0	0	0	0	0	0	0	0	0	0	0	0	0	0	0	0	0	0	0	
370068	Putamen_L	10242	1936	21164	3870	6384	0	7468	1748	80	0	2432	178	0	0	3900	0	2162	154	8710	5224	3968	3216	2792	0	842	244	1280	90	20894	150	9958	1710	0	136	0	0	9666	200	1178	0	810	0	0	0	0	0	0	0	0	0	0	0	0	0	2064	0	1928	0	0	0	232	0	532	0	76	0	0	0	3950	0	23402	4338	0	1734	8964	210	2122	126	116	0	908	0	918	0	0	0	0	0	628	0	0	0	0	0	0	0	0	0	0	0	0	0	0	0	0	0	0	0	0	0	0	0	0	0	0	0	
314856	Putamen_R	136	2654	182	10070	0	5276	104	2230	0	1462	0	3776	0	410	0	4384	0	3982	792	11270	1212	2410	0	6078	0	3288	72	2402	306	21472	2894	14196	0	938	0	80	76	11076	0	4092	0	180	0	0	0	0	0	0	0	0	0	0	0	0	0	4418	76	76	0	0	0	0	0	0	0	0	0	0	0	536	1850	22026	1734	0	444	2034	78	4420	0	666	0	502	0	440	0	118	0	0	0	510	0	0	0	0	0	0	0	0	0	0	0	0	0	0	0	0	0	0	0	0	0	0	0	0	0	0	
79336	Pallidum_L	3104	154	5612	74	0	0	1594	74	0	0	96	0	0	0	0	0	144	0	4186	340	440	816	0	0	0	0	0	0	186	0	784	580	0	0	0	0	1504	0	0	0	0	0	0	0	0	0	0	0	0	0	0	0	0	0	0	0	0	0	0	0	0	0	0	0	0	0	0	0	1392	0	5510	1538	8964	444	0	152	1904	0	0	0	0	0	76	0	0	0	0	0	0	0	0	0	0	0	0	0	0	0	0	0	0	0	0	0	0	0	0	0	0	0	0	0	0	0	0	0	
20324	Pallidum_R	196	118	208	776	0	0	82	228	0	0	0	0	0	0	0	110	0	92	244	1644	0	128	0	126	0	0	0	0	0	148	0	210	0	0	0	0	0	370	0	360	0	0	0	0	0	0	0	0	0	0	0	0	0	0	0	156	90	0	0	0	0	0	0	0	0	0	0	0	130	0	226	2022	210	2034	152	0	0	102	0	0	0	0	0	0	0	0	0	0	0	0	0	0	0	0	0	0	0	0	0	0	0	0	0	0	0	0	0	0	0	0	0	0	0	0	0	0	
125672	Thalamus_L	2094	508	1862	112	0	0	1196	82	0	0	78	0	0	0	0	0	410	0	8200	730	0	0	0	0	0	0	0	0	1966	90	0	178	0	142	2900	728	5182	1302	1138	380	0	0	0	0	0	0	0	0	0	0	0	0	0	0	152	132	156	0	0	0	0	0	0	0	0	0	0	0	17700	110	7006	652	2122	78	1904	0	0	2048	756	0	390	0	226	0	0	0	0	0	126	0	0	0	0	0	0	0	0	0	0	0	0	0	0	0	0	0	0	0	0	0	0	0	0	0	0	0	
219516	Thalamus_R	536	11124	0	1852	0	0	0	354	0	0	0	0	0	0	0	0	0	1482	308	16624	0	80	0	0	0	0	0	0	188	3232	678	900	110	7712	1402	2314	1686	8958	1070	3344	0	0	0	140	0	0	0	146	0	0	0	0	0	70	264	2340	0	182	0	0	0	0	0	274	0	0	0	834	1788	8026	266	23116	126	4420	0	102	2048	0	106	254	0	542	0	0	0	210	0	0	0	550	0	0	0	0	0	0	0	0	0	0	0	0	0	0	0	0	0	0	0	0	0	0	0	0	0	0	
83572	Heschl_L	4076	334	2348	0	0	0	336	188	0	0	108	0	0	0	0	0	5076	0	562	154	0	0	0	0	0	0	0	0	7790	0	0	0	0	0	198	84	2774	90	0	0	0	0	0	0	0	0	0	0	0	0	76	0	400	0	1676	0	2274	0	0	0	226	0	98	0	192	0	0	0	298	0	0	0	116	0	0	0	756	106	0	0	4230	0	0	0	2258	0	0	0	4962	0	0	0	0	0	0	0	0	0	0	0	0	0	0	0	0	0	0	0	0	0	0	0	0	0	0	0	
40156	Heschl_R	0	278	0	298	0	0	0	104	0	0	0	86	0	0	0	0	0	5744	0	182	0	0	0	0	0	0	0	0	0	4044	0	0	0	168	0	0	0	1052	0	376	0	0	0	0	0	0	0	0	0	0	0	0	0	0	0	534	0	836	0	0	0	0	0	382	0	0	0	0	0	114	0	0	0	666	0	0	0	254	0	0	0	4116	0	212	0	298	0	0	0	334	0	0	0	0	0	0	0	0	0	0	0	0	0	0	0	0	0	0	0	0	0	0	0	0	0	0	
220960	Temporal_Sup_L	7100	104	7530	120	0	0	3434	0	0	0	4446	0	0	0	0	0	14896	0	3316	1472	0	0	0	0	0	0	0	0	10628	0	0	0	280	282	1034	0	1414	0	70	0	0	0	70	0	0	0	0	0	0	0	184	0	176	0	2028	0	4178	0	0	0	1932	0	4406	0	1974	0	88	530	764	0	0	0	908	0	0	0	390	0	4230	0	0	0	5988	0	15332	0	272	0	10904	0	0	0	0	0	0	0	0	0	0	0	0	0	0	0	0	0	0	0	0	0	0	0	0	0	0	0	
113796	Temporal_Sup_R	0	386	0	88	0	0	0	0	0	0	0	0	0	0	0	0	0	3172	0	684	0	0	0	0	0	0	0	0	0	4940	0	0	0	2260	0	258	0	1400	0	138	0	0	0	352	0	0	0	0	0	0	0	2378	0	0	0	2362	0	1270	0	0	0	398	0	6568	0	3938	0	1952	0	1002	0	0	0	502	0	0	0	542	0	4116	0	0	0	3186	0	11076	0	394	0	3536	0	0	0	0	0	0	0	0	0	0	0	0	0	0	0	0	0	0	0	0	0	0	0	0	0	0	
126464	Temporal_Pole_Sup_L	1512	0	4160	630	360	0	1838	0	0	0	6380	0	770	0	576	0	4748	0	2346	966	174	0	132	0	0	0	194	0	6884	0	412	0	78	112	0	0	1030	0	536	0	376	0	0	0	0	0	0	0	0	0	0	0	0	0	3886	0	0	0	0	0	0	0	0	0	0	0	0	0	0	0	190	0	918	0	76	0	226	0	0	0	5988	0	0	0	5076	0	6378	0	6280	0	0	0	0	0	0	0	0	0	0	0	0	0	0	0	0	0	0	0	0	0	0	0	0	0	0	0	
112124	Temporal_Pole_Sup_R	0	810	0	1284	0	0	0	2050	0	0	0	5500	0	146	0	328	0	4412	184	1482	0	0	0	186	0	0	0	0	0	6814	0	420	0	242	0	0	0	1028	0	3950	0	2938	0	0	0	0	0	0	0	0	0	0	0	0	0	6272	0	108	0	0	0	0	0	0	0	0	0	0	0	0	0	262	0	440	0	0	0	0	0	212	0	3186	0	0	0	5094	0	5554	0	3160	0	0	0	0	0	0	0	0	0	0	0	0	0	0	0	0	0	0	0	0	0	0	0	0	0	0	
311940	Temporal_Mid_L	2292	0	0	0	0	0	0	0	0	0	0	0	0	0	0	0	1154	0	306	0	0	0	0	0	0	0	0	0	842	0	0	0	318	0	2106	0	0	0	374	0	0	0	1702	0	740	0	372	0	2076	0	22568	0	8024	0	4990	0	3934	0	1038	0	11872	0	8096	0	14998	0	1208	528	2594	0	0	0	0	0	0	0	0	0	2258	0	15332	0	5076	0	0	0	4712	0	36460	0	0	0	0	0	0	0	0	0	0	0	0	0	0	0	0	0	0	0	0	0	0	0	0	0	0	0	
184924	Temporal_Mid_R	0	512	0	0	0	0	0	0	0	0	0	0	0	0	0	0	0	178	0	228	0	0	0	0	0	0	0	0	0	1482	0	0	0	462	0	1540	0	2658	0	270	0	0	0	2678	0	1126	0	330	0	950	0	10320	0	640	0	8670	0	864	0	0	0	1624	0	4678	0	6748	0	1220	0	396	0	0	0	118	0	0	0	210	0	298	0	11076	0	5094	0	0	0	3418	0	24594	0	0	0	0	0	0	0	0	0	0	0	0	0	0	0	0	0	0	0	0	80	0	0	0	0	0	
41088	Temporal_Pole_Mid_L	0	0	0	0	0	0	0	0	0	0	0	0	0	0	0	0	0	0	0	0	0	0	0	0	0	0	0	0	122	0	0	0	0	0	0	0	142	0	268	0	140	0	0	0	0	0	0	0	0	0	0	0	0	0	2844	0	0	0	0	0	0	0	0	0	0	0	0	0	0	0	0	0	0	0	0	0	0	0	0	0	272	0	6378	0	4712	0	0	0	5666	0	0	0	0	0	0	0	0	0	0	0	0	0	0	0	0	0	0	0	0	0	0	0	0	0	0	0	
39236	Temporal_Pole_Mid_R	0	0	0	0	0	0	0	0	0	0	0	0	0	0	0	0	0	0	0	0	0	0	0	0	0	0	0	0	0	134	0	0	0	0	0	0	0	212	0	2344	0	560	0	0	0	0	0	0	0	0	0	0	0	0	0	3002	0	0	0	0	0	0	0	0	0	0	0	0	0	0	0	0	0	0	0	0	0	0	0	0	0	394	0	5554	0	3418	0	0	0	4000	0	0	0	0	0	0	0	0	0	0	0	0	0	0	0	0	0	0	0	0	0	0	0	0	0	0	
336088	Temporal_Inf_L	4432	252	438	0	0	0	168	180	0	0	0	0	0	0	0	0	1816	0	344	0	0	0	0	0	0	0	0	0	6444	0	0	0	104	0	4622	0	5872	0	734	0	850	0	2350	0	184	0	968	0	224	0	8250	0	13906	0	22186	0	3610	0	676	0	5096	0	1980	0	4596	0	2486	964	3210	0	0	0	628	0	0	0	126	0	4962	0	10904	0	6280	0	36460	0	5666	0	0	0	2690	0	1114	0	0	0	182	0	1036	0	762	0	292	0	0	0	0	0	0	0	0	0	0	0	0	0	
226616	Temporal_Inf_R	0	774	0	0	0	0	0	150	0	0	0	180	0	0	0	0	0	536	0	806	0	0	0	0	0	0	0	0	0	1830	0	0	78	1546	162	2070	0	7458	0	1582	0	0	0	5896	0	1172	0	2666	0	412	0	1494	0	10014	0	24394	0	1348	0	0	0	150	0	990	0	164	76	3900	0	1600	0	0	0	510	0	0	0	550	0	334	0	3536	0	3160	0	24594	0	4000	0	0	0	1766	0	612	0	130	0	606	0	1146	0	344	0	0	0	0	0	0	0	0	572	0	0	0	0	0	
449676	Cerebelum_Crus1_L	0	0	0	0	0	0	0	0	0	0	0	0	0	0	0	0	0	0	0	0	0	0	0	0	0	0	0	0	0	0	0	0	0	0	0	0	0	0	0	0	0	0	0	0	0	0	10264	1964	0	0	0	0	0	138	21834	650	0	0	0	0	0	0	0	0	0	0	0	0	0	0	0	0	0	0	0	0	0	0	0	0	0	0	0	0	0	0	0	0	2690	0	0	1984	43586	1406	1424	180	18622	400	52792	3720	17666	260	22886	802	3830	448	1552	0	498	740	2006	4754	5720	788	822	412	
414948	Cerebelum_Crus1_R	0	0	0	0	0	0	0	0	0	0	0	0	0	0	0	0	0	0	0	0	0	0	0	0	0	0	0	0	0	0	0	0	0	0	0	0	0	196	0	510	0	0	0	0	0	0	698	11806	0	0	0	0	0	230	156	23300	0	0	0	0	0	0	0	0	0	0	0	0	0	0	0	0	0	0	0	0	0	0	0	0	0	0	0	0	0	0	0	0	0	1766	1984	0	1284	31896	376	2850	2122	19320	2910	49134	0	15148	84	16030	146	1680	0	228	592	1748	6792	3526	7406	1696	1296	564	
390860	Cerebelum_Crus2_L	0	0	0	0	0	0	0	0	0	0	0	0	0	0	0	0	0	0	0	0	0	0	0	0	0	0	0	0	0	0	0	0	0	0	0	0	0	0	0	0	0	0	0	0	0	0	958	584	0	0	0	0	0	0	4298	304	0	0	0	0	0	0	0	0	0	0	0	0	0	0	0	0	0	0	0	0	0	0	0	0	0	0	0	0	0	0	0	0	1114	0	43586	1284	0	9424	730	122	3848	104	11742	1556	40458	6274	38440	4700	5116	664	2484	0	0	184	316	1458	10494	3866	1142	180	
283188	Cerebelum_Crus2_R	0	0	0	0	0	0	0	0	0	0	0	0	0	0	0	0	0	0	0	0	0	0	0	0	0	0	0	0	0	0	0	0	0	0	0	0	0	0	0	0	0	0	0	0	0	0	292	540	0	0	0	0	0	0	108	1858	0	0	0	0	0	0	0	0	0	0	0	0	0	0	0	0	0	0	0	0	0	0	0	0	0	0	0	0	0	0	0	0	0	612	1406	31896	9424	0	0	384	300	2592	696	6884	6384	30150	3052	27552	106	1356	0	184	0	172	816	290	10382	3282	876	0	
51872	Cerebelum_3_L	0	0	0	0	0	0	0	0	0	0	0	0	0	0	0	0	0	0	0	0	0	0	0	0	0	0	0	0	0	0	0	0	0	0	0	0	0	0	0	0	0	0	0	0	0	0	72	154	0	0	0	0	0	0	0	0	0	0	0	0	0	0	0	0	0	0	0	0	0	0	0	0	0	0	0	0	0	0	0	0	0	0	0	0	0	0	0	0	0	0	1424	376	730	0	0	190	7148	288	2906	1036	144	0	828	102	2038	266	0	0	1298	2170	2452	990	380	204	308	432	
61504	Cerebelum_3_R	0	0	0	0	0	0	0	0	0	0	0	0	0	0	0	0	0	0	0	0	0	0	0	0	0	0	0	0	0	0	0	0	0	0	0	0	0	0	0	120	0	0	0	0	0	0	0	90	0	0	0	0	0	0	0	542	0	0	0	0	0	0	0	0	0	0	0	0	0	0	0	0	0	0	0	0	0	0	0	0	0	0	0	0	0	0	0	0	0	130	180	2850	122	384	190	0	442	5122	560	4584	0	140	0	1082	346	2146	0	0	652	3740	1414	912	1700	1432	1608	264	
266664	Cerebelum_4_5_L	0	0	0	0	0	0	0	0	0	0	0	0	0	0	0	0	0	0	0	0	0	0	0	0	0	0	0	0	0	0	0	0	0	0	0	0	236	0	316	0	0	0	76	0	0	0	12088	1866	0	0	0	0	0	70	9382	432	0	0	0	0	0	0	0	0	0	0	180	0	0	0	0	0	0	0	0	0	0	0	0	0	0	0	0	0	0	0	0	0	182	0	18622	2122	3848	300	7148	442	0	2792	34946	4816	426	248	3922	356	5156	500	0	0	1506	2256	10600	4064	922	328	992	2192	
233120	Cerebelum_4_5_R	0	0	0	0	0	0	0	0	0	0	0	0	0	0	0	0	0	0	0	0	0	0	0	0	0	0	0	0	0	0	0	0	0	0	262	508	294	1318	268	2832	0	0	0	0	0	0	270	11216	0	0	0	0	0	138	106	12282	0	0	0	0	0	0	0	0	0	0	102	646	0	0	0	0	0	0	0	0	0	0	0	0	0	0	0	0	0	0	0	0	0	606	400	19320	104	2592	288	5122	2792	0	1952	28856	0	1644	106	3088	344	1312	0	0	0	1630	10102	1708	1826	1114	786	626	
409028	Cerebelum_6_L	0	0	0	0	0	0	0	0	0	0	0	0	0	0	0	0	0	0	0	0	0	0	0	0	0	0	0	0	0	0	0	0	0	0	0	0	0	0	0	0	0	0	0	0	0	0	16554	3348	0	0	0	0	0	256	26728	928	0	0	0	0	0	0	0	0	0	0	0	0	0	0	0	0	0	0	0	0	0	0	0	0	0	0	0	0	0	0	0	0	1036	0	52792	2910	11742	696	2906	560	34946	1952	0	6878	3326	200	8252	388	3954	522	516	0	832	1422	6740	8328	3510	378	728	1186	
409652	Cerebelum_6_R	0	0	0	0	0	0	0	0	0	0	0	0	0	0	0	0	0	0	0	0	0	0	0	0	0	0	0	0	0	0	0	0	0	0	0	0	0	274	0	924	0	0	0	0	0	0	1648	18442	0	0	0	0	0	684	682	27508	0	0	0	0	0	0	0	0	0	0	0	0	0	0	0	0	0	0	0	0	0	0	0	0	0	0	0	0	0	0	0	0	0	1146	3720	49134	1556	6884	1036	4584	4816	28856	6878	0	0	5140	158	5920	938	966	0	102	506	2060	11618	9332	6766	670	916	962	
290452	Cerebelum_7b_L	0	0	0	0	0	0	0	0	0	0	0	0	0	0	0	0	0	0	0	0	0	0	0	0	0	0	0	0	0	0	0	0	0	0	0	0	0	0	0	0	0	0	0	0	0	0	0	0	0	0	0	0	0	0	1228	0	0	0	0	0	0	0	0	0	0	0	0	0	0	0	0	0	0	0	0	0	0	0	0	0	0	0	0	0	0	0	0	0	762	0	17666	0	40458	6384	144	0	426	0	3326	0	0	5238	41240	6290	4746	522	2244	0	0	0	0	228	6376	7068	880	0	
215764	Cerebelum_7b_R	0	0	0	0	0	0	0	0	0	0	0	0	0	0	0	0	0	0	0	0	0	0	0	0	0	0	0	0	0	0	0	0	0	0	0	0	0	0	0	0	0	0	0	0	0	0	0	332	0	0	0	0	0	0	0	1548	0	0	0	0	0	0	0	0	0	0	0	0	0	0	0	0	0	0	0	0	0	0	0	0	0	0	0	0	0	0	0	0	0	344	260	15148	6274	30150	0	140	248	1644	200	5140	5238	0	2398	29770	0	1076	0	200	0	72	660	114	3938	2790	198	0	
342416	Cerebelum_8_L	0	0	0	0	0	0	0	0	0	0	0	0	0	0	0	0	0	0	0	0	0	0	0	0	0	0	0	0	0	0	0	0	0	0	0	0	0	0	0	0	0	0	0	0	0	0	276	0	0	0	0	0	0	0	2670	0	0	0	0	0	0	0	0	0	0	0	0	0	0	0	0	0	0	0	0	0	0	0	0	0	0	0	0	0	0	0	0	0	292	0	22886	84	38440	3052	828	0	3922	106	8252	158	41240	2398	0	6010	17638	1362	6268	0	0	100	378	540	4828	7490	1990	0	
288092	Cerebelum_8_R	0	0	0	0	0	0	0	0	0	0	0	0	0	0	0	0	0	0	0	0	0	0	0	0	0	0	0	0	0	0	0	0	0	0	0	0	0	0	0	0	0	0	0	0	0	0	90	502	0	0	0	0	0	0	0	1504	0	0	0	0	0	0	0	0	0	0	0	0	0	0	0	0	0	0	0	0	0	0	0	0	0	0	0	0	0	0	0	0	0	0	802	16030	4700	27552	102	1082	356	3088	388	5920	6290	29770	6010	0	248	14246	0	1696	140	766	864	294	7496	9898	4212	0	
124608	Cerebelum_9_L	0	0	0	0	0	0	0	0	0	0	0	0	0	0	0	0	0	0	0	0	0	0	0	0	0	0	0	0	0	0	0	0	0	0	0	0	0	0	0	0	0	0	0	0	0	0	0	218	0	0	0	0	0	0	406	0	0	0	0	0	0	0	0	0	0	0	0	0	0	0	0	0	0	0	0	0	0	0	0	0	0	0	0	0	0	0	0	0	0	0	3830	146	5116	106	2038	346	5156	344	3954	938	4746	0	17638	248	0	1538	7306	0	238	684	1510	1936	704	830	1302	1026	
103988	Cerebelum_9_R	0	0	0	0	0	0	0	0	0	0	0	0	0	0	0	0	0	0	0	0	0	0	0	0	0	0	0	0	0	0	0	0	0	0	0	0	0	0	0	0	0	0	0	0	0	0	0	98	0	0	0	0	0	0	0	0	0	0	0	0	0	0	0	0	0	0	0	0	0	0	0	0	0	0	0	0	0	0	0	0	0	0	0	0	0	0	0	0	0	0	448	1680	664	1356	266	2146	500	1312	522	966	522	1076	1362	14246	1538	0	0	2172	746	2026	812	1248	3218	5708	6164	1198	
41456	Cerebelum_10_L	0	0	0	0	0	0	0	0	0	0	0	0	0	0	0	0	0	0	0	0	0	0	0	0	0	0	0	0	0	0	0	0	0	0	0	0	0	0	0	0	0	0	0	0	0	0	0	0	0	0	0	0	0	0	358	0	0	0	0	0	0	0	0	0	0	0	0	0	0	0	0	0	0	0	0	0	0	0	0	0	0	0	0	0	0	0	0	0	0	0	1552	0	2484	0	0	0	0	0	516	0	2244	0	6268	0	7306	0	0	0	0	0	0	0	0	0	0	0	
9900	Cerebelum_10_R	0	0	0	0	0	0	0	0	0	0	0	0	0	0	0	0	0	0	0	0	0	0	0	0	0	0	0	0	0	0	0	0	0	0	0	0	0	0	0	0	0	0	0	0	0	0	0	0	0	0	0	0	0	0	0	0	0	0	0	0	0	0	0	0	0	0	0	0	0	0	0	0	0	0	0	0	0	0	0	0	0	0	0	0	0	0	0	0	0	0	0	228	0	184	0	0	0	0	0	102	0	200	0	1696	0	2172	0	0	0	0	0	0	0	186	182	0	
31972	Vermis_1_2	0	0	0	0	0	0	0	0	0	0	0	0	0	0	0	0	0	0	0	0	0	0	0	0	0	0	0	0	0	0	0	0	0	0	0	0	0	0	0	0	0	0	0	0	0	0	0	0	0	0	0	0	0	0	0	0	0	0	0	0	0	0	0	0	0	0	0	0	0	0	0	0	0	0	0	0	0	0	0	0	0	0	0	0	0	0	0	0	0	0	498	592	0	0	1298	652	1506	0	832	506	0	0	0	140	238	746	0	0	0	4594	2012	238	664	414	696	360	
69152	Vermis_3	0	0	0	0	0	0	0	0	0	0	0	0	0	0	0	0	0	0	0	0	0	0	0	0	0	0	0	0	0	0	0	0	0	0	0	0	0	0	0	296	0	0	0	0	0	0	0	338	0	0	0	0	0	0	0	0	0	0	0	0	0	0	0	0	0	0	0	0	0	0	0	0	0	0	0	0	0	0	0	0	0	0	0	0	0	0	0	0	0	0	740	1748	184	172	2170	3740	2256	1630	1422	2060	0	72	100	766	684	2026	0	0	4594	0	3316	908	1664	1316	1744	630	
216432	Vermis_4_5	0	0	0	0	0	0	0	0	0	0	0	0	0	0	0	0	0	0	0	0	0	0	0	0	0	0	0	0	0	0	0	0	0	154	678	5108	572	620	454	696	0	0	0	2882	0	220	970	10904	0	0	0	142	0	702	270	3822	0	0	0	0	0	0	0	0	0	0	296	5568	0	0	0	0	0	0	0	0	0	0	0	0	0	0	0	0	0	80	0	0	0	572	2006	6792	316	816	2452	1414	10600	10102	6740	11618	0	660	378	864	1510	812	0	0	2012	3316	0	5000	1454	440	1322	2882	
135504	Vermis_6	0	0	0	0	0	0	0	0	0	0	0	0	0	0	0	0	0	0	0	0	0	0	0	0	0	0	0	0	0	0	0	0	0	0	0	0	0	0	0	0	0	0	0	0	0	0	1984	6558	0	0	0	0	0	446	1134	1910	0	0	0	0	0	0	0	0	0	0	0	0	0	0	0	0	0	0	0	0	0	0	0	0	0	0	0	0	0	0	0	0	0	0	4754	3526	1458	290	990	912	4064	1708	8328	9332	228	114	540	294	1936	1248	0	0	238	908	5000	0	4006	864	1794	3188	
