data	data	493692	235296	1.02752e+06	696068	161864	73220	447340	207924	51132	12780	254544	153488	252880	124900	152512	40748	254612	107252	782604	784316	65612	56612	308424	273964	21988	65096	31508	55332	730408	234328	156772	239672	112192	464396	174240	167004	286024	334324	96276	186332	51996	60988	250600	260972	128860	260004	360120	324744	176560	271608	500540	256196	191952	93524	626140	518092	338892	143356	156736	123252	203936	178256	146668	124936	163156	186684	343884	295264	290640	207020	191232	291880	288116	321488	57596	22780	126464	175456	151924	25700	261880	88020	70872	50084	347316	222060	29020	16476	305284	211016	695660	617212	579684	413712	93024	80640	576260	380276	769496	620808	408056	217424	591696	412984	193840	201148	27088	20152	103548	157908	420856	324568	381496	201472	221272	140008	
data	data	Precentral_L	Precentral_R	Frontal_Sup_L	Frontal_Sup_R	Frontal_Sup_Orb_L	Frontal_Sup_Orb_R	Frontal_Mid_L	Frontal_Mid_R	Frontal_Mid_Orb_L	Frontal_Mid_Orb_R	Frontal_Inf_Oper_L	Frontal_Inf_Oper_R	Frontal_Inf_Tri_L	Frontal_Inf_Tri_R	Frontal_Inf_Orb_L	Frontal_Inf_Orb_R	Rolandic_Oper_L	Rolandic_Oper_R	Supp_Motor_Area_L	Supp_Motor_Area_R	Olfactory_L	Olfactory_R	Frontal_Sup_Medial_L	Frontal_Sup_Medial_R	Frontal_Med_Orb_L	Frontal_Med_Orb_R	Rectus_L	Rectus_R	Insula_L	Insula_R	Cingulum_Ant_L	Cingulum_Ant_R	Cingulum_Mid_L	Cingulum_Mid_R	Cingulum_Post_L	Cingulum_Post_R	Hippocampus_L	Hippocampus_R	ParaHippocampal_L	ParaHippocampal_R	Amygdala_L	Amygdala_R	Calcarine_L	Calcarine_R	Cuneus_L	Cuneus_R	Lingual_L	Lingual_R	Occipital_Sup_L	Occipital_Sup_R	Occipital_Mid_L	Occipital_Mid_R	Occipital_Inf_L	Occipital_Inf_R	Fusiform_L	Fusiform_R	Postcentral_L	Postcentral_R	Parietal_Sup_L	Parietal_Sup_R	Parietal_Inf_L	Parietal_Inf_R	SupraMarginal_L	SupraMarginal_R	Angular_L	Angular_R	Precuneus_L	Precuneus_R	Paracentral_Lobule_L	Paracentral_Lobule_R	Caudate_L	Caudate_R	Putamen_L	Putamen_R	Pallidum_L	Pallidum_R	Thalamus_L	Thalamus_R	Heschl_L	Heschl_R	Temporal_Sup_L	Temporal_Sup_R	Temporal_Pole_Sup_L	Temporal_Pole_Sup_R	Temporal_Mid_L	Temporal_Mid_R	Temporal_Pole_Mid_L	Temporal_Pole_Mid_R	Temporal_Inf_L	Temporal_Inf_R	Cerebelum_Crus1_L	Cerebelum_Crus1_R	Cerebelum_Crus2_L	Cerebelum_Crus2_R	Cerebelum_3_L	Cerebelum_3_R	Cerebelum_4_5_L	Cerebelum_4_5_R	Cerebelum_6_L	Cerebelum_6_R	Cerebelum_7b_L	Cerebelum_7b_R	Cerebelum_8_L	Cerebelum_8_R	Cerebelum_9_L	Cerebelum_9_R	Cerebelum_10_L	Cerebelum_10_R	Vermis_1_2	Vermis_3	Vermis_4_5	Vermis_6	Vermis_7	Vermis_8	Vermis_9	Vermis_10	
493692	Precentral_L	0	5344	22234	4012	0	152	22746	960	0	0	11374	418	1756	306	548	0	10592	0	16628	8456	0	0	378	704	0	108	0	0	11992	0	190	146	386	2286	718	134	4756	350	0	0	0	0	316	0	0	0	0	0	0	0	1244	0	1778	0	6282	0	38386	2120	414	0	4158	436	3422	382	270	0	634	0	22172	1194	3256	4212	1702	940	1278	0	10156	2490	4772	0	4056	0	228	0	1354	0	0	0	576	0	308	0	0	0	0	0	0	0	636	0	0	0	0	0	0	0	0	0	0	0	0	0	0	0	0	0	
235296	Precentral_R	5344	0	1194	9888	0	0	0	6098	0	0	0	3448	0	0	0	0	0	652	3158	16118	0	0	0	0	0	0	0	0	320	4182	0	0	286	960	360	298	458	5000	0	1000	0	0	0	0	0	0	0	0	0	0	0	224	0	1160	206	2242	4404	14204	0	1622	308	2102	0	1358	0	746	0	294	4584	6476	1028	1462	3410	1182	1636	0	226	1370	0	560	0	1696	0	0	0	2664	0	0	0	3720	0	0	0	0	0	0	0	0	0	0	0	0	0	0	0	0	0	0	0	0	0	0	0	0	0	0	
1.02752e+06	Frontal_Sup_L	22234	1194	0	16182	12334	248	61070	4992	378	0	24196	1052	21922	772	8266	0	15374	0	102926	20226	0	0	39704	732	626	0	0	0	60594	248	9316	2236	3858	8288	136	0	6282	104	0	0	0	0	0	0	0	0	0	0	0	0	106	0	198	0	2362	0	5784	0	0	0	0	0	0	0	0	0	0	0	6530	0	5440	2446	19302	526	3108	0	5878	392	4292	0	6582	0	1390	0	1018	0	0	0	2748	0	0	0	0	0	0	0	0	0	166	0	0	0	0	0	0	0	0	0	0	0	0	0	0	0	0	0	
696068	Frontal_Sup_R	4012	9888	16182	0	466	3330	2048	28122	0	0	0	11422	0	11824	124	4006	124	4608	19702	69328	0	0	8064	33424	0	3472	0	162	1268	11738	828	14656	570	13780	222	0	362	5272	0	1506	0	156	0	0	0	0	0	0	0	0	0	0	0	0	0	1304	258	454	0	0	0	0	0	0	0	0	0	0	4990	254	3712	18410	1544	20040	182	2348	1000	11808	0	136	0	354	0	336	0	0	0	0	0	238	0	0	0	0	0	0	0	0	0	0	0	0	0	0	0	0	0	0	0	0	0	0	0	0	0	0	
161864	Frontal_Sup_Orb_L	0	0	12334	466	0	130	3528	0	7742	0	150	0	2066	0	13344	0	0	0	1152	0	628	0	5250	228	1684	0	3016	0	12802	0	2754	0	148	0	0	0	0	0	0	0	122	0	0	0	0	0	0	0	0	0	0	0	0	0	0	0	0	0	0	0	0	0	0	0	0	0	0	0	0	0	1426	572	10962	0	0	0	0	0	0	0	0	0	428	0	0	0	0	0	0	0	0	0	0	0	0	0	0	0	0	0	0	0	0	0	0	0	0	0	0	0	0	0	0	0	0	0	
73220	Frontal_Sup_Orb_R	152	0	248	3330	130	0	262	980	0	2952	0	0	0	0	0	2616	0	0	0	420	122	876	238	1458	0	4458	0	5792	264	876	0	550	0	0	0	0	0	0	0	0	0	0	0	0	0	0	0	0	0	0	0	0	0	0	0	0	0	0	0	0	0	0	0	0	0	0	0	0	0	0	816	5154	148	4646	0	0	0	122	0	0	0	0	0	0	0	0	0	0	0	0	0	0	0	0	0	0	0	0	0	0	0	0	0	0	0	0	0	0	0	0	0	0	0	0	0	0	
447340	Frontal_Mid_L	22746	0	61070	2048	3528	262	0	1416	1894	0	17154	308	28556	290	6130	0	3362	0	7876	850	0	0	16402	860	0	0	0	0	25418	0	2670	544	178	434	0	0	1246	0	0	0	0	0	0	0	0	0	0	0	0	0	220	0	222	0	572	0	1476	0	0	0	314	0	0	0	0	0	0	0	776	0	3106	1822	1818	912	0	0	3130	262	1836	0	1326	0	0	0	370	0	0	0	162	0	0	0	0	0	0	0	0	0	104	0	0	0	0	0	0	0	0	0	0	0	0	0	0	0	0	0	
207924	Frontal_Mid_R	960	6098	4992	28122	0	980	1416	0	0	720	0	7506	0	11202	0	2156	0	182	6274	7294	0	0	598	2326	0	0	0	0	434	2182	272	1740	0	2300	0	0	380	1580	0	410	0	0	0	0	0	0	0	0	0	0	0	0	0	0	0	426	294	350	0	0	0	0	0	0	0	0	0	0	144	0	2674	2604	1862	1958	434	338	1956	462	0	0	0	0	0	0	0	108	0	0	0	228	0	0	0	0	0	0	0	0	0	0	0	0	0	0	0	0	0	0	0	0	0	0	0	0	0	0	
51132	Frontal_Mid_Orb_L	0	0	378	0	7742	0	1894	0	0	0	0	0	1634	0	10764	0	0	0	0	0	0	0	0	0	0	0	676	0	1080	0	0	0	0	0	0	0	0	0	0	0	0	0	0	0	0	0	0	0	0	0	0	0	0	0	0	0	0	0	0	0	0	0	0	0	0	0	0	0	0	0	0	0	1398	0	0	0	0	0	0	0	0	0	0	0	0	0	0	0	0	0	0	0	0	0	0	0	0	0	0	0	0	0	0	0	0	0	0	0	0	0	0	0	0	0	0	0	
12780	Frontal_Mid_Orb_R	0	0	0	0	0	2952	0	720	0	0	0	0	0	0	0	1150	0	0	0	0	0	0	0	0	0	0	0	522	0	172	0	0	0	0	0	0	0	0	0	0	0	0	0	0	0	0	0	0	0	0	0	0	0	0	0	0	0	0	0	0	0	0	0	0	0	0	0	0	0	0	0	324	0	550	0	0	0	0	0	0	0	0	0	0	0	0	0	0	0	0	0	0	0	0	0	0	0	0	0	0	0	0	0	0	0	0	0	0	0	0	0	0	0	0	0	0	
254544	Frontal_Inf_Oper_L	11374	0	24196	0	150	0	17154	0	0	0	0	186	15178	194	360	0	8890	0	15276	0	0	0	1132	0	0	0	0	0	16062	0	612	204	0	0	0	0	458	0	0	0	0	0	0	0	0	0	0	0	0	0	124	0	172	0	628	0	5610	0	0	0	878	0	0	0	0	0	0	0	0	0	128	0	702	0	0	0	376	0	1418	0	3790	0	1438	0	300	0	0	0	166	0	0	0	0	0	0	0	0	0	116	0	0	0	0	0	0	0	0	0	0	0	0	0	0	0	0	0	
153488	Frontal_Inf_Oper_R	418	3448	1052	11422	0	0	308	7506	0	0	186	0	128	12784	0	0	0	4992	1286	1818	0	0	130	496	0	0	0	0	386	12602	182	558	0	432	0	0	0	3182	0	746	0	0	0	0	0	0	0	0	0	0	0	0	0	0	0	696	106	630	0	0	0	0	0	0	0	0	0	0	0	0	742	108	178	7256	0	172	0	748	0	0	0	116	0	1522	0	150	0	0	0	258	0	0	0	0	0	0	0	0	0	0	0	0	0	0	0	0	0	0	0	0	0	0	0	0	0	0	
252880	Frontal_Inf_Tri_L	1756	0	21922	0	2066	0	28556	0	1634	0	15178	128	0	140	12696	0	814	0	6320	0	0	0	7050	0	0	0	0	0	22374	0	2232	192	194	0	0	0	0	0	0	0	0	0	0	0	0	0	0	0	0	0	0	0	0	0	208	0	450	0	0	0	0	0	0	0	0	0	0	0	0	0	506	152	616	0	0	0	0	0	314	0	396	0	546	0	0	0	0	0	0	0	0	0	0	0	0	0	0	0	0	0	0	0	0	0	0	0	0	0	0	0	0	0	0	0	0	0	
124900	Frontal_Inf_Tri_R	306	0	772	11824	0	0	290	11202	0	0	194	12784	140	0	0	1646	0	226	930	4994	0	0	238	1994	0	0	0	0	390	6098	336	1318	0	1130	0	0	0	944	0	0	0	0	0	0	0	0	0	0	0	0	0	0	0	0	0	104	0	0	0	0	0	0	0	0	0	0	0	0	0	0	1450	228	156	2460	0	0	0	296	0	0	0	0	0	0	0	0	0	0	0	0	0	0	0	0	0	0	0	0	0	0	0	0	0	0	0	0	0	0	0	0	0	0	0	0	0	0	
152512	Frontal_Inf_Orb_L	548	0	8266	124	13344	0	6130	0	10764	0	360	0	12696	0	0	0	0	0	1844	0	528	0	2038	0	0	0	400	0	11918	0	166	0	0	0	0	0	0	0	0	0	180	0	0	0	0	0	0	0	0	0	0	0	0	0	0	0	0	0	0	0	0	0	0	0	0	0	0	0	0	0	658	246	5450	0	0	0	0	0	0	0	0	0	596	0	0	0	0	0	0	0	0	0	0	0	0	0	0	0	0	0	0	0	0	0	0	0	0	0	0	0	0	0	0	0	0	0	
40748	Frontal_Inf_Orb_R	0	0	0	4006	0	2616	0	2156	0	1150	0	0	0	1646	0	0	0	0	0	122	0	868	0	234	0	0	0	906	0	3300	108	506	0	0	0	0	0	0	0	0	0	0	0	0	0	0	0	0	0	0	0	0	0	0	0	0	0	0	0	0	0	0	0	0	0	0	0	0	0	0	206	624	0	1926	0	0	0	0	0	0	0	0	0	0	0	0	0	0	0	0	0	0	0	0	0	0	0	0	0	0	0	0	0	0	0	0	0	0	0	0	0	0	0	0	0	0	
254612	Rolandic_Oper_L	10592	0	15374	124	0	0	3362	0	0	0	8890	0	814	0	0	0	0	0	13202	160	0	0	0	0	0	0	0	0	18504	0	0	0	148	0	0	0	320	222	0	0	0	0	184	0	0	0	0	0	0	0	2294	0	1154	0	1296	0	11012	0	840	0	1056	0	2440	0	1574	0	1060	0	702	0	186	0	310	0	0	0	972	0	8624	0	14152	0	1356	0	4562	0	0	0	1710	0	0	0	0	0	0	0	0	0	110	0	0	0	0	0	0	0	0	0	0	0	0	0	0	0	0	0	
107252	Rolandic_Oper_R	0	652	0	4608	0	0	0	182	0	0	0	4992	0	226	0	0	0	0	212	3634	0	0	0	0	0	0	0	0	0	12396	0	0	0	1186	0	0	0	2768	0	192	0	0	0	0	0	0	0	0	0	0	0	0	0	0	0	208	0	3452	0	0	0	230	0	2704	0	192	0	0	0	1076	0	0	606	5230	756	0	0	0	0	3048	0	3030	0	1560	0	296	0	0	0	190	0	0	0	0	0	0	0	0	0	0	0	0	0	0	0	0	0	0	0	0	0	0	0	0	0	0	
782604	Supp_Motor_Area_L	16628	3158	102926	19702	1152	0	7876	6274	0	0	15276	1286	6320	930	1844	0	13202	212	0	36360	0	0	6732	4048	0	0	0	0	35884	686	4350	4758	8920	21560	1092	0	5822	162	106	0	0	0	0	0	0	0	0	0	0	0	0	0	174	0	2420	0	6206	0	0	0	0	0	274	0	0	0	336	0	7026	408	3980	2558	17680	608	4990	178	3794	338	3094	0	5204	0	982	0	890	0	0	0	2738	0	0	0	0	0	0	0	0	0	158	0	0	0	0	0	0	0	0	0	0	0	0	0	0	0	0	0	
784316	Supp_Motor_Area_R	8456	16118	20226	69328	0	420	850	7294	0	0	0	1818	0	4994	0	122	160	3634	36360	0	0	0	4028	14620	0	754	0	0	380	6264	802	7126	2738	47686	2960	2864	314	6650	194	1584	0	156	0	380	0	656	0	0	0	986	208	1130	182	990	0	2418	1474	1966	0	942	128	1758	0	1402	0	1466	660	2402	19632	26960	390	12386	588	15296	298	2722	128	17140	0	994	0	1762	0	0	206	2812	0	0	156	2640	0	0	0	0	0	0	0	0	0	0	0	0	0	0	0	0	0	0	0	0	0	0	0	0	0	0	
65612	Olfactory_L	0	0	0	0	628	122	0	0	0	0	0	0	0	0	528	0	0	0	0	0	0	3726	0	0	148	182	1550	1880	2554	0	2074	2214	0	0	0	0	1654	0	1492	0	2892	0	0	0	0	0	0	0	0	0	0	0	0	0	1160	0	0	0	0	0	0	0	0	0	0	0	0	0	0	0	5886	2098	804	0	0	0	0	0	0	0	0	0	1108	0	0	0	0	0	106	0	0	0	0	0	0	0	0	0	0	0	0	0	0	0	0	0	0	0	0	0	0	0	0	0	0	0	
56612	Olfactory_R	0	0	0	0	0	876	0	0	0	0	0	0	0	0	0	868	0	0	0	0	3726	0	0	0	0	364	1224	3288	0	2392	1094	2024	0	0	0	0	0	606	0	576	0	738	0	0	0	0	0	0	0	0	0	0	0	0	0	112	0	0	0	0	0	0	0	0	0	0	0	0	0	0	5130	3836	442	894	0	0	0	0	0	0	0	0	0	116	0	0	0	0	0	0	0	0	0	0	0	0	0	0	0	0	0	0	0	0	0	0	0	0	0	0	0	0	0	0	0	0	
308424	Frontal_Sup_Medial_L	378	0	39704	8064	5250	238	16402	598	0	0	1132	130	7050	238	2038	0	0	0	6732	4028	0	0	0	14714	1080	518	140	0	8070	0	11240	9378	2362	8312	0	0	300	0	0	0	0	0	0	0	0	0	0	0	0	0	0	0	0	0	0	0	0	0	0	0	0	0	0	0	0	0	0	0	0	0	1294	252	4128	0	0	0	0	0	442	0	0	0	0	0	0	0	0	0	0	0	0	0	0	0	0	0	0	0	0	0	0	0	0	0	0	0	0	0	0	0	0	0	0	0	0	0	
273964	Frontal_Sup_Medial_R	704	0	732	33424	228	1458	860	2326	0	0	0	496	0	1994	0	234	0	0	4048	14620	0	0	14714	0	0	5026	0	238	492	238	1042	21134	182	15406	0	0	0	0	0	0	0	0	0	0	0	0	0	0	0	0	0	0	0	0	0	0	0	0	0	0	0	0	0	0	0	0	0	0	0	0	1964	9782	336	4830	0	0	0	474	0	0	0	0	0	0	0	0	0	0	0	0	0	0	0	0	0	0	0	0	0	0	0	0	0	0	0	0	0	0	0	0	0	0	0	0	0	0	
21988	Frontal_Med_Orb_L	0	0	626	0	1684	0	0	0	0	0	0	0	0	0	0	0	0	0	0	0	148	0	1080	0	0	386	1384	0	262	0	3518	366	0	0	0	0	0	0	0	0	0	0	0	0	0	0	0	0	0	0	0	0	0	0	0	0	0	0	0	0	0	0	0	0	0	0	0	0	0	0	452	0	1088	0	0	0	0	0	0	0	0	0	0	0	0	0	0	0	0	0	0	0	0	0	0	0	0	0	0	0	0	0	0	0	0	0	0	0	0	0	0	0	0	0	0	0	
65096	Frontal_Med_Orb_R	108	0	0	3472	0	4458	0	0	0	0	0	0	0	0	0	0	0	0	0	754	182	364	518	5026	386	0	0	3354	0	0	450	3134	0	0	0	0	0	0	0	0	0	0	0	0	0	0	0	0	0	0	0	0	0	0	0	0	0	0	0	0	0	0	0	0	0	0	0	0	0	0	374	5714	0	4058	0	0	0	196	0	0	0	0	0	0	0	0	0	0	0	0	0	0	0	0	0	0	0	0	0	0	0	0	0	0	0	0	0	0	0	0	0	0	0	0	0	0	
31508	Rectus_L	0	0	0	0	3016	0	0	0	676	0	0	0	0	0	400	0	0	0	0	0	1550	1224	140	0	1384	0	0	768	312	0	2596	778	0	0	0	0	0	0	0	0	0	0	0	0	0	0	0	0	0	0	0	0	0	0	0	0	0	0	0	0	0	0	0	0	0	0	0	0	0	0	1916	400	594	0	0	0	0	0	0	0	0	0	0	0	0	0	0	0	0	0	0	0	0	0	0	0	0	0	0	0	0	0	0	0	0	0	0	0	0	0	0	0	0	0	0	0	
55332	Rectus_R	0	0	0	162	0	5792	0	0	0	522	0	0	0	0	0	906	0	0	0	0	1880	3288	0	238	0	3354	768	0	0	1298	1000	2688	0	0	0	0	0	0	0	0	0	0	0	0	0	0	0	0	0	0	0	0	0	0	0	0	0	0	0	0	0	0	0	0	0	0	0	0	0	0	1842	2256	368	1304	0	0	0	0	0	0	0	0	0	0	0	0	0	0	0	0	0	0	0	0	0	0	0	0	0	0	0	0	0	0	0	0	0	0	0	0	0	0	0	0	0	0	
730408	Insula_L	11992	320	60594	1268	12802	264	25418	434	1080	0	16062	386	22374	390	11918	0	18504	0	35884	380	2554	0	8070	492	262	0	312	0	0	0	2874	152	256	0	108	0	18044	208	1296	0	2660	0	338	0	0	0	128	0	0	0	2208	0	2450	0	12516	0	5576	0	0	0	260	0	210	0	546	0	172	0	470	0	4786	1662	18782	498	184	0	6446	572	14504	0	11356	0	3786	0	6550	0	0	0	12020	0	540	0	0	0	0	0	0	0	1286	0	0	0	0	0	0	0	0	0	0	0	0	0	0	0	0	0	
234328	Insula_R	0	4182	248	11738	0	876	0	2182	0	172	0	12602	0	6098	0	3300	0	12396	686	6264	0	2392	0	238	0	0	0	1298	0	0	0	210	0	1224	0	152	0	9122	0	2414	0	500	0	0	0	0	0	0	0	0	0	0	0	294	0	3026	0	1770	0	418	0	486	0	124	0	118	0	118	0	1380	220	338	270	18142	136	0	0	580	0	2420	0	3894	0	1654	0	1044	0	0	0	2438	0	0	0	0	0	0	0	0	0	0	0	0	0	0	0	0	0	0	0	0	0	0	0	0	0	0	
156772	Cingulum_Ant_L	190	0	9316	828	2754	0	2670	272	0	0	612	182	2232	336	166	108	0	0	4350	802	2074	1094	11240	1042	3518	450	2596	1000	2874	0	0	8030	3274	1538	0	0	0	0	0	0	0	0	0	0	0	0	0	0	0	0	0	0	0	0	0	0	0	0	0	0	0	0	0	0	0	0	0	0	0	0	7070	1564	5986	218	0	0	0	0	0	0	0	0	0	0	0	0	0	0	0	0	0	0	0	0	0	0	0	0	0	0	0	0	0	0	0	0	0	0	0	0	0	0	0	0	0	0	
239672	Cingulum_Ant_R	146	0	2236	14656	0	550	544	1740	0	0	204	558	192	1318	0	506	0	0	4758	7126	2214	2024	9378	21134	366	3134	778	2688	152	210	8030	0	2022	16010	0	0	0	0	0	0	0	0	0	0	0	0	0	0	0	0	0	0	0	0	0	0	0	0	0	0	0	0	0	0	0	0	0	0	0	0	3916	8560	784	3902	0	0	0	0	0	0	0	0	0	0	0	0	0	0	0	0	0	0	0	0	0	0	0	0	0	0	0	0	0	0	0	0	0	0	0	0	0	0	0	0	0	0	
112192	Cingulum_Mid_L	386	286	3858	570	148	0	178	0	0	0	0	0	194	0	0	0	148	0	8920	2738	0	0	2362	182	0	0	0	0	256	0	3274	2022	0	9798	4406	124	0	0	0	0	0	0	242	0	126	118	134	0	626	0	1342	0	0	0	0	0	524	0	782	0	120	0	0	0	594	0	4952	672	5058	766	0	0	0	0	0	0	0	0	0	0	0	0	0	0	190	0	0	0	0	0	0	0	0	0	0	0	0	0	0	0	0	0	0	0	0	0	0	0	0	0	0	0	0	0	0	0	
464396	Cingulum_Mid_R	2286	960	8288	13780	0	0	434	2300	0	0	0	432	0	1130	0	0	0	1186	21560	47686	0	0	8312	15406	0	0	0	0	0	1224	1538	16010	9798	0	3062	7602	0	164	0	0	0	0	0	1872	0	4008	0	0	0	3808	0	2622	0	148	0	248	656	3778	0	1154	0	1948	0	1626	0	992	1902	11068	8494	18336	0	1490	156	128	188	0	0	662	0	308	0	414	0	0	0	1510	0	0	0	1524	0	0	0	0	0	0	0	0	0	0	0	0	0	0	0	0	0	0	0	0	0	0	0	0	0	0	
174240	Cingulum_Post_L	718	360	136	222	0	0	0	0	0	0	0	0	0	0	0	0	0	0	1092	2960	0	0	0	0	0	0	0	0	108	0	0	0	4406	3062	0	11954	1458	4268	1290	1640	0	0	3292	0	404	330	1782	0	550	0	2740	0	4734	676	4018	1938	1882	242	356	0	0	0	0	0	0	0	9490	2254	6570	3616	0	0	0	0	0	0	0	2168	0	0	172	0	0	0	2434	890	0	0	1716	1192	0	0	0	0	0	0	0	0	0	0	0	0	0	0	0	0	0	0	0	0	0	0	0	0	0	0	
167004	Cingulum_Post_R	134	298	0	0	0	0	0	0	0	0	0	0	0	0	0	0	0	0	0	2864	0	0	0	0	0	0	0	0	0	152	0	0	124	7602	11954	0	816	5774	282	2134	0	0	334	4054	0	2784	192	838	0	1094	276	1290	980	1988	2038	3394	166	1288	0	396	0	300	0	0	0	244	3706	14626	952	4160	0	0	0	0	0	0	0	1634	0	0	0	0	0	0	384	1612	0	0	276	2102	0	0	0	0	0	0	0	0	0	0	0	0	0	0	0	0	0	0	0	0	260	0	0	0	0	0	
286024	Hippocampus_L	4756	458	6282	362	0	0	1246	380	0	0	458	0	0	0	0	0	320	0	5822	314	1654	0	300	0	0	0	0	0	18044	0	0	0	0	0	1458	816	0	1034	14534	632	7946	0	210	0	0	0	2004	0	0	0	0	0	366	0	21716	144	1462	0	0	0	0	0	0	0	0	0	760	0	612	0	542	1366	7182	608	918	0	6890	3120	3562	0	6020	0	986	0	2618	0	0	0	12152	0	1352	0	0	0	0	0	0	0	1606	0	0	0	0	0	0	0	0	0	0	0	0	0	0	0	0	0	
334324	Hippocampus_R	350	5000	104	5272	0	0	0	1580	0	0	0	3182	0	944	0	0	222	2768	162	6650	0	606	0	0	0	0	0	0	208	9122	0	0	0	164	4268	5774	1034	0	584	26926	0	8026	260	2842	0	302	272	4456	0	0	164	500	742	1056	1872	22472	288	752	0	0	0	0	0	0	0	0	548	6512	782	164	0	128	104	19158	0	618	0	5498	0	310	122	1122	0	2034	540	1564	0	394	308	7072	0	116	0	0	0	0	0	796	0	226	0	0	0	0	0	0	0	0	0	0	122	0	0	0	0	0	
96276	ParaHippocampal_L	0	0	0	0	0	0	0	0	0	0	0	0	0	0	0	0	0	0	106	194	1492	0	0	0	0	0	0	0	1296	0	0	0	0	0	1290	282	14534	584	0	372	3560	0	722	0	0	0	3592	616	0	0	0	0	0	0	8822	0	0	0	0	0	0	0	0	0	0	0	1406	0	0	0	120	0	774	0	0	0	2396	1396	0	0	136	0	1298	0	0	0	972	0	872	0	0	0	0	0	222	0	196	0	172	0	0	0	0	0	0	0	0	0	152	564	0	0	0	0	0	0	
186332	ParaHippocampal_R	0	1000	0	1506	0	0	0	410	0	0	0	746	0	0	0	0	0	192	0	1584	0	576	0	0	0	0	0	0	0	2414	0	0	0	0	1640	2134	632	26926	372	0	0	6430	170	1266	0	0	196	3610	0	0	0	228	0	1058	302	16674	0	150	0	0	0	0	0	0	0	0	194	2706	0	0	0	0	0	6846	0	514	0	2546	0	0	0	626	0	2006	0	900	0	582	0	4068	0	170	0	0	0	0	0	1230	0	426	0	0	0	0	0	136	0	0	0	0	0	0	0	0	0	0	
51996	Amygdala_L	0	0	0	0	122	0	0	0	0	0	0	0	0	0	180	0	0	0	0	0	2892	0	0	0	0	0	0	0	2660	0	0	0	0	0	0	0	7946	0	3560	0	0	0	0	0	0	0	0	0	0	0	0	0	0	0	4944	0	0	0	0	0	0	0	0	0	0	0	0	0	0	0	586	0	460	0	0	0	0	0	0	0	0	0	1186	0	0	0	196	0	1266	0	0	0	0	0	0	0	0	0	0	0	0	0	0	0	0	0	0	0	0	0	0	0	0	0	0	0	
60988	Amygdala_R	0	0	0	156	0	0	0	0	0	0	0	0	0	0	0	0	0	0	0	156	0	738	0	0	0	0	0	0	0	500	0	0	0	0	0	0	0	8026	0	6430	0	0	0	0	0	0	0	0	0	0	0	0	0	0	0	7180	0	0	0	0	0	0	0	0	0	0	0	0	0	0	0	110	0	1158	0	0	0	174	0	0	0	0	0	3126	0	0	0	350	0	2390	0	0	0	0	0	0	0	0	0	0	0	0	0	0	0	0	0	0	0	0	0	0	0	0	0	0	
250600	Calcarine_L	316	0	0	0	0	0	0	0	0	0	0	0	0	0	0	0	184	0	0	0	0	0	0	0	0	0	0	0	338	0	0	0	242	0	3292	334	210	260	722	170	0	0	0	6092	14632	5000	13886	1264	10348	3010	26820	266	8582	0	4290	296	478	0	924	0	196	0	148	0	584	0	15484	500	1980	0	0	0	0	0	0	0	0	0	260	0	302	0	0	0	1968	0	0	0	1038	0	142	0	0	0	0	0	134	0	366	0	0	0	0	0	0	0	0	0	0	0	136	106	0	0	0	0	
260972	Calcarine_R	0	0	0	0	0	0	0	0	0	0	0	0	0	0	0	0	0	0	0	380	0	0	0	0	0	0	0	0	0	0	0	0	0	1872	0	4054	0	2842	0	1266	0	0	6092	0	2530	23978	1226	18156	0	19280	0	12446	0	4784	0	7184	0	0	0	198	0	278	0	0	0	552	544	18578	0	384	0	0	0	0	0	0	0	0	0	0	0	0	0	0	0	2014	0	0	0	1076	0	0	0	0	0	0	0	0	0	0	0	0	0	0	0	0	0	0	0	0	490	282	0	0	0	0	
128860	Cuneus_L	0	0	0	0	0	0	0	0	0	0	0	0	0	0	0	0	0	0	0	0	0	0	0	0	0	0	0	0	0	0	0	0	126	0	404	0	0	0	0	0	0	0	14632	2530	0	4934	1714	148	13502	1414	7904	0	1404	0	732	0	158	0	2108	0	0	0	0	0	0	0	8946	1276	1428	0	0	0	0	0	0	0	0	0	0	0	0	0	0	0	554	0	0	0	382	0	0	0	0	0	0	0	0	0	134	0	0	0	0	0	0	0	0	0	0	0	0	0	0	0	0	0	
260004	Cuneus_R	0	0	0	0	0	0	0	0	0	0	0	0	0	0	0	0	0	0	0	656	0	0	0	0	0	0	0	0	0	0	0	0	118	4008	330	2784	0	302	0	0	0	0	5000	23978	4934	0	582	7272	156	35600	0	9916	0	844	0	2528	0	0	0	4162	0	0	0	0	0	0	5124	20344	248	660	0	0	0	0	0	0	0	0	0	0	0	0	0	0	0	226	0	0	0	106	0	0	0	0	0	0	0	0	0	0	0	0	0	0	0	0	0	0	0	0	0	124	0	0	0	0	
360120	Lingual_L	0	0	0	0	0	0	0	0	0	0	0	0	0	0	0	0	0	0	0	0	0	0	0	0	0	0	0	0	128	0	0	0	134	0	1782	192	2004	272	3592	196	0	0	13886	1226	1714	582	0	5628	5460	778	13940	214	6940	124	25312	2614	236	0	244	0	112	0	0	0	0	0	7786	110	418	0	0	0	0	0	0	0	240	328	0	0	134	0	0	0	482	0	0	0	398	0	13458	3348	856	0	462	0	17480	4972	22904	4978	0	0	498	0	0	0	0	0	106	196	7940	3690	1654	0	130	182	
324744	Lingual_R	0	0	0	0	0	0	0	0	0	0	0	0	0	0	0	0	0	0	0	0	0	0	0	0	0	0	0	0	0	0	0	0	0	0	0	838	0	4456	616	3610	0	0	1264	18156	148	7272	5628	0	0	10912	124	5900	192	4536	1964	19832	0	0	0	166	0	0	0	0	0	0	0	6530	0	0	0	0	0	0	0	0	0	0	0	0	0	0	0	0	0	0	0	0	0	0	3706	7052	922	144	306	0	8476	11544	8576	10606	216	0	994	0	168	104	0	0	242	360	10144	5282	430	180	374	402	
176560	Occipital_Sup_L	0	0	0	0	0	0	0	0	0	0	0	0	0	0	0	0	0	0	0	0	0	0	0	0	0	0	0	0	0	0	0	0	626	0	550	0	0	0	0	0	0	0	10348	0	13502	156	5460	0	0	0	27664	0	1414	0	916	0	636	0	8790	0	1444	0	206	0	1792	0	12000	602	928	0	0	0	0	0	0	0	0	0	0	0	178	0	0	0	1068	0	0	0	0	0	0	0	0	0	0	0	0	0	0	0	0	0	0	0	0	0	0	0	0	0	0	0	0	0	0	0	
271608	Occipital_Sup_R	0	0	0	0	0	0	0	0	0	0	0	0	0	0	0	0	0	0	0	986	0	0	0	0	0	0	0	0	0	0	0	0	0	3808	0	1094	0	0	0	0	0	0	3010	19280	1414	35600	778	10912	0	0	0	23760	0	2566	0	3716	0	564	0	8402	0	1798	0	0	0	3844	1088	11342	308	1078	0	0	0	0	0	0	0	0	0	0	0	0	0	0	0	300	0	0	0	0	0	0	0	0	0	0	0	0	0	0	0	0	0	0	0	0	0	0	0	0	0	156	0	0	0	0	
500540	Occipital_Mid_L	1244	0	106	0	0	0	220	0	0	0	124	0	0	0	0	0	2294	0	0	208	0	0	0	0	0	0	0	0	2208	0	0	0	1342	0	2740	276	0	164	0	0	0	0	26820	0	7904	0	13940	124	27664	0	0	0	16868	0	9648	224	5026	0	15866	0	11618	0	5216	0	23922	0	27540	0	4968	370	368	0	0	0	0	0	0	0	1500	0	5210	0	0	0	26524	132	0	0	6470	164	108	0	0	0	0	0	156	108	548	0	0	0	0	0	0	0	0	0	0	0	170	168	0	0	0	0	
256196	Occipital_Mid_R	0	224	0	0	0	0	0	0	0	0	0	0	0	0	0	0	0	0	0	1130	0	0	0	0	0	0	0	0	0	0	0	0	0	2622	0	1290	0	500	0	228	0	0	266	12446	0	9916	214	5900	0	23760	0	0	0	6428	0	3980	0	434	0	5370	0	8426	0	274	0	18734	168	8380	194	1514	0	0	0	0	0	0	0	0	0	0	0	246	0	0	0	12184	0	0	0	3270	0	0	0	0	0	0	0	0	0	0	0	0	0	0	0	0	0	0	0	0	0	0	0	0	0	0	
191952	Occipital_Inf_L	1778	0	198	0	0	0	222	0	0	0	172	0	0	0	0	0	1154	0	174	182	0	0	0	0	0	0	0	0	2450	0	0	0	0	0	4734	980	366	742	0	0	0	0	8582	0	1404	0	6940	192	1414	0	16868	0	0	0	14160	790	1260	0	0	0	230	0	460	0	274	0	4916	0	1970	388	134	0	0	0	0	0	0	0	2274	0	1344	0	0	0	6352	384	0	0	8354	422	680	120	0	0	0	0	428	222	1448	180	0	0	0	0	0	0	0	0	0	0	334	300	0	0	0	0	
93524	Occipital_Inf_R	0	1160	0	0	0	0	0	0	0	0	0	0	0	0	0	0	0	0	0	990	0	0	0	0	0	0	0	0	0	294	0	0	0	148	676	1988	0	1056	0	1058	0	0	0	4784	0	844	124	4536	0	2566	0	6428	0	0	206	7636	0	196	0	0	0	104	0	0	0	432	158	3132	0	878	0	0	0	0	0	0	0	0	0	0	0	0	0	0	0	2390	0	0	0	4782	0	0	0	0	0	0	0	0	0	196	0	0	0	0	0	0	0	0	0	0	0	0	0	0	0	0	
626140	Fusiform_L	6282	206	2362	0	0	0	572	0	0	0	628	0	208	0	0	0	1296	0	2420	0	1160	0	0	0	0	0	0	0	12516	0	0	0	0	0	4018	2038	21716	1872	8822	302	4944	0	4290	0	732	0	25312	1964	916	0	9648	0	14160	206	0	2128	3270	0	242	0	586	0	536	0	312	0	3050	0	2512	0	156	150	2012	106	0	0	1716	558	5340	0	6674	0	2558	0	4198	248	1452	0	22076	298	29630	2478	2386	360	802	0	21492	2740	42482	3318	1506	0	3738	508	1770	116	256	0	0	116	4626	2212	2094	1010	458	204	
518092	Fusiform_R	0	2242	0	1304	0	0	0	426	0	0	0	696	0	104	0	0	0	208	0	2418	0	112	0	0	0	0	0	0	0	3026	0	0	0	248	1938	3394	144	22472	0	16674	0	7180	296	7184	0	2528	2614	19832	0	3716	224	3980	790	7636	2128	0	0	348	0	0	0	0	0	0	0	0	356	3910	304	520	0	0	0	6536	0	154	0	1436	0	0	0	940	0	4000	366	4700	0	1188	278	14990	2942	23880	874	1082	232	710	6928	15608	7078	27858	174	0	1050	482	188	190	0	152	278	498	9480	4290	504	228	402	398	
338892	Postcentral_L	38386	4404	5784	258	0	0	1476	294	0	0	5610	106	450	0	0	0	11012	0	6206	1474	0	0	0	0	0	0	0	0	5576	0	0	0	524	656	1882	166	1462	288	0	0	0	0	478	0	158	0	236	0	636	0	5026	0	1260	0	3270	0	0	1390	7800	0	18826	0	9456	236	3140	0	4990	0	7946	580	390	1746	912	0	0	0	412	460	5028	0	5340	0	278	0	2280	0	0	0	718	0	138	0	0	0	0	0	0	0	302	0	0	0	0	0	0	0	0	0	0	0	0	0	0	0	0	0	
143356	Postcentral_R	2120	14204	0	454	0	0	0	350	0	0	0	630	0	0	0	0	0	3452	0	1966	0	0	0	0	0	0	0	0	0	1770	0	0	0	3778	242	1288	0	752	0	150	0	0	0	0	0	0	0	0	0	564	0	434	0	196	0	348	1390	0	0	4388	524	3704	0	10426	0	1818	0	2914	1738	5938	376	0	1610	630	1226	0	0	0	0	472	0	720	0	0	0	412	0	0	0	694	0	0	0	0	0	0	0	0	0	0	0	0	0	0	0	0	0	0	0	0	0	0	0	0	0	0	
156736	Parietal_Sup_L	414	0	0	0	0	0	0	0	0	0	0	0	0	0	0	0	840	0	0	0	0	0	0	0	0	0	0	0	0	0	0	0	782	0	356	0	0	0	0	0	0	0	924	0	2108	0	244	0	8790	0	15866	0	0	0	242	0	7800	0	0	0	13474	0	330	0	8132	0	15004	274	1726	0	0	0	0	0	0	0	0	0	0	0	416	0	0	0	480	0	0	0	166	0	0	0	0	0	0	0	0	0	0	0	0	0	0	0	0	0	0	0	0	0	0	0	0	0	0	0	
123252	Parietal_Sup_R	0	1622	0	0	0	0	0	0	0	0	0	0	0	0	0	0	0	0	0	942	0	0	0	0	0	0	0	0	0	418	0	0	0	1154	0	396	0	0	0	0	0	0	0	198	0	4162	0	166	0	8402	0	5370	0	0	0	0	0	4388	0	0	0	12666	0	2438	0	10250	624	5114	152	1000	0	0	0	0	0	0	0	0	0	0	0	418	0	0	0	1598	0	0	0	148	0	0	0	0	0	0	0	0	0	0	0	0	0	0	0	0	0	0	0	0	0	0	0	0	0	0	
203936	Parietal_Inf_L	4158	308	0	0	0	0	314	0	0	0	878	0	0	0	0	0	1056	0	0	128	0	0	0	0	0	0	0	0	260	0	0	0	120	0	0	0	0	0	0	0	0	0	196	0	0	0	112	0	1444	0	11618	0	230	0	586	0	18826	524	13474	0	0	114	17458	0	13758	0	4638	0	2096	164	0	0	0	0	0	0	0	0	110	0	1256	0	0	0	6250	0	0	0	1892	0	0	0	0	0	0	0	0	0	0	0	0	0	0	0	0	0	0	0	0	0	0	0	0	0	0	0	
178256	Parietal_Inf_R	436	2102	0	0	0	0	0	0	0	0	0	0	0	0	0	0	0	230	0	1758	0	0	0	0	0	0	0	0	0	486	0	0	0	1948	0	300	0	0	0	0	0	0	0	278	0	0	0	0	0	1798	0	8426	0	104	0	0	0	3704	0	12666	114	0	0	13574	0	24644	0	1000	736	1970	0	0	0	0	0	0	0	0	0	130	0	2418	0	0	0	8362	0	0	0	1944	0	0	0	0	0	0	0	0	0	0	0	0	0	0	0	0	0	0	0	0	0	0	0	0	0	0	
146668	SupraMarginal_L	3422	0	0	0	0	0	0	0	0	0	0	0	0	0	0	0	2440	0	274	0	0	0	0	0	0	0	0	0	210	0	0	0	0	0	0	0	0	0	0	0	0	0	148	0	0	0	0	0	206	0	5216	0	460	0	536	0	9456	0	330	0	17458	0	0	0	7648	0	2132	0	564	0	0	0	0	0	0	0	0	0	168	0	6850	0	0	0	13312	0	0	0	2504	0	0	0	0	0	0	0	0	0	0	0	0	0	0	0	0	0	0	0	0	0	0	0	0	0	0	0	
124936	SupraMarginal_R	382	1358	0	0	0	0	0	0	0	0	0	0	0	0	0	0	0	2704	0	1402	0	0	0	0	0	0	0	0	0	124	0	0	0	1626	0	0	0	0	0	0	0	0	0	0	0	0	0	0	0	0	0	274	0	0	0	0	236	10426	0	2438	0	13574	0	0	0	8836	0	266	422	1378	0	0	582	0	760	0	0	0	0	306	0	5486	0	0	0	7120	0	0	0	2768	0	0	0	0	0	0	0	0	0	0	0	0	0	0	0	0	0	0	0	0	0	0	0	0	0	0	
163156	Angular_L	270	0	0	0	0	0	0	0	0	0	0	0	0	0	0	0	1574	0	0	0	0	0	0	0	0	0	0	0	546	0	0	0	594	0	0	0	0	0	0	0	0	0	584	0	0	0	0	0	1792	0	23922	0	274	0	312	0	3140	0	8132	0	13758	0	7648	0	0	0	6222	0	986	0	122	0	0	0	0	0	0	0	370	0	1696	0	0	0	9226	0	0	0	410	0	0	0	0	0	0	0	0	0	0	0	0	0	0	0	0	0	0	0	0	0	0	0	0	0	0	0	
186684	Angular_R	0	746	0	0	0	0	0	0	0	0	0	0	0	0	0	0	0	192	0	1466	0	0	0	0	0	0	0	0	0	118	0	0	0	992	0	244	0	0	0	0	0	0	0	552	0	0	0	0	0	3844	0	18734	0	432	0	0	0	1818	0	10250	0	24644	0	8836	0	0	0	1232	0	1956	0	0	0	0	0	0	0	0	0	0	0	3010	0	0	0	12192	0	0	0	2084	0	0	0	0	0	0	0	0	0	0	0	0	0	0	0	0	0	0	0	0	0	0	0	0	0	0	
343884	Precuneus_L	634	0	0	0	0	0	0	0	0	0	0	0	0	0	0	0	1060	0	336	660	0	0	0	0	0	0	0	0	172	0	0	0	4952	1902	9490	3706	760	548	1406	194	0	0	15484	544	8946	5124	7786	0	12000	1088	27540	168	4916	158	3050	356	4990	0	15004	624	4638	0	2132	0	6222	0	0	11214	5232	752	0	0	0	0	0	0	0	136	144	0	1740	0	0	0	3876	174	0	0	1684	238	0	0	0	0	0	0	0	0	162	0	0	0	0	0	0	0	0	0	0	0	0	0	0	0	0	0	
295264	Precuneus_R	0	294	0	0	0	0	0	0	0	0	0	0	0	0	0	0	0	0	0	2402	0	0	0	0	0	0	0	0	0	118	0	0	672	11068	2254	14626	0	6512	0	2706	0	0	500	18578	1276	20344	110	6530	602	11342	0	8380	0	3132	0	3910	0	2914	274	5114	0	1000	0	266	0	1232	11214	0	872	5240	0	0	0	0	0	0	0	0	0	0	0	0	0	0	0	1724	0	0	0	1416	0	0	0	0	0	0	0	362	0	0	0	0	0	0	0	0	0	0	0	0	648	0	0	0	0	0	
290640	Paracentral_Lobule_L	22172	4584	6530	4990	0	0	776	144	0	0	0	0	0	0	0	0	702	0	7026	19632	0	0	0	0	0	0	0	0	470	0	0	0	5058	8494	6570	952	612	782	0	0	0	0	1980	0	1428	248	418	0	928	308	4968	194	1970	0	2512	304	7946	1738	1726	152	2096	736	564	422	986	0	5232	872	0	7384	314	1266	0	0	290	0	2650	2174	270	0	590	0	0	0	1820	190	0	0	646	192	114	0	0	0	0	0	0	0	198	0	0	0	0	0	0	0	0	0	0	0	0	0	0	0	0	0	
207020	Paracentral_Lobule_R	1194	6476	0	254	0	0	0	0	0	0	0	0	0	0	0	0	0	1076	408	26960	0	0	0	0	0	0	0	0	0	1380	0	0	766	18336	3616	4160	0	164	0	0	0	0	0	384	0	660	0	0	0	1078	370	1514	388	878	0	520	580	5938	0	1000	164	1970	0	1378	0	1956	752	5240	7384	0	0	0	124	0	154	0	0	0	0	548	0	998	0	0	524	2206	0	0	410	1602	0	0	0	0	0	0	0	0	0	0	0	0	0	0	0	0	0	0	0	0	0	0	0	0	0	0	
191232	Caudate_L	3256	1028	5440	3712	1426	816	3106	2674	0	0	128	742	506	1450	658	206	186	0	3980	390	5886	5130	1294	1964	452	374	1916	1842	4786	220	7070	3916	0	0	0	0	542	0	120	0	586	0	0	0	0	0	0	0	0	0	368	0	134	0	156	0	390	376	0	0	0	0	0	0	122	0	0	0	314	0	0	10442	9676	1806	556	0	3720	580	586	0	0	0	184	0	404	0	0	0	0	0	0	0	0	0	0	0	0	0	0	0	0	0	0	0	0	0	0	0	0	0	0	0	0	0	0	0	
291880	Caudate_R	4212	1462	2446	18410	572	5154	1822	2604	0	324	0	108	152	228	246	624	0	0	2558	12386	2098	3836	252	9782	0	5714	400	2256	1662	338	1564	8560	0	1490	0	0	1366	128	0	0	0	110	0	0	0	0	0	0	0	0	0	0	0	0	150	0	1746	0	0	0	0	0	0	0	0	0	0	0	1266	0	10442	0	2958	14850	582	1446	1678	17710	248	0	0	0	0	0	0	0	0	0	0	0	0	0	0	0	0	0	0	0	0	0	0	0	0	0	0	0	0	0	0	0	0	0	0	0	0	0	
288116	Putamen_L	1702	3410	19302	1544	10962	148	1818	1862	1398	0	702	178	616	156	5450	0	310	606	17680	588	804	442	4128	336	1088	0	594	368	18782	270	5986	784	0	156	0	0	7182	104	774	0	460	0	0	0	0	0	0	0	0	0	0	0	0	0	2012	0	912	1610	0	0	0	0	0	582	0	0	0	0	0	124	9676	2958	0	1194	9294	0	1336	348	202	0	530	0	1148	0	170	0	0	0	1272	0	0	0	0	0	0	0	0	0	0	0	0	0	0	0	0	0	0	0	0	0	0	0	0	0	0	0	
321488	Putamen_R	940	1182	526	20040	0	4646	912	1958	0	550	0	7256	0	2460	0	1926	0	5230	608	15296	0	894	0	4830	0	4058	0	1304	498	18142	218	3902	0	128	0	0	608	19158	0	6846	0	1158	0	0	0	0	0	0	0	0	0	0	0	0	106	6536	0	630	0	0	0	0	0	0	0	0	0	0	0	0	1806	14850	1194	0	0	2900	444	3522	0	200	0	228	0	1794	0	212	0	0	0	1048	0	0	0	0	0	0	0	0	0	0	0	0	0	0	0	0	0	0	0	0	0	0	0	0	0	0	
57596	Pallidum_L	1278	1636	3108	182	0	0	0	434	0	0	0	0	0	0	0	0	0	756	4990	298	0	0	0	0	0	0	0	0	184	136	0	0	0	188	0	0	918	0	0	0	0	0	0	0	0	0	0	0	0	0	0	0	0	0	0	0	0	1226	0	0	0	0	0	760	0	0	0	0	290	154	556	582	9294	0	0	0	1432	276	0	0	0	0	0	0	0	120	0	0	0	0	0	0	0	0	0	0	0	0	0	0	0	0	0	0	0	0	0	0	0	0	0	0	0	0	0	0	
22780	Pallidum_R	0	0	0	2348	0	0	0	338	0	0	0	172	0	0	0	0	0	0	178	2722	0	0	0	0	0	0	0	0	0	0	0	0	0	0	0	0	0	618	0	514	0	0	0	0	0	0	0	0	0	0	0	0	0	0	0	154	0	0	0	0	0	0	0	0	0	0	0	0	0	0	0	1446	0	2900	0	0	0	0	0	0	0	0	0	0	0	0	0	0	0	0	0	0	0	0	0	0	0	0	0	0	0	0	0	0	0	0	0	0	0	0	0	0	0	0	0	0	
126464	Thalamus_L	10156	226	5878	1000	0	0	3130	1956	0	0	376	0	0	0	0	0	972	0	3794	128	0	0	0	0	0	0	0	0	6446	0	0	0	0	0	0	0	6890	0	2396	0	0	0	0	0	0	0	240	0	0	0	0	0	0	0	1716	0	412	0	0	0	0	0	0	0	0	0	0	0	2650	0	3720	1678	1336	444	1432	0	0	4256	1090	0	302	0	0	0	206	0	0	0	402	0	0	0	0	0	0	0	0	0	0	0	0	0	0	0	0	0	0	0	0	0	0	0	0	0	0	0	
175456	Thalamus_R	2490	1370	392	11808	0	122	262	462	0	0	0	748	0	296	0	0	0	0	338	17140	0	0	0	474	0	196	0	0	572	580	0	0	0	662	2168	1634	3120	5498	1396	2546	0	174	0	0	0	0	328	0	0	0	0	0	0	0	558	1436	460	0	0	0	0	0	0	0	0	0	136	0	2174	0	580	17710	348	3522	276	0	4256	0	504	0	0	0	0	0	0	436	0	0	0	556	0	0	0	0	0	0	0	0	0	0	0	0	0	0	0	0	0	0	0	0	0	0	0	0	0	0	
151924	Heschl_L	4772	0	4292	0	0	0	1836	0	0	0	1418	0	314	0	0	0	8624	0	3094	0	0	0	442	0	0	0	0	0	14504	0	0	0	0	0	0	0	3562	0	0	0	0	0	260	0	0	0	0	0	0	0	1500	0	2274	0	5340	0	5028	0	0	0	110	0	168	0	370	0	144	0	270	0	586	248	202	0	0	0	1090	504	0	0	6052	0	134	0	4934	0	0	0	2306	0	588	0	0	0	0	0	0	0	996	0	0	0	0	0	0	0	0	0	0	0	0	0	0	0	0	0	
25700	Heschl_R	0	560	0	136	0	0	0	0	0	0	0	0	0	0	0	0	0	3048	0	994	0	0	0	0	0	0	0	0	0	2420	0	0	0	308	0	0	0	310	0	0	0	0	0	0	0	0	0	0	0	0	0	0	0	0	0	0	0	472	0	0	0	130	0	306	0	0	0	0	0	548	0	0	0	200	0	0	0	0	0	0	0	3194	0	0	0	224	0	0	0	0	0	0	0	0	0	0	0	0	0	0	0	0	0	0	0	0	0	0	0	0	0	0	0	0	0	0	
261880	Temporal_Sup_L	4056	0	6582	0	0	0	1326	0	0	0	3790	0	396	0	0	0	14152	0	5204	0	0	0	0	0	0	0	0	0	11356	0	0	0	0	0	172	0	6020	122	136	0	0	0	302	0	0	0	134	0	178	0	5210	0	1344	0	6674	0	5340	0	416	0	1256	0	6850	0	1696	0	1740	0	590	0	0	0	530	0	0	0	302	0	6052	0	0	0	3242	0	23556	0	474	0	10532	0	426	0	0	0	0	0	0	0	784	0	0	0	0	0	0	0	0	0	0	0	0	0	0	0	0	0	
88020	Temporal_Sup_R	0	1696	0	354	0	0	0	0	0	0	0	116	0	0	0	0	0	3030	0	1762	0	0	0	0	0	0	0	0	0	3894	0	0	0	414	0	0	0	1122	0	626	0	0	0	0	0	0	0	0	0	0	0	246	0	0	0	940	0	720	0	418	0	2418	0	5486	0	3010	0	0	0	998	0	0	0	228	0	0	0	0	0	3194	0	0	0	968	0	8942	0	142	0	3286	0	0	0	0	0	0	0	0	0	0	0	0	0	0	0	0	0	0	0	0	0	0	0	0	0	0	
70872	Temporal_Pole_Sup_L	228	0	1390	0	428	0	0	0	0	0	1438	0	546	0	596	0	1356	0	982	0	1108	0	0	0	0	0	0	0	3786	0	0	0	0	0	0	0	986	0	1298	0	1186	0	0	0	0	0	0	0	0	0	0	0	0	0	2558	0	278	0	0	0	0	0	0	0	0	0	0	0	0	0	184	0	1148	0	0	0	0	0	134	0	3242	0	0	0	4638	0	4420	0	3506	0	0	0	0	0	0	0	0	0	0	0	0	0	0	0	0	0	0	0	0	0	0	0	0	0	0	0	
50084	Temporal_Pole_Sup_R	0	0	0	336	0	0	0	0	0	0	0	1522	0	0	0	0	0	1560	0	0	0	116	0	0	0	0	0	0	0	1654	0	0	0	0	0	0	0	2034	0	2006	0	3126	0	0	0	0	0	0	0	0	0	0	0	0	0	4000	0	0	0	0	0	0	0	0	0	0	0	0	0	0	0	0	0	1794	0	0	0	0	0	0	0	968	0	0	0	762	0	2588	0	2576	0	0	0	0	0	0	0	0	0	0	0	0	0	0	0	0	0	0	0	0	0	0	0	0	0	0	
347316	Temporal_Mid_L	1354	0	1018	0	0	0	370	0	0	0	300	0	0	0	0	0	4562	0	890	206	0	0	0	0	0	0	0	0	6550	0	0	0	190	0	2434	384	2618	540	0	0	0	0	1968	0	554	0	482	0	1068	0	26524	0	6352	0	4198	366	2280	0	480	0	6250	0	13312	0	9226	0	3876	0	1820	524	404	0	170	0	0	0	206	0	4934	0	23556	0	4638	0	0	258	3912	0	33610	304	490	0	0	0	0	0	0	0	480	0	0	0	0	0	0	0	0	0	0	0	0	0	0	0	0	0	
222060	Temporal_Mid_R	0	2664	0	0	0	0	0	108	0	0	0	150	0	0	0	0	0	296	0	2812	0	0	0	0	0	0	0	0	0	1044	0	0	0	1510	890	1612	0	1564	0	900	0	0	0	2014	0	226	0	0	0	300	132	12184	384	2390	248	4700	0	412	0	1598	0	8362	0	7120	0	12192	174	1724	190	2206	0	0	0	212	120	0	0	436	0	224	0	8942	0	762	258	0	0	1014	216	28740	0	0	0	0	0	0	0	0	0	0	0	0	0	0	0	0	0	0	0	0	0	0	0	0	0	0	
29020	Temporal_Pole_Mid_L	0	0	0	0	0	0	0	0	0	0	0	0	0	0	0	0	0	0	0	0	0	0	0	0	0	0	0	0	0	0	0	0	0	0	0	0	0	0	972	0	196	0	0	0	0	0	0	0	0	0	0	0	0	0	1452	0	0	0	0	0	0	0	0	0	0	0	0	0	0	0	0	0	0	0	0	0	0	0	0	0	474	0	4420	0	3912	0	0	0	3084	0	0	0	0	0	0	0	0	0	0	0	0	0	0	0	0	0	0	0	0	0	0	0	0	0	0	0	
16476	Temporal_Pole_Mid_R	0	0	0	0	0	0	0	0	0	0	0	0	0	0	0	0	0	0	0	0	0	0	0	0	0	0	0	0	0	0	0	0	0	0	0	0	0	394	0	582	0	350	0	0	0	0	0	0	0	0	0	0	0	0	0	1188	0	0	0	0	0	0	0	0	0	0	0	0	0	0	0	0	0	0	0	0	0	0	0	0	0	142	0	2588	0	1014	0	0	0	1980	0	0	0	0	0	0	0	0	0	0	0	0	0	0	0	0	0	0	0	0	0	0	0	0	0	0	
305284	Temporal_Inf_L	576	0	2748	0	0	0	162	0	0	0	166	0	0	0	0	0	1710	0	2738	156	106	0	0	0	0	0	0	0	12020	0	0	0	0	0	1716	276	12152	308	872	0	1266	0	1038	0	382	0	398	0	0	0	6470	0	8354	0	22076	278	718	0	166	0	1892	0	2504	0	410	0	1684	0	646	410	0	0	1272	0	0	0	402	0	2306	0	10532	0	3506	0	33610	216	3084	0	0	256	6296	0	674	0	164	0	938	0	3516	0	310	0	540	144	0	0	0	0	0	0	0	0	278	200	0	0	
211016	Temporal_Inf_R	0	3720	0	238	0	0	0	228	0	0	0	258	0	0	0	0	0	190	0	2640	0	0	0	0	0	0	0	0	0	2438	0	0	0	1524	1192	2102	0	7072	0	4068	0	2390	0	1076	0	106	0	0	0	0	164	3270	422	4782	298	14990	0	694	0	148	0	1944	0	2768	0	2084	238	1416	192	1602	0	0	0	1048	0	0	0	556	0	0	0	3286	0	2576	304	28740	0	1980	256	0	0	2292	0	0	0	0	0	0	0	216	0	0	0	0	0	0	0	0	0	0	0	0	0	0	0	0	
695660	Cerebelum_Crus1_L	308	0	0	0	0	0	0	0	0	0	0	0	0	0	0	0	0	0	0	0	0	0	0	0	0	0	0	0	540	0	0	0	0	0	0	0	1352	0	0	0	0	0	142	0	0	0	13458	3706	0	0	108	0	680	0	29630	2942	138	0	0	0	0	0	0	0	0	0	0	0	114	0	0	0	0	0	0	0	0	0	588	0	426	0	0	0	490	0	0	0	6296	0	0	11352	46462	5736	2920	1092	28718	4024	69640	12202	18962	416	29510	5604	2534	2142	294	0	1216	1844	7344	12050	14686	3082	3402	1680	
617212	Cerebelum_Crus1_R	0	0	0	0	0	0	0	0	0	0	0	0	0	0	0	0	0	0	0	0	0	0	0	0	0	0	0	0	0	0	0	0	0	0	0	0	0	116	0	170	0	0	0	0	0	0	3348	7052	0	0	0	0	120	0	2478	23880	0	0	0	0	0	0	0	0	0	0	0	0	0	0	0	0	0	0	0	0	0	0	0	0	0	0	0	0	0	0	0	0	0	2292	11352	0	6972	39256	774	3806	11310	26882	13726	69944	706	5556	4840	17274	952	2396	0	462	1140	3928	18478	13760	11008	1428	1958	1242	
579684	Cerebelum_Crus2_L	0	0	0	0	0	0	0	0	0	0	0	0	0	0	0	0	0	0	0	0	0	0	0	0	0	0	0	0	0	0	0	0	0	0	0	0	0	0	0	0	0	0	0	0	0	0	856	922	0	0	0	0	0	0	2386	874	0	0	0	0	0	0	0	0	0	0	0	0	0	0	0	0	0	0	0	0	0	0	0	0	0	0	0	0	0	0	0	0	674	0	46462	6972	0	20924	974	942	4594	1640	11342	6400	55924	9012	52238	11218	9890	2530	1630	238	810	1300	2656	5610	22944	4210	2564	1106	
413712	Cerebelum_Crus2_R	0	0	0	0	0	0	0	0	0	0	0	0	0	0	0	0	0	0	0	0	0	0	0	0	0	0	0	0	0	0	0	0	0	0	0	0	0	0	0	0	0	0	0	0	0	0	0	144	0	0	0	0	0	0	360	1082	0	0	0	0	0	0	0	0	0	0	0	0	0	0	0	0	0	0	0	0	0	0	0	0	0	0	0	0	0	0	0	0	0	0	5736	39256	20924	0	336	1022	1352	1672	1930	8434	11940	27824	8006	38210	740	5152	0	1708	418	1002	956	1142	20678	4270	1970	592	
93024	Cerebelum_3_L	0	0	0	0	0	0	0	0	0	0	0	0	0	0	0	0	0	0	0	0	0	0	0	0	0	0	0	0	0	0	0	0	0	0	0	0	0	0	222	0	0	0	0	0	0	0	462	306	0	0	0	0	0	0	802	232	0	0	0	0	0	0	0	0	0	0	0	0	0	0	0	0	0	0	0	0	0	0	0	0	0	0	0	0	0	0	0	0	164	0	2920	774	974	336	0	204	9896	340	4450	944	414	0	2462	384	2544	1092	356	0	2226	3636	2148	1914	1396	1696	2008	1210	
80640	Cerebelum_3_R	0	0	0	0	0	0	0	0	0	0	0	0	0	0	0	0	0	0	0	0	0	0	0	0	0	0	0	0	0	0	0	0	0	0	0	0	0	0	0	0	0	0	0	0	0	0	0	0	0	0	0	0	0	0	0	710	0	0	0	0	0	0	0	0	0	0	0	0	0	0	0	0	0	0	0	0	0	0	0	0	0	0	0	0	0	0	0	0	0	0	1092	3806	942	1022	204	0	398	6252	646	6314	202	0	1134	1830	238	1986	0	0	1248	5688	682	670	1808	1268	1974	206	
576260	Cerebelum_4_5_L	0	0	0	0	0	0	0	0	0	0	0	0	0	0	0	0	0	0	0	0	0	0	0	0	0	0	0	0	0	0	0	0	0	0	0	0	0	0	196	0	0	0	134	0	0	0	17480	8476	0	0	156	0	428	0	21492	6928	0	0	0	0	0	0	0	0	0	0	0	0	0	0	0	0	0	0	0	0	0	0	0	0	0	0	0	0	0	0	0	0	938	0	28718	11310	4594	1352	9896	398	0	14566	55968	15748	2056	0	10156	1790	6358	1638	572	0	4332	5276	26632	10422	4524	3792	6236	5568	
380276	Cerebelum_4_5_R	0	0	0	0	0	0	0	0	0	0	0	0	0	0	0	0	0	0	0	0	0	0	0	0	0	0	0	0	0	0	0	0	0	0	0	0	0	796	0	1230	0	0	0	0	0	0	4972	11544	0	0	108	0	222	0	2740	15608	0	0	0	0	0	0	0	0	0	0	0	362	0	0	0	0	0	0	0	0	0	0	0	0	0	0	0	0	0	0	0	0	0	0	4024	26882	1640	1672	340	6252	14566	0	11208	40998	424	0	1764	2800	260	2464	0	590	658	3654	24602	1846	1758	926	2348	880	
769496	Cerebelum_6_L	636	0	166	0	0	0	104	0	0	0	116	0	0	0	0	0	110	0	158	0	0	0	0	0	0	0	0	0	1286	0	0	0	0	0	0	0	1606	0	172	0	0	0	366	0	134	0	22904	8576	0	0	548	0	1448	0	42482	7078	302	0	0	0	0	0	0	0	0	0	162	0	198	0	0	0	0	0	0	0	0	0	996	0	784	0	0	0	480	0	0	0	3516	0	69640	13726	11342	1930	4450	646	55968	11208	0	19176	4078	106	15348	2344	3864	1868	402	0	4230	4758	21086	20458	7926	3432	6436	5998	
620808	Cerebelum_6_R	0	0	0	0	0	0	0	0	0	0	0	0	0	0	0	0	0	0	0	0	0	0	0	0	0	0	0	0	0	0	0	0	0	0	0	0	0	226	0	426	0	0	0	0	0	0	4978	10606	0	0	0	0	180	196	3318	27858	0	0	0	0	0	0	0	0	0	0	0	0	0	0	0	0	0	0	0	0	0	0	0	0	0	0	0	0	0	0	0	0	0	216	12202	69944	6400	8434	944	6314	15748	40998	19176	0	638	154	6444	4960	786	1580	0	500	1978	5636	25534	18746	8018	1648	3264	2354	
408056	Cerebelum_7b_L	0	0	0	0	0	0	0	0	0	0	0	0	0	0	0	0	0	0	0	0	0	0	0	0	0	0	0	0	0	0	0	0	0	0	0	0	0	0	0	0	0	0	0	0	0	0	0	216	0	0	0	0	0	0	1506	174	0	0	0	0	0	0	0	0	0	0	0	0	0	0	0	0	0	0	0	0	0	0	0	0	0	0	0	0	0	0	0	0	310	0	18962	706	55924	11940	414	202	2056	424	4078	638	0	7502	51824	9248	11452	1626	1780	172	108	238	496	578	13860	6022	1220	352	
217424	Cerebelum_7b_R	0	0	0	0	0	0	0	0	0	0	0	0	0	0	0	0	0	0	0	0	0	0	0	0	0	0	0	0	0	0	0	0	0	0	0	0	0	0	0	0	0	0	0	0	0	0	0	0	0	0	0	0	0	0	0	0	0	0	0	0	0	0	0	0	0	0	0	0	0	0	0	0	0	0	0	0	0	0	0	0	0	0	0	0	0	0	0	0	0	0	416	5556	9012	27824	0	0	0	0	106	154	7502	0	4090	33222	0	8264	0	820	0	0	0	0	7238	3740	536	232	
591696	Cerebelum_8_L	0	0	0	0	0	0	0	0	0	0	0	0	0	0	0	0	0	0	0	0	0	0	0	0	0	0	0	0	0	0	0	0	0	0	0	0	0	0	0	0	0	0	0	0	0	0	498	994	0	0	0	0	0	0	3738	1050	0	0	0	0	0	0	0	0	0	0	0	0	0	0	0	0	0	0	0	0	0	0	0	0	0	0	0	0	0	0	0	0	540	0	29510	4840	52238	8006	2462	1134	10156	1764	15348	6444	51824	4090	0	13230	26130	4922	3296	136	1122	1844	2938	7442	17326	13096	7252	2478	
412984	Cerebelum_8_R	0	0	0	0	0	0	0	0	0	0	0	0	0	0	0	0	0	0	0	0	0	0	0	0	0	0	0	0	0	0	0	0	0	0	0	0	0	0	0	0	0	0	0	0	0	0	0	0	0	0	0	0	0	0	508	482	0	0	0	0	0	0	0	0	0	0	0	0	0	0	0	0	0	0	0	0	0	0	0	0	0	0	0	0	0	0	0	0	144	0	5604	17274	11218	38210	384	1830	1790	2800	2344	4960	9248	33222	13230	0	1108	22970	190	2690	484	1208	1240	1086	15868	9646	5316	1438	
193840	Cerebelum_9_L	0	0	0	0	0	0	0	0	0	0	0	0	0	0	0	0	0	0	0	0	0	0	0	0	0	0	0	0	0	0	0	0	0	0	0	0	0	0	0	0	0	0	0	0	0	0	0	168	0	0	0	0	0	0	1770	188	0	0	0	0	0	0	0	0	0	0	0	0	0	0	0	0	0	0	0	0	0	0	0	0	0	0	0	0	0	0	0	0	0	0	2534	952	9890	740	2544	238	6358	260	3864	786	11452	0	26130	1108	0	2790	4242	0	816	1336	1528	2294	2838	4580	5068	2446	
201148	Cerebelum_9_R	0	0	0	0	0	0	0	0	0	0	0	0	0	0	0	0	0	0	0	0	0	0	0	0	0	0	0	0	0	0	0	0	0	0	0	0	0	0	0	136	0	0	0	0	0	0	0	104	0	0	0	0	0	0	116	190	0	0	0	0	0	0	0	0	0	0	0	0	0	0	0	0	0	0	0	0	0	0	0	0	0	0	0	0	0	0	0	0	0	0	2142	2396	2530	5152	1092	1986	1638	2464	1868	1580	1626	8264	4922	22970	2790	0	120	2334	1270	2170	1540	3148	4912	6604	10152	4358	
27088	Cerebelum_10_L	0	0	0	0	0	0	0	0	0	0	0	0	0	0	0	0	0	0	0	0	0	0	0	0	0	0	0	0	0	0	0	0	0	0	0	0	0	0	0	0	0	0	0	0	0	0	0	0	0	0	0	0	0	0	256	0	0	0	0	0	0	0	0	0	0	0	0	0	0	0	0	0	0	0	0	0	0	0	0	0	0	0	0	0	0	0	0	0	0	0	294	0	1630	0	356	0	572	0	402	0	1780	0	3296	190	4242	120	0	0	0	0	0	0	212	194	0	0	
20152	Cerebelum_10_R	0	0	0	0	0	0	0	0	0	0	0	0	0	0	0	0	0	0	0	0	0	0	0	0	0	0	0	0	0	0	0	0	0	0	0	0	0	0	0	0	0	0	0	0	0	0	0	0	0	0	0	0	0	0	0	152	0	0	0	0	0	0	0	0	0	0	0	0	0	0	0	0	0	0	0	0	0	0	0	0	0	0	0	0	0	0	0	0	0	0	0	462	238	1708	0	0	0	590	0	500	172	820	136	2690	0	2334	0	0	0	0	0	0	274	0	0	0	
103548	Vermis_1_2	0	0	0	0	0	0	0	0	0	0	0	0	0	0	0	0	0	0	0	0	0	0	0	0	0	0	0	0	0	0	0	0	0	0	0	0	0	0	152	0	0	0	0	0	0	0	106	242	0	0	0	0	0	0	0	278	0	0	0	0	0	0	0	0	0	0	0	0	0	0	0	0	0	0	0	0	0	0	0	0	0	0	0	0	0	0	0	0	0	0	1216	1140	810	418	2226	1248	4332	658	4230	1978	108	0	1122	484	816	1270	0	0	0	8496	5308	4214	1318	1160	4652	3792	
157908	Vermis_3	0	0	0	0	0	0	0	0	0	0	0	0	0	0	0	0	0	0	0	0	0	0	0	0	0	0	0	0	0	0	0	0	0	0	0	0	0	0	564	0	0	0	0	0	0	0	196	360	0	0	0	0	0	0	116	498	0	0	0	0	0	0	0	0	0	0	0	0	0	0	0	0	0	0	0	0	0	0	0	0	0	0	0	0	0	0	0	0	0	0	1844	3928	1300	1002	3636	5688	5276	3654	4758	5636	238	0	1844	1208	1336	2170	0	0	8496	0	6700	4750	2166	1918	5654	4018	
420856	Vermis_4_5	0	0	0	0	0	0	0	0	0	0	0	0	0	0	0	0	0	0	0	0	0	0	0	0	0	0	0	0	0	0	0	0	0	0	0	260	0	122	0	0	0	0	136	490	0	0	7940	10144	0	0	170	0	334	0	4626	9480	0	0	0	0	0	0	0	0	0	0	0	648	0	0	0	0	0	0	0	0	0	0	0	0	0	0	0	0	0	0	0	0	0	0	7344	18478	2656	956	2148	682	26632	24602	21086	25534	496	0	2938	1240	1528	1540	0	0	5308	6700	0	10768	2096	1376	5846	6124	
