data	data	502648	230360	1.0112e+06	791148	145048	75540	536952	293560	90856	27584	309252	246700	349720	163144	198820	90412	289868	245596	709912	669040	89576	93556	396216	430648	63992	89308	72516	72412	555964	424344	364212	637412	161180	517520	154924	176244	158612	153928	91332	79532	56624	32456	212964	202004	181420	152420	241636	215448	218848	181656	499808	127780	153396	58864	393680	236456	261224	195688	120348	79108	156036	94208	75636	51416	75820	87448	200604	241456	262324	191764	221044	459464	285136	189920	40856	10792	105832	120116	69580	12480	199540	57508	107980	42772	303164	155708	25012	15404	326448	139268	397484	405800	273216	379436	18428	31848	211560	168728	352476	336264	197304	117804	212748	214428	104704	91484	6636	1484	15496	29840	247964	180704	214676	84864	55696	38504	
data	data	Precentral_L	Precentral_R	Frontal_Sup_L	Frontal_Sup_R	Frontal_Sup_Orb_L	Frontal_Sup_Orb_R	Frontal_Mid_L	Frontal_Mid_R	Frontal_Mid_Orb_L	Frontal_Mid_Orb_R	Frontal_Inf_Oper_L	Frontal_Inf_Oper_R	Frontal_Inf_Tri_L	Frontal_Inf_Tri_R	Frontal_Inf_Orb_L	Frontal_Inf_Orb_R	Rolandic_Oper_L	Rolandic_Oper_R	Supp_Motor_Area_L	Supp_Motor_Area_R	Olfactory_L	Olfactory_R	Frontal_Sup_Medial_L	Frontal_Sup_Medial_R	Frontal_Med_Orb_L	Frontal_Med_Orb_R	Rectus_L	Rectus_R	Insula_L	Insula_R	Cingulum_Ant_L	Cingulum_Ant_R	Cingulum_Mid_L	Cingulum_Mid_R	Cingulum_Post_L	Cingulum_Post_R	Hippocampus_L	Hippocampus_R	ParaHippocampal_L	ParaHippocampal_R	Amygdala_L	Amygdala_R	Calcarine_L	Calcarine_R	Cuneus_L	Cuneus_R	Lingual_L	Lingual_R	Occipital_Sup_L	Occipital_Sup_R	Occipital_Mid_L	Occipital_Mid_R	Occipital_Inf_L	Occipital_Inf_R	Fusiform_L	Fusiform_R	Postcentral_L	Postcentral_R	Parietal_Sup_L	Parietal_Sup_R	Parietal_Inf_L	Parietal_Inf_R	SupraMarginal_L	SupraMarginal_R	Angular_L	Angular_R	Precuneus_L	Precuneus_R	Paracentral_Lobule_L	Paracentral_Lobule_R	Caudate_L	Caudate_R	Putamen_L	Putamen_R	Pallidum_L	Pallidum_R	Thalamus_L	Thalamus_R	Heschl_L	Heschl_R	Temporal_Sup_L	Temporal_Sup_R	Temporal_Pole_Sup_L	Temporal_Pole_Sup_R	Temporal_Mid_L	Temporal_Mid_R	Temporal_Pole_Mid_L	Temporal_Pole_Mid_R	Temporal_Inf_L	Temporal_Inf_R	Cerebelum_Crus1_L	Cerebelum_Crus1_R	Cerebelum_Crus2_L	Cerebelum_Crus2_R	Cerebelum_3_L	Cerebelum_3_R	Cerebelum_4_5_L	Cerebelum_4_5_R	Cerebelum_6_L	Cerebelum_6_R	Cerebelum_7b_L	Cerebelum_7b_R	Cerebelum_8_L	Cerebelum_8_R	Cerebelum_9_L	Cerebelum_9_R	Cerebelum_10_L	Cerebelum_10_R	Vermis_1_2	Vermis_3	Vermis_4_5	Vermis_6	Vermis_7	Vermis_8	Vermis_9	Vermis_10	
502648	Precentral_L	0	198	35062	0	0	0	32136	0	0	0	18832	0	1408	0	0	0	13424	0	16484	5494	0	0	0	0	0	0	0	0	9822	0	0	604	600	3796	7176	9282	2158	270	0	0	0	0	0	132	0	0	0	0	0	0	262	332	112	634	682	0	34854	2386	908	0	6598	0	772	0	0	242	0	616	24156	7192	468	768	3394	0	844	0	952	0	1754	0	1744	0	528	0	754	1986	0	0	1106	402	0	0	0	0	0	0	0	0	0	0	0	0	0	0	0	0	0	0	0	0	0	0	0	0	0	0	
230360	Precentral_R	198	0	3428	19796	0	0	0	16964	0	0	0	3488	0	0	0	0	0	3488	4002	5208	0	0	0	154	0	0	0	0	0	2330	0	1238	274	522	0	208	0	5538	0	638	0	0	0	112	0	0	0	472	0	0	0	340	0	132	0	320	0	8482	0	0	0	670	0	928	0	622	0	564	238	3050	246	10224	0	1154	0	164	408	16874	0	92	0	170	0	0	0	1234	0	0	0	790	0	0	0	0	0	0	0	0	0	0	0	0	0	0	0	0	0	0	0	0	420	0	0	0	0	0	
1.0112e+06	Frontal_Sup_L	35062	3428	0	5566	13082	0	90284	2858	5656	0	24954	744	15716	122	11092	0	20082	1164	76236	9158	0	0	41938	7378	4306	478	618	0	29694	1174	16452	8266	5276	5942	0	574	3012	1080	0	154	0	0	0	130	0	0	0	0	0	0	0	0	0	0	282	226	13088	180	118	0	1246	0	0	0	0	0	0	170	1240	314	7174	4352	21106	342	1702	0	1758	638	1398	0	4704	0	2990	0	262	0	0	0	540	94	0	0	0	0	0	0	0	0	0	0	0	0	0	0	0	0	0	0	0	0	0	0	0	0	0	0	
791148	Frontal_Sup_R	0	19796	5566	0	96	4492	202	56950	0	404	138	10662	446	9214	164	6630	0	23728	6988	49038	0	0	10380	48642	468	5510	0	428	412	26016	4398	36220	1814	28160	0	0	0	2162	0	284	0	0	0	0	0	0	0	218	0	0	0	0	0	0	0	186	0	2222	0	0	0	0	0	246	0	0	0	262	0	0	446	13624	156	5952	0	1066	184	10282	0	202	0	548	0	376	0	0	0	0	0	0	0	0	0	0	0	0	0	0	0	0	0	0	0	0	0	0	0	0	0	0	196	0	0	0	0	0	
145048	Frontal_Sup_Orb_L	0	0	13082	96	0	0	1694	0	11916	0	0	0	286	0	10660	0	0	0	0	0	2338	0	4534	222	4336	0	4666	0	3486	0	5172	230	0	0	0	0	0	0	1704	0	1442	0	0	0	0	0	0	0	0	0	0	0	0	0	0	0	0	0	0	0	0	0	0	0	0	0	0	0	0	0	282	0	6030	0	0	0	0	0	0	0	0	0	348	0	0	0	0	0	0	0	0	0	0	0	0	0	0	0	0	0	0	0	0	0	0	0	0	0	0	0	0	0	0	0	0	0	
75540	Frontal_Sup_Orb_R	0	0	0	4492	0	0	0	1040	0	4680	0	0	0	376	0	4890	0	0	0	0	100	1700	120	2904	260	6674	0	6042	0	768	146	1212	0	0	0	0	0	0	0	0	0	0	0	0	0	0	0	0	0	0	0	0	0	0	0	0	0	0	0	0	0	0	0	0	0	0	0	0	0	0	100	234	0	2032	0	0	0	0	0	0	0	0	0	0	0	0	0	0	0	0	0	0	0	0	0	0	0	0	0	0	0	0	0	0	0	0	0	0	0	0	0	0	0	0	0	0	
536952	Frontal_Mid_L	32136	0	90284	202	1694	0	0	0	4106	0	20332	0	36444	0	8310	0	6842	0	6506	302	0	0	13234	724	0	0	0	0	21988	0	3244	704	1214	786	0	466	1820	320	0	0	0	0	0	0	0	0	0	0	0	0	0	0	0	0	0	0	4400	0	0	0	1184	0	0	0	0	0	0	0	142	172	204	174	5610	0	464	0	906	0	742	0	1404	0	1320	0	0	0	0	0	96	0	0	0	0	0	0	0	0	0	0	0	0	0	0	0	0	0	0	0	0	0	0	0	0	0	0	0	
293560	Frontal_Mid_R	0	16964	2858	56950	0	1040	0	0	0	1010	0	7612	0	12012	0	5586	0	3486	2982	4948	0	0	1148	8880	0	0	0	0	0	7260	536	4640	128	3500	0	0	0	584	0	0	0	0	0	0	0	0	0	0	0	0	0	0	0	0	0	94	0	574	0	0	0	0	0	196	0	0	0	124	0	0	126	1234	0	646	0	294	0	724	0	0	0	196	0	0	0	164	0	0	0	284	0	0	0	0	0	0	0	0	0	0	0	0	0	0	0	0	0	0	0	0	0	0	0	0	0	0	
90856	Frontal_Mid_Orb_L	0	0	5656	0	11916	0	4106	0	0	0	0	0	1960	0	14686	0	0	0	0	0	426	0	0	0	0	0	874	0	3122	0	92	0	0	0	0	0	0	0	362	0	364	0	0	0	0	0	0	0	0	0	0	0	0	0	0	0	0	0	0	0	0	0	0	0	0	0	0	0	0	0	0	0	1540	0	0	0	0	0	0	0	0	0	324	0	0	0	0	0	0	0	0	0	0	0	0	0	0	0	0	0	0	0	0	0	0	0	0	0	0	0	0	0	0	0	0	0	
27584	Frontal_Mid_Orb_R	0	0	0	404	0	4680	0	1010	0	0	0	0	0	568	0	6324	0	0	0	0	0	0	0	152	0	0	0	500	0	0	0	0	0	0	0	0	0	0	0	0	0	0	0	0	0	0	0	0	0	0	0	0	0	0	0	0	0	0	0	0	0	0	0	0	0	0	0	0	0	0	0	0	0	154	0	0	0	0	0	0	0	0	0	0	0	0	0	0	0	0	0	0	0	0	0	0	0	0	0	0	0	0	0	0	0	0	0	0	0	0	0	0	0	0	0	0	
309252	Frontal_Inf_Oper_L	18832	0	24954	138	0	0	20332	0	0	0	0	402	14484	0	404	0	18474	376	14014	198	0	0	360	98	0	0	0	0	20132	408	1460	1460	224	0	0	0	176	0	0	0	0	0	0	0	0	0	0	0	0	0	0	0	0	0	0	0	2950	0	0	0	134	0	0	0	0	0	0	0	0	0	794	2416	1386	0	0	0	0	0	348	0	5168	0	4504	0	0	0	0	0	0	0	0	0	0	0	0	0	0	0	0	0	0	0	0	0	0	0	0	0	0	0	0	0	0	0	0	0	
246700	Frontal_Inf_Oper_R	0	3488	744	10662	0	0	0	7612	0	0	402	0	2152	15238	114	424	0	8654	2570	11318	0	0	288	3006	0	0	0	0	2382	25038	1534	7642	94	6150	0	0	0	0	0	0	0	0	0	0	0	0	0	0	0	0	0	0	0	0	0	0	0	1026	0	0	0	0	0	0	0	0	0	0	0	0	390	10750	0	1488	0	0	0	0	0	0	0	0	0	184	0	0	0	0	0	0	0	0	0	0	0	0	0	0	0	0	0	0	0	0	0	0	0	0	0	0	0	0	0	0	0	0	
349720	Frontal_Inf_Tri_L	1408	0	15716	446	286	0	36444	0	1960	0	14484	2152	0	0	20244	0	1690	1196	3162	790	0	0	4898	582	0	0	0	0	38868	2162	5868	2224	1810	592	0	0	0	0	0	0	0	0	0	0	0	0	0	0	0	0	0	0	0	0	0	0	0	0	0	0	0	0	0	0	0	0	0	0	0	0	7094	4918	3696	92	0	0	172	0	0	0	926	0	980	0	0	0	0	0	0	0	0	0	0	0	0	0	0	0	0	0	0	0	0	0	0	0	0	0	0	0	0	0	0	0	0	0	
163144	Frontal_Inf_Tri_R	0	0	122	9214	0	376	0	12012	0	568	0	15238	0	0	0	5856	0	828	920	5282	0	0	154	2548	0	0	0	0	0	15238	500	4122	0	4076	0	0	0	0	0	0	0	0	0	0	0	0	0	0	0	0	0	0	0	0	0	0	0	0	0	0	0	0	0	0	0	0	0	0	0	0	0	4398	0	120	0	0	0	0	0	0	0	0	0	0	0	0	0	0	0	0	0	0	0	0	0	0	0	0	0	0	0	0	0	0	0	0	0	0	0	0	0	0	0	0	0	0	
198820	Frontal_Inf_Orb_L	0	0	11092	164	10660	0	8310	0	14686	0	404	114	20244	0	0	0	0	0	970	0	1860	0	2862	320	0	0	1262	0	13026	124	866	256	1468	428	0	0	0	0	1196	0	1170	0	0	0	0	0	0	0	0	0	0	0	0	0	0	0	0	0	0	0	0	0	0	0	0	0	0	0	0	0	2020	272	3392	0	0	0	164	0	0	0	0	0	2080	0	0	0	0	0	0	0	0	0	0	0	0	0	0	0	0	0	0	0	0	0	0	0	0	0	0	0	0	0	0	0	0	0	
90412	Frontal_Inf_Orb_R	0	0	0	6630	0	4890	0	5586	0	6324	0	424	0	5856	0	0	0	124	0	438	0	0	0	1228	0	250	0	300	0	7858	0	2788	0	338	0	0	0	0	0	0	0	0	0	0	0	0	0	0	0	0	0	0	0	0	0	0	0	0	0	0	0	0	0	0	0	0	0	0	0	0	0	810	0	698	0	0	0	0	0	0	0	232	0	312	0	120	0	0	0	0	0	0	0	0	0	0	0	0	0	0	0	0	0	0	0	0	0	0	0	0	0	0	0	0	0	0	
289868	Rolandic_Oper_L	13424	0	20082	0	0	0	6842	0	0	0	18474	0	1690	0	0	0	0	0	14842	0	0	0	0	0	0	0	0	0	21306	0	0	226	0	0	144	0	400	0	0	0	0	0	170	0	0	0	476	0	0	0	1312	0	1344	0	1844	0	8954	0	0	0	540	0	1198	0	258	0	164	0	182	0	302	358	1012	0	530	0	214	0	4560	0	10480	0	5220	0	4370	0	0	0	4016	0	0	0	0	0	0	0	0	0	0	0	0	0	0	0	0	0	0	0	0	0	0	0	0	0	0	0	
245596	Rolandic_Oper_R	0	3488	1164	23728	0	0	0	3486	0	0	376	8654	1196	828	0	124	0	0	1996	20470	0	0	188	1720	0	0	0	0	1388	22510	1202	5996	0	3562	0	0	0	962	0	0	0	0	0	0	0	0	0	0	0	0	0	0	0	0	0	92	0	2462	0	248	0	380	0	1448	0	0	0	0	0	0	298	5026	0	5576	0	454	0	302	0	864	0	1768	0	696	0	146	0	0	0	0	0	0	0	0	0	0	0	0	0	0	0	0	0	0	0	0	0	0	0	0	0	0	0	0	0	0	
709912	Supp_Motor_Area_L	16484	4002	76236	6988	0	0	6506	2982	0	0	14014	2570	3162	920	970	0	14842	1996	0	39846	0	0	6392	3074	0	0	0	0	16204	2374	4006	6810	10722	21584	1624	542	3182	804	0	146	0	0	0	140	0	0	0	102	0	0	108	0	0	0	498	184	9382	246	134	0	540	0	0	0	0	0	94	178	10784	2876	9280	4420	17102	290	5884	96	14736	640	1040	0	3658	0	1850	0	548	0	0	0	1164	0	0	0	0	0	0	0	0	0	0	0	0	0	0	0	0	0	0	0	0	0	0	0	0	0	0	0	
669040	Supp_Motor_Area_R	5494	5208	9158	49038	0	0	302	4948	0	0	198	11318	790	5282	0	438	0	20470	39846	0	0	0	2378	13852	0	0	0	0	798	20698	3966	20726	3326	43838	314	936	104	706	0	0	0	0	0	0	0	0	0	0	0	0	0	0	0	0	0	0	0	3492	0	0	0	0	0	244	0	0	0	760	10702	20098	882	22242	802	5284	104	1330	338	3324	0	298	0	244	0	144	0	0	0	0	0	0	0	0	0	0	0	0	0	0	0	0	0	0	0	0	0	0	0	0	0	0	100	0	0	0	0	0	
89576	Olfactory_L	0	0	0	0	2338	100	0	0	426	0	0	0	0	0	1860	0	0	0	0	0	0	5640	0	0	612	112	4946	2972	2416	0	3110	2360	0	0	0	0	0	0	3104	0	3526	0	0	0	0	0	0	0	0	0	0	0	0	0	0	0	0	0	0	0	0	0	0	0	0	0	0	0	0	0	5488	3162	2124	104	0	0	0	0	0	0	0	0	388	0	0	0	0	0	0	0	0	0	0	0	0	0	0	0	0	0	0	0	0	0	0	0	0	0	0	0	0	0	0	0	0	0	
93556	Olfactory_R	0	0	0	0	0	1700	0	0	0	0	0	0	0	0	0	0	0	0	0	0	5640	0	0	0	362	1650	3340	5520	346	254	3170	3406	0	0	0	0	0	0	720	0	1080	166	0	0	0	0	0	0	0	0	0	0	0	0	0	0	0	0	0	0	0	0	0	0	0	0	0	0	0	0	8214	5980	4532	458	120	0	0	0	0	0	0	0	120	0	0	0	0	0	0	0	0	0	0	0	0	0	0	0	0	0	0	0	0	0	0	0	0	0	0	0	0	0	0	0	0	0	
396216	Frontal_Sup_Medial_L	0	0	41938	10380	4534	120	13234	1148	0	0	360	288	4898	154	2862	0	0	188	6392	2378	0	0	0	26390	5726	1680	576	0	2372	412	25714	18298	9802	14650	0	0	0	0	0	0	0	0	0	0	0	0	0	0	0	0	0	0	0	0	0	0	0	0	0	0	0	0	0	0	0	0	0	0	0	0	990	940	1262	422	0	0	0	0	0	0	0	0	0	0	0	0	0	0	0	0	0	0	0	0	0	0	0	0	0	0	0	0	0	0	0	0	0	0	0	0	0	0	0	0	0	0	
430648	Frontal_Sup_Medial_R	0	154	7378	48642	222	2904	724	8880	0	152	98	3006	582	2548	320	1228	0	1720	3074	13852	0	0	26390	0	896	6450	0	346	314	5472	8350	36202	2346	24368	0	0	0	0	0	0	0	0	0	0	0	0	0	0	0	0	0	0	0	0	0	0	0	0	0	0	0	0	0	0	0	0	0	0	0	0	118	6686	0	1902	0	0	0	0	0	0	0	0	0	0	0	0	0	0	0	0	0	0	0	0	0	0	0	0	0	0	0	0	0	0	0	0	0	0	0	0	0	0	0	0	0	0	
63992	Frontal_Med_Orb_L	0	0	4306	468	4336	260	0	0	0	0	0	0	0	0	0	0	0	0	0	0	612	362	5726	896	0	918	1894	328	0	0	9544	1316	0	0	0	0	0	0	144	0	144	0	0	0	0	0	0	0	0	0	0	0	0	0	0	0	0	0	0	0	0	0	0	0	0	0	0	0	0	0	248	280	214	0	0	0	0	0	0	0	0	0	0	0	0	0	0	0	0	0	0	0	0	0	0	0	0	0	0	0	0	0	0	0	0	0	0	0	0	0	0	0	0	0	0	0	
89308	Frontal_Med_Orb_R	0	0	478	5510	0	6674	0	0	0	0	0	0	0	0	0	250	0	0	0	0	112	1650	1680	6450	918	0	118	5220	0	298	984	6888	0	0	0	0	0	0	0	0	0	0	0	0	0	0	0	0	0	0	0	0	0	0	0	0	0	0	0	0	0	0	0	0	0	0	0	0	0	0	116	1950	0	5358	0	0	0	0	0	0	0	0	0	0	0	0	0	0	0	0	0	0	0	0	0	0	0	0	0	0	0	0	0	0	0	0	0	0	0	0	0	0	0	0	0	0	
72516	Rectus_L	0	0	618	0	4666	0	0	0	874	0	0	0	0	0	1262	0	0	0	0	0	4946	3340	576	0	1894	118	0	2058	406	0	3286	1476	0	0	0	0	0	0	2056	0	2416	0	0	0	0	0	0	0	0	0	0	0	0	0	0	0	0	0	0	0	0	0	0	0	0	0	0	0	0	0	3154	1600	1512	0	0	0	0	0	0	0	0	0	0	0	0	0	0	0	0	0	0	0	0	0	0	0	0	0	0	0	0	0	0	0	0	0	0	0	0	0	0	0	0	0	0	0	
72412	Rectus_R	0	0	0	428	0	6042	0	0	0	500	0	0	0	0	0	300	0	0	0	0	2972	5520	0	346	328	5220	2058	0	0	168	1558	2572	0	0	0	0	0	0	374	0	386	0	0	0	0	0	0	0	0	0	0	0	0	0	0	0	0	0	0	0	0	0	0	0	0	0	0	0	0	0	2894	1864	1182	1494	0	0	0	0	0	0	0	0	0	0	0	0	0	0	0	0	0	0	0	0	0	0	0	0	0	0	0	0	0	0	0	0	0	0	0	0	0	0	0	0	0	0	
555964	Insula_L	9822	0	29694	412	3486	0	21988	0	3122	0	20132	2382	38868	0	13026	0	21306	1388	16204	798	2416	346	2372	314	0	0	406	0	0	2398	6068	2882	300	144	0	406	7382	312	1728	0	2948	0	0	0	0	0	156	0	0	0	404	0	486	0	2806	0	3622	0	0	0	182	0	0	0	0	0	0	0	272	0	7830	6940	16012	208	338	0	1410	0	4276	0	8010	0	4326	0	2590	0	0	0	5064	0	0	0	0	0	0	0	0	0	0	0	0	0	0	0	0	0	0	0	0	0	0	0	0	0	0	0	
424344	Insula_R	0	2330	1174	26016	0	768	0	7260	0	0	408	25038	2162	15238	124	7858	0	22510	2374	20698	0	254	412	5472	0	298	0	168	2398	0	2404	16416	114	5108	0	0	0	2632	0	506	0	364	0	0	0	0	0	0	0	0	0	0	0	0	0	748	0	198	0	0	0	0	0	164	0	0	0	0	0	0	472	17132	0	13746	0	0	0	788	0	1534	0	3862	0	1660	0	714	0	0	0	650	0	0	0	0	0	0	0	0	0	0	0	0	0	0	0	0	0	0	0	0	0	0	0	0	0	0	
364212	Cingulum_Ant_L	0	0	16452	4398	5172	146	3244	536	92	0	1460	1534	5868	500	866	0	0	1202	4006	3966	3110	3170	25714	8350	9544	984	3286	1558	6068	2404	0	30746	6690	6974	0	0	0	0	590	0	590	0	0	0	0	0	0	0	0	0	0	0	0	0	0	0	0	0	0	0	0	0	0	0	0	0	0	0	0	0	6320	9508	3650	3408	0	0	0	0	0	0	0	0	0	0	0	0	0	0	0	0	0	0	0	0	0	0	0	0	0	0	0	0	0	0	0	0	0	0	0	0	0	0	0	0	0	0	
637412	Cingulum_Ant_R	604	1238	8266	36220	230	1212	704	4640	0	0	1460	7642	2224	4122	256	2788	226	5996	6810	20726	2360	3406	18298	36202	1316	6888	1476	2572	2882	16416	30746	0	4566	28110	0	0	0	330	306	0	308	0	0	0	0	0	0	0	0	0	0	0	0	0	0	120	200	646	0	0	0	0	0	0	0	0	0	0	0	0	4246	37444	1226	12932	0	0	0	140	0	0	0	102	0	104	0	0	0	0	0	0	0	0	0	0	0	0	0	0	0	0	0	0	0	0	0	0	0	0	0	0	0	0	0	0	0	0	
161180	Cingulum_Mid_L	600	274	5276	1814	0	0	1214	128	0	0	224	94	1810	0	1468	0	0	0	10722	3326	0	0	9802	2346	0	0	0	0	300	114	6690	4566	0	12222	2870	436	0	0	0	0	0	0	328	0	574	0	0	0	450	0	1724	0	188	0	340	0	216	0	194	0	0	0	0	0	0	0	3672	596	4080	806	0	280	0	0	0	0	0	0	0	0	0	0	0	0	482	0	0	0	364	0	0	0	0	0	0	0	0	0	0	0	0	0	0	0	0	0	0	0	0	0	0	0	0	0	0	0	
517520	Cingulum_Mid_R	3796	522	5942	28160	0	0	786	3500	0	0	0	6150	592	4076	428	338	0	3562	21584	43838	0	0	14650	24368	0	0	0	0	144	5108	6974	28110	12222	0	2216	6562	0	0	0	0	0	0	0	306	0	212	0	728	0	0	0	264	0	0	0	106	0	4910	0	0	0	0	0	0	0	0	0	4744	8560	12516	0	956	0	166	0	0	0	0	0	0	0	0	0	0	0	746	0	0	0	198	0	0	0	0	0	0	0	0	0	0	0	0	0	0	0	0	0	0	0	0	720	0	0	0	0	0	
154924	Cingulum_Post_L	7176	0	0	0	0	0	0	0	0	0	0	0	0	0	0	0	144	0	1624	314	0	0	0	0	0	0	0	0	0	0	0	0	2870	2216	0	16062	2304	328	870	0	0	0	3664	144	1620	0	894	820	248	0	840	342	184	794	902	0	150	1820	0	0	0	0	0	0	0	242	6738	5032	11124	1932	0	0	0	0	0	0	0	0	0	0	0	0	0	0	710	2140	0	0	868	360	0	0	0	0	0	0	0	0	0	0	0	0	0	0	0	0	0	0	0	0	1986	0	0	0	0	0	
176244	Cingulum_Post_R	9282	208	574	0	0	0	466	0	0	0	0	0	0	0	0	0	0	0	542	936	0	0	0	0	0	0	0	0	406	0	0	0	436	6562	16062	0	4384	3432	368	0	0	0	0	168	0	0	192	2994	0	0	0	344	0	1136	0	104	168	3720	0	0	0	0	0	0	0	242	368	10104	11148	3958	0	0	514	0	0	0	2450	0	0	0	126	0	0	0	0	2186	0	0	0	448	0	0	0	0	0	0	0	0	0	0	0	0	0	0	0	0	0	0	0	0	4094	0	0	0	0	0	
158612	Hippocampus_L	2158	0	3012	0	0	0	1820	0	0	0	176	0	0	0	0	0	400	0	3182	104	0	0	0	0	0	0	0	0	7382	0	0	0	0	0	2304	4384	0	2092	4930	0	4036	0	504	0	0	0	950	1094	0	0	0	0	0	0	7788	0	668	0	0	0	0	0	0	0	0	0	1184	1336	880	0	96	0	5848	0	318	0	5302	0	1386	0	1788	0	1320	0	1204	0	106	0	10066	0	0	0	0	0	0	0	0	0	0	0	0	0	0	0	0	0	0	0	0	0	1488	0	0	0	0	0	
153928	Hippocampus_R	270	5538	1080	2162	0	0	320	584	0	0	0	0	0	0	0	0	0	962	804	706	0	0	0	0	0	0	0	0	312	2632	0	330	0	0	328	3432	2092	0	122	9936	0	5128	0	246	0	0	0	1564	0	0	0	0	0	0	0	13144	0	0	0	0	0	0	0	0	0	0	0	2184	0	456	664	426	358	7404	0	152	2302	4720	0	0	112	0	0	402	0	98	0	0	0	5380	0	0	0	0	0	0	0	384	0	0	0	0	0	0	0	0	0	0	0	0	230	0	0	0	0	0	
91332	ParaHippocampal_L	0	0	0	0	1704	0	0	0	362	0	0	0	0	0	1196	0	0	0	0	0	3104	720	0	0	144	0	2056	374	1728	0	590	306	0	0	870	368	4930	122	0	0	3538	0	2246	0	506	0	4484	308	340	0	2626	0	554	0	6088	0	0	0	0	0	0	0	0	0	0	0	1632	240	0	0	802	390	184	0	0	0	276	0	0	0	0	0	280	0	124	0	126	0	1858	0	0	0	0	0	0	0	98	0	0	0	0	0	0	0	0	0	0	0	0	230	162	0	0	0	0	0	
79532	ParaHippocampal_R	0	638	154	284	0	0	0	0	0	0	0	0	0	0	0	0	0	0	146	0	0	0	0	0	0	0	0	0	0	506	0	0	0	0	0	0	0	9936	0	0	0	1942	0	980	0	0	0	4222	0	0	0	0	0	530	0	10104	0	0	0	0	0	0	0	0	0	0	0	1322	0	0	214	154	0	1692	0	0	0	1600	0	0	0	0	0	832	0	0	0	110	0	1862	0	0	0	0	0	130	0	1428	0	128	0	0	0	0	0	0	0	0	0	394	458	0	0	0	0	0	
56624	Amygdala_L	0	0	0	0	1442	0	0	0	364	0	0	0	0	0	1170	0	0	0	0	0	3526	1080	0	0	144	0	2416	386	2948	0	590	308	0	0	0	0	4036	0	3538	0	0	0	0	0	0	0	0	0	0	0	0	0	0	0	1410	0	0	0	0	0	0	0	0	0	0	0	0	0	0	0	1272	590	588	0	0	0	312	0	0	0	0	0	988	0	496	0	92	0	616	0	0	0	0	0	0	0	0	0	0	0	0	0	0	0	0	0	0	0	0	0	0	0	0	0	0	0	
32456	Amygdala_R	0	0	0	0	0	0	0	0	0	0	0	0	0	0	0	0	0	0	0	0	0	166	0	0	0	0	0	0	0	364	0	0	0	0	0	0	0	5128	0	1942	0	0	0	0	0	0	0	0	0	0	0	0	0	0	0	5436	0	0	0	0	0	0	0	0	0	0	0	0	0	0	0	0	0	782	0	0	0	0	0	0	0	0	0	1550	0	0	0	0	0	860	0	0	0	0	0	0	0	0	0	0	0	0	0	0	0	0	0	0	0	0	0	0	0	0	0	0	
212964	Calcarine_L	0	0	0	0	0	0	0	0	0	0	0	0	0	0	0	0	170	0	0	0	0	0	0	0	0	0	0	0	0	0	0	0	328	0	3664	0	504	0	2246	0	0	0	0	4452	11558	1866	9976	2120	10318	198	26478	0	6054	0	6254	0	0	0	378	0	0	0	0	0	0	0	12996	128	438	0	0	0	0	0	0	0	0	0	112	0	0	0	0	0	2822	0	0	0	3422	0	0	0	0	0	0	0	0	0	0	0	0	0	0	0	0	0	0	0	0	0	0	0	0	0	0	0	
202004	Calcarine_R	132	112	130	0	0	0	0	0	0	0	0	0	0	0	0	0	0	0	140	0	0	0	0	0	0	0	0	0	0	0	0	0	0	306	144	168	0	246	0	980	0	0	4452	0	1042	14886	742	17856	0	16588	0	10366	0	4824	0	5394	0	3812	0	502	0	522	0	120	0	116	354	12412	146	1436	0	0	0	0	0	0	0	0	0	0	0	0	0	0	0	1182	0	0	0	1056	0	0	0	0	0	0	0	350	0	0	0	0	0	0	0	0	0	0	0	0	486	0	0	0	0	0	
181420	Cuneus_L	0	0	0	0	0	0	0	0	0	0	0	0	0	0	0	0	0	0	0	0	0	0	0	0	0	0	0	0	0	0	0	0	574	0	1620	0	0	0	506	0	0	0	11558	1042	0	1940	5520	0	26414	588	19774	0	1832	0	3668	0	0	0	1712	0	0	0	0	0	0	0	9830	0	1154	0	0	0	0	0	0	0	0	0	0	0	0	0	0	0	1740	0	0	0	912	0	0	0	0	0	0	0	0	0	326	0	0	0	0	0	0	0	0	0	0	0	0	0	0	0	0	0	
152420	Cuneus_R	0	0	0	0	0	0	0	0	0	0	0	0	0	0	0	0	0	0	0	0	0	0	0	0	0	0	0	0	0	0	0	0	0	212	0	0	0	0	0	0	0	0	1866	14886	1940	0	0	1096	0	25094	0	5978	0	0	0	0	0	4082	0	2932	0	158	0	0	0	330	916	13762	0	1842	0	0	0	0	0	0	0	0	0	0	0	0	0	0	0	1116	0	0	0	0	0	0	0	0	0	0	0	0	0	0	0	0	0	0	0	0	0	0	0	0	0	0	0	0	0	0	
241636	Lingual_L	0	0	0	0	0	0	0	0	0	0	0	0	0	0	0	0	476	0	0	0	0	0	0	0	0	0	0	0	156	0	0	0	0	0	894	192	950	0	4484	0	0	0	9976	742	5520	0	0	1794	7816	0	21476	0	9996	0	18416	360	0	0	0	0	0	0	0	0	0	0	3362	128	218	0	0	0	0	0	0	0	0	0	222	0	132	0	0	0	1448	0	0	0	2076	0	4716	1122	218	430	146	0	7366	236	8468	1428	0	0	0	0	0	0	0	0	0	258	2800	1940	856	0	0	0	
215448	Lingual_R	0	472	0	218	0	0	0	0	0	0	0	0	0	0	0	0	0	0	102	0	0	0	0	0	0	0	0	0	0	0	0	0	0	728	820	2994	1094	1564	308	4222	0	0	2120	17856	0	1096	1794	0	0	4390	0	3124	0	4104	200	12202	0	2966	0	0	0	110	0	0	0	112	0	11576	0	1250	0	0	0	0	0	0	0	0	0	0	0	0	0	0	0	160	0	0	0	938	900	4812	126	1284	0	0	1014	3050	1382	4844	0	0	0	0	0	0	0	0	0	386	9782	2590	1034	0	0	0	
218848	Occipital_Sup_L	0	0	0	0	0	0	0	0	0	0	0	0	0	0	0	0	0	0	0	0	0	0	0	0	0	0	0	0	0	0	0	0	450	0	248	0	0	0	340	0	0	0	10318	0	26414	0	7816	0	0	0	32844	0	2628	0	4282	0	0	0	9634	0	1304	0	0	0	0	0	11666	0	602	0	0	0	0	0	0	0	0	0	0	0	0	0	0	0	384	0	0	0	146	0	0	0	0	0	0	0	0	0	348	0	0	0	0	0	0	0	0	0	0	0	0	0	0	0	0	0	
181656	Occipital_Sup_R	0	0	0	0	0	0	0	0	0	0	0	0	0	0	0	0	0	0	0	0	0	0	0	0	0	0	0	0	0	0	0	0	0	0	0	0	0	0	0	0	0	0	198	16588	588	25094	0	4390	0	0	0	16748	0	1806	0	2030	0	4190	0	3884	0	332	0	0	0	1910	322	10064	0	1602	0	0	0	0	0	0	0	0	0	0	0	0	0	0	0	1082	0	0	0	0	0	0	0	0	0	0	0	0	0	0	0	0	0	0	0	0	0	0	0	0	0	0	0	0	0	0	
499808	Occipital_Mid_L	262	0	0	0	0	0	0	0	0	0	0	0	0	0	0	0	1312	0	108	0	0	0	0	0	0	0	0	0	404	0	0	0	1724	0	840	0	0	0	2626	0	0	0	26478	0	19774	0	21476	0	32844	0	0	0	23294	0	21214	0	4342	0	14518	0	9604	0	1556	0	7280	0	17458	0	3584	0	0	0	0	0	0	0	0	0	756	0	1530	0	0	0	23622	0	0	0	13010	0	0	0	0	0	0	0	0	0	288	0	0	0	0	0	0	0	0	0	0	0	0	0	0	0	0	0	
127780	Occipital_Mid_R	332	340	0	0	0	0	0	0	0	0	0	0	0	0	0	0	0	0	0	0	0	0	0	0	0	0	0	0	0	0	0	0	0	264	342	344	0	0	0	0	0	0	0	10366	0	5978	0	3124	0	16748	0	0	0	2226	0	1634	0	2006	0	788	0	444	0	0	0	4544	0	4376	334	1316	0	0	0	0	0	0	0	0	0	0	0	0	0	0	0	7990	0	0	0	394	0	0	0	0	0	0	0	0	0	0	0	0	0	0	0	0	0	0	0	0	0	0	0	0	0	0	
153396	Occipital_Inf_L	112	0	0	0	0	0	0	0	0	0	0	0	0	0	0	0	1344	0	0	0	0	0	0	0	0	0	0	0	486	0	0	0	188	0	184	0	0	0	554	0	0	0	6054	0	1832	0	9996	0	2628	0	23294	0	0	0	13586	0	206	0	0	0	0	0	232	0	0	0	1320	0	806	0	0	0	0	0	0	0	0	0	930	0	418	0	0	0	4906	0	0	0	7528	0	94	0	0	0	0	0	0	0	0	0	0	0	0	0	0	0	0	0	0	0	0	0	0	0	0	0	
58864	Occipital_Inf_R	634	132	0	0	0	0	0	0	0	0	0	0	0	0	0	0	0	0	0	0	0	0	0	0	0	0	0	0	0	0	0	0	0	0	794	1136	0	0	0	530	0	0	0	4824	0	0	0	4104	0	1806	0	2226	0	0	0	5980	0	278	0	0	0	0	0	0	0	0	0	934	660	258	0	0	0	0	0	0	0	0	0	0	0	0	0	0	0	1244	0	0	0	3314	0	174	0	0	0	0	0	0	0	190	0	0	0	0	0	0	0	0	0	0	214	0	0	0	0	0	
393680	Fusiform_L	682	0	282	0	0	0	0	0	0	0	0	0	0	0	0	0	1844	0	498	0	0	0	0	0	0	0	0	0	2806	0	0	0	340	0	902	0	7788	0	6088	0	1410	0	6254	0	3668	0	18416	200	4282	0	21214	0	13586	0	0	0	594	0	0	0	94	0	658	0	0	0	3634	0	1828	0	0	0	1050	0	0	0	336	0	1266	0	1634	0	2070	0	8828	0	1132	0	24986	0	18852	426	1284	392	0	0	9072	132	20802	538	736	0	180	0	0	0	0	0	0	0	4162	1794	100	0	0	0	
236456	Fusiform_R	0	320	226	186	0	0	0	94	0	0	0	0	0	0	0	0	0	92	184	0	0	0	0	0	0	0	0	0	0	748	0	120	0	106	0	104	0	13144	0	10104	0	5436	0	5394	0	0	360	12202	0	2030	0	1634	0	5980	0	0	0	284	0	0	0	0	0	0	0	0	0	1540	0	230	286	130	0	1596	0	0	0	1564	0	0	0	1224	0	3838	0	930	0	1700	0	14950	352	10088	100	1782	0	0	252	3488	472	10416	0	0	0	438	0	0	0	0	0	0	1528	1792	784	0	0	0	
261224	Postcentral_L	34854	0	13088	0	0	0	4400	0	0	0	2950	0	0	0	0	0	8954	0	9382	0	0	0	0	0	0	0	0	0	3622	0	0	200	216	0	150	168	668	0	0	0	0	0	0	0	0	0	0	0	0	0	4342	0	206	0	594	0	0	0	6446	0	15952	0	7954	0	388	0	1620	0	3800	0	122	270	1014	0	438	0	418	0	2154	0	3086	0	130	0	1674	0	0	0	1352	0	0	0	0	0	0	0	0	0	0	0	0	0	0	0	0	0	0	0	0	0	0	0	0	0	0	0	
195688	Postcentral_R	2386	8482	180	2222	0	0	0	574	0	0	0	1026	0	0	0	0	0	2462	246	3492	0	0	0	0	0	0	0	0	0	198	0	646	0	4910	1820	3720	0	0	0	0	0	0	0	3812	0	4082	0	2966	0	4190	0	2006	0	278	0	284	0	0	0	6390	0	4026	0	3340	0	1148	0	12356	3186	12940	96	0	0	0	0	0	0	0	0	0	0	0	0	0	0	1766	0	0	0	468	0	0	0	0	0	0	0	0	0	0	0	0	0	0	0	0	0	0	0	0	2146	0	0	0	0	0	
120348	Parietal_Sup_L	908	0	118	0	0	0	0	0	0	0	0	0	0	0	0	0	0	0	134	0	0	0	0	0	0	0	0	0	0	0	0	0	194	0	0	0	0	0	0	0	0	0	378	0	1712	0	0	0	9634	0	14518	0	0	0	0	0	6446	0	0	0	12232	0	638	0	774	0	11436	0	632	0	0	0	0	0	0	0	0	0	0	0	420	0	0	0	0	0	0	0	0	0	0	0	0	0	0	0	0	0	0	0	0	0	0	0	0	0	0	0	0	0	0	0	0	0	0	0	
79108	Parietal_Sup_R	0	0	0	0	0	0	0	0	0	0	0	0	0	0	0	0	0	248	0	0	0	0	0	0	0	0	0	0	0	0	0	0	0	0	0	0	0	0	0	0	0	0	0	502	0	2932	0	0	0	3884	0	788	0	0	0	0	0	6390	0	0	0	12198	0	1708	0	4874	0	3778	0	100	0	0	0	0	0	0	0	0	0	0	0	168	0	0	0	1692	0	0	0	292	0	0	0	0	0	0	0	0	0	0	0	0	0	0	0	0	0	0	0	0	0	0	0	0	0	0	
156036	Parietal_Inf_L	6598	0	1246	0	0	0	1184	0	0	0	134	0	0	0	0	0	540	0	540	0	0	0	0	0	0	0	0	0	182	0	0	0	0	0	0	0	0	0	0	0	0	0	0	0	0	0	0	0	1304	0	9604	0	0	0	94	0	15952	0	12232	0	0	0	10718	0	11652	0	150	0	378	0	0	0	0	0	0	0	0	0	0	0	1898	0	0	0	1788	0	0	0	1824	0	0	0	0	0	0	0	0	0	0	0	0	0	0	0	0	0	0	0	0	0	0	0	0	0	0	0	
94208	Parietal_Inf_R	0	670	0	0	0	0	0	0	0	0	0	0	0	0	0	0	0	380	0	0	0	0	0	0	0	0	0	0	0	0	0	0	0	0	0	0	0	0	0	0	0	0	0	522	0	158	0	110	0	332	0	444	0	0	0	0	0	4026	0	12198	0	0	0	6686	0	12200	0	526	0	170	0	0	0	0	0	0	0	0	0	0	0	698	0	0	0	5696	0	0	0	2288	0	0	0	0	0	0	0	0	0	0	0	0	0	0	0	0	0	0	0	0	0	0	0	0	0	0	
75636	SupraMarginal_L	772	0	0	0	0	0	0	0	0	0	0	0	0	0	0	0	1198	0	0	0	0	0	0	0	0	0	0	0	0	0	0	0	0	0	0	0	0	0	0	0	0	0	0	0	0	0	0	0	0	0	1556	0	232	0	658	0	7954	0	638	0	10718	0	0	0	2700	0	0	0	124	0	0	0	0	0	0	0	0	0	0	0	7200	0	0	0	2742	0	0	0	1326	0	0	0	0	0	0	0	0	0	0	0	0	0	0	0	0	0	0	0	0	0	0	0	0	0	0	0	
51416	SupraMarginal_R	0	928	0	246	0	0	0	196	0	0	0	0	0	0	0	0	0	1448	0	244	0	0	0	0	0	0	0	0	0	164	0	0	0	0	0	0	0	0	0	0	0	0	0	120	0	0	0	0	0	0	0	0	0	0	0	0	0	3340	0	1708	0	6686	0	0	0	4810	0	104	0	0	0	0	0	0	0	0	0	0	0	0	0	2668	0	0	0	2590	0	0	0	456	0	0	0	0	0	0	0	0	0	0	0	0	0	0	0	0	0	0	0	0	0	0	0	0	0	0	
75820	Angular_L	0	0	0	0	0	0	0	0	0	0	0	0	0	0	0	0	258	0	0	0	0	0	0	0	0	0	0	0	0	0	0	0	0	0	0	0	0	0	0	0	0	0	0	0	0	0	0	0	0	0	7280	0	0	0	0	0	388	0	774	0	11652	0	2700	0	0	0	0	0	0	0	0	0	0	0	0	0	0	0	0	0	2122	0	0	0	8926	0	0	0	3810	0	0	0	0	0	0	0	0	0	0	0	0	0	0	0	0	0	0	0	0	0	0	0	0	0	0	0	
87448	Angular_R	242	622	0	0	0	0	0	0	0	0	0	0	0	0	0	0	0	0	0	0	0	0	0	0	0	0	0	0	0	0	0	0	0	0	242	242	0	0	0	0	0	0	0	116	0	330	0	112	0	1910	0	4544	0	0	0	0	0	1148	0	4874	0	12200	0	4810	0	0	0	492	242	366	0	0	0	0	0	0	0	0	0	0	0	1686	0	0	0	7154	0	0	0	2392	0	0	0	0	0	0	0	0	0	0	0	0	0	0	0	0	0	0	0	0	0	0	0	0	0	0	
200604	Precuneus_L	0	0	0	0	0	0	0	0	0	0	0	0	0	0	0	0	164	0	94	0	0	0	0	0	0	0	0	0	0	0	0	0	3672	0	6738	368	1184	0	1632	0	0	0	12996	354	9830	916	3362	0	11666	322	17458	0	1320	0	3634	0	1620	0	11436	0	150	0	0	0	0	0	0	992	3528	0	0	0	0	0	0	0	0	0	0	0	0	0	0	0	3074	0	0	0	3172	0	0	0	0	0	0	0	366	0	0	0	0	0	0	0	0	0	0	0	0	0	254	0	0	0	0	0	
241456	Precuneus_R	616	564	170	262	0	0	0	124	0	0	0	0	0	0	0	0	0	0	178	760	0	0	0	0	0	0	0	0	0	0	0	0	596	4744	5032	10104	1336	2184	240	1322	0	0	128	12412	0	13762	128	11576	0	10064	0	4376	0	934	0	1540	0	12356	0	3778	0	526	0	104	0	492	992	0	1038	6892	0	0	0	0	0	0	0	0	0	0	0	0	0	0	0	2162	0	0	0	220	0	0	0	0	0	0	0	586	0	0	0	0	0	0	0	0	0	0	0	0	8430	0	0	0	0	0	
262324	Paracentral_Lobule_L	24156	238	1240	0	0	0	142	0	0	0	0	0	0	0	0	0	182	0	10784	10702	0	0	0	0	0	0	0	0	272	0	0	0	4080	8560	11124	11148	880	0	0	0	0	0	438	146	1154	0	218	0	602	0	3584	334	806	660	1828	0	3800	3186	632	0	378	0	124	0	0	242	3528	1038	0	10684	384	0	830	0	0	0	5960	0	0	0	206	0	0	0	2200	1994	0	0	2276	422	0	0	0	0	0	0	0	0	0	0	0	0	0	0	0	0	0	0	0	0	0	0	0	0	0	0	
191764	Paracentral_Lobule_R	7192	3050	314	0	0	0	172	0	0	0	0	0	0	0	0	0	0	0	2876	20098	0	0	0	0	0	0	0	0	0	0	0	0	806	12516	1932	3958	0	456	0	0	0	0	0	1436	0	1842	0	1250	0	1602	0	1316	0	258	0	230	0	12940	0	100	0	170	0	0	0	366	0	6892	10684	0	168	110	0	0	0	0	144	0	0	0	0	0	0	0	0	1596	0	0	0	596	0	0	0	0	0	0	0	0	0	0	0	0	0	0	0	0	0	0	0	0	812	0	0	0	0	0	
221044	Caudate_L	468	246	7174	446	282	100	204	126	0	0	794	390	7094	0	2020	0	302	298	9280	882	5488	8214	990	118	248	116	3154	2894	7830	472	6320	4246	0	0	0	0	96	664	802	214	1272	0	0	0	0	0	0	0	0	0	0	0	0	0	0	286	122	96	0	0	0	0	0	0	0	0	0	0	384	168	0	12616	15798	1010	1156	0	5128	208	0	0	0	0	158	0	0	0	0	0	0	148	0	0	0	0	0	0	0	0	0	0	0	0	0	0	0	0	0	0	0	0	0	0	0	0	0	0	
459464	Caudate_R	768	10224	4352	13624	0	234	174	1234	0	0	2416	10750	4918	4398	272	810	358	5026	4420	22242	3162	5980	940	6686	280	1950	1600	1864	6940	17132	9508	37444	280	956	0	0	0	426	390	154	590	0	0	0	0	0	0	0	0	0	0	0	0	0	0	130	270	0	0	0	0	0	0	0	0	0	0	0	0	110	12616	0	5158	14364	0	816	0	13646	0	0	0	0	0	120	0	0	0	0	0	0	0	0	0	0	0	0	0	0	0	0	0	0	0	0	0	0	0	0	0	0	0	0	0	0	0	0	
285136	Putamen_L	3394	0	21106	156	6030	0	5610	0	1540	0	1386	0	3696	0	3392	0	1012	0	17102	802	2124	4532	1262	0	214	0	1512	1182	16012	0	3650	1226	0	0	0	514	5848	358	184	0	588	0	0	0	0	0	0	0	0	0	0	0	0	0	1050	0	1014	0	0	0	0	0	0	0	0	0	0	0	830	0	15798	5158	0	326	6094	0	3400	0	294	0	1552	0	1048	0	0	0	0	0	1572	0	0	0	0	0	0	0	0	0	0	0	0	0	0	0	0	0	0	0	0	0	0	0	0	0	0	0	
189920	Putamen_R	0	1154	342	5952	0	2032	0	646	0	154	0	1488	92	120	0	698	0	5576	290	5284	104	458	422	1902	0	5358	0	1494	208	13746	3408	12932	0	166	0	0	0	7404	0	1692	0	782	0	0	0	0	0	0	0	0	0	0	0	0	0	1596	0	0	0	0	0	0	0	0	0	0	0	0	0	0	1010	14364	326	0	0	912	0	1452	0	100	0	638	0	168	0	0	0	0	0	490	0	0	0	0	0	0	0	0	0	0	0	0	0	0	0	0	0	0	0	0	0	0	0	0	0	0	
40856	Pallidum_L	844	0	1702	0	0	0	464	0	0	0	0	0	0	0	0	0	530	0	5884	104	0	120	0	0	0	0	0	0	338	0	0	0	0	0	0	0	318	0	0	0	0	0	0	0	0	0	0	0	0	0	0	0	0	0	0	0	438	0	0	0	0	0	0	0	0	0	0	0	0	0	1156	0	6094	0	0	0	2228	0	208	0	0	0	0	0	0	0	0	0	0	0	0	0	0	0	0	0	0	0	0	0	0	0	0	0	0	0	0	0	0	0	0	0	0	0	0	0	
10792	Pallidum_R	0	164	0	1066	0	0	0	294	0	0	0	0	0	0	0	0	0	454	96	1330	0	0	0	0	0	0	0	0	0	0	0	0	0	0	0	0	0	152	0	0	0	0	0	0	0	0	0	0	0	0	0	0	0	0	0	0	0	0	0	0	0	0	0	0	0	0	0	0	0	0	0	816	0	912	0	0	0	112	0	0	0	0	0	0	0	0	0	0	0	0	0	0	0	0	0	0	0	0	0	0	0	0	0	0	0	0	0	0	0	0	0	0	0	0	0	0	
105832	Thalamus_L	952	408	1758	184	0	0	906	0	0	0	0	0	172	0	164	0	214	0	14736	338	0	0	0	0	0	0	0	0	1410	0	0	0	0	0	0	2450	5302	2302	276	0	312	0	0	0	0	0	0	0	0	0	0	0	0	0	336	0	418	0	0	0	0	0	0	0	0	0	0	0	5960	144	5128	0	3400	0	2228	0	0	2110	104	0	262	0	0	0	0	0	0	0	942	0	0	0	0	0	0	0	0	0	0	0	0	0	0	0	0	0	0	0	0	0	0	0	0	0	0	0	
120116	Thalamus_R	0	16874	638	10282	0	0	0	724	0	0	0	0	0	0	0	0	0	302	640	3324	0	0	0	0	0	0	0	0	0	788	0	140	0	0	0	0	0	4720	0	1600	0	0	0	0	0	0	0	0	0	0	0	0	0	0	0	1564	0	0	0	0	0	0	0	0	0	0	0	0	0	0	208	13646	0	1452	0	112	2110	0	0	0	0	0	0	0	0	0	0	0	0	934	0	0	0	0	0	0	0	0	0	0	0	0	0	0	0	0	0	0	0	0	0	0	0	0	0	0	
69580	Heschl_L	1754	0	1398	0	0	0	742	0	0	0	348	0	0	0	0	0	4560	0	1040	0	0	0	0	0	0	0	0	0	4276	0	0	0	0	0	0	0	1386	0	0	0	0	0	112	0	0	0	222	0	0	0	756	0	930	0	1266	0	2154	0	0	0	0	0	0	0	0	0	0	0	0	0	0	0	294	0	208	0	104	0	0	0	3506	0	224	0	4268	0	0	0	5242	0	0	0	0	0	0	0	0	0	0	0	0	0	0	0	0	0	0	0	0	0	0	0	0	0	0	0	
12480	Heschl_R	0	92	0	202	0	0	0	0	0	0	0	0	0	0	0	0	0	864	0	298	0	0	0	0	0	0	0	0	0	1534	0	0	0	0	0	0	0	0	0	0	0	0	0	0	0	0	0	0	0	0	0	0	0	0	0	0	0	0	0	0	0	0	0	0	0	0	0	0	0	0	0	0	0	100	0	0	0	0	0	0	0	2220	0	0	0	576	0	0	0	354	0	0	0	0	0	0	0	0	0	0	0	0	0	0	0	0	0	0	0	0	0	0	0	0	0	0	
199540	Temporal_Sup_L	1744	0	4704	0	0	0	1404	0	0	0	5168	0	926	0	0	0	10480	0	3658	0	0	0	0	0	0	0	0	0	8010	0	0	0	0	0	0	126	1788	112	0	0	0	0	0	0	0	0	132	0	0	0	1530	0	418	0	1634	0	3086	0	420	0	1898	0	7200	0	2122	0	0	0	206	0	0	0	1552	0	0	0	262	0	3506	0	0	0	6682	0	21098	0	0	0	9904	0	0	0	0	0	0	0	0	0	0	0	0	0	0	0	0	0	0	0	0	0	0	0	0	0	0	0	
57508	Temporal_Sup_R	0	170	0	548	0	0	0	196	0	0	0	0	0	0	0	232	0	1768	0	244	0	0	0	0	0	0	0	0	0	3862	0	102	0	0	0	0	0	0	0	0	0	0	0	0	0	0	0	0	0	0	0	0	0	0	0	1224	0	0	0	168	0	698	0	2668	0	1686	0	0	0	0	0	0	0	638	0	0	0	0	0	2220	0	0	0	2738	0	7614	0	0	0	1978	0	0	0	0	0	0	0	0	0	0	0	0	0	0	0	0	0	0	0	0	0	0	0	0	0	0	
107980	Temporal_Pole_Sup_L	528	0	2990	0	348	0	1320	0	324	0	4504	0	980	0	2080	0	5220	0	1850	0	388	120	0	0	0	0	0	0	4326	0	0	0	0	0	0	0	1320	0	280	0	988	0	0	0	0	0	0	0	0	0	0	0	0	0	2070	0	130	0	0	0	0	0	0	0	0	0	0	0	0	0	158	0	1048	0	0	0	0	0	224	0	6682	0	0	0	6630	0	4296	0	5186	0	0	0	0	0	0	0	0	0	0	0	0	0	0	0	0	0	0	0	0	0	0	0	0	0	0	0	
42772	Temporal_Pole_Sup_R	0	0	0	376	0	0	0	0	0	0	0	184	0	0	0	312	0	696	0	144	0	0	0	0	0	0	0	0	0	1660	0	104	0	0	0	0	0	402	0	832	0	1550	0	0	0	0	0	0	0	0	0	0	0	0	0	3838	0	0	0	0	0	0	0	0	0	0	0	0	0	0	0	120	0	168	0	0	0	0	0	0	0	2738	0	0	0	2236	0	2426	0	3600	0	0	0	0	0	0	0	0	0	0	0	0	0	0	0	0	0	0	0	0	0	0	0	0	0	0	
303164	Temporal_Mid_L	754	0	262	0	0	0	0	0	0	0	0	0	0	0	0	0	4370	0	548	0	0	0	0	0	0	0	0	0	2590	0	0	0	482	0	710	0	1204	0	124	0	496	0	2822	0	1740	0	1448	0	384	0	23622	0	4906	0	8828	0	1674	0	0	0	1788	0	2742	0	8926	0	3074	0	2200	0	0	0	0	0	0	0	0	0	4268	0	21098	0	6630	0	0	0	3710	0	40182	0	0	0	0	0	0	0	0	0	0	0	0	0	0	0	0	0	0	0	0	0	0	0	0	0	0	0	
155708	Temporal_Mid_R	1986	1234	0	0	0	0	0	164	0	0	0	0	0	0	0	120	0	146	0	0	0	0	0	0	0	0	0	0	0	714	0	0	0	746	2140	2186	0	98	0	0	0	0	0	1182	0	1116	0	160	0	1082	0	7990	0	1244	0	930	0	1766	0	1692	0	5696	0	2590	0	7154	0	2162	1994	1596	0	0	0	0	0	0	0	0	0	576	0	7614	0	2236	0	0	0	554	0	18986	0	0	0	0	0	0	0	0	0	0	0	0	0	0	0	0	0	0	0	0	0	0	0	0	0	0	
25012	Temporal_Pole_Mid_L	0	0	0	0	0	0	0	0	0	0	0	0	0	0	0	0	0	0	0	0	0	0	0	0	0	0	0	0	0	0	0	0	0	0	0	0	106	0	126	0	92	0	0	0	0	0	0	0	0	0	0	0	0	0	1132	0	0	0	0	0	0	0	0	0	0	0	0	0	0	0	0	0	0	0	0	0	0	0	0	0	0	0	4296	0	3710	0	0	0	3044	0	0	0	0	0	0	0	0	0	0	0	0	0	0	0	0	0	0	0	0	0	0	0	0	0	0	0	
15404	Temporal_Pole_Mid_R	0	0	0	0	0	0	0	0	0	0	0	0	0	0	0	0	0	0	0	0	0	0	0	0	0	0	0	0	0	0	0	0	0	0	0	0	0	0	0	110	0	0	0	0	0	0	0	0	0	0	0	0	0	0	0	1700	0	0	0	0	0	0	0	0	0	0	0	0	0	0	0	0	0	0	0	0	0	0	0	0	0	0	0	2426	0	554	0	0	0	2912	0	0	0	0	0	0	0	0	0	0	0	0	0	0	0	0	0	0	0	0	0	0	0	0	0	0	
326448	Temporal_Inf_L	1106	0	540	0	0	0	96	0	0	0	0	0	0	0	0	0	4016	0	1164	0	0	0	0	0	0	0	0	0	5064	0	0	0	364	0	868	0	10066	0	1858	0	616	0	3422	0	912	0	2076	0	146	0	13010	0	7528	0	24986	0	1352	0	0	0	1824	0	1326	0	3810	0	3172	0	2276	0	0	0	1572	0	0	0	942	0	5242	0	9904	0	5186	0	40182	0	3044	0	0	0	3888	0	486	0	0	0	116	0	894	0	170	0	0	0	0	0	0	0	0	0	0	0	0	0	0	0	
139268	Temporal_Inf_R	402	790	94	0	0	0	0	284	0	0	0	0	0	0	0	0	0	0	0	0	0	0	0	0	0	0	0	0	0	650	0	0	0	198	360	448	0	5380	0	1862	0	860	0	1056	0	0	0	938	0	0	0	394	0	3314	0	14950	0	468	0	292	0	2288	0	456	0	2392	0	220	422	596	148	0	0	490	0	0	0	934	0	354	0	1978	0	3600	0	18986	0	2912	0	0	0	994	0	124	0	0	0	0	0	0	0	0	0	0	0	0	0	0	0	0	0	0	0	0	0	0	
397484	Cerebelum_Crus1_L	0	0	0	0	0	0	0	0	0	0	0	0	0	0	0	0	0	0	0	0	0	0	0	0	0	0	0	0	0	0	0	0	0	0	0	0	0	0	0	0	0	0	0	0	0	0	4716	900	0	0	0	0	94	0	18852	352	0	0	0	0	0	0	0	0	0	0	0	0	0	0	0	0	0	0	0	0	0	0	0	0	0	0	0	0	0	0	0	0	3888	0	0	4958	33116	5938	392	0	15226	354	44848	3816	13274	1578	13640	1904	4934	614	0	0	0	0	4202	7558	9454	1830	1490	814	
405800	Cerebelum_Crus1_R	0	0	0	0	0	0	0	0	0	0	0	0	0	0	0	0	0	0	0	0	0	0	0	0	0	0	0	0	0	0	0	0	0	0	0	0	0	0	0	0	0	0	0	0	0	0	1122	4812	0	0	0	0	0	174	426	10088	0	0	0	0	0	0	0	0	0	0	0	0	0	0	0	0	0	0	0	0	0	0	0	0	0	0	0	0	0	0	0	0	0	994	4958	0	2814	44264	150	2502	2720	17502	5984	48018	752	5150	442	16278	410	2314	0	0	0	708	9606	9788	9118	1122	558	126	
273216	Cerebelum_Crus2_L	0	0	0	0	0	0	0	0	0	0	0	0	0	0	0	0	0	0	0	0	0	0	0	0	0	0	0	0	0	0	0	0	0	0	0	0	0	0	0	0	0	0	0	0	0	0	218	126	0	0	0	0	0	0	1284	100	0	0	0	0	0	0	0	0	0	0	0	0	0	0	0	0	0	0	0	0	0	0	0	0	0	0	0	0	0	0	0	0	486	0	33116	2814	0	12622	0	0	480	186	5686	650	25984	6504	19824	6042	2236	538	0	0	0	0	136	594	12598	2744	1140	500	
379436	Cerebelum_Crus2_R	0	0	0	0	0	0	0	0	0	0	0	0	0	0	0	0	0	0	0	0	0	0	0	0	0	0	0	0	0	0	0	0	0	0	0	0	0	0	0	0	0	0	0	0	0	0	430	1284	0	0	0	0	0	0	392	1782	0	0	0	0	0	0	0	0	0	0	0	0	0	0	0	0	0	0	0	0	0	0	0	0	0	0	0	0	0	0	0	0	0	124	5938	44264	12622	0	0	388	2110	7700	3570	21910	7384	14972	4608	23392	502	3026	0	0	0	0	6436	6340	16972	2278	980	314	
18428	Cerebelum_3_L	0	0	0	0	0	0	0	0	0	0	0	0	0	0	0	0	0	0	0	0	0	0	0	0	0	0	0	0	0	0	0	0	0	0	0	0	0	0	0	0	0	0	0	0	0	0	146	0	0	0	0	0	0	0	0	0	0	0	0	0	0	0	0	0	0	0	0	0	0	0	0	0	0	0	0	0	0	0	0	0	0	0	0	0	0	0	0	0	0	0	392	150	0	0	0	0	3814	0	908	188	126	0	0	0	278	0	0	0	864	1104	884	260	0	100	0	0	
31848	Cerebelum_3_R	0	0	0	0	0	0	0	0	0	0	0	0	0	0	0	0	0	0	0	0	0	0	0	0	0	0	0	0	0	0	0	0	0	0	0	0	0	0	0	130	0	0	0	0	0	0	0	0	0	0	0	0	0	0	0	0	0	0	0	0	0	0	0	0	0	0	0	0	0	0	0	0	0	0	0	0	0	0	0	0	0	0	0	0	0	0	0	0	0	0	0	2502	0	388	0	0	226	3774	436	3554	0	0	0	180	260	416	0	0	246	1184	820	738	338	356	272	104	
211560	Cerebelum_4_5_L	0	0	0	0	0	0	0	0	0	0	0	0	0	0	0	0	0	0	0	0	0	0	0	0	0	0	0	0	0	0	0	0	0	0	0	0	0	0	98	0	0	0	0	0	0	0	7366	1014	0	0	0	0	0	0	9072	252	0	0	0	0	0	0	0	0	0	0	366	0	0	0	0	0	0	0	0	0	0	0	0	0	0	0	0	0	0	0	0	0	116	0	15226	2720	480	2110	3814	226	0	1366	29284	3384	1240	0	2044	134	2676	802	0	0	860	1118	12154	5298	126	348	670	1416	
168728	Cerebelum_4_5_R	0	0	0	0	0	0	0	0	0	0	0	0	0	0	0	0	0	0	0	0	0	0	0	0	0	0	0	0	0	0	0	0	0	0	0	0	0	384	0	1428	0	0	0	350	0	0	236	3050	0	0	0	0	0	0	132	3488	0	0	0	0	0	0	0	0	0	0	0	586	0	0	0	0	0	0	0	0	0	0	0	0	0	0	0	0	0	0	0	0	0	0	354	17502	186	7700	0	3774	1366	0	1022	23244	0	328	228	3802	330	896	0	0	0	1394	9238	804	1930	398	214	0	
352476	Cerebelum_6_L	0	0	0	0	0	0	0	0	0	0	0	0	0	0	0	0	0	0	0	0	0	0	0	0	0	0	0	0	0	0	0	0	0	0	0	0	0	0	0	0	0	0	0	0	326	0	8468	1382	348	0	288	0	0	0	20802	472	0	0	0	0	0	0	0	0	0	0	0	0	0	0	0	0	0	0	0	0	0	0	0	0	0	0	0	0	0	0	0	0	894	0	44848	5984	5686	3570	908	436	29284	1022	0	6090	4004	0	3672	354	5218	1250	0	0	198	272	9326	11996	4954	1346	1554	1286	
336264	Cerebelum_6_R	0	0	0	0	0	0	0	0	0	0	0	0	0	0	0	0	0	0	0	0	0	0	0	0	0	0	0	0	0	0	0	0	0	0	0	0	0	0	0	128	0	0	0	0	0	0	1428	4844	0	0	0	0	0	190	538	10416	0	0	0	0	0	0	0	0	0	0	0	0	0	0	0	0	0	0	0	0	0	0	0	0	0	0	0	0	0	0	0	0	0	0	3816	48018	650	21910	188	3554	3384	23244	6090	0	158	574	324	6122	648	1618	0	0	0	948	11964	11228	5436	388	180	146	
197304	Cerebelum_7b_L	0	0	0	0	0	0	0	0	0	0	0	0	0	0	0	0	0	0	0	0	0	0	0	0	0	0	0	0	0	0	0	0	0	0	0	0	0	0	0	0	0	0	0	0	0	0	0	0	0	0	0	0	0	0	736	0	0	0	0	0	0	0	0	0	0	0	0	0	0	0	0	0	0	0	0	0	0	0	0	0	0	0	0	0	0	0	0	0	170	0	13274	752	25984	7384	126	0	1240	0	4004	158	0	5214	22834	3188	4520	136	240	0	0	0	114	118	6028	2122	178	132	
117804	Cerebelum_7b_R	0	0	0	0	0	0	0	0	0	0	0	0	0	0	0	0	0	0	0	0	0	0	0	0	0	0	0	0	0	0	0	0	0	0	0	0	0	0	0	0	0	0	0	0	0	0	0	0	0	0	0	0	0	0	0	0	0	0	0	0	0	0	0	0	0	0	0	0	0	0	0	0	0	0	0	0	0	0	0	0	0	0	0	0	0	0	0	0	0	0	1578	5150	6504	14972	0	0	0	328	0	574	5214	0	4206	11194	300	1132	0	0	0	0	184	0	5322	2244	0	0	
212748	Cerebelum_8_L	0	0	0	0	0	0	0	0	0	0	0	0	0	0	0	0	0	0	0	0	0	0	0	0	0	0	0	0	0	0	0	0	0	0	0	0	0	0	0	0	0	0	0	0	0	0	0	0	0	0	0	0	0	0	180	0	0	0	0	0	0	0	0	0	0	0	0	0	0	0	0	0	0	0	0	0	0	0	0	0	0	0	0	0	0	0	0	0	0	0	13640	442	19824	4608	0	0	2044	228	3672	324	22834	4206	0	3646	18418	606	774	0	0	0	650	258	4464	4344	1040	172	
214428	Cerebelum_8_R	0	0	0	0	0	0	0	0	0	0	0	0	0	0	0	0	0	0	0	0	0	0	0	0	0	0	0	0	0	0	0	0	0	0	0	0	0	0	0	0	0	0	0	0	0	0	0	0	0	0	0	0	0	0	0	438	0	0	0	0	0	0	0	0	0	0	0	0	0	0	0	0	0	0	0	0	0	0	0	0	0	0	0	0	0	0	0	0	0	0	1904	16278	6042	23392	0	180	134	3802	354	6122	3188	11194	3646	0	728	14014	0	176	0	0	1390	602	9846	3172	498	114	
104704	Cerebelum_9_L	0	0	0	0	0	0	0	0	0	0	0	0	0	0	0	0	0	0	0	0	0	0	0	0	0	0	0	0	0	0	0	0	0	0	0	0	0	0	0	0	0	0	0	0	0	0	0	0	0	0	0	0	0	0	0	0	0	0	0	0	0	0	0	0	0	0	0	0	0	0	0	0	0	0	0	0	0	0	0	0	0	0	0	0	0	0	0	0	0	0	4934	410	2236	502	278	260	2676	330	5218	648	4520	300	18418	728	0	1104	2304	0	128	202	778	1512	710	1924	1534	698	
91484	Cerebelum_9_R	0	0	0	0	0	0	0	0	0	0	0	0	0	0	0	0	0	0	0	0	0	0	0	0	0	0	0	0	0	0	0	0	0	0	0	0	0	0	0	0	0	0	0	0	0	0	0	0	0	0	0	0	0	0	0	0	0	0	0	0	0	0	0	0	0	0	0	0	0	0	0	0	0	0	0	0	0	0	0	0	0	0	0	0	0	0	0	0	0	0	614	2314	538	3026	0	416	802	896	1250	1618	136	1132	606	14014	1104	0	0	566	152	242	1270	2506	2548	3634	4058	2300	
6636	Cerebelum_10_L	0	0	0	0	0	0	0	0	0	0	0	0	0	0	0	0	0	0	0	0	0	0	0	0	0	0	0	0	0	0	0	0	0	0	0	0	0	0	0	0	0	0	0	0	0	0	0	0	0	0	0	0	0	0	0	0	0	0	0	0	0	0	0	0	0	0	0	0	0	0	0	0	0	0	0	0	0	0	0	0	0	0	0	0	0	0	0	0	0	0	0	0	0	0	0	0	0	0	0	0	240	0	774	0	2304	0	0	0	0	0	0	0	0	0	0	0	
1484	Cerebelum_10_R	0	0	0	0	0	0	0	0	0	0	0	0	0	0	0	0	0	0	0	0	0	0	0	0	0	0	0	0	0	0	0	0	0	0	0	0	0	0	0	0	0	0	0	0	0	0	0	0	0	0	0	0	0	0	0	0	0	0	0	0	0	0	0	0	0	0	0	0	0	0	0	0	0	0	0	0	0	0	0	0	0	0	0	0	0	0	0	0	0	0	0	0	0	0	0	0	0	0	0	0	0	0	0	176	0	566	0	0	0	0	0	0	0	0	0	0	
15496	Vermis_1_2	0	0	0	0	0	0	0	0	0	0	0	0	0	0	0	0	0	0	0	0	0	0	0	0	0	0	0	0	0	0	0	0	0	0	0	0	0	0	0	0	0	0	0	0	0	0	0	0	0	0	0	0	0	0	0	0	0	0	0	0	0	0	0	0	0	0	0	0	0	0	0	0	0	0	0	0	0	0	0	0	0	0	0	0	0	0	0	0	0	0	0	0	0	0	864	246	860	0	198	0	0	0	0	0	128	152	0	0	0	3214	1448	296	96	140	106	0	
29840	Vermis_3	0	0	0	0	0	0	0	0	0	0	0	0	0	0	0	0	0	0	0	0	0	0	0	0	0	0	0	0	0	0	0	0	0	0	0	0	0	0	230	394	0	0	0	0	0	0	258	386	0	0	0	0	0	0	0	0	0	0	0	0	0	0	0	0	0	0	0	0	0	0	0	0	0	0	0	0	0	0	0	0	0	0	0	0	0	0	0	0	0	0	0	708	0	0	1104	1184	1118	1394	272	948	0	0	0	0	202	242	0	0	3214	0	2118	472	172	218	168	118	
247964	Vermis_4_5	0	420	0	196	0	0	0	0	0	0	0	0	0	0	0	0	0	0	0	100	0	0	0	0	0	0	0	0	0	0	0	0	0	720	1986	4094	1488	230	162	458	0	0	0	486	0	0	2800	9782	0	0	0	0	0	214	4162	1528	0	2146	0	0	0	0	0	0	0	0	254	8430	0	812	0	0	0	0	0	0	0	0	0	0	0	0	0	0	0	0	0	0	0	0	4202	9606	136	6436	884	820	12154	9238	9326	11964	114	184	650	1390	778	1270	0	0	1448	2118	0	7632	328	434	756	1646	
180704	Vermis_6	0	0	0	0	0	0	0	0	0	0	0	0	0	0	0	0	0	0	0	0	0	0	0	0	0	0	0	0	0	0	0	0	0	0	0	0	0	0	0	0	0	0	0	0	0	0	1940	2590	0	0	0	0	0	0	1794	1792	0	0	0	0	0	0	0	0	0	0	0	0	0	0	0	0	0	0	0	0	0	0	0	0	0	0	0	0	0	0	0	0	0	0	7558	9788	594	6340	260	738	5298	804	11996	11228	118	0	258	602	1512	2506	0	0	296	472	7632	0	5834	2240	2678	3484	
214676	Vermis_7	0	0	0	0	0	0	0	0	0	0	0	0	0	0	0	0	0	0	0	0	0	0	0	0	0	0	0	0	0	0	0	0	0	0	0	0	0	0	0	0	0	0	0	0	0	0	856	1034	0	0	0	0	0	0	100	784	0	0	0	0	0	0	0	0	0	0	0	0	0	0	0	0	0	0	0	0	0	0	0	0	0	0	0	0	0	0	0	0	0	0	9454	9118	12598	16972	0	338	126	1930	4954	5436	6028	5322	4464	9846	710	2548	0	0	96	172	328	5834	0	4574	2622	1094	
84864	Vermis_8	0	0	0	0	0	0	0	0	0	0	0	0	0	0	0	0	0	0	0	0	0	0	0	0	0	0	0	0	0	0	0	0	0	0	0	0	0	0	0	0	0	0	0	0	0	0	0	0	0	0	0	0	0	0	0	0	0	0	0	0	0	0	0	0	0	0	0	0	0	0	0	0	0	0	0	0	0	0	0	0	0	0	0	0	0	0	0	0	0	0	1830	1122	2744	2278	100	356	348	398	1346	388	2122	2244	4344	3172	1924	3634	0	0	140	218	434	2240	4574	0	4420	2056	
55696	Vermis_9	0	0	0	0	0	0	0	0	0	0	0	0	0	0	0	0	0	0	0	0	0	0	0	0	0	0	0	0	0	0	0	0	0	0	0	0	0	0	0	0	0	0	0	0	0	0	0	0	0	0	0	0	0	0	0	0	0	0	0	0	0	0	0	0	0	0	0	0	0	0	0	0	0	0	0	0	0	0	0	0	0	0	0	0	0	0	0	0	0	0	1490	558	1140	980	0	272	670	214	1554	180	178	0	1040	498	1534	4058	0	0	106	168	756	2678	2622	4420	0	2732	
38504	Vermis_10	0	0	0	0	0	0	0	0	0	0	0	0	0	0	0	0	0	0	0	0	0	0	0	0	0	0	0	0	0	0	0	0	0	0	0	0	0	0	0	0	0	0	0	0	0	0	0	0	0	0	0	0	0	0	0	0	0	0	0	0	0	0	0	0	0	0	0	0	0	0	0	0	0	0	0	0	0	0	0	0	0	0	0	0	0	0	0	0	0	0	814	126	500	314	0	104	1416	0	1286	146	132	0	172	114	698	2300	0	0	0	118	1646	3484	1094	2056	2732	0	
