data	data	534092	258888	828304	840524	203648	205948	675636	362172	115016	75540	317972	246080	355948	221308	178576	128592	236468	138016	446972	814244	47296	52684	411092	432780	35372	108340	52112	58940	681124	401776	437340	505300	170516	475424	187148	211288	244216	355600	104948	223580	20716	80288	183168	308804	104516	293640	331904	350224	193432	273792	341496	247036	120916	143884	425648	451548	284052	168684	130784	106952	194128	88460	93456	100064	134308	112388	213836	361532	223684	170864	370544	403832	298280	310604	52936	19840	129652	225952	87492	66364	181064	149152	65504	86544	255980	198592	5980	26300	247732	168760	449888	435240	285404	395440	58952	88844	302280	254020	419072	505148	255520	220376	345104	361184	131816	161340	24624	12292	24876	92836	201088	246848	336684	193780	112460	28620	
data	data	Precentral_L	Precentral_R	Frontal_Sup_L	Frontal_Sup_R	Frontal_Sup_Orb_L	Frontal_Sup_Orb_R	Frontal_Mid_L	Frontal_Mid_R	Frontal_Mid_Orb_L	Frontal_Mid_Orb_R	Frontal_Inf_Oper_L	Frontal_Inf_Oper_R	Frontal_Inf_Tri_L	Frontal_Inf_Tri_R	Frontal_Inf_Orb_L	Frontal_Inf_Orb_R	Rolandic_Oper_L	Rolandic_Oper_R	Supp_Motor_Area_L	Supp_Motor_Area_R	Olfactory_L	Olfactory_R	Frontal_Sup_Medial_L	Frontal_Sup_Medial_R	Frontal_Med_Orb_L	Frontal_Med_Orb_R	Rectus_L	Rectus_R	Insula_L	Insula_R	Cingulum_Ant_L	Cingulum_Ant_R	Cingulum_Mid_L	Cingulum_Mid_R	Cingulum_Post_L	Cingulum_Post_R	Hippocampus_L	Hippocampus_R	ParaHippocampal_L	ParaHippocampal_R	Amygdala_L	Amygdala_R	Calcarine_L	Calcarine_R	Cuneus_L	Cuneus_R	Lingual_L	Lingual_R	Occipital_Sup_L	Occipital_Sup_R	Occipital_Mid_L	Occipital_Mid_R	Occipital_Inf_L	Occipital_Inf_R	Fusiform_L	Fusiform_R	Postcentral_L	Postcentral_R	Parietal_Sup_L	Parietal_Sup_R	Parietal_Inf_L	Parietal_Inf_R	SupraMarginal_L	SupraMarginal_R	Angular_L	Angular_R	Precuneus_L	Precuneus_R	Paracentral_Lobule_L	Paracentral_Lobule_R	Caudate_L	Caudate_R	Putamen_L	Putamen_R	Pallidum_L	Pallidum_R	Thalamus_L	Thalamus_R	Heschl_L	Heschl_R	Temporal_Sup_L	Temporal_Sup_R	Temporal_Pole_Sup_L	Temporal_Pole_Sup_R	Temporal_Mid_L	Temporal_Mid_R	Temporal_Pole_Mid_L	Temporal_Pole_Mid_R	Temporal_Inf_L	Temporal_Inf_R	Cerebelum_Crus1_L	Cerebelum_Crus1_R	Cerebelum_Crus2_L	Cerebelum_Crus2_R	Cerebelum_3_L	Cerebelum_3_R	Cerebelum_4_5_L	Cerebelum_4_5_R	Cerebelum_6_L	Cerebelum_6_R	Cerebelum_7b_L	Cerebelum_7b_R	Cerebelum_8_L	Cerebelum_8_R	Cerebelum_9_L	Cerebelum_9_R	Cerebelum_10_L	Cerebelum_10_R	Vermis_1_2	Vermis_3	Vermis_4_5	Vermis_6	Vermis_7	Vermis_8	Vermis_9	Vermis_10	
534092	Precentral_L	0	4128	9590	1702	126	0	34202	464	0	0	16246	232	4584	0	0	0	11384	346	5516	19594	0	0	774	0	0	0	0	0	17240	472	2442	94	288	6668	4410	1930	5382	382	432	118	0	0	236	0	0	0	0	102	0	0	100	0	0	0	0	0	33564	358	0	0	1538	84	1400	164	0	96	298	132	27604	7172	6002	2068	11708	1134	1966	0	15452	1482	3832	0	1496	0	130	0	94	0	0	0	88	0	0	0	0	0	0	0	0	0	0	0	0	0	0	0	0	0	0	0	0	0	0	0	0	0	0	0	
258888	Precentral_R	4128	0	944	12604	0	0	0	9362	0	0	0	4940	0	986	0	0	100	2472	1756	16042	0	0	0	0	0	0	0	0	184	1854	94	0	0	498	1628	2872	552	6572	390	892	0	290	0	0	0	320	0	208	0	706	0	146	0	0	136	478	374	19938	0	404	0	960	0	2076	0	780	252	1808	3524	7206	978	5302	262	886	102	0	676	9156	0	736	0	710	0	0	0	1712	0	0	92	356	0	0	0	0	0	0	0	0	0	0	0	0	0	0	0	0	0	0	0	0	0	0	0	0	0	0	
828304	Frontal_Sup_L	9590	944	0	14844	7924	0	81978	2908	4654	0	11046	726	24604	588	7360	0	6286	422	45338	20094	0	0	45928	7438	1188	148	0	0	35516	1168	28056	6026	6992	6452	264	0	598	90	0	0	0	0	0	0	0	0	0	0	0	0	0	0	0	0	0	0	1800	0	0	0	0	0	90	0	0	0	0	0	1040	0	12388	2814	9672	1386	3156	0	550	520	402	0	888	0	276	0	0	0	0	0	0	0	0	0	0	0	0	0	0	0	0	0	0	0	0	0	0	0	0	0	0	0	0	0	0	0	0	0	
840524	Frontal_Sup_R	1702	12604	14844	0	0	14184	4678	47496	0	2038	800	16130	390	18300	0	4918	494	4462	10802	66832	0	0	6952	40644	0	3010	0	0	1856	19158	4796	36186	2370	21972	524	1320	550	5166	290	1086	0	0	0	0	0	0	0	120	0	0	0	0	0	0	110	408	0	518	0	0	0	0	0	0	0	0	238	684	198	0	4282	20884	1252	15220	858	492	120	6782	124	286	0	486	0	548	0	98	0	0	0	0	0	0	0	0	0	0	0	0	0	0	0	0	0	0	0	0	0	0	0	0	0	0	0	0	0	0	
203648	Frontal_Sup_Orb_L	126	0	7924	0	0	0	5756	0	15804	0	2280	0	6258	0	18946	0	482	0	498	0	1164	0	3892	160	3288	0	4364	0	18116	0	3588	0	0	116	0	0	172	0	146	0	298	0	0	0	0	0	0	0	0	0	0	0	0	0	0	0	0	0	0	0	0	0	0	0	0	0	0	0	0	0	642	0	6808	0	0	0	0	0	0	0	250	0	586	0	160	0	0	0	0	0	0	0	0	0	0	0	0	0	0	0	0	0	0	0	0	0	0	0	0	0	0	0	0	0	0	0	
205948	Frontal_Sup_Orb_R	0	0	0	14184	0	0	0	5068	0	13374	0	2608	0	3152	0	12428	100	418	0	782	0	104	352	8976	366	9528	0	7084	110	6364	1114	6550	0	0	0	0	0	0	0	0	0	0	0	0	0	0	0	0	0	0	0	0	0	0	0	0	0	0	0	0	0	0	0	0	0	0	0	0	0	0	310	3692	0	6192	0	0	0	0	0	0	0	0	0	118	0	0	0	0	0	0	0	0	0	0	0	0	0	0	0	0	0	0	0	0	0	0	0	0	0	0	0	0	0	0	0	0	
675636	Frontal_Mid_L	34202	0	81978	4678	5756	0	0	966	5236	0	23974	370	43346	0	9140	0	8082	476	10244	4262	0	0	13140	654	104	0	0	0	41216	674	15102	588	592	378	454	380	1894	168	0	0	0	0	0	0	0	0	0	0	0	0	0	0	0	0	0	0	3356	0	0	0	0	0	0	0	0	0	0	0	146	0	7598	2030	8884	1698	1582	0	1200	548	1524	0	922	0	276	0	0	0	0	0	0	0	0	0	0	0	0	0	0	0	0	0	0	0	0	0	0	0	0	0	0	0	0	0	0	0	0	0	
362172	Frontal_Mid_R	464	9362	2908	47496	0	5068	966	0	0	2316	1220	11072	208	19482	0	5692	1110	1044	2096	7822	0	0	2544	10944	0	112	0	0	1820	10970	1252	8034	650	10172	122	462	138	1176	0	286	0	0	0	0	0	0	0	0	0	0	0	0	0	0	0	90	172	452	0	0	0	0	0	0	0	0	88	224	182	0	1428	1974	208	6388	0	642	0	898	0	406	234	582	0	0	0	110	0	0	0	0	0	0	0	0	0	0	0	0	0	0	0	0	0	0	0	0	0	0	0	0	0	0	0	0	0	0	
115016	Frontal_Mid_Orb_L	0	0	4654	0	15804	0	5236	0	0	0	0	0	5900	0	16850	0	0	0	220	0	100	0	940	0	436	0	1842	0	3150	0	628	0	0	0	0	0	0	0	0	0	0	0	0	0	0	0	0	0	0	0	0	0	0	0	0	0	0	0	0	0	0	0	0	0	0	0	0	0	0	0	194	0	1466	0	0	0	0	0	0	0	0	0	88	0	0	0	0	0	0	0	0	0	0	0	0	0	0	0	0	0	0	0	0	0	0	0	0	0	0	0	0	0	0	0	0	0	
75540	Frontal_Mid_Orb_R	0	0	0	2038	0	13374	0	2316	0	0	0	0	0	850	0	13062	0	0	0	0	0	0	0	0	0	532	0	2940	0	1226	0	84	0	0	0	0	0	0	0	0	0	0	0	0	0	0	0	0	0	0	0	0	0	0	0	0	0	0	0	0	0	0	0	0	0	0	0	0	0	0	0	232	0	1116	0	0	0	0	0	0	0	0	0	0	0	0	0	0	0	0	0	0	0	0	0	0	0	0	0	0	0	0	0	0	0	0	0	0	0	0	0	0	0	0	0	0	
317972	Frontal_Inf_Oper_L	16246	0	11046	800	2280	0	23974	1220	0	0	0	602	21440	332	416	0	14652	118	1704	234	0	0	3416	1004	0	0	0	0	31898	184	5200	938	154	334	0	0	280	0	0	0	0	0	0	0	0	0	0	0	0	0	0	0	0	0	0	0	5224	0	0	0	0	0	0	0	0	0	0	0	0	0	5908	728	2444	0	0	0	146	0	354	0	2640	0	2726	0	344	0	0	0	0	0	0	0	0	0	0	0	0	0	0	0	0	0	0	0	0	0	0	0	0	0	0	0	0	0	0	0	
246080	Frontal_Inf_Oper_R	232	4940	726	16130	0	2608	370	11072	0	0	602	0	0	16444	0	416	598	7608	536	8866	240	0	188	5450	0	408	0	0	876	14078	682	7212	0	1480	0	294	0	588	0	0	0	0	0	0	0	0	0	0	0	0	0	0	0	0	0	0	0	1348	0	0	0	0	0	0	0	0	0	98	0	0	3278	6874	634	5678	0	470	0	176	0	602	90	596	0	552	0	0	0	0	0	0	0	0	0	0	0	0	0	0	0	0	0	0	0	0	0	0	0	0	0	0	0	0	0	0	0	0	
355948	Frontal_Inf_Tri_L	4584	0	24604	390	6258	0	43346	208	5900	0	21440	0	0	0	13280	0	1674	0	3318	296	0	0	5972	1134	0	0	0	0	33730	0	4238	392	1170	926	0	0	92	0	0	0	0	0	0	0	0	0	0	0	0	0	0	0	0	0	0	0	750	0	0	0	0	0	0	0	0	0	0	0	0	0	1358	0	1384	0	0	0	0	0	0	0	352	0	1002	0	176	0	0	0	0	0	0	0	0	0	0	0	0	0	0	0	0	0	0	0	0	0	0	0	0	0	0	0	0	0	0	0	
221308	Frontal_Inf_Tri_R	0	986	588	18300	0	3152	0	19482	0	850	332	16444	0	0	0	5372	194	290	352	5938	0	0	702	7422	0	258	0	0	518	11884	346	9476	84	2878	0	0	0	0	0	0	0	0	0	0	0	0	0	0	0	0	0	0	0	0	0	0	0	294	0	0	0	0	0	0	0	0	0	0	0	0	1134	1842	182	1354	0	0	0	0	0	0	0	0	0	0	0	0	0	0	0	0	0	0	0	0	0	0	0	0	0	0	0	0	0	0	0	0	0	0	0	0	0	0	0	0	0	0	
178576	Frontal_Inf_Orb_L	0	0	7360	0	18946	0	9140	0	16850	0	416	0	13280	0	0	0	0	0	580	0	1244	0	1134	0	460	0	1204	0	11062	0	1056	0	0	0	0	0	160	0	156	0	302	0	0	0	0	0	0	0	0	0	0	0	0	0	0	0	0	0	0	0	0	0	0	0	0	0	0	0	0	0	222	0	4322	0	0	0	0	0	0	0	198	0	1016	0	180	0	0	0	0	0	0	0	0	0	0	0	0	0	0	0	0	0	0	0	0	0	0	0	0	0	0	0	0	0	0	0	
128592	Frontal_Inf_Orb_R	0	0	0	4918	0	12428	0	5692	0	13062	0	416	0	5372	0	0	0	524	0	498	0	94	0	904	0	450	0	2698	0	10052	0	1578	0	324	0	0	0	0	0	0	0	94	0	0	0	0	0	0	0	0	0	0	0	0	0	0	0	0	0	0	0	0	0	0	0	0	0	0	0	0	0	442	0	2252	0	0	0	0	0	0	0	504	0	1772	0	222	0	0	0	0	0	0	0	0	0	0	0	0	0	0	0	0	0	0	0	0	0	0	0	0	0	0	0	0	0	0	
236468	Rolandic_Oper_L	11384	100	6286	494	482	100	8082	1110	0	0	14652	598	1674	194	0	0	0	228	1000	190	0	0	424	420	0	0	0	0	21590	164	1028	656	0	0	494	194	582	0	0	0	0	0	488	0	0	0	0	0	120	0	1172	0	236	0	308	0	14704	0	154	0	610	0	3602	0	202	0	236	126	808	0	3604	734	2112	132	172	0	528	0	3842	0	7272	0	1940	0	2514	0	0	0	492	0	0	0	0	0	0	0	0	0	0	0	0	0	0	0	0	0	0	0	0	0	0	0	0	0	0	0	
138016	Rolandic_Oper_R	346	2472	422	4462	0	418	476	1044	0	0	118	7608	0	290	0	524	228	0	214	3552	246	0	0	738	0	86	0	0	302	11410	786	1030	0	154	0	0	0	236	0	0	0	0	0	0	0	198	0	0	0	368	0	0	0	0	0	0	0	4654	0	0	0	0	0	3592	0	0	0	376	0	0	1960	2690	754	2714	0	210	0	0	0	4722	0	5548	0	2622	0	1270	0	0	0	168	0	0	0	0	0	0	0	0	0	0	0	0	0	0	0	0	0	0	0	0	0	0	0	0	0	0	
446972	Supp_Motor_Area_L	5516	1756	45338	10802	498	0	10244	2096	220	0	1704	536	3318	352	580	0	1000	214	0	41364	0	0	10390	2474	0	0	0	0	6180	1024	11800	5060	13790	21424	1716	2724	420	112	0	0	0	0	0	152	0	346	0	268	0	0	0	0	0	0	0	0	368	170	0	0	0	0	0	0	0	0	156	2190	4482	496	4112	2316	2810	924	524	0	964	338	0	0	218	0	0	0	0	0	0	0	0	0	0	0	0	0	0	0	0	0	0	0	0	0	0	0	0	0	0	0	0	0	0	0	0	0	0	0	
814244	Supp_Motor_Area_R	19594	16042	20094	66832	0	782	4262	7822	0	0	234	8866	296	5938	0	498	190	3552	41364	0	0	0	1444	10418	0	448	0	0	782	6588	1962	16620	8070	45354	4836	10706	378	3028	196	558	0	0	0	488	0	596	0	874	0	116	0	0	0	0	0	204	240	1112	0	144	0	176	0	300	0	108	178	6856	18074	22266	4560	21158	1148	7884	892	792	1076	9198	0	160	0	272	0	244	0	104	0	0	0	0	0	0	0	0	0	0	0	0	0	0	0	0	0	0	0	0	0	0	0	0	148	0	0	0	0	0	
47296	Olfactory_L	0	0	0	0	1164	0	0	0	100	0	0	240	0	0	1244	0	0	246	0	0	0	3366	0	0	246	334	3274	1036	1404	0	1606	1548	0	0	0	0	0	0	304	0	146	0	0	0	0	0	0	0	0	0	0	0	0	0	0	0	0	0	0	0	0	0	0	0	0	0	0	0	0	0	4202	2446	338	0	0	0	0	0	0	0	0	0	404	0	0	0	0	0	0	0	0	0	0	0	0	0	0	0	0	0	0	0	0	0	0	0	0	0	0	0	0	0	0	0	0	0	
52684	Olfactory_R	0	0	0	0	0	104	0	0	0	0	0	0	0	0	0	94	0	0	0	0	3366	0	0	0	0	880	2564	1698	0	922	1226	2040	0	0	0	0	0	550	0	178	0	342	0	0	0	0	0	0	0	0	0	0	0	0	0	0	0	0	0	0	0	0	0	0	0	0	0	0	0	0	5342	4106	1588	1004	0	0	0	0	0	0	0	0	0	338	0	0	0	0	0	0	0	0	0	0	0	0	0	0	0	0	0	0	0	0	0	0	0	0	0	0	0	0	0	0	0	0	
411092	Frontal_Sup_Medial_L	774	0	45928	6952	3892	352	13140	2544	940	0	3416	188	5972	702	1134	0	424	0	10390	1444	0	0	0	22708	3806	774	0	0	12402	0	30570	10246	7868	11416	0	0	110	0	0	0	0	0	0	0	0	0	0	0	0	0	0	0	0	0	0	0	0	0	0	0	0	0	0	0	0	0	0	0	0	0	4304	0	2716	0	170	0	154	0	0	0	0	0	110	0	0	0	0	0	0	0	0	0	0	0	0	0	0	0	0	0	0	0	0	0	0	0	0	0	0	0	0	0	0	0	0	0	
432780	Frontal_Sup_Medial_R	0	0	7438	40644	160	8976	654	10944	0	0	1004	5450	1134	7422	0	904	420	738	2474	10418	0	0	22708	0	618	8026	0	148	2914	7300	8158	32674	2148	18308	0	0	0	0	0	0	0	0	0	0	0	0	0	0	0	0	0	0	0	0	0	0	0	0	0	0	0	0	0	0	0	0	0	0	0	0	1344	7556	206	5502	0	0	0	0	0	0	0	0	0	0	0	0	0	0	0	0	0	0	0	0	0	0	0	0	0	0	0	0	0	0	0	0	0	0	0	0	0	0	0	0	0	0	
35372	Frontal_Med_Orb_L	0	0	1188	0	3288	366	104	0	436	0	0	0	0	0	460	0	0	0	0	0	246	0	3806	618	0	1336	1204	294	522	0	2298	692	0	0	0	0	0	0	0	0	0	0	0	0	0	0	0	0	0	0	0	0	0	0	0	0	0	0	0	0	0	0	0	0	0	0	0	0	0	0	122	152	554	0	0	0	0	0	0	0	0	0	0	0	0	0	0	0	0	0	0	0	0	0	0	0	0	0	0	0	0	0	0	0	0	0	0	0	0	0	0	0	0	0	0	0	
108340	Frontal_Med_Orb_R	0	0	148	3010	0	9528	0	112	0	532	0	408	0	258	0	450	0	86	0	448	334	880	774	8026	1336	0	336	6132	0	544	2492	7894	0	0	0	0	0	0	0	0	0	0	0	0	0	0	0	0	0	0	0	0	0	0	0	0	0	0	0	0	0	0	0	0	0	0	0	0	0	0	492	5790	0	4160	0	0	0	0	0	0	0	0	0	0	0	0	0	0	0	0	0	0	0	0	0	0	0	0	0	0	0	0	0	0	0	0	0	0	0	0	0	0	0	0	0	0	
52112	Rectus_L	0	0	0	0	4364	0	0	0	1842	0	0	0	0	0	1204	0	0	0	0	0	3274	2564	0	0	1204	336	0	1038	288	0	2896	1456	0	0	0	0	0	0	0	0	0	0	0	0	0	0	0	0	0	0	0	0	0	0	0	0	0	0	0	0	0	0	0	0	0	0	0	0	0	0	2944	1482	1164	0	0	0	0	0	0	0	0	0	0	0	0	0	0	0	0	0	0	0	0	0	0	0	0	0	0	0	0	0	0	0	0	0	0	0	0	0	0	0	0	0	0	0	
58940	Rectus_R	0	0	0	0	0	7084	0	0	0	2940	0	0	0	0	0	2698	0	0	0	0	1036	1698	0	148	294	6132	1038	0	0	170	710	1734	0	0	0	0	0	0	0	0	0	0	0	0	0	0	0	0	0	0	0	0	0	0	0	0	0	0	0	0	0	0	0	0	0	0	0	0	0	0	1160	1834	110	684	0	0	0	0	0	0	0	0	0	0	0	0	0	0	0	0	0	0	0	0	0	0	0	0	0	0	0	0	0	0	0	0	0	0	0	0	0	0	0	0	0	0	
681124	Insula_L	17240	184	35516	1856	18116	110	41216	1820	3150	0	31898	876	33730	518	11062	0	21590	302	6180	782	1404	0	12402	2914	522	0	288	0	0	374	15558	2072	1492	1776	1028	926	8466	432	668	98	1080	0	0	0	0	0	0	0	0	0	0	0	0	0	1456	0	7182	0	0	0	0	0	604	0	0	0	0	0	212	0	8164	1152	15138	270	354	0	3938	1134	6378	0	7122	0	5694	0	2784	0	0	0	1334	0	0	0	0	0	0	0	0	0	0	0	0	0	0	0	0	0	0	0	0	0	0	0	0	0	0	0	
401776	Insula_R	472	1854	1168	19158	0	6364	674	10970	0	1226	184	14078	0	11884	0	10052	164	11410	1024	6588	0	922	0	7300	0	544	0	170	374	0	738	10150	0	480	610	1910	512	6316	350	990	0	710	0	0	0	0	0	0	0	156	0	0	0	136	0	2596	0	2506	0	0	0	0	0	1150	0	0	382	1038	0	0	3176	7726	1230	27808	230	172	0	1296	94	3876	0	7616	0	5200	0	2780	0	108	0	620	0	434	0	84	0	0	0	548	0	580	0	0	0	0	0	0	0	0	0	0	0	0	0	0	0	0	
437340	Cingulum_Ant_L	2442	94	28056	4796	3588	1114	15102	1252	628	0	5200	682	4238	346	1056	0	1028	786	11800	1962	1606	1226	30570	8158	2298	2492	2896	710	15558	738	0	16784	8448	6676	372	0	170	0	0	0	0	0	0	0	0	0	0	0	0	0	0	0	0	0	0	0	0	0	0	0	0	0	0	0	0	0	0	0	0	0	15734	3058	14100	878	430	0	594	174	102	0	198	0	530	0	0	0	0	0	0	0	0	0	0	0	0	0	0	0	0	0	0	0	0	0	0	0	0	0	0	0	0	0	0	0	0	0	
505300	Cingulum_Ant_R	94	0	6026	36186	0	6550	588	8034	0	84	938	7212	392	9476	0	1578	656	1030	5060	16620	1548	2040	10246	32674	692	7894	1456	1734	2072	10150	16784	0	4390	23020	0	222	0	0	0	0	0	0	0	0	0	0	0	0	0	0	0	0	0	0	0	0	0	0	0	0	0	0	0	0	0	0	0	0	0	0	5280	22438	1280	7868	0	0	0	248	0	0	90	0	0	0	0	0	0	0	0	0	0	0	0	0	0	0	0	0	0	0	0	0	0	0	0	0	0	0	0	0	0	0	0	0	0	0	
170516	Cingulum_Mid_L	288	0	6992	2370	0	0	592	650	0	0	154	0	1170	84	0	0	0	0	13790	8070	0	0	7868	2148	0	0	0	0	1492	0	8448	4390	0	14394	2240	406	0	0	0	0	0	0	188	0	328	226	0	0	474	0	456	0	88	0	0	0	288	0	194	0	0	0	0	0	0	0	2602	622	2966	584	308	0	168	0	90	0	0	130	0	0	0	0	0	0	0	0	0	0	0	0	0	0	0	0	0	0	0	0	0	0	0	0	0	0	0	0	0	0	0	0	0	0	0	0	0	0	
475424	Cingulum_Mid_R	6668	498	6452	21972	116	0	378	10172	0	0	334	1480	926	2878	0	324	0	154	21424	45354	0	0	11416	18308	0	0	0	0	1776	480	6676	23020	14394	0	1986	8092	0	0	0	0	0	0	0	1452	0	1720	0	1192	0	990	0	696	0	0	0	0	0	760	0	118	0	0	0	0	0	0	176	9964	7190	7250	318	0	0	0	0	0	286	0	0	0	0	0	0	0	0	174	0	0	0	0	0	0	0	0	0	0	0	0	0	0	0	0	0	0	0	0	0	0	0	0	148	0	0	0	0	0	
187148	Cingulum_Post_L	4410	1628	264	524	0	0	454	122	0	0	0	0	0	0	0	0	494	0	1716	4836	0	0	0	0	0	0	0	0	1028	610	372	0	2240	1986	0	14518	8542	4704	4632	758	0	0	2332	0	130	0	1060	278	0	0	448	0	352	0	2626	326	2932	0	0	0	0	0	0	0	0	0	5734	976	5934	4046	334	286	98	458	0	0	816	6660	1710	120	354	0	0	0	166	0	0	0	1560	0	0	0	0	0	0	0	0	0	0	0	0	0	0	0	0	0	0	0	0	0	0	0	0	0	0	0	
211288	Cingulum_Post_R	1930	2872	0	1320	0	0	380	462	0	0	0	294	0	0	0	0	194	0	2724	10706	0	0	0	0	0	0	0	0	926	1910	0	222	406	8092	14518	0	6006	9164	3174	1678	0	0	0	306	0	306	82	2104	0	0	0	0	0	0	966	430	446	716	0	0	0	0	0	0	0	0	1422	10792	1214	6966	330	218	82	1542	0	0	452	5828	1294	226	294	118	0	0	0	0	0	0	812	0	0	0	0	0	0	0	0	128	0	0	0	0	0	0	0	0	0	0	0	0	1592	0	0	0	0	0	
244216	Hippocampus_L	5382	552	598	550	172	0	1894	138	0	0	280	0	92	0	160	0	582	0	420	378	0	0	110	0	0	0	0	0	8466	512	170	0	0	0	8542	6006	0	4066	13190	682	3624	0	1514	0	0	0	3264	218	0	0	154	0	220	0	14054	282	976	0	0	0	0	0	0	0	0	0	3220	254	0	0	1354	292	6580	442	0	0	5044	6510	4782	86	2920	0	1080	0	1636	0	0	0	10082	0	0	0	0	0	0	0	362	0	216	0	0	0	0	0	0	0	0	0	0	0	0	0	0	0	0	0	
355600	Hippocampus_R	382	6572	90	5166	0	0	168	1176	0	0	0	588	0	0	0	0	0	236	112	3028	0	550	0	0	0	0	0	0	432	6316	0	0	0	0	4704	9164	4066	0	2682	32156	0	11266	0	2738	0	130	92	8230	0	156	0	130	0	1106	620	26854	0	620	0	0	0	0	0	0	0	0	906	8680	0	840	94	324	0	7952	0	946	0	8084	572	1596	116	1874	0	1838	0	1440	0	0	486	5546	0	1128	0	230	0	0	0	2354	0	1774	0	0	0	156	0	0	0	0	0	0	1216	0	118	0	0	0	
104948	ParaHippocampal_L	432	390	0	290	146	0	0	0	0	0	0	0	0	0	156	0	0	0	0	196	304	0	0	0	0	0	0	0	668	350	0	0	0	0	4632	3174	13190	2682	0	406	552	0	950	0	0	0	3368	0	0	0	0	0	82	0	8890	230	0	0	0	0	0	0	0	0	0	0	1988	200	0	0	0	0	510	266	0	0	338	2814	198	0	382	0	242	0	286	0	0	0	3562	0	0	0	0	0	0	0	600	0	0	0	0	0	0	0	0	0	0	0	0	0	0	0	0	0	0	0	
223580	ParaHippocampal_R	118	892	0	1086	0	0	0	286	0	0	0	0	0	0	0	0	0	0	0	558	0	178	0	0	0	0	0	0	98	990	0	0	0	0	758	1678	682	32156	406	0	0	11678	0	1656	0	0	0	7342	0	0	0	0	0	602	0	24034	0	0	0	0	0	0	0	0	0	0	0	3524	0	0	0	152	0	3070	0	696	0	3420	142	644	0	600	0	2886	0	628	0	956	0	3812	0	912	0	142	0	0	0	2554	0	1788	0	0	0	98	0	0	0	0	0	0	568	0	0	0	0	0	
20716	Amygdala_L	0	0	0	0	298	0	0	0	0	0	0	0	0	0	302	0	0	0	0	0	146	0	0	0	0	0	0	0	1080	0	0	0	0	0	0	0	3624	0	552	0	0	0	0	0	0	0	0	0	0	0	0	0	0	0	2424	0	0	0	0	0	0	0	0	0	0	0	0	0	0	0	112	0	576	0	0	0	0	0	0	0	0	0	276	0	0	0	0	0	968	0	0	0	0	0	0	0	0	0	0	0	0	0	0	0	0	0	0	0	0	0	0	0	0	0	0	0	
80288	Amygdala_R	0	290	0	0	0	0	0	0	0	0	0	0	0	0	0	94	0	0	0	0	0	342	0	0	0	0	0	0	0	710	0	0	0	0	0	0	0	11266	0	11678	0	0	0	0	0	0	0	0	0	0	0	0	0	0	0	8060	0	0	0	0	0	0	0	0	0	0	0	0	0	0	0	296	0	1384	0	104	0	278	0	0	0	0	0	2946	0	0	0	544	0	1846	0	0	0	0	0	0	0	186	0	120	0	0	0	0	0	0	0	0	0	0	0	0	0	0	0	0	
183168	Calcarine_L	236	0	0	0	0	0	0	0	0	0	0	0	0	0	0	0	488	0	0	0	0	0	0	0	0	0	0	0	0	0	0	0	188	0	2332	0	1514	0	950	0	0	0	0	7384	6872	5958	9260	1222	6380	2058	18280	656	3700	0	3224	144	2200	0	798	0	322	0	108	0	142	0	8332	0	1808	0	0	0	0	0	0	0	0	0	578	0	476	0	0	0	3930	0	0	0	1582	0	0	0	0	0	0	0	0	142	0	142	0	0	0	0	0	0	0	0	0	0	178	0	0	0	0	0	
308804	Calcarine_R	0	0	0	0	0	0	0	0	0	0	0	0	0	0	0	0	0	0	152	488	0	0	0	0	0	0	0	0	0	0	0	0	0	1452	0	306	0	2738	0	1656	0	0	7384	0	3870	29270	666	28864	0	18670	0	17062	0	7196	0	5182	0	1862	0	498	0	0	0	0	0	0	312	17620	0	1064	0	0	0	0	0	0	0	0	0	0	0	0	0	0	0	3902	0	0	0	3812	0	0	0	0	0	0	0	0	0	158	0	0	0	0	0	0	0	0	0	0	0	218	0	0	0	0	
104516	Cuneus_L	0	0	0	0	0	0	0	0	0	0	0	0	0	0	0	0	0	0	0	0	0	0	0	0	0	0	0	0	0	0	0	0	328	0	130	0	0	0	0	0	0	0	6872	3870	0	5956	934	86	14290	1274	5446	402	254	0	200	0	136	0	2466	0	0	0	0	0	0	0	9298	92	110	0	0	0	0	0	0	0	0	0	0	0	0	0	0	0	114	0	0	0	0	0	0	0	0	0	0	0	0	0	0	0	0	0	0	0	0	0	0	0	0	0	0	0	0	0	0	0	
293640	Cuneus_R	0	320	0	0	0	0	0	0	0	0	0	0	0	0	0	0	0	198	346	596	0	0	0	0	0	0	0	0	0	0	0	0	226	1720	0	306	0	130	0	0	0	0	5958	29270	5956	0	82	3646	152	38880	0	19906	0	2458	0	620	0	1774	0	6348	0	188	0	490	0	540	1232	21214	0	564	0	0	0	0	0	0	0	0	0	0	0	0	0	0	0	2760	0	0	0	940	0	0	0	0	0	0	0	0	0	0	0	0	0	0	0	0	0	0	0	0	0	0	0	0	0	0	
331904	Lingual_L	0	0	0	0	0	0	0	0	0	0	0	0	0	0	0	0	0	0	0	0	0	0	0	0	0	0	0	0	0	0	0	0	0	0	1060	82	3264	92	3368	0	0	0	9260	666	934	82	0	4522	3076	98	10676	300	5746	592	21646	1672	274	0	262	0	0	0	0	0	0	0	6002	0	238	0	0	0	0	0	0	0	124	88	162	0	102	0	0	0	886	0	0	0	1060	0	15088	1686	3036	404	762	324	20486	1456	24746	3816	1088	0	1244	104	218	376	0	0	92	468	3278	7106	2736	438	474	192	
350224	Lingual_R	102	208	0	120	0	0	0	0	0	0	0	0	0	0	0	0	0	0	268	874	0	0	0	0	0	0	0	0	0	0	0	0	0	1192	278	2104	218	8230	0	7342	0	0	1222	28864	86	3646	4522	0	0	2652	0	8458	0	11372	1824	23304	0	1130	0	0	0	0	0	0	0	0	0	18546	0	1328	0	0	0	0	0	0	0	1174	94	96	0	0	0	0	0	1428	0	0	0	2646	1552	5032	0	106	100	250	834	3622	3722	10942	0	0	0	0	0	0	0	0	0	0	4676	8110	2838	0	0	0	
193432	Occipital_Sup_L	0	0	0	0	0	0	0	0	0	0	0	0	0	0	0	0	120	0	0	0	0	0	0	0	0	0	0	0	0	0	0	0	474	0	0	0	0	0	0	0	0	0	6380	0	14290	152	3076	0	0	0	25744	0	1262	0	1206	0	1398	0	11848	0	3466	0	238	0	3844	0	17538	0	976	0	0	0	0	0	0	0	0	0	0	0	324	0	0	0	3400	0	0	0	980	0	0	0	0	0	0	0	0	0	0	0	0	0	0	0	0	0	0	0	0	0	0	0	0	0	0	0	
273792	Occipital_Sup_R	0	706	0	0	0	0	0	0	0	0	0	0	0	0	0	0	0	368	0	116	0	0	0	0	0	0	0	0	0	156	0	0	0	990	0	0	0	156	0	0	0	0	2058	18670	1274	38880	98	2652	0	0	0	28136	0	1456	0	200	0	3014	0	8618	0	652	0	1140	0	2994	756	19712	0	540	0	0	0	0	0	0	0	0	0	0	0	162	0	0	0	2686	0	0	0	586	0	0	0	0	0	0	0	0	0	0	0	0	0	0	0	0	0	0	0	0	0	120	0	0	0	0	
341496	Occipital_Mid_L	100	0	0	0	0	0	0	0	0	0	0	0	0	0	0	0	1172	0	0	0	0	0	0	0	0	0	0	0	0	0	0	0	456	0	448	0	154	0	0	0	0	0	18280	0	5446	0	10676	0	25744	0	0	0	14994	0	7722	0	4232	0	15908	0	13898	0	918	0	14570	0	11714	0	3046	0	0	0	0	0	0	0	0	0	882	0	1314	0	0	0	16010	0	0	0	2836	0	0	0	0	0	0	0	82	0	146	0	0	0	0	0	0	0	0	0	0	0	0	0	0	0	0	0	
247036	Occipital_Mid_R	0	146	0	0	0	0	0	0	0	0	0	0	0	0	0	0	0	0	0	0	0	0	0	0	0	0	0	0	0	0	0	0	0	696	0	0	0	130	0	0	0	0	656	17062	402	19906	300	8458	0	28136	0	0	0	5680	0	1988	0	2276	0	6218	0	1276	0	380	0	8356	316	10628	0	334	0	0	0	0	0	0	0	0	0	0	0	826	0	0	0	7662	0	0	0	1464	0	0	0	0	0	0	0	0	0	0	0	0	0	0	0	0	0	0	0	0	0	222	0	0	0	0	
120916	Occipital_Inf_L	0	0	0	0	0	0	0	0	0	0	0	0	0	0	0	0	236	0	0	0	0	0	0	0	0	0	0	0	0	0	0	0	88	0	352	0	220	0	82	0	0	0	3700	0	254	0	5746	0	1262	0	14994	0	0	0	15536	0	726	0	0	0	700	0	406	0	452	0	1502	0	570	0	0	0	0	0	0	0	0	0	540	0	618	0	0	0	5022	0	0	0	5532	0	0	0	0	0	0	0	800	0	994	0	0	0	0	0	0	0	0	0	0	0	126	0	0	0	0	0	
143884	Occipital_Inf_R	0	0	0	0	0	0	0	0	0	0	0	0	0	0	0	0	0	0	0	0	0	0	0	0	0	0	0	0	0	136	0	0	0	0	0	0	0	1106	0	602	0	0	0	7196	0	2458	592	11372	0	1456	0	5680	0	0	438	10524	0	280	0	254	0	0	0	118	0	0	0	3034	0	134	0	0	0	0	0	0	0	0	0	520	0	462	0	0	0	5542	0	0	0	8040	598	2632	0	0	0	0	0	200	738	4068	0	0	0	0	0	0	0	0	0	0	0	2276	1486	0	0	0	
425648	Fusiform_L	0	136	0	110	0	0	0	0	0	0	0	0	0	0	0	0	308	0	0	0	0	0	0	0	0	0	0	0	1456	0	0	0	0	0	2626	966	14054	620	8890	0	2424	0	3224	0	200	0	21646	1824	1206	0	7722	0	15536	438	0	966	484	0	0	0	750	0	498	0	464	0	2822	160	348	0	0	0	1454	0	0	0	176	1162	1744	0	4938	0	840	0	9208	0	824	0	26174	0	20124	1330	2076	166	104	0	11568	0	28556	2348	752	0	1216	102	676	0	0	0	0	0	766	4480	2162	0	0	0	
451548	Fusiform_R	0	478	0	408	0	0	0	90	0	0	0	0	0	0	0	0	0	0	0	204	0	0	0	0	0	0	0	0	0	2596	0	0	0	0	326	430	282	26854	230	24034	0	8060	144	5182	0	620	1672	23304	0	200	0	1988	0	10524	966	0	0	0	0	0	0	0	0	0	0	0	0	2964	0	0	0	0	0	1172	0	180	0	2168	0	1202	0	3296	0	6384	0	2792	0	3228	0	15620	1664	16316	286	2388	100	208	388	11938	1914	26242	232	574	280	1424	100	306	0	0	0	182	4264	5424	3408	348	190	0	
284052	Postcentral_L	33564	374	1800	0	0	0	3356	172	0	0	5224	0	750	0	0	0	14704	0	368	240	0	0	0	0	0	0	0	0	7182	0	0	0	288	0	2932	446	976	0	0	0	0	0	2200	0	136	0	274	0	1398	0	4232	0	726	0	484	0	0	0	5542	0	16386	0	5916	98	784	0	5430	94	12416	168	506	96	4060	116	786	0	678	106	2962	0	2864	0	0	0	874	0	0	0	318	0	0	0	0	0	0	0	0	0	0	0	0	0	0	0	0	0	0	0	0	0	0	0	0	0	0	0	
168684	Postcentral_R	358	19938	0	518	0	0	0	452	0	0	0	1348	0	294	0	0	0	4654	170	1112	0	0	0	0	0	0	0	0	0	2506	0	0	0	760	0	716	0	620	0	0	0	0	0	1862	0	1774	0	1130	0	3014	0	2276	0	280	0	0	0	0	0	3996	0	4230	0	10134	0	1076	0	7860	292	5362	0	1240	0	666	0	130	0	1236	0	884	0	366	0	0	0	2396	0	0	0	692	0	0	0	0	0	0	0	0	0	0	0	0	0	0	0	0	0	0	0	0	0	0	0	0	0	0	
130784	Parietal_Sup_L	0	0	0	0	0	0	0	0	0	0	0	0	0	0	0	0	154	0	0	0	0	0	0	0	0	0	0	0	0	0	0	0	194	0	0	0	0	0	0	0	0	0	798	0	2466	0	262	0	11848	0	15908	0	0	0	0	0	5542	0	0	0	11800	0	94	0	7524	0	7580	0	674	0	0	0	0	0	0	0	0	0	0	0	0	0	0	0	448	0	0	0	100	0	0	0	0	0	0	0	0	0	0	0	0	0	0	0	0	0	0	0	0	0	0	0	0	0	0	0	
106952	Parietal_Sup_R	0	404	0	0	0	0	0	0	0	0	0	0	0	0	0	0	0	0	0	144	0	0	0	0	0	0	0	0	0	0	0	0	0	118	0	0	0	0	0	0	0	0	0	498	0	6348	0	0	0	8618	0	6218	0	254	0	0	0	3996	0	0	0	5790	0	2180	0	8054	572	9118	0	696	0	0	0	0	0	0	0	0	0	0	0	120	0	0	0	348	0	0	0	0	0	0	0	0	0	0	0	0	0	0	0	0	0	0	0	0	0	0	0	0	0	0	0	0	0	0	
194128	Parietal_Inf_L	1538	0	0	0	0	0	0	0	0	0	0	0	0	0	0	0	610	0	0	0	0	0	0	0	0	0	0	0	0	0	0	0	0	0	0	0	0	0	0	0	0	0	322	0	0	0	0	0	3466	0	13898	0	700	0	750	0	16386	0	11800	0	0	0	13330	0	22102	0	956	0	890	0	0	0	0	0	0	0	0	0	0	0	2008	0	0	0	5206	0	0	0	3102	0	0	0	0	0	0	0	0	0	0	0	0	0	0	0	0	0	0	0	0	0	0	0	0	0	0	0	
88460	Parietal_Inf_R	84	960	0	0	0	0	0	0	0	0	0	0	0	0	0	0	0	0	0	176	0	0	0	0	0	0	0	0	0	0	0	0	0	0	0	0	0	0	0	0	0	0	0	0	0	188	0	0	0	652	0	1276	0	0	0	0	0	4230	0	5790	0	0	0	10000	0	12824	0	490	0	176	0	0	0	0	0	0	0	0	0	826	0	2652	0	0	0	3630	0	0	0	276	0	0	0	0	0	0	0	0	0	0	0	0	0	0	0	0	0	0	0	0	0	0	0	0	0	0	
93456	SupraMarginal_L	1400	0	90	0	0	0	0	0	0	0	0	0	0	0	0	0	3602	0	0	0	0	0	0	0	0	0	0	0	604	0	0	0	0	0	0	0	0	0	0	0	0	0	108	0	0	0	0	0	238	0	918	0	406	0	498	0	5916	0	94	0	13330	0	0	0	5274	0	134	0	0	0	0	0	0	0	0	0	0	0	0	0	6716	0	0	0	4296	0	0	0	3104	0	0	0	0	0	0	0	0	0	0	0	0	0	0	0	0	0	0	0	0	0	0	0	0	0	0	0	
100064	SupraMarginal_R	164	2076	0	0	0	0	0	0	0	0	0	0	0	0	0	0	0	3592	0	300	0	0	0	0	0	0	0	0	0	1150	0	0	0	0	0	0	0	0	0	0	0	0	0	0	0	490	0	0	0	1140	0	380	0	118	0	0	98	10134	0	2180	0	10000	0	0	0	6688	0	784	0	0	0	0	0	0	0	0	0	0	0	2240	0	6470	0	0	0	1574	0	0	0	454	0	0	0	0	0	0	0	0	0	0	0	0	0	0	0	0	0	0	0	0	0	0	0	0	0	0	
134308	Angular_L	0	0	0	0	0	0	0	0	0	0	0	0	0	0	0	0	202	0	0	0	0	0	0	0	0	0	0	0	0	0	0	0	0	0	0	0	0	0	0	0	0	0	142	0	0	0	0	0	3844	0	14570	0	452	0	464	0	784	0	7524	0	22102	0	5274	0	0	0	1602	0	444	0	0	0	0	0	0	0	0	0	0	0	1752	0	0	0	6382	0	0	0	1616	0	0	0	0	0	0	0	0	0	0	0	0	0	0	0	0	0	0	0	0	0	0	0	0	0	0	0	
112388	Angular_R	96	780	0	0	0	0	0	0	0	0	0	0	0	0	0	0	0	0	0	108	0	0	0	0	0	0	0	0	0	0	0	0	0	0	0	0	0	0	0	0	0	0	0	0	0	540	0	0	0	2994	0	8356	0	0	0	0	0	1076	0	8054	0	12824	0	6688	0	0	0	946	0	0	0	0	0	0	0	0	0	0	0	940	0	5660	0	0	0	6874	0	0	0	258	0	0	0	0	0	0	0	0	0	0	0	0	0	0	0	0	0	0	0	0	0	0	0	0	0	0	
213836	Precuneus_L	298	252	0	238	0	0	0	88	0	0	0	0	0	0	0	0	236	0	156	178	0	0	0	0	0	0	0	0	0	382	0	0	2602	176	5734	1422	3220	906	1988	0	0	0	8332	312	9298	1232	6002	0	17538	756	11714	316	1502	0	2822	0	5430	0	7580	572	956	0	134	0	1602	0	0	1948	4386	90	0	0	0	368	0	0	90	566	174	0	276	0	0	0	3066	0	0	0	1788	0	0	0	0	0	0	0	192	0	0	0	0	0	0	0	0	0	0	0	0	0	0	0	0	0	0	0	
361532	Precuneus_R	132	1808	0	684	0	0	0	224	0	0	0	98	0	0	0	0	126	376	2190	6856	0	0	0	0	0	0	0	0	0	1038	0	0	622	9964	976	10792	254	8680	200	3524	0	0	0	17620	92	21214	0	18546	0	19712	0	10628	0	3034	160	2964	94	7860	0	9118	0	490	0	784	0	946	1948	0	236	6772	0	0	0	732	0	0	0	544	0	230	0	178	0	0	0	3016	0	0	146	3040	0	0	0	0	0	0	0	252	0	0	0	0	0	0	0	0	0	0	0	0	1866	0	0	0	0	0	
223684	Paracentral_Lobule_L	27604	3524	1040	198	0	0	146	182	0	0	0	0	0	0	0	0	808	0	4482	18074	0	0	0	0	0	0	0	0	212	0	0	0	2966	7190	5934	1214	0	0	0	0	0	0	1808	0	110	0	238	0	976	0	3046	0	570	0	348	0	12416	292	674	0	890	0	0	0	444	0	4386	236	0	7556	720	596	0	0	0	0	1214	482	390	0	152	0	0	0	510	0	0	0	214	0	0	0	0	0	0	0	0	0	0	0	0	0	0	0	0	0	0	0	0	0	0	0	0	0	0	0	
170864	Paracentral_Lobule_R	7172	7206	0	0	0	0	0	0	0	0	0	0	0	0	0	0	0	0	496	22266	0	0	0	0	0	0	0	0	0	0	0	0	584	7250	4046	6966	0	840	0	0	0	0	0	1064	0	564	0	1328	0	540	0	334	0	134	0	0	168	5362	0	696	0	176	0	0	0	0	90	6772	7556	0	754	506	0	0	0	0	846	798	0	0	0	130	0	0	0	574	0	0	0	214	0	0	0	0	0	0	0	0	0	0	0	0	0	0	0	0	0	0	0	0	0	0	0	0	0	0	
370544	Caudate_L	6002	978	12388	4282	642	310	7598	1428	194	0	5908	3278	1358	1134	222	0	3604	1960	4112	4560	4202	5342	4304	1344	122	492	2944	1160	8164	3176	15734	5280	308	318	334	330	1354	94	0	0	112	0	0	0	0	0	0	0	0	0	0	0	0	0	0	0	506	0	0	0	0	0	0	0	0	0	0	0	720	754	0	19028	22266	4948	4296	174	12424	3480	506	0	590	0	332	176	0	0	0	0	0	0	0	0	0	0	0	0	0	0	0	0	0	0	0	0	0	0	0	0	0	0	0	0	0	0	0	0	
403832	Caudate_R	2068	5302	2814	20884	0	3692	2030	1974	0	232	728	6874	0	1842	0	442	734	2690	2316	21158	2446	4106	0	7556	152	5790	1482	1834	1152	7726	3058	22438	0	0	286	218	292	324	0	152	0	296	0	0	0	0	0	0	0	0	0	0	0	0	0	0	96	1240	0	0	0	0	0	0	0	0	0	0	596	506	19028	0	5612	17816	570	1656	734	18362	136	0	92	194	0	190	0	0	0	0	0	0	0	0	0	0	0	0	0	0	0	0	0	0	0	0	0	0	0	0	0	0	0	0	0	0	0	0	
298280	Putamen_L	11708	262	9672	1252	6808	0	8884	208	1466	0	2444	634	1384	182	4322	0	2112	754	2810	1148	338	1588	2716	206	554	0	1164	110	15138	1230	14100	1280	168	0	98	82	6580	0	510	0	576	0	0	0	0	0	0	0	0	0	0	0	0	0	1454	0	4060	0	0	0	0	0	0	0	0	0	0	0	0	0	22266	5612	0	1656	5582	126	2078	644	498	0	534	0	646	0	376	0	0	0	918	0	0	0	0	0	0	0	0	0	202	0	0	0	0	0	0	0	0	0	0	0	0	0	0	0	0	0	
310604	Putamen_R	1134	886	1386	15220	0	6192	1698	6388	0	1116	0	5678	0	1354	0	2252	132	2714	924	7884	0	1004	0	5502	0	4160	0	684	270	27808	878	7868	0	0	458	1542	442	7952	266	3070	0	1384	0	0	0	0	0	0	0	0	0	0	0	0	0	1172	116	666	0	0	0	0	0	0	0	0	368	732	0	0	4948	17816	1656	0	420	2574	112	2850	138	392	0	1392	0	1138	0	304	0	0	0	262	0	0	0	0	0	0	0	0	0	0	0	0	0	0	0	0	0	0	0	0	0	0	0	0	0	0	
52936	Pallidum_L	1966	102	3156	858	0	0	1582	0	0	0	0	0	0	0	0	0	172	0	524	892	0	0	170	0	0	0	0	0	354	230	430	0	90	0	0	0	0	0	0	0	0	0	0	0	0	0	0	0	0	0	0	0	0	0	0	0	786	0	0	0	0	0	0	0	0	0	0	0	0	0	4296	570	5582	420	0	0	3596	692	0	0	0	0	0	0	0	0	0	0	0	0	0	0	0	0	0	0	0	0	0	0	0	0	0	0	0	0	0	0	0	0	0	0	0	0	0	0	
19840	Pallidum_R	0	0	0	492	0	0	0	642	0	0	0	470	0	0	0	0	0	210	0	792	0	0	0	0	0	0	0	0	0	172	0	0	0	0	0	0	0	946	0	696	0	104	0	0	0	0	0	0	0	0	0	0	0	0	0	180	0	130	0	0	0	0	0	0	0	0	0	0	0	0	174	1656	126	2574	0	0	0	556	0	0	0	0	0	0	0	0	0	0	0	0	0	0	0	0	0	0	0	0	0	0	0	0	0	0	0	0	0	0	0	0	0	0	0	0	0	0	
129652	Thalamus_L	15452	676	550	120	0	0	1200	0	0	0	146	0	0	0	0	0	528	0	964	1076	0	0	154	0	0	0	0	0	3938	0	594	0	0	286	816	452	5044	0	338	0	0	0	0	0	0	0	124	0	0	0	0	0	0	0	176	0	678	0	0	0	0	0	0	0	0	0	90	0	1214	846	12424	734	2078	112	3596	0	0	8354	1550	0	312	0	0	0	0	0	0	0	204	0	0	0	0	0	0	0	0	0	0	0	0	0	0	0	0	0	0	0	0	0	0	0	0	0	0	0	
225952	Thalamus_R	1482	9156	520	6782	0	0	548	898	0	0	0	176	0	0	0	0	0	0	338	9198	0	0	0	0	0	0	0	0	1134	1296	174	248	130	0	6660	5828	6510	8084	2814	3420	0	278	0	0	0	0	88	1174	0	0	0	0	0	0	1162	2168	106	1236	0	0	0	0	0	0	0	0	566	544	482	798	3480	18362	644	2850	692	556	8354	0	1466	224	320	158	0	0	0	0	0	0	1014	772	0	0	0	0	0	0	0	0	0	0	0	0	0	0	0	0	0	0	0	0	86	0	0	0	0	0	
87492	Heschl_L	3832	0	402	124	0	0	1524	0	0	0	354	0	0	0	0	0	3842	0	0	0	0	0	0	0	0	0	0	0	6378	94	102	0	0	0	1710	1294	4782	572	198	142	0	0	578	0	0	0	162	94	0	0	882	0	540	0	1744	0	2962	0	0	0	0	0	0	0	0	0	174	0	390	0	506	136	498	138	0	0	1550	1466	0	0	2968	0	138	0	1790	0	0	0	1680	0	0	0	0	0	0	0	0	0	0	0	0	0	0	0	0	0	0	0	0	0	0	0	0	0	0	0	
66364	Heschl_R	0	736	0	286	0	0	0	406	0	0	0	602	0	0	0	0	0	4722	0	160	0	0	0	0	0	0	0	0	0	3876	0	0	0	0	120	226	86	1596	0	644	0	0	0	0	0	0	0	96	0	0	0	0	0	520	0	1202	0	884	0	0	0	826	0	2240	0	940	0	230	0	0	0	0	0	392	0	0	0	224	0	0	0	9124	0	0	0	2124	0	0	0	920	0	0	0	0	0	0	0	0	0	0	0	0	0	0	0	0	0	0	0	0	0	0	0	0	0	0	
181064	Temporal_Sup_L	1496	0	888	0	250	0	922	234	0	0	2640	90	352	0	198	0	7272	0	218	0	0	0	0	0	0	0	0	0	7122	0	198	90	0	0	354	294	2920	116	382	0	0	0	476	0	0	0	102	0	324	0	1314	0	618	0	4938	0	2864	0	0	0	2008	0	6716	0	1752	0	276	0	152	0	590	92	534	0	0	0	312	320	2968	0	0	0	6652	0	22114	0	0	0	9374	0	0	0	0	0	0	0	0	0	0	0	0	0	0	0	0	0	0	0	0	0	0	0	0	0	0	0	
149152	Temporal_Sup_R	0	710	0	486	0	0	0	582	0	0	0	596	0	0	0	504	0	5548	0	272	0	0	0	0	0	0	0	0	0	7616	0	0	0	0	0	118	0	1874	0	600	0	0	0	0	0	0	0	0	0	162	0	826	0	462	0	3296	0	366	0	120	0	2652	0	6470	0	5660	0	178	0	130	0	194	0	1392	0	0	0	158	0	9124	0	0	0	3998	0	16500	0	152	0	3830	0	0	0	0	0	0	0	0	0	0	0	0	0	0	0	0	0	0	0	0	0	0	0	0	0	0	
65504	Temporal_Pole_Sup_L	130	0	276	0	586	0	276	0	88	0	2726	0	1002	0	1016	0	1940	0	0	0	404	0	110	0	0	0	0	0	5694	0	530	0	0	0	0	0	1080	0	242	0	276	0	0	0	0	0	0	0	0	0	0	0	0	0	840	0	0	0	0	0	0	0	0	0	0	0	0	0	0	0	332	0	646	0	0	0	0	0	138	0	6652	0	0	0	5714	0	278	0	1776	0	0	0	0	0	0	0	0	0	0	0	0	0	0	0	0	0	0	0	0	0	0	0	0	0	0	0	
86544	Temporal_Pole_Sup_R	0	0	0	548	0	118	0	0	0	0	0	552	0	0	0	1772	0	2622	0	244	0	338	0	0	0	0	0	0	0	5200	0	0	0	0	0	0	0	1838	0	2886	0	2946	0	0	0	0	0	0	0	0	0	0	0	0	0	6384	0	0	0	0	0	0	0	0	0	0	0	0	0	0	176	190	0	1138	0	0	0	0	0	0	0	3998	0	0	0	3662	0	4682	0	3978	0	0	0	0	0	0	0	0	0	0	0	0	0	0	0	0	0	0	0	0	0	0	0	0	0	0	
255980	Temporal_Mid_L	94	0	0	0	160	0	0	0	0	0	344	0	176	0	180	0	2514	0	0	0	0	0	0	0	0	0	0	0	2784	0	0	0	0	0	166	0	1636	0	286	0	0	0	3930	0	114	0	886	0	3400	0	16010	0	5022	0	9208	0	874	0	448	0	5206	0	4296	0	6382	0	3066	0	510	0	0	0	376	0	0	0	0	0	1790	0	22114	0	5714	0	0	0	596	0	29708	0	0	0	0	0	0	0	0	0	0	0	0	0	0	0	0	0	0	0	0	0	0	0	0	0	0	0	
198592	Temporal_Mid_R	0	1712	0	98	0	0	0	110	0	0	0	0	0	0	0	222	0	1270	0	104	0	0	0	0	0	0	0	0	0	2780	0	0	0	174	0	0	0	1440	0	628	0	0	0	3902	0	2760	0	1428	0	2686	0	7662	0	5542	0	2792	0	2396	0	348	0	3630	0	1574	0	6874	0	3016	0	574	0	0	0	304	0	0	0	0	0	2124	0	16500	0	3662	0	0	0	1426	0	21558	0	0	0	0	0	0	0	0	0	0	0	0	0	0	0	0	0	0	0	0	0	0	0	0	0	0	
5980	Temporal_Pole_Mid_L	0	0	0	0	0	0	0	0	0	0	0	0	0	0	0	0	0	0	0	0	0	0	0	0	0	0	0	0	0	0	0	0	0	0	0	0	0	0	0	0	0	0	0	0	0	0	0	0	0	0	0	0	0	0	824	0	0	0	0	0	0	0	0	0	0	0	0	0	0	0	0	0	0	0	0	0	0	0	0	0	0	0	278	0	596	0	0	0	1292	0	0	0	0	0	0	0	0	0	0	0	0	0	0	0	0	0	0	0	0	0	0	0	0	0	0	0	
26300	Temporal_Pole_Mid_R	0	0	0	0	0	0	0	0	0	0	0	0	0	0	0	0	0	0	0	0	0	0	0	0	0	0	0	0	0	108	0	0	0	0	0	0	0	0	0	956	0	544	0	0	0	0	0	0	0	0	0	0	0	0	0	3228	0	0	0	0	0	0	0	0	0	0	0	0	0	0	0	0	0	0	0	0	0	0	0	0	0	152	0	4682	0	1426	0	0	0	2054	0	0	0	0	0	0	0	0	0	0	0	0	0	0	0	0	0	0	0	0	0	0	0	0	0	0	
247732	Temporal_Inf_L	88	92	0	0	0	0	0	0	0	0	0	0	0	0	0	0	492	0	0	0	0	0	0	0	0	0	0	0	1334	0	0	0	0	0	1560	812	10082	486	3562	0	968	0	1582	0	0	0	1060	0	980	0	2836	0	5532	0	26174	0	318	0	100	0	3102	0	3104	0	1616	0	1788	146	214	0	0	0	918	0	0	0	204	1014	1680	0	9374	0	1776	0	29708	0	1292	0	0	0	4240	0	1372	0	0	0	788	0	3094	0	120	0	258	0	0	0	0	0	0	0	0	0	0	0	0	0	
168760	Temporal_Inf_R	0	356	0	0	0	0	0	0	0	0	0	0	0	0	0	0	0	168	0	0	0	0	0	0	0	0	0	0	0	620	0	0	0	0	0	0	0	5546	0	3812	0	1846	0	3812	0	940	0	2646	0	586	0	1464	0	8040	0	15620	0	692	0	0	0	276	0	454	0	258	0	3040	0	214	0	0	0	262	0	0	0	772	0	920	0	3830	0	3978	0	21558	0	2054	0	0	0	264	0	0	0	0	0	160	0	192	0	0	0	0	0	0	0	0	0	0	0	0	0	0	0	0	
449888	Cerebelum_Crus1_L	0	0	0	0	0	0	0	0	0	0	0	0	0	0	0	0	0	0	0	0	0	0	0	0	0	0	0	0	0	0	0	0	0	0	0	0	0	0	0	0	0	0	0	0	0	0	15088	1552	0	0	0	0	0	598	20124	1664	0	0	0	0	0	0	0	0	0	0	0	0	0	0	0	0	0	0	0	0	0	0	0	0	0	0	0	0	0	0	0	0	4240	0	0	7040	36266	7480	594	122	17352	794	48940	6062	13424	1564	15970	2618	1164	326	0	0	0	0	1378	5468	13574	1268	274	0	
435240	Cerebelum_Crus1_R	0	0	0	0	0	0	0	0	0	0	0	0	0	0	0	0	0	0	0	0	0	0	0	0	0	0	0	0	0	434	0	0	0	0	0	0	0	1128	0	912	0	0	0	0	0	0	1686	5032	0	0	0	0	0	2632	1330	16316	0	0	0	0	0	0	0	0	0	0	0	0	0	0	0	0	0	0	0	0	0	0	0	0	0	0	0	0	0	0	0	0	0	264	7040	0	4772	30448	882	4280	1978	17632	3296	53900	2892	9116	3048	15150	886	1210	0	162	0	2254	5540	8190	13112	1400	698	0	
285404	Cerebelum_Crus2_L	0	0	0	0	0	0	0	0	0	0	0	0	0	0	0	0	0	0	0	0	0	0	0	0	0	0	0	0	0	0	0	0	0	0	0	0	0	0	0	0	0	0	0	0	0	0	3036	0	0	0	0	0	0	0	2076	286	0	0	0	0	0	0	0	0	0	0	0	0	0	0	0	0	0	0	0	0	0	0	0	0	0	0	0	0	0	0	0	0	1372	0	36266	4772	0	9750	0	0	4050	482	8760	2662	25098	3392	22142	1800	830	98	0	0	0	0	334	1258	11904	2334	0	0	
395440	Cerebelum_Crus2_R	0	0	0	0	0	0	0	0	0	0	0	0	0	0	0	0	0	0	0	0	0	0	0	0	0	0	0	0	0	84	0	0	0	0	0	0	0	230	0	142	0	0	0	0	0	0	404	106	0	0	0	0	0	0	166	2388	0	0	0	0	0	0	0	0	0	0	0	0	0	0	0	0	0	0	0	0	0	0	0	0	0	0	0	0	0	0	0	0	0	0	7480	30448	9750	0	794	1594	1268	4998	1054	15530	7988	28406	9572	35026	1696	4292	0	502	0	1670	1296	2590	19940	6866	1440	0	
58952	Cerebelum_3_L	0	0	0	0	0	0	0	0	0	0	0	0	0	0	0	0	0	0	0	0	0	0	0	0	0	0	0	0	0	0	0	0	0	0	0	0	0	0	0	0	0	0	0	0	0	0	762	100	0	0	0	0	0	0	104	100	0	0	0	0	0	0	0	0	0	0	0	0	0	0	0	0	0	0	0	0	0	0	0	0	0	0	0	0	0	0	0	0	0	0	594	882	0	794	0	234	7662	244	1484	846	300	82	760	860	3462	608	128	0	430	1300	1340	2408	1910	1114	750	218	
88844	Cerebelum_3_R	0	0	0	0	0	0	0	0	0	0	0	0	0	0	0	0	0	0	0	0	0	0	0	0	0	0	0	0	0	0	0	0	0	0	0	0	0	0	0	0	0	0	0	0	0	0	324	250	0	0	0	0	0	0	0	208	0	0	0	0	0	0	0	0	0	0	0	0	0	0	0	0	0	0	0	0	0	0	0	0	0	0	0	0	0	0	0	0	0	0	122	4280	0	1594	234	0	1036	6922	332	6656	124	620	206	1588	138	3188	0	204	1334	8356	2004	810	922	1260	1710	0	
302280	Cerebelum_4_5_L	0	0	0	0	0	0	0	0	0	0	0	0	0	0	0	0	0	0	0	0	0	0	0	0	0	0	0	0	0	0	0	0	0	0	0	0	362	0	600	0	0	0	0	0	0	0	20486	834	0	0	82	0	800	0	11568	388	0	0	0	0	0	0	0	0	0	0	192	0	0	0	0	0	0	0	0	0	0	0	0	0	0	0	0	0	0	0	0	0	788	0	17352	1978	4050	1268	7662	1036	0	1754	32290	2656	1752	204	4538	1208	7592	1882	136	0	392	1576	9102	7032	3050	2428	2768	1334	
254020	Cerebelum_4_5_R	0	0	0	0	0	0	0	0	0	0	0	0	0	0	0	0	0	0	0	0	0	0	0	0	0	0	0	0	0	548	0	0	0	0	0	128	0	2354	0	2554	0	186	142	0	0	0	1456	3622	0	0	0	0	0	200	0	11938	0	0	0	0	0	0	0	0	0	0	0	252	0	0	0	0	0	0	0	0	0	0	0	0	0	0	0	0	0	0	0	0	0	160	794	17632	482	4998	244	6922	1754	0	716	33052	388	1770	592	3936	320	3554	0	206	100	5144	13480	1376	2240	1672	2098	0	
419072	Cerebelum_6_L	0	0	0	0	0	0	0	0	0	0	0	0	0	0	0	0	0	0	0	0	0	0	0	0	0	0	0	0	0	0	0	0	0	0	0	0	216	0	0	0	0	0	0	0	0	0	24746	3722	0	0	146	0	994	738	28556	1914	0	0	0	0	0	0	0	0	0	0	0	0	0	0	0	0	202	0	0	0	0	0	0	0	0	0	0	0	0	0	0	0	3094	0	48940	3296	8760	1054	1484	332	32290	716	0	5450	4824	278	6684	686	2234	1060	0	0	174	416	4382	13468	5758	1556	1182	184	
505148	Cerebelum_6_R	0	0	0	0	0	0	0	0	0	0	0	0	0	0	0	0	0	0	0	0	0	0	0	0	0	0	0	0	0	580	0	0	0	0	0	0	0	1774	0	1788	0	120	142	158	0	0	3816	10942	0	0	0	0	0	4068	2348	26242	0	0	0	0	0	0	0	0	0	0	0	0	0	0	0	0	0	0	0	0	0	0	0	0	0	0	0	0	0	0	0	0	0	192	6062	53900	2662	15530	846	6656	2656	33052	5450	0	1950	5512	2160	11568	734	2802	0	920	164	4528	13448	13058	11920	2988	1744	94	
255520	Cerebelum_7b_L	0	0	0	0	0	0	0	0	0	0	0	0	0	0	0	0	0	0	0	0	0	0	0	0	0	0	0	0	0	0	0	0	0	0	0	0	0	0	0	0	0	0	0	0	0	0	1088	0	0	0	0	0	0	0	752	232	0	0	0	0	0	0	0	0	0	0	0	0	0	0	0	0	0	0	0	0	0	0	0	0	0	0	0	0	0	0	0	0	120	0	13424	2892	25098	7988	300	124	1752	388	4824	1950	0	5312	33436	5880	2688	608	458	0	88	116	264	970	9918	6566	524	0	
220376	Cerebelum_7b_R	0	0	0	0	0	0	0	0	0	0	0	0	0	0	0	0	0	0	0	0	0	0	0	0	0	0	0	0	0	0	0	0	0	0	0	0	0	0	0	0	0	0	0	0	0	0	0	0	0	0	0	0	0	0	0	574	0	0	0	0	0	0	0	0	0	0	0	0	0	0	0	0	0	0	0	0	0	0	0	0	0	0	0	0	0	0	0	0	0	0	1564	9116	3392	28406	82	620	204	1770	278	5512	5312	0	6250	30126	624	3014	0	92	0	940	162	130	5978	5894	148	0	
345104	Cerebelum_8_L	0	0	0	0	0	0	0	0	0	0	0	0	0	0	0	0	0	0	0	0	0	0	0	0	0	0	0	0	0	0	0	0	0	0	0	0	0	0	0	0	0	0	0	0	0	0	1244	0	0	0	0	0	0	0	1216	280	0	0	0	0	0	0	0	0	0	0	0	0	0	0	0	0	0	0	0	0	0	0	0	0	0	0	0	0	0	0	0	0	258	0	15970	3048	22142	9572	760	206	4538	592	6684	2160	33436	6250	0	10022	18334	2020	5182	0	110	168	544	1390	12650	11102	2556	118	
361184	Cerebelum_8_R	0	0	0	0	0	0	0	0	0	0	0	0	0	0	0	0	0	0	0	0	0	0	0	0	0	0	0	0	0	0	0	0	0	0	0	0	0	156	0	98	0	0	0	0	0	0	104	0	0	0	0	0	0	0	102	1424	0	0	0	0	0	0	0	0	0	0	0	0	0	0	0	0	0	0	0	0	0	0	0	0	0	0	0	0	0	0	0	0	0	0	2618	15150	1800	35026	860	1588	1208	3936	686	11568	5880	30126	10022	0	2076	21754	0	1244	240	2110	882	1460	11306	13216	3730	222	
131816	Cerebelum_9_L	0	0	0	0	0	0	0	0	0	0	0	0	0	0	0	0	0	0	0	0	0	0	0	0	0	0	0	0	0	0	0	0	0	0	0	0	0	0	0	0	0	0	0	0	0	0	218	0	0	0	0	0	0	0	676	100	0	0	0	0	0	0	0	0	0	0	0	0	0	0	0	0	0	0	0	0	0	0	0	0	0	0	0	0	0	0	0	0	0	0	1164	886	830	1696	3462	138	7592	320	2234	734	2688	624	18334	2076	0	1284	6408	0	0	138	1848	2630	3100	3404	2548	776	
161340	Cerebelum_9_R	0	0	0	0	0	0	0	0	0	0	0	0	0	0	0	0	0	0	0	0	0	0	0	0	0	0	0	0	0	0	0	0	0	0	0	0	0	0	0	0	0	0	0	0	0	0	376	0	0	0	0	0	0	0	0	306	0	0	0	0	0	0	0	0	0	0	0	0	0	0	0	0	0	0	0	0	0	0	0	0	0	0	0	0	0	0	0	0	0	0	326	1210	98	4292	608	3188	1882	3554	1060	2802	608	3014	2020	21754	1284	0	0	2068	1274	3666	2816	3348	3156	6514	7840	1606	
24624	Cerebelum_10_L	0	0	0	0	0	0	0	0	0	0	0	0	0	0	0	0	0	0	0	0	0	0	0	0	0	0	0	0	0	0	0	0	0	0	0	0	0	0	0	0	0	0	0	0	0	0	0	0	0	0	0	0	0	0	0	0	0	0	0	0	0	0	0	0	0	0	0	0	0	0	0	0	0	0	0	0	0	0	0	0	0	0	0	0	0	0	0	0	0	0	0	0	0	0	128	0	136	0	0	0	458	0	5182	0	6408	0	0	0	0	0	0	0	0	0	0	0	
12292	Cerebelum_10_R	0	0	0	0	0	0	0	0	0	0	0	0	0	0	0	0	0	0	0	0	0	0	0	0	0	0	0	0	0	0	0	0	0	0	0	0	0	0	0	0	0	0	0	0	0	0	0	0	0	0	0	0	0	0	0	0	0	0	0	0	0	0	0	0	0	0	0	0	0	0	0	0	0	0	0	0	0	0	0	0	0	0	0	0	0	0	0	0	0	0	0	162	0	502	0	204	0	206	0	920	0	92	0	1244	0	2068	0	0	0	202	0	0	212	220	114	0	
24876	Vermis_1_2	0	0	0	0	0	0	0	0	0	0	0	0	0	0	0	0	0	0	0	0	0	0	0	0	0	0	0	0	0	0	0	0	0	0	0	0	0	0	0	0	0	0	0	0	0	0	92	0	0	0	0	0	0	0	0	0	0	0	0	0	0	0	0	0	0	0	0	0	0	0	0	0	0	0	0	0	0	0	0	0	0	0	0	0	0	0	0	0	0	0	0	0	0	0	430	1334	392	100	174	164	88	0	110	240	0	1274	0	0	0	4138	1344	556	308	676	838	180	
92836	Vermis_3	0	0	0	0	0	0	0	0	0	0	0	0	0	0	0	0	0	0	0	0	0	0	0	0	0	0	0	0	0	0	0	0	0	0	0	0	0	0	0	0	0	0	0	0	0	0	468	0	0	0	0	0	0	0	0	182	0	0	0	0	0	0	0	0	0	0	0	0	0	0	0	0	0	0	0	0	0	0	0	0	0	0	0	0	0	0	0	0	0	0	0	2254	0	1670	1300	8356	1576	5144	416	4528	116	940	168	2110	138	3666	0	202	4138	0	3482	1066	924	1494	1954	126	
201088	Vermis_4_5	0	0	0	0	0	0	0	0	0	0	0	0	0	0	0	0	0	0	0	148	0	0	0	0	0	0	0	0	0	0	0	0	0	148	0	1592	0	1216	0	568	0	0	178	0	0	0	3278	4676	0	0	0	0	126	0	766	4264	0	0	0	0	0	0	0	0	0	0	0	1866	0	0	0	0	0	0	0	0	0	86	0	0	0	0	0	0	0	0	0	0	0	0	1378	5540	334	1296	1340	2004	9102	13480	4382	13448	264	162	544	882	1848	2816	0	0	1344	3482	0	8234	1346	2114	3544	2748	
246848	Vermis_6	0	0	0	0	0	0	0	0	0	0	0	0	0	0	0	0	0	0	0	0	0	0	0	0	0	0	0	0	0	0	0	0	0	0	0	0	0	0	0	0	0	0	0	218	0	0	7106	8110	0	120	0	222	0	2276	4480	5424	0	0	0	0	0	0	0	0	0	0	0	0	0	0	0	0	0	0	0	0	0	0	0	0	0	0	0	0	0	0	0	0	0	0	5468	8190	1258	2590	2408	810	7032	1376	13468	13058	970	130	1390	1460	2630	3348	0	0	556	1066	8234	0	9166	3490	4680	2690	
