data	data	386136	253224	876512	761444	227716	103776	529008	414812	78216	45584	293404	159528	260160	143652	166048	141276	277392	127612	701764	715148	63452	72004	381628	359332	49156	90416	56648	68956	586368	358452	462684	540460	175740	499812	165848	239692	210676	254900	69940	153668	24988	55268	247616	467216	315772	449320	227388	308392	382368	379724	483924	386100	143460	101580	295600	341372	266440	202392	252700	116208	204032	115904	121052	110816	130504	125364	443892	559460	116788	170708	339780	379328	330672	248372	45308	19404	128824	202300	59864	28396	253180	121452	60736	44240	337776	282444	25048	15892	243904	232292	311944	332664	215116	216420	19172	71240	257624	221724	339192	363820	150456	95084	185040	246860	71336	94248	7404	8236	9372	45908	233284	142516	171148	87820	70864	32792	
data	data	Precentral_L	Precentral_R	Frontal_Sup_L	Frontal_Sup_R	Frontal_Sup_Orb_L	Frontal_Sup_Orb_R	Frontal_Mid_L	Frontal_Mid_R	Frontal_Mid_Orb_L	Frontal_Mid_Orb_R	Frontal_Inf_Oper_L	Frontal_Inf_Oper_R	Frontal_Inf_Tri_L	Frontal_Inf_Tri_R	Frontal_Inf_Orb_L	Frontal_Inf_Orb_R	Rolandic_Oper_L	Rolandic_Oper_R	Supp_Motor_Area_L	Supp_Motor_Area_R	Olfactory_L	Olfactory_R	Frontal_Sup_Medial_L	Frontal_Sup_Medial_R	Frontal_Med_Orb_L	Frontal_Med_Orb_R	Rectus_L	Rectus_R	Insula_L	Insula_R	Cingulum_Ant_L	Cingulum_Ant_R	Cingulum_Mid_L	Cingulum_Mid_R	Cingulum_Post_L	Cingulum_Post_R	Hippocampus_L	Hippocampus_R	ParaHippocampal_L	ParaHippocampal_R	Amygdala_L	Amygdala_R	Calcarine_L	Calcarine_R	Cuneus_L	Cuneus_R	Lingual_L	Lingual_R	Occipital_Sup_L	Occipital_Sup_R	Occipital_Mid_L	Occipital_Mid_R	Occipital_Inf_L	Occipital_Inf_R	Fusiform_L	Fusiform_R	Postcentral_L	Postcentral_R	Parietal_Sup_L	Parietal_Sup_R	Parietal_Inf_L	Parietal_Inf_R	SupraMarginal_L	SupraMarginal_R	Angular_L	Angular_R	Precuneus_L	Precuneus_R	Paracentral_Lobule_L	Paracentral_Lobule_R	Caudate_L	Caudate_R	Putamen_L	Putamen_R	Pallidum_L	Pallidum_R	Thalamus_L	Thalamus_R	Heschl_L	Heschl_R	Temporal_Sup_L	Temporal_Sup_R	Temporal_Pole_Sup_L	Temporal_Pole_Sup_R	Temporal_Mid_L	Temporal_Mid_R	Temporal_Pole_Mid_L	Temporal_Pole_Mid_R	Temporal_Inf_L	Temporal_Inf_R	Cerebelum_Crus1_L	Cerebelum_Crus1_R	Cerebelum_Crus2_L	Cerebelum_Crus2_R	Cerebelum_3_L	Cerebelum_3_R	Cerebelum_4_5_L	Cerebelum_4_5_R	Cerebelum_6_L	Cerebelum_6_R	Cerebelum_7b_L	Cerebelum_7b_R	Cerebelum_8_L	Cerebelum_8_R	Cerebelum_9_L	Cerebelum_9_R	Cerebelum_10_L	Cerebelum_10_R	Vermis_1_2	Vermis_3	Vermis_4_5	Vermis_6	Vermis_7	Vermis_8	Vermis_9	Vermis_10	
386136	Precentral_L	0	3710	12738	4202	0	0	22824	2696	0	0	10730	0	1658	0	0	0	14308	0	10224	3552	0	0	0	0	0	0	0	0	10740	0	1722	480	1074	1018	5268	2646	2576	1442	132	112	0	0	402	0	756	0	80	122	816	0	1058	0	264	0	248	0	25760	0	1680	0	4762	0	802	0	0	0	1486	0	11010	132	2782	2052	3284	0	1424	0	6682	6378	1778	0	4678	0	0	0	580	0	0	0	200	0	0	0	0	0	0	0	0	0	0	0	0	0	0	0	0	0	0	0	0	0	0	0	0	0	0	0	
253224	Precentral_R	3710	0	274	5738	0	0	116	10898	0	0	0	3090	0	0	0	0	0	1360	944	7150	0	0	0	0	0	0	0	0	0	2612	0	0	456	2588	1962	6568	0	1752	0	1070	0	0	0	1728	0	1058	0	1450	0	2616	0	1768	0	92	0	1510	232	20132	0	2026	0	4402	0	5640	0	334	590	6724	2006	8230	94	800	0	660	0	0	0	1788	0	522	0	1338	0	0	0	4258	0	0	0	6326	0	0	0	0	0	0	0	0	0	0	0	0	0	0	0	0	0	0	0	0	0	0	0	0	0	0	
876512	Frontal_Sup_L	12738	274	0	8716	21670	0	69208	3288	4250	0	13508	312	17496	112	12086	0	9688	106	71080	11960	454	0	40952	2224	698	356	270	0	30842	270	24554	4406	6170	3006	0	0	2194	96	168	0	0	0	0	0	0	0	0	114	0	0	0	0	0	0	542	0	3432	0	0	0	78	0	0	0	0	0	0	0	1290	0	13244	2150	28148	210	5562	0	5638	198	836	0	2518	0	250	0	0	0	0	0	894	0	0	0	0	0	0	0	0	0	0	0	0	0	0	0	0	0	0	0	0	0	0	0	0	0	0	0	
761444	Frontal_Sup_R	4202	5738	8716	0	82	2714	2518	52846	0	720	878	9502	102	4648	0	4484	634	10734	15078	52162	0	246	11002	35608	0	1548	0	644	876	21876	6312	35018	750	15886	1278	1774	948	2024	0	204	0	168	0	0	0	0	0	0	78	0	170	0	0	0	0	170	130	374	80	0	0	0	0	0	0	0	188	150	1606	362	4980	25766	1158	17470	0	1350	2216	11320	0	386	0	302	0	208	234	0	0	0	0	104	0	0	0	0	0	0	0	0	0	0	0	0	0	0	0	0	0	0	0	0	0	0	0	0	0	0	
227716	Frontal_Sup_Orb_L	0	0	21670	82	0	0	5484	170	12066	0	1310	0	3494	0	13922	0	94	0	1220	0	1952	140	7760	178	5138	640	7592	0	12444	0	7020	334	168	0	0	0	170	0	0	0	0	0	0	0	0	0	0	0	0	0	0	0	0	0	138	0	0	0	0	0	0	0	0	0	0	0	0	0	0	0	1860	0	8086	0	0	0	0	0	0	0	110	0	492	0	0	0	0	0	124	0	0	0	0	0	0	0	0	0	0	0	0	0	0	0	0	0	0	0	0	0	0	0	0	0	0	0	
103776	Frontal_Sup_Orb_R	0	0	0	2714	0	0	0	1006	0	7536	0	0	0	0	0	6202	0	0	0	0	0	1528	612	3444	186	8512	0	7302	0	848	768	3800	0	0	0	0	0	0	0	0	0	176	0	0	0	0	0	0	0	0	0	0	0	0	0	0	0	0	0	0	0	0	0	0	0	0	0	0	0	0	0	4692	0	2562	0	0	0	0	0	0	0	0	0	0	0	0	0	0	0	0	0	0	0	0	0	0	0	0	0	0	0	0	0	0	0	0	0	0	0	0	0	0	0	0	0	0	
529008	Frontal_Mid_L	22824	116	69208	2518	5484	0	0	1632	3018	0	14172	0	36530	0	8558	0	8606	0	8270	2102	0	0	17360	656	0	0	0	0	21278	106	12660	1856	5756	1974	564	614	726	604	134	0	0	0	0	0	0	0	0	0	0	0	0	0	0	0	0	0	1964	0	180	0	240	0	0	0	0	0	0	0	364	0	2716	820	1964	0	80	0	2518	2780	608	0	2944	0	0	0	0	0	0	0	0	0	0	0	0	0	0	0	0	0	0	0	0	0	0	0	0	0	0	0	0	0	0	0	0	0	0	0	
414812	Frontal_Mid_R	2696	10898	3288	52846	170	1006	1632	0	0	2244	256	10630	0	12046	0	6754	244	3734	5316	4808	0	0	2532	8412	0	0	0	0	462	10646	1092	7260	164	5766	2168	2574	1586	3698	0	316	0	0	0	0	0	100	0	0	0	308	0	228	0	0	0	336	170	1654	0	234	0	588	0	936	0	0	126	274	1062	0	4056	9466	1542	4150	0	736	2602	11178	160	382	0	446	0	128	0	536	0	0	0	764	0	0	0	0	0	0	0	0	0	0	0	0	0	0	0	0	0	0	0	0	0	0	0	0	0	0	
78216	Frontal_Mid_Orb_L	0	0	4250	0	12066	0	3018	0	0	0	0	0	2082	0	13172	0	0	0	0	0	84	0	0	0	420	0	2086	0	918	0	320	0	0	0	0	0	0	0	0	0	0	0	0	0	0	0	0	0	0	0	0	0	0	0	0	0	0	0	0	0	0	0	0	0	0	0	0	0	0	0	94	0	502	0	0	0	0	0	0	0	0	0	96	0	0	0	0	0	0	0	0	0	0	0	0	0	0	0	0	0	0	0	0	0	0	0	0	0	0	0	0	0	0	0	0	0	
45584	Frontal_Mid_Orb_R	0	0	0	720	0	7536	0	2244	0	0	0	0	0	0	0	7616	0	0	0	0	0	208	0	244	0	322	0	1426	0	370	0	154	0	0	0	0	0	0	0	0	0	124	0	0	0	0	0	0	0	0	0	0	0	0	0	0	0	0	0	0	0	0	0	0	0	0	0	0	0	0	0	796	0	1032	0	0	0	0	0	0	0	0	0	0	0	0	0	0	0	0	0	0	0	0	0	0	0	0	0	0	0	0	0	0	0	0	0	0	0	0	0	0	0	0	0	0	
293404	Frontal_Inf_Oper_L	10730	0	13508	878	1310	0	14172	256	0	0	0	0	17130	0	1626	0	15212	0	7158	1274	0	0	2064	262	0	0	0	0	25804	0	12324	1006	940	1200	0	0	298	0	0	0	0	0	0	0	0	0	0	0	0	0	0	0	0	0	94	0	3046	0	0	0	158	0	0	0	0	0	0	0	0	0	9344	0	1740	0	0	0	164	0	364	0	3544	0	830	0	80	0	0	0	186	0	0	0	0	0	0	0	0	0	0	0	0	0	0	0	0	0	0	0	0	0	0	0	0	0	0	0	
159528	Frontal_Inf_Oper_R	0	3090	312	9502	0	0	0	10630	0	0	0	0	0	8638	0	194	0	3626	2738	5212	0	0	138	2858	0	0	0	0	0	11420	666	4376	0	2452	0	0	0	282	0	0	0	0	0	0	0	0	0	0	0	144	0	0	0	0	0	0	0	1322	0	0	0	0	0	0	0	0	0	102	0	0	2278	4716	372	3612	0	0	0	326	0	0	0	0	0	678	0	0	0	0	0	80	0	0	0	0	0	0	0	0	0	0	0	0	0	0	0	0	0	0	0	0	0	0	0	0	0	0	
260160	Frontal_Inf_Tri_L	1658	0	17496	102	3494	0	36530	0	2082	0	17130	0	0	0	9200	0	696	0	3660	0	0	0	3068	80	0	0	0	0	23310	0	4828	288	2370	134	0	0	0	0	0	0	0	0	0	0	0	0	0	0	0	0	0	0	0	0	0	0	378	0	0	0	0	0	0	0	0	0	0	0	0	0	2832	0	526	0	0	0	0	0	0	0	218	0	0	0	0	0	0	0	0	0	0	0	0	0	0	0	0	0	0	0	0	0	0	0	0	0	0	0	0	0	0	0	0	0	0	0	
143652	Frontal_Inf_Tri_R	0	0	112	4648	0	0	0	12046	0	0	0	8638	0	0	0	9128	0	0	4702	5240	0	0	794	2966	0	0	0	0	0	11280	420	4210	0	5288	0	0	0	0	0	0	0	0	0	0	0	0	0	0	0	0	0	0	0	0	0	0	0	0	0	0	0	0	0	0	0	0	0	0	0	0	730	1082	0	542	0	0	0	0	0	0	0	0	0	0	0	0	0	0	0	0	0	0	0	0	0	0	0	0	0	0	0	0	0	0	0	0	0	0	0	0	0	0	0	0	0	0	
166048	Frontal_Inf_Orb_L	0	0	12086	0	13922	0	8558	0	13172	0	1626	0	9200	0	0	0	150	0	912	0	1514	110	634	0	118	0	2040	0	13336	0	612	72	244	0	0	0	206	0	0	0	0	0	0	0	0	0	0	0	0	0	0	0	0	0	74	0	0	0	0	0	0	0	0	0	0	0	0	0	0	0	796	0	2792	0	0	0	0	0	0	0	72	0	704	0	0	0	0	0	74	0	0	0	0	0	0	0	0	0	0	0	0	0	0	0	0	0	0	0	0	0	0	0	0	0	0	0	
141276	Frontal_Inf_Orb_R	0	0	0	4484	0	6202	0	6754	0	7616	0	194	0	9128	0	0	0	0	1680	1936	0	1678	1008	2922	0	200	0	3038	0	13624	134	1972	78	3242	0	0	0	0	0	118	0	670	0	0	0	0	0	0	0	0	0	0	0	0	0	0	0	0	0	0	0	0	0	0	0	0	0	0	0	0	0	1288	0	2672	0	0	0	0	0	0	0	0	0	0	0	0	0	0	0	0	0	0	0	0	0	0	0	0	0	0	0	0	0	0	0	0	0	0	0	0	0	0	0	0	0	0	
277392	Rolandic_Oper_L	14308	0	9688	634	94	0	8606	244	0	0	15212	0	696	0	150	0	0	0	6422	1232	0	0	368	84	0	0	0	0	25100	0	4200	580	274	1080	0	0	632	0	0	0	0	0	342	0	0	0	76	0	338	0	2560	0	398	0	526	0	9350	0	686	0	1518	0	1776	0	490	0	700	0	0	0	4414	76	2614	0	0	0	208	78	3436	0	15226	0	1162	0	2380	0	0	0	738	0	0	0	0	0	0	0	0	0	0	0	0	0	0	0	0	0	0	0	0	0	0	0	0	0	0	0	
127612	Rolandic_Oper_R	0	1360	106	10734	0	0	0	3734	0	0	0	3626	0	0	0	0	0	0	340	8682	0	0	0	616	0	0	0	0	0	16742	0	550	0	0	0	0	0	334	0	202	0	0	0	0	0	0	0	0	0	0	0	0	0	0	0	256	0	1298	0	0	0	0	0	2164	0	0	0	0	0	0	466	1018	102	3442	0	924	0	210	0	3012	0	2832	0	410	0	200	0	0	0	446	0	0	0	0	0	0	0	0	0	0	0	0	0	0	0	0	0	0	0	0	0	0	0	0	0	0	
701764	Supp_Motor_Area_L	10224	944	71080	15078	1220	0	8270	5316	0	0	7158	2738	3660	4702	912	1680	6422	340	0	51248	0	0	5682	4252	128	0	76	0	12160	1934	12350	16078	10234	29146	546	584	1818	102	162	74	0	0	0	0	0	0	0	102	0	0	0	0	0	0	442	0	1338	0	0	0	0	0	0	0	0	0	0	0	6442	108	13468	4906	21738	356	6078	96	5606	706	396	0	1880	102	0	0	0	0	0	0	800	0	0	0	0	0	0	0	0	0	0	0	0	0	0	0	0	0	0	0	0	0	0	0	0	0	0	0	
715148	Supp_Motor_Area_R	3552	7150	11960	52162	0	0	2102	4808	0	0	1274	5212	0	5240	0	1936	1232	8682	51248	0	0	0	2014	9710	0	0	0	0	1274	12590	4582	24442	7606	46798	1446	10378	0	804	0	426	0	0	0	1622	0	1432	0	638	82	918	184	386	0	0	0	524	74	2192	86	72	0	0	0	94	0	0	1294	7344	4994	11292	4730	20326	984	10010	0	794	0	7108	0	246	0	338	0	0	250	190	0	0	0	742	0	0	0	0	0	0	0	0	0	0	0	0	0	0	0	0	0	0	0	0	0	0	0	0	0	0	
63452	Olfactory_L	0	0	454	0	1952	0	0	0	84	0	0	0	0	0	1514	0	0	0	0	0	0	4160	0	0	524	0	1838	520	3300	168	1782	1104	0	0	0	0	606	0	350	0	562	0	0	0	0	0	0	0	0	0	0	0	0	0	486	0	0	0	0	0	0	0	0	0	0	0	0	0	0	0	5422	2660	3200	458	0	0	0	0	0	0	0	0	218	0	0	0	0	0	364	0	0	0	0	0	0	0	0	0	0	0	0	0	0	0	0	0	0	0	0	0	0	0	0	0	0	0	
72004	Olfactory_R	0	0	0	246	140	1528	0	0	0	208	0	0	0	0	110	1678	0	0	0	0	4160	0	0	0	146	580	796	3396	86	2918	1404	1918	0	0	0	0	0	0	0	116	0	498	0	0	0	0	0	0	0	0	0	0	0	0	0	0	0	0	0	0	0	0	0	0	0	0	0	0	0	0	5844	5136	3838	1256	0	0	0	0	0	0	0	0	0	0	0	0	0	0	0	0	0	0	0	0	0	0	0	0	0	0	0	0	0	0	0	0	0	0	0	0	0	0	0	0	0	0	
381628	Frontal_Sup_Medial_L	0	0	40952	11002	7760	612	17360	2532	0	0	2064	138	3068	794	634	1008	368	0	5682	2014	0	0	0	22352	2370	2650	196	0	3962	784	25208	14678	6906	8408	0	0	0	0	0	0	0	0	0	0	0	0	0	0	0	0	0	0	0	0	0	0	0	0	0	0	0	0	0	0	0	0	0	0	0	0	2252	946	3530	350	0	0	0	0	0	0	158	0	76	0	0	0	0	0	0	0	0	0	0	0	0	0	0	0	0	0	0	0	0	0	0	0	0	0	0	0	0	0	0	0	0	0	
359332	Frontal_Sup_Medial_R	0	0	2224	35608	178	3444	656	8412	0	244	262	2858	80	2966	0	2922	84	616	4252	9710	0	0	22352	0	282	5598	0	192	222	5800	7664	31476	350	14532	0	0	0	0	0	0	0	0	0	0	0	0	0	0	0	0	0	0	0	0	0	0	0	0	0	0	0	0	0	0	0	0	0	0	0	0	1452	11154	332	3602	0	0	0	0	0	0	0	0	0	142	0	0	0	0	0	0	0	0	0	0	0	0	0	0	0	0	0	0	0	0	0	0	0	0	0	0	0	0	0	0	0	0	
49156	Frontal_Med_Orb_L	0	0	698	0	5138	186	0	0	420	0	0	0	0	0	118	0	0	0	128	0	524	146	2370	282	0	1900	3696	204	92	0	6386	960	0	0	0	0	0	0	0	0	0	0	0	0	0	0	0	0	0	0	0	0	0	0	0	0	0	0	0	0	0	0	0	0	0	0	0	0	0	0	824	124	382	0	0	0	0	0	0	0	0	0	0	0	0	0	0	0	0	0	0	0	0	0	0	0	0	0	0	0	0	0	0	0	0	0	0	0	0	0	0	0	0	0	0	0	
90416	Frontal_Med_Orb_R	0	0	356	1548	640	8512	0	0	0	322	0	0	0	0	0	200	0	0	0	0	0	580	2650	5598	1900	0	0	5956	0	84	3378	6714	0	0	0	0	0	0	0	0	0	0	0	0	0	0	0	0	0	0	0	0	0	0	0	0	0	0	0	0	0	0	0	0	0	0	0	0	0	0	0	4640	0	2130	0	0	0	0	0	0	0	0	0	0	0	0	0	0	0	0	0	0	0	0	0	0	0	0	0	0	0	0	0	0	0	0	0	0	0	0	0	0	0	0	0	0	
56648	Rectus_L	0	0	270	0	7592	0	0	0	2086	0	0	0	0	0	2040	0	0	0	76	0	1838	796	196	0	3696	0	0	234	914	0	3718	484	0	0	0	0	0	0	0	0	0	0	0	0	0	0	0	0	0	0	0	0	0	0	0	0	0	0	0	0	0	0	0	0	0	0	0	0	0	0	2290	360	1482	252	0	0	0	0	0	0	0	0	0	0	0	0	0	0	0	0	0	0	0	0	0	0	0	0	0	0	0	0	0	0	0	0	0	0	0	0	0	0	0	0	0	0	
68956	Rectus_R	0	0	0	644	0	7302	0	0	0	1426	0	0	0	0	0	3038	0	0	0	0	520	3396	0	192	204	5956	234	0	0	2296	324	2380	0	0	0	0	0	0	0	0	0	688	0	0	0	0	0	0	0	0	0	0	0	0	0	0	0	0	0	0	0	0	0	0	0	0	0	0	0	0	446	3128	232	2072	0	0	0	0	0	0	0	0	0	0	0	0	0	0	0	0	0	0	0	0	0	0	0	0	0	0	0	0	0	0	0	0	0	0	0	0	0	0	0	0	0	0	
586368	Insula_L	10740	0	30842	876	12444	0	21278	462	918	0	25804	0	23310	0	13336	0	25100	0	12160	1274	3300	86	3962	222	92	0	914	0	0	0	11338	960	1704	1216	328	308	10138	328	1140	0	888	0	292	0	0	0	112	94	298	0	1578	0	324	0	5834	0	5020	0	906	0	1802	0	178	0	126	0	624	0	0	0	9706	116	17306	0	0	0	838	408	4766	0	13604	0	2702	0	3406	0	126	0	7550	0	0	0	0	0	0	0	0	0	0	0	0	0	0	0	0	0	0	0	0	0	0	0	0	0	0	0	
358452	Insula_R	0	2612	270	21876	0	848	106	10646	0	370	0	11420	0	11280	0	13624	0	16742	1934	12590	168	2918	784	5800	0	84	0	2296	0	0	306	3958	0	2246	132	134	136	4242	0	2018	0	1752	0	0	0	0	0	0	0	130	0	82	0	0	0	3984	0	1200	0	0	0	0	0	0	0	0	0	92	0	0	960	6068	212	20836	0	886	0	1434	0	2498	0	4780	0	1224	0	1342	0	84	0	2122	0	0	0	0	0	0	0	0	0	0	0	0	0	0	0	0	0	0	0	0	0	0	0	0	0	0	
462684	Cingulum_Ant_L	1722	0	24554	6312	7020	768	12660	1092	320	0	12324	666	4828	420	612	134	4200	0	12350	4582	1782	1404	25208	7664	6386	3378	3718	324	11338	306	0	24514	6978	6780	224	78	140	0	0	0	0	0	0	0	0	0	0	0	0	0	0	0	0	0	0	0	102	0	0	0	0	0	0	0	0	0	0	0	0	0	20568	2430	10216	774	0	0	238	0	0	0	1510	0	618	0	100	0	0	0	0	0	0	0	0	0	0	0	0	0	0	0	0	0	0	0	0	0	0	0	0	0	0	0	0	0	0	0	
540460	Cingulum_Ant_R	480	0	4406	35018	334	3800	1856	7260	0	154	1006	4376	288	4210	72	1972	580	550	16078	24442	1104	1918	14678	31476	960	6714	484	2380	960	3958	24514	0	4626	29022	0	0	84	0	0	0	0	0	0	0	0	0	0	0	0	0	0	0	0	0	0	0	0	0	0	0	0	0	0	0	0	0	0	0	0	0	5844	22740	2524	9212	0	0	0	0	0	0	0	0	0	150	0	0	0	0	0	0	0	0	0	0	0	0	0	0	0	0	0	0	0	0	0	0	0	0	0	0	0	0	0	0	0	0	
175740	Cingulum_Mid_L	1074	456	6170	750	168	0	5756	164	0	0	940	0	2370	0	244	78	274	0	10234	7606	0	0	6906	350	0	0	0	0	1704	0	6978	4626	0	14388	2234	1476	0	0	0	0	0	0	230	508	420	316	82	204	0	116	0	0	0	0	0	0	518	0	182	0	0	0	0	0	0	0	1226	1940	5768	894	394	0	0	0	0	0	0	0	0	0	126	0	0	0	0	0	0	0	0	0	0	0	0	0	0	0	0	0	0	0	0	0	0	0	0	0	0	0	0	0	0	0	0	0	0	0	
499812	Cingulum_Mid_R	1018	2588	3006	15886	0	0	1974	5766	0	0	1200	2452	134	5288	0	3242	1080	0	29146	46798	0	0	8408	14532	0	0	0	0	1216	2246	6780	29022	14388	0	954	9934	0	112	0	84	0	0	0	3670	0	2412	0	1544	0	1236	80	394	0	0	0	112	0	2754	0	102	0	0	0	0	0	0	1494	10828	1640	9120	3132	3042	670	178	0	0	0	0	0	0	0	0	0	0	98	0	0	0	0	146	0	0	0	0	0	0	0	0	0	0	0	0	0	0	0	0	0	0	0	0	0	0	0	0	0	0	
165848	Cingulum_Post_L	5268	1962	0	1278	0	0	564	2168	0	0	0	0	0	0	0	0	0	0	546	1446	0	0	0	0	0	0	0	0	328	132	224	0	2234	954	0	12682	5916	4516	952	534	0	0	2228	200	2850	138	1848	656	464	0	336	0	136	0	266	396	1952	254	994	0	512	0	0	0	0	0	7940	3886	5186	1006	78	850	0	0	0	0	3184	4986	420	0	98	0	0	0	356	0	0	0	0	0	0	0	0	0	0	0	0	0	0	0	0	0	0	0	0	0	0	0	0	0	0	0	0	0	0	0	
239692	Cingulum_Post_R	2646	6568	0	1774	0	0	614	2574	0	0	0	0	0	0	0	0	0	0	584	10378	0	0	0	0	0	0	0	0	308	134	78	0	1476	9934	12682	0	5402	6278	366	1254	0	0	148	2890	0	1114	82	3926	0	488	0	316	0	0	0	1000	224	4086	0	0	0	0	0	0	0	0	3144	15958	1032	10260	110	1188	0	0	0	0	3802	5516	360	0	0	0	0	0	0	172	0	0	0	554	0	0	0	0	0	0	0	182	0	0	0	0	0	0	0	0	0	0	0	0	244	0	0	0	0	0	
210676	Hippocampus_L	2576	0	2194	948	170	0	726	1586	0	0	298	0	0	0	206	0	632	0	1818	0	606	0	0	0	0	0	0	0	10138	136	140	84	0	0	5916	5402	0	3938	10954	470	4768	0	1552	0	0	0	3446	602	0	0	0	0	190	0	13464	306	310	0	0	0	0	0	0	0	0	0	3096	942	0	0	86	224	5754	0	310	0	3916	3988	872	0	1572	0	384	0	148	0	216	0	9866	0	80	0	0	0	126	0	0	0	0	0	0	0	0	0	0	0	0	0	0	182	0	0	0	0	0	0	
254900	Hippocampus_R	1442	1752	96	2024	0	0	604	3698	0	0	0	282	0	0	0	0	0	334	102	804	0	0	0	0	0	0	0	0	328	4242	0	0	0	112	4516	6278	3938	0	364	23914	0	8232	144	1066	0	0	100	5320	0	0	0	0	0	276	72	23736	114	226	0	0	0	0	0	0	0	0	1104	4302	0	434	0	0	146	7016	0	686	1344	5520	326	312	0	722	0	696	0	258	0	0	0	9708	0	0	0	0	0	0	0	586	0	0	0	0	0	0	0	0	0	0	0	0	174	0	0	0	0	0	
69940	ParaHippocampal_L	132	0	168	0	0	0	134	0	0	0	0	0	0	0	0	0	0	0	162	0	350	0	0	0	0	0	0	0	1140	0	0	0	0	0	952	366	10954	364	0	102	1520	0	1582	0	0	0	4278	230	72	0	222	0	862	0	5006	84	78	0	82	0	0	0	0	0	0	0	2036	114	0	0	80	0	1004	0	0	0	448	214	148	0	218	0	0	0	304	0	0	0	1044	0	0	0	0	0	298	0	0	0	0	0	0	0	0	0	0	0	0	0	0	222	0	0	0	0	0	0	
153668	ParaHippocampal_R	112	1070	0	204	0	0	0	316	0	0	0	0	0	0	0	118	0	202	74	426	0	116	0	0	0	0	0	0	0	2018	0	0	0	84	534	1254	470	23914	102	0	0	6376	0	438	0	0	0	4394	0	0	0	0	0	390	0	18338	0	144	0	0	0	0	0	0	0	0	216	1330	0	338	0	0	88	3732	0	544	98	986	0	168	0	0	0	1520	0	76	0	734	0	5050	0	0	0	0	0	0	0	860	0	0	0	0	0	0	0	0	0	0	0	0	0	0	0	0	0	0	
24988	Amygdala_L	0	0	0	0	0	0	0	0	0	0	0	0	0	0	0	0	0	0	0	0	562	0	0	0	0	0	0	0	888	0	0	0	0	0	0	0	4768	0	1520	0	0	0	0	0	0	0	0	0	0	0	0	0	0	0	2714	0	0	0	0	0	0	0	0	0	0	0	0	0	0	0	0	0	92	0	0	0	0	0	0	0	0	0	172	0	0	0	126	0	1652	0	0	0	0	0	0	0	0	0	0	0	0	0	0	0	0	0	0	0	0	0	0	0	0	0	0	0	
55268	Amygdala_R	0	0	0	168	0	176	0	0	0	124	0	0	0	0	0	670	0	0	0	0	0	498	0	0	0	0	0	688	0	1752	0	0	0	0	0	0	0	8232	0	6376	0	0	0	0	0	0	0	0	0	0	0	0	0	0	0	5554	0	0	0	0	0	0	0	0	0	0	0	0	0	0	0	260	0	1292	0	0	0	0	0	0	0	0	0	1610	0	0	0	234	0	0	0	0	0	0	0	0	0	0	0	0	0	0	0	0	0	0	0	0	0	0	0	0	0	0	0	0	
247616	Calcarine_L	402	0	0	0	0	0	0	0	0	0	0	0	0	0	0	0	342	0	0	0	0	0	0	0	0	0	0	0	292	0	0	0	230	0	2228	148	1552	144	1582	0	0	0	0	12198	17408	7092	13594	5720	13332	1800	13170	584	2044	0	806	154	2614	0	1500	0	212	0	0	0	138	0	18070	782	1130	0	0	0	0	0	0	0	0	0	182	0	440	0	0	0	3576	0	0	0	162	0	106	0	0	0	0	0	0	0	74	0	0	0	0	0	0	0	0	0	0	0	0	0	0	0	0	0	
467216	Calcarine_R	0	1728	0	0	0	0	0	0	0	0	0	0	0	0	0	0	0	0	0	1622	0	0	0	0	0	0	0	0	0	0	0	0	508	3670	200	2890	0	1066	0	438	0	0	12198	0	14768	44056	1618	30332	1728	20716	224	22086	0	5796	0	3732	0	5490	0	1848	0	544	0	0	0	600	2072	39088	0	4984	0	0	0	0	0	0	0	0	0	0	0	74	0	0	0	7236	0	0	0	2076	0	0	0	0	0	0	0	0	0	78	0	0	0	0	0	0	0	0	0	0	142	0	0	0	0	0	
315772	Cuneus_L	756	0	0	0	0	0	0	0	0	0	0	0	0	0	0	0	0	0	0	0	0	0	0	0	0	0	0	0	0	0	0	0	420	0	2850	0	0	0	0	0	0	0	17408	14768	0	15388	3544	2692	36322	3164	17338	218	2722	0	382	0	4146	0	5302	0	1492	0	202	0	262	0	24910	1698	848	0	0	0	0	0	0	0	0	0	0	0	0	0	0	0	978	0	0	0	0	0	76	0	0	0	0	0	0	0	0	0	0	0	0	0	0	0	0	0	0	0	0	0	0	0	0	0	
449320	Cuneus_R	0	1058	0	0	0	0	0	100	0	0	0	0	0	0	0	0	0	0	0	1432	0	0	0	0	0	0	0	0	0	0	0	0	316	2412	138	1114	0	0	0	0	0	0	7092	44056	15388	0	198	10880	1646	43786	190	22358	0	1692	0	892	0	1198	0	4528	0	244	0	2702	0	1108	3582	34474	0	2564	0	0	0	0	0	0	0	0	0	100	0	2750	0	0	0	11148	0	0	0	5514	0	0	0	0	0	0	0	0	0	0	0	0	0	0	0	0	0	0	0	0	0	0	0	0	0	0	
227388	Lingual_L	80	0	0	0	0	0	0	0	0	0	0	0	0	0	0	0	76	0	0	0	0	0	0	0	0	0	0	0	112	0	0	0	82	0	1848	82	3446	100	4278	0	0	0	13594	1618	3544	198	0	2750	6154	0	10174	0	7144	332	10556	1058	616	0	262	0	94	0	0	0	0	0	6954	0	300	0	0	0	0	0	0	0	162	78	108	0	184	0	0	0	618	0	0	0	110	0	3926	1458	346	0	170	0	7986	180	10842	2782	0	0	0	0	0	286	0	0	0	0	2340	3810	1916	0	434	506	
308392	Lingual_R	122	1450	114	0	0	0	0	0	0	0	0	0	0	0	0	0	0	0	102	638	0	0	0	0	0	0	0	0	94	0	0	0	204	1544	656	3926	602	5320	230	4394	0	0	5720	30332	2692	10880	2750	0	78	5606	0	5674	0	8834	120	13124	0	2392	0	0	0	102	0	0	0	108	1178	17334	0	2002	0	0	240	0	0	0	110	430	0	0	0	0	0	0	0	1886	0	0	0	1608	290	980	0	0	104	92	840	3962	2320	3810	0	0	72	0	530	0	0	0	0	0	4030	3756	814	0	0	0	
382368	Occipital_Sup_L	816	0	0	78	0	0	0	0	0	0	0	0	0	0	0	0	338	0	0	82	0	0	0	0	0	0	0	0	298	0	0	0	0	0	464	0	0	0	72	0	0	0	13332	1728	36322	1646	6154	78	0	0	47132	0	5678	0	1148	0	3608	0	20950	0	3134	0	942	0	2452	0	33390	410	216	0	74	0	0	0	0	0	0	0	274	0	838	0	0	0	7942	0	0	0	1282	0	200	0	0	0	0	0	0	0	106	0	0	0	0	0	0	0	0	0	0	0	0	0	0	0	0	0	
379724	Occipital_Sup_R	0	2616	0	0	0	0	0	308	0	0	0	144	0	0	0	0	0	0	0	918	0	0	0	0	0	0	0	0	0	130	0	0	116	1236	0	488	0	0	0	0	0	0	1800	20716	3164	43786	0	5606	0	0	0	37014	0	1878	0	914	0	3042	0	7350	0	1220	0	2906	0	3562	1150	26968	0	1934	0	0	0	0	0	0	0	0	0	202	0	3430	0	0	0	11838	0	0	0	5426	0	0	0	0	0	0	0	0	0	0	0	0	0	0	0	0	0	0	0	0	0	0	0	0	0	0	
483924	Occipital_Mid_L	1058	0	0	170	0	0	0	0	0	0	0	0	0	0	0	0	2560	0	0	184	0	0	0	0	0	0	0	0	1578	0	0	0	0	80	336	0	0	0	222	0	0	0	13170	224	17338	190	10174	0	47132	0	0	0	16982	0	3426	0	6064	0	21824	0	13620	0	4262	0	20264	0	27946	0	538	0	230	0	0	0	0	0	0	0	744	0	2754	0	0	0	24864	0	0	0	3542	0	338	0	0	0	0	0	0	0	148	0	0	0	0	0	0	0	0	0	0	0	0	0	0	0	0	0	
386100	Occipital_Mid_R	0	1768	0	0	0	0	0	228	0	0	0	0	0	0	0	0	0	0	0	386	0	0	0	0	0	0	0	0	0	82	0	0	0	394	0	316	0	0	0	0	0	0	584	22086	218	22358	0	5674	0	37014	0	0	0	8612	0	1446	0	1336	0	6648	0	9098	0	2256	0	19346	352	20356	0	910	0	0	0	0	0	0	0	0	0	86	0	3446	0	0	0	23064	0	0	0	4986	0	0	0	0	0	0	0	0	0	0	0	0	0	0	0	0	0	0	0	0	0	0	0	0	0	0	
143460	Occipital_Inf_L	264	0	0	0	0	0	0	0	0	0	0	0	0	0	0	0	398	0	0	0	0	0	0	0	0	0	0	0	324	0	0	0	0	0	136	0	190	0	862	0	0	0	2044	0	2722	0	7144	0	5678	0	16982	0	0	0	12520	0	458	0	1606	0	978	0	1272	0	786	0	3358	0	204	0	0	0	0	0	0	0	0	0	1352	0	1370	0	0	0	5054	0	0	0	4680	0	964	0	98	0	0	0	0	0	286	0	0	0	0	0	0	0	0	0	0	0	0	0	0	0	0	0	
101580	Occipital_Inf_R	0	92	0	0	0	0	0	0	0	0	0	0	0	0	0	0	0	0	0	0	0	0	0	0	0	0	0	0	0	0	0	0	0	0	0	0	0	276	0	390	0	0	0	5796	0	1692	332	8834	0	1878	0	8612	0	0	0	13008	0	0	0	0	0	174	0	0	0	184	0	1446	0	0	0	0	0	0	0	0	0	0	0	0	0	0	0	0	0	1416	0	0	0	2776	0	426	0	0	0	0	0	234	422	1238	0	0	0	0	0	0	0	0	0	0	270	886	408	0	0	0	
295600	Fusiform_L	248	0	542	0	138	0	0	0	0	0	94	0	0	0	74	0	526	0	442	0	486	0	0	0	0	0	0	0	5834	0	0	0	0	0	266	0	13464	72	5006	0	2714	0	806	0	382	0	10556	120	1148	0	3426	0	12520	0	0	180	212	0	432	0	844	0	1120	0	630	0	1066	0	156	0	76	0	1754	0	0	0	216	72	1774	0	3590	0	1174	0	3752	0	1204	0	16830	0	15036	404	1928	0	0	0	10518	286	20210	674	296	0	570	74	122	0	0	0	0	0	2670	434	428	0	80	124	
341372	Fusiform_R	0	1510	0	170	0	0	0	336	0	0	0	0	0	0	0	0	0	256	0	524	0	0	0	0	0	0	0	0	0	3984	0	0	0	112	396	1000	306	23736	84	18338	0	5554	154	3732	0	892	1058	13124	0	914	0	1446	0	13008	180	0	0	244	0	0	0	0	0	0	0	0	170	1496	0	468	0	0	0	3288	0	116	0	822	0	188	0	2464	0	5346	0	1480	0	2340	0	18794	852	5626	184	272	0	106	1350	8374	2364	12900	102	0	0	658	224	0	0	0	0	0	5124	3178	1342	0	0	0	
266440	Postcentral_L	25760	232	3432	130	0	0	1964	170	0	0	3046	0	378	0	0	0	9350	0	1338	74	0	0	0	0	0	0	0	0	5020	0	102	0	518	0	1952	224	310	114	78	0	0	0	2614	0	4146	0	616	0	3608	0	6064	0	458	0	212	0	0	0	12534	0	16884	0	7722	0	492	0	9558	0	2680	0	1810	0	474	0	0	0	612	202	2112	0	3474	0	0	0	2450	0	0	0	306	0	0	0	0	0	0	0	0	0	0	0	0	0	0	0	0	0	0	0	0	0	0	0	0	0	0	0	
202392	Postcentral_R	0	20132	0	374	0	0	0	1654	0	0	0	1322	0	0	0	0	0	1298	0	2192	0	0	0	0	0	0	0	0	0	1200	0	0	0	2754	254	4086	0	226	0	144	0	0	0	5490	0	1198	0	2392	0	3042	0	1336	0	0	0	244	0	0	0	7908	0	7832	0	7976	0	284	218	14514	0	10712	0	382	0	118	0	0	0	106	0	130	0	320	0	0	0	600	0	0	0	758	0	0	0	0	0	0	0	0	0	0	0	0	0	0	0	0	0	0	0	0	0	0	0	0	0	0	
252700	Parietal_Sup_L	1680	0	0	80	0	0	180	0	0	0	0	0	0	0	0	0	686	0	0	86	0	0	0	0	0	0	0	0	906	0	0	0	182	0	994	0	0	0	82	0	0	0	1500	0	5302	0	262	0	20950	0	21824	0	1606	0	432	0	12534	0	0	0	13706	0	1202	0	4962	0	26242	0	522	0	132	0	0	0	0	0	0	0	300	0	1176	0	0	0	7476	0	0	0	1346	0	0	0	0	0	0	0	0	0	0	0	0	0	0	0	0	0	0	0	0	0	0	0	0	0	0	0	
116208	Parietal_Sup_R	0	2026	0	0	0	0	0	234	0	0	0	0	0	0	0	0	0	0	0	72	0	0	0	0	0	0	0	0	0	0	0	0	0	102	0	0	0	0	0	0	0	0	0	1848	0	4528	0	0	0	7350	0	6648	0	0	0	0	0	7908	0	0	0	9564	0	2182	0	5140	518	8922	0	512	0	0	0	0	0	0	0	0	0	0	0	98	0	0	0	264	0	0	0	188	0	0	0	0	0	0	0	0	0	0	0	0	0	0	0	0	0	0	0	0	0	0	0	0	0	0	
204032	Parietal_Inf_L	4762	0	78	0	0	0	240	0	0	0	158	0	0	0	0	0	1518	0	0	0	0	0	0	0	0	0	0	0	1802	0	0	0	0	0	512	0	0	0	0	0	0	0	212	0	1492	0	94	0	3134	0	13620	0	978	0	844	0	16884	0	13706	0	0	0	13332	0	16726	0	3288	0	98	0	334	0	0	0	0	0	0	0	198	0	1086	0	0	0	5716	0	0	0	1204	0	0	0	0	0	0	0	0	0	0	0	0	0	0	0	0	0	0	0	0	0	0	0	0	0	0	0	
115904	Parietal_Inf_R	0	4402	0	0	0	0	0	588	0	0	0	0	0	0	0	0	0	0	0	0	0	0	0	0	0	0	0	0	0	0	0	0	0	0	0	0	0	0	0	0	0	0	0	544	0	244	0	102	0	1220	0	9098	0	174	0	0	0	7832	0	9564	0	0	0	8920	0	12726	0	698	0	74	0	236	0	0	0	0	0	130	0	78	0	130	0	0	0	916	0	0	0	276	0	0	0	0	0	0	0	0	0	0	0	0	0	0	0	0	0	0	0	0	0	0	0	0	0	0	
121052	SupraMarginal_L	802	0	0	0	0	0	0	0	0	0	0	0	0	0	0	0	1776	0	0	0	0	0	0	0	0	0	0	0	178	0	0	0	0	0	0	0	0	0	0	0	0	0	0	0	202	0	0	0	942	0	4262	0	1272	0	1120	0	7722	0	1202	0	13332	0	0	0	6616	0	854	0	0	0	0	0	0	0	0	0	0	0	76	0	7160	0	0	0	9916	0	0	0	3094	0	0	0	0	0	0	0	0	0	0	0	0	0	0	0	0	0	0	0	0	0	0	0	0	0	0	0	
110816	SupraMarginal_R	0	5640	0	0	0	0	0	936	0	0	0	0	0	0	0	0	0	2164	0	94	0	0	0	0	0	0	0	0	0	0	0	0	0	0	0	0	0	0	0	0	0	0	0	0	0	2702	0	0	0	2906	0	2256	0	0	0	0	0	7976	0	2182	0	8920	0	0	0	3390	0	2768	0	0	0	254	0	0	0	0	0	130	0	112	0	4310	0	0	0	5486	0	0	0	3182	0	0	0	0	0	0	0	0	0	0	0	0	0	0	0	0	0	0	0	0	0	0	0	0	0	0	
130504	Angular_L	0	0	0	0	0	0	0	0	0	0	0	0	0	0	0	0	490	0	0	0	0	0	0	0	0	0	0	0	126	0	0	0	0	0	0	0	0	0	0	0	0	0	138	0	262	0	0	0	2452	0	20264	0	786	0	630	0	492	0	4962	0	16726	0	6616	0	0	0	2320	0	0	0	0	0	0	0	0	0	0	0	0	0	1206	0	0	0	7470	0	0	0	312	0	0	0	0	0	0	0	0	0	0	0	0	0	0	0	0	0	0	0	0	0	0	0	0	0	0	0	
125364	Angular_R	0	334	0	0	0	0	0	0	0	0	0	0	0	0	0	0	0	0	0	0	0	0	0	0	0	0	0	0	0	0	0	0	0	0	0	0	0	0	0	0	0	0	0	600	0	1108	0	108	0	3562	0	19346	0	184	0	0	0	284	0	5140	0	12726	0	3390	0	0	0	1324	0	0	0	0	0	0	0	0	0	0	0	0	0	4822	0	0	0	9024	0	0	0	730	0	0	0	0	0	0	0	0	0	0	0	0	0	0	0	0	0	0	0	0	0	0	0	0	0	0	
443892	Precuneus_L	1486	590	0	188	0	0	0	126	0	0	0	0	0	0	0	0	700	0	0	1294	0	0	0	0	0	0	0	0	624	0	0	0	1226	1494	7940	3144	3096	1104	2036	216	0	0	18070	2072	24910	3582	6954	1178	33390	1150	27946	352	3358	0	1066	170	9558	218	26242	518	3288	0	854	0	2320	0	0	10650	3520	1220	76	0	0	0	0	0	76	406	514	0	1320	0	0	0	10144	0	0	0	1476	0	0	0	0	0	0	0	0	0	0	0	0	0	0	0	0	0	0	0	0	0	84	0	0	0	0	0	
559460	Precuneus_R	0	6724	0	150	0	0	0	274	0	0	0	102	0	0	0	0	0	0	0	7344	0	0	0	0	0	0	0	0	0	92	0	0	1940	10828	3886	15958	942	4302	114	1330	0	0	782	39088	1698	34474	0	17334	410	26968	0	20356	0	1446	0	1496	0	14514	0	8922	0	698	0	2768	0	1324	10650	0	580	15176	0	0	0	0	0	0	192	556	0	162	0	3006	0	0	0	14800	0	0	0	7498	0	0	0	0	0	0	0	334	0	0	0	0	0	0	0	0	0	0	0	0	512	0	0	0	0	0	
116788	Paracentral_Lobule_L	11010	2006	1290	1606	0	0	364	1062	0	0	0	0	0	0	0	0	0	0	6442	4994	0	0	0	0	0	0	0	0	0	0	0	0	5768	1640	5186	1032	0	0	0	0	0	0	1130	0	848	0	300	0	216	0	538	0	204	0	156	0	2680	0	522	0	98	0	0	0	0	0	3520	580	0	882	534	342	0	0	0	0	1574	1328	0	0	0	0	0	0	542	0	0	0	0	0	0	0	0	0	0	0	0	0	0	0	0	0	0	0	0	0	0	0	0	0	0	0	0	0	0	0	
170708	Paracentral_Lobule_R	132	8230	0	362	0	0	0	0	0	0	0	0	0	0	0	0	0	0	108	11292	0	0	0	0	0	0	0	0	0	0	0	0	894	9120	1006	10260	0	434	0	338	0	0	0	4984	0	2564	0	2002	0	1934	0	910	0	0	0	468	0	10712	0	512	0	74	0	0	0	0	1220	15176	882	0	0	0	0	0	0	0	0	0	0	0	0	248	0	0	0	506	0	0	0	986	0	0	0	0	0	0	0	0	0	0	0	0	0	0	0	0	0	0	0	0	0	0	0	0	0	0	
339780	Caudate_L	2782	94	13244	4980	1860	0	2716	4056	94	0	9344	2278	2832	730	796	0	4414	466	13468	4730	5422	5844	2252	1452	824	0	2290	446	9706	960	20568	5844	394	3132	78	110	86	0	80	0	0	0	0	0	0	0	0	0	74	0	230	0	0	0	76	0	1810	0	132	0	334	0	0	0	0	0	76	0	534	0	0	6988	19620	704	1752	0	7270	668	0	0	738	0	250	0	262	0	0	0	0	0	0	0	0	0	0	0	0	0	0	0	0	0	0	0	0	0	0	0	0	0	0	0	0	0	0	0	
379328	Caudate_R	2052	800	2150	25766	0	4692	820	9466	0	796	0	4716	0	1082	0	1288	76	1018	4906	20326	2660	5136	946	11154	124	4640	360	3128	116	6068	2430	22740	0	3042	850	1188	224	0	0	0	0	260	0	0	0	0	0	0	0	0	0	0	0	0	0	0	0	382	0	0	0	236	0	254	0	0	0	0	342	0	6988	0	3240	13410	0	1042	1198	17366	0	0	0	0	0	186	0	0	0	0	0	0	0	0	0	0	0	0	0	0	0	0	0	0	0	0	0	0	0	0	0	0	0	0	0	0	0	0	
330672	Putamen_L	3284	0	28148	1158	8086	0	1964	1542	502	0	1740	372	526	0	2792	0	2614	102	21738	984	3200	3838	3530	332	382	0	1482	232	17306	212	10216	2524	0	670	0	0	5754	146	1004	88	92	0	0	0	0	0	0	240	0	0	0	0	0	0	1754	0	474	0	0	0	0	0	0	0	0	0	0	0	0	0	19620	3240	0	336	5974	0	2292	190	78	0	2056	0	138	0	324	0	0	0	2060	0	0	0	0	0	0	0	0	0	0	0	0	0	0	0	0	0	0	0	0	0	0	0	0	0	0	0	
248372	Putamen_R	0	660	210	17470	0	2562	0	4150	0	1032	0	3612	0	542	0	2672	0	3442	356	10010	458	1256	350	3602	0	2130	252	2072	0	20836	774	9212	0	178	0	0	0	7016	0	3732	0	1292	0	0	0	0	0	0	0	0	0	0	0	0	0	3288	0	118	0	0	0	0	0	0	0	0	0	0	0	0	704	13410	336	0	0	2528	0	3152	0	0	0	0	0	494	0	0	0	0	0	278	0	0	0	0	0	0	0	0	0	0	0	0	0	0	0	0	0	0	0	0	0	0	0	0	0	0	
45308	Pallidum_L	1424	0	5562	0	0	0	80	0	0	0	0	0	0	0	0	0	0	0	6078	0	0	0	0	0	0	0	0	0	0	0	0	0	0	0	0	0	310	0	0	0	0	0	0	0	0	0	0	0	0	0	0	0	0	0	0	0	0	0	0	0	0	0	0	0	0	0	0	0	0	0	1752	0	5974	0	0	0	1474	0	0	0	0	0	0	0	0	0	0	0	0	0	0	0	0	0	0	0	0	0	0	0	0	0	0	0	0	0	0	0	0	0	0	0	0	0	0	0	
19404	Pallidum_R	0	0	0	1350	0	0	0	736	0	0	0	0	0	0	0	0	0	924	96	794	0	0	0	0	0	0	0	0	0	886	0	0	0	0	0	0	0	686	0	544	0	0	0	0	0	0	0	0	0	0	0	0	0	0	0	116	0	0	0	0	0	0	0	0	0	0	0	0	0	0	0	1042	0	2528	0	0	0	0	0	0	0	0	0	0	0	0	0	0	0	0	0	0	0	0	0	0	0	0	0	0	0	0	0	0	0	0	0	0	0	0	0	0	0	0	0	0	
128824	Thalamus_L	6682	0	5638	2216	0	0	2518	2602	0	0	164	0	0	0	0	0	208	0	5606	0	0	0	0	0	0	0	0	0	838	0	238	0	0	0	3184	3802	3916	1344	448	98	0	0	0	0	0	0	162	110	0	0	0	0	0	0	216	0	612	0	0	0	0	0	0	0	0	0	76	192	1574	0	7270	1198	2292	0	1474	0	0	9466	268	0	0	0	0	0	0	0	0	0	0	0	0	0	0	0	0	0	0	0	0	0	0	0	0	0	0	0	0	0	0	0	0	0	0	0	0	0	
202300	Thalamus_R	6378	1788	198	11320	0	0	2780	11178	0	0	0	326	0	0	0	0	78	210	706	7108	0	0	0	0	0	0	0	0	408	1434	0	0	0	0	4986	5516	3988	5520	214	986	0	0	0	0	0	0	78	430	0	0	0	0	0	0	72	822	202	106	0	0	0	130	0	130	0	0	406	556	1328	0	668	17366	190	3152	0	0	9466	0	276	0	0	138	0	0	0	0	0	0	0	400	0	0	0	0	0	0	0	0	0	0	0	0	0	0	0	0	0	0	0	112	0	0	0	0	0	0	
59864	Heschl_L	1778	0	836	0	0	0	608	160	0	0	364	0	0	0	0	0	3436	0	396	0	0	0	0	0	0	0	0	0	4766	0	0	0	0	0	420	360	872	326	148	0	0	0	182	0	0	0	108	0	274	0	744	0	1352	0	1774	0	2112	0	300	0	198	0	76	0	0	0	514	0	0	0	0	0	78	0	0	0	268	276	0	0	3478	0	0	0	2180	0	0	0	1398	0	150	0	0	0	0	0	0	0	0	0	0	0	0	0	0	0	0	0	0	0	0	0	0	0	0	0	
28396	Heschl_R	0	522	0	386	0	0	0	382	0	0	0	0	0	0	0	0	0	3012	0	246	0	0	0	0	0	0	0	0	0	2498	0	0	0	0	0	0	0	312	0	168	0	0	0	0	0	100	0	0	0	202	0	86	0	0	0	188	0	130	0	0	0	78	0	112	0	0	0	162	0	0	0	0	0	0	0	0	0	0	0	0	0	3886	0	0	0	846	0	0	0	882	0	0	0	0	0	0	0	0	0	0	0	0	0	0	0	0	0	0	0	0	0	0	0	0	0	0	
253180	Temporal_Sup_L	4678	0	2518	0	110	0	2944	0	0	0	3544	0	218	0	72	0	15226	0	1880	0	0	0	158	0	0	0	0	0	13604	0	1510	0	126	0	98	0	1572	0	218	0	0	0	440	0	0	0	184	0	838	0	2754	0	1370	0	3590	0	3474	0	1176	0	1086	0	7160	0	1206	0	1320	0	0	0	738	0	2056	0	0	0	0	0	3478	0	0	0	4412	0	24810	0	0	0	18022	0	0	0	0	0	0	0	0	0	0	0	0	0	0	0	0	0	0	0	0	0	0	0	0	0	0	0	
121452	Temporal_Sup_R	0	1338	0	302	0	0	0	446	0	0	0	0	0	0	0	0	0	2832	102	338	0	0	0	0	0	0	0	0	0	4780	0	0	0	0	0	0	0	722	0	0	0	0	0	74	0	2750	0	0	0	3430	0	3446	0	0	0	2464	0	320	0	98	0	130	0	4310	0	4822	0	3006	0	248	0	0	0	0	0	0	0	138	0	3886	0	0	0	1192	0	15618	0	0	0	3934	0	0	0	0	0	0	0	0	0	0	0	0	0	0	0	0	0	0	0	0	0	0	0	0	0	0	
60736	Temporal_Pole_Sup_L	0	0	250	0	492	0	0	0	96	0	830	0	0	0	704	0	1162	0	0	0	218	0	76	0	0	0	0	0	2702	0	618	0	0	0	0	0	384	0	0	0	172	0	0	0	0	0	0	0	0	0	0	0	0	0	1174	0	0	0	0	0	0	0	0	0	0	0	0	0	0	0	250	0	138	0	0	0	0	0	0	0	4412	0	0	0	7554	0	3484	0	5652	0	0	0	0	0	0	0	0	0	0	0	0	0	0	0	0	0	0	0	0	0	0	0	0	0	0	0	
44240	Temporal_Pole_Sup_R	0	0	0	208	0	0	0	128	0	0	0	678	0	0	0	0	0	410	0	0	0	0	0	142	0	0	0	0	0	1224	0	150	0	0	0	0	0	696	0	1520	0	1610	0	0	0	0	0	0	0	0	0	0	0	0	0	5346	0	0	0	0	0	0	0	0	0	0	0	0	0	0	0	186	0	494	0	0	0	0	0	0	0	1192	0	0	0	2148	0	3020	0	2968	0	0	0	0	0	0	0	0	0	0	0	0	0	0	0	0	0	0	0	0	0	0	0	0	0	0	
337776	Temporal_Mid_L	580	0	0	234	0	0	0	0	0	0	80	0	0	0	0	0	2380	0	0	250	0	0	0	0	0	0	0	0	3406	0	100	0	0	98	356	0	148	0	304	0	0	0	3576	0	978	0	618	0	7942	0	24864	0	5054	0	3752	0	2450	0	7476	0	5716	0	9916	0	7470	0	10144	0	542	0	262	0	324	0	0	0	0	0	2180	0	24810	0	7554	0	0	0	3446	0	31878	0	0	0	0	0	0	0	0	0	0	0	0	0	0	0	0	0	0	0	0	0	0	0	0	0	0	0	
282444	Temporal_Mid_R	0	4258	0	0	0	0	0	536	0	0	0	0	0	0	0	0	0	200	0	190	0	0	0	0	0	0	0	0	0	1342	0	0	0	0	0	172	0	258	0	76	0	0	0	7236	0	11148	0	1886	0	11838	0	23064	0	1416	0	1480	0	600	0	264	0	916	0	5486	0	9024	0	14800	0	506	0	0	0	0	0	0	0	0	0	846	0	15618	0	2148	0	0	0	790	0	25124	0	0	0	0	0	0	0	0	0	0	0	0	0	0	0	0	0	0	0	0	0	0	0	0	0	0	
25048	Temporal_Pole_Mid_L	0	0	0	0	0	0	0	0	0	0	0	0	0	0	0	0	0	0	0	0	0	0	0	0	0	0	0	0	126	0	0	0	0	0	0	0	216	0	0	0	126	0	0	0	0	0	0	0	0	0	0	0	0	0	1204	0	0	0	0	0	0	0	0	0	0	0	0	0	0	0	0	0	0	0	0	0	0	0	0	0	0	0	3484	0	3446	0	0	0	3922	0	0	0	0	0	0	0	0	0	0	0	0	0	0	0	0	0	0	0	0	0	0	0	0	0	0	0	
15892	Temporal_Pole_Mid_R	0	0	0	0	0	0	0	0	0	0	0	0	0	0	0	0	0	0	0	0	0	0	0	0	0	0	0	0	0	84	0	0	0	0	0	0	0	0	0	734	0	234	0	0	0	0	0	0	0	0	0	0	0	0	0	2340	0	0	0	0	0	0	0	0	0	0	0	0	0	0	0	0	0	0	0	0	0	0	0	0	0	0	0	3020	0	790	0	0	0	744	0	0	0	0	0	0	0	0	0	0	0	0	0	0	0	0	0	0	0	0	0	0	0	0	0	0	
243904	Temporal_Inf_L	200	0	894	0	124	0	0	0	0	0	186	0	0	0	74	0	738	0	800	0	364	0	0	0	0	0	0	0	7550	0	0	0	0	0	0	0	9866	0	1044	0	1652	0	162	0	0	0	110	0	1282	0	3542	0	4680	0	16830	0	306	0	1346	0	1204	0	3094	0	312	0	1476	0	0	0	0	0	2060	0	0	0	0	0	1398	0	18022	0	5652	0	31878	0	3922	0	0	0	1086	0	0	0	0	0	0	0	98	0	0	0	0	0	0	0	0	0	0	0	0	0	0	0	0	0	
232292	Temporal_Inf_R	0	6326	0	104	0	0	0	764	0	0	0	80	0	0	0	0	0	446	0	742	0	0	0	0	0	0	0	0	0	2122	0	0	0	146	0	554	0	9708	0	5050	0	0	0	2076	0	5514	0	1608	0	5426	0	4986	0	2776	0	18794	0	758	0	188	0	276	0	3182	0	730	0	7498	0	986	0	0	0	278	0	0	0	400	0	882	0	3934	0	2968	0	25124	0	744	0	0	0	592	0	92	0	0	0	0	0	140	0	0	0	152	0	0	0	0	0	0	0	0	0	0	0	0	
311944	Cerebelum_Crus1_L	0	0	0	0	0	0	0	0	0	0	0	0	0	0	0	0	0	0	0	0	0	0	0	0	0	0	0	0	0	0	0	0	0	0	0	0	80	0	0	0	0	0	106	0	76	0	3926	290	200	0	338	0	964	0	15036	852	0	0	0	0	0	0	0	0	0	0	0	0	0	0	0	0	0	0	0	0	0	0	150	0	0	0	0	0	0	0	0	0	1086	0	0	3132	24736	2172	404	114	19832	1896	37138	4630	6986	1116	10992	1492	952	340	104	0	0	160	7282	1794	6174	698	388	336	
332664	Cerebelum_Crus1_R	0	0	0	0	0	0	0	0	0	0	0	0	0	0	0	0	0	0	0	0	0	0	0	0	0	0	0	0	0	0	0	0	0	0	0	0	0	0	0	0	0	0	0	0	0	0	1458	980	0	0	0	0	0	426	404	5626	0	0	0	0	0	0	0	0	0	0	0	0	0	0	0	0	0	0	0	0	0	0	0	0	0	0	0	0	0	0	0	0	0	592	3132	0	772	23534	0	5786	1650	19664	4726	42706	0	3030	90	23460	402	2522	0	372	144	1640	5990	5740	7786	1798	1656	246	
215116	Cerebelum_Crus2_L	0	0	0	0	0	0	0	0	0	0	0	0	0	0	0	0	0	0	0	0	0	0	0	0	0	0	0	0	0	0	0	0	0	0	0	0	0	0	0	0	0	0	0	0	0	0	346	0	0	0	0	0	98	0	1928	184	0	0	0	0	0	0	0	0	0	0	0	0	0	0	0	0	0	0	0	0	0	0	0	0	0	0	0	0	0	0	0	0	0	0	24736	772	0	6026	178	0	2882	398	5660	1014	23356	3902	20806	3612	264	88	166	0	0	0	922	248	7398	2350	132	92	
216420	Cerebelum_Crus2_R	0	0	0	0	0	0	0	0	0	0	0	0	0	0	0	0	0	0	0	0	0	0	0	0	0	0	0	0	0	0	0	0	0	0	0	0	0	0	0	0	0	0	0	0	0	0	0	0	0	0	0	0	0	0	0	272	0	0	0	0	0	0	0	0	0	0	0	0	0	0	0	0	0	0	0	0	0	0	0	0	0	0	0	0	0	0	0	0	0	92	2172	23534	6026	0	102	1888	334	2906	330	6134	3058	15544	2548	30608	0	1668	0	334	0	660	998	154	7192	1406	250	0	
19172	Cerebelum_3_L	0	0	0	0	0	0	0	0	0	0	0	0	0	0	0	0	0	0	0	0	0	0	0	0	0	0	0	0	0	0	0	0	0	0	0	0	126	0	298	0	0	0	0	0	0	0	170	104	0	0	0	0	0	0	0	0	0	0	0	0	0	0	0	0	0	0	0	0	0	0	0	0	0	0	0	0	0	0	0	0	0	0	0	0	0	0	0	0	0	0	404	0	178	102	0	0	4156	0	574	0	0	0	184	0	418	0	0	0	334	1356	976	76	130	0	0	0	
71240	Cerebelum_3_R	0	0	0	0	0	0	0	0	0	0	0	0	0	0	0	0	0	0	0	0	0	0	0	0	0	0	0	0	0	0	0	0	0	0	0	0	0	0	0	0	0	0	0	0	0	0	0	92	0	0	0	0	0	0	0	106	0	0	0	0	0	0	0	0	0	0	0	0	0	0	0	0	0	0	0	0	0	0	0	0	0	0	0	0	0	0	0	0	0	0	114	5786	0	1888	0	0	202	7240	150	7188	0	0	0	2766	108	1214	0	0	534	4870	2428	164	258	208	304	0	
257624	Cerebelum_4_5_L	0	0	0	0	0	0	0	0	0	0	0	0	0	0	0	0	0	0	0	0	0	0	0	0	0	0	0	0	0	0	0	0	0	0	0	0	0	0	0	0	0	0	0	0	0	0	7986	840	0	0	0	0	0	0	10518	1350	0	0	0	0	0	0	0	0	0	0	0	0	0	0	0	0	0	0	0	0	0	0	0	0	0	0	0	0	0	0	0	0	0	0	19832	1650	2882	334	4156	202	0	3286	34840	4452	798	126	1474	490	4198	1138	288	0	114	1070	17352	4950	1192	386	1308	1600	
221724	Cerebelum_4_5_R	0	0	0	0	0	0	0	0	0	0	0	0	0	0	0	0	0	0	0	0	0	0	0	0	0	0	0	0	0	0	0	0	0	0	0	182	0	586	0	860	0	0	0	0	0	0	180	3962	0	0	0	0	0	234	286	8374	0	0	0	0	0	0	0	0	0	0	0	334	0	0	0	0	0	0	0	0	0	0	0	0	0	0	0	0	0	0	0	0	0	0	1896	19664	398	2906	0	7240	3286	0	3508	29408	148	0	98	4152	1088	1590	0	326	0	2076	13248	3000	820	232	432	348	
339192	Cerebelum_6_L	0	0	0	0	0	0	0	0	0	0	0	0	0	0	0	0	0	0	0	0	0	0	0	0	0	0	0	0	0	0	0	0	0	0	0	0	0	0	0	0	0	0	74	0	0	0	10842	2320	106	0	148	0	286	422	20210	2364	0	0	0	0	0	0	0	0	0	0	0	0	0	0	0	0	0	0	0	0	0	0	0	0	0	0	0	0	0	0	0	0	98	0	37138	4726	5660	330	574	150	34840	3508	0	8442	1716	76	2408	318	2842	600	302	0	0	212	13788	8022	5208	236	756	874	
363820	Cerebelum_6_R	0	0	0	0	0	0	0	0	0	0	0	0	0	0	0	0	0	0	0	0	0	0	0	0	0	0	0	0	0	0	0	0	0	0	0	0	0	0	0	0	0	0	0	78	0	0	2782	3810	0	0	0	0	0	1238	674	12900	0	0	0	0	0	0	0	0	0	0	0	0	0	0	0	0	0	0	0	0	0	0	0	0	0	0	0	0	0	0	0	0	0	140	4630	42706	1014	6134	0	7188	4452	29408	8442	0	192	154	154	9218	766	3712	0	608	210	2240	13784	10866	8462	2596	2954	398	
150456	Cerebelum_7b_L	0	0	0	0	0	0	0	0	0	0	0	0	0	0	0	0	0	0	0	0	0	0	0	0	0	0	0	0	0	0	0	0	0	0	0	0	0	0	0	0	0	0	0	0	0	0	0	0	0	0	0	0	0	0	296	102	0	0	0	0	0	0	0	0	0	0	0	0	0	0	0	0	0	0	0	0	0	0	0	0	0	0	0	0	0	0	0	0	0	0	6986	0	23356	3058	0	0	798	148	1716	192	0	2346	23486	2974	894	116	216	0	0	0	446	0	4046	3864	114	74	
95084	Cerebelum_7b_R	0	0	0	0	0	0	0	0	0	0	0	0	0	0	0	0	0	0	0	0	0	0	0	0	0	0	0	0	0	0	0	0	0	0	0	0	0	0	0	0	0	0	0	0	0	0	0	0	0	0	0	0	0	0	0	0	0	0	0	0	0	0	0	0	0	0	0	0	0	0	0	0	0	0	0	0	0	0	0	0	0	0	0	0	0	0	0	0	0	0	1116	3030	3902	15544	0	0	126	0	76	154	2346	0	1876	13610	0	762	0	0	0	0	0	0	3356	1644	0	0	
185040	Cerebelum_8_L	0	0	0	0	0	0	0	0	0	0	0	0	0	0	0	0	0	0	0	0	0	0	0	0	0	0	0	0	0	0	0	0	0	0	0	0	0	0	0	0	0	0	0	0	0	0	0	72	0	0	0	0	0	0	570	0	0	0	0	0	0	0	0	0	0	0	0	0	0	0	0	0	0	0	0	0	0	0	0	0	0	0	0	0	0	0	0	0	0	0	10992	90	20806	2548	184	0	1474	98	2408	154	23486	1876	0	3594	8336	1400	456	0	0	80	642	174	4740	5924	1992	424	
246860	Cerebelum_8_R	0	0	0	0	0	0	0	0	0	0	0	0	0	0	0	0	0	0	0	0	0	0	0	0	0	0	0	0	0	0	0	0	0	0	0	0	0	0	0	0	0	0	0	0	0	0	0	0	0	0	0	0	0	0	74	658	0	0	0	0	0	0	0	0	0	0	0	0	0	0	0	0	0	0	0	0	0	0	0	0	0	0	0	0	0	0	0	0	0	152	1492	23460	3612	30608	0	2766	490	4152	318	9218	2974	13610	3594	0	208	9884	0	642	0	890	1826	622	5946	4432	1656	146	
71336	Cerebelum_9_L	0	0	0	0	0	0	0	0	0	0	0	0	0	0	0	0	0	0	0	0	0	0	0	0	0	0	0	0	0	0	0	0	0	0	0	0	0	0	0	0	0	0	0	0	0	0	0	530	0	0	0	0	0	0	122	224	0	0	0	0	0	0	0	0	0	0	0	0	0	0	0	0	0	0	0	0	0	0	0	0	0	0	0	0	0	0	0	0	0	0	952	402	264	0	418	108	4198	1088	2842	766	894	0	8336	208	0	1094	2170	0	0	236	2942	2816	930	1296	2210	622	
94248	Cerebelum_9_R	0	0	0	0	0	0	0	0	0	0	0	0	0	0	0	0	0	0	0	0	0	0	0	0	0	0	0	0	0	0	0	0	0	0	0	0	0	0	0	0	0	0	0	0	0	0	286	0	0	0	0	0	0	0	0	0	0	0	0	0	0	0	0	0	0	0	0	0	0	0	0	0	0	0	0	0	0	0	0	0	0	0	0	0	0	0	0	0	0	0	340	2522	88	1668	0	1214	1138	1590	600	3712	116	762	1400	9884	1094	0	0	1156	240	934	1978	2182	2406	3894	5748	2172	
7404	Cerebelum_10_L	0	0	0	0	0	0	0	0	0	0	0	0	0	0	0	0	0	0	0	0	0	0	0	0	0	0	0	0	0	0	0	0	0	0	0	0	0	0	0	0	0	0	0	0	0	0	0	0	0	0	0	0	0	0	0	0	0	0	0	0	0	0	0	0	0	0	0	0	0	0	0	0	0	0	0	0	0	0	0	0	0	0	0	0	0	0	0	0	0	0	104	0	166	0	0	0	288	0	302	0	216	0	456	0	2170	0	0	0	0	0	0	0	0	0	0	0	
8236	Cerebelum_10_R	0	0	0	0	0	0	0	0	0	0	0	0	0	0	0	0	0	0	0	0	0	0	0	0	0	0	0	0	0	0	0	0	0	0	0	0	0	0	0	0	0	0	0	0	0	0	0	0	0	0	0	0	0	0	0	0	0	0	0	0	0	0	0	0	0	0	0	0	0	0	0	0	0	0	0	0	0	0	0	0	0	0	0	0	0	0	0	0	0	0	0	372	0	334	0	0	0	326	0	608	0	0	0	642	0	1156	0	0	0	0	0	0	152	184	344	0	
9372	Vermis_1_2	0	0	0	0	0	0	0	0	0	0	0	0	0	0	0	0	0	0	0	0	0	0	0	0	0	0	0	0	0	0	0	0	0	0	0	0	0	0	0	0	0	0	0	0	0	0	0	0	0	0	0	0	0	0	0	0	0	0	0	0	0	0	0	0	0	0	0	0	0	0	0	0	0	0	0	0	0	0	0	0	0	0	0	0	0	0	0	0	0	0	0	144	0	0	334	534	114	0	0	210	0	0	0	0	0	240	0	0	0	2726	304	0	0	0	80	0	
45908	Vermis_3	0	0	0	0	0	0	0	0	0	0	0	0	0	0	0	0	0	0	0	0	0	0	0	0	0	0	0	0	0	0	0	0	0	0	0	0	182	0	222	0	0	0	0	0	0	0	0	0	0	0	0	0	0	0	0	0	0	0	0	0	0	0	0	0	0	0	0	0	0	0	0	0	0	0	0	0	0	112	0	0	0	0	0	0	0	0	0	0	0	0	160	1640	0	660	1356	4870	1070	2076	212	2240	0	0	80	890	236	934	0	0	2726	0	2850	0	144	122	172	0	
233284	Vermis_4_5	0	0	0	0	0	0	0	0	0	0	0	0	0	0	0	0	0	0	0	0	0	0	0	0	0	0	0	0	0	0	0	0	0	0	0	244	0	174	0	0	0	0	0	142	0	0	2340	4030	0	0	0	0	0	270	2670	5124	0	0	0	0	0	0	0	0	0	0	84	512	0	0	0	0	0	0	0	0	0	0	0	0	0	0	0	0	0	0	0	0	0	0	7282	5990	922	998	976	2428	17352	13248	13788	13784	446	0	642	1826	2942	1978	0	0	304	2850	0	7842	926	406	1904	2218	
142516	Vermis_6	0	0	0	0	0	0	0	0	0	0	0	0	0	0	0	0	0	0	0	0	0	0	0	0	0	0	0	0	0	0	0	0	0	0	0	0	0	0	0	0	0	0	0	0	0	0	3810	3756	0	0	0	0	0	886	434	3178	0	0	0	0	0	0	0	0	0	0	0	0	0	0	0	0	0	0	0	0	0	0	0	0	0	0	0	0	0	0	0	0	0	0	1794	5740	248	154	76	164	4950	3000	8022	10866	0	0	174	622	2816	2182	0	0	0	0	7842	0	4586	1084	2746	2128	
171148	Vermis_7	0	0	0	0	0	0	0	0	0	0	0	0	0	0	0	0	0	0	0	0	0	0	0	0	0	0	0	0	0	0	0	0	0	0	0	0	0	0	0	0	0	0	0	0	0	0	1916	814	0	0	0	0	0	408	428	1342	0	0	0	0	0	0	0	0	0	0	0	0	0	0	0	0	0	0	0	0	0	0	0	0	0	0	0	0	0	0	0	0	0	0	6174	7786	7398	7192	130	258	1192	820	5208	8462	4046	3356	4740	5946	930	2406	0	152	0	144	926	4586	0	5370	2724	720	
