data	data	597792	345316	1.14377e+06	910284	135760	89364	756508	605620	77900	22676	267724	199772	296020	201856	210332	77056	244340	85736	597344	538528	46688	51012	559008	427752	49720	97068	44352	87628	634404	358244	482924	629236	199236	510824	86308	199952	305284	278944	105636	153360	29880	38916	139468	164616	113248	183392	217984	260976	165604	263216	416392	218648	171360	75748	365908	384336	418144	169516	125276	76488	173120	130208	142536	107424	133936	158824	170504	259892	246060	153324	373404	484756	458788	403044	75920	21652	123164	158296	136748	17580	264536	76620	133740	56884	282312	165032	43124	34612	245536	142220	434512	410164	318104	296000	31792	48252	310576	229504	416732	385924	287780	189880	338752	285084	102600	95404	19332	3396	8560	38088	209772	176184	191636	128732	58016	31140	
data	data	Precentral_L	Precentral_R	Frontal_Sup_L	Frontal_Sup_R	Frontal_Sup_Orb_L	Frontal_Sup_Orb_R	Frontal_Mid_L	Frontal_Mid_R	Frontal_Mid_Orb_L	Frontal_Mid_Orb_R	Frontal_Inf_Oper_L	Frontal_Inf_Oper_R	Frontal_Inf_Tri_L	Frontal_Inf_Tri_R	Frontal_Inf_Orb_L	Frontal_Inf_Orb_R	Rolandic_Oper_L	Rolandic_Oper_R	Supp_Motor_Area_L	Supp_Motor_Area_R	Olfactory_L	Olfactory_R	Frontal_Sup_Medial_L	Frontal_Sup_Medial_R	Frontal_Med_Orb_L	Frontal_Med_Orb_R	Rectus_L	Rectus_R	Insula_L	Insula_R	Cingulum_Ant_L	Cingulum_Ant_R	Cingulum_Mid_L	Cingulum_Mid_R	Cingulum_Post_L	Cingulum_Post_R	Hippocampus_L	Hippocampus_R	ParaHippocampal_L	ParaHippocampal_R	Amygdala_L	Amygdala_R	Calcarine_L	Calcarine_R	Cuneus_L	Cuneus_R	Lingual_L	Lingual_R	Occipital_Sup_L	Occipital_Sup_R	Occipital_Mid_L	Occipital_Mid_R	Occipital_Inf_L	Occipital_Inf_R	Fusiform_L	Fusiform_R	Postcentral_L	Postcentral_R	Parietal_Sup_L	Parietal_Sup_R	Parietal_Inf_L	Parietal_Inf_R	SupraMarginal_L	SupraMarginal_R	Angular_L	Angular_R	Precuneus_L	Precuneus_R	Paracentral_Lobule_L	Paracentral_Lobule_R	Caudate_L	Caudate_R	Putamen_L	Putamen_R	Pallidum_L	Pallidum_R	Thalamus_L	Thalamus_R	Heschl_L	Heschl_R	Temporal_Sup_L	Temporal_Sup_R	Temporal_Pole_Sup_L	Temporal_Pole_Sup_R	Temporal_Mid_L	Temporal_Mid_R	Temporal_Pole_Mid_L	Temporal_Pole_Mid_R	Temporal_Inf_L	Temporal_Inf_R	Cerebelum_Crus1_L	Cerebelum_Crus1_R	Cerebelum_Crus2_L	Cerebelum_Crus2_R	Cerebelum_3_L	Cerebelum_3_R	Cerebelum_4_5_L	Cerebelum_4_5_R	Cerebelum_6_L	Cerebelum_6_R	Cerebelum_7b_L	Cerebelum_7b_R	Cerebelum_8_L	Cerebelum_8_R	Cerebelum_9_L	Cerebelum_9_R	Cerebelum_10_L	Cerebelum_10_R	Vermis_1_2	Vermis_3	Vermis_4_5	Vermis_6	Vermis_7	Vermis_8	Vermis_9	Vermis_10	
597792	Precentral_L	0	2702	33514	3942	0	0	30774	2518	0	0	18744	0	5998	0	0	0	12028	0	6674	5538	0	0	1042	0	0	0	0	0	16744	0	906	138	190	3034	0	266	16420	248	1158	0	0	0	92	0	0	0	0	0	0	0	2540	0	1578	0	1026	0	35164	126	498	0	6710	0	3770	0	1420	0	126	0	22920	1548	6236	0	13816	0	5274	0	10978	1162	10540	0	5526	0	1206	0	2244	0	0	0	1818	0	0	0	0	0	0	0	0	0	0	0	0	0	0	0	0	0	0	0	0	0	0	0	0	0	0	0	
345316	Precentral_R	2702	0	2320	10576	0	0	0	9714	0	0	0	7626	0	608	0	0	0	2346	9096	15156	0	0	140	1296	0	100	0	116	186	4034	318	1880	804	11860	344	1806	474	11490	196	1792	0	0	0	442	0	466	0	222	106	1022	128	570	0	448	0	1382	502	15574	0	124	0	200	0	1208	0	162	0	1700	4676	10564	1196	10252	1640	4028	1708	258	310	14268	0	198	0	680	0	0	98	674	0	0	0	872	0	0	0	0	0	0	0	0	0	0	0	0	0	0	0	0	0	0	0	0	0	0	0	0	0	0	
1.14377e+06	Frontal_Sup_L	33514	2320	0	21814	7070	0	91428	6366	3730	0	12232	0	19116	0	13440	0	11580	0	64956	19674	0	0	65006	3510	1932	0	232	0	36596	126	34764	8380	8198	5722	568	0	5576	298	250	0	0	0	0	0	0	0	0	0	0	0	166	0	162	0	264	0	8804	126	0	0	780	0	772	0	0	0	0	0	854	274	21912	1168	34560	424	7946	0	3490	356	2390	0	4208	0	4410	0	160	0	0	0	260	0	0	0	0	0	0	0	0	0	0	0	0	0	0	0	0	0	0	0	0	0	0	0	0	0	0	0	
910284	Frontal_Sup_R	3942	10576	21814	0	0	5112	12528	79672	0	1142	384	10730	190	15804	102	5602	270	1090	21018	37632	0	0	12428	41822	116	2400	0	2472	1080	20474	8572	45850	1618	19672	0	106	792	2172	98	632	0	0	0	0	0	0	0	0	0	0	0	0	0	0	0	260	388	532	0	0	0	0	0	0	0	0	0	0	0	0	18850	25116	1960	15770	316	132	710	2892	0	0	0	0	0	304	0	0	0	0	0	0	0	0	0	0	0	0	0	0	0	0	0	0	0	0	0	0	0	0	0	0	0	0	0	0	0	0	
135760	Frontal_Sup_Orb_L	0	0	7070	0	0	0	1646	0	11450	0	0	0	484	0	10578	0	0	0	0	0	1676	0	4776	0	5082	0	6502	0	5044	0	4160	126	0	0	0	0	0	0	0	0	312	0	0	0	0	0	0	0	0	0	0	0	0	0	0	0	0	0	0	0	0	0	0	0	0	0	0	0	0	0	1170	0	7584	0	0	0	0	0	0	0	0	0	220	0	0	0	0	0	0	0	0	0	0	0	0	0	0	0	0	0	0	0	0	0	0	0	0	0	0	0	0	0	0	0	0	0	
89364	Frontal_Sup_Orb_R	0	0	0	5112	0	0	0	4570	0	4480	0	204	0	260	0	2764	0	0	0	0	0	372	112	3752	104	6492	170	7090	0	878	1118	3156	0	0	0	0	0	0	0	0	0	0	0	0	0	0	0	0	0	0	0	0	0	0	0	0	0	0	0	0	0	0	0	0	0	0	0	0	0	0	0	2430	0	1618	0	0	0	0	0	0	0	0	0	0	0	0	0	0	0	0	0	0	0	0	0	0	0	0	0	0	0	0	0	0	0	0	0	0	0	0	0	0	0	0	0	0	
756508	Frontal_Mid_L	30774	0	91428	12528	1646	0	0	8004	2414	0	18740	300	47466	274	14682	0	7292	0	9452	2528	0	0	33062	722	476	0	0	0	30612	282	17600	3972	5438	1676	0	0	1962	0	112	0	0	0	0	0	0	0	0	0	0	0	0	0	0	0	0	0	1700	0	0	0	380	0	210	0	0	0	0	0	0	0	16414	338	9530	122	784	0	258	0	652	0	1938	0	2394	0	0	0	0	0	92	0	0	0	0	0	0	0	0	0	0	0	0	0	0	0	0	0	0	0	0	0	0	0	0	0	0	0	
605620	Frontal_Mid_R	2518	9714	6366	79672	0	4570	8004	0	0	2310	168	19328	0	27256	0	8874	124	1622	3026	3954	0	0	1382	15654	0	744	0	2340	284	26278	792	16874	116	3164	0	0	374	1894	0	942	0	0	0	0	0	0	0	0	0	0	0	0	0	0	0	526	356	1042	0	0	0	0	0	0	0	0	0	0	0	0	11144	21826	1074	15526	648	616	126	1232	0	0	0	0	0	350	0	0	0	0	0	0	0	0	0	0	0	0	0	0	0	0	0	0	0	0	0	0	0	0	0	0	0	0	0	0	0	0	
77900	Frontal_Mid_Orb_L	0	0	3730	0	11450	0	2414	0	0	0	0	0	1574	0	12194	0	0	0	0	0	112	0	454	0	392	0	1910	0	1644	0	364	0	100	0	0	0	0	0	0	0	0	0	0	0	0	0	0	0	0	0	0	0	0	0	0	0	0	0	0	0	0	0	0	0	0	0	0	0	0	0	424	0	2188	0	0	0	0	0	0	0	0	0	0	0	0	0	0	0	0	0	0	0	0	0	0	0	0	0	0	0	0	0	0	0	0	0	0	0	0	0	0	0	0	0	0	0	
22676	Frontal_Mid_Orb_R	0	0	0	1142	0	4480	0	2310	0	0	0	0	0	126	0	2732	0	0	0	0	0	0	0	0	0	0	0	298	0	0	0	0	0	0	0	0	0	0	0	0	0	0	0	0	0	0	0	0	0	0	0	0	0	0	0	0	0	0	0	0	0	0	0	0	0	0	0	0	0	0	0	98	0	152	0	0	0	0	0	0	0	0	0	0	0	0	0	0	0	0	0	0	0	0	0	0	0	0	0	0	0	0	0	0	0	0	0	0	0	0	0	0	0	0	0	0	
267724	Frontal_Inf_Oper_L	18744	0	12232	384	0	0	18740	168	0	0	0	0	14922	0	888	0	13390	0	4000	0	0	0	1070	0	0	0	0	0	21234	0	546	100	94	0	0	0	816	0	0	0	0	0	0	0	0	0	0	0	0	0	0	0	0	0	268	0	6016	0	0	0	532	0	1464	0	652	0	0	0	0	0	724	0	3696	0	0	0	246	0	1274	0	5070	0	6592	0	0	0	0	0	0	0	0	0	0	0	0	0	0	0	0	0	0	0	0	0	0	0	0	0	0	0	0	0	0	0	0	0	
199772	Frontal_Inf_Oper_R	0	7626	0	10730	0	204	300	19328	0	0	0	0	0	16928	0	364	0	3784	132	796	0	0	118	1610	0	0	0	100	0	19778	0	1994	0	266	0	0	0	960	0	470	0	0	0	0	0	0	0	0	0	0	0	0	0	0	0	206	0	2852	0	0	0	0	0	0	0	0	0	0	0	0	444	4188	0	4958	0	578	0	432	0	0	0	0	0	740	0	0	0	0	0	0	0	0	0	0	0	0	0	0	0	0	0	0	0	0	0	0	0	0	0	0	0	0	0	0	0	0	
296020	Frontal_Inf_Tri_L	5998	0	19116	190	484	0	47466	0	1574	0	14922	0	0	0	19060	0	592	0	954	0	0	0	6470	0	104	0	0	0	22206	0	3112	932	1410	432	0	0	0	0	0	0	0	0	0	0	0	0	0	0	0	0	0	0	0	0	0	0	526	0	0	0	0	0	0	0	0	0	0	0	0	0	94	0	1276	0	0	0	0	0	0	0	178	0	914	0	0	0	0	0	0	0	0	0	0	0	0	0	0	0	0	0	0	0	0	0	0	0	0	0	0	0	0	0	0	0	0	0	
201856	Frontal_Inf_Tri_R	0	608	0	15804	0	260	274	27256	0	126	0	16928	0	0	0	4972	0	268	92	912	0	0	106	1664	0	0	0	110	0	20062	0	2400	0	270	0	0	0	298	0	116	0	0	0	0	0	0	0	0	0	0	0	0	0	0	0	0	0	0	0	0	0	0	0	0	0	0	0	0	0	0	410	4458	0	3394	0	0	0	140	0	0	0	0	0	0	0	0	0	0	0	0	0	0	0	0	0	0	0	0	0	0	0	0	0	0	0	0	0	0	0	0	0	0	0	0	0	0	
210332	Frontal_Inf_Orb_L	0	0	13440	102	10578	0	14682	0	12194	0	888	0	19060	0	0	0	0	0	148	0	1878	0	4106	0	0	0	1226	0	14054	0	1958	636	864	324	0	0	0	0	96	0	328	0	0	0	0	0	0	0	0	0	0	0	0	0	0	0	0	0	0	0	0	0	0	0	0	0	0	0	0	0	222	0	6370	0	0	0	0	0	0	0	0	0	2012	0	0	0	0	0	0	0	0	0	0	0	0	0	0	0	0	0	0	0	0	0	0	0	0	0	0	0	0	0	0	0	0	0	
77056	Frontal_Inf_Orb_R	0	0	0	5602	0	2764	0	8874	0	2732	0	364	0	4972	0	0	0	0	0	0	0	730	0	282	0	164	0	1276	0	5966	128	638	0	0	0	0	0	154	0	0	0	0	0	0	0	0	0	0	0	0	0	0	0	0	0	0	0	0	0	0	0	0	0	0	0	0	0	0	0	0	0	1486	0	2396	0	0	0	0	0	0	0	0	0	0	0	0	0	0	0	0	0	0	0	0	0	0	0	0	0	0	0	0	0	0	0	0	0	0	0	0	0	0	0	0	0	0	
244340	Rolandic_Oper_L	12028	0	11580	270	0	0	7292	124	0	0	13390	0	592	0	0	0	0	0	5412	0	0	0	376	0	0	0	0	0	19896	0	190	0	0	0	0	0	1096	0	0	0	0	0	0	0	0	0	0	0	0	0	656	0	1046	0	1336	0	12346	0	0	0	208	0	2710	0	208	0	0	0	282	0	726	0	1954	0	0	0	98	0	8786	0	12982	0	5840	0	456	0	0	0	290	0	0	0	0	0	0	0	0	0	0	0	0	0	0	0	0	0	0	0	0	0	0	0	0	0	0	0	
85736	Rolandic_Oper_R	0	2346	0	1090	0	0	0	1622	0	0	0	3784	0	268	0	0	0	0	0	0	0	0	0	0	0	0	0	0	0	10194	0	0	0	0	0	0	126	4714	0	1772	0	0	0	0	0	0	0	0	0	0	0	0	0	0	0	710	0	3394	0	0	0	0	0	2298	0	0	0	0	0	0	0	206	0	6464	0	328	0	1552	0	598	0	720	0	682	0	0	0	0	0	0	0	0	0	0	0	0	0	0	0	0	0	0	0	0	0	0	0	0	0	0	0	0	0	0	0	0	
597344	Supp_Motor_Area_L	6674	9096	64956	21018	0	0	9452	3026	0	0	4000	132	954	92	148	0	5412	0	0	44452	0	0	9090	3768	0	0	0	126	7404	360	11018	7492	14284	24046	1020	572	710	580	0	118	0	0	0	0	0	0	0	0	0	0	0	0	0	0	114	0	5138	528	0	0	148	0	186	0	0	0	0	0	4634	1856	11912	1762	12916	1344	1650	0	1436	354	1024	0	1458	0	2212	0	0	0	0	0	0	0	0	0	0	0	0	0	0	0	0	0	0	0	0	0	0	0	0	0	0	0	0	0	0	0	0	0	
538528	Supp_Motor_Area_R	5538	15156	19674	37632	0	0	2528	3954	0	0	0	796	0	912	0	0	0	0	44452	0	0	0	2788	9236	0	0	0	200	164	1498	2570	15810	7008	49470	598	1450	292	324	0	0	0	0	0	0	0	0	0	0	116	112	134	568	0	390	0	840	482	630	0	0	0	0	0	0	0	0	0	198	9408	16440	5016	5142	660	2582	272	0	884	2160	0	114	0	162	0	0	106	248	0	0	0	550	0	0	0	0	0	0	0	0	0	0	0	0	0	0	0	0	0	0	0	0	0	0	0	0	0	0	
46688	Olfactory_L	0	0	0	0	1676	0	0	0	112	0	0	0	0	0	1878	0	0	0	0	0	0	3242	0	0	342	0	830	0	1934	0	2534	812	0	0	0	0	0	0	166	0	538	0	0	0	0	0	0	0	0	0	0	0	0	0	0	0	0	0	0	0	0	0	0	0	0	0	0	0	0	0	4288	2486	2018	336	0	0	0	0	0	0	0	0	152	0	0	0	0	0	0	0	0	0	0	0	0	0	0	0	0	0	0	0	0	0	0	0	0	0	0	0	0	0	0	0	0	0	
51012	Olfactory_R	0	0	0	0	0	372	0	0	0	0	0	0	0	0	0	730	0	0	0	0	3242	0	0	0	0	1070	0	1212	0	1484	2394	2632	0	0	0	0	0	0	0	0	0	150	0	0	0	0	0	0	0	0	0	0	0	0	0	0	0	0	0	0	0	0	0	0	0	0	0	0	0	0	4146	5298	1292	1366	0	118	0	0	0	0	0	0	0	0	0	0	0	0	0	0	0	0	0	0	0	0	0	0	0	0	0	0	0	0	0	0	0	0	0	0	0	0	0	0	0	0	
559008	Frontal_Sup_Medial_L	1042	140	65006	12428	4776	112	33062	1382	454	0	1070	118	6470	106	4106	0	376	0	9090	2788	0	0	0	21220	2528	608	480	0	8526	158	39118	21700	12414	17270	0	0	0	0	0	0	0	0	0	0	0	0	0	0	0	0	0	0	0	0	0	0	0	0	0	0	0	0	0	0	0	0	0	0	0	0	3554	1268	6442	1410	0	0	146	0	0	0	0	0	136	0	0	0	0	0	0	0	0	0	0	0	0	0	0	0	0	0	0	0	0	0	0	0	0	0	0	0	0	0	0	0	0	0	
427752	Frontal_Sup_Medial_R	0	1296	3510	41822	0	3752	722	15654	0	0	0	1610	0	1664	0	282	0	0	3768	9236	0	0	21220	0	886	7386	0	2860	0	3256	8976	37234	2142	19346	0	0	0	1358	0	592	0	0	0	0	0	0	0	0	0	0	0	0	0	0	0	126	0	288	0	0	0	0	0	0	0	0	0	0	0	0	160	14820	0	9450	0	0	0	460	0	0	0	0	0	0	0	0	0	0	0	0	0	0	0	0	0	0	0	0	0	0	0	0	0	0	0	0	0	0	0	0	0	0	0	0	0	0	
49720	Frontal_Med_Orb_L	0	0	1932	116	5082	104	476	0	392	0	0	0	104	0	0	0	0	0	0	0	342	0	2528	886	0	1346	2898	0	372	0	5340	248	0	0	0	0	0	0	0	0	0	0	0	0	0	0	0	0	0	0	0	0	0	0	0	0	0	0	0	0	0	0	0	0	0	0	0	0	0	0	1206	0	1488	0	0	0	0	0	0	0	0	0	0	0	0	0	0	0	0	0	0	0	0	0	0	0	0	0	0	0	0	0	0	0	0	0	0	0	0	0	0	0	0	0	0	0	
97068	Frontal_Med_Orb_R	0	100	0	2400	0	6492	0	744	0	0	0	0	0	0	0	164	0	0	0	0	0	1070	608	7386	1346	0	172	7724	0	374	3202	8122	0	0	0	0	0	0	0	0	0	0	0	0	0	0	0	0	0	0	0	0	0	0	0	0	0	0	0	0	0	0	0	0	0	0	0	0	0	0	0	5128	0	3502	0	0	0	0	0	0	0	0	0	0	0	0	0	0	0	0	0	0	0	0	0	0	0	0	0	0	0	0	0	0	0	0	0	0	0	0	0	0	0	0	0	0	
44352	Rectus_L	0	0	232	0	6502	170	0	0	1910	0	0	0	0	0	1226	0	0	0	0	0	830	0	480	0	2898	172	0	234	586	0	2488	0	0	0	0	0	0	0	0	0	0	0	0	0	0	0	0	0	0	0	0	0	0	0	0	0	0	0	0	0	0	0	0	0	0	0	0	0	0	0	1810	0	2638	0	0	0	0	0	0	0	0	0	0	0	0	0	0	0	0	0	0	0	0	0	0	0	0	0	0	0	0	0	0	0	0	0	0	0	0	0	0	0	0	0	0	0	
87628	Rectus_R	0	116	0	2472	0	7090	0	2340	0	298	0	100	0	110	0	1276	0	0	126	200	0	1212	0	2860	0	7724	234	0	0	1178	502	6334	0	0	0	0	0	154	0	0	0	0	0	0	0	0	0	0	0	0	0	0	0	0	0	0	0	0	0	0	0	0	0	0	0	0	0	0	0	0	0	5862	0	3626	0	0	0	0	0	0	0	0	0	0	0	0	0	0	0	0	0	0	0	0	0	0	0	0	0	0	0	0	0	0	0	0	0	0	0	0	0	0	0	0	0	0	
634404	Insula_L	16744	186	36596	1080	5044	0	30612	284	1644	0	21234	0	22206	0	14054	0	19896	0	7404	164	1934	0	8526	0	372	0	586	0	0	0	7910	740	1406	188	0	0	13714	118	962	0	2814	0	0	0	0	0	0	0	0	0	1152	0	1920	0	7052	0	9294	0	0	0	732	0	3056	0	800	0	0	0	436	0	3228	112	23028	0	0	0	1760	282	12664	0	16202	0	10548	0	2406	0	116	0	4354	0	610	0	0	0	0	0	266	0	766	0	0	0	0	0	0	0	0	0	0	0	0	0	0	0	0	0	
358244	Insula_R	0	4034	126	20474	0	878	282	26278	0	0	0	19778	0	20062	0	5966	0	10194	360	1498	0	1484	158	3256	0	374	0	1178	0	0	280	5294	0	474	0	0	0	6702	0	2608	0	530	0	98	0	0	0	0	0	0	0	0	0	384	0	3038	0	734	0	0	0	0	0	312	0	0	0	0	0	104	510	9776	164	25590	0	796	0	686	0	752	0	1012	0	1042	0	258	0	0	0	1598	0	0	0	0	0	0	0	0	0	0	0	0	0	0	0	0	0	0	0	0	0	0	0	0	0	0	
482924	Cingulum_Ant_L	906	318	34764	8572	4160	1118	17600	792	364	0	546	0	3112	0	1958	128	190	0	11018	2570	2534	2394	39118	8976	5340	3202	2488	502	7910	280	0	26530	12682	7022	370	0	0	0	0	0	0	0	0	0	0	0	0	0	0	0	0	0	0	0	0	0	0	0	0	0	0	0	0	0	0	0	0	0	0	0	10854	5424	14742	2678	0	0	186	0	0	0	0	0	114	0	0	0	0	0	0	0	0	0	0	0	0	0	0	0	0	0	0	0	0	0	0	0	0	0	0	0	0	0	0	0	0	0	
629236	Cingulum_Ant_R	138	1880	8380	45850	126	3156	3972	16874	0	0	100	1994	932	2400	636	638	0	0	7492	15810	812	2632	21700	37234	248	8122	0	6334	740	5294	26530	0	4062	24436	0	534	0	1950	0	822	0	0	0	0	0	0	0	0	0	0	0	0	0	0	0	180	0	290	0	0	0	0	0	0	0	0	0	0	0	0	3162	34368	2274	21814	0	0	0	702	0	0	0	0	0	0	0	0	0	0	0	0	0	0	0	0	0	0	0	0	0	0	0	0	0	0	0	0	0	0	0	0	0	0	0	0	0	0	
199236	Cingulum_Mid_L	190	804	8198	1618	0	0	5438	116	100	0	94	0	1410	0	864	0	0	0	14284	7008	0	0	12414	2142	0	0	0	0	1406	0	12682	4062	0	11786	3480	360	0	0	0	0	0	0	0	0	0	176	0	0	626	168	678	158	0	0	0	0	0	0	0	0	0	0	0	0	158	0	4774	286	2682	170	246	144	292	150	0	0	0	0	0	0	0	0	0	0	454	0	0	0	0	0	0	0	0	0	0	0	0	0	0	0	0	0	0	0	0	0	0	0	0	0	0	0	0	0	0	0	
510824	Cingulum_Mid_R	3034	11860	5722	19672	0	0	1676	3164	0	0	0	266	432	270	324	0	0	0	24046	49470	0	0	17270	19346	0	0	0	0	188	474	7022	24436	11786	0	2080	7812	0	228	0	0	0	0	0	398	0	988	0	270	116	1090	134	806	0	320	0	764	556	448	0	0	0	0	0	0	0	170	130	3654	10094	16522	268	2538	360	2980	144	0	506	0	0	118	0	222	0	0	98	620	0	0	0	520	0	0	0	0	0	0	0	0	0	0	0	0	0	0	0	0	0	0	0	0	0	0	0	0	0	0	
86308	Cingulum_Post_L	0	344	568	0	0	0	0	0	0	0	0	0	0	0	0	0	0	0	1020	598	0	0	0	0	0	0	0	0	0	0	370	0	3480	2080	0	8502	3324	2364	2382	720	0	0	1544	0	598	0	1278	480	0	0	336	0	632	0	1032	0	2042	0	0	0	0	0	0	0	0	0	3790	1860	2288	388	0	0	0	0	0	0	0	336	0	0	0	0	0	0	530	0	0	0	0	0	0	0	0	0	0	0	0	0	0	0	0	0	0	0	0	0	0	0	0	0	268	0	0	0	0	0	
199952	Cingulum_Post_R	266	1806	0	106	0	0	0	0	0	0	0	0	0	0	0	0	0	0	572	1450	0	0	0	0	0	0	0	0	0	0	0	534	360	7812	8502	0	3172	2958	1922	982	0	0	0	1680	0	2832	482	4126	0	5512	0	2632	0	562	780	1198	942	6390	0	708	0	2840	0	436	0	1168	616	22080	764	4774	0	120	0	128	0	0	204	622	0	210	0	1394	0	0	0	3922	0	0	0	2048	0	0	0	0	0	0	0	0	0	0	0	0	0	0	0	0	0	0	0	0	364	0	0	0	0	0	
305284	Hippocampus_L	16420	474	5576	792	0	0	1962	374	0	0	816	0	0	0	0	0	1096	126	710	292	0	0	0	0	0	0	0	0	13714	0	0	0	0	0	3324	3172	0	4174	13004	1224	5322	0	440	0	0	0	2610	96	0	0	172	0	208	0	13002	128	2152	0	0	0	110	0	170	0	0	0	1004	696	6182	0	2702	462	15530	632	3094	0	6040	3206	6510	0	3468	0	1372	0	1568	0	506	0	5706	0	748	0	0	0	0	0	572	0	984	0	0	0	0	0	0	0	0	0	0	0	0	0	0	0	0	0	
278944	Hippocampus_R	248	11490	298	2172	0	0	0	1894	0	0	0	960	0	298	0	154	0	4714	580	324	0	0	0	1358	0	0	0	154	118	6702	0	1950	0	228	2364	2958	4174	0	2734	20676	0	5962	0	102	0	0	474	1062	0	0	0	0	0	670	892	18574	0	1210	0	0	0	0	0	172	0	0	0	1854	194	200	0	5928	306	16590	138	1214	692	9604	0	300	0	828	0	150	0	1148	0	0	0	3876	0	0	0	0	0	0	0	434	0	0	0	0	0	0	0	0	0	0	0	0	350	0	0	0	0	0	
105636	ParaHippocampal_L	1158	196	250	98	0	0	112	0	0	0	0	0	0	0	96	0	0	0	0	0	166	0	0	0	0	0	0	0	962	0	0	0	0	0	2382	1922	13004	2734	0	786	872	0	376	0	0	0	3454	0	0	0	0	0	924	0	7032	0	0	0	0	0	0	0	0	0	0	0	816	390	542	0	278	266	1796	462	0	0	1108	1562	494	0	248	0	1022	0	106	0	808	0	744	0	842	0	178	0	674	0	2386	0	970	0	254	0	146	0	0	0	0	0	0	202	0	0	0	0	0	0	
153360	ParaHippocampal_R	0	1792	0	632	0	0	0	942	0	0	0	470	0	116	0	0	0	1772	118	0	0	0	0	592	0	0	0	0	0	2608	0	822	0	0	720	982	1224	20676	786	0	0	4732	0	98	0	0	130	2414	0	0	0	0	0	420	192	14790	0	348	0	0	0	0	0	0	0	0	0	1864	0	0	0	1880	108	6370	0	276	256	3130	0	0	0	122	0	2476	0	168	0	1394	0	644	0	0	0	0	0	0	0	432	0	0	0	0	0	0	0	0	0	0	0	0	184	0	0	0	0	0	
29880	Amygdala_L	0	0	0	0	312	0	0	0	0	0	0	0	0	0	328	0	0	0	0	0	538	0	0	0	0	0	0	0	2814	0	0	0	0	0	0	0	5322	0	872	0	0	0	0	0	0	0	0	0	0	0	0	0	0	0	2016	0	0	0	0	0	0	0	0	0	0	0	0	0	0	0	0	0	870	0	0	0	0	0	0	0	436	0	828	0	0	0	368	0	236	0	0	0	0	0	0	0	0	0	0	0	0	0	0	0	0	0	0	0	0	0	0	0	0	0	0	0	
38916	Amygdala_R	0	0	0	0	0	0	0	0	0	0	0	0	0	0	0	0	0	0	0	0	0	150	0	0	0	0	0	0	0	530	0	0	0	0	0	0	0	5962	0	4732	0	0	0	0	0	0	0	0	0	0	0	0	0	0	0	5196	0	0	0	0	0	0	0	0	0	0	0	0	0	0	0	0	0	434	0	0	0	0	0	0	0	0	0	1796	0	156	0	288	0	214	0	0	0	0	0	0	0	0	0	0	0	0	0	0	0	0	0	0	0	0	0	0	0	0	0	0	
139468	Calcarine_L	92	0	0	0	0	0	0	0	0	0	0	0	0	0	0	0	0	0	0	0	0	0	0	0	0	0	0	0	0	0	0	0	0	0	1544	0	440	0	376	0	0	0	0	3390	9952	2842	6896	1942	10452	582	12960	0	3162	0	298	0	3154	0	462	0	142	0	0	0	178	0	8224	0	1288	0	0	0	0	0	0	0	0	0	0	0	0	0	0	0	936	0	0	0	314	0	0	0	0	0	0	0	108	0	0	0	0	0	0	0	0	0	0	0	0	0	0	0	0	0	0	0	
164616	Calcarine_R	0	442	0	0	0	0	0	0	0	0	0	0	0	0	0	0	0	0	0	0	0	0	0	0	0	0	0	0	0	98	0	0	0	398	0	1680	0	102	0	98	0	0	3390	0	566	14910	922	10926	0	15592	0	7290	0	4218	0	6242	0	0	0	832	0	0	0	0	0	866	120	10998	0	94	0	0	0	0	0	0	0	0	0	0	0	0	0	0	0	1050	0	0	0	1474	0	0	0	0	0	0	0	0	0	0	0	0	0	0	0	0	0	0	0	0	0	0	0	0	0	0	
113248	Cuneus_L	0	0	0	0	0	0	0	0	0	0	0	0	0	0	0	0	0	0	0	0	0	0	0	0	0	0	0	0	0	0	0	0	0	0	598	0	0	0	0	0	0	0	9952	566	0	1250	1050	0	14718	112	9060	0	1372	0	0	0	3044	0	3370	0	142	0	0	0	120	0	9072	0	1248	0	0	0	0	0	0	0	0	0	0	0	0	0	0	0	598	0	0	0	352	0	0	0	0	0	0	0	0	0	0	0	0	0	0	0	0	0	0	0	0	0	0	0	0	0	0	0	
183392	Cuneus_R	0	466	0	0	0	0	0	0	0	0	0	0	0	0	0	0	0	0	0	0	0	0	0	0	0	0	0	0	0	0	0	0	176	988	0	2832	0	0	0	0	0	0	2842	14910	1250	0	352	4504	0	27670	0	11632	0	480	0	1470	0	128	0	576	0	182	0	152	0	1648	684	14370	0	218	0	0	0	0	0	0	0	0	0	0	0	366	0	0	0	3386	0	0	0	414	0	0	0	0	0	0	0	0	0	0	0	0	0	0	0	0	0	0	0	0	0	0	0	0	0	0	
217984	Lingual_L	0	0	0	0	0	0	0	0	0	0	0	0	0	0	0	0	0	0	0	0	0	0	0	0	0	0	0	0	0	0	0	0	0	0	1278	482	2610	474	3454	130	0	0	6896	922	1050	352	0	1952	4954	226	18416	0	9026	0	12084	654	122	0	146	0	0	0	0	0	0	0	3530	98	0	0	0	0	0	0	0	0	92	0	0	0	0	0	0	0	94	0	0	0	0	0	7310	512	1244	0	492	0	10350	1600	13166	1244	0	0	0	0	0	0	0	0	0	0	3000	924	108	0	0	0	
260976	Lingual_R	0	222	0	0	0	0	0	0	0	0	0	0	0	0	0	0	0	0	0	0	0	0	0	0	0	0	0	0	0	0	0	0	0	270	480	4126	96	1062	0	2414	0	0	1942	10926	0	4504	1952	0	0	4350	0	2048	0	2272	1278	20436	0	914	0	0	0	396	0	0	0	0	186	8470	0	364	0	0	0	0	0	0	0	0	0	0	0	180	0	0	0	498	0	0	0	446	1454	8134	108	278	0	204	3670	9438	4150	14806	0	0	0	0	0	0	0	0	0	0	7462	8722	2230	0	0	0	
165604	Occipital_Sup_L	0	106	0	0	0	0	0	0	0	0	0	0	0	0	0	0	0	0	0	116	0	0	0	0	0	0	0	0	0	0	0	0	626	116	0	0	0	0	0	0	0	0	10452	0	14718	0	4954	0	0	0	27904	0	744	0	0	0	914	0	5222	0	0	0	0	0	2052	0	9392	0	824	116	0	0	0	0	0	0	0	0	0	0	0	0	0	0	4388	0	0	0	158	0	0	0	0	0	0	0	0	0	0	0	0	0	0	0	0	0	0	0	0	0	0	0	0	0	0	0	
263216	Occipital_Sup_R	0	1022	0	0	0	0	0	0	0	0	0	0	0	0	0	0	0	0	0	112	0	0	0	0	0	0	0	0	0	0	0	0	168	1090	0	5512	0	0	0	0	0	0	582	15592	112	27670	226	4350	0	0	0	24596	0	1602	0	2680	0	1488	0	2758	0	2806	0	2824	0	9142	522	15648	0	1124	0	0	0	0	0	0	0	0	0	0	0	926	0	0	0	7316	0	0	0	1740	0	0	0	0	0	0	0	0	0	0	0	0	0	0	0	0	0	0	0	0	0	0	0	0	0	0	
416392	Occipital_Mid_L	2540	128	166	0	0	0	0	0	0	0	0	0	0	0	0	0	656	0	0	134	0	0	0	0	0	0	0	0	1152	0	0	0	678	134	336	0	172	0	0	0	0	0	12960	0	9060	0	18416	0	27904	0	0	0	25020	0	5558	0	11764	0	12168	0	11512	0	2628	0	18150	0	12402	0	4640	136	0	0	0	0	0	0	0	0	1080	0	1438	0	0	0	20472	0	0	0	6520	0	104	0	0	0	0	0	0	0	168	0	0	0	0	0	0	0	0	0	0	0	0	0	0	0	0	0	
218648	Occipital_Mid_R	0	570	0	0	0	0	0	0	0	0	0	0	0	0	0	0	0	0	0	568	0	0	0	0	0	0	0	0	0	0	0	0	158	806	0	2632	0	0	0	0	0	0	0	7290	0	11632	0	2048	0	24596	0	0	0	3570	0	2706	0	712	0	1978	0	6980	0	4328	0	15042	190	8188	0	1160	0	0	0	0	0	0	0	0	0	0	0	930	0	0	0	11756	0	0	0	1484	0	0	0	0	0	0	0	0	0	0	0	0	0	0	0	0	0	0	0	0	0	0	0	0	0	0	
171360	Occipital_Inf_L	1578	0	162	0	0	0	0	0	0	0	0	0	0	0	0	0	1046	0	0	0	0	0	0	0	0	0	0	0	1920	0	0	0	0	0	632	0	208	0	924	0	0	0	3162	0	1372	0	9026	0	744	0	25020	0	0	0	11108	0	3140	0	0	0	332	0	2132	0	672	0	1708	0	1246	0	0	0	0	0	0	0	0	0	1904	0	2046	0	0	0	6512	0	0	0	7444	0	426	0	178	0	0	0	252	0	786	0	0	0	0	0	0	0	0	0	0	0	0	0	0	0	0	0	
75748	Occipital_Inf_R	0	448	0	0	0	0	0	0	0	0	0	0	0	0	0	0	0	0	0	390	0	0	0	0	0	0	0	0	0	384	0	0	0	320	0	562	0	670	0	420	0	0	0	4218	0	480	0	2272	0	1602	0	3570	0	0	0	9928	0	132	0	0	0	354	0	374	0	1142	0	1426	0	744	0	0	0	0	0	0	0	0	0	320	0	184	0	0	0	2218	0	0	0	4472	0	138	0	0	0	0	0	0	0	556	0	0	0	0	0	0	0	0	0	0	0	412	138	0	0	0	
365908	Fusiform_L	1026	0	264	0	0	0	0	0	0	0	268	0	0	0	0	0	1336	0	114	0	0	0	0	0	0	0	0	0	7052	0	0	0	0	0	1032	780	13002	892	7032	192	2016	0	298	0	0	0	12084	1278	0	0	5558	0	11108	0	0	888	672	0	0	0	0	0	274	0	0	0	354	118	220	0	0	102	2304	168	0	0	112	304	1276	0	3844	0	3630	0	3652	0	3796	0	12772	0	23746	980	2424	0	184	0	14132	2346	29230	2118	1302	0	1234	0	150	0	0	0	0	0	4314	876	0	0	0	100	
384336	Fusiform_R	0	1382	0	260	0	0	0	526	0	0	0	206	0	0	0	0	0	710	0	840	0	0	0	126	0	0	0	0	0	3038	0	180	0	764	0	1198	128	18574	0	14790	0	5196	0	6242	0	1470	654	20436	0	2680	0	2706	0	9928	888	0	0	236	0	0	0	362	0	378	0	1212	0	2914	0	1460	0	452	0	3832	0	102	0	546	0	640	0	1000	0	5438	0	2536	0	3492	0	12512	934	12116	104	294	0	96	2812	9672	2732	19446	0	0	0	0	0	0	0	0	0	0	5460	6698	1770	0	0	0	
418144	Postcentral_L	35164	502	8804	388	0	0	1700	356	0	0	6016	0	526	0	0	0	12346	0	5138	482	0	0	0	0	0	0	0	0	9294	0	0	0	0	556	2042	942	2152	0	0	0	0	0	3154	0	3044	0	122	0	914	0	11764	0	3140	0	672	0	0	0	11536	0	20806	0	12424	0	5304	0	6534	0	16632	380	636	0	532	0	0	0	350	0	6912	0	7874	0	122	0	6658	0	0	0	3154	0	0	0	0	0	0	0	0	0	0	0	0	0	0	0	0	0	0	0	0	0	0	0	0	0	0	0	
169516	Postcentral_R	126	15574	126	532	0	0	0	1042	0	0	0	2852	0	0	0	0	0	3394	528	630	0	0	0	288	0	0	0	0	0	734	0	290	0	448	0	6390	0	1210	0	348	0	0	0	0	0	128	0	914	0	1488	0	712	0	132	0	236	0	0	0	8990	0	9794	0	10404	0	2714	0	7982	0	3494	0	750	0	688	0	120	0	700	0	132	0	526	0	0	0	122	0	0	0	220	0	0	0	0	0	0	0	0	0	0	0	0	0	0	0	0	0	0	0	0	0	0	0	0	0	0	
125276	Parietal_Sup_L	498	0	0	0	0	0	0	0	0	0	0	0	0	0	0	0	0	0	0	0	0	0	0	0	0	0	0	0	0	0	0	0	0	0	0	0	0	0	0	0	0	0	462	0	3370	0	146	0	5222	0	12168	0	0	0	0	0	11536	0	0	0	12594	0	0	0	5148	0	10560	0	750	0	0	0	0	0	0	0	0	0	0	0	0	0	0	0	184	0	0	0	0	0	0	0	0	0	0	0	0	0	0	0	0	0	0	0	0	0	0	0	0	0	0	0	0	0	0	0	
76488	Parietal_Sup_R	0	124	0	0	0	0	0	0	0	0	0	0	0	0	0	0	0	0	0	0	0	0	0	0	0	0	0	0	0	0	0	0	0	0	0	708	0	0	0	0	0	0	0	832	0	576	0	0	0	2758	0	1978	0	0	0	0	0	8990	0	0	0	8416	0	3116	0	7128	0	3618	0	0	0	0	0	0	0	0	0	0	0	0	0	0	0	0	0	0	0	0	0	0	0	0	0	0	0	0	0	0	0	0	0	0	0	0	0	0	0	0	0	0	0	0	0	0	0	0	
173120	Parietal_Inf_L	6710	0	780	0	0	0	380	0	0	0	532	0	0	0	0	0	208	0	148	0	0	0	0	0	0	0	0	0	732	0	0	0	0	0	0	0	110	0	0	0	0	0	142	0	142	0	0	0	0	0	11512	0	332	0	0	0	20806	0	12594	0	0	0	15564	0	12180	0	1346	0	568	0	212	0	0	0	0	0	0	0	114	0	320	0	0	0	856	0	0	0	272	0	0	0	0	0	0	0	0	0	0	0	0	0	0	0	0	0	0	0	0	0	0	0	0	0	0	0	
130208	Parietal_Inf_R	0	200	0	0	0	0	0	0	0	0	0	0	0	0	0	0	0	0	0	0	0	0	0	0	0	0	0	0	0	0	0	0	0	0	0	2840	0	0	0	0	0	0	0	0	0	182	0	396	0	2806	0	6980	0	354	0	362	0	9794	0	8416	0	0	0	13122	0	15334	0	2810	0	0	0	0	0	0	0	0	0	0	0	0	0	490	0	0	0	1018	0	0	0	0	0	0	0	0	0	0	0	0	0	0	0	0	0	0	0	0	0	0	0	0	0	0	0	0	0	0	
142536	SupraMarginal_L	3770	0	772	0	0	0	210	0	0	0	1464	0	0	0	0	0	2710	0	186	0	0	0	0	0	0	0	0	0	3056	0	0	0	0	0	0	0	170	0	0	0	0	0	0	0	0	0	0	0	0	0	2628	0	2132	0	274	0	12424	0	0	0	15564	0	0	0	6048	0	0	0	124	0	218	0	152	0	0	0	0	0	498	0	9222	0	0	0	6550	0	0	0	3096	0	0	0	0	0	0	0	0	0	0	0	0	0	0	0	0	0	0	0	0	0	0	0	0	0	0	0	
107424	SupraMarginal_R	0	1208	0	0	0	0	0	0	0	0	0	0	0	0	0	0	0	2298	0	0	0	0	0	0	0	0	0	0	0	312	0	0	0	0	0	436	0	172	0	0	0	0	0	0	0	152	0	0	0	2824	0	4328	0	374	0	378	0	10404	0	3116	0	13122	0	0	0	8818	0	408	0	0	0	0	0	0	0	0	0	0	0	154	0	3788	0	0	0	944	0	0	0	476	0	0	0	0	0	0	0	0	0	0	0	0	0	0	0	0	0	0	0	0	0	0	0	0	0	0	
133936	Angular_L	1420	0	0	0	0	0	0	0	0	0	652	0	0	0	0	0	208	0	0	0	0	0	0	0	0	0	0	0	800	0	0	0	158	0	0	0	0	0	0	0	0	0	178	0	120	0	0	0	2052	0	18150	0	672	0	0	0	5304	0	5148	0	12180	0	6048	0	0	0	1032	0	640	0	0	0	0	0	0	0	0	0	210	0	3010	0	0	0	7706	0	0	0	1280	0	0	0	0	0	0	0	0	0	0	0	0	0	0	0	0	0	0	0	0	0	0	0	0	0	0	0	
158824	Angular_R	0	162	0	0	0	0	0	0	0	0	0	0	0	0	0	0	0	0	0	0	0	0	0	0	0	0	0	0	0	0	0	0	0	170	0	1168	0	0	0	0	0	0	0	866	0	1648	0	0	0	9142	0	15042	0	1142	0	1212	0	2714	0	7128	0	15334	0	8818	0	0	0	1782	0	152	0	0	0	0	0	0	0	0	0	128	0	3802	0	0	0	8566	0	0	0	436	0	0	0	0	0	0	0	0	0	0	0	0	0	0	0	0	0	0	0	0	0	0	0	0	0	0	
170504	Precuneus_L	126	0	0	0	0	0	0	0	0	0	0	0	0	0	0	0	0	0	0	0	0	0	0	0	0	0	0	0	0	0	0	0	4774	130	3790	616	1004	0	816	0	0	0	8224	120	9072	684	3530	186	9392	522	12402	190	1708	0	354	0	6534	0	10560	0	1346	0	0	0	1032	0	0	852	4126	0	0	0	0	0	0	0	0	0	0	0	0	0	0	0	2316	0	0	0	530	0	0	0	0	0	0	0	316	0	0	0	0	0	0	0	0	0	0	0	0	0	0	0	0	0	0	0	
259892	Precuneus_R	0	1700	0	0	0	0	0	0	0	0	0	0	0	0	0	0	0	0	0	198	0	0	0	0	0	0	0	0	0	0	0	0	286	3654	1860	22080	696	1854	390	1864	0	0	0	10998	0	14370	98	8470	0	15648	0	8188	0	1426	118	2914	0	7982	0	3618	0	2810	0	408	0	1782	852	0	0	4766	0	0	0	0	0	0	0	0	0	98	0	1048	0	0	0	5708	0	0	0	2816	0	0	0	0	0	0	0	492	0	0	0	0	0	0	0	0	0	0	0	0	754	0	0	0	0	0	
246060	Paracentral_Lobule_L	22920	4676	854	0	0	0	0	0	0	0	0	0	0	0	0	0	282	0	4634	9408	0	0	0	0	0	0	0	0	436	0	0	0	2682	10094	2288	764	6182	194	542	0	0	0	1288	0	1248	0	0	0	824	0	4640	0	1246	0	220	0	16632	0	750	0	568	0	124	0	640	0	4126	0	0	6424	708	0	1910	0	0	0	7782	984	872	0	836	0	0	0	3350	0	0	0	1902	0	0	0	0	0	0	0	0	0	0	0	0	0	0	0	0	0	0	0	0	0	0	0	0	0	0	0	
153324	Paracentral_Lobule_R	1548	10564	274	0	0	0	0	0	0	0	0	0	0	0	0	0	0	0	1856	16440	0	0	0	0	0	0	0	0	0	104	0	0	170	16522	388	4774	0	200	0	0	0	0	0	94	0	218	0	364	116	1124	136	1160	0	744	0	1460	380	3494	0	0	0	0	0	0	0	152	0	4766	6424	0	136	0	230	0	144	0	486	152	0	120	0	272	0	0	100	498	0	0	0	1052	0	0	0	0	0	0	0	0	0	0	0	0	0	0	0	0	0	0	0	0	0	0	0	0	0	0	
373404	Caudate_L	6236	1196	21912	18850	1170	0	16414	11144	424	0	724	444	94	410	222	0	726	0	11912	5016	4288	4146	3554	160	1206	0	1810	0	3228	510	10854	3162	246	268	0	0	2702	0	278	0	0	0	0	0	0	0	0	0	0	0	0	0	0	0	0	0	636	0	0	0	212	0	218	0	0	0	0	0	708	136	0	7680	23564	1430	2852	142	13476	144	1230	0	432	0	138	0	114	0	0	0	284	0	0	0	0	0	0	0	0	0	0	0	0	0	0	0	0	0	0	0	0	0	0	0	0	0	0	0	
484756	Caudate_R	0	10252	1168	25116	0	2430	338	21826	0	98	0	4188	0	4458	0	1486	0	206	1762	5142	2486	5298	1268	14820	0	5128	0	5862	112	9776	5424	34368	144	2538	0	120	462	5928	266	1880	0	0	0	0	0	0	0	0	0	0	0	0	0	0	102	452	0	750	0	0	0	0	0	0	0	0	0	0	0	0	7680	0	2924	29600	442	1974	212	23892	0	0	0	0	0	0	0	0	0	0	0	0	0	0	0	0	0	0	0	0	0	0	0	0	0	0	0	0	0	0	0	0	0	0	0	0	0	0	
458788	Putamen_L	13816	1640	34560	1960	7584	0	9530	1074	2188	0	3696	0	1276	0	6370	0	1954	0	12916	660	2018	1292	6442	0	1488	0	2638	0	23028	164	14742	2274	292	360	0	0	15530	306	1796	108	870	0	0	0	0	0	0	0	0	0	0	0	0	0	2304	0	532	0	0	0	0	0	152	0	0	0	0	0	1910	230	23564	2924	0	654	11230	0	4940	494	388	0	1642	0	3636	0	548	0	0	0	1326	0	158	0	0	0	0	0	0	0	190	0	0	0	0	0	0	0	0	0	0	0	0	0	0	0	0	0	
403044	Putamen_R	0	4028	424	15770	0	1618	122	15526	0	152	0	4958	0	3394	0	2396	0	6464	1344	2582	336	1366	1410	9450	0	3502	0	3626	0	25590	2678	21814	150	2980	0	128	632	16590	462	6370	0	434	0	0	0	0	0	0	0	0	0	0	0	0	168	3832	0	688	0	0	0	0	0	0	0	0	0	0	0	0	1430	29600	654	0	0	4016	0	3564	0	128	0	554	0	120	0	216	0	0	0	256	0	0	0	0	0	0	0	0	0	0	0	0	0	0	0	0	0	0	0	0	0	0	0	0	0	0	
75920	Pallidum_L	5274	1708	7946	316	0	0	784	648	0	0	0	0	0	0	0	0	0	0	1650	272	0	0	0	0	0	0	0	0	0	0	0	0	0	144	0	0	3094	138	0	0	0	0	0	0	0	0	0	0	0	0	0	0	0	0	0	0	0	0	0	0	0	0	0	0	0	0	0	0	0	144	2852	442	11230	0	0	0	1166	152	0	0	0	0	0	0	0	0	0	0	0	0	0	0	0	0	0	0	0	0	0	0	0	0	0	0	0	0	0	0	0	0	0	0	0	0	0	0	
21652	Pallidum_R	0	258	0	132	0	0	0	616	0	0	0	578	0	0	0	0	0	328	0	0	0	118	0	0	0	0	0	0	0	796	0	0	0	0	0	0	0	1214	0	276	0	0	0	0	0	0	0	0	0	0	0	0	0	0	0	102	0	120	0	0	0	0	0	0	0	0	0	0	0	0	142	1974	0	4016	0	0	0	156	0	0	0	0	0	0	0	0	0	0	0	0	0	0	0	0	0	0	0	0	0	0	0	0	0	0	0	0	0	0	0	0	0	0	0	0	0	0	
123164	Thalamus_L	10978	310	3490	710	0	0	258	126	0	0	246	0	0	0	0	0	98	0	1436	884	0	0	146	0	0	0	0	0	1760	0	186	0	0	506	0	204	6040	692	1108	256	0	0	0	0	0	0	92	0	0	0	0	0	0	0	112	0	350	0	0	0	0	0	0	0	0	0	0	0	7782	486	13476	212	4940	0	1166	0	0	2654	0	0	430	0	0	0	146	0	0	0	302	0	0	0	0	0	0	0	0	0	0	0	0	0	0	0	0	0	0	0	0	0	0	0	0	0	0	0	
158296	Thalamus_R	1162	14268	356	2892	0	0	0	1232	0	0	0	432	0	140	0	0	0	1552	354	2160	0	0	0	460	0	0	0	0	282	686	0	702	0	0	336	622	3206	9604	1562	3130	0	0	0	0	0	0	0	0	0	0	0	0	0	0	304	546	0	700	0	0	0	0	0	0	0	0	0	0	984	152	144	23892	494	3564	152	156	2654	0	0	0	0	0	0	0	104	0	0	0	164	0	0	0	0	0	0	0	0	0	0	0	0	0	0	0	0	0	0	0	0	0	0	0	0	0	0	0	
136748	Heschl_L	10540	0	2390	0	0	0	652	0	0	0	1274	0	0	0	0	0	8786	0	1024	0	0	0	0	0	0	0	0	0	12664	0	0	0	0	0	0	0	6510	0	494	0	0	0	0	0	0	0	0	0	0	0	1080	0	1904	0	1276	0	6912	0	0	0	114	0	498	0	210	0	0	0	872	0	1230	0	388	0	0	0	0	0	0	0	6400	0	140	0	1674	0	0	0	1342	0	0	0	0	0	0	0	0	0	0	0	0	0	0	0	0	0	0	0	0	0	0	0	0	0	0	0	
17580	Heschl_R	0	198	0	0	0	0	0	0	0	0	0	0	0	0	0	0	0	598	0	114	0	0	0	0	0	0	0	0	0	752	0	0	0	118	0	210	0	300	0	0	0	0	0	0	0	0	0	0	0	0	0	0	0	320	0	640	0	132	0	0	0	0	0	154	0	128	0	98	0	120	0	0	0	128	0	0	0	0	0	0	0	2552	0	250	0	750	0	0	0	1228	0	0	0	0	0	0	0	0	0	0	0	0	0	0	0	0	0	0	0	0	0	0	0	0	0	0	
264536	Temporal_Sup_L	5526	0	4208	0	0	0	1938	0	0	0	5070	0	178	0	0	0	12982	0	1458	0	0	0	0	0	0	0	0	0	16202	0	0	0	0	0	0	0	3468	0	248	0	436	0	0	0	0	0	0	0	0	0	1438	0	2046	0	3844	0	7874	0	0	0	320	0	9222	0	3010	0	0	0	836	0	432	0	1642	0	0	0	430	0	6400	0	0	0	6414	0	22500	0	590	0	13322	0	94	0	0	0	0	0	0	0	140	0	0	0	0	0	0	0	0	0	0	0	0	0	0	0	0	0	
76620	Temporal_Sup_R	0	680	0	0	0	0	0	0	0	0	0	0	0	0	0	0	0	720	0	162	0	0	0	0	0	0	0	0	0	1012	0	0	0	222	0	1394	0	828	0	122	0	0	0	0	0	366	0	180	0	926	0	930	0	184	0	1000	0	526	0	0	0	490	0	3788	0	3802	0	1048	0	272	0	0	0	554	0	0	0	0	0	2552	0	0	0	2316	0	9282	0	540	0	4414	0	0	0	0	0	0	0	0	0	0	0	0	0	0	0	0	0	0	0	0	0	0	0	0	0	0	
133740	Temporal_Pole_Sup_L	1206	0	4410	0	220	0	2394	0	0	0	6592	0	914	0	2012	0	5840	0	2212	0	152	0	136	0	0	0	0	0	10548	0	114	0	0	0	0	0	1372	0	1022	0	828	0	0	0	0	0	0	0	0	0	0	0	0	0	3630	0	122	0	0	0	0	0	0	0	0	0	0	0	0	0	138	0	3636	0	0	0	0	0	140	0	6414	0	0	0	4044	0	5754	0	3020	0	0	0	0	0	0	0	0	0	0	0	0	0	0	0	0	0	0	0	0	0	0	0	0	0	0	0	
56884	Temporal_Pole_Sup_R	0	0	0	304	0	0	0	350	0	0	0	740	0	0	0	0	0	682	0	0	0	0	0	0	0	0	0	0	0	1042	0	0	0	0	0	0	0	150	0	2476	0	1796	0	0	0	0	0	0	0	0	0	0	0	0	0	5438	0	0	0	0	0	0	0	0	0	0	0	0	0	0	0	0	0	120	0	0	0	0	0	250	0	2316	0	0	0	2472	0	6954	0	3352	0	0	0	0	0	0	0	0	0	0	0	0	0	0	0	0	0	0	0	0	0	0	0	0	0	0	
282312	Temporal_Mid_L	2244	98	160	0	0	0	0	0	0	0	0	0	0	0	0	0	456	0	0	106	0	0	0	0	0	0	0	0	2406	0	0	0	454	98	530	0	1568	0	106	0	0	0	936	0	598	0	94	0	4388	0	20472	0	6512	0	3652	0	6658	0	184	0	856	0	6550	0	7706	0	2316	0	3350	100	114	0	548	0	0	0	146	104	1674	0	22500	0	4044	0	0	0	5486	0	33942	0	0	0	0	0	0	0	0	0	0	0	0	0	0	0	0	0	0	0	0	0	0	0	0	0	0	0	
165032	Temporal_Mid_R	0	674	0	0	0	0	0	0	0	0	0	0	0	0	0	0	0	0	0	248	0	0	0	0	0	0	0	0	0	258	0	0	0	620	0	3922	0	1148	0	168	0	156	0	1050	0	3386	0	498	0	7316	0	11756	0	2218	0	2536	0	122	0	0	0	1018	0	944	0	8566	0	5708	0	498	0	0	0	216	0	0	0	0	0	750	0	9282	0	2472	0	0	0	1662	0	15324	0	0	0	0	0	0	0	0	0	0	0	0	0	0	0	0	0	0	0	0	0	0	0	0	0	0	
43124	Temporal_Pole_Mid_L	0	0	0	0	0	0	0	0	0	0	0	0	0	0	0	0	0	0	0	0	0	0	0	0	0	0	0	0	116	0	0	0	0	0	0	0	506	0	808	0	368	0	0	0	0	0	0	0	0	0	0	0	0	0	3796	0	0	0	0	0	0	0	0	0	0	0	0	0	0	0	0	0	0	0	0	0	0	0	0	0	590	0	5754	0	5486	0	0	0	4138	0	0	0	0	0	0	0	0	0	0	0	0	0	0	0	0	0	0	0	0	0	0	0	0	0	0	0	
34612	Temporal_Pole_Mid_R	0	0	0	0	0	0	0	0	0	0	0	0	0	0	0	0	0	0	0	0	0	0	0	0	0	0	0	0	0	0	0	0	0	0	0	0	0	0	0	1394	0	288	0	0	0	0	0	0	0	0	0	0	0	0	0	3492	0	0	0	0	0	0	0	0	0	0	0	0	0	0	0	0	0	0	0	0	0	0	0	0	0	540	0	6954	0	1662	0	0	0	2976	0	0	0	0	0	0	0	0	0	0	0	0	0	0	0	0	0	0	0	0	0	0	0	0	0	0	
245536	Temporal_Inf_L	1818	0	260	0	0	0	92	0	0	0	0	0	0	0	0	0	290	0	0	0	0	0	0	0	0	0	0	0	4354	0	0	0	0	0	0	0	5706	0	744	0	236	0	314	0	352	0	0	0	158	0	6520	0	7444	0	12772	0	3154	0	0	0	272	0	3096	0	1280	0	530	0	1902	0	284	0	1326	0	0	0	302	164	1342	0	13322	0	3020	0	33942	0	4138	0	0	0	4780	0	3344	0	0	0	232	0	738	0	2274	0	2266	0	0	0	0	0	0	0	0	0	0	0	0	0	
142220	Temporal_Inf_R	0	872	0	0	0	0	0	0	0	0	0	0	0	0	0	0	0	0	0	550	0	0	0	0	0	0	0	0	0	1598	0	0	0	520	0	2048	0	3876	0	644	0	214	0	1474	0	414	0	446	0	1740	0	1484	0	4472	0	12512	0	220	0	0	0	0	0	476	0	436	0	2816	0	1052	0	0	0	256	0	0	0	0	0	1228	0	4414	0	3352	0	15324	0	2976	0	0	0	2562	0	614	0	0	0	270	0	790	0	138	0	1212	0	0	0	0	0	0	110	0	0	0	0	0	
434512	Cerebelum_Crus1_L	0	0	0	0	0	0	0	0	0	0	0	0	0	0	0	0	0	0	0	0	0	0	0	0	0	0	0	0	610	0	0	0	0	0	0	0	748	0	842	0	0	0	0	0	0	0	7310	1454	0	0	104	0	426	0	23746	934	0	0	0	0	0	0	0	0	0	0	0	0	0	0	0	0	158	0	0	0	0	0	0	0	94	0	0	0	0	0	0	0	4780	0	0	1214	31308	892	1088	0	24568	918	57522	2346	16434	326	22168	220	3720	0	1354	0	0	294	3528	4684	3178	288	0	0	
410164	Cerebelum_Crus1_R	0	0	0	0	0	0	0	0	0	0	0	0	0	0	0	0	0	0	0	0	0	0	0	0	0	0	0	0	0	0	0	0	0	0	0	0	0	0	0	0	0	0	0	0	0	0	512	8134	0	0	0	0	0	138	980	12116	0	0	0	0	0	0	0	0	0	0	0	0	0	0	0	0	0	0	0	0	0	0	0	0	0	0	0	0	0	0	0	0	0	2562	1214	0	1380	28554	92	3708	2926	20266	2712	54162	1416	4840	1810	22432	376	2730	0	246	0	912	7264	9516	10436	2016	1000	632	
318104	Cerebelum_Crus2_L	0	0	0	0	0	0	0	0	0	0	0	0	0	0	0	0	0	0	0	0	0	0	0	0	0	0	0	0	0	0	0	0	0	0	0	0	0	0	178	0	0	0	0	0	0	0	1244	108	0	0	0	0	178	0	2424	104	0	0	0	0	0	0	0	0	0	0	0	0	0	0	0	0	0	0	0	0	0	0	0	0	0	0	0	0	0	0	0	0	3344	0	31308	1380	0	7670	0	0	1934	0	4752	120	42020	5758	35922	2864	5210	0	702	0	0	0	150	454	8998	2230	0	0	
296000	Cerebelum_Crus2_R	0	0	0	0	0	0	0	0	0	0	0	0	0	0	0	0	0	0	0	0	0	0	0	0	0	0	0	0	0	0	0	0	0	0	0	0	0	0	0	0	0	0	0	0	0	0	0	278	0	0	0	0	0	0	0	294	0	0	0	0	0	0	0	0	0	0	0	0	0	0	0	0	0	0	0	0	0	0	0	0	0	0	0	0	0	0	0	0	0	614	892	28554	7670	0	0	886	112	556	324	2366	7362	26688	6306	35270	236	6264	0	0	120	694	364	1626	12518	5804	1700	502	
31792	Cerebelum_3_L	0	0	0	0	0	0	0	0	0	0	0	0	0	0	0	0	0	0	0	0	0	0	0	0	0	0	0	0	0	0	0	0	0	0	0	0	0	0	674	0	0	0	0	0	0	0	492	0	0	0	0	0	0	0	184	0	0	0	0	0	0	0	0	0	0	0	0	0	0	0	0	0	0	0	0	0	0	0	0	0	0	0	0	0	0	0	0	0	0	0	1088	92	0	0	0	0	6426	0	1424	116	0	0	544	0	818	0	120	0	492	1890	986	190	252	108	0	0	
48252	Cerebelum_3_R	0	0	0	0	0	0	0	0	0	0	0	0	0	0	0	0	0	0	0	0	0	0	0	0	0	0	0	0	0	0	0	0	0	0	0	0	0	0	0	0	0	0	0	0	0	0	0	204	0	0	0	0	0	0	0	96	0	0	0	0	0	0	0	0	0	0	0	0	0	0	0	0	0	0	0	0	0	0	0	0	0	0	0	0	0	0	0	0	0	0	0	3708	0	886	0	0	444	5344	312	4434	0	0	0	1206	0	726	0	0	262	3296	1202	218	0	1054	734	0	
310576	Cerebelum_4_5_L	0	0	0	0	0	0	0	0	0	0	0	0	0	0	0	0	0	0	0	0	0	0	0	0	0	0	0	0	266	0	0	0	0	0	0	0	572	0	2386	0	0	0	108	0	0	0	10350	3670	0	0	0	0	252	0	14132	2812	0	0	0	0	0	0	0	0	0	0	316	0	0	0	0	0	0	0	0	0	0	0	0	0	0	0	0	0	0	0	0	0	232	0	24568	2926	1934	112	6426	444	0	6582	40208	6506	1414	0	3058	146	2132	0	256	0	144	1604	15906	4016	564	298	300	648	
229504	Cerebelum_4_5_R	0	0	0	0	0	0	0	0	0	0	0	0	0	0	0	0	0	0	0	0	0	0	0	0	0	0	0	0	0	0	0	0	0	0	0	0	0	434	0	432	0	0	0	0	0	0	1600	9438	0	0	0	0	0	0	2346	9672	0	0	0	0	0	0	0	0	0	0	0	492	0	0	0	0	0	0	0	0	0	0	0	0	0	0	0	0	0	0	0	0	0	270	918	20266	0	556	0	5344	6582	0	5010	32144	0	0	0	1004	0	102	0	0	0	1176	13606	2898	114	240	0	108	
416732	Cerebelum_6_L	0	0	0	0	0	0	0	0	0	0	0	0	0	0	0	0	0	0	0	0	0	0	0	0	0	0	0	0	766	0	0	0	0	0	0	0	984	0	970	0	0	0	0	0	0	0	13166	4150	0	0	168	0	786	0	29230	2732	0	0	0	0	0	0	0	0	0	0	0	0	0	0	0	0	190	0	0	0	0	0	0	0	140	0	0	0	0	0	0	0	738	0	57522	2712	4752	324	1424	312	40208	5010	0	6796	3388	0	4634	364	1254	0	410	0	110	860	12948	7764	2192	650	274	438	
385924	Cerebelum_6_R	0	0	0	0	0	0	0	0	0	0	0	0	0	0	0	0	0	0	0	0	0	0	0	0	0	0	0	0	0	0	0	0	0	0	0	0	0	0	0	0	0	0	0	0	0	0	1244	14806	0	0	0	0	0	556	2118	19446	0	0	0	0	0	0	0	0	0	0	0	0	0	0	0	0	0	0	0	0	0	0	0	0	0	0	0	0	0	0	0	0	0	790	2346	54162	120	2366	116	4434	6506	32144	6796	0	0	0	0	1620	0	616	0	0	0	758	14276	16082	8700	994	744	1222	
287780	Cerebelum_7b_L	0	0	0	0	0	0	0	0	0	0	0	0	0	0	0	0	0	0	0	0	0	0	0	0	0	0	0	0	0	0	0	0	0	0	0	0	0	0	254	0	0	0	0	0	0	0	0	0	0	0	0	0	0	0	1302	0	0	0	0	0	0	0	0	0	0	0	0	0	0	0	0	0	0	0	0	0	0	0	0	0	0	0	0	0	0	0	0	0	2274	0	16434	1416	42020	7362	0	0	1414	0	3388	0	0	6346	38606	3798	5974	0	414	0	0	0	0	318	8454	4116	0	0	
189880	Cerebelum_7b_R	0	0	0	0	0	0	0	0	0	0	0	0	0	0	0	0	0	0	0	0	0	0	0	0	0	0	0	0	0	0	0	0	0	0	0	0	0	0	0	0	0	0	0	0	0	0	0	0	0	0	0	0	0	0	0	0	0	0	0	0	0	0	0	0	0	0	0	0	0	0	0	0	0	0	0	0	0	0	0	0	0	0	0	0	0	0	0	0	0	138	326	4840	5758	26688	0	0	0	0	0	0	6346	0	5828	25206	736	4916	0	0	0	0	0	324	6940	5576	1154	164	
338752	Cerebelum_8_L	0	0	0	0	0	0	0	0	0	0	0	0	0	0	0	0	0	0	0	0	0	0	0	0	0	0	0	0	0	0	0	0	0	0	0	0	0	0	146	0	0	0	0	0	0	0	0	0	0	0	0	0	0	0	1234	0	0	0	0	0	0	0	0	0	0	0	0	0	0	0	0	0	0	0	0	0	0	0	0	0	0	0	0	0	0	0	0	0	2266	0	22168	1810	35922	6306	544	0	3058	0	4634	0	38606	5828	0	5458	19446	662	2950	0	0	0	102	340	7564	8864	1318	150	
285084	Cerebelum_8_R	0	0	0	0	0	0	0	0	0	0	0	0	0	0	0	0	0	0	0	0	0	0	0	0	0	0	0	0	0	0	0	0	0	0	0	0	0	0	0	0	0	0	0	0	0	0	0	0	0	0	0	0	0	0	0	0	0	0	0	0	0	0	0	0	0	0	0	0	0	0	0	0	0	0	0	0	0	0	0	0	0	0	0	0	0	0	0	0	0	1212	220	22432	2864	35270	0	1206	146	1004	364	1620	3798	25206	5458	0	1394	17578	0	580	144	884	576	948	5312	9526	4064	736	
102600	Cerebelum_9_L	0	0	0	0	0	0	0	0	0	0	0	0	0	0	0	0	0	0	0	0	0	0	0	0	0	0	0	0	0	0	0	0	0	0	0	0	0	0	0	0	0	0	0	0	0	0	0	0	0	0	0	0	0	0	150	0	0	0	0	0	0	0	0	0	0	0	0	0	0	0	0	0	0	0	0	0	0	0	0	0	0	0	0	0	0	0	0	0	0	0	3720	376	5210	236	818	0	2132	0	1254	0	5974	736	19446	1394	0	854	3340	0	0	0	458	474	712	2636	1124	256	
95404	Cerebelum_9_R	0	0	0	0	0	0	0	0	0	0	0	0	0	0	0	0	0	0	0	0	0	0	0	0	0	0	0	0	0	0	0	0	0	0	0	0	0	0	0	0	0	0	0	0	0	0	0	0	0	0	0	0	0	0	0	0	0	0	0	0	0	0	0	0	0	0	0	0	0	0	0	0	0	0	0	0	0	0	0	0	0	0	0	0	0	0	0	0	0	0	0	2730	0	6264	0	726	0	102	0	616	0	4916	662	17578	854	0	0	872	164	492	140	886	706	3886	4560	1548	
19332	Cerebelum_10_L	0	0	0	0	0	0	0	0	0	0	0	0	0	0	0	0	0	0	0	0	0	0	0	0	0	0	0	0	0	0	0	0	0	0	0	0	0	0	0	0	0	0	0	0	0	0	0	0	0	0	0	0	0	0	0	0	0	0	0	0	0	0	0	0	0	0	0	0	0	0	0	0	0	0	0	0	0	0	0	0	0	0	0	0	0	0	0	0	0	0	1354	0	702	0	120	0	256	0	410	0	414	0	2950	0	3340	0	0	0	0	0	0	0	120	0	0	0	
3396	Cerebelum_10_R	0	0	0	0	0	0	0	0	0	0	0	0	0	0	0	0	0	0	0	0	0	0	0	0	0	0	0	0	0	0	0	0	0	0	0	0	0	0	0	0	0	0	0	0	0	0	0	0	0	0	0	0	0	0	0	0	0	0	0	0	0	0	0	0	0	0	0	0	0	0	0	0	0	0	0	0	0	0	0	0	0	0	0	0	0	0	0	0	0	0	0	246	0	0	0	0	0	0	0	0	0	0	0	580	0	872	0	0	0	0	0	0	0	0	0	0	
8560	Vermis_1_2	0	0	0	0	0	0	0	0	0	0	0	0	0	0	0	0	0	0	0	0	0	0	0	0	0	0	0	0	0	0	0	0	0	0	0	0	0	0	0	0	0	0	0	0	0	0	0	0	0	0	0	0	0	0	0	0	0	0	0	0	0	0	0	0	0	0	0	0	0	0	0	0	0	0	0	0	0	0	0	0	0	0	0	0	0	0	0	0	0	0	0	0	0	120	492	262	144	0	110	0	0	0	0	144	0	164	0	0	0	2356	142	0	0	204	142	0	
38088	Vermis_3	0	0	0	0	0	0	0	0	0	0	0	0	0	0	0	0	0	0	0	0	0	0	0	0	0	0	0	0	0	0	0	0	0	0	0	0	0	0	202	0	0	0	0	0	0	0	0	0	0	0	0	0	0	0	0	0	0	0	0	0	0	0	0	0	0	0	0	0	0	0	0	0	0	0	0	0	0	0	0	0	0	0	0	0	0	0	0	0	0	0	294	912	0	694	1890	3296	1604	1176	860	758	0	0	0	884	0	492	0	0	2356	0	2044	124	0	894	564	0	
209772	Vermis_4_5	0	0	0	0	0	0	0	0	0	0	0	0	0	0	0	0	0	0	0	0	0	0	0	0	0	0	0	0	0	0	0	0	0	0	268	364	0	350	0	184	0	0	0	0	0	0	3000	7462	0	0	0	0	0	0	4314	5460	0	0	0	0	0	0	0	0	0	0	0	754	0	0	0	0	0	0	0	0	0	0	0	0	0	0	0	0	0	0	0	0	0	110	3528	7264	150	364	986	1202	15906	13606	12948	14276	0	0	102	576	458	140	0	0	142	2044	0	6666	286	310	370	1296	
176184	Vermis_6	0	0	0	0	0	0	0	0	0	0	0	0	0	0	0	0	0	0	0	0	0	0	0	0	0	0	0	0	0	0	0	0	0	0	0	0	0	0	0	0	0	0	0	0	0	0	924	8722	0	0	0	0	0	412	876	6698	0	0	0	0	0	0	0	0	0	0	0	0	0	0	0	0	0	0	0	0	0	0	0	0	0	0	0	0	0	0	0	0	0	0	4684	9516	454	1626	190	218	4016	2898	7764	16082	318	324	340	948	474	886	0	0	0	124	6666	0	7314	1866	1410	2342	
191636	Vermis_7	0	0	0	0	0	0	0	0	0	0	0	0	0	0	0	0	0	0	0	0	0	0	0	0	0	0	0	0	0	0	0	0	0	0	0	0	0	0	0	0	0	0	0	0	0	0	108	2230	0	0	0	0	0	138	0	1770	0	0	0	0	0	0	0	0	0	0	0	0	0	0	0	0	0	0	0	0	0	0	0	0	0	0	0	0	0	0	0	0	0	0	3178	10436	8998	12518	252	0	564	114	2192	8700	8454	6940	7564	5312	712	706	120	0	0	0	286	7314	0	4958	1254	1000	
128732	Vermis_8	0	0	0	0	0	0	0	0	0	0	0	0	0	0	0	0	0	0	0	0	0	0	0	0	0	0	0	0	0	0	0	0	0	0	0	0	0	0	0	0	0	0	0	0	0	0	0	0	0	0	0	0	0	0	0	0	0	0	0	0	0	0	0	0	0	0	0	0	0	0	0	0	0	0	0	0	0	0	0	0	0	0	0	0	0	0	0	0	0	0	288	2016	2230	5804	108	1054	298	240	650	994	4116	5576	8864	9526	2636	3886	0	0	204	894	310	1866	4958	0	5858	1990	
58016	Vermis_9	0	0	0	0	0	0	0	0	0	0	0	0	0	0	0	0	0	0	0	0	0	0	0	0	0	0	0	0	0	0	0	0	0	0	0	0	0	0	0	0	0	0	0	0	0	0	0	0	0	0	0	0	0	0	0	0	0	0	0	0	0	0	0	0	0	0	0	0	0	0	0	0	0	0	0	0	0	0	0	0	0	0	0	0	0	0	0	0	0	0	0	1000	0	1700	0	734	300	0	274	744	0	1154	1318	4064	1124	4560	0	0	142	564	370	1410	1254	5858	0	2438	
