data	data	368256	142644	964072	855168	198520	156324	373580	245160	97000	36096	301212	285440	304928	156224	194232	106652	342400	227024	585312	703404	104228	140908	465484	526700	27528	94848	51256	80772	696236	457232	431424	523436	181432	638500	153836	191620	244004	411400	158248	364084	52080	116364	275296	344936	225208	364436	344264	495100	227988	331088	788936	306880	175436	194388	405844	513940	298704	198352	259628	66420	299464	90672	212360	115688	279332	117352	460472	453504	124796	135896	389132	349896	444192	362212	87108	145680	126596	133708	124832	49984	321932	201780	126812	175316	427896	277792	65016	54676	307056	354140	400828	403852	386480	257104	38440	52968	333992	257764	479908	440068	374900	156368	416108	304520	136896	148532	42760	36660	17544	70244	308660	225784	159148	195176	117408	16124	
data	data	Precentral_L	Precentral_R	Frontal_Sup_L	Frontal_Sup_R	Frontal_Sup_Orb_L	Frontal_Sup_Orb_R	Frontal_Mid_L	Frontal_Mid_R	Frontal_Mid_Orb_L	Frontal_Mid_Orb_R	Frontal_Inf_Oper_L	Frontal_Inf_Oper_R	Frontal_Inf_Tri_L	Frontal_Inf_Tri_R	Frontal_Inf_Orb_L	Frontal_Inf_Orb_R	Rolandic_Oper_L	Rolandic_Oper_R	Supp_Motor_Area_L	Supp_Motor_Area_R	Olfactory_L	Olfactory_R	Frontal_Sup_Medial_L	Frontal_Sup_Medial_R	Frontal_Med_Orb_L	Frontal_Med_Orb_R	Rectus_L	Rectus_R	Insula_L	Insula_R	Cingulum_Ant_L	Cingulum_Ant_R	Cingulum_Mid_L	Cingulum_Mid_R	Cingulum_Post_L	Cingulum_Post_R	Hippocampus_L	Hippocampus_R	ParaHippocampal_L	ParaHippocampal_R	Amygdala_L	Amygdala_R	Calcarine_L	Calcarine_R	Cuneus_L	Cuneus_R	Lingual_L	Lingual_R	Occipital_Sup_L	Occipital_Sup_R	Occipital_Mid_L	Occipital_Mid_R	Occipital_Inf_L	Occipital_Inf_R	Fusiform_L	Fusiform_R	Postcentral_L	Postcentral_R	Parietal_Sup_L	Parietal_Sup_R	Parietal_Inf_L	Parietal_Inf_R	SupraMarginal_L	SupraMarginal_R	Angular_L	Angular_R	Precuneus_L	Precuneus_R	Paracentral_Lobule_L	Paracentral_Lobule_R	Caudate_L	Caudate_R	Putamen_L	Putamen_R	Pallidum_L	Pallidum_R	Thalamus_L	Thalamus_R	Heschl_L	Heschl_R	Temporal_Sup_L	Temporal_Sup_R	Temporal_Pole_Sup_L	Temporal_Pole_Sup_R	Temporal_Mid_L	Temporal_Mid_R	Temporal_Pole_Mid_L	Temporal_Pole_Mid_R	Temporal_Inf_L	Temporal_Inf_R	Cerebelum_Crus1_L	Cerebelum_Crus1_R	Cerebelum_Crus2_L	Cerebelum_Crus2_R	Cerebelum_3_L	Cerebelum_3_R	Cerebelum_4_5_L	Cerebelum_4_5_R	Cerebelum_6_L	Cerebelum_6_R	Cerebelum_7b_L	Cerebelum_7b_R	Cerebelum_8_L	Cerebelum_8_R	Cerebelum_9_L	Cerebelum_9_R	Cerebelum_10_L	Cerebelum_10_R	Vermis_1_2	Vermis_3	Vermis_4_5	Vermis_6	Vermis_7	Vermis_8	Vermis_9	Vermis_10	
368256	Precentral_L	0	978	17362	3620	0	0	12904	956	0	0	10540	440	2680	0	0	0	10254	376	9658	6392	0	0	154	120	0	0	0	0	4100	474	152	120	914	3396	5006	2484	2172	1604	186	236	0	0	382	0	608	0	138	76	114	0	7318	0	0	0	72	0	28802	200	3260	0	8358	0	1616	0	5442	0	3888	120	6958	76	2136	404	786	502	506	1200	5916	1738	1674	0	3428	0	246	0	812	0	0	0	74	0	0	0	0	0	0	0	0	0	0	0	0	0	0	0	0	0	0	0	0	0	0	0	0	0	0	0	
142644	Precentral_R	978	0	522	6832	0	0	370	5492	0	0	0	4088	0	1278	0	0	130	2976	556	3354	0	0	146	462	0	0	0	0	266	1070	0	0	0	1256	0	144	100	744	0	144	0	0	0	120	0	158	0	168	0	278	158	160	0	232	0	150	682	17498	128	506	0	1674	0	3530	86	422	98	868	0	6300	1200	76	2122	0	282	0	90	482	0	362	0	1362	0	0	0	410	0	0	0	812	0	0	0	0	0	0	0	0	0	0	0	0	0	0	0	0	0	0	0	0	0	0	0	0	0	0	
964072	Frontal_Sup_L	17362	522	0	15538	12776	0	67608	736	2292	0	18446	1192	26168	220	6092	0	13990	1540	68066	15690	270	126	43034	9292	914	0	0	0	34702	2154	15858	6232	3954	5670	1436	424	2836	954	766	132	428	0	120	0	136	0	80	102	72	0	4978	0	88	0	138	74	7048	164	2572	0	3986	0	2560	0	3394	72	2434	0	2226	0	8838	1014	21650	492	4854	2216	4996	1080	2886	0	3604	0	1048	230	1074	0	0	0	390	0	0	0	0	0	0	0	0	0	0	0	0	0	0	0	0	0	0	0	0	0	0	0	0	0	0	0	
855168	Frontal_Sup_R	3620	6832	15538	0	326	5518	3344	31580	0	274	1016	9106	1060	9108	150	3996	1018	6136	14210	66694	90	392	15344	52844	0	2970	0	178	1876	16352	7352	33714	1240	21526	404	844	572	3746	0	1470	0	114	0	102	0	204	0	600	0	280	282	250	0	442	0	1440	914	3756	154	0	136	126	0	1370	204	168	200	1022	1090	886	4280	20528	1982	18486	604	12024	1050	8872	190	538	318	1000	0	1334	0	716	0	0	0	1482	0	0	0	0	0	0	0	0	0	0	0	0	0	0	0	0	0	0	0	0	0	0	0	0	0	0	
198520	Frontal_Sup_Orb_L	0	0	12776	326	0	70	1398	0	11660	0	1232	0	4622	0	13270	0	406	0	766	0	2536	162	6766	622	2360	168	6192	140	12110	0	6542	886	0	250	0	0	174	0	88	0	622	0	0	0	0	0	0	0	0	0	0	0	0	0	0	0	0	0	0	0	0	0	0	0	0	0	0	0	0	0	3276	82	8248	0	0	0	0	0	0	0	74	0	1354	0	0	0	82	0	0	0	0	0	0	0	0	0	0	0	0	0	0	0	0	0	0	0	0	0	0	0	0	0	0	0	0	0	
156324	Frontal_Sup_Orb_R	0	0	0	5518	70	0	0	1798	0	4646	0	250	0	896	0	7284	124	110	0	804	1280	4754	146	2840	276	7234	198	8438	152	2386	1268	4022	0	132	0	0	0	276	0	312	0	410	0	0	0	0	0	0	0	0	0	0	0	0	0	98	0	0	0	0	0	0	0	0	0	0	0	0	0	0	1790	9446	1520	7984	490	764	0	0	0	0	0	0	0	446	0	0	0	0	0	0	0	0	0	0	0	0	0	0	0	0	0	0	0	0	0	0	0	0	0	0	0	0	0	0	0	0	
373580	Frontal_Mid_L	12904	370	67608	3344	1398	0	0	354	1560	0	4994	0	23148	0	4966	0	2274	0	6060	2310	0	0	14848	2204	0	0	0	0	11450	140	4746	1378	1342	1338	94	114	220	140	210	0	0	0	0	0	0	0	0	0	0	0	1430	0	0	0	0	0	1404	0	628	0	2078	0	138	0	1768	0	438	0	234	0	1028	152	2582	146	98	622	2948	178	356	0	738	0	310	0	0	0	0	0	0	0	0	0	0	0	0	0	0	0	0	0	0	0	0	0	0	0	0	0	0	0	0	0	0	0	0	0	
245160	Frontal_Mid_R	956	5492	736	31580	0	1798	354	0	0	1422	154	7760	0	10876	0	2526	438	832	4164	10432	0	0	1750	10978	0	0	0	0	378	3552	588	3114	0	8294	232	414	392	1944	0	456	0	0	0	0	0	0	0	288	0	0	114	0	0	154	0	326	384	854	98	0	0	0	0	108	0	0	86	192	0	0	954	162	1050	910	160	0	186	2918	0	112	242	454	0	136	0	374	0	0	0	706	0	0	0	0	0	0	0	0	0	0	0	0	0	0	0	0	0	0	0	0	0	0	0	0	0	0	
97000	Frontal_Mid_Orb_L	0	0	2292	0	11660	0	1560	0	0	0	126	0	1886	0	15804	0	0	0	0	0	1066	0	168	0	146	0	3226	0	4162	0	1012	78	0	0	0	0	82	0	98	0	320	0	0	0	0	0	0	0	0	0	0	0	0	0	0	0	0	0	0	0	0	0	0	0	0	0	0	0	0	0	1160	0	3472	0	0	0	0	0	0	0	0	0	182	0	0	0	0	0	0	0	0	0	0	0	0	0	0	0	0	0	0	0	0	0	0	0	0	0	0	0	0	0	0	0	0	0	
36096	Frontal_Mid_Orb_R	0	0	0	274	0	4646	0	1422	0	0	0	0	0	956	0	6202	0	0	0	0	0	346	0	0	0	478	0	578	0	512	70	188	0	0	0	0	0	0	0	0	0	0	0	0	0	0	0	0	0	0	0	0	0	0	0	0	0	0	0	0	0	0	0	0	0	0	0	0	0	0	78	810	76	1288	0	124	0	0	0	0	0	0	0	0	0	0	0	0	0	0	0	0	0	0	0	0	0	0	0	0	0	0	0	0	0	0	0	0	0	0	0	0	0	0	0	0	
301212	Frontal_Inf_Oper_L	10540	0	18446	1016	1232	0	4994	154	126	0	0	3132	13334	1056	614	0	15368	1608	10350	166	0	0	5204	1524	0	0	0	0	22472	2204	6886	2776	182	2120	0	0	380	0	260	0	0	0	72	0	0	0	0	0	0	0	1822	0	0	0	0	0	3908	0	600	0	1694	0	520	0	1460	0	488	0	538	0	1960	0	2758	70	0	0	0	0	1766	0	2142	0	2874	1010	638	0	0	0	142	0	0	0	0	0	0	0	0	0	0	0	0	0	0	0	0	0	0	0	0	0	0	0	0	0	0	0	
285440	Frontal_Inf_Oper_R	440	4088	1192	9106	0	250	0	7760	0	0	3132	0	146	12540	0	210	3340	17262	2690	8144	0	0	568	5504	0	0	0	0	5344	19634	1080	3832	0	3724	0	116	104	1022	0	268	0	0	0	0	0	0	0	136	0	0	1004	106	0	144	0	270	554	4312	668	0	416	168	108	720	272	130	316	192	0	778	6356	882	318	2406	0	0	262	364	254	648	536	1066	238	6092	222	752	0	0	0	534	0	0	0	0	0	0	0	0	0	0	0	0	0	0	0	0	0	0	0	0	0	0	0	0	0	0	
304928	Frontal_Inf_Tri_L	2680	0	26168	1060	4622	0	23148	0	1886	0	13334	146	0	0	10780	0	2666	98	3020	112	0	0	8980	1896	0	0	0	0	25900	202	8576	2712	642	2222	0	0	0	0	0	0	0	0	0	0	0	0	0	0	0	0	886	0	0	0	0	0	790	0	252	0	1128	0	678	0	538	0	192	0	246	0	1406	0	2820	0	0	0	0	0	594	0	468	0	1314	0	302	0	0	0	0	0	0	0	0	0	0	0	0	0	0	0	0	0	0	0	0	0	0	0	0	0	0	0	0	0	0	0	
156224	Frontal_Inf_Tri_R	0	1278	220	9108	0	896	0	10876	0	956	1056	12540	0	0	0	5872	786	1382	274	2330	0	0	506	4234	0	0	0	0	1258	9866	384	4066	0	1836	0	0	0	836	0	180	0	0	0	0	0	0	0	130	0	0	0	0	0	132	0	192	0	1226	0	0	0	76	0	110	0	106	0	156	0	370	660	350	0	1918	0	0	0	190	0	74	0	190	0	530	0	458	0	0	0	504	0	0	0	0	0	0	0	0	0	0	0	0	0	0	0	0	0	0	0	0	0	0	0	0	0	0	
194232	Frontal_Inf_Orb_L	0	0	6092	150	13270	0	4966	0	15804	0	614	0	10780	0	0	0	142	0	134	0	2916	104	1688	168	136	0	2918	0	18180	0	2852	202	370	118	0	0	312	0	422	0	712	0	0	0	0	0	0	0	0	0	0	0	0	0	132	0	0	0	0	0	0	0	0	0	0	0	0	0	0	0	3086	0	7544	0	0	0	0	0	0	0	102	0	3050	0	0	0	152	0	0	0	0	0	0	0	0	0	0	0	0	0	0	0	0	0	0	0	0	0	0	0	0	0	0	0	0	0	
106652	Frontal_Inf_Orb_R	0	0	0	3996	0	7284	0	2526	0	6202	0	210	0	5872	0	0	0	0	0	138	484	2684	118	1060	0	516	0	3126	0	6454	614	1422	0	206	0	0	0	422	0	452	0	402	0	0	0	0	0	0	0	0	0	0	0	0	0	240	0	0	0	0	0	0	0	0	0	0	0	0	0	0	576	2540	562	3696	160	472	0	0	0	0	0	0	0	806	0	0	0	0	0	86	0	0	0	0	0	0	0	0	0	0	0	0	0	0	0	0	0	0	0	0	0	0	0	0	0	0	
342400	Rolandic_Oper_L	10254	130	13990	1018	406	124	2274	438	0	0	15368	3340	2666	786	142	0	0	2250	7008	316	0	0	956	294	0	0	0	0	27440	3034	1888	466	218	248	0	86	1030	318	558	0	0	0	338	0	308	0	114	0	72	0	7030	0	0	0	88	0	11262	230	2750	0	712	0	3096	0	1538	0	2428	0	360	0	4356	330	3222	906	0	0	1294	426	9132	0	15870	0	2190	840	4570	0	0	0	692	0	0	0	0	0	0	0	0	0	0	0	0	0	0	0	0	0	0	0	0	0	0	0	0	0	0	0	
227024	Rolandic_Oper_R	376	2976	1540	6136	0	110	0	832	0	0	1608	17262	98	1382	0	0	2250	0	1730	5212	0	0	132	1468	0	0	0	0	3556	21638	648	1722	0	724	0	0	0	386	0	76	0	0	0	0	0	0	0	0	0	0	1046	0	0	0	0	0	448	6376	656	0	368	128	0	3624	354	336	342	104	0	1098	6120	614	698	2006	208	0	214	120	198	3684	540	5396	180	6110	234	362	0	0	0	86	0	0	0	0	0	0	0	0	0	0	0	0	0	0	0	0	0	0	0	0	0	0	0	0	0	0	
585312	Supp_Motor_Area_L	9658	556	68066	14210	766	0	6060	4164	0	0	10350	2690	3020	274	134	0	7008	1730	0	31854	0	162	5242	7522	140	0	0	0	9338	2524	5144	4154	9898	15340	5356	1190	2226	1002	372	114	0	0	104	0	478	0	0	102	120	0	3646	0	0	0	0	84	3554	470	2114	0	1772	0	2140	0	2248	74	3268	0	7112	0	5840	1000	12194	516	4690	2482	2544	974	1318	0	1990	0	414	276	612	0	0	0	256	0	0	0	0	0	0	0	0	0	0	0	0	0	0	0	0	0	0	0	0	0	0	0	0	0	0	0	
703404	Supp_Motor_Area_R	6392	3354	15690	66694	0	804	2310	10432	0	0	166	8144	112	2330	0	138	316	5212	31854	0	180	540	2870	17558	0	252	0	0	480	6880	3210	13070	4866	50094	1370	6824	182	1660	0	668	0	96	0	446	100	702	0	406	0	1026	338	1078	0	366	0	626	1306	3856	148	88	208	310	120	1272	306	622	362	2658	3326	10388	3980	15996	1918	12062	696	11732	486	5598	70	394	72	610	0	1122	0	898	0	0	0	1262	0	0	0	0	0	0	0	0	0	0	0	0	0	0	0	0	0	0	0	0	0	0	0	0	0	0	
104228	Olfactory_L	0	0	270	90	2536	1280	0	0	1066	0	0	0	0	0	2916	484	0	0	0	180	0	4760	0	0	154	386	1632	1256	3566	186	4392	1280	0	0	0	0	488	176	542	142	1352	202	0	0	0	0	0	0	0	0	0	0	0	0	162	0	0	0	0	0	0	0	0	0	0	0	0	0	0	0	8946	3244	5908	986	1438	1242	0	0	0	0	0	0	852	0	0	0	0	0	0	0	0	0	0	0	0	0	0	0	0	0	0	0	0	0	0	0	0	0	0	0	0	0	0	0	0	0	
140908	Olfactory_R	0	0	126	392	162	4754	0	0	0	346	0	0	0	0	104	2684	0	0	162	540	4760	0	0	0	0	1898	292	5198	136	2760	3406	3492	0	0	0	0	0	1412	0	1384	94	2410	0	0	0	0	0	0	0	0	0	0	0	0	0	590	0	0	0	0	0	0	0	0	0	0	0	0	0	0	6868	10464	5628	3816	2144	3016	0	0	0	0	0	0	0	1244	0	0	0	0	0	172	0	0	0	0	0	0	0	0	0	0	0	0	0	0	0	0	0	0	0	0	0	0	0	0	0	0	
465484	Frontal_Sup_Medial_L	154	146	43034	15344	6766	146	14848	1750	168	0	5204	568	8980	506	1688	118	956	132	5242	2870	0	0	0	32094	1832	688	128	0	11188	696	28474	21508	4120	17122	0	0	176	252	0	0	0	0	0	0	0	0	0	0	0	0	102	0	0	0	0	0	0	258	0	0	0	0	0	0	0	0	0	0	0	0	844	284	3316	432	0	0	72	128	168	0	90	0	150	0	0	0	0	0	0	0	0	0	0	0	0	0	0	0	0	0	0	0	0	0	0	0	0	0	0	0	0	0	0	0	0	0	
526700	Frontal_Sup_Medial_R	120	462	9292	52844	622	2840	2204	10978	0	0	1524	5504	1896	4234	168	1060	294	1468	7522	17558	0	0	32094	0	156	5350	0	258	1562	5790	11606	39226	948	30392	72	124	140	642	0	0	0	0	0	0	0	0	0	0	0	0	0	0	0	0	0	0	0	896	0	0	0	0	0	110	0	0	0	0	0	0	526	7254	300	4278	0	98	0	352	0	0	0	72	0	514	0	0	0	0	0	0	0	0	0	0	0	0	0	0	0	0	0	0	0	0	0	0	0	0	0	0	0	0	0	0	0	0	
27528	Frontal_Med_Orb_L	0	0	914	0	2360	276	0	0	146	0	0	0	0	0	136	0	0	0	140	0	154	0	1832	156	0	984	1604	344	162	0	3312	176	0	0	0	0	0	0	0	0	0	0	0	0	0	0	0	0	0	0	0	0	0	0	0	0	0	0	0	0	0	0	0	0	0	0	0	0	0	0	252	0	816	0	0	0	0	0	0	0	0	0	0	0	0	0	0	0	0	0	0	0	0	0	0	0	0	0	0	0	0	0	0	0	0	0	0	0	0	0	0	0	0	0	0	0	
94848	Frontal_Med_Orb_R	0	0	0	2970	168	7234	0	0	0	478	0	0	0	0	0	516	0	0	0	252	386	1898	688	5350	984	0	400	4446	0	310	3022	6806	0	136	0	0	0	0	0	0	0	0	0	0	0	0	0	0	0	0	0	0	0	0	0	0	0	0	0	0	0	0	0	0	0	0	0	0	0	0	188	5888	128	4806	0	370	0	0	0	0	0	0	0	0	0	0	0	0	0	0	0	0	0	0	0	0	0	0	0	0	0	0	0	0	0	0	0	0	0	0	0	0	0	0	0	0	
51256	Rectus_L	0	0	0	0	6192	198	0	0	3226	0	0	0	0	0	2918	0	0	0	0	0	1632	292	128	0	1604	400	0	444	988	0	3044	378	0	0	0	0	0	0	0	0	208	0	0	0	0	0	0	0	0	0	0	0	0	0	0	0	0	0	0	0	0	0	0	0	0	0	0	0	0	0	2610	160	820	0	0	0	0	0	0	0	0	0	386	0	0	0	0	0	0	0	0	0	0	0	0	0	0	0	0	0	0	0	0	0	0	0	0	0	0	0	0	0	0	0	0	0	
80772	Rectus_R	0	0	0	178	140	8438	0	0	0	578	0	0	0	0	0	3126	0	0	0	0	1256	5198	0	258	344	4446	444	0	0	1360	1180	1652	0	0	0	0	0	174	0	246	0	532	0	0	0	0	0	0	0	0	0	0	0	0	0	90	0	0	0	0	0	0	0	0	0	0	0	0	0	0	1508	4510	1350	2022	430	444	0	0	0	0	0	0	0	482	0	0	0	0	0	0	0	0	0	0	0	0	0	0	0	0	0	0	0	0	0	0	0	0	0	0	0	0	0	0	0	0	
696236	Insula_L	4100	266	34702	1876	12110	152	11450	378	4162	0	22472	5344	25900	1258	18180	0	27440	3556	9338	480	3566	136	11188	1562	162	0	988	0	0	4126	11462	2622	846	1866	400	878	10826	1246	4424	230	3126	0	584	0	460	0	206	134	180	0	8746	0	526	0	3094	100	4278	568	3626	0	1186	0	1194	0	1816	0	2306	0	240	0	9742	404	24684	926	90	102	3186	926	10730	0	9346	0	5172	1294	4956	0	170	0	4328	0	0	0	0	0	0	0	0	0	0	0	0	0	0	0	0	0	0	0	0	0	0	0	0	0	0	0	
457232	Insula_R	474	1070	2154	16352	0	2386	140	3552	0	512	2204	19634	202	9866	0	6454	3034	21638	2524	6880	186	2760	696	5790	0	310	0	1360	4126	0	1544	7856	0	2282	96	292	156	6960	0	2438	0	1556	0	276	0	102	0	228	0	120	992	512	0	304	0	3618	388	1242	666	0	364	0	0	138	550	2004	398	608	0	344	8448	3954	718	22310	84	594	372	708	174	3386	620	11420	276	7740	98	9686	0	0	0	7690	0	0	0	0	0	0	0	0	0	0	0	0	0	0	0	0	0	0	0	0	0	0	0	0	0	0	
431424	Cingulum_Ant_L	152	0	15858	7352	6542	1268	4746	588	1012	70	6886	1080	8576	384	2852	614	1888	648	5144	3210	4392	3406	28474	11606	3312	3022	3044	1180	11462	1544	0	26242	5090	10940	628	0	156	88	0	0	122	0	74	0	0	0	0	0	0	0	316	0	0	0	0	0	0	0	0	0	0	0	0	0	0	0	90	0	0	0	11008	4096	11186	2402	426	992	74	0	224	0	196	0	492	402	156	0	0	0	0	0	0	0	0	0	0	0	0	0	0	0	0	0	0	0	0	0	0	0	0	0	0	0	0	0	0	0	
523436	Cingulum_Ant_R	120	0	6232	33714	886	4022	1378	3114	78	188	2776	3832	2712	4066	202	1422	466	1722	4154	13070	1280	3492	21508	39226	176	6806	378	1652	2622	7856	26242	0	2460	29506	0	124	70	218	0	0	0	0	0	0	0	0	0	0	0	0	0	0	0	0	0	0	0	108	0	0	0	0	0	0	0	0	0	0	0	0	4196	15042	3046	8136	156	1788	0	124	0	0	0	92	94	1166	0	0	0	0	0	0	0	0	0	0	0	0	0	0	0	0	0	0	0	0	0	0	0	0	0	0	0	0	0	0	0	0	
181432	Cingulum_Mid_L	914	0	3954	1240	0	0	1342	0	0	0	182	0	642	0	370	0	218	0	9898	4866	0	0	4120	948	0	0	0	0	846	0	5090	2460	0	10850	6432	2528	0	0	0	0	0	0	610	0	1772	336	182	0	4492	502	6314	386	0	0	0	0	542	0	952	0	390	0	406	0	272	0	8646	1298	4230	206	108	0	80	0	0	146	0	0	106	0	282	0	0	0	1478	0	0	0	80	0	0	0	0	0	0	0	0	0	0	0	0	0	0	0	0	0	0	0	0	0	0	0	0	0	0	0	
638500	Cingulum_Mid_R	3396	1256	5670	21526	250	132	1338	8294	0	0	2120	3724	2222	1836	118	206	248	724	15340	50094	0	0	17122	30392	0	136	0	0	1866	2282	10940	29506	10850	0	2348	9448	142	826	0	422	0	0	0	2370	116	11726	0	1544	70	11204	152	7932	0	926	0	504	0	1892	0	428	0	320	0	590	0	854	1306	19984	2164	10360	506	1058	480	1062	160	574	0	354	80	90	0	856	0	356	0	1844	0	0	0	2614	0	0	0	0	0	0	0	0	0	0	0	0	0	0	0	0	0	0	0	0	0	0	0	0	0	0	
153836	Cingulum_Post_L	5006	0	1436	404	0	0	94	232	0	0	0	0	0	0	0	0	0	0	5356	1370	0	0	0	72	0	0	0	0	400	96	628	0	6432	2348	0	10430	5954	2694	1646	1366	0	0	2162	96	2248	436	2476	554	1034	196	964	130	288	88	0	150	146	0	178	0	0	0	0	0	0	0	9980	2294	5162	234	0	0	132	196	0	72	288	632	272	0	0	0	0	0	270	116	0	0	0	160	0	0	0	0	0	0	0	0	0	0	0	0	0	0	0	0	0	0	0	0	0	0	0	0	0	0	
191620	Cingulum_Post_R	2484	144	424	844	0	0	114	414	0	0	0	116	0	0	0	0	86	0	1190	6824	0	0	0	124	0	0	0	0	878	292	0	124	2528	9448	10430	0	5374	5940	1398	2602	0	0	0	4842	198	1936	1150	4120	0	1464	216	1148	94	696	0	616	134	0	118	0	82	0	0	100	0	432	2392	12394	722	1028	114	0	430	400	0	228	2138	2352	322	0	0	204	0	0	132	2140	0	0	0	1412	0	0	0	0	0	0	0	0	0	0	0	0	0	0	0	0	0	0	0	0	278	0	0	0	0	0	
244004	Hippocampus_L	2172	100	2836	572	174	0	220	392	82	0	380	104	0	0	312	0	1030	0	2226	182	488	0	176	140	0	0	0	0	10826	156	156	70	0	142	5954	5374	0	4438	17342	1648	7018	0	1230	0	318	0	3326	830	0	0	1612	0	2232	0	10142	202	910	0	462	0	228	0	456	0	248	0	2640	792	0	0	182	0	8380	426	616	0	5916	2224	2000	0	1848	0	862	0	1638	0	104	0	6202	104	456	0	0	0	0	0	244	0	462	0	0	0	0	0	0	0	0	0	0	0	0	0	0	0	0	0	
411400	Hippocampus_R	1604	744	954	3746	0	276	140	1944	0	0	0	1022	0	836	0	422	318	386	1002	1660	176	1412	252	642	0	0	0	174	1246	6960	88	218	0	826	2694	5940	4438	0	962	38490	0	15376	0	1948	0	252	712	8840	0	224	210	408	118	4616	108	32090	180	94	106	0	136	0	78	0	98	0	144	6550	0	128	938	816	600	11690	0	1450	3068	5930	238	812	76	1766	0	3112	172	2202	0	446	76	17092	0	282	0	0	0	142	0	2104	0	330	0	0	0	0	0	0	0	0	0	0	370	0	0	0	0	0	
158248	ParaHippocampal_L	186	0	766	0	88	0	210	0	98	0	260	0	0	0	422	0	558	0	372	0	542	0	0	0	0	0	0	0	4424	0	0	0	0	0	1646	1398	17342	962	0	568	3038	0	494	0	212	0	7352	430	0	0	2666	0	2948	0	12082	0	194	0	384	0	0	0	76	0	240	0	1160	252	0	0	0	0	5772	0	432	0	1764	430	118	0	666	0	1710	0	826	0	1214	0	2230	0	500	0	0	0	222	0	994	0	804	0	0	0	0	0	0	0	0	0	0	72	0	0	0	0	0	0	
364084	ParaHippocampal_R	236	144	132	1470	0	312	0	456	0	0	0	268	0	180	0	452	0	76	114	668	142	1384	0	0	0	0	0	246	230	2438	0	0	0	422	1366	2602	1648	38490	568	0	0	15626	0	2968	0	518	506	13216	0	486	0	920	0	8268	0	37616	0	0	0	0	0	0	0	0	0	0	0	7946	0	0	194	766	124	5798	0	1258	700	2184	78	492	0	574	0	4908	0	1212	0	2890	0	13512	0	716	0	0	0	160	0	3320	0	848	0	0	0	0	0	0	0	0	0	0	194	0	0	0	0	0	
52080	Amygdala_L	0	0	428	0	622	0	0	0	320	0	0	0	0	0	712	0	0	0	0	0	1352	94	0	0	0	0	208	0	3126	0	122	0	0	0	0	0	7018	0	3038	0	0	0	0	0	0	0	0	0	0	0	0	0	0	0	3020	0	0	0	0	0	0	0	0	0	0	0	0	0	0	0	800	0	2808	0	0	0	126	0	0	0	114	0	1022	0	0	0	316	0	794	0	0	0	0	0	0	0	0	0	0	0	0	0	0	0	0	0	0	0	0	0	0	0	0	0	0	0	
116364	Amygdala_R	0	0	0	114	0	410	0	0	0	0	0	0	0	0	0	402	0	0	0	96	202	2410	0	0	0	0	0	532	0	1556	0	0	0	0	0	0	0	15376	0	15626	0	0	0	0	0	0	0	102	0	0	0	0	0	320	0	9558	0	0	0	0	0	0	0	0	0	0	0	0	0	0	132	1726	0	1676	0	288	342	200	0	0	0	0	0	3692	0	98	0	570	0	1684	0	134	0	0	0	122	0	672	0	142	0	0	0	0	0	0	0	0	0	0	0	0	0	0	0	0	
275296	Calcarine_L	382	0	120	0	0	0	0	0	0	0	72	0	0	0	0	0	338	0	104	0	0	0	0	0	0	0	0	0	584	0	74	0	610	0	2162	0	1230	0	494	0	0	0	0	7900	18546	6190	21930	3044	13204	2656	27498	844	3194	0	2310	70	102	0	108	0	166	0	202	0	174	0	16574	252	464	0	218	0	230	0	0	0	0	0	268	0	618	0	0	0	3890	0	0	0	328	0	82	0	0	0	0	0	152	0	182	0	0	0	0	0	0	0	0	0	0	0	82	0	0	0	0	0	
344936	Calcarine_R	0	120	0	102	0	0	0	0	0	0	0	0	0	0	0	0	0	0	0	446	0	0	0	0	0	0	0	0	0	276	0	0	0	2370	96	4842	0	1948	0	2968	0	0	7900	0	4386	27400	2174	29868	198	21096	222	19870	0	7590	0	5658	0	0	74	0	0	0	0	0	0	314	1012	21154	0	370	0	0	0	0	0	0	0	0	0	0	0	80	0	0	0	5136	0	0	0	2718	136	124	0	0	0	0	0	234	310	266	0	0	0	0	0	0	0	0	0	0	578	432	0	0	0	0	
225208	Cuneus_L	608	0	136	0	0	0	0	0	0	0	0	0	0	0	0	0	308	0	478	100	0	0	0	0	0	0	0	0	460	0	0	0	1772	116	2248	198	318	0	212	0	0	0	18546	4386	0	6866	3260	244	22404	2170	14560	732	168	0	128	0	158	0	2372	0	394	0	376	0	374	0	20354	1024	2326	0	158	0	130	0	0	0	0	0	270	0	648	0	0	0	3342	0	0	0	260	0	0	0	0	0	0	0	0	0	0	0	0	0	0	0	0	0	0	0	0	0	0	0	0	0	0	0	
364436	Cuneus_R	0	158	0	204	0	0	0	0	0	0	0	0	0	0	0	0	0	0	0	702	0	0	0	0	0	0	0	0	0	102	0	0	336	11726	436	1936	0	252	0	518	0	0	6190	27400	6866	0	1416	9394	262	40840	186	18688	0	2428	0	2244	0	332	136	2214	0	164	0	182	0	1076	6864	31832	0	3248	0	0	0	0	0	0	0	0	0	0	0	356	0	0	0	1806	0	0	0	1254	0	0	0	0	0	0	0	0	82	142	0	0	0	0	0	0	0	0	0	0	118	128	0	0	0	0	
344264	Lingual_L	138	0	80	0	0	0	0	0	0	0	0	0	0	0	0	0	114	0	0	0	0	0	0	0	0	0	0	0	206	0	0	0	182	0	2476	1150	3326	712	7352	506	0	0	21930	2174	3260	1416	0	4464	5482	1368	30804	474	14396	94	20004	216	0	0	0	0	0	0	72	0	78	0	6758	268	250	0	0	0	0	0	0	0	720	244	184	0	148	0	0	0	2828	0	0	0	1554	0	3736	1014	246	0	242	0	7758	806	11314	1908	0	0	0	282	0	354	0	390	0	0	4938	2594	938	0	184	0	
495100	Lingual_R	76	168	102	600	0	0	0	288	0	0	0	136	0	130	0	0	0	0	102	406	0	0	0	0	0	0	0	0	134	228	0	0	0	1544	554	4120	830	8840	430	13216	0	102	3044	29868	244	9394	4464	0	0	9792	122	11888	156	16302	1118	24896	0	0	0	0	0	0	0	0	0	190	158	16976	0	216	0	0	104	0	0	0	266	1268	0	480	0	546	0	0	0	3122	0	0	0	7688	2920	5160	1540	220	112	80	5498	8830	8238	11626	1538	0	2446	180	1340	136	242	0	0	556	11946	8976	1314	164	180	0	
227988	Occipital_Sup_L	114	0	72	0	0	0	0	0	0	0	0	0	0	0	0	0	72	0	120	0	0	0	0	0	0	0	0	0	180	0	0	0	4492	70	1034	0	0	0	0	0	0	0	13204	198	22404	262	5482	0	0	94	32472	0	560	0	218	0	224	0	9336	88	1974	0	822	0	1148	0	16154	656	386	0	74	0	90	0	0	0	0	0	0	0	330	0	0	0	1664	0	0	0	0	0	0	0	0	0	0	0	0	0	0	0	0	0	0	0	0	0	0	0	0	0	0	0	0	0	0	0	
331088	Occipital_Sup_R	0	278	0	280	0	0	0	0	0	0	0	0	0	0	0	0	0	0	0	1026	0	0	0	0	0	0	0	0	0	120	0	0	502	11204	196	1464	0	224	0	486	0	0	2656	21096	2170	40840	1368	9792	94	0	152	25382	0	2628	0	2608	0	296	0	2372	0	142	0	216	0	2644	3328	24104	72	2734	112	0	104	0	74	0	0	0	0	92	0	542	0	0	0	1988	0	0	0	1138	70	84	0	0	0	0	0	0	240	184	0	0	0	0	0	0	0	0	0	0	106	336	0	0	0	0	
788936	Occipital_Mid_L	7318	158	4978	282	0	0	1430	114	0	0	1822	1004	886	0	0	0	7030	1046	3646	338	0	0	102	0	0	0	0	0	8746	992	316	0	6314	152	964	216	1612	210	2666	0	0	0	27498	222	14560	186	30804	122	32472	152	0	0	22180	0	14906	0	7016	316	24382	0	20704	0	10980	0	35686	0	33122	72	3958	0	2910	246	2522	182	414	0	610	132	4174	0	7316	0	0	152	34124	0	0	0	7290	0	738	0	74	0	0	0	572	0	1086	0	0	0	0	0	0	0	0	0	0	0	246	0	0	0	0	0	
306880	Occipital_Mid_R	0	160	0	250	0	0	0	0	0	0	0	106	0	0	0	0	0	0	0	1078	0	0	0	0	0	0	0	0	0	512	0	0	386	7932	130	1148	0	408	0	920	0	0	844	19870	732	18688	474	11888	0	25382	0	0	0	7054	0	5016	0	324	0	340	0	2734	0	1262	0	14696	532	12204	72	2274	114	0	0	0	0	0	0	0	0	0	0	908	0	0	0	12326	0	0	0	1512	0	106	0	0	0	0	0	90	234	242	0	0	0	0	0	0	0	0	0	0	134	358	0	0	0	0	
175436	Occipital_Inf_L	0	0	88	0	0	0	0	0	0	0	0	0	0	0	0	0	0	0	0	0	0	0	0	0	0	0	0	0	526	0	0	0	0	0	288	94	2232	118	2948	0	0	0	3194	0	168	0	14396	156	560	0	22180	0	0	0	17758	0	0	0	0	0	0	0	0	0	0	0	542	0	0	0	0	0	0	0	0	0	170	0	444	0	936	0	0	0	3862	0	0	0	10418	0	2332	0	134	0	0	0	946	0	2682	110	0	0	0	0	0	0	0	0	0	0	266	100	70	0	0	0	
194388	Occipital_Inf_R	0	232	0	442	0	0	0	154	0	0	0	144	0	132	0	0	0	0	0	366	0	0	0	0	0	0	0	0	0	304	0	0	0	926	88	696	0	4616	0	8268	0	320	0	7590	0	2428	94	16302	0	2628	0	7054	0	0	0	16368	0	94	0	0	0	0	0	0	0	0	0	7294	0	270	0	0	0	74	0	0	0	154	0	590	0	1016	0	0	0	3120	0	0	0	12458	0	348	0	0	0	0	0	784	132	862	0	0	0	0	0	0	0	0	0	172	414	260	0	0	0	0	
405844	Fusiform_L	72	0	138	0	0	0	0	0	0	0	0	0	0	0	132	0	88	0	0	0	162	0	0	0	0	0	0	0	3094	0	0	0	0	0	0	0	10142	108	12082	0	3020	0	2310	0	128	0	20004	1118	218	0	14906	0	17758	0	0	114	0	0	0	0	0	0	0	0	0	0	398	0	0	0	0	0	2084	0	0	0	422	80	0	0	3310	0	5938	0	6428	0	5036	0	22500	0	19288	340	1852	0	74	0	15134	610	27454	836	1058	0	1134	0	0	0	0	0	0	0	2334	708	310	0	0	0	
513940	Fusiform_R	0	150	74	1440	0	98	0	326	0	0	0	270	0	192	0	240	0	0	84	626	0	590	0	0	0	0	0	90	100	3618	0	0	0	504	150	616	202	32090	0	37616	0	9558	70	5658	0	2244	216	24896	0	2608	0	5016	0	16368	114	0	0	0	0	0	0	0	0	0	0	0	0	5434	0	0	116	458	0	6792	0	920	166	718	0	626	0	2458	0	11036	0	5620	0	4642	0	31660	380	7242	232	94	0	290	458	10398	992	12226	238	0	388	0	134	0	0	0	0	1096	4066	1876	390	0	0	0	
298704	Postcentral_L	28802	682	7048	914	0	0	1404	384	0	0	3908	554	790	0	0	0	11262	448	3554	1306	0	0	0	0	0	0	0	0	4278	388	0	0	542	0	146	134	910	180	194	0	0	0	102	0	158	0	0	0	224	0	7016	0	0	0	0	0	0	240	9462	0	22020	0	10714	0	5018	0	5180	0	5098	0	1476	302	896	0	328	94	2372	308	3332	0	5498	0	0	120	1302	0	0	0	264	0	0	0	0	0	0	0	0	0	0	0	0	0	0	0	0	0	0	0	0	0	0	0	0	0	0	0	
198352	Postcentral_R	200	17498	164	3756	0	0	0	854	0	0	0	4312	0	1226	0	0	230	6376	470	3856	0	0	258	896	0	0	0	0	568	1242	0	108	0	1892	0	0	0	94	0	0	0	0	0	0	0	332	0	0	0	296	316	324	0	94	0	0	240	0	288	6890	174	11004	0	14552	154	2466	142	2962	0	9388	1056	0	844	0	280	0	0	0	0	600	122	1548	0	0	0	368	0	0	0	736	0	0	0	0	0	0	0	0	0	0	0	0	0	0	0	0	0	0	0	0	0	0	0	0	0	0	
259628	Parietal_Sup_L	3260	128	2572	154	0	0	628	98	0	0	600	668	252	0	0	0	2750	656	2114	148	0	0	0	0	0	0	0	0	3626	666	0	0	952	0	178	118	462	106	384	0	0	0	108	74	2372	136	0	0	9336	0	24382	0	0	0	0	0	9462	288	0	96	13796	0	3342	0	8788	0	27154	540	2538	0	1748	134	1238	108	370	0	310	86	776	0	792	0	0	132	1094	0	0	0	94	0	0	0	0	0	0	0	0	0	0	0	0	0	0	0	0	0	0	0	0	0	0	0	0	0	0	0	
66420	Parietal_Sup_R	0	506	0	0	0	0	0	0	0	0	0	0	0	0	0	0	0	0	0	88	0	0	0	0	0	0	0	0	0	0	0	0	0	428	0	0	0	0	0	0	0	0	0	0	0	2214	0	0	88	2372	0	340	0	0	0	0	0	6890	96	0	0	5104	0	1420	0	3128	1218	7614	0	1704	0	0	0	0	0	0	0	0	0	0	0	0	0	0	0	0	0	0	0	0	0	0	0	0	0	0	0	0	0	0	0	0	0	0	0	0	0	0	0	0	0	0	0	0	0	0	
299464	Parietal_Inf_L	8358	0	3986	136	0	0	2078	0	0	0	1694	416	1128	0	0	0	712	368	1772	208	0	0	0	0	0	0	0	0	1186	364	0	0	390	0	0	82	228	136	0	0	0	0	166	0	394	0	0	0	1974	0	20704	0	0	0	0	0	22020	174	13796	0	0	0	21586	0	26854	0	7096	0	3026	0	898	70	160	0	0	0	952	144	234	0	806	0	0	118	5092	0	0	0	226	0	0	0	0	0	0	0	0	0	0	0	0	0	0	0	0	0	0	0	0	0	0	0	0	0	0	0	
90672	Parietal_Inf_R	0	1674	0	126	0	0	0	0	0	0	0	168	0	76	0	0	0	128	0	310	0	0	0	0	0	0	0	0	0	0	0	0	0	320	0	0	0	0	0	0	0	0	0	0	0	164	0	0	0	142	0	2734	0	0	0	0	0	11004	0	5104	0	0	0	11400	0	9750	0	590	0	1276	142	0	128	0	0	0	0	0	0	0	0	0	0	0	0	0	0	0	0	100	0	0	0	0	0	0	0	0	0	0	0	0	0	0	0	0	0	0	0	0	0	0	0	0	0	0	
212360	SupraMarginal_L	1616	0	2560	0	0	0	138	0	0	0	520	108	678	0	0	0	3096	0	2140	120	0	0	0	0	0	0	0	0	1194	0	0	0	406	0	0	0	456	78	76	0	0	0	202	0	376	0	72	0	822	0	10980	0	0	0	0	0	10714	0	3342	0	21586	0	0	0	15416	0	4172	0	454	0	166	0	92	0	0	0	186	0	770	0	9354	0	0	0	13524	0	0	0	766	0	0	0	0	0	0	0	0	0	0	0	0	0	0	0	0	0	0	0	0	0	0	0	0	0	0	0	
115688	SupraMarginal_R	0	3530	0	1370	0	0	0	108	0	0	0	720	0	110	0	0	0	3624	0	1272	0	0	0	110	0	0	0	0	0	138	0	0	0	590	0	100	0	0	0	0	0	0	0	0	0	182	0	0	0	216	0	1262	0	0	0	0	0	14552	0	1420	0	11400	0	0	0	7062	0	330	0	1466	416	0	506	0	276	0	0	0	0	0	0	5640	0	0	0	1260	0	0	0	184	0	0	0	0	0	0	0	0	0	0	0	0	0	0	0	0	0	0	0	0	0	0	0	0	0	0	
279332	Angular_L	5442	86	3394	204	0	0	1768	0	0	0	1460	272	538	0	0	0	1538	354	2248	306	0	0	0	0	0	0	0	0	1816	550	0	0	272	0	0	0	248	98	240	0	0	0	174	0	374	0	78	0	1148	0	35686	0	0	0	0	0	5018	154	8788	0	26854	0	15416	0	0	0	7386	0	1176	0	1258	190	610	122	134	0	1032	110	264	0	2944	0	0	132	9630	0	0	0	154	0	0	0	0	0	0	0	0	0	0	0	0	0	0	0	0	0	0	0	0	0	0	0	0	0	0	0	
117352	Angular_R	0	422	72	168	0	0	0	0	0	0	0	130	0	106	0	0	0	336	74	622	0	0	0	0	0	0	0	0	0	2004	0	0	0	854	0	432	0	0	0	0	0	0	0	314	0	1076	0	190	0	2644	0	14696	0	0	0	0	0	2466	0	3128	0	9750	0	7062	0	0	0	2138	0	924	268	0	0	0	0	0	0	0	0	0	0	3456	0	0	0	4950	0	0	0	394	0	0	0	0	0	0	0	0	0	0	0	0	0	0	0	0	0	0	0	0	0	0	0	0	0	0	
460472	Precuneus_L	3888	98	2434	200	0	0	438	86	0	0	488	316	192	0	0	0	2428	342	3268	362	0	0	0	0	0	0	0	0	2306	398	90	0	8646	1306	9980	2392	2640	144	1160	0	0	0	16574	1012	20354	6864	6758	158	16154	3328	33122	532	542	0	398	0	5180	142	27154	1218	7096	0	4172	0	7386	0	0	10726	6308	132	1138	134	1244	84	392	0	402	104	778	0	1594	0	0	86	4964	0	0	0	404	0	0	0	0	0	0	0	0	0	0	0	0	0	0	0	0	0	0	0	0	0	0	0	0	0	0	0	
453504	Precuneus_R	120	868	0	1022	0	0	0	192	0	0	0	192	0	156	0	0	0	104	0	2658	0	0	0	0	0	0	0	0	0	608	0	0	1298	19984	2294	12394	792	6550	252	7946	0	0	252	21154	1024	31832	268	16976	656	24104	72	12204	0	7294	0	5434	0	2962	540	7614	0	590	0	330	0	2138	10726	0	156	7368	228	0	180	0	120	0	152	788	0	492	0	1310	0	0	0	4994	0	0	0	6532	0	0	0	0	0	0	0	100	0	0	0	0	0	0	0	0	0	0	0	0	732	0	0	0	0	0	
124796	Paracentral_Lobule_L	6958	0	2226	1090	0	0	234	0	0	0	538	0	246	0	0	0	360	0	7112	3326	0	0	0	0	0	0	0	0	240	0	0	0	4230	2164	5162	722	0	0	0	0	0	0	464	0	2326	0	250	0	386	72	3958	72	0	0	0	0	5098	0	2538	0	3026	0	454	0	1176	0	6308	156	0	142	88	0	0	0	0	730	0	0	0	0	98	0	0	0	448	0	0	0	0	0	0	0	0	0	0	0	0	0	0	0	0	0	0	0	0	0	0	0	0	0	0	0	0	0	0	0	
135896	Paracentral_Lobule_R	76	6300	0	886	0	0	0	0	0	0	0	778	0	370	0	0	0	1098	0	10388	0	0	0	0	0	0	0	0	0	344	0	0	206	10360	234	1028	0	128	0	0	0	0	0	370	0	3248	0	216	0	2734	0	2274	0	270	0	0	0	9388	0	1704	0	1276	0	1466	0	924	132	7368	142	0	176	0	164	0	100	0	0	146	0	212	0	676	0	0	0	1092	0	0	0	1674	0	0	0	0	0	0	0	0	0	0	0	0	0	0	0	0	0	0	0	0	0	0	0	0	0	0	
389132	Caudate_L	2136	1200	8838	4280	3276	1790	1028	954	1160	78	1960	6356	1406	660	3086	576	4356	6120	5840	3980	8946	6868	844	526	252	188	2610	1508	9742	8448	11008	4196	108	506	0	114	182	938	0	194	800	132	218	0	158	0	0	0	74	112	2910	114	0	0	0	116	1476	1056	1748	0	898	142	166	416	1258	268	1138	228	88	176	0	10424	26108	5966	6906	5052	3634	1084	540	112	1300	156	770	1604	558	266	0	0	0	136	0	0	0	0	0	0	0	0	0	0	0	0	0	0	0	0	0	0	0	0	0	0	0	0	0	0	
349896	Caudate_R	404	76	1014	20528	82	9446	152	162	0	810	0	882	0	350	0	2540	330	614	1000	15996	3244	10464	284	7254	0	5888	160	4510	404	3954	4096	15042	0	1058	0	0	0	816	0	766	0	1726	0	0	0	0	0	0	0	0	246	0	0	0	0	458	302	0	134	0	70	0	0	0	190	0	134	0	0	0	10424	0	6632	19304	2520	9140	390	9578	0	0	0	0	0	1250	0	0	0	0	0	124	0	0	0	0	0	0	0	0	0	0	0	0	0	0	0	0	0	0	0	0	0	0	0	0	0	0	
444192	Putamen_L	786	2122	21650	1982	8248	1520	2582	1050	3472	76	2758	318	2820	0	7544	562	3222	698	12194	1918	5908	5628	3316	300	816	128	820	1350	24684	718	11186	3046	80	480	132	430	8380	600	5772	124	2808	0	230	0	130	0	0	104	90	104	2522	0	0	0	2084	0	896	844	1238	0	160	128	92	506	610	0	1244	180	0	164	26108	6632	0	2904	10074	3130	4096	506	628	0	972	72	1562	118	546	0	194	0	1000	0	0	0	0	0	0	0	0	0	0	0	0	0	0	0	0	0	0	0	0	0	0	0	0	0	0	0	
362212	Putamen_R	502	0	492	18486	0	7984	146	910	0	1288	70	2406	0	1918	0	3696	906	2006	516	12062	986	3816	432	4278	0	4806	0	2022	926	22310	2402	8136	0	1062	196	400	426	11690	0	5798	0	1676	0	0	0	0	0	0	0	0	182	0	0	74	0	6792	0	0	108	0	0	0	0	0	122	0	84	0	0	0	5966	19304	2904	0	498	7386	242	4140	0	0	142	716	112	528	0	1278	0	0	0	5778	0	0	0	0	0	0	0	0	0	0	0	0	0	0	0	0	0	0	0	0	0	0	0	0	0	0	
87108	Pallidum_L	506	282	4854	604	0	490	98	160	0	0	0	0	0	0	0	160	0	208	4690	696	1438	2144	0	0	0	0	0	430	90	84	426	156	0	160	0	0	616	0	432	0	0	0	0	0	0	0	0	0	0	74	414	0	0	0	0	0	328	280	370	0	0	0	0	276	134	0	392	120	0	100	6906	2520	10074	498	0	1224	1120	0	0	0	0	0	0	0	0	0	0	0	0	0	0	0	0	0	0	0	0	0	0	0	0	0	0	0	0	0	0	0	0	0	0	0	0	0	0	0	
145680	Pallidum_R	1200	0	2216	12024	0	764	622	0	0	124	0	0	0	0	0	472	0	0	2482	11732	1242	3016	0	98	0	370	0	444	102	594	992	1788	146	574	72	228	0	1450	0	1258	0	288	0	0	0	0	0	0	0	0	0	0	0	0	0	920	94	0	0	0	0	0	0	0	0	0	0	0	730	0	5052	9140	3130	7386	1224	0	0	422	0	0	0	0	0	0	0	0	0	0	0	444	0	0	0	0	0	0	0	0	0	0	0	0	0	0	0	0	0	0	0	0	0	0	0	0	0	0	
126596	Thalamus_L	5916	90	4996	1050	0	0	2948	186	0	0	0	262	0	0	0	0	1294	214	2544	486	0	0	72	0	0	0	0	0	3186	372	74	0	0	0	288	2138	5916	3068	1764	700	126	342	0	0	0	0	720	266	0	0	610	0	170	0	422	166	2372	0	310	0	952	0	186	0	1032	0	402	152	0	0	3634	390	4096	242	1120	0	0	6482	416	0	348	0	0	116	374	0	0	0	288	0	0	0	0	0	0	0	0	0	0	0	0	0	0	0	0	0	0	0	0	0	0	0	0	0	0	0	
133708	Thalamus_R	1738	482	1080	8872	0	0	178	2918	0	0	0	364	0	190	0	0	426	120	974	5598	0	0	128	352	0	0	0	0	926	708	0	124	0	354	632	2352	2224	5930	430	2184	0	200	0	0	0	0	244	1268	0	0	132	0	0	154	80	718	308	0	86	0	144	0	0	0	110	0	104	788	0	146	1084	9578	506	4140	0	422	6482	0	116	0	0	0	0	0	70	0	0	0	0	442	0	0	0	0	0	0	0	114	0	0	0	0	0	0	0	0	0	0	0	0	134	0	0	0	0	0	
124832	Heschl_L	1674	0	2886	190	0	0	356	0	0	0	1766	254	594	0	0	0	9132	198	1318	70	0	0	168	0	0	0	0	0	10730	174	224	0	106	80	272	322	2000	238	118	78	0	0	268	0	270	0	184	0	0	0	4174	0	444	0	0	0	3332	0	776	0	234	0	770	0	264	0	778	0	0	0	540	0	628	0	0	0	416	116	0	0	8078	0	0	0	5840	0	0	0	2356	0	0	0	0	0	0	0	0	0	0	0	0	0	0	0	0	0	0	0	0	0	0	0	0	0	0	0	
49984	Heschl_R	0	362	0	538	0	0	0	112	0	0	0	648	0	74	0	0	0	3684	0	394	0	0	0	0	0	0	0	0	0	3386	0	0	0	90	0	0	0	812	0	492	0	0	0	0	0	0	0	480	0	92	0	0	0	590	0	626	0	600	0	0	0	0	0	0	0	0	0	492	0	212	112	0	0	0	0	0	0	0	0	0	0	7012	0	132	0	2254	0	0	0	1798	0	0	0	0	0	0	0	0	0	0	0	0	0	0	0	0	0	0	0	0	0	0	0	0	0	0	
321932	Temporal_Sup_L	3428	0	3604	318	74	0	738	242	0	0	2142	536	468	0	102	0	15870	540	1990	72	0	0	90	0	0	0	0	0	9346	620	196	0	282	0	0	0	1848	76	666	0	114	0	618	0	648	0	148	0	330	0	7316	0	936	0	3310	0	5498	122	792	0	806	0	9354	0	2944	0	1594	0	98	0	1300	0	972	142	0	0	348	0	8078	0	0	0	7300	112	40342	0	402	0	23846	0	156	0	0	0	0	0	0	0	92	0	0	0	0	0	0	0	0	0	0	0	0	0	0	0	0	0	
201780	Temporal_Sup_R	0	1362	0	1000	0	0	0	454	0	0	0	1066	0	190	0	0	0	5396	0	610	0	0	0	72	0	0	0	0	0	11420	0	92	0	856	0	204	0	1766	0	574	0	0	0	80	0	356	0	546	0	542	0	908	0	1016	0	2458	0	1548	0	0	0	0	0	5640	0	3456	0	1310	0	676	156	0	72	716	0	0	0	0	0	7012	0	0	0	6982	0	27886	0	1768	0	12700	0	0	0	0	0	0	0	0	0	0	0	0	0	0	0	0	0	0	0	0	0	0	0	0	0	0	
126812	Temporal_Pole_Sup_L	246	0	1048	0	1354	0	310	0	182	0	2874	238	1314	0	3050	0	2190	180	414	0	852	0	150	0	0	0	386	0	5172	276	492	94	0	0	0	0	862	0	1710	0	1022	0	0	0	0	0	0	0	0	0	0	0	0	0	5938	0	0	0	0	0	0	0	0	0	0	0	0	0	0	0	770	0	1562	112	0	0	0	0	0	0	7300	0	0	120	6550	0	7616	0	9022	0	0	0	0	0	0	0	0	0	0	0	0	0	0	0	0	0	0	0	0	0	0	0	0	0	0	0	
175316	Temporal_Pole_Sup_R	0	0	230	1334	0	446	0	136	0	0	1010	6092	0	530	0	806	840	6110	276	1122	0	1244	0	514	0	0	0	482	1294	7740	402	1166	0	356	0	0	0	3112	0	4908	0	3692	0	0	0	0	0	0	0	0	152	0	0	0	0	11036	120	0	132	0	118	0	0	0	132	0	86	0	0	0	1604	1250	118	528	0	0	116	0	0	132	112	6982	120	0	0	7418	0	7806	0	5854	0	0	0	0	0	0	0	0	0	0	0	0	0	0	0	0	0	0	0	0	0	0	0	0	0	0	
427896	Temporal_Mid_L	812	0	1074	0	0	0	0	0	0	0	638	222	302	0	0	0	4570	234	612	0	0	0	0	0	0	0	0	0	4956	98	156	0	1478	0	270	132	1638	172	826	0	0	0	3890	0	3342	0	2828	0	1664	0	34124	0	3862	0	6428	0	1302	0	1094	0	5092	0	13524	0	9630	0	4964	0	448	0	558	0	546	0	0	0	374	70	5840	0	40342	0	6550	0	0	0	8276	0	41010	0	0	0	0	0	0	0	0	0	0	0	0	0	0	0	0	0	0	0	0	0	0	0	0	0	0	0	
277792	Temporal_Mid_R	0	410	0	716	0	0	0	374	0	0	0	752	0	458	0	0	0	362	0	898	0	0	0	0	0	0	0	0	0	9686	0	0	0	1844	116	2140	0	2202	0	1212	0	98	0	5136	0	1806	0	3122	0	1988	0	12326	0	3120	0	5620	0	368	0	0	0	0	0	1260	0	4950	0	4994	0	1092	266	0	0	1278	0	0	0	0	0	2254	0	27886	0	7418	0	0	0	5576	0	27168	0	0	0	0	0	0	0	0	0	0	0	0	0	0	0	0	0	0	0	0	0	0	0	0	0	0	
65016	Temporal_Pole_Mid_L	0	0	0	0	82	0	0	0	0	0	0	0	0	0	152	0	0	0	0	0	0	0	0	0	0	0	0	0	170	0	0	0	0	0	0	0	104	0	1214	0	316	0	0	0	0	0	0	0	0	0	0	0	0	0	5036	0	0	0	0	0	0	0	0	0	0	0	0	0	0	0	0	0	194	0	0	0	0	0	0	0	402	0	7616	0	8276	0	0	0	8946	0	0	0	0	0	0	0	0	0	0	0	0	0	0	0	0	0	0	0	0	0	0	0	0	0	0	0	
54676	Temporal_Pole_Mid_R	0	0	0	0	0	0	0	0	0	0	0	0	0	0	0	0	0	0	0	0	0	0	0	0	0	0	0	0	0	0	0	0	0	0	0	0	0	446	0	2890	0	570	0	0	0	0	0	0	0	0	0	0	0	0	0	4642	0	0	0	0	0	0	0	0	0	0	0	0	0	0	0	0	0	0	0	0	0	0	0	0	0	1768	0	7806	0	5576	0	0	0	3640	0	0	0	0	0	0	0	0	0	0	0	0	0	0	0	0	0	0	0	0	0	0	0	0	0	0	
307056	Temporal_Inf_L	74	0	390	0	0	0	0	0	0	0	142	0	0	0	0	0	692	0	256	0	0	0	0	0	0	0	0	0	4328	0	0	0	80	0	0	0	6202	76	2230	0	794	0	328	0	260	0	1554	0	0	0	7290	0	10418	0	22500	0	264	0	94	0	226	0	766	0	154	0	404	0	0	0	0	0	1000	0	0	0	288	0	2356	0	23846	0	9022	0	41010	0	8946	0	0	0	3906	0	802	0	0	0	124	0	1446	0	442	0	736	0	0	0	0	0	0	0	0	82	0	0	0	0	
354140	Temporal_Inf_R	0	812	0	1482	0	0	0	706	0	0	0	534	0	504	0	86	0	86	0	1262	0	172	0	0	0	0	0	0	0	7690	0	0	0	2614	160	1412	104	17092	0	13512	0	1684	0	2718	0	1254	0	7688	0	1138	0	1512	0	12458	0	31660	0	736	0	0	0	100	0	184	0	394	0	6532	0	1674	136	124	0	5778	0	444	0	442	0	1798	0	12700	0	5854	0	27168	0	3640	0	0	0	630	0	0	0	0	0	180	0	216	0	0	0	0	0	0	0	0	0	0	0	0	0	0	0	0	
400828	Cerebelum_Crus1_L	0	0	0	0	0	0	0	0	0	0	0	0	0	0	0	0	0	0	0	0	0	0	0	0	0	0	0	0	0	0	0	0	0	0	0	0	456	0	500	0	0	0	82	136	0	0	3736	2920	0	70	738	0	2332	0	19288	380	0	0	0	0	0	0	0	0	0	0	0	0	0	0	0	0	0	0	0	0	0	0	0	0	156	0	0	0	0	0	0	0	3906	0	0	3408	29558	978	1926	98	16826	688	48568	4660	17484	140	19724	1130	598	664	346	0	100	676	2436	7346	5588	1696	1076	0	
403852	Cerebelum_Crus1_R	0	0	0	0	0	0	0	0	0	0	0	0	0	0	0	0	0	0	0	0	0	0	0	0	0	0	0	0	0	0	0	0	0	0	0	0	0	282	0	716	0	134	0	124	0	0	1014	5160	0	84	0	106	0	348	340	7242	0	0	0	0	0	0	0	0	0	0	0	0	0	0	0	0	0	0	0	0	0	0	0	0	0	0	0	0	0	0	0	0	0	630	3408	0	3674	22468	162	6092	1038	20144	3504	56828	2228	4580	2640	24756	408	1514	0	1620	408	3572	4788	8084	9486	2842	1318	184	
386480	Cerebelum_Crus2_L	0	0	0	0	0	0	0	0	0	0	0	0	0	0	0	0	0	0	0	0	0	0	0	0	0	0	0	0	0	0	0	0	0	0	0	0	0	0	0	0	0	0	0	0	0	0	246	1540	0	0	74	0	134	0	1852	232	0	0	0	0	0	0	0	0	0	0	0	0	0	0	0	0	0	0	0	0	0	0	0	0	0	0	0	0	0	0	0	0	802	0	29558	3674	0	9760	480	0	4030	426	13542	2744	44080	4382	38994	4384	3304	1376	166	0	0	0	2422	3836	10458	9014	1730	0	
257104	Cerebelum_Crus2_R	0	0	0	0	0	0	0	0	0	0	0	0	0	0	0	0	0	0	0	0	0	0	0	0	0	0	0	0	0	0	0	0	0	0	0	0	0	0	0	0	0	0	0	0	0	0	0	220	0	0	0	0	0	0	0	94	0	0	0	0	0	0	0	0	0	0	0	0	0	0	0	0	0	0	0	0	0	0	0	0	0	0	0	0	0	0	0	0	0	0	978	22468	9760	0	0	0	0	226	666	6046	8342	22222	6438	30744	78	802	0	0	0	0	90	954	8884	8724	816	0	
38440	Cerebelum_3_L	0	0	0	0	0	0	0	0	0	0	0	0	0	0	0	0	0	0	0	0	0	0	0	0	0	0	0	0	0	0	0	0	0	0	0	0	0	0	222	0	0	0	0	0	0	0	242	112	0	0	0	0	0	0	74	0	0	0	0	0	0	0	0	0	0	0	0	0	0	0	0	0	0	0	0	0	0	0	0	0	0	0	0	0	0	0	0	0	0	0	1926	162	480	0	0	76	5638	192	2412	242	456	0	482	0	1550	98	144	0	924	2756	1032	0	0	0	0	0	
52968	Cerebelum_3_R	0	0	0	0	0	0	0	0	0	0	0	0	0	0	0	0	0	0	0	0	0	0	0	0	0	0	0	0	0	0	0	0	0	0	0	0	0	142	0	160	0	122	0	0	0	0	0	80	0	0	0	0	0	0	0	290	0	0	0	0	0	0	0	0	0	0	0	0	0	0	0	0	0	0	0	0	0	0	0	0	0	0	0	0	0	0	0	0	0	0	98	6092	0	0	76	0	424	6272	170	7186	0	0	0	0	0	366	0	0	514	3646	846	0	0	0	0	0	
333992	Cerebelum_4_5_L	0	0	0	0	0	0	0	0	0	0	0	0	0	0	0	0	0	0	0	0	0	0	0	0	0	0	0	0	0	0	0	0	0	0	0	0	244	0	994	0	0	0	152	0	0	0	7758	5498	0	0	572	0	946	0	15134	458	0	0	0	0	0	0	0	0	0	0	0	0	0	0	0	0	0	0	0	0	0	0	0	0	0	0	0	0	0	0	0	0	124	0	16826	1038	4030	0	5638	424	0	5626	36300	4082	4062	0	6132	1500	8150	3724	3804	1232	642	2654	21424	3834	96	498	2426	974	
257764	Cerebelum_4_5_R	0	0	0	0	0	0	0	0	0	0	0	0	0	0	0	0	0	0	0	0	0	0	0	0	0	0	0	0	0	0	0	0	0	0	0	0	0	2104	0	3320	0	672	0	234	0	0	806	8830	0	0	0	90	0	784	610	10398	0	0	0	0	0	0	0	0	0	0	0	100	0	0	0	0	0	0	0	0	0	114	0	0	0	0	0	0	0	0	0	0	0	180	688	20144	426	226	192	6272	5626	0	2628	29560	514	0	714	1470	2272	2972	1330	1572	130	4146	16020	1442	98	112	1560	526	
479908	Cerebelum_6_L	0	0	0	0	0	0	0	0	0	0	0	0	0	0	0	0	0	0	0	0	0	0	0	0	0	0	0	0	0	0	0	0	0	0	0	0	462	0	804	0	0	0	182	310	0	82	11314	8238	0	240	1086	234	2682	132	27454	992	0	0	0	0	0	0	0	0	0	0	0	0	0	0	0	0	0	0	0	0	0	0	0	0	92	0	0	0	0	0	0	0	1446	0	48568	3504	13542	666	2412	170	36300	2628	0	7240	12642	162	14360	1510	2354	1458	1094	266	120	928	12732	12250	4394	2554	2214	136	
440068	Cerebelum_6_R	0	0	0	0	0	0	0	0	0	0	0	0	0	0	0	0	0	0	0	0	0	0	0	0	0	0	0	0	0	0	0	0	0	0	0	0	0	330	0	848	0	142	0	266	0	142	1908	11626	0	184	0	242	110	862	836	12226	0	0	0	0	0	0	0	0	0	0	0	0	0	0	0	0	0	0	0	0	0	0	0	0	0	0	0	0	0	0	0	0	0	216	4660	56828	2744	6046	242	7186	4082	29560	7240	0	1588	2194	2388	12504	1286	3248	286	2646	448	5154	14656	13658	6086	2656	2468	242	
374900	Cerebelum_7b_L	0	0	0	0	0	0	0	0	0	0	0	0	0	0	0	0	0	0	0	0	0	0	0	0	0	0	0	0	0	0	0	0	0	0	0	0	0	0	0	0	0	0	0	0	0	0	0	1538	0	0	0	0	0	0	1058	238	0	0	0	0	0	0	0	0	0	0	0	0	0	0	0	0	0	0	0	0	0	0	0	0	0	0	0	0	0	0	0	0	442	0	17484	2228	44080	8342	456	0	4062	514	12642	1588	0	7668	45442	6530	3972	2276	392	90	0	0	2938	2682	5520	13058	2210	0	
156368	Cerebelum_7b_R	0	0	0	0	0	0	0	0	0	0	0	0	0	0	0	0	0	0	0	0	0	0	0	0	0	0	0	0	0	0	0	0	0	0	0	0	0	0	0	0	0	0	0	0	0	0	0	0	0	0	0	0	0	0	0	0	0	0	0	0	0	0	0	0	0	0	0	0	0	0	0	0	0	0	0	0	0	0	0	0	0	0	0	0	0	0	0	0	0	0	140	4580	4382	22222	0	0	0	0	162	2194	7668	0	5618	20428	0	470	0	0	0	0	76	218	1744	7902	380	0	
416108	Cerebelum_8_L	0	0	0	0	0	0	0	0	0	0	0	0	0	0	0	0	0	0	0	0	0	0	0	0	0	0	0	0	0	0	0	0	0	0	0	0	0	0	0	0	0	0	0	0	0	0	0	2446	0	0	0	0	0	0	1134	388	0	0	0	0	0	0	0	0	0	0	0	0	0	0	0	0	0	0	0	0	0	0	0	0	0	0	0	0	0	0	0	0	736	0	19724	2640	38994	6438	482	0	6132	714	14360	2388	45442	5618	0	7958	13062	4954	768	98	0	0	5040	4232	5288	14630	4388	0	
304520	Cerebelum_8_R	0	0	0	0	0	0	0	0	0	0	0	0	0	0	0	0	0	0	0	0	0	0	0	0	0	0	0	0	0	0	0	0	0	0	0	0	0	0	0	0	0	0	0	0	0	0	282	180	0	0	0	0	0	0	0	0	0	0	0	0	0	0	0	0	0	0	0	0	0	0	0	0	0	0	0	0	0	0	0	0	0	0	0	0	0	0	0	0	0	0	1130	24756	4384	30744	0	0	1500	1470	1510	12504	6530	20428	7958	0	1182	13166	456	1282	0	0	2636	2682	3990	10058	3184	248	
136896	Cerebelum_9_L	0	0	0	0	0	0	0	0	0	0	0	0	0	0	0	0	0	0	0	0	0	0	0	0	0	0	0	0	0	0	0	0	0	0	0	0	0	0	0	0	0	0	0	0	0	0	0	1340	0	0	0	0	0	0	0	134	0	0	0	0	0	0	0	0	0	0	0	0	0	0	0	0	0	0	0	0	0	0	0	0	0	0	0	0	0	0	0	0	0	0	598	408	3304	78	1550	0	8150	2272	2354	1286	3972	0	13062	1182	0	4838	3978	526	356	930	7332	3250	234	2390	4116	808	
148532	Cerebelum_9_R	0	0	0	0	0	0	0	0	0	0	0	0	0	0	0	0	0	0	0	0	0	0	0	0	0	0	0	0	0	0	0	0	0	0	0	0	0	0	0	0	0	0	0	0	0	0	354	136	0	0	0	0	0	0	0	0	0	0	0	0	0	0	0	0	0	0	0	0	0	0	0	0	0	0	0	0	0	0	0	0	0	0	0	0	0	0	0	0	0	0	664	1514	1376	802	98	366	3724	2972	1458	3248	2276	470	4954	13166	4838	0	1616	2494	424	886	6854	5308	764	4410	7874	1220	
