data	data	477292	297108	1.03044e+06	891620	137756	92092	532516	297832	96164	31088	241756	193164	318868	201424	200192	129752	243180	110644	704984	582992	119208	125892	475124	436740	85832	124832	76116	103248	685164	362084	522480	624424	213624	471128	154280	163776	344200	344660	184408	223088	45248	102272	218416	256792	184980	257464	352200	217172	200644	264420	462036	245212	149756	73480	446196	314740	297276	177772	137744	89788	175748	99616	105684	127864	142708	114408	286024	376948	238668	161736	354108	471100	439660	410472	66048	42488	203768	183464	130084	36216	308820	167680	131796	86200	307396	221564	18764	37504	251904	198116	396508	376172	260296	238064	35232	45420	347716	222132	397364	324720	201876	179020	269580	238436	180052	126472	22316	5496	20716	37744	286132	178080	90360	90092	71256	16512	
data	data	Precentral_L	Precentral_R	Frontal_Sup_L	Frontal_Sup_R	Frontal_Sup_Orb_L	Frontal_Sup_Orb_R	Frontal_Mid_L	Frontal_Mid_R	Frontal_Mid_Orb_L	Frontal_Mid_Orb_R	Frontal_Inf_Oper_L	Frontal_Inf_Oper_R	Frontal_Inf_Tri_L	Frontal_Inf_Tri_R	Frontal_Inf_Orb_L	Frontal_Inf_Orb_R	Rolandic_Oper_L	Rolandic_Oper_R	Supp_Motor_Area_L	Supp_Motor_Area_R	Olfactory_L	Olfactory_R	Frontal_Sup_Medial_L	Frontal_Sup_Medial_R	Frontal_Med_Orb_L	Frontal_Med_Orb_R	Rectus_L	Rectus_R	Insula_L	Insula_R	Cingulum_Ant_L	Cingulum_Ant_R	Cingulum_Mid_L	Cingulum_Mid_R	Cingulum_Post_L	Cingulum_Post_R	Hippocampus_L	Hippocampus_R	ParaHippocampal_L	ParaHippocampal_R	Amygdala_L	Amygdala_R	Calcarine_L	Calcarine_R	Cuneus_L	Cuneus_R	Lingual_L	Lingual_R	Occipital_Sup_L	Occipital_Sup_R	Occipital_Mid_L	Occipital_Mid_R	Occipital_Inf_L	Occipital_Inf_R	Fusiform_L	Fusiform_R	Postcentral_L	Postcentral_R	Parietal_Sup_L	Parietal_Sup_R	Parietal_Inf_L	Parietal_Inf_R	SupraMarginal_L	SupraMarginal_R	Angular_L	Angular_R	Precuneus_L	Precuneus_R	Paracentral_Lobule_L	Paracentral_Lobule_R	Caudate_L	Caudate_R	Putamen_L	Putamen_R	Pallidum_L	Pallidum_R	Thalamus_L	Thalamus_R	Heschl_L	Heschl_R	Temporal_Sup_L	Temporal_Sup_R	Temporal_Pole_Sup_L	Temporal_Pole_Sup_R	Temporal_Mid_L	Temporal_Mid_R	Temporal_Pole_Mid_L	Temporal_Pole_Mid_R	Temporal_Inf_L	Temporal_Inf_R	Cerebelum_Crus1_L	Cerebelum_Crus1_R	Cerebelum_Crus2_L	Cerebelum_Crus2_R	Cerebelum_3_L	Cerebelum_3_R	Cerebelum_4_5_L	Cerebelum_4_5_R	Cerebelum_6_L	Cerebelum_6_R	Cerebelum_7b_L	Cerebelum_7b_R	Cerebelum_8_L	Cerebelum_8_R	Cerebelum_9_L	Cerebelum_9_R	Cerebelum_10_L	Cerebelum_10_R	Vermis_1_2	Vermis_3	Vermis_4_5	Vermis_6	Vermis_7	Vermis_8	Vermis_9	Vermis_10	
477292	Precentral_L	0	912	20820	1530	0	0	19892	238	0	0	16174	0	4730	0	0	0	9262	0	10218	1914	0	0	162	142	0	0	0	0	11884	0	870	344	520	710	8138	4488	9784	2684	566	786	164	0	240	0	118	0	448	640	364	0	1884	0	0	0	202	208	27118	0	1842	0	4638	0	1072	0	2786	0	1036	816	26258	374	4520	626	5864	392	3274	0	18420	1726	4718	0	1062	0	166	0	232	0	0	0	132	0	0	0	0	0	0	0	0	138	0	0	0	0	0	0	0	0	0	0	0	0	400	0	0	0	0	0	
297108	Precentral_R	912	0	1058	25742	0	0	0	12440	0	0	0	8778	0	2742	0	0	0	3260	1748	4378	0	422	0	754	0	0	0	0	0	4668	328	1206	0	1782	438	1886	0	4268	0	270	0	0	0	446	0	466	0	0	0	336	0	766	0	96	0	310	0	18634	0	120	0	176	0	3516	0	218	0	1946	916	4094	1272	11642	372	4114	248	378	2088	17408	0	418	0	292	0	0	0	648	0	0	0	554	0	0	0	0	0	0	0	0	0	0	0	0	0	0	0	0	0	0	0	0	0	0	0	0	0	0	
1.03044e+06	Frontal_Sup_L	20820	1058	0	10556	8722	0	82318	1804	5846	0	14358	650	22536	340	10644	0	10994	446	81342	13760	1272	100	48840	11558	2894	174	1730	0	31746	752	24508	8574	10374	6576	754	0	6494	154	2124	0	144	0	0	0	0	0	244	0	0	0	118	0	0	0	502	0	9080	0	96	0	526	0	336	0	182	0	266	0	2258	0	12744	1976	29826	658	3336	0	3830	0	1786	0	1122	0	1058	0	162	0	0	0	154	0	0	0	0	0	0	0	0	0	0	0	0	0	0	0	0	0	0	0	0	0	0	0	0	0	0	0	
891620	Frontal_Sup_R	1530	25742	10556	0	354	4424	1608	46024	0	1692	602	10960	1052	13684	0	6160	138	3816	19664	54500	120	838	12346	39786	542	3712	0	1144	1398	13000	11316	38674	2448	17748	760	2564	88	6250	0	1064	0	182	0	0	0	0	0	352	0	0	0	0	0	0	0	384	0	366	0	0	0	0	0	0	0	0	0	348	1206	0	4638	33410	1414	17582	564	1890	2710	23358	0	190	0	632	0	174	0	0	0	0	0	0	0	0	0	0	0	0	0	106	0	0	0	0	0	0	0	0	0	0	0	0	0	0	0	0	0	0	
137756	Frontal_Sup_Orb_L	0	0	8722	354	0	118	1156	0	11162	0	0	0	186	0	7402	0	0	0	458	0	2272	190	3714	726	5432	942	8390	218	4470	0	4282	402	0	0	0	0	0	0	244	0	112	0	0	0	0	0	0	0	0	0	0	0	0	0	0	0	0	0	0	0	0	0	0	0	0	0	0	0	0	0	2092	136	5280	0	0	0	0	0	0	0	0	0	418	0	0	0	0	0	0	0	0	0	0	0	0	0	0	0	0	0	0	0	0	0	0	0	0	0	0	0	0	0	0	0	0	0	
92092	Frontal_Sup_Orb_R	0	0	0	4424	118	0	0	932	0	4306	0	0	0	446	0	4204	0	0	0	0	128	2016	152	1936	538	6278	166	8466	0	1146	350	2766	0	0	0	0	0	102	0	232	0	746	0	0	0	0	0	0	0	0	0	0	0	0	0	0	0	0	0	0	0	0	0	0	0	0	0	0	0	0	116	3112	110	3048	0	0	0	0	0	0	0	0	0	208	0	0	0	0	0	0	0	0	0	0	0	0	0	0	0	0	0	0	0	0	0	0	0	0	0	0	0	0	0	0	0	0	
532516	Frontal_Mid_L	19892	0	82318	1608	1156	0	0	206	4206	0	12280	0	36076	0	9496	0	2924	0	11378	1148	422	0	20842	3032	166	0	188	0	17556	0	8104	2846	8096	2330	258	0	3058	0	484	0	0	0	0	0	0	0	120	0	100	0	464	0	0	0	132	0	3694	0	220	0	1018	0	108	0	424	0	200	0	98	0	640	118	5222	0	260	0	780	0	1720	0	160	0	710	0	0	0	0	0	0	0	0	0	0	0	0	0	0	0	0	0	0	0	0	0	0	0	0	0	0	0	0	0	0	0	0	0	
297832	Frontal_Mid_R	238	12440	1804	46024	0	932	206	0	0	1232	0	11542	0	20616	0	6148	0	1496	2746	4066	0	0	1758	3802	0	86	0	0	0	5908	958	3922	762	4622	264	570	0	3054	0	238	0	0	0	0	0	0	0	0	0	0	0	0	0	0	0	142	0	850	0	0	0	0	0	304	0	0	0	130	140	0	308	1862	0	5946	0	694	526	2296	0	0	0	284	0	0	0	0	0	0	0	0	0	0	0	0	0	0	0	0	0	0	0	0	0	0	0	0	0	0	0	0	0	0	0	0	0	0	
96164	Frontal_Mid_Orb_L	0	0	5846	0	11162	0	4206	0	0	0	0	0	1642	0	13160	0	0	0	208	0	674	0	228	0	528	0	2718	0	3586	0	366	0	0	0	0	0	0	0	168	0	0	0	0	0	0	0	0	0	0	0	0	0	0	0	0	0	0	0	0	0	0	0	0	0	0	0	0	0	0	0	538	0	1720	0	0	0	0	0	0	0	0	0	1332	0	0	0	0	0	0	0	0	0	0	0	0	0	0	0	0	0	0	0	0	0	0	0	0	0	0	0	0	0	0	0	0	0	
31088	Frontal_Mid_Orb_R	0	0	0	1692	0	4306	0	1232	0	0	0	0	0	496	0	5580	0	0	0	0	0	120	0	0	0	118	0	250	0	306	0	0	0	0	0	0	0	0	0	0	0	0	0	0	0	0	0	0	0	0	0	0	0	0	0	0	0	0	0	0	0	0	0	0	0	0	0	0	0	0	0	540	0	904	0	0	0	0	0	0	0	0	0	0	0	0	0	0	0	0	0	0	0	0	0	0	0	0	0	0	0	0	0	0	0	0	0	0	0	0	0	0	0	0	0	0	
241756	Frontal_Inf_Oper_L	16174	0	14358	602	0	0	12280	0	0	0	0	0	18128	0	158	0	12102	0	10968	910	132	0	1304	92	0	0	0	0	13846	0	2614	558	0	184	0	0	572	0	118	0	0	0	0	0	0	0	0	0	0	0	0	0	0	0	466	0	6622	0	134	0	248	0	0	0	0	0	0	0	0	0	518	128	510	0	0	0	0	0	792	0	3292	0	1944	0	664	0	0	0	460	0	0	0	0	0	0	0	0	0	0	0	0	0	0	0	0	0	0	0	0	0	0	0	0	0	0	0	
193164	Frontal_Inf_Oper_R	0	8778	650	10960	0	0	0	11542	0	0	0	0	0	12486	0	210	0	6902	1554	8144	0	0	176	774	0	110	0	0	0	15512	754	1758	0	170	0	0	0	1408	0	452	0	0	0	0	0	0	0	0	0	0	0	88	0	0	0	264	0	2572	0	0	0	0	0	160	0	0	0	96	0	0	694	1714	0	5794	0	312	0	306	0	268	0	1146	0	474	0	164	0	0	0	190	0	0	0	0	0	0	0	0	0	0	0	0	0	0	0	0	0	0	0	0	0	0	0	0	0	0	
318868	Frontal_Inf_Tri_L	4730	0	22536	1052	186	0	36076	0	1642	0	18128	0	0	0	12980	0	3522	0	7470	944	280	0	4902	206	0	0	90	0	29468	0	4428	1226	2056	338	0	0	118	0	0	0	0	0	0	0	0	0	0	0	0	0	0	0	0	0	0	0	1088	0	0	0	0	0	0	0	0	0	0	0	0	0	204	0	2452	0	0	0	0	0	0	0	1074	0	2002	0	236	0	0	0	0	0	0	0	0	0	0	0	0	0	0	0	0	0	0	0	0	0	0	0	0	0	0	0	0	0	0	0	
201424	Frontal_Inf_Tri_R	0	2742	340	13684	0	446	0	20616	0	496	0	12486	0	0	0	12200	0	1068	1976	3924	0	242	166	2404	0	144	0	164	0	16686	616	2842	0	1814	0	0	0	510	0	176	0	0	0	0	0	0	0	0	0	0	0	0	0	0	0	90	0	116	0	0	0	0	0	0	0	0	0	0	0	0	180	870	0	3276	0	146	0	84	0	0	0	208	0	0	0	0	0	0	0	0	0	0	0	0	0	0	0	0	0	0	0	0	0	0	0	0	0	0	0	0	0	0	0	0	0	0	
200192	Frontal_Inf_Orb_L	0	0	10644	0	7402	0	9496	0	13160	0	158	0	12980	0	0	0	116	0	978	0	1816	98	486	0	0	0	1370	0	19596	0	434	100	722	0	0	0	324	0	926	0	230	0	0	0	0	0	0	0	0	0	0	0	0	0	720	0	0	0	0	0	0	0	0	0	0	0	0	0	0	0	726	0	6368	0	0	0	0	0	0	0	1806	0	7536	0	1214	0	436	0	254	0	0	0	0	0	0	0	0	0	0	0	0	0	0	0	0	0	0	0	0	0	0	0	0	0	0	0	
129752	Frontal_Inf_Orb_R	0	0	0	6160	0	4204	0	6148	0	5580	0	210	0	12200	0	0	0	0	238	384	0	2180	0	522	0	102	0	1906	0	11836	0	438	0	152	0	0	0	830	0	718	0	1536	0	0	0	0	0	0	0	0	0	0	0	0	0	862	0	0	0	0	0	0	0	0	0	0	0	0	0	0	92	884	0	5718	0	0	0	0	0	0	0	98	0	1458	0	0	0	208	0	212	0	0	0	0	0	0	0	0	0	0	0	0	0	0	0	0	0	0	0	0	0	0	0	0	0	0	
243180	Rolandic_Oper_L	9262	0	10994	138	0	0	2924	0	0	0	12102	0	3522	0	116	0	0	0	8710	140	0	0	598	0	0	0	0	0	26978	0	864	202	0	0	102	0	1330	0	372	0	0	0	0	0	0	0	174	0	130	0	1126	0	146	0	1140	0	10344	0	0	0	224	0	2292	0	192	0	0	0	202	0	270	0	1384	0	0	0	380	0	7882	0	12146	0	1774	0	2484	0	0	0	946	0	0	0	0	0	0	0	0	0	0	0	0	0	0	0	0	0	0	0	0	0	0	0	0	0	0	0	
110644	Rolandic_Oper_R	0	3260	446	3816	0	0	0	1496	0	0	0	6902	0	1068	0	0	0	0	1274	3502	0	0	0	132	0	0	0	0	0	8740	150	444	0	220	0	0	0	770	0	192	0	0	0	94	0	0	0	0	0	0	0	608	0	0	0	278	0	4464	0	108	0	286	0	3930	0	504	0	228	0	204	106	724	0	2042	0	146	0	0	0	2244	0	5304	0	508	0	754	0	0	0	378	0	0	0	0	0	0	0	0	0	0	0	0	0	0	0	0	0	0	0	0	0	0	0	0	0	0	
704984	Supp_Motor_Area_L	10218	1748	81342	19664	458	0	11378	2746	208	0	10968	1554	7470	1976	978	238	8710	1274	0	41518	514	0	8526	5112	218	90	342	0	16140	3178	9598	10540	10442	18168	1380	162	2976	240	1372	100	96	0	0	0	0	0	0	0	0	0	0	0	0	0	354	0	4990	92	0	0	0	0	136	0	0	0	0	0	3790	394	15068	4182	22678	1578	3302	122	1858	0	572	0	920	0	572	0	114	0	0	0	128	0	0	0	0	0	0	0	0	0	0	0	0	0	0	0	0	0	0	0	0	0	0	0	0	0	0	0	
582992	Supp_Motor_Area_R	1914	4378	13760	54500	0	0	1148	4066	0	0	910	8144	944	3924	0	384	140	3502	41518	0	84	0	1702	8678	0	98	0	0	1268	8928	3128	15436	5016	34638	442	4008	0	1974	0	908	0	0	0	500	0	470	0	290	0	148	0	738	0	196	0	396	0	2448	0	98	0	0	0	110	0	114	0	2850	4786	13542	5288	16400	934	10494	684	1366	1130	1690	0	218	0	576	0	174	0	316	0	0	0	0	0	0	0	0	0	0	0	0	0	0	0	0	0	0	0	0	0	0	0	0	0	0	0	0	0	0	
119208	Olfactory_L	0	0	1272	120	2272	128	422	0	674	0	132	0	280	0	1816	0	0	0	514	84	0	5200	682	144	1898	970	3560	650	4394	188	6606	2272	516	124	0	0	1034	150	1490	0	1228	378	0	0	0	0	0	0	0	0	0	0	0	0	254	0	0	0	0	0	0	0	0	0	0	0	0	0	0	0	9034	3806	5794	1078	0	114	0	0	0	0	136	0	190	0	0	0	0	0	0	0	0	0	0	0	0	0	0	0	0	0	0	0	0	0	0	0	0	0	0	0	0	0	0	0	0	0	
125892	Olfactory_R	0	422	100	838	190	2016	0	0	0	120	0	0	0	242	98	2180	0	0	0	0	5200	0	0	368	268	2296	148	5102	256	2674	2552	4724	0	0	0	0	0	352	0	494	322	1498	0	0	0	0	0	0	0	0	0	0	0	0	0	0	0	0	0	0	0	0	0	0	0	0	0	0	0	0	8162	9752	6884	4210	506	142	0	516	0	0	0	0	0	314	0	0	0	0	0	0	0	0	0	0	0	0	0	0	0	0	0	0	0	0	0	0	0	0	0	0	0	0	0	0	0	0	
475124	Frontal_Sup_Medial_L	162	0	48840	12346	3714	152	20842	1758	228	0	1304	176	4902	166	486	0	598	0	8526	1702	682	0	0	31902	5434	720	1452	184	6000	258	35946	21094	10912	12690	0	0	0	0	0	0	0	0	0	0	0	0	0	0	0	0	0	0	0	0	0	0	0	0	0	0	0	0	0	0	0	0	0	0	0	0	864	1192	1828	314	0	0	0	0	0	0	188	0	0	0	0	0	0	0	0	0	0	0	0	0	0	0	0	0	0	0	0	0	0	0	0	0	0	0	0	0	0	0	0	0	0	0	
436740	Frontal_Sup_Medial_R	142	754	11558	39786	726	1936	3032	3802	0	0	92	774	206	2404	0	522	0	132	5112	8678	144	368	31902	0	1254	7522	0	1910	252	2764	18440	38814	2448	15634	0	0	0	0	0	0	0	94	0	0	0	0	0	0	0	0	0	0	0	0	0	0	0	0	0	0	0	0	0	0	0	0	0	0	136	0	1064	9810	306	4658	0	0	88	1106	0	0	0	0	0	0	0	0	0	0	0	0	0	0	0	0	0	0	0	0	0	0	0	0	0	0	0	0	0	0	0	0	0	0	0	0	0	0	
85832	Frontal_Med_Orb_L	0	0	2894	542	5432	538	166	0	528	0	0	0	0	0	0	0	0	0	218	0	1898	268	5434	1254	0	3290	4726	914	214	0	10524	1042	160	0	0	0	0	0	0	0	0	0	0	0	0	0	0	0	0	0	0	0	0	0	0	0	0	0	0	0	0	0	0	0	0	0	0	0	0	0	1780	0	1094	0	0	0	0	0	0	0	0	0	0	0	0	0	0	0	0	0	0	0	0	0	0	0	0	0	0	0	0	0	0	0	0	0	0	0	0	0	0	0	0	0	0	0	
124832	Frontal_Med_Orb_R	0	0	174	3712	942	6278	0	86	0	118	0	110	0	144	0	102	0	0	90	98	970	2296	720	7522	3290	0	836	11214	0	310	4236	11822	0	0	0	0	0	0	0	0	0	226	0	0	0	0	0	0	0	0	0	0	0	0	0	0	0	0	0	0	0	0	0	0	0	0	0	0	0	0	442	3632	268	2778	0	0	0	0	0	0	0	0	0	0	0	0	0	0	0	0	0	0	0	0	0	0	0	0	0	0	0	0	0	0	0	0	0	0	0	0	0	0	0	0	0	0	
76116	Rectus_L	0	0	1730	0	8390	166	188	0	2718	0	0	0	90	0	1370	0	0	0	342	0	3560	148	1452	0	4726	836	0	712	1364	0	4748	336	300	0	0	0	0	0	0	0	104	0	0	0	0	0	0	0	0	0	0	0	0	0	0	0	0	0	0	0	0	0	0	0	0	0	0	0	0	0	2698	100	1980	0	0	0	0	0	0	0	0	0	0	0	0	0	0	0	0	0	0	0	0	0	0	0	0	0	0	0	0	0	0	0	0	0	0	0	0	0	0	0	0	0	0	0	
103248	Rectus_R	0	0	0	1144	218	8466	0	0	0	250	0	0	0	164	0	1906	0	0	0	0	650	5102	184	1910	914	11214	712	0	0	1532	914	7724	0	0	0	0	0	222	0	284	0	998	0	0	0	0	0	0	0	0	0	0	0	0	0	0	0	0	0	0	0	0	0	0	0	0	0	0	0	0	578	3540	390	2478	0	0	0	0	0	0	0	0	0	130	0	0	0	0	0	0	0	0	0	0	0	0	0	0	0	0	0	0	0	0	0	0	0	0	0	0	0	0	0	0	0	0	
685164	Insula_L	11884	0	31746	1398	4470	0	17556	0	3586	0	13846	0	29468	0	19596	0	26978	0	16140	1268	4394	256	6000	252	214	0	1364	0	0	0	7156	1688	1168	338	612	0	17654	0	6526	0	3472	0	90	0	0	0	508	0	0	0	1434	0	436	0	11244	0	6466	0	0	0	304	0	826	0	256	0	336	0	584	0	1430	318	21826	0	0	0	1462	0	10678	0	25890	0	9486	0	7886	0	274	0	11242	0	340	0	0	0	0	0	0	0	236	0	0	0	0	0	0	0	0	0	0	0	0	0	0	0	0	0	
362084	Insula_R	0	4668	752	13000	0	1146	0	5908	0	306	0	15512	0	16686	0	11836	0	8740	3178	8928	188	2674	258	2764	0	310	0	1532	0	0	1202	4564	0	1964	0	94	0	10246	0	3812	0	1054	0	0	0	0	0	258	0	0	0	278	0	94	0	3960	0	2974	0	0	0	106	0	406	0	112	0	126	0	134	824	2880	114	22854	0	112	0	170	0	1766	0	12048	0	3452	0	2944	0	498	0	3482	0	0	0	0	0	0	0	128	0	0	0	0	0	0	0	0	0	0	0	0	0	0	0	0	0	0	
522480	Cingulum_Ant_L	870	328	24508	11316	4282	350	8104	958	366	0	2614	754	4428	616	434	0	864	150	9598	3128	6606	2552	35946	18440	10524	4236	4748	914	7156	1202	0	38360	9796	10320	184	0	198	114	0	0	0	326	0	0	0	0	0	0	0	0	0	0	0	0	0	0	258	0	0	0	0	0	0	0	0	0	0	0	0	0	12102	8580	9664	4524	0	0	0	492	0	0	246	0	0	0	0	0	0	0	84	0	0	0	0	0	0	0	0	0	0	0	0	0	0	0	0	0	0	0	0	0	0	0	0	0	0	0	
624424	Cingulum_Ant_R	344	1206	8574	38674	402	2766	2846	3922	0	0	558	1758	1226	2842	100	438	202	444	10540	15436	2272	4724	21094	38814	1042	11822	336	7724	1688	4564	38360	0	6276	27210	0	0	0	234	0	0	0	512	0	0	0	0	0	0	0	0	0	0	0	0	0	0	102	0	0	0	0	0	0	0	0	0	0	0	200	0	5586	28156	3218	13932	0	0	152	1916	0	0	0	0	0	0	0	0	0	0	0	0	0	0	0	0	0	0	0	0	0	0	0	0	0	0	0	0	0	0	0	0	0	0	0	0	0	0	
213624	Cingulum_Mid_L	520	0	10374	2448	0	0	8096	762	0	0	0	0	2056	0	722	0	0	0	10442	5016	516	0	10912	2448	160	0	300	0	1168	0	9796	6276	0	18358	4456	844	0	0	0	0	0	0	130	0	174	212	0	0	294	234	366	0	0	0	0	0	268	0	234	0	0	0	0	0	0	0	3176	1994	3020	582	0	182	276	0	0	0	0	0	0	0	0	0	0	0	0	0	0	0	0	0	0	0	0	0	0	0	0	0	0	0	0	0	0	0	0	0	0	0	0	0	0	0	0	0	0	0	
471128	Cingulum_Mid_R	710	1782	6576	17748	0	0	2330	4622	0	0	184	170	338	1814	0	152	0	220	18168	34638	124	0	12690	15634	0	0	0	0	338	1964	10320	27210	18358	0	1328	6074	0	0	0	0	0	0	0	1110	0	3090	0	0	0	2324	0	1778	0	414	0	0	0	4592	0	466	0	462	0	368	0	386	1534	11404	2804	16734	1352	872	0	182	228	0	838	0	0	84	0	190	0	0	0	672	0	0	0	188	0	0	0	0	0	0	0	0	0	0	0	0	0	0	0	0	0	0	0	0	0	0	0	0	0	0	
154280	Cingulum_Post_L	8138	438	754	760	0	0	258	264	0	0	0	0	0	0	0	0	102	0	1380	442	0	0	0	0	0	0	0	0	612	0	184	0	4456	1328	0	7966	6374	2490	2004	764	0	0	2564	0	772	242	1932	802	254	0	344	0	0	0	138	190	506	0	0	0	0	0	0	0	0	0	7476	3924	8784	178	1306	0	482	360	140	0	6180	1088	0	0	0	0	0	0	0	0	0	0	0	0	0	0	0	0	0	0	0	114	0	0	0	0	0	0	0	0	0	0	0	0	650	0	0	0	0	0	
163776	Cingulum_Post_R	4488	1886	0	2564	0	0	0	570	0	0	0	0	0	0	0	0	0	0	162	4008	0	0	0	0	0	0	0	0	0	94	0	0	844	6074	7966	0	1368	7164	0	1814	0	0	0	782	0	478	0	3070	0	246	0	1008	0	0	0	424	0	390	0	0	0	184	0	152	0	316	708	10900	3474	3500	474	0	0	850	0	0	8572	5366	0	0	0	98	0	0	0	438	0	0	0	126	0	0	0	0	0	0	0	274	0	0	0	0	0	0	0	0	0	0	0	0	1056	0	0	0	0	0	
344200	Hippocampus_L	9784	0	6494	88	0	0	3058	0	0	0	572	0	118	0	324	0	1330	0	2976	0	1034	0	0	0	0	0	0	0	17654	0	198	0	0	0	6374	1368	0	740	23530	354	6456	0	2908	0	148	0	11946	362	152	0	7064	0	4744	0	16770	106	974	0	0	0	0	0	0	0	106	0	5264	452	2560	0	94	0	11146	0	798	0	3878	0	4958	0	4130	0	1448	0	2678	0	0	0	5808	0	0	0	0	0	0	0	638	0	194	0	0	0	0	0	0	0	0	0	0	0	322	0	0	0	0	0	
344660	Hippocampus_R	2684	4268	154	6250	0	102	0	3054	0	0	0	1408	0	510	0	830	0	770	240	1974	150	352	0	0	0	0	0	222	0	10246	114	234	0	0	2490	7164	740	0	0	28956	0	13554	0	642	0	0	0	6158	0	0	0	0	0	350	0	22768	0	890	0	0	0	0	0	178	0	0	0	3208	1960	0	266	416	136	16072	0	808	5564	4954	0	684	0	2602	0	2576	0	3388	0	284	0	9296	0	0	0	0	0	274	0	2044	0	0	0	0	0	0	0	0	0	0	0	0	346	0	0	0	0	0	
184408	ParaHippocampal_L	566	0	2124	0	244	0	484	0	168	0	118	0	0	0	926	0	372	0	1372	0	1490	0	0	0	0	0	0	0	6526	0	0	0	0	0	2004	0	23530	0	0	0	4750	0	1632	0	124	0	9346	0	104	0	4476	0	3324	0	11534	0	140	0	0	0	0	0	0	0	0	0	2752	0	260	0	108	0	5392	0	0	0	750	0	116	0	530	0	3358	0	510	0	1024	0	1034	0	0	0	0	0	0	0	708	0	186	0	0	0	0	0	0	0	0	0	0	0	122	0	0	0	0	0	
223088	ParaHippocampal_R	786	270	0	1064	0	232	0	238	0	0	0	452	0	176	0	718	0	192	100	908	0	494	0	0	0	0	0	284	0	3812	0	0	0	0	764	1814	354	28956	0	0	0	9172	0	774	0	0	0	7876	0	0	0	0	0	762	0	21036	0	0	0	0	0	0	0	104	0	0	0	1872	650	0	0	162	0	7362	0	714	1184	960	0	196	0	844	0	3338	0	1448	0	1738	0	5344	0	0	0	0	0	492	0	3600	0	200	0	0	0	0	0	0	0	0	0	0	102	0	0	0	0	0	
45248	Amygdala_L	164	0	144	0	112	0	0	0	0	0	0	0	0	0	230	0	0	0	96	0	1228	322	0	0	0	0	104	0	3472	0	0	0	0	0	0	0	6456	0	4750	0	0	0	0	0	0	0	0	0	0	0	0	0	0	0	2356	0	0	0	0	0	0	0	0	0	0	0	0	0	166	0	406	274	1148	0	0	0	194	0	0	0	0	0	876	0	0	0	0	0	126	0	0	0	0	0	0	0	0	0	0	0	0	0	0	0	0	0	0	0	0	0	0	0	0	0	0	0	
102272	Amygdala_R	0	0	0	182	0	746	0	0	0	0	0	0	0	0	0	1536	0	0	0	0	378	1498	0	94	0	226	0	998	0	1054	326	512	0	0	0	0	0	13554	0	9172	0	0	0	0	0	0	0	0	0	0	0	0	0	0	0	7750	0	0	0	0	0	0	0	0	0	0	0	0	0	0	518	1178	476	2210	0	0	0	0	0	0	0	236	0	4412	0	320	0	640	0	3120	0	0	0	0	0	0	0	0	0	0	0	0	0	0	0	0	0	0	0	0	0	0	0	0	0	0	
218416	Calcarine_L	240	0	0	0	0	0	0	0	0	0	0	0	0	0	0	0	0	0	0	0	0	0	0	0	0	0	0	0	90	0	0	0	130	0	2564	0	2908	0	1632	0	0	0	0	6670	14918	2674	16296	1882	11794	1046	19590	204	1228	158	1724	168	852	0	132	0	126	0	0	0	786	0	17746	598	852	0	0	0	0	0	0	0	0	0	0	0	0	0	0	0	1086	0	0	0	418	0	0	0	0	0	0	0	266	0	178	0	0	0	0	0	0	0	0	0	0	0	252	0	0	0	0	0	
256792	Calcarine_R	0	446	0	0	0	0	0	0	0	0	0	0	0	0	0	0	0	94	0	500	0	0	0	0	0	0	0	0	0	0	0	0	0	1110	0	782	0	642	0	774	0	0	6670	0	4662	25268	2298	12916	354	20256	218	12426	0	8284	0	3616	0	1002	0	0	0	0	0	202	0	122	1772	18850	0	1234	0	0	0	0	0	0	0	0	0	114	0	122	0	0	0	2274	0	0	0	880	0	0	0	0	0	0	0	90	0	0	0	0	0	0	0	0	0	0	0	0	418	0	0	0	0	0	
184980	Cuneus_L	118	0	0	0	0	0	0	0	0	0	0	0	0	0	0	0	0	0	0	0	0	0	0	0	0	0	0	0	0	0	0	0	174	0	772	0	148	0	124	0	0	0	14918	4662	0	6352	2504	206	22212	1950	14798	348	122	0	410	178	740	0	1936	0	116	0	100	0	328	0	14978	2812	778	0	0	0	0	0	0	0	0	0	0	0	0	0	0	0	600	0	0	0	106	0	0	0	0	0	0	0	0	0	0	0	0	0	0	0	0	0	0	0	0	0	0	0	0	0	0	0	
257464	Cuneus_R	0	466	0	0	0	0	0	0	0	0	0	0	0	0	0	0	0	0	0	470	0	0	0	0	0	0	0	0	0	0	0	0	212	3090	242	478	0	0	0	0	0	0	2674	25268	6352	0	0	1030	676	31736	228	9682	0	926	0	592	0	2254	186	2928	0	436	0	332	0	202	4288	28052	0	3900	0	0	0	0	0	0	0	0	0	0	0	0	0	0	0	2032	0	0	0	0	0	0	0	0	0	0	0	0	0	0	0	0	0	0	0	0	0	0	0	0	0	0	0	0	0	0	
352200	Lingual_L	448	0	244	0	0	0	120	0	0	0	0	0	0	0	0	0	174	0	0	0	0	0	0	0	0	0	0	0	508	0	0	0	0	0	1932	0	11946	0	9346	0	0	0	16296	2298	2504	0	0	3766	3098	0	28344	0	17064	0	21462	448	322	0	0	0	0	0	0	0	366	0	8022	0	440	0	0	0	530	0	0	0	570	0	300	0	368	0	0	0	1012	0	0	0	1224	0	2916	1920	482	0	786	122	12320	2460	8194	2680	0	0	0	0	280	216	0	0	100	204	7454	2438	0	140	236	0	
217172	Lingual_R	640	0	0	352	0	0	0	0	0	0	0	0	0	0	0	0	0	0	0	290	0	0	0	0	0	0	0	0	0	258	0	0	0	0	802	3070	362	6158	0	7876	0	0	1882	12916	206	1030	3766	0	0	3140	0	3936	100	5514	1116	13672	0	0	0	0	0	0	0	0	0	0	0	6266	560	0	0	0	0	844	0	260	900	512	0	0	0	0	0	0	0	218	0	0	0	490	2080	1058	676	0	90	510	3306	6672	3368	3362	0	0	0	0	0	0	0	0	0	102	5722	3642	862	0	0	0	
200644	Occipital_Sup_L	364	0	0	0	0	0	100	0	0	0	0	0	0	0	0	0	130	0	0	0	0	0	0	0	0	0	0	0	0	0	0	0	294	0	254	0	152	0	104	0	0	0	11794	354	22212	676	3098	0	0	322	29788	0	0	0	520	0	1252	0	7038	0	2012	0	214	0	2054	0	13414	1460	1332	0	0	0	0	0	0	0	0	0	0	0	0	0	0	0	1110	0	0	0	274	0	0	0	0	0	0	0	0	0	0	0	0	0	0	0	0	0	0	0	0	0	0	0	0	0	0	0	
264420	Occipital_Sup_R	0	336	0	0	0	0	0	0	0	0	0	0	0	0	0	0	0	0	0	148	0	0	0	0	0	0	0	0	0	0	0	0	234	2324	0	246	0	0	0	0	0	0	1046	20256	1950	31736	0	3140	322	0	168	21128	0	1904	0	1284	0	1994	172	6248	0	2002	0	652	0	3790	2946	22782	0	3144	0	0	0	0	0	0	0	0	0	0	0	150	0	0	0	2108	0	0	0	0	0	0	0	0	0	0	0	0	0	0	0	0	0	0	0	0	0	0	0	0	0	0	0	0	0	0	
462036	Occipital_Mid_L	1884	0	118	0	0	0	464	0	0	0	0	0	0	0	0	0	1126	0	0	0	0	0	0	0	0	0	0	0	1434	0	0	0	366	0	344	0	7064	0	4476	0	0	0	19590	218	14798	228	28344	0	29788	168	0	0	20220	0	17708	0	4156	0	7358	0	5512	0	488	0	16288	0	13132	612	1738	0	0	0	134	0	0	0	0	0	3568	0	3068	0	0	0	17876	0	0	0	6166	0	576	0	0	0	0	0	1192	0	622	0	0	0	0	0	0	0	0	0	0	0	194	0	0	0	0	0	
245212	Occipital_Mid_R	0	766	0	0	0	0	0	0	0	0	0	88	0	0	0	0	0	608	0	738	0	0	0	0	0	0	0	0	0	278	0	0	0	1778	0	1008	0	0	0	0	0	0	204	12426	348	9682	0	3936	0	21128	0	0	0	3284	0	2498	0	2916	0	3932	0	5922	0	3220	0	14436	254	12644	0	3052	0	0	0	0	0	0	0	0	0	264	0	1566	0	0	0	14536	0	0	0	1094	0	0	0	0	0	0	0	0	0	0	0	0	0	0	0	0	0	0	0	0	0	0	0	0	0	0	
149756	Occipital_Inf_L	0	0	0	0	0	0	0	0	0	0	0	0	0	0	0	0	146	0	0	0	0	0	0	0	0	0	0	0	436	0	0	0	0	0	0	0	4744	0	3324	0	0	0	1228	0	122	0	17064	100	0	0	20220	0	0	0	16276	0	136	0	0	0	0	0	0	0	0	0	698	0	0	0	0	0	96	0	0	0	0	0	342	0	376	0	0	0	1714	0	0	0	4144	0	606	0	0	0	0	0	1634	0	930	0	0	0	0	0	0	0	0	0	0	0	440	102	0	0	0	0	
73480	Occipital_Inf_R	0	96	0	0	0	0	0	0	0	0	0	0	0	0	0	0	0	0	0	196	0	0	0	0	0	0	0	0	0	94	0	0	0	414	0	0	0	350	0	762	0	0	158	8284	0	926	0	5514	0	1904	0	3284	0	0	0	7842	0	326	0	0	0	0	0	0	0	0	0	2562	0	444	0	0	0	136	0	0	0	0	0	0	0	0	0	0	0	636	0	0	0	2506	0	0	0	0	0	0	0	152	0	154	0	0	0	0	0	0	0	0	0	0	0	0	0	0	0	0	
446196	Fusiform_L	202	0	502	0	0	0	132	0	0	0	466	0	0	0	720	0	1140	0	354	0	254	0	0	0	0	0	0	0	11244	0	0	0	0	0	138	0	16770	0	11534	0	2356	0	1724	0	410	0	21462	1116	520	0	17708	0	16276	0	0	188	938	0	0	0	122	0	134	0	210	0	1824	0	470	0	0	0	1552	0	0	0	0	0	2418	0	8234	0	6542	0	8368	0	1358	0	19246	0	16564	832	588	0	472	0	14550	1210	24152	1152	116	0	256	0	364	0	0	0	0	136	4058	2016	0	0	0	0	
314740	Fusiform_R	208	310	0	384	0	0	0	142	0	0	0	264	0	90	0	862	0	278	0	396	0	0	0	0	0	0	0	0	0	3960	0	0	0	0	190	424	106	22768	0	21036	0	7750	168	3616	178	592	448	13672	0	1284	0	2498	0	7842	188	0	0	190	0	0	0	0	0	166	0	98	0	1170	194	0	0	0	0	5256	0	298	274	168	0	700	0	2726	0	6302	0	5744	0	2080	0	22296	626	3582	300	0	0	262	748	4484	830	6116	0	0	0	0	0	0	0	0	0	0	1584	1152	370	0	0	0	
297276	Postcentral_L	27118	0	9080	0	0	0	3694	0	0	0	6622	0	1088	0	0	0	10344	0	4990	0	0	0	0	0	0	0	0	0	6466	0	258	102	268	0	506	0	974	0	140	0	0	0	852	0	740	0	322	0	1252	0	4156	0	136	0	938	0	0	0	12536	0	21538	0	6234	0	2996	0	4116	0	10302	0	514	178	386	0	0	0	280	0	3640	0	3108	0	0	0	1914	0	0	0	850	0	0	0	0	0	0	0	0	0	0	0	0	0	0	0	0	0	0	0	0	0	0	0	0	0	0	0	
177772	Postcentral_R	0	18634	0	366	0	0	0	850	0	0	0	2572	0	116	0	0	0	4464	92	2448	0	0	0	0	0	0	0	0	0	2974	0	0	0	4592	0	390	0	890	0	0	0	0	0	1002	0	2254	0	0	0	1994	0	2916	0	326	0	190	0	0	0	4210	0	2900	0	13104	0	1052	0	6996	0	9722	0	202	0	654	0	0	0	0	0	504	0	976	0	0	0	890	0	0	0	606	0	0	0	0	0	0	0	0	0	0	0	0	0	0	0	0	0	0	0	0	0	0	0	0	0	0	
137744	Parietal_Sup_L	1842	0	96	0	0	0	220	0	0	0	134	0	0	0	0	0	0	0	0	0	0	0	0	0	0	0	0	0	0	0	0	0	234	0	0	0	0	0	0	0	0	0	132	0	1936	186	0	0	7038	172	7358	0	0	0	0	0	12536	0	0	102	14834	0	400	0	1196	0	14578	1478	4116	0	0	0	0	0	0	0	0	0	0	0	0	0	0	0	194	0	0	0	90	0	0	0	0	0	0	0	0	0	0	0	0	0	0	0	0	0	0	0	0	0	0	0	0	0	0	0	
89788	Parietal_Sup_R	0	120	0	0	0	0	0	0	0	0	0	0	0	0	0	0	0	108	0	98	0	0	0	0	0	0	0	0	0	0	0	0	0	466	0	0	0	0	0	0	0	0	0	0	0	2928	0	0	0	6248	0	3932	0	0	0	0	0	4210	102	0	0	8582	0	2484	0	4280	484	8232	0	2196	0	0	0	0	0	0	0	0	0	0	0	224	0	0	0	200	0	0	0	0	0	0	0	0	0	0	0	0	0	0	0	0	0	0	0	0	0	0	0	0	0	0	0	0	0	0	
175748	Parietal_Inf_L	4638	0	526	0	0	0	1018	0	0	0	248	0	0	0	0	0	224	0	0	0	0	0	0	0	0	0	0	0	304	0	0	0	0	0	0	0	0	0	0	0	0	0	126	0	116	0	0	0	2012	0	5512	0	0	0	122	0	21538	0	14834	0	0	0	11326	0	15594	0	2320	0	3806	0	0	0	0	0	0	0	0	0	0	0	240	0	0	0	2092	0	0	0	1278	0	0	0	0	0	0	0	0	0	0	0	0	0	0	0	0	0	0	0	0	0	0	0	0	0	0	0	
99616	Parietal_Inf_R	0	176	0	0	0	0	0	0	0	0	0	0	0	0	0	0	0	286	0	0	0	0	0	0	0	0	0	0	0	106	0	0	0	462	0	184	0	0	0	0	0	0	0	0	0	436	0	0	0	2002	0	5922	0	0	0	0	0	2900	0	8582	0	0	0	11098	0	11746	0	808	0	728	0	0	0	0	0	0	0	0	0	238	0	1192	0	0	0	2202	0	0	0	740	0	0	0	0	0	0	0	0	0	0	0	0	0	0	0	0	0	0	0	0	0	0	0	0	0	0	
105684	SupraMarginal_L	1072	0	336	0	0	0	108	0	0	0	0	0	0	0	0	0	2292	0	136	0	0	0	0	0	0	0	0	0	826	0	0	0	0	0	0	0	0	0	0	0	0	0	0	0	100	0	0	0	214	0	488	0	0	0	134	0	6234	0	400	0	11326	0	0	0	9514	0	198	0	0	0	0	0	0	0	0	0	0	0	700	0	8622	0	0	0	7748	0	0	0	2394	0	0	0	0	0	0	0	0	0	0	0	0	0	0	0	0	0	0	0	0	0	0	0	0	0	0	0	
127864	SupraMarginal_R	0	3516	0	0	0	0	0	304	0	0	0	160	0	0	0	0	0	3930	0	110	0	0	0	0	0	0	0	0	0	406	0	0	0	368	0	152	0	178	0	104	0	0	0	202	0	332	0	0	0	652	0	3220	0	0	0	166	0	13104	0	2484	0	11098	0	0	0	7296	0	844	0	414	0	0	0	0	0	0	0	0	0	554	0	6814	0	0	0	5316	0	0	0	2208	0	0	0	0	0	0	0	0	0	0	0	0	0	0	0	0	0	0	0	0	0	0	0	0	0	0	
142708	Angular_L	2786	0	182	0	0	0	424	0	0	0	0	0	0	0	0	0	192	0	0	0	0	0	0	0	0	0	0	0	256	0	0	0	0	0	0	0	106	0	0	0	0	0	786	0	328	0	366	0	2054	0	16288	0	0	0	210	0	2996	0	1196	0	15594	0	9514	0	0	0	378	0	222	0	0	0	0	0	0	0	0	0	0	0	4890	0	0	0	10716	0	0	0	1870	0	0	0	0	0	0	0	0	0	0	0	0	0	0	0	0	0	0	0	0	0	0	0	0	0	0	0	
114408	Angular_R	0	218	0	0	0	0	0	0	0	0	0	0	0	0	0	0	0	504	0	114	0	0	0	0	0	0	0	0	0	112	0	0	0	386	0	316	0	0	0	0	0	0	0	122	0	202	0	0	0	3790	0	14436	0	0	0	98	0	1052	0	4280	0	11746	0	7296	0	0	0	810	0	416	0	0	0	0	0	0	0	0	0	186	0	3798	0	0	0	6854	0	0	0	468	0	0	0	0	0	0	0	0	0	0	0	0	0	0	0	0	0	0	0	0	0	0	0	0	0	0	
286024	Precuneus_L	1036	0	266	0	0	0	200	0	0	0	0	0	0	0	0	0	0	0	0	0	0	0	0	0	0	0	0	0	336	0	0	0	3176	1534	7476	708	5264	0	2752	0	0	0	17746	1772	14978	4288	8022	0	13414	2946	13132	254	698	0	1824	0	4116	0	14578	484	2320	0	198	0	378	0	0	12038	3684	304	0	0	180	0	0	0	100	0	0	0	0	0	0	0	1754	0	0	0	676	0	0	0	0	0	0	0	192	0	0	0	0	0	0	0	0	0	0	0	0	0	188	0	0	0	0	0	
376948	Precuneus_R	816	1946	0	348	0	0	0	130	0	0	0	96	0	0	0	0	0	228	0	2850	0	0	0	0	0	0	0	0	0	126	0	0	1994	11404	3924	10900	452	3208	0	1872	0	0	598	18850	2812	28052	0	6266	1460	22782	612	12644	0	2562	0	1170	0	6996	1478	8232	0	808	0	844	0	810	12038	0	890	11144	222	0	0	164	0	0	980	264	0	0	0	212	0	0	0	3372	0	0	0	484	0	0	0	0	0	0	0	170	0	0	0	0	0	0	0	0	0	0	0	0	1264	0	0	0	0	0	
238668	Paracentral_Lobule_L	26258	916	2258	1206	0	0	98	140	0	0	0	0	0	0	0	0	202	0	3790	4786	0	0	0	136	0	0	0	0	584	0	0	200	3020	2804	8784	3474	2560	1960	260	650	166	0	852	0	778	0	440	560	1332	0	1738	0	0	0	470	194	10302	0	4116	0	3806	0	0	0	222	0	3684	890	0	1466	2204	492	2214	246	2386	0	14086	998	0	0	0	0	0	0	816	0	0	0	292	0	0	0	0	0	0	0	0	104	0	0	0	0	0	0	0	0	0	0	0	0	394	0	0	0	0	0	
161736	Paracentral_Lobule_R	374	4094	0	0	0	0	0	0	0	0	0	0	0	0	0	0	0	204	394	13542	0	0	0	0	0	0	0	0	0	134	0	0	582	16734	178	3500	0	0	0	0	0	0	0	1234	0	3900	0	0	0	3144	0	3052	0	444	0	0	0	9722	0	2196	0	728	0	414	0	416	304	11144	1466	0	1060	0	0	0	162	0	568	0	0	84	0	172	0	0	0	738	0	0	0	184	0	0	0	0	0	0	0	0	0	0	0	0	0	0	0	0	0	0	0	0	0	0	0	0	0	0	
354108	Caudate_L	4520	1272	12744	4638	2092	116	640	308	538	0	518	694	204	180	726	92	270	106	15068	5288	9034	8162	864	1064	1780	442	2698	578	1430	824	12102	5586	0	1352	1306	474	94	266	108	0	406	518	0	0	0	0	0	0	0	0	0	0	0	0	0	0	514	0	0	0	0	0	0	0	0	0	0	222	2204	1060	0	22132	26612	9384	4466	3420	6652	1286	0	0	0	0	0	0	0	0	0	0	0	0	0	0	0	0	0	0	0	0	0	0	0	0	0	0	0	0	0	0	0	0	0	0	0	0	0	0	
471100	Caudate_R	626	11642	1976	33410	136	3112	118	1862	0	540	128	1714	0	870	0	884	0	724	4182	16400	3806	9752	1192	9810	0	3632	100	3540	318	2880	8580	28156	182	872	0	0	0	416	0	162	274	1178	0	0	0	0	0	0	0	0	0	0	0	0	0	0	178	202	0	0	0	0	0	0	0	0	0	0	492	0	22132	0	11206	27562	1706	4790	754	13260	0	0	0	0	0	94	0	0	0	0	0	0	0	0	0	0	0	0	0	0	0	0	0	0	0	0	0	0	0	0	0	0	0	0	0	0	0	0	
439660	Putamen_L	5864	372	29826	1414	5280	110	5222	0	1720	0	510	0	2452	0	6368	0	1384	0	22678	934	5794	6884	1828	306	1094	268	1980	390	21826	114	9664	3218	276	0	482	0	11146	136	5392	0	1148	476	0	0	0	0	530	0	0	0	134	0	96	0	1552	0	386	0	0	0	0	0	0	0	0	0	180	0	2214	0	26612	11206	0	5360	7306	1360	2888	402	250	0	782	0	1356	0	280	0	0	0	380	0	0	0	0	0	0	0	0	0	0	0	0	0	0	0	0	0	0	0	0	0	0	0	0	0	0	0	
410472	Putamen_R	392	4114	658	17582	0	3048	0	5946	0	904	0	5794	0	3276	0	5718	0	2042	1578	10494	1078	4210	314	4658	0	2778	0	2478	0	22854	4524	13932	0	182	360	850	0	16072	0	7362	0	2210	0	0	0	0	0	844	0	0	0	0	0	136	0	5256	0	654	0	0	0	0	0	0	0	0	0	164	246	0	9384	27562	5360	0	94	3350	652	1842	0	0	0	1962	0	460	0	390	0	0	0	1126	0	0	0	0	0	0	0	346	0	0	0	0	0	0	0	0	0	0	0	0	0	0	0	0	0	0	
66048	Pallidum_L	3274	248	3336	564	0	0	260	0	0	0	0	0	0	0	0	0	0	0	3302	684	0	506	0	0	0	0	0	0	0	0	0	0	0	228	140	0	798	0	0	0	0	0	0	0	0	0	0	0	0	0	0	0	0	0	0	0	0	0	0	0	0	0	0	0	0	0	0	0	2386	162	4466	1706	7306	94	0	630	2664	180	90	0	0	0	0	0	0	0	0	0	0	0	0	0	0	0	0	0	0	0	0	0	0	0	0	0	0	0	0	0	0	0	0	0	0	0	0	0	
42488	Pallidum_R	0	378	0	1890	0	0	0	694	0	0	0	312	0	146	0	0	0	146	122	1366	114	142	0	0	0	0	0	0	0	112	0	0	0	0	0	0	0	808	0	714	0	0	0	0	0	0	0	260	0	0	0	0	0	0	0	298	0	0	0	0	0	0	0	0	0	0	0	0	0	0	3420	4790	1360	3350	630	0	0	108	0	0	0	0	0	0	0	0	0	0	0	0	0	0	0	0	0	0	0	84	0	0	0	0	0	0	0	0	0	0	0	0	0	0	0	0	0	0	
203768	Thalamus_L	18420	2088	3830	2710	0	0	780	526	0	0	0	0	0	0	0	0	380	0	1858	1130	0	0	0	88	0	0	0	0	1462	0	0	152	0	838	6180	8572	3878	5564	750	1184	194	0	0	0	0	0	570	900	0	0	0	0	0	0	0	274	280	0	0	0	0	0	0	0	0	0	100	980	14086	568	6652	754	2888	652	2664	0	0	9034	152	0	0	0	0	0	0	0	0	0	0	84	0	0	0	0	0	0	0	228	0	0	0	0	0	0	0	0	0	0	0	0	434	0	0	0	0	0	
183464	Thalamus_R	1726	17408	0	23358	0	0	0	2296	0	0	0	306	0	84	0	0	0	0	0	1690	0	516	0	1106	0	0	0	0	0	170	492	1916	0	0	1088	5366	0	4954	0	960	0	0	0	0	0	0	0	512	0	0	0	0	0	0	0	168	0	0	0	0	0	0	0	0	0	0	0	264	998	0	1286	13260	402	1842	180	108	9034	0	0	0	0	0	0	0	0	0	0	0	0	0	0	0	0	0	0	0	0	242	0	0	0	0	0	0	0	0	0	0	0	0	0	0	0	0	0	0	
130084	Heschl_L	4718	0	1786	0	0	0	1720	0	0	0	792	0	0	0	0	0	7882	0	572	0	0	0	0	0	0	0	0	0	10678	0	0	0	0	0	0	0	4958	0	116	0	0	0	0	0	0	0	300	0	0	0	3568	0	342	0	2418	0	3640	0	0	0	0	0	700	0	0	0	0	0	0	0	0	0	250	0	90	0	152	0	0	0	11590	0	0	0	5674	0	0	0	3096	0	0	0	0	0	0	0	0	0	0	0	0	0	0	0	0	0	0	0	0	0	0	0	0	0	0	0	
36216	Heschl_R	0	418	0	190	0	0	0	0	0	0	0	268	0	0	0	0	0	2244	0	218	0	0	0	0	0	0	0	0	0	1766	0	0	0	84	0	0	0	684	0	196	0	0	0	114	0	0	0	0	0	0	0	264	0	0	0	700	0	504	0	0	0	238	0	554	0	186	0	0	0	84	0	0	0	0	0	0	0	0	0	0	0	6082	0	0	0	2102	0	0	0	1212	0	0	0	0	0	0	0	0	0	0	0	0	0	0	0	0	0	0	0	0	0	0	0	0	0	0	
308820	Temporal_Sup_L	1062	0	1122	0	0	0	160	0	0	0	3292	0	1074	0	1806	0	12146	0	920	0	136	0	188	0	0	0	0	0	25890	0	246	0	0	0	0	0	4130	0	530	0	0	0	0	0	0	0	368	0	0	0	3068	0	376	0	8234	0	3108	0	0	0	240	0	8622	0	4890	0	0	0	0	0	0	0	782	0	0	0	0	0	11590	0	0	0	8548	0	31644	0	240	0	19308	0	452	0	0	0	0	0	0	0	238	0	0	0	0	0	0	0	0	0	0	0	0	0	0	0	0	0	
167680	Temporal_Sup_R	0	292	0	632	0	0	0	284	0	0	0	1146	0	208	0	98	0	5304	0	576	0	0	0	0	0	0	0	0	0	12048	0	0	0	190	0	98	0	2602	0	844	0	236	0	122	0	0	0	0	0	150	0	1566	0	0	0	2726	0	976	0	224	0	1192	0	6814	0	3798	0	212	0	172	0	0	0	1962	0	0	0	0	0	6082	0	0	0	4130	0	20676	0	990	0	7490	0	0	0	0	0	0	0	0	0	0	0	0	0	0	0	0	0	0	0	0	0	0	0	0	0	0	
131796	Temporal_Pole_Sup_L	166	0	1058	0	418	0	710	0	1332	0	1944	0	2002	0	7536	0	1774	0	572	0	190	0	0	0	0	0	0	0	9486	0	0	0	0	0	0	0	1448	0	3358	0	876	0	0	0	0	0	0	0	0	0	0	0	0	0	6542	0	0	0	0	0	0	0	0	0	0	0	0	0	0	0	0	0	1356	0	0	0	0	0	0	0	8548	0	0	0	7404	0	3636	0	5542	0	0	0	0	0	0	0	0	0	0	0	0	0	0	0	0	0	0	0	0	0	0	0	0	0	0	0	
86200	Temporal_Pole_Sup_R	0	0	0	174	0	208	0	0	0	0	0	474	0	0	0	1458	0	508	0	174	0	314	0	0	0	0	0	130	0	3452	0	0	0	0	0	0	0	2576	0	3338	0	4412	0	0	0	0	0	0	0	0	0	0	0	0	0	6302	0	0	0	0	0	0	0	0	0	0	0	0	0	0	0	94	0	460	0	0	0	0	0	0	0	4130	0	0	0	2574	0	6986	0	5336	0	0	0	0	0	0	0	0	0	0	0	0	0	0	0	0	0	0	0	0	0	0	0	0	0	0	
307396	Temporal_Mid_L	232	0	162	0	0	0	0	0	0	0	664	0	236	0	1214	0	2484	0	114	0	0	0	0	0	0	0	0	0	7886	0	0	0	0	0	0	0	2678	0	510	0	0	0	1086	0	600	0	1012	0	1110	0	17876	0	1714	0	8368	0	1914	0	194	0	2092	0	7748	0	10716	0	1754	0	816	0	0	0	280	0	0	0	0	0	5674	0	31644	0	7404	0	0	0	1670	0	33550	0	296	0	0	0	0	0	0	0	0	0	0	0	0	0	0	0	0	0	0	0	0	0	0	0	0	0	
221564	Temporal_Mid_R	0	648	0	0	0	0	0	0	0	0	0	164	0	0	0	0	0	754	0	316	0	0	0	0	0	0	0	0	0	2944	0	0	0	672	0	438	0	3388	0	1448	0	320	0	2274	0	2032	0	218	0	2108	0	14536	0	636	0	5744	0	890	0	200	0	2202	0	5316	0	6854	0	3372	0	738	0	0	0	390	0	0	0	0	0	2102	0	20676	0	2574	0	0	0	1910	0	24918	0	0	0	0	0	0	0	0	0	0	0	0	0	0	0	0	0	0	0	0	0	0	0	0	0	0	
18764	Temporal_Pole_Mid_L	0	0	0	0	0	0	0	0	0	0	0	0	0	0	436	0	0	0	0	0	0	0	0	0	0	0	0	0	274	0	0	0	0	0	0	0	0	0	1024	0	0	0	0	0	0	0	0	0	0	0	0	0	0	0	1358	0	0	0	0	0	0	0	0	0	0	0	0	0	0	0	0	0	0	0	0	0	0	0	0	0	240	0	3636	0	1670	0	0	0	744	0	0	0	0	0	0	0	0	0	0	0	0	0	0	0	0	0	0	0	0	0	0	0	0	0	0	0	
37504	Temporal_Pole_Mid_R	0	0	0	0	0	0	0	0	0	0	0	0	0	0	0	208	0	0	0	0	0	0	0	0	0	0	0	0	0	498	0	0	0	0	0	0	0	284	0	1738	0	640	0	0	0	0	0	0	0	0	0	0	0	0	0	2080	0	0	0	0	0	0	0	0	0	0	0	0	0	0	0	0	0	0	0	0	0	0	0	0	0	990	0	6986	0	1910	0	0	0	3418	0	0	0	0	0	0	0	0	0	0	0	0	0	0	0	0	0	0	0	0	0	0	0	0	0	0	
251904	Temporal_Inf_L	132	0	154	0	0	0	0	0	0	0	460	0	0	0	254	0	946	0	128	0	0	0	0	0	0	0	0	0	11242	0	84	0	0	0	0	0	5808	0	1034	0	126	0	418	0	106	0	1224	0	274	0	6166	0	4144	0	19246	0	850	0	90	0	1278	0	2394	0	1870	0	676	0	292	0	0	0	380	0	0	0	0	0	3096	0	19308	0	5542	0	33550	0	744	0	0	0	2814	0	104	0	0	0	0	0	1018	0	0	0	0	0	0	0	0	0	0	0	0	0	0	0	0	0	
198116	Temporal_Inf_R	0	554	0	0	0	0	0	0	0	0	0	190	0	0	0	212	0	378	0	0	0	0	0	0	0	0	0	0	0	3482	0	0	0	188	0	126	0	9296	0	5344	0	3120	0	880	0	0	0	490	0	0	0	1094	0	2506	0	22296	0	606	0	0	0	740	0	2208	0	468	0	484	0	184	0	0	0	1126	0	0	84	0	0	1212	0	7490	0	5336	0	24918	0	3418	0	0	0	628	0	0	0	0	0	0	0	0	0	0	0	0	0	0	0	0	0	0	0	0	0	0	0	0	
396508	Cerebelum_Crus1_L	0	0	0	0	0	0	0	0	0	0	0	0	0	0	0	0	0	0	0	0	0	0	0	0	0	0	0	0	340	0	0	0	0	0	0	0	0	0	0	0	0	0	0	0	0	0	2916	2080	0	0	576	0	606	0	16564	626	0	0	0	0	0	0	0	0	0	0	0	0	0	0	0	0	0	0	0	0	0	0	0	0	452	0	0	0	296	0	0	0	2814	0	0	3764	25772	398	1110	0	21222	654	50104	4234	10140	212	17286	722	9824	690	1848	0	342	416	6728	8264	3750	1814	1506	184	
376172	Cerebelum_Crus1_R	0	0	0	0	0	0	0	0	0	0	0	0	0	0	0	0	0	0	0	0	0	0	0	0	0	0	0	0	0	0	0	0	0	0	0	0	0	0	0	0	0	0	0	0	0	0	1920	1058	0	0	0	0	0	0	832	3582	0	0	0	0	0	0	0	0	0	0	0	0	0	0	0	0	0	0	0	0	0	0	0	0	0	0	0	0	0	0	0	0	0	628	3764	0	1766	23616	96	4200	6662	22610	6074	49616	116	9202	546	15706	1692	3940	0	192	102	676	12130	8384	6572	862	1432	110	
260296	Cerebelum_Crus2_L	0	0	0	0	0	0	0	0	0	0	0	0	0	0	0	0	0	0	0	0	0	0	0	0	0	0	0	0	0	0	0	0	0	0	0	0	0	0	0	0	0	0	0	0	0	0	482	676	0	0	0	0	0	0	588	300	0	0	0	0	0	0	0	0	0	0	0	0	0	0	0	0	0	0	0	0	0	0	0	0	0	0	0	0	0	0	0	0	104	0	25772	1766	0	1870	0	0	356	0	3986	1262	35104	1360	33588	1294	11964	236	1130	0	0	0	160	1770	3152	2838	390	0	
238064	Cerebelum_Crus2_R	0	0	0	0	0	0	0	0	0	0	0	0	0	0	0	0	0	0	0	0	0	0	0	0	0	0	0	0	0	0	0	0	0	0	0	0	0	0	0	0	0	0	0	0	0	0	0	0	0	0	0	0	0	0	0	0	0	0	0	0	0	0	0	0	0	0	0	0	0	0	0	0	0	0	0	0	0	0	0	0	0	0	0	0	0	0	0	0	0	0	398	23616	1870	0	0	0	238	332	348	3914	1084	31912	1514	35392	410	8944	0	234	0	0	338	392	3894	2366	1674	162	
35232	Cerebelum_3_L	0	0	0	0	0	0	0	0	0	0	0	0	0	0	0	0	0	0	0	0	0	0	0	0	0	0	0	0	0	0	0	0	0	0	0	0	0	0	0	0	0	0	0	0	0	0	786	90	0	0	0	0	0	0	472	0	0	0	0	0	0	0	0	0	0	0	0	0	0	0	0	0	0	0	0	0	0	0	0	0	0	0	0	0	0	0	0	0	0	0	1110	96	0	0	0	0	7148	96	1996	126	0	0	0	0	930	0	0	0	804	1998	1686	278	0	0	0	0	
45420	Cerebelum_3_R	0	0	0	0	0	0	0	0	0	0	0	0	0	0	0	0	0	0	0	0	0	0	0	0	0	0	0	0	0	0	0	0	0	0	0	0	0	274	0	492	0	0	0	0	0	0	122	510	0	0	0	0	0	0	0	262	0	0	0	0	0	0	0	0	0	0	0	0	0	0	0	0	0	0	0	0	0	0	0	0	0	0	0	0	0	0	0	0	0	0	0	4200	0	0	0	0	648	6548	118	5570	0	0	0	0	0	290	0	0	162	1740	1372	186	0	84	132	0	
347716	Cerebelum_4_5_L	0	0	0	0	0	0	0	0	0	0	0	0	0	0	0	0	0	0	0	0	0	0	0	0	0	0	0	0	0	0	0	0	0	0	0	0	638	0	708	0	0	0	266	0	0	0	12320	3306	0	0	1192	0	1634	0	14550	748	0	0	0	0	0	0	0	0	0	0	192	0	0	0	0	0	0	0	0	0	0	0	0	0	0	0	0	0	0	0	0	0	0	0	21222	6662	356	238	7148	648	0	8544	35352	8524	338	94	410	158	3838	1842	360	0	1658	3012	27242	7130	0	896	1794	838	
222132	Cerebelum_4_5_R	138	0	0	106	0	0	0	0	0	0	0	0	0	0	0	0	0	0	0	0	0	0	0	0	0	0	0	0	0	128	0	0	0	0	114	274	0	2044	0	3600	0	0	0	90	0	0	2460	6672	0	0	0	0	0	152	1210	4484	0	0	0	0	0	0	0	0	0	0	0	170	104	0	0	0	0	346	0	84	228	242	0	0	0	0	0	0	0	0	0	0	0	0	654	22610	0	332	96	6548	8544	0	2902	28282	0	0	0	116	152	452	0	0	112	908	15638	712	0	130	232	0	
397364	Cerebelum_6_L	0	0	0	0	0	0	0	0	0	0	0	0	0	0	0	0	0	0	0	0	0	0	0	0	0	0	0	0	236	0	0	0	0	0	0	0	194	0	186	0	0	0	178	0	0	0	8194	3368	0	0	622	0	930	0	24152	830	0	0	0	0	0	0	0	0	0	0	0	0	0	0	0	0	0	0	0	0	0	0	0	0	238	0	0	0	0	0	0	0	1018	0	50104	6074	3986	348	1996	118	35352	2902	0	7710	2414	90	5040	434	6396	1016	798	0	546	698	13546	13468	2104	1504	1734	158	
324720	Cerebelum_6_R	0	0	0	0	0	0	0	0	0	0	0	0	0	0	0	0	0	0	0	0	0	0	0	0	0	0	0	0	0	0	0	0	0	0	0	0	0	0	0	200	0	0	0	0	0	0	2680	3362	0	0	0	0	0	154	1152	6116	0	0	0	0	0	0	0	0	0	0	0	0	0	0	0	0	0	0	0	0	0	0	0	0	0	0	0	0	0	0	0	0	0	0	4234	49616	1262	3914	126	5570	8524	28282	7710	0	0	1208	430	2398	1872	1234	0	192	192	928	14886	10342	4244	670	862	0	
201876	Cerebelum_7b_L	0	0	0	0	0	0	0	0	0	0	0	0	0	0	0	0	0	0	0	0	0	0	0	0	0	0	0	0	0	0	0	0	0	0	0	0	0	0	0	0	0	0	0	0	0	0	0	0	0	0	0	0	0	0	116	0	0	0	0	0	0	0	0	0	0	0	0	0	0	0	0	0	0	0	0	0	0	0	0	0	0	0	0	0	0	0	0	0	0	0	10140	116	35104	1084	0	0	338	0	2414	0	0	1354	33362	1076	10154	170	656	0	0	0	230	238	1156	3020	210	0	
179020	Cerebelum_7b_R	0	0	0	0	0	0	0	0	0	0	0	0	0	0	0	0	0	0	0	0	0	0	0	0	0	0	0	0	0	0	0	0	0	0	0	0	0	0	0	0	0	0	0	0	0	0	0	0	0	0	0	0	0	0	0	0	0	0	0	0	0	0	0	0	0	0	0	0	0	0	0	0	0	0	0	0	0	0	0	0	0	0	0	0	0	0	0	0	0	0	212	9202	1360	31912	0	0	94	0	90	1208	1354	0	2052	30622	206	7066	0	0	0	0	96	120	1246	2422	248	0	
269580	Cerebelum_8_L	0	0	0	0	0	0	0	0	0	0	0	0	0	0	0	0	0	0	0	0	0	0	0	0	0	0	0	0	0	0	0	0	0	0	0	0	0	0	0	0	0	0	0	0	0	0	0	0	0	0	0	0	0	0	256	0	0	0	0	0	0	0	0	0	0	0	0	0	0	0	0	0	0	0	0	0	0	0	0	0	0	0	0	0	0	0	0	0	0	0	17286	546	33588	1514	0	0	410	0	5040	430	33362	2052	0	3470	22186	972	2614	0	0	0	142	640	2310	6408	1564	0	
238436	Cerebelum_8_R	0	0	0	0	0	0	0	0	0	0	0	0	0	0	0	0	0	0	0	0	0	0	0	0	0	0	0	0	0	0	0	0	0	0	0	0	0	0	0	0	0	0	0	0	0	0	0	0	0	0	0	0	0	0	0	0	0	0	0	0	0	0	0	0	0	0	0	0	0	0	0	0	0	0	0	0	0	0	0	0	0	0	0	0	0	0	0	0	0	0	722	15706	1294	35392	0	0	158	116	434	2398	1076	30622	3470	0	826	16098	0	594	0	0	160	366	3044	4228	2294	220	
180052	Cerebelum_9_L	0	0	0	0	0	0	0	0	0	0	0	0	0	0	0	0	0	0	0	0	0	0	0	0	0	0	0	0	0	0	0	0	0	0	0	0	0	0	0	0	0	0	0	0	0	0	280	0	0	0	0	0	0	0	364	0	0	0	0	0	0	0	0	0	0	0	0	0	0	0	0	0	0	0	0	0	0	0	0	0	0	0	0	0	0	0	0	0	0	0	9824	1692	11964	410	930	0	3838	152	6396	1872	10154	206	22186	826	0	2068	3328	0	0	0	2552	4714	814	2128	2658	670	
126472	Cerebelum_9_R	0	0	0	0	0	0	0	0	0	0	0	0	0	0	0	0	0	0	0	0	0	0	0	0	0	0	0	0	0	0	0	0	0	0	0	0	0	0	0	0	0	0	0	0	0	0	216	0	0	0	0	0	0	0	0	0	0	0	0	0	0	0	0	0	0	0	0	0	0	0	0	0	0	0	0	0	0	0	0	0	0	0	0	0	0	0	0	0	0	0	690	3940	236	8944	0	290	1842	452	1016	1234	170	7066	972	16098	2068	0	0	1236	0	192	2168	3222	1588	3296	5078	1222	
22316	Cerebelum_10_L	0	0	0	0	0	0	0	0	0	0	0	0	0	0	0	0	0	0	0	0	0	0	0	0	0	0	0	0	0	0	0	0	0	0	0	0	0	0	0	0	0	0	0	0	0	0	0	0	0	0	0	0	0	0	0	0	0	0	0	0	0	0	0	0	0	0	0	0	0	0	0	0	0	0	0	0	0	0	0	0	0	0	0	0	0	0	0	0	0	0	1848	0	1130	0	0	0	360	0	798	0	656	0	2614	0	3328	0	0	0	0	0	188	236	0	0	0	0	
5496	Cerebelum_10_R	0	0	0	0	0	0	0	0	0	0	0	0	0	0	0	0	0	0	0	0	0	0	0	0	0	0	0	0	0	0	0	0	0	0	0	0	0	0	0	0	0	0	0	0	0	0	0	0	0	0	0	0	0	0	0	0	0	0	0	0	0	0	0	0	0	0	0	0	0	0	0	0	0	0	0	0	0	0	0	0	0	0	0	0	0	0	0	0	0	0	0	192	0	234	0	0	0	0	0	192	0	0	0	594	0	1236	0	0	0	0	0	120	0	92	88	0	
20716	Vermis_1_2	0	0	0	0	0	0	0	0	0	0	0	0	0	0	0	0	0	0	0	0	0	0	0	0	0	0	0	0	0	0	0	0	0	0	0	0	0	0	0	0	0	0	0	0	0	0	100	0	0	0	0	0	0	0	0	0	0	0	0	0	0	0	0	0	0	0	0	0	0	0	0	0	0	0	0	0	0	0	0	0	0	0	0	0	0	0	0	0	0	0	342	102	0	0	804	162	1658	112	546	192	0	0	0	0	0	0	0	0	0	3740	2474	126	0	0	0	0	
37744	Vermis_3	0	0	0	0	0	0	0	0	0	0	0	0	0	0	0	0	0	0	0	0	0	0	0	0	0	0	0	0	0	0	0	0	0	0	0	0	0	0	0	0	0	0	0	0	0	0	204	102	0	0	0	0	0	0	136	0	0	0	0	0	0	0	0	0	0	0	0	0	0	0	0	0	0	0	0	0	0	0	0	0	0	0	0	0	0	0	0	0	0	0	416	676	0	0	1998	1740	3012	908	698	928	0	0	0	0	0	192	0	0	3740	0	3824	214	0	0	84	0	
286132	Vermis_4_5	400	0	0	0	0	0	0	0	0	0	0	0	0	0	0	0	0	0	0	0	0	0	0	0	0	0	0	0	0	0	0	0	0	0	650	1056	322	346	122	102	0	0	252	418	0	0	7454	5722	0	0	194	0	440	0	4058	1584	0	0	0	0	0	0	0	0	0	0	188	1264	394	0	0	0	0	0	0	0	434	0	0	0	0	0	0	0	0	0	0	0	0	0	6728	12130	160	338	1686	1372	27242	15638	13546	14886	230	96	142	160	2552	2168	188	0	2474	3824	0	8002	0	890	1964	1250	
178080	Vermis_6	0	0	0	0	0	0	0	0	0	0	0	0	0	0	0	0	0	0	0	0	0	0	0	0	0	0	0	0	0	0	0	0	0	0	0	0	0	0	0	0	0	0	0	0	0	0	2438	3642	0	0	0	0	102	0	2016	1152	0	0	0	0	0	0	0	0	0	0	0	0	0	0	0	0	0	0	0	0	0	0	0	0	0	0	0	0	0	0	0	0	0	0	8264	8384	1770	392	278	186	7130	712	13468	10342	238	120	640	366	4714	3222	236	120	126	214	8002	0	3752	2184	3390	1440	
