data	data	588084	445496	1.39696e+06	1.13609e+06	155788	147020	704352	440940	80660	27660	339336	284480	330540	269956	148996	240136	290072	196060	846844	770980	96388	120656	562756	655624	43568	147160	56892	91284	879260	584648	588540	865028	342792	680996	139988	187544	339292	336312	80944	162660	48536	53288	231748	294080	119192	265180	216888	227100	209112	318212	544460	249528	165048	86692	386452	420672	470152	364868	241880	209376	247488	105156	97496	92912	154228	87608	331284	385732	361744	281516	542284	984860	429284	627044	57580	91116	175880	196920	134456	36780	261224	93556	96996	92448	329072	209356	29816	22564	347004	171516	332276	244184	271636	165332	35056	58320	247948	148752	334000	259372	221152	77448	260192	158412	106168	55324	37004	4248	22352	54164	201904	156880	145036	103076	68500	29576	
data	data	Precentral_L	Precentral_R	Frontal_Sup_L	Frontal_Sup_R	Frontal_Sup_Orb_L	Frontal_Sup_Orb_R	Frontal_Mid_L	Frontal_Mid_R	Frontal_Mid_Orb_L	Frontal_Mid_Orb_R	Frontal_Inf_Oper_L	Frontal_Inf_Oper_R	Frontal_Inf_Tri_L	Frontal_Inf_Tri_R	Frontal_Inf_Orb_L	Frontal_Inf_Orb_R	Rolandic_Oper_L	Rolandic_Oper_R	Supp_Motor_Area_L	Supp_Motor_Area_R	Olfactory_L	Olfactory_R	Frontal_Sup_Medial_L	Frontal_Sup_Medial_R	Frontal_Med_Orb_L	Frontal_Med_Orb_R	Rectus_L	Rectus_R	Insula_L	Insula_R	Cingulum_Ant_L	Cingulum_Ant_R	Cingulum_Mid_L	Cingulum_Mid_R	Cingulum_Post_L	Cingulum_Post_R	Hippocampus_L	Hippocampus_R	ParaHippocampal_L	ParaHippocampal_R	Amygdala_L	Amygdala_R	Calcarine_L	Calcarine_R	Cuneus_L	Cuneus_R	Lingual_L	Lingual_R	Occipital_Sup_L	Occipital_Sup_R	Occipital_Mid_L	Occipital_Mid_R	Occipital_Inf_L	Occipital_Inf_R	Fusiform_L	Fusiform_R	Postcentral_L	Postcentral_R	Parietal_Sup_L	Parietal_Sup_R	Parietal_Inf_L	Parietal_Inf_R	SupraMarginal_L	SupraMarginal_R	Angular_L	Angular_R	Precuneus_L	Precuneus_R	Paracentral_Lobule_L	Paracentral_Lobule_R	Caudate_L	Caudate_R	Putamen_L	Putamen_R	Pallidum_L	Pallidum_R	Thalamus_L	Thalamus_R	Heschl_L	Heschl_R	Temporal_Sup_L	Temporal_Sup_R	Temporal_Pole_Sup_L	Temporal_Pole_Sup_R	Temporal_Mid_L	Temporal_Mid_R	Temporal_Pole_Mid_L	Temporal_Pole_Mid_R	Temporal_Inf_L	Temporal_Inf_R	Cerebelum_Crus1_L	Cerebelum_Crus1_R	Cerebelum_Crus2_L	Cerebelum_Crus2_R	Cerebelum_3_L	Cerebelum_3_R	Cerebelum_4_5_L	Cerebelum_4_5_R	Cerebelum_6_L	Cerebelum_6_R	Cerebelum_7b_L	Cerebelum_7b_R	Cerebelum_8_L	Cerebelum_8_R	Cerebelum_9_L	Cerebelum_9_R	Cerebelum_10_L	Cerebelum_10_R	Vermis_1_2	Vermis_3	Vermis_4_5	Vermis_6	Vermis_7	Vermis_8	Vermis_9	Vermis_10	
588084	Precentral_L	0	3728	26694	3182	0	0	30400	326	0	0	11836	110	1832	0	0	0	12320	0	7356	10814	0	0	0	552	0	0	0	0	17696	176	114	972	2178	9952	2472	2440	7132	1384	242	222	0	0	486	0	0	0	0	0	0	0	3976	0	2254	0	2506	1602	37860	1006	2998	0	1754	0	1760	0	0	0	1610	438	33270	5212	6548	1972	2290	264	278	0	9130	2068	6636	0	5856	0	0	0	4838	0	0	0	3050	250	0	0	0	0	0	0	0	0	0	0	0	0	0	0	0	0	0	0	0	0	0	0	0	0	0	0	
445496	Precentral_R	3728	0	1096	18048	0	0	454	8352	0	0	0	8108	0	3952	0	154	0	4498	498	7136	0	0	0	1168	0	0	0	0	390	7186	0	2104	458	5162	1750	2752	920	8668	0	858	0	0	0	1632	0	2208	0	804	0	3936	0	1662	0	1410	0	3304	1952	40916	0	3206	0	876	0	2620	0	0	110	5648	10070	16868	1924	10498	440	4616	0	344	1546	12142	0	372	0	1340	0	194	0	1536	0	0	0	2478	0	0	0	0	0	0	0	122	0	0	0	0	0	0	0	0	0	0	0	0	534	0	0	0	0	0	
1.39696e+06	Frontal_Sup_L	26694	1096	0	27440	9896	146	108572	1262	3070	0	24154	778	29208	818	8494	1702	18016	150	85964	32616	266	0	50296	15698	2010	618	156	0	63228	2060	29496	19868	11010	17086	220	158	6352	452	162	136	140	0	0	0	0	0	0	0	0	0	650	0	244	0	668	0	10428	110	424	0	236	0	286	0	0	0	206	0	4122	288	19742	10796	19038	1554	1896	114	9170	1240	6058	0	8386	0	2116	0	756	0	0	0	462	0	0	0	0	0	0	0	0	0	0	0	0	0	0	0	0	0	0	0	0	0	0	0	0	0	0	0	
1.13609e+06	Frontal_Sup_R	3182	18048	27440	0	0	5310	3758	55486	0	664	1646	9642	1400	19616	0	11614	164	8564	30992	53636	0	0	10740	53460	0	4158	0	0	3888	23214	15164	59274	4394	17064	160	180	732	6850	0	1172	0	0	0	0	0	0	0	130	0	0	0	0	0	0	0	2274	428	3326	0	666	0	122	0	700	0	0	0	230	1176	518	9966	55434	1560	23146	238	2300	1644	7072	0	888	112	1278	0	1142	0	528	0	0	0	1554	0	0	0	0	0	0	0	0	0	0	0	0	0	0	0	0	0	0	0	0	0	0	0	0	0	0	
155788	Frontal_Sup_Orb_L	0	0	9896	0	0	0	694	0	10648	0	0	0	842	0	11142	0	0	0	0	0	1742	716	4322	266	4184	356	6406	208	7350	0	6844	214	0	0	0	0	0	0	0	0	114	0	0	0	0	0	0	0	0	0	0	0	0	0	0	0	0	0	0	0	0	0	0	0	0	0	0	0	0	0	1458	564	9390	0	0	0	0	0	0	0	0	0	538	0	0	0	0	0	0	0	0	0	0	0	0	0	0	0	0	0	0	0	0	0	0	0	0	0	0	0	0	0	0	0	0	0	
147020	Frontal_Sup_Orb_R	0	0	146	5310	0	0	0	2048	0	5152	0	0	0	0	0	5494	0	0	0	0	1214	2590	174	5598	0	11976	448	11564	0	694	722	5076	0	0	0	0	0	0	0	0	0	0	0	0	0	0	0	0	0	0	0	0	0	0	0	0	0	0	0	0	0	0	0	0	0	0	0	0	0	0	1272	6526	722	5956	0	620	0	208	0	0	0	0	0	0	0	0	0	0	0	0	0	0	0	0	0	0	0	0	0	0	0	0	0	0	0	0	0	0	0	0	0	0	0	0	0	0	
704352	Frontal_Mid_L	30400	454	108572	3758	694	0	0	492	5004	0	17052	0	42320	160	9112	786	5380	0	10040	2970	0	0	15850	3588	0	0	0	0	29844	810	6008	3548	4084	2660	268	180	4518	368	0	0	0	0	0	0	0	0	0	0	0	0	782	0	334	0	1194	0	6652	0	512	0	226	0	132	0	0	0	244	0	2138	0	7736	2724	5202	282	316	0	3242	888	6318	0	2484	0	266	0	1020	0	0	0	564	0	0	0	0	0	0	0	0	0	0	0	0	0	0	0	0	0	0	0	0	0	0	0	0	0	0	0	
440940	Frontal_Mid_R	326	8352	1262	55486	0	2048	492	0	0	2084	490	16778	388	28968	0	10208	0	3670	2638	3550	0	0	852	9386	0	182	0	0	496	14982	1464	11404	224	1712	0	0	0	1152	0	446	0	0	0	0	0	0	0	0	0	0	0	0	0	0	0	990	0	348	0	0	0	0	0	0	0	0	0	0	0	0	1344	24528	290	11486	0	458	0	476	0	0	0	468	0	868	0	0	0	0	0	174	0	0	0	0	0	0	0	0	0	0	0	0	0	0	0	0	0	0	0	0	0	0	0	0	0	0	
80660	Frontal_Mid_Orb_L	0	0	3070	0	10648	0	5004	0	0	0	0	0	1420	0	11628	0	0	0	0	0	470	170	0	0	550	0	3184	0	1772	0	214	0	0	0	0	0	0	0	0	0	0	0	0	0	0	0	0	0	0	0	0	0	0	0	0	0	0	0	0	0	0	0	0	0	0	0	0	0	0	0	302	118	1628	0	0	0	0	0	0	0	0	0	152	0	0	0	0	0	0	0	0	0	0	0	0	0	0	0	0	0	0	0	0	0	0	0	0	0	0	0	0	0	0	0	0	0	
27660	Frontal_Mid_Orb_R	0	0	0	664	0	5152	0	2084	0	0	0	0	0	0	0	5016	0	0	0	0	0	0	0	0	0	436	0	478	0	0	0	0	0	0	0	0	0	0	0	0	0	0	0	0	0	0	0	0	0	0	0	0	0	0	0	0	0	0	0	0	0	0	0	0	0	0	0	0	0	0	0	0	0	0	0	0	0	0	0	0	0	0	0	0	0	0	0	0	0	0	0	0	0	0	0	0	0	0	0	0	0	0	0	0	0	0	0	0	0	0	0	0	0	0	0	0	
339336	Frontal_Inf_Oper_L	11836	0	24154	1646	0	0	17052	490	0	0	0	0	17088	0	164	528	11028	0	13664	316	0	0	1576	1178	0	0	0	0	29218	0	3252	2366	0	158	0	0	302	0	0	0	0	0	0	0	0	0	0	0	0	0	0	0	0	0	0	0	5726	0	232	0	188	0	114	0	0	0	0	0	0	0	7878	3774	3588	112	0	0	720	350	1136	0	5214	0	4398	0	222	0	0	0	0	0	0	0	0	0	0	0	0	0	0	0	0	0	0	0	0	0	0	0	0	0	0	0	0	0	0	0	
284480	Frontal_Inf_Oper_R	110	8108	778	9642	0	0	0	16778	0	0	0	0	0	18338	0	1310	0	9674	1208	2792	0	0	324	2066	0	0	0	0	0	22336	298	2220	0	378	0	0	0	482	0	130	0	0	0	0	0	0	0	0	0	0	0	0	0	0	0	426	0	2432	0	0	0	0	0	0	0	0	0	0	0	0	402	18314	0	17436	0	860	0	606	0	0	0	748	0	3898	0	0	0	0	0	146	0	0	0	0	0	0	0	0	0	0	0	0	0	0	0	0	0	0	0	0	0	0	0	0	0	0	
330540	Frontal_Inf_Tri_L	1832	0	29208	1400	842	0	42320	388	1420	0	17088	0	0	0	12942	530	1306	0	6450	874	0	0	3460	952	0	0	0	0	24620	0	3996	1872	358	378	0	0	0	0	0	0	0	0	0	0	0	0	0	0	0	0	0	0	0	0	0	0	232	0	0	0	0	0	0	0	0	0	0	0	0	0	5808	2494	1640	190	0	0	126	300	120	0	366	0	1758	0	0	0	0	0	0	0	0	0	0	0	0	0	0	0	0	0	0	0	0	0	0	0	0	0	0	0	0	0	0	0	0	0	
269956	Frontal_Inf_Tri_R	0	3952	818	19616	0	0	160	28968	0	0	0	18338	0	0	0	11218	0	504	1618	1802	0	0	1390	5190	0	0	0	0	0	17434	906	3814	988	2684	0	0	0	210	0	0	0	0	0	0	0	0	0	0	0	0	0	0	0	0	0	166	0	1790	0	0	0	0	0	0	0	0	0	0	0	0	342	9424	0	3172	0	156	0	166	0	0	0	0	0	152	0	0	0	0	0	0	0	0	0	0	0	0	0	0	0	0	0	0	0	0	0	0	0	0	0	0	0	0	0	0	0	0	
148996	Frontal_Inf_Orb_L	0	0	8494	0	11142	0	9112	0	11628	0	164	0	12942	0	0	0	0	0	758	0	1308	288	372	0	0	0	1640	0	10104	0	0	0	0	0	0	0	0	0	136	0	0	0	0	0	0	0	0	0	0	0	0	0	0	0	0	0	0	0	0	0	0	0	0	0	0	0	0	0	0	0	530	234	4116	0	0	0	0	0	0	0	0	0	1530	0	0	0	0	0	0	0	0	0	0	0	0	0	0	0	0	0	0	0	0	0	0	0	0	0	0	0	0	0	0	0	0	0	
240136	Frontal_Inf_Orb_R	0	154	1702	11614	0	5494	786	10208	0	5016	528	1310	530	11218	0	0	0	0	1004	1000	0	994	4770	7034	0	126	0	1870	692	27040	1538	1980	2802	7078	0	0	0	138	0	182	0	0	0	0	0	0	0	0	0	0	0	0	0	0	0	0	0	0	0	0	0	0	0	0	0	0	0	0	0	0	796	5382	376	5434	0	370	0	0	0	0	0	0	0	742	0	160	0	0	0	0	0	0	0	0	0	0	0	0	0	0	0	0	0	0	0	0	0	0	0	0	0	0	0	0	0	0	
290072	Rolandic_Oper_L	12320	0	18016	164	0	0	5380	0	0	0	11028	0	1306	0	0	0	0	0	11944	274	0	0	0	0	0	0	0	0	27966	0	116	148	0	150	0	0	508	0	0	0	0	0	0	0	0	0	0	0	0	0	2104	0	0	0	0	0	17992	0	2492	0	364	0	2924	0	0	0	1942	0	0	0	578	222	310	0	0	0	810	0	5874	0	17668	0	1782	0	476	0	0	0	178	0	0	0	0	0	0	0	0	0	0	0	0	0	0	0	0	0	0	0	0	0	0	0	0	0	0	0	
196060	Rolandic_Oper_R	0	4498	150	8564	0	0	0	3670	0	0	0	9674	0	504	0	0	0	0	224	8046	0	0	0	294	0	0	0	0	0	18178	0	896	0	306	0	0	0	668	0	0	0	0	0	0	0	0	0	0	0	0	0	0	0	0	0	688	0	5296	0	188	0	0	0	1634	0	0	0	0	0	236	0	9752	0	12020	0	434	0	0	0	3284	0	4470	0	3334	0	250	0	0	0	772	0	0	0	0	0	0	0	0	0	0	0	0	0	0	0	0	0	0	0	0	0	0	0	0	0	0	
846844	Supp_Motor_Area_L	7356	498	85964	30992	0	0	10040	2638	0	0	13664	1208	6450	1618	758	1004	11944	224	0	52474	0	0	11618	9792	0	0	0	0	37074	1364	8840	16082	10704	27646	0	196	3548	172	0	0	0	0	0	0	0	0	0	0	0	0	0	0	0	0	758	146	5168	166	0	0	0	0	192	0	0	0	0	0	6128	456	13144	8952	11276	1716	4780	0	3946	216	1506	0	7494	0	1736	0	160	0	0	0	1614	0	0	0	0	0	0	0	0	0	0	0	0	0	0	0	0	0	0	0	0	0	0	0	0	0	0	0	
770980	Supp_Motor_Area_R	10814	7136	32616	53636	0	0	2970	3550	0	0	316	2792	874	1802	0	1000	274	8046	52474	0	0	0	5130	10490	0	0	0	0	3594	7802	7558	17090	11274	52004	838	1866	652	1324	0	288	0	0	0	0	0	0	0	0	0	0	140	0	0	0	184	1962	1794	1910	0	262	0	0	0	0	0	0	118	180	18606	23038	6600	16470	932	9052	122	1026	788	138	168	730	112	1172	0	942	0	136	0	0	0	698	0	0	0	0	0	0	0	0	0	0	0	0	0	0	0	0	0	0	0	0	0	0	0	0	0	0	
96388	Olfactory_L	0	0	266	0	1742	1214	0	0	470	0	0	0	0	0	1308	0	0	0	0	0	0	7916	0	178	270	582	1954	2148	1650	142	3244	1720	0	0	0	0	142	0	172	0	390	0	0	0	0	0	0	0	0	0	0	0	0	0	0	0	0	0	0	0	0	0	0	0	0	0	0	0	0	0	8620	5370	6430	1130	512	362	0	0	0	0	0	0	262	0	0	0	0	0	0	0	0	0	0	0	0	0	0	0	0	0	0	0	0	0	0	0	0	0	0	0	0	0	0	0	0	0	
120656	Olfactory_R	0	0	0	0	716	2590	0	0	170	0	0	0	0	0	288	994	0	0	0	0	7916	0	0	380	0	1488	1474	3934	210	1758	3052	2690	0	0	0	0	0	0	0	136	0	458	0	0	0	0	0	0	0	0	0	0	0	0	0	0	0	0	0	0	0	0	0	0	0	0	0	0	0	0	10578	8868	7206	2356	1240	1704	0	0	0	0	0	0	0	122	0	0	0	0	0	0	0	0	0	0	0	0	0	0	0	0	0	0	0	0	0	0	0	0	0	0	0	0	0	0	0	0	
562756	Frontal_Sup_Medial_L	0	0	50296	10740	4322	174	15850	852	0	0	1576	324	3460	1390	372	4770	0	0	11618	5130	0	0	0	37312	3974	2694	0	0	4244	4788	42492	28084	18188	19874	0	0	0	0	0	0	0	0	0	0	0	0	0	0	0	0	0	0	0	0	0	0	0	0	0	0	0	0	0	0	0	0	0	0	0	0	2314	2454	2500	1182	0	150	0	254	0	0	0	0	0	0	0	0	0	0	0	0	0	0	0	0	0	0	0	0	0	0	0	0	0	0	0	0	0	0	0	0	0	0	0	0	0	0	
655624	Frontal_Sup_Medial_R	552	1168	15698	53460	266	5598	3588	9386	0	0	1178	2066	952	5190	0	7034	0	294	9792	10490	178	380	37312	0	954	10894	0	936	1822	8386	23358	50110	5520	22394	0	0	0	322	0	0	0	0	0	0	0	0	0	0	0	0	0	0	0	0	0	214	0	726	0	378	0	0	0	0	0	0	0	0	0	0	3134	21754	660	8524	0	1136	430	1400	0	0	0	0	0	0	0	0	0	0	0	178	0	0	0	0	0	0	0	0	0	0	0	0	0	0	0	0	0	0	0	0	0	0	0	0	0	0	
43568	Frontal_Med_Orb_L	0	0	2010	0	4184	0	0	0	550	0	0	0	0	0	0	0	0	0	0	0	270	0	3974	954	0	1866	2210	326	0	0	4276	470	0	0	0	0	0	0	0	0	0	0	0	0	0	0	0	0	0	0	0	0	0	0	0	0	0	0	0	0	0	0	0	0	0	0	0	0	0	0	312	0	382	0	0	0	0	0	0	0	0	0	0	0	0	0	0	0	0	0	0	0	0	0	0	0	0	0	0	0	0	0	0	0	0	0	0	0	0	0	0	0	0	0	0	0	
147160	Frontal_Med_Orb_R	0	0	618	4158	356	11976	0	182	0	436	0	0	0	0	0	126	0	0	0	0	582	1488	2694	10894	1866	0	792	9788	0	124	7028	8724	0	0	0	0	0	0	0	0	0	0	0	0	0	0	0	0	0	0	0	0	0	0	0	0	0	0	0	0	0	0	0	0	0	0	0	0	0	0	554	5150	334	4986	0	724	0	0	0	0	0	0	0	0	0	0	0	0	0	0	0	0	0	0	0	0	0	0	0	0	0	0	0	0	0	0	0	0	0	0	0	0	0	0	0	0	
56892	Rectus_L	0	0	156	0	6406	448	0	0	3184	0	0	0	0	0	1640	0	0	0	0	0	1954	1474	0	0	2210	792	0	1310	360	0	2928	318	0	0	0	0	0	0	0	0	118	0	0	0	0	0	0	0	0	0	0	0	0	0	0	0	0	0	0	0	0	0	0	0	0	0	0	0	0	0	2552	812	1784	0	0	0	0	0	0	0	0	0	0	0	0	0	0	0	0	0	0	0	0	0	0	0	0	0	0	0	0	0	0	0	0	0	0	0	0	0	0	0	0	0	0	0	
91284	Rectus_R	0	0	0	0	208	11564	0	0	0	478	0	0	0	0	0	1870	0	0	0	0	2148	3934	0	936	326	9788	1310	0	0	508	1388	3136	0	0	0	0	0	0	0	0	0	0	0	0	0	0	0	0	0	0	0	0	0	0	0	0	0	0	0	0	0	0	0	0	0	0	0	0	0	0	2070	2490	1186	2086	0	216	0	0	0	0	0	0	0	0	0	0	0	0	0	0	0	0	0	0	0	0	0	0	0	0	0	0	0	0	0	0	0	0	0	0	0	0	0	0	0	0	
879260	Insula_L	17696	390	63228	3888	7350	0	29844	496	1772	0	29218	0	24620	0	10104	692	27966	0	37074	3594	1650	210	4244	1822	0	0	360	0	0	174	6968	4272	1080	1488	164	116	15144	204	764	0	2442	0	0	0	0	0	0	0	0	0	1954	0	912	0	8990	0	15820	0	1412	0	136	0	738	0	0	0	582	0	292	0	18906	4428	24486	630	306	0	4644	786	12676	0	18784	0	6888	0	3840	0	0	0	13386	0	0	0	0	0	0	0	0	0	0	0	0	0	0	0	0	0	0	0	0	0	0	0	0	0	0	0	
584648	Insula_R	176	7186	2060	23214	0	694	810	14982	0	0	0	22336	0	17434	0	27040	0	18178	1364	7802	142	1758	4788	8386	0	124	0	508	174	0	1460	4218	3202	7934	178	426	0	8670	0	2156	0	1498	0	0	0	0	0	164	0	222	0	0	0	0	0	7106	0	3190	0	270	0	0	0	472	0	0	0	312	0	456	562	24874	514	36964	0	1792	0	944	0	3368	0	5070	0	6640	0	2686	0	234	0	7258	0	0	0	0	0	0	0	114	0	0	0	0	0	0	0	0	0	0	0	0	214	0	0	0	0	0	
588540	Cingulum_Ant_L	114	0	29496	15164	6844	722	6008	1464	214	0	3252	298	3996	906	0	1538	116	0	8840	7558	3244	3052	42492	23358	4276	7028	2928	1388	6968	1460	0	44634	12232	15276	0	0	0	0	0	0	0	0	0	0	0	0	0	0	0	0	0	0	0	0	0	0	0	0	0	0	0	0	0	0	0	0	0	0	0	0	13474	10194	10522	3810	0	548	0	856	0	0	0	0	0	0	0	0	0	0	0	0	0	0	0	0	0	0	0	0	0	0	0	0	0	0	0	0	0	0	0	0	0	0	0	0	0	0	
865028	Cingulum_Ant_R	972	2104	19868	59274	214	5076	3548	11404	0	0	2366	2220	1872	3814	0	1980	148	896	16082	17090	1720	2690	28084	50110	470	8724	318	3136	4272	4218	44634	0	9312	27968	0	0	0	628	0	196	0	0	0	0	0	0	0	0	0	0	0	0	0	0	0	442	0	1184	0	522	0	0	0	0	0	0	0	0	128	158	10682	52952	3236	17452	0	2140	1844	5908	0	154	0	0	0	0	0	0	0	0	0	304	0	0	0	0	0	0	0	0	0	0	0	0	0	0	0	0	0	0	0	0	0	0	0	0	0	0	
342792	Cingulum_Mid_L	2178	458	11010	4394	0	0	4084	224	0	0	0	0	358	988	0	2802	0	0	10704	11274	0	0	18188	5520	0	0	0	0	1080	3202	12232	9312	0	29754	2786	1676	216	0	0	0	0	0	1574	0	932	0	0	0	4204	0	6516	0	350	0	0	0	1414	0	1526	0	0	0	0	0	0	0	10194	796	8982	810	116	356	686	130	0	0	0	0	0	0	0	0	0	0	192	0	0	0	178	0	0	0	0	0	0	0	0	0	0	0	0	0	0	0	0	0	0	0	0	0	0	0	0	0	0	0	
680996	Cingulum_Mid_R	9952	5162	17086	17064	0	0	2660	1712	0	0	158	378	378	2684	0	7078	150	306	27646	52004	0	0	19874	22394	0	0	0	0	1488	7934	15276	27968	29754	0	2766	7486	414	358	0	0	0	0	0	808	0	322	0	148	0	154	142	166	0	0	152	708	2346	2498	0	278	0	0	0	0	0	0	528	3508	22164	21062	886	1902	538	1450	0	162	0	0	0	0	0	0	0	0	0	0	0	0	0	244	0	0	0	0	0	0	0	0	0	0	0	0	0	0	0	0	0	0	0	0	202	0	0	0	0	0	
139988	Cingulum_Post_L	2472	1750	220	160	0	0	268	0	0	0	0	0	0	0	0	0	0	0	0	838	0	0	0	0	0	0	0	0	164	178	0	0	2786	2766	0	13608	5952	3342	1524	298	0	0	3318	196	0	184	1194	282	180	258	0	112	260	0	980	2952	3490	1424	0	0	0	0	0	0	0	0	4726	1694	6048	2690	0	0	0	0	0	0	114	1732	138	0	0	158	0	0	0	176	0	0	0	614	0	0	0	0	0	0	216	112	0	0	0	0	0	0	0	0	0	0	0	0	420	0	0	0	0	0	
187544	Cingulum_Post_R	2440	2752	158	180	0	0	180	0	0	0	0	0	0	0	0	0	0	0	196	1866	0	0	0	0	0	0	0	0	116	426	0	0	1676	7486	13608	0	3228	3588	736	578	0	0	300	822	0	3120	0	1536	0	3050	0	1278	0	582	480	4452	3154	3648	0	788	0	374	0	0	0	0	1584	11014	4298	5460	0	0	0	0	0	0	0	1068	0	0	0	362	0	0	0	700	0	0	0	1414	0	0	0	0	0	0	0	0	0	0	0	0	0	0	0	0	0	0	0	0	5074	0	0	0	0	0	
339292	Hippocampus_L	7132	920	6352	732	0	0	4518	0	0	0	302	0	0	0	0	0	508	0	3548	652	142	0	0	0	0	0	0	0	15144	0	0	0	216	414	5952	3228	0	3786	11544	708	8750	0	1954	0	0	0	3050	376	0	0	420	0	1374	0	25746	500	888	0	0	0	122	0	110	0	0	0	2412	884	2334	206	2484	276	10708	172	2120	0	7574	4564	3246	0	3736	0	698	0	1196	0	0	0	16626	0	0	0	0	0	288	0	644	186	0	0	0	0	0	0	0	0	0	0	0	0	204	0	0	0	0	0	
336312	Hippocampus_R	1384	8668	452	6850	0	0	368	1152	0	0	0	482	0	210	0	138	0	668	172	1324	0	0	0	322	0	0	0	0	204	8670	0	628	0	358	3342	3588	3786	0	466	21514	0	8230	0	0	0	0	0	3774	0	0	0	0	0	0	152	36724	0	656	0	0	0	0	0	0	0	0	0	1592	1040	666	166	6954	372	16590	0	1738	1822	6824	126	138	152	598	0	1080	0	1078	0	0	0	7774	0	0	0	0	0	602	0	2656	0	0	0	0	0	0	0	0	0	0	0	342	1564	0	0	0	0	0	
80944	ParaHippocampal_L	242	0	162	0	0	0	0	0	0	0	0	0	0	0	136	0	0	0	0	0	172	0	0	0	0	0	0	0	764	0	0	0	0	0	1524	736	11544	466	0	0	3178	0	800	0	0	0	4118	0	0	0	782	0	600	0	8696	0	0	0	0	0	0	0	0	0	0	0	974	0	110	0	0	0	906	0	0	0	384	330	0	0	0	0	346	0	0	0	148	0	784	0	0	0	0	0	1092	0	1478	0	0	0	0	0	0	0	0	0	0	0	0	0	0	0	0	0	0	0	
162660	ParaHippocampal_R	222	858	136	1172	0	0	0	446	0	0	0	130	0	0	0	182	0	0	0	288	0	136	0	0	0	0	0	0	0	2156	0	196	0	0	298	578	708	21514	0	0	0	5676	0	0	0	0	0	6334	0	0	0	0	0	0	0	18026	0	0	0	0	0	0	0	0	0	0	0	1414	136	0	0	2192	110	4516	0	858	440	1902	0	0	0	144	0	932	0	132	0	218	0	736	0	0	0	0	0	1692	0	4668	0	0	0	0	0	0	0	0	0	0	0	670	1514	0	0	0	0	0	
48536	Amygdala_L	0	0	140	0	114	0	0	0	0	0	0	0	0	0	0	0	0	0	0	0	390	0	0	0	0	0	118	0	2442	0	0	0	0	0	0	0	8750	0	3178	0	0	0	0	0	0	0	0	0	0	0	0	0	0	0	5176	0	0	0	0	0	0	0	0	0	0	0	0	0	0	0	850	0	792	0	0	0	182	0	0	0	0	0	532	0	0	0	128	0	1476	0	0	0	0	0	0	0	0	0	0	0	0	0	0	0	0	0	0	0	0	0	0	0	0	0	0	0	
53288	Amygdala_R	0	0	0	0	0	0	0	0	0	0	0	0	0	0	0	0	0	0	0	0	0	458	0	0	0	0	0	0	0	1498	0	0	0	0	0	0	0	8230	0	5676	0	0	0	0	0	0	0	0	0	0	0	0	0	0	0	6652	0	0	0	0	0	0	0	0	0	0	0	0	0	0	0	234	0	1990	0	318	0	354	0	0	0	0	0	1234	0	0	0	0	0	0	0	0	0	0	0	0	0	0	0	0	0	0	0	0	0	0	0	0	0	0	0	0	0	0	0	0	
231748	Calcarine_L	486	0	0	0	0	0	0	0	0	0	0	0	0	0	0	0	0	0	0	0	0	0	0	0	0	0	0	0	0	0	0	0	1574	0	3318	300	1954	0	800	0	0	0	0	4174	12044	2396	10514	2428	11298	1322	25306	256	9316	490	2432	644	1170	0	1272	0	0	0	0	0	0	0	15822	666	1922	0	0	0	0	0	0	0	0	0	160	0	0	0	0	0	2472	0	0	0	978	0	0	0	0	0	0	0	360	0	0	0	0	0	0	0	0	0	0	0	0	0	0	0	0	0	0	0	
294080	Calcarine_R	0	1632	0	0	0	0	0	0	0	0	0	0	0	0	0	0	0	0	0	0	0	0	0	0	0	0	0	0	0	0	0	0	0	808	196	822	0	0	0	0	0	0	4174	0	1068	19984	2796	14996	0	18524	0	16124	0	7370	0	6470	0	7402	0	5362	0	1146	0	0	0	614	1162	25978	170	4410	0	0	0	0	0	0	0	0	0	0	0	0	0	0	0	4528	0	0	0	1118	0	0	0	0	0	0	0	0	0	0	0	0	0	0	0	0	0	0	0	0	186	0	0	0	0	0	
119192	Cuneus_L	0	0	0	0	0	0	0	0	0	0	0	0	0	0	0	0	0	0	0	0	0	0	0	0	0	0	0	0	0	0	0	0	932	0	0	0	0	0	0	0	0	0	12044	1068	0	2596	950	126	15330	446	13996	0	842	0	0	0	138	0	2500	0	0	0	0	0	0	0	6314	616	838	0	0	0	0	0	0	0	0	0	0	0	0	0	0	0	730	0	0	0	130	0	0	0	0	0	0	0	0	0	0	0	0	0	0	0	0	0	0	0	0	0	0	0	0	0	0	0	
265180	Cuneus_R	0	2208	0	0	0	0	0	0	0	0	0	0	0	0	0	0	0	0	0	0	0	0	0	0	0	0	0	0	0	0	0	0	0	322	184	3120	0	0	0	0	0	0	2396	19984	2596	0	542	2820	128	31454	0	14336	0	1400	0	794	0	4614	0	7226	0	644	0	0	0	1016	3372	24274	0	2700	0	0	0	0	0	0	0	0	0	0	0	0	0	0	0	4752	0	0	0	294	0	0	0	0	0	0	0	0	0	0	0	0	0	0	0	0	0	0	0	0	1414	0	0	0	0	0	
216888	Lingual_L	0	0	0	0	0	0	0	0	0	0	0	0	0	0	0	0	0	0	0	0	0	0	0	0	0	0	0	0	0	0	0	0	0	0	1194	0	3050	0	4118	0	0	0	10514	2796	950	542	0	4486	2140	574	12092	0	6920	0	13184	676	0	0	0	0	0	0	0	0	0	0	3420	0	0	0	0	0	0	0	0	0	0	0	0	0	0	0	0	0	0	0	0	0	222	0	5362	1608	560	0	1026	0	11154	564	10684	2676	220	0	338	0	0	0	0	0	0	122	3362	3074	262	206	166	182	
227100	Lingual_R	0	804	0	130	0	0	0	0	0	0	0	0	0	0	0	0	0	0	0	0	0	0	0	0	0	0	0	0	0	164	0	0	0	148	282	1536	376	3774	0	6334	0	0	2428	14996	126	2820	4486	0	0	3036	0	838	0	4644	356	19194	0	624	0	146	0	0	0	0	0	0	180	6024	138	512	0	286	0	546	0	0	0	492	0	0	0	0	0	0	0	406	0	0	0	706	1204	4612	222	0	0	1580	1484	7856	2362	6108	0	0	0	0	0	0	0	0	0	732	5242	4334	1282	0	0	0	
209112	Occipital_Sup_L	0	0	0	0	0	0	0	0	0	0	0	0	0	0	0	0	0	0	0	0	0	0	0	0	0	0	0	0	0	0	0	0	4204	0	180	0	0	0	0	0	0	0	11298	0	15330	128	2140	0	0	0	31516	0	4234	0	0	0	784	0	10000	0	910	0	178	0	582	0	18016	1288	1216	0	0	0	0	0	0	0	0	0	0	0	0	0	0	0	1134	0	0	0	1418	0	0	0	0	0	0	0	0	0	0	0	0	0	0	0	0	0	0	0	0	0	0	0	0	0	0	0	
318212	Occipital_Sup_R	0	3936	0	0	0	0	0	0	0	0	0	0	0	0	0	0	0	0	0	0	0	0	0	0	0	0	0	0	0	222	0	0	0	154	258	3050	0	0	0	0	0	0	1322	18524	446	31454	574	3036	0	0	0	22190	0	1642	0	1008	0	7190	0	14152	0	4192	0	314	0	6392	1434	21046	0	3474	0	0	0	0	0	0	0	0	0	0	0	988	0	0	0	8746	0	0	0	1782	0	0	0	0	0	0	0	0	0	0	0	0	0	0	0	0	0	0	0	0	1580	0	0	0	0	0	
544460	Occipital_Mid_L	3976	0	650	0	0	0	782	0	0	0	0	0	0	0	0	0	2104	0	0	140	0	0	0	0	0	0	0	0	1954	0	0	0	6516	142	0	0	420	0	782	0	0	0	25306	0	13996	0	12092	0	31516	0	0	0	24146	0	2840	0	16054	0	24920	0	16640	0	1430	0	18684	0	27540	806	4824	120	0	0	0	0	0	0	0	0	870	0	2218	0	0	0	20712	0	0	0	10050	0	0	0	0	0	0	0	0	0	0	0	0	0	0	0	0	0	0	0	0	0	0	0	0	0	0	0	
249528	Occipital_Mid_R	0	1662	0	0	0	0	0	0	0	0	0	0	0	0	0	0	0	0	0	0	0	0	0	0	0	0	0	0	0	0	0	0	0	166	112	1278	0	0	0	0	0	0	256	16124	0	14336	0	838	0	22190	0	0	0	6002	0	1138	0	4364	0	6030	0	3766	0	110	0	11596	1232	15414	0	1874	0	0	0	0	0	0	0	0	0	0	0	0	0	0	0	14838	0	0	0	748	0	0	0	0	0	0	0	0	0	0	0	0	0	0	0	0	0	0	0	0	690	0	0	0	0	0	
165048	Occipital_Inf_L	2254	0	244	0	0	0	334	0	0	0	0	0	0	0	0	0	0	0	0	0	0	0	0	0	0	0	0	0	912	0	0	0	350	0	260	0	1374	0	600	0	0	0	9316	0	842	0	6920	0	4234	0	24146	0	0	0	9184	0	1264	0	828	0	0	0	0	0	0	0	5146	202	1220	0	0	0	0	0	0	0	0	0	530	0	196	0	0	0	4960	0	0	0	6172	0	122	0	0	0	0	0	266	0	648	0	0	0	0	0	0	0	0	0	0	0	0	0	0	0	0	0	
86692	Occipital_Inf_R	0	1410	0	0	0	0	0	0	0	0	0	0	0	0	0	0	0	0	0	0	0	0	0	0	0	0	0	0	0	0	0	0	0	0	0	582	0	0	0	0	0	0	490	7370	0	1400	0	4644	0	1642	0	6002	0	0	0	8412	0	1410	0	250	0	0	0	0	0	0	0	3298	0	624	0	0	0	0	0	0	0	0	0	0	0	0	0	0	0	2698	0	0	0	2980	0	0	0	0	0	0	0	0	0	0	0	0	0	0	0	0	0	0	0	0	134	0	0	0	0	0	
386452	Fusiform_L	2506	0	668	0	0	0	1194	0	0	0	0	0	0	0	0	0	0	0	758	184	0	0	0	0	0	0	0	0	8990	0	0	0	0	152	980	480	25746	152	8696	0	5176	0	2432	0	0	0	13184	356	0	0	2840	0	9184	0	0	150	916	0	0	0	0	0	0	0	0	0	1656	156	960	172	990	0	3182	0	0	0	836	120	2240	0	2370	0	3002	0	3584	0	2414	0	23558	0	19528	762	1484	0	1116	0	9630	142	24544	1306	376	0	362	0	116	0	0	0	0	0	1434	1736	160	224	174	148	
420672	Fusiform_R	1602	3304	0	2274	0	0	0	990	0	0	0	426	0	166	0	0	0	688	146	1962	0	0	0	214	0	0	0	0	0	7106	0	442	0	708	2952	4452	500	36724	0	18026	0	6652	644	6470	0	794	676	19194	0	1008	0	1138	0	8412	150	0	616	1360	0	254	0	0	0	0	0	0	114	3442	1350	1792	146	5368	132	14012	0	1170	120	976	0	242	0	702	0	3434	0	2638	0	2140	0	14258	258	7244	0	0	0	550	452	5956	460	8492	0	0	0	130	0	0	0	0	0	0	3500	908	300	0	0	0	
470152	Postcentral_L	37860	1952	10428	428	0	0	6652	0	0	0	5726	0	232	0	0	0	17992	0	5168	1794	0	0	0	0	0	0	0	0	15820	0	0	0	1414	2346	3490	3154	888	0	0	0	0	0	1170	0	138	0	0	0	784	0	16054	0	1264	0	916	616	0	2454	15984	0	21326	0	9054	0	3958	0	7384	0	10440	3526	178	0	524	0	0	0	650	0	5518	0	7750	128	0	0	6746	0	0	0	2886	284	0	0	0	0	0	0	0	0	0	0	0	0	0	0	0	0	0	0	0	0	0	0	0	0	0	0	
364868	Postcentral_R	1006	40916	110	3326	0	0	0	348	0	0	0	2432	0	1790	0	0	0	5296	166	1910	0	0	0	726	0	0	0	0	0	3190	0	1184	0	2498	1424	3648	0	656	0	0	0	0	0	7402	0	4614	0	624	0	7190	0	4364	0	1410	0	1360	2454	0	0	18984	0	8294	0	12536	0	824	0	14190	3574	12740	0	1882	0	2246	0	398	0	406	0	962	0	842	0	0	0	2204	0	0	0	1442	0	0	0	0	0	0	0	0	0	0	0	0	0	0	0	0	0	0	0	0	866	0	0	0	0	0	
241880	Parietal_Sup_L	2998	0	424	0	0	0	512	0	0	0	232	0	0	0	0	0	2492	0	0	0	0	0	0	0	0	0	0	0	1412	0	0	0	1526	0	0	0	0	0	0	0	0	0	1272	0	2500	0	0	0	10000	0	24920	0	828	0	0	0	15984	0	0	0	18224	0	1672	0	7588	0	17030	1088	518	0	0	0	0	0	0	0	0	0	172	0	1898	0	0	0	3968	0	0	0	3682	0	0	0	0	0	0	0	0	0	0	0	0	0	0	0	0	0	0	0	0	0	0	0	0	0	0	0	
209376	Parietal_Sup_R	0	3206	0	666	0	0	0	0	0	0	0	0	0	0	0	0	0	188	0	262	0	0	0	378	0	0	0	0	0	270	0	522	0	278	0	788	0	0	0	0	0	0	0	5362	0	7226	0	146	0	14152	0	6030	0	250	0	254	0	18984	0	0	0	9494	0	6506	0	5144	0	12910	0	1644	0	698	0	0	0	0	0	312	0	0	0	1122	0	0	0	4882	0	0	0	2694	0	0	0	0	0	0	0	0	0	0	0	0	0	0	0	0	0	0	0	0	320	0	0	0	0	0	
247488	Parietal_Inf_L	1754	0	236	0	0	0	226	0	0	0	188	0	0	0	0	0	364	0	0	0	0	0	0	0	0	0	0	0	136	0	0	0	0	0	0	0	122	0	0	0	0	0	0	0	0	0	0	0	910	0	16640	0	0	0	0	0	21326	0	18224	0	0	0	13592	0	23138	0	3672	0	272	0	0	0	128	0	0	0	0	0	0	0	1718	0	0	0	14248	0	0	0	6850	0	0	0	0	0	0	0	0	0	0	0	0	0	0	0	0	0	0	0	0	0	0	0	0	0	0	0	
105156	Parietal_Inf_R	0	876	0	122	0	0	0	0	0	0	0	0	0	0	0	0	0	0	0	0	0	0	0	0	0	0	0	0	0	0	0	0	0	0	0	374	0	0	0	0	0	0	0	1146	0	644	0	0	0	4192	0	3766	0	0	0	0	0	8294	0	9494	0	0	0	9768	0	8188	0	2150	0	272	0	0	0	0	0	0	0	0	0	0	0	140	0	0	0	2588	0	0	0	372	0	0	0	0	0	0	0	0	0	0	0	0	0	0	0	0	0	0	0	0	192	0	0	0	0	0	
97496	SupraMarginal_L	1760	0	286	0	0	0	132	0	0	0	114	0	0	0	0	0	2924	0	192	0	0	0	0	0	0	0	0	0	738	0	0	0	0	0	0	0	110	0	0	0	0	0	0	0	0	0	0	0	178	0	1430	0	0	0	0	0	9054	0	1672	0	13592	0	0	0	4112	0	1154	0	0	0	0	0	150	0	0	0	0	0	374	0	3412	0	0	0	4686	0	0	0	2678	0	0	0	0	0	0	0	0	0	0	0	0	0	0	0	0	0	0	0	0	0	0	0	0	0	0	0	
92912	SupraMarginal_R	0	2620	0	700	0	0	0	0	0	0	0	0	0	0	0	0	0	1634	0	0	0	0	0	0	0	0	0	0	0	472	0	0	0	0	0	0	0	0	0	0	0	0	0	0	0	0	0	0	0	314	0	110	0	0	0	0	0	12536	0	6506	0	9768	0	0	0	2516	0	142	0	0	0	0	0	0	0	0	0	0	0	672	0	4424	0	0	0	3602	0	0	0	440	0	0	0	0	0	0	0	0	0	0	0	0	0	0	0	0	0	0	0	0	0	0	0	0	0	0	
154228	Angular_L	0	0	0	0	0	0	0	0	0	0	0	0	0	0	0	0	0	0	0	0	0	0	0	0	0	0	0	0	0	0	0	0	0	0	0	0	0	0	0	0	0	0	0	0	0	0	0	0	582	0	18684	0	0	0	0	0	3958	0	7588	0	23138	0	4112	0	0	0	1012	0	250	0	0	0	0	0	0	0	0	0	0	0	998	0	0	0	12944	0	0	0	3848	0	0	0	0	0	0	0	0	0	0	0	0	0	0	0	0	0	0	0	0	0	0	0	0	0	0	0	
87608	Angular_R	0	0	0	0	0	0	0	0	0	0	0	0	0	0	0	0	0	0	0	0	0	0	0	0	0	0	0	0	0	0	0	0	0	0	0	0	0	0	0	0	0	0	0	614	0	1016	0	0	0	6392	0	11596	0	0	0	0	0	824	0	5144	0	8188	0	2516	0	0	0	698	0	0	0	0	0	0	0	0	0	0	0	0	0	1192	0	0	0	5474	0	0	0	150	0	0	0	0	0	0	0	0	0	0	0	0	0	0	0	0	0	0	0	0	0	0	0	0	0	0	
331284	Precuneus_L	1610	110	206	0	0	0	244	0	0	0	0	0	0	0	0	0	1942	0	0	118	0	0	0	0	0	0	0	0	582	0	0	0	10194	528	4726	1584	2412	0	974	0	0	0	15822	1162	6314	3372	3420	180	18016	1434	27540	1232	5146	0	1656	114	7384	0	17030	0	3672	0	1154	0	1012	0	0	7140	4098	466	0	0	0	0	0	0	0	0	346	0	1600	0	0	0	5738	594	0	0	3708	0	0	0	0	0	0	0	640	0	0	0	0	0	0	0	0	0	0	0	0	0	422	0	0	0	0	0	
385732	Precuneus_R	438	5648	0	230	0	0	0	0	0	0	0	0	0	0	0	0	0	0	0	180	0	0	0	0	0	0	0	0	0	312	0	0	796	3508	1694	11014	884	1592	0	1414	0	0	666	25978	616	24274	0	6024	1288	21046	806	15414	202	3298	156	3442	0	14190	1088	12910	0	2150	0	142	0	698	7140	0	698	8528	0	222	0	136	0	0	0	296	0	0	0	0	0	0	0	5232	0	0	0	1786	0	0	0	0	0	0	0	1208	0	0	0	0	0	0	0	0	0	0	0	140	5382	0	0	0	0	0	
361744	Paracentral_Lobule_L	33270	10070	4122	1176	0	0	2138	0	0	0	0	0	0	0	0	0	0	0	6128	18606	0	0	0	0	0	0	0	0	292	0	0	128	8982	22164	6048	4298	2334	1040	110	136	0	0	1922	170	838	0	0	138	1216	0	4824	0	1220	0	960	1350	10440	3574	518	0	272	0	0	0	250	0	4098	698	0	15312	1670	522	352	0	0	0	5242	1558	156	0	0	128	0	0	1694	0	0	0	352	356	0	0	0	0	0	0	0	0	0	0	0	0	0	0	0	0	0	0	0	0	0	0	0	0	0	0	
281516	Paracentral_Lobule_R	5212	16868	288	518	0	0	0	0	0	0	0	0	0	0	0	0	0	236	456	23038	0	0	0	0	0	0	0	0	0	456	0	158	810	21062	2690	5460	206	666	0	0	0	0	0	4410	0	2700	0	512	0	3474	120	1874	0	624	172	1792	3526	12740	0	1644	0	272	0	0	0	0	466	8528	15312	0	824	204	0	200	0	0	502	0	0	0	0	712	0	0	0	602	0	0	0	908	0	0	0	0	0	0	0	0	0	0	0	0	0	0	0	0	0	0	0	0	516	0	0	0	0	0	
542284	Caudate_L	6548	1924	19742	9966	1458	1272	7736	1344	302	0	7878	402	5808	342	530	796	578	0	13144	6600	8620	10578	2314	3134	312	554	2552	2070	18906	562	13474	10682	116	886	0	0	2484	166	0	0	850	0	0	0	0	0	0	0	0	0	0	0	0	0	990	146	178	0	0	0	0	0	0	0	0	0	0	0	1670	824	0	27926	36476	6026	5256	2890	17188	2846	0	0	1088	0	1142	0	186	0	0	0	1680	0	0	0	0	0	0	0	0	0	0	0	0	0	0	0	0	0	0	0	0	0	0	0	0	0	0	0	
984860	Caudate_R	1972	10498	10796	55434	564	6526	2724	24528	118	0	3774	18314	2494	9424	234	5382	222	9752	8952	16470	5370	8868	2454	21754	0	5150	812	2490	4428	24874	10194	52952	356	1902	0	0	276	6954	0	2192	0	234	0	0	0	0	0	286	0	0	0	0	0	0	0	5368	0	1882	0	698	0	0	0	0	0	0	0	222	522	204	27926	0	12042	58666	1262	8922	2740	26940	0	212	0	634	186	2706	0	150	0	0	0	964	0	0	0	0	0	0	0	268	0	0	0	0	0	0	0	0	0	0	0	0	192	0	0	0	0	0	
429284	Putamen_L	2290	440	19038	1560	9390	722	5202	290	1628	0	3588	0	1640	0	4116	376	310	0	11276	932	6430	7206	2500	660	382	334	1784	1186	24486	514	10522	3236	686	538	0	0	10708	372	906	110	792	0	0	0	0	0	0	0	0	0	0	0	0	0	3182	132	524	0	0	0	128	0	150	0	0	0	0	0	352	0	36476	12042	0	4454	8032	1872	3400	976	322	0	1122	0	1896	0	236	0	0	0	3196	0	0	0	0	0	0	0	0	0	0	0	0	0	0	0	0	0	0	0	0	0	0	0	0	0	0	0	
627044	Putamen_R	264	4616	1554	23146	0	5956	282	11486	0	0	112	17436	190	3172	0	5434	0	12020	1716	9052	1130	2356	1182	8524	0	4986	0	2086	630	36964	3810	17452	130	1450	0	0	172	16590	0	4516	0	1990	0	0	0	0	0	546	0	0	0	0	0	0	0	14012	0	2246	0	0	0	0	0	0	0	0	0	136	0	200	6026	58666	4454	0	150	10980	514	4758	0	184	0	896	0	4980	0	504	0	210	0	2842	0	0	0	0	0	0	0	518	0	0	0	0	0	0	0	0	0	0	0	0	296	0	0	0	0	0	
57580	Pallidum_L	278	0	1896	238	0	0	316	0	0	0	0	0	0	0	0	0	0	0	4780	122	512	1240	0	0	0	0	0	0	306	0	0	0	0	0	0	0	2120	0	0	0	0	0	0	0	0	0	0	0	0	0	0	0	0	0	0	0	0	0	0	0	0	0	0	0	0	0	0	0	0	0	5256	1262	8032	150	0	650	1632	0	0	0	0	0	0	0	0	0	0	0	0	0	0	0	0	0	0	0	0	0	0	0	0	0	0	0	0	0	0	0	0	0	0	0	0	0	0	0	
91116	Pallidum_R	0	344	114	2300	0	620	0	458	0	0	0	860	0	156	0	370	0	434	0	1026	362	1704	150	1136	0	724	0	216	0	1792	548	2140	0	162	0	0	0	1738	0	858	0	318	0	0	0	0	0	0	0	0	0	0	0	0	0	1170	0	398	0	0	0	0	0	0	0	0	0	0	0	0	2890	8922	1872	10980	650	0	0	0	0	0	0	0	0	146	0	0	0	0	0	0	0	0	0	0	0	0	0	0	0	0	0	0	0	0	0	0	0	0	0	0	0	0	0	0	0	0	
175880	Thalamus_L	9130	1546	9170	1644	0	0	3242	0	0	0	720	0	126	0	0	0	810	0	3946	788	0	0	0	430	0	0	0	0	4644	0	0	1844	0	0	114	0	7574	1822	384	440	182	0	0	0	0	0	0	0	0	0	0	0	0	0	836	120	650	0	0	0	0	0	0	0	0	0	0	0	5242	502	17188	2740	3400	514	1632	0	0	5012	244	0	448	0	144	0	178	0	0	0	534	0	0	0	0	0	0	0	0	0	0	0	0	0	0	0	0	0	0	0	0	0	0	0	0	0	0	0	
196920	Thalamus_R	2068	12142	1240	7072	0	208	888	476	0	0	350	606	300	166	0	0	0	0	216	138	0	0	254	1400	0	0	0	0	786	944	856	5908	0	0	1732	1068	4564	6824	330	1902	0	354	0	0	0	0	0	492	0	0	0	0	0	0	120	976	0	406	0	312	0	0	0	0	0	0	0	296	1558	0	2846	26940	976	4758	0	0	5012	0	136	0	164	0	0	180	0	0	0	0	0	0	0	0	0	0	0	0	0	362	0	0	0	0	0	0	0	0	0	0	0	0	134	0	0	0	0	0	
134456	Heschl_L	6636	0	6058	0	0	0	6318	0	0	0	1136	0	120	0	0	0	5874	0	1506	168	0	0	0	0	0	0	0	0	12676	0	0	0	0	0	138	0	3246	126	0	0	0	0	160	0	0	0	0	0	0	0	870	0	530	0	2240	0	5518	0	172	0	0	0	374	0	0	0	346	0	156	0	0	0	322	0	0	0	244	136	0	0	6388	0	0	0	3300	0	0	0	2470	0	0	0	0	0	0	0	0	0	0	0	0	0	0	0	0	0	0	0	0	0	0	0	0	0	0	0	
36780	Heschl_R	0	372	0	888	0	0	0	0	0	0	0	0	0	0	0	0	0	3284	0	730	0	0	0	0	0	0	0	0	0	3368	0	154	0	0	0	0	0	138	0	0	0	0	0	0	0	0	0	0	0	0	0	0	0	0	0	242	0	962	0	0	0	0	0	672	0	0	0	0	0	0	0	212	0	184	0	0	0	0	0	0	0	5456	0	0	0	982	0	0	0	746	0	0	0	0	0	0	0	0	0	0	0	0	0	0	0	0	0	0	0	0	0	0	0	0	0	0	
261224	Temporal_Sup_L	5856	0	8386	112	0	0	2484	0	0	0	5214	0	366	0	0	0	17668	0	7494	112	0	0	0	0	0	0	0	0	18784	0	0	0	0	0	0	0	3736	152	0	0	0	0	0	0	0	0	0	0	0	0	2218	0	196	0	2370	0	7750	0	1898	0	1718	0	3412	0	998	0	1600	0	0	0	1088	0	1122	0	0	0	448	164	6388	0	0	0	2802	0	15330	0	0	0	10746	0	0	0	0	0	0	0	0	0	0	0	0	0	0	0	0	0	0	0	0	0	0	0	0	0	0	0	
93556	Temporal_Sup_R	0	1340	0	1278	0	0	0	468	0	0	0	748	0	0	0	0	0	4470	0	1172	0	0	0	0	0	0	0	0	0	5070	0	0	0	0	158	362	0	598	0	144	0	0	0	0	0	0	0	0	0	988	0	0	0	0	0	702	128	842	0	1122	0	140	0	4424	0	1192	0	0	128	712	0	634	0	896	0	0	0	0	0	5456	0	0	0	3382	0	7636	0	184	0	2404	0	0	0	0	0	0	0	0	0	0	0	0	0	0	0	0	0	0	0	0	0	0	0	0	0	0	
96996	Temporal_Pole_Sup_L	0	0	2116	0	538	0	266	0	152	0	4398	0	1758	0	1530	0	1782	0	1736	0	262	0	0	0	0	0	0	0	6888	0	0	0	0	0	0	0	698	0	346	0	532	0	0	0	0	0	0	0	0	0	0	0	0	0	3002	0	0	0	0	0	0	0	0	0	0	0	0	0	0	0	1142	186	1896	0	0	0	144	0	0	0	2802	0	0	0	7688	0	3958	0	4678	0	0	0	0	0	0	0	0	0	0	0	0	0	0	0	0	0	0	0	0	0	0	0	0	0	0	0	
92448	Temporal_Pole_Sup_R	0	194	0	1142	0	0	0	868	0	0	0	3898	0	152	0	742	0	3334	0	942	0	122	0	0	0	0	0	0	0	6640	0	0	0	0	0	0	0	1080	0	932	0	1234	0	0	0	0	0	0	0	0	0	0	0	0	0	3434	0	0	0	0	0	0	0	0	0	0	0	0	0	0	0	2706	0	4980	0	146	0	180	0	0	0	3382	0	0	0	3414	0	4284	0	2418	0	0	0	0	0	0	0	0	0	0	0	0	0	0	0	0	0	0	0	0	0	0	0	0	0	0	
329072	Temporal_Mid_L	4838	0	756	0	0	0	1020	0	0	0	222	0	0	0	0	0	476	0	160	0	0	0	0	0	0	0	0	0	3840	0	0	0	192	0	0	0	1196	0	0	0	0	0	2472	0	730	0	0	0	1134	0	20712	0	4960	0	3584	0	6746	0	3968	0	14248	0	4686	0	12944	0	5738	0	1694	0	186	0	236	0	0	0	178	0	3300	0	15330	0	7688	0	0	0	4618	0	36684	0	0	0	0	0	0	0	0	0	0	0	0	0	0	0	0	0	0	0	0	0	0	0	0	0	0	0	
209356	Temporal_Mid_R	0	1536	0	528	0	0	0	0	0	0	0	0	0	0	0	160	0	250	0	136	0	0	0	0	0	0	0	0	0	2686	0	0	0	0	176	700	0	1078	0	132	0	0	0	4528	0	4752	0	406	0	8746	0	14838	0	2698	0	2638	0	2204	0	4882	0	2588	0	3602	0	5474	594	5232	0	602	0	150	0	504	0	0	0	0	0	982	0	7636	0	3414	0	0	0	2136	0	18376	0	0	0	0	0	0	0	0	0	0	0	0	0	0	0	0	0	0	0	0	314	0	0	0	0	0	
29816	Temporal_Pole_Mid_L	0	0	0	0	0	0	0	0	0	0	0	0	0	0	0	0	0	0	0	0	0	0	0	0	0	0	0	0	0	0	0	0	0	0	0	0	0	0	148	0	128	0	0	0	0	0	0	0	0	0	0	0	0	0	2414	0	0	0	0	0	0	0	0	0	0	0	0	0	0	0	0	0	0	0	0	0	0	0	0	0	0	0	3958	0	4618	0	0	0	3642	0	0	0	0	0	0	0	0	0	0	0	0	0	0	0	0	0	0	0	0	0	0	0	0	0	0	0	
22564	Temporal_Pole_Mid_R	0	0	0	0	0	0	0	0	0	0	0	0	0	0	0	0	0	0	0	0	0	0	0	0	0	0	0	0	0	234	0	0	0	0	0	0	0	0	0	218	0	0	0	0	0	0	0	0	0	0	0	0	0	0	0	2140	0	0	0	0	0	0	0	0	0	0	0	0	0	0	0	0	0	210	0	0	0	0	0	0	0	184	0	4284	0	2136	0	0	0	1876	0	0	0	0	0	0	0	0	0	0	0	0	0	0	0	0	0	0	0	0	0	0	0	0	0	0	
347004	Temporal_Inf_L	3050	0	462	0	0	0	564	0	0	0	0	0	0	0	0	0	178	0	1614	0	0	0	0	0	0	0	0	0	13386	0	0	0	178	0	0	0	16626	0	784	0	1476	0	978	0	130	0	222	0	1418	0	10050	0	6172	0	23558	0	2886	0	3682	0	6850	0	2678	0	3848	0	3708	0	352	0	1680	0	3196	0	0	0	534	0	2470	0	10746	0	4678	0	36684	0	3642	0	0	0	3016	0	922	0	0	0	198	0	760	0	126	0	0	0	0	0	0	0	0	0	0	0	0	0	0	0	
171516	Temporal_Inf_R	250	2478	0	1554	0	0	0	174	0	0	0	146	0	0	0	0	0	772	0	698	0	0	0	178	0	0	0	0	0	7258	0	304	0	244	614	1414	0	7774	0	736	0	0	0	1118	0	294	0	706	0	1782	0	748	0	2980	0	14258	284	1442	0	2694	0	372	0	440	0	150	0	1786	356	908	0	964	0	2842	0	0	0	0	0	746	0	2404	0	2418	0	18376	0	1876	0	0	0	724	0	0	0	0	0	132	0	0	0	0	0	0	0	0	0	0	0	0	364	0	0	0	0	0	
332276	Cerebelum_Crus1_L	0	0	0	0	0	0	0	0	0	0	0	0	0	0	0	0	0	0	0	0	0	0	0	0	0	0	0	0	0	0	0	0	0	0	0	0	0	0	0	0	0	0	0	0	0	0	5362	1204	0	0	0	0	122	0	19528	258	0	0	0	0	0	0	0	0	0	0	0	0	0	0	0	0	0	0	0	0	0	0	0	0	0	0	0	0	0	0	0	0	3016	0	0	2222	24388	810	426	168	17186	152	48104	2950	9572	294	13128	470	3236	146	1034	0	0	196	1130	4606	4478	898	672	382	
244184	Cerebelum_Crus1_R	0	0	0	0	0	0	0	0	0	0	0	0	0	0	0	0	0	0	0	0	0	0	0	0	0	0	0	0	0	0	0	0	0	0	0	0	0	0	0	0	0	0	0	0	0	0	1608	4612	0	0	0	0	0	0	762	7244	0	0	0	0	0	0	0	0	0	0	0	0	0	0	0	0	0	0	0	0	0	0	0	0	0	0	0	0	0	0	0	0	0	724	2222	0	586	18194	0	2030	1796	9862	2972	36568	248	1852	288	9864	0	804	0	0	110	844	4426	9334	4310	370	342	120	
271636	Cerebelum_Crus2_L	0	0	0	0	0	0	0	0	0	0	0	0	0	0	0	0	0	0	0	0	0	0	0	0	0	0	0	0	0	0	0	0	0	0	0	0	0	0	0	0	0	0	0	0	0	0	560	222	0	0	0	0	0	0	1484	0	0	0	0	0	0	0	0	0	0	0	0	0	0	0	0	0	0	0	0	0	0	0	0	0	0	0	0	0	0	0	0	0	922	0	24388	586	0	5896	224	616	2632	210	7206	476	29690	4156	26800	4358	5038	616	2220	0	158	602	796	1060	8562	4422	1614	304	
165332	Cerebelum_Crus2_R	0	0	0	0	0	0	0	0	0	0	0	0	0	0	0	0	0	0	0	0	0	0	0	0	0	0	0	0	0	0	0	0	0	0	0	0	0	0	0	0	0	0	0	0	0	0	0	0	0	0	0	0	0	0	0	0	0	0	0	0	0	0	0	0	0	0	0	0	0	0	0	0	0	0	0	0	0	0	0	0	0	0	0	0	0	0	0	0	0	0	810	18194	5896	0	0	826	158	1066	210	3124	4478	12916	3512	18154	0	1088	0	188	160	704	702	246	7250	1762	1000	222	
35056	Cerebelum_3_L	0	0	0	0	0	0	0	0	0	0	0	0	0	0	0	0	0	0	0	0	0	0	0	0	0	0	0	0	0	0	0	0	0	0	0	0	288	0	1092	0	0	0	0	0	0	0	1026	0	0	0	0	0	0	0	1116	0	0	0	0	0	0	0	0	0	0	0	0	0	0	0	0	0	0	0	0	0	0	0	0	0	0	0	0	0	0	0	0	0	0	0	426	0	224	0	0	180	7366	0	944	112	0	0	268	0	1218	156	0	0	674	874	532	414	0	230	226	162	
58320	Cerebelum_3_R	0	0	0	0	0	0	0	0	0	0	0	0	0	0	0	0	0	0	0	0	0	0	0	0	0	0	0	0	0	0	0	0	0	0	0	0	0	602	0	1692	0	0	0	0	0	0	0	1580	0	0	0	0	0	0	0	550	0	0	0	0	0	0	0	0	0	0	0	0	0	0	0	0	0	0	0	0	0	0	0	0	0	0	0	0	0	0	0	0	0	0	168	2030	616	826	180	0	456	4782	290	4498	558	0	628	1292	232	174	0	0	372	3068	1764	608	996	650	548	0	
247948	Cerebelum_4_5_L	0	0	0	0	0	0	0	0	0	0	0	0	0	0	0	0	0	0	0	0	0	0	0	0	0	0	0	0	0	0	0	0	0	0	216	0	644	0	1478	0	0	0	360	0	0	0	11154	1484	0	0	0	0	266	0	9630	452	0	0	0	0	0	0	0	0	0	0	640	0	0	0	0	0	0	0	0	0	0	0	0	0	0	0	0	0	0	0	0	0	198	0	17186	1796	2632	158	7366	456	0	1370	26972	4744	2318	0	4352	174	4456	596	162	0	1614	2130	8810	5654	664	1456	1370	1016	
148752	Cerebelum_4_5_R	0	122	0	0	0	0	0	0	0	0	0	0	0	0	0	0	0	0	0	0	0	0	0	0	0	0	0	0	0	114	0	0	0	0	112	0	186	2656	0	4668	0	0	0	0	0	0	564	7856	0	0	0	0	0	0	142	5956	0	0	0	0	0	0	0	0	0	0	0	1208	0	0	0	268	0	518	0	0	0	362	0	0	0	0	0	0	0	0	0	0	0	132	152	9862	210	1066	0	4782	1370	0	452	19112	188	0	204	1106	178	258	0	0	150	1508	7836	746	332	0	0	0	
334000	Cerebelum_6_L	0	0	0	0	0	0	0	0	0	0	0	0	0	0	0	0	0	0	0	0	0	0	0	0	0	0	0	0	0	0	0	0	0	0	0	0	0	0	0	0	0	0	0	0	0	0	10684	2362	0	0	0	0	648	0	24544	460	0	0	0	0	0	0	0	0	0	0	0	0	0	0	0	0	0	0	0	0	0	0	0	0	0	0	0	0	0	0	0	0	760	0	48104	2972	7206	210	944	290	26972	452	0	5324	4568	0	6886	128	2944	352	482	0	180	436	4222	8694	2432	1568	1328	848	
259372	Cerebelum_6_R	0	0	0	0	0	0	0	0	0	0	0	0	0	0	0	0	0	0	0	0	0	0	0	0	0	0	0	0	0	0	0	0	0	0	0	0	0	0	0	0	0	0	0	0	0	0	2676	6108	0	0	0	0	0	0	1306	8492	0	0	0	0	0	0	0	0	0	0	0	0	0	0	0	0	0	0	0	0	0	0	0	0	0	0	0	0	0	0	0	0	0	0	2950	36568	476	3124	112	4498	4744	19112	5324	0	318	368	362	3292	464	496	0	0	208	1480	10130	13154	3076	440	408	0	
221152	Cerebelum_7b_L	0	0	0	0	0	0	0	0	0	0	0	0	0	0	0	0	0	0	0	0	0	0	0	0	0	0	0	0	0	0	0	0	0	0	0	0	0	0	0	0	0	0	0	0	0	0	220	0	0	0	0	0	0	0	376	0	0	0	0	0	0	0	0	0	0	0	0	0	0	0	0	0	0	0	0	0	0	0	0	0	0	0	0	0	0	0	0	0	126	0	9572	248	29690	4478	0	558	2318	188	4568	318	0	3414	28822	3996	5024	588	2488	0	140	526	746	496	6196	4244	1100	136	
77448	Cerebelum_7b_R	0	0	0	0	0	0	0	0	0	0	0	0	0	0	0	0	0	0	0	0	0	0	0	0	0	0	0	0	0	0	0	0	0	0	0	0	0	0	0	0	0	0	0	0	0	0	0	0	0	0	0	0	0	0	0	0	0	0	0	0	0	0	0	0	0	0	0	0	0	0	0	0	0	0	0	0	0	0	0	0	0	0	0	0	0	0	0	0	0	0	294	1852	4156	12916	0	0	0	0	0	368	3414	0	1990	8616	0	134	0	0	0	0	0	0	3454	1530	0	0	
260192	Cerebelum_8_L	0	0	0	0	0	0	0	0	0	0	0	0	0	0	0	0	0	0	0	0	0	0	0	0	0	0	0	0	0	0	0	0	0	0	0	0	0	0	0	0	0	0	0	0	0	0	338	0	0	0	0	0	0	0	362	0	0	0	0	0	0	0	0	0	0	0	0	0	0	0	0	0	0	0	0	0	0	0	0	0	0	0	0	0	0	0	0	0	0	0	13128	288	26800	3512	268	628	4352	204	6886	362	28822	1990	0	4136	16088	706	5478	0	150	550	916	742	6154	5170	1846	220	
158412	Cerebelum_8_R	0	0	0	0	0	0	0	0	0	0	0	0	0	0	0	0	0	0	0	0	0	0	0	0	0	0	0	0	0	0	0	0	0	0	0	0	0	0	0	0	0	0	0	0	0	0	0	0	0	0	0	0	0	0	0	130	0	0	0	0	0	0	0	0	0	0	0	0	0	0	0	0	0	0	0	0	0	0	0	0	0	0	0	0	0	0	0	0	0	0	470	9864	4358	18154	0	1292	174	1106	128	3292	3996	8616	4136	0	206	8198	0	902	260	1074	998	430	5190	4102	1954	176	
106168	Cerebelum_9_L	0	0	0	0	0	0	0	0	0	0	0	0	0	0	0	0	0	0	0	0	0	0	0	0	0	0	0	0	0	0	0	0	0	0	0	0	0	0	0	0	0	0	0	0	0	0	0	0	0	0	0	0	0	0	116	0	0	0	0	0	0	0	0	0	0	0	0	0	0	0	0	0	0	0	0	0	0	0	0	0	0	0	0	0	0	0	0	0	0	0	3236	0	5038	0	1218	232	4456	178	2944	464	5024	0	16088	206	0	422	6638	0	280	298	1054	1262	588	1372	1358	612	
55324	Cerebelum_9_R	0	0	0	0	0	0	0	0	0	0	0	0	0	0	0	0	0	0	0	0	0	0	0	0	0	0	0	0	0	0	0	0	0	0	0	0	0	0	0	0	0	0	0	0	0	0	0	0	0	0	0	0	0	0	0	0	0	0	0	0	0	0	0	0	0	0	0	0	0	0	0	0	0	0	0	0	0	0	0	0	0	0	0	0	0	0	0	0	0	0	146	804	616	1088	156	174	596	258	352	496	588	134	706	8198	422	0	0	1034	112	190	840	1046	1430	3492	3508	1276	
37004	Cerebelum_10_L	0	0	0	0	0	0	0	0	0	0	0	0	0	0	0	0	0	0	0	0	0	0	0	0	0	0	0	0	0	0	0	0	0	0	0	0	0	0	0	0	0	0	0	0	0	0	0	0	0	0	0	0	0	0	0	0	0	0	0	0	0	0	0	0	0	0	0	0	0	0	0	0	0	0	0	0	0	0	0	0	0	0	0	0	0	0	0	0	0	0	1034	0	2220	0	0	0	162	0	482	0	2488	0	5478	0	6638	0	0	0	0	0	0	0	0	0	0	0	
4248	Cerebelum_10_R	0	0	0	0	0	0	0	0	0	0	0	0	0	0	0	0	0	0	0	0	0	0	0	0	0	0	0	0	0	0	0	0	0	0	0	0	0	0	0	0	0	0	0	0	0	0	0	0	0	0	0	0	0	0	0	0	0	0	0	0	0	0	0	0	0	0	0	0	0	0	0	0	0	0	0	0	0	0	0	0	0	0	0	0	0	0	0	0	0	0	0	0	0	188	0	0	0	0	0	0	0	0	0	902	0	1034	0	0	0	0	0	0	0	0	0	0	
22352	Vermis_1_2	0	0	0	0	0	0	0	0	0	0	0	0	0	0	0	0	0	0	0	0	0	0	0	0	0	0	0	0	0	0	0	0	0	0	0	0	0	0	0	0	0	0	0	0	0	0	0	0	0	0	0	0	0	0	0	0	0	0	0	0	0	0	0	0	0	0	0	0	0	0	0	0	0	0	0	0	0	0	0	0	0	0	0	0	0	0	0	0	0	0	0	110	158	160	674	372	1614	150	180	208	140	0	150	260	280	112	0	0	0	3152	2286	206	228	356	380	0	
54164	Vermis_3	0	0	0	0	0	0	0	0	0	0	0	0	0	0	0	0	0	0	0	0	0	0	0	0	0	0	0	0	0	0	0	0	0	0	0	0	0	342	0	670	0	0	0	0	0	0	122	732	0	0	0	0	0	0	0	0	0	0	0	0	0	0	0	0	0	0	0	140	0	0	0	0	0	0	0	0	0	0	0	0	0	0	0	0	0	0	0	0	0	0	196	844	602	704	874	3068	2130	1508	436	1480	526	0	550	1074	298	190	0	0	3152	0	4178	712	962	804	788	0	
201904	Vermis_4_5	0	534	0	0	0	0	0	0	0	0	0	0	0	0	0	0	0	0	0	0	0	0	0	0	0	0	0	0	0	214	0	0	0	202	420	5074	204	1564	0	1514	0	0	0	186	0	1414	3362	5242	0	1580	0	690	0	134	1434	3500	0	866	0	320	0	192	0	0	0	0	422	5382	0	516	0	192	0	296	0	0	0	134	0	0	0	0	0	0	0	314	0	0	0	364	1130	4426	796	702	532	1764	8810	7836	4222	10130	746	0	916	998	1054	840	0	0	2286	4178	0	7132	996	1934	1870	1388	
