data	data	505492	296700	880024	662456	81220	51500	441776	196644	57400	11300	299772	178236	251552	173424	137076	103960	262036	139684	720728	753708	52748	49496	151936	200304	6540	48820	36064	37160	565232	293028	177392	310848	96740	459896	121908	101380	253444	254784	83428	130744	33480	42772	339648	351740	257436	271208	278624	345676	223028	278444	537936	183592	182168	55776	339216	393380	248692	267652	143600	93172	254844	114152	184344	76080	140484	161340	316612	340660	216876	203696	148528	293840	204768	220956	48548	23208	220256	209160	96972	29468	279196	98728	88116	28836	447700	202780	7208	6796	260456	128024	472884	560856	276468	397248	62408	77312	312788	286824	489896	546400	217388	236428	253888	383060	143748	176964	23068	24264	53468	120872	306388	268184	192772	116008	103336	32180	
data	data	Precentral_L	Precentral_R	Frontal_Sup_L	Frontal_Sup_R	Frontal_Sup_Orb_L	Frontal_Sup_Orb_R	Frontal_Mid_L	Frontal_Mid_R	Frontal_Mid_Orb_L	Frontal_Mid_Orb_R	Frontal_Inf_Oper_L	Frontal_Inf_Oper_R	Frontal_Inf_Tri_L	Frontal_Inf_Tri_R	Frontal_Inf_Orb_L	Frontal_Inf_Orb_R	Rolandic_Oper_L	Rolandic_Oper_R	Supp_Motor_Area_L	Supp_Motor_Area_R	Olfactory_L	Olfactory_R	Frontal_Sup_Medial_L	Frontal_Sup_Medial_R	Frontal_Med_Orb_L	Frontal_Med_Orb_R	Rectus_L	Rectus_R	Insula_L	Insula_R	Cingulum_Ant_L	Cingulum_Ant_R	Cingulum_Mid_L	Cingulum_Mid_R	Cingulum_Post_L	Cingulum_Post_R	Hippocampus_L	Hippocampus_R	ParaHippocampal_L	ParaHippocampal_R	Amygdala_L	Amygdala_R	Calcarine_L	Calcarine_R	Cuneus_L	Cuneus_R	Lingual_L	Lingual_R	Occipital_Sup_L	Occipital_Sup_R	Occipital_Mid_L	Occipital_Mid_R	Occipital_Inf_L	Occipital_Inf_R	Fusiform_L	Fusiform_R	Postcentral_L	Postcentral_R	Parietal_Sup_L	Parietal_Sup_R	Parietal_Inf_L	Parietal_Inf_R	SupraMarginal_L	SupraMarginal_R	Angular_L	Angular_R	Precuneus_L	Precuneus_R	Paracentral_Lobule_L	Paracentral_Lobule_R	Caudate_L	Caudate_R	Putamen_L	Putamen_R	Pallidum_L	Pallidum_R	Thalamus_L	Thalamus_R	Heschl_L	Heschl_R	Temporal_Sup_L	Temporal_Sup_R	Temporal_Pole_Sup_L	Temporal_Pole_Sup_R	Temporal_Mid_L	Temporal_Mid_R	Temporal_Pole_Mid_L	Temporal_Pole_Mid_R	Temporal_Inf_L	Temporal_Inf_R	Cerebelum_Crus1_L	Cerebelum_Crus1_R	Cerebelum_Crus2_L	Cerebelum_Crus2_R	Cerebelum_3_L	Cerebelum_3_R	Cerebelum_4_5_L	Cerebelum_4_5_R	Cerebelum_6_L	Cerebelum_6_R	Cerebelum_7b_L	Cerebelum_7b_R	Cerebelum_8_L	Cerebelum_8_R	Cerebelum_9_L	Cerebelum_9_R	Cerebelum_10_L	Cerebelum_10_R	Vermis_1_2	Vermis_3	Vermis_4_5	Vermis_6	Vermis_7	Vermis_8	Vermis_9	Vermis_10	
505492	Precentral_L	0	3260	25684	3964	0	0	30004	1782	0	0	17950	306	2978	448	446	1094	12806	0	6482	4702	0	0	0	0	0	0	0	0	13486	616	0	0	0	936	468	470	9044	1256	832	0	0	0	0	0	0	0	150	0	0	0	684	0	0	0	518	0	21154	540	0	0	6250	0	1390	0	798	0	0	0	14424	482	5778	1708	6022	156	2200	484	38650	2424	2376	0	3068	0	400	0	2428	0	0	0	1648	0	0	0	0	0	0	0	0	0	0	0	0	0	0	0	0	0	0	0	0	0	0	0	0	0	0	0	
296700	Precentral_R	3260	0	4546	12470	0	0	2188	15466	0	0	128	5552	122	146	146	304	0	4332	4574	5278	0	0	0	0	0	0	0	0	300	2684	120	868	0	3852	216	208	350	3642	0	810	0	0	224	370	0	508	0	140	0	428	0	0	0	0	0	490	0	21424	0	314	0	140	0	532	0	0	0	2766	1544	10030	1904	7694	358	5150	0	810	1404	18588	0	428	0	348	0	0	0	438	0	0	0	756	0	0	0	0	0	0	0	0	0	0	0	0	0	0	0	0	0	0	0	0	0	0	0	0	0	0	
880024	Frontal_Sup_L	25684	4546	0	14722	2776	128	42084	3132	1476	0	18102	540	17810	488	7458	1162	10256	394	111200	24018	0	0	23746	182	114	0	0	0	31220	766	7394	2992	1148	5696	0	0	4708	0	172	0	0	0	0	0	0	0	0	0	0	0	0	0	0	0	558	0	2950	0	0	0	148	0	194	0	0	0	0	0	3284	0	6192	2590	19832	474	6880	0	18762	710	524	0	6300	0	5192	0	418	0	0	0	890	0	0	0	0	0	0	0	0	0	0	0	0	0	0	0	0	0	0	0	0	0	0	0	0	0	0	0	
662456	Frontal_Sup_R	3964	12470	14722	0	0	2996	3602	11316	0	258	408	12890	422	8672	0	5496	0	9602	16358	82772	0	0	3996	25162	0	648	0	0	434	14090	6574	21900	1208	17354	0	0	130	1444	0	468	0	128	0	0	0	0	0	262	0	0	0	0	0	0	0	0	494	284	0	0	0	0	0	0	0	0	0	0	668	0	3290	17426	0	5646	546	488	786	21484	0	0	0	0	0	370	0	0	0	0	0	0	0	0	0	0	0	0	0	0	0	0	0	0	0	0	0	0	0	0	0	0	0	0	0	0	0	0	
81220	Frontal_Sup_Orb_L	0	0	2776	0	0	0	284	0	7344	0	0	0	414	0	7532	0	0	0	956	0	1038	332	1884	0	1062	0	2086	112	4108	0	2778	534	0	0	0	0	0	0	170	0	204	0	0	0	0	0	0	0	0	0	0	0	0	0	0	0	0	0	0	0	0	0	0	0	0	0	0	0	0	0	220	194	6582	0	0	0	0	0	0	0	0	0	0	0	0	0	0	0	0	0	0	0	0	0	0	0	0	0	0	0	0	0	0	0	0	0	0	0	0	0	0	0	0	0	0	0	
51500	Frontal_Sup_Orb_R	0	0	128	2996	0	0	0	752	0	1360	0	0	0	946	0	2166	0	0	128	162	0	550	0	2528	0	4300	0	3552	0	732	136	1296	0	0	0	0	0	0	0	0	0	0	0	0	0	0	0	0	0	0	0	0	0	0	0	0	0	0	0	0	0	0	0	0	0	0	0	0	0	0	166	1410	0	2442	0	0	0	0	0	0	0	0	0	0	0	0	0	0	0	0	0	0	0	0	0	0	0	0	0	0	0	0	0	0	0	0	0	0	0	0	0	0	0	0	0	0	
441776	Frontal_Mid_L	30004	2188	42084	3602	284	0	0	2258	1650	0	15516	1542	26744	2462	5784	1386	3554	0	16186	2656	0	0	10712	132	0	0	0	0	16668	2462	2826	174	0	0	0	0	3712	182	290	0	0	0	0	0	0	0	0	0	0	0	0	0	0	0	310	0	2630	0	0	0	906	0	286	0	406	0	0	0	138	0	6658	2154	3702	166	400	516	3180	372	1676	0	936	0	302	0	444	0	0	0	648	0	0	0	0	0	0	0	0	0	0	0	0	0	0	0	0	0	0	0	0	0	0	0	0	0	0	0	
196644	Frontal_Mid_R	1782	15466	3132	11316	0	752	2258	0	0	490	0	8086	0	7430	0	2504	0	3916	3128	2650	0	0	0	1464	0	0	0	0	0	6610	664	2362	0	4666	0	0	0	2592	0	928	0	0	0	0	0	0	0	0	0	0	0	0	0	0	0	1304	0	334	0	0	0	0	0	0	0	0	0	0	0	0	2748	1216	256	8962	0	360	132	180	0	0	0	0	0	0	0	0	0	0	0	634	0	0	0	0	0	0	0	0	0	0	0	0	0	0	0	0	0	0	0	0	0	0	0	0	0	0	
57400	Frontal_Mid_Orb_L	0	0	1476	0	7344	0	1650	0	0	0	0	0	1802	0	9332	356	0	0	726	0	164	0	0	0	0	0	426	0	3132	0	0	0	0	0	0	0	0	0	0	0	0	0	0	0	0	0	0	0	0	0	0	0	0	0	0	0	0	0	0	0	0	0	0	0	0	0	0	0	0	0	486	378	1244	0	0	0	0	0	0	0	0	0	184	0	0	0	0	0	0	0	0	0	0	0	0	0	0	0	0	0	0	0	0	0	0	0	0	0	0	0	0	0	0	0	0	0	
11300	Frontal_Mid_Orb_R	0	0	0	258	0	1360	0	490	0	0	0	0	0	312	0	3082	0	0	0	0	0	0	0	0	0	0	0	0	0	0	0	0	0	0	0	0	0	0	0	0	0	0	0	0	0	0	0	0	0	0	0	0	0	0	0	0	0	0	0	0	0	0	0	0	0	0	0	0	0	0	0	0	0	148	0	0	0	0	0	0	0	0	0	0	0	0	0	0	0	0	0	0	0	0	0	0	0	0	0	0	0	0	0	0	0	0	0	0	0	0	0	0	0	0	0	0	
299772	Frontal_Inf_Oper_L	17950	128	18102	408	0	0	15516	0	0	0	0	242	22796	1084	0	1728	12694	0	14670	454	0	0	232	0	0	0	0	0	16508	736	0	0	0	0	0	0	1054	0	0	0	0	0	0	0	0	0	0	0	0	0	0	0	0	0	262	0	3648	0	0	0	834	0	302	0	174	0	0	0	210	0	2150	1948	776	0	0	0	520	0	1302	0	6332	0	5968	0	558	0	0	0	600	0	0	0	0	0	0	0	0	0	0	0	0	0	0	0	0	0	0	0	0	0	0	0	0	0	0	0	
178236	Frontal_Inf_Oper_R	306	5552	540	12890	0	0	1542	8086	0	0	242	0	250	9826	0	114	0	10082	432	11066	0	0	0	948	0	0	0	0	232	14474	438	1688	0	2222	0	0	0	1130	0	0	0	0	0	0	0	0	0	0	0	0	0	0	0	0	0	0	0	1962	0	0	0	0	0	0	0	0	0	0	0	0	188	1236	0	3308	0	0	0	0	0	0	0	0	0	364	0	0	0	0	0	0	0	0	0	0	0	0	0	0	0	0	0	0	0	0	0	0	0	0	0	0	0	0	0	0	0	0	
251552	Frontal_Inf_Tri_L	2978	122	17810	422	414	0	26744	0	1802	0	22796	250	0	1488	8620	1780	464	0	7570	624	0	0	756	0	0	0	0	0	22018	1032	1164	0	0	0	0	0	192	0	0	0	0	0	0	0	0	0	0	0	0	0	0	0	0	0	0	0	126	0	0	0	0	0	0	0	0	0	0	0	0	0	2314	2476	1198	148	0	0	0	0	0	0	186	0	282	0	0	0	0	0	0	0	0	0	0	0	0	0	0	0	0	0	0	0	0	0	0	0	0	0	0	0	0	0	0	0	0	0	
173424	Frontal_Inf_Tri_R	448	146	488	8672	0	946	2462	7430	0	312	1084	9826	1488	0	0	3772	0	396	284	6680	0	0	0	1950	0	0	0	0	1470	22264	1466	4908	0	3760	0	0	0	214	0	0	0	0	0	0	0	0	0	0	0	0	0	0	0	0	0	0	0	0	0	0	0	0	0	0	0	0	0	0	0	0	334	3512	0	2400	0	0	0	0	0	0	0	0	0	0	0	0	0	0	0	0	0	0	0	0	0	0	0	0	0	0	0	0	0	0	0	0	0	0	0	0	0	0	0	0	0	0	
137076	Frontal_Inf_Orb_L	446	146	7458	0	7532	0	5784	0	9332	0	0	0	8620	0	0	912	0	0	4402	0	650	0	0	0	0	0	120	0	14950	0	118	0	0	0	0	0	0	0	150	0	200	0	0	0	0	0	0	0	0	0	0	0	0	0	0	0	0	0	0	0	0	0	0	0	0	0	0	0	0	0	1788	896	4438	0	0	0	0	0	0	0	0	0	596	0	0	0	0	0	0	0	0	0	0	0	0	0	0	0	0	0	0	0	0	0	0	0	0	0	0	0	0	0	0	0	0	0	
103960	Frontal_Inf_Orb_R	1094	304	1162	5496	0	2166	1386	2504	356	3082	1728	114	1780	3772	912	0	0	0	868	2656	0	0	352	772	0	162	0	0	1844	3148	190	1398	0	1096	0	0	0	0	0	0	0	0	0	0	0	0	0	0	0	0	0	0	0	0	0	0	0	0	0	0	0	0	0	0	0	0	0	0	0	0	3704	7910	0	2024	0	0	0	0	0	0	0	0	0	0	0	0	0	0	0	0	0	0	0	0	0	0	0	0	0	0	0	0	0	0	0	0	0	0	0	0	0	0	0	0	0	0	
262036	Rolandic_Oper_L	12806	0	10256	0	0	0	3554	0	0	0	12694	0	464	0	0	0	0	0	9842	0	0	0	0	0	0	0	0	0	20166	0	0	0	210	0	120	0	480	0	0	0	0	0	138	0	224	0	0	0	0	0	1924	0	430	0	814	0	6470	0	0	0	746	0	7464	0	1468	0	360	0	1316	0	0	0	0	0	0	0	304	0	5220	0	16448	0	4624	0	8708	0	0	0	3768	0	0	0	0	0	0	0	0	0	0	0	0	0	0	0	0	0	0	0	0	0	0	0	0	0	0	0	
139684	Rolandic_Oper_R	0	4332	394	9602	0	0	0	3916	0	0	0	10082	0	396	0	0	0	0	394	7050	0	0	0	0	0	0	0	0	0	11022	0	282	0	200	0	0	0	312	0	0	0	0	0	0	0	136	0	0	0	0	0	0	0	0	0	0	0	6932	0	120	0	308	0	2524	0	512	0	574	0	0	160	1326	0	2022	0	2294	0	216	0	1930	0	2032	0	602	0	172	0	0	0	0	0	0	0	0	0	0	0	0	0	0	0	0	0	0	0	0	0	0	0	0	0	0	0	0	0	0	
720728	Supp_Motor_Area_L	6482	4574	111200	16358	956	128	16186	3128	726	0	14670	432	7570	284	4402	868	9842	394	0	38746	0	0	4714	374	0	0	0	0	23032	604	5414	4944	7284	18020	280	0	1884	0	0	0	0	0	0	0	606	0	0	0	0	0	330	0	0	0	438	0	2754	332	0	0	136	0	166	0	0	0	382	0	7572	3230	5170	2098	15630	532	3162	0	1794	636	398	0	5842	0	5068	0	196	0	0	0	396	0	0	0	0	0	0	0	0	0	0	0	0	0	0	0	0	0	0	0	0	0	0	0	0	0	0	0	
753708	Supp_Motor_Area_R	4702	5278	24018	82772	0	162	2656	2650	0	0	454	11066	624	6680	0	2656	0	7050	38746	0	0	0	486	8088	0	0	0	0	626	11166	4644	14568	3596	47482	632	1190	168	748	0	184	0	0	0	0	112	0	0	230	0	0	0	0	0	0	0	0	538	2028	0	0	0	0	0	0	0	0	234	120	12788	17948	1470	27050	0	4612	904	1138	2404	21874	0	0	0	0	0	312	0	0	0	0	0	0	0	0	0	0	0	0	0	0	0	0	0	0	0	0	0	0	0	0	0	0	0	0	0	0	0	0	
52748	Olfactory_L	0	0	0	0	1038	0	0	0	164	0	0	0	0	0	650	0	0	0	0	0	0	5254	0	0	0	196	3910	2130	1620	0	3042	2470	0	0	0	0	0	0	382	0	432	0	0	0	0	0	0	0	0	0	0	0	0	0	0	0	0	0	0	0	0	0	0	0	0	0	0	0	0	0	3296	1544	0	0	0	0	0	0	0	0	0	0	246	0	0	0	0	0	0	0	0	0	0	0	0	0	0	0	0	0	0	0	0	0	0	0	0	0	0	0	0	0	0	0	0	0	
49496	Olfactory_R	0	0	0	0	332	550	0	0	0	0	0	0	0	0	0	0	0	0	0	0	5254	0	0	0	0	278	3432	3808	0	1254	2082	1620	0	0	0	0	0	0	0	0	0	496	0	0	0	0	0	0	0	0	0	0	0	0	0	0	0	0	0	0	0	0	0	0	0	0	0	0	0	0	3766	1876	0	0	0	0	0	0	0	0	0	0	0	0	0	0	0	0	0	0	0	0	0	0	0	0	0	0	0	0	0	0	0	0	0	0	0	0	0	0	0	0	0	0	0	0	
151936	Frontal_Sup_Medial_L	0	0	23746	3996	1884	0	10712	0	0	0	232	0	756	0	0	352	0	0	4714	486	0	0	0	8290	674	306	0	0	776	0	6276	5612	1356	4838	0	0	0	0	0	0	0	0	0	0	0	0	0	0	0	0	0	0	0	0	0	0	0	0	0	0	0	0	0	0	0	0	0	0	0	0	0	0	962	0	0	0	0	0	0	0	0	0	0	0	0	0	0	0	0	0	0	0	0	0	0	0	0	0	0	0	0	0	0	0	0	0	0	0	0	0	0	0	0	0	0	0	
200304	Frontal_Sup_Medial_R	0	0	182	25162	0	2528	132	1464	0	0	0	948	0	1950	0	772	0	0	374	8088	0	0	8290	0	0	3650	0	602	0	2086	4270	19678	1056	13524	0	0	0	112	0	0	0	0	0	0	0	0	0	0	0	0	0	0	0	0	0	0	0	0	0	0	0	0	0	0	0	0	0	0	0	0	216	2388	0	2680	0	0	0	0	0	0	0	0	0	0	0	0	0	0	0	0	0	0	0	0	0	0	0	0	0	0	0	0	0	0	0	0	0	0	0	0	0	0	0	0	0	0	
6540	Frontal_Med_Orb_L	0	0	114	0	1062	0	0	0	0	0	0	0	0	0	0	0	0	0	0	0	0	0	674	0	0	0	306	0	0	0	896	0	0	0	0	0	0	0	0	0	0	0	0	0	0	0	0	0	0	0	0	0	0	0	0	0	0	0	0	0	0	0	0	0	0	0	0	0	0	0	0	0	218	0	0	0	0	0	0	0	0	0	0	0	0	0	0	0	0	0	0	0	0	0	0	0	0	0	0	0	0	0	0	0	0	0	0	0	0	0	0	0	0	0	0	0	
48820	Frontal_Med_Orb_R	0	0	0	648	0	4300	0	0	0	0	0	0	0	0	0	162	0	0	0	0	196	278	306	3650	0	0	0	3320	0	272	858	2978	0	0	0	0	0	0	0	0	0	0	0	0	0	0	0	0	0	0	0	0	0	0	0	0	0	0	0	0	0	0	0	0	0	0	0	0	0	0	0	3250	0	4192	0	0	0	0	0	0	0	0	0	0	0	0	0	0	0	0	0	0	0	0	0	0	0	0	0	0	0	0	0	0	0	0	0	0	0	0	0	0	0	0	0	0	
36064	Rectus_L	0	0	0	0	2086	0	0	0	426	0	0	0	0	0	120	0	0	0	0	0	3910	3432	0	0	306	0	0	1382	0	0	1876	1212	0	0	0	0	0	0	0	0	0	0	0	0	0	0	0	0	0	0	0	0	0	0	0	0	0	0	0	0	0	0	0	0	0	0	0	0	0	0	2198	876	208	0	0	0	0	0	0	0	0	0	0	0	0	0	0	0	0	0	0	0	0	0	0	0	0	0	0	0	0	0	0	0	0	0	0	0	0	0	0	0	0	0	0	0	
37160	Rectus_R	0	0	0	0	112	3552	0	0	0	0	0	0	0	0	0	0	0	0	0	0	2130	3808	0	602	0	3320	1382	0	0	236	376	686	0	0	0	0	0	0	0	0	0	0	0	0	0	0	0	0	0	0	0	0	0	0	0	0	0	0	0	0	0	0	0	0	0	0	0	0	0	0	2034	230	0	112	0	0	0	0	0	0	0	0	0	0	0	0	0	0	0	0	0	0	0	0	0	0	0	0	0	0	0	0	0	0	0	0	0	0	0	0	0	0	0	0	0	0	
565232	Insula_L	13486	300	31220	434	4108	0	16668	0	3132	0	16508	232	22018	1470	14950	1844	20166	0	23032	626	1620	0	776	0	0	0	0	0	0	1078	2294	0	0	0	0	0	15442	260	910	0	2760	0	0	0	166	0	0	0	0	0	1782	0	506	0	3632	0	3468	0	0	0	1224	0	6846	0	1514	0	162	0	534	0	3146	2532	12908	162	0	0	3556	400	8582	0	12506	0	6414	0	9192	0	0	0	8050	0	0	0	0	0	0	0	0	0	0	0	0	0	0	0	0	0	0	0	0	0	0	0	0	0	0	0	
293028	Insula_R	616	2684	766	14090	0	732	2462	6610	0	0	736	14474	1032	22264	0	3148	0	11022	604	11166	0	1254	0	2086	0	272	0	236	1078	0	1426	5202	0	2248	0	0	170	4064	0	1212	0	722	0	150	0	0	0	0	0	0	0	0	0	0	0	1726	0	1554	0	0	0	0	0	292	0	0	0	558	0	0	366	3918	0	14900	0	332	160	1194	0	2636	0	3406	0	490	0	1126	0	0	0	1330	0	0	0	0	0	0	0	0	0	0	0	0	0	0	0	0	0	0	0	0	0	0	0	0	0	0	
177392	Cingulum_Ant_L	0	120	7394	6574	2778	136	2826	664	0	0	0	438	1164	1466	118	190	0	0	5414	4644	3042	2082	6276	4270	896	858	1876	376	2294	1426	0	18170	1848	4310	160	0	0	0	0	0	0	0	0	0	0	0	0	0	0	0	0	0	0	0	0	0	0	0	0	0	0	0	0	0	0	0	194	0	0	0	1020	1896	2500	1276	0	0	0	0	0	0	0	0	0	0	0	0	0	0	0	0	0	0	0	0	0	0	0	0	0	0	0	0	0	0	0	0	0	0	0	0	0	0	0	0	0	0	
310848	Cingulum_Ant_R	0	868	2992	21900	534	1296	174	2362	0	0	0	1688	0	4908	0	1398	0	282	4944	14568	2470	1620	5612	19678	0	2978	1212	686	0	5202	18170	0	3932	21984	0	0	0	122	0	0	0	0	0	0	0	0	0	0	0	0	0	0	0	0	0	0	0	0	0	0	0	0	0	0	0	0	0	0	0	0	682	6656	0	6506	0	0	0	0	0	0	0	0	0	0	0	0	0	0	0	0	0	0	0	0	0	0	0	0	0	0	0	0	0	0	0	0	0	0	0	0	0	0	0	0	0	0	
96740	Cingulum_Mid_L	0	0	1148	1208	0	0	0	0	0	0	0	0	0	0	0	0	210	0	7284	3596	0	0	1356	1056	0	0	0	0	0	0	1848	3932	0	8714	4374	390	0	0	0	0	0	0	262	0	2668	0	0	0	0	0	856	0	0	0	0	0	0	334	0	0	0	0	0	0	0	0	3768	428	3354	1320	0	0	0	0	0	0	0	0	0	0	150	0	0	0	114	0	0	0	0	0	0	0	0	0	0	0	0	0	0	0	0	0	0	0	0	0	0	0	0	0	0	0	0	0	0	0	
459896	Cingulum_Mid_R	936	3852	5696	17354	0	0	0	4666	0	0	0	2222	0	3760	0	1096	0	200	18020	47482	0	0	4838	13524	0	0	0	0	0	2248	4310	21984	8714	0	1344	4100	0	728	0	0	0	0	300	1086	202	3200	0	156	0	2932	0	268	0	0	0	0	0	7244	0	456	0	0	0	0	0	124	760	7072	11068	22266	426	498	0	2262	166	0	858	698	0	0	0	0	0	0	0	446	0	0	0	386	0	0	0	0	0	0	0	0	0	0	0	0	0	0	0	0	0	0	0	0	0	0	0	0	0	0	
121908	Cingulum_Post_L	468	216	0	0	0	0	0	0	0	0	0	0	0	0	0	0	120	0	280	632	0	0	0	0	0	0	0	0	0	0	160	0	4374	1344	0	8244	6386	3118	4130	164	0	0	6192	0	2784	0	1298	0	0	0	1694	0	0	0	402	0	168	332	0	0	270	0	248	0	218	0	8310	814	2942	898	0	0	0	0	0	0	636	478	0	0	208	0	0	0	2526	0	0	0	900	0	0	0	0	0	0	0	0	0	0	0	0	0	0	0	0	0	0	0	0	0	0	0	0	0	0	0	
101380	Cingulum_Post_R	470	208	0	0	0	0	0	0	0	0	0	0	0	0	0	0	0	0	0	1190	0	0	0	0	0	0	0	0	0	0	0	0	390	4100	8244	0	3846	5644	2278	360	0	0	0	750	0	686	140	3704	0	618	0	0	0	0	0	0	0	994	0	202	0	158	0	0	0	198	774	9730	252	1772	0	0	0	0	0	0	990	570	0	0	0	0	0	0	0	606	0	0	0	1292	0	0	0	0	0	0	0	0	0	0	0	0	0	0	0	0	0	0	0	0	524	0	0	0	0	0	
253444	Hippocampus_L	9044	350	4708	130	0	0	3712	0	0	0	1054	0	192	0	0	0	480	0	1884	168	0	0	0	0	0	0	0	0	15442	170	0	0	0	0	6386	3846	0	4842	12072	178	6916	0	3040	0	0	0	3084	0	0	0	410	0	160	0	8996	0	554	0	0	0	0	0	0	0	0	0	4086	464	972	0	0	128	7424	0	144	0	6636	2310	2668	0	2292	0	1926	0	1694	0	0	0	8160	0	0	0	0	0	0	0	0	0	0	0	0	0	0	0	0	0	0	0	0	0	0	0	0	0	0	0	
254784	Hippocampus_R	1256	3642	0	1444	0	0	182	2592	0	0	0	1130	0	214	0	0	0	312	0	748	0	0	0	112	0	0	0	0	260	4064	0	122	0	728	3118	5644	4842	0	2614	20352	0	8844	0	302	0	0	124	2378	0	0	0	0	0	0	0	20224	0	1312	0	0	0	0	0	152	0	0	0	3088	0	0	0	986	0	14166	0	274	2668	5406	254	1126	0	1968	0	660	0	1918	0	0	0	7008	0	0	0	0	0	0	0	374	0	300	0	0	0	0	0	0	0	0	0	0	484	0	0	0	0	0	
83428	ParaHippocampal_L	832	0	172	0	170	0	290	0	0	0	0	0	0	0	150	0	0	0	0	0	382	0	0	0	0	0	0	0	910	0	0	0	0	0	4130	2278	12072	2614	0	186	1460	0	2208	0	0	0	2780	0	0	0	542	0	320	0	3068	0	174	0	0	0	0	0	0	0	0	0	2414	392	0	0	0	0	988	0	0	0	1760	630	0	0	0	0	0	0	226	0	0	0	394	0	0	0	0	0	0	0	0	0	0	0	0	0	0	0	0	0	0	0	0	172	0	0	0	0	0	0	
130744	ParaHippocampal_R	0	810	0	468	0	0	0	928	0	0	0	0	0	0	0	0	0	0	0	184	0	0	0	0	0	0	0	0	0	1212	0	0	0	0	164	360	178	20352	186	0	0	4368	0	294	0	0	0	4786	0	0	0	0	0	466	0	16100	0	0	0	0	0	0	0	0	0	0	0	1884	0	0	0	0	0	4552	0	188	0	550	0	352	0	602	0	1020	0	340	0	368	0	2476	0	276	0	0	0	336	0	1090	0	482	0	0	0	0	0	0	0	0	0	0	0	0	0	0	0	0	
33480	Amygdala_L	0	0	0	0	204	0	0	0	0	0	0	0	0	0	200	0	0	0	0	0	432	0	0	0	0	0	0	0	2760	0	0	0	0	0	0	0	6916	0	1460	0	0	0	0	0	0	0	0	0	0	0	0	0	0	0	2178	0	0	0	0	0	0	0	0	0	0	0	0	0	0	0	0	0	272	0	0	0	0	0	0	0	0	0	1332	0	0	0	0	0	986	0	0	0	0	0	0	0	0	0	0	0	0	0	0	0	0	0	0	0	0	0	0	0	0	0	0	0	
42772	Amygdala_R	0	0	0	128	0	0	0	0	0	0	0	0	0	0	0	0	0	0	0	0	0	496	0	0	0	0	0	0	0	722	0	0	0	0	0	0	0	8844	0	4368	0	0	0	0	0	0	0	0	0	0	0	0	0	0	0	3774	0	0	0	0	0	0	0	0	0	0	0	0	0	0	0	0	0	384	0	0	0	244	0	0	0	0	0	1114	0	208	0	0	0	1104	0	0	0	0	0	0	0	0	0	0	0	0	0	0	0	0	0	0	0	0	0	0	0	0	0	0	
339648	Calcarine_L	0	224	0	0	0	0	0	0	0	0	0	0	0	0	0	0	138	0	0	0	0	0	0	0	0	0	0	0	0	0	0	0	262	300	6192	0	3040	0	2208	0	0	0	0	10466	18134	5214	17090	4414	16874	778	26606	260	7350	266	4128	274	130	742	762	180	846	0	182	0	950	0	28744	2626	218	276	0	0	0	0	0	0	0	0	198	0	236	0	0	0	6316	268	0	0	1828	244	0	150	0	0	0	0	0	188	0	196	0	0	0	0	0	0	0	0	0	0	326	0	0	0	0	0	
351740	Calcarine_R	0	370	0	0	0	0	0	0	0	0	0	0	0	0	0	0	0	0	0	0	0	0	0	0	0	0	0	0	0	150	0	0	0	1086	0	750	0	302	0	294	0	0	10466	0	6894	30150	956	27922	130	30296	0	16696	0	3842	0	4776	0	2044	0	1458	0	1056	0	126	0	1778	534	23292	0	788	0	0	0	0	0	0	0	0	0	0	0	130	0	0	0	5498	0	0	0	2574	0	840	0	0	0	0	0	0	0	672	0	0	0	0	0	0	0	0	0	0	0	0	0	0	0	0	
257436	Cuneus_L	0	0	0	0	0	0	0	0	0	0	0	0	0	0	0	0	224	0	606	112	0	0	0	0	0	0	0	0	166	0	0	0	2668	202	2784	0	0	0	0	0	0	0	18134	6894	0	8696	2780	0	24496	606	21734	0	3594	0	922	0	0	218	2634	214	552	0	170	0	302	0	20740	1770	678	150	0	0	0	0	0	0	0	0	164	0	316	0	0	0	5686	116	0	0	390	0	0	0	0	0	0	0	0	0	0	0	0	0	0	0	0	0	0	0	0	0	0	0	0	0	0	0	
271208	Cuneus_R	0	508	0	0	0	0	0	0	0	0	0	0	0	0	0	0	0	136	0	0	0	0	0	0	0	0	0	0	0	0	0	0	0	3200	0	686	0	0	0	0	0	0	5214	30150	8696	0	342	4526	144	29910	0	7962	0	130	0	820	0	2478	0	3894	0	490	0	0	0	1020	1806	25236	0	3334	0	0	0	0	0	0	0	0	0	120	0	370	0	0	0	4014	0	0	0	418	0	0	0	0	0	0	0	0	0	0	0	0	0	0	0	0	0	0	0	0	0	0	0	0	0	0	
278624	Lingual_L	150	0	0	0	0	0	0	0	0	0	0	0	0	0	0	0	0	0	0	0	0	0	0	0	0	0	0	0	0	0	0	0	0	0	1298	140	3084	124	2780	0	0	0	17090	956	2780	342	0	1824	6038	414	15584	0	11080	0	21576	290	0	0	0	0	0	0	0	0	0	0	8188	0	0	0	0	0	152	0	0	0	0	0	0	0	0	0	0	0	2264	0	0	0	952	0	7192	584	244	0	612	274	11488	1190	14026	938	0	0	196	0	0	0	0	0	138	262	3872	1190	0	0	0	0	
345676	Lingual_R	0	140	0	262	0	0	0	0	0	0	0	0	0	0	0	0	0	0	0	230	0	0	0	0	0	0	0	0	0	0	0	0	0	156	0	3704	0	2378	0	4786	0	0	4414	27922	0	4526	1824	0	0	8972	0	4214	0	6970	310	22894	0	1100	0	352	0	162	0	0	0	186	0	12020	0	314	0	0	0	0	0	0	0	402	0	0	0	0	0	0	0	1118	0	0	0	2766	3110	7784	472	0	528	558	2728	8174	6260	11416	0	0	0	636	1120	0	0	0	236	736	7338	8494	1126	0	0	0	
223028	Occipital_Sup_L	0	0	0	0	0	0	0	0	0	0	0	0	0	0	0	0	0	0	0	0	0	0	0	0	0	0	0	0	0	0	0	0	0	0	0	0	0	0	0	0	0	0	16874	130	24496	144	6038	0	0	0	34396	0	3886	0	918	0	0	0	8168	0	2188	0	0	0	2564	0	9650	0	0	0	0	0	0	0	0	0	0	0	0	0	0	0	0	0	2062	0	0	0	0	0	0	0	0	0	0	0	0	0	0	0	0	0	0	0	0	0	0	0	0	0	0	0	0	0	0	0	
278444	Occipital_Sup_R	0	428	0	0	0	0	0	0	0	0	0	0	0	0	0	0	0	0	0	0	0	0	0	0	0	0	0	0	0	0	0	0	0	2932	0	618	0	0	0	0	0	0	778	30296	606	29910	414	8972	0	0	0	22930	0	1262	0	1504	0	1856	0	5502	0	1620	0	136	0	5190	470	15866	0	3240	0	0	0	0	0	0	0	0	0	0	0	350	0	0	0	3352	0	0	0	434	0	298	0	0	0	0	0	0	0	258	0	0	0	0	0	0	0	0	0	0	0	0	0	0	0	0	
537936	Occipital_Mid_L	684	0	0	0	0	0	0	0	0	0	0	0	0	0	0	0	1924	0	330	0	0	0	0	0	0	0	0	0	1782	0	0	0	856	0	1694	0	410	0	542	0	0	0	26606	0	21734	0	15584	0	34396	0	0	0	29672	0	8472	0	3470	0	17654	0	12782	0	1206	0	15210	0	22742	0	2592	0	0	0	0	0	0	0	0	0	1488	0	2724	0	0	0	40054	0	0	0	4360	0	0	0	0	0	0	0	0	0	0	0	0	0	0	0	0	0	0	0	0	0	0	0	0	0	0	0	
183592	Occipital_Mid_R	0	0	0	0	0	0	0	0	0	0	0	0	0	0	0	0	0	0	0	0	0	0	0	0	0	0	0	0	0	0	0	0	0	268	0	0	0	0	0	0	0	0	260	16696	0	7962	0	4214	0	22930	0	0	0	2406	0	926	0	486	0	1118	0	3444	0	0	0	15456	0	6254	0	336	0	0	0	0	0	0	0	0	0	0	0	266	0	0	0	8424	0	0	0	350	0	0	0	0	0	0	0	0	0	0	0	0	0	0	0	0	0	0	0	0	0	0	0	0	0	0	
182168	Occipital_Inf_L	0	0	0	0	0	0	0	0	0	0	0	0	0	0	0	0	430	0	0	0	0	0	0	0	0	0	0	0	506	0	0	0	0	0	0	0	160	0	320	0	0	0	7350	0	3594	0	11080	0	3886	0	29672	0	0	0	13666	0	120	0	132	0	136	0	150	0	0	0	5132	0	176	0	0	0	0	0	0	0	0	0	986	0	942	0	0	0	6432	0	0	0	5472	0	438	0	0	0	0	0	0	0	304	0	0	0	0	0	0	0	0	0	0	0	0	0	0	0	0	0	
55776	Occipital_Inf_R	0	0	0	0	0	0	0	0	0	0	0	0	0	0	0	0	0	0	0	0	0	0	0	0	0	0	0	0	0	0	0	0	0	0	0	0	0	0	0	466	0	0	266	3842	0	130	0	6970	0	1262	0	2406	0	0	0	7500	0	0	0	0	0	0	0	0	0	0	0	458	0	0	0	0	0	0	0	0	0	0	0	0	0	0	0	0	0	980	0	0	0	2934	0	0	0	0	0	0	0	166	0	342	0	0	0	0	0	0	0	0	0	0	166	0	0	0	0	0	
339216	Fusiform_L	518	0	558	0	0	0	310	0	0	0	262	0	0	0	0	0	814	0	438	0	0	0	0	0	0	0	0	0	3632	0	0	0	0	0	402	0	8996	0	3068	0	2178	0	4128	0	922	0	21576	310	918	0	8472	0	13666	0	0	138	114	0	0	0	0	0	330	0	0	0	2766	0	436	0	0	0	1026	0	0	0	160	0	304	0	1242	0	884	0	4858	0	0	0	14342	0	23394	334	768	0	0	196	11350	858	30218	506	124	0	226	0	0	0	0	0	0	0	2850	1016	0	0	0	0	
393380	Fusiform_R	0	490	0	0	0	0	0	1304	0	0	0	0	0	0	0	0	0	0	0	0	0	0	0	0	0	0	0	0	0	1726	0	0	0	0	0	0	0	20224	0	16100	0	3774	274	4776	0	820	290	22894	0	1504	0	926	0	7500	138	0	0	264	0	0	0	0	0	0	0	0	0	3202	0	0	0	0	0	5694	0	0	0	114	0	360	0	1138	0	2678	0	2484	0	420	0	12520	718	22048	118	974	490	542	2006	12372	2994	25540	0	660	0	1602	1068	320	0	0	222	642	6546	5584	630	0	0	0	
248692	Postcentral_L	21154	0	2950	494	0	0	2630	0	0	0	3648	0	126	0	0	0	6470	0	2754	538	0	0	0	0	0	0	0	0	3468	0	0	0	0	0	168	0	554	0	174	0	0	0	130	0	0	0	0	0	0	0	3470	0	120	0	114	0	0	0	9716	0	27696	0	13530	0	3328	0	3760	0	7464	0	0	0	728	0	0	0	948	0	802	0	2036	0	0	0	4402	0	0	0	974	0	0	0	0	0	0	0	0	0	0	0	0	0	0	0	0	0	0	0	0	0	0	0	0	0	0	0	
267652	Postcentral_R	540	21424	0	284	0	0	0	334	0	0	0	1962	0	0	0	0	0	6932	332	2028	0	0	0	0	0	0	0	0	0	1554	0	0	334	7244	332	994	0	1312	0	0	0	0	742	2044	218	2478	0	1100	0	1856	0	486	0	0	0	264	0	0	0	8956	0	8522	0	12834	0	5666	0	11838	2594	12912	0	1728	0	990	0	1028	252	808	0	922	0	3726	0	0	0	5318	0	0	0	938	0	0	0	0	0	0	0	0	0	0	0	0	0	0	0	0	0	0	0	0	0	0	0	0	0	0	
143600	Parietal_Sup_L	0	0	0	0	0	0	0	0	0	0	0	0	0	0	0	0	0	0	0	0	0	0	0	0	0	0	0	0	0	0	0	0	0	0	0	0	0	0	0	0	0	0	762	0	2634	0	0	0	8168	0	17654	0	132	0	0	0	9716	0	0	0	16836	0	0	0	3556	0	11926	0	240	0	0	0	0	0	0	0	0	0	0	0	0	0	0	0	176	0	0	0	0	0	0	0	0	0	0	0	0	0	0	0	0	0	0	0	0	0	0	0	0	0	0	0	0	0	0	0	
93172	Parietal_Sup_R	0	314	0	0	0	0	0	0	0	0	0	0	0	0	0	0	0	120	0	0	0	0	0	0	0	0	0	0	0	0	0	0	0	456	0	202	0	0	0	0	0	0	180	1458	214	3894	0	352	0	5502	0	1118	0	0	0	0	0	8956	0	0	0	4500	0	954	0	4610	0	9002	0	648	0	0	0	0	0	0	0	0	0	0	0	546	0	0	0	3560	0	0	0	0	0	0	0	0	0	0	0	0	0	0	0	0	0	0	0	0	0	0	0	0	0	0	0	0	0	0	
254844	Parietal_Inf_L	6250	0	148	0	0	0	906	0	0	0	834	0	0	0	0	0	746	0	136	0	0	0	0	0	0	0	0	0	1224	0	0	0	0	0	270	0	0	0	0	0	0	0	846	0	552	0	0	0	2188	0	12782	0	136	0	0	0	27696	0	16836	0	0	0	20364	0	15974	0	3114	0	3278	0	0	0	0	0	0	0	0	0	272	0	3308	0	0	0	8844	0	0	0	718	0	0	0	0	0	0	0	0	0	0	0	0	0	0	0	0	0	0	0	0	0	0	0	0	0	0	0	
114152	Parietal_Inf_R	0	140	0	0	0	0	0	0	0	0	0	0	0	0	0	0	0	308	0	0	0	0	0	0	0	0	0	0	0	0	0	0	0	0	0	158	0	0	0	0	0	0	0	1056	0	490	0	162	0	1620	0	3444	0	0	0	0	0	8522	0	4500	0	0	0	7460	0	22042	0	1628	0	118	0	0	0	0	0	0	0	0	0	0	0	988	0	0	0	4440	0	0	0	0	0	0	0	0	0	0	0	0	0	0	0	0	0	0	0	0	0	0	0	0	0	0	0	0	0	0	
184344	SupraMarginal_L	1390	0	194	0	0	0	286	0	0	0	302	0	0	0	0	0	7464	0	166	0	0	0	0	0	0	0	0	0	6846	0	0	0	0	0	248	0	0	0	0	0	0	0	182	0	170	0	0	0	0	0	1206	0	150	0	330	0	13530	0	0	0	20364	0	0	0	8344	0	338	0	384	0	0	0	0	0	0	0	0	0	2340	0	10014	0	0	0	14822	0	0	0	3102	0	0	0	0	0	0	0	0	0	0	0	0	0	0	0	0	0	0	0	0	0	0	0	0	0	0	0	
76080	SupraMarginal_R	0	532	0	0	0	0	0	0	0	0	0	0	0	0	0	0	0	2524	0	0	0	0	0	0	0	0	0	0	0	292	0	0	0	0	0	0	0	152	0	0	0	0	0	126	0	0	0	0	0	136	0	0	0	0	0	0	0	12834	0	954	0	7460	0	0	0	5022	0	870	0	128	0	0	0	0	0	0	0	142	0	624	0	4912	0	0	0	1332	0	0	0	0	0	0	0	0	0	0	0	0	0	0	0	0	0	0	0	0	0	0	0	0	0	0	0	0	0	0	
140484	Angular_L	798	0	0	0	0	0	406	0	0	0	174	0	0	0	0	0	1468	0	0	0	0	0	0	0	0	0	0	0	1514	0	0	0	0	0	218	0	0	0	0	0	0	0	950	0	302	0	0	0	2564	0	15210	0	0	0	0	0	3328	0	3556	0	15974	0	8344	0	0	0	986	0	1426	0	0	0	0	0	0	0	0	0	586	0	1616	0	0	0	10164	0	0	0	658	0	0	0	0	0	0	0	0	0	0	0	0	0	0	0	0	0	0	0	0	0	0	0	0	0	0	0	
161340	Angular_R	0	0	0	0	0	0	0	0	0	0	0	0	0	0	0	0	0	512	0	0	0	0	0	0	0	0	0	0	0	0	0	0	0	124	0	198	0	0	0	0	0	0	0	1778	0	1020	0	186	0	5190	0	15456	0	0	0	0	0	5666	0	4610	0	22042	0	5022	0	0	0	2062	0	230	0	0	0	0	0	0	0	0	0	0	0	4152	0	0	0	12274	0	0	0	148	0	0	0	0	0	0	0	0	0	0	0	0	0	0	0	0	0	0	0	0	0	0	0	0	0	0	
316612	Precuneus_L	0	0	0	0	0	0	0	0	0	0	0	0	0	0	0	0	360	0	382	234	0	0	0	0	0	0	0	0	162	0	194	0	3768	760	8310	774	4086	0	2414	0	0	0	28744	534	20740	1806	8188	0	9650	470	22742	0	5132	0	2766	0	3760	0	11926	0	3114	0	338	0	986	0	0	3584	1422	516	0	0	0	0	0	0	0	0	290	0	524	0	0	0	7508	0	0	0	2122	0	0	0	0	0	0	0	0	0	0	0	0	0	0	0	0	0	0	0	0	0	0	0	0	0	0	0	
340660	Precuneus_R	0	2766	0	0	0	0	0	0	0	0	0	0	0	0	0	0	0	574	0	120	0	0	0	0	0	0	0	0	0	558	0	0	428	7072	814	9730	464	3088	392	1884	0	0	2626	23292	1770	25236	0	12020	0	15866	0	6254	0	458	0	3202	0	11838	0	9002	0	1628	0	870	0	2062	3584	0	300	7604	0	0	0	0	0	0	304	0	0	332	0	800	0	0	0	8262	0	0	0	3844	0	0	0	0	0	0	0	436	0	0	0	0	0	0	0	0	0	0	0	0	850	0	0	0	0	0	
216876	Paracentral_Lobule_L	14424	1544	3284	668	0	0	138	0	0	0	210	0	0	0	0	0	1316	0	7572	12788	0	0	0	0	0	0	0	0	534	0	0	0	3354	11068	2942	252	972	0	0	0	0	0	218	0	678	0	0	0	0	0	2592	0	176	0	436	0	7464	2594	240	0	3278	0	384	0	1426	0	1422	300	0	9924	0	178	0	0	300	0	10040	316	184	0	1046	0	0	0	3050	0	0	0	1126	0	0	0	0	0	0	0	0	0	0	0	0	0	0	0	0	0	0	0	0	0	0	0	0	0	0	0	
203696	Paracentral_Lobule_R	482	10030	0	0	0	0	0	0	0	0	0	0	0	0	0	0	0	0	3230	17948	0	0	0	0	0	0	0	0	0	0	0	0	1320	22266	898	1772	0	0	0	0	0	0	276	788	150	3334	0	314	0	3240	0	336	0	0	0	0	0	12912	0	648	0	118	0	128	0	230	516	7604	9924	0	388	490	0	0	0	0	246	1036	0	146	0	0	0	0	0	542	0	0	0	536	0	0	0	0	0	0	0	0	0	0	0	0	0	0	0	0	0	0	0	0	0	0	0	0	0	0	
148528	Caudate_L	5778	1904	6192	3290	220	166	6658	2748	486	0	2150	188	2314	334	1788	3704	0	160	5170	1470	3296	3766	0	216	0	0	2198	2034	3146	366	1020	682	0	426	0	0	0	0	0	0	0	0	0	0	0	0	0	0	0	0	0	0	0	0	0	0	0	0	0	0	0	0	0	0	0	0	0	0	0	388	0	6352	3604	226	488	120	1104	112	0	0	0	0	0	0	0	0	0	0	0	0	0	0	0	0	0	0	0	0	0	0	0	0	0	0	0	0	0	0	0	0	0	0	0	0	0	0	
293840	Caudate_R	1708	7694	2590	17426	194	1410	2154	1216	378	0	1948	1236	2476	3512	896	7910	0	1326	2098	27050	1544	1876	0	2388	0	3250	876	230	2532	3918	1896	6656	0	498	0	0	128	986	0	0	0	0	0	0	0	0	0	0	0	0	0	0	0	0	0	0	0	1728	0	0	0	0	0	0	0	0	0	0	178	490	6352	0	0	9146	0	1842	366	16818	0	0	0	0	0	0	0	0	0	0	0	0	0	0	0	0	0	0	0	0	0	0	0	0	0	0	0	0	0	0	0	0	0	0	0	0	0	0	
204768	Putamen_L	6022	358	19832	0	6582	0	3702	256	1244	0	776	0	1198	0	4438	0	0	0	15630	0	0	0	962	0	218	0	208	0	12908	0	2500	0	0	0	0	0	7424	0	988	0	272	0	0	0	0	0	152	0	0	0	0	0	0	0	1026	0	728	0	0	0	0	0	0	0	0	0	0	0	0	0	3604	0	0	0	6212	0	2982	0	0	0	394	0	950	0	206	0	0	0	612	0	0	0	0	0	0	0	0	0	0	0	0	0	0	0	0	0	0	0	0	0	0	0	0	0	0	0	
220956	Putamen_R	156	5150	474	5646	0	2442	166	8962	0	148	0	3308	148	2400	0	2024	0	2022	532	4612	0	0	0	2680	0	4192	0	112	162	14900	1276	6506	0	2262	0	0	0	14166	0	4552	0	384	0	0	0	0	0	0	0	0	0	0	0	0	0	5694	0	990	0	0	0	0	0	0	0	0	0	0	0	0	226	9146	0	0	0	1528	0	1700	0	144	0	226	0	0	0	126	0	0	0	1316	0	0	0	0	0	0	0	0	0	0	0	0	0	0	0	0	0	0	0	0	0	0	0	0	0	0	
48548	Pallidum_L	2200	0	6880	546	0	0	400	0	0	0	0	0	0	0	0	0	0	0	3162	904	0	0	0	0	0	0	0	0	0	0	0	0	0	166	0	0	144	0	0	0	0	0	0	0	0	0	0	0	0	0	0	0	0	0	0	0	0	0	0	0	0	0	0	0	0	0	0	0	300	0	488	0	6212	0	0	0	2872	0	0	0	0	0	0	0	0	0	0	0	0	0	0	0	0	0	0	0	0	0	0	0	0	0	0	0	0	0	0	0	0	0	0	0	0	0	0	0	
23208	Pallidum_R	484	810	0	488	0	0	516	360	0	0	0	0	0	0	0	0	0	2294	0	1138	0	0	0	0	0	0	0	0	0	332	0	0	0	0	0	0	0	274	0	188	0	0	0	0	0	0	0	0	0	0	0	0	0	0	0	0	0	1028	0	0	0	0	0	0	0	0	0	0	0	0	120	1842	0	1528	0	0	0	0	0	202	0	0	0	0	0	0	0	0	0	0	0	0	0	0	0	0	0	0	0	0	0	0	0	0	0	0	0	0	0	0	0	0	0	0	0	0	
220256	Thalamus_L	38650	1404	18762	786	0	0	3180	132	0	0	520	0	0	0	0	0	304	0	1794	2404	0	0	0	0	0	0	0	0	3556	160	0	0	0	858	636	990	6636	2668	1760	0	0	0	0	0	0	0	0	0	0	0	0	0	0	0	160	0	948	252	0	0	0	0	0	0	0	0	0	304	10040	246	1104	366	2982	0	2872	0	0	3532	714	0	610	0	0	0	264	0	0	0	534	0	0	0	0	0	0	0	0	0	0	0	0	0	0	0	0	0	0	0	0	0	0	0	0	0	0	0	
209160	Thalamus_R	2424	18588	710	21484	0	0	372	180	0	0	0	0	0	0	0	0	0	216	636	21874	0	0	0	0	0	0	0	0	400	1194	0	0	0	698	478	570	2310	5406	630	550	0	244	0	0	0	0	0	402	0	0	0	0	0	0	0	114	0	808	0	0	0	0	0	142	0	0	0	0	316	1036	112	16818	0	1700	0	0	3532	0	248	166	0	222	0	0	0	0	0	0	0	0	0	0	0	0	0	0	0	0	0	0	0	0	0	0	0	0	0	0	0	0	0	0	0	0	0	0	
96972	Heschl_L	2376	0	524	0	0	0	1676	0	0	0	1302	0	0	0	0	0	5220	0	398	0	0	0	0	0	0	0	0	0	8582	0	0	0	0	0	0	0	2668	254	0	0	0	0	198	0	164	0	0	0	0	0	1488	0	986	0	304	0	802	0	0	0	272	0	2340	0	586	0	290	0	184	0	0	0	0	0	0	0	714	248	0	0	6184	0	0	0	7100	0	0	0	3626	0	0	0	0	0	0	0	0	0	0	0	0	0	0	0	0	0	0	0	0	0	0	0	0	0	0	0	
29468	Heschl_R	0	428	0	0	0	0	0	0	0	0	0	0	0	0	0	0	0	1930	0	0	0	0	0	0	0	0	0	0	0	2636	0	0	0	0	0	0	0	1126	0	352	0	0	0	0	0	120	0	0	0	0	0	0	0	0	0	360	0	922	0	0	0	0	0	624	0	0	0	332	0	146	0	0	0	144	0	202	0	166	0	0	0	3960	0	0	0	1016	0	0	0	270	0	0	0	0	0	0	0	0	0	0	0	0	0	0	0	0	0	0	0	0	0	0	0	0	0	0	
279196	Temporal_Sup_L	3068	0	6300	0	0	0	936	0	0	0	6332	0	186	0	0	0	16448	0	5842	0	0	0	0	0	0	0	0	0	12506	0	0	0	150	0	208	0	2292	0	0	0	0	0	236	0	316	0	0	0	0	0	2724	0	942	0	1242	0	2036	0	0	0	3308	0	10014	0	1616	0	524	0	1046	0	0	0	394	0	0	0	610	0	6184	0	0	0	4684	0	32002	0	0	0	17452	0	0	0	0	0	0	0	0	0	0	0	0	0	0	0	0	0	0	0	0	0	0	0	0	0	0	0	
98728	Temporal_Sup_R	0	348	0	0	0	0	0	0	0	0	0	0	0	0	0	0	0	2032	0	0	0	0	0	0	0	0	0	0	0	3406	0	0	0	0	0	0	0	1968	0	602	0	0	0	130	0	370	0	0	0	350	0	266	0	0	0	1138	0	3726	0	546	0	988	0	4912	0	4152	0	800	0	0	0	0	0	226	0	0	0	222	0	3960	0	0	0	2886	0	14786	0	390	0	1160	0	0	0	0	0	0	0	0	0	0	0	0	0	0	0	0	0	0	0	0	0	0	0	0	0	0	
88116	Temporal_Pole_Sup_L	400	0	5192	0	0	0	302	0	184	0	5968	0	282	0	596	0	4624	0	5068	0	246	0	0	0	0	0	0	0	6414	0	0	0	0	0	0	0	1926	0	0	0	1332	0	0	0	0	0	0	0	0	0	0	0	0	0	884	0	0	0	0	0	0	0	0	0	0	0	0	0	0	0	0	0	950	0	0	0	0	0	0	0	4684	0	0	0	1686	0	1088	0	2232	0	0	0	0	0	0	0	0	0	0	0	0	0	0	0	0	0	0	0	0	0	0	0	0	0	0	0	
28836	Temporal_Pole_Sup_R	0	0	0	370	0	0	0	0	0	0	0	364	0	0	0	0	0	602	0	312	0	0	0	0	0	0	0	0	0	490	0	0	0	0	0	0	0	660	0	1020	0	1114	0	0	0	0	0	0	0	0	0	0	0	0	0	2678	0	0	0	0	0	0	0	0	0	0	0	0	0	0	0	0	0	0	0	0	0	0	0	0	0	2886	0	0	0	1970	0	1298	0	654	0	0	0	0	0	0	0	0	0	0	0	0	0	0	0	0	0	0	0	0	0	0	0	0	0	0	
447700	Temporal_Mid_L	2428	0	418	0	0	0	444	0	0	0	558	0	0	0	0	0	8708	0	196	0	0	0	0	0	0	0	0	0	9192	0	0	0	114	0	2526	0	1694	0	226	0	0	0	6316	0	5686	0	2264	0	2062	0	40054	0	6432	0	4858	0	4402	0	176	0	8844	0	14822	0	10164	0	7508	0	3050	0	0	0	206	0	0	0	264	0	7100	0	32002	0	1686	0	0	0	1308	0	38142	0	0	0	0	0	0	0	0	0	0	0	0	0	0	0	0	0	0	0	0	0	0	0	0	0	0	0	
202780	Temporal_Mid_R	0	438	0	0	0	0	0	0	0	0	0	0	0	0	0	0	0	172	0	0	0	0	0	0	0	0	0	0	0	1126	0	0	0	446	0	606	0	1918	0	340	0	208	268	5498	116	4014	0	1118	0	3352	0	8424	0	980	0	2484	0	5318	0	3560	0	4440	0	1332	0	12274	0	8262	0	542	0	0	0	126	0	0	0	0	0	1016	0	14786	0	1970	0	0	0	774	0	15482	0	0	0	0	0	0	0	0	0	0	0	0	0	0	0	0	0	0	0	0	0	0	0	0	0	0	
7208	Temporal_Pole_Mid_L	0	0	0	0	0	0	0	0	0	0	0	0	0	0	0	0	0	0	0	0	0	0	0	0	0	0	0	0	0	0	0	0	0	0	0	0	0	0	0	0	0	0	0	0	0	0	0	0	0	0	0	0	0	0	0	0	0	0	0	0	0	0	0	0	0	0	0	0	0	0	0	0	0	0	0	0	0	0	0	0	0	0	1088	0	1308	0	0	0	1208	0	0	0	0	0	0	0	0	0	0	0	0	0	0	0	0	0	0	0	0	0	0	0	0	0	0	0	
6796	Temporal_Pole_Mid_R	0	0	0	0	0	0	0	0	0	0	0	0	0	0	0	0	0	0	0	0	0	0	0	0	0	0	0	0	0	0	0	0	0	0	0	0	0	0	0	368	0	0	0	0	0	0	0	0	0	0	0	0	0	0	0	420	0	0	0	0	0	0	0	0	0	0	0	0	0	0	0	0	0	0	0	0	0	0	0	0	0	390	0	1298	0	774	0	0	0	148	0	0	0	0	0	0	0	0	0	0	0	0	0	0	0	0	0	0	0	0	0	0	0	0	0	0	
260456	Temporal_Inf_L	1648	0	890	0	0	0	648	0	0	0	600	0	0	0	0	0	3768	0	396	0	0	0	0	0	0	0	0	0	8050	0	0	0	0	0	900	0	8160	0	394	0	986	0	1828	0	390	0	952	0	0	0	4360	0	5472	0	14342	0	974	0	0	0	718	0	3102	0	658	0	2122	0	1126	0	0	0	612	0	0	0	534	0	3626	0	17452	0	2232	0	38142	0	1208	0	0	0	3074	0	400	0	0	0	116	0	348	0	0	0	0	0	0	0	0	0	0	0	0	0	0	0	0	0	
128024	Temporal_Inf_R	0	756	0	0	0	0	0	634	0	0	0	0	0	0	0	0	0	0	0	0	0	0	0	0	0	0	0	0	0	1330	0	0	0	386	0	1292	0	7008	0	2476	0	1104	244	2574	0	418	0	2766	0	434	0	350	0	2934	0	12520	0	938	0	0	0	0	0	0	0	148	0	3844	0	536	0	0	0	1316	0	0	0	0	0	270	0	1160	0	654	0	15482	0	148	0	0	0	2134	0	0	0	0	0	0	0	156	0	0	0	0	0	0	0	0	0	0	0	0	0	0	0	0	
472884	Cerebelum_Crus1_L	0	0	0	0	0	0	0	0	0	0	0	0	0	0	0	0	0	0	0	0	0	0	0	0	0	0	0	0	0	0	0	0	0	0	0	0	0	0	0	0	0	0	0	0	0	0	7192	3110	0	0	0	0	438	0	23394	718	0	0	0	0	0	0	0	0	0	0	0	0	0	0	0	0	0	0	0	0	0	0	0	0	0	0	0	0	0	0	0	0	3074	0	0	2972	31786	5074	1626	0	19864	2492	62504	4208	10018	1592	14618	4594	5480	928	974	0	1702	2682	9426	6976	6718	1048	746	488	
560856	Cerebelum_Crus1_R	0	0	0	0	0	0	0	0	0	0	0	0	0	0	0	0	0	0	0	0	0	0	0	0	0	0	0	0	0	0	0	0	0	0	0	0	0	0	0	276	0	0	150	840	0	0	584	7784	0	298	0	0	0	0	334	22048	0	0	0	0	0	0	0	0	0	0	0	0	0	0	0	0	0	0	0	0	0	0	0	0	0	0	0	0	0	0	0	0	0	2134	2972	0	1628	42030	254	5016	2534	24876	4240	71798	988	15968	530	25692	894	6414	0	828	636	2980	10232	12416	7124	2096	3576	258	
276468	Cerebelum_Crus2_L	0	0	0	0	0	0	0	0	0	0	0	0	0	0	0	0	0	0	0	0	0	0	0	0	0	0	0	0	0	0	0	0	0	0	0	0	0	0	0	0	0	0	0	0	0	0	244	472	0	0	0	0	0	0	768	118	0	0	0	0	0	0	0	0	0	0	0	0	0	0	0	0	0	0	0	0	0	0	0	0	0	0	0	0	0	0	0	0	400	0	31786	1628	0	6182	310	0	1422	0	7398	1220	31934	3228	29318	4046	4024	354	1262	0	212	380	676	1620	7198	1620	414	0	
397248	Cerebelum_Crus2_R	0	0	0	0	0	0	0	0	0	0	0	0	0	0	0	0	0	0	0	0	0	0	0	0	0	0	0	0	0	0	0	0	0	0	0	0	0	0	0	0	0	0	0	0	0	0	0	0	0	0	0	0	0	0	0	974	0	0	0	0	0	0	0	0	0	0	0	0	0	0	0	0	0	0	0	0	0	0	0	0	0	0	0	0	0	0	0	0	0	0	5074	42030	6182	0	0	2038	394	1956	916	12312	5092	36470	4274	44624	398	8432	0	868	292	1612	1406	3722	11298	4152	3806	302	
62408	Cerebelum_3_L	0	0	0	0	0	0	0	0	0	0	0	0	0	0	0	0	0	0	0	0	0	0	0	0	0	0	0	0	0	0	0	0	0	0	0	0	0	0	0	0	0	0	0	0	0	0	612	528	0	0	0	0	0	0	0	490	0	0	0	0	0	0	0	0	0	0	0	0	0	0	0	0	0	0	0	0	0	0	0	0	0	0	0	0	0	0	0	0	0	0	1626	254	310	0	0	276	8944	942	3248	710	0	0	304	170	2516	0	0	0	1624	4954	2696	704	184	112	0	0	
77312	Cerebelum_3_R	0	0	0	0	0	0	0	0	0	0	0	0	0	0	0	0	0	0	0	0	0	0	0	0	0	0	0	0	0	0	0	0	0	0	0	0	0	0	0	336	0	0	0	0	0	0	274	558	0	0	0	0	0	0	196	542	0	0	0	0	0	0	0	0	0	0	0	0	0	0	0	0	0	0	0	0	0	0	0	0	0	0	0	0	0	0	0	0	0	0	0	5016	0	2038	276	0	618	6606	310	7214	0	322	0	352	0	1490	0	0	1270	5028	2378	1430	458	524	1296	124	
312788	Cerebelum_4_5_L	0	0	0	0	0	0	0	0	0	0	0	0	0	0	0	0	0	0	0	0	0	0	0	0	0	0	0	0	0	0	0	0	0	0	0	0	0	0	0	0	0	0	0	0	0	0	11488	2728	0	0	0	0	0	0	11350	2006	0	0	0	0	0	0	0	0	0	0	0	0	0	0	0	0	0	0	0	0	0	0	0	0	0	0	0	0	0	0	0	0	116	0	19864	2534	1422	394	8944	618	0	6772	36734	4572	658	166	1362	416	6144	440	166	0	3206	6726	22012	4078	210	116	200	952	
286824	Cerebelum_4_5_R	0	0	0	0	0	0	0	0	0	0	0	0	0	0	0	0	0	0	0	0	0	0	0	0	0	0	0	0	0	0	0	0	0	0	0	0	0	374	0	1090	0	0	188	0	0	0	1190	8174	0	0	0	0	0	166	858	12372	0	0	0	0	0	0	0	0	0	0	0	436	0	0	0	0	0	0	0	0	0	0	0	0	0	0	0	0	0	0	0	0	0	0	2492	24876	0	1956	942	6606	6772	0	5874	33656	0	442	0	1018	2102	1588	0	0	924	3798	18330	4724	548	486	1162	268	
489896	Cerebelum_6_L	0	0	0	0	0	0	0	0	0	0	0	0	0	0	0	0	0	0	0	0	0	0	0	0	0	0	0	0	0	0	0	0	0	0	0	0	0	0	0	0	0	0	0	0	0	0	14026	6260	0	0	0	0	304	0	30218	2994	0	0	0	0	0	0	0	0	0	0	0	0	0	0	0	0	0	0	0	0	0	0	0	0	0	0	0	0	0	0	0	0	348	0	62504	4240	7398	916	3248	310	36734	5874	0	8688	3098	318	4244	1826	8574	566	382	0	1934	3950	17782	13512	2228	676	940	856	
546400	Cerebelum_6_R	0	0	0	0	0	0	0	0	0	0	0	0	0	0	0	0	0	0	0	0	0	0	0	0	0	0	0	0	0	0	0	0	0	0	0	0	0	300	0	482	0	0	196	672	0	0	938	11416	0	258	0	0	0	342	506	25540	0	0	0	0	0	0	0	0	0	0	0	0	0	0	0	0	0	0	0	0	0	0	0	0	0	0	0	0	0	0	0	0	0	156	4208	71798	1220	12312	710	7214	4572	33656	8688	0	590	3792	210	10194	2094	7324	0	1706	1146	4362	16204	20836	7806	4670	6082	1000	
217388	Cerebelum_7b_L	0	0	0	0	0	0	0	0	0	0	0	0	0	0	0	0	0	0	0	0	0	0	0	0	0	0	0	0	0	0	0	0	0	0	0	0	0	0	0	0	0	0	0	0	0	0	0	0	0	0	0	0	0	0	124	0	0	0	0	0	0	0	0	0	0	0	0	0	0	0	0	0	0	0	0	0	0	0	0	0	0	0	0	0	0	0	0	0	0	0	10018	988	31934	5092	0	0	658	0	3098	590	0	2890	32104	4946	4504	450	894	0	0	0	322	130	6202	3586	164	0	
236428	Cerebelum_7b_R	0	0	0	0	0	0	0	0	0	0	0	0	0	0	0	0	0	0	0	0	0	0	0	0	0	0	0	0	0	0	0	0	0	0	0	0	0	0	0	0	0	0	0	0	0	0	0	0	0	0	0	0	0	0	0	660	0	0	0	0	0	0	0	0	0	0	0	0	0	0	0	0	0	0	0	0	0	0	0	0	0	0	0	0	0	0	0	0	0	0	1592	15968	3228	36470	0	322	166	442	318	3792	2890	0	2020	36256	0	5342	0	162	0	178	544	730	4342	2090	544	158	
253888	Cerebelum_8_L	0	0	0	0	0	0	0	0	0	0	0	0	0	0	0	0	0	0	0	0	0	0	0	0	0	0	0	0	0	0	0	0	0	0	0	0	0	0	0	0	0	0	0	0	0	0	196	0	0	0	0	0	0	0	226	0	0	0	0	0	0	0	0	0	0	0	0	0	0	0	0	0	0	0	0	0	0	0	0	0	0	0	0	0	0	0	0	0	0	0	14618	530	29318	4274	304	0	1362	0	4244	210	32104	2020	0	6246	13182	1194	2970	0	172	252	588	280	6090	5554	1010	0	
383060	Cerebelum_8_R	0	0	0	0	0	0	0	0	0	0	0	0	0	0	0	0	0	0	0	0	0	0	0	0	0	0	0	0	0	0	0	0	0	0	0	0	0	0	0	0	0	0	0	0	0	0	0	636	0	0	0	0	0	0	0	1602	0	0	0	0	0	0	0	0	0	0	0	0	0	0	0	0	0	0	0	0	0	0	0	0	0	0	0	0	0	0	0	0	0	0	4594	25692	4046	44624	170	352	416	1018	1826	10194	4946	36256	6246	0	870	22016	0	694	0	280	674	3568	11650	6436	2410	314	
143748	Cerebelum_9_L	0	0	0	0	0	0	0	0	0	0	0	0	0	0	0	0	0	0	0	0	0	0	0	0	0	0	0	0	0	0	0	0	0	0	0	0	0	0	0	0	0	0	0	0	0	0	0	1120	0	0	0	0	0	0	0	1068	0	0	0	0	0	0	0	0	0	0	0	0	0	0	0	0	0	0	0	0	0	0	0	0	0	0	0	0	0	0	0	0	0	0	5480	894	4024	398	2516	0	6144	2102	8574	2094	4504	0	13182	870	0	722	4886	0	278	1712	3662	3644	1082	726	1510	682	
176964	Cerebelum_9_R	0	0	0	0	0	0	0	0	0	0	0	0	0	0	0	0	0	0	0	0	0	0	0	0	0	0	0	0	0	0	0	0	0	0	0	0	0	0	0	0	0	0	0	0	0	0	0	0	0	0	0	0	0	0	0	320	0	0	0	0	0	0	0	0	0	0	0	0	0	0	0	0	0	0	0	0	0	0	0	0	0	0	0	0	0	0	0	0	0	0	928	6414	354	8432	0	1490	440	1588	566	7324	450	5342	1194	22016	722	0	0	2646	556	1418	1588	6476	4008	4846	7278	2086	
23068	Cerebelum_10_L	0	0	0	0	0	0	0	0	0	0	0	0	0	0	0	0	0	0	0	0	0	0	0	0	0	0	0	0	0	0	0	0	0	0	0	0	0	0	0	0	0	0	0	0	0	0	0	0	0	0	0	0	0	0	0	0	0	0	0	0	0	0	0	0	0	0	0	0	0	0	0	0	0	0	0	0	0	0	0	0	0	0	0	0	0	0	0	0	0	0	974	0	1262	0	0	0	166	0	382	0	894	0	2970	0	4886	0	0	0	0	0	0	0	0	0	0	0	
24264	Cerebelum_10_R	0	0	0	0	0	0	0	0	0	0	0	0	0	0	0	0	0	0	0	0	0	0	0	0	0	0	0	0	0	0	0	0	0	0	0	0	0	0	0	0	0	0	0	0	0	0	0	0	0	0	0	0	0	0	0	0	0	0	0	0	0	0	0	0	0	0	0	0	0	0	0	0	0	0	0	0	0	0	0	0	0	0	0	0	0	0	0	0	0	0	0	828	0	868	0	0	0	0	0	1706	0	162	0	694	0	2646	0	0	0	0	0	1218	844	1426	1740	0	
53468	Vermis_1_2	0	0	0	0	0	0	0	0	0	0	0	0	0	0	0	0	0	0	0	0	0	0	0	0	0	0	0	0	0	0	0	0	0	0	0	0	0	0	0	0	0	0	0	0	0	0	138	236	0	0	0	0	0	0	0	222	0	0	0	0	0	0	0	0	0	0	0	0	0	0	0	0	0	0	0	0	0	0	0	0	0	0	0	0	0	0	0	0	0	0	1702	636	212	292	1624	1270	3206	924	1934	1146	0	0	172	0	278	556	0	0	0	7208	3198	990	152	292	346	0	
120872	Vermis_3	0	0	0	0	0	0	0	0	0	0	0	0	0	0	0	0	0	0	0	0	0	0	0	0	0	0	0	0	0	0	0	0	0	0	0	0	0	0	172	0	0	0	0	0	0	0	262	736	0	0	0	0	0	0	0	642	0	0	0	0	0	0	0	0	0	0	0	0	0	0	0	0	0	0	0	0	0	0	0	0	0	0	0	0	0	0	0	0	0	0	2682	2980	380	1612	4954	5028	6726	3798	3950	4362	0	178	252	280	1712	1418	0	0	7208	0	6476	2332	490	560	1100	146	
306388	Vermis_4_5	0	0	0	0	0	0	0	0	0	0	0	0	0	0	0	0	0	0	0	0	0	0	0	0	0	0	0	0	0	0	0	0	0	0	0	524	0	484	0	0	0	0	326	0	0	0	3872	7338	0	0	0	0	0	166	2850	6546	0	0	0	0	0	0	0	0	0	0	0	850	0	0	0	0	0	0	0	0	0	0	0	0	0	0	0	0	0	0	0	0	0	0	9426	10232	676	1406	2696	2378	22012	18330	17782	16204	322	544	588	674	3662	1588	0	0	3198	6476	0	8502	258	268	904	2112	
268184	Vermis_6	0	0	0	0	0	0	0	0	0	0	0	0	0	0	0	0	0	0	0	0	0	0	0	0	0	0	0	0	0	0	0	0	0	0	0	0	0	0	0	0	0	0	0	0	0	0	1190	8494	0	0	0	0	0	0	1016	5584	0	0	0	0	0	0	0	0	0	0	0	0	0	0	0	0	0	0	0	0	0	0	0	0	0	0	0	0	0	0	0	0	0	0	6976	12416	1620	3722	704	1430	4078	4724	13512	20836	130	730	280	3568	3644	6476	0	1218	990	2332	8502	0	6184	4278	5980	3478	
192772	Vermis_7	0	0	0	0	0	0	0	0	0	0	0	0	0	0	0	0	0	0	0	0	0	0	0	0	0	0	0	0	0	0	0	0	0	0	0	0	0	0	0	0	0	0	0	0	0	0	0	1126	0	0	0	0	0	0	0	630	0	0	0	0	0	0	0	0	0	0	0	0	0	0	0	0	0	0	0	0	0	0	0	0	0	0	0	0	0	0	0	0	0	0	6718	7124	7198	11298	184	458	210	548	2228	7806	6202	4342	6090	11650	1082	4008	0	844	152	490	258	6184	0	6068	3190	298	
116008	Vermis_8	0	0	0	0	0	0	0	0	0	0	0	0	0	0	0	0	0	0	0	0	0	0	0	0	0	0	0	0	0	0	0	0	0	0	0	0	0	0	0	0	0	0	0	0	0	0	0	0	0	0	0	0	0	0	0	0	0	0	0	0	0	0	0	0	0	0	0	0	0	0	0	0	0	0	0	0	0	0	0	0	0	0	0	0	0	0	0	0	0	0	1048	2096	1620	4152	112	524	116	486	676	4670	3586	2090	5554	6436	726	4846	0	1426	292	560	268	4278	6068	0	5538	836	
103336	Vermis_9	0	0	0	0	0	0	0	0	0	0	0	0	0	0	0	0	0	0	0	0	0	0	0	0	0	0	0	0	0	0	0	0	0	0	0	0	0	0	0	0	0	0	0	0	0	0	0	0	0	0	0	0	0	0	0	0	0	0	0	0	0	0	0	0	0	0	0	0	0	0	0	0	0	0	0	0	0	0	0	0	0	0	0	0	0	0	0	0	0	0	746	3576	414	3806	0	1296	200	1162	940	6082	164	544	1010	2410	1510	7278	0	1740	346	1100	904	5980	3190	5538	0	1732	
