data	data	514548	518276	729684	851976	154520	68108	369892	316140	79656	13100	165176	188424	172612	100828	163716	76324	170776	85996	612368	1.06983e+06	66796	67268	269072	388900	17128	137420	39192	62944	561408	270284	260404	475240	105972	537240	122736	159324	185144	270372	33460	147448	29028	45356	231108	297424	98496	222644	368236	282296	146992	269888	522764	243156	176944	105912	362980	580300	388660	412780	185868	98540	253968	145232	127756	158420	175440	109664	226840	406460	280108	537488	332588	343172	251208	354532	36500	15428	66484	112016	71792	14932	184992	82952	90072	31760	244468	117536	14936	13304	280748	188872	596632	381704	495660	407376	65860	75880	415328	208468	488460	406360	306420	173220	480452	430528	210436	183680	34300	47992	47160	84108	299636	219548	290884	213608	122332	37660	
data	data	Precentral_L	Precentral_R	Frontal_Sup_L	Frontal_Sup_R	Frontal_Sup_Orb_L	Frontal_Sup_Orb_R	Frontal_Mid_L	Frontal_Mid_R	Frontal_Mid_Orb_L	Frontal_Mid_Orb_R	Frontal_Inf_Oper_L	Frontal_Inf_Oper_R	Frontal_Inf_Tri_L	Frontal_Inf_Tri_R	Frontal_Inf_Orb_L	Frontal_Inf_Orb_R	Rolandic_Oper_L	Rolandic_Oper_R	Supp_Motor_Area_L	Supp_Motor_Area_R	Olfactory_L	Olfactory_R	Frontal_Sup_Medial_L	Frontal_Sup_Medial_R	Frontal_Med_Orb_L	Frontal_Med_Orb_R	Rectus_L	Rectus_R	Insula_L	Insula_R	Cingulum_Ant_L	Cingulum_Ant_R	Cingulum_Mid_L	Cingulum_Mid_R	Cingulum_Post_L	Cingulum_Post_R	Hippocampus_L	Hippocampus_R	ParaHippocampal_L	ParaHippocampal_R	Amygdala_L	Amygdala_R	Calcarine_L	Calcarine_R	Cuneus_L	Cuneus_R	Lingual_L	Lingual_R	Occipital_Sup_L	Occipital_Sup_R	Occipital_Mid_L	Occipital_Mid_R	Occipital_Inf_L	Occipital_Inf_R	Fusiform_L	Fusiform_R	Postcentral_L	Postcentral_R	Parietal_Sup_L	Parietal_Sup_R	Parietal_Inf_L	Parietal_Inf_R	SupraMarginal_L	SupraMarginal_R	Angular_L	Angular_R	Precuneus_L	Precuneus_R	Paracentral_Lobule_L	Paracentral_Lobule_R	Caudate_L	Caudate_R	Putamen_L	Putamen_R	Pallidum_L	Pallidum_R	Thalamus_L	Thalamus_R	Heschl_L	Heschl_R	Temporal_Sup_L	Temporal_Sup_R	Temporal_Pole_Sup_L	Temporal_Pole_Sup_R	Temporal_Mid_L	Temporal_Mid_R	Temporal_Pole_Mid_L	Temporal_Pole_Mid_R	Temporal_Inf_L	Temporal_Inf_R	Cerebelum_Crus1_L	Cerebelum_Crus1_R	Cerebelum_Crus2_L	Cerebelum_Crus2_R	Cerebelum_3_L	Cerebelum_3_R	Cerebelum_4_5_L	Cerebelum_4_5_R	Cerebelum_6_L	Cerebelum_6_R	Cerebelum_7b_L	Cerebelum_7b_R	Cerebelum_8_L	Cerebelum_8_R	Cerebelum_9_L	Cerebelum_9_R	Cerebelum_10_L	Cerebelum_10_R	Vermis_1_2	Vermis_3	Vermis_4_5	Vermis_6	Vermis_7	Vermis_8	Vermis_9	Vermis_10	
514548	Precentral_L	0	13946	8848	3968	0	0	12938	3424	0	0	8230	128	846	0	76	0	6546	118	8692	20636	0	0	122	302	0	166	0	0	8854	126	1272	400	328	8128	1590	530	5856	520	0	0	0	0	1612	250	704	132	166	0	116	0	2282	0	1030	0	2656	0	35146	3254	1446	90	4658	342	4200	330	320	0	950	418	22872	10366	13998	1178	9138	732	3028	0	8396	1362	2024	0	3064	0	404	0	692	0	0	0	3328	0	0	0	0	0	0	0	0	0	0	0	0	0	0	0	0	0	0	0	0	0	0	0	0	0	0	0	
518276	Precentral_R	13946	0	780	17750	0	0	1250	27024	0	0	380	8712	0	718	0	0	162	2840	934	19032	0	0	0	94	0	0	0	0	1800	3210	98	206	0	3430	1448	2254	880	7576	0	5866	0	0	374	348	0	398	0	110	86	772	796	400	302	2582	624	13910	5378	27266	354	1112	524	4336	0	5736	74	232	314	2644	6536	26734	3640	3512	400	5890	282	532	830	5118	746	490	392	3972	316	0	312	1366	0	0	940	8068	0	0	0	0	0	0	0	0	0	0	0	0	0	0	0	0	0	0	0	0	0	0	0	0	0	0	
729684	Frontal_Sup_L	8848	780	0	9170	14240	0	61260	928	4762	0	8856	1436	12222	76	10914	0	5584	0	53816	18316	544	0	35124	6304	864	0	1092	0	37136	490	19000	5592	7560	7070	0	0	244	98	0	0	0	0	0	0	0	0	0	0	0	0	0	0	0	0	82	198	796	386	72	414	0	1098	0	1264	0	0	0	0	1264	1366	5806	1266	12878	260	324	0	0	0	1058	0	1718	0	1778	0	0	94	0	0	132	262	0	0	0	0	0	0	0	0	0	0	0	0	0	0	0	0	0	0	0	0	0	0	0	0	0	0	
851976	Frontal_Sup_R	3968	17750	9170	0	0	4500	2090	37916	0	262	322	11496	0	6544	0	4006	168	4276	28072	70264	0	0	9040	47792	126	7756	0	454	1600	17356	3020	41404	394	18194	0	0	128	2978	0	1716	0	0	0	0	0	0	0	0	0	0	0	0	0	0	0	2706	812	2908	0	464	112	2002	0	2770	0	0	0	180	696	402	5500	21074	370	23618	150	932	0	2560	206	0	252	1394	216	658	0	412	0	0	140	2692	0	0	0	0	0	0	0	0	0	0	0	0	0	0	0	0	0	0	0	0	0	0	0	0	0	0	
154520	Frontal_Sup_Orb_L	0	0	14240	0	0	0	2332	0	10030	0	1122	0	3604	0	10824	0	0	0	1106	106	1288	0	3732	0	1852	0	5790	0	8420	0	6962	78	0	0	0	0	0	0	126	0	86	0	0	0	0	0	0	0	0	0	0	0	0	0	0	0	0	0	0	0	0	0	0	0	0	0	0	0	0	0	134	0	5020	0	0	0	0	0	0	0	0	0	408	0	0	0	0	0	0	0	0	0	0	0	0	0	0	0	0	0	0	0	0	0	0	0	0	0	0	0	0	0	0	0	0	0	
68108	Frontal_Sup_Orb_R	0	0	0	4500	0	0	0	536	0	1156	0	0	0	0	0	1078	0	0	0	1422	0	328	0	3320	0	6866	0	6306	0	448	0	1764	0	0	0	0	0	0	0	0	0	0	0	0	0	0	0	0	0	0	0	0	0	0	0	0	0	0	0	0	0	0	0	0	0	0	0	0	0	0	0	2394	0	3936	0	0	0	0	0	0	0	0	0	0	0	0	0	0	0	0	0	0	0	0	0	0	0	0	0	0	0	0	0	0	0	0	0	0	0	0	0	0	0	0	0	0	
369892	Frontal_Mid_L	12938	1250	61260	2090	2332	0	0	1382	2464	0	7300	192	20902	0	8400	0	2290	0	12086	1602	0	0	9244	792	0	0	0	0	19552	0	2582	312	2504	1086	0	0	504	0	0	0	0	0	0	0	0	0	0	0	0	0	0	0	0	0	156	0	662	0	144	0	0	154	0	162	0	0	0	0	0	646	3894	680	3146	0	266	0	0	0	1126	0	322	0	214	0	0	0	0	0	310	0	0	0	0	0	0	0	0	0	0	0	0	0	0	0	0	0	0	0	0	0	0	0	0	0	0	0	
316140	Frontal_Mid_R	3424	27024	928	37916	0	536	1382	0	0	376	292	8530	0	7226	0	2100	588	928	3194	5728	0	0	486	3396	0	332	0	294	2516	5440	310	2322	0	2198	0	0	286	3474	0	2134	0	0	0	0	0	0	0	0	0	0	0	0	0	0	170	3600	952	2554	108	850	104	1986	0	2762	0	0	0	230	154	140	4128	830	304	6774	114	442	0	260	928	0	182	1772	126	0	206	690	0	0	634	3710	0	0	0	0	0	0	0	0	0	0	0	0	0	0	0	0	0	0	0	0	0	0	0	0	0	0	
79656	Frontal_Mid_Orb_L	0	0	4762	0	10030	0	2464	0	0	0	0	0	2992	0	13650	0	0	0	168	0	0	0	0	0	0	0	830	0	4308	0	0	0	0	0	0	0	0	0	0	0	0	0	0	0	0	0	0	0	0	0	0	0	0	0	0	0	0	0	0	0	0	0	0	0	0	0	0	0	0	0	0	0	342	0	0	0	0	0	0	0	0	0	282	0	0	0	0	0	0	0	0	0	0	0	0	0	0	0	0	0	0	0	0	0	0	0	0	0	0	0	0	0	0	0	0	0	
13100	Frontal_Mid_Orb_R	0	0	0	262	0	1156	0	376	0	0	0	0	0	262	0	3504	0	0	0	242	0	0	0	0	0	0	0	0	0	344	0	0	0	0	0	0	0	0	0	0	0	0	0	0	0	0	0	0	0	0	0	0	0	0	0	0	0	0	0	0	0	0	0	0	0	0	0	0	0	0	0	0	0	404	0	0	0	0	0	0	0	0	0	0	0	0	0	0	0	0	0	0	0	0	0	0	0	0	0	0	0	0	0	0	0	0	0	0	0	0	0	0	0	0	0	0	
165176	Frontal_Inf_Oper_L	8230	380	8856	322	1122	0	7300	292	0	0	0	1096	7968	0	88	0	7192	0	1540	560	0	0	946	0	0	0	92	0	12980	202	3794	188	0	170	0	0	0	0	0	0	0	0	0	0	0	0	0	0	0	0	0	0	0	0	0	0	868	72	0	216	0	426	0	428	0	0	0	0	528	100	3712	250	610	114	0	0	0	0	106	0	5846	0	5994	0	0	0	0	0	0	0	0	0	0	0	0	0	0	0	0	0	0	0	0	0	0	0	0	0	0	0	0	0	0	0	0	0	
188424	Frontal_Inf_Oper_R	128	8712	1436	11496	0	0	192	8530	0	0	1096	0	0	4998	0	112	712	1932	1694	6532	0	0	116	460	0	0	0	0	3200	12446	416	1400	0	320	0	0	0	1042	0	510	0	0	0	0	0	0	0	0	0	0	0	0	0	0	0	1390	236	1098	0	1266	0	2744	0	2994	0	0	0	180	0	224	7082	2068	0	3448	0	0	0	114	206	0	982	520	966	324	0	324	0	0	0	566	0	0	0	0	0	0	0	0	0	0	0	0	0	0	0	0	0	0	0	0	0	0	0	0	0	0	
172612	Frontal_Inf_Tri_L	846	0	12222	0	3604	0	20902	0	2992	0	7968	0	0	0	13776	0	720	0	1228	192	0	0	1554	0	0	0	0	0	16038	0	2880	0	0	130	0	0	0	0	0	0	0	0	0	0	0	0	0	0	0	0	0	0	0	0	0	0	0	0	0	0	0	0	0	0	0	0	0	0	0	90	192	0	518	0	0	0	0	0	74	0	0	0	380	0	0	0	0	0	0	0	0	0	0	0	0	0	0	0	0	0	0	0	0	0	0	0	0	0	0	0	0	0	0	0	0	0	
100828	Frontal_Inf_Tri_R	0	718	76	6544	0	0	0	7226	0	262	0	4998	0	0	0	6676	0	0	1584	3494	0	0	0	1184	0	0	0	0	0	10068	74	2288	0	1496	0	0	0	290	0	122	0	0	0	0	0	0	0	0	0	0	0	0	0	0	0	280	0	0	0	0	0	96	0	98	0	0	0	0	0	0	306	1020	0	1514	0	0	0	0	0	0	0	0	0	0	0	0	0	0	0	0	0	0	0	0	0	0	0	0	0	0	0	0	0	0	0	0	0	0	0	0	0	0	0	0	0	0	
163716	Frontal_Inf_Orb_L	76	0	10914	0	10824	0	8400	0	13650	0	88	0	13776	0	0	0	0	0	776	0	954	0	0	0	0	0	326	0	17988	0	184	0	0	0	0	0	276	0	0	0	328	0	0	0	0	0	0	0	0	0	0	0	0	0	0	0	0	0	0	0	0	0	0	0	0	0	0	0	0	0	0	0	2106	0	0	0	0	0	0	0	0	0	1192	0	0	0	0	0	0	0	0	0	0	0	0	0	0	0	0	0	0	0	0	0	0	0	0	0	0	0	0	0	0	0	0	0	
76324	Frontal_Inf_Orb_R	0	0	0	4006	0	1078	0	2100	0	3504	0	112	0	6676	0	0	0	0	796	2418	0	1734	0	1070	0	0	0	512	0	9036	0	286	0	322	0	0	0	90	0	0	0	344	0	0	0	0	0	0	0	0	0	0	0	0	0	0	0	0	0	0	0	0	0	0	0	0	0	0	0	0	208	162	0	3708	0	0	0	0	0	0	0	0	0	0	0	0	0	0	0	0	0	0	0	0	0	0	0	0	0	0	0	0	0	0	0	0	0	0	0	0	0	0	0	0	0	0	
170776	Rolandic_Oper_L	6546	162	5584	168	0	0	2290	588	0	0	7192	712	720	0	0	0	0	0	1322	1462	0	0	0	0	0	0	0	0	16026	108	422	0	146	680	0	0	0	0	0	0	0	0	0	0	0	0	0	0	0	0	998	0	0	0	410	0	7520	0	764	0	1570	0	4010	0	632	0	362	0	1068	600	4452	0	726	212	266	0	0	0	3644	0	7732	0	1674	0	1874	0	0	0	2746	0	0	0	0	0	0	0	0	0	0	0	0	0	0	0	0	0	0	0	0	0	0	0	0	0	0	0	
85996	Rolandic_Oper_R	118	2840	0	4276	0	0	0	928	0	0	0	1932	0	0	0	0	0	0	0	1698	0	0	0	0	0	0	0	0	0	10898	0	0	0	0	0	0	0	662	0	344	0	0	0	0	0	0	0	0	0	0	0	0	0	0	0	628	0	4426	0	148	0	242	0	2322	0	0	0	772	0	576	128	736	0	3670	0	0	0	98	0	1288	0	2760	0	1006	0	180	0	0	0	322	0	0	0	0	0	0	0	0	0	0	0	0	0	0	0	0	0	0	0	0	0	0	0	0	0	0	
612368	Supp_Motor_Area_L	8692	934	53816	28072	1106	0	12086	3194	168	0	1540	1694	1228	1584	776	796	1322	0	0	68306	0	0	8622	7016	0	0	132	0	6586	1360	11190	12896	8130	32738	106	0	266	0	0	0	0	0	0	0	0	0	0	0	0	0	0	0	0	0	0	0	184	206	0	238	0	532	0	642	0	0	0	0	12526	200	6778	1210	5972	784	1076	0	108	0	256	0	672	0	444	0	0	0	0	0	0	0	0	0	0	0	0	0	0	0	0	0	0	0	0	0	0	0	0	0	0	0	0	0	0	0	0	0	
1.06983e+06	Supp_Motor_Area_R	20636	19032	18316	70264	106	1422	1602	5728	0	242	560	6532	192	3494	0	2418	1462	1698	68306	0	0	0	2898	19640	0	3362	0	0	6430	8830	3440	26282	3954	65370	2088	5468	930	976	0	748	0	0	458	1228	0	772	0	364	82	348	722	256	314	1482	656	3282	5688	11980	254	220	438	256	74	436	80	0	534	5058	23336	38694	7682	25232	8456	13376	322	2042	366	3688	340	94	566	530	252	284	124	116	0	0	688	1070	0	0	0	0	0	0	0	0	0	0	0	0	0	0	0	0	0	0	0	0	248	0	0	0	0	0	
66796	Olfactory_L	0	0	544	0	1288	0	0	0	0	0	0	0	0	0	954	0	0	0	0	0	0	5096	0	0	0	1282	2078	1900	1508	0	2766	3010	0	0	0	0	210	0	392	0	382	0	0	0	0	0	0	0	0	0	0	0	0	0	0	0	0	0	0	0	0	0	0	0	0	0	0	0	0	0	6438	3068	2202	280	0	0	0	0	0	0	0	0	0	0	0	0	0	0	0	0	0	0	0	0	0	0	0	0	0	0	0	0	0	0	0	0	0	0	0	0	0	0	0	0	0	0	
67268	Olfactory_R	0	0	0	0	0	328	0	0	0	0	0	0	0	0	0	1734	0	0	0	0	5096	0	0	0	0	2396	1010	3098	0	1786	1254	3180	0	0	0	0	0	0	0	0	0	468	0	0	0	0	0	0	0	0	0	0	0	0	0	0	0	0	0	0	0	0	0	0	0	0	0	0	0	0	6412	4408	2052	412	0	0	0	0	0	0	0	0	0	0	0	0	0	0	0	0	0	0	0	0	0	0	0	0	0	0	0	0	0	0	0	0	0	0	0	0	0	0	0	0	0	0	
269072	Frontal_Sup_Medial_L	122	0	35124	9040	3732	0	9244	486	0	0	946	116	1554	0	0	0	0	0	8622	2898	0	0	0	18180	2018	388	170	0	2328	186	14250	10014	5786	7396	0	0	0	80	0	0	0	0	0	0	0	0	0	0	0	0	0	0	0	0	0	0	0	0	0	0	0	0	0	0	0	0	0	0	0	0	302	134	804	508	0	0	0	0	0	0	0	0	108	0	0	0	0	0	0	0	0	0	0	0	0	0	0	0	0	0	0	0	0	0	0	0	0	0	0	0	0	0	0	0	0	0	
388900	Frontal_Sup_Medial_R	302	94	6304	47792	0	3320	792	3396	0	0	0	460	0	1184	0	1070	0	0	7016	19640	0	0	18180	0	160	8828	0	406	232	1762	2142	33500	312	11408	0	0	0	220	0	0	0	0	0	0	0	0	0	0	0	0	0	0	0	0	0	88	0	0	0	0	0	0	0	0	0	0	0	0	0	0	544	14530	0	10768	0	0	0	0	0	0	0	0	0	0	0	0	0	0	0	0	0	0	0	0	0	0	0	0	0	0	0	0	0	0	0	0	0	0	0	0	0	0	0	0	0	0	
17128	Frontal_Med_Orb_L	0	0	864	126	1852	0	0	0	0	0	0	0	0	0	0	0	0	0	0	0	0	0	2018	160	0	176	644	0	0	0	2272	310	0	0	0	0	0	0	0	0	0	0	0	0	0	0	0	0	0	0	0	0	0	0	0	0	0	0	0	0	0	0	0	0	0	0	0	0	0	0	0	0	142	0	0	0	0	0	0	0	0	0	0	0	0	0	0	0	0	0	0	0	0	0	0	0	0	0	0	0	0	0	0	0	0	0	0	0	0	0	0	0	0	0	0	0	
137420	Frontal_Med_Orb_R	166	0	0	7756	0	6866	0	332	0	0	0	0	0	0	0	0	0	0	0	3362	1282	2396	388	8828	176	0	412	7364	0	0	442	10224	0	0	0	0	0	0	0	0	0	0	0	0	0	0	0	0	0	0	0	0	0	0	0	0	0	0	0	0	0	0	0	0	0	0	0	0	0	0	1388	9252	0	8076	0	0	0	0	0	0	0	0	0	0	0	0	0	0	0	0	0	0	0	0	0	0	0	0	0	0	0	0	0	0	0	0	0	0	0	0	0	0	0	0	0	0	
39192	Rectus_L	0	0	1092	0	5790	0	0	0	830	0	92	0	0	0	326	0	0	0	132	0	2078	1010	170	0	644	412	0	714	260	0	2948	590	0	0	0	0	0	0	0	0	0	0	0	0	0	0	0	0	0	0	0	0	0	0	0	0	0	0	0	0	0	0	0	0	0	0	0	0	0	0	1480	252	776	0	0	0	0	0	0	0	0	0	0	0	0	0	0	0	0	0	0	0	0	0	0	0	0	0	0	0	0	0	0	0	0	0	0	0	0	0	0	0	0	0	0	0	
62944	Rectus_R	0	0	0	454	0	6306	0	294	0	0	0	0	0	0	0	512	0	0	0	0	1900	3098	0	406	0	7364	714	0	0	260	472	3530	0	0	0	0	0	0	0	0	0	0	0	0	0	0	0	0	0	0	0	0	0	0	0	0	0	0	0	0	0	0	0	0	0	0	0	0	0	0	2006	2852	204	1100	0	0	0	0	0	0	0	0	0	0	0	0	0	0	0	0	0	0	0	0	0	0	0	0	0	0	0	0	0	0	0	0	0	0	0	0	0	0	0	0	0	0	
561408	Insula_L	8854	1800	37136	1600	8420	0	19552	2516	4308	0	12980	3200	16038	0	17988	0	16026	0	6586	6430	1508	0	2328	232	0	0	260	0	0	674	7648	428	610	3344	150	0	6622	174	468	82	1116	0	0	0	0	0	0	0	0	0	1576	0	120	0	2848	246	5196	478	1706	428	908	892	2594	1008	436	0	490	0	1646	3114	11096	298	20394	590	162	0	744	122	6828	0	9202	0	7492	0	2518	104	0	0	8072	318	0	0	0	0	0	0	0	0	0	0	0	0	0	0	0	0	0	0	0	0	0	0	0	0	0	0	
270284	Insula_R	126	3210	490	17356	0	448	0	5440	0	344	202	12446	0	10068	0	9036	108	10898	1360	8830	0	1786	186	1762	0	0	0	260	674	0	282	2152	0	1246	0	0	0	5082	0	1992	0	1478	0	88	0	0	0	0	0	0	0	0	0	0	0	3972	0	870	0	0	0	98	0	96	0	0	0	450	0	384	1796	2686	0	19860	0	0	0	120	0	750	188	2018	184	1320	0	1022	0	0	0	1978	0	0	0	0	0	0	0	0	0	0	0	0	0	0	0	0	0	0	0	0	0	0	0	0	0	0	
260404	Cingulum_Ant_L	1272	98	19000	3020	6962	0	2582	310	0	0	3794	416	2880	74	184	0	422	0	11190	3440	2766	1254	14250	2142	2272	442	2948	472	7648	282	0	10866	4664	2346	0	0	0	0	0	0	0	0	0	0	0	0	0	0	0	0	0	0	0	0	0	0	200	0	0	0	0	0	0	0	0	0	0	0	382	82	9160	2204	8046	982	0	0	0	0	278	0	362	0	510	0	0	0	0	0	0	0	0	0	0	0	0	0	0	0	0	0	0	0	0	0	0	0	0	0	0	0	0	0	0	0	0	0	
475240	Cingulum_Ant_R	400	206	5592	41404	78	1764	312	2322	0	0	188	1400	0	2288	0	286	0	0	12896	26282	3010	3180	10014	33500	310	10224	590	3530	428	2152	10866	0	1284	17408	0	0	0	362	0	78	0	0	0	0	0	0	0	0	0	0	0	0	0	0	0	156	0	0	0	0	0	0	0	0	0	0	0	0	0	0	5080	22804	716	16140	0	0	0	86	0	0	142	0	142	0	0	0	0	0	0	0	0	0	0	0	0	0	0	0	0	0	0	0	0	0	0	0	0	0	0	0	0	0	0	0	0	0	
105972	Cingulum_Mid_L	328	0	7560	394	0	0	2504	0	0	0	0	0	0	0	0	0	146	0	8130	3954	0	0	5786	312	0	0	0	0	610	0	4664	1284	0	5908	1622	556	0	0	0	0	0	0	360	114	0	94	0	0	278	0	394	0	124	0	106	0	558	0	284	0	0	0	0	0	0	0	1706	704	3014	426	284	0	782	0	0	0	0	0	0	0	0	0	0	0	0	0	0	0	0	0	0	0	0	0	0	0	0	0	0	0	0	0	0	0	0	0	0	0	0	0	0	0	0	0	0	0	
537240	Cingulum_Mid_R	8128	3430	7070	18194	0	0	1086	2198	0	0	170	320	130	1496	0	322	680	0	32738	65370	0	0	7396	11408	0	0	0	0	3344	1246	2346	17408	5908	0	1564	6006	698	262	0	110	0	0	88	1962	0	2548	0	698	0	1142	0	418	0	100	270	366	1308	2758	0	0	0	0	0	0	0	0	1056	9736	15136	24350	1316	162	3776	1020	212	0	102	0	90	0	246	0	0	0	0	0	0	0	416	0	0	0	0	0	0	0	0	0	0	0	0	0	0	0	0	0	0	0	0	0	316	0	0	0	0	0	
122736	Cingulum_Post_L	1590	1448	0	0	0	0	0	0	0	0	0	0	0	0	0	0	0	0	106	2088	0	0	0	0	0	0	0	0	150	0	0	0	1622	1564	0	9966	5342	4932	1384	678	0	0	1424	0	282	200	466	120	240	0	944	0	426	0	2404	108	3574	458	0	0	104	0	0	0	76	0	5434	1472	3088	2070	0	0	0	0	0	0	794	3952	106	0	106	0	0	0	524	0	0	0	2126	0	0	0	0	0	0	0	0	0	0	0	0	0	0	0	0	0	0	0	0	0	0	0	0	0	0	0	
159324	Cingulum_Post_R	530	2254	0	0	0	0	0	0	0	0	0	0	0	0	0	0	0	0	0	5468	0	0	0	0	0	0	0	0	0	0	0	0	556	6006	9966	0	3856	7834	930	2430	0	0	0	1496	0	1210	0	2036	0	86	0	0	0	0	456	2118	90	3782	0	0	0	0	0	0	0	0	1938	12198	218	9006	0	0	0	0	0	0	570	3964	0	0	0	0	0	0	0	0	0	0	186	0	0	0	0	0	0	0	0	0	0	0	0	0	0	0	0	0	0	0	0	0	478	0	0	0	0	0	
185144	Hippocampus_L	5856	880	244	128	0	0	504	286	0	0	0	0	0	0	276	0	0	0	266	930	210	0	0	0	0	0	0	0	6622	0	0	0	0	698	5342	3856	0	3364	5178	262	6044	0	1132	0	0	0	1408	0	0	0	104	0	0	0	6878	0	1186	316	86	0	78	0	0	0	0	0	1934	476	360	986	1184	0	4938	0	0	0	5182	3758	1552	0	1246	0	1170	0	3374	0	112	0	14166	0	0	0	0	0	0	0	0	0	0	0	0	0	0	0	0	0	0	0	0	0	0	0	0	0	0	0	
270372	Hippocampus_R	520	7576	98	2978	0	0	0	3474	0	0	0	1042	0	290	0	90	0	662	0	976	0	0	80	220	0	0	0	0	174	5082	0	362	0	262	4932	7834	3364	0	824	21476	0	7830	0	624	0	0	0	2002	0	0	0	0	0	0	220	26590	0	854	0	0	0	0	0	0	0	0	730	5386	0	1030	190	110	0	12722	0	0	216	5622	0	0	0	330	0	1248	0	466	0	132	0	6494	0	0	0	0	0	0	0	74	0	0	0	0	0	0	0	0	0	0	0	0	0	0	0	0	0	0	
33460	ParaHippocampal_L	0	0	0	0	126	0	0	0	0	0	0	0	0	0	0	0	0	0	0	0	392	0	0	0	0	0	0	0	468	0	0	0	0	0	1384	930	5178	824	0	118	892	0	558	0	0	0	1060	134	0	0	0	0	0	0	1558	0	0	0	0	0	0	0	0	0	0	0	1130	0	0	0	0	0	114	0	0	0	328	834	0	0	0	0	112	0	0	0	0	0	312	0	0	0	0	0	0	0	182	0	0	0	0	0	0	0	0	0	0	0	0	96	0	0	0	0	0	0	
147448	ParaHippocampal_R	0	5866	0	1716	0	0	0	2134	0	0	0	510	0	122	0	0	0	344	0	748	0	0	0	0	0	0	0	0	82	1992	0	78	0	110	678	2430	262	21476	118	0	0	3572	0	554	0	0	0	808	0	0	0	0	0	0	0	17334	0	1130	0	0	0	0	0	0	0	0	0	2814	0	1286	82	0	0	3984	0	0	0	1424	0	84	0	0	0	936	0	0	0	494	0	438	0	0	0	0	0	0	0	118	0	0	0	0	0	0	0	0	0	0	0	0	0	0	0	0	0	0	
29028	Amygdala_L	0	0	0	0	86	0	0	0	0	0	0	0	0	0	328	0	0	0	0	0	382	0	0	0	0	0	0	0	1116	0	0	0	0	0	0	0	6044	0	892	0	0	0	0	0	0	0	0	0	0	0	0	0	0	0	2094	0	0	0	0	0	0	0	0	0	0	0	0	0	0	0	0	0	300	0	0	0	716	0	0	0	0	0	714	0	116	0	112	0	1614	0	0	0	0	0	0	0	0	0	0	0	0	0	0	0	0	0	0	0	0	0	0	0	0	0	0	0	
45356	Amygdala_R	0	0	0	0	0	0	0	0	0	0	0	0	0	0	0	344	0	0	0	0	0	468	0	0	0	0	0	0	0	1478	0	0	0	0	0	0	0	7830	0	3572	0	0	0	0	0	0	0	0	0	0	0	0	0	0	0	4736	0	0	0	0	0	0	0	0	0	0	0	0	0	0	0	0	0	914	0	0	0	100	0	0	0	0	0	1306	0	0	0	206	0	1724	0	0	0	0	0	0	0	0	0	0	0	0	0	0	0	0	0	0	0	0	0	0	0	0	0	0	
231108	Calcarine_L	1612	374	0	0	0	0	0	0	0	0	0	0	0	0	0	0	0	0	0	458	0	0	0	0	0	0	0	0	0	0	0	0	360	88	1424	0	1132	0	558	0	0	0	0	3844	8408	2384	12058	1146	8934	1146	22416	810	12992	226	12498	94	3810	280	728	0	108	0	0	0	114	0	12406	0	1686	380	0	0	72	0	0	0	84	0	0	0	0	0	0	0	784	0	0	0	468	0	116	92	90	82	0	0	94	348	0	208	0	0	0	110	0	0	0	0	0	0	352	0	86	94	0	0	
297424	Calcarine_R	250	348	0	0	0	0	0	0	0	0	0	0	0	0	0	0	0	0	0	1228	0	0	0	0	0	0	0	0	0	88	0	0	114	1962	0	1496	0	624	0	554	0	0	3844	0	3664	24254	2242	20568	0	24996	0	15090	0	4460	0	11618	0	4544	0	0	0	0	0	0	0	298	866	18634	222	5182	0	0	0	0	0	0	0	0	0	0	0	0	0	0	0	346	0	0	0	914	0	0	0	0	0	0	0	0	0	0	0	0	0	0	0	0	0	0	0	0	306	0	0	0	0	0	
98496	Cuneus_L	704	0	0	0	0	0	0	0	0	0	0	0	0	0	0	0	0	0	0	0	0	0	0	0	0	0	0	0	0	0	0	0	0	0	282	0	0	0	0	0	0	0	8408	3664	0	4878	2614	696	11300	1356	6382	342	718	0	556	0	118	0	314	0	76	0	0	0	0	0	5652	602	586	0	0	0	0	0	0	0	0	0	0	0	0	0	0	0	0	0	0	0	0	0	0	0	0	0	0	0	0	0	0	0	0	0	0	0	0	0	0	0	0	0	0	0	0	0	0	0	
222644	Cuneus_R	132	398	0	0	0	0	0	0	0	0	0	0	0	0	0	0	0	0	0	772	0	0	0	0	0	0	0	0	0	0	0	0	94	2548	200	1210	0	0	0	0	0	0	2384	24254	4878	0	1322	5924	0	25482	0	11716	0	686	0	2414	0	2360	0	934	0	0	0	0	0	78	3590	16652	138	2996	0	0	0	0	0	0	0	0	0	0	0	0	0	0	0	0	0	0	0	160	0	0	0	0	0	0	0	0	0	0	0	0	0	0	0	0	0	0	0	0	0	0	0	0	0	0	
368236	Lingual_L	166	0	0	0	0	0	0	0	0	0	0	0	0	0	0	0	0	0	0	0	0	0	0	0	0	0	0	0	0	0	0	0	0	0	466	0	1408	0	1060	0	0	0	12058	2242	2614	1322	0	3198	5232	414	13332	134	3466	72	11990	1900	254	0	0	0	0	0	0	0	0	0	3110	0	130	0	0	0	0	0	0	0	74	0	0	0	0	0	0	0	0	0	0	0	0	0	22834	2154	4916	1920	510	716	20570	2140	27624	4908	666	90	3296	1814	3094	1446	0	106	828	1138	6080	6554	2870	1712	1322	168	
282296	Lingual_R	0	110	0	0	0	0	0	0	0	0	0	0	0	0	0	0	0	0	0	364	0	0	0	0	0	0	0	0	0	0	0	0	0	698	120	2036	0	2002	134	808	0	0	1146	20568	696	5924	3198	0	0	8894	0	7074	0	2082	666	17614	0	1352	0	0	0	0	0	0	0	0	286	9700	0	2736	0	0	0	0	0	0	0	0	0	0	0	0	0	0	0	0	0	0	0	246	2658	7528	484	846	0	0	2376	6040	4134	13134	92	170	526	874	0	0	0	154	0	0	4762	6510	2112	146	148	0	
146992	Occipital_Sup_L	116	86	0	0	0	0	0	0	0	0	0	0	0	0	0	0	0	0	0	82	0	0	0	0	0	0	0	0	0	0	0	0	278	0	240	0	0	0	0	0	0	0	8934	0	11300	0	5232	0	0	0	25752	0	3766	0	1642	0	568	0	6004	0	438	0	0	0	0	0	8298	118	172	74	0	0	0	0	0	0	0	0	0	0	0	0	0	0	148	0	0	0	248	0	0	0	0	0	0	0	0	0	0	0	0	0	0	0	0	0	0	0	0	0	0	0	0	0	0	0	
269888	Occipital_Sup_R	0	772	0	0	0	0	0	0	0	0	0	0	0	0	0	0	0	0	0	348	0	0	0	0	0	0	0	0	0	0	0	0	0	1142	0	86	0	0	0	0	0	0	1146	24996	1356	25482	414	8894	0	0	0	30504	0	1984	0	3784	0	4408	0	4446	0	212	0	0	0	4168	1298	13232	0	4750	0	0	0	0	0	0	0	0	0	0	0	0	0	0	0	1312	0	0	0	210	0	0	0	0	0	0	0	0	0	0	0	0	0	0	0	0	0	0	0	0	0	0	0	0	0	0	
522764	Occipital_Mid_L	2282	796	0	0	0	0	0	0	0	0	0	0	0	0	0	0	998	0	0	722	0	0	0	0	0	0	0	0	1576	0	0	0	394	0	944	0	104	0	0	0	0	0	22416	0	6382	0	13332	0	25752	0	0	0	29974	0	16942	0	13764	480	20526	0	23108	0	2496	0	27456	0	14002	0	4242	538	0	0	0	0	0	0	0	0	444	0	2360	0	0	0	18430	0	0	0	10922	0	0	0	0	0	0	0	0	0	0	0	0	0	0	0	0	0	0	0	0	0	0	0	0	0	0	0	
243156	Occipital_Mid_R	0	400	0	0	0	0	0	0	0	0	0	0	0	0	0	0	0	0	0	256	0	0	0	0	0	0	0	0	0	0	0	0	0	418	0	0	0	0	0	0	0	0	810	15090	342	11716	134	7074	0	30504	0	0	0	4372	0	4472	0	3496	0	3790	0	4256	0	0	0	15080	1100	7686	0	3802	0	0	0	0	0	0	0	0	0	0	0	0	0	0	0	6286	0	0	0	494	0	0	0	0	0	0	0	0	0	0	0	0	0	0	0	0	0	0	0	0	0	0	0	0	0	0	
176944	Occipital_Inf_L	1030	302	0	0	0	0	0	0	0	0	0	0	0	0	0	0	0	0	0	314	0	0	0	0	0	0	0	0	120	0	0	0	124	0	426	0	0	0	0	0	0	0	12992	0	718	0	3466	0	3766	0	29974	0	0	0	19192	0	3336	218	1020	0	408	0	262	0	1036	0	3214	0	634	254	0	0	0	0	0	0	0	0	0	0	0	0	0	0	3684	0	0	0	1982	0	0	0	0	0	0	0	0	0	0	0	0	0	0	0	0	0	0	0	0	0	0	0	0	0	0	0	
105912	Occipital_Inf_R	0	2582	0	0	0	0	0	0	0	0	0	0	0	0	0	0	0	0	0	1482	0	0	0	0	0	0	0	0	0	0	0	0	0	100	0	0	0	0	0	0	0	0	226	4460	0	686	72	2082	0	1984	0	4372	0	0	0	11212	0	5822	0	156	0	0	0	0	0	560	0	2600	0	5970	0	0	0	0	0	0	0	0	0	0	0	0	0	0	0	2116	0	0	0	5884	0	0	0	0	0	0	0	0	88	260	0	0	0	0	0	0	0	0	0	0	0	242	0	0	0	0	
362980	Fusiform_L	2656	624	82	0	0	0	156	170	0	0	0	0	0	0	0	0	410	0	0	656	0	0	0	0	0	0	0	0	2848	0	0	0	106	270	2404	456	6878	220	1558	0	2094	0	12498	0	556	0	11990	666	1642	0	16942	0	19192	0	0	418	3868	240	956	0	422	0	486	0	722	0	3750	0	1352	564	0	0	454	0	0	0	280	238	946	0	902	0	394	0	3158	0	200	0	12858	0	21810	88	3998	0	0	0	7086	184	22874	1206	1842	0	1330	76	104	0	0	0	0	0	1112	2334	74	90	0	0	
580300	Fusiform_R	0	13910	198	2706	0	0	0	3600	0	0	0	1390	0	280	0	0	0	628	0	3282	0	0	0	88	0	0	0	0	246	3972	0	156	0	366	108	2118	0	26590	0	17334	0	4736	94	11618	0	2414	1900	17614	0	3784	0	4472	0	11212	418	0	0	11114	0	326	0	652	0	1702	0	492	210	9636	0	11788	266	0	0	6642	0	0	0	0	0	74	0	792	0	2086	0	2114	0	1190	0	19812	1688	22236	336	2432	0	160	2668	8936	3486	27302	94	1180	520	2704	0	0	0	190	0	0	4996	5478	1386	118	110	0	
388660	Postcentral_L	35146	5378	796	812	0	0	662	952	0	0	868	236	0	0	0	0	7520	0	184	5688	0	0	0	0	0	0	0	0	5196	0	200	0	558	1308	3574	90	1186	0	0	0	0	0	3810	0	118	0	254	0	568	0	13764	0	3336	0	3868	0	0	2868	17236	0	22388	0	10572	0	4074	0	7840	92	7110	4228	6664	308	1334	142	100	0	638	332	3366	0	3724	0	0	0	1858	0	0	0	3384	0	0	0	0	0	0	0	0	0	0	0	0	0	0	0	0	0	0	0	0	0	0	0	0	0	0	0	
412780	Postcentral_R	3254	27266	386	2908	0	0	0	2554	0	0	72	1098	0	0	0	0	0	4426	206	11980	0	0	0	0	0	0	0	0	478	870	0	0	0	2758	458	3782	316	854	0	1130	0	0	280	4544	0	2360	0	1352	0	4408	480	3496	218	5822	240	11114	2868	0	116	4914	132	8316	0	11458	0	810	362	18018	1692	46976	494	656	0	242	0	0	230	224	0	198	110	1514	0	0	96	2618	0	0	154	5082	0	0	0	0	0	0	0	0	0	0	0	0	0	0	0	0	0	0	0	0	0	0	0	0	0	0	
185868	Parietal_Sup_L	1446	354	72	0	0	0	144	108	0	0	0	0	0	0	0	0	764	0	0	254	0	0	0	0	0	0	0	0	1706	0	0	0	284	0	0	0	86	0	0	0	0	0	728	0	314	0	0	0	6004	0	20526	0	1020	0	956	0	17236	116	0	0	13232	0	1116	0	5378	0	10770	0	2496	122	88	0	100	0	0	0	0	0	432	0	1418	0	0	0	2100	0	0	0	3564	0	0	0	0	0	0	0	0	0	0	0	0	0	0	0	0	0	0	0	0	0	0	0	0	0	0	0	
98540	Parietal_Sup_R	90	1112	414	464	0	0	0	850	0	0	216	1266	0	0	0	0	0	148	238	220	0	0	0	0	0	0	0	0	428	0	0	0	0	0	0	0	0	0	0	0	0	0	0	0	0	934	0	0	0	4446	0	3790	0	156	0	326	0	4914	0	0	0	7176	0	4288	0	4530	384	9500	0	1382	570	414	0	118	0	0	0	0	0	0	212	246	212	0	0	0	0	0	0	226	0	0	0	0	0	0	0	0	0	0	0	0	0	0	0	0	0	0	0	0	0	0	0	0	0	0	
253968	Parietal_Inf_L	4658	524	0	112	0	0	0	104	0	0	0	0	0	0	0	0	1570	0	0	438	0	0	0	0	0	0	0	0	908	0	0	0	0	0	104	0	78	0	0	0	0	0	108	0	76	0	0	0	438	0	23108	0	408	0	422	0	22388	132	13232	0	0	0	14242	0	23298	0	1840	0	782	164	316	154	108	0	0	0	0	130	150	0	2730	0	0	0	8072	0	0	0	6190	0	0	0	0	0	0	0	0	0	0	0	0	0	0	0	0	0	0	0	0	0	0	0	0	0	0	0	
145232	Parietal_Inf_R	342	4336	1098	2002	0	0	154	1986	0	0	426	2744	0	96	0	0	0	242	532	256	0	0	0	0	0	0	0	0	892	98	0	0	0	0	0	0	0	0	0	0	0	0	0	0	0	0	0	0	0	212	0	4256	0	0	0	652	0	8316	0	7176	0	0	0	17806	0	12168	0	1256	124	630	1270	612	0	344	0	0	90	0	0	0	416	254	416	0	0	604	0	0	0	810	0	0	0	0	0	0	0	0	0	0	0	0	0	0	0	0	0	0	0	0	0	0	0	0	0	0	
127756	SupraMarginal_L	4200	0	0	0	0	0	0	0	0	0	0	0	0	0	0	0	4010	0	0	74	0	0	0	0	0	0	0	0	2594	0	0	0	0	0	0	0	0	0	0	0	0	0	0	0	0	0	0	0	0	0	2496	0	262	0	486	0	10572	0	1116	0	14242	0	0	0	2592	0	550	0	0	0	262	126	156	0	78	0	0	76	454	0	9238	0	0	0	6782	0	0	0	3512	0	0	0	0	0	0	0	0	0	0	0	0	0	0	0	0	0	0	0	0	0	0	0	0	0	0	0	
158420	SupraMarginal_R	330	5736	1264	2770	0	0	162	2762	0	0	428	2994	0	98	0	0	0	2322	642	436	0	0	0	0	0	0	0	0	1008	96	0	0	0	0	0	0	0	0	0	0	0	0	0	0	0	0	0	0	0	0	0	0	0	0	0	1702	0	11458	0	4288	0	17806	0	0	0	5066	0	778	112	632	1408	628	0	342	0	0	90	0	0	0	418	7024	418	0	0	3282	0	0	0	2710	0	0	0	0	0	0	0	0	0	0	0	0	0	0	0	0	0	0	0	0	0	0	0	0	0	0	
175440	Angular_L	320	74	0	0	0	0	0	0	0	0	0	0	0	0	0	0	632	0	0	80	0	0	0	0	0	0	0	0	436	0	0	0	0	0	76	0	0	0	0	0	0	0	114	0	0	0	0	0	0	0	27456	0	1036	0	722	0	4074	0	5378	0	23298	0	2592	0	0	0	1292	0	240	0	0	0	0	0	0	0	0	0	90	0	1464	0	0	0	13036	0	0	0	5310	0	0	0	0	0	0	0	0	0	0	0	0	0	0	0	0	0	0	0	0	0	0	0	0	0	0	0	
109664	Angular_R	0	232	0	0	0	0	0	0	0	0	0	0	0	0	0	0	0	0	0	0	0	0	0	0	0	0	0	0	0	0	0	0	0	0	0	0	0	0	0	0	0	0	0	298	0	78	0	0	0	4168	0	15080	0	560	0	492	0	810	0	4530	0	12168	0	5066	0	0	0	2262	0	462	0	0	0	0	0	0	0	0	0	0	0	1194	0	0	0	6894	0	0	0	538	0	0	0	0	0	0	0	0	0	0	0	0	0	0	0	0	0	0	0	0	0	0	0	0	0	0	
226840	Precuneus_L	950	314	0	0	0	0	0	0	0	0	0	0	0	0	0	0	362	0	0	534	0	0	0	0	0	0	0	0	490	0	0	0	1706	1056	5434	1938	1934	730	1130	0	0	0	12406	866	5652	3590	3110	286	8298	1298	14002	1100	3214	0	3750	210	7840	362	10770	384	1840	0	550	0	1292	0	0	6322	4578	1286	0	0	122	0	82	0	0	0	106	0	728	0	0	0	816	0	0	0	1982	0	0	0	0	0	0	0	0	0	0	0	0	0	0	0	0	0	0	0	0	0	0	0	0	0	0	0	
406460	Precuneus_R	418	2644	0	180	0	0	0	230	0	0	0	180	0	0	0	0	0	772	0	5058	0	0	0	0	0	0	0	0	0	450	0	0	704	9736	1472	12198	476	5386	0	2814	0	0	0	18634	602	16652	0	9700	118	13232	0	7686	0	2600	0	9636	92	18018	0	9500	0	1256	0	778	0	2262	6322	0	548	24954	0	0	0	152	0	0	0	184	0	158	0	2834	0	0	0	9378	0	0	0	4548	0	0	0	0	0	0	0	0	0	0	0	0	0	0	0	0	0	0	0	0	668	0	0	0	0	0	
280108	Paracentral_Lobule_L	22872	6536	1264	696	0	0	0	154	0	0	528	0	0	0	0	0	1068	0	12526	23336	0	0	0	0	0	0	0	0	1646	0	382	0	3014	15136	3088	218	360	0	0	0	0	0	1686	222	586	138	130	0	172	0	4242	0	634	0	1352	0	7110	1692	2496	0	782	124	0	112	240	0	4578	548	0	10322	2424	340	2920	130	1102	0	482	410	0	0	522	0	252	0	372	0	0	0	1110	0	0	0	0	0	0	0	0	0	0	0	0	0	0	0	0	0	0	0	0	0	0	0	0	0	0	0	
537488	Paracentral_Lobule_R	10366	26734	1366	402	0	0	646	140	0	0	100	224	90	0	0	0	600	576	200	38694	0	0	0	0	0	0	0	0	3114	384	82	0	426	24350	2070	9006	986	1030	0	1286	0	0	380	5182	0	2996	0	2736	74	4750	538	3802	254	5970	564	11788	4228	46976	122	1382	164	630	0	632	0	462	1286	24954	10322	0	338	568	3244	0	208	0	420	836	84	186	270	1044	0	0	112	2464	0	0	612	4970	0	0	0	0	0	0	0	0	0	0	0	0	0	0	0	0	0	0	0	0	324	0	0	0	0	0	
332588	Caudate_L	13998	3640	5806	5500	134	0	3894	4128	0	0	3712	7082	192	306	0	208	4452	128	6778	7682	6438	6412	302	544	0	1388	1480	2006	11096	1796	9160	5080	284	1316	0	0	1184	190	0	82	0	0	0	0	0	0	0	0	0	0	0	0	0	0	0	266	6664	494	88	570	316	1270	262	1408	0	0	0	0	2424	338	0	8512	10750	1856	2626	0	4864	258	838	0	2886	0	2772	0	0	108	0	0	0	326	0	0	0	0	0	0	0	0	0	0	0	0	0	0	0	0	0	0	0	0	0	0	0	0	0	0	
343172	Caudate_R	1178	3512	1266	21074	0	2394	680	830	0	0	250	2068	0	1020	0	162	0	736	1210	25232	3068	4408	134	14530	0	9252	252	2852	298	2686	2204	22804	0	162	0	0	0	110	0	0	0	0	0	0	0	0	0	0	0	0	0	0	0	0	0	0	308	656	0	414	154	612	126	628	0	0	0	0	340	568	8512	0	1828	15564	0	1700	316	14926	0	94	234	0	234	0	0	0	0	0	0	0	0	0	0	0	0	0	0	0	0	0	0	0	0	0	0	0	0	0	0	0	0	0	0	0	0	0	
251208	Putamen_L	9138	400	12878	370	5020	0	3146	304	342	0	610	0	518	0	2106	0	726	0	5972	8456	2202	2052	804	0	142	0	776	204	20394	0	8046	716	782	3776	0	0	4938	0	114	0	300	0	72	0	0	0	0	0	0	0	0	0	0	0	454	0	1334	0	100	0	108	0	156	0	0	0	122	0	2920	3244	10750	1828	0	326	5684	0	774	0	126	0	634	0	882	0	0	0	0	0	858	0	0	0	0	0	0	0	0	0	0	0	0	0	0	0	0	0	0	0	0	0	0	0	0	0	0	0	
354532	Putamen_R	732	5890	260	23618	0	3936	0	6774	0	404	114	3448	0	1514	0	3708	212	3670	784	13376	280	412	508	10768	0	8076	0	1100	590	19860	982	16140	0	1020	0	0	0	12722	0	3984	0	914	0	0	0	0	0	0	0	0	0	0	0	0	0	6642	142	242	0	118	0	344	0	342	0	0	0	152	130	0	1856	15564	326	0	0	1904	0	970	0	0	102	216	94	0	0	108	0	0	0	2218	0	0	0	0	0	0	0	0	0	0	0	0	0	0	0	0	0	0	0	0	0	0	0	0	0	0	
36500	Pallidum_L	3028	282	324	150	0	0	266	114	0	0	0	0	0	0	0	0	266	0	1076	322	0	0	0	0	0	0	0	0	162	0	0	0	0	212	0	0	0	0	0	0	0	0	0	0	0	0	0	0	0	0	0	0	0	0	0	0	100	0	0	0	0	0	78	0	0	0	82	0	1102	208	2626	0	5684	0	0	0	2046	0	0	0	122	0	0	0	0	0	0	0	0	0	0	0	0	0	0	0	0	0	0	0	0	0	0	0	0	0	0	0	0	0	0	0	0	0	0	0	
15428	Pallidum_R	0	532	0	932	0	0	0	442	0	0	0	0	0	0	0	0	0	0	0	2042	0	0	0	0	0	0	0	0	0	0	0	0	0	0	0	0	0	0	0	0	0	0	0	0	0	0	0	0	0	0	0	0	0	0	0	0	0	0	0	0	0	0	0	0	0	0	0	0	0	0	0	1700	0	1904	0	0	0	162	0	0	0	0	0	0	0	0	0	0	0	0	0	0	0	0	0	0	0	0	0	0	0	0	0	0	0	0	0	0	0	0	0	0	0	0	0	0	
66484	Thalamus_L	8396	830	0	0	0	0	0	0	0	0	0	0	0	0	0	0	0	0	108	366	0	0	0	0	0	0	0	0	744	0	0	0	0	102	794	570	5182	216	328	0	716	0	84	0	0	0	74	0	0	0	0	0	0	0	280	0	638	230	0	0	0	90	0	90	0	0	0	0	482	420	4864	316	774	0	2046	0	0	3968	0	0	72	0	0	0	0	0	0	0	462	0	0	0	0	0	0	0	0	0	0	0	0	0	0	0	0	0	0	0	0	0	0	0	0	0	0	0	
112016	Thalamus_R	1362	5118	0	2560	0	0	0	260	0	0	0	114	0	0	0	0	0	98	0	3688	0	0	0	0	0	0	0	0	122	120	0	86	0	0	3952	3964	3758	5622	834	1424	0	100	0	0	0	0	0	0	0	0	0	0	0	0	238	0	332	224	0	0	130	0	76	0	0	0	0	184	410	836	258	14926	0	970	0	162	3968	0	112	0	0	0	0	0	0	0	0	0	0	0	0	0	0	0	0	0	0	0	0	0	0	0	0	0	0	0	0	0	0	0	0	0	0	0	0	0	
71792	Heschl_L	2024	746	1058	206	0	0	1126	928	0	0	106	206	74	0	0	0	3644	0	256	340	0	0	0	0	0	0	0	0	6828	0	278	0	0	90	106	0	1552	0	0	0	0	0	0	0	0	0	0	0	0	0	444	0	0	0	946	0	3366	0	432	0	150	0	454	0	90	0	106	0	0	84	838	0	126	0	0	0	0	112	0	0	1948	0	0	0	2340	0	0	0	4892	0	0	0	0	0	0	0	0	0	0	0	0	0	0	0	0	0	0	0	0	0	0	0	0	0	0	0	
14932	Heschl_R	0	490	0	0	0	0	0	0	0	0	0	0	0	0	0	0	0	1288	0	94	0	0	0	0	0	0	0	0	0	750	0	0	0	0	0	0	0	0	0	84	0	0	0	0	0	0	0	0	0	0	0	0	0	0	0	74	0	198	0	0	0	0	0	0	0	0	0	158	0	186	0	94	0	0	0	0	0	0	0	0	0	3430	0	0	0	528	0	0	0	92	0	0	0	0	0	0	0	0	0	0	0	0	0	0	0	0	0	0	0	0	0	0	0	0	0	0	
184992	Temporal_Sup_L	3064	392	1718	252	0	0	322	182	0	0	5846	982	0	0	0	0	7732	0	672	566	0	0	0	0	0	0	0	0	9202	188	362	142	0	246	106	0	1246	0	0	0	0	0	0	0	0	0	0	0	0	0	2360	0	0	0	902	0	3724	110	1418	212	2730	416	9238	418	1464	0	728	0	522	270	2886	234	634	102	122	0	72	0	1948	0	0	0	6666	0	14416	0	0	0	7684	0	0	0	0	0	0	0	0	0	0	0	0	0	0	0	0	0	0	0	0	0	0	0	0	0	0	0	
82952	Temporal_Sup_R	0	3972	0	1394	0	0	0	1772	0	0	0	520	0	0	0	0	0	2760	0	530	0	0	0	0	0	0	0	0	0	2018	0	0	0	0	0	0	0	330	0	0	0	0	0	0	0	0	0	0	0	0	0	0	0	0	0	792	0	1514	0	246	0	254	0	7024	0	1194	0	2834	0	1044	0	0	0	216	0	0	0	0	0	3430	0	0	0	772	0	6456	0	84	0	2320	0	0	0	0	0	0	0	0	0	0	0	0	0	0	0	0	0	0	0	0	0	0	0	0	0	0	
90072	Temporal_Pole_Sup_L	404	316	1778	216	408	0	214	126	282	0	5994	966	380	0	1192	0	1674	0	444	252	0	0	108	0	0	0	0	0	7492	184	510	142	0	0	0	0	1170	0	112	0	714	0	0	0	0	0	0	0	0	0	0	0	0	0	394	0	0	0	0	212	0	416	0	418	0	0	0	0	252	0	2772	234	882	94	0	0	0	0	0	0	6666	0	0	0	3134	0	1862	0	2622	0	0	0	0	0	0	0	0	0	0	0	0	0	0	0	0	0	0	0	0	0	0	0	0	0	0	0	
31760	Temporal_Pole_Sup_R	0	0	0	658	0	0	0	0	0	0	0	324	0	0	0	0	0	1006	0	284	0	0	0	0	0	0	0	0	0	1320	0	0	0	0	0	0	0	1248	0	936	0	1306	0	0	0	0	0	0	0	0	0	0	0	0	0	2086	0	0	0	0	0	0	0	0	0	0	0	0	0	0	0	0	0	0	0	0	0	0	0	0	0	772	0	0	0	1080	0	3082	0	1778	0	0	0	0	0	0	0	0	0	0	0	0	0	0	0	0	0	0	0	0	0	0	0	0	0	0	
244468	Temporal_Mid_L	692	312	0	0	0	0	0	206	0	0	0	0	0	0	0	0	1874	0	0	124	0	0	0	0	0	0	0	0	2518	0	0	0	0	0	524	0	3374	0	0	0	116	0	784	0	0	0	0	0	148	0	18430	0	3684	0	3158	0	1858	96	2100	0	8072	0	6782	0	13036	0	816	0	372	112	0	0	0	0	0	0	0	0	2340	0	14416	0	3134	0	0	0	2582	0	30574	0	0	0	0	0	0	0	0	0	0	0	0	0	0	0	0	0	0	0	0	0	0	0	0	0	0	0	
117536	Temporal_Mid_R	0	1366	94	412	0	0	0	690	0	0	0	324	0	0	0	0	0	180	0	116	0	0	0	0	0	0	0	0	104	1022	0	0	0	0	0	0	0	466	0	0	0	0	0	346	0	0	0	0	0	1312	0	6286	0	2116	0	2114	0	2618	0	0	0	604	0	3282	0	6894	0	9378	0	2464	108	0	0	108	0	0	0	0	0	528	0	6456	0	1080	0	0	0	360	0	7940	0	0	0	0	0	0	0	0	0	0	0	0	0	0	0	0	0	0	0	0	0	0	0	0	0	0	
14936	Temporal_Pole_Mid_L	0	0	0	0	0	0	0	0	0	0	0	0	0	0	0	0	0	0	0	0	0	0	0	0	0	0	0	0	0	0	0	0	0	0	0	0	112	0	0	0	112	0	0	0	0	0	0	0	0	0	0	0	0	0	200	0	0	0	0	0	0	0	0	0	0	0	0	0	0	0	0	0	0	0	0	0	0	0	0	0	0	0	1862	0	2582	0	0	0	2600	0	0	0	0	0	0	0	0	0	0	0	0	0	0	0	0	0	0	0	0	0	0	0	0	0	0	0	
13304	Temporal_Pole_Mid_R	0	0	0	0	0	0	0	0	0	0	0	0	0	0	0	0	0	0	0	0	0	0	0	0	0	0	0	0	0	0	0	0	0	0	0	0	0	132	0	494	0	206	0	0	0	0	0	0	0	0	0	0	0	0	0	1190	0	0	0	0	0	0	0	0	0	0	0	0	0	0	0	0	0	0	0	0	0	0	0	0	0	84	0	3082	0	360	0	0	0	1104	0	0	0	0	0	0	0	0	0	0	0	0	0	0	0	0	0	0	0	0	0	0	0	0	0	0	
280748	Temporal_Inf_L	3328	940	132	140	0	0	310	634	0	0	0	0	0	0	0	0	2746	0	0	688	0	0	0	0	0	0	0	0	8072	0	0	0	0	416	2126	186	14166	0	312	0	1614	0	468	0	0	0	0	0	248	0	10922	0	1982	0	12858	0	3384	154	3564	0	6190	0	3512	0	5310	0	1982	0	1110	612	0	0	858	0	0	0	462	0	4892	0	7684	0	2622	0	30574	0	2600	0	0	0	1700	0	386	0	0	0	0	0	490	0	0	0	0	0	0	0	0	0	0	0	0	0	0	0	0	0	
188872	Temporal_Inf_R	0	8068	262	2692	0	0	0	3710	0	0	0	566	0	0	0	0	0	322	0	1070	0	0	0	0	0	0	0	0	318	1978	0	0	0	0	0	0	0	6494	0	438	0	1724	0	914	0	160	0	246	0	210	0	494	0	5884	0	19812	0	5082	0	226	0	810	0	2710	0	538	0	4548	0	4970	326	0	0	2218	0	0	0	0	0	92	0	2320	0	1778	0	7940	0	1104	0	0	0	2996	0	578	0	0	0	106	0	536	0	90	0	106	0	0	0	0	0	0	0	0	0	0	0	0	
596632	Cerebelum_Crus1_L	0	0	0	0	0	0	0	0	0	0	0	0	0	0	0	0	0	0	0	0	0	0	0	0	0	0	0	0	0	0	0	0	0	0	0	0	0	0	0	0	0	0	116	0	0	0	22834	2658	0	0	0	0	0	0	21810	1688	0	0	0	0	0	0	0	0	0	0	0	0	0	0	0	0	0	0	0	0	0	0	0	0	0	0	0	0	0	0	0	0	1700	0	0	2244	53080	3704	1318	1034	25334	2222	62572	6520	17062	228	21216	4410	5262	2466	650	376	1462	1650	8334	12598	7086	3614	2154	914	
381704	Cerebelum_Crus1_R	0	0	0	0	0	0	0	0	0	0	0	0	0	0	0	0	0	0	0	0	0	0	0	0	0	0	0	0	0	0	0	0	0	0	0	0	0	0	0	0	0	0	92	0	0	0	2154	7528	0	0	0	0	0	0	88	22236	0	0	0	0	0	0	0	0	0	0	0	0	0	0	0	0	0	0	0	0	0	0	0	0	0	0	0	0	0	0	0	0	0	2996	2244	0	1176	34782	0	406	2980	9806	4086	44012	132	11118	764	19848	228	284	0	830	82	0	6628	9172	6172	592	416	0	
495660	Cerebelum_Crus2_L	0	0	0	0	0	0	0	0	0	0	0	0	0	0	0	0	0	0	0	0	0	0	0	0	0	0	0	0	0	0	0	0	0	0	0	0	0	0	0	0	0	0	90	0	0	0	4916	484	0	0	0	0	0	0	3998	336	0	0	0	0	0	0	0	0	0	0	0	0	0	0	0	0	0	0	0	0	0	0	0	0	0	0	0	0	0	0	0	0	386	0	53080	1176	0	15482	1334	978	8062	1282	14670	2046	38718	5560	37782	10546	7928	2910	2260	1074	562	874	2594	3790	15608	6910	1812	582	
407376	Cerebelum_Crus2_R	0	0	0	0	0	0	0	0	0	0	0	0	0	0	0	0	0	0	0	0	0	0	0	0	0	0	0	0	0	0	0	0	0	0	0	0	0	0	0	0	0	0	82	0	0	0	1920	846	0	0	0	0	0	0	0	2432	0	0	0	0	0	0	0	0	0	0	0	0	0	0	0	0	0	0	0	0	0	0	0	0	0	0	0	0	0	0	0	0	0	578	3704	34782	15482	0	1008	1174	3952	3390	1410	8420	6774	27844	9574	39278	4162	4422	0	2782	514	808	3192	1256	16354	5604	1684	260	
65860	Cerebelum_3_L	0	0	0	0	0	0	0	0	0	0	0	0	0	0	0	0	0	0	0	0	0	0	0	0	0	0	0	0	0	0	0	0	0	0	0	0	0	0	0	0	0	0	0	0	0	0	510	0	0	0	0	0	0	0	0	0	0	0	0	0	0	0	0	0	0	0	0	0	0	0	0	0	0	0	0	0	0	0	0	0	0	0	0	0	0	0	0	0	0	0	1318	0	1334	1008	0	978	8580	168	718	86	218	106	1858	954	2598	1346	260	0	1826	2944	2252	330	1400	954	876	308	
75880	Cerebelum_3_R	0	0	0	0	0	0	0	0	0	0	0	0	0	0	0	0	0	0	0	0	0	0	0	0	0	0	0	0	0	0	0	0	0	0	0	0	0	0	0	0	0	0	0	0	0	0	716	0	0	0	0	0	0	0	0	160	0	0	0	0	0	0	0	0	0	0	0	0	0	0	0	0	0	0	0	0	0	0	0	0	0	0	0	0	0	0	0	0	0	0	1034	406	978	1174	978	0	2754	3324	468	1478	72	0	1858	1356	1730	3246	0	0	526	5112	4622	146	1674	1888	1926	314	
415328	Cerebelum_4_5_L	0	0	0	0	0	0	0	0	0	0	0	0	0	0	0	0	0	0	0	0	0	0	0	0	0	0	0	0	0	0	0	0	0	0	0	0	0	0	182	0	0	0	94	0	0	0	20570	2376	0	0	0	0	0	0	7086	2668	0	0	0	0	0	0	0	0	0	0	0	0	0	0	0	0	0	0	0	0	0	0	0	0	0	0	0	0	0	0	0	0	0	0	25334	2980	8062	3952	8580	2754	0	6206	31802	6482	3520	266	11616	4804	9898	3900	460	324	2024	4122	18654	5632	5020	3968	3050	1278	
208468	Cerebelum_4_5_R	0	0	0	0	0	0	0	0	0	0	0	0	0	0	0	0	0	0	0	0	0	0	0	0	0	0	0	0	0	0	0	0	0	0	0	0	0	74	0	118	0	0	348	0	0	0	2140	6040	0	0	0	0	0	0	184	8936	0	0	0	0	0	0	0	0	0	0	0	0	0	0	0	0	0	0	0	0	0	0	0	0	0	0	0	0	0	0	0	0	0	106	2222	9806	1282	3390	168	3324	6206	0	2764	22816	556	378	2594	4486	1062	1602	0	272	144	434	15254	1348	2356	2116	1626	82	
488460	Cerebelum_6_L	0	0	0	0	0	0	0	0	0	0	0	0	0	0	0	0	0	0	0	0	0	0	0	0	0	0	0	0	0	0	0	0	0	0	0	0	0	0	0	0	0	0	0	0	0	0	27624	4134	0	0	0	0	0	88	22874	3486	0	0	0	0	0	0	0	0	0	0	0	0	0	0	0	0	0	0	0	0	0	0	0	0	0	0	0	0	0	0	0	0	490	0	62572	4086	14670	1410	718	468	31802	2764	0	9538	7046	72	8690	1874	2546	958	212	180	1230	1240	10504	16448	3838	1284	862	522	
406360	Cerebelum_6_R	0	0	0	0	0	0	0	0	0	0	0	0	0	0	0	0	0	0	0	0	0	0	0	0	0	0	0	0	0	0	0	0	0	0	0	0	0	0	0	0	0	0	208	0	0	0	4908	13134	0	0	0	0	0	260	1206	27302	0	0	0	0	0	0	0	0	0	0	0	0	0	0	0	0	0	0	0	0	0	0	0	0	0	0	0	0	0	0	0	0	0	536	6520	44012	2046	8420	86	1478	6482	22816	9538	0	430	2076	1782	9006	438	320	0	1144	174	154	13432	15860	7690	1012	710	0	
306420	Cerebelum_7b_L	0	0	0	0	0	0	0	0	0	0	0	0	0	0	0	0	0	0	0	0	0	0	0	0	0	0	0	0	0	0	0	0	0	0	0	0	0	0	0	0	0	0	0	0	0	0	666	92	0	0	0	0	0	0	1842	94	0	0	0	0	0	0	0	0	0	0	0	0	0	0	0	0	0	0	0	0	0	0	0	0	0	0	0	0	0	0	0	0	0	0	17062	132	38718	6774	218	72	3520	556	7046	430	0	2434	37442	8424	4658	1850	2614	748	100	0	1330	370	7296	7854	704	164	
173220	Cerebelum_7b_R	0	0	0	0	0	0	0	0	0	0	0	0	0	0	0	0	0	0	0	0	0	0	0	0	0	0	0	0	0	0	0	0	0	0	0	0	0	0	0	0	0	0	0	0	0	0	90	170	0	0	0	0	0	0	0	1180	0	0	0	0	0	0	0	0	0	0	0	0	0	0	0	0	0	0	0	0	0	0	0	0	0	0	0	0	0	0	0	0	0	90	228	11118	5560	27844	106	0	266	378	72	2076	2434	0	1908	24170	268	1826	0	1352	0	0	290	160	3996	1028	0	0	
480452	Cerebelum_8_L	0	0	0	0	0	0	0	0	0	0	0	0	0	0	0	0	0	0	0	0	0	0	0	0	0	0	0	0	0	0	0	0	0	0	0	0	0	0	0	0	0	0	0	0	0	0	3296	526	0	0	0	0	0	0	1330	520	0	0	0	0	0	0	0	0	0	0	0	0	0	0	0	0	0	0	0	0	0	0	0	0	0	0	0	0	0	0	0	0	0	0	21216	764	37782	9574	1858	1858	11616	2594	8690	1782	37442	1908	0	15796	25166	7240	5062	1230	704	1652	5112	1304	11198	15630	6236	1140	
430528	Cerebelum_8_R	0	0	0	0	0	0	0	0	0	0	0	0	0	0	0	0	0	0	0	0	0	0	0	0	0	0	0	0	0	0	0	0	0	0	0	0	0	0	0	0	0	0	110	0	0	0	1814	874	0	0	0	0	0	0	76	2704	0	0	0	0	0	0	0	0	0	0	0	0	0	0	0	0	0	0	0	0	0	0	0	0	0	0	0	0	0	0	0	0	0	106	4410	19848	10546	39278	954	1356	4804	4486	1874	9006	8424	24170	15796	0	4702	17418	0	5954	378	764	4676	1602	12200	12754	3962	218	
210436	Cerebelum_9_L	0	0	0	0	0	0	0	0	0	0	0	0	0	0	0	0	0	0	0	0	0	0	0	0	0	0	0	0	0	0	0	0	0	0	0	0	0	0	0	0	0	0	0	0	0	0	3094	0	0	0	0	0	0	0	104	0	0	0	0	0	0	0	0	0	0	0	0	0	0	0	0	0	0	0	0	0	0	0	0	0	0	0	0	0	0	0	0	0	0	0	5262	228	7928	4162	2598	1730	9898	1062	2546	438	4658	268	25166	4702	0	4670	5538	308	654	1706	3054	876	4988	4418	4464	698	
183680	Cerebelum_9_R	0	0	0	0	0	0	0	0	0	0	0	0	0	0	0	0	0	0	0	0	0	0	0	0	0	0	0	0	0	0	0	0	0	0	0	0	0	0	0	0	0	0	0	0	0	0	1446	0	0	0	0	0	0	0	0	0	0	0	0	0	0	0	0	0	0	0	0	0	0	0	0	0	0	0	0	0	0	0	0	0	0	0	0	0	0	0	0	0	0	0	2466	284	2910	4422	1346	3246	3900	1602	958	320	1850	1826	7240	17418	4670	0	0	3962	888	3088	4256	878	4438	8880	7788	1758	
34300	Cerebelum_10_L	0	0	0	0	0	0	0	0	0	0	0	0	0	0	0	0	0	0	0	0	0	0	0	0	0	0	0	0	0	0	0	0	0	0	0	0	0	0	0	0	0	0	0	0	0	0	0	0	0	0	0	0	0	0	0	0	0	0	0	0	0	0	0	0	0	0	0	0	0	0	0	0	0	0	0	0	0	0	0	0	0	0	0	0	0	0	0	0	0	0	650	0	2260	0	260	0	460	0	212	0	2614	0	5062	0	5538	0	0	0	0	0	94	0	0	0	0	0	
47992	Cerebelum_10_R	0	0	0	0	0	0	0	0	0	0	0	0	0	0	0	0	0	0	0	0	0	0	0	0	0	0	0	0	0	0	0	0	0	0	0	0	0	0	0	0	0	0	0	0	0	0	106	154	0	0	0	0	0	0	0	190	0	0	0	0	0	0	0	0	0	0	0	0	0	0	0	0	0	0	0	0	0	0	0	0	0	0	0	0	0	0	0	0	0	0	376	830	1074	2782	0	0	324	272	180	1144	748	1352	1230	5954	308	3962	0	0	0	0	298	158	1226	1030	298	0	
47160	Vermis_1_2	0	0	0	0	0	0	0	0	0	0	0	0	0	0	0	0	0	0	0	0	0	0	0	0	0	0	0	0	0	0	0	0	0	0	0	0	0	0	0	0	0	0	0	0	0	0	828	0	0	0	0	0	0	0	0	0	0	0	0	0	0	0	0	0	0	0	0	0	0	0	0	0	0	0	0	0	0	0	0	0	0	0	0	0	0	0	0	0	0	0	1462	82	562	514	1826	526	2024	144	1230	174	100	0	704	378	654	888	0	0	0	4956	2948	388	944	948	956	344	
84108	Vermis_3	0	0	0	0	0	0	0	0	0	0	0	0	0	0	0	0	0	0	0	0	0	0	0	0	0	0	0	0	0	0	0	0	0	0	0	0	0	0	96	0	0	0	0	0	0	0	1138	0	0	0	0	0	0	0	0	0	0	0	0	0	0	0	0	0	0	0	0	0	0	0	0	0	0	0	0	0	0	0	0	0	0	0	0	0	0	0	0	0	0	0	1650	0	874	808	2944	5112	4122	434	1240	154	0	0	1652	764	1706	3088	0	0	4956	0	5614	262	1420	1680	1808	532	
299636	Vermis_4_5	0	0	0	0	0	0	0	0	0	0	0	0	0	0	0	0	0	0	0	248	0	0	0	0	0	0	0	0	0	0	0	0	0	316	0	478	0	0	0	0	0	0	352	306	0	0	6080	4762	0	0	0	0	0	0	1112	4996	0	0	0	0	0	0	0	0	0	0	0	668	0	324	0	0	0	0	0	0	0	0	0	0	0	0	0	0	0	0	0	0	0	0	8334	6628	2594	3192	2252	4622	18654	15254	10504	13432	1330	290	5112	4676	3054	4256	94	298	2948	5614	0	4700	3694	3580	3496	1568	
219548	Vermis_6	0	0	0	0	0	0	0	0	0	0	0	0	0	0	0	0	0	0	0	0	0	0	0	0	0	0	0	0	0	0	0	0	0	0	0	0	0	0	0	0	0	0	0	0	0	0	6554	6510	0	0	0	0	0	242	2334	5478	0	0	0	0	0	0	0	0	0	0	0	0	0	0	0	0	0	0	0	0	0	0	0	0	0	0	0	0	0	0	0	0	0	0	12598	9172	3790	1256	330	146	5632	1348	16448	15860	370	160	1304	1602	876	878	0	158	388	262	4700	0	7052	908	902	2516	
