data	data	415172	384132	674956	502472	90444	56628	329660	206924	67736	26292	239748	159508	238336	93820	112684	58316	247192	97240	667716	589260	41992	52584	243008	251808	20756	63792	31168	78220	517080	266752	253848	454724	112688	362324	250560	216416	334760	276412	93040	135336	39520	43428	318332	463760	191628	404272	278000	308712	219324	395492	525612	212124	98496	99796	352700	420964	330460	362968	148424	334156	212632	106324	89688	102132	150108	140012	340912	539280	158632	237248	216884	335228	236184	253960	31524	29952	186792	188896	84448	39960	197520	137484	80672	53468	367404	289584	28740	20440	264552	277916	636768	557768	334292	429832	26508	44204	252676	213416	576412	514680	271096	244088	366548	352136	105620	97064	18448	20784	32024	64136	188740	229040	349260	87628	57276	23556	
data	data	Precentral_L	Precentral_R	Frontal_Sup_L	Frontal_Sup_R	Frontal_Sup_Orb_L	Frontal_Sup_Orb_R	Frontal_Mid_L	Frontal_Mid_R	Frontal_Mid_Orb_L	Frontal_Mid_Orb_R	Frontal_Inf_Oper_L	Frontal_Inf_Oper_R	Frontal_Inf_Tri_L	Frontal_Inf_Tri_R	Frontal_Inf_Orb_L	Frontal_Inf_Orb_R	Rolandic_Oper_L	Rolandic_Oper_R	Supp_Motor_Area_L	Supp_Motor_Area_R	Olfactory_L	Olfactory_R	Frontal_Sup_Medial_L	Frontal_Sup_Medial_R	Frontal_Med_Orb_L	Frontal_Med_Orb_R	Rectus_L	Rectus_R	Insula_L	Insula_R	Cingulum_Ant_L	Cingulum_Ant_R	Cingulum_Mid_L	Cingulum_Mid_R	Cingulum_Post_L	Cingulum_Post_R	Hippocampus_L	Hippocampus_R	ParaHippocampal_L	ParaHippocampal_R	Amygdala_L	Amygdala_R	Calcarine_L	Calcarine_R	Cuneus_L	Cuneus_R	Lingual_L	Lingual_R	Occipital_Sup_L	Occipital_Sup_R	Occipital_Mid_L	Occipital_Mid_R	Occipital_Inf_L	Occipital_Inf_R	Fusiform_L	Fusiform_R	Postcentral_L	Postcentral_R	Parietal_Sup_L	Parietal_Sup_R	Parietal_Inf_L	Parietal_Inf_R	SupraMarginal_L	SupraMarginal_R	Angular_L	Angular_R	Precuneus_L	Precuneus_R	Paracentral_Lobule_L	Paracentral_Lobule_R	Caudate_L	Caudate_R	Putamen_L	Putamen_R	Pallidum_L	Pallidum_R	Thalamus_L	Thalamus_R	Heschl_L	Heschl_R	Temporal_Sup_L	Temporal_Sup_R	Temporal_Pole_Sup_L	Temporal_Pole_Sup_R	Temporal_Mid_L	Temporal_Mid_R	Temporal_Pole_Mid_L	Temporal_Pole_Mid_R	Temporal_Inf_L	Temporal_Inf_R	Cerebelum_Crus1_L	Cerebelum_Crus1_R	Cerebelum_Crus2_L	Cerebelum_Crus2_R	Cerebelum_3_L	Cerebelum_3_R	Cerebelum_4_5_L	Cerebelum_4_5_R	Cerebelum_6_L	Cerebelum_6_R	Cerebelum_7b_L	Cerebelum_7b_R	Cerebelum_8_L	Cerebelum_8_R	Cerebelum_9_L	Cerebelum_9_R	Cerebelum_10_L	Cerebelum_10_R	Vermis_1_2	Vermis_3	Vermis_4_5	Vermis_6	Vermis_7	Vermis_8	Vermis_9	Vermis_10	
415172	Precentral_L	0	11202	8590	292	0	0	7662	0	0	0	10562	0	1764	0	0	0	9528	0	13558	5810	0	0	0	0	0	0	0	0	5766	0	168	216	298	4516	12752	5196	9188	274	152	0	0	0	5198	0	242	0	770	0	0	0	2818	0	120	0	0	0	26766	68	232	0	1542	0	238	0	186	0	6274	122	15142	5790	2386	2154	3896	0	1350	0	16852	4190	1524	0	1140	0	0	0	700	0	0	0	392	0	0	0	0	0	0	0	0	0	0	0	0	0	0	0	0	0	0	0	0	0	0	0	0	0	0	0	
384132	Precentral_R	11202	0	496	4014	0	0	0	10590	0	0	100	6476	0	0	0	0	88	2046	4298	13106	0	0	0	74	0	0	0	0	254	2626	156	782	582	6302	2454	8896	0	12110	0	758	0	0	0	4674	0	654	0	4946	0	410	0	348	0	82	0	880	108	11480	0	2178	0	0	0	676	0	0	0	10990	1364	16152	962	14026	124	7168	0	1406	1506	22438	0	100	0	484	0	0	0	734	0	0	0	642	0	0	0	0	0	0	0	0	0	0	0	0	0	0	0	0	0	0	0	0	124	0	0	0	0	0	
674956	Frontal_Sup_L	8590	496	0	11140	6800	0	44052	212	4288	0	15080	926	15824	312	7034	0	10824	76	67424	15898	968	0	34474	1498	440	96	0	0	30020	1054	20422	5932	3898	1580	382	0	624	574	112	0	86	0	0	0	0	0	0	350	0	0	0	0	0	0	0	0	1696	0	0	0	0	0	0	0	0	0	0	346	790	0	6270	3390	8004	470	1184	0	508	778	256	0	684	0	1616	0	0	0	0	0	0	0	0	0	0	0	0	0	0	0	0	0	0	0	0	0	0	0	0	0	0	0	0	0	0	0	0	0	
502472	Frontal_Sup_R	292	4014	11140	0	0	2790	118	19734	0	318	502	6616	0	2604	0	1900	392	4212	14462	42112	0	158	7872	31428	158	2680	0	1756	910	9880	2628	32932	222	10786	0	106	0	990	0	110	0	0	0	84	0	0	0	574	0	0	0	0	0	0	0	0	0	92	0	0	0	0	0	0	0	0	0	500	0	0	3018	15566	884	12432	0	1646	0	1880	0	68	110	108	200	252	0	0	0	0	0	0	0	0	0	0	0	0	0	0	0	0	0	0	0	0	0	0	0	0	0	0	0	0	0	0	0	0	
90444	Frontal_Sup_Orb_L	0	0	6800	0	0	0	1680	0	8328	0	74	0	134	0	8776	0	0	0	0	0	1182	0	2038	0	1314	0	3664	0	5096	0	2600	0	0	0	0	0	0	0	0	0	116	0	0	0	0	0	0	0	0	0	0	0	0	0	0	0	0	0	0	0	0	0	0	0	0	0	0	0	0	0	246	0	2942	0	0	0	0	0	0	0	0	0	232	0	0	0	0	0	0	0	0	0	0	0	0	0	0	0	0	0	0	0	0	0	0	0	0	0	0	0	0	0	0	0	0	0	
56628	Frontal_Sup_Orb_R	0	0	0	2790	0	0	0	126	0	1798	0	0	0	0	0	794	0	0	0	0	0	516	210	2962	92	6368	0	7742	0	200	248	1574	0	0	0	0	0	0	0	0	0	0	0	0	0	0	0	0	0	0	0	0	0	0	0	0	0	0	0	0	0	0	0	0	0	0	0	0	0	0	0	1252	0	1642	0	0	0	0	0	0	0	0	0	0	0	0	0	0	0	0	0	0	0	0	0	0	0	0	0	0	0	0	0	0	0	0	0	0	0	0	0	0	0	0	0	0	
329660	Frontal_Mid_L	7662	0	44052	118	1680	0	0	0	3222	0	8604	0	34568	0	8538	0	1454	0	10826	166	584	0	11370	98	0	0	0	0	18630	0	6224	152	2768	0	0	0	294	0	0	0	80	0	0	0	0	0	0	0	0	0	0	0	0	0	0	0	664	0	0	0	0	0	0	0	0	0	0	0	270	0	182	210	1218	0	236	0	302	0	88	0	204	0	366	0	0	0	0	0	0	0	0	0	0	0	0	0	0	0	0	0	0	0	0	0	0	0	0	0	0	0	0	0	0	0	0	0	
206924	Frontal_Mid_R	0	10590	212	19734	0	126	0	0	0	822	0	9326	0	8568	0	4722	0	2384	1614	9176	0	0	326	3600	0	0	0	0	0	9306	864	5882	0	4396	0	0	0	1602	0	238	0	0	0	0	0	0	0	414	0	0	0	0	0	0	0	92	0	0	0	0	0	0	0	0	0	0	0	348	0	0	112	888	86	5734	0	572	0	1562	0	0	0	80	0	86	0	0	0	0	0	0	0	0	0	0	0	0	0	0	0	0	0	0	0	0	0	0	0	0	0	0	0	0	0	0	0	0	
67736	Frontal_Mid_Orb_L	0	0	4288	0	8328	0	3222	0	0	0	0	0	1032	0	12062	0	0	0	0	0	540	0	0	0	0	0	802	0	3040	0	0	0	0	0	0	0	0	0	0	0	0	0	0	0	0	0	0	0	0	0	0	0	0	0	0	0	0	0	0	0	0	0	0	0	0	0	0	0	0	0	0	0	374	0	0	0	0	0	0	0	0	0	180	0	0	0	0	0	0	0	0	0	0	0	0	0	0	0	0	0	0	0	0	0	0	0	0	0	0	0	0	0	0	0	0	0	
26292	Frontal_Mid_Orb_R	0	0	0	318	0	1798	0	822	0	0	0	0	0	276	0	5308	0	0	0	0	0	0	0	0	0	198	0	652	0	1536	0	0	0	0	0	0	0	0	0	0	0	0	0	0	0	0	0	0	0	0	0	0	0	0	0	0	0	0	0	0	0	0	0	0	0	0	0	0	0	0	0	70	0	2168	0	0	0	0	0	0	0	0	0	0	0	0	0	0	0	0	0	0	0	0	0	0	0	0	0	0	0	0	0	0	0	0	0	0	0	0	0	0	0	0	0	0	
239748	Frontal_Inf_Oper_L	10562	100	15080	502	74	0	8604	0	0	0	0	390	14358	0	0	0	10148	0	12374	546	0	0	1262	0	0	0	0	0	21674	386	3004	254	396	0	0	0	768	0	82	0	0	0	0	0	0	0	0	0	0	0	0	0	0	0	0	0	5442	0	0	0	0	0	0	0	0	0	0	0	0	0	1166	868	5190	234	0	0	0	0	338	0	2268	0	3804	0	0	0	0	0	0	0	0	0	0	0	0	0	0	0	0	0	0	0	0	0	0	0	0	0	0	0	0	0	0	0	0	0	
159508	Frontal_Inf_Oper_R	0	6476	926	6616	0	0	0	9326	0	0	390	0	0	6802	0	0	224	4484	2116	5186	0	0	0	1808	0	0	0	0	248	14798	0	6454	0	1924	0	0	0	512	0	118	0	0	0	0	0	0	0	0	0	0	0	0	0	0	0	110	0	714	0	0	0	0	0	0	0	0	0	0	0	0	676	1172	694	5522	0	652	0	994	0	0	92	138	152	304	0	0	0	0	0	126	0	0	0	0	0	0	0	0	0	0	0	0	0	0	0	0	0	0	0	0	0	0	0	0	0	0	
238336	Frontal_Inf_Tri_L	1764	0	15824	0	134	0	34568	0	1032	0	14358	0	0	0	9088	0	1386	0	5160	0	0	0	3176	0	0	0	0	0	23670	0	4038	74	1158	0	0	0	110	0	0	0	0	0	0	0	0	0	0	0	0	0	0	0	0	0	0	0	718	0	0	0	0	0	0	0	0	0	0	0	0	0	176	0	1300	0	0	0	0	0	0	0	680	0	754	0	0	0	0	0	0	0	0	0	0	0	0	0	0	0	0	0	0	0	0	0	0	0	0	0	0	0	0	0	0	0	0	0	
93820	Frontal_Inf_Tri_R	0	0	312	2604	0	0	0	8568	0	276	0	6802	0	0	0	4786	0	108	1252	1496	0	0	112	1278	0	0	0	0	0	9702	0	6712	0	2108	0	0	0	0	0	0	0	0	0	0	0	0	0	0	0	0	0	0	0	0	0	0	0	0	0	0	0	0	0	0	0	0	0	0	0	0	142	100	260	292	0	0	0	0	0	0	0	0	0	0	0	0	0	0	0	0	0	0	0	0	0	0	0	0	0	0	0	0	0	0	0	0	0	0	0	0	0	0	0	0	0	0	
112684	Frontal_Inf_Orb_L	0	0	7034	0	8776	0	8538	0	12062	0	0	0	9088	0	0	0	0	0	0	0	972	0	0	0	0	0	400	0	7704	0	88	0	164	0	0	0	0	0	82	0	0	0	0	0	0	0	0	0	0	0	0	0	0	0	0	0	0	0	0	0	0	0	0	0	0	0	0	0	0	0	118	0	878	0	0	0	0	0	0	0	0	0	438	0	0	0	0	0	0	0	0	0	0	0	0	0	0	0	0	0	0	0	0	0	0	0	0	0	0	0	0	0	0	0	0	0	
58316	Frontal_Inf_Orb_R	0	0	0	1900	0	794	0	4722	0	5308	0	0	0	4786	0	0	0	0	0	0	0	132	0	204	0	112	0	230	0	6078	0	946	0	0	0	0	0	0	0	0	0	0	0	0	0	0	0	0	0	0	0	0	0	0	0	0	0	0	0	0	0	0	0	0	0	0	0	0	0	0	0	0	0	2812	0	0	0	0	0	0	0	428	0	706	0	0	0	0	0	0	0	0	0	0	0	0	0	0	0	0	0	0	0	0	0	0	0	0	0	0	0	0	0	0	0	0	
247192	Rolandic_Oper_L	9528	88	10824	392	0	0	1454	0	0	0	10148	224	1386	0	0	0	0	0	12318	440	0	0	344	0	0	0	0	0	23034	222	654	158	0	0	142	0	4544	0	0	0	0	0	100	0	0	0	98	0	0	0	822	0	224	0	0	0	11244	0	0	0	4178	0	6558	0	558	0	188	0	126	0	1260	874	1820	244	76	0	1050	0	6130	0	7428	0	2440	0	1728	0	0	0	550	0	0	0	0	0	0	0	0	0	0	0	0	0	0	0	0	0	0	0	0	0	0	0	0	0	0	0	
97240	Rolandic_Oper_R	0	2046	76	4212	0	0	0	2384	0	0	0	4484	0	108	0	0	0	0	512	3702	0	0	0	152	0	0	0	0	0	13742	80	1122	0	0	0	104	0	2444	0	0	0	0	0	200	0	0	0	0	0	0	0	0	0	0	0	86	0	2368	0	204	0	0	0	1540	0	0	0	226	0	0	0	568	0	2640	0	384	0	228	0	1306	0	2942	0	482	0	134	0	0	0	144	0	0	0	0	0	0	0	0	0	0	0	0	0	0	0	0	0	0	0	0	0	0	0	0	0	0	
667716	Supp_Motor_Area_L	13558	4298	67424	14462	0	0	10826	1614	0	0	12374	2116	5160	1252	0	0	12318	512	0	47640	0	0	3160	1372	0	0	0	0	16782	2008	8740	11154	7658	19046	1546	292	2936	744	274	0	92	0	0	68	0	0	0	300	0	0	310	0	0	0	96	0	6412	0	0	0	160	0	78	0	262	0	134	466	3774	896	11724	4808	10624	910	4200	106	12876	1222	1336	0	1520	0	1256	0	774	0	0	0	188	0	0	0	0	0	0	0	0	0	0	0	0	0	0	0	0	0	0	0	0	0	0	0	0	0	0	0	
589260	Supp_Motor_Area_R	5810	13106	15898	42112	0	0	166	9176	0	0	546	5186	0	1496	0	0	440	3702	47640	0	0	0	1278	6864	0	0	0	0	760	5622	1508	16240	5060	38800	868	7438	0	792	0	0	0	0	0	2936	0	368	0	496	0	212	0	236	0	0	0	238	82	1668	0	340	0	120	0	306	0	0	72	6374	2400	18448	2792	16502	858	3918	0	1154	0	3358	0	0	120	172	222	178	0	446	0	0	0	106	0	0	0	0	0	0	0	0	0	0	0	0	0	0	0	0	0	0	0	0	0	0	0	0	0	0	
41992	Olfactory_L	0	0	968	0	1182	0	584	0	540	0	0	0	0	0	972	0	0	0	0	0	0	1984	0	0	514	0	1334	1178	2016	0	1826	1160	0	0	0	0	338	0	190	0	570	0	0	0	0	0	0	0	0	0	0	0	0	0	0	0	0	0	0	0	0	0	0	0	0	0	0	0	0	0	2926	772	1658	198	0	0	0	0	0	0	0	0	86	0	0	0	0	0	0	0	0	0	0	0	0	0	0	0	0	0	0	0	0	0	0	0	0	0	0	0	0	0	0	0	0	0	
52584	Olfactory_R	0	0	0	158	0	516	0	0	0	0	0	0	0	0	0	132	0	0	0	0	1984	0	0	182	0	512	850	2836	0	1054	2284	2930	0	0	0	0	0	0	0	0	0	102	0	0	0	0	0	0	0	0	0	0	0	0	0	0	0	0	0	0	0	0	0	0	0	0	0	0	0	0	4828	3900	2896	1128	0	0	0	0	0	0	0	0	0	0	0	0	0	0	0	0	0	0	0	0	0	0	0	0	0	0	0	0	0	0	0	0	0	0	0	0	0	0	0	0	0	0	
243008	Frontal_Sup_Medial_L	0	0	34474	7872	2038	210	11370	326	0	0	1262	0	3176	112	0	0	344	0	3160	1278	0	0	0	15682	1048	628	72	120	3084	146	15920	9088	4194	4938	0	0	0	0	0	0	0	0	0	0	0	0	0	0	0	0	0	0	0	0	0	0	0	0	0	0	0	0	0	0	0	0	0	0	0	0	204	134	304	0	0	0	0	0	0	0	164	0	156	0	0	0	0	0	0	0	0	0	0	0	0	0	0	0	0	0	0	0	0	0	0	0	0	0	0	0	0	0	0	0	0	0	
251808	Frontal_Sup_Medial_R	0	74	1498	31428	0	2962	98	3600	0	0	0	1808	0	1278	0	204	0	152	1372	6864	0	182	15682	0	640	5720	0	2734	220	2696	2802	24816	92	10214	0	0	0	0	0	0	0	0	0	0	0	0	0	0	0	0	0	0	0	0	0	0	0	0	0	0	0	0	0	0	0	0	0	0	0	0	230	4352	0	4186	0	0	0	0	0	0	0	0	0	0	0	0	0	0	0	0	0	0	0	0	0	0	0	0	0	0	0	0	0	0	0	0	0	0	0	0	0	0	0	0	0	0	
20756	Frontal_Med_Orb_L	0	0	440	158	1314	92	0	0	0	0	0	0	0	0	0	0	0	0	0	0	514	0	1048	640	0	776	1250	94	0	0	2408	270	0	0	0	0	0	0	0	0	0	0	0	0	0	0	0	0	0	0	0	0	0	0	0	0	0	0	0	0	0	0	0	0	0	0	0	0	0	0	942	0	432	0	0	0	0	0	0	0	0	0	0	0	0	0	0	0	0	0	0	0	0	0	0	0	0	0	0	0	0	0	0	0	0	0	0	0	0	0	0	0	0	0	0	0	
63792	Frontal_Med_Orb_R	0	0	96	2680	0	6368	0	0	0	198	0	0	0	0	0	112	0	0	0	0	0	512	628	5720	776	0	0	7342	0	0	1122	3972	0	0	0	0	0	0	0	0	0	0	0	0	0	0	0	0	0	0	0	0	0	0	0	0	0	0	0	0	0	0	0	0	0	0	0	0	0	0	78	1248	0	1044	0	0	0	0	0	0	0	0	0	0	0	0	0	0	0	0	0	0	0	0	0	0	0	0	0	0	0	0	0	0	0	0	0	0	0	0	0	0	0	0	0	0	
31168	Rectus_L	0	0	0	0	3664	0	0	0	802	0	0	0	0	0	400	0	0	0	0	0	1334	850	72	0	1250	0	0	522	0	0	3166	580	0	0	0	0	0	0	0	0	0	0	0	0	0	0	0	0	0	0	0	0	0	0	0	0	0	0	0	0	0	0	0	0	0	0	0	0	0	0	2094	298	552	0	0	0	0	0	0	0	0	0	0	0	0	0	0	0	0	0	0	0	0	0	0	0	0	0	0	0	0	0	0	0	0	0	0	0	0	0	0	0	0	0	0	0	
78220	Rectus_R	0	0	0	1756	0	7742	0	0	0	652	0	0	0	0	0	230	0	0	0	0	1178	2836	120	2734	94	7342	522	0	0	276	1570	4962	0	0	0	0	0	0	0	0	0	0	0	0	0	0	0	0	0	0	0	0	0	0	0	0	0	0	0	0	0	0	0	0	0	0	0	0	0	0	1946	2338	1276	1536	0	0	0	0	0	0	0	0	0	0	0	0	0	0	0	0	0	0	0	0	0	0	0	0	0	0	0	0	0	0	0	0	0	0	0	0	0	0	0	0	0	0	
517080	Insula_L	5766	254	30020	910	5096	0	18630	0	3040	0	21674	248	23670	0	7704	0	23034	0	16782	760	2016	0	3084	220	0	0	0	0	0	244	7954	946	798	0	538	0	15422	0	1010	0	2350	0	298	0	0	0	148	0	0	0	1022	0	276	0	1974	0	7400	0	0	0	832	0	3482	0	0	0	586	0	234	0	1766	1474	19718	230	0	0	2590	0	7596	0	8788	0	2808	0	2280	0	72	0	2796	0	0	0	0	0	0	0	0	0	0	0	0	0	0	0	0	0	0	0	0	0	0	0	0	0	0	0	
266752	Insula_R	0	2626	1054	9880	0	200	0	9306	0	1536	386	14798	0	9702	0	6078	222	13742	2008	5622	0	1054	146	2696	0	0	0	276	244	0	180	8668	0	1608	0	210	0	4750	0	226	0	232	0	366	0	0	0	240	0	0	0	0	0	180	0	2302	0	408	0	136	0	0	0	142	0	0	0	606	0	94	724	1652	674	12460	0	482	0	406	0	3694	88	5514	150	644	0	1460	0	0	0	3504	0	0	0	0	0	0	0	0	0	0	0	0	0	0	0	0	0	0	0	0	0	0	0	0	0	0	
253848	Cingulum_Ant_L	168	156	20422	2628	2600	248	6224	864	0	0	3004	0	4038	0	88	0	654	80	8740	1508	1826	2284	15920	2802	2408	1122	3166	1570	7954	180	0	10180	3718	1234	244	0	0	0	0	0	0	0	0	0	0	0	0	0	0	0	0	0	0	0	0	0	0	0	0	0	0	0	0	0	0	0	0	0	0	0	6990	3482	8694	1266	0	0	0	0	0	0	114	0	348	0	0	0	0	0	0	0	0	0	0	0	0	0	0	0	0	0	0	0	0	0	0	0	0	0	0	0	0	0	0	0	0	0	
454724	Cingulum_Ant_R	216	782	5932	32932	0	1574	152	5882	0	0	254	6454	74	6712	0	946	158	1122	11154	16240	1160	2930	9088	24816	270	3972	580	4962	946	8668	10180	0	1994	18442	120	138	0	166	0	0	0	0	0	0	0	0	0	92	0	0	0	0	0	0	0	0	0	0	0	0	0	0	0	0	0	0	0	96	0	0	7640	23840	2346	10990	0	0	1330	1830	0	0	0	108	74	0	0	0	0	0	0	0	0	0	0	0	0	0	0	0	0	0	0	0	0	0	0	0	0	0	0	0	0	0	0	0	0	0	
112688	Cingulum_Mid_L	298	582	3898	222	0	0	2768	0	0	0	396	0	1158	0	164	0	0	0	7658	5060	0	0	4194	92	0	0	0	0	798	0	3718	1994	0	7702	6024	1188	0	100	0	0	0	0	0	0	1202	0	0	0	738	0	180	0	0	0	0	0	0	0	188	0	0	0	0	0	0	0	3294	1304	870	376	100	0	0	0	0	0	0	0	0	0	0	0	78	0	0	0	0	0	0	0	0	0	0	0	0	0	0	0	0	0	0	0	0	0	0	0	0	0	0	0	0	0	0	0	0	0	
362324	Cingulum_Mid_R	4516	6302	1580	10786	0	0	0	4396	0	0	0	1924	0	2108	0	0	0	0	19046	38800	0	0	4938	10214	0	0	0	0	0	1608	1234	18442	7702	0	1998	11462	0	0	0	0	0	0	0	2298	0	1912	0	264	0	432	0	244	0	0	0	142	0	558	0	0	0	142	0	278	0	0	752	11688	1926	12858	0	80	0	110	0	0	0	0	0	0	0	0	0	0	0	422	0	0	0	0	0	0	0	0	0	0	0	0	0	0	0	0	0	0	0	0	0	0	0	0	0	0	0	0	0	0	
250560	Cingulum_Post_L	12752	2454	382	0	0	0	0	0	0	0	0	0	0	0	0	0	142	0	1546	868	0	0	0	0	0	0	0	0	538	0	244	120	6024	1998	0	7464	15378	298	1450	0	0	0	9408	0	1944	0	2386	0	172	0	3476	0	264	0	458	0	1366	0	0	0	932	0	140	0	2480	0	20318	668	6774	874	806	1744	0	0	0	0	5736	4354	1030	0	920	0	0	0	5482	0	0	0	1890	0	0	0	0	0	0	0	0	0	0	0	0	0	0	0	0	0	0	0	0	0	0	0	0	0	0	0	
216416	Cingulum_Post_R	5196	8896	0	106	0	0	0	0	0	0	0	0	0	0	0	0	0	104	292	7438	0	0	0	0	0	0	0	0	0	210	0	138	1188	11462	7464	0	320	3654	0	94	0	0	0	5624	0	650	0	3454	0	180	0	112	0	0	0	352	0	1172	0	138	0	0	0	1180	0	0	552	18236	1048	8108	1138	2648	0	0	0	0	6816	8638	0	104	0	336	0	0	0	492	0	0	0	518	0	0	0	0	0	0	0	0	0	0	0	0	0	0	0	0	0	0	0	0	150	0	0	0	0	0	
334760	Hippocampus_L	9188	0	624	0	0	0	294	0	0	0	768	0	110	0	0	0	4544	0	2936	0	338	0	0	0	0	0	0	0	15422	0	0	0	0	0	15378	320	0	208	13508	0	8392	0	6786	0	136	0	6218	176	0	0	2732	0	950	0	12918	0	3790	0	0	0	1082	0	1014	0	2380	0	15612	0	1800	0	278	0	5312	0	606	0	6620	316	2752	0	3708	0	570	0	7364	0	0	0	11086	0	410	0	0	0	0	0	202	0	436	0	0	0	0	0	0	0	0	0	0	96	0	0	0	0	0	0	
276412	Hippocampus_R	274	12110	574	990	0	0	0	1602	0	0	0	512	0	0	0	0	0	2444	744	792	0	0	0	0	0	0	0	0	0	4750	0	166	100	0	298	3654	208	0	70	21184	0	8822	0	2610	0	68	0	11808	0	74	0	0	0	628	0	18732	0	912	0	326	0	0	0	1388	0	0	0	8892	0	276	420	156	0	9400	0	1464	274	4834	0	1684	0	1114	0	92	0	1236	0	0	0	9812	0	466	0	0	0	0	80	1440	0	598	0	0	0	0	0	0	0	0	0	0	128	0	0	0	0	0	
93040	ParaHippocampal_L	152	0	112	0	0	0	0	0	0	0	82	0	0	0	82	0	0	0	274	0	190	0	0	0	0	0	0	0	1010	0	0	0	0	0	1450	0	13508	70	0	0	1704	0	1084	0	0	0	7668	306	0	0	510	0	754	0	7756	0	118	0	0	0	0	0	0	0	0	0	2696	0	76	0	0	0	738	0	0	0	974	0	134	0	146	0	458	0	506	0	194	0	1178	0	576	0	0	0	120	246	570	0	562	0	0	0	0	0	0	0	0	0	140	376	0	0	0	0	0	0	
135336	ParaHippocampal_R	0	758	0	110	0	0	0	238	0	0	0	118	0	0	0	0	0	0	0	0	0	0	0	0	0	0	0	0	0	226	0	0	0	0	0	94	0	21184	0	0	0	5700	0	900	0	0	102	7670	0	0	0	0	0	272	0	15088	0	0	0	0	0	0	0	0	0	0	0	2142	0	0	0	0	0	2274	0	1064	0	1244	0	0	0	0	0	294	0	0	0	76	0	3566	0	884	0	0	0	0	0	2338	0	1326	0	0	0	0	0	0	0	0	0	0	0	0	0	0	0	0	
39520	Amygdala_L	0	0	86	0	116	0	80	0	0	0	0	0	0	0	0	0	0	0	92	0	570	0	0	0	0	0	0	0	2350	0	0	0	0	0	0	0	8392	0	1704	0	0	0	0	0	0	0	0	0	0	0	0	0	0	0	4174	0	0	0	0	0	0	0	0	0	0	0	0	0	0	0	0	0	602	0	0	0	100	0	0	0	124	0	370	0	0	0	0	0	1000	0	0	0	0	0	0	0	0	0	0	0	0	0	0	0	0	0	0	0	0	0	0	0	0	0	0	0	
43428	Amygdala_R	0	0	0	0	0	0	0	0	0	0	0	0	0	0	0	0	0	0	0	0	0	102	0	0	0	0	0	0	0	232	0	0	0	0	0	0	0	8822	0	5700	0	0	0	0	0	0	0	0	0	0	0	0	0	0	0	5082	0	0	0	0	0	0	0	0	0	0	0	0	0	0	0	0	0	518	0	0	0	0	0	0	0	0	0	1002	0	0	0	0	0	256	0	0	0	0	0	0	0	0	0	0	0	0	0	0	0	0	0	0	0	0	0	0	0	0	0	0	
318332	Calcarine_L	5198	0	0	0	0	0	0	0	0	0	0	0	0	0	0	0	100	0	0	0	0	0	0	0	0	0	0	0	298	0	0	0	0	0	9408	0	6786	0	1084	0	0	0	0	6756	14070	3222	17518	3734	17892	796	36050	0	3464	0	2860	0	2356	0	926	0	524	0	96	0	1088	0	16194	186	4648	0	0	0	0	0	0	0	0	0	602	0	558	0	0	0	1910	0	0	0	842	0	0	0	0	0	0	0	0	0	0	0	0	0	0	0	0	0	0	0	0	0	0	0	0	0	0	0	
463760	Calcarine_R	0	4674	0	84	0	0	0	0	0	0	0	0	0	0	0	0	0	200	68	2936	0	0	0	0	0	0	0	0	0	366	0	0	0	2298	0	5624	0	2610	0	900	0	0	6756	0	6686	37526	1842	25408	1624	33842	932	13586	250	6414	0	10100	0	6250	0	4070	0	72	0	3228	0	0	302	33720	112	7994	0	0	0	0	0	0	0	92	0	172	0	930	0	0	0	5550	0	0	0	4494	0	0	0	0	0	0	0	0	0	0	0	0	0	0	0	0	0	0	0	0	168	0	0	0	0	0	
191628	Cuneus_L	242	0	0	0	0	0	0	0	0	0	0	0	0	0	0	0	0	0	0	0	0	0	0	0	0	0	0	0	0	0	0	0	1202	0	1944	0	136	0	0	0	0	0	14070	6686	0	8946	622	1148	23094	4380	12174	724	142	322	86	412	222	0	3810	0	0	0	0	0	170	0	12342	1116	1650	0	0	0	0	0	0	0	0	0	0	0	0	0	0	0	174	0	0	0	0	0	0	0	0	0	0	0	0	0	0	0	0	0	0	0	0	0	0	0	0	0	0	0	0	0	0	0	
404272	Cuneus_R	0	654	0	0	0	0	0	0	0	0	0	0	0	0	0	0	0	0	0	368	0	0	0	0	0	0	0	0	0	0	0	0	0	1912	0	650	0	68	0	0	0	0	3222	37526	8946	0	168	4078	1674	53088	152	15954	0	3988	0	3558	0	9834	0	13504	0	696	0	68	0	1132	2146	30856	0	4298	0	0	0	0	0	0	0	0	0	0	0	0	0	0	0	2468	0	0	0	1128	0	0	0	0	0	0	0	0	0	0	0	0	0	0	0	0	0	0	0	0	0	0	0	0	0	0	
278000	Lingual_L	770	0	0	0	0	0	0	0	0	0	0	0	0	0	0	0	98	0	0	0	0	0	0	0	0	0	0	0	148	0	0	0	0	0	2386	0	6218	0	7668	102	0	0	17518	1842	622	168	0	3366	2420	98	17564	0	5172	0	17462	148	692	0	0	0	0	0	0	0	0	0	5482	0	562	0	0	0	0	0	0	0	480	0	280	0	82	0	0	0	834	0	0	0	666	0	4342	1522	456	354	200	94	10690	674	14642	2560	324	174	296	476	102	190	0	0	222	636	3770	3480	812	0	0	136	
308712	Lingual_R	0	4946	350	574	0	0	0	414	0	0	0	0	0	0	0	0	0	0	300	496	0	0	0	0	0	0	0	0	0	240	0	92	0	264	0	3454	176	11808	306	7670	0	0	3734	25408	1148	4078	3366	0	294	4984	226	360	0	3968	450	18450	0	370	0	158	0	0	0	868	0	0	0	12616	0	598	232	0	0	290	0	0	0	2594	0	152	0	70	0	0	0	160	0	0	0	1276	1586	3234	100	294	108	468	1730	6934	2842	8638	196	250	104	244	0	174	0	0	262	602	5738	3402	108	132	84	186	
219324	Occipital_Sup_L	0	0	0	0	0	0	0	0	0	0	0	0	0	0	0	0	0	0	0	0	0	0	0	0	0	0	0	0	0	0	0	0	738	0	172	0	0	0	0	0	0	0	17892	1624	23094	1674	2420	294	0	132	30924	0	2056	0	86	0	72	0	11950	0	1818	0	0	0	536	0	13870	232	0	0	0	0	0	0	0	0	0	0	0	0	0	0	0	0	78	0	0	0	0	0	0	0	0	0	0	0	0	0	0	0	0	0	0	0	0	0	0	0	0	0	0	0	0	0	0	0	
395492	Occipital_Sup_R	0	410	0	0	0	0	0	0	0	0	0	0	0	0	0	0	0	0	0	212	0	0	0	0	0	0	0	0	0	0	0	0	0	432	0	180	0	74	0	0	0	0	796	33842	4380	53088	98	4984	132	0	0	27984	0	5684	0	4028	0	9772	0	17424	0	1892	0	0	0	5776	252	19478	0	2076	0	0	0	0	0	0	0	0	0	0	0	238	0	0	0	3348	0	0	0	1166	0	0	0	0	0	0	0	0	0	0	0	0	0	0	0	0	0	0	0	0	0	0	0	0	0	0	
525612	Occipital_Mid_L	2818	0	0	0	0	0	0	0	0	0	0	0	0	0	0	0	822	0	310	0	0	0	0	0	0	0	0	0	1022	0	0	0	180	0	3476	0	2732	0	510	0	0	0	36050	932	12174	152	17564	226	30924	0	0	0	14242	0	7674	0	16436	0	18574	0	13714	0	436	0	21720	0	18292	224	7656	0	0	0	0	0	0	0	396	0	2308	0	1154	0	0	0	23756	0	0	0	6226	0	0	0	0	0	0	0	0	0	106	0	0	0	0	0	0	0	0	0	0	0	0	0	0	0	0	0	
212124	Occipital_Mid_R	0	348	0	0	0	0	0	0	0	0	0	0	0	0	0	0	0	0	0	236	0	0	0	0	0	0	0	0	0	0	0	0	0	244	0	112	0	0	0	0	0	0	0	13586	724	15954	0	360	0	27984	0	0	0	4686	0	1232	0	3384	0	2776	0	1326	0	0	0	12656	0	6724	0	1538	0	0	0	0	0	0	0	0	0	0	0	286	0	0	0	10800	0	0	0	1106	0	0	0	0	0	0	0	0	0	0	0	0	0	0	0	0	0	0	0	0	0	0	0	0	0	0	
98496	Occipital_Inf_L	120	0	0	0	0	0	0	0	0	0	0	0	0	0	0	0	224	0	0	0	0	0	0	0	0	0	0	0	276	0	0	0	0	0	264	0	950	0	754	0	0	0	3464	250	142	0	5172	0	2056	0	14242	0	0	0	7082	0	1176	0	0	0	210	0	82	0	70	0	436	0	514	0	0	0	0	0	0	0	232	0	524	0	438	0	0	0	4664	0	0	0	5734	0	0	0	0	0	0	0	0	0	172	0	0	0	0	0	0	0	0	0	0	0	0	0	0	0	0	0	
99796	Occipital_Inf_R	0	82	0	0	0	0	0	0	0	0	0	0	0	0	0	0	0	0	0	0	0	0	0	0	0	0	0	0	0	180	0	0	0	0	0	0	0	628	0	272	0	0	0	6414	322	3988	0	3968	0	5684	0	4686	0	0	0	10998	0	420	0	346	0	0	0	150	0	0	0	1696	0	294	0	0	0	0	0	0	0	0	0	74	0	0	0	0	0	1488	0	0	0	6602	0	680	0	0	0	0	0	0	108	498	0	0	0	0	0	0	0	0	0	0	0	320	0	0	0	0	
352700	Fusiform_L	0	0	0	0	0	0	0	0	0	0	0	0	0	0	0	0	0	0	96	0	0	0	0	0	0	0	0	0	1974	0	0	0	0	0	458	0	12918	0	7756	0	4174	0	2860	0	86	0	17462	450	86	0	7674	0	7082	0	0	178	200	0	0	0	0	0	0	0	0	0	896	0	68	0	0	0	628	0	0	0	214	0	176	0	2134	0	3390	0	3036	0	2928	0	12348	0	27664	1554	140	86	140	0	15214	114	34252	2134	0	0	0	0	0	0	0	0	0	0	1280	3924	576	0	0	0	
420964	Fusiform_R	0	880	0	0	0	0	0	92	0	0	0	110	0	0	0	0	0	86	0	238	0	0	0	0	0	0	0	0	0	2302	0	0	0	142	0	352	0	18732	0	15088	0	5082	0	10100	412	3558	148	18450	0	4028	0	1232	0	10998	178	0	0	1128	0	1040	0	0	0	770	0	0	90	5068	0	804	0	0	0	2948	0	870	0	190	0	290	0	4130	0	8250	0	2798	0	2228	0	25942	1154	20594	78	514	0	184	560	8986	1568	23038	0	104	0	176	0	0	0	0	0	182	2188	2174	228	0	0	0	
330460	Postcentral_L	26766	108	1696	0	0	0	664	0	0	0	5442	0	718	0	0	0	11244	0	6412	82	0	0	0	0	0	0	0	0	7400	0	0	0	0	0	1366	0	3790	0	118	0	0	0	2356	0	222	0	692	0	72	0	16436	0	1176	0	200	0	0	0	7468	0	21160	0	6160	0	4860	0	4078	0	5448	0	180	0	1990	0	438	0	1614	0	3760	0	3954	0	0	0	12044	0	0	0	5116	0	0	0	0	0	0	0	0	0	0	0	0	0	0	0	0	0	0	0	0	0	0	0	0	0	0	0	
362968	Postcentral_R	68	11480	0	92	0	0	0	0	0	0	0	714	0	0	0	0	0	2368	0	1668	0	0	0	0	0	0	0	0	0	408	0	0	0	558	0	1172	0	912	0	0	0	0	0	6250	0	9834	0	370	0	9772	0	3384	0	420	0	1128	0	0	0	47322	0	8930	0	8258	0	5422	0	24946	0	9532	0	76	0	610	0	268	0	100	0	522	0	3282	0	0	0	15530	0	0	0	6088	0	0	0	0	0	0	0	0	0	0	0	0	0	0	0	0	0	0	0	0	0	0	0	0	0	0	
148424	Parietal_Sup_L	232	0	0	0	0	0	0	0	0	0	0	0	0	0	0	0	0	0	0	0	0	0	0	0	0	0	0	0	0	0	0	0	188	0	0	0	0	0	0	0	0	0	926	0	3810	0	0	0	11950	0	18574	0	0	0	0	0	7468	0	0	0	11736	0	0	0	4042	0	13716	150	484	0	0	0	0	0	0	0	0	0	0	0	0	0	0	0	578	0	0	0	358	0	0	0	0	0	0	0	0	0	0	0	0	0	0	0	0	0	0	0	0	0	0	0	0	0	0	0	
334156	Parietal_Sup_R	0	2178	0	0	0	0	0	0	0	0	0	0	0	0	0	0	0	204	0	340	0	0	0	0	0	0	0	0	0	136	0	0	0	0	0	138	0	326	0	0	0	0	0	4070	0	13504	0	158	0	17424	0	2776	0	346	0	1040	0	47322	0	0	0	13556	0	4504	0	10900	78	23002	0	2146	0	0	0	0	0	0	0	0	0	426	0	2766	0	0	0	13922	0	0	0	5816	0	0	0	0	0	0	0	0	0	0	0	0	0	0	0	0	0	0	0	0	0	0	0	0	0	0	
212632	Parietal_Inf_L	1542	0	0	0	0	0	0	0	0	0	0	0	0	0	0	0	4178	0	160	0	0	0	0	0	0	0	0	0	832	0	0	0	0	0	932	0	1082	0	0	0	0	0	524	0	0	0	0	0	1818	0	13714	0	210	0	0	0	21160	0	11736	0	0	0	13384	0	19094	0	2420	0	630	0	0	0	0	0	0	0	72	0	360	0	2224	0	0	0	9074	0	0	0	1170	0	0	0	0	0	0	0	0	0	0	0	0	0	0	0	0	0	0	0	0	0	0	0	0	0	0	0	
106324	Parietal_Inf_R	0	0	0	0	0	0	0	0	0	0	0	0	0	0	0	0	0	0	0	120	0	0	0	0	0	0	0	0	0	0	0	0	0	142	0	0	0	0	0	0	0	0	0	72	0	696	0	0	0	1892	0	1326	0	0	0	0	0	8930	0	13556	0	0	0	7074	0	14372	0	118	0	144	0	0	0	0	0	0	0	0	0	0	0	462	0	0	0	3118	0	0	0	1140	0	0	0	0	0	0	0	0	0	0	0	0	0	0	0	0	0	0	0	0	0	0	0	0	0	0	
89688	SupraMarginal_L	238	0	0	0	0	0	0	0	0	0	0	0	0	0	0	0	6558	0	78	0	0	0	0	0	0	0	0	0	3482	0	0	0	0	0	140	0	1014	0	0	0	0	0	96	0	0	0	0	0	0	0	436	0	82	0	0	0	6160	0	0	0	13384	0	0	0	2278	0	168	0	72	0	0	0	0	0	0	0	170	0	1124	0	5422	0	0	0	3836	0	0	0	106	0	0	0	0	0	0	0	0	0	0	0	0	0	0	0	0	0	0	0	0	0	0	0	0	0	0	0	
102132	SupraMarginal_R	0	676	0	0	0	0	0	0	0	0	0	0	0	0	0	0	0	1540	0	306	0	0	0	0	0	0	0	0	0	142	0	0	0	278	0	1180	0	1388	0	0	0	0	0	3228	0	68	0	868	0	0	0	0	0	150	0	770	0	8258	0	4504	0	7074	0	0	0	4418	0	3610	0	456	0	0	0	0	0	0	0	0	0	160	0	4578	0	0	0	4214	0	0	0	3200	0	0	0	0	0	0	0	0	0	0	0	0	0	0	0	0	0	0	0	0	0	0	0	0	0	0	
150108	Angular_L	186	0	0	0	0	0	0	0	0	0	0	0	0	0	0	0	558	0	262	0	0	0	0	0	0	0	0	0	0	0	0	0	0	0	2480	0	2380	0	0	0	0	0	1088	0	170	0	0	0	536	0	21720	0	70	0	0	0	4860	0	4042	0	19094	0	2278	0	0	0	3122	0	1140	0	0	0	0	0	0	0	150	0	0	0	678	0	0	0	9956	0	0	0	284	0	0	0	0	0	0	0	0	0	0	0	0	0	0	0	0	0	0	0	0	0	0	0	0	0	0	0	
140012	Angular_R	0	0	0	0	0	0	0	0	0	0	0	0	0	0	0	0	0	0	0	0	0	0	0	0	0	0	0	0	0	0	0	0	0	0	0	0	0	0	0	0	0	0	0	0	0	1132	0	0	0	5776	0	12656	0	0	0	0	0	5422	0	10900	0	14372	0	4418	0	0	0	696	0	0	0	0	0	0	0	0	0	0	0	0	0	3220	0	0	0	9476	0	0	0	1938	0	0	0	0	0	0	0	0	0	0	0	0	0	0	0	0	0	0	0	0	0	0	0	0	0	0	
340912	Precuneus_L	6274	0	0	0	0	0	0	0	0	0	0	0	0	0	0	0	188	0	134	72	0	0	0	0	0	0	0	0	586	0	0	0	3294	752	20318	552	15612	0	2696	0	0	0	16194	302	12342	2146	5482	0	13870	252	18292	0	436	0	896	90	4078	0	13716	78	2420	0	168	0	3122	0	0	7714	7052	0	0	0	0	0	0	0	1110	0	1086	0	682	0	0	0	6272	0	0	0	2178	0	0	0	0	0	0	0	0	0	0	0	0	0	0	0	0	0	0	0	0	0	0	0	0	0	0	0	
539280	Precuneus_R	122	10990	346	500	0	0	0	348	0	0	0	0	0	0	0	0	0	226	466	6374	0	0	0	0	0	0	0	0	0	606	0	96	1304	11688	668	18236	0	8892	0	2142	0	0	186	33720	1116	30856	0	12616	232	19478	224	6724	0	1696	0	5068	0	24946	150	23002	0	118	0	3610	0	696	7714	0	632	18290	234	406	0	136	0	0	112	2180	0	312	0	1438	0	0	0	7042	0	0	0	3488	0	0	0	0	0	0	0	0	0	0	0	0	0	0	0	0	0	0	0	0	214	0	0	0	0	0	
158632	Paracentral_Lobule_L	15142	1364	790	0	0	0	270	0	0	0	0	0	0	0	0	0	126	0	3774	2400	0	0	0	0	0	0	0	0	234	0	0	0	870	1926	6774	1048	1800	0	76	0	0	0	4648	112	1650	0	562	0	0	0	7656	0	514	0	68	0	5448	0	484	0	630	0	72	0	1140	0	7052	632	0	2856	420	0	220	0	142	0	1816	0	502	0	358	0	0	0	4116	0	0	0	1624	0	0	0	0	0	0	0	0	0	0	0	0	0	0	0	0	0	0	0	0	0	0	0	0	0	0	0	
237248	Paracentral_Lobule_R	5790	16152	0	0	0	0	0	0	0	0	0	0	0	0	0	0	0	0	896	18448	0	0	0	0	0	0	0	0	0	94	0	0	376	12858	874	8108	0	276	0	0	0	0	0	7994	0	4298	0	598	0	2076	0	1538	0	294	0	804	0	9532	0	2146	0	144	0	456	0	0	0	18290	2856	0	78	182	0	0	0	0	70	94	0	0	0	82	0	0	0	2858	0	0	0	362	0	0	0	0	0	0	0	0	0	0	0	0	0	0	0	0	0	0	0	0	0	0	0	0	0	0	
216884	Caudate_L	2386	962	6270	3018	246	0	182	112	0	0	1166	676	176	142	118	0	1260	0	11724	2792	2926	4828	204	230	942	78	2094	1946	1766	724	6990	7640	100	0	806	1138	278	420	0	0	0	0	0	0	0	0	0	232	0	0	0	0	0	0	0	0	180	0	0	0	0	0	0	0	0	0	0	234	420	78	0	13908	12792	3430	1560	0	7998	2444	0	0	308	0	518	0	0	0	0	0	0	0	0	0	0	0	0	0	0	0	0	0	0	0	0	0	0	0	0	0	0	0	0	0	0	0	0	0	
335228	Caudate_R	2154	14026	3390	15566	0	1252	210	888	0	70	868	1172	0	100	0	0	874	568	4808	16502	772	3900	134	4352	0	1248	298	2338	1474	1652	3482	23840	0	80	1744	2648	0	156	0	0	0	0	0	0	0	0	0	0	0	0	0	0	0	0	0	0	0	76	0	0	0	0	0	0	0	0	0	406	0	182	13908	0	5846	17052	0	1098	2226	15604	0	0	244	0	406	0	0	0	0	0	0	0	0	0	0	0	0	0	0	0	0	0	0	0	0	0	0	0	0	0	0	0	0	0	0	0	0	0	
236184	Putamen_L	3896	124	8004	884	2942	0	1218	86	374	0	5190	694	1300	260	878	0	1820	0	10624	858	1658	2896	304	0	432	0	552	1276	19718	674	8694	2346	0	0	0	0	5312	0	738	0	602	0	0	0	0	0	0	0	0	0	0	0	0	0	628	0	1990	0	0	0	0	0	0	0	0	0	0	0	220	0	12792	5846	0	3326	4118	0	2558	0	108	0	1532	0	294	0	0	0	0	0	326	0	0	0	0	0	0	0	0	0	0	0	0	0	0	0	0	0	0	0	0	0	0	0	0	0	0	0	
253960	Putamen_R	0	7168	470	12432	0	1642	0	5734	0	2168	234	5522	0	292	0	2812	244	2640	910	3918	198	1128	0	4186	0	1044	0	1536	230	12460	1266	10990	0	110	0	0	0	9400	0	2274	0	518	0	0	0	0	0	290	0	0	0	0	0	0	0	2948	0	610	0	0	0	0	0	0	0	0	0	136	0	0	3430	17052	3326	0	0	3648	0	1360	0	112	0	634	96	0	0	84	0	0	0	1728	0	0	0	0	0	0	0	0	0	0	0	0	0	0	0	0	0	0	0	0	0	0	0	0	0	0	
31524	Pallidum_L	1350	0	1184	0	0	0	236	0	0	0	0	0	0	0	0	0	76	0	4200	0	0	0	0	0	0	0	0	0	0	0	0	0	0	0	0	0	606	0	0	0	0	0	0	0	0	0	0	0	0	0	0	0	0	0	0	0	438	0	0	0	0	0	0	0	0	0	0	0	142	0	1560	0	4118	0	0	0	1852	0	0	0	0	0	0	0	0	0	0	0	0	0	0	0	0	0	0	0	0	0	0	0	0	0	0	0	0	0	0	0	0	0	0	0	0	0	0	0	
29952	Pallidum_R	0	1406	0	1646	0	0	0	572	0	0	0	652	0	0	0	0	0	384	106	1154	0	0	0	0	0	0	0	0	0	482	0	0	0	0	0	0	0	1464	0	1064	0	0	0	0	0	0	0	0	0	0	0	0	0	0	0	870	0	268	0	0	0	0	0	0	0	0	0	0	0	0	0	1098	0	3648	0	0	0	162	0	0	0	0	0	0	0	0	0	0	0	0	0	0	0	0	0	0	0	0	0	0	0	0	0	0	0	0	0	0	0	0	0	0	0	0	0	0	
186792	Thalamus_L	16852	1506	508	0	0	0	302	0	0	0	0	0	0	0	0	0	1050	0	12876	0	0	0	0	0	0	0	0	0	2590	0	0	1330	0	0	5736	6816	6620	274	974	0	100	0	0	0	0	0	480	0	0	0	396	0	232	0	214	0	1614	0	0	0	72	0	170	0	150	0	1110	112	1816	70	7998	2226	2558	0	1852	0	0	10976	1086	0	234	0	0	0	1194	0	0	0	1302	0	0	0	0	0	0	0	0	0	0	0	0	0	0	0	0	0	0	0	0	0	0	0	0	0	0	0	
188896	Thalamus_R	4190	22438	778	1880	0	0	0	1562	0	0	0	994	0	0	0	0	0	228	1222	3358	0	0	0	0	0	0	0	0	0	406	0	1830	0	0	4354	8638	316	4834	0	1244	0	0	0	92	0	0	0	2594	0	0	0	0	0	0	0	190	0	100	0	0	0	0	0	0	0	0	0	2180	0	94	2444	15604	0	1360	0	162	10976	0	0	0	0	0	0	0	0	178	0	0	0	202	0	0	0	0	0	0	0	0	0	0	0	0	0	0	0	0	0	0	0	0	0	0	0	0	0	0	
84448	Heschl_L	1524	0	256	0	0	0	88	0	0	0	338	0	0	0	0	0	6130	0	1336	0	0	0	0	0	0	0	0	0	7596	0	0	0	0	0	1030	0	2752	0	134	0	0	0	602	0	0	0	280	0	0	0	2308	0	524	0	176	0	3760	0	0	0	360	0	1124	0	0	0	1086	0	502	0	0	0	108	0	0	0	1086	0	0	0	3808	0	0	0	3586	0	0	0	1730	0	0	0	0	0	0	0	0	0	0	0	0	0	0	0	0	0	0	0	0	0	0	0	0	0	0	0	
39960	Heschl_R	0	100	0	68	0	0	0	0	0	0	0	0	0	0	0	0	0	1306	0	0	0	0	0	0	0	0	0	0	0	3694	0	0	0	0	0	104	0	1684	0	0	0	0	0	172	0	0	0	152	0	0	0	0	0	74	0	290	0	522	0	426	0	0	0	160	0	0	0	312	0	0	0	0	0	112	0	0	0	0	0	0	0	4786	0	0	0	3358	0	0	0	2660	0	0	0	0	0	0	0	0	0	0	0	0	0	0	0	0	0	0	0	0	0	0	0	0	0	0	
197520	Temporal_Sup_L	1140	0	684	110	0	0	204	0	0	0	2268	92	680	0	0	0	7428	0	1520	120	0	0	164	0	0	0	0	0	8788	88	114	0	0	0	920	0	3708	0	146	0	124	0	558	0	0	0	82	0	0	0	1154	0	438	0	2134	0	3954	0	0	0	2224	0	5422	0	678	0	682	0	358	0	308	244	1532	0	0	0	234	0	3808	0	0	0	2548	0	27710	0	0	0	16394	0	0	0	0	0	0	0	0	0	0	0	0	0	0	0	0	0	0	0	0	0	0	0	0	0	0	0	
137484	Temporal_Sup_R	0	484	0	108	0	0	0	80	0	0	0	138	0	0	0	428	0	2942	0	172	0	0	0	0	0	0	0	0	0	5514	0	108	0	0	0	336	0	1114	0	0	0	0	0	930	0	0	0	70	0	238	0	286	0	0	0	4130	0	3282	0	2766	0	462	0	4578	0	3220	0	1438	0	82	0	0	0	634	0	0	0	0	0	4786	0	0	0	3128	0	16666	0	96	0	10526	0	0	0	0	0	0	0	0	0	0	0	0	0	0	0	0	0	0	0	0	0	0	0	0	0	0	
80672	Temporal_Pole_Sup_L	0	0	1616	200	232	0	366	0	180	0	3804	152	754	0	438	0	2440	0	1256	222	86	0	156	0	0	0	0	0	2808	150	348	74	78	0	0	0	570	0	458	0	370	0	0	0	0	0	0	0	0	0	0	0	0	0	3390	0	0	0	0	0	0	0	0	0	0	0	0	0	0	0	518	406	294	96	0	0	0	0	0	0	2548	0	0	0	6368	0	4132	0	5826	0	0	0	0	0	0	0	0	0	0	0	0	0	0	0	0	0	0	0	0	0	0	0	0	0	0	0	
53468	Temporal_Pole_Sup_R	0	0	0	252	0	0	0	86	0	0	0	304	0	0	0	706	0	482	0	178	0	0	0	0	0	0	0	0	0	644	0	0	0	0	0	0	0	92	0	294	0	1002	0	0	0	0	0	0	0	0	0	0	0	0	0	8250	0	0	0	0	0	0	0	0	0	0	0	0	0	0	0	0	0	0	0	0	0	0	0	0	0	3128	0	0	0	3158	0	3850	0	4308	0	0	0	0	0	0	0	0	0	0	0	0	0	0	0	0	0	0	0	0	0	0	0	0	0	0	
367404	Temporal_Mid_L	700	0	0	0	0	0	0	0	0	0	0	0	0	0	0	0	1728	0	774	0	0	0	0	0	0	0	0	0	2280	0	0	0	0	0	5482	0	7364	0	506	0	0	0	1910	0	174	0	834	0	78	0	23756	0	4664	0	3036	0	12044	0	578	0	9074	0	3836	0	9956	0	6272	0	4116	0	0	0	0	0	0	0	1194	0	3586	0	27710	0	6368	0	0	0	3244	0	42438	0	0	0	0	0	0	0	0	0	0	0	0	0	0	0	0	0	0	0	0	0	0	0	0	0	0	0	
289584	Temporal_Mid_R	0	734	0	0	0	0	0	0	0	0	0	0	0	0	0	0	0	134	0	446	0	0	0	0	0	0	0	0	0	1460	0	0	0	422	0	492	0	1236	0	0	0	0	0	5550	0	2468	0	160	0	3348	0	10800	0	1488	0	2798	0	15530	0	13922	0	3118	0	4214	0	9476	0	7042	0	2858	0	0	0	84	0	0	0	178	0	3358	0	16666	0	3158	0	0	0	1540	0	32112	0	0	0	0	0	0	0	0	0	0	0	0	0	0	0	0	0	0	0	0	0	0	0	0	0	0	
28740	Temporal_Pole_Mid_L	0	0	0	0	0	0	0	0	0	0	0	0	0	0	0	0	0	0	0	0	0	0	0	0	0	0	0	0	72	0	0	0	0	0	0	0	0	0	194	0	0	0	0	0	0	0	0	0	0	0	0	0	0	0	2928	0	0	0	0	0	0	0	0	0	0	0	0	0	0	0	0	0	0	0	0	0	0	0	0	0	0	0	4132	0	3244	0	0	0	3800	0	0	0	0	0	0	0	0	0	0	0	0	0	0	0	0	0	0	0	0	0	0	0	0	0	0	0	
20440	Temporal_Pole_Mid_R	0	0	0	0	0	0	0	0	0	0	0	0	0	0	0	0	0	0	0	0	0	0	0	0	0	0	0	0	0	0	0	0	0	0	0	0	0	0	0	76	0	0	0	0	0	0	0	0	0	0	0	0	0	0	0	2228	0	0	0	0	0	0	0	0	0	0	0	0	0	0	0	0	0	0	0	0	0	0	0	0	0	96	0	3850	0	1540	0	0	0	2430	0	0	0	0	0	0	0	0	0	0	0	0	0	0	0	0	0	0	0	0	0	0	0	0	0	0	
264552	Temporal_Inf_L	392	0	0	0	0	0	0	0	0	0	0	0	0	0	0	0	550	0	188	0	0	0	0	0	0	0	0	0	2796	0	0	0	0	0	1890	0	11086	0	1178	0	1000	0	842	0	0	0	666	0	0	0	6226	0	5734	0	12348	0	5116	0	358	0	1170	0	106	0	284	0	2178	0	1624	0	0	0	326	0	0	0	1302	0	1730	0	16394	0	5826	0	42438	0	3800	0	0	0	3356	0	180	0	0	0	0	0	1192	0	0	0	0	0	0	0	0	0	0	0	0	0	0	0	0	0	
277916	Temporal_Inf_R	0	642	0	0	0	0	0	0	0	0	0	126	0	0	0	0	0	144	0	106	0	0	0	0	0	0	0	0	0	3504	0	0	0	0	0	518	0	9812	0	3566	0	256	0	4494	0	1128	0	1276	0	1166	0	1106	0	6602	0	25942	0	6088	0	5816	0	1140	0	3200	0	1938	0	3488	0	362	0	0	0	1728	0	0	0	202	0	2660	0	10526	0	4308	0	32112	0	2430	0	0	0	2096	0	70	0	0	0	0	0	406	0	0	0	0	0	0	0	0	0	0	0	0	0	0	0	0	
636768	Cerebelum_Crus1_L	0	0	0	0	0	0	0	0	0	0	0	0	0	0	0	0	0	0	0	0	0	0	0	0	0	0	0	0	0	0	0	0	0	0	0	0	410	0	576	0	0	0	0	0	0	0	4342	1586	0	0	0	0	0	0	27664	1154	0	0	0	0	0	0	0	0	0	0	0	0	0	0	0	0	0	0	0	0	0	0	0	0	0	0	0	0	0	0	0	0	3356	0	0	15984	34194	16462	446	124	16782	1128	67942	13858	18534	8030	26918	12502	3638	320	1046	0	0	144	3212	14184	21396	1474	908	70	
557768	Cerebelum_Crus1_R	0	0	0	0	0	0	0	0	0	0	0	0	0	0	0	0	0	0	0	0	0	0	0	0	0	0	0	0	0	0	0	0	0	0	0	0	0	466	0	884	0	0	0	0	0	0	1522	3234	0	0	0	0	0	680	1554	20594	0	0	0	0	0	0	0	0	0	0	0	0	0	0	0	0	0	0	0	0	0	0	0	0	0	0	0	0	0	0	0	0	0	2096	15984	0	6416	39300	140	2324	1880	22986	13602	63200	3390	11852	5386	20212	972	1112	70	1290	70	1032	7026	10994	15786	1736	1094	0	
334292	Cerebelum_Crus2_L	0	0	0	0	0	0	0	0	0	0	0	0	0	0	0	0	0	0	0	0	0	0	0	0	0	0	0	0	0	0	0	0	0	0	0	0	0	0	0	0	0	0	0	0	0	0	456	100	0	0	0	0	0	0	140	78	0	0	0	0	0	0	0	0	0	0	0	0	0	0	0	0	0	0	0	0	0	0	0	0	0	0	0	0	0	0	0	0	180	0	34194	6416	0	15162	96	0	798	130	8706	2632	32746	7434	29236	7630	1246	146	206	0	0	0	260	1780	15380	1872	122	0	
429832	Cerebelum_Crus2_R	0	0	0	0	0	0	0	0	0	0	0	0	0	0	0	0	0	0	0	0	0	0	0	0	0	0	0	0	0	0	0	0	0	0	0	0	0	0	0	0	0	0	0	0	0	0	354	294	0	0	0	0	0	0	86	514	0	0	0	0	0	0	0	0	0	0	0	0	0	0	0	0	0	0	0	0	0	0	0	0	0	0	0	0	0	0	0	0	0	70	16462	39300	15162	0	100	412	994	1748	8540	11402	9944	25210	14732	32442	1524	1456	0	934	0	226	1526	2352	24286	3776	1070	0	
26508	Cerebelum_3_L	0	0	0	0	0	0	0	0	0	0	0	0	0	0	0	0	0	0	0	0	0	0	0	0	0	0	0	0	0	0	0	0	0	0	0	0	0	0	120	0	0	0	0	0	0	0	200	108	0	0	0	0	0	0	140	0	0	0	0	0	0	0	0	0	0	0	0	0	0	0	0	0	0	0	0	0	0	0	0	0	0	0	0	0	0	0	0	0	0	0	446	140	96	100	0	132	4364	208	1708	460	110	0	102	108	536	74	124	0	766	1684	830	478	98	0	0	122	
44204	Cerebelum_3_R	0	0	0	0	0	0	0	0	0	0	0	0	0	0	0	0	0	0	0	0	0	0	0	0	0	0	0	0	0	0	0	0	0	0	0	0	0	0	246	0	0	0	0	0	0	0	94	468	0	0	0	0	0	0	0	184	0	0	0	0	0	0	0	0	0	0	0	0	0	0	0	0	0	0	0	0	0	0	0	0	0	0	0	0	0	0	0	0	0	0	124	2324	0	412	132	0	416	3608	408	4534	0	176	0	288	72	734	0	0	798	4658	888	434	222	482	312	88	
252676	Cerebelum_4_5_L	0	0	0	0	0	0	0	0	0	0	0	0	0	0	0	0	0	0	0	0	0	0	0	0	0	0	0	0	0	0	0	0	0	0	0	0	202	80	570	0	0	0	0	0	0	0	10690	1730	0	0	0	0	0	0	15214	560	0	0	0	0	0	0	0	0	0	0	0	0	0	0	0	0	0	0	0	0	0	0	0	0	0	0	0	0	0	0	0	0	0	0	16782	1880	798	994	4364	416	0	3364	32388	4796	716	440	844	1302	3042	1212	122	0	1920	3740	11086	3804	824	298	800	1360	
213416	Cerebelum_4_5_R	0	0	0	0	0	0	0	0	0	0	0	0	0	0	0	0	0	0	0	0	0	0	0	0	0	0	0	0	0	0	0	0	0	0	0	0	0	1440	0	2338	0	0	0	0	0	0	674	6934	0	0	0	0	0	0	114	8986	0	0	0	0	0	0	0	0	0	0	0	0	0	0	0	0	0	0	0	0	0	0	0	0	0	0	0	0	0	0	0	0	0	0	1128	22986	130	1748	208	3608	3364	0	2006	31542	224	874	190	1498	114	286	0	0	320	1430	11992	1414	620	198	84	258	
576412	Cerebelum_6_L	0	0	0	0	0	0	0	0	0	0	0	0	0	0	0	0	0	0	0	0	0	0	0	0	0	0	0	0	0	0	0	0	0	0	0	0	436	0	562	0	0	0	0	0	0	0	14642	2842	0	0	106	0	172	108	34252	1568	0	0	0	0	0	0	0	0	0	0	0	0	0	0	0	0	0	0	0	0	0	0	0	0	0	0	0	0	0	0	0	0	1192	0	67942	13602	8706	8540	1708	408	32388	2006	0	17024	6688	4238	8084	7150	3382	946	888	0	750	1414	9108	21550	12554	1030	1456	764	
514680	Cerebelum_6_R	0	0	0	0	0	0	0	0	0	0	0	0	0	0	0	0	0	0	0	0	0	0	0	0	0	0	0	0	0	0	0	0	0	0	0	0	0	598	0	1326	0	0	0	0	0	0	2560	8638	0	0	0	0	0	498	2134	23038	0	0	0	0	0	0	0	0	0	0	0	0	0	0	0	0	0	0	0	0	0	0	0	0	0	0	0	0	0	0	0	0	0	406	13858	63200	2632	11402	460	4534	4796	31542	17024	0	2052	5846	2546	5662	946	1928	0	1458	752	2576	13268	16822	9842	2628	1936	432	
271096	Cerebelum_7b_L	0	0	0	0	0	0	0	0	0	0	0	0	0	0	0	0	0	0	0	0	0	0	0	0	0	0	0	0	0	0	0	0	0	0	0	0	0	0	0	0	0	0	0	0	0	0	324	196	0	0	0	0	0	0	0	0	0	0	0	0	0	0	0	0	0	0	0	0	0	0	0	0	0	0	0	0	0	0	0	0	0	0	0	0	0	0	0	0	0	0	18534	3390	32746	9944	110	0	716	224	6688	2052	0	4956	31438	5518	3130	182	358	0	0	0	420	2218	10196	1852	356	0	
244088	Cerebelum_7b_R	0	0	0	0	0	0	0	0	0	0	0	0	0	0	0	0	0	0	0	0	0	0	0	0	0	0	0	0	0	0	0	0	0	0	0	0	0	0	0	0	0	0	0	0	0	0	174	250	0	0	0	0	0	0	0	104	0	0	0	0	0	0	0	0	0	0	0	0	0	0	0	0	0	0	0	0	0	0	0	0	0	0	0	0	0	0	0	0	0	0	8030	11852	7434	25210	0	176	440	874	4238	5846	4956	0	7760	23148	626	3064	0	826	0	84	794	1250	11712	2464	732	0	
366548	Cerebelum_8_L	0	0	0	0	0	0	0	0	0	0	0	0	0	0	0	0	0	0	0	0	0	0	0	0	0	0	0	0	0	0	0	0	0	0	0	0	0	0	0	0	0	0	0	0	0	0	296	104	0	0	0	0	0	0	0	0	0	0	0	0	0	0	0	0	0	0	0	0	0	0	0	0	0	0	0	0	0	0	0	0	0	0	0	0	0	0	0	0	0	0	26918	5386	29236	14732	102	0	844	190	8084	2546	31438	7760	0	12260	15868	1256	1990	204	0	0	288	1480	16248	4516	1528	0	
352136	Cerebelum_8_R	0	0	0	0	0	0	0	0	0	0	0	0	0	0	0	0	0	0	0	0	0	0	0	0	0	0	0	0	0	0	0	0	0	0	0	0	0	0	0	0	0	0	0	0	0	0	476	244	0	0	0	0	0	0	0	176	0	0	0	0	0	0	0	0	0	0	0	0	0	0	0	0	0	0	0	0	0	0	0	0	0	0	0	0	0	0	0	0	0	0	12502	20212	7630	32442	108	288	1302	1498	7150	5662	5518	23148	12260	0	2278	16618	0	1198	0	236	1838	948	16508	4550	1278	0	
105620	Cerebelum_9_L	0	0	0	0	0	0	0	0	0	0	0	0	0	0	0	0	0	0	0	0	0	0	0	0	0	0	0	0	0	0	0	0	0	0	0	0	0	0	0	0	0	0	0	0	0	0	102	0	0	0	0	0	0	0	0	0	0	0	0	0	0	0	0	0	0	0	0	0	0	0	0	0	0	0	0	0	0	0	0	0	0	0	0	0	0	0	0	0	0	0	3638	972	1246	1524	536	72	3042	114	3382	946	3130	626	15868	2278	0	1094	3112	86	118	196	1270	2014	2514	2068	1874	988	
97064	Cerebelum_9_R	0	0	0	0	0	0	0	0	0	0	0	0	0	0	0	0	0	0	0	0	0	0	0	0	0	0	0	0	0	0	0	0	0	0	0	0	0	0	0	0	0	0	0	0	0	0	190	174	0	0	0	0	0	0	0	0	0	0	0	0	0	0	0	0	0	0	0	0	0	0	0	0	0	0	0	0	0	0	0	0	0	0	0	0	0	0	0	0	0	0	320	1112	146	1456	74	734	1212	286	946	1928	182	3064	1256	16618	1094	0	0	1994	942	1526	1658	1850	1496	3410	3288	1576	
18448	Cerebelum_10_L	0	0	0	0	0	0	0	0	0	0	0	0	0	0	0	0	0	0	0	0	0	0	0	0	0	0	0	0	0	0	0	0	0	0	0	0	0	0	0	0	0	0	0	0	0	0	0	0	0	0	0	0	0	0	0	0	0	0	0	0	0	0	0	0	0	0	0	0	0	0	0	0	0	0	0	0	0	0	0	0	0	0	0	0	0	0	0	0	0	0	1046	70	206	0	124	0	122	0	888	0	358	0	1990	0	3112	0	0	0	0	0	0	90	440	308	470	0	
20784	Cerebelum_10_R	0	0	0	0	0	0	0	0	0	0	0	0	0	0	0	0	0	0	0	0	0	0	0	0	0	0	0	0	0	0	0	0	0	0	0	0	0	0	0	0	0	0	0	0	0	0	0	0	0	0	0	0	0	0	0	0	0	0	0	0	0	0	0	0	0	0	0	0	0	0	0	0	0	0	0	0	0	0	0	0	0	0	0	0	0	0	0	0	0	0	0	1290	0	934	0	0	0	0	0	1458	0	826	204	1198	86	1994	0	0	0	0	0	0	782	942	678	0	
32024	Vermis_1_2	0	0	0	0	0	0	0	0	0	0	0	0	0	0	0	0	0	0	0	0	0	0	0	0	0	0	0	0	0	0	0	0	0	0	0	0	0	0	140	0	0	0	0	0	0	0	222	262	0	0	0	0	0	0	0	0	0	0	0	0	0	0	0	0	0	0	0	0	0	0	0	0	0	0	0	0	0	0	0	0	0	0	0	0	0	0	0	0	0	0	0	70	0	0	766	798	1920	320	750	752	0	0	0	0	118	942	0	0	0	5820	1800	606	0	258	308	160	
64136	Vermis_3	0	0	0	0	0	0	0	0	0	0	0	0	0	0	0	0	0	0	0	0	0	0	0	0	0	0	0	0	0	0	0	0	0	0	0	0	96	0	376	0	0	0	0	0	0	0	636	602	0	0	0	0	0	0	0	182	0	0	0	0	0	0	0	0	0	0	0	0	0	0	0	0	0	0	0	0	0	0	0	0	0	0	0	0	0	0	0	0	0	0	144	1032	0	226	1684	4658	3740	1430	1414	2576	0	84	0	236	196	1526	0	0	5820	0	2926	942	212	592	518	220	
188740	Vermis_4_5	0	124	0	0	0	0	0	0	0	0	0	0	0	0	0	0	0	0	0	0	0	0	0	0	0	0	0	0	0	0	0	0	0	0	0	150	0	128	0	0	0	0	0	168	0	0	3770	5738	0	0	0	0	0	0	1280	2188	0	0	0	0	0	0	0	0	0	0	0	214	0	0	0	0	0	0	0	0	0	0	0	0	0	0	0	0	0	0	0	0	0	0	3212	7026	260	1526	830	888	11086	11992	9108	13268	420	794	288	1838	1270	1658	0	0	1800	2926	0	6342	716	418	938	2006	
229040	Vermis_6	0	0	0	0	0	0	0	0	0	0	0	0	0	0	0	0	0	0	0	0	0	0	0	0	0	0	0	0	0	0	0	0	0	0	0	0	0	0	0	0	0	0	0	0	0	0	3480	3402	0	0	0	0	0	320	3924	2174	0	0	0	0	0	0	0	0	0	0	0	0	0	0	0	0	0	0	0	0	0	0	0	0	0	0	0	0	0	0	0	0	0	0	14184	10994	1780	2352	478	434	3804	1414	21550	16822	2218	1250	1480	948	2014	1850	90	0	606	942	6342	0	5068	744	1794	2062	
349260	Vermis_7	0	0	0	0	0	0	0	0	0	0	0	0	0	0	0	0	0	0	0	0	0	0	0	0	0	0	0	0	0	0	0	0	0	0	0	0	0	0	0	0	0	0	0	0	0	0	812	108	0	0	0	0	0	0	576	228	0	0	0	0	0	0	0	0	0	0	0	0	0	0	0	0	0	0	0	0	0	0	0	0	0	0	0	0	0	0	0	0	0	0	21396	15786	15380	24286	98	222	824	620	12554	9842	10196	11712	16248	16508	2514	1496	440	782	0	212	716	5068	0	3906	2100	0	
87628	Vermis_8	0	0	0	0	0	0	0	0	0	0	0	0	0	0	0	0	0	0	0	0	0	0	0	0	0	0	0	0	0	0	0	0	0	0	0	0	0	0	0	0	0	0	0	0	0	0	0	132	0	0	0	0	0	0	0	0	0	0	0	0	0	0	0	0	0	0	0	0	0	0	0	0	0	0	0	0	0	0	0	0	0	0	0	0	0	0	0	0	0	0	1474	1736	1872	3776	0	482	298	198	1030	2628	1852	2464	4516	4550	2068	3410	308	942	258	592	418	744	3906	0	3860	300	
