data	data	452860	324524	1.04017e+06	676676	178888	73608	443620	215676	75716	34888	171156	175308	261692	193392	179084	130616	182640	121040	799900	787020	103796	114420	294620	339324	28900	85496	77672	87344	687916	383240	303160	507652	159776	460304	163392	175760	262428	380744	108152	286192	29448	60284	272208	269512	177720	294424	226444	282116	131740	291860	401920	277924	152556	75548	488448	571704	263088	238908	101820	84864	164620	109332	87792	114760	87576	141000	340204	384992	197572	186816	349396	370332	358836	398968	54132	29812	153448	174112	114940	25460	204664	108624	149808	64476	317636	230904	56800	51824	312024	229208	507716	416468	370356	306652	35044	90044	283852	256400	488276	447784	186352	115752	330172	305912	108960	156828	25136	17232	21664	29332	215200	265760	212416	120956	127968	55376	
data	data	Precentral_L	Precentral_R	Frontal_Sup_L	Frontal_Sup_R	Frontal_Sup_Orb_L	Frontal_Sup_Orb_R	Frontal_Mid_L	Frontal_Mid_R	Frontal_Mid_Orb_L	Frontal_Mid_Orb_R	Frontal_Inf_Oper_L	Frontal_Inf_Oper_R	Frontal_Inf_Tri_L	Frontal_Inf_Tri_R	Frontal_Inf_Orb_L	Frontal_Inf_Orb_R	Rolandic_Oper_L	Rolandic_Oper_R	Supp_Motor_Area_L	Supp_Motor_Area_R	Olfactory_L	Olfactory_R	Frontal_Sup_Medial_L	Frontal_Sup_Medial_R	Frontal_Med_Orb_L	Frontal_Med_Orb_R	Rectus_L	Rectus_R	Insula_L	Insula_R	Cingulum_Ant_L	Cingulum_Ant_R	Cingulum_Mid_L	Cingulum_Mid_R	Cingulum_Post_L	Cingulum_Post_R	Hippocampus_L	Hippocampus_R	ParaHippocampal_L	ParaHippocampal_R	Amygdala_L	Amygdala_R	Calcarine_L	Calcarine_R	Cuneus_L	Cuneus_R	Lingual_L	Lingual_R	Occipital_Sup_L	Occipital_Sup_R	Occipital_Mid_L	Occipital_Mid_R	Occipital_Inf_L	Occipital_Inf_R	Fusiform_L	Fusiform_R	Postcentral_L	Postcentral_R	Parietal_Sup_L	Parietal_Sup_R	Parietal_Inf_L	Parietal_Inf_R	SupraMarginal_L	SupraMarginal_R	Angular_L	Angular_R	Precuneus_L	Precuneus_R	Paracentral_Lobule_L	Paracentral_Lobule_R	Caudate_L	Caudate_R	Putamen_L	Putamen_R	Pallidum_L	Pallidum_R	Thalamus_L	Thalamus_R	Heschl_L	Heschl_R	Temporal_Sup_L	Temporal_Sup_R	Temporal_Pole_Sup_L	Temporal_Pole_Sup_R	Temporal_Mid_L	Temporal_Mid_R	Temporal_Pole_Mid_L	Temporal_Pole_Mid_R	Temporal_Inf_L	Temporal_Inf_R	Cerebelum_Crus1_L	Cerebelum_Crus1_R	Cerebelum_Crus2_L	Cerebelum_Crus2_R	Cerebelum_3_L	Cerebelum_3_R	Cerebelum_4_5_L	Cerebelum_4_5_R	Cerebelum_6_L	Cerebelum_6_R	Cerebelum_7b_L	Cerebelum_7b_R	Cerebelum_8_L	Cerebelum_8_R	Cerebelum_9_L	Cerebelum_9_R	Cerebelum_10_L	Cerebelum_10_R	Vermis_1_2	Vermis_3	Vermis_4_5	Vermis_6	Vermis_7	Vermis_8	Vermis_9	Vermis_10	
452860	Precentral_L	0	4730	13538	1706	0	0	20738	260	0	0	9196	0	2012	0	0	0	9274	0	6006	14976	0	0	0	0	0	0	0	0	12916	160	308	182	180	8032	2762	2640	3226	2070	116	420	0	0	312	242	212	0	0	138	0	0	2362	0	596	0	1900	302	27752	1308	420	0	6658	0	2402	302	2156	0	470	1160	15668	6750	4242	146	1674	142	1918	0	15564	1870	7178	0	2764	0	310	0	1942	668	0	0	1050	404	0	0	0	0	0	0	0	0	0	0	0	0	0	0	0	0	0	0	0	0	0	0	0	0	0	0	
324524	Precentral_R	4730	0	2960	8218	0	0	816	5058	0	0	0	5388	0	128	0	0	122	1980	4562	8732	0	0	0	0	0	0	0	0	388	4750	0	0	0	442	896	2242	216	5646	0	1110	0	142	0	552	0	788	0	278	0	780	0	522	0	532	0	3120	202	24280	0	614	0	2164	0	3260	0	352	638	2780	1048	6202	1816	10406	164	4172	0	700	4156	24874	108	788	0	1934	0	0	0	3666	0	0	0	2840	0	0	0	0	0	0	0	0	0	0	0	0	0	0	0	0	0	0	0	0	0	0	0	0	0	0	
1.04017e+06	Frontal_Sup_L	13538	2960	0	14834	11110	0	56666	1648	2828	0	7464	486	16572	168	5656	0	5590	562	106594	31700	0	0	37370	9748	194	114	374	0	42922	562	20930	14160	8966	13522	336	156	5344	988	390	130	0	0	0	0	0	0	140	0	0	0	332	0	120	0	2932	0	3286	186	0	0	388	124	252	332	108	0	110	0	344	0	18286	4458	25714	1046	6330	550	7750	1002	1782	0	3508	0	2082	0	800	0	0	0	2776	0	278	0	212	0	0	0	0	0	276	0	0	0	0	0	0	0	0	0	0	0	0	0	0	0	0	0	
676676	Frontal_Sup_R	1706	8218	14834	0	150	1840	1342	34188	0	126	0	9842	256	14208	0	5784	0	6406	18572	51484	0	764	5516	30864	0	2668	0	940	1538	18346	3044	33174	508	15666	136	256	0	1638	0	282	0	0	0	0	0	0	0	0	0	0	0	0	0	0	0	276	0	392	0	0	0	108	0	190	0	0	0	0	0	120	9924	20756	1114	14246	0	170	208	3488	150	464	120	252	0	0	0	1510	0	0	0	554	0	0	0	0	0	0	0	0	0	0	0	0	0	0	0	0	0	0	0	0	0	0	0	0	0	0	
178888	Frontal_Sup_Orb_L	0	0	11110	150	0	128	1894	0	11020	0	0	0	968	0	12264	0	0	0	568	0	3706	1168	5994	1068	3072	1116	7658	748	5600	0	6966	1450	0	0	0	0	0	0	0	0	316	0	0	0	0	0	0	0	0	0	0	0	0	0	0	0	0	0	0	0	0	0	0	0	0	0	0	0	0	0	5068	284	6532	0	0	0	0	0	0	0	0	0	596	0	0	0	0	0	0	0	0	0	0	0	0	0	0	0	0	0	0	0	0	0	0	0	0	0	0	0	0	0	0	0	0	0	
73608	Frontal_Sup_Orb_R	0	0	0	1840	128	0	0	748	0	5360	0	0	0	334	0	4466	0	0	0	0	610	2122	0	1800	116	3636	472	5472	0	1160	236	2574	0	0	0	0	0	0	0	0	0	0	0	0	0	0	0	0	0	0	0	0	0	0	0	0	0	0	0	0	0	0	0	0	0	0	0	0	0	0	622	3040	214	1854	0	0	0	0	0	0	0	0	0	0	0	0	0	0	0	0	0	0	0	0	0	0	0	0	0	0	0	0	0	0	0	0	0	0	0	0	0	0	0	0	0	0	
443620	Frontal_Mid_L	20738	816	56666	1342	1894	0	0	0	4232	0	9662	0	33124	0	8576	0	1720	0	12816	1558	0	0	8910	262	0	0	0	0	24736	0	4828	474	4340	320	0	0	890	158	0	0	0	0	0	0	0	0	0	0	0	0	430	0	0	0	156	0	1130	0	202	0	358	0	0	0	0	0	0	0	0	0	5036	132	2230	0	740	0	7390	114	4316	0	550	0	698	0	146	0	0	0	120	0	0	0	0	0	0	0	0	0	0	0	0	0	0	0	0	0	0	0	0	0	0	0	0	0	0	0	
215676	Frontal_Mid_R	260	5058	1648	34188	0	748	0	0	0	1934	0	9322	0	13670	0	5838	0	2030	1684	4112	0	0	388	4192	0	0	0	0	212	5248	0	1342	0	1244	0	112	0	2016	0	348	0	0	0	0	0	0	0	0	0	0	0	0	0	0	0	430	0	432	0	0	0	330	0	462	0	0	0	0	0	0	1412	2750	0	3040	0	188	216	2228	0	284	0	160	0	0	0	144	0	0	0	168	0	0	0	0	0	0	0	0	0	0	0	0	0	0	0	0	0	0	0	0	0	0	0	0	0	0	
75716	Frontal_Mid_Orb_L	0	0	2828	0	11020	0	4232	0	0	0	0	0	1400	0	11014	0	0	0	0	0	638	150	0	0	0	0	1324	110	2152	0	986	0	0	0	0	0	0	0	0	0	0	0	0	0	0	0	0	0	0	0	0	0	0	0	0	0	0	0	0	0	0	0	0	0	0	0	0	0	0	0	436	0	1152	0	0	0	0	0	0	0	0	0	416	0	0	0	0	0	0	0	0	0	0	0	0	0	0	0	0	0	0	0	0	0	0	0	0	0	0	0	0	0	0	0	0	0	
34888	Frontal_Mid_Orb_R	0	0	0	126	0	5360	0	1934	0	0	0	0	0	664	0	6976	0	0	0	0	0	0	0	0	0	0	0	130	0	572	0	0	0	0	0	0	0	0	0	0	0	0	0	0	0	0	0	0	0	0	0	0	0	0	0	0	0	0	0	0	0	0	0	0	0	0	0	0	0	0	0	736	0	946	0	0	0	0	0	0	0	0	0	0	0	0	0	0	0	0	0	0	0	0	0	0	0	0	0	0	0	0	0	0	0	0	0	0	0	0	0	0	0	0	0	0	
171156	Frontal_Inf_Oper_L	9196	0	7464	0	0	0	9662	0	0	0	0	0	10938	0	148	0	8888	0	5988	0	0	0	124	0	0	0	0	0	17342	0	0	0	0	0	0	0	518	0	0	0	0	0	0	0	0	0	0	0	0	0	0	0	0	0	172	0	2112	0	0	0	212	0	196	0	0	0	0	0	0	0	0	0	944	0	414	0	252	0	2960	0	4832	0	2672	0	544	0	0	0	0	0	0	0	0	0	0	0	0	0	0	0	0	0	0	0	0	0	0	0	0	0	0	0	0	0	0	0	
175308	Frontal_Inf_Oper_R	0	5388	486	9842	0	0	0	9322	0	0	0	0	0	8328	0	350	0	7910	578	6932	0	0	0	480	0	0	0	0	0	12552	0	964	0	1094	0	0	0	2180	0	916	0	0	0	0	0	0	0	0	0	0	0	0	0	0	0	966	0	3776	0	0	0	386	0	536	0	0	0	0	0	0	234	1262	0	9924	0	286	0	1042	0	608	0	264	0	522	0	0	0	0	0	180	0	132	0	0	0	0	0	0	0	214	0	0	0	0	0	0	0	0	0	0	0	0	0	0	0	0	
261692	Frontal_Inf_Tri_L	2012	0	16572	256	968	0	33124	0	1400	0	10938	0	0	0	13020	0	1650	0	6516	386	0	0	2342	0	0	0	0	0	29800	0	534	114	2008	238	0	0	222	0	0	0	0	0	0	0	0	0	0	0	0	0	0	0	0	0	0	0	160	0	0	0	0	0	0	0	0	0	0	0	0	0	462	0	3244	0	288	0	136	0	800	0	1318	0	2202	0	136	0	0	0	0	0	0	0	0	0	0	0	0	0	0	0	0	0	0	0	0	0	0	0	0	0	0	0	0	0	0	0	
193392	Frontal_Inf_Tri_R	0	128	168	14208	0	334	0	13670	0	664	0	8328	0	0	0	7540	0	478	1224	4544	0	320	172	3260	0	382	0	334	0	20842	0	4476	0	2400	0	0	0	1590	0	1018	0	0	0	0	0	0	0	0	0	0	0	0	0	0	0	1170	0	0	0	0	0	0	0	0	0	0	0	0	0	0	0	1372	0	6578	0	0	0	498	0	0	0	0	0	0	0	0	0	0	0	324	0	186	0	0	0	0	0	166	0	322	0	0	0	0	0	0	0	0	0	0	0	0	0	0	0	0	
179084	Frontal_Inf_Orb_L	0	0	5656	0	12264	0	8576	0	11014	0	148	0	13020	0	0	0	0	0	984	0	3722	678	206	0	0	330	2856	436	15136	0	426	208	120	0	0	0	0	0	0	0	288	0	0	0	0	0	0	0	0	0	0	0	0	0	0	0	0	0	0	0	0	0	0	0	0	0	0	0	0	0	2902	138	6092	0	0	0	0	0	0	0	242	0	4100	0	0	0	0	0	0	0	0	0	0	0	0	0	0	0	0	0	0	0	0	0	0	0	0	0	0	0	0	0	0	0	0	0	
130616	Frontal_Inf_Orb_R	0	0	0	5784	0	4466	0	5838	0	6976	0	350	0	7540	0	0	0	162	322	2064	228	1790	0	1320	0	158	0	1422	0	12986	0	1988	0	498	0	0	0	0	0	492	0	436	0	0	0	0	0	0	0	0	0	0	0	0	0	594	0	0	0	0	0	0	0	0	0	0	0	0	0	0	548	4328	0	4220	0	0	0	0	0	0	0	0	0	798	0	0	0	0	0	0	0	0	0	0	0	0	0	0	0	0	0	0	0	0	0	0	0	0	0	0	0	0	0	0	0	0	
182640	Rolandic_Oper_L	9274	122	5590	0	0	0	1720	0	0	0	8888	0	1650	0	0	0	0	0	4194	0	0	0	0	0	0	0	0	0	18234	0	0	0	0	0	0	0	940	0	0	0	0	0	212	0	0	0	0	0	0	0	1380	0	562	0	1016	0	7686	0	0	0	1182	0	2722	0	1836	0	236	0	0	0	0	0	846	0	236	0	284	0	4958	0	10332	0	3970	0	2564	0	0	0	686	0	0	0	0	0	0	0	0	0	0	0	0	0	0	0	0	0	0	0	0	0	0	0	0	0	0	0	
121040	Rolandic_Oper_R	0	1980	562	6406	0	0	0	2030	0	0	0	7910	0	478	0	162	0	0	558	7082	0	0	0	176	0	0	0	0	0	13980	0	640	0	1030	0	0	0	1456	0	348	0	0	0	0	0	0	0	0	0	0	0	0	0	0	0	694	0	2792	0	0	0	0	0	2128	0	0	0	268	0	0	186	244	0	4048	0	0	0	636	0	1962	0	1832	0	522	0	192	0	0	0	218	0	0	0	0	0	0	0	0	0	0	0	0	0	0	0	0	0	0	0	0	0	0	0	0	0	0	
799900	Supp_Motor_Area_L	6006	4562	106594	18572	568	0	12816	1684	0	0	5988	578	6516	1224	984	322	4194	558	0	52508	0	0	7632	6448	0	0	0	0	26654	2104	12854	14984	10878	25406	1540	158	2116	840	274	170	0	0	0	0	0	0	0	0	0	0	182	0	0	0	1948	144	1646	304	0	0	142	130	198	484	0	0	0	0	1216	140	15856	6104	18482	1430	3968	570	1318	772	1066	0	3250	0	1850	0	546	182	0	0	1796	0	178	0	144	0	0	0	0	0	172	0	0	0	0	0	0	0	0	0	0	0	0	0	0	0	0	0	
787020	Supp_Motor_Area_R	14976	8732	31700	51484	0	0	1558	4112	0	0	0	6932	386	4544	0	2064	0	7082	52508	0	0	142	1286	10448	0	352	0	194	2416	9972	2670	24134	4306	44834	3708	4334	0	958	0	294	0	0	0	846	134	558	0	440	0	322	0	248	0	388	0	1316	850	5216	0	0	0	0	0	278	0	0	332	4444	12690	17448	10376	19936	1464	12062	0	900	242	148	146	624	418	318	254	0	0	2830	0	0	0	2156	0	0	0	0	0	0	0	0	0	0	0	0	0	0	0	0	0	0	0	0	0	0	0	0	0	0	
103796	Olfactory_L	0	0	0	0	3706	610	0	0	638	0	0	0	0	0	3722	228	0	0	0	0	0	6580	0	164	286	1872	4490	2678	4274	0	2320	1874	0	0	0	0	0	0	330	0	534	0	0	0	0	0	0	0	0	0	0	0	0	0	0	0	0	0	0	0	0	0	0	0	0	0	0	0	0	0	9294	2718	3276	372	0	0	0	208	0	0	0	0	1724	0	0	0	0	0	0	0	0	0	0	0	0	0	0	0	0	0	0	0	0	0	0	0	0	0	0	0	0	0	0	0	0	0	
114420	Olfactory_R	0	0	0	764	1168	2122	0	0	150	0	0	0	0	320	678	1790	0	0	0	142	6580	0	228	1052	0	4002	2494	7276	156	2790	1924	3848	0	0	0	0	0	0	0	290	0	550	0	0	0	0	0	0	0	0	0	0	0	0	0	0	0	0	0	0	0	0	0	0	0	0	0	0	0	0	8180	5562	3446	1276	296	0	0	0	0	0	0	0	0	126	0	0	0	0	0	0	0	0	0	0	0	0	0	0	0	0	0	0	0	0	0	0	0	0	0	0	0	0	0	0	0	0	
294620	Frontal_Sup_Medial_L	0	0	37370	5516	5994	0	8910	388	0	0	124	0	2342	172	206	0	0	0	7632	1286	0	228	0	21080	2216	746	798	142	3066	182	19756	10860	5698	7342	0	0	0	0	0	0	0	0	0	0	0	0	0	0	0	0	0	0	0	0	0	0	0	0	0	0	0	0	0	0	0	0	0	0	0	0	1372	858	2756	270	0	0	0	0	0	0	0	0	0	0	0	0	0	0	0	0	0	0	0	0	0	0	0	0	0	0	0	0	0	0	0	0	0	0	0	0	0	0	0	0	0	0	
339324	Frontal_Sup_Medial_R	0	0	9748	30864	1068	1800	262	4192	0	0	0	480	0	3260	0	1320	0	176	6448	10448	164	1052	21080	0	348	4320	134	1406	186	3480	7310	28462	646	15770	0	0	0	170	0	0	0	0	0	0	0	0	0	0	0	0	0	0	0	0	0	0	0	0	0	0	0	0	0	0	0	0	0	0	0	0	810	9984	564	3444	0	0	0	266	0	0	0	0	0	0	0	0	0	0	0	0	0	0	0	0	0	0	0	0	0	0	0	0	0	0	0	0	0	0	0	0	0	0	0	0	0	0	
28900	Frontal_Med_Orb_L	0	0	194	0	3072	116	0	0	0	0	0	0	0	0	0	0	0	0	0	0	286	0	2216	348	0	1250	1454	122	0	0	3784	308	0	0	0	0	0	0	0	0	0	0	0	0	0	0	0	0	0	0	0	0	0	0	0	0	0	0	0	0	0	0	0	0	0	0	0	0	0	0	582	0	718	0	0	0	0	0	0	0	0	0	0	0	0	0	0	0	0	0	0	0	0	0	0	0	0	0	0	0	0	0	0	0	0	0	0	0	0	0	0	0	0	0	0	0	
85496	Frontal_Med_Orb_R	0	0	114	2668	1116	3636	0	0	0	0	0	0	0	382	330	158	0	0	0	352	1872	4002	746	4320	1250	0	1500	7146	0	384	1538	5624	0	0	0	0	0	0	0	0	0	0	0	0	0	0	0	0	0	0	0	0	0	0	0	0	0	0	0	0	0	0	0	0	0	0	0	0	0	0	1642	2960	540	468	0	0	0	0	0	0	0	0	0	0	0	0	0	0	0	0	0	0	0	0	0	0	0	0	0	0	0	0	0	0	0	0	0	0	0	0	0	0	0	0	0	0	
77672	Rectus_L	0	0	374	0	7658	472	0	0	1324	0	0	0	0	0	2856	0	0	0	0	0	4490	2494	798	134	1454	1500	0	1912	1280	0	4074	920	0	0	0	0	0	0	0	0	0	0	0	0	0	0	0	0	0	0	0	0	0	0	0	0	0	0	0	0	0	0	0	0	0	0	0	0	0	0	4838	472	1440	0	0	0	0	0	0	0	0	0	346	0	0	0	0	0	0	0	0	0	0	0	0	0	0	0	0	0	0	0	0	0	0	0	0	0	0	0	0	0	0	0	0	0	
87344	Rectus_R	0	0	0	940	748	5472	0	0	110	130	0	0	0	334	436	1422	0	0	0	194	2678	7276	142	1406	122	7146	1912	0	108	1310	662	3460	0	0	0	0	0	0	0	0	0	0	0	0	0	0	0	0	0	0	0	0	0	0	0	0	0	0	0	0	0	0	0	0	0	0	0	0	0	0	2666	2930	864	1204	0	0	0	0	0	0	0	0	0	0	0	0	0	0	0	0	0	0	0	0	0	0	0	0	0	0	0	0	0	0	0	0	0	0	0	0	0	0	0	0	0	0	
687916	Insula_L	12916	388	42922	1538	5600	0	24736	212	2152	0	17342	0	29800	0	15136	0	18234	0	26654	2416	4274	156	3066	186	0	0	1280	108	0	0	1642	568	2402	352	524	690	12330	760	1982	328	1346	0	184	0	0	0	172	0	0	0	826	0	494	0	11320	0	4702	0	0	0	440	0	912	0	206	0	234	0	136	0	3362	220	24612	0	646	0	3116	876	14870	0	14738	0	13358	0	4764	0	580	0	9902	0	448	0	358	0	0	0	0	0	442	0	0	0	0	0	0	0	0	0	0	0	0	0	0	0	0	0	
383240	Insula_R	160	4750	562	18346	0	1160	0	5248	0	572	0	12552	0	20842	0	12986	0	13980	2104	9972	0	2790	182	3480	0	384	0	1310	0	0	162	5868	0	3632	134	166	0	11276	0	4988	0	1336	0	0	0	0	0	0	0	0	0	0	0	376	0	7254	0	3566	0	0	0	0	0	0	0	0	0	168	0	0	242	2268	0	24246	0	118	236	2568	0	1268	0	4108	0	644	0	1668	0	0	0	3210	0	162	0	0	0	0	0	278	0	298	0	0	0	0	0	0	0	0	0	0	0	0	0	0	0	0	
303160	Cingulum_Ant_L	308	0	20930	3044	6966	236	4828	0	986	0	0	0	534	0	426	0	0	0	12854	2670	2320	1924	19756	7310	3784	1538	4074	662	1642	162	0	19680	10334	4914	668	0	0	0	0	0	0	0	0	0	0	0	0	0	0	0	0	0	0	0	0	0	0	0	0	0	0	0	0	0	0	0	0	0	0	0	9378	2520	6432	700	0	0	0	0	0	0	0	0	0	0	0	0	0	0	0	0	0	0	0	0	0	0	0	0	0	0	0	0	0	0	0	0	0	0	0	0	0	0	0	0	0	0	
507652	Cingulum_Ant_R	182	0	14160	33174	1450	2574	474	1342	0	0	0	964	114	4476	208	1988	0	640	14984	24134	1874	3848	10860	28462	308	5624	920	3460	568	5868	19680	0	2222	21528	0	0	0	152	0	0	0	0	0	0	0	0	0	0	0	0	0	0	0	0	0	0	0	0	0	0	0	0	0	0	0	0	0	0	0	0	6208	25914	3098	12144	0	0	0	224	0	0	0	0	0	0	0	0	0	0	0	0	0	0	0	0	0	0	0	0	0	0	0	0	0	0	0	0	0	0	0	0	0	0	0	0	0	0	
159776	Cingulum_Mid_L	180	0	8966	508	0	0	4340	0	0	0	0	0	2008	0	120	0	0	0	10878	4306	0	0	5698	646	0	0	0	0	2402	0	10334	2222	0	9596	3440	544	0	0	0	0	0	0	750	0	1134	0	0	0	584	0	2152	0	0	0	0	0	406	0	178	0	196	0	0	0	172	0	3150	364	3470	306	0	0	0	0	0	0	0	0	0	0	0	0	0	0	838	0	0	0	0	0	0	0	0	0	0	0	0	0	0	0	0	0	0	0	0	0	0	0	0	0	0	0	0	0	0	0	
460304	Cingulum_Mid_R	8032	442	13522	15666	0	0	320	1244	0	0	0	1094	238	2400	0	498	0	1030	25406	44834	0	0	7342	15770	0	0	0	0	352	3632	4914	21528	9596	0	3524	4080	0	148	0	0	0	0	0	1398	0	1974	0	740	0	1104	0	1206	0	130	0	328	442	2880	0	0	0	0	0	0	0	0	788	8338	8470	13036	712	1436	118	866	0	0	0	0	0	128	0	0	0	0	0	194	0	0	0	252	0	0	0	0	0	0	0	0	0	0	0	0	0	0	0	0	0	0	0	0	0	0	0	0	0	0	
163392	Cingulum_Post_L	2762	896	336	136	0	0	0	0	0	0	0	0	0	0	0	0	0	0	1540	3708	0	0	0	0	0	0	0	0	524	134	668	0	3440	3524	0	12966	5416	5378	3742	2452	0	0	2320	0	1528	128	896	360	616	0	698	0	470	0	1698	1056	1708	720	0	0	178	0	0	0	0	0	5844	1554	6666	3066	108	0	0	0	0	0	1548	1810	334	0	184	0	0	0	134	0	0	0	320	0	0	0	0	0	0	0	0	0	0	0	0	0	0	0	0	0	0	0	0	0	130	0	0	0	0	0	
175760	Cingulum_Post_R	2640	2242	156	256	0	0	0	112	0	0	0	0	0	0	0	0	0	0	158	4334	0	0	0	0	0	0	0	0	690	166	0	0	544	4080	12966	0	4124	7520	2256	3352	0	0	0	1226	0	580	0	4416	0	228	0	260	0	1018	112	4264	450	3848	0	0	154	0	0	0	0	0	1148	9932	1872	6166	136	0	134	118	0	0	2286	2398	508	0	168	0	0	0	0	0	0	0	0	322	0	0	0	0	0	0	0	0	0	0	0	0	0	0	0	0	0	0	0	0	540	0	0	0	0	0	
262428	Hippocampus_L	3226	216	5344	0	0	0	890	0	0	0	518	0	222	0	0	0	940	0	2116	0	0	0	0	0	0	0	0	0	12330	0	0	0	0	0	5416	4124	0	3946	12494	2058	4826	0	1306	0	0	0	2318	504	0	0	142	0	112	0	18422	282	396	0	0	0	0	0	0	0	0	0	2220	812	0	0	718	0	6716	0	378	0	5068	1480	1608	0	4354	0	1386	0	3430	0	938	0	15556	0	1166	0	770	0	0	0	598	130	1330	0	0	0	292	0	0	0	0	0	0	0	116	0	0	0	0	0	
380744	Hippocampus_R	2070	5646	988	1638	0	0	158	2016	0	0	0	2180	0	1590	0	0	0	1456	840	958	0	0	0	170	0	0	0	0	760	11276	0	152	0	148	5378	7520	3946	0	2108	34888	0	7022	0	406	0	0	0	2434	0	0	0	0	0	436	0	34156	254	2694	0	0	0	0	0	190	0	0	162	3110	192	182	744	330	204	18728	0	2032	3586	6780	512	184	162	1528	0	298	0	2052	0	0	0	8120	0	1556	0	142	0	348	0	2468	0	2900	0	0	0	170	0	0	0	0	0	0	404	0	0	0	0	0	
108152	ParaHippocampal_L	116	0	390	0	0	0	0	0	0	0	0	0	0	0	0	0	0	0	274	0	330	0	0	0	0	0	0	0	1982	0	0	0	0	0	3742	2256	12494	2108	0	1164	1806	0	1428	0	0	0	2238	452	0	0	0	0	0	0	7422	242	0	0	0	0	0	0	0	0	0	0	2150	606	0	0	0	0	744	0	0	0	926	0	0	0	280	0	1480	0	308	0	1264	0	1408	0	1232	0	490	0	170	0	1912	0	1718	0	0	0	306	0	172	0	0	0	0	218	128	0	120	0	0	0	
286192	ParaHippocampal_R	420	1110	130	282	0	0	0	348	0	0	0	916	0	1018	0	492	0	348	170	294	0	290	0	0	0	0	0	0	328	4988	0	0	0	0	2452	3352	2058	34888	1164	0	0	7996	0	714	0	0	0	3376	0	0	0	0	0	316	0	32660	0	466	0	0	0	0	0	0	0	0	0	2288	0	0	140	0	0	12752	0	1920	1272	3134	254	0	110	192	0	4668	0	614	0	2642	0	2950	0	1662	0	132	0	470	0	3702	0	3112	0	0	0	208	0	0	0	0	0	0	298	0	0	0	0	0	
29448	Amygdala_L	0	0	0	0	316	0	0	0	0	0	0	0	0	0	288	0	0	0	0	0	534	0	0	0	0	0	0	0	1346	0	0	0	0	0	0	0	4826	0	1806	0	0	0	0	0	0	0	0	0	0	0	0	0	0	0	2448	0	0	0	0	0	0	0	0	0	0	0	0	0	0	0	0	0	264	0	0	0	0	0	0	0	0	0	962	0	0	0	202	0	1732	0	0	0	0	0	0	0	0	0	0	0	0	0	0	0	0	0	0	0	0	0	0	0	0	0	0	0	
60284	Amygdala_R	0	142	0	0	0	0	0	0	0	0	0	0	0	0	0	436	0	0	0	0	0	550	0	0	0	0	0	0	0	1336	0	0	0	0	0	0	0	7022	0	7996	0	0	0	0	0	0	0	0	0	0	0	0	0	0	0	6704	0	0	0	0	0	0	0	0	0	0	0	0	0	0	0	0	0	1686	0	0	0	194	0	0	0	0	0	3088	0	0	0	730	0	258	0	0	0	0	0	0	0	0	0	0	0	0	0	0	0	0	0	0	0	0	0	0	0	0	0	0	
272208	Calcarine_L	312	0	0	0	0	0	0	0	0	0	0	0	0	0	0	0	212	0	0	0	0	0	0	0	0	0	0	0	184	0	0	0	750	0	2320	0	1306	0	1428	0	0	0	0	6210	13410	5468	15044	1306	6314	2046	26550	542	7770	0	7930	0	3534	0	940	0	616	0	0	0	0	0	21772	334	2560	0	0	0	0	0	0	0	0	0	0	0	0	0	0	0	5056	0	0	0	2070	0	0	0	0	0	0	0	0	0	120	0	0	0	0	0	0	0	0	0	0	0	0	0	0	0	0	0	
269512	Calcarine_R	242	552	0	0	0	0	0	0	0	0	0	0	0	0	0	0	0	0	0	846	0	0	0	0	0	0	0	0	0	0	0	0	0	1398	0	1226	0	406	0	714	0	0	6210	0	2656	22510	2474	17200	0	18372	0	13502	0	4364	0	12554	0	3154	0	120	0	0	0	170	0	148	0	15408	256	2424	0	0	0	0	0	0	0	0	0	0	0	190	0	0	0	3270	0	0	0	4196	0	0	0	0	0	0	0	0	0	194	0	0	0	0	0	0	0	0	0	0	0	0	0	0	0	0	
177720	Cuneus_L	212	0	0	0	0	0	0	0	0	0	0	0	0	0	0	0	0	0	0	134	0	0	0	0	0	0	0	0	0	0	0	0	1134	0	1528	0	0	0	0	0	0	0	13410	2656	0	5328	2182	142	15230	2208	9592	162	2812	0	1194	0	1892	0	3540	0	350	0	0	0	0	0	17504	1138	3524	0	0	0	0	0	0	0	0	0	0	0	0	0	0	0	1746	0	0	0	1242	0	0	0	0	0	0	0	0	0	0	0	0	0	0	0	0	0	0	0	0	0	0	0	0	0	0	0	
294424	Cuneus_R	0	788	0	0	0	0	0	0	0	0	0	0	0	0	0	0	0	0	0	558	0	0	0	0	0	0	0	0	0	0	0	0	0	1974	128	580	0	0	0	0	0	0	5468	22510	5328	0	1582	8026	116	33192	0	17298	0	860	0	6430	0	1954	0	3248	0	672	0	436	0	826	7768	24480	0	1270	0	0	0	0	0	0	0	0	0	0	0	574	0	0	0	678	0	0	0	468	0	0	0	0	0	0	0	0	0	0	0	0	0	0	0	0	0	0	0	0	0	0	0	0	0	0	
226444	Lingual_L	0	0	140	0	0	0	0	0	0	0	0	0	0	0	0	0	0	0	0	0	0	0	0	0	0	0	0	0	172	0	0	0	0	0	896	0	2318	0	2238	0	0	0	15044	2474	2182	1582	0	2448	4902	820	18316	518	6182	0	14698	0	210	0	0	0	0	0	0	0	0	0	4726	212	112	0	0	0	0	0	0	0	0	0	0	0	140	0	0	0	210	0	0	0	584	0	7538	776	398	0	174	0	6322	668	10632	936	0	0	264	0	0	0	0	0	0	0	2360	1848	182	0	0	0	
282116	Lingual_R	138	278	0	0	0	0	0	0	0	0	0	0	0	0	0	0	0	0	0	440	0	0	0	0	0	0	0	0	0	0	0	0	0	740	360	4416	504	2434	452	3376	0	0	1306	17200	142	8026	2448	0	0	9560	0	8758	0	2814	976	22726	0	792	0	174	0	0	0	0	0	0	1060	12444	136	988	0	0	0	0	0	0	0	0	0	0	0	0	0	0	0	292	0	0	0	614	1904	5428	588	522	0	444	1214	6096	2778	8074	0	0	0	370	0	204	0	108	0	0	4196	4488	1050	0	0	0	
131740	Occipital_Sup_L	0	0	0	0	0	0	0	0	0	0	0	0	0	0	0	0	0	0	0	0	0	0	0	0	0	0	0	0	0	0	0	0	584	0	616	0	0	0	0	0	0	0	6314	0	15230	116	4902	0	0	0	15654	0	940	0	472	0	882	0	7670	0	280	0	0	0	0	0	10488	0	1148	0	0	0	0	0	0	0	0	0	0	0	0	0	0	0	400	0	0	0	174	0	0	0	0	0	0	0	0	0	0	0	0	0	0	0	0	0	0	0	0	0	0	0	0	0	0	0	
291860	Occipital_Sup_R	0	780	0	0	0	0	0	0	0	0	0	0	0	0	0	0	0	0	0	322	0	0	0	0	0	0	0	0	0	0	0	0	0	1104	0	228	0	0	0	0	0	0	2046	18372	2208	33192	820	9560	0	0	0	28706	0	544	0	7650	0	1274	0	6106	0	2458	0	508	0	5816	5278	16416	0	724	0	0	0	0	0	0	0	0	0	108	0	676	0	0	0	780	0	0	0	254	0	0	0	0	0	0	0	0	0	0	0	0	0	0	0	0	0	0	0	0	0	0	0	0	0	0	
401920	Occipital_Mid_L	2362	0	332	0	0	0	430	0	0	0	0	0	0	0	0	0	1380	0	182	0	0	0	0	0	0	0	0	0	826	0	0	0	2152	0	698	0	142	0	0	0	0	0	26550	0	9592	0	18316	0	15654	0	0	0	27714	0	13144	0	7744	0	7754	0	8778	0	484	0	7134	0	14094	0	6134	0	0	0	0	0	0	0	0	0	262	0	492	0	0	0	24828	0	0	0	3610	0	0	0	0	0	0	0	0	0	172	0	0	0	0	0	0	0	0	0	0	0	0	0	0	0	0	0	
277924	Occipital_Mid_R	0	522	0	0	0	0	0	0	0	0	0	0	0	0	0	0	0	0	0	248	0	0	0	0	0	0	0	0	0	0	0	0	0	1206	0	260	0	0	0	0	0	0	542	13502	162	17298	518	8758	0	28706	0	0	0	5160	0	10238	0	1700	0	2634	0	5322	0	758	0	15266	2702	10384	0	966	0	0	0	0	0	0	0	0	0	0	0	1380	0	0	0	9126	0	0	0	1604	0	0	0	0	0	0	0	0	0	0	0	0	0	0	0	0	0	0	0	0	0	0	0	0	0	0	
152556	Occipital_Inf_L	596	0	120	0	0	0	0	0	0	0	0	0	0	0	0	0	562	0	0	0	0	0	0	0	0	0	0	0	494	0	0	0	0	0	470	0	112	0	0	0	0	0	7770	0	2812	0	6182	0	940	0	27714	0	0	0	10054	0	708	0	0	0	168	0	0	0	224	0	5234	0	780	0	0	0	0	0	0	0	0	0	126	0	0	0	0	0	5424	0	0	0	5082	0	226	0	0	0	0	0	0	0	368	0	0	0	0	0	0	0	0	0	0	0	112	0	0	0	0	0	
75548	Occipital_Inf_R	0	532	0	0	0	0	0	0	0	0	0	0	0	0	0	0	0	0	0	388	0	0	0	0	0	0	0	0	0	376	0	0	0	130	0	1018	0	436	0	316	0	0	0	4364	0	860	0	2814	0	544	0	5160	0	0	0	9706	0	922	0	0	0	0	0	0	0	0	0	2542	0	236	0	0	0	0	0	0	0	0	0	0	0	122	0	0	0	2142	0	0	0	4970	0	196	0	0	0	0	0	0	0	0	0	0	0	0	0	0	0	0	0	0	0	0	0	0	0	0	
488448	Fusiform_L	1900	0	2932	0	0	0	156	0	0	0	172	0	0	0	0	0	1016	0	1948	0	0	0	0	0	0	0	0	0	11320	0	0	0	0	0	1698	112	18422	0	7422	0	2448	0	7930	0	1194	0	14698	976	472	0	13144	0	10054	0	0	0	1210	0	0	0	170	0	0	0	0	0	4058	0	1194	0	0	0	3966	0	0	0	304	0	1184	0	4042	0	5478	0	8658	0	5622	0	29636	0	24612	450	9854	312	144	0	8656	736	26688	356	1126	0	3412	128	420	134	0	0	0	0	1342	1588	606	0	124	0	
571704	Fusiform_R	302	3120	0	276	0	0	0	430	0	0	0	966	0	1170	0	594	0	694	144	1316	0	0	0	0	0	0	0	0	0	7254	0	0	0	328	1056	4264	282	34156	242	32660	0	6704	0	12554	0	6430	0	22726	0	7650	0	10238	0	9706	0	0	0	2304	0	194	0	0	0	0	0	0	774	9044	0	640	0	0	0	12702	0	1608	188	2030	0	0	0	1252	0	7876	0	6248	0	5794	0	21418	570	13896	432	794	0	826	114	9114	646	18330	0	0	0	570	0	0	0	0	0	0	1214	1520	492	0	0	0	
263088	Postcentral_L	27752	202	3286	0	0	0	1130	0	0	0	2112	0	160	0	0	0	7686	0	1646	850	0	0	0	0	0	0	0	0	4702	0	0	0	406	442	1708	450	396	254	0	0	0	0	3534	0	1892	0	210	0	882	0	7744	0	708	0	1210	0	0	148	6956	0	18786	0	8130	0	4604	0	5732	114	6494	382	734	0	388	0	0	0	402	0	3544	0	1900	0	0	0	3124	0	0	0	744	0	0	0	0	0	0	0	0	0	0	0	0	0	0	0	0	0	0	0	0	0	0	0	0	0	0	0	
238908	Postcentral_R	1308	24280	186	392	0	0	0	432	0	0	0	3776	0	0	0	0	0	2792	304	5216	0	0	0	0	0	0	0	0	0	3566	0	0	0	2880	720	3848	0	2694	0	466	0	0	0	3154	0	1954	0	792	0	1274	0	1700	0	922	0	2304	148	0	0	4370	0	4318	0	8300	0	432	1434	13324	1386	10256	0	154	0	2382	0	464	0	1072	0	628	0	1624	0	0	0	2348	0	0	0	1854	0	0	0	0	0	0	0	0	0	0	0	0	0	0	0	0	0	0	0	0	0	0	0	0	0	0	
101820	Parietal_Sup_L	420	0	0	0	0	0	202	0	0	0	0	0	0	0	0	0	0	0	0	0	0	0	0	0	0	0	0	0	0	0	0	0	178	0	0	0	0	0	0	0	0	0	940	0	3540	0	0	0	7670	0	7754	0	0	0	0	0	6956	0	0	0	10842	0	190	0	1422	0	9334	0	742	0	0	0	0	0	0	0	0	0	0	0	0	0	0	0	720	0	0	0	0	0	0	0	0	0	0	0	0	0	0	0	0	0	0	0	0	0	0	0	0	0	0	0	0	0	0	0	
84864	Parietal_Sup_R	0	614	0	0	0	0	0	0	0	0	0	0	0	0	0	0	0	0	0	0	0	0	0	0	0	0	0	0	0	0	0	0	0	0	0	0	0	0	0	0	0	0	0	120	0	3248	0	174	0	6106	0	2634	0	0	0	194	0	4370	0	0	0	5210	0	2458	0	5754	2102	7970	0	518	0	0	0	0	0	0	0	0	0	0	0	0	0	0	0	960	0	0	0	0	0	0	0	0	0	0	0	0	0	0	0	0	0	0	0	0	0	0	0	0	0	0	0	0	0	0	
164620	Parietal_Inf_L	6658	0	388	0	0	0	358	0	0	0	212	0	0	0	0	0	1182	0	142	0	0	0	0	0	0	0	0	0	440	0	0	0	196	0	178	154	0	0	0	0	0	0	616	0	350	0	0	0	280	0	8778	0	168	0	170	0	18786	0	10842	0	0	0	14224	0	12132	0	1032	0	638	0	248	0	192	0	0	0	0	0	150	0	466	0	0	0	3088	0	0	0	242	0	0	0	0	0	0	0	0	0	0	0	0	0	0	0	0	0	0	0	0	0	0	0	0	0	0	0	
109332	Parietal_Inf_R	0	2164	124	108	0	0	0	330	0	0	0	386	0	0	0	0	0	0	130	0	0	0	0	0	0	0	0	0	0	0	0	0	0	0	0	0	0	0	0	0	0	0	0	0	0	672	0	0	0	2458	0	5322	0	0	0	0	0	4318	0	5210	0	0	0	12302	0	13140	938	2234	0	118	0	0	0	0	0	0	0	0	0	0	0	228	0	0	0	3670	0	0	0	814	0	0	0	0	0	0	0	0	0	0	0	0	0	0	0	0	0	0	0	0	0	0	0	0	0	0	
87792	SupraMarginal_L	2402	0	252	0	0	0	0	0	0	0	196	0	0	0	0	0	2722	0	198	0	0	0	0	0	0	0	0	0	912	0	0	0	0	0	0	0	0	0	0	0	0	0	0	0	0	0	0	0	0	0	484	0	0	0	0	0	8130	0	190	0	14224	0	0	0	6474	0	122	0	0	0	0	0	0	0	0	0	0	0	294	0	3308	0	0	0	3988	0	0	0	0	0	0	0	0	0	0	0	0	0	0	0	0	0	0	0	0	0	0	0	0	0	0	0	0	0	0	0	
114760	SupraMarginal_R	302	3260	332	190	0	0	0	462	0	0	0	536	0	0	0	0	0	2128	484	278	0	0	0	0	0	0	0	0	0	0	0	0	0	0	0	0	0	190	0	0	0	0	0	170	0	436	0	0	0	508	0	758	0	0	0	0	0	8300	0	2458	0	12302	0	0	0	7716	1162	2446	0	112	0	0	0	0	0	0	0	0	0	158	0	5816	0	0	0	5688	0	0	0	1188	0	0	0	0	0	0	0	0	0	0	0	0	0	0	0	0	0	0	0	0	0	0	0	0	0	0	
87576	Angular_L	2156	0	108	0	0	0	0	0	0	0	0	0	0	0	0	0	1836	0	0	0	0	0	0	0	0	0	0	0	206	0	0	0	172	0	0	0	0	0	0	0	0	0	0	0	0	0	0	0	0	0	7134	0	224	0	0	0	4604	0	1422	0	12132	0	6474	0	0	0	246	0	368	0	0	0	0	0	0	0	0	0	0	0	1360	0	0	0	5146	0	0	0	200	0	0	0	0	0	0	0	0	0	0	0	0	0	0	0	0	0	0	0	0	0	0	0	0	0	0	0	
141000	Angular_R	0	352	0	0	0	0	0	0	0	0	0	0	0	0	0	0	0	0	0	0	0	0	0	0	0	0	0	0	0	0	0	0	0	0	0	0	0	0	0	0	0	0	0	148	0	826	0	0	0	5816	0	15266	0	0	0	0	0	432	0	5754	0	13140	0	7716	0	0	964	2282	0	168	0	0	0	0	0	0	0	0	0	0	0	5930	0	0	0	10162	0	0	0	1544	0	0	0	0	0	0	0	0	0	0	0	0	0	0	0	0	0	0	0	0	0	0	0	0	0	0	
340204	Precuneus_L	470	638	110	0	0	0	0	0	0	0	0	0	0	0	0	0	236	0	0	332	0	0	0	0	0	0	0	0	234	0	0	0	3150	788	5844	1148	2220	162	2150	0	0	0	21772	0	17504	7768	4726	1060	10488	5278	14094	2702	5234	0	4058	774	5732	1434	9334	2102	1032	938	122	1162	246	964	0	16832	7502	470	0	0	0	0	0	0	0	0	0	0	0	614	0	0	6446	148	0	0	2084	0	0	0	0	0	0	0	0	0	0	0	0	0	0	0	0	0	0	0	0	0	0	0	0	0	0	0	
384992	Precuneus_R	1160	2780	0	0	0	0	0	0	0	0	0	0	0	0	0	0	0	268	0	4444	0	0	0	0	0	0	0	0	0	168	0	0	364	8338	1554	9932	812	3110	606	2288	0	0	334	15408	1138	24480	212	12444	0	16416	0	10384	0	2542	0	9044	114	13324	0	7970	0	2234	0	2446	0	2282	16832	0	1260	9944	0	0	0	0	0	0	0	0	0	160	0	1264	0	0	0	2944	0	0	0	2740	0	0	0	0	0	0	0	232	0	0	0	0	0	0	0	0	0	0	0	0	524	0	0	0	0	0	
197572	Paracentral_Lobule_L	15668	1048	344	0	0	0	0	0	0	0	0	0	0	0	0	0	0	0	1216	12690	0	0	0	0	0	0	0	0	136	0	0	0	3470	8470	6666	1872	0	192	0	0	0	0	2560	256	3524	0	112	136	1148	0	6134	0	780	0	1194	0	6494	1386	742	0	638	0	0	0	368	0	7502	1260	0	8052	0	0	0	0	0	0	0	0	0	0	0	0	0	0	3888	0	0	0	840	0	0	0	0	0	0	0	0	0	0	0	0	0	0	0	0	0	0	0	0	0	0	0	0	0	0	0	
186816	Paracentral_Lobule_R	6750	6202	0	120	0	0	0	0	0	0	0	0	0	0	0	0	0	0	140	17448	0	0	0	0	0	0	0	0	0	0	0	0	306	13036	3066	6166	0	182	0	0	0	0	0	2424	0	1270	0	988	0	724	0	966	0	236	0	640	382	10256	0	518	0	118	0	112	0	168	470	9944	8052	0	0	0	0	0	0	0	0	0	0	0	0	0	0	0	0	1372	0	0	0	1352	0	0	0	0	0	0	0	0	0	0	0	0	0	0	0	0	0	0	0	0	0	0	0	0	0	0	
349396	Caudate_L	4242	1816	18286	9924	5068	622	5036	1412	436	0	0	234	462	0	2902	548	0	186	15856	10376	9294	8180	1372	810	582	1642	4838	2666	3362	242	9378	6208	0	712	108	136	718	744	0	140	0	0	0	0	0	0	0	0	0	0	0	0	0	0	0	0	734	0	0	0	248	0	0	0	0	0	0	0	0	0	0	10752	22880	2252	2202	0	5364	790	118	0	482	0	338	0	0	0	0	0	0	0	0	0	0	0	0	0	0	0	0	0	0	0	0	0	0	0	0	0	0	0	0	0	0	0	0	0	
370332	Caudate_R	146	10406	4458	20756	284	3040	132	2750	0	736	0	1262	0	1372	138	4328	0	244	6104	19936	2718	5562	858	9984	0	2960	472	2930	220	2268	2520	25914	0	1436	0	0	0	330	0	0	0	0	0	0	0	0	0	0	0	0	0	0	0	0	0	0	0	154	0	0	0	0	0	0	0	0	0	0	0	0	10752	0	3840	22722	316	1610	208	11300	0	0	0	0	0	0	0	0	0	0	0	0	0	0	0	0	0	0	0	0	0	0	0	0	0	0	0	0	0	0	0	0	0	0	0	0	0	0	
358836	Putamen_L	1674	164	25714	1114	6532	214	2230	0	1152	0	944	0	3244	0	6092	0	846	0	18482	1464	3276	3446	2756	564	718	540	1440	864	24612	0	6432	3098	0	118	0	134	6716	204	744	0	264	0	0	0	0	0	0	0	0	0	0	0	0	0	3966	0	388	0	0	0	192	0	0	0	0	0	0	0	0	0	22880	3840	0	996	6836	0	1610	208	410	0	2912	0	4290	0	1008	0	0	0	3528	0	206	0	160	0	0	0	0	0	196	0	0	0	0	0	0	0	0	0	0	0	0	0	0	0	0	0	
398968	Putamen_R	142	4172	1046	14246	0	1854	0	3040	0	946	0	9924	0	6578	0	4220	0	4048	1430	12062	372	1276	270	3444	0	468	0	1204	0	24246	700	12144	0	866	0	118	0	18728	0	12752	0	1686	0	0	0	0	0	0	0	0	0	0	0	0	0	12702	0	2382	0	0	0	0	0	0	0	0	0	0	0	0	2252	22722	996	0	0	2898	174	4444	0	0	0	350	0	486	0	338	0	0	0	2358	0	1316	0	130	0	190	0	1314	0	2310	0	0	0	140	0	0	0	0	0	0	0	0	0	0	0	0	
54132	Pallidum_L	1918	0	6330	0	0	0	740	0	0	0	414	0	288	0	0	0	236	0	3968	0	0	296	0	0	0	0	0	0	646	0	0	0	0	0	0	0	378	0	0	0	0	0	0	0	0	0	0	0	0	0	0	0	0	0	0	0	0	0	0	0	0	0	0	0	0	0	0	0	0	0	2202	316	6836	0	0	0	2084	120	0	0	294	0	0	0	0	0	0	0	0	0	0	0	0	0	0	0	0	0	0	0	0	0	0	0	0	0	0	0	0	0	0	0	0	0	0	0	
29812	Pallidum_R	0	700	550	170	0	0	0	188	0	0	0	286	0	0	0	0	0	0	570	900	0	0	0	0	0	0	0	0	0	118	0	0	0	0	0	0	0	2032	0	1920	0	0	0	0	0	0	0	0	0	0	0	0	0	0	0	1608	0	464	0	0	0	0	0	0	0	0	0	0	0	0	0	1610	0	2898	0	0	0	124	0	0	0	0	0	0	0	0	0	0	0	0	0	174	0	0	0	0	0	280	0	314	0	0	0	0	0	0	0	0	0	0	0	0	0	0	0	0	
153448	Thalamus_L	15564	4156	7750	208	0	0	7390	216	0	0	252	0	136	0	0	0	284	0	1318	242	0	0	0	0	0	0	0	0	3116	236	0	0	0	0	1548	2286	5068	3586	926	1272	0	0	0	0	0	0	0	0	0	0	0	0	0	0	304	188	402	0	0	0	0	0	0	0	0	0	0	0	0	0	5364	208	1610	174	2084	0	0	9280	754	0	580	0	0	0	0	0	0	0	222	0	0	0	0	0	0	0	0	0	0	0	0	0	0	0	0	0	0	0	0	0	0	0	0	0	0	0	
174112	Thalamus_R	1870	24874	1002	3488	0	0	114	2228	0	0	0	1042	0	498	0	0	0	636	772	148	208	0	0	266	0	0	0	0	876	2568	0	224	0	0	1810	2398	1480	6780	0	3134	0	194	0	0	0	0	0	0	0	0	0	0	0	0	0	2030	0	1072	0	0	0	0	0	0	0	0	0	0	0	0	790	11300	208	4444	120	124	9280	0	528	0	136	260	0	0	0	0	0	0	0	154	0	0	0	0	0	0	0	0	0	0	0	0	0	0	0	0	0	0	0	0	0	0	0	0	0	0	
114940	Heschl_L	7178	108	1782	150	0	0	4316	0	0	0	2960	0	800	0	0	0	4958	0	1066	146	0	0	0	0	0	0	0	0	14870	0	0	0	0	0	334	508	1608	512	0	254	0	0	0	0	0	0	0	0	0	0	262	0	126	0	1184	0	3544	0	0	0	150	0	294	0	0	0	0	0	0	0	118	0	410	0	0	0	754	528	0	0	4266	0	0	0	2348	0	0	0	1936	0	0	0	0	0	0	0	0	0	0	0	0	0	0	0	0	0	0	0	0	0	0	0	0	0	0	0	
25460	Heschl_R	0	788	0	464	0	0	0	284	0	0	0	608	0	0	0	0	0	1962	0	624	0	0	0	0	0	0	0	0	0	1268	0	0	0	128	0	0	0	184	0	0	0	0	0	0	0	0	0	0	0	108	0	0	0	0	0	0	0	628	0	0	0	0	0	158	0	0	0	160	0	0	0	0	0	0	0	0	0	0	0	0	0	4094	0	0	0	1084	0	0	0	188	0	0	0	0	0	0	0	0	0	0	0	0	0	0	0	0	0	0	0	0	0	0	0	0	0	0	
204664	Temporal_Sup_L	2764	0	3508	120	0	0	550	0	0	0	4832	0	1318	0	242	0	10332	0	3250	418	0	0	0	0	0	0	0	0	14738	0	0	0	0	0	184	168	4354	162	280	110	0	0	0	0	0	0	140	0	0	0	492	0	0	0	4042	0	1900	0	0	0	466	0	3308	0	1360	0	0	0	0	0	482	0	2912	0	294	0	580	136	4266	0	0	0	7402	0	18268	0	0	0	8602	0	122	0	108	0	0	0	0	0	122	0	0	0	0	0	0	0	0	0	0	0	0	0	0	0	0	0	
108624	Temporal_Sup_R	0	1934	0	252	0	0	0	160	0	0	0	264	0	0	0	0	0	1832	0	318	0	0	0	0	0	0	0	0	0	4108	0	0	0	0	0	0	0	1528	0	192	0	0	0	190	0	574	0	0	0	676	0	1380	0	122	0	1252	0	1624	0	0	0	228	0	5816	0	5930	614	1264	0	0	0	0	0	350	0	0	0	260	0	4094	0	0	0	828	0	14610	0	190	0	3722	0	0	0	0	0	0	0	0	0	0	0	0	0	0	0	0	0	0	0	0	0	0	0	0	0	0	
149808	Temporal_Pole_Sup_L	310	0	2082	0	596	0	698	0	416	0	2672	0	2202	0	4100	0	3970	0	1850	254	1724	0	0	0	0	0	346	0	13358	0	0	0	0	0	0	0	1386	0	1480	0	962	0	0	0	0	0	0	0	0	0	0	0	0	0	5478	0	0	0	0	0	0	0	0	0	0	0	0	0	0	0	338	0	4290	0	0	0	0	0	0	0	7402	0	0	0	7596	0	5704	0	5690	0	0	0	0	0	0	0	0	0	0	0	0	0	0	0	0	0	0	0	0	0	0	0	0	0	0	0	
64476	Temporal_Pole_Sup_R	0	0	0	0	0	0	0	0	0	0	0	522	0	0	0	798	0	522	0	0	0	126	0	0	0	0	0	0	0	644	0	0	0	0	0	0	0	298	0	4668	0	3088	0	0	0	0	0	0	0	0	0	0	0	0	0	7876	0	0	0	0	0	0	0	0	0	0	0	0	0	0	0	0	0	486	0	0	0	0	0	0	0	828	0	0	0	1276	0	7758	0	3348	0	0	0	0	0	0	0	0	0	0	0	0	0	0	0	0	0	0	0	0	0	0	0	0	0	0	
317636	Temporal_Mid_L	1942	0	800	0	0	0	146	0	0	0	544	0	136	0	0	0	2564	0	546	0	0	0	0	0	0	0	0	0	4764	0	0	0	838	0	134	0	3430	0	308	0	0	0	5056	0	1746	0	210	0	400	0	24828	0	5424	0	8658	0	3124	0	720	0	3088	0	3988	0	5146	0	6446	0	3888	0	0	0	1008	0	0	0	0	0	2348	0	18268	0	7596	0	0	0	5916	0	34808	0	0	0	0	0	0	0	0	0	0	0	0	0	0	0	0	0	0	0	0	0	0	0	0	0	0	0	
230904	Temporal_Mid_R	668	3666	0	1510	0	0	0	144	0	0	0	0	0	0	0	0	0	192	182	2830	0	0	0	0	0	0	0	0	0	1668	0	0	0	194	0	0	0	2052	0	614	0	0	0	3270	0	678	0	292	0	780	0	9126	0	2142	0	6248	0	2348	0	960	0	3670	0	5688	0	10162	148	2944	0	1372	0	0	0	338	0	0	0	0	0	1084	0	14610	0	1276	0	0	0	3312	0	31284	0	0	0	0	0	0	0	0	0	0	0	0	0	0	0	0	0	0	0	0	0	0	0	0	0	0	
56800	Temporal_Pole_Mid_L	0	0	0	0	0	0	0	0	0	0	0	0	0	0	0	0	0	0	0	0	0	0	0	0	0	0	0	0	580	0	0	0	0	0	0	0	938	0	1264	0	202	0	0	0	0	0	0	0	0	0	0	0	0	0	5622	0	0	0	0	0	0	0	0	0	0	0	0	0	0	0	0	0	0	0	0	0	0	0	0	0	0	0	5704	0	5916	0	0	0	8174	0	0	0	0	0	0	0	0	0	0	0	0	0	0	0	0	0	0	0	0	0	0	0	0	0	0	0	
51824	Temporal_Pole_Mid_R	0	0	0	0	0	0	0	0	0	0	0	0	0	0	0	0	0	0	0	0	0	0	0	0	0	0	0	0	0	0	0	0	0	0	0	0	0	0	0	2642	0	730	0	0	0	0	0	0	0	0	0	0	0	0	0	5794	0	0	0	0	0	0	0	0	0	0	0	0	0	0	0	0	0	0	0	0	0	0	0	0	0	190	0	7758	0	3312	0	0	0	5486	0	0	0	0	0	0	0	0	0	0	0	0	0	0	0	0	0	0	0	0	0	0	0	0	0	0	
312024	Temporal_Inf_L	1050	0	2776	0	0	0	120	0	0	0	0	0	0	0	0	0	686	0	1796	0	0	0	0	0	0	0	0	0	9902	0	0	0	0	0	320	0	15556	0	1408	0	1732	0	2070	0	1242	0	584	0	174	0	3610	0	5082	0	29636	0	744	0	0	0	242	0	0	0	200	0	2084	0	840	0	0	0	3528	0	0	0	222	0	1936	0	8602	0	5690	0	34808	0	8174	0	0	0	4528	0	2448	0	0	0	478	0	2620	0	322	0	802	0	0	0	0	0	0	0	0	0	0	0	0	0	
229208	Temporal_Inf_R	404	2840	0	554	0	0	0	168	0	0	0	180	0	324	0	0	0	218	0	2156	0	0	0	0	0	0	0	0	0	3210	0	0	0	252	0	322	0	8120	0	2950	0	258	0	4196	0	468	0	614	0	254	0	1604	0	4970	0	21418	0	1854	0	0	0	814	0	1188	0	1544	0	2740	0	1352	0	0	0	2358	0	0	0	154	0	188	0	3722	0	3348	0	31284	0	5486	0	0	0	1656	0	136	0	0	0	232	0	936	0	0	0	132	0	0	0	0	0	0	0	0	0	0	0	0	
507716	Cerebelum_Crus1_L	0	0	278	0	0	0	0	0	0	0	0	0	0	0	0	0	0	0	178	0	0	0	0	0	0	0	0	0	448	0	0	0	0	0	0	0	1166	0	1232	0	0	0	0	0	0	0	7538	1904	0	0	0	0	226	0	24612	570	0	0	0	0	0	0	0	0	0	0	0	0	0	0	0	0	206	0	0	0	0	0	0	0	122	0	0	0	0	0	0	0	4528	0	0	5050	46650	3694	608	762	19850	1916	57814	6228	10708	860	22092	1762	2138	1674	732	0	174	328	5624	11626	7040	888	1772	860	
416468	Cerebelum_Crus1_R	0	0	0	0	0	0	0	0	0	0	0	132	0	186	0	0	0	0	0	0	0	0	0	0	0	0	0	0	0	162	0	0	0	0	0	0	0	1556	0	1662	0	0	0	0	0	0	776	5428	0	0	0	0	0	196	450	13896	0	0	0	0	0	0	0	0	0	0	0	0	0	0	0	0	0	1316	0	174	0	0	0	0	0	0	0	0	0	0	0	0	0	1656	5050	0	1500	31124	0	2072	2024	15136	6458	56688	0	2932	388	18416	136	2346	0	768	156	198	7280	14600	10312	1478	1330	252	
370356	Cerebelum_Crus2_L	0	0	212	0	0	0	0	0	0	0	0	0	0	0	0	0	0	0	144	0	0	0	0	0	0	0	0	0	358	0	0	0	0	0	0	0	770	0	490	0	0	0	0	0	0	0	398	588	0	0	0	0	0	0	9854	432	0	0	0	0	0	0	0	0	0	0	0	0	0	0	0	0	160	0	0	0	0	0	0	0	108	0	0	0	0	0	0	0	2448	0	46650	1500	0	5866	328	150	4084	110	17334	1590	31350	4334	36804	3182	1896	630	776	0	0	0	190	3228	5886	1796	962	570	
306652	Cerebelum_Crus2_R	0	0	0	0	0	0	0	0	0	0	0	0	0	0	0	0	0	0	0	0	0	0	0	0	0	0	0	0	0	0	0	0	0	0	0	0	0	142	0	132	0	0	0	0	0	0	0	522	0	0	0	0	0	0	312	794	0	0	0	0	0	0	0	0	0	0	0	0	0	0	0	0	0	130	0	0	0	0	0	0	0	0	0	0	0	0	0	0	0	136	3694	31124	5866	0	0	894	426	2032	2586	10890	1830	22570	2972	36640	278	2738	0	452	178	140	888	5310	13546	3586	1984	534	
35044	Cerebelum_3_L	0	0	0	0	0	0	0	0	0	0	0	0	0	0	0	0	0	0	0	0	0	0	0	0	0	0	0	0	0	0	0	0	0	0	0	0	0	0	170	0	0	0	0	0	0	0	174	0	0	0	0	0	0	0	144	0	0	0	0	0	0	0	0	0	0	0	0	0	0	0	0	0	0	0	0	0	0	0	0	0	0	0	0	0	0	0	0	0	0	0	608	0	328	0	0	0	6300	0	1580	112	146	0	1294	122	2188	144	224	0	486	1228	1158	362	192	158	228	176	
90044	Cerebelum_3_R	0	0	0	0	0	0	0	0	0	0	0	0	0	0	0	0	0	0	0	0	0	0	0	0	0	0	0	0	0	0	0	0	0	0	0	0	0	348	0	470	0	0	0	0	0	0	0	444	0	0	0	0	0	0	0	826	0	0	0	0	0	0	0	0	0	0	0	0	0	0	0	0	0	190	0	0	0	0	0	0	0	0	0	0	0	0	0	0	0	0	762	2072	150	894	0	0	2148	8412	1838	6302	0	0	422	1104	406	2994	0	0	1012	1830	3476	2862	1500	1770	2638	152	
283852	Cerebelum_4_5_L	0	0	0	0	0	0	0	0	0	0	0	0	0	0	0	0	0	0	0	0	0	0	0	0	0	0	0	0	0	0	0	0	0	0	0	0	598	0	1912	0	0	0	0	0	0	0	6322	1214	0	0	0	0	0	0	8656	114	0	0	0	0	0	0	0	0	0	0	0	0	0	0	0	0	0	0	0	0	0	0	0	0	0	0	0	0	0	0	0	0	478	0	19850	2024	4084	426	6300	2148	0	5362	33142	4704	1140	0	6018	782	6036	1502	798	190	744	1820	14900	5560	988	906	1780	1428	
256400	Cerebelum_4_5_R	0	0	0	0	0	0	0	0	0	0	0	0	0	166	0	0	0	0	0	0	0	0	0	0	0	0	0	0	0	278	0	0	0	0	0	0	130	2468	0	3702	0	0	0	0	0	0	668	6096	0	0	0	0	0	0	736	9114	0	0	0	0	0	0	0	0	0	0	0	232	0	0	0	0	0	1314	0	280	0	0	0	0	0	0	0	0	0	0	0	0	0	232	1916	15136	110	2032	0	8412	5362	0	4792	30752	118	126	486	4276	0	2856	0	580	0	470	15322	3932	2180	1504	2222	200	
488276	Cerebelum_6_L	0	0	276	0	0	0	0	0	0	0	0	0	0	0	0	0	0	0	172	0	0	0	0	0	0	0	0	0	442	0	0	0	0	0	0	0	1330	0	1718	0	0	0	120	0	0	0	10632	2778	0	0	172	0	368	0	26688	646	0	0	0	0	0	0	0	0	0	0	0	0	0	0	0	0	196	0	0	0	0	0	0	0	122	0	0	0	0	0	0	0	2620	0	57814	6458	17334	2586	1580	1838	33142	4792	0	9136	3938	0	9748	1246	2998	2842	688	200	534	870	11770	15600	5398	854	2750	1742	
447784	Cerebelum_6_R	0	0	0	0	0	0	0	0	0	0	0	214	0	322	0	0	0	0	0	0	0	0	0	0	0	0	0	0	0	298	0	0	0	0	0	0	0	2900	0	3112	0	0	0	194	0	0	936	8074	0	0	0	0	0	0	356	18330	0	0	0	0	0	0	0	0	0	0	0	0	0	0	0	0	0	2310	0	314	0	0	0	0	0	0	0	0	0	0	0	0	0	936	6228	56688	1590	10890	112	6302	4704	30752	9136	0	0	282	436	11162	0	3206	0	1492	108	508	13804	17054	8258	1200	1552	132	
186352	Cerebelum_7b_L	0	0	0	0	0	0	0	0	0	0	0	0	0	0	0	0	0	0	0	0	0	0	0	0	0	0	0	0	0	0	0	0	0	0	0	0	0	0	0	0	0	0	0	0	0	0	0	0	0	0	0	0	0	0	1126	0	0	0	0	0	0	0	0	0	0	0	0	0	0	0	0	0	0	0	0	0	0	0	0	0	0	0	0	0	0	0	0	0	322	0	10708	0	31350	1830	146	0	1140	118	3938	0	0	976	30888	2652	826	334	386	0	0	0	162	232	2358	3282	272	130	
115752	Cerebelum_7b_R	0	0	0	0	0	0	0	0	0	0	0	0	0	0	0	0	0	0	0	0	0	0	0	0	0	0	0	0	0	0	0	0	0	0	0	0	0	0	0	0	0	0	0	0	0	0	0	0	0	0	0	0	0	0	0	0	0	0	0	0	0	0	0	0	0	0	0	0	0	0	0	0	0	0	0	0	0	0	0	0	0	0	0	0	0	0	0	0	0	0	860	2932	4334	22570	0	0	0	126	0	282	976	0	1152	20076	0	464	0	0	0	0	0	0	3250	854	0	0	
330172	Cerebelum_8_L	0	0	0	0	0	0	0	0	0	0	0	0	0	0	0	0	0	0	0	0	0	0	0	0	0	0	0	0	0	0	0	0	0	0	0	0	292	0	306	0	0	0	0	0	0	0	264	0	0	0	0	0	0	0	3412	0	0	0	0	0	0	0	0	0	0	0	0	0	0	0	0	0	0	0	0	0	0	0	0	0	0	0	0	0	0	0	0	0	802	0	22092	388	36804	2972	1294	422	6018	486	9748	436	30888	1152	0	5728	18312	2160	3058	0	322	0	912	1162	4448	7100	3170	938	
305912	Cerebelum_8_R	0	0	0	0	0	0	0	0	0	0	0	0	0	0	0	0	0	0	0	0	0	0	0	0	0	0	0	0	0	0	0	0	0	0	0	0	0	170	0	208	0	0	0	0	0	0	0	370	0	0	0	0	0	0	128	570	0	0	0	0	0	0	0	0	0	0	0	0	0	0	0	0	0	140	0	0	0	0	0	0	0	0	0	0	0	0	0	0	0	132	1762	18416	3182	36640	122	1104	782	4276	1246	11162	2652	20076	5728	0	1276	17348	0	2022	0	0	1746	2048	7770	7770	3378	732	
108960	Cerebelum_9_L	0	0	0	0	0	0	0	0	0	0	0	0	0	0	0	0	0	0	0	0	0	0	0	0	0	0	0	0	0	0	0	0	0	0	0	0	0	0	172	0	0	0	0	0	0	0	0	0	0	0	0	0	0	0	420	0	0	0	0	0	0	0	0	0	0	0	0	0	0	0	0	0	0	0	0	0	0	0	0	0	0	0	0	0	0	0	0	0	0	0	2138	136	1896	278	2188	406	6036	0	2998	0	826	0	18312	1276	0	2762	5648	0	416	126	542	964	780	2010	3194	956	
156828	Cerebelum_9_R	0	0	0	0	0	0	0	0	0	0	0	0	0	0	0	0	0	0	0	0	0	0	0	0	0	0	0	0	0	0	0	0	0	0	0	0	0	0	0	0	0	0	0	0	0	0	0	204	0	0	0	0	0	0	134	0	0	0	0	0	0	0	0	0	0	0	0	0	0	0	0	0	0	0	0	0	0	0	0	0	0	0	0	0	0	0	0	0	0	0	1674	2346	630	2738	144	2994	1502	2856	2842	3206	334	464	2160	17348	2762	0	136	1304	1090	724	2080	5116	4552	6158	9740	3176	
25136	Cerebelum_10_L	0	0	0	0	0	0	0	0	0	0	0	0	0	0	0	0	0	0	0	0	0	0	0	0	0	0	0	0	0	0	0	0	0	0	0	0	0	0	0	0	0	0	0	0	0	0	0	0	0	0	0	0	0	0	0	0	0	0	0	0	0	0	0	0	0	0	0	0	0	0	0	0	0	0	0	0	0	0	0	0	0	0	0	0	0	0	0	0	0	0	732	0	776	0	224	0	798	0	688	0	386	0	3058	0	5648	136	0	0	0	0	0	0	0	0	122	0	
17232	Cerebelum_10_R	0	0	0	0	0	0	0	0	0	0	0	0	0	0	0	0	0	0	0	0	0	0	0	0	0	0	0	0	0	0	0	0	0	0	0	0	0	0	0	0	0	0	0	0	0	0	0	108	0	0	0	0	0	0	0	0	0	0	0	0	0	0	0	0	0	0	0	0	0	0	0	0	0	0	0	0	0	0	0	0	0	0	0	0	0	0	0	0	0	0	0	768	0	452	0	0	190	580	200	1492	0	0	0	2022	0	1304	0	0	0	0	464	158	270	242	366	0	
21664	Vermis_1_2	0	0	0	0	0	0	0	0	0	0	0	0	0	0	0	0	0	0	0	0	0	0	0	0	0	0	0	0	0	0	0	0	0	0	0	0	0	0	0	0	0	0	0	0	0	0	0	0	0	0	0	0	0	0	0	0	0	0	0	0	0	0	0	0	0	0	0	0	0	0	0	0	0	0	0	0	0	0	0	0	0	0	0	0	0	0	0	0	0	0	174	156	0	178	486	1012	744	0	534	108	0	0	322	0	416	1090	0	0	0	2420	850	754	360	404	712	112	
29332	Vermis_3	0	0	0	0	0	0	0	0	0	0	0	0	0	0	0	0	0	0	0	0	0	0	0	0	0	0	0	0	0	0	0	0	0	0	0	0	0	0	218	0	0	0	0	0	0	0	0	0	0	0	0	0	0	0	0	0	0	0	0	0	0	0	0	0	0	0	0	0	0	0	0	0	0	0	0	0	0	0	0	0	0	0	0	0	0	0	0	0	0	0	328	198	0	140	1228	1830	1820	470	870	508	0	0	0	0	126	724	0	0	2420	0	1926	764	228	294	574	0	
215200	Vermis_4_5	0	0	0	0	0	0	0	0	0	0	0	0	0	0	0	0	0	0	0	0	0	0	0	0	0	0	0	0	0	0	0	0	0	0	130	540	116	404	128	298	0	0	0	0	0	0	2360	4196	0	0	0	0	112	0	1342	1214	0	0	0	0	0	0	0	0	0	0	0	524	0	0	0	0	0	0	0	0	0	0	0	0	0	0	0	0	0	0	0	0	0	0	5624	7280	190	888	1158	3476	14900	15322	11770	13804	162	0	912	1746	542	2080	0	464	850	1926	0	7534	1142	850	1994	1622	
265760	Vermis_6	0	0	0	0	0	0	0	0	0	0	0	0	0	0	0	0	0	0	0	0	0	0	0	0	0	0	0	0	0	0	0	0	0	0	0	0	0	0	0	0	0	0	0	0	0	0	1848	4488	0	0	0	0	0	0	1588	1520	0	0	0	0	0	0	0	0	0	0	0	0	0	0	0	0	0	0	0	0	0	0	0	0	0	0	0	0	0	0	0	0	0	0	11626	14600	3228	5310	362	2862	5560	3932	15600	17054	232	0	1162	2048	964	5116	0	158	754	764	7534	0	10932	2438	6334	4866	
