data	data	528836	267844	1.13868e+06	734744	200720	129992	598988	313932	75916	19036	294148	167404	371860	208052	203456	76396	189112	139816	699728	616668	149416	147856	506964	415696	42460	145400	134532	140744	634116	321512	447192	660800	150188	469112	172392	170228	286140	288556	111764	144984	42384	44152	203896	274088	184472	242524	244788	272624	189516	227648	449056	175892	204140	62388	459736	341752	313800	300616	243624	159272	243900	181316	124052	106608	128744	99472	359252	281124	266856	165740	336316	344428	351632	378928	46428	14828	135424	154788	84536	27296	204252	110920	117492	38024	336912	214192	39232	12208	272640	241832	374556	335152	256880	166840	45396	43276	256388	198948	423696	355684	172120	86592	209636	165868	118576	103548	14652	5632	24068	41176	187252	162868	111680	63556	56508	35568	
data	data	Precentral_L	Precentral_R	Frontal_Sup_L	Frontal_Sup_R	Frontal_Sup_Orb_L	Frontal_Sup_Orb_R	Frontal_Mid_L	Frontal_Mid_R	Frontal_Mid_Orb_L	Frontal_Mid_Orb_R	Frontal_Inf_Oper_L	Frontal_Inf_Oper_R	Frontal_Inf_Tri_L	Frontal_Inf_Tri_R	Frontal_Inf_Orb_L	Frontal_Inf_Orb_R	Rolandic_Oper_L	Rolandic_Oper_R	Supp_Motor_Area_L	Supp_Motor_Area_R	Olfactory_L	Olfactory_R	Frontal_Sup_Medial_L	Frontal_Sup_Medial_R	Frontal_Med_Orb_L	Frontal_Med_Orb_R	Rectus_L	Rectus_R	Insula_L	Insula_R	Cingulum_Ant_L	Cingulum_Ant_R	Cingulum_Mid_L	Cingulum_Mid_R	Cingulum_Post_L	Cingulum_Post_R	Hippocampus_L	Hippocampus_R	ParaHippocampal_L	ParaHippocampal_R	Amygdala_L	Amygdala_R	Calcarine_L	Calcarine_R	Cuneus_L	Cuneus_R	Lingual_L	Lingual_R	Occipital_Sup_L	Occipital_Sup_R	Occipital_Mid_L	Occipital_Mid_R	Occipital_Inf_L	Occipital_Inf_R	Fusiform_L	Fusiform_R	Postcentral_L	Postcentral_R	Parietal_Sup_L	Parietal_Sup_R	Parietal_Inf_L	Parietal_Inf_R	SupraMarginal_L	SupraMarginal_R	Angular_L	Angular_R	Precuneus_L	Precuneus_R	Paracentral_Lobule_L	Paracentral_Lobule_R	Caudate_L	Caudate_R	Putamen_L	Putamen_R	Pallidum_L	Pallidum_R	Thalamus_L	Thalamus_R	Heschl_L	Heschl_R	Temporal_Sup_L	Temporal_Sup_R	Temporal_Pole_Sup_L	Temporal_Pole_Sup_R	Temporal_Mid_L	Temporal_Mid_R	Temporal_Pole_Mid_L	Temporal_Pole_Mid_R	Temporal_Inf_L	Temporal_Inf_R	Cerebelum_Crus1_L	Cerebelum_Crus1_R	Cerebelum_Crus2_L	Cerebelum_Crus2_R	Cerebelum_3_L	Cerebelum_3_R	Cerebelum_4_5_L	Cerebelum_4_5_R	Cerebelum_6_L	Cerebelum_6_R	Cerebelum_7b_L	Cerebelum_7b_R	Cerebelum_8_L	Cerebelum_8_R	Cerebelum_9_L	Cerebelum_9_R	Cerebelum_10_L	Cerebelum_10_R	Vermis_1_2	Vermis_3	Vermis_4_5	Vermis_6	Vermis_7	Vermis_8	Vermis_9	Vermis_10	
528836	Precentral_L	0	13628	39442	2142	0	0	27850	1044	0	0	11204	0	5468	0	0	0	8022	216	9166	8060	0	0	478	0	0	0	0	0	8004	172	534	1322	852	4044	1690	1404	7718	1276	906	0	0	0	0	0	110	0	0	0	0	0	362	0	942	0	1556	0	31876	830	958	0	3860	0	2746	102	220	0	648	0	22302	2510	4866	2302	7170	460	1532	0	17434	2108	2726	0	1510	0	0	0	332	0	0	0	314	0	0	0	0	0	0	0	0	0	0	0	0	0	0	0	0	0	0	0	0	0	0	0	0	0	0	0	
267844	Precentral_R	13628	0	3682	5606	0	0	1974	15338	0	0	102	6176	0	144	0	0	0	5156	1916	2484	0	0	0	0	0	0	0	0	392	5720	0	260	0	1486	1162	1502	1198	4534	0	234	0	0	0	396	0	0	0	122	0	0	0	0	0	338	0	402	4162	12974	0	1488	0	2512	130	1202	0	0	0	230	4064	4976	1694	7564	2000	3572	440	0	414	10470	176	100	0	148	0	0	0	272	0	0	0	1382	0	0	0	0	0	0	0	0	0	0	0	0	0	0	0	0	0	0	0	0	0	0	0	0	0	0	
1.13868e+06	Frontal_Sup_L	39442	3682	0	14490	12446	0	92674	5566	3598	0	18584	296	32392	372	11366	0	5162	152	82822	17886	156	0	62094	9824	964	366	1492	0	35840	244	23742	8482	5854	7366	316	100	3398	132	402	0	0	0	0	0	0	0	0	0	0	0	0	0	264	0	822	0	4958	0	218	0	472	0	836	0	0	0	294	0	16202	276	7234	1538	17520	288	3066	0	11420	192	526	0	486	0	470	0	134	0	0	0	424	0	0	0	0	0	0	0	0	0	0	0	0	0	0	0	0	0	0	0	0	0	0	0	0	0	0	0	
734744	Frontal_Sup_R	2142	5606	14490	0	112	6092	2472	39196	0	172	1154	7916	974	16934	0	1542	0	4418	16424	56272	0	0	11760	38524	0	4584	0	772	2190	13378	9402	46050	1582	17082	0	0	0	564	0	106	0	0	0	0	0	0	0	0	0	0	0	0	0	0	0	0	450	188	0	0	0	0	0	0	0	0	0	0	644	0	3354	14698	1664	15026	190	990	1516	6572	0	0	0	170	0	0	0	0	0	0	0	0	0	0	0	0	0	0	0	0	0	0	0	0	0	0	0	0	0	0	0	0	0	0	0	0	0	0	
200720	Frontal_Sup_Orb_L	0	0	12446	112	0	504	3192	0	8784	0	478	0	4114	0	10348	0	0	0	958	0	5602	3250	2856	284	3968	740	12106	1482	8966	0	6790	2690	0	0	0	0	0	0	0	0	188	0	0	0	0	0	0	0	0	0	0	0	0	0	0	0	0	0	0	0	0	0	0	0	0	0	0	0	0	0	5130	1682	2776	550	0	0	0	0	0	0	0	0	364	0	0	0	0	0	0	0	0	0	0	0	0	0	0	0	0	0	0	0	0	0	0	0	0	0	0	0	0	0	0	0	0	0	
129992	Frontal_Sup_Orb_R	0	0	0	6092	504	0	0	604	0	1778	0	0	0	674	184	3320	0	0	0	250	1370	3364	198	5830	0	6164	934	9030	0	2168	890	5364	0	0	0	0	0	0	0	0	0	0	0	0	0	0	0	0	0	0	0	0	0	0	0	0	0	0	0	0	0	0	0	0	0	0	0	0	0	0	1276	4060	232	10710	0	0	0	0	0	0	0	0	0	0	0	0	0	0	0	0	0	0	0	0	0	0	0	0	0	0	0	0	0	0	0	0	0	0	0	0	0	0	0	0	0	0	
598988	Frontal_Mid_L	27850	1974	92674	2472	3192	0	0	1210	4028	0	16100	0	38100	0	10262	0	2646	232	18248	1382	0	0	28534	3670	0	0	122	0	14654	146	7780	4132	1034	2620	164	160	1126	248	100	0	0	0	0	0	0	0	0	0	0	0	0	0	0	0	134	0	1114	0	0	0	384	0	146	0	0	0	0	0	2190	206	3882	1092	2116	0	104	0	2224	732	162	0	148	0	0	0	0	0	0	0	0	0	0	0	0	0	0	0	0	0	0	0	0	0	0	0	0	0	0	0	0	0	0	0	0	0	0	0	
313932	Frontal_Mid_R	1044	15338	5566	39196	0	604	1210	0	0	1348	610	11088	418	16170	0	2904	0	4566	7520	8860	0	0	708	2128	0	0	0	0	804	11998	872	4312	126	2164	0	0	0	998	0	0	0	0	0	0	0	0	0	0	0	0	0	0	0	0	0	184	94	170	0	0	0	0	0	0	0	0	0	0	0	0	1746	2674	1174	8706	242	0	350	824	0	0	0	250	0	0	0	0	0	0	0	0	0	0	0	0	0	0	0	0	0	0	0	0	0	0	0	0	0	0	0	0	0	0	0	0	0	0	
75916	Frontal_Mid_Orb_L	0	0	3598	0	8784	0	4028	0	0	0	0	0	2124	0	13916	0	0	0	0	0	324	278	0	0	128	0	1622	142	1760	0	134	0	0	0	0	0	0	0	0	0	0	0	0	0	0	0	0	0	0	0	0	0	0	0	0	0	0	0	0	0	0	0	0	0	0	0	0	0	0	0	384	0	616	0	0	0	0	0	0	0	0	0	120	0	0	0	0	0	0	0	0	0	0	0	0	0	0	0	0	0	0	0	0	0	0	0	0	0	0	0	0	0	0	0	0	0	
19036	Frontal_Mid_Orb_R	0	0	0	172	0	1778	0	1348	0	0	0	0	0	332	0	4948	0	0	0	0	0	0	0	0	0	0	0	0	0	250	0	0	0	0	0	0	0	0	0	0	0	0	0	0	0	0	0	0	0	0	0	0	0	0	0	0	0	0	0	0	0	0	0	0	0	0	0	0	0	0	0	0	0	690	0	0	0	0	0	0	0	0	0	0	0	0	0	0	0	0	0	0	0	0	0	0	0	0	0	0	0	0	0	0	0	0	0	0	0	0	0	0	0	0	0	0	
294148	Frontal_Inf_Oper_L	11204	102	18584	1154	478	0	16100	610	0	0	0	1736	24680	2440	192	0	7668	0	9444	610	0	0	1268	784	0	0	132	0	21190	0	4226	4030	106	0	0	0	542	0	0	0	0	0	0	0	0	0	0	0	0	0	0	0	0	0	0	0	1694	0	0	0	0	0	0	0	0	0	0	0	0	0	8704	4932	1570	272	0	0	0	0	918	0	132	0	1572	0	0	0	0	0	0	0	0	0	0	0	0	0	0	0	0	0	0	0	0	0	0	0	0	0	0	0	0	0	0	0	0	0	
167404	Frontal_Inf_Oper_R	0	6176	296	7916	0	0	0	11088	0	0	1736	0	516	11570	0	100	0	6416	690	6180	0	0	160	478	0	0	0	0	1362	11464	510	3374	0	1210	0	0	0	792	0	0	0	0	0	0	0	0	0	0	0	0	0	0	0	0	0	114	0	1288	0	0	0	0	0	226	0	0	0	0	0	0	540	1264	0	7506	0	0	0	492	0	0	0	238	0	0	0	0	0	0	0	0	0	0	0	0	0	0	0	0	0	0	0	0	0	0	0	0	0	0	0	0	0	0	0	0	0	0	
371860	Frontal_Inf_Tri_L	5468	0	32392	974	4114	0	38100	418	2124	0	24680	516	0	588	17006	0	214	0	6632	144	206	0	3818	860	0	0	318	0	31994	0	6480	2286	178	0	0	0	0	0	0	0	0	0	0	0	0	0	0	0	0	0	0	0	0	0	0	0	0	0	0	0	0	0	0	0	0	0	0	0	0	0	1402	988	3480	0	0	0	0	0	0	0	0	0	550	0	0	0	0	0	0	0	0	0	0	0	0	0	0	0	0	0	0	0	0	0	0	0	0	0	0	0	0	0	0	0	0	0	
208052	Frontal_Inf_Tri_R	0	144	372	16934	0	674	0	16170	0	332	2440	11570	588	0	0	5902	0	0	2788	7626	0	0	398	3476	0	0	0	0	2002	14908	714	7740	0	3840	0	0	0	0	0	0	0	0	0	0	0	0	0	0	0	0	0	0	0	0	0	0	0	0	0	0	0	0	0	0	0	0	0	0	0	0	1164	2024	0	2220	0	0	0	0	0	0	0	0	0	0	0	0	0	0	0	0	0	0	0	0	0	0	0	0	0	0	0	0	0	0	0	0	0	0	0	0	0	0	0	0	0	0	
203456	Frontal_Inf_Orb_L	0	0	11366	0	10348	184	10262	0	13916	0	192	0	17006	0	0	0	0	0	974	0	3412	1174	1174	0	0	276	2686	634	16996	0	924	588	0	0	0	0	0	0	136	0	256	0	0	0	0	0	0	0	0	0	0	0	0	0	0	0	0	0	0	0	0	0	0	0	0	0	0	0	0	0	2270	272	4174	0	0	0	0	0	0	0	0	0	2508	0	0	0	0	0	0	0	0	0	0	0	0	0	0	0	0	0	0	0	0	0	0	0	0	0	0	0	0	0	0	0	0	0	
76396	Frontal_Inf_Orb_R	0	0	0	1542	0	3320	0	2904	0	4948	0	100	0	5902	0	0	0	0	146	794	0	2164	0	114	0	0	0	1788	0	8612	0	138	0	186	0	0	0	0	0	0	0	242	0	0	0	0	0	0	0	0	0	0	0	0	0	0	0	0	0	0	0	0	0	0	0	0	0	0	0	0	0	1062	0	4140	0	0	0	0	0	0	0	0	0	96	0	0	0	0	0	0	0	0	0	0	0	0	0	0	0	0	0	0	0	0	0	0	0	0	0	0	0	0	0	0	0	0	
189112	Rolandic_Oper_L	8022	0	5162	0	0	0	2646	0	0	0	7668	0	214	0	0	0	0	0	4896	0	0	0	0	0	0	0	0	0	19380	0	0	466	0	0	0	0	2508	0	0	0	0	0	0	0	0	0	96	0	0	0	2744	0	4098	0	2158	0	5774	0	374	0	654	0	3404	0	288	0	0	0	320	0	2202	480	2402	0	448	0	98	0	5358	0	6498	0	1464	0	1708	0	0	0	2862	0	164	0	0	0	0	0	0	0	0	0	0	0	0	0	0	0	0	0	0	0	0	0	0	0	0	0	
139816	Rolandic_Oper_R	216	5156	152	4418	0	0	232	4566	0	0	0	6416	0	0	0	0	0	0	224	3444	0	0	0	0	0	0	0	0	114	17216	0	156	0	0	574	574	112	4468	0	0	0	0	0	0	0	0	0	0	0	0	0	0	0	0	0	98	0	3518	0	154	0	586	0	4178	0	102	0	0	0	0	0	286	126	4132	0	206	0	1472	0	2008	0	3866	0	892	0	126	0	0	0	120	0	0	0	0	0	0	0	0	0	0	0	0	0	0	0	0	0	0	0	0	0	0	0	0	0	0	
699728	Supp_Motor_Area_L	9166	1916	82822	16424	958	0	18248	7520	0	0	9444	690	6632	2788	974	146	4896	224	0	41038	0	0	23084	5052	0	0	244	0	18272	774	12602	8268	11570	25536	650	408	1530	190	0	0	0	0	0	0	0	0	0	0	0	0	0	0	136	0	572	0	2560	448	0	0	0	0	182	0	0	0	310	100	3482	768	6646	1424	14982	696	2922	0	564	102	414	0	860	0	0	0	94	0	0	0	536	0	0	0	0	0	0	0	0	0	0	0	0	0	0	0	0	0	0	0	0	0	0	0	0	0	0	0	
616668	Supp_Motor_Area_R	8060	2484	17886	56272	0	250	1382	8860	0	0	610	6180	144	7626	0	794	0	3444	41038	0	0	0	2498	6890	0	0	0	0	654	6916	4940	16378	5562	44584	1500	2508	0	540	0	104	0	0	270	0	268	0	0	212	0	0	0	0	0	0	0	0	662	7374	0	0	0	0	0	116	0	0	424	786	9652	12456	1856	11874	828	9030	0	1600	670	2152	0	0	0	0	0	0	0	0	0	0	0	0	0	0	0	0	0	0	0	0	0	0	0	0	0	0	0	0	0	0	0	0	0	0	0	0	0	0	
149416	Olfactory_L	0	0	156	0	5602	1370	0	0	324	0	0	0	206	0	3412	0	0	0	0	0	0	9474	0	0	538	2060	7558	4494	4132	0	5166	5318	0	0	0	0	440	0	1734	0	1216	0	0	0	0	0	0	0	0	0	0	0	0	0	414	0	0	0	0	0	0	0	0	0	0	0	0	0	0	0	11068	3302	3850	1304	0	0	0	0	0	0	0	0	1570	0	0	0	0	0	0	0	0	0	0	0	0	0	0	0	0	0	0	0	0	0	0	0	0	0	0	0	0	0	0	0	0	0	
147856	Olfactory_R	0	0	0	0	3250	3364	0	0	278	0	0	0	0	0	1174	2164	0	0	0	0	9474	0	0	0	150	3106	5818	8418	102	2942	4374	6144	0	0	0	0	0	0	0	286	0	750	0	0	0	0	0	0	0	0	0	0	0	0	0	0	0	0	0	0	0	0	0	0	0	0	0	0	0	0	9830	5776	3960	2160	160	0	0	0	0	0	0	0	0	248	0	0	0	0	0	0	0	0	0	0	0	0	0	0	0	0	0	0	0	0	0	0	0	0	0	0	0	0	0	0	0	0	
506964	Frontal_Sup_Medial_L	478	0	62094	11760	2856	198	28534	708	0	0	1268	160	3818	398	1174	0	0	0	23084	2498	0	0	0	30418	2014	1888	914	0	4758	180	29770	20316	7954	14860	0	0	0	0	0	0	0	0	0	0	0	0	0	0	0	0	0	0	0	0	0	0	0	0	0	0	0	0	0	0	0	0	0	0	0	0	162	156	1064	0	0	0	0	0	0	0	0	0	0	0	0	0	0	0	0	0	0	0	0	0	0	0	0	0	0	0	0	0	0	0	0	0	0	0	0	0	0	0	0	0	0	0	
415696	Frontal_Sup_Medial_R	0	0	9824	38524	284	5830	3670	2128	0	0	784	478	860	3476	0	114	0	0	5052	6890	0	0	30418	0	846	10544	108	2432	2002	2882	12376	37140	2340	17286	0	0	0	0	0	0	0	0	0	0	0	0	0	0	0	0	0	0	0	0	0	0	0	0	0	0	0	0	0	0	0	0	0	0	0	0	674	4758	370	5758	0	0	0	0	0	0	0	0	0	0	0	0	0	0	0	0	0	0	0	0	0	0	0	0	0	0	0	0	0	0	0	0	0	0	0	0	0	0	0	0	0	0	
42460	Frontal_Med_Orb_L	0	0	964	0	3968	0	0	0	128	0	0	0	0	0	0	0	0	0	0	0	538	150	2014	846	0	1970	3502	216	106	0	5092	918	0	0	0	0	0	0	0	0	0	0	0	0	0	0	0	0	0	0	0	0	0	0	0	0	0	0	0	0	0	0	0	0	0	0	0	0	0	0	536	0	282	0	0	0	0	0	0	0	0	0	0	0	0	0	0	0	0	0	0	0	0	0	0	0	0	0	0	0	0	0	0	0	0	0	0	0	0	0	0	0	0	0	0	0	
145400	Frontal_Med_Orb_R	0	0	366	4584	740	6164	0	0	0	0	0	0	0	0	276	0	0	0	0	0	2060	3106	1888	10544	1970	0	1916	10010	0	0	4802	11864	0	0	0	0	0	0	0	0	0	0	0	0	0	0	0	0	0	0	0	0	0	0	0	0	0	0	0	0	0	0	0	0	0	0	0	0	0	0	1822	3634	942	6012	0	0	0	0	0	0	0	0	0	0	0	0	0	0	0	0	0	0	0	0	0	0	0	0	0	0	0	0	0	0	0	0	0	0	0	0	0	0	0	0	0	0	
134532	Rectus_L	0	0	1492	0	12106	934	122	0	1622	0	132	0	318	0	2686	0	0	0	244	0	7558	5818	914	108	3502	1916	0	3576	1192	0	7060	4484	0	0	0	0	0	0	0	0	0	0	0	0	0	0	0	0	0	0	0	0	0	0	0	0	0	0	0	0	0	0	0	0	0	0	0	0	0	0	7654	1966	1096	766	0	0	0	0	0	0	0	0	0	0	0	0	0	0	0	0	0	0	0	0	0	0	0	0	0	0	0	0	0	0	0	0	0	0	0	0	0	0	0	0	0	0	
140744	Rectus_R	0	0	0	772	1482	9030	0	0	142	0	0	0	0	0	634	1788	0	0	0	0	4494	8418	0	2432	216	10010	3576	0	0	1518	2632	7340	0	0	0	0	0	0	0	0	0	0	0	0	0	0	0	0	0	0	0	0	0	0	0	0	0	0	0	0	0	0	0	0	0	0	0	0	0	0	3836	4480	1172	6400	0	0	0	0	0	0	0	0	0	0	0	0	0	0	0	0	0	0	0	0	0	0	0	0	0	0	0	0	0	0	0	0	0	0	0	0	0	0	0	0	0	0	
634116	Insula_L	8004	392	35840	2190	8966	0	14654	804	1760	0	21190	1362	31994	2002	16996	0	19380	114	18272	654	4132	102	4758	2002	106	0	1192	0	0	160	7212	4844	0	0	390	386	15112	396	1758	0	4068	0	0	0	0	0	0	0	0	0	572	0	1908	0	6910	0	5104	0	222	0	230	0	726	0	120	0	0	0	524	0	10544	5150	26854	382	160	0	644	366	6686	0	5646	0	7448	0	1030	0	0	0	4640	0	0	0	0	0	0	0	0	0	0	0	0	0	0	0	0	0	0	0	0	0	0	0	0	0	0	0	
321512	Insula_R	172	5720	244	13378	0	2168	146	11998	0	250	0	11464	0	14908	0	8612	0	17216	774	6916	0	2942	180	2882	0	0	0	1518	160	0	96	5096	0	844	1032	1032	264	6782	0	940	0	976	0	0	0	0	0	0	0	0	0	0	0	0	116	1064	0	1280	0	0	0	0	0	902	0	0	0	0	0	0	110	1940	98	24898	0	124	0	2342	0	2252	0	3210	0	454	0	926	0	0	0	2330	0	0	0	0	0	0	0	0	0	0	0	0	0	0	0	0	0	0	0	0	0	0	0	0	0	0	
447192	Cingulum_Ant_L	534	0	23742	9402	6790	890	7780	872	134	0	4226	510	6480	714	924	0	0	0	12602	4940	5166	4374	29770	12376	5092	4802	7060	2632	7212	96	0	28792	8648	7992	0	0	0	0	0	0	0	0	0	0	0	0	0	0	0	0	0	0	0	0	0	0	0	0	0	0	0	0	0	0	0	0	0	0	0	0	7434	3188	6988	1336	0	0	0	0	0	0	0	0	98	0	0	0	0	0	0	0	0	0	0	0	0	0	0	0	0	0	0	0	0	0	0	0	0	0	0	0	0	0	0	0	0	0	
660800	Cingulum_Ant_R	1322	260	8482	46050	2690	5364	4132	4312	0	0	4030	3374	2286	7740	588	138	466	156	8268	16378	5318	6144	20316	37140	918	11864	4484	7340	4844	5096	28792	0	4270	26124	0	0	0	0	0	0	0	0	0	0	0	0	0	0	0	0	0	0	0	0	0	0	0	0	0	0	0	0	0	0	0	0	0	0	0	0	8340	26588	2338	13930	0	0	0	366	0	0	0	0	152	0	0	0	0	0	0	0	0	0	0	0	0	0	0	0	0	0	0	0	0	0	0	0	0	0	0	0	0	0	0	0	0	0	
150188	Cingulum_Mid_L	852	0	5854	1582	0	0	1034	126	0	0	106	0	178	0	0	0	0	0	11570	5562	0	0	7954	2340	0	0	0	0	0	0	8648	4270	0	12410	2638	540	0	0	0	0	0	0	176	0	560	0	0	0	0	0	0	0	0	0	0	0	0	1272	0	0	0	0	0	0	0	0	2680	234	2718	1790	0	0	0	0	0	0	0	0	0	0	0	0	0	0	0	0	0	0	0	0	0	0	0	0	0	0	0	0	0	0	0	0	0	0	0	0	0	0	0	0	0	0	0	0	0	0	
469112	Cingulum_Mid_R	4044	1486	7366	17082	0	0	2620	2164	0	0	0	1210	0	3840	0	186	0	0	25536	44584	0	0	14860	17286	0	0	0	0	0	844	7992	26124	12410	0	1626	8100	0	0	0	0	0	0	226	382	214	860	0	674	0	418	0	192	0	0	0	0	246	4312	0	0	0	0	0	0	0	0	1152	5790	6252	12158	0	1052	0	444	0	174	0	0	0	0	0	0	0	0	0	296	0	0	0	260	0	0	0	0	0	0	0	0	0	0	0	0	0	0	0	0	0	0	0	0	94	0	0	0	0	0	
172392	Cingulum_Post_L	1690	1162	316	0	0	0	164	0	0	0	0	0	0	0	0	0	0	574	650	1500	0	0	0	0	0	0	0	0	390	1032	0	0	2638	1626	0	10370	6254	6060	2678	1858	0	0	6046	0	2744	0	1302	0	184	0	1446	0	1170	0	3074	1184	1662	1492	494	0	188	0	0	0	0	0	9650	970	5936	1790	0	0	0	1228	0	0	968	5014	164	0	94	98	0	0	336	0	0	0	0	0	0	0	0	0	0	0	0	0	0	0	0	0	0	0	0	0	0	0	0	0	0	0	0	0	0	0	
170228	Cingulum_Post_R	1404	1502	100	0	0	0	160	0	0	0	0	0	0	0	0	0	0	574	408	2508	0	0	0	0	0	0	0	0	386	1032	0	0	540	8100	10370	0	5130	7846	1434	3316	0	0	0	758	0	272	0	3378	0	0	0	0	0	0	1184	2420	182	3120	0	0	0	116	0	178	0	0	1292	10142	1062	7028	0	0	0	1230	0	0	1104	5254	162	0	94	104	0	0	0	118	0	0	0	324	0	0	0	0	0	0	0	96	0	0	0	0	0	0	0	0	0	0	0	0	686	0	0	0	0	0	
286140	Hippocampus_L	7718	1198	3398	0	0	0	1126	0	0	0	542	0	0	0	0	0	2508	112	1530	0	440	0	0	0	0	0	0	0	15112	264	0	0	0	0	6254	5130	0	5074	14060	2116	6600	0	1206	0	0	0	2102	150	0	0	376	0	1274	0	20280	1384	2604	0	0	0	0	0	178	0	0	0	2988	1050	984	0	464	0	9664	444	172	0	2414	3882	4590	0	3494	0	2028	0	1886	0	0	0	5680	0	0	0	0	0	0	0	314	0	280	0	0	0	0	0	0	0	0	0	0	0	0	0	0	0	0	0	
288556	Hippocampus_R	1276	4534	132	564	0	0	248	998	0	0	0	792	0	0	0	0	0	4468	190	540	0	0	0	0	0	0	0	0	396	6782	0	0	0	0	6060	7846	5074	0	1492	19888	0	7108	0	734	0	0	160	2648	0	0	0	0	0	488	1090	21880	166	1248	0	0	0	342	0	2162	0	0	730	3918	0	228	0	508	114	12086	0	390	656	7580	152	2054	94	4602	0	368	0	1492	0	0	0	8890	0	0	0	0	0	0	0	808	0	0	0	0	0	0	0	0	0	0	0	0	302	0	0	0	0	0	
111764	ParaHippocampal_L	906	0	402	0	0	0	100	0	0	0	0	0	0	0	136	0	0	0	0	0	1734	0	0	0	0	0	0	0	1758	0	0	0	0	0	2678	1434	14060	1492	0	1038	2456	0	1144	0	0	0	3430	262	0	0	0	0	832	0	11208	618	242	0	0	0	0	0	0	0	0	0	2600	372	104	0	332	0	1504	0	0	0	94	626	0	0	0	0	2028	0	0	0	530	0	140	0	188	0	0	0	96	0	706	0	632	0	0	0	0	0	0	0	0	0	0	0	0	0	0	0	0	0	
144984	ParaHippocampal_R	0	234	0	106	0	0	0	0	0	0	0	0	0	0	0	0	0	0	0	104	0	286	0	0	0	0	0	0	0	940	0	0	0	0	1858	3316	2116	19888	1038	0	0	5348	0	1042	0	0	136	3316	0	0	0	0	0	0	658	16236	0	0	0	0	0	0	0	0	0	0	674	4110	0	0	0	0	0	4126	0	304	0	1680	0	0	0	0	0	1926	0	0	0	536	0	928	0	0	0	0	0	0	0	1084	0	204	0	0	0	0	0	0	0	0	0	0	298	0	0	0	0	0	
42384	Amygdala_L	0	0	0	0	188	0	0	0	0	0	0	0	0	0	256	0	0	0	0	0	1216	0	0	0	0	0	0	0	4068	0	0	0	0	0	0	0	6600	0	2456	0	0	0	0	0	0	0	0	0	0	0	0	0	0	0	3298	0	0	0	0	0	0	0	0	0	0	0	0	0	0	0	0	0	484	0	0	0	0	0	0	0	260	0	2026	0	96	0	0	0	244	0	0	0	0	0	0	0	0	0	0	0	0	0	0	0	0	0	0	0	0	0	0	0	0	0	0	0	
44152	Amygdala_R	0	0	0	0	0	0	0	0	0	0	0	0	0	0	0	242	0	0	0	0	0	750	0	0	0	0	0	0	0	976	0	0	0	0	0	0	0	7108	0	5348	0	0	0	0	0	0	0	0	0	0	0	0	0	0	0	4584	0	0	0	0	0	0	0	0	0	0	0	0	0	0	0	0	0	1228	0	0	0	0	0	0	0	0	0	1840	0	0	0	0	0	0	0	0	0	0	0	0	0	0	0	0	0	0	0	0	0	0	0	0	0	0	0	0	0	0	0	0	
203896	Calcarine_L	0	0	0	0	0	0	0	0	0	0	0	0	0	0	0	0	0	0	0	270	0	0	0	0	0	0	0	0	0	0	0	0	176	226	6046	0	1206	0	1144	0	0	0	0	8154	15250	5748	7098	3486	9476	1614	11314	398	3970	0	2552	0	2488	266	1156	0	402	0	0	0	0	0	16248	374	2162	272	0	0	0	0	0	0	0	0	0	0	0	0	0	0	452	0	0	0	0	0	0	0	0	0	0	0	0	0	0	0	0	0	0	0	0	0	0	0	0	0	0	0	0	0	0	0	
274088	Calcarine_R	0	396	0	0	0	0	0	0	0	0	0	0	0	0	0	0	0	0	0	0	0	0	0	0	0	0	0	0	0	0	0	0	0	382	0	758	0	734	0	1042	0	0	8154	0	4146	20994	586	16292	1088	17626	0	12732	0	5902	0	3692	0	2472	0	1198	0	934	0	248	0	148	1184	13334	0	858	0	0	0	0	0	0	0	0	0	0	0	136	0	0	0	10744	0	0	0	11264	0	0	0	0	0	0	0	0	0	0	0	0	0	0	0	0	0	0	0	0	0	0	0	0	0	0	
184472	Cuneus_L	110	0	0	0	0	0	0	0	0	0	0	0	0	0	0	0	0	0	0	268	0	0	0	0	0	0	0	0	0	0	0	0	560	214	2744	0	0	0	0	0	0	0	15250	4146	0	7206	1102	390	19690	1452	12676	0	2194	0	680	0	2204	262	3188	0	518	0	0	0	0	0	13878	1492	1396	268	0	0	0	0	0	0	0	0	0	0	0	0	0	0	348	0	0	0	0	0	0	0	0	0	0	0	0	0	0	0	0	0	0	0	0	0	0	0	0	0	0	0	0	0	0	0	
242524	Cuneus_R	0	0	0	0	0	0	0	0	0	0	0	0	0	0	0	0	0	0	0	0	0	0	0	0	0	0	0	0	0	0	0	0	0	860	0	272	0	0	0	0	0	0	5748	20994	7206	0	250	6748	1748	28688	0	7806	0	680	0	1360	0	472	0	4722	0	150	0	0	0	234	7114	20272	0	560	0	0	0	0	0	0	0	0	0	0	0	0	0	0	0	3266	0	0	0	2112	0	0	0	0	0	0	0	0	0	0	0	0	0	0	0	0	0	0	0	0	0	0	0	0	0	0	
244788	Lingual_L	0	0	0	0	0	0	0	0	0	0	0	0	0	0	0	0	96	0	0	0	0	0	0	0	0	0	0	0	0	0	0	0	0	0	1302	0	2102	160	3430	136	0	0	7098	586	1102	250	0	2768	2784	210	12258	0	7740	0	16312	842	210	0	150	0	0	0	0	0	0	0	3812	0	254	0	0	0	0	0	0	0	0	0	110	0	246	0	0	0	162	0	0	0	96	0	9960	1602	2758	0	432	0	11024	1964	18138	2706	0	0	310	0	546	0	0	0	0	454	4708	3120	456	0	0	0	
272624	Lingual_R	0	122	0	0	0	0	0	0	0	0	0	0	0	0	0	0	0	0	0	212	0	0	0	0	0	0	0	0	0	0	0	0	0	674	0	3378	150	2648	262	3316	0	0	3486	16292	390	6748	2768	0	192	6434	0	1768	148	1794	1384	16534	0	1340	0	250	0	316	0	212	0	0	268	8966	104	1500	0	0	0	0	0	0	0	360	0	0	0	0	0	0	0	334	0	0	0	2040	1696	6248	308	0	384	0	1922	6740	5348	10968	0	0	0	100	550	232	0	0	136	196	6790	8918	1386	0	0	0	
189516	Occipital_Sup_L	0	0	0	0	0	0	0	0	0	0	0	0	0	0	0	0	0	0	0	0	0	0	0	0	0	0	0	0	0	0	0	0	0	0	184	0	0	0	0	0	0	0	9476	1088	19690	1748	2784	192	0	320	29668	0	3624	0	616	0	948	0	9382	0	510	0	204	0	316	0	11156	0	372	0	0	0	0	0	0	0	0	0	0	0	0	0	0	0	2480	0	0	0	0	0	0	0	0	0	0	0	0	0	0	0	0	0	0	0	0	0	0	0	0	0	0	0	0	0	0	0	
227648	Occipital_Sup_R	0	0	0	0	0	0	0	0	0	0	0	0	0	0	0	0	0	0	0	0	0	0	0	0	0	0	0	0	0	0	0	0	0	418	0	0	0	0	0	0	0	0	1614	17626	1452	28688	210	6434	320	0	0	18316	0	1720	0	2486	0	880	0	4796	0	1568	0	272	0	2900	4546	12404	0	376	0	0	0	0	0	0	0	0	0	0	0	0	0	0	0	4596	0	0	0	2202	0	0	0	0	0	0	0	0	0	0	0	0	0	0	0	0	0	0	0	0	0	0	0	0	0	0	
449056	Occipital_Mid_L	362	0	0	0	0	0	0	0	0	0	0	0	0	0	0	0	2744	0	0	0	0	0	0	0	0	0	0	0	572	0	0	0	0	0	1446	0	376	0	0	0	0	0	11314	0	12676	0	12258	0	29668	0	0	0	24132	0	6366	0	8752	0	22434	0	14418	0	1818	0	13058	0	20764	0	2668	0	0	0	0	0	0	0	0	0	1886	0	2236	0	0	0	25412	0	0	0	7748	0	708	0	330	0	0	0	0	0	382	0	0	0	0	0	0	0	0	0	0	0	0	0	0	0	0	0	
175892	Occipital_Mid_R	0	0	0	0	0	0	0	0	0	0	0	0	0	0	0	0	0	0	0	0	0	0	0	0	0	0	0	0	0	0	0	0	0	192	0	0	0	0	0	0	0	0	398	12732	0	7806	0	1768	0	18316	0	0	0	2316	0	1646	0	364	0	1872	0	3646	0	796	0	9496	1192	6348	0	0	0	0	0	0	0	0	0	0	0	0	0	742	0	0	0	14816	0	0	0	3500	0	0	0	0	0	0	0	0	0	0	0	0	0	0	0	0	0	0	0	0	0	0	0	0	0	0	
204140	Occipital_Inf_L	942	0	264	0	0	0	0	0	0	0	0	0	0	0	0	0	4098	0	136	0	0	0	0	0	0	0	0	0	1908	0	0	0	0	0	1170	0	1274	0	832	0	0	0	3970	0	2194	0	7740	148	3624	0	24132	0	0	0	17150	0	932	0	1244	0	1302	0	3446	0	500	0	2916	0	1780	0	0	0	336	0	0	0	0	0	2140	0	3944	0	0	0	4012	0	0	0	6058	0	1274	0	672	0	0	0	94	144	1306	0	0	0	0	0	0	0	0	0	0	0	188	200	0	0	0	0	
62388	Occipital_Inf_R	0	338	0	0	0	0	0	0	0	0	0	0	0	0	0	0	0	0	0	0	0	0	0	0	0	0	0	0	0	0	0	0	0	0	0	0	0	488	0	0	0	0	0	5902	0	680	0	1794	0	1720	0	2316	0	0	0	4626	0	2708	0	908	0	1260	0	132	0	98	0	302	0	334	0	0	0	122	0	0	0	0	0	0	0	136	0	0	0	824	0	0	0	6506	0	0	0	0	0	0	0	0	0	0	0	0	0	0	0	0	0	0	0	0	0	0	0	0	0	0	
459736	Fusiform_L	1556	0	822	0	0	0	134	0	0	0	0	0	0	0	0	0	2158	0	572	0	414	0	0	0	0	0	0	0	6910	116	0	0	0	0	3074	1184	20280	1090	11208	658	3298	0	2552	0	680	0	16312	1384	616	0	6366	0	17150	0	0	926	694	0	346	0	670	0	2358	0	222	0	3470	276	1338	0	112	0	4196	154	0	0	314	570	986	0	5644	0	3992	0	3184	0	1816	0	14834	0	25452	780	2758	0	312	0	13898	1656	32458	1318	330	0	398	0	478	0	0	0	0	0	3442	1834	118	0	0	0	
341752	Fusiform_R	0	402	0	0	0	0	0	184	0	0	0	114	0	0	0	0	0	98	0	0	0	0	0	0	0	0	0	0	0	1064	0	0	0	0	1184	2420	1384	21880	618	16236	0	4584	0	3692	0	1360	842	16534	0	2486	0	1646	0	4626	926	0	0	2826	0	1522	0	1826	0	208	0	358	708	3728	0	96	0	0	0	4734	0	118	0	1320	0	426	0	1956	0	4912	0	2724	0	1048	0	17110	864	8082	102	0	116	0	1410	6824	2428	12714	0	0	0	142	230	200	0	0	0	0	4364	4254	1246	0	0	0	
313800	Postcentral_L	31876	4162	4958	450	0	0	1114	94	0	0	1694	0	0	0	0	0	5774	0	2560	662	0	0	0	0	0	0	0	0	5104	0	0	0	0	246	1662	182	2604	166	242	0	0	0	2488	0	2204	0	210	0	948	0	8752	0	932	0	694	0	0	0	14554	0	18530	0	6856	0	914	0	10046	0	9738	354	1210	870	2570	252	542	0	3476	490	3258	0	1242	0	0	0	1774	0	0	0	446	0	0	0	0	0	0	0	0	0	0	0	0	0	0	0	0	0	0	0	0	0	0	0	0	0	0	0	
300616	Postcentral_R	830	12974	0	188	0	0	0	170	0	0	0	1288	0	0	0	0	0	3518	448	7374	0	0	0	0	0	0	0	0	0	1280	0	0	1272	4312	1492	3120	0	1248	0	0	0	0	266	2472	262	472	0	1340	0	880	0	364	0	2708	0	2826	0	0	0	18232	0	22342	0	11200	0	2472	894	3940	5504	16744	0	414	0	1858	0	584	0	308	0	314	0	2216	0	0	0	3658	0	0	0	8524	0	0	0	0	0	0	0	0	0	0	0	0	0	0	0	0	0	0	0	0	0	0	0	0	0	0	
243624	Parietal_Sup_L	958	0	218	0	0	0	0	0	0	0	0	0	0	0	0	0	374	0	0	0	0	0	0	0	0	0	0	0	222	0	0	0	0	0	494	0	0	0	0	0	0	0	1156	0	3188	0	150	0	9382	0	22434	0	1244	0	346	0	14554	0	0	0	20562	0	3634	0	4896	0	24314	0	2664	0	0	0	0	0	0	0	0	0	164	0	550	0	0	0	6920	0	0	0	3388	0	0	0	0	0	0	0	0	0	0	0	0	0	0	0	0	0	0	0	0	0	0	0	0	0	0	0	
159272	Parietal_Sup_R	0	1488	0	0	0	0	0	0	0	0	0	0	0	0	0	0	0	154	0	0	0	0	0	0	0	0	0	0	0	0	0	0	0	0	0	0	0	0	0	0	0	0	0	1198	0	4722	0	250	0	4796	0	1872	0	908	0	1522	0	18232	0	0	0	18580	0	2142	0	4498	1306	9774	0	744	0	0	0	0	0	0	0	0	0	0	0	1216	0	0	0	3204	0	0	0	3030	0	0	0	0	0	0	0	0	0	0	0	0	0	0	0	0	0	0	0	0	0	0	0	0	0	0	
243900	Parietal_Inf_L	3860	0	472	0	0	0	384	0	0	0	0	0	0	0	0	0	654	0	0	0	0	0	0	0	0	0	0	0	230	0	0	0	0	0	188	0	0	0	0	0	0	0	402	0	518	0	0	0	510	0	14418	0	1302	0	670	0	18530	0	20562	0	0	0	13380	0	18834	0	3778	0	1698	0	0	0	0	0	0	0	0	0	176	0	3292	0	0	0	11292	0	0	0	6692	0	108	0	0	0	0	0	0	0	0	0	0	0	0	0	0	0	0	0	0	0	0	0	0	0	0	0	
181316	Parietal_Inf_R	0	2512	0	0	0	0	0	0	0	0	0	0	0	0	0	0	0	586	0	0	0	0	0	0	0	0	0	0	0	0	0	0	0	0	0	116	0	342	0	0	0	0	0	934	0	150	0	316	0	1568	0	3646	0	1260	0	1826	0	22342	0	18580	0	0	0	11178	0	12736	196	652	0	158	0	0	0	0	0	0	0	0	0	294	0	2466	0	0	0	4668	0	0	0	4132	0	0	0	0	0	0	0	0	0	0	0	0	0	0	0	0	0	0	0	0	0	0	0	0	0	0	
124052	SupraMarginal_L	2746	130	836	0	0	0	146	0	0	0	0	0	0	0	0	0	3404	0	182	0	0	0	0	0	0	0	0	0	726	0	0	0	0	0	0	0	178	0	0	0	0	0	0	0	0	0	0	0	204	0	1818	0	3446	0	2358	0	6856	0	3634	0	13380	0	0	0	4512	0	590	0	876	0	0	0	212	0	0	0	0	0	330	0	8158	0	0	0	5424	0	0	0	1764	0	116	0	0	0	0	0	0	0	0	0	0	0	0	0	0	0	0	0	0	0	0	0	0	0	0	0	
106608	SupraMarginal_R	102	1202	0	0	0	0	0	0	0	0	0	226	0	0	0	0	0	4178	0	116	0	0	0	0	0	0	0	0	0	902	0	0	0	0	0	178	0	2162	0	0	0	0	0	248	0	0	0	212	0	272	0	796	0	132	0	208	0	11200	0	2142	0	11178	0	0	0	5034	106	382	158	430	0	284	0	1666	0	556	0	192	0	472	0	4088	0	0	0	3418	0	0	0	1064	0	0	0	0	0	0	0	0	0	0	0	0	0	0	0	0	0	0	0	0	0	0	0	0	0	0	
128744	Angular_L	220	0	0	0	0	0	0	0	0	0	0	0	0	0	0	0	288	0	0	0	0	0	0	0	0	0	0	0	120	0	0	0	0	0	0	0	0	0	0	0	0	0	0	0	0	0	0	0	316	0	13058	0	500	0	222	0	914	0	4896	0	18834	0	4512	0	0	0	426	0	0	0	0	0	0	0	0	0	0	0	112	0	3100	0	0	0	11882	0	0	0	4972	0	0	0	0	0	0	0	0	0	0	0	0	0	0	0	0	0	0	0	0	0	0	0	0	0	0	0	
99472	Angular_R	0	0	0	0	0	0	0	0	0	0	0	0	0	0	0	0	0	102	0	0	0	0	0	0	0	0	0	0	0	0	0	0	0	0	0	0	0	0	0	0	0	0	0	148	0	234	0	0	0	2900	0	9496	0	98	0	358	0	2472	0	4498	0	12736	0	5034	0	0	252	392	0	0	0	0	0	0	0	0	0	0	0	0	0	2370	0	0	0	7750	0	0	0	896	0	0	0	0	0	0	0	0	0	0	0	0	0	0	0	0	0	0	0	0	0	0	0	0	0	0	
359252	Precuneus_L	648	0	294	0	0	0	0	0	0	0	0	0	0	0	0	0	0	0	310	424	0	0	0	0	0	0	0	0	0	0	0	0	2680	1152	9650	1292	2988	730	2600	674	0	0	16248	1184	13878	7114	3812	268	11156	4546	20764	1192	2916	0	3470	708	10046	894	24314	1306	3778	196	590	106	426	252	0	12012	6832	954	0	0	0	0	0	0	0	0	0	0	0	0	0	0	4770	572	0	0	1188	692	0	0	0	0	0	0	0	0	0	0	0	0	0	0	0	0	0	0	0	0	0	0	0	0	0	0	
281124	Precuneus_R	0	230	0	0	0	0	0	0	0	0	0	0	0	0	0	0	0	0	100	786	0	0	0	0	0	0	0	0	0	0	0	0	234	5790	970	10142	1050	3918	372	4110	0	0	374	13334	1492	20272	0	8966	0	12404	0	6348	0	302	276	3728	0	3940	0	9774	0	652	0	382	0	392	12012	0	256	5228	0	0	0	0	0	0	0	442	0	0	0	0	0	0	0	5534	0	0	0	5684	0	0	0	0	0	0	0	116	0	0	0	0	0	0	0	0	0	0	0	0	952	0	0	0	0	0	
266856	Paracentral_Lobule_L	22302	4064	16202	644	0	0	2190	0	0	0	0	0	0	0	0	0	320	0	3482	9652	0	0	0	0	0	0	0	0	524	0	0	0	2718	6252	5936	1062	984	0	104	0	0	0	2162	0	1396	0	254	104	372	0	2668	0	1780	0	1338	0	9738	5504	2664	0	1698	0	876	158	0	0	6832	256	0	8358	1074	216	2490	0	708	0	5480	0	176	0	0	0	0	0	690	0	0	0	0	0	0	0	0	0	0	0	0	0	0	0	0	0	0	0	0	0	0	0	0	0	0	0	0	0	0	0	
165740	Paracentral_Lobule_R	2510	4976	276	0	0	0	206	0	0	0	0	0	0	0	0	0	0	0	768	12456	0	0	0	0	0	0	0	0	0	0	0	0	1790	12158	1790	7028	0	228	0	0	0	0	272	858	268	560	0	1500	0	376	0	0	0	334	0	96	354	16744	0	744	0	158	0	430	0	0	954	5228	8358	0	0	0	0	0	0	0	0	0	0	0	0	0	0	0	0	244	0	0	0	1100	0	0	0	0	0	0	0	0	0	0	0	0	0	0	0	0	0	0	0	0	106	0	0	0	0	0	
336316	Caudate_L	4866	1694	7234	3354	5130	1276	3882	1746	384	0	8704	540	1402	1164	2270	0	2202	0	6646	1856	11068	9830	162	674	536	1822	7654	3836	10544	110	7434	8340	0	0	0	0	464	0	332	0	0	0	0	0	0	0	0	0	0	0	0	0	0	0	112	0	1210	0	0	0	0	0	0	0	0	0	0	0	1074	0	0	12736	19956	3160	3346	98	8352	360	0	0	0	0	598	0	0	0	0	0	0	0	0	0	0	0	0	0	0	0	0	0	0	0	0	0	0	0	0	0	0	0	0	0	0	0	0	0	
344428	Caudate_R	2302	7564	1538	14698	1682	4060	1092	2674	0	0	4932	1264	988	2024	272	1062	480	286	1424	11874	3302	5776	156	4758	0	3634	1966	4480	5150	1940	3188	26588	0	1052	0	0	0	508	0	0	0	0	0	0	0	0	0	0	0	0	0	0	0	0	0	0	870	414	0	0	0	0	0	284	0	0	0	0	216	0	12736	0	3996	16536	210	886	116	12948	0	0	0	98	190	0	0	0	0	0	0	0	0	0	0	0	0	0	0	0	0	0	0	0	0	0	0	0	0	0	0	0	0	0	0	0	0	0	
351632	Putamen_L	7170	2000	17520	1664	2776	232	2116	1174	616	0	1570	0	3480	0	4174	0	2402	126	14982	828	3850	3960	1064	370	282	942	1096	1172	26854	98	6988	2338	0	0	0	0	9664	114	1504	0	484	0	0	0	0	0	0	0	0	0	0	0	336	0	4196	0	2570	0	0	0	0	0	212	0	0	0	0	0	2490	0	19956	3996	0	1404	6718	0	3714	0	234	0	1768	0	1638	0	366	0	0	0	2608	0	0	0	0	0	0	0	0	0	0	0	0	0	0	0	0	0	0	0	0	0	0	0	0	0	0	0	
378928	Putamen_R	460	3572	288	15026	550	10710	0	8706	0	690	272	7506	0	2220	0	4140	0	4132	696	9030	1304	2160	0	5758	0	6012	766	6400	382	24898	1336	13930	0	444	1228	1230	444	12086	0	4126	0	1228	0	0	0	0	0	0	0	0	0	0	0	122	154	4734	252	1858	0	0	0	0	0	1666	0	0	0	0	0	0	3160	16536	1404	0	98	1384	0	3840	0	0	0	434	0	290	0	0	0	0	0	1802	0	0	0	0	0	0	0	0	0	0	0	0	0	0	0	0	0	0	0	0	0	0	0	0	0	0	
46428	Pallidum_L	1532	440	3066	190	0	0	104	242	0	0	0	0	0	0	0	0	448	0	2922	0	0	160	0	0	0	0	0	0	160	0	0	0	0	0	0	0	172	0	0	0	0	0	0	0	0	0	0	0	0	0	0	0	0	0	0	0	542	0	0	0	0	0	0	0	0	0	0	0	708	0	3346	210	6718	98	0	0	2156	0	0	0	0	0	0	0	0	0	0	0	0	0	0	0	0	0	0	0	0	0	0	0	0	0	0	0	0	0	0	0	0	0	0	0	0	0	0	0	
14828	Pallidum_R	0	0	0	990	0	0	0	0	0	0	0	0	0	0	0	0	0	206	0	1600	0	0	0	0	0	0	0	0	0	124	0	0	0	174	0	0	0	390	0	304	0	0	0	0	0	0	0	0	0	0	0	0	0	0	0	118	0	584	0	0	0	0	0	556	0	0	0	0	0	0	98	886	0	1384	0	0	0	0	0	0	0	0	0	0	0	0	0	0	0	0	0	0	0	0	0	0	0	0	0	0	0	0	0	0	0	0	0	0	0	0	0	0	0	0	0	0	
135424	Thalamus_L	17434	414	11420	1516	0	0	2224	350	0	0	0	0	0	0	0	0	98	0	564	670	0	0	0	0	0	0	0	0	644	0	0	0	0	0	968	1104	2414	656	94	0	0	0	0	0	0	0	0	0	0	0	0	0	0	0	314	0	3476	0	0	0	0	0	0	0	0	0	0	0	5480	0	8352	116	3714	0	2156	0	0	3398	0	0	0	0	0	0	0	0	0	0	136	0	0	0	0	0	0	0	0	0	0	0	0	0	0	0	0	0	0	0	0	0	0	0	0	0	0	0	
154788	Thalamus_R	2108	10470	192	6572	0	0	732	824	0	0	0	492	0	0	0	0	0	1472	102	2152	0	0	0	0	0	0	0	0	366	2342	0	366	0	0	5014	5254	3882	7580	626	1680	0	0	0	0	0	0	0	360	0	0	0	0	0	0	570	1320	490	308	0	0	0	0	0	192	0	0	0	442	0	0	360	12948	0	3840	0	0	3398	0	150	0	0	200	0	0	0	144	0	0	0	326	0	0	0	0	0	0	0	120	0	0	0	0	0	0	0	0	0	0	0	0	0	0	0	0	0	0	
84536	Heschl_L	2726	176	526	0	0	0	162	0	0	0	918	0	0	0	0	0	5358	0	414	0	0	0	0	0	0	0	0	0	6686	0	0	0	0	0	164	162	4590	152	0	0	0	0	0	0	0	0	110	0	0	0	1886	0	2140	0	986	0	3258	0	164	0	176	0	330	0	112	0	0	0	176	0	0	0	234	0	0	0	0	150	0	0	5026	0	0	0	3596	0	0	0	1890	0	0	0	0	0	0	0	0	0	0	0	0	0	0	0	0	0	0	0	0	0	0	0	0	0	0	0	
27296	Heschl_R	0	100	0	0	0	0	0	0	0	0	0	0	0	0	0	0	0	2008	0	0	0	0	0	0	0	0	0	0	0	2252	0	0	0	0	0	0	0	2054	0	0	0	0	0	0	0	0	0	0	0	0	0	0	0	0	0	426	0	314	0	0	0	294	0	472	0	0	0	0	0	0	0	0	0	0	0	0	0	0	0	0	0	3974	0	154	0	690	0	0	0	910	0	0	0	0	0	0	0	0	0	0	0	0	0	0	0	0	0	0	0	0	0	0	0	0	0	0	
204252	Temporal_Sup_L	1510	0	486	0	0	0	148	0	0	0	132	0	0	0	0	0	6498	0	860	0	0	0	0	0	0	0	0	0	5646	0	0	0	0	0	94	94	3494	94	0	0	260	0	0	0	0	0	246	0	0	0	2236	0	3944	0	5644	0	1242	0	550	0	3292	0	8158	0	3100	0	0	0	0	0	0	0	1768	0	0	0	0	0	5026	0	0	0	5228	0	27512	0	0	0	14726	0	138	0	0	0	0	0	0	0	0	0	0	0	0	0	0	0	0	0	0	0	0	0	0	0	0	0	
110920	Temporal_Sup_R	0	148	0	170	0	0	0	250	0	0	0	238	0	0	0	0	0	3866	0	0	0	0	0	0	0	0	0	0	0	3210	0	0	0	0	98	104	0	4602	0	0	0	0	0	136	0	0	0	0	0	0	0	742	0	136	0	1956	0	2216	0	1216	0	2466	0	4088	0	2370	0	0	0	0	0	98	0	434	0	0	0	200	0	3974	0	0	0	1862	0	12534	0	318	0	8028	0	0	0	0	0	0	0	0	0	0	0	0	0	0	0	0	0	0	0	0	0	0	0	0	0	0	
117492	Temporal_Pole_Sup_L	0	0	470	0	364	0	0	0	120	0	1572	0	550	0	2508	0	1464	0	0	0	1570	0	0	0	0	0	0	0	7448	0	98	152	0	0	0	0	2028	0	2028	0	2026	0	0	0	0	0	0	0	0	0	0	0	0	0	3992	0	0	0	0	0	0	0	0	0	0	0	0	0	0	0	598	190	1638	0	0	0	0	0	0	0	5228	0	0	0	9418	0	6208	0	9076	0	0	0	0	0	0	0	0	0	0	0	0	0	0	0	0	0	0	0	0	0	0	0	0	0	0	0	
38024	Temporal_Pole_Sup_R	0	0	0	0	0	0	0	0	0	0	0	0	0	0	0	96	0	892	0	0	0	248	0	0	0	0	0	0	0	454	0	0	0	0	0	0	0	368	0	1926	0	1840	0	0	0	0	0	0	0	0	0	0	0	0	0	4912	0	0	0	0	0	0	0	0	0	0	0	0	0	0	0	0	0	290	0	0	0	0	0	154	0	1862	0	0	0	1254	0	2376	0	2340	0	0	0	0	0	0	0	0	0	0	0	0	0	0	0	0	0	0	0	0	0	0	0	0	0	0	
336912	Temporal_Mid_L	332	0	134	0	0	0	0	0	0	0	0	0	0	0	0	0	1708	0	94	0	0	0	0	0	0	0	0	0	1030	0	0	0	0	0	336	0	1886	0	0	0	96	0	452	0	348	0	162	0	2480	0	25412	0	4012	0	3184	0	1774	0	6920	0	11292	0	5424	0	11882	0	4770	0	690	0	0	0	366	0	0	0	0	0	3596	0	27512	0	9418	0	0	0	5606	0	37540	0	0	0	0	0	0	0	0	0	0	0	0	0	0	0	0	0	0	0	0	0	0	0	0	0	0	0	
214192	Temporal_Mid_R	0	272	0	0	0	0	0	0	0	0	0	0	0	0	0	0	0	126	0	0	0	0	0	0	0	0	0	0	0	926	0	0	0	296	0	118	0	1492	0	0	0	0	0	10744	0	3266	0	334	0	4596	0	14816	0	824	0	2724	0	3658	0	3204	0	4668	0	3418	0	7750	572	5534	0	244	0	0	0	0	0	0	0	144	0	690	0	12534	0	1254	0	0	0	948	0	21944	0	0	0	0	0	0	0	0	0	0	0	0	0	0	0	0	0	0	0	0	0	0	0	0	0	0	
39232	Temporal_Pole_Mid_L	0	0	0	0	0	0	0	0	0	0	0	0	0	0	0	0	0	0	0	0	0	0	0	0	0	0	0	0	0	0	0	0	0	0	0	0	0	0	530	0	0	0	0	0	0	0	0	0	0	0	0	0	0	0	1816	0	0	0	0	0	0	0	0	0	0	0	0	0	0	0	0	0	0	0	0	0	0	0	0	0	0	0	6208	0	5606	0	0	0	5456	0	0	0	0	0	0	0	0	0	0	0	0	0	0	0	0	0	0	0	0	0	0	0	0	0	0	0	
12208	Temporal_Pole_Mid_R	0	0	0	0	0	0	0	0	0	0	0	0	0	0	0	0	0	0	0	0	0	0	0	0	0	0	0	0	0	0	0	0	0	0	0	0	0	0	0	536	0	0	0	0	0	0	0	0	0	0	0	0	0	0	0	1048	0	0	0	0	0	0	0	0	0	0	0	0	0	0	0	0	0	0	0	0	0	0	0	0	0	318	0	2376	0	948	0	0	0	878	0	0	0	0	0	0	0	0	0	0	0	0	0	0	0	0	0	0	0	0	0	0	0	0	0	0	
272640	Temporal_Inf_L	314	0	424	0	0	0	0	0	0	0	0	0	0	0	0	0	2862	0	536	0	0	0	0	0	0	0	0	0	4640	0	0	0	0	0	0	0	5680	0	140	0	244	0	0	0	0	0	96	0	0	0	7748	0	6058	0	14834	0	446	0	3388	0	6692	0	1764	0	4972	0	1188	0	0	0	0	0	2608	0	0	0	136	0	1890	0	14726	0	9076	0	37540	0	5456	0	0	0	2266	0	364	0	0	0	0	0	232	0	0	0	0	0	0	0	0	0	0	0	0	0	0	0	0	0	
241832	Temporal_Inf_R	0	1382	0	0	0	0	0	0	0	0	0	0	0	0	0	0	0	120	0	0	0	0	0	0	0	0	0	0	0	2330	0	0	0	260	0	324	0	8890	0	928	0	0	0	11264	0	2112	0	2040	0	2202	0	3500	0	6506	0	17110	0	8524	0	3030	0	4132	0	1064	0	896	692	5684	0	1100	0	0	0	1802	0	0	0	326	0	910	0	8028	0	2340	0	21944	0	878	0	0	0	598	0	0	0	0	0	0	0	0	0	0	0	0	0	0	0	0	0	0	0	0	0	0	0	0	
374556	Cerebelum_Crus1_L	0	0	0	0	0	0	0	0	0	0	0	0	0	0	0	0	164	0	0	0	0	0	0	0	0	0	0	0	0	0	0	0	0	0	0	0	0	0	188	0	0	0	0	0	0	0	9960	1696	0	0	708	0	1274	0	25452	864	0	0	0	0	108	0	116	0	0	0	0	0	0	0	0	0	0	0	0	0	0	0	0	0	138	0	0	0	0	0	0	0	2266	0	0	1814	31418	356	1750	0	19406	1484	53096	2664	8234	0	9796	304	3008	152	410	0	0	110	3850	3076	2666	326	264	160	
335152	Cerebelum_Crus1_R	0	0	0	0	0	0	0	0	0	0	0	0	0	0	0	0	0	0	0	0	0	0	0	0	0	0	0	0	0	0	0	0	0	0	0	0	0	0	0	0	0	0	0	0	0	0	1602	6248	0	0	0	0	0	0	780	8082	0	0	0	0	0	0	0	0	0	0	0	0	0	0	0	0	0	0	0	0	0	0	0	0	0	0	0	0	0	0	0	0	0	598	1814	0	1254	21768	108	3340	1856	17256	3490	49874	120	4332	186	11696	296	3752	0	286	644	1782	5606	8024	8474	1894	2018	396	
256880	Cerebelum_Crus2_L	0	0	0	0	0	0	0	0	0	0	0	0	0	0	0	0	0	0	0	0	0	0	0	0	0	0	0	0	0	0	0	0	0	0	0	0	0	0	0	0	0	0	0	0	0	0	2758	308	0	0	330	0	672	0	2758	102	0	0	0	0	0	0	0	0	0	0	0	0	0	0	0	0	0	0	0	0	0	0	0	0	0	0	0	0	0	0	0	0	364	0	31418	1254	0	3424	622	0	2198	100	9536	822	31842	766	28176	506	5736	0	622	0	0	0	290	798	2232	652	154	0	
166840	Cerebelum_Crus2_R	0	0	0	0	0	0	0	0	0	0	0	0	0	0	0	0	0	0	0	0	0	0	0	0	0	0	0	0	0	0	0	0	0	0	0	0	0	0	0	0	0	0	0	0	0	0	0	0	0	0	0	0	0	0	0	0	0	0	0	0	0	0	0	0	0	0	0	0	0	0	0	0	0	0	0	0	0	0	0	0	0	0	0	0	0	0	0	0	0	0	356	21768	3424	0	98	148	0	190	220	3866	972	17040	710	22430	304	4428	0	0	154	0	0	354	4830	1330	582	216	
45396	Cerebelum_3_L	0	0	0	0	0	0	0	0	0	0	0	0	0	0	0	0	0	0	0	0	0	0	0	0	0	0	0	0	0	0	0	0	0	0	0	0	0	0	96	0	0	0	0	0	0	0	432	384	0	0	0	0	0	0	312	116	0	0	0	0	0	0	0	0	0	0	0	0	0	0	0	0	0	0	0	0	0	0	0	0	0	0	0	0	0	0	0	0	0	0	1750	108	622	98	0	0	6340	364	3842	190	144	0	278	300	1852	524	228	0	558	808	1206	986	0	234	442	484	
43276	Cerebelum_3_R	0	0	0	0	0	0	0	0	0	0	0	0	0	0	0	0	0	0	0	0	0	0	0	0	0	0	0	0	0	0	0	0	0	0	0	0	0	0	0	0	0	0	0	0	0	0	0	0	0	0	0	0	0	0	0	0	0	0	0	0	0	0	0	0	0	0	0	0	0	0	0	0	0	0	0	0	0	0	0	0	0	0	0	0	0	0	0	0	0	0	0	3340	0	148	0	0	114	5330	0	6322	0	0	0	240	0	932	0	0	1294	1870	452	270	264	302	484	276	
256388	Cerebelum_4_5_L	0	0	0	0	0	0	0	0	0	0	0	0	0	0	0	0	0	0	0	0	0	0	0	0	0	0	0	0	0	0	0	0	0	0	0	0	314	0	706	0	0	0	0	0	0	0	11024	1922	0	0	0	0	94	0	13898	1410	0	0	0	0	0	0	0	0	0	0	0	0	0	0	0	0	0	0	0	0	0	0	0	0	0	0	0	0	0	0	0	0	0	0	19406	1856	2198	0	6340	114	0	3542	34374	3792	634	0	960	238	4064	1046	534	0	610	1778	12176	2992	0	180	538	1454	
198948	Cerebelum_4_5_R	0	0	0	0	0	0	0	0	0	0	0	0	0	0	0	0	0	0	0	0	0	0	0	0	0	0	0	0	0	0	0	0	0	0	0	96	0	808	0	1084	0	0	0	0	0	0	1964	6740	0	0	0	0	144	0	1656	6824	0	0	0	0	0	0	0	0	0	0	0	116	0	0	0	0	0	0	0	0	0	120	0	0	0	0	0	0	0	0	0	0	0	0	1484	17256	100	190	364	5330	3542	0	4464	27124	0	0	0	316	508	312	0	0	324	2328	12398	3284	326	0	112	160	
423696	Cerebelum_6_L	0	0	0	0	0	0	0	0	0	0	0	0	0	0	0	0	0	0	0	0	0	0	0	0	0	0	0	0	0	0	0	0	0	0	0	0	280	0	632	0	0	0	0	0	0	0	18138	5348	0	0	382	0	1306	0	32458	2428	0	0	0	0	0	0	0	0	0	0	0	0	0	0	0	0	0	0	0	0	0	0	0	0	0	0	0	0	0	0	0	0	232	0	53096	3490	9536	220	3842	0	34374	4464	0	5962	2648	128	3276	456	3936	1004	188	0	262	594	9922	9258	1860	438	766	924	
355684	Cerebelum_6_R	0	0	0	0	0	0	0	0	0	0	0	0	0	0	0	0	0	0	0	0	0	0	0	0	0	0	0	0	0	0	0	0	0	0	0	0	0	0	0	204	0	0	0	0	0	0	2706	10968	0	0	0	0	0	0	1318	12714	0	0	0	0	0	0	0	0	0	0	0	0	0	0	0	0	0	0	0	0	0	0	0	0	0	0	0	0	0	0	0	0	0	0	2664	49874	822	3866	190	6322	3792	27124	5962	0	114	370	198	4406	462	2992	0	526	970	2920	11042	11578	8844	2082	2260	552	
172120	Cerebelum_7b_L	0	0	0	0	0	0	0	0	0	0	0	0	0	0	0	0	0	0	0	0	0	0	0	0	0	0	0	0	0	0	0	0	0	0	0	0	0	0	0	0	0	0	0	0	0	0	0	0	0	0	0	0	0	0	330	0	0	0	0	0	0	0	0	0	0	0	0	0	0	0	0	0	0	0	0	0	0	0	0	0	0	0	0	0	0	0	0	0	0	0	8234	120	31842	972	144	0	634	0	2648	114	0	144	29950	812	5774	0	750	0	0	0	114	108	1808	1438	124	0	
86592	Cerebelum_7b_R	0	0	0	0	0	0	0	0	0	0	0	0	0	0	0	0	0	0	0	0	0	0	0	0	0	0	0	0	0	0	0	0	0	0	0	0	0	0	0	0	0	0	0	0	0	0	0	0	0	0	0	0	0	0	0	0	0	0	0	0	0	0	0	0	0	0	0	0	0	0	0	0	0	0	0	0	0	0	0	0	0	0	0	0	0	0	0	0	0	0	0	4332	766	17040	0	0	0	0	128	370	144	0	148	15320	120	3358	0	0	0	0	0	134	536	586	188	126	
209636	Cerebelum_8_L	0	0	0	0	0	0	0	0	0	0	0	0	0	0	0	0	0	0	0	0	0	0	0	0	0	0	0	0	0	0	0	0	0	0	0	0	0	0	0	0	0	0	0	0	0	0	310	0	0	0	0	0	0	0	398	0	0	0	0	0	0	0	0	0	0	0	0	0	0	0	0	0	0	0	0	0	0	0	0	0	0	0	0	0	0	0	0	0	0	0	9796	186	28176	710	278	0	960	0	3276	198	29950	148	0	2494	16478	914	1658	0	0	0	236	0	2536	4406	1556	154	
165868	Cerebelum_8_R	0	0	0	0	0	0	0	0	0	0	0	0	0	0	0	0	0	0	0	0	0	0	0	0	0	0	0	0	0	0	0	0	0	0	0	0	0	0	0	0	0	0	0	0	0	0	0	100	0	0	0	0	0	0	0	142	0	0	0	0	0	0	0	0	0	0	0	0	0	0	0	0	0	0	0	0	0	0	0	0	0	0	0	0	0	0	0	0	0	0	304	11696	506	22430	300	240	238	316	456	4406	812	15320	2494	0	690	12522	0	756	262	138	0	606	2620	3390	1652	538	
118576	Cerebelum_9_L	0	0	0	0	0	0	0	0	0	0	0	0	0	0	0	0	0	0	0	0	0	0	0	0	0	0	0	0	0	0	0	0	0	0	0	0	0	0	0	0	0	0	0	0	0	0	546	550	0	0	0	0	0	0	478	230	0	0	0	0	0	0	0	0	0	0	0	0	0	0	0	0	0	0	0	0	0	0	0	0	0	0	0	0	0	0	0	0	0	0	3008	296	5736	304	1852	0	4064	508	3936	462	5774	120	16478	690	0	1446	2936	0	0	210	2006	2392	758	1284	1746	1478	
103548	Cerebelum_9_R	0	0	0	0	0	0	0	0	0	0	0	0	0	0	0	0	0	0	0	0	0	0	0	0	0	0	0	0	0	0	0	0	0	0	0	0	0	0	0	0	0	0	0	0	0	0	0	232	0	0	0	0	0	0	0	200	0	0	0	0	0	0	0	0	0	0	0	0	0	0	0	0	0	0	0	0	0	0	0	0	0	0	0	0	0	0	0	0	0	0	152	3752	0	4428	524	932	1046	312	1004	2992	0	3358	914	12522	1446	0	0	960	838	438	1114	2612	2088	2920	4400	2590	
14652	Cerebelum_10_L	0	0	0	0	0	0	0	0	0	0	0	0	0	0	0	0	0	0	0	0	0	0	0	0	0	0	0	0	0	0	0	0	0	0	0	0	0	0	0	0	0	0	0	0	0	0	0	0	0	0	0	0	0	0	0	0	0	0	0	0	0	0	0	0	0	0	0	0	0	0	0	0	0	0	0	0	0	0	0	0	0	0	0	0	0	0	0	0	0	0	410	0	622	0	228	0	534	0	188	0	750	0	1658	0	2936	0	0	0	0	0	0	0	0	0	0	0	
5632	Cerebelum_10_R	0	0	0	0	0	0	0	0	0	0	0	0	0	0	0	0	0	0	0	0	0	0	0	0	0	0	0	0	0	0	0	0	0	0	0	0	0	0	0	0	0	0	0	0	0	0	0	0	0	0	0	0	0	0	0	0	0	0	0	0	0	0	0	0	0	0	0	0	0	0	0	0	0	0	0	0	0	0	0	0	0	0	0	0	0	0	0	0	0	0	0	286	0	0	0	0	0	0	0	526	0	0	0	756	0	960	0	0	0	0	0	0	160	128	0	0	
24068	Vermis_1_2	0	0	0	0	0	0	0	0	0	0	0	0	0	0	0	0	0	0	0	0	0	0	0	0	0	0	0	0	0	0	0	0	0	0	0	0	0	0	0	0	0	0	0	0	0	0	0	136	0	0	0	0	0	0	0	0	0	0	0	0	0	0	0	0	0	0	0	0	0	0	0	0	0	0	0	0	0	0	0	0	0	0	0	0	0	0	0	0	0	0	0	644	0	154	558	1294	610	324	262	970	0	0	0	262	0	838	0	0	0	3552	924	406	204	238	328	330	
41176	Vermis_3	0	0	0	0	0	0	0	0	0	0	0	0	0	0	0	0	0	0	0	0	0	0	0	0	0	0	0	0	0	0	0	0	0	0	0	0	0	0	0	0	0	0	0	0	0	0	454	196	0	0	0	0	0	0	0	0	0	0	0	0	0	0	0	0	0	0	0	0	0	0	0	0	0	0	0	0	0	0	0	0	0	0	0	0	0	0	0	0	0	0	110	1782	0	0	808	1870	1778	2328	594	2920	0	0	0	138	210	438	0	0	3552	0	2456	306	118	134	170	226	
187252	Vermis_4_5	0	0	0	0	0	0	0	0	0	0	0	0	0	0	0	0	0	0	0	0	0	0	0	0	0	0	0	0	0	0	0	0	0	94	0	686	0	302	0	298	0	0	0	0	0	0	4708	6790	0	0	0	0	188	0	3442	4364	0	0	0	0	0	0	0	0	0	0	0	952	0	106	0	0	0	0	0	0	0	0	0	0	0	0	0	0	0	0	0	0	0	0	3850	5606	290	0	1206	452	12176	12398	9922	11042	114	0	236	0	2006	1114	0	0	924	2456	0	5798	266	0	284	1556	
162868	Vermis_6	0	0	0	0	0	0	0	0	0	0	0	0	0	0	0	0	0	0	0	0	0	0	0	0	0	0	0	0	0	0	0	0	0	0	0	0	0	0	0	0	0	0	0	0	0	0	3120	8918	0	0	0	0	200	0	1834	4254	0	0	0	0	0	0	0	0	0	0	0	0	0	0	0	0	0	0	0	0	0	0	0	0	0	0	0	0	0	0	0	0	0	0	3076	8024	798	354	986	270	2992	3284	9258	11578	108	134	0	606	2392	2612	0	0	406	306	5798	0	4864	822	1664	2776	
111680	Vermis_7	0	0	0	0	0	0	0	0	0	0	0	0	0	0	0	0	0	0	0	0	0	0	0	0	0	0	0	0	0	0	0	0	0	0	0	0	0	0	0	0	0	0	0	0	0	0	456	1386	0	0	0	0	0	0	118	1246	0	0	0	0	0	0	0	0	0	0	0	0	0	0	0	0	0	0	0	0	0	0	0	0	0	0	0	0	0	0	0	0	0	0	2666	8474	2232	4830	0	264	0	326	1860	8844	1808	536	2536	2620	758	2088	0	160	204	118	266	4864	0	3974	2638	568	
63556	Vermis_8	0	0	0	0	0	0	0	0	0	0	0	0	0	0	0	0	0	0	0	0	0	0	0	0	0	0	0	0	0	0	0	0	0	0	0	0	0	0	0	0	0	0	0	0	0	0	0	0	0	0	0	0	0	0	0	0	0	0	0	0	0	0	0	0	0	0	0	0	0	0	0	0	0	0	0	0	0	0	0	0	0	0	0	0	0	0	0	0	0	0	326	1894	652	1330	234	302	180	0	438	2082	1438	586	4406	3390	1284	2920	0	128	238	134	0	822	3974	0	4042	978	
