data	data	459336	376500	1.04862e+06	1.07048e+06	172016	108780	483272	363312	96380	33120	269092	315172	201244	200860	189784	91796	163888	128484	737884	733992	66392	93892	366744	376400	48348	96808	49464	77336	557132	432632	363852	631264	190996	502768	202304	264372	316444	375840	92400	199424	44412	60540	196992	207812	121428	205716	235892	291668	135716	280664	457496	283700	94816	67736	278392	258920	223980	201736	103604	94876	245516	130840	170388	99508	160896	152460	269968	367588	167700	157340	365504	527992	421784	388740	53032	47320	267064	239728	63868	21108	207920	99484	77744	51468	310620	209620	19604	25184	221264	225712	433308	398760	260888	304972	54404	83836	260332	213768	415624	364588	193440	133544	271028	261076	157224	146252	32664	28264	22152	89556	224908	210992	210632	116012	81840	38764	
data	data	Precentral_L	Precentral_R	Frontal_Sup_L	Frontal_Sup_R	Frontal_Sup_Orb_L	Frontal_Sup_Orb_R	Frontal_Mid_L	Frontal_Mid_R	Frontal_Mid_Orb_L	Frontal_Mid_Orb_R	Frontal_Inf_Oper_L	Frontal_Inf_Oper_R	Frontal_Inf_Tri_L	Frontal_Inf_Tri_R	Frontal_Inf_Orb_L	Frontal_Inf_Orb_R	Rolandic_Oper_L	Rolandic_Oper_R	Supp_Motor_Area_L	Supp_Motor_Area_R	Olfactory_L	Olfactory_R	Frontal_Sup_Medial_L	Frontal_Sup_Medial_R	Frontal_Med_Orb_L	Frontal_Med_Orb_R	Rectus_L	Rectus_R	Insula_L	Insula_R	Cingulum_Ant_L	Cingulum_Ant_R	Cingulum_Mid_L	Cingulum_Mid_R	Cingulum_Post_L	Cingulum_Post_R	Hippocampus_L	Hippocampus_R	ParaHippocampal_L	ParaHippocampal_R	Amygdala_L	Amygdala_R	Calcarine_L	Calcarine_R	Cuneus_L	Cuneus_R	Lingual_L	Lingual_R	Occipital_Sup_L	Occipital_Sup_R	Occipital_Mid_L	Occipital_Mid_R	Occipital_Inf_L	Occipital_Inf_R	Fusiform_L	Fusiform_R	Postcentral_L	Postcentral_R	Parietal_Sup_L	Parietal_Sup_R	Parietal_Inf_L	Parietal_Inf_R	SupraMarginal_L	SupraMarginal_R	Angular_L	Angular_R	Precuneus_L	Precuneus_R	Paracentral_Lobule_L	Paracentral_Lobule_R	Caudate_L	Caudate_R	Putamen_L	Putamen_R	Pallidum_L	Pallidum_R	Thalamus_L	Thalamus_R	Heschl_L	Heschl_R	Temporal_Sup_L	Temporal_Sup_R	Temporal_Pole_Sup_L	Temporal_Pole_Sup_R	Temporal_Mid_L	Temporal_Mid_R	Temporal_Pole_Mid_L	Temporal_Pole_Mid_R	Temporal_Inf_L	Temporal_Inf_R	Cerebelum_Crus1_L	Cerebelum_Crus1_R	Cerebelum_Crus2_L	Cerebelum_Crus2_R	Cerebelum_3_L	Cerebelum_3_R	Cerebelum_4_5_L	Cerebelum_4_5_R	Cerebelum_6_L	Cerebelum_6_R	Cerebelum_7b_L	Cerebelum_7b_R	Cerebelum_8_L	Cerebelum_8_R	Cerebelum_9_L	Cerebelum_9_R	Cerebelum_10_L	Cerebelum_10_R	Vermis_1_2	Vermis_3	Vermis_4_5	Vermis_6	Vermis_7	Vermis_8	Vermis_9	Vermis_10	
459336	Precentral_L	0	7024	26728	4148	100	0	18490	578	0	0	10902	790	1754	0	120	0	6690	426	7644	9840	0	0	0	0	0	0	0	0	9232	748	132	130	788	3384	5620	2854	4410	1700	778	534	0	0	518	0	0	0	0	548	138	0	2114	0	154	0	0	0	25734	296	268	0	4320	0	6608	0	944	0	1014	312	24066	2690	5118	1030	4870	342	690	0	8282	1410	5500	0	3936	0	0	0	2168	0	0	0	820	0	0	0	0	0	0	0	0	0	0	0	0	0	0	0	0	0	0	0	0	234	0	0	0	0	0	0	
376500	Precentral_R	7024	0	3872	30406	0	0	1640	12988	0	0	818	9152	496	554	220	0	0	6608	5412	6458	0	0	0	0	0	0	0	0	796	3550	256	636	96	980	1244	2378	1214	6654	0	862	0	0	0	262	0	104	0	528	0	896	0	338	0	0	0	328	338	19286	0	828	0	2184	0	6190	0	1110	94	2012	1912	3908	968	10324	142	4740	0	342	4298	16148	0	424	0	858	0	0	0	2272	0	0	0	3102	0	0	0	0	0	0	0	0	0	0	0	0	0	0	0	0	0	0	0	0	0	0	0	0	0	0	
1.04862e+06	Frontal_Sup_L	26728	3872	0	18286	12762	0	75726	3470	3664	0	22340	1280	13176	1268	11032	0	7652	1046	91126	20488	0	0	45090	7554	1812	0	958	0	25228	1386	25500	9304	9246	7184	1264	1614	4174	1280	816	424	0	0	0	0	0	0	0	404	0	0	232	0	0	0	98	0	3958	862	0	0	506	0	296	0	506	0	0	234	424	0	13452	2006	23370	352	5504	0	8816	788	2472	0	1286	0	0	0	1156	0	0	0	718	0	0	0	0	0	0	0	0	0	0	0	0	0	0	0	0	0	0	0	0	122	0	0	0	0	0	0	
1.07048e+06	Frontal_Sup_R	4148	30406	18286	0	128	5000	4724	47424	0	178	1170	21624	870	14816	728	4726	398	9410	25064	64356	0	112	9642	38446	530	3152	0	952	2306	30422	5244	45158	2176	26442	468	1960	576	7078	0	844	0	0	0	96	0	0	0	176	0	0	0	0	0	0	0	368	498	2142	0	0	0	502	0	1084	0	158	156	416	410	514	4906	36402	1530	23102	124	3830	4994	20840	0	546	0	1654	0	0	0	636	0	0	0	1194	0	0	0	0	0	0	0	0	0	0	0	0	0	0	0	0	0	0	0	0	0	0	0	0	0	0	
172016	Frontal_Sup_Orb_L	100	0	12762	128	0	0	3524	0	14586	0	128	0	718	0	13580	0	0	0	770	0	2394	114	3402	212	2630	228	6124	0	7936	0	3552	356	0	0	0	0	252	0	0	0	910	0	0	0	0	0	0	0	0	0	0	0	0	0	0	0	0	0	0	0	0	0	0	0	0	0	0	0	0	0	1058	124	8878	0	0	0	0	0	0	0	0	0	1542	0	0	0	0	0	0	0	0	0	0	0	0	0	0	0	0	0	0	0	0	0	0	0	0	0	0	0	0	0	0	0	0	0	
108780	Frontal_Sup_Orb_R	0	0	0	5000	0	0	0	746	0	4466	0	0	0	630	0	5160	0	0	0	140	410	2102	708	4376	332	7360	172	10552	0	1360	1118	2400	0	0	0	0	0	0	0	0	0	0	0	0	0	0	0	0	0	0	0	0	0	0	0	0	0	0	0	0	0	0	0	0	0	0	0	0	0	0	376	2728	112	4142	0	0	0	0	0	0	0	0	0	0	0	0	0	0	0	0	0	0	0	0	0	0	0	0	0	0	0	0	0	0	0	0	0	0	0	0	0	0	0	0	0	0	
483272	Frontal_Mid_L	18490	1640	75726	4724	3524	0	0	978	2526	0	18878	1836	20242	722	7350	0	3080	926	7214	2904	0	0	17650	3790	0	0	0	0	10782	2224	8596	3322	1910	2496	0	0	342	0	112	0	0	0	0	0	0	0	0	0	0	0	144	0	0	0	0	0	3096	1174	0	0	446	0	208	0	446	0	0	0	0	0	5906	1632	3194	0	326	0	2374	164	388	0	154	0	0	0	0	0	0	0	0	0	0	0	0	0	0	0	0	0	0	0	0	0	0	0	0	0	0	0	0	0	0	0	0	0	0	0	
363312	Frontal_Mid_R	578	12988	3470	47424	0	746	978	0	0	1186	880	19324	388	9926	506	3252	110	4936	3194	3192	0	0	1376	7516	0	0	0	0	1224	6180	2194	16098	316	3538	1056	1320	1060	1692	0	312	0	0	0	0	0	0	0	228	0	0	0	0	0	0	0	0	0	1726	0	0	0	0	0	0	0	0	0	0	0	0	1560	7526	344	5848	0	604	3374	2584	0	198	0	552	0	0	0	0	0	0	0	152	0	0	0	0	0	0	0	0	0	0	0	0	0	0	0	0	0	0	0	0	0	0	0	0	0	0	
96380	Frontal_Mid_Orb_L	0	0	3664	0	14586	0	2526	0	0	0	0	0	1274	0	14918	0	0	0	0	0	348	0	0	0	0	0	1924	0	3846	0	0	0	0	0	0	0	0	0	0	0	0	0	0	0	0	0	0	0	0	0	0	0	0	0	0	0	0	0	0	0	0	0	0	0	0	0	0	0	0	0	248	0	4616	0	0	0	0	0	0	0	0	0	240	0	0	0	0	0	0	0	0	0	0	0	0	0	0	0	0	0	0	0	0	0	0	0	0	0	0	0	0	0	0	0	0	0	
33120	Frontal_Mid_Orb_R	0	0	0	178	0	4466	0	1186	0	0	0	0	0	376	0	5490	0	0	0	0	0	670	0	0	0	0	0	1818	0	1258	0	0	0	0	0	0	0	0	0	0	0	170	0	0	0	0	0	0	0	0	0	0	0	0	0	0	0	0	0	0	0	0	0	0	0	0	0	0	0	0	0	216	0	732	0	0	0	0	0	0	0	0	0	0	0	0	0	0	0	0	0	0	0	0	0	0	0	0	0	0	0	0	0	0	0	0	0	0	0	0	0	0	0	0	0	0	
269092	Frontal_Inf_Oper_L	10902	818	22340	1170	128	0	18878	880	0	0	0	2360	13844	92	592	0	9824	714	10338	478	0	0	354	330	0	0	0	0	18818	2056	1204	1062	354	0	0	0	0	0	0	0	0	0	0	0	0	0	0	0	0	0	138	0	0	0	0	0	1524	632	0	0	702	0	0	0	688	0	0	0	0	0	8874	1178	1138	0	0	0	0	0	394	0	362	0	1154	0	118	0	0	0	108	0	0	0	0	0	0	0	0	0	0	0	0	0	0	0	0	0	0	0	0	0	0	0	0	0	0	0	
315172	Frontal_Inf_Oper_R	790	9152	1280	21624	0	0	1836	19324	0	0	2360	0	406	8120	448	254	0	4272	1310	12054	0	0	716	2042	0	0	0	0	1008	26372	2060	14288	268	4014	0	0	0	616	0	138	0	0	0	0	0	0	0	0	0	0	0	0	0	0	0	286	0	1110	0	0	0	0	0	0	0	0	0	0	0	0	1488	9792	132	7994	0	0	122	1018	0	164	0	254	0	160	0	0	0	0	0	314	0	0	0	0	0	0	0	0	0	0	0	0	0	0	0	0	0	0	0	0	0	0	0	0	0	0	
201244	Frontal_Inf_Tri_L	1754	496	13176	870	718	0	20242	388	1274	0	13844	406	0	0	7884	0	1762	532	4008	572	0	0	832	224	0	0	0	0	22412	258	2692	638	368	0	0	0	0	0	0	0	0	0	0	0	0	0	0	0	0	0	0	0	0	0	0	0	0	534	0	0	0	0	0	0	0	0	0	0	0	0	2776	1108	628	0	0	0	0	0	0	0	0	0	226	0	0	0	0	0	0	0	0	0	0	0	0	0	0	0	0	0	0	0	0	0	0	0	0	0	0	0	0	0	0	0	0	0	
200860	Frontal_Inf_Tri_R	0	554	1268	14816	0	630	722	9926	0	376	92	8120	0	0	0	7092	0	134	1288	6202	0	0	2438	6484	0	102	0	206	0	20418	950	7272	108	7102	0	0	0	0	0	0	0	0	0	0	0	0	0	0	0	0	0	0	0	0	0	0	0	0	0	0	0	0	0	0	0	0	0	0	0	0	0	2416	0	1714	0	0	0	0	0	0	0	0	0	0	0	0	0	0	0	0	0	0	0	0	0	0	0	0	0	0	0	0	0	0	0	0	0	0	0	0	0	0	0	0	0	0	
189784	Frontal_Inf_Orb_L	120	220	11032	728	13580	0	7350	506	14918	0	592	448	7884	0	0	0	0	142	1742	246	1224	0	1056	310	0	0	1420	0	16978	114	964	1014	0	0	0	0	122	0	0	0	282	0	0	0	0	0	0	0	0	0	0	0	0	0	0	0	0	226	0	0	0	0	0	0	0	0	0	0	0	0	2276	1520	6940	0	0	0	0	0	0	0	0	0	938	0	0	0	0	0	0	0	0	0	0	0	0	0	0	0	0	0	0	0	0	0	0	0	0	0	0	0	0	0	0	0	0	0	
91796	Frontal_Inf_Orb_R	0	0	0	4726	0	5160	0	3252	0	5490	0	254	0	7092	0	0	0	0	0	610	166	1716	0	366	0	96	0	2438	0	8548	142	622	0	266	0	0	0	0	0	98	0	482	0	0	0	0	0	0	0	0	0	0	0	0	0	0	0	0	0	0	0	0	0	0	0	0	0	0	0	0	148	1014	0	2916	0	0	0	0	0	0	0	0	0	296	0	0	0	0	0	0	0	0	0	0	0	0	0	0	0	0	0	0	0	0	0	0	0	0	0	0	0	0	0	0	0	0	
163888	Rolandic_Oper_L	6690	0	7652	398	0	0	3080	110	0	0	9824	0	1762	0	0	0	0	0	5250	154	0	0	0	0	0	0	0	0	16904	0	0	0	0	0	204	0	396	0	0	0	0	0	164	0	0	0	0	0	0	0	622	0	0	0	0	0	6296	0	0	0	226	0	4302	0	246	0	252	0	516	0	4592	0	650	0	0	0	0	0	1802	0	6920	0	1058	0	1478	0	0	0	396	0	0	0	0	0	0	0	0	0	0	0	0	0	0	0	0	0	0	0	0	0	0	0	0	0	0	0	
128484	Rolandic_Oper_R	426	6608	1046	9410	0	0	926	4936	0	0	714	4272	532	134	142	0	0	0	654	1208	0	0	0	168	0	0	0	0	818	12178	274	576	0	132	0	0	0	604	0	104	0	0	0	0	0	0	0	0	0	0	0	0	0	0	0	122	0	7004	0	0	0	104	0	1850	0	0	0	190	0	0	158	216	0	2456	0	0	152	248	0	1498	0	3352	0	552	0	132	0	0	0	346	0	0	0	0	0	0	0	0	0	0	0	0	0	0	0	0	0	0	0	0	0	0	0	0	0	0	
737884	Supp_Motor_Area_L	7644	5412	91126	25064	770	0	7214	3194	0	0	10338	1310	4008	1288	1742	0	5250	654	0	48310	0	0	6808	2772	0	0	0	0	15000	1270	11924	11020	16256	25976	1020	786	2774	1032	524	346	0	0	0	0	0	0	0	270	0	0	0	0	0	0	0	0	2320	466	0	0	0	0	0	0	0	0	0	124	1768	0	12312	1854	17924	474	5610	102	8764	2008	904	0	1102	0	0	0	1238	0	0	0	768	0	0	0	0	0	0	0	0	0	0	0	0	0	0	0	0	0	0	0	0	102	0	0	0	0	0	0	
733992	Supp_Motor_Area_R	9840	6458	20488	64356	0	140	2904	3192	0	0	478	12054	572	6202	246	610	154	1208	48310	0	0	0	3074	9344	400	556	0	186	1164	14016	3328	23298	7456	46670	2738	6818	170	754	0	158	0	0	0	324	0	620	0	180	0	802	0	268	0	0	0	0	238	1122	0	0	0	126	0	288	0	288	194	3056	6690	15892	3212	20268	802	7170	0	1494	538	3616	0	0	0	170	0	0	0	1206	0	0	0	1090	0	0	0	0	0	0	0	0	0	0	0	0	0	0	0	0	0	0	0	0	0	0	0	0	0	0	
66392	Olfactory_L	0	0	0	0	2394	410	0	0	348	0	0	0	0	0	1224	166	0	0	0	0	0	3974	0	0	0	126	1890	716	3298	0	2088	1180	0	0	0	0	686	0	0	0	2384	0	0	0	0	0	0	0	0	0	0	0	0	0	0	0	0	0	0	0	0	0	0	0	0	0	0	0	0	0	4438	2962	2784	602	0	0	0	0	0	0	0	0	1526	0	0	0	0	0	0	0	0	0	0	0	0	0	0	0	0	0	0	0	0	0	0	0	0	0	0	0	0	0	0	0	0	0	
93892	Olfactory_R	0	0	0	112	114	2102	0	0	0	670	0	0	0	0	0	1716	0	0	0	0	3974	0	0	0	0	1086	1116	3562	0	1730	2808	2902	0	0	0	0	0	534	0	860	0	1502	0	0	0	0	0	0	0	0	0	0	0	0	0	180	0	0	0	0	0	0	0	0	0	0	0	0	0	0	6888	7030	5212	1818	552	0	0	0	0	0	0	0	0	478	0	0	0	0	0	0	0	0	0	0	0	0	0	0	0	0	0	0	0	0	0	0	0	0	0	0	0	0	0	0	0	0	
366744	Frontal_Sup_Medial_L	0	0	45090	9642	3402	708	17650	1376	0	0	354	716	832	2438	1056	0	0	0	6808	3074	0	0	0	21772	2632	1230	596	398	878	2440	22742	16994	6808	11356	0	0	0	0	0	0	0	0	0	0	0	0	0	0	0	0	0	0	0	0	0	0	0	0	0	0	0	0	0	0	0	0	0	0	0	0	380	286	1714	0	0	0	0	0	0	0	0	0	0	0	0	0	0	0	0	0	0	0	0	0	0	0	0	0	0	0	0	0	0	0	0	0	0	0	0	0	0	0	0	0	0	0	
376400	Frontal_Sup_Medial_R	0	0	7554	38446	212	4376	3790	7516	0	0	330	2042	224	6484	310	366	0	168	2772	9344	0	0	21772	0	366	4846	0	1392	490	6646	5744	30984	638	20472	0	0	0	0	0	0	0	0	0	0	0	0	0	0	0	0	0	0	0	0	0	0	0	0	0	0	0	0	0	0	0	0	0	0	0	0	168	6718	186	3844	0	0	0	0	0	0	0	0	0	0	0	0	0	0	0	0	0	0	0	0	0	0	0	0	0	0	0	0	0	0	0	0	0	0	0	0	0	0	0	0	0	0	
48348	Frontal_Med_Orb_L	0	0	1812	530	2630	332	0	0	0	0	0	0	0	0	0	0	0	0	0	400	0	0	2632	366	0	3440	1410	362	0	0	4946	2200	0	0	0	0	0	0	0	0	0	0	0	0	0	0	0	0	0	0	0	0	0	0	0	0	0	0	0	0	0	0	0	0	0	0	0	0	0	0	0	1762	140	1212	0	0	0	0	0	0	0	0	0	0	0	0	0	0	0	0	0	0	0	0	0	0	0	0	0	0	0	0	0	0	0	0	0	0	0	0	0	0	0	0	0	0	
96808	Frontal_Med_Orb_R	0	0	0	3152	228	7360	0	0	0	0	0	0	0	102	0	96	0	0	0	556	126	1086	1230	4846	3440	0	288	6958	0	112	3468	6788	0	0	0	0	0	0	0	0	0	0	0	0	0	0	0	0	0	0	0	0	0	0	0	0	0	0	0	0	0	0	0	0	0	0	0	0	0	0	122	4376	0	4070	0	0	0	0	0	0	0	0	0	0	0	0	0	0	0	0	0	0	0	0	0	0	0	0	0	0	0	0	0	0	0	0	0	0	0	0	0	0	0	0	0	0	
49464	Rectus_L	0	0	958	0	6124	172	0	0	1924	0	0	0	0	0	1420	0	0	0	0	0	1890	1116	596	0	1410	288	0	518	920	0	3418	708	0	0	0	0	0	0	0	0	136	0	0	0	0	0	0	0	0	0	0	0	0	0	0	0	0	0	0	0	0	0	0	0	0	0	0	0	0	0	1430	784	828	0	0	0	0	0	0	0	0	0	92	0	0	0	0	0	0	0	0	0	0	0	0	0	0	0	0	0	0	0	0	0	0	0	0	0	0	0	0	0	0	0	0	0	
77336	Rectus_R	0	0	0	952	0	10552	0	0	0	1818	0	0	0	206	0	2438	0	0	0	186	716	3562	398	1392	362	6958	518	0	0	878	1356	2572	0	0	0	0	0	0	0	0	0	258	0	0	0	0	0	0	0	0	0	0	0	0	0	0	0	0	0	0	0	0	0	0	0	0	0	0	0	0	572	2084	136	754	0	0	0	0	0	0	0	0	0	0	0	0	0	0	0	0	0	0	0	0	0	0	0	0	0	0	0	0	0	0	0	0	0	0	0	0	0	0	0	0	0	0	
557132	Insula_L	9232	796	25228	2306	7936	0	10782	1224	3846	0	18818	1008	22412	0	16978	0	16904	818	15000	1164	3298	0	878	490	0	0	920	0	0	480	3338	1662	476	0	890	818	12790	552	2048	244	3438	0	232	0	0	0	0	254	0	0	920	0	222	0	5312	0	3816	840	0	0	424	0	1154	0	434	0	226	100	204	0	14174	2714	24512	0	0	0	1232	0	8108	0	9388	0	6176	0	3970	0	0	0	7380	0	0	0	0	0	0	0	0	0	0	0	0	0	0	0	0	0	0	0	0	0	0	0	0	0	0	0	
432632	Insula_R	748	3550	1386	30422	0	1360	2224	6180	0	1258	2056	26372	258	20418	114	8548	0	12178	1270	14016	0	1730	2440	6646	0	112	0	878	480	0	940	7578	124	7436	140	274	220	6102	0	1060	0	1386	0	128	0	0	0	130	0	0	0	0	0	0	0	3146	0	666	0	0	0	0	0	98	0	0	0	190	0	0	890	4592	0	20162	0	0	478	782	0	1802	0	5768	0	474	0	2438	0	0	0	4380	0	288	0	0	0	0	0	0	0	0	0	0	0	0	0	0	0	0	0	0	0	0	0	0	0	0	
363852	Cingulum_Ant_L	132	256	25500	5244	3552	1118	8596	2194	0	0	1204	2060	2692	950	964	142	0	274	11924	3328	2088	2808	22742	5744	4946	3468	3418	1356	3338	940	0	21868	12808	3842	0	0	0	0	0	0	0	0	0	0	0	0	0	0	0	0	0	0	0	0	0	0	0	222	0	0	0	0	0	0	0	0	0	0	0	0	6072	5598	7970	2568	0	0	0	0	0	0	0	0	0	0	0	0	0	0	0	0	0	0	0	0	0	0	0	0	0	0	0	0	0	0	0	0	0	0	0	0	0	0	0	0	0	0	
631264	Cingulum_Ant_R	130	636	9304	45158	356	2400	3322	16098	0	0	1062	14288	638	7272	1014	622	0	576	11020	23298	1180	2902	16994	30984	2200	6788	708	2572	1662	7578	21868	0	3680	26916	0	0	0	0	0	0	0	0	0	0	0	0	0	0	0	0	0	0	0	0	0	0	0	400	0	0	0	0	0	0	0	0	0	0	0	0	3208	31792	2162	13850	0	0	138	856	0	0	0	0	0	0	0	0	0	0	0	0	0	0	0	0	0	0	0	0	0	0	0	0	0	0	0	0	0	0	0	0	0	0	0	0	0	0	
190996	Cingulum_Mid_L	788	96	9246	2176	0	0	1910	316	0	0	354	268	368	108	0	0	0	0	16256	7456	0	0	6808	638	0	0	0	0	476	124	12808	3680	0	13606	1912	760	0	0	0	0	0	0	338	0	546	0	0	0	1642	0	2354	0	0	0	0	0	142	94	0	0	128	0	236	0	0	0	5704	242	2228	816	0	0	0	0	0	0	0	0	0	0	0	0	0	0	548	0	0	0	326	0	0	0	0	0	0	0	0	0	0	0	0	0	0	0	0	0	0	0	0	0	0	0	0	0	0	0	
502768	Cingulum_Mid_R	3384	980	7184	26442	0	0	2496	3538	0	0	0	4014	0	7102	0	266	0	132	25976	46670	0	0	11356	20472	0	0	0	0	0	7436	3842	26916	13606	0	1126	7288	0	0	0	0	0	0	0	360	0	2668	0	128	0	3388	0	2968	0	0	0	0	0	1292	0	0	0	0	0	0	0	0	840	7802	2744	6830	0	1106	0	234	0	0	0	0	0	0	0	0	0	0	0	700	0	0	0	98	0	0	0	0	0	0	0	0	0	0	0	0	0	0	0	0	0	0	0	0	0	0	0	0	0	0	
202304	Cingulum_Post_L	5620	1244	1264	468	0	0	0	1056	0	0	0	0	0	0	0	0	204	0	1020	2738	0	0	0	0	0	0	0	0	890	140	0	0	1912	1126	0	16548	13080	7954	2488	3004	0	0	2988	104	1866	0	1994	3284	220	0	1122	0	212	0	248	0	570	0	0	0	146	0	846	0	250	0	7128	2758	3416	1948	144	0	680	358	0	0	6530	1052	236	0	390	0	0	0	998	0	0	0	480	0	0	0	0	0	0	0	0	0	0	0	0	0	0	0	0	0	0	0	0	0	428	0	0	0	0	0	
264372	Cingulum_Post_R	2854	2378	1614	1960	0	0	0	1320	0	0	0	0	0	0	0	0	0	0	786	6818	0	0	0	0	0	0	0	0	818	274	0	0	760	7288	16548	0	12082	12464	2178	3724	0	0	148	3710	0	866	1286	7874	0	1096	0	688	100	458	180	292	312	1100	0	112	0	192	0	0	0	150	1912	12408	682	5712	0	0	788	666	0	0	9796	2688	170	0	0	0	0	0	662	1462	0	0	446	1566	0	0	0	0	0	0	0	0	0	0	0	0	0	0	0	0	0	0	0	0	798	0	0	0	0	0	
316444	Hippocampus_L	4410	1214	4174	576	252	0	342	1060	0	0	0	0	0	0	122	0	396	0	2774	170	686	0	0	0	0	0	0	0	12790	220	0	0	0	0	13080	12082	0	7932	13810	2808	6440	0	1376	0	126	0	3302	3298	0	0	576	0	726	0	10484	102	1056	0	0	0	0	0	128	0	106	0	3856	2560	0	0	820	0	10812	474	300	0	9696	1260	2500	0	4268	0	1476	0	2788	0	0	0	9750	0	114	0	0	0	0	0	0	0	0	0	0	0	0	0	0	0	0	0	0	508	422	0	0	0	0	0	
375840	Hippocampus_R	1700	6654	1280	7078	0	0	0	1692	0	0	0	616	0	0	0	0	0	604	1032	754	0	534	0	0	0	0	0	0	552	6102	0	0	0	0	7954	12464	7932	0	1228	25228	0	8966	92	488	0	0	648	8156	0	0	0	0	0	146	152	17500	178	278	0	0	0	258	0	1500	0	0	262	3690	174	212	0	136	654	13012	0	884	11558	10814	0	866	0	2680	0	602	612	4052	0	0	376	11952	0	1934	0	0	0	0	0	1684	0	0	0	0	0	0	0	0	0	0	0	0	0	0	0	0	0	0	
92400	ParaHippocampal_L	778	0	816	0	0	0	112	0	0	0	0	0	0	0	0	0	0	0	524	0	0	0	0	0	0	0	0	0	2048	0	0	0	0	0	2488	2178	13810	1228	0	376	1204	0	606	0	0	0	3598	548	0	0	200	0	220	0	4696	0	202	0	0	0	0	0	0	0	0	0	1506	680	0	0	0	0	3420	0	0	0	2064	0	0	0	596	0	438	0	120	0	0	0	1120	0	0	0	0	0	130	0	134	0	0	0	0	0	0	0	0	0	0	0	0	360	0	0	0	0	0	0	
199424	ParaHippocampal_R	534	862	424	844	0	0	0	312	0	0	0	138	0	0	0	98	0	104	346	158	0	860	0	0	0	0	0	0	244	1060	0	0	0	0	3004	3724	2808	25228	376	0	0	6516	0	314	0	0	152	8874	0	0	0	0	0	0	0	13546	0	0	0	0	0	0	0	0	0	0	130	1626	0	0	0	0	272	3394	0	624	3800	4898	0	108	0	188	0	3050	340	360	0	1214	212	4642	0	1914	0	0	0	92	0	2322	0	0	0	0	0	0	0	0	0	0	0	0	0	0	0	0	0	0	
44412	Amygdala_L	0	0	0	0	910	0	0	0	0	0	0	0	0	0	282	0	0	0	0	0	2384	0	0	0	0	0	136	0	3438	0	0	0	0	0	0	0	6440	0	1204	0	0	0	0	0	0	0	0	0	0	0	0	0	0	0	2508	0	0	0	0	0	0	0	0	0	0	0	0	0	0	0	460	0	1890	0	0	0	0	0	0	0	92	0	1482	0	0	0	0	0	980	0	0	0	0	0	0	0	0	0	0	0	0	0	0	0	0	0	0	0	0	0	0	0	0	0	0	0	
60540	Amygdala_R	0	0	0	0	0	0	0	0	0	170	0	0	0	0	0	482	0	0	0	0	0	1502	0	0	0	0	0	258	0	1386	0	0	0	0	0	0	0	8966	0	6516	0	0	0	0	0	0	0	0	0	0	0	0	0	0	0	5648	0	0	0	0	0	0	0	0	0	0	0	0	0	0	0	0	0	1312	0	0	0	0	0	0	0	0	0	2450	0	0	0	0	0	1580	0	0	0	0	0	0	0	0	0	0	0	0	0	0	0	0	0	0	0	0	0	0	0	0	0	0	
196992	Calcarine_L	518	0	0	0	0	0	0	0	0	0	0	0	0	0	0	0	164	0	0	0	0	0	0	0	0	0	0	0	232	0	0	0	338	0	2988	148	1376	92	606	0	0	0	0	2196	7354	608	8614	1258	6692	444	28366	348	8588	148	2660	126	358	0	136	0	582	0	474	0	1124	0	15528	0	1560	0	0	0	0	0	0	0	106	0	188	0	212	0	0	0	3986	0	0	0	378	0	0	0	0	0	0	0	0	0	0	0	0	0	0	0	0	0	0	0	0	0	0	0	0	0	0	0	
207812	Calcarine_R	0	262	0	96	0	0	0	0	0	0	0	0	0	0	0	0	0	0	0	324	0	0	0	0	0	0	0	0	0	128	0	0	0	360	104	3710	0	488	0	314	0	0	2196	0	2188	14056	166	15428	0	12358	0	15516	0	6170	0	5114	0	350	0	104	0	230	0	108	0	142	250	15216	0	578	0	0	0	0	0	0	0	0	0	0	0	180	0	0	0	4632	0	0	0	3138	0	0	0	0	0	0	0	0	0	0	0	0	0	0	0	0	0	0	0	0	0	0	0	0	0	0	
121428	Cuneus_L	0	0	0	0	0	0	0	0	0	0	0	0	0	0	0	0	0	0	0	0	0	0	0	0	0	0	0	0	0	0	0	0	546	0	1866	0	126	0	0	0	0	0	7354	2188	0	2566	842	0	13392	1864	13350	884	690	0	248	0	204	0	710	0	406	0	0	0	702	0	9842	0	2052	0	0	0	0	0	0	0	0	0	0	0	0	0	0	0	882	0	0	0	0	0	0	0	0	0	0	0	0	0	0	0	0	0	0	0	0	0	0	0	0	0	0	0	0	0	0	0	
205716	Cuneus_R	0	104	0	0	0	0	0	0	0	0	0	0	0	0	0	0	0	0	0	620	0	0	0	0	0	0	0	0	0	0	0	0	0	2668	0	866	0	0	0	0	0	0	608	14056	2566	0	0	1822	0	31000	0	17896	0	1958	0	310	0	1088	0	1522	0	108	0	0	0	0	1890	19692	0	1494	0	0	0	0	0	0	0	0	0	0	0	0	0	0	0	2160	0	0	0	308	0	0	0	0	0	0	0	0	0	0	0	0	0	0	0	0	0	0	0	0	122	0	0	0	0	0	
235892	Lingual_L	0	0	0	0	0	0	0	0	0	0	0	0	0	0	0	0	0	0	0	0	0	0	0	0	0	0	0	0	0	0	0	0	0	0	1994	1286	3302	648	3598	152	0	0	8614	166	842	0	0	2398	958	0	8574	0	4292	0	16868	112	0	0	0	0	0	0	0	0	0	0	4896	382	118	0	0	0	0	0	0	0	314	0	0	0	0	0	0	0	330	0	0	0	158	0	11620	204	1290	374	318	172	12584	148	19432	770	236	0	800	0	732	240	0	0	112	488	3884	3832	568	0	0	140	
291668	Lingual_R	548	528	404	176	0	0	0	228	0	0	0	0	0	0	0	0	0	0	270	180	0	0	0	0	0	0	0	0	254	130	0	0	0	128	3284	7874	3298	8156	548	8874	0	0	1258	15428	0	1822	2398	0	0	3322	0	3850	0	4632	1060	8926	0	380	0	0	0	146	0	0	0	0	240	10870	0	386	0	0	348	138	0	98	3524	2706	0	0	0	0	0	0	356	1314	0	0	244	2062	1336	5676	212	1736	246	202	1316	4936	3012	8254	102	100	312	348	382	322	0	0	0	462	4960	8494	2364	176	328	170	
135716	Occipital_Sup_L	138	0	0	0	0	0	0	0	0	0	0	0	0	0	0	0	0	0	0	0	0	0	0	0	0	0	0	0	0	0	0	0	1642	0	220	0	0	0	0	0	0	0	6692	0	13392	0	958	0	0	0	28690	0	1672	0	530	0	0	0	2588	0	218	0	142	0	234	0	8350	0	1484	0	0	0	0	0	0	0	0	0	0	0	0	0	0	0	908	0	0	0	0	0	0	0	0	0	0	0	0	0	0	0	0	0	0	0	0	0	0	0	0	0	0	0	0	0	0	0	
280664	Occipital_Sup_R	0	896	0	0	0	0	0	0	0	0	0	0	0	0	0	0	0	0	0	802	0	0	0	0	0	0	0	0	0	0	0	0	0	3388	0	1096	0	0	0	0	0	0	444	12358	1864	31000	0	3322	0	0	0	26822	0	2090	0	384	0	6924	0	6014	0	1192	0	536	0	2932	886	27566	0	4154	0	0	0	0	0	0	0	0	0	0	0	354	0	0	0	4810	0	0	0	324	0	0	0	0	0	0	0	0	0	0	0	0	0	0	0	0	0	0	0	0	174	0	0	0	0	0	
457496	Occipital_Mid_L	2114	0	232	0	0	0	144	0	0	0	138	0	0	0	0	0	622	0	0	0	0	0	0	0	0	0	0	0	920	0	0	0	2354	0	1122	0	576	0	200	0	0	0	28366	0	13350	0	8574	0	28690	0	0	0	17128	0	5908	0	5508	0	13922	0	20434	0	2846	0	20166	0	23416	0	5064	0	0	0	0	0	0	0	0	0	768	0	1956	0	0	0	20670	0	0	0	3016	0	166	0	0	0	0	0	0	0	378	0	0	0	0	0	0	0	0	0	0	0	0	0	0	0	0	0	
283700	Occipital_Mid_R	0	338	0	0	0	0	0	0	0	0	0	0	0	0	0	0	0	0	0	268	0	0	0	0	0	0	0	0	0	0	0	0	0	2968	0	688	0	0	0	0	0	0	348	15516	884	17896	0	3850	0	26822	0	0	0	6944	0	1240	0	3326	0	3012	0	7248	0	154	0	16540	726	17636	0	2086	0	0	0	0	0	0	0	0	0	0	0	280	0	0	0	11940	0	0	0	1140	0	0	0	0	0	0	0	0	0	0	0	0	0	0	0	0	0	0	0	0	0	0	0	0	0	0	
94816	Occipital_Inf_L	154	0	0	0	0	0	0	0	0	0	0	0	0	0	0	0	0	0	0	0	0	0	0	0	0	0	0	0	222	0	0	0	0	0	212	100	726	0	220	0	0	0	8588	0	690	0	4292	0	1672	0	17128	0	0	0	6368	0	0	0	0	0	212	0	176	0	112	0	2226	0	184	0	0	0	0	0	0	0	104	0	0	0	160	0	0	0	2066	0	0	0	1050	0	304	0	0	0	0	0	146	0	296	0	0	0	0	0	0	0	0	0	0	0	0	0	0	0	0	0	
67736	Occipital_Inf_R	0	0	0	0	0	0	0	0	0	0	0	0	0	0	0	0	0	0	0	0	0	0	0	0	0	0	0	0	0	0	0	0	0	0	0	458	0	146	0	0	0	0	148	6170	0	1958	0	4632	0	2090	0	6944	0	0	0	3660	0	0	0	0	0	130	0	0	0	0	0	2168	0	104	0	0	0	0	0	0	0	0	0	0	0	0	0	0	0	832	0	0	0	2388	0	330	0	0	0	0	0	262	0	872	0	0	0	0	0	0	0	0	0	0	108	468	0	0	0	0	
278392	Fusiform_L	0	0	98	0	0	0	0	0	0	0	0	0	0	0	0	0	0	0	0	0	0	0	0	0	0	0	0	0	5312	0	0	0	0	0	248	180	10484	152	4696	0	2508	0	2660	0	248	0	16868	1060	530	0	5908	0	6368	0	0	0	0	0	0	0	0	0	0	0	0	0	1608	0	0	0	110	0	2144	0	0	0	402	0	0	0	3810	0	1922	0	1324	0	1072	0	10140	0	17416	0	650	120	248	0	11644	0	24226	304	116	0	540	0	140	0	0	0	0	0	1772	1976	192	0	0	0	
258920	Fusiform_R	0	328	0	368	0	0	0	0	0	0	0	286	0	0	0	0	0	122	0	0	0	180	0	0	0	0	0	0	0	3146	0	0	0	0	0	292	102	17500	0	13546	0	5648	126	5114	0	310	112	8926	0	384	0	1240	0	3660	0	0	0	0	0	0	0	0	0	0	0	0	0	1440	0	0	0	0	0	5380	0	102	172	724	0	160	0	1634	0	6390	0	1658	0	2624	0	17922	0	9224	0	162	0	0	0	6700	196	9948	0	0	0	0	0	0	0	0	0	0	2102	1306	226	0	0	0	
223980	Postcentral_L	25734	338	3958	498	0	0	3096	0	0	0	1524	0	0	0	0	0	6296	0	2320	238	0	0	0	0	0	0	0	0	3816	0	0	0	142	0	570	312	1056	178	202	0	0	0	358	0	204	0	0	0	0	0	5508	0	0	0	0	0	0	0	6210	0	19876	0	9602	0	910	0	5436	0	4438	0	468	0	1632	0	364	0	654	0	1786	0	2552	0	0	0	1134	0	0	0	580	0	0	0	0	0	0	0	0	0	0	0	0	0	0	0	0	0	0	0	0	0	0	0	0	0	0	0	
201736	Postcentral_R	296	19286	862	2142	0	0	1174	1726	0	0	632	1110	534	0	226	0	0	7004	466	1122	0	0	0	0	0	0	0	0	840	666	222	400	94	1292	0	1100	0	278	0	0	0	0	0	350	0	1088	0	380	0	6924	0	3326	0	0	0	0	0	0	0	4842	0	5496	0	8360	0	3170	0	10176	0	10744	0	0	0	452	0	0	0	100	0	0	0	1090	0	0	0	1770	0	0	0	1024	0	0	0	0	0	0	0	0	0	0	0	0	0	0	0	0	0	0	0	0	104	0	0	0	0	0	
103604	Parietal_Sup_L	268	0	0	0	0	0	0	0	0	0	0	0	0	0	0	0	0	0	0	0	0	0	0	0	0	0	0	0	0	0	0	0	0	0	0	0	0	0	0	0	0	0	136	0	710	0	0	0	2588	0	13922	0	0	0	0	0	6210	0	0	0	11086	0	192	0	2800	0	11710	0	2180	0	0	0	0	0	0	0	0	0	0	0	0	0	0	0	0	0	0	0	0	0	0	0	0	0	0	0	0	0	0	0	0	0	0	0	0	0	0	0	0	0	0	0	0	0	0	0	
94876	Parietal_Sup_R	0	828	0	0	0	0	0	0	0	0	0	0	0	0	0	0	0	0	0	0	0	0	0	0	0	0	0	0	0	0	0	0	0	0	0	112	0	0	0	0	0	0	0	104	0	1522	0	0	0	6014	0	3012	0	0	0	0	0	4842	0	0	0	10402	0	1370	0	9516	0	5870	0	904	0	0	0	0	0	0	0	0	0	0	0	362	0	0	0	1570	0	0	0	1010	0	0	0	0	0	0	0	0	0	0	0	0	0	0	0	0	0	0	0	0	0	0	0	0	0	0	
245516	Parietal_Inf_L	4320	0	506	0	0	0	446	0	0	0	702	0	0	0	0	0	226	0	0	0	0	0	0	0	0	0	0	0	424	0	0	0	128	0	146	0	0	0	0	0	0	0	582	0	406	0	0	0	218	0	20434	0	212	0	0	0	19876	0	11086	0	0	0	16144	0	24950	0	5712	0	2540	0	0	0	0	0	0	0	0	0	0	0	2462	0	0	0	8212	0	0	0	3026	0	0	0	0	0	0	0	0	0	0	0	0	0	0	0	0	0	0	0	0	0	0	0	0	0	0	0	
130840	Parietal_Inf_R	0	2184	0	502	0	0	0	0	0	0	0	0	0	0	0	0	0	104	0	126	0	0	0	0	0	0	0	0	0	0	0	0	0	0	0	192	0	258	0	0	0	0	0	230	0	108	0	146	0	1192	0	7248	0	130	0	0	0	5496	0	10402	0	0	0	10602	0	19204	0	1382	0	978	0	0	0	0	0	0	0	0	0	0	0	518	0	0	0	2402	0	0	0	2016	0	0	0	0	0	0	0	0	0	0	0	0	0	0	0	0	0	0	0	0	0	0	0	0	0	0	
170388	SupraMarginal_L	6608	0	296	0	0	0	208	0	0	0	0	0	0	0	0	0	4302	0	0	0	0	0	0	0	0	0	0	0	1154	0	0	0	236	0	846	0	128	0	0	0	0	0	474	0	0	0	0	0	142	0	2846	0	176	0	0	0	9602	0	192	0	16144	0	0	0	8088	0	882	0	3144	0	0	0	0	0	0	0	0	0	206	0	11714	0	0	0	11982	0	0	0	5824	0	0	0	0	0	0	0	0	0	0	0	0	0	0	0	0	0	0	0	0	0	0	0	0	0	0	0	
99508	SupraMarginal_R	0	6190	0	1084	0	0	0	0	0	0	0	0	0	0	0	0	0	1850	0	288	0	0	0	0	0	0	0	0	0	98	0	0	0	0	0	0	0	1500	0	0	0	0	0	108	0	0	0	0	0	536	0	154	0	0	0	0	0	8360	0	1370	0	10602	0	0	0	8250	0	860	0	446	0	0	0	128	0	0	0	0	0	200	0	5124	0	0	0	1082	0	0	0	1524	0	0	0	0	0	0	0	0	0	0	0	0	0	0	0	0	0	0	0	0	0	0	0	0	0	0	
160896	Angular_L	944	0	506	0	0	0	446	0	0	0	688	0	0	0	0	0	246	0	0	0	0	0	0	0	0	0	0	0	434	0	0	0	0	0	250	0	106	0	0	0	0	0	1124	0	702	0	0	0	234	0	20166	0	112	0	0	0	910	0	2800	0	24950	0	8088	0	0	0	1820	0	504	0	0	0	0	0	0	0	0	0	202	0	2412	0	0	0	10782	0	0	0	2022	0	0	0	0	0	0	0	0	0	0	0	0	0	0	0	0	0	0	0	0	0	0	0	0	0	0	0	
152460	Angular_R	0	1110	0	158	0	0	0	0	0	0	0	0	0	0	0	0	0	0	0	288	0	0	0	0	0	0	0	0	0	0	0	0	0	0	0	150	0	0	0	0	0	0	0	142	0	0	0	0	0	2932	0	16540	0	0	0	0	0	3170	0	9516	0	19204	0	8250	0	0	0	1220	0	1204	0	0	0	0	0	0	0	0	0	0	0	3612	0	0	0	7050	0	0	0	1684	0	0	0	0	0	0	0	0	0	0	0	0	0	0	0	0	0	0	0	0	0	0	0	0	0	0	
269968	Precuneus_L	1014	94	0	156	0	0	0	0	0	0	0	0	0	0	0	0	252	0	0	194	0	0	0	0	0	0	0	0	226	0	0	0	5704	840	7128	1912	3856	262	1506	130	0	0	15528	250	9842	1890	4896	240	8350	886	23416	726	2226	0	1608	0	5436	0	11710	0	5712	0	882	0	1820	0	0	2768	7702	0	0	0	0	0	0	0	274	0	196	0	402	0	0	0	4070	0	0	0	720	0	0	0	0	0	0	0	0	0	0	0	0	0	0	0	0	0	0	0	0	0	160	0	0	0	0	0	
367588	Precuneus_R	312	2012	234	416	0	0	0	0	0	0	0	0	0	0	0	0	0	190	124	3056	0	0	0	0	0	0	0	0	100	190	0	0	242	7802	2758	12408	2560	3690	680	1626	0	0	0	15216	0	19692	382	10870	0	27566	0	17636	0	2168	0	1440	0	10176	0	5870	0	1382	0	860	0	1220	2768	0	0	9924	0	0	136	0	0	0	1348	98	0	0	0	416	0	0	0	9814	0	0	0	4792	0	0	0	0	0	0	0	140	0	0	0	0	0	0	0	0	0	0	0	0	1480	0	0	0	0	0	
167700	Paracentral_Lobule_L	24066	1912	424	410	0	0	0	0	0	0	0	0	0	0	0	0	516	0	1768	6690	0	0	0	0	0	0	0	0	204	0	0	0	2228	2744	3416	682	0	174	0	0	0	0	1560	0	2052	0	118	0	1484	0	5064	0	184	0	0	0	4438	0	2180	0	2540	0	3144	0	504	0	7702	0	0	2904	0	130	0	0	0	0	212	246	0	0	2414	0	0	0	1290	0	0	0	450	0	0	0	0	0	0	0	0	0	0	0	0	0	0	0	0	0	0	0	0	0	0	0	0	0	0	0	
157340	Paracentral_Lobule_R	2690	3908	0	514	0	0	0	0	0	0	0	0	0	0	0	0	0	0	0	15892	0	0	0	0	0	0	0	0	0	0	0	0	816	6830	1948	5712	0	212	0	0	0	0	0	578	0	1494	0	386	0	4154	0	2086	0	104	0	0	0	10744	0	904	0	978	0	446	0	1204	0	9924	2904	0	0	0	0	0	0	0	0	0	0	0	0	248	0	0	0	2382	0	0	0	1612	0	0	0	0	0	0	0	0	0	0	0	0	0	0	0	0	0	0	0	0	0	0	0	0	0	0	
365504	Caudate_L	5118	968	13452	4906	1058	376	5906	1560	248	0	8874	1488	2776	0	2276	148	4592	158	12312	3212	4438	6888	380	168	0	122	1430	572	14174	890	6072	3208	0	0	144	0	820	0	0	0	460	0	0	0	0	0	0	0	0	0	0	0	0	0	110	0	468	0	0	0	0	0	0	0	0	0	0	0	0	0	0	21406	25908	6096	3106	3184	10824	620	188	0	354	0	810	0	94	0	0	0	390	0	0	0	0	0	0	0	0	0	0	0	0	0	0	0	0	0	0	0	0	0	0	0	0	0	0	0	
527992	Caudate_R	1030	10324	2006	36402	124	2728	1632	7526	0	216	1178	9792	1108	2416	1520	1014	0	216	1854	20268	2962	7030	286	6718	1762	4376	784	2084	2714	4592	5598	31792	0	1106	0	0	0	136	0	0	0	0	0	0	0	0	0	0	0	0	0	0	0	0	0	0	0	0	0	0	0	0	0	0	0	0	0	0	130	0	21406	0	13404	24502	1502	4622	3268	21868	0	0	0	0	0	0	0	0	0	0	0	0	0	0	0	0	0	0	0	0	0	0	0	0	0	0	0	0	0	0	0	0	0	0	0	0	0	0	
421784	Putamen_L	4870	142	23370	1530	8878	112	3194	344	4616	0	1138	132	628	0	6940	0	650	0	17924	802	2784	5212	1714	186	140	0	828	136	24512	0	7970	2162	0	0	680	788	10812	654	3420	272	1890	0	0	0	0	0	0	348	0	0	0	0	0	0	2144	0	1632	0	0	0	0	0	0	0	0	0	0	136	0	0	25908	13404	0	5282	6902	2624	5212	250	306	0	1432	0	2336	0	638	0	0	0	2496	0	0	0	0	0	0	0	0	0	0	0	0	0	0	0	0	0	0	0	0	412	0	0	0	0	0	0	
388740	Putamen_R	342	4740	352	23102	0	4142	0	5848	0	732	0	7994	0	1714	0	2916	0	2456	474	7170	602	1818	0	3844	1212	4070	0	754	0	20162	2568	13850	0	234	358	666	474	13012	0	3394	0	1312	0	0	0	0	0	138	0	0	0	0	0	0	0	5380	0	452	0	0	0	0	0	128	0	0	0	0	0	0	6096	24502	5282	0	0	4696	1182	6896	0	0	0	1326	0	326	0	1542	0	0	0	5332	0	780	0	0	0	0	0	0	0	0	0	0	0	0	0	0	0	0	0	0	0	0	0	0	0	0	
53032	Pallidum_L	690	0	5504	124	0	0	326	0	0	0	0	0	0	0	0	0	0	0	5610	0	0	552	0	0	0	0	0	0	0	0	0	0	0	0	0	0	300	0	0	0	0	0	0	0	0	0	0	0	0	0	0	0	0	0	0	0	364	0	0	0	0	0	0	0	0	0	0	0	0	0	3106	1502	6902	0	0	286	1250	0	0	0	0	0	0	0	0	0	0	0	0	0	0	0	0	0	0	0	0	0	0	0	0	0	0	0	0	0	0	0	0	0	0	0	0	0	0	0	
47320	Pallidum_R	0	342	0	3830	0	0	0	604	0	0	0	0	0	0	0	0	0	0	102	1494	0	0	0	0	0	0	0	0	0	0	0	0	0	0	0	0	0	884	0	624	0	0	0	0	0	0	0	98	0	0	0	0	0	0	0	102	0	0	0	0	0	0	0	0	0	0	0	0	0	0	3184	4622	2624	4696	286	0	0	168	0	0	0	0	0	0	0	0	0	0	0	0	0	0	0	0	0	0	0	0	0	0	0	0	0	0	0	0	0	0	0	0	0	0	0	0	0	0	
267064	Thalamus_L	8282	4298	8816	4994	0	0	2374	3374	0	0	0	122	0	0	0	0	0	152	8764	538	0	0	0	0	0	0	0	0	1232	478	0	138	0	0	6530	9796	9696	11558	2064	3800	0	0	106	0	0	0	314	3524	0	0	0	0	104	0	402	172	654	0	0	0	0	0	0	0	0	0	274	1348	212	0	10824	3268	5212	1182	1250	0	0	12912	184	0	418	158	0	0	1608	272	0	0	1116	508	0	0	0	0	0	0	0	212	0	0	0	0	0	0	0	0	0	0	0	292	0	0	0	0	0	0	
239728	Thalamus_R	1410	16148	788	20840	0	0	164	2584	0	0	0	1018	0	0	0	0	0	248	2008	3616	0	0	0	0	0	0	0	0	0	782	0	856	0	0	1052	2688	1260	10814	0	4898	0	0	0	0	0	0	0	2706	0	0	0	0	0	0	0	724	0	100	0	0	0	0	0	0	0	0	0	98	246	0	620	21868	250	6896	0	168	12912	0	0	0	0	104	0	0	0	350	0	0	0	712	0	0	0	0	0	0	0	936	0	0	0	0	0	0	0	0	0	0	0	0	0	0	0	0	0	0	
63868	Heschl_L	5500	0	2472	0	0	0	388	0	0	0	394	0	0	0	0	0	1802	0	904	0	0	0	0	0	0	0	0	0	8108	0	0	0	0	0	236	170	2500	0	0	0	0	0	188	0	0	0	0	0	0	0	768	0	0	0	0	0	1786	0	0	0	0	0	206	0	202	0	196	0	0	0	188	0	306	0	0	0	184	0	0	0	2686	0	0	0	2222	0	0	0	528	0	0	0	0	0	0	0	0	0	0	0	0	0	0	0	0	0	0	0	0	0	0	0	0	0	0	0	
21108	Heschl_R	0	424	0	546	0	0	0	198	0	0	0	164	0	0	0	0	0	1498	0	0	0	0	0	0	0	0	0	0	0	1802	0	0	0	0	0	0	0	866	0	108	0	0	0	0	0	0	0	0	0	0	0	0	0	0	0	160	0	0	0	0	0	0	0	200	0	0	0	0	0	0	0	0	0	0	0	0	0	0	0	0	0	3650	0	160	0	402	0	0	0	376	0	0	0	0	0	0	0	0	0	0	0	0	0	0	0	0	0	0	0	0	0	0	0	0	0	0	
207920	Temporal_Sup_L	3936	0	1286	0	0	0	154	0	0	0	362	0	0	0	0	0	6920	0	1102	0	0	0	0	0	0	0	0	0	9388	0	0	0	0	0	390	0	4268	0	596	0	92	0	212	0	0	0	0	0	0	0	1956	0	160	0	3810	0	2552	0	0	0	2462	0	11714	0	2412	0	402	0	2414	0	354	0	1432	0	0	0	418	0	2686	0	0	0	2404	0	26386	0	0	0	13596	0	96	0	0	0	0	0	0	0	0	0	0	0	0	0	0	0	0	0	0	0	0	0	0	0	0	0	
99484	Temporal_Sup_R	0	858	0	1654	0	0	0	552	0	0	0	254	0	0	0	0	0	3352	0	170	0	0	0	0	0	0	0	0	0	5768	0	0	0	0	0	0	0	2680	0	188	0	0	0	180	0	0	0	0	0	354	0	280	0	0	0	1634	0	1090	0	362	0	518	0	5124	0	3612	0	416	0	248	0	0	0	1326	0	0	158	104	0	3650	0	0	0	1842	0	9450	0	858	0	3060	0	0	0	0	0	0	0	0	0	0	0	0	0	0	0	0	0	0	0	0	0	0	0	0	0	0	
77744	Temporal_Pole_Sup_L	0	0	0	0	1542	0	0	0	240	0	1154	0	226	0	938	0	1058	0	0	0	1526	0	0	0	0	0	92	0	6176	0	0	0	0	0	0	0	1476	0	438	0	1482	0	0	0	0	0	0	0	0	0	0	0	0	0	1922	0	0	0	0	0	0	0	0	0	0	0	0	0	0	0	810	0	2336	0	0	0	0	0	0	0	2404	0	0	0	5774	0	3848	0	5430	0	0	0	0	0	0	0	0	0	0	0	0	0	0	0	0	0	0	0	0	0	0	0	0	0	0	0	
51468	Temporal_Pole_Sup_R	0	0	0	0	0	0	0	0	0	0	0	160	0	0	0	296	0	552	0	0	0	478	0	0	0	0	0	0	0	474	0	0	0	0	0	0	0	602	0	3050	0	2450	0	0	0	0	0	0	0	0	0	0	0	0	0	6390	0	0	0	0	0	0	0	0	0	0	0	0	0	0	0	0	0	326	0	0	0	0	0	160	0	1842	0	0	0	990	0	3708	0	4256	0	0	0	0	0	0	0	0	0	0	0	0	0	0	0	0	0	0	0	0	0	0	0	0	0	0	
310620	Temporal_Mid_L	2168	0	1156	0	0	0	0	0	0	0	118	0	0	0	0	0	1478	0	1238	0	0	0	0	0	0	0	0	0	3970	0	0	0	548	0	998	662	2788	612	120	340	0	0	3986	0	882	0	330	356	908	0	20670	0	2066	0	1324	0	1134	0	0	0	8212	0	11982	0	10782	0	4070	0	1290	0	94	0	638	0	0	0	1608	0	2222	0	26386	0	5774	0	0	0	2656	0	31642	0	0	0	0	0	0	0	0	0	0	0	0	0	0	0	0	0	0	0	0	102	0	0	0	0	0	0	
209620	Temporal_Mid_R	0	2272	0	636	0	0	0	0	0	0	0	0	0	0	0	0	0	132	0	1206	0	0	0	0	0	0	0	0	0	2438	0	0	0	700	0	1462	0	4052	0	360	0	0	0	4632	0	2160	0	1314	0	4810	0	11940	0	832	0	1658	0	1770	0	1570	0	2402	0	1082	0	7050	0	9814	0	2382	0	0	0	1542	0	0	272	350	0	402	0	9450	0	990	0	0	0	2376	0	22754	0	0	0	0	0	0	0	0	0	0	0	0	0	0	0	0	0	0	0	0	0	0	0	0	0	0	
19604	Temporal_Pole_Mid_L	0	0	0	0	0	0	0	0	0	0	0	0	0	0	0	0	0	0	0	0	0	0	0	0	0	0	0	0	0	0	0	0	0	0	0	0	0	0	0	0	0	0	0	0	0	0	0	0	0	0	0	0	0	0	1072	0	0	0	0	0	0	0	0	0	0	0	0	0	0	0	0	0	0	0	0	0	0	0	0	0	0	0	3848	0	2656	0	0	0	2226	0	0	0	0	0	0	0	0	0	0	0	0	0	0	0	0	0	0	0	0	0	0	0	0	0	0	0	
25184	Temporal_Pole_Mid_R	0	0	0	0	0	0	0	0	0	0	0	0	0	0	0	0	0	0	0	0	0	0	0	0	0	0	0	0	0	0	0	0	0	0	0	0	0	0	0	1214	0	0	0	0	0	0	0	0	0	0	0	0	0	0	0	2624	0	0	0	0	0	0	0	0	0	0	0	0	0	0	0	0	0	0	0	0	0	0	0	0	0	858	0	3708	0	2376	0	0	0	1812	0	0	0	0	0	0	0	0	0	0	0	0	0	0	0	0	0	0	0	0	0	0	0	0	0	0	
221264	Temporal_Inf_L	820	0	718	0	0	0	0	0	0	0	108	0	0	0	0	0	396	0	768	0	0	0	0	0	0	0	0	0	7380	0	0	0	326	0	480	446	9750	376	1120	212	980	0	378	0	0	0	158	244	0	0	3016	0	1050	0	10140	0	580	0	0	0	3026	0	5824	0	2022	0	720	0	450	0	390	0	2496	0	0	0	1116	0	528	0	13596	0	5430	0	31642	0	2226	0	0	0	1202	0	0	0	0	0	0	0	386	0	0	0	0	0	0	0	0	0	0	132	0	0	0	0	0	0	
225712	Temporal_Inf_R	0	3102	0	1194	0	0	0	152	0	0	0	314	0	0	0	0	0	346	0	1090	0	0	0	0	0	0	0	0	0	4380	0	0	0	98	0	1566	0	11952	0	4642	0	1580	0	3138	0	308	0	2062	0	324	0	1140	0	2388	0	17922	0	1024	0	1010	0	2016	0	1524	0	1684	0	4792	0	1612	0	0	0	5332	0	0	508	712	0	376	0	3060	0	4256	0	22754	0	1812	0	0	0	2686	0	0	0	0	0	0	0	0	0	0	0	0	0	0	0	0	0	0	0	0	0	0	0	0	
433308	Cerebelum_Crus1_L	0	0	0	0	0	0	0	0	0	0	0	0	0	0	0	0	0	0	0	0	0	0	0	0	0	0	0	0	0	0	0	0	0	0	0	0	114	0	0	0	0	0	0	0	0	0	11620	1336	0	0	166	0	304	0	17416	0	0	0	0	0	0	0	0	0	0	0	0	0	0	0	0	0	0	0	0	0	0	0	0	0	96	0	0	0	0	0	0	0	1202	0	0	1874	27318	4180	2390	480	20802	806	59268	2234	11916	2350	19532	1824	7766	352	2886	0	186	1290	5392	3772	5870	1122	542	248	
398760	Cerebelum_Crus1_R	0	0	0	0	0	0	0	0	0	0	0	0	0	0	0	0	0	0	0	0	0	0	0	0	0	0	0	0	0	288	0	0	0	0	0	0	0	1934	0	1914	0	0	0	0	0	0	204	5676	0	0	0	0	0	330	0	9224	0	0	0	0	0	0	0	0	0	0	0	0	0	0	0	0	0	780	0	0	0	0	0	0	0	0	0	0	0	0	0	0	0	2686	1874	0	236	26374	486	6934	1946	23890	2320	53092	92	2074	210	17066	448	5598	0	984	0	2556	9918	8796	8840	1494	1116	0	
260888	Cerebelum_Crus2_L	0	0	0	0	0	0	0	0	0	0	0	0	0	0	0	0	0	0	0	0	0	0	0	0	0	0	0	0	0	0	0	0	0	0	0	0	0	0	0	0	0	0	0	0	0	0	1290	212	0	0	0	0	0	0	650	0	0	0	0	0	0	0	0	0	0	0	0	0	0	0	0	0	0	0	0	0	0	0	0	0	0	0	0	0	0	0	0	0	0	0	27318	236	0	7376	414	0	1190	0	6700	136	30620	3664	29282	2654	7720	0	636	0	0	98	322	1102	6378	2226	220	0	
304972	Cerebelum_Crus2_R	0	0	0	0	0	0	0	0	0	0	0	0	0	0	0	0	0	0	0	0	0	0	0	0	0	0	0	0	0	0	0	0	0	0	0	0	0	0	0	0	0	0	0	0	0	0	374	1736	0	0	0	0	0	0	120	162	0	0	0	0	0	0	0	0	0	0	0	0	0	0	0	0	0	0	0	0	0	0	0	0	0	0	0	0	0	0	0	0	0	0	4180	26374	7376	0	0	352	330	1342	1592	6104	3660	20302	3876	35902	806	9234	0	608	0	316	1274	4764	15958	3944	1406	394	
54404	Cerebelum_3_L	0	0	0	0	0	0	0	0	0	0	0	0	0	0	0	0	0	0	0	0	0	0	0	0	0	0	0	0	0	0	0	0	0	0	0	0	0	0	130	0	0	0	0	0	0	0	318	246	0	0	0	0	0	0	248	0	0	0	0	0	0	0	0	0	0	0	0	0	0	0	0	0	0	0	0	0	0	0	0	0	0	0	0	0	0	0	0	0	0	0	2390	486	414	0	0	288	7860	134	3654	780	148	0	722	0	1978	0	256	0	1314	3916	1398	522	0	0	0	0	
83836	Cerebelum_3_R	0	0	0	0	0	0	0	0	0	0	0	0	0	0	0	0	0	0	0	0	0	0	0	0	0	0	0	0	0	0	0	0	0	0	0	0	0	0	0	92	0	0	0	0	0	0	172	202	0	0	0	0	0	0	0	0	0	0	0	0	0	0	0	0	0	0	0	0	0	0	0	0	0	0	0	0	0	0	0	0	0	0	0	0	0	0	0	0	0	0	480	6934	0	352	288	0	1342	8480	738	9546	0	0	0	210	290	714	0	0	522	4998	3374	1388	378	278	552	588	
260332	Cerebelum_4_5_L	0	0	0	0	0	0	0	0	0	0	0	0	0	0	0	0	0	0	0	0	0	0	0	0	0	0	0	0	0	0	0	0	0	0	0	0	0	0	134	0	0	0	0	0	0	0	12584	1316	0	0	0	0	146	0	11644	0	0	0	0	0	0	0	0	0	0	0	0	0	0	0	0	0	0	0	0	0	0	0	0	0	0	0	0	0	0	0	0	0	0	0	20802	1946	1190	330	7860	1342	0	1340	32436	2792	654	0	2030	180	5674	1372	224	0	900	4664	11052	4078	378	304	736	2058	
213768	Cerebelum_4_5_R	0	0	0	0	0	0	0	0	0	0	0	0	0	0	0	0	0	0	0	0	0	0	0	0	0	0	0	0	0	0	0	0	0	0	0	0	0	1684	0	2322	0	0	0	0	0	0	148	4936	0	0	0	0	0	262	0	6700	0	0	0	0	0	0	0	0	0	0	0	140	0	0	0	0	0	0	0	0	212	936	0	0	0	0	0	0	0	0	0	0	0	0	806	23890	0	1342	134	8480	1340	0	1008	33360	0	94	0	698	120	404	0	0	134	2810	12290	1238	1084	144	168	0	
415624	Cerebelum_6_L	0	0	0	0	0	0	0	0	0	0	0	0	0	0	0	0	0	0	0	0	0	0	0	0	0	0	0	0	0	0	0	0	0	0	0	0	0	0	0	0	0	0	0	0	0	0	19432	3012	0	0	378	0	296	0	24226	196	0	0	0	0	0	0	0	0	0	0	0	0	0	0	0	0	0	0	0	0	0	0	0	0	0	0	0	0	0	0	0	0	386	0	59268	2320	6700	1592	3654	738	32436	1008	0	3434	4294	286	10166	496	7512	620	3808	0	272	1816	7560	7632	2540	346	946	442	
364588	Cerebelum_6_R	0	0	0	0	0	0	0	0	0	0	0	0	0	0	0	0	0	0	0	0	0	0	0	0	0	0	0	0	0	0	0	0	0	0	0	0	0	0	0	0	0	0	0	0	0	0	770	8254	0	0	0	0	0	872	304	9948	0	0	0	0	0	0	0	0	0	0	0	0	0	0	0	0	0	0	0	0	0	0	0	0	0	0	0	0	0	0	0	0	0	0	2234	53092	136	6104	780	9546	2792	33360	3434	0	0	368	176	5592	654	2730	0	1140	142	3980	14832	11006	6408	1840	1682	118	
193440	Cerebelum_7b_L	0	0	0	0	0	0	0	0	0	0	0	0	0	0	0	0	0	0	0	0	0	0	0	0	0	0	0	0	0	0	0	0	0	0	0	0	0	0	0	0	0	0	0	0	0	0	236	102	0	0	0	0	0	0	116	0	0	0	0	0	0	0	0	0	0	0	0	0	0	0	0	0	0	0	0	0	0	0	0	0	0	0	0	0	0	0	0	0	0	0	11916	92	30620	3660	148	0	654	0	4294	0	0	2514	27044	2228	5178	0	714	0	0	0	154	428	4256	2366	0	0	
133544	Cerebelum_7b_R	0	0	0	0	0	0	0	0	0	0	0	0	0	0	0	0	0	0	0	0	0	0	0	0	0	0	0	0	0	0	0	0	0	0	0	0	0	0	0	0	0	0	0	0	0	0	0	100	0	0	0	0	0	0	0	0	0	0	0	0	0	0	0	0	0	0	0	0	0	0	0	0	0	0	0	0	0	0	0	0	0	0	0	0	0	0	0	0	0	0	2350	2074	3664	20302	0	0	0	94	286	368	2514	0	2306	20132	258	3954	0	0	0	0	0	378	5334	2310	242	106	
271028	Cerebelum_8_L	0	0	0	0	0	0	0	0	0	0	0	0	0	0	0	0	0	0	0	0	0	0	0	0	0	0	0	0	0	0	0	0	0	0	0	0	0	0	0	0	0	0	0	0	0	0	800	312	0	0	0	0	0	0	540	0	0	0	0	0	0	0	0	0	0	0	0	0	0	0	0	0	0	0	0	0	0	0	0	0	0	0	0	0	0	0	0	0	0	0	19532	210	29282	3876	722	0	2030	0	10166	176	27044	2306	0	5010	17178	308	3028	0	0	162	488	942	4950	5640	812	0	
261076	Cerebelum_8_R	0	0	0	0	0	0	0	0	0	0	0	0	0	0	0	0	0	0	0	0	0	0	0	0	0	0	0	0	0	0	0	0	0	0	0	0	0	0	0	0	0	0	0	0	0	0	0	348	0	0	0	0	0	0	0	0	0	0	0	0	0	0	0	0	0	0	0	0	0	0	0	0	0	0	0	0	0	0	0	0	0	0	0	0	0	0	0	0	0	0	1824	17066	2654	35902	0	210	180	698	496	5592	2228	20132	5010	0	2232	15750	0	654	0	232	632	1496	8650	6164	1880	508	
157224	Cerebelum_9_L	0	0	0	0	0	0	0	0	0	0	0	0	0	0	0	0	0	0	0	0	0	0	0	0	0	0	0	0	0	0	0	0	0	0	0	0	0	0	0	0	0	0	0	0	0	0	732	382	0	0	0	0	0	0	140	0	0	0	0	0	0	0	0	0	0	0	0	0	0	0	0	0	0	0	0	0	0	0	0	0	0	0	0	0	0	0	0	0	0	0	7766	448	7720	806	1978	290	5674	120	7512	654	5178	258	17178	2232	0	1322	4626	0	152	868	2768	2620	1704	2558	1640	1286	
146252	Cerebelum_9_R	0	0	0	0	0	0	0	0	0	0	0	0	0	0	0	0	0	0	0	0	0	0	0	0	0	0	0	0	0	0	0	0	0	0	0	0	0	0	0	0	0	0	0	0	0	0	240	322	0	0	0	0	0	0	0	0	0	0	0	0	0	0	0	0	0	0	0	0	0	0	0	0	0	0	0	0	0	0	0	0	0	0	0	0	0	0	0	0	0	0	352	5598	0	9234	0	714	1372	404	620	2730	0	3954	308	15750	1322	0	0	2574	350	1068	3138	5736	4050	4804	6058	2428	
32664	Cerebelum_10_L	0	0	0	0	0	0	0	0	0	0	0	0	0	0	0	0	0	0	0	0	0	0	0	0	0	0	0	0	0	0	0	0	0	0	0	0	0	0	0	0	0	0	0	0	0	0	0	0	0	0	0	0	0	0	0	0	0	0	0	0	0	0	0	0	0	0	0	0	0	0	0	0	0	0	0	0	0	0	0	0	0	0	0	0	0	0	0	0	0	0	2886	0	636	0	256	0	224	0	3808	0	714	0	3028	0	4626	0	0	0	0	0	0	154	0	0	0	0	
28264	Cerebelum_10_R	0	0	0	0	0	0	0	0	0	0	0	0	0	0	0	0	0	0	0	0	0	0	0	0	0	0	0	0	0	0	0	0	0	0	0	0	0	0	0	0	0	0	0	0	0	0	0	0	0	0	0	0	0	0	0	0	0	0	0	0	0	0	0	0	0	0	0	0	0	0	0	0	0	0	0	0	0	0	0	0	0	0	0	0	0	0	0	0	0	0	0	984	0	608	0	0	0	0	0	1140	0	0	0	654	0	2574	0	0	0	0	248	1796	2022	2094	2012	0	
22152	Vermis_1_2	0	0	0	0	0	0	0	0	0	0	0	0	0	0	0	0	0	0	0	0	0	0	0	0	0	0	0	0	0	0	0	0	0	0	0	0	0	0	0	0	0	0	0	0	0	0	112	0	0	0	0	0	0	0	0	0	0	0	0	0	0	0	0	0	0	0	0	0	0	0	0	0	0	0	0	0	0	0	0	0	0	0	0	0	0	0	0	0	0	0	186	0	0	0	1314	522	900	134	272	142	0	0	0	0	152	350	0	0	0	4182	1236	662	0	134	296	482	
89556	Vermis_3	234	0	122	0	0	0	0	0	0	0	0	0	0	0	0	0	0	0	102	0	0	0	0	0	0	0	0	0	0	0	0	0	0	0	0	0	508	0	360	0	0	0	0	0	0	0	488	462	0	0	0	0	0	0	0	0	0	0	0	0	0	0	0	0	0	0	0	0	0	0	0	0	412	0	0	0	292	0	0	0	0	0	0	0	102	0	0	0	132	0	1290	2556	98	316	3916	4998	4664	2810	1816	3980	0	0	162	232	868	1068	0	0	4182	0	4442	1912	344	326	652	932	
224908	Vermis_4_5	0	0	0	0	0	0	0	0	0	0	0	0	0	0	0	0	0	0	0	0	0	0	0	0	0	0	0	0	0	0	0	0	0	0	428	798	422	0	0	0	0	0	0	0	0	122	3884	4960	0	174	0	0	0	108	1772	2102	0	104	0	0	0	0	0	0	0	0	160	1480	0	0	0	0	0	0	0	0	0	0	0	0	0	0	0	0	0	0	0	0	0	0	5392	9918	322	1274	1398	3374	11052	12290	7560	14832	154	0	488	632	2768	3138	0	248	1236	4442	0	7960	1490	1012	1998	2962	
210992	Vermis_6	0	0	0	0	0	0	0	0	0	0	0	0	0	0	0	0	0	0	0	0	0	0	0	0	0	0	0	0	0	0	0	0	0	0	0	0	0	0	0	0	0	0	0	0	0	0	3832	8494	0	0	0	0	0	468	1976	1306	0	0	0	0	0	0	0	0	0	0	0	0	0	0	0	0	0	0	0	0	0	0	0	0	0	0	0	0	0	0	0	0	0	0	3772	8796	1102	4764	522	1388	4078	1238	7632	11006	428	378	942	1496	2620	5736	154	1796	662	1912	7960	0	8446	3936	5378	3278	
210632	Vermis_7	0	0	0	0	0	0	0	0	0	0	0	0	0	0	0	0	0	0	0	0	0	0	0	0	0	0	0	0	0	0	0	0	0	0	0	0	0	0	0	0	0	0	0	0	0	0	568	2364	0	0	0	0	0	0	192	226	0	0	0	0	0	0	0	0	0	0	0	0	0	0	0	0	0	0	0	0	0	0	0	0	0	0	0	0	0	0	0	0	0	0	5870	8840	6378	15958	0	378	378	1084	2540	6408	4256	5334	4950	8650	1704	4050	0	2022	0	344	1490	8446	0	7838	4600	448	
