data	data	406636	133832	1.28777e+06	1.07923e+06	228696	99900	739480	361692	78844	60716	362712	285496	455972	285448	203556	152416	249772	160800	806908	803100	88192	93344	690772	698944	40584	98308	139480	102120	678012	598456	693492	872864	278740	594244	123736	200076	151816	192952	44008	106052	29056	32544	145680	177400	162164	306612	209464	188032	201964	410376	338828	196168	77132	67440	222524	257416	265448	105392	112772	94920	178752	89692	72364	90304	116428	90676	284052	384728	213100	98136	337504	642788	306052	323592	66332	34460	109524	103868	86040	14792	236228	78700	119132	34412	308772	201016	39696	12244	236144	233228	317584	316088	275792	256792	13020	10980	217280	131556	291704	312532	190364	121788	212224	229780	67132	76436	9060	10952	6476	14284	157772	136344	200852	100036	60252	14180	
data	data	Precentral_L	Precentral_R	Frontal_Sup_L	Frontal_Sup_R	Frontal_Sup_Orb_L	Frontal_Sup_Orb_R	Frontal_Mid_L	Frontal_Mid_R	Frontal_Mid_Orb_L	Frontal_Mid_Orb_R	Frontal_Inf_Oper_L	Frontal_Inf_Oper_R	Frontal_Inf_Tri_L	Frontal_Inf_Tri_R	Frontal_Inf_Orb_L	Frontal_Inf_Orb_R	Rolandic_Oper_L	Rolandic_Oper_R	Supp_Motor_Area_L	Supp_Motor_Area_R	Olfactory_L	Olfactory_R	Frontal_Sup_Medial_L	Frontal_Sup_Medial_R	Frontal_Med_Orb_L	Frontal_Med_Orb_R	Rectus_L	Rectus_R	Insula_L	Insula_R	Cingulum_Ant_L	Cingulum_Ant_R	Cingulum_Mid_L	Cingulum_Mid_R	Cingulum_Post_L	Cingulum_Post_R	Hippocampus_L	Hippocampus_R	ParaHippocampal_L	ParaHippocampal_R	Amygdala_L	Amygdala_R	Calcarine_L	Calcarine_R	Cuneus_L	Cuneus_R	Lingual_L	Lingual_R	Occipital_Sup_L	Occipital_Sup_R	Occipital_Mid_L	Occipital_Mid_R	Occipital_Inf_L	Occipital_Inf_R	Fusiform_L	Fusiform_R	Postcentral_L	Postcentral_R	Parietal_Sup_L	Parietal_Sup_R	Parietal_Inf_L	Parietal_Inf_R	SupraMarginal_L	SupraMarginal_R	Angular_L	Angular_R	Precuneus_L	Precuneus_R	Paracentral_Lobule_L	Paracentral_Lobule_R	Caudate_L	Caudate_R	Putamen_L	Putamen_R	Pallidum_L	Pallidum_R	Thalamus_L	Thalamus_R	Heschl_L	Heschl_R	Temporal_Sup_L	Temporal_Sup_R	Temporal_Pole_Sup_L	Temporal_Pole_Sup_R	Temporal_Mid_L	Temporal_Mid_R	Temporal_Pole_Mid_L	Temporal_Pole_Mid_R	Temporal_Inf_L	Temporal_Inf_R	Cerebelum_Crus1_L	Cerebelum_Crus1_R	Cerebelum_Crus2_L	Cerebelum_Crus2_R	Cerebelum_3_L	Cerebelum_3_R	Cerebelum_4_5_L	Cerebelum_4_5_R	Cerebelum_6_L	Cerebelum_6_R	Cerebelum_7b_L	Cerebelum_7b_R	Cerebelum_8_L	Cerebelum_8_R	Cerebelum_9_L	Cerebelum_9_R	Cerebelum_10_L	Cerebelum_10_R	Vermis_1_2	Vermis_3	Vermis_4_5	Vermis_6	Vermis_7	Vermis_8	Vermis_9	Vermis_10	
406636	Precentral_L	0	522	12726	1066	0	0	20024	0	0	0	14556	2336	4664	0	0	0	12186	0	5752	8354	0	0	414	0	0	0	0	0	8650	2448	736	416	656	3338	2338	2238	2658	966	0	936	0	0	0	0	144	0	0	0	252	164	498	0	0	0	626	594	31388	120	0	0	932	0	120	0	156	0	166	286	20900	1738	984	2606	4016	0	3464	0	7950	386	5958	130	3282	326	964	0	2746	0	0	0	3188	1254	0	0	0	0	0	0	0	0	0	0	0	0	0	0	0	0	0	0	0	0	0	0	0	0	0	0	
133832	Precentral_R	522	0	488	12370	0	0	0	6538	0	0	0	3182	0	326	0	0	0	2982	712	2364	0	0	0	366	0	0	0	0	0	1514	0	634	0	0	0	170	0	2752	0	622	0	0	0	0	0	0	0	0	0	228	0	128	0	508	0	608	336	7674	0	588	0	1132	0	3084	0	674	0	246	500	4336	962	1582	296	866	118	0	258	3010	0	0	0	548	0	0	0	1176	0	0	0	2516	0	0	0	0	0	0	0	0	0	0	0	0	0	0	0	0	0	0	0	0	0	0	0	0	0	0	
1.28777e+06	Frontal_Sup_L	12726	488	0	18888	18588	184	109006	3390	4772	0	20646	2654	41832	2660	18556	0	7664	338	66182	13250	298	0	65346	19488	2044	1652	6340	122	49580	5504	46258	28650	8544	12150	270	228	1058	284	162	0	0	0	0	0	0	0	0	0	0	0	0	0	0	0	0	0	2432	0	0	0	148	0	204	0	0	0	0	0	2418	0	13928	9232	12904	1304	4612	136	1094	0	494	0	2610	0	1866	0	372	0	0	0	330	0	0	0	0	0	0	0	0	0	0	0	0	0	0	0	0	0	0	0	0	0	0	0	0	0	0	0	
1.07923e+06	Frontal_Sup_R	1066	12370	18888	0	112	4030	3398	55518	0	3570	620	11148	178	16804	0	10156	204	13446	30682	64450	506	700	14672	65216	0	3510	180	2850	678	30224	13064	48826	4456	24818	110	206	0	5390	0	582	0	0	0	0	0	0	0	0	0	0	0	0	0	0	0	670	876	684	0	0	0	0	0	0	0	0	0	0	420	0	4666	33868	1050	22802	324	1128	340	9204	0	202	0	234	0	0	0	0	0	0	0	520	0	0	0	0	0	0	0	0	0	0	0	0	0	0	0	0	0	0	0	0	0	0	0	0	0	0	
228696	Frontal_Sup_Orb_L	0	0	18588	112	0	112	5144	0	12920	0	1962	0	5248	0	12576	196	0	0	1364	0	2184	1318	6430	310	3598	300	13534	740	10952	162	9596	370	186	206	0	0	0	0	0	0	0	0	0	0	0	0	0	0	0	0	0	0	0	0	0	0	0	0	0	0	0	0	0	0	0	0	0	0	0	0	2382	706	2876	0	0	0	0	0	0	0	0	0	276	0	0	0	0	0	0	0	0	0	0	0	0	0	0	0	0	0	0	0	0	0	0	0	0	0	0	0	0	0	0	0	0	0	
99900	Frontal_Sup_Orb_R	0	0	184	4030	112	0	0	1552	0	7742	0	0	0	226	0	6508	0	0	0	112	844	1464	270	1522	0	6490	308	9202	0	1508	458	2534	0	0	0	0	0	0	0	0	0	0	0	0	0	0	0	0	0	0	0	0	0	0	0	0	0	0	0	0	0	0	0	0	0	0	0	0	0	0	948	1970	626	1340	0	0	0	0	0	0	0	0	0	0	0	0	0	0	0	0	0	0	0	0	0	0	0	0	0	0	0	0	0	0	0	0	0	0	0	0	0	0	0	0	0	0	
739480	Frontal_Mid_L	20024	0	109006	3398	5144	0	0	368	4944	0	18706	1962	53126	1202	16078	0	8560	0	11068	2298	186	0	20916	5464	0	0	1080	0	32452	3284	15326	8808	4516	5886	0	0	358	0	0	0	0	0	0	0	0	0	0	0	0	0	0	0	0	0	0	0	840	0	0	0	0	0	0	0	0	0	0	0	0	0	2234	2796	2812	120	328	0	272	0	116	0	3554	0	2186	0	128	0	0	0	194	0	0	0	0	0	0	0	0	0	0	0	0	0	0	0	0	0	0	0	0	0	0	0	0	0	0	0	
361692	Frontal_Mid_R	0	6538	3390	55518	0	1552	368	0	0	4778	0	13384	0	22636	0	9594	0	5744	4260	5776	0	0	1030	13412	0	0	0	0	0	13172	948	4054	496	3048	0	0	0	806	0	0	0	0	0	0	0	0	0	0	0	0	0	0	0	0	0	0	0	940	0	0	0	0	0	0	0	0	0	0	0	0	922	3148	0	3998	0	138	0	1196	0	0	0	0	0	0	0	0	0	0	0	0	0	0	0	0	0	0	0	0	0	0	0	0	0	0	0	0	0	0	0	0	0	0	0	0	0	0	
78844	Frontal_Mid_Orb_L	0	0	4772	0	12920	0	4944	0	0	0	0	0	1612	0	13454	0	0	0	0	0	0	0	0	0	130	0	734	0	408	0	0	0	0	0	0	0	0	0	0	0	0	0	0	0	0	0	0	0	0	0	0	0	0	0	0	0	0	0	0	0	0	0	0	0	0	0	0	0	0	0	0	0	298	0	0	0	0	0	0	0	0	0	150	0	0	0	0	0	0	0	0	0	0	0	0	0	0	0	0	0	0	0	0	0	0	0	0	0	0	0	0	0	0	0	0	0	
60716	Frontal_Mid_Orb_R	0	0	0	3570	0	7742	0	4778	0	0	0	0	0	1000	0	9312	0	0	0	134	0	0	0	272	0	360	0	448	0	1114	0	168	0	0	0	0	0	0	0	0	0	0	0	0	0	0	0	0	0	0	0	0	0	0	0	0	0	0	0	0	0	0	0	0	0	0	0	0	0	0	0	342	0	1118	0	0	0	0	0	0	0	0	0	0	0	0	0	0	0	0	0	0	0	0	0	0	0	0	0	0	0	0	0	0	0	0	0	0	0	0	0	0	0	0	0	0	
362712	Frontal_Inf_Oper_L	14556	0	20646	620	1962	0	18706	0	0	0	0	5482	25588	0	410	0	13324	0	6322	278	0	0	6200	762	0	0	950	0	23180	5854	6074	2352	0	188	0	0	384	0	0	0	0	0	0	0	0	0	0	0	0	0	0	0	0	0	0	0	3984	0	0	0	0	0	0	0	0	0	0	0	0	0	4328	7364	2106	0	202	0	0	0	310	0	5112	0	3640	0	336	0	0	0	136	0	0	0	0	0	0	0	0	0	0	0	0	0	0	0	0	0	0	0	0	0	0	0	0	0	0	0	
285496	Frontal_Inf_Oper_R	2336	3182	2654	11148	0	0	1962	13384	0	0	5482	0	3914	13458	0	452	380	3318	3108	3554	0	0	1298	3396	0	0	0	0	2220	29272	3524	7106	112	2380	0	0	0	570	0	0	0	0	0	0	0	0	0	0	0	0	0	0	0	0	0	0	472	188	0	0	0	0	0	0	0	0	0	0	0	0	3020	16664	440	3566	0	0	0	188	0	0	0	0	0	0	0	0	0	0	0	0	0	0	0	0	0	0	0	0	0	0	0	0	0	0	0	0	0	0	0	0	0	0	0	0	0	0	
455972	Frontal_Inf_Tri_L	4664	0	41832	178	5248	0	53126	0	1612	0	25588	3914	0	110	16712	0	870	0	6772	336	114	0	6424	428	0	0	2334	0	33696	4162	5922	1492	0	284	0	0	0	0	0	0	0	0	0	0	0	0	0	0	0	0	0	0	0	0	0	0	1558	0	0	0	0	0	0	0	0	0	0	0	0	0	3064	4980	1660	0	0	0	0	0	112	0	286	0	508	0	0	0	0	0	0	0	0	0	0	0	0	0	0	0	0	0	0	0	0	0	0	0	0	0	0	0	0	0	0	0	0	0	
285448	Frontal_Inf_Tri_R	0	326	2660	16804	0	226	1202	22636	0	1000	0	13458	110	0	0	8898	0	190	2384	2982	0	0	5930	10606	0	0	0	0	144	28350	2570	7056	1708	9542	0	0	0	0	0	0	0	0	0	0	0	0	0	0	0	0	0	0	0	0	0	0	0	0	0	0	0	0	0	0	0	0	0	0	0	0	178	2626	0	1138	0	0	0	0	0	0	0	0	0	0	0	0	0	0	0	0	0	0	0	0	0	0	0	0	0	0	0	0	0	0	0	0	0	0	0	0	0	0	0	0	0	0	
203556	Frontal_Inf_Orb_L	0	0	18556	0	12576	0	16078	0	13454	0	410	0	16712	0	0	0	0	0	1176	0	988	0	452	0	0	0	1292	0	15704	0	916	0	0	0	0	0	0	0	0	0	0	0	0	0	0	0	0	0	0	0	0	0	0	0	0	0	0	0	0	0	0	0	0	0	0	0	0	0	0	0	220	0	1728	0	0	0	0	0	0	0	0	0	1516	0	0	0	0	0	0	0	0	0	0	0	0	0	0	0	0	0	0	0	0	0	0	0	0	0	0	0	0	0	0	0	0	0	
152416	Frontal_Inf_Orb_R	0	0	0	10156	196	6508	0	9594	0	9312	0	452	0	8898	0	0	0	0	336	794	196	980	300	3098	0	178	254	1680	0	10960	0	284	0	690	0	0	0	0	0	0	0	0	0	0	0	0	0	0	0	0	0	0	0	0	0	532	0	0	0	0	0	0	0	0	0	0	0	0	0	0	276	3028	0	3990	0	0	0	0	0	0	0	0	0	1746	0	796	0	326	0	648	0	0	0	0	0	0	0	0	0	0	0	0	0	0	0	0	0	0	0	0	0	0	0	0	0	0	
249772	Rolandic_Oper_L	12186	0	7664	204	0	0	8560	0	0	0	13324	380	870	0	0	0	0	0	7710	558	0	0	626	0	0	0	0	0	24478	436	858	374	0	0	608	0	750	0	150	0	0	0	0	0	0	0	0	0	112	0	334	0	0	0	736	0	11058	0	0	0	1040	0	1282	0	728	0	280	0	0	0	314	520	1660	0	526	0	268	0	4242	0	12660	0	4888	0	2338	0	0	0	2164	0	0	0	0	0	0	0	0	0	0	0	0	0	0	0	0	0	0	0	0	0	0	0	0	0	0	0	
160800	Rolandic_Oper_R	0	2982	338	13446	0	0	0	5744	0	0	0	3318	0	190	0	0	0	0	944	8406	0	0	146	642	0	0	0	0	0	20502	462	1072	186	386	0	746	0	1232	0	292	0	0	0	0	0	646	0	0	0	876	0	0	0	0	0	286	0	3544	0	0	0	0	0	1576	0	0	0	1634	0	0	0	3760	0	2376	0	0	0	438	0	1570	0	2066	0	0	0	0	0	0	0	594	0	0	0	0	0	0	0	0	0	0	0	0	0	0	0	0	0	0	0	0	0	0	0	0	0	0	
806908	Supp_Motor_Area_L	5752	712	66182	30682	1364	0	11068	4260	0	0	6322	3108	6772	2384	1176	336	7710	944	0	57936	0	0	13104	12454	0	158	672	162	18224	4544	13096	19122	13966	30196	198	0	1116	224	160	0	0	0	0	0	0	0	0	0	130	0	0	0	0	0	0	0	3274	0	0	0	0	0	164	0	0	0	0	0	7098	422	17338	10772	18044	2920	4488	0	144	0	720	0	2374	0	942	0	176	0	0	0	344	0	0	0	0	0	0	0	0	0	0	0	0	0	0	0	0	0	0	0	0	0	0	0	0	0	0	0	
803100	Supp_Motor_Area_R	8354	2364	13250	64450	0	112	2298	5776	0	134	278	3554	336	2982	0	794	558	8406	57936	0	160	236	4918	19038	0	742	0	694	478	11738	7432	22964	13088	46784	950	3174	0	2000	0	462	0	0	0	0	0	214	0	0	0	286	0	0	0	0	0	508	1572	788	0	0	0	122	0	156	0	0	130	826	16748	8730	3814	26808	1598	20538	522	4380	116	6310	120	194	0	232	0	0	0	0	0	0	0	398	0	0	0	0	0	0	0	0	0	0	0	0	0	0	0	0	0	0	0	0	0	0	0	0	0	0	
88192	Olfactory_L	0	0	298	506	2184	844	186	0	0	0	0	0	114	0	988	196	0	0	0	160	0	7096	0	296	394	500	5386	2740	2514	0	2978	2106	0	0	0	0	0	0	548	0	234	0	0	0	0	0	0	0	0	0	0	0	0	0	0	0	0	0	0	0	0	0	0	0	0	0	0	0	0	0	7706	2586	3030	266	0	0	0	0	0	0	0	0	240	0	0	0	0	0	0	0	0	0	0	0	0	0	0	0	0	0	0	0	0	0	0	0	0	0	0	0	0	0	0	0	0	0	
93344	Olfactory_R	0	0	0	700	1318	1464	0	0	0	0	0	0	0	0	0	980	0	0	0	236	7096	0	0	434	0	828	4492	4018	0	1378	2788	3058	0	0	0	0	0	0	0	110	0	422	0	0	0	0	0	0	0	0	0	0	0	0	0	0	0	0	0	0	0	0	0	0	0	0	0	0	0	0	8412	4422	3670	846	0	0	0	0	0	0	0	0	0	0	0	0	0	0	0	0	0	0	0	0	0	0	0	0	0	0	0	0	0	0	0	0	0	0	0	0	0	0	0	0	0	0	
690772	Frontal_Sup_Medial_L	414	0	65346	14672	6430	270	20916	1030	0	0	6200	1298	6424	5930	452	300	626	146	13104	4918	0	0	0	36338	3302	3014	3744	232	8918	7194	51854	38490	11238	20318	0	0	140	0	0	0	0	0	0	0	0	0	0	0	0	0	0	0	0	0	0	0	0	0	0	0	0	0	0	0	0	0	0	0	0	0	2238	3724	4496	1354	0	148	0	0	0	0	0	0	168	0	0	0	0	0	0	0	0	0	0	0	0	0	0	0	0	0	0	0	0	0	0	0	0	0	0	0	0	0	0	0	0	0	
698944	Frontal_Sup_Medial_R	0	366	19488	65216	310	1522	5464	13412	0	272	762	3396	428	10606	0	3098	0	642	12454	19038	296	434	36338	0	210	5544	362	2170	960	13026	16644	52612	4658	28136	0	0	0	382	0	0	0	0	0	0	0	0	0	0	0	0	0	0	0	0	0	0	0	0	0	0	0	0	0	0	0	0	0	0	0	0	2328	19604	466	8196	0	318	0	314	0	0	0	0	0	0	0	0	0	0	0	0	0	0	0	0	0	0	0	0	0	0	0	0	0	0	0	0	0	0	0	0	0	0	0	0	0	0	
40584	Frontal_Med_Orb_L	0	0	2044	0	3598	0	0	0	130	0	0	0	0	0	0	0	0	0	0	0	394	0	3302	210	0	1262	2056	186	0	0	5906	480	0	0	0	0	0	0	0	0	0	0	0	0	0	0	0	0	0	0	0	0	0	0	0	0	0	0	0	0	0	0	0	0	0	0	0	0	0	0	448	0	276	0	0	0	0	0	0	0	0	0	0	0	0	0	0	0	0	0	0	0	0	0	0	0	0	0	0	0	0	0	0	0	0	0	0	0	0	0	0	0	0	0	0	0	
98308	Frontal_Med_Orb_R	0	0	1652	3510	300	6490	0	0	0	360	0	0	0	0	0	178	0	0	158	742	500	828	3014	5544	1262	0	632	7154	0	0	3212	7840	0	0	0	0	0	0	0	0	0	0	0	0	0	0	0	0	0	0	0	0	0	0	0	0	0	0	0	0	0	0	0	0	0	0	0	0	0	0	456	3026	398	1898	0	0	0	0	0	0	0	0	0	0	0	0	0	0	0	0	0	0	0	0	0	0	0	0	0	0	0	0	0	0	0	0	0	0	0	0	0	0	0	0	0	0	
139480	Rectus_L	0	0	6340	180	13534	308	1080	0	734	0	950	0	2334	0	1292	254	0	0	672	0	5386	4492	3744	362	2056	632	0	1880	4136	0	9180	1036	0	0	0	0	0	0	0	0	0	0	0	0	0	0	0	0	0	0	0	0	0	0	0	0	0	0	0	0	0	0	0	0	0	0	0	0	0	0	5654	1242	2262	0	0	0	0	0	0	0	0	0	0	0	0	0	0	0	0	0	0	0	0	0	0	0	0	0	0	0	0	0	0	0	0	0	0	0	0	0	0	0	0	0	0	0	
102120	Rectus_R	0	0	122	2850	740	9202	0	0	0	448	0	0	0	0	0	1680	0	0	162	694	2740	4018	232	2170	186	7154	1880	0	0	808	876	4844	0	0	0	0	0	0	0	0	0	0	0	0	0	0	0	0	0	0	0	0	0	0	0	0	0	0	0	0	0	0	0	0	0	0	0	0	0	0	3074	3740	1410	2030	0	0	0	0	0	0	0	0	0	0	0	0	0	0	0	0	0	0	0	0	0	0	0	0	0	0	0	0	0	0	0	0	0	0	0	0	0	0	0	0	0	0	
678012	Insula_L	8650	0	49580	678	10952	0	32452	0	408	0	23180	2220	33696	144	15704	0	24478	0	18224	478	2514	0	8918	960	0	0	4136	0	0	2542	11254	2038	348	538	996	486	6796	118	1230	0	1280	0	0	0	0	0	0	0	190	0	270	0	0	0	948	0	7062	0	0	0	612	0	608	0	204	0	140	0	0	0	4526	3866	18468	0	184	0	1638	0	6348	0	13684	0	6432	0	4642	0	0	0	4186	0	0	0	0	0	0	0	0	0	0	0	0	0	0	0	0	0	0	0	0	0	0	0	0	0	0	0	
598456	Insula_R	2448	1514	5504	30224	162	1508	3284	13172	0	1114	5854	29272	4162	28350	0	10960	436	20502	4544	11738	0	1378	7194	13026	0	0	0	808	2542	0	6496	13664	1928	9668	0	132	0	3534	0	1402	0	494	0	0	0	202	0	0	0	282	0	0	0	0	0	1838	482	450	0	0	0	0	0	0	0	0	0	458	0	0	3302	25678	474	19736	0	0	0	1012	0	1868	0	2782	0	702	0	470	0	0	0	2478	0	0	0	0	0	0	0	0	0	0	0	0	0	0	0	0	0	0	0	0	0	0	0	0	0	0	
693492	Cingulum_Ant_L	736	0	46258	13064	9596	458	15326	948	0	0	6074	3524	5922	2570	916	0	858	462	13096	7432	2978	2788	51854	16644	5906	3212	9180	876	11254	6496	0	49344	10182	11576	0	0	170	246	0	0	0	0	0	0	0	0	0	0	0	0	0	0	0	0	0	0	0	0	0	0	0	0	0	0	0	0	0	0	0	0	9450	10978	12770	2832	0	396	0	0	0	0	144	0	230	0	0	0	0	0	0	0	0	0	0	0	0	0	0	0	0	0	0	0	0	0	0	0	0	0	0	0	0	0	0	0	0	0	
872864	Cingulum_Ant_R	416	634	28650	48826	370	2534	8808	4054	0	168	2352	7106	1492	7056	0	284	374	1072	19122	22964	2106	3058	38490	52612	480	7840	1036	4844	2038	13664	49344	0	10320	30258	0	0	0	346	0	0	0	0	0	0	0	0	0	0	0	0	0	0	0	0	0	0	0	0	0	0	0	0	0	0	0	0	0	0	0	0	7080	37204	4782	12776	0	1508	0	364	0	0	0	0	0	0	0	0	0	0	0	0	0	0	0	0	0	0	0	0	0	0	0	0	0	0	0	0	0	0	0	0	0	0	0	0	0	0	
278740	Cingulum_Mid_L	656	0	8544	4456	186	0	4516	496	0	0	0	112	0	1708	0	0	0	186	13966	13088	0	0	11238	4658	0	0	0	0	348	1928	10182	10320	0	23550	3408	1770	0	0	0	0	0	0	528	0	3898	228	144	0	3062	210	1398	0	0	0	0	0	296	0	0	0	144	0	0	0	372	0	3330	588	7380	1952	0	140	0	0	0	0	0	0	0	0	0	0	0	0	246	0	0	0	0	138	0	0	0	0	0	0	0	0	0	0	0	0	0	0	0	0	0	0	0	0	0	0	0	0	0	0	
594244	Cingulum_Mid_R	3338	0	12150	24818	206	0	5886	3048	0	0	188	2380	284	9542	0	690	0	386	30196	46784	0	0	20318	28136	0	0	0	0	538	9668	11576	30258	23550	0	1048	3670	0	0	0	0	0	0	0	874	0	2492	0	0	0	1438	0	320	0	0	0	0	0	354	0	0	0	0	0	0	0	0	1316	5842	8740	5948	0	1002	0	138	0	0	0	0	0	0	0	0	0	0	0	0	0	0	0	0	0	0	0	0	0	0	0	0	0	0	0	0	0	0	0	0	0	0	0	0	0	0	0	0	0	0	
123736	Cingulum_Post_L	2338	0	270	110	0	0	0	0	0	0	0	0	0	0	0	0	608	0	198	950	0	0	0	0	0	0	0	0	996	0	0	0	3408	1048	0	14032	5700	2662	1420	1734	0	0	804	0	1328	272	812	0	774	732	552	192	0	428	220	948	2684	270	0	236	0	0	404	0	0	0	3040	1544	3366	970	0	0	218	0	0	0	1632	288	298	0	568	0	0	0	0	188	0	0	276	3350	0	0	0	0	0	0	0	0	0	0	0	0	0	0	0	0	0	0	0	0	0	0	0	0	0	0	
200076	Cingulum_Post_R	2238	170	228	206	0	0	0	0	0	0	0	0	0	0	0	0	0	746	0	3174	0	0	0	0	0	0	0	0	486	132	0	0	1770	3670	14032	0	5248	5738	754	3378	0	0	0	374	0	5632	0	672	0	6920	0	852	0	1026	0	2712	1276	1212	0	562	0	738	0	1500	0	116	2210	14372	2102	2806	0	0	248	118	118	0	3002	1558	284	0	128	342	0	0	0	648	0	0	142	6398	0	0	0	0	0	0	0	0	0	0	0	0	0	0	0	0	0	0	0	0	0	0	0	0	0	0	
151816	Hippocampus_L	2658	0	1058	0	0	0	358	0	0	0	384	0	0	0	0	0	750	0	1116	0	0	0	140	0	0	0	0	0	6796	0	170	0	0	0	5700	5248	0	2736	6794	186	4858	0	754	0	0	0	848	370	0	0	0	0	0	0	4562	0	968	0	0	0	0	0	0	0	0	0	1628	546	536	0	510	248	4294	0	154	0	6464	754	1300	0	1752	0	892	0	2344	0	334	0	7562	0	0	0	0	0	0	136	0	0	0	0	0	0	0	0	0	0	0	0	0	0	0	0	0	0	0	0	
192952	Hippocampus_R	966	2752	284	5390	0	0	0	806	0	0	0	570	0	0	0	0	0	1232	224	2000	0	0	0	382	0	0	0	0	118	3534	246	346	0	0	2662	5738	2736	0	422	12110	0	4116	0	112	0	234	0	1144	0	382	0	0	0	296	0	17750	226	412	0	0	0	0	0	596	0	0	162	2740	938	0	0	708	0	9052	0	236	2188	4360	0	214	0	766	0	204	0	386	0	0	0	6736	0	0	0	0	0	0	0	0	0	0	0	0	0	0	0	0	0	0	0	0	0	0	0	0	0	0	
44008	ParaHippocampal_L	0	0	162	0	0	0	0	0	0	0	0	0	0	0	0	0	150	0	160	0	548	0	0	0	0	0	0	0	1230	0	0	0	0	0	1420	754	6794	422	0	0	1824	0	332	0	0	0	916	138	0	0	0	0	0	0	2700	0	0	0	0	0	0	0	0	0	0	0	1232	0	0	0	0	0	524	0	0	0	200	0	0	0	126	0	472	0	116	0	388	0	1098	0	0	0	0	0	0	188	0	0	0	0	0	0	0	0	0	0	0	0	0	110	0	0	0	0	0	0	
106052	ParaHippocampal_R	936	622	0	582	0	0	0	0	0	0	0	0	0	0	0	0	0	292	0	462	0	110	0	0	0	0	0	0	0	1402	0	0	0	0	1734	3378	186	12110	0	0	0	3534	0	380	0	294	0	1624	0	382	0	0	0	760	0	12136	368	0	0	0	0	0	0	0	0	0	110	1988	1102	0	0	0	0	1352	126	178	296	714	0	200	0	110	0	854	0	0	0	312	0	4392	0	0	0	0	0	0	0	0	0	0	0	0	0	0	0	0	0	0	0	0	0	0	0	0	0	0	
29056	Amygdala_L	0	0	0	0	0	0	0	0	0	0	0	0	0	0	0	0	0	0	0	0	234	0	0	0	0	0	0	0	1280	0	0	0	0	0	0	0	4858	0	1824	0	0	0	0	0	0	0	0	0	0	0	0	0	0	0	2900	0	0	0	0	0	0	0	0	0	0	0	0	0	0	0	0	0	602	0	0	0	836	0	0	0	0	0	662	0	272	0	394	0	666	0	0	0	0	0	0	0	0	0	0	0	0	0	0	0	0	0	0	0	0	0	0	0	0	0	0	0	
32544	Amygdala_R	0	0	0	0	0	0	0	0	0	0	0	0	0	0	0	0	0	0	0	0	0	422	0	0	0	0	0	0	0	494	0	0	0	0	0	0	0	4116	0	3534	0	0	0	0	0	0	0	0	0	0	0	0	0	0	0	4710	0	0	0	0	0	0	0	0	0	0	0	0	0	0	0	0	0	754	0	0	0	588	0	0	0	0	0	746	0	0	0	154	0	754	0	0	0	0	0	0	0	0	0	0	0	0	0	0	0	0	0	0	0	0	0	0	0	0	0	0	
145680	Calcarine_L	0	0	0	0	0	0	0	0	0	0	0	0	0	0	0	0	0	0	0	0	0	0	0	0	0	0	0	0	0	0	0	0	528	0	804	0	754	0	332	0	0	0	0	3908	9508	2754	7652	1262	6890	1182	14826	190	4200	0	3708	166	0	0	0	0	0	0	0	0	128	0	11004	0	0	0	0	0	0	0	0	0	0	0	0	0	0	0	0	0	2370	0	0	0	550	0	0	0	0	0	0	0	0	0	124	0	0	0	0	0	0	0	0	0	0	0	0	0	0	0	0	0	
177400	Calcarine_R	0	0	0	0	0	0	0	0	0	0	0	0	0	0	0	0	0	0	0	0	0	0	0	0	0	0	0	0	0	0	0	0	0	874	0	374	0	112	0	380	0	0	3908	0	4344	18096	2024	10254	216	17830	144	6674	0	3348	0	4272	0	936	0	0	0	0	0	0	0	0	174	8770	0	984	0	0	0	0	0	0	0	0	0	0	0	0	0	0	0	3194	0	0	0	1792	0	0	0	0	0	0	0	0	0	0	0	0	0	0	0	0	0	0	0	0	0	0	0	0	0	0	
162164	Cuneus_L	144	0	0	0	0	0	0	0	0	0	0	0	0	0	0	0	0	0	0	0	0	0	0	0	0	0	0	0	0	0	0	0	3898	0	1328	0	0	0	0	0	0	0	9508	4344	0	8262	2216	0	19274	3120	10986	232	660	0	430	0	496	0	330	0	282	0	0	0	448	0	7890	376	1478	0	0	0	0	0	0	0	0	0	126	0	0	0	0	0	4268	0	0	0	986	0	0	0	0	0	0	0	0	0	0	0	0	0	0	0	0	0	0	0	0	0	0	0	0	0	0	0	
306612	Cuneus_R	0	0	0	0	0	0	0	0	0	0	0	0	0	0	0	0	0	646	0	214	0	0	0	0	0	0	0	0	0	202	0	0	228	2492	272	5632	0	234	0	294	0	0	2754	18096	8262	0	754	3624	344	43180	0	11642	0	1332	0	1348	0	1636	0	2620	0	150	0	158	0	702	6716	30830	116	1534	0	0	0	0	0	0	0	0	0	0	0	1030	0	0	0	3970	0	0	0	2294	0	0	0	0	0	0	0	0	0	0	0	0	0	0	0	0	0	0	0	0	0	0	0	0	0	0	
209464	Lingual_L	0	0	0	0	0	0	0	0	0	0	0	0	0	0	0	0	0	0	0	0	0	0	0	0	0	0	0	0	0	0	0	0	144	0	812	0	848	0	916	0	0	0	7652	2024	2216	754	0	2536	3996	912	15768	236	4814	0	12350	640	0	0	0	0	0	0	0	0	0	0	4078	0	0	0	0	0	0	0	0	0	0	0	0	0	0	0	0	0	236	0	0	0	332	0	7852	846	1404	186	0	0	11472	1352	13906	1618	130	0	246	148	0	0	0	0	0	0	2588	1130	590	0	0	0	
188032	Lingual_R	0	0	0	0	0	0	0	0	0	0	0	0	0	0	0	0	0	0	0	0	0	0	0	0	0	0	0	0	0	0	0	0	0	0	0	672	370	1144	138	1624	0	0	1262	10254	0	3624	2536	0	0	4676	0	2044	0	1686	654	12750	0	0	0	0	0	0	0	0	0	0	0	2866	0	0	0	0	0	0	0	0	0	186	0	0	0	0	0	0	0	410	0	0	0	148	2018	7796	552	1114	114	268	1822	4278	3530	10912	0	0	146	0	372	0	0	0	0	0	4700	7020	2330	0	0	0	
201964	Occipital_Sup_L	252	0	0	0	0	0	0	0	0	0	0	0	0	0	0	0	112	0	130	0	0	0	0	0	0	0	0	0	190	0	0	0	3062	0	774	0	0	0	0	0	0	0	6890	216	19274	344	3996	0	0	0	28944	0	1126	0	322	0	878	0	6176	0	1018	0	0	0	1436	0	12124	0	1566	0	0	0	0	0	0	0	0	0	346	0	0	0	0	0	9584	0	0	0	2222	0	0	0	0	0	0	0	0	0	0	0	0	0	0	0	0	0	0	0	0	0	0	0	0	0	0	0	
410376	Occipital_Sup_R	164	228	0	0	0	0	0	0	0	0	0	0	0	0	0	0	0	876	0	286	0	0	0	0	0	0	0	0	0	282	0	0	210	1438	732	6920	0	382	0	382	0	0	1182	17830	3120	43180	912	4676	0	0	0	24234	0	2838	0	2626	0	2366	0	7906	0	2028	0	418	0	6132	11164	40542	166	1472	0	0	0	0	0	0	0	0	0	112	0	1878	0	0	0	13578	0	0	0	4928	0	0	0	0	0	0	0	0	0	0	0	0	0	0	0	0	0	0	0	0	0	0	0	0	0	0	
338828	Occipital_Mid_L	498	0	0	0	0	0	0	0	0	0	0	0	0	0	0	0	334	0	0	0	0	0	0	0	0	0	0	0	270	0	0	0	1398	0	552	0	0	0	0	0	0	0	14826	144	10986	0	15768	0	28944	0	0	0	17292	0	5632	0	1096	0	12370	0	9152	0	110	0	13210	0	13872	0	876	0	0	0	0	0	0	0	0	0	590	0	252	0	0	0	18124	0	0	0	3118	0	0	0	0	0	0	0	0	0	0	0	0	0	0	0	0	0	0	0	0	0	0	0	0	0	0	0	
196168	Occipital_Mid_R	0	128	0	0	0	0	0	0	0	0	0	0	0	0	0	0	0	0	0	0	0	0	0	0	0	0	0	0	0	0	0	0	0	320	192	852	0	0	0	0	0	0	190	6674	232	11642	236	2044	0	24234	0	0	0	4428	0	1562	0	446	0	2522	0	2660	0	0	0	10656	1490	8416	0	486	0	0	0	0	0	0	0	0	0	0	0	190	0	0	0	13330	0	0	0	5154	0	0	0	0	0	0	0	0	0	0	0	0	0	0	0	0	0	0	0	0	0	0	0	0	0	0	
77132	Occipital_Inf_L	0	0	0	0	0	0	0	0	0	0	0	0	0	0	0	0	0	0	0	0	0	0	0	0	0	0	0	0	0	0	0	0	0	0	0	0	0	0	0	0	0	0	4200	0	660	0	4814	0	1126	0	17292	0	0	0	4278	0	0	0	0	0	0	0	0	0	668	0	300	0	0	0	0	0	0	0	0	0	0	0	0	0	0	0	0	0	2680	0	0	0	1598	0	172	0	0	0	0	0	220	0	558	0	0	0	0	0	0	0	0	0	0	0	0	0	0	0	0	0	
67440	Occipital_Inf_R	0	508	0	0	0	0	0	0	0	0	0	0	0	0	0	0	0	0	0	0	0	0	0	0	0	0	0	0	0	0	0	0	0	0	428	1026	0	296	0	760	0	0	0	3348	0	1332	0	1686	0	2838	0	4428	0	0	0	4232	0	110	0	0	0	0	0	0	0	0	146	3540	110	320	0	0	0	0	0	0	0	0	0	0	0	0	0	0	0	2702	0	0	0	5552	0	150	0	0	0	0	0	0	0	208	0	0	0	0	0	0	0	0	0	0	0	0	0	0	0	0	
222524	Fusiform_L	626	0	0	0	0	0	0	0	0	0	0	0	0	0	0	0	736	0	0	0	0	0	0	0	0	0	0	0	948	0	0	0	0	0	220	0	4562	0	2700	0	2900	0	3708	0	430	0	12350	654	322	0	5632	0	4278	0	0	494	776	0	0	0	1350	0	544	0	1688	0	5008	0	0	0	0	0	0	0	0	0	224	0	1028	0	1858	0	1098	0	2806	0	1062	0	13372	0	11794	172	852	0	0	0	8010	0	16278	612	308	0	280	0	0	0	0	0	0	0	756	826	0	0	0	0	
257416	Fusiform_R	594	608	0	670	0	0	0	0	0	0	0	0	0	0	0	532	0	286	0	508	0	0	0	0	0	0	0	0	0	1838	0	0	0	0	948	2712	0	17750	0	12136	0	4710	166	4272	0	1348	640	12750	0	2626	0	1562	0	4232	494	0	192	124	0	0	0	0	0	0	0	0	140	3648	704	130	0	0	0	2400	0	0	114	612	0	214	0	1144	0	3592	0	1102	0	1550	0	11240	474	7310	0	214	0	0	924	4782	1042	9486	0	0	0	0	288	0	0	0	0	0	3660	2008	232	0	0	0	
265448	Postcentral_L	31388	336	2432	876	0	0	840	0	0	0	3984	472	1558	0	0	0	11058	0	3274	1572	0	0	0	0	0	0	0	0	7062	482	0	0	296	0	2684	1276	968	226	0	368	0	0	0	0	496	0	0	0	878	0	1096	0	0	0	776	192	0	0	5596	0	15240	0	5450	0	406	0	3250	0	3934	0	220	662	2440	0	1444	0	1300	0	7612	0	2508	0	0	0	3458	0	0	0	3458	1156	0	0	0	0	0	0	0	0	0	0	0	0	0	0	0	0	0	0	0	0	0	0	0	0	0	0	
105392	Postcentral_R	120	7674	0	684	0	0	0	940	0	0	0	188	0	0	0	0	0	3544	0	788	0	0	0	0	0	0	0	0	0	450	0	0	0	354	270	1212	0	412	0	0	0	0	0	936	0	1636	0	0	0	2366	0	446	0	110	0	124	0	0	0	4366	0	4548	0	9390	0	544	278	4946	282	4580	0	0	0	306	0	0	0	0	0	0	0	210	0	0	0	382	0	0	0	610	0	0	0	0	0	0	0	0	0	0	0	0	0	0	0	0	0	0	0	0	0	0	0	0	0	0	
112772	Parietal_Sup_L	0	0	0	0	0	0	0	0	0	0	0	0	0	0	0	0	0	0	0	0	0	0	0	0	0	0	0	0	0	0	0	0	0	0	0	0	0	0	0	0	0	0	0	0	330	0	0	0	6176	0	12370	0	0	0	0	0	5596	0	0	0	13572	0	0	0	4992	0	12396	0	954	0	0	0	0	0	0	0	0	0	0	0	0	0	0	0	0	0	0	0	0	0	0	0	0	0	0	0	0	0	0	0	0	0	0	0	0	0	0	0	0	0	0	0	0	0	0	0	
94920	Parietal_Sup_R	0	588	0	0	0	0	0	0	0	0	0	0	0	0	0	0	0	0	0	0	0	0	0	0	0	0	0	0	0	0	0	0	0	0	236	562	0	0	0	0	0	0	0	0	0	2620	0	0	0	7906	0	2522	0	0	0	0	0	4366	0	0	0	8450	0	4972	0	5586	1032	6376	0	144	0	0	0	0	0	0	0	0	0	0	0	0	0	0	0	762	0	0	0	1338	0	0	0	0	0	0	0	0	0	0	0	0	0	0	0	0	0	0	0	0	0	0	0	0	0	0	
178752	Parietal_Inf_L	932	0	148	0	0	0	0	0	0	0	0	0	0	0	0	0	1040	0	0	0	0	0	0	0	0	0	0	0	612	0	0	0	144	0	0	0	0	0	0	0	0	0	0	0	282	0	0	0	1018	0	9152	0	0	0	1350	0	15240	0	13572	0	0	0	13790	0	16134	0	3014	0	942	0	0	0	0	0	0	0	0	0	306	0	4352	0	0	0	4264	0	0	0	3084	0	0	0	0	0	0	0	0	0	0	0	0	0	0	0	0	0	0	0	0	0	0	0	0	0	0	0	
89692	Parietal_Inf_R	0	1132	0	0	0	0	0	0	0	0	0	0	0	0	0	0	0	0	0	122	0	0	0	0	0	0	0	0	0	0	0	0	0	0	0	738	0	0	0	0	0	0	0	0	0	150	0	0	0	2028	0	2660	0	0	0	0	0	4548	0	8450	0	0	0	11700	0	8680	502	1726	0	0	0	0	0	0	0	0	0	0	0	0	0	0	0	0	0	608	0	0	0	1802	0	0	0	0	0	0	0	0	0	0	0	0	0	0	0	0	0	0	0	0	0	0	0	0	0	0	
72364	SupraMarginal_L	120	0	204	0	0	0	0	0	0	0	0	0	0	0	0	0	1282	0	164	0	0	0	0	0	0	0	0	0	608	0	0	0	0	0	404	0	0	0	0	0	0	0	0	0	0	0	0	0	0	0	110	0	0	0	544	0	5450	0	0	0	13790	0	0	0	2476	0	0	0	0	0	0	0	0	0	0	0	0	0	0	0	7334	0	0	0	2950	0	0	0	746	0	0	0	0	0	0	0	0	0	0	0	0	0	0	0	0	0	0	0	0	0	0	0	0	0	0	0	
90304	SupraMarginal_R	0	3084	0	0	0	0	0	0	0	0	0	0	0	0	0	0	0	1576	0	156	0	0	0	0	0	0	0	0	0	0	0	0	0	0	0	1500	0	596	0	0	0	0	0	0	0	158	0	0	0	418	0	0	0	0	0	0	0	9390	0	4972	0	11700	0	0	0	4088	134	918	0	884	0	0	0	0	0	0	0	0	0	0	0	2650	0	0	0	746	0	0	0	2182	0	0	0	0	0	0	0	0	0	0	0	0	0	0	0	0	0	0	0	0	0	0	0	0	0	0	
116428	Angular_L	156	0	0	0	0	0	0	0	0	0	0	0	0	0	0	0	728	0	0	0	0	0	0	0	0	0	0	0	204	0	0	0	372	0	0	0	0	0	0	0	0	0	128	0	448	0	0	0	1436	0	13210	0	668	0	1688	0	406	0	4992	0	16134	0	2476	0	0	0	1826	0	292	0	0	0	0	0	0	0	0	0	304	0	2704	0	0	0	5960	0	0	0	4082	0	0	0	0	0	0	0	0	0	0	0	0	0	0	0	0	0	0	0	0	0	0	0	0	0	0	0	
90676	Angular_R	0	674	0	0	0	0	0	0	0	0	0	0	0	0	0	0	0	0	0	0	0	0	0	0	0	0	0	0	0	0	0	0	0	0	0	116	0	0	0	0	0	0	0	0	0	702	0	0	0	6132	0	10656	0	0	0	0	0	544	0	5586	0	8680	0	4088	0	0	616	2106	0	578	0	0	0	0	0	0	0	0	0	0	0	1380	0	0	0	1756	0	0	0	1724	0	0	0	0	0	0	0	0	0	0	0	0	0	0	0	0	0	0	0	0	0	0	0	0	0	0	
284052	Precuneus_L	166	0	0	0	0	0	0	0	0	0	0	0	0	0	0	0	280	0	0	130	0	0	0	0	0	0	0	0	140	0	0	0	3330	1316	3040	2210	1628	162	1232	110	0	0	11004	174	7890	6716	4078	0	12124	11164	13872	1490	300	146	5008	140	3250	278	12396	1032	3014	502	0	134	1826	616	0	17386	2426	294	0	0	0	0	0	0	0	0	180	0	216	544	0	0	3034	4660	0	0	896	1348	0	0	0	0	0	0	0	0	144	0	0	0	0	0	0	0	0	0	0	0	0	0	0	0	0	0	
384728	Precuneus_R	286	246	0	0	0	0	0	0	0	0	0	0	0	0	0	0	0	1634	0	826	0	0	0	0	0	0	0	0	0	458	0	0	588	5842	1544	14372	546	2740	0	1988	0	0	0	8770	376	30830	0	2866	0	40542	0	8416	0	3540	0	3648	0	4946	0	6376	0	1726	0	918	0	2106	17386	0	442	3750	0	0	0	0	0	0	0	154	0	152	0	2466	0	0	0	12676	0	0	0	9208	0	0	0	0	0	0	0	0	0	0	0	0	0	0	0	0	0	0	0	0	0	0	0	0	0	0	
213100	Paracentral_Lobule_L	20900	500	2418	420	0	0	0	0	0	0	0	0	0	0	0	0	0	0	7098	16748	0	0	0	0	0	0	0	0	0	0	0	0	7380	8740	3366	2102	536	938	0	1102	0	0	0	0	1478	116	0	0	1566	166	876	0	0	110	0	704	3934	282	954	0	942	0	0	0	292	0	2426	442	0	4690	1898	196	150	0	1666	0	9248	424	0	130	0	360	0	0	0	110	0	0	0	1142	0	0	0	0	0	0	0	0	0	0	0	0	0	0	0	0	0	0	0	0	0	0	0	0	0	0	
98136	Paracentral_Lobule_R	1738	4336	0	0	0	0	0	0	0	0	0	0	0	0	0	0	0	0	422	8730	0	0	0	0	0	0	0	0	0	0	0	0	1952	5948	970	2806	0	0	0	0	0	0	0	984	0	1534	0	0	0	1472	0	486	0	320	0	130	0	4580	0	144	0	0	0	884	0	578	294	3750	4690	0	0	150	0	0	0	0	0	216	0	0	0	376	0	0	0	746	0	0	0	832	0	0	0	0	0	0	0	0	0	0	0	0	0	0	0	0	0	0	0	0	0	0	0	0	0	0	
337504	Caudate_L	984	962	13928	4666	2382	948	2234	922	0	0	4328	3020	3064	178	220	276	314	0	17338	3814	7706	8412	2238	2328	448	456	5654	3074	4526	3302	9450	7080	0	0	0	0	510	0	0	0	0	0	0	0	0	0	0	0	0	0	0	0	0	0	0	0	220	0	0	0	0	0	0	0	0	0	0	0	1898	0	0	19092	21570	558	4016	138	5238	906	0	0	146	0	208	0	0	0	0	0	0	0	0	0	0	0	0	0	0	0	0	0	0	0	0	0	0	0	0	0	0	0	0	0	0	0	0	0	
642788	Caudate_R	2606	1582	9232	33868	706	1970	2796	3148	0	342	7364	16664	4980	2626	0	3028	520	3760	10772	26808	2586	4422	3724	19604	0	3026	1242	3740	3866	25678	10978	37204	140	1002	0	0	248	708	0	0	0	0	0	0	0	0	0	0	0	0	0	0	0	0	0	0	662	0	0	0	0	0	0	0	0	0	0	0	196	150	19092	0	6350	24306	198	4062	792	14512	0	0	134	0	0	0	0	0	0	0	0	0	0	0	0	0	0	0	0	0	0	0	0	0	0	0	0	0	0	0	0	0	0	0	0	0	0	0	
306052	Putamen_L	4016	296	12904	1050	2876	626	2812	0	298	0	2106	440	1660	0	1728	0	1660	0	18044	1598	3030	3670	4496	466	276	398	2262	1410	18468	474	12770	4782	0	0	218	248	4294	0	524	0	602	0	0	0	0	0	0	0	0	0	0	0	0	0	0	0	2440	0	0	0	0	0	0	0	0	0	0	0	150	0	21570	6350	0	374	6882	112	2146	124	164	0	1224	0	346	0	118	0	0	0	524	0	0	0	0	0	0	0	0	0	0	0	0	0	0	0	0	0	0	0	0	0	0	0	0	0	0	0	
323592	Putamen_R	0	866	1304	22802	0	1340	120	3998	0	1118	0	3566	0	1138	0	3990	0	2376	2920	20538	266	846	1354	8196	0	1898	0	2030	0	19736	2832	12776	0	138	0	118	0	9052	0	1352	0	754	0	0	0	0	0	0	0	0	0	0	0	0	0	2400	0	306	0	0	0	0	0	0	0	0	0	0	0	0	558	24306	374	0	0	4234	164	1182	0	0	0	130	0	176	0	0	0	0	0	542	0	0	0	0	0	0	0	0	0	0	0	0	0	0	0	0	0	0	0	0	0	0	0	0	0	0	
66332	Pallidum_L	3464	118	4612	324	0	0	328	0	0	0	202	0	0	0	0	0	526	0	4488	522	0	0	0	0	0	0	0	0	184	0	0	0	0	0	0	118	154	0	0	126	0	0	0	0	0	0	0	0	0	0	0	0	0	0	0	0	1444	0	0	0	0	0	0	0	0	0	0	0	1666	0	4016	198	6882	0	0	0	3678	0	0	0	0	0	0	0	0	0	0	0	0	116	0	0	0	0	0	0	0	0	0	0	0	0	0	0	0	0	0	0	0	0	0	0	0	0	0	0	
34460	Pallidum_R	0	0	136	1128	0	0	0	138	0	0	0	0	0	0	0	0	0	0	0	4380	0	0	148	318	0	0	0	0	0	0	396	1508	0	0	0	0	0	236	0	178	0	0	0	0	0	0	0	0	0	0	0	0	0	0	0	0	0	0	0	0	0	0	0	0	0	0	0	0	0	0	138	4062	112	4234	0	0	0	118	0	0	0	0	0	0	0	0	0	0	0	0	0	0	0	0	0	0	0	0	0	0	0	0	0	0	0	0	0	0	0	0	0	0	0	0	0	0	
109524	Thalamus_L	7950	258	1094	340	0	0	272	0	0	0	0	0	0	0	0	0	268	0	144	116	0	0	0	0	0	0	0	0	1638	0	0	0	0	0	1632	3002	6464	2188	200	296	836	0	0	0	0	0	0	0	0	0	0	0	0	0	224	114	1300	0	0	0	0	0	0	0	0	0	0	0	9248	0	5238	792	2146	164	3678	0	0	2668	180	0	218	0	0	0	908	0	0	0	1032	154	0	0	0	0	0	0	0	0	0	0	0	0	0	0	0	0	0	0	0	0	0	0	0	0	0	0	
103868	Thalamus_R	386	3010	0	9204	0	0	0	1196	0	0	0	188	0	0	0	0	0	438	0	6310	0	0	0	314	0	0	0	0	0	1012	0	364	0	0	288	1558	754	4360	0	714	0	588	0	0	0	0	0	186	0	0	0	0	0	0	0	612	0	0	0	0	0	0	0	0	0	0	0	154	424	216	906	14512	124	1182	0	118	2668	0	0	0	0	0	0	0	0	0	0	0	0	148	0	0	0	0	0	0	0	0	0	0	0	0	0	0	0	0	0	0	0	0	0	0	0	0	0	0	
86040	Heschl_L	5958	0	494	0	0	0	116	0	0	0	310	0	112	0	0	0	4242	0	720	120	0	0	0	0	0	0	0	0	6348	0	0	0	0	0	298	284	1300	0	0	0	0	0	0	0	126	0	0	0	346	0	590	0	0	0	1028	0	7612	0	0	0	306	0	0	0	304	0	180	0	0	0	0	0	164	0	0	0	180	0	0	0	2476	0	0	0	4624	0	0	0	4782	0	0	0	0	0	0	0	0	0	0	0	0	0	0	0	0	0	0	0	0	0	0	0	0	0	0	0	
14792	Heschl_R	130	0	0	202	0	0	0	0	0	0	0	0	0	0	0	0	0	1570	0	194	0	0	0	0	0	0	0	0	0	1868	0	0	0	0	0	0	0	214	0	200	0	0	0	0	0	0	0	0	0	112	0	0	0	0	0	214	0	0	0	0	0	0	0	0	0	0	0	152	130	0	0	0	0	0	0	0	0	0	0	0	0	1876	0	0	0	130	0	0	0	404	0	0	0	0	0	0	0	0	0	0	0	0	0	0	0	0	0	0	0	0	0	0	0	0	0	0	
236228	Temporal_Sup_L	3282	0	2610	0	0	0	3554	0	0	0	5112	0	286	0	0	0	12660	0	2374	0	0	0	0	0	0	0	0	0	13684	0	144	0	0	0	568	128	1752	0	126	0	0	0	0	0	0	0	0	0	0	0	252	0	0	0	1858	0	2508	0	0	0	4352	0	7334	0	2704	0	216	0	0	0	146	134	1224	0	0	0	218	0	2476	0	0	0	8786	0	26594	0	274	0	12758	0	0	0	0	0	0	0	0	0	0	0	0	0	0	0	0	0	0	0	0	0	0	0	0	0	0	0	
78700	Temporal_Sup_R	326	548	0	234	0	0	0	0	0	0	0	0	0	0	0	0	0	2066	0	232	0	0	0	0	0	0	0	0	0	2782	0	0	0	0	0	342	0	766	0	110	0	0	0	0	0	1030	0	0	0	1878	0	190	0	0	0	1144	0	210	0	0	0	0	0	2650	0	1380	544	2466	360	376	0	0	0	130	0	0	0	0	0	1876	0	0	0	1520	0	10166	0	168	0	5856	0	0	0	0	0	0	0	0	0	0	0	0	0	0	0	0	0	0	0	0	0	0	0	0	0	0	
119132	Temporal_Pole_Sup_L	964	0	1866	0	276	0	2186	0	150	0	3640	0	508	0	1516	0	4888	0	942	0	240	0	168	0	0	0	0	0	6432	0	230	0	0	0	0	0	892	0	472	0	662	0	0	0	0	0	0	0	0	0	0	0	0	0	1098	0	0	0	0	0	0	0	0	0	0	0	0	0	0	0	208	0	346	0	0	0	0	0	0	0	8786	0	0	0	9792	0	6396	0	6908	0	0	0	0	0	0	0	0	0	0	0	0	0	0	0	0	0	0	0	0	0	0	0	0	0	0	0	
34412	Temporal_Pole_Sup_R	0	0	0	0	0	0	0	0	0	0	0	0	0	0	0	1746	0	0	0	0	0	0	0	0	0	0	0	0	0	702	0	0	0	0	0	0	0	204	0	854	0	746	0	0	0	0	0	0	0	0	0	0	0	0	0	3592	0	0	0	0	0	0	0	0	0	0	0	0	0	0	0	0	0	176	0	0	0	0	0	0	0	1520	0	0	0	2504	0	1836	0	3326	0	0	0	0	0	0	0	0	0	0	0	0	0	0	0	0	0	0	0	0	0	0	0	0	0	0	
308772	Temporal_Mid_L	2746	0	372	0	0	0	128	0	0	0	336	0	0	0	0	0	2338	0	176	0	0	0	0	0	0	0	0	0	4642	0	0	0	246	0	0	0	2344	0	116	0	272	0	2370	0	4268	0	236	0	9584	0	18124	0	2680	0	2806	0	3458	0	0	0	4264	0	2950	0	5960	0	3034	0	0	0	0	0	118	0	0	0	908	0	4624	0	26594	0	9792	0	0	0	6740	0	32160	0	0	0	0	0	0	0	0	0	0	0	0	0	0	0	0	0	0	0	0	0	0	0	0	0	0	0	
201016	Temporal_Mid_R	0	1176	0	0	0	0	0	0	0	0	0	0	0	0	0	796	0	0	0	0	0	0	0	0	0	0	0	0	0	470	0	0	0	0	188	648	0	386	0	0	0	0	0	3194	0	3970	0	410	0	13578	0	13330	0	2702	0	1102	0	382	0	762	0	608	0	746	0	1756	4660	12676	110	746	0	0	0	0	0	0	0	0	0	130	0	10166	0	2504	0	0	0	890	0	22422	0	0	0	0	0	0	0	0	0	0	0	0	0	0	0	0	0	0	0	0	0	0	0	0	0	0	
39696	Temporal_Pole_Mid_L	0	0	0	0	0	0	0	0	0	0	0	0	0	0	0	0	0	0	0	0	0	0	0	0	0	0	0	0	0	0	0	0	0	0	0	0	334	0	388	0	394	0	0	0	0	0	0	0	0	0	0	0	0	0	1062	0	0	0	0	0	0	0	0	0	0	0	0	0	0	0	0	0	0	0	0	0	0	0	0	0	274	0	6396	0	6740	0	0	0	4260	0	0	0	0	0	0	0	0	0	0	0	0	0	0	0	0	0	0	0	0	0	0	0	0	0	0	0	
12244	Temporal_Pole_Mid_R	0	0	0	0	0	0	0	0	0	0	0	0	0	0	0	326	0	0	0	0	0	0	0	0	0	0	0	0	0	0	0	0	0	0	0	0	0	0	0	312	0	154	0	0	0	0	0	0	0	0	0	0	0	0	0	1550	0	0	0	0	0	0	0	0	0	0	0	0	0	0	0	0	0	0	0	0	0	0	0	0	0	168	0	1836	0	890	0	0	0	886	0	0	0	0	0	0	0	0	0	0	0	0	0	0	0	0	0	0	0	0	0	0	0	0	0	0	
236144	Temporal_Inf_L	3188	0	330	0	0	0	194	0	0	0	136	0	0	0	0	0	2164	0	344	0	0	0	0	0	0	0	0	0	4186	0	0	0	0	0	276	142	7562	0	1098	0	666	0	550	0	986	0	332	0	2222	0	3118	0	1598	0	13372	0	3458	0	0	0	3084	0	746	0	4082	0	896	0	0	0	0	0	524	0	0	0	1032	0	4782	0	12758	0	6908	0	32160	0	4260	0	0	0	738	0	0	0	0	0	0	0	180	0	0	0	0	0	0	0	0	0	0	0	0	0	0	0	0	0	
233228	Temporal_Inf_R	1254	2516	0	520	0	0	0	0	0	0	0	0	0	0	0	648	0	594	0	398	0	0	0	0	0	0	0	0	0	2478	0	0	138	0	3350	6398	0	6736	0	4392	0	754	0	1792	0	2294	0	148	0	4928	0	5154	0	5552	0	11240	1156	610	0	1338	0	1802	0	2182	0	1724	1348	9208	1142	832	0	0	0	542	116	0	154	148	0	404	0	5856	0	3326	0	22422	0	886	0	0	0	134	0	0	0	0	0	0	0	0	0	0	0	0	0	0	0	0	0	0	0	0	0	0	0	0	
317584	Cerebelum_Crus1_L	0	0	0	0	0	0	0	0	0	0	0	0	0	0	0	0	0	0	0	0	0	0	0	0	0	0	0	0	0	0	0	0	0	0	0	0	0	0	0	0	0	0	0	0	0	0	7852	2018	0	0	0	0	172	0	11794	474	0	0	0	0	0	0	0	0	0	0	0	0	0	0	0	0	0	0	0	0	0	0	0	0	0	0	0	0	0	0	0	0	738	0	0	2924	27902	2592	0	0	16922	0	42138	3550	7096	218	13634	1524	846	446	340	0	0	0	1990	3986	7106	1470	1060	0	
316088	Cerebelum_Crus1_R	0	0	0	0	0	0	0	0	0	0	0	0	0	0	0	0	0	0	0	0	0	0	0	0	0	0	0	0	0	0	0	0	0	0	0	0	0	0	0	0	0	0	0	0	0	0	846	7796	0	0	0	0	0	150	172	7310	0	0	0	0	0	0	0	0	0	0	0	0	0	0	0	0	0	0	0	0	0	0	0	0	0	0	0	0	0	0	0	0	0	134	2924	0	2346	26374	0	268	2398	11748	1988	44950	812	4008	358	16414	652	1782	0	1412	0	128	7342	5744	8540	716	732	0	
275792	Cerebelum_Crus2_L	0	0	0	0	0	0	0	0	0	0	0	0	0	0	0	0	0	0	0	0	0	0	0	0	0	0	0	0	0	0	0	0	0	0	0	0	0	0	0	0	0	0	0	0	0	0	1404	552	0	0	0	0	0	0	852	0	0	0	0	0	0	0	0	0	0	0	0	0	0	0	0	0	0	0	0	0	0	0	0	0	0	0	0	0	0	0	0	0	0	0	27902	2346	0	11430	0	0	586	0	6408	1352	26050	6422	22910	7896	290	556	0	0	0	0	192	1132	13890	4872	854	0	
256792	Cerebelum_Crus2_R	0	0	0	0	0	0	0	0	0	0	0	0	0	0	0	0	0	0	0	0	0	0	0	0	0	0	0	0	0	0	0	0	0	0	0	0	0	0	0	0	0	0	0	0	0	0	186	1114	0	0	0	0	0	0	0	214	0	0	0	0	0	0	0	0	0	0	0	0	0	0	0	0	0	0	0	0	0	0	0	0	0	0	0	0	0	0	0	0	0	0	2592	26374	11430	0	0	0	184	780	688	7702	8240	20170	4558	23520	134	1310	0	410	0	0	610	940	13328	3230	682	0	
13020	Cerebelum_3_L	0	0	0	0	0	0	0	0	0	0	0	0	0	0	0	0	0	0	0	0	0	0	0	0	0	0	0	0	0	0	0	0	0	0	0	0	0	0	0	0	0	0	0	0	0	0	0	114	0	0	0	0	0	0	0	0	0	0	0	0	0	0	0	0	0	0	0	0	0	0	0	0	0	0	0	0	0	0	0	0	0	0	0	0	0	0	0	0	0	0	0	0	0	0	0	212	4174	0	184	0	0	0	0	0	212	0	0	0	308	974	332	0	0	0	0	0	
10980	Cerebelum_3_R	0	0	0	0	0	0	0	0	0	0	0	0	0	0	0	0	0	0	0	0	0	0	0	0	0	0	0	0	0	0	0	0	0	0	0	0	136	0	188	0	0	0	0	0	0	0	0	268	0	0	0	0	0	0	0	0	0	0	0	0	0	0	0	0	0	0	0	0	0	0	0	0	0	0	0	0	0	0	0	0	0	0	0	0	0	0	0	0	0	0	0	268	0	0	212	0	556	1028	0	692	0	0	0	0	0	0	0	0	274	1552	316	0	0	0	0	0	
217280	Cerebelum_4_5_L	0	0	0	0	0	0	0	0	0	0	0	0	0	0	0	0	0	0	0	0	0	0	0	0	0	0	0	0	0	0	0	0	0	0	0	0	0	0	0	0	0	0	0	0	0	0	11472	1822	0	0	0	0	220	0	8010	924	0	0	0	0	0	0	0	0	0	0	0	0	0	0	0	0	0	0	0	0	0	0	0	0	0	0	0	0	0	0	0	0	0	0	16922	2398	586	184	4174	556	0	4134	28382	4766	622	0	1474	738	3636	1074	396	0	126	714	10812	3362	0	0	590	546	
131556	Cerebelum_4_5_R	0	0	0	0	0	0	0	0	0	0	0	0	0	0	0	0	0	0	0	0	0	0	0	0	0	0	0	0	0	0	0	0	0	0	0	0	0	0	0	0	0	0	0	0	0	0	1352	4278	0	0	0	0	0	0	0	4782	0	0	0	0	0	0	0	0	0	0	0	0	0	0	0	0	0	0	0	0	0	0	0	0	0	0	0	0	0	0	0	0	0	0	0	11748	0	780	0	1028	4134	0	682	18060	0	0	0	1458	1462	722	0	0	0	486	12302	1744	164	180	306	110	
291704	Cerebelum_6_L	0	0	0	0	0	0	0	0	0	0	0	0	0	0	0	0	0	0	0	0	0	0	0	0	0	0	0	0	0	0	0	0	0	0	0	0	0	0	0	0	0	0	124	0	0	0	13906	3530	0	0	0	0	558	0	16278	1042	0	0	0	0	0	0	0	0	0	0	144	0	0	0	0	0	0	0	0	0	0	0	0	0	0	0	0	0	0	0	0	0	180	0	42138	1988	6408	688	184	0	28382	682	0	3942	1962	0	4246	418	1906	674	828	0	0	0	4402	7078	2926	502	736	0	
312532	Cerebelum_6_R	0	0	0	0	0	0	0	0	0	0	0	0	0	0	0	0	0	0	0	0	0	0	0	0	0	0	0	0	0	0	0	0	0	0	0	0	0	0	0	0	0	0	0	0	0	0	1618	10912	0	0	0	0	0	208	612	9486	0	0	0	0	0	0	0	0	0	0	0	0	0	0	0	0	0	0	0	0	0	0	0	0	0	0	0	0	0	0	0	0	0	0	3550	44950	1352	7702	0	692	4766	18060	3942	0	224	356	250	8444	1718	3446	0	1670	0	218	13240	9916	6422	918	1594	0	
190364	Cerebelum_7b_L	0	0	0	0	0	0	0	0	0	0	0	0	0	0	0	0	0	0	0	0	0	0	0	0	0	0	0	0	0	0	0	0	0	0	0	0	0	0	0	0	0	0	0	0	0	0	130	0	0	0	0	0	0	0	308	0	0	0	0	0	0	0	0	0	0	0	0	0	0	0	0	0	0	0	0	0	0	0	0	0	0	0	0	0	0	0	0	0	0	0	7096	812	26050	8240	0	0	622	0	1962	224	0	5500	22562	7350	0	280	0	0	0	0	0	0	8840	5034	172	0	
121788	Cerebelum_7b_R	0	0	0	0	0	0	0	0	0	0	0	0	0	0	0	0	0	0	0	0	0	0	0	0	0	0	0	0	0	0	0	0	0	0	0	0	0	0	0	0	0	0	0	0	0	0	0	0	0	0	0	0	0	0	0	0	0	0	0	0	0	0	0	0	0	0	0	0	0	0	0	0	0	0	0	0	0	0	0	0	0	0	0	0	0	0	0	0	0	0	218	4008	6422	20170	0	0	0	0	0	356	5500	0	2190	14372	0	0	0	0	0	0	0	0	4726	2932	0	0	
212224	Cerebelum_8_L	0	0	0	0	0	0	0	0	0	0	0	0	0	0	0	0	0	0	0	0	0	0	0	0	0	0	0	0	0	0	0	0	0	0	0	0	0	0	0	0	0	0	0	0	0	0	246	146	0	0	0	0	0	0	280	0	0	0	0	0	0	0	0	0	0	0	0	0	0	0	0	0	0	0	0	0	0	0	0	0	0	0	0	0	0	0	0	0	0	0	13634	358	22910	4558	0	0	1474	0	4246	250	22562	2190	0	6910	6204	1926	646	0	0	0	216	228	7180	7242	2706	0	
229780	Cerebelum_8_R	0	0	0	0	0	0	0	0	0	0	0	0	0	0	0	0	0	0	0	0	0	0	0	0	0	0	0	0	0	0	0	0	0	0	0	0	0	0	0	0	0	0	0	0	0	0	148	0	0	0	0	0	0	0	0	0	0	0	0	0	0	0	0	0	0	0	0	0	0	0	0	0	0	0	0	0	0	0	0	0	0	0	0	0	0	0	0	0	0	0	1524	16414	7896	23520	0	0	738	1458	418	8444	7350	14372	6910	0	1068	6164	0	824	0	0	1318	294	8412	6286	1332	0	
67132	Cerebelum_9_L	0	0	0	0	0	0	0	0	0	0	0	0	0	0	0	0	0	0	0	0	0	0	0	0	0	0	0	0	0	0	0	0	0	0	0	0	0	0	0	0	0	0	0	0	0	0	0	372	0	0	0	0	0	0	0	288	0	0	0	0	0	0	0	0	0	0	0	0	0	0	0	0	0	0	0	0	0	0	0	0	0	0	0	0	0	0	0	0	0	0	846	652	290	134	212	0	3636	1462	1906	1718	0	0	6204	1068	0	1918	2010	0	0	0	2262	3192	884	1730	2124	658	
76436	Cerebelum_9_R	0	0	0	0	0	0	0	0	0	0	0	0	0	0	0	0	0	0	0	0	0	0	0	0	0	0	0	0	0	0	0	0	0	0	0	0	0	0	0	0	0	0	0	0	0	0	0	0	0	0	0	0	0	0	0	0	0	0	0	0	0	0	0	0	0	0	0	0	0	0	0	0	0	0	0	0	0	0	0	0	0	0	0	0	0	0	0	0	0	0	446	1782	556	1310	0	0	1074	722	674	3446	280	0	1926	6164	1918	0	0	1030	0	0	1844	3362	2410	3524	4672	1078	
9060	Cerebelum_10_L	0	0	0	0	0	0	0	0	0	0	0	0	0	0	0	0	0	0	0	0	0	0	0	0	0	0	0	0	0	0	0	0	0	0	0	0	0	0	0	0	0	0	0	0	0	0	0	0	0	0	0	0	0	0	0	0	0	0	0	0	0	0	0	0	0	0	0	0	0	0	0	0	0	0	0	0	0	0	0	0	0	0	0	0	0	0	0	0	0	0	340	0	0	0	0	0	396	0	828	0	0	0	646	0	2010	0	0	0	0	0	0	310	0	0	0	0	
10952	Cerebelum_10_R	0	0	0	0	0	0	0	0	0	0	0	0	0	0	0	0	0	0	0	0	0	0	0	0	0	0	0	0	0	0	0	0	0	0	0	0	0	0	0	0	0	0	0	0	0	0	0	0	0	0	0	0	0	0	0	0	0	0	0	0	0	0	0	0	0	0	0	0	0	0	0	0	0	0	0	0	0	0	0	0	0	0	0	0	0	0	0	0	0	0	0	1412	0	410	0	0	0	0	0	1670	0	0	0	824	0	1030	0	0	0	0	0	0	130	0	0	0	
6476	Vermis_1_2	0	0	0	0	0	0	0	0	0	0	0	0	0	0	0	0	0	0	0	0	0	0	0	0	0	0	0	0	0	0	0	0	0	0	0	0	0	0	0	0	0	0	0	0	0	0	0	0	0	0	0	0	0	0	0	0	0	0	0	0	0	0	0	0	0	0	0	0	0	0	0	0	0	0	0	0	0	0	0	0	0	0	0	0	0	0	0	0	0	0	0	0	0	0	308	274	126	0	0	0	0	0	0	0	0	0	0	0	0	2190	340	0	0	0	0	0	
14284	Vermis_3	0	0	0	0	0	0	0	0	0	0	0	0	0	0	0	0	0	0	0	0	0	0	0	0	0	0	0	0	0	0	0	0	0	0	0	0	0	0	110	0	0	0	0	0	0	0	0	0	0	0	0	0	0	0	0	0	0	0	0	0	0	0	0	0	0	0	0	0	0	0	0	0	0	0	0	0	0	0	0	0	0	0	0	0	0	0	0	0	0	0	0	128	0	0	974	1552	714	486	0	218	0	0	0	0	0	0	0	0	2190	0	770	0	0	0	0	0	
157772	Vermis_4_5	0	0	0	0	0	0	0	0	0	0	0	0	0	0	0	0	0	0	0	0	0	0	0	0	0	0	0	0	0	0	0	0	0	0	0	0	0	0	0	0	0	0	0	0	0	0	2588	4700	0	0	0	0	0	0	756	3660	0	0	0	0	0	0	0	0	0	0	0	0	0	0	0	0	0	0	0	0	0	0	0	0	0	0	0	0	0	0	0	0	0	0	1990	7342	192	610	332	316	10812	12302	4402	13240	0	0	216	1318	2262	1844	0	0	340	770	0	6234	0	0	1170	1490	
136344	Vermis_6	0	0	0	0	0	0	0	0	0	0	0	0	0	0	0	0	0	0	0	0	0	0	0	0	0	0	0	0	0	0	0	0	0	0	0	0	0	0	0	0	0	0	0	0	0	0	1130	7020	0	0	0	0	0	0	826	2008	0	0	0	0	0	0	0	0	0	0	0	0	0	0	0	0	0	0	0	0	0	0	0	0	0	0	0	0	0	0	0	0	0	0	3986	5744	1132	940	0	0	3362	1744	7078	9916	0	0	228	294	3192	3362	310	0	0	0	6234	0	3942	1092	2818	1814	
200852	Vermis_7	0	0	0	0	0	0	0	0	0	0	0	0	0	0	0	0	0	0	0	0	0	0	0	0	0	0	0	0	0	0	0	0	0	0	0	0	0	0	0	0	0	0	0	0	0	0	590	2330	0	0	0	0	0	0	0	232	0	0	0	0	0	0	0	0	0	0	0	0	0	0	0	0	0	0	0	0	0	0	0	0	0	0	0	0	0	0	0	0	0	0	7106	8540	13890	13328	0	0	0	164	2926	6422	8840	4726	7180	8412	884	2410	0	130	0	0	0	3942	0	5360	2900	114	
100036	Vermis_8	0	0	0	0	0	0	0	0	0	0	0	0	0	0	0	0	0	0	0	0	0	0	0	0	0	0	0	0	0	0	0	0	0	0	0	0	0	0	0	0	0	0	0	0	0	0	0	0	0	0	0	0	0	0	0	0	0	0	0	0	0	0	0	0	0	0	0	0	0	0	0	0	0	0	0	0	0	0	0	0	0	0	0	0	0	0	0	0	0	0	1470	716	4872	3230	0	0	0	180	502	918	5034	2932	7242	6286	1730	3524	0	0	0	0	0	1092	5360	0	4664	266	
60252	Vermis_9	0	0	0	0	0	0	0	0	0	0	0	0	0	0	0	0	0	0	0	0	0	0	0	0	0	0	0	0	0	0	0	0	0	0	0	0	0	0	0	0	0	0	0	0	0	0	0	0	0	0	0	0	0	0	0	0	0	0	0	0	0	0	0	0	0	0	0	0	0	0	0	0	0	0	0	0	0	0	0	0	0	0	0	0	0	0	0	0	0	0	1060	732	854	682	0	0	590	306	736	1594	172	0	2706	1332	2124	4672	0	0	0	0	1170	2818	2900	4664	0	1014	
