data	data	608480	186692	956516	782776	193836	96080	473848	306424	66568	12532	286304	244880	282092	213628	121892	50076	189024	169964	830648	807168	77516	75616	315020	347476	63364	79356	56976	83132	611000	382624	249024	535160	208520	572496	166632	181620	220632	223352	97316	142992	46292	50292	335328	303992	162276	257164	364412	352108	172908	237300	567500	250780	237988	110656	391068	480496	309532	182060	167456	100232	231036	67064	125752	77732	153228	94772	366828	326372	404160	204356	298956	576372	283920	336588	52304	21196	144152	120612	59308	19068	178964	110616	54184	68816	313076	209296	16644	29628	321092	151396	566408	565084	337008	366020	38640	65680	262312	226008	540464	469612	304572	149192	347172	273188	146464	122080	27444	19636	28816	68164	288992	320924	330000	113080	96844	33712	
data	data	Precentral_L	Precentral_R	Frontal_Sup_L	Frontal_Sup_R	Frontal_Sup_Orb_L	Frontal_Sup_Orb_R	Frontal_Mid_L	Frontal_Mid_R	Frontal_Mid_Orb_L	Frontal_Mid_Orb_R	Frontal_Inf_Oper_L	Frontal_Inf_Oper_R	Frontal_Inf_Tri_L	Frontal_Inf_Tri_R	Frontal_Inf_Orb_L	Frontal_Inf_Orb_R	Rolandic_Oper_L	Rolandic_Oper_R	Supp_Motor_Area_L	Supp_Motor_Area_R	Olfactory_L	Olfactory_R	Frontal_Sup_Medial_L	Frontal_Sup_Medial_R	Frontal_Med_Orb_L	Frontal_Med_Orb_R	Rectus_L	Rectus_R	Insula_L	Insula_R	Cingulum_Ant_L	Cingulum_Ant_R	Cingulum_Mid_L	Cingulum_Mid_R	Cingulum_Post_L	Cingulum_Post_R	Hippocampus_L	Hippocampus_R	ParaHippocampal_L	ParaHippocampal_R	Amygdala_L	Amygdala_R	Calcarine_L	Calcarine_R	Cuneus_L	Cuneus_R	Lingual_L	Lingual_R	Occipital_Sup_L	Occipital_Sup_R	Occipital_Mid_L	Occipital_Mid_R	Occipital_Inf_L	Occipital_Inf_R	Fusiform_L	Fusiform_R	Postcentral_L	Postcentral_R	Parietal_Sup_L	Parietal_Sup_R	Parietal_Inf_L	Parietal_Inf_R	SupraMarginal_L	SupraMarginal_R	Angular_L	Angular_R	Precuneus_L	Precuneus_R	Paracentral_Lobule_L	Paracentral_Lobule_R	Caudate_L	Caudate_R	Putamen_L	Putamen_R	Pallidum_L	Pallidum_R	Thalamus_L	Thalamus_R	Heschl_L	Heschl_R	Temporal_Sup_L	Temporal_Sup_R	Temporal_Pole_Sup_L	Temporal_Pole_Sup_R	Temporal_Mid_L	Temporal_Mid_R	Temporal_Pole_Mid_L	Temporal_Pole_Mid_R	Temporal_Inf_L	Temporal_Inf_R	Cerebelum_Crus1_L	Cerebelum_Crus1_R	Cerebelum_Crus2_L	Cerebelum_Crus2_R	Cerebelum_3_L	Cerebelum_3_R	Cerebelum_4_5_L	Cerebelum_4_5_R	Cerebelum_6_L	Cerebelum_6_R	Cerebelum_7b_L	Cerebelum_7b_R	Cerebelum_8_L	Cerebelum_8_R	Cerebelum_9_L	Cerebelum_9_R	Cerebelum_10_L	Cerebelum_10_R	Vermis_1_2	Vermis_3	Vermis_4_5	Vermis_6	Vermis_7	Vermis_8	Vermis_9	Vermis_10	
608480	Precentral_L	0	4368	28522	4046	0	194	29510	2632	0	0	9354	528	464	424	196	0	10434	346	25248	7808	0	0	0	96	0	0	0	0	10946	954	0	534	968	4934	3040	2916	5848	1586	146	508	0	0	0	414	0	0	0	202	0	0	176	92	96	92	238	1154	33302	2342	244	0	3394	402	834	1060	1176	0	424	412	40654	6720	12564	3756	9806	762	4990	0	12352	828	2990	0	4302	250	118	0	246	394	0	0	392	368	0	0	0	0	0	0	0	0	0	0	0	0	0	0	0	0	0	0	0	0	144	0	0	0	0	0	
186692	Precentral_R	4368	0	1894	3412	0	0	2130	8998	0	0	0	4700	0	214	0	0	0	5032	2334	3546	0	0	0	0	0	0	0	0	0	4682	0	376	472	2356	0	542	0	2046	0	266	0	0	0	276	0	0	0	0	0	0	0	0	0	166	0	600	0	12574	0	0	0	446	0	2190	0	190	0	0	3798	4028	2152	4424	0	1020	204	0	2430	9036	0	244	0	494	0	210	0	752	0	0	0	744	0	0	0	0	0	0	0	0	0	0	0	0	0	0	0	0	0	0	0	0	0	0	0	0	0	0	
956516	Frontal_Sup_L	28522	1894	0	11502	13522	0	61568	4090	2154	0	16496	466	18722	826	4694	0	13364	198	91564	15254	116	0	36466	2890	5580	142	538	0	45052	1344	11328	4836	7140	10962	112	338	3652	264	228	102	0	0	0	0	0	0	0	0	0	0	0	0	0	0	772	0	6580	0	0	0	1306	0	348	0	488	0	0	0	5212	0	8240	2128	21098	590	3162	0	1776	850	1402	0	6044	0	1256	0	284	0	0	0	796	0	0	0	0	0	0	0	0	0	0	0	0	0	0	0	0	0	0	0	0	0	0	0	0	0	0	0	
782776	Frontal_Sup_R	4046	3412	11502	0	0	6192	4280	33262	0	242	1496	11720	1130	7894	0	886	0	9234	21538	68938	0	110	6962	31650	0	2462	0	1738	1734	14960	2534	33866	2864	24334	0	0	0	4718	0	1266	0	0	0	0	0	0	0	0	0	0	0	0	0	0	0	3612	0	1942	0	0	0	108	0	412	0	0	0	0	692	186	3198	35684	126	20582	0	2890	0	4652	0	0	0	950	0	694	0	0	0	0	0	510	0	0	0	0	0	0	0	0	0	180	0	0	0	0	0	0	0	0	0	0	0	0	0	0	0	0	
193836	Frontal_Sup_Orb_L	0	0	13522	0	0	0	1296	0	11412	0	342	0	2826	0	11420	0	0	0	1954	0	2878	284	7090	0	8052	0	6100	0	12394	0	6296	118	0	0	0	0	452	0	594	0	432	0	0	0	0	0	0	0	0	0	0	0	0	0	0	0	0	0	0	0	0	0	0	0	0	0	0	0	0	0	948	146	7654	0	0	0	0	0	0	0	0	0	708	0	0	0	0	0	0	0	0	0	0	0	0	0	0	0	0	0	0	0	0	0	0	0	0	0	0	0	0	0	0	0	0	0	
96080	Frontal_Sup_Orb_R	194	0	0	6192	0	0	226	374	0	2640	0	0	0	94	0	1148	0	0	0	368	0	462	290	5756	0	5478	0	6586	128	262	592	7258	0	186	0	0	0	0	0	0	0	0	0	0	0	0	0	0	0	0	0	0	0	0	0	0	0	0	0	0	0	0	0	0	0	0	0	0	0	0	352	5184	0	4270	0	0	0	0	0	0	0	0	0	0	0	0	0	0	0	0	0	0	0	0	0	0	0	0	0	0	0	0	0	0	0	0	0	0	0	0	0	0	0	0	0	0	
473848	Frontal_Mid_L	29510	2130	61568	4280	1296	226	0	4664	2364	0	11160	944	25954	2554	2696	0	3942	704	9058	1244	0	0	14240	608	0	0	0	0	14502	3540	3772	1856	3272	1686	0	0	760	116	0	0	0	0	0	0	0	0	0	0	0	0	0	0	0	0	0	0	8054	0	0	0	1434	0	636	0	106	0	0	0	1620	0	7180	4954	702	870	0	0	340	232	232	0	1590	0	328	0	0	0	0	0	0	0	0	0	0	0	0	0	0	0	0	0	0	0	0	0	0	0	0	0	0	0	0	0	0	0	0	0	
306424	Frontal_Mid_R	2632	8998	4090	33262	0	374	4664	0	0	1014	1060	14870	626	17368	0	1414	0	5412	4906	7814	0	0	1616	6422	0	0	0	0	352	7756	266	10322	220	6712	0	0	0	134	0	0	0	0	0	0	0	0	0	0	0	0	0	0	0	0	0	0	0	0	0	0	0	0	0	0	0	0	0	0	0	0	1940	5698	0	1564	0	0	0	428	0	270	0	562	0	446	0	0	0	0	0	0	0	0	0	0	0	0	0	0	0	0	0	0	0	0	0	0	0	0	0	0	0	0	0	0	0	0	
66568	Frontal_Mid_Orb_L	0	0	2154	0	11412	0	2364	0	0	0	0	0	1842	0	9692	0	0	0	0	0	180	0	0	0	172	0	1704	0	1206	0	1036	0	0	0	0	0	0	0	0	0	0	0	0	0	0	0	0	0	0	0	0	0	0	0	0	0	0	0	0	0	0	0	0	0	0	0	0	0	0	0	0	0	1522	0	0	0	0	0	0	0	0	0	0	0	0	0	0	0	0	0	0	0	0	0	0	0	0	0	0	0	0	0	0	0	0	0	0	0	0	0	0	0	0	0	0	0	
12532	Frontal_Mid_Orb_R	0	0	0	242	0	2640	0	1014	0	0	0	0	0	610	0	1240	0	0	0	0	0	0	0	0	0	0	0	520	0	0	0	0	0	0	0	0	0	0	0	0	0	0	0	0	0	0	0	0	0	0	0	0	0	0	0	0	0	0	0	0	0	0	0	0	0	0	0	0	0	0	0	0	0	0	0	0	0	0	0	0	0	0	0	0	0	0	0	0	0	0	0	0	0	0	0	0	0	0	0	0	0	0	0	0	0	0	0	0	0	0	0	0	0	0	0	0	
286304	Frontal_Inf_Oper_L	9354	0	16496	1496	342	0	11160	1060	0	0	0	1772	18412	2070	132	200	11644	98	13172	522	0	0	656	572	0	0	0	0	23270	2888	2426	2222	854	1098	0	0	92	0	0	0	0	0	0	0	0	0	0	0	0	0	0	0	0	0	0	0	3600	0	0	0	576	0	0	0	184	0	0	0	0	0	5520	4118	1488	424	0	0	0	0	0	0	3824	0	1410	0	0	0	0	0	0	0	0	0	0	0	0	0	0	0	0	0	0	0	0	0	0	0	0	0	0	0	0	0	0	0	0	0	
244880	Frontal_Inf_Oper_R	528	4700	466	11720	0	0	944	14870	0	0	1772	0	684	14842	0	258	0	6638	1156	7364	0	0	0	418	0	0	0	0	1818	22466	0	3998	0	3568	0	0	0	104	0	0	0	0	0	0	0	0	0	0	0	0	0	0	0	0	0	0	0	1060	0	0	0	0	0	0	0	0	0	0	0	0	2238	13490	0	4690	0	0	0	306	0	210	0	512	0	1620	0	0	0	0	0	0	0	0	0	0	0	0	0	0	0	0	0	0	0	0	0	0	0	0	0	0	0	0	0	0	0	0	
282092	Frontal_Inf_Tri_L	464	0	18722	1130	2826	0	25954	626	1842	0	18412	684	0	1740	8570	202	554	110	7582	412	0	0	3640	644	0	0	0	0	25246	1586	3256	2266	2312	1174	0	0	0	0	0	0	0	0	0	0	0	0	0	0	0	0	0	0	0	0	0	0	0	0	0	0	0	0	0	0	0	0	0	0	0	0	4580	3528	2304	238	0	0	0	0	0	0	156	0	286	0	0	0	0	0	0	0	0	0	0	0	0	0	0	0	0	0	0	0	0	0	0	0	0	0	0	0	0	0	0	0	0	0	
213628	Frontal_Inf_Tri_R	424	214	826	7894	0	94	2554	17368	0	610	2070	14842	1740	0	100	7598	154	92	1466	6690	0	0	214	584	0	0	0	0	1204	16898	276	6558	98	4474	0	0	0	0	0	0	0	0	0	0	0	0	0	0	0	0	0	0	0	0	0	0	0	0	0	0	0	0	0	0	0	0	0	0	0	0	798	8232	0	2742	0	0	0	0	0	0	0	0	0	0	0	0	0	0	0	0	0	0	0	0	0	0	0	0	0	0	0	0	0	0	0	0	0	0	0	0	0	0	0	0	0	0	
121892	Frontal_Inf_Orb_L	196	0	4694	0	11420	0	2696	0	9692	0	132	0	8570	100	0	0	0	0	1690	0	1988	0	0	0	126	0	948	0	11316	122	238	0	0	0	0	0	496	0	438	0	408	0	0	0	0	0	0	0	0	0	0	0	0	0	0	0	0	0	0	0	0	0	0	0	0	0	0	0	0	0	1192	258	3324	0	0	0	0	0	0	0	0	0	902	0	0	0	0	0	0	0	0	0	0	0	0	0	0	0	0	0	0	0	0	0	0	0	0	0	0	0	0	0	0	0	0	0	
50076	Frontal_Inf_Orb_R	0	0	0	886	0	1148	0	1414	0	1240	200	258	202	7598	0	0	0	0	0	678	0	862	0	0	0	0	0	1604	0	3856	0	288	0	190	0	0	0	0	0	0	0	0	0	0	0	0	0	0	0	0	0	0	0	0	0	0	0	0	0	0	0	0	0	0	0	0	0	0	0	0	0	2256	0	2358	0	0	0	0	0	0	0	0	0	0	0	0	0	0	0	0	0	0	0	0	0	0	0	0	0	0	0	0	0	0	0	0	0	0	0	0	0	0	0	0	0	0	
189024	Rolandic_Oper_L	10434	0	13364	0	0	0	3942	0	0	0	11644	0	554	154	0	0	0	0	11032	0	0	0	0	0	0	0	0	0	16466	212	0	0	0	0	164	0	0	0	0	0	0	0	0	0	0	0	0	0	0	0	812	0	314	0	192	0	7372	0	290	0	438	0	2062	0	278	0	268	0	108	0	368	96	236	0	0	0	0	0	1890	0	8708	0	1454	0	1032	0	0	0	628	0	0	0	0	0	0	0	0	0	0	0	0	0	0	0	0	0	0	0	0	0	0	0	0	0	0	0	
169964	Rolandic_Oper_R	346	5032	198	9234	0	0	704	5412	0	0	98	6638	110	92	0	0	0	0	188	10334	0	0	0	0	0	0	0	0	192	21404	0	106	0	672	0	0	0	440	0	0	0	0	0	0	0	0	0	0	0	0	0	0	0	0	0	346	0	5204	0	0	0	102	0	2132	0	0	0	0	0	0	196	4390	0	2436	0	0	0	442	0	1942	0	4430	0	1850	0	190	0	0	0	122	0	0	0	0	0	0	0	0	0	0	0	0	0	0	0	0	0	0	0	0	0	0	0	0	0	0	
830648	Supp_Motor_Area_L	25248	2334	91564	21538	1954	0	9058	4906	0	0	13172	1156	7582	1466	1690	0	11032	188	0	40738	0	0	5814	7578	414	0	0	0	35584	1404	4118	8598	13692	32700	262	326	4248	200	296	0	0	0	0	0	0	0	0	0	0	0	0	0	0	0	938	0	3402	0	0	0	610	0	194	0	428	0	0	0	10146	502	9388	1526	22216	590	4700	148	1474	840	1624	0	5504	0	950	0	352	0	0	0	932	0	0	0	0	0	0	0	0	0	0	0	0	0	0	0	0	0	0	0	0	0	0	0	0	0	0	0	
807168	Supp_Motor_Area_R	7808	3546	15254	68938	0	368	1244	7814	0	0	522	7364	412	6690	0	678	0	10334	40738	0	0	0	2418	12744	0	0	0	0	316	15296	1146	14484	7140	56442	2210	3308	0	5578	0	1506	0	0	134	438	122	136	0	0	0	0	612	232	116	0	0	4390	204	3310	92	0	148	118	0	412	156	0	684	986	12388	24816	1086	28622	0	19590	0	2498	544	4430	0	100	0	968	0	458	430	114	0	0	178	582	0	0	0	0	0	0	0	0	0	192	0	0	0	0	0	0	0	0	0	0	0	0	0	0	0	0	
77516	Olfactory_L	0	0	116	0	2878	0	0	0	180	0	0	0	0	0	1988	0	0	0	0	0	0	5968	0	0	470	204	3454	780	3188	0	2632	1602	0	0	0	0	1076	0	1174	0	1502	0	0	0	0	0	0	0	0	0	0	0	0	0	304	0	0	0	0	0	0	0	0	0	0	0	0	0	0	0	6330	2784	1658	0	0	0	0	0	0	0	0	0	470	0	0	0	0	0	0	0	0	0	0	0	0	0	0	0	0	0	0	0	0	0	0	0	0	0	0	0	0	0	0	0	0	0	
75616	Olfactory_R	0	0	0	110	284	462	0	0	0	0	0	0	0	0	0	862	0	0	0	0	5968	0	0	194	0	1078	2556	3248	0	1690	2676	3280	0	0	0	0	0	0	0	0	0	152	0	0	0	0	0	0	0	0	0	0	0	0	0	0	0	0	0	0	0	0	0	0	0	0	0	0	0	0	7080	5150	2502	516	0	0	0	0	0	0	0	0	0	0	0	0	0	0	0	0	0	0	0	0	0	0	0	0	0	0	0	0	0	0	0	0	0	0	0	0	0	0	0	0	0	0	
315020	Frontal_Sup_Medial_L	0	0	36466	6962	7090	290	14240	1616	0	0	656	0	3640	214	0	0	0	0	5814	2418	0	0	0	17422	6784	686	374	0	2498	208	16490	15536	5474	9872	0	0	0	0	0	0	0	0	0	0	0	0	0	0	0	0	0	0	0	0	0	0	0	0	0	0	0	0	0	0	0	0	0	0	0	0	368	498	1894	0	0	0	0	0	0	0	0	0	0	0	0	0	0	0	0	0	0	0	0	0	0	0	0	0	0	0	0	0	0	0	0	0	0	0	0	0	0	0	0	0	0	0	
347476	Frontal_Sup_Medial_R	96	0	2890	31650	0	5756	608	6422	0	0	572	418	644	584	0	0	0	0	7578	12744	0	194	17422	0	114	6106	0	2722	618	472	7274	35354	2346	20398	0	0	0	0	0	0	0	0	0	0	0	0	0	0	0	0	0	0	0	0	0	0	0	0	0	0	0	0	0	0	0	0	0	0	0	0	482	6396	94	3784	0	0	0	0	0	0	0	0	0	0	0	0	0	0	0	0	0	0	0	0	0	0	0	0	0	0	0	0	0	0	0	0	0	0	0	0	0	0	0	0	0	0	
63364	Frontal_Med_Orb_L	0	0	5580	0	8052	0	0	0	172	0	0	0	0	0	126	0	0	0	414	0	470	0	6784	114	0	130	2150	0	286	0	5624	210	0	0	0	0	0	0	0	0	0	0	0	0	0	0	0	0	0	0	0	0	0	0	0	0	0	0	0	0	0	0	0	0	0	0	0	0	0	0	832	0	738	0	0	0	0	0	0	0	0	0	0	0	0	0	0	0	0	0	0	0	0	0	0	0	0	0	0	0	0	0	0	0	0	0	0	0	0	0	0	0	0	0	0	0	
79356	Frontal_Med_Orb_R	0	0	142	2462	0	5478	0	0	0	0	0	0	0	0	0	0	0	0	0	0	204	1078	686	6106	130	0	372	6652	0	0	1568	8706	106	314	0	0	0	0	0	0	0	0	0	0	0	0	0	0	0	0	0	0	0	0	0	0	0	0	0	0	0	0	0	0	0	0	0	0	0	0	114	3618	0	1942	0	0	0	0	0	0	0	0	0	0	0	0	0	0	0	0	0	0	0	0	0	0	0	0	0	0	0	0	0	0	0	0	0	0	0	0	0	0	0	0	0	0	
56976	Rectus_L	0	0	538	0	6100	0	0	0	1704	0	0	0	0	0	948	0	0	0	0	0	3454	2556	374	0	2150	372	0	532	408	0	3970	754	0	0	0	0	0	0	0	0	0	0	0	0	0	0	0	0	0	0	0	0	0	0	0	0	0	0	0	0	0	0	0	0	0	0	0	0	0	0	2758	964	906	0	0	0	0	0	0	0	0	0	0	0	0	0	0	0	0	0	0	0	0	0	0	0	0	0	0	0	0	0	0	0	0	0	0	0	0	0	0	0	0	0	0	0	
83132	Rectus_R	0	0	0	1738	0	6586	0	0	0	520	0	0	0	0	0	1604	0	0	0	0	780	3248	0	2722	0	6652	532	0	0	734	962	6984	0	0	0	0	0	0	0	0	0	0	0	0	0	0	0	0	0	0	0	0	0	0	0	0	0	0	0	0	0	0	0	0	0	0	0	0	0	0	412	4824	270	2998	0	0	0	0	0	0	0	0	0	0	0	0	0	0	0	0	0	0	0	0	0	0	0	0	0	0	0	0	0	0	0	0	0	0	0	0	0	0	0	0	0	0	
611000	Insula_L	10946	0	45052	1734	12394	128	14502	352	1206	0	23270	1818	25246	1204	11316	0	16466	192	35584	316	3188	0	2498	618	286	0	408	0	0	2848	2034	1740	652	370	910	392	8238	0	1830	0	2348	0	116	0	0	0	0	0	0	0	872	0	398	0	2802	0	5266	0	824	0	1424	0	876	0	728	0	878	0	1736	0	9470	6184	18828	542	0	0	1184	0	5898	0	8818	0	3632	0	1798	0	290	0	2850	0	0	0	0	0	0	0	0	0	0	0	0	0	0	0	0	0	0	0	0	0	0	0	0	0	0	0	
382624	Insula_R	954	4682	1344	14960	0	262	3540	7756	0	0	2888	22466	1586	16898	122	3856	212	21404	1404	15296	0	1690	208	472	0	0	0	734	2848	0	258	2680	98	4578	0	0	0	1404	0	352	0	610	0	0	0	0	0	0	0	0	0	0	0	0	0	1394	0	2066	0	0	0	0	0	556	0	0	0	0	0	0	2728	20548	0	19266	0	120	0	662	0	1242	120	3652	0	2480	0	772	0	0	0	144	0	0	0	0	0	0	0	0	0	0	0	0	0	0	0	0	0	0	0	0	0	0	0	0	0	0	
249024	Cingulum_Ant_L	0	0	11328	2534	6296	592	3772	266	1036	0	2426	0	3256	276	238	0	0	0	4118	1146	2632	2676	16490	7274	5624	1568	3970	962	2034	258	0	17676	6876	4640	0	0	0	0	0	0	0	0	0	0	0	0	0	0	0	0	0	0	0	0	0	0	0	0	0	0	0	0	0	0	0	0	0	0	0	0	5116	3486	5838	108	0	0	0	0	0	0	0	0	0	0	0	0	0	0	0	0	0	0	0	0	0	0	0	0	0	0	0	0	0	0	0	0	0	0	0	0	0	0	0	0	0	0	
535160	Cingulum_Ant_R	534	376	4836	33866	118	7258	1856	10322	0	0	2222	3998	2266	6558	0	288	0	106	8598	14484	1602	3280	15536	35354	210	8706	754	6984	1740	2680	17676	0	5370	27190	0	0	0	0	0	0	0	0	0	0	0	0	0	0	0	0	0	0	0	0	0	0	0	0	0	0	0	0	0	0	0	0	0	0	0	0	3968	24730	1534	11000	0	170	0	1410	0	0	0	0	0	0	0	0	0	0	0	0	0	0	0	0	0	0	0	0	0	0	0	0	0	0	0	0	0	0	0	0	0	0	0	0	0	0	
208520	Cingulum_Mid_L	968	472	7140	2864	0	0	3272	220	0	0	854	0	2312	98	0	0	0	0	13692	7140	0	0	5474	2346	0	106	0	0	652	98	6876	5370	0	18242	2720	1248	0	0	0	0	0	0	232	0	1220	136	0	0	0	118	864	94	182	0	0	0	424	228	332	0	110	0	0	0	0	0	6274	552	8466	2292	0	250	0	0	0	0	0	0	0	0	0	0	0	0	170	0	0	0	152	0	0	0	0	0	0	0	0	0	0	0	0	0	0	0	0	0	0	0	0	0	0	0	0	0	0	0	
572496	Cingulum_Mid_R	4934	2356	10962	24334	0	186	1686	6712	0	0	1098	3568	1174	4474	0	190	0	672	32700	56442	0	0	9872	20398	0	314	0	0	370	4578	4640	27190	18242	0	1960	5618	0	98	0	0	0	0	0	1476	0	610	0	0	0	188	218	1094	0	238	0	110	0	834	0	120	0	0	0	100	0	0	466	5478	7676	14986	740	3626	0	1642	0	0	402	0	0	0	0	314	0	0	164	870	0	0	0	0	0	0	0	0	0	0	0	0	0	0	0	0	0	0	0	0	0	0	0	0	128	0	0	0	0	0	
166632	Cingulum_Post_L	3040	0	112	0	0	0	0	0	0	0	0	0	0	0	0	0	164	0	262	2210	0	0	0	0	0	0	0	0	910	0	0	0	2720	1960	0	14410	5058	1258	2362	812	0	0	2358	656	1828	166	888	722	170	0	1300	222	630	0	1756	2396	1926	1366	836	0	972	0	1316	364	428	0	10682	3376	4702	3362	0	0	0	0	0	0	244	0	332	0	306	0	0	0	868	192	0	0	1758	0	0	0	0	0	0	0	104	0	0	0	0	0	0	0	0	0	0	0	0	0	1812	0	0	0	0	0	
181620	Cingulum_Post_R	2916	542	338	0	0	0	0	0	0	0	0	0	0	0	0	0	0	0	326	3308	0	0	0	0	0	0	0	0	392	0	0	0	1248	5618	14410	0	5354	4312	2322	3014	0	0	0	2872	0	1472	92	2040	0	530	186	1066	0	292	352	4766	384	1302	0	260	114	248	0	232	0	0	912	12140	3342	4404	0	0	108	0	0	0	2944	526	116	0	0	130	0	0	250	548	0	0	924	190	0	0	0	0	0	0	0	336	0	0	0	0	0	0	0	0	0	0	0	0	3632	0	0	0	0	0	
220632	Hippocampus_L	5848	0	3652	0	452	0	760	0	0	0	92	0	0	0	496	0	0	0	4248	0	1076	0	0	0	0	0	0	0	8238	0	0	0	0	0	5058	5354	0	1696	13348	896	8152	0	1346	0	0	0	1960	572	0	0	298	0	466	0	10684	124	1304	0	0	0	0	0	0	0	0	0	2470	700	3726	0	0	0	4794	0	456	0	5506	0	988	0	1896	0	774	0	1188	0	158	0	9696	0	0	0	0	0	94	92	346	102	0	0	0	0	0	0	0	0	0	0	0	282	928	0	0	0	0	0	
223352	Hippocampus_R	1586	2046	264	4718	0	0	116	134	0	0	0	104	0	0	0	0	0	440	200	5578	0	0	0	0	0	0	0	0	0	1404	0	0	0	98	1258	4312	1696	0	988	15930	0	7678	0	386	0	0	0	2970	0	0	0	0	0	0	0	24188	0	478	0	0	0	0	0	138	0	0	0	2016	1302	0	0	3878	0	10146	0	180	2652	5434	0	0	0	376	0	956	0	1360	0	322	172	3220	0	0	0	0	0	454	0	1396	0	520	0	0	0	0	0	0	0	0	0	0	582	0	0	0	0	0	
97316	ParaHippocampal_L	146	0	228	0	594	0	0	0	0	0	0	0	0	0	438	0	0	0	296	0	1174	0	0	0	0	0	0	0	1830	0	0	0	0	0	2362	2322	13348	988	0	462	2416	0	888	0	0	0	4210	412	0	0	808	0	1558	0	5456	0	0	0	0	0	0	0	0	0	0	0	998	470	132	0	0	0	650	0	0	0	2028	0	0	0	0	0	470	0	0	0	482	0	380	0	0	0	0	0	634	144	1248	0	0	0	0	0	0	0	0	0	0	0	100	446	540	0	0	0	0	0	
142992	ParaHippocampal_R	508	266	102	1266	0	0	0	0	0	0	0	0	0	0	0	0	0	0	0	1506	0	0	0	0	0	0	0	0	0	352	0	0	0	0	812	3014	896	15930	462	0	0	5718	0	1980	0	0	0	4880	0	0	0	0	0	0	0	13308	0	124	0	0	0	0	0	0	0	0	0	3460	446	0	0	1128	0	3414	0	110	1210	2250	0	0	0	174	0	2528	0	208	0	1400	126	464	0	0	0	0	0	574	0	1918	0	314	0	0	0	0	0	0	0	0	0	0	648	0	0	0	0	0	
46292	Amygdala_L	0	0	0	0	432	0	0	0	0	0	0	0	0	0	408	0	0	0	0	0	1502	0	0	0	0	0	0	0	2348	0	0	0	0	0	0	0	8152	0	2416	0	0	0	0	0	0	0	0	0	0	0	0	0	0	0	3716	0	0	0	0	0	0	0	0	0	0	0	0	0	0	0	0	0	650	0	0	0	0	0	0	0	0	0	720	0	336	0	108	0	2358	0	0	0	0	0	0	0	0	0	0	0	0	0	0	0	0	0	0	0	0	0	0	0	0	0	0	0	
50292	Amygdala_R	0	0	0	0	0	0	0	0	0	0	0	0	0	0	0	0	0	0	0	0	0	152	0	0	0	0	0	0	0	610	0	0	0	0	0	0	0	7678	0	5718	0	0	0	0	0	0	0	0	0	0	0	0	0	0	0	5998	0	0	0	0	0	0	0	0	0	0	0	0	0	0	0	0	0	1252	0	0	0	0	0	0	0	0	0	2624	0	0	0	816	0	298	0	0	0	0	0	0	0	0	0	0	0	0	0	0	0	0	0	0	0	0	0	0	0	0	0	0	
335328	Calcarine_L	0	0	0	0	0	0	0	0	0	0	0	0	0	0	0	0	0	0	0	134	0	0	0	0	0	0	0	0	116	0	0	0	232	0	2358	0	1346	0	888	0	0	0	0	3880	12056	3698	20272	3118	10064	380	32580	0	11228	118	6708	638	2124	0	1988	0	1688	0	98	0	232	0	20494	154	546	134	0	0	0	0	0	0	0	0	0	0	0	0	0	0	2672	0	0	0	3296	108	1912	418	98	0	414	146	6234	698	4652	724	0	0	108	0	702	130	0	0	356	506	6162	634	176	0	134	112	
303992	Calcarine_R	414	276	0	0	0	0	0	0	0	0	0	0	0	0	0	0	0	0	0	438	0	0	0	0	0	0	0	0	0	0	0	0	0	1476	656	2872	0	386	0	1980	0	0	3880	0	4568	22190	2444	17746	100	17592	0	13938	0	9698	0	15014	0	1566	0	1062	0	98	0	130	0	0	746	18530	496	1462	0	0	0	0	0	0	0	0	0	0	0	216	0	0	0	4692	0	0	0	5678	238	0	0	0	0	0	0	132	274	0	0	0	0	0	0	0	0	0	0	0	732	276	0	0	0	0	
162276	Cuneus_L	0	0	0	0	0	0	0	0	0	0	0	0	0	0	0	0	0	0	0	122	0	0	0	0	0	0	0	0	0	0	0	0	1220	0	1828	0	0	0	0	0	0	0	12056	4568	0	7034	834	704	16206	1924	14096	128	1100	180	232	232	1626	0	750	0	140	0	0	0	0	0	13600	294	780	124	0	0	0	0	0	0	0	0	0	0	0	0	0	0	732	0	0	0	628	0	0	0	0	0	0	0	0	0	0	0	0	0	0	0	0	0	0	0	0	0	0	0	0	0	0	0	
257164	Cuneus_R	0	0	0	0	0	0	0	0	0	0	0	0	0	0	0	0	0	0	0	136	0	0	0	0	0	0	0	0	0	0	0	0	136	610	166	1472	0	0	0	0	0	0	3698	22190	7034	0	612	2772	822	30958	494	15458	0	3068	0	1116	0	1244	0	5224	0	128	0	0	0	874	4454	22820	0	642	0	0	0	0	0	0	0	0	0	0	0	162	0	0	0	1450	0	0	0	742	0	0	0	0	0	0	0	0	0	0	0	0	0	0	0	0	0	0	0	0	100	0	0	0	0	0	
364412	Lingual_L	0	0	0	0	0	0	0	0	0	0	0	0	0	0	0	0	0	0	0	0	0	0	0	0	0	0	0	0	0	0	0	0	0	0	888	92	1960	0	4210	0	0	0	20272	2444	834	612	0	5946	2062	154	19530	122	16440	156	22118	1310	406	0	134	0	0	0	132	0	0	0	6336	136	372	0	0	0	0	0	0	0	142	0	0	0	0	0	0	0	1762	0	0	0	2114	0	9440	2798	278	608	1042	240	17102	866	18896	3044	238	0	632	106	1016	134	0	0	390	770	8052	4732	1006	0	132	0	
352108	Lingual_R	202	0	0	0	0	0	0	0	0	0	0	0	0	0	0	0	0	0	0	0	0	0	0	0	0	0	0	0	0	0	0	0	0	0	722	2040	572	2970	412	4880	0	0	3118	17746	704	2772	5946	0	0	1944	0	3598	0	4548	894	21572	0	468	0	0	0	0	0	0	0	0	232	6880	252	182	0	0	0	0	0	0	0	858	0	0	0	0	0	0	0	774	0	0	0	1010	6062	13054	340	1512	440	828	2760	11928	9344	14972	0	0	600	408	1032	238	202	0	98	546	12796	10664	2668	0	266	0	
172908	Occipital_Sup_L	0	0	0	0	0	0	0	0	0	0	0	0	0	0	0	0	0	0	0	0	0	0	0	0	0	0	0	0	0	0	0	0	0	0	170	0	0	0	0	0	0	0	10064	100	16206	822	2062	0	0	0	32606	0	826	0	258	0	640	0	7612	0	438	0	0	0	0	0	13290	0	206	0	0	0	0	0	0	0	0	0	0	0	0	0	0	0	874	0	0	0	280	0	0	0	0	0	0	0	0	0	0	0	0	0	0	0	0	0	0	0	0	0	0	0	0	0	0	0	
237300	Occipital_Sup_R	0	0	0	0	0	0	0	0	0	0	0	0	0	0	0	0	0	0	0	0	0	0	0	0	0	0	0	0	0	0	0	0	118	188	0	530	0	0	0	0	0	0	380	17592	1924	30958	154	1944	0	0	0	24730	0	4850	0	928	0	396	0	9124	0	1510	0	0	0	4856	796	13690	0	294	0	0	0	0	0	0	0	0	0	0	0	172	0	0	0	2444	0	0	0	1072	0	0	0	0	0	0	0	0	0	0	0	0	0	0	0	0	0	0	0	0	0	0	0	0	0	0	
567500	Occipital_Mid_L	176	0	0	0	0	0	0	0	0	0	0	0	0	0	0	0	812	0	0	612	0	0	0	0	0	0	0	0	872	0	0	0	864	218	1300	186	298	0	808	0	0	0	32580	0	14096	494	19530	0	32606	0	0	0	33056	0	11400	0	8646	0	17892	0	9426	0	3602	0	12674	0	26690	0	7190	650	0	0	0	0	0	0	0	0	948	0	1138	0	0	0	25648	0	0	0	17630	0	0	288	0	0	0	0	0	0	466	288	0	0	0	0	0	0	0	0	0	0	0	410	256	0	0	0	
250780	Occipital_Mid_R	92	0	0	0	0	0	0	0	0	0	0	0	0	0	0	0	0	0	0	232	0	0	0	0	0	0	0	0	0	0	0	0	94	1094	222	1066	0	0	0	0	0	0	0	13938	128	15458	122	3598	0	24730	0	0	0	9662	0	1402	0	4128	0	5724	0	1864	0	182	0	7306	796	15166	112	1240	0	0	0	0	0	0	0	0	0	0	0	736	0	0	0	13814	0	0	0	2376	0	0	0	0	0	0	0	0	0	0	0	0	0	0	0	0	0	0	0	0	108	0	0	0	0	0	
237988	Occipital_Inf_L	96	0	0	0	0	0	0	0	0	0	0	0	0	0	0	0	314	0	0	116	0	0	0	0	0	0	0	0	398	0	0	0	182	0	630	0	466	0	1558	0	0	0	11228	0	1100	0	16440	0	826	0	33056	0	0	0	17586	0	1266	0	182	0	252	0	484	0	182	0	5928	0	956	134	0	0	0	0	0	0	0	0	728	0	308	0	0	0	8414	0	0	0	12740	0	140	428	0	0	0	0	198	0	1112	428	0	0	0	0	0	0	0	0	0	0	0	780	338	0	0	0	
110656	Occipital_Inf_R	92	166	0	0	0	0	0	0	0	0	0	0	0	0	0	0	0	0	0	0	0	0	0	0	0	0	0	0	0	0	0	0	0	238	0	292	0	0	0	0	0	0	118	9698	180	3068	156	4548	0	4850	0	9662	0	0	0	6160	0	662	0	944	0	0	0	0	0	168	138	3114	104	218	0	0	0	0	0	0	0	0	0	0	0	378	0	0	0	3962	0	0	0	6082	0	228	0	0	0	0	0	0	0	102	0	0	0	0	0	0	0	0	0	0	0	0	0	0	0	0	
391068	Fusiform_L	238	0	772	0	0	0	0	0	0	0	0	0	0	0	0	0	192	0	938	0	304	0	0	0	0	0	0	0	2802	0	0	0	0	0	1756	352	10684	0	5456	0	3716	0	6708	0	232	0	22118	894	258	0	11400	0	17586	0	0	0	324	0	104	0	0	0	226	0	0	0	4588	0	610	0	0	0	844	0	0	0	664	0	636	0	1746	0	1138	0	5872	0	634	0	19378	0	20984	864	2950	252	372	0	9922	100	25404	792	2168	0	3210	0	266	0	0	0	0	176	1288	3138	478	0	0	0	
480496	Fusiform_R	1154	600	0	3612	0	0	0	0	0	0	0	0	0	0	0	0	0	346	0	4390	0	0	0	0	0	0	0	0	0	1394	0	0	0	110	2396	4766	124	24188	0	13308	0	5998	638	15014	232	1116	1310	21572	0	928	0	1402	0	6160	0	0	0	1424	0	0	0	128	0	366	0	0	150	7802	1224	388	0	2872	0	8000	0	96	402	674	0	92	0	956	0	4896	0	6008	0	1680	0	14002	1496	23148	106	1534	0	1176	408	12566	2234	24548	0	430	0	1540	238	0	0	106	0	0	4422	3196	1182	0	0	0	
309532	Postcentral_L	33302	0	6580	0	0	0	8054	0	0	0	3600	0	0	0	0	0	7372	0	3402	204	0	0	0	0	0	0	0	0	5266	0	0	0	424	0	1926	384	1304	0	0	0	0	0	2124	0	1626	0	406	0	640	0	8646	0	1266	0	324	0	0	0	12286	0	20560	0	6706	0	1604	0	10506	106	5850	216	1692	292	716	0	0	0	326	0	1630	0	2362	0	0	0	1738	0	0	0	1326	0	0	0	0	0	0	0	0	0	0	0	0	0	0	0	0	0	0	0	0	0	0	0	0	0	0	0	
182060	Postcentral_R	2342	12574	0	1942	0	0	0	0	0	0	0	1060	0	0	0	0	0	5204	0	3310	0	0	0	0	0	0	0	0	0	2066	0	0	228	834	1366	1302	0	478	0	124	0	0	0	1566	0	1244	0	468	0	396	0	4128	0	662	0	1424	0	0	0	4266	0	4040	0	11406	0	360	124	6154	2682	7806	0	188	0	518	0	0	0	186	0	410	0	3172	0	0	0	5564	0	0	0	1436	0	0	0	0	0	0	0	0	0	0	0	0	0	0	0	0	0	0	0	0	0	0	0	0	0	0	
167456	Parietal_Sup_L	244	0	0	0	0	0	0	0	0	0	0	0	0	0	0	0	290	0	0	92	0	0	0	0	0	0	0	0	824	0	0	0	332	0	836	0	0	0	0	0	0	0	1988	0	750	0	134	0	7612	0	17892	0	182	0	104	0	12286	0	0	0	13108	0	1390	0	3822	0	14584	0	2924	96	0	0	0	0	0	0	0	0	260	0	488	0	0	0	2154	0	0	0	1336	0	0	0	0	0	0	0	0	0	0	0	0	0	0	0	0	0	0	0	0	0	0	0	0	0	0	0	
100232	Parietal_Sup_R	0	0	0	0	0	0	0	0	0	0	0	0	0	0	0	0	0	0	0	0	0	0	0	0	0	0	0	0	0	0	0	0	0	120	0	260	0	0	0	0	0	0	0	1062	0	5224	0	0	0	9124	0	5724	0	944	0	0	0	4266	0	0	0	4624	0	556	0	4692	462	11580	0	266	0	0	0	0	0	0	0	0	0	0	0	0	0	0	0	1212	0	0	0	0	0	0	0	0	0	0	0	0	0	0	0	0	0	0	0	0	0	0	0	0	0	0	0	0	0	0	
231036	Parietal_Inf_L	3394	0	1306	0	0	0	1434	0	0	0	576	0	0	0	0	0	438	0	610	148	0	0	0	0	0	0	0	0	1424	0	0	0	110	0	972	114	0	0	0	0	0	0	1688	0	140	0	0	0	438	0	9426	0	252	0	0	0	20560	0	13108	0	0	0	14546	0	24368	0	4134	0	2106	148	262	112	0	0	0	0	0	0	792	0	988	0	0	0	8424	0	0	0	3500	0	0	0	0	0	0	0	0	0	0	0	0	0	0	0	0	0	0	0	0	0	0	0	0	0	0	0	
67064	Parietal_Inf_R	402	446	0	108	0	0	0	0	0	0	0	0	0	0	0	0	0	102	0	118	0	0	0	0	0	0	0	0	0	0	0	0	0	0	0	248	0	0	0	0	0	0	0	98	0	128	0	0	0	1510	0	1864	0	0	0	128	0	4040	0	4624	0	0	0	7134	0	10196	0	512	434	290	0	0	0	0	0	0	0	0	0	0	0	286	0	0	0	564	0	0	0	300	0	0	0	0	0	0	0	0	0	0	0	0	0	0	0	0	0	0	0	0	0	0	0	0	0	0	
125752	SupraMarginal_L	834	0	348	0	0	0	636	0	0	0	0	0	0	0	0	0	2062	0	194	0	0	0	0	0	0	0	0	0	876	0	0	0	0	0	1316	0	0	0	0	0	0	0	98	0	0	0	132	0	0	0	3602	0	484	0	226	0	6706	0	1390	0	14546	0	0	0	7622	0	1024	0	548	0	0	0	0	0	0	0	0	0	160	0	7464	0	0	0	8458	0	0	0	4150	0	0	0	0	0	0	0	0	0	0	0	0	0	0	0	0	0	0	0	0	0	0	0	0	0	0	0	
77732	SupraMarginal_R	1060	2190	0	412	0	0	0	0	0	0	0	0	0	0	0	0	0	2132	0	412	0	0	0	0	0	0	0	0	0	556	0	0	0	100	364	232	0	138	0	0	0	0	0	130	0	0	0	0	0	0	0	182	0	0	0	366	0	11406	0	556	0	7134	0	0	0	2584	0	174	1036	1300	0	0	0	0	0	0	0	0	0	320	0	5090	0	0	0	608	0	0	0	384	0	0	0	0	0	0	0	0	0	0	0	0	0	0	0	0	0	0	0	0	0	0	0	0	0	0	
153228	Angular_L	1176	0	488	0	0	0	106	0	0	0	184	0	0	0	0	0	278	0	428	156	0	0	0	0	0	0	0	0	728	0	0	0	0	0	428	0	0	0	0	0	0	0	232	0	0	0	0	0	0	0	12674	0	182	0	0	0	1604	0	3822	0	24368	0	7622	0	0	0	888	0	1910	158	0	0	0	0	0	0	0	0	1002	0	1654	0	0	0	12198	0	0	0	4328	0	0	0	0	0	0	0	0	0	0	0	0	0	0	0	0	0	0	0	0	0	0	0	0	0	0	0	
94772	Angular_R	0	190	0	0	0	0	0	0	0	0	0	0	0	0	0	0	0	0	0	0	0	0	0	0	0	0	0	0	0	0	0	0	0	0	0	0	0	0	0	0	0	0	0	0	0	874	0	0	0	4856	0	7306	0	168	0	0	0	360	0	4692	0	10196	0	2584	0	0	0	1150	0	202	0	0	0	0	0	0	0	0	0	0	0	5038	0	0	0	7830	0	0	0	1940	0	0	0	0	0	0	0	0	0	0	0	0	0	0	0	0	0	0	0	0	0	0	0	0	0	0	
366828	Precuneus_L	424	0	0	0	0	0	0	0	0	0	0	0	0	0	0	0	268	0	0	684	0	0	0	0	0	0	0	0	878	0	0	0	6274	466	10682	912	2470	0	998	0	0	0	20494	746	13600	4454	6336	232	13290	796	26690	796	5928	138	4588	150	10506	124	14584	462	4134	0	1024	0	888	0	0	4148	10452	932	0	0	0	0	0	0	144	0	336	0	232	0	0	0	5066	354	0	0	5094	0	240	0	0	0	0	0	1064	0	424	0	0	0	0	0	0	0	0	0	0	0	912	0	0	0	0	0	
326372	Precuneus_R	412	0	0	0	0	0	0	0	0	0	0	0	0	0	0	0	0	0	0	986	0	0	0	0	0	0	0	0	0	0	0	0	552	5478	3376	12140	700	2016	470	3460	0	0	154	18530	294	22820	136	6880	0	13690	0	15166	0	3114	0	7802	106	6154	0	11580	0	512	0	174	0	1150	4148	0	912	4906	0	0	0	0	0	0	0	0	0	0	0	388	0	0	0	8158	0	0	0	1214	0	0	0	0	0	0	0	1120	0	118	0	0	0	0	0	0	0	0	0	0	4370	0	0	0	0	0	
404160	Paracentral_Lobule_L	40654	3798	5212	692	0	0	1620	0	0	0	0	0	0	0	0	0	108	0	10146	12388	0	0	0	0	0	0	0	0	1736	0	0	0	8466	7676	4702	3342	3726	1302	132	446	0	0	546	496	780	0	372	252	206	0	7190	112	956	104	610	1224	5850	2682	2924	0	2106	434	548	1036	1910	0	10452	912	0	12098	4564	138	5758	102	3762	0	19594	832	1152	0	108	270	0	0	3096	406	0	0	1886	372	0	0	0	0	0	0	0	0	0	0	0	0	0	0	0	0	0	0	0	0	94	0	0	0	0	0	
204356	Paracentral_Lobule_R	6720	4028	0	186	0	0	0	0	0	0	0	0	0	0	0	0	0	0	502	24816	0	0	0	0	0	0	0	0	0	0	0	0	2292	14986	3362	4404	0	0	0	0	0	0	134	1462	124	642	0	182	0	294	650	1240	134	218	0	388	216	7806	96	266	148	290	0	1300	158	202	932	4906	12098	0	350	1728	0	0	0	0	648	1880	0	0	0	632	0	0	462	976	0	0	208	112	0	0	0	0	0	0	0	0	0	0	0	0	0	0	0	0	0	0	0	0	0	0	0	0	0	0	
298956	Caudate_L	12564	2152	8240	3198	948	352	7180	1940	0	0	5520	2238	4580	798	1192	0	368	196	9388	1086	6330	7080	368	482	832	114	2758	412	9470	2728	5116	3968	0	740	0	0	0	0	0	0	0	0	0	0	0	0	0	0	0	0	0	0	0	0	0	0	1692	0	0	0	262	0	0	0	0	0	0	0	4564	350	0	16252	12588	1398	2778	0	6976	160	0	0	120	0	0	0	0	0	0	0	0	0	0	0	0	0	0	0	0	0	0	0	0	0	0	0	0	0	0	0	0	0	0	0	0	0	0	0	
576372	Caudate_R	3756	4424	2128	35684	146	5184	4954	5698	0	0	4118	13490	3528	8232	258	2256	96	4390	1526	28622	2784	5150	498	6396	0	3618	964	4824	6184	20548	3486	24730	250	3626	0	0	0	3878	0	1128	0	0	0	0	0	0	0	0	0	0	0	0	0	0	0	2872	292	188	0	0	112	0	0	0	0	0	0	0	138	1728	16252	0	2706	28570	0	1728	308	15304	0	0	0	216	0	974	0	0	0	0	0	244	0	0	0	0	0	0	0	0	0	0	0	0	0	0	0	0	0	0	0	0	0	0	0	0	0	0	
283920	Putamen_L	9806	0	21098	126	7654	0	702	0	1522	0	1488	0	2304	0	3324	0	236	0	22216	0	1658	2502	1894	94	738	0	906	270	18828	0	5838	1534	0	0	0	108	4794	0	650	0	650	0	0	0	0	0	0	0	0	0	0	0	0	0	844	0	716	0	0	0	0	0	0	0	0	0	0	0	5758	0	12588	2706	0	92	4720	0	1612	0	198	0	396	0	450	0	172	0	0	0	768	0	0	0	0	0	0	0	0	0	0	0	0	0	0	0	0	0	0	0	0	0	0	0	0	0	0	0	
336588	Putamen_R	762	1020	590	20582	0	4270	870	1564	0	0	424	4690	238	2742	0	2358	0	2436	590	19590	0	516	0	3784	0	1942	0	2998	542	19266	108	11000	0	1642	0	0	0	10146	0	3414	0	1252	0	0	0	0	0	0	0	0	0	0	0	0	0	8000	0	518	0	0	0	0	0	0	0	0	0	0	102	0	1398	28570	92	0	0	2658	0	4596	0	0	0	168	0	1232	0	92	0	342	0	894	0	0	0	0	0	0	0	0	0	296	0	0	0	0	0	0	0	0	0	0	0	0	0	0	0	0	
52304	Pallidum_L	4990	204	3162	0	0	0	0	0	0	0	0	0	0	0	0	0	0	0	4700	0	0	0	0	0	0	0	0	0	0	0	0	0	0	0	0	0	456	0	0	0	0	0	0	0	0	0	0	0	0	0	0	0	0	0	0	0	0	0	0	0	0	0	0	0	0	0	0	0	3762	0	2778	0	4720	0	0	0	1380	0	0	0	0	0	0	0	0	0	0	0	0	0	0	0	0	0	0	0	0	0	0	0	0	0	0	0	0	0	0	0	0	0	0	0	0	0	0	0	
21196	Pallidum_R	0	0	0	2890	0	0	0	0	0	0	0	0	0	0	0	0	0	0	148	2498	0	0	0	0	0	0	0	0	0	120	0	170	0	0	0	0	0	180	0	110	0	0	0	0	0	0	0	0	0	0	0	0	0	0	0	96	0	0	0	0	0	0	0	0	0	0	0	0	0	0	0	1728	0	2658	0	0	0	0	0	0	0	0	0	0	0	0	0	0	0	0	0	0	0	0	0	0	0	0	0	0	0	0	0	0	0	0	0	0	0	0	0	0	0	0	0	0	
144152	Thalamus_L	12352	2430	1776	0	0	0	340	0	0	0	0	0	0	0	0	0	0	0	1474	544	0	0	0	0	0	0	0	0	1184	0	0	0	0	402	244	2944	5506	2652	2028	1210	0	0	0	0	0	0	142	0	0	0	0	0	0	0	664	402	326	0	0	0	0	0	0	0	0	0	144	0	19594	648	6976	308	1612	0	1380	0	0	2858	0	0	258	0	0	0	332	0	0	0	1346	0	0	0	0	0	0	0	0	0	0	0	0	0	0	0	0	0	0	0	0	0	0	0	0	0	0	0	
120612	Thalamus_R	828	9036	850	4652	0	0	232	428	0	0	0	306	0	0	0	0	0	442	840	4430	0	0	0	0	0	0	0	0	0	662	0	1410	0	0	0	526	0	5434	0	2250	0	0	0	0	0	0	0	858	0	0	0	0	0	0	0	674	0	186	0	0	0	0	0	0	0	0	0	0	832	1880	160	15304	0	4596	0	0	2858	0	0	0	0	0	0	0	0	0	0	0	0	0	0	0	0	0	0	378	0	254	0	0	0	0	0	0	0	0	0	0	0	0	0	0	0	0	0	0	
59308	Heschl_L	2990	0	1402	0	0	0	232	0	0	0	0	0	0	0	0	0	1890	0	1624	0	0	0	0	0	0	0	0	0	5898	0	0	0	0	0	332	116	988	0	0	0	0	0	0	0	0	0	0	0	0	0	948	0	728	0	636	0	1630	0	260	0	792	0	160	0	1002	0	336	0	1152	0	0	0	198	0	0	0	0	0	0	0	1136	0	0	0	3564	0	0	0	1640	0	0	0	0	0	0	0	0	0	0	0	0	0	0	0	0	0	0	0	0	0	0	0	0	0	0	0	
19068	Heschl_R	0	244	0	0	0	0	0	270	0	0	0	210	0	0	0	0	0	1942	0	100	0	0	0	0	0	0	0	0	0	1242	0	0	0	0	0	0	0	0	0	0	0	0	0	0	0	0	0	0	0	0	0	0	0	0	0	92	0	410	0	0	0	0	0	320	0	0	0	0	0	0	0	0	0	0	0	0	0	0	0	0	0	4450	0	0	0	254	0	0	0	0	0	0	0	0	0	0	0	0	0	0	0	0	0	0	0	0	0	0	0	0	0	0	0	0	0	0	
178964	Temporal_Sup_L	4302	0	6044	0	0	0	1590	0	0	0	3824	0	156	0	0	0	8708	0	5504	0	0	0	0	0	0	0	0	0	8818	120	0	0	0	0	306	0	1896	0	0	0	0	0	0	0	0	0	0	0	0	0	1138	0	308	0	1746	0	2362	0	488	0	988	0	7464	0	1654	0	232	0	108	0	120	0	396	0	0	0	258	0	1136	0	0	0	2578	0	16416	0	0	0	10822	0	0	0	0	0	0	0	0	0	0	0	0	0	0	0	0	0	0	0	0	0	0	0	0	0	0	0	
110616	Temporal_Sup_R	250	494	0	950	0	0	0	562	0	0	0	512	0	0	0	0	0	4430	0	968	0	0	0	0	0	0	0	0	0	3652	0	0	0	314	0	130	0	376	0	174	0	0	0	216	0	162	0	0	0	172	0	736	0	378	0	956	0	3172	0	0	0	286	0	5090	0	5038	0	388	270	632	0	216	0	168	0	0	0	0	0	4450	0	0	0	3000	0	13780	0	674	0	2712	0	0	0	0	0	0	0	0	0	0	0	0	0	0	0	0	0	0	0	0	0	0	0	0	0	0	
54184	Temporal_Pole_Sup_L	118	0	1256	0	708	0	328	0	0	0	1410	0	286	0	902	0	1454	0	950	0	470	0	0	0	0	0	0	0	3632	0	0	0	0	0	0	0	774	0	470	0	720	0	0	0	0	0	0	0	0	0	0	0	0	0	1138	0	0	0	0	0	0	0	0	0	0	0	0	0	0	0	0	0	450	0	0	0	0	0	0	0	2578	0	0	0	3840	0	2536	0	3072	0	0	0	0	0	0	0	0	0	0	0	0	0	0	0	0	0	0	0	0	0	0	0	0	0	0	0	
68816	Temporal_Pole_Sup_R	0	210	0	694	0	0	0	446	0	0	0	1620	0	0	0	0	0	1850	0	458	0	0	0	0	0	0	0	0	0	2480	0	0	0	0	0	0	0	956	0	2528	0	2624	0	0	0	0	0	0	0	0	0	0	0	0	0	4896	0	0	0	0	0	0	0	0	0	0	0	0	0	0	0	974	0	1232	0	0	0	0	0	0	0	3000	0	0	0	2520	0	5478	0	2442	0	0	0	0	0	0	0	0	0	0	0	0	0	0	0	0	0	0	0	0	0	0	0	0	0	0	
313076	Temporal_Mid_L	246	0	284	0	0	0	0	0	0	0	0	0	0	0	0	0	1032	0	352	430	0	0	0	0	0	0	0	0	1798	0	0	0	170	164	868	250	1188	0	0	0	336	0	2672	0	732	0	1762	0	874	0	25648	0	8414	0	5872	0	1738	0	2154	0	8424	0	8458	0	12198	0	5066	0	3096	462	0	0	172	0	0	0	332	0	3564	0	16416	0	3840	0	0	0	2148	0	35378	0	0	0	0	0	0	0	0	0	0	0	0	0	0	0	0	0	0	0	0	0	0	0	0	0	0	0	
209296	Temporal_Mid_R	394	752	0	0	0	0	0	0	0	0	0	0	0	0	0	0	0	190	0	114	0	0	0	0	0	0	0	0	0	772	0	0	0	870	192	548	0	1360	0	208	0	0	0	4692	0	1450	0	774	0	2444	0	13814	0	3962	0	6008	0	5564	0	1212	0	564	0	608	0	7830	354	8158	406	976	0	0	0	92	0	0	0	0	0	254	0	13780	0	2520	0	0	0	1788	0	21998	0	0	0	0	0	0	0	0	0	0	0	0	0	0	0	0	0	0	0	0	0	0	0	0	0	0	
16644	Temporal_Pole_Mid_L	0	0	0	0	0	0	0	0	0	0	0	0	0	0	0	0	0	0	0	0	0	0	0	0	0	0	0	0	290	0	0	0	0	0	0	0	158	0	482	0	108	0	0	0	0	0	0	0	0	0	0	0	0	0	634	0	0	0	0	0	0	0	0	0	0	0	0	0	0	0	0	0	0	0	0	0	0	0	0	0	0	0	2536	0	2148	0	0	0	1966	0	0	0	0	0	0	0	0	0	0	0	0	0	0	0	0	0	0	0	0	0	0	0	0	0	0	0	
29628	Temporal_Pole_Mid_R	0	0	0	0	0	0	0	0	0	0	0	0	0	0	0	0	0	0	0	0	0	0	0	0	0	0	0	0	0	0	0	0	0	0	0	0	0	322	0	1400	0	816	0	0	0	0	0	0	0	0	0	0	0	0	0	1680	0	0	0	0	0	0	0	0	0	0	0	0	0	0	0	0	0	342	0	0	0	0	0	0	0	674	0	5478	0	1788	0	0	0	2314	0	0	0	0	0	0	0	0	0	0	0	0	0	0	0	0	0	0	0	0	0	0	0	0	0	0	
321092	Temporal_Inf_L	392	0	796	0	0	0	0	0	0	0	0	0	0	0	0	0	628	0	932	178	0	0	0	0	0	0	0	0	2850	0	0	0	152	0	1758	924	9696	172	380	126	2358	0	3296	0	628	0	2114	0	280	0	17630	0	12740	0	19378	0	1326	0	1336	0	3500	0	4150	0	4328	0	5094	0	1886	208	0	0	768	0	0	0	1346	0	1640	0	10822	0	3072	0	35378	0	1966	0	0	0	2846	0	1066	0	0	0	198	0	774	0	796	0	638	0	0	0	0	0	0	0	0	0	0	0	0	0	
151396	Temporal_Inf_R	368	744	0	510	0	0	0	0	0	0	0	0	0	0	0	0	0	122	0	582	0	0	0	0	0	0	0	0	0	144	0	0	0	0	0	190	0	3220	0	464	0	298	108	5678	0	742	0	1010	0	1072	0	2376	0	6082	0	14002	0	1436	0	0	0	300	0	384	0	1940	0	1214	372	112	0	244	0	894	0	0	0	0	0	0	0	2712	0	2442	0	21998	0	2314	0	0	0	1130	0	170	0	0	0	0	0	222	0	102	0	0	0	0	0	0	0	0	0	0	0	0	0	0	
566408	Cerebelum_Crus1_L	0	0	0	0	0	0	0	0	0	0	0	0	0	0	0	0	0	0	0	0	0	0	0	0	0	0	0	0	0	0	0	0	0	0	0	0	0	0	0	0	0	0	1912	238	0	0	9440	6062	0	0	0	0	140	0	20984	1496	0	0	0	0	0	0	0	0	0	0	240	0	0	0	0	0	0	0	0	0	0	0	0	0	0	0	0	0	0	0	0	0	2846	0	0	11750	37218	6500	978	260	16138	1434	58102	7952	23568	986	26524	1724	6336	476	1728	0	0	310	5208	17522	13662	596	654	220	
565084	Cerebelum_Crus1_R	0	0	0	0	0	0	0	0	0	0	0	0	0	0	0	0	0	0	0	0	0	0	0	0	0	0	0	0	0	0	0	0	0	0	0	0	0	0	0	0	0	0	418	0	0	0	2798	13054	0	0	288	0	428	228	864	23148	0	0	0	0	0	0	0	0	0	0	0	0	0	0	0	0	0	0	0	0	0	0	0	0	0	0	0	0	0	0	0	0	0	1130	11750	0	3960	39154	0	2904	970	17814	12092	58156	2898	6442	3226	18918	1520	4122	274	1148	270	1480	8218	17110	19196	4122	3768	674	
337008	Cerebelum_Crus2_L	0	0	0	0	0	0	0	0	0	0	0	0	0	0	0	0	0	0	0	0	0	0	0	0	0	0	0	0	0	0	0	0	0	0	0	0	0	0	0	0	0	0	98	0	0	0	278	340	0	0	0	0	0	0	2950	106	0	0	0	0	0	0	0	0	0	0	0	0	0	0	0	0	0	0	0	0	0	0	0	0	0	0	0	0	0	0	0	0	1066	0	37218	3960	0	8966	0	0	830	122	6446	1434	41778	4258	35378	2780	4872	0	342	0	0	0	360	2058	11548	1316	0	0	
366020	Cerebelum_Crus2_R	0	0	0	0	0	0	0	0	0	0	0	0	0	0	0	0	0	0	0	0	0	0	0	0	0	0	0	0	0	0	0	0	0	0	0	0	0	0	0	0	0	0	0	0	0	0	608	1512	0	0	0	0	0	0	252	1534	0	0	0	0	0	0	0	0	0	0	0	0	0	0	0	0	0	0	0	0	0	0	0	0	0	0	0	0	0	0	0	0	0	170	6500	39154	8966	0	0	420	250	2108	4090	12278	7700	20854	4730	29350	1266	4844	0	884	146	366	1298	6204	18556	4812	3514	644	
38640	Cerebelum_3_L	0	0	0	0	0	0	0	0	0	0	0	0	0	0	0	0	0	0	0	0	0	0	0	0	0	0	0	0	0	0	0	0	0	0	0	0	94	0	634	0	0	0	414	0	0	0	1042	440	0	0	0	0	0	0	372	0	0	0	0	0	0	0	0	0	0	0	0	0	0	0	0	0	0	0	0	0	0	0	0	0	0	0	0	0	0	0	0	0	0	0	978	0	0	0	0	0	6174	98	2174	184	0	0	134	0	828	0	114	0	968	1524	2730	418	0	0	0	0	
65680	Cerebelum_3_R	0	0	0	0	0	0	0	0	0	0	0	0	0	0	0	0	0	0	0	0	0	0	0	0	0	0	0	0	0	0	0	0	0	0	0	0	92	454	144	574	0	0	146	0	0	0	240	828	0	0	0	0	0	0	0	1176	0	0	0	0	0	0	0	0	0	0	0	0	0	0	0	0	0	0	0	0	0	378	0	0	0	0	0	0	0	0	0	0	0	0	260	2904	0	420	0	0	688	6010	520	6648	0	0	0	752	122	1206	0	116	1032	3238	1796	1100	518	526	952	0	
262312	Cerebelum_4_5_L	0	0	0	0	0	0	0	0	0	0	0	0	0	0	0	0	0	0	0	0	0	0	0	0	0	0	0	0	0	0	0	0	0	0	104	0	346	0	1248	0	0	0	6234	0	0	0	17102	2760	0	0	0	0	198	0	9922	408	0	0	0	0	0	0	0	0	0	0	1064	0	0	0	0	0	0	0	0	0	0	0	0	0	0	0	0	0	0	0	0	0	198	0	16138	970	830	250	6174	688	0	1506	28994	1900	1512	0	2200	256	4324	910	682	0	1148	2560	13820	3888	498	292	924	1108	
226008	Cerebelum_4_5_R	0	0	0	0	0	0	0	0	0	0	0	0	0	0	0	0	0	0	0	0	0	0	0	0	0	0	0	0	0	0	0	0	0	0	0	336	102	1396	0	1918	0	0	698	132	0	0	866	11928	0	0	0	0	0	0	100	12566	0	0	0	0	0	0	0	0	0	0	0	1120	0	0	0	0	0	0	0	0	0	254	0	0	0	0	0	0	0	0	0	0	0	0	1434	17814	122	2108	98	6010	1506	0	2546	28660	0	142	146	2222	494	382	0	262	134	1024	10988	2832	2050	146	468	0	
540464	Cerebelum_6_L	0	0	0	0	0	0	0	0	0	0	0	0	0	0	0	0	0	0	0	0	0	0	0	0	0	0	0	0	0	0	0	0	0	0	0	0	0	0	0	0	0	0	4652	274	0	0	18896	9344	0	0	466	0	1112	0	25404	2234	0	0	0	0	0	0	0	0	0	0	424	0	0	0	0	0	0	0	0	0	0	0	0	0	0	0	0	0	0	0	0	0	774	0	58102	12092	6446	4090	2174	520	28994	2546	0	10818	7996	96	12754	1476	6990	830	1670	258	372	1126	10666	23886	9512	1174	1438	626	
469612	Cerebelum_6_R	0	0	0	180	0	0	0	0	0	0	0	0	0	0	0	0	0	0	0	192	0	0	0	0	0	0	0	0	0	0	0	0	0	0	0	0	0	520	0	314	0	0	724	0	0	0	3044	14972	0	0	288	0	428	102	792	24548	0	0	0	0	0	0	0	0	0	0	0	118	0	0	0	0	0	296	0	0	0	0	0	0	0	0	0	0	0	0	0	0	0	222	7952	58156	1434	12278	184	6648	1900	28660	10818	0	716	2324	1144	9640	1460	1734	262	666	314	2118	10908	15808	9850	1408	1490	194	
304572	Cerebelum_7b_L	0	0	0	0	0	0	0	0	0	0	0	0	0	0	0	0	0	0	0	0	0	0	0	0	0	0	0	0	0	0	0	0	0	0	0	0	0	0	0	0	0	0	0	0	0	0	238	0	0	0	0	0	0	0	2168	0	0	0	0	0	0	0	0	0	0	0	0	0	0	0	0	0	0	0	0	0	0	0	0	0	0	0	0	0	0	0	0	0	796	0	23568	2898	41778	7700	0	0	1512	0	7996	716	0	4062	35966	3498	4914	222	516	0	0	0	94	1402	10140	1928	174	0	
149192	Cerebelum_7b_R	0	0	0	0	0	0	0	0	0	0	0	0	0	0	0	0	0	0	0	0	0	0	0	0	0	0	0	0	0	0	0	0	0	0	0	0	0	0	0	0	0	0	0	0	0	0	0	0	0	0	0	0	0	0	0	430	0	0	0	0	0	0	0	0	0	0	0	0	0	0	0	0	0	0	0	0	0	0	0	0	0	0	0	0	0	0	0	0	0	102	986	6442	4258	20854	0	0	0	142	96	2324	4062	0	1956	23260	0	2920	0	0	0	0	108	102	4596	1958	0	0	
347172	Cerebelum_8_L	0	0	0	0	0	0	0	0	0	0	0	0	0	0	0	0	0	0	0	0	0	0	0	0	0	0	0	0	0	0	0	0	0	0	0	0	0	0	0	0	0	0	108	0	0	0	632	600	0	0	0	0	0	0	3210	0	0	0	0	0	0	0	0	0	0	0	0	0	0	0	0	0	0	0	0	0	0	0	0	0	0	0	0	0	0	0	0	0	638	0	26524	3226	35378	4730	134	0	2200	146	12754	1144	35966	1956	0	4666	16996	804	2546	258	0	140	494	3106	9278	4642	1310	0	
273188	Cerebelum_8_R	0	0	0	0	0	0	0	0	0	0	0	0	0	0	0	0	0	0	0	0	0	0	0	0	0	0	0	0	0	0	0	0	0	0	0	0	0	0	0	0	0	0	0	0	0	0	106	408	0	0	0	0	0	0	0	1540	0	0	0	0	0	0	0	0	0	0	0	0	0	0	0	0	0	0	0	0	0	0	0	0	0	0	0	0	0	0	0	0	0	0	1724	18918	2780	29350	0	752	256	2222	1476	9640	3498	23260	4666	0	1060	13668	0	996	196	660	1172	1670	9058	4780	2280	458	
146464	Cerebelum_9_L	0	0	0	0	0	0	0	0	0	0	0	0	0	0	0	0	0	0	0	0	0	0	0	0	0	0	0	0	0	0	0	0	0	0	0	0	0	0	0	0	0	0	702	0	0	0	1016	1032	0	0	0	0	0	0	266	238	0	0	0	0	0	0	0	0	0	0	0	0	0	0	0	0	0	0	0	0	0	0	0	0	0	0	0	0	0	0	0	0	0	0	6336	1520	4872	1266	828	122	4324	494	6990	1460	4914	0	16996	1060	0	654	4618	162	0	372	3126	3446	2956	1244	1216	1002	
122080	Cerebelum_9_R	0	0	0	0	0	0	0	0	0	0	0	0	0	0	0	0	0	0	0	0	0	0	0	0	0	0	0	0	0	0	0	0	0	0	0	0	0	0	0	0	0	0	130	0	0	0	134	238	0	0	0	0	0	0	0	0	0	0	0	0	0	0	0	0	0	0	0	0	0	0	0	0	0	0	0	0	0	0	0	0	0	0	0	0	0	0	0	0	0	0	476	4122	0	4844	0	1206	910	382	830	1734	222	2920	804	13668	654	0	0	1534	842	2368	2274	3004	4660	5016	6592	1476	
27444	Cerebelum_10_L	0	0	0	0	0	0	0	0	0	0	0	0	0	0	0	0	0	0	0	0	0	0	0	0	0	0	0	0	0	0	0	0	0	0	0	0	0	0	0	0	0	0	0	0	0	0	0	202	0	0	0	0	0	0	0	0	0	0	0	0	0	0	0	0	0	0	0	0	0	0	0	0	0	0	0	0	0	0	0	0	0	0	0	0	0	0	0	0	0	0	1728	274	342	0	114	0	682	0	1670	262	516	0	2546	0	4618	0	0	0	0	0	100	402	266	0	0	0	
19636	Cerebelum_10_R	0	0	0	0	0	0	0	0	0	0	0	0	0	0	0	0	0	0	0	0	0	0	0	0	0	0	0	0	0	0	0	0	0	0	0	0	0	0	0	0	0	0	0	0	0	0	0	0	0	0	0	0	0	0	0	106	0	0	0	0	0	0	0	0	0	0	0	0	0	0	0	0	0	0	0	0	0	0	0	0	0	0	0	0	0	0	0	0	0	0	0	1148	0	884	0	116	0	262	258	666	0	0	258	996	162	1534	0	0	0	178	0	184	1254	918	894	0	
28816	Vermis_1_2	0	0	0	0	0	0	0	0	0	0	0	0	0	0	0	0	0	0	0	0	0	0	0	0	0	0	0	0	0	0	0	0	0	0	0	0	0	0	100	0	0	0	356	0	0	0	390	98	0	0	0	0	0	0	0	0	0	0	0	0	0	0	0	0	0	0	0	0	0	0	0	0	0	0	0	0	0	0	0	0	0	0	0	0	0	0	0	0	0	0	0	270	0	146	968	1032	1148	134	372	314	0	0	0	196	0	842	0	0	0	4450	2380	418	162	226	406	0	
68164	Vermis_3	0	0	0	0	0	0	0	0	0	0	0	0	0	0	0	0	0	0	0	0	0	0	0	0	0	0	0	0	0	0	0	0	0	0	0	0	282	0	446	0	0	0	506	0	0	0	770	546	0	0	0	0	0	0	176	0	0	0	0	0	0	0	0	0	0	0	0	0	0	0	0	0	0	0	0	0	0	0	0	0	0	0	0	0	0	0	0	0	0	0	310	1480	0	366	1524	3238	2560	1024	1126	2118	0	0	140	660	372	2368	0	178	4450	0	4934	1760	560	654	1280	254	
288992	Vermis_4_5	144	0	0	0	0	0	0	0	0	0	0	0	0	0	0	0	0	0	0	0	0	0	0	0	0	0	0	0	0	0	0	0	0	128	1812	3632	928	582	540	648	0	0	6162	732	0	100	8052	12796	0	0	0	108	0	0	1288	4422	0	0	0	0	0	0	0	0	0	0	912	4370	94	0	0	0	0	0	0	0	0	0	0	0	0	0	0	0	0	0	0	0	0	0	5208	8218	360	1298	2730	1796	13820	10988	10666	10908	94	108	494	1172	3126	2274	100	0	2380	4934	0	9428	2010	802	1836	2296	
320924	Vermis_6	0	0	0	0	0	0	0	0	0	0	0	0	0	0	0	0	0	0	0	0	0	0	0	0	0	0	0	0	0	0	0	0	0	0	0	0	0	0	0	0	0	0	634	276	0	0	4732	10664	0	0	410	0	780	0	3138	3196	0	0	0	0	0	0	0	0	0	0	0	0	0	0	0	0	0	0	0	0	0	0	0	0	0	0	0	0	0	0	0	0	0	0	17522	17110	2058	6204	418	1100	3888	2832	23886	15808	1402	102	3106	1670	3446	3004	402	184	418	1760	9428	0	11864	2238	3544	3238	
