data	data	519264	315664	661600	613752	131712	114412	483724	208688	80436	73960	175800	222108	210180	149120	150140	74036	138724	100656	517596	600460	120652	108860	249436	309044	22696	112104	82700	86892	500660	281124	244872	488192	107420	515848	162560	158916	260576	268744	59844	185012	48844	47904	285592	359928	174156	346060	293948	350732	216716	371660	621156	258200	282160	164716	344252	419356	250008	219676	263360	159944	216300	78200	100268	61404	145904	96804	335900	402996	160932	170076	320112	373084	295108	349200	35116	59248	100172	90312	89592	10564	156272	73184	81220	46636	238128	221464	27620	10376	241104	168508	464064	419700	323852	296212	28656	73564	233380	261812	438500	417076	195604	131468	263836	306336	120312	107528	16312	17444	24200	85020	200552	239548	282188	145444	79548	31608	
data	data	Precentral_L	Precentral_R	Frontal_Sup_L	Frontal_Sup_R	Frontal_Sup_Orb_L	Frontal_Sup_Orb_R	Frontal_Mid_L	Frontal_Mid_R	Frontal_Mid_Orb_L	Frontal_Mid_Orb_R	Frontal_Inf_Oper_L	Frontal_Inf_Oper_R	Frontal_Inf_Tri_L	Frontal_Inf_Tri_R	Frontal_Inf_Orb_L	Frontal_Inf_Orb_R	Rolandic_Oper_L	Rolandic_Oper_R	Supp_Motor_Area_L	Supp_Motor_Area_R	Olfactory_L	Olfactory_R	Frontal_Sup_Medial_L	Frontal_Sup_Medial_R	Frontal_Med_Orb_L	Frontal_Med_Orb_R	Rectus_L	Rectus_R	Insula_L	Insula_R	Cingulum_Ant_L	Cingulum_Ant_R	Cingulum_Mid_L	Cingulum_Mid_R	Cingulum_Post_L	Cingulum_Post_R	Hippocampus_L	Hippocampus_R	ParaHippocampal_L	ParaHippocampal_R	Amygdala_L	Amygdala_R	Calcarine_L	Calcarine_R	Cuneus_L	Cuneus_R	Lingual_L	Lingual_R	Occipital_Sup_L	Occipital_Sup_R	Occipital_Mid_L	Occipital_Mid_R	Occipital_Inf_L	Occipital_Inf_R	Fusiform_L	Fusiform_R	Postcentral_L	Postcentral_R	Parietal_Sup_L	Parietal_Sup_R	Parietal_Inf_L	Parietal_Inf_R	SupraMarginal_L	SupraMarginal_R	Angular_L	Angular_R	Precuneus_L	Precuneus_R	Paracentral_Lobule_L	Paracentral_Lobule_R	Caudate_L	Caudate_R	Putamen_L	Putamen_R	Pallidum_L	Pallidum_R	Thalamus_L	Thalamus_R	Heschl_L	Heschl_R	Temporal_Sup_L	Temporal_Sup_R	Temporal_Pole_Sup_L	Temporal_Pole_Sup_R	Temporal_Mid_L	Temporal_Mid_R	Temporal_Pole_Mid_L	Temporal_Pole_Mid_R	Temporal_Inf_L	Temporal_Inf_R	Cerebelum_Crus1_L	Cerebelum_Crus1_R	Cerebelum_Crus2_L	Cerebelum_Crus2_R	Cerebelum_3_L	Cerebelum_3_R	Cerebelum_4_5_L	Cerebelum_4_5_R	Cerebelum_6_L	Cerebelum_6_R	Cerebelum_7b_L	Cerebelum_7b_R	Cerebelum_8_L	Cerebelum_8_R	Cerebelum_9_L	Cerebelum_9_R	Cerebelum_10_L	Cerebelum_10_R	Vermis_1_2	Vermis_3	Vermis_4_5	Vermis_6	Vermis_7	Vermis_8	Vermis_9	Vermis_10	
519264	Precentral_L	0	3470	9614	3966	0	0	27034	526	926	0	6832	264	2000	0	1286	0	8754	230	2368	16612	0	0	0	0	0	0	0	0	15260	246	360	148	422	12140	3914	2904	7956	876	270	392	0	0	80	0	246	0	0	0	306	0	6548	0	556	0	552	400	27234	2526	5278	0	4788	0	2850	0	530	0	3826	0	15304	4730	11076	1176	8982	1660	2590	678	20334	416	4294	0	2852	0	0	0	614	0	0	0	436	0	0	0	0	0	0	0	0	0	0	0	0	0	0	0	0	0	0	0	0	0	0	0	0	0	0	0	
315664	Precentral_R	3470	0	964	23182	0	0	502	12014	0	96	1424	6968	1022	162	116	146	120	2770	604	2798	0	0	0	134	0	104	0	0	2196	1640	0	476	120	3784	4196	6818	736	4608	90	944	0	0	0	2296	0	458	0	588	0	398	110	554	0	1398	98	2274	86	23448	80	84	0	0	0	748	0	0	140	4150	2208	13198	1792	4726	342	2188	0	666	610	8186	126	112	0	1156	208	986	0	1022	0	0	0	1192	0	0	0	0	0	0	0	0	0	0	0	0	0	0	0	0	0	0	0	0	0	0	0	0	0	0	
661600	Frontal_Sup_L	9614	964	0	12262	4832	194	64680	1132	1690	180	6380	910	13126	468	4278	148	2314	146	53692	12706	0	0	30890	854	216	196	0	0	21922	880	13680	5900	3560	3518	0	0	2568	346	0	174	0	0	0	0	0	0	0	0	0	0	554	0	0	0	518	148	678	0	428	0	518	0	260	0	0	0	320	0	666	184	15598	3986	20404	3898	972	1040	3114	0	510	0	1282	0	856	0	74	0	0	0	372	0	0	0	0	0	0	0	0	0	0	0	0	0	0	0	0	0	0	0	0	0	0	0	0	0	0	0	
613752	Frontal_Sup_R	3966	23182	12262	0	0	3216	4030	24004	0	1148	1372	4062	1216	4116	122	982	0	514	20488	30918	0	0	11132	36174	0	3486	0	230	2002	5034	6022	31408	1488	25152	324	532	680	2424	74	546	0	0	0	80	0	0	0	134	0	0	0	74	0	0	74	458	88	776	0	0	0	0	0	340	0	0	0	134	230	104	5982	14228	998	8742	0	1104	608	9932	104	0	0	106	82	0	0	114	0	0	0	78	0	0	0	0	0	0	0	0	0	0	0	0	0	0	0	0	0	0	0	0	0	0	0	0	0	0	
131712	Frontal_Sup_Orb_L	0	0	4832	0	0	0	2144	0	9214	0	0	0	390	0	10194	0	0	0	0	0	4502	1506	1740	0	3232	0	6670	782	3674	0	5138	1100	0	0	0	0	86	0	482	0	658	0	0	0	0	0	0	0	0	0	0	0	0	0	0	0	0	0	0	0	0	0	0	0	0	0	0	0	0	0	2002	1044	5956	0	0	0	0	0	0	0	0	0	510	0	0	0	0	0	0	0	0	0	0	0	0	0	0	0	0	0	0	0	0	0	0	0	0	0	0	0	0	0	0	0	0	0	
114412	Frontal_Sup_Orb_R	0	0	194	3216	0	0	0	0	0	4900	0	0	0	0	0	2188	0	0	302	458	72	2310	636	4378	0	11746	0	8784	0	726	1130	4964	0	0	0	0	0	0	0	0	0	114	0	0	0	0	0	0	0	0	0	0	0	0	0	0	0	0	0	0	0	0	0	0	0	0	0	0	0	0	222	5524	0	5342	0	0	0	0	0	0	0	0	0	0	0	0	0	0	0	0	0	0	0	0	0	0	0	0	0	0	0	0	0	0	0	0	0	0	0	0	0	0	0	0	0	0	
483724	Frontal_Mid_L	27034	502	64680	4030	2144	0	0	488	5892	80	6926	310	27916	166	7806	74	558	264	13170	2976	356	0	12854	440	0	0	372	0	15718	354	5586	1840	1148	1138	0	0	1862	728	88	470	118	0	0	0	92	0	0	0	0	0	1794	0	0	0	0	462	1056	0	1538	0	1574	0	396	0	250	0	854	0	0	88	8648	1784	6796	2832	840	906	2746	0	552	0	226	0	164	0	72	0	0	0	104	0	0	0	0	0	0	0	0	0	0	0	0	0	0	0	0	0	0	0	0	0	0	0	0	0	0	0	
208688	Frontal_Mid_R	526	12014	1132	24004	0	0	488	0	0	894	0	13396	0	12798	0	2138	0	260	3196	3532	0	0	126	3430	0	194	0	0	0	2938	518	2406	0	2398	0	0	0	608	0	150	0	0	0	138	0	0	0	126	0	0	0	180	0	134	0	312	0	1720	0	118	0	0	0	390	0	0	0	246	102	188	2978	2184	606	5320	0	1352	190	270	0	0	0	214	0	0	0	282	0	0	0	148	0	0	0	0	0	0	0	0	0	0	0	0	0	0	0	0	0	0	0	0	0	0	0	0	0	0	
80436	Frontal_Mid_Orb_L	926	0	1690	0	9214	0	5892	0	0	0	0	0	1968	0	13208	0	0	0	86	0	460	0	0	0	286	0	1574	0	2826	0	74	0	0	0	0	0	0	0	0	0	142	0	0	0	0	0	0	0	0	0	0	0	0	0	0	0	240	0	0	0	0	0	0	0	0	0	0	0	0	0	746	0	722	0	0	0	0	0	0	0	0	0	164	0	0	0	0	0	0	0	0	0	0	0	0	0	0	0	0	0	0	0	0	0	0	0	0	0	0	0	0	0	0	0	0	0	
73960	Frontal_Mid_Orb_R	0	96	180	1148	0	4900	80	894	0	0	0	940	0	1542	0	10820	0	0	210	514	0	388	146	980	0	1548	0	1154	0	1954	162	1036	0	0	0	0	0	0	0	0	0	0	0	0	0	0	0	0	0	0	0	0	0	0	0	0	0	0	0	0	0	0	0	0	0	0	0	0	0	0	98	3800	0	4390	0	0	0	0	0	0	0	0	0	0	0	0	0	0	0	0	0	0	0	0	0	0	0	0	0	0	0	0	0	0	0	0	0	0	0	0	0	0	0	0	0	0	
175800	Frontal_Inf_Oper_L	6832	1424	6380	1372	0	0	6926	0	0	0	0	0	12858	0	328	0	7312	0	750	356	0	0	142	0	0	0	0	0	23372	0	2256	1066	0	0	0	0	1732	0	0	0	0	0	0	0	0	0	0	0	0	0	150	0	0	0	602	0	2714	0	144	0	92	0	394	0	0	0	108	0	0	182	364	0	2434	0	0	0	0	0	1100	0	3020	0	3374	0	0	0	0	0	116	0	0	0	0	0	0	0	0	0	0	0	0	0	0	0	0	0	0	0	0	0	0	0	0	0	0	0	
222108	Frontal_Inf_Oper_R	264	6968	910	4062	0	0	310	13396	0	940	0	0	0	9348	0	1652	0	8946	2878	2156	0	0	0	904	0	214	0	0	0	15708	534	2650	0	728	0	0	0	1042	0	556	0	0	0	912	0	268	0	264	0	160	0	730	0	590	0	822	0	596	0	0	0	0	0	164	0	0	0	922	0	0	3952	5828	1538	10024	0	3370	0	332	0	184	0	1724	0	2720	0	1222	0	0	0	566	0	0	0	0	0	0	0	0	0	0	0	0	0	0	0	0	0	0	0	0	0	0	0	0	0	0	
210180	Frontal_Inf_Tri_L	2000	1022	13126	1216	390	0	27916	0	1968	0	12858	0	0	0	5382	0	496	0	1562	358	0	0	510	0	0	0	76	0	27002	0	1932	606	0	0	0	0	276	0	0	0	0	0	0	0	0	0	0	0	0	0	0	0	0	0	0	0	348	0	0	0	0	0	0	0	0	0	0	0	0	0	884	118	4204	178	102	0	0	0	0	0	242	0	318	0	0	0	0	0	0	0	0	0	0	0	0	0	0	0	0	0	0	0	0	0	0	0	0	0	0	0	0	0	0	0	0	0	
149120	Frontal_Inf_Tri_R	0	162	468	4116	0	0	166	12798	0	1542	0	9348	0	0	0	3280	0	0	3026	5182	0	0	88	2098	0	92	0	0	0	14434	224	4674	0	2982	0	0	0	102	0	0	0	0	0	0	0	0	0	0	0	0	0	0	0	0	0	0	0	0	0	0	0	0	0	0	0	0	0	0	0	0	300	5164	170	3254	0	890	0	0	0	0	0	0	0	0	0	0	0	0	0	0	0	0	0	0	0	0	0	0	0	0	0	0	0	0	0	0	0	0	0	0	0	0	0	0	0	0	
150140	Frontal_Inf_Orb_L	1286	116	4278	122	10194	0	7806	0	13208	0	328	0	5382	0	0	0	0	0	992	116	3046	0	0	0	0	0	1286	0	15246	0	82	0	0	0	0	0	1356	0	560	0	1710	0	0	0	0	0	0	0	0	0	0	0	0	0	0	0	252	0	0	0	0	0	0	0	0	0	0	0	0	0	976	0	5196	0	0	0	0	0	0	0	0	0	1532	0	0	0	0	0	0	0	0	0	0	0	0	0	0	0	0	0	0	0	0	0	0	0	0	0	0	0	0	0	0	0	0	0	
74036	Frontal_Inf_Orb_R	0	146	148	982	0	2188	74	2138	0	10820	0	1652	0	3280	0	0	0	0	180	534	0	1266	0	0	0	0	0	1602	0	5202	0	140	0	132	0	0	0	0	0	0	0	192	0	0	0	0	0	0	0	0	0	0	0	0	0	0	0	0	0	0	0	0	0	0	0	0	0	0	0	0	0	3208	0	3052	0	82	0	0	0	0	0	0	0	0	0	0	0	0	0	0	0	0	0	0	0	0	0	0	0	0	0	0	0	0	0	0	0	0	0	0	0	0	0	0	0	0	
138724	Rolandic_Oper_L	8754	120	2314	0	0	0	558	0	0	0	7312	0	496	0	0	0	0	0	0	224	0	0	0	0	0	0	0	0	16142	0	0	0	0	0	0	0	1288	0	0	0	0	0	0	0	0	0	0	0	0	0	1826	0	1252	0	902	0	6934	0	418	0	118	0	1064	0	0	0	350	0	120	102	126	0	694	0	0	0	0	0	4660	0	9356	0	1686	0	1168	0	0	0	1378	0	0	0	0	0	0	0	0	0	0	0	0	0	0	0	0	0	0	0	0	0	0	0	0	0	0	0	
100656	Rolandic_Oper_R	230	2770	146	514	0	0	264	260	0	0	0	8946	0	0	0	0	0	0	1128	350	0	0	0	0	0	0	0	0	0	11404	0	0	0	0	0	0	0	530	0	200	0	0	0	486	0	562	0	110	0	654	0	286	0	382	0	442	0	2490	0	0	0	0	0	1474	0	0	0	1396	0	0	434	418	0	4196	0	1348	0	384	0	2064	0	2996	0	2600	0	564	0	0	0	300	0	0	0	0	0	0	0	0	0	0	0	0	0	0	0	0	0	0	0	0	0	0	0	0	0	0	
517596	Supp_Motor_Area_L	2368	604	53692	20488	0	302	13170	3196	86	210	750	2878	1562	3026	992	180	0	1128	0	43886	0	0	5932	8268	0	308	0	0	3584	3692	6080	14390	9292	29944	968	140	286	320	0	190	0	0	0	0	128	0	0	0	0	0	162	0	0	0	0	150	72	0	110	0	94	0	0	0	0	0	524	0	5640	90	6324	4252	2596	4248	730	1026	280	0	0	0	0	0	0	460	0	0	0	0	0	0	0	0	0	0	0	0	0	0	0	0	0	0	0	0	0	0	0	0	0	0	0	0	0	0	0	0	
600460	Supp_Motor_Area_R	16612	2798	12706	30918	0	458	2976	3532	0	514	356	2156	358	5182	116	534	224	350	43886	0	0	0	2254	12222	0	442	0	0	1026	4628	1332	19602	3628	71542	1120	1202	94	624	0	358	0	0	0	192	0	100	0	80	0	0	0	0	0	0	0	254	218	2198	0	0	0	0	0	0	0	0	104	958	13856	10642	4000	10098	1016	9192	72	198	830	2228	0	0	120	0	124	0	0	0	0	0	0	0	0	0	0	0	0	0	0	0	0	0	0	0	0	0	0	0	0	0	0	0	0	0	0	0	0	0	
120652	Olfactory_L	0	0	0	0	4502	72	356	0	460	0	0	0	0	0	3046	0	0	0	0	0	0	8982	0	0	410	0	7490	2192	3344	0	3738	2872	0	0	0	0	1132	0	790	0	1640	0	0	0	0	0	0	0	0	0	0	0	0	0	0	0	0	0	0	0	0	0	0	0	0	0	0	0	0	0	9786	6048	2994	148	0	0	0	0	0	0	0	0	324	0	0	0	0	0	0	0	0	0	0	0	0	0	0	0	0	0	0	0	0	0	0	0	0	0	0	0	0	0	0	0	0	0	
108860	Olfactory_R	0	0	0	0	1506	2310	0	0	0	388	0	0	0	0	0	1266	0	0	0	0	8982	0	0	0	72	930	5194	5866	0	1876	2908	3524	0	0	0	0	0	0	0	172	0	638	0	0	0	0	0	0	0	0	0	0	0	0	0	0	0	0	0	0	0	0	0	0	0	0	0	0	0	0	8142	7832	2356	468	0	0	0	0	0	0	0	0	0	0	0	0	0	0	0	0	0	0	0	0	0	0	0	0	0	0	0	0	0	0	0	0	0	0	0	0	0	0	0	0	0	0	
249436	Frontal_Sup_Medial_L	0	0	30890	11132	1740	636	12854	126	0	146	142	0	510	88	0	0	0	0	5932	2254	0	0	0	14192	780	884	0	0	334	122	14076	12254	4888	7548	0	0	0	0	0	0	0	0	0	0	0	0	0	0	0	0	0	0	0	0	0	0	0	0	0	0	0	0	0	0	0	0	0	0	0	0	1554	96	1540	0	0	0	0	0	0	0	0	0	0	0	0	0	0	0	0	0	0	0	0	0	0	0	0	0	0	0	0	0	0	0	0	0	0	0	0	0	0	0	0	0	0	0	
309044	Frontal_Sup_Medial_R	0	134	854	36174	0	4378	440	3430	0	980	0	904	0	2098	0	0	0	0	8268	12222	0	0	14192	0	180	6154	0	84	0	2480	4822	28814	250	18980	0	0	0	74	0	0	0	0	0	0	0	0	0	0	0	0	0	0	0	0	0	0	0	0	0	0	0	0	0	0	0	0	0	0	0	0	288	4820	0	3304	0	198	0	0	0	0	0	0	0	0	0	0	0	0	0	0	0	0	0	0	0	0	0	0	0	0	0	0	0	0	0	0	0	0	0	0	0	0	0	0	0	0	
22696	Frontal_Med_Orb_L	0	0	216	0	3232	0	0	0	286	0	0	0	0	0	0	0	0	0	0	0	410	72	780	180	0	454	1748	0	0	0	2886	176	0	0	0	0	0	0	0	0	0	0	0	0	0	0	0	0	0	0	0	0	0	0	0	0	0	0	0	0	0	0	0	0	0	0	0	0	0	0	456	0	452	0	0	0	0	0	0	0	0	0	0	0	0	0	0	0	0	0	0	0	0	0	0	0	0	0	0	0	0	0	0	0	0	0	0	0	0	0	0	0	0	0	0	0	
112104	Frontal_Med_Orb_R	0	104	196	3486	0	11746	0	194	0	1548	0	214	0	92	0	0	0	0	308	442	0	930	884	6154	454	0	0	7058	0	106	1624	8306	0	0	0	0	0	0	0	0	0	0	0	0	0	0	0	0	0	0	0	0	0	0	0	0	0	0	0	0	0	0	0	0	0	0	0	0	0	0	220	6828	0	5158	0	0	0	0	0	0	0	0	0	0	0	0	0	0	0	0	0	0	0	0	0	0	0	0	0	0	0	0	0	0	0	0	0	0	0	0	0	0	0	0	0	0	
82700	Rectus_L	0	0	0	0	6670	0	372	0	1574	0	0	0	76	0	1286	0	0	0	0	0	7490	5194	0	0	1748	0	0	1784	442	0	3590	1638	0	0	0	0	0	0	252	0	406	0	0	0	0	0	0	0	0	0	0	0	0	0	0	0	0	0	0	0	0	0	0	0	0	0	0	0	0	0	4768	3092	968	0	0	0	0	0	0	0	0	0	0	0	0	0	0	0	0	0	0	0	0	0	0	0	0	0	0	0	0	0	0	0	0	0	0	0	0	0	0	0	0	0	0	0	
86892	Rectus_R	0	0	0	230	782	8784	0	0	0	1154	0	0	0	0	0	1602	0	0	0	0	2192	5866	0	84	0	7058	1784	0	0	1222	952	3550	0	0	0	0	0	0	0	0	0	178	0	0	0	0	0	0	0	0	0	0	0	0	0	0	0	0	0	0	0	0	0	0	0	0	0	0	0	0	1342	4396	316	1954	0	0	0	0	0	0	0	0	0	0	0	0	0	0	0	0	0	0	0	0	0	0	0	0	0	0	0	0	0	0	0	0	0	0	0	0	0	0	0	0	0	0	
500660	Insula_L	15260	2196	21922	2002	3674	0	15718	0	2826	0	23372	0	27002	0	15246	0	16142	0	3584	1026	3344	0	334	0	0	0	442	0	0	74	1164	364	0	0	0	0	16046	0	1010	0	3320	0	80	0	0	0	0	0	0	0	1228	0	914	0	5194	0	5636	0	336	0	156	0	648	0	0	0	344	0	286	234	2946	230	23848	334	232	0	762	0	8494	0	9890	0	7060	0	1782	0	0	0	3628	0	0	0	0	0	0	0	0	0	0	0	0	0	0	0	0	0	0	0	0	0	0	0	0	0	0	0	
281124	Insula_R	246	1640	880	5034	0	726	354	2938	0	1954	0	15708	0	14434	0	5202	0	11404	3692	4628	0	1876	122	2480	0	106	0	1222	74	0	128	5696	0	1806	0	0	76	5564	0	2848	0	2340	0	96	0	142	0	0	0	120	0	0	0	184	0	3032	0	384	0	0	0	0	0	84	0	0	0	286	0	0	876	8952	0	23850	0	2948	0	404	0	752	0	1498	0	1566	0	648	0	0	0	1562	0	0	0	0	0	0	0	0	0	0	0	0	0	0	0	0	0	0	0	0	0	0	0	0	0	0	
244872	Cingulum_Ant_L	360	0	13680	6022	5138	1130	5586	518	74	162	2256	534	1932	224	82	0	0	0	6080	1332	3738	2908	14076	4822	2886	1624	3590	952	1164	128	0	19166	3984	2978	454	0	132	0	0	0	0	0	0	0	0	0	0	0	0	0	0	0	0	0	0	0	0	0	0	0	0	0	0	0	0	0	0	0	0	0	6178	3436	4576	462	0	72	0	0	0	0	0	0	0	0	0	0	0	0	0	0	0	0	0	0	0	0	0	0	0	0	0	0	0	0	0	0	0	0	0	0	0	0	0	0	0	0	
488192	Cingulum_Ant_R	148	476	5900	31408	1100	4964	1840	2406	0	1036	1066	2650	606	4674	0	140	0	0	14390	19602	2872	3524	12254	28814	176	8306	1638	3550	364	5696	19166	0	3238	25436	0	326	0	176	0	112	0	0	0	0	0	0	0	0	0	0	0	0	0	0	0	0	0	0	0	0	0	0	0	0	0	0	0	128	0	0	2986	21844	510	9872	0	702	0	0	0	0	0	0	0	0	0	0	0	0	0	0	0	0	0	0	0	0	0	0	0	0	0	0	0	0	0	0	0	0	0	0	0	0	0	0	0	0	
107420	Cingulum_Mid_L	422	120	3560	1488	0	0	1148	0	0	0	0	0	0	0	0	0	0	0	9292	3628	0	0	4888	250	0	0	0	0	0	0	3984	3238	0	7950	3562	480	0	0	0	0	0	0	360	110	520	80	0	0	92	0	684	0	100	0	0	0	0	110	138	0	0	0	0	0	0	0	3386	156	3272	306	186	0	200	0	0	0	0	0	0	0	0	0	0	0	0	0	0	0	0	0	0	0	0	0	0	0	0	0	0	0	0	0	0	0	0	0	0	0	0	0	0	0	0	0	0	0	
515848	Cingulum_Mid_R	12140	3784	3518	25152	0	0	1138	2398	0	0	0	728	0	2982	0	132	0	0	29944	71542	0	0	7548	18980	0	0	0	0	0	1806	2978	25436	7950	0	1126	4100	0	214	0	0	0	0	0	188	0	680	0	0	0	0	0	0	0	0	0	80	0	2748	0	0	0	0	0	0	0	0	286	1932	13400	8952	1800	1258	568	1054	0	0	690	692	0	0	0	0	0	0	0	0	0	0	0	0	0	0	0	0	0	0	0	0	0	0	0	0	0	0	0	0	0	0	0	0	0	0	0	0	0	0	
162560	Cingulum_Post_L	3914	4196	0	324	0	0	0	0	0	0	0	0	0	0	0	0	0	0	968	1120	0	0	0	0	0	0	0	0	0	0	454	0	3562	1126	0	11606	5784	2508	626	618	0	0	5238	0	2406	0	3820	550	302	0	530	0	280	72	1934	262	2910	3772	238	0	388	0	0	0	0	0	9448	560	5588	4290	348	0	0	0	0	0	1036	176	138	0	0	0	0	0	0	0	0	0	92	0	0	0	0	0	0	0	0	96	0	0	0	0	0	0	0	0	0	0	0	0	0	0	0	0	0	0	
158916	Cingulum_Post_R	2904	6818	0	532	0	0	0	0	0	0	0	0	0	0	0	0	0	0	140	1202	0	0	0	0	0	0	0	0	0	0	0	326	480	4100	11606	0	4408	5552	376	1592	0	0	0	964	0	128	0	4654	0	0	166	0	0	696	362	890	104	6918	132	0	0	0	0	0	0	0	1254	10286	866	6560	370	0	0	0	0	0	1734	682	210	0	0	0	0	0	0	0	0	0	0	1332	0	0	0	0	0	0	0	332	0	0	0	0	0	0	0	0	0	0	0	0	782	0	0	0	0	0	
260576	Hippocampus_L	7956	736	2568	680	86	0	1862	0	0	0	1732	0	276	0	1356	0	1288	0	286	94	1132	0	0	0	0	0	0	0	16046	76	132	0	0	0	5784	4408	0	3634	8306	1350	8312	0	3426	0	530	0	4734	1168	0	0	164	0	262	0	15252	0	1936	0	0	0	0	0	154	0	0	0	5352	1034	306	0	242	0	6952	96	680	0	3482	450	2418	0	2470	0	1858	0	1288	0	106	0	7382	0	0	0	0	0	0	0	0	370	0	0	0	0	0	0	0	0	0	0	0	0	76	0	0	0	0	0	
268744	Hippocampus_R	876	4608	346	2424	0	0	728	608	0	0	0	1042	0	102	0	0	0	530	320	624	0	0	0	74	0	0	0	0	0	5564	0	176	0	214	2508	5552	3634	0	444	26398	0	8856	0	148	0	0	0	6798	0	0	0	82	0	1252	366	27798	0	332	0	0	0	0	0	0	0	0	686	4168	0	294	856	190	0	10708	0	264	1214	3444	172	0	0	650	0	776	0	1146	0	0	0	4428	0	0	0	0	0	128	0	1802	0	0	0	0	0	0	0	0	0	0	0	0	1042	0	0	0	0	0	
59844	ParaHippocampal_L	270	90	0	74	482	0	88	0	0	0	0	0	0	0	560	0	0	0	0	0	790	0	0	0	0	0	252	0	1010	0	0	0	0	0	626	376	8306	444	0	162	1624	0	704	0	0	0	3604	178	0	0	150	0	616	0	4666	0	118	0	0	0	0	0	0	0	0	0	1696	102	0	0	0	0	434	0	0	0	208	0	0	0	0	0	126	0	0	0	144	0	558	0	0	0	0	0	216	278	566	78	204	0	0	0	0	0	0	0	0	0	0	122	0	0	0	0	0	0	
185012	ParaHippocampal_R	392	944	174	546	0	0	470	150	0	0	0	556	0	0	0	0	0	200	190	358	0	172	0	0	0	0	0	0	0	2848	0	112	0	0	618	1592	1350	26398	162	0	0	3494	0	254	0	0	0	10496	0	0	0	0	0	508	0	19652	0	0	0	0	0	0	0	0	0	0	458	2378	0	0	520	90	0	7142	0	252	196	1428	0	0	0	198	0	162	0	174	0	0	0	350	0	188	0	0	386	1372	224	4202	0	236	0	0	0	0	0	0	0	0	0	376	538	0	0	0	0	0	
48844	Amygdala_L	0	0	0	0	658	0	118	0	142	0	0	0	0	0	1710	0	0	0	0	0	1640	0	0	0	0	0	406	0	3320	0	0	0	0	0	0	0	8312	0	1624	0	0	0	0	0	0	0	0	0	0	0	0	0	0	0	3100	0	0	0	0	0	0	0	0	0	0	0	0	0	0	0	118	0	0	0	0	0	194	0	0	0	0	0	1286	0	0	0	82	0	1712	0	0	0	0	0	0	0	0	0	0	0	0	0	0	0	0	0	0	0	0	0	0	0	0	0	0	0	
47904	Amygdala_R	0	0	0	0	0	114	0	0	0	0	0	0	0	0	0	192	0	0	0	0	0	638	0	0	0	0	0	178	0	2340	0	0	0	0	0	0	0	8856	0	3494	0	0	0	0	0	0	0	0	0	0	0	0	0	0	0	5556	0	0	0	0	0	0	0	0	0	0	0	0	0	0	0	0	0	1234	0	0	0	0	0	0	0	0	0	1350	0	0	0	0	0	0	0	0	0	0	0	0	0	0	0	0	0	0	0	0	0	0	0	0	0	0	0	0	0	0	0	0	
285592	Calcarine_L	80	0	0	0	0	0	0	0	0	0	0	0	0	0	0	0	0	0	0	0	0	0	0	0	0	0	0	0	80	0	0	0	360	0	5238	0	3426	0	704	0	0	0	0	5480	13568	2856	19172	1670	11150	1576	32148	352	14780	74	3210	182	1826	0	2496	0	1360	0	0	0	202	0	15980	338	1396	0	0	0	0	0	0	0	0	0	0	0	88	0	0	0	1310	0	0	0	1694	0	0	0	0	0	0	0	0	0	0	0	0	0	0	0	0	0	0	0	0	0	0	0	0	0	0	0	
359928	Calcarine_R	0	2296	0	80	0	0	0	138	0	0	0	912	0	0	0	0	0	486	0	192	0	0	0	0	0	0	0	0	0	96	0	0	110	188	0	964	0	148	0	254	0	0	5480	0	3756	32426	1790	14632	0	25386	0	19002	0	10352	0	6988	0	3470	0	4252	0	582	0	512	0	360	1894	29236	0	2090	0	0	0	0	0	0	0	0	0	0	0	112	0	190	0	6940	0	0	0	4056	0	88	0	0	0	0	0	0	0	124	0	0	0	0	0	0	0	0	0	0	382	0	0	0	0	0	
174156	Cuneus_L	246	0	0	0	0	0	92	0	0	0	0	0	0	0	0	0	0	0	128	0	0	0	0	0	0	0	0	0	0	0	0	0	520	0	2406	0	530	0	0	0	0	0	13568	3756	0	4974	3698	150	18382	1698	17004	348	3382	154	580	0	130	0	2204	0	76	0	0	0	0	0	11714	310	746	0	0	0	0	0	0	0	0	0	0	0	0	0	0	0	178	0	0	0	104	0	0	0	0	0	0	0	0	0	0	0	0	0	0	0	0	0	0	0	0	0	0	0	0	0	0	0	
346060	Cuneus_R	0	458	0	0	0	0	0	0	0	0	0	268	0	0	0	0	0	562	0	100	0	0	0	0	0	0	0	0	0	142	0	0	80	680	0	128	0	0	0	0	0	0	2856	32426	4974	0	128	4994	0	45600	0	14866	0	4792	0	2030	0	938	0	10254	0	302	0	570	0	290	1482	32526	0	1524	0	0	0	0	0	0	0	0	0	0	0	1086	0	0	0	6502	0	0	0	2472	0	0	0	0	0	0	0	0	0	0	0	0	0	0	0	0	0	0	0	0	0	0	0	0	0	0	
293948	Lingual_L	0	0	0	0	0	0	0	0	0	0	0	0	0	0	0	0	0	0	0	0	0	0	0	0	0	0	0	0	0	0	0	0	0	0	3820	0	4734	0	3604	0	0	0	19172	1790	3698	128	0	3616	5032	0	16326	0	14228	168	17664	936	84	0	1218	0	100	0	0	0	0	0	8048	0	694	0	0	0	0	0	0	0	0	0	0	0	0	0	0	0	0	0	0	0	148	0	8036	2694	308	0	0	0	4816	958	14324	3474	140	0	396	0	0	0	0	0	0	0	1754	4720	146	0	0	0	
350732	Lingual_R	0	588	0	134	0	0	0	126	0	0	0	264	0	0	0	0	0	110	0	80	0	0	0	0	0	0	0	0	0	0	0	0	0	0	550	4654	1168	6798	178	10496	0	0	1670	14632	150	4994	3616	0	0	5398	0	5614	158	6408	1380	28240	0	2568	0	462	0	688	0	200	0	0	532	9868	0	192	0	0	0	0	0	0	174	808	0	0	0	0	0	0	0	130	0	0	0	1280	1910	9516	374	594	444	1486	898	12380	4376	13250	0	82	0	540	0	106	0	80	0	662	5726	7644	990	0	0	0	
216716	Occipital_Sup_L	306	0	0	0	0	0	0	0	0	0	0	0	0	0	0	0	0	0	0	0	0	0	0	0	0	0	0	0	0	0	0	0	92	0	302	0	0	0	0	0	0	0	11150	0	18382	0	5032	0	0	0	36354	0	7594	0	290	0	322	0	13452	0	1488	0	0	0	674	0	12564	82	154	0	0	0	0	0	0	0	0	0	0	0	0	0	0	0	120	0	0	0	0	0	0	0	0	0	0	0	0	0	0	0	0	0	0	0	0	0	0	0	0	0	0	0	0	0	0	0	
371660	Occipital_Sup_R	0	398	0	0	0	0	0	0	0	0	0	160	0	0	0	0	0	654	0	0	0	0	0	0	0	0	0	0	0	120	0	0	0	0	0	0	0	0	0	0	0	0	1576	25386	1698	45600	0	5398	0	0	0	22506	0	5678	0	2032	0	1428	0	19764	0	3522	0	1592	0	7668	174	28312	0	392	0	0	0	0	0	0	0	0	0	80	0	1040	0	0	0	7318	0	0	0	3334	0	0	0	0	0	0	0	0	0	0	0	0	0	0	0	0	0	0	0	0	0	0	0	0	0	0	
621156	Occipital_Mid_L	6548	110	554	0	0	0	1794	0	0	0	150	0	0	0	0	0	1826	0	162	0	0	0	0	0	0	0	0	0	1228	0	0	0	684	0	530	166	164	0	150	0	0	0	32148	0	17004	0	16326	0	36354	0	0	0	43084	0	3404	0	12106	108	36848	0	16414	0	1404	0	21670	0	27244	0	830	110	74	0	0	0	0	0	0	0	1422	0	2266	0	0	0	17526	0	0	0	10170	0	0	0	0	0	0	0	0	0	0	0	0	0	0	0	0	0	0	0	0	0	0	0	0	0	0	0	
258200	Occipital_Mid_R	0	554	0	74	0	0	0	180	0	0	0	730	0	0	0	0	0	286	0	0	0	0	0	0	0	0	0	0	0	0	0	0	0	0	0	0	0	82	0	0	0	0	352	19002	348	14866	0	5614	0	22506	0	0	0	10648	0	3556	0	1150	0	7084	0	3386	0	486	0	11198	178	9678	0	416	0	0	0	0	0	0	0	0	0	0	0	0	0	106	0	15036	0	0	0	1044	0	254	0	0	0	0	0	0	0	286	0	0	0	0	0	0	0	0	0	0	0	0	0	0	0	0	
282160	Occipital_Inf_L	556	0	0	0	0	0	0	0	0	0	0	0	0	0	0	0	1252	0	0	0	0	0	0	0	0	0	0	0	914	0	0	0	100	0	280	0	262	0	616	0	0	0	14780	0	3382	0	14228	158	7594	0	43084	0	0	0	11336	98	4422	0	3716	0	1246	0	160	0	286	0	5832	0	400	0	0	0	0	0	0	0	0	0	1678	0	1744	0	0	0	5336	0	0	0	13282	0	270	734	0	0	0	0	0	124	1460	808	0	0	0	0	0	0	0	0	0	0	0	942	0	0	0	0	
164716	Occipital_Inf_R	0	1398	0	0	0	0	0	134	0	0	0	590	0	0	0	0	0	382	0	0	0	0	0	0	0	0	0	0	0	184	0	0	0	0	72	696	0	1252	0	508	0	0	74	10352	154	4792	168	6408	0	5678	0	10648	0	0	126	9308	0	2640	0	1642	0	156	0	232	0	632	0	5734	0	524	0	0	0	0	0	0	0	0	0	0	0	112	0	86	0	4824	0	0	0	9072	216	646	72	74	0	0	0	132	378	1354	0	0	0	0	0	0	0	0	0	0	0	908	0	0	0	0	
344252	Fusiform_L	552	98	518	74	0	0	0	0	0	0	602	0	0	0	0	0	902	0	0	0	0	0	0	0	0	0	0	0	5194	0	0	0	0	0	1934	362	15252	366	4666	0	3100	0	3210	0	580	0	17664	1380	290	0	3404	0	11336	126	0	662	844	0	134	0	108	0	168	0	0	0	2236	0	242	0	0	0	1444	0	0	0	172	0	1110	0	2560	0	2578	0	4062	0	1352	0	17204	0	19662	2560	962	0	74	0	6840	762	25250	3184	174	0	438	0	334	0	0	0	0	0	1164	4078	158	0	0	0	
419356	Fusiform_R	400	2274	148	458	0	0	462	312	0	0	0	822	0	0	0	0	0	442	150	254	0	0	0	0	0	0	0	0	0	3032	0	0	0	80	262	890	0	27798	0	19652	0	5556	182	6988	0	2030	936	28240	0	2032	0	3556	98	9308	662	0	0	2226	0	540	0	784	0	252	0	0	0	2200	0	310	524	0	0	6324	0	184	0	306	0	0	0	956	0	5730	0	2950	0	654	0	10330	1052	15996	194	1252	0	562	160	9140	2136	20328	0	0	0	414	0	0	0	0	0	210	1578	4748	614	0	0	0	
250008	Postcentral_L	27234	86	678	88	0	0	1056	0	240	0	2714	0	348	0	252	0	6934	0	72	218	0	0	0	0	0	0	0	0	5636	0	0	0	0	0	2910	104	1936	0	118	0	0	0	1826	0	130	0	84	0	322	0	12106	0	4422	0	844	0	0	0	8304	0	15726	0	7958	0	946	0	3258	0	2070	88	1952	0	4052	0	1418	0	460	0	2632	0	3310	0	0	0	630	0	0	0	1842	0	0	0	0	0	0	0	0	0	0	0	0	0	0	0	0	0	0	0	0	0	0	0	0	0	0	0	
219676	Postcentral_R	2526	23448	0	776	0	0	0	1720	0	0	0	596	0	0	0	0	0	2490	0	2198	0	0	0	0	0	0	0	0	0	384	0	0	110	2748	3772	6918	0	332	0	0	0	0	0	3470	0	938	0	2568	0	1428	108	1150	0	2640	0	2226	0	0	78	5552	0	6120	0	6276	0	1326	200	7432	2046	13670	372	0	0	82	0	0	0	138	0	94	0	288	0	0	0	1832	0	0	0	1786	0	0	0	0	0	0	0	0	0	0	0	0	0	0	0	0	0	0	0	0	0	0	0	0	0	0	
263360	Parietal_Sup_L	5278	80	428	0	0	0	1538	0	0	0	144	0	0	0	0	0	418	0	110	0	0	0	0	0	0	0	0	0	336	0	0	0	138	0	238	132	0	0	0	0	0	0	2496	0	2204	0	1218	0	13452	0	36848	0	3716	0	134	0	8304	78	0	0	14390	0	1140	0	6742	0	27258	112	790	80	0	0	0	0	0	0	0	0	88	0	660	0	0	0	2180	0	0	0	950	0	0	0	0	0	0	0	0	0	0	0	0	0	0	0	0	0	0	0	0	0	0	0	0	0	0	0	
159944	Parietal_Sup_R	0	84	0	0	0	0	0	118	0	0	0	0	0	0	0	0	0	0	0	0	0	0	0	0	0	0	0	0	0	0	0	0	0	0	0	0	0	0	0	0	0	0	0	4252	0	10254	0	462	0	19764	0	7084	0	1642	0	540	0	5552	0	0	0	6794	0	2170	0	7190	0	10886	0	1488	0	0	0	0	0	0	0	0	0	0	0	74	0	0	0	1206	0	0	0	412	0	0	0	0	0	0	0	0	0	0	0	0	0	0	0	0	0	0	0	0	0	0	0	0	0	0	
216300	Parietal_Inf_L	4788	0	518	0	0	0	1574	0	0	0	92	0	0	0	0	0	118	0	94	0	0	0	0	0	0	0	0	0	156	0	0	0	0	0	388	0	0	0	0	0	0	0	1360	0	76	0	100	0	1488	0	16414	0	1246	0	108	0	15726	0	14390	0	0	0	13978	0	20958	0	3874	0	114	0	112	0	82	0	0	0	118	0	0	0	1748	0	0	0	7782	0	0	0	748	0	0	0	0	0	0	0	0	0	0	0	0	0	0	0	0	0	0	0	0	0	0	0	0	0	0	0	
78200	Parietal_Inf_R	0	0	0	0	0	0	0	0	0	0	0	0	0	0	0	0	0	0	0	0	0	0	0	0	0	0	0	0	0	0	0	0	0	0	0	0	0	0	0	0	0	0	0	582	0	302	0	688	0	3522	0	3386	0	156	0	784	0	6120	0	6794	0	0	0	6698	0	8744	0	484	0	0	0	0	0	0	0	0	0	0	0	0	0	0	0	0	0	736	0	0	0	104	0	0	0	0	0	0	0	0	0	0	0	0	0	0	0	0	0	0	0	0	0	0	0	0	0	0	
100268	SupraMarginal_L	2850	0	260	0	0	0	396	0	0	0	394	0	0	0	0	0	1064	0	0	0	0	0	0	0	0	0	0	0	648	0	0	0	0	0	0	0	154	0	0	0	0	0	0	0	0	0	0	0	0	0	1404	0	160	0	168	0	7958	0	1140	0	13978	0	0	0	6426	0	1030	0	0	0	0	0	168	0	0	0	0	0	0	0	4634	0	0	0	7134	0	0	0	168	0	0	0	0	0	0	0	0	0	0	0	0	0	0	0	0	0	0	0	0	0	0	0	0	0	0	0	
61404	SupraMarginal_R	0	748	0	340	0	0	0	390	0	0	0	164	0	0	0	0	0	1474	0	0	0	0	0	0	0	0	0	0	0	84	0	0	0	0	0	0	0	0	0	0	0	0	0	512	0	570	0	200	0	1592	0	486	0	232	0	252	0	6276	0	2170	0	6698	0	0	0	1488	0	1410	0	0	0	0	0	0	0	0	0	0	0	84	0	3038	0	0	0	2168	0	0	0	326	0	0	0	0	0	0	0	0	0	0	0	0	0	0	0	0	0	0	0	0	0	0	0	0	0	0	
145904	Angular_L	530	0	0	0	0	0	250	0	0	0	0	0	0	0	0	0	0	0	0	0	0	0	0	0	0	0	0	0	0	0	0	0	0	0	0	0	0	0	0	0	0	0	202	0	0	0	0	0	674	0	21670	0	286	0	0	0	946	0	6742	0	20958	0	6426	0	0	0	3662	0	0	0	0	0	0	0	0	0	0	0	0	0	1210	0	0	0	8750	0	0	0	646	0	0	0	0	0	0	0	0	0	0	0	0	0	0	0	0	0	0	0	0	0	0	0	0	0	0	0	
96804	Angular_R	0	0	0	0	0	0	0	0	0	0	0	0	0	0	0	0	0	0	0	0	0	0	0	0	0	0	0	0	0	0	0	0	0	0	0	0	0	0	0	0	0	0	0	360	0	290	0	0	0	7668	0	11198	0	632	0	0	0	1326	0	7190	0	8744	0	1488	0	0	0	248	0	0	0	0	0	0	0	0	0	0	0	0	0	2134	0	0	0	6422	0	0	0	702	0	0	0	0	0	0	0	0	0	0	0	0	0	0	0	0	0	0	0	0	0	0	0	0	0	0	
335900	Precuneus_L	3826	140	320	0	0	0	854	0	0	0	108	0	0	0	0	0	350	0	524	104	0	0	0	0	0	0	0	0	344	0	0	0	3386	286	9448	1254	5352	686	1696	458	0	0	15980	1894	11714	1482	8048	532	12564	174	27244	178	5832	0	2236	0	3258	200	27258	0	3874	0	1030	0	3662	0	0	3172	3330	364	0	0	0	0	0	0	0	0	122	0	514	0	0	0	2188	142	0	0	1822	0	0	0	0	0	0	0	0	0	0	0	0	0	0	0	0	0	0	0	0	0	0	0	0	0	0	0	
402996	Precuneus_R	0	4150	0	134	0	0	0	246	0	0	0	922	0	0	0	0	0	1396	0	958	0	0	0	0	0	0	0	0	0	286	0	128	156	1932	560	10286	1034	4168	102	2378	0	0	338	29236	310	32526	0	9868	82	28312	0	9678	0	5734	0	2200	0	7432	112	10886	0	484	0	1410	0	248	3172	0	0	7498	0	0	0	0	0	0	0	286	0	134	0	1438	0	220	0	11690	0	0	0	6486	0	0	0	0	0	0	0	1014	0	0	0	0	0	0	0	0	0	0	0	0	1868	0	0	0	0	0	
160932	Paracentral_Lobule_L	15304	2208	666	230	0	0	0	102	0	0	0	0	0	0	0	0	120	0	5640	13856	0	0	0	0	0	0	0	0	286	0	0	0	3272	13400	5588	866	306	0	0	0	0	0	1396	0	746	0	694	0	154	0	830	0	400	0	242	0	2070	2046	790	0	114	0	0	0	0	0	3330	0	0	4010	1056	0	324	0	0	0	74	0	0	0	170	0	0	0	0	0	0	0	176	0	0	0	0	0	0	0	0	0	0	0	0	0	0	0	0	0	0	0	0	0	0	0	0	0	0	0	
170076	Paracentral_Lobule_R	4730	13198	184	104	0	0	88	188	0	0	182	0	0	0	0	0	102	0	90	10642	0	0	0	0	0	0	0	0	234	0	0	0	306	8952	4290	6560	0	294	0	0	0	0	0	2090	0	1524	0	192	0	392	110	416	0	524	0	310	88	13670	80	1488	0	0	0	0	0	0	364	7498	4010	0	442	326	0	0	0	0	94	362	0	0	0	0	0	0	0	442	0	0	0	472	0	0	0	0	0	0	0	0	0	0	0	0	0	0	0	0	0	0	0	0	0	0	0	0	0	0	
320112	Caudate_L	11076	1792	15598	5982	2002	222	8648	2978	746	98	364	3952	884	300	976	0	126	434	6324	4000	9786	8142	1554	288	456	220	4768	1342	2946	876	6178	2986	186	1800	348	370	242	856	0	520	118	0	0	0	0	0	0	0	0	0	74	0	0	0	0	524	1952	372	0	0	112	0	0	0	0	0	0	0	1056	442	0	11940	19906	3784	2190	1604	5616	0	0	0	0	0	0	0	0	0	0	0	0	0	0	0	0	0	0	0	0	0	0	0	0	0	0	0	0	0	0	0	0	0	0	0	0	0	0	0	
373084	Caudate_R	1176	4726	3986	14228	1044	5524	1784	2184	0	3800	0	5828	118	5164	0	3208	0	418	4252	10098	6048	7832	96	4820	0	6828	3092	4396	230	8952	3436	21844	0	1258	0	0	0	190	0	90	0	0	0	0	0	0	0	0	0	0	0	0	0	0	0	0	0	0	0	0	0	0	0	0	0	0	0	0	0	326	11940	0	2964	19840	0	3736	0	10930	0	0	0	0	0	156	0	0	0	0	0	0	0	0	0	0	0	0	0	0	0	0	0	0	0	0	0	0	0	0	0	0	0	0	0	0	0	0	
295108	Putamen_L	8982	342	20404	998	5956	0	6796	606	722	0	2434	1538	4204	170	5196	0	694	0	2596	1016	2994	2356	1540	0	452	0	968	316	23848	0	4576	510	200	568	0	0	6952	0	434	0	0	0	0	0	0	0	0	0	0	0	0	0	0	0	1444	0	4052	0	0	0	82	0	168	0	0	0	0	0	324	0	19906	2964	0	130	6296	0	1832	0	112	0	618	0	910	0	0	0	0	0	348	0	0	0	0	0	0	0	0	0	0	0	0	0	0	0	0	0	0	0	0	0	0	0	0	0	0	0	
349200	Putamen_R	1660	2188	3898	8742	0	5342	2832	5320	0	4390	0	10024	178	3254	0	3052	0	4196	4248	9192	148	468	0	3304	0	5158	0	1954	334	23850	462	9872	0	1054	0	0	96	10708	0	7142	0	1234	0	0	0	0	0	0	0	0	0	0	0	0	0	6324	0	82	0	0	0	0	0	0	0	0	0	0	0	0	3784	19840	130	0	0	6580	0	1414	0	146	0	798	0	814	0	218	0	0	0	170	0	0	0	0	0	0	0	0	0	0	0	0	0	0	0	0	0	0	0	0	0	0	0	0	0	0	
35116	Pallidum_L	2590	0	972	0	0	0	840	0	0	0	0	0	102	0	0	0	0	0	730	72	0	0	0	0	0	0	0	0	232	0	0	0	0	0	0	0	680	0	0	0	0	0	0	0	0	0	0	0	0	0	0	0	0	0	0	0	1418	0	0	0	0	0	0	0	0	0	0	0	0	0	2190	0	6296	0	0	0	1436	0	0	0	0	0	0	0	0	0	0	0	0	0	0	0	0	0	0	0	0	0	0	0	0	0	0	0	0	0	0	0	0	0	0	0	0	0	0	0	
59248	Pallidum_R	678	666	1040	1104	0	0	906	1352	0	0	0	3370	0	890	0	82	0	1348	1026	198	0	0	0	198	0	0	0	0	0	2948	72	702	0	0	0	0	0	264	0	252	0	0	0	0	0	0	0	0	0	0	0	0	0	0	0	184	0	0	0	0	0	0	0	0	0	0	0	0	0	0	1604	3736	0	6580	0	0	0	0	0	0	0	0	0	424	0	0	0	0	0	0	0	0	0	0	0	0	0	0	0	0	0	0	0	0	0	0	0	0	0	0	0	0	0	0	0	0	
100172	Thalamus_L	20334	610	3114	608	0	0	2746	190	0	0	0	0	0	0	0	0	0	0	280	830	0	0	0	0	0	0	0	0	762	0	0	0	0	690	1036	1734	3482	1214	208	196	194	0	0	0	0	0	0	174	0	0	0	0	0	0	172	0	460	0	0	0	118	0	0	0	0	0	0	0	74	94	5616	0	1832	0	1436	0	0	1378	504	0	0	0	0	0	0	0	0	0	0	0	0	0	0	0	0	0	0	0	0	0	0	0	0	0	0	0	0	0	0	0	0	0	0	0	0	0	
90312	Thalamus_R	416	8186	0	9932	0	0	0	270	0	0	0	332	0	0	0	0	0	384	0	2228	0	0	0	0	0	0	0	0	0	404	0	0	0	692	176	682	450	3444	0	1428	0	0	0	0	0	0	0	808	0	0	0	0	0	0	0	306	0	138	0	0	0	0	0	0	0	0	0	286	0	362	0	10930	0	1414	0	0	1378	0	0	0	0	114	0	112	0	0	0	0	0	130	0	0	0	0	0	0	0	154	0	0	0	0	0	0	0	0	0	0	0	0	0	0	0	0	0	0	
89592	Heschl_L	4294	126	510	104	0	0	552	0	0	0	1100	0	0	0	0	0	4660	0	0	0	0	0	0	0	0	0	0	0	8494	0	0	0	0	0	138	210	2418	172	0	0	0	0	0	0	0	0	0	0	0	0	1422	0	1678	0	1110	0	2632	0	88	0	0	0	0	0	0	0	122	0	0	0	0	0	112	0	0	0	504	0	0	0	6236	0	0	0	4876	0	0	0	3238	0	0	0	0	0	0	0	0	0	0	0	0	0	0	0	0	0	0	0	0	0	0	0	0	0	0	0	
10564	Heschl_R	0	112	0	0	0	0	0	0	0	0	0	184	0	0	0	0	0	2064	0	0	0	0	0	0	0	0	0	0	0	752	0	0	0	0	0	0	0	0	0	0	0	0	0	0	0	0	0	0	0	80	0	0	0	0	0	0	0	94	0	0	0	0	0	84	0	0	0	134	0	0	0	0	0	146	0	0	0	0	0	0	0	1632	0	0	0	0	0	0	0	0	0	0	0	0	0	0	0	0	0	0	0	0	0	0	0	0	0	0	0	0	0	0	0	0	0	0	
156272	Temporal_Sup_L	2852	0	1282	0	0	0	226	0	0	0	3020	0	242	0	0	0	9356	0	0	120	0	0	0	0	0	0	0	0	9890	0	0	0	0	0	0	0	2470	0	0	0	0	0	88	0	0	0	0	0	0	0	2266	0	1744	0	2560	0	3310	0	660	0	1748	0	4634	0	1210	0	514	0	170	0	0	0	618	0	0	0	0	0	6236	0	0	0	3516	0	12758	0	0	0	6646	0	0	0	0	0	0	0	0	0	0	0	0	0	0	0	0	0	0	0	0	0	0	0	0	0	0	0	
73184	Temporal_Sup_R	0	1156	0	106	0	0	0	214	0	0	0	1724	0	0	0	0	0	2996	0	0	0	0	0	0	0	0	0	0	0	1498	0	0	0	0	0	0	0	650	0	198	0	0	0	112	0	1086	0	0	0	1040	0	0	0	112	0	956	0	288	0	74	0	0	0	3038	0	2134	0	1438	0	0	0	0	0	798	0	0	0	114	0	1632	0	0	0	784	0	11608	0	892	0	1944	0	0	0	0	0	0	0	0	0	0	0	0	0	0	0	0	0	0	0	0	0	0	0	0	0	0	
81220	Temporal_Pole_Sup_L	0	208	856	82	510	0	164	0	164	0	3374	0	318	0	1532	0	1686	0	0	124	324	0	0	0	0	0	0	0	7060	0	0	0	0	0	0	0	1858	0	126	0	1286	0	0	0	0	0	0	0	0	0	0	0	0	0	2578	0	0	0	0	0	0	0	0	0	0	0	0	0	0	0	0	0	910	0	0	0	0	0	0	0	3516	0	0	0	5670	0	3812	0	4452	0	0	0	0	0	0	0	0	0	0	0	0	0	0	0	0	0	0	0	0	0	0	0	0	0	0	0	
46636	Temporal_Pole_Sup_R	0	986	0	0	0	0	0	0	0	0	0	2720	0	0	0	0	0	2600	460	0	0	0	0	0	0	0	0	0	0	1566	0	0	0	0	0	0	0	776	0	162	0	1350	0	190	0	0	0	0	0	0	0	106	0	86	0	5730	0	0	0	0	0	0	0	0	0	0	0	220	0	0	0	156	0	814	0	424	0	112	0	0	0	784	0	0	0	662	0	520	0	2894	0	0	0	0	0	0	0	0	0	0	0	0	0	0	0	0	0	0	0	0	0	0	0	0	0	0	
238128	Temporal_Mid_L	614	0	74	0	0	0	72	0	0	0	0	0	0	0	0	0	1168	0	0	0	0	0	0	0	0	0	0	0	1782	0	0	0	0	0	0	0	1288	0	0	0	0	0	1310	0	178	0	0	0	120	0	17526	0	5336	0	4062	0	630	0	2180	0	7782	0	7134	0	8750	0	2188	0	0	0	0	0	0	0	0	0	0	0	4876	0	12758	0	5670	0	0	0	4110	0	29456	0	0	0	0	0	0	0	0	0	0	0	0	0	0	0	0	0	0	0	0	0	0	0	0	0	0	0	
221464	Temporal_Mid_R	0	1022	0	114	0	0	0	282	0	0	0	1222	0	0	0	0	0	564	0	0	0	0	0	0	0	0	0	0	0	648	0	0	0	0	0	0	0	1146	0	174	0	0	0	6940	0	6502	0	130	0	7318	0	15036	0	4824	0	2950	0	1832	0	1206	0	736	0	2168	0	6422	142	11690	0	442	0	0	0	218	0	0	0	0	0	0	0	11608	0	662	0	0	0	2116	0	22618	0	0	0	0	0	0	0	0	0	0	0	0	0	0	0	0	0	0	0	0	0	0	0	0	0	0	
27620	Temporal_Pole_Mid_L	0	0	0	0	0	0	0	0	0	0	0	0	0	0	0	0	0	0	0	0	0	0	0	0	0	0	0	0	0	0	0	0	0	0	0	0	106	0	144	0	82	0	0	0	0	0	0	0	0	0	0	0	0	0	1352	0	0	0	0	0	0	0	0	0	0	0	0	0	0	0	0	0	0	0	0	0	0	0	0	0	0	0	3812	0	4110	0	0	0	4204	0	0	0	0	0	0	0	0	0	0	0	0	0	0	0	0	0	0	0	0	0	0	0	0	0	0	0	
10376	Temporal_Pole_Mid_R	0	0	0	0	0	0	0	0	0	0	0	0	0	0	0	0	0	0	0	0	0	0	0	0	0	0	0	0	0	0	0	0	0	0	0	0	0	0	0	0	0	0	0	0	0	0	0	0	0	0	0	0	0	0	0	654	0	0	0	0	0	0	0	0	0	0	0	0	0	0	0	0	0	0	0	0	0	0	0	0	0	892	0	520	0	2116	0	0	0	1006	0	0	0	0	0	0	0	0	0	0	0	0	0	0	0	0	0	0	0	0	0	0	0	0	0	0	
241104	Temporal_Inf_L	436	0	372	0	0	0	104	0	0	0	116	0	0	0	0	0	1378	0	0	0	0	0	0	0	0	0	0	0	3628	0	0	0	0	0	92	0	7382	0	558	0	1712	0	1694	0	104	0	148	0	0	0	10170	0	13282	0	17204	0	1842	0	950	0	748	0	168	0	646	0	1822	0	176	0	0	0	348	0	0	0	0	0	3238	0	6646	0	4452	0	29456	0	4204	0	0	0	3820	0	634	0	0	0	392	0	1976	0	172	0	482	0	0	0	0	0	0	0	0	0	0	0	0	0	
168508	Temporal_Inf_R	0	1192	0	78	0	0	0	148	0	0	0	566	0	0	0	0	0	300	0	0	0	0	0	0	0	0	0	0	0	1562	0	0	0	0	0	1332	0	4428	0	350	0	0	0	4056	0	2472	0	1280	0	3334	0	1044	0	9072	0	10330	0	1786	0	412	0	104	0	326	0	702	0	6486	0	472	0	0	0	170	0	0	0	130	0	0	0	1944	0	2894	0	22618	0	1006	0	0	0	2546	0	226	0	0	0	86	0	672	0	0	0	130	0	0	0	0	0	0	0	0	0	0	0	0	
464064	Cerebelum_Crus1_L	0	0	0	0	0	0	0	0	0	0	0	0	0	0	0	0	0	0	0	0	0	0	0	0	0	0	0	0	0	0	0	0	0	0	0	0	0	0	0	0	0	0	0	0	0	0	8036	1910	0	0	0	0	270	216	19662	1052	0	0	0	0	0	0	0	0	0	0	0	0	0	0	0	0	0	0	0	0	0	0	0	0	0	0	0	0	0	0	0	0	3820	0	0	4612	34828	5922	454	252	18644	2212	60822	6300	8320	3640	14894	4844	2696	248	316	94	202	1456	6026	8904	9808	984	300	288	
419700	Cerebelum_Crus1_R	0	0	0	0	0	0	0	0	0	0	0	0	0	0	0	0	0	0	0	0	0	0	0	0	0	0	0	0	0	0	0	0	0	0	0	0	0	0	0	188	0	0	0	88	0	0	2694	9516	0	0	0	254	734	646	2560	15996	0	0	0	0	0	0	0	0	0	0	0	0	0	0	0	0	0	0	0	0	0	0	0	0	0	0	0	0	0	0	0	0	0	2546	4612	0	1574	31846	0	1780	2722	18680	7408	51822	102	2562	272	17068	534	934	0	410	0	1566	7284	13636	8636	792	210	178	
323852	Cerebelum_Crus2_L	0	0	0	0	0	0	0	0	0	0	0	0	0	0	0	0	0	0	0	0	0	0	0	0	0	0	0	0	0	0	0	0	0	0	0	0	0	0	0	0	0	0	0	0	0	0	308	374	0	0	0	0	0	72	962	194	0	0	0	0	0	0	0	0	0	0	0	0	0	0	0	0	0	0	0	0	0	0	0	0	0	0	0	0	0	0	0	0	634	0	34828	1574	0	9864	282	0	4596	502	11826	1834	34426	6040	29398	4068	3344	0	196	0	0	356	1270	2596	10462	1796	0	124	
296212	Cerebelum_Crus2_R	0	0	0	0	0	0	0	0	0	0	0	0	0	0	0	0	0	0	0	0	0	0	0	0	0	0	0	0	0	0	0	0	0	0	0	0	0	0	0	0	0	0	0	0	0	0	0	594	0	0	0	0	0	74	0	1252	0	0	0	0	0	0	0	0	0	0	0	0	0	0	0	0	0	0	0	0	0	0	0	0	0	0	0	0	0	0	0	0	0	226	5922	31846	9864	0	0	990	1318	2512	1760	7748	3644	18422	3672	30694	692	1106	96	460	0	780	1474	2120	17284	3092	294	170	
28656	Cerebelum_3_L	0	0	0	0	0	0	0	0	0	0	0	0	0	0	0	0	0	0	0	0	0	0	0	0	0	0	0	0	0	0	0	0	0	0	0	0	0	0	216	386	0	0	0	0	0	0	0	444	0	0	0	0	0	0	74	0	0	0	0	0	0	0	0	0	0	0	0	0	0	0	0	0	0	0	0	0	0	0	0	0	0	0	0	0	0	0	0	0	0	0	454	0	282	0	0	1250	6362	414	662	0	0	0	0	72	706	0	0	0	1090	1456	192	116	152	0	0	0	
73564	Cerebelum_3_R	0	0	0	0	0	0	0	0	0	0	0	0	0	0	0	0	0	0	0	0	0	0	0	0	0	0	0	0	0	0	0	0	0	0	0	0	0	128	278	1372	0	0	0	0	0	0	0	1486	0	0	0	0	0	0	0	562	0	0	0	0	0	0	0	0	0	0	0	0	0	0	0	0	0	0	0	0	0	0	0	0	0	0	0	0	0	0	0	0	0	0	252	1780	0	990	1250	0	1402	5364	376	3626	0	0	150	2150	92	1356	0	0	1114	4646	1048	1402	2198	1936	1724	100	
233380	Cerebelum_4_5_L	0	0	0	0	0	0	0	0	0	0	0	0	0	0	0	0	0	0	0	0	0	0	0	0	0	0	0	0	0	0	0	0	0	0	0	0	0	0	566	224	0	0	0	0	0	0	4816	898	0	0	0	0	0	0	6840	160	0	0	0	0	0	0	0	0	0	0	0	0	0	0	0	0	0	0	0	0	0	0	0	0	0	0	0	0	0	0	0	0	392	0	18644	2722	4596	1318	6362	1402	0	3392	24646	4064	776	366	2948	1726	3452	508	90	154	860	3030	11958	3906	2856	1406	792	820	
261812	Cerebelum_4_5_R	0	0	0	0	0	0	0	0	0	0	0	0	0	0	0	0	0	0	0	0	0	0	0	0	0	0	0	0	0	0	0	0	0	0	96	332	370	1802	78	4202	0	0	0	0	0	0	958	12380	0	0	0	0	124	132	762	9140	0	0	0	0	0	0	0	0	0	0	0	1014	0	0	0	0	0	0	0	0	0	154	0	0	0	0	0	0	0	0	0	0	0	86	2212	18680	502	2512	414	5364	3392	0	4162	30230	78	338	328	3428	154	1228	0	586	102	2830	11744	5374	3166	1310	1006	136	
438500	Cerebelum_6_L	0	0	0	0	0	0	0	0	0	0	0	0	0	0	0	0	0	0	0	0	0	0	0	0	0	0	0	0	0	0	0	0	0	0	0	0	0	0	204	0	0	0	0	0	0	0	14324	4376	0	0	0	0	1460	378	25250	2136	0	0	0	0	0	0	0	0	0	0	0	0	0	0	0	0	0	0	0	0	0	0	0	0	0	0	0	0	0	0	0	0	1976	0	60822	7408	11826	1760	662	376	24646	4162	0	10042	3008	464	6378	1818	3608	388	342	98	214	1556	8412	14334	4610	976	528	708	
417076	Cerebelum_6_R	0	0	0	0	0	0	0	0	0	0	0	0	0	0	0	0	0	0	0	0	0	0	0	0	0	0	0	0	0	0	0	0	0	0	0	0	0	0	0	236	0	0	0	124	0	0	3474	13250	0	0	0	286	808	1354	3184	20328	0	0	0	0	0	0	0	0	0	0	0	0	0	0	0	0	0	0	0	0	0	0	0	0	0	0	0	0	0	0	0	0	0	672	6300	51822	1834	7748	0	3626	4064	30230	10042	0	134	514	440	6164	358	982	0	912	0	2516	12034	17502	6486	700	198	216	
195604	Cerebelum_7b_L	0	0	0	0	0	0	0	0	0	0	0	0	0	0	0	0	0	0	0	0	0	0	0	0	0	0	0	0	0	0	0	0	0	0	0	0	0	0	0	0	0	0	0	0	0	0	140	0	0	0	0	0	0	0	174	0	0	0	0	0	0	0	0	0	0	0	0	0	0	0	0	0	0	0	0	0	0	0	0	0	0	0	0	0	0	0	0	0	172	0	8320	102	34426	3644	0	0	776	78	3008	134	0	2434	30880	2894	2392	0	274	0	0	0	314	344	4560	2736	0	0	
131468	Cerebelum_7b_R	0	0	0	0	0	0	0	0	0	0	0	0	0	0	0	0	0	0	0	0	0	0	0	0	0	0	0	0	0	0	0	0	0	0	0	0	0	0	0	0	0	0	0	0	0	0	0	82	0	0	0	0	0	0	0	0	0	0	0	0	0	0	0	0	0	0	0	0	0	0	0	0	0	0	0	0	0	0	0	0	0	0	0	0	0	0	0	0	0	0	3640	2562	6040	18422	0	0	366	338	464	514	2434	0	1796	17326	368	1366	0	86	0	88	338	444	7486	1574	0	0	
263836	Cerebelum_8_L	0	0	0	0	0	0	0	0	0	0	0	0	0	0	0	0	0	0	0	0	0	0	0	0	0	0	0	0	0	0	0	0	0	0	0	0	0	0	0	0	0	0	0	0	0	0	396	0	0	0	0	0	0	0	438	0	0	0	0	0	0	0	0	0	0	0	0	0	0	0	0	0	0	0	0	0	0	0	0	0	0	0	0	0	0	0	0	0	482	0	14894	272	29398	3672	0	150	2948	328	6378	440	30880	1796	0	4988	16782	642	2590	76	0	208	1128	834	5930	5268	866	134	
306336	Cerebelum_8_R	0	0	0	0	0	0	0	0	0	0	0	0	0	0	0	0	0	0	0	0	0	0	0	0	0	0	0	0	0	0	0	0	0	0	0	0	0	0	0	0	0	0	0	0	0	0	0	540	0	0	0	0	0	0	0	414	0	0	0	0	0	0	0	0	0	0	0	0	0	0	0	0	0	0	0	0	0	0	0	0	0	0	0	0	0	0	0	0	0	130	4844	17068	4068	30694	72	2150	1726	3428	1818	6164	2894	17326	4988	0	3878	17132	84	1380	0	1796	2318	2386	14034	8396	2982	458	
120312	Cerebelum_9_L	0	0	0	0	0	0	0	0	0	0	0	0	0	0	0	0	0	0	0	0	0	0	0	0	0	0	0	0	0	0	0	0	0	0	0	0	0	0	0	0	0	0	0	0	0	0	0	0	0	0	0	0	0	0	334	0	0	0	0	0	0	0	0	0	0	0	0	0	0	0	0	0	0	0	0	0	0	0	0	0	0	0	0	0	0	0	0	0	0	0	2696	534	3344	692	706	92	3452	154	3608	358	2392	368	16782	3878	0	2570	3808	226	0	166	454	942	4732	5186	2276	406	
107528	Cerebelum_9_R	0	0	0	0	0	0	0	0	0	0	0	0	0	0	0	0	0	0	0	0	0	0	0	0	0	0	0	0	0	0	0	0	0	0	0	0	0	0	0	0	0	0	0	0	0	0	0	106	0	0	0	0	0	0	0	0	0	0	0	0	0	0	0	0	0	0	0	0	0	0	0	0	0	0	0	0	0	0	0	0	0	0	0	0	0	0	0	0	0	0	248	934	0	1106	0	1356	508	1228	388	982	0	1366	642	17132	2570	0	114	1458	668	1296	878	1006	4556	6604	6918	1700	
16312	Cerebelum_10_L	0	0	0	0	0	0	0	0	0	0	0	0	0	0	0	0	0	0	0	0	0	0	0	0	0	0	0	0	0	0	0	0	0	0	0	0	0	0	0	0	0	0	0	0	0	0	0	0	0	0	0	0	0	0	0	0	0	0	0	0	0	0	0	0	0	0	0	0	0	0	0	0	0	0	0	0	0	0	0	0	0	0	0	0	0	0	0	0	0	0	316	0	196	96	0	0	90	0	342	0	274	0	2590	84	3808	114	0	0	0	0	0	88	158	0	0	0	
17444	Cerebelum_10_R	0	0	0	0	0	0	0	0	0	0	0	0	0	0	0	0	0	0	0	0	0	0	0	0	0	0	0	0	0	0	0	0	0	0	0	0	0	0	0	0	0	0	0	0	0	0	0	80	0	0	0	0	0	0	0	0	0	0	0	0	0	0	0	0	0	0	0	0	0	0	0	0	0	0	0	0	0	0	0	0	0	0	0	0	0	0	0	0	0	0	94	410	0	460	0	0	154	586	98	912	0	86	76	1380	226	1458	0	0	0	0	448	202	728	648	566	110	
24200	Vermis_1_2	0	0	0	0	0	0	0	0	0	0	0	0	0	0	0	0	0	0	0	0	0	0	0	0	0	0	0	0	0	0	0	0	0	0	0	0	0	0	0	0	0	0	0	0	0	0	0	0	0	0	0	0	0	0	0	0	0	0	0	0	0	0	0	0	0	0	0	0	0	0	0	0	0	0	0	0	0	0	0	0	0	0	0	0	0	0	0	0	0	0	202	0	0	0	1090	1114	860	102	214	0	0	0	0	0	0	668	0	0	0	5498	664	80	442	560	606	0	
85020	Vermis_3	0	0	0	0	0	0	0	0	0	0	0	0	0	0	0	0	0	0	0	0	0	0	0	0	0	0	0	0	0	0	0	0	0	0	0	0	0	0	122	376	0	0	0	0	0	0	0	662	0	0	0	0	0	0	0	210	0	0	0	0	0	0	0	0	0	0	0	0	0	0	0	0	0	0	0	0	0	0	0	0	0	0	0	0	0	0	0	0	0	0	1456	1566	356	780	1456	4646	3030	2830	1556	2516	0	88	208	1796	166	1296	0	0	5498	0	3262	1790	2684	2230	1744	186	
200552	Vermis_4_5	0	0	0	0	0	0	0	0	0	0	0	0	0	0	0	0	0	0	0	0	0	0	0	0	0	0	0	0	0	0	0	0	0	0	0	782	76	1042	0	538	0	0	0	382	0	0	1754	5726	0	0	0	0	0	0	1164	1578	0	0	0	0	0	0	0	0	0	0	0	1868	0	0	0	0	0	0	0	0	0	0	0	0	0	0	0	0	0	0	0	0	0	0	6026	7284	1270	1474	192	1048	11958	11744	8412	12034	314	338	1128	2318	454	878	0	448	664	3262	0	5772	3342	2046	1430	1530	
239548	Vermis_6	0	0	0	0	0	0	0	0	0	0	0	0	0	0	0	0	0	0	0	0	0	0	0	0	0	0	0	0	0	0	0	0	0	0	0	0	0	0	0	0	0	0	0	0	0	0	4720	7644	0	0	0	0	942	908	4078	4748	0	0	0	0	0	0	0	0	0	0	0	0	0	0	0	0	0	0	0	0	0	0	0	0	0	0	0	0	0	0	0	0	0	0	8904	13636	2596	2120	116	1402	3906	5374	14334	17502	344	444	834	2386	942	1006	88	202	80	1790	5772	0	6980	2076	1540	2360	
282188	Vermis_7	0	0	0	0	0	0	0	0	0	0	0	0	0	0	0	0	0	0	0	0	0	0	0	0	0	0	0	0	0	0	0	0	0	0	0	0	0	0	0	0	0	0	0	0	0	0	146	990	0	0	0	0	0	0	158	614	0	0	0	0	0	0	0	0	0	0	0	0	0	0	0	0	0	0	0	0	0	0	0	0	0	0	0	0	0	0	0	0	0	0	9808	8636	10462	17284	152	2198	2856	3166	4610	6486	4560	7486	5930	14034	4732	4556	158	728	442	2684	3342	6980	0	11504	5104	1288	
