data	data	576924	426880	963668	808536	135440	73680	686620	316156	109888	31288	308204	203176	341320	276156	153980	81372	219260	102656	535644	605740	64428	87748	420344	469216	65068	129568	75216	73408	637176	272144	340080	578180	201060	536184	111340	116524	247556	284692	83544	186748	29384	67380	213048	251264	181564	202100	281544	236344	145952	193624	403720	203840	117424	41368	438920	354528	362024	199540	161768	72364	272504	92856	87876	92140	186124	107124	257380	256872	158804	200240	326204	443192	381728	317688	50580	39692	129548	226344	73512	24708	228820	114412	130064	62312	319096	185320	44884	29644	264084	127508	560556	632440	352968	355832	47928	40904	425320	296972	582340	576100	246200	157544	419736	460984	115564	184856	19360	9236	38324	75140	408388	312248	369336	316252	192916	92744	
data	data	Precentral_L	Precentral_R	Frontal_Sup_L	Frontal_Sup_R	Frontal_Sup_Orb_L	Frontal_Sup_Orb_R	Frontal_Mid_L	Frontal_Mid_R	Frontal_Mid_Orb_L	Frontal_Mid_Orb_R	Frontal_Inf_Oper_L	Frontal_Inf_Oper_R	Frontal_Inf_Tri_L	Frontal_Inf_Tri_R	Frontal_Inf_Orb_L	Frontal_Inf_Orb_R	Rolandic_Oper_L	Rolandic_Oper_R	Supp_Motor_Area_L	Supp_Motor_Area_R	Olfactory_L	Olfactory_R	Frontal_Sup_Medial_L	Frontal_Sup_Medial_R	Frontal_Med_Orb_L	Frontal_Med_Orb_R	Rectus_L	Rectus_R	Insula_L	Insula_R	Cingulum_Ant_L	Cingulum_Ant_R	Cingulum_Mid_L	Cingulum_Mid_R	Cingulum_Post_L	Cingulum_Post_R	Hippocampus_L	Hippocampus_R	ParaHippocampal_L	ParaHippocampal_R	Amygdala_L	Amygdala_R	Calcarine_L	Calcarine_R	Cuneus_L	Cuneus_R	Lingual_L	Lingual_R	Occipital_Sup_L	Occipital_Sup_R	Occipital_Mid_L	Occipital_Mid_R	Occipital_Inf_L	Occipital_Inf_R	Fusiform_L	Fusiform_R	Postcentral_L	Postcentral_R	Parietal_Sup_L	Parietal_Sup_R	Parietal_Inf_L	Parietal_Inf_R	SupraMarginal_L	SupraMarginal_R	Angular_L	Angular_R	Precuneus_L	Precuneus_R	Paracentral_Lobule_L	Paracentral_Lobule_R	Caudate_L	Caudate_R	Putamen_L	Putamen_R	Pallidum_L	Pallidum_R	Thalamus_L	Thalamus_R	Heschl_L	Heschl_R	Temporal_Sup_L	Temporal_Sup_R	Temporal_Pole_Sup_L	Temporal_Pole_Sup_R	Temporal_Mid_L	Temporal_Mid_R	Temporal_Pole_Mid_L	Temporal_Pole_Mid_R	Temporal_Inf_L	Temporal_Inf_R	Cerebelum_Crus1_L	Cerebelum_Crus1_R	Cerebelum_Crus2_L	Cerebelum_Crus2_R	Cerebelum_3_L	Cerebelum_3_R	Cerebelum_4_5_L	Cerebelum_4_5_R	Cerebelum_6_L	Cerebelum_6_R	Cerebelum_7b_L	Cerebelum_7b_R	Cerebelum_8_L	Cerebelum_8_R	Cerebelum_9_L	Cerebelum_9_R	Cerebelum_10_L	Cerebelum_10_R	Vermis_1_2	Vermis_3	Vermis_4_5	Vermis_6	Vermis_7	Vermis_8	Vermis_9	Vermis_10	
576924	Precentral_L	0	11872	22306	2564	0	0	26596	206	0	0	16728	0	1214	172	0	0	13194	0	11778	11110	0	0	110	0	0	0	0	0	14374	0	98	0	634	6624	1260	1072	11584	462	1080	0	0	0	114	96	164	0	0	0	180	0	1700	0	504	0	1766	0	37856	1046	534	0	6024	172	462	330	1502	0	844	176	11662	6704	6124	2344	13248	0	5386	158	23642	3964	2790	0	1602	0	906	0	666	0	0	0	650	0	0	0	0	0	0	0	108	0	0	0	0	0	0	0	0	0	0	0	0	0	0	0	0	0	0	0	
426880	Precentral_R	11872	0	666	10422	0	0	1942	4584	0	0	1712	6158	1372	148	0	0	0	700	1012	8154	0	0	0	0	0	0	0	0	1626	4118	0	150	784	1184	1858	2468	1838	9604	144	3046	0	0	2818	1182	3048	244	0	0	146	0	492	1150	0	402	0	2004	6010	15416	642	0	1028	2468	0	938	354	136	3352	690	5976	15994	3962	17530	1132	3738	1026	1958	4124	33842	116	206	0	1784	0	0	134	2002	0	0	0	1834	0	0	0	0	0	0	0	0	0	0	0	0	0	0	0	0	0	0	0	0	0	0	0	0	0	0	
963668	Frontal_Sup_L	22306	666	0	8550	9652	0	84422	1966	7962	0	14734	962	19208	884	8886	0	8226	0	71484	10762	532	0	49916	11774	3388	216	748	0	29304	142	23468	8042	9044	5440	0	0	1546	0	188	0	0	0	0	0	0	0	0	0	0	0	684	0	242	0	560	0	8384	160	0	0	2282	0	144	0	574	0	106	0	1652	108	11240	1386	27652	578	1144	764	464	148	2498	0	2498	0	2700	0	1218	0	0	0	230	0	0	0	0	0	0	0	0	0	0	0	0	0	0	0	0	0	0	0	0	0	0	0	0	0	0	0	
808536	Frontal_Sup_R	2564	10422	8550	0	0	2856	3712	37644	0	1582	2482	11766	2338	18658	100	3504	0	3130	11260	59080	0	194	13832	43502	226	5766	0	1344	2472	10776	5614	44330	5044	35210	0	0	0	784	0	402	0	134	0	0	0	0	0	0	0	0	0	0	0	0	0	122	748	1230	0	0	268	172	0	394	0	0	0	0	252	368	5288	27784	2298	12580	0	798	0	1784	0	0	0	160	0	644	0	100	0	0	0	0	0	0	0	0	0	0	0	0	0	0	0	0	0	0	0	0	0	0	0	0	0	0	0	0	0	0	
135440	Frontal_Sup_Orb_L	0	0	9652	0	0	0	1616	0	15332	0	0	0	1204	0	9624	0	0	0	0	0	1310	246	2386	156	6556	362	7346	136	1278	0	3382	242	0	0	0	0	0	0	0	0	0	0	0	0	0	0	0	0	0	0	0	0	0	0	0	0	0	0	0	0	0	0	0	0	0	0	0	0	0	0	2256	206	4278	0	0	0	0	0	0	0	0	0	152	0	0	0	0	0	0	0	0	0	0	0	0	0	0	0	0	0	0	0	0	0	0	0	0	0	0	0	0	0	0	0	0	0	
73680	Frontal_Sup_Orb_R	0	0	0	2856	0	0	0	728	0	3000	0	0	0	170	0	2744	0	0	0	174	0	632	0	3258	348	7600	0	7230	0	526	296	2938	0	0	0	0	0	0	0	0	0	0	0	0	0	0	0	0	0	0	0	0	0	0	0	0	0	0	0	0	0	0	0	0	0	0	0	0	0	0	0	2476	0	1864	0	0	0	0	0	0	0	0	0	0	0	0	0	0	0	0	0	0	0	0	0	0	0	0	0	0	0	0	0	0	0	0	0	0	0	0	0	0	0	0	0	0	
686620	Frontal_Mid_L	26596	1942	84422	3712	1616	0	0	2894	4734	0	14028	2740	42208	888	6132	0	6602	0	15966	3658	524	0	16704	2146	0	92	0	0	42666	260	10666	2462	8844	1718	0	0	406	0	0	0	0	0	0	0	0	0	0	0	0	0	792	0	394	0	0	0	5646	218	0	0	2786	0	228	0	942	0	0	0	86	294	8096	1966	9754	770	444	498	2094	176	1238	0	820	0	1054	0	388	0	0	0	0	0	0	0	0	0	0	0	0	0	0	0	0	0	0	0	0	0	0	0	0	0	0	0	0	0	0	0	
316156	Frontal_Mid_R	206	4584	1966	37644	0	728	2894	0	0	3342	4416	9676	2660	26008	248	5072	186	148	2576	9896	0	0	1316	3432	0	240	0	0	4418	2674	1142	5802	430	5398	0	0	0	340	0	204	0	0	0	0	0	0	0	0	0	0	0	0	0	0	0	0	130	442	0	0	0	0	0	0	0	0	0	0	0	0	4826	9418	958	3492	0	412	0	754	0	0	0	0	0	0	0	0	0	0	0	0	0	0	0	0	0	0	0	0	0	0	0	0	0	0	0	0	0	0	0	0	0	0	0	0	0	0	
109888	Frontal_Mid_Orb_L	0	0	7962	0	15332	0	4734	0	0	0	156	0	3806	0	13226	0	0	0	0	0	368	0	136	0	1200	0	2608	0	1678	0	402	0	104	0	0	0	0	0	0	0	0	0	0	0	0	0	0	0	0	0	0	0	0	0	0	0	0	0	0	0	0	0	0	0	0	0	0	0	0	0	462	0	2094	0	0	0	0	0	0	0	0	0	676	0	0	0	0	0	0	0	0	0	0	0	0	0	0	0	0	0	0	0	0	0	0	0	0	0	0	0	0	0	0	0	0	0	
31288	Frontal_Mid_Orb_R	0	0	0	1582	0	3000	0	3342	0	0	0	0	0	918	0	4702	0	0	0	394	0	0	0	120	0	0	0	114	0	0	0	232	0	148	0	0	0	0	0	0	0	0	0	0	0	0	0	0	0	0	0	0	0	0	0	0	0	0	0	0	0	0	0	0	0	0	0	0	0	0	0	888	0	204	0	0	0	0	0	0	0	0	0	0	0	0	0	0	0	0	0	0	0	0	0	0	0	0	0	0	0	0	0	0	0	0	0	0	0	0	0	0	0	0	0	0	
308204	Frontal_Inf_Oper_L	16728	1712	14734	2482	0	0	14028	4416	156	0	0	3736	16240	1644	1556	262	16454	0	11026	2146	0	0	412	160	0	0	0	0	16734	734	1238	234	554	270	0	0	340	240	0	86	0	0	0	88	0	0	0	0	0	0	780	0	152	0	0	0	7560	288	88	0	718	0	92	0	426	0	0	0	0	170	5276	552	1412	1004	0	276	268	150	1276	0	1740	176	2930	0	136	130	0	0	0	92	0	0	0	0	0	0	0	0	0	0	0	0	0	0	0	0	0	0	0	0	0	0	0	0	0	0	
203176	Frontal_Inf_Oper_R	0	6158	962	11766	0	0	2740	9676	0	0	3736	0	2272	16054	0	304	100	3648	848	2782	0	0	182	1590	0	104	0	0	3272	9680	174	2212	88	602	0	0	0	1110	0	660	0	0	0	98	0	0	0	0	0	0	0	0	0	0	0	146	0	2444	0	0	0	226	0	0	0	0	0	90	0	146	6906	2424	0	6182	0	820	0	464	0	138	0	316	0	236	0	128	0	0	0	104	0	0	0	0	0	0	0	0	0	0	0	0	0	0	0	0	0	0	0	0	0	0	0	0	0	0	
341320	Frontal_Inf_Tri_L	1214	1372	19208	2338	1204	0	42208	2660	3806	0	16240	2272	0	1196	9526	302	1720	0	6748	1708	184	0	1314	376	0	0	0	0	31166	304	3926	832	2514	322	0	0	0	0	0	0	0	0	0	0	0	0	0	0	0	0	0	0	0	0	0	0	200	184	0	0	0	0	0	0	0	0	0	0	0	274	6784	1322	4014	710	0	396	242	0	0	0	0	0	1874	0	0	0	0	0	0	0	0	0	0	0	0	0	0	0	0	0	0	0	0	0	0	0	0	0	0	0	0	0	0	0	0	0	
276156	Frontal_Inf_Tri_R	172	148	884	18658	0	170	888	26008	0	918	1644	16054	1196	0	278	6100	202	714	774	4004	0	0	842	7008	0	690	0	0	1626	15666	628	9978	0	2604	0	0	0	740	0	450	0	0	0	0	0	0	0	0	0	0	0	0	0	0	0	0	128	0	0	0	0	0	0	0	0	0	0	0	0	0	3594	8384	1064	4946	0	0	100	818	0	0	0	0	0	0	0	0	0	0	0	0	0	0	0	0	0	0	0	0	0	0	0	0	0	0	0	0	0	0	0	0	0	0	0	0	0	0	
153980	Frontal_Inf_Orb_L	0	0	8886	100	9624	0	6132	248	13226	0	1556	0	9526	278	0	172	0	0	282	0	1206	130	132	0	216	0	982	0	11006	0	334	0	250	0	0	0	0	0	0	0	0	0	0	0	0	0	0	0	0	0	0	0	0	0	0	0	0	0	0	0	0	0	0	0	0	0	0	0	0	0	898	128	7562	0	0	0	0	0	0	0	0	0	4116	0	0	0	0	0	0	0	0	0	0	0	0	0	0	0	0	0	0	0	0	0	0	0	0	0	0	0	0	0	0	0	0	0	
81372	Frontal_Inf_Orb_R	0	0	0	3504	0	2744	0	5072	0	4702	262	304	302	6100	172	0	0	0	88	494	0	1022	186	846	0	232	0	746	300	6430	166	2232	0	868	0	0	0	0	0	0	0	0	0	0	0	0	0	0	0	0	0	0	0	0	0	0	0	0	0	0	0	0	0	0	0	0	0	0	0	0	212	1450	120	1946	0	0	0	0	0	0	0	0	0	186	0	0	0	0	0	0	0	0	0	0	0	0	0	0	0	0	0	0	0	0	0	0	0	0	0	0	0	0	0	0	0	0	
219260	Rolandic_Oper_L	13194	0	8226	0	0	0	6602	186	0	0	16454	100	1720	202	0	0	0	0	6350	0	0	0	0	0	0	0	0	0	19714	0	128	0	208	0	0	0	998	0	144	0	0	0	0	0	0	0	0	0	344	0	1390	0	260	0	802	0	10342	0	358	0	514	0	1482	0	342	0	454	0	0	0	136	0	1908	0	0	0	302	0	3618	0	6896	0	4634	0	1162	0	0	0	460	0	0	0	0	0	0	0	0	0	0	0	0	0	0	0	0	0	0	0	0	0	0	0	0	0	0	0	
102656	Rolandic_Oper_R	0	700	0	3130	0	0	0	148	0	0	0	3648	0	714	0	0	0	0	0	2888	0	0	0	0	0	0	0	0	0	9238	0	0	0	94	0	0	0	2398	0	1650	0	0	0	268	0	94	0	0	0	0	0	112	0	0	0	732	0	4284	0	0	0	180	0	3846	0	0	0	92	0	98	296	450	0	6502	0	970	0	1886	0	2812	0	2958	0	434	0	354	0	0	0	352	0	0	0	0	0	0	0	0	0	0	0	0	0	0	0	0	0	0	0	0	0	0	0	0	0	0	
535644	Supp_Motor_Area_L	11778	1012	71484	11260	0	0	15966	2576	0	0	11026	848	6748	774	282	88	6350	0	0	31734	0	0	5558	6258	0	0	0	0	12358	128	3482	4086	7090	18242	296	0	116	0	0	0	0	0	0	0	0	0	0	0	0	0	408	0	0	0	144	0	5532	306	0	0	686	0	146	0	432	0	218	0	2580	866	7086	1232	10508	480	1142	870	0	0	1466	0	1542	0	1810	0	668	0	0	0	160	0	0	0	0	0	0	0	0	0	0	0	0	0	0	0	0	0	0	0	0	0	0	0	0	0	0	0	
605740	Supp_Motor_Area_R	11110	8154	10762	59080	0	174	3658	9896	0	394	2146	2782	1708	4004	0	494	0	2888	31734	0	0	0	3826	11574	0	506	0	0	1826	4672	3104	15242	7664	43024	164	614	0	338	0	138	0	134	0	274	0	88	0	122	0	0	0	0	0	0	0	108	1560	2454	0	0	784	144	0	354	102	0	0	608	7632	9854	4608	19716	2942	7670	0	394	0	242	0	348	0	480	0	576	0	0	0	0	0	0	0	0	0	0	0	0	0	0	0	0	0	0	0	0	0	0	0	0	0	0	0	0	0	0	0	0	
64428	Olfactory_L	0	0	532	0	1310	0	524	0	368	0	0	0	184	0	1206	0	0	0	0	0	0	4728	0	0	956	204	3422	756	1940	0	3124	1594	0	0	0	0	0	0	0	0	0	0	0	0	0	0	0	0	0	0	0	0	0	0	0	0	0	0	0	0	0	0	0	0	0	0	0	0	0	0	5132	2964	2264	742	0	0	0	0	0	0	0	0	264	0	0	0	0	0	0	0	0	0	0	0	0	0	0	0	0	0	0	0	0	0	0	0	0	0	0	0	0	0	0	0	0	0	
87748	Olfactory_R	0	0	0	194	246	632	0	0	0	0	0	0	0	0	130	1022	0	0	0	0	4728	0	0	380	454	2340	2146	2762	0	1946	2298	3374	0	0	0	0	0	0	0	0	0	160	0	0	0	0	0	0	0	0	0	0	0	0	0	0	0	0	0	0	0	0	0	0	0	0	0	0	0	0	6406	8090	3890	1908	682	86	0	0	0	0	0	0	0	0	0	0	0	0	0	0	0	0	0	0	0	0	0	0	0	0	0	0	0	0	0	0	0	0	0	0	0	0	0	0	0	0	
420344	Frontal_Sup_Medial_L	110	0	49916	13832	2386	0	16704	1316	136	0	412	182	1314	842	132	186	0	0	5558	3826	0	0	0	28346	2868	804	516	0	1860	168	28844	23176	7780	15826	0	0	0	0	0	0	0	0	0	0	0	0	0	0	0	0	0	0	0	0	0	0	0	0	0	0	0	0	0	0	0	0	0	0	0	0	988	478	1328	338	0	0	0	0	0	0	0	0	0	0	0	0	0	0	0	0	0	0	0	0	0	0	0	0	0	0	0	0	0	0	0	0	0	0	0	0	0	0	0	0	0	0	
469216	Frontal_Sup_Medial_R	0	0	11774	43502	156	3258	2146	3432	0	120	160	1590	376	7008	0	846	0	0	6258	11574	0	380	28346	0	726	9774	146	2388	508	4078	8292	42620	3038	26044	0	0	0	186	0	138	0	0	0	0	0	0	0	0	0	0	0	0	0	0	0	0	0	0	0	0	0	0	0	0	0	0	0	0	0	0	624	9612	308	5200	0	0	0	0	0	0	0	0	0	0	0	0	0	0	0	0	0	0	0	0	0	0	0	0	0	0	0	0	0	0	0	0	0	0	0	0	0	0	0	0	0	0	
65068	Frontal_Med_Orb_L	0	0	3388	226	6556	348	0	0	1200	0	0	0	0	0	216	0	0	0	0	0	956	454	2868	726	0	2960	3412	1156	0	0	4626	1072	0	0	0	0	0	0	0	0	0	0	0	0	0	0	0	0	0	0	0	0	0	0	0	0	0	0	0	0	0	0	0	0	0	0	0	0	0	0	1198	206	966	0	0	0	0	0	0	0	0	0	0	0	0	0	0	0	0	0	0	0	0	0	0	0	0	0	0	0	0	0	0	0	0	0	0	0	0	0	0	0	0	0	0	0	
129568	Frontal_Med_Orb_R	0	0	216	5766	362	7600	92	240	0	0	0	104	0	690	0	232	0	0	0	506	204	2340	804	9774	2960	0	256	9700	0	522	2912	10380	0	578	0	0	0	0	0	0	0	0	0	0	0	0	0	0	0	0	0	0	0	0	0	0	0	0	0	0	0	0	0	0	0	0	0	0	0	0	130	5440	0	2976	0	0	0	0	0	0	0	0	0	0	0	0	0	0	0	0	0	0	0	0	0	0	0	0	0	0	0	0	0	0	0	0	0	0	0	0	0	0	0	0	0	0	
75216	Rectus_L	0	0	748	0	7346	0	0	0	2608	0	0	0	0	0	982	0	0	0	0	0	3422	2146	516	146	3412	256	0	550	102	0	5848	2058	0	0	0	0	0	0	0	0	0	0	0	0	0	0	0	0	0	0	0	0	0	0	0	0	0	0	0	0	0	0	0	0	0	0	0	0	0	0	3484	1784	1654	546	0	0	0	0	0	0	0	0	0	0	0	0	0	0	0	0	0	0	0	0	0	0	0	0	0	0	0	0	0	0	0	0	0	0	0	0	0	0	0	0	0	0	
73408	Rectus_R	0	0	0	1344	136	7230	0	0	0	114	0	0	0	0	0	746	0	0	0	0	756	2762	0	2388	1156	9700	550	0	0	552	1324	5222	0	0	0	0	0	0	0	0	0	0	0	0	0	0	0	0	0	0	0	0	0	0	0	0	0	0	0	0	0	0	0	0	0	0	0	0	0	0	170	2130	0	424	0	0	0	0	0	0	0	0	0	0	0	0	0	0	0	0	0	0	0	0	0	0	0	0	0	0	0	0	0	0	0	0	0	0	0	0	0	0	0	0	0	0	
637176	Insula_L	14374	1626	29304	2472	1278	0	42666	4418	1678	0	16734	3272	31166	1626	11006	300	19714	0	12358	1826	1940	0	1860	508	0	0	102	0	0	330	4856	1030	3664	514	122	142	13816	120	2372	0	1678	0	182	0	96	0	228	0	0	0	1138	0	590	0	7910	0	7230	266	170	0	1974	0	1108	0	522	0	256	0	0	216	7056	1562	21336	948	0	582	2794	368	8264	0	8820	0	8450	0	3350	0	388	0	3546	0	0	0	0	0	0	0	212	0	154	0	0	0	0	0	0	0	0	0	0	0	0	0	0	0	0	0	
272144	Insula_R	0	4118	142	10776	0	526	260	2674	0	0	734	9680	304	15666	0	6430	0	9238	128	4672	0	1946	168	4078	0	522	0	552	330	0	314	6886	0	700	210	228	0	6474	0	3330	0	1098	0	224	0	0	0	0	0	0	0	110	0	0	0	2302	0	2988	0	0	0	0	0	110	0	0	0	0	0	96	1206	3554	144	21582	0	238	0	3310	0	960	0	2948	0	2886	0	534	0	0	0	696	0	0	0	0	0	0	0	0	0	0	0	0	0	0	0	0	0	0	0	0	0	0	0	0	0	0	
340080	Cingulum_Ant_L	98	0	23468	5614	3382	296	10666	1142	402	0	1238	174	3926	628	334	166	128	0	3482	3104	3124	2298	28844	8292	4626	2912	5848	1324	4856	314	0	19758	8784	5334	0	0	0	0	0	0	0	0	0	0	0	0	0	0	0	0	0	0	0	0	0	0	0	0	0	0	0	0	0	0	0	0	0	0	0	0	6398	2990	4562	1418	0	0	0	0	0	0	0	0	110	0	0	0	0	0	0	0	0	0	0	0	0	0	0	0	0	0	0	0	0	0	0	0	0	0	0	0	0	0	0	0	0	0	
578180	Cingulum_Ant_R	0	150	8042	44330	242	2938	2462	5802	0	232	234	2212	832	9978	0	2232	0	0	4086	15242	1594	3374	23176	42620	1072	10380	2058	5222	1030	6886	19758	0	5074	35780	0	0	0	292	0	224	0	0	0	0	0	0	0	0	0	0	0	0	0	0	0	0	0	0	0	0	0	0	0	0	0	0	0	0	0	0	2482	18114	864	9976	0	100	0	0	0	0	0	0	0	0	0	0	0	0	0	0	0	0	0	0	0	0	0	0	0	0	0	0	0	0	0	0	0	0	0	0	0	0	0	0	0	0	
201060	Cingulum_Mid_L	634	784	9044	5044	0	0	8844	430	104	0	554	88	2514	0	250	0	208	0	7090	7664	0	0	7780	3038	0	0	0	0	3664	0	8784	5074	0	15658	1950	0	0	0	0	0	0	0	210	0	346	0	0	0	0	0	262	0	0	0	0	0	276	490	666	0	118	0	0	0	0	0	3086	0	3668	1682	188	0	338	0	0	0	0	0	0	0	0	0	0	0	0	0	0	0	0	0	0	0	0	0	0	0	0	0	0	0	0	0	0	0	0	0	0	0	0	0	0	0	0	0	0	0	
536184	Cingulum_Mid_R	6624	1184	5440	35210	0	0	1718	5398	0	148	270	602	322	2604	0	868	0	94	18242	43024	0	0	15826	26044	0	578	0	0	514	700	5334	35780	15658	0	914	3296	0	100	0	96	0	0	0	1996	0	716	0	1154	0	90	0	202	0	0	0	270	620	4962	0	0	316	0	0	0	0	0	670	6072	7380	13224	538	1524	274	462	0	0	0	0	0	276	0	628	0	0	0	130	0	0	0	0	0	0	0	0	0	0	0	0	0	0	0	0	0	0	0	0	0	0	0	0	0	0	0	0	0	0	
111340	Cingulum_Post_L	1260	1858	0	0	0	0	0	0	0	0	0	0	0	0	0	0	0	0	296	164	0	0	0	0	0	0	0	0	122	210	0	0	1950	914	0	9732	5302	5414	1882	112	0	0	1540	0	1846	0	844	94	1150	0	92	0	0	0	134	0	880	510	0	0	0	0	0	0	0	0	7628	842	3992	750	0	0	0	0	0	0	340	4942	122	0	306	0	0	0	270	0	0	0	172	0	0	0	0	0	0	0	0	0	0	0	0	0	0	0	0	0	0	0	0	0	0	0	0	0	0	0	
116524	Cingulum_Post_R	1072	2468	0	0	0	0	0	0	0	0	0	0	0	0	0	0	0	0	0	614	0	0	0	0	0	0	0	0	142	228	0	0	0	3296	9732	0	3800	6696	1534	828	0	0	0	982	0	244	150	774	0	110	0	100	0	166	0	2068	270	3202	0	0	0	0	0	94	0	0	786	8976	616	2386	0	0	0	0	0	0	488	4990	126	0	200	90	0	0	138	0	0	0	0	372	0	0	0	0	0	0	0	0	0	0	0	0	0	0	0	0	0	0	0	0	524	0	0	0	0	0	
247556	Hippocampus_L	11584	1838	1546	0	0	0	406	0	0	0	340	0	0	0	0	0	998	0	116	0	0	0	0	0	0	0	0	0	13816	0	0	0	0	0	5302	3800	0	3546	12328	116	6074	0	1368	0	0	0	2510	100	0	0	338	0	292	0	11740	0	2920	0	0	0	984	0	184	0	366	0	2262	412	0	158	0	0	9412	0	234	0	5358	5430	1992	0	3018	0	3232	0	1482	0	780	0	6038	0	0	0	0	0	0	0	542	0	322	0	0	0	88	0	166	0	0	0	0	0	0	0	0	120	120	0	
284692	Hippocampus_R	462	9604	0	784	0	0	0	340	0	0	240	1110	0	740	0	0	0	2398	0	338	0	0	0	186	0	0	0	0	120	6474	0	292	0	100	5414	6696	3546	0	1592	30450	0	12926	0	690	0	0	190	1746	0	0	0	0	0	0	0	20552	0	1234	0	0	0	150	0	0	0	0	322	2918	0	168	314	306	0	12106	0	848	174	7836	0	276	170	624	0	1326	114	1454	0	562	0	3216	0	0	0	0	0	0	0	704	0	0	0	0	0	0	0	0	0	0	0	0	534	0	0	0	0	0	
83544	ParaHippocampal_L	1080	144	188	0	0	0	0	0	0	0	0	0	0	0	0	0	144	0	0	0	0	0	0	0	0	0	0	0	2372	0	0	0	0	0	1882	1534	12328	1592	0	0	2538	0	428	0	0	0	2228	0	0	0	0	0	0	0	4550	0	558	0	0	0	292	0	0	0	146	0	1288	232	0	0	0	0	1558	0	0	0	764	1660	0	0	116	0	328	0	0	0	112	0	696	0	0	0	0	0	0	0	1148	0	126	0	0	0	248	0	446	0	0	0	0	0	0	0	298	374	374	0	
186748	ParaHippocampal_R	0	3046	0	402	0	0	0	204	0	0	86	660	0	450	0	0	0	1650	0	138	0	0	0	138	0	0	0	0	0	3330	0	224	0	96	112	828	116	30450	0	0	0	9752	0	506	0	0	0	1902	0	0	0	0	0	0	0	18384	0	622	0	0	0	90	0	0	0	0	0	1448	0	132	182	260	0	6642	0	646	0	2274	0	132	0	396	0	2882	0	384	0	2128	0	932	0	100	0	0	0	0	0	1222	0	268	0	0	0	0	0	0	0	0	0	0	160	0	0	0	0	0	
29384	Amygdala_L	0	0	0	0	0	0	0	0	0	0	0	0	0	0	0	0	0	0	0	0	0	0	0	0	0	0	0	0	1678	0	0	0	0	0	0	0	6074	0	2538	0	0	0	0	0	0	0	0	0	0	0	0	0	0	0	1662	0	0	0	0	0	0	0	0	0	0	0	0	0	0	0	0	0	310	0	0	0	0	0	0	0	0	0	1588	0	0	0	268	0	574	0	0	0	0	0	0	0	0	0	0	0	0	0	0	0	0	0	0	0	0	0	0	0	0	0	0	0	
67380	Amygdala_R	0	0	0	134	0	0	0	0	0	0	0	0	0	0	0	0	0	0	0	134	0	160	0	0	0	0	0	0	0	1098	0	0	0	0	0	0	0	12926	0	9752	0	0	0	0	0	0	0	0	0	0	0	0	0	0	0	5380	0	0	0	0	0	0	0	0	0	0	0	0	0	0	0	0	0	1226	0	0	0	0	0	0	0	110	0	1834	0	0	0	750	0	186	0	0	0	0	0	0	0	0	0	0	0	0	0	0	0	0	0	0	0	0	0	0	0	0	0	0	
213048	Calcarine_L	114	2818	0	0	0	0	0	0	0	0	0	0	0	0	0	0	0	0	0	0	0	0	0	0	0	0	0	0	182	0	0	0	210	0	1540	0	1368	0	428	0	0	0	0	5104	14792	3472	8492	2026	6066	2626	12086	1148	3362	0	3190	416	3006	0	554	0	590	0	0	0	406	0	13006	112	298	2824	0	0	0	0	0	0	0	0	0	0	380	0	0	0	4196	0	0	0	1724	0	318	1772	0	214	0	0	328	2124	320	2126	0	0	0	450	0	0	0	0	0	0	2336	0	0	0	0	0	
251264	Calcarine_R	96	1182	0	0	0	0	0	0	0	0	88	98	0	0	0	0	0	268	0	274	0	0	0	0	0	0	0	0	0	224	0	0	0	1996	0	982	0	690	0	506	0	0	5104	0	4214	23548	0	17972	0	15576	0	10570	0	2348	0	2970	0	2226	0	536	0	402	0	142	0	696	782	21906	0	964	0	0	0	0	0	0	0	0	0	152	0	970	0	0	0	4336	0	0	0	3814	0	0	0	0	0	0	0	0	0	0	0	0	0	0	0	0	0	0	0	0	0	0	0	0	0	0	
181564	Cuneus_L	164	3048	0	0	0	0	0	0	0	0	0	0	0	0	0	0	0	0	0	0	0	0	0	0	0	0	0	0	96	0	0	0	346	0	1846	0	0	0	0	0	0	0	14792	4214	0	5608	750	150	14918	2468	10336	608	872	0	1710	0	3744	0	2192	0	736	0	0	0	286	0	12506	180	662	3058	0	0	0	0	0	0	0	0	0	0	410	0	0	0	3426	0	0	0	1656	0	0	0	0	0	0	0	0	0	0	0	0	0	0	0	0	0	0	0	0	0	0	0	0	0	0	0	
202100	Cuneus_R	0	244	0	0	0	0	0	0	0	0	0	0	0	0	0	0	0	94	0	88	0	0	0	0	0	0	0	0	0	0	0	0	0	716	0	244	0	0	0	0	0	0	3472	23548	5608	0	0	4028	0	25982	0	10526	0	254	0	358	0	802	0	1806	0	104	0	0	0	190	2450	17442	0	460	0	0	0	0	0	0	0	0	0	0	0	360	0	0	0	1438	0	0	0	836	0	0	0	0	0	0	0	0	0	0	0	0	0	0	0	0	0	0	0	0	0	0	0	0	0	0	
281544	Lingual_L	0	0	0	0	0	0	0	0	0	0	0	0	0	0	0	0	0	0	0	0	0	0	0	0	0	0	0	0	228	0	0	0	0	0	844	150	2510	190	2228	0	0	0	8492	0	750	0	0	2722	1088	0	12780	0	6840	0	15174	1368	0	0	0	0	120	0	0	0	0	0	3014	0	0	0	0	0	0	0	0	0	272	318	92	0	0	0	0	0	198	0	0	0	256	0	11280	7678	272	676	166	0	11630	4940	19058	8482	0	0	368	684	146	126	0	0	0	0	7592	6140	1386	218	186	110	
236344	Lingual_R	0	0	0	0	0	0	0	0	0	0	0	0	0	0	0	0	0	0	0	122	0	0	0	0	0	0	0	0	0	0	0	0	0	1154	94	774	100	1746	0	1902	0	0	2026	17972	150	4028	2722	0	0	5800	0	3570	0	3508	316	15738	0	588	0	96	0	0	0	0	0	0	0	8066	0	290	0	0	0	0	0	0	0	152	0	0	0	0	0	0	0	274	0	0	0	440	1626	8138	218	590	96	0	934	5886	4118	10676	0	0	134	0	118	0	0	0	0	0	4284	8236	1490	0	0	0	
145952	Occipital_Sup_L	180	146	0	0	0	0	0	0	0	0	0	0	0	0	0	0	344	0	0	0	0	0	0	0	0	0	0	0	0	0	0	0	0	0	1150	0	0	0	0	0	0	0	6066	0	14918	0	1088	0	0	0	22212	0	1322	0	196	0	464	0	9270	0	1820	0	126	0	972	0	11454	366	0	134	0	0	0	0	0	0	0	0	0	0	214	0	0	0	444	0	0	0	90	0	0	0	0	0	0	0	0	0	0	0	0	0	0	0	0	0	0	0	0	0	0	0	0	0	0	0	
193624	Occipital_Sup_R	0	0	0	0	0	0	0	0	0	0	0	0	0	0	0	0	0	0	0	0	0	0	0	0	0	0	0	0	0	0	0	0	0	90	0	110	0	0	0	0	0	0	2626	15576	2468	25982	0	5800	0	0	0	18354	0	594	0	692	0	248	0	6348	0	0	0	0	0	2842	1160	12720	0	402	0	0	0	0	0	0	0	0	0	0	0	208	0	0	0	472	0	0	0	120	0	0	0	0	0	0	0	0	0	0	0	0	0	0	0	0	0	0	0	0	0	0	0	0	0	0	
403720	Occipital_Mid_L	1700	492	684	0	0	0	792	0	0	0	780	0	0	0	0	0	1390	0	408	0	0	0	0	0	0	0	0	0	1138	0	0	0	262	0	92	0	338	0	0	0	0	0	12086	0	10336	0	12780	0	22212	0	0	0	22178	0	6632	0	4702	0	16970	0	14874	0	1684	0	21858	0	10996	238	1744	460	0	168	0	0	0	0	90	0	156	0	5836	0	0	0	21468	0	0	0	6316	0	0	0	0	0	0	0	0	0	0	0	0	0	0	0	0	0	0	0	0	0	0	0	0	0	0	0	
203840	Occipital_Mid_R	0	1150	0	0	0	0	0	0	0	0	0	0	0	0	0	0	0	112	0	0	0	0	0	0	0	0	0	0	0	110	0	0	0	202	0	100	0	0	0	0	0	0	1148	10570	608	10526	0	3570	0	18354	0	0	0	3330	0	710	0	786	0	3554	0	1790	0	1748	0	14398	466	5244	0	498	0	0	0	0	0	0	0	0	0	122	0	4302	0	0	0	15834	0	0	0	2688	0	0	0	0	0	0	0	0	0	0	0	0	0	0	0	0	0	0	0	0	0	0	0	0	0	0	
117424	Occipital_Inf_L	504	0	242	0	0	0	394	0	0	0	152	0	0	0	0	0	260	0	0	0	0	0	0	0	0	0	0	0	590	0	0	0	0	0	0	0	292	0	0	0	0	0	3362	0	872	0	6840	0	1322	0	22178	0	0	0	6102	0	466	0	3108	0	3716	0	324	0	992	0	1252	0	0	0	0	0	0	0	0	0	0	0	242	0	730	0	0	0	3050	0	0	0	1284	0	118	0	0	0	0	0	0	0	320	0	0	0	0	0	0	0	0	0	0	0	0	0	0	0	0	0	
41368	Occipital_Inf_R	0	402	0	0	0	0	0	0	0	0	0	0	0	0	0	0	0	0	0	0	0	0	0	0	0	0	0	0	0	0	0	0	0	0	0	166	0	0	0	0	0	0	0	2348	0	254	0	3508	0	594	0	3330	0	0	0	4112	0	136	0	0	0	146	0	0	0	86	0	1582	0	102	0	0	0	0	0	0	0	0	0	0	0	410	0	0	0	1482	0	0	0	1192	0	0	0	0	0	0	0	0	150	362	0	0	0	0	0	0	0	0	0	0	0	322	0	0	0	0	
438920	Fusiform_L	1766	0	560	0	0	0	0	0	0	0	0	0	0	0	0	0	802	0	144	0	0	0	0	0	0	0	0	0	7910	0	0	0	0	0	134	0	11740	0	4550	0	1662	0	3190	0	1710	0	15174	316	196	0	6632	0	6102	0	0	224	1712	0	496	0	1570	0	638	0	878	0	2868	0	118	0	0	0	1630	0	0	0	554	132	830	0	7534	0	3034	0	10970	0	2634	0	23792	0	25302	4308	786	208	0	0	13382	2076	33322	4570	134	0	1134	436	864	122	0	0	0	0	4666	3182	852	908	864	142	
354528	Fusiform_R	0	2004	0	122	0	0	0	0	0	0	0	146	0	0	0	0	0	732	0	108	0	0	0	0	0	0	0	0	0	2302	0	0	0	270	0	2068	0	20552	0	18384	0	5380	416	2970	0	358	1368	15738	0	692	0	710	0	4112	224	0	0	552	0	0	0	0	0	0	0	0	0	5748	0	606	132	0	0	1266	0	0	0	768	0	276	0	620	0	5350	0	1974	0	2910	0	10306	764	20046	0	854	0	1204	616	8998	2174	21426	0	0	0	1772	0	264	0	0	0	226	3276	4736	954	280	264	246	
362024	Postcentral_L	37856	6010	8384	748	0	0	5646	130	0	0	7560	0	200	128	0	0	10342	0	5532	1560	0	0	0	0	0	0	0	0	7230	0	0	0	276	620	880	270	2920	0	558	0	0	0	3006	0	3744	0	0	0	464	0	4702	0	466	0	1712	0	0	762	8728	0	18368	0	4932	0	5856	0	6866	0	6466	4068	300	1502	3332	0	1260	120	320	134	1540	0	2248	0	380	0	1694	0	0	0	1106	0	0	0	0	0	0	0	86	0	0	0	0	0	0	0	0	0	0	0	0	0	0	0	0	0	0	0	
199540	Postcentral_R	1046	15416	160	1230	0	0	218	442	0	0	288	2444	184	0	0	0	0	4284	306	2454	0	0	0	0	0	0	0	0	266	2988	0	0	490	4962	510	3202	0	1234	0	622	0	0	0	2226	0	802	0	588	0	248	0	786	0	136	0	552	762	0	0	3828	120	9660	0	10220	0	800	136	6862	2280	8016	672	528	90	3188	0	770	0	700	0	488	0	1870	0	0	0	492	0	0	0	204	0	0	0	0	0	0	0	0	0	0	0	0	0	0	0	0	0	0	0	0	0	0	0	0	0	0	
161768	Parietal_Sup_L	534	642	0	0	0	0	0	0	0	0	88	0	0	0	0	0	358	0	0	0	0	0	0	0	0	0	0	0	170	0	0	0	666	0	0	0	0	0	0	0	0	0	554	0	2192	0	0	0	9270	0	16970	0	3108	0	496	0	8728	0	0	0	15114	0	456	0	2694	0	15794	346	1110	544	0	0	0	0	0	0	0	0	0	0	468	0	0	0	402	0	0	0	180	0	0	0	0	0	0	0	0	0	0	0	0	0	0	0	0	0	0	0	0	0	0	0	0	0	0	0	
72364	Parietal_Sup_R	0	0	0	0	0	0	0	0	0	0	0	0	0	0	0	0	0	0	0	0	0	0	0	0	0	0	0	0	0	0	0	0	0	0	0	0	0	0	0	0	0	0	0	536	0	1806	0	96	0	6348	0	3554	0	0	0	0	0	3828	0	0	0	3566	0	2124	0	3360	1034	8816	0	654	0	0	0	0	0	0	0	0	0	0	0	180	0	0	0	280	0	0	0	0	0	0	0	0	0	0	0	0	0	0	0	0	0	0	0	0	0	0	0	0	0	0	0	0	0	0	
272504	Parietal_Inf_L	6024	1028	2282	268	0	0	2786	0	0	0	718	0	0	0	0	0	514	0	686	784	0	0	0	0	0	0	0	0	1974	0	0	0	118	316	0	0	984	0	292	0	0	0	590	0	736	0	120	0	1820	0	14874	0	3716	0	1570	0	18368	120	15114	0	0	0	13742	0	25866	0	4238	0	954	292	168	280	1824	0	590	0	576	0	0	0	3610	0	0	0	6826	0	0	0	1484	0	0	0	0	0	0	0	0	0	0	0	0	0	0	0	0	0	0	0	0	0	0	0	0	0	0	0	
92856	Parietal_Inf_R	172	2468	0	172	0	0	0	0	0	0	0	226	0	0	0	0	0	180	0	144	0	0	0	0	0	0	0	0	0	0	0	0	0	0	0	0	0	150	0	90	0	0	0	402	0	104	0	0	0	0	0	1790	0	146	0	0	0	9660	0	3566	0	0	0	11180	0	10084	0	292	0	0	186	112	0	376	0	0	0	102	0	0	0	1782	0	0	0	2836	0	0	0	208	0	0	0	0	0	0	0	0	0	0	0	0	0	0	0	0	0	0	0	0	0	0	0	0	0	0	
87876	SupraMarginal_L	462	0	144	0	0	0	228	0	0	0	92	0	0	0	0	0	1482	0	146	0	0	0	0	0	0	0	0	0	1108	0	0	0	0	0	0	0	184	0	0	0	0	0	0	0	0	0	0	0	126	0	1684	0	324	0	638	0	4932	0	456	0	13742	0	0	0	7822	0	318	0	0	0	0	0	300	0	0	0	0	0	140	0	5334	0	0	0	2844	0	0	0	1432	0	0	0	0	0	0	0	0	0	0	0	0	0	0	0	0	0	0	0	0	0	0	0	0	0	0	0	
92140	SupraMarginal_R	330	938	0	394	0	0	0	0	0	0	0	0	0	0	0	0	0	3846	0	354	0	0	0	0	0	0	0	0	0	110	0	0	0	0	0	94	0	0	0	0	0	0	0	142	0	0	0	0	0	0	0	1748	0	0	0	0	0	10220	0	2124	0	11180	0	0	0	5062	0	108	86	144	90	136	0	0	0	0	0	0	0	318	0	4848	0	0	0	3220	0	0	0	578	0	0	0	0	0	0	0	0	0	0	0	0	0	0	0	0	0	0	0	0	0	0	0	0	0	0	
186124	Angular_L	1502	354	574	0	0	0	942	0	0	0	426	0	0	0	0	0	342	0	432	102	0	0	0	0	0	0	0	0	522	0	0	0	0	0	0	0	366	0	146	0	0	0	406	0	286	0	0	0	972	0	21858	0	992	0	878	0	5856	0	2694	0	25866	0	7822	0	0	0	1062	0	938	0	0	110	528	0	0	0	0	0	104	0	3172	0	0	0	12034	0	0	0	1776	0	0	0	0	0	0	0	0	0	0	0	0	0	0	0	0	0	0	0	0	0	0	0	0	0	0	0	
107124	Angular_R	0	136	0	0	0	0	0	0	0	0	0	0	0	0	0	0	0	0	0	0	0	0	0	0	0	0	0	0	0	0	0	0	0	0	0	0	0	0	0	0	0	0	0	696	0	190	0	0	0	2842	0	14398	0	86	0	0	0	800	0	3360	0	10084	0	5062	0	0	0	230	0	0	0	0	0	0	0	0	0	0	0	0	0	4002	0	0	0	10834	0	0	0	842	0	0	0	0	0	0	0	0	0	0	0	0	0	0	0	0	0	0	0	0	0	0	0	0	0	0	
257380	Precuneus_L	844	3352	106	0	0	0	0	0	0	0	0	0	0	0	0	0	454	0	218	0	0	0	0	0	0	0	0	0	256	0	0	0	3086	670	7628	786	2262	322	1288	0	0	0	13006	782	12506	2450	3014	0	11454	1160	10996	466	1252	0	2868	0	6866	136	15794	1034	4238	0	318	0	1062	0	0	6502	3162	3196	0	96	0	0	0	0	0	0	0	0	732	0	0	0	2908	0	0	0	1420	0	0	0	0	0	0	0	0	0	0	0	0	0	0	0	0	0	0	0	0	0	0	0	0	0	0	0	
256872	Precuneus_R	176	690	0	0	0	0	0	0	0	0	0	90	0	0	0	0	0	92	0	608	0	0	0	0	0	0	0	0	0	0	0	0	0	6072	842	8976	412	2918	232	1448	0	0	112	21906	180	17442	0	8066	366	12720	238	5244	0	1582	0	5748	0	6862	346	8816	0	292	0	108	0	230	6502	0	200	3442	0	0	0	0	0	0	0	0	0	0	0	270	0	0	0	2194	0	0	0	2256	0	0	0	0	0	0	0	200	0	0	0	0	0	0	0	0	0	0	0	0	558	0	0	0	0	0	
158804	Paracentral_Lobule_L	11662	5976	1652	252	0	0	86	0	0	0	0	0	0	0	0	0	0	0	2580	7632	0	0	0	0	0	0	0	0	0	0	0	0	3668	7380	3992	616	0	0	0	0	0	0	298	0	662	0	0	0	0	0	1744	0	0	0	118	0	6466	2280	1110	0	954	0	0	86	938	0	3162	200	0	10770	1062	274	1554	0	992	0	292	142	0	0	0	0	0	0	512	0	0	0	290	0	0	0	0	0	0	0	0	0	0	0	0	0	0	0	0	0	0	0	0	0	0	0	0	0	0	0	
200240	Paracentral_Lobule_R	6704	15994	108	368	0	0	294	0	0	0	170	146	274	0	0	0	0	98	866	9854	0	0	0	0	0	0	0	0	216	96	0	0	1682	13224	750	2386	158	168	0	132	0	0	2824	964	3058	460	0	290	134	402	460	498	0	102	0	606	4068	8016	544	654	292	0	0	144	0	0	3196	3442	10770	0	900	930	138	0	154	0	462	1096	0	366	0	926	0	0	90	260	0	0	0	186	0	0	0	0	0	0	0	0	0	0	0	0	0	0	0	0	0	0	0	0	0	0	0	0	0	0	
326204	Caudate_L	6124	3962	11240	5288	2256	0	8096	4826	462	0	5276	6906	6784	3594	898	212	136	296	7086	4608	5132	6406	988	624	1198	130	3484	170	7056	1206	6398	2482	188	538	0	0	0	314	0	182	0	0	0	0	0	0	0	0	0	0	0	0	0	0	0	132	300	672	0	0	168	186	0	90	0	0	0	0	1062	900	0	9534	23328	3642	2730	766	4390	464	0	0	0	96	0	0	0	96	0	0	0	0	0	0	0	0	0	0	0	0	0	0	0	0	0	0	0	0	0	0	0	0	0	0	0	0	0	0	
443192	Caudate_R	2344	17530	1386	27784	206	2476	1966	9418	0	888	552	2424	1322	8384	128	1450	0	450	1232	19716	2964	8090	478	9612	206	5440	1784	2130	1562	3554	2990	18114	0	1524	0	0	0	306	0	260	0	0	0	0	0	0	0	0	0	0	168	0	0	0	0	0	1502	528	0	0	280	112	0	136	110	0	96	0	274	930	9534	0	4898	19348	678	2442	1614	20152	124	0	0	0	0	0	0	0	0	0	0	0	0	0	0	0	0	0	0	0	0	0	0	0	0	0	0	0	0	0	0	0	0	0	0	0	0	0	
381728	Putamen_L	13248	1132	27652	2298	4278	0	9754	958	2094	0	1412	0	4014	1064	7562	120	1908	0	10508	2942	2264	3890	1328	308	966	0	1654	0	21336	144	4562	864	338	274	0	0	9412	0	1558	0	310	0	0	0	0	0	0	0	0	0	0	0	0	0	1630	0	3332	90	0	0	1824	0	300	0	528	0	0	0	1554	138	23328	4898	0	1012	6466	0	1440	152	188	0	854	0	2278	0	116	0	0	0	584	0	0	0	0	0	0	0	0	0	0	0	0	0	0	0	0	0	0	0	0	0	0	0	0	0	0	0	
317688	Putamen_R	0	3738	578	12580	0	1864	770	3492	0	204	1004	6182	710	4946	0	1946	0	6502	480	7670	742	1908	338	5200	0	2976	546	424	948	21582	1418	9976	0	462	0	0	0	12106	0	6642	0	1226	0	0	0	0	0	0	0	0	0	0	0	0	0	1266	0	3188	0	0	0	376	0	0	0	0	0	0	0	0	3642	19348	1012	0	184	4734	0	3186	0	378	0	824	0	1546	0	0	0	0	0	0	0	0	0	0	0	0	0	0	0	0	0	0	0	0	0	0	0	0	0	0	0	0	0	0	0	0	
50580	Pallidum_L	5386	1026	1144	0	0	0	444	0	0	0	0	0	0	0	0	0	0	0	1142	0	0	682	0	0	0	0	0	0	0	0	0	0	0	0	0	0	234	0	0	0	0	0	0	0	0	0	0	0	0	0	0	0	0	0	0	0	1260	0	0	0	590	0	0	0	0	0	0	0	992	154	2730	678	6466	184	0	0	2178	0	0	0	0	0	0	0	0	0	0	0	0	0	0	0	0	0	0	0	0	0	0	0	0	0	0	0	0	0	0	0	0	0	0	0	0	0	0	0	
39692	Pallidum_R	158	1958	764	798	0	0	498	412	0	0	276	820	396	0	0	0	0	970	870	394	0	86	0	0	0	0	0	0	582	238	0	100	0	0	0	0	0	848	0	646	0	0	0	0	0	0	0	0	0	0	0	0	0	0	0	0	120	770	0	0	0	0	0	0	0	0	0	0	0	0	766	2442	0	4734	0	0	0	0	0	200	0	0	0	0	0	0	0	0	0	0	0	0	0	0	0	0	0	0	0	0	0	0	0	0	0	0	0	0	0	0	0	0	0	0	0	0	
129548	Thalamus_L	23642	4124	464	0	0	0	2094	0	0	0	268	0	242	100	0	0	302	0	0	0	0	0	0	0	0	0	0	0	2794	0	0	0	0	0	340	488	5358	174	764	0	0	0	0	0	0	0	272	0	0	0	90	0	0	0	554	0	320	0	0	0	576	0	0	0	0	0	0	0	292	462	4390	1614	1440	0	2178	0	0	9628	598	0	460	0	0	0	376	0	0	0	370	0	0	0	0	0	0	0	0	0	0	0	0	0	0	0	0	0	0	0	0	0	0	0	0	0	0	0	
226344	Thalamus_R	3964	33842	148	1784	0	0	176	754	0	0	150	464	0	818	0	0	0	1886	0	242	0	0	0	0	0	0	0	0	368	3310	0	0	0	0	4942	4990	5430	7836	1660	2274	0	0	0	0	0	0	318	152	0	0	0	0	0	0	132	768	134	700	0	0	0	102	0	0	0	0	0	0	142	1096	464	20152	152	3186	0	0	9628	0	256	0	234	156	0	0	148	0	0	0	102	0	0	0	0	0	0	0	0	112	0	0	0	0	0	0	0	0	0	0	0	0	0	0	0	0	0	0	
73512	Heschl_L	2790	116	2498	0	0	0	1238	0	0	0	1276	0	0	0	0	0	3618	0	1466	0	0	0	0	0	0	0	0	0	8264	0	0	0	0	0	122	126	1992	0	0	0	0	0	0	0	0	0	92	0	0	0	156	0	242	0	830	0	1540	0	0	0	0	0	140	0	104	0	0	0	0	0	0	124	188	0	0	0	598	256	0	0	4580	0	296	0	3482	0	0	0	622	0	0	0	0	0	0	0	0	0	0	0	0	0	0	0	0	0	0	0	0	0	0	0	0	0	0	0	
24708	Heschl_R	0	206	0	0	0	0	0	0	0	0	0	138	0	0	0	0	0	2812	0	348	0	0	0	0	0	0	0	0	0	960	0	0	0	276	0	0	0	276	0	132	0	0	0	152	0	0	0	0	0	0	0	122	0	0	0	276	0	488	0	0	0	0	0	318	0	0	0	0	0	366	0	0	0	378	0	200	0	0	0	0	0	3792	0	328	0	640	0	0	0	146	0	0	0	0	0	0	0	0	0	0	0	0	0	0	0	0	0	0	0	0	0	0	0	0	0	0	
228820	Temporal_Sup_L	1602	0	2498	0	0	0	820	0	0	0	1740	0	0	0	0	0	6896	0	1542	0	0	0	0	0	0	0	0	0	8820	0	0	0	0	0	306	200	3018	170	116	0	0	0	380	0	410	0	0	0	214	0	5836	0	730	0	7534	0	2248	0	468	0	3610	0	5334	0	3172	0	732	0	0	0	0	0	854	0	0	0	460	234	4580	0	0	0	5786	0	26982	0	512	0	16298	0	0	0	0	0	0	0	0	0	308	0	0	0	0	0	0	0	0	0	0	0	0	0	0	0	0	0	
114412	Temporal_Sup_R	0	1784	0	160	0	0	0	0	0	0	176	316	0	0	0	0	0	2958	0	480	0	0	0	0	0	0	0	0	0	2948	0	0	0	628	0	90	0	624	0	396	0	110	0	970	0	360	0	0	0	208	0	4302	0	410	0	620	0	1870	0	180	0	1782	0	4848	0	4002	0	270	0	926	96	0	0	824	0	0	0	156	0	3792	0	0	0	3328	0	14636	0	244	0	2712	0	0	0	0	0	0	0	0	0	0	0	0	0	0	0	0	0	0	0	0	0	0	0	0	0	0	
130064	Temporal_Pole_Sup_L	906	0	2700	0	152	0	1054	0	676	0	2930	0	1874	0	4116	0	4634	0	1810	0	264	0	0	0	0	0	0	0	8450	0	110	0	0	0	0	0	3232	0	328	0	1588	0	0	0	0	0	0	0	0	0	0	0	0	0	3034	0	380	0	0	0	0	0	0	0	0	0	0	0	0	0	0	0	2278	0	0	0	0	0	296	0	5786	0	0	0	7746	0	6172	0	4516	0	0	0	0	0	0	0	0	0	0	0	0	0	0	0	0	0	0	0	0	0	0	0	0	0	0	0	
62312	Temporal_Pole_Sup_R	0	0	0	644	0	0	0	0	0	0	0	236	0	0	0	186	0	434	0	576	0	0	0	0	0	0	0	0	0	2886	0	0	0	0	0	0	0	1326	0	2882	0	1834	0	0	0	0	0	0	0	0	0	0	0	0	0	5350	0	0	0	0	0	0	0	0	0	0	0	0	0	0	0	0	0	1546	0	0	0	0	0	328	0	3328	0	0	0	2516	0	4696	0	2388	0	0	0	0	0	0	0	0	0	0	0	0	0	0	0	0	0	0	0	0	0	0	0	0	0	0	
319096	Temporal_Mid_L	666	134	1218	0	0	0	388	0	0	0	136	0	0	0	0	0	1162	0	668	0	0	0	0	0	0	0	0	0	3350	0	0	0	0	0	270	138	1482	114	0	0	0	0	4196	0	3426	0	198	0	444	0	21468	0	3050	0	10970	0	1694	0	402	0	6826	0	2844	0	12034	0	2908	0	512	90	0	0	116	0	0	0	376	148	3482	0	26982	0	7746	0	0	0	5888	0	33758	0	98	0	0	0	0	0	0	0	166	0	0	0	0	0	0	0	0	0	0	0	0	0	0	0	0	0	
185320	Temporal_Mid_R	0	2002	0	100	0	0	0	0	0	0	130	128	0	0	0	0	0	354	0	0	0	0	0	0	0	0	0	0	0	534	0	0	0	130	0	0	0	1454	0	384	0	0	0	4336	0	1438	0	274	0	472	0	15834	0	1482	0	1974	0	492	0	280	0	2836	0	3220	0	10834	0	2194	0	260	96	0	0	0	0	0	0	0	0	640	0	14636	0	2516	0	0	0	1626	0	22004	0	0	0	0	0	0	0	0	0	0	0	0	0	0	0	0	0	0	0	0	0	0	0	0	0	0	
44884	Temporal_Pole_Mid_L	0	0	0	0	0	0	0	0	0	0	0	0	0	0	0	0	0	0	0	0	0	0	0	0	0	0	0	0	388	0	0	0	0	0	0	0	780	0	112	0	268	0	0	0	0	0	0	0	0	0	0	0	0	0	2634	0	0	0	0	0	0	0	0	0	0	0	0	0	0	0	0	0	0	0	0	0	0	0	0	0	512	0	6172	0	5888	0	0	0	5688	0	0	0	0	0	0	0	0	0	0	0	0	0	0	0	0	0	0	0	0	0	0	0	0	0	0	0	
29644	Temporal_Pole_Mid_R	0	0	0	0	0	0	0	0	0	0	0	0	0	0	0	0	0	0	0	0	0	0	0	0	0	0	0	0	0	0	0	0	0	0	0	0	0	562	0	2128	0	750	0	0	0	0	0	0	0	0	0	0	0	0	0	2910	0	0	0	0	0	0	0	0	0	0	0	0	0	0	0	0	0	0	0	0	0	0	0	0	0	244	0	4696	0	1626	0	0	0	1906	0	0	0	0	0	0	0	0	0	0	0	0	0	0	0	0	0	0	0	0	0	0	0	0	0	0	
264084	Temporal_Inf_L	650	0	230	0	0	0	0	0	0	0	0	0	0	0	0	0	460	0	160	0	0	0	0	0	0	0	0	0	3546	0	0	0	0	0	172	0	6038	0	696	0	574	0	1724	0	1656	0	256	0	90	0	6316	0	1284	0	23792	0	1106	0	180	0	1484	0	1432	0	1776	0	1420	0	290	0	0	0	584	0	0	0	370	102	622	0	16298	0	4516	0	33758	0	5688	0	0	0	5858	0	1612	0	0	0	1352	0	3970	0	486	0	1340	0	0	0	0	0	0	0	154	0	0	0	0	0	
127508	Temporal_Inf_R	0	1834	0	0	0	0	0	0	0	0	92	104	0	0	0	0	0	352	0	0	0	0	0	0	0	0	0	0	0	696	0	0	0	0	0	372	0	3216	0	932	0	186	0	3814	0	836	0	440	0	120	0	2688	0	1192	0	10306	0	204	0	0	0	208	0	578	0	842	0	2256	0	186	0	0	0	0	0	0	0	0	0	146	0	2712	0	2388	0	22004	0	1906	0	0	0	2042	0	108	0	0	102	272	0	310	0	0	0	118	0	0	0	0	0	0	192	0	0	0	0	0	
560556	Cerebelum_Crus1_L	0	0	0	0	0	0	0	0	0	0	0	0	0	0	0	0	0	0	0	0	0	0	0	0	0	0	0	0	0	0	0	0	0	0	0	0	0	0	0	0	0	0	318	0	0	0	11280	1626	0	0	0	0	118	0	25302	764	0	0	0	0	0	0	0	0	0	0	0	0	0	0	0	0	0	0	0	0	0	0	0	0	0	0	0	0	98	0	0	0	5858	0	0	11738	29574	5166	890	124	28220	4036	65642	11254	8368	638	17154	3096	1450	1334	0	0	602	930	17222	13358	7528	2150	2330	2110	
632440	Cerebelum_Crus1_R	0	0	0	0	0	0	0	0	0	0	0	0	0	0	0	0	0	0	0	0	0	0	0	0	0	0	0	0	0	0	0	0	0	0	0	0	0	0	0	100	0	0	1772	0	0	0	7678	8138	0	0	0	0	0	0	4308	20046	0	0	0	0	0	0	0	0	0	0	0	0	0	0	0	0	0	0	0	0	0	0	0	0	0	0	0	0	0	0	0	0	0	2042	11738	0	1770	32650	0	2546	9054	27166	16444	72208	164	3874	1106	24722	108	2168	0	220	0	1550	22916	24212	10810	2668	2418	1624	
352968	Cerebelum_Crus2_L	0	0	0	0	0	0	0	0	0	0	0	0	0	0	0	0	0	0	0	0	0	0	0	0	0	0	0	0	0	0	0	0	0	0	0	0	0	0	0	0	0	0	0	0	0	0	272	218	0	0	0	0	0	0	786	0	0	0	0	0	0	0	0	0	0	0	0	0	0	0	0	0	0	0	0	0	0	0	0	0	0	0	0	0	0	0	0	0	1612	0	29574	1770	0	15430	0	0	2320	240	5016	1052	31590	7208	31712	10806	168	1544	0	0	0	108	1570	1652	19678	10394	1510	254	
355832	Cerebelum_Crus2_R	0	0	0	0	0	0	0	0	0	0	0	0	0	0	0	0	0	0	0	0	0	0	0	0	0	0	0	0	0	0	0	0	0	0	0	0	0	0	0	0	0	0	214	0	0	0	676	590	0	0	0	0	0	0	208	854	0	0	0	0	0	0	0	0	0	0	0	0	0	0	0	0	0	0	0	0	0	0	0	0	0	0	0	0	0	0	0	0	0	108	5166	32650	15430	0	0	128	1292	2078	2186	7792	5456	22098	4388	37952	102	2620	0	512	0	340	2442	3320	20432	6790	1540	552	
47928	Cerebelum_3_L	0	0	0	0	0	0	0	0	0	0	0	0	0	0	0	0	0	0	0	0	0	0	0	0	0	0	0	0	0	0	0	0	0	0	0	0	0	0	0	0	0	0	0	0	0	0	166	96	0	0	0	0	0	0	0	0	0	0	0	0	0	0	0	0	0	0	0	0	0	0	0	0	0	0	0	0	0	0	0	0	0	0	0	0	0	0	0	0	0	0	890	0	0	0	0	0	5406	0	980	0	0	0	2180	812	2410	698	104	0	1686	3490	1054	206	1074	1264	1070	378	
40904	Cerebelum_3_R	0	0	0	0	0	0	0	0	0	0	0	0	0	0	0	0	0	0	0	0	0	0	0	0	0	0	0	0	0	0	0	0	0	0	0	0	0	0	0	0	0	0	0	0	0	0	0	0	0	0	0	0	0	0	0	1204	0	0	0	0	0	0	0	0	0	0	0	0	0	0	0	0	0	0	0	0	0	0	0	0	0	0	0	0	0	0	0	0	0	0	124	2546	0	128	0	0	208	4254	96	3528	0	0	88	554	0	1100	0	0	354	3926	1104	102	118	494	524	0	
425320	Cerebelum_4_5_L	108	0	0	0	0	0	0	0	0	0	0	0	0	0	0	0	0	0	0	0	0	0	0	0	0	0	0	0	212	0	0	0	0	0	0	0	542	0	1148	0	0	0	328	0	0	0	11630	934	0	0	0	0	0	0	13382	616	86	0	0	0	0	0	0	0	0	0	0	0	0	0	0	0	0	0	0	0	0	0	0	0	0	0	0	0	0	0	0	0	1352	102	28220	9054	2320	1292	5406	208	0	6734	40814	10268	608	0	9004	4798	6768	2392	224	0	1270	2382	24446	6426	4852	5844	5644	3246	
296972	Cerebelum_4_5_R	0	0	0	0	0	0	0	0	0	0	0	0	0	0	0	0	0	0	0	0	0	0	0	0	0	0	0	0	0	0	0	0	0	0	0	0	0	704	0	1222	0	0	2124	0	0	0	4940	5886	0	0	0	0	0	0	2076	8998	0	0	0	0	0	0	0	0	0	0	0	200	0	0	0	0	0	0	0	0	0	112	0	0	0	0	0	0	0	0	0	0	0	272	4036	27166	240	2078	0	4254	6734	0	4992	35546	0	0	342	5054	0	1314	0	158	0	2502	24008	1730	660	450	474	214	
582340	Cerebelum_6_L	0	0	0	0	0	0	0	0	0	0	0	0	0	0	0	0	0	0	0	0	0	0	0	0	0	0	0	0	154	0	0	0	0	0	0	0	322	0	126	0	0	0	320	0	0	0	19058	4118	0	0	0	0	320	150	33322	2174	0	0	0	0	0	0	0	0	0	0	0	0	0	0	0	0	0	0	0	0	0	0	0	0	308	0	0	0	166	0	0	0	3970	0	65642	16444	5016	2186	980	96	40814	4992	0	17394	1070	0	6848	2816	2532	1520	0	0	228	376	19310	21426	6154	4098	3892	2828	
576100	Cerebelum_6_R	0	0	0	0	0	0	0	0	0	0	0	0	0	0	0	0	0	0	0	0	0	0	0	0	0	0	0	0	0	0	0	0	0	0	0	0	0	0	0	268	0	0	2126	0	0	0	8482	10676	0	0	0	0	0	362	4570	21426	0	0	0	0	0	0	0	0	0	0	0	0	0	0	0	0	0	0	0	0	0	0	0	0	0	0	0	0	0	0	0	0	0	310	11254	72208	1052	7792	0	3528	10268	35546	17394	0	0	0	734	10560	0	1732	0	298	0	1602	27962	25018	7200	2234	1976	1472	
246200	Cerebelum_7b_L	0	0	0	0	0	0	0	0	0	0	0	0	0	0	0	0	0	0	0	0	0	0	0	0	0	0	0	0	0	0	0	0	0	0	0	0	0	0	0	0	0	0	0	0	0	0	0	0	0	0	0	0	0	0	134	0	0	0	0	0	0	0	0	0	0	0	0	0	0	0	0	0	0	0	0	0	0	0	0	0	0	0	0	0	0	0	0	0	486	0	8368	164	31590	5456	0	0	608	0	1070	0	0	3630	35032	9714	660	2216	168	0	88	92	178	0	9156	12542	1646	102	
157544	Cerebelum_7b_R	0	0	0	0	0	0	0	0	0	0	0	0	0	0	0	0	0	0	0	0	0	0	0	0	0	0	0	0	0	0	0	0	0	0	0	0	0	0	0	0	0	0	0	0	0	0	0	0	0	0	0	0	0	0	0	0	0	0	0	0	0	0	0	0	0	0	0	0	0	0	0	0	0	0	0	0	0	0	0	0	0	0	0	0	0	0	0	0	0	0	638	3874	7208	22098	0	0	0	0	0	0	3630	0	2166	24512	0	3598	0	0	0	0	0	0	6730	4226	92	0	
419736	Cerebelum_8_L	0	0	0	0	0	0	0	0	0	0	0	0	0	0	0	0	0	0	0	0	0	0	0	0	0	0	0	0	0	0	0	0	0	0	0	0	88	0	248	0	0	0	0	0	0	0	368	134	0	0	0	0	0	0	1134	0	0	0	0	0	0	0	0	0	0	0	0	0	0	0	0	0	0	0	0	0	0	0	0	0	0	0	0	0	0	0	0	0	1340	0	17154	1106	31712	4388	2180	88	9004	342	6848	734	35032	2166	0	14788	18228	6318	4150	0	790	1264	3022	960	14778	20564	8914	2026	
460984	Cerebelum_8_R	0	0	0	0	0	0	0	0	0	0	0	0	0	0	0	0	0	0	0	0	0	0	0	0	0	0	0	0	0	0	0	0	0	0	0	0	0	0	0	0	0	0	450	0	0	0	684	0	0	0	0	0	0	0	436	1772	0	0	0	0	0	0	0	0	0	0	0	0	0	0	0	0	0	0	0	0	0	0	0	0	0	0	0	0	0	0	0	0	0	118	3096	24722	10806	37952	812	554	4798	5054	2816	10560	9714	24512	14788	0	928	20622	0	1660	1140	1890	6538	656	16698	17512	7174	2030	
115564	Cerebelum_9_L	0	0	0	0	0	0	0	0	0	0	0	0	0	0	0	0	0	0	0	0	0	0	0	0	0	0	0	0	0	0	0	0	0	0	0	0	166	0	446	0	0	0	0	0	0	0	146	118	0	0	0	0	0	0	864	0	0	0	0	0	0	0	0	0	0	0	0	0	0	0	0	0	0	0	0	0	0	0	0	0	0	0	0	0	0	0	0	0	0	0	1450	108	168	102	2410	0	6768	0	2532	0	660	0	18228	928	0	1202	5034	0	570	864	1332	1184	2842	4780	4162	718	
184856	Cerebelum_9_R	0	0	0	0	0	0	0	0	0	0	0	0	0	0	0	0	0	0	0	0	0	0	0	0	0	0	0	0	0	0	0	0	0	0	0	0	0	0	0	0	0	0	0	0	0	0	126	0	0	0	0	0	0	0	122	264	0	0	0	0	0	0	0	0	0	0	0	0	0	0	0	0	0	0	0	0	0	0	0	0	0	0	0	0	0	0	0	0	0	0	1334	2168	1544	2620	698	1100	2392	1314	1520	1732	2216	3598	6318	20622	1202	0	0	1770	1450	2054	2408	2546	6238	10720	9640	4712	
19360	Cerebelum_10_L	0	0	0	0	0	0	0	0	0	0	0	0	0	0	0	0	0	0	0	0	0	0	0	0	0	0	0	0	0	0	0	0	0	0	0	0	0	0	0	0	0	0	0	0	0	0	0	0	0	0	0	0	0	0	0	0	0	0	0	0	0	0	0	0	0	0	0	0	0	0	0	0	0	0	0	0	0	0	0	0	0	0	0	0	0	0	0	0	0	0	0	0	0	0	104	0	224	0	0	0	168	0	4150	0	5034	0	0	0	0	0	0	0	0	0	0	0	
9236	Cerebelum_10_R	0	0	0	0	0	0	0	0	0	0	0	0	0	0	0	0	0	0	0	0	0	0	0	0	0	0	0	0	0	0	0	0	0	0	0	0	0	0	0	0	0	0	0	0	0	0	0	0	0	0	0	0	0	0	0	0	0	0	0	0	0	0	0	0	0	0	0	0	0	0	0	0	0	0	0	0	0	0	0	0	0	0	0	0	0	0	0	0	0	0	0	220	0	512	0	0	0	158	0	298	0	0	0	1660	0	1770	0	0	0	0	0	0	0	0	0	0	
38324	Vermis_1_2	0	0	0	0	0	0	0	0	0	0	0	0	0	0	0	0	0	0	0	0	0	0	0	0	0	0	0	0	0	0	0	0	0	0	0	0	0	0	0	0	0	0	0	0	0	0	0	0	0	0	0	0	0	0	0	0	0	0	0	0	0	0	0	0	0	0	0	0	0	0	0	0	0	0	0	0	0	0	0	0	0	0	0	0	0	0	0	0	0	0	602	0	0	0	1686	354	1270	0	228	0	88	0	790	1140	570	1450	0	0	0	5486	2276	0	478	1272	1298	174	
75140	Vermis_3	0	0	0	0	0	0	0	0	0	0	0	0	0	0	0	0	0	0	0	0	0	0	0	0	0	0	0	0	0	0	0	0	0	0	0	0	0	0	0	0	0	0	0	0	0	0	0	0	0	0	0	0	0	0	0	226	0	0	0	0	0	0	0	0	0	0	0	0	0	0	0	0	0	0	0	0	0	0	0	0	0	0	0	0	0	0	0	0	0	0	930	1550	108	340	3490	3926	2382	2502	376	1602	92	0	1264	1890	864	2054	0	0	5486	0	3630	210	842	1724	1766	316	
408388	Vermis_4_5	0	0	0	0	0	0	0	0	0	0	0	0	0	0	0	0	0	0	0	0	0	0	0	0	0	0	0	0	0	0	0	0	0	0	0	524	0	534	0	160	0	0	2336	0	0	0	7592	4284	0	0	0	0	0	0	4666	3276	0	0	0	0	0	0	0	0	0	0	0	558	0	0	0	0	0	0	0	0	0	0	0	0	0	0	0	0	0	0	0	0	154	192	17222	22916	1570	2442	1054	1104	24446	24008	19310	27962	178	0	3022	6538	1332	2408	0	0	2276	3630	0	7818	1750	2954	3428	2550	
312248	Vermis_6	0	0	0	0	0	0	0	0	0	0	0	0	0	0	0	0	0	0	0	0	0	0	0	0	0	0	0	0	0	0	0	0	0	0	0	0	0	0	0	0	0	0	0	0	0	0	6140	8236	0	0	0	0	0	322	3182	4736	0	0	0	0	0	0	0	0	0	0	0	0	0	0	0	0	0	0	0	0	0	0	0	0	0	0	0	0	0	0	0	0	0	0	13358	24212	1652	3320	206	102	6426	1730	21426	25018	0	0	960	656	1184	2546	0	0	0	210	7818	0	9518	4042	4416	4708	
