data	data	514660	229720	1.26532e+06	857468	145756	79328	760204	227708	157904	28640	155060	174136	233096	148748	193224	92400	200076	143600	791348	987772	69584	74128	420288	428920	69120	86672	63176	66652	705320	347384	314416	493036	186720	453316	136520	149004	352612	418084	96408	307604	32684	67132	315932	384752	226932	263716	336364	352052	276244	304076	563360	282232	172768	130360	502652	551292	320888	247044	181412	96156	203972	126896	119536	130080	100456	139328	303684	429848	141904	179368	248824	370440	360948	504244	70976	54864	209444	195656	148472	36960	288168	152968	103308	53496	384060	199868	27300	18688	408228	242404	429944	445172	308260	242836	41740	73948	291508	259448	413876	435384	188212	89460	355416	358092	162956	176812	39076	14096	28956	74220	208024	244520	236452	156712	135868	39072	
data	data	Precentral_L	Precentral_R	Frontal_Sup_L	Frontal_Sup_R	Frontal_Sup_Orb_L	Frontal_Sup_Orb_R	Frontal_Mid_L	Frontal_Mid_R	Frontal_Mid_Orb_L	Frontal_Mid_Orb_R	Frontal_Inf_Oper_L	Frontal_Inf_Oper_R	Frontal_Inf_Tri_L	Frontal_Inf_Tri_R	Frontal_Inf_Orb_L	Frontal_Inf_Orb_R	Rolandic_Oper_L	Rolandic_Oper_R	Supp_Motor_Area_L	Supp_Motor_Area_R	Olfactory_L	Olfactory_R	Frontal_Sup_Medial_L	Frontal_Sup_Medial_R	Frontal_Med_Orb_L	Frontal_Med_Orb_R	Rectus_L	Rectus_R	Insula_L	Insula_R	Cingulum_Ant_L	Cingulum_Ant_R	Cingulum_Mid_L	Cingulum_Mid_R	Cingulum_Post_L	Cingulum_Post_R	Hippocampus_L	Hippocampus_R	ParaHippocampal_L	ParaHippocampal_R	Amygdala_L	Amygdala_R	Calcarine_L	Calcarine_R	Cuneus_L	Cuneus_R	Lingual_L	Lingual_R	Occipital_Sup_L	Occipital_Sup_R	Occipital_Mid_L	Occipital_Mid_R	Occipital_Inf_L	Occipital_Inf_R	Fusiform_L	Fusiform_R	Postcentral_L	Postcentral_R	Parietal_Sup_L	Parietal_Sup_R	Parietal_Inf_L	Parietal_Inf_R	SupraMarginal_L	SupraMarginal_R	Angular_L	Angular_R	Precuneus_L	Precuneus_R	Paracentral_Lobule_L	Paracentral_Lobule_R	Caudate_L	Caudate_R	Putamen_L	Putamen_R	Pallidum_L	Pallidum_R	Thalamus_L	Thalamus_R	Heschl_L	Heschl_R	Temporal_Sup_L	Temporal_Sup_R	Temporal_Pole_Sup_L	Temporal_Pole_Sup_R	Temporal_Mid_L	Temporal_Mid_R	Temporal_Pole_Mid_L	Temporal_Pole_Mid_R	Temporal_Inf_L	Temporal_Inf_R	Cerebelum_Crus1_L	Cerebelum_Crus1_R	Cerebelum_Crus2_L	Cerebelum_Crus2_R	Cerebelum_3_L	Cerebelum_3_R	Cerebelum_4_5_L	Cerebelum_4_5_R	Cerebelum_6_L	Cerebelum_6_R	Cerebelum_7b_L	Cerebelum_7b_R	Cerebelum_8_L	Cerebelum_8_R	Cerebelum_9_L	Cerebelum_9_R	Cerebelum_10_L	Cerebelum_10_R	Vermis_1_2	Vermis_3	Vermis_4_5	Vermis_6	Vermis_7	Vermis_8	Vermis_9	Vermis_10	
514660	Precentral_L	0	3914	29378	438	0	0	22496	0	196	0	10964	214	1920	0	194	0	8450	0	22502	8748	0	0	0	0	0	0	0	0	17544	130	174	0	218	7340	880	1820	9308	1292	418	512	0	0	426	1084	0	0	148	410	0	0	3680	0	0	0	3710	108	23998	202	1812	146	1512	0	508	0	0	0	472	1624	9986	3994	9078	1094	7992	258	5476	0	13164	2230	5660	0	2710	0	196	0	2196	0	0	0	4286	0	0	0	0	0	0	0	0	0	120	0	0	0	0	0	0	0	0	0	0	0	0	0	0	0	0	0	
229720	Precentral_R	3914	0	700	2886	0	0	428	6790	0	0	0	11830	0	142	0	0	0	4492	286	8602	0	0	0	0	0	0	0	0	160	3898	0	0	608	2646	558	658	140	8666	0	2202	0	0	208	1844	280	0	0	1102	0	616	0	464	0	0	0	3130	0	15016	0	348	0	2032	0	3238	0	0	348	2340	3168	6100	0	1312	0	7234	0	414	188	2490	0	622	0	1282	0	0	0	436	0	0	0	778	0	0	0	0	0	0	0	264	0	0	0	0	0	0	0	0	0	0	0	0	0	0	0	0	0	0	
1.26532e+06	Frontal_Sup_L	29378	700	0	24162	11008	0	101450	958	7410	0	6080	842	14390	1548	8576	246	2568	336	105638	38770	338	0	45986	12970	3664	0	638	0	42682	1938	19240	10566	4064	8264	468	1070	9476	1156	354	396	322	0	0	144	0	0	0	130	0	0	540	0	0	0	3362	206	732	194	244	0	180	0	0	0	0	0	0	240	3196	1242	20600	8288	33404	3914	8104	454	17010	5884	622	0	2010	0	978	0	250	0	0	0	3082	0	0	0	0	0	0	0	0	0	0	0	0	0	0	0	0	0	0	0	0	0	0	0	0	0	0	0	
857468	Frontal_Sup_R	438	2886	24162	0	344	5048	3442	33684	0	1854	0	4950	250	13462	0	9096	0	2460	24728	90600	0	1304	12960	41576	554	4058	0	2534	764	17744	8226	33552	1454	18066	0	0	0	2434	0	636	0	754	0	0	0	0	0	0	0	0	0	0	0	0	0	706	0	438	0	0	0	0	0	0	0	0	0	0	330	106	1868	21978	142	28294	0	4308	316	5864	0	0	0	144	0	220	0	0	0	0	0	0	0	0	0	0	0	0	0	0	0	0	0	0	0	0	0	0	0	0	0	0	0	0	0	0	0	0	
145756	Frontal_Sup_Orb_L	0	0	11008	344	0	0	2642	0	13424	0	0	0	766	0	9128	0	0	0	950	174	1170	0	4946	406	6058	0	4984	0	5226	0	4332	1408	0	148	0	0	0	0	0	0	0	0	0	0	0	0	0	0	0	0	0	0	0	0	0	0	0	0	0	0	0	0	0	0	0	0	0	0	0	0	498	0	3896	0	0	0	0	0	0	0	0	0	1370	0	0	0	0	0	0	0	0	0	0	0	0	0	0	0	0	0	0	0	0	0	0	0	0	0	0	0	0	0	0	0	0	0	
79328	Frontal_Sup_Orb_R	0	0	0	5048	0	0	0	2874	0	4474	0	0	0	662	0	2034	0	0	0	802	0	1088	0	2460	598	6274	0	6848	0	402	224	154	0	0	0	0	0	0	0	0	0	0	0	0	0	0	0	0	0	0	0	0	0	0	0	0	0	0	0	0	0	0	0	0	0	0	0	0	0	0	0	684	0	5038	0	0	0	0	0	0	0	0	0	0	0	0	0	0	0	0	0	0	0	0	0	0	0	0	0	0	0	0	0	0	0	0	0	0	0	0	0	0	0	0	0	0	
760204	Frontal_Mid_L	22496	428	101450	3442	2642	0	0	108	4758	0	13538	340	36078	498	6098	0	5482	162	14448	5684	0	0	23874	4386	1778	0	0	0	44264	528	7612	3682	2734	2196	792	1592	8880	1570	338	506	184	0	178	0	0	0	0	0	0	0	1042	0	0	0	3934	172	2330	116	426	0	360	0	0	0	0	0	140	0	348	140	5392	3526	11720	660	1122	142	8994	6280	2706	0	2864	0	712	0	374	0	0	0	3856	0	0	0	0	0	0	0	0	0	0	0	0	0	0	0	0	0	0	0	0	0	0	0	0	0	0	0	
227708	Frontal_Mid_R	0	6790	958	33684	0	2874	108	0	0	3026	0	8272	0	12292	0	5408	0	3254	1330	9096	0	628	0	2264	0	0	0	696	0	7504	0	440	0	188	0	0	0	1616	0	382	0	0	0	106	0	0	0	106	0	0	0	0	0	0	0	430	0	1020	0	0	0	198	0	512	0	0	0	0	0	0	0	1640	0	7548	0	650	0	834	0	0	0	0	0	0	0	0	0	0	0	0	0	0	0	0	0	0	0	0	0	0	0	0	0	0	0	0	0	0	0	0	0	0	0	0	0	0	
157904	Frontal_Mid_Orb_L	196	0	7410	0	13424	0	4758	0	0	0	132	0	3842	0	22584	0	0	0	2266	0	1004	0	146	0	180	0	1090	0	14064	0	0	0	0	0	0	0	0	0	184	0	206	0	0	0	0	0	0	0	0	0	0	0	0	0	0	0	0	0	0	0	0	0	0	0	0	0	0	0	0	0	0	0	5220	0	0	0	0	0	0	0	318	0	1928	0	0	0	0	0	0	0	0	0	0	0	0	0	0	0	0	0	0	0	0	0	0	0	0	0	0	0	0	0	0	0	0	0	
28640	Frontal_Mid_Orb_R	0	0	0	1854	0	4474	0	3026	0	0	0	0	0	692	0	2642	0	0	0	720	0	0	0	0	0	192	0	228	0	0	0	0	0	0	0	0	0	0	0	0	0	0	0	0	0	0	0	0	0	0	0	0	0	0	0	0	0	0	0	0	0	0	0	0	0	0	0	0	0	0	0	160	0	332	0	0	0	0	0	0	0	0	0	0	0	0	0	0	0	0	0	0	0	0	0	0	0	0	0	0	0	0	0	0	0	0	0	0	0	0	0	0	0	0	0	0	
155060	Frontal_Inf_Oper_L	10964	0	6080	0	0	0	13538	0	132	0	0	0	11764	0	296	0	7304	0	1996	0	0	0	300	0	0	0	0	0	13824	0	0	0	0	0	0	0	1998	0	0	0	0	0	0	0	0	0	0	0	0	0	0	0	0	0	492	0	2420	0	0	0	0	0	0	0	0	0	0	0	0	0	0	0	836	0	0	0	608	0	1832	0	1178	0	1206	0	152	0	0	0	610	0	0	0	0	0	0	0	0	0	0	0	0	0	0	0	0	0	0	0	0	0	0	0	0	0	0	0	
174136	Frontal_Inf_Oper_R	214	11830	842	4950	0	0	340	8272	0	0	0	0	0	7274	0	338	0	6038	1068	3426	0	0	0	122	0	0	0	0	128	8370	0	146	0	0	174	148	166	4352	0	2368	0	0	0	320	0	0	0	326	0	0	0	0	0	0	0	2770	0	5364	0	0	0	1258	0	2200	0	0	0	0	0	0	0	542	0	8446	0	512	286	2316	0	156	0	766	0	172	0	344	0	0	0	460	0	0	0	0	0	0	0	264	0	0	0	0	0	0	0	0	0	0	0	0	0	0	0	0	0	0	
233096	Frontal_Inf_Tri_L	1920	0	14390	250	766	0	36078	0	3842	0	11764	0	0	0	9344	0	3222	0	2154	356	0	0	2098	264	0	0	0	0	22302	0	288	126	304	0	0	0	1442	116	0	0	0	0	0	0	0	0	0	0	0	0	0	0	0	0	300	0	240	0	0	0	0	0	0	0	0	0	0	0	0	0	0	0	358	0	0	0	1126	134	696	0	1004	0	1198	0	0	0	0	0	466	0	0	0	0	0	0	0	0	0	0	0	0	0	0	0	0	0	0	0	0	0	0	0	0	0	0	0	
148748	Frontal_Inf_Tri_R	0	142	1548	13462	0	662	498	12292	0	692	0	7274	0	0	0	3562	0	490	3198	8092	0	0	2284	5420	0	0	0	0	176	10522	112	268	248	1122	0	0	0	280	0	126	0	0	0	0	0	0	0	0	0	0	0	0	0	0	0	238	0	188	0	0	0	0	0	0	0	0	0	0	0	0	0	0	0	780	0	0	0	148	0	0	0	166	0	0	0	176	0	0	0	208	0	0	0	0	0	0	0	0	0	0	0	0	0	0	0	0	0	0	0	0	0	0	0	0	0	0	
193224	Frontal_Inf_Orb_L	194	0	8576	0	9128	0	6098	0	22584	0	296	0	9344	0	0	0	0	0	2800	0	1664	0	414	0	0	0	604	0	21298	0	0	0	0	0	0	0	164	0	362	0	250	0	0	0	0	0	0	0	0	0	0	0	0	0	106	0	0	0	0	0	0	0	0	0	0	0	0	0	0	0	128	0	7334	0	0	0	0	0	0	0	326	0	4942	0	0	0	0	0	0	0	0	0	0	0	0	0	0	0	0	0	0	0	0	0	0	0	0	0	0	0	0	0	0	0	0	0	
92400	Frontal_Inf_Orb_R	0	0	246	9096	0	2034	0	5408	0	2642	0	338	0	3562	0	0	0	0	558	5486	0	812	108	490	0	0	0	132	0	6234	0	202	0	222	0	0	0	662	0	482	0	718	0	0	0	0	0	0	0	0	0	0	0	0	0	484	0	0	0	0	0	0	0	0	0	0	0	0	0	0	0	2620	0	2524	0	0	0	0	0	0	0	414	0	610	0	116	0	0	0	0	0	0	0	0	0	0	0	0	0	0	0	0	0	0	0	0	0	0	0	0	0	0	0	0	0	0	
200076	Rolandic_Oper_L	8450	0	2568	0	0	0	5482	0	0	0	7304	0	3222	0	0	0	0	0	580	0	0	0	0	0	0	0	0	0	18418	0	0	0	0	0	0	0	2620	130	0	0	0	0	0	0	0	0	0	0	106	0	988	0	138	0	1684	0	13320	0	1350	0	2146	0	2420	0	246	0	0	0	0	0	0	0	128	0	0	0	698	0	7932	0	11944	0	2186	0	3438	0	0	0	2256	0	166	0	0	0	0	0	0	0	118	0	0	0	0	0	0	0	0	0	0	0	0	0	0	0	0	0	
143600	Rolandic_Oper_R	0	4492	336	2460	0	0	162	3254	0	0	0	6038	0	490	0	0	0	0	184	1602	0	0	0	0	0	0	0	0	0	16542	0	0	0	0	0	0	0	4118	0	2218	0	0	0	276	0	0	0	278	0	0	0	0	0	0	0	2728	0	6046	0	0	0	692	0	3180	0	0	0	0	0	0	0	174	0	7380	0	340	0	878	0	2166	0	4236	0	520	0	300	0	0	0	288	0	0	0	0	0	0	0	242	0	180	0	0	0	0	0	0	0	0	0	0	0	0	0	0	0	0	
791348	Supp_Motor_Area_L	22502	286	105638	24728	950	0	14448	1330	2266	0	1996	1068	2154	3198	2800	558	580	184	0	54996	0	0	8450	6448	128	0	0	0	17290	2954	6912	6000	8194	14664	1272	404	4074	260	126	0	122	116	294	158	0	0	0	0	0	0	0	0	0	0	786	0	168	220	0	0	0	0	0	0	0	0	438	338	7000	2394	17966	6088	19456	3510	6786	326	10416	462	0	0	502	0	366	0	0	0	0	0	904	0	0	0	0	0	0	0	0	0	0	0	0	0	0	0	0	0	0	0	0	0	0	0	0	0	0	0	
987772	Supp_Motor_Area_R	8748	8602	38770	90600	174	802	5684	9096	0	720	0	3426	356	8092	0	5486	0	1602	54996	0	0	768	10134	23120	124	0	0	760	1244	10894	7922	30268	8830	46570	1508	2612	282	2480	0	716	0	744	236	1028	326	0	0	392	0	144	0	0	0	0	0	770	0	4206	0	0	0	124	0	610	0	0	416	2142	11400	18758	2272	29164	758	14788	582	4018	770	14400	0	0	0	452	0	0	0	0	0	0	0	0	0	0	0	0	0	0	0	0	0	0	0	0	0	0	0	0	0	0	0	0	0	0	0	0	0	0	
69584	Olfactory_L	0	0	338	0	1170	0	0	0	1004	0	0	0	0	0	1664	0	0	0	0	0	0	4366	0	0	166	138	4174	994	2544	0	2068	1598	0	0	0	0	464	0	1020	0	540	0	0	0	0	0	0	0	0	0	0	0	0	0	198	0	0	0	0	0	0	0	0	0	0	0	0	0	0	0	5334	2944	2190	902	0	0	0	0	0	0	0	0	976	0	0	0	0	0	0	0	0	0	0	0	0	0	0	0	0	0	0	0	0	0	0	0	0	0	0	0	0	0	0	0	0	0	
74128	Olfactory_R	0	0	0	1304	0	1088	0	628	0	0	0	0	0	0	0	812	0	0	0	768	4366	0	0	0	0	548	2848	2534	0	1750	1226	1930	0	0	0	0	0	700	0	776	0	796	0	0	0	0	0	0	0	0	0	0	0	0	0	452	0	0	0	0	0	0	0	0	0	0	0	0	0	0	5568	4632	2190	2038	0	110	0	0	0	0	0	0	0	0	0	0	0	0	0	0	0	0	0	0	0	0	0	0	0	0	0	0	0	0	0	0	0	0	0	0	0	0	0	0	0	0	
420288	Frontal_Sup_Medial_L	0	0	45986	12960	4946	0	23874	0	146	0	300	0	2098	2284	414	108	0	0	8450	10134	0	0	0	27568	4588	472	304	0	5116	1422	19028	18924	5904	11432	0	1180	0	0	0	0	0	0	0	0	0	0	0	0	0	0	0	0	0	0	0	0	0	0	0	0	0	0	0	0	0	0	0	190	0	0	206	430	1266	414	0	0	0	0	0	0	0	0	0	0	0	0	0	0	0	0	0	0	0	0	0	0	0	0	0	0	0	0	0	0	0	0	0	0	0	0	0	0	0	0	0	0	
428920	Frontal_Sup_Medial_R	0	0	12970	41576	406	2460	4386	2264	0	0	0	122	264	5420	0	490	0	0	6448	23120	0	0	27568	0	1354	5850	0	972	674	3428	7456	32128	2266	17084	0	0	0	0	0	0	0	0	0	0	0	0	0	0	0	0	0	0	0	0	0	0	0	0	0	0	0	0	0	0	0	0	0	0	0	0	0	7322	0	8288	0	144	0	0	0	0	0	0	0	0	0	0	0	0	0	0	0	0	0	0	0	0	0	0	0	0	0	0	0	0	0	0	0	0	0	0	0	0	0	0	0	0	
69120	Frontal_Med_Orb_L	0	0	3664	554	6058	598	1778	0	180	0	0	0	0	0	0	0	0	0	128	124	166	0	4588	1354	0	2382	2524	272	0	0	7070	1786	0	0	0	0	0	0	0	0	0	0	0	0	0	0	0	0	0	0	0	0	0	0	0	0	0	0	0	0	0	0	0	0	0	0	0	0	0	0	520	0	654	160	0	0	0	0	0	0	0	0	0	0	0	0	0	0	0	0	0	0	0	0	0	0	0	0	0	0	0	0	0	0	0	0	0	0	0	0	0	0	0	0	0	0	
86672	Frontal_Med_Orb_R	0	0	0	4058	0	6274	0	0	0	192	0	0	0	0	0	0	0	0	0	0	138	548	472	5850	2382	0	174	6004	0	0	2010	5276	0	0	0	0	0	0	0	0	0	0	0	0	0	0	0	0	0	0	0	0	0	0	0	0	0	0	0	0	0	0	0	0	0	0	0	0	0	0	0	2866	0	7092	0	0	0	0	0	0	0	0	0	0	0	0	0	0	0	0	0	0	0	0	0	0	0	0	0	0	0	0	0	0	0	0	0	0	0	0	0	0	0	0	0	0	
63176	Rectus_L	0	0	638	0	4984	0	0	0	1090	0	0	0	0	0	604	0	0	0	0	0	4174	2848	304	0	2524	174	0	1050	516	0	4014	1252	0	0	0	0	0	0	0	0	0	0	0	0	0	0	0	0	0	0	0	0	0	0	0	0	0	0	0	0	0	0	0	0	0	0	0	0	0	0	3704	1506	1716	490	0	0	0	0	0	0	0	0	0	0	0	0	0	0	0	0	0	0	0	0	0	0	0	0	0	0	0	0	0	0	0	0	0	0	0	0	0	0	0	0	0	0	
66652	Rectus_R	0	0	0	2534	0	6848	0	696	0	228	0	0	0	0	0	132	0	0	0	760	994	2534	0	972	272	6004	1050	0	0	180	882	2150	0	0	0	0	0	0	0	0	0	0	0	0	0	0	0	0	0	0	0	0	0	0	0	0	0	0	0	0	0	0	0	0	0	0	0	0	0	0	918	1590	110	4472	0	0	0	0	0	0	0	0	0	0	0	0	0	0	0	0	0	0	0	0	0	0	0	0	0	0	0	0	0	0	0	0	0	0	0	0	0	0	0	0	0	0	
705320	Insula_L	17544	160	42682	764	5226	0	44264	0	14064	0	13824	128	22302	176	21298	0	18418	0	17290	1244	2544	0	5116	674	0	0	516	0	0	206	942	350	778	394	670	1078	17930	1392	2462	526	2674	0	142	0	0	0	258	0	0	0	730	0	130	0	9348	0	11526	0	658	0	1902	0	562	0	232	0	142	0	256	112	364	0	18652	0	0	0	6070	1188	12470	0	13448	0	5628	0	3230	0	0	0	7976	0	0	0	0	0	0	0	0	0	0	0	0	0	0	0	0	0	0	0	0	0	0	0	0	0	0	0	
347384	Insula_R	130	3898	1938	17744	0	402	528	7504	0	0	0	8370	0	10522	0	6234	0	16542	2954	10894	0	1750	1422	3428	0	0	0	180	206	0	130	640	160	512	212	160	158	11660	0	6590	0	2356	0	484	0	0	0	622	0	0	0	0	0	0	0	8720	0	2046	0	0	0	204	0	264	0	0	0	0	0	0	0	2878	0	21830	0	600	226	1956	0	2718	0	6084	0	2622	0	2056	0	0	0	2264	0	0	0	0	0	0	0	644	0	250	0	0	0	0	0	0	0	0	0	0	0	0	0	0	0	0	
314416	Cingulum_Ant_L	174	0	19240	8226	4332	224	7612	0	0	0	0	0	288	112	0	0	0	0	6912	7922	2068	1226	19028	7456	7070	2010	4014	882	942	130	0	25090	5730	5840	114	220	0	0	0	0	0	0	0	0	0	0	0	0	0	0	0	0	0	0	0	0	0	0	0	0	0	0	0	0	0	0	0	106	0	216	5578	5918	5396	3132	0	0	0	0	0	0	0	0	0	0	0	0	0	0	0	0	0	0	0	0	0	0	0	0	0	0	0	0	0	0	0	0	0	0	0	0	0	0	0	0	0	0	
493036	Cingulum_Ant_R	0	0	10566	33552	1408	154	3682	440	0	0	0	146	126	268	0	202	0	0	6000	30268	1598	1930	18924	32128	1786	5276	1252	2150	350	640	25090	0	5204	22730	0	1270	0	0	0	0	0	0	0	116	0	0	0	0	0	0	0	0	0	0	0	0	0	0	0	0	0	0	0	0	0	0	0	286	0	0	3550	20480	2094	12520	0	332	0	0	0	0	0	0	0	0	0	0	0	0	0	0	0	0	0	0	0	0	0	0	0	0	0	0	0	0	0	0	0	0	0	0	0	0	0	0	0	0	
186720	Cingulum_Mid_L	218	608	4064	1454	0	0	2734	0	0	0	0	0	304	248	0	0	0	0	8194	8830	0	0	5904	2266	0	0	0	0	778	160	5730	5204	0	15778	5726	1618	0	0	0	0	0	0	924	120	5004	0	0	0	2842	0	1158	0	826	0	0	0	156	184	304	0	0	0	0	0	0	0	6686	1322	2466	1550	0	0	0	0	0	0	0	0	0	0	0	0	0	0	0	0	0	0	0	0	0	0	0	0	0	0	0	0	0	0	0	0	0	0	0	0	0	0	0	0	0	0	0	0	0	0	
453316	Cingulum_Mid_R	7340	2646	8264	18066	148	0	2196	188	0	0	0	0	0	1122	0	222	0	0	14664	46570	0	0	11432	17084	0	0	0	0	394	512	5840	22730	15778	0	1924	6040	0	494	0	0	0	0	156	2692	344	580	0	1116	252	724	0	448	0	270	0	0	0	2160	0	0	0	0	0	0	0	0	1938	8602	8140	13788	0	300	344	706	300	144	0	0	0	0	0	0	0	0	0	0	0	0	0	0	0	0	0	0	0	0	0	0	0	0	0	0	0	0	0	0	0	0	0	0	0	0	0	0	0	0	
136520	Cingulum_Post_L	880	558	468	0	0	0	792	0	0	0	0	174	0	0	0	0	0	0	1272	1508	0	0	0	0	0	0	0	0	670	212	114	0	5726	1924	0	9588	3622	3490	1500	1650	0	0	6036	298	3092	0	1154	374	1054	0	812	0	242	0	816	0	780	0	274	0	0	0	0	0	0	0	9772	2334	1982	1144	0	142	0	118	0	0	0	1510	436	0	228	0	0	0	476	0	0	0	220	0	0	0	0	0	0	0	162	0	0	0	0	0	0	0	0	0	0	0	0	0	656	0	0	0	0	0	
149004	Cingulum_Post_R	1820	658	1070	0	0	0	1592	0	0	0	0	148	0	0	0	0	0	0	404	2612	0	0	1180	0	0	0	0	0	1078	160	220	1270	1618	6040	9588	0	4336	7054	872	2658	0	0	362	2740	290	254	0	3890	0	160	0	114	0	0	248	0	518	724	0	292	0	0	0	0	0	0	758	8702	952	2168	0	226	0	0	0	0	2074	3208	484	0	276	0	0	0	150	0	0	0	184	0	0	0	0	0	0	0	0	194	0	0	0	0	0	0	0	0	0	0	0	0	1156	0	0	0	0	0	
352612	Hippocampus_L	9308	140	9476	0	0	0	8880	0	0	0	1998	166	1442	0	164	0	2620	0	4074	282	464	0	0	0	0	0	0	0	17930	158	0	0	0	0	3622	4336	0	4478	10030	2232	4732	0	916	0	0	0	2660	472	0	0	112	0	0	0	21804	0	3192	0	0	0	0	0	0	0	0	0	1596	798	118	0	160	154	10152	0	824	0	11152	3164	6910	0	5746	0	1148	0	1596	0	162	0	15208	0	226	0	136	0	0	0	474	170	396	0	0	0	170	0	0	0	0	0	0	158	0	0	0	0	0	0	
418084	Hippocampus_R	1292	8666	1156	2434	0	0	1570	1616	0	0	0	4352	116	280	0	662	130	4118	260	2480	0	700	0	0	0	0	0	0	1392	11660	0	0	0	494	3490	7054	4478	0	1016	38356	0	8206	0	718	0	0	128	4060	0	0	0	0	0	0	330	34642	448	1468	0	0	0	536	0	728	0	0	0	4126	208	912	0	1006	0	20072	0	1948	2858	8898	660	762	296	1710	0	1312	128	2670	0	276	204	5282	0	684	0	0	0	318	0	3836	0	1360	0	0	0	0	0	0	0	0	0	0	480	0	0	0	0	0	
96408	ParaHippocampal_L	418	0	354	0	0	0	338	0	184	0	0	0	0	0	362	0	0	0	126	0	1020	0	0	0	0	0	0	0	2462	0	0	0	0	0	1500	872	10030	1016	0	808	1764	0	906	0	0	0	4262	300	0	0	272	0	0	0	10138	0	228	0	0	0	0	0	0	0	0	0	1436	454	0	0	0	0	1114	0	0	0	1172	552	388	0	550	0	1384	0	202	0	394	0	1608	0	0	0	0	0	316	0	1100	0	174	0	0	0	0	0	0	0	0	0	0	0	0	0	0	0	0	0	
307604	ParaHippocampal_R	512	2202	396	636	0	0	506	382	0	0	0	2368	0	126	0	482	0	2218	0	716	0	776	0	0	0	0	0	0	526	6590	0	0	0	0	1650	2658	2232	38356	808	0	0	7370	0	482	0	0	170	5384	0	0	0	0	0	0	190	31916	196	786	0	0	0	492	0	654	0	0	0	3532	0	0	0	520	0	15566	0	1570	948	4106	318	248	108	584	0	2108	0	1298	0	952	0	3264	0	536	0	0	0	218	112	4882	0	818	0	0	0	0	0	0	0	0	0	0	334	0	0	0	0	0	
32684	Amygdala_L	0	0	322	0	0	0	184	0	206	0	0	0	0	0	250	0	0	0	122	0	540	0	0	0	0	0	0	0	2674	0	0	0	0	0	0	0	4732	0	1764	0	0	0	0	0	0	0	0	0	0	0	0	0	0	0	2492	0	0	0	0	0	0	0	0	0	0	0	0	0	0	0	0	0	720	0	0	0	0	0	0	0	690	0	840	0	0	0	226	0	580	0	0	0	0	0	0	0	0	0	0	0	0	0	0	0	0	0	0	0	0	0	0	0	0	0	0	0	
67132	Amygdala_R	0	0	0	754	0	0	0	0	0	0	0	0	0	0	0	718	0	0	116	744	0	796	0	0	0	0	0	0	0	2356	0	0	0	0	0	0	0	8206	0	7370	0	0	0	0	0	0	0	0	0	0	0	0	0	0	0	6504	0	0	0	0	0	0	0	0	0	0	0	0	0	0	0	694	0	1890	0	134	0	0	0	0	0	0	0	2158	0	0	0	634	0	164	0	0	0	0	0	0	0	328	0	0	0	0	0	0	0	0	0	0	0	0	0	0	0	0	0	0	
315932	Calcarine_L	426	208	0	0	0	0	178	0	0	0	0	0	0	0	0	0	0	0	294	236	0	0	0	0	0	0	0	0	142	0	0	0	924	156	6036	362	916	0	906	0	0	0	0	7842	18678	3988	13658	3000	16256	2140	25074	204	5388	286	5008	278	1662	0	1056	0	194	0	0	0	138	0	24054	1746	1292	208	0	0	0	0	0	0	0	0	160	0	294	0	0	0	7650	0	0	0	1764	0	0	254	0	0	0	110	424	856	806	648	0	0	0	0	0	0	0	0	0	106	1506	454	0	0	0	0	
384752	Calcarine_R	1084	1844	144	0	0	0	0	106	0	0	0	320	0	0	0	0	0	276	158	1028	0	0	0	0	0	0	0	0	0	484	0	116	120	2692	298	2740	0	718	0	482	0	0	7842	0	5092	28484	514	31292	0	26130	0	15562	0	10896	0	6188	0	3808	0	800	0	114	0	124	0	406	644	26054	742	2476	0	0	0	0	0	0	0	0	0	128	0	198	0	0	0	4960	0	0	0	5864	0	458	0	0	0	0	0	136	0	424	0	0	0	0	0	0	0	0	0	0	214	216	0	0	0	0	
226932	Cuneus_L	0	280	0	0	0	0	0	0	0	0	0	0	0	0	0	0	0	0	0	326	0	0	0	0	0	0	0	0	0	0	0	0	5004	344	3092	290	0	0	0	0	0	0	18678	5092	0	7880	2698	270	26880	1802	11958	0	3342	138	540	0	232	0	1048	0	0	0	0	0	0	0	18934	2888	508	294	0	0	0	0	0	0	0	0	0	0	0	0	0	0	392	0	0	0	156	0	0	0	0	0	0	0	0	0	210	0	0	0	0	0	0	0	0	0	0	0	0	190	0	0	0	0	
263716	Cuneus_R	0	0	0	0	0	0	0	0	0	0	0	0	0	0	0	0	0	0	0	0	0	0	0	0	0	0	0	0	0	0	0	0	0	580	0	254	0	0	0	0	0	0	3988	28484	7880	0	138	4162	1236	35856	252	10430	0	4570	0	474	0	418	0	3556	0	0	0	0	0	414	3078	24764	0	290	0	0	0	0	0	0	0	0	0	0	0	0	0	0	0	356	0	0	0	678	0	0	0	0	0	0	0	0	0	0	0	0	0	0	0	0	0	0	0	0	0	0	0	0	0	0	
336364	Lingual_L	148	0	0	0	0	0	0	0	0	0	0	0	0	0	0	0	0	0	0	0	0	0	0	0	0	0	0	0	258	0	0	0	0	0	1154	0	2660	128	4262	170	0	0	13658	514	2698	138	0	2714	7962	0	17284	0	7246	0	22142	1236	566	0	292	0	0	0	0	0	0	0	5916	0	0	0	0	0	0	0	0	0	134	0	0	0	0	0	0	0	2778	0	0	0	1148	0	10826	1548	1304	328	320	226	16352	2260	21608	2904	230	0	1264	232	544	118	0	0	0	320	4944	6226	1088	0	0	334	
352052	Lingual_R	410	1102	130	0	0	0	0	106	0	0	0	326	0	0	0	0	0	278	0	392	0	0	0	0	0	0	0	0	0	622	0	0	0	1116	374	3890	472	4060	300	5384	0	0	3000	31292	270	4162	2714	0	0	8432	0	5674	0	6884	252	22782	0	1442	0	342	0	0	0	0	0	148	118	13942	178	1096	0	0	0	0	0	0	226	854	0	130	0	140	0	0	0	1396	0	0	0	4780	1138	5866	334	314	0	700	2262	8856	1900	10734	0	0	0	360	0	116	0	0	0	228	6202	6142	1534	124	0	0	
276244	Occipital_Sup_L	0	0	0	0	0	0	0	0	0	0	0	0	0	0	0	0	106	0	0	0	0	0	0	0	0	0	0	0	0	0	0	0	2842	252	1054	0	0	0	0	0	0	0	16256	0	26880	1236	7962	0	0	0	35296	0	11788	0	1732	0	804	0	6746	0	2406	0	0	0	364	0	17538	1128	0	0	0	0	0	0	0	0	0	0	0	0	0	0	0	0	1686	0	0	0	728	0	0	0	0	0	0	0	0	0	674	0	0	0	0	0	0	0	0	0	0	0	0	644	0	0	0	0	
304076	Occipital_Sup_R	0	616	0	0	0	0	0	0	0	0	0	0	0	0	0	0	0	0	0	144	0	0	0	0	0	0	0	0	0	0	0	0	0	724	0	160	0	0	0	0	0	0	2140	26130	1802	35856	0	8432	0	0	0	26096	0	7820	0	1744	0	1584	0	6298	0	638	0	114	0	4234	384	20914	0	1252	0	0	0	0	0	0	0	0	0	0	0	376	0	0	0	1644	0	0	0	2170	0	274	0	0	0	0	0	0	0	354	0	0	0	0	0	0	0	0	0	0	0	138	0	0	0	0	
563360	Occipital_Mid_L	3680	0	540	0	0	0	1042	0	0	0	0	0	0	0	0	0	988	0	0	0	0	0	0	0	0	0	0	0	730	0	0	0	1158	0	812	0	112	0	272	0	0	0	25074	0	11958	252	17284	0	35296	0	0	0	32886	0	16052	0	9540	0	18860	0	14336	0	1102	0	14392	0	12492	232	748	0	0	0	166	0	0	0	0	0	644	0	2956	0	0	0	34548	0	0	0	18530	0	296	0	170	0	0	0	1112	0	2436	0	0	0	0	0	0	0	0	0	0	0	0	984	0	0	0	0	
282232	Occipital_Mid_R	0	464	0	0	0	0	0	0	0	0	0	0	0	0	0	0	0	0	0	0	0	0	0	0	0	0	0	0	0	0	0	0	0	448	0	114	0	0	0	0	0	0	204	15562	0	10430	0	5674	0	26096	0	0	0	13132	0	1818	0	1766	0	1078	0	8566	0	3114	0	20736	0	11016	0	1280	0	0	0	0	0	0	0	0	0	0	0	2908	0	0	0	12874	0	0	0	3716	0	0	0	0	0	0	0	0	0	120	0	0	0	0	0	0	0	0	0	0	0	0	0	0	0	0	
172768	Occipital_Inf_L	0	0	0	0	0	0	0	0	0	0	0	0	0	0	0	0	138	0	0	0	0	0	0	0	0	0	0	0	130	0	0	0	826	0	242	0	0	0	0	0	0	0	5388	0	3342	0	7246	0	11788	0	32886	0	0	0	6732	0	408	0	1628	0	824	0	0	0	176	0	3696	0	0	0	0	0	0	0	0	0	0	0	108	0	0	0	0	0	3974	0	0	0	6124	0	0	0	0	0	0	0	252	0	476	0	0	0	0	0	0	0	0	0	0	0	0	0	0	0	0	0	
130360	Occipital_Inf_R	0	0	0	0	0	0	0	0	0	0	0	0	0	0	0	0	0	0	0	0	0	0	0	0	0	0	0	0	0	0	0	0	0	270	0	0	0	0	0	0	0	0	286	10896	138	4570	0	6884	0	7820	0	13132	0	0	0	8184	0	524	0	108	0	204	0	484	0	782	0	4010	0	144	0	0	0	0	0	0	0	0	0	0	0	454	0	0	0	1294	0	0	0	3686	0	134	0	0	0	0	0	274	0	530	0	0	0	0	0	0	0	0	0	0	264	108	0	0	0	0	
502652	Fusiform_L	3710	0	3362	0	0	0	3934	0	0	0	492	0	300	0	106	0	1684	0	786	0	198	0	0	0	0	0	0	0	9348	0	0	0	0	0	816	248	21804	330	10138	190	2492	0	5008	0	540	0	22142	252	1732	0	16052	0	6732	0	0	0	2748	0	3918	0	2020	0	128	0	196	0	2864	106	226	0	0	0	4700	0	0	0	1920	292	4008	0	7110	0	3940	0	8456	0	2268	0	32782	0	16472	0	1932	0	318	0	12336	156	24832	124	790	0	2380	0	366	0	220	0	0	0	542	780	0	0	0	0	
551292	Fusiform_R	108	3130	206	706	0	0	172	430	0	0	0	2770	0	238	0	484	0	2728	0	770	0	452	0	0	0	0	0	0	0	8720	0	0	0	0	0	0	0	34642	0	31916	0	6504	278	6188	0	474	1236	22782	0	1744	0	1818	0	8184	0	0	0	5456	0	2582	0	1344	0	912	0	870	0	4652	0	784	0	404	0	15710	0	968	0	1592	0	464	0	2580	0	4158	0	3906	0	2098	0	25196	400	14664	0	760	0	1418	874	14240	810	22460	0	0	0	2030	0	544	0	0	0	0	4122	1906	522	286	254	0	
320888	Postcentral_L	23998	0	732	0	0	0	2330	0	0	0	2420	0	240	0	0	0	13320	0	168	0	0	0	0	0	0	0	0	0	11526	0	0	0	156	0	780	518	3192	448	228	196	0	0	1662	0	232	0	566	0	804	0	9540	0	408	0	2748	0	0	0	11468	0	21598	0	16276	0	1484	0	3678	0	3764	0	264	0	1146	0	0	0	1058	254	5550	0	7450	0	228	0	5670	0	0	0	3974	0	0	0	0	0	0	0	156	0	214	0	0	0	0	0	0	0	0	0	0	0	0	0	0	0	0	0	
247044	Postcentral_R	202	15016	194	438	0	0	116	1020	0	0	0	5364	0	188	0	0	0	6046	220	4206	0	0	0	0	0	0	0	0	0	2046	0	0	184	2160	0	724	0	1468	0	786	0	0	0	3808	0	418	0	1442	0	1584	0	1766	0	524	0	5456	0	0	0	7710	0	10490	0	16522	0	722	0	11820	166	5900	0	166	0	2352	0	116	0	598	0	448	0	2732	0	0	0	1304	0	0	0	7100	0	0	0	0	0	0	0	0	0	0	0	0	0	0	0	0	0	0	0	0	0	0	0	0	0	0	
181412	Parietal_Sup_L	1812	0	244	0	0	0	426	0	0	0	0	0	0	0	0	0	1350	0	0	0	0	0	0	0	0	0	0	0	658	0	0	0	304	0	274	0	0	0	0	0	0	0	1056	0	1048	0	292	0	6746	0	18860	0	1628	0	3918	0	11468	0	0	0	10908	0	368	0	1480	0	11118	682	794	0	0	0	130	0	0	0	0	0	250	0	1660	0	0	0	4152	0	0	0	9080	0	0	0	0	0	0	0	0	0	0	0	0	0	0	0	0	0	0	0	0	0	0	0	0	0	0	0	
96156	Parietal_Sup_R	146	348	0	0	0	0	0	0	0	0	0	0	0	0	0	0	0	0	0	0	0	0	0	0	0	0	0	0	0	0	0	0	0	0	0	292	0	0	0	0	0	0	0	800	0	3556	0	342	0	6298	0	1078	0	108	0	2582	0	7710	0	0	0	3366	0	638	0	2556	838	12676	154	670	0	0	0	0	0	0	0	0	0	0	0	110	0	0	0	410	0	0	0	3400	0	0	0	0	0	0	0	0	0	0	0	0	0	0	0	0	0	0	0	0	0	0	0	0	0	0	
203972	Parietal_Inf_L	1512	0	180	0	0	0	360	0	0	0	0	0	0	0	0	0	2146	0	0	0	0	0	0	0	0	0	0	0	1902	0	0	0	0	0	0	0	0	0	0	0	0	0	194	0	0	0	0	0	2406	0	14336	0	824	0	2020	0	21598	0	10908	0	0	0	16894	0	9544	0	194	0	128	0	0	0	0	0	0	0	0	0	148	0	2822	0	0	0	5152	0	0	0	8718	0	0	0	0	0	0	0	0	0	0	0	0	0	0	0	0	0	0	0	0	0	0	0	0	0	0	0	
126896	Parietal_Inf_R	0	2032	0	0	0	0	0	198	0	0	0	1258	0	0	0	0	0	692	0	124	0	0	0	0	0	0	0	0	0	204	0	0	0	0	0	0	0	536	0	492	0	0	0	114	0	0	0	0	0	638	0	8566	0	204	0	1344	0	10490	0	3366	0	0	0	14354	0	13112	0	204	0	0	0	0	0	982	0	0	0	262	0	150	0	1754	0	0	0	1332	0	0	0	1040	0	0	0	0	0	0	0	0	0	0	0	0	0	0	0	0	0	0	0	0	0	0	0	0	0	0	
119536	SupraMarginal_L	508	0	0	0	0	0	0	0	0	0	0	0	0	0	0	0	2420	0	0	0	0	0	0	0	0	0	0	0	562	0	0	0	0	0	0	0	0	0	0	0	0	0	0	0	0	0	0	0	0	0	1102	0	0	0	128	0	16276	0	368	0	16894	0	0	0	4544	0	0	0	0	0	0	0	0	0	0	0	0	0	244	0	8604	0	0	0	5652	0	0	0	2466	0	0	0	0	0	0	0	0	0	0	0	0	0	0	0	0	0	0	0	0	0	0	0	0	0	0	0	
130080	SupraMarginal_R	0	3238	0	0	0	0	0	512	0	0	0	2200	0	0	0	0	0	3180	0	610	0	0	0	0	0	0	0	0	0	264	0	0	0	0	0	0	0	728	0	654	0	0	0	124	0	0	0	0	0	114	0	3114	0	484	0	912	0	16522	0	638	0	14354	0	0	0	6616	0	142	0	0	0	0	0	1518	0	0	0	344	0	162	0	5858	0	0	0	2336	0	0	0	416	0	0	0	0	0	0	0	0	0	0	0	0	0	0	0	0	0	0	0	0	0	0	0	0	0	0	
100456	Angular_L	0	0	0	0	0	0	0	0	0	0	0	0	0	0	0	0	246	0	0	0	0	0	0	0	0	0	0	0	232	0	0	0	0	0	0	0	0	0	0	0	0	0	138	0	0	0	0	0	364	0	14392	0	176	0	196	0	1484	0	1480	0	9544	0	4544	0	0	0	0	0	0	0	0	0	0	0	0	0	0	0	0	0	3848	0	0	0	10846	0	0	0	2738	0	0	0	0	0	0	0	0	0	0	0	0	0	0	0	0	0	0	0	0	0	0	0	0	0	0	0	
139328	Angular_R	0	0	0	0	0	0	0	0	0	0	0	0	0	0	0	0	0	0	0	0	0	0	0	0	0	0	0	0	0	0	0	0	0	0	0	0	0	0	0	0	0	0	0	406	0	414	0	148	0	4234	0	20736	0	782	0	870	0	722	0	2556	0	13112	0	6616	0	0	0	1008	0	250	0	0	0	0	0	0	0	0	0	0	0	7078	0	0	0	8522	0	0	0	2210	0	0	0	0	0	0	0	0	0	0	0	0	0	0	0	0	0	0	0	0	0	0	0	0	0	0	
303684	Precuneus_L	472	348	0	0	0	0	140	0	0	0	0	0	0	0	0	0	0	0	438	416	0	0	0	0	0	0	0	0	142	0	0	0	6686	1938	9772	758	1596	0	1436	0	0	0	24054	644	18934	3078	5916	118	17538	384	12492	0	3696	0	2864	0	3678	0	11118	838	194	0	0	0	0	0	0	12128	3896	390	0	0	0	0	0	0	0	0	158	0	208	0	0	0	3342	0	0	0	634	0	0	0	0	0	0	0	554	0	306	0	0	0	0	0	0	0	0	0	0	0	538	0	0	0	0	0	
429848	Precuneus_R	1624	2340	240	0	0	0	0	0	0	0	0	0	0	0	0	0	0	0	338	2142	0	0	190	0	0	0	0	0	0	0	106	286	1322	8602	2334	8702	798	4126	454	3532	0	0	1746	26054	2888	24764	0	13942	1128	20914	232	11016	0	4010	106	4652	0	11820	682	12676	0	204	0	142	0	1008	12128	0	1522	10648	0	0	0	0	0	0	0	838	0	0	0	288	0	0	0	3724	0	0	0	8360	0	0	0	0	0	0	0	834	0	0	0	0	0	0	0	0	0	0	0	0	1462	0	0	0	0	0	
141904	Paracentral_Lobule_L	9986	3168	3196	330	0	0	348	0	0	0	0	0	0	0	0	0	0	0	7000	11400	0	0	0	0	0	0	0	0	256	0	0	0	2466	8140	1982	952	118	208	0	0	0	0	1292	742	508	0	0	178	0	0	748	0	0	0	226	0	3764	166	794	154	128	0	0	0	0	0	3896	1522	0	6158	0	328	184	0	142	0	0	0	0	0	0	0	0	0	230	0	0	0	242	0	0	0	0	0	0	0	0	0	0	0	0	0	0	0	0	0	0	0	0	0	0	0	0	0	0	0	
179368	Paracentral_Lobule_R	3994	6100	1242	106	0	0	140	0	0	0	0	0	0	0	0	0	0	0	2394	18758	0	0	0	0	0	0	0	0	112	0	216	0	1550	13788	1144	2168	0	912	0	0	0	0	208	2476	294	290	0	1096	0	1252	0	1280	0	144	0	784	0	5900	0	670	0	0	0	0	0	250	390	10648	6158	0	0	0	302	0	296	0	0	0	0	0	0	144	0	0	0	1398	0	0	0	3080	0	0	0	0	0	0	0	0	0	0	0	0	0	0	0	0	0	0	0	0	0	0	0	0	0	0	
248824	Caudate_L	9078	0	20600	1868	498	0	5392	0	0	0	0	0	0	0	128	0	0	0	17966	2272	5334	5568	206	0	520	0	3704	918	364	0	5578	3550	0	0	0	0	160	0	0	0	0	0	0	0	0	0	0	0	0	0	0	0	0	0	0	0	264	0	0	0	0	0	0	0	0	0	0	0	0	0	0	11284	15272	2868	2540	500	7456	418	0	0	0	0	0	0	0	0	0	0	106	0	0	0	0	0	0	0	0	0	0	0	0	0	0	0	0	0	0	0	0	0	0	0	0	0	0	0	
370440	Caudate_R	1094	1312	8288	21978	0	684	3526	1640	0	160	0	542	0	0	0	2620	0	174	6088	29164	2944	4632	430	7322	0	2866	1506	1590	0	2878	5918	20480	0	300	142	226	154	1006	0	520	0	694	0	0	0	0	0	0	0	0	0	0	0	0	0	404	0	166	0	0	0	0	0	0	0	0	0	0	328	0	11284	0	4326	19426	164	2842	444	14958	0	0	0	0	0	0	0	0	0	0	0	0	0	0	0	0	0	0	0	0	0	0	0	0	0	0	0	0	0	0	0	0	0	0	0	0	0	0	
360948	Putamen_L	7992	0	33404	142	3896	0	11720	0	5220	0	836	0	358	0	7334	0	128	0	19456	758	2190	2190	1266	0	654	0	1716	110	18652	0	5396	2094	0	344	0	0	10152	0	1114	0	720	0	0	0	0	0	0	0	0	0	166	0	0	0	4700	0	1146	0	130	0	0	0	0	0	0	0	0	0	184	302	15272	4326	0	1770	6950	408	2518	134	114	0	616	0	708	0	0	0	0	0	3188	0	0	0	0	0	0	0	0	0	0	0	0	0	0	0	0	0	0	0	0	0	0	0	0	0	0	0	
504244	Putamen_R	258	7234	3914	28294	0	5038	660	7548	0	332	0	8446	0	780	0	2524	0	7380	3510	14788	902	2038	414	8288	160	7092	490	4472	0	21830	3132	12520	0	706	118	0	0	20072	0	15566	0	1890	0	0	0	0	0	0	0	0	0	0	0	0	0	15710	0	2352	0	0	0	982	0	1518	0	0	0	0	0	0	2868	19426	1770	0	0	6116	0	3832	0	324	0	920	0	920	0	750	0	0	0	2156	0	206	0	0	0	126	0	1262	0	488	0	0	0	0	0	0	0	0	0	0	0	0	0	0	0	0	
70976	Pallidum_L	5476	0	8104	0	0	0	1122	0	0	0	0	0	0	0	0	0	0	0	6786	582	0	0	0	0	0	0	0	0	0	0	0	0	0	300	0	0	824	0	0	0	0	0	0	0	0	0	0	0	0	0	0	0	0	0	0	0	0	0	0	0	0	0	0	0	0	0	0	0	142	296	2540	164	6950	0	0	0	2202	0	0	0	0	0	0	0	0	0	0	0	0	0	0	0	0	0	0	0	0	0	0	0	0	0	0	0	0	0	0	0	0	0	0	0	0	0	0	0	
54864	Pallidum_R	0	414	454	4308	0	0	142	650	0	0	0	512	0	0	0	0	0	340	326	4018	0	110	0	144	0	0	0	0	0	600	0	332	0	144	0	0	0	1948	0	1570	0	134	0	0	0	0	0	0	0	0	0	0	0	0	0	968	0	116	0	0	0	0	0	0	0	0	0	0	0	0	500	2842	408	6116	0	0	0	230	0	0	0	0	0	0	0	0	0	0	0	0	0	0	0	0	0	0	0	106	0	0	0	0	0	0	0	0	0	0	0	0	0	0	0	0	0	0	
209444	Thalamus_L	13164	188	17010	316	0	0	8994	0	0	0	608	286	1126	0	0	0	698	0	10416	770	0	0	0	0	0	0	0	0	6070	226	0	0	0	0	0	2074	11152	2858	1172	948	0	0	0	0	0	0	134	226	0	0	0	0	0	0	1920	0	1058	0	0	0	0	0	0	0	0	0	0	0	0	0	7456	444	2518	0	2202	0	0	4954	1860	0	1188	0	0	0	490	0	0	0	2060	0	0	0	0	0	0	0	0	136	0	0	0	0	0	0	0	0	0	0	0	0	0	0	0	0	0	0	
195656	Thalamus_R	2230	2490	5884	5864	0	0	6280	834	0	0	0	2316	134	148	0	0	0	878	462	14400	0	0	0	0	0	0	0	0	1188	1956	0	0	0	0	1510	3208	3164	8898	552	4106	0	0	0	0	0	0	0	854	0	0	0	0	0	0	292	1592	254	598	0	0	0	262	0	344	0	0	0	838	0	0	418	14958	134	3832	0	230	4954	0	450	122	186	128	0	0	0	0	0	0	212	0	0	0	0	0	0	0	0	540	0	128	0	0	0	0	0	0	0	0	0	0	0	0	0	0	0	0	
148472	Heschl_L	5660	0	622	0	0	0	2706	0	0	0	1832	0	696	0	0	0	7932	0	0	0	0	0	0	0	0	0	0	0	12470	0	0	0	0	0	436	484	6910	660	388	318	0	0	160	0	0	0	0	0	0	0	644	0	108	0	4008	0	5550	0	250	0	148	0	244	0	0	0	158	0	0	0	0	0	114	0	0	0	1860	450	0	0	10386	0	198	0	4400	0	0	0	3700	0	290	0	0	0	0	0	0	0	328	0	0	0	126	0	0	0	0	0	0	0	0	0	0	0	0	0	
36960	Heschl_R	0	622	0	0	0	0	0	0	0	0	0	156	0	0	0	0	0	2166	0	0	0	0	0	0	0	0	0	0	0	2718	0	0	0	0	0	0	0	762	0	248	0	0	0	128	0	0	0	130	0	0	0	0	0	0	0	464	0	448	0	0	0	150	0	162	0	0	0	0	0	0	0	0	0	324	0	0	0	122	0	0	0	6758	0	0	0	1804	0	0	0	1318	0	0	0	0	0	0	0	0	0	0	0	0	0	0	0	0	0	0	0	0	0	0	0	0	0	0	
288168	Temporal_Sup_L	2710	0	2010	0	0	0	2864	0	318	0	1178	0	1004	0	326	0	11944	0	502	0	0	0	0	0	0	0	0	0	13448	0	0	0	0	0	228	276	5746	296	550	108	690	0	294	0	0	0	0	0	0	0	2956	0	0	0	7110	0	7450	0	1660	0	2822	0	8604	0	3848	0	208	0	0	0	0	0	616	0	0	0	1188	186	10386	0	0	0	6574	0	30350	0	124	0	14018	0	468	0	206	0	0	0	0	0	536	0	0	0	282	0	0	0	0	0	0	0	0	0	0	0	0	0	
152968	Temporal_Sup_R	0	1282	0	144	0	0	0	0	0	0	0	766	0	166	0	414	0	4236	0	452	0	0	0	0	0	0	0	0	0	6084	0	0	0	0	0	0	0	1710	0	584	0	0	0	198	0	0	0	140	0	376	0	2908	0	454	0	2580	0	2732	0	110	0	1754	0	5858	0	7078	0	288	0	144	0	0	0	920	0	0	0	128	0	6758	0	0	0	2774	0	18774	0	306	0	6366	0	0	0	0	0	0	0	0	0	0	0	0	0	0	0	0	0	0	0	0	0	0	0	0	0	0	
103308	Temporal_Pole_Sup_L	196	0	978	0	1370	0	712	0	1928	0	1206	0	1198	0	4942	0	2186	0	366	0	976	0	0	0	0	0	0	0	5628	0	0	0	0	0	0	0	1148	0	1384	0	840	0	0	0	0	0	0	0	0	0	0	0	0	0	3940	0	228	0	0	0	0	0	0	0	0	0	0	0	0	0	0	0	708	0	0	0	0	0	198	0	6574	0	0	0	7740	0	4116	0	3092	0	0	0	0	0	0	0	0	0	0	0	0	0	0	0	0	0	0	0	0	0	0	0	0	0	0	0	
53496	Temporal_Pole_Sup_R	0	0	0	220	0	0	0	0	0	0	0	172	0	0	0	610	0	520	0	0	0	0	0	0	0	0	0	0	0	2622	0	0	0	0	0	0	0	1312	0	2108	0	2158	0	0	0	0	0	0	0	0	0	0	0	0	0	4158	0	0	0	0	0	0	0	0	0	0	0	0	0	0	0	0	0	920	0	0	0	0	0	0	0	2774	0	0	0	3344	0	3264	0	2394	0	0	0	0	0	0	0	172	0	0	0	0	0	0	0	0	0	0	0	0	0	0	0	0	0	0	
384060	Temporal_Mid_L	2196	0	250	0	0	0	374	0	0	0	152	0	0	0	0	0	3438	0	0	0	0	0	0	0	0	0	0	0	3230	0	0	0	0	0	476	150	1596	128	202	0	0	0	7650	0	392	0	2778	0	1686	0	34548	0	3974	0	8456	0	5670	0	4152	0	5152	0	5652	0	10846	0	3342	0	230	0	0	0	0	0	0	0	490	0	4400	0	30350	0	7740	0	0	0	4088	0	37198	0	130	0	0	0	0	0	350	0	564	0	0	0	0	0	0	0	0	0	0	0	0	0	0	0	0	0	
199868	Temporal_Mid_R	0	436	0	0	0	0	0	0	0	0	0	344	0	176	0	116	0	300	0	0	0	0	0	0	0	0	0	0	0	2056	0	0	0	0	0	0	0	2670	0	1298	0	0	0	4960	0	356	0	1396	0	1644	0	12874	0	1294	0	3906	0	1304	0	410	0	1332	0	2336	0	8522	0	3724	0	1398	0	0	0	750	0	0	0	0	0	1804	0	18774	0	3344	0	0	0	1098	0	21312	0	0	0	0	0	0	0	0	0	0	0	0	0	0	0	0	0	0	0	0	0	0	0	0	0	0	
27300	Temporal_Pole_Mid_L	0	0	0	0	0	0	0	0	0	0	0	0	0	0	0	0	0	0	0	0	0	0	0	0	0	0	0	0	0	0	0	0	0	0	0	0	162	0	394	0	226	0	0	0	0	0	0	0	0	0	0	0	0	0	2268	0	0	0	0	0	0	0	0	0	0	0	0	0	0	0	0	0	0	0	0	0	0	0	0	0	124	0	4116	0	4088	0	0	0	2272	0	0	0	0	0	0	0	0	0	0	0	0	0	0	0	0	0	0	0	0	0	0	0	0	0	0	0	
18688	Temporal_Pole_Mid_R	0	0	0	0	0	0	0	0	0	0	0	0	0	0	0	0	0	0	0	0	0	0	0	0	0	0	0	0	0	0	0	0	0	0	0	0	0	276	0	952	0	634	0	0	0	0	0	0	0	0	0	0	0	0	0	2098	0	0	0	0	0	0	0	0	0	0	0	0	0	0	0	0	0	0	0	0	0	0	0	0	0	306	0	3264	0	1098	0	0	0	716	0	0	0	0	0	0	0	0	0	0	0	0	0	0	0	0	0	0	0	0	0	0	0	0	0	0	
408228	Temporal_Inf_L	4286	0	3082	0	0	0	3856	0	0	0	610	0	466	0	0	0	2256	0	904	0	0	0	0	0	0	0	0	0	7976	0	0	0	0	0	220	184	15208	204	1608	0	580	0	1764	0	156	0	1148	0	728	0	18530	0	6124	0	32782	0	3974	0	9080	0	8718	0	2466	0	2738	0	634	0	242	0	106	0	3188	0	0	0	2060	212	3700	0	14018	0	3092	0	37198	0	2272	0	0	0	3770	0	556	0	0	0	516	0	2128	0	134	0	640	0	0	0	0	0	0	0	0	0	0	0	0	0	
242404	Temporal_Inf_R	0	778	0	0	0	0	0	0	0	0	0	460	0	208	0	0	0	288	0	0	0	0	0	0	0	0	0	0	0	2264	0	0	0	0	0	0	0	5282	0	3264	0	164	0	5864	0	678	0	4780	0	2170	0	3716	0	3686	0	25196	0	7100	0	3400	0	1040	0	416	0	2210	0	8360	0	3080	0	0	0	2156	0	0	0	0	0	1318	0	6366	0	2394	0	21312	0	716	0	0	0	1664	0	0	0	0	0	186	0	540	0	0	0	146	0	0	0	0	0	0	0	0	0	0	0	0	
429944	Cerebelum_Crus1_L	0	0	0	0	0	0	0	0	0	0	0	0	0	0	0	0	166	0	0	0	0	0	0	0	0	0	0	0	0	0	0	0	0	0	0	0	226	0	0	0	0	0	0	0	0	0	10826	1138	0	0	296	0	0	0	16472	400	0	0	0	0	0	0	0	0	0	0	0	0	0	0	0	0	0	0	0	0	0	0	290	0	468	0	0	0	130	0	0	0	3770	0	0	918	35004	1692	1100	120	20010	950	48710	1310	11984	588	31812	834	6546	328	2114	0	0	240	3224	5918	5138	1176	504	570	
445172	Cerebelum_Crus1_R	0	0	0	0	0	0	0	0	0	0	0	0	0	0	0	0	0	0	0	0	0	0	0	0	0	0	0	0	0	0	0	0	0	0	0	0	0	684	0	536	0	0	254	458	0	0	1548	5866	0	274	0	0	0	134	0	14664	0	0	0	0	0	0	0	0	0	0	0	0	0	0	0	0	0	206	0	0	0	0	0	0	0	0	0	0	0	0	0	0	0	1664	918	0	360	29888	240	2722	2030	14884	1484	50798	210	5968	710	36492	150	6842	0	310	406	1952	7304	10866	12800	5398	3336	230	
308260	Cerebelum_Crus2_L	0	0	0	0	0	0	0	0	0	0	0	0	0	0	0	0	0	0	0	0	0	0	0	0	0	0	0	0	0	0	0	0	0	0	0	0	136	0	0	0	0	0	0	0	0	0	1304	334	0	0	170	0	0	0	1932	0	0	0	0	0	0	0	0	0	0	0	0	0	0	0	0	0	0	0	0	0	0	0	0	0	206	0	0	0	0	0	0	0	556	0	35004	360	0	5812	362	0	2766	0	10498	208	31738	1458	41332	1012	7694	0	2402	0	0	0	292	2450	4022	2082	0	0	
242836	Cerebelum_Crus2_R	0	0	0	0	0	0	0	0	0	0	0	0	0	0	0	0	0	0	0	0	0	0	0	0	0	0	0	0	0	0	0	0	0	0	0	0	0	0	0	0	0	0	0	0	0	0	328	314	0	0	0	0	0	0	0	760	0	0	0	0	0	0	0	0	0	0	0	0	0	0	0	0	0	0	0	0	0	0	0	0	0	0	0	0	0	0	0	0	0	0	1692	29888	5812	0	0	264	0	578	440	7488	724	14912	2062	32178	396	3282	0	202	0	196	258	3394	9704	5332	1086	128	
41740	Cerebelum_3_L	0	0	0	0	0	0	0	0	0	0	0	0	0	0	0	0	0	0	0	0	0	0	0	0	0	0	0	0	0	0	0	0	0	0	0	0	0	0	316	0	0	0	0	0	0	0	320	0	0	0	0	0	0	0	318	0	0	0	0	0	0	0	0	0	0	0	0	0	0	0	0	0	0	0	0	0	0	0	0	0	0	0	0	0	0	0	0	0	0	0	1100	240	362	0	0	134	6848	178	2150	310	204	0	806	214	2130	166	210	0	652	1802	866	156	296	390	392	310	
73948	Cerebelum_3_R	0	0	0	0	0	0	0	0	0	0	0	0	0	0	0	0	0	0	0	0	0	0	0	0	0	0	0	0	0	0	0	0	0	0	0	0	0	318	0	218	0	0	110	0	0	0	226	700	0	0	0	0	0	0	0	1418	0	0	0	0	0	0	0	0	0	0	0	0	0	0	0	0	0	126	0	0	0	0	0	0	0	0	0	0	0	0	0	0	0	0	120	2722	0	264	134	0	1050	6484	412	5948	0	0	0	1382	0	1862	0	0	1088	5204	2048	1346	1278	792	1450	274	
291508	Cerebelum_4_5_L	0	0	0	0	0	0	0	0	0	0	0	0	0	0	0	0	0	0	0	0	0	0	0	0	0	0	0	0	0	0	0	0	0	0	162	0	474	0	1100	112	0	0	424	0	0	0	16352	2262	0	0	1112	0	252	0	12336	874	156	0	0	0	0	0	0	0	0	0	554	0	0	0	0	0	0	0	0	0	0	0	0	0	0	0	0	0	350	0	0	0	516	0	20010	2030	2766	0	6848	1050	0	3402	34218	3714	1664	0	4660	1104	4064	614	698	0	1086	2950	10892	3406	1040	502	992	1008	
259448	Cerebelum_4_5_R	0	264	0	0	0	0	0	0	0	0	0	264	0	0	0	0	0	242	0	0	0	0	0	0	0	0	0	0	0	644	0	0	0	0	0	194	170	3836	0	4882	0	328	856	136	0	0	2260	8856	0	0	0	0	0	274	156	14240	0	0	0	0	0	0	0	0	0	0	0	834	0	0	0	0	0	1262	0	106	136	540	0	0	0	0	0	172	0	0	0	0	0	186	950	14884	0	578	178	6484	3402	0	1794	26874	0	0	0	3908	0	2542	0	0	276	2696	13636	3366	3056	1778	2256	228	
413876	Cerebelum_6_L	120	0	0	0	0	0	0	0	0	0	0	0	0	0	0	0	118	0	0	0	0	0	0	0	0	0	0	0	0	0	0	0	0	0	0	0	396	0	174	0	0	0	806	0	210	0	21608	1900	674	0	2436	0	476	0	24832	810	214	0	0	0	0	0	0	0	0	0	306	0	0	0	0	0	0	0	0	0	0	0	328	0	536	0	0	0	564	0	0	0	2128	0	48710	1484	10498	440	2150	412	34218	1794	0	2970	4044	0	11554	744	5046	740	1174	0	368	838	6168	10044	2826	358	908	814	
435384	Cerebelum_6_R	0	0	0	0	0	0	0	0	0	0	0	0	0	0	0	0	0	180	0	0	0	0	0	0	0	0	0	0	0	250	0	0	0	0	0	0	0	1360	0	818	0	0	648	424	0	0	2904	10734	0	354	0	120	0	530	124	22460	0	0	0	0	0	0	0	0	0	0	0	0	0	0	0	0	0	488	0	0	0	128	0	0	0	0	0	0	0	0	0	0	0	540	1310	50798	208	7488	310	5948	3714	26874	2970	0	0	796	268	18210	0	5614	0	436	570	3068	13112	14216	10936	4564	3874	346	
188212	Cerebelum_7b_L	0	0	0	0	0	0	0	0	0	0	0	0	0	0	0	0	0	0	0	0	0	0	0	0	0	0	0	0	0	0	0	0	0	0	0	0	0	0	0	0	0	0	0	0	0	0	230	0	0	0	0	0	0	0	790	0	0	0	0	0	0	0	0	0	0	0	0	0	0	0	0	0	0	0	0	0	0	0	0	0	0	0	0	0	0	0	0	0	134	0	11984	210	31738	724	204	0	1664	0	4044	0	0	0	30588	480	6346	0	1452	0	0	0	150	250	1560	1558	0	0	
89460	Cerebelum_7b_R	0	0	0	0	0	0	0	0	0	0	0	0	0	0	0	0	0	0	0	0	0	0	0	0	0	0	0	0	0	0	0	0	0	0	0	0	0	0	0	0	0	0	0	0	0	0	0	0	0	0	0	0	0	0	0	0	0	0	0	0	0	0	0	0	0	0	0	0	0	0	0	0	0	0	0	0	0	0	0	0	0	0	0	0	0	0	0	0	0	0	588	5968	1458	14912	0	0	0	0	0	796	0	0	0	16662	0	2006	0	0	0	0	0	240	1234	726	140	0	
355416	Cerebelum_8_L	0	0	0	0	0	0	0	0	0	0	0	0	0	0	0	0	0	0	0	0	0	0	0	0	0	0	0	0	0	0	0	0	0	0	0	0	170	0	0	0	0	0	0	0	0	0	1264	0	0	0	0	0	0	0	2380	0	0	0	0	0	0	0	0	0	0	0	0	0	0	0	0	0	0	0	0	0	0	0	126	0	282	0	0	0	0	0	0	0	640	0	31812	710	41332	2062	806	0	4660	0	11554	268	30588	0	0	2910	27000	850	4726	0	0	0	492	1166	4584	5420	1732	174	
358092	Cerebelum_8_R	0	0	0	0	0	0	0	0	0	0	0	0	0	0	0	0	0	0	0	0	0	0	0	0	0	0	0	0	0	0	0	0	0	0	0	0	0	0	0	0	0	0	0	0	0	0	232	360	0	0	0	0	0	0	0	2030	0	0	0	0	0	0	0	0	0	0	0	0	0	0	0	0	0	0	0	0	0	0	0	0	0	0	0	0	0	0	0	0	0	146	834	36492	1012	32178	214	1382	1104	3908	744	18210	480	16662	2910	0	1430	20022	0	816	410	1244	3146	5182	12866	8958	5280	794	
162956	Cerebelum_9_L	0	0	0	0	0	0	0	0	0	0	0	0	0	0	0	0	0	0	0	0	0	0	0	0	0	0	0	0	0	0	0	0	0	0	0	0	0	0	0	0	0	0	0	0	0	0	544	0	0	0	0	0	0	0	366	0	0	0	0	0	0	0	0	0	0	0	0	0	0	0	0	0	0	0	0	0	0	0	0	0	0	0	0	0	0	0	0	0	0	0	6546	150	7694	396	2130	0	4064	0	5046	0	6346	0	27000	1430	0	2704	6542	158	130	168	304	394	1468	2394	4162	1342	
176812	Cerebelum_9_R	0	0	0	0	0	0	0	0	0	0	0	0	0	0	0	0	0	0	0	0	0	0	0	0	0	0	0	0	0	0	0	0	0	0	0	0	0	0	0	0	0	0	0	0	0	0	118	116	0	0	0	0	0	0	0	544	0	0	0	0	0	0	0	0	0	0	0	0	0	0	0	0	0	0	0	0	0	0	0	0	0	0	0	0	0	0	0	0	0	0	328	6842	0	3282	166	1862	614	2542	740	5614	0	2006	850	20022	2704	0	0	1724	1090	2094	1728	6232	6232	7040	11464	2452	
39076	Cerebelum_10_L	0	0	0	0	0	0	0	0	0	0	0	0	0	0	0	0	0	0	0	0	0	0	0	0	0	0	0	0	0	0	0	0	0	0	0	0	0	0	0	0	0	0	0	0	0	0	0	0	0	0	0	0	0	0	220	0	0	0	0	0	0	0	0	0	0	0	0	0	0	0	0	0	0	0	0	0	0	0	0	0	0	0	0	0	0	0	0	0	0	0	2114	0	2402	0	210	0	698	0	1174	0	1452	0	4726	0	6542	0	0	0	0	0	0	0	0	0	0	0	
14096	Cerebelum_10_R	0	0	0	0	0	0	0	0	0	0	0	0	0	0	0	0	0	0	0	0	0	0	0	0	0	0	0	0	0	0	0	0	0	0	0	0	0	0	0	0	0	0	0	0	0	0	0	0	0	0	0	0	0	0	0	0	0	0	0	0	0	0	0	0	0	0	0	0	0	0	0	0	0	0	0	0	0	0	0	0	0	0	0	0	0	0	0	0	0	0	0	310	0	202	0	0	0	0	0	436	0	0	0	816	158	1724	0	0	0	110	0	680	824	644	1024	120	
28956	Vermis_1_2	0	0	0	0	0	0	0	0	0	0	0	0	0	0	0	0	0	0	0	0	0	0	0	0	0	0	0	0	0	0	0	0	0	0	0	0	0	0	0	0	0	0	0	0	0	0	0	0	0	0	0	0	0	0	0	0	0	0	0	0	0	0	0	0	0	0	0	0	0	0	0	0	0	0	0	0	0	0	0	0	0	0	0	0	0	0	0	0	0	0	0	406	0	0	652	1088	1086	276	368	570	0	0	0	410	130	1090	0	0	0	4726	1450	616	316	274	748	272	
74220	Vermis_3	0	0	0	0	0	0	0	0	0	0	0	0	0	0	0	0	0	0	0	0	0	0	0	0	0	0	0	0	0	0	0	0	0	0	0	0	158	0	0	0	0	0	106	0	0	0	320	228	0	0	0	0	0	0	0	0	0	0	0	0	0	0	0	0	0	0	0	0	0	0	0	0	0	0	0	0	0	0	0	0	0	0	0	0	0	0	0	0	0	0	240	1952	0	196	1802	5204	2950	2696	838	3068	0	0	0	1244	168	2094	0	110	4726	0	3550	1518	1226	714	1618	384	
208024	Vermis_4_5	0	0	0	0	0	0	0	0	0	0	0	0	0	0	0	0	0	0	0	0	0	0	0	0	0	0	0	0	0	0	0	0	0	0	656	1156	0	480	0	334	0	0	1506	214	0	0	4944	6202	0	0	0	0	0	264	542	4122	0	0	0	0	0	0	0	0	0	0	538	1462	0	0	0	0	0	0	0	0	0	0	0	0	0	0	0	0	0	0	0	0	0	0	3224	7304	292	258	866	2048	10892	13636	6168	13112	150	0	492	3146	304	1728	0	0	1450	3550	0	5814	2474	1162	1914	1608	
