data	data	401364	218052	765680	563384	151696	140500	549468	258804	118500	54104	340600	296864	271840	158596	228280	169636	232324	115076	677780	639036	77172	108460	295584	276172	28720	72772	76684	96948	656964	407600	290172	331028	129100	376384	130444	157260	303564	302440	49032	151376	39984	76276	208000	349964	173588	297456	234552	293792	189920	335428	345020	171756	118684	126264	272284	403072	343500	177264	217268	168048	249072	140880	109824	96352	108524	190896	217412	310124	206584	163516	378608	488500	381656	282836	64964	53676	183808	259376	104788	36904	224148	118120	81404	65512	280208	151624	24500	22160	249368	231116	408468	373708	246340	238376	60652	74224	254232	219524	377168	372528	188016	96692	279932	283620	145460	96128	12500	4496	19324	45320	224916	171876	189180	143204	74680	18356	
data	data	Precentral_L	Precentral_R	Frontal_Sup_L	Frontal_Sup_R	Frontal_Sup_Orb_L	Frontal_Sup_Orb_R	Frontal_Mid_L	Frontal_Mid_R	Frontal_Mid_Orb_L	Frontal_Mid_Orb_R	Frontal_Inf_Oper_L	Frontal_Inf_Oper_R	Frontal_Inf_Tri_L	Frontal_Inf_Tri_R	Frontal_Inf_Orb_L	Frontal_Inf_Orb_R	Rolandic_Oper_L	Rolandic_Oper_R	Supp_Motor_Area_L	Supp_Motor_Area_R	Olfactory_L	Olfactory_R	Frontal_Sup_Medial_L	Frontal_Sup_Medial_R	Frontal_Med_Orb_L	Frontal_Med_Orb_R	Rectus_L	Rectus_R	Insula_L	Insula_R	Cingulum_Ant_L	Cingulum_Ant_R	Cingulum_Mid_L	Cingulum_Mid_R	Cingulum_Post_L	Cingulum_Post_R	Hippocampus_L	Hippocampus_R	ParaHippocampal_L	ParaHippocampal_R	Amygdala_L	Amygdala_R	Calcarine_L	Calcarine_R	Cuneus_L	Cuneus_R	Lingual_L	Lingual_R	Occipital_Sup_L	Occipital_Sup_R	Occipital_Mid_L	Occipital_Mid_R	Occipital_Inf_L	Occipital_Inf_R	Fusiform_L	Fusiform_R	Postcentral_L	Postcentral_R	Parietal_Sup_L	Parietal_Sup_R	Parietal_Inf_L	Parietal_Inf_R	SupraMarginal_L	SupraMarginal_R	Angular_L	Angular_R	Precuneus_L	Precuneus_R	Paracentral_Lobule_L	Paracentral_Lobule_R	Caudate_L	Caudate_R	Putamen_L	Putamen_R	Pallidum_L	Pallidum_R	Thalamus_L	Thalamus_R	Heschl_L	Heschl_R	Temporal_Sup_L	Temporal_Sup_R	Temporal_Pole_Sup_L	Temporal_Pole_Sup_R	Temporal_Mid_L	Temporal_Mid_R	Temporal_Pole_Mid_L	Temporal_Pole_Mid_R	Temporal_Inf_L	Temporal_Inf_R	Cerebelum_Crus1_L	Cerebelum_Crus1_R	Cerebelum_Crus2_L	Cerebelum_Crus2_R	Cerebelum_3_L	Cerebelum_3_R	Cerebelum_4_5_L	Cerebelum_4_5_R	Cerebelum_6_L	Cerebelum_6_R	Cerebelum_7b_L	Cerebelum_7b_R	Cerebelum_8_L	Cerebelum_8_R	Cerebelum_9_L	Cerebelum_9_R	Cerebelum_10_L	Cerebelum_10_R	Vermis_1_2	Vermis_3	Vermis_4_5	Vermis_6	Vermis_7	Vermis_8	Vermis_9	Vermis_10	
401364	Precentral_L	0	1042	10900	412	0	0	23952	320	0	0	10998	706	464	222	66	266	8954	0	15026	1326	0	0	218	0	0	0	0	0	15010	588	222	0	390	86	3724	1734	9376	630	122	0	0	0	536	0	194	0	380	0	0	0	988	0	238	0	1846	0	24750	468	1710	0	2088	130	110	0	152	0	766	0	14874	146	5074	5642	4412	174	1454	0	10456	5898	6178	0	3270	0	1102	0	514	0	0	0	378	0	0	0	0	0	0	0	0	0	0	0	0	0	0	0	0	0	0	0	0	0	0	0	0	0	0	0	
218052	Precentral_R	1042	0	440	4604	0	0	524	9198	0	0	0	6848	0	162	0	0	118	1658	1622	9962	0	0	0	0	0	0	0	0	266	3338	82	0	218	802	1904	2974	1852	10892	0	276	0	0	0	468	0	0	0	242	0	172	0	70	0	134	0	180	160	9628	0	256	0	2800	0	484	0	1172	444	518	1726	6352	1192	3594	192	2224	278	382	2130	12756	0	938	0	478	0	0	0	206	0	0	0	938	0	0	0	0	0	0	0	0	0	0	0	0	0	0	0	0	0	0	0	0	130	0	0	0	0	0	
765680	Frontal_Sup_L	10900	440	0	9202	5562	156	65646	2968	2736	0	14076	3846	10908	1546	7506	606	8246	694	58392	8298	104	0	34426	6922	1056	374	0	0	25970	1632	18844	6350	2556	5542	194	164	7300	284	194	0	0	0	0	0	0	0	0	0	0	0	0	0	0	0	448	0	2510	336	0	0	0	96	0	0	0	0	0	0	230	0	8538	3760	25254	538	3112	0	6082	668	876	0	4922	0	1830	0	0	0	0	0	0	0	0	0	0	0	0	0	0	0	0	0	0	0	0	0	0	0	0	0	0	0	0	0	0	0	0	0	
563384	Frontal_Sup_R	412	4604	9202	0	0	4458	2794	25990	68	320	472	5846	416	5840	188	3712	232	5464	11038	44220	0	72	9850	33380	0	1672	0	180	950	8572	6640	21416	1328	19620	0	136	830	2656	378	824	70	66	0	0	0	0	0	0	0	0	0	0	0	0	0	436	100	1424	0	0	0	804	0	0	0	78	0	72	260	284	3126	14300	798	14164	146	3898	194	5852	0	544	0	546	0	750	0	0	0	0	0	0	0	0	0	0	0	0	0	0	0	0	0	0	0	0	0	0	0	0	0	0	0	0	0	0	0	0	
151696	Frontal_Sup_Orb_L	0	0	5562	0	0	186	908	0	10552	202	210	0	340	0	12884	0	0	0	520	0	1960	746	4500	0	2152	0	7158	324	8002	0	3998	162	0	0	0	0	424	0	0	0	510	0	0	0	0	0	0	0	0	0	0	0	0	0	72	0	0	0	0	0	0	0	0	0	0	0	0	0	0	0	1886	390	11796	0	0	0	0	0	0	0	0	0	404	0	0	0	0	0	0	0	0	0	0	0	0	0	0	0	0	0	0	0	0	0	0	0	0	0	0	0	0	0	0	0	0	0	
140500	Frontal_Sup_Orb_R	0	0	156	4458	186	0	0	1664	0	7774	0	0	0	244	152	4680	0	0	0	90	958	4690	212	3704	392	9462	1206	11156	0	2288	806	4694	0	0	0	0	0	0	0	0	0	250	0	0	0	0	0	0	0	0	0	0	0	0	0	0	0	0	0	0	0	0	0	0	0	0	0	0	0	0	1022	7046	180	2780	0	0	0	0	0	0	0	0	0	0	0	0	0	0	0	0	0	0	0	0	0	0	0	0	0	0	0	0	0	0	0	0	0	0	0	0	0	0	0	0	0	0	
549468	Frontal_Mid_L	23952	524	65646	2794	908	0	0	1186	5406	0	14742	1064	26872	442	12458	444	3918	142	11418	1432	0	0	11948	2878	0	72	0	0	22328	1322	7658	1900	2648	2038	534	504	6834	200	150	0	0	0	0	0	0	0	84	0	0	0	202	0	86	0	734	0	1476	564	304	0	388	174	0	0	0	0	0	0	1460	0	7250	4384	6498	406	792	0	6242	2942	3592	0	1790	0	500	0	256	0	0	0	248	0	0	0	0	0	0	0	0	0	0	0	0	0	0	0	0	0	0	0	0	0	0	0	0	0	0	0	
258804	Frontal_Mid_R	320	9198	2968	25990	0	1664	1186	0	90	2786	410	10188	78	7468	108	2922	304	1350	4054	7292	0	0	1086	3858	0	0	0	0	512	4330	1786	2270	684	8056	0	230	0	3318	0	470	0	0	0	318	0	0	0	148	0	0	0	0	0	0	0	196	0	3724	0	136	0	2750	0	0	0	150	0	228	0	1016	4214	1794	160	5912	0	368	0	2656	0	94	98	86	0	134	0	0	0	0	0	244	0	0	0	0	0	0	0	0	0	0	0	0	0	0	0	0	0	0	0	0	0	0	0	0	0	0	
118500	Frontal_Mid_Orb_L	0	0	2736	68	10552	0	5406	90	0	0	350	72	4904	0	17800	0	0	0	936	0	188	196	88	0	0	0	3332	124	6018	68	164	0	0	0	0	0	0	0	0	0	0	0	0	0	0	0	0	0	0	0	0	0	0	0	0	0	0	0	0	0	0	0	0	0	0	0	0	0	0	0	984	230	4944	0	0	0	0	0	0	0	0	0	0	0	0	0	0	0	0	0	0	0	0	0	0	0	0	0	0	0	0	0	0	0	0	0	0	0	0	0	0	0	0	0	0	0	
54104	Frontal_Mid_Orb_R	0	0	0	320	202	7774	0	2786	0	0	0	0	0	854	160	5154	0	0	0	0	718	1786	0	0	166	0	602	2586	0	658	0	0	0	0	0	0	0	0	0	0	0	0	0	0	0	0	0	0	0	0	0	0	0	0	0	0	0	0	0	0	0	0	0	0	0	0	0	0	0	0	814	1740	84	648	0	0	0	0	0	0	0	0	0	0	0	0	0	0	0	0	0	0	0	0	0	0	0	0	0	0	0	0	0	0	0	0	0	0	0	0	0	0	0	0	0	0	
340600	Frontal_Inf_Oper_L	10998	0	14076	472	210	0	14742	410	350	0	0	12456	14092	446	796	250	13828	82	8326	626	0	0	768	0	0	0	0	0	25546	10262	2036	236	0	78	100	0	2816	74	170	0	0	0	0	0	0	0	0	0	0	0	0	0	0	0	616	0	3566	0	0	0	0	0	0	0	0	0	0	0	84	0	11122	4502	3392	214	0	0	348	136	1030	0	7386	0	3454	0	0	0	0	0	204	0	0	0	0	0	0	0	0	0	0	0	0	0	0	0	0	0	0	0	0	0	0	0	0	0	0	0	
296864	Frontal_Inf_Oper_R	706	6848	3846	5846	0	0	1064	10188	72	0	12456	0	7812	7218	232	480	1000	3396	3934	8964	0	0	272	162	0	0	0	0	7762	22946	2000	1748	290	3574	0	0	522	3000	0	554	0	0	0	70	0	0	0	0	0	0	0	0	0	0	0	268	184	1728	0	0	0	1316	0	0	0	244	0	0	0	440	11640	6882	932	4452	0	248	0	1016	0	306	352	592	80	624	0	0	0	0	0	166	0	0	0	0	0	0	0	0	0	0	0	0	0	0	0	0	0	0	0	0	0	0	0	0	0	0	
271840	Frontal_Inf_Tri_L	464	0	10908	416	340	0	26872	78	4904	0	14092	7812	0	226	16776	68	428	0	3218	790	0	0	1034	112	0	0	0	0	23640	7992	3232	524	486	230	0	0	184	0	0	0	0	0	0	0	0	0	0	0	0	0	0	0	0	0	0	0	234	0	0	0	0	0	0	0	0	0	0	0	0	0	5732	2834	2102	0	0	0	0	0	0	0	192	0	0	0	0	0	0	0	0	0	0	0	0	0	0	0	0	0	0	0	0	0	0	0	0	0	0	0	0	0	0	0	0	0	0	0	
158596	Frontal_Inf_Tri_R	222	162	1546	5840	0	244	442	7468	0	854	446	7218	226	0	0	12298	182	464	1842	5556	0	0	260	946	0	0	0	0	540	8920	692	4656	210	2288	0	0	0	74	0	0	0	0	0	0	0	0	0	0	0	0	0	0	0	0	0	0	0	0	0	0	0	0	0	0	0	0	0	0	0	0	2082	10036	430	2766	0	296	0	0	0	0	92	0	0	0	0	0	0	0	0	0	0	0	0	0	0	0	0	0	0	0	0	0	0	0	0	0	0	0	0	0	0	0	0	0	0	0	
228280	Frontal_Inf_Orb_L	66	0	7506	188	12884	152	12458	108	17800	160	796	232	16776	0	0	0	0	0	2030	208	1874	520	484	0	0	0	1328	198	21594	208	598	142	458	120	0	0	472	0	126	0	486	0	0	0	0	0	0	0	0	0	0	0	0	0	76	0	0	0	0	0	0	0	0	0	0	0	0	0	0	0	1612	446	10516	0	0	0	0	0	0	0	0	0	1518	0	0	0	0	0	0	0	0	0	0	0	0	0	0	0	0	0	0	0	0	0	0	0	0	0	0	0	0	0	0	0	0	0	
169636	Frontal_Inf_Orb_R	266	0	606	3712	0	4680	444	2922	0	5154	250	480	68	12298	0	0	168	426	618	3876	0	2872	120	524	0	0	0	2614	358	14718	222	1352	0	306	0	0	0	202	0	72	0	396	0	0	0	0	0	0	0	0	0	0	0	0	0	114	0	0	0	0	0	0	0	0	0	0	0	0	0	0	1460	10660	266	6188	0	290	0	0	0	0	90	2380	0	3460	0	186	0	0	0	0	0	0	0	0	0	0	0	0	0	0	0	0	0	0	0	0	0	0	0	0	0	0	0	0	0	0	
232324	Rolandic_Oper_L	8954	118	8246	232	0	0	3918	304	0	0	13828	1000	428	182	0	168	0	68	8360	138	0	0	216	0	0	0	0	0	20742	604	198	0	0	0	290	206	3446	222	162	0	0	0	130	0	108	0	66	0	0	0	1374	0	374	0	1238	0	8934	0	1762	0	1716	0	1576	0	0	0	178	0	134	0	1824	692	2036	170	202	0	450	218	4018	0	12654	0	3124	0	692	0	0	0	462	0	0	0	0	0	0	0	0	0	0	0	0	0	0	0	0	0	0	0	0	0	0	0	0	0	0	0	
115076	Rolandic_Oper_R	0	1658	694	5464	0	0	142	1350	0	0	82	3396	0	464	0	426	68	0	842	7174	0	0	0	0	0	0	0	0	82	12100	140	0	0	374	0	0	0	1264	0	0	0	0	0	0	0	0	0	0	0	0	0	0	0	0	0	0	0	3368	0	0	0	0	0	2738	0	0	0	0	76	354	522	260	0	4226	0	508	0	420	0	3440	0	4224	0	1228	0	322	0	0	0	132	0	0	0	0	0	0	0	0	0	0	0	0	0	0	0	0	0	0	0	0	0	0	0	0	0	0	
677780	Supp_Motor_Area_L	15026	1622	58392	11038	520	0	11418	4054	936	0	8326	3934	3218	1842	2030	618	8360	842	0	36672	0	0	5560	3804	0	0	0	0	14772	1946	5722	3338	10442	19196	1106	488	3170	228	104	0	0	0	82	266	0	0	78	194	0	0	0	0	0	0	284	0	7046	510	0	0	0	276	0	160	0	86	260	924	14314	1622	12050	14410	20438	658	7304	222	6490	6126	1056	0	3766	84	1318	70	0	0	0	0	0	72	0	0	0	0	0	0	0	0	0	0	0	0	0	0	0	0	0	0	0	0	0	0	0	0	0	0	
639036	Supp_Motor_Area_R	1326	9962	8298	44220	0	90	1432	7292	0	0	626	8964	790	5556	208	3876	138	7174	36672	0	0	0	2498	6372	0	88	0	0	1126	9262	4938	3898	5622	35008	704	4084	1054	2592	468	820	112	0	0	768	0	108	0	524	0	82	0	0	0	0	0	456	130	3418	0	0	0	398	0	836	0	152	412	2422	10218	17386	2710	24796	1042	14480	146	5914	520	14016	80	840	0	786	0	976	0	150	0	0	0	482	0	0	0	0	0	0	0	0	0	0	0	0	0	0	0	0	0	0	0	0	0	0	0	0	0	0	
77172	Olfactory_L	0	0	104	0	1960	958	0	0	188	718	0	0	0	0	1874	0	0	0	0	0	0	5938	0	0	616	338	3670	2840	2384	0	1760	2408	0	0	0	0	160	0	428	0	572	0	0	0	0	0	0	0	0	0	0	0	0	0	0	0	0	0	0	0	0	0	0	0	0	0	0	0	0	0	6880	2494	1572	270	0	0	0	0	0	0	0	0	454	0	0	0	0	0	0	0	0	0	0	0	0	0	0	0	0	0	0	0	0	0	0	0	0	0	0	0	0	0	0	0	0	0	
108460	Olfactory_R	0	0	0	72	746	4690	0	0	196	1786	0	0	0	0	520	2872	0	0	0	0	5938	0	0	0	350	1752	3536	7402	0	2850	1698	3216	0	0	0	0	0	0	0	0	0	556	0	0	0	0	0	0	0	0	0	0	0	0	0	0	0	0	0	0	0	0	0	0	0	0	0	0	0	0	7256	5728	1828	680	0	0	0	0	0	0	0	0	0	558	0	0	0	0	0	0	0	0	0	0	0	0	0	0	0	0	0	0	0	0	0	0	0	0	0	0	0	0	0	0	0	0	
295584	Frontal_Sup_Medial_L	218	0	34426	9850	4500	212	11948	1086	88	0	768	272	1034	260	484	120	216	0	5560	2498	0	0	0	19564	2006	762	754	66	1518	378	19144	13098	3694	10046	0	0	0	0	0	0	0	0	0	0	0	0	0	0	0	0	0	0	0	0	0	0	0	0	0	0	0	0	0	0	0	0	0	0	0	0	466	1140	1388	110	0	0	0	0	0	0	118	0	0	0	0	0	0	0	0	0	0	0	0	0	0	0	0	0	0	0	0	0	0	0	0	0	0	0	0	0	0	0	0	0	0	0	
276172	Frontal_Sup_Medial_R	0	0	6922	33380	0	3704	2878	3858	0	0	0	162	112	946	0	524	0	0	3804	6372	0	0	19564	0	166	4458	0	188	160	760	6060	21564	852	13828	0	0	0	0	0	0	0	0	0	0	0	0	0	0	0	0	0	0	0	0	0	0	0	0	0	0	0	0	0	0	0	0	0	0	0	0	118	6454	94	1158	0	0	0	0	0	0	0	0	0	0	0	0	0	0	0	0	0	0	0	0	0	0	0	0	0	0	0	0	0	0	0	0	0	0	0	0	0	0	0	0	0	0	
28720	Frontal_Med_Orb_L	0	0	1056	0	2152	392	0	0	0	166	0	0	0	0	0	0	0	0	0	0	616	350	2006	166	0	858	1756	276	96	0	2922	304	0	0	0	0	0	0	0	0	0	0	0	0	0	0	0	0	0	0	0	0	0	0	0	0	0	0	0	0	0	0	0	0	0	0	0	0	0	0	852	0	392	0	0	0	0	0	0	0	0	0	0	0	0	0	0	0	0	0	0	0	0	0	0	0	0	0	0	0	0	0	0	0	0	0	0	0	0	0	0	0	0	0	0	0	
72772	Frontal_Med_Orb_R	0	0	374	1672	0	9462	72	0	0	0	0	0	0	0	0	0	0	0	0	88	338	1752	762	4458	858	0	594	4486	0	0	1922	5952	0	0	0	0	0	0	0	0	0	0	0	0	0	0	0	0	0	0	0	0	0	0	0	0	0	0	0	0	0	0	0	0	0	0	0	0	0	0	230	2756	0	610	0	0	0	0	0	0	0	0	0	0	0	0	0	0	0	0	0	0	0	0	0	0	0	0	0	0	0	0	0	0	0	0	0	0	0	0	0	0	0	0	0	0	
76684	Rectus_L	0	0	0	0	7158	1206	0	0	3332	602	0	0	0	0	1328	0	0	0	0	0	3670	3536	754	0	1756	594	0	2884	290	0	1994	1350	0	0	0	0	0	0	0	0	0	0	0	0	0	0	0	0	0	0	0	0	0	0	0	0	0	0	0	0	0	0	0	0	0	0	0	0	0	0	4656	996	2236	0	0	0	0	0	0	0	0	0	0	0	0	0	0	0	0	0	0	0	0	0	0	0	0	0	0	0	0	0	0	0	0	0	0	0	0	0	0	0	0	0	0	0	
96948	Rectus_R	0	0	0	180	324	11156	0	0	124	2586	0	0	0	0	198	2614	0	0	0	0	2840	7402	66	188	276	4486	2884	0	0	1956	822	2560	0	0	0	0	0	0	0	0	0	136	0	0	0	0	0	0	0	0	0	0	0	0	0	0	0	0	0	0	0	0	0	0	0	0	0	0	0	0	2686	3762	354	874	0	0	0	0	0	0	0	0	0	0	0	0	0	0	0	0	0	0	0	0	0	0	0	0	0	0	0	0	0	0	0	0	0	0	0	0	0	0	0	0	0	0	
656964	Insula_L	15010	266	25970	950	8002	0	22328	512	6018	0	25546	7762	23640	540	21594	358	20742	82	14772	1126	2384	0	1518	160	96	0	290	0	0	6270	2748	530	292	224	566	420	21318	454	1514	0	2918	0	0	0	0	0	0	0	0	0	414	0	118	0	4842	0	7116	0	308	0	310	0	496	0	0	0	120	0	336	0	10804	4694	27066	364	294	178	1470	762	10768	0	11512	0	6802	0	744	0	90	0	1860	0	0	0	0	0	0	0	0	0	94	0	0	0	0	0	0	0	0	0	0	0	0	0	0	0	0	0	
407600	Insula_R	588	3338	1632	8572	0	2288	1322	4330	68	658	10262	22946	7992	8920	208	14718	604	12100	1946	9262	0	2850	378	760	0	0	0	1956	6270	0	1282	4712	130	1286	0	166	286	6622	0	1922	0	1822	0	70	0	0	0	116	0	0	0	0	0	0	0	3684	166	1124	0	0	0	0	0	92	0	0	0	160	116	108	7746	8284	498	22566	0	352	0	718	0	2792	192	5264	0	2344	0	1550	0	132	0	3338	0	0	0	0	0	0	0	112	0	0	0	0	0	0	0	0	0	0	0	0	80	0	0	0	0	0	
290172	Cingulum_Ant_L	222	82	18844	6640	3998	806	7658	1786	164	0	2036	2000	3232	692	598	222	198	140	5722	4938	1760	1698	19144	6060	2922	1922	1994	822	2748	1282	0	19680	4072	4484	0	0	0	248	0	0	0	0	0	0	0	0	0	0	0	0	0	0	0	0	0	0	0	82	0	0	0	72	0	0	0	0	0	0	0	0	6172	3102	5904	458	0	0	186	188	0	0	108	0	0	0	0	0	0	0	0	0	0	0	0	0	0	0	0	0	0	0	0	0	0	0	0	0	0	0	0	0	0	0	0	0	0	0	
331028	Cingulum_Ant_R	0	0	6350	21416	162	4694	1900	2270	0	0	236	1748	524	4656	142	1352	0	0	3338	3898	2408	3216	13098	21564	304	5952	1350	2560	530	4712	19680	0	2656	16338	0	0	0	0	0	0	0	0	0	0	0	0	0	0	0	0	0	0	0	0	0	0	0	0	0	0	0	0	0	0	0	0	0	0	0	0	3722	9684	1910	3070	0	0	74	0	0	0	0	0	0	0	0	0	0	0	0	0	0	0	0	0	0	0	0	0	0	0	0	0	0	0	0	0	0	0	0	0	0	0	0	0	0	0	
129100	Cingulum_Mid_L	390	218	2556	1328	0	0	2648	684	0	0	0	290	486	210	458	0	0	0	10442	5622	0	0	3694	852	0	0	0	0	292	130	4072	2656	0	9300	2916	460	0	0	0	0	0	0	852	0	524	0	304	0	0	0	236	0	0	0	0	0	852	0	110	0	0	0	0	0	0	0	3646	330	5428	464	388	450	68	0	626	0	318	250	0	0	0	0	0	0	0	0	0	0	0	0	0	0	0	0	0	0	0	0	0	0	0	0	0	0	0	0	0	0	0	0	0	0	0	0	0	0	
376384	Cingulum_Mid_R	86	802	5542	19620	0	0	2038	8056	0	0	78	3574	230	2288	120	306	0	374	19196	35008	0	0	10046	13828	0	0	0	0	224	1286	4484	16338	9300	0	510	5286	0	222	0	0	0	0	0	1590	0	866	0	1106	0	472	0	158	0	0	0	0	0	804	0	388	0	920	0	396	0	740	1194	6692	3266	7702	274	1258	122	446	0	106	0	184	0	0	0	0	0	0	0	264	0	0	0	402	0	0	0	0	0	0	0	0	0	0	0	0	0	0	0	0	0	0	0	0	0	0	0	0	0	0	
130444	Cingulum_Post_L	3724	1904	194	0	0	0	534	0	0	0	100	0	0	0	0	0	290	0	1106	704	0	0	0	0	0	0	0	0	566	0	0	0	2916	510	0	6450	5570	1702	536	0	0	0	3902	0	924	0	3546	106	0	0	878	0	168	0	1158	0	3596	0	492	0	356	0	0	0	0	0	7466	706	5862	222	0	384	258	0	0	0	4010	3566	308	0	172	0	0	0	154	0	0	0	92	0	0	0	0	0	0	0	0	0	0	0	0	0	0	0	0	0	0	0	0	0	90	0	0	0	0	0	
157260	Cingulum_Post_R	1734	2974	164	136	0	0	504	230	0	0	0	0	0	0	0	0	206	0	488	4084	0	0	0	0	0	0	0	0	420	166	0	0	460	5286	6450	0	3472	4752	0	430	0	0	0	3794	0	466	0	4976	0	264	0	422	0	0	0	116	134	1360	0	418	0	638	0	0	0	982	1442	12412	772	4904	0	234	182	170	0	0	5038	5760	0	0	0	108	0	0	0	482	0	0	0	438	0	0	0	0	0	0	0	0	0	0	0	0	0	0	0	0	0	0	0	0	1162	0	0	0	0	0	
303564	Hippocampus_L	9376	1852	7300	830	424	0	6834	0	0	0	2816	522	184	0	472	0	3446	0	3170	1054	160	0	0	0	0	0	0	0	21318	286	0	0	0	0	5570	3472	0	1856	7510	0	7006	0	936	0	0	0	1518	350	0	0	0	0	0	0	12076	0	2332	0	74	0	98	0	1126	0	0	0	2664	230	990	76	398	648	9388	502	1438	532	7804	4004	5746	0	2984	0	1376	0	762	0	420	0	7336	0	88	0	0	0	68	0	198	0	162	0	0	0	0	0	0	0	0	0	0	0	0	0	0	0	0	0	
302440	Hippocampus_R	630	10892	284	2656	0	0	200	3318	0	0	74	3000	0	74	0	202	222	1264	228	2592	0	0	0	0	0	0	0	0	454	6622	248	0	0	222	1702	4752	1856	0	114	22792	0	10932	0	960	0	0	0	3588	0	98	0	0	0	180	0	25210	158	618	0	90	0	82	0	744	0	114	322	4192	112	136	0	0	198	12872	0	1236	1084	5450	0	734	0	1538	0	1394	0	712	0	446	0	10914	0	288	0	0	0	0	0	1264	0	334	0	0	0	0	0	0	0	0	0	0	822	0	0	0	0	0	
49032	ParaHippocampal_L	122	0	194	378	0	0	150	0	0	0	170	0	0	0	126	0	162	0	104	468	428	0	0	0	0	0	0	0	1514	0	0	0	0	0	536	0	7510	114	0	0	1570	0	294	0	0	0	2330	338	0	0	0	0	0	0	3318	0	0	0	0	0	0	0	0	0	0	0	998	0	0	0	0	122	996	310	0	312	80	550	66	0	180	0	450	0	0	0	0	0	238	0	0	0	0	0	120	0	268	0	0	0	0	0	0	0	0	0	0	0	0	0	0	0	0	0	0	0	
151376	ParaHippocampal_R	0	276	0	824	0	0	0	470	0	0	0	554	0	0	0	72	0	0	0	820	0	0	0	0	0	0	0	0	0	1922	0	0	0	0	0	430	0	22792	0	0	0	6394	0	198	0	0	0	2584	0	0	0	0	0	276	0	18816	0	0	0	0	0	0	0	0	0	0	0	1138	0	0	0	0	0	5668	0	884	0	752	0	266	0	382	0	1388	0	88	0	1210	0	4004	0	568	0	80	0	0	0	1976	0	684	0	0	0	0	0	0	0	0	0	0	172	0	0	0	0	0	
39984	Amygdala_L	0	0	0	70	510	0	0	0	0	0	0	0	0	0	486	0	0	0	0	112	572	0	0	0	0	0	0	0	2918	0	0	0	0	0	0	0	7006	0	1570	0	0	0	0	0	0	0	0	0	0	0	0	0	0	0	2696	0	0	0	0	0	0	0	0	0	0	0	0	0	0	0	0	0	222	0	0	0	0	112	0	0	78	0	826	0	250	0	358	0	2206	0	0	0	0	0	0	0	0	0	0	0	0	0	0	0	0	0	0	0	0	0	0	0	0	0	0	0	
76276	Amygdala_R	0	0	0	66	0	250	0	0	0	0	0	0	0	0	0	396	0	0	0	0	0	556	0	0	0	0	0	136	0	1822	0	0	0	0	0	0	0	10932	0	6394	0	0	0	0	0	0	0	0	0	0	0	0	0	0	0	7988	0	0	0	0	0	0	0	0	0	0	0	0	0	0	0	0	0	1520	0	0	0	0	0	0	0	0	0	2282	0	0	0	1202	0	4210	0	100	0	0	0	0	0	184	0	100	0	0	0	0	0	0	0	0	0	0	0	0	0	0	0	0	
208000	Calcarine_L	536	0	0	0	0	0	0	0	0	0	0	0	0	0	0	0	130	0	82	0	0	0	0	0	0	0	0	0	0	0	0	0	852	0	3902	0	936	0	294	0	0	0	0	5902	14232	4160	16278	1258	13100	618	12296	102	2620	0	1434	0	1948	0	2138	0	802	0	0	0	0	0	17036	422	994	0	0	0	0	0	0	0	0	0	236	0	368	0	0	0	756	0	0	0	404	0	94	0	0	0	0	0	0	0	70	0	0	0	0	0	0	0	0	0	0	0	0	0	0	0	0	0	
349964	Calcarine_R	0	468	0	0	0	0	0	318	0	0	0	70	0	0	0	0	0	0	266	768	0	0	0	0	0	0	0	0	0	70	0	0	0	1590	0	3794	0	960	0	198	0	0	5902	0	7164	32886	912	29796	90	24446	0	9676	0	12120	0	9064	0	1414	0	1370	0	540	0	0	0	1124	576	22090	178	2028	0	0	0	0	0	0	0	0	0	0	0	72	0	0	0	1254	0	0	0	3142	0	0	0	0	0	0	0	0	0	0	0	0	0	0	0	0	0	0	0	0	636	0	0	0	0	0	
173588	Cuneus_L	194	0	0	0	0	0	0	0	0	0	0	0	0	0	0	0	108	0	0	0	0	0	0	0	0	0	0	0	0	0	0	0	524	0	924	0	0	0	0	0	0	0	14232	7164	0	8428	1974	1378	18088	1752	8158	0	1486	0	294	0	2420	0	5936	0	636	0	0	0	0	0	9970	832	258	0	0	0	0	0	0	0	0	0	238	0	234	0	0	0	1032	0	0	0	534	0	0	0	0	0	0	0	0	0	0	0	0	0	0	0	0	0	0	0	0	0	0	0	0	0	0	0	
297456	Cuneus_R	0	0	0	0	0	0	0	0	0	0	0	0	0	0	0	0	0	0	0	108	0	0	0	0	0	0	0	0	0	0	0	0	0	866	0	466	0	0	0	0	0	0	4160	32886	8428	0	492	9206	172	36662	0	5850	0	3376	0	2634	0	1920	0	9824	0	1614	0	0	0	2002	1984	23146	0	1202	0	0	0	0	0	0	0	0	0	0	0	0	0	0	0	768	0	0	0	962	0	0	0	0	0	0	0	0	0	0	0	0	0	0	0	0	0	0	0	0	0	0	0	0	0	0	
234552	Lingual_L	380	0	0	0	0	0	84	0	0	0	0	0	0	0	0	0	66	0	78	0	0	0	0	0	0	0	0	0	0	0	0	0	304	0	3546	0	1518	0	2330	0	0	0	16278	912	1974	492	0	1386	4078	108	10564	0	5668	0	13822	416	1190	0	734	0	494	0	0	0	0	0	12280	0	1004	0	0	0	0	0	0	0	148	0	116	0	218	0	0	0	458	0	0	0	280	0	9876	1280	902	166	0	0	5666	574	12056	1674	80	0	76	0	0	0	0	0	0	86	1534	2068	312	0	0	0	
293792	Lingual_R	0	242	0	0	0	0	0	148	0	0	0	0	0	0	0	0	0	0	194	524	0	0	0	0	0	0	0	0	0	116	0	0	0	1106	106	4976	350	3588	338	2584	0	0	1258	29796	1378	9206	1386	0	0	11764	0	4914	0	9656	376	19556	0	542	0	580	0	378	0	0	0	678	90	15248	154	766	0	0	66	98	0	0	0	960	0	0	0	0	0	0	0	282	0	0	0	360	422	4196	0	112	78	198	1538	3090	1230	5314	0	0	0	0	0	0	0	0	0	0	3948	2908	98	0	0	0	
189920	Occipital_Sup_L	0	0	0	0	0	0	0	0	0	0	0	0	0	0	0	0	0	0	0	0	0	0	0	0	0	0	0	0	0	0	0	0	0	0	0	0	0	0	0	0	0	0	13100	90	18088	172	4078	0	0	0	30924	0	3888	0	960	0	808	0	10058	0	1342	0	0	0	164	0	9148	214	0	0	0	0	0	0	0	0	0	0	100	0	154	0	0	0	1304	0	0	0	368	0	0	0	0	0	0	0	0	0	0	0	0	0	0	0	0	0	0	0	0	0	0	0	0	0	0	0	
335428	Occipital_Sup_R	0	172	0	0	0	0	0	0	0	0	0	0	0	0	0	0	0	0	0	82	0	0	0	0	0	0	0	0	0	0	0	0	0	472	0	264	0	98	0	0	0	0	618	24446	1752	36662	108	11764	0	0	0	19332	0	9162	0	5026	0	2008	0	18214	0	1696	0	0	0	11680	252	16508	0	1188	0	0	0	0	0	0	0	0	0	68	0	0	0	0	0	3174	0	0	0	2968	0	0	0	0	0	0	0	0	0	0	0	0	0	0	0	0	0	0	0	0	0	0	0	0	0	0	
345020	Occipital_Mid_L	988	0	0	0	0	0	202	0	0	0	0	0	0	0	0	0	1374	0	0	0	0	0	0	0	0	0	0	0	414	0	0	0	236	0	878	0	0	0	0	0	0	0	12296	0	8158	0	10564	0	30924	0	0	0	20400	0	5062	0	7582	0	13356	0	12168	0	204	0	10884	0	6704	0	234	0	0	0	0	0	0	0	0	0	2028	0	1594	0	0	0	20558	0	0	0	5624	0	78	0	0	0	0	0	0	0	0	0	0	0	0	0	0	0	0	0	0	0	0	0	0	0	0	0	
171756	Occipital_Mid_R	0	70	0	0	0	0	0	0	0	0	0	0	0	0	0	0	0	0	0	0	0	0	0	0	0	0	0	0	0	0	0	0	0	158	0	422	0	0	0	0	0	0	102	9676	0	5850	0	4914	0	19332	0	0	0	8100	0	3294	0	300	0	3760	0	1362	0	0	0	11978	0	3686	0	344	0	0	0	0	0	0	0	0	0	0	0	256	0	0	0	10634	0	0	0	1640	0	0	0	0	0	0	0	0	0	0	0	0	0	0	0	0	0	0	0	0	0	0	0	0	0	0	
118684	Occipital_Inf_L	238	0	0	0	0	0	86	0	0	0	0	0	0	0	0	0	374	0	0	0	0	0	0	0	0	0	0	0	118	0	0	0	0	0	168	0	0	0	0	0	0	0	2620	0	1486	0	5668	0	3888	0	20400	0	0	0	9174	0	1208	0	1700	0	1010	0	308	0	390	0	1062	0	0	0	0	0	0	0	0	0	0	0	518	0	102	0	0	0	4044	0	0	0	4616	0	164	0	0	0	0	0	0	0	0	0	0	0	0	0	0	0	0	0	0	0	0	0	0	0	0	0	
126264	Occipital_Inf_R	0	134	0	0	0	0	0	0	0	0	0	0	0	0	0	0	0	0	0	0	0	0	0	0	0	0	0	0	0	0	0	0	0	0	0	0	0	180	0	276	0	0	0	12120	0	3376	0	9656	0	9162	0	8100	0	0	0	11712	0	70	0	574	0	94	0	0	0	318	0	2280	0	0	0	0	0	0	0	0	0	0	0	0	0	0	0	0	0	646	0	0	0	4330	0	104	0	0	0	0	0	0	0	0	0	0	0	0	0	0	0	0	0	0	0	0	0	0	0	0	
272284	Fusiform_L	1846	0	448	0	72	0	734	0	0	0	616	0	0	0	76	0	1238	0	284	0	0	0	0	0	0	0	0	0	4842	0	0	0	0	0	1158	0	12076	0	3318	0	2696	0	1434	0	294	0	13822	376	960	0	5062	0	9174	0	0	286	1786	0	822	0	680	0	842	0	0	0	1160	0	0	0	0	0	890	0	0	0	0	66	1176	0	2390	0	1562	0	1756	0	1680	0	13992	0	16774	468	1132	0	178	0	6510	190	18808	692	202	0	102	0	0	0	0	0	0	0	442	1030	0	0	0	0	
403072	Fusiform_R	0	180	0	436	0	0	0	196	0	0	0	268	0	0	0	114	0	0	0	456	0	0	0	0	0	0	0	0	0	3684	0	0	0	0	0	116	0	25210	0	18816	0	7988	0	9064	0	2634	416	19556	0	5026	0	3294	0	11712	286	0	0	76	0	122	0	0	0	0	0	0	0	896	0	96	0	0	0	4866	0	328	0	442	0	454	0	2328	0	3442	0	2672	0	2142	0	21798	460	14218	0	770	0	342	2818	7862	1232	16078	0	0	0	144	0	0	0	0	0	86	4780	3160	472	0	0	0	
343500	Postcentral_L	24750	160	2510	100	0	0	1476	0	0	0	3566	184	234	0	0	0	8934	0	7046	130	0	0	0	0	0	0	0	0	7116	166	0	0	852	0	3596	134	2332	158	0	0	0	0	1948	0	2420	0	1190	0	808	0	7582	0	1208	0	1786	0	0	0	21274	0	27828	0	13040	0	2382	0	4004	0	2500	0	456	918	748	0	206	0	334	554	4312	0	3692	0	0	0	5204	0	0	0	3912	0	0	0	0	0	0	0	0	0	0	0	0	0	0	0	0	0	0	0	0	0	0	0	0	0	0	0	
177264	Postcentral_R	468	9628	336	1424	0	0	564	3724	0	0	0	1728	0	0	0	0	0	3368	510	3418	0	0	0	0	0	0	0	0	0	1124	82	0	0	804	0	1360	0	618	0	0	0	0	0	1414	0	1920	0	542	0	2008	0	300	0	70	0	76	0	0	0	6600	0	12578	0	8682	0	2674	0	3406	272	13320	294	0	0	224	0	0	0	176	0	446	0	1422	0	0	0	1132	0	0	0	1920	0	0	0	0	0	0	0	0	0	0	0	0	0	0	0	0	0	0	0	0	0	0	0	0	0	0	
217268	Parietal_Sup_L	1710	0	0	0	0	0	304	0	0	0	0	0	0	0	0	0	1762	0	0	0	0	0	0	0	0	0	0	0	308	0	0	0	110	0	492	0	74	0	0	0	0	0	2138	0	5936	0	734	0	10058	0	13356	0	1700	0	822	0	21274	0	0	0	24032	0	3364	0	2046	0	10560	0	374	0	0	0	0	0	0	0	0	0	110	0	1188	0	0	0	3924	0	0	0	2258	0	0	0	0	0	0	0	0	0	0	0	0	0	0	0	0	0	0	0	0	0	0	0	0	0	0	0	
168048	Parietal_Sup_R	0	256	0	0	0	0	0	136	0	0	0	0	0	0	0	0	0	0	0	0	0	0	0	0	0	0	0	0	0	0	0	0	0	388	0	418	0	90	0	0	0	0	0	1370	0	9824	0	580	0	18214	0	3760	0	574	0	122	0	6600	0	0	0	8636	0	962	0	14488	362	12064	0	644	0	0	0	0	0	0	0	0	0	70	0	0	0	0	0	1904	0	0	0	2562	0	0	0	0	0	0	0	0	0	0	0	0	0	0	0	0	0	0	0	0	0	0	0	0	0	0	
249072	Parietal_Inf_L	2088	0	0	0	0	0	388	0	0	0	0	0	0	0	0	0	1716	0	0	0	0	0	0	0	0	0	0	0	310	0	0	0	0	0	356	0	98	0	0	0	0	0	802	0	636	0	494	0	1342	0	12168	0	1010	0	680	0	27828	0	24032	0	0	0	13446	0	15434	0	890	0	150	0	0	0	0	0	0	0	0	0	80	0	1432	0	0	0	10538	0	0	0	8618	0	0	0	0	0	0	0	0	0	0	0	0	0	0	0	0	0	0	0	0	0	0	0	0	0	0	0	
140880	Parietal_Inf_R	130	2800	96	804	0	0	174	2750	0	0	0	1316	0	0	0	0	0	0	276	398	0	0	0	0	0	0	0	0	0	0	72	0	0	920	0	638	0	82	0	0	0	0	0	540	0	1614	0	378	0	1696	0	1362	0	94	0	0	0	12578	0	8636	0	0	0	9834	0	14570	0	2008	0	1612	142	0	0	0	0	0	0	0	0	96	0	354	0	0	0	1822	0	0	0	2648	0	0	0	0	0	0	0	0	0	0	0	0	0	0	0	0	0	0	0	0	0	0	0	0	0	0	
109824	SupraMarginal_L	110	0	0	0	0	0	0	0	0	0	0	0	0	0	0	0	1576	0	0	0	0	0	0	0	0	0	0	0	496	0	0	0	0	0	0	0	1126	0	0	0	0	0	0	0	0	0	0	0	0	0	204	0	308	0	842	0	13040	0	3364	0	13446	0	0	0	4040	0	0	0	0	0	0	0	0	0	0	0	0	0	616	0	4572	0	0	0	7270	0	0	0	3902	0	0	0	0	0	0	0	0	0	0	0	0	0	0	0	0	0	0	0	0	0	0	0	0	0	0	0	
96352	SupraMarginal_R	0	484	0	0	0	0	0	0	0	0	0	0	0	0	0	0	0	2738	160	836	0	0	0	0	0	0	0	0	0	92	0	0	0	396	0	0	0	744	0	0	0	0	0	0	0	0	0	0	0	0	0	0	0	0	0	0	0	8682	0	962	0	9834	0	0	0	8186	0	82	0	1644	0	0	0	0	0	0	0	0	0	144	0	5984	0	0	0	3572	0	0	0	3636	0	0	0	0	0	0	0	0	0	0	0	0	0	0	0	0	0	0	0	0	0	0	0	0	0	0	
108524	Angular_L	152	0	0	0	0	0	0	0	0	0	0	0	0	0	0	0	0	0	0	0	0	0	0	0	0	0	0	0	0	0	0	0	0	0	0	0	0	0	0	0	0	0	0	0	0	0	0	0	164	0	10884	0	390	0	0	0	2382	0	2046	0	15434	0	4040	0	0	0	0	0	0	0	0	0	0	0	0	0	0	0	0	0	958	0	0	0	11432	0	0	0	6380	0	0	0	0	0	0	0	0	0	0	0	0	0	0	0	0	0	0	0	0	0	0	0	0	0	0	0	
190896	Angular_R	0	1172	0	78	0	0	0	150	0	0	0	244	0	0	0	0	0	0	86	152	0	0	0	0	0	0	0	0	0	0	0	0	0	740	0	982	0	114	0	0	0	0	0	1124	0	2002	0	678	0	11680	0	11978	0	318	0	0	0	2674	0	14488	0	14570	0	8186	0	0	0	4074	0	1216	0	0	0	0	0	0	0	0	0	116	0	3602	0	0	0	10170	0	0	0	4854	0	0	0	0	0	0	0	0	0	0	0	0	0	0	0	0	0	0	0	0	0	0	0	0	0	0	
217412	Precuneus_L	766	444	0	0	0	0	0	0	0	0	0	0	0	0	0	0	178	0	260	412	0	0	0	0	0	0	0	0	120	0	0	0	3646	1194	7466	1442	2664	322	998	0	0	0	17036	576	9970	1984	12280	90	9148	252	6704	0	1062	0	1160	0	4004	0	10560	362	890	0	0	0	0	0	0	5368	4264	148	0	0	0	0	0	0	316	574	280	0	352	0	0	0	914	0	0	0	500	0	0	0	0	0	0	0	0	0	0	0	0	0	0	0	0	0	0	0	0	0	0	0	0	0	0	0	
310124	Precuneus_R	0	518	0	72	0	0	0	228	0	0	0	0	0	0	0	0	0	0	924	2422	0	0	0	0	0	0	0	0	0	160	0	0	330	6692	706	12412	230	4192	0	1138	0	0	422	22090	832	23146	0	15248	214	16508	0	3686	0	2280	0	896	0	3406	0	12064	0	2008	0	82	0	4074	5368	0	368	4210	0	0	0	154	0	0	146	1676	0	0	0	150	0	0	0	2298	0	0	0	2136	0	0	0	0	0	0	0	86	0	0	0	0	0	0	0	0	0	0	0	0	1490	0	0	0	0	0	
206584	Paracentral_Lobule_L	14874	1726	230	260	0	0	1460	0	0	0	84	0	0	0	0	0	134	76	14314	10218	0	0	0	0	0	0	0	0	336	116	0	0	5428	3266	5862	772	990	112	0	0	0	0	994	178	258	0	1004	154	0	0	234	0	0	0	0	0	2500	272	374	0	150	0	0	0	0	0	4264	368	0	1894	2088	6064	650	76	842	68	14144	6292	84	0	0	0	0	0	0	0	0	0	0	82	0	0	0	0	0	0	0	0	0	0	0	0	0	0	0	0	0	0	0	0	0	0	0	0	0	0	
163516	Paracentral_Lobule_R	146	6352	0	284	0	0	0	1016	0	0	0	440	0	0	0	0	0	354	1622	17386	0	0	0	0	0	0	0	0	0	108	0	0	464	7702	222	4904	76	136	0	0	0	0	0	2028	0	1202	0	766	0	1188	0	344	0	0	0	96	0	13320	0	644	0	1612	0	1644	0	1216	148	4210	1894	0	224	2398	0	196	0	308	222	2746	0	228	0	710	0	0	0	1048	0	0	0	2154	0	0	0	0	0	0	0	0	0	0	0	0	0	0	0	0	0	0	0	0	0	0	0	0	0	0	
378608	Caudate_L	5074	1192	8538	3126	1886	1022	7250	4214	984	814	11122	11640	5732	2082	1612	1460	1824	522	12050	2710	6880	7256	466	118	852	230	4656	2686	10804	7746	6172	3722	388	274	0	0	398	0	0	0	0	0	0	0	0	0	0	0	0	0	0	0	0	0	0	0	456	294	0	0	0	142	0	0	0	0	0	0	2088	224	0	19716	15908	1346	1448	0	5308	3762	0	0	668	0	442	0	0	0	0	0	0	0	0	0	0	0	0	0	0	0	0	0	0	0	0	0	0	0	0	0	0	0	0	0	0	0	0	0	
488500	Caudate_R	5642	3594	3760	14300	390	7046	4384	1794	230	1740	4502	6882	2834	10036	446	10660	692	260	14410	24796	2494	5728	1140	6454	0	2756	996	3762	4694	8284	3102	9684	450	1258	384	234	648	0	122	0	0	0	0	0	0	0	0	0	0	0	0	0	0	0	0	0	918	0	0	0	0	0	0	0	0	0	0	0	6064	2398	19716	0	3454	11712	704	2532	1388	24316	0	0	366	0	94	0	0	0	0	0	0	0	0	0	0	0	0	0	0	0	0	0	0	0	0	0	0	0	0	0	0	0	0	0	0	0	0	0	
381656	Putamen_L	4412	192	25254	798	11796	180	6498	160	4944	84	3392	932	2102	430	10516	266	2036	0	20438	1042	1572	1828	1388	94	392	0	2236	354	27066	498	5904	1910	68	122	258	182	9388	198	996	0	222	0	0	0	0	0	0	66	0	0	0	0	0	0	890	0	748	0	0	0	0	0	0	0	0	0	0	0	650	0	15908	3454	0	490	8408	322	5240	1048	1378	0	1076	0	850	0	0	0	0	0	152	0	0	0	0	0	0	0	0	0	0	0	0	0	0	0	0	0	0	0	0	0	0	0	0	0	0	0	
282836	Putamen_R	174	2224	538	14164	0	2780	406	5912	0	648	214	4452	0	2766	0	6188	170	4226	658	14480	270	680	110	1158	0	610	0	874	364	22566	458	3070	0	446	0	170	502	12872	310	5668	0	1520	0	0	0	0	0	98	0	0	0	0	0	0	0	4866	0	224	0	0	0	0	0	0	0	0	0	154	76	196	1346	11712	490	0	0	5944	0	2506	0	424	0	248	0	262	0	0	0	70	0	606	0	106	0	0	0	0	0	332	0	110	0	0	0	0	0	0	0	0	0	0	0	0	0	0	0	0	
64964	Pallidum_L	1454	278	3112	146	0	0	792	0	0	0	0	0	0	0	0	0	202	0	7304	146	0	0	0	0	0	0	0	0	294	0	0	0	626	0	0	0	1438	0	0	0	0	0	0	0	0	0	0	0	0	0	0	0	0	0	0	0	206	0	0	0	0	0	0	0	0	0	0	0	842	0	1448	704	8408	0	0	0	4590	396	0	0	96	0	0	0	0	0	0	0	0	0	0	0	0	0	0	0	0	0	0	0	0	0	0	0	0	0	0	0	0	0	0	0	0	0	0	0	
53676	Pallidum_R	0	382	0	3898	0	0	0	368	0	0	0	248	0	296	0	290	0	508	222	5914	0	0	0	0	0	0	0	0	178	352	0	0	0	106	0	0	532	1236	312	884	0	0	0	0	0	0	0	0	0	0	0	0	0	0	0	328	0	0	0	0	0	0	0	0	0	0	0	0	68	308	0	2532	322	5944	0	0	0	1514	0	96	0	0	0	0	0	0	0	0	0	0	0	0	0	0	0	0	0	0	0	0	0	0	0	0	0	0	0	0	0	0	0	0	0	0	0	0	
183808	Thalamus_L	10456	2130	6082	194	0	0	6242	0	0	0	348	0	0	0	0	0	450	0	6490	520	0	0	0	0	0	0	0	0	1470	0	186	74	318	0	4010	5038	7804	1084	80	0	0	0	0	0	0	0	148	0	0	0	0	0	0	0	0	0	334	0	0	0	0	0	0	0	0	0	316	146	14144	222	5308	1388	5240	0	4590	0	0	6848	110	0	134	0	0	0	0	0	0	0	0	0	0	0	0	0	0	0	0	0	0	0	0	0	0	0	0	0	0	0	0	0	0	0	0	0	0	0	
259376	Thalamus_R	5898	12756	668	5852	0	0	2942	2656	0	0	136	1016	0	0	0	0	218	420	6126	14016	0	0	0	0	0	0	0	0	762	718	188	0	250	184	3566	5760	4004	5450	550	752	112	0	0	0	0	0	0	960	0	0	0	0	0	0	66	442	554	176	0	0	0	0	0	0	0	0	574	1676	6292	2746	3762	24316	1048	2506	396	1514	6848	0	76	78	66	0	0	0	0	0	0	0	66	0	0	0	0	0	0	0	0	0	0	0	0	0	0	0	0	0	0	0	0	0	526	0	0	0	0	0	
104788	Heschl_L	6178	0	876	0	0	0	3592	0	0	0	1030	0	0	0	0	0	4018	0	1056	80	0	0	0	0	0	0	0	0	10768	0	0	0	0	0	308	0	5746	0	66	0	0	0	236	0	238	0	116	0	100	0	2028	0	518	0	1176	0	4312	0	110	0	80	0	616	0	0	0	280	0	84	0	0	0	1378	0	0	0	110	76	0	0	3944	0	0	0	2088	0	0	0	1186	0	0	0	0	0	0	0	0	0	0	0	0	0	0	0	0	0	0	0	0	0	0	0	0	0	0	0	
36904	Heschl_R	0	938	0	544	0	0	0	94	0	0	0	306	0	0	0	0	0	3440	0	840	0	0	0	0	0	0	0	0	0	2792	0	0	0	0	0	0	0	734	0	266	0	0	0	0	0	0	0	0	0	68	0	0	0	0	0	454	0	446	0	70	0	96	0	144	0	116	0	0	0	228	0	0	0	424	0	96	0	78	0	0	0	4062	0	0	0	616	0	0	0	1600	0	0	0	0	0	0	0	0	0	0	0	0	0	0	0	0	0	0	0	0	0	0	0	0	0	0	
224148	Temporal_Sup_L	3270	0	4922	0	0	0	1790	98	0	0	7386	352	192	92	0	90	12654	0	3766	0	0	0	118	0	0	0	0	0	11512	192	108	0	0	0	172	0	2984	0	180	0	78	0	368	0	234	0	218	0	154	0	1594	0	102	0	2390	0	3692	0	1188	0	1432	0	4572	0	958	0	352	0	0	0	668	366	1076	0	96	0	134	66	3944	0	0	0	4932	0	21992	0	366	0	11152	0	0	0	0	0	0	0	0	0	72	0	0	0	0	0	0	0	0	0	0	0	0	0	0	0	0	0	
118120	Temporal_Sup_R	0	478	0	546	0	0	0	86	0	0	0	592	0	0	0	2380	0	4224	84	786	0	0	0	0	0	0	0	0	0	5264	0	0	0	0	0	108	0	1538	0	382	0	0	0	72	0	0	0	0	0	0	0	256	0	0	0	2328	0	1422	0	0	0	354	0	5984	0	3602	0	150	0	710	0	0	0	248	0	0	0	0	0	4062	0	0	0	5278	0	10604	0	266	0	7256	0	0	0	0	0	0	0	0	0	0	0	0	0	0	0	0	0	0	0	0	0	0	0	0	0	0	
81404	Temporal_Pole_Sup_L	1102	0	1830	0	404	0	500	0	0	0	3454	80	0	0	1518	0	3124	0	1318	0	454	0	0	0	0	0	0	0	6802	0	0	0	0	0	0	0	1376	0	450	0	826	0	0	0	0	0	0	0	0	0	0	0	0	0	1562	0	0	0	0	0	0	0	0	0	0	0	0	0	0	0	442	94	850	0	0	0	0	0	0	0	4932	0	0	0	4072	0	2700	0	2812	0	0	0	0	0	0	0	0	0	0	0	0	0	0	0	0	0	0	0	0	0	0	0	0	0	0	0	
65512	Temporal_Pole_Sup_R	0	0	0	750	0	0	0	134	0	0	0	624	0	0	0	3460	0	1228	70	976	0	558	0	0	0	0	0	0	0	2344	0	0	0	0	0	0	0	1394	0	1388	0	2282	0	0	0	0	0	0	0	0	0	0	0	0	0	3442	0	0	0	0	0	0	0	0	0	0	0	0	0	0	0	0	0	262	0	0	0	0	0	0	0	5278	0	0	0	2404	0	2416	0	3746	0	0	0	0	0	0	0	0	0	0	0	0	0	0	0	0	0	0	0	0	0	0	0	0	0	0	
280208	Temporal_Mid_L	514	0	0	0	0	0	256	0	0	0	0	0	0	0	0	0	692	0	0	0	0	0	0	0	0	0	0	0	744	0	0	0	0	0	154	0	762	0	0	0	250	0	756	0	1032	0	458	0	1304	0	20558	0	4044	0	1756	0	5204	0	3924	0	10538	0	7270	0	11432	0	914	0	0	0	0	0	0	0	0	0	0	0	2088	0	21992	0	4072	0	0	0	2960	0	36430	0	0	0	0	0	0	0	0	0	0	0	0	0	0	0	0	0	0	0	0	0	0	0	0	0	0	0	
151624	Temporal_Mid_R	0	206	0	0	0	0	0	0	0	0	0	0	0	0	0	186	0	322	0	150	0	0	0	0	0	0	0	0	0	1550	0	0	0	264	0	482	0	712	0	88	0	0	0	1254	0	768	0	282	0	3174	0	10634	0	646	0	2672	0	1132	0	1904	0	1822	0	3572	0	10170	0	2298	0	1048	0	0	0	0	0	0	0	0	0	616	0	10604	0	2404	0	0	0	1556	0	15296	0	0	0	0	0	0	0	0	0	0	0	0	0	0	0	0	0	0	0	0	0	0	0	0	0	0	
24500	Temporal_Pole_Mid_L	0	0	0	0	0	0	0	0	0	0	0	0	0	0	0	0	0	0	0	0	0	0	0	0	0	0	0	0	90	0	0	0	0	0	0	0	420	0	0	0	358	0	0	0	0	0	0	0	0	0	0	0	0	0	1680	0	0	0	0	0	0	0	0	0	0	0	0	0	0	0	0	0	0	0	0	0	0	0	0	0	366	0	2700	0	2960	0	0	0	3676	0	0	0	0	0	0	0	0	0	0	0	0	0	0	0	0	0	0	0	0	0	0	0	0	0	0	0	
22160	Temporal_Pole_Mid_R	0	0	0	0	0	0	0	0	0	0	0	0	0	0	0	0	0	0	0	0	0	0	0	0	0	0	0	0	0	132	0	0	0	0	0	0	0	446	0	1210	0	1202	0	0	0	0	0	0	0	0	0	0	0	0	0	2142	0	0	0	0	0	0	0	0	0	0	0	0	0	0	0	0	0	70	0	0	0	0	0	0	0	266	0	2416	0	1556	0	0	0	1640	0	0	0	0	0	0	0	0	0	0	0	0	0	0	0	0	0	0	0	0	0	0	0	0	0	0	
249368	Temporal_Inf_L	378	0	0	0	0	0	248	0	0	0	204	0	0	0	0	0	462	0	0	0	0	0	0	0	0	0	0	0	1860	0	0	0	0	0	92	0	7336	0	238	0	2206	0	404	0	534	0	280	0	368	0	5624	0	4616	0	13992	0	3912	0	2258	0	8618	0	3902	0	6380	0	500	0	0	0	0	0	152	0	0	0	0	66	1186	0	11152	0	2812	0	36430	0	3676	0	0	0	2902	0	318	0	110	0	298	0	1170	0	0	0	0	0	0	0	0	0	0	0	0	0	0	0	0	0	
231116	Temporal_Inf_R	0	938	0	0	0	0	0	244	0	0	0	166	0	0	0	0	0	132	72	482	0	0	0	0	0	0	0	0	0	3338	0	0	0	402	0	438	0	10914	0	4004	0	4210	0	3142	0	962	0	360	0	2968	0	1640	0	4330	0	21798	0	1920	0	2562	0	2648	0	3636	0	4854	0	2136	82	2154	0	0	0	606	0	0	0	0	0	1600	0	7256	0	3746	0	15296	0	1640	0	0	0	2576	0	228	0	78	0	666	0	1334	0	0	0	0	0	0	0	0	0	0	0	0	0	0	0	0	
408468	Cerebelum_Crus1_L	0	0	0	0	0	0	0	0	0	0	0	0	0	0	0	0	0	0	0	0	0	0	0	0	0	0	0	0	0	0	0	0	0	0	0	0	88	0	0	0	0	0	94	0	0	0	9876	422	0	0	78	0	164	0	16774	460	0	0	0	0	0	0	0	0	0	0	0	0	0	0	0	0	0	0	0	0	0	0	0	0	0	0	0	0	0	0	0	0	2902	0	0	2424	35622	5066	1858	300	18886	934	58540	2440	10340	1588	11124	3470	2218	110	212	0	0	308	4720	5774	6760	470	132	80	
373708	Cerebelum_Crus1_R	0	0	0	0	0	0	0	0	0	0	0	0	0	0	0	0	0	0	0	0	0	0	0	0	0	0	0	0	0	0	0	0	0	0	0	0	0	288	0	568	0	100	0	0	0	0	1280	4196	0	0	0	0	0	104	468	14218	0	0	0	0	0	0	0	0	0	0	0	0	0	0	0	0	0	106	0	0	0	0	0	0	0	0	0	0	0	0	0	0	0	2576	2424	0	464	27582	394	4142	5522	19678	4676	53688	112	2182	266	8486	350	412	0	0	172	1242	12692	11774	5826	426	440	0	
246340	Cerebelum_Crus2_L	0	0	0	0	0	0	0	0	0	0	0	0	0	0	0	0	0	0	0	0	0	0	0	0	0	0	0	0	0	0	0	0	0	0	0	0	0	0	0	0	0	0	0	0	0	0	902	0	0	0	0	0	0	0	1132	0	0	0	0	0	0	0	0	0	0	0	0	0	0	0	0	0	0	0	0	0	0	0	0	0	0	0	0	0	0	0	0	0	318	0	35622	464	0	4684	560	0	992	80	9904	374	26462	1984	22276	4980	2272	132	256	0	0	70	260	1574	4002	3772	98	0	
238376	Cerebelum_Crus2_R	0	0	0	0	0	0	0	0	0	0	0	0	0	0	0	0	0	0	0	0	0	0	0	0	0	0	0	0	0	0	0	0	0	0	0	0	0	0	0	80	0	0	0	0	0	0	166	112	0	0	0	0	0	0	0	770	0	0	0	0	0	0	0	0	0	0	0	0	0	0	0	0	0	0	0	0	0	0	0	0	0	0	0	0	0	0	0	0	0	228	5066	27582	4684	0	290	402	668	1060	3280	9274	2130	16136	3916	22460	1562	264	90	0	78	98	726	3118	12364	2316	268	0	
60652	Cerebelum_3_L	0	0	0	0	0	0	0	0	0	0	0	0	0	0	0	0	0	0	0	0	0	0	0	0	0	0	0	0	0	0	0	0	0	0	0	0	68	0	120	0	0	0	0	0	0	0	0	78	0	0	0	0	0	0	178	0	0	0	0	0	0	0	0	0	0	0	0	0	0	0	0	0	0	0	0	0	0	0	0	0	0	0	0	0	0	0	0	0	110	0	1858	394	560	290	0	476	7472	304	3152	528	0	0	1406	1900	2870	646	0	0	590	1238	1202	252	2174	1682	778	0	
74224	Cerebelum_3_R	0	0	0	0	0	0	0	0	0	0	0	0	0	0	0	0	0	0	0	0	0	0	0	0	0	0	0	0	0	0	0	0	0	0	0	0	0	0	0	0	0	0	0	0	0	0	0	198	0	0	0	0	0	0	0	342	0	0	0	0	0	0	0	0	0	0	0	0	0	0	0	0	0	0	0	0	0	0	0	0	0	0	0	0	0	0	0	0	0	78	300	4142	0	402	476	0	1070	7906	734	6580	0	0	94	738	242	1080	0	0	856	4344	4100	980	832	620	998	0	
254232	Cerebelum_4_5_L	0	0	0	0	0	0	0	0	0	0	0	0	0	0	0	0	0	0	0	0	0	0	0	0	0	0	0	0	0	0	0	0	0	0	0	0	198	0	268	0	0	0	0	0	0	0	5666	1538	0	0	0	0	0	0	6510	2818	0	0	0	0	0	0	0	0	0	0	0	0	0	0	0	0	0	0	0	0	0	0	0	0	0	0	0	0	0	0	0	0	298	0	18886	5522	992	668	7472	1070	0	7306	28204	6850	868	0	2418	1726	3596	602	0	0	184	1526	15444	2010	1974	1116	604	782	
219524	Cerebelum_4_5_R	0	0	0	0	0	0	0	0	0	0	0	0	0	0	0	0	0	0	0	0	0	0	0	0	0	0	0	0	0	112	0	0	0	0	0	0	0	1264	0	1976	0	184	0	0	0	0	574	3090	0	0	0	0	0	0	190	7862	0	0	0	0	0	0	0	0	0	0	0	86	0	0	0	0	0	332	0	0	0	0	0	0	0	0	0	0	0	0	0	0	0	666	934	19678	80	1060	304	7906	7306	0	2002	29990	0	0	78	798	152	264	0	68	0	1546	18816	1242	778	178	246	0	
377168	Cerebelum_6_L	0	0	0	0	0	0	0	0	0	0	0	0	0	0	0	0	0	0	0	0	0	0	0	0	0	0	0	0	94	0	0	0	0	0	0	0	162	0	0	0	0	0	70	0	0	0	12056	1230	0	0	0	0	0	0	18808	1232	0	0	0	0	0	0	0	0	0	0	0	0	0	0	0	0	0	0	0	0	0	0	0	0	72	0	0	0	0	0	0	0	1170	0	58540	4676	9904	3280	3152	734	28204	2002	0	6478	2158	1048	2320	2260	2838	642	186	0	216	620	7376	10600	4976	502	698	280	
372528	Cerebelum_6_R	0	0	0	0	0	0	0	0	0	0	0	0	0	0	0	0	0	0	0	0	0	0	0	0	0	0	0	0	0	0	0	0	0	0	0	0	0	334	0	684	0	100	0	0	0	0	1674	5314	0	0	0	0	0	0	692	16078	0	0	0	0	0	0	0	0	0	0	0	0	0	0	0	0	0	110	0	0	0	0	0	0	0	0	0	0	0	0	0	0	0	1334	2440	53688	374	9274	528	6580	6850	29990	6478	0	96	336	176	2536	286	1076	0	324	276	1754	17958	13926	3840	464	694	0	
188016	Cerebelum_7b_L	0	0	0	0	0	0	0	0	0	0	0	0	0	0	0	0	0	0	0	0	0	0	0	0	0	0	0	0	0	0	0	0	0	0	0	0	0	0	0	0	0	0	0	0	0	0	80	0	0	0	0	0	0	0	202	0	0	0	0	0	0	0	0	0	0	0	0	0	0	0	0	0	0	0	0	0	0	0	0	0	0	0	0	0	0	0	0	0	0	0	10340	112	26462	2130	0	0	868	0	2158	96	0	926	32046	5108	4878	90	822	0	0	0	310	304	2242	4834	0	0	
96692	Cerebelum_7b_R	0	0	0	0	0	0	0	0	0	0	0	0	0	0	0	0	0	0	0	0	0	0	0	0	0	0	0	0	0	0	0	0	0	0	0	0	0	0	0	0	0	0	0	0	0	0	0	0	0	0	0	0	0	0	0	0	0	0	0	0	0	0	0	0	0	0	0	0	0	0	0	0	0	0	0	0	0	0	0	0	0	0	0	0	0	0	0	0	0	0	1588	2182	1984	16136	0	0	0	0	1048	336	926	0	1066	17682	304	240	0	0	0	0	0	592	3392	870	0	0	
279932	Cerebelum_8_L	0	0	0	0	0	0	0	0	0	0	0	0	0	0	0	0	0	0	0	0	0	0	0	0	0	0	0	0	0	0	0	0	0	0	0	0	0	0	0	0	0	0	0	0	0	0	76	0	0	0	0	0	0	0	102	0	0	0	0	0	0	0	0	0	0	0	0	0	0	0	0	0	0	0	0	0	0	0	0	0	0	0	0	0	0	0	0	0	0	0	11124	266	22276	3916	1406	94	2418	78	2320	176	32046	1066	0	15128	19218	2476	2014	0	0	74	458	532	7260	12916	2526	0	
283620	Cerebelum_8_R	0	0	0	0	0	0	0	0	0	0	0	0	0	0	0	0	0	0	0	0	0	0	0	0	0	0	0	0	0	0	0	0	0	0	0	0	0	0	0	0	0	0	0	0	0	0	0	0	0	0	0	0	0	0	0	144	0	0	0	0	0	0	0	0	0	0	0	0	0	0	0	0	0	0	0	0	0	0	0	0	0	0	0	0	0	0	0	0	0	0	3470	8486	4980	22460	1900	738	1726	798	2260	2536	5108	17682	15128	0	6438	14294	0	656	294	444	720	1682	12296	13962	3470	138	
145460	Cerebelum_9_L	0	0	0	0	0	0	0	0	0	0	0	0	0	0	0	0	0	0	0	0	0	0	0	0	0	0	0	0	0	0	0	0	0	0	0	0	0	0	0	0	0	0	0	0	0	0	0	0	0	0	0	0	0	0	0	0	0	0	0	0	0	0	0	0	0	0	0	0	0	0	0	0	0	0	0	0	0	0	0	0	0	0	0	0	0	0	0	0	0	0	2218	350	2272	1562	2870	242	3596	152	2838	286	4878	304	19218	6438	0	3350	2450	0	234	166	502	2122	5456	6550	4088	588	
96128	Cerebelum_9_R	0	0	0	0	0	0	0	0	0	0	0	0	0	0	0	0	0	0	0	0	0	0	0	0	0	0	0	0	0	0	0	0	0	0	0	0	0	0	0	0	0	0	0	0	0	0	0	0	0	0	0	0	0	0	0	0	0	0	0	0	0	0	0	0	0	0	0	0	0	0	0	0	0	0	0	0	0	0	0	0	0	0	0	0	0	0	0	0	0	0	110	412	132	264	646	1080	602	264	642	1076	90	240	2476	14294	3350	0	0	1200	936	892	930	2776	2678	5466	6432	1076	
12500	Cerebelum_10_L	0	0	0	0	0	0	0	0	0	0	0	0	0	0	0	0	0	0	0	0	0	0	0	0	0	0	0	0	0	0	0	0	0	0	0	0	0	0	0	0	0	0	0	0	0	0	0	0	0	0	0	0	0	0	0	0	0	0	0	0	0	0	0	0	0	0	0	0	0	0	0	0	0	0	0	0	0	0	0	0	0	0	0	0	0	0	0	0	0	0	212	0	256	90	0	0	0	0	186	0	822	0	2014	0	2450	0	0	0	0	0	0	116	104	0	0	0	
4496	Cerebelum_10_R	0	0	0	0	0	0	0	0	0	0	0	0	0	0	0	0	0	0	0	0	0	0	0	0	0	0	0	0	0	0	0	0	0	0	0	0	0	0	0	0	0	0	0	0	0	0	0	0	0	0	0	0	0	0	0	0	0	0	0	0	0	0	0	0	0	0	0	0	0	0	0	0	0	0	0	0	0	0	0	0	0	0	0	0	0	0	0	0	0	0	0	0	0	0	0	0	0	68	0	324	0	0	0	656	0	1200	0	0	0	0	0	0	0	0	0	0	
19324	Vermis_1_2	0	0	0	0	0	0	0	0	0	0	0	0	0	0	0	0	0	0	0	0	0	0	0	0	0	0	0	0	0	0	0	0	0	0	0	0	0	0	0	0	0	0	0	0	0	0	0	0	0	0	0	0	0	0	0	0	0	0	0	0	0	0	0	0	0	0	0	0	0	0	0	0	0	0	0	0	0	0	0	0	0	0	0	0	0	0	0	0	0	0	0	172	0	78	590	856	184	0	216	276	0	0	0	294	234	936	0	0	0	3052	272	728	404	444	724	202	
45320	Vermis_3	0	0	0	0	0	0	0	0	0	0	0	0	0	0	0	0	0	0	0	0	0	0	0	0	0	0	0	0	0	0	0	0	0	0	0	0	0	0	0	0	0	0	0	0	0	0	86	0	0	0	0	0	0	0	0	86	0	0	0	0	0	0	0	0	0	0	0	0	0	0	0	0	0	0	0	0	0	0	0	0	0	0	0	0	0	0	0	0	0	0	308	1242	70	98	1238	4344	1526	1546	620	1754	0	0	74	444	166	892	0	0	3052	0	2230	896	586	482	802	118	
224916	Vermis_4_5	0	130	0	0	0	0	0	0	0	0	0	0	0	0	0	0	0	0	0	0	0	0	0	0	0	0	0	0	0	80	0	0	0	0	90	1162	0	822	0	172	0	0	0	636	0	0	1534	3948	0	0	0	0	0	0	442	4780	0	0	0	0	0	0	0	0	0	0	0	1490	0	0	0	0	0	0	0	0	0	526	0	0	0	0	0	0	0	0	0	0	0	0	4720	12692	260	726	1202	4100	15444	18816	7376	17958	310	0	458	720	502	930	0	0	272	2230	0	4024	724	254	1146	1782	
171876	Vermis_6	0	0	0	0	0	0	0	0	0	0	0	0	0	0	0	0	0	0	0	0	0	0	0	0	0	0	0	0	0	0	0	0	0	0	0	0	0	0	0	0	0	0	0	0	0	0	2068	2908	0	0	0	0	0	0	1030	3160	0	0	0	0	0	0	0	0	0	0	0	0	0	0	0	0	0	0	0	0	0	0	0	0	0	0	0	0	0	0	0	0	0	0	5774	11774	1574	3118	252	980	2010	1242	10600	13926	304	592	532	1682	2122	2776	116	0	728	896	4024	0	5268	1394	3174	1914	
