data	data	454784	360464	715472	786868	121236	66084	408200	301640	73644	24596	240364	148568	323276	176216	235552	111828	250744	95800	552988	864168	86384	100348	279300	271664	22776	58800	68388	92512	617052	281012	240240	360424	104156	480536	83648	136528	194588	226912	41980	122936	22968	46816	233152	438704	170648	383224	212028	308244	262744	358476	454500	315256	115512	274036	304868	434812	336432	223856	145920	89348	210876	101996	129580	147100	135460	110040	213688	403872	127480	278140	234368	282644	287820	294212	37408	10908	90932	156260	140248	24828	226984	100404	104204	36584	281916	271068	35288	14896	198440	176812	330536	297404	234840	213296	25692	38284	217204	181540	350416	304960	199536	119028	231584	198420	109408	91856	25160	7092	17644	57104	158724	170716	137316	84724	64248	22416	
data	data	Precentral_L	Precentral_R	Frontal_Sup_L	Frontal_Sup_R	Frontal_Sup_Orb_L	Frontal_Sup_Orb_R	Frontal_Mid_L	Frontal_Mid_R	Frontal_Mid_Orb_L	Frontal_Mid_Orb_R	Frontal_Inf_Oper_L	Frontal_Inf_Oper_R	Frontal_Inf_Tri_L	Frontal_Inf_Tri_R	Frontal_Inf_Orb_L	Frontal_Inf_Orb_R	Rolandic_Oper_L	Rolandic_Oper_R	Supp_Motor_Area_L	Supp_Motor_Area_R	Olfactory_L	Olfactory_R	Frontal_Sup_Medial_L	Frontal_Sup_Medial_R	Frontal_Med_Orb_L	Frontal_Med_Orb_R	Rectus_L	Rectus_R	Insula_L	Insula_R	Cingulum_Ant_L	Cingulum_Ant_R	Cingulum_Mid_L	Cingulum_Mid_R	Cingulum_Post_L	Cingulum_Post_R	Hippocampus_L	Hippocampus_R	ParaHippocampal_L	ParaHippocampal_R	Amygdala_L	Amygdala_R	Calcarine_L	Calcarine_R	Cuneus_L	Cuneus_R	Lingual_L	Lingual_R	Occipital_Sup_L	Occipital_Sup_R	Occipital_Mid_L	Occipital_Mid_R	Occipital_Inf_L	Occipital_Inf_R	Fusiform_L	Fusiform_R	Postcentral_L	Postcentral_R	Parietal_Sup_L	Parietal_Sup_R	Parietal_Inf_L	Parietal_Inf_R	SupraMarginal_L	SupraMarginal_R	Angular_L	Angular_R	Precuneus_L	Precuneus_R	Paracentral_Lobule_L	Paracentral_Lobule_R	Caudate_L	Caudate_R	Putamen_L	Putamen_R	Pallidum_L	Pallidum_R	Thalamus_L	Thalamus_R	Heschl_L	Heschl_R	Temporal_Sup_L	Temporal_Sup_R	Temporal_Pole_Sup_L	Temporal_Pole_Sup_R	Temporal_Mid_L	Temporal_Mid_R	Temporal_Pole_Mid_L	Temporal_Pole_Mid_R	Temporal_Inf_L	Temporal_Inf_R	Cerebelum_Crus1_L	Cerebelum_Crus1_R	Cerebelum_Crus2_L	Cerebelum_Crus2_R	Cerebelum_3_L	Cerebelum_3_R	Cerebelum_4_5_L	Cerebelum_4_5_R	Cerebelum_6_L	Cerebelum_6_R	Cerebelum_7b_L	Cerebelum_7b_R	Cerebelum_8_L	Cerebelum_8_R	Cerebelum_9_L	Cerebelum_9_R	Cerebelum_10_L	Cerebelum_10_R	Vermis_1_2	Vermis_3	Vermis_4_5	Vermis_6	Vermis_7	Vermis_8	Vermis_9	Vermis_10	
454784	Precentral_L	0	9954	7714	11064	0	0	17828	6564	0	0	9806	256	550	146	0	0	11418	0	4868	16734	0	0	314	0	0	0	0	0	11542	280	346	0	260	7504	528	152	5682	0	276	0	330	0	0	336	0	0	0	96	278	0	2166	0	126	0	986	0	28446	318	482	0	3606	0	3234	0	194	0	252	702	12924	3118	5836	2354	6308	0	812	0	16704	1282	5422	0	5226	0	182	0	1418	0	0	0	468	0	0	0	0	0	0	0	0	0	0	0	0	0	0	0	0	0	0	0	0	0	0	0	0	0	0	0	
360464	Precentral_R	9954	0	1910	16304	0	0	2376	21534	0	0	148	7998	400	0	250	0	208	3162	1504	24502	0	0	0	0	0	0	0	0	938	1254	0	0	396	1718	116	140	212	1496	0	406	0	0	0	218	0	168	0	138	0	220	114	192	0	652	146	912	2164	13596	0	336	0	3184	0	3888	0	166	0	536	2562	7612	6962	12568	2858	212	400	0	888	18492	302	598	456	356	0	0	310	792	0	0	110	1198	0	0	0	0	0	0	0	0	0	0	0	0	0	0	0	0	0	0	0	0	0	0	0	0	0	0	
715472	Frontal_Sup_L	7714	1910	0	9230	10034	0	52122	3520	3090	0	13414	630	22840	142	13118	534	9792	222	56016	12340	502	0	35416	252	174	0	636	0	42802	632	12278	890	3036	1268	0	0	890	0	0	0	0	0	0	0	0	0	0	0	0	0	0	0	0	0	0	0	3760	0	0	0	0	0	0	0	0	0	0	0	834	0	5464	1188	22354	314	2666	0	120	0	798	0	1644	0	3150	0	0	0	0	0	0	0	0	0	0	0	0	0	0	0	0	0	0	0	0	0	0	0	0	0	0	0	0	0	0	0	0	0	
786868	Frontal_Sup_R	11064	16304	9230	0	0	596	2438	44382	0	164	296	6254	892	14058	682	5388	1412	2744	22868	80116	0	396	8720	32668	0	764	0	520	2164	13192	4822	27922	1722	19414	218	0	552	2076	0	0	0	0	0	0	0	0	0	0	0	0	0	0	0	0	0	0	3880	108	0	0	0	0	0	0	0	0	0	0	1350	258	5624	13630	4544	16540	1010	1490	1790	8598	214	0	188	0	172	0	0	0	0	0	0	0	0	0	0	0	0	0	0	0	0	0	0	0	0	0	0	0	0	0	0	0	0	0	0	0	0	0	
121236	Frontal_Sup_Orb_L	0	0	10034	0	0	0	1510	0	10730	0	0	0	2544	0	9978	0	0	0	254	82	3528	0	1352	0	1518	0	6440	0	5014	0	2300	0	0	0	0	0	0	0	0	0	0	0	0	0	0	0	0	0	0	0	0	0	0	0	0	0	0	0	0	0	0	0	0	0	0	0	0	0	0	0	140	0	5194	0	0	0	0	0	0	0	0	0	0	0	0	0	0	0	0	0	0	0	0	0	0	0	0	0	0	0	0	0	0	0	0	0	0	0	0	0	0	0	0	0	0	0	
66084	Frontal_Sup_Orb_R	0	0	0	596	0	0	0	0	0	3554	0	0	0	0	0	2404	0	0	0	0	92	4600	0	1312	270	5734	0	9204	0	294	718	1848	0	0	0	0	0	0	0	0	0	0	0	0	0	0	0	0	0	0	0	0	0	0	0	0	0	0	0	0	0	0	0	0	0	0	0	0	0	0	88	1178	0	1150	0	0	0	0	0	0	0	0	0	0	0	0	0	0	0	0	0	0	0	0	0	0	0	0	0	0	0	0	0	0	0	0	0	0	0	0	0	0	0	0	0	0	
408200	Frontal_Mid_L	17828	2376	52122	2438	1510	0	0	3048	846	0	14522	0	31990	0	8324	0	3946	94	9224	1652	0	0	13540	0	0	0	0	0	23970	0	4402	0	326	318	88	0	382	0	0	0	0	0	0	0	0	0	0	0	0	0	0	0	0	0	0	0	1176	0	0	0	0	0	0	0	0	0	0	0	218	0	3944	0	2844	108	692	0	312	0	734	0	0	0	1126	0	0	0	0	0	0	0	0	0	0	0	0	0	0	0	0	0	0	0	0	0	0	0	0	0	0	0	0	0	0	0	0	0	
301640	Frontal_Mid_R	6564	21534	3520	44382	0	0	3048	0	0	306	236	5520	660	10532	558	1930	864	1608	3652	6094	0	0	1678	5056	0	0	0	0	952	3576	120	1558	466	2848	0	0	180	1446	0	0	0	0	0	0	0	0	0	0	0	0	0	0	0	0	0	0	1192	158	0	0	0	0	0	0	0	0	0	0	210	0	7532	998	3028	4282	496	530	698	2516	92	0	92	0	108	0	0	0	0	0	0	0	0	0	0	0	0	0	0	0	0	0	0	0	0	0	0	0	0	0	0	0	0	0	0	0	0	0	
73644	Frontal_Mid_Orb_L	0	0	3090	0	10730	0	846	0	0	0	0	0	958	0	12838	0	0	0	130	0	450	0	0	0	0	0	2206	0	3366	0	158	0	0	0	0	0	0	0	0	0	0	0	0	0	0	0	0	0	0	0	0	0	0	0	0	0	0	0	0	0	0	0	0	0	0	0	0	0	0	0	0	0	1884	0	0	0	0	0	0	0	0	0	166	0	0	0	0	0	0	0	0	0	0	0	0	0	0	0	0	0	0	0	0	0	0	0	0	0	0	0	0	0	0	0	0	0	
24596	Frontal_Mid_Orb_R	0	0	0	164	0	3554	0	306	0	0	0	0	0	0	0	5220	0	0	106	108	0	398	0	0	0	598	0	862	0	166	0	114	0	0	0	0	0	0	0	0	0	0	0	0	0	0	0	0	0	0	0	0	0	0	0	0	0	0	0	0	0	0	0	0	0	0	0	0	0	0	0	142	0	560	0	0	0	0	0	0	0	0	0	0	0	0	0	0	0	0	0	0	0	0	0	0	0	0	0	0	0	0	0	0	0	0	0	0	0	0	0	0	0	0	0	0	
240364	Frontal_Inf_Oper_L	9806	148	13414	296	0	0	14522	236	0	0	0	648	11244	340	424	254	15104	0	6038	238	0	0	2192	0	0	0	0	0	27006	600	2880	112	494	0	0	0	116	0	0	0	0	0	0	0	0	0	0	0	0	0	0	0	0	0	0	0	2976	0	0	0	0	0	0	0	0	0	0	0	0	0	2072	82	952	0	0	0	0	0	808	0	552	0	6628	0	0	0	0	0	0	0	0	0	0	0	0	0	0	0	0	0	0	0	0	0	0	0	0	0	0	0	0	0	0	0	0	0	
148568	Frontal_Inf_Oper_R	256	7998	630	6254	0	0	0	5520	0	0	648	0	690	6094	646	0	312	7432	1180	7378	0	0	0	118	0	0	0	0	1120	11178	308	440	0	2840	0	0	0	0	0	0	0	0	0	0	0	0	0	0	0	0	0	0	0	0	0	0	0	4014	0	94	0	822	0	1100	0	0	0	0	0	124	2214	1776	374	1872	0	0	0	0	0	468	0	114	270	0	0	0	0	0	0	0	0	0	0	0	0	0	0	0	0	0	0	0	0	0	0	0	0	0	0	0	0	0	0	0	0	0	
323276	Frontal_Inf_Tri_L	550	400	22840	892	2544	0	31990	660	958	0	11244	690	0	194	26518	392	2424	156	3980	1244	196	0	4280	0	0	0	180	0	33066	376	2872	224	124	218	0	0	0	0	0	0	0	0	0	0	0	0	0	0	0	0	0	0	0	0	0	0	106	0	0	0	0	0	0	0	0	0	0	0	98	0	4856	268	6114	82	0	0	0	0	412	0	0	0	490	0	0	0	0	0	0	0	0	0	0	0	0	0	0	0	0	0	0	0	0	0	0	0	0	0	0	0	0	0	0	0	0	0	
176216	Frontal_Inf_Tri_R	146	0	142	14058	0	0	0	10532	0	0	340	6094	194	0	184	5908	136	0	2806	9666	0	0	1204	5560	0	0	0	0	466	15148	554	5014	0	6382	0	0	0	0	0	0	0	0	0	0	0	0	0	0	0	0	0	0	0	0	0	0	0	0	0	0	0	0	0	0	0	0	0	0	0	0	912	1610	0	948	0	0	0	0	0	0	0	0	104	0	0	0	0	0	0	0	0	0	0	0	0	0	0	0	0	0	0	0	0	0	0	0	0	0	0	0	0	0	0	0	0	0	
235552	Frontal_Inf_Orb_L	0	250	13118	682	9978	0	8324	558	12838	0	424	646	26518	184	0	382	84	140	1978	888	3002	0	1360	0	0	0	1864	0	18296	342	768	220	0	214	0	0	136	0	0	0	0	0	0	0	0	0	0	0	0	0	0	0	0	0	0	0	0	0	0	0	0	0	0	0	0	0	0	0	0	0	3650	262	9316	0	0	0	0	0	0	0	0	0	1354	0	0	0	0	0	0	0	0	0	0	0	0	0	0	0	0	0	0	0	0	0	0	0	0	0	0	0	0	0	0	0	0	0	
111828	Frontal_Inf_Orb_R	0	0	534	5388	0	2404	0	1930	0	5220	254	0	392	5908	382	0	0	0	1440	1922	0	1688	0	1356	0	502	0	1146	362	6680	0	4088	0	120	0	0	0	0	0	0	0	94	0	0	0	0	0	0	0	0	0	0	0	0	0	0	0	0	0	0	0	0	0	0	0	0	0	0	0	0	968	5888	0	7248	0	0	0	0	0	0	0	0	0	0	0	0	0	0	0	0	0	0	0	0	0	0	0	0	0	0	0	0	0	0	0	0	0	0	0	0	0	0	0	0	0	0	
250744	Rolandic_Oper_L	11418	208	9792	1412	0	0	3946	864	0	0	15104	312	2424	136	84	0	0	0	4998	482	0	0	676	0	0	0	0	0	21732	406	1032	0	386	0	0	0	152	0	0	0	0	0	0	0	0	0	0	0	356	0	750	0	0	0	90	0	17200	0	458	0	860	0	3656	0	636	0	0	0	122	0	550	0	724	176	0	0	0	0	7066	0	8808	0	6766	0	1206	0	0	0	384	0	0	0	0	0	0	0	0	0	0	0	0	0	0	0	0	0	0	0	0	0	0	0	0	0	0	0	
95800	Rolandic_Oper_R	0	3162	222	2744	0	0	94	1608	0	0	0	7432	156	0	140	0	0	0	248	2382	0	0	0	0	0	0	0	0	106	9144	0	0	0	808	0	0	0	236	0	0	0	0	0	0	0	84	0	0	0	126	0	250	0	0	0	0	0	4510	0	456	0	690	0	3350	0	1088	0	86	0	290	348	138	0	2468	0	0	0	0	0	2210	0	3232	0	0	0	92	0	0	0	0	0	0	0	0	0	0	0	0	0	0	0	0	0	0	0	0	0	0	0	0	0	0	0	0	0	0	
552988	Supp_Motor_Area_L	4868	1504	56016	22868	254	0	9224	3652	130	106	6038	1180	3980	2806	1978	1440	4998	248	0	44868	0	0	10172	4816	0	0	0	0	16534	2154	7508	6584	9838	16718	424	0	572	0	0	0	0	0	0	0	0	0	0	0	0	0	0	0	0	0	0	0	2752	0	0	0	0	0	0	0	0	0	0	0	2066	1044	4632	2572	12826	4624	1348	0	688	0	210	0	988	0	1266	0	0	0	0	0	0	0	0	0	0	0	0	0	0	0	0	0	0	0	0	0	0	0	0	0	0	0	0	0	0	0	0	0	
864168	Supp_Motor_Area_R	16734	24502	12340	80116	82	0	1652	6094	0	108	238	7378	1244	9666	888	1922	482	2382	44868	0	0	0	3852	13400	0	0	0	92	2526	8498	2234	15206	5902	57790	444	2642	374	760	0	138	0	0	0	708	0	572	0	138	0	216	0	222	0	494	0	534	3094	3824	0	0	0	156	0	898	0	662	0	1920	8996	18786	3170	21754	2952	15598	660	1032	1914	15972	154	212	112	558	172	0	0	1068	0	0	0	982	0	0	0	0	0	0	0	0	0	0	0	0	0	0	0	0	0	0	0	0	0	0	0	0	0	0	
86384	Olfactory_L	0	0	502	0	3528	92	0	0	450	0	0	0	196	0	3002	0	0	0	0	0	0	6218	0	0	384	458	6990	2532	2810	0	3170	3568	0	0	0	0	284	0	218	0	350	0	0	0	0	0	0	0	0	0	0	0	0	0	104	0	0	0	0	0	0	0	0	0	0	0	0	0	0	0	5816	1922	488	0	0	0	0	0	0	0	0	0	110	0	0	0	0	0	0	0	0	0	0	0	0	0	0	0	0	0	0	0	0	0	0	0	0	0	0	0	0	0	0	0	0	0	
100348	Olfactory_R	0	0	0	396	0	4600	0	0	0	398	0	0	0	0	0	1688	0	0	0	0	6218	0	0	674	132	2270	3534	9068	0	1268	2456	5278	0	0	0	0	0	0	0	0	0	212	0	0	0	0	0	0	0	0	0	0	0	0	0	0	0	0	0	0	0	0	0	0	0	0	0	0	0	0	6368	4196	0	1418	0	0	0	0	0	0	0	0	0	0	0	0	0	0	0	0	0	0	0	0	0	0	0	0	0	0	0	0	0	0	0	0	0	0	0	0	0	0	0	0	0	0	
279300	Frontal_Sup_Medial_L	314	0	35416	8720	1352	0	13540	1678	0	0	2192	0	4280	1204	1360	0	676	0	10172	3852	0	0	0	15298	640	244	0	0	6564	414	13198	6502	3002	6838	0	0	0	0	0	0	0	0	0	0	0	0	0	0	0	0	0	0	0	0	0	0	0	0	0	0	0	0	0	0	0	0	0	0	0	0	262	0	1408	88	0	0	0	0	0	0	0	0	436	0	0	0	0	0	0	0	0	0	0	0	0	0	0	0	0	0	0	0	0	0	0	0	0	0	0	0	0	0	0	0	0	0	
271664	Frontal_Sup_Medial_R	0	0	252	32668	0	1312	0	5056	0	0	0	118	0	5560	0	1356	0	0	4816	13400	0	674	15298	0	358	2318	0	692	0	2174	6266	20874	0	15626	0	0	0	0	0	0	0	0	0	0	0	0	0	0	0	0	0	0	0	0	0	0	0	0	0	0	0	0	0	0	0	0	0	0	0	0	0	3120	0	3894	0	0	0	0	0	0	0	0	0	0	0	0	0	0	0	0	0	0	0	0	0	0	0	0	0	0	0	0	0	0	0	0	0	0	0	0	0	0	0	0	0	0	
22776	Frontal_Med_Orb_L	0	0	174	0	1518	270	0	0	0	0	0	0	0	0	0	0	0	0	0	0	384	132	640	358	0	668	766	0	0	0	3972	476	0	0	0	0	0	0	0	0	0	0	0	0	0	0	0	0	0	0	0	0	0	0	0	0	0	0	0	0	0	0	0	0	0	0	0	0	0	0	0	88	1942	0	0	0	0	0	0	0	0	0	0	0	0	0	0	0	0	0	0	0	0	0	0	0	0	0	0	0	0	0	0	0	0	0	0	0	0	0	0	0	0	0	0	0	
58800	Frontal_Med_Orb_R	0	0	0	764	0	5734	0	0	0	598	0	0	0	0	0	502	0	0	0	0	458	2270	244	2318	668	0	418	6420	0	250	1342	3868	0	0	0	0	0	0	0	0	0	0	0	0	0	0	0	0	0	0	0	0	0	0	0	0	0	0	0	0	0	0	0	0	0	0	0	0	0	0	350	1478	0	1718	0	0	0	0	0	0	0	0	0	0	0	0	0	0	0	0	0	0	0	0	0	0	0	0	0	0	0	0	0	0	0	0	0	0	0	0	0	0	0	0	0	0	
68388	Rectus_L	0	0	636	0	6440	0	0	0	2206	0	0	0	180	0	1864	0	0	0	0	0	6990	3534	0	0	766	418	0	1646	548	0	2756	2126	0	0	0	0	0	0	0	0	0	0	0	0	0	0	0	0	0	0	0	0	0	0	0	0	0	0	0	0	0	0	0	0	0	0	0	0	0	0	2896	576	612	0	0	0	0	0	0	0	0	0	0	0	0	0	0	0	0	0	0	0	0	0	0	0	0	0	0	0	0	0	0	0	0	0	0	0	0	0	0	0	0	0	0	0	
92512	Rectus_R	0	0	0	520	0	9204	0	0	0	862	0	0	0	0	0	1146	0	0	0	92	2532	9068	0	692	0	6420	1646	0	0	396	1710	5758	0	0	0	0	0	0	0	0	0	0	0	0	0	0	0	0	0	0	0	0	0	0	0	0	0	0	0	0	0	0	0	0	0	0	0	0	0	0	1950	2198	0	2062	0	0	0	0	0	0	0	0	0	0	0	0	0	0	0	0	0	0	0	0	0	0	0	0	0	0	0	0	0	0	0	0	0	0	0	0	0	0	0	0	0	0	
617052	Insula_L	11542	938	42802	2164	5014	0	23970	952	3366	0	27006	1120	33066	466	18296	362	21732	106	16534	2526	2810	0	6564	0	0	0	548	0	0	868	4518	172	604	114	316	0	6060	0	316	0	1578	0	0	0	0	0	0	0	0	0	530	0	0	0	2674	0	7640	124	182	0	198	0	1082	0	796	0	206	0	186	0	3228	636	20804	166	0	0	432	0	9782	0	8196	0	8546	0	3702	0	0	0	2986	0	0	0	0	0	0	0	0	0	0	0	0	0	0	0	0	0	0	0	0	0	0	0	0	0	0	0	
281012	Insula_R	280	1254	632	13192	0	294	0	3576	0	166	600	11178	376	15148	342	6680	406	9144	2154	8498	0	1268	414	2174	0	250	0	396	868	0	1238	5982	0	3622	0	0	0	4462	0	1036	0	778	0	88	0	0	0	0	0	0	0	0	0	304	0	2438	0	1188	0	0	0	0	0	370	0	174	0	0	0	776	2172	3250	362	20252	0	0	0	412	0	1174	0	4504	220	964	0	3000	0	0	0	2450	0	0	0	0	0	0	0	0	0	0	0	0	0	0	0	0	0	0	0	0	0	0	0	0	0	0	
240240	Cingulum_Ant_L	346	0	12278	4822	2300	718	4402	120	158	0	2880	308	2872	554	768	0	1032	0	7508	2234	3170	2456	13198	6266	3972	1342	2756	1710	4518	1238	0	15188	2882	1608	104	0	0	0	0	0	0	0	0	0	0	0	0	0	0	0	0	0	0	0	0	0	0	0	0	0	0	0	0	0	0	0	0	0	0	0	5528	2284	6030	1902	0	0	0	0	0	0	0	0	668	0	0	0	0	0	0	0	0	0	0	0	0	0	0	0	0	0	0	0	0	0	0	0	0	0	0	0	0	0	0	0	0	0	
360424	Cingulum_Ant_R	0	0	890	27922	0	1848	0	1558	0	114	112	440	224	5014	220	4088	0	0	6584	15206	3568	5278	6502	20874	476	3868	2126	5758	172	5982	15188	0	534	14454	0	0	0	0	0	0	0	0	0	0	0	0	0	0	0	0	0	0	0	0	0	0	0	0	0	0	0	0	0	0	0	0	0	0	0	0	3928	12710	0	14574	0	0	0	0	0	0	0	0	0	0	0	0	0	0	0	0	0	0	0	0	0	0	0	0	0	0	0	0	0	0	0	0	0	0	0	0	0	0	0	0	0	0	
104156	Cingulum_Mid_L	260	396	3036	1722	0	0	326	466	0	0	494	0	124	0	0	0	386	0	9838	5902	0	0	3002	0	0	0	0	0	604	0	2882	534	0	5278	2270	828	0	0	0	0	0	0	536	0	564	342	0	0	530	120	278	332	0	0	82	0	870	108	260	0	82	0	0	0	106	0	2914	626	4460	906	134	0	212	0	0	0	0	0	0	0	0	0	268	0	0	0	0	0	0	0	0	0	0	0	0	0	0	0	0	0	0	0	0	0	0	0	0	0	0	0	0	0	0	0	0	0	
480536	Cingulum_Mid_R	7504	1718	1268	19414	0	0	318	2848	0	0	0	2840	218	6382	214	120	0	808	16718	57790	0	0	6838	15626	0	0	0	0	114	3622	1608	14454	5278	0	342	6048	0	328	0	194	0	0	0	3074	0	4022	0	444	0	1446	0	2078	0	726	0	792	0	5538	0	0	0	206	0	1018	0	678	786	10290	6918	20480	1228	196	0	4516	0	0	386	0	0	152	0	426	0	0	0	1262	0	0	0	892	0	102	0	0	0	0	0	0	0	0	0	0	0	0	0	0	0	0	0	0	0	0	0	0	0	0	
83648	Cingulum_Post_L	528	116	0	218	0	0	88	0	0	0	0	0	0	0	0	0	0	0	424	444	0	0	0	0	0	0	0	0	316	0	104	0	2270	342	0	3572	2458	1094	1368	0	0	0	4886	0	2156	178	3844	0	518	0	1632	0	0	0	380	0	360	0	704	0	132	0	0	0	0	0	8136	580	2206	250	0	0	0	0	0	0	1178	612	84	0	0	0	0	0	646	0	0	0	0	0	0	0	0	0	0	0	0	0	0	0	0	0	0	0	0	0	0	0	0	0	0	0	0	0	0	0	
136528	Cingulum_Post_R	152	140	0	0	0	0	0	0	0	0	0	0	0	0	0	0	0	0	0	2642	0	0	0	0	0	0	0	0	0	0	0	0	828	6048	3572	0	770	4092	142	1124	0	0	0	3266	0	4472	0	2960	0	938	0	616	0	2342	0	2852	0	1208	0	94	0	142	0	312	0	272	458	16408	178	4442	0	0	0	0	0	0	1854	1720	0	0	0	0	0	0	0	1420	0	0	0	2482	0	236	0	0	0	0	0	0	0	0	0	0	0	0	0	0	0	0	0	0	82	0	0	0	0	0	
194588	Hippocampus_L	5682	212	890	552	0	0	382	180	0	0	116	0	0	0	136	0	152	0	572	374	284	0	0	0	0	0	0	0	6060	0	0	0	0	0	2458	770	0	682	6520	0	4200	0	936	0	118	0	1184	0	516	0	2892	0	246	0	15388	0	1044	0	326	0	222	0	842	0	1672	0	1638	292	154	0	0	86	5900	0	1768	0	3734	418	1984	0	3034	0	998	0	7652	0	390	0	13638	0	0	0	0	0	0	0	0	0	0	0	0	0	0	0	0	0	0	0	0	0	0	0	0	0	0	0	
226912	Hippocampus_R	0	1496	0	2076	0	0	0	1446	0	0	0	0	0	0	0	0	0	236	0	760	0	0	0	0	0	0	0	0	0	4462	0	0	0	328	1094	4092	682	0	134	19170	0	8942	0	1554	0	334	0	2886	0	0	0	0	0	3500	0	26760	0	150	0	0	0	0	0	0	0	0	0	4528	0	548	0	108	0	9016	0	134	1418	3878	0	174	0	248	0	1846	0	3062	0	0	0	8064	0	0	0	0	0	0	0	0	0	0	0	0	0	0	0	0	0	0	0	0	330	0	0	0	0	0	
41980	ParaHippocampal_L	276	0	0	0	0	0	0	0	0	0	0	0	0	0	0	0	0	0	0	0	218	0	0	0	0	0	0	0	316	0	0	0	0	0	1368	142	6520	134	0	0	1052	0	884	0	0	0	1966	0	0	0	0	0	0	0	3400	0	116	0	0	0	0	0	0	0	0	0	1786	90	0	0	0	0	232	0	0	0	574	122	0	0	0	0	552	0	0	0	122	0	1010	0	0	0	0	0	0	0	110	0	0	0	0	0	0	0	0	0	0	0	0	0	0	0	0	0	0	0	
122936	ParaHippocampal_R	0	406	0	0	0	0	0	0	0	0	0	0	0	0	0	0	0	0	0	138	0	0	0	0	0	0	0	0	0	1036	0	0	0	194	0	1124	0	19170	0	0	0	4146	0	1358	0	238	0	2226	0	0	0	0	0	2074	0	16124	0	82	0	0	0	0	0	0	0	0	0	2456	0	308	0	0	0	3310	0	0	0	692	0	0	0	0	0	904	0	1920	0	0	0	3452	0	0	0	0	0	0	0	110	0	0	0	0	0	0	0	0	0	0	0	0	0	0	0	0	0	0	
22968	Amygdala_L	330	0	0	0	0	0	0	0	0	0	0	0	0	0	0	0	0	0	0	0	350	0	0	0	0	0	0	0	1578	0	0	0	0	0	0	0	4200	0	1052	0	0	0	0	0	0	0	0	0	0	0	0	0	0	0	1378	0	0	0	0	0	0	0	0	0	0	0	0	0	0	0	0	0	614	0	0	0	384	0	0	0	0	0	616	0	0	0	396	0	586	0	0	0	0	0	0	0	0	0	0	0	0	0	0	0	0	0	0	0	0	0	0	0	0	0	0	0	
46816	Amygdala_R	0	0	0	0	0	0	0	0	0	0	0	0	0	0	0	94	0	0	0	0	0	212	0	0	0	0	0	0	0	778	0	0	0	0	0	0	0	8942	0	4146	0	0	0	0	0	0	0	0	0	0	0	0	0	0	0	5378	0	0	0	0	0	0	0	0	0	0	0	0	0	0	0	0	0	768	0	0	0	0	0	0	0	156	0	1796	0	256	0	0	0	882	0	0	0	0	0	0	0	0	0	0	0	0	0	0	0	0	0	0	0	0	0	0	0	0	0	0	
233152	Calcarine_L	0	0	0	0	0	0	0	0	0	0	0	0	0	0	0	0	0	0	0	0	0	0	0	0	0	0	0	0	0	0	0	0	536	0	4886	0	936	0	884	0	0	0	0	6366	17276	6374	14684	2724	16000	1156	21132	720	4072	406	614	268	136	0	684	0	144	0	0	0	0	0	15174	0	132	0	0	0	0	0	0	0	0	0	0	0	0	0	0	0	1018	134	0	0	0	0	0	120	0	0	0	0	0	0	0	0	0	0	0	0	0	0	0	0	0	0	0	0	0	0	0	0	
438704	Calcarine_R	336	218	0	0	0	0	0	0	0	0	0	0	0	0	0	0	0	0	0	708	0	0	0	0	0	0	0	0	0	88	0	0	0	3074	0	3266	0	1554	0	1358	0	0	6366	0	7124	35112	722	34330	242	26842	0	21926	0	19986	0	14826	0	1164	0	194	0	0	0	0	0	610	96	22738	316	2360	152	0	0	122	0	0	0	0	0	0	0	0	0	0	0	8866	0	0	0	1362	0	2430	0	0	0	0	0	146	0	514	0	0	0	0	0	0	0	0	0	0	122	82	0	0	0	0	
170648	Cuneus_L	0	0	0	0	0	0	0	0	0	0	0	0	0	0	0	0	0	0	0	0	0	0	0	0	0	0	0	0	0	0	0	0	564	0	2156	0	118	0	0	0	0	0	17276	7124	0	9772	2132	1704	17258	2494	8032	338	500	86	344	0	326	0	1080	0	224	0	0	0	0	0	12570	102	474	0	0	0	0	0	0	0	0	0	0	0	0	0	0	0	650	0	0	0	0	0	0	0	0	0	0	0	0	0	0	0	0	0	0	0	0	0	0	0	0	0	0	0	0	0	0	0	
383224	Cuneus_R	0	168	0	0	0	0	0	0	0	0	0	0	0	0	0	0	0	84	0	572	0	0	0	0	0	0	0	0	0	0	0	0	342	4022	178	4472	0	334	0	238	0	0	6374	35112	9772	0	476	8754	492	44986	0	18700	0	4756	0	3626	0	2890	0	1468	0	164	0	532	0	864	1984	28294	0	6176	92	0	0	0	0	0	0	0	0	0	0	226	0	0	0	3738	0	0	0	958	0	672	0	0	0	0	0	0	0	96	0	0	0	0	0	0	0	0	0	0	0	0	0	0	0	0	
212028	Lingual_L	0	0	0	0	0	0	0	0	0	0	0	0	0	0	0	0	0	0	0	0	0	0	0	0	0	0	0	0	0	0	0	0	0	0	3844	0	1184	0	1966	0	0	0	14684	722	2132	476	0	1532	7854	0	19404	0	8306	0	11184	512	0	0	1172	0	288	0	0	0	164	0	6536	0	0	0	0	0	0	0	0	0	0	0	0	0	0	0	0	0	1934	0	0	0	486	0	2750	140	530	0	0	0	5404	724	6890	1222	0	0	124	0	0	0	110	0	0	84	1742	1440	474	0	0	0	
308244	Lingual_R	96	138	0	0	0	0	0	0	0	0	0	0	0	0	0	0	0	0	0	138	0	0	0	0	0	0	0	0	0	0	0	0	0	444	0	2960	0	2886	0	2226	0	0	2724	34330	1704	8754	1532	0	0	10406	0	10330	0	16460	630	17326	0	358	0	0	0	0	0	0	0	416	0	10382	82	572	0	0	0	0	0	0	0	142	0	0	0	0	0	0	0	1686	0	0	0	1456	1008	1892	326	204	194	452	1098	3192	2208	5404	0	0	112	0	412	468	0	0	0	146	3340	4012	806	236	434	0	
262744	Occipital_Sup_L	278	0	0	0	0	0	0	0	0	0	0	0	0	0	0	0	356	0	0	0	0	0	0	0	0	0	0	0	0	0	0	0	530	0	518	0	516	0	0	0	0	0	16000	242	17258	492	7854	0	0	0	40654	0	4558	0	1826	0	2132	0	12366	0	5742	0	0	0	2316	0	13718	0	162	0	0	0	0	0	0	0	0	0	452	0	526	0	0	0	2492	0	0	0	384	0	0	0	0	0	0	0	0	0	0	0	0	0	0	0	0	0	0	0	0	0	0	0	0	0	0	0	
358476	Occipital_Sup_R	0	220	0	0	0	0	0	0	0	0	0	0	0	0	0	0	0	126	0	216	0	0	0	0	0	0	0	0	0	0	0	0	120	1446	0	938	0	0	0	0	0	0	1156	26842	2494	44986	0	10406	0	0	0	27156	0	7824	0	3798	0	4090	0	6374	0	620	0	654	0	2798	1156	22472	0	7920	0	0	0	0	0	0	0	0	0	0	0	198	0	0	0	4176	0	0	0	496	0	430	0	0	0	0	0	0	0	126	0	0	0	0	0	0	0	0	0	0	0	0	0	0	0	0	
454500	Occipital_Mid_L	2166	114	0	0	0	0	0	0	0	0	0	0	0	0	0	0	750	0	0	0	0	0	0	0	0	0	0	0	530	0	0	0	278	0	1632	0	2892	0	0	0	0	0	21132	0	8032	0	19404	0	40654	0	0	0	23466	0	11504	0	4696	0	15524	0	16584	0	0	0	17346	0	13420	0	816	0	0	154	200	0	0	0	0	0	1124	0	1382	0	0	0	20264	0	0	0	2820	0	280	0	0	0	0	0	0	0	86	0	0	0	0	0	0	0	0	0	0	0	0	0	0	0	0	0	
315256	Occipital_Mid_R	0	192	0	0	0	0	0	0	0	0	0	0	0	0	0	0	0	250	0	222	0	0	0	0	0	0	0	0	0	0	0	0	332	2078	0	616	0	0	0	0	0	0	720	21926	338	18700	0	10330	0	27156	0	0	0	12888	0	5122	0	1868	0	862	0	1928	0	722	0	13906	216	11528	0	4042	122	0	0	0	0	0	0	0	0	0	0	286	0	0	0	20090	0	0	0	564	0	524	0	0	0	0	0	0	0	100	0	0	0	0	0	0	0	0	0	0	0	0	0	0	0	0	
115512	Occipital_Inf_L	126	0	0	0	0	0	0	0	0	0	0	0	0	0	0	0	0	0	0	0	0	0	0	0	0	0	0	0	0	0	0	0	0	0	0	0	246	0	0	0	0	0	4072	0	500	0	8306	0	4558	0	23466	0	0	0	9046	0	0	0	602	0	382	0	0	0	772	0	548	0	0	0	0	0	0	0	0	0	0	0	90	0	0	0	0	0	1990	0	0	0	2302	0	370	0	0	0	0	0	180	0	200	0	0	0	0	0	0	0	0	0	0	0	0	0	0	0	0	0	
274036	Occipital_Inf_R	0	652	0	0	0	0	0	0	0	0	0	0	0	0	0	0	0	0	0	494	0	0	0	0	0	0	0	0	0	304	0	0	0	726	0	2342	0	3500	0	2074	0	0	406	19986	86	4756	0	16460	0	7824	0	12888	0	0	0	27314	0	1788	0	0	0	0	0	192	0	504	0	7310	0	2200	0	0	0	378	0	0	0	0	0	124	0	416	0	0	0	9232	0	0	0	7944	114	4900	0	0	0	0	0	270	124	1084	0	0	0	0	0	0	0	0	0	0	222	304	100	0	0	0	
304868	Fusiform_L	986	146	0	0	0	0	0	0	0	0	0	0	0	0	0	0	90	0	0	0	104	0	0	0	0	0	0	0	2674	0	0	0	82	0	380	0	15388	0	3400	0	1378	0	614	0	344	0	11184	630	1826	0	11504	0	9046	0	0	298	408	0	916	0	386	0	210	0	770	0	1530	0	116	0	0	154	1322	0	0	0	250	0	1850	0	2526	0	1362	0	6744	0	1314	0	20602	0	14422	156	1168	0	104	0	10490	82	20698	974	100	0	198	0	0	0	0	0	0	0	1046	2112	350	0	0	0	
434812	Fusiform_R	0	912	0	0	0	0	0	0	0	0	0	0	0	0	0	0	0	0	0	534	0	0	0	0	0	0	0	0	0	2438	0	0	0	792	0	2852	0	26760	0	16124	0	5378	268	14826	0	3626	512	17326	0	3798	0	5122	0	27314	298	0	0	1430	0	0	0	0	0	114	0	114	0	7422	0	2000	0	0	0	5868	0	0	0	480	0	188	0	548	0	2458	0	8082	0	780	0	15846	1042	10586	448	298	0	414	202	8136	1620	14124	0	0	184	0	84	0	0	0	0	536	2934	2186	402	0	0	0	
336432	Postcentral_L	28446	2164	3760	3880	0	0	1176	1192	0	0	2976	0	106	0	0	0	17200	0	2752	3094	0	0	0	0	0	0	0	0	7640	0	0	0	870	0	360	0	1044	0	116	0	0	0	136	0	326	0	0	0	2132	0	4696	0	0	0	408	0	0	140	8956	0	27672	0	18190	0	1924	0	1988	0	5448	0	202	898	186	0	0	0	502	0	7446	0	8602	0	0	0	1310	0	0	0	278	0	0	0	0	0	0	0	0	0	0	0	0	0	0	0	0	0	0	0	0	0	0	0	0	0	0	0	
223856	Postcentral_R	318	13596	0	108	0	0	0	158	0	0	0	4014	0	0	0	0	0	4510	0	3824	0	0	0	0	0	0	0	0	124	1188	0	0	108	5538	0	1208	0	150	0	82	0	0	0	1164	0	2890	0	358	0	4090	0	1868	0	1788	0	1430	140	0	0	4198	0	9912	0	17068	0	812	0	8708	298	17634	0	146	0	148	0	0	0	0	0	128	0	1352	0	0	0	1420	0	0	0	1114	0	336	0	0	0	0	0	0	0	0	0	0	0	0	0	0	0	0	0	0	0	0	0	0	0	0	
145920	Parietal_Sup_L	482	0	0	0	0	0	0	0	0	0	0	0	0	0	0	0	458	0	0	0	0	0	0	0	0	0	0	0	182	0	0	0	260	0	704	0	326	0	0	0	0	0	684	0	1080	0	1172	0	12366	0	15524	0	602	0	916	0	8956	0	0	0	11892	0	0	0	2578	0	10568	0	878	0	0	0	0	0	0	0	0	0	558	0	678	0	0	0	1852	0	0	0	244	0	0	0	0	0	0	0	0	0	0	0	0	0	0	0	0	0	0	0	0	0	0	0	0	0	0	0	
89348	Parietal_Sup_R	0	336	0	0	0	0	0	0	0	0	0	94	0	0	0	0	0	456	0	0	0	0	0	0	0	0	0	0	0	0	0	0	0	0	0	94	0	0	0	0	0	0	0	194	0	1468	0	0	0	6374	0	862	0	0	0	0	0	4198	0	0	0	9460	0	6472	0	1596	432	8148	0	4386	0	0	0	0	0	0	0	0	0	0	0	0	0	0	0	104	0	0	0	0	0	0	0	0	0	0	0	0	0	0	0	0	0	0	0	0	0	0	0	0	0	0	0	0	0	0	
210876	Parietal_Inf_L	3606	0	0	0	0	0	0	0	0	0	0	0	0	0	0	0	860	0	0	0	0	0	0	0	0	0	0	0	198	0	0	0	82	0	132	0	222	0	0	0	0	0	144	0	224	0	288	0	5742	0	16584	0	382	0	386	0	27672	0	11892	0	0	0	17100	0	14046	0	738	0	506	0	0	0	0	0	0	0	0	0	972	0	1236	0	0	0	2226	0	0	0	200	0	0	0	0	0	0	0	0	0	0	0	0	0	0	0	0	0	0	0	0	0	0	0	0	0	0	0	
101996	Parietal_Inf_R	0	3184	0	0	0	0	0	0	0	0	0	822	0	0	0	0	0	690	0	156	0	0	0	0	0	0	0	0	0	0	0	0	0	206	0	142	0	0	0	0	0	0	0	0	0	164	0	0	0	620	0	1928	0	0	0	0	0	9912	0	9460	0	0	0	16306	0	6724	0	226	0	354	0	0	0	0	0	0	0	0	0	0	0	0	0	0	0	104	0	0	0	0	0	0	0	0	0	0	0	0	0	0	0	0	0	0	0	0	0	0	0	0	0	0	0	0	0	0	
129580	SupraMarginal_L	3234	0	0	0	0	0	0	0	0	0	0	0	0	0	0	0	3656	0	0	0	0	0	0	0	0	0	0	0	1082	0	0	0	0	0	0	0	842	0	0	0	0	0	0	0	0	0	0	0	0	0	0	0	0	0	210	0	18190	0	0	0	17100	0	0	0	4768	0	0	0	0	0	0	0	0	0	0	0	0	0	3234	0	9078	0	0	0	3396	0	0	0	0	0	0	0	0	0	0	0	0	0	0	0	0	0	0	0	0	0	0	0	0	0	0	0	0	0	0	0	
147100	SupraMarginal_R	0	3888	0	0	0	0	0	0	0	0	0	1100	0	0	0	0	0	3350	0	898	0	0	0	0	0	0	0	0	0	370	0	0	0	1018	0	312	0	0	0	0	0	0	0	0	0	532	0	0	0	654	0	722	0	192	0	114	0	17068	0	6472	0	16306	0	0	0	7136	0	634	0	1170	0	0	0	188	0	0	0	0	0	90	0	5250	0	0	0	4970	0	0	0	1116	0	0	0	0	0	0	0	0	0	0	0	0	0	0	0	0	0	0	0	0	0	0	0	0	0	0	
135460	Angular_L	194	0	0	0	0	0	0	0	0	0	0	0	0	0	0	0	636	0	0	0	0	0	0	0	0	0	0	0	796	0	0	0	106	0	0	0	1672	0	0	0	0	0	0	0	0	0	164	0	2316	0	17346	0	772	0	770	0	1924	0	2578	0	14046	0	4768	0	0	0	374	0	358	0	0	0	0	0	0	0	0	0	2332	0	4850	0	0	0	11074	0	0	0	654	0	0	0	0	0	0	0	0	0	0	0	0	0	0	0	0	0	0	0	0	0	0	0	0	0	0	0	
110040	Angular_R	0	166	0	0	0	0	0	0	0	0	0	0	0	0	0	0	0	1088	0	662	0	0	0	0	0	0	0	0	0	174	0	0	0	678	0	272	0	0	0	0	0	0	0	610	0	864	0	416	0	2798	0	13906	0	504	0	114	0	812	0	1596	0	6724	0	7136	0	0	0	776	0	940	0	0	0	0	0	0	0	0	0	0	0	4560	0	0	0	9490	0	0	0	734	0	0	0	0	0	0	0	0	0	0	0	0	0	0	0	0	0	0	0	0	0	0	0	0	0	0	
213688	Precuneus_L	252	0	0	0	0	0	0	0	0	0	0	0	0	0	0	0	0	0	0	0	0	0	0	0	0	0	0	0	206	0	0	0	2914	786	8136	458	1638	0	1786	0	0	0	15174	96	12570	1984	6536	0	13718	1156	13420	216	548	0	1530	0	1988	0	10568	432	738	0	0	0	374	0	0	3466	2710	618	0	0	0	0	0	0	0	0	94	0	108	0	0	0	2480	0	0	0	144	0	0	0	0	0	0	0	0	0	0	0	0	0	0	0	0	0	0	0	0	0	0	0	0	0	0	0	
403872	Precuneus_R	702	536	0	0	0	0	0	0	0	0	0	0	0	0	0	0	0	86	0	1920	0	0	0	0	0	0	0	0	0	0	0	0	626	10290	580	16408	292	4528	90	2456	0	0	0	22738	102	28294	0	10382	0	22472	0	11528	0	7310	0	7422	0	8708	0	8148	0	226	0	634	0	776	3466	0	764	18270	300	0	0	0	0	0	360	428	0	0	0	306	0	0	0	5174	0	0	0	4044	0	1230	0	0	0	0	0	0	0	0	0	0	0	0	0	0	0	0	0	0	340	0	0	0	0	0	
127480	Paracentral_Lobule_L	12924	2562	834	1350	0	0	218	210	0	0	0	0	98	0	0	0	122	0	2066	8996	0	0	0	0	0	0	0	0	186	0	0	0	4460	6918	2206	178	154	0	0	0	0	0	132	316	474	0	0	82	162	0	816	0	0	0	116	0	5448	298	878	0	506	0	0	0	358	0	2710	764	0	4570	578	554	486	0	178	0	304	296	0	0	118	0	0	0	114	0	0	0	0	0	0	0	0	0	0	0	0	0	0	0	0	0	0	0	0	0	0	0	0	0	0	0	0	0	0	0	
278140	Paracentral_Lobule_R	3118	7612	0	258	0	0	0	0	0	0	0	124	0	0	0	0	0	290	1044	18786	0	0	0	0	0	0	0	0	0	776	0	0	906	20480	250	4442	0	548	0	308	0	0	0	2360	0	6176	0	572	0	7920	0	4042	0	2200	0	2000	0	17634	0	4386	0	354	0	1170	0	940	618	18270	4570	0	642	100	0	0	0	0	134	94	0	294	0	862	0	0	0	2514	0	0	0	1944	0	332	0	0	0	0	0	0	0	0	0	0	0	0	0	0	0	0	0	0	0	0	0	0	0	0	
234368	Caudate_L	5836	6962	5464	5624	140	88	3944	7532	0	0	2072	2214	4856	912	3650	968	550	348	4632	3170	5816	6368	262	0	0	350	2896	1950	3228	2172	5528	3928	134	1228	0	0	0	0	0	0	0	0	0	152	0	92	0	0	0	0	0	122	0	0	0	0	202	0	0	0	0	0	0	0	0	0	0	300	578	642	0	5684	9984	298	1330	0	4474	178	0	0	0	0	326	0	0	0	0	0	0	0	0	0	0	0	0	0	0	0	0	0	0	0	0	0	0	0	0	0	0	0	0	0	0	0	0	0	
282644	Caudate_R	2354	12568	1188	13630	0	1178	0	998	0	142	82	1776	268	1610	262	5888	0	138	2572	21754	1922	4196	0	3120	88	1478	576	2198	636	3250	2284	12710	0	196	0	0	86	108	0	0	0	0	0	0	0	0	0	0	0	0	154	0	0	0	154	0	898	146	0	0	0	0	0	0	0	0	0	0	554	100	5684	0	160	14502	0	812	158	18098	196	0	238	0	0	0	212	0	0	0	0	0	0	0	0	0	0	0	0	0	0	0	0	0	0	0	0	0	0	0	0	0	0	0	0	0	0	0	
287820	Putamen_L	6308	2858	22354	4544	5194	0	2844	3028	1884	0	952	374	6114	0	9316	0	724	0	12826	2952	488	0	1408	0	1942	0	612	0	20804	362	6030	0	212	0	0	0	5900	0	232	0	614	0	0	0	0	0	0	0	0	0	200	0	0	0	1322	0	186	0	0	0	0	0	0	0	0	0	0	0	486	0	9984	160	0	0	5352	0	1562	0	126	0	1360	0	676	0	274	0	0	0	1346	0	0	0	0	0	0	0	0	0	0	0	0	0	0	0	0	0	0	0	0	0	0	0	0	0	0	0	
294212	Putamen_R	0	212	314	16540	0	1150	108	4282	0	560	0	1872	82	948	0	7248	176	2468	4624	15598	0	1418	88	3894	0	1718	0	2062	166	20252	1902	14574	0	4516	0	0	0	9016	0	3310	0	768	0	122	0	0	0	0	0	0	0	0	0	378	0	5868	0	148	0	0	0	0	0	188	0	0	0	0	0	0	298	14502	0	0	0	1456	0	1056	0	196	0	562	0	208	0	344	0	0	0	1914	0	0	0	0	0	0	0	0	0	0	0	0	0	0	0	0	0	0	0	0	0	0	0	0	0	0	
37408	Pallidum_L	812	400	2666	1010	0	0	692	496	0	0	0	0	0	0	0	0	0	0	1348	660	0	0	0	0	0	0	0	0	0	0	0	0	0	0	0	0	1768	0	0	0	0	0	0	0	0	0	0	0	0	0	0	0	0	0	0	0	0	0	0	0	0	0	0	0	0	0	0	0	178	0	1330	0	5352	0	0	0	1992	0	0	0	0	0	0	0	0	0	0	0	0	0	0	0	0	0	0	0	0	0	0	0	0	0	0	0	0	0	0	0	0	0	0	0	0	0	0	0	
10908	Pallidum_R	0	0	0	1490	0	0	0	530	0	0	0	0	0	0	0	0	0	0	0	1032	0	0	0	0	0	0	0	0	0	0	0	0	0	0	0	0	0	134	0	0	0	0	0	0	0	0	0	0	0	0	0	0	0	0	0	0	0	0	0	0	0	0	0	0	0	0	0	0	0	0	0	812	0	1456	0	0	0	0	0	0	0	0	0	0	0	0	0	0	0	0	0	0	0	0	0	0	0	0	0	0	0	0	0	0	0	0	0	0	0	0	0	0	0	0	0	0	
90932	Thalamus_L	16704	888	120	1790	0	0	312	698	0	0	0	0	0	0	0	0	0	0	688	1914	0	0	0	0	0	0	0	0	432	0	0	0	0	386	1178	1854	3734	1418	574	0	384	0	0	0	0	0	0	0	0	0	0	0	0	0	250	0	502	0	0	0	0	0	0	0	0	0	0	360	304	134	4474	158	1562	0	1992	0	0	2472	0	0	0	0	0	0	0	0	0	0	184	0	0	0	0	0	0	0	0	0	0	0	0	0	0	0	0	0	0	0	0	0	0	0	0	0	0	0	
156260	Thalamus_R	1282	18492	0	8598	0	0	0	2516	0	0	0	0	0	0	0	0	0	0	0	15972	0	0	0	0	0	0	0	0	0	412	0	0	0	0	612	1720	418	3878	122	692	0	0	0	0	0	0	0	142	0	0	0	0	0	0	0	480	0	0	0	0	0	0	0	0	0	0	0	428	296	94	178	18098	0	1056	0	0	2472	0	0	0	0	0	0	0	0	0	0	0	0	172	0	0	0	0	0	0	0	0	0	0	0	0	0	0	0	0	0	0	0	0	0	0	0	0	0	0	
140248	Heschl_L	5422	302	798	214	0	0	734	92	0	0	808	0	412	0	0	0	7066	0	210	154	0	0	0	0	0	0	0	0	9782	0	0	0	0	0	84	0	1984	0	0	0	0	0	0	0	0	0	0	0	452	0	1124	0	90	0	1850	0	7446	0	558	0	972	0	3234	0	2332	0	94	0	0	0	0	196	126	0	0	0	0	0	0	0	12990	0	0	0	7430	0	0	0	3168	0	0	0	0	0	0	0	0	0	0	0	0	0	0	0	0	0	0	0	0	0	0	0	0	0	0	0	
24828	Heschl_R	0	598	0	0	0	0	0	0	0	0	0	468	0	0	0	0	0	2210	0	212	0	0	0	0	0	0	0	0	0	1174	0	0	0	152	0	0	0	174	0	0	0	0	0	0	0	0	0	0	0	0	0	0	0	124	0	188	0	128	0	0	0	0	0	90	0	0	0	0	0	294	0	0	0	196	0	0	0	0	0	0	0	4290	0	0	0	1504	0	0	0	612	0	0	0	0	0	0	0	0	0	0	0	0	0	0	0	0	0	0	0	0	0	0	0	0	0	0	
226984	Temporal_Sup_L	5226	456	1644	188	0	0	0	92	0	0	552	0	0	0	0	0	8808	0	988	112	0	0	0	0	0	0	0	0	8196	0	0	0	0	0	0	0	3034	0	0	0	0	0	0	0	0	0	0	0	526	0	1382	0	0	0	2526	0	8602	0	678	0	1236	0	9078	0	4850	0	108	0	118	0	0	238	1360	0	0	0	0	0	12990	0	0	0	3158	0	24230	0	1480	0	11636	0	0	0	0	0	0	0	0	0	0	0	0	0	0	0	0	0	0	0	0	0	0	0	0	0	0	0	
100404	Temporal_Sup_R	0	356	0	0	0	0	0	0	0	0	0	114	0	0	0	0	0	3232	0	558	0	0	0	0	0	0	0	0	0	4504	0	0	0	426	0	0	0	248	0	0	0	156	0	0	0	226	0	0	0	198	0	286	0	416	0	548	0	1352	0	0	0	0	0	5250	0	4560	0	306	0	862	0	0	0	562	0	0	0	0	0	4290	0	0	0	2440	0	16084	0	548	0	2680	0	0	0	0	0	0	0	0	0	0	0	0	0	0	0	0	0	0	0	0	0	0	0	0	0	0	
104204	Temporal_Pole_Sup_L	182	0	3150	172	0	0	1126	108	166	0	6628	270	490	104	1354	0	6766	0	1266	172	110	0	436	0	0	0	0	0	8546	220	668	0	268	0	0	0	998	0	552	0	616	0	0	0	0	0	0	0	0	0	0	0	0	0	1362	0	0	0	0	0	0	0	0	0	0	0	0	0	0	0	326	0	676	0	0	0	0	0	0	0	3158	0	0	0	3896	0	5106	0	3210	0	0	0	0	0	0	0	0	0	0	0	0	0	0	0	0	0	0	0	0	0	0	0	0	0	0	0	
36584	Temporal_Pole_Sup_R	0	0	0	0	0	0	0	0	0	0	0	0	0	0	0	0	0	0	0	0	0	0	0	0	0	0	0	0	0	964	0	0	0	0	0	0	0	1846	0	904	0	1796	0	0	0	0	0	0	0	0	0	0	0	0	0	2458	0	0	0	0	0	0	0	0	0	0	0	0	0	0	0	0	0	208	0	0	0	0	0	0	0	2440	0	0	0	2468	0	2520	0	2688	0	0	0	0	0	0	0	0	0	0	0	0	0	0	0	0	0	0	0	0	0	0	0	0	0	0	
281916	Temporal_Mid_L	1418	310	0	0	0	0	0	0	0	0	0	0	0	0	0	0	1206	0	0	0	0	0	0	0	0	0	0	0	3702	0	0	0	0	0	646	0	7652	0	0	0	0	0	1018	0	650	0	1934	0	2492	0	20264	0	1990	0	6744	0	1310	0	1852	0	2226	0	3396	0	11074	0	2480	0	114	0	0	212	274	0	0	0	0	0	7430	0	24230	0	3896	0	0	0	4584	0	27854	0	0	0	0	0	0	0	0	0	0	0	0	0	0	0	0	0	0	0	0	0	0	0	0	0	0	0	
271068	Temporal_Mid_R	0	792	0	0	0	0	0	0	0	0	0	0	0	0	0	0	0	92	0	1068	0	0	0	0	0	0	0	0	0	3000	0	0	0	1262	0	1420	0	3062	0	1920	0	256	134	8866	0	3738	0	1686	0	4176	0	20090	0	9232	0	8082	0	1420	0	104	0	104	0	4970	0	9490	0	5174	0	2514	0	0	0	344	0	0	0	0	0	1504	0	16084	0	2468	0	0	0	1652	0	19912	0	918	0	0	0	0	0	0	0	0	0	0	0	0	0	0	0	0	0	0	0	0	0	0	0	0	
35288	Temporal_Pole_Mid_L	0	0	0	0	0	0	0	0	0	0	0	0	0	0	0	0	0	0	0	0	0	0	0	0	0	0	0	0	0	0	0	0	0	0	0	0	390	0	122	0	396	0	0	0	0	0	0	0	0	0	0	0	0	0	1314	0	0	0	0	0	0	0	0	0	0	0	0	0	0	0	0	0	0	0	0	0	0	0	0	0	1480	0	5106	0	4584	0	0	0	4252	0	0	0	0	0	0	0	0	0	0	0	0	0	0	0	0	0	0	0	0	0	0	0	0	0	0	0	
14896	Temporal_Pole_Mid_R	0	0	0	0	0	0	0	0	0	0	0	0	0	0	0	0	0	0	0	0	0	0	0	0	0	0	0	0	0	0	0	0	0	0	0	0	0	0	0	0	0	0	0	0	0	0	0	0	0	0	0	0	0	0	0	780	0	0	0	0	0	0	0	0	0	0	0	0	0	0	0	0	0	0	0	0	0	0	0	0	0	548	0	2520	0	1652	0	0	0	1948	0	0	0	0	0	0	0	0	0	0	0	0	0	0	0	0	0	0	0	0	0	0	0	0	0	0	
198440	Temporal_Inf_L	468	110	0	0	0	0	0	0	0	0	0	0	0	0	0	0	384	0	0	0	0	0	0	0	0	0	0	0	2986	0	0	0	0	0	0	0	13638	0	1010	0	586	0	0	0	0	0	486	0	384	0	2820	0	2302	0	20602	0	278	0	244	0	200	0	0	0	654	0	144	0	0	0	0	0	1346	0	0	0	184	0	3168	0	11636	0	3210	0	27854	0	4252	0	0	0	274	0	0	0	0	0	0	0	0	0	0	0	0	0	0	0	0	0	0	0	0	0	0	0	0	0	
176812	Temporal_Inf_R	0	1198	0	0	0	0	0	0	0	0	0	0	0	0	0	0	0	0	0	982	0	0	0	0	0	0	0	0	0	2450	0	0	0	892	0	2482	0	8064	0	3452	0	882	0	1362	0	958	0	1456	0	496	0	564	0	7944	0	15846	0	1114	0	0	0	0	0	1116	0	734	0	4044	0	1944	0	0	0	1914	0	0	0	172	0	612	0	2680	0	2688	0	19912	0	1948	0	0	0	500	0	0	0	0	0	0	0	0	0	0	0	0	0	0	0	0	0	0	0	0	0	0	0	0	
330536	Cerebelum_Crus1_L	0	0	0	0	0	0	0	0	0	0	0	0	0	0	0	0	0	0	0	0	0	0	0	0	0	0	0	0	0	0	0	0	0	0	0	0	0	0	0	0	0	0	0	0	0	0	2750	1008	0	0	280	0	370	114	14422	1042	0	0	0	0	0	0	0	0	0	0	0	0	0	0	0	0	0	0	0	0	0	0	0	0	0	0	0	0	0	0	0	0	274	0	0	2774	23702	2820	0	0	16718	274	49012	3864	10402	1248	15656	1206	2898	376	1242	0	0	0	1232	5642	4568	812	562	0	
297404	Cerebelum_Crus1_R	0	0	0	0	0	0	0	0	0	0	0	0	0	0	0	0	0	0	0	0	0	0	0	0	0	0	0	0	0	0	0	0	0	102	0	236	0	0	0	0	0	0	120	2430	0	672	140	1892	0	430	0	524	0	4900	156	10586	0	336	0	0	0	0	0	0	0	0	0	1230	0	332	0	0	0	0	0	0	0	0	0	0	0	0	0	0	0	918	0	0	0	500	2774	0	1458	21198	0	976	368	14112	2342	41340	736	3854	772	14214	120	2978	0	228	0	2538	2130	3650	5224	1288	898	0	
234840	Cerebelum_Crus2_L	0	0	0	0	0	0	0	0	0	0	0	0	0	0	0	0	0	0	0	0	0	0	0	0	0	0	0	0	0	0	0	0	0	0	0	0	0	0	0	0	0	0	0	0	0	0	530	326	0	0	0	0	0	0	1168	448	0	0	0	0	0	0	0	0	0	0	0	0	0	0	0	0	0	0	0	0	0	0	0	0	0	0	0	0	0	0	0	0	0	0	23702	1458	0	6382	0	0	804	0	6428	1144	28062	4612	24726	4316	2096	98	270	0	0	0	114	1544	6850	2196	146	0	
213296	Cerebelum_Crus2_R	0	0	0	0	0	0	0	0	0	0	0	0	0	0	0	0	0	0	0	0	0	0	0	0	0	0	0	0	0	0	0	0	0	0	0	0	0	0	0	0	0	0	0	0	0	0	0	204	0	0	0	0	0	0	0	298	0	0	0	0	0	0	0	0	0	0	0	0	0	0	0	0	0	0	0	0	0	0	0	0	0	0	0	0	0	0	0	0	0	0	2820	21198	6382	0	0	174	0	586	836	5120	4946	18376	2692	28144	132	2088	0	0	0	0	0	1000	8244	2348	1060	0	
25692	Cerebelum_3_L	0	0	0	0	0	0	0	0	0	0	0	0	0	0	0	0	0	0	0	0	0	0	0	0	0	0	0	0	0	0	0	0	0	0	0	0	0	0	0	0	0	0	0	0	0	0	0	194	0	0	0	0	0	0	104	0	0	0	0	0	0	0	0	0	0	0	0	0	0	0	0	0	0	0	0	0	0	0	0	0	0	0	0	0	0	0	0	0	0	0	0	0	0	0	0	144	5486	198	790	0	0	0	0	0	272	356	0	0	948	1100	1752	718	0	0	302	482	
38284	Cerebelum_3_R	0	0	0	0	0	0	0	0	0	0	0	0	0	0	0	0	0	0	0	0	0	0	0	0	0	0	0	0	0	0	0	0	0	0	0	0	0	0	0	0	0	0	0	0	0	0	0	452	0	0	0	0	0	0	0	414	0	0	0	0	0	0	0	0	0	0	0	0	0	0	0	0	0	0	0	0	0	0	0	0	0	0	0	0	0	0	0	0	0	0	0	976	0	174	144	0	954	4698	0	3578	0	0	0	0	382	948	0	0	436	2592	1454	958	0	228	450	304	
217204	Cerebelum_4_5_L	0	0	0	0	0	0	0	0	0	0	0	0	0	0	0	0	0	0	0	0	0	0	0	0	0	0	0	0	0	0	0	0	0	0	0	0	0	0	110	0	0	0	0	0	0	0	5404	1098	0	0	0	0	180	0	10490	202	0	0	0	0	0	0	0	0	0	0	0	0	0	0	0	0	0	0	0	0	0	0	0	0	0	0	0	0	0	0	0	0	0	0	16718	368	804	0	5486	954	0	3692	31968	1640	564	0	1438	0	4228	1472	1032	0	768	1390	11590	4106	0	176	1038	1686	
181540	Cerebelum_4_5_R	0	0	0	0	0	0	0	0	0	0	0	0	0	0	0	0	0	0	0	0	0	0	0	0	0	0	0	0	0	0	0	0	0	0	0	0	0	0	0	110	0	0	0	146	0	0	724	3192	0	0	0	0	0	270	82	8136	0	0	0	0	0	0	0	0	0	0	0	0	0	0	0	0	0	0	0	0	0	0	0	0	0	0	0	0	0	0	0	0	0	0	274	14112	0	586	198	4698	3692	0	1486	27200	0	0	132	194	1384	1482	174	122	200	5390	12086	2932	0	414	836	518	
350416	Cerebelum_6_L	0	0	0	0	0	0	0	0	0	0	0	0	0	0	0	0	0	0	0	0	0	0	0	0	0	0	0	0	0	0	0	0	0	0	0	0	0	0	0	0	0	0	0	0	0	0	6890	2208	0	0	86	0	200	124	20698	1620	0	0	0	0	0	0	0	0	0	0	0	0	0	0	0	0	0	0	0	0	0	0	0	0	0	0	0	0	0	0	0	0	0	0	49012	2342	6428	836	790	0	31968	1486	0	6100	4164	0	7500	118	6740	1084	2732	134	0	118	5442	11614	2710	990	1074	0	
304960	Cerebelum_6_R	0	0	0	0	0	0	0	0	0	0	0	0	0	0	0	0	0	0	0	0	0	0	0	0	0	0	0	0	0	0	0	0	0	0	0	0	0	0	0	0	0	0	0	514	0	96	1222	5404	0	126	0	100	0	1084	974	14124	0	0	0	0	0	0	0	0	0	0	0	0	0	0	0	0	0	0	0	0	0	0	0	0	0	0	0	0	0	0	0	0	0	0	3864	41340	1144	5120	0	3578	1640	27200	6100	0	118	576	478	5080	936	3350	286	656	90	4268	8842	8472	2890	1336	1472	0	
199536	Cerebelum_7b_L	0	0	0	0	0	0	0	0	0	0	0	0	0	0	0	0	0	0	0	0	0	0	0	0	0	0	0	0	0	0	0	0	0	0	0	0	0	0	0	0	0	0	0	0	0	0	0	0	0	0	0	0	0	0	100	0	0	0	0	0	0	0	0	0	0	0	0	0	0	0	0	0	0	0	0	0	0	0	0	0	0	0	0	0	0	0	0	0	0	0	10402	736	28062	4946	0	0	564	0	4164	118	0	3944	30050	4316	2478	0	546	0	0	0	88	214	5854	3084	102	0	
119028	Cerebelum_7b_R	0	0	0	0	0	0	0	0	0	0	0	0	0	0	0	0	0	0	0	0	0	0	0	0	0	0	0	0	0	0	0	0	0	0	0	0	0	0	0	0	0	0	0	0	0	0	0	0	0	0	0	0	0	0	0	0	0	0	0	0	0	0	0	0	0	0	0	0	0	0	0	0	0	0	0	0	0	0	0	0	0	0	0	0	0	0	0	0	0	0	1248	3854	4612	18376	0	0	0	0	0	576	3944	0	1624	19170	0	726	0	0	0	0	0	0	3848	1354	182	0	
231584	Cerebelum_8_L	0	0	0	0	0	0	0	0	0	0	0	0	0	0	0	0	0	0	0	0	0	0	0	0	0	0	0	0	0	0	0	0	0	0	0	0	0	0	0	0	0	0	0	0	0	0	124	112	0	0	0	0	0	0	198	184	0	0	0	0	0	0	0	0	0	0	0	0	0	0	0	0	0	0	0	0	0	0	0	0	0	0	0	0	0	0	0	0	0	0	15656	772	24726	2692	0	0	1438	132	7500	478	30050	1624	0	3670	12992	258	1512	0	0	0	482	994	4718	4838	642	0	
198420	Cerebelum_8_R	0	0	0	0	0	0	0	0	0	0	0	0	0	0	0	0	0	0	0	0	0	0	0	0	0	0	0	0	0	0	0	0	0	0	0	0	0	0	0	0	0	0	0	0	0	0	0	0	0	0	0	0	0	0	0	0	0	0	0	0	0	0	0	0	0	0	0	0	0	0	0	0	0	0	0	0	0	0	0	0	0	0	0	0	0	0	0	0	0	0	1206	14214	4316	28144	0	0	0	194	118	5080	4316	19170	3670	0	118	7936	0	0	0	0	0	206	5494	4312	716	0	
109408	Cerebelum_9_L	0	0	0	0	0	0	0	0	0	0	0	0	0	0	0	0	0	0	0	0	0	0	0	0	0	0	0	0	0	0	0	0	0	0	0	0	0	0	0	0	0	0	0	0	0	0	0	412	0	0	0	0	0	0	0	84	0	0	0	0	0	0	0	0	0	0	0	0	0	0	0	0	0	0	0	0	0	0	0	0	0	0	0	0	0	0	0	0	0	0	2898	120	2096	132	272	382	4228	1384	6740	936	2478	0	12992	118	0	1560	3026	148	84	400	3616	5480	1088	1370	1794	866	
91856	Cerebelum_9_R	0	0	0	0	0	0	0	0	0	0	0	0	0	0	0	0	0	0	0	0	0	0	0	0	0	0	0	0	0	0	0	0	0	0	0	0	0	0	0	0	0	0	0	0	0	0	0	468	0	0	0	0	0	0	0	0	0	0	0	0	0	0	0	0	0	0	0	0	0	0	0	0	0	0	0	0	0	0	0	0	0	0	0	0	0	0	0	0	0	0	376	2978	98	2088	356	948	1472	1482	1084	3350	0	726	258	7936	1560	0	152	1194	188	802	2802	4622	2132	3270	4210	1376	
25160	Cerebelum_10_L	0	0	0	0	0	0	0	0	0	0	0	0	0	0	0	0	0	0	0	0	0	0	0	0	0	0	0	0	0	0	0	0	0	0	0	0	0	0	0	0	0	0	0	0	0	0	110	0	0	0	0	0	0	0	0	0	0	0	0	0	0	0	0	0	0	0	0	0	0	0	0	0	0	0	0	0	0	0	0	0	0	0	0	0	0	0	0	0	0	0	1242	0	270	0	0	0	1032	174	2732	286	546	0	1512	0	3026	152	0	0	0	0	372	982	0	0	144	0	
7092	Cerebelum_10_R	0	0	0	0	0	0	0	0	0	0	0	0	0	0	0	0	0	0	0	0	0	0	0	0	0	0	0	0	0	0	0	0	0	0	0	0	0	0	0	0	0	0	0	0	0	0	0	0	0	0	0	0	0	0	0	0	0	0	0	0	0	0	0	0	0	0	0	0	0	0	0	0	0	0	0	0	0	0	0	0	0	0	0	0	0	0	0	0	0	0	0	228	0	0	0	0	0	122	134	656	0	0	0	0	148	1194	0	0	0	0	130	342	114	186	292	0	
17644	Vermis_1_2	0	0	0	0	0	0	0	0	0	0	0	0	0	0	0	0	0	0	0	0	0	0	0	0	0	0	0	0	0	0	0	0	0	0	0	0	0	0	0	0	0	0	0	0	0	0	0	0	0	0	0	0	0	0	0	0	0	0	0	0	0	0	0	0	0	0	0	0	0	0	0	0	0	0	0	0	0	0	0	0	0	0	0	0	0	0	0	0	0	0	0	0	0	0	948	436	768	200	0	90	0	0	0	0	84	188	0	0	0	4042	1346	362	0	0	220	138	
57104	Vermis_3	0	0	0	0	0	0	0	0	0	0	0	0	0	0	0	0	0	0	0	0	0	0	0	0	0	0	0	0	0	0	0	0	0	0	0	0	0	0	0	0	0	0	0	0	0	0	84	146	0	0	0	0	0	0	0	536	0	0	0	0	0	0	0	0	0	0	0	0	0	0	0	0	0	0	0	0	0	0	0	0	0	0	0	0	0	0	0	0	0	0	0	2538	0	0	1100	2592	1390	5390	118	4268	0	0	0	0	400	802	0	0	4042	0	3212	938	0	178	456	362	
158724	Vermis_4_5	0	0	0	0	0	0	0	0	0	0	0	0	0	0	0	0	0	0	0	0	0	0	0	0	0	0	0	0	0	0	0	0	0	0	0	82	0	330	0	0	0	0	0	122	0	0	1742	3340	0	0	0	0	0	222	1046	2934	0	0	0	0	0	0	0	0	0	0	0	340	0	0	0	0	0	0	0	0	0	0	0	0	0	0	0	0	0	0	0	0	0	0	1232	2130	114	0	1752	1454	11590	12086	5442	8842	88	0	482	0	3616	2802	372	130	1346	3212	0	7402	0	664	2264	2184	
170716	Vermis_6	0	0	0	0	0	0	0	0	0	0	0	0	0	0	0	0	0	0	0	0	0	0	0	0	0	0	0	0	0	0	0	0	0	0	0	0	0	0	0	0	0	0	0	82	0	0	1440	4012	0	0	0	0	0	304	2112	2186	0	0	0	0	0	0	0	0	0	0	0	0	0	0	0	0	0	0	0	0	0	0	0	0	0	0	0	0	0	0	0	0	0	0	5642	3650	1544	1000	718	958	4106	2932	11614	8472	214	0	994	206	5480	4622	982	342	362	938	7402	0	4062	2616	4316	2050	
137316	Vermis_7	0	0	0	0	0	0	0	0	0	0	0	0	0	0	0	0	0	0	0	0	0	0	0	0	0	0	0	0	0	0	0	0	0	0	0	0	0	0	0	0	0	0	0	0	0	0	474	806	0	0	0	0	0	100	350	402	0	0	0	0	0	0	0	0	0	0	0	0	0	0	0	0	0	0	0	0	0	0	0	0	0	0	0	0	0	0	0	0	0	0	4568	5224	6850	8244	0	0	0	0	2710	2890	5854	3848	4718	5494	1088	2132	0	114	0	0	0	4062	0	5752	2978	0	
84724	Vermis_8	0	0	0	0	0	0	0	0	0	0	0	0	0	0	0	0	0	0	0	0	0	0	0	0	0	0	0	0	0	0	0	0	0	0	0	0	0	0	0	0	0	0	0	0	0	0	0	236	0	0	0	0	0	0	0	0	0	0	0	0	0	0	0	0	0	0	0	0	0	0	0	0	0	0	0	0	0	0	0	0	0	0	0	0	0	0	0	0	0	0	812	1288	2196	2348	0	228	176	414	990	1336	3084	1354	4838	4312	1370	3270	0	186	0	178	664	2616	5752	0	4504	210	
64248	Vermis_9	0	0	0	0	0	0	0	0	0	0	0	0	0	0	0	0	0	0	0	0	0	0	0	0	0	0	0	0	0	0	0	0	0	0	0	0	0	0	0	0	0	0	0	0	0	0	0	434	0	0	0	0	0	0	0	0	0	0	0	0	0	0	0	0	0	0	0	0	0	0	0	0	0	0	0	0	0	0	0	0	0	0	0	0	0	0	0	0	0	0	562	898	146	1060	302	450	1038	836	1074	1472	102	182	642	716	1794	4210	144	292	220	456	2264	4316	2978	4504	0	1032	
