data	data	467544	152684	1.07829e+06	934308	170884	76288	598136	268044	76200	41044	358572	268488	397160	139064	296452	108120	357128	143236	681540	736648	96620	100412	403636	364132	89000	113576	85056	72960	822272	473952	448748	552588	203284	542304	100408	110168	220512	380088	77380	280408	29856	66032	264484	364056	195804	373584	318404	427756	231084	416964	496060	392676	121588	138680	429748	603660	208728	199296	158732	104752	225412	95604	91044	97020	130064	113580	204836	351568	159980	182292	363552	364416	386076	422596	62520	31536	126100	164032	61896	43396	212068	118812	222096	85868	216404	274096	34144	34220	199312	192860	428484	414400	302760	225004	59352	43448	310152	256340	454148	507700	244564	169052	320184	287012	163440	183056	29160	34212	22248	42376	209572	253592	210796	172172	123920	39312	
data	data	Precentral_L	Precentral_R	Frontal_Sup_L	Frontal_Sup_R	Frontal_Sup_Orb_L	Frontal_Sup_Orb_R	Frontal_Mid_L	Frontal_Mid_R	Frontal_Mid_Orb_L	Frontal_Mid_Orb_R	Frontal_Inf_Oper_L	Frontal_Inf_Oper_R	Frontal_Inf_Tri_L	Frontal_Inf_Tri_R	Frontal_Inf_Orb_L	Frontal_Inf_Orb_R	Rolandic_Oper_L	Rolandic_Oper_R	Supp_Motor_Area_L	Supp_Motor_Area_R	Olfactory_L	Olfactory_R	Frontal_Sup_Medial_L	Frontal_Sup_Medial_R	Frontal_Med_Orb_L	Frontal_Med_Orb_R	Rectus_L	Rectus_R	Insula_L	Insula_R	Cingulum_Ant_L	Cingulum_Ant_R	Cingulum_Mid_L	Cingulum_Mid_R	Cingulum_Post_L	Cingulum_Post_R	Hippocampus_L	Hippocampus_R	ParaHippocampal_L	ParaHippocampal_R	Amygdala_L	Amygdala_R	Calcarine_L	Calcarine_R	Cuneus_L	Cuneus_R	Lingual_L	Lingual_R	Occipital_Sup_L	Occipital_Sup_R	Occipital_Mid_L	Occipital_Mid_R	Occipital_Inf_L	Occipital_Inf_R	Fusiform_L	Fusiform_R	Postcentral_L	Postcentral_R	Parietal_Sup_L	Parietal_Sup_R	Parietal_Inf_L	Parietal_Inf_R	SupraMarginal_L	SupraMarginal_R	Angular_L	Angular_R	Precuneus_L	Precuneus_R	Paracentral_Lobule_L	Paracentral_Lobule_R	Caudate_L	Caudate_R	Putamen_L	Putamen_R	Pallidum_L	Pallidum_R	Thalamus_L	Thalamus_R	Heschl_L	Heschl_R	Temporal_Sup_L	Temporal_Sup_R	Temporal_Pole_Sup_L	Temporal_Pole_Sup_R	Temporal_Mid_L	Temporal_Mid_R	Temporal_Pole_Mid_L	Temporal_Pole_Mid_R	Temporal_Inf_L	Temporal_Inf_R	Cerebelum_Crus1_L	Cerebelum_Crus1_R	Cerebelum_Crus2_L	Cerebelum_Crus2_R	Cerebelum_3_L	Cerebelum_3_R	Cerebelum_4_5_L	Cerebelum_4_5_R	Cerebelum_6_L	Cerebelum_6_R	Cerebelum_7b_L	Cerebelum_7b_R	Cerebelum_8_L	Cerebelum_8_R	Cerebelum_9_L	Cerebelum_9_R	Cerebelum_10_L	Cerebelum_10_R	Vermis_1_2	Vermis_3	Vermis_4_5	Vermis_6	Vermis_7	Vermis_8	Vermis_9	Vermis_10	
467544	Precentral_L	0	2042	32118	5956	0	0	23478	86	0	0	11968	278	1890	0	856	0	12730	160	13052	12478	0	0	168	0	0	0	0	0	17216	316	282	306	700	6898	766	292	4708	0	518	0	118	0	240	0	526	256	0	0	526	274	2396	194	0	0	670	0	17556	144	786	176	2222	118	1300	0	700	0	668	298	14926	2110	7414	1696	5610	104	2536	0	14124	586	1596	0	2480	0	242	0	944	136	0	0	838	0	0	0	0	0	0	0	0	0	0	0	0	0	0	0	0	0	0	0	0	0	0	0	0	0	0	0	
152684	Precentral_R	2042	0	0	5594	0	0	118	4352	0	0	0	5376	0	0	0	0	0	1842	758	4606	0	0	0	0	0	0	0	0	0	2426	0	0	230	4360	484	516	0	3988	0	474	0	0	0	86	0	284	0	128	0	1228	0	884	0	0	0	446	0	12678	0	1852	0	3438	0	3804	0	682	0	772	1796	4054	0	206	0	2520	0	198	92	510	0	510	0	1026	0	0	0	954	0	0	0	844	0	0	0	0	0	0	0	0	0	92	0	0	0	0	0	0	0	0	0	0	0	92	0	0	0	0	
1.07829e+06	Frontal_Sup_L	32118	0	0	6040	9164	0	82936	232	3782	0	19916	2032	29868	350	16024	0	19144	438	65752	9116	770	0	38140	4212	2314	0	1220	0	52278	1838	20546	5604	11840	3396	182	248	7346	0	726	0	234	0	192	0	400	0	0	0	252	0	768	0	0	0	2178	0	1972	108	454	168	810	168	522	0	126	0	474	0	3160	0	13448	956	24016	262	6124	0	17898	302	630	0	5194	0	8264	206	284	0	0	0	1866	0	0	0	0	0	0	0	0	0	138	0	0	0	0	0	0	0	0	0	0	0	0	0	0	0	0	0	
934308	Frontal_Sup_R	5956	5594	6040	0	0	2854	2032	43112	0	2154	1210	13852	1786	8548	1186	4138	672	10342	16844	69722	158	280	13910	40038	102	3180	0	642	2640	24732	9378	39804	1524	20360	868	1032	634	10038	0	4416	0	442	0	0	0	0	0	104	0	0	0	0	0	0	0	3156	1060	1616	0	194	0	238	0	92	0	0	0	162	3626	248	4782	26312	2008	21780	0	2406	562	25188	0	430	0	616	772	1076	0	180	0	0	0	326	0	0	0	0	0	0	0	0	0	0	0	0	0	0	0	0	0	0	0	0	0	0	0	0	0	0	
170884	Frontal_Sup_Orb_L	0	0	9164	0	0	84	3616	0	11812	0	92	0	2182	0	11438	0	0	0	0	0	3308	188	6720	738	9932	1324	8640	282	3998	0	6996	720	0	0	0	0	0	0	236	0	256	0	0	0	0	0	0	0	0	0	0	0	0	0	0	0	0	0	0	0	0	0	0	0	0	0	0	0	0	0	1034	342	1546	226	0	0	0	0	0	0	0	0	568	0	0	0	0	0	0	0	0	0	0	0	0	0	0	0	0	0	0	0	0	0	0	0	0	0	0	0	0	0	0	0	0	0	
76288	Frontal_Sup_Orb_R	0	0	0	2854	84	0	0	1362	0	4546	0	0	0	160	0	4114	0	0	0	0	158	1850	198	3996	546	5336	168	5858	0	2478	424	260	0	0	0	0	0	0	0	0	0	100	0	0	0	0	0	0	0	0	0	0	0	0	0	0	0	0	0	0	0	0	0	0	0	0	0	0	0	0	0	838	0	2674	0	0	0	0	0	0	0	0	0	140	0	0	0	0	0	0	0	0	0	0	0	0	0	0	0	0	0	0	0	0	0	0	0	0	0	0	0	0	0	0	0	0	
598136	Frontal_Mid_L	23478	118	82936	2032	3616	0	0	0	3304	0	13512	420	42346	0	15098	0	10344	208	8014	1966	0	0	14434	810	1452	0	0	0	29750	458	8416	2026	7822	544	148	172	2540	0	320	0	0	0	202	0	414	0	0	0	438	0	1122	0	0	0	278	0	1336	0	584	0	788	0	452	0	138	0	468	0	448	0	1944	802	3956	164	842	0	2586	110	250	0	2168	0	2890	0	102	0	0	0	302	0	0	0	0	0	0	0	0	0	0	0	0	0	0	0	0	0	0	0	0	0	0	0	0	0	0	0	
268044	Frontal_Mid_R	86	4352	232	43112	0	1362	0	0	0	2006	150	8978	174	16352	138	4700	0	3854	536	2554	0	0	354	2924	0	0	0	0	186	12880	314	3446	94	1528	230	416	0	5016	0	1514	0	120	0	0	0	0	0	0	0	0	0	104	0	0	0	778	0	1440	0	288	0	336	0	420	0	188	0	192	0	0	606	1400	268	6282	0	1106	0	1076	0	540	0	788	104	116	0	264	0	0	0	118	0	0	0	0	0	0	0	0	0	0	0	0	0	0	0	0	0	0	0	0	0	0	0	0	0	0	
76200	Frontal_Mid_Orb_L	0	0	3782	0	11812	0	3304	0	0	0	0	0	1552	0	13344	0	0	0	0	0	192	0	568	0	632	0	1136	0	1134	0	0	0	0	0	0	0	0	0	0	0	0	0	0	0	0	0	0	0	0	0	0	0	0	0	0	0	0	0	0	0	0	0	0	0	0	0	0	0	0	0	0	0	152	0	0	0	0	0	0	0	0	0	492	0	0	0	0	0	0	0	0	0	0	0	0	0	0	0	0	0	0	0	0	0	0	0	0	0	0	0	0	0	0	0	0	0	
41044	Frontal_Mid_Orb_R	0	0	0	2154	0	4546	0	2006	0	0	0	0	0	972	0	7264	0	0	0	0	0	0	0	294	0	186	0	0	0	1342	0	0	0	0	0	0	0	0	0	0	0	0	0	0	0	0	0	0	0	0	0	0	0	0	0	0	0	0	0	0	0	0	0	0	0	0	0	0	0	0	0	0	0	1758	0	0	0	0	0	0	0	0	0	0	0	0	0	0	0	0	0	0	0	0	0	0	0	0	0	0	0	0	0	0	0	0	0	0	0	0	0	0	0	0	0	0	
358572	Frontal_Inf_Oper_L	11968	0	19916	1210	92	0	13512	150	0	0	0	1656	13236	118	2888	0	25566	262	11730	1146	0	0	794	126	0	0	0	0	37032	1294	4238	1200	710	172	0	0	568	0	0	0	0	0	0	0	0	0	0	0	0	0	0	0	0	0	122	0	2262	0	0	0	0	0	0	0	0	0	0	0	0	0	5354	342	1610	128	216	0	194	0	164	0	5266	0	13578	148	204	0	0	0	114	0	0	0	0	0	0	0	0	0	0	0	0	0	0	0	0	0	0	0	0	0	0	0	0	0	0	0	
268488	Frontal_Inf_Oper_R	278	5376	2032	13852	0	0	420	8978	0	0	1656	0	874	11760	616	302	246	7426	5848	10784	0	0	242	536	0	0	0	0	1920	24668	380	2204	432	5518	0	0	0	1658	0	876	0	132	0	0	0	0	0	0	0	0	0	0	0	0	0	580	0	3512	0	86	0	146	0	426	0	106	0	0	0	0	5390	2372	2166	5908	0	318	0	94	0	282	100	764	968	1922	0	90	0	0	0	0	0	0	0	0	0	0	0	0	0	0	0	0	0	0	0	0	0	0	0	0	0	0	0	0	0	0	
397160	Frontal_Inf_Tri_L	1890	0	29868	1786	2182	0	42346	174	1552	0	13236	874	0	0	28910	0	1904	120	5152	1020	0	0	5502	730	912	0	0	0	38626	600	5636	2264	978	320	0	0	0	0	0	0	0	0	0	0	0	0	0	0	0	0	0	0	0	0	0	0	144	0	0	0	0	0	0	0	0	0	0	0	0	0	5108	790	3960	200	0	0	86	0	0	0	412	0	1298	0	0	0	0	0	0	0	0	0	0	0	0	0	0	0	0	0	0	0	0	0	0	0	0	0	0	0	0	0	0	0	0	0	
139064	Frontal_Inf_Tri_R	0	0	350	8548	0	160	0	16352	0	972	118	11760	0	0	0	5604	0	142	894	1820	0	0	188	830	0	0	0	0	140	14114	90	2010	216	2044	0	0	0	0	0	0	0	0	0	0	0	0	0	0	0	0	0	0	0	0	0	0	0	0	0	0	0	0	0	0	0	0	0	0	0	0	582	480	378	1740	0	0	0	0	0	0	0	0	0	0	0	0	0	0	0	0	0	0	0	0	0	0	0	0	0	0	0	0	0	0	0	0	0	0	0	0	0	0	0	0	0	0	
296452	Frontal_Inf_Orb_L	856	0	16024	1186	11438	0	15098	138	13344	0	2888	616	28910	0	0	0	848	106	1832	794	2650	244	3252	344	1182	0	1576	0	25978	490	2260	1260	288	198	0	0	0	0	196	0	214	0	0	0	0	0	0	0	0	0	0	0	0	0	0	0	0	0	0	0	0	0	0	0	0	0	0	0	0	0	4040	892	5100	132	0	0	0	0	0	0	114	0	3738	0	0	0	0	0	0	0	0	0	0	0	0	0	0	0	0	0	0	0	0	0	0	0	0	0	0	0	0	0	0	0	0	0	
108120	Frontal_Inf_Orb_R	0	0	0	4138	0	4114	0	4700	0	7264	0	302	0	5604	0	0	0	0	0	130	0	1624	234	844	0	0	0	2232	0	11780	112	890	0	456	0	0	0	892	0	724	0	382	0	0	0	0	0	0	0	0	0	0	0	0	0	1096	0	0	0	0	0	0	0	0	0	0	0	0	0	0	102	224	0	5656	0	0	0	0	0	0	0	0	0	318	0	0	0	0	0	242	0	0	0	0	0	0	0	0	0	0	0	0	0	0	0	0	0	0	0	0	0	0	0	0	0	0	
357128	Rolandic_Oper_L	12730	0	19144	672	0	0	10344	0	0	0	25566	246	1904	0	848	0	0	0	11612	878	0	0	352	0	0	0	0	0	33784	182	812	326	108	0	0	0	1980	0	0	0	0	0	274	0	0	0	264	0	438	0	3412	0	148	0	1348	0	6998	0	834	0	2248	0	3396	0	518	0	0	0	636	0	1698	98	1932	0	344	0	332	0	4070	0	12746	0	10702	0	1852	0	0	0	2788	0	0	0	0	0	0	0	0	0	0	0	0	0	0	0	0	0	0	0	0	0	0	0	0	0	0	0	
143236	Rolandic_Oper_R	160	1842	438	10342	0	0	208	3854	0	0	262	7426	120	142	106	0	0	0	1596	4540	0	0	0	0	0	0	0	0	318	15960	0	92	0	564	0	0	0	2664	0	372	0	0	0	0	0	0	0	0	0	0	0	130	0	0	0	226	0	5006	0	110	0	440	0	1872	0	212	0	0	0	0	1080	636	444	3814	0	102	0	444	0	1686	0	2552	240	1352	0	144	0	0	0	122	0	0	0	0	0	0	0	0	0	0	0	0	0	0	0	0	0	0	0	0	0	0	0	0	0	0	
681540	Supp_Motor_Area_L	13052	758	65752	16844	0	0	8014	536	0	0	11730	5848	5152	894	1832	0	11612	1596	0	40902	0	0	6110	1992	0	0	0	0	19122	6140	11028	9662	10788	22054	312	232	1370	822	0	770	0	0	138	0	312	0	0	0	108	0	330	0	0	0	400	726	1598	144	116	164	122	164	0	0	0	0	524	160	8214	88	12902	2758	14460	2238	5442	0	5068	128	170	0	2712	0	5544	580	172	0	0	0	364	0	0	0	0	0	0	0	0	0	0	0	0	0	0	0	0	0	0	0	0	0	0	0	0	0	0	0	
736648	Supp_Motor_Area_R	12478	4606	9116	69722	0	0	1966	2554	0	0	1146	10784	1020	1820	794	130	878	4540	40902	0	118	224	1000	4748	0	0	0	0	1984	10758	2138	15826	6028	48706	3114	3668	524	4034	0	1734	0	100	0	486	0	1526	0	210	0	2526	0	1720	0	0	0	1508	1244	3660	214	200	146	0	0	0	0	256	648	2330	12828	15642	4426	20020	1612	5986	0	610	378	19168	0	102	114	240	748	888	0	1092	0	0	0	636	0	0	0	0	0	0	0	0	0	0	0	0	0	0	0	0	0	0	0	0	0	0	0	0	0	0	
96620	Olfactory_L	0	0	770	158	3308	158	0	0	192	0	0	0	0	0	2650	0	0	0	0	118	0	5580	224	0	386	312	4842	372	3342	0	3362	1564	0	0	0	0	0	0	486	0	594	0	0	0	0	0	0	0	0	0	0	0	0	0	0	0	0	0	0	0	0	0	0	0	0	0	0	0	0	0	8052	5228	4042	1420	0	144	0	126	0	0	0	0	880	0	0	0	0	0	0	0	0	0	0	0	0	0	0	0	0	0	0	0	0	0	0	0	0	0	0	0	0	0	0	0	0	0	
100412	Olfactory_R	0	0	0	280	188	1850	0	0	0	0	0	0	0	0	244	1624	0	0	0	224	5580	0	0	144	314	1510	1518	3180	0	3000	2346	3292	0	0	0	0	0	548	0	414	94	954	0	0	0	0	0	0	0	0	0	0	0	0	0	246	0	0	0	0	0	0	0	0	0	0	0	0	0	0	6674	8560	3794	2970	0	130	0	278	0	0	0	0	0	250	0	0	0	0	0	0	0	0	0	0	0	0	0	0	0	0	0	0	0	0	0	0	0	0	0	0	0	0	0	0	0	0	
403636	Frontal_Sup_Medial_L	168	0	38140	13910	6720	198	14434	354	568	0	794	242	5502	188	3252	234	352	0	6110	1000	224	0	0	24526	5952	896	1622	104	7640	1076	25332	20528	7098	10604	0	0	0	0	0	0	0	0	0	0	0	0	0	0	0	0	0	0	0	0	0	0	0	0	0	0	0	0	0	0	0	0	0	0	0	0	488	650	1800	770	0	0	0	0	0	0	0	0	342	0	0	0	0	0	0	0	0	0	0	0	0	0	0	0	0	0	0	0	0	0	0	0	0	0	0	0	0	0	0	0	0	0	
364132	Frontal_Sup_Medial_R	0	0	4212	40038	738	3996	810	2924	0	294	126	536	730	830	344	844	0	0	1992	4748	0	144	24526	0	1446	9180	98	2810	796	2636	11740	34664	494	14596	0	0	0	188	0	176	0	0	0	0	0	0	0	0	0	0	0	0	0	0	0	136	0	0	0	0	0	0	0	0	0	0	0	0	0	0	502	5616	588	8568	0	0	0	0	0	0	0	0	0	0	0	0	0	0	0	0	0	0	0	0	0	0	0	0	0	0	0	0	0	0	0	0	0	0	0	0	0	0	0	0	0	0	
89000	Frontal_Med_Orb_L	0	0	2314	102	9932	546	1452	0	632	0	0	0	912	0	1182	0	0	0	0	0	386	314	5952	1446	0	3312	4490	788	446	0	7424	1074	0	0	0	0	0	0	0	0	0	0	0	0	0	0	0	0	0	0	0	0	0	0	0	0	0	0	0	0	0	0	0	0	0	0	0	0	0	0	430	606	338	422	0	0	0	0	0	0	0	0	0	0	0	0	0	0	0	0	0	0	0	0	0	0	0	0	0	0	0	0	0	0	0	0	0	0	0	0	0	0	0	0	0	0	
113576	Frontal_Med_Orb_R	0	0	0	3180	1324	5336	0	0	0	186	0	0	0	0	0	0	0	0	0	0	312	1510	896	9180	3312	0	1488	8318	0	0	4444	6980	0	0	0	0	0	0	0	0	0	0	0	0	0	0	0	0	0	0	0	0	0	0	0	0	0	0	0	0	0	0	0	0	0	0	0	0	0	0	136	5150	0	5036	0	0	0	0	0	0	0	0	0	0	0	0	0	0	0	0	0	0	0	0	0	0	0	0	0	0	0	0	0	0	0	0	0	0	0	0	0	0	0	0	0	0	
85056	Rectus_L	0	0	1220	0	8640	168	0	0	1136	0	0	0	0	0	1576	0	0	0	0	0	4842	1518	1622	98	4490	1488	0	1286	1056	0	5228	1104	0	0	0	0	0	0	98	0	358	0	0	0	0	0	0	0	0	0	0	0	0	0	0	0	0	0	0	0	0	0	0	0	0	0	0	0	0	0	3020	1542	1450	588	0	0	0	0	0	0	0	0	0	0	0	0	0	0	0	0	0	0	0	0	0	0	0	0	0	0	0	0	0	0	0	0	0	0	0	0	0	0	0	0	0	0	
72960	Rectus_R	0	0	0	642	282	5858	0	0	0	0	0	0	0	0	0	2232	0	0	0	0	372	3180	104	2810	788	8318	1286	0	0	2188	848	2388	0	0	0	0	0	0	0	0	0	90	0	0	0	0	0	0	0	0	0	0	0	0	0	0	0	0	0	0	0	0	0	0	0	0	0	0	0	0	214	1952	0	2762	0	0	0	0	0	0	0	0	0	166	0	0	0	0	0	0	0	0	0	0	0	0	0	0	0	0	0	0	0	0	0	0	0	0	0	0	0	0	0	0	0	0	
822272	Insula_L	17216	0	52278	2640	3998	0	29750	186	1134	0	37032	1920	38626	140	25978	0	33784	318	19122	1984	3342	0	7640	796	446	0	1056	0	0	1508	10176	2752	1846	278	0	112	14654	0	870	0	1336	0	158	0	0	0	444	0	0	0	1408	0	232	0	7986	0	3190	0	310	0	742	0	230	0	292	0	0	0	560	0	9604	978	20650	302	506	0	1732	116	7742	0	12032	0	20098	172	1190	0	0	0	7048	0	0	0	0	0	0	0	0	0	496	0	0	0	0	0	0	0	0	0	0	0	0	0	0	0	0	0	
473952	Insula_R	316	2426	1838	24732	0	2478	458	12880	0	1342	1294	24668	600	14114	490	11780	182	15960	6140	10758	0	3000	1076	2636	0	0	0	2188	1508	0	434	3610	420	6002	0	84	0	12038	0	5322	0	2990	0	0	0	0	0	0	0	216	0	436	0	0	0	5924	0	2022	0	100	0	298	0	430	0	342	0	0	0	0	4750	2832	1908	22922	0	108	0	422	0	3608	0	6640	934	4758	0	2236	0	0	0	2326	0	0	0	0	0	0	0	0	0	0	0	0	0	0	0	0	0	0	0	0	0	0	0	0	0	0	
448748	Cingulum_Ant_L	282	0	20546	9378	6996	424	8416	314	0	0	4238	380	5636	90	2260	112	812	0	11028	2138	3362	2346	25332	11740	7424	4444	5228	848	10176	434	0	27462	10706	6380	0	0	0	0	0	0	146	0	0	0	0	0	0	0	0	0	0	0	0	0	0	0	0	0	0	0	0	0	0	0	0	0	0	0	0	0	11730	6056	11910	4656	0	0	0	0	0	0	152	0	792	0	0	0	0	0	0	0	0	0	0	0	0	0	0	0	0	0	0	0	0	0	0	0	0	0	0	0	0	0	0	0	0	0	
552588	Cingulum_Ant_R	306	0	5604	39804	720	260	2026	3446	0	0	1200	2204	2264	2010	1260	890	326	92	9662	15826	1564	3292	20528	34664	1074	6980	1104	2388	2752	3610	27462	0	4104	28106	0	0	0	304	0	286	0	0	0	0	0	0	0	0	0	0	0	0	0	0	0	146	0	0	0	0	0	0	0	0	0	0	0	0	0	0	6514	22088	4880	15794	0	0	0	234	0	0	0	0	520	0	0	0	0	0	0	0	0	0	0	0	0	0	0	0	0	0	0	0	0	0	0	0	0	0	0	0	0	0	0	0	0	0	
203284	Cingulum_Mid_L	700	230	11840	1524	0	0	7822	94	0	0	710	432	978	216	288	0	108	0	10788	6028	0	0	7098	494	0	0	0	0	1846	420	10706	4104	0	11730	3066	688	0	0	0	0	0	0	136	170	836	508	0	0	1868	460	1404	314	0	0	0	0	264	0	1952	138	176	0	0	0	0	0	5272	1470	3868	364	194	0	240	98	0	0	0	0	0	0	0	0	0	0	0	0	0	0	0	0	0	0	0	0	0	0	0	0	0	0	0	0	0	0	0	0	0	0	0	0	0	0	0	0	0	0	
542304	Cingulum_Mid_R	6898	4360	3396	20360	0	0	544	1528	0	0	172	5518	320	2044	198	456	0	564	22054	48706	0	0	10604	14596	0	0	0	0	278	6002	6380	28106	11730	0	2368	4694	0	336	0	216	0	0	0	2754	0	6790	0	526	0	7762	0	2938	0	0	0	296	94	4258	186	884	0	0	0	0	0	310	1894	11266	9152	13124	482	2568	194	1560	0	0	0	0	0	0	0	0	0	146	0	1218	0	0	0	322	0	0	0	0	0	0	0	0	0	0	0	0	0	0	0	0	0	0	0	0	0	0	0	0	0	0	
100408	Cingulum_Post_L	766	484	182	868	0	0	148	230	0	0	0	0	0	0	0	0	0	0	312	3114	0	0	0	0	0	0	0	0	0	0	0	0	3066	2368	0	8932	4136	3238	86	584	0	0	2312	208	1194	290	1062	120	274	0	396	0	0	0	0	226	110	0	208	0	106	0	0	0	0	0	6772	1810	1726	2124	0	0	0	308	0	0	0	2328	0	0	0	0	0	0	116	0	0	0	0	0	0	0	0	0	0	0	0	0	0	0	0	0	0	0	0	0	0	0	0	0	0	0	0	0	0	0	
110168	Cingulum_Post_R	292	516	248	1032	0	0	172	416	0	0	0	0	0	0	0	0	0	0	232	3668	0	0	0	0	0	0	0	0	112	84	0	0	688	4694	8932	0	3258	5822	120	1370	0	0	0	584	194	766	0	2312	0	462	140	178	0	0	0	774	0	342	0	108	0	0	0	0	0	0	1490	8684	206	2154	0	0	152	322	0	0	420	2582	0	0	0	0	0	0	0	410	0	0	0	618	0	0	0	0	0	0	0	0	0	0	0	0	0	0	0	0	0	0	0	0	530	0	0	0	0	0	
220512	Hippocampus_L	4708	0	7346	634	0	0	2540	0	0	0	568	0	0	0	0	0	1980	0	1370	524	0	0	0	0	0	0	0	0	14654	0	0	0	0	0	4136	3258	0	2556	6774	596	4280	0	1458	0	0	0	2532	90	0	0	212	0	0	0	12716	182	984	0	0	0	136	0	118	0	0	0	1828	406	372	0	108	0	8582	180	558	0	3328	1706	3342	0	2078	0	2540	0	486	0	294	0	8992	0	0	0	0	0	0	0	462	0	642	0	0	0	0	0	0	0	0	0	0	0	0	0	0	0	0	0	
380088	Hippocampus_R	0	3988	0	10038	0	0	0	5016	0	0	0	1658	0	0	0	892	0	2664	822	4034	0	548	0	188	0	0	0	0	0	12038	0	304	0	336	3238	5822	2556	0	156	34356	0	9472	216	1828	0	196	186	7982	0	280	0	1106	0	378	0	28658	0	1628	0	0	0	0	0	0	0	112	138	5740	0	276	96	376	0	19028	0	1586	0	6286	0	1048	0	2836	0	2080	0	2846	0	166	0	5338	0	0	0	0	0	0	0	520	0	228	0	0	0	0	0	0	0	0	0	0	656	104	0	0	0	0	
77380	ParaHippocampal_L	518	0	726	0	236	0	320	0	0	0	0	0	0	0	196	0	0	0	0	0	486	0	0	0	0	0	98	0	870	0	0	0	0	0	86	120	6774	156	0	152	1596	0	308	0	0	0	5374	112	0	0	1288	0	658	0	7000	0	158	0	0	0	0	0	0	0	0	0	416	0	0	0	0	0	1054	0	0	0	654	92	0	0	0	0	1886	0	540	0	1522	0	414	0	212	0	0	0	870	212	2548	0	394	0	0	0	0	0	0	0	0	0	268	376	0	0	0	0	0	0	
280408	ParaHippocampal_R	0	474	0	4416	0	0	0	1514	0	0	0	876	0	0	0	724	0	372	770	1734	0	414	0	176	0	0	0	0	0	5322	0	286	0	216	584	1370	596	34356	152	0	0	6512	154	2704	0	332	334	8888	0	400	0	1504	0	550	0	29290	0	354	0	0	0	0	0	0	0	0	0	3012	0	0	88	246	0	12340	0	1182	0	1548	0	340	0	1484	0	2744	0	2184	0	1424	0	3520	102	194	0	0	0	330	90	1764	278	926	0	0	0	0	0	0	0	0	0	0	412	436	186	0	0	0	
29856	Amygdala_L	118	0	234	0	256	0	0	0	0	0	0	0	0	0	214	0	0	0	0	0	594	94	0	0	0	0	358	0	1336	0	146	0	0	0	0	0	4280	0	1596	0	0	0	0	0	0	0	0	0	0	0	0	0	0	0	2322	0	0	0	0	0	0	0	0	0	0	0	0	0	0	0	184	96	340	0	0	0	212	0	0	0	0	0	1222	0	0	0	430	0	896	0	0	0	0	0	0	0	0	0	0	0	0	0	0	0	0	0	0	0	0	0	0	0	0	0	0	0	
66032	Amygdala_R	0	0	0	442	0	100	0	120	0	0	0	132	0	0	0	382	0	0	0	100	0	954	0	0	0	0	0	90	0	2990	0	0	0	0	0	0	0	9472	0	6512	0	0	0	0	0	0	0	0	0	0	0	0	0	0	0	5208	0	0	0	0	0	0	0	0	0	0	0	0	0	0	0	0	0	3442	0	104	0	120	0	0	0	0	0	2300	0	0	0	296	0	252	0	0	0	0	0	0	0	0	0	0	0	0	0	0	0	0	0	0	0	0	0	0	0	0	0	0	
264484	Calcarine_L	240	0	192	0	0	0	202	0	0	0	0	0	0	0	0	0	274	0	138	0	0	0	0	0	0	0	0	0	158	0	0	0	136	0	2312	0	1458	216	308	154	0	0	0	12576	19028	8348	15296	5374	12900	2638	20886	730	4076	618	3318	610	84	0	408	0	114	0	0	0	146	0	13308	1062	0	0	0	0	0	0	0	0	0	0	194	0	544	0	0	0	2368	90	0	0	412	0	594	0	0	0	0	0	0	0	646	0	0	0	0	0	0	0	0	0	0	0	0	86	0	0	0	0	
364056	Calcarine_R	0	86	0	0	0	0	0	0	0	0	0	0	0	0	0	0	0	0	0	486	0	0	0	0	0	0	0	0	0	0	0	0	170	2754	208	584	0	1828	0	2704	0	0	12576	0	6542	27876	1790	27976	1272	24714	666	24534	0	7706	102	5302	0	740	0	640	0	0	0	0	0	182	804	18010	0	1574	0	0	0	0	0	0	0	0	0	0	0	118	0	0	0	7556	0	0	0	358	102	200	0	0	0	0	0	132	328	538	0	0	0	0	0	0	0	0	0	0	118	526	226	0	0	0	
195804	Cuneus_L	526	0	400	0	0	0	414	0	0	0	0	0	0	0	0	0	0	0	312	0	0	0	0	0	0	0	0	0	0	0	0	0	836	0	1194	194	0	0	0	0	0	0	19028	6542	0	11638	1408	876	19616	3130	12886	246	468	212	376	210	176	0	2190	0	198	0	0	0	96	0	12486	1494	96	0	0	0	0	0	0	0	0	0	0	0	0	0	0	0	654	0	0	0	0	0	0	0	0	0	0	0	0	0	0	0	0	0	0	0	0	0	0	0	0	0	0	0	0	0	0	0	
373584	Cuneus_R	256	284	0	0	0	0	0	0	0	0	0	0	0	0	0	0	0	0	0	1526	0	0	0	0	0	0	0	0	0	0	0	0	508	6790	290	766	0	196	0	332	0	0	8348	27876	11638	0	360	5706	1070	48638	476	20716	0	1330	0	1062	0	3476	0	5556	0	0	0	114	0	438	3380	26578	254	4626	0	0	0	0	0	0	0	0	0	112	0	220	0	0	0	3090	0	0	0	482	0	0	0	0	0	0	0	0	84	110	0	0	0	0	0	0	0	0	0	0	0	104	0	0	0	0	
318404	Lingual_L	0	0	0	0	0	0	0	0	0	0	0	0	0	0	0	0	264	0	0	0	0	0	0	0	0	0	0	0	444	0	0	0	0	0	1062	0	2532	186	5374	334	0	0	15296	1790	1408	360	0	5746	3582	170	18210	180	10796	380	23636	3552	0	0	0	0	0	0	0	0	0	0	4176	268	0	0	0	0	0	0	0	0	164	0	540	0	466	0	0	0	1788	638	0	0	696	474	6578	844	1158	234	466	128	8518	1684	16282	4102	0	0	0	0	94	0	0	0	226	328	2734	7420	3536	182	176	0	
427756	Lingual_R	0	128	0	104	0	0	0	0	0	0	0	0	0	0	0	0	0	0	0	210	0	0	0	0	0	0	0	0	0	0	0	0	0	526	120	2312	90	7982	112	8888	0	0	5374	27976	876	5706	5746	0	0	6472	122	12392	0	13730	1452	31288	0	174	0	0	0	94	0	190	0	0	0	10290	0	280	0	0	0	0	0	0	0	172	0	114	0	0	0	0	0	5744	0	0	0	2302	1108	5096	156	1004	152	640	3614	9072	5950	13468	0	0	0	0	100	564	0	136	0	118	7076	9904	3980	248	526	0	
231084	Occipital_Sup_L	526	0	252	0	0	0	438	0	0	0	0	0	0	0	0	0	438	0	108	0	0	0	0	0	0	0	0	0	0	0	0	0	1868	0	274	0	0	0	0	0	0	0	12900	1272	19616	1070	3582	0	0	396	38710	224	1082	0	1614	0	766	0	11680	0	4850	0	150	0	2954	0	7776	110	268	0	0	0	0	0	0	0	0	0	0	0	786	0	0	0	1042	0	0	0	390	0	194	0	0	0	0	0	0	0	206	0	0	0	0	0	0	0	0	0	0	0	0	0	0	0	0	0	
416964	Occipital_Sup_R	274	1228	0	0	0	0	0	0	0	0	0	0	0	0	0	0	0	0	0	2526	0	0	0	0	0	0	0	0	0	216	0	0	460	7762	0	462	0	280	0	400	0	0	2638	24714	3130	48638	170	6472	396	0	224	38740	0	1780	0	2074	0	6714	0	8982	0	524	0	302	0	4860	1260	26048	308	7982	0	0	0	0	0	0	0	0	0	388	0	620	0	0	0	5474	0	0	0	1944	0	124	0	0	0	0	0	0	104	136	0	0	0	0	0	0	0	0	0	0	0	128	0	0	0	0	
496060	Occipital_Mid_L	2396	0	768	0	0	0	1122	0	0	0	0	0	0	0	0	0	3412	0	330	0	0	0	0	0	0	0	0	0	1408	0	0	0	1404	0	396	140	212	0	1288	0	0	0	20886	666	12886	476	18210	122	38710	224	0	114	18834	0	14822	84	4266	0	15578	0	20500	0	1528	0	22616	0	8440	90	784	0	0	0	88	0	0	0	0	0	1076	0	3514	0	0	0	20852	0	0	0	4732	0	1878	0	0	0	0	0	246	106	2266	138	0	0	0	0	0	0	0	0	0	0	178	244	0	0	0	0	
392676	Occipital_Mid_R	194	884	0	0	0	0	0	104	0	0	0	0	0	0	0	0	0	130	0	1720	0	0	0	0	0	0	0	0	0	436	0	0	314	2938	0	178	0	1106	0	1504	0	0	730	24534	246	20716	180	12392	224	38740	114	0	0	11018	0	5324	0	2628	0	3930	0	1806	0	702	0	15564	294	11916	186	4004	0	0	0	0	0	0	0	0	0	778	0	1454	0	0	0	24256	0	0	0	4190	0	156	0	0	0	0	0	0	122	244	0	0	0	0	0	0	0	0	0	0	0	240	142	0	0	0	
121588	Occipital_Inf_L	0	0	0	0	0	0	0	0	0	0	0	0	0	0	0	0	148	0	0	0	0	0	0	0	0	0	0	0	232	0	0	0	0	0	0	0	0	0	658	0	0	0	4076	0	468	0	10796	0	1082	0	18834	0	0	0	11666	0	0	0	0	0	0	0	0	0	0	0	654	0	0	0	0	0	0	0	0	0	0	0	288	0	264	0	0	0	3022	0	0	0	2812	0	2732	0	110	0	0	0	244	0	2708	0	0	0	0	0	0	0	0	0	0	0	0	0	0	0	0	0	
138680	Occipital_Inf_R	0	0	0	0	0	0	0	0	0	0	0	0	0	0	0	0	0	0	0	0	0	0	0	0	0	0	0	0	0	0	0	0	0	0	0	0	0	378	0	550	0	0	618	7706	212	1330	380	13730	0	1780	0	11018	0	0	146	12802	0	0	0	0	0	0	0	0	0	0	0	448	0	0	0	0	0	0	0	0	0	0	0	0	0	0	0	0	0	3436	0	0	0	3914	252	1724	0	166	0	0	262	1054	462	2802	0	0	0	0	0	218	0	118	0	0	522	1516	1384	190	222	0	
429748	Fusiform_L	670	0	2178	0	0	0	278	0	0	0	122	0	0	0	0	0	1348	0	400	0	0	0	0	0	0	0	0	0	7986	0	0	0	0	0	0	0	12716	0	7000	0	2322	0	3318	102	376	0	23636	1452	1614	0	14822	0	11666	146	0	1446	254	0	376	0	186	0	102	0	108	0	714	84	140	0	0	0	3820	0	0	0	104	0	2264	0	2764	0	4514	0	6404	172	2546	0	19186	134	18842	524	1554	98	458	0	13398	1006	30690	2078	182	0	178	0	0	0	0	0	0	88	2598	3448	2160	102	0	0	
603660	Fusiform_R	0	446	0	3156	0	0	0	778	0	0	0	580	0	0	0	1096	0	226	726	1508	0	246	0	136	0	0	0	0	0	5924	0	146	0	296	226	774	182	28658	0	29290	0	5208	610	5302	210	1062	3552	31288	0	2074	84	5324	0	12802	1446	0	0	454	0	0	0	126	0	270	0	116	0	2452	0	408	0	168	0	9282	0	968	0	1332	0	856	0	1922	0	5944	0	8868	0	2912	0	22734	1356	16346	154	892	132	1156	3452	17412	5182	28894	0	0	0	436	308	1432	0	486	0	0	6042	9916	4054	772	1240	0	
208728	Postcentral_L	17556	0	1972	1060	0	0	1336	0	0	0	2262	0	144	0	0	0	6998	0	1598	1244	0	0	0	0	0	0	0	0	3190	0	0	0	264	94	110	0	984	0	158	0	0	0	84	0	176	0	0	0	766	0	4266	0	0	0	254	0	0	0	9156	0	23550	0	9982	0	3004	0	3386	0	1628	0	1098	386	3268	0	940	0	178	0	806	0	1960	0	0	0	240	0	0	0	266	0	0	0	0	0	0	0	0	0	0	0	0	0	0	0	0	0	0	0	0	0	0	0	0	0	0	0	
199296	Postcentral_R	144	12678	108	1616	0	0	0	1440	0	0	0	3512	0	0	0	0	0	5006	144	3660	0	0	0	0	0	0	0	0	0	2022	0	0	0	4258	0	342	0	1628	0	354	0	0	0	740	0	3476	0	174	0	6714	0	2628	0	0	0	454	0	0	0	4724	0	6260	0	9998	0	1152	0	8270	0	13084	0	0	0	2158	0	106	0	234	0	146	0	852	0	0	0	1156	0	0	0	410	0	0	0	0	0	0	0	0	0	0	0	0	0	0	0	0	0	0	0	0	0	0	0	0	0	0	
158732	Parietal_Sup_L	786	0	454	0	0	0	584	0	0	0	0	0	0	0	0	0	834	0	116	214	0	0	0	0	0	0	0	0	310	0	0	0	1952	186	208	0	0	0	0	0	0	0	408	0	2190	0	0	0	11680	0	15578	0	0	0	376	0	9156	0	0	0	14710	0	518	0	4700	0	11038	0	1280	140	0	0	0	0	0	0	0	0	112	0	538	0	0	0	772	0	0	0	526	0	0	0	0	0	0	0	0	0	0	0	0	0	0	0	0	0	0	0	0	0	0	0	0	0	0	0	
104752	Parietal_Sup_R	176	1852	168	194	0	0	0	288	0	0	0	86	0	0	0	0	0	110	164	200	0	0	0	0	0	0	0	0	0	100	0	0	138	884	0	108	0	0	0	0	0	0	0	640	0	5556	0	0	0	8982	0	3930	0	0	0	0	0	4724	0	0	0	8038	0	1284	0	3396	480	8254	0	1742	0	0	0	0	0	0	0	0	0	0	0	170	0	0	0	618	0	0	0	94	0	0	0	0	0	0	0	0	0	0	0	0	0	0	0	0	0	0	0	0	0	0	0	0	0	0	
225412	Parietal_Inf_L	2222	0	810	0	0	0	788	0	0	0	0	0	0	0	0	0	2248	0	122	146	0	0	0	0	0	0	0	0	742	0	0	0	176	0	106	0	136	0	0	0	0	0	114	0	198	0	0	0	4850	0	20500	0	0	0	186	0	23550	0	14710	0	0	0	16414	0	18218	0	2358	0	990	0	0	0	464	0	0	0	0	0	154	0	1444	0	0	0	680	0	0	0	380	0	0	0	0	0	0	0	0	0	0	0	0	0	0	0	0	0	0	0	0	0	0	0	0	0	0	0	
95604	Parietal_Inf_R	118	3438	168	238	0	0	0	336	0	0	0	146	0	0	0	0	0	440	164	0	0	0	0	0	0	0	0	0	0	298	0	0	0	0	0	0	0	0	0	0	0	0	0	0	0	0	0	94	0	524	0	1806	0	0	0	126	0	6260	0	8038	0	0	0	11566	0	12248	0	0	0	206	0	0	0	0	0	0	0	0	0	308	0	760	0	0	0	520	0	0	0	0	0	0	0	0	0	0	0	0	0	0	0	0	0	0	0	0	0	0	0	0	0	0	0	0	0	0	
91044	SupraMarginal_L	1300	0	522	0	0	0	452	0	0	0	0	0	0	0	0	0	3396	0	0	0	0	0	0	0	0	0	0	0	230	0	0	0	0	0	0	0	118	0	0	0	0	0	0	0	0	0	0	0	150	0	1528	0	0	0	102	0	9982	0	518	0	16414	0	0	0	3678	0	0	0	264	0	0	0	488	0	86	0	0	0	84	0	4844	0	0	0	1032	0	0	0	334	0	0	0	0	0	0	0	0	0	0	0	0	0	0	0	0	0	0	0	0	0	0	0	0	0	0	0	
97020	SupraMarginal_R	0	3804	0	92	0	0	0	420	0	0	0	426	0	0	0	0	0	1872	0	0	0	0	0	0	0	0	0	0	0	430	0	0	0	0	0	0	0	0	0	0	0	0	0	0	0	114	0	190	0	302	0	702	0	0	0	270	0	9998	0	1284	0	11566	0	0	0	5662	0	92	0	0	0	0	0	0	0	0	0	0	0	1620	0	7550	0	0	0	1496	0	0	0	198	0	0	0	0	0	0	0	0	102	160	0	0	0	0	0	0	0	0	0	0	0	160	0	0	0	0	
130064	Angular_L	700	0	126	0	0	0	138	0	0	0	0	0	0	0	0	0	518	0	0	0	0	0	0	0	0	0	0	0	292	0	0	0	0	0	0	0	0	0	0	0	0	0	146	0	96	0	0	0	2954	0	22616	0	0	0	108	0	3004	0	4700	0	18218	0	3678	0	0	0	154	0	102	0	0	0	0	0	0	0	0	0	98	0	2356	0	0	0	4902	0	0	0	126	0	0	0	0	0	0	0	0	0	0	0	0	0	0	0	0	0	0	0	0	0	0	0	0	0	0	0	
113580	Angular_R	0	682	0	0	0	0	0	188	0	0	0	106	0	0	0	0	0	212	0	256	0	0	0	0	0	0	0	0	0	342	0	0	0	310	0	0	0	112	0	0	0	0	0	182	0	438	0	0	0	4860	0	15564	0	0	0	116	0	1152	0	3396	0	12248	0	5662	0	0	0	244	0	778	0	0	0	0	0	0	0	0	0	366	0	3690	0	0	0	5654	0	0	0	232	0	0	0	0	0	0	0	0	0	0	0	0	0	0	0	0	0	0	0	0	0	0	0	0	0	0	
204836	Precuneus_L	668	0	474	0	0	0	468	0	0	0	0	0	0	0	0	0	0	0	524	648	0	0	0	0	0	0	0	0	0	0	0	0	5272	1894	6772	1490	1828	138	416	0	0	0	13308	804	12486	3380	4176	0	7776	1260	8440	294	654	0	714	0	3386	0	11038	480	2358	0	0	0	154	0	0	5806	2624	298	0	0	0	0	0	0	0	0	0	0	124	0	0	0	1876	0	0	0	174	0	0	0	0	0	0	0	216	0	0	0	0	0	0	0	0	0	0	0	0	0	0	0	0	0	0	0	
351568	Precuneus_R	298	772	0	162	0	0	0	192	0	0	0	0	0	0	0	0	0	0	160	2330	0	0	0	0	0	0	0	0	0	0	0	0	1470	11266	1810	8684	406	5740	0	3012	0	0	1062	18010	1494	26578	268	10290	110	26048	90	11916	0	448	84	2452	0	8270	0	8254	0	0	0	92	0	244	5806	0	336	9474	0	0	0	0	0	0	0	106	0	118	0	176	0	0	0	4154	0	0	0	1104	112	0	0	0	0	0	0	214	260	408	0	0	0	0	0	0	0	0	0	0	890	400	214	0	0	0	
159980	Paracentral_Lobule_L	14926	1796	3160	3626	0	0	448	0	0	0	0	0	0	0	0	0	636	0	8214	12828	0	0	0	0	0	0	0	0	560	0	0	0	3868	9152	1726	206	372	0	0	0	0	0	0	0	96	254	0	0	268	308	784	186	0	0	140	0	1628	0	1280	0	990	0	264	0	102	0	2624	336	0	3842	1208	0	176	0	274	0	2612	0	162	0	136	0	0	0	470	146	0	0	186	0	0	0	0	0	0	0	0	0	0	0	0	0	0	0	0	0	0	0	0	0	0	0	0	0	0	0	
182292	Paracentral_Lobule_R	2110	4054	0	248	0	0	0	0	0	0	0	0	0	0	0	0	0	0	88	15642	0	0	0	0	0	0	0	0	0	0	0	0	364	13124	2124	2154	0	276	0	0	0	0	0	1574	0	4626	0	280	0	7982	0	4004	0	0	0	408	0	13084	140	1742	0	206	0	0	0	778	298	9474	3842	0	0	0	0	0	0	0	0	0	0	0	0	0	0	0	0	1852	0	0	0	672	0	0	0	0	0	0	0	0	0	0	0	0	0	0	0	0	0	0	0	0	0	0	0	0	0	0	
363552	Caudate_L	7414	0	13448	4782	1034	0	1944	606	0	0	5354	5390	5108	582	4040	102	1698	1080	12902	4426	8052	6674	488	502	430	136	3020	214	9604	4750	11730	6514	194	482	0	0	108	96	0	88	184	0	0	0	0	0	0	0	0	0	0	0	0	0	0	0	1098	0	0	0	0	0	0	0	0	0	0	0	1208	0	0	13666	26336	3728	3468	450	4522	604	0	0	348	0	2678	494	0	0	0	0	0	0	0	0	0	0	0	0	0	0	0	0	0	0	0	0	0	0	0	0	0	0	0	0	0	0	0	0	
364416	Caudate_R	1696	206	956	26312	342	838	802	1400	0	0	342	2372	790	480	892	224	98	636	2758	20020	5228	8560	650	5616	606	5150	1542	1952	978	2832	6056	22088	0	2568	0	0	0	376	0	246	96	0	0	0	0	0	0	0	0	0	0	0	0	0	0	168	386	0	0	0	0	0	0	0	0	0	0	0	0	0	13666	0	8156	20452	110	2052	200	10776	0	0	0	0	280	254	0	0	0	0	0	0	0	0	0	0	0	0	0	0	0	0	0	0	0	0	0	0	0	0	0	0	0	0	0	0	0	0	
386076	Putamen_L	5610	0	24016	2008	1546	0	3956	268	152	0	1610	2166	3960	378	5100	0	1932	444	14460	1612	4042	3794	1800	588	338	0	1450	0	20650	1908	11910	4880	240	194	0	152	8582	0	1054	0	340	0	0	0	0	0	0	0	0	0	88	0	0	0	3820	0	3268	0	0	0	464	0	488	0	0	0	0	0	176	0	26336	8156	0	2636	7352	348	2504	168	434	0	1068	0	1410	196	92	0	0	0	2674	0	0	0	0	0	0	0	0	0	220	0	0	0	0	0	0	0	0	0	0	0	0	0	0	0	0	0	
422596	Putamen_R	104	2520	262	21780	226	2674	164	6282	0	1758	128	5908	200	1740	132	5656	0	3814	2238	5986	1420	2970	770	8568	422	5036	588	2762	302	22922	4656	15794	98	1560	308	322	180	19028	0	12340	0	3442	0	0	0	0	0	0	0	0	0	0	0	0	0	9282	0	2158	0	0	0	0	0	0	0	0	0	0	0	0	3728	20452	2636	0	0	3708	0	1980	0	204	0	1016	0	556	0	258	0	0	0	260	0	0	0	0	0	0	0	0	0	0	0	0	0	0	0	0	0	0	0	0	0	0	0	0	0	0	
62520	Pallidum_L	2536	0	6124	0	0	0	842	0	0	0	216	0	0	0	0	0	344	0	5442	0	0	0	0	0	0	0	0	0	506	0	0	0	0	0	0	0	558	0	0	0	0	0	0	0	0	0	0	0	0	0	0	0	0	0	0	0	940	0	0	0	0	0	86	0	0	0	0	0	274	0	3468	110	7352	0	0	0	2370	0	92	0	0	0	0	0	0	0	0	0	0	0	0	0	0	0	0	0	0	0	0	0	0	0	0	0	0	0	0	0	0	0	0	0	0	0	0	0	
31536	Pallidum_R	0	198	0	2406	0	0	0	1106	0	0	0	318	0	0	0	0	0	102	0	610	144	130	0	0	0	0	0	0	0	108	0	0	0	0	0	0	0	1586	0	1182	0	104	0	0	0	0	0	0	0	0	0	0	0	0	0	968	0	106	0	0	0	0	0	0	0	0	0	0	0	0	450	2052	348	3708	0	0	0	142	0	0	0	0	0	0	0	0	0	0	0	0	0	0	0	0	0	0	0	0	0	0	0	0	0	0	0	0	0	0	0	0	0	0	0	0	0	0	
126100	Thalamus_L	14124	92	17898	562	0	0	2586	0	0	0	194	0	86	0	0	0	332	0	5068	378	0	0	0	0	0	0	0	0	1732	0	0	0	0	0	0	420	3328	0	654	0	212	0	0	0	0	0	164	0	0	0	0	0	0	0	104	0	178	0	0	0	0	0	0	0	0	0	0	0	2612	0	4522	200	2504	0	2370	0	0	2500	126	0	104	0	0	0	0	0	0	0	0	0	0	0	0	0	0	0	0	0	0	0	0	0	0	0	0	0	0	0	0	0	0	0	0	0	0	0	
164032	Thalamus_R	586	510	302	25188	0	0	110	1076	0	0	0	94	0	0	0	0	0	444	128	19168	126	278	0	0	0	0	0	0	116	422	0	234	0	0	2328	2582	1706	6286	92	1548	0	120	0	0	0	0	0	172	0	0	0	0	0	0	0	1332	0	234	0	0	0	0	0	0	0	0	0	106	0	0	604	10776	168	1980	0	142	2500	0	0	0	0	138	0	0	0	0	0	0	0	420	0	0	0	0	0	0	0	0	0	0	0	0	0	0	0	0	0	0	0	0	0	0	0	0	0	0	
61896	Heschl_L	1596	0	630	0	0	0	250	0	0	0	164	0	0	0	0	0	4070	0	170	0	0	0	0	0	0	0	0	0	7742	0	0	0	0	0	0	0	3342	0	0	0	0	0	194	0	0	0	540	0	0	0	1076	0	288	0	2264	0	806	0	112	0	154	0	84	0	98	0	0	0	162	0	0	0	434	0	92	0	126	0	0	0	3202	0	0	0	1130	0	0	0	2222	0	0	0	0	0	0	0	0	0	0	0	0	0	0	0	0	0	0	0	0	0	0	0	0	0	0	0	
43396	Heschl_R	0	510	0	430	0	0	0	540	0	0	0	282	0	0	0	0	0	1686	0	102	0	0	0	0	0	0	0	0	0	3608	0	0	0	0	0	0	0	1048	0	340	0	0	0	0	0	112	0	114	0	388	0	778	0	0	0	856	0	146	0	0	0	308	0	1620	0	366	0	118	0	0	0	0	0	204	0	0	0	0	0	0	0	5648	0	0	0	1406	0	0	0	1088	0	0	0	0	0	0	0	0	0	0	0	0	0	0	0	0	0	0	0	0	0	0	0	0	0	0	
212068	Temporal_Sup_L	2480	0	5194	0	0	0	2168	0	0	0	5266	100	412	0	114	0	12746	0	2712	114	0	0	0	0	0	0	0	0	12032	0	152	0	0	0	0	0	2078	0	0	0	0	0	544	0	0	0	466	0	786	0	3514	0	264	0	2764	0	1960	0	538	0	1444	0	4844	0	2356	0	124	0	136	0	348	0	1068	0	0	0	104	0	3202	0	0	0	5098	0	22206	0	0	0	8700	0	0	0	0	0	0	0	0	0	0	0	0	0	0	0	0	0	0	0	0	0	0	0	0	0	0	0	
118812	Temporal_Sup_R	0	1026	0	616	0	0	0	788	0	0	0	764	0	0	0	0	0	2552	0	240	0	0	0	0	0	0	0	0	0	6640	0	0	0	0	0	0	0	2836	0	1484	0	0	0	118	0	220	0	0	0	620	0	1454	0	0	0	1922	0	852	0	170	0	760	0	7550	0	3690	0	176	0	0	0	0	0	1016	0	0	0	138	0	5648	0	0	0	3048	0	13190	0	220	0	1668	0	0	0	0	0	0	0	0	0	0	0	0	0	0	0	0	0	0	0	0	0	0	0	0	0	0	
222096	Temporal_Pole_Sup_L	242	0	8264	772	568	0	2890	104	492	0	13578	968	1298	0	3738	0	10702	240	5544	748	880	0	342	0	0	0	0	0	20098	934	792	520	0	0	0	0	2540	0	1886	0	1222	0	0	0	0	0	0	0	0	0	0	0	0	0	4514	0	0	0	0	0	0	0	0	0	0	0	0	0	0	0	2678	280	1410	0	0	0	0	0	0	0	5098	0	0	146	7104	0	5296	0	5020	0	0	0	0	0	0	0	0	0	140	0	0	0	0	0	0	0	0	0	0	0	0	0	0	0	0	0	
85868	Temporal_Pole_Sup_R	0	0	206	1076	0	140	0	116	0	0	148	1922	0	0	0	318	0	1352	580	888	0	250	0	0	0	0	0	166	172	4758	0	0	0	146	0	0	0	2080	0	2744	0	2300	0	0	0	0	0	0	0	0	0	0	0	0	0	5944	0	0	0	0	0	0	0	0	0	0	0	0	0	0	494	254	196	556	0	0	0	0	0	0	0	3048	146	0	0	3540	0	5122	0	4272	0	0	0	0	0	0	0	0	0	0	0	0	0	0	0	0	0	0	0	0	0	0	0	0	0	0	
216404	Temporal_Mid_L	944	0	284	0	0	0	102	0	0	0	204	0	0	0	0	0	1852	0	172	0	0	0	0	0	0	0	0	0	1190	0	0	0	0	0	116	0	486	0	540	0	0	0	2368	0	654	0	1788	0	1042	0	20852	0	3022	0	6404	0	240	0	772	0	680	0	1032	0	4902	0	1876	0	470	0	0	0	92	0	0	0	0	0	1130	0	22206	0	7104	0	0	0	3640	0	22038	0	0	0	0	0	0	0	0	0	0	0	0	0	0	0	0	0	0	0	0	0	0	0	0	0	0	0	
274096	Temporal_Mid_R	136	954	0	180	0	0	0	264	0	0	0	90	0	0	0	0	0	144	0	1092	0	0	0	0	0	0	0	0	0	2236	0	0	0	1218	0	410	0	2846	0	2184	0	0	90	7556	0	3090	638	5744	0	5474	0	24256	0	3436	172	8868	0	1156	0	618	0	520	0	1496	0	5654	0	4154	146	1852	0	0	0	258	0	0	0	0	0	1406	0	13190	0	3540	0	0	0	3242	0	24474	360	0	0	0	0	0	0	0	860	1266	0	0	0	0	0	0	0	0	0	0	0	1246	532	0	0	0	
34144	Temporal_Pole_Mid_L	0	0	0	0	0	0	0	0	0	0	0	0	0	0	0	0	0	0	0	0	0	0	0	0	0	0	0	0	0	0	0	0	0	0	0	0	294	0	1522	0	430	0	0	0	0	0	0	0	0	0	0	0	0	0	2546	0	0	0	0	0	0	0	0	0	0	0	0	0	0	0	0	0	0	0	0	0	0	0	0	0	0	0	5296	0	3640	0	0	0	3344	0	0	0	0	0	0	0	0	0	0	0	0	0	0	0	0	0	0	0	0	0	0	0	0	0	0	0	
34220	Temporal_Pole_Mid_R	0	0	0	0	0	0	0	0	0	0	0	0	0	0	0	0	0	0	0	0	0	0	0	0	0	0	0	0	0	0	0	0	0	0	0	0	0	166	0	1424	0	296	0	0	0	0	0	0	0	0	0	0	0	0	0	2912	0	0	0	0	0	0	0	0	0	0	0	0	0	0	0	0	0	0	0	0	0	0	0	0	0	220	0	5122	0	3242	0	0	0	3728	0	0	0	0	0	0	0	0	0	0	0	0	0	0	0	0	0	0	0	0	0	0	0	0	0	0	
199312	Temporal_Inf_L	838	0	1866	0	0	0	302	0	0	0	114	0	0	0	0	0	2788	0	364	0	0	0	0	0	0	0	0	0	7048	0	0	0	0	0	0	0	8992	0	414	0	896	0	412	0	0	0	696	0	390	0	4732	0	2812	0	19186	0	266	0	526	0	380	0	334	0	126	0	174	0	186	0	0	0	2674	0	0	0	0	0	2222	0	8700	0	5020	0	22038	0	3344	0	0	0	966	0	0	0	0	0	0	0	726	0	0	0	124	0	0	0	0	0	0	0	0	0	0	0	0	0	
192860	Temporal_Inf_R	0	844	0	326	0	0	0	118	0	0	0	0	0	0	0	242	0	122	0	636	0	0	0	0	0	0	0	0	0	2326	0	0	0	322	0	618	0	5338	0	3520	0	252	0	358	0	482	474	2302	0	1944	0	4190	0	3914	134	22734	0	410	0	94	0	0	0	198	0	232	0	1104	0	672	0	0	0	260	0	0	0	420	0	1088	0	1668	0	4272	0	24474	0	3728	0	0	278	2018	0	0	0	0	0	176	686	1678	0	0	0	350	0	0	0	0	0	0	0	996	432	0	0	0	
428484	Cerebelum_Crus1_L	0	0	0	0	0	0	0	0	0	0	0	0	0	0	0	0	0	0	0	0	0	0	0	0	0	0	0	0	0	0	0	0	0	0	0	0	0	0	212	102	0	0	594	102	0	0	6578	1108	194	0	1878	0	2732	252	18842	1356	0	0	0	0	0	0	0	0	0	0	0	112	0	0	0	0	0	0	0	0	0	0	0	0	0	0	0	0	0	360	0	0	966	278	0	2544	33830	1640	2846	0	15612	374	49762	3628	16012	746	23698	1586	8744	402	2776	0	0	200	1200	3374	6552	1938	894	218	
414400	Cerebelum_Crus1_R	0	0	0	0	0	0	0	0	0	0	0	0	0	0	0	0	0	0	0	0	0	0	0	0	0	0	0	0	0	0	0	0	0	0	0	0	0	0	0	194	0	0	0	200	0	0	844	5096	0	124	0	156	0	1724	524	16346	0	0	0	0	0	0	0	0	0	0	0	0	0	0	0	0	0	0	0	0	0	0	0	0	0	0	0	0	0	0	0	0	0	2018	2544	0	1816	23382	436	1742	1742	16546	2788	54886	702	7422	1614	24974	1354	9160	0	1828	286	1260	3406	5078	9088	3740	3642	538	
302760	Cerebelum_Crus2_L	0	0	0	0	0	0	0	0	0	0	0	0	0	0	0	0	0	0	0	0	0	0	0	0	0	0	0	0	0	0	0	0	0	0	0	0	0	0	0	0	0	0	0	0	0	0	1158	156	0	0	0	0	110	0	1554	154	0	0	0	0	0	0	0	0	0	0	0	0	0	0	0	0	0	0	0	0	0	0	0	0	0	0	0	0	0	0	0	0	0	0	33830	1816	0	5388	484	0	2334	90	6850	1406	36950	3482	32360	3402	7518	172	1688	0	0	0	206	684	5668	3636	284	0	
225004	Cerebelum_Crus2_R	0	0	0	0	0	0	0	0	0	0	0	0	0	0	0	0	0	0	0	0	0	0	0	0	0	0	0	0	0	0	0	0	0	0	0	0	0	0	0	0	0	0	0	0	0	0	234	1004	0	0	0	0	0	166	98	892	0	0	0	0	0	0	0	0	0	0	0	0	0	0	0	0	0	0	0	0	0	0	0	0	0	0	0	0	0	0	0	0	0	0	1640	23382	5388	0	0	0	0	376	590	4940	5162	21034	5116	25156	362	2982	0	470	0	0	0	736	7106	5212	358	98	
59352	Cerebelum_3_L	0	0	0	0	0	0	0	0	0	0	0	0	0	0	0	0	0	0	0	0	0	0	0	0	0	0	0	0	0	0	0	0	0	0	0	0	0	0	870	0	0	0	0	0	0	0	466	152	0	0	0	0	0	0	458	132	0	0	0	0	0	0	0	0	0	0	0	0	0	0	0	0	0	0	0	0	0	0	0	0	0	0	0	0	0	0	0	0	0	0	2846	436	484	0	0	392	9448	466	4812	882	246	0	520	0	1084	318	0	0	880	1558	1622	844	122	198	324	116	
43448	Cerebelum_3_R	0	0	0	0	0	0	0	0	0	0	0	0	0	0	0	0	0	0	0	0	0	0	0	0	0	0	0	0	0	0	0	0	0	0	0	0	0	0	212	330	0	0	0	0	0	0	128	640	0	0	0	0	0	0	0	1156	0	0	0	0	0	0	0	0	0	0	0	0	0	0	0	0	0	0	0	0	0	0	0	0	0	0	0	0	0	0	0	0	0	0	0	1742	0	0	392	0	650	5084	0	5314	0	0	0	124	124	636	0	0	722	2192	1204	480	0	0	478	116	
310152	Cerebelum_4_5_L	0	0	0	0	0	0	0	0	0	0	0	0	0	0	0	0	0	0	0	0	0	0	0	0	0	0	0	0	0	0	0	0	0	0	0	0	462	0	2548	90	0	0	0	0	0	0	8518	3614	0	0	246	0	244	262	13398	3452	0	0	0	0	0	0	0	0	0	0	216	0	0	0	0	0	0	0	0	0	0	0	0	0	0	0	0	0	0	0	0	0	0	0	15612	1742	2334	0	9448	650	0	6354	34046	5778	1404	0	2172	0	5442	2652	322	274	1018	2034	16834	7878	286	904	2374	2468	
256340	Cerebelum_4_5_R	0	0	0	0	0	0	0	0	0	0	0	0	0	0	0	0	0	0	0	0	0	0	0	0	0	0	0	0	0	0	0	0	0	0	0	0	0	520	0	1764	0	0	0	132	0	0	1684	9072	0	0	106	0	0	1054	1006	17412	0	0	0	0	0	0	0	0	0	0	0	214	0	0	0	0	0	0	0	0	0	0	0	0	0	0	0	0	0	0	0	0	0	176	374	16546	90	376	466	5084	6354	0	3516	32310	0	202	0	1000	284	2538	0	526	574	1806	14072	5050	434	904	1748	776	
454148	Cerebelum_6_L	0	0	138	0	0	0	0	0	0	0	0	0	0	0	0	0	0	0	0	0	0	0	0	0	0	0	0	0	496	0	0	0	0	0	0	0	642	0	394	278	0	0	646	328	0	84	16282	5950	206	104	2266	122	2708	462	30690	5182	0	0	0	0	0	0	0	102	0	0	0	260	0	0	0	0	220	0	0	0	0	0	0	0	0	0	140	0	0	860	0	0	726	686	49762	2788	6850	590	4812	0	34046	3516	0	8472	3160	0	5674	126	4654	852	1204	184	270	698	7614	12284	6466	1290	1384	406	
507700	Cerebelum_6_R	0	92	0	0	0	0	0	0	0	0	0	0	0	0	0	0	0	0	0	0	0	0	0	0	0	0	0	0	0	0	0	0	0	0	0	0	0	228	0	926	0	0	0	538	0	110	4102	13468	0	136	138	244	0	2802	2078	28894	0	0	0	0	0	0	0	160	0	0	0	408	0	0	0	0	0	0	0	0	0	0	0	0	0	0	0	0	0	1266	0	0	0	1678	3628	54886	1406	4940	882	5314	5778	32310	8472	0	472	1624	1218	9428	1882	8462	0	2252	666	2166	10514	15346	11604	5884	6882	566	
244564	Cerebelum_7b_L	0	0	0	0	0	0	0	0	0	0	0	0	0	0	0	0	0	0	0	0	0	0	0	0	0	0	0	0	0	0	0	0	0	0	0	0	0	0	0	0	0	0	0	0	0	0	0	0	0	0	0	0	0	0	182	0	0	0	0	0	0	0	0	0	0	0	0	0	0	0	0	0	0	0	0	0	0	0	0	0	0	0	0	0	0	0	0	0	0	0	16012	702	36950	5162	246	0	1404	0	3160	472	0	4812	33448	3994	5778	0	1136	0	0	0	0	0	3828	4996	0	0	
169052	Cerebelum_7b_R	0	0	0	0	0	0	0	0	0	0	0	0	0	0	0	0	0	0	0	0	0	0	0	0	0	0	0	0	0	0	0	0	0	0	0	0	0	0	0	0	0	0	0	0	0	0	0	0	0	0	0	0	0	0	0	0	0	0	0	0	0	0	0	0	0	0	0	0	0	0	0	0	0	0	0	0	0	0	0	0	0	0	0	0	0	0	0	0	0	0	746	7422	3482	21034	0	0	0	202	0	1624	4812	0	5850	25252	214	3998	0	84	0	0	0	0	3200	6606	0	0	
320184	Cerebelum_8_L	0	0	0	0	0	0	0	0	0	0	0	0	0	0	0	0	0	0	0	0	0	0	0	0	0	0	0	0	0	0	0	0	0	0	0	0	0	0	0	0	0	0	0	0	0	0	0	0	0	0	0	0	0	0	178	0	0	0	0	0	0	0	0	0	0	0	0	0	0	0	0	0	0	0	0	0	0	0	0	0	0	0	0	0	0	0	0	0	124	0	23698	1614	32360	5116	520	0	2172	0	5674	1218	33448	5850	0	7910	20382	618	3700	0	0	0	0	96	5082	9272	1060	0	
287012	Cerebelum_8_R	0	0	0	0	0	0	0	0	0	0	0	0	0	0	0	0	0	0	0	0	0	0	0	0	0	0	0	0	0	0	0	0	0	0	0	0	0	0	0	0	0	0	0	0	0	0	0	0	0	0	0	0	0	0	0	436	0	0	0	0	0	0	0	0	0	0	0	0	0	0	0	0	0	0	0	0	0	0	0	0	0	0	0	0	0	0	0	0	0	350	1586	24974	3402	25156	0	124	0	1000	126	9428	3994	25252	7910	0	950	20062	0	1740	0	0	100	156	5176	9660	1648	276	
163440	Cerebelum_9_L	0	0	0	0	0	0	0	0	0	0	0	0	0	0	0	0	0	0	0	0	0	0	0	0	0	0	0	0	0	0	0	0	0	0	0	0	0	0	0	0	0	0	0	0	0	0	94	100	0	0	0	0	0	0	0	308	0	0	0	0	0	0	0	0	0	0	0	0	0	0	0	0	0	0	0	0	0	0	0	0	0	0	0	0	0	0	0	0	0	0	8744	1354	7518	362	1084	124	5442	284	4654	1882	5778	214	20382	950	0	2464	3754	280	0	0	2102	3512	1782	3146	4112	1294	
183056	Cerebelum_9_R	0	0	0	0	0	0	0	0	0	0	0	0	0	0	0	0	0	0	0	0	0	0	0	0	0	0	0	0	0	0	0	0	0	0	0	0	0	0	0	0	0	0	0	0	0	0	0	564	0	0	0	0	0	218	0	1432	0	0	0	0	0	0	0	0	0	0	0	0	0	0	0	0	0	0	0	0	0	0	0	0	0	0	0	0	0	0	0	0	0	0	402	9160	172	2982	318	636	2652	2538	852	8462	0	3998	618	20062	2464	0	0	4174	156	242	3378	5112	2250	6298	9678	2710	
29160	Cerebelum_10_L	0	0	0	0	0	0	0	0	0	0	0	0	0	0	0	0	0	0	0	0	0	0	0	0	0	0	0	0	0	0	0	0	0	0	0	0	0	0	0	0	0	0	0	0	0	0	0	0	0	0	0	0	0	0	0	0	0	0	0	0	0	0	0	0	0	0	0	0	0	0	0	0	0	0	0	0	0	0	0	0	0	0	0	0	0	0	0	0	0	0	2776	0	1688	0	0	0	322	0	1204	0	1136	0	3700	0	3754	0	0	0	0	0	0	0	0	0	0	0	
34212	Cerebelum_10_R	0	0	0	0	0	0	0	0	0	0	0	0	0	0	0	0	0	0	0	0	0	0	0	0	0	0	0	0	0	0	0	0	0	0	0	0	0	0	0	0	0	0	0	0	0	0	0	136	0	0	0	0	0	118	0	486	0	0	0	0	0	0	0	0	0	0	0	0	0	0	0	0	0	0	0	0	0	0	0	0	0	0	0	0	0	0	0	0	0	0	0	1828	0	470	0	0	274	526	184	2252	0	84	0	1740	280	4174	0	0	0	0	292	896	118	1552	1696	0	
22248	Vermis_1_2	0	0	0	0	0	0	0	0	0	0	0	0	0	0	0	0	0	0	0	0	0	0	0	0	0	0	0	0	0	0	0	0	0	0	0	0	0	0	268	0	0	0	0	0	0	0	226	0	0	0	0	0	0	0	0	0	0	0	0	0	0	0	0	0	0	0	0	0	0	0	0	0	0	0	0	0	0	0	0	0	0	0	0	0	0	0	0	0	0	0	0	286	0	0	880	722	1018	574	270	666	0	0	0	0	0	156	0	0	0	3990	1702	212	0	0	154	0	
42376	Vermis_3	0	0	0	0	0	0	0	0	0	0	0	0	0	0	0	0	0	0	0	0	0	0	0	0	0	0	0	0	0	0	0	0	0	0	0	0	0	0	376	0	0	0	0	0	0	0	328	118	0	0	0	0	0	0	88	0	0	0	0	0	0	0	0	0	0	0	0	0	0	0	0	0	0	0	0	0	0	0	0	0	0	0	0	0	0	0	0	0	0	0	200	1260	0	0	1558	2192	2034	1806	698	2166	0	0	0	0	0	242	0	0	3990	0	3350	380	0	0	280	122	
