data	data	335840	249924	1.03006e+06	744004	133884	157884	482956	199796	96244	48616	288632	249900	436096	227876	289912	115696	299192	131344	893536	766152	66772	58796	215356	361772	12536	95596	32392	37748	762436	393088	218664	418212	121340	545256	107888	146868	172200	240244	106060	177640	30724	63484	184396	219520	140860	248396	246036	266664	122860	256436	464248	239684	176640	69328	377360	354196	338080	321872	202356	97576	297736	145836	122784	135540	190780	97236	236908	303780	160764	153324	243784	412204	309048	357440	44584	31464	112608	118852	52964	43964	238332	106348	122152	82848	339444	155856	55956	43456	335924	147056	577012	547108	330928	424132	66204	97156	317960	285896	555192	550560	250048	239624	333524	369096	143108	184620	30564	27820	19640	78196	308056	305476	347448	230100	195188	52180	
data	data	Precentral_L	Precentral_R	Frontal_Sup_L	Frontal_Sup_R	Frontal_Sup_Orb_L	Frontal_Sup_Orb_R	Frontal_Mid_L	Frontal_Mid_R	Frontal_Mid_Orb_L	Frontal_Mid_Orb_R	Frontal_Inf_Oper_L	Frontal_Inf_Oper_R	Frontal_Inf_Tri_L	Frontal_Inf_Tri_R	Frontal_Inf_Orb_L	Frontal_Inf_Orb_R	Rolandic_Oper_L	Rolandic_Oper_R	Supp_Motor_Area_L	Supp_Motor_Area_R	Olfactory_L	Olfactory_R	Frontal_Sup_Medial_L	Frontal_Sup_Medial_R	Frontal_Med_Orb_L	Frontal_Med_Orb_R	Rectus_L	Rectus_R	Insula_L	Insula_R	Cingulum_Ant_L	Cingulum_Ant_R	Cingulum_Mid_L	Cingulum_Mid_R	Cingulum_Post_L	Cingulum_Post_R	Hippocampus_L	Hippocampus_R	ParaHippocampal_L	ParaHippocampal_R	Amygdala_L	Amygdala_R	Calcarine_L	Calcarine_R	Cuneus_L	Cuneus_R	Lingual_L	Lingual_R	Occipital_Sup_L	Occipital_Sup_R	Occipital_Mid_L	Occipital_Mid_R	Occipital_Inf_L	Occipital_Inf_R	Fusiform_L	Fusiform_R	Postcentral_L	Postcentral_R	Parietal_Sup_L	Parietal_Sup_R	Parietal_Inf_L	Parietal_Inf_R	SupraMarginal_L	SupraMarginal_R	Angular_L	Angular_R	Precuneus_L	Precuneus_R	Paracentral_Lobule_L	Paracentral_Lobule_R	Caudate_L	Caudate_R	Putamen_L	Putamen_R	Pallidum_L	Pallidum_R	Thalamus_L	Thalamus_R	Heschl_L	Heschl_R	Temporal_Sup_L	Temporal_Sup_R	Temporal_Pole_Sup_L	Temporal_Pole_Sup_R	Temporal_Mid_L	Temporal_Mid_R	Temporal_Pole_Mid_L	Temporal_Pole_Mid_R	Temporal_Inf_L	Temporal_Inf_R	Cerebelum_Crus1_L	Cerebelum_Crus1_R	Cerebelum_Crus2_L	Cerebelum_Crus2_R	Cerebelum_3_L	Cerebelum_3_R	Cerebelum_4_5_L	Cerebelum_4_5_R	Cerebelum_6_L	Cerebelum_6_R	Cerebelum_7b_L	Cerebelum_7b_R	Cerebelum_8_L	Cerebelum_8_R	Cerebelum_9_L	Cerebelum_9_R	Cerebelum_10_L	Cerebelum_10_R	Vermis_1_2	Vermis_3	Vermis_4_5	Vermis_6	Vermis_7	Vermis_8	Vermis_9	Vermis_10	
335840	Precentral_L	0	2442	10962	2402	0	0	16942	0	0	0	12768	0	3048	0	0	0	10810	0	10904	5034	0	0	0	122	0	0	0	0	6860	0	874	128	1014	3470	654	244	204	0	0	0	0	0	0	0	0	0	0	0	0	0	4534	0	258	0	0	0	29282	192	2708	0	6190	146	3084	152	1514	0	718	0	15024	716	3664	874	966	342	414	0	772	222	1310	0	3002	0	0	0	1864	0	0	0	1090	0	0	0	0	0	0	0	0	0	0	0	0	0	0	0	0	0	0	0	0	0	0	0	0	0	0	0	
249924	Precentral_R	2442	0	1270	12562	0	0	698	3116	0	0	0	9064	0	0	0	0	0	694	2402	9994	0	0	0	0	0	0	0	0	0	1960	0	0	0	8546	1266	1334	0	2428	0	0	0	0	0	1054	0	1202	0	0	0	1440	0	1134	0	280	0	262	254	23948	0	2424	132	5996	0	7480	0	0	0	3172	2554	6046	782	284	0	3402	0	378	172	1946	0	304	0	494	0	0	0	374	0	0	0	1672	0	0	0	0	0	0	0	0	0	0	0	0	0	0	0	0	0	0	0	0	0	0	0	0	0	0	
1.03006e+06	Frontal_Sup_L	10962	1270	0	12996	7212	394	67572	2150	2182	0	17750	2446	22554	962	9726	976	21242	2060	102044	19854	602	0	34272	3712	672	388	118	0	50008	2014	12012	4944	4930	6170	0	256	4230	1376	214	0	208	0	0	0	0	0	0	0	0	0	0	0	0	0	0	0	7478	362	0	0	2850	276	1282	306	0	0	0	0	2400	0	7824	10744	25412	5982	5330	168	7168	546	1692	0	2450	124	806	1354	0	0	0	0	0	0	0	0	0	0	0	0	0	0	0	0	0	0	0	0	0	0	0	0	0	0	0	0	0	0	0	0	
744004	Frontal_Sup_R	2402	12562	12996	0	0	9190	2010	24644	0	1152	848	15284	1748	11436	1292	4650	862	9790	20256	70226	0	0	3584	35686	0	2590	0	0	2396	18040	3626	27914	2006	20036	0	562	0	1486	0	312	0	0	0	0	0	0	0	0	0	144	0	228	0	120	0	144	0	2104	0	162	0	520	0	870	0	0	0	148	1892	634	956	15496	150	14760	0	2476	238	6770	0	266	0	1416	0	2626	0	0	0	0	0	296	0	0	0	0	0	0	0	0	0	0	0	0	0	0	0	0	0	0	0	0	0	0	0	0	0	0	
133884	Frontal_Sup_Orb_L	0	0	7212	0	0	122	3326	0	13326	0	122	0	2704	0	9332	0	0	0	1312	0	1176	308	1486	0	2068	0	4454	208	5300	0	2530	132	0	0	0	0	0	0	0	0	122	0	0	0	0	0	0	0	0	0	0	0	0	0	0	0	0	0	0	0	0	0	0	0	0	0	0	0	0	0	2234	112	9044	0	0	0	0	0	0	0	0	0	312	0	0	0	0	0	0	0	0	0	0	0	0	0	0	0	0	0	0	0	0	0	0	0	0	0	0	0	0	0	0	0	0	0	
157884	Frontal_Sup_Orb_R	0	0	394	9190	122	0	0	1876	0	5532	110	0	266	3084	238	3610	0	0	1336	3526	444	966	268	9236	0	8946	226	4946	346	3946	504	8830	186	2252	0	0	0	0	0	0	0	0	0	0	0	0	0	0	0	0	0	0	0	0	0	0	0	0	0	0	0	0	0	0	0	0	0	0	0	0	496	3762	260	4044	0	0	0	0	0	0	0	0	0	0	0	0	0	0	0	0	0	0	0	0	0	0	0	0	0	0	0	0	0	0	0	0	0	0	0	0	0	0	0	0	0	0	
482956	Frontal_Mid_L	16942	698	67572	2010	3326	0	0	276	2942	0	14720	214	35190	104	7332	0	10340	122	12530	2092	192	0	13508	1126	0	0	0	0	27196	190	5158	1394	1736	1792	0	0	132	0	0	0	0	0	0	0	0	0	0	0	0	0	0	0	0	0	0	0	2212	0	0	0	490	0	190	0	0	0	0	0	254	0	2808	1996	1996	898	188	0	432	288	0	0	770	0	122	0	0	0	0	0	0	0	0	0	0	0	0	0	0	0	0	0	0	0	0	0	0	0	0	0	0	0	0	0	0	0	0	0	
199796	Frontal_Mid_R	0	3116	2150	24644	0	1876	276	0	0	1990	148	8424	370	17980	316	3524	124	3486	1822	4958	0	0	0	3792	0	0	0	0	316	9784	0	1068	0	2790	0	0	0	1392	0	0	0	0	0	0	0	0	0	0	0	0	0	0	0	0	0	0	0	602	0	0	0	0	0	0	0	0	0	0	0	0	186	918	0	2068	0	0	0	494	0	0	0	618	0	666	0	0	0	0	0	0	0	0	0	0	0	0	0	0	0	0	0	0	0	0	0	0	0	0	0	0	0	0	0	0	0	0	
96244	Frontal_Mid_Orb_L	0	0	2182	0	13326	0	2942	0	0	0	110	0	2986	0	13860	0	0	0	546	0	0	0	0	0	526	0	3076	0	4398	0	208	0	0	0	0	0	0	0	0	0	0	0	0	0	0	0	0	0	0	0	0	0	0	0	0	0	0	0	0	0	0	0	0	0	0	0	0	0	0	0	414	0	3548	0	0	0	0	0	0	0	0	0	0	0	0	0	0	0	0	0	0	0	0	0	0	0	0	0	0	0	0	0	0	0	0	0	0	0	0	0	0	0	0	0	0	0	
48616	Frontal_Mid_Orb_R	0	0	0	1152	0	5532	0	1990	0	0	0	0	0	1604	0	7678	0	0	0	256	0	0	0	150	0	0	0	196	0	3404	0	0	0	0	0	0	0	0	0	0	0	0	0	0	0	0	0	0	0	0	0	0	0	0	0	0	0	0	0	0	0	0	0	0	0	0	0	0	0	0	0	0	0	2346	0	0	0	0	0	0	0	0	0	0	0	0	0	0	0	0	0	0	0	0	0	0	0	0	0	0	0	0	0	0	0	0	0	0	0	0	0	0	0	0	0	0	
288632	Frontal_Inf_Oper_L	12768	0	17750	848	122	110	14720	148	110	0	0	894	16708	168	1176	0	15426	320	12970	866	0	0	218	386	0	0	0	0	23798	958	2870	640	0	138	0	0	0	0	0	0	0	0	0	0	0	0	0	0	0	0	0	0	0	0	0	0	4780	0	0	0	952	0	780	0	468	0	0	0	0	0	1270	4808	1158	3322	0	0	0	0	286	0	1170	0	1210	0	0	0	0	0	0	0	0	0	0	0	0	0	0	0	0	0	0	0	0	0	0	0	0	0	0	0	0	0	0	0	0	0	
249900	Frontal_Inf_Oper_R	0	9064	2446	15284	0	0	214	8424	0	0	894	0	3042	11790	2020	378	0	6202	3916	9190	0	0	0	1002	0	0	0	0	2836	17072	126	1084	0	2128	0	0	0	1796	0	152	0	0	0	0	0	0	0	0	0	0	0	430	0	328	0	356	0	6608	0	0	0	764	0	1866	0	0	0	0	0	0	1408	1578	190	6642	0	488	0	1146	0	192	0	488	0	2872	0	120	0	0	0	414	0	0	0	0	0	0	0	0	0	0	0	0	0	0	0	0	0	0	0	0	0	0	0	0	0	0	
436096	Frontal_Inf_Tri_L	3048	0	22554	1748	2704	266	35190	370	2986	0	16708	3042	0	1644	29674	900	1782	522	10442	1620	0	0	1412	896	0	222	0	0	42002	3070	5328	2720	0	162	0	0	0	0	0	0	0	0	0	0	0	0	0	0	0	0	0	0	0	0	0	0	662	0	0	0	128	0	146	0	0	0	0	0	0	0	9248	8612	5356	1890	0	0	0	234	0	0	184	0	302	274	0	0	0	0	0	0	0	0	0	0	0	0	0	0	0	0	0	0	0	0	0	0	0	0	0	0	0	0	0	0	0	0	
227876	Frontal_Inf_Tri_R	0	0	962	11436	0	3084	104	17980	0	1604	168	11790	1644	0	1314	11184	0	514	1836	5702	0	0	354	4436	0	318	0	0	846	21662	218	5386	286	5264	0	0	0	0	0	0	0	0	0	0	0	0	0	0	0	0	0	0	0	0	0	0	0	0	0	0	0	0	0	0	0	0	0	0	0	0	1200	2632	178	1688	0	0	0	0	0	0	0	0	0	148	0	0	0	0	0	0	0	0	0	0	0	0	0	0	0	0	0	0	0	0	0	0	0	0	0	0	0	0	0	0	0	0	
289912	Frontal_Inf_Orb_L	0	0	9726	1292	9332	238	7332	316	13860	0	1176	2020	29674	1314	0	876	346	390	5686	1146	2158	0	400	522	0	172	582	0	25234	2050	1746	2018	0	0	0	0	218	0	200	0	298	0	0	0	0	0	0	0	0	0	0	0	0	0	0	0	0	0	0	0	0	0	0	0	0	0	0	0	0	0	6430	6214	7416	680	0	0	0	0	0	0	428	0	3228	238	0	0	0	0	0	0	0	0	0	0	0	0	0	0	0	0	0	0	0	0	0	0	0	0	0	0	0	0	0	0	0	0	
115696	Frontal_Inf_Orb_R	0	0	976	4650	0	3610	0	3524	0	7678	0	378	900	11184	876	0	0	218	484	1584	0	174	0	1734	0	626	0	0	210	10322	0	2626	0	896	0	0	0	0	0	0	0	0	0	0	0	0	0	0	0	0	0	0	0	0	0	0	0	0	0	0	0	0	0	0	0	0	0	0	0	0	412	2536	0	1442	0	0	0	0	0	0	0	0	0	704	0	0	0	104	0	0	0	0	0	0	0	0	0	0	0	0	0	0	0	0	0	0	0	0	0	0	0	0	0	0	0	0	
299192	Rolandic_Oper_L	10810	0	21242	862	0	0	10340	124	0	0	15426	0	1782	0	346	0	0	0	15090	1226	0	0	0	138	0	0	0	0	30638	132	604	202	0	362	0	0	300	0	0	0	0	0	0	0	0	0	0	0	0	0	890	0	570	0	0	0	9798	0	916	0	1892	0	2206	0	128	0	384	0	314	0	348	1384	890	776	220	0	192	0	4740	0	7410	0	788	0	3466	0	0	0	2660	0	0	0	0	0	0	0	0	0	0	0	0	0	0	0	0	0	0	0	0	0	0	0	0	0	0	0	
131344	Rolandic_Oper_R	0	694	2060	9790	0	0	122	3486	0	0	320	6202	522	514	390	218	0	0	1480	6202	0	0	0	400	0	0	0	0	644	11380	0	108	0	496	0	122	0	432	0	0	0	0	0	0	0	0	0	0	0	0	0	0	0	0	0	0	0	3476	0	0	0	0	0	3612	0	0	0	0	0	0	136	468	0	1504	0	0	0	0	0	2978	0	4534	0	3382	0	0	0	0	0	0	0	0	0	0	0	0	0	0	0	0	0	0	0	0	0	0	0	0	0	0	0	0	0	0	0	0	
893536	Supp_Motor_Area_L	10904	2402	102044	20256	1312	1336	12530	1822	546	0	12970	3916	10442	1836	5686	484	15090	1480	0	46124	572	0	3158	3714	0	910	0	0	34170	3518	3546	7064	8548	18950	508	468	5130	1528	260	170	608	0	0	0	0	0	0	0	0	0	136	0	0	0	0	0	6946	488	0	0	2602	284	1130	318	0	0	0	0	6026	264	8314	11978	23568	6404	7000	416	20946	716	1678	0	2164	110	718	560	0	0	0	0	0	0	0	0	0	0	0	0	0	0	0	0	0	0	0	0	0	0	0	0	0	0	0	0	0	0	0	0	
766152	Supp_Motor_Area_R	5034	9994	19854	70226	0	3526	2092	4958	0	256	866	9190	1620	5702	1146	1584	1226	6202	46124	0	0	0	1270	14822	0	2164	0	0	2792	10760	898	15074	5150	52120	2064	5344	0	1114	0	342	0	0	0	392	0	316	0	0	0	918	0	328	0	0	0	158	0	4682	0	912	0	820	0	1202	0	0	0	1588	6532	10498	1164	20108	114	14218	0	2264	160	9786	0	256	0	794	0	1592	0	166	0	0	0	594	0	0	0	0	0	0	0	0	0	0	0	0	0	0	0	0	0	0	0	0	0	0	0	0	0	0	
66772	Olfactory_L	0	0	602	0	1176	444	192	0	0	0	0	0	0	0	2158	0	0	0	572	0	0	4342	0	0	0	0	966	1344	3394	0	2092	1232	0	0	0	0	532	0	362	0	524	0	0	0	0	0	0	0	0	0	0	0	0	0	0	0	0	0	0	0	0	0	0	0	0	0	0	0	0	0	4978	2310	4126	838	0	0	0	108	0	0	0	0	1094	0	0	0	0	0	0	0	0	0	0	0	0	0	0	0	0	0	0	0	0	0	0	0	0	0	0	0	0	0	0	0	0	0	
58796	Olfactory_R	0	0	0	0	308	966	0	0	0	0	0	0	0	0	0	174	0	0	0	0	4342	0	0	0	0	330	702	2300	0	942	2066	1568	0	0	0	0	0	0	0	0	0	0	0	0	0	0	0	0	0	0	0	0	0	0	0	0	0	0	0	0	0	0	0	0	0	0	0	0	0	0	5828	4212	3798	1592	0	0	0	270	0	0	0	0	0	0	0	0	0	0	0	0	0	0	0	0	0	0	0	0	0	0	0	0	0	0	0	0	0	0	0	0	0	0	0	0	0	0	
215356	Frontal_Sup_Medial_L	0	0	34272	3584	1486	268	13508	0	0	0	218	0	1412	354	400	0	0	0	3158	1270	0	0	0	13652	1018	274	0	0	924	176	11804	6702	5116	6776	0	0	0	0	0	0	0	0	0	0	0	0	0	0	0	0	0	0	0	0	0	0	0	0	0	0	0	0	0	0	0	0	0	0	0	0	836	118	352	0	0	0	0	0	0	0	0	0	0	0	0	0	0	0	0	0	0	0	0	0	0	0	0	0	0	0	0	0	0	0	0	0	0	0	0	0	0	0	0	0	0	0	
361772	Frontal_Sup_Medial_R	122	0	3712	35686	0	9236	1126	3792	0	150	386	1002	896	4436	522	1734	138	400	3714	14822	0	0	13652	0	0	6022	0	0	930	4222	6638	33482	1820	20500	0	0	0	208	0	0	0	0	0	0	0	0	0	0	0	0	0	0	0	0	0	0	0	0	0	0	0	0	0	0	0	0	0	0	0	0	198	6328	0	5012	0	0	0	0	0	0	0	0	0	0	0	0	0	0	0	0	0	0	0	0	0	0	0	0	0	0	0	0	0	0	0	0	0	0	0	0	0	0	0	0	0	0	
12536	Frontal_Med_Orb_L	0	0	672	0	2068	0	0	0	526	0	0	0	0	0	0	0	0	0	0	0	0	0	1018	0	0	0	1060	0	0	0	808	0	0	0	0	0	0	0	0	0	0	0	0	0	0	0	0	0	0	0	0	0	0	0	0	0	0	0	0	0	0	0	0	0	0	0	0	0	0	0	116	0	0	0	0	0	0	0	0	0	0	0	0	0	0	0	0	0	0	0	0	0	0	0	0	0	0	0	0	0	0	0	0	0	0	0	0	0	0	0	0	0	0	0	0	0	
95596	Frontal_Med_Orb_R	0	0	388	2590	0	8946	0	0	0	0	0	0	222	318	172	626	0	0	910	2164	0	330	274	6022	0	0	114	3562	280	558	306	6686	104	1238	0	0	0	0	0	0	0	0	0	0	0	0	0	0	0	0	0	0	0	0	0	0	0	0	0	0	0	0	0	0	0	0	0	0	0	0	0	6574	0	5414	0	0	0	0	0	0	0	0	0	0	0	0	0	0	0	0	0	0	0	0	0	0	0	0	0	0	0	0	0	0	0	0	0	0	0	0	0	0	0	0	0	0	
32392	Rectus_L	0	0	118	0	4454	226	0	0	3076	0	0	0	0	0	582	0	0	0	0	0	966	702	0	0	1060	114	0	578	276	0	1504	412	0	0	0	0	0	0	0	0	0	0	0	0	0	0	0	0	0	0	0	0	0	0	0	0	0	0	0	0	0	0	0	0	0	0	0	0	0	0	1318	0	810	0	0	0	0	0	0	0	0	0	0	0	0	0	0	0	0	0	0	0	0	0	0	0	0	0	0	0	0	0	0	0	0	0	0	0	0	0	0	0	0	0	0	0	
37748	Rectus_R	0	0	0	0	208	4946	0	0	0	196	0	0	0	0	0	0	0	0	0	0	1344	2300	0	0	0	3562	578	0	0	474	800	806	0	0	0	0	0	0	0	0	0	0	0	0	0	0	0	0	0	0	0	0	0	0	0	0	0	0	0	0	0	0	0	0	0	0	0	0	0	0	1310	764	784	802	0	0	0	0	0	0	0	0	0	0	0	0	0	0	0	0	0	0	0	0	0	0	0	0	0	0	0	0	0	0	0	0	0	0	0	0	0	0	0	0	0	0	
762436	Insula_L	6860	0	50008	2396	5300	346	27196	316	4398	0	23798	2836	42002	846	25234	210	30638	644	34170	2792	3394	0	924	930	0	280	276	0	0	2916	5300	2042	132	528	0	0	6938	0	1896	0	2370	0	0	0	0	0	0	0	0	0	598	0	918	0	6860	0	4034	0	266	0	1496	0	988	0	0	0	200	0	0	0	5398	7186	17304	3160	244	0	3346	210	3832	0	13808	0	5284	316	5066	0	754	0	11496	0	312	0	0	0	0	0	0	0	226	0	0	0	0	0	0	0	0	0	0	0	0	0	0	0	0	0	
393088	Insula_R	0	1960	2014	18040	0	3946	190	9784	0	3404	958	17072	3070	21662	2050	10322	132	11380	3518	10760	0	942	176	4222	0	558	0	474	2916	0	254	6106	282	4908	176	294	0	4386	0	1514	0	404	0	0	0	0	0	320	0	0	0	0	0	114	0	1944	0	1940	0	0	0	0	0	478	0	0	0	300	0	118	1388	1416	190	16462	0	216	0	666	0	4640	0	8480	0	2886	0	5062	0	184	0	1866	0	0	0	0	0	0	0	0	0	0	0	0	0	0	0	0	0	0	0	0	0	0	0	0	0	0	
218664	Cingulum_Ant_L	874	0	12012	3626	2530	504	5158	0	208	0	2870	126	5328	218	1746	0	604	0	3546	898	2092	2066	11804	6638	808	306	1504	800	5300	254	0	12158	5868	3538	0	0	0	0	0	0	0	0	0	0	0	0	0	0	0	0	0	0	0	0	0	0	0	0	0	0	0	0	0	0	0	0	0	0	0	0	6628	2468	4816	2036	0	0	0	0	0	0	0	0	0	0	0	0	0	0	0	0	0	0	0	0	0	0	0	0	0	0	0	0	0	0	0	0	0	0	0	0	0	0	0	0	0	0	
418212	Cingulum_Ant_R	128	0	4944	27914	132	8830	1394	1068	0	0	640	1084	2720	5386	2018	2626	202	108	7064	15074	1232	1568	6702	33482	0	6686	412	806	2042	6106	12158	0	3130	21476	0	0	0	0	0	0	0	0	0	0	0	0	0	0	0	0	0	0	0	0	0	0	0	0	0	0	0	0	0	0	0	0	0	0	0	0	2768	17344	1108	10754	0	0	0	0	0	0	0	0	0	0	0	0	0	0	0	0	0	0	0	0	0	0	0	0	0	0	0	0	0	0	0	0	0	0	0	0	0	0	0	0	0	0	
121340	Cingulum_Mid_L	1014	0	4930	2006	0	186	1736	0	0	0	0	0	0	286	0	0	0	0	8548	5150	0	0	5116	1820	0	104	0	0	132	282	5868	3130	0	9194	914	452	0	0	0	0	0	0	0	0	578	0	0	0	1156	0	1024	0	0	0	0	0	0	188	320	0	0	0	0	0	0	0	2238	428	3184	346	0	212	0	0	0	0	0	0	0	0	0	0	0	0	128	0	0	0	0	0	0	0	0	0	0	0	0	0	0	0	0	0	0	0	0	0	0	0	0	0	0	0	0	0	0	0	
545256	Cingulum_Mid_R	3470	8546	6170	20036	0	2252	1792	2790	0	0	138	2128	162	5264	0	896	362	496	18950	52120	0	0	6776	20500	0	1238	0	0	528	4908	3538	21476	9194	0	2630	8854	0	456	0	210	0	0	0	1160	0	3748	0	0	0	2826	0	772	0	0	0	150	0	11738	0	2480	0	1124	0	542	0	0	366	11946	5410	18054	0	1766	0	3318	0	0	0	0	0	0	0	274	0	0	0	208	0	0	0	502	0	0	0	0	0	0	0	0	0	0	0	0	0	0	0	0	0	0	0	0	364	0	0	0	0	0	
107888	Cingulum_Post_L	654	1266	0	0	0	0	0	0	0	0	0	0	0	0	0	0	0	0	508	2064	0	0	0	0	0	0	0	0	0	176	0	0	914	2630	0	10778	4316	1976	2984	916	0	0	3454	0	606	0	1410	144	352	0	1838	0	288	0	914	0	0	432	606	0	0	0	0	0	0	0	6438	2148	3450	2222	0	0	0	0	0	0	0	0	0	0	0	0	0	0	0	0	0	0	0	0	0	0	0	0	0	0	0	0	0	0	0	0	0	0	0	0	0	0	0	0	460	0	0	0	0	0	
146868	Cingulum_Post_R	244	1334	256	562	0	0	0	0	0	0	0	0	0	0	0	0	0	122	468	5344	0	0	0	0	0	0	0	0	0	294	0	0	452	8854	10778	0	4284	3126	2506	1644	0	0	0	1244	0	940	416	1002	0	600	138	306	0	0	854	244	0	3160	0	0	0	0	0	0	0	0	1176	9648	810	5722	0	0	0	0	0	0	626	558	0	114	0	0	0	0	0	0	0	0	0	132	0	0	0	0	0	0	0	340	0	0	0	0	0	0	0	0	0	0	0	0	5136	0	0	0	0	0	
172200	Hippocampus_L	204	0	4230	0	0	0	132	0	0	0	0	0	0	0	218	0	300	0	5130	0	532	0	0	0	0	0	0	0	6938	0	0	0	0	0	4316	4284	0	2442	11406	1048	4600	0	736	0	0	0	1490	234	0	0	322	0	498	0	12212	0	0	0	0	0	0	0	0	0	0	0	1448	674	0	0	0	0	5418	0	824	0	3884	628	534	0	1202	0	1084	0	516	0	546	0	6142	0	582	0	0	0	0	0	298	142	604	0	0	0	0	0	0	0	0	0	0	0	302	0	0	0	0	0	
240244	Hippocampus_R	0	2428	1376	1486	0	0	0	1392	0	0	0	1796	0	0	0	0	0	432	1528	1114	0	0	0	208	0	0	0	0	0	4386	0	0	0	456	1976	3126	2442	0	1112	27278	0	9172	0	206	0	0	232	3962	0	0	0	316	0	632	340	22404	0	838	0	0	0	0	0	0	0	0	364	2566	0	0	162	0	0	7884	0	1098	882	5658	0	104	0	910	0	794	0	356	0	792	0	3940	0	114	0	0	0	220	0	2502	0	680	0	0	0	0	0	0	0	0	0	0	458	0	0	0	0	0	
106060	ParaHippocampal_L	0	0	214	0	0	0	0	0	0	0	0	0	0	0	200	0	0	0	260	0	362	0	0	0	0	0	0	0	1896	0	0	0	0	0	2984	2506	11406	1112	0	540	2948	0	1234	0	0	0	5642	258	0	0	692	0	1286	0	9756	0	0	0	0	0	0	0	0	0	0	0	3236	556	0	0	0	0	1002	0	0	0	282	0	0	0	0	0	684	0	0	0	394	0	1142	0	710	0	0	0	0	0	610	124	726	0	0	0	0	0	0	0	0	0	0	0	268	0	0	0	0	0	
177640	ParaHippocampal_R	0	0	0	312	0	0	0	0	0	0	0	152	0	0	0	0	0	0	170	342	0	0	0	0	0	0	0	0	0	1514	0	0	0	210	916	1644	1048	27278	540	0	0	7882	0	642	0	0	0	5350	0	0	0	120	0	258	230	20330	0	0	0	0	0	0	0	0	0	0	0	2302	0	0	0	0	0	3772	0	674	630	3150	0	0	0	504	0	1170	0	112	0	1468	0	1246	0	120	0	0	0	370	152	3584	0	390	0	0	0	0	0	0	0	0	0	0	238	0	0	0	0	0	
30724	Amygdala_L	0	0	208	0	122	0	0	0	0	0	0	0	0	0	298	0	0	0	608	0	524	0	0	0	0	0	0	0	2370	0	0	0	0	0	0	0	4600	0	2948	0	0	0	0	0	0	0	0	0	0	0	0	0	0	0	1494	0	0	0	0	0	0	0	0	0	0	0	0	0	0	0	0	0	806	0	0	0	468	0	0	0	0	0	528	0	0	0	218	0	170	0	0	0	0	0	0	0	0	0	0	0	0	0	0	0	0	0	0	0	0	0	0	0	0	0	0	0	
63484	Amygdala_R	0	0	0	0	0	0	0	0	0	0	0	0	0	0	0	0	0	0	0	0	0	0	0	0	0	0	0	0	0	404	0	0	0	0	0	0	0	9172	0	7882	0	0	0	0	0	0	0	0	0	0	0	0	0	0	0	7228	0	0	0	0	0	0	0	0	0	0	0	0	0	0	0	0	0	970	0	0	0	156	0	0	0	0	0	2044	0	0	0	1584	0	2182	0	0	0	0	0	0	0	120	0	0	0	0	0	0	0	0	0	0	0	0	0	0	0	0	0	0	
184396	Calcarine_L	0	0	0	0	0	0	0	0	0	0	0	0	0	0	0	0	0	0	0	0	0	0	0	0	0	0	0	0	0	0	0	0	0	0	3454	0	736	0	1234	0	0	0	0	4806	8420	1914	8952	2134	6352	1228	23804	962	9472	328	3870	328	354	0	166	0	0	0	0	0	0	0	10064	180	1010	0	0	0	0	0	0	0	0	0	0	0	0	0	0	0	172	0	0	0	624	0	0	174	0	0	0	0	204	300	300	276	0	0	0	0	0	0	0	0	0	0	380	0	0	0	0	0	
219520	Calcarine_R	0	1054	0	0	0	0	0	0	0	0	0	0	0	0	0	0	0	0	0	392	0	0	0	0	0	0	0	0	0	0	0	0	0	1160	0	1244	0	206	0	642	0	0	4806	0	5026	19854	386	15816	0	18940	0	13064	0	3028	0	3766	0	2496	0	670	0	276	0	232	0	0	850	12402	0	892	0	0	0	0	0	0	0	0	0	0	0	164	0	0	0	1034	0	0	0	160	0	0	0	0	0	0	0	178	0	0	0	0	0	0	0	0	0	0	0	0	1022	0	0	0	0	0	
140860	Cuneus_L	0	0	0	0	0	0	0	0	0	0	0	0	0	0	0	0	0	0	0	0	0	0	0	0	0	0	0	0	0	0	0	0	578	0	606	0	0	0	0	0	0	0	8420	5026	0	7044	436	504	14510	2902	11322	596	482	292	278	202	870	0	1338	0	250	0	0	0	0	0	10412	472	3568	0	0	0	0	0	0	0	0	0	0	0	0	0	0	0	322	0	0	0	0	0	0	0	0	0	0	0	0	0	0	0	0	0	0	0	0	0	0	0	0	0	0	0	0	0	0	0	
248396	Cuneus_R	0	1202	0	0	0	0	0	0	0	0	0	0	0	0	0	0	0	0	0	316	0	0	0	0	0	0	0	0	0	0	0	0	0	3748	0	940	0	0	0	0	0	0	1914	19854	7044	0	104	4496	0	31878	0	10728	0	200	0	342	0	10000	0	1154	0	144	0	0	0	0	4862	22736	0	1724	0	0	0	0	0	0	0	0	0	0	0	0	0	0	0	518	0	0	0	0	0	0	0	0	0	0	0	0	0	0	0	0	0	0	0	0	0	0	0	0	294	0	0	0	0	0	
246036	Lingual_L	0	0	0	0	0	0	0	0	0	0	0	0	0	0	0	0	0	0	0	0	0	0	0	0	0	0	0	0	0	0	0	0	0	0	1410	416	1490	232	5642	0	0	0	8952	386	436	104	0	3268	672	148	11632	150	9196	358	16164	1602	0	0	0	0	0	0	0	0	0	0	3662	150	0	0	0	0	0	0	0	0	0	0	0	0	0	0	0	0	0	0	0	0	398	0	6410	2718	164	964	0	110	10684	3032	16216	3828	0	0	242	0	0	140	0	0	122	136	5168	4764	1674	0	178	0	
266664	Lingual_R	0	0	0	0	0	0	0	0	0	0	0	0	0	0	0	0	0	0	0	0	0	0	0	0	0	0	0	0	0	320	0	0	0	0	144	1002	234	3962	258	5350	0	0	2134	15816	504	4496	3268	0	0	8064	256	6910	108	6114	330	19746	0	0	0	0	0	0	0	0	0	0	252	4434	0	0	0	0	0	0	0	0	0	112	0	0	0	144	0	0	0	0	0	0	0	0	3160	3940	462	410	0	366	1052	7406	6170	9370	0	0	0	0	0	262	0	0	0	0	5708	9014	1626	156	272	0	
122860	Occipital_Sup_L	0	0	0	0	0	0	0	0	0	0	0	0	0	0	0	0	0	0	0	0	0	0	0	0	0	0	0	0	0	0	0	0	1156	0	352	0	0	0	0	0	0	0	6352	0	14510	0	672	0	0	0	18560	0	678	0	376	0	0	0	6036	0	1118	0	0	0	192	0	10088	0	1058	0	0	0	0	0	0	0	0	0	0	0	0	0	0	0	282	0	0	0	0	0	0	0	0	0	0	0	0	0	0	0	0	0	0	0	0	0	0	0	0	0	0	0	0	0	0	0	
256436	Occipital_Sup_R	0	1440	0	144	0	0	0	0	0	0	0	0	0	0	0	0	0	0	0	918	0	0	0	0	0	0	0	0	0	0	0	0	0	2826	0	600	0	0	0	0	0	0	1228	18940	2902	31878	148	8064	0	0	0	23716	0	482	0	686	0	4298	0	4424	0	1286	0	374	0	3038	2240	15156	0	1962	0	0	0	0	0	0	0	0	0	0	0	0	0	0	0	1124	0	0	0	0	0	0	0	0	0	0	0	0	0	0	0	0	0	0	0	0	0	0	0	0	236	108	0	0	0	0	
464248	Occipital_Mid_L	4534	0	0	0	0	0	0	0	0	0	0	0	0	0	0	0	890	0	136	0	0	0	0	0	0	0	0	0	598	0	0	0	1024	0	1838	138	322	0	692	0	0	0	23804	0	11322	0	11632	256	18560	0	0	0	26348	0	8174	0	5566	0	19884	0	17948	0	446	0	25120	0	14722	0	6520	0	0	0	0	0	0	0	0	0	434	0	582	0	0	0	20736	0	0	0	7680	0	302	0	0	0	0	0	0	108	1218	0	0	0	0	0	0	0	0	0	0	0	200	390	0	0	0	0	
239684	Occipital_Mid_R	0	1134	0	228	0	0	0	0	0	0	0	430	0	0	0	0	0	0	0	328	0	0	0	0	0	0	0	0	0	0	0	0	0	772	0	306	0	316	0	120	0	0	962	13064	596	10728	150	6910	0	23716	0	0	0	4896	0	2296	0	2280	0	1398	0	6636	0	1200	0	16920	0	5956	0	584	0	0	0	0	0	0	0	142	0	156	0	448	0	0	0	14668	0	0	0	2242	0	0	0	0	0	0	0	0	0	0	0	0	0	0	0	0	0	0	0	0	142	118	0	0	0	0	
176640	Occipital_Inf_L	258	0	0	0	0	0	0	0	0	0	0	0	0	0	0	0	570	0	0	0	0	0	0	0	0	0	0	0	918	0	0	0	0	0	288	0	498	0	1286	0	0	0	9472	0	482	0	9196	108	678	0	26348	0	0	0	13944	0	158	0	994	0	150	0	0	0	0	0	2320	0	446	0	0	0	0	0	0	0	122	0	244	0	522	0	0	0	4998	0	0	0	9664	0	1400	0	0	158	0	0	322	0	2180	0	0	0	0	0	0	0	0	0	0	0	164	238	194	0	0	0	
69328	Occipital_Inf_R	0	280	0	120	0	0	0	0	0	0	0	328	0	0	0	0	0	0	0	0	0	0	0	0	0	0	0	0	0	114	0	0	0	0	0	0	0	632	0	258	0	0	328	3028	292	200	358	6114	0	482	0	4896	0	0	0	8340	0	176	0	0	0	0	0	0	0	0	0	116	0	0	0	0	0	0	0	0	0	158	0	0	0	126	0	0	0	638	0	0	0	4450	158	0	0	0	0	0	0	0	642	1166	0	0	0	0	0	0	0	0	0	0	0	1002	262	0	0	0	
377360	Fusiform_L	0	0	0	0	0	0	0	0	0	0	0	0	0	0	0	0	0	0	0	0	0	0	0	0	0	0	0	0	6860	0	0	0	0	0	914	854	12212	340	9756	230	1494	0	3870	0	278	0	16164	330	376	0	8174	0	13944	0	0	104	0	0	172	0	0	0	0	0	0	0	1572	0	0	0	0	0	1076	0	0	0	1094	0	0	0	3910	0	6140	0	3300	0	3450	0	24136	0	20922	552	358	446	566	0	11324	332	28326	592	142	0	470	0	216	156	0	0	0	0	1240	1274	796	0	218	0	
354196	Fusiform_R	0	262	0	144	0	0	0	0	0	0	0	356	0	0	0	0	0	0	0	158	0	0	0	0	0	0	0	0	0	1944	0	0	0	150	0	244	0	22404	0	20330	0	7228	328	3766	202	342	1602	19746	0	686	0	2296	0	8340	104	0	0	202	0	0	0	0	0	0	0	0	0	1662	0	0	0	0	0	2584	0	432	0	2032	0	0	0	1598	0	3782	0	2066	0	3168	0	13642	2220	10438	434	662	0	302	882	9924	3436	16922	0	0	0	258	0	0	0	0	0	0	3440	5220	1160	0	0	0	
338080	Postcentral_L	29282	254	7478	0	0	0	2212	0	0	0	4780	0	662	0	0	0	9798	0	6946	0	0	0	0	0	0	0	0	0	4034	0	0	0	0	0	0	0	0	0	0	0	0	0	354	0	870	0	0	0	0	0	5566	0	158	0	0	0	0	356	11712	0	37132	344	17498	350	9526	0	2338	0	4468	0	1056	110	220	0	104	0	192	0	1832	0	4424	0	0	0	3090	0	0	0	1894	0	0	0	0	0	0	0	0	0	0	0	0	0	0	0	0	0	0	0	0	0	0	0	0	0	0	0	
321872	Postcentral_R	192	23948	362	2104	0	0	0	602	0	0	0	6608	0	0	0	0	0	3476	488	4682	0	0	0	0	0	0	0	0	0	1940	0	0	188	11738	432	3160	0	838	0	0	0	0	0	2496	0	10000	0	0	0	4298	0	2280	0	176	0	202	356	0	0	9290	260	12340	158	17152	0	888	0	18918	0	12182	112	122	0	2560	0	150	0	1378	0	424	0	616	0	0	0	516	0	0	0	3026	0	0	0	0	0	0	0	0	0	0	0	0	0	0	0	0	0	0	0	0	278	0	0	0	0	0	
202356	Parietal_Sup_L	2708	0	0	0	0	0	0	0	0	0	0	0	0	0	0	0	916	0	0	0	0	0	0	0	0	0	0	0	266	0	0	0	320	0	606	0	0	0	0	0	0	0	166	0	1338	0	0	0	6036	0	19884	0	994	0	172	0	11712	0	0	0	16152	0	526	0	10126	0	17068	0	3084	0	0	0	0	0	0	0	0	0	346	0	1010	0	0	0	5088	0	0	0	2660	0	0	0	0	0	0	0	0	0	0	0	0	0	0	0	0	0	0	0	0	0	0	0	0	0	0	0	
97576	Parietal_Sup_R	0	2424	0	162	0	0	0	0	0	0	0	0	0	0	0	0	0	0	0	912	0	0	0	0	0	0	0	0	0	0	0	0	0	2480	0	0	0	0	0	0	0	0	0	670	0	1154	0	0	0	4424	0	1398	0	0	0	0	0	9290	0	0	0	7246	0	2746	0	2982	558	8502	0	2578	0	0	0	0	0	0	0	0	0	0	0	0	0	0	0	278	0	0	0	984	0	0	0	0	0	0	0	0	0	0	0	0	0	0	0	0	0	0	0	0	0	0	0	0	0	0	
297736	Parietal_Inf_L	6190	132	2850	0	0	0	490	0	0	0	952	0	128	0	0	0	1892	0	2602	0	0	0	0	0	0	0	0	0	1496	0	0	0	0	0	0	0	0	0	0	0	0	0	0	0	250	0	0	0	1118	0	17948	0	150	0	0	0	37132	260	16152	0	0	250	17370	254	29018	0	1786	0	1872	0	482	0	0	0	0	0	168	0	258	0	2304	0	0	0	3898	0	0	0	1466	0	0	0	0	0	0	0	0	0	0	0	0	0	0	0	0	0	0	0	0	0	0	0	0	0	0	0	
145836	Parietal_Inf_R	146	5996	276	520	0	0	0	0	0	0	0	764	0	0	0	0	0	0	284	820	0	0	0	0	0	0	0	0	0	0	0	0	0	1124	0	0	0	0	0	0	0	0	0	276	0	144	0	0	0	1286	0	6636	0	0	0	0	344	12340	0	7246	250	0	154	18320	0	10946	0	1058	0	962	0	0	0	108	0	0	0	0	0	0	0	178	0	0	0	1608	0	0	0	1132	0	0	0	0	0	0	0	0	0	0	0	0	0	0	0	0	0	0	0	0	0	0	0	0	0	0	
122784	SupraMarginal_L	3084	0	1282	0	0	0	190	0	0	0	780	0	146	0	0	0	2206	0	1130	0	0	0	0	0	0	0	0	0	988	0	0	0	0	0	0	0	0	0	0	0	0	0	0	0	0	0	0	0	0	0	446	0	0	0	0	0	17498	158	526	0	17370	154	0	156	5244	0	0	0	208	0	142	0	0	0	0	0	0	0	192	0	6262	0	0	0	3230	0	0	0	0	0	0	0	0	0	0	0	0	0	0	0	0	0	0	0	0	0	0	0	0	0	0	0	0	0	0	0	
135540	SupraMarginal_R	152	7480	306	870	0	0	0	0	0	0	0	1866	0	0	0	0	0	3612	318	1202	0	0	0	0	0	0	0	0	0	478	0	0	0	542	0	0	0	0	0	0	0	0	0	232	0	0	0	0	0	374	0	1200	0	0	0	0	350	17152	0	2746	254	18320	156	0	0	4350	0	294	0	426	0	0	0	322	0	0	0	0	0	566	0	2738	0	0	0	918	0	0	0	546	0	0	0	0	0	0	0	0	0	0	0	0	0	0	0	0	0	0	0	0	0	0	0	0	0	0	
190780	Angular_L	1514	0	0	0	0	0	0	0	0	0	468	0	0	0	0	0	128	0	0	0	0	0	0	0	0	0	0	0	0	0	0	0	0	0	0	0	0	0	0	0	0	0	0	0	0	0	0	0	192	0	25120	0	0	0	0	0	9526	0	10126	0	29018	0	5244	0	0	0	1116	0	1026	0	0	0	0	0	0	0	0	0	0	0	2480	0	0	0	8706	0	0	0	726	0	0	0	0	0	0	0	0	0	0	0	0	0	0	0	0	0	0	0	0	0	0	0	0	0	0	0	
97236	Angular_R	0	0	0	0	0	0	0	0	0	0	0	0	0	0	0	0	0	0	0	0	0	0	0	0	0	0	0	0	0	0	0	0	0	0	0	0	0	0	0	0	0	0	0	0	0	0	0	0	0	3038	0	16920	0	0	0	0	0	888	0	2982	0	10946	0	4350	0	0	0	326	0	0	0	0	0	0	0	0	0	0	0	0	0	2114	0	0	0	7054	0	0	0	0	0	0	0	0	0	0	0	0	0	0	0	0	0	0	0	0	0	0	0	0	0	0	0	0	0	0	
236908	Precuneus_L	718	0	0	0	0	0	0	0	0	0	0	0	0	0	0	0	384	0	0	0	0	0	0	0	0	0	0	0	200	0	0	0	2238	366	6438	1176	1448	364	3236	0	0	0	10064	850	10412	4862	3662	252	10088	2240	14722	0	2320	0	1572	0	2338	0	17068	558	1786	0	0	0	1116	0	0	6842	5208	0	0	0	0	0	0	0	0	0	238	0	104	0	0	0	3260	0	0	0	1390	0	106	0	0	0	0	0	128	118	106	0	0	0	0	0	0	0	0	0	0	0	476	0	0	0	0	0	
303780	Precuneus_R	0	3172	0	148	0	0	0	0	0	0	0	0	0	0	0	0	0	0	0	1588	0	0	0	0	0	0	0	0	0	300	0	0	428	11946	2148	9648	674	2566	556	2302	0	0	180	12402	472	22736	150	4434	0	15156	0	5956	0	116	0	1662	0	18918	0	8502	0	1058	0	294	0	326	6842	0	0	7926	0	0	0	0	0	0	0	0	0	0	0	236	0	0	0	714	0	0	0	764	0	0	0	0	0	0	0	1062	0	0	0	0	0	0	0	0	0	0	0	0	6508	0	0	0	0	0	
160764	Paracentral_Lobule_L	15024	2554	2400	1892	0	0	254	0	0	0	0	0	0	0	0	0	314	0	6026	6532	0	0	0	0	0	0	0	0	0	0	0	0	3184	5410	3450	810	0	0	0	0	0	0	1010	0	3568	0	0	0	1058	0	6520	0	446	0	0	0	4468	0	3084	0	1872	0	208	0	1026	0	5208	0	0	1958	0	0	0	0	0	0	0	0	0	0	224	0	0	0	1334	0	0	0	548	0	0	0	0	0	0	0	0	0	0	0	0	0	0	0	0	0	0	0	0	0	0	0	0	0	0	0	
153324	Paracentral_Lobule_R	716	6046	0	634	0	0	0	0	0	0	0	0	0	0	0	0	0	0	264	10498	0	0	0	0	0	0	0	0	0	118	0	0	346	18054	2222	5722	0	0	0	0	0	0	0	892	0	1724	0	0	0	1962	0	584	0	0	0	0	0	12182	0	2578	0	962	0	426	0	0	0	7926	1958	0	0	0	0	0	0	0	0	0	0	0	0	180	0	0	0	150	0	0	0	376	0	0	0	0	0	0	0	0	0	0	0	0	0	0	0	0	0	0	0	0	142	0	0	0	0	0	
243784	Caudate_L	3664	782	7824	956	2234	496	2808	186	414	0	1270	1408	9248	1200	6430	412	348	136	8314	1164	4978	5828	836	198	116	0	1318	1310	5398	1388	6628	2768	0	0	0	0	0	162	0	0	0	0	0	0	0	0	0	0	0	0	0	0	0	0	0	0	1056	112	0	0	482	0	142	0	0	0	0	0	0	0	0	16264	15378	2760	944	0	3344	1188	0	0	0	0	0	0	0	0	0	0	0	0	0	0	0	0	0	0	0	0	0	0	0	0	0	0	0	0	0	0	0	0	0	0	0	0	0	0	
412204	Caudate_R	874	284	10744	15496	112	3762	1996	918	0	0	4808	1578	8612	2632	6214	2536	1384	468	11978	20108	2310	4212	118	6328	0	6574	0	764	7186	1416	2468	17344	212	1766	0	0	0	0	0	0	0	0	0	0	0	0	0	0	0	0	0	0	0	0	0	0	110	122	0	0	0	0	0	0	0	0	0	0	0	0	16264	0	4896	23406	114	2680	232	12240	0	0	108	0	540	188	0	0	0	0	0	0	0	0	0	0	0	0	0	0	0	0	0	0	0	0	0	0	0	0	0	0	0	0	0	0	0	0	
309048	Putamen_L	966	0	25412	150	9044	260	1996	0	3548	0	1158	190	5356	178	7416	0	890	0	23568	114	4126	3798	352	0	0	0	810	784	17304	190	4816	1108	0	0	0	0	5418	0	1002	0	806	0	0	0	0	0	0	0	0	0	0	0	0	0	1076	0	220	0	0	0	0	0	0	0	0	0	0	0	0	0	15378	4896	0	1492	5162	0	3752	344	0	0	188	0	866	0	0	0	0	0	390	0	0	0	0	0	0	0	0	0	0	0	0	0	0	0	0	0	0	0	0	0	0	0	0	0	0	0	
357440	Putamen_R	342	3402	5982	14760	0	4044	898	2068	0	2346	3322	6642	1890	1688	680	1442	776	1504	6404	14218	838	1592	0	5012	0	5414	0	802	3160	16462	2036	10754	0	3318	0	0	0	7884	0	3772	0	970	0	0	0	0	0	0	0	0	0	0	0	0	0	2584	0	2560	0	0	0	108	0	322	0	0	0	0	0	0	2760	23406	1492	0	0	3780	108	4056	0	204	0	864	418	768	0	0	0	182	0	278	0	0	0	0	0	0	0	268	0	140	0	0	0	0	0	0	0	0	0	0	0	0	0	0	0	0	
44584	Pallidum_L	414	0	5330	0	0	0	188	0	0	0	0	0	0	0	0	0	220	0	7000	0	0	0	0	0	0	0	0	0	244	0	0	0	0	0	0	0	824	0	0	0	0	0	0	0	0	0	0	0	0	0	0	0	0	0	0	0	104	0	0	0	0	0	0	0	0	0	0	0	0	0	944	114	5162	0	0	0	1748	0	0	0	0	0	0	0	0	0	0	0	0	0	0	0	0	0	0	0	0	0	0	0	0	0	0	0	0	0	0	0	0	0	0	0	0	0	0	0	
31464	Pallidum_R	0	378	168	2476	0	0	0	0	0	0	0	488	0	0	0	0	0	0	416	2264	0	0	0	0	0	0	0	0	0	216	0	0	0	0	0	0	0	1098	0	674	0	0	0	0	0	0	0	0	0	0	0	0	0	0	0	432	0	150	0	0	0	0	0	0	0	0	0	0	0	0	0	2680	0	3780	0	0	0	512	0	0	0	0	0	0	0	0	0	0	0	0	0	0	0	0	0	0	0	0	0	0	0	0	0	0	0	0	0	0	0	0	0	0	0	0	0	0	
112608	Thalamus_L	772	172	7168	238	0	0	432	0	0	0	0	0	0	0	0	0	192	0	20946	160	0	0	0	0	0	0	0	0	3346	0	0	0	0	0	0	626	3884	882	282	630	468	0	0	0	0	0	0	0	0	0	0	0	122	0	1094	0	192	0	0	0	168	0	0	0	0	0	0	0	0	0	3344	232	3752	108	1748	0	0	2448	120	0	534	0	0	0	680	0	0	0	1564	0	0	0	0	0	0	0	0	0	0	0	0	0	0	0	0	0	0	0	0	0	0	0	0	0	0	0	
118852	Thalamus_R	222	1946	546	6770	0	0	288	494	0	0	0	1146	234	0	0	0	0	0	716	9786	108	270	0	0	0	0	0	0	210	666	0	0	0	0	0	558	628	5658	0	3150	0	156	0	0	0	0	0	112	0	0	0	142	0	158	0	2032	0	1378	0	0	0	0	0	0	0	0	0	0	0	0	1188	12240	344	4056	0	512	2448	0	0	0	0	430	0	0	0	0	0	0	0	380	0	0	0	0	0	0	0	300	0	154	0	0	0	0	0	0	0	0	0	0	0	0	0	0	0	0	
52964	Heschl_L	1310	0	1692	0	0	0	0	0	0	0	286	0	0	0	0	0	4740	0	1678	0	0	0	0	0	0	0	0	0	3832	0	0	0	0	0	0	0	534	0	0	0	0	0	0	0	0	0	0	0	0	0	434	0	244	0	0	0	1832	0	346	0	258	0	192	0	0	0	238	0	0	0	0	0	0	0	0	0	120	0	0	0	3256	0	0	0	3192	0	0	0	2298	0	0	0	0	0	0	0	0	0	0	0	0	0	0	0	0	0	0	0	0	0	0	0	0	0	0	0	
43964	Heschl_R	0	304	0	266	0	0	0	0	0	0	0	192	0	0	0	0	0	2978	0	256	0	0	0	0	0	0	0	0	0	4640	0	0	0	0	0	114	0	104	0	0	0	0	0	0	0	0	0	0	0	0	0	156	0	0	0	0	0	424	0	0	0	0	0	566	0	0	0	0	0	0	0	0	0	204	0	0	0	0	0	0	0	6358	0	0	0	3248	0	0	0	2172	0	0	0	0	0	0	0	0	0	0	0	0	0	0	0	0	0	0	0	0	0	0	0	0	0	0	
238332	Temporal_Sup_L	3002	0	2450	0	0	0	770	0	0	0	1170	0	184	0	428	0	7410	0	2164	0	0	0	0	0	0	0	0	0	13808	0	0	0	0	0	0	0	1202	0	0	0	0	0	0	0	0	0	0	0	0	0	582	0	522	0	3910	0	4424	0	1010	0	2304	0	6262	0	2480	0	104	0	224	0	0	108	188	0	0	0	534	0	3256	0	0	0	7288	0	32750	0	712	0	19542	0	234	0	0	0	0	0	0	0	144	0	0	0	0	0	0	0	0	0	0	0	0	0	0	0	0	0	
106348	Temporal_Sup_R	0	494	124	1416	0	0	0	618	0	0	0	488	0	0	0	0	0	4534	110	794	0	0	0	0	0	0	0	0	0	8480	0	0	0	274	0	0	0	910	0	504	0	0	0	164	0	0	0	144	0	0	0	448	0	126	0	1598	0	616	0	0	0	178	0	2738	0	2114	0	236	0	180	0	0	0	864	0	0	0	430	0	6358	0	0	0	830	0	13832	0	0	0	3572	0	0	0	0	0	0	0	0	0	0	0	0	0	0	0	0	0	0	0	0	0	0	0	0	0	0	
122152	Temporal_Pole_Sup_L	0	0	806	0	312	0	122	0	0	0	1210	0	302	0	3228	0	788	0	718	0	1094	0	0	0	0	0	0	0	5284	0	0	0	0	0	0	0	1084	0	684	0	528	0	0	0	0	0	0	0	0	0	0	0	0	0	6140	0	0	0	0	0	0	0	0	0	0	0	0	0	0	0	0	540	866	418	0	0	0	0	0	0	7288	0	0	0	9966	0	6862	0	12836	0	0	0	0	0	0	0	0	0	0	0	0	0	0	0	0	0	0	0	0	0	0	0	0	0	0	0	
82848	Temporal_Pole_Sup_R	0	0	1354	2626	0	0	0	666	0	0	0	2872	274	148	238	704	0	3382	560	1592	0	0	0	0	0	0	0	0	316	2886	0	0	0	0	0	0	0	794	0	1170	0	2044	0	0	0	0	0	0	0	0	0	0	0	0	0	3782	0	0	0	0	0	0	0	0	0	0	0	0	0	0	0	188	0	768	0	0	0	0	0	0	0	830	0	0	0	2698	0	6666	0	4866	0	0	0	0	0	0	0	0	0	0	0	0	0	0	0	0	0	0	0	0	0	0	0	0	0	0	
339444	Temporal_Mid_L	1864	0	0	0	0	0	0	0	0	0	0	0	0	0	0	0	3466	0	0	0	0	0	0	0	0	0	0	0	5066	0	0	0	128	0	0	0	516	0	0	0	0	0	172	0	322	0	0	0	282	0	20736	0	4998	0	3300	0	3090	0	5088	0	3898	0	3230	0	8706	0	3260	0	1334	0	0	0	0	0	0	0	680	0	3192	0	32750	0	9966	0	0	0	8212	0	45466	0	0	0	0	0	0	0	0	0	0	0	0	0	0	0	0	0	0	0	0	0	0	0	0	0	0	0	
155856	Temporal_Mid_R	0	374	0	0	0	0	0	0	0	0	0	120	0	0	0	0	0	0	0	166	0	0	0	0	0	0	0	0	0	5062	0	0	0	208	0	0	0	356	0	112	0	0	0	1034	0	518	0	0	0	1124	0	14668	0	638	0	2066	0	516	0	278	0	1608	0	918	0	7054	0	714	0	150	0	0	0	0	0	0	0	0	0	3248	0	13832	0	2698	0	0	0	3442	0	17024	0	0	0	0	0	0	0	0	0	0	0	0	0	0	0	0	0	0	0	0	0	0	0	0	0	0	
55956	Temporal_Pole_Mid_L	0	0	0	0	0	0	0	0	0	0	0	0	0	0	0	0	0	0	0	0	0	0	0	0	0	0	0	0	754	0	0	0	0	0	0	0	546	0	394	0	218	0	0	0	0	0	0	0	0	0	0	0	0	0	3450	0	0	0	0	0	0	0	0	0	0	0	0	0	0	0	0	0	0	0	0	0	0	0	0	0	712	0	6862	0	8212	0	0	0	6830	0	0	0	0	0	0	0	0	0	0	0	0	0	0	0	0	0	0	0	0	0	0	0	0	0	0	0	
43456	Temporal_Pole_Mid_R	0	0	0	0	0	0	0	0	0	0	0	0	0	0	0	104	0	0	0	0	0	0	0	0	0	0	0	0	0	184	0	0	0	0	0	0	0	792	0	1468	0	1584	0	0	0	0	0	0	0	0	0	0	0	0	0	3168	0	0	0	0	0	0	0	0	0	0	0	0	0	0	0	0	0	182	0	0	0	0	0	0	0	0	0	6666	0	3442	0	0	0	4138	0	0	0	0	0	0	0	0	0	0	0	0	0	0	0	0	0	0	0	0	0	0	0	0	0	0	
335924	Temporal_Inf_L	1090	0	0	0	0	0	0	0	0	0	0	0	0	0	0	0	2660	0	0	0	0	0	0	0	0	0	0	0	11496	0	0	0	0	0	0	0	6142	0	1142	0	170	0	624	0	0	0	398	0	0	0	7680	0	9664	0	24136	0	1894	0	2660	0	1466	0	0	0	726	0	1390	0	548	0	0	0	390	0	0	0	1564	0	2298	0	19542	0	12836	0	45466	0	6830	0	0	0	3384	0	0	0	0	0	0	0	1766	0	0	0	0	0	0	0	0	0	0	0	0	0	0	0	0	0	
147056	Temporal_Inf_R	0	1672	0	296	0	0	0	0	0	0	0	414	0	0	0	0	0	0	0	594	0	0	0	0	0	0	0	0	0	1866	0	0	0	502	0	132	0	3940	0	1246	0	2182	0	160	0	0	0	0	0	0	0	2242	0	4450	0	13642	0	3026	0	984	0	1132	0	546	0	0	0	764	0	376	0	0	0	278	0	0	0	380	0	2172	0	3572	0	4866	0	17024	0	4138	0	0	0	652	0	0	0	0	0	0	0	280	0	0	0	0	0	0	0	0	0	0	0	0	0	0	0	0	
577012	Cerebelum_Crus1_L	0	0	0	0	0	0	0	0	0	0	0	0	0	0	0	0	0	0	0	0	0	0	0	0	0	0	0	0	312	0	0	0	0	0	0	0	582	0	710	0	0	0	0	0	0	0	6410	3160	0	0	302	0	1400	158	20922	2220	0	0	0	0	0	0	0	0	0	0	106	0	0	0	0	0	0	0	0	0	0	0	0	0	234	0	0	0	0	0	0	0	3384	0	0	10422	29216	7440	4052	330	25210	1176	67420	9760	9986	496	23264	1104	8804	2816	2004	0	0	426	5220	15460	14490	2204	4716	2590	
547108	Cerebelum_Crus1_R	0	0	0	0	0	0	0	0	0	0	0	0	0	0	0	0	0	0	0	0	0	0	0	0	0	0	0	0	0	0	0	0	0	0	0	0	0	114	0	120	0	0	174	0	0	0	2718	3940	0	0	0	0	0	0	552	10438	0	0	0	0	0	0	0	0	0	0	0	0	0	0	0	0	0	0	0	0	0	0	0	0	0	0	0	0	0	0	0	0	0	652	10422	0	3684	43234	114	3954	2646	19364	8220	59548	718	11336	984	26762	150	5324	0	1786	0	2342	9180	14712	19240	5100	5768	258	
330928	Cerebelum_Crus2_L	0	0	0	0	0	0	0	0	0	0	0	0	0	0	0	0	0	0	0	0	0	0	0	0	0	0	0	0	0	0	0	0	0	0	0	0	0	0	0	0	0	0	0	0	0	0	164	462	0	0	0	0	0	0	358	434	0	0	0	0	0	0	0	0	0	0	0	0	0	0	0	0	0	0	0	0	0	0	0	0	0	0	0	0	0	0	0	0	0	0	29216	3684	0	12392	542	0	1680	0	5090	1946	31878	8550	30804	4218	5830	334	896	0	0	0	104	2278	13810	9126	1342	326	
424132	Cerebelum_Crus2_R	0	0	0	0	0	0	0	0	0	0	0	0	0	0	0	0	0	0	0	0	0	0	0	0	0	0	0	0	0	0	0	0	0	0	0	0	0	0	0	0	0	0	0	0	0	0	964	410	0	0	0	0	158	0	446	662	0	0	0	0	0	0	0	0	0	0	0	0	0	0	0	0	0	0	0	0	0	0	0	0	0	0	0	0	0	0	0	0	0	0	7440	43234	12392	0	0	1976	1118	4116	2694	18164	4580	29412	2824	33992	138	4174	0	1340	0	892	3284	4086	19886	9064	4394	226	
66204	Cerebelum_3_L	0	0	0	0	0	0	0	0	0	0	0	0	0	0	0	0	0	0	0	0	0	0	0	0	0	0	0	0	0	0	0	0	0	0	0	0	0	0	0	0	0	0	0	0	0	0	0	0	0	0	0	0	0	0	566	0	0	0	0	0	0	0	0	0	0	0	0	0	0	0	0	0	0	0	0	0	0	0	0	0	0	0	0	0	0	0	0	0	0	0	4052	114	542	0	0	848	10910	198	5156	156	298	0	1046	0	1604	188	0	0	1312	3222	2272	194	130	114	180	0	
97156	Cerebelum_3_R	0	0	0	0	0	0	0	0	0	0	0	0	0	0	0	0	0	0	0	0	0	0	0	0	0	0	0	0	0	0	0	0	0	0	0	0	0	220	0	370	0	0	0	0	0	0	110	366	0	0	0	0	0	0	0	302	0	0	0	0	0	0	0	0	0	0	0	0	0	0	0	0	0	0	0	0	0	0	0	0	0	0	0	0	0	0	0	0	0	0	330	3954	0	1976	848	0	1812	8072	586	7924	0	224	0	1618	0	2158	0	0	500	6470	4744	1282	1194	1426	2092	0	
317960	Cerebelum_4_5_L	0	0	0	0	0	0	0	0	0	0	0	0	0	0	0	0	0	0	0	0	0	0	0	0	0	0	0	0	0	0	0	0	0	0	0	0	298	0	610	152	0	0	204	0	0	0	10684	1052	0	0	0	0	322	0	11324	882	0	0	0	0	0	0	0	0	0	0	128	0	0	0	0	0	0	0	0	0	0	0	0	0	0	0	0	0	0	0	0	0	0	0	25210	2646	1680	1118	10910	1812	0	5022	38586	4088	738	0	4120	256	3916	1628	214	0	1228	3298	16640	5282	492	346	1992	2102	
285896	Cerebelum_4_5_R	0	0	0	0	0	0	0	0	0	0	0	0	0	0	0	0	0	0	0	0	0	0	0	0	0	0	0	0	0	0	0	0	0	0	0	340	142	2502	124	3584	0	120	300	178	0	0	3032	7406	0	0	108	0	0	0	332	9924	0	0	0	0	0	0	0	0	0	0	118	1062	0	0	0	0	0	268	0	0	0	300	0	0	0	0	0	0	0	0	0	0	0	0	1176	19364	0	4116	198	8072	5022	0	2898	33244	0	1100	0	4212	0	1900	0	0	222	3612	19018	4016	1506	1276	1990	166	
555192	Cerebelum_6_L	0	0	0	0	0	0	0	0	0	0	0	0	0	0	0	0	0	0	0	0	0	0	0	0	0	0	0	0	226	0	0	0	0	0	0	0	604	0	726	0	0	0	300	0	0	0	16216	6170	0	0	1218	0	2180	642	28326	3436	0	0	0	0	0	0	0	0	0	0	106	0	0	0	0	0	0	0	0	0	0	0	0	0	144	0	0	0	0	0	0	0	1766	0	67420	8220	5090	2694	5156	586	38586	2898	0	11130	3694	0	11122	246	5438	3682	650	0	254	642	11374	21094	7106	868	4322	3264	
550560	Cerebelum_6_R	0	0	0	0	0	0	0	0	0	0	0	0	0	0	0	0	0	0	0	0	0	0	0	0	0	0	0	0	0	0	0	0	0	0	0	0	0	680	0	390	0	0	276	0	0	0	3828	9370	0	0	0	0	0	1166	592	16922	0	0	0	0	0	0	0	0	0	0	0	0	0	0	0	0	0	140	0	0	0	154	0	0	0	0	0	0	0	0	0	0	0	280	9760	59548	1946	18164	156	7924	4088	33244	11130	0	524	3970	808	15018	150	6134	0	2424	160	3638	16296	18984	15280	5162	6698	276	
250048	Cerebelum_7b_L	0	0	0	0	0	0	0	0	0	0	0	0	0	0	0	0	0	0	0	0	0	0	0	0	0	0	0	0	0	0	0	0	0	0	0	0	0	0	0	0	0	0	0	0	0	0	0	0	0	0	0	0	0	0	142	0	0	0	0	0	0	0	0	0	0	0	0	0	0	0	0	0	0	0	0	0	0	0	0	0	0	0	0	0	0	0	0	0	0	0	9986	718	31878	4580	298	0	738	0	3694	524	0	4732	34202	5540	6196	606	798	0	0	0	0	244	7250	10838	1760	300	
239624	Cerebelum_7b_R	0	0	0	0	0	0	0	0	0	0	0	0	0	0	0	0	0	0	0	0	0	0	0	0	0	0	0	0	0	0	0	0	0	0	0	0	0	0	0	0	0	0	0	0	0	0	0	0	0	0	0	0	0	0	0	0	0	0	0	0	0	0	0	0	0	0	0	0	0	0	0	0	0	0	0	0	0	0	0	0	0	0	0	0	0	0	0	0	0	0	496	11336	8550	29412	0	224	0	1100	0	3970	4732	0	2980	36076	370	4568	0	0	0	348	514	0	6358	7808	970	0	
333524	Cerebelum_8_L	0	0	0	0	0	0	0	0	0	0	0	0	0	0	0	0	0	0	0	0	0	0	0	0	0	0	0	0	0	0	0	0	0	0	0	0	0	0	0	0	0	0	0	0	0	0	242	0	0	0	0	0	0	0	470	0	0	0	0	0	0	0	0	0	0	0	0	0	0	0	0	0	0	0	0	0	0	0	0	0	0	0	0	0	0	0	0	0	0	0	23264	984	30804	2824	1046	0	4120	0	11122	808	34202	2980	0	6546	18654	1520	3164	0	0	0	316	974	6906	10592	4466	758	
369096	Cerebelum_8_R	0	0	0	0	0	0	0	0	0	0	0	0	0	0	0	0	0	0	0	0	0	0	0	0	0	0	0	0	0	0	0	0	0	0	0	0	0	0	0	0	0	0	0	0	0	0	0	0	0	0	0	0	0	0	0	258	0	0	0	0	0	0	0	0	0	0	0	0	0	0	0	0	0	0	0	0	0	0	0	0	0	0	0	0	0	0	0	0	0	0	1104	26762	4218	33992	0	1618	256	4212	246	15018	5540	36076	6546	0	836	17522	0	1996	0	1060	2306	456	8884	10738	4700	204	
143108	Cerebelum_9_L	0	0	0	0	0	0	0	0	0	0	0	0	0	0	0	0	0	0	0	0	0	0	0	0	0	0	0	0	0	0	0	0	0	0	0	0	0	0	0	0	0	0	0	0	0	0	0	0	0	0	0	0	0	0	216	0	0	0	0	0	0	0	0	0	0	0	0	0	0	0	0	0	0	0	0	0	0	0	0	0	0	0	0	0	0	0	0	0	0	0	8804	150	5830	138	1604	0	3916	0	5438	150	6196	370	18654	836	0	956	5692	0	0	238	1134	1182	2764	2288	4250	748	
184620	Cerebelum_9_R	0	0	0	0	0	0	0	0	0	0	0	0	0	0	0	0	0	0	0	0	0	0	0	0	0	0	0	0	0	0	0	0	0	0	0	0	0	0	0	0	0	0	0	0	0	0	140	262	0	0	0	0	0	0	156	0	0	0	0	0	0	0	0	0	0	0	0	0	0	0	0	0	0	0	0	0	0	0	0	0	0	0	0	0	0	0	0	0	0	0	2816	5324	334	4174	188	2158	1628	1900	3682	6134	606	4568	1520	17522	956	0	0	2522	0	1118	3512	6112	4456	6106	11794	2622	
30564	Cerebelum_10_L	0	0	0	0	0	0	0	0	0	0	0	0	0	0	0	0	0	0	0	0	0	0	0	0	0	0	0	0	0	0	0	0	0	0	0	0	0	0	0	0	0	0	0	0	0	0	0	0	0	0	0	0	0	0	0	0	0	0	0	0	0	0	0	0	0	0	0	0	0	0	0	0	0	0	0	0	0	0	0	0	0	0	0	0	0	0	0	0	0	0	2004	0	896	0	0	0	214	0	650	0	798	0	3164	0	5692	0	0	0	0	0	0	0	786	268	810	0	
27820	Cerebelum_10_R	0	0	0	0	0	0	0	0	0	0	0	0	0	0	0	0	0	0	0	0	0	0	0	0	0	0	0	0	0	0	0	0	0	0	0	0	0	0	0	0	0	0	0	0	0	0	0	0	0	0	0	0	0	0	0	0	0	0	0	0	0	0	0	0	0	0	0	0	0	0	0	0	0	0	0	0	0	0	0	0	0	0	0	0	0	0	0	0	0	0	0	1786	0	1340	0	0	0	0	0	2424	0	0	0	1996	0	2522	0	0	0	0	0	0	1182	1192	1468	0	
19640	Vermis_1_2	0	0	0	0	0	0	0	0	0	0	0	0	0	0	0	0	0	0	0	0	0	0	0	0	0	0	0	0	0	0	0	0	0	0	0	0	0	0	0	0	0	0	0	0	0	0	122	0	0	0	0	0	0	0	0	0	0	0	0	0	0	0	0	0	0	0	0	0	0	0	0	0	0	0	0	0	0	0	0	0	0	0	0	0	0	0	0	0	0	0	0	0	0	0	1312	500	1228	222	254	160	0	0	0	0	0	0	0	0	0	3800	2010	212	0	0	0	0	
78196	Vermis_3	0	0	0	0	0	0	0	0	0	0	0	0	0	0	0	0	0	0	0	0	0	0	0	0	0	0	0	0	0	0	0	0	0	0	0	0	0	0	0	0	0	0	0	0	0	0	136	0	0	0	0	0	0	0	0	0	0	0	0	0	0	0	0	0	0	0	0	0	0	0	0	0	0	0	0	0	0	0	0	0	0	0	0	0	0	0	0	0	0	0	426	2342	0	892	3222	6470	3298	3612	642	3638	0	348	0	1060	238	1118	0	0	3800	0	4754	594	680	774	1054	0	
308056	Vermis_4_5	0	0	0	0	0	0	0	0	0	0	0	0	0	0	0	0	0	0	0	0	0	0	0	0	0	0	0	0	0	0	0	0	0	364	460	5136	302	458	268	238	0	0	380	1022	0	294	5168	5708	0	236	200	142	164	0	1240	3440	0	278	0	0	0	0	0	0	0	0	476	6508	0	142	0	0	0	0	0	0	0	0	0	0	0	0	0	0	0	0	0	0	0	0	5220	9180	104	3284	2272	4744	16640	19018	11374	16296	0	514	316	2306	1134	3512	0	0	2010	4754	0	9510	1436	1546	3930	2304	
305476	Vermis_6	0	0	0	0	0	0	0	0	0	0	0	0	0	0	0	0	0	0	0	0	0	0	0	0	0	0	0	0	0	0	0	0	0	0	0	0	0	0	0	0	0	0	0	0	0	0	4764	9014	0	108	390	118	238	1002	1274	5220	0	0	0	0	0	0	0	0	0	0	0	0	0	0	0	0	0	0	0	0	0	0	0	0	0	0	0	0	0	0	0	0	0	0	15460	14712	2278	4086	194	1282	5282	4016	21094	18984	244	0	974	456	1182	6112	0	0	212	594	9510	0	10570	2276	7020	4072	
347448	Vermis_7	0	0	0	0	0	0	0	0	0	0	0	0	0	0	0	0	0	0	0	0	0	0	0	0	0	0	0	0	0	0	0	0	0	0	0	0	0	0	0	0	0	0	0	0	0	0	1674	1626	0	0	0	0	194	262	796	1160	0	0	0	0	0	0	0	0	0	0	0	0	0	0	0	0	0	0	0	0	0	0	0	0	0	0	0	0	0	0	0	0	0	0	14490	19240	13810	19886	130	1194	492	1506	7106	15280	7250	6358	6906	8884	2764	4456	786	1182	0	680	1436	10570	0	14784	7948	874	
