data	data	531596	436972	1.3524e+06	1.26863e+06	194196	177100	721324	463068	111728	31712	270072	215828	372960	229656	158836	104536	198672	88768	1.06834e+06	1.23286e+06	111168	150100	622676	652116	51736	132392	117360	127580	727988	404536	738896	856880	263520	1.10403e+06	159580	254308	404704	444040	146404	305796	62060	73824	228800	308940	208964	300396	238968	227472	225884	294868	480308	202856	216828	96540	501420	490228	370980	271940	169068	128200	226684	147028	101644	87928	152996	157768	288744	410716	321652	227140	373228	451948	332652	417332	54740	42364	113920	199008	159104	23916	258588	118220	91464	59096	244916	160000	19372	23840	331692	218356	365488	393560	293148	236972	28456	52836	320076	247308	369476	358784	216720	76292	303908	251688	123620	87712	18592	8472	22184	109800	316040	168812	175036	152608	68612	21064	
data	data	Precentral_L	Precentral_R	Frontal_Sup_L	Frontal_Sup_R	Frontal_Sup_Orb_L	Frontal_Sup_Orb_R	Frontal_Mid_L	Frontal_Mid_R	Frontal_Mid_Orb_L	Frontal_Mid_Orb_R	Frontal_Inf_Oper_L	Frontal_Inf_Oper_R	Frontal_Inf_Tri_L	Frontal_Inf_Tri_R	Frontal_Inf_Orb_L	Frontal_Inf_Orb_R	Rolandic_Oper_L	Rolandic_Oper_R	Supp_Motor_Area_L	Supp_Motor_Area_R	Olfactory_L	Olfactory_R	Frontal_Sup_Medial_L	Frontal_Sup_Medial_R	Frontal_Med_Orb_L	Frontal_Med_Orb_R	Rectus_L	Rectus_R	Insula_L	Insula_R	Cingulum_Ant_L	Cingulum_Ant_R	Cingulum_Mid_L	Cingulum_Mid_R	Cingulum_Post_L	Cingulum_Post_R	Hippocampus_L	Hippocampus_R	ParaHippocampal_L	ParaHippocampal_R	Amygdala_L	Amygdala_R	Calcarine_L	Calcarine_R	Cuneus_L	Cuneus_R	Lingual_L	Lingual_R	Occipital_Sup_L	Occipital_Sup_R	Occipital_Mid_L	Occipital_Mid_R	Occipital_Inf_L	Occipital_Inf_R	Fusiform_L	Fusiform_R	Postcentral_L	Postcentral_R	Parietal_Sup_L	Parietal_Sup_R	Parietal_Inf_L	Parietal_Inf_R	SupraMarginal_L	SupraMarginal_R	Angular_L	Angular_R	Precuneus_L	Precuneus_R	Paracentral_Lobule_L	Paracentral_Lobule_R	Caudate_L	Caudate_R	Putamen_L	Putamen_R	Pallidum_L	Pallidum_R	Thalamus_L	Thalamus_R	Heschl_L	Heschl_R	Temporal_Sup_L	Temporal_Sup_R	Temporal_Pole_Sup_L	Temporal_Pole_Sup_R	Temporal_Mid_L	Temporal_Mid_R	Temporal_Pole_Mid_L	Temporal_Pole_Mid_R	Temporal_Inf_L	Temporal_Inf_R	Cerebelum_Crus1_L	Cerebelum_Crus1_R	Cerebelum_Crus2_L	Cerebelum_Crus2_R	Cerebelum_3_L	Cerebelum_3_R	Cerebelum_4_5_L	Cerebelum_4_5_R	Cerebelum_6_L	Cerebelum_6_R	Cerebelum_7b_L	Cerebelum_7b_R	Cerebelum_8_L	Cerebelum_8_R	Cerebelum_9_L	Cerebelum_9_R	Cerebelum_10_L	Cerebelum_10_R	Vermis_1_2	Vermis_3	Vermis_4_5	Vermis_6	Vermis_7	Vermis_8	Vermis_9	Vermis_10	
531596	Precentral_L	0	5008	22550	4318	0	0	34928	1718	0	0	19498	0	7850	0	0	0	8924	0	7582	11040	0	0	286	0	0	0	0	0	16588	0	1622	432	476	5874	452	462	8240	458	1158	128	0	0	292	116	0	0	422	0	0	0	786	0	610	0	7018	144	33566	204	124	0	2142	0	900	0	0	0	232	312	19176	3772	6092	234	2804	0	794	0	11876	348	3748	0	6394	0	324	0	312	0	0	0	3464	0	0	0	0	0	0	0	0	0	0	0	0	0	0	0	0	0	0	0	0	0	0	0	0	0	0	0	
436972	Precentral_R	5008	0	466	9296	0	0	238	17028	0	0	0	8490	0	0	0	0	0	2424	810	7166	0	0	0	0	0	0	0	0	146	8768	0	698	1028	4088	3636	4656	992	7358	538	2668	0	0	1482	912	1276	692	0	612	152	420	126	932	0	434	768	4946	2006	25542	0	312	0	1164	0	1664	0	158	1166	3726	11322	13048	0	13044	182	7704	0	284	750	27850	0	506	0	3750	0	0	0	2622	0	0	344	2618	0	212	0	0	0	0	0	0	0	0	0	0	0	0	0	0	0	0	0	0	258	0	0	0	0	0	
1.3524e+06	Frontal_Sup_L	22550	466	0	32428	7732	0	101658	4072	4004	0	11042	892	25296	1802	5390	538	4376	0	92518	48878	0	0	63186	23144	1764	780	960	0	34668	0	47066	24814	5754	44138	0	0	5758	0	1540	0	138	0	0	0	0	0	662	0	0	0	346	0	290	0	2148	0	1626	0	0	0	0	0	0	0	0	0	0	0	3060	202	14624	1970	14840	0	7186	0	7326	0	758	0	1356	0	1494	0	0	0	0	0	960	0	0	0	0	0	0	0	0	0	0	0	0	0	0	0	0	0	0	0	0	0	0	0	0	0	0	0	
1.26863e+06	Frontal_Sup_R	4318	9296	32428	0	262	6872	4088	58028	0	512	976	10842	1302	18718	0	4044	152	3056	49704	104140	336	802	16654	49704	306	4940	344	1326	2050	17228	21034	50826	3968	56024	0	0	566	5444	0	2156	0	0	0	0	0	0	0	0	0	0	0	0	0	0	202	2238	1134	212	0	0	0	0	0	0	0	0	0	146	3064	136	13690	30682	3264	17300	324	2840	480	12598	186	116	196	912	0	766	0	178	0	0	152	1054	0	0	0	0	0	0	0	0	0	0	0	0	0	0	0	0	0	0	0	0	0	0	0	0	0	0	
194196	Frontal_Sup_Orb_L	0	0	7732	262	0	854	4154	0	14628	0	0	0	8504	114	14388	0	0	0	338	252	3288	2956	1140	304	2638	522	9140	2000	9376	136	4236	1526	0	182	0	0	0	0	0	0	172	0	0	0	0	0	0	0	0	0	0	0	0	0	0	0	0	0	0	0	0	0	0	0	0	0	0	0	0	0	3290	1332	2776	388	0	0	0	0	0	0	0	0	470	0	0	0	0	0	0	0	0	0	0	0	0	0	0	0	0	0	0	0	0	0	0	0	0	0	0	0	0	0	0	0	0	0	
177100	Frontal_Sup_Orb_R	0	0	0	6872	854	0	0	2684	0	5966	0	588	0	2758	0	7880	0	0	206	858	1930	5136	0	3194	406	9902	1946	12334	0	3394	1044	6724	0	346	0	0	0	0	0	0	0	0	0	0	0	0	0	0	0	0	0	0	0	0	0	0	0	0	0	0	0	0	0	0	0	0	0	0	0	0	2220	6218	248	4842	0	0	0	0	0	0	0	0	0	0	0	0	0	0	0	0	0	0	0	0	0	0	0	0	0	0	0	0	0	0	0	0	0	0	0	0	0	0	0	0	0	0	
721324	Frontal_Mid_L	34928	238	101658	4088	4154	0	0	226	6928	0	17746	0	46576	224	4078	208	3482	0	16168	7378	0	0	31512	9442	348	0	152	0	29472	0	13236	7278	1620	9994	0	0	1164	0	434	0	0	0	0	0	0	0	0	0	0	0	0	0	0	0	520	0	1142	0	0	0	0	0	122	0	0	0	0	0	0	0	602	160	1088	0	0	0	1364	124	904	0	1344	0	292	0	0	0	0	0	268	0	0	0	0	0	0	0	0	0	0	0	0	0	0	0	0	0	0	0	0	0	0	0	0	0	0	0	
463068	Frontal_Mid_R	1718	17028	4072	58028	0	2684	226	0	0	1414	122	11342	0	20470	0	2898	132	1666	8174	9996	0	116	1608	6186	0	174	0	162	396	13462	2138	7054	152	9030	0	0	118	4502	0	2086	0	0	0	0	0	0	0	0	0	0	0	0	0	0	0	2842	640	592	0	0	0	0	0	0	0	0	0	124	1180	0	1338	10430	250	10616	0	158	258	10704	124	144	122	3812	0	168	0	228	0	0	0	650	0	0	0	0	0	0	0	0	0	0	0	0	0	0	0	0	0	0	0	0	0	0	0	0	0	0	
111728	Frontal_Mid_Orb_L	0	0	4004	0	14628	0	6928	0	0	0	0	0	5034	0	15516	0	0	0	972	692	0	0	434	0	638	0	1872	0	3200	0	614	0	0	530	0	0	0	0	0	0	0	0	0	0	0	0	0	0	0	0	0	0	0	0	0	0	0	0	0	0	0	0	0	0	0	0	0	0	0	0	0	0	626	0	0	0	0	0	0	0	0	0	176	0	0	0	0	0	0	0	0	0	0	0	0	0	0	0	0	0	0	0	0	0	0	0	0	0	0	0	0	0	0	0	0	0	
31712	Frontal_Mid_Orb_R	0	0	0	512	0	5966	0	1414	0	0	0	0	0	788	0	5340	0	0	0	0	0	0	0	172	0	562	0	670	0	180	0	252	0	0	0	0	0	0	0	0	0	0	0	0	0	0	0	0	0	0	0	0	0	0	0	0	0	0	0	0	0	0	0	0	0	0	0	0	0	0	0	0	0	0	0	0	0	0	0	0	0	0	0	0	0	0	0	0	0	0	0	0	0	0	0	0	0	0	0	0	0	0	0	0	0	0	0	0	0	0	0	0	0	0	0	0	
270072	Frontal_Inf_Oper_L	19498	0	11042	976	0	0	17746	122	0	0	0	0	20880	0	250	0	10312	0	7352	1386	0	0	358	0	0	0	0	0	22494	0	1330	350	0	1166	0	0	808	0	158	0	0	0	0	0	0	0	0	0	0	0	200	0	130	0	508	0	7544	0	0	0	628	0	154	0	0	0	0	0	0	0	470	120	1536	0	0	0	142	0	1182	0	3448	0	2288	0	154	0	0	0	304	0	0	0	0	0	0	0	0	0	0	0	0	0	0	0	0	0	0	0	0	0	0	0	0	0	0	0	
215828	Frontal_Inf_Oper_R	0	8490	892	10842	0	588	0	11342	0	0	0	0	0	10326	0	1560	0	6322	2076	9022	0	672	0	322	0	0	0	126	0	19210	862	1066	0	3226	0	0	0	1662	0	1104	0	234	0	0	0	0	0	0	0	0	0	0	0	0	0	1608	0	2732	0	0	0	0	0	0	0	0	0	0	0	0	0	882	0	8094	0	0	0	292	0	106	0	2764	0	1084	0	0	0	0	0	408	0	0	0	0	0	0	0	0	0	0	0	0	0	0	0	0	0	0	0	0	0	0	0	0	0	0	
372960	Frontal_Inf_Tri_L	7850	0	25296	1302	8504	0	46576	0	5034	0	20880	0	0	0	9446	0	2402	0	6338	2016	0	0	3268	590	202	0	150	0	31874	0	4794	980	110	1884	0	0	106	0	0	0	0	0	0	0	0	0	0	0	0	0	0	0	0	0	0	0	1996	0	0	0	0	0	0	0	0	0	0	0	0	0	1100	182	1616	0	0	0	0	0	400	0	1118	0	466	0	0	0	0	0	0	0	0	0	0	0	0	0	0	0	0	0	0	0	0	0	0	0	0	0	0	0	0	0	0	0	0	0	
229656	Frontal_Inf_Tri_R	0	0	1802	18718	114	2758	224	20470	0	788	0	10326	0	0	0	6654	0	796	4120	8228	158	340	938	5318	0	364	128	498	0	13618	1472	3954	0	6860	0	0	0	230	0	0	0	0	0	0	0	0	0	0	0	0	0	0	0	0	0	190	0	0	0	0	0	0	0	0	0	0	0	0	0	0	358	1294	110	3342	0	0	0	0	0	0	0	658	0	0	0	0	0	0	0	0	0	0	0	0	0	0	0	0	0	0	0	0	0	0	0	0	0	0	0	0	0	0	0	0	0	0	
158836	Frontal_Inf_Orb_L	0	0	5390	0	14388	0	4078	0	15516	0	250	0	9446	0	0	0	0	0	1104	714	2444	0	1020	120	0	0	1286	0	12518	0	2338	126	0	562	0	0	1112	0	978	0	784	0	0	0	0	0	0	0	0	0	0	0	0	0	0	0	0	0	0	0	0	0	0	0	0	0	0	0	0	0	0	0	2898	0	0	0	0	0	0	0	120	0	2226	0	0	0	0	0	0	0	0	0	0	0	0	0	0	0	0	0	0	0	0	0	0	0	0	0	0	0	0	0	0	0	0	0	
104536	Frontal_Inf_Orb_R	0	0	538	4044	0	7880	208	2898	0	5340	0	1560	0	6654	0	0	0	0	446	862	0	1862	558	1748	0	656	106	2398	0	6814	280	1502	0	1162	0	0	0	0	0	392	0	526	0	0	0	0	0	0	0	0	0	0	0	0	0	0	0	0	0	0	0	0	0	0	0	0	0	0	0	0	152	714	0	2230	0	0	0	0	0	0	0	0	0	738	0	0	0	0	0	0	0	0	0	0	0	0	0	0	0	0	0	0	0	0	0	0	0	0	0	0	0	0	0	0	0	0	
198672	Rolandic_Oper_L	8924	0	4376	152	0	0	3482	132	0	0	10312	0	2402	0	0	0	0	0	3208	0	0	0	0	0	0	0	0	0	20032	0	0	0	0	0	0	0	1954	0	160	0	0	0	0	0	0	0	290	0	0	0	404	0	372	0	2284	0	8810	0	0	0	250	0	2128	0	0	0	0	0	0	0	448	0	1414	0	492	0	0	0	9486	0	12550	0	1998	0	1478	0	0	0	1798	0	0	0	0	0	0	0	0	0	0	0	0	0	0	0	0	0	0	0	0	0	0	0	0	0	0	0	
88768	Rolandic_Oper_R	0	2424	0	3056	0	0	0	1666	0	0	0	6322	0	796	0	0	0	0	0	2036	0	0	0	0	0	0	0	0	0	11312	0	134	0	126	0	0	0	740	0	356	0	0	0	0	0	0	0	0	0	0	0	0	0	0	0	518	0	5242	0	0	0	0	0	2214	0	0	0	0	0	0	0	206	0	1956	0	0	0	118	0	1432	0	2518	0	1064	0	0	0	0	0	148	0	0	0	0	0	0	0	0	0	0	0	0	0	0	0	0	0	0	0	0	0	0	0	0	0	0	
1.06834e+06	Supp_Motor_Area_L	7582	810	92518	49704	338	206	16168	8174	972	0	7352	2076	6338	4120	1104	446	3208	0	0	86844	0	0	19512	10390	350	1058	0	0	19460	610	32376	20028	10648	60686	0	112	3054	742	142	220	170	0	0	0	0	0	0	0	0	0	0	0	0	0	744	178	1136	0	0	0	0	0	0	0	0	0	112	0	7946	398	25122	6186	13112	184	1584	0	5544	512	452	0	1386	0	1406	0	0	0	0	0	650	0	0	0	0	0	0	0	0	0	0	0	0	0	0	0	0	0	0	0	0	0	0	0	0	0	0	0	
1.23286e+06	Supp_Motor_Area_R	11040	7166	48878	104140	252	858	7378	9996	692	0	1386	9022	2016	8228	714	862	0	2036	86844	0	0	184	6592	21804	260	1950	0	406	2420	10758	22910	30240	11428	95124	592	2106	502	2678	0	1006	0	0	1824	420	1058	252	0	272	0	0	0	0	0	0	144	1096	722	1378	0	0	0	0	0	0	0	0	1420	2320	20436	14990	12722	20568	3142	12450	260	2556	236	3548	0	0	110	612	0	642	0	0	0	0	0	532	0	0	0	0	0	0	0	0	0	0	0	0	0	0	0	0	0	0	0	0	252	0	0	0	0	0	
111168	Olfactory_L	0	0	0	336	3288	1930	0	0	0	0	0	0	0	158	2444	0	0	0	0	0	0	7102	0	316	788	948	6088	3878	3036	194	2816	2970	0	0	0	0	1284	0	1600	0	1526	0	0	0	0	0	0	0	0	0	0	0	0	0	0	0	0	0	0	0	0	0	0	0	0	0	0	0	0	0	6574	3754	1984	1250	0	0	0	0	0	0	106	0	1214	0	0	0	0	0	0	0	0	0	0	0	0	0	0	0	0	0	0	0	0	0	0	0	0	0	0	0	0	0	0	0	0	0	
150100	Olfactory_R	0	0	0	802	2956	5136	0	116	0	0	0	672	0	340	0	1862	0	0	0	184	7102	0	0	764	810	2642	6064	7944	0	2822	2610	4512	0	0	0	0	0	130	0	642	0	1522	0	0	0	0	0	0	0	0	0	0	0	0	0	0	0	0	0	0	0	0	0	0	0	0	0	0	0	0	9764	8304	3636	2292	730	236	0	0	0	0	0	0	0	456	0	0	0	0	0	0	0	0	0	0	0	0	0	0	0	0	0	0	0	0	0	0	0	0	0	0	0	0	0	0	0	0	
622676	Frontal_Sup_Medial_L	286	0	63186	16654	1140	0	31512	1608	434	0	358	0	3268	938	1020	558	0	0	19512	6592	0	0	0	43594	1782	1382	942	0	5758	0	36342	33690	12650	25454	0	0	0	0	0	0	0	0	0	0	0	0	0	0	0	0	0	0	0	0	0	0	0	0	0	0	0	0	0	0	0	0	0	0	0	0	516	1028	1134	0	0	0	0	0	0	0	0	0	0	0	0	0	0	0	0	0	0	0	0	0	0	0	0	0	0	0	0	0	0	0	0	0	0	0	0	0	0	0	0	0	0	0	
652116	Frontal_Sup_Medial_R	0	0	23144	49704	304	3194	9442	6186	0	172	0	322	590	5318	120	1748	0	0	10390	21804	316	764	43594	0	922	7086	460	1214	804	1906	22840	54438	6412	38584	0	0	0	0	0	0	0	0	0	0	0	0	0	0	0	0	0	0	0	0	0	0	0	0	0	0	0	0	0	0	0	0	0	0	0	0	712	10102	368	3098	0	0	0	0	0	0	0	0	0	0	0	0	0	0	0	0	0	0	0	0	0	0	0	0	0	0	0	0	0	0	0	0	0	0	0	0	0	0	0	0	0	0	
51736	Frontal_Med_Orb_L	0	0	1764	306	2638	406	348	0	638	0	0	0	202	0	0	0	0	0	350	260	788	810	1782	922	0	694	3126	698	874	0	5392	1266	0	240	0	0	0	0	0	0	0	0	0	0	0	0	0	0	0	0	0	0	0	0	0	0	0	0	0	0	0	0	0	0	0	0	0	0	0	0	888	366	1110	0	0	0	0	0	0	0	0	0	0	0	0	0	0	0	0	0	0	0	0	0	0	0	0	0	0	0	0	0	0	0	0	0	0	0	0	0	0	0	0	0	0	0	
132392	Frontal_Med_Orb_R	0	0	780	4940	522	9902	0	174	0	562	0	0	0	364	0	656	0	0	1058	1950	948	2642	1382	7086	694	0	960	6468	0	432	3554	9822	0	1630	0	0	0	0	0	0	0	0	0	0	0	0	0	0	0	0	0	0	0	0	0	0	0	0	0	0	0	0	0	0	0	0	0	0	0	0	1050	4740	214	3666	0	0	0	0	0	0	0	0	0	0	0	0	0	0	0	0	0	0	0	0	0	0	0	0	0	0	0	0	0	0	0	0	0	0	0	0	0	0	0	0	0	0	
117360	Rectus_L	0	0	960	344	9140	1946	152	0	1872	0	0	0	150	128	1286	106	0	0	0	0	6088	6064	942	460	3126	960	0	3498	1454	164	4924	2370	0	0	0	0	0	0	0	0	0	0	0	0	0	0	0	0	0	0	0	0	0	0	0	0	0	0	0	0	0	0	0	0	0	0	0	0	0	0	6428	2672	2506	788	0	0	0	0	0	0	0	0	152	0	0	0	0	0	0	0	0	0	0	0	0	0	0	0	0	0	0	0	0	0	0	0	0	0	0	0	0	0	0	0	0	0	
127580	Rectus_R	0	0	0	1326	2000	12334	0	162	0	670	0	126	0	498	0	2398	0	0	0	406	3878	7944	0	1214	698	6468	3498	0	0	1338	1722	5120	0	170	0	0	0	0	0	0	0	0	0	0	0	0	0	0	0	0	0	0	0	0	0	0	0	0	0	0	0	0	0	0	0	0	0	0	0	0	4038	4718	1046	2018	0	0	0	0	0	0	0	0	0	0	0	0	0	0	0	0	0	0	0	0	0	0	0	0	0	0	0	0	0	0	0	0	0	0	0	0	0	0	0	0	0	0	
727988	Insula_L	16588	146	34668	2050	9376	0	29472	396	3200	0	22494	0	31874	0	12518	0	20032	0	19460	2420	3036	0	5758	804	874	0	1454	0	0	0	11702	1564	132	1644	0	0	21582	0	4462	0	3806	0	0	0	0	0	1938	0	0	0	1004	0	1402	0	12586	0	7346	0	0	0	520	0	2134	0	0	0	0	0	0	0	1598	192	21010	0	216	0	784	154	15064	0	15232	0	8720	0	3110	0	0	0	8794	0	158	0	0	0	0	0	396	0	124	0	0	0	0	0	0	0	0	0	0	0	0	0	0	0	0	0	
404536	Insula_R	0	8768	0	17228	136	3394	0	13462	0	180	0	19210	0	13618	0	6814	0	11312	610	10758	194	2822	0	1906	0	432	164	1338	0	0	0	2722	0	920	0	0	0	12502	0	6674	0	2162	0	0	0	0	0	0	0	0	0	0	0	0	0	10092	0	1502	0	0	0	0	0	480	0	128	0	0	0	0	310	2286	0	34310	0	208	0	214	0	1610	0	8350	0	1828	0	662	0	0	0	2768	0	194	0	0	0	0	0	0	0	0	0	0	0	0	0	0	0	0	0	0	0	0	0	0	0	0	
738896	Cingulum_Ant_L	1622	0	47066	21034	4236	1044	13236	2138	614	0	1330	862	4794	1472	2338	280	0	0	32376	22910	2816	2610	36342	22840	5392	3554	4924	1722	11702	0	0	49314	14462	30898	0	0	106	0	0	0	0	0	0	0	0	0	0	0	0	0	0	0	0	0	0	0	208	0	0	0	0	0	0	0	0	0	0	0	0	0	8104	5378	10520	984	0	0	0	0	0	0	0	0	220	0	0	0	0	0	0	0	0	0	0	0	0	0	0	0	0	0	0	0	0	0	0	0	0	0	0	0	0	0	0	0	0	0	
856880	Cingulum_Ant_R	432	698	24814	50826	1526	6724	7278	7054	0	252	350	1066	980	3954	126	1502	0	134	20028	30240	2970	4512	33690	54438	1266	9822	2370	5120	1564	2722	49314	0	10730	49144	0	134	0	0	0	0	0	0	0	0	0	0	0	0	0	0	0	0	0	0	0	0	0	0	0	0	0	0	0	0	0	0	0	0	0	0	4572	24060	4180	9616	0	0	0	0	0	0	0	232	0	0	0	0	0	0	0	0	0	0	0	0	0	0	0	0	0	0	0	0	0	0	0	0	0	0	0	0	0	0	0	0	0	0	
263520	Cingulum_Mid_L	476	1028	5754	3968	0	0	1620	152	0	0	0	0	110	0	0	0	0	0	10648	11428	0	0	12650	6412	0	0	0	0	132	0	14462	10730	0	28484	1818	1098	108	0	0	0	0	0	620	0	1456	178	0	0	1168	174	798	0	0	0	176	0	212	908	538	260	158	0	0	0	202	0	3058	1862	5166	3414	0	334	0	0	0	0	0	0	0	0	0	0	0	0	0	0	0	0	0	0	0	0	0	0	0	0	0	0	0	0	0	0	0	0	0	0	0	0	0	0	0	0	0	0	0	0	
1.10403e+06	Cingulum_Mid_R	5874	4088	44138	56024	182	346	9994	9030	530	0	1166	3226	1884	6860	562	1162	0	126	60686	95124	0	0	25454	38584	240	1630	0	170	1644	920	30898	49144	28484	0	1178	5506	0	414	0	0	0	0	1658	1022	912	568	0	612	0	164	0	0	0	0	0	264	558	2056	0	0	0	0	0	0	0	0	2034	6672	15290	15942	8656	7382	1282	1298	0	0	0	0	0	0	0	0	0	0	0	0	0	0	0	0	0	0	0	0	0	0	0	0	0	0	0	0	0	0	0	0	0	0	0	0	376	0	0	0	0	0	
159580	Cingulum_Post_L	452	3636	0	0	0	0	0	0	0	0	0	0	0	0	0	0	0	0	0	592	0	0	0	0	0	0	0	0	0	0	0	0	1818	1178	0	14468	6532	6206	3082	2716	0	0	2744	210	788	182	2628	746	158	0	304	0	220	0	4218	1974	3554	1858	176	0	200	0	0	0	0	0	5906	3158	3768	1374	0	0	0	0	0	0	270	966	0	0	0	0	0	0	0	0	0	0	1954	532	0	164	0	0	0	0	0	442	0	0	0	0	0	0	0	0	0	0	0	0	616	0	0	0	0	0	
254308	Cingulum_Post_R	462	4656	0	0	0	0	0	0	0	0	0	0	0	0	0	0	0	0	112	2106	0	0	0	0	0	0	0	0	0	0	0	134	1098	5506	14468	0	5790	7100	2582	3426	0	0	2668	5432	2478	3290	1832	6220	0	388	150	244	0	172	3284	2930	2118	7924	0	384	0	0	0	0	0	0	2096	18818	2740	6394	0	0	0	0	0	0	232	930	0	0	0	0	0	0	0	150	0	0	1900	708	0	290	0	0	0	0	0	1000	0	0	0	0	0	0	0	0	0	0	0	0	4942	0	0	0	0	0	
404704	Hippocampus_L	8240	992	5758	566	0	0	1164	118	0	0	808	0	106	0	1112	0	1954	0	3054	502	1284	0	0	0	0	0	0	0	21582	0	106	0	108	0	6532	5790	0	5490	17852	2442	9756	0	614	0	0	0	5832	516	0	0	758	0	772	0	28970	1344	5298	0	134	0	2362	0	1726	0	0	0	1268	642	2258	0	520	0	12686	0	1006	0	4028	2790	6672	0	3802	0	4106	0	1628	0	322	0	14998	434	128	0	0	0	0	0	842	250	154	0	0	0	0	0	0	0	0	0	0	0	176	0	0	0	0	0	
444040	Hippocampus_R	458	7358	0	5444	0	0	0	4502	0	0	0	1662	0	230	0	0	0	740	742	2678	0	130	0	0	0	0	0	0	0	12502	0	0	0	414	6206	7100	5490	0	3174	36958	0	11166	418	722	310	422	1828	3318	0	0	0	0	0	0	2016	44176	496	1772	0	0	0	418	0	1366	0	0	344	2646	582	998	430	922	292	18254	0	2638	308	6674	0	0	0	610	0	1020	0	1394	0	0	996	14786	0	1108	0	0	0	232	0	2052	0	746	0	0	0	0	0	0	0	0	0	0	772	0	0	0	0	0	
146404	ParaHippocampal_L	1158	538	1540	0	0	0	434	0	0	0	158	0	0	0	978	0	160	0	142	0	1600	0	0	0	0	0	0	0	4462	0	0	0	0	0	3082	2582	17852	3174	0	1412	3384	0	178	0	0	0	4774	330	0	0	666	0	600	0	9036	650	336	0	0	0	0	0	156	0	0	0	268	194	132	0	0	0	1992	0	0	0	1440	1976	686	0	500	0	1816	0	128	0	670	0	2060	224	182	0	0	0	308	0	746	168	330	0	0	0	0	0	0	0	0	0	0	0	0	0	0	0	0	0	
305796	ParaHippocampal_R	128	2668	0	2156	0	0	0	2086	0	0	0	1104	0	0	0	392	0	356	220	1006	0	642	0	0	0	0	0	0	0	6674	0	0	0	0	2716	3426	2442	36958	1412	0	0	9970	0	202	0	0	706	5466	0	0	0	0	0	118	726	32226	182	166	0	0	0	0	0	0	0	0	0	2234	190	262	184	336	146	10422	0	2230	0	3380	0	0	0	182	0	2630	0	212	0	970	340	6654	0	832	0	0	0	512	0	4664	0	1150	0	0	0	124	0	0	0	0	0	0	1096	0	0	0	0	0	
62060	Amygdala_L	0	0	138	0	172	0	0	0	0	0	0	0	0	0	784	0	0	0	170	0	1526	0	0	0	0	0	0	0	3806	0	0	0	0	0	0	0	9756	0	3384	0	0	0	0	0	0	0	0	0	0	0	0	0	0	0	4406	0	0	0	0	0	0	0	0	0	0	0	0	0	0	0	232	0	814	0	0	0	272	0	0	0	110	0	2930	0	0	0	466	0	2064	0	0	0	0	0	0	0	0	0	0	0	0	0	0	0	0	0	0	0	0	0	0	0	0	0	0	0	
73824	Amygdala_R	0	0	0	0	0	0	0	0	0	0	0	234	0	0	0	526	0	0	0	0	0	1522	0	0	0	0	0	0	0	2162	0	0	0	0	0	0	0	11166	0	9970	0	0	0	0	0	0	0	0	0	0	0	0	0	0	0	7406	0	0	0	0	0	0	0	0	0	0	0	0	0	0	0	0	0	318	0	0	0	0	0	0	0	0	0	2186	0	0	0	416	0	894	0	0	0	0	0	0	0	112	0	0	0	0	0	0	0	0	0	0	0	0	0	0	0	0	0	0	
228800	Calcarine_L	292	1482	0	0	0	0	0	0	0	0	0	0	0	0	0	0	0	0	0	1824	0	0	0	0	0	0	0	0	0	0	0	0	620	1658	2744	2668	614	418	178	0	0	0	0	8428	15730	6280	7240	2462	5754	1370	13144	0	8128	138	2570	478	1390	940	148	0	300	0	0	0	0	0	15358	3244	3140	2178	0	0	0	0	0	0	0	0	0	0	0	0	0	0	234	0	0	0	582	0	546	0	0	0	0	0	182	0	0	0	0	0	0	0	0	0	0	0	0	0	1938	0	0	0	0	0	
308940	Calcarine_R	116	912	0	0	0	0	0	0	0	0	0	0	0	0	0	0	0	0	0	420	0	0	0	0	0	0	0	0	0	0	0	0	0	1022	210	5432	0	722	0	202	0	0	8428	0	10100	28860	686	13538	1012	22928	376	9822	0	4016	0	6590	0	5172	0	886	0	722	0	0	0	660	1180	21692	332	2372	0	0	0	0	0	0	0	0	0	0	0	0	0	0	0	2196	0	0	0	640	0	218	0	0	0	0	0	0	0	0	0	0	0	0	0	0	0	0	0	0	3008	0	0	0	0	0	
208964	Cuneus_L	0	1276	0	0	0	0	0	0	0	0	0	0	0	0	0	0	0	0	0	1058	0	0	0	0	0	0	0	0	0	0	0	0	1456	912	788	2478	0	310	0	0	0	0	15730	10100	0	11374	1350	1344	17188	3658	10768	132	1452	0	224	290	342	960	606	0	164	0	0	0	0	0	11426	3398	2058	1912	0	0	0	0	0	0	0	0	0	0	0	0	0	0	112	0	0	0	0	0	0	0	0	0	0	0	0	0	0	0	0	0	0	0	0	0	0	0	0	0	1616	0	0	0	0	0	
300396	Cuneus_R	0	692	0	0	0	0	0	0	0	0	0	0	0	0	0	0	0	0	0	252	0	0	0	0	0	0	0	0	0	0	0	0	178	568	182	3290	0	422	0	0	0	0	6280	28860	11374	0	190	2482	1600	32886	508	11426	0	2536	0	1370	0	6310	0	4526	0	444	0	312	0	314	2524	23788	324	2426	0	0	0	0	0	0	0	0	0	0	0	0	0	0	0	1742	0	0	0	440	0	0	0	0	0	0	0	0	0	0	0	0	0	0	0	0	0	0	0	0	1952	0	0	0	0	0	
238968	Lingual_L	422	0	662	0	0	0	0	0	0	0	0	0	0	0	0	0	290	0	0	0	0	0	0	0	0	0	0	0	1938	0	0	0	0	0	2628	1832	5832	1828	4774	706	0	0	7240	686	1350	190	0	840	1962	0	12736	0	9798	0	15256	352	818	0	0	0	448	0	0	0	0	0	4538	252	200	0	0	0	668	0	0	0	120	410	1192	0	238	0	0	0	206	0	0	0	2964	136	8278	388	530	228	174	0	10098	242	11116	396	294	0	596	224	0	0	0	0	0	186	1556	1054	474	138	0	0	
227472	Lingual_R	0	612	0	0	0	0	0	0	0	0	0	0	0	0	0	0	0	0	0	272	0	0	0	0	0	0	0	0	0	0	0	0	0	612	746	6220	516	3318	330	5466	0	0	2462	13538	1344	2482	840	0	0	2556	0	1746	0	4690	454	13584	0	1688	0	184	0	172	0	0	0	174	0	12332	270	1858	0	0	0	430	0	426	0	416	0	0	0	0	0	0	0	442	0	0	0	1294	684	5246	0	0	0	396	1248	6666	1298	5958	0	0	0	0	0	0	0	0	0	0	8848	1694	224	0	0	0	
225884	Occipital_Sup_L	0	152	0	0	0	0	0	0	0	0	0	0	0	0	0	0	0	0	0	0	0	0	0	0	0	0	0	0	0	0	0	0	1168	0	158	0	0	0	0	0	0	0	5754	1012	17188	1600	1962	0	0	600	32904	0	3510	0	164	0	3266	0	12664	0	4978	0	0	0	4786	0	16518	0	1972	142	0	0	0	0	0	0	0	0	0	0	0	0	0	0	2096	0	0	0	0	0	348	0	0	0	0	0	0	0	0	0	0	0	0	0	0	0	0	0	0	0	0	0	0	0	0	0	
294868	Occipital_Sup_R	0	420	0	0	0	0	0	0	0	0	0	0	0	0	0	0	0	0	0	0	0	0	0	0	0	0	0	0	0	0	0	0	174	164	0	388	0	0	0	0	0	0	1370	22928	3658	32886	0	2556	600	0	178	24056	0	4836	0	3028	0	2780	0	10724	0	4846	0	268	0	8442	1398	16912	216	1648	0	0	0	0	0	0	0	0	0	0	0	0	0	0	0	2200	0	0	0	758	0	0	0	0	0	0	0	0	0	0	0	0	0	0	0	0	0	0	0	0	0	0	0	0	0	0	
480308	Occipital_Mid_L	786	126	346	0	0	0	0	0	0	0	200	0	0	0	0	0	404	0	0	0	0	0	0	0	0	0	0	0	1004	0	0	0	798	0	304	150	758	0	666	0	0	0	13144	376	10768	508	12736	0	32904	178	0	0	39014	0	7262	0	11572	0	19018	0	15452	0	1500	0	16644	0	19174	0	4386	0	0	0	334	0	0	0	0	0	570	0	600	0	0	0	20202	0	0	0	7576	0	694	0	0	0	0	0	0	0	0	0	0	0	0	0	0	0	0	0	0	0	0	0	0	0	0	0	
202856	Occipital_Mid_R	0	932	0	0	0	0	0	0	0	0	0	0	0	0	0	0	0	0	0	0	0	0	0	0	0	0	0	0	0	0	0	0	0	0	0	244	0	0	0	0	0	0	0	9822	132	11426	0	1746	0	24056	0	0	0	8650	0	2686	0	3068	0	4464	0	6142	0	392	0	9854	148	9740	0	374	0	0	0	0	0	0	0	0	0	0	0	106	0	0	0	6534	0	0	0	912	0	0	0	0	0	0	0	0	0	0	0	0	0	0	0	0	0	0	0	0	0	0	0	0	0	0	
216828	Occipital_Inf_L	610	0	290	0	0	0	0	0	0	0	130	0	0	0	0	0	372	0	0	0	0	0	0	0	0	0	0	0	1402	0	0	0	0	0	220	0	772	0	600	0	0	0	8128	0	1452	0	9798	0	3510	0	39014	0	0	0	10594	0	5590	0	732	0	2498	0	958	0	1630	0	3386	0	2210	0	0	0	310	0	0	0	0	0	768	0	434	0	0	0	4838	0	0	0	7500	0	668	0	0	0	0	0	0	0	0	0	0	0	0	0	0	0	0	0	0	0	0	0	0	0	0	0	
96540	Occipital_Inf_R	0	434	0	0	0	0	0	0	0	0	0	0	0	0	0	0	0	0	0	0	0	0	0	0	0	0	0	0	0	0	0	0	0	0	0	172	0	0	0	118	0	0	138	4016	0	2536	0	4690	0	4836	0	8650	0	0	0	7610	0	1658	0	268	0	808	0	332	0	480	0	3750	0	190	0	0	0	0	0	0	0	0	0	0	0	0	0	0	0	1372	0	0	0	4868	0	1344	0	0	0	0	0	0	0	0	0	0	0	0	0	0	0	0	0	0	0	0	0	0	0	0	
501420	Fusiform_L	7018	768	2148	202	0	0	520	0	0	0	508	0	0	0	0	0	2284	0	744	144	0	0	0	0	0	0	0	0	12586	0	0	0	176	0	4218	3284	28970	2016	9036	726	4406	0	2570	0	224	0	15256	454	164	0	7262	0	10594	0	0	876	7204	230	320	0	4250	0	910	0	0	0	2696	400	2006	0	182	0	4028	0	0	0	534	772	9328	0	6112	0	958	0	4322	0	1432	0	30204	260	16522	172	1020	0	0	0	11774	232	20498	0	1202	0	2324	260	870	108	0	0	0	0	1460	304	194	344	124	0	
490228	Fusiform_R	144	4946	0	2238	0	0	0	2842	0	0	0	1608	0	190	0	0	0	518	178	1096	0	0	0	0	0	0	0	0	0	10092	0	0	0	264	1974	2930	1344	44176	650	32226	0	7406	478	6590	290	1370	352	13584	0	3028	0	2686	0	7610	876	0	310	2040	0	0	0	492	0	1524	0	192	0	3224	224	690	140	344	116	14506	0	2150	0	2490	0	308	0	1200	0	4288	0	3244	0	1970	508	23974	0	9706	0	294	0	700	0	7248	0	8832	0	0	0	808	0	0	0	0	0	0	1230	676	0	0	0	0	
370980	Postcentral_L	33566	2006	1626	1134	0	0	1142	640	0	0	7544	0	1996	0	0	0	8810	0	1136	722	0	0	0	0	0	0	0	0	7346	0	208	0	212	558	3554	2118	5298	496	336	182	0	0	1390	0	342	0	818	0	3266	0	11572	0	5590	0	7204	310	0	1228	8232	0	20076	0	7346	0	1636	0	4888	192	9434	500	2360	0	968	0	416	0	400	0	4456	0	8142	0	0	0	1276	0	0	0	2662	0	156	0	0	0	0	0	0	0	0	0	0	0	0	0	0	0	0	0	0	0	0	0	0	0	0	0	
271940	Postcentral_R	204	25542	0	212	0	0	0	592	0	0	0	2732	0	0	0	0	0	5242	0	1378	0	0	0	0	0	0	0	0	0	1502	0	0	908	2056	1858	7924	0	1772	0	166	0	0	940	5172	960	6310	0	1688	0	2780	0	3068	0	1658	230	2040	1228	0	0	4488	0	6102	0	11436	0	1340	582	14488	2020	6298	0	604	0	194	0	112	0	1222	0	422	0	970	0	114	0	4266	0	0	152	1900	0	148	0	0	0	0	0	0	0	0	0	0	0	0	0	0	0	0	0	0	950	0	0	0	0	0	
169068	Parietal_Sup_L	124	0	0	0	0	0	0	0	0	0	0	0	0	0	0	0	0	0	0	0	0	0	0	0	0	0	0	0	0	0	0	0	538	0	176	0	134	0	0	0	0	0	148	0	606	0	0	0	12664	0	19018	0	732	0	320	0	8232	0	0	0	15122	0	0	0	8312	0	14452	0	2696	0	0	0	0	0	0	0	0	0	0	0	0	0	0	0	1260	0	0	0	0	0	0	0	0	0	0	0	0	0	0	0	0	0	0	0	0	0	0	0	0	0	0	0	0	0	0	0	
128200	Parietal_Sup_R	0	312	0	0	0	0	0	0	0	0	0	0	0	0	0	0	0	0	0	0	0	0	0	0	0	0	0	0	0	0	0	0	260	0	0	384	0	0	0	0	0	0	0	886	0	4526	0	184	0	10724	0	4464	0	268	0	0	0	4488	0	0	0	10350	0	446	0	11888	1324	10884	124	1830	0	0	0	0	0	0	0	0	0	0	0	0	0	0	0	758	0	0	0	0	0	0	0	0	0	0	0	0	0	0	0	0	0	0	0	0	0	0	0	0	0	0	0	0	0	0	
226684	Parietal_Inf_L	2142	0	0	0	0	0	0	0	0	0	628	0	0	0	0	0	250	0	0	0	0	0	0	0	0	0	0	0	520	0	0	0	158	0	200	0	2362	0	0	0	0	0	300	0	164	0	448	0	4978	0	15452	0	2498	0	4250	0	20076	0	15122	0	0	0	12020	0	18318	0	4378	0	1820	0	168	0	0	0	0	0	0	0	146	0	1592	0	0	0	2876	0	0	0	2476	0	0	0	0	0	0	0	0	0	0	0	0	0	0	0	0	0	0	0	0	0	0	0	0	0	0	0	
147028	Parietal_Inf_R	0	1164	0	0	0	0	0	0	0	0	0	0	0	0	0	0	0	0	0	0	0	0	0	0	0	0	0	0	0	0	0	0	0	0	0	0	0	418	0	0	0	0	0	722	0	444	0	172	0	4846	0	6142	0	808	0	492	0	6102	0	10350	0	0	0	6628	0	25118	0	1828	0	0	0	0	0	0	0	0	0	0	0	0	0	350	0	0	0	6600	0	0	0	1330	0	0	0	0	0	0	0	0	0	0	0	0	0	0	0	0	0	0	0	0	0	0	0	0	0	0	
101644	SupraMarginal_L	900	0	0	0	0	0	122	0	0	0	154	0	0	0	0	0	2128	0	0	0	0	0	0	0	0	0	0	0	2134	0	0	0	0	0	0	0	1726	0	156	0	0	0	0	0	0	0	0	0	0	0	1500	0	958	0	910	0	7346	0	0	0	12020	0	0	0	3986	0	0	0	0	0	130	0	0	0	0	0	0	0	530	0	8260	0	0	0	4198	0	0	0	3664	0	0	0	0	0	0	0	0	0	0	0	0	0	0	0	0	0	0	0	0	0	0	0	0	0	0	0	
87928	SupraMarginal_R	0	1664	0	0	0	0	0	0	0	0	0	0	0	0	0	0	0	2214	0	0	0	0	0	0	0	0	0	0	0	480	0	0	0	0	0	0	0	1366	0	0	0	0	0	0	0	312	0	0	0	268	0	392	0	332	0	1524	0	11436	0	446	0	6628	0	0	0	6446	0	426	0	0	0	0	0	0	0	0	0	0	0	780	0	4388	0	0	0	1698	0	0	0	3164	0	0	0	0	0	0	0	0	0	0	0	0	0	0	0	0	0	0	0	0	0	0	0	0	0	0	
152996	Angular_L	0	0	0	0	0	0	0	0	0	0	0	0	0	0	0	0	0	0	0	0	0	0	0	0	0	0	0	0	0	0	0	0	202	0	0	0	0	0	0	0	0	0	0	0	0	0	0	0	4786	0	16644	0	1630	0	0	0	1636	0	8312	0	18318	0	3986	0	0	0	3866	0	456	0	0	0	0	0	0	0	0	0	0	0	3090	0	0	0	9766	0	0	0	3806	0	0	0	0	0	0	0	0	0	0	0	0	0	0	0	0	0	0	0	0	0	0	0	0	0	0	0	
157768	Angular_R	0	158	0	0	0	0	0	0	0	0	0	0	0	0	0	0	0	0	0	0	0	0	0	0	0	0	0	0	0	128	0	0	0	0	0	0	0	0	0	0	0	0	0	660	0	314	0	174	0	8442	0	9854	0	480	0	192	0	1340	0	11888	0	25118	0	6446	0	0	0	1352	0	0	0	0	0	0	0	0	0	0	0	160	0	2188	0	0	0	8234	0	0	0	1756	0	0	0	0	0	0	0	0	0	0	0	0	0	0	0	0	0	0	0	0	0	0	0	0	0	0	
288744	Precuneus_L	232	1166	0	0	0	0	0	0	0	0	0	0	0	0	0	0	0	0	112	1420	0	0	0	0	0	0	0	0	0	0	0	0	3058	2034	5906	2096	1268	344	268	0	0	0	15358	1180	11426	2524	4538	0	16518	1398	19174	148	3386	0	2696	0	4888	582	14452	1324	4378	0	0	0	3866	0	0	7674	5206	2732	0	0	0	0	0	0	176	0	0	0	0	0	0	0	1236	0	0	0	942	0	0	0	0	0	0	0	460	0	0	0	0	0	0	0	0	0	0	0	0	0	206	0	0	0	0	0	
410716	Precuneus_R	312	3726	0	146	0	0	0	124	0	0	0	0	0	0	0	0	0	0	0	2320	0	0	0	0	0	0	0	0	0	0	0	0	1862	6672	3158	18818	642	2646	194	2234	0	0	3244	21692	3398	23788	252	12332	0	16912	0	9740	0	3750	400	3224	192	14488	0	10884	0	1828	0	426	0	1352	7674	0	2442	11760	0	0	0	0	0	0	126	368	0	0	0	0	0	0	0	2760	0	0	280	998	0	414	0	0	0	0	0	2002	0	0	0	0	0	0	0	0	0	0	0	0	5778	0	0	0	0	0	
321652	Paracentral_Lobule_L	19176	11322	3060	3064	0	0	0	1180	0	0	0	0	0	0	0	0	0	0	7946	20436	0	0	0	0	0	0	0	0	0	0	0	0	5166	15290	3768	2740	2258	582	132	190	0	0	3140	332	2058	324	200	270	1972	216	4386	0	2210	0	2006	224	9434	2020	2696	124	1820	0	0	0	456	0	5206	2442	0	14372	1248	338	1770	0	328	0	3290	204	0	0	174	0	0	0	470	0	0	0	608	0	0	0	0	0	0	0	0	0	0	0	0	0	0	0	0	0	0	0	0	0	178	0	0	0	0	0	
227140	Paracentral_Lobule_R	3772	13048	202	136	0	0	0	0	0	0	0	0	0	0	0	0	0	0	398	14990	0	0	0	0	0	0	0	0	0	0	0	0	3414	15942	1374	6394	0	998	0	262	0	0	2178	2372	1912	2426	0	1858	142	1648	0	374	0	190	0	690	500	6298	0	1830	0	0	0	0	0	0	2732	11760	14372	0	0	0	0	0	0	0	0	148	0	0	0	0	0	0	0	0	0	0	0	108	0	0	0	0	0	0	0	0	0	0	0	0	0	0	0	0	0	0	0	0	1102	0	0	0	0	0	
373228	Caudate_L	6092	0	14624	13690	3290	2220	602	1338	0	0	470	0	1100	358	0	152	448	0	25122	12722	6574	9764	516	712	888	1050	6428	4038	1598	310	8104	4572	0	8656	0	0	520	430	0	184	232	0	0	0	0	0	0	0	0	0	0	0	0	0	182	140	2360	0	0	0	168	0	130	0	0	0	0	0	1248	0	0	10364	17090	2086	3432	480	11408	0	256	0	282	0	0	0	0	0	0	0	184	0	0	0	0	0	0	0	0	0	0	0	0	0	0	0	0	0	0	0	0	0	0	0	0	0	0	0	
451948	Caudate_R	234	13044	1970	30682	1332	6218	160	10430	0	0	120	882	182	1294	0	714	0	206	6186	20568	3754	8304	1028	10102	366	4740	2672	4718	192	2286	5378	24060	334	7382	0	0	0	922	0	336	0	0	0	0	0	0	0	0	0	0	0	0	0	0	0	344	0	604	0	0	0	0	0	0	0	0	0	0	338	0	10364	0	6402	16292	1028	2162	0	17152	0	0	0	302	0	0	0	0	0	0	0	190	0	0	0	0	0	0	0	0	0	0	0	0	0	0	0	0	0	0	0	0	0	0	0	0	0	0	
332652	Putamen_L	2804	182	14840	3264	2776	248	1088	250	626	0	1536	0	1616	110	2898	0	1414	0	13112	3142	1984	3636	1134	368	1110	214	2506	1046	21010	0	10520	4180	0	1282	0	0	12686	292	1992	146	814	0	0	0	0	0	668	0	0	0	334	0	310	0	4028	116	968	0	0	0	0	0	0	0	0	0	0	0	1770	0	17090	6402	0	1172	7170	368	2336	162	1782	0	2228	0	1584	0	262	0	0	0	2750	0	0	0	0	0	0	0	0	0	0	0	0	0	0	0	0	0	0	0	0	0	0	0	0	0	0	0	
417332	Putamen_R	0	7704	0	17300	388	4842	0	10616	0	0	0	8094	0	3342	0	2230	0	1956	184	12450	1250	2292	0	3098	0	3666	788	2018	0	34310	984	9616	0	1298	0	0	0	18254	0	10422	0	318	0	0	0	0	0	430	0	0	0	0	0	0	0	14506	0	194	0	0	0	0	0	0	0	0	0	0	0	0	2086	16292	1172	0	0	3304	0	922	0	0	0	6936	0	316	0	286	0	0	0	4482	0	122	0	0	0	0	0	198	0	0	0	0	0	0	0	0	0	0	0	0	0	0	0	0	0	0	
54740	Pallidum_L	794	0	7186	324	0	0	0	0	0	0	0	0	0	0	0	0	492	0	1584	260	0	730	0	0	0	0	0	0	216	0	0	0	0	0	0	0	1006	0	0	0	0	0	0	0	0	0	0	0	0	0	0	0	0	0	0	0	416	0	0	0	0	0	0	0	0	0	0	0	328	0	3432	1028	7170	0	0	358	1556	0	274	0	216	0	0	0	0	0	0	0	0	0	0	0	0	0	0	0	0	0	0	0	0	0	0	0	0	0	0	0	0	0	0	0	0	0	0	0	
42364	Pallidum_R	0	284	0	2840	0	0	0	158	0	0	0	0	0	0	0	0	0	0	0	2556	0	236	0	0	0	0	0	0	0	208	0	0	0	0	0	0	0	2638	0	2230	0	0	0	0	0	0	0	426	0	0	0	0	0	0	0	2150	0	112	0	0	0	0	0	0	0	0	0	0	0	0	480	2162	368	3304	358	0	0	282	0	0	0	0	0	0	0	0	0	0	0	230	0	0	0	0	0	0	0	160	0	0	0	0	0	0	0	0	0	0	0	0	0	0	0	0	0	0	
113920	Thalamus_L	11876	750	7326	480	0	0	1364	258	0	0	142	0	0	0	0	0	0	0	5544	236	0	0	0	0	0	0	0	0	784	0	0	0	0	0	270	232	4028	308	1440	0	272	0	0	0	0	0	120	0	0	0	0	0	0	0	534	0	400	0	0	0	0	0	0	0	0	0	176	126	3290	0	11408	0	2336	0	1556	0	0	1284	134	0	124	0	0	0	0	0	0	0	162	0	0	0	0	0	0	0	0	0	0	0	0	0	0	0	0	0	0	0	0	0	0	0	0	0	0	0	
199008	Thalamus_R	348	27850	0	12598	0	0	124	10704	0	0	0	292	0	0	0	0	0	118	512	3548	0	0	0	0	0	0	0	0	154	214	0	0	0	0	966	930	2790	6674	1976	3380	0	0	0	0	0	0	410	416	0	0	0	0	0	0	772	2490	0	1222	0	0	0	0	0	0	0	0	0	368	204	148	0	17152	162	922	0	282	1284	0	0	0	0	0	0	0	0	0	0	0	0	494	0	0	0	0	0	0	0	0	0	0	0	0	0	0	0	0	0	0	0	0	0	0	0	0	0	0	
159104	Heschl_L	3748	0	758	186	0	0	904	124	0	0	1182	0	400	0	0	0	9486	0	452	0	0	0	0	0	0	0	0	0	15064	0	0	0	0	0	0	0	6672	0	686	0	0	0	0	0	0	0	1192	0	0	0	570	0	768	0	9328	0	4456	0	0	0	146	0	530	0	0	0	0	0	0	0	256	0	1782	0	274	0	134	0	0	0	9962	0	0	0	3220	0	0	0	6792	0	132	0	0	0	0	0	348	0	0	0	0	0	0	0	0	0	0	0	0	0	0	0	0	0	0	0	
23916	Heschl_R	0	506	0	116	0	0	0	144	0	0	0	106	0	0	0	0	0	1432	0	0	0	0	0	0	0	0	0	0	0	1610	0	0	0	0	0	0	0	0	0	0	0	0	0	0	0	0	0	0	0	0	0	0	0	0	0	308	0	422	0	0	0	0	0	780	0	160	0	0	0	0	0	0	0	0	0	0	0	0	0	0	0	5382	0	264	0	336	0	0	0	392	0	0	0	0	0	0	0	0	0	0	0	0	0	0	0	0	0	0	0	0	0	0	0	0	0	0	
258588	Temporal_Sup_L	6394	0	1356	196	0	0	1344	122	0	0	3448	0	1118	0	120	0	12550	0	1386	110	106	0	0	0	0	0	0	0	15232	0	0	0	0	0	0	0	3802	0	500	0	110	0	0	0	0	0	238	0	0	0	600	0	434	0	6112	0	8142	0	0	0	1592	0	8260	0	3090	0	0	0	174	0	282	0	2228	0	216	0	124	0	9962	0	0	0	4558	0	22118	0	0	0	12870	0	136	0	0	0	0	0	146	0	118	0	0	0	0	0	0	0	0	0	0	0	0	0	0	0	0	0	
118220	Temporal_Sup_R	0	3750	0	912	0	0	0	3812	0	0	0	2764	0	658	0	0	0	2518	0	612	0	0	0	0	0	0	0	0	0	8350	0	232	0	0	0	0	0	610	0	182	0	0	0	0	0	0	0	0	0	0	0	106	0	0	0	1200	0	970	0	0	0	350	0	4388	0	2188	0	0	0	0	0	302	0	6936	0	0	0	0	0	5382	0	0	0	2098	0	7158	0	0	0	3632	0	0	0	0	0	0	0	0	0	0	0	0	0	0	0	0	0	0	0	0	0	0	0	0	0	0	
91464	Temporal_Pole_Sup_L	324	0	1494	0	470	0	292	0	176	0	2288	0	466	0	2226	0	1998	0	1406	0	1214	0	0	0	0	0	152	0	8720	0	220	0	0	0	0	0	4106	0	1816	0	2930	0	0	0	0	0	0	0	0	0	0	0	0	0	958	0	0	0	0	0	0	0	0	0	0	0	0	0	0	0	0	0	1584	0	0	0	0	0	0	0	4558	0	0	0	4152	0	2158	0	2024	0	0	0	0	0	0	0	0	0	0	0	0	0	0	0	0	0	0	0	0	0	0	0	0	0	0	0	
59096	Temporal_Pole_Sup_R	0	0	0	766	0	0	0	168	0	0	0	1084	0	0	0	738	0	1064	0	642	0	456	0	0	0	0	0	0	0	1828	0	0	0	0	0	0	0	1020	0	2630	0	2186	0	0	0	0	0	0	0	0	0	0	0	0	0	4288	0	114	0	0	0	0	0	0	0	0	0	0	0	0	0	0	0	316	0	0	0	0	0	264	0	2098	0	0	0	3042	0	4604	0	2240	0	0	0	0	0	0	0	0	0	0	0	0	0	0	0	0	0	0	0	0	0	0	0	0	0	0	
244916	Temporal_Mid_L	312	0	0	0	0	0	0	0	0	0	154	0	0	0	0	0	1478	0	0	0	0	0	0	0	0	0	0	0	3110	0	0	0	0	0	0	0	1628	0	128	0	0	0	234	0	112	0	206	0	2096	0	20202	0	4838	0	4322	0	1276	0	1260	0	2876	0	4198	0	9766	0	1236	0	470	0	0	0	262	0	0	0	0	0	3220	0	22118	0	4152	0	0	0	2396	0	30408	0	0	0	0	0	0	0	0	0	0	0	0	0	0	0	0	0	0	0	0	0	0	0	0	0	0	0	
160000	Temporal_Mid_R	0	2622	0	178	0	0	0	228	0	0	0	0	0	0	0	0	0	0	0	0	0	0	0	0	0	0	0	0	0	662	0	0	0	0	0	150	0	1394	0	212	0	0	0	2196	0	1742	0	442	0	2200	0	6534	0	1372	0	3244	0	4266	0	758	0	6600	0	1698	0	8234	0	2760	0	0	0	0	0	286	0	0	0	0	0	336	0	7158	0	3042	0	0	0	2386	0	19160	0	140	0	0	0	0	0	0	0	0	0	0	0	0	0	0	0	0	0	0	0	0	0	0	0	0	
19372	Temporal_Pole_Mid_L	0	0	0	0	0	0	0	0	0	0	0	0	0	0	0	0	0	0	0	0	0	0	0	0	0	0	0	0	0	0	0	0	0	0	0	0	322	0	670	0	466	0	0	0	0	0	0	0	0	0	0	0	0	0	1432	0	0	0	0	0	0	0	0	0	0	0	0	0	0	0	0	0	0	0	0	0	0	0	0	0	0	0	2158	0	2396	0	0	0	2242	0	0	0	0	0	0	0	0	0	0	0	0	0	0	0	0	0	0	0	0	0	0	0	0	0	0	0	
23840	Temporal_Pole_Mid_R	0	0	0	0	0	0	0	0	0	0	0	0	0	0	0	0	0	0	0	0	0	0	0	0	0	0	0	0	0	0	0	0	0	0	0	0	0	0	0	970	0	416	0	0	0	0	0	0	0	0	0	0	0	0	0	1970	0	0	0	0	0	0	0	0	0	0	0	0	0	0	0	0	0	0	0	0	0	0	0	0	0	0	0	4604	0	2386	0	0	0	1574	0	0	0	0	0	0	0	0	0	0	0	0	0	0	0	0	0	0	0	0	0	0	0	0	0	0	
331692	Temporal_Inf_L	3464	344	960	152	0	0	268	0	0	0	304	0	0	0	0	0	1798	0	650	0	0	0	0	0	0	0	0	0	8794	0	0	0	0	0	1954	1900	14998	996	2060	340	2064	0	582	0	0	0	2964	0	0	0	7576	0	7500	0	30204	508	2662	152	0	0	2476	0	3664	0	3806	0	942	280	608	0	184	0	2750	0	0	0	162	0	6792	0	12870	0	2024	0	30408	0	2242	0	0	0	1542	106	132	0	0	0	838	0	500	0	136	0	190	0	0	0	0	0	0	0	0	0	0	0	0	0	
218356	Temporal_Inf_R	0	2618	0	1054	0	0	0	650	0	0	0	408	0	0	0	0	0	148	0	532	0	0	0	0	0	0	0	0	0	2768	0	0	0	0	532	708	434	14786	224	6654	0	894	0	640	0	440	136	1294	0	758	0	912	0	4868	260	23974	0	1900	0	0	0	1330	0	3164	0	1756	0	998	0	108	0	190	0	4482	0	230	0	494	0	392	0	3632	0	2240	0	19160	0	1574	0	0	0	1492	0	0	0	0	0	344	0	0	0	0	0	0	0	0	0	0	0	0	0	0	0	0	0	0	
365488	Cerebelum_Crus1_L	0	0	0	0	0	0	0	0	0	0	0	0	0	0	0	0	0	0	0	0	0	0	0	0	0	0	0	0	158	0	0	0	0	0	0	0	128	0	182	0	0	0	546	0	0	0	8278	684	348	0	694	0	668	0	16522	0	156	0	0	0	0	0	0	0	0	0	0	0	0	0	0	0	0	0	0	0	0	0	132	0	136	0	0	0	0	0	0	0	1542	0	0	2372	30184	3086	168	0	20648	902	45574	2290	10988	466	15374	912	2476	0	700	0	0	232	4634	6178	4298	912	176	0	
393560	Cerebelum_Crus1_R	0	212	0	0	0	0	0	0	0	0	0	0	0	0	0	0	0	0	0	0	0	0	0	0	0	0	0	0	0	194	0	0	0	0	164	290	0	1108	0	832	0	0	0	218	0	0	388	5246	0	0	0	0	0	1344	172	9706	0	148	0	0	0	0	0	0	0	0	0	414	0	0	0	0	0	122	0	0	0	0	0	0	0	0	0	0	0	140	0	0	106	1492	2372	0	1232	17616	138	3626	5366	26044	5476	50612	196	1620	550	14478	0	1300	0	432	170	4852	16980	12054	6738	2072	426	134	
293148	Cerebelum_Crus2_L	0	0	0	0	0	0	0	0	0	0	0	0	0	0	0	0	0	0	0	0	0	0	0	0	0	0	0	0	0	0	0	0	0	0	0	0	0	0	0	0	0	0	0	0	0	0	530	0	0	0	0	0	0	0	1020	0	0	0	0	0	0	0	0	0	0	0	0	0	0	0	0	0	0	0	0	0	0	0	0	0	0	0	0	0	0	0	0	0	132	0	30184	1232	0	7640	676	0	4316	0	8694	1124	31464	2660	29316	1340	8504	0	378	0	204	556	1536	3314	8554	3090	110	0	
236972	Cerebelum_Crus2_R	0	0	0	0	0	0	0	0	0	0	0	0	0	0	0	0	0	0	0	0	0	0	0	0	0	0	0	0	0	0	0	0	0	0	0	0	0	0	0	0	0	0	0	0	0	0	228	0	0	0	0	0	0	0	0	294	0	0	0	0	0	0	0	0	0	0	0	0	0	0	0	0	0	0	0	0	0	0	0	0	0	0	0	0	0	0	0	0	0	0	3086	17616	7640	0	162	930	2742	1396	3062	7136	3690	10924	3300	21508	166	3504	0	316	466	1956	3080	4610	12262	6544	1532	336	
28456	Cerebelum_3_L	0	0	0	0	0	0	0	0	0	0	0	0	0	0	0	0	0	0	0	0	0	0	0	0	0	0	0	0	0	0	0	0	0	0	0	0	0	0	308	0	0	0	0	0	0	0	174	0	0	0	0	0	0	0	0	0	0	0	0	0	0	0	0	0	0	0	0	0	0	0	0	0	0	0	0	0	0	0	0	0	0	0	0	0	0	0	0	0	0	0	168	138	676	162	0	0	4374	132	264	138	654	0	1568	190	1330	0	0	0	1010	1406	876	318	0	180	162	0	
52836	Cerebelum_3_R	0	0	0	0	0	0	0	0	0	0	0	0	0	0	0	0	0	0	0	0	0	0	0	0	0	0	0	0	0	0	0	0	0	0	0	0	0	232	0	512	0	0	0	0	0	0	0	396	0	0	0	0	0	0	0	700	0	0	0	0	0	0	0	0	0	0	0	0	0	0	0	0	0	0	0	0	0	0	0	0	0	0	0	0	0	0	0	0	0	0	0	3626	0	930	0	0	142	4686	0	5104	0	108	0	2008	0	1024	0	0	320	5024	506	0	0	558	542	0	
320076	Cerebelum_4_5_L	0	0	0	0	0	0	0	0	0	0	0	0	0	0	0	0	0	0	0	0	0	0	0	0	0	0	0	0	396	0	0	0	0	0	0	0	842	0	746	0	0	0	182	0	0	0	10098	1248	0	0	0	0	0	0	11774	0	0	0	0	0	0	0	0	0	0	0	460	0	0	0	0	0	0	0	0	0	0	0	348	0	146	0	0	0	0	0	0	0	838	0	20648	5366	4316	2742	4374	142	0	3230	33400	5612	2862	152	6960	4160	3742	386	256	0	1016	4874	13648	5922	4146	3244	1538	224	
247308	Cerebelum_4_5_R	0	0	0	0	0	0	0	0	0	0	0	0	0	0	0	0	0	0	0	0	0	0	0	0	0	0	0	0	0	0	0	0	0	0	442	1000	250	2052	168	4664	0	112	0	0	0	0	242	6666	0	0	0	0	0	0	232	7248	0	0	0	0	0	0	0	0	0	0	0	2002	0	0	0	0	0	198	0	160	0	0	0	0	0	0	0	0	0	0	0	0	0	344	902	26044	0	1396	132	4686	3230	0	2378	30288	0	120	112	4452	0	1228	0	382	142	4102	13628	1844	1096	1124	588	0	
369476	Cerebelum_6_L	0	0	0	0	0	0	0	0	0	0	0	0	0	0	0	0	0	0	0	0	0	0	0	0	0	0	0	0	124	0	0	0	0	0	0	0	154	0	330	0	0	0	0	0	0	0	11116	1298	0	0	0	0	0	0	20498	0	0	0	0	0	0	0	0	0	0	0	0	0	0	0	0	0	0	0	0	0	0	0	0	0	118	0	0	0	0	0	0	0	500	0	45574	5476	8694	3062	264	0	33400	2378	0	5290	3554	134	7490	2562	1990	202	738	0	254	1590	10042	9912	4784	2188	906	116	
358784	Cerebelum_6_R	0	0	0	0	0	0	0	0	0	0	0	0	0	0	0	0	0	0	0	0	0	0	0	0	0	0	0	0	0	0	0	0	0	0	0	0	0	746	0	1150	0	0	0	0	0	0	396	5958	0	0	0	0	0	0	0	8832	0	0	0	0	0	0	0	0	0	0	0	0	0	0	0	0	0	0	0	0	0	0	0	0	0	0	0	0	0	0	0	0	0	0	2290	50612	1124	7136	138	5104	5612	30288	5290	0	114	344	336	9934	0	1146	0	596	156	5856	18722	10966	4546	1720	280	0	
216720	Cerebelum_7b_L	0	0	0	0	0	0	0	0	0	0	0	0	0	0	0	0	0	0	0	0	0	0	0	0	0	0	0	0	0	0	0	0	0	0	0	0	0	0	0	0	0	0	0	0	0	0	294	0	0	0	0	0	0	0	1202	0	0	0	0	0	0	0	0	0	0	0	0	0	0	0	0	0	0	0	0	0	0	0	0	0	0	0	0	0	0	0	0	0	136	0	10988	196	31464	3690	654	0	2862	0	3554	114	0	1790	31264	1306	9564	0	232	0	182	486	792	326	4206	3058	0	0	
76292	Cerebelum_7b_R	0	0	0	0	0	0	0	0	0	0	0	0	0	0	0	0	0	0	0	0	0	0	0	0	0	0	0	0	0	0	0	0	0	0	0	0	0	0	0	0	0	0	0	0	0	0	0	0	0	0	0	0	0	0	0	0	0	0	0	0	0	0	0	0	0	0	0	0	0	0	0	0	0	0	0	0	0	0	0	0	0	0	0	0	0	0	0	0	0	0	466	1620	2660	10924	0	108	152	120	134	344	1790	0	1376	8986	0	2314	0	122	0	134	178	136	3074	3258	250	0	
303908	Cerebelum_8_L	0	0	0	0	0	0	0	0	0	0	0	0	0	0	0	0	0	0	0	0	0	0	0	0	0	0	0	0	0	0	0	0	0	0	0	0	0	0	0	0	0	0	0	0	0	0	596	0	0	0	0	0	0	0	2324	0	0	0	0	0	0	0	0	0	0	0	0	0	0	0	0	0	0	0	0	0	0	0	0	0	0	0	0	0	0	0	0	0	190	0	15374	550	29316	3300	1568	0	6960	112	7490	336	31264	1376	0	3942	22968	1512	3278	0	250	822	1516	970	5084	7818	2352	686	
251688	Cerebelum_8_R	0	0	0	0	0	0	0	0	0	0	0	0	0	0	0	0	0	0	0	0	0	0	0	0	0	0	0	0	0	0	0	0	0	0	0	0	0	0	0	124	0	0	0	0	0	0	224	0	0	0	0	0	0	0	260	808	0	0	0	0	0	0	0	0	0	0	0	0	0	0	0	0	0	0	0	0	0	0	0	0	0	0	0	0	0	0	0	0	0	0	912	14478	1340	21508	190	2008	4160	4452	2562	9934	1306	8986	3942	0	792	16282	0	1074	500	3928	4800	1522	5804	9206	3906	836	
123620	Cerebelum_9_L	0	0	0	0	0	0	0	0	0	0	0	0	0	0	0	0	0	0	0	0	0	0	0	0	0	0	0	0	0	0	0	0	0	0	0	0	0	0	0	0	0	0	0	0	0	0	0	0	0	0	0	0	0	0	870	0	0	0	0	0	0	0	0	0	0	0	0	0	0	0	0	0	0	0	0	0	0	0	0	0	0	0	0	0	0	0	0	0	0	0	2476	0	8504	166	1330	0	3742	0	1990	0	9564	0	22968	792	0	566	3714	0	0	252	334	156	496	1916	1536	438	
87712	Cerebelum_9_R	0	0	0	0	0	0	0	0	0	0	0	0	0	0	0	0	0	0	0	0	0	0	0	0	0	0	0	0	0	0	0	0	0	0	0	0	0	0	0	0	0	0	0	0	0	0	0	0	0	0	0	0	0	0	108	0	0	0	0	0	0	0	0	0	0	0	0	0	0	0	0	0	0	0	0	0	0	0	0	0	0	0	0	0	0	0	0	0	0	0	0	1300	0	3504	0	1024	386	1228	202	1146	0	2314	1512	16282	566	0	0	1090	164	948	600	156	406	4870	4794	1256	
18592	Cerebelum_10_L	0	0	0	0	0	0	0	0	0	0	0	0	0	0	0	0	0	0	0	0	0	0	0	0	0	0	0	0	0	0	0	0	0	0	0	0	0	0	0	0	0	0	0	0	0	0	0	0	0	0	0	0	0	0	0	0	0	0	0	0	0	0	0	0	0	0	0	0	0	0	0	0	0	0	0	0	0	0	0	0	0	0	0	0	0	0	0	0	0	0	700	0	378	0	0	0	256	0	738	0	232	0	3278	0	3714	0	0	0	0	0	0	0	0	0	0	0	
8472	Cerebelum_10_R	0	0	0	0	0	0	0	0	0	0	0	0	0	0	0	0	0	0	0	0	0	0	0	0	0	0	0	0	0	0	0	0	0	0	0	0	0	0	0	0	0	0	0	0	0	0	0	0	0	0	0	0	0	0	0	0	0	0	0	0	0	0	0	0	0	0	0	0	0	0	0	0	0	0	0	0	0	0	0	0	0	0	0	0	0	0	0	0	0	0	0	432	0	316	0	0	0	382	0	596	0	122	0	1074	0	1090	0	0	0	0	224	0	0	0	0	0	
22184	Vermis_1_2	0	0	0	0	0	0	0	0	0	0	0	0	0	0	0	0	0	0	0	0	0	0	0	0	0	0	0	0	0	0	0	0	0	0	0	0	0	0	0	0	0	0	0	0	0	0	0	0	0	0	0	0	0	0	0	0	0	0	0	0	0	0	0	0	0	0	0	0	0	0	0	0	0	0	0	0	0	0	0	0	0	0	0	0	0	0	0	0	0	0	0	170	204	466	1010	320	1016	142	254	156	182	0	250	500	0	164	0	0	0	3682	1140	558	0	370	508	0	
109800	Vermis_3	0	0	0	0	0	0	0	0	0	0	0	0	0	0	0	0	0	0	0	0	0	0	0	0	0	0	0	0	0	0	0	0	0	0	0	0	0	0	0	0	0	0	0	0	0	0	186	0	0	0	0	0	0	0	0	0	0	0	0	0	0	0	0	0	0	0	0	0	0	0	0	0	0	0	0	0	0	0	0	0	0	0	0	0	0	0	0	0	0	0	232	4852	556	1956	1406	5024	4874	4102	1590	5856	486	134	822	3928	252	948	0	0	3682	0	7012	1582	1760	2048	1480	132	
316040	Vermis_4_5	0	258	0	0	0	0	0	0	0	0	0	0	0	0	0	0	0	0	0	252	0	0	0	0	0	0	0	0	0	0	0	0	0	376	616	4942	176	772	0	1096	0	0	1938	3008	1616	1952	1556	8848	0	0	0	0	0	0	1460	1230	0	950	0	0	0	0	0	0	0	0	206	5778	178	1102	0	0	0	0	0	0	0	0	0	0	0	0	0	0	0	0	0	0	0	0	4634	16980	1536	3080	876	506	13648	13628	10042	18722	792	178	1516	4800	334	600	0	224	1140	7012	0	10020	4194	3172	1666	410	
