data	data	630708	366428	797520	679824	81996	70880	500024	233820	63016	17388	283092	277588	269560	119652	133544	61112	199448	131392	701908	645500	64952	74280	315684	284124	16568	57888	32736	45376	379588	294320	241320	389968	222344	482148	119660	181136	243936	242284	68724	115952	19884	40656	336840	314044	211948	302848	392712	273952	252988	268812	519488	263260	104172	139104	356024	375512	303828	275620	139960	73876	246868	46548	133580	70936	121956	64516	315888	421940	217964	232684	181512	271348	204800	199084	61568	12508	176788	139016	61892	36536	212756	124920	59672	72888	286656	205680	12592	6448	219240	286276	470736	563124	378248	309960	38980	64452	366848	250000	563864	500588	228764	101168	265120	293328	154180	169696	21172	14756	43272	82416	353316	320120	252648	250552	180772	39368	
data	data	Precentral_L	Precentral_R	Frontal_Sup_L	Frontal_Sup_R	Frontal_Sup_Orb_L	Frontal_Sup_Orb_R	Frontal_Mid_L	Frontal_Mid_R	Frontal_Mid_Orb_L	Frontal_Mid_Orb_R	Frontal_Inf_Oper_L	Frontal_Inf_Oper_R	Frontal_Inf_Tri_L	Frontal_Inf_Tri_R	Frontal_Inf_Orb_L	Frontal_Inf_Orb_R	Rolandic_Oper_L	Rolandic_Oper_R	Supp_Motor_Area_L	Supp_Motor_Area_R	Olfactory_L	Olfactory_R	Frontal_Sup_Medial_L	Frontal_Sup_Medial_R	Frontal_Med_Orb_L	Frontal_Med_Orb_R	Rectus_L	Rectus_R	Insula_L	Insula_R	Cingulum_Ant_L	Cingulum_Ant_R	Cingulum_Mid_L	Cingulum_Mid_R	Cingulum_Post_L	Cingulum_Post_R	Hippocampus_L	Hippocampus_R	ParaHippocampal_L	ParaHippocampal_R	Amygdala_L	Amygdala_R	Calcarine_L	Calcarine_R	Cuneus_L	Cuneus_R	Lingual_L	Lingual_R	Occipital_Sup_L	Occipital_Sup_R	Occipital_Mid_L	Occipital_Mid_R	Occipital_Inf_L	Occipital_Inf_R	Fusiform_L	Fusiform_R	Postcentral_L	Postcentral_R	Parietal_Sup_L	Parietal_Sup_R	Parietal_Inf_L	Parietal_Inf_R	SupraMarginal_L	SupraMarginal_R	Angular_L	Angular_R	Precuneus_L	Precuneus_R	Paracentral_Lobule_L	Paracentral_Lobule_R	Caudate_L	Caudate_R	Putamen_L	Putamen_R	Pallidum_L	Pallidum_R	Thalamus_L	Thalamus_R	Heschl_L	Heschl_R	Temporal_Sup_L	Temporal_Sup_R	Temporal_Pole_Sup_L	Temporal_Pole_Sup_R	Temporal_Mid_L	Temporal_Mid_R	Temporal_Pole_Mid_L	Temporal_Pole_Mid_R	Temporal_Inf_L	Temporal_Inf_R	Cerebelum_Crus1_L	Cerebelum_Crus1_R	Cerebelum_Crus2_L	Cerebelum_Crus2_R	Cerebelum_3_L	Cerebelum_3_R	Cerebelum_4_5_L	Cerebelum_4_5_R	Cerebelum_6_L	Cerebelum_6_R	Cerebelum_7b_L	Cerebelum_7b_R	Cerebelum_8_L	Cerebelum_8_R	Cerebelum_9_L	Cerebelum_9_R	Cerebelum_10_L	Cerebelum_10_R	Vermis_1_2	Vermis_3	Vermis_4_5	Vermis_6	Vermis_7	Vermis_8	Vermis_9	Vermis_10	
630708	Precentral_L	0	9102	37244	4618	0	0	32916	1094	0	0	19676	436	3122	0	0	0	11458	472	16250	14038	0	0	0	0	0	0	0	0	9692	624	934	318	594	4958	4834	5920	8746	3378	254	450	0	0	342	0	776	0	108	462	744	0	472	0	242	0	0	238	31800	598	260	0	3358	0	2224	0	0	0	1774	1254	20366	5952	5486	2684	6794	706	5076	200	23378	1734	1644	0	4588	0	172	0	412	0	0	0	254	128	0	0	0	0	0	0	0	0	0	0	0	0	0	0	0	0	0	0	0	0	0	0	0	0	0	0	
366428	Precentral_R	9102	0	3354	20994	0	0	2938	3032	0	0	154	5756	0	0	0	0	1010	1284	3574	13516	0	0	0	0	0	0	0	0	594	4038	0	0	354	2654	786	2750	562	5118	0	1578	0	0	0	1976	0	1278	0	380	0	570	0	1266	0	1522	0	2580	1050	20112	0	0	0	228	0	410	0	0	0	4570	5736	15152	684	5960	518	4598	258	116	1308	22950	202	172	380	340	0	0	0	1586	0	0	0	4164	0	0	0	0	0	0	0	0	0	0	0	0	0	0	0	0	0	0	0	0	0	0	0	0	0	0	
797520	Frontal_Sup_L	37244	3354	0	13896	3856	0	63612	2136	2040	0	17518	1108	15036	190	5874	0	4392	364	83934	18468	0	0	34922	1826	836	0	704	0	9590	530	7930	3392	9410	4562	984	1338	3218	846	92	166	0	0	0	0	0	0	0	160	0	0	0	0	0	0	0	0	8894	166	0	0	628	0	348	0	0	0	0	340	3406	180	3520	2812	3782	1188	3970	182	13506	586	86	0	878	0	760	0	0	0	0	0	0	0	0	0	0	0	0	0	0	0	0	0	0	0	0	0	0	0	0	0	0	0	0	0	0	0	0	0	
679824	Frontal_Sup_R	4618	20994	13896	0	0	2660	3958	26458	0	1026	194	23842	88	8006	0	4752	0	8794	20470	49172	0	0	8644	28622	0	700	0	424	310	19960	1442	30072	1362	23788	0	346	232	1946	0	588	0	0	0	0	0	0	0	0	0	0	0	0	0	562	0	410	262	190	0	0	0	0	0	0	0	0	0	0	662	0	1228	8048	190	6042	0	0	424	10966	0	0	0	412	0	2134	0	230	0	0	0	788	0	0	0	0	0	0	0	0	0	0	0	0	0	0	0	0	0	0	0	0	0	0	0	0	0	0	
81996	Frontal_Sup_Orb_L	0	0	3856	0	0	0	450	0	9038	0	0	0	1068	0	11548	0	0	0	0	0	970	0	3458	0	2306	0	2784	0	3390	0	1608	0	0	0	0	0	0	0	0	0	0	0	0	0	0	0	0	0	0	0	0	0	0	0	0	0	0	0	0	0	0	0	0	0	0	0	0	0	0	0	282	0	114	0	0	0	0	0	0	0	0	0	126	0	0	0	0	0	0	0	0	0	0	0	0	0	0	0	0	0	0	0	0	0	0	0	0	0	0	0	0	0	0	0	0	0	
70880	Frontal_Sup_Orb_R	0	0	0	2660	0	0	0	1768	0	2788	0	0	0	0	0	2982	0	0	0	0	0	1050	310	3920	0	6184	0	5594	0	754	234	2612	0	0	0	0	0	0	0	0	0	426	0	0	0	0	0	0	0	0	0	0	0	0	0	0	0	0	0	0	0	0	0	0	0	0	0	0	0	0	0	1782	0	2376	0	0	0	0	0	0	0	0	0	0	0	0	0	0	0	0	0	0	0	0	0	0	0	0	0	0	0	0	0	0	0	0	0	0	0	0	0	0	0	0	0	0	
500024	Frontal_Mid_L	32916	2938	63612	3958	450	0	0	3418	3412	0	11036	1890	25706	0	6332	0	2454	174	19742	5794	0	0	18528	694	0	0	0	0	8126	214	4840	1046	5710	2380	0	188	2090	0	118	0	0	0	0	0	0	0	0	0	0	0	0	0	0	0	0	0	3372	0	0	0	444	0	0	0	0	0	0	0	1420	442	1758	1614	2212	244	3842	0	5532	676	0	0	282	0	408	0	0	0	0	0	0	0	0	0	0	0	0	0	0	0	0	0	0	0	0	0	0	0	0	0	0	0	0	0	0	0	0	0	
233820	Frontal_Mid_R	1094	3032	2136	26458	0	1768	3418	0	0	1548	1322	19342	476	9492	0	6946	710	3988	2086	2816	0	0	1098	6900	0	0	0	0	774	5208	424	5648	0	2912	0	0	0	176	0	0	0	0	0	0	0	0	0	0	0	0	0	0	0	0	0	0	0	0	0	0	0	0	0	0	0	0	0	0	0	0	1702	506	0	2948	0	0	0	116	0	0	266	492	168	940	0	0	0	0	0	0	0	0	0	0	0	0	0	0	0	0	0	0	0	0	0	0	0	0	0	0	0	0	0	0	0	0	
63016	Frontal_Mid_Orb_L	0	0	2040	0	9038	0	3412	0	0	0	0	0	2208	0	11762	0	0	0	0	0	0	0	968	0	256	0	786	0	736	0	302	0	0	0	0	0	0	0	0	0	0	0	0	0	0	0	0	0	0	0	0	0	0	0	0	0	0	0	0	0	0	0	0	0	0	0	0	0	0	0	0	0	0	0	0	0	0	0	0	0	0	0	0	0	0	0	0	0	0	0	0	0	0	0	0	0	0	0	0	0	0	0	0	0	0	0	0	0	0	0	0	0	0	0	0	0	
17388	Frontal_Mid_Orb_R	0	0	0	1026	0	2788	0	1548	0	0	0	0	0	0	0	2382	0	0	0	0	0	0	0	248	0	0	0	290	0	0	0	0	0	0	0	0	0	0	0	0	0	0	0	0	0	0	0	0	0	0	0	0	0	0	0	0	0	0	0	0	0	0	0	0	0	0	0	0	0	0	0	0	0	412	0	0	0	0	0	0	0	0	0	0	0	0	0	0	0	0	0	0	0	0	0	0	0	0	0	0	0	0	0	0	0	0	0	0	0	0	0	0	0	0	0	0	
283092	Frontal_Inf_Oper_L	19676	154	17518	194	0	0	11036	1322	0	0	0	1188	18802	0	708	0	12938	0	15744	230	0	0	1360	0	0	0	0	0	15360	0	3954	210	510	118	0	0	176	0	0	0	0	0	0	0	0	0	0	0	0	0	0	0	0	0	0	0	9516	0	90	0	924	0	100	0	0	0	0	0	0	0	1598	488	892	0	0	0	106	0	278	0	3928	0	2428	0	0	0	0	0	0	0	0	0	0	0	0	0	0	0	0	0	0	0	0	0	0	0	0	0	0	0	0	0	0	0	0	0	
277588	Frontal_Inf_Oper_R	436	5756	1108	23842	0	0	1890	19342	0	0	1188	0	452	9722	0	1044	706	9178	1470	12958	0	0	112	2946	0	0	0	0	616	22146	614	4060	0	4956	0	116	0	846	0	132	0	0	0	0	0	0	0	0	0	0	0	0	0	0	0	0	0	870	0	0	0	0	0	0	0	0	0	0	0	0	622	1926	0	3958	0	94	132	676	0	236	248	1220	168	3008	0	0	0	0	0	0	0	0	0	0	0	0	0	0	0	0	0	0	0	0	0	0	0	0	0	0	0	0	0	0	0	0	
269560	Frontal_Inf_Tri_L	3122	0	15036	88	1068	0	25706	476	2208	0	18802	452	0	0	13516	0	988	0	9436	0	0	0	3630	0	0	0	0	0	21062	0	13264	372	1048	0	0	0	108	0	0	0	0	0	0	0	0	0	0	0	0	0	0	0	0	0	0	0	1506	0	0	0	0	0	0	0	0	0	0	0	0	0	434	100	1572	0	0	0	0	0	0	0	486	0	300	0	0	0	0	0	0	0	0	0	0	0	0	0	0	0	0	0	0	0	0	0	0	0	0	0	0	0	0	0	0	0	0	0	
119652	Frontal_Inf_Tri_R	0	0	190	8006	0	0	0	9492	0	0	0	9722	0	0	0	5852	0	226	530	3448	0	0	0	1228	0	0	0	0	0	10202	292	4630	0	3400	0	0	0	0	0	0	0	0	0	0	0	0	0	0	0	0	0	0	0	0	0	0	0	0	0	0	0	0	0	0	0	0	0	0	0	0	0	1456	0	1152	0	0	0	0	0	0	0	0	0	0	0	0	0	0	0	0	0	0	0	0	0	0	0	0	0	0	0	0	0	0	0	0	0	0	0	0	0	0	0	0	0	0	
133544	Frontal_Inf_Orb_L	0	0	5874	0	11548	0	6332	0	11762	0	708	0	13516	0	0	0	0	0	1024	0	944	0	1456	0	160	0	354	0	7916	0	3388	0	260	0	0	0	0	0	0	0	0	0	0	0	0	0	0	0	0	0	0	0	0	0	0	0	0	0	0	0	0	0	0	0	0	0	0	0	0	0	0	0	886	0	0	0	0	0	0	0	0	0	644	0	0	0	0	0	0	0	0	0	0	0	0	0	0	0	0	0	0	0	0	0	0	0	0	0	0	0	0	0	0	0	0	0	
61112	Frontal_Inf_Orb_R	0	0	0	4752	0	2982	0	6946	0	2382	0	1044	0	5852	0	0	0	0	170	456	0	188	0	200	0	0	0	272	0	3124	0	0	0	706	0	0	0	0	0	0	0	0	0	0	0	0	0	0	0	0	0	0	0	0	0	0	0	0	0	0	0	0	0	0	0	0	0	0	0	0	0	246	0	920	0	0	0	0	0	0	0	148	0	168	0	0	0	0	0	0	0	0	0	0	0	0	0	0	0	0	0	0	0	0	0	0	0	0	0	0	0	0	0	0	0	0	
199448	Rolandic_Oper_L	11458	1010	4392	0	0	0	2454	710	0	0	12938	706	988	0	0	0	0	0	5728	856	0	0	216	0	0	0	0	0	13556	0	348	0	218	0	0	0	276	0	98	0	0	0	88	0	0	0	0	0	0	0	2208	0	516	0	410	0	9276	106	0	0	1006	0	2846	0	160	0	0	0	202	158	1794	172	1832	0	1248	0	0	0	3140	0	12620	0	2222	0	1996	0	0	0	1772	0	0	0	0	0	0	0	0	0	0	0	0	0	0	0	0	0	0	0	0	0	0	0	0	0	0	0	
131392	Rolandic_Oper_R	472	1284	364	8794	0	0	174	3988	0	0	0	9178	0	226	0	0	0	0	488	3894	0	0	0	112	0	0	0	0	0	12894	0	0	284	612	0	114	0	586	0	0	0	0	0	0	0	0	0	0	0	0	0	0	0	0	0	320	120	2762	0	0	0	0	0	2122	0	0	0	0	0	0	480	894	176	2166	114	220	400	1226	0	1594	0	4686	0	3592	0	746	0	0	0	614	0	0	0	0	0	0	0	0	0	0	0	0	0	0	0	0	0	0	0	0	0	0	0	0	0	0	
701908	Supp_Motor_Area_L	16250	3574	83934	20470	0	0	19742	2086	0	0	15744	1470	9436	530	1024	170	5728	488	0	42398	0	0	9288	5112	0	0	0	0	10582	1246	6286	7256	16530	21190	1122	500	1504	310	114	0	0	0	278	0	552	0	0	0	864	0	382	0	0	0	176	0	9072	376	0	0	534	0	118	0	0	0	988	112	6092	2850	6110	3226	7948	1472	1570	418	1100	314	356	0	1214	0	748	0	0	0	0	0	0	0	0	0	0	0	0	0	0	0	0	0	0	0	0	0	0	0	0	0	0	0	0	0	0	0	0	0	
645500	Supp_Motor_Area_R	14038	13516	18468	49172	0	0	5794	2816	0	0	230	12958	0	3448	0	456	856	3894	42398	0	0	0	3380	9044	0	0	0	0	622	9940	2178	14362	10270	52950	1206	2718	0	400	0	158	0	0	0	0	0	0	0	0	0	0	0	0	0	0	0	116	892	1560	0	0	0	0	0	0	0	0	0	792	13760	18886	992	5928	332	1312	174	216	214	122	198	0	270	284	0	1430	0	0	0	0	0	0	0	0	0	0	0	0	0	0	0	0	0	0	0	0	0	0	0	0	0	0	0	0	0	0	0	0	
64952	Olfactory_L	0	0	0	0	970	0	0	0	0	0	0	0	0	0	944	0	0	0	0	0	0	5284	0	0	300	0	2454	726	2696	0	2174	2032	0	0	0	0	288	0	88	0	348	0	0	0	0	0	0	0	0	0	0	0	0	0	0	0	0	0	0	0	0	0	0	0	0	0	0	0	0	0	5890	4206	2804	194	0	0	0	0	0	0	0	0	1078	0	0	0	0	0	0	0	0	0	0	0	0	0	0	0	0	0	0	0	0	0	0	0	0	0	0	0	0	0	0	0	0	0	
74280	Olfactory_R	0	0	0	0	0	1050	0	0	0	0	0	0	0	0	0	188	0	0	0	0	5284	0	0	0	276	152	1978	2198	0	2290	1956	2580	0	0	0	0	0	0	0	0	0	1302	0	0	0	0	0	0	0	0	0	0	0	0	0	0	0	0	0	0	0	0	0	0	0	0	0	0	0	0	7012	6160	4032	682	0	0	0	0	0	0	0	0	0	0	0	0	0	0	0	0	0	0	0	0	0	0	0	0	0	0	0	0	0	0	0	0	0	0	0	0	0	0	0	0	0	0	
315684	Frontal_Sup_Medial_L	0	0	34922	8644	3458	310	18528	1098	968	0	1360	112	3630	0	1456	0	216	0	9288	3380	0	0	0	16608	1478	956	816	0	1914	0	14156	13066	11662	9430	0	0	0	0	0	0	0	0	0	0	0	0	0	0	0	0	0	0	0	0	0	0	0	0	0	0	0	0	0	0	0	0	0	0	0	0	238	0	148	0	0	0	0	0	0	0	0	0	0	0	0	0	0	0	0	0	0	0	0	0	0	0	0	0	0	0	0	0	0	0	0	0	0	0	0	0	0	0	0	0	0	0	
284124	Frontal_Sup_Medial_R	0	0	1826	28622	0	3920	694	6900	0	248	0	2946	0	1228	0	200	0	112	5112	9044	0	0	16608	0	0	5122	0	446	0	1916	1344	26826	562	16042	0	0	0	0	0	0	0	0	0	0	0	0	0	0	0	0	0	0	0	0	0	0	0	0	0	0	0	0	0	0	0	0	0	0	0	0	134	6022	0	6188	0	0	0	0	0	0	0	0	0	0	0	0	0	0	0	0	0	0	0	0	0	0	0	0	0	0	0	0	0	0	0	0	0	0	0	0	0	0	0	0	0	0	
16568	Frontal_Med_Orb_L	0	0	836	0	2306	0	0	0	256	0	0	0	0	0	160	0	0	0	0	0	300	276	1478	0	0	112	736	0	0	0	1284	0	0	0	0	0	0	0	0	0	0	0	0	0	0	0	0	0	0	0	0	0	0	0	0	0	0	0	0	0	0	0	0	0	0	0	0	0	0	0	348	192	0	0	0	0	0	0	0	0	0	0	0	0	0	0	0	0	0	0	0	0	0	0	0	0	0	0	0	0	0	0	0	0	0	0	0	0	0	0	0	0	0	0	0	0	
57888	Frontal_Med_Orb_R	0	0	0	700	0	6184	0	0	0	0	0	0	0	0	0	0	0	0	0	0	0	152	956	5122	112	0	0	4522	0	0	344	3652	0	0	0	0	0	0	0	0	0	0	0	0	0	0	0	0	0	0	0	0	0	0	0	0	0	0	0	0	0	0	0	0	0	0	0	0	0	0	0	3644	0	3556	0	0	0	0	0	0	0	0	0	0	0	0	0	0	0	0	0	0	0	0	0	0	0	0	0	0	0	0	0	0	0	0	0	0	0	0	0	0	0	0	0	0	
32736	Rectus_L	0	0	704	0	2784	0	0	0	786	0	0	0	0	0	354	0	0	0	0	0	2454	1978	816	0	736	0	0	362	260	0	1324	608	0	0	0	0	0	0	0	0	0	0	0	0	0	0	0	0	0	0	0	0	0	0	0	0	0	0	0	0	0	0	0	0	0	0	0	0	0	0	2134	1068	0	0	0	0	0	0	0	0	0	0	0	0	0	0	0	0	0	0	0	0	0	0	0	0	0	0	0	0	0	0	0	0	0	0	0	0	0	0	0	0	0	0	0	0	
45376	Rectus_R	0	0	0	424	0	5594	0	0	0	290	0	0	0	0	0	272	0	0	0	0	726	2198	0	446	0	4522	362	0	0	806	648	2340	0	0	0	0	0	0	0	0	0	322	0	0	0	0	0	0	0	0	0	0	0	0	0	0	0	0	0	0	0	0	0	0	0	0	0	0	0	0	666	1672	336	1064	0	0	0	0	0	0	0	0	0	0	0	0	0	0	0	0	0	0	0	0	0	0	0	0	0	0	0	0	0	0	0	0	0	0	0	0	0	0	0	0	0	0	
379588	Insula_L	9692	594	9590	310	3390	0	8126	774	736	0	15360	616	21062	0	7916	0	13556	0	10582	622	2696	0	1914	0	0	0	260	0	0	0	12414	234	518	98	542	222	13120	152	1622	0	1468	0	222	0	0	0	0	250	0	0	308	0	0	0	3412	0	3060	102	0	0	366	0	0	0	108	0	350	136	188	0	3100	532	15960	0	294	0	2178	0	3152	0	7348	0	6266	0	1812	0	0	0	2464	0	0	0	0	0	0	0	0	0	0	0	0	0	0	0	0	0	0	0	0	0	0	0	0	0	0	0	
294320	Insula_R	624	4038	530	19960	0	754	214	5208	0	0	0	22146	0	10202	0	3124	0	12894	1246	9940	0	2290	0	1916	0	0	0	806	0	0	380	3816	0	4674	0	450	0	3676	0	244	0	1766	0	0	0	0	0	0	0	0	0	0	0	0	0	948	112	2232	0	0	0	0	0	102	0	0	0	0	0	0	838	3352	98	13544	0	382	634	2514	0	1602	0	3236	0	1658	0	1870	0	0	0	3140	0	0	0	0	0	0	0	0	0	0	0	0	0	0	0	0	0	0	0	0	0	0	0	0	0	0	
241320	Cingulum_Ant_L	934	0	7930	1442	1608	234	4840	424	302	0	3954	614	13264	292	3388	0	348	0	6286	2178	2174	1956	14156	1344	1284	344	1324	648	12414	380	0	10356	7670	2736	168	0	118	0	0	0	0	0	0	0	0	0	0	0	0	0	0	0	0	0	0	0	0	0	0	0	0	0	0	0	0	0	0	0	0	0	4324	2866	7826	444	0	0	0	0	0	0	0	0	90	0	0	0	0	0	0	0	0	0	0	0	0	0	0	0	0	0	0	0	0	0	0	0	0	0	0	0	0	0	0	0	0	0	
389968	Cingulum_Ant_R	318	0	3392	30072	0	2612	1046	5648	0	0	210	4060	372	4630	0	0	0	0	7256	14362	2032	2580	13066	26826	0	3652	608	2340	234	3816	10356	0	2416	20040	0	0	0	86	0	0	0	0	0	0	0	0	0	0	0	0	0	0	0	0	0	0	116	0	0	0	0	0	0	0	0	0	0	0	0	0	3514	17752	2078	9494	0	0	0	0	0	0	0	0	0	0	0	0	0	0	0	0	0	0	0	0	0	0	0	0	0	0	0	0	0	0	0	0	0	0	0	0	0	0	0	0	0	0	
222344	Cingulum_Mid_L	594	354	9410	1362	0	0	5710	0	0	0	510	0	1048	0	260	0	218	284	16530	10270	0	0	11662	562	0	0	0	0	518	0	7670	2416	0	14428	2640	782	0	0	102	0	0	0	1446	0	1692	0	84	0	2272	0	3430	0	0	0	260	0	570	300	150	0	0	0	0	0	0	0	5728	638	3562	1120	148	434	94	0	0	0	0	0	0	0	98	0	0	0	1816	0	0	0	0	0	0	0	0	0	0	0	0	0	0	0	0	0	0	0	0	0	0	0	0	0	0	0	0	0	0	0	
482148	Cingulum_Mid_R	4958	2654	4562	23788	0	0	2380	2912	0	0	118	4956	0	3400	0	706	0	612	21190	52950	0	0	9430	16042	0	0	0	0	98	4674	2736	20040	14428	0	2214	5892	0	0	0	0	0	0	0	1444	0	1244	0	376	0	372	0	470	0	126	0	158	92	5862	0	0	0	0	0	0	0	0	362	7096	6352	13928	96	1384	0	400	0	0	0	0	0	0	0	0	0	0	0	326	0	0	0	246	0	0	0	0	0	0	0	0	0	0	0	0	0	0	0	0	0	0	0	0	0	0	0	0	0	0	
119660	Cingulum_Post_L	4834	786	984	0	0	0	0	0	0	0	0	0	0	0	0	0	0	0	1122	1206	0	0	0	0	0	0	0	0	542	0	168	0	2640	2214	0	10000	7012	1490	1046	450	0	0	3352	0	1012	0	1014	308	406	0	366	0	126	0	116	380	1018	726	0	0	0	0	0	0	0	0	7254	1396	4852	1062	0	0	0	0	0	0	728	0	600	0	0	0	0	0	132	0	0	0	184	304	0	0	0	0	0	0	0	0	0	0	0	0	0	0	0	0	0	0	0	0	0	0	0	0	0	0	
181136	Cingulum_Post_R	5920	2750	1338	346	0	0	188	0	0	0	0	116	0	0	0	0	0	114	500	2718	0	0	0	0	0	0	0	0	222	450	0	0	782	5892	10000	0	4244	7648	120	1754	0	0	0	3824	0	348	0	3734	0	0	0	546	0	1004	0	4716	0	3476	0	0	0	0	0	0	0	0	226	11838	1060	3178	0	0	0	106	0	0	4866	650	280	0	0	0	0	0	0	750	0	0	284	3826	0	0	0	0	0	0	0	0	0	0	0	0	0	0	0	0	0	0	0	0	754	0	0	0	0	0	
243936	Hippocampus_L	8746	562	3218	232	0	0	2090	0	0	0	176	0	108	0	0	0	276	0	1504	0	288	0	0	0	0	0	0	0	13120	0	118	0	0	0	7012	4244	0	2366	10406	428	4228	0	4318	0	0	0	3870	946	0	0	396	0	0	0	10592	182	302	0	0	0	240	0	156	0	0	0	6162	1092	672	0	204	0	7312	118	980	0	6974	442	2392	0	2252	0	2274	0	1568	0	0	0	8578	0	0	0	0	0	370	0	454	0	0	0	0	0	0	0	0	0	0	0	0	0	0	0	0	0	0	0	
242284	Hippocampus_R	3378	5118	846	1946	0	0	0	176	0	0	0	846	0	0	0	0	0	586	310	400	0	0	0	0	0	0	0	0	152	3676	0	86	0	0	1490	7648	2366	0	112	16644	0	4820	0	658	0	0	0	3582	0	0	0	0	0	0	0	22360	0	1144	0	0	0	0	0	138	0	0	0	5490	478	532	104	98	0	7424	0	218	4290	4472	168	304	0	1044	0	788	0	394	0	0	202	15358	0	0	0	0	0	0	0	310	0	0	0	0	0	0	0	0	0	0	0	0	986	0	0	0	0	0	
68724	ParaHippocampal_L	254	0	92	0	0	0	118	0	0	0	0	0	0	0	0	0	98	0	114	0	88	0	0	0	0	0	0	0	1622	0	0	0	102	0	1046	120	10406	112	0	0	592	0	1372	0	0	0	2468	278	172	0	2008	0	738	0	6710	0	0	0	0	0	0	0	0	0	0	0	1492	0	130	0	0	0	1306	0	0	0	646	0	0	0	346	0	208	0	336	0	0	0	382	0	0	0	0	0	446	0	560	0	0	0	0	0	0	0	0	0	0	0	0	0	0	0	0	0	0	0	
115952	ParaHippocampal_R	450	1578	166	588	0	0	0	0	0	0	0	132	0	0	0	0	0	0	0	158	0	0	0	0	0	0	0	0	0	244	0	0	0	0	450	1754	428	16644	0	0	0	3756	0	1286	0	0	0	4514	0	0	0	0	0	0	0	13216	0	298	0	0	0	0	0	0	0	0	0	3044	130	230	0	0	0	1888	0	0	430	1436	0	0	0	182	0	984	0	0	0	196	0	2026	0	0	0	0	0	0	0	1222	0	114	0	0	0	0	0	0	0	0	0	0	432	0	0	0	0	0	
19884	Amygdala_L	0	0	0	0	0	0	0	0	0	0	0	0	0	0	0	0	0	0	0	0	348	0	0	0	0	0	0	0	1468	0	0	0	0	0	0	0	4228	0	592	0	0	0	0	0	0	0	0	0	0	0	0	0	0	0	2082	0	0	0	0	0	0	0	0	0	0	0	0	0	0	0	110	0	116	0	0	0	0	0	0	0	0	0	578	0	0	0	0	0	420	0	0	0	0	0	0	0	0	0	0	0	0	0	0	0	0	0	0	0	0	0	0	0	0	0	0	0	
40656	Amygdala_R	0	0	0	0	0	426	0	0	0	0	0	0	0	0	0	0	0	0	0	0	0	1302	0	0	0	0	0	322	0	1766	0	0	0	0	0	0	0	4820	0	3756	0	0	0	0	0	0	0	0	0	0	0	0	0	0	0	4590	0	0	0	0	0	0	0	0	0	0	0	0	0	0	0	0	0	1194	0	0	0	0	0	0	0	0	0	1710	0	0	0	0	0	442	0	0	0	0	0	0	0	0	0	0	0	0	0	0	0	0	0	0	0	0	0	0	0	0	0	0	
336840	Calcarine_L	342	0	0	0	0	0	0	0	0	0	0	0	0	0	0	0	88	0	278	0	0	0	0	0	0	0	0	0	222	0	0	0	1446	0	3352	0	4318	0	1372	0	0	0	0	4842	13834	3246	17420	2372	15992	1294	44736	408	4468	104	4784	228	434	0	698	0	272	0	0	0	0	0	24448	630	2418	0	0	0	0	0	0	0	0	0	542	0	0	0	0	0	4018	0	0	0	952	0	140	1186	0	0	0	0	270	1248	288	1518	0	0	0	0	0	232	0	0	0	0	2342	890	0	194	182	372	
314044	Calcarine_R	0	1976	0	0	0	0	0	0	0	0	0	0	0	0	0	0	0	0	0	0	0	0	0	0	0	0	0	0	0	0	0	0	0	1444	0	3824	0	658	0	1286	0	0	4842	0	2166	20712	654	18784	372	14640	112	15826	0	13762	0	14210	0	4536	0	0	0	0	0	0	0	0	358	23920	0	3014	0	0	0	0	0	0	0	0	0	0	0	0	0	0	0	3348	0	0	0	6270	0	0	0	0	0	0	0	0	0	0	0	0	0	0	0	0	0	0	0	0	308	0	0	0	0	0	
211948	Cuneus_L	776	0	0	0	0	0	0	0	0	0	0	0	0	0	0	0	0	0	552	0	0	0	0	0	0	0	0	0	0	0	0	0	1692	0	1012	0	0	0	0	0	0	0	13834	2166	0	7388	602	96	27362	3114	16156	252	524	0	412	0	100	0	6046	146	710	0	0	0	0	0	17682	1936	2662	0	0	0	0	0	0	0	0	0	0	0	0	0	0	0	434	0	0	0	320	0	0	0	0	0	0	0	0	0	0	0	0	0	0	0	0	0	0	0	0	0	0	0	0	0	0	0	
302848	Cuneus_R	0	1278	0	0	0	0	0	0	0	0	0	0	0	0	0	0	0	0	0	0	0	0	0	0	0	0	0	0	0	0	0	0	0	1244	0	348	0	0	0	0	0	0	3246	20712	7388	0	234	5476	1608	38060	730	18678	0	1320	0	1500	0	4612	0	4994	0	0	0	0	0	566	4214	28408	0	3410	0	0	0	0	0	0	0	0	0	0	0	0	0	0	0	2606	0	0	0	792	0	0	0	0	0	0	0	0	0	0	0	0	0	0	0	0	0	0	0	0	0	0	0	0	0	0	
392712	Lingual_L	108	0	0	0	0	0	0	0	0	0	0	0	0	0	0	0	0	0	0	0	0	0	0	0	0	0	0	0	0	0	0	0	84	0	1014	0	3870	0	2468	0	0	0	17420	654	602	234	0	4106	2110	232	20114	0	9866	0	20556	1014	138	0	0	0	0	0	0	0	0	0	5102	94	220	0	0	0	0	0	0	0	320	0	174	0	0	0	0	0	598	0	0	0	260	0	9338	9160	2358	1656	736	100	13526	5572	21528	10686	0	0	0	136	478	768	0	0	0	106	10758	11212	4318	904	874	784	
273952	Lingual_R	462	380	160	0	0	0	0	0	0	0	0	0	0	0	0	0	0	0	0	0	0	0	0	0	0	0	0	0	250	0	0	0	0	376	308	3734	946	3582	278	4514	0	0	2372	18784	96	5476	4106	0	0	6246	0	6332	0	4124	258	15350	0	638	0	0	0	0	0	0	0	0	0	10562	0	594	0	0	144	0	0	0	1086	0	0	0	0	0	0	0	0	618	0	0	198	920	224	8586	558	972	0	0	1202	5000	2956	9464	0	0	0	0	0	120	0	0	0	0	5850	7008	1626	308	100	108	
252988	Occipital_Sup_L	744	0	0	0	0	0	0	0	0	0	0	0	0	0	0	0	0	0	864	0	0	0	0	0	0	0	0	0	0	0	0	0	2272	0	406	0	0	0	172	0	0	0	15992	372	27362	1608	2110	0	0	246	38804	0	1106	0	720	0	0	0	7516	0	3704	0	0	0	0	0	17390	388	3896	0	0	0	0	0	0	0	0	0	0	0	0	0	0	0	822	0	0	0	0	0	0	0	0	0	0	0	0	0	0	0	0	0	0	0	0	0	0	0	0	0	0	0	0	0	0	0	
268812	Occipital_Sup_R	0	570	0	0	0	0	0	0	0	0	0	0	0	0	0	0	0	0	0	0	0	0	0	0	0	0	0	0	0	0	0	0	0	372	0	0	0	0	0	0	0	0	1294	14640	3114	38060	232	6246	246	0	198	28354	0	1554	0	1590	0	3136	0	5398	0	320	0	0	0	5502	1170	16024	0	2090	0	0	0	0	0	0	0	0	0	0	0	0	0	0	0	3592	0	0	0	704	0	0	0	0	0	0	0	0	0	0	0	0	0	0	0	0	0	0	0	0	0	0	0	0	0	0	
519488	Occipital_Mid_L	472	0	0	0	0	0	0	0	0	0	0	0	0	0	0	0	2208	0	382	0	0	0	0	0	0	0	0	0	308	0	0	0	3430	0	366	0	396	0	2008	0	0	0	44736	112	16156	730	20114	0	38804	198	0	0	15876	0	13112	0	6984	0	11662	0	13506	0	1744	0	13604	0	21138	0	3198	0	0	0	0	0	0	0	0	0	370	0	1296	0	0	0	23154	0	0	0	2918	0	296	0	0	0	0	0	0	0	466	0	0	0	0	0	0	0	0	0	0	0	0	0	0	0	0	0	
263260	Occipital_Mid_R	0	1266	0	0	0	0	0	0	0	0	0	0	0	0	0	0	0	0	0	0	0	0	0	0	0	0	0	0	0	0	0	0	0	470	0	546	0	0	0	0	0	0	408	15826	252	18678	0	6332	0	28354	0	0	0	7180	0	5408	0	4866	0	712	0	718	0	0	0	10338	376	14162	0	2790	0	0	0	0	0	0	0	0	0	0	0	206	0	0	0	10500	0	0	0	2242	0	0	0	0	0	0	0	0	0	0	0	0	0	0	0	0	0	0	0	0	0	0	0	0	0	0	
104172	Occipital_Inf_L	242	0	0	0	0	0	0	0	0	0	0	0	0	0	0	0	516	0	0	0	0	0	0	0	0	0	0	0	0	0	0	0	0	0	126	0	0	0	738	0	0	0	4468	0	524	0	9866	0	1106	0	15876	0	0	0	8426	0	196	0	94	0	272	0	406	0	174	0	1486	0	340	0	0	0	0	0	0	0	0	0	894	0	374	0	0	0	1768	0	0	0	2750	0	596	0	0	0	0	0	0	0	848	0	0	0	0	0	0	0	0	0	0	0	0	0	0	0	0	0	
139104	Occipital_Inf_R	0	1522	0	562	0	0	0	0	0	0	0	0	0	0	0	0	0	0	0	0	0	0	0	0	0	0	0	0	0	0	0	0	0	126	0	1004	0	0	0	0	0	0	104	13762	0	1320	0	4124	0	1554	0	7180	0	0	0	14940	0	1736	0	0	0	0	0	0	0	0	0	6382	0	440	0	0	0	0	0	0	0	0	0	0	0	0	0	0	0	2534	0	0	0	12170	0	0	0	0	0	0	0	0	0	0	0	0	0	0	0	0	0	0	0	0	0	92	0	0	0	0	
356024	Fusiform_L	0	0	0	0	0	0	0	0	0	0	0	0	0	0	0	0	410	0	176	0	0	0	0	0	0	0	0	0	3412	0	0	0	260	0	116	0	10592	0	6710	0	2082	0	4784	0	412	0	20556	258	720	0	13112	0	8426	0	0	86	102	0	0	0	0	0	124	0	0	0	1768	0	372	0	0	0	600	0	0	0	350	0	718	0	2152	0	1362	0	1634	0	586	0	7616	0	26878	1084	1838	456	304	0	12034	744	33536	2364	360	0	658	0	330	198	0	0	0	0	2918	3304	892	322	200	96	
375512	Fusiform_R	238	2580	0	410	0	0	0	0	0	0	0	0	0	0	0	0	0	320	0	116	0	0	0	0	0	0	0	0	0	948	0	0	0	158	380	4716	182	22360	0	13216	0	4590	228	14210	0	1500	1014	15350	0	1590	0	5408	0	14940	86	0	0	2236	0	0	0	0	0	128	0	0	0	9888	180	1230	0	0	0	510	0	0	174	540	0	0	0	3364	0	6236	0	2834	0	674	0	29344	0	9022	140	466	0	0	136	2386	864	9698	0	0	0	0	0	0	0	0	0	0	662	1998	506	0	0	0	
303828	Postcentral_L	31800	1050	8894	262	0	0	3372	0	0	0	9516	0	1506	0	0	0	9276	120	9072	892	0	0	0	0	0	0	0	0	3060	112	0	116	570	92	1018	0	302	0	0	0	0	0	434	0	100	0	138	0	0	0	6984	0	196	0	102	0	0	100	9724	0	21332	0	7142	0	1852	0	3480	0	3832	224	1456	462	1778	266	1272	124	858	204	1778	0	4970	0	0	0	1442	0	0	0	634	0	0	0	0	0	0	0	0	0	0	0	0	0	0	0	0	0	0	0	0	0	0	0	0	0	0	0	
275620	Postcentral_R	598	20112	166	190	0	0	0	0	0	0	0	870	0	0	0	0	106	2762	376	1560	0	0	0	0	0	0	0	0	102	2232	0	0	300	5862	726	3476	0	1144	0	298	0	0	0	4536	0	4612	0	638	0	3136	0	4866	0	1736	0	2236	100	0	0	6384	0	4812	0	12372	0	908	0	15034	1098	13476	282	0	0	1634	0	0	126	660	0	472	0	1414	0	0	0	9336	0	0	0	7062	0	0	0	0	0	0	0	0	0	0	0	0	0	0	0	0	0	0	0	0	0	0	0	0	0	0	
139960	Parietal_Sup_L	260	0	0	0	0	0	0	0	0	0	90	0	0	0	0	0	0	0	0	0	0	0	0	0	0	0	0	0	0	0	0	0	150	0	0	0	0	0	0	0	0	0	698	0	6046	0	0	0	7516	0	11662	0	94	0	0	0	9724	0	0	0	13434	0	218	0	1668	0	15502	162	90	0	0	0	0	0	0	0	0	0	92	0	178	0	0	0	1882	0	0	0	514	0	0	0	0	0	0	0	0	0	0	0	0	0	0	0	0	0	0	0	0	0	0	0	0	0	0	0	
73876	Parietal_Sup_R	0	0	0	0	0	0	0	0	0	0	0	0	0	0	0	0	0	0	0	0	0	0	0	0	0	0	0	0	0	0	0	0	0	0	0	0	0	0	0	0	0	0	0	0	146	4994	0	0	0	5398	0	712	0	0	0	0	0	6384	0	0	0	4986	0	3038	0	652	0	7848	0	0	0	0	0	0	0	0	0	0	0	0	0	0	0	0	0	2368	0	0	0	412	0	0	0	0	0	0	0	0	0	0	0	0	0	0	0	0	0	0	0	0	0	0	0	0	0	0	
246868	Parietal_Inf_L	3358	0	628	0	0	0	444	0	0	0	924	0	0	0	0	0	1006	0	534	0	0	0	0	0	0	0	0	0	366	0	0	0	0	0	0	0	240	0	0	0	0	0	272	0	710	0	0	0	3704	0	13506	0	272	0	0	0	21332	0	13434	0	0	0	20510	0	16452	0	1592	0	662	0	92	0	210	0	138	0	0	0	350	0	3410	0	0	0	12520	0	0	0	6768	0	0	0	0	0	0	0	0	0	0	0	0	0	0	0	0	0	0	0	0	0	0	0	0	0	0	0	
46548	Parietal_Inf_R	0	228	0	0	0	0	0	0	0	0	0	0	0	0	0	0	0	0	0	0	0	0	0	0	0	0	0	0	0	0	0	0	0	0	0	0	0	0	0	0	0	0	0	0	0	0	0	0	0	320	0	718	0	0	0	0	0	4812	0	4986	0	0	0	6404	0	3674	0	0	0	0	0	0	0	0	0	0	0	0	0	0	0	178	0	0	0	1278	0	0	0	676	0	0	0	0	0	0	0	0	0	0	0	0	0	0	0	0	0	0	0	0	0	0	0	0	0	0	
133580	SupraMarginal_L	2224	0	348	0	0	0	0	0	0	0	100	0	0	0	0	0	2846	0	118	0	0	0	0	0	0	0	0	0	0	0	0	0	0	0	0	0	156	0	0	0	0	0	0	0	0	0	0	0	0	0	1744	0	406	0	124	0	7142	0	218	0	20510	0	0	0	7088	0	0	0	530	0	0	0	0	0	0	0	0	0	196	0	8316	0	0	0	10152	0	0	0	4572	0	0	0	0	0	0	0	0	0	0	0	0	0	0	0	0	0	0	0	0	0	0	0	0	0	0	0	
70936	SupraMarginal_R	0	410	0	0	0	0	0	0	0	0	0	0	0	0	0	0	0	2122	0	0	0	0	0	0	0	0	0	0	0	102	0	0	0	0	0	0	0	138	0	0	0	0	0	0	0	0	0	0	0	0	0	0	0	0	0	128	0	12372	0	3038	0	6404	0	0	0	2222	0	0	0	0	0	0	0	0	0	0	0	0	0	182	0	3312	0	0	0	1420	0	0	0	3618	0	0	0	0	0	0	0	0	0	0	0	0	0	0	0	0	0	0	0	0	0	0	0	0	0	0	
121956	Angular_L	0	0	0	0	0	0	0	0	0	0	0	0	0	0	0	0	160	0	0	0	0	0	0	0	0	0	0	0	108	0	0	0	0	0	0	0	0	0	0	0	0	0	0	0	0	0	0	0	0	0	13604	0	174	0	0	0	1852	0	1668	0	16452	0	7088	0	0	0	218	0	614	0	0	0	0	0	0	0	0	0	308	0	2994	0	0	0	10196	0	0	0	5542	0	0	0	0	0	0	0	0	0	0	0	0	0	0	0	0	0	0	0	0	0	0	0	0	0	0	0	
64516	Angular_R	0	0	0	0	0	0	0	0	0	0	0	0	0	0	0	0	0	0	0	0	0	0	0	0	0	0	0	0	0	0	0	0	0	0	0	0	0	0	0	0	0	0	0	0	0	566	0	0	0	5502	0	10338	0	0	0	0	0	908	0	652	0	3674	0	2222	0	0	0	394	0	0	0	0	0	0	0	0	0	0	0	0	0	1666	0	0	0	4936	0	0	0	1400	0	0	0	0	0	0	0	0	0	0	0	0	0	0	0	0	0	0	0	0	0	0	0	0	0	0	
315888	Precuneus_L	1774	0	0	0	0	0	0	0	0	0	0	0	0	0	0	0	0	0	988	0	0	0	0	0	0	0	0	0	350	0	0	0	5728	362	7254	226	6162	0	1492	0	0	0	24448	358	17682	4214	5102	0	17390	1170	21138	376	1486	0	1768	0	3480	0	15502	0	1592	0	0	0	218	0	0	6392	5756	0	0	0	0	0	0	0	0	0	744	0	0	0	0	0	3838	0	0	0	954	0	0	0	0	0	0	0	0	0	0	0	0	0	0	0	0	0	0	0	0	0	0	0	0	0	0	0	
421940	Precuneus_R	1254	4570	340	0	0	0	0	0	0	0	0	0	0	0	0	0	0	0	112	792	0	0	0	0	0	0	0	0	136	0	0	0	638	7096	1396	11838	1092	5490	0	3044	0	0	630	23920	1936	28408	94	10562	388	16024	0	14162	0	6382	0	9888	0	15034	162	7848	0	0	0	0	0	394	6392	0	326	11266	0	0	0	0	0	0	1364	0	168	0	0	374	0	0	0	9118	0	0	186	6672	0	92	0	0	0	0	0	102	0	0	0	0	0	0	0	0	0	0	0	0	1280	0	0	0	0	0	
217964	Paracentral_Lobule_L	20366	5736	3406	662	0	0	1420	0	0	0	0	0	0	0	0	0	202	0	6092	13760	0	0	0	0	0	0	0	0	188	0	0	0	3562	6352	4852	1060	672	478	130	130	0	0	2418	0	2662	0	220	0	3896	0	3198	0	340	0	372	180	3832	1098	90	0	662	0	530	0	614	0	5756	326	0	10442	152	0	0	0	0	0	1450	0	0	0	0	0	0	0	1134	0	0	0	346	196	0	0	0	0	0	0	0	0	0	0	0	0	0	0	0	0	0	0	0	0	0	0	0	0	0	0	
232684	Paracentral_Lobule_R	5952	15152	180	0	0	0	442	0	0	0	0	0	0	0	0	0	158	0	2850	18886	0	0	0	0	0	0	0	0	0	0	0	0	1120	13928	1062	3178	0	532	0	230	0	0	0	3014	0	3410	0	594	0	2090	0	2790	0	440	0	1230	224	13476	0	0	0	0	0	0	0	0	0	11266	10442	0	0	172	0	0	0	0	136	0	0	0	0	84	0	0	0	1808	0	0	0	1496	0	0	0	0	0	0	0	0	0	0	0	0	0	0	0	0	0	0	0	0	0	0	0	0	0	0	
181512	Caudate_L	5486	684	3520	1228	282	0	1758	1702	0	0	1598	622	434	0	0	0	1794	480	6110	992	5890	7012	238	134	348	0	2134	666	3100	838	4324	3514	148	96	0	0	204	104	0	0	110	0	0	0	0	0	0	0	0	0	0	0	0	0	0	0	1456	282	0	0	92	0	0	0	0	0	0	0	152	0	0	13448	12344	1404	1608	146	3134	240	106	0	652	0	142	0	0	0	0	0	0	0	0	0	0	0	0	0	0	0	0	0	0	0	0	0	0	0	0	0	0	0	0	0	0	0	0	0	
271348	Caudate_R	2684	5960	2812	8048	0	1782	1614	506	0	0	488	1926	100	1456	0	246	172	894	3226	5928	4206	6160	0	6022	192	3644	1068	1672	532	3352	2866	17752	434	1384	0	0	0	98	0	0	0	0	0	0	0	0	0	0	0	0	0	0	0	0	0	0	462	0	0	0	0	0	0	0	0	0	0	0	0	172	13448	0	4618	14358	0	1760	832	12800	0	0	0	0	0	0	0	0	0	0	0	0	0	0	0	0	0	0	0	0	0	0	0	0	0	0	0	0	0	0	0	0	0	0	0	0	0	0	
204800	Putamen_L	6794	518	3782	190	114	0	2212	0	0	0	892	0	1572	0	886	0	1832	176	7948	332	2804	4032	148	0	0	0	0	336	15960	98	7826	2078	94	0	0	0	7312	0	1306	0	116	0	0	0	0	0	0	144	0	0	0	0	0	0	600	0	1778	0	0	0	210	0	0	0	0	0	0	0	0	0	12344	4618	0	536	7088	0	2594	160	320	0	966	0	1316	0	0	0	0	0	368	0	0	0	0	0	0	0	0	0	0	0	0	0	0	0	0	0	0	0	0	0	0	0	0	0	0	0	
199084	Putamen_R	706	4598	1188	6042	0	2376	244	2948	0	412	0	3958	0	1152	0	920	0	2166	1472	1312	194	682	0	6188	0	3556	0	1064	0	13544	444	9494	0	400	0	106	118	7424	0	1888	0	1194	0	0	0	0	0	0	0	0	0	0	0	0	0	510	266	1634	0	0	0	0	0	0	0	0	0	0	0	0	1404	14358	536	0	0	2090	354	2454	0	0	0	0	0	0	0	0	0	0	0	146	0	0	0	0	0	0	0	0	0	0	0	0	0	0	0	0	0	0	0	0	0	0	0	0	0	0	
61568	Pallidum_L	5076	258	3970	0	0	0	3842	0	0	0	0	0	0	0	0	0	1248	114	1570	174	0	0	0	0	0	0	0	0	294	0	0	0	0	0	0	0	980	0	0	0	0	0	0	0	0	0	0	0	0	0	0	0	0	0	0	0	1272	0	0	0	138	0	0	0	0	0	0	0	0	0	1608	0	7088	0	0	0	2310	0	266	0	576	0	0	0	0	0	0	0	0	0	0	0	0	0	0	0	0	0	0	0	0	0	0	0	0	0	0	0	0	0	0	0	0	0	0	0	
12508	Pallidum_R	200	116	182	0	0	0	0	0	0	0	0	94	0	0	0	0	0	220	418	216	0	0	0	0	0	0	0	0	0	382	0	0	0	0	0	0	0	218	0	0	0	0	0	0	0	0	0	0	0	0	0	0	0	0	0	0	124	0	0	0	0	0	0	0	0	0	0	0	0	0	146	1760	0	2090	0	0	0	88	0	0	0	0	0	0	0	0	0	0	0	0	0	0	0	0	0	0	0	0	0	0	0	0	0	0	0	0	0	0	0	0	0	0	0	0	0	0	
176788	Thalamus_L	23378	1308	13506	424	0	0	5532	0	0	0	106	132	0	0	0	0	0	400	1100	214	0	0	0	0	0	0	0	0	2178	634	0	0	0	0	728	4866	6974	4290	646	430	0	0	0	0	0	0	320	1086	0	0	0	0	0	0	350	174	858	126	0	0	0	0	0	0	0	0	0	1364	1450	136	3134	832	2594	354	2310	0	0	3382	652	0	354	0	0	0	162	0	0	0	1910	0	0	0	0	0	0	0	0	0	0	0	0	0	0	0	0	0	0	0	0	0	0	0	0	0	0	0	
139016	Thalamus_R	1734	22950	586	10966	0	0	676	116	0	0	0	676	0	0	0	0	0	1226	314	122	0	0	0	0	0	0	0	0	0	2514	0	0	0	0	0	650	442	4472	0	1436	0	0	0	0	0	0	0	0	0	0	0	0	0	0	0	540	204	660	0	0	0	0	0	0	0	0	0	0	0	0	240	12800	160	2454	0	88	3382	0	0	0	0	0	0	0	0	0	0	0	0	100	0	0	0	0	0	0	0	0	0	0	0	0	0	0	0	0	0	0	0	0	0	0	0	0	0	0	
61892	Heschl_L	1644	202	86	0	0	0	0	0	0	0	278	0	0	0	0	0	3140	0	356	198	0	0	0	0	0	0	0	0	3152	0	0	0	0	0	600	280	2392	168	0	0	0	0	542	0	0	0	174	0	0	0	370	0	894	0	718	0	1778	0	92	0	350	0	196	0	308	0	744	168	0	0	106	0	320	0	266	0	652	0	0	0	3522	0	0	0	1880	0	0	0	5284	0	86	0	0	0	0	0	0	0	0	0	0	0	0	0	0	0	0	0	0	0	0	0	0	0	0	0	
36536	Heschl_R	0	172	0	0	0	0	0	0	0	0	0	236	0	0	0	0	0	1594	0	0	0	0	0	0	0	0	0	0	0	1602	0	0	0	0	0	0	0	304	0	0	0	0	0	0	0	0	0	0	0	0	0	0	0	0	0	0	0	472	0	0	0	0	0	182	0	0	0	0	0	0	0	0	0	0	0	0	0	0	0	0	0	8276	0	0	0	3412	0	0	0	2018	0	0	0	0	0	0	0	0	0	0	0	0	0	0	0	0	0	0	0	0	0	0	0	0	0	0	
212756	Temporal_Sup_L	4588	380	878	0	0	0	282	266	0	0	3928	248	486	0	0	0	12620	0	1214	270	0	0	0	0	0	0	0	0	7348	0	0	0	98	0	0	0	2252	0	346	0	0	0	0	0	0	0	0	0	0	0	1296	0	374	0	2152	0	4970	0	178	0	3410	0	8316	0	2994	0	0	0	0	0	652	0	966	0	576	0	354	0	3522	0	0	0	3544	0	23806	0	0	0	14064	0	0	0	0	0	0	0	0	0	0	0	0	0	0	0	0	0	0	0	0	0	0	0	0	0	0	0	
124920	Temporal_Sup_R	0	340	0	412	0	0	0	492	0	0	0	1220	0	0	0	148	0	4686	0	284	0	0	0	0	0	0	0	0	0	3236	0	0	0	0	0	0	0	1044	0	182	0	0	0	0	0	0	0	0	0	0	0	206	0	0	0	3364	0	1414	0	0	0	178	0	3312	0	1666	0	374	0	84	0	0	0	0	0	0	0	0	0	8276	0	0	0	5736	0	16116	0	0	0	9690	0	0	0	0	0	0	0	0	0	0	0	0	0	0	0	0	0	0	0	0	0	0	0	0	0	0	
59672	Temporal_Pole_Sup_L	172	0	760	0	126	0	408	168	0	0	2428	168	300	0	644	0	2222	0	748	0	1078	0	0	0	0	0	0	0	6266	0	90	0	0	0	0	0	2274	0	208	0	578	0	0	0	0	0	0	0	0	0	0	0	0	0	1362	0	0	0	0	0	0	0	0	0	0	0	0	0	0	0	142	0	1316	0	0	0	0	0	0	0	3544	0	0	0	2450	0	528	0	1856	0	0	0	0	0	0	0	0	0	0	0	0	0	0	0	0	0	0	0	0	0	0	0	0	0	0	0	
72888	Temporal_Pole_Sup_R	0	0	0	2134	0	0	0	940	0	0	0	3008	0	0	0	168	0	3592	0	1430	0	0	0	0	0	0	0	0	0	1658	0	0	0	0	0	0	0	788	0	984	0	1710	0	0	0	0	0	0	0	0	0	0	0	0	0	6236	0	0	0	0	0	0	0	0	0	0	0	0	0	0	0	0	0	0	0	0	0	0	0	0	0	5736	0	0	0	1814	0	1216	0	5030	0	0	0	0	0	0	0	0	0	0	0	0	0	0	0	0	0	0	0	0	0	0	0	0	0	0	
286656	Temporal_Mid_L	412	0	0	0	0	0	0	0	0	0	0	0	0	0	0	0	1996	0	0	0	0	0	0	0	0	0	0	0	1812	0	0	0	1816	0	132	0	1568	0	336	0	0	0	4018	0	434	0	598	0	822	0	23154	0	1768	0	1634	0	1442	0	1882	0	12520	0	10152	0	10196	0	3838	0	1134	0	0	0	0	0	0	0	162	0	1880	0	23806	0	2450	0	0	0	2434	0	30932	0	0	0	0	0	0	0	0	0	0	0	0	0	0	0	0	0	0	0	0	0	0	0	0	0	0	0	
205680	Temporal_Mid_R	0	1586	0	230	0	0	0	0	0	0	0	0	0	0	0	0	0	746	0	0	0	0	0	0	0	0	0	0	0	1870	0	0	0	326	0	750	0	394	0	0	0	0	0	3348	0	2606	0	618	0	3592	0	10500	0	2534	0	2834	0	9336	0	2368	0	1278	0	1420	0	4936	0	9118	0	1808	0	0	0	0	0	0	0	0	0	3412	0	16116	0	1814	0	0	0	510	0	18790	0	0	0	0	0	0	0	0	0	0	0	0	0	0	0	0	0	0	0	0	0	0	0	0	0	0	
12592	Temporal_Pole_Mid_L	0	0	0	0	0	0	0	0	0	0	0	0	0	0	0	0	0	0	0	0	0	0	0	0	0	0	0	0	0	0	0	0	0	0	0	0	0	0	0	0	0	0	0	0	0	0	0	0	0	0	0	0	0	0	586	0	0	0	0	0	0	0	0	0	0	0	0	0	0	0	0	0	0	0	0	0	0	0	0	0	0	0	528	0	2434	0	0	0	2748	0	0	0	0	0	0	0	0	0	0	0	0	0	0	0	0	0	0	0	0	0	0	0	0	0	0	0	
6448	Temporal_Pole_Mid_R	0	0	0	0	0	0	0	0	0	0	0	0	0	0	0	0	0	0	0	0	0	0	0	0	0	0	0	0	0	0	0	0	0	0	0	0	0	0	0	196	0	0	0	0	0	0	0	0	0	0	0	0	0	0	0	674	0	0	0	0	0	0	0	0	0	0	0	0	0	0	0	0	0	0	0	0	0	0	0	0	0	0	0	1216	0	510	0	0	0	628	0	0	0	0	0	0	0	0	0	0	0	0	0	0	0	0	0	0	0	0	0	0	0	0	0	0	
219240	Temporal_Inf_L	254	0	0	0	0	0	0	0	0	0	0	0	0	0	0	0	1772	0	0	0	0	0	0	0	0	0	0	0	2464	0	0	0	0	0	184	284	8578	202	382	0	420	0	952	0	320	0	260	198	0	0	2918	0	2750	0	7616	0	634	0	514	0	6768	0	4572	0	5542	0	954	186	346	0	0	0	368	0	0	0	1910	0	5284	0	14064	0	1856	0	30932	0	2748	0	0	0	2742	0	0	0	0	0	0	0	244	0	174	0	228	0	0	0	0	0	0	0	0	0	0	0	0	0	
286276	Temporal_Inf_R	128	4164	0	788	0	0	0	0	0	0	0	0	0	0	0	0	0	614	0	0	0	0	0	0	0	0	0	0	0	3140	0	0	0	246	304	3826	0	15358	0	2026	0	442	0	6270	0	792	0	920	0	704	0	2242	0	12170	0	29344	0	7062	0	412	0	676	0	3618	0	1400	0	6672	196	1496	0	0	0	146	0	0	0	100	0	2018	0	9690	0	5030	0	18790	0	628	0	0	0	1232	0	86	0	0	0	0	0	408	0	0	0	0	0	0	0	0	0	0	0	0	0	0	0	0	
470736	Cerebelum_Crus1_L	0	0	0	0	0	0	0	0	0	0	0	0	0	0	0	0	0	0	0	0	0	0	0	0	0	0	0	0	0	0	0	0	0	0	0	0	0	0	0	0	0	0	140	0	0	0	9338	224	0	0	296	0	596	0	26878	0	0	0	0	0	0	0	0	0	0	0	0	0	0	0	0	0	0	0	0	0	0	0	86	0	0	0	0	0	0	0	0	0	2742	0	0	1958	36008	1708	2276	306	21182	588	59044	2386	12968	98	15520	1892	6242	1938	690	0	192	494	4622	7274	7188	5470	4326	698	
563124	Cerebelum_Crus1_R	0	0	0	0	0	0	0	0	0	0	0	0	0	0	0	0	0	0	0	0	0	0	0	0	0	0	0	0	0	0	0	0	0	0	0	0	0	0	0	0	0	0	1186	0	0	0	9160	8586	0	0	0	0	0	0	1084	9022	0	0	0	0	0	0	0	0	0	0	0	92	0	0	0	0	0	0	0	0	0	0	0	0	0	0	0	0	0	0	0	0	0	1232	1958	0	3218	28970	0	4710	9140	27750	9996	71016	0	3776	110	22042	674	6244	0	358	872	3780	19536	17264	12936	3504	2830	516	
378248	Cerebelum_Crus2_L	0	0	0	0	0	0	0	0	0	0	0	0	0	0	0	0	0	0	0	0	0	0	0	0	0	0	0	0	0	0	0	0	0	0	0	0	0	0	0	0	0	0	0	0	0	0	2358	558	0	0	0	0	0	0	1838	140	0	0	0	0	0	0	0	0	0	0	0	0	0	0	0	0	0	0	0	0	0	0	0	0	0	0	0	0	0	0	0	0	0	0	36008	3218	0	7240	230	0	854	98	10700	2852	35906	2630	33866	4188	11262	1714	544	0	0	96	456	7014	10420	10400	4074	460	
309960	Cerebelum_Crus2_R	0	0	0	0	0	0	0	0	0	0	0	0	0	0	0	0	0	0	0	0	0	0	0	0	0	0	0	0	0	0	0	0	0	0	0	0	0	0	0	0	0	0	0	0	0	0	1656	972	0	0	0	0	0	0	456	466	0	0	0	0	0	0	0	0	0	0	0	0	0	0	0	0	0	0	0	0	0	0	0	0	0	0	0	0	0	0	0	0	0	86	1708	28970	7240	0	0	976	2186	1060	4254	8740	1968	18556	1676	30392	104	6114	0	1356	744	1106	3370	5400	12918	8220	3964	322	
38980	Cerebelum_3_L	0	0	0	0	0	0	0	0	0	0	0	0	0	0	0	0	0	0	0	0	0	0	0	0	0	0	0	0	0	0	0	0	0	0	0	0	370	0	446	0	0	0	0	0	0	0	736	0	0	0	0	0	0	0	304	0	0	0	0	0	0	0	0	0	0	0	0	0	0	0	0	0	0	0	0	0	0	0	0	0	0	0	0	0	0	0	0	0	0	0	2276	0	230	0	0	258	6226	0	4140	0	0	0	0	0	422	180	0	0	932	1670	576	134	0	294	296	0	
64452	Cerebelum_3_R	0	0	0	0	0	0	0	0	0	0	0	0	0	0	0	0	0	0	0	0	0	0	0	0	0	0	0	0	0	0	0	0	0	0	0	0	0	0	0	0	0	0	0	0	0	0	100	0	0	0	0	0	0	0	0	0	0	0	0	0	0	0	0	0	0	0	0	0	0	0	0	0	0	0	0	0	0	0	0	0	0	0	0	0	0	0	0	0	0	0	306	4710	0	976	258	0	1174	4224	816	4956	0	0	0	940	0	878	0	0	1088	5774	2136	408	1034	1280	1168	0	
366848	Cerebelum_4_5_L	0	0	0	0	0	0	0	0	0	0	0	0	0	0	0	0	0	0	0	0	0	0	0	0	0	0	0	0	0	0	0	0	0	0	0	0	454	0	560	0	0	0	270	0	0	0	13526	1202	0	0	0	0	0	0	12034	136	0	0	0	0	0	0	0	0	0	0	0	0	0	0	0	0	0	0	0	0	0	0	0	0	0	0	0	0	0	0	0	0	0	0	21182	9140	854	2186	6226	1174	0	7472	41614	9416	438	0	648	1860	3922	2112	262	0	1642	2258	24626	5342	2156	4528	4558	1626	
250000	Cerebelum_4_5_R	0	0	0	0	0	0	0	0	0	0	0	0	0	0	0	0	0	0	0	0	0	0	0	0	0	0	0	0	0	0	0	0	0	0	0	0	0	310	0	1222	0	0	1248	0	0	0	5572	5000	0	0	0	0	0	0	744	2386	0	0	0	0	0	0	0	0	0	0	0	102	0	0	0	0	0	0	0	0	0	0	0	0	0	0	0	0	0	0	0	0	0	0	588	27750	98	1060	0	4224	7472	0	2902	35046	0	0	118	2090	720	866	0	0	0	2576	18530	2568	420	630	360	398	
563864	Cerebelum_6_L	0	0	0	0	0	0	0	0	0	0	0	0	0	0	0	0	0	0	0	0	0	0	0	0	0	0	0	0	0	0	0	0	0	0	0	0	0	0	0	0	0	0	288	0	0	0	21528	2956	0	0	466	0	848	0	33536	864	0	0	0	0	0	0	0	0	0	0	0	0	0	0	0	0	0	0	0	0	0	0	0	0	0	0	0	0	0	0	0	0	244	0	59044	9996	10700	4254	4140	816	41614	2902	0	11278	2846	0	3620	1978	4596	3182	600	98	984	1450	14528	19082	10572	6582	5670	670	
500588	Cerebelum_6_R	0	0	0	0	0	0	0	0	0	0	0	0	0	0	0	0	0	0	0	0	0	0	0	0	0	0	0	0	0	0	0	0	0	0	0	0	0	0	0	114	0	0	1518	0	0	0	10686	9464	0	0	0	0	0	0	2364	9698	0	0	0	0	0	0	0	0	0	0	0	0	0	0	0	0	0	0	0	0	0	0	0	0	0	0	0	0	0	0	0	0	0	408	2386	71016	2852	8740	0	4956	9416	35046	11278	0	0	250	122	9776	758	3776	0	180	214	3370	21286	19480	8512	1528	716	384	
228764	Cerebelum_7b_L	0	0	0	0	0	0	0	0	0	0	0	0	0	0	0	0	0	0	0	0	0	0	0	0	0	0	0	0	0	0	0	0	0	0	0	0	0	0	0	0	0	0	0	0	0	0	0	0	0	0	0	0	0	0	360	0	0	0	0	0	0	0	0	0	0	0	0	0	0	0	0	0	0	0	0	0	0	0	0	0	0	0	0	0	0	0	0	0	174	0	12968	0	35906	1968	0	0	438	0	2846	0	0	1270	35222	2952	10508	166	1502	0	0	0	160	112	390	6708	732	0	
101168	Cerebelum_7b_R	0	0	0	0	0	0	0	0	0	0	0	0	0	0	0	0	0	0	0	0	0	0	0	0	0	0	0	0	0	0	0	0	0	0	0	0	0	0	0	0	0	0	0	0	0	0	0	0	0	0	0	0	0	0	0	0	0	0	0	0	0	0	0	0	0	0	0	0	0	0	0	0	0	0	0	0	0	0	0	0	0	0	0	0	0	0	0	0	0	0	98	3776	2630	18556	0	0	0	0	0	250	1270	0	1082	17332	0	2328	0	0	0	0	0	0	992	2270	0	0	
265120	Cerebelum_8_L	0	0	0	0	0	0	0	0	0	0	0	0	0	0	0	0	0	0	0	0	0	0	0	0	0	0	0	0	0	0	0	0	0	0	0	0	0	0	0	0	0	0	0	0	0	0	0	0	0	0	0	0	0	0	658	0	0	0	0	0	0	0	0	0	0	0	0	0	0	0	0	0	0	0	0	0	0	0	0	0	0	0	0	0	0	0	0	0	228	0	15520	110	33866	1676	0	0	648	118	3620	122	35222	1082	0	3132	19794	538	2340	0	0	0	360	450	974	8534	3092	476	
293328	Cerebelum_8_R	0	0	0	0	0	0	0	0	0	0	0	0	0	0	0	0	0	0	0	0	0	0	0	0	0	0	0	0	0	0	0	0	0	0	0	0	0	0	0	0	0	0	0	0	0	0	136	0	0	0	0	0	0	0	0	0	0	0	0	0	0	0	0	0	0	0	0	0	0	0	0	0	0	0	0	0	0	0	0	0	0	0	0	0	0	0	0	0	0	0	1892	22042	4188	30392	0	940	1860	2090	1978	9776	2952	17332	3132	0	296	18604	0	1672	726	1036	2560	1244	7416	9318	4714	368	
154180	Cerebelum_9_L	0	0	0	0	0	0	0	0	0	0	0	0	0	0	0	0	0	0	0	0	0	0	0	0	0	0	0	0	0	0	0	0	0	0	0	0	0	0	0	0	0	0	0	0	0	0	478	0	0	0	0	0	0	0	330	0	0	0	0	0	0	0	0	0	0	0	0	0	0	0	0	0	0	0	0	0	0	0	0	0	0	0	0	0	0	0	0	0	0	0	6242	674	11262	104	422	0	3922	720	4596	758	10508	0	19794	296	0	1280	4118	0	92	122	2334	2310	596	2208	3426	498	
169696	Cerebelum_9_R	0	0	0	0	0	0	0	0	0	0	0	0	0	0	0	0	0	0	0	0	0	0	0	0	0	0	0	0	0	0	0	0	0	0	0	0	0	0	0	0	0	0	232	0	0	0	768	120	0	0	0	0	0	0	198	0	0	0	0	0	0	0	0	0	0	0	0	0	0	0	0	0	0	0	0	0	0	0	0	0	0	0	0	0	0	0	0	0	0	0	1938	6244	1714	6114	180	878	2112	866	3182	3776	166	2328	538	18604	1280	0	0	1582	862	1332	3000	5122	3896	7788	8116	1912	
21172	Cerebelum_10_L	0	0	0	0	0	0	0	0	0	0	0	0	0	0	0	0	0	0	0	0	0	0	0	0	0	0	0	0	0	0	0	0	0	0	0	0	0	0	0	0	0	0	0	0	0	0	0	0	0	0	0	0	0	0	0	0	0	0	0	0	0	0	0	0	0	0	0	0	0	0	0	0	0	0	0	0	0	0	0	0	0	0	0	0	0	0	0	0	0	0	690	0	544	0	0	0	262	0	600	0	1502	0	2340	0	4118	0	0	0	0	0	140	170	0	96	124	0	
14756	Cerebelum_10_R	0	0	0	0	0	0	0	0	0	0	0	0	0	0	0	0	0	0	0	0	0	0	0	0	0	0	0	0	0	0	0	0	0	0	0	0	0	0	0	0	0	0	0	0	0	0	0	0	0	0	0	0	0	0	0	0	0	0	0	0	0	0	0	0	0	0	0	0	0	0	0	0	0	0	0	0	0	0	0	0	0	0	0	0	0	0	0	0	0	0	0	358	0	1356	0	0	0	0	98	180	0	0	0	1672	0	1582	0	0	0	0	0	126	610	622	774	0	
43272	Vermis_1_2	0	0	0	0	0	0	0	0	0	0	0	0	0	0	0	0	0	0	0	0	0	0	0	0	0	0	0	0	0	0	0	0	0	0	0	0	0	0	0	0	0	0	0	0	0	0	0	0	0	0	0	0	0	0	0	0	0	0	0	0	0	0	0	0	0	0	0	0	0	0	0	0	0	0	0	0	0	0	0	0	0	0	0	0	0	0	0	0	0	0	192	872	0	744	932	1088	1642	0	984	214	0	0	0	726	92	862	0	0	0	6878	2104	168	802	1690	1646	0	
82416	Vermis_3	0	0	0	0	0	0	0	0	0	0	0	0	0	0	0	0	0	0	0	0	0	0	0	0	0	0	0	0	0	0	0	0	0	0	0	0	0	0	0	0	0	0	0	0	0	0	106	0	0	0	0	0	0	0	0	0	0	0	0	0	0	0	0	0	0	0	0	0	0	0	0	0	0	0	0	0	0	0	0	0	0	0	0	0	0	0	0	0	0	0	494	3780	96	1106	1670	5774	2258	2576	1450	3370	0	0	0	1036	122	1332	0	0	6878	0	3568	422	1208	1998	1964	0	
353316	Vermis_4_5	0	0	0	0	0	0	0	0	0	0	0	0	0	0	0	0	0	0	0	0	0	0	0	0	0	0	0	0	0	0	0	0	0	0	0	754	0	986	0	432	0	0	2342	308	0	0	10758	5850	0	0	0	0	0	0	2918	662	0	0	0	0	0	0	0	0	0	0	0	1280	0	0	0	0	0	0	0	0	0	0	0	0	0	0	0	0	0	0	0	0	0	0	4622	19536	456	3370	576	2136	24626	18530	14528	21286	160	0	360	2560	2334	3000	140	0	2104	3568	0	9460	2918	5714	5594	2790	
320120	Vermis_6	0	0	0	0	0	0	0	0	0	0	0	0	0	0	0	0	0	0	0	0	0	0	0	0	0	0	0	0	0	0	0	0	0	0	0	0	0	0	0	0	0	0	890	0	0	0	11212	7008	0	0	0	0	0	92	3304	1998	0	0	0	0	0	0	0	0	0	0	0	0	0	0	0	0	0	0	0	0	0	0	0	0	0	0	0	0	0	0	0	0	0	0	7274	17264	7014	5400	134	408	5342	2568	19082	19480	112	0	450	1244	2310	5122	170	126	168	422	9460	0	14536	7644	7246	2580	
252648	Vermis_7	0	0	0	0	0	0	0	0	0	0	0	0	0	0	0	0	0	0	0	0	0	0	0	0	0	0	0	0	0	0	0	0	0	0	0	0	0	0	0	0	0	0	0	0	0	0	4318	1626	0	0	0	0	0	0	892	506	0	0	0	0	0	0	0	0	0	0	0	0	0	0	0	0	0	0	0	0	0	0	0	0	0	0	0	0	0	0	0	0	0	0	7188	12936	10420	12918	0	1034	2156	420	10572	8512	390	992	974	7416	596	3896	0	610	802	1208	2918	14536	0	10738	7232	518	
250552	Vermis_8	0	0	0	0	0	0	0	0	0	0	0	0	0	0	0	0	0	0	0	0	0	0	0	0	0	0	0	0	0	0	0	0	0	0	0	0	0	0	0	0	0	0	194	0	0	0	904	308	0	0	0	0	0	0	322	0	0	0	0	0	0	0	0	0	0	0	0	0	0	0	0	0	0	0	0	0	0	0	0	0	0	0	0	0	0	0	0	0	0	0	5470	3504	10400	8220	294	1280	4528	630	6582	1528	6708	2270	8534	9318	2208	7788	96	622	1690	1998	5714	7644	10738	0	14042	1742	
180772	Vermis_9	0	0	0	0	0	0	0	0	0	0	0	0	0	0	0	0	0	0	0	0	0	0	0	0	0	0	0	0	0	0	0	0	0	0	0	0	0	0	0	0	0	0	182	0	0	0	874	100	0	0	0	0	0	0	200	0	0	0	0	0	0	0	0	0	0	0	0	0	0	0	0	0	0	0	0	0	0	0	0	0	0	0	0	0	0	0	0	0	0	0	4326	2830	4074	3964	296	1168	4558	360	5670	716	732	0	3092	4714	3426	8116	124	774	1646	1964	5594	7246	7232	14042	0	2366	
