data	data	417704	345792	1.11702e+06	807936	215116	101132	529888	449444	126536	23516	294876	262488	254572	190812	262440	84956	294672	114188	796000	676956	85896	84268	344708	359296	27912	93408	58256	83868	770080	333428	327976	428596	190372	512744	94276	125860	288104	281472	91568	153144	54220	47196	110700	322948	116592	229008	174352	240416	165600	298644	450300	235580	112092	110308	345300	355188	262000	187320	163988	114396	229284	89216	120296	94092	138784	119480	227344	357504	146812	154848	340980	447304	332104	341420	45976	18208	135108	175692	69092	17508	241252	119764	121032	47460	276896	203472	7920	10148	265364	196724	431920	390404	358848	313900	51552	72108	277216	198924	406828	353472	307768	207224	341620	307432	150832	143328	27788	4684	33692	80464	201664	182044	208252	178844	100128	35720	
data	data	Precentral_L	Precentral_R	Frontal_Sup_L	Frontal_Sup_R	Frontal_Sup_Orb_L	Frontal_Sup_Orb_R	Frontal_Mid_L	Frontal_Mid_R	Frontal_Mid_Orb_L	Frontal_Mid_Orb_R	Frontal_Inf_Oper_L	Frontal_Inf_Oper_R	Frontal_Inf_Tri_L	Frontal_Inf_Tri_R	Frontal_Inf_Orb_L	Frontal_Inf_Orb_R	Rolandic_Oper_L	Rolandic_Oper_R	Supp_Motor_Area_L	Supp_Motor_Area_R	Olfactory_L	Olfactory_R	Frontal_Sup_Medial_L	Frontal_Sup_Medial_R	Frontal_Med_Orb_L	Frontal_Med_Orb_R	Rectus_L	Rectus_R	Insula_L	Insula_R	Cingulum_Ant_L	Cingulum_Ant_R	Cingulum_Mid_L	Cingulum_Mid_R	Cingulum_Post_L	Cingulum_Post_R	Hippocampus_L	Hippocampus_R	ParaHippocampal_L	ParaHippocampal_R	Amygdala_L	Amygdala_R	Calcarine_L	Calcarine_R	Cuneus_L	Cuneus_R	Lingual_L	Lingual_R	Occipital_Sup_L	Occipital_Sup_R	Occipital_Mid_L	Occipital_Mid_R	Occipital_Inf_L	Occipital_Inf_R	Fusiform_L	Fusiform_R	Postcentral_L	Postcentral_R	Parietal_Sup_L	Parietal_Sup_R	Parietal_Inf_L	Parietal_Inf_R	SupraMarginal_L	SupraMarginal_R	Angular_L	Angular_R	Precuneus_L	Precuneus_R	Paracentral_Lobule_L	Paracentral_Lobule_R	Caudate_L	Caudate_R	Putamen_L	Putamen_R	Pallidum_L	Pallidum_R	Thalamus_L	Thalamus_R	Heschl_L	Heschl_R	Temporal_Sup_L	Temporal_Sup_R	Temporal_Pole_Sup_L	Temporal_Pole_Sup_R	Temporal_Mid_L	Temporal_Mid_R	Temporal_Pole_Mid_L	Temporal_Pole_Mid_R	Temporal_Inf_L	Temporal_Inf_R	Cerebelum_Crus1_L	Cerebelum_Crus1_R	Cerebelum_Crus2_L	Cerebelum_Crus2_R	Cerebelum_3_L	Cerebelum_3_R	Cerebelum_4_5_L	Cerebelum_4_5_R	Cerebelum_6_L	Cerebelum_6_R	Cerebelum_7b_L	Cerebelum_7b_R	Cerebelum_8_L	Cerebelum_8_R	Cerebelum_9_L	Cerebelum_9_R	Cerebelum_10_L	Cerebelum_10_R	Vermis_1_2	Vermis_3	Vermis_4_5	Vermis_6	Vermis_7	Vermis_8	Vermis_9	Vermis_10	
417704	Precentral_L	0	6694	24514	5208	0	0	22530	2922	0	0	9050	128	934	0	0	0	9992	98	16968	10414	0	0	0	0	0	0	0	0	6156	148	502	0	606	2754	0	0	4990	0	104	0	0	0	0	0	0	0	0	0	0	0	1870	0	1402	0	2558	0	29002	0	968	0	3158	0	1192	0	330	0	200	0	10054	640	11468	1530	2598	108	1624	0	10812	958	612	0	1862	0	146	0	828	0	0	0	220	0	0	0	0	0	0	0	0	0	0	0	0	0	0	0	0	0	0	0	0	0	0	0	0	0	0	0	
345792	Precentral_R	6694	0	1222	32242	0	0	984	28996	0	0	0	4950	0	178	0	100	0	4416	2116	7656	0	0	0	0	0	0	0	0	0	4640	0	0	270	644	0	0	636	4108	172	204	0	0	0	110	0	0	0	0	0	270	0	244	0	1060	0	842	280	16456	0	616	0	1226	0	1362	0	768	0	1060	3266	4888	0	12432	0	5232	0	786	428	14674	0	318	0	1910	0	0	0	2414	0	0	0	2026	0	0	0	0	0	0	0	0	0	0	0	0	0	0	0	0	0	0	0	0	0	0	0	0	0	0	
1.11702e+06	Frontal_Sup_L	24514	1222	0	11482	11562	132	72438	3308	2834	0	20460	1718	19860	768	12050	838	14592	248	94078	15654	618	0	37326	9332	986	152	138	106	52220	1188	24796	8184	3852	5044	0	0	9490	0	344	0	302	0	0	0	0	0	0	0	0	0	1674	0	584	0	1196	0	2800	0	792	0	938	0	180	0	228	0	0	0	556	0	18452	4398	25344	1170	6418	0	15290	132	2834	0	6720	0	2546	0	1752	0	0	0	2672	0	0	0	0	0	0	0	0	0	0	0	0	0	0	0	0	0	0	0	0	0	0	0	0	0	0	0	
807936	Frontal_Sup_R	5208	32242	11482	0	354	4038	4526	63650	0	1028	0	15256	0	7880	340	3130	0	5650	13880	41782	0	404	9618	37326	0	4430	0	1260	490	13598	3062	25398	1588	18760	0	0	450	4416	176	452	0	0	0	0	0	0	0	0	0	0	0	0	0	0	0	250	310	1450	0	154	0	540	0	512	0	164	0	200	150	0	4604	28364	412	17370	0	1376	408	14870	0	0	0	182	0	632	0	146	0	0	0	0	0	0	0	0	0	0	0	0	0	0	0	0	0	0	0	0	0	0	0	0	0	0	0	0	0	0	
215116	Frontal_Sup_Orb_L	0	0	11562	354	0	0	1334	0	16800	0	310	0	1904	0	22042	0	0	0	1958	0	2992	0	3634	318	4334	0	6026	0	10042	0	4352	870	0	0	0	0	0	0	708	0	796	0	0	0	0	0	0	0	0	0	0	0	0	0	0	0	0	0	0	0	0	0	0	0	0	0	0	0	0	0	2194	650	12786	0	0	0	96	0	0	0	0	0	1496	0	0	0	0	0	0	0	0	0	0	0	0	0	0	0	0	0	0	0	0	0	0	0	0	0	0	0	0	0	0	0	0	0	
101132	Frontal_Sup_Orb_R	0	0	132	4038	0	0	0	1626	0	4162	0	0	0	396	0	3650	0	0	0	464	412	2500	134	2458	124	8808	184	10294	0	1862	312	1562	0	0	0	0	0	0	0	0	0	0	0	0	0	0	0	0	0	0	0	0	0	0	0	0	0	0	0	0	0	0	0	0	0	0	0	0	0	0	552	3854	0	3042	0	0	0	0	0	0	0	0	0	0	0	0	0	0	0	0	0	0	0	0	0	0	0	0	0	0	0	0	0	0	0	0	0	0	0	0	0	0	0	0	0	0	
529888	Frontal_Mid_L	22530	984	72438	4526	1334	0	0	1642	4172	0	12736	408	32452	124	7346	256	4960	212	11306	3062	0	0	14752	1810	0	0	0	0	23282	536	14730	2842	1454	1156	0	0	1878	0	0	0	0	0	0	0	0	0	0	0	0	0	0	0	0	0	96	0	2138	0	0	0	268	0	370	0	0	0	0	0	162	0	9038	2642	1978	1246	0	0	700	0	0	0	2630	0	642	106	0	0	0	0	0	0	0	0	0	0	0	0	0	0	0	0	0	0	0	0	0	0	0	0	0	0	0	0	0	0	0	0	
449444	Frontal_Mid_R	2922	28996	3308	63650	0	1626	1642	0	0	1378	0	15178	0	17722	0	2388	0	5552	5862	10452	0	0	882	5300	0	198	0	0	158	8252	880	5086	278	6586	0	0	362	3062	158	324	0	0	0	0	0	0	0	0	0	0	0	0	0	0	0	194	242	1482	0	152	0	530	0	502	0	164	0	198	0	0	1318	9716	0	7348	0	834	424	9200	0	0	0	0	0	106	0	110	0	0	0	0	0	0	0	0	0	0	0	0	0	0	0	0	0	0	0	0	0	0	0	0	0	0	0	0	0	0	
126536	Frontal_Mid_Orb_L	0	0	2834	0	16800	0	4172	0	0	0	220	0	2672	0	21384	0	0	0	554	0	752	0	0	0	590	0	2688	0	5522	0	270	0	0	0	0	0	0	0	106	0	122	0	0	0	0	0	0	0	0	0	0	0	0	0	0	0	0	0	0	0	0	0	0	0	0	0	0	0	0	0	644	176	3292	0	0	0	0	0	0	0	0	0	470	0	0	0	0	0	0	0	0	0	0	0	0	0	0	0	0	0	0	0	0	0	0	0	0	0	0	0	0	0	0	0	0	0	
23516	Frontal_Mid_Orb_R	0	0	0	1028	0	4162	0	1378	0	0	0	0	0	442	0	2488	0	0	0	0	0	0	0	326	0	0	0	206	0	0	0	108	0	0	0	0	0	0	0	0	0	0	0	0	0	0	0	0	0	0	0	0	0	0	0	0	0	0	0	0	0	0	0	0	0	0	0	0	0	0	0	552	0	1068	0	0	0	0	0	0	0	0	0	0	0	0	0	0	0	0	0	0	0	0	0	0	0	0	0	0	0	0	0	0	0	0	0	0	0	0	0	0	0	0	0	0	
294876	Frontal_Inf_Oper_L	9050	0	20460	0	310	0	12736	0	220	0	0	0	14132	0	1244	0	18766	0	11712	0	112	0	1034	0	0	0	0	0	29154	0	2286	0	102	0	0	0	1630	0	0	0	0	0	0	0	0	0	0	0	0	0	0	0	0	0	528	0	4020	0	0	0	0	0	0	0	0	0	0	0	0	0	1386	0	2144	0	0	0	132	0	0	0	7762	0	7282	0	184	0	0	0	1052	0	0	0	0	0	0	0	0	0	0	0	0	0	0	0	0	0	0	0	0	0	0	0	0	0	0	0	
262488	Frontal_Inf_Oper_R	128	4950	1718	15256	0	0	408	15178	0	0	0	0	0	17808	0	122	0	8662	3742	10588	0	0	396	952	0	0	0	0	138	22204	658	3036	144	4934	0	0	0	2670	0	358	0	0	0	0	0	0	0	0	0	0	0	0	0	0	0	272	0	2098	0	0	0	0	0	0	0	0	0	0	0	0	666	4238	0	8506	0	0	0	212	0	0	0	254	0	948	0	0	0	0	0	0	0	0	0	0	0	0	0	0	0	0	0	0	0	0	0	0	0	0	0	0	0	0	0	0	0	0	
254572	Frontal_Inf_Tri_L	934	0	19860	0	1904	0	32452	0	2672	0	14132	0	0	0	9684	0	434	0	6114	0	0	0	2438	168	0	0	0	0	29726	0	2758	304	214	0	0	0	0	0	0	0	0	0	0	0	0	0	0	0	0	0	0	0	0	0	0	0	454	0	0	0	0	0	0	0	0	0	0	0	0	0	740	166	1508	0	0	0	0	0	0	0	150	0	474	0	0	0	0	0	0	0	0	0	0	0	0	0	0	0	0	0	0	0	0	0	0	0	0	0	0	0	0	0	0	0	0	0	
190812	Frontal_Inf_Tri_R	0	178	768	7880	0	396	124	17722	0	442	0	17808	0	0	0	2892	0	206	2884	7236	0	0	832	2606	0	0	0	0	130	12260	732	3254	190	6008	0	0	0	1374	0	218	0	0	0	0	0	0	0	0	0	0	0	0	0	0	0	160	0	0	0	0	0	0	0	0	0	0	0	0	0	0	330	3564	0	4776	0	0	0	436	0	0	0	0	0	0	0	0	0	0	0	0	0	0	0	0	0	0	0	0	0	0	0	0	0	0	0	0	0	0	0	0	0	0	0	0	0	0	
262440	Frontal_Inf_Orb_L	0	0	12050	340	22042	0	7346	0	21384	0	1244	0	9684	0	0	0	508	0	3620	0	3154	0	122	260	0	0	1458	0	23856	186	498	386	0	0	0	0	0	0	938	0	1094	0	0	0	0	0	0	0	0	0	0	0	0	0	0	0	0	0	0	0	0	0	0	0	0	0	0	0	0	0	3854	1040	12816	0	0	0	230	0	0	0	0	0	3110	0	0	0	0	0	0	0	0	0	0	0	0	0	0	0	0	0	0	0	0	0	0	0	0	0	0	0	0	0	0	0	0	0	
84956	Frontal_Inf_Orb_R	0	100	838	3130	0	3650	256	2388	0	2488	0	122	0	2892	0	0	0	0	1012	1708	344	1542	0	246	0	0	122	2520	0	5686	172	1188	0	770	0	0	0	0	0	0	0	0	0	0	0	0	0	0	0	0	0	0	0	0	0	0	0	0	0	0	0	0	0	0	0	0	0	0	0	0	660	6144	0	3912	0	0	0	588	0	0	0	0	0	0	0	0	0	0	0	0	0	0	0	0	0	0	0	0	0	0	0	0	0	0	0	0	0	0	0	0	0	0	0	0	0	0	
294672	Rolandic_Oper_L	9992	0	14592	0	0	0	4960	0	0	0	18766	0	434	0	508	0	0	0	9960	0	0	0	96	0	0	0	0	0	27940	0	846	0	0	0	0	0	1658	0	0	0	0	0	0	0	0	0	0	0	0	0	3944	0	510	0	1052	0	11734	0	2778	0	3036	0	1890	0	190	0	240	0	0	0	2522	0	1662	0	0	0	100	0	3154	0	15170	0	6408	0	1550	0	0	0	1644	0	0	0	0	0	0	0	0	0	0	0	0	0	0	0	0	0	0	0	0	0	0	0	0	0	0	0	
114188	Rolandic_Oper_R	98	4416	248	5650	0	0	212	5552	0	0	0	8662	0	206	0	0	0	0	340	2006	0	0	0	0	0	0	0	0	0	11794	0	0	0	130	0	0	0	1476	0	0	0	0	0	0	0	0	0	0	0	0	0	0	0	0	0	172	0	4628	0	114	0	0	0	1548	0	0	0	0	0	0	268	1420	0	2496	0	140	0	850	0	604	0	2822	0	1114	0	128	0	0	0	0	0	0	0	0	0	0	0	0	0	0	0	0	0	0	0	0	0	0	0	0	0	0	0	0	0	0	
796000	Supp_Motor_Area_L	16968	2116	94078	13880	1958	0	11306	5862	554	0	11712	3742	6114	2884	3620	1012	9960	340	0	48776	452	0	5256	3146	0	0	0	0	31014	2644	3478	6194	10884	22756	112	272	7760	0	286	0	244	0	0	0	0	0	0	0	0	0	1690	0	586	0	1172	0	2894	0	798	0	926	0	296	0	230	0	0	0	2416	326	7510	2474	18206	582	6854	0	8084	112	2900	0	4258	0	1980	0	1760	0	0	0	2566	0	0	0	0	0	0	0	0	0	0	0	0	0	0	0	0	0	0	0	0	0	0	0	0	0	0	0	
676956	Supp_Motor_Area_R	10414	7656	15654	41782	0	464	3062	10452	0	0	0	10588	0	7236	0	1708	0	2006	48776	0	0	122	2980	7952	0	284	0	302	212	8908	1838	9160	9572	52498	1328	2550	1916	2122	186	224	0	0	0	928	0	688	0	0	0	1586	0	338	0	588	276	426	312	1658	0	0	0	102	0	0	0	120	608	2462	15256	14870	2110	16006	0	7600	0	1040	292	7316	0	0	0	136	0	478	0	690	0	0	0	640	0	0	0	0	0	0	0	0	0	0	0	0	0	0	0	0	0	0	0	0	0	0	0	0	0	0	
85896	Olfactory_L	0	0	618	0	2992	412	0	0	752	0	112	0	0	0	3154	344	0	0	452	0	0	5360	0	0	124	0	3522	762	3782	238	3090	1276	0	0	0	0	166	0	1234	0	1392	0	0	0	0	0	0	0	0	0	0	0	0	0	150	0	0	0	0	0	0	0	0	0	0	0	0	0	0	0	6372	3670	1610	160	0	0	0	0	0	0	0	0	1204	0	0	0	0	0	0	0	0	0	0	0	0	0	0	0	0	0	0	0	0	0	0	0	0	0	0	0	0	0	0	0	0	0	
84268	Olfactory_R	0	0	0	404	0	2500	0	0	0	0	0	0	0	0	0	1542	0	0	0	122	5360	0	0	0	0	1286	1904	4202	0	2180	2864	3466	0	0	0	0	0	142	0	324	0	522	0	0	0	0	0	0	0	0	0	0	0	0	0	0	0	0	0	0	0	0	0	0	0	0	0	0	0	0	6468	6388	1298	1162	0	0	0	0	0	0	0	0	0	0	0	0	0	0	0	0	0	0	0	0	0	0	0	0	0	0	0	0	0	0	0	0	0	0	0	0	0	0	0	0	0	0	
344708	Frontal_Sup_Medial_L	0	0	37326	9618	3634	134	14752	882	0	0	1034	396	2438	832	122	0	96	0	5256	2980	0	0	0	25394	2234	352	0	0	2118	310	24702	18712	4726	12008	0	0	0	0	0	0	0	0	0	0	0	0	0	0	0	0	0	0	0	0	0	0	0	0	0	0	0	0	0	0	0	0	0	0	0	0	276	960	670	392	0	0	0	0	0	0	0	0	0	0	0	0	0	0	0	0	0	0	0	0	0	0	0	0	0	0	0	0	0	0	0	0	0	0	0	0	0	0	0	0	0	0	
359296	Frontal_Sup_Medial_R	0	0	9332	37326	318	2458	1810	5300	0	326	0	952	168	2606	260	246	0	0	3146	7952	0	0	25394	0	160	5668	0	274	360	1612	6200	29086	1918	20796	0	0	0	0	0	0	0	0	0	0	0	0	0	0	0	0	0	0	0	0	0	0	0	0	0	0	0	0	0	0	0	0	0	0	0	0	1140	8392	274	6174	0	0	0	0	0	0	0	0	0	0	0	0	0	0	0	0	0	0	0	0	0	0	0	0	0	0	0	0	0	0	0	0	0	0	0	0	0	0	0	0	0	0	
27912	Frontal_Med_Orb_L	0	0	986	0	4334	124	0	0	590	0	0	0	0	0	0	0	0	0	0	0	124	0	2234	160	0	468	1154	0	0	0	2846	236	0	0	0	0	0	0	0	0	0	0	0	0	0	0	0	0	0	0	0	0	0	0	0	0	0	0	0	0	0	0	0	0	0	0	0	0	0	0	100	0	600	0	0	0	0	0	0	0	0	0	0	0	0	0	0	0	0	0	0	0	0	0	0	0	0	0	0	0	0	0	0	0	0	0	0	0	0	0	0	0	0	0	0	0	
93408	Frontal_Med_Orb_R	0	0	152	4430	0	8808	0	198	0	0	0	0	0	0	0	0	0	0	0	284	0	1286	352	5668	468	0	0	9056	0	514	1822	5458	0	108	0	0	0	0	0	0	0	0	0	0	0	0	0	0	0	0	0	0	0	0	0	0	0	0	0	0	0	0	0	0	0	0	0	0	0	0	180	4718	0	3202	0	0	0	0	0	0	0	0	0	0	0	0	0	0	0	0	0	0	0	0	0	0	0	0	0	0	0	0	0	0	0	0	0	0	0	0	0	0	0	0	0	0	
58256	Rectus_L	0	0	138	0	6026	184	0	0	2688	0	0	0	0	0	1458	122	0	0	0	0	3522	1904	0	0	1154	0	0	410	706	0	3048	622	0	0	0	0	0	0	0	0	0	0	0	0	0	0	0	0	0	0	0	0	0	0	0	0	0	0	0	0	0	0	0	0	0	0	0	0	0	0	2380	1322	3042	0	0	0	0	0	0	0	0	0	402	0	0	0	0	0	0	0	0	0	0	0	0	0	0	0	0	0	0	0	0	0	0	0	0	0	0	0	0	0	0	0	0	0	
83868	Rectus_R	0	0	106	1260	0	10294	0	0	0	206	0	0	0	0	0	2520	0	0	0	302	762	4202	0	274	0	9056	410	0	0	1568	786	3314	0	0	0	0	0	0	0	0	0	0	0	0	0	0	0	0	0	0	0	0	0	0	0	0	0	0	0	0	0	0	0	0	0	0	0	0	0	0	766	4116	106	1886	0	0	0	0	0	0	0	0	0	0	0	0	0	0	0	0	0	0	0	0	0	0	0	0	0	0	0	0	0	0	0	0	0	0	0	0	0	0	0	0	0	0	
770080	Insula_L	6156	0	52220	490	10042	0	23282	158	5522	0	29154	138	29726	130	23856	0	27940	0	31014	212	3782	0	2118	360	0	0	706	0	0	238	3548	636	294	122	152	174	19402	0	1636	0	3036	0	0	0	0	0	0	0	104	0	5912	0	1242	0	6110	0	4322	0	3208	0	2464	0	240	0	430	0	648	0	236	130	10192	1076	23450	0	0	0	2128	0	6022	0	16136	0	11912	0	4218	0	0	0	8616	0	0	0	0	0	0	0	0	0	0	0	0	0	0	0	0	0	0	0	0	0	0	0	0	0	0	0	
333428	Insula_R	148	4640	1188	13598	0	1862	536	8252	0	0	0	22204	0	12260	186	5686	0	11794	2644	8908	238	2180	310	1612	0	514	0	1568	238	0	640	3202	0	3968	0	0	0	9062	0	1530	0	212	0	0	0	0	0	0	0	0	0	0	0	282	0	2304	0	3618	0	130	0	182	0	626	0	0	0	146	0	0	1096	7796	106	21064	0	0	0	462	0	1638	0	4172	0	1482	0	1168	0	0	0	1262	0	0	0	0	0	0	0	0	0	0	0	0	0	0	0	0	0	0	0	0	0	0	0	0	0	0	
327976	Cingulum_Ant_L	502	0	24796	3062	4352	312	14730	880	270	0	2286	658	2758	732	498	172	846	0	3478	1838	3090	2864	24702	6200	2846	1822	3048	786	3548	640	0	22376	5714	4152	120	0	534	0	0	0	0	0	0	0	0	0	0	0	0	0	0	0	0	0	0	0	0	0	0	0	0	0	0	0	0	0	0	0	0	0	7182	4934	5316	1038	0	0	128	0	0	0	616	0	162	0	0	0	0	0	0	0	0	0	0	0	0	0	0	0	0	0	0	0	0	0	0	0	0	0	0	0	0	0	0	0	0	0	
428596	Cingulum_Ant_R	0	0	8184	25398	870	1562	2842	5086	0	108	0	3036	304	3254	386	1188	0	0	6194	9160	1276	3466	18712	29086	236	5458	622	3314	636	3202	22376	0	2530	22120	0	0	0	0	0	0	0	0	0	0	0	0	0	0	0	0	0	0	0	0	0	0	0	0	0	0	0	0	0	0	0	0	0	0	0	0	3984	18956	902	9850	0	0	0	0	0	0	0	0	0	0	0	0	0	0	0	0	0	0	0	0	0	0	0	0	0	0	0	0	0	0	0	0	0	0	0	0	0	0	0	0	0	0	
190372	Cingulum_Mid_L	606	270	3852	1588	0	0	1454	278	0	0	102	144	214	190	0	0	0	0	10884	9572	0	0	4726	1918	0	0	0	0	294	0	5714	2530	0	12420	3026	682	0	0	0	0	0	0	236	216	1136	158	0	0	3688	572	4298	100	552	0	300	0	1392	98	470	0	988	0	226	0	852	0	7342	954	3986	1728	0	118	0	0	0	0	0	0	0	0	242	0	0	0	2658	272	0	0	1922	218	0	0	0	0	0	0	0	0	0	0	0	0	0	0	0	0	0	0	0	0	0	0	0	0	0	0	
512744	Cingulum_Mid_R	2754	644	5044	18760	0	0	1156	6586	0	0	0	4934	0	6008	0	770	0	130	22756	52498	0	0	12008	20796	0	108	0	0	122	3968	4152	22120	12420	0	1444	6458	414	0	0	0	0	0	0	1776	0	1254	0	146	0	3390	0	856	0	468	172	152	122	3404	0	342	0	116	0	0	0	128	1694	8100	9578	12998	0	2134	0	860	0	0	0	0	0	0	0	0	0	0	0	1420	0	0	0	1212	0	0	0	0	0	0	0	0	0	0	0	0	0	0	0	0	0	0	0	0	0	0	0	0	0	0	
94276	Cingulum_Post_L	0	0	0	0	0	0	0	0	0	0	0	0	0	0	0	0	0	0	112	1328	0	0	0	0	0	0	0	0	152	0	120	0	3026	1444	0	10080	3734	3384	2416	1342	0	0	1878	0	864	0	1026	116	920	0	302	0	672	334	1740	544	120	230	190	0	0	0	0	0	0	0	5618	1044	2200	1060	0	0	0	0	0	0	0	378	0	0	0	0	0	0	388	0	0	0	0	0	0	0	0	0	0	0	376	0	0	0	0	0	0	0	0	0	0	0	0	0	0	0	0	0	0	0	
125860	Cingulum_Post_R	0	0	0	0	0	0	0	0	0	0	0	0	0	0	0	0	0	0	272	2550	0	0	0	0	0	0	0	0	174	0	0	0	682	6458	10080	0	3366	3800	2086	1684	0	0	262	2866	0	514	410	1364	0	348	0	288	196	2258	874	1480	0	2382	0	420	0	0	0	0	0	0	2170	8808	1136	3914	0	0	0	0	0	0	118	564	0	0	0	0	0	0	136	170	0	0	0	448	0	0	0	0	0	0	124	0	0	0	0	0	0	0	0	0	0	0	0	0	528	0	0	0	0	0	
288104	Hippocampus_L	4990	636	9490	450	0	0	1878	362	0	0	1630	0	0	0	0	0	1658	0	7760	1916	166	0	0	0	0	0	0	0	19402	0	534	0	0	414	3734	3366	0	4274	12012	2238	9020	0	268	0	0	0	1986	348	0	0	128	0	0	0	13452	244	1624	0	0	0	102	0	0	0	0	0	838	846	140	0	2596	0	8638	380	520	0	4348	2580	1276	0	3016	0	1356	0	1608	0	0	0	10686	0	174	0	0	0	0	0	644	0	118	0	0	0	0	0	0	0	0	0	0	206	0	0	0	0	0	0	
281472	Hippocampus_R	0	4108	0	4416	0	0	0	3062	0	0	0	2670	0	1374	0	0	0	1476	0	2122	0	142	0	0	0	0	0	0	0	9062	0	0	0	0	3384	3800	4274	0	2524	20270	0	7694	0	0	0	0	426	1548	0	0	0	0	0	112	0	21956	0	1332	0	104	0	0	0	1250	0	0	0	1380	0	0	0	1088	0	16258	0	250	638	5588	0	872	0	4198	0	1036	0	1876	0	0	0	9006	0	0	0	0	0	0	312	744	0	0	0	0	0	0	0	0	0	0	0	108	276	0	0	0	0	0	
91568	ParaHippocampal_L	104	172	344	176	708	0	0	158	106	0	0	0	0	0	938	0	0	0	286	186	1234	0	0	0	0	0	0	0	1636	0	0	0	0	0	2416	2086	12012	2524	0	1288	1816	0	210	0	0	0	2870	308	0	0	0	0	0	0	4958	140	0	0	0	0	0	0	0	0	0	0	928	800	0	0	266	0	462	178	0	0	874	1514	0	0	108	0	584	0	0	0	0	0	656	0	490	0	0	0	366	0	1046	0	570	0	0	0	0	0	0	0	0	0	0	266	0	0	0	0	0	0	
153144	ParaHippocampal_R	0	204	0	452	0	0	0	324	0	0	0	358	0	218	0	0	0	0	0	224	0	324	0	0	0	0	0	0	0	1530	0	0	0	0	1342	1684	2238	20270	1288	0	0	6312	0	0	0	0	108	3514	0	0	0	124	0	0	0	16050	0	100	0	0	0	0	0	112	0	0	0	1296	0	0	0	232	0	2468	0	152	276	2362	0	478	0	2312	0	1128	0	968	0	174	0	4902	0	246	0	0	0	0	0	1916	0	282	0	0	0	0	0	0	0	0	0	0	604	0	0	0	0	0	
54220	Amygdala_L	0	0	302	0	796	0	0	0	122	0	0	0	0	0	1094	0	0	0	244	0	1392	0	0	0	0	0	0	0	3036	0	0	0	0	0	0	0	9020	0	1816	0	0	0	0	0	0	0	0	0	0	0	0	0	0	0	4354	0	0	0	0	0	0	0	0	0	0	0	0	0	0	0	108	0	1158	0	0	0	0	0	0	0	0	0	720	0	164	0	0	0	2784	0	0	0	0	0	0	0	0	0	0	0	0	0	0	0	0	0	0	0	0	0	0	0	0	0	0	0	
47196	Amygdala_R	0	0	0	0	0	0	0	0	0	0	0	0	0	0	0	0	0	0	0	0	0	522	0	0	0	0	0	0	0	212	0	0	0	0	0	0	0	7694	0	6312	0	0	0	0	0	0	0	0	0	0	0	0	0	0	0	5812	0	0	0	0	0	0	0	0	0	0	0	0	0	0	0	0	0	1192	0	0	0	0	0	0	0	0	0	1598	0	0	0	0	0	256	0	0	0	0	0	0	0	0	0	0	0	0	0	0	0	0	0	0	0	0	0	0	0	0	0	0	
110700	Calcarine_L	0	0	0	0	0	0	0	0	0	0	0	0	0	0	0	0	0	0	0	0	0	0	0	0	0	0	0	0	0	0	0	0	236	0	1878	262	268	0	210	0	0	0	0	4382	6064	3330	5890	1612	5298	1774	13364	534	2666	112	1804	0	0	0	0	0	0	0	0	0	0	0	5296	0	0	0	0	0	0	0	0	0	0	0	0	0	0	0	0	0	116	0	0	0	0	0	0	0	0	0	0	0	254	0	0	0	0	0	0	0	0	0	0	0	0	0	0	0	0	0	0	0	
322948	Calcarine_R	0	110	0	0	0	0	0	0	0	0	0	0	0	0	0	0	0	0	0	928	0	0	0	0	0	0	0	0	0	0	0	0	216	1776	0	2866	0	0	0	0	0	0	4382	0	2676	26726	180	18876	0	28874	0	20054	0	7988	0	6968	0	684	0	1824	0	284	0	120	0	1470	1496	23948	120	1502	0	0	0	0	0	0	0	0	0	0	0	0	0	0	0	4834	0	0	0	2572	0	0	0	0	0	0	0	0	0	0	0	0	0	0	0	0	0	0	0	0	0	0	0	0	0	0	
116592	Cuneus_L	0	0	0	0	0	0	0	0	0	0	0	0	0	0	0	0	0	0	0	0	0	0	0	0	0	0	0	0	0	0	0	0	1136	0	864	0	0	0	0	0	0	0	6064	2676	0	3920	974	934	15440	1100	10726	100	1472	0	1268	312	138	0	1288	0	0	0	0	0	0	0	9308	206	210	0	0	0	0	0	0	0	0	0	0	0	0	0	0	0	160	0	0	0	0	0	0	0	0	0	0	0	0	0	0	0	0	0	0	0	0	0	0	0	0	0	0	0	0	0	0	0	
229008	Cuneus_R	0	0	0	0	0	0	0	0	0	0	0	0	0	0	0	0	0	0	0	688	0	0	0	0	0	0	0	0	0	0	0	0	158	1254	0	514	0	0	0	0	0	0	3330	26726	3920	0	0	6396	0	30422	0	11770	0	1026	0	1628	0	198	0	3480	0	106	0	0	0	352	3268	16694	0	854	0	0	0	0	0	0	0	0	0	0	0	0	0	0	0	1026	0	0	0	694	0	0	0	0	0	0	0	0	0	0	0	0	0	0	0	0	0	0	0	0	0	0	0	0	0	0	
174352	Lingual_L	0	0	0	0	0	0	0	0	0	0	0	0	0	0	0	0	0	0	0	0	0	0	0	0	0	0	0	0	0	0	0	0	0	0	1026	410	1986	426	2870	108	0	0	5890	180	974	0	0	1946	1790	0	7214	0	4800	0	13746	258	0	0	0	0	0	0	0	0	0	0	2068	158	0	0	0	0	0	0	0	0	0	164	0	0	0	0	0	0	0	0	0	0	280	0	7064	562	1106	0	198	0	9096	508	14048	1552	0	0	0	0	0	0	0	0	0	0	1996	3480	1272	0	0	0	
240416	Lingual_R	0	0	0	0	0	0	0	0	0	0	0	0	0	0	0	0	0	0	0	0	0	0	0	0	0	0	0	0	0	0	0	0	0	146	116	1364	348	1548	308	3514	0	0	1612	18876	934	6396	1946	0	0	6976	0	4080	0	5474	544	19410	0	150	0	0	0	0	0	0	0	0	178	6446	0	172	0	0	0	0	0	0	0	326	0	0	0	0	0	0	0	212	0	0	0	324	1844	3200	676	240	0	206	776	4512	3186	8426	0	0	0	182	0	126	0	0	0	270	3680	7366	3628	154	172	164	
165600	Occipital_Sup_L	0	0	0	0	0	0	0	0	0	0	0	0	0	0	0	0	0	0	0	0	0	0	0	0	0	0	0	0	104	0	0	0	3688	0	920	0	0	0	0	0	0	0	5298	0	15440	0	1790	0	0	0	30526	0	1676	0	708	0	280	0	6350	0	1410	0	0	0	284	0	12244	0	724	0	0	0	0	0	0	0	0	0	0	0	0	0	0	0	1358	0	0	0	0	0	0	0	0	0	0	0	0	0	0	0	0	0	0	0	0	0	0	0	0	0	0	0	0	0	0	0	
298644	Occipital_Sup_R	0	270	0	0	0	0	0	0	0	0	0	0	0	0	0	0	0	0	0	1586	0	0	0	0	0	0	0	0	0	0	0	0	572	3390	0	348	0	0	0	0	0	0	1774	28874	1100	30422	0	6976	0	0	0	25620	0	2442	0	2380	0	610	0	5838	0	952	0	338	0	4270	1336	19422	246	2106	0	0	0	0	0	0	0	0	0	0	0	242	0	0	0	4844	0	0	0	3364	0	0	0	0	0	0	0	0	0	0	0	0	0	0	0	0	0	0	0	0	0	0	0	0	0	0	
450300	Occipital_Mid_L	1870	0	1674	0	0	0	0	0	0	0	0	0	0	0	0	0	3944	0	1690	0	0	0	0	0	0	0	0	0	5912	0	0	0	4298	0	302	0	128	0	0	0	0	0	13364	0	10726	0	7214	0	30526	0	0	0	16626	0	6884	0	8074	0	16936	0	21742	0	3372	0	20092	0	13884	0	2560	0	618	0	0	0	0	0	0	0	2810	0	2794	0	0	0	19172	0	0	0	7840	0	98	0	0	0	0	0	0	0	0	0	0	0	0	0	0	0	0	0	0	0	0	0	0	0	0	0	
235580	Occipital_Mid_R	0	244	0	0	0	0	0	0	0	0	0	0	0	0	0	0	0	0	0	338	0	0	0	0	0	0	0	0	0	0	0	0	100	856	0	288	0	0	0	124	0	0	534	20054	100	11770	0	4080	0	25620	0	0	0	4354	0	1870	0	344	0	1862	0	4422	0	514	0	15172	802	10628	0	640	0	0	0	0	0	0	0	0	0	0	0	436	0	0	0	10504	0	0	0	2134	0	0	0	0	0	0	0	0	0	0	0	0	0	0	0	0	0	0	0	0	0	0	0	0	0	0	
112092	Occipital_Inf_L	1402	0	584	0	0	0	0	0	0	0	0	0	0	0	0	0	510	0	586	0	0	0	0	0	0	0	0	0	1242	0	0	0	552	0	672	196	0	0	0	0	0	0	2666	0	1472	0	4800	0	1676	0	16626	0	0	0	10720	0	584	0	646	0	572	0	0	0	360	0	2618	0	1066	96	0	0	0	0	0	0	0	0	1020	0	208	0	0	0	2664	0	0	0	2074	0	188	0	0	0	0	0	0	0	246	0	0	0	0	0	0	0	0	0	0	0	0	0	0	0	0	0	
110308	Occipital_Inf_R	0	1060	0	0	0	0	0	0	0	0	0	0	0	0	0	0	0	0	0	588	0	0	0	0	0	0	0	0	0	282	0	0	0	468	334	2258	0	112	0	0	0	0	112	7988	0	1026	0	5474	0	2442	0	4354	0	0	0	10358	0	278	0	280	0	120	0	132	0	216	160	4454	228	770	0	0	0	0	0	0	0	0	0	266	0	172	0	0	0	1898	0	0	0	6056	0	526	0	0	0	0	0	172	0	1030	0	0	0	0	0	0	0	0	0	0	186	794	560	0	0	0	
345300	Fusiform_L	2558	0	1196	0	0	0	96	0	0	0	528	0	0	0	0	0	1052	0	1172	276	150	0	0	0	0	0	0	0	6110	0	0	0	300	172	1740	874	13452	0	4958	0	4354	0	1804	0	1268	0	13746	544	708	0	6884	0	10720	0	0	382	858	160	1136	0	940	0	0	0	116	0	2840	0	1456	286	650	0	1464	0	0	0	334	0	948	0	3034	0	1380	0	2456	0	328	0	12948	0	20942	244	668	0	244	0	11692	472	26980	770	392	0	390	0	108	0	0	0	0	0	1800	1442	128	0	0	0	
355188	Fusiform_R	0	842	0	250	0	0	0	194	0	0	0	272	0	160	0	0	0	172	0	426	0	0	0	0	0	0	0	0	0	2304	0	0	0	152	544	1480	244	21956	140	16050	0	5812	0	6968	312	1628	258	19410	0	2380	0	1870	0	10358	382	0	0	848	0	290	0	148	0	748	0	110	120	2902	0	298	0	166	0	4626	0	0	0	278	0	742	0	3570	0	3426	0	3900	0	612	0	18162	1100	8938	494	220	0	108	256	5762	970	13864	0	0	0	148	0	0	0	0	0	0	2522	4812	2890	0	0	0	
262000	Postcentral_L	29002	280	2800	310	0	0	2138	242	0	0	4020	0	454	0	0	0	11734	0	2894	312	0	0	0	0	0	0	0	0	4322	0	0	0	1392	122	120	0	1624	0	0	0	0	0	0	0	138	0	0	0	280	0	8074	0	584	0	858	0	0	0	10898	0	20974	0	7760	0	2874	0	3842	0	2894	0	4374	0	450	0	0	0	164	0	1172	0	2932	0	0	0	564	0	0	0	402	0	0	0	0	0	0	0	0	0	0	0	0	0	0	0	0	0	0	0	0	0	0	0	0	0	0	0	
187320	Postcentral_R	0	16456	0	1450	0	0	0	1482	0	0	0	2098	0	0	0	0	0	4628	0	1658	0	0	0	0	0	0	0	0	0	3618	0	0	98	3404	230	2382	0	1332	0	100	0	0	0	684	0	198	0	150	0	610	0	344	0	278	160	848	0	0	0	7104	0	3380	0	10162	0	876	1942	8970	786	9908	0	1318	0	2130	0	0	0	340	0	228	0	2290	0	0	0	1020	0	0	0	998	0	0	0	0	0	0	0	0	0	0	0	0	0	0	0	0	0	0	0	0	0	0	0	0	0	0	
163988	Parietal_Sup_L	968	0	792	0	0	0	0	0	0	0	0	0	0	0	0	0	2778	0	798	0	0	0	0	0	0	0	0	0	3208	0	0	0	470	0	190	0	0	0	0	0	0	0	0	0	1288	0	0	0	6350	0	16936	0	646	0	1136	0	10898	0	0	0	15958	0	756	0	4276	0	11000	296	322	0	720	0	0	0	0	0	0	0	246	0	706	0	0	0	762	0	0	0	494	0	0	0	0	0	0	0	0	0	0	0	0	0	0	0	0	0	0	0	0	0	0	0	0	0	0	0	
114396	Parietal_Sup_R	0	616	0	154	0	0	0	152	0	0	0	0	0	0	0	0	0	114	0	0	0	0	0	0	0	0	0	0	0	130	0	0	0	342	0	420	0	104	0	0	0	0	0	1824	0	3480	0	0	0	5838	0	1862	0	280	0	290	0	7104	0	0	0	4606	0	1754	0	2916	630	16350	0	1082	0	0	0	0	0	0	0	0	0	0	0	2502	0	0	0	2996	0	0	0	1652	0	0	0	0	0	0	0	0	0	0	0	0	0	0	0	0	0	0	0	0	0	0	0	0	0	0	
229284	Parietal_Inf_L	3158	0	938	0	0	0	268	0	0	0	0	0	0	0	0	0	3036	0	926	0	0	0	0	0	0	0	0	0	2464	0	0	0	988	0	0	0	102	0	0	0	0	0	0	0	0	0	0	0	1410	0	21742	0	572	0	940	0	20974	0	15958	0	0	0	13028	0	14176	0	1038	0	500	0	674	0	0	0	0	0	0	0	284	0	2360	0	0	0	5398	0	0	0	3708	0	0	0	0	0	0	0	0	0	0	0	0	0	0	0	0	0	0	0	0	0	0	0	0	0	0	0	
89216	Parietal_Inf_R	0	1226	0	540	0	0	0	530	0	0	0	0	0	0	0	0	0	0	0	102	0	0	0	0	0	0	0	0	0	182	0	0	0	116	0	0	0	0	0	0	0	0	0	284	0	106	0	0	0	952	0	4422	0	120	0	148	0	3380	0	4606	0	0	0	8890	0	15014	0	746	0	484	0	336	0	0	0	0	0	0	0	0	0	554	0	0	0	1546	0	0	0	324	0	0	0	0	0	0	0	0	0	0	0	0	0	0	0	0	0	0	0	0	0	0	0	0	0	0	
120296	SupraMarginal_L	1192	0	180	0	0	0	370	0	0	0	0	0	0	0	0	0	1890	0	296	0	0	0	0	0	0	0	0	0	240	0	0	0	226	0	0	0	0	0	0	0	0	0	0	0	0	0	0	0	0	0	3372	0	0	0	0	0	7760	0	756	0	13028	0	0	0	7232	0	0	0	0	0	618	0	0	0	0	0	0	0	0	0	6468	0	0	0	10764	0	0	0	5756	0	0	0	0	0	0	0	0	0	0	0	0	0	0	0	0	0	0	0	0	0	0	0	0	0	0	0	
94092	SupraMarginal_R	0	1362	0	512	0	0	0	502	0	0	0	0	0	0	0	0	0	1548	0	0	0	0	0	0	0	0	0	0	0	626	0	0	0	0	0	0	0	1250	0	112	0	0	0	120	0	0	0	0	0	338	0	514	0	132	0	748	0	10162	0	1754	0	8890	0	0	0	5748	0	1768	0	0	0	596	0	0	0	0	0	0	0	0	0	6014	0	0	0	3796	0	0	0	554	0	0	0	0	0	0	0	0	0	0	0	0	0	0	0	0	0	0	0	0	0	0	0	0	0	0	
138784	Angular_L	330	0	228	0	0	0	0	0	0	0	0	0	0	0	0	0	190	0	230	0	0	0	0	0	0	0	0	0	430	0	0	0	852	0	0	0	0	0	0	0	0	0	0	0	0	0	0	0	284	0	20092	0	360	0	116	0	2874	0	4276	0	14176	0	7232	0	0	0	434	0	0	0	342	0	0	0	0	0	0	0	0	0	1178	0	0	0	11218	0	0	0	4550	0	0	0	0	0	0	0	0	0	0	0	0	0	0	0	0	0	0	0	0	0	0	0	0	0	0	0	
119480	Angular_R	0	768	0	164	0	0	0	164	0	0	0	0	0	0	0	0	0	0	0	120	0	0	0	0	0	0	0	0	0	0	0	0	0	128	0	0	0	0	0	0	0	0	0	1470	0	352	0	0	0	4270	0	15172	0	216	0	110	0	876	0	2916	0	15014	0	5748	0	0	0	1080	0	448	0	0	0	0	0	0	0	0	0	0	0	3370	0	0	0	6938	0	0	0	416	0	0	0	0	0	0	0	0	0	0	0	0	0	0	0	0	0	0	0	0	0	0	0	0	0	0	
227344	Precuneus_L	200	0	0	0	0	0	0	0	0	0	0	0	0	0	0	0	240	0	0	608	0	0	0	0	0	0	0	0	648	0	0	0	7342	1694	5618	2170	838	0	928	0	0	0	5296	1496	9308	3268	2068	178	12244	1336	13884	802	2618	160	2840	120	3842	1942	11000	630	1038	0	0	0	434	0	0	10252	4620	1320	98	0	0	0	0	0	0	0	0	0	98	0	0	0	1150	132	0	0	484	210	0	0	0	0	0	0	518	0	0	0	0	0	0	0	0	0	0	0	0	0	0	0	0	0	0	0	
357504	Precuneus_R	0	1060	0	200	0	0	0	198	0	0	0	0	0	0	0	0	0	0	0	2462	0	0	0	0	0	0	0	0	0	146	0	0	954	8100	1044	8808	846	1380	800	1296	0	0	0	23948	206	16694	158	6446	0	19422	0	10628	0	4454	0	2902	0	8970	296	16350	0	746	0	1768	0	1080	10252	0	472	7204	0	0	0	0	0	0	0	0	0	0	0	2166	0	0	0	9550	0	0	0	6422	0	0	0	0	0	0	0	522	0	0	0	0	0	0	0	0	0	0	0	0	802	0	0	0	0	0	
146812	Paracentral_Lobule_L	10054	3266	556	150	0	0	162	0	0	0	0	0	0	0	0	0	0	0	2416	15256	0	0	0	0	0	0	0	0	236	0	0	0	3986	9578	2200	1136	140	0	0	0	0	0	0	120	210	0	0	0	724	246	2560	0	1066	228	1456	0	2894	786	322	0	500	0	0	0	0	0	4620	472	0	7096	0	98	0	0	0	0	0	0	0	0	0	0	0	0	676	0	0	0	96	100	0	0	0	0	0	0	0	0	0	0	0	0	0	0	0	0	0	0	0	0	0	0	0	0	0	0	
154848	Paracentral_Lobule_R	640	4888	0	0	0	0	0	0	0	0	0	0	0	0	0	0	0	0	326	14870	0	0	0	0	0	0	0	0	130	0	0	0	1728	12998	1060	3914	0	0	0	0	0	0	0	1502	0	854	0	172	0	2106	0	640	96	770	286	298	0	9908	0	1082	0	484	0	0	0	448	1320	7204	7096	0	0	0	0	0	0	0	0	0	0	0	0	0	0	0	0	1032	0	0	0	1572	0	0	0	0	0	0	0	0	0	0	0	0	0	0	0	0	0	0	0	0	0	0	0	0	0	0	
340980	Caudate_L	11468	0	18452	4604	2194	552	9038	1318	644	0	1386	666	740	330	3854	660	2522	268	7510	2110	6372	6468	276	1140	100	180	2380	766	10192	1096	7182	3984	0	0	0	0	2596	0	266	0	108	0	0	0	0	0	0	0	0	0	618	0	0	0	650	0	4374	0	720	0	674	0	618	0	342	0	98	0	0	0	0	11980	16580	1610	1138	0	14290	0	548	0	1690	0	1710	144	170	0	0	0	1114	0	0	0	0	0	0	0	0	0	0	0	0	0	0	0	0	0	0	0	0	0	0	0	0	0	0	0	
447304	Caudate_R	1530	12432	4398	28364	650	3854	2642	9716	176	552	0	4238	166	3564	1040	6144	0	1420	2474	16006	3670	6388	960	8392	0	4718	1322	4116	1076	7796	4934	18956	118	2134	0	0	0	1088	0	232	0	0	0	0	0	0	0	0	0	0	0	0	0	0	0	166	0	1318	0	0	0	336	0	596	0	0	0	0	98	0	11980	0	2046	21826	0	1962	0	17418	0	0	0	124	0	516	0	0	0	0	0	0	0	0	0	0	0	0	0	0	0	0	0	0	0	0	0	0	0	0	0	0	0	0	0	0	0	0	
332104	Putamen_L	2598	0	25344	412	12786	0	1978	0	3292	0	2144	0	1508	0	12816	0	1662	0	18206	0	1610	1298	670	274	600	0	3042	106	23450	106	5316	902	0	0	0	0	8638	0	462	0	1158	0	0	0	0	0	0	0	0	0	0	0	0	0	1464	0	450	0	0	0	0	0	0	0	0	0	0	0	0	0	16580	2046	0	0	5004	0	3522	154	360	0	1332	0	3192	0	150	0	0	0	1420	0	0	0	0	0	0	0	0	0	0	0	0	0	0	0	0	0	0	0	0	0	0	0	0	0	0	0	
341420	Putamen_R	108	5232	1170	17370	0	3042	1246	7348	0	1068	0	8506	0	4776	0	3912	0	2496	582	7600	160	1162	392	6174	0	3202	0	1886	0	21064	1038	9850	0	860	0	0	380	16258	178	2468	0	1192	0	0	0	0	0	0	0	0	0	0	0	0	0	4626	0	2130	0	0	0	0	0	0	0	0	0	0	0	0	1610	21826	0	0	0	2312	356	3702	0	0	0	214	0	902	0	198	0	0	0	2114	0	0	0	0	0	0	0	0	0	0	0	0	0	0	0	0	0	0	0	0	0	0	0	0	0	0	
45976	Pallidum_L	1624	0	6418	0	0	0	0	0	0	0	0	0	0	0	0	0	0	0	6854	0	0	0	0	0	0	0	0	0	0	0	0	0	0	0	0	0	520	0	0	0	0	0	0	0	0	0	0	0	0	0	0	0	0	0	0	0	0	0	0	0	0	0	0	0	0	0	0	0	0	0	1138	0	5004	0	0	0	1430	0	0	0	0	0	0	0	0	0	0	0	0	0	0	0	0	0	0	0	0	0	0	0	0	0	0	0	0	0	0	0	0	0	0	0	0	0	0	0	
18208	Pallidum_R	0	786	0	1376	0	0	0	834	0	0	0	0	0	0	0	0	0	140	0	1040	0	0	0	0	0	0	0	0	0	0	0	0	0	0	0	0	0	250	0	152	0	0	0	0	0	0	0	0	0	0	0	0	0	0	0	0	0	0	0	0	0	0	0	0	0	0	0	0	0	0	0	1962	0	2312	0	0	0	252	0	0	0	0	0	0	0	0	0	0	0	0	0	0	0	0	0	0	0	0	0	0	0	0	0	0	0	0	0	0	0	0	0	0	0	0	0	0	
135108	Thalamus_L	10812	428	15290	408	96	0	700	424	0	0	132	0	0	0	230	0	100	0	8084	292	0	0	0	0	0	0	0	0	2128	0	128	0	0	0	0	118	4348	638	874	276	0	0	0	0	0	0	0	0	0	0	0	0	0	0	334	0	164	0	0	0	0	0	0	0	0	0	0	0	0	0	14290	0	3522	356	1430	0	0	1540	0	0	0	0	242	0	0	0	0	0	170	0	0	0	0	0	0	0	0	0	0	0	0	0	0	0	0	0	0	0	0	0	0	0	0	0	0	0	
175692	Thalamus_R	958	14674	132	14870	0	0	0	9200	0	0	0	212	0	436	0	588	0	850	112	7316	0	0	0	0	0	0	0	0	0	462	0	0	0	0	378	564	2580	5588	1514	2362	0	0	0	0	0	0	164	326	0	0	0	0	0	0	0	278	0	340	0	0	0	0	0	0	0	0	0	0	0	0	0	17418	154	3702	0	252	1540	0	0	0	0	166	0	0	0	174	0	0	0	266	0	0	0	0	0	0	0	270	0	0	0	0	0	0	0	0	0	0	0	0	0	0	0	0	0	0	
69092	Heschl_L	612	0	2834	0	0	0	0	0	0	0	0	0	0	0	0	0	3154	0	2900	0	0	0	0	0	0	0	0	0	6022	0	0	0	0	0	0	0	1276	0	0	0	0	0	0	0	0	0	0	0	0	0	2810	0	1020	0	948	0	1172	0	246	0	284	0	0	0	0	0	0	0	0	0	548	0	360	0	0	0	0	0	0	0	4098	0	0	0	4020	0	0	0	2242	0	0	0	0	0	0	0	0	0	0	0	0	0	0	0	0	0	0	0	0	0	0	0	0	0	0	0	
17508	Heschl_R	0	318	0	0	0	0	0	0	0	0	0	0	0	0	0	0	0	604	0	0	0	0	0	0	0	0	0	0	0	1638	0	0	0	0	0	0	0	872	0	478	0	0	0	0	0	0	0	0	0	0	0	0	0	266	0	742	0	228	0	0	0	0	0	0	0	0	0	0	0	0	0	0	0	0	0	0	0	0	0	0	0	2648	0	0	0	210	0	0	0	750	0	0	0	0	0	0	0	0	0	0	0	0	0	0	0	0	0	0	0	0	0	0	0	0	0	0	
241252	Temporal_Sup_L	1862	0	6720	0	0	0	2630	0	0	0	7762	0	150	0	0	0	15170	0	4258	0	0	0	0	0	0	0	0	0	16136	0	616	0	242	0	0	0	3016	0	108	0	0	0	0	0	0	0	0	0	0	0	2794	0	208	0	3034	0	2932	0	706	0	2360	0	6468	0	1178	0	98	0	0	0	1690	0	1332	0	0	0	0	0	4098	0	0	0	4636	0	20736	0	0	0	9400	0	0	0	0	0	0	0	0	0	286	0	0	0	0	0	0	0	0	0	0	0	0	0	0	0	0	0	
119764	Temporal_Sup_R	0	1910	0	182	0	0	0	0	0	0	0	254	0	0	0	0	0	2822	0	136	0	0	0	0	0	0	0	0	0	4172	0	0	0	0	0	0	0	4198	0	2312	0	0	0	0	0	0	0	0	0	242	0	436	0	172	0	3570	0	2290	0	2502	0	554	0	6014	0	3370	0	2166	0	0	0	124	0	214	0	0	0	166	0	2648	0	0	0	3126	0	12472	0	148	0	3682	0	0	0	0	0	0	0	0	0	0	0	0	0	0	0	0	0	0	0	0	0	0	0	0	0	0	
121032	Temporal_Pole_Sup_L	146	0	2546	0	1496	0	642	0	470	0	7282	0	474	0	3110	0	6408	0	1980	0	1204	0	0	0	0	0	402	0	11912	0	162	0	0	0	0	0	1356	0	584	0	720	0	0	0	0	0	0	0	0	0	0	0	0	0	1380	0	0	0	0	0	0	0	0	0	0	0	0	0	0	0	1710	0	3192	0	0	0	242	0	0	0	4636	0	0	0	3050	0	1276	0	4136	0	0	0	0	0	0	0	0	0	0	0	0	0	0	0	0	0	0	0	0	0	0	0	0	0	0	0	
47460	Temporal_Pole_Sup_R	0	0	0	632	0	0	106	106	0	0	0	948	0	0	0	0	0	1114	0	478	0	0	0	0	0	0	0	0	0	1482	0	0	0	0	0	0	0	1036	0	1128	0	1598	0	0	0	0	0	0	0	0	0	0	0	0	0	3426	0	0	0	0	0	0	0	0	0	0	0	0	0	0	144	516	0	902	0	0	0	0	0	0	0	3126	0	0	0	2800	0	1458	0	2730	0	0	0	0	0	0	0	0	0	0	0	0	0	0	0	0	0	0	0	0	0	0	0	0	0	0	
276896	Temporal_Mid_L	828	0	1752	0	0	0	0	0	0	0	184	0	0	0	0	0	1550	0	1760	0	0	0	0	0	0	0	0	0	4218	0	0	0	2658	0	388	136	1608	0	0	0	164	0	116	0	160	0	0	0	1358	0	19172	0	2664	0	2456	0	564	0	762	0	5398	0	10764	0	11218	0	1150	0	676	0	170	0	150	0	0	0	0	0	4020	0	20736	0	3050	0	0	0	1108	0	36230	0	544	0	0	0	0	0	0	0	736	0	0	0	0	0	0	0	0	0	0	0	0	0	0	0	0	0	
203472	Temporal_Mid_R	0	2414	0	146	0	0	0	110	0	0	0	0	0	0	0	0	0	128	0	690	0	0	0	0	0	0	0	0	0	1168	0	0	272	1420	0	170	0	1876	0	968	0	0	0	4834	0	1026	0	212	0	4844	0	10504	0	1898	0	3900	0	1020	0	2996	0	1546	0	3796	0	6938	132	9550	0	1032	0	0	0	198	0	0	0	174	0	210	0	12472	0	2800	0	0	0	1140	0	21152	0	0	0	0	0	0	0	0	0	0	0	0	0	0	0	0	0	0	0	0	0	0	0	0	0	0	
7920	Temporal_Pole_Mid_L	0	0	0	0	0	0	0	0	0	0	0	0	0	0	0	0	0	0	0	0	0	0	0	0	0	0	0	0	0	0	0	0	0	0	0	0	0	0	0	0	0	0	0	0	0	0	0	0	0	0	0	0	0	0	328	0	0	0	0	0	0	0	0	0	0	0	0	0	0	0	0	0	0	0	0	0	0	0	0	0	0	0	1276	0	1108	0	0	0	1248	0	0	0	0	0	0	0	0	0	0	0	0	0	0	0	0	0	0	0	0	0	0	0	0	0	0	0	
10148	Temporal_Pole_Mid_R	0	0	0	0	0	0	0	0	0	0	0	0	0	0	0	0	0	0	0	0	0	0	0	0	0	0	0	0	0	0	0	0	0	0	0	0	0	0	0	174	0	0	0	0	0	0	0	0	0	0	0	0	0	0	0	612	0	0	0	0	0	0	0	0	0	0	0	0	0	0	0	0	0	0	0	0	0	0	0	0	0	148	0	1458	0	1140	0	0	0	1542	0	0	0	0	0	0	0	0	0	0	0	0	0	0	0	0	0	0	0	0	0	0	0	0	0	0	
265364	Temporal_Inf_L	220	0	2672	0	0	0	0	0	0	0	1052	0	0	0	0	0	1644	0	2566	0	0	0	0	0	0	0	0	0	8616	0	0	0	1922	0	0	0	10686	0	656	0	2784	0	0	0	0	0	280	0	0	0	7840	0	2074	0	12948	0	402	0	494	0	3708	0	5756	0	4550	0	484	0	96	0	1114	0	1420	0	0	0	170	0	2242	0	9400	0	4136	0	36230	0	1248	0	0	0	3138	0	240	0	0	0	142	0	1420	0	174	0	158	0	0	0	0	0	0	0	0	0	0	0	0	0	
196724	Temporal_Inf_R	0	2026	0	0	0	0	0	0	0	0	0	0	0	0	0	0	0	0	0	640	0	0	0	0	0	0	0	0	0	1262	0	0	218	1212	0	448	0	9006	0	4902	0	256	0	2572	0	694	0	324	0	3364	0	2134	0	6056	0	18162	0	998	0	1652	0	324	0	554	0	416	210	6422	100	1572	0	0	0	2114	0	0	0	266	0	750	0	3682	0	2730	0	21152	0	1542	0	0	0	602	0	0	0	0	0	0	0	0	0	0	0	0	0	0	0	0	0	0	0	0	0	0	0	0	
431920	Cerebelum_Crus1_L	0	0	0	0	0	0	0	0	0	0	0	0	0	0	0	0	0	0	0	0	0	0	0	0	0	0	0	0	0	0	0	0	0	0	0	0	174	0	490	0	0	0	0	0	0	0	7064	1844	0	0	98	0	188	0	20942	1100	0	0	0	0	0	0	0	0	0	0	0	0	0	0	0	0	0	0	0	0	0	0	0	0	0	0	0	0	544	0	0	0	3138	0	0	1420	30166	808	2774	208	25470	652	59080	2668	14120	0	18820	1090	5644	868	610	0	174	332	4004	5324	3458	1298	1254	136	
390404	Cerebelum_Crus1_R	0	0	0	0	0	0	0	0	0	0	0	0	0	0	0	0	0	0	0	0	0	0	0	0	0	0	0	0	0	0	0	0	0	0	0	0	0	0	0	246	0	0	0	0	0	0	562	3200	0	0	0	0	0	526	244	8938	0	0	0	0	0	0	0	0	0	0	0	0	0	0	0	0	0	0	0	0	0	0	0	0	0	0	0	0	0	0	0	0	0	602	1420	0	942	26864	466	5478	2316	27110	2282	56816	478	10656	318	17796	182	1226	0	140	166	3558	8870	4940	7230	946	578	106	
358848	Cerebelum_Crus2_L	0	0	0	0	0	0	0	0	0	0	0	0	0	0	0	0	0	0	0	0	0	0	0	0	0	0	0	0	0	0	0	0	0	0	0	0	0	0	0	0	0	0	0	0	0	0	1106	676	0	0	0	0	0	0	668	494	0	0	0	0	0	0	0	0	0	0	0	0	0	0	0	0	0	0	0	0	0	0	0	0	0	0	0	0	0	0	0	0	240	0	30166	942	0	10750	544	132	2238	0	5514	614	43132	6070	42026	4330	8534	1614	1684	0	156	202	598	1074	9422	5386	980	132	
313900	Cerebelum_Crus2_R	0	0	0	0	0	0	0	0	0	0	0	0	0	0	0	0	0	0	0	0	0	0	0	0	0	0	0	0	0	0	0	0	0	0	0	0	0	0	0	0	0	0	0	0	0	0	0	240	0	0	0	0	0	0	0	220	0	0	0	0	0	0	0	0	0	0	0	0	0	0	0	0	0	0	0	0	0	0	0	0	0	0	0	0	0	0	0	0	0	0	808	26864	10750	0	182	340	632	248	904	2358	7908	29948	5324	38364	800	5374	188	0	188	530	1132	1432	12146	6936	2210	924	
51552	Cerebelum_3_L	0	0	0	0	0	0	0	0	0	0	0	0	0	0	0	0	0	0	0	0	0	0	0	0	0	0	0	0	0	0	0	0	0	0	0	0	0	0	366	0	0	0	0	0	0	0	198	0	0	0	0	0	0	0	244	0	0	0	0	0	0	0	0	0	0	0	0	0	0	0	0	0	0	0	0	0	0	0	0	0	0	0	0	0	0	0	0	0	0	0	2774	466	544	182	0	224	7310	470	3822	762	434	0	708	246	1932	130	0	0	790	1400	1616	394	290	292	182	0	
72108	Cerebelum_3_R	0	0	0	0	0	0	0	0	0	0	0	0	0	0	0	0	0	0	0	0	0	0	0	0	0	0	0	0	0	0	0	0	0	0	0	0	0	0	0	0	0	0	0	0	0	0	0	206	0	0	0	0	0	0	0	108	0	0	0	0	0	0	0	0	0	0	0	0	0	0	0	0	0	0	0	0	0	0	0	0	0	0	0	0	0	0	0	0	0	0	208	5478	132	340	224	0	400	4420	262	6022	112	0	132	762	328	2058	0	0	1850	6906	1300	1070	950	1314	1322	150	
277216	Cerebelum_4_5_L	0	0	0	0	0	0	0	0	0	0	0	0	0	0	0	0	0	0	0	0	0	0	0	0	0	0	0	0	0	0	0	0	0	0	376	124	644	312	1046	0	0	0	254	0	0	0	9096	776	0	0	0	0	0	0	11692	256	0	0	0	0	0	0	0	0	0	0	518	0	0	0	0	0	0	0	0	0	0	0	0	0	0	0	0	0	0	0	0	0	142	0	25470	2316	2238	632	7310	400	0	2614	36766	4196	1610	0	2254	804	4218	780	0	0	556	1256	12592	3064	1136	1306	1162	692	
198924	Cerebelum_4_5_R	0	0	0	0	0	0	0	0	0	0	0	0	0	0	0	0	0	0	0	0	0	0	0	0	0	0	0	0	0	0	0	0	0	0	0	0	0	744	0	1916	0	0	0	0	0	0	508	4512	0	0	0	0	0	172	472	5762	0	0	0	0	0	0	0	0	0	0	0	522	0	0	0	0	0	0	0	0	0	270	0	0	0	0	0	0	0	0	0	0	0	0	652	27110	0	248	470	4420	2614	0	1734	32406	0	0	0	334	0	158	0	0	0	2052	11262	696	176	126	126	0	
406828	Cerebelum_6_L	0	0	0	0	0	0	0	0	0	0	0	0	0	0	0	0	0	0	0	0	0	0	0	0	0	0	0	0	0	0	0	0	0	0	0	0	118	0	570	0	0	0	0	0	0	0	14048	3186	0	0	0	0	246	0	26980	970	0	0	0	0	0	0	0	0	0	0	0	0	0	0	0	0	0	0	0	0	0	0	0	0	286	0	0	0	736	0	0	0	1420	0	59080	2282	5514	904	3822	262	36766	1734	0	4820	3670	0	4034	1364	4856	936	180	0	150	378	8188	9676	3486	1404	1136	212	
353472	Cerebelum_6_R	0	0	0	0	0	0	0	0	0	0	0	0	0	0	0	0	0	0	0	0	0	0	0	0	0	0	0	0	0	0	0	0	0	0	0	0	0	0	0	282	0	0	0	0	0	0	1552	8426	0	0	0	0	0	1030	770	13864	0	0	0	0	0	0	0	0	0	0	0	0	0	0	0	0	0	0	0	0	0	0	0	0	0	0	0	0	0	0	0	0	0	0	2668	56816	614	2358	762	6022	4196	32406	4820	0	98	804	106	2136	276	1044	0	138	132	3760	13606	9568	6778	992	530	182	
307768	Cerebelum_7b_L	0	0	0	0	0	0	0	0	0	0	0	0	0	0	0	0	0	0	0	0	0	0	0	0	0	0	0	0	0	0	0	0	0	0	0	0	0	0	0	0	0	0	0	0	0	0	0	0	0	0	0	0	0	0	392	0	0	0	0	0	0	0	0	0	0	0	0	0	0	0	0	0	0	0	0	0	0	0	0	0	0	0	0	0	0	0	0	0	174	0	14120	478	43132	7908	434	112	1610	0	3670	98	0	6254	43110	5344	9240	1416	1830	0	140	180	396	192	6284	6762	608	0	
207224	Cerebelum_7b_R	0	0	0	0	0	0	0	0	0	0	0	0	0	0	0	0	0	0	0	0	0	0	0	0	0	0	0	0	0	0	0	0	0	0	0	0	0	0	0	0	0	0	0	0	0	0	0	0	0	0	0	0	0	0	0	0	0	0	0	0	0	0	0	0	0	0	0	0	0	0	0	0	0	0	0	0	0	0	0	0	0	0	0	0	0	0	0	0	0	0	0	10656	6070	29948	0	0	0	0	0	804	6254	0	5476	28822	706	5246	186	0	0	0	0	126	3402	5800	116	0	
341620	Cerebelum_8_L	0	0	0	0	0	0	0	0	0	0	0	0	0	0	0	0	0	0	0	0	0	0	0	0	0	0	0	0	0	0	0	0	0	0	0	0	0	0	0	0	0	0	0	0	0	0	0	0	0	0	0	0	0	0	390	0	0	0	0	0	0	0	0	0	0	0	0	0	0	0	0	0	0	0	0	0	0	0	0	0	0	0	0	0	0	0	0	0	158	0	18820	318	42026	5324	708	132	2254	0	4034	106	43110	5476	0	7606	19178	2452	3298	0	154	204	382	374	3560	8908	1702	136	
307432	Cerebelum_8_R	0	0	0	0	0	0	0	0	0	0	0	0	0	0	0	0	0	0	0	0	0	0	0	0	0	0	0	0	0	0	0	0	0	0	0	0	0	0	0	0	0	0	0	0	0	0	0	182	0	0	0	0	0	0	0	148	0	0	0	0	0	0	0	0	0	0	0	0	0	0	0	0	0	0	0	0	0	0	0	0	0	0	0	0	0	0	0	0	0	0	1090	17796	4330	38364	246	762	804	334	1364	2136	5344	28822	7606	0	1990	15064	338	374	278	978	1440	2368	6544	10482	3566	966	
150832	Cerebelum_9_L	0	0	0	0	0	0	0	0	0	0	0	0	0	0	0	0	0	0	0	0	0	0	0	0	0	0	0	0	0	0	0	0	0	0	0	0	0	0	0	0	0	0	0	0	0	0	0	0	0	0	0	0	0	0	108	0	0	0	0	0	0	0	0	0	0	0	0	0	0	0	0	0	0	0	0	0	0	0	0	0	0	0	0	0	0	0	0	0	0	0	5644	182	8534	800	1932	328	4218	0	4856	276	9240	706	19178	1990	0	3178	5070	0	276	400	1198	1712	928	2090	2162	410	
143328	Cerebelum_9_R	0	0	0	0	0	0	0	0	0	0	0	0	0	0	0	0	0	0	0	0	0	0	0	0	0	0	0	0	0	0	0	0	0	0	0	0	0	0	0	0	0	0	0	0	0	0	0	126	0	0	0	0	0	0	0	0	0	0	0	0	0	0	0	0	0	0	0	0	0	0	0	0	0	0	0	0	0	0	0	0	0	0	0	0	0	0	0	0	0	0	868	1226	1614	5374	130	2058	780	158	936	1044	1416	5246	2452	15064	3178	0	510	1690	1794	2674	2172	3470	3524	6032	6080	2048	
27788	Cerebelum_10_L	0	0	0	0	0	0	0	0	0	0	0	0	0	0	0	0	0	0	0	0	0	0	0	0	0	0	0	0	0	0	0	0	0	0	0	0	0	0	0	0	0	0	0	0	0	0	0	0	0	0	0	0	0	0	0	0	0	0	0	0	0	0	0	0	0	0	0	0	0	0	0	0	0	0	0	0	0	0	0	0	0	0	0	0	0	0	0	0	0	0	610	0	1684	188	0	0	0	0	180	0	1830	186	3298	338	5070	510	0	0	0	0	0	0	0	0	0	0	
4684	Cerebelum_10_R	0	0	0	0	0	0	0	0	0	0	0	0	0	0	0	0	0	0	0	0	0	0	0	0	0	0	0	0	0	0	0	0	0	0	0	0	0	0	0	0	0	0	0	0	0	0	0	0	0	0	0	0	0	0	0	0	0	0	0	0	0	0	0	0	0	0	0	0	0	0	0	0	0	0	0	0	0	0	0	0	0	0	0	0	0	0	0	0	0	0	0	140	0	0	0	0	0	0	0	138	0	0	0	374	0	1690	0	0	0	0	0	0	0	0	0	0	
33692	Vermis_1_2	0	0	0	0	0	0	0	0	0	0	0	0	0	0	0	0	0	0	0	0	0	0	0	0	0	0	0	0	0	0	0	0	0	0	0	0	0	0	0	0	0	0	0	0	0	0	0	0	0	0	0	0	0	0	0	0	0	0	0	0	0	0	0	0	0	0	0	0	0	0	0	0	0	0	0	0	0	0	0	0	0	0	0	0	0	0	0	0	0	0	174	166	156	188	790	1850	556	0	150	132	140	0	154	278	276	1794	0	0	0	5006	970	828	686	1186	1202	164	
80464	Vermis_3	0	0	0	0	0	0	0	0	0	0	0	0	0	0	0	0	0	0	0	0	0	0	0	0	0	0	0	0	0	0	0	0	0	0	0	0	206	108	266	0	0	0	0	0	0	0	0	270	0	0	0	0	0	0	0	0	0	0	0	0	0	0	0	0	0	0	0	0	0	0	0	0	0	0	0	0	0	0	0	0	0	0	0	0	0	0	0	0	0	0	332	3558	202	530	1400	6906	1256	2052	378	3760	180	0	204	978	400	2674	0	0	5006	0	2838	1408	1442	1874	1778	226	
201664	Vermis_4_5	0	0	0	0	0	0	0	0	0	0	0	0	0	0	0	0	0	0	0	0	0	0	0	0	0	0	0	0	0	0	0	0	0	0	0	528	0	276	0	604	0	0	0	0	0	0	1996	3680	0	0	0	0	0	186	1800	2522	0	0	0	0	0	0	0	0	0	0	0	802	0	0	0	0	0	0	0	0	0	0	0	0	0	0	0	0	0	0	0	0	0	0	4004	8870	598	1132	1616	1300	12592	11262	8188	13606	396	0	382	1440	1198	2172	0	0	970	2838	0	6480	1846	2898	2716	1934	
182044	Vermis_6	0	0	0	0	0	0	0	0	0	0	0	0	0	0	0	0	0	0	0	0	0	0	0	0	0	0	0	0	0	0	0	0	0	0	0	0	0	0	0	0	0	0	0	0	0	0	3480	7366	0	0	0	0	0	794	1442	4812	0	0	0	0	0	0	0	0	0	0	0	0	0	0	0	0	0	0	0	0	0	0	0	0	0	0	0	0	0	0	0	0	0	0	5324	4940	1074	1432	394	1070	3064	696	9676	9568	192	126	374	2368	1712	3470	0	0	828	1408	6480	0	8516	4336	3968	2112	
208252	Vermis_7	0	0	0	0	0	0	0	0	0	0	0	0	0	0	0	0	0	0	0	0	0	0	0	0	0	0	0	0	0	0	0	0	0	0	0	0	0	0	0	0	0	0	0	0	0	0	1272	3628	0	0	0	0	0	560	128	2890	0	0	0	0	0	0	0	0	0	0	0	0	0	0	0	0	0	0	0	0	0	0	0	0	0	0	0	0	0	0	0	0	0	0	3458	7230	9422	12146	290	950	1136	176	3486	6778	6284	3402	3560	6544	928	3524	0	0	686	1442	1846	8516	0	7516	4992	1336	
