data	data	395224	213096	842244	781484	220552	113332	413996	223600	72768	16572	235296	271672	267724	272132	109912	145064	194536	150132	718236	780612	83732	80688	318420	269684	14104	63088	40160	63316	581116	455652	250184	361476	165948	537620	130428	153648	280900	329416	89968	216836	27436	50084	230548	312600	255124	300420	328876	233876	189692	309172	482068	238892	208472	90604	394584	487760	328484	284584	215584	204632	297188	192156	148164	118280	215420	169860	386960	430304	152516	225020	240016	702900	357548	409840	71904	61060	158684	307836	117188	36924	188880	131268	75776	70224	394468	284684	15076	41344	328520	252156	425616	425532	276468	333968	36500	113668	320032	267180	486632	485976	226900	192928	348060	327968	158840	149092	39780	25168	17284	63264	265112	259456	164756	163624	128896	25884	
data	data	Precentral_L	Precentral_R	Frontal_Sup_L	Frontal_Sup_R	Frontal_Sup_Orb_L	Frontal_Sup_Orb_R	Frontal_Mid_L	Frontal_Mid_R	Frontal_Mid_Orb_L	Frontal_Mid_Orb_R	Frontal_Inf_Oper_L	Frontal_Inf_Oper_R	Frontal_Inf_Tri_L	Frontal_Inf_Tri_R	Frontal_Inf_Orb_L	Frontal_Inf_Orb_R	Rolandic_Oper_L	Rolandic_Oper_R	Supp_Motor_Area_L	Supp_Motor_Area_R	Olfactory_L	Olfactory_R	Frontal_Sup_Medial_L	Frontal_Sup_Medial_R	Frontal_Med_Orb_L	Frontal_Med_Orb_R	Rectus_L	Rectus_R	Insula_L	Insula_R	Cingulum_Ant_L	Cingulum_Ant_R	Cingulum_Mid_L	Cingulum_Mid_R	Cingulum_Post_L	Cingulum_Post_R	Hippocampus_L	Hippocampus_R	ParaHippocampal_L	ParaHippocampal_R	Amygdala_L	Amygdala_R	Calcarine_L	Calcarine_R	Cuneus_L	Cuneus_R	Lingual_L	Lingual_R	Occipital_Sup_L	Occipital_Sup_R	Occipital_Mid_L	Occipital_Mid_R	Occipital_Inf_L	Occipital_Inf_R	Fusiform_L	Fusiform_R	Postcentral_L	Postcentral_R	Parietal_Sup_L	Parietal_Sup_R	Parietal_Inf_L	Parietal_Inf_R	SupraMarginal_L	SupraMarginal_R	Angular_L	Angular_R	Precuneus_L	Precuneus_R	Paracentral_Lobule_L	Paracentral_Lobule_R	Caudate_L	Caudate_R	Putamen_L	Putamen_R	Pallidum_L	Pallidum_R	Thalamus_L	Thalamus_R	Heschl_L	Heschl_R	Temporal_Sup_L	Temporal_Sup_R	Temporal_Pole_Sup_L	Temporal_Pole_Sup_R	Temporal_Mid_L	Temporal_Mid_R	Temporal_Pole_Mid_L	Temporal_Pole_Mid_R	Temporal_Inf_L	Temporal_Inf_R	Cerebelum_Crus1_L	Cerebelum_Crus1_R	Cerebelum_Crus2_L	Cerebelum_Crus2_R	Cerebelum_3_L	Cerebelum_3_R	Cerebelum_4_5_L	Cerebelum_4_5_R	Cerebelum_6_L	Cerebelum_6_R	Cerebelum_7b_L	Cerebelum_7b_R	Cerebelum_8_L	Cerebelum_8_R	Cerebelum_9_L	Cerebelum_9_R	Cerebelum_10_L	Cerebelum_10_R	Vermis_1_2	Vermis_3	Vermis_4_5	Vermis_6	Vermis_7	Vermis_8	Vermis_9	Vermis_10	
395224	Precentral_L	0	604	10130	1800	172	0	18518	508	0	0	10830	0	1682	0	0	0	7354	0	6952	3628	0	0	0	0	0	0	0	0	14134	278	86	0	808	2342	2884	3328	9794	3180	640	750	0	0	0	0	0	0	352	442	0	0	772	0	1528	0	1016	448	24246	0	180	0	4474	0	1892	0	290	0	106	300	11770	328	5238	3502	7798	252	312	110	16414	4574	6738	0	1236	0	0	0	1566	0	0	0	1326	0	0	0	0	0	0	0	0	0	0	0	0	0	0	0	0	0	0	0	0	0	0	0	0	0	0	0	
213096	Precentral_R	604	0	0	11812	0	0	0	7738	0	0	0	7382	0	0	0	0	0	1998	504	8602	0	0	0	0	0	0	0	0	0	3050	0	0	0	1734	0	480	0	3712	0	228	0	0	0	552	0	482	0	244	0	418	0	378	0	128	0	998	0	20594	0	1266	0	4584	0	3928	0	1356	0	2746	302	9496	322	444	0	1740	0	538	770	3214	0	170	0	464	0	0	0	1028	0	0	0	2132	0	0	0	0	0	0	0	0	0	0	0	0	0	0	0	0	0	0	0	0	410	0	0	0	0	0	
842244	Frontal_Sup_L	10130	0	0	1132	17646	0	59660	480	1084	0	18872	5310	20002	4298	2804	258	10184	1880	79754	3422	0	0	43270	1380	116	0	0	0	35908	5346	17994	1966	3274	1014	0	0	4980	96	254	0	0	0	0	0	0	0	0	604	0	0	0	0	0	0	284	0	3776	0	0	0	0	0	702	0	0	0	0	0	774	0	6554	18664	24446	372	2812	0	1640	1568	1132	0	2420	0	1842	236	182	0	0	0	600	0	0	0	0	0	0	0	0	0	0	0	0	0	0	0	0	0	0	0	0	0	0	0	0	0	0	0	
781484	Frontal_Sup_R	1800	11812	1132	0	0	3480	222	26302	0	0	216	8828	276	8986	0	3480	0	10310	7110	78920	0	0	6572	30568	92	1950	0	138	318	17780	2840	23910	1668	23088	604	1146	774	11648	0	2730	0	108	0	0	0	0	0	222	0	0	0	104	0	0	0	2284	212	4914	0	278	0	1190	88	1544	0	130	0	96	326	688	768	26636	456	23872	324	6716	2142	25916	0	1044	0	258	98	414	0	272	0	0	0	942	0	0	0	0	0	0	0	0	0	0	0	0	0	0	0	0	0	0	0	0	0	0	0	0	0	0	
220552	Frontal_Sup_Orb_L	172	0	17646	0	0	0	3970	0	11528	0	704	0	4258	0	11140	0	530	0	4016	0	1260	0	9126	0	2198	0	3838	0	18000	0	4930	0	710	0	0	0	0	0	0	0	142	0	0	0	0	0	0	0	0	0	0	0	0	0	210	0	0	0	0	0	0	0	0	0	0	0	0	0	0	0	472	166	13436	0	0	0	0	0	0	0	660	0	230	0	226	0	0	0	708	0	0	0	0	0	0	0	0	0	0	0	0	0	0	0	0	0	0	0	0	0	0	0	0	0	0	0	
113332	Frontal_Sup_Orb_R	0	0	0	3480	0	0	0	664	0	2272	0	478	0	330	0	2950	0	0	0	2310	658	1730	176	3468	0	7146	144	6766	0	1224	138	3416	0	140	0	0	0	274	0	84	0	136	0	0	0	0	0	0	0	0	0	0	0	0	0	86	0	0	0	0	0	0	0	0	0	0	0	0	0	0	720	9130	286	8088	0	372	0	0	0	0	0	0	0	0	0	0	0	0	0	0	0	0	0	0	0	0	0	0	0	0	0	0	0	0	0	0	0	0	0	0	0	0	0	0	0	0	
413996	Frontal_Mid_L	18518	0	59660	222	3970	0	0	0	856	0	11026	588	26578	246	2514	0	1946	0	9524	170	0	0	16540	178	0	0	0	0	16474	610	7256	154	912	92	0	0	4702	0	212	0	0	0	0	0	0	0	0	568	0	0	0	0	0	0	228	0	682	0	0	0	0	0	288	0	0	0	0	0	298	0	2406	3594	8214	0	574	0	4534	1060	1054	0	270	0	124	0	0	0	0	0	156	0	0	0	0	0	0	0	0	0	0	0	0	0	0	0	0	0	0	0	0	0	0	0	0	0	0	0	
223600	Frontal_Mid_R	508	7738	480	26302	0	664	0	0	0	980	218	8100	330	11770	0	1772	0	2294	1896	3268	0	0	1500	5264	0	0	0	0	278	8382	288	4394	544	5850	410	496	548	3934	0	540	0	0	0	0	0	0	0	0	0	0	0	0	0	0	0	274	82	992	0	114	0	500	0	562	0	0	0	0	0	0	178	2572	0	3270	0	1444	328	2736	0	0	0	0	0	0	0	0	0	0	0	0	0	0	0	0	0	0	0	0	0	0	0	0	0	0	0	0	0	0	0	0	0	0	0	0	0	0	
72768	Frontal_Mid_Orb_L	0	0	1084	0	11528	0	856	0	0	0	0	0	1376	0	11280	0	0	0	170	0	0	0	822	0	498	0	1938	0	2246	0	674	0	0	0	0	0	0	0	0	0	0	0	0	0	0	0	0	0	0	0	0	0	0	0	0	0	0	0	0	0	0	0	0	0	0	0	0	0	0	0	154	0	3758	0	0	0	0	0	0	0	0	0	0	0	0	0	0	0	0	0	0	0	0	0	0	0	0	0	0	0	0	0	0	0	0	0	0	0	0	0	0	0	0	0	0	0	
16572	Frontal_Mid_Orb_R	0	0	0	0	0	2272	0	980	0	0	0	0	0	560	0	3588	0	0	0	108	0	0	0	0	0	0	0	0	0	346	0	0	0	0	0	0	0	0	0	0	0	0	0	0	0	0	0	0	0	0	0	0	0	0	0	0	0	0	0	0	0	0	0	0	0	0	0	0	0	0	0	136	0	296	0	0	0	0	0	0	0	0	0	0	0	0	0	0	0	0	0	0	0	0	0	0	0	0	0	0	0	0	0	0	0	0	0	0	0	0	0	0	0	0	0	0	
235296	Frontal_Inf_Oper_L	10830	0	18872	216	704	0	11026	218	0	0	0	1050	13800	1248	312	84	8056	0	14362	284	0	0	264	126	0	0	0	0	14954	1302	614	454	0	0	0	0	534	0	84	0	0	0	0	0	0	0	0	0	0	0	0	0	0	0	0	0	4026	0	0	0	0	0	0	0	0	0	0	0	0	0	2834	3134	1562	170	0	0	358	168	858	0	690	0	4454	0	0	0	0	0	0	0	0	0	0	0	0	0	0	0	0	0	0	0	0	0	0	0	0	0	0	0	0	0	0	0	0	0	
271672	Frontal_Inf_Oper_R	0	7382	5310	8828	0	478	588	8100	0	0	1050	0	1670	15774	0	2030	0	6870	7192	8370	0	0	672	2848	0	0	0	0	1512	18082	2078	4052	412	6844	0	0	0	478	0	224	0	0	0	0	0	0	0	0	0	0	0	0	0	0	0	154	0	4738	0	112	0	384	0	576	0	0	0	0	0	0	918	13418	0	2790	0	178	0	350	0	158	0	0	264	952	0	0	0	0	0	0	0	0	0	0	0	0	0	0	0	0	0	0	0	0	0	0	0	0	0	0	0	0	0	0	0	0	
267724	Frontal_Inf_Tri_L	1682	0	20002	276	4258	0	26578	330	1376	0	13800	1670	0	1774	5730	90	232	0	8102	438	0	0	3788	146	0	0	0	0	25354	1936	3046	614	376	88	0	0	0	0	0	0	0	0	0	0	0	0	0	0	0	0	0	0	0	0	0	0	0	0	0	0	0	0	0	0	0	0	0	0	0	0	3186	4226	1568	222	0	0	0	128	0	0	0	0	2748	0	0	0	0	0	98	0	0	0	0	0	0	0	0	0	0	0	0	0	0	0	0	0	0	0	0	0	0	0	0	0	0	0	
272132	Frontal_Inf_Tri_R	0	0	4298	8986	0	330	246	11770	0	560	1248	15774	1774	0	0	7708	0	182	6442	7154	0	0	436	4580	0	0	0	0	1656	23520	2734	9140	186	6648	0	0	0	0	0	0	0	0	0	0	0	0	0	0	0	0	0	0	0	0	0	0	0	0	0	0	0	0	0	0	0	0	0	0	0	0	2566	14162	804	2630	0	0	0	0	0	0	0	0	532	0	0	0	0	0	0	0	0	0	0	0	0	0	0	0	0	0	0	0	0	0	0	0	0	0	0	0	0	0	0	0	0	0	
109912	Frontal_Inf_Orb_L	0	0	2804	0	11140	0	2514	0	11280	0	312	0	5730	0	0	0	0	0	666	0	1756	0	1134	0	0	0	1224	0	8304	0	396	0	0	0	0	0	578	0	96	0	182	0	0	0	0	0	0	0	0	0	0	0	0	0	234	0	0	0	0	0	0	0	0	0	0	0	0	0	0	0	214	0	5780	0	0	0	0	0	0	0	0	0	612	0	0	0	0	0	0	0	0	0	0	0	0	0	0	0	0	0	0	0	0	0	0	0	0	0	0	0	0	0	0	0	0	0	
145064	Frontal_Inf_Orb_R	0	0	258	3480	0	2950	0	1772	0	3588	84	2030	90	7708	0	0	0	902	258	2476	0	1224	0	1002	0	0	0	1490	82	15270	372	1784	0	1058	0	0	0	1034	0	534	0	170	0	0	0	0	0	0	0	0	0	0	0	0	0	296	0	0	0	0	0	0	0	0	0	0	0	0	0	0	100	8168	0	8752	0	202	0	0	0	0	0	2114	0	3156	0	128	0	0	0	0	0	0	0	0	0	0	0	0	0	0	0	0	0	0	0	0	0	0	0	0	0	0	0	0	0	0	
194536	Rolandic_Oper_L	7354	0	10184	0	530	0	1946	0	0	0	8056	0	232	0	0	0	0	0	8476	0	0	0	0	0	0	0	0	0	14400	154	0	0	0	0	0	0	740	0	0	0	0	0	0	0	92	0	0	0	0	0	1672	0	2788	0	700	0	10744	0	766	0	986	0	3716	0	326	0	260	0	314	0	0	538	376	114	0	0	366	524	5872	0	6652	0	400	0	3910	0	0	0	4080	0	0	0	0	0	0	0	0	0	0	0	0	0	0	0	0	0	0	0	0	0	0	0	0	0	0	0	
150132	Rolandic_Oper_R	0	1998	1880	10310	0	0	0	2294	0	0	0	6870	0	182	0	902	0	0	1832	8342	0	0	94	0	0	0	0	0	0	16196	236	216	286	1708	0	0	0	678	0	260	0	0	0	0	0	0	0	0	0	0	0	0	0	0	0	110	0	2334	0	0	0	192	0	2088	0	0	0	0	0	120	0	3002	0	4170	0	400	0	1008	0	3238	0	2668	0	1106	0	346	0	0	0	0	0	0	0	0	0	0	0	0	0	0	0	0	0	0	0	0	0	0	0	0	0	0	0	0	0	0	
718236	Supp_Motor_Area_L	6952	504	79754	7110	4016	0	9524	1896	170	0	14362	7192	8102	6442	666	258	8476	1832	0	26190	0	0	11482	5006	0	0	0	0	20760	5308	6538	2910	10968	14516	534	102	3194	114	204	0	0	0	0	0	0	0	0	254	0	0	0	0	0	0	140	0	3452	0	0	0	0	0	516	0	0	0	552	0	7762	278	10260	25716	22202	646	5838	150	6202	5436	844	0	1608	0	1710	234	94	0	0	0	142	0	0	0	0	0	0	0	0	0	0	0	0	0	0	0	0	0	0	0	0	0	0	0	0	0	0	0	
780612	Supp_Motor_Area_R	3628	8602	3422	78920	0	2310	170	3268	0	108	284	8370	438	7154	0	2476	0	8342	26190	0	0	0	218	8826	0	388	0	206	532	12834	2622	10500	5520	49674	1140	4122	334	5888	0	1480	0	116	0	586	0	780	0	94	0	1560	0	752	0	264	0	2856	200	3732	0	566	0	846	0	658	0	604	278	4074	4008	18214	2342	31806	762	21382	524	3808	1524	23136	0	868	0	774	108	436	0	1320	0	0	0	3248	0	0	0	0	0	0	0	0	0	0	0	0	0	0	0	0	0	0	0	0	114	0	0	0	0	0	
83732	Olfactory_L	0	0	0	0	1260	658	0	0	0	0	0	0	0	0	1756	0	0	0	0	0	0	6762	0	0	134	0	2200	1914	3184	0	2514	1916	0	0	0	0	1172	0	1156	0	1102	0	0	0	0	0	0	0	0	0	0	0	0	0	452	0	0	0	0	0	0	0	0	0	0	0	0	0	0	0	6674	4410	2278	1738	0	0	0	0	0	0	84	0	502	0	0	0	0	0	0	0	0	0	0	0	0	0	0	0	0	0	0	0	0	0	0	0	0	0	0	0	0	0	0	0	0	0	
80688	Olfactory_R	0	0	0	0	0	1730	0	0	0	0	0	0	0	0	0	1224	0	0	0	0	6762	0	0	0	0	208	1922	3660	0	1754	2392	2256	0	0	0	0	0	182	0	170	0	612	0	0	0	0	0	0	0	0	0	0	0	0	0	0	0	0	0	0	0	0	0	0	0	0	0	0	0	0	6858	5710	2080	2824	0	0	0	0	0	0	0	0	0	0	0	0	0	0	0	0	0	0	0	0	0	0	0	0	0	0	0	0	0	0	0	0	0	0	0	0	0	0	0	0	0	0	
318420	Frontal_Sup_Medial_L	0	0	43270	6572	9126	176	16540	1500	822	0	264	672	3788	436	1134	0	0	94	11482	218	0	0	0	11644	810	476	0	0	7546	754	17626	9922	2618	5622	0	0	0	0	0	0	0	0	0	0	0	0	0	0	0	0	0	0	0	0	0	0	0	0	0	0	0	0	0	0	0	0	0	0	0	0	304	1174	4196	196	0	0	0	0	0	0	102	0	0	0	0	0	0	0	126	0	0	0	0	0	0	0	0	0	0	0	0	0	0	0	0	0	0	0	0	0	0	0	0	0	0	0	
269684	Frontal_Sup_Medial_R	0	0	1380	30568	0	3468	178	5264	0	0	126	2848	146	4580	0	1002	0	0	5006	8826	0	0	11644	0	136	4126	0	268	124	3018	2930	23690	820	16302	0	0	0	0	0	0	0	0	0	0	0	0	0	0	0	0	0	0	0	0	0	0	0	0	0	0	0	0	0	0	0	0	0	0	0	0	216	4878	80	2948	0	270	0	0	0	0	0	0	0	0	0	0	0	0	0	0	0	0	0	0	0	0	0	0	0	0	0	0	0	0	0	0	0	0	0	0	0	0	0	0	0	0	
14104	Frontal_Med_Orb_L	0	0	116	92	2198	0	0	0	498	0	0	0	0	0	0	0	0	0	0	0	134	0	810	136	0	162	834	0	0	0	1620	118	0	0	0	0	0	0	0	0	0	0	0	0	0	0	0	0	0	0	0	0	0	0	0	0	0	0	0	0	0	0	0	0	0	0	0	0	0	0	148	0	186	0	0	0	0	0	0	0	0	0	0	0	0	0	0	0	0	0	0	0	0	0	0	0	0	0	0	0	0	0	0	0	0	0	0	0	0	0	0	0	0	0	0	0	
63088	Frontal_Med_Orb_R	0	0	0	1950	0	7146	0	0	0	0	0	0	0	0	0	0	0	0	0	388	0	208	476	4126	162	0	0	3736	0	0	408	3346	0	0	0	0	0	0	0	0	0	0	0	0	0	0	0	0	0	0	0	0	0	0	0	0	0	0	0	0	0	0	0	0	0	0	0	0	0	0	82	4802	0	4548	0	166	0	0	0	0	0	0	0	0	0	0	0	0	0	0	0	0	0	0	0	0	0	0	0	0	0	0	0	0	0	0	0	0	0	0	0	0	0	0	0	0	
40160	Rectus_L	0	0	0	0	3838	144	0	0	1938	0	0	0	0	0	1224	0	0	0	0	0	2200	1922	0	0	834	0	0	818	400	0	1252	668	0	0	0	0	0	0	0	0	0	0	0	0	0	0	0	0	0	0	0	0	0	0	0	0	0	0	0	0	0	0	0	0	0	0	0	0	0	0	1898	850	1602	492	0	0	0	0	0	0	0	0	0	0	0	0	0	0	0	0	0	0	0	0	0	0	0	0	0	0	0	0	0	0	0	0	0	0	0	0	0	0	0	0	0	0	
63316	Rectus_R	0	0	0	138	0	6766	0	0	0	0	0	0	0	0	0	1490	0	0	0	206	1914	3660	0	268	0	3736	818	0	0	586	440	1460	0	0	0	0	0	0	0	0	0	150	0	0	0	0	0	0	0	0	0	0	0	0	0	0	0	0	0	0	0	0	0	0	0	0	0	0	0	0	1572	4438	734	3282	0	0	0	0	0	0	0	0	0	0	0	0	0	0	0	0	0	0	0	0	0	0	0	0	0	0	0	0	0	0	0	0	0	0	0	0	0	0	0	0	0	0	
581116	Insula_L	14134	0	35908	318	18000	0	16474	278	2246	0	14954	1512	25354	1656	8304	82	14400	0	20760	532	3184	0	7546	124	0	0	400	0	0	1850	5186	606	1072	0	322	552	10976	494	1772	84	1968	0	0	0	0	0	222	0	0	0	532	0	1768	0	4048	0	7164	0	258	0	344	0	1720	0	168	0	0	188	0	0	4132	4714	21102	300	0	0	2966	542	8328	0	6034	0	6784	0	2368	0	0	0	5076	0	122	0	0	0	174	0	120	0	336	0	0	0	0	0	0	0	0	0	0	0	0	0	0	0	0	0	
455652	Insula_R	278	3050	5346	17780	0	1224	610	8382	0	346	1302	18082	1936	23520	0	15270	154	16196	5308	12834	0	1754	754	3018	0	0	0	586	1850	0	2104	8090	456	3326	0	98	0	5782	0	1562	0	1512	0	0	0	0	0	0	0	0	0	0	0	0	0	1356	492	1618	0	118	0	452	252	970	0	0	0	0	0	164	2092	18220	600	21922	0	434	124	3528	0	3280	0	5670	354	1714	0	1210	0	0	0	746	0	0	0	0	0	0	0	0	0	0	0	0	0	0	0	0	0	0	0	0	0	0	0	0	0	0	
250184	Cingulum_Ant_L	86	0	17994	2840	4930	138	7256	288	674	0	614	2078	3046	2734	396	372	0	236	6538	2622	2514	2392	17626	2930	1620	408	1252	440	5186	2104	0	14638	3172	3786	0	0	0	0	0	0	0	0	0	0	0	0	0	0	0	0	0	0	0	0	0	0	0	0	0	0	0	0	0	0	0	0	0	0	0	0	3716	4102	4838	1526	0	0	0	0	0	0	0	0	0	0	0	0	0	0	0	0	0	0	0	0	0	0	0	0	0	0	0	0	0	0	0	0	0	0	0	0	0	0	0	0	0	0	
361476	Cingulum_Ant_R	0	0	1966	23910	0	3416	154	4394	0	0	454	4052	614	9140	0	1784	0	216	2910	10500	1916	2256	9922	23690	118	3346	668	1460	606	8090	14638	0	2096	19018	0	0	0	0	0	0	0	0	0	0	0	0	0	0	0	0	0	0	0	0	0	0	0	0	0	0	0	0	0	0	0	0	0	0	0	0	2778	16214	802	9022	0	418	0	0	0	0	0	0	170	0	0	0	0	0	0	0	0	0	0	0	0	0	0	0	0	0	0	0	0	0	0	0	0	0	0	0	0	0	0	0	0	0	
165948	Cingulum_Mid_L	808	0	3274	1668	710	0	912	544	0	0	0	412	376	186	0	0	0	286	10968	5520	0	0	2618	820	0	0	0	0	1072	456	3172	2096	0	11204	4060	570	0	0	0	0	0	0	340	310	1098	252	0	0	1582	898	2510	352	196	0	0	0	254	88	1122	120	184	0	0	0	0	160	7678	2322	6442	674	0	1282	656	0	0	0	0	340	0	0	0	0	0	0	1140	198	0	0	1044	0	0	0	0	0	0	0	0	0	0	0	0	0	0	0	0	0	0	0	0	0	0	0	0	0	0	0	
537620	Cingulum_Mid_R	2342	1734	1014	23088	0	140	92	5850	0	0	0	6844	88	6648	0	1058	0	1708	14516	49674	0	0	5622	16302	0	0	0	0	0	3326	3786	19018	11204	0	1964	6516	0	686	0	0	0	0	0	4088	170	5598	0	266	0	6268	0	1952	0	552	0	1016	0	6872	0	1226	0	388	0	0	0	840	2788	20990	3478	17920	1298	3198	0	644	0	0	266	436	0	0	0	214	0	0	0	2474	0	0	0	2034	0	0	0	0	0	0	0	0	0	0	0	0	0	0	0	0	0	0	0	0	614	0	0	0	0	0	
130428	Cingulum_Post_L	2884	0	0	604	0	0	0	410	0	0	0	0	0	0	0	0	0	0	534	1140	0	0	0	0	0	0	0	0	322	0	0	0	4060	1964	0	10624	6928	4120	2874	1260	0	0	2612	86	1290	318	1758	86	1146	0	1414	0	394	0	102	686	152	114	314	244	124	0	0	0	150	0	6686	2770	2212	570	0	0	0	0	0	0	1268	1200	660	0	0	0	0	0	492	0	0	0	286	0	0	0	0	0	0	0	0	0	0	0	0	0	0	0	0	0	0	0	0	0	356	0	0	0	0	0	
153648	Cingulum_Post_R	3328	480	0	1146	0	0	0	496	0	0	0	0	0	0	0	0	0	0	102	4122	0	0	0	0	0	0	0	0	552	98	0	0	570	6516	10624	0	4960	6610	822	1676	0	0	0	1166	0	1112	0	1334	0	532	0	776	0	798	0	2782	298	1224	0	88	0	106	0	0	0	94	1116	8964	440	3032	110	92	0	0	0	98	2538	2150	898	0	0	0	0	0	0	1718	0	0	146	2370	0	0	0	0	0	0	0	90	0	0	0	0	0	0	0	0	0	0	0	0	650	0	0	0	0	0	
280900	Hippocampus_L	9794	0	4980	774	0	0	4702	548	0	0	534	0	0	0	578	0	740	0	3194	334	1172	0	0	0	0	0	0	0	10976	0	0	0	0	0	6928	4960	0	4448	12142	1290	4756	0	1492	0	0	0	2136	1050	0	0	758	0	186	0	11528	652	986	0	0	0	0	0	256	0	422	0	2676	658	624	0	362	2616	11004	0	3506	96	4290	3850	3962	0	2204	0	1506	0	1512	0	0	0	7730	0	190	0	0	0	156	0	278	0	728	0	0	0	0	0	0	0	0	0	0	0	186	0	0	0	0	0	
329416	Hippocampus_R	3180	3712	96	11648	0	274	0	3934	0	0	0	478	0	0	0	1034	0	678	114	5888	0	182	0	0	0	0	0	0	494	5782	0	0	0	686	4120	6610	4448	0	612	29604	0	7584	0	230	0	0	0	2244	0	0	0	328	0	246	0	27646	374	564	0	86	0	306	0	316	0	0	0	2286	0	910	0	1870	0	14878	0	1508	2640	6046	752	202	0	232	0	882	0	998	0	254	112	6092	0	158	0	0	0	0	0	932	0	334	0	0	0	0	0	0	0	0	0	0	124	0	0	0	0	0	
89968	ParaHippocampal_L	640	0	254	0	0	0	212	0	0	0	84	0	0	0	96	0	0	0	204	0	1156	0	0	0	0	0	0	0	1772	0	0	0	0	0	2874	822	12142	612	0	326	1688	0	1038	0	0	0	2654	114	0	0	342	0	266	0	6932	98	0	0	0	0	0	0	0	0	0	0	2010	126	0	0	0	0	1662	0	0	0	490	0	0	0	152	0	702	0	118	0	368	0	992	0	444	0	0	0	92	0	1686	0	1726	0	0	0	0	0	0	0	0	0	0	0	90	0	0	0	0	0	
216836	ParaHippocampal_R	750	228	0	2730	0	84	0	540	0	0	0	224	0	0	0	534	0	260	0	1480	0	170	0	0	0	0	0	0	84	1562	0	0	0	0	1260	1676	1290	29604	326	0	0	5492	0	584	0	0	0	3966	0	0	0	0	0	0	0	23452	100	102	0	0	0	0	0	0	0	0	0	1984	0	0	0	948	0	8474	0	692	486	2206	140	0	0	0	0	1896	0	688	0	1844	0	2744	86	566	0	158	0	818	0	3772	0	2104	0	0	0	208	0	140	0	128	0	0	302	284	158	908	186	0	
27436	Amygdala_L	0	0	0	0	142	0	0	0	0	0	0	0	0	0	182	0	0	0	0	0	1102	0	0	0	0	0	0	0	1968	0	0	0	0	0	0	0	4756	0	1688	0	0	0	0	0	0	0	0	0	0	0	0	0	0	0	2314	0	0	0	0	0	0	0	0	0	0	0	0	0	0	0	0	0	314	0	0	0	0	0	0	0	0	0	1104	0	0	0	0	0	148	0	0	0	0	0	0	0	0	0	0	0	0	0	0	0	0	0	0	0	0	0	0	0	0	0	0	0	
50084	Amygdala_R	0	0	0	108	0	136	0	0	0	0	0	0	0	0	0	170	0	0	0	116	0	612	0	0	0	0	0	150	0	1512	0	0	0	0	0	0	0	7584	0	5492	0	0	0	0	0	0	0	0	0	0	0	0	0	0	0	4654	0	0	0	0	0	0	0	0	0	0	0	0	0	0	0	0	0	1298	0	0	0	0	0	0	0	0	0	2000	0	82	0	520	0	608	0	0	0	0	0	0	0	0	0	0	0	0	0	0	0	0	0	0	0	0	0	0	0	0	0	0	
230548	Calcarine_L	0	0	0	0	0	0	0	0	0	0	0	0	0	0	0	0	0	0	0	0	0	0	0	0	0	0	0	0	0	0	0	0	340	0	2612	0	1492	0	1038	0	0	0	0	7820	17656	5732	14802	2488	9482	1098	22140	446	4796	208	3086	754	0	0	154	232	464	0	0	0	364	0	13740	654	458	0	0	0	0	0	0	0	0	0	96	0	0	0	0	0	1740	0	0	0	188	0	148	0	0	0	0	0	0	122	674	116	0	0	0	0	0	0	0	0	0	0	134	0	0	0	0	0	
312600	Calcarine_R	0	552	0	0	0	0	0	0	0	0	0	0	0	0	0	0	0	0	0	586	0	0	0	0	0	0	0	0	0	0	0	0	310	4088	86	1166	0	230	0	584	0	0	7820	0	10070	29228	1110	14416	84	20250	0	15174	0	3588	0	6224	0	2204	0	2232	0	1366	0	0	0	1552	9604	18666	92	2874	0	0	0	0	0	0	0	0	0	0	0	0	0	0	0	1230	0	0	0	628	0	0	0	0	0	0	0	0	0	0	0	0	0	0	0	0	0	0	0	0	286	0	0	0	0	0	
255124	Cuneus_L	0	0	0	0	0	0	0	0	0	0	0	0	0	0	0	0	92	0	0	0	0	0	0	0	0	0	0	0	0	0	0	0	1098	170	1290	0	0	0	0	0	0	0	17656	10070	0	12570	2040	442	22678	6810	12922	1832	2420	0	502	112	0	0	2072	1910	756	0	0	0	574	0	24216	1618	1074	0	0	0	0	0	0	0	0	0	100	0	0	0	0	0	1982	0	0	0	312	0	0	0	0	0	0	0	0	0	244	0	0	0	0	0	0	0	0	0	0	0	0	0	0	0	0	0	
300420	Cuneus_R	0	482	0	0	0	0	0	0	0	0	0	0	0	0	0	0	0	0	0	780	0	0	0	0	0	0	0	0	0	0	0	0	252	5598	318	1112	0	0	0	0	0	0	5732	29228	12570	0	566	3640	192	26754	0	8580	0	612	0	684	0	4404	0	6292	0	424	0	0	0	464	14836	21334	216	3642	0	0	0	0	0	0	0	0	0	0	0	0	0	0	0	1030	0	0	0	358	0	0	0	0	0	0	0	0	0	0	0	0	0	0	0	0	0	0	0	0	110	0	0	0	0	0	
328876	Lingual_L	352	0	0	0	0	0	0	0	0	0	0	0	0	0	0	0	0	0	0	0	0	0	0	0	0	0	0	0	222	0	0	0	0	0	1758	0	2136	0	2654	0	0	0	14802	1110	2040	566	0	2876	3008	0	18696	0	11546	280	19902	2304	0	0	0	136	222	0	0	0	212	0	5046	196	0	0	0	0	116	0	0	0	802	0	0	0	0	0	0	0	1462	0	0	0	326	0	7454	1126	384	344	218	1002	13266	5264	18772	5460	208	0	756	262	314	324	0	0	92	1032	9334	4648	212	224	648	324	
233876	Lingual_R	442	244	604	222	0	0	568	0	0	0	0	0	0	0	0	0	0	0	254	94	0	0	0	0	0	0	0	0	0	0	0	0	0	266	86	1334	1050	2244	114	3966	0	0	2488	14416	442	3640	2876	0	0	3438	0	4086	154	4302	384	18804	0	326	0	0	0	0	0	0	0	0	352	6362	0	354	0	0	856	384	410	0	310	180	0	0	0	0	0	0	0	156	0	0	0	116	636	4690	0	796	0	172	2272	6372	2830	9032	0	0	0	228	292	196	0	0	0	0	5012	7178	548	158	202	0	
189692	Occipital_Sup_L	0	0	0	0	0	0	0	0	0	0	0	0	0	0	0	0	0	0	0	0	0	0	0	0	0	0	0	0	0	0	0	0	1582	0	1146	0	0	0	0	0	0	0	9482	84	22678	192	3008	0	0	0	23496	0	6090	0	1166	0	0	0	6356	116	2338	0	0	0	306	0	14726	724	354	0	0	0	0	0	0	0	0	0	0	0	0	0	0	0	632	0	0	0	154	0	0	0	0	0	0	0	0	0	216	0	0	0	0	0	0	0	0	0	0	0	0	0	0	0	0	0	
309172	Occipital_Sup_R	0	418	0	0	0	0	0	0	0	0	0	0	0	0	0	0	0	0	0	1560	0	0	0	0	0	0	0	0	0	0	0	0	898	6268	0	532	0	0	0	0	0	0	1098	20250	6810	26754	0	3438	0	0	0	20416	0	912	0	962	0	4004	0	16302	0	2878	0	90	0	9178	8264	15894	198	3938	0	0	0	0	0	0	0	0	0	0	0	0	0	0	0	2848	0	0	0	562	0	0	0	0	0	0	0	0	0	0	0	0	0	0	0	0	0	0	0	0	114	0	0	0	0	0	
482068	Occipital_Mid_L	772	0	0	0	0	0	0	0	0	0	0	0	0	0	0	0	1672	0	0	0	0	0	0	0	0	0	0	0	532	0	0	0	2510	0	1414	0	758	0	342	0	0	0	22140	0	12922	0	18696	0	23496	0	0	0	23316	0	10452	0	1594	0	15274	0	21186	0	2990	0	23272	0	13510	0	3776	0	0	0	0	0	0	0	0	0	1304	0	1270	0	0	0	27438	0	0	0	8104	0	98	0	0	0	0	0	194	126	1608	110	0	0	0	0	0	0	0	0	0	0	158	0	0	0	0	0	
238892	Occipital_Mid_R	0	378	0	104	0	0	0	0	0	0	0	0	0	0	0	0	0	0	0	752	0	0	0	0	0	0	0	0	0	0	0	0	352	1952	0	776	0	328	0	0	0	0	446	15174	1832	8580	0	4086	0	20416	0	0	0	8220	0	5198	0	652	0	2000	0	6744	0	0	0	19596	2282	5820	0	1038	0	0	0	0	0	0	0	0	0	0	0	154	0	0	0	11170	0	0	0	1208	0	0	0	0	0	0	0	0	0	0	0	0	0	0	0	0	0	0	0	0	188	0	0	0	0	0	
208472	Occipital_Inf_L	1528	0	0	0	0	0	0	0	0	0	0	0	0	0	0	0	2788	0	0	0	0	0	0	0	0	0	0	0	1768	0	0	0	196	0	394	0	186	0	266	0	0	0	4796	0	2420	0	11546	154	6090	0	23316	0	0	0	11804	222	756	0	1334	0	2942	0	194	0	1376	0	1650	0	1160	0	0	0	0	0	0	0	0	0	1924	0	1396	0	0	0	8006	0	0	0	7654	0	530	124	0	0	0	0	1612	484	4164	590	0	0	0	0	0	0	0	0	0	0	620	246	0	0	0	0	
90604	Occipital_Inf_R	0	128	0	0	0	0	0	0	0	0	0	0	0	0	0	0	0	0	0	264	0	0	0	0	0	0	0	0	0	0	0	0	0	552	0	798	0	246	0	0	0	0	208	3588	0	612	280	4302	0	912	0	8220	0	0	0	8846	0	158	0	0	0	372	0	0	0	978	122	2266	0	368	0	0	0	0	0	0	0	0	0	0	0	0	0	0	0	4330	0	0	0	2740	0	172	0	0	0	0	312	692	444	1230	0	0	0	0	0	0	0	0	0	0	1048	1022	92	0	0	0	
394584	Fusiform_L	1016	0	284	0	210	0	228	0	0	0	0	0	0	0	234	0	700	0	140	0	452	0	0	0	0	0	0	0	4048	0	0	0	0	0	102	0	11528	0	6932	0	2314	0	3086	0	502	0	19902	384	1166	0	10452	0	11804	0	0	612	808	0	622	0	748	0	0	0	260	0	832	0	0	0	0	0	1650	0	0	0	382	0	1678	0	3534	0	1114	0	2736	0	902	0	13356	0	23474	564	1570	198	282	392	15378	1636	36238	2176	1734	0	2190	94	778	134	138	0	0	336	2858	1992	102	112	198	0	
487760	Fusiform_R	448	998	0	2284	0	86	0	274	0	0	0	154	0	0	0	296	0	110	0	2856	0	0	0	0	0	0	0	0	0	1356	0	0	0	1016	686	2782	652	27646	98	23452	0	4654	754	6224	112	684	2304	18804	0	962	0	5198	222	8846	612	0	0	246	0	0	0	0	0	0	0	0	164	4210	0	1518	0	646	0	6258	0	444	302	2102	0	0	0	172	0	4822	0	2520	0	3930	0	19804	566	18490	0	2020	0	1988	2776	13030	2594	27324	0	392	0	882	284	166	0	0	0	438	6450	4102	422	114	134	0	
328484	Postcentral_L	24246	0	3776	212	0	0	682	82	0	0	4026	0	0	0	0	0	10744	0	3452	200	0	0	0	0	0	0	0	0	7164	492	0	0	254	0	152	298	986	374	0	100	0	0	0	0	0	0	0	0	0	0	1594	0	756	0	808	0	0	0	12922	0	26550	0	11710	0	7734	0	4198	102	5392	0	1348	3272	900	350	0	0	1104	3352	4914	0	4288	0	0	0	8412	0	0	0	7296	0	0	0	0	0	0	0	0	0	0	0	0	0	0	0	0	0	0	0	0	0	0	0	0	0	0	0	
284584	Postcentral_R	0	20594	0	4914	0	0	0	992	0	0	0	4738	0	0	0	0	0	2334	0	3732	0	0	0	0	0	0	0	0	0	1618	0	0	88	6872	114	1224	0	564	0	102	0	0	0	2204	0	4404	0	326	0	4004	0	652	0	158	0	246	0	0	0	14164	0	14500	0	9896	0	1908	260	14000	0	9880	0	0	0	1200	0	98	0	508	0	282	0	2106	0	0	0	7920	0	0	0	4944	0	0	0	0	0	0	0	0	0	0	0	0	0	0	0	0	0	0	0	0	746	0	0	0	0	0	
215584	Parietal_Sup_L	180	0	0	0	0	0	0	0	0	0	0	0	0	0	0	0	766	0	0	0	0	0	0	0	0	0	0	0	258	0	0	0	1122	0	314	0	0	0	0	0	0	0	154	0	2072	0	0	0	6356	0	15274	0	1334	0	622	0	12922	0	0	0	20720	0	1240	0	8686	0	17258	468	2150	0	0	0	0	0	0	0	0	0	304	0	858	0	0	0	8052	0	0	0	6682	0	0	0	0	0	0	0	0	0	0	0	0	0	0	0	0	0	0	0	0	0	0	0	0	0	0	0	
204632	Parietal_Sup_R	0	1266	0	278	0	0	0	114	0	0	0	112	0	0	0	0	0	0	0	566	0	0	0	0	0	0	0	0	0	118	0	0	120	1226	244	88	0	86	0	0	0	0	232	2232	1910	6292	136	0	116	16302	0	2000	0	0	0	0	0	14164	0	0	0	14108	0	1530	0	6146	4100	13134	0	2622	0	0	0	0	0	0	0	0	0	82	0	1404	0	0	0	7430	0	0	0	4158	0	0	0	0	0	0	0	0	0	0	0	0	0	0	0	0	0	0	0	0	0	0	0	0	0	0	
297188	Parietal_Inf_L	4474	0	0	0	0	0	0	0	0	0	0	0	0	0	0	0	986	0	0	0	0	0	0	0	0	0	0	0	344	0	0	0	184	0	124	0	0	0	0	0	0	0	464	0	756	0	222	0	2338	0	21186	0	2942	0	748	0	26550	0	20720	0	0	0	14220	0	26650	0	2102	0	2184	0	100	462	0	0	0	0	0	468	350	0	1774	0	0	0	12108	0	0	0	6138	0	0	0	0	0	0	0	0	0	0	0	0	0	0	0	0	0	0	0	0	0	0	0	0	0	0	0	
192156	Parietal_Inf_R	0	4584	0	1190	0	0	0	500	0	0	0	384	0	0	0	0	0	192	0	846	0	0	0	0	0	0	0	0	0	452	0	0	0	388	0	106	0	306	0	0	0	0	0	1366	0	424	0	0	0	2878	0	6744	0	372	0	0	0	14500	0	14108	0	0	0	13242	0	17594	0	1950	0	724	0	0	0	0	0	0	0	0	0	270	0	1766	0	0	0	7458	0	0	0	3616	0	0	0	0	0	0	0	0	0	0	0	0	0	0	0	0	0	0	0	0	118	0	0	0	0	0	
148164	SupraMarginal_L	1892	0	702	88	0	0	288	0	0	0	0	0	0	0	0	0	3716	0	516	0	0	0	0	0	0	0	0	0	1720	252	0	0	0	0	0	0	256	0	0	0	0	0	0	0	0	0	0	0	0	0	2990	0	194	0	0	0	11710	0	1240	0	14220	0	0	0	12234	0	0	0	98	0	0	1470	0	156	0	0	0	1470	518	0	8012	0	0	0	8870	0	0	0	1470	0	0	0	0	0	0	0	0	0	0	0	0	0	0	0	0	0	0	0	0	0	0	0	0	0	0	0	
118280	SupraMarginal_R	0	3928	0	1544	0	0	0	562	0	0	0	576	0	0	0	0	0	2088	0	658	0	0	0	0	0	0	0	0	0	970	0	0	0	0	0	0	0	316	0	0	0	0	0	0	0	0	0	0	0	90	0	0	0	0	0	0	0	9896	0	1530	0	13242	0	0	0	6264	0	788	0	406	0	0	0	84	0	0	0	0	0	704	0	8802	0	0	0	4512	0	0	0	2180	0	0	0	0	0	0	0	0	0	0	0	0	0	0	0	0	0	0	0	0	0	0	0	0	0	0	
215420	Angular_L	290	0	0	0	0	0	0	0	0	0	0	0	0	0	0	0	326	0	0	0	0	0	0	0	0	0	0	0	168	0	0	0	0	0	150	0	422	0	0	0	0	0	364	0	574	0	212	0	306	0	23272	0	1376	0	260	0	7734	0	8686	0	26650	0	12234	0	0	0	706	0	632	0	0	0	0	0	0	0	0	0	586	0	3410	0	0	0	15838	0	0	0	3514	0	0	0	0	0	0	0	0	0	0	0	0	0	0	0	0	0	0	0	0	0	0	0	0	0	0	0	
169860	Angular_R	0	1356	0	130	0	0	0	0	0	0	0	0	0	0	0	0	0	0	0	604	0	0	0	0	0	0	0	0	0	0	0	0	160	840	0	94	0	0	0	0	0	0	0	1552	0	464	0	0	0	9178	0	19596	0	978	0	0	0	1908	0	6146	0	17594	0	6264	0	0	310	3464	0	928	0	0	0	0	0	0	0	0	0	0	0	3316	0	0	0	9424	0	0	0	484	0	0	0	0	0	0	0	0	0	0	0	0	0	0	0	0	0	0	0	0	140	0	0	0	0	0	
386960	Precuneus_L	106	0	0	0	0	0	0	0	0	0	0	0	0	0	0	0	260	0	552	278	0	0	0	0	0	0	0	0	0	0	0	0	7678	2788	6686	1116	2676	0	2010	0	0	0	13740	9604	24216	14836	5046	352	14726	8264	13510	2282	1650	122	832	164	4198	260	17258	4100	2102	0	0	0	706	310	0	13744	5756	548	0	0	0	0	0	0	0	0	172	0	0	0	0	0	5900	644	0	0	4048	240	0	0	0	0	0	0	0	0	0	0	0	0	0	0	0	0	0	0	0	0	0	0	0	0	0	0	
430304	Precuneus_R	300	2746	0	96	0	0	0	0	0	0	0	0	0	0	0	0	0	0	0	4074	0	0	0	0	0	0	0	0	188	0	0	0	2322	20990	2770	8964	658	2286	126	1984	0	0	654	18666	1618	21334	196	6362	724	15894	0	5820	0	2266	0	4210	102	14000	468	13134	0	1950	0	788	0	3464	13744	0	720	17100	0	0	0	0	0	0	468	174	228	0	0	2194	0	0	0	11364	0	0	0	6490	0	0	0	0	0	0	0	176	0	0	0	0	0	0	0	0	0	0	0	0	3340	0	0	0	0	0	
152516	Paracentral_Lobule_L	11770	302	774	326	0	0	298	0	0	0	0	0	0	0	0	0	314	0	7762	4008	0	0	0	0	0	0	0	0	0	0	0	0	6442	3478	2212	440	624	0	0	0	0	0	458	92	1074	216	0	0	354	198	3776	0	1160	0	0	0	5392	0	2150	0	2184	0	98	0	632	0	5756	720	0	1316	564	1156	0	0	290	0	2594	636	148	0	0	0	0	0	3918	0	0	0	2626	0	0	0	0	0	0	0	0	0	0	0	0	0	0	0	0	0	0	0	0	0	0	0	0	0	0	0	
225020	Paracentral_Lobule_R	328	9496	0	688	0	0	0	0	0	0	0	0	0	0	0	0	0	120	278	18214	0	0	0	0	0	0	0	0	0	164	0	0	674	17920	570	3032	0	910	0	0	0	0	0	2874	0	3642	0	354	0	3938	0	1038	0	368	0	1518	0	9880	0	2622	0	724	0	406	0	928	548	17100	1316	0	192	0	0	0	0	0	98	0	0	142	0	1696	0	0	0	4860	0	0	0	4978	0	0	0	0	0	0	0	0	0	0	0	0	0	0	0	0	0	0	0	0	894	0	0	0	0	0	
240016	Caudate_L	5238	322	6554	768	472	720	2406	178	154	0	2834	918	3186	2566	214	100	0	0	10260	2342	6674	6858	304	216	148	82	1898	1572	4132	2092	3716	2778	0	1298	0	110	362	0	0	0	0	0	0	0	0	0	0	0	0	0	0	0	0	0	0	0	1348	0	0	0	100	0	0	0	0	0	0	0	564	192	0	18336	11292	1768	1484	0	8158	3554	0	0	0	0	1740	0	0	0	0	0	0	0	0	0	0	0	0	0	0	0	0	0	0	0	0	0	0	0	0	0	0	0	0	0	0	0	0	0	
702900	Caudate_R	3502	444	18664	26636	166	9130	3594	2572	0	136	3134	13418	4226	14162	0	8168	538	3002	25716	31806	4410	5710	1174	4878	0	4802	850	4438	4714	18220	4102	16214	1282	3198	0	92	2616	1870	0	948	0	0	0	0	0	0	0	0	0	0	0	0	0	0	0	646	3272	0	0	0	462	0	1470	0	0	0	0	0	1156	0	18336	0	5912	26006	5170	4646	3100	30608	0	0	94	0	1486	554	0	0	0	0	0	0	0	0	0	0	0	0	0	0	0	0	0	0	0	0	0	0	0	0	0	0	0	0	0	0	0	0	
357548	Putamen_L	7798	0	24446	456	13436	286	8214	0	3758	0	1562	0	1568	804	5780	0	376	0	22202	762	2278	2080	4196	80	186	0	1602	734	21102	600	4838	802	656	0	0	0	11004	0	1662	0	314	0	0	0	0	0	116	856	0	0	0	0	0	0	1650	0	900	0	0	0	0	0	0	0	0	0	0	0	0	0	11292	5912	0	634	7974	0	1414	2138	196	0	634	0	718	0	0	0	0	0	758	0	0	0	0	0	0	0	0	0	0	0	0	0	0	0	0	0	0	0	0	0	0	0	0	0	0	0	
409840	Putamen_R	252	1740	372	23872	0	8088	0	3270	0	296	170	2790	222	2630	0	8752	114	4170	646	21382	1738	2824	196	2948	0	4548	492	3282	300	21922	1526	9022	0	644	0	0	0	14878	0	8474	0	1298	0	0	0	0	0	384	0	0	0	0	0	0	0	6258	350	1200	0	0	0	0	156	84	0	0	0	0	0	0	1768	26006	634	0	0	7016	156	5072	0	466	0	368	0	420	0	230	0	0	0	1062	0	0	0	0	0	0	0	338	0	94	0	0	0	0	0	0	0	0	0	0	0	0	0	0	0	0	
71904	Pallidum_L	312	0	2812	324	0	0	574	0	0	0	0	0	0	0	0	0	0	0	5838	524	0	0	0	0	0	0	0	0	0	0	0	0	0	0	0	0	3506	0	0	0	0	0	0	0	0	0	0	410	0	0	0	0	0	0	0	0	0	0	0	0	0	0	0	0	0	0	0	0	290	0	1484	5170	7974	0	0	0	1694	5040	0	0	0	0	0	0	0	0	0	0	0	0	0	0	0	0	0	0	0	0	0	0	0	0	0	0	0	0	0	0	0	0	0	0	0	0	0	0	
61060	Pallidum_R	110	538	0	6716	0	372	0	1444	0	0	0	178	0	0	0	202	0	400	150	3808	0	0	0	270	0	166	0	0	0	434	0	418	0	0	0	98	96	1508	0	692	0	0	0	0	0	0	0	0	0	0	0	0	0	0	0	444	0	98	0	0	0	0	0	0	0	0	0	0	0	0	0	4646	0	7016	0	0	112	482	0	132	0	0	0	0	0	0	0	0	0	0	0	0	0	0	0	0	0	0	0	0	0	0	0	0	0	0	0	0	0	0	0	0	0	0	0	0	
158684	Thalamus_L	16414	770	1640	2142	0	0	4534	328	0	0	358	0	0	0	0	0	366	0	6202	1524	0	0	0	0	0	0	0	0	2966	124	0	0	0	266	1268	2538	4290	2640	490	486	0	0	0	0	0	0	802	310	0	0	0	0	0	0	382	302	1104	0	0	0	0	0	0	0	0	0	0	468	2594	98	8158	3100	1414	156	1694	112	0	6900	1052	0	188	0	0	0	132	0	0	0	836	0	0	0	0	0	194	0	0	0	0	0	0	0	0	0	0	0	0	0	0	0	0	0	0	0	0	0	
307836	Thalamus_R	4574	3214	1568	25916	0	0	1060	2736	0	0	168	350	128	0	0	0	524	1008	5436	23136	0	0	0	0	0	0	0	0	542	3528	0	0	340	436	1200	2150	3850	6046	0	2206	0	0	0	0	0	0	0	180	0	0	0	0	0	0	0	2102	3352	508	0	0	468	0	1470	0	0	0	0	174	636	0	3554	30608	2138	5072	5040	482	6900	0	136	114	98	232	0	0	0	152	0	0	0	386	0	0	0	0	0	0	0	0	0	0	0	0	0	0	0	0	0	0	0	0	0	0	0	0	0	0	
117188	Heschl_L	6738	0	1132	0	0	0	1054	0	0	0	858	0	0	0	0	0	5872	0	844	0	0	0	0	0	0	0	0	0	8328	0	0	0	0	0	660	898	3962	752	0	140	0	0	96	0	100	0	0	0	0	0	1304	0	1924	0	1678	0	4914	0	304	0	350	0	518	0	586	0	172	228	148	0	0	0	196	0	0	0	1052	136	0	0	4006	0	0	0	4706	0	0	0	4938	0	0	0	0	0	0	0	0	0	0	0	0	0	0	0	0	0	0	0	0	0	0	0	0	0	0	0	
36924	Heschl_R	0	170	0	1044	0	0	0	0	0	0	0	158	0	0	0	0	0	3238	0	868	0	0	0	0	0	0	0	0	0	3280	0	0	0	0	0	0	0	202	0	0	0	0	0	0	0	0	0	0	0	0	0	0	0	0	0	0	0	282	0	82	0	270	0	704	0	0	0	0	0	142	0	0	0	466	0	132	0	114	0	0	0	6024	0	0	0	696	0	0	0	590	0	0	0	0	0	0	0	0	0	0	0	0	0	0	0	0	0	0	0	0	0	0	0	0	0	0	
188880	Temporal_Sup_L	1236	0	2420	0	660	0	270	0	0	0	690	0	0	0	0	0	6652	0	1608	0	84	0	102	0	0	0	0	0	6034	0	0	0	0	0	0	0	2204	0	152	0	0	0	0	0	0	0	0	0	0	0	1270	0	1396	0	3534	0	4288	0	858	0	1774	0	8012	0	3410	0	0	0	0	0	0	94	634	0	0	0	188	98	4006	0	0	0	1402	0	23380	0	0	0	17742	0	0	0	0	0	0	0	0	0	242	0	0	0	0	0	0	0	0	0	0	0	0	0	0	0	0	0	
131268	Temporal_Sup_R	0	464	0	258	0	0	0	0	0	0	0	0	0	0	0	2114	0	2668	0	774	0	0	0	0	0	0	0	0	0	5670	0	0	0	214	0	0	0	232	0	0	0	0	0	0	0	0	0	0	0	0	0	154	0	0	0	172	0	2106	0	1404	0	1766	0	8802	0	3316	0	2194	0	1696	0	0	0	368	0	0	0	232	0	6024	0	0	0	3718	0	16674	0	878	0	3736	0	0	0	0	0	0	0	0	0	0	0	0	0	0	0	0	0	0	0	0	0	0	0	0	0	0	
75776	Temporal_Pole_Sup_L	0	0	1842	98	230	0	124	0	0	0	4454	264	2748	532	612	0	400	0	1710	108	502	0	0	0	0	0	0	0	6784	354	0	170	0	0	0	0	1506	0	702	0	1104	0	0	0	0	0	0	0	0	0	0	0	0	0	1114	0	0	0	0	0	0	0	0	0	0	0	0	0	0	0	1740	1486	718	0	0	0	0	0	0	0	1402	0	0	0	2680	0	2364	0	2140	0	0	0	0	0	0	0	0	0	0	0	0	0	0	0	0	0	0	0	0	0	0	0	0	0	0	0	
70224	Temporal_Pole_Sup_R	0	0	236	414	0	0	0	0	0	0	0	952	0	0	0	3156	0	1106	234	436	0	0	0	0	0	0	0	0	0	1714	0	0	0	0	0	0	0	882	0	1896	0	2000	0	0	0	0	0	0	0	0	0	0	0	0	0	4822	0	0	0	0	0	0	0	0	0	0	0	0	0	0	0	554	0	420	0	0	0	0	0	0	0	3718	0	0	0	2404	0	6080	0	4088	0	0	0	0	0	0	0	0	0	0	0	0	0	0	0	0	0	0	0	0	0	0	0	0	0	0	
394468	Temporal_Mid_L	1566	0	182	0	226	0	0	0	0	0	0	0	0	0	0	0	3910	0	94	0	0	0	0	0	0	0	0	0	2368	0	0	0	1140	0	492	0	1512	0	118	0	0	0	1740	0	1982	0	1462	0	632	0	27438	0	8006	0	2736	0	8412	0	8052	0	12108	0	8870	0	15838	0	5900	0	3918	0	0	0	0	0	0	0	132	0	4706	0	23380	0	2680	0	0	0	2080	0	45554	0	0	0	0	0	0	0	0	0	0	0	0	0	0	0	0	0	0	0	0	0	0	0	0	0	0	0	
284684	Temporal_Mid_R	0	1028	0	272	0	0	0	0	0	0	0	0	0	0	0	128	0	346	0	1320	0	0	0	0	0	0	0	0	0	1210	0	0	198	2474	0	1718	0	998	0	688	0	82	0	1230	0	1030	0	156	0	2848	0	11170	0	4330	0	2520	0	7920	0	7430	0	7458	0	4512	0	9424	644	11364	0	4860	0	0	0	230	0	0	0	152	0	696	0	16674	0	2404	0	0	0	2960	0	31728	0	0	0	0	0	0	0	0	0	0	0	0	0	0	0	0	0	0	0	0	140	0	0	0	0	0	
15076	Temporal_Pole_Mid_L	0	0	0	0	0	0	0	0	0	0	0	0	0	0	0	0	0	0	0	0	0	0	0	0	0	0	0	0	0	0	0	0	0	0	0	0	0	0	368	0	0	0	0	0	0	0	0	0	0	0	0	0	0	0	902	0	0	0	0	0	0	0	0	0	0	0	0	0	0	0	0	0	0	0	0	0	0	0	0	0	0	0	2364	0	2080	0	0	0	1824	0	0	0	0	0	0	0	0	0	0	0	0	0	0	0	0	0	0	0	0	0	0	0	0	0	0	0	
41344	Temporal_Pole_Mid_R	0	0	0	0	0	0	0	0	0	0	0	0	0	0	0	0	0	0	0	0	0	0	0	0	0	0	0	0	0	0	0	0	0	0	0	0	0	254	0	1844	0	520	0	0	0	0	0	0	0	0	0	0	0	0	0	3930	0	0	0	0	0	0	0	0	0	0	0	0	0	0	0	0	0	0	0	0	0	0	0	0	0	878	0	6080	0	2960	0	0	0	4206	0	0	0	0	0	0	0	0	0	0	0	0	0	0	0	0	0	0	0	0	0	0	0	0	0	0	
328520	Temporal_Inf_L	1326	0	600	0	708	0	156	0	0	0	0	0	98	0	0	0	4080	0	142	0	0	0	126	0	0	0	0	0	5076	0	0	0	1044	0	286	146	7730	112	992	0	148	0	188	0	312	0	326	0	154	0	8104	0	7654	0	13356	0	7296	0	6682	0	6138	0	1470	0	3514	0	4048	0	2626	0	0	0	758	0	0	0	836	0	4938	0	17742	0	2140	0	45554	0	1824	0	0	0	3116	0	576	0	0	0	160	0	1320	0	334	0	324	0	0	0	0	0	0	0	0	0	0	0	0	0	
252156	Temporal_Inf_R	0	2132	0	942	0	0	0	0	0	0	0	0	0	0	0	0	0	0	0	3248	0	0	0	0	0	0	0	0	0	746	0	0	0	2034	0	2370	0	6092	0	2744	0	608	0	628	0	358	0	116	0	562	0	1208	0	2740	0	19804	0	4944	0	4158	0	3616	0	2180	0	484	240	6490	0	4978	0	0	0	1062	0	0	0	386	0	590	0	3736	0	4088	0	31728	0	4206	0	0	0	3866	0	560	0	176	0	384	0	944	0	282	0	332	0	0	0	0	0	0	316	0	0	0	0	0	
425616	Cerebelum_Crus1_L	0	0	0	0	0	0	0	0	0	0	0	0	0	0	0	0	0	0	0	0	0	0	0	0	0	0	0	0	122	0	0	0	0	0	0	0	190	0	444	86	0	0	148	0	0	0	7454	636	0	0	98	0	530	0	23474	566	0	0	0	0	0	0	0	0	0	0	0	0	0	0	0	0	0	0	0	0	0	0	0	0	0	0	0	0	0	0	0	0	3116	0	0	1970	35606	4044	178	474	11232	1528	43746	3466	15578	1612	24502	4352	5176	1128	1018	418	0	284	3654	6352	5448	3182	996	0	
425532	Cerebelum_Crus1_R	0	0	0	0	0	0	0	0	0	0	0	0	0	0	0	0	0	0	0	0	0	0	0	0	0	0	0	0	0	0	0	0	0	0	0	0	0	158	0	566	0	0	0	0	0	0	1126	4690	0	0	0	0	124	172	564	18490	0	0	0	0	0	0	0	0	0	0	0	0	0	0	0	0	0	0	0	0	0	0	0	0	0	0	0	0	0	0	0	0	0	3866	1970	0	662	44152	344	3576	1904	9280	2960	50582	488	16168	944	25550	190	1064	0	264	96	1298	4408	9270	5898	1234	708	0	
276468	Cerebelum_Crus2_L	0	0	0	0	0	0	0	0	0	0	0	0	0	0	0	0	0	0	0	0	0	0	0	0	0	0	0	0	0	0	0	0	0	0	0	0	0	0	0	0	0	0	0	0	0	0	384	0	0	0	0	0	0	0	1570	0	0	0	0	0	0	0	0	0	0	0	0	0	0	0	0	0	0	0	0	0	0	0	0	0	0	0	0	0	0	0	0	0	576	0	35606	662	0	5130	0	0	874	0	5304	198	33336	2974	35132	3166	3360	286	734	86	0	0	172	442	4232	3766	244	0	
333968	Cerebelum_Crus2_R	0	0	0	0	0	0	0	0	0	0	0	0	0	0	0	0	0	0	0	0	0	0	0	0	0	0	0	0	0	0	0	0	0	0	0	0	0	0	0	158	0	0	0	0	0	0	344	796	0	0	0	0	0	0	198	2020	0	0	0	0	0	0	0	0	0	0	0	0	0	0	0	0	0	0	0	0	0	0	0	0	0	0	0	0	0	0	0	0	0	560	4044	44152	5130	0	0	744	360	1518	1488	15118	4152	26872	4820	33540	294	1140	0	596	0	234	730	2644	10436	4412	484	0	
36500	Cerebelum_3_L	0	0	0	0	0	0	0	0	0	0	0	0	0	0	0	0	0	0	0	0	0	0	0	0	0	0	0	0	174	0	0	0	0	0	0	0	156	0	92	0	0	0	0	0	0	0	218	0	0	0	0	0	0	0	282	0	0	0	0	0	0	0	0	0	0	0	0	0	0	0	0	0	0	0	0	0	194	0	0	0	0	0	0	0	0	0	0	0	0	0	178	344	0	0	0	506	5566	536	1774	614	0	0	148	116	1222	362	0	0	734	1156	1958	1002	0	0	680	238	
113668	Cerebelum_3_R	0	0	0	0	0	0	0	0	0	0	0	0	0	0	0	0	0	0	0	0	0	0	0	0	0	0	0	0	0	0	0	0	0	0	0	0	0	0	0	818	0	0	0	0	0	0	1002	172	0	0	0	0	0	0	392	1988	0	0	0	0	0	0	0	0	0	0	0	0	0	0	0	0	0	0	0	0	0	0	0	0	0	0	0	0	0	0	0	0	0	176	474	3576	0	744	506	0	2152	10326	2076	10016	0	320	174	1610	994	2670	126	360	552	4378	3018	2758	888	1974	2316	278	
320032	Cerebelum_4_5_L	0	0	0	0	0	0	0	0	0	0	0	0	0	0	0	0	0	0	0	0	0	0	0	0	0	0	0	0	120	0	0	0	0	0	0	0	278	0	1686	0	0	0	0	0	0	0	13266	2272	0	0	194	0	1612	312	15378	2776	0	0	0	0	0	0	0	0	0	0	0	0	0	0	0	0	0	0	0	0	0	0	0	0	0	0	0	0	0	0	0	0	160	0	11232	1904	874	360	5566	2152	0	8064	34294	7234	740	186	2610	656	6008	2070	1646	0	966	2778	18416	7570	550	970	3174	1942	
267180	Cerebelum_4_5_R	0	0	0	0	0	0	0	0	0	0	0	0	0	0	0	0	0	0	0	0	0	0	0	0	0	0	0	0	0	0	0	0	0	0	0	90	0	932	0	3772	0	0	122	0	0	0	5264	6372	0	0	126	0	484	692	1636	13030	0	0	0	0	0	0	0	0	0	0	0	176	0	0	0	0	0	338	0	0	0	0	0	0	0	0	0	0	0	0	0	0	0	384	1528	9280	0	1518	536	10326	8064	0	5524	29166	0	488	232	2314	478	1482	0	578	140	3254	15944	3742	1390	2544	1544	100	
486632	Cerebelum_6_L	0	0	0	0	0	0	0	0	0	0	0	0	0	0	0	0	0	0	0	0	0	0	0	0	0	0	0	0	336	0	0	0	0	0	0	0	728	0	1726	0	0	0	674	0	244	0	18772	2830	216	0	1608	0	4164	444	36238	2594	0	0	0	0	0	0	0	0	0	0	0	0	0	0	0	0	0	0	0	0	0	0	0	0	242	0	0	0	0	0	0	0	1320	0	43746	2960	5304	1488	1774	2076	34294	5524	0	8566	4008	242	7718	1454	5878	2964	1352	480	490	1708	13060	15728	2892	2054	4522	898	
485976	Cerebelum_6_R	0	0	0	0	0	0	0	0	0	0	0	0	0	0	0	0	0	0	0	0	0	0	0	0	0	0	0	0	0	0	0	0	0	0	0	0	0	334	0	2104	0	0	116	0	0	0	5460	9032	0	0	110	0	590	1230	2176	27324	0	0	0	0	0	0	0	0	0	0	0	0	0	0	0	0	0	94	0	0	0	0	0	0	0	0	0	0	0	0	0	0	0	944	3466	50582	198	15118	614	10016	7234	29166	8566	0	114	4814	590	10984	706	3154	198	1038	204	3264	14074	15492	6770	4098	3014	0	
226900	Cerebelum_7b_L	0	0	0	0	0	0	0	0	0	0	0	0	0	0	0	0	0	0	0	0	0	0	0	0	0	0	0	0	0	0	0	0	0	0	0	0	0	0	0	0	0	0	0	0	0	0	208	0	0	0	0	0	0	0	1734	0	0	0	0	0	0	0	0	0	0	0	0	0	0	0	0	0	0	0	0	0	0	0	0	0	0	0	0	0	0	0	0	0	334	0	15578	488	33336	4152	0	0	740	0	4008	114	0	2436	35096	3604	1464	344	638	102	0	0	0	278	3672	4874	250	0	
192928	Cerebelum_7b_R	0	0	0	0	0	0	0	0	0	0	0	0	0	0	0	0	0	0	0	0	0	0	0	0	0	0	0	0	0	0	0	0	0	0	0	0	0	0	0	0	0	0	0	0	0	0	0	0	0	0	0	0	0	0	0	392	0	0	0	0	0	0	0	0	0	0	0	0	0	0	0	0	0	0	0	0	0	0	0	0	0	0	0	0	0	0	0	0	0	282	1612	16168	2974	26872	0	320	186	488	242	4814	2436	0	2850	27480	140	2278	0	192	0	94	302	302	3016	2876	148	0	
348060	Cerebelum_8_L	0	0	0	0	0	0	0	0	0	0	0	0	0	0	0	0	0	0	0	0	0	0	0	0	0	0	0	0	0	0	0	0	0	0	0	0	0	0	0	0	0	0	0	0	0	0	756	0	0	0	0	0	0	0	2190	0	0	0	0	0	0	0	0	0	0	0	0	0	0	0	0	0	0	0	0	0	0	0	0	0	0	0	0	0	0	0	0	0	324	0	24502	944	35132	4820	148	174	2610	232	7718	590	35096	2850	0	8916	19638	3432	4006	222	0	0	436	1332	5450	9370	3142	0	
327968	Cerebelum_8_R	0	0	0	0	0	0	0	0	0	0	0	0	0	0	0	0	0	0	0	0	0	0	0	0	0	0	0	0	0	0	0	0	0	0	0	0	0	0	0	208	0	0	0	0	0	0	262	228	0	0	0	0	0	0	94	882	0	0	0	0	0	0	0	0	0	0	0	0	0	0	0	0	0	0	0	0	0	0	0	0	0	0	0	0	0	0	0	0	0	332	4352	25550	3166	33540	116	1610	656	2314	1454	10984	3604	27480	8916	0	2764	14038	408	724	0	392	976	1942	7214	7526	2252	0	
158840	Cerebelum_9_L	0	0	0	0	0	0	0	0	0	0	0	0	0	0	0	0	0	0	0	0	0	0	0	0	0	0	0	0	0	0	0	0	0	0	0	0	0	0	0	0	0	0	0	0	0	0	314	292	0	0	0	0	0	0	778	284	0	0	0	0	0	0	0	0	0	0	0	0	0	0	0	0	0	0	0	0	0	0	0	0	0	0	0	0	0	0	0	0	0	0	5176	190	3360	294	1222	994	6008	478	5878	706	1464	140	19638	2764	0	5104	5986	136	262	554	1912	4118	1430	3178	5374	1386	
149092	Cerebelum_9_R	0	0	0	0	0	0	0	0	0	0	0	0	0	0	0	0	0	0	0	0	0	0	0	0	0	0	0	0	0	0	0	0	0	0	0	0	0	0	0	140	0	0	0	0	0	0	324	196	0	0	0	0	0	0	134	166	0	0	0	0	0	0	0	0	0	0	0	0	0	0	0	0	0	0	0	0	0	0	0	0	0	0	0	0	0	0	0	0	0	0	1128	1064	286	1140	362	2670	2070	1482	2964	3154	344	2278	3432	14038	5104	0	680	2350	444	1018	1090	5890	3548	6374	9454	1222	
39780	Cerebelum_10_L	0	0	0	0	0	0	0	0	0	0	0	0	0	0	0	0	0	0	0	0	0	0	0	0	0	0	0	0	0	0	0	0	0	0	0	0	0	0	0	0	0	0	0	0	0	0	0	0	0	0	0	0	0	0	138	0	0	0	0	0	0	0	0	0	0	0	0	0	0	0	0	0	0	0	0	0	0	0	0	0	0	0	0	0	0	0	0	0	0	0	1018	0	734	0	0	126	1646	0	1352	198	638	0	4006	408	5986	680	0	0	0	0	0	512	676	940	832	0	
25168	Cerebelum_10_R	0	0	0	0	0	0	0	0	0	0	0	0	0	0	0	0	0	0	0	0	0	0	0	0	0	0	0	0	0	0	0	0	0	0	0	0	0	0	0	128	0	0	0	0	0	0	0	0	0	0	0	0	0	0	0	0	0	0	0	0	0	0	0	0	0	0	0	0	0	0	0	0	0	0	0	0	0	0	0	0	0	0	0	0	0	0	0	0	0	0	418	264	86	596	0	360	0	578	480	1038	102	192	222	724	136	2350	0	0	0	0	0	934	1324	1424	1228	0	
17284	Vermis_1_2	0	0	0	0	0	0	0	0	0	0	0	0	0	0	0	0	0	0	0	0	0	0	0	0	0	0	0	0	0	0	0	0	0	0	0	0	0	0	0	0	0	0	0	0	0	0	92	0	0	0	0	0	0	0	0	0	0	0	0	0	0	0	0	0	0	0	0	0	0	0	0	0	0	0	0	0	0	0	0	0	0	0	0	0	0	0	0	0	0	0	0	96	0	0	734	552	966	140	490	204	0	0	0	0	262	444	0	0	0	2144	1322	478	0	172	398	148	
63264	Vermis_3	0	0	0	0	0	0	0	0	0	0	0	0	0	0	0	0	0	0	0	0	0	0	0	0	0	0	0	0	0	0	0	0	0	0	0	0	0	0	0	0	0	0	0	0	0	0	1032	0	0	0	0	0	0	0	336	438	0	0	0	0	0	0	0	0	0	0	0	0	0	0	0	0	0	0	0	0	0	0	0	0	0	0	0	0	0	0	0	0	0	0	284	1298	0	234	1156	4378	2778	3254	1708	3264	0	94	0	392	554	1018	0	0	2144	0	4686	1202	0	184	1040	158	
265112	Vermis_4_5	0	410	0	0	0	0	0	0	0	0	0	0	0	0	0	0	0	0	0	114	0	0	0	0	0	0	0	0	0	0	0	0	0	614	356	650	186	124	90	302	0	0	134	286	0	110	9334	5012	0	114	158	188	620	1048	2858	6450	0	746	0	0	0	118	0	0	0	140	0	3340	0	894	0	0	0	0	0	0	0	0	0	0	0	0	0	0	0	140	0	0	0	316	3654	4408	172	730	1958	3018	18416	15944	13060	14074	0	302	436	976	1912	1090	0	0	1322	4686	0	7610	0	128	1766	2042	
