data	data	434552	251756	879624	707084	126712	77804	359476	233000	61428	30288	199216	135668	234068	195296	139084	102664	168576	116596	795516	738944	107632	104808	272608	289336	31344	103660	69564	65988	403364	382876	265296	486856	147808	373756	140256	228504	164344	282172	41552	207048	18788	50568	326812	425240	200068	311952	274016	301296	213112	255020	548652	287992	191660	76752	295140	402076	166588	214752	134460	89064	219856	56676	142984	91672	126804	100936	308496	473696	158220	223712	320364	358936	277576	220140	67764	18656	155684	224924	45504	50816	137996	164388	44600	61508	242856	218160	17124	39124	223200	194300	418392	423536	324608	286684	41384	63252	278028	275584	498248	459280	234312	94644	421360	311360	175756	178708	24928	25528	21780	50452	283668	315336	155868	126600	97484	40464	
data	data	Precentral_L	Precentral_R	Frontal_Sup_L	Frontal_Sup_R	Frontal_Sup_Orb_L	Frontal_Sup_Orb_R	Frontal_Mid_L	Frontal_Mid_R	Frontal_Mid_Orb_L	Frontal_Mid_Orb_R	Frontal_Inf_Oper_L	Frontal_Inf_Oper_R	Frontal_Inf_Tri_L	Frontal_Inf_Tri_R	Frontal_Inf_Orb_L	Frontal_Inf_Orb_R	Rolandic_Oper_L	Rolandic_Oper_R	Supp_Motor_Area_L	Supp_Motor_Area_R	Olfactory_L	Olfactory_R	Frontal_Sup_Medial_L	Frontal_Sup_Medial_R	Frontal_Med_Orb_L	Frontal_Med_Orb_R	Rectus_L	Rectus_R	Insula_L	Insula_R	Cingulum_Ant_L	Cingulum_Ant_R	Cingulum_Mid_L	Cingulum_Mid_R	Cingulum_Post_L	Cingulum_Post_R	Hippocampus_L	Hippocampus_R	ParaHippocampal_L	ParaHippocampal_R	Amygdala_L	Amygdala_R	Calcarine_L	Calcarine_R	Cuneus_L	Cuneus_R	Lingual_L	Lingual_R	Occipital_Sup_L	Occipital_Sup_R	Occipital_Mid_L	Occipital_Mid_R	Occipital_Inf_L	Occipital_Inf_R	Fusiform_L	Fusiform_R	Postcentral_L	Postcentral_R	Parietal_Sup_L	Parietal_Sup_R	Parietal_Inf_L	Parietal_Inf_R	SupraMarginal_L	SupraMarginal_R	Angular_L	Angular_R	Precuneus_L	Precuneus_R	Paracentral_Lobule_L	Paracentral_Lobule_R	Caudate_L	Caudate_R	Putamen_L	Putamen_R	Pallidum_L	Pallidum_R	Thalamus_L	Thalamus_R	Heschl_L	Heschl_R	Temporal_Sup_L	Temporal_Sup_R	Temporal_Pole_Sup_L	Temporal_Pole_Sup_R	Temporal_Mid_L	Temporal_Mid_R	Temporal_Pole_Mid_L	Temporal_Pole_Mid_R	Temporal_Inf_L	Temporal_Inf_R	Cerebelum_Crus1_L	Cerebelum_Crus1_R	Cerebelum_Crus2_L	Cerebelum_Crus2_R	Cerebelum_3_L	Cerebelum_3_R	Cerebelum_4_5_L	Cerebelum_4_5_R	Cerebelum_6_L	Cerebelum_6_R	Cerebelum_7b_L	Cerebelum_7b_R	Cerebelum_8_L	Cerebelum_8_R	Cerebelum_9_L	Cerebelum_9_R	Cerebelum_10_L	Cerebelum_10_R	Vermis_1_2	Vermis_3	Vermis_4_5	Vermis_6	Vermis_7	Vermis_8	Vermis_9	Vermis_10	
434552	Precentral_L	0	2448	29570	8244	0	0	20640	1350	0	0	6842	216	1210	0	0	0	4824	408	28658	9780	0	0	138	0	0	0	0	0	4378	498	1786	928	1252	790	3354	1306	2398	990	0	0	0	0	1600	0	492	0	126	0	0	0	3368	0	322	0	420	0	20362	296	256	0	4080	0	1494	170	174	0	1282	0	16986	0	3804	3206	6544	286	1858	0	13392	2660	412	0	580	0	0	0	376	0	0	0	722	0	0	0	0	0	0	0	0	0	0	0	0	0	0	0	0	0	0	0	0	0	0	0	0	0	0	0	
251756	Precentral_R	2448	0	3952	7022	0	0	654	8700	0	0	0	6862	0	1516	0	0	106	2740	3608	9068	0	0	0	0	0	0	0	0	132	1854	678	604	0	1480	310	2158	254	948	0	188	0	0	0	7362	0	1126	0	1746	0	864	0	2612	0	0	0	454	582	16620	0	310	308	438	0	866	0	500	0	7734	220	12968	2118	1440	780	1180	1442	250	236	2412	0	154	0	706	0	0	0	4518	0	0	0	650	0	0	0	0	0	0	0	0	0	0	0	0	0	0	0	0	0	0	0	0	0	0	0	0	0	0	
879624	Frontal_Sup_L	29570	3952	0	16560	9098	0	48440	2228	1782	0	13946	1702	17410	654	7822	0	11240	2802	100632	23160	0	0	28124	176	812	0	0	0	20034	3172	10486	3404	3298	3510	0	152	1598	1124	0	490	0	0	0	0	0	0	0	0	0	0	118	0	0	0	0	262	8494	1876	0	0	196	0	808	184	0	0	0	102	3474	0	10898	3556	19502	2950	9152	544	5480	1860	654	320	1584	148	272	0	0	0	0	0	0	0	0	0	0	0	0	0	0	0	0	0	0	0	0	0	0	0	0	0	0	0	0	0	0	0	0	0	
707084	Frontal_Sup_R	8244	7022	16560	0	0	3280	1556	28578	0	902	0	1498	0	9318	0	4930	0	2936	24118	62178	0	136	9176	38622	258	4822	0	204	158	11456	2646	28584	1164	15324	1268	2236	792	2382	0	340	0	0	0	162	0	290	0	0	0	316	0	330	0	0	0	0	272	1454	0	150	0	0	0	0	0	0	190	784	1948	140	3632	20212	824	7810	446	718	1536	21530	0	0	0	110	0	0	0	0	0	0	0	0	0	0	0	0	0	0	0	0	0	0	0	0	0	0	0	0	0	0	0	0	0	0	0	0	0	0	
126712	Frontal_Sup_Orb_L	0	0	9098	0	0	0	1612	0	7450	0	0	0	2746	0	12400	0	0	0	0	0	2404	432	4990	0	2884	0	4348	0	8444	0	3436	0	0	0	0	0	0	0	0	0	128	0	0	0	0	0	0	0	0	0	0	0	0	0	0	0	0	0	0	0	0	0	0	0	0	0	0	0	0	0	910	352	1722	0	0	0	0	0	0	0	0	0	0	0	0	0	0	0	0	0	0	0	0	0	0	0	0	0	0	0	0	0	0	0	0	0	0	0	0	0	0	0	0	0	0	0	
77804	Frontal_Sup_Orb_R	0	0	0	3280	0	0	0	310	0	1874	0	0	0	128	0	2266	0	0	0	0	404	1730	724	3712	812	9234	264	6836	0	524	1304	2200	0	0	0	0	0	0	0	0	0	0	0	0	0	0	0	0	0	0	0	0	0	0	0	0	0	0	0	0	0	0	0	0	0	0	0	0	0	0	364	1220	0	1716	0	0	0	0	0	0	0	0	0	0	0	0	0	0	0	0	0	0	0	0	0	0	0	0	0	0	0	0	0	0	0	0	0	0	0	0	0	0	0	0	0	0	
359476	Frontal_Mid_L	20640	654	48440	1556	1612	0	0	960	2556	0	16154	0	25902	0	5582	0	1806	0	10258	1396	0	0	12482	0	0	0	0	0	12516	0	3644	1236	0	0	0	0	420	0	0	0	0	0	0	0	0	0	0	0	0	0	0	0	0	0	0	0	1030	0	0	0	122	0	0	0	0	0	0	0	136	0	2106	1156	3984	0	760	0	2504	0	126	0	0	0	0	0	0	0	0	0	0	0	0	0	0	0	0	0	0	0	0	0	0	0	0	0	0	0	0	0	0	0	0	0	0	0	0	0	
233000	Frontal_Mid_R	1350	8700	2228	28578	0	310	960	0	0	1098	108	3664	0	17716	0	3138	194	628	2886	7372	0	0	2076	8846	0	0	0	0	262	4530	1422	9132	226	4688	0	0	0	142	0	0	0	0	0	0	0	0	0	0	0	0	0	0	0	0	0	0	360	234	0	0	158	0	0	0	0	0	0	0	0	0	2228	538	574	790	1092	150	0	122	0	0	0	0	0	0	0	0	0	0	0	0	0	0	0	0	0	0	0	0	0	0	0	0	0	0	0	0	0	0	0	0	0	0	0	0	0	0	
61428	Frontal_Mid_Orb_L	0	0	1782	0	7450	0	2556	0	0	0	0	0	2524	0	11582	0	0	0	0	0	0	0	294	0	266	0	1570	0	2396	0	294	0	0	0	0	0	0	0	0	0	0	0	0	0	0	0	0	0	0	0	0	0	0	0	0	0	0	0	0	0	0	0	0	0	0	0	0	0	0	0	0	0	0	0	0	0	0	0	0	0	0	0	0	0	0	0	0	0	0	0	0	0	0	0	0	0	0	0	0	0	0	0	0	0	0	0	0	0	0	0	0	0	0	0	0	0	
30288	Frontal_Mid_Orb_R	0	0	0	902	0	1874	0	1098	0	0	0	0	0	586	0	7664	0	0	0	0	0	150	0	402	0	164	0	606	0	936	0	274	0	0	0	0	0	0	0	0	0	0	0	0	0	0	0	0	0	0	0	0	0	0	0	0	0	0	0	0	0	0	0	0	0	0	0	0	0	0	0	172	0	316	0	0	0	0	0	0	0	0	0	0	0	0	0	0	0	0	0	0	0	0	0	0	0	0	0	0	0	0	0	0	0	0	0	0	0	0	0	0	0	0	0	0	
199216	Frontal_Inf_Oper_L	6842	0	13946	0	0	0	16154	108	0	0	0	622	13582	204	148	0	8292	0	7024	0	0	0	4134	0	0	0	0	0	17530	728	5862	358	0	0	0	0	0	0	0	0	0	0	0	0	0	0	0	0	0	0	0	0	0	0	0	0	392	0	0	0	0	0	0	0	0	0	0	0	0	0	470	0	1562	118	0	0	0	0	0	0	196	0	1336	0	0	0	0	0	0	0	0	0	0	0	0	0	0	0	0	0	0	0	0	0	0	0	0	0	0	0	0	0	0	0	0	0	
135668	Frontal_Inf_Oper_R	216	6862	1702	1498	0	0	0	3664	0	0	622	0	0	8780	0	196	148	3218	2528	2072	0	0	0	152	0	0	0	0	622	13326	410	6388	0	918	0	0	0	162	0	0	0	0	0	0	0	0	0	0	0	0	0	0	0	0	0	0	0	1250	0	0	0	0	0	0	0	0	0	0	0	0	5388	3932	2602	610	0	0	0	158	0	0	0	0	0	410	0	0	0	0	0	0	0	0	0	0	0	0	0	0	0	0	0	0	0	0	0	0	0	0	0	0	0	0	0	0	0	0	
234068	Frontal_Inf_Tri_L	1210	0	17410	0	2746	0	25902	0	2524	0	13582	0	0	0	11554	0	246	0	3936	0	0	0	5080	0	0	0	0	0	27112	0	5040	0	0	0	0	0	0	0	0	0	0	0	0	0	0	0	0	0	0	0	0	0	0	0	0	0	0	0	0	0	0	0	0	0	0	0	0	0	0	0	0	0	558	0	0	0	0	0	0	0	0	0	134	0	0	0	0	0	0	0	0	0	0	0	0	0	0	0	0	0	0	0	0	0	0	0	0	0	0	0	0	0	0	0	0	0	
195296	Frontal_Inf_Tri_R	0	1516	654	9318	0	128	0	17716	0	586	204	8780	0	0	0	9236	120	736	1806	2934	0	0	974	5786	0	0	0	0	208	15246	206	13904	146	3242	0	0	0	0	0	0	0	0	0	0	0	0	0	0	0	0	0	0	0	0	0	0	0	0	0	0	0	0	0	0	0	0	0	0	0	0	1506	1398	1004	188	0	0	0	0	0	0	0	0	0	106	0	0	0	0	0	0	0	0	0	0	0	0	0	0	0	0	0	0	0	0	0	0	0	0	0	0	0	0	0	0	0	0	
139084	Frontal_Inf_Orb_L	0	0	7822	0	12400	0	5582	0	11582	0	148	0	11554	0	0	0	0	0	0	0	2076	294	1604	0	0	0	1456	0	12046	0	1058	0	0	0	0	0	0	0	0	0	128	0	0	0	0	0	0	0	0	0	0	0	0	0	0	0	0	0	0	0	0	0	0	0	0	0	0	0	0	0	720	256	212	0	0	0	0	0	0	0	0	0	604	0	0	0	0	0	0	0	0	0	0	0	0	0	0	0	0	0	0	0	0	0	0	0	0	0	0	0	0	0	0	0	0	0	
102664	Frontal_Inf_Orb_R	0	0	0	4930	0	2266	0	3138	0	7664	0	196	0	9236	0	0	0	0	0	430	0	642	280	3832	0	500	0	940	0	9594	0	4566	0	772	0	0	0	0	0	0	0	0	0	0	0	0	0	0	0	0	0	0	0	0	0	0	0	0	0	0	0	0	0	0	0	0	0	0	0	0	156	882	0	1308	0	0	0	0	0	0	0	0	0	0	0	0	0	0	0	0	0	0	0	0	0	0	0	0	0	0	0	0	0	0	0	0	0	0	0	0	0	0	0	0	0	0	
168576	Rolandic_Oper_L	4824	106	11240	0	0	0	1806	194	0	0	8292	148	246	120	0	0	0	0	10184	0	0	0	0	0	0	0	0	0	21580	0	380	216	0	0	0	0	2768	0	0	0	0	0	120	0	0	0	0	0	0	0	168	0	0	0	124	0	4402	0	0	0	670	0	2098	0	122	0	126	0	0	0	974	0	2870	0	0	0	0	0	3214	0	4950	0	1256	0	534	0	0	0	556	0	0	0	0	0	0	0	0	0	0	0	0	0	0	0	0	0	0	0	0	0	0	0	0	0	0	0	
116596	Rolandic_Oper_R	408	2740	2802	2936	0	0	0	628	0	0	0	3218	0	736	0	0	0	0	3090	2442	0	0	0	0	0	0	0	0	0	13128	230	312	0	0	212	282	212	1346	0	108	0	0	0	0	0	0	0	0	0	0	0	0	0	0	0	134	0	2428	0	0	0	0	0	2588	0	0	0	0	0	0	1700	578	436	2714	0	150	0	1752	0	4262	0	4862	0	1066	0	456	0	0	0	342	0	0	0	0	0	0	0	0	0	0	0	0	0	0	0	0	0	0	0	0	0	0	0	0	0	0	
795516	Supp_Motor_Area_L	28658	3608	100632	24118	0	0	10258	2886	0	0	7024	2528	3936	1806	0	0	10184	3090	0	51892	0	0	3582	2450	0	0	0	0	11208	4774	7916	8640	7694	18738	1338	1104	1604	1256	0	522	0	0	0	154	0	0	0	180	0	0	146	0	0	0	0	266	6936	1940	0	0	276	0	804	182	0	0	0	734	13290	226	13194	3764	16120	3192	5238	564	4318	1932	606	322	1422	148	244	0	0	0	0	0	0	0	0	0	0	0	0	0	0	0	0	0	0	0	0	0	0	0	0	0	0	0	114	0	0	0	0	0	
738944	Supp_Motor_Area_R	9780	9068	23160	62178	0	0	1396	7372	0	0	0	2072	0	2934	0	430	0	2442	51892	0	0	0	1578	7864	0	0	0	0	106	9428	1302	16002	5036	36582	1472	12626	204	1526	0	408	0	0	0	5644	0	1106	0	1380	0	854	0	2230	0	0	0	678	138	2582	0	164	0	248	0	704	0	272	230	7154	7260	17924	4320	21770	640	8036	0	598	2504	11130	0	188	0	510	0	0	0	3182	0	0	0	942	0	0	0	0	0	0	0	0	0	0	0	0	0	0	0	0	0	0	0	0	226	0	0	0	0	0	
107632	Olfactory_L	0	0	0	0	2404	404	0	0	0	0	0	0	0	0	2076	0	0	0	0	0	0	8442	0	0	332	906	6026	1976	2540	0	4348	4750	0	0	0	0	0	0	0	0	280	0	0	0	0	0	0	0	0	0	0	0	0	0	0	0	0	0	0	0	0	0	0	0	0	0	0	0	0	0	9220	6024	3150	364	0	0	0	0	0	0	0	0	574	0	0	0	0	0	0	0	0	0	0	0	0	0	0	0	0	0	0	0	0	0	0	0	0	0	0	0	0	0	0	0	0	0	
104808	Olfactory_R	0	0	0	136	432	1730	0	0	0	150	0	0	0	0	294	642	0	0	0	0	8442	0	0	302	124	1670	4198	4264	130	1466	3084	4270	0	0	0	0	0	370	0	272	0	626	0	0	0	0	0	0	0	0	0	0	0	0	0	0	0	0	0	0	0	0	0	0	0	0	0	0	0	0	8500	6644	3324	1334	0	0	0	0	0	0	0	0	0	0	0	0	0	0	0	0	0	0	0	0	0	0	0	0	0	0	0	0	0	0	0	0	0	0	0	0	0	0	0	0	0	0	
272608	Frontal_Sup_Medial_L	138	0	28124	9176	4990	724	12482	2076	294	0	4134	0	5080	974	1604	280	0	0	3582	1578	0	0	0	15094	1794	2084	0	0	3202	338	13992	9824	4232	10194	0	0	0	0	0	0	0	0	0	0	0	0	0	0	0	0	0	0	0	0	0	0	0	0	0	0	0	0	0	0	0	0	0	0	0	0	0	0	160	154	0	0	0	0	0	0	0	0	0	0	0	0	0	0	0	0	0	0	0	0	0	0	0	0	0	0	0	0	0	0	0	0	0	0	0	0	0	0	0	0	0	0	
289336	Frontal_Sup_Medial_R	0	0	176	38622	0	3712	0	8846	0	402	0	152	0	5786	0	3832	0	0	2450	7864	0	302	15094	0	546	7476	0	424	0	3340	3528	22160	472	15112	0	0	0	0	0	0	0	0	0	0	0	0	0	0	0	0	0	0	0	0	0	0	0	0	0	0	0	0	0	0	0	0	0	0	0	0	0	1626	0	2746	0	0	0	0	0	0	0	0	0	0	0	0	0	0	0	0	0	0	0	0	0	0	0	0	0	0	0	0	0	0	0	0	0	0	0	0	0	0	0	0	0	0	
31344	Frontal_Med_Orb_L	0	0	812	258	2884	812	0	0	266	0	0	0	0	0	0	0	0	0	0	0	332	124	1794	546	0	2408	888	302	0	0	3410	558	0	0	0	0	0	0	0	0	0	0	0	0	0	0	0	0	0	0	0	0	0	0	0	0	0	0	0	0	0	0	0	0	0	0	0	0	0	0	0	0	278	0	0	0	0	0	0	0	0	0	0	0	0	0	0	0	0	0	0	0	0	0	0	0	0	0	0	0	0	0	0	0	0	0	0	0	0	0	0	0	0	0	0	0	
103660	Frontal_Med_Orb_R	0	0	0	4822	0	9234	0	0	0	164	0	0	0	0	0	500	0	0	0	0	906	1670	2084	7476	2408	0	818	6338	0	384	4512	6700	0	0	0	0	0	0	0	0	0	0	0	0	0	0	0	0	0	0	0	0	0	0	0	0	0	0	0	0	0	0	0	0	0	0	0	0	0	0	348	1664	0	1802	0	0	0	0	0	0	0	0	0	0	0	0	0	0	0	0	0	0	0	0	0	0	0	0	0	0	0	0	0	0	0	0	0	0	0	0	0	0	0	0	0	0	
69564	Rectus_L	0	0	0	0	4348	264	0	0	1570	0	0	0	0	0	1456	0	0	0	0	0	6026	4198	0	0	888	818	0	1350	1028	0	3142	2788	0	0	0	0	0	0	0	0	0	0	0	0	0	0	0	0	0	0	0	0	0	0	0	0	0	0	0	0	0	0	0	0	0	0	0	0	0	0	3900	2362	644	0	0	0	0	0	0	0	0	0	0	0	0	0	0	0	0	0	0	0	0	0	0	0	0	0	0	0	0	0	0	0	0	0	0	0	0	0	0	0	0	0	0	0	
65988	Rectus_R	0	0	0	204	0	6836	0	0	0	606	0	0	0	0	0	940	0	0	0	0	1976	4264	0	424	302	6338	1350	0	0	340	750	3356	0	0	0	0	0	0	0	0	0	0	0	0	0	0	0	0	0	0	0	0	0	0	0	0	0	0	0	0	0	0	0	0	0	0	0	0	0	0	1566	2152	406	1184	0	0	0	0	0	0	0	0	0	0	0	0	0	0	0	0	0	0	0	0	0	0	0	0	0	0	0	0	0	0	0	0	0	0	0	0	0	0	0	0	0	0	
403364	Insula_L	4378	132	20034	158	8444	0	12516	262	2396	0	17530	622	27112	208	12046	0	21580	0	11208	106	2540	130	3202	0	0	0	1028	0	0	732	7334	418	154	0	0	0	6740	132	412	0	724	0	198	0	0	0	0	0	0	0	442	0	0	0	1804	0	666	0	0	0	296	0	1136	0	0	0	268	0	0	0	1342	202	14022	118	0	0	702	0	3348	0	6274	0	2878	0	2394	0	0	0	3314	0	0	0	0	0	0	0	0	0	0	0	0	0	0	0	0	0	0	0	0	0	0	0	0	0	0	0	
382876	Insula_R	498	1854	3172	11456	0	524	0	4530	0	936	728	13326	0	15246	0	9594	0	13128	4774	9428	0	1466	338	3340	0	384	0	340	732	0	750	11032	0	2064	242	402	250	6140	0	1506	0	700	0	210	0	0	0	0	0	0	0	276	0	0	0	5400	0	1124	0	0	0	138	0	1818	0	0	0	154	0	134	6954	6370	2526	13444	0	182	0	3164	0	4444	0	12800	0	1678	0	5798	0	0	0	5690	0	0	0	0	0	0	0	0	0	254	0	0	0	0	0	0	0	0	0	0	0	0	0	0	0	0	
265296	Cingulum_Ant_L	1786	678	10486	2646	3436	1304	3644	1422	294	0	5862	410	5040	206	1058	0	380	230	7916	1302	4348	3084	13992	3528	3410	4512	3142	750	7334	750	0	12786	3888	1418	0	0	0	154	0	0	0	0	0	0	0	0	0	0	0	0	0	0	0	0	0	0	0	0	0	0	0	0	0	0	0	0	0	0	0	0	7660	4838	7268	1482	0	0	0	0	0	0	0	0	204	0	0	0	0	0	0	0	0	0	0	0	0	0	0	0	0	0	0	0	0	0	0	0	0	0	0	0	0	0	0	0	0	0	
486856	Cingulum_Ant_R	928	604	3404	28584	0	2200	1236	9132	0	274	358	6388	0	13904	0	4566	216	312	8640	16002	4750	4270	9824	22160	558	6700	2788	3356	418	11032	12786	0	2940	19372	0	0	0	230	0	0	0	0	0	0	0	0	0	0	0	0	0	0	0	0	0	0	0	106	0	0	0	0	0	0	0	0	0	0	0	0	8574	24172	3004	9282	0	106	106	146	0	0	0	0	0	0	0	0	0	0	0	0	0	0	0	0	0	0	0	0	0	0	0	0	0	0	0	0	0	0	0	0	0	0	0	0	0	0	
147808	Cingulum_Mid_L	1252	0	3298	1164	0	0	0	226	0	0	0	0	0	146	0	0	0	0	7694	5036	0	0	4232	472	0	0	0	0	154	0	3888	2940	0	10890	1916	1604	0	0	0	0	0	0	874	304	1240	426	0	0	1380	274	6214	400	0	0	0	0	660	0	2022	0	1356	0	322	0	576	0	6842	1592	2562	840	0	0	0	0	0	0	0	0	0	0	0	0	0	0	836	0	0	0	272	0	0	0	0	0	0	0	0	0	0	0	0	0	0	0	0	0	0	0	0	0	0	0	0	0	0	0	
373756	Cingulum_Mid_R	790	1480	3510	15324	0	0	0	4688	0	0	0	918	0	3242	0	772	0	0	18738	36582	0	0	10194	15112	0	0	0	0	0	2064	1418	19372	10890	0	1074	10902	0	0	0	0	0	0	0	1976	0	752	0	1834	0	456	0	984	0	0	0	0	0	974	0	0	0	0	0	0	0	0	898	9444	1066	8848	0	1386	0	216	0	0	0	0	0	0	0	0	0	0	0	704	0	0	0	0	0	0	0	0	0	0	0	0	0	0	0	0	0	0	0	0	0	0	0	0	270	0	0	0	0	0	
140256	Cingulum_Post_L	3354	310	0	1268	0	0	0	0	0	0	0	0	0	0	0	0	0	212	1338	1472	0	0	0	0	0	0	0	0	0	242	0	0	1916	1074	0	11916	8280	4846	1094	1016	0	0	2624	0	2298	0	1836	514	408	0	630	0	0	0	130	226	0	0	0	0	0	0	0	0	0	0	7696	2736	4432	0	0	0	0	0	0	0	3280	4842	138	0	0	0	0	0	0	0	0	0	0	0	0	0	0	0	0	0	0	0	0	0	0	0	0	0	0	0	0	0	0	0	0	0	0	0	0	0	
228504	Cingulum_Post_R	1306	2158	152	2236	0	0	0	0	0	0	0	0	0	0	0	0	0	282	1104	12626	0	0	0	0	0	0	0	0	0	402	0	0	1604	10902	11916	0	5682	8610	1006	2764	0	0	274	1698	106	134	1152	4520	0	0	0	274	0	0	0	1594	0	1256	0	0	0	0	0	128	0	0	2404	15088	1066	7860	0	222	0	104	0	0	4720	6836	0	128	0	0	0	0	0	252	0	0	0	962	0	0	0	0	0	0	0	0	0	0	0	0	0	0	0	0	0	0	0	0	724	0	0	0	0	0	
164344	Hippocampus_L	2398	254	1598	792	0	0	420	0	0	0	0	0	0	0	0	0	2768	212	1604	204	0	0	0	0	0	0	0	0	6740	250	0	0	0	0	8280	5682	0	4444	5250	1046	3620	0	1990	0	0	0	3044	516	0	0	446	0	0	0	5702	230	312	0	0	0	0	0	494	0	0	0	4624	1660	212	0	220	0	3336	0	260	0	2854	1990	1340	0	1316	0	150	0	1326	0	0	0	4588	0	0	0	0	0	0	0	0	0	0	0	0	0	0	0	0	0	0	0	0	0	0	0	0	0	0	0	
282172	Hippocampus_R	990	948	1124	2382	0	0	0	142	0	0	0	162	0	0	0	0	0	1346	1256	1526	0	370	0	0	0	0	0	0	132	6140	154	230	0	0	4846	8610	4444	0	800	26662	0	8614	158	1026	0	0	746	3966	0	0	0	272	0	140	0	20584	0	724	0	0	0	0	0	228	0	0	1308	5538	0	288	1472	322	758	9932	0	1266	850	5532	0	722	0	1048	0	1608	0	714	0	380	0	5486	0	598	0	0	144	348	110	1468	0	2152	0	0	0	0	0	0	0	0	0	0	320	0	0	0	0	0	
41552	ParaHippocampal_L	0	0	0	0	0	0	0	0	0	0	0	0	0	0	0	0	0	0	0	0	0	0	0	0	0	0	0	0	412	0	0	0	0	0	1094	1006	5250	800	0	410	936	0	830	0	0	0	2696	252	0	0	350	0	222	0	2866	0	0	0	0	0	0	0	0	0	0	0	1186	388	0	0	0	0	326	0	0	0	124	536	0	0	0	0	194	0	0	0	182	0	320	0	0	0	0	0	168	0	228	0	0	0	0	0	0	0	0	0	0	0	0	0	0	0	0	0	0	0	
207048	ParaHippocampal_R	0	188	490	340	0	0	0	0	0	0	0	0	0	0	0	0	0	108	522	408	0	272	0	0	0	0	0	0	0	1506	0	0	0	0	1016	2764	1046	26662	410	0	0	5498	0	678	0	0	402	5454	0	0	0	290	0	474	0	21418	0	260	0	0	0	0	0	0	0	0	588	2880	0	152	798	112	444	5298	0	656	0	2474	0	0	0	306	0	1294	0	364	0	640	0	4584	0	2388	0	0	0	1514	0	4790	0	3750	0	0	0	0	0	0	0	0	0	0	286	0	0	0	0	0	
18788	Amygdala_L	0	0	0	0	128	0	0	0	0	0	0	0	0	0	128	0	0	0	0	0	280	0	0	0	0	0	0	0	724	0	0	0	0	0	0	0	3620	0	936	0	0	0	0	0	0	0	0	0	0	0	0	0	0	0	2146	0	0	0	0	0	0	0	0	0	0	0	0	0	0	0	0	0	664	0	0	0	0	0	0	0	0	0	396	0	0	0	0	0	372	0	0	0	0	0	0	0	0	0	0	0	0	0	0	0	0	0	0	0	0	0	0	0	0	0	0	0	
50568	Amygdala_R	0	0	0	0	0	0	0	0	0	0	0	0	0	0	0	0	0	0	0	0	0	626	0	0	0	0	0	0	0	700	0	0	0	0	0	0	0	8614	0	5498	0	0	0	0	0	0	0	0	0	0	0	0	0	0	0	5266	0	0	0	0	0	0	0	0	0	0	0	0	0	0	0	0	0	558	0	0	0	0	0	0	0	0	0	2180	0	0	0	674	0	1168	0	0	0	0	0	0	0	0	0	0	0	0	0	0	0	0	0	0	0	0	0	0	0	0	0	0	
326812	Calcarine_L	1600	0	0	0	0	0	0	0	0	0	0	0	0	0	0	0	120	0	0	0	0	0	0	0	0	0	0	0	198	0	0	0	874	0	2624	274	1990	158	830	0	0	0	0	13460	17302	10122	20214	2176	11832	3678	36040	2462	5146	368	2042	180	2550	0	268	0	894	0	406	0	1100	0	18256	1692	1996	0	0	0	0	0	0	0	0	146	142	0	164	0	0	0	778	0	0	0	1172	0	0	0	0	0	0	0	0	0	152	0	0	0	0	0	0	0	0	0	0	0	0	0	0	0	0	0	
425240	Calcarine_R	0	7362	0	162	0	0	0	0	0	0	0	0	0	0	0	0	0	0	154	5644	0	0	0	0	0	0	0	0	0	210	0	0	304	1976	0	1698	0	1026	0	678	0	0	13460	0	6572	32602	4840	18318	1680	19508	284	21486	0	4296	0	3486	0	9086	0	952	0	562	0	140	0	540	3340	33852	0	10108	0	0	0	0	0	0	0	0	0	0	0	562	0	0	0	4640	0	0	0	1388	0	0	0	0	0	0	0	0	0	844	0	0	0	0	0	0	0	0	0	0	860	0	0	0	0	0	
200068	Cuneus_L	492	0	0	0	0	0	0	0	0	0	0	0	0	0	0	0	0	0	0	0	0	0	0	0	0	0	0	0	0	0	0	0	1240	0	2298	106	0	0	0	0	0	0	17302	6572	0	9128	4486	522	22396	1188	12942	448	174	0	0	0	662	0	1662	0	0	0	0	0	122	0	15388	1868	1038	0	0	0	0	0	0	0	0	0	0	0	0	0	0	0	0	0	0	0	0	0	0	0	0	0	0	0	0	0	0	0	0	0	0	0	0	0	0	0	0	0	0	0	0	0	0	0	
311952	Cuneus_R	0	1126	0	290	0	0	0	0	0	0	0	0	0	0	0	0	0	0	0	1106	0	0	0	0	0	0	0	0	0	0	0	0	426	752	0	134	0	0	0	0	0	0	10122	32602	9128	0	1386	1388	3206	33964	1006	13660	0	750	0	222	0	3244	284	3902	0	182	0	0	0	0	5264	27560	0	3398	0	0	0	0	0	0	0	0	0	0	0	0	0	0	0	622	0	0	0	0	0	0	0	0	0	0	0	0	0	140	0	0	0	0	0	0	0	0	0	0	112	0	0	0	0	0	
274016	Lingual_L	126	0	0	0	0	0	0	0	0	0	0	0	0	0	0	0	0	0	0	0	0	0	0	0	0	0	0	0	0	0	0	0	0	0	1836	1152	3044	746	2696	402	0	0	20214	4840	4486	1386	0	2510	6728	468	22448	270	15174	110	16350	242	138	0	0	0	0	0	0	0	0	0	4518	884	126	0	0	0	0	0	0	0	0	516	0	0	0	0	0	0	248	0	0	0	724	0	2206	216	246	0	154	0	6104	518	9362	476	0	0	114	0	0	0	0	0	0	0	2224	3006	0	0	0	0	
301296	Lingual_R	0	1746	0	0	0	0	0	0	0	0	0	0	0	0	0	0	0	0	180	1380	0	0	0	0	0	0	0	0	0	0	0	0	0	1834	514	4520	516	3966	252	5454	0	0	2176	18318	522	1388	2510	0	206	892	126	1624	210	6482	548	17504	0	2306	0	0	0	0	0	0	0	0	590	13754	0	2986	0	0	0	130	0	0	0	362	0	0	0	0	0	0	0	584	0	0	0	884	3076	3194	1316	0	512	480	1336	7326	6170	9496	232	0	3114	256	636	814	102	182	0	218	7340	8882	334	570	598	0	
213112	Occipital_Sup_L	0	0	0	0	0	0	0	0	0	0	0	0	0	0	0	0	0	0	0	0	0	0	0	0	0	0	0	0	0	0	0	0	1380	0	408	0	0	0	0	0	0	0	11832	1680	22396	3206	6728	206	0	0	30730	0	998	0	0	0	0	0	9550	0	1534	0	0	0	1466	0	12046	1738	108	0	0	0	0	0	0	0	0	0	0	0	0	0	0	0	382	0	0	0	168	0	0	0	0	0	0	0	0	0	0	0	0	0	0	0	0	0	0	0	0	0	0	0	0	0	0	0	
255020	Occipital_Sup_R	0	864	0	316	0	0	0	0	0	0	0	0	0	0	0	0	0	0	0	854	0	0	0	0	0	0	0	0	0	0	0	0	274	456	0	0	0	0	0	0	0	0	3678	19508	1188	33964	468	892	0	0	0	23340	0	1158	0	364	0	1758	0	10196	0	1336	0	0	0	5258	1688	16812	0	2666	0	0	0	0	0	0	0	0	0	0	0	0	0	0	0	472	0	0	0	0	0	0	0	0	0	0	0	0	0	0	0	0	0	0	0	0	0	0	0	0	0	0	0	0	0	0	
548652	Occipital_Mid_L	3368	0	118	0	0	0	0	0	0	0	0	0	0	0	0	0	168	0	146	0	0	0	0	0	0	0	0	0	442	0	0	0	6214	0	630	0	446	0	350	0	0	0	36040	284	12942	1006	22448	126	30730	0	0	0	29654	0	12836	0	4142	0	15666	0	15700	0	2640	0	22914	0	17678	310	4308	0	0	106	0	0	0	0	0	0	1426	0	1872	0	0	0	16662	0	0	0	10600	0	174	0	0	0	0	0	498	0	1380	0	0	0	0	0	0	0	0	0	0	0	0	302	0	0	0	0	
287992	Occipital_Mid_R	0	2612	0	330	0	0	0	0	0	0	0	0	0	0	0	0	0	0	0	2230	0	0	0	0	0	0	0	0	0	276	0	0	400	984	0	274	0	272	0	290	0	0	2462	21486	448	13660	270	1624	0	23340	0	0	0	2538	0	1292	0	3310	0	5372	0	2264	0	1194	0	13004	496	15840	0	3124	0	0	0	0	0	0	0	0	0	226	0	3312	0	0	0	18806	0	0	0	2260	0	0	0	0	0	0	0	0	0	0	0	0	0	0	0	0	0	0	0	0	0	0	0	0	0	0	
191660	Occipital_Inf_L	322	0	0	0	0	0	0	0	0	0	0	0	0	0	0	0	0	0	0	0	0	0	0	0	0	0	0	0	0	0	0	0	0	0	0	0	0	0	222	0	0	0	5146	0	174	0	15174	210	998	0	29654	0	0	0	18830	0	318	0	0	0	410	0	336	0	396	0	1532	0	434	0	0	0	0	0	0	0	0	0	172	0	406	0	0	0	4472	0	0	0	7530	0	1176	0	0	0	0	0	1924	0	4110	0	0	0	0	0	0	0	0	0	0	0	806	1078	0	0	0	0	
76752	Occipital_Inf_R	0	0	0	0	0	0	0	0	0	0	0	0	0	0	0	0	0	0	0	0	0	0	0	0	0	0	0	0	0	0	0	0	0	0	0	0	0	140	0	474	0	0	368	4296	0	750	110	6482	0	1158	0	2538	0	0	0	11552	0	0	0	0	0	0	0	0	0	0	0	612	0	176	0	0	0	0	0	0	0	0	0	0	0	0	0	0	0	472	0	0	0	5504	124	314	128	0	0	0	0	324	378	1242	0	0	294	0	0	0	0	0	0	0	392	548	0	0	0	0	
295140	Fusiform_L	420	0	0	0	0	0	0	0	0	0	0	0	0	0	0	0	124	0	0	0	0	0	0	0	0	0	0	0	1804	0	0	0	0	0	130	0	5702	0	2866	0	2146	0	2042	0	0	0	16350	548	0	0	12836	0	18830	0	0	0	164	0	0	0	632	0	656	0	0	0	1734	0	716	0	0	0	522	0	0	0	0	0	1304	0	1814	0	1372	0	2624	0	956	0	15634	0	12910	0	0	0	0	0	14486	286	23000	0	0	0	278	0	118	0	0	0	0	0	2122	2444	0	0	0	0	
402076	Fusiform_R	0	454	262	0	0	0	0	0	0	0	0	0	0	0	0	0	0	134	266	678	0	0	0	0	0	0	0	0	0	5400	0	0	0	0	226	1594	230	20584	0	21418	0	5266	180	3486	0	222	242	17504	0	364	0	1292	0	11552	0	0	0	626	0	0	0	0	0	632	0	0	122	2146	0	530	260	0	212	2586	0	146	0	562	0	164	0	3710	0	7004	0	3912	0	4634	0	26308	868	11172	648	352	0	1840	166	10236	2128	17132	110	0	1690	1036	230	342	0	0	0	0	3870	3596	296	250	168	0	
166588	Postcentral_L	20362	582	8494	272	0	0	1030	360	0	0	392	0	0	0	0	0	4402	0	6936	138	0	0	0	0	0	0	0	0	666	0	0	0	660	0	0	0	312	0	0	0	0	0	2550	0	662	0	138	0	0	0	4142	0	318	0	164	0	0	112	3610	0	11368	0	5266	0	0	0	3230	0	2562	0	1076	180	534	0	0	0	184	146	996	0	1450	0	0	0	0	0	0	0	0	0	0	0	0	0	0	0	0	0	0	0	0	0	0	0	0	0	0	0	0	0	0	0	0	0	0	0	
214752	Postcentral_R	296	16620	1876	1454	0	0	0	234	0	0	0	1250	0	0	0	0	0	2428	1940	2582	0	0	0	0	0	0	0	0	0	1124	0	106	0	974	0	1256	0	724	0	260	0	0	0	9086	0	3244	0	2306	0	1758	0	3310	0	0	0	626	112	0	0	5098	0	2886	0	9888	0	762	564	17330	114	10220	288	120	138	1674	0	0	0	292	0	404	0	846	0	0	0	2298	0	0	0	888	0	0	0	0	0	0	0	0	0	0	0	0	0	0	0	0	0	0	0	0	0	0	0	0	0	0	
134460	Parietal_Sup_L	256	0	0	0	0	0	0	0	0	0	0	0	0	0	0	0	0	0	0	0	0	0	0	0	0	0	0	0	0	0	0	0	2022	0	0	0	0	0	0	0	0	0	268	0	1662	284	0	0	9550	0	15666	0	0	0	0	0	3610	0	0	348	10768	0	232	0	3694	0	15144	1630	1340	0	0	0	0	0	0	0	0	0	0	0	0	0	0	0	444	0	0	0	312	0	0	0	0	0	0	0	0	0	0	0	0	0	0	0	0	0	0	0	0	0	0	0	0	0	0	0	
89064	Parietal_Sup_R	0	310	0	150	0	0	0	0	0	0	0	0	0	0	0	0	0	0	0	164	0	0	0	0	0	0	0	0	0	0	0	0	0	0	0	0	0	0	0	0	0	0	0	952	0	3902	0	0	0	10196	0	5372	0	0	0	0	0	5098	348	0	0	3988	0	0	0	4964	808	6676	0	1214	0	0	0	0	0	0	0	0	0	0	0	0	0	0	0	390	0	0	0	0	0	0	0	0	0	0	0	0	0	0	0	0	0	0	0	0	0	0	0	0	0	0	0	0	0	0	
219856	Parietal_Inf_L	4080	308	196	0	0	0	122	158	0	0	0	0	0	0	0	0	670	0	276	0	0	0	0	0	0	0	0	0	296	0	0	0	1356	0	0	0	0	0	0	0	0	0	894	0	0	0	0	0	1534	0	15700	0	410	0	632	0	11368	0	10768	0	0	0	24502	0	15452	0	2206	0	2174	0	0	0	0	0	0	0	0	0	150	0	2460	0	0	0	9268	0	0	0	4948	0	0	0	0	0	0	0	0	0	0	0	0	0	0	0	0	0	0	0	0	0	0	0	0	0	0	0	
56676	Parietal_Inf_R	0	438	0	0	0	0	0	0	0	0	0	0	0	0	0	0	0	0	0	248	0	0	0	0	0	0	0	0	0	138	0	0	0	0	0	0	0	0	0	0	0	0	0	562	0	182	0	0	0	1336	0	2264	0	0	0	0	0	2886	0	3988	0	0	0	3348	0	9452	0	780	0	608	0	0	0	0	0	0	0	0	0	112	0	572	0	0	0	1306	0	0	0	118	0	0	0	0	0	0	0	0	0	0	0	0	0	0	0	0	0	0	0	0	0	0	0	0	0	0	
142984	SupraMarginal_L	1494	0	808	0	0	0	0	0	0	0	0	0	0	0	0	0	2098	0	804	0	0	0	0	0	0	0	0	0	1136	0	0	0	322	0	0	0	494	0	0	0	0	0	406	0	0	0	0	0	0	0	2640	0	336	0	656	0	5266	0	232	0	24502	0	0	0	5800	0	390	0	774	0	0	0	0	0	0	0	0	0	338	0	7432	0	0	0	10384	0	0	0	5180	0	0	0	0	0	0	0	0	0	0	0	0	0	0	0	0	0	0	0	0	0	0	0	0	0	0	0	
91672	SupraMarginal_R	170	866	184	0	0	0	0	0	0	0	0	0	0	0	0	0	0	2588	182	704	0	0	0	0	0	0	0	0	0	1818	0	0	0	0	0	128	0	228	0	0	0	0	0	140	0	0	0	0	0	0	0	1194	0	0	0	632	0	9888	0	0	0	3348	0	0	0	4458	0	390	0	996	0	0	0	0	0	0	0	0	0	1948	0	12470	0	0	0	2618	0	0	0	886	0	0	0	0	0	0	0	0	0	0	0	0	0	0	0	0	0	0	0	0	0	0	0	0	0	0	
126804	Angular_L	174	0	0	0	0	0	0	0	0	0	0	0	0	0	0	0	122	0	0	0	0	0	0	0	0	0	0	0	0	0	0	0	576	0	0	0	0	0	0	0	0	0	1100	0	122	0	0	0	1466	0	22914	0	396	0	0	0	0	0	3694	0	15452	0	5800	0	0	0	1212	0	266	0	0	0	0	0	0	0	0	0	0	0	1568	0	0	0	7938	0	0	0	602	0	0	0	0	0	0	0	0	0	0	0	0	0	0	0	0	0	0	0	0	0	0	0	0	0	0	0	
100936	Angular_R	0	500	0	0	0	0	0	0	0	0	0	0	0	0	0	0	0	0	0	272	0	0	0	0	0	0	0	0	0	0	0	0	0	0	0	0	0	0	0	0	0	0	0	540	0	0	0	0	0	5258	0	13004	0	0	0	0	0	762	0	4964	0	9452	0	4458	0	0	0	856	0	508	0	0	0	0	0	0	0	0	0	0	0	3788	0	0	0	6106	0	0	0	0	0	0	0	0	0	0	0	0	0	0	0	0	0	0	0	0	0	0	0	0	0	0	0	0	0	0	
308496	Precuneus_L	1282	0	0	190	0	0	0	0	0	0	0	0	0	0	0	0	126	0	0	230	0	0	0	0	0	0	0	0	268	0	0	0	6842	898	7696	2404	4624	1308	1186	588	0	0	18256	3340	15388	5264	4518	590	12046	1688	17678	496	1532	0	1734	122	3230	564	15144	808	2206	0	390	0	1212	0	0	11910	3084	2102	0	0	0	0	0	0	0	238	128	0	102	0	0	0	1250	0	0	0	1586	0	0	0	0	0	0	0	0	0	0	0	0	0	0	0	0	0	0	0	0	0	0	0	0	0	0	0	
473696	Precuneus_R	0	7734	102	784	0	0	0	0	0	0	0	0	0	0	0	0	0	0	734	7154	0	0	0	0	0	0	0	0	0	154	0	0	1592	9444	2736	15088	1660	5538	388	2880	0	0	1692	33852	1868	27560	884	13754	1738	16812	310	15840	0	612	0	2146	0	17330	1630	6676	0	780	0	390	0	856	11910	0	326	16166	0	0	0	0	0	0	0	442	0	0	0	236	0	0	0	2796	0	0	0	1412	0	0	0	0	0	0	0	270	0	114	0	0	0	0	0	0	0	0	0	0	2458	0	0	0	0	0	
158220	Paracentral_Lobule_L	16986	220	3474	1948	0	0	136	0	0	0	0	0	0	0	0	0	0	0	13290	7260	0	0	0	0	0	0	0	0	0	0	0	0	2562	1066	4432	1066	212	0	0	0	0	0	1996	0	1038	0	126	0	108	0	4308	0	434	0	716	0	2562	114	1340	0	2174	0	774	0	266	0	3084	326	0	1476	360	628	162	0	120	0	2194	928	0	0	0	0	0	0	356	0	0	0	868	0	0	0	0	0	0	0	0	0	0	0	0	0	0	0	0	0	0	0	0	0	0	0	0	0	0	0	
223712	Paracentral_Lobule_R	0	12968	0	140	0	0	0	0	0	0	0	0	0	0	0	0	0	0	226	17924	0	0	0	0	0	0	0	0	0	134	0	0	840	8848	0	7860	0	288	0	152	0	0	0	10108	0	3398	0	2986	0	2666	0	3124	0	176	0	530	0	10220	0	1214	0	608	0	996	0	508	2102	16166	1476	0	0	0	0	0	0	0	0	0	0	0	0	474	0	0	0	4934	0	0	0	790	0	0	0	0	0	0	0	0	0	0	0	0	0	0	0	0	0	0	0	0	0	0	0	0	0	0	
320364	Caudate_L	3804	2118	10898	3632	910	364	2106	2228	0	0	470	5388	0	1506	720	156	974	1700	13194	4320	9220	8500	0	0	0	348	3900	1566	1342	6954	7660	8574	0	0	0	0	220	1472	0	798	0	0	0	0	0	0	0	0	0	0	0	0	0	0	0	260	1076	288	0	0	0	0	0	0	0	0	0	0	360	0	0	15850	19416	4560	2294	174	8012	2850	0	0	0	0	0	0	0	0	0	0	0	0	0	0	0	0	0	0	0	0	0	0	0	0	0	0	0	0	0	0	0	0	0	0	0	0	0	0	
358936	Caudate_R	3206	1440	3556	20212	352	1220	1156	538	0	172	0	3932	0	1398	256	882	0	578	3764	21770	6024	6644	0	1626	0	1664	2362	2152	202	6370	4838	24172	0	1386	0	222	0	322	0	112	0	0	0	0	0	0	0	0	0	0	106	0	0	0	0	0	180	120	0	0	0	0	0	0	0	0	0	0	628	0	15850	0	4288	12230	394	1152	3678	18154	0	0	0	0	0	160	0	0	0	0	0	0	0	0	0	0	0	0	0	0	0	0	0	0	0	0	0	0	0	0	0	0	0	0	0	0	0	0	
277576	Putamen_L	6544	780	19502	824	1722	0	3984	574	0	0	1562	2602	558	1004	212	0	2870	436	16120	640	3150	3324	160	0	278	0	644	406	14022	2526	7268	3004	0	0	0	0	3336	758	326	444	664	0	0	0	0	0	0	0	0	0	0	0	0	0	522	212	534	138	0	0	0	0	0	0	0	0	0	0	162	0	19416	4288	0	1970	7466	0	3074	118	0	0	294	0	234	0	0	0	0	0	116	0	0	0	0	0	0	0	0	0	0	0	0	0	0	0	0	0	0	0	0	0	0	0	0	0	0	0	
220140	Putamen_R	286	1180	2950	7810	0	1716	0	790	0	316	118	610	0	188	0	1308	0	2714	3192	8036	364	1334	154	2746	0	1802	0	1184	118	13444	1482	9282	0	216	0	104	0	9932	0	5298	0	558	0	0	0	0	0	130	0	0	0	0	0	0	0	2586	0	1674	0	0	0	0	0	0	0	0	0	0	0	0	4560	12230	1970	0	0	2672	0	3090	0	386	0	476	0	0	0	0	0	0	0	648	0	0	0	0	0	0	0	218	0	198	0	0	0	0	0	0	0	0	0	0	0	0	0	0	0	0	
67764	Pallidum_L	1858	1442	9152	446	0	0	760	1092	0	0	0	0	0	0	0	0	0	0	5238	0	0	0	0	0	0	0	0	0	0	0	0	0	0	0	0	0	260	0	0	0	0	0	0	0	0	0	0	0	0	0	0	0	0	0	0	0	0	0	0	0	0	0	0	0	0	0	0	0	120	0	2294	394	7466	0	0	0	3082	278	0	0	0	0	0	0	0	0	0	0	0	0	0	0	0	0	0	0	0	0	0	0	0	0	0	0	0	0	0	0	0	0	0	0	0	0	0	0	
18656	Pallidum_R	0	250	544	718	0	0	0	150	0	0	0	0	0	0	0	0	0	150	564	598	0	0	0	0	0	0	0	0	0	182	0	106	0	0	0	0	0	1266	0	656	0	0	0	0	0	0	0	0	0	0	0	0	0	0	0	146	0	0	0	0	0	0	0	0	0	0	0	0	0	0	174	1152	0	2672	0	0	0	0	0	0	0	0	0	0	0	0	0	0	0	0	0	0	0	0	0	0	0	0	0	0	0	0	0	0	0	0	0	0	0	0	0	0	0	0	0	0	
155684	Thalamus_L	13392	236	5480	1536	0	0	2504	0	0	0	0	0	0	0	0	0	0	0	4318	2504	0	0	0	0	0	0	0	0	702	0	0	106	0	0	3280	4720	2854	850	124	0	0	0	0	0	0	0	0	0	0	0	0	0	0	0	0	0	184	0	0	0	0	0	0	0	0	0	0	0	2194	0	8012	3678	3074	0	3082	0	0	14770	242	0	0	0	0	0	0	0	0	0	0	0	0	0	0	0	0	0	0	0	0	0	0	0	0	0	0	0	0	0	0	0	0	0	0	0	0	0	
224924	Thalamus_R	2660	2412	1860	21530	0	0	0	122	0	0	0	158	0	0	0	0	0	1752	1932	11130	0	0	0	0	0	0	0	0	0	3164	0	146	0	0	4842	6836	1990	5532	536	2474	0	0	146	0	0	0	516	362	0	0	0	0	0	0	0	562	146	292	0	0	0	0	0	0	0	0	238	442	928	0	2850	18154	118	3090	278	0	14770	0	0	142	0	122	0	0	0	0	0	0	0	230	0	0	0	0	0	0	0	0	0	0	0	0	0	0	0	0	0	0	0	0	0	0	0	0	0	0	
45504	Heschl_L	412	0	654	0	0	0	126	0	0	0	0	0	0	0	0	0	3214	0	606	0	0	0	0	0	0	0	0	0	3348	0	0	0	0	0	138	0	1340	0	0	0	0	0	142	0	0	0	0	0	0	0	1426	0	172	0	1304	0	996	0	0	0	150	0	338	0	0	0	128	0	0	0	0	0	0	0	0	0	242	0	0	0	2834	0	0	0	2500	0	0	0	2682	0	0	0	0	0	0	0	0	0	0	0	0	0	0	0	0	0	0	0	0	0	0	0	0	0	0	0	
50816	Heschl_R	0	154	320	0	0	0	0	0	0	0	0	0	0	0	0	0	0	4262	322	188	0	0	0	0	0	0	0	0	0	4444	0	0	0	0	0	128	0	722	0	0	0	0	0	0	0	0	0	0	0	0	0	226	0	0	0	164	0	404	0	0	0	112	0	1948	0	0	0	0	0	0	0	0	0	386	0	0	0	142	0	0	0	8906	0	552	0	1816	0	0	0	212	0	0	0	0	0	0	0	0	0	0	0	0	0	0	0	0	0	0	0	0	0	0	0	0	0	0	
137996	Temporal_Sup_L	580	0	1584	0	0	0	0	0	0	0	196	0	0	0	0	0	4950	0	1422	0	0	0	0	0	0	0	0	0	6274	0	0	0	0	0	0	0	1316	0	0	0	0	0	164	0	0	0	0	0	0	0	1872	0	406	0	1814	0	1450	0	0	0	2460	0	7432	0	1568	0	102	0	0	0	0	0	294	0	0	0	0	0	2834	0	0	0	2582	0	20740	0	0	0	8958	0	0	0	0	0	0	0	0	0	0	0	0	0	0	0	0	0	0	0	0	0	0	0	0	0	0	0	
164388	Temporal_Sup_R	0	706	148	110	0	0	0	0	0	0	0	0	0	0	0	0	0	4862	148	510	0	0	0	0	0	0	0	0	0	12800	0	0	0	0	0	0	0	1048	0	306	0	0	0	562	0	0	0	0	0	0	0	3312	0	0	0	3710	0	846	0	0	0	572	0	12470	0	3788	0	236	0	474	0	0	0	476	0	0	0	122	0	8906	0	0	0	3530	0	17538	0	130	0	4884	0	0	0	0	0	0	0	0	0	0	0	0	0	0	0	0	0	0	0	0	0	0	0	0	0	0	
44600	Temporal_Pole_Sup_L	0	0	272	0	0	0	0	0	0	0	1336	0	134	0	604	0	1256	0	244	0	574	0	0	0	0	0	0	0	2878	0	204	0	0	0	0	0	150	0	194	0	396	0	0	0	0	0	0	0	0	0	0	0	0	0	1372	0	0	0	0	0	0	0	0	0	0	0	0	0	0	0	0	0	234	0	0	0	0	0	0	0	2582	0	0	0	3208	0	3032	0	3630	0	0	0	0	0	0	0	0	0	0	0	0	0	0	0	0	0	0	0	0	0	0	0	0	0	0	0	
61508	Temporal_Pole_Sup_R	0	0	0	0	0	0	0	0	0	0	0	410	0	106	0	0	0	1066	0	0	0	0	0	0	0	0	0	0	0	1678	0	0	0	0	0	0	0	1608	0	1294	0	2180	0	0	0	0	0	0	0	0	0	0	0	0	0	7004	0	0	0	0	0	0	0	0	0	0	0	0	0	0	0	160	0	0	0	0	0	0	0	552	0	3530	0	0	0	2004	0	4860	0	4302	0	0	0	0	0	0	0	0	0	0	0	0	0	0	0	0	0	0	0	0	0	0	0	0	0	0	
242856	Temporal_Mid_L	376	0	0	0	0	0	0	0	0	0	0	0	0	0	0	0	534	0	0	0	0	0	0	0	0	0	0	0	2394	0	0	0	836	0	0	0	1326	0	0	0	0	0	778	0	0	0	248	0	382	0	16662	0	4472	0	2624	0	0	0	444	0	9268	0	10384	0	7938	0	1250	0	356	0	0	0	0	0	0	0	0	0	2500	0	20740	0	3208	0	0	0	2354	0	32228	0	0	0	0	0	0	0	0	0	126	0	0	0	0	0	0	0	0	0	0	0	0	0	0	0	0	0	
218160	Temporal_Mid_R	0	4518	0	0	0	0	0	0	0	0	0	0	0	0	0	0	0	456	0	3182	0	0	0	0	0	0	0	0	0	5798	0	0	0	704	0	252	0	714	0	364	0	0	0	4640	0	622	0	584	0	472	0	18806	0	472	0	3912	0	2298	0	390	0	1306	0	2618	0	6106	0	2796	0	4934	0	0	0	0	0	0	0	0	0	1816	0	17538	0	2004	0	0	0	3058	0	18720	0	0	0	0	0	0	0	0	0	0	0	0	0	0	0	0	0	0	0	0	0	0	0	0	0	0	
17124	Temporal_Pole_Mid_L	0	0	0	0	0	0	0	0	0	0	0	0	0	0	0	0	0	0	0	0	0	0	0	0	0	0	0	0	0	0	0	0	0	0	0	0	0	0	182	0	0	0	0	0	0	0	0	0	0	0	0	0	0	0	956	0	0	0	0	0	0	0	0	0	0	0	0	0	0	0	0	0	0	0	0	0	0	0	0	0	0	0	3032	0	2354	0	0	0	2038	0	0	0	0	0	0	0	0	0	0	0	0	0	0	0	0	0	0	0	0	0	0	0	0	0	0	0	
39124	Temporal_Pole_Mid_R	0	0	0	0	0	0	0	0	0	0	0	0	0	0	0	0	0	0	0	0	0	0	0	0	0	0	0	0	0	0	0	0	0	0	0	0	0	380	0	640	0	674	0	0	0	0	0	0	0	0	0	0	0	0	0	4634	0	0	0	0	0	0	0	0	0	0	0	0	0	0	0	0	0	0	0	0	0	0	0	0	0	130	0	4860	0	3058	0	0	0	5186	0	0	0	0	0	0	0	0	0	0	0	0	0	0	0	0	0	0	0	0	0	0	0	0	0	0	
223200	Temporal_Inf_L	722	0	0	0	0	0	0	0	0	0	0	0	0	0	0	0	556	0	0	0	0	0	0	0	0	0	0	0	3314	0	0	0	272	0	0	0	4588	0	320	0	372	0	1172	0	0	0	724	0	168	0	10600	0	7530	0	15634	0	0	0	312	0	4948	0	5180	0	602	0	1586	0	868	0	0	0	116	0	0	0	0	0	2682	0	8958	0	3630	0	32228	0	2038	0	0	0	1664	0	0	0	0	0	0	0	636	0	0	0	180	0	0	0	0	0	0	0	0	0	0	0	0	0	
194300	Temporal_Inf_R	0	650	0	0	0	0	0	0	0	0	0	0	0	0	0	0	0	342	0	942	0	0	0	0	0	0	0	0	0	5690	0	0	0	0	0	962	0	5486	0	4584	0	1168	0	1388	0	0	0	884	0	0	0	2260	0	5504	0	26308	0	888	0	0	0	118	0	886	0	0	0	1412	0	790	0	0	0	648	0	0	0	230	0	212	0	4884	0	4302	0	18720	0	5186	0	0	0	1414	0	0	0	216	0	148	0	768	0	0	0	160	0	0	0	0	0	0	0	0	0	0	0	0	
418392	Cerebelum_Crus1_L	0	0	0	0	0	0	0	0	0	0	0	0	0	0	0	0	0	0	0	0	0	0	0	0	0	0	0	0	0	0	0	0	0	0	0	0	0	0	0	0	0	0	0	0	0	0	2206	3076	0	0	174	0	1176	124	12910	868	0	0	0	0	0	0	0	0	0	0	0	0	0	0	0	0	0	0	0	0	0	0	0	0	0	0	0	0	0	0	0	0	1664	0	0	1322	26670	1508	1900	238	24054	1952	56128	3352	10126	0	22302	2906	3338	2138	546	330	234	446	7130	10764	3974	3176	1934	530	
423536	Cerebelum_Crus1_R	0	0	0	0	0	0	0	0	0	0	0	0	0	0	0	0	0	0	0	0	0	0	0	0	0	0	0	0	0	0	0	0	0	0	0	0	0	598	0	2388	0	0	0	0	0	0	216	3194	0	0	0	0	0	314	0	11172	0	0	0	0	0	0	0	0	0	0	0	0	0	0	0	0	0	0	0	0	0	0	0	0	0	0	0	0	0	0	0	0	0	1414	1322	0	1110	31912	274	2988	1078	20892	4572	51752	752	4524	3814	25416	858	6152	0	964	184	1534	9802	11920	7908	1642	788	314	
324608	Cerebelum_Crus2_L	0	0	0	0	0	0	0	0	0	0	0	0	0	0	0	0	0	0	0	0	0	0	0	0	0	0	0	0	0	0	0	0	0	0	0	0	0	0	0	0	0	0	0	0	0	0	246	1316	0	0	0	0	0	128	0	648	0	0	0	0	0	0	0	0	0	0	0	0	0	0	0	0	0	0	0	0	0	0	0	0	0	0	0	0	0	0	0	0	0	0	26670	1110	0	6732	0	0	1190	856	9708	2354	36478	3120	40782	3806	10946	1318	706	294	0	0	1876	4724	3278	2950	902	166	
286684	Cerebelum_Crus2_R	0	0	0	0	0	0	0	0	0	0	0	0	0	0	0	0	0	0	0	0	0	0	0	0	0	0	0	0	0	0	0	0	0	0	0	0	0	0	0	0	0	0	0	0	0	0	0	0	0	0	0	0	0	0	0	352	0	0	0	0	0	0	0	0	0	0	0	0	0	0	0	0	0	0	0	0	0	0	0	0	0	0	0	0	0	0	0	0	0	0	1508	31912	6732	0	110	672	294	1512	552	9886	1798	19368	3308	37240	440	8416	0	882	120	558	714	1598	9580	4236	1100	454	
41384	Cerebelum_3_L	0	0	0	0	0	0	0	0	0	0	0	0	0	0	0	0	0	0	0	0	0	0	0	0	0	0	0	0	0	0	0	0	0	0	0	0	0	144	168	0	0	0	0	0	0	0	154	512	0	0	0	0	0	0	0	0	0	0	0	0	0	0	0	0	0	0	0	0	0	0	0	0	0	0	0	0	0	0	0	0	0	0	0	0	0	0	0	0	0	0	1900	274	0	110	0	0	8584	590	2290	436	0	0	0	142	864	0	226	0	984	1918	1396	0	0	0	0	0	
63252	Cerebelum_3_R	0	0	0	0	0	0	0	0	0	0	0	0	0	0	0	0	0	0	0	0	0	0	0	0	0	0	0	0	0	0	0	0	0	0	0	0	0	348	0	1514	0	0	0	0	0	0	0	480	0	0	0	0	0	0	0	1840	0	0	0	0	0	0	0	0	0	0	0	0	0	0	0	0	0	0	0	0	0	0	0	0	0	0	0	0	0	0	0	0	0	216	238	2988	0	672	0	0	540	6530	474	7092	0	0	126	1208	214	914	0	172	706	2984	1424	644	0	0	302	0	
278028	Cerebelum_4_5_L	0	0	0	0	0	0	0	0	0	0	0	0	0	0	0	0	0	0	0	0	0	0	0	0	0	0	0	0	0	0	0	0	0	0	0	0	0	110	228	0	0	0	0	0	0	0	6104	1336	0	0	498	0	1924	0	14486	166	0	0	0	0	0	0	0	0	0	0	0	0	0	0	0	0	0	0	0	0	0	0	0	0	0	0	0	0	0	0	0	0	0	0	24054	1078	1190	294	8584	540	0	4048	36462	2108	640	0	2318	450	5218	1464	1390	0	1190	2482	13578	4540	0	0	724	1810	
275584	Cerebelum_4_5_R	0	0	0	0	0	0	0	0	0	0	0	0	0	0	0	0	0	0	0	0	0	0	0	0	0	0	0	0	0	0	0	0	0	0	0	0	0	1468	0	4790	0	0	0	0	0	0	518	7326	0	0	0	0	0	324	286	10236	0	0	0	0	0	0	0	0	0	0	0	270	0	0	0	0	0	218	0	0	0	0	0	0	0	0	0	0	0	0	0	0	0	148	1952	20892	856	1512	590	6530	4048	0	5402	32638	200	0	3216	2118	1454	1572	192	176	350	2580	18306	5778	486	126	228	1006	
498248	Cerebelum_6_L	0	0	0	0	0	0	0	0	0	0	0	0	0	0	0	0	0	0	0	0	0	0	0	0	0	0	0	0	0	0	0	0	0	0	0	0	0	0	0	0	0	0	152	0	0	0	9362	6170	0	0	1380	0	4110	378	23000	2128	0	0	0	0	0	0	0	0	0	0	0	0	0	0	0	0	0	0	0	0	0	0	0	0	0	0	0	0	126	0	0	0	636	0	56128	4572	9708	552	2290	474	36462	5402	0	8574	4994	0	15784	1074	4572	2860	854	430	448	678	15204	21380	2556	2590	3024	1072	
459280	Cerebelum_6_R	0	0	0	0	0	0	0	0	0	0	0	0	0	0	0	0	0	0	0	0	0	0	0	0	0	0	0	0	0	254	0	0	0	0	0	0	0	2152	0	3750	0	0	0	844	0	140	476	9496	0	0	0	0	0	1242	0	17132	0	0	0	0	0	0	0	0	0	0	0	114	0	0	0	0	0	198	0	0	0	0	0	0	0	0	0	0	0	0	0	0	0	768	3352	51752	2354	9886	436	7092	2108	32638	8574	0	830	362	5178	10718	1410	5414	102	2020	388	2974	14852	18448	7006	2390	2522	268	
234312	Cerebelum_7b_L	0	0	0	0	0	0	0	0	0	0	0	0	0	0	0	0	0	0	0	0	0	0	0	0	0	0	0	0	0	0	0	0	0	0	0	0	0	0	0	0	0	0	0	0	0	0	0	232	0	0	0	0	0	0	0	110	0	0	0	0	0	0	0	0	0	0	0	0	0	0	0	0	0	0	0	0	0	0	0	0	0	0	0	0	0	0	0	0	0	0	10126	752	36478	1798	0	0	640	200	4994	830	0	136	35498	3654	8878	874	560	110	0	0	530	2094	3394	3988	982	298	
94644	Cerebelum_7b_R	0	0	0	0	0	0	0	0	0	0	0	0	0	0	0	0	0	0	0	0	0	0	0	0	0	0	0	0	0	0	0	0	0	0	0	0	0	0	0	0	0	0	0	0	0	0	0	0	0	0	0	0	0	0	0	0	0	0	0	0	0	0	0	0	0	0	0	0	0	0	0	0	0	0	0	0	0	0	0	0	0	0	0	0	0	0	0	0	0	0	0	4524	3120	19368	0	0	0	0	0	362	136	0	220	16442	0	940	0	0	0	0	0	0	1476	734	0	0	
421360	Cerebelum_8_L	0	0	0	0	0	0	0	0	0	0	0	0	0	0	0	0	0	0	0	0	0	0	0	0	0	0	0	0	0	0	0	0	0	0	0	0	0	0	0	0	0	0	0	0	0	0	114	3114	0	0	0	0	0	294	278	1690	0	0	0	0	0	0	0	0	0	0	0	0	0	0	0	0	0	0	0	0	0	0	0	0	0	0	0	0	0	0	0	0	180	0	22302	3814	40782	3308	0	126	2318	3216	15784	5178	35498	220	0	6722	24914	3652	2048	380	150	142	6116	10042	5184	8498	3836	780	
311360	Cerebelum_8_R	0	0	0	0	0	0	0	0	0	0	0	0	0	0	0	0	0	0	0	0	0	0	0	0	0	0	0	0	0	0	0	0	0	0	0	0	0	0	0	0	0	0	0	0	0	0	0	256	0	0	0	0	0	0	0	1036	0	0	0	0	0	0	0	0	0	0	0	0	0	0	0	0	0	0	0	0	0	0	0	0	0	0	0	0	0	0	0	0	0	160	2906	25416	3806	37240	142	1208	450	2118	1074	10718	3654	16442	6722	0	988	18670	0	990	182	836	1142	2404	7962	6566	1814	778	
175756	Cerebelum_9_L	0	0	0	0	0	0	0	0	0	0	0	0	0	0	0	0	0	0	0	0	0	0	0	0	0	0	0	0	0	0	0	0	0	0	0	0	0	0	0	0	0	0	0	0	0	0	0	636	0	0	0	0	0	0	118	230	0	0	0	0	0	0	0	0	0	0	0	0	0	0	0	0	0	0	0	0	0	0	0	0	0	0	0	0	0	0	0	0	0	0	3338	858	10946	440	864	214	5218	1454	4572	1410	8878	0	24914	988	0	2874	3844	280	282	430	4472	3256	730	1822	3218	1592	
178708	Cerebelum_9_R	0	0	0	0	0	0	0	0	0	0	0	0	0	0	0	0	0	0	0	0	0	0	0	0	0	0	0	0	0	0	0	0	0	0	0	0	0	0	0	0	0	0	0	0	0	0	0	814	0	0	0	0	0	0	0	342	0	0	0	0	0	0	0	0	0	0	0	0	0	0	0	0	0	0	0	0	0	0	0	0	0	0	0	0	0	0	0	0	0	0	2138	6152	1318	8416	0	914	1464	1572	2860	5414	874	940	3652	18670	2874	0	182	2338	610	672	2156	6012	4060	5204	6846	2860	
24928	Cerebelum_10_L	0	0	0	0	0	0	0	0	0	0	0	0	0	0	0	0	0	0	0	0	0	0	0	0	0	0	0	0	0	0	0	0	0	0	0	0	0	0	0	0	0	0	0	0	0	0	0	102	0	0	0	0	0	0	0	0	0	0	0	0	0	0	0	0	0	0	0	0	0	0	0	0	0	0	0	0	0	0	0	0	0	0	0	0	0	0	0	0	0	0	546	0	706	0	226	0	1390	192	854	102	560	0	2048	0	3844	182	0	0	0	118	986	486	0	0	122	0	
25528	Cerebelum_10_R	0	0	0	0	0	0	0	0	0	0	0	0	0	0	0	0	0	0	0	0	0	0	0	0	0	0	0	0	0	0	0	0	0	0	0	0	0	0	0	0	0	0	0	0	0	0	0	182	0	0	0	0	0	0	0	0	0	0	0	0	0	0	0	0	0	0	0	0	0	0	0	0	0	0	0	0	0	0	0	0	0	0	0	0	0	0	0	0	0	0	330	964	294	882	0	172	0	176	430	2020	110	0	380	990	280	2338	0	0	0	108	0	1064	1218	344	482	0	
21780	Vermis_1_2	0	0	0	0	0	0	0	0	0	0	0	0	0	0	0	0	0	0	0	0	0	0	0	0	0	0	0	0	0	0	0	0	0	0	0	0	0	0	0	0	0	0	0	0	0	0	0	0	0	0	0	0	0	0	0	0	0	0	0	0	0	0	0	0	0	0	0	0	0	0	0	0	0	0	0	0	0	0	0	0	0	0	0	0	0	0	0	0	0	0	234	184	0	120	984	706	1190	350	448	388	0	0	150	182	282	610	0	0	0	3246	1146	366	0	0	194	110	
50452	Vermis_3	0	0	0	0	0	0	0	0	0	0	0	0	0	0	0	0	0	0	0	0	0	0	0	0	0	0	0	0	0	0	0	0	0	0	0	0	0	0	0	0	0	0	0	0	0	0	0	218	0	0	0	0	0	0	0	0	0	0	0	0	0	0	0	0	0	0	0	0	0	0	0	0	0	0	0	0	0	0	0	0	0	0	0	0	0	0	0	0	0	0	446	1534	0	558	1918	2984	2482	2580	678	2974	0	0	142	836	430	672	118	108	3246	0	2564	498	0	0	240	0	
283668	Vermis_4_5	0	0	0	0	0	0	0	0	0	0	0	0	0	0	0	0	0	0	114	226	0	0	0	0	0	0	0	0	0	0	0	0	0	270	0	724	0	320	0	286	0	0	0	860	0	112	2224	7340	0	0	0	0	806	392	2122	3870	0	0	0	0	0	0	0	0	0	0	0	2458	0	0	0	0	0	0	0	0	0	0	0	0	0	0	0	0	0	0	0	0	0	0	7130	9802	1876	714	1396	1424	13578	18306	15204	14852	530	0	6116	1142	4472	2156	986	0	1146	2564	0	13242	0	0	966	2108	
315336	Vermis_6	0	0	0	0	0	0	0	0	0	0	0	0	0	0	0	0	0	0	0	0	0	0	0	0	0	0	0	0	0	0	0	0	0	0	0	0	0	0	0	0	0	0	0	0	0	0	3006	8882	0	0	302	0	1078	548	2444	3596	0	0	0	0	0	0	0	0	0	0	0	0	0	0	0	0	0	0	0	0	0	0	0	0	0	0	0	0	0	0	0	0	0	0	10764	11920	4724	1598	0	644	4540	5778	21380	18448	2094	0	10042	2404	3256	6012	486	1064	366	498	13242	0	6564	3988	5634	2366	
155868	Vermis_7	0	0	0	0	0	0	0	0	0	0	0	0	0	0	0	0	0	0	0	0	0	0	0	0	0	0	0	0	0	0	0	0	0	0	0	0	0	0	0	0	0	0	0	0	0	0	0	334	0	0	0	0	0	0	0	296	0	0	0	0	0	0	0	0	0	0	0	0	0	0	0	0	0	0	0	0	0	0	0	0	0	0	0	0	0	0	0	0	0	0	3974	7908	3278	9580	0	0	0	486	2556	7006	3394	1476	5184	7962	730	4060	0	1218	0	0	0	6564	0	7652	3768	508	
126600	Vermis_8	0	0	0	0	0	0	0	0	0	0	0	0	0	0	0	0	0	0	0	0	0	0	0	0	0	0	0	0	0	0	0	0	0	0	0	0	0	0	0	0	0	0	0	0	0	0	0	570	0	0	0	0	0	0	0	250	0	0	0	0	0	0	0	0	0	0	0	0	0	0	0	0	0	0	0	0	0	0	0	0	0	0	0	0	0	0	0	0	0	0	3176	1642	2950	4236	0	0	0	126	2590	2390	3988	734	8498	6566	1822	5204	0	344	0	0	0	3988	7652	0	5856	718	
