data	data	479528	238064	1.17299e+06	762132	146872	116496	567960	330416	88076	45816	297088	223460	314588	257392	178872	112268	304844	161528	1.00126e+06	764868	111104	107400	341668	387588	52072	134944	97680	107948	681308	472184	461772	577292	231120	469988	78036	122572	278824	274248	111468	225460	67340	66596	290584	382104	195780	283260	311712	411808	228324	337636	461740	307104	176144	146360	355144	411436	286244	221864	156468	115044	183808	115568	122048	121624	131716	166248	225728	402536	328276	142096	415784	604556	380952	435224	87872	53500	161028	216364	58988	53232	243292	113004	194320	61324	330344	253624	46132	14084	257476	176292	360452	500604	368672	413100	21812	56240	255892	251816	328384	417600	268244	266452	305752	341004	112680	187116	29404	33148	40556	68648	276712	189848	267672	231432	124040	21536	
data	data	Precentral_L	Precentral_R	Frontal_Sup_L	Frontal_Sup_R	Frontal_Sup_Orb_L	Frontal_Sup_Orb_R	Frontal_Mid_L	Frontal_Mid_R	Frontal_Mid_Orb_L	Frontal_Mid_Orb_R	Frontal_Inf_Oper_L	Frontal_Inf_Oper_R	Frontal_Inf_Tri_L	Frontal_Inf_Tri_R	Frontal_Inf_Orb_L	Frontal_Inf_Orb_R	Rolandic_Oper_L	Rolandic_Oper_R	Supp_Motor_Area_L	Supp_Motor_Area_R	Olfactory_L	Olfactory_R	Frontal_Sup_Medial_L	Frontal_Sup_Medial_R	Frontal_Med_Orb_L	Frontal_Med_Orb_R	Rectus_L	Rectus_R	Insula_L	Insula_R	Cingulum_Ant_L	Cingulum_Ant_R	Cingulum_Mid_L	Cingulum_Mid_R	Cingulum_Post_L	Cingulum_Post_R	Hippocampus_L	Hippocampus_R	ParaHippocampal_L	ParaHippocampal_R	Amygdala_L	Amygdala_R	Calcarine_L	Calcarine_R	Cuneus_L	Cuneus_R	Lingual_L	Lingual_R	Occipital_Sup_L	Occipital_Sup_R	Occipital_Mid_L	Occipital_Mid_R	Occipital_Inf_L	Occipital_Inf_R	Fusiform_L	Fusiform_R	Postcentral_L	Postcentral_R	Parietal_Sup_L	Parietal_Sup_R	Parietal_Inf_L	Parietal_Inf_R	SupraMarginal_L	SupraMarginal_R	Angular_L	Angular_R	Precuneus_L	Precuneus_R	Paracentral_Lobule_L	Paracentral_Lobule_R	Caudate_L	Caudate_R	Putamen_L	Putamen_R	Pallidum_L	Pallidum_R	Thalamus_L	Thalamus_R	Heschl_L	Heschl_R	Temporal_Sup_L	Temporal_Sup_R	Temporal_Pole_Sup_L	Temporal_Pole_Sup_R	Temporal_Mid_L	Temporal_Mid_R	Temporal_Pole_Mid_L	Temporal_Pole_Mid_R	Temporal_Inf_L	Temporal_Inf_R	Cerebelum_Crus1_L	Cerebelum_Crus1_R	Cerebelum_Crus2_L	Cerebelum_Crus2_R	Cerebelum_3_L	Cerebelum_3_R	Cerebelum_4_5_L	Cerebelum_4_5_R	Cerebelum_6_L	Cerebelum_6_R	Cerebelum_7b_L	Cerebelum_7b_R	Cerebelum_8_L	Cerebelum_8_R	Cerebelum_9_L	Cerebelum_9_R	Cerebelum_10_L	Cerebelum_10_R	Vermis_1_2	Vermis_3	Vermis_4_5	Vermis_6	Vermis_7	Vermis_8	Vermis_9	Vermis_10	
479528	Precentral_L	0	474	27416	1250	0	0	15574	168	0	0	9206	184	1806	0	0	0	10802	194	25414	3652	0	0	0	0	0	0	0	0	7358	308	0	0	482	1026	436	0	7190	182	540	0	0	0	632	0	246	0	0	0	0	0	5138	0	638	0	828	0	23558	0	496	0	1824	0	926	0	756	0	388	0	28450	126	9272	1078	11878	314	9854	0	15638	1376	1790	0	3142	0	1266	0	3658	0	0	0	2830	0	0	0	0	0	0	0	0	0	0	0	0	0	0	0	0	0	0	0	0	0	0	0	0	0	0	0	
238064	Precentral_R	474	0	2022	11200	0	0	124	6290	0	0	0	5986	0	494	0	190	0	4598	3984	14972	0	0	0	0	0	0	0	0	0	4604	120	0	1458	2826	360	698	156	2030	0	134	0	144	0	0	0	0	0	0	0	0	0	0	0	0	0	188	0	21068	0	292	0	564	108	2748	0	388	0	368	1320	8302	1474	6742	304	2526	0	440	198	7386	0	682	0	552	0	0	0	312	0	0	0	206	0	0	0	0	0	0	0	0	0	0	0	0	0	0	0	0	0	0	0	0	0	0	0	0	0	0	
1.17299e+06	Frontal_Sup_L	27416	2022	0	10852	8316	0	86756	2292	3428	0	15996	856	25464	552	8928	336	13170	988	107296	13220	0	0	40336	12230	1100	0	1042	0	34612	2094	32042	12814	8770	8408	274	0	3720	566	132	0	0	0	138	0	122	0	0	0	0	0	134	0	0	0	212	0	2542	432	0	0	444	0	386	0	0	0	248	0	10456	0	23524	7424	22984	2736	8002	374	6340	210	1316	0	4852	0	7288	0	140	0	0	0	162	0	0	0	0	0	0	0	0	0	0	0	0	0	0	0	0	0	0	0	0	0	0	0	0	0	0	0	
762132	Frontal_Sup_R	1250	11200	10852	0	0	9824	1246	37298	0	2284	130	3968	228	8430	114	5490	452	5496	16760	65650	0	966	6326	33416	194	5770	0	5060	932	12818	8332	27324	1070	13438	852	138	1448	3642	678	306	0	310	0	0	0	0	0	0	0	0	0	0	0	0	0	0	120	2698	0	0	0	0	0	0	0	0	0	0	686	176	4538	27118	870	16544	0	2154	758	18636	0	1342	134	1212	0	388	0	0	0	0	0	0	0	0	0	0	0	0	0	0	0	0	0	0	0	0	0	0	0	0	0	0	0	0	0	0	0	0	
146872	Frontal_Sup_Orb_L	0	0	8316	0	0	0	3464	0	10982	0	228	0	1968	0	10938	0	0	0	752	0	2282	132	2574	0	4384	132	9142	0	5830	0	3454	318	0	0	0	0	0	0	0	0	570	0	0	0	0	0	0	0	0	0	0	0	0	0	0	0	0	0	0	0	0	0	0	0	0	0	0	0	0	0	580	126	6870	0	0	0	0	0	0	0	0	0	394	0	0	0	0	0	0	0	0	0	0	0	0	0	0	0	0	0	0	0	0	0	0	0	0	0	0	0	0	0	0	0	0	0	
116496	Frontal_Sup_Orb_R	0	0	0	9824	0	0	0	1654	0	4066	0	302	0	250	0	3264	0	0	0	412	0	1248	112	4968	198	7466	0	9338	0	1094	1266	4388	0	0	0	0	0	0	0	0	0	0	0	0	0	0	0	0	0	0	0	0	0	0	0	0	0	0	0	0	0	0	0	0	0	0	0	0	0	0	122	4840	0	3436	0	0	0	0	0	0	0	0	0	0	0	0	0	0	0	0	0	0	0	0	0	0	0	0	0	0	0	0	0	0	0	0	0	0	0	0	0	0	0	0	0	0	
567960	Frontal_Mid_L	15574	124	86756	1246	3464	0	0	0	4960	0	12224	124	40370	142	12732	0	3720	0	24748	1310	0	0	12142	2008	152	0	482	0	24280	242	7150	1362	2594	1262	290	0	412	0	0	0	0	0	0	0	0	0	0	0	0	0	386	0	124	0	134	0	968	0	122	0	194	0	0	0	0	0	0	0	182	0	5618	570	8670	262	1968	0	222	0	288	0	1656	0	2616	0	130	0	0	0	0	0	0	0	0	0	0	0	0	0	0	0	0	0	0	0	0	0	0	0	0	0	0	0	0	0	0	0	
330416	Frontal_Mid_R	168	6290	2292	37298	0	1654	0	0	0	4444	0	6802	0	23754	0	8400	0	116	3924	6294	0	522	1366	7754	0	708	0	1020	198	9264	1202	10366	510	4834	0	0	0	1540	0	408	0	0	0	0	0	0	0	0	0	0	0	0	0	0	0	376	0	1202	0	0	0	0	0	260	0	0	0	0	0	0	1936	11580	348	7274	0	944	0	160	0	0	0	0	0	0	0	0	0	0	0	0	0	0	0	0	0	0	0	0	0	0	0	0	0	0	0	0	0	0	0	0	0	0	0	0	0	0	
88076	Frontal_Mid_Orb_L	0	0	3428	0	10982	0	4960	0	0	0	0	0	3026	0	14930	0	0	0	170	0	368	0	0	0	190	0	1156	0	3204	0	0	0	0	0	0	0	0	0	0	0	0	0	0	0	0	0	0	0	0	0	0	0	0	0	0	0	0	0	0	0	0	0	0	0	0	0	0	0	0	0	0	0	1500	0	0	0	0	0	0	0	0	0	124	0	0	0	0	0	0	0	0	0	0	0	0	0	0	0	0	0	0	0	0	0	0	0	0	0	0	0	0	0	0	0	0	0	
45816	Frontal_Mid_Orb_R	0	0	0	2284	0	4066	0	4444	0	0	0	0	0	328	0	7002	0	0	0	0	0	356	0	0	0	434	0	1728	0	864	0	254	0	0	0	0	0	0	0	0	0	0	0	0	0	0	0	0	0	0	0	0	0	0	0	0	0	0	0	0	0	0	0	0	0	0	0	0	0	0	0	514	0	634	0	0	0	0	0	0	0	0	0	0	0	0	0	0	0	0	0	0	0	0	0	0	0	0	0	0	0	0	0	0	0	0	0	0	0	0	0	0	0	0	0	0	
297088	Frontal_Inf_Oper_L	9206	0	15996	130	228	0	12224	0	0	0	0	124	16302	144	164	0	15640	0	8556	0	0	0	1134	276	0	0	168	0	26750	160	3948	644	180	0	0	0	310	0	290	0	0	0	0	0	0	0	0	0	0	0	0	0	0	0	412	0	2822	0	0	0	0	0	0	0	0	0	0	0	136	0	5858	354	5162	0	0	0	238	0	358	0	7534	0	12552	0	0	0	152	0	392	0	0	0	0	0	0	0	0	0	0	0	0	0	0	0	0	0	0	0	0	0	0	0	0	0	0	0	
223460	Frontal_Inf_Oper_R	184	5986	856	3968	0	302	124	6802	0	0	124	0	108	10484	0	654	180	4964	2882	5534	0	0	118	1096	0	0	0	0	598	25134	464	1720	0	1544	0	0	0	850	0	258	0	0	0	0	0	0	0	0	0	0	0	0	0	0	0	230	0	2108	0	0	0	0	0	256	0	0	0	0	0	0	2268	14534	696	11988	0	3070	0	252	0	180	0	212	0	1002	0	0	0	0	0	0	0	0	0	0	0	0	0	0	0	0	0	0	0	0	0	0	0	0	0	0	0	0	0	0	0	0	
314588	Frontal_Inf_Tri_L	1806	0	25464	228	1968	0	40370	0	3026	0	16302	108	0	156	12630	0	1270	0	9938	162	0	0	1622	334	0	0	158	0	26282	156	4494	734	144	0	0	0	0	0	0	0	0	0	0	0	0	0	0	0	0	0	0	0	0	0	0	0	338	0	0	0	0	0	0	0	0	0	0	0	0	0	4580	262	3464	0	0	0	0	0	0	0	578	0	720	0	0	0	0	0	0	0	0	0	0	0	0	0	0	0	0	0	0	0	0	0	0	0	0	0	0	0	0	0	0	0	0	0	
257392	Frontal_Inf_Tri_R	0	494	552	8430	0	250	142	23754	0	328	144	10484	156	0	0	4152	0	200	1770	6084	0	198	1218	3560	0	992	0	806	512	19152	2086	13374	680	6084	0	0	0	130	0	0	0	0	0	0	0	0	0	0	0	0	0	0	0	0	0	0	0	328	0	0	0	0	0	0	0	0	0	0	0	0	3068	13126	1084	4888	0	340	0	130	0	0	0	0	0	0	0	0	0	0	0	0	0	0	0	0	0	0	0	0	0	0	0	0	0	0	0	0	0	0	0	0	0	0	0	0	0	0	
178872	Frontal_Inf_Orb_L	0	0	8928	114	10938	0	12732	0	14930	0	164	0	12630	0	0	0	0	0	2914	122	2988	0	136	0	0	0	1686	0	13386	0	178	0	0	0	0	0	990	0	194	0	1478	0	0	0	0	0	0	0	0	0	0	0	0	0	148	0	0	0	0	0	0	0	0	0	0	0	0	0	0	0	354	0	3130	0	0	0	0	0	0	0	0	0	1296	0	0	0	0	0	0	0	0	0	0	0	0	0	0	0	0	0	0	0	0	0	0	0	0	0	0	0	0	0	0	0	0	0	
112268	Frontal_Inf_Orb_R	0	190	336	5490	0	3264	0	8400	0	7002	0	654	0	4152	0	0	0	0	442	1070	0	1242	226	712	0	0	0	1550	108	9742	432	1062	0	232	0	0	0	0	0	0	0	458	0	0	0	0	0	0	0	0	0	0	0	0	0	0	0	0	0	0	0	0	0	0	0	0	0	0	0	0	908	5156	0	2954	0	0	0	194	0	0	0	0	0	158	0	0	0	0	0	0	0	0	0	0	0	0	0	0	0	0	0	0	0	0	0	0	0	0	0	0	0	0	0	0	0	0	
304844	Rolandic_Oper_L	10802	0	13170	452	0	0	3720	0	0	0	15640	180	1270	0	0	0	0	132	13662	930	0	0	132	0	0	0	0	0	33238	254	140	0	134	0	0	0	2158	0	0	0	0	0	0	0	0	0	0	0	0	0	222	0	0	0	640	0	10374	0	0	0	1178	0	3936	0	0	0	0	0	1386	0	1618	516	2604	240	0	0	164	0	5380	0	15028	0	11680	0	550	0	0	0	752	0	140	0	0	0	0	0	0	0	0	0	0	0	0	0	0	0	0	0	0	0	0	0	0	0	0	0	
161528	Rolandic_Oper_R	194	4598	988	5496	0	0	0	116	0	0	0	4964	0	200	0	0	132	0	3060	6906	0	0	0	0	0	0	0	0	200	14740	332	178	0	0	0	0	0	2336	0	430	0	0	0	0	0	0	0	0	0	0	0	0	0	0	0	706	0	4868	0	142	0	482	0	1794	0	360	0	238	0	468	444	4194	256	6228	0	1612	0	108	0	6548	0	4390	0	1970	0	382	0	0	0	704	0	0	0	0	0	0	0	0	0	0	0	0	0	0	0	0	0	0	0	0	0	0	0	0	0	0	
1.00126e+06	Supp_Motor_Area_L	25414	3984	107296	16760	752	0	24748	3924	170	0	8556	2882	9938	1770	2914	442	13662	3060	0	46306	0	0	10038	6064	140	0	498	0	19722	5612	20444	13562	16488	23738	168	0	3046	508	0	228	0	0	138	0	122	0	0	0	0	0	0	0	0	0	144	226	3876	744	0	0	162	0	382	0	0	0	236	0	26454	1734	18294	9968	13846	5176	4996	232	9524	1510	1178	0	4458	110	3964	176	0	0	0	0	144	0	0	0	0	0	0	0	0	0	0	0	0	0	0	0	0	0	0	0	0	0	0	0	0	0	0	0	
764868	Supp_Motor_Area_R	3652	14972	13220	65650	0	412	1310	6294	0	0	0	5534	162	6084	122	1070	930	6906	46306	0	0	116	2194	9948	0	194	0	0	1682	11772	3736	14892	9250	37838	1162	1992	1530	3472	672	700	0	282	0	0	0	0	0	0	0	0	0	174	0	0	0	358	128	3588	0	0	0	148	0	0	0	466	148	702	10414	10948	3826	25050	1164	12762	0	402	1002	34112	0	1006	184	1006	0	418	0	372	0	0	0	0	0	0	0	0	0	0	0	0	0	0	0	0	0	0	0	0	0	0	0	0	0	0	0	0	0	0	
111104	Olfactory_L	0	0	0	0	2282	0	0	0	368	0	0	0	0	0	2988	0	0	0	0	0	0	8028	0	0	1288	720	5454	566	4846	0	4146	2256	0	0	0	0	1896	0	846	0	3396	0	0	0	0	0	0	0	0	0	0	0	0	0	294	0	0	0	0	0	0	0	0	0	0	0	0	0	0	0	8662	4950	1882	256	0	0	0	0	0	0	0	0	428	0	0	0	0	0	0	0	0	0	0	0	0	0	0	0	0	0	0	0	0	0	0	0	0	0	0	0	0	0	0	0	0	0	
107400	Olfactory_R	0	0	0	966	132	1248	0	522	0	356	0	0	0	198	0	1242	0	0	0	116	8028	0	0	376	706	3844	3950	3442	144	2204	3652	5240	0	130	0	0	0	0	0	128	176	894	0	0	0	0	0	0	0	0	0	0	0	0	0	0	0	0	0	0	0	0	0	0	0	0	0	0	0	0	6994	6694	1556	582	0	0	0	0	0	0	0	0	0	180	0	0	0	0	0	0	0	0	0	0	0	0	0	0	0	0	0	0	0	0	0	0	0	0	0	0	0	0	0	0	0	0	
341668	Frontal_Sup_Medial_L	0	0	40336	6326	2574	112	12142	1366	0	0	1134	118	1622	1218	136	226	132	0	10038	2194	0	0	0	24738	1824	502	258	182	1470	1038	21996	17002	6946	13456	0	0	0	0	0	0	0	0	0	0	0	0	0	0	0	0	0	0	0	0	0	0	0	0	0	0	0	0	0	0	0	0	0	0	0	0	388	538	422	276	0	0	0	0	0	0	0	0	124	0	0	0	0	0	0	0	0	0	0	0	0	0	0	0	0	0	0	0	0	0	0	0	0	0	0	0	0	0	0	0	0	0	
387588	Frontal_Sup_Medial_R	0	0	12230	33416	0	4968	2008	7754	0	0	276	1096	334	3560	0	712	0	0	6064	9948	0	376	24738	0	458	5958	0	2626	658	3104	14702	29014	1392	16112	0	0	0	0	0	0	0	0	0	0	0	0	0	0	0	0	0	0	0	0	0	0	0	0	0	0	0	0	0	0	0	0	0	0	0	0	512	6824	170	4784	0	0	0	0	0	0	0	0	0	0	0	0	0	0	0	0	0	0	0	0	0	0	0	0	0	0	0	0	0	0	0	0	0	0	0	0	0	0	0	0	0	0	
52072	Frontal_Med_Orb_L	0	0	1100	194	4384	198	152	0	190	0	0	0	0	0	0	0	0	0	140	0	1288	706	1824	458	0	1466	3632	614	408	0	5310	818	0	0	0	0	0	0	0	0	0	0	0	0	0	0	0	0	0	0	0	0	0	0	0	0	0	0	0	0	0	0	0	0	0	0	0	0	0	0	1918	344	892	0	0	0	0	0	0	0	0	0	0	0	0	0	0	0	0	0	0	0	0	0	0	0	0	0	0	0	0	0	0	0	0	0	0	0	0	0	0	0	0	0	0	0	
134944	Frontal_Med_Orb_R	0	0	0	5770	132	7466	0	708	0	434	0	0	0	992	0	0	0	0	0	194	720	3844	502	5958	1466	0	502	13250	0	0	3832	10812	0	186	0	0	0	0	0	0	0	0	0	0	0	0	0	0	0	0	0	0	0	0	0	0	0	0	0	0	0	0	0	0	0	0	0	0	0	0	574	5928	0	4202	0	0	0	0	0	0	0	0	0	0	0	0	0	0	0	0	0	0	0	0	0	0	0	0	0	0	0	0	0	0	0	0	0	0	0	0	0	0	0	0	0	0	
97680	Rectus_L	0	0	1042	0	9142	0	482	0	1156	0	168	0	158	0	1686	0	0	0	498	0	5454	3950	258	0	3632	502	0	576	1024	0	6086	1354	0	0	0	0	0	0	0	0	396	0	0	0	0	0	0	0	0	0	0	0	0	0	0	0	0	0	0	0	0	0	0	0	0	0	0	0	0	0	6310	2644	1930	224	0	0	168	0	0	0	0	0	0	0	0	0	0	0	0	0	0	0	0	0	0	0	0	0	0	0	0	0	0	0	0	0	0	0	0	0	0	0	0	0	0	0	
107948	Rectus_R	0	0	0	5060	0	9338	0	1020	0	1728	0	0	0	806	0	1550	0	0	0	0	566	3442	182	2626	614	13250	576	0	0	550	1880	5432	0	0	0	0	0	0	0	0	0	0	0	0	0	0	0	0	0	0	0	0	0	0	0	0	0	0	0	0	0	0	0	0	0	0	0	0	0	0	314	3468	0	1572	0	0	0	0	0	0	0	0	0	0	0	0	0	0	0	0	0	0	0	0	0	0	0	0	0	0	0	0	0	0	0	0	0	0	0	0	0	0	0	0	0	0	
681308	Insula_L	7358	0	34612	932	5830	0	24280	198	3204	0	26750	598	26282	512	13386	108	33238	200	19722	1682	4846	144	1470	658	408	0	1024	0	0	948	3798	1096	362	126	0	0	20228	0	1936	0	5466	0	0	0	0	0	0	0	0	0	562	0	0	0	4342	0	3708	0	0	0	1532	0	2862	0	222	0	0	0	1110	0	10172	1870	25088	686	320	0	884	0	6698	0	15186	0	15372	0	2520	0	520	0	5290	0	308	0	0	0	0	0	0	0	0	0	0	0	0	0	0	0	0	0	0	0	0	0	0	0	0	0	
472184	Insula_R	308	4604	2094	12818	0	1094	242	9264	0	864	160	25134	156	19152	0	9742	254	14740	5612	11772	0	2204	1038	3104	0	0	0	550	948	0	1936	6602	504	4234	230	0	334	7820	174	3124	0	3110	0	0	0	0	0	0	0	0	0	0	0	0	0	3238	0	3590	0	0	0	0	0	174	0	0	0	0	0	0	3640	22178	1322	31312	0	2832	0	1722	0	1910	0	3976	0	3160	0	1930	0	0	0	802	0	0	0	0	0	0	0	274	0	110	0	0	0	0	0	0	0	0	0	0	0	0	0	0	0	0	
461772	Cingulum_Ant_L	0	120	32042	8332	3454	1266	7150	1202	0	0	3948	464	4494	2086	178	432	140	332	20444	3736	4146	3652	21996	14702	5310	3832	6086	1880	3798	1936	0	31170	7208	9160	0	0	0	0	0	0	0	0	0	0	0	0	0	0	0	0	0	0	0	0	0	0	0	126	0	0	0	0	0	0	0	0	0	0	0	0	12514	5410	6364	1274	0	0	376	0	0	0	0	0	126	0	0	0	0	0	0	0	0	0	0	0	0	0	0	0	0	0	0	0	0	0	0	0	0	0	0	0	0	0	0	0	0	0	
577292	Cingulum_Ant_R	0	0	12814	27324	318	4388	1362	10366	0	254	644	1720	734	13374	0	1062	0	178	13562	14892	2256	5240	17002	29014	818	10812	1354	5432	1096	6602	31170	0	9622	26092	0	0	0	0	0	0	0	0	0	0	0	0	0	0	0	0	0	0	0	0	0	0	0	0	0	0	0	0	0	0	0	0	0	0	0	0	3786	21762	684	12498	0	244	0	170	0	0	0	0	0	0	0	0	0	0	0	0	0	0	0	0	0	0	0	0	0	0	0	0	0	0	0	0	0	0	0	0	0	0	0	0	0	0	
231120	Cingulum_Mid_L	482	1458	8770	1070	0	0	2594	510	0	0	180	0	144	680	0	0	134	0	16488	9250	0	0	6946	1392	0	0	0	0	362	504	7208	9622	0	20820	2720	1524	0	0	0	0	0	0	1092	0	886	0	0	0	1252	0	2798	0	894	0	512	0	450	586	2182	0	0	0	0	0	0	0	3978	486	3826	1928	308	180	418	0	0	0	138	158	0	0	0	0	0	0	258	202	0	0	170	0	0	0	0	0	0	0	0	0	0	0	0	0	0	0	0	0	0	0	0	0	0	0	0	0	0	0	
469988	Cingulum_Mid_R	1026	2826	8408	13438	0	0	1262	4834	0	0	0	1544	0	6084	0	232	0	0	23738	37838	0	130	13456	16112	0	186	0	0	126	4234	9160	26092	20820	0	318	4194	0	160	0	366	0	0	0	280	0	0	0	896	0	128	0	612	0	0	0	0	0	4478	0	318	0	1032	0	1224	0	1534	520	3674	7610	9850	518	824	0	224	0	0	108	1702	0	0	0	432	0	0	0	1860	0	0	0	272	0	0	0	0	0	0	0	314	0	0	0	0	0	0	0	0	0	0	0	0	0	0	0	0	0	0	
78036	Cingulum_Post_L	436	360	274	852	0	0	290	0	0	0	0	0	0	0	0	0	0	0	168	1162	0	0	0	0	0	0	0	0	0	230	0	0	2720	318	0	5920	4574	2416	2282	364	0	0	1796	0	402	0	638	0	184	0	650	0	520	0	582	0	1068	0	226	0	0	0	0	0	0	0	3638	796	1050	162	0	0	0	0	0	0	418	3172	0	0	0	0	0	0	410	0	0	0	816	0	0	0	0	0	0	0	0	0	0	0	0	0	0	0	0	0	0	0	0	0	124	0	0	0	0	0	
122572	Cingulum_Post_R	0	698	0	138	0	0	0	0	0	0	0	0	0	0	0	0	0	0	0	1992	0	0	0	0	0	0	0	0	0	0	0	0	1524	4194	5920	0	2012	3990	812	1482	0	0	0	1228	0	0	0	6770	0	250	0	666	0	0	0	288	0	1944	0	324	0	672	0	126	0	1300	1028	10158	468	2878	0	124	0	0	0	0	0	1958	0	0	0	0	0	0	0	3382	0	0	0	1228	0	0	0	0	0	0	0	954	0	0	0	0	0	0	0	0	0	0	0	0	2778	0	0	0	0	0	
278824	Hippocampus_L	7190	156	3720	1448	0	0	412	0	0	0	310	0	0	0	990	0	2158	0	3046	1530	1896	0	0	0	0	0	0	0	20228	334	0	0	0	0	4574	2012	0	2148	10752	360	10040	0	1162	0	0	0	2498	0	0	0	0	0	0	0	11524	0	986	0	0	0	264	0	442	0	0	0	2446	794	7070	0	722	280	9768	0	540	0	5596	4432	2162	0	3580	0	2316	0	834	0	510	0	7190	0	630	0	0	0	0	0	248	0	0	0	0	0	0	0	0	0	0	0	0	0	114	0	0	0	0	0	
274248	Hippocampus_R	182	2030	566	3642	0	0	0	1540	0	0	0	850	0	130	0	0	0	2336	508	3472	0	0	0	0	0	0	0	0	0	7820	0	0	0	160	2416	3990	2148	0	1526	22906	0	10822	0	0	0	0	162	2268	0	0	0	0	0	0	0	23190	0	656	0	0	0	0	0	366	0	0	538	2980	0	252	240	1180	0	13624	0	808	0	5160	0	1708	0	958	0	638	0	1658	0	0	0	8884	0	492	0	0	0	480	122	2102	0	896	0	0	0	0	0	0	0	0	0	0	718	0	0	0	0	0	
111468	ParaHippocampal_L	540	0	132	678	0	0	0	0	0	0	290	0	0	0	194	0	0	0	0	672	846	0	0	0	0	0	0	0	1936	174	0	0	0	0	2282	812	10752	1526	0	328	3140	0	1556	0	0	0	5732	340	0	0	346	0	402	0	8034	0	1624	0	388	0	316	0	0	0	0	0	2076	510	310	0	0	0	1038	0	0	0	832	2456	0	0	188	0	912	0	194	0	938	0	750	0	0	0	0	0	424	0	2066	0	0	0	0	0	0	0	0	0	0	0	0	0	0	0	0	0	0	0	
225460	ParaHippocampal_R	0	134	0	306	0	0	0	408	0	0	0	258	0	0	0	0	0	430	228	700	0	128	0	0	0	0	0	0	0	3124	0	0	0	366	364	1482	360	22906	328	0	0	6414	0	3924	0	164	142	10824	0	716	0	770	0	278	0	21618	0	302	0	0	0	174	0	0	0	568	0	7858	0	216	0	220	0	8004	0	732	0	700	0	418	0	170	0	1056	0	1140	0	194	0	3384	0	406	0	0	0	894	140	8690	0	886	0	0	0	0	0	0	0	0	0	0	206	0	0	0	0	0	
67340	Amygdala_L	0	0	0	0	570	0	0	0	0	0	0	0	0	0	1478	0	0	0	0	0	3396	176	0	0	0	0	396	0	5466	0	0	0	0	0	0	0	10040	0	3140	0	0	0	0	0	0	0	0	0	0	0	0	0	0	0	3520	0	0	0	0	0	0	0	0	0	0	0	0	0	148	0	344	0	772	0	0	0	226	0	0	0	0	0	1470	0	0	0	542	0	1986	0	0	0	0	0	0	0	0	0	0	0	0	0	0	0	0	0	0	0	0	0	0	0	0	0	0	0	
66596	Amygdala_R	0	144	0	310	0	0	0	0	0	0	0	0	0	0	0	458	0	0	0	282	0	894	0	0	0	0	0	0	0	3110	0	0	0	0	0	0	0	10822	0	6414	0	0	0	0	0	0	0	0	0	0	0	0	0	0	0	5740	0	0	0	0	0	0	0	0	0	0	0	0	0	0	0	0	0	3038	0	0	0	396	0	0	0	0	0	1126	0	0	0	0	0	304	0	0	0	0	0	0	0	260	0	0	0	0	0	0	0	0	0	0	0	0	0	0	0	0	0	0	
290584	Calcarine_L	632	0	138	0	0	0	0	0	0	0	0	0	0	0	0	0	0	0	138	0	0	0	0	0	0	0	0	0	0	0	0	0	1092	0	1796	0	1162	0	1556	0	0	0	0	6244	19848	3652	16698	2656	16194	958	17154	186	5900	0	6314	0	7470	0	7040	0	4646	0	0	0	158	0	17830	294	2792	0	0	0	0	0	0	0	120	0	0	0	0	0	0	0	1546	0	0	0	576	0	148	0	0	0	0	0	238	0	0	0	0	0	0	0	0	0	0	0	0	0	116	0	0	0	0	0	
382104	Calcarine_R	0	0	0	0	0	0	0	0	0	0	0	0	0	0	0	0	0	0	0	0	0	0	0	0	0	0	0	0	0	0	0	0	0	280	0	1228	0	0	0	3924	0	0	6244	0	6510	28818	1514	31698	426	30244	162	19022	0	11534	0	13366	0	592	0	946	0	0	0	0	0	944	1416	17330	0	238	0	0	0	0	0	0	0	0	0	0	0	0	0	0	0	7832	0	0	0	1370	0	0	0	0	0	0	0	2810	0	782	0	0	0	0	0	0	0	0	0	0	1400	422	0	0	0	0	
195780	Cuneus_L	246	0	122	0	0	0	0	0	0	0	0	0	0	0	0	0	0	0	122	0	0	0	0	0	0	0	0	0	0	0	0	0	886	0	402	0	0	0	0	0	0	0	19848	6510	0	7250	5560	660	22630	2282	9894	162	716	0	362	246	380	0	1920	0	188	0	0	0	0	0	14918	1110	934	0	0	0	0	0	0	0	0	0	0	0	0	0	0	0	284	0	0	0	116	0	0	0	0	0	0	0	0	0	142	0	0	0	0	0	0	0	0	0	0	0	0	0	0	0	0	0	
283260	Cuneus_R	0	0	0	0	0	0	0	0	0	0	0	0	0	0	0	0	0	0	0	0	0	0	0	0	0	0	0	0	0	0	0	0	0	0	0	0	0	0	0	164	0	0	3652	28818	7250	0	0	6434	186	36942	0	14760	0	2498	0	3852	0	2404	0	6126	0	0	0	0	0	788	2344	23264	0	512	0	0	0	0	0	0	0	0	0	0	0	0	0	0	0	1018	0	0	0	168	0	0	0	0	0	0	0	150	0	108	0	0	0	0	0	0	0	0	0	0	192	0	0	0	0	0	
311712	Lingual_L	0	0	0	0	0	0	0	0	0	0	0	0	0	0	0	0	0	0	0	0	0	0	0	0	0	0	0	0	0	0	0	0	0	0	638	0	2498	162	5732	142	0	0	16698	1514	5560	0	0	4036	7944	108	13784	140	5012	604	14842	1008	640	0	724	0	338	0	0	0	0	0	6200	0	346	0	0	0	0	0	0	0	286	0	0	0	0	0	0	0	664	0	0	0	674	0	7320	3034	1530	620	244	0	13644	680	14646	4432	0	0	146	132	0	754	0	0	158	256	7904	6274	2074	260	588	866	
411808	Lingual_R	0	0	0	0	0	0	0	0	0	0	0	0	0	0	0	0	0	0	0	0	0	0	0	0	0	0	0	0	0	0	0	0	0	896	0	6770	0	2268	340	10824	0	0	2656	31698	660	6434	4036	0	340	11664	198	11280	0	12832	0	25572	0	444	0	244	0	450	0	0	0	1270	432	20128	204	776	0	0	0	0	0	0	0	220	0	0	0	0	0	0	0	5174	0	0	0	1518	878	4406	546	442	116	518	1398	10320	1644	9368	0	0	0	146	0	0	0	0	0	152	8146	5726	2770	0	0	0	
228324	Occipital_Sup_L	0	0	0	0	0	0	0	0	0	0	0	0	0	0	0	0	0	0	0	0	0	0	0	0	0	0	0	0	0	0	0	0	1252	0	184	0	0	0	0	0	0	0	16194	426	22630	186	7944	340	0	0	30036	0	4630	0	1878	0	0	0	10498	0	1342	0	0	0	2022	0	13582	0	356	0	0	0	0	0	0	0	0	0	0	0	0	0	0	0	180	0	0	0	0	0	0	0	0	0	0	0	0	0	304	0	0	0	0	0	0	0	0	0	0	0	0	178	0	0	0	0	
337636	Occipital_Sup_R	0	0	0	0	0	0	0	0	0	0	0	0	0	0	0	0	0	0	0	0	0	0	0	0	0	0	0	0	0	0	0	0	0	128	0	250	0	0	0	716	0	0	958	30244	2282	36942	108	11664	0	0	0	29604	0	5780	0	8034	0	2946	0	8154	0	520	0	0	0	2418	1612	22162	0	792	0	0	0	0	0	0	0	0	0	0	0	0	0	0	0	1674	0	0	0	458	0	0	0	0	0	0	0	640	0	310	0	0	0	0	0	0	0	0	0	0	266	156	0	0	0	0	
461740	Occipital_Mid_L	5138	0	134	0	0	0	386	0	0	0	0	0	0	0	0	0	222	0	0	0	0	0	0	0	0	0	0	0	562	0	0	0	2798	0	650	0	0	0	346	0	0	0	17154	162	9894	0	13784	198	30036	0	0	0	28066	0	18728	0	9700	0	14862	0	9404	0	1010	0	19032	0	8370	0	1024	0	0	0	434	0	246	0	0	0	0	0	576	0	0	0	26928	0	0	0	10270	0	110	0	0	0	0	0	0	0	496	0	0	0	0	0	0	0	0	0	0	0	0	150	0	0	0	0	
307104	Occipital_Mid_R	0	0	0	0	0	0	0	0	0	0	0	0	0	0	0	0	0	0	0	174	0	0	0	0	0	0	0	0	0	0	0	0	0	612	0	666	0	0	0	770	0	0	186	19022	162	14760	140	11280	0	29604	0	0	0	9612	0	5142	0	2552	0	6446	0	4022	0	176	0	11274	486	14462	0	974	0	0	0	0	0	0	0	0	0	0	0	0	0	0	0	17216	0	0	0	2276	0	0	0	0	0	0	0	700	0	276	0	0	0	0	0	0	0	0	0	0	332	230	0	0	0	0	
176144	Occipital_Inf_L	638	0	0	0	0	0	124	0	0	0	0	0	0	0	0	0	0	0	0	0	0	0	0	0	0	0	0	0	0	0	0	0	894	0	520	0	0	0	402	0	0	0	5900	0	716	0	5012	0	4630	0	28066	0	0	0	19498	0	1416	0	1820	0	384	0	346	0	1168	0	2286	0	0	0	0	0	144	0	0	0	0	0	182	0	112	0	0	0	7442	0	0	0	5408	0	122	0	0	0	0	0	196	0	646	0	0	0	0	0	0	0	0	0	0	0	0	0	0	0	0	0	
146360	Occipital_Inf_R	0	0	0	0	0	0	0	0	0	0	0	0	0	0	0	0	0	0	0	0	0	0	0	0	0	0	0	0	0	0	0	0	0	0	0	0	0	0	0	278	0	0	0	11534	0	2498	604	12832	0	5780	0	9612	0	0	0	14602	0	0	0	0	0	0	0	0	0	118	0	1570	0	0	0	0	0	0	0	0	0	0	0	0	0	0	0	0	0	3562	0	0	0	6612	0	216	0	0	0	0	122	366	144	1096	0	0	0	0	0	0	0	0	0	0	826	690	118	0	0	0	
355144	Fusiform_L	828	0	212	0	0	0	134	0	0	0	412	0	0	0	148	0	640	0	144	0	294	0	0	0	0	0	0	0	4342	0	0	0	512	0	582	0	11524	0	8034	0	3520	0	6314	0	362	0	14842	0	1878	0	18728	0	19498	0	0	0	2118	0	1214	0	562	0	240	0	750	0	2024	0	472	0	0	0	2460	0	0	0	0	0	1302	0	2602	0	2490	0	6564	0	2158	0	14778	0	12610	502	826	112	332	0	9298	132	17822	460	358	0	408	0	0	0	0	0	0	0	1620	262	148	0	0	0	
411436	Fusiform_R	0	188	0	0	0	0	0	376	0	0	0	230	0	0	0	0	0	706	226	358	0	0	0	0	0	0	0	0	0	3238	0	0	0	0	0	288	0	23190	0	21618	0	5740	0	13366	246	3852	1008	25572	0	8034	0	5142	0	14602	0	0	0	152	0	118	0	0	0	152	0	280	134	3154	0	0	0	224	0	7986	0	658	0	0	0	416	0	0	0	4140	0	1982	0	966	0	15680	112	9930	0	486	0	764	578	7988	388	14500	0	332	0	392	0	0	0	0	0	0	3380	1950	896	0	0	0	
286244	Postcentral_L	23558	0	2542	120	0	0	968	0	0	0	2822	0	338	0	0	0	10374	0	3876	128	0	0	0	0	0	0	0	0	3708	0	0	0	450	0	1068	0	986	0	1624	0	0	0	7470	0	380	0	640	0	0	0	9700	0	1416	0	2118	0	0	0	7506	0	20648	0	12532	0	2048	0	2270	0	2956	0	748	0	1118	0	606	0	248	0	1240	0	4818	0	308	0	7758	0	0	0	4032	0	0	0	0	0	0	0	0	0	0	0	0	0	0	0	0	0	0	0	0	0	0	0	0	0	0	0	
221864	Postcentral_R	0	21068	432	2698	0	0	0	1202	0	0	0	2108	0	328	0	0	0	4868	744	3588	0	0	0	0	0	0	0	0	0	3590	126	0	586	4478	0	1944	0	656	0	302	0	0	0	592	0	2404	0	444	0	2946	0	2552	0	0	0	152	0	0	0	7044	0	3644	0	11498	0	2584	128	6956	440	11444	716	1792	208	1234	0	0	0	336	0	810	0	1068	0	0	0	2094	0	0	0	916	0	0	0	0	0	0	0	212	0	0	0	0	0	0	0	0	0	0	0	0	0	0	0	0	0	0	
156468	Parietal_Sup_L	496	0	0	0	0	0	122	0	0	0	0	0	0	0	0	0	0	0	0	0	0	0	0	0	0	0	0	0	0	0	0	0	2182	0	226	0	0	0	388	0	0	0	7040	0	1920	0	724	0	10498	0	14862	0	1820	0	1214	0	7506	0	0	0	11682	0	110	0	4474	0	9472	0	2252	0	0	0	0	0	0	0	0	0	0	0	0	0	0	0	964	0	0	0	282	0	0	0	0	0	0	0	0	0	0	0	0	0	0	0	0	0	0	0	0	0	0	0	0	0	0	0	
115044	Parietal_Sup_R	0	292	0	0	0	0	0	0	0	0	0	0	0	0	0	0	0	142	0	0	0	0	0	0	0	0	0	0	0	0	0	0	0	318	0	324	0	0	0	0	0	0	0	946	0	6126	0	244	0	8154	0	6446	0	0	0	118	0	7044	0	0	0	8046	0	2086	0	5720	0	10166	0	1120	0	0	0	0	0	0	0	0	0	0	0	0	0	0	0	230	0	0	0	0	0	0	0	0	0	0	0	0	0	0	0	0	0	0	0	0	0	0	0	0	0	0	0	0	0	0	
183808	Parietal_Inf_L	1824	0	444	0	0	0	194	0	0	0	0	0	0	0	0	0	1178	0	162	0	0	0	0	0	0	0	0	0	1532	0	0	0	0	0	0	0	264	0	316	0	0	0	4646	0	188	0	338	0	1342	0	9404	0	384	0	562	0	20648	0	11682	0	0	0	12162	0	10752	0	1088	0	790	0	308	0	228	0	0	0	0	0	0	0	2076	0	148	0	7638	0	0	0	1606	0	0	0	0	0	0	0	0	0	0	0	0	0	0	0	0	0	0	0	0	0	0	0	0	0	0	0	
115568	Parietal_Inf_R	0	564	0	0	0	0	0	0	0	0	0	0	0	0	0	0	0	482	0	148	0	0	0	0	0	0	0	0	0	0	0	0	0	1032	0	672	0	0	0	174	0	0	0	0	0	0	0	450	0	520	0	4022	0	0	0	0	0	3644	0	8046	0	0	0	12748	0	16332	0	2262	0	1258	0	124	0	0	0	0	0	0	0	202	0	1208	0	0	0	2316	0	0	0	1416	0	0	0	0	0	0	0	164	0	0	0	0	0	0	0	0	0	0	0	0	0	0	0	0	0	0	
122048	SupraMarginal_L	926	108	386	0	0	0	0	0	0	0	0	0	0	0	0	0	3936	0	382	0	0	0	0	0	0	0	0	0	2862	0	0	0	0	0	0	0	442	0	0	0	0	0	0	0	0	0	0	0	0	0	1010	0	346	0	240	0	12532	0	110	0	12162	0	0	0	6564	0	0	0	0	0	716	360	204	0	0	0	0	0	132	0	6234	0	0	0	9530	0	0	0	1842	0	0	0	0	0	0	0	0	0	0	0	0	0	0	0	0	0	0	0	0	0	0	0	0	0	0	0	
121624	SupraMarginal_R	0	2748	0	0	0	0	0	260	0	0	0	256	0	0	0	0	0	1794	0	0	0	0	0	0	0	0	0	0	0	174	0	0	0	1224	0	126	0	366	0	0	0	0	0	0	0	0	0	0	0	0	0	176	0	0	0	152	0	11498	0	2086	0	12748	0	0	0	9312	0	846	0	2070	160	252	0	0	0	0	0	0	0	1300	0	6904	0	0	0	4112	0	0	0	2248	0	0	0	0	0	0	0	0	0	0	0	0	0	0	0	0	0	0	0	0	0	0	0	0	0	0	
131716	Angular_L	756	0	0	0	0	0	0	0	0	0	0	0	0	0	0	0	0	0	0	0	0	0	0	0	0	0	0	0	222	0	0	0	0	0	0	0	0	0	0	0	0	0	158	0	0	0	0	0	2022	0	19032	0	1168	0	750	0	2048	0	4474	0	10752	0	6564	0	0	0	384	0	304	0	0	0	0	0	0	0	0	0	0	0	1080	0	0	0	13392	0	0	0	2752	0	0	0	0	0	0	0	0	0	0	0	0	0	0	0	0	0	0	0	0	0	0	0	0	0	0	0	
166248	Angular_R	0	388	0	0	0	0	0	0	0	0	0	0	0	0	0	0	0	360	0	466	0	0	0	0	0	0	0	0	0	0	0	0	0	1534	0	1300	0	0	0	568	0	0	0	944	0	788	0	1270	0	2418	0	11274	0	118	0	280	0	2584	0	5720	0	16332	0	9312	0	0	518	8126	0	2034	0	0	0	0	0	0	0	0	0	182	0	2952	0	0	0	10898	0	0	0	2056	0	0	0	0	0	0	0	520	0	0	0	0	0	0	0	0	0	0	0	0	182	0	0	0	0	0	
225728	Precuneus_L	388	0	248	0	0	0	0	0	0	0	0	0	0	0	0	0	0	0	236	148	0	0	0	0	0	0	0	0	0	0	0	0	3978	520	3638	1028	2446	538	2076	0	0	0	17830	1416	14918	2344	6200	432	13582	1612	8370	486	2286	0	2024	134	2270	128	9472	0	1088	0	0	0	384	518	0	5470	3578	178	0	0	0	0	0	0	0	410	0	0	0	0	0	0	932	540	0	0	300	0	0	0	0	0	0	0	492	0	0	0	0	0	0	0	0	0	0	0	0	0	226	0	0	0	0	0	
402536	Precuneus_R	0	368	0	0	0	0	0	0	0	0	0	0	0	0	0	0	0	238	0	702	0	0	0	0	0	0	0	0	0	0	0	0	486	3674	796	10158	794	2980	510	7858	0	0	294	17330	1110	23264	0	20128	0	22162	0	14462	0	1570	0	3154	0	6956	0	10166	0	2262	0	846	0	8126	5470	0	438	5688	0	0	0	0	0	0	0	680	0	128	0	532	0	0	0	14898	0	0	0	2716	0	0	0	0	0	0	0	6214	0	0	0	0	0	0	0	0	0	0	0	0	4110	0	0	0	0	0	
328276	Paracentral_Lobule_L	28450	1320	10456	686	0	0	182	0	0	0	136	0	0	0	0	0	1386	0	26454	10414	0	0	0	0	0	0	0	0	1110	0	0	0	3826	7610	1050	468	7070	0	310	0	148	0	2792	0	934	0	346	204	356	0	1024	0	0	0	472	0	2956	440	2252	0	790	0	0	0	304	0	3578	438	0	2864	3034	2950	4124	0	3616	0	24198	4324	378	0	564	0	0	0	124	0	0	0	0	0	0	0	0	0	0	0	0	0	0	0	0	0	0	0	0	0	0	0	0	0	0	0	0	0	0	0	
142096	Paracentral_Lobule_R	126	8302	0	176	0	0	0	0	0	0	0	0	0	0	0	0	0	468	1734	10948	0	0	0	0	0	0	0	0	0	0	0	0	1928	9850	162	2878	0	252	0	216	0	0	0	238	0	512	0	776	0	792	0	974	0	0	0	0	0	11444	0	1120	0	1258	0	2070	0	2034	178	5688	2864	0	0	334	0	0	0	0	134	970	0	128	0	384	0	0	0	1764	0	0	0	198	0	0	0	0	0	0	0	148	0	0	0	0	0	0	0	0	0	0	0	0	0	0	0	0	0	0	
415784	Caudate_L	9272	1474	23524	4538	580	122	5618	1936	0	0	5858	2268	4580	3068	354	908	1618	444	18294	3826	8662	6994	388	512	1918	574	6310	314	10172	3640	12514	3786	308	518	0	0	722	240	0	0	344	0	0	0	0	0	0	0	0	0	0	0	0	0	0	0	748	716	0	0	308	0	716	160	0	0	0	0	3034	0	0	18502	23826	1904	2562	170	5930	422	296	0	810	0	820	0	322	0	0	0	448	0	0	0	0	0	0	0	0	0	0	0	0	0	0	0	0	0	0	0	0	0	0	0	0	0	0	0	
604556	Caudate_R	1078	6742	7424	27118	126	4840	570	11580	0	514	354	14534	262	13126	0	5156	516	4194	9968	25050	4950	6694	538	6824	344	5928	2644	3468	1870	22178	5410	21762	180	824	0	124	280	1180	0	220	0	0	0	0	0	0	0	0	0	0	0	0	0	0	0	224	0	1792	0	0	0	124	360	252	0	0	0	0	2950	334	18502	0	4304	35244	0	5668	116	12616	0	0	0	246	124	852	0	0	0	0	0	0	0	0	0	0	0	0	0	0	0	0	0	0	0	0	0	0	0	0	0	0	0	0	0	0	0	0	
380952	Putamen_L	11878	304	22984	870	6870	0	8670	348	1500	0	5162	696	3464	1084	3130	0	2604	256	13846	1164	1882	1556	422	170	892	0	1930	0	25088	1322	6364	684	418	0	0	0	9768	0	1038	0	772	0	0	0	0	0	0	0	0	0	434	0	144	0	2460	0	1118	208	0	0	228	0	204	0	0	0	0	0	4124	0	23826	4304	0	466	8506	0	2398	0	338	0	1936	0	694	0	292	0	132	0	1312	0	216	0	0	0	0	0	0	0	0	0	0	0	0	0	0	0	0	0	0	0	0	0	0	0	0	0	
435224	Putamen_R	314	2526	2736	16544	0	3436	262	7274	0	634	0	11988	0	4888	0	2954	240	6228	5176	12762	256	582	276	4784	0	4202	224	1572	686	31312	1274	12498	0	224	0	0	0	13624	0	8004	0	3038	0	0	0	0	0	0	0	0	0	0	0	0	0	7986	0	1234	0	0	0	0	0	0	0	0	0	0	0	0	1904	35244	466	0	0	5638	0	872	0	0	0	474	0	1152	0	0	0	0	0	808	0	182	0	0	0	112	0	678	0	344	0	0	0	0	0	0	0	0	0	0	0	0	0	0	0	0	
87872	Pallidum_L	9854	0	8002	0	0	0	1968	0	0	0	0	0	0	0	0	0	0	0	4996	0	0	0	0	0	0	0	0	0	320	0	0	0	0	0	0	0	540	0	0	0	0	0	0	0	0	0	0	0	0	0	246	0	0	0	0	0	606	0	0	0	0	0	0	0	0	0	0	0	3616	0	2562	0	8506	0	0	0	2720	0	0	0	0	0	0	0	0	0	0	0	0	0	0	0	0	0	0	0	0	0	0	0	0	0	0	0	0	0	0	0	0	0	0	0	0	0	0	0	
53500	Pallidum_R	0	440	374	2154	0	0	0	944	0	0	0	3070	0	340	0	0	0	1612	232	402	0	0	0	0	0	0	0	0	0	2832	0	244	0	0	0	0	0	808	0	732	0	0	0	0	0	0	0	0	0	0	0	0	0	0	0	658	0	0	0	0	0	0	0	0	0	0	0	0	0	0	170	5668	0	5638	0	0	0	0	0	0	0	0	0	432	0	0	0	0	0	0	0	0	0	0	0	0	0	0	0	0	0	0	0	0	0	0	0	0	0	0	0	0	0	0	0	0	
161028	Thalamus_L	15638	198	6340	758	0	0	222	0	0	0	238	0	0	0	0	0	164	0	9524	1002	0	0	0	0	0	0	168	0	884	0	376	0	138	108	418	0	5596	0	832	0	226	0	120	0	0	0	286	0	0	0	0	0	0	0	0	0	248	0	0	0	0	0	0	0	0	0	0	0	24198	134	5930	116	2398	0	2720	0	0	1232	0	0	144	0	158	0	0	0	0	0	0	0	0	0	0	0	0	0	0	0	0	0	0	0	0	0	0	0	0	0	0	0	0	0	0	0	0	0	
216364	Thalamus_R	1376	7386	210	18636	0	0	0	160	0	0	0	252	0	130	0	194	0	108	1510	34112	0	0	0	0	0	0	0	0	0	1722	0	170	158	1702	3172	1958	4432	5160	2456	700	0	396	0	0	0	0	0	220	0	0	0	0	0	0	0	0	0	336	0	0	0	0	0	0	0	0	410	680	4324	970	422	12616	0	872	0	0	1232	0	0	0	0	0	0	0	0	0	0	0	0	0	0	0	0	0	0	0	0	0	0	0	0	0	0	0	0	0	0	0	0	0	0	0	0	0	0	0	
58988	Heschl_L	1790	0	1316	0	0	0	288	0	0	0	358	0	0	0	0	0	5380	0	1178	0	0	0	0	0	0	0	0	0	6698	0	0	0	0	0	0	0	2162	0	0	0	0	0	0	0	0	0	0	0	0	0	0	0	182	0	1302	0	1240	0	0	0	0	0	132	0	0	0	0	0	378	0	296	0	338	0	0	0	0	0	0	0	3352	0	126	0	1762	0	0	0	1216	0	0	0	0	0	0	0	0	0	0	0	0	0	0	0	0	0	0	0	0	0	0	0	0	0	0	0	
53232	Heschl_R	0	682	0	1342	0	0	0	0	0	0	0	180	0	0	0	0	0	6548	0	1006	0	0	0	0	0	0	0	0	0	1910	0	0	0	0	0	0	0	1708	0	418	0	0	0	0	0	0	0	0	0	0	0	0	0	0	0	416	0	810	0	0	0	202	0	1300	0	182	0	128	0	128	0	0	0	0	0	0	0	0	0	0	0	7676	0	0	0	1456	0	0	0	524	0	0	0	0	0	0	0	0	0	0	0	0	0	0	0	0	0	0	0	0	0	0	0	0	0	0	
243292	Temporal_Sup_L	3142	0	4852	134	0	0	1656	0	0	0	7534	0	578	0	0	0	15028	0	4458	184	0	0	0	0	0	0	0	0	15186	0	0	0	0	0	0	0	3580	0	188	0	0	0	0	0	0	0	0	0	0	0	576	0	112	0	2602	0	4818	0	0	0	2076	0	6234	0	1080	0	0	0	564	0	810	0	1936	0	0	0	144	0	3352	0	0	0	8404	0	21078	0	108	0	10552	0	680	0	0	0	0	0	0	0	0	0	0	0	0	0	0	0	0	0	0	0	0	0	0	0	0	0	
113004	Temporal_Sup_R	0	552	0	1212	0	0	0	0	0	0	0	212	0	0	0	0	0	4390	110	1006	0	0	0	0	0	0	0	0	0	3976	0	0	0	432	0	0	0	958	0	170	0	0	0	0	0	0	0	0	0	0	0	0	0	0	0	0	0	1068	0	0	0	1208	0	6904	0	2952	0	532	0	384	0	246	0	474	0	0	0	0	0	7676	0	0	0	2424	0	15128	0	0	0	4488	0	0	0	0	0	0	0	0	0	0	0	0	0	0	0	0	0	0	0	0	0	0	0	0	0	0	
194320	Temporal_Pole_Sup_L	1266	0	7288	0	394	0	2616	0	124	0	12552	0	720	0	1296	0	11680	0	3964	0	428	0	124	0	0	0	0	0	15372	0	126	0	0	0	0	0	2316	0	912	0	1470	0	0	0	0	0	0	0	0	0	0	0	0	0	2490	0	308	0	0	0	148	0	0	0	0	0	0	0	0	0	820	124	694	0	0	0	158	0	126	0	8404	0	0	0	7556	0	6854	0	6830	0	0	0	0	0	0	0	0	0	0	0	0	0	0	0	0	0	0	0	0	0	0	0	0	0	0	0	
61324	Temporal_Pole_Sup_R	0	0	0	388	0	0	0	0	0	0	0	1002	0	0	0	158	0	1970	176	418	0	180	0	0	0	0	0	0	0	3160	0	0	0	0	0	0	0	638	0	1056	0	1126	0	0	0	0	0	0	0	0	0	0	0	0	0	4140	0	0	0	0	0	0	0	0	0	0	0	0	0	0	0	852	0	1152	0	432	0	0	0	0	0	2424	0	0	0	2538	0	3180	0	5672	0	0	0	0	0	0	0	0	0	0	0	0	0	0	0	0	0	0	0	0	0	0	0	0	0	0	
330344	Temporal_Mid_L	3658	0	140	0	0	0	130	0	0	0	0	0	0	0	0	0	550	0	0	0	0	0	0	0	0	0	0	0	2520	0	0	0	258	0	410	0	834	0	194	0	0	0	1546	0	284	0	664	0	180	0	26928	0	7442	0	6564	0	7758	0	964	0	7638	0	9530	0	13392	0	932	0	124	0	322	0	292	0	0	0	0	0	1762	0	21078	0	7556	0	0	0	5524	0	35788	0	210	0	0	0	0	0	0	0	0	0	0	0	0	0	0	0	0	0	0	0	0	0	0	0	0	0	
253624	Temporal_Mid_R	0	312	0	0	0	0	0	0	0	0	0	0	0	0	0	0	0	382	0	372	0	0	0	0	0	0	0	0	0	1930	0	0	202	1860	0	3382	0	1658	0	1140	0	0	0	7832	0	1018	0	5174	0	1674	0	17216	0	3562	0	1982	0	2094	0	230	0	2316	0	4112	0	10898	540	14898	0	1764	0	0	0	0	0	0	0	0	0	1456	0	15128	0	2538	0	0	0	928	0	18630	0	0	0	0	0	0	0	878	0	108	0	0	0	0	0	0	0	0	0	0	598	0	0	0	0	0	
46132	Temporal_Pole_Mid_L	0	0	0	0	0	0	0	0	0	0	152	0	0	0	0	0	0	0	0	0	0	0	0	0	0	0	0	0	520	0	0	0	0	0	0	0	510	0	938	0	542	0	0	0	0	0	0	0	0	0	0	0	0	0	2158	0	0	0	0	0	0	0	0	0	0	0	0	0	0	0	0	0	132	0	0	0	0	0	0	0	108	0	6854	0	5524	0	0	0	5628	0	0	0	0	0	0	0	0	0	0	0	0	0	0	0	0	0	0	0	0	0	0	0	0	0	0	0	
14084	Temporal_Pole_Mid_R	0	0	0	0	0	0	0	0	0	0	0	0	0	0	0	0	0	0	0	0	0	0	0	0	0	0	0	0	0	0	0	0	0	0	0	0	0	0	0	194	0	0	0	0	0	0	0	0	0	0	0	0	0	0	0	966	0	0	0	0	0	0	0	0	0	0	0	0	0	0	0	0	0	0	0	0	0	0	0	0	0	0	0	3180	0	928	0	0	0	1774	0	0	0	0	0	0	0	0	0	0	0	0	0	0	0	0	0	0	0	0	0	0	0	0	0	0	
257476	Temporal_Inf_L	2830	0	162	0	0	0	0	0	0	0	392	0	0	0	0	0	752	0	144	0	0	0	0	0	0	0	0	0	5290	0	0	0	170	0	816	0	7190	0	750	0	1986	0	576	0	116	0	674	0	0	0	10270	0	5408	0	14778	0	4032	0	282	0	1606	0	1842	0	2752	0	300	0	0	0	448	0	1312	0	0	0	0	0	1216	0	10552	0	6830	0	35788	0	5628	0	0	0	3342	0	132	0	0	0	0	0	372	0	0	0	0	0	0	0	0	0	0	0	0	0	0	0	0	0	
176292	Temporal_Inf_R	0	206	0	0	0	0	0	0	0	0	0	0	0	0	0	0	0	704	0	0	0	0	0	0	0	0	0	0	0	802	0	0	0	272	0	1228	0	8884	0	3384	0	304	0	1370	0	168	0	1518	0	458	0	2276	0	6612	0	15680	0	916	0	0	0	1416	0	2248	0	2056	0	2716	0	198	0	0	0	808	0	0	0	0	0	524	0	4488	0	5672	0	18630	0	1774	0	0	0	1534	0	0	0	0	0	562	0	566	0	0	0	0	0	0	0	0	0	0	172	0	0	0	0	0	
360452	Cerebelum_Crus1_L	0	0	0	0	0	0	0	0	0	0	0	0	0	0	0	0	140	0	0	0	0	0	0	0	0	0	0	0	308	0	0	0	0	0	0	0	630	0	0	0	0	0	148	0	0	0	7320	878	0	0	110	0	122	0	12610	112	0	0	0	0	0	0	0	0	0	0	0	0	0	0	0	0	216	0	0	0	0	0	0	0	680	0	0	0	210	0	0	0	3342	0	0	2714	32776	2760	0	0	10420	376	39696	2246	12534	1514	17334	1382	3104	1604	878	554	218	258	3886	5068	7168	4318	2592	0	
500604	Cerebelum_Crus1_R	0	0	0	0	0	0	0	0	0	0	0	0	0	0	0	0	0	0	0	0	0	0	0	0	0	0	0	0	0	0	0	0	0	0	0	0	0	492	0	406	0	0	0	0	0	0	3034	4406	0	0	0	0	0	216	502	9930	0	0	0	0	0	0	0	0	0	0	0	0	0	0	0	0	0	182	0	0	0	0	0	0	0	0	0	0	0	0	0	0	0	1534	2714	0	3462	39738	0	2976	5528	21598	4308	56218	1066	18064	1192	22132	884	5958	0	948	694	2550	12928	7344	13242	3568	2312	176	
368672	Cerebelum_Crus2_L	0	0	0	0	0	0	0	0	0	0	0	0	0	0	0	0	0	0	0	0	0	0	0	0	0	0	0	0	0	0	0	0	0	0	0	0	0	0	0	0	0	0	0	0	0	0	1530	546	0	0	0	0	0	0	826	0	0	0	0	0	0	0	0	0	0	0	0	0	0	0	0	0	0	0	0	0	0	0	0	0	0	0	0	0	0	0	0	0	132	0	32776	3462	0	15114	0	0	702	0	5162	464	39292	7968	33330	4828	3684	1390	1756	448	0	110	200	2434	14670	10644	2868	0	
413100	Cerebelum_Crus2_R	0	0	0	0	0	0	0	0	0	0	0	0	0	0	0	0	0	0	0	0	0	0	0	0	0	0	0	0	0	0	0	0	0	0	0	0	0	0	0	0	0	0	0	0	0	0	620	442	0	0	0	0	0	0	112	486	0	0	0	0	0	0	0	0	0	0	0	0	0	0	0	0	0	0	0	0	0	0	0	0	0	0	0	0	0	0	0	0	0	0	2760	39738	15114	0	0	376	382	1586	1344	6992	9042	37958	6048	40882	798	8278	0	792	480	636	782	1982	15882	10876	2162	0	
21812	Cerebelum_3_L	0	0	0	0	0	0	0	0	0	0	0	0	0	0	0	0	0	0	0	0	0	0	0	0	0	0	0	0	0	0	0	0	0	0	0	0	0	0	424	0	0	0	0	0	0	0	244	116	0	0	0	0	0	0	332	0	0	0	0	0	0	0	0	0	0	0	0	0	0	0	0	0	0	0	0	0	0	0	0	0	0	0	0	0	0	0	0	0	0	0	0	0	0	0	0	0	7050	0	276	0	0	0	0	0	0	0	0	0	540	1192	732	0	0	0	0	0	
56240	Cerebelum_3_R	0	0	0	0	0	0	0	0	0	0	0	0	0	0	0	0	0	0	0	0	0	0	0	0	0	0	0	0	0	0	0	0	0	0	0	0	0	480	0	894	0	0	0	0	0	0	0	518	0	0	0	0	0	0	0	764	0	0	0	0	0	0	0	0	0	0	0	0	0	0	0	0	0	112	0	0	0	0	0	0	0	0	0	0	0	0	0	0	0	0	0	2976	0	376	0	0	894	5616	152	6170	0	194	0	644	0	744	0	0	708	4222	1444	0	418	414	380	0	
255892	Cerebelum_4_5_L	0	0	0	0	0	0	0	0	0	0	0	0	0	0	0	0	0	0	0	0	0	0	0	0	0	0	0	0	0	0	0	0	0	0	0	0	248	122	2066	140	0	0	238	0	0	0	13644	1398	0	0	0	0	196	122	9298	578	0	0	0	0	0	0	0	0	0	0	492	0	0	0	0	0	0	0	0	0	0	0	0	0	0	0	0	0	0	0	0	0	0	0	10420	5528	702	382	7050	894	0	2250	25668	7066	394	134	996	660	2950	2144	232	150	1304	2378	17568	5412	920	924	1526	1752	
251816	Cerebelum_4_5_R	0	0	0	0	0	0	0	0	0	0	0	0	0	0	0	0	0	0	0	0	0	0	0	0	0	0	0	0	0	274	0	0	0	314	0	954	0	2102	0	8690	0	260	0	2810	0	150	680	10320	0	640	0	700	0	366	132	7988	0	212	0	0	0	164	0	0	0	520	0	6214	0	148	0	0	0	678	0	0	0	0	0	0	0	0	0	0	0	878	0	0	0	562	376	21598	0	1586	0	5616	2250	0	760	29512	0	1288	0	2282	0	646	0	230	226	1626	10606	510	520	268	252	0	
328384	Cerebelum_6_L	0	0	0	0	0	0	0	0	0	0	0	0	0	0	0	0	0	0	0	0	0	0	0	0	0	0	0	0	0	0	0	0	0	0	0	0	0	0	0	0	0	0	0	0	142	0	14646	1644	304	0	496	0	646	144	17822	388	0	0	0	0	0	0	0	0	0	0	0	0	0	0	0	0	0	0	0	0	0	0	0	0	0	0	0	0	0	0	0	0	372	0	39696	4308	5162	1344	276	152	25668	760	0	5104	3610	256	4678	454	2870	2422	222	364	494	654	10042	9584	3654	2516	2412	886	
417600	Cerebelum_6_R	0	0	0	0	0	0	0	0	0	0	0	0	0	0	0	0	0	0	0	0	0	0	0	0	0	0	0	0	0	110	0	0	0	0	0	0	0	896	0	886	0	0	0	782	0	108	4432	9368	0	310	0	276	0	1096	460	14500	0	0	0	0	0	0	0	0	0	0	0	0	0	0	0	0	0	344	0	0	0	0	0	0	0	0	0	0	0	108	0	0	0	566	2246	56218	464	6992	0	6170	7066	29512	5104	0	0	4232	0	7666	758	3598	0	868	954	3396	17498	9640	7882	2220	1826	248	
268244	Cerebelum_7b_L	0	0	0	0	0	0	0	0	0	0	0	0	0	0	0	0	0	0	0	0	0	0	0	0	0	0	0	0	0	0	0	0	0	0	0	0	0	0	0	0	0	0	0	0	0	0	0	0	0	0	0	0	0	0	358	0	0	0	0	0	0	0	0	0	0	0	0	0	0	0	0	0	0	0	0	0	0	0	0	0	0	0	0	0	0	0	0	0	0	0	12534	1066	39292	9042	0	0	394	0	3610	0	0	6204	35634	4084	4264	458	1636	142	0	0	0	110	6372	8090	832	0	
266452	Cerebelum_7b_R	0	0	0	0	0	0	0	0	0	0	0	0	0	0	0	0	0	0	0	0	0	0	0	0	0	0	0	0	0	0	0	0	0	0	0	0	0	0	0	0	0	0	0	0	0	0	0	0	0	0	0	0	0	0	0	332	0	0	0	0	0	0	0	0	0	0	0	0	0	0	0	0	0	0	0	0	0	0	0	0	0	0	0	0	0	0	0	0	0	0	1514	18064	7968	37958	0	194	134	1288	256	4232	6204	0	3440	32072	160	4904	0	0	240	296	290	160	4934	8288	298	0	
305752	Cerebelum_8_L	0	0	0	0	0	0	0	0	0	0	0	0	0	0	0	0	0	0	0	0	0	0	0	0	0	0	0	0	0	0	0	0	0	0	0	0	0	0	0	0	0	0	0	0	0	0	146	0	0	0	0	0	0	0	408	0	0	0	0	0	0	0	0	0	0	0	0	0	0	0	0	0	0	0	0	0	0	0	0	0	0	0	0	0	0	0	0	0	0	0	17334	1192	33330	6048	0	0	996	0	4678	0	35634	3440	0	6038	17992	2050	4020	232	0	0	164	358	6102	9976	2738	0	
341004	Cerebelum_8_R	0	0	0	0	0	0	0	0	0	0	0	0	0	0	0	0	0	0	0	0	0	0	0	0	0	0	0	0	0	0	0	0	0	0	0	0	0	0	0	0	0	0	0	0	0	0	132	146	0	0	0	0	0	0	0	392	0	0	0	0	0	0	0	0	0	0	0	0	0	0	0	0	0	0	0	0	0	0	0	0	0	0	0	0	0	0	0	0	0	0	1382	22132	4828	40882	0	644	660	2282	454	7666	4084	32072	6038	0	920	20158	0	1210	940	1116	1278	746	7166	10024	3150	0	
112680	Cerebelum_9_L	0	0	0	0	0	0	0	0	0	0	0	0	0	0	0	0	0	0	0	0	0	0	0	0	0	0	0	0	0	0	0	0	0	0	0	0	0	0	0	0	0	0	0	0	0	0	0	0	0	0	0	0	0	0	0	0	0	0	0	0	0	0	0	0	0	0	0	0	0	0	0	0	0	0	0	0	0	0	0	0	0	0	0	0	0	0	0	0	0	0	3104	884	3684	798	0	0	2950	0	2870	758	4264	160	17992	920	0	1562	5492	208	124	224	1674	1838	1140	3004	2150	540	
187116	Cerebelum_9_R	0	0	0	0	0	0	0	0	0	0	0	0	0	0	0	0	0	0	0	0	0	0	0	0	0	0	0	0	0	0	0	0	0	0	0	0	0	0	0	0	0	0	0	0	0	0	754	0	0	0	0	0	0	0	0	0	0	0	0	0	0	0	0	0	0	0	0	0	0	0	0	0	0	0	0	0	0	0	0	0	0	0	0	0	0	0	0	0	0	0	1604	5958	1390	8278	0	744	2144	646	2422	3598	458	4904	2050	20158	1562	0	0	2948	1604	1820	3032	4594	4934	8298	8488	1170	
29404	Cerebelum_10_L	0	0	0	0	0	0	0	0	0	0	0	0	0	0	0	0	0	0	0	0	0	0	0	0	0	0	0	0	0	0	0	0	0	0	0	0	0	0	0	0	0	0	0	0	0	0	0	0	0	0	0	0	0	0	0	0	0	0	0	0	0	0	0	0	0	0	0	0	0	0	0	0	0	0	0	0	0	0	0	0	0	0	0	0	0	0	0	0	0	0	878	0	1756	0	0	0	232	0	222	0	1636	0	4020	0	5492	0	0	0	0	0	0	0	174	178	114	0	
33148	Cerebelum_10_R	0	0	0	0	0	0	0	0	0	0	0	0	0	0	0	0	0	0	0	0	0	0	0	0	0	0	0	0	0	0	0	0	0	0	0	0	0	0	0	0	0	0	0	0	0	0	0	0	0	0	0	0	0	0	0	0	0	0	0	0	0	0	0	0	0	0	0	0	0	0	0	0	0	0	0	0	0	0	0	0	0	0	0	0	0	0	0	0	0	0	554	948	448	792	0	0	150	230	364	868	142	0	232	1210	208	2948	0	0	0	0	114	842	1934	2304	2286	0	
40556	Vermis_1_2	0	0	0	0	0	0	0	0	0	0	0	0	0	0	0	0	0	0	0	0	0	0	0	0	0	0	0	0	0	0	0	0	0	0	0	0	0	0	0	0	0	0	0	0	0	0	158	0	0	0	0	0	0	0	0	0	0	0	0	0	0	0	0	0	0	0	0	0	0	0	0	0	0	0	0	0	0	0	0	0	0	0	0	0	0	0	0	0	0	0	218	694	0	480	540	708	1304	226	494	954	0	240	0	940	124	1604	0	0	0	6132	3760	516	408	414	364	0	
68648	Vermis_3	0	0	0	0	0	0	0	0	0	0	0	0	0	0	0	0	0	0	0	0	0	0	0	0	0	0	0	0	0	0	0	0	0	0	0	0	0	0	0	0	0	0	0	0	0	0	256	152	0	0	0	0	0	0	0	0	0	0	0	0	0	0	0	0	0	0	0	0	0	0	0	0	0	0	0	0	0	0	0	0	0	0	0	0	0	0	0	0	0	0	258	2550	110	636	1192	4222	2378	1626	654	3396	0	296	0	1116	224	1820	0	0	6132	0	4854	612	620	646	574	0	
276712	Vermis_4_5	0	0	0	0	0	0	0	0	0	0	0	0	0	0	0	0	0	0	0	0	0	0	0	0	0	0	0	0	0	0	0	0	0	0	124	2778	114	718	0	206	0	0	116	1400	0	192	7904	8146	0	266	0	332	0	826	1620	3380	0	0	0	0	0	0	0	0	0	182	226	4110	0	0	0	0	0	0	0	0	0	0	0	0	0	0	0	0	0	598	0	0	0	172	3886	12928	200	782	732	1444	17568	10606	10042	17498	0	290	164	1278	1674	3032	0	114	3760	4854	0	7462	1490	1214	1872	2056	
189848	Vermis_6	0	0	0	0	0	0	0	0	0	0	0	0	0	0	0	0	0	0	0	0	0	0	0	0	0	0	0	0	0	0	0	0	0	0	0	0	0	0	0	0	0	0	0	422	0	0	6274	5726	178	156	150	230	0	690	262	1950	0	0	0	0	0	0	0	0	0	0	0	0	0	0	0	0	0	0	0	0	0	0	0	0	0	0	0	0	0	0	0	0	0	0	5068	7344	2434	1982	0	0	5412	510	9584	9640	110	160	358	746	1838	4594	0	842	516	612	7462	0	9024	4066	4630	1954	
