data	data	467904	228876	1.14393e+06	660568	256380	157848	570940	188948	140544	31224	308216	206152	311132	170148	226804	88708	264144	104676	541840	627380	73792	64920	503940	488928	60024	131200	68888	54488	700528	232248	520628	750424	136480	547356	132052	126672	237336	206780	48852	93160	42292	45364	253200	272236	178448	315404	205668	270824	278584	329948	535052	166584	93428	73528	323976	300312	278808	165416	244184	82136	203000	115228	124288	111652	154960	87352	227408	320532	207220	114608	328360	411268	409692	268004	39532	15620	140880	159972	101440	36388	201556	145912	104588	51836	318720	170632	38276	26520	238384	149456	313640	331708	251960	225944	19568	29496	213460	184444	321880	313852	212296	120804	226196	219316	90220	98788	11208	8012	20988	40884	225360	166092	186948	117220	61872	37288	
data	data	Precentral_L	Precentral_R	Frontal_Sup_L	Frontal_Sup_R	Frontal_Sup_Orb_L	Frontal_Sup_Orb_R	Frontal_Mid_L	Frontal_Mid_R	Frontal_Mid_Orb_L	Frontal_Mid_Orb_R	Frontal_Inf_Oper_L	Frontal_Inf_Oper_R	Frontal_Inf_Tri_L	Frontal_Inf_Tri_R	Frontal_Inf_Orb_L	Frontal_Inf_Orb_R	Rolandic_Oper_L	Rolandic_Oper_R	Supp_Motor_Area_L	Supp_Motor_Area_R	Olfactory_L	Olfactory_R	Frontal_Sup_Medial_L	Frontal_Sup_Medial_R	Frontal_Med_Orb_L	Frontal_Med_Orb_R	Rectus_L	Rectus_R	Insula_L	Insula_R	Cingulum_Ant_L	Cingulum_Ant_R	Cingulum_Mid_L	Cingulum_Mid_R	Cingulum_Post_L	Cingulum_Post_R	Hippocampus_L	Hippocampus_R	ParaHippocampal_L	ParaHippocampal_R	Amygdala_L	Amygdala_R	Calcarine_L	Calcarine_R	Cuneus_L	Cuneus_R	Lingual_L	Lingual_R	Occipital_Sup_L	Occipital_Sup_R	Occipital_Mid_L	Occipital_Mid_R	Occipital_Inf_L	Occipital_Inf_R	Fusiform_L	Fusiform_R	Postcentral_L	Postcentral_R	Parietal_Sup_L	Parietal_Sup_R	Parietal_Inf_L	Parietal_Inf_R	SupraMarginal_L	SupraMarginal_R	Angular_L	Angular_R	Precuneus_L	Precuneus_R	Paracentral_Lobule_L	Paracentral_Lobule_R	Caudate_L	Caudate_R	Putamen_L	Putamen_R	Pallidum_L	Pallidum_R	Thalamus_L	Thalamus_R	Heschl_L	Heschl_R	Temporal_Sup_L	Temporal_Sup_R	Temporal_Pole_Sup_L	Temporal_Pole_Sup_R	Temporal_Mid_L	Temporal_Mid_R	Temporal_Pole_Mid_L	Temporal_Pole_Mid_R	Temporal_Inf_L	Temporal_Inf_R	Cerebelum_Crus1_L	Cerebelum_Crus1_R	Cerebelum_Crus2_L	Cerebelum_Crus2_R	Cerebelum_3_L	Cerebelum_3_R	Cerebelum_4_5_L	Cerebelum_4_5_R	Cerebelum_6_L	Cerebelum_6_R	Cerebelum_7b_L	Cerebelum_7b_R	Cerebelum_8_L	Cerebelum_8_R	Cerebelum_9_L	Cerebelum_9_R	Cerebelum_10_L	Cerebelum_10_R	Vermis_1_2	Vermis_3	Vermis_4_5	Vermis_6	Vermis_7	Vermis_8	Vermis_9	Vermis_10	
467904	Precentral_L	0	3784	25182	1504	0	118	23972	178	0	0	20092	198	2506	0	0	0	12970	112	17228	7638	0	0	182	124	0	0	0	0	11612	168	468	264	144	3184	1800	1700	3600	738	134	0	0	0	114	0	0	0	0	0	918	0	2508	0	94	0	2928	0	27168	160	1068	0	3194	0	2390	0	154	0	404	170	11948	3642	11082	3274	5934	0	1840	0	8434	1430	2476	0	2084	0	0	0	492	0	0	0	446	0	0	0	0	0	0	0	0	0	0	0	0	0	0	0	0	0	0	0	0	0	0	0	0	0	0	0	
228876	Precentral_R	3784	0	1300	6872	0	0	168	7280	0	0	108	4180	0	142	0	0	180	1352	1400	3560	0	0	104	88	0	0	0	0	252	1198	136	624	0	344	1214	1552	1742	8130	0	238	0	0	0	122	0	748	0	0	0	964	0	352	0	468	0	996	118	15208	0	1316	0	2974	0	4168	0	184	0	1778	1304	1956	0	9394	0	3134	0	388	1552	19414	0	496	0	984	0	0	0	266	0	0	0	206	0	0	0	0	0	0	0	0	0	0	0	0	0	0	0	0	0	0	0	0	0	0	0	0	0	0	
1.14393e+06	Frontal_Sup_L	25182	1300	0	6582	18320	872	87108	356	6222	0	17074	958	26906	362	10428	0	11726	1658	64666	14220	100	0	61494	7442	1840	580	1118	0	40762	1054	33256	12700	8366	7470	522	496	6202	412	376	0	90	0	0	0	0	0	0	0	0	0	102	0	0	0	1004	0	3330	398	0	0	0	0	0	0	0	0	0	0	7658	238	15130	8126	28572	1316	4450	160	14986	1164	3072	88	2238	316	584	0	168	0	0	0	644	0	0	0	0	0	0	0	0	0	0	0	0	0	0	0	0	0	0	0	0	0	0	0	0	0	0	0	
660568	Frontal_Sup_R	1504	6872	6582	0	116	9510	320	31938	0	654	588	11742	0	11172	0	1744	164	2038	6538	44906	0	0	9478	44708	442	5700	110	230	924	6828	8042	53950	520	29706	0	0	152	866	0	134	0	0	0	0	0	128	0	0	0	180	0	0	0	0	0	0	0	322	0	0	0	168	0	208	0	0	0	244	222	0	708	14488	398	6924	0	690	0	6356	542	112	0	292	0	124	0	0	0	0	0	0	0	0	0	0	0	0	0	0	0	0	0	0	0	0	0	0	0	0	0	0	0	0	0	0	0	0	
256380	Frontal_Sup_Orb_L	0	0	18320	116	0	0	4306	0	19140	0	122	0	6714	0	17098	0	0	0	328	0	1890	338	9020	388	5750	670	8936	0	13900	0	8450	182	0	0	0	0	176	0	232	0	238	0	0	0	0	0	0	0	0	0	0	0	0	0	88	0	0	0	0	0	0	0	0	0	0	0	0	0	0	0	1026	220	10256	0	0	0	0	0	0	0	0	0	286	0	0	0	0	0	0	0	0	0	0	0	0	0	0	0	0	0	0	0	0	0	0	0	0	0	0	0	0	0	0	0	0	0	
157848	Frontal_Sup_Orb_R	118	0	872	9510	0	0	94	592	0	4498	364	2022	0	504	0	3144	0	148	470	3830	206	828	100	10516	0	7304	220	5622	0	3862	208	11236	0	580	0	0	0	94	0	0	0	0	0	0	0	0	0	0	0	0	0	0	0	0	0	0	0	0	0	0	0	0	0	0	0	0	0	0	0	0	674	7814	220	3274	0	0	0	0	0	0	0	0	0	0	0	0	0	0	0	0	0	0	0	0	0	0	0	0	0	0	0	0	0	0	0	0	0	0	0	0	0	0	0	0	0	0	
570940	Frontal_Mid_L	23972	168	87108	320	4306	94	0	0	4164	0	13128	100	44114	0	9842	0	2698	0	13312	402	0	0	17840	730	0	0	0	0	25576	100	5020	750	2992	452	168	176	3884	172	214	0	0	0	0	0	0	0	0	0	0	0	130	0	0	0	444	0	2394	0	110	0	960	0	628	0	0	0	0	0	300	0	5028	1388	4838	0	288	0	1698	184	2988	0	1910	0	0	0	0	0	0	0	380	0	0	0	0	0	0	0	0	0	0	0	0	0	0	0	0	0	0	0	0	0	0	0	0	0	0	0	
188948	Frontal_Mid_R	178	7280	356	31938	0	592	0	0	0	970	116	12702	0	12820	0	2454	0	156	572	3142	0	0	152	1982	0	0	0	0	136	922	742	4530	0	2596	0	0	0	1120	0	156	0	0	0	0	0	0	0	0	0	0	0	0	0	0	0	0	0	442	0	244	0	290	0	422	0	0	0	0	0	0	0	882	100	4388	0	258	0	1836	0	0	0	0	0	0	0	0	0	0	0	0	0	0	0	0	0	0	0	0	0	0	0	0	0	0	0	0	0	0	0	0	0	0	0	0	0	0	
140544	Frontal_Mid_Orb_L	0	0	6222	0	19140	0	4164	0	0	0	0	0	4578	0	20266	0	0	0	0	0	546	128	470	0	746	0	3396	0	5540	0	830	0	0	0	0	0	0	0	0	0	0	0	0	0	0	0	0	0	0	0	0	0	0	0	0	0	0	0	0	0	0	0	0	0	0	0	0	0	0	0	468	0	3322	0	0	0	0	0	0	0	0	0	456	0	0	0	0	0	0	0	0	0	0	0	0	0	0	0	0	0	0	0	0	0	0	0	0	0	0	0	0	0	0	0	0	0	
31224	Frontal_Mid_Orb_R	0	0	0	654	0	4498	0	970	0	0	0	94	0	440	0	4090	0	0	0	140	142	274	0	390	0	108	0	1236	0	440	0	532	0	0	0	0	0	0	0	0	0	0	0	0	0	0	0	0	0	0	0	0	0	0	0	0	0	0	0	0	0	0	0	0	0	0	0	0	0	0	142	838	110	514	0	0	0	0	0	0	0	0	0	0	0	0	0	0	0	0	0	0	0	0	0	0	0	0	0	0	0	0	0	0	0	0	0	0	0	0	0	0	0	0	0	0	
308216	Frontal_Inf_Oper_L	20092	108	17074	588	122	364	13128	116	0	0	0	1200	13662	0	298	0	17364	268	4666	2438	0	0	824	432	162	302	0	0	18868	768	2464	966	0	294	0	0	970	0	0	0	0	0	0	0	0	0	0	0	0	0	0	0	0	0	366	0	4340	90	0	0	104	0	94	0	0	0	0	0	0	0	10362	6140	6434	214	0	0	1334	0	878	0	3364	104	2480	0	0	0	0	0	266	0	0	0	0	0	0	0	0	0	0	0	0	0	0	0	0	0	0	0	0	0	0	0	0	0	0	0	
206152	Frontal_Inf_Oper_R	198	4180	958	11742	0	2022	100	12702	0	94	1200	0	160	14576	0	348	96	2476	628	3418	0	0	402	4470	0	816	0	0	412	10414	3140	11002	126	3206	0	0	0	1320	0	704	0	0	0	0	0	0	0	0	0	0	0	0	0	0	0	600	0	2656	0	0	0	0	0	0	0	0	0	0	0	0	522	2060	128	3680	0	322	0	728	142	612	0	594	0	122	0	0	0	0	0	0	0	0	0	0	0	0	0	0	0	0	0	0	0	0	0	0	0	0	0	0	0	0	0	0	0	0	
311132	Frontal_Inf_Tri_L	2506	0	26906	0	6714	0	44114	0	4578	0	13662	160	0	0	15392	0	810	0	1132	222	0	0	1490	0	0	0	0	0	29544	0	2316	200	116	0	0	0	202	0	0	0	0	0	0	0	0	0	0	0	0	0	0	0	0	0	136	0	532	0	0	0	0	0	0	0	0	0	0	0	0	0	446	170	2338	0	0	0	0	0	0	0	468	0	1252	0	0	0	0	0	160	0	0	0	0	0	0	0	0	0	0	0	0	0	0	0	0	0	0	0	0	0	0	0	0	0	0	0	
170148	Frontal_Inf_Tri_R	0	142	362	11172	0	504	0	12820	0	440	0	14576	0	0	0	8086	0	0	620	3018	0	0	596	4380	0	0	0	0	150	6378	2158	10266	384	6556	0	0	0	624	0	150	0	0	0	0	0	0	0	0	0	0	0	0	0	0	0	128	0	0	0	0	0	0	0	0	0	0	0	0	0	0	0	0	0	1456	0	0	0	0	108	0	0	0	0	0	0	0	0	0	0	0	0	0	0	0	0	0	0	0	0	0	0	0	0	0	0	0	0	0	0	0	0	0	0	0	0	0	
226804	Frontal_Inf_Orb_L	0	0	10428	0	17098	0	9842	0	20266	0	298	0	15392	0	0	0	0	0	404	0	2368	172	342	0	144	0	2198	0	20862	0	244	0	0	0	0	0	696	0	604	0	612	0	0	0	0	0	0	0	0	0	0	0	0	0	252	0	0	0	0	0	0	0	0	0	0	0	0	0	0	0	696	0	7368	0	0	0	0	0	0	0	0	0	3116	0	0	0	0	0	0	0	0	0	0	0	0	0	0	0	0	0	0	0	0	0	0	0	0	0	0	0	0	0	0	0	0	0	
88708	Frontal_Inf_Orb_R	0	0	0	1744	0	3144	0	2454	0	4090	0	348	0	8086	0	0	0	0	186	494	182	706	134	730	0	0	108	1456	0	8354	234	1998	266	2658	0	0	0	228	0	154	0	0	0	0	0	0	0	0	0	0	0	0	0	0	0	242	0	0	0	0	0	0	0	0	0	0	0	0	0	0	188	1116	96	4838	0	0	0	0	0	0	0	0	0	120	0	0	0	0	0	0	0	0	0	0	0	0	0	0	0	0	0	0	0	0	0	0	0	0	0	0	0	0	0	0	0	0	
264144	Rolandic_Oper_L	12970	180	11726	164	0	0	2698	0	0	0	17364	96	810	0	0	0	0	0	2472	1086	0	0	332	0	0	0	0	0	19852	0	754	178	110	280	116	136	2092	130	0	0	0	0	132	0	0	0	0	0	0	0	830	0	154	0	3070	0	10352	0	1022	0	776	0	1416	0	0	0	276	0	104	0	8888	3568	6324	0	378	0	2102	192	4234	0	7670	0	1586	0	3484	0	0	0	1968	0	0	0	0	0	0	0	0	0	0	0	0	0	0	0	0	0	0	0	0	0	0	0	0	0	0	0	
104676	Rolandic_Oper_R	112	1352	1658	2038	0	148	0	156	0	0	268	2476	0	0	0	0	0	0	854	4800	0	0	0	232	0	0	0	0	92	7384	176	1126	0	0	0	0	0	1438	0	380	0	0	0	0	0	0	0	0	0	0	0	0	0	0	0	340	0	3682	0	0	0	0	0	2972	0	0	0	392	0	0	302	862	112	5886	0	1076	0	448	0	4402	0	6718	0	456	0	0	0	0	0	0	0	0	0	0	0	0	0	0	0	0	0	0	0	0	0	0	0	0	0	0	0	0	0	0	0	0	
541840	Supp_Motor_Area_L	17228	1400	64666	6538	328	470	13312	572	0	0	4666	628	1132	620	404	186	2472	854	0	30960	0	0	12054	2676	0	294	0	0	8214	430	7528	7938	7756	19658	454	236	2366	0	0	0	0	0	0	0	0	0	0	0	0	0	0	0	0	0	124	0	1564	236	0	0	0	0	0	0	0	0	0	0	16430	724	7752	2008	10450	302	4910	0	7238	1320	1064	0	462	184	0	0	0	0	0	0	112	0	0	0	0	0	0	0	0	0	0	0	0	0	0	0	0	0	0	0	0	0	0	0	0	0	0	0	
627380	Supp_Motor_Area_R	7638	3560	14220	44906	0	3830	402	3142	0	140	2438	3418	222	3018	0	494	1086	4800	30960	0	0	0	1084	13532	0	2334	0	0	2498	3584	7862	26184	3130	48258	3116	3766	340	304	0	0	0	0	0	264	0	502	0	0	0	604	0	194	0	120	0	252	160	1010	0	112	0	142	0	246	0	0	120	1712	16734	15486	3440	19664	2052	3088	0	514	226	4158	1342	288	0	638	0	208	0	0	0	0	0	0	0	0	0	0	0	0	0	0	0	0	0	0	0	0	0	0	0	0	0	0	148	0	0	0	0	0	
73792	Olfactory_L	0	0	100	0	1890	206	0	0	546	142	0	0	0	0	2368	182	0	0	0	0	0	4506	0	0	392	0	2360	928	2660	172	2506	1160	0	0	0	0	602	0	1316	0	1082	0	0	0	0	0	0	0	0	0	0	0	0	0	212	0	0	0	0	0	0	0	0	0	0	0	0	0	0	0	5980	2980	3474	0	0	0	0	0	0	0	0	0	1132	0	0	0	0	0	0	0	0	0	0	0	0	0	0	0	0	0	0	0	0	0	0	0	0	0	0	0	0	0	0	0	0	0	
64920	Olfactory_R	0	0	0	0	338	828	0	0	128	274	0	0	0	0	172	706	0	0	0	0	4506	0	0	0	144	468	1096	2302	0	1562	1868	1682	0	0	0	0	0	186	0	190	0	974	0	0	0	0	0	0	0	0	0	0	0	0	0	0	0	0	0	0	0	0	0	0	0	0	0	0	0	0	6058	5376	3306	296	0	0	0	0	0	0	0	0	0	0	0	0	0	0	0	0	0	0	0	0	0	0	0	0	0	0	0	0	0	0	0	0	0	0	0	0	0	0	0	0	0	0	
503940	Frontal_Sup_Medial_L	182	104	61494	9478	9020	100	17840	152	470	0	824	402	1490	596	342	134	332	0	12054	1084	0	0	0	28180	4160	1220	1740	0	7030	346	40612	22962	6256	14006	0	0	178	0	0	0	0	0	0	0	0	0	0	0	0	0	0	0	0	0	0	0	0	0	0	0	0	0	0	0	0	0	0	0	294	0	2132	466	5390	462	0	0	0	0	290	0	148	0	0	0	0	0	0	0	0	0	0	0	0	0	0	0	0	0	0	0	0	0	0	0	0	0	0	0	0	0	0	0	0	0	0	0	
488928	Frontal_Sup_Medial_R	124	88	7442	44708	388	10516	730	1982	0	390	432	4470	0	4380	0	730	0	232	2676	13532	0	0	28180	0	1624	11140	304	328	708	3902	11478	51006	916	27194	0	0	104	218	0	0	0	0	0	0	0	0	0	0	0	0	0	0	0	0	0	0	0	0	0	0	0	0	0	0	0	0	0	0	0	0	580	9086	388	4162	0	0	0	0	326	0	0	0	0	0	0	0	0	0	0	0	0	0	0	0	0	0	0	0	0	0	0	0	0	0	0	0	0	0	0	0	0	0	0	0	0	0	
60024	Frontal_Med_Orb_L	0	0	1840	442	5750	0	0	0	746	0	162	0	0	0	144	0	0	0	0	0	392	144	4160	1624	0	2462	2904	0	826	0	6158	678	0	0	0	0	0	0	0	0	0	0	0	0	0	0	0	0	0	0	0	0	0	0	0	0	0	0	0	0	0	0	0	0	0	0	0	0	0	0	342	180	1058	0	0	0	0	0	0	0	0	0	0	0	0	0	0	0	0	0	0	0	0	0	0	0	0	0	0	0	0	0	0	0	0	0	0	0	0	0	0	0	0	0	0	0	
131200	Frontal_Med_Orb_R	0	0	580	5700	670	7304	0	0	0	108	302	816	0	0	0	0	0	0	294	2334	0	468	1220	11140	2462	0	590	5650	0	848	1888	10872	0	286	0	0	0	0	0	0	0	0	0	0	0	0	0	0	0	0	0	0	0	0	0	0	0	0	0	0	0	0	0	0	0	0	0	0	0	0	424	7848	90	3706	0	0	0	0	0	0	0	0	0	0	0	0	0	0	0	0	0	0	0	0	0	0	0	0	0	0	0	0	0	0	0	0	0	0	0	0	0	0	0	0	0	0	
68888	Rectus_L	0	0	1118	110	8936	220	0	0	3396	0	0	0	0	0	2198	108	0	0	0	0	2360	1096	1740	304	2904	590	0	698	400	94	2972	248	0	0	0	0	0	0	0	0	0	0	0	0	0	0	0	0	0	0	0	0	0	0	0	0	0	0	0	0	0	0	0	0	0	0	0	0	0	0	2178	510	2264	0	0	0	0	0	0	0	0	0	0	0	0	0	0	0	0	0	0	0	0	0	0	0	0	0	0	0	0	0	0	0	0	0	0	0	0	0	0	0	0	0	0	0	
54488	Rectus_R	0	0	0	230	0	5622	0	0	0	1236	0	0	0	0	0	1456	0	0	0	0	928	2302	0	328	0	5650	698	0	0	1654	428	2288	0	0	0	0	0	0	0	0	0	0	0	0	0	0	0	0	0	0	0	0	0	0	0	0	0	0	0	0	0	0	0	0	0	0	0	0	0	0	928	1926	672	898	0	0	0	0	0	0	0	0	0	0	0	0	0	0	0	0	0	0	0	0	0	0	0	0	0	0	0	0	0	0	0	0	0	0	0	0	0	0	0	0	0	0	
700528	Insula_L	11612	252	40762	924	13900	0	25576	136	5540	0	18868	412	29544	150	20862	0	19852	92	8214	2498	2660	0	7030	708	826	0	400	0	0	244	14598	3620	746	2770	288	324	15286	318	2602	0	3332	0	0	0	0	0	0	0	0	0	324	0	0	0	5860	0	7436	0	1054	0	2060	0	162	0	430	0	154	0	124	0	9424	3546	29196	374	174	0	1934	316	11414	0	10968	0	6654	0	258	0	0	0	3456	0	0	0	0	0	0	0	0	0	0	0	0	0	0	0	0	0	0	0	0	0	0	0	0	0	0	0	
232248	Insula_R	168	1198	1054	6828	0	3862	100	922	0	440	768	10414	0	6378	0	8354	0	7384	430	3584	172	1562	346	3902	0	848	94	1654	244	0	1584	8104	0	324	0	0	0	6342	0	3352	0	1998	0	0	0	0	0	0	0	0	0	0	0	0	0	3112	0	516	0	0	0	0	0	158	0	0	0	0	0	0	654	3034	204	19832	0	0	0	448	0	588	0	2400	0	1520	0	854	0	0	0	296	0	0	0	0	0	0	0	98	0	0	0	0	0	0	0	0	0	0	0	0	0	0	0	0	0	0	
520628	Cingulum_Ant_L	468	136	33256	8042	8450	208	5020	742	830	0	2464	3140	2316	2158	244	234	754	176	7528	7862	2506	1868	40612	11478	6158	1888	2972	428	14598	1584	0	34308	8138	12070	0	0	896	220	0	0	0	0	0	0	0	0	0	0	0	0	0	0	0	0	88	0	0	0	0	0	0	0	0	0	0	0	0	0	100	0	9606	5662	13646	3722	0	186	240	130	2646	0	370	0	0	0	0	0	0	0	166	0	0	0	0	0	0	0	0	0	0	0	0	0	0	0	0	0	0	0	0	0	0	0	0	0	0	0	
750424	Cingulum_Ant_R	264	624	12700	53950	182	11236	750	4530	0	532	966	11002	200	10266	0	1998	178	1126	7938	26184	1160	1682	22962	51006	678	10872	248	2288	3620	8104	34308	0	3456	44032	0	308	652	822	0	162	0	0	0	0	0	0	0	0	0	0	0	0	0	0	0	120	0	0	0	0	0	0	0	0	0	0	0	0	0	0	3402	21586	1674	14068	0	286	216	432	2154	0	0	288	0	0	0	0	0	0	0	0	0	0	0	0	0	0	0	0	0	0	0	0	0	0	0	0	0	0	0	0	0	0	0	0	0	0	
136480	Cingulum_Mid_L	144	0	8366	520	0	0	2992	0	0	0	0	126	116	384	0	266	110	0	7756	3130	0	0	6256	916	0	0	0	0	746	0	8138	3456	0	8348	5160	610	122	0	0	0	0	0	0	0	508	0	0	0	472	0	226	0	0	0	0	0	0	0	250	0	0	0	0	0	0	0	2384	0	5528	434	114	92	154	0	0	0	200	0	216	0	0	0	0	0	0	0	0	0	0	0	0	0	0	0	0	0	0	0	0	0	0	0	0	0	0	0	0	0	0	0	0	0	0	0	0	0	
547356	Cingulum_Mid_R	3184	344	7470	29706	0	580	452	2596	0	0	294	3206	0	6556	0	2658	280	0	19658	48258	0	0	14006	27194	0	286	0	0	2770	324	12070	44032	8348	0	2524	5100	564	0	0	0	0	0	0	616	0	626	0	0	0	294	0	0	0	0	0	0	0	502	0	0	0	0	0	0	0	0	134	3866	10320	9862	512	932	686	346	0	0	134	128	1834	0	0	0	0	0	0	0	0	0	0	0	0	0	0	0	0	0	0	0	0	0	0	0	0	0	0	0	0	0	0	0	426	0	0	0	0	0	
132052	Cingulum_Post_L	1800	1214	522	0	0	0	168	0	0	0	0	0	0	0	0	0	116	0	454	3116	0	0	0	0	0	0	0	0	288	0	0	0	5160	2524	0	11308	5502	3306	200	288	0	0	3630	0	886	0	1236	0	0	0	194	0	0	0	734	0	154	0	0	0	0	0	0	0	0	0	6748	1960	6666	2890	0	0	0	0	0	0	1164	2080	92	0	0	0	0	0	130	0	0	0	158	0	0	0	0	0	0	0	140	0	0	0	0	0	0	0	0	0	0	0	0	0	1198	0	0	0	0	0	
126672	Cingulum_Post_R	1700	1552	496	0	0	0	176	0	0	0	0	0	0	0	0	0	136	0	236	3766	0	0	0	0	0	0	0	0	324	0	0	308	610	5100	11308	0	4174	4878	0	332	0	0	0	734	0	0	0	1688	0	0	0	0	0	390	104	834	98	204	0	0	0	0	0	0	0	0	784	7476	2712	3390	0	0	0	0	0	0	1742	2844	96	0	0	0	0	0	0	0	0	0	100	0	0	0	0	0	0	0	0	0	0	0	0	0	0	0	0	0	0	0	0	0	5044	0	0	0	0	0	
237336	Hippocampus_L	3600	1742	6202	152	176	0	3884	0	0	0	970	0	202	0	696	0	2092	0	2366	340	602	0	178	104	0	0	0	0	15286	0	896	652	122	564	5502	4174	0	3912	6076	286	6018	0	1446	0	0	0	1830	0	0	0	0	0	0	0	12356	0	620	0	0	0	0	0	0	0	0	0	1702	370	474	0	288	0	8624	0	0	0	5756	2976	2914	0	2758	0	2196	0	0	0	0	0	7200	0	0	0	0	0	0	0	150	0	0	0	0	0	0	0	0	0	0	0	0	0	214	0	0	0	0	0	
206780	Hippocampus_R	738	8130	412	866	0	94	172	1120	0	0	0	1320	0	624	0	228	130	1438	0	304	0	186	0	218	0	0	0	0	318	6342	220	822	0	0	3306	4878	3912	0	0	14236	0	7682	0	0	0	0	0	1048	0	0	0	0	0	92	0	17094	0	584	0	0	0	0	0	196	0	0	0	1660	0	0	0	126	0	11486	0	0	2170	4650	106	790	0	1176	0	524	0	362	0	0	0	2766	0	0	0	0	0	0	0	360	0	0	0	0	0	0	0	0	0	0	0	0	504	0	0	0	0	0	
48852	ParaHippocampal_L	134	0	376	0	232	0	214	0	0	0	0	0	0	0	604	0	0	0	0	0	1316	0	0	0	0	0	0	0	2602	0	0	0	0	0	200	0	6076	0	0	0	2708	0	360	0	0	0	1052	192	0	0	92	0	0	0	3802	0	0	0	0	0	0	0	0	0	0	0	432	0	0	0	104	0	860	0	0	0	276	90	0	0	550	0	1250	0	0	0	254	0	134	0	0	0	0	0	176	0	228	0	0	0	0	0	0	0	0	0	0	0	0	112	0	0	0	0	0	0	
93160	ParaHippocampal_R	0	238	0	134	0	0	0	156	0	0	0	704	0	150	0	154	0	380	0	0	0	190	0	0	0	0	0	0	0	3352	0	162	0	0	288	332	286	14236	0	0	0	4802	0	0	0	0	0	1030	0	0	0	0	0	0	0	11370	0	0	0	0	0	0	0	0	0	0	0	348	0	0	0	0	0	5030	0	0	0	0	0	178	0	412	0	924	0	0	0	476	0	472	0	0	0	0	0	0	0	776	0	0	0	0	0	0	0	0	0	0	0	0	0	0	0	0	0	0	
42292	Amygdala_L	0	0	90	0	238	0	0	0	0	0	0	0	0	0	612	0	0	0	0	0	1082	0	0	0	0	0	0	0	3332	0	0	0	0	0	0	0	6018	0	2708	0	0	0	0	0	0	0	0	0	0	0	0	0	0	0	3432	0	0	0	0	0	0	0	0	0	0	0	0	0	0	0	92	0	636	0	0	0	0	0	0	0	568	0	1344	0	0	0	0	0	994	0	0	0	0	0	0	0	0	0	0	0	0	0	0	0	0	0	0	0	0	0	0	0	0	0	0	0	
45364	Amygdala_R	0	0	0	0	0	0	0	0	0	0	0	0	0	0	0	0	0	0	0	0	0	974	0	0	0	0	0	0	0	1998	0	0	0	0	0	0	0	7682	0	4802	0	0	0	0	0	0	0	0	0	0	0	0	0	0	0	4670	0	0	0	0	0	0	0	0	0	0	0	0	0	0	0	0	0	1024	0	0	0	0	0	0	0	0	0	1296	0	0	0	96	0	140	0	0	0	0	0	0	0	0	0	0	0	0	0	0	0	0	0	0	0	0	0	0	0	0	0	0	
253200	Calcarine_L	114	0	0	0	0	0	0	0	0	0	0	0	0	0	0	0	132	0	0	0	0	0	0	0	0	0	0	0	0	0	0	0	0	0	3630	0	1446	0	360	0	0	0	0	5068	18844	2870	13252	1744	16562	1330	30524	0	7758	0	3392	0	344	0	428	0	0	0	0	0	142	0	13922	0	546	0	0	0	0	0	0	0	0	0	0	0	0	0	0	0	2516	0	0	0	1358	0	0	0	0	0	0	0	318	0	0	0	0	0	0	0	0	0	0	0	0	0	0	0	0	0	0	0	
272236	Calcarine_R	0	122	0	0	0	0	0	0	0	0	0	0	0	0	0	0	0	0	0	264	0	0	0	0	0	0	0	0	0	0	0	0	0	616	0	734	0	0	0	0	0	0	5068	0	3782	30100	1174	24990	0	22246	0	7552	0	5196	0	7734	0	1498	0	0	0	186	0	348	0	0	342	13588	0	700	0	0	0	0	0	0	0	0	0	0	0	742	0	0	0	2238	0	0	0	5108	0	0	0	0	0	0	0	278	0	776	0	0	0	0	0	0	0	0	0	0	588	148	0	0	0	0	
178448	Cuneus_L	0	0	0	0	0	0	0	0	0	0	0	0	0	0	0	0	0	0	0	0	0	0	0	0	0	0	0	0	0	0	0	0	508	0	886	0	0	0	0	0	0	0	18844	3782	0	5226	2452	1062	20476	1244	18270	92	2816	0	526	0	110	0	1912	0	0	0	0	0	128	0	8624	190	680	0	0	0	0	0	0	0	0	0	0	0	0	0	0	0	988	0	0	0	408	0	0	0	0	0	0	0	0	0	0	0	0	0	0	0	0	0	0	0	0	0	0	0	0	0	0	0	
315404	Cuneus_R	0	748	0	128	0	0	0	0	0	0	0	0	0	0	0	0	0	0	0	502	0	0	0	0	0	0	0	0	0	0	0	0	0	626	0	0	0	0	0	0	0	0	2870	30100	5226	0	514	14668	0	41296	0	6430	0	1656	0	4316	0	4652	0	3744	0	396	0	180	0	432	4372	27184	0	1036	0	0	0	0	0	0	0	102	0	0	0	2468	0	0	0	2486	0	0	0	1570	0	0	0	0	0	0	0	0	0	0	0	0	0	0	0	0	0	0	0	0	0	0	0	0	0	0	
205668	Lingual_L	0	0	0	0	0	0	0	0	0	0	0	0	0	0	0	0	0	0	0	0	0	0	0	0	0	0	0	0	0	0	0	0	0	0	1236	0	1830	0	1052	0	0	0	13252	1174	2452	514	0	3018	5784	292	14276	0	5796	0	9902	682	150	0	0	0	0	0	342	0	0	0	4432	0	0	0	0	0	0	0	0	0	0	0	0	0	0	0	0	0	158	0	0	0	0	0	5426	1324	194	0	0	0	6904	926	11306	2454	0	0	0	96	0	0	0	0	0	154	2230	4222	1256	0	0	0	
270824	Lingual_R	0	0	0	0	0	0	0	0	0	0	0	0	0	0	0	0	0	0	0	0	0	0	0	0	0	0	0	0	0	0	0	0	0	0	0	1688	0	1048	192	1030	0	0	1744	24990	1062	14668	3018	0	0	14094	0	4872	0	3982	734	18470	0	0	0	0	0	0	0	174	0	0	0	8166	0	90	0	0	0	0	0	0	0	198	0	0	0	248	0	0	0	322	0	0	0	784	1046	4410	0	0	188	112	758	4026	2888	7408	0	0	0	0	0	0	0	0	0	0	5544	6300	1158	0	0	0	
278584	Occipital_Sup_L	918	0	0	0	0	0	0	0	0	0	0	0	0	0	0	0	0	0	0	0	0	0	0	0	0	0	0	0	0	0	0	0	472	0	0	0	0	0	0	0	0	0	16562	0	20476	0	5784	0	0	0	45556	0	1028	0	466	0	2078	0	18404	0	1884	0	902	0	2500	0	11498	0	218	0	0	0	0	0	0	0	0	0	0	0	998	0	0	0	7512	0	0	0	2036	0	0	0	0	0	0	0	0	0	0	0	0	0	0	0	0	0	0	0	0	0	0	0	0	0	0	0	
329948	Occipital_Sup_R	0	964	0	180	0	0	0	0	0	0	0	0	0	0	0	0	0	0	0	604	0	0	0	0	0	0	0	0	0	0	0	0	0	294	0	0	0	0	0	0	0	0	1330	22246	1244	41296	292	14094	0	0	0	15394	0	2000	0	5584	0	4774	0	4248	0	2138	0	248	0	2888	970	22936	0	1006	0	0	0	0	0	0	0	0	0	0	0	4372	0	0	0	11204	0	0	0	4668	0	0	0	0	0	0	0	0	0	0	0	0	0	0	0	0	0	0	0	0	0	0	0	0	0	0	
535052	Occipital_Mid_L	2508	0	102	0	0	0	130	0	0	0	0	0	0	0	0	0	830	0	0	0	0	0	0	0	0	0	0	0	324	0	0	0	226	0	194	0	0	0	92	0	0	0	30524	0	18270	0	14276	0	45556	0	0	0	18024	0	6500	0	8006	0	31130	0	14458	0	2708	0	22040	0	13766	0	1074	0	0	0	0	0	0	0	0	0	0	0	1810	0	0	0	27372	0	0	0	7162	0	172	0	0	0	0	0	0	0	272	0	0	0	0	0	0	0	0	0	0	0	0	0	0	0	0	0	
166584	Occipital_Mid_R	0	352	0	0	0	0	0	0	0	0	0	0	0	0	0	0	0	0	0	194	0	0	0	0	0	0	0	0	0	0	0	0	0	0	0	0	0	0	0	0	0	0	0	7552	92	6430	0	4872	0	15394	0	0	0	5728	0	6162	0	366	0	946	0	5980	0	270	0	11126	430	4342	0	134	0	0	0	0	0	0	0	0	0	0	0	1124	0	0	0	8600	0	0	0	3198	0	0	0	0	0	0	0	0	0	0	0	0	0	0	0	0	0	0	0	0	0	0	0	0	0	0	
93428	Occipital_Inf_L	94	0	0	0	0	0	0	0	0	0	0	0	0	0	0	0	154	0	0	0	0	0	0	0	0	0	0	0	0	0	0	0	0	0	0	0	0	0	0	0	0	0	7758	0	2816	0	5796	0	1028	0	18024	0	0	0	5188	0	322	0	0	0	0	0	514	0	0	0	684	0	0	0	0	0	0	0	0	0	0	0	0	0	134	0	0	0	1438	0	0	0	1606	0	406	0	0	0	0	0	0	0	652	0	0	0	0	0	0	0	0	0	0	0	0	100	0	0	0	0	
73528	Occipital_Inf_R	0	468	0	0	0	0	0	0	0	0	0	0	0	0	0	0	0	0	0	120	0	0	0	0	0	0	0	0	0	0	0	0	0	0	0	390	0	92	0	0	0	0	0	5196	0	1656	0	3982	0	2000	0	5728	0	0	0	8728	0	226	0	0	0	146	0	302	0	0	0	1464	0	148	0	0	0	0	0	0	0	0	0	0	0	320	0	0	0	434	0	0	0	5148	0	0	0	0	0	0	0	0	0	0	0	0	0	0	0	0	0	0	0	0	216	0	0	0	0	0	
323976	Fusiform_L	2928	0	1004	0	88	0	444	0	0	0	366	0	136	0	252	0	3070	0	124	0	212	0	0	0	0	0	0	0	5860	0	88	0	0	0	734	104	12356	0	3802	0	3432	0	3392	0	526	0	9902	734	466	0	6500	0	5188	0	0	224	2652	0	882	0	1316	0	4602	0	138	0	3336	0	1394	0	134	0	2368	0	0	0	260	0	3000	0	4508	0	2522	0	4958	0	1442	0	14812	0	15026	330	1436	0	0	0	6878	554	20164	774	1072	0	648	138	234	0	0	0	0	0	2188	1880	410	0	0	0	
300312	Fusiform_R	0	996	0	0	0	0	0	0	0	0	0	600	0	128	0	242	0	340	0	252	0	0	0	0	0	0	0	0	0	3112	0	120	0	0	0	834	0	17094	0	11370	0	4670	0	7734	0	4316	682	18470	0	5584	0	6162	0	8728	224	0	0	424	0	186	0	674	0	1194	0	0	0	3434	0	294	0	0	0	4228	0	0	0	0	0	342	0	1632	0	5176	0	1814	0	3464	0	11094	396	5224	0	0	0	0	362	4976	974	7560	0	0	0	0	0	0	0	0	0	0	2348	2264	438	0	0	0	
278808	Postcentral_L	27168	118	3330	0	0	0	2394	0	0	0	4340	0	532	0	0	0	10352	0	1564	160	0	0	0	0	0	0	0	0	7436	0	0	0	0	0	154	98	620	0	0	0	0	0	344	0	110	0	150	0	2078	0	8006	0	322	0	2652	0	0	0	10882	0	21364	0	15642	0	4468	0	3620	0	1584	0	2998	420	1478	0	136	0	186	0	1632	0	1628	0	0	0	1082	0	0	0	356	0	0	0	0	0	0	0	0	0	0	0	0	0	0	0	0	0	0	0	0	0	0	0	0	0	0	0	
165416	Postcentral_R	160	15208	398	322	0	0	0	442	0	0	90	2656	0	0	0	0	0	3682	236	1010	0	0	0	0	0	0	0	0	0	516	0	0	0	502	0	204	0	584	0	0	0	0	0	1498	0	4652	0	0	0	4774	0	366	0	226	0	424	0	0	0	6790	0	5826	0	9810	0	432	0	11748	0	4258	0	358	0	1004	0	372	0	776	0	538	0	2542	0	0	0	158	0	0	0	146	0	0	0	0	0	0	0	0	0	0	0	0	0	0	0	0	0	0	0	0	0	0	0	0	0	0	
244184	Parietal_Sup_L	1068	0	0	0	0	0	110	0	0	0	0	0	0	0	0	0	1022	0	0	0	0	0	0	0	0	0	0	0	1054	0	0	0	250	0	0	0	0	0	0	0	0	0	428	0	1912	0	0	0	18404	0	31130	0	0	0	882	0	10882	0	0	0	14846	0	1202	0	11786	0	13608	0	694	0	0	0	0	0	0	0	0	0	0	0	1256	0	0	0	9268	0	0	0	2290	0	0	0	0	0	0	0	0	0	0	0	0	0	0	0	0	0	0	0	0	0	0	0	0	0	0	0	
82136	Parietal_Sup_R	0	1316	0	0	0	0	0	244	0	0	0	0	0	0	0	0	0	0	0	112	0	0	0	0	0	0	0	0	0	0	0	0	0	0	0	0	0	0	0	0	0	0	0	0	0	3744	0	0	0	4248	0	946	0	0	0	186	0	6790	0	0	0	8852	0	4080	0	2192	636	6734	0	174	0	0	0	0	0	0	0	0	0	0	0	814	0	0	0	0	0	0	0	0	0	0	0	0	0	0	0	0	0	0	0	0	0	0	0	0	0	0	0	0	0	0	0	0	0	0	
203000	Parietal_Inf_L	3194	0	0	0	0	0	960	0	0	0	104	0	0	0	0	0	776	0	0	0	0	0	0	0	0	0	0	0	2060	0	0	0	0	0	0	0	0	0	0	0	0	0	0	0	0	0	0	0	1884	0	14458	0	0	0	1316	0	21364	0	14846	0	0	0	18876	0	15904	0	2838	0	310	0	0	0	0	0	0	0	0	0	0	0	236	0	0	0	1808	0	0	0	566	0	0	0	0	0	0	0	0	0	0	0	0	0	0	0	0	0	0	0	0	0	0	0	0	0	0	0	
115228	Parietal_Inf_R	0	2974	0	168	0	0	0	290	0	0	0	0	0	0	0	0	0	0	0	142	0	0	0	0	0	0	0	0	0	0	0	0	0	0	0	0	0	0	0	0	0	0	0	186	0	396	0	0	0	2138	0	5980	0	146	0	674	0	5826	0	8852	0	0	0	13366	0	9512	0	3440	0	0	0	0	0	0	0	0	0	102	0	0	0	1474	0	0	0	1214	0	0	0	734	0	0	0	0	0	0	0	0	0	0	0	0	0	0	0	0	0	0	0	0	0	0	0	0	0	0	
124288	SupraMarginal_L	2390	0	0	0	0	0	628	0	0	0	94	0	0	0	0	0	1416	0	0	0	0	0	0	0	0	0	0	0	162	0	0	0	0	0	0	0	0	0	0	0	0	0	0	0	0	0	342	0	902	0	2708	0	514	0	4602	0	15642	0	1202	0	18876	0	0	0	4254	0	260	0	0	0	0	0	0	0	0	0	0	0	0	0	3066	0	0	0	3786	0	0	0	1300	0	0	0	0	0	0	0	0	0	0	0	0	0	0	0	0	0	0	0	0	0	0	0	0	0	0	0	
111652	SupraMarginal_R	0	4168	0	208	0	0	0	422	0	0	0	0	0	0	0	0	0	2972	0	246	0	0	0	0	0	0	0	0	0	158	0	0	0	0	0	0	0	196	0	0	0	0	0	348	0	180	0	174	0	248	0	270	0	302	0	1194	0	9810	0	4080	0	13366	0	0	0	3138	0	3204	0	0	0	92	0	144	0	0	0	138	0	372	0	5330	0	0	0	2722	0	0	0	2344	0	0	0	0	0	0	0	0	0	0	0	0	0	0	0	0	0	0	0	0	0	0	0	0	0	0	
154960	Angular_L	154	0	0	0	0	0	0	0	0	0	0	0	0	0	0	0	0	0	0	0	0	0	0	0	0	0	0	0	430	0	0	0	0	0	0	0	0	0	0	0	0	0	142	0	128	0	0	0	2500	0	22040	0	0	0	138	0	4468	0	11786	0	15904	0	4254	0	0	0	3226	0	194	0	0	0	0	0	0	0	0	0	0	0	698	0	0	0	10126	0	0	0	1292	0	0	0	0	0	0	0	0	0	0	0	0	0	0	0	0	0	0	0	0	0	0	0	0	0	0	0	
87352	Angular_R	0	184	0	0	0	0	0	0	0	0	0	0	0	0	0	0	0	0	0	0	0	0	0	0	0	0	0	0	0	0	0	0	0	0	0	0	0	0	0	0	0	0	0	0	0	432	0	0	0	2888	0	11126	0	0	0	0	0	432	0	2192	0	9512	0	3138	0	0	0	1316	0	0	0	0	0	0	0	0	0	0	0	0	0	4658	0	0	0	6770	0	0	0	1028	0	0	0	0	0	0	0	0	0	0	0	0	0	0	0	0	0	0	0	0	0	0	0	0	0	0	
227408	Precuneus_L	404	0	0	0	0	0	0	0	0	0	0	0	0	0	0	0	276	0	0	120	0	0	0	0	0	0	0	0	154	0	0	0	2384	134	6748	784	1702	0	432	0	0	0	13922	342	8624	4372	4432	0	11498	970	13766	430	684	0	3336	0	3620	0	13608	636	2838	0	260	0	3226	0	0	5870	2816	248	0	0	0	0	0	0	0	0	0	0	90	0	0	0	3100	0	0	0	1326	0	0	0	0	0	0	0	456	0	0	0	0	0	0	0	0	0	0	0	0	0	96	0	0	0	0	0	
320532	Precuneus_R	170	1778	0	244	0	0	0	0	0	0	0	0	0	0	0	0	0	392	0	1712	0	0	0	0	0	0	0	0	0	0	0	0	0	3866	1960	7476	370	1660	0	348	0	0	0	13588	190	27184	0	8166	0	22936	0	4342	0	1464	0	3434	0	11748	0	6734	0	3440	0	3204	0	1316	5870	0	184	4172	0	0	0	0	0	0	0	764	0	0	0	4844	0	0	0	5366	0	0	0	4228	0	0	0	0	0	0	0	1068	0	0	0	0	0	0	0	0	0	0	0	0	6048	0	0	0	0	0	
207220	Paracentral_Lobule_L	11948	1304	7658	222	0	0	300	0	0	0	0	0	0	0	0	0	104	0	16430	16734	0	0	294	0	0	0	0	0	124	0	100	0	5528	10320	6666	2712	474	0	0	0	0	0	546	0	680	0	0	0	218	0	1074	0	0	0	1394	0	1584	0	694	0	310	0	0	0	194	0	2816	184	0	6136	662	116	186	0	0	0	4144	1212	0	0	0	0	0	0	382	0	0	0	160	0	0	0	0	0	0	0	0	0	0	0	0	0	0	0	0	0	0	0	0	0	0	0	0	0	0	0	
114608	Paracentral_Lobule_R	3642	1956	238	0	0	0	0	0	0	0	0	0	0	0	0	0	0	0	724	15486	0	0	0	0	0	0	0	0	0	0	0	0	434	9862	2890	3390	0	0	0	0	0	0	0	700	0	1036	0	90	0	1006	0	134	0	148	0	294	0	4258	0	174	0	0	0	0	0	0	248	4172	6136	0	0	0	0	0	0	0	0	0	0	0	0	108	0	0	0	0	0	0	0	0	0	0	0	0	0	0	0	0	0	0	0	0	0	0	0	0	0	0	0	0	178	0	0	0	0	0	
328360	Caudate_L	11082	0	15130	708	1026	674	5028	0	468	142	10362	522	446	0	696	188	8888	302	7752	3440	5980	6058	2132	580	342	424	2178	928	9424	654	9606	3402	114	512	0	0	288	0	104	0	92	0	0	0	0	0	0	0	0	0	0	0	0	0	134	0	2998	0	0	0	0	0	0	0	0	0	0	0	662	0	0	18054	22506	1114	874	250	5542	192	200	0	1352	0	530	0	0	0	0	0	100	0	0	0	0	0	0	0	0	0	0	0	0	0	0	0	0	0	0	0	0	0	0	0	0	0	0	0	
411268	Caudate_R	3274	9394	8126	14488	220	7814	1388	882	0	838	6140	2060	170	0	0	1116	3568	862	2008	19664	2980	5376	466	9086	180	7848	510	1926	3546	3034	5662	21586	92	932	0	0	0	126	0	0	0	0	0	0	0	0	0	0	0	0	0	0	0	0	0	0	420	358	0	0	0	0	0	92	0	0	0	0	116	0	18054	0	5952	14684	0	1380	198	17738	104	258	470	286	162	0	0	0	0	0	0	0	0	0	0	0	0	0	0	0	0	0	0	0	0	0	0	0	0	0	0	0	0	0	0	0	0	0	
409692	Putamen_L	5934	0	28572	398	10256	220	4838	100	3322	110	6434	128	2338	0	7368	96	6324	112	10450	2052	3474	3306	5390	388	1058	90	2264	672	29196	204	13646	1674	154	686	0	0	8624	0	860	0	636	0	0	0	0	0	0	0	0	0	0	0	0	0	2368	0	1478	0	0	0	0	0	0	0	0	0	0	0	186	0	22506	5952	0	480	4894	0	1600	88	246	0	1328	0	990	0	0	0	0	0	1356	0	0	0	0	0	0	0	0	0	0	0	0	0	0	0	0	0	0	0	0	0	0	0	0	0	0	0	
268004	Putamen_R	0	3134	1316	6924	0	3274	0	4388	0	514	214	3680	0	1456	0	4838	0	5886	302	3088	0	296	462	4162	0	3706	0	898	374	19832	3722	14068	0	346	0	0	0	11486	0	5030	0	1024	0	0	0	0	0	0	0	0	0	0	0	0	0	4228	0	1004	0	0	0	0	0	144	0	0	0	0	0	0	1114	14684	480	0	0	1476	0	2360	232	1398	0	1860	0	310	0	162	0	0	0	0	0	0	0	0	0	0	0	130	0	0	0	0	0	0	0	0	0	0	0	0	0	0	0	0	0	0	
39532	Pallidum_L	1840	0	4450	0	0	0	288	0	0	0	0	0	0	0	0	0	378	0	4910	0	0	0	0	0	0	0	0	0	174	0	0	0	0	0	0	0	0	0	0	0	0	0	0	0	0	0	0	0	0	0	0	0	0	0	0	0	136	0	0	0	0	0	0	0	0	0	0	0	0	0	874	0	4894	0	0	0	1822	0	0	0	0	0	0	0	0	0	0	0	0	0	0	0	0	0	0	0	0	0	0	0	0	0	0	0	0	0	0	0	0	0	0	0	0	0	0	0	
15620	Pallidum_R	0	388	160	690	0	0	0	258	0	0	0	322	0	0	0	0	0	1076	0	514	0	0	0	0	0	0	0	0	0	0	186	286	0	0	0	0	0	0	0	0	0	0	0	0	0	0	0	0	0	0	0	0	0	0	0	0	0	372	0	0	0	0	0	0	0	0	0	0	0	0	250	1380	0	1476	0	0	0	0	0	262	0	190	0	0	0	0	0	0	0	0	0	0	0	0	0	0	0	0	0	0	0	0	0	0	0	0	0	0	0	0	0	0	0	0	0	0	
140880	Thalamus_L	8434	1552	14986	0	0	0	1698	0	0	0	1334	0	0	0	0	0	2102	0	7238	226	0	0	0	0	0	0	0	0	1934	0	240	216	200	134	1164	1742	5756	2170	276	0	0	0	0	0	0	0	0	0	0	0	0	0	0	0	260	0	186	0	0	0	0	0	0	0	0	0	0	0	4144	0	5542	198	1600	0	1822	0	0	4698	120	0	182	0	0	0	0	0	0	0	286	0	0	0	0	0	0	0	0	0	0	0	0	0	0	0	0	0	0	0	0	0	0	0	0	0	0	0	
159972	Thalamus_R	1430	19414	1164	6356	0	0	184	1836	0	0	0	728	0	0	0	0	192	448	1320	4158	0	0	0	0	0	0	0	0	316	448	130	432	0	128	2080	2844	2976	4650	90	0	0	0	0	0	0	102	0	198	0	0	0	0	0	0	0	0	0	776	0	0	0	102	0	138	0	0	0	764	1212	0	192	17738	88	2360	0	0	4698	0	100	100	0	94	0	0	0	0	0	0	0	0	0	0	0	0	0	0	0	0	0	0	0	0	0	0	0	0	0	0	0	0	0	0	0	0	0	0	
101440	Heschl_L	2476	0	3072	542	0	0	2988	0	0	0	878	142	0	108	0	0	4234	0	1064	1342	0	0	290	326	0	0	0	0	11414	0	2646	2154	216	1834	92	96	2914	106	0	0	0	0	0	0	0	0	0	0	0	0	0	0	0	0	3000	0	1632	0	0	0	0	0	0	0	0	0	0	0	0	0	200	104	246	232	0	0	120	100	0	0	2898	0	0	0	2078	0	0	0	1176	0	0	0	0	0	0	0	0	0	0	0	0	0	0	0	0	0	0	0	0	0	0	0	0	0	0	0	
36388	Heschl_R	0	496	88	112	0	0	0	0	0	0	0	612	0	0	0	0	0	4402	0	288	0	0	0	0	0	0	0	0	0	588	0	0	0	0	0	0	0	790	0	178	0	0	0	0	0	0	0	0	0	0	0	0	0	0	0	342	0	538	0	0	0	0	0	372	0	0	0	0	0	0	0	258	0	1398	0	262	0	100	0	0	0	5732	0	0	0	1260	0	0	0	378	0	0	0	0	0	0	0	0	0	0	0	0	0	0	0	0	0	0	0	0	0	0	0	0	0	0	
201556	Temporal_Sup_L	2084	0	2238	0	0	0	1910	0	0	0	3364	0	468	0	0	0	7670	0	462	0	0	0	148	0	0	0	0	0	10968	0	370	0	0	0	0	0	2758	0	550	0	568	0	0	0	0	0	0	0	998	0	1810	0	134	0	4508	0	1628	0	1256	0	236	0	3066	0	698	0	90	0	0	0	1352	470	1328	0	0	0	182	0	2898	0	0	0	4538	0	26862	0	0	0	15166	0	0	0	0	0	0	0	0	0	0	0	0	0	0	0	0	0	0	0	0	0	0	0	0	0	0	0	
145912	Temporal_Sup_R	0	984	316	292	0	0	0	0	0	0	104	594	0	0	0	0	0	6718	184	638	0	0	0	0	0	0	0	0	0	2400	0	288	0	0	0	0	0	1176	0	412	0	0	0	742	0	2468	0	248	0	4372	0	1124	0	320	0	1632	0	2542	0	814	0	1474	0	5330	0	4658	0	4844	0	108	0	286	0	1860	0	190	0	94	0	5732	0	0	0	2910	0	12704	0	514	0	3884	0	0	0	0	0	0	0	0	0	0	0	0	0	0	0	0	0	0	0	0	0	0	0	0	0	0	
104588	Temporal_Pole_Sup_L	0	0	584	0	286	0	0	0	456	0	2480	0	1252	0	3116	0	1586	0	0	0	1132	0	0	0	0	0	0	0	6654	0	0	0	0	0	0	0	2196	0	1250	0	1344	0	0	0	0	0	0	0	0	0	0	0	0	0	2522	0	0	0	0	0	0	0	0	0	0	0	0	0	0	0	530	162	990	0	0	0	0	0	0	0	4538	0	0	0	9394	0	5740	0	6082	0	0	0	0	0	0	0	0	0	0	0	0	0	0	0	0	0	0	0	0	0	0	0	0	0	0	0	
51836	Temporal_Pole_Sup_R	0	0	0	124	0	0	0	0	0	0	0	122	0	0	0	120	0	456	0	208	0	0	0	0	0	0	0	0	0	1520	0	0	0	0	0	0	0	524	0	924	0	1296	0	0	0	0	0	0	0	0	0	0	0	0	0	5176	0	0	0	0	0	0	0	0	0	0	0	0	0	0	0	0	0	310	0	0	0	0	0	0	0	2910	0	0	0	3888	0	5310	0	3030	0	0	0	0	0	0	0	0	0	0	0	0	0	0	0	0	0	0	0	0	0	0	0	0	0	0	
318720	Temporal_Mid_L	492	0	168	0	0	0	0	0	0	0	0	0	0	0	0	0	3484	0	0	0	0	0	0	0	0	0	0	0	258	0	0	0	0	0	130	0	0	0	0	0	0	0	2516	0	988	0	158	0	7512	0	27372	0	1438	0	4958	0	1082	0	9268	0	1808	0	3786	0	10126	0	3100	0	382	0	0	0	0	0	0	0	0	0	2078	0	26862	0	9394	0	0	0	6144	0	35856	0	0	0	0	0	0	0	0	0	0	0	0	0	0	0	0	0	0	0	0	0	0	0	0	0	0	0	
170632	Temporal_Mid_R	0	266	0	0	0	0	0	0	0	0	0	0	0	0	0	0	0	0	0	0	0	0	0	0	0	0	0	0	0	854	0	0	0	0	0	0	0	362	0	0	0	0	0	2238	0	2486	0	322	0	11204	0	8600	0	434	0	1814	0	158	0	0	0	1214	0	2722	0	6770	0	5366	0	0	0	0	0	162	0	0	0	0	0	1260	0	12704	0	3888	0	0	0	1386	0	21106	0	0	0	0	0	0	0	0	0	0	0	0	0	0	0	0	0	0	0	0	0	0	0	0	0	0	
38276	Temporal_Pole_Mid_L	0	0	0	0	0	0	0	0	0	0	0	0	0	0	0	0	0	0	0	0	0	0	0	0	0	0	0	0	0	0	0	0	0	0	0	0	0	0	254	0	0	0	0	0	0	0	0	0	0	0	0	0	0	0	1442	0	0	0	0	0	0	0	0	0	0	0	0	0	0	0	0	0	0	0	0	0	0	0	0	0	0	0	5740	0	6144	0	0	0	5558	0	0	0	0	0	0	0	0	0	0	0	0	0	0	0	0	0	0	0	0	0	0	0	0	0	0	0	
26520	Temporal_Pole_Mid_R	0	0	0	0	0	0	0	0	0	0	0	0	0	0	0	0	0	0	0	0	0	0	0	0	0	0	0	0	0	0	0	0	0	0	0	0	0	0	0	476	0	96	0	0	0	0	0	0	0	0	0	0	0	0	0	3464	0	0	0	0	0	0	0	0	0	0	0	0	0	0	0	0	0	0	0	0	0	0	0	0	0	514	0	5310	0	1386	0	0	0	2014	0	0	0	0	0	0	0	0	0	0	0	0	0	0	0	0	0	0	0	0	0	0	0	0	0	0	
238384	Temporal_Inf_L	446	0	644	0	0	0	380	0	0	0	266	0	160	0	0	0	1968	0	112	0	0	0	0	0	0	0	0	0	3456	0	166	0	0	0	158	100	7200	0	134	0	994	0	1358	0	408	0	0	0	2036	0	7162	0	1606	0	14812	0	356	0	2290	0	566	0	1300	0	1292	0	1326	0	160	0	100	0	1356	0	0	0	286	0	1176	0	15166	0	6082	0	35856	0	5558	0	0	0	1380	0	262	0	0	0	0	0	452	0	662	0	0	0	0	0	0	0	0	0	0	0	0	0	0	0	
149456	Temporal_Inf_R	0	206	0	0	0	0	0	0	0	0	0	0	0	0	0	0	0	0	0	0	0	0	0	0	0	0	0	0	0	296	0	0	0	0	0	0	0	2766	0	472	0	140	0	5108	0	1570	0	784	0	4668	0	3198	0	5148	0	11094	0	146	0	0	0	734	0	2344	0	1028	0	4228	0	0	0	0	0	0	0	0	0	0	0	378	0	3884	0	3030	0	21106	0	2014	0	0	0	288	0	0	0	0	0	98	0	0	0	0	0	0	0	0	0	0	0	0	0	0	0	0	0	0	
313640	Cerebelum_Crus1_L	0	0	0	0	0	0	0	0	0	0	0	0	0	0	0	0	0	0	0	0	0	0	0	0	0	0	0	0	0	0	0	0	0	0	0	0	0	0	0	0	0	0	0	0	0	0	5426	1046	0	0	172	0	406	0	15026	396	0	0	0	0	0	0	0	0	0	0	0	0	0	0	0	0	0	0	0	0	0	0	0	0	0	0	0	0	0	0	0	0	1380	0	0	2278	25462	1160	378	0	17766	396	46824	2306	11844	94	7776	904	1854	178	244	0	234	274	2010	5086	5142	276	242	240	
331708	Cerebelum_Crus1_R	0	0	0	0	0	0	0	0	0	0	0	0	0	0	0	0	0	0	0	0	0	0	0	0	0	0	0	0	0	0	0	0	0	0	0	0	0	0	0	0	0	0	0	0	0	0	1324	4410	0	0	0	0	0	0	330	5224	0	0	0	0	0	0	0	0	0	0	0	0	0	0	0	0	0	0	0	0	0	0	0	0	0	0	0	0	0	0	0	0	0	288	2278	0	3720	27180	0	1856	1312	19302	2356	44156	868	6898	1288	11452	272	1786	0	704	104	386	9292	7340	10446	656	470	156	
251960	Cerebelum_Crus2_L	0	0	0	0	0	0	0	0	0	0	0	0	0	0	0	0	0	0	0	0	0	0	0	0	0	0	0	0	0	0	0	0	0	0	0	0	0	0	0	0	0	0	0	0	0	0	194	0	0	0	0	0	0	0	1436	0	0	0	0	0	0	0	0	0	0	0	0	0	0	0	0	0	0	0	0	0	0	0	0	0	0	0	0	0	0	0	0	0	262	0	25462	3720	0	8870	0	0	1298	0	5232	892	29752	2778	25116	2688	3452	194	712	0	0	0	0	304	9052	4456	110	0	
225944	Cerebelum_Crus2_R	0	0	0	0	0	0	0	0	0	0	0	0	0	0	0	0	0	0	0	0	0	0	0	0	0	0	0	0	0	0	0	0	0	0	0	0	0	0	0	0	0	0	0	0	0	0	0	0	0	0	0	0	0	0	0	0	0	0	0	0	0	0	0	0	0	0	0	0	0	0	0	0	0	0	0	0	0	0	0	0	0	0	0	0	0	0	0	0	0	0	1160	27180	8870	0	0	0	0	538	218	3728	4268	20408	4128	22046	710	3958	0	590	0	0	316	348	10156	3592	642	116	
19568	Cerebelum_3_L	0	0	0	0	0	0	0	0	0	0	0	0	0	0	0	0	0	0	0	0	0	0	0	0	0	0	0	0	0	0	0	0	0	0	0	0	0	0	176	0	0	0	0	0	0	0	0	188	0	0	0	0	0	0	0	0	0	0	0	0	0	0	0	0	0	0	0	0	0	0	0	0	0	0	0	0	0	0	0	0	0	0	0	0	0	0	0	0	0	0	378	0	0	0	0	0	4012	0	442	0	0	0	0	0	358	0	0	0	1116	1900	1214	0	0	0	0	0	
29496	Cerebelum_3_R	0	0	0	0	0	0	0	0	0	0	0	0	0	0	0	0	0	0	0	0	0	0	0	0	0	0	0	0	0	0	0	0	0	0	0	0	0	0	0	0	0	0	0	0	0	0	0	112	0	0	0	0	0	0	0	0	0	0	0	0	0	0	0	0	0	0	0	0	0	0	0	0	0	0	0	0	0	0	0	0	0	0	0	0	0	0	0	0	0	0	0	1856	0	0	0	0	140	3686	98	3394	0	0	0	500	0	704	0	0	98	1630	582	326	296	688	638	0	
213460	Cerebelum_4_5_L	0	0	0	0	0	0	0	0	0	0	0	0	0	0	0	0	0	0	0	0	0	0	0	0	0	0	0	0	0	0	0	0	0	0	140	0	150	0	228	0	0	0	318	0	0	0	6904	758	0	0	0	0	0	0	6878	362	0	0	0	0	0	0	0	0	0	0	456	0	0	0	0	0	0	0	0	0	0	0	0	0	0	0	0	0	0	0	0	0	0	0	17766	1312	1298	0	4012	140	0	3150	26740	3702	1490	0	1470	930	3402	834	0	0	1732	2514	11696	4010	874	204	1336	1924	
184444	Cerebelum_4_5_R	0	0	0	0	0	0	0	0	0	0	0	0	0	0	0	0	0	0	0	0	0	0	0	0	0	0	0	0	0	98	0	0	0	0	0	0	0	360	0	776	0	0	0	278	0	0	926	4026	0	0	0	0	0	0	554	4976	0	0	0	0	0	0	0	0	0	0	0	1068	0	0	0	0	0	130	0	0	0	0	0	0	0	0	0	0	0	0	0	0	0	98	396	19302	0	538	0	3686	3150	0	1444	30074	0	0	0	1392	0	178	0	0	160	1762	14536	1292	708	196	118	0	
321880	Cerebelum_6_L	0	0	0	0	0	0	0	0	0	0	0	0	0	0	0	0	0	0	0	0	0	0	0	0	0	0	0	0	0	0	0	0	0	0	0	0	0	0	0	0	0	0	0	0	0	0	11306	2888	0	0	272	0	652	0	20164	974	0	0	0	0	0	0	0	0	0	0	0	0	0	0	0	0	0	0	0	0	0	0	0	0	0	0	0	0	0	0	0	0	452	0	46824	2356	5232	218	442	98	26740	1444	0	4408	5012	0	2534	1112	2346	858	0	0	346	428	6436	10272	4426	470	980	1250	
313852	Cerebelum_6_R	0	0	0	0	0	0	0	0	0	0	0	0	0	0	0	0	0	0	0	0	0	0	0	0	0	0	0	0	0	0	0	0	0	0	0	0	0	0	0	0	0	0	0	776	0	0	2454	7408	0	0	0	0	0	0	774	7560	0	0	0	0	0	0	0	0	0	0	0	0	0	0	0	0	0	0	0	0	0	0	0	0	0	0	0	0	0	0	0	0	0	0	2306	44156	892	3728	0	3394	3702	30074	4408	0	0	0	252	3080	112	798	0	144	192	1470	17370	11438	8166	986	862	424	
212296	Cerebelum_7b_L	0	0	0	0	0	0	0	0	0	0	0	0	0	0	0	0	0	0	0	0	0	0	0	0	0	0	0	0	0	0	0	0	0	0	0	0	0	0	0	0	0	0	0	0	0	0	0	0	0	0	0	0	0	0	1072	0	0	0	0	0	0	0	0	0	0	0	0	0	0	0	0	0	0	0	0	0	0	0	0	0	0	0	0	0	0	0	0	0	662	0	11844	868	29752	4268	0	0	1490	0	5012	0	0	2012	30104	2810	4108	260	586	0	0	0	0	0	5158	6028	114	0	
120804	Cerebelum_7b_R	0	0	0	0	0	0	0	0	0	0	0	0	0	0	0	0	0	0	0	0	0	0	0	0	0	0	0	0	0	0	0	0	0	0	0	0	0	0	0	0	0	0	0	0	0	0	0	0	0	0	0	0	0	0	0	0	0	0	0	0	0	0	0	0	0	0	0	0	0	0	0	0	0	0	0	0	0	0	0	0	0	0	0	0	0	0	0	0	0	0	94	6898	2778	20408	0	0	0	0	0	0	2012	0	1566	18474	276	2836	0	0	0	0	0	0	2432	2512	116	0	
226196	Cerebelum_8_L	0	0	0	0	0	0	0	0	0	0	0	0	0	0	0	0	0	0	0	0	0	0	0	0	0	0	0	0	0	0	0	0	0	0	0	0	0	0	0	0	0	0	0	0	0	0	0	0	0	0	0	0	0	0	648	0	0	0	0	0	0	0	0	0	0	0	0	0	0	0	0	0	0	0	0	0	0	0	0	0	0	0	0	0	0	0	0	0	0	0	7776	1288	25116	4128	0	0	1470	0	2534	252	30104	1566	0	4864	13984	1148	1858	0	0	0	0	96	6042	8766	1458	0	
219316	Cerebelum_8_R	0	0	0	0	0	0	0	0	0	0	0	0	0	0	0	0	0	0	0	0	0	0	0	0	0	0	0	0	0	0	0	0	0	0	0	0	0	0	0	0	0	0	0	0	0	0	96	0	0	0	0	0	0	0	138	0	0	0	0	0	0	0	0	0	0	0	0	0	0	0	0	0	0	0	0	0	0	0	0	0	0	0	0	0	0	0	0	0	0	0	904	11452	2688	22046	0	500	930	1392	1112	3080	2810	18474	4864	0	1418	16330	0	1354	168	370	1444	1316	5882	8018	2330	542	
90220	Cerebelum_9_L	0	0	0	0	0	0	0	0	0	0	0	0	0	0	0	0	0	0	0	0	0	0	0	0	0	0	0	0	0	0	0	0	0	0	0	0	0	0	0	0	0	0	0	0	0	0	0	0	0	0	0	0	0	0	234	0	0	0	0	0	0	0	0	0	0	0	0	0	0	0	0	0	0	0	0	0	0	0	0	0	0	0	0	0	0	0	0	0	0	0	1854	272	3452	710	358	0	3402	0	2346	112	4108	276	13984	1418	0	1150	2204	0	0	0	948	1496	1628	2060	1872	1226	
98788	Cerebelum_9_R	0	0	0	0	0	0	0	0	0	0	0	0	0	0	0	0	0	0	0	0	0	0	0	0	0	0	0	0	0	0	0	0	0	0	0	0	0	0	0	0	0	0	0	0	0	0	0	0	0	0	0	0	0	0	0	0	0	0	0	0	0	0	0	0	0	0	0	0	0	0	0	0	0	0	0	0	0	0	0	0	0	0	0	0	0	0	0	0	0	0	178	1786	194	3958	0	704	834	178	858	798	260	2836	1148	16330	1150	0	0	1214	268	728	1164	1774	1608	4858	4608	1960	
11208	Cerebelum_10_L	0	0	0	0	0	0	0	0	0	0	0	0	0	0	0	0	0	0	0	0	0	0	0	0	0	0	0	0	0	0	0	0	0	0	0	0	0	0	0	0	0	0	0	0	0	0	0	0	0	0	0	0	0	0	0	0	0	0	0	0	0	0	0	0	0	0	0	0	0	0	0	0	0	0	0	0	0	0	0	0	0	0	0	0	0	0	0	0	0	0	244	0	712	0	0	0	0	0	0	0	586	0	1858	0	2204	0	0	0	0	0	0	0	0	0	0	0	
8012	Cerebelum_10_R	0	0	0	0	0	0	0	0	0	0	0	0	0	0	0	0	0	0	0	0	0	0	0	0	0	0	0	0	0	0	0	0	0	0	0	0	0	0	0	0	0	0	0	0	0	0	0	0	0	0	0	0	0	0	0	0	0	0	0	0	0	0	0	0	0	0	0	0	0	0	0	0	0	0	0	0	0	0	0	0	0	0	0	0	0	0	0	0	0	0	0	704	0	590	0	0	0	0	0	144	0	0	0	1354	0	1214	0	0	0	0	0	0	0	0	0	0	
20988	Vermis_1_2	0	0	0	0	0	0	0	0	0	0	0	0	0	0	0	0	0	0	0	0	0	0	0	0	0	0	0	0	0	0	0	0	0	0	0	0	0	0	0	0	0	0	0	0	0	0	0	0	0	0	0	0	0	0	0	0	0	0	0	0	0	0	0	0	0	0	0	0	0	0	0	0	0	0	0	0	0	0	0	0	0	0	0	0	0	0	0	0	0	0	234	104	0	0	1116	98	1732	160	346	192	0	0	0	168	0	268	0	0	0	3350	1938	184	222	188	194	0	
40884	Vermis_3	0	0	0	0	0	0	0	0	0	0	0	0	0	0	0	0	0	0	0	0	0	0	0	0	0	0	0	0	0	0	0	0	0	0	0	0	0	0	112	0	0	0	0	0	0	0	154	0	0	0	0	0	0	0	0	0	0	0	0	0	0	0	0	0	0	0	0	0	0	0	0	0	0	0	0	0	0	0	0	0	0	0	0	0	0	0	0	0	0	0	274	386	0	0	1900	1630	2514	1762	428	1470	0	0	0	370	0	728	0	0	3350	0	3466	328	312	646	612	0	
225360	Vermis_4_5	0	0	0	0	0	0	0	0	0	0	0	0	0	0	0	0	0	0	0	148	0	0	0	0	0	0	0	0	0	0	0	0	0	426	1198	5044	214	504	0	0	0	0	0	588	0	0	2230	5544	0	0	0	0	0	216	2188	2348	0	0	0	0	0	0	0	0	0	0	96	6048	0	178	0	0	0	0	0	0	0	0	0	0	0	0	0	0	0	0	0	0	0	0	2010	9292	0	316	1214	582	11696	14536	6436	17370	0	0	0	1444	948	1164	0	0	1938	3466	0	7392	1186	586	1750	2384	
166092	Vermis_6	0	0	0	0	0	0	0	0	0	0	0	0	0	0	0	0	0	0	0	0	0	0	0	0	0	0	0	0	0	0	0	0	0	0	0	0	0	0	0	0	0	0	0	148	0	0	4222	6300	0	0	0	0	100	0	1880	2264	0	0	0	0	0	0	0	0	0	0	0	0	0	0	0	0	0	0	0	0	0	0	0	0	0	0	0	0	0	0	0	0	0	0	5086	7340	304	348	0	326	4010	1292	10272	11438	0	0	96	1316	1496	1774	0	0	184	328	7392	0	7678	1098	2804	3550	
186948	Vermis_7	0	0	0	0	0	0	0	0	0	0	0	0	0	0	0	0	0	0	0	0	0	0	0	0	0	0	0	0	0	0	0	0	0	0	0	0	0	0	0	0	0	0	0	0	0	0	1256	1158	0	0	0	0	0	0	410	438	0	0	0	0	0	0	0	0	0	0	0	0	0	0	0	0	0	0	0	0	0	0	0	0	0	0	0	0	0	0	0	0	0	0	5142	10446	9052	10156	0	296	874	708	4426	8166	5158	2432	6042	5882	1628	1608	0	0	222	312	1186	7678	0	6126	1874	798	
117220	Vermis_8	0	0	0	0	0	0	0	0	0	0	0	0	0	0	0	0	0	0	0	0	0	0	0	0	0	0	0	0	0	0	0	0	0	0	0	0	0	0	0	0	0	0	0	0	0	0	0	0	0	0	0	0	0	0	0	0	0	0	0	0	0	0	0	0	0	0	0	0	0	0	0	0	0	0	0	0	0	0	0	0	0	0	0	0	0	0	0	0	0	0	276	656	4456	3592	0	688	204	196	470	986	6028	2512	8766	8018	2060	4858	0	0	188	646	586	1098	6126	0	4966	1234	
61872	Vermis_9	0	0	0	0	0	0	0	0	0	0	0	0	0	0	0	0	0	0	0	0	0	0	0	0	0	0	0	0	0	0	0	0	0	0	0	0	0	0	0	0	0	0	0	0	0	0	0	0	0	0	0	0	0	0	0	0	0	0	0	0	0	0	0	0	0	0	0	0	0	0	0	0	0	0	0	0	0	0	0	0	0	0	0	0	0	0	0	0	0	0	242	470	110	642	0	638	1336	118	980	862	114	116	1458	2330	1872	4608	0	0	194	612	1750	2804	1874	4966	0	2840	
