data	data	408500	244836	1.1592e+06	973272	210916	139256	545308	252600	111936	26728	295576	259152	363500	164056	164636	78316	258568	226604	940448	637864	85824	107620	453868	503748	36456	95216	40824	82964	895180	524140	429560	747836	218704	525828	129824	140080	257244	218136	91500	131780	39724	42380	188632	242756	201268	226420	259008	325324	147320	222700	440044	163716	128608	87252	360472	403784	208724	151620	138188	80528	208844	57020	101268	51224	92112	78344	287160	341832	174988	110704	413776	661908	459624	389448	43668	67008	239812	160860	104784	110088	259836	82136	81172	52444	250312	133324	14056	24988	280136	144488	562420	483512	332400	363076	34732	42632	259280	188220	537592	436016	320232	201320	402564	335816	110860	123628	18704	8228	10252	53380	224308	295096	260156	138716	87228	20968	
data	data	Precentral_L	Precentral_R	Frontal_Sup_L	Frontal_Sup_R	Frontal_Sup_Orb_L	Frontal_Sup_Orb_R	Frontal_Mid_L	Frontal_Mid_R	Frontal_Mid_Orb_L	Frontal_Mid_Orb_R	Frontal_Inf_Oper_L	Frontal_Inf_Oper_R	Frontal_Inf_Tri_L	Frontal_Inf_Tri_R	Frontal_Inf_Orb_L	Frontal_Inf_Orb_R	Rolandic_Oper_L	Rolandic_Oper_R	Supp_Motor_Area_L	Supp_Motor_Area_R	Olfactory_L	Olfactory_R	Frontal_Sup_Medial_L	Frontal_Sup_Medial_R	Frontal_Med_Orb_L	Frontal_Med_Orb_R	Rectus_L	Rectus_R	Insula_L	Insula_R	Cingulum_Ant_L	Cingulum_Ant_R	Cingulum_Mid_L	Cingulum_Mid_R	Cingulum_Post_L	Cingulum_Post_R	Hippocampus_L	Hippocampus_R	ParaHippocampal_L	ParaHippocampal_R	Amygdala_L	Amygdala_R	Calcarine_L	Calcarine_R	Cuneus_L	Cuneus_R	Lingual_L	Lingual_R	Occipital_Sup_L	Occipital_Sup_R	Occipital_Mid_L	Occipital_Mid_R	Occipital_Inf_L	Occipital_Inf_R	Fusiform_L	Fusiform_R	Postcentral_L	Postcentral_R	Parietal_Sup_L	Parietal_Sup_R	Parietal_Inf_L	Parietal_Inf_R	SupraMarginal_L	SupraMarginal_R	Angular_L	Angular_R	Precuneus_L	Precuneus_R	Paracentral_Lobule_L	Paracentral_Lobule_R	Caudate_L	Caudate_R	Putamen_L	Putamen_R	Pallidum_L	Pallidum_R	Thalamus_L	Thalamus_R	Heschl_L	Heschl_R	Temporal_Sup_L	Temporal_Sup_R	Temporal_Pole_Sup_L	Temporal_Pole_Sup_R	Temporal_Mid_L	Temporal_Mid_R	Temporal_Pole_Mid_L	Temporal_Pole_Mid_R	Temporal_Inf_L	Temporal_Inf_R	Cerebelum_Crus1_L	Cerebelum_Crus1_R	Cerebelum_Crus2_L	Cerebelum_Crus2_R	Cerebelum_3_L	Cerebelum_3_R	Cerebelum_4_5_L	Cerebelum_4_5_R	Cerebelum_6_L	Cerebelum_6_R	Cerebelum_7b_L	Cerebelum_7b_R	Cerebelum_8_L	Cerebelum_8_R	Cerebelum_9_L	Cerebelum_9_R	Cerebelum_10_L	Cerebelum_10_R	Vermis_1_2	Vermis_3	Vermis_4_5	Vermis_6	Vermis_7	Vermis_8	Vermis_9	Vermis_10	
408500	Precentral_L	0	326	18910	508	0	0	19410	0	0	0	12054	0	2542	0	0	0	8252	0	15022	696	0	0	0	0	0	0	0	0	15404	0	0	0	0	412	2270	1406	9420	412	0	264	0	0	0	0	198	0	566	370	122	0	7066	0	1204	0	1122	0	23522	0	1422	0	4778	0	3554	0	222	0	1060	488	13152	0	382	0	5444	0	0	0	13598	0	7536	0	4674	0	466	0	3772	0	0	0	2108	0	0	0	0	0	0	0	0	0	0	0	0	0	0	0	0	0	0	0	0	116	0	0	0	0	0	0	
244836	Precentral_R	326	0	722	17888	0	0	0	10436	0	0	0	13226	0	1228	0	0	0	3180	1980	5384	0	0	0	0	0	0	0	0	0	4744	138	164	0	624	0	740	0	2516	0	596	0	0	0	2090	0	2886	0	390	0	2040	0	488	0	198	0	778	0	18752	0	292	0	0	0	974	0	0	0	6684	532	2208	4158	624	332	1964	0	0	6006	5078	0	708	0	372	0	0	0	264	0	0	0	708	0	0	0	0	0	0	0	0	0	0	0	0	0	0	0	0	0	0	0	0	0	0	0	0	0	0	
1.1592e+06	Frontal_Sup_L	18910	722	0	16066	10900	0	70134	876	1616	0	14314	1482	26054	672	4806	0	12952	1486	101034	24264	0	0	42224	7698	1576	0	0	0	55630	2958	22386	11926	5150	10262	492	566	8620	256	1440	182	0	0	0	0	0	0	192	708	0	0	658	0	636	0	1440	0	4504	0	0	0	552	0	532	0	0	0	0	0	3704	0	15140	5448	34670	958	4262	544	10324	238	1694	962	9426	0	634	0	1238	0	0	0	3314	0	0	0	0	0	0	0	0	0	0	0	0	0	0	0	0	0	0	0	0	170	0	0	0	0	0	0	
973272	Frontal_Sup_R	508	17888	16066	0	138	5406	1918	35684	0	0	608	13032	1410	11496	0	1590	0	12274	19138	56720	0	0	13004	46006	0	1552	0	0	2644	27524	6848	48528	3364	21082	160	314	0	4500	0	2252	0	0	0	364	0	214	0	182	0	0	0	154	0	192	0	1374	0	1612	0	0	0	0	0	370	0	0	0	410	436	338	9182	43794	444	16086	206	2874	6898	24504	0	4112	0	404	0	0	0	138	0	0	0	694	0	0	0	0	0	0	0	0	0	0	0	0	0	0	0	0	0	0	0	0	0	0	0	0	0	0	
210916	Frontal_Sup_Orb_L	0	0	10900	138	0	0	1826	0	15278	0	1188	0	4684	0	16782	0	140	0	1400	0	2532	656	5698	372	2800	0	3734	0	17608	0	5288	418	0	180	0	0	566	0	214	0	664	0	0	0	0	0	0	0	0	0	0	0	0	0	0	0	0	0	0	0	0	0	0	0	0	0	0	0	0	0	2412	528	8430	0	0	0	0	0	0	0	0	0	1022	0	0	0	0	0	0	0	0	0	0	0	0	0	0	0	0	0	0	0	0	0	0	0	0	0	0	0	0	0	0	0	0	0	
139256	Frontal_Sup_Orb_R	0	0	0	5406	0	0	0	3176	0	5030	0	202	0	810	0	6204	0	106	0	130	690	2608	210	5296	406	8840	352	9014	0	2096	1274	4970	0	0	0	0	0	0	0	0	0	0	0	0	0	0	0	0	0	0	0	0	0	0	0	0	0	0	0	0	0	0	0	0	0	0	0	0	0	0	724	4436	194	7170	0	284	0	0	0	0	0	0	0	0	0	0	0	0	0	0	0	0	0	0	0	0	0	0	0	0	0	0	0	0	0	0	0	0	0	0	0	0	0	0	0	0	
545308	Frontal_Mid_L	19410	0	70134	1918	1826	0	0	278	1462	0	11886	340	34028	296	2976	0	7174	122	6170	1068	0	0	20982	3916	136	0	0	0	43950	634	8702	3608	3606	4942	0	0	2286	0	0	0	0	0	0	0	0	0	0	0	0	0	974	0	150	0	156	0	1104	0	128	0	758	0	744	0	0	0	118	0	0	0	1632	672	3438	0	0	0	1116	0	3192	0	5378	0	532	0	360	0	0	0	352	0	0	0	0	0	0	0	0	0	0	0	0	0	0	0	0	0	0	0	0	0	0	0	0	0	0	0	
252600	Frontal_Mid_R	0	10436	876	35684	0	3176	278	0	0	712	334	16276	0	13330	0	2596	220	6290	650	526	0	0	1056	4988	0	0	0	0	478	9382	338	2458	0	1324	0	0	0	952	0	332	0	0	0	0	0	0	0	0	0	0	0	0	0	0	0	270	0	214	0	0	0	0	0	0	0	0	0	0	0	0	1744	2054	198	3364	0	250	468	2112	0	2642	0	120	172	0	0	0	0	0	0	0	0	0	0	0	0	0	0	0	0	0	0	0	0	0	0	0	0	0	0	0	0	0	0	0	0	0	
111936	Frontal_Mid_Orb_L	0	0	1616	0	15278	0	1462	0	0	0	220	0	1928	0	16884	0	0	0	166	0	1236	482	0	0	0	0	2190	0	7540	0	112	0	0	0	0	0	556	0	0	0	652	0	0	0	0	0	0	0	0	0	0	0	0	0	0	0	0	0	0	0	0	0	0	0	0	0	0	0	0	0	1142	282	3632	0	0	0	0	0	0	0	0	0	590	0	0	0	0	0	0	0	0	0	0	0	0	0	0	0	0	0	0	0	0	0	0	0	0	0	0	0	0	0	0	0	0	0	
26728	Frontal_Mid_Orb_R	0	0	0	0	0	5030	0	712	0	0	0	0	0	128	0	4868	0	0	0	0	0	180	0	0	0	370	0	692	0	320	0	144	0	0	0	0	0	0	0	0	0	0	0	0	0	0	0	0	0	0	0	0	0	0	0	0	0	0	0	0	0	0	0	0	0	0	0	0	0	0	0	180	0	740	0	0	0	0	0	0	0	0	0	0	0	0	0	0	0	0	0	0	0	0	0	0	0	0	0	0	0	0	0	0	0	0	0	0	0	0	0	0	0	0	0	0	
295576	Frontal_Inf_Oper_L	12054	0	14314	608	1188	0	11886	334	220	0	0	940	14212	0	980	0	11346	572	10662	142	0	0	636	1562	0	0	0	0	27512	1334	1460	2874	0	0	0	0	430	0	0	0	0	0	0	0	0	0	0	0	0	0	908	0	0	0	264	0	3462	0	402	0	566	0	148	0	0	0	0	0	0	0	7674	4342	3108	1712	0	0	0	0	1452	0	5044	0	2748	0	176	0	0	0	516	0	0	0	0	0	0	0	0	0	0	0	0	0	0	0	0	0	0	0	0	0	0	0	0	0	0	0	
259152	Frontal_Inf_Oper_R	0	13226	1482	13032	0	202	340	16276	0	0	940	0	1302	12876	0	306	102	6558	1230	3356	0	0	552	2322	0	0	0	0	1924	22254	464	5332	0	490	0	0	0	1032	0	258	0	0	0	0	0	0	0	0	0	0	0	0	0	0	0	234	0	612	0	0	0	0	0	0	0	0	0	0	0	0	3558	10220	814	4304	0	262	204	1608	0	1116	0	788	0	0	0	0	0	0	0	0	0	0	0	0	0	0	0	0	0	0	0	0	0	0	0	0	0	0	0	0	0	0	0	0	0	0	
363500	Frontal_Inf_Tri_L	2542	0	26054	1410	4684	0	34028	0	1928	0	14212	1302	0	154	7268	0	1494	370	6878	840	0	0	6744	1918	0	0	0	0	42050	1790	6942	2738	680	1482	0	0	0	0	0	0	0	0	0	0	0	0	0	0	0	0	0	0	0	0	0	0	212	0	0	0	0	0	0	0	0	0	0	0	0	0	6110	3674	3174	342	0	0	0	0	158	0	434	0	138	0	0	0	0	0	0	0	0	0	0	0	0	0	0	0	0	0	0	0	0	0	0	0	0	0	0	0	0	0	0	0	0	0	
164056	Frontal_Inf_Tri_R	0	1228	672	11496	0	810	296	13330	0	128	0	12876	154	0	0	4408	0	350	464	768	0	0	1614	4146	0	0	0	0	230	16682	354	4432	188	2610	0	0	0	0	0	0	0	0	0	0	0	0	0	0	0	0	0	0	0	0	0	0	0	0	0	0	0	0	0	0	0	0	0	0	0	0	620	3148	192	628	0	0	0	0	0	204	0	0	0	0	0	0	0	0	0	0	0	0	0	0	0	0	0	0	0	0	0	0	0	0	0	0	0	0	0	0	0	0	0	0	0	0	
164636	Frontal_Inf_Orb_L	0	0	4806	0	16782	0	2976	0	16884	0	980	0	7268	0	0	0	164	0	474	0	1834	250	260	0	0	0	1218	0	17008	0	596	0	0	0	0	0	686	0	306	0	750	0	0	0	0	0	0	0	0	0	0	0	0	0	0	0	0	0	0	0	0	0	0	0	0	0	0	0	0	0	1136	174	6314	0	0	0	0	0	0	0	0	0	1452	0	0	0	0	0	0	0	0	0	0	0	0	0	0	0	0	0	0	0	0	0	0	0	0	0	0	0	0	0	0	0	0	0	
78316	Frontal_Inf_Orb_R	0	0	0	1590	0	6204	0	2596	0	4868	0	306	0	4408	0	0	0	0	0	114	162	1648	538	712	0	150	0	2520	0	6558	182	1640	0	1084	0	0	0	0	0	0	0	0	0	0	0	0	0	0	0	0	0	0	0	0	0	0	0	0	0	0	0	0	0	0	0	0	0	0	0	0	148	940	0	2550	0	0	0	0	0	0	0	0	0	240	0	0	0	0	0	0	0	0	0	0	0	0	0	0	0	0	0	0	0	0	0	0	0	0	0	0	0	0	0	0	0	0	
258568	Rolandic_Oper_L	8252	0	12952	0	140	0	7174	220	0	0	11346	102	1494	0	164	0	0	0	8980	0	0	0	154	404	0	0	0	0	25872	148	440	976	0	0	0	0	826	0	0	0	0	0	0	0	0	0	0	0	0	0	3432	0	108	0	0	0	6934	0	810	0	2674	0	3010	0	182	0	234	0	122	0	2604	1172	1474	834	0	0	0	0	3520	0	17386	0	2396	0	1572	0	0	0	1176	0	0	0	0	0	0	0	0	0	0	0	0	0	0	0	0	0	0	0	0	0	0	0	0	0	0	0	
226604	Rolandic_Oper_R	0	3180	1486	12274	0	106	122	6290	0	0	572	6558	370	350	0	0	0	0	1376	6512	0	0	208	1422	0	0	0	0	866	18376	424	3790	0	538	0	0	0	1522	0	378	0	0	0	0	0	0	0	0	0	0	0	0	0	124	0	208	0	1296	0	0	0	0	0	1244	0	0	0	186	0	0	1756	10924	436	6784	0	1750	682	2904	0	13934	0	3592	0	130	0	250	0	0	0	382	0	0	0	0	0	0	0	0	0	0	0	0	0	0	0	0	0	0	0	0	0	0	0	0	0	0	
940448	Supp_Motor_Area_L	15022	1980	101034	19138	1400	0	6170	650	166	0	10662	1230	6878	464	474	0	8980	1376	0	48686	0	0	10744	5280	0	0	0	0	27054	2504	7326	12026	12410	27656	3794	2342	6924	510	930	326	0	0	0	0	782	0	104	610	0	0	372	0	382	0	1430	0	3452	132	0	0	316	0	330	0	0	0	1908	628	15730	1346	16846	4958	32064	860	6634	514	23426	358	804	914	6184	0	392	0	1084	0	0	0	3382	0	0	0	0	0	0	0	0	0	0	0	0	0	0	0	0	0	0	0	0	146	0	0	0	0	0	0	
637864	Supp_Motor_Area_R	696	5384	24264	56720	0	130	1068	526	0	0	142	3356	840	768	0	114	0	6512	48686	0	0	0	3746	7926	0	0	0	0	2238	7364	4774	23400	9664	45210	462	6018	0	552	0	0	0	0	0	1460	0	416	0	404	0	0	0	114	0	0	0	288	0	1514	0	0	0	0	0	0	0	0	0	3510	4566	9308	6238	18420	534	3102	304	1766	1828	2374	0	1950	0	276	0	0	0	0	0	0	0	0	0	0	0	0	0	0	0	0	0	0	0	0	0	0	0	0	0	0	0	0	0	0	0	0	0	0	
85824	Olfactory_L	0	0	0	0	2532	690	0	0	1236	0	0	0	0	0	1834	162	0	0	0	0	0	6054	0	0	210	190	2056	1322	2376	0	3516	1358	0	0	0	0	348	0	554	0	588	0	0	0	0	0	0	0	0	0	0	0	0	0	220	0	0	0	0	0	0	0	0	0	0	0	0	0	0	0	8096	4266	3678	1234	0	0	0	0	0	0	0	0	392	0	0	0	0	0	0	0	0	0	0	0	0	0	0	0	0	0	0	0	0	0	0	0	0	0	0	0	0	0	0	0	0	0	
107620	Olfactory_R	0	0	0	0	656	2608	0	0	482	180	0	0	0	0	250	1648	0	0	0	0	6054	0	0	0	182	2006	968	5230	0	1826	3940	3818	0	0	0	0	0	148	0	342	0	946	0	0	0	0	0	0	0	0	0	0	0	0	0	126	0	0	0	0	0	0	0	0	0	0	0	0	0	0	7770	8036	3980	2420	0	0	0	0	0	0	0	0	0	194	0	0	0	0	0	0	0	0	0	0	0	0	0	0	0	0	0	0	0	0	0	0	0	0	0	0	0	0	0	0	0	0	
453868	Frontal_Sup_Medial_L	0	0	42224	13004	5698	210	20982	1056	0	0	636	552	6744	1614	260	538	154	208	10744	3746	0	0	0	23262	3066	204	0	0	10686	2296	26922	20272	8050	16834	0	0	0	0	0	0	0	0	0	0	0	0	0	0	0	0	0	0	0	0	0	0	0	0	0	0	0	0	0	0	0	0	0	0	0	0	790	3430	1540	1090	0	0	0	0	0	0	122	0	0	0	0	0	0	0	0	0	0	0	0	0	0	0	0	0	0	0	0	0	0	0	0	0	0	0	0	0	0	0	0	0	0	0	
503748	Frontal_Sup_Medial_R	0	0	7698	46006	372	5296	3916	4988	0	0	1562	2322	1918	4146	0	712	404	1422	5280	7926	0	0	23262	0	346	5044	0	672	3788	12570	9324	42592	1886	17766	0	0	0	396	0	136	0	0	0	0	0	0	0	0	0	0	0	0	0	0	0	0	0	0	0	0	0	0	0	0	0	0	0	0	0	0	2588	22642	166	11898	0	1332	0	230	0	660	270	0	338	0	0	0	0	0	0	0	0	0	0	0	0	0	0	0	0	0	0	0	0	0	0	0	0	0	0	0	0	0	0	0	0	0	
36456	Frontal_Med_Orb_L	0	0	1576	0	2800	406	136	0	0	0	0	0	0	0	0	0	0	0	0	0	210	182	3066	346	0	980	1896	226	0	0	4848	482	0	0	0	0	0	0	0	0	0	0	0	0	0	0	0	0	0	0	0	0	0	0	0	0	0	0	0	0	0	0	0	0	0	0	0	0	0	0	630	190	142	112	0	0	0	0	0	0	0	0	0	0	0	0	0	0	0	0	0	0	0	0	0	0	0	0	0	0	0	0	0	0	0	0	0	0	0	0	0	0	0	0	0	0	
95216	Frontal_Med_Orb_R	0	0	0	1552	0	8840	0	0	0	370	0	0	0	0	0	150	0	0	0	0	190	2006	204	5044	980	0	296	5992	0	128	2074	7572	0	0	0	0	0	0	0	0	0	0	0	0	0	0	0	0	0	0	0	0	0	0	0	0	0	0	0	0	0	0	0	0	0	0	0	0	0	0	170	5344	116	6400	0	180	0	0	0	0	0	0	0	0	0	0	0	0	0	0	0	0	0	0	0	0	0	0	0	0	0	0	0	0	0	0	0	0	0	0	0	0	0	0	0	0	
40824	Rectus_L	0	0	0	0	3734	352	0	0	2190	0	0	0	0	0	1218	0	0	0	0	0	2056	968	0	0	1896	296	0	512	492	0	2642	340	0	0	0	0	0	0	0	0	0	0	0	0	0	0	0	0	0	0	0	0	0	0	0	0	0	0	0	0	0	0	0	0	0	0	0	0	0	0	2494	568	500	154	0	0	0	0	0	0	0	0	0	0	0	0	0	0	0	0	0	0	0	0	0	0	0	0	0	0	0	0	0	0	0	0	0	0	0	0	0	0	0	0	0	0	
82964	Rectus_R	0	0	0	0	0	9014	0	0	0	692	0	0	0	0	0	2520	0	0	0	0	1322	5230	0	672	226	5992	512	0	0	1030	1310	4266	0	0	0	0	0	0	0	0	0	194	0	0	0	0	0	0	0	0	0	0	0	0	0	0	0	0	0	0	0	0	0	0	0	0	0	0	0	0	1258	3356	518	3370	0	0	0	0	0	0	0	0	0	0	0	0	0	0	0	0	0	0	0	0	0	0	0	0	0	0	0	0	0	0	0	0	0	0	0	0	0	0	0	0	0	0	
895180	Insula_L	15404	0	55630	2644	17608	0	43950	478	7540	0	27512	1924	42050	230	17008	0	25872	866	27054	2238	2376	0	10686	3788	0	0	492	0	0	2808	9448	6150	1074	2346	0	0	8548	0	966	0	2350	0	0	0	0	0	0	0	0	0	3480	0	978	0	2982	0	3694	0	558	0	1148	0	1340	0	340	0	320	0	654	0	13118	7214	24514	1928	0	0	192	0	10454	0	19996	0	4484	0	4290	0	0	0	6866	0	0	0	0	0	0	0	0	0	0	0	0	0	0	0	0	0	0	0	0	0	0	0	0	0	0	0	
524140	Insula_R	0	4744	2958	27524	0	2096	634	9382	0	320	1334	22254	1790	16682	0	6558	148	18376	2504	7364	0	1826	2296	12570	0	128	0	1030	2808	0	1798	17940	258	3346	0	0	0	7762	0	1340	0	150	0	0	0	0	0	136	0	0	0	254	0	642	0	3056	0	514	0	0	0	0	0	296	0	0	0	202	0	0	4926	25318	1210	21704	0	1494	550	992	0	10612	0	5016	0	860	0	1908	0	0	0	4460	0	0	0	0	0	0	0	0	0	0	0	0	0	0	0	0	0	0	0	0	0	0	0	0	0	0	
429560	Cingulum_Ant_L	0	138	22386	6848	5288	1274	8702	338	112	0	1460	464	6942	354	596	182	440	424	7326	4774	3516	3940	26922	9324	4848	2074	2642	1310	9448	1798	0	25198	8344	8814	636	0	0	208	0	0	0	0	0	0	0	0	0	0	0	0	0	0	0	0	0	0	0	0	0	0	0	0	0	0	0	0	208	0	0	0	10150	8258	12762	4630	0	588	0	248	0	264	268	0	334	0	0	0	0	0	0	0	0	0	0	0	0	0	0	0	0	0	0	0	0	0	0	0	0	0	0	0	0	0	0	0	0	0	
747836	Cingulum_Ant_R	0	164	11926	48528	418	4970	3608	2458	0	144	2874	5332	2738	4432	0	1640	976	3790	12026	23400	1358	3818	20272	42592	482	7572	340	4266	6150	17940	25198	0	6554	32818	0	0	0	560	0	176	0	0	0	0	0	0	0	0	0	0	0	0	0	0	0	0	0	0	0	0	0	0	0	0	0	0	0	0	0	0	6754	40040	1560	20108	0	2068	0	810	0	1746	594	0	718	0	0	0	0	0	0	0	0	0	0	0	0	0	0	0	0	0	0	0	0	0	0	0	0	0	0	0	0	0	0	0	0	0	
218704	Cingulum_Mid_L	0	0	5150	3364	0	0	3606	0	0	0	0	0	680	188	0	0	0	0	12410	9664	0	0	8050	1886	0	0	0	0	1074	258	8344	6554	0	19490	2846	528	0	0	0	0	0	0	222	126	4640	478	0	0	1608	286	2562	0	106	0	0	0	104	0	0	0	732	0	676	0	0	0	7854	1744	3304	354	0	330	0	0	0	0	0	0	0	0	0	0	0	0	134	0	0	0	0	0	0	0	0	0	0	0	0	0	0	0	0	0	0	0	0	0	0	0	0	0	0	0	0	0	0	0	
525828	Cingulum_Mid_R	412	624	10262	21082	180	0	4942	1324	0	0	0	490	1482	2610	0	1084	0	538	27656	45210	0	0	16834	17766	0	0	0	0	2346	3346	8814	32818	19490	0	1382	8912	0	0	0	0	0	0	0	1162	256	1218	0	920	122	798	126	0	0	0	0	0	0	1166	0	0	0	0	0	0	0	0	1016	7314	3290	9080	740	3780	222	1282	120	104	296	0	0	298	0	0	0	0	0	0	0	0	0	0	0	0	0	0	0	0	0	0	0	0	0	0	0	0	0	0	0	0	0	0	0	0	0	0	0	0	
129824	Cingulum_Post_L	2270	0	492	160	0	0	0	0	0	0	0	0	0	0	0	0	0	0	3794	462	0	0	0	0	0	0	0	0	0	0	636	0	2846	1382	0	6970	3808	508	1878	338	0	0	4008	500	4460	0	1446	148	338	0	318	0	0	126	784	988	0	0	0	0	0	0	0	0	0	0	10836	3240	5540	354	614	0	250	0	0	0	3442	0	0	0	0	0	0	0	106	0	0	0	360	0	0	0	0	0	0	0	382	0	134	0	0	0	0	0	0	0	0	0	0	0	994	0	0	0	0	0	
140080	Cingulum_Post_R	1406	740	566	314	0	0	0	0	0	0	0	0	0	0	0	0	0	0	2342	6018	0	0	0	0	0	0	0	0	0	0	0	0	528	8912	6970	0	0	2430	0	1530	0	0	0	2794	376	340	0	3702	0	182	0	156	0	228	0	1698	0	1562	0	0	0	0	0	0	0	0	840	10570	2502	6862	848	0	0	0	0	0	4136	420	0	0	0	0	0	0	0	0	0	0	0	196	0	0	0	0	0	0	0	0	0	0	0	0	0	0	0	0	0	0	0	0	872	0	0	0	0	0	
257244	Hippocampus_L	9420	0	8620	0	566	0	2286	0	556	0	430	0	0	0	686	0	826	0	6924	0	348	0	0	0	0	0	0	0	8548	0	0	0	0	0	3808	0	0	0	11536	174	6494	0	2182	0	0	0	3280	806	0	0	354	0	458	0	11814	0	848	0	0	0	0	0	0	0	0	0	4190	0	2338	0	0	0	14318	0	1054	0	7222	0	2524	0	1910	0	732	0	360	0	0	0	10360	0	350	0	0	0	0	0	960	0	584	0	0	0	0	0	0	0	0	0	0	226	530	0	0	0	0	0	
218136	Hippocampus_R	412	2516	256	4500	0	0	0	952	0	0	0	1032	0	0	0	0	0	1522	510	552	0	148	0	396	0	0	0	0	0	7762	208	560	0	0	508	2430	0	0	0	17794	0	6916	0	0	0	0	0	2390	0	0	0	0	0	596	0	19746	0	192	0	0	0	0	0	402	0	0	0	868	312	0	558	822	320	10582	0	2324	1882	7122	0	1004	0	1076	0	682	0	1628	0	0	0	6820	0	0	0	0	0	0	0	482	0	0	0	0	0	0	0	0	0	0	0	0	286	0	0	0	0	0	
91500	ParaHippocampal_L	0	0	1440	0	214	0	0	0	0	0	0	0	0	0	306	0	0	0	930	0	554	0	0	0	0	0	0	0	966	0	0	0	0	0	1878	0	11536	0	0	0	2242	0	1916	0	0	0	4818	322	0	0	322	0	338	0	5102	0	0	0	0	0	0	0	0	0	0	0	3080	0	0	0	0	0	2278	0	612	0	424	0	0	0	0	0	1140	0	0	0	544	0	2306	0	332	0	0	0	144	0	930	0	548	0	0	0	0	0	0	0	0	0	0	162	366	0	0	0	0	0	
131780	ParaHippocampal_R	264	596	182	2252	0	0	0	332	0	0	0	258	0	0	0	0	0	378	326	0	0	342	0	136	0	0	0	0	0	1340	0	176	0	0	338	1530	174	17794	0	0	0	3988	0	0	0	0	0	3884	0	0	0	0	0	144	0	12722	0	0	0	0	0	0	0	0	0	0	0	862	196	0	126	236	138	2962	0	1560	1236	4530	0	276	0	258	0	2814	0	170	0	1296	0	808	0	0	0	0	0	0	0	844	0	0	0	0	0	0	0	0	0	0	0	0	422	0	0	0	0	0	
39724	Amygdala_L	0	0	0	0	664	0	0	0	652	0	0	0	0	0	750	0	0	0	0	0	588	0	0	0	0	0	0	0	2350	0	0	0	0	0	0	0	6494	0	2242	0	0	0	0	0	0	0	0	134	0	0	0	0	0	0	3456	0	0	0	0	0	0	0	0	0	0	0	0	0	0	0	0	0	188	0	0	0	0	0	0	0	0	0	846	0	0	0	0	0	1498	0	0	0	0	0	0	0	0	0	0	0	0	0	0	0	0	0	0	0	0	0	0	0	0	0	0	0	
42380	Amygdala_R	0	0	0	0	0	0	0	0	0	0	0	0	0	0	0	0	0	0	0	0	0	946	0	0	0	0	0	194	0	150	0	0	0	0	0	0	0	6916	0	3988	0	0	0	0	0	0	0	0	0	0	0	0	0	0	0	5352	0	0	0	0	0	0	0	0	0	0	0	0	0	0	0	188	0	758	0	0	0	110	0	0	0	0	0	2210	0	0	0	378	0	0	0	0	0	0	0	0	0	0	0	0	0	0	0	0	0	0	0	0	0	0	0	0	0	0	0	0	
188632	Calcarine_L	0	0	0	0	0	0	0	0	0	0	0	0	0	0	0	0	0	0	0	0	0	0	0	0	0	0	0	0	0	0	0	0	222	0	4008	0	2182	0	1916	0	0	0	0	4840	11598	2302	14298	1902	9008	432	12126	0	3048	0	2940	0	0	0	752	0	0	0	0	0	128	0	15744	1184	362	0	0	0	0	0	0	0	156	0	0	0	0	0	0	0	530	0	0	0	264	0	204	0	0	0	0	0	1274	0	740	0	0	0	0	0	0	0	0	0	0	0	1854	302	0	0	0	0	
242756	Calcarine_R	0	2090	0	364	0	0	0	0	0	0	0	0	0	0	0	0	0	0	0	1460	0	0	0	0	0	0	0	0	0	0	0	0	126	1162	500	2794	0	0	0	0	0	0	4840	0	3050	18896	1590	18648	0	15352	0	8604	0	1836	218	5790	0	2306	0	476	0	0	0	192	0	0	1246	21624	152	2404	0	0	0	0	0	0	0	0	0	0	0	178	0	0	0	2738	0	0	0	748	0	0	0	0	0	0	240	130	446	0	0	0	0	0	0	0	0	0	0	0	666	512	0	0	0	0	
201268	Cuneus_L	198	0	0	0	0	0	0	0	0	0	0	0	0	0	0	0	0	0	782	0	0	0	0	0	0	0	0	0	0	0	0	0	4640	256	4460	376	0	0	0	0	0	0	11598	3050	0	5876	662	284	20208	1518	12506	128	1556	0	1238	0	0	0	2752	0	690	0	574	0	178	0	18114	3918	2982	0	0	0	0	0	0	0	0	0	118	0	0	0	0	0	1556	0	0	0	416	0	0	0	0	0	0	0	0	0	0	0	0	0	0	0	0	0	0	0	0	0	0	0	0	0	0	0	
226420	Cuneus_R	0	2886	0	214	0	0	0	0	0	0	0	0	0	0	0	0	0	0	0	416	0	0	0	0	0	0	0	0	0	0	0	0	478	1218	0	340	0	0	0	0	0	0	2302	18896	5876	0	126	2982	0	31442	0	6688	0	292	0	1082	0	4894	0	4784	0	220	0	346	0	322	2266	22674	0	1326	0	0	0	0	0	0	0	0	0	0	0	0	0	0	0	986	0	0	0	154	0	0	0	0	0	0	0	0	0	0	0	0	0	0	0	0	0	0	0	0	0	0	0	0	0	0	
259008	Lingual_L	566	0	192	0	0	0	0	0	0	0	0	0	0	0	0	0	0	0	104	0	0	0	0	0	0	0	0	0	0	0	0	0	0	0	1446	0	3280	0	4818	0	0	0	14298	1590	662	126	0	3584	1486	0	10862	0	5760	146	17250	380	0	0	204	0	0	0	0	0	0	0	6764	0	0	0	0	0	262	0	0	0	864	0	0	0	0	0	0	0	0	0	0	0	818	0	8920	1394	0	152	1012	0	13204	0	16560	1832	0	0	0	112	438	130	0	0	0	216	4222	4512	1046	136	156	0	
325324	Lingual_R	370	390	708	182	0	0	0	0	0	0	0	0	0	0	0	0	0	0	610	404	0	0	0	0	0	0	0	0	0	136	0	0	0	920	148	3702	806	2390	322	3884	134	0	1902	18648	284	2982	3584	0	0	4484	0	2834	0	5630	1234	22436	0	756	0	0	0	0	0	120	0	0	180	11084	332	1678	0	0	494	0	132	0	942	1000	0	0	0	0	0	0	0	688	0	0	0	1290	2298	7536	182	1282	0	316	2040	8342	5078	12394	102	0	596	0	220	0	0	0	0	238	11068	11430	1432	130	158	0	
147320	Occipital_Sup_L	122	0	0	0	0	0	0	0	0	0	0	0	0	0	0	0	0	0	0	0	0	0	0	0	0	0	0	0	0	0	0	0	1608	122	338	0	0	0	0	0	0	0	9008	0	20208	0	1486	0	0	0	23052	0	498	0	302	0	0	0	5712	0	544	0	246	0	146	0	7726	434	250	0	0	0	0	0	0	0	0	0	122	0	0	0	0	0	1258	0	0	0	478	0	0	0	0	0	0	0	0	0	0	0	0	0	0	0	0	0	0	0	0	0	0	0	0	0	0	0	
222700	Occipital_Sup_R	0	2040	0	0	0	0	0	0	0	0	0	0	0	0	0	0	0	0	0	0	0	0	0	0	0	0	0	0	0	0	0	0	286	798	0	182	0	0	0	0	0	0	432	15352	1518	31442	0	4484	0	0	0	17542	0	956	0	1888	0	4984	0	7270	0	378	0	590	0	2340	902	15378	0	866	0	0	0	0	0	0	0	0	0	0	0	170	0	0	0	1406	0	0	0	146	0	0	0	0	0	0	0	0	0	0	0	0	0	0	0	0	0	0	0	0	0	0	0	0	0	0	
440044	Occipital_Mid_L	7066	0	658	0	0	0	974	0	0	0	908	0	0	0	0	0	3432	0	372	0	0	0	0	0	0	0	0	0	3480	0	0	0	2562	126	318	0	354	0	322	0	0	0	12126	0	12506	0	10862	0	23052	0	0	0	17842	0	9856	0	8168	0	14426	0	21124	0	3338	0	14600	0	14868	444	2692	0	0	0	0	0	0	0	0	0	2980	0	2486	0	0	0	22298	0	0	0	5386	0	0	0	0	0	0	0	146	0	250	0	0	0	0	0	0	0	0	0	0	0	0	0	0	0	0	0	
163716	Occipital_Mid_R	0	488	0	154	0	0	0	0	0	0	0	0	0	0	0	0	0	0	0	114	0	0	0	0	0	0	0	0	0	254	0	0	0	0	0	156	0	0	0	0	0	0	0	8604	128	6688	0	2834	0	17542	0	0	0	2558	0	1678	0	504	0	2650	0	4930	0	404	0	12476	0	4960	0	0	0	0	0	0	0	0	0	0	0	0	0	254	0	0	0	12968	0	0	0	1514	0	0	0	0	0	0	0	0	0	0	0	0	0	0	0	0	0	0	0	0	0	0	0	0	0	0	
128608	Occipital_Inf_L	1204	0	636	0	0	0	150	0	0	0	0	0	0	0	0	0	108	0	382	0	0	0	0	0	0	0	0	0	978	0	0	0	106	0	0	0	458	0	338	0	0	0	3048	0	1556	0	5760	0	498	0	17842	0	0	0	11520	0	112	0	0	0	140	0	102	0	170	0	2790	0	418	0	0	0	414	0	0	0	0	0	560	0	1022	0	0	0	4186	0	0	0	7894	0	342	0	0	0	0	0	176	0	1020	110	0	0	0	0	0	0	0	0	0	0	0	264	0	0	0	0	
87252	Occipital_Inf_R	0	198	0	192	0	0	0	0	0	0	0	0	0	0	0	0	0	124	0	0	0	0	0	0	0	0	0	0	0	642	0	0	0	0	126	228	0	596	0	144	0	0	0	1836	0	292	146	5630	0	956	0	2558	0	0	0	8358	0	0	0	0	0	0	0	0	0	0	0	218	0	0	132	0	0	0	0	0	0	0	0	136	0	244	0	0	0	1964	0	0	0	4006	418	1836	0	618	0	0	256	1928	700	3580	0	0	0	0	0	0	0	0	0	0	2430	2752	382	0	0	0	
360472	Fusiform_L	1122	0	1440	0	0	0	156	0	0	0	264	0	0	0	0	0	0	0	1430	0	220	0	0	0	0	0	0	0	2982	0	0	0	0	0	784	0	11814	0	5102	0	3456	0	2940	218	1238	0	17250	1234	302	0	9856	0	11520	0	0	210	0	0	0	0	0	0	0	0	0	0	3314	0	412	0	0	0	2396	0	0	0	646	0	366	0	1310	0	2290	0	1368	0	1062	0	13418	0	24568	1036	1128	0	156	0	12486	0	31590	1264	1016	0	1518	0	0	0	0	0	0	0	1516	2910	928	0	0	0	
403784	Fusiform_R	0	778	0	1374	0	0	0	270	0	0	0	234	0	0	0	0	0	208	0	288	0	126	0	0	0	0	0	0	0	3056	0	0	0	0	988	1698	0	19746	0	12722	0	5352	0	5790	0	1082	380	22436	0	1888	0	1678	0	8358	210	0	0	110	0	0	0	0	0	264	0	0	0	3814	106	0	570	134	0	3790	0	396	224	1398	0	374	0	1282	0	7066	0	2168	0	2186	0	12614	970	18930	156	1812	0	526	498	11882	1858	25404	0	514	526	1526	196	0	0	0	0	158	5666	5166	832	114	0	0	
208724	Postcentral_L	23522	0	4504	0	0	0	1104	0	0	0	3462	0	212	0	0	0	6934	0	3452	0	0	0	0	0	0	0	0	0	3694	0	0	0	104	0	0	0	848	0	0	0	0	0	0	0	0	0	0	0	0	0	8168	0	112	0	0	0	0	0	9112	0	18752	0	6538	0	1158	0	1994	0	2098	0	0	0	296	0	0	0	138	0	1742	0	3676	0	0	0	1594	0	0	0	1148	0	0	0	0	0	0	0	0	0	0	0	0	0	0	0	0	0	0	0	0	0	0	0	0	0	0	0	
151620	Postcentral_R	0	18752	0	1612	0	0	0	214	0	0	0	612	0	0	0	0	0	1296	132	1514	0	0	0	0	0	0	0	0	0	514	0	0	0	1166	0	1562	0	192	0	0	0	0	0	2306	0	4894	0	756	0	4984	0	504	0	0	0	110	0	0	0	5110	0	3032	0	8030	0	538	0	11436	202	4532	144	104	0	0	0	0	414	0	0	106	0	500	0	0	0	358	0	0	0	184	0	0	0	0	0	0	0	0	0	0	0	0	0	0	0	0	0	0	0	0	0	0	0	0	0	0	
138188	Parietal_Sup_L	1422	0	0	0	0	0	128	0	0	0	402	0	0	0	0	0	810	0	0	0	0	0	0	0	0	0	0	0	558	0	0	0	0	0	0	0	0	0	0	0	0	0	752	0	2752	0	204	0	5712	0	14426	0	0	0	0	0	9112	0	0	0	14658	0	948	0	1984	0	13260	268	0	0	0	0	0	0	0	0	0	0	0	0	278	0	0	0	718	0	0	0	702	0	0	0	0	0	0	0	0	0	0	0	0	0	0	0	0	0	0	0	0	0	0	0	0	0	0	0	
80528	Parietal_Sup_R	0	292	0	0	0	0	0	0	0	0	0	0	0	0	0	0	0	0	0	0	0	0	0	0	0	0	0	0	0	0	0	0	0	0	0	0	0	0	0	0	0	0	0	476	0	4784	0	0	0	7270	0	2650	0	0	0	0	0	5110	0	0	0	4694	0	0	0	4484	466	8484	0	1258	0	0	0	0	0	0	0	0	0	0	0	0	0	0	0	296	0	0	0	0	0	0	0	0	0	0	0	0	0	0	0	0	0	0	0	0	0	0	0	0	0	0	0	0	0	0	
208844	Parietal_Inf_L	4778	0	552	0	0	0	758	0	0	0	566	0	0	0	0	0	2674	0	316	0	0	0	0	0	0	0	0	0	1148	0	0	0	732	0	0	0	0	0	0	0	0	0	0	0	690	0	0	0	544	0	21124	0	140	0	0	0	18752	0	14658	0	0	0	11076	0	15572	0	1934	0	672	0	0	0	0	0	0	0	0	0	276	0	966	0	0	0	3930	0	0	0	2564	0	0	0	0	0	0	0	0	0	0	0	0	0	0	0	0	0	0	0	0	0	0	0	0	0	0	0	
57020	Parietal_Inf_R	0	0	0	0	0	0	0	0	0	0	0	0	0	0	0	0	0	0	0	0	0	0	0	0	0	0	0	0	0	0	0	0	0	0	0	0	0	0	0	0	0	0	0	0	0	220	0	0	0	378	0	4930	0	0	0	0	0	3032	0	4694	0	0	0	4066	0	9844	0	308	0	0	0	0	0	0	0	0	0	0	0	0	0	144	0	0	0	752	0	0	0	142	0	0	0	0	0	0	0	0	0	0	0	0	0	0	0	0	0	0	0	0	0	0	0	0	0	0	
101268	SupraMarginal_L	3554	0	532	0	0	0	744	0	0	0	148	0	0	0	0	0	3010	0	330	0	0	0	0	0	0	0	0	0	1340	0	0	0	676	0	0	0	0	0	0	0	0	0	0	0	574	0	0	0	246	0	3338	0	102	0	0	0	6538	0	948	0	11076	0	0	0	3380	0	420	0	592	0	0	0	0	0	0	0	0	0	224	0	4256	0	0	0	4862	0	0	0	3744	0	0	0	0	0	0	0	0	0	0	0	0	0	0	0	0	0	0	0	0	0	0	0	0	0	0	0	
51224	SupraMarginal_R	0	974	0	370	0	0	0	0	0	0	0	0	0	0	0	0	0	1244	0	0	0	0	0	0	0	0	0	0	0	296	0	0	0	0	0	0	0	402	0	0	0	0	0	192	0	346	0	120	0	590	0	404	0	0	0	264	0	8030	0	0	0	4066	0	0	0	2480	0	808	0	0	0	0	0	0	0	0	0	0	0	0	0	2958	0	0	0	1522	0	0	0	546	0	0	0	0	0	0	0	0	0	0	0	0	0	0	0	0	0	0	0	0	0	0	0	0	0	0	
92112	Angular_L	222	0	0	0	0	0	0	0	0	0	0	0	0	0	0	0	182	0	0	0	0	0	0	0	0	0	0	0	340	0	0	0	0	0	0	0	0	0	0	0	0	0	128	0	178	0	0	0	146	0	14600	0	170	0	0	0	1158	0	1984	0	15572	0	3380	0	0	0	380	0	0	0	0	0	0	0	0	0	0	0	0	0	1126	0	0	0	5288	0	0	0	1202	0	0	0	0	0	0	0	0	0	0	0	0	0	0	0	0	0	0	0	0	0	0	0	0	0	0	0	
78344	Angular_R	0	0	0	0	0	0	0	0	0	0	0	0	0	0	0	0	0	0	0	0	0	0	0	0	0	0	0	0	0	0	0	0	0	0	0	0	0	0	0	0	0	0	0	0	0	322	0	0	0	2340	0	12476	0	0	0	0	0	538	0	4484	0	9844	0	2480	0	0	0	522	0	0	0	0	0	0	0	0	0	0	0	0	0	1602	0	0	0	4458	0	0	0	106	0	0	0	0	0	0	0	0	0	0	0	0	0	0	0	0	0	0	0	0	0	0	0	0	0	0	
287160	Precuneus_L	1060	0	0	0	0	0	118	0	0	0	0	0	0	0	0	0	234	0	1908	0	0	0	0	0	0	0	0	0	320	0	208	0	7854	1016	10836	840	4190	0	3080	0	0	0	15744	1246	18114	2266	6764	180	7726	902	14868	0	2790	0	3314	0	1994	0	13260	466	1934	0	420	0	380	0	0	7432	5282	490	0	0	256	0	0	0	1398	0	116	0	0	0	0	0	1820	0	0	0	1212	0	0	0	0	0	0	0	462	0	260	0	0	0	0	0	0	0	0	0	0	0	820	0	0	0	0	0	
341832	Precuneus_R	488	6684	0	410	0	0	0	0	0	0	0	0	0	0	0	0	0	186	628	3510	0	0	0	0	0	0	0	0	0	202	0	0	1744	7314	3240	10570	0	868	0	862	0	0	1184	21624	3918	22674	0	11084	434	15378	444	4960	0	218	0	3814	0	11436	268	8484	0	308	0	808	0	522	7432	0	1012	10088	0	0	0	0	0	0	566	0	0	0	0	950	0	0	0	2484	0	0	0	2700	0	0	0	0	0	0	0	196	0	0	0	0	0	0	0	0	0	0	0	0	1224	0	0	0	0	0	
174988	Paracentral_Lobule_L	13152	532	3704	436	0	0	0	0	0	0	0	0	0	0	0	0	122	0	15730	4566	0	0	0	0	0	0	0	0	654	0	0	0	3304	3290	5540	2502	2338	312	0	196	0	0	362	152	2982	0	0	332	250	0	2692	0	418	0	412	106	2098	202	0	0	672	0	592	0	0	0	5282	1012	0	2308	364	0	140	0	0	0	6732	0	256	0	0	0	0	0	2600	0	0	0	1152	0	0	0	0	0	0	0	0	0	0	0	0	0	0	0	0	0	0	0	0	0	0	0	0	0	0	0	
110704	Paracentral_Lobule_R	0	2208	0	338	0	0	0	0	0	0	0	0	0	0	0	0	0	0	1346	9308	0	0	0	0	0	0	0	0	0	0	0	0	354	9080	354	6862	0	0	0	0	0	0	0	2404	0	1326	0	1678	0	866	0	0	0	0	0	0	0	4532	0	1258	0	0	0	0	0	0	490	10088	2308	0	552	0	0	0	0	0	0	0	0	0	0	0	0	0	0	0	0	0	0	0	0	0	0	0	0	0	0	0	0	0	0	0	0	0	0	0	0	0	0	0	0	0	0	0	0	0	
413776	Caudate_L	382	4158	15140	9182	2412	724	1632	1744	1142	0	7674	3558	6110	620	1136	148	2604	1756	16846	6238	8096	7770	790	2588	630	170	2494	1258	13118	4926	10150	6754	0	740	614	848	0	558	0	126	0	0	0	0	0	0	0	0	0	0	0	0	0	132	0	570	0	144	0	0	0	0	0	0	0	0	0	0	364	552	0	20502	19830	5340	714	524	9294	688	0	554	1364	0	1480	0	0	0	0	0	0	0	0	0	0	0	0	0	0	0	0	0	0	0	0	0	0	0	0	0	0	0	0	0	0	0	0	0	
661908	Caudate_R	0	624	5448	43794	528	4436	672	2054	282	180	4342	10220	3674	3148	174	940	1172	10924	4958	18420	4266	8036	3430	22642	190	5344	568	3356	7214	25318	8258	40040	330	3780	0	0	0	822	0	236	0	188	0	0	0	0	0	0	0	0	0	0	0	0	0	134	0	104	0	0	0	0	0	0	0	0	0	0	0	0	20502	0	7330	26532	0	6222	436	14368	0	3516	680	308	814	0	0	0	0	0	0	0	0	0	0	0	0	0	0	0	0	0	0	0	0	0	0	0	0	0	0	0	0	0	0	0	0	0	
459624	Putamen_L	5444	332	34670	444	8430	194	3438	198	3632	0	3108	814	3174	192	6314	0	1474	436	32064	534	3678	3980	1540	166	142	116	500	518	24514	1210	12762	1560	0	222	250	0	14318	320	2278	138	188	0	0	0	0	0	262	494	0	0	0	0	414	0	2396	0	296	0	0	0	0	0	0	0	0	0	256	0	140	0	19830	7330	0	2066	6114	404	5688	296	790	354	2822	0	332	0	1094	0	0	0	4884	0	0	0	0	0	0	0	132	0	0	0	0	0	0	0	0	0	0	0	0	126	0	0	0	0	0	0	
389448	Putamen_R	0	1964	958	16086	0	7170	0	3364	0	740	1712	4304	342	628	0	2550	834	6784	860	3102	1234	2420	1090	11898	112	6400	154	3370	1928	21704	4630	20108	0	1282	0	0	0	10582	0	2962	0	758	0	0	0	0	0	0	0	0	0	0	0	0	0	3790	0	0	0	0	0	0	0	0	0	0	0	0	0	0	5340	26532	2066	0	0	7382	214	2364	0	2656	526	400	688	206	0	0	0	0	0	530	0	0	0	0	0	0	0	0	0	0	0	0	0	0	0	0	0	0	0	0	0	0	0	0	0	0	
43668	Pallidum_L	0	0	4262	206	0	0	0	0	0	0	0	0	0	0	0	0	0	0	6634	304	0	0	0	0	0	0	0	0	0	0	0	0	0	120	0	0	1054	0	612	0	0	0	0	0	0	0	0	132	0	0	0	0	0	0	0	0	0	0	0	0	0	0	0	0	0	0	0	0	0	0	714	0	6114	0	0	0	1682	0	0	0	0	0	0	0	0	0	0	0	0	0	0	0	0	0	0	0	0	0	0	0	0	0	0	0	0	0	0	0	0	0	0	0	0	0	0	0	
67008	Pallidum_R	0	0	544	2874	0	284	0	250	0	0	0	262	0	0	0	0	0	1750	514	1766	0	0	0	1332	0	180	0	0	0	1494	588	2068	0	104	0	0	0	2324	0	1560	0	0	0	0	0	0	0	0	0	0	0	0	0	0	0	396	0	0	0	0	0	0	0	0	0	0	0	0	0	0	524	6222	404	7382	0	0	102	232	0	348	0	0	0	0	0	0	0	0	0	0	0	0	0	0	0	0	0	0	0	0	0	0	0	0	0	0	0	0	0	0	0	0	0	0	0	0	
239812	Thalamus_L	13598	6006	10324	6898	0	0	1116	468	0	0	0	204	0	0	0	0	0	682	23426	1828	0	0	0	0	0	0	0	0	192	550	0	0	0	296	3442	4136	7222	1882	424	1236	0	0	156	0	0	0	864	942	0	0	0	0	0	0	646	224	138	414	0	0	0	0	0	0	0	0	1398	566	6732	0	9294	436	5688	214	1682	102	0	5410	0	152	0	0	0	0	0	0	0	0	494	0	0	0	0	0	0	0	0	0	0	0	0	0	0	0	0	0	0	0	0	252	172	0	0	0	0	0	
160860	Thalamus_R	0	5078	238	24504	0	0	0	2112	0	0	0	1608	0	0	0	0	0	2904	358	2374	0	0	0	230	0	0	0	0	0	992	248	810	0	0	0	420	0	7122	0	4530	0	110	0	0	0	0	0	1000	0	0	0	0	0	0	0	1398	0	0	0	0	0	0	0	0	0	0	0	0	0	0	688	14368	296	2364	0	232	5410	0	0	308	0	0	0	0	0	0	0	0	0	548	0	0	0	0	0	0	0	180	0	0	0	0	0	0	0	0	0	0	0	0	0	0	0	0	0	0	
104784	Heschl_L	7536	0	1694	0	0	0	3192	0	0	0	1452	0	158	0	0	0	3520	0	804	0	0	0	0	0	0	0	0	0	10454	0	0	0	0	0	0	0	2524	0	0	0	0	0	0	0	118	0	0	0	122	0	2980	0	560	0	366	0	1742	0	0	0	276	0	224	0	0	0	116	0	256	0	0	0	790	0	0	0	0	0	0	0	4898	0	0	0	4806	0	0	0	3804	0	0	0	0	0	0	0	0	0	0	0	0	0	0	0	0	0	0	0	0	0	0	0	0	0	0	0	
110088	Heschl_R	0	708	962	4112	0	0	0	2642	0	0	0	1116	0	204	0	0	0	13934	914	1950	0	0	0	660	0	0	0	0	0	10612	264	1746	0	298	0	0	0	1004	0	276	0	0	0	0	0	0	0	0	0	0	0	0	0	136	0	374	0	106	0	0	0	0	0	0	0	0	0	0	0	0	554	3516	354	2656	0	348	152	308	0	0	0	3358	0	0	0	654	0	0	0	1126	0	0	0	0	0	0	0	0	0	0	0	0	0	0	0	0	0	0	0	0	0	0	0	0	0	0	
259836	Temporal_Sup_L	4674	0	9426	0	0	0	5378	0	0	0	5044	0	434	0	0	0	17386	0	6184	0	0	0	122	270	0	0	0	0	19996	0	268	594	0	0	0	0	1910	0	0	0	0	0	0	0	0	0	0	0	0	0	2486	0	1022	0	1310	0	3676	0	278	0	966	0	4256	0	1126	0	0	0	0	0	1364	680	2822	526	0	0	0	0	4898	0	0	0	3988	0	16528	0	0	0	12306	0	0	0	0	0	0	0	0	0	0	0	0	0	0	0	0	0	0	0	0	0	0	0	0	0	0	0	
82136	Temporal_Sup_R	0	372	0	404	0	0	0	120	0	0	0	788	0	0	0	0	0	3592	0	276	0	0	0	0	0	0	0	0	0	5016	0	0	0	0	0	0	0	1076	0	258	0	0	0	178	0	0	0	0	0	170	0	254	0	244	0	1282	0	500	0	0	0	144	0	2958	0	1602	0	950	0	0	0	308	0	400	0	0	0	0	0	3358	0	0	0	1500	0	10624	0	412	0	4282	0	0	0	0	0	0	0	0	0	0	0	0	0	0	0	0	0	0	0	0	0	0	0	0	0	0	
81172	Temporal_Pole_Sup_L	466	0	634	0	1022	0	532	172	590	0	2748	0	138	0	1452	0	2396	0	392	0	392	0	0	338	0	0	0	0	4484	0	334	718	0	0	0	0	732	0	1140	0	846	0	0	0	0	0	0	0	0	0	0	0	0	0	2290	0	0	0	0	0	0	0	0	0	0	0	0	0	0	0	1480	814	332	688	0	0	0	0	0	0	3988	0	0	0	4366	0	2232	0	4870	0	0	0	0	0	0	0	0	0	0	0	0	0	0	0	0	0	0	0	0	0	0	0	0	0	0	0	
52444	Temporal_Pole_Sup_R	0	0	0	0	0	0	0	0	0	0	0	0	0	0	0	240	0	130	0	0	0	194	0	0	0	0	0	0	0	860	0	0	0	0	0	0	0	682	0	2814	0	2210	0	0	0	0	0	0	0	0	0	0	0	0	0	7066	0	0	0	0	0	0	0	0	0	0	0	0	0	0	0	0	0	206	0	0	0	0	0	0	0	1500	0	0	0	1380	0	4084	0	4856	0	0	0	0	0	0	0	0	0	0	0	0	0	0	0	0	0	0	0	0	0	0	0	0	0	0	
250312	Temporal_Mid_L	3772	0	1238	0	0	0	360	0	0	0	176	0	0	0	0	0	1572	0	1084	0	0	0	0	0	0	0	0	0	4290	0	0	0	134	0	106	0	360	0	0	0	0	0	530	0	1556	0	0	0	1258	0	22298	0	4186	0	1368	0	1594	0	718	0	3930	0	4862	0	5288	0	1820	0	2600	0	0	0	1094	0	0	0	0	0	4806	0	16528	0	4366	0	0	0	1372	0	31890	0	0	0	0	0	0	0	0	0	0	0	0	0	0	0	0	0	0	0	0	0	0	0	0	0	0	0	
133324	Temporal_Mid_R	0	264	0	138	0	0	0	0	0	0	0	0	0	0	0	0	0	250	0	0	0	0	0	0	0	0	0	0	0	1908	0	0	0	0	0	0	0	1628	0	170	0	0	0	2738	0	986	0	688	0	1406	0	12968	0	1964	0	2168	0	358	0	296	0	752	0	1522	0	4458	0	2484	0	0	0	0	0	0	0	0	0	0	0	654	0	10624	0	1380	0	0	0	1628	0	15230	0	0	0	0	0	0	0	0	0	0	0	0	0	0	0	0	0	0	0	0	0	0	0	0	0	0	
14056	Temporal_Pole_Mid_L	0	0	0	0	0	0	0	0	0	0	0	0	0	0	0	0	0	0	0	0	0	0	0	0	0	0	0	0	0	0	0	0	0	0	0	0	0	0	544	0	0	0	0	0	0	0	0	0	0	0	0	0	0	0	1062	0	0	0	0	0	0	0	0	0	0	0	0	0	0	0	0	0	0	0	0	0	0	0	0	0	0	0	2232	0	1372	0	0	0	1818	0	0	0	0	0	0	0	0	0	0	0	0	0	0	0	0	0	0	0	0	0	0	0	0	0	0	0	
24988	Temporal_Pole_Mid_R	0	0	0	0	0	0	0	0	0	0	0	0	0	0	0	0	0	0	0	0	0	0	0	0	0	0	0	0	0	0	0	0	0	0	0	0	0	0	0	1296	0	378	0	0	0	0	0	0	0	0	0	0	0	0	0	2186	0	0	0	0	0	0	0	0	0	0	0	0	0	0	0	0	0	0	0	0	0	0	0	0	0	412	0	4084	0	1628	0	0	0	2510	0	0	0	0	0	0	0	0	0	0	0	0	0	0	0	0	0	0	0	0	0	0	0	0	0	0	
280136	Temporal_Inf_L	2108	0	3314	0	0	0	352	0	0	0	516	0	0	0	0	0	1176	0	3382	0	0	0	0	0	0	0	0	0	6866	0	0	0	0	0	360	0	10360	0	2306	0	1498	0	264	0	416	0	818	0	478	0	5386	0	7894	0	13418	0	1148	0	702	0	2564	0	3744	0	1202	0	1212	0	1152	0	0	0	4884	0	0	0	494	0	3804	0	12306	0	4870	0	31890	0	1818	0	0	0	3538	0	1022	0	0	0	126	0	580	0	970	0	1130	0	0	0	0	0	0	0	0	0	0	0	0	0	
144488	Temporal_Inf_R	0	708	0	694	0	0	0	0	0	0	0	0	0	0	0	0	0	382	0	0	0	0	0	0	0	0	0	0	0	4460	0	0	0	0	0	196	0	6820	0	808	0	0	0	748	0	154	0	1290	0	146	0	1514	0	4006	0	12614	0	184	0	0	0	142	0	546	0	106	0	2700	0	0	0	0	0	530	0	0	0	548	0	1126	0	4282	0	4856	0	15230	0	2510	0	0	0	3712	0	386	0	0	0	0	0	102	0	136	0	608	0	0	0	0	0	0	0	0	0	0	0	0	
562420	Cerebelum_Crus1_L	0	0	0	0	0	0	0	0	0	0	0	0	0	0	0	0	0	0	0	0	0	0	0	0	0	0	0	0	0	0	0	0	0	0	0	0	350	0	332	0	0	0	204	0	0	0	8920	2298	0	0	0	0	342	418	24568	970	0	0	0	0	0	0	0	0	0	0	0	0	0	0	0	0	0	0	0	0	0	0	0	0	0	0	0	0	0	0	0	0	3538	0	0	3524	36920	4764	1300	264	20790	184	68090	4106	25534	1418	32324	1456	6034	1348	1382	0	0	428	3676	10876	10718	1594	2000	540	
483512	Cerebelum_Crus1_R	0	0	0	0	0	0	0	0	0	0	0	0	0	0	0	0	0	0	0	0	0	0	0	0	0	0	0	0	0	0	0	0	0	0	0	0	0	0	0	0	0	0	0	0	0	0	1394	7536	0	0	0	0	0	1836	1036	18930	0	0	0	0	0	0	0	0	0	0	0	0	0	0	0	0	0	0	0	0	0	0	0	0	0	0	0	0	0	0	0	0	0	3712	3524	0	910	39202	116	2870	990	15052	5272	56690	514	9958	918	28764	252	4316	0	244	0	2202	6194	14130	11372	2264	1446	112	
332400	Cerebelum_Crus2_L	0	0	0	0	0	0	0	0	0	0	0	0	0	0	0	0	0	0	0	0	0	0	0	0	0	0	0	0	0	0	0	0	0	0	0	0	0	0	0	0	0	0	0	0	0	0	0	182	0	0	0	0	0	0	1128	156	0	0	0	0	0	0	0	0	0	0	0	0	0	0	0	0	0	0	0	0	0	0	0	0	0	0	0	0	0	0	0	0	1022	0	36920	910	0	8748	0	0	498	0	7854	794	46522	3834	38986	1900	4000	0	408	0	0	0	220	1724	9066	1140	188	0	
363076	Cerebelum_Crus2_R	0	0	0	0	0	0	0	0	0	0	0	0	0	0	0	0	0	0	0	0	0	0	0	0	0	0	0	0	0	0	0	0	0	0	0	0	0	0	0	0	0	0	0	0	0	0	152	1282	0	0	0	0	0	618	0	1812	0	0	0	0	0	0	0	0	0	0	0	0	0	0	0	0	0	0	0	0	0	0	0	0	0	0	0	0	0	0	0	0	0	386	4764	39202	8748	0	0	158	372	1104	1752	10914	6268	25872	5484	40504	352	4930	0	178	0	180	1374	4188	15476	4182	1286	0	
34732	Cerebelum_3_L	0	0	0	0	0	0	0	0	0	0	0	0	0	0	0	0	0	0	0	0	0	0	0	0	0	0	0	0	0	0	0	0	0	0	0	0	0	0	144	0	0	0	0	0	0	0	1012	0	0	0	0	0	0	0	156	0	0	0	0	0	0	0	0	0	0	0	0	0	0	0	0	0	0	0	0	0	0	0	0	0	0	0	0	0	0	0	0	0	0	0	1300	116	0	0	0	0	5884	0	3162	120	0	0	162	0	474	0	0	0	548	2242	1538	234	0	134	140	0	
42632	Cerebelum_3_R	0	0	0	0	0	0	0	0	0	0	0	0	0	0	0	0	0	0	0	0	0	0	0	0	0	0	0	0	0	0	0	0	0	0	0	0	0	0	0	0	0	0	0	0	0	0	0	316	0	0	0	0	0	0	0	526	0	0	0	0	0	0	0	0	0	0	0	0	0	0	0	0	0	0	0	0	0	0	0	0	0	0	0	0	0	0	0	0	0	0	264	2870	0	158	0	0	150	4774	350	4778	0	0	218	242	0	544	0	0	420	2932	672	630	306	568	598	0	
259280	Cerebelum_4_5_L	0	0	0	0	0	0	0	0	0	0	0	0	0	0	0	0	0	0	0	0	0	0	0	0	0	0	0	0	0	0	0	0	0	0	382	0	960	0	930	0	0	0	1274	240	0	0	13204	2040	0	0	146	0	176	256	12486	498	0	0	0	0	0	0	0	0	0	0	462	0	0	0	0	0	132	0	0	0	0	0	0	0	0	0	0	0	0	0	0	0	126	0	20790	990	498	372	5884	150	0	924	37634	1232	728	0	1494	0	2212	830	788	0	138	1592	11998	5056	448	536	1008	1026	
188220	Cerebelum_4_5_R	0	0	0	0	0	0	0	0	0	0	0	0	0	0	0	0	0	0	0	0	0	0	0	0	0	0	0	0	0	0	0	0	0	0	0	0	0	482	0	844	0	0	0	130	0	0	0	8342	0	0	0	0	0	1928	0	11882	0	0	0	0	0	0	0	0	0	0	0	196	0	0	0	0	0	0	0	0	0	180	0	0	0	0	0	0	0	0	0	0	0	0	184	15052	0	1104	0	4774	924	0	688	28736	0	496	0	1408	0	208	0	0	0	2696	11146	1588	522	406	194	0	
537592	Cerebelum_6_L	0	0	0	0	0	0	0	0	0	0	0	0	0	0	0	0	0	0	0	0	0	0	0	0	0	0	0	0	0	0	0	0	0	0	134	0	584	0	548	0	0	0	740	446	0	0	16560	5078	0	0	250	0	1020	700	31590	1858	0	0	0	0	0	0	0	0	0	0	260	0	0	0	0	0	0	0	0	0	0	0	0	0	0	0	0	0	0	0	0	0	580	0	68090	5272	7854	1752	3162	350	37634	688	0	6488	8214	128	14702	1206	5396	1978	1342	0	170	1192	9726	18276	8522	2352	3008	946	
436016	Cerebelum_6_R	0	0	0	0	0	0	0	0	0	0	0	0	0	0	0	0	0	0	0	0	0	0	0	0	0	0	0	0	0	0	0	0	0	0	0	0	0	0	0	0	0	0	0	0	0	0	1832	12394	0	0	0	0	110	3580	1264	25404	0	0	0	0	0	0	0	0	0	0	0	0	0	0	0	0	0	0	0	0	0	0	0	0	0	0	0	0	0	0	0	0	0	102	4106	56690	794	10914	120	4778	1232	28736	6488	0	428	1970	872	8158	230	1864	0	182	0	2804	11188	16656	10486	2810	1688	128	
320232	Cerebelum_7b_L	0	0	0	0	0	0	0	0	0	0	0	0	0	0	0	0	0	0	0	0	0	0	0	0	0	0	0	0	0	0	0	0	0	0	0	0	0	0	0	0	0	0	0	0	0	0	0	102	0	0	0	0	0	0	1016	0	0	0	0	0	0	0	0	0	0	0	0	0	0	0	0	0	0	0	0	0	0	0	0	0	0	0	0	0	0	0	0	0	970	0	25534	514	46522	6268	0	0	728	0	8214	428	0	4776	42840	3998	4568	0	688	0	0	0	136	1486	7476	3680	172	0	
201320	Cerebelum_7b_R	0	0	0	0	0	0	0	0	0	0	0	0	0	0	0	0	0	0	0	0	0	0	0	0	0	0	0	0	0	0	0	0	0	0	0	0	0	0	0	0	0	0	0	0	0	0	0	0	0	0	0	0	0	0	0	514	0	0	0	0	0	0	0	0	0	0	0	0	0	0	0	0	0	0	0	0	0	0	0	0	0	0	0	0	0	0	0	0	0	136	1418	9958	3834	25872	0	0	0	496	128	1970	4776	0	5014	31362	112	4332	0	0	0	0	0	0	5668	4820	250	0	
402564	Cerebelum_8_L	0	0	0	0	0	0	0	0	0	0	0	0	0	0	0	0	0	0	0	0	0	0	0	0	0	0	0	0	0	0	0	0	0	0	0	0	0	0	0	0	0	0	0	0	0	0	0	596	0	0	0	0	0	0	1518	526	0	0	0	0	0	0	0	0	0	0	0	0	0	0	0	0	0	0	0	0	0	0	0	0	0	0	0	0	0	0	0	0	1130	0	32324	918	38986	5484	162	218	1494	0	14702	872	42840	5014	0	6180	19608	1452	1528	150	0	128	854	4774	9136	8164	2186	338	
335816	Cerebelum_8_R	0	0	0	0	0	0	0	0	0	0	0	0	0	0	0	0	0	0	0	0	0	0	0	0	0	0	0	0	0	0	0	0	0	0	0	0	0	0	0	0	0	0	0	0	0	0	112	0	0	0	0	0	0	0	0	1526	0	0	0	0	0	0	0	0	0	0	0	0	0	0	0	0	0	0	0	0	0	0	0	0	0	0	0	0	0	0	0	0	0	608	1456	28764	1900	40504	0	242	0	1408	1206	8158	3998	31362	6180	0	426	17412	0	488	0	208	158	1060	8784	9460	2488	0	
110860	Cerebelum_9_L	0	0	0	0	0	0	0	0	0	0	0	0	0	0	0	0	0	0	0	0	0	0	0	0	0	0	0	0	0	0	0	0	0	0	0	0	0	0	0	0	0	0	0	0	0	0	438	220	0	0	0	0	0	0	0	196	0	0	0	0	0	0	0	0	0	0	0	0	0	0	0	0	0	0	0	0	0	0	0	0	0	0	0	0	0	0	0	0	0	0	6034	252	4000	352	474	0	2212	0	5396	230	4568	112	19608	426	0	800	3108	102	0	102	884	1592	1164	1486	1226	448	
123628	Cerebelum_9_R	0	0	0	0	0	0	0	0	0	0	0	0	0	0	0	0	0	0	0	0	0	0	0	0	0	0	0	0	0	0	0	0	0	0	0	0	0	0	0	0	0	0	0	0	0	0	130	0	0	0	0	0	0	0	0	0	0	0	0	0	0	0	0	0	0	0	0	0	0	0	0	0	0	0	0	0	0	0	0	0	0	0	0	0	0	0	0	0	0	0	1348	4316	0	4930	0	544	830	208	1978	1864	0	4332	1452	17412	800	0	0	1546	164	274	1098	4122	2078	3928	6810	1650	
18704	Cerebelum_10_L	0	0	0	0	0	0	0	0	0	0	0	0	0	0	0	0	0	0	0	0	0	0	0	0	0	0	0	0	0	0	0	0	0	0	0	0	0	0	0	0	0	0	0	0	0	0	0	0	0	0	0	0	0	0	0	0	0	0	0	0	0	0	0	0	0	0	0	0	0	0	0	0	0	0	0	0	0	0	0	0	0	0	0	0	0	0	0	0	0	0	1382	0	408	0	0	0	788	0	1342	0	688	0	1528	0	3108	0	0	0	0	0	108	0	0	0	0	0	
8228	Cerebelum_10_R	0	0	0	0	0	0	0	0	0	0	0	0	0	0	0	0	0	0	0	0	0	0	0	0	0	0	0	0	0	0	0	0	0	0	0	0	0	0	0	0	0	0	0	0	0	0	0	0	0	0	0	0	0	0	0	0	0	0	0	0	0	0	0	0	0	0	0	0	0	0	0	0	0	0	0	0	0	0	0	0	0	0	0	0	0	0	0	0	0	0	0	244	0	178	0	0	0	0	0	182	0	0	150	488	102	1546	0	0	0	0	0	0	186	210	828	0	
10252	Vermis_1_2	0	0	0	0	0	0	0	0	0	0	0	0	0	0	0	0	0	0	0	0	0	0	0	0	0	0	0	0	0	0	0	0	0	0	0	0	0	0	0	0	0	0	0	0	0	0	0	0	0	0	0	0	0	0	0	0	0	0	0	0	0	0	0	0	0	0	0	0	0	0	0	0	0	0	0	0	0	0	0	0	0	0	0	0	0	0	0	0	0	0	0	0	0	0	548	420	138	0	170	0	0	0	0	0	0	164	0	0	0	2686	126	234	132	230	278	0	
53380	Vermis_3	116	0	170	0	0	0	0	0	0	0	0	0	0	0	0	0	0	0	146	0	0	0	0	0	0	0	0	0	0	0	0	0	0	0	0	0	226	0	162	0	0	0	0	0	0	0	216	238	0	0	0	0	0	0	0	158	0	0	0	0	0	0	0	0	0	0	0	0	0	0	0	0	126	0	0	0	252	0	0	0	0	0	0	0	0	0	0	0	0	0	428	2202	0	180	2242	2932	1592	2696	1192	2804	0	0	128	208	102	274	0	0	2686	0	2482	754	430	816	732	0	
224308	Vermis_4_5	0	0	0	0	0	0	0	0	0	0	0	0	0	0	0	0	0	0	0	0	0	0	0	0	0	0	0	0	0	0	0	0	0	0	994	872	530	286	366	422	0	0	1854	666	0	0	4222	11068	0	0	0	0	0	2430	1516	5666	0	0	0	0	0	0	0	0	0	0	820	1224	0	0	0	0	0	0	0	0	172	0	0	0	0	0	0	0	0	0	0	0	0	0	3676	6194	220	1374	1538	672	11998	11146	9726	11188	136	0	854	158	884	1098	108	0	126	2482	0	10586	1200	1092	1402	1188	
295096	Vermis_6	0	0	0	0	0	0	0	0	0	0	0	0	0	0	0	0	0	0	0	0	0	0	0	0	0	0	0	0	0	0	0	0	0	0	0	0	0	0	0	0	0	0	302	512	0	0	4512	11430	0	0	0	0	264	2752	2910	5166	0	0	0	0	0	0	0	0	0	0	0	0	0	0	0	0	0	0	0	0	0	0	0	0	0	0	0	0	0	0	0	0	0	0	10876	14130	1724	4188	234	630	5056	1588	18276	16656	1486	0	4774	1060	1592	4122	0	0	234	754	10586	0	10160	4050	5176	2348	
260156	Vermis_7	0	0	0	0	0	0	0	0	0	0	0	0	0	0	0	0	0	0	0	0	0	0	0	0	0	0	0	0	0	0	0	0	0	0	0	0	0	0	0	0	0	0	0	0	0	0	1046	1432	0	0	0	0	0	382	928	832	0	0	0	0	0	0	0	0	0	0	0	0	0	0	0	0	0	0	0	0	0	0	0	0	0	0	0	0	0	0	0	0	0	0	10718	11372	9066	15476	0	306	448	522	8522	10486	7476	5668	9136	8784	1164	2078	0	186	132	430	1200	10160	0	8804	3132	192	
