data	data	433388	148312	870952	667452	158300	85124	591584	176476	82036	23452	333728	214708	391988	165720	298824	104104	228412	132784	706864	745364	76892	115636	304444	285620	23752	101008	64600	84216	827684	405088	269196	374380	172280	467212	130160	183316	370596	234632	122900	112384	32376	52820	178240	194668	161068	258220	184216	291388	155808	288596	491656	241940	126564	38664	327572	274276	240444	160472	214292	127248	200744	128776	145060	142660	164796	139248	262952	281452	163204	201984	336288	354020	395392	343868	46312	8512	126092	131292	121704	26136	301236	114828	103960	57584	371820	247068	26220	11232	315484	174152	480688	401692	309860	280216	27120	34040	243332	160280	418464	360528	240248	134224	284804	289068	149640	174632	26964	21776	13800	26288	202352	192204	167484	147160	117812	23256	
data	data	Precentral_L	Precentral_R	Frontal_Sup_L	Frontal_Sup_R	Frontal_Sup_Orb_L	Frontal_Sup_Orb_R	Frontal_Mid_L	Frontal_Mid_R	Frontal_Mid_Orb_L	Frontal_Mid_Orb_R	Frontal_Inf_Oper_L	Frontal_Inf_Oper_R	Frontal_Inf_Tri_L	Frontal_Inf_Tri_R	Frontal_Inf_Orb_L	Frontal_Inf_Orb_R	Rolandic_Oper_L	Rolandic_Oper_R	Supp_Motor_Area_L	Supp_Motor_Area_R	Olfactory_L	Olfactory_R	Frontal_Sup_Medial_L	Frontal_Sup_Medial_R	Frontal_Med_Orb_L	Frontal_Med_Orb_R	Rectus_L	Rectus_R	Insula_L	Insula_R	Cingulum_Ant_L	Cingulum_Ant_R	Cingulum_Mid_L	Cingulum_Mid_R	Cingulum_Post_L	Cingulum_Post_R	Hippocampus_L	Hippocampus_R	ParaHippocampal_L	ParaHippocampal_R	Amygdala_L	Amygdala_R	Calcarine_L	Calcarine_R	Cuneus_L	Cuneus_R	Lingual_L	Lingual_R	Occipital_Sup_L	Occipital_Sup_R	Occipital_Mid_L	Occipital_Mid_R	Occipital_Inf_L	Occipital_Inf_R	Fusiform_L	Fusiform_R	Postcentral_L	Postcentral_R	Parietal_Sup_L	Parietal_Sup_R	Parietal_Inf_L	Parietal_Inf_R	SupraMarginal_L	SupraMarginal_R	Angular_L	Angular_R	Precuneus_L	Precuneus_R	Paracentral_Lobule_L	Paracentral_Lobule_R	Caudate_L	Caudate_R	Putamen_L	Putamen_R	Pallidum_L	Pallidum_R	Thalamus_L	Thalamus_R	Heschl_L	Heschl_R	Temporal_Sup_L	Temporal_Sup_R	Temporal_Pole_Sup_L	Temporal_Pole_Sup_R	Temporal_Mid_L	Temporal_Mid_R	Temporal_Pole_Mid_L	Temporal_Pole_Mid_R	Temporal_Inf_L	Temporal_Inf_R	Cerebelum_Crus1_L	Cerebelum_Crus1_R	Cerebelum_Crus2_L	Cerebelum_Crus2_R	Cerebelum_3_L	Cerebelum_3_R	Cerebelum_4_5_L	Cerebelum_4_5_R	Cerebelum_6_L	Cerebelum_6_R	Cerebelum_7b_L	Cerebelum_7b_R	Cerebelum_8_L	Cerebelum_8_R	Cerebelum_9_L	Cerebelum_9_R	Cerebelum_10_L	Cerebelum_10_R	Vermis_1_2	Vermis_3	Vermis_4_5	Vermis_6	Vermis_7	Vermis_8	Vermis_9	Vermis_10	
433388	Precentral_L	0	336	20444	0	0	0	28422	0	0	0	16506	0	4916	0	0	0	10946	0	16400	656	0	0	0	0	0	0	0	0	19428	0	0	0	468	590	2834	2870	11586	2458	688	248	0	0	0	0	0	0	0	98	0	0	992	0	0	0	0	0	26732	0	768	0	6178	0	1322	0	846	0	724	0	9086	528	204	0	6260	0	1960	0	5244	1350	8968	0	4384	0	0	0	1162	0	0	0	0	0	0	0	0	0	0	0	0	0	0	0	0	0	0	0	0	0	0	0	0	0	92	0	0	0	0	0	
148312	Precentral_R	336	0	0	2154	0	0	116	6278	0	0	0	7340	0	432	0	0	0	974	1004	4674	0	0	0	0	0	0	0	0	130	3514	0	0	0	3620	474	486	234	3742	0	0	0	0	0	0	0	0	0	0	0	0	0	2392	0	0	0	0	0	16338	0	104	0	562	0	1204	0	118	0	136	1458	5452	586	494	300	870	228	0	1578	1574	0	336	0	498	0	0	0	3232	0	0	0	1188	0	0	0	0	0	0	0	0	0	0	0	0	0	0	0	0	0	0	0	0	0	0	0	0	0	0	
870952	Frontal_Sup_L	20444	0	0	2692	9710	0	88888	150	2402	0	20762	0	22464	322	11704	246	9834	0	81956	5420	0	0	38344	3840	628	168	144	0	36376	546	18258	3914	7260	2884	450	508	6108	504	688	0	0	0	0	0	0	0	224	0	0	0	94	0	0	0	958	0	1430	0	0	0	428	0	168	0	0	0	0	0	2216	0	2264	542	14510	402	2350	0	1662	242	2654	0	5096	0	212	0	1192	0	0	0	1218	0	0	0	0	0	0	0	0	0	0	0	0	0	0	0	0	0	0	0	0	0	0	0	0	0	0	0	
667452	Frontal_Sup_R	0	2154	2692	0	0	2992	238	22274	0	188	2592	14824	2446	9592	1504	3256	1318	7544	11008	65826	0	448	11840	36370	0	2860	0	266	7838	18602	2142	25378	726	21626	0	0	418	2900	0	832	0	0	0	0	0	0	0	0	0	0	0	0	0	0	0	106	0	478	0	0	0	0	0	0	0	0	0	0	0	96	8924	12888	1450	22278	0	0	390	1502	0	232	698	338	472	1046	0	0	0	0	134	0	0	0	0	0	0	0	0	0	0	0	0	0	0	0	0	0	0	0	0	0	0	0	0	0	0	0	
158300	Frontal_Sup_Orb_L	0	0	9710	0	0	174	4044	0	12672	0	0	0	3082	0	12120	0	0	0	358	0	2190	1076	3542	0	2126	532	6718	676	4282	0	4686	504	0	0	0	0	0	0	0	0	238	0	0	0	0	0	0	0	0	0	0	0	0	0	0	0	0	0	0	0	0	0	0	0	0	0	0	0	0	0	2672	618	6372	172	0	0	0	0	0	0	0	0	586	0	0	0	0	0	0	0	0	0	0	0	0	0	0	0	0	0	0	0	0	0	0	0	0	0	0	0	0	0	0	0	0	0	
85124	Frontal_Sup_Orb_R	0	0	0	2992	174	0	0	92	0	4314	0	0	0	150	190	3724	0	0	0	114	968	3694	0	2556	0	6326	244	6064	0	1472	166	1192	0	0	0	0	0	0	0	0	0	172	0	0	0	0	0	0	0	0	0	0	0	0	0	0	0	0	0	0	0	0	0	0	0	0	0	0	0	0	1368	3566	464	2560	0	0	0	0	0	0	0	0	0	0	0	0	0	0	0	0	0	0	0	0	0	0	0	0	0	0	0	0	0	0	0	0	0	0	0	0	0	0	0	0	0	0	
591584	Frontal_Mid_L	28422	116	88888	238	4044	0	0	0	4354	0	17038	0	32252	0	9458	0	4608	0	22582	204	0	0	11830	536	0	0	0	0	17448	0	7044	652	5052	356	1812	2066	7418	1844	512	192	0	0	0	0	0	0	0	0	0	0	146	0	0	0	0	0	5464	0	110	0	392	0	1926	0	100	0	160	0	1172	0	256	0	4310	0	472	0	3780	998	5108	0	1902	0	0	0	530	0	0	0	0	0	0	0	0	0	0	0	0	0	0	0	0	0	0	0	0	0	0	0	0	0	0	0	0	0	0	0	
176476	Frontal_Mid_R	0	6278	150	22274	0	92	0	0	0	232	210	8098	490	9878	356	1880	0	1584	2026	5734	0	0	522	2178	0	0	0	0	1322	7340	108	1364	0	2604	0	0	186	1096	0	0	0	0	0	0	0	0	0	0	0	0	0	0	0	0	0	0	0	1512	0	0	0	0	0	0	0	0	0	0	0	124	2698	716	1064	4580	120	0	212	762	0	0	0	106	0	132	0	108	0	0	0	102	0	0	0	0	0	0	0	0	0	0	0	0	0	0	0	0	0	0	0	0	0	0	0	0	0	0	
82036	Frontal_Mid_Orb_L	0	0	2402	0	12672	0	4354	0	0	0	0	0	2714	0	10842	0	0	0	0	0	270	234	294	0	532	120	3158	146	220	0	992	0	0	0	0	0	0	0	0	0	0	0	0	0	0	0	0	0	0	0	0	0	0	0	0	0	0	0	0	0	0	0	0	0	0	0	0	0	0	0	434	146	1488	0	0	0	0	0	0	0	0	0	0	0	0	0	0	0	0	0	0	0	0	0	0	0	0	0	0	0	0	0	0	0	0	0	0	0	0	0	0	0	0	0	0	0	
23452	Frontal_Mid_Orb_R	0	0	0	188	0	4314	0	232	0	0	0	0	0	92	0	3080	0	0	0	0	160	390	0	190	0	694	0	962	0	134	0	130	0	0	0	0	0	0	0	0	0	0	0	0	0	0	0	0	0	0	0	0	0	0	0	0	0	0	0	0	0	0	0	0	0	0	0	0	0	0	216	530	0	414	0	0	0	0	0	0	0	0	0	0	0	0	0	0	0	0	0	0	0	0	0	0	0	0	0	0	0	0	0	0	0	0	0	0	0	0	0	0	0	0	0	0	
333728	Frontal_Inf_Oper_L	16506	0	20762	2592	0	0	17038	210	0	0	0	98	19336	320	482	0	14274	0	17920	2664	0	0	0	0	0	0	0	0	23200	374	1858	1398	178	2326	0	0	918	0	106	0	0	0	0	0	0	0	114	0	0	0	0	0	0	0	266	0	5364	0	0	0	220	0	1846	0	0	0	0	0	0	0	4664	158	1518	136	0	0	130	0	1454	0	6356	0	1346	0	440	0	0	0	292	0	0	0	0	0	0	0	0	0	0	0	0	0	0	0	0	0	0	0	0	0	0	0	0	0	0	0	
214708	Frontal_Inf_Oper_R	0	7340	0	14824	0	0	0	8098	0	0	98	0	174	11932	140	618	0	7406	1088	13110	0	0	0	0	0	0	0	0	716	20474	0	160	0	2102	0	0	0	288	0	0	0	0	0	0	0	0	0	0	0	0	0	0	0	0	0	0	0	3286	0	0	0	0	0	0	0	0	0	0	0	172	3170	5078	244	4544	0	0	0	278	0	416	0	432	0	1166	0	0	0	0	0	0	0	0	0	0	0	0	0	0	0	0	0	0	0	0	0	0	0	0	0	0	0	0	0	0	0	0	
391988	Frontal_Inf_Tri_L	4916	0	22464	2446	3082	0	32252	490	2714	0	19336	174	0	504	31184	174	1250	0	8350	2804	0	0	1108	0	0	0	0	0	34424	724	4656	2078	1012	1660	0	0	278	122	0	0	0	0	0	0	0	0	0	0	0	0	0	0	0	0	0	0	1214	0	0	0	156	0	692	0	0	0	0	0	0	0	6190	450	7058	670	0	0	0	228	430	0	418	0	286	0	0	0	0	0	0	0	0	0	0	0	0	0	0	0	0	0	0	0	0	0	0	0	0	0	0	0	0	0	0	0	0	0	
165720	Frontal_Inf_Tri_R	0	432	322	9592	0	150	0	9878	0	92	320	11932	504	0	298	7902	0	716	1334	9482	0	0	172	314	0	0	0	0	924	10674	192	1062	0	2794	0	0	0	0	0	0	0	0	0	0	0	0	0	0	0	0	0	0	0	0	0	0	0	0	0	0	0	0	0	0	0	0	0	0	0	0	3234	7592	664	2076	0	0	0	208	0	0	0	0	0	0	0	0	0	0	0	0	0	0	0	0	0	0	0	0	0	0	0	0	0	0	0	0	0	0	0	0	0	0	0	0	0	0	
298824	Frontal_Inf_Orb_L	0	0	11704	1504	12120	190	9458	356	10842	0	482	140	31184	298	0	120	0	0	3360	1828	1854	902	1018	0	0	254	2894	522	30740	466	2116	960	774	704	0	0	0	106	0	0	208	0	0	0	0	0	0	0	0	0	0	0	0	0	0	0	0	0	0	0	0	0	0	0	0	0	0	0	0	0	6240	908	11680	732	0	0	0	220	0	0	0	0	2528	0	0	0	0	0	0	0	0	0	0	0	0	0	0	0	0	0	0	0	0	0	0	0	0	0	0	0	0	0	0	0	0	0	
104104	Frontal_Inf_Orb_R	0	0	246	3256	0	3724	0	1880	0	3080	0	618	174	7902	120	0	0	0	476	3488	0	1096	90	216	0	316	0	900	358	9710	546	1432	96	568	0	0	0	0	0	0	0	106	0	0	0	0	0	0	0	0	0	0	0	0	0	0	0	0	0	0	0	0	0	0	0	0	0	0	0	0	1714	5966	428	3328	0	0	0	122	0	0	0	0	0	96	0	0	0	0	0	0	0	0	0	0	0	0	0	0	0	0	0	0	0	0	0	0	0	0	0	0	0	0	0	0	0	0	
228412	Rolandic_Oper_L	10946	0	9834	1318	0	0	4608	0	0	0	14274	0	1250	0	0	0	0	0	9790	1310	0	0	0	0	0	0	0	0	22282	0	0	270	218	572	0	0	680	0	104	0	0	0	0	0	0	0	0	0	0	0	1638	0	324	0	110	0	6800	0	860	0	172	0	2624	0	358	0	556	0	830	0	1340	0	734	0	0	0	290	0	2382	0	12352	0	928	0	3086	0	0	0	1366	0	0	0	0	0	0	0	0	0	0	0	0	0	0	0	0	0	0	0	0	0	0	0	0	0	0	0	
132784	Rolandic_Oper_R	0	974	0	7544	0	0	0	1584	0	0	0	7406	0	716	0	0	0	0	608	7384	0	0	0	0	0	0	0	0	282	15712	0	0	0	416	0	0	0	418	0	0	0	0	0	0	0	0	0	0	0	0	0	0	0	0	0	0	0	4096	0	138	0	300	0	3112	0	204	0	0	0	112	1052	1074	100	3010	0	0	0	392	0	2666	0	4956	0	1712	0	232	0	0	0	192	0	0	0	0	0	0	0	0	0	0	0	0	0	0	0	0	0	0	0	0	0	0	0	0	0	0	
706864	Supp_Motor_Area_L	16400	1004	81956	11008	358	0	22582	2026	0	0	17920	1088	8350	1334	3360	476	9790	608	0	26364	0	0	4138	4558	0	0	0	0	32690	1580	6030	5376	9334	17676	386	230	8200	374	1164	0	0	0	0	0	0	0	430	0	0	0	0	0	0	0	3040	0	726	174	0	0	382	0	0	0	0	0	90	0	5744	2606	4562	2366	16766	892	4726	0	2280	284	1016	0	5516	0	180	0	1396	0	0	0	3462	0	222	0	0	0	0	0	0	0	212	0	0	0	0	0	0	0	0	0	0	0	0	0	0	0	0	0	
745364	Supp_Motor_Area_R	656	4674	5420	65826	0	114	204	5734	0	0	2664	13110	2804	9482	1828	3488	1310	7384	26364	0	0	0	1830	8346	0	0	0	0	8484	15412	1152	11534	4102	51538	1220	4066	688	4566	0	1170	0	0	0	278	0	448	0	250	0	344	0	342	0	0	0	160	0	3728	0	192	0	0	0	374	0	0	194	2720	4158	28140	9216	18236	2500	22494	560	1618	2074	5624	0	400	718	660	492	668	0	698	0	0	120	106	0	0	0	0	0	0	0	0	0	0	0	0	0	0	0	0	0	0	0	0	0	0	0	0	0	0	
76892	Olfactory_L	0	0	0	0	2190	968	0	0	270	160	0	0	0	0	1854	0	0	0	0	0	0	5262	0	0	320	1758	2554	2904	2738	0	2584	1974	0	0	0	0	102	0	0	0	578	0	0	0	0	0	0	0	0	0	0	0	0	0	0	0	0	0	0	0	0	0	0	0	0	0	0	0	0	0	6268	2474	2614	436	0	0	0	0	0	0	0	0	438	0	0	0	0	0	0	0	0	0	0	0	0	0	0	0	0	0	0	0	0	0	0	0	0	0	0	0	0	0	0	0	0	0	
115636	Olfactory_R	0	0	0	448	1076	3694	0	0	234	390	0	0	0	0	902	1096	0	0	0	0	5262	0	0	172	188	3986	1768	6944	0	2880	2370	3224	0	0	0	0	0	402	0	498	0	1364	0	0	0	0	0	0	0	0	0	0	0	0	0	0	0	0	0	0	0	0	0	0	0	0	0	0	0	0	8080	7312	3256	1996	0	0	0	0	0	0	0	0	0	276	0	0	0	0	0	0	0	0	0	0	0	0	0	0	0	0	0	0	0	0	0	0	0	0	0	0	0	0	0	0	0	0	
304444	Frontal_Sup_Medial_L	0	0	38344	11840	3542	0	11830	522	294	0	0	0	1108	172	1018	90	0	0	4138	1830	0	0	0	23508	1096	648	210	0	1242	220	17744	12458	6600	11622	0	0	0	0	0	0	0	0	0	0	0	0	0	0	0	0	0	0	0	0	0	0	0	0	0	0	0	0	0	0	0	0	0	0	0	0	314	748	492	592	0	0	0	0	0	0	0	0	0	0	0	0	0	0	0	0	0	0	0	0	0	0	0	0	0	0	0	0	0	0	0	0	0	0	0	0	0	0	0	0	0	0	
285620	Frontal_Sup_Medial_R	0	0	3840	36370	0	2556	536	2178	0	190	0	0	0	314	0	216	0	0	4558	8346	0	172	23508	0	310	4888	126	134	178	656	5242	23354	768	14596	0	0	0	0	0	0	0	0	0	0	0	0	0	0	0	0	0	0	0	0	0	0	0	0	0	0	0	0	0	0	0	0	0	0	0	0	514	5534	0	3726	0	0	0	0	0	0	0	0	0	0	0	0	0	0	0	0	0	0	0	0	0	0	0	0	0	0	0	0	0	0	0	0	0	0	0	0	0	0	0	0	0	0	
23752	Frontal_Med_Orb_L	0	0	628	0	2126	0	0	0	532	0	0	0	0	0	0	0	0	0	0	0	320	188	1096	310	0	1380	1048	284	0	0	3050	604	0	0	0	0	0	0	0	0	0	0	0	0	0	0	0	0	0	0	0	0	0	0	0	0	0	0	0	0	0	0	0	0	0	0	0	0	0	0	182	0	128	0	0	0	0	0	0	0	0	0	0	0	0	0	0	0	0	0	0	0	0	0	0	0	0	0	0	0	0	0	0	0	0	0	0	0	0	0	0	0	0	0	0	0	
101008	Frontal_Med_Orb_R	0	0	168	2860	532	6326	0	0	120	694	0	0	0	0	254	316	0	0	0	0	1758	3986	648	4888	1380	0	748	6172	0	428	2520	6274	0	0	0	0	0	0	0	0	0	0	0	0	0	0	0	0	0	0	0	0	0	0	0	0	0	0	0	0	0	0	0	0	0	0	0	0	0	0	1530	4410	562	3836	0	0	0	0	0	0	0	0	0	94	0	0	0	0	0	0	0	0	0	0	0	0	0	0	0	0	0	0	0	0	0	0	0	0	0	0	0	0	0	0	0	0	
64600	Rectus_L	0	0	144	0	6718	244	0	0	3158	0	0	0	0	0	2894	0	0	0	0	0	2554	1768	210	126	1048	748	0	1154	874	0	3616	1334	0	0	0	0	0	0	0	0	106	0	0	0	0	0	0	0	0	0	0	0	0	0	0	0	0	0	0	0	0	0	0	0	0	0	0	0	0	0	3490	686	1114	124	0	0	0	0	0	0	0	0	190	0	0	0	0	0	0	0	0	0	0	0	0	0	0	0	0	0	0	0	0	0	0	0	0	0	0	0	0	0	0	0	0	0	
84216	Rectus_R	0	0	0	266	676	6064	0	0	146	962	0	0	0	0	522	900	0	0	0	0	2904	6944	0	134	284	6172	1154	0	0	614	1518	3462	0	0	0	0	0	0	0	0	0	242	0	0	0	0	0	0	0	0	0	0	0	0	0	0	0	0	0	0	0	0	0	0	0	0	0	0	0	0	3010	4170	1076	888	0	0	0	0	0	0	0	0	0	0	0	0	0	0	0	0	0	0	0	0	0	0	0	0	0	0	0	0	0	0	0	0	0	0	0	0	0	0	0	0	0	0	
827684	Insula_L	19428	130	36376	7838	4282	0	17448	1322	220	0	23200	716	34424	924	30740	358	22282	282	32690	8484	2738	0	1242	178	0	0	874	0	0	1520	4688	2850	1098	3922	1044	1088	21882	1324	2342	248	2152	0	0	0	0	0	712	0	0	0	1428	0	164	0	6598	0	5626	0	642	0	504	0	978	0	1172	0	454	0	1856	0	15478	1176	27298	1348	0	0	2888	874	14440	0	16672	0	5440	0	8606	0	0	0	8572	0	226	0	0	0	0	0	0	0	246	0	0	0	0	0	0	0	0	0	0	0	110	0	0	0	0	0	
405088	Insula_R	0	3514	546	18602	0	1472	0	7340	0	134	374	20474	724	10674	466	9710	0	15712	1580	15412	0	2880	220	656	0	428	0	614	1520	0	1066	3716	124	1158	0	0	146	6590	0	1230	0	3234	0	0	0	0	0	0	0	0	0	0	0	0	0	3166	0	1618	0	0	0	0	0	0	0	0	0	0	0	174	6602	12216	1236	30374	0	0	0	2278	0	1410	0	4428	0	2930	0	2032	0	0	0	3764	0	0	0	0	0	0	0	0	0	0	0	0	0	0	0	0	0	0	0	0	0	0	0	0	0	0	
269196	Cingulum_Ant_L	0	0	18258	2142	4686	166	7044	108	992	0	1858	0	4656	192	2116	546	0	0	6030	1152	2584	2370	17744	5242	3050	2520	3616	1518	4688	1066	0	18074	5392	2940	0	0	0	0	0	0	0	0	0	0	0	0	0	0	0	0	0	0	0	0	0	0	0	0	0	0	0	0	0	0	0	0	0	0	0	0	6576	1662	4426	1184	0	0	0	0	0	0	0	0	0	0	0	0	0	0	0	0	0	0	0	0	0	0	0	0	0	0	0	0	0	0	0	0	0	0	0	0	0	0	0	0	0	0	
374380	Cingulum_Ant_R	0	0	3914	25378	504	1192	652	1364	0	130	1398	160	2078	1062	960	1432	270	0	5376	11534	1974	3224	12458	23354	604	6274	1334	3462	2850	3716	18074	0	3390	20754	0	0	0	0	0	0	0	0	0	0	0	0	0	0	0	0	0	0	0	0	0	0	0	0	0	0	0	0	0	0	0	0	0	0	0	0	4708	13566	1012	8742	0	0	0	0	0	0	90	0	200	0	0	0	0	0	0	0	0	0	0	0	0	0	0	0	0	0	0	0	0	0	0	0	0	0	0	0	0	0	0	0	0	0	
172280	Cingulum_Mid_L	468	0	7260	726	0	0	5052	0	0	0	178	0	1012	0	774	96	218	0	9334	4102	0	0	6600	768	0	0	0	0	1098	124	5392	3390	0	11778	3124	536	126	0	0	0	0	0	342	0	502	94	0	0	1442	0	2842	0	0	0	0	0	1086	0	856	0	0	0	0	0	232	0	5572	674	7546	1600	170	0	0	0	0	0	0	0	0	0	310	0	0	0	562	0	0	0	154	0	0	0	0	0	0	0	0	0	0	0	0	0	0	0	0	0	0	0	0	0	0	0	0	0	0	0	
467212	Cingulum_Mid_R	590	3620	2884	21626	0	0	356	2604	0	0	2326	2102	1660	2794	704	568	572	416	17676	51538	0	0	11622	14596	0	0	0	0	3922	1158	2940	20754	11778	0	1228	4686	188	300	0	0	0	0	0	532	0	866	0	268	0	524	0	468	0	0	0	0	0	1678	0	0	0	0	0	112	0	0	814	5742	2904	21174	3212	4148	582	1500	442	0	1514	216	0	0	232	0	490	0	0	878	0	0	0	102	0	0	0	0	0	0	0	0	0	0	0	0	0	0	0	0	0	0	0	0	0	0	0	0	0	0	
130160	Cingulum_Post_L	2834	474	450	0	0	0	1812	0	0	0	0	0	0	0	0	0	0	0	386	1220	0	0	0	0	0	0	0	0	1044	0	0	0	3124	1228	0	9736	6248	3874	2002	846	0	0	3310	348	1034	0	1328	228	694	0	898	0	140	0	0	0	0	0	226	0	146	0	0	0	204	0	6938	1546	4256	1016	0	0	610	0	0	0	2296	1514	886	0	110	0	0	0	288	0	0	0	238	0	0	0	0	0	0	0	0	0	0	0	0	0	0	0	0	0	0	0	0	0	1548	0	0	0	0	0	
183316	Cingulum_Post_R	2870	486	508	0	0	0	2066	0	0	0	0	0	0	0	0	0	0	0	230	4066	0	0	0	0	0	0	0	0	1088	0	0	0	536	4686	9736	0	5220	6766	990	1362	0	0	116	2484	138	2476	94	5012	0	3342	0	1756	0	0	0	282	0	1092	0	1220	0	0	0	0	0	0	1966	14016	764	4640	0	0	738	0	0	0	3042	2442	882	0	0	0	0	0	0	1094	0	0	0	516	0	0	0	0	0	0	0	0	0	0	0	0	0	0	0	0	0	0	0	0	2936	0	0	0	0	0	
370596	Hippocampus_L	11586	234	6108	418	0	0	7418	186	0	0	918	0	278	0	0	0	680	0	8200	688	102	0	0	0	0	0	0	0	21882	146	0	0	126	188	6248	5220	0	4584	17328	1008	5794	0	2396	0	0	0	3622	436	0	0	354	0	118	0	15744	0	802	0	136	0	126	0	0	0	98	0	3366	478	1888	0	754	138	16954	130	1376	0	7574	2500	8828	0	3740	0	1028	0	934	0	0	0	10694	0	408	0	0	0	0	0	520	0	466	0	0	0	0	0	0	0	0	0	0	0	350	0	0	0	0	0	
234632	Hippocampus_R	2458	3742	504	2900	0	0	1844	1096	0	0	0	288	122	0	106	0	0	418	374	4566	0	402	0	0	0	0	0	0	1324	6590	0	0	0	300	3874	6766	4584	0	820	15952	0	8404	112	304	0	0	114	3532	0	128	0	0	0	0	0	12032	0	204	0	0	0	0	0	0	0	0	488	3060	470	444	314	0	868	10378	0	302	2566	6438	774	138	106	472	0	260	0	174	0	0	0	4764	0	0	0	0	0	0	0	360	0	0	0	0	0	0	0	0	0	0	0	0	1080	0	0	0	0	0	
122900	ParaHippocampal_L	688	0	688	0	0	0	512	0	0	0	106	0	0	0	0	0	104	0	1164	0	0	0	0	0	0	0	0	0	2342	0	0	0	0	0	2002	990	17328	820	0	390	2026	0	1452	0	0	0	4132	226	0	0	142	0	0	0	9036	0	0	0	0	0	0	0	0	0	0	0	1604	176	140	0	124	0	4380	0	118	0	1410	500	218	0	490	0	988	0	154	0	518	0	3408	0	670	0	0	0	166	0	1208	0	798	0	0	0	0	0	0	0	0	0	0	0	232	0	0	0	0	0	
112384	ParaHippocampal_R	248	0	0	832	0	0	192	0	0	0	0	0	0	0	0	0	0	0	0	1170	0	498	0	0	0	0	0	0	248	1230	0	0	0	0	846	1362	1008	15952	390	0	0	4012	0	480	0	150	0	5054	0	180	0	240	0	0	0	9642	0	0	0	0	0	0	0	0	0	0	226	2130	0	0	0	0	160	3086	0	260	166	1266	152	0	0	134	0	592	0	622	0	358	0	1498	0	274	0	0	0	0	0	996	0	288	0	0	0	104	0	0	0	0	0	0	146	0	0	0	0	0	
32376	Amygdala_L	0	0	0	0	238	0	0	0	0	0	0	0	0	0	208	0	0	0	0	0	578	0	0	0	0	0	106	0	2152	0	0	0	0	0	0	0	5794	0	2026	0	0	0	0	0	0	0	0	0	0	0	0	0	0	0	2690	0	0	0	0	0	0	0	0	0	0	0	0	0	0	0	0	0	1596	0	0	0	0	0	0	0	0	0	504	0	0	0	0	0	296	0	0	0	0	0	0	0	0	0	0	0	0	0	0	0	0	0	0	0	0	0	0	0	0	0	0	0	
52820	Amygdala_R	0	0	0	0	0	172	0	0	0	0	0	0	0	0	0	106	0	0	0	0	0	1364	0	0	0	0	0	242	0	3234	0	0	0	0	0	0	0	8404	0	4012	0	0	0	0	0	0	0	0	0	0	0	0	0	0	0	4412	0	0	0	0	0	0	0	0	0	0	0	0	0	0	0	112	0	2640	0	0	0	0	0	0	0	0	0	958	0	0	0	0	0	754	0	0	0	0	0	0	0	0	0	0	0	0	0	0	0	0	0	0	0	0	0	0	0	0	0	0	
178240	Calcarine_L	0	0	0	0	0	0	0	0	0	0	0	0	0	0	0	0	0	0	0	0	0	0	0	0	0	0	0	0	0	0	0	0	342	0	3310	116	2396	112	1452	0	0	0	0	3614	9874	2848	11462	1734	6402	656	20168	0	4310	0	1938	0	0	0	872	0	146	0	0	0	230	0	11666	96	254	0	0	0	0	0	0	0	0	0	0	0	120	0	0	0	2260	0	0	0	1384	0	0	0	0	0	0	0	0	0	0	0	0	0	0	0	0	0	0	0	0	0	1358	0	0	0	0	0	
194668	Calcarine_R	0	0	0	0	0	0	0	0	0	0	0	0	0	0	0	0	0	0	0	278	0	0	0	0	0	0	0	0	0	0	0	0	0	532	348	2484	0	304	0	480	0	0	3614	0	4274	17594	660	18562	0	13396	0	7676	0	2232	0	5704	0	246	0	386	0	0	0	0	0	0	808	11172	0	1128	0	0	0	0	0	0	0	0	0	0	0	0	0	0	0	3614	0	0	0	1738	0	0	0	0	0	0	0	0	0	0	0	0	0	0	0	0	0	0	0	0	104	0	0	0	0	0	
161068	Cuneus_L	0	0	0	0	0	0	0	0	0	0	0	0	0	0	0	0	0	0	0	0	0	0	0	0	0	0	0	0	0	0	0	0	502	0	1034	138	0	0	0	0	0	0	9874	4274	0	11966	1244	512	15402	4826	10992	156	1464	0	358	0	0	0	1162	0	352	0	0	0	272	0	10294	1694	1302	0	0	0	0	0	0	0	0	0	0	0	92	0	0	0	1330	0	0	0	924	0	0	0	0	0	0	0	0	0	0	0	0	0	0	0	0	0	0	0	0	0	370	0	0	0	0	0	
258220	Cuneus_R	0	0	0	0	0	0	0	0	0	0	0	0	0	0	0	0	0	0	0	448	0	0	0	0	0	0	0	0	0	0	0	0	94	866	0	2476	0	0	0	150	0	0	2848	17594	11966	0	148	9934	250	36958	0	12644	0	748	0	4034	0	836	0	1760	0	238	0	328	0	288	1560	18128	0	2248	0	0	0	0	0	0	0	0	0	92	0	166	0	0	0	1858	0	0	0	450	0	0	0	0	0	0	0	0	0	0	0	0	0	0	0	0	0	0	0	0	0	0	0	0	0	0	
184216	Lingual_L	0	0	224	0	0	0	0	0	0	0	114	0	0	0	0	0	0	0	430	0	0	0	0	0	0	0	0	0	712	0	0	0	0	0	1328	94	3622	114	4132	0	0	0	11462	660	1244	148	0	1886	2848	0	18360	0	5542	0	12816	218	0	0	144	0	0	0	0	0	0	0	3688	0	0	0	0	0	318	0	0	0	162	0	0	0	108	0	0	0	146	0	0	0	1940	0	2332	572	0	0	0	152	5154	602	4528	1388	0	0	0	0	0	166	0	0	0	188	2538	1766	104	0	0	158	
291388	Lingual_R	98	0	0	0	0	0	0	0	0	0	0	0	0	0	0	0	0	0	0	250	0	0	0	0	0	0	0	0	0	0	0	0	0	268	228	5012	436	3532	226	5054	0	0	1734	18562	512	9934	1886	0	0	9500	0	4198	0	1776	1060	15078	0	320	0	822	0	0	0	0	0	138	94	9398	0	720	0	0	0	0	0	0	194	370	0	226	0	264	0	0	0	1894	0	0	0	1310	3364	2734	694	0	0	0	4376	3742	7144	5664	574	0	166	0	1364	1134	0	334	0	0	8468	7522	1268	610	1186	256	
155808	Occipital_Sup_L	0	0	0	0	0	0	0	0	0	0	0	0	0	0	0	0	0	0	0	0	0	0	0	0	0	0	0	0	0	0	0	0	1442	0	694	0	0	0	0	0	0	0	6402	0	15402	250	2848	0	0	0	26800	0	1926	0	720	0	194	0	5582	0	2124	0	0	0	232	0	11116	148	916	0	0	0	0	0	0	0	0	0	0	0	0	0	0	0	558	0	0	0	0	0	142	0	0	0	0	0	0	0	158	0	0	0	0	0	0	0	0	0	0	0	250	0	0	0	0	0	
288596	Occipital_Sup_R	0	0	0	0	0	0	0	0	0	0	0	0	0	0	0	0	0	0	0	344	0	0	0	0	0	0	0	0	0	0	0	0	0	524	0	3342	0	128	0	180	0	0	656	13396	4826	36958	0	9500	0	0	0	28046	0	1722	0	5572	0	1332	0	6264	0	636	0	1282	0	3324	846	18378	0	2102	0	0	0	0	0	0	0	0	0	210	0	328	0	0	0	3168	0	0	0	1234	0	0	0	0	0	0	0	0	0	0	0	0	0	0	0	0	0	0	0	0	0	0	0	0	0	0	
491656	Occipital_Mid_L	992	0	94	0	0	0	146	0	0	0	0	0	0	0	0	0	1638	0	0	0	0	0	0	0	0	0	0	0	1428	0	0	0	2842	0	898	0	354	0	142	0	0	0	20168	0	10992	0	18360	0	26800	0	0	0	22354	0	9232	0	6342	0	28054	0	13474	0	6766	0	21496	0	19046	0	4282	0	0	0	0	0	0	0	0	0	146	0	1380	0	0	0	21022	0	0	0	5450	0	892	0	0	0	0	0	232	0	580	0	0	0	0	0	0	0	0	0	0	0	226	0	0	0	0	0	
241940	Occipital_Mid_R	0	2392	0	0	0	0	0	0	0	0	0	0	0	0	0	0	0	0	0	342	0	0	0	0	0	0	0	0	0	0	0	0	0	468	0	1756	0	0	0	240	0	0	0	7676	156	12644	0	4198	0	28046	0	0	0	4378	0	7130	0	2682	0	5056	0	1090	0	1756	0	10136	188	9934	0	1876	0	0	0	0	0	0	0	0	0	208	0	508	0	0	0	16220	0	0	0	1890	0	0	0	0	0	0	0	0	0	0	0	0	0	0	0	0	0	0	0	0	0	0	0	0	0	0	
126564	Occipital_Inf_L	0	0	0	0	0	0	0	0	0	0	0	0	0	0	0	0	324	0	0	0	0	0	0	0	0	0	0	0	164	0	0	0	0	0	140	0	118	0	0	0	0	0	4310	0	1464	0	5542	0	1926	0	22354	0	0	0	9638	0	220	0	820	0	174	0	0	0	362	0	1840	0	758	0	0	0	0	0	0	0	0	0	0	0	176	0	0	0	4370	0	0	0	4684	0	1500	0	0	0	0	0	802	0	1596	0	0	0	0	0	0	0	0	0	0	0	0	0	0	0	0	0	
38664	Occipital_Inf_R	0	0	0	0	0	0	0	0	0	0	0	0	0	0	0	0	0	0	0	0	0	0	0	0	0	0	0	0	0	0	0	0	0	0	0	0	0	0	0	0	0	0	0	2232	0	748	0	1776	0	1722	0	4378	0	0	0	6178	0	0	0	0	0	0	0	0	0	0	0	148	0	0	0	0	0	0	0	0	0	0	0	0	0	0	0	0	0	434	0	0	0	1716	0	0	0	0	0	0	0	0	0	0	0	0	0	0	0	0	0	0	0	0	0	0	0	0	0	0	
327572	Fusiform_L	0	0	958	0	0	0	0	0	0	0	266	0	0	0	0	0	110	0	3040	0	0	0	0	0	0	0	0	0	6598	0	0	0	0	0	0	0	15744	0	9036	0	2690	0	1938	0	358	0	12816	1060	720	0	9232	0	9638	0	0	116	0	0	194	0	0	0	0	0	96	0	346	0	110	0	200	0	5892	0	0	0	104	0	506	0	1734	0	3148	0	1396	0	1484	0	14484	0	20174	554	1440	0	116	0	11062	182	21970	924	0	0	160	0	264	0	0	0	0	0	1078	1750	98	0	0	0	
274276	Fusiform_R	0	0	0	106	0	0	0	0	0	0	0	0	0	0	0	0	0	0	0	160	0	0	0	0	0	0	0	0	0	3166	0	0	0	0	0	282	0	12032	0	9642	0	4412	0	5704	0	4034	218	15078	0	5572	0	7130	0	6178	116	0	0	0	0	0	0	0	0	0	0	112	0	2350	0	0	0	0	0	756	0	0	0	280	0	264	0	2548	0	5046	0	4684	0	1064	0	14464	198	7538	0	530	0	498	482	6198	452	11214	0	0	0	820	0	382	0	0	0	176	2112	660	196	116	168	0	
240444	Postcentral_L	26732	0	1430	0	0	0	5464	0	0	0	5364	0	1214	0	0	0	6800	0	726	0	0	0	0	0	0	0	0	0	5626	0	0	0	1086	0	0	0	802	0	0	0	0	0	0	0	0	0	0	0	194	0	6342	0	220	0	0	0	0	0	7896	0	15976	0	8740	0	2714	0	3654	0	5402	0	0	0	0	0	0	0	0	0	2452	0	7352	0	0	0	2948	0	0	0	1088	0	0	0	0	0	0	0	0	0	0	0	0	0	0	0	0	0	0	0	0	0	0	0	0	0	0	0	
160472	Postcentral_R	0	16338	0	478	0	0	0	1512	0	0	0	3286	0	0	0	0	0	4096	174	3728	0	0	0	0	0	0	0	0	0	1618	0	0	0	1678	0	1092	0	204	0	0	0	0	0	246	0	836	0	320	0	1332	0	2682	0	0	0	0	0	0	0	9144	0	8212	0	6824	0	1052	0	3024	0	5708	164	0	0	548	0	0	266	192	0	170	0	738	0	0	0	3460	0	0	0	1114	0	0	0	0	0	0	0	0	0	0	0	0	0	0	0	0	0	0	0	0	0	0	0	0	0	0	
214292	Parietal_Sup_L	768	0	0	0	0	0	110	0	0	0	0	0	0	0	0	0	860	0	0	0	0	0	0	0	0	0	0	0	642	0	0	0	856	0	226	0	136	0	0	0	0	0	872	0	1162	0	144	0	5582	0	28054	0	820	0	194	0	7896	0	0	0	16160	0	5510	0	11726	0	18876	0	1000	0	0	0	0	0	0	0	0	0	0	0	414	0	0	0	4168	0	0	0	970	0	0	0	0	0	0	0	0	0	0	0	0	0	0	0	0	0	0	0	0	0	0	0	0	0	0	0	
127248	Parietal_Sup_R	0	104	0	0	0	0	0	0	0	0	0	0	0	0	0	0	0	138	0	192	0	0	0	0	0	0	0	0	0	0	0	0	0	0	0	1220	0	0	0	0	0	0	0	386	0	1760	0	822	0	6264	0	5056	0	0	0	0	0	9144	0	0	0	11842	0	5376	0	7310	0	8806	0	1234	0	0	0	0	0	0	0	0	0	108	0	544	0	0	0	2110	0	0	0	1208	0	0	0	0	0	0	0	0	0	0	0	0	0	0	0	0	0	0	0	0	0	0	0	0	0	0	
200744	Parietal_Inf_L	6178	0	428	0	0	0	392	0	0	0	220	0	156	0	0	0	172	0	382	0	0	0	0	0	0	0	0	0	504	0	0	0	0	0	146	0	126	0	0	0	0	0	146	0	352	0	0	0	2124	0	13474	0	174	0	0	0	15976	0	16160	0	0	0	13900	0	16406	0	4338	0	510	0	0	0	0	0	0	0	0	0	104	0	956	0	0	0	6328	0	0	0	720	0	0	0	0	0	0	0	0	0	0	0	0	0	0	0	0	0	0	0	0	0	0	0	0	0	0	0	
128776	Parietal_Inf_R	0	562	0	0	0	0	0	0	0	0	0	0	0	0	0	0	0	300	0	0	0	0	0	0	0	0	0	0	0	0	0	0	0	0	0	0	0	0	0	0	0	0	0	0	0	238	0	0	0	636	0	1090	0	0	0	0	0	8212	0	11842	0	0	0	16228	0	15468	0	390	0	0	0	0	0	0	0	0	0	0	0	90	0	786	0	0	0	5940	0	0	0	2606	0	0	0	0	0	0	0	0	0	0	0	0	0	0	0	0	0	0	0	0	0	0	0	0	0	0	
145060	SupraMarginal_L	1322	0	168	0	0	0	1926	0	0	0	1846	0	692	0	0	0	2624	0	0	0	0	0	0	0	0	0	0	0	978	0	0	0	0	0	0	0	0	0	0	0	0	0	0	0	0	0	0	0	0	0	6766	0	0	0	0	0	8740	0	5510	0	13900	0	0	0	7118	0	916	0	102	0	0	0	0	0	0	0	0	0	90	0	9912	0	0	0	9098	0	0	0	822	0	0	0	0	0	0	0	0	0	0	0	0	0	0	0	0	0	0	0	0	0	0	0	0	0	0	0	
142660	SupraMarginal_R	0	1204	0	0	0	0	0	0	0	0	0	0	0	0	0	0	0	3112	0	374	0	0	0	0	0	0	0	0	0	0	0	0	0	112	0	0	0	0	0	0	0	0	0	0	0	328	0	0	0	1282	0	1756	0	0	0	0	0	6824	0	5376	0	16228	0	0	0	14276	0	676	0	0	0	0	0	0	0	0	0	0	0	130	0	7118	0	0	0	9190	0	0	0	3344	0	0	0	0	0	0	0	0	0	0	0	0	0	0	0	0	0	0	0	0	0	0	0	0	0	0	
164796	Angular_L	846	0	0	0	0	0	100	0	0	0	0	0	0	0	0	0	358	0	0	0	0	0	0	0	0	0	0	0	1172	0	0	0	232	0	204	0	98	0	0	0	0	0	230	0	272	0	0	0	232	0	21496	0	362	0	96	0	2714	0	11726	0	16406	0	7118	0	0	0	3248	0	810	0	0	0	0	0	0	0	0	0	168	0	1970	0	0	0	11750	0	0	0	790	0	0	0	0	0	0	0	0	0	0	0	0	0	0	0	0	0	0	0	0	0	0	0	0	0	0	0	
139248	Angular_R	0	118	0	0	0	0	0	0	0	0	0	0	0	0	0	0	0	204	0	0	0	0	0	0	0	0	0	0	0	0	0	0	0	0	0	0	0	0	0	0	0	0	0	0	0	288	0	138	0	3324	0	10136	0	0	0	112	0	1052	0	7310	0	15468	0	14276	0	0	0	424	0	0	0	0	0	0	0	0	0	0	0	174	0	3246	0	0	0	10548	0	0	0	2806	0	0	0	0	0	0	0	0	0	0	0	0	0	0	0	0	0	0	0	0	0	0	0	0	0	0	
262952	Precuneus_L	724	0	0	0	0	0	160	0	0	0	0	0	0	0	0	0	556	0	90	194	0	0	0	0	0	0	0	0	454	0	0	0	5572	814	6938	1966	3366	488	1604	226	0	0	11666	808	10294	1560	3688	94	11116	846	19046	188	1840	0	346	0	3654	0	18876	0	4338	0	916	0	3248	0	0	5106	3728	218	0	0	0	0	0	0	0	192	184	0	566	0	0	0	2780	0	0	0	1536	0	0	0	0	0	0	0	0	0	0	0	0	0	0	0	0	0	0	0	0	0	1490	0	0	0	0	0	
281452	Precuneus_R	0	136	0	0	0	0	0	0	0	0	0	0	0	0	0	0	0	0	0	2720	0	0	0	0	0	0	0	0	0	0	0	0	674	5742	1546	14016	478	3060	176	2130	0	0	96	11172	1694	18128	0	9398	148	18378	0	9934	0	148	0	2350	0	3024	0	8806	0	390	0	676	0	424	5106	0	0	8610	0	0	0	0	0	0	0	466	0	224	0	336	0	0	0	5784	0	0	0	1540	0	0	0	0	0	0	0	246	0	0	0	0	0	0	0	0	0	0	0	0	2970	0	0	0	0	0	
163204	Paracentral_Lobule_L	9086	1458	2216	0	0	0	1172	0	0	0	0	0	0	0	0	0	830	0	5744	4158	0	0	0	0	0	0	0	0	1856	0	0	0	7546	2904	4256	764	1888	470	140	0	0	0	254	0	1302	0	0	0	916	0	4282	0	758	0	110	0	5402	0	1000	0	510	0	102	0	810	0	3728	0	0	3116	328	0	2482	0	1124	0	2748	264	462	0	2028	0	0	0	3680	0	0	0	1708	0	0	0	0	0	0	0	0	0	0	0	0	0	0	0	0	0	0	0	0	0	0	0	0	0	0	0	
201984	Paracentral_Lobule_R	528	5452	0	96	0	0	0	124	0	0	0	172	0	0	0	0	0	112	2606	28140	0	0	0	0	0	0	0	0	0	174	0	0	1600	21174	1016	4640	0	444	0	0	0	0	0	1128	0	2248	0	720	0	2102	0	1876	0	0	0	0	0	5708	0	1234	0	0	0	0	0	0	218	8610	3116	0	378	1432	0	268	184	0	1140	1228	0	0	0	0	0	0	0	2420	0	0	0	580	0	0	0	0	0	0	0	0	0	0	0	0	0	0	0	0	0	0	0	0	124	0	0	0	0	0	
336288	Caudate_L	204	586	2264	8924	2672	1368	256	2698	434	216	4664	3170	6190	3234	6240	1714	1340	1052	4562	9216	6268	8080	314	514	182	1530	3490	3010	15478	6602	6576	4708	170	3212	0	0	754	314	124	0	0	0	0	0	0	0	0	0	0	0	0	0	0	0	200	0	0	164	0	0	0	0	0	0	0	0	0	0	328	378	0	12846	15500	3916	1264	0	8466	838	0	0	734	0	674	274	0	0	0	0	232	0	0	0	0	0	0	0	0	0	0	0	0	0	0	0	0	0	0	0	0	0	0	0	0	0	0	0	
354020	Caudate_R	0	494	542	12888	618	3566	0	716	146	530	158	5078	450	7592	908	5966	0	1074	2366	18236	2474	7312	748	5534	0	4410	686	4170	1176	12216	1662	13566	0	4148	0	0	138	0	0	0	0	112	0	0	0	0	0	0	0	0	0	0	0	0	0	0	0	0	0	0	0	0	0	0	0	0	0	0	0	1432	12846	0	4292	16714	96	840	456	20284	0	0	0	0	0	370	0	0	0	0	0	0	0	0	0	0	0	0	0	0	0	0	0	0	0	0	0	0	0	0	0	0	0	0	0	0	0	0	
395392	Putamen_L	6260	300	14510	1450	6372	464	4310	1064	1488	0	1518	244	7058	664	11680	428	734	100	16766	2500	2614	3256	492	0	128	562	1114	1076	27298	1236	4426	1012	0	582	610	738	16954	868	4380	160	1596	0	0	0	0	0	318	0	0	0	0	0	0	0	5892	0	0	0	0	0	0	0	0	0	0	0	0	0	2482	0	15500	4292	0	2338	6416	0	4270	892	336	0	1772	0	1052	0	390	0	0	0	4016	0	306	0	0	0	0	0	124	0	288	0	0	0	0	0	0	0	0	0	0	0	0	0	0	0	0	0	
343868	Putamen_R	0	870	402	22278	172	2560	0	4580	0	414	136	4544	670	2076	732	3328	0	3010	892	22494	436	1996	592	3726	0	3836	124	888	1348	30374	1184	8742	0	1500	0	0	130	10378	0	3086	0	2640	0	0	0	0	0	0	0	0	0	0	0	0	0	756	0	548	0	0	0	0	0	0	0	0	0	0	0	268	3916	16714	2338	0	0	1236	104	4772	0	176	0	824	0	144	0	0	0	0	0	0	0	0	0	0	0	0	0	0	0	0	0	0	0	0	0	0	0	0	0	0	0	0	0	0	0	0	
46312	Pallidum_L	1960	228	2350	0	0	0	472	120	0	0	0	0	0	0	0	0	0	0	4726	560	0	0	0	0	0	0	0	0	0	0	0	0	0	442	0	0	1376	0	118	0	0	0	0	0	0	0	0	0	0	0	0	0	0	0	0	0	0	0	0	0	0	0	0	0	0	0	0	0	1124	184	1264	96	6416	0	0	0	1720	0	0	0	0	0	0	0	0	0	0	0	0	0	0	0	0	0	0	0	0	0	0	0	0	0	0	0	0	0	0	0	0	0	0	0	0	0	0	0	
8512	Pallidum_R	0	0	0	0	0	0	0	0	0	0	0	0	0	0	0	0	0	0	0	1618	0	0	0	0	0	0	0	0	0	0	0	0	0	0	0	0	0	302	0	260	0	0	0	0	0	0	0	0	0	0	0	0	0	0	0	0	0	0	0	0	0	0	0	0	0	0	0	0	0	0	0	840	0	1236	0	0	0	0	0	0	0	0	0	0	0	0	0	0	0	0	0	0	0	0	0	0	0	0	0	0	0	0	0	0	0	0	0	0	0	0	0	0	0	0	0	0	
126092	Thalamus_L	5244	1578	1662	390	0	0	3780	212	0	0	130	0	0	0	0	0	290	0	2280	2074	0	0	0	0	0	0	0	0	2888	0	0	0	0	1514	2296	3042	7574	2566	1410	166	0	0	0	0	0	0	162	194	0	0	0	0	0	0	104	0	0	266	0	0	0	0	0	0	0	0	0	0	2748	1140	8466	456	4270	104	1720	0	0	3478	446	0	218	0	0	0	0	0	0	0	178	0	0	0	0	0	0	0	0	0	0	0	0	0	0	0	0	0	0	0	0	0	0	0	0	0	0	0	
131292	Thalamus_R	1350	1574	242	1502	0	0	998	762	0	0	0	278	228	208	220	122	0	392	284	5624	0	0	0	0	0	0	0	0	874	2278	0	0	0	216	1514	2442	2500	6438	500	1266	0	0	0	0	0	0	0	370	0	0	0	0	0	0	0	280	0	192	0	0	0	0	0	0	0	0	192	466	264	1228	838	20284	892	4772	0	0	3478	0	214	0	0	216	0	0	0	0	0	0	0	0	0	0	0	0	0	0	148	0	0	0	0	0	0	0	0	0	0	0	0	0	0	0	0	0	0	0	
121704	Heschl_L	8968	0	2654	0	0	0	5108	0	0	0	1454	0	430	0	0	0	2382	0	1016	0	0	0	0	0	0	0	0	0	14440	0	0	0	0	0	886	882	8828	774	218	152	0	0	0	0	0	0	0	0	0	0	146	0	0	0	506	0	2452	0	0	0	104	0	90	0	168	0	184	0	462	0	0	0	336	0	0	0	446	214	0	0	2696	0	0	0	2940	0	0	0	1822	0	0	0	0	0	0	0	0	0	0	0	0	0	0	0	0	0	0	0	0	0	94	0	0	0	0	0	
26136	Heschl_R	0	336	0	232	0	0	0	0	0	0	0	416	0	0	0	0	0	2666	0	400	0	0	0	0	0	0	0	0	0	1410	0	0	0	0	0	0	0	138	0	0	0	0	0	0	0	92	0	226	0	210	0	208	0	0	0	264	0	170	0	108	0	90	0	130	0	174	0	224	0	0	0	0	0	176	0	0	0	0	0	0	0	3952	0	0	0	744	0	0	0	702	0	0	0	0	0	0	0	0	0	0	0	0	0	0	0	0	0	0	0	0	0	0	0	0	0	0	
301236	Temporal_Sup_L	4384	0	5096	698	0	0	1902	0	0	0	6356	0	418	0	0	0	12352	0	5516	718	0	0	0	0	0	0	0	0	16672	0	0	90	310	232	110	0	3740	106	490	0	0	0	120	0	92	0	108	0	0	0	1380	0	176	0	1734	0	7352	0	414	0	956	0	9912	0	1970	0	566	0	2028	0	734	0	1772	0	0	0	218	0	2696	0	0	0	4608	0	35500	0	0	0	19092	0	0	0	0	0	0	0	0	0	0	0	0	0	0	0	0	0	0	0	0	0	0	0	0	0	0	0	
114828	Temporal_Sup_R	0	498	0	338	0	0	0	106	0	0	0	432	0	0	0	0	0	4956	0	660	0	0	0	0	0	0	0	0	0	4428	0	0	0	0	0	0	0	472	0	134	0	0	0	0	0	166	0	264	0	328	0	508	0	0	0	2548	0	738	0	544	0	786	0	7118	0	3246	0	336	0	0	0	0	0	824	0	0	0	216	0	3952	0	0	0	2526	0	13984	0	116	0	7190	0	0	0	0	0	0	0	0	0	0	0	0	0	0	0	0	0	0	0	0	0	0	0	0	0	0	
103960	Temporal_Pole_Sup_L	0	0	212	472	586	0	0	0	0	0	1346	0	286	0	2528	0	928	0	180	492	438	0	0	0	0	0	190	0	5440	0	0	200	0	490	0	0	1028	0	988	0	504	0	0	0	0	0	0	0	0	0	0	0	0	0	3148	0	0	0	0	0	0	0	0	0	0	0	0	0	0	0	674	0	1052	0	0	0	0	0	0	0	4608	0	0	0	12126	0	4118	0	9946	0	0	0	0	0	0	0	0	0	0	0	0	0	0	0	0	0	0	0	0	0	0	0	0	0	0	0	
57584	Temporal_Pole_Sup_R	0	0	0	1046	0	0	0	132	0	0	0	1166	0	0	0	96	0	1712	0	668	0	276	0	0	0	94	0	0	0	2930	0	0	0	0	0	0	0	260	0	592	0	958	0	0	0	0	0	0	0	0	0	0	0	0	0	5046	0	0	0	0	0	0	0	0	0	0	0	0	0	0	274	370	0	144	0	0	0	0	0	0	0	2526	0	0	0	3800	0	2202	0	4500	0	0	0	0	0	0	0	0	0	0	0	0	0	0	0	0	0	0	0	0	0	0	0	0	0	0	
371820	Temporal_Mid_L	1162	0	1192	0	0	0	530	0	0	0	440	0	0	0	0	0	3086	0	1396	0	0	0	0	0	0	0	0	0	8606	0	0	0	562	0	288	0	934	0	154	0	0	0	2260	0	1330	0	146	0	558	0	21022	0	4370	0	1396	0	2948	0	4168	0	6328	0	9098	0	11750	0	2780	0	3680	0	0	0	390	0	0	0	0	0	2940	0	35500	0	12126	0	0	0	3594	0	41176	0	0	0	0	0	0	0	0	0	0	0	0	0	0	0	0	0	0	0	0	0	0	0	0	0	0	0	
247068	Temporal_Mid_R	0	3232	0	0	0	0	0	108	0	0	0	0	0	0	0	0	0	232	0	698	0	0	0	0	0	0	0	0	0	2032	0	0	0	878	0	1094	0	174	0	622	0	0	0	3614	0	1858	0	1894	0	3168	0	16220	0	434	0	4684	0	3460	0	2110	0	5940	0	9190	0	10548	0	5784	0	2420	0	0	0	0	0	0	0	0	0	744	0	13984	0	3800	0	0	0	936	0	23676	0	0	0	0	0	0	0	0	0	0	0	0	0	0	0	0	0	0	0	0	0	0	0	0	0	0	
26220	Temporal_Pole_Mid_L	0	0	0	0	0	0	0	0	0	0	0	0	0	0	0	0	0	0	0	0	0	0	0	0	0	0	0	0	0	0	0	0	0	0	0	0	0	0	518	0	0	0	0	0	0	0	0	0	0	0	0	0	0	0	1484	0	0	0	0	0	0	0	0	0	0	0	0	0	0	0	0	0	0	0	0	0	0	0	0	0	0	0	4118	0	3594	0	0	0	3396	0	0	0	0	0	0	0	0	0	0	0	0	0	0	0	0	0	0	0	0	0	0	0	0	0	0	0	
11232	Temporal_Pole_Mid_R	0	0	0	0	0	0	0	0	0	0	0	0	0	0	0	0	0	0	0	0	0	0	0	0	0	0	0	0	0	0	0	0	0	0	0	0	0	0	0	358	0	0	0	0	0	0	0	0	0	0	0	0	0	0	0	1064	0	0	0	0	0	0	0	0	0	0	0	0	0	0	0	0	0	0	0	0	0	0	0	0	0	116	0	2202	0	936	0	0	0	940	0	0	0	0	0	0	0	0	0	0	0	0	0	0	0	0	0	0	0	0	0	0	0	0	0	0	
315484	Temporal_Inf_L	0	0	1218	134	0	0	0	0	0	0	292	0	0	0	0	0	1366	0	3462	120	0	0	0	0	0	0	0	0	8572	0	0	0	154	0	238	0	10694	0	3408	0	296	0	1384	0	924	0	1940	0	0	0	5450	0	4684	0	14484	0	1088	0	970	0	720	0	822	0	790	0	1536	0	1708	0	232	0	4016	0	0	0	178	0	1822	0	19092	0	9946	0	41176	0	3396	0	0	0	5672	0	1832	0	0	0	516	0	2448	0	240	0	480	0	242	0	0	0	0	0	0	0	0	0	0	0	
174152	Temporal_Inf_R	0	1188	0	0	0	0	0	102	0	0	0	0	0	0	0	0	0	192	0	106	0	0	0	0	0	0	0	0	0	3764	0	0	0	102	0	516	0	4764	0	1498	0	754	0	1738	0	450	0	1310	0	1234	0	1890	0	1716	0	14464	0	1114	0	1208	0	2606	0	3344	0	2806	0	1540	0	580	0	0	0	0	0	0	0	0	0	702	0	7190	0	4500	0	23676	0	940	0	0	0	990	0	0	0	0	0	92	0	0	0	0	0	0	0	0	0	0	0	0	0	0	0	0	0	0	
480688	Cerebelum_Crus1_L	0	0	0	0	0	0	0	0	0	0	0	0	0	0	0	0	0	0	222	0	0	0	0	0	0	0	0	0	226	0	0	0	0	0	0	0	408	0	670	0	0	0	0	0	0	0	2332	3364	142	0	892	0	1500	0	20174	198	0	0	0	0	0	0	0	0	0	0	0	0	0	0	0	0	306	0	0	0	0	0	0	0	0	0	0	0	0	0	0	0	5672	0	0	6354	34808	2662	2198	0	23146	420	62374	5178	11970	326	17604	2604	6996	1504	1404	0	402	528	2804	9416	6830	3086	1504	120	
401692	Cerebelum_Crus1_R	0	0	0	0	0	0	0	0	0	0	0	0	0	0	0	0	0	0	0	0	0	0	0	0	0	0	0	0	0	0	0	0	0	0	0	0	0	0	0	274	0	0	0	0	0	0	572	2734	0	0	0	0	0	0	554	7538	0	0	0	0	0	0	0	0	0	0	0	0	0	0	0	0	0	0	0	0	0	0	0	0	0	0	0	0	0	0	0	0	0	990	6354	0	2378	31936	0	1492	1512	13402	5552	46960	898	7252	1014	26048	330	6998	0	656	0	130	4996	10526	11904	4306	3366	174	
309860	Cerebelum_Crus2_L	0	0	0	0	0	0	0	0	0	0	0	0	0	0	0	0	0	0	0	0	0	0	0	0	0	0	0	0	0	0	0	0	0	0	0	0	0	0	0	0	0	0	0	0	0	0	0	694	0	0	0	0	0	0	1440	0	0	0	0	0	0	0	0	0	0	0	0	0	0	0	0	0	0	0	0	0	0	0	0	0	0	0	0	0	0	0	0	0	1832	0	34808	2378	0	5502	0	0	528	0	6988	686	37298	3114	32170	3718	8280	1010	1268	0	0	0	0	1460	6994	3710	1052	0	
280216	Cerebelum_Crus2_R	0	0	0	0	0	0	0	0	0	0	0	0	0	0	0	0	0	0	0	0	0	0	0	0	0	0	0	0	0	0	0	0	0	0	0	0	0	0	0	0	0	0	0	0	0	0	0	0	0	0	0	0	0	0	0	530	0	0	0	0	0	0	0	0	0	0	0	0	0	0	0	0	0	0	0	0	0	0	0	0	0	0	0	0	0	0	0	0	0	0	2662	31936	5502	0	0	358	0	1398	754	7418	3260	24038	1970	35874	274	7276	0	288	0	0	0	1660	9654	3656	1600	0	
27120	Cerebelum_3_L	0	0	0	0	0	0	0	0	0	0	0	0	0	0	0	0	0	0	0	0	0	0	0	0	0	0	0	0	0	0	0	0	0	0	0	0	0	0	166	0	0	0	0	0	0	0	0	0	0	0	0	0	0	0	116	0	0	0	0	0	0	0	0	0	0	0	0	0	0	0	0	0	0	0	0	0	0	0	0	0	0	0	0	0	0	0	0	0	0	0	2198	0	0	0	0	0	5678	0	3446	0	0	0	0	0	94	164	0	0	612	706	380	0	0	0	0	0	
34040	Cerebelum_3_R	0	0	0	0	0	0	0	0	0	0	0	0	0	0	0	0	0	0	0	0	0	0	0	0	0	0	0	0	0	0	0	0	0	0	0	0	0	0	0	0	0	0	0	0	0	0	152	0	0	0	0	0	0	0	0	498	0	0	0	0	0	0	0	0	0	0	0	0	0	0	0	0	0	0	0	0	0	0	0	0	0	0	0	0	0	0	0	0	0	0	0	1492	0	358	0	0	138	5512	0	5604	0	0	0	254	0	126	0	0	550	2040	296	0	0	0	0	0	
243332	Cerebelum_4_5_L	0	0	0	0	0	0	0	0	0	0	0	0	0	0	0	0	0	0	0	0	0	0	0	0	0	0	0	0	0	0	0	0	0	0	0	0	520	0	1208	0	0	0	0	0	0	0	5154	4376	0	0	232	0	802	0	11062	482	0	0	0	0	0	0	0	0	0	0	0	0	0	0	0	0	124	0	0	0	0	148	0	0	0	0	0	0	0	0	0	0	516	0	23146	1512	528	0	5678	138	0	1934	35144	3204	980	0	980	0	4198	968	152	128	722	1282	12446	2580	0	200	566	556	
160280	Cerebelum_4_5_R	0	0	0	0	0	0	0	0	0	0	0	0	0	0	0	0	0	0	0	0	0	0	0	0	0	0	0	0	0	0	0	0	0	0	0	0	0	360	0	996	0	0	0	0	0	0	602	3742	0	0	0	0	0	0	182	6198	0	0	0	0	0	0	0	0	0	0	0	246	0	0	0	0	0	0	0	0	0	0	0	0	0	0	0	0	0	0	0	0	0	92	420	13402	0	1398	0	5512	1934	0	1348	27132	0	176	0	1246	222	1204	0	162	154	1508	9088	1210	284	360	662	300	
418464	Cerebelum_6_L	0	0	0	0	0	0	0	0	0	0	0	0	0	0	0	0	0	0	212	0	0	0	0	0	0	0	0	0	246	0	0	0	0	0	0	0	466	0	798	0	0	0	0	0	0	0	4528	7144	158	0	580	0	1596	0	21970	452	0	0	0	0	0	0	0	0	0	0	0	0	0	0	0	0	288	0	0	0	0	0	0	0	0	0	0	0	0	0	0	0	2448	0	62374	5552	6988	754	3446	0	35144	1348	0	7252	3366	0	5160	236	5894	1160	808	144	430	566	9582	13428	2144	1024	1244	302	
360528	Cerebelum_6_R	0	0	0	0	0	0	0	0	0	0	0	0	0	0	0	0	0	0	0	0	0	0	0	0	0	0	0	0	0	0	0	0	0	0	0	0	0	0	0	288	0	0	0	0	0	0	1388	5664	0	0	0	0	0	0	924	11214	0	0	0	0	0	0	0	0	0	0	0	0	0	0	0	0	0	0	0	0	0	0	0	0	0	0	0	0	0	0	0	0	0	0	5178	46960	686	7418	0	5604	3204	27132	7252	0	106	1500	102	9496	346	4964	0	816	500	1728	11856	12976	6358	3316	2918	370	
240248	Cerebelum_7b_L	0	0	0	0	0	0	0	0	0	0	0	0	0	0	0	0	0	0	0	0	0	0	0	0	0	0	0	0	0	0	0	0	0	0	0	0	0	0	0	0	0	0	0	0	0	0	0	574	0	0	0	0	0	0	0	0	0	0	0	0	0	0	0	0	0	0	0	0	0	0	0	0	0	0	0	0	0	0	0	0	0	0	0	0	0	0	0	0	240	0	11970	898	37298	3260	0	0	980	0	3366	106	0	2556	35834	3892	7622	802	728	0	0	0	818	262	3666	4456	796	0	
134224	Cerebelum_7b_R	0	0	0	0	0	0	0	0	0	0	0	0	0	0	0	0	0	0	0	0	0	0	0	0	0	0	0	0	0	0	0	0	0	0	0	0	0	0	0	0	0	0	0	0	0	0	0	0	0	0	0	0	0	0	0	0	0	0	0	0	0	0	0	0	0	0	0	0	0	0	0	0	0	0	0	0	0	0	0	0	0	0	0	0	0	0	0	0	0	0	326	7252	3114	24038	0	0	0	176	0	1500	2556	0	1262	21676	0	1792	0	0	0	0	0	0	1862	1558	0	0	
284804	Cerebelum_8_L	0	0	0	0	0	0	0	0	0	0	0	0	0	0	0	0	0	0	0	0	0	0	0	0	0	0	0	0	0	0	0	0	0	0	0	0	0	0	0	0	0	0	0	0	0	0	0	166	0	0	0	0	0	0	160	0	0	0	0	0	0	0	0	0	0	0	0	0	0	0	0	0	0	0	0	0	0	0	0	0	0	0	0	0	0	0	0	0	480	0	17604	1014	32170	1970	0	0	980	0	5160	102	35834	1262	0	4948	18838	3376	3262	182	0	0	252	220	3402	7398	3488	134	
289068	Cerebelum_8_R	0	0	0	0	0	0	0	0	0	0	0	0	0	0	0	0	0	0	0	0	0	0	0	0	0	0	0	0	0	0	0	0	0	0	0	0	0	0	0	104	0	0	0	0	0	0	0	0	0	0	0	0	0	0	0	820	0	0	0	0	0	0	0	0	0	0	0	0	0	0	0	0	0	0	0	0	0	0	0	0	0	0	0	0	0	0	0	0	0	0	2604	26048	3718	35874	0	254	0	1246	236	9496	3892	21676	4948	0	752	15336	100	364	0	0	0	526	6302	7086	3040	112	
149640	Cerebelum_9_L	0	0	0	0	0	0	0	0	0	0	0	0	0	0	0	0	0	0	0	0	0	0	0	0	0	0	0	0	0	0	0	0	0	0	0	0	0	0	0	0	0	0	0	0	0	0	0	1364	0	0	0	0	0	0	264	0	0	0	0	0	0	0	0	0	0	0	0	0	0	0	0	0	0	0	0	0	0	0	0	0	0	0	0	0	0	0	0	0	242	0	6996	330	8280	274	94	0	4198	222	5894	346	7622	0	18838	752	0	2534	4976	278	0	0	2590	1706	736	2516	3044	724	
174632	Cerebelum_9_R	0	0	0	0	0	0	0	0	0	0	0	0	0	0	0	0	0	0	0	0	0	0	0	0	0	0	0	0	0	0	0	0	0	0	0	0	0	0	0	0	0	0	0	0	0	0	166	1134	0	0	0	0	0	0	0	382	0	0	0	0	0	0	0	0	0	0	0	0	0	0	0	0	0	0	0	0	0	0	0	0	0	0	0	0	0	0	0	0	0	0	1504	6998	1010	7276	164	126	968	1204	1160	4964	802	1792	3376	15336	2534	0	154	2302	142	152	3364	5010	4500	8680	10256	1860	
26964	Cerebelum_10_L	0	0	0	0	0	0	0	0	0	0	0	0	0	0	0	0	0	0	0	0	0	0	0	0	0	0	0	0	0	0	0	0	0	0	0	0	0	0	0	0	0	0	0	0	0	0	0	0	0	0	0	0	0	0	0	0	0	0	0	0	0	0	0	0	0	0	0	0	0	0	0	0	0	0	0	0	0	0	0	0	0	0	0	0	0	0	0	0	0	0	1404	0	1268	0	0	0	152	0	808	0	728	0	3262	100	4976	154	0	0	0	0	0	248	0	206	176	0	
21776	Cerebelum_10_R	0	0	0	0	0	0	0	0	0	0	0	0	0	0	0	0	0	0	0	0	0	0	0	0	0	0	0	0	0	0	0	0	0	0	0	0	0	0	0	0	0	0	0	0	0	0	0	334	0	0	0	0	0	0	0	0	0	0	0	0	0	0	0	0	0	0	0	0	0	0	0	0	0	0	0	0	0	0	0	0	0	0	0	0	0	0	0	0	0	0	0	656	0	288	0	0	128	162	144	816	0	0	182	364	278	2302	0	0	0	0	700	1118	542	1318	1556	0	
13800	Vermis_1_2	0	0	0	0	0	0	0	0	0	0	0	0	0	0	0	0	0	0	0	0	0	0	0	0	0	0	0	0	0	0	0	0	0	0	0	0	0	0	0	0	0	0	0	0	0	0	0	0	0	0	0	0	0	0	0	0	0	0	0	0	0	0	0	0	0	0	0	0	0	0	0	0	0	0	0	0	0	0	0	0	0	0	0	0	0	0	0	0	0	0	402	0	0	0	612	550	722	154	430	500	0	0	0	0	0	142	0	0	0	2536	852	0	0	0	0	0	
26288	Vermis_3	0	0	0	0	0	0	0	0	0	0	0	0	0	0	0	0	0	0	0	0	0	0	0	0	0	0	0	0	0	0	0	0	0	0	0	0	0	0	0	0	0	0	0	0	0	0	188	0	0	0	0	0	0	0	0	176	0	0	0	0	0	0	0	0	0	0	0	0	0	0	0	0	0	0	0	0	0	0	0	0	0	0	0	0	0	0	0	0	0	0	528	130	0	0	706	2040	1282	1508	566	1728	0	0	0	0	0	152	0	0	2536	0	1604	0	0	0	0	0	
202352	Vermis_4_5	92	0	0	0	0	0	0	0	0	0	0	0	0	0	0	0	0	0	0	0	0	0	0	0	0	0	0	0	110	0	0	0	0	0	1548	2936	350	1080	232	146	0	0	1358	104	370	0	2538	8468	250	0	226	0	0	0	1078	2112	0	0	0	0	0	0	0	0	0	0	1490	2970	0	124	0	0	0	0	0	0	0	0	94	0	0	0	0	0	0	0	0	0	0	0	2804	4996	0	0	380	296	12446	9088	9582	11856	818	0	252	0	2590	3364	0	700	852	1604	0	6400	0	888	2576	2008	
192204	Vermis_6	0	0	0	0	0	0	0	0	0	0	0	0	0	0	0	0	0	0	0	0	0	0	0	0	0	0	0	0	0	0	0	0	0	0	0	0	0	0	0	0	0	0	0	0	0	0	1766	7522	0	0	0	0	0	0	1750	660	0	0	0	0	0	0	0	0	0	0	0	0	0	0	0	0	0	0	0	0	0	0	0	0	0	0	0	0	0	0	0	0	0	0	9416	10526	1460	1660	0	0	2580	1210	13428	12976	262	0	220	526	1706	5010	248	1118	0	0	6400	0	5328	3058	4998	2274	
167484	Vermis_7	0	0	0	0	0	0	0	0	0	0	0	0	0	0	0	0	0	0	0	0	0	0	0	0	0	0	0	0	0	0	0	0	0	0	0	0	0	0	0	0	0	0	0	0	0	0	104	1268	0	0	0	0	0	0	98	196	0	0	0	0	0	0	0	0	0	0	0	0	0	0	0	0	0	0	0	0	0	0	0	0	0	0	0	0	0	0	0	0	0	0	6830	11904	6994	9654	0	0	0	284	2144	6358	3666	1862	3402	6302	736	4500	0	542	0	0	0	5328	0	6800	4490	280	
147160	Vermis_8	0	0	0	0	0	0	0	0	0	0	0	0	0	0	0	0	0	0	0	0	0	0	0	0	0	0	0	0	0	0	0	0	0	0	0	0	0	0	0	0	0	0	0	0	0	0	0	610	0	0	0	0	0	0	0	116	0	0	0	0	0	0	0	0	0	0	0	0	0	0	0	0	0	0	0	0	0	0	0	0	0	0	0	0	0	0	0	0	0	0	3086	4306	3710	3656	0	0	200	360	1024	3316	4456	1558	7398	7086	2516	8680	206	1318	0	0	888	3058	6800	0	8726	506	
