data	data	553260	315692	906836	886620	191112	146484	426416	181612	71660	73696	242060	360256	285088	328572	142500	160508	235040	310576	602720	762420	140072	108484	340240	453240	38096	73620	81692	73384	691944	696968	336308	577636	157864	509256	191740	224544	406672	440996	111500	277068	65432	73528	255176	420356	233808	417424	369460	476680	189508	388404	552512	290728	224400	125124	476136	606984	363560	336632	131716	166300	202944	134732	127864	132696	144228	118264	381468	458912	280232	152720	420272	539012	339200	472488	28604	47380	152976	165460	115036	41568	190320	143480	71348	53384	357120	239572	26224	27332	329792	205132	545292	493156	383888	302216	24840	45672	287172	254648	552480	493164	276532	209820	287816	274048	139312	125656	18816	7964	16112	40492	212412	207436	324840	146256	89732	30116	
data	data	Precentral_L	Precentral_R	Frontal_Sup_L	Frontal_Sup_R	Frontal_Sup_Orb_L	Frontal_Sup_Orb_R	Frontal_Mid_L	Frontal_Mid_R	Frontal_Mid_Orb_L	Frontal_Mid_Orb_R	Frontal_Inf_Oper_L	Frontal_Inf_Oper_R	Frontal_Inf_Tri_L	Frontal_Inf_Tri_R	Frontal_Inf_Orb_L	Frontal_Inf_Orb_R	Rolandic_Oper_L	Rolandic_Oper_R	Supp_Motor_Area_L	Supp_Motor_Area_R	Olfactory_L	Olfactory_R	Frontal_Sup_Medial_L	Frontal_Sup_Medial_R	Frontal_Med_Orb_L	Frontal_Med_Orb_R	Rectus_L	Rectus_R	Insula_L	Insula_R	Cingulum_Ant_L	Cingulum_Ant_R	Cingulum_Mid_L	Cingulum_Mid_R	Cingulum_Post_L	Cingulum_Post_R	Hippocampus_L	Hippocampus_R	ParaHippocampal_L	ParaHippocampal_R	Amygdala_L	Amygdala_R	Calcarine_L	Calcarine_R	Cuneus_L	Cuneus_R	Lingual_L	Lingual_R	Occipital_Sup_L	Occipital_Sup_R	Occipital_Mid_L	Occipital_Mid_R	Occipital_Inf_L	Occipital_Inf_R	Fusiform_L	Fusiform_R	Postcentral_L	Postcentral_R	Parietal_Sup_L	Parietal_Sup_R	Parietal_Inf_L	Parietal_Inf_R	SupraMarginal_L	SupraMarginal_R	Angular_L	Angular_R	Precuneus_L	Precuneus_R	Paracentral_Lobule_L	Paracentral_Lobule_R	Caudate_L	Caudate_R	Putamen_L	Putamen_R	Pallidum_L	Pallidum_R	Thalamus_L	Thalamus_R	Heschl_L	Heschl_R	Temporal_Sup_L	Temporal_Sup_R	Temporal_Pole_Sup_L	Temporal_Pole_Sup_R	Temporal_Mid_L	Temporal_Mid_R	Temporal_Pole_Mid_L	Temporal_Pole_Mid_R	Temporal_Inf_L	Temporal_Inf_R	Cerebelum_Crus1_L	Cerebelum_Crus1_R	Cerebelum_Crus2_L	Cerebelum_Crus2_R	Cerebelum_3_L	Cerebelum_3_R	Cerebelum_4_5_L	Cerebelum_4_5_R	Cerebelum_6_L	Cerebelum_6_R	Cerebelum_7b_L	Cerebelum_7b_R	Cerebelum_8_L	Cerebelum_8_R	Cerebelum_9_L	Cerebelum_9_R	Cerebelum_10_L	Cerebelum_10_R	Vermis_1_2	Vermis_3	Vermis_4_5	Vermis_6	Vermis_7	Vermis_8	Vermis_9	Vermis_10	
553260	Precentral_L	0	6504	15360	7718	0	240	13344	138	0	0	10120	202	1334	154	0	78	7730	650	14834	15604	0	0	0	1094	0	0	0	0	12166	624	202	3136	588	7644	4186	3676	5394	2528	216	778	0	0	1776	78	2022	0	608	760	578	76	8038	0	948	516	1794	4308	36650	336	1252	0	6434	614	1874	640	372	0	2846	174	29698	5564	3920	3794	1784	3100	0	164	4834	986	4982	96	1448	0	0	0	3432	0	0	0	3714	178	0	0	0	0	0	0	0	0	0	0	0	0	0	0	0	0	0	0	0	0	0	0	0	0	0	0	
315692	Precentral_R	6504	0	1702	13010	0	0	800	6496	0	0	76	6764	0	1104	0	0	464	1320	1764	12474	0	0	0	132	0	0	0	0	1036	10674	106	142	0	700	210	412	506	7484	0	2664	0	0	0	1194	0	978	0	1078	0	1352	0	358	0	1370	110	11056	280	16972	0	870	236	2970	0	3024	0	364	0	1444	4868	2608	4152	1140	1728	2836	164	214	358	5200	0	588	0	2780	0	0	0	3702	0	0	138	7170	0	0	0	0	0	0	0	0	0	0	0	0	0	0	0	0	0	0	0	0	0	0	0	0	0	0	
906836	Frontal_Sup_L	15360	1702	0	16528	12076	0	60268	1182	2214	182	15240	3720	24148	2886	6336	470	9318	6514	68772	22818	126	0	37850	7066	1238	0	172	0	30476	7664	14890	7252	8146	12492	146	100	4740	940	250	326	0	0	0	0	0	0	0	0	0	0	0	0	0	0	344	362	4190	788	0	0	156	418	410	550	0	0	72	0	3640	174	3394	3386	13802	1852	2922	686	9306	380	530	468	1220	140	192	0	0	0	0	0	358	70	0	0	0	0	0	0	0	0	0	0	0	0	0	0	0	0	0	0	0	0	0	0	0	0	0	0	
886620	Frontal_Sup_R	7718	13010	16528	0	0	4774	7544	24012	0	1566	870	17096	342	14922	0	4784	522	18128	13690	60178	78	0	11816	43228	0	2526	0	0	1610	21180	6208	39636	2644	19270	202	242	1320	4616	0	2142	0	0	0	150	0	100	0	134	0	150	0	0	0	108	0	1750	670	1310	0	128	542	850	164	840	0	74	0	130	2218	414	6118	29410	2392	15668	84	934	1238	12190	148	336	134	1390	0	0	0	792	0	0	0	342	0	0	0	0	0	0	0	0	0	0	0	0	0	0	0	0	0	0	0	0	0	0	0	0	0	0	
191112	Frontal_Sup_Orb_L	0	0	12076	0	0	340	4050	0	10242	0	220	0	9378	0	14770	0	0	0	0	0	4960	1250	3238	0	3142	0	7304	640	12488	0	1086	0	0	0	0	0	966	0	70	0	648	0	0	0	0	0	0	0	0	0	0	0	0	0	0	0	0	0	0	0	0	0	0	0	0	0	0	0	0	0	2162	486	5896	0	0	0	0	0	0	0	0	0	144	0	0	0	0	0	0	0	0	0	0	0	0	0	0	0	0	0	0	0	0	0	0	0	0	0	0	0	0	0	0	0	0	0	
146484	Frontal_Sup_Orb_R	240	0	0	4774	340	0	232	2476	0	5972	0	0	0	766	98	7730	0	0	0	524	1772	3058	296	3590	114	8416	900	8606	94	1322	264	4234	0	0	0	0	118	0	0	0	130	0	0	0	0	0	0	0	0	0	0	0	0	0	0	0	0	0	0	0	0	0	0	0	0	0	0	0	0	0	2080	7734	544	6706	0	0	0	112	0	0	0	0	0	0	0	0	0	0	0	0	0	0	0	0	0	0	0	0	0	0	0	0	0	0	0	0	0	0	0	0	0	0	0	0	0	0	
426416	Frontal_Mid_L	13344	800	60268	7544	4050	232	0	298	2162	0	6934	1180	29666	876	3416	154	150	1584	9898	3750	0	0	10876	5012	0	0	0	0	5620	2354	3604	6506	2744	3414	352	540	3022	446	164	190	0	0	0	0	0	0	0	0	0	0	0	0	0	0	140	180	574	242	0	0	254	272	124	368	0	0	0	0	108	0	3476	5014	3458	4208	100	300	2278	448	156	140	0	70	0	0	0	0	0	0	148	0	0	0	0	0	0	0	0	0	0	0	0	0	0	0	0	0	0	0	0	0	0	0	0	0	0	0	
181612	Frontal_Mid_R	138	6496	1182	24012	0	2476	298	0	0	1654	0	7924	0	11704	0	2870	0	970	1194	5268	0	0	1352	3520	0	0	0	0	128	3160	1506	4574	188	2322	0	0	140	1140	0	346	0	0	0	0	0	0	0	0	0	0	0	0	0	0	0	386	0	808	0	0	0	356	0	422	0	0	0	0	0	0	558	712	402	1870	0	162	0	484	0	0	0	0	0	0	0	0	0	0	0	84	0	0	0	0	0	0	0	0	0	0	0	0	0	0	0	0	0	0	0	0	0	0	0	0	0	0	
71660	Frontal_Mid_Orb_L	0	0	2214	0	10242	0	2162	0	0	0	0	0	3216	0	9926	0	0	0	0	0	1386	92	0	0	0	0	2542	0	2910	0	0	0	0	0	0	0	218	0	0	0	156	0	0	0	0	0	0	0	0	0	0	0	0	0	0	0	0	0	0	0	0	0	0	0	0	0	0	0	0	0	248	0	430	0	0	0	0	0	0	0	0	0	88	0	0	0	0	0	0	0	0	0	0	0	0	0	0	0	0	0	0	0	0	0	0	0	0	0	0	0	0	0	0	0	0	0	
73696	Frontal_Mid_Orb_R	0	0	182	1566	0	5972	0	1654	0	0	0	86	0	1224	0	13522	0	0	146	666	206	442	0	214	0	0	0	928	0	4248	0	278	0	400	0	0	0	78	0	0	0	0	0	0	0	0	0	0	0	0	0	0	0	0	0	0	0	0	0	0	0	0	0	0	0	0	0	0	0	0	206	1468	70	3218	0	74	0	0	0	0	0	0	0	0	0	0	0	0	0	0	0	0	0	0	0	0	0	0	0	0	0	0	0	0	0	0	0	0	0	0	0	0	0	0	0	0	
242060	Frontal_Inf_Oper_L	10120	76	15240	870	220	0	6934	0	0	0	0	2656	12690	1826	94	72	6280	1066	11512	1408	0	0	386	458	0	0	0	0	18188	2980	3222	592	0	914	186	0	3344	404	110	196	0	0	0	0	0	0	576	0	0	0	0	0	190	0	1210	0	5042	0	0	0	0	92	0	114	0	0	156	0	0	0	1652	1030	2450	588	0	142	944	0	1324	0	1658	0	392	0	230	0	0	0	1196	0	0	0	0	0	0	0	0	0	0	0	0	0	0	0	0	0	0	0	0	0	0	0	0	0	0	0	
360256	Frontal_Inf_Oper_R	202	6764	3720	17096	0	0	1180	7924	0	86	2656	0	1634	22172	0	226	172	12396	3074	12864	0	0	1350	5118	0	0	0	0	2982	31374	2742	4930	100	3860	0	0	756	3986	0	1610	0	0	0	0	0	0	0	0	0	0	0	0	0	0	0	1448	0	5110	0	0	0	160	0	318	0	0	0	0	0	0	4826	5680	1806	6778	0	1788	368	276	0	0	0	76	0	0	0	0	0	0	0	520	0	0	0	0	0	0	0	0	0	0	0	0	0	0	0	0	0	0	0	0	0	0	0	0	0	0	
285088	Frontal_Inf_Tri_L	1334	0	24148	342	9378	0	29666	0	3216	0	12690	1634	0	856	11774	0	476	842	3566	836	72	0	4222	282	166	0	72	0	23810	1832	6626	270	0	506	0	0	218	248	0	112	0	0	0	0	0	0	0	0	0	0	0	0	0	0	0	0	750	0	0	0	0	0	0	0	0	0	0	0	0	0	632	348	970	344	0	90	0	0	138	0	0	0	78	0	0	0	0	0	0	0	0	0	0	0	0	0	0	0	0	0	0	0	0	0	0	0	0	0	0	0	0	0	0	0	0	0	
328572	Frontal_Inf_Tri_R	154	1104	2886	14922	0	766	876	11704	0	1224	1826	22172	856	0	0	9100	114	868	2638	7644	0	0	1662	10180	0	90	0	0	1730	28202	3706	13672	136	4414	0	0	388	214	0	82	0	0	0	0	0	0	0	0	0	0	0	0	0	0	0	92	0	806	0	0	0	0	0	0	0	0	0	0	0	0	4340	10302	1988	1528	0	90	218	1592	0	0	0	0	0	0	0	0	0	0	0	0	0	0	0	0	0	0	0	0	0	0	0	0	0	0	0	0	0	0	0	0	0	0	0	0	0	0	
142500	Frontal_Inf_Orb_L	0	0	6336	0	14770	98	3416	0	9926	0	94	0	11774	0	0	0	0	0	0	0	3172	626	934	0	180	0	2886	240	10714	0	266	0	0	0	0	0	822	0	0	0	634	0	0	0	0	0	0	0	0	0	0	0	0	0	0	0	0	0	0	0	0	0	0	0	0	0	0	0	0	0	1122	360	2036	0	0	0	0	0	0	0	206	0	638	0	0	0	0	0	0	0	0	0	0	0	0	0	0	0	0	0	0	0	0	0	0	0	0	0	0	0	0	0	0	0	0	0	
160508	Frontal_Inf_Orb_R	78	0	470	4784	0	7730	154	2870	0	13522	72	226	0	9100	0	0	0	0	406	2398	256	1070	126	1034	0	0	122	1812	152	13314	302	1232	0	906	0	0	0	192	0	98	0	194	0	0	0	0	0	0	0	0	0	0	0	0	0	0	0	0	0	0	0	0	0	0	0	0	0	0	0	0	668	7004	316	7138	0	118	0	1594	0	0	0	352	0	444	0	0	0	0	0	0	0	0	0	0	0	0	0	0	0	0	0	0	0	0	0	0	0	0	0	0	0	0	0	0	0	0	
235040	Rolandic_Oper_L	7730	464	9318	522	0	0	150	0	0	0	6280	172	476	114	0	0	0	988	9978	926	0	0	0	0	0	0	0	0	20896	426	332	148	0	340	360	0	1428	74	0	0	0	0	152	0	228	0	136	0	0	0	1894	0	558	0	706	0	12274	636	1070	0	2116	258	3842	400	222	0	854	0	648	0	3472	548	450	182	0	0	516	262	4944	112	9574	84	366	0	7278	0	0	0	2616	0	0	0	0	0	0	0	0	0	0	0	0	0	0	0	0	0	0	0	0	0	0	0	0	0	0	0	
310576	Rolandic_Oper_R	650	1320	6514	18128	0	0	1584	970	0	0	1066	12396	842	868	0	0	988	0	5866	17142	0	0	400	4188	0	0	0	0	2316	27960	1224	452	146	4572	0	0	532	3002	0	1146	0	0	0	254	0	90	0	254	0	90	0	0	0	172	0	2050	164	4224	0	88	560	0	142	2444	0	0	0	78	0	150	5616	5436	2640	5048	88	1174	252	958	0	2878	0	4748	0	138	0	312	0	0	0	968	0	0	0	0	0	0	0	0	0	0	0	0	0	0	0	0	0	0	0	0	0	0	0	0	0	0	
602720	Supp_Motor_Area_L	14834	1764	68772	13690	0	0	9898	1194	0	146	11512	3074	3566	2638	0	406	9978	5866	0	36274	0	0	8066	6440	70	0	0	0	15652	5994	5188	3264	6856	17940	180	160	2792	518	0	188	0	0	88	98	98	0	0	0	0	0	0	0	0	0	268	218	3740	440	0	0	74	170	0	182	0	0	284	222	13490	1552	4142	2444	8512	1406	1632	180	3162	176	338	206	790	76	126	0	0	0	0	0	326	0	0	0	0	0	0	0	0	0	0	0	0	0	0	0	0	0	0	0	0	0	0	0	0	0	0	0	
762420	Supp_Motor_Area_R	15604	12474	22818	60178	0	524	3750	5268	0	666	1408	12864	836	7644	0	2398	926	17142	36274	0	0	0	4214	15950	0	0	0	0	1996	18148	2212	9968	3632	41512	1018	1296	756	2122	0	824	0	0	0	1080	0	484	0	644	0	450	0	254	0	562	0	2802	562	1274	0	138	154	76	74	140	0	142	190	1878	18224	13138	2480	15676	1812	5722	204	750	856	2648	0	506	124	1750	0	0	0	1338	0	0	0	656	0	0	0	0	0	0	0	0	0	0	0	0	0	0	0	0	0	0	0	0	0	0	0	0	0	0	
140072	Olfactory_L	0	0	126	78	4960	1772	0	0	1386	206	0	0	72	0	3172	256	0	0	0	0	0	8734	0	128	1068	558	6630	2596	5004	146	4292	3738	0	0	0	0	2208	0	732	0	2072	96	0	0	0	0	0	0	0	0	0	0	0	0	180	0	0	0	0	0	0	0	0	0	0	0	0	0	0	0	10512	5068	3374	754	0	0	0	0	0	0	0	0	118	0	0	0	0	0	0	0	0	0	0	0	0	0	0	0	0	0	0	0	0	0	0	0	0	0	0	0	0	0	0	0	0	0	
108484	Olfactory_R	0	0	0	0	1250	3058	0	0	92	442	0	0	0	0	626	1070	0	0	0	0	8734	0	0	0	348	1202	3658	5050	116	2042	2854	3062	0	0	0	0	102	106	0	420	220	836	0	0	0	0	0	0	0	0	0	0	0	0	0	0	0	0	0	0	0	0	0	0	0	0	0	0	0	0	9044	6332	2442	1022	0	0	0	0	0	0	0	0	0	114	0	0	0	0	0	0	0	0	0	0	0	0	0	0	0	0	0	0	0	0	0	0	0	0	0	0	0	0	0	0	0	0	
340240	Frontal_Sup_Medial_L	0	0	37850	11816	3238	296	10876	1352	0	0	386	1350	4222	1662	934	126	0	400	8066	4214	0	0	0	19952	1504	478	0	0	7348	1546	16088	14136	7250	10598	110	0	96	104	0	0	0	0	0	0	0	0	0	0	0	0	0	0	0	0	0	0	0	0	0	0	0	0	0	0	0	0	0	0	0	0	392	568	2740	422	0	0	0	0	0	0	0	0	0	0	0	0	0	0	0	0	0	0	0	0	0	0	0	0	0	0	0	0	0	0	0	0	0	0	0	0	0	0	0	0	0	0	
453240	Frontal_Sup_Medial_R	1094	132	7066	43228	0	3590	5012	3520	0	214	458	5118	282	10180	0	1034	0	4188	6440	15950	128	0	19952	0	190	4396	0	0	414	9870	6076	33374	1734	18740	134	194	558	604	0	284	0	0	0	0	0	0	0	0	0	0	0	0	0	0	0	326	0	122	0	0	0	0	0	0	0	0	0	0	0	0	2152	9960	628	8094	0	158	232	702	0	0	0	0	0	0	0	0	0	0	0	92	0	0	0	0	0	0	0	0	0	0	0	0	0	0	0	0	0	0	0	0	0	0	0	0	0	0	
38096	Frontal_Med_Orb_L	0	0	1238	0	3142	114	0	0	0	0	0	0	166	0	180	0	0	0	70	0	1068	348	1504	190	0	238	2060	86	646	0	3750	328	0	0	0	0	0	0	0	0	0	0	0	0	0	0	0	0	0	0	0	0	0	0	0	0	0	0	0	0	0	0	0	0	0	0	0	0	0	0	1046	176	2698	0	0	0	0	0	0	0	0	0	0	0	0	0	0	0	0	0	0	0	0	0	0	0	0	0	0	0	0	0	0	0	0	0	0	0	0	0	0	0	0	0	0	0	
73620	Frontal_Med_Orb_R	0	0	0	2526	0	8416	0	0	0	0	0	0	0	90	0	0	0	0	0	0	558	1202	478	4396	238	0	178	4892	0	106	924	4786	0	0	0	0	0	0	0	0	0	0	0	0	0	0	0	0	0	0	0	0	0	0	0	0	0	0	0	0	0	0	0	0	0	0	0	0	0	0	494	4348	198	2980	0	0	0	0	0	0	0	0	0	0	0	0	0	0	0	0	0	0	0	0	0	0	0	0	0	0	0	0	0	0	0	0	0	0	0	0	0	0	0	0	0	0	
81692	Rectus_L	0	0	172	0	7304	900	0	0	2542	0	0	0	72	0	2886	122	0	0	0	0	6630	3658	0	0	2060	178	0	1438	2100	0	1800	1384	0	0	0	0	660	0	0	0	550	0	0	0	0	0	0	0	0	0	0	0	0	0	0	0	0	0	0	0	0	0	0	0	0	0	0	0	0	0	4356	980	946	108	0	0	0	0	0	0	0	0	0	0	0	0	0	0	0	0	0	0	0	0	0	0	0	0	0	0	0	0	0	0	0	0	0	0	0	0	0	0	0	0	0	0	
73384	Rectus_R	0	0	0	0	640	8606	0	0	0	928	0	0	0	0	240	1812	0	0	0	0	2596	5050	0	0	86	4892	1438	0	84	706	408	2144	0	0	0	0	78	0	0	0	164	0	0	0	0	0	0	0	0	0	0	0	0	0	0	0	0	0	0	0	0	0	0	0	0	0	0	0	0	0	2422	2834	552	1012	0	0	0	0	0	0	0	0	0	0	0	0	0	0	0	0	0	0	0	0	0	0	0	0	0	0	0	0	0	0	0	0	0	0	0	0	0	0	0	0	0	0	
691944	Insula_L	12166	1036	30476	1610	12488	94	5620	128	2910	0	18188	2982	23810	1730	10714	152	20896	2316	15652	1996	5004	116	7348	414	646	0	2100	84	0	3366	10122	1488	0	506	2272	684	25806	788	1002	396	4210	0	290	0	380	0	2804	0	112	0	1830	0	1410	0	8508	110	10056	860	936	0	1380	74	1908	310	0	0	1826	0	392	0	9326	2450	18268	1042	0	178	5710	442	12440	122	10772	126	2654	0	5648	0	0	0	11802	0	166	0	0	0	0	0	136	0	188	0	0	0	0	0	0	0	0	0	0	0	0	0	0	0	0	0	
696968	Insula_R	624	10674	7664	21180	0	1322	2354	3160	0	4248	2980	31374	1832	28202	0	13314	426	27960	5994	18148	146	2042	1546	9870	0	106	0	706	3366	0	4352	11156	238	6510	180	254	816	15008	0	5440	0	2636	0	1172	0	136	0	1136	0	114	0	0	0	1396	0	14976	130	1842	0	0	270	0	0	0	0	0	0	232	0	176	8160	12128	3550	21024	86	1890	440	1462	0	4978	0	7946	0	862	0	4890	0	0	0	13660	0	0	0	0	0	0	0	0	0	0	0	0	0	0	0	0	0	0	0	0	0	0	0	0	0	0	
336308	Cingulum_Ant_L	202	106	14890	6208	1086	264	3604	1506	0	0	3222	2742	6626	3706	266	302	332	1224	5188	2212	4292	2854	16088	6076	3750	924	1800	408	10122	4352	0	23256	4380	5414	0	124	776	542	84	278	0	0	0	0	0	0	0	0	0	0	0	0	0	0	82	160	0	92	0	0	0	0	0	0	0	0	0	0	0	0	8620	5990	10744	2906	0	172	110	0	0	0	72	0	0	0	0	0	0	0	0	0	0	0	0	0	0	0	0	0	0	0	0	0	0	0	0	0	0	0	0	0	0	0	0	0	0	0	
577636	Cingulum_Ant_R	3136	142	7252	39636	0	4234	6506	4574	0	278	592	4930	270	13672	0	1232	148	452	3264	9968	3738	3062	14136	33374	328	4786	1384	2144	1488	11156	23256	0	3776	21794	262	578	968	522	0	304	0	0	0	0	0	0	0	0	0	0	0	0	0	0	0	138	122	106	0	0	0	0	0	0	0	0	0	0	0	0	10330	27798	4082	16396	0	264	502	1624	114	0	0	0	0	0	0	0	0	0	0	0	0	0	0	0	0	0	0	0	0	0	0	0	0	0	0	0	0	0	0	0	0	0	0	0	0	0	
157864	Cingulum_Mid_L	588	0	8146	2644	0	0	2744	188	0	0	0	100	0	136	0	0	0	146	6856	3632	0	0	7250	1734	0	0	0	0	0	238	4380	3776	0	11626	3672	1822	0	0	0	0	0	0	754	0	652	314	268	0	2846	144	2126	220	0	0	264	0	264	0	0	0	0	0	0	0	202	0	5434	662	4172	154	0	78	0	120	0	0	0	0	0	0	0	0	0	0	292	218	0	0	70	0	0	0	0	0	0	0	0	0	0	0	0	0	0	0	0	0	0	0	0	0	0	0	0	0	0	0	
509256	Cingulum_Mid_R	7644	700	12492	19270	0	0	3414	2322	0	400	914	3860	506	4414	0	906	340	4572	17940	41512	0	0	10598	18740	0	0	0	0	506	6510	5414	21794	11626	0	2204	7030	126	762	0	340	0	0	0	2812	0	2796	0	824	0	1350	0	1224	0	116	0	614	174	1582	0	0	0	0	0	0	0	0	2168	7870	12302	9318	456	1382	194	1566	0	112	0	0	0	0	0	0	0	0	0	796	0	0	0	116	0	0	0	0	0	0	0	0	0	0	0	0	0	0	0	0	0	0	0	0	0	0	0	0	0	0	
191740	Cingulum_Post_L	4186	210	146	202	0	0	352	0	0	0	186	0	0	0	0	0	360	0	180	1018	0	0	110	134	0	0	0	0	2272	180	0	262	3672	2204	0	17000	6718	4846	3130	1930	0	0	3208	618	1676	112	1970	1922	0	100	248	0	1448	858	2526	6838	1290	126	0	0	0	0	0	0	0	0	9354	2848	4456	1302	160	194	0	184	0	0	116	572	1578	0	82	0	0	0	420	0	0	0	1816	550	0	0	0	0	0	0	0	0	0	0	0	0	0	0	0	0	0	0	0	0	0	0	0	0	0	0	
224544	Cingulum_Post_R	3676	412	100	242	0	0	540	0	0	0	0	0	0	0	0	0	0	0	160	1296	0	0	0	194	0	0	0	0	684	254	124	578	1822	7030	17000	0	5082	6942	2292	3288	0	0	120	5952	360	2246	418	6774	0	2488	0	410	200	1536	326	8812	740	3430	0	1256	0	328	0	0	0	620	3686	14204	670	1412	206	240	0	228	0	0	260	986	372	0	0	78	0	0	0	270	0	0	362	728	0	0	0	0	0	0	0	158	0	0	0	0	0	0	0	0	0	0	0	0	680	0	0	0	0	0	
406672	Hippocampus_L	5394	506	4740	1320	966	118	3022	140	218	0	3344	756	218	388	822	0	1428	532	2792	756	2208	102	96	558	0	0	660	78	25806	816	776	968	0	126	6718	5082	0	4954	15936	2938	11476	0	2252	0	0	0	7242	132	0	0	952	0	3456	0	21270	352	2872	248	0	0	0	0	0	112	0	0	3264	782	318	0	4784	1146	13058	1064	352	92	9278	1790	3226	0	1722	0	1728	0	492	0	0	0	11890	0	1162	0	0	0	114	0	452	0	904	0	0	0	72	0	0	0	0	0	0	0	0	0	0	0	0	0	
440996	Hippocampus_R	2528	7484	940	4616	0	0	446	1140	0	78	404	3986	248	214	0	192	74	3002	518	2122	0	106	104	604	0	0	0	0	788	15008	542	522	0	762	4846	6942	4954	0	1904	38010	0	11572	70	1018	0	0	564	3444	0	0	0	0	106	74	236	41460	532	1178	0	0	196	194	0	190	0	0	594	3582	456	144	588	1050	132	24172	0	3572	1212	8594	278	436	0	456	0	1050	0	272	0	136	196	7342	0	270	0	0	0	0	0	1238	0	308	0	0	0	0	0	0	0	0	0	0	502	0	0	0	0	0	
111500	ParaHippocampal_L	216	0	250	0	70	0	164	0	0	0	110	0	0	0	0	0	0	0	0	0	732	0	0	0	0	0	0	0	1002	0	84	0	0	0	3130	2292	15936	1904	0	898	3208	0	874	0	0	0	5168	128	0	0	470	0	1290	0	8218	156	0	0	0	0	0	0	0	0	0	0	1596	338	0	0	238	0	1376	0	0	0	618	272	140	0	0	0	832	0	144	0	564	0	1580	0	288	0	0	0	286	0	606	0	572	0	0	0	0	0	0	0	0	0	0	0	0	0	0	0	0	0	
277068	ParaHippocampal_R	778	2664	326	2142	0	0	190	346	0	0	196	1610	112	82	0	98	0	1146	188	824	0	420	0	284	0	0	0	0	396	5440	278	304	0	340	1930	3288	2938	38010	898	0	0	8976	0	1650	0	0	378	3980	0	0	0	0	82	0	162	25176	222	326	0	0	78	0	0	0	0	0	316	3574	112	0	248	500	0	13042	0	1646	962	5782	148	170	0	0	0	1524	0	0	0	780	74	648	0	224	0	0	0	88	0	1708	0	240	0	0	0	0	0	0	0	0	0	86	404	0	0	0	0	0	
65432	Amygdala_L	0	0	0	0	648	130	0	0	156	0	0	0	0	0	634	0	0	0	0	0	2072	220	0	0	0	0	550	164	4210	0	0	0	0	0	0	0	11476	0	3208	0	0	0	0	0	0	0	0	0	0	0	0	0	0	0	4956	0	0	0	0	0	0	0	0	0	0	0	0	0	0	0	512	88	1416	0	0	0	0	0	0	0	0	0	1170	0	0	0	0	0	1106	0	0	0	0	0	0	0	0	0	0	0	0	0	0	0	0	0	0	0	0	0	0	0	0	0	0	0	
73528	Amygdala_R	0	0	0	0	0	0	0	0	0	0	0	0	0	0	0	194	0	0	0	0	96	836	0	0	0	0	0	0	0	2636	0	0	0	0	0	0	0	11572	0	8976	0	0	0	0	0	0	0	0	0	0	0	0	0	0	0	5698	0	0	0	0	0	0	0	0	0	0	0	0	0	0	98	190	0	3244	0	0	0	0	0	0	0	0	0	2298	0	0	0	376	0	224	0	0	0	0	0	0	0	326	0	0	0	0	0	0	0	0	0	0	0	0	0	0	0	0	0	0	
255176	Calcarine_L	1776	0	0	0	0	0	0	0	0	0	0	0	0	0	0	0	152	0	88	0	0	0	0	0	0	0	0	0	290	0	0	0	754	0	3208	120	2252	70	874	0	0	0	0	6522	19464	4378	14752	1660	8120	816	23054	162	6356	0	2950	0	2260	0	422	0	258	0	118	0	1496	0	17588	496	2202	0	0	0	0	0	0	0	92	0	88	0	224	0	0	0	2890	0	0	0	758	0	86	0	0	0	0	0	248	0	404	0	0	0	0	0	0	0	0	0	0	0	0	140	0	0	0	0	
420356	Calcarine_R	78	1194	0	150	0	0	0	0	0	0	0	0	0	0	0	0	0	254	98	1080	0	0	0	0	0	0	0	0	0	1172	0	0	0	2812	618	5952	0	1018	0	1650	0	0	6522	0	6580	29414	1524	42994	92	22902	0	19202	0	6044	0	8070	0	6266	0	1894	0	152	0	0	0	474	810	30318	222	3192	86	0	0	0	0	0	0	90	0	0	0	450	0	0	0	5076	0	0	0	820	0	0	0	0	0	0	0	408	76	164	0	0	0	0	0	0	0	0	0	0	182	78	0	0	0	0	
233808	Cuneus_L	2022	0	0	0	0	0	0	0	0	0	0	0	0	0	0	0	228	0	98	0	0	0	0	0	0	0	0	0	380	0	0	0	652	0	1676	360	0	0	0	0	0	0	19464	6580	0	9716	2308	1642	19928	2624	14692	556	1092	200	512	216	2224	0	3052	0	270	0	138	0	1744	0	15730	2360	2626	0	0	0	0	0	0	0	0	0	156	0	272	0	0	0	2562	0	0	0	614	0	0	0	0	0	0	0	0	0	126	0	0	0	0	0	0	0	0	0	0	0	0	84	0	0	0	0	
417424	Cuneus_R	0	978	0	100	0	0	0	0	0	0	0	0	0	0	0	0	0	90	0	484	0	0	0	0	0	0	0	0	0	136	0	0	314	2796	112	2246	0	0	0	0	0	0	4378	29414	9716	0	764	9834	414	44536	138	15746	0	1360	0	868	0	12888	108	14526	0	792	0	372	0	1874	4362	34812	194	4872	0	0	0	0	0	0	0	0	0	0	0	1272	0	0	0	7794	0	0	0	422	0	0	0	0	0	0	0	0	0	0	0	0	0	0	0	0	0	0	0	0	0	0	0	0	0	0	
369460	Lingual_L	608	0	0	0	0	0	0	0	0	0	576	0	0	0	0	0	136	0	0	0	0	0	0	0	0	0	0	0	2804	0	0	0	268	0	1970	418	7242	564	5168	378	0	0	14752	1524	2308	764	0	5674	2698	88	15302	0	12470	436	32542	1646	368	0	0	0	0	0	0	0	198	0	5472	164	94	0	0	0	0	0	0	0	430	252	2190	0	76	0	0	0	1258	0	0	0	3634	0	8108	1730	842	0	0	0	12308	1754	20862	3492	0	0	0	0	0	0	0	0	0	0	3564	4878	2720	0	0	0	
476680	Lingual_R	760	1078	0	134	0	0	0	0	0	0	0	0	0	0	0	0	0	254	0	644	0	0	0	0	0	0	0	0	0	1136	0	0	0	824	1922	6774	132	3444	128	3980	0	0	1660	42994	1642	9834	5674	0	0	11670	292	10912	868	9614	1516	25244	76	3426	0	1540	0	122	0	0	0	278	220	22358	166	1192	74	82	0	0	0	0	0	746	0	0	0	224	0	0	0	3038	0	0	0	976	3188	3740	276	0	226	248	2850	11544	8520	10926	0	0	0	0	320	116	0	0	0	242	9678	7152	1544	0	0	122	
189508	Occipital_Sup_L	578	0	0	0	0	0	0	0	0	0	0	0	0	0	0	0	0	0	0	0	0	0	0	0	0	0	0	0	112	0	0	0	2846	0	0	0	0	0	0	0	0	0	8120	92	19928	414	2698	0	0	0	26190	0	668	0	944	0	1214	0	10614	0	2872	0	0	0	80	0	15414	0	796	0	0	0	0	0	0	0	0	0	0	0	0	0	0	0	620	0	0	0	358	0	0	0	0	0	0	0	0	0	118	0	0	0	0	0	0	0	0	0	0	0	0	78	0	0	0	0	
388404	Occipital_Sup_R	76	1352	0	150	0	0	0	0	0	0	0	0	0	0	0	0	0	90	0	450	0	0	0	0	0	0	0	0	0	114	0	0	144	1350	100	2488	0	0	0	0	0	0	816	22902	2624	44536	88	11670	0	0	0	26268	0	2954	0	1474	0	12410	0	16256	0	1840	0	396	0	6800	828	22280	158	2664	0	0	0	0	0	0	0	0	0	0	0	2066	0	0	0	7890	0	0	0	538	0	0	0	0	0	0	0	84	0	170	0	0	0	0	0	0	0	0	0	0	100	76	0	0	0	0	
552512	Occipital_Mid_L	8038	0	0	0	0	0	0	0	0	0	0	0	0	0	0	0	1894	0	0	0	0	0	0	0	0	0	0	0	1830	0	0	0	2126	0	248	0	952	0	470	0	0	0	23054	0	14692	138	15302	292	26190	0	0	0	25568	0	11814	164	13440	0	10106	0	17514	102	5682	102	21766	0	29782	0	5244	0	120	0	0	0	0	0	226	0	364	0	2430	0	0	0	26532	0	0	0	7330	0	254	78	0	0	0	0	570	156	950	148	0	0	0	0	0	0	0	0	0	0	232	222	134	0	0	0	
290728	Occipital_Mid_R	0	358	0	0	0	0	0	0	0	0	0	0	0	0	0	0	0	0	0	254	0	0	0	0	0	0	0	0	0	0	0	0	220	1224	0	410	0	0	0	0	0	0	162	19202	556	15746	0	10912	0	26268	0	0	0	6628	0	1732	0	5718	0	5032	0	5558	0	1452	0	15400	394	10250	88	1284	0	0	0	0	0	0	0	0	0	0	0	2228	0	0	0	12806	0	0	0	1160	0	0	0	0	0	0	0	84	0	144	0	0	0	0	0	0	0	0	0	0	94	0	0	0	0	0	
224400	Occipital_Inf_L	948	0	0	0	0	0	0	0	0	0	190	0	0	0	0	0	558	0	0	0	0	0	0	0	0	0	0	0	1410	0	0	0	0	0	1448	200	3456	106	1290	82	0	0	6356	0	1092	0	12470	868	668	0	25568	0	0	0	19708	182	620	0	74	0	72	0	296	0	2834	0	2604	0	292	0	0	0	0	0	0	0	634	0	974	0	492	0	0	0	8496	0	0	0	9892	0	1126	80	0	0	0	0	1736	552	3092	156	0	0	0	0	0	0	0	0	0	0	966	476	136	0	0	0	
125124	Occipital_Inf_R	516	1370	0	108	0	0	0	0	0	0	0	0	0	0	0	0	0	172	0	562	0	0	0	0	0	0	0	0	0	1396	0	0	0	116	858	1536	0	74	0	0	0	0	0	6044	200	1360	436	9614	0	2954	0	6628	0	0	0	11180	0	590	0	312	0	0	0	0	0	0	80	1200	498	384	0	0	0	0	0	0	0	0	0	0	0	70	0	0	0	598	0	0	0	4328	472	210	0	0	0	0	340	1848	942	2846	0	0	0	0	0	0	0	0	0	0	1400	958	362	0	0	0	
476136	Fusiform_L	1794	110	344	0	0	0	140	0	0	0	1210	0	0	0	0	0	706	0	268	0	180	0	0	0	0	0	0	0	8508	0	82	0	264	0	2526	326	21270	236	8218	162	4956	0	2950	0	512	0	32542	1516	944	0	11814	0	19708	0	0	270	1168	0	120	0	110	0	0	0	180	0	3118	0	200	0	824	0	2918	0	0	0	1832	94	3940	0	1398	0	2236	0	4100	0	840	0	23642	0	18278	322	738	0	114	0	15444	976	28320	572	434	0	696	0	136	0	0	0	0	0	2348	1016	398	0	0	0	
606984	Fusiform_R	4308	11056	362	1750	0	0	180	386	0	0	0	1448	0	92	0	0	0	2050	218	2802	0	0	0	326	0	0	0	0	110	14976	160	138	0	614	6838	8812	352	41460	156	25176	0	5698	0	8070	216	868	1646	25244	0	1474	164	1732	182	11180	270	0	440	1734	0	302	108	0	0	0	0	0	350	5954	1712	978	340	236	0	13578	0	266	0	3250	0	518	0	1256	0	4112	0	1660	0	1412	102	20350	1986	13868	188	686	0	162	1354	10370	4062	20632	0	114	0	782	176	0	0	0	0	0	4576	3984	1380	0	0	0	
363560	Postcentral_L	36650	280	4190	670	0	0	574	0	0	0	5042	0	750	0	0	0	12274	164	3740	562	0	0	0	0	0	0	0	0	10056	130	0	122	264	174	1290	740	2872	532	0	222	0	0	2260	0	2224	0	368	76	1214	0	13440	0	620	0	1168	440	0	0	8276	0	20230	1156	10552	1162	2910	0	7692	0	5916	96	178	290	690	170	0	0	948	352	4670	0	4180	0	0	0	5846	0	0	0	3358	0	0	0	0	0	0	0	0	0	0	0	0	0	0	0	0	0	0	0	0	0	0	0	0	0	0	0	
336632	Postcentral_R	336	16972	788	1310	0	0	242	808	0	0	0	5110	0	806	0	0	636	4224	440	1274	0	0	0	122	0	0	0	0	860	1842	92	106	0	1582	126	3430	248	1178	0	326	0	0	0	6266	0	12888	0	3426	0	12410	0	5718	0	590	0	1734	0	0	0	11618	92	10148	0	14852	0	1532	0	16484	258	5622	3526	120	1080	1632	100	84	70	196	0	128	0	3648	0	0	0	7336	0	0	0	3900	0	0	0	0	0	0	0	0	0	0	0	0	0	0	0	0	0	0	0	0	0	0	0	0	0	0	
131716	Parietal_Sup_L	1252	0	0	0	0	0	0	0	0	0	0	0	0	0	0	0	1070	0	0	0	0	0	0	0	0	0	0	0	936	0	0	0	0	0	0	0	0	0	0	0	0	0	422	0	3052	108	0	0	10614	0	10106	0	74	0	120	0	8276	0	0	0	12600	0	0	0	2790	0	11278	170	1126	0	0	0	0	0	0	0	0	0	102	0	82	0	0	0	1308	0	0	0	372	0	0	0	0	0	0	0	0	0	0	0	0	0	0	0	0	0	0	0	0	0	0	0	0	0	0	0	
166300	Parietal_Sup_R	0	870	0	128	0	0	0	0	0	0	0	0	0	0	0	0	0	88	0	138	0	0	0	0	0	0	0	0	0	0	0	0	0	0	0	1256	0	0	0	0	0	0	0	1894	0	14526	0	1540	0	16256	0	5032	0	312	0	302	0	11618	0	0	0	4818	0	1962	0	3562	148	13946	0	510	0	0	0	0	0	0	0	0	0	0	0	950	0	0	0	3074	0	0	0	220	0	0	0	0	0	0	0	0	0	0	0	0	0	0	0	0	0	0	0	0	0	0	0	0	0	0	
202944	Parietal_Inf_L	6434	236	156	542	0	0	254	0	0	0	0	0	0	0	0	0	2116	560	74	154	0	0	0	0	0	0	0	0	1380	270	0	0	0	0	0	0	0	196	0	78	0	0	258	0	270	0	0	0	2872	0	17514	0	72	0	110	108	20230	92	12600	0	0	0	10902	90	13916	0	4292	0	196	0	184	580	0	256	0	70	0	78	118	130	328	80	0	0	2824	0	0	0	852	0	0	0	0	0	0	0	0	0	0	0	0	0	0	0	0	0	0	0	0	0	0	0	0	0	0	0	
134732	Parietal_Inf_R	614	2970	418	850	0	0	272	356	0	0	92	160	0	0	0	0	258	0	170	76	0	0	0	0	0	0	0	0	74	0	0	0	0	0	0	328	0	194	0	0	0	0	0	152	0	792	0	122	0	1840	102	5558	0	0	0	0	1156	10148	0	4818	0	0	272	21990	0	11036	88	870	0	0	260	0	112	0	0	0	100	170	0	0	170	360	0	0	0	418	0	0	0	0	0	0	0	0	0	0	0	0	0	0	0	0	0	0	0	0	0	0	0	0	0	0	0	0	0	0	
127864	SupraMarginal_L	1874	0	410	164	0	0	124	0	0	0	0	0	0	0	0	0	3842	142	0	74	0	0	0	0	0	0	0	0	1908	0	0	0	0	0	0	0	0	0	0	0	0	0	118	0	138	0	0	0	0	0	5682	0	296	0	0	0	10552	0	0	0	10902	272	0	276	5256	0	3724	0	0	0	84	106	0	72	0	0	0	146	522	0	9786	0	0	0	6376	0	0	0	1086	0	0	0	0	0	0	0	0	0	0	0	0	0	0	0	0	0	0	0	0	0	0	0	0	0	0	0	
132696	SupraMarginal_R	640	3024	550	840	0	0	368	422	0	0	114	318	0	0	0	0	400	2444	182	140	0	0	0	0	0	0	0	0	310	0	0	0	0	0	0	0	112	190	0	0	0	0	0	0	0	372	0	0	0	396	102	1452	0	0	0	0	1162	14852	0	1962	90	21990	276	0	0	4426	88	234	0	0	1520	0	242	0	0	0	104	158	0	0	170	6220	0	0	0	478	0	0	0	0	0	0	0	0	0	0	0	0	0	0	0	0	0	0	0	0	0	0	0	0	0	0	0	0	0	0	
144228	Angular_L	372	0	0	0	0	0	0	0	0	0	0	0	0	0	0	0	222	0	0	0	0	0	0	0	0	0	0	0	0	0	0	0	202	0	0	0	0	0	0	0	0	0	1496	0	1744	0	198	0	80	0	21766	0	2834	0	180	0	2910	0	2790	0	13916	0	5256	0	0	0	3558	0	510	0	0	0	0	0	0	0	0	0	0	0	1558	0	0	0	11114	0	0	0	1408	0	0	0	0	0	0	0	0	0	0	0	0	0	0	0	0	0	0	0	0	0	0	0	0	0	0	0	
118264	Angular_R	0	364	0	74	0	0	0	0	0	0	0	0	0	0	0	0	0	0	0	142	0	0	0	0	0	0	0	0	0	0	0	0	0	0	0	620	0	0	0	0	0	0	0	474	0	1874	0	278	0	6800	0	15400	0	0	0	0	0	1532	0	3562	0	11036	0	4426	0	0	0	1474	0	0	0	0	0	0	0	0	0	0	0	0	0	5598	0	0	0	5478	0	0	0	0	0	0	0	0	0	0	0	0	0	0	0	0	0	0	0	0	0	0	0	0	0	0	0	0	0	0	
381468	Precuneus_L	2846	0	72	0	0	0	0	0	0	0	156	0	0	0	0	0	854	0	284	190	0	0	0	0	0	0	0	0	1826	0	0	0	5434	2168	9354	3686	3264	594	1596	316	0	0	17588	810	15730	4362	5472	220	15414	828	29782	394	2604	80	3118	350	7692	0	11278	148	4292	88	3724	88	3558	0	0	7198	6220	178	118	0	0	0	0	0	70	244	1084	0	786	0	0	0	9942	294	0	0	4340	0	0	0	0	0	0	0	0	0	0	0	0	0	0	0	0	0	0	0	0	0	0	0	0	0	0	0	
458912	Precuneus_R	174	1444	0	130	0	0	0	0	0	0	0	0	0	0	0	0	0	78	222	1878	0	0	0	0	0	0	0	0	0	232	0	0	662	7870	2848	14204	782	3582	338	3574	0	0	496	30318	2360	34812	164	22358	0	22280	0	10250	0	1200	0	5954	0	16484	170	13946	0	870	0	234	0	1474	7198	0	448	7478	0	0	0	0	0	0	0	604	0	0	0	784	0	0	0	8504	0	0	0	994	0	0	0	0	0	0	0	1102	0	0	0	0	0	0	0	0	0	0	0	0	956	0	0	0	0	0	
280232	Paracentral_Lobule_L	29698	4868	3640	2218	0	0	108	0	0	0	0	0	0	0	0	0	648	0	13490	18224	0	0	0	0	0	0	0	0	392	0	0	0	4172	12302	4456	670	318	456	0	112	0	0	2202	222	2626	194	94	166	796	158	5244	88	292	498	200	1712	5916	258	1126	0	196	0	0	0	510	0	6220	448	0	9762	746	152	154	0	0	0	1578	88	0	0	234	0	0	0	1264	76	0	0	954	170	0	0	0	0	0	0	0	0	0	0	0	0	0	0	0	0	0	0	0	0	0	0	0	0	0	0	
152720	Paracentral_Lobule_R	5564	2608	174	414	0	0	0	0	0	0	0	0	0	0	0	0	0	150	1552	13138	0	0	0	0	0	0	0	0	0	176	0	0	154	9318	1302	1412	0	144	0	0	0	0	0	3192	0	4872	0	1192	0	2664	0	1284	0	384	0	978	96	5622	0	510	0	0	0	0	0	0	178	7478	9762	0	0	248	0	0	0	0	0	0	0	0	0	0	0	0	0	1616	0	0	0	178	0	0	0	0	0	0	0	0	0	0	0	0	0	0	0	0	0	0	0	0	0	0	0	0	0	0	
420272	Caudate_L	3920	4152	3394	6118	2162	2080	3476	558	248	206	1652	4826	632	4340	1122	668	3472	5616	4142	2480	10512	9044	392	2152	1046	494	4356	2422	9326	8160	8620	10330	0	456	160	206	4784	588	238	248	512	98	0	86	0	0	0	74	0	0	120	0	0	0	824	340	178	3526	0	0	184	260	84	1520	0	0	118	0	746	0	0	22506	23070	7176	2478	276	14472	648	112	488	0	446	0	0	0	106	0	0	438	160	78	0	0	0	0	0	100	0	114	0	0	0	0	0	0	0	0	0	0	0	0	0	0	0	0	0	
539012	Caudate_R	3794	1140	3386	29410	486	7734	5014	712	0	1468	1030	5680	348	10302	360	7004	548	5436	2444	15676	5068	6332	568	9960	176	4348	980	2834	2450	12128	5990	27798	78	1382	194	240	1146	1050	0	500	88	190	0	0	0	0	0	82	0	0	0	0	0	0	0	236	290	120	0	0	580	0	106	0	0	0	0	0	152	248	22506	0	7958	28948	162	2166	782	19038	108	196	72	284	0	0	0	0	0	0	0	0	0	0	0	0	0	0	0	0	0	0	0	0	0	0	0	0	0	0	0	0	0	0	0	0	0	0	
339200	Putamen_L	1784	1728	13802	2392	5896	544	3458	402	430	70	2450	1806	970	1988	2036	316	450	2640	8512	1812	3374	2442	2740	628	2698	198	946	552	18268	3550	10744	4082	0	194	0	0	13058	132	1376	0	1416	0	0	0	0	0	0	0	0	0	0	0	0	0	2918	0	690	1080	0	0	0	112	0	242	0	0	0	0	154	0	23070	7958	0	2126	4414	130	2882	174	0	192	672	172	102	0	0	0	0	0	2060	0	192	0	0	0	0	0	138	0	238	0	0	0	0	0	0	0	0	0	0	0	0	0	0	0	0	0	
472488	Putamen_R	3100	2836	1852	15668	0	6706	4208	1870	0	3218	588	6778	344	1528	0	7138	182	5048	1406	5722	754	1022	422	8094	0	2980	108	1012	1042	21024	2906	16396	120	1566	184	228	1064	24172	0	13042	0	3244	0	0	0	0	0	0	0	0	0	0	0	0	0	13578	170	1632	0	0	256	0	72	0	0	0	0	0	0	0	7176	28948	2126	0	0	5610	506	2720	104	536	0	738	0	248	0	88	0	0	0	3684	0	152	0	0	0	0	0	162	0	166	0	0	0	0	0	0	0	0	0	0	0	0	0	0	0	0	
28604	Pallidum_L	0	164	2922	84	0	0	100	0	0	0	0	0	0	0	0	0	0	88	1632	204	0	0	0	0	0	0	0	0	0	86	0	0	0	0	0	0	352	0	0	0	0	0	0	0	0	0	0	0	0	0	0	0	0	0	0	0	0	100	0	0	0	0	0	0	0	0	0	0	0	0	2478	162	4414	0	0	0	1394	122	0	0	0	0	0	0	0	0	0	0	0	0	0	0	0	0	0	0	0	0	0	0	0	0	0	0	0	0	0	0	0	0	0	0	0	0	0	0	
47380	Pallidum_R	164	214	686	934	0	0	300	162	0	74	142	1788	90	90	0	118	0	1174	180	750	0	0	0	158	0	0	0	0	178	1890	172	264	0	112	0	0	92	3572	0	1646	0	0	0	0	0	0	0	0	0	0	0	0	0	0	0	266	0	84	0	0	70	0	0	0	0	0	0	0	0	0	276	2166	130	5610	0	0	0	138	0	0	0	0	0	0	0	0	0	0	0	0	0	0	0	0	0	0	0	0	0	0	0	0	0	0	0	0	0	0	0	0	0	0	0	0	0	0	
152976	Thalamus_L	4834	358	9306	1238	0	0	2278	0	0	0	944	368	0	218	0	0	516	252	3162	856	0	0	0	232	0	0	0	0	5710	440	110	502	0	0	116	260	9278	1212	618	962	0	0	92	0	0	0	430	0	0	0	226	0	634	0	1832	0	948	70	0	0	0	100	0	104	0	0	70	0	1578	0	14472	782	2882	506	1394	0	0	2846	1140	0	314	0	0	0	176	0	0	0	1778	0	194	0	0	0	0	0	0	0	150	0	0	0	0	0	0	0	0	0	0	0	0	0	0	0	0	0	
165460	Thalamus_R	986	5200	380	12190	0	112	448	484	0	0	0	276	0	1592	0	1594	262	958	176	2648	0	0	0	702	0	0	0	0	442	1462	0	1624	0	0	572	986	1790	8594	272	5782	0	0	0	90	0	0	252	746	0	0	0	0	0	0	94	3250	352	196	0	0	78	170	146	158	0	0	244	604	88	0	648	19038	174	2720	122	138	2846	0	248	0	180	0	0	0	0	0	0	0	0	398	0	0	0	0	0	0	0	104	0	0	0	0	0	0	0	0	0	0	0	0	114	0	0	0	0	0	
115036	Heschl_L	4982	0	530	148	0	0	156	0	0	0	1324	0	138	0	0	0	4944	0	338	0	0	0	0	0	0	0	0	0	12440	0	0	114	0	0	1578	372	3226	278	140	148	0	0	88	0	156	0	2190	0	0	0	364	0	974	0	3940	0	4670	0	102	0	118	0	522	0	0	0	1084	0	0	0	112	108	0	104	0	0	1140	248	0	0	3178	0	0	0	2214	0	0	0	5350	0	0	0	0	0	0	0	0	0	0	0	0	0	0	0	0	0	0	0	0	0	0	0	0	0	0	0	
41568	Heschl_R	96	588	468	336	0	0	140	0	0	0	0	0	0	0	0	0	112	2878	206	506	0	0	0	0	0	0	0	0	122	4978	0	0	0	0	0	0	0	436	0	170	0	0	0	0	0	0	0	0	0	0	0	0	0	0	0	518	0	128	0	0	130	0	0	0	0	0	0	0	0	0	488	196	192	536	0	0	0	0	0	0	0	5184	0	112	0	1830	0	0	0	434	0	0	0	0	0	0	0	0	0	0	0	0	0	0	0	0	0	0	0	0	0	0	0	0	0	0	
190320	Temporal_Sup_L	1448	0	1220	134	0	0	0	0	0	0	1658	0	0	0	206	0	9574	0	790	124	0	0	0	0	0	0	0	0	10772	0	72	0	0	0	82	0	1722	0	0	0	0	0	224	0	272	0	76	0	0	0	2430	0	492	0	1398	0	4180	0	82	0	328	170	9786	170	1558	0	786	0	234	0	0	72	672	0	0	0	314	180	3178	0	0	0	3722	0	27406	0	0	0	9628	0	0	0	0	0	0	0	0	0	0	0	0	0	0	0	0	0	0	0	0	0	0	0	0	0	0	0	
143480	Temporal_Sup_R	0	2780	140	1390	0	0	70	0	0	0	0	76	0	0	0	352	84	4748	76	1750	0	0	0	0	0	0	0	0	126	7946	0	0	0	0	0	78	0	456	0	0	0	0	0	450	0	1272	0	224	0	2066	0	2228	0	70	0	1256	0	3648	0	950	80	360	0	6220	0	5598	0	784	0	0	446	284	172	738	0	0	0	0	0	5184	0	0	0	2782	0	13382	0	174	0	3300	0	0	0	0	0	0	0	0	0	0	0	0	0	0	0	0	0	0	0	0	0	0	0	0	0	0	
71348	Temporal_Pole_Sup_L	0	0	192	0	144	0	0	0	88	0	392	0	78	0	638	0	366	0	126	0	118	0	0	0	0	0	0	0	2654	0	0	0	0	0	0	0	1728	0	832	0	1170	0	0	0	0	0	0	0	0	0	0	0	0	0	2236	0	0	0	0	0	0	0	0	0	0	0	0	0	0	0	0	0	102	0	0	0	0	0	0	0	3722	0	0	0	10156	0	3658	0	7274	0	0	0	0	0	0	0	0	0	0	0	0	0	0	0	0	0	0	0	0	0	0	0	0	0	0	0	
53384	Temporal_Pole_Sup_R	0	0	0	0	0	0	0	0	0	0	0	0	0	0	0	444	0	138	0	0	0	114	0	0	0	0	0	0	0	862	0	0	0	0	0	0	0	1050	0	1524	0	2298	0	0	0	0	0	0	0	0	0	0	0	0	0	4112	0	0	0	0	0	0	0	0	0	0	0	0	0	0	0	0	0	248	0	0	0	0	0	112	0	2782	0	0	0	3718	0	5324	0	3966	0	0	0	0	0	0	0	0	0	0	0	0	0	0	0	0	0	0	0	0	0	0	0	0	0	0	
357120	Temporal_Mid_L	3432	0	0	0	0	0	0	0	0	0	230	0	0	0	0	0	7278	0	0	0	0	0	0	0	0	0	0	0	5648	0	0	0	292	0	420	0	492	0	144	0	0	0	2890	0	2562	0	1258	0	620	0	26532	0	8496	0	4100	0	5846	0	1308	0	2824	0	6376	0	11114	0	9942	0	1264	0	0	0	0	0	0	0	176	0	2214	0	27406	0	10156	0	0	0	3962	0	31442	0	136	0	0	0	0	0	0	0	0	0	0	0	0	0	0	0	0	0	0	0	0	0	0	0	0	0	
239572	Temporal_Mid_R	0	3702	0	792	0	0	0	0	0	0	0	0	0	0	0	0	0	312	0	1338	0	0	0	0	0	0	0	0	0	4890	0	0	218	796	0	270	0	272	0	0	0	0	0	5076	0	7794	0	3038	0	7890	0	12806	0	598	0	1660	0	7336	0	3074	0	418	0	478	0	5478	294	8504	76	1616	106	0	0	88	0	0	0	0	0	1830	0	13382	0	3718	0	0	0	3058	0	18878	0	0	0	0	0	0	0	0	0	0	0	0	0	0	0	0	0	0	0	0	0	0	0	0	0	0	
26224	Temporal_Pole_Mid_L	0	0	0	0	0	0	0	0	0	0	0	0	0	0	0	0	0	0	0	0	0	0	0	0	0	0	0	0	0	0	0	0	0	0	0	0	0	0	564	0	0	0	0	0	0	0	0	0	0	0	0	0	0	0	840	0	0	0	0	0	0	0	0	0	0	0	0	0	0	0	0	0	0	0	0	0	0	0	0	0	0	0	3658	0	3962	0	0	0	4088	0	0	0	0	0	0	0	0	0	0	0	0	0	0	0	0	0	0	0	0	0	0	0	0	0	0	0	
27332	Temporal_Pole_Mid_R	0	0	0	0	0	0	0	0	0	0	0	0	0	0	0	0	0	0	0	0	0	0	0	0	0	0	0	0	0	0	0	0	0	0	0	0	0	136	0	780	0	376	0	0	0	0	0	0	0	0	0	0	0	0	0	1412	0	0	0	0	0	0	0	0	0	0	0	0	0	0	0	0	0	0	0	0	0	0	0	0	0	174	0	5324	0	3058	0	0	0	2406	0	0	0	0	0	0	0	0	0	0	0	0	0	0	0	0	0	0	0	0	0	0	0	0	0	0	
329792	Temporal_Inf_L	3714	138	358	0	0	0	148	0	0	0	1196	0	0	0	0	0	2616	0	326	0	0	0	0	0	0	0	0	0	11802	0	0	0	70	0	1816	362	11890	196	1580	74	1106	0	758	0	614	0	3634	0	358	0	7330	0	9892	0	23642	102	3358	0	372	0	852	0	1086	0	1408	0	4340	0	954	0	438	0	2060	0	0	0	1778	0	5350	0	9628	0	7274	0	31442	0	4088	0	0	0	3524	0	224	0	0	0	378	0	1774	0	334	0	512	0	0	0	0	0	0	0	0	0	0	0	0	0	
205132	Temporal_Inf_R	178	7170	70	342	0	0	0	84	0	0	0	520	0	0	0	0	0	968	0	656	0	0	0	92	0	0	0	0	0	13660	0	0	0	116	550	728	0	7342	0	648	0	224	0	820	0	422	0	976	0	538	0	1160	0	4328	0	20350	0	3900	0	220	0	0	0	0	0	0	0	994	170	178	160	0	0	3684	0	0	0	398	0	434	0	3300	0	3966	0	18878	0	2406	0	0	0	1534	0	0	0	0	0	0	0	402	0	0	0	0	0	0	0	0	0	0	0	0	0	0	0	0	
545292	Cerebelum_Crus1_L	0	0	0	0	0	0	0	0	0	0	0	0	0	0	0	0	0	0	0	0	0	0	0	0	0	0	0	0	166	0	0	0	0	0	0	0	1162	0	288	0	0	0	86	0	0	0	8108	3188	0	0	254	0	1126	472	18278	1986	0	0	0	0	0	0	0	0	0	0	0	0	0	0	78	0	192	0	0	0	194	0	0	0	0	0	0	0	136	0	0	0	3524	0	0	13830	34380	4394	1186	614	18652	2554	54092	14740	18086	1166	20450	3064	6494	1448	1214	0	346	684	3826	9048	18872	1900	1798	570	
493156	Cerebelum_Crus1_R	0	0	0	0	0	0	0	0	0	0	0	0	0	0	0	0	0	0	0	0	0	0	0	0	0	0	0	0	0	0	0	0	0	0	0	0	0	270	0	224	0	0	0	0	0	0	1730	3740	0	0	78	0	80	210	322	13868	0	0	0	0	0	0	0	0	0	0	0	0	0	0	0	0	0	152	0	0	0	0	0	0	0	0	0	0	0	0	0	0	0	1534	13830	0	8478	25514	340	4316	5066	21132	12770	55834	848	9102	1398	19756	2252	2798	504	208	274	2244	8526	7644	17004	2154	2064	314	
383888	Cerebelum_Crus2_L	0	0	0	0	0	0	0	0	0	0	0	0	0	0	0	0	0	0	0	0	0	0	0	0	0	0	0	0	0	0	0	0	0	0	0	0	0	0	0	0	0	0	0	0	0	0	842	276	0	0	0	0	0	0	738	188	0	0	0	0	0	0	0	0	0	0	0	0	0	0	0	0	0	0	0	0	0	0	0	0	0	0	0	0	0	0	0	0	224	0	34380	8478	0	13464	250	148	2994	542	9332	7318	34946	7688	28508	5116	6556	1330	414	0	0	152	574	1896	19062	5162	1108	258	
302216	Cerebelum_Crus2_R	0	0	0	0	0	0	0	0	0	0	0	0	0	0	0	0	0	0	0	0	0	0	0	0	0	0	0	0	0	0	0	0	0	0	0	0	0	0	0	0	0	0	0	0	0	0	0	0	0	0	0	0	0	0	0	686	0	0	0	0	0	0	0	0	0	0	0	0	0	0	0	0	0	0	0	0	0	0	0	0	0	0	0	0	0	0	0	0	0	0	4394	25514	13464	0	0	358	284	1498	780	6352	8970	26294	6372	30128	120	5602	0	158	0	122	140	372	13112	5250	1138	0	
24840	Cerebelum_3_L	0	0	0	0	0	0	0	0	0	0	0	0	0	0	0	0	0	0	0	0	0	0	0	0	0	0	0	0	0	0	0	0	0	0	0	0	114	0	286	0	0	0	0	0	0	0	0	226	0	0	0	0	0	0	114	0	0	0	0	0	0	0	0	0	0	0	0	0	0	0	0	0	0	0	0	0	0	0	0	0	0	0	0	0	0	0	0	0	0	0	1186	340	250	0	0	158	3212	166	1796	460	178	0	208	0	440	94	96	0	760	1314	496	232	202	0	92	0	
45672	Cerebelum_3_R	0	0	0	0	0	0	0	0	0	0	0	0	0	0	0	0	0	0	0	0	0	0	0	0	0	0	0	0	0	0	0	0	0	0	0	0	0	0	0	88	0	0	0	0	0	0	0	248	0	0	0	0	0	0	0	162	0	0	0	0	0	0	0	0	0	0	0	0	0	0	0	0	0	0	0	0	0	0	0	0	0	0	0	0	0	0	0	0	0	0	614	4316	148	358	158	0	1006	3720	928	5120	72	0	80	924	168	122	0	0	210	1868	1342	416	528	108	132	0	
287172	Cerebelum_4_5_L	0	0	0	0	0	0	0	0	0	0	0	0	0	0	0	0	0	0	0	0	0	0	0	0	0	0	0	0	136	0	0	0	0	0	0	0	452	0	606	0	0	0	248	0	0	0	12308	2850	0	0	570	0	1736	340	15444	1354	0	0	0	0	0	0	0	0	0	0	0	0	0	0	100	0	138	0	0	0	0	0	0	0	0	0	0	0	0	0	0	0	378	0	18652	5066	2994	284	3212	1006	0	5050	33806	6560	1318	0	1244	538	4078	716	258	0	838	1718	11544	2338	2908	834	862	1102	
254648	Cerebelum_4_5_R	0	0	0	0	0	0	0	0	0	0	0	0	0	0	0	0	0	0	0	0	0	0	0	0	0	0	0	0	0	0	0	0	0	0	0	158	0	1238	0	1708	0	326	0	408	0	0	1754	11544	0	84	156	84	552	1848	976	10370	0	0	0	0	0	0	0	0	0	0	0	1102	0	0	0	0	0	162	0	0	0	104	0	0	0	0	0	0	0	0	0	0	0	0	2554	21132	542	1498	166	3720	5050	0	6418	27692	108	0	132	1940	784	726	0	0	0	1378	14440	2902	2462	322	322	462	
552480	Cerebelum_6_L	0	0	0	0	0	0	0	0	0	0	0	0	0	0	0	0	0	0	0	0	0	0	0	0	0	0	0	0	188	0	0	0	0	0	0	0	904	0	572	0	0	0	404	76	126	0	20862	8520	118	0	950	0	3092	942	28320	4062	0	0	0	0	0	0	0	0	0	0	0	0	0	0	114	0	238	0	0	0	150	0	0	0	0	0	0	0	0	0	0	0	1774	0	54092	12770	9332	780	1796	928	33806	6418	0	17338	4130	0	5192	916	7378	1846	1298	132	400	886	10548	15798	13238	2278	2454	1074	
493164	Cerebelum_6_R	0	0	0	0	0	0	0	0	0	0	0	0	0	0	0	0	0	0	0	0	0	0	0	0	0	0	0	0	0	0	0	0	0	0	0	0	0	308	0	240	0	0	0	164	0	0	3492	10926	0	170	148	144	156	2846	572	20632	0	0	0	0	0	0	0	0	0	0	0	0	0	0	0	0	0	166	0	0	0	0	0	0	0	0	0	0	0	0	0	0	0	402	14740	55834	7318	6352	460	5120	6560	27692	17338	0	498	1386	958	6936	2874	2104	506	176	342	2432	12830	13074	15806	2204	2346	330	
276532	Cerebelum_7b_L	0	0	0	0	0	0	0	0	0	0	0	0	0	0	0	0	0	0	0	0	0	0	0	0	0	0	0	0	0	0	0	0	0	0	0	0	0	0	0	0	0	0	0	0	0	0	0	0	0	0	0	0	0	0	434	0	0	0	0	0	0	0	0	0	0	0	0	0	0	0	0	0	0	0	0	0	0	0	0	0	0	0	0	0	0	0	0	0	334	0	18086	848	34946	8970	178	72	1318	108	4130	498	0	7840	33514	5358	6650	964	452	0	0	94	194	168	6668	6068	374	0	
209820	Cerebelum_7b_R	0	0	0	0	0	0	0	0	0	0	0	0	0	0	0	0	0	0	0	0	0	0	0	0	0	0	0	0	0	0	0	0	0	0	0	0	0	0	0	0	0	0	0	0	0	0	0	0	0	0	0	0	0	0	0	114	0	0	0	0	0	0	0	0	0	0	0	0	0	0	0	0	0	0	0	0	0	0	0	0	0	0	0	0	0	0	0	0	0	0	1166	9102	7688	26294	0	0	0	0	0	1386	7840	0	5990	26678	0	5454	0	94	0	0	0	0	5538	6738	828	0	
287816	Cerebelum_8_L	0	0	0	0	0	0	0	0	0	0	0	0	0	0	0	0	0	0	0	0	0	0	0	0	0	0	0	0	0	0	0	0	0	0	0	0	72	0	0	0	0	0	0	0	0	0	0	0	0	0	0	0	0	0	696	0	0	0	0	0	0	0	0	0	0	0	0	0	0	0	0	0	0	0	0	0	0	0	0	0	0	0	0	0	0	0	0	0	512	0	20450	1398	28508	6372	208	80	1244	132	5192	958	33514	5990	0	6730	14058	1690	954	0	0	106	220	632	5334	7346	1512	0	
274048	Cerebelum_8_R	0	0	0	0	0	0	0	0	0	0	0	0	0	0	0	0	0	0	0	0	0	0	0	0	0	0	0	0	0	0	0	0	0	0	0	0	0	0	0	0	0	0	0	0	0	0	0	0	0	0	0	0	0	0	0	782	0	0	0	0	0	0	0	0	0	0	0	0	0	0	0	0	0	0	0	0	0	0	0	0	0	0	0	0	0	0	0	0	0	0	3064	19756	5116	30128	0	924	538	1940	916	6936	5358	26678	6730	0	402	10802	0	376	76	248	252	194	6984	6508	2316	0	
139312	Cerebelum_9_L	0	0	0	0	0	0	0	0	0	0	0	0	0	0	0	0	0	0	0	0	0	0	0	0	0	0	0	0	0	0	0	0	0	0	0	0	0	0	0	0	0	0	0	0	0	0	0	320	0	0	0	0	0	0	136	176	0	0	0	0	0	0	0	0	0	0	0	0	0	0	0	0	0	0	0	0	0	0	0	0	0	0	0	0	0	0	0	0	0	0	6494	2252	6556	120	440	168	4078	784	7378	2874	6650	0	14058	402	0	1754	2500	128	0	84	1712	2910	2364	1958	2440	920	
125656	Cerebelum_9_R	0	0	0	0	0	0	0	0	0	0	0	0	0	0	0	0	0	0	0	0	0	0	0	0	0	0	0	0	0	0	0	0	0	0	0	0	0	0	0	0	0	0	0	0	0	0	0	116	0	0	0	0	0	0	0	0	0	0	0	0	0	0	0	0	0	0	0	0	0	0	0	0	0	0	0	0	0	0	0	0	0	0	0	0	0	0	0	0	0	0	1448	2798	1330	5602	94	122	716	726	1846	2104	964	5454	1690	10802	1754	0	104	1368	126	136	1508	3616	4066	5902	6828	1608	
18816	Cerebelum_10_L	0	0	0	0	0	0	0	0	0	0	0	0	0	0	0	0	0	0	0	0	0	0	0	0	0	0	0	0	0	0	0	0	0	0	0	0	0	0	0	0	0	0	0	0	0	0	0	0	0	0	0	0	0	0	0	0	0	0	0	0	0	0	0	0	0	0	0	0	0	0	0	0	0	0	0	0	0	0	0	0	0	0	0	0	0	0	0	0	0	0	1214	504	414	0	96	0	258	0	1298	506	452	0	954	0	2500	104	0	0	0	0	0	246	614	126	122	0	
