data	data	601612	318796	1.05956e+06	840020	126232	140340	592068	259464	72272	48132	234364	193144	220492	180216	162128	107788	220972	168900	810688	853512	89168	101216	457076	393408	46884	105420	65240	75212	609688	440132	457768	457508	219592	449984	213832	184296	305120	396024	165868	234188	52016	51332	243116	314744	175048	348668	370028	374788	166836	368908	594704	288500	188420	82788	505924	598492	400576	226248	196696	86960	282756	120768	94296	133272	253896	160440	279520	437760	409608	234960	342208	402332	493288	429192	77044	32944	183984	251640	135672	47564	256152	170104	100660	42820	475224	284148	47808	28088	368676	181528	485952	507592	345520	350920	22248	82236	335456	298096	495060	481696	262340	169520	308132	338968	158204	184356	45972	5272	24204	61880	310260	235272	195716	123388	109008	39628	
data	data	Precentral_L	Precentral_R	Frontal_Sup_L	Frontal_Sup_R	Frontal_Sup_Orb_L	Frontal_Sup_Orb_R	Frontal_Mid_L	Frontal_Mid_R	Frontal_Mid_Orb_L	Frontal_Mid_Orb_R	Frontal_Inf_Oper_L	Frontal_Inf_Oper_R	Frontal_Inf_Tri_L	Frontal_Inf_Tri_R	Frontal_Inf_Orb_L	Frontal_Inf_Orb_R	Rolandic_Oper_L	Rolandic_Oper_R	Supp_Motor_Area_L	Supp_Motor_Area_R	Olfactory_L	Olfactory_R	Frontal_Sup_Medial_L	Frontal_Sup_Medial_R	Frontal_Med_Orb_L	Frontal_Med_Orb_R	Rectus_L	Rectus_R	Insula_L	Insula_R	Cingulum_Ant_L	Cingulum_Ant_R	Cingulum_Mid_L	Cingulum_Mid_R	Cingulum_Post_L	Cingulum_Post_R	Hippocampus_L	Hippocampus_R	ParaHippocampal_L	ParaHippocampal_R	Amygdala_L	Amygdala_R	Calcarine_L	Calcarine_R	Cuneus_L	Cuneus_R	Lingual_L	Lingual_R	Occipital_Sup_L	Occipital_Sup_R	Occipital_Mid_L	Occipital_Mid_R	Occipital_Inf_L	Occipital_Inf_R	Fusiform_L	Fusiform_R	Postcentral_L	Postcentral_R	Parietal_Sup_L	Parietal_Sup_R	Parietal_Inf_L	Parietal_Inf_R	SupraMarginal_L	SupraMarginal_R	Angular_L	Angular_R	Precuneus_L	Precuneus_R	Paracentral_Lobule_L	Paracentral_Lobule_R	Caudate_L	Caudate_R	Putamen_L	Putamen_R	Pallidum_L	Pallidum_R	Thalamus_L	Thalamus_R	Heschl_L	Heschl_R	Temporal_Sup_L	Temporal_Sup_R	Temporal_Pole_Sup_L	Temporal_Pole_Sup_R	Temporal_Mid_L	Temporal_Mid_R	Temporal_Pole_Mid_L	Temporal_Pole_Mid_R	Temporal_Inf_L	Temporal_Inf_R	Cerebelum_Crus1_L	Cerebelum_Crus1_R	Cerebelum_Crus2_L	Cerebelum_Crus2_R	Cerebelum_3_L	Cerebelum_3_R	Cerebelum_4_5_L	Cerebelum_4_5_R	Cerebelum_6_L	Cerebelum_6_R	Cerebelum_7b_L	Cerebelum_7b_R	Cerebelum_8_L	Cerebelum_8_R	Cerebelum_9_L	Cerebelum_9_R	Cerebelum_10_L	Cerebelum_10_R	Vermis_1_2	Vermis_3	Vermis_4_5	Vermis_6	Vermis_7	Vermis_8	Vermis_9	Vermis_10	
601612	Precentral_L	0	2746	29772	3876	0	0	26464	288	0	0	17696	0	1170	0	0	0	8818	0	28430	11270	0	0	1246	0	0	0	0	0	10524	124	2014	120	1122	3694	3764	2382	8224	1032	2748	242	0	0	146	0	0	0	110	0	98	0	3604	0	1074	0	1984	258	25742	0	706	0	4072	0	3044	0	1886	0	320	0	42344	518	1652	1454	4354	0	1014	0	14830	4726	4654	0	3874	0	0	0	6742	0	0	0	3834	0	0	0	0	0	0	0	0	0	0	0	0	0	0	0	0	0	0	0	0	0	0	0	0	0	0	0	
318796	Precentral_R	2746	0	454	12836	0	0	486	6390	0	0	0	7688	0	540	0	0	0	3970	674	14212	0	0	0	0	0	0	0	0	340	4380	0	172	0	676	2220	2530	1744	7226	726	1586	0	0	0	1422	0	1532	0	990	0	2352	0	1974	0	1160	416	6154	0	22882	0	0	0	858	0	4322	0	656	288	3988	3000	14192	552	2380	198	2584	0	0	1090	5062	364	1136	126	3132	0	0	146	3162	0	0	142	1542	0	0	0	0	0	0	0	0	0	0	0	0	0	0	0	0	0	0	0	0	0	0	0	0	0	0	
1.05956e+06	Frontal_Sup_L	29772	454	0	10968	6460	0	68464	1544	3928	0	11484	348	11970	530	6068	148	8932	0	95810	13478	218	152	52680	11396	1324	266	1536	0	39200	382	32380	7812	11866	9358	268	164	2912	268	580	0	226	0	0	0	0	0	0	0	0	0	470	0	216	0	1336	0	11046	0	0	0	818	0	2128	0	998	0	0	0	11846	0	11350	1982	25438	494	3728	140	4838	174	2338	0	2836	0	512	0	1274	0	0	0	2238	0	136	0	0	0	0	0	0	0	100	0	0	0	0	0	0	0	0	0	0	0	0	0	0	0	0	0	
840020	Frontal_Sup_R	3876	12836	10968	0	0	5542	4780	31164	0	300	130	11254	190	12110	0	2124	0	6650	8698	64884	0	206	17372	42482	132	3656	0	470	1208	19554	7588	29902	2296	19334	1892	1826	1762	10712	690	4294	0	0	0	0	0	0	0	0	0	102	0	0	0	0	378	6860	0	3080	0	98	0	226	0	800	0	0	190	236	2764	228	4462	14296	3848	26366	338	1696	1236	6268	400	1078	176	1982	0	0	152	632	0	0	164	1072	0	0	0	0	0	0	0	0	0	0	0	0	0	0	0	0	0	0	0	0	0	0	0	0	0	0	
126232	Frontal_Sup_Orb_L	0	0	6460	0	0	0	822	0	9670	0	0	0	532	0	10006	0	0	0	98	0	2446	826	4896	0	3798	0	7322	0	2380	0	6624	282	0	0	0	0	0	0	0	0	118	0	0	0	0	0	0	0	0	0	0	0	0	0	0	0	0	0	0	0	0	0	0	0	0	0	0	0	0	0	2498	840	2930	118	0	0	0	0	0	0	0	0	450	0	0	0	0	0	0	0	0	0	0	0	0	0	0	0	0	0	0	0	0	0	0	0	0	0	0	0	0	0	0	0	0	0	
140340	Frontal_Sup_Orb_R	0	0	0	5542	0	0	0	4818	0	8390	0	0	0	672	0	7292	0	0	0	322	160	2016	0	3926	1144	9652	692	8968	0	2422	1274	3884	0	0	0	0	0	0	0	0	0	0	0	0	0	0	0	0	0	0	0	0	0	0	0	0	0	0	0	0	0	0	0	0	0	0	0	0	0	0	254	4064	232	4446	0	0	0	0	0	0	0	0	0	0	0	0	0	0	0	0	0	0	0	0	0	0	0	0	0	0	0	0	0	0	0	0	0	0	0	0	0	0	0	0	0	0	
592068	Frontal_Mid_L	26464	486	68464	4780	822	0	0	966	2508	0	16204	162	33710	324	5218	0	762	0	15914	1776	0	0	19362	5278	0	126	0	0	31554	236	15692	3224	6404	2978	700	602	4302	276	968	0	0	0	0	0	0	0	0	0	0	0	444	0	312	0	850	0	3776	0	0	0	558	0	244	0	306	0	126	0	584	0	2612	322	6984	242	488	0	1150	486	2716	0	486	0	0	0	1600	0	0	0	1486	0	0	0	0	0	0	0	0	0	0	0	0	0	0	0	0	0	0	0	0	0	0	0	0	0	0	0	
259464	Frontal_Mid_R	288	6390	1544	31164	0	4818	966	0	0	1162	0	6494	0	16636	0	6412	0	2380	1116	7536	0	0	1136	4982	0	0	0	0	198	13838	722	2072	144	1482	0	0	0	686	0	292	0	0	0	0	0	0	0	0	0	0	0	0	0	0	0	544	0	920	0	0	0	0	0	100	0	0	0	0	0	0	2486	2574	1604	6920	0	0	198	644	0	328	0	956	0	0	0	0	0	0	0	0	0	0	0	0	0	0	0	0	0	0	0	0	0	0	0	0	0	0	0	0	0	0	0	0	0	0	
72272	Frontal_Mid_Orb_L	0	0	3928	0	9670	0	2508	0	0	0	0	0	1662	0	12480	0	0	0	0	0	0	0	320	0	316	0	2298	0	722	0	930	0	0	0	0	0	0	0	0	0	0	0	0	0	0	0	0	0	0	0	0	0	0	0	0	0	0	0	0	0	0	0	0	0	0	0	0	0	0	0	140	0	1062	0	0	0	0	0	0	0	0	0	100	0	0	0	0	0	0	0	0	0	0	0	0	0	0	0	0	0	0	0	0	0	0	0	0	0	0	0	0	0	0	0	0	0	
48132	Frontal_Mid_Orb_R	0	0	0	300	0	8390	0	1162	0	0	0	0	0	206	0	5642	0	0	0	0	0	286	0	228	0	1372	0	2094	0	1294	0	336	0	0	0	0	0	0	0	0	0	0	0	0	0	0	0	0	0	0	0	0	0	0	0	0	0	0	0	0	0	0	0	0	0	0	0	0	0	0	104	1424	96	1132	0	0	0	0	0	0	0	0	0	0	0	0	0	0	0	0	0	0	0	0	0	0	0	0	0	0	0	0	0	0	0	0	0	0	0	0	0	0	0	0	0	0	
234364	Frontal_Inf_Oper_L	17696	0	11484	130	0	0	16204	0	0	0	0	0	9182	0	0	0	10118	0	9630	98	0	0	1716	0	0	0	0	0	15618	0	532	0	230	0	240	178	1580	0	344	0	0	0	0	0	0	0	0	0	0	0	630	0	338	0	408	0	4870	0	136	0	614	0	0	0	712	0	96	0	186	0	200	0	2664	0	0	0	366	152	2866	0	2694	0	1586	0	2226	0	0	0	1458	0	0	0	0	0	0	0	0	0	0	0	0	0	0	0	0	0	0	0	0	0	0	0	0	0	0	0	
193144	Frontal_Inf_Oper_R	0	7688	348	11254	0	0	162	6494	0	0	0	0	0	9676	0	1186	0	10564	250	8848	0	0	546	504	0	0	0	0	0	14814	392	1372	120	2474	0	0	0	918	0	154	0	0	0	0	0	0	0	0	0	0	0	0	0	0	0	848	0	3424	0	0	0	0	0	1372	0	0	0	0	0	0	0	244	0	6270	0	0	0	184	0	2366	0	3586	0	0	0	206	0	0	0	308	0	0	0	0	0	0	0	0	0	0	0	0	0	0	0	0	0	0	0	0	0	0	0	0	0	0	
220492	Frontal_Inf_Tri_L	1170	0	11970	190	532	0	33710	0	1662	0	9182	0	0	0	10176	0	1450	0	4896	120	0	0	1378	100	0	0	0	0	23958	0	2566	162	1026	0	0	0	0	0	0	0	0	0	0	0	0	0	0	0	0	0	0	0	0	0	0	0	110	0	0	0	0	0	0	0	0	0	0	0	0	0	482	0	3270	0	0	0	0	0	0	0	692	0	1260	0	184	0	0	0	0	0	0	0	0	0	0	0	0	0	0	0	0	0	0	0	0	0	0	0	0	0	0	0	0	0	0	0	
180216	Frontal_Inf_Tri_R	0	540	530	12110	0	672	324	16636	0	206	0	9676	0	0	0	5208	0	1828	574	5560	0	0	1076	3760	0	0	0	0	0	20170	278	1282	148	2782	0	0	0	312	0	116	0	0	0	0	0	0	0	0	0	0	0	0	0	0	0	202	0	224	0	0	0	0	0	0	0	0	0	0	0	0	0	362	0	4706	0	0	0	0	0	294	0	532	0	0	0	0	0	0	0	0	0	0	0	0	0	0	0	0	0	0	0	0	0	0	0	0	0	0	0	0	0	0	0	0	0	0	
162128	Frontal_Inf_Orb_L	0	0	6068	0	10006	0	5218	0	12480	0	0	0	10176	0	0	0	0	0	1258	0	3620	818	240	0	240	0	3060	0	10734	0	1484	428	0	0	0	0	484	0	288	0	666	0	0	0	0	0	0	0	0	0	0	0	0	0	296	0	0	0	0	0	0	0	0	0	0	0	0	0	0	0	2562	948	8100	210	0	0	0	0	0	0	0	0	1680	0	0	0	0	0	0	0	0	0	0	0	0	0	0	0	0	0	0	0	0	0	0	0	0	0	0	0	0	0	0	0	0	0	
107788	Frontal_Inf_Orb_R	0	0	148	2124	0	7292	0	6412	0	5642	0	1186	0	5208	0	0	0	0	312	1028	0	1220	0	666	0	938	0	1628	0	10224	0	810	0	570	0	0	0	0	0	0	0	0	0	0	0	0	0	0	0	0	0	0	0	0	0	0	0	0	0	0	0	0	0	0	0	0	0	0	0	0	226	2880	132	5248	0	0	0	0	0	0	0	0	0	0	0	0	0	0	0	0	0	0	0	0	0	0	0	0	0	0	0	0	0	0	0	0	0	0	0	0	0	0	0	0	0	0	
220972	Rolandic_Oper_L	8818	0	8932	0	0	0	762	0	0	0	10118	0	1450	0	0	0	0	0	8378	0	0	0	1034	0	0	0	0	0	14076	0	0	0	0	0	0	0	776	0	0	0	0	0	136	0	0	0	0	0	0	0	2892	0	194	0	0	0	13478	0	858	0	3024	0	1134	0	4736	0	390	0	544	0	0	0	1252	0	0	0	222	0	5048	0	12500	0	1522	0	7190	0	0	0	1022	0	0	0	0	0	0	0	0	0	0	0	0	0	0	0	0	0	0	0	0	0	0	0	0	0	0	0	
168900	Rolandic_Oper_R	0	3970	0	6650	0	0	0	2380	0	0	0	10564	0	1828	0	0	0	0	0	5654	0	0	0	0	0	0	0	0	0	13142	122	392	0	1384	0	0	0	1336	0	332	0	0	0	0	0	542	0	0	0	574	0	0	0	0	0	1290	0	6990	0	144	0	238	0	4782	0	0	110	2046	0	1148	0	0	0	2274	0	0	0	108	0	6088	0	8572	0	0	0	1126	0	0	0	664	0	0	0	0	0	0	0	0	0	0	0	0	0	0	0	0	0	0	0	0	0	0	0	0	0	0	
810688	Supp_Motor_Area_L	28430	674	95810	8698	98	0	15914	1116	0	0	9630	250	4896	574	1258	312	8378	0	0	39666	0	0	11800	1580	0	0	0	0	30660	690	10880	7008	11682	22518	892	138	2294	620	352	138	142	0	0	0	0	0	0	0	0	0	434	0	114	0	1220	156	9506	0	0	0	484	0	1676	0	970	0	196	0	18200	382	10332	2124	21418	484	4872	180	6802	230	2200	0	2706	0	412	0	1022	0	0	0	1900	0	130	0	0	0	0	0	0	0	96	0	0	0	0	0	0	0	0	0	0	0	0	0	0	0	0	0	
853512	Supp_Motor_Area_R	11270	14212	13478	64884	0	322	1776	7536	0	0	98	8848	120	5560	0	1028	0	5654	39666	0	0	0	2360	8198	0	114	0	0	776	13864	3884	14120	6740	43032	1722	4046	444	11764	170	5436	0	0	0	1112	0	452	0	784	0	430	0	664	0	904	0	9792	0	3046	0	0	0	174	0	834	0	132	144	2400	15012	21108	4932	19954	3420	21294	960	2226	414	14356	0	1302	0	4086	0	0	0	3054	0	0	0	2422	0	0	0	0	0	0	0	114	0	112	0	0	0	0	0	0	0	0	0	0	0	0	0	0	0	0	
89168	Olfactory_L	0	0	218	0	2446	160	0	0	0	0	0	0	0	0	3620	0	0	0	0	0	0	3716	0	0	582	162	1694	274	4712	0	2914	1606	0	0	0	0	876	0	654	0	1690	0	0	0	0	0	0	0	0	0	0	0	0	0	606	0	0	0	0	0	0	0	0	0	0	0	0	0	0	0	7268	3722	5732	994	0	114	0	0	0	0	0	0	824	0	0	0	0	0	0	0	0	0	0	0	0	0	0	0	0	0	0	0	0	0	0	0	0	0	0	0	0	0	0	0	0	0	
101216	Olfactory_R	0	0	152	206	826	2016	0	0	0	286	0	0	0	0	818	1220	0	0	0	0	3716	0	0	0	158	1472	580	3424	1214	2630	1728	2340	0	0	0	0	112	434	0	382	860	480	0	0	0	0	0	0	0	0	0	0	0	0	116	472	0	0	0	0	0	0	0	0	0	0	0	0	0	0	6778	7560	5664	2858	952	776	0	0	0	0	0	0	246	132	0	0	0	0	0	0	0	0	0	0	0	0	0	0	0	0	0	0	0	0	0	0	0	0	0	0	0	0	0	0	0	0	
457076	Frontal_Sup_Medial_L	1246	0	52680	17372	4896	0	19362	1136	320	0	1716	546	1378	1076	240	0	1034	0	11800	2360	0	0	0	29640	2724	850	570	0	5582	550	27892	16516	9080	10892	0	0	0	0	0	0	0	0	0	0	0	0	0	0	0	0	0	0	0	0	0	0	286	0	0	0	0	0	0	0	0	0	0	0	0	0	2248	396	3438	454	0	0	0	0	98	0	160	0	0	0	0	0	0	0	0	0	0	0	0	0	0	0	0	0	0	0	0	0	0	0	0	0	0	0	0	0	0	0	0	0	0	0	
393408	Frontal_Sup_Medial_R	0	0	11396	42482	0	3926	5278	4982	0	228	0	504	100	3760	0	666	0	0	1580	8198	0	0	29640	0	316	6442	0	706	312	4278	9764	30906	2194	13268	0	0	0	0	0	0	0	0	0	0	0	0	0	0	0	0	0	0	0	0	0	0	0	0	0	0	0	0	0	0	0	0	0	0	0	0	458	7546	538	7236	0	0	0	0	0	0	0	0	0	0	0	0	0	0	0	0	0	0	0	0	0	0	0	0	0	0	0	0	0	0	0	0	0	0	0	0	0	0	0	0	0	0	
46884	Frontal_Med_Orb_L	0	0	1324	132	3798	1144	0	0	316	0	0	0	0	0	240	0	0	0	0	0	582	158	2724	316	0	2650	2672	1462	0	0	4000	314	0	0	0	0	0	0	0	0	0	0	0	0	0	0	0	0	0	0	0	0	0	0	0	0	0	0	0	0	0	0	0	0	0	0	0	0	0	0	978	0	632	0	0	0	0	0	0	0	0	0	0	0	0	0	0	0	0	0	0	0	0	0	0	0	0	0	0	0	0	0	0	0	0	0	0	0	0	0	0	0	0	0	0	0	
105420	Frontal_Med_Orb_R	0	0	266	3656	0	9652	126	0	0	1372	0	0	0	0	0	938	0	0	0	114	162	1472	850	6442	2650	0	1356	7970	0	168	3048	6632	0	0	0	0	0	0	0	0	0	0	0	0	0	0	0	0	0	0	0	0	0	0	0	0	0	0	0	0	0	0	0	0	0	0	0	0	0	0	180	3326	104	2226	0	0	0	0	0	0	0	0	0	0	0	0	0	0	0	0	0	0	0	0	0	0	0	0	0	0	0	0	0	0	0	0	0	0	0	0	0	0	0	0	0	0	
65240	Rectus_L	0	0	1536	0	7322	692	0	0	2298	0	0	0	0	0	3060	0	0	0	0	0	1694	580	570	0	2672	1356	0	1444	584	0	4718	522	0	0	0	0	0	0	0	0	0	0	0	0	0	0	0	0	0	0	0	0	0	0	0	0	0	0	0	0	0	0	0	0	0	0	0	0	0	0	2004	482	920	166	0	0	0	0	0	0	0	0	0	0	0	0	0	0	0	0	0	0	0	0	0	0	0	0	0	0	0	0	0	0	0	0	0	0	0	0	0	0	0	0	0	0	
75212	Rectus_R	0	0	0	470	0	8968	0	0	0	2094	0	0	0	0	0	1628	0	0	0	0	274	3424	0	706	1462	7970	1444	0	0	886	370	2650	0	0	0	0	0	0	0	0	0	0	0	0	0	0	0	0	0	0	0	0	0	0	0	0	0	0	0	0	0	0	0	0	0	0	0	0	0	0	478	2600	382	1800	0	0	0	0	0	0	0	0	0	0	0	0	0	0	0	0	0	0	0	0	0	0	0	0	0	0	0	0	0	0	0	0	0	0	0	0	0	0	0	0	0	0	
609688	Insula_L	10524	340	39200	1208	2380	0	31554	198	722	0	15618	0	23958	0	10734	0	14076	0	30660	776	4712	1214	5582	312	0	0	584	0	0	0	4966	784	2778	558	976	810	9282	320	2134	0	1716	0	0	0	0	0	96	0	0	0	1912	0	410	0	6562	0	8236	0	814	0	1852	0	246	0	2534	0	428	0	940	0	4398	1452	21908	224	214	0	1998	566	7932	0	7158	0	4514	0	4210	0	124	0	6580	0	404	0	0	0	0	0	102	0	354	0	0	0	0	0	0	0	0	0	0	0	0	0	0	0	0	0	
440132	Insula_R	124	4380	382	19554	0	2422	236	13838	0	1294	0	14814	0	20170	0	10224	0	13142	690	13864	0	2630	550	4278	0	168	0	886	0	0	118	968	0	2772	0	0	0	10018	0	3284	0	656	0	0	0	436	0	0	0	530	0	0	0	0	0	8010	0	3462	0	0	0	244	0	3688	0	1262	0	1790	116	1066	438	2610	198	25488	102	0	168	4074	0	1890	0	9876	0	852	0	6682	0	138	0	5388	0	0	0	0	0	0	0	96	0	0	0	0	0	0	0	0	0	0	0	0	0	0	0	0	0	0	
457768	Cingulum_Ant_L	2014	0	32380	7588	6624	1274	15692	722	930	0	532	392	2566	278	1484	0	0	122	10880	3884	2914	1728	27892	9764	4000	3048	4718	370	4966	118	0	22692	13758	7336	790	148	798	0	168	0	474	0	0	0	0	0	0	0	0	0	0	0	0	0	148	0	558	0	0	0	150	0	208	0	0	0	0	0	0	0	14142	4412	13728	1876	96	0	366	0	0	0	0	0	156	0	0	0	0	0	0	0	0	0	0	0	0	0	0	0	0	0	0	0	0	0	0	0	0	0	0	0	0	0	0	0	0	0	
457508	Cingulum_Ant_R	120	172	7812	29902	282	3884	3224	2072	0	336	0	1372	162	1282	428	810	0	392	7008	14120	1606	2340	16516	30906	314	6632	522	2650	784	968	22692	0	5332	22472	0	0	0	0	0	0	332	0	0	0	0	0	0	0	0	0	0	0	0	0	0	0	0	0	0	0	0	0	0	0	0	0	0	0	114	0	4924	19388	4118	12014	352	0	0	0	0	170	0	230	0	0	0	0	0	0	0	0	0	0	0	0	0	0	0	0	0	0	0	0	0	0	0	0	0	0	0	0	0	0	0	0	0	0	
219592	Cingulum_Mid_L	1122	0	11866	2296	0	0	6404	144	0	0	230	120	1026	148	0	0	0	0	11682	6740	0	0	9080	2194	0	0	0	0	2778	0	13758	5332	0	12430	6092	418	0	0	0	0	0	0	594	0	800	0	0	0	876	0	1578	0	0	0	0	0	418	0	526	0	204	0	0	0	162	0	4252	794	4302	724	0	0	546	0	0	0	0	0	0	0	0	0	0	0	160	0	0	0	0	0	0	0	0	0	0	0	0	0	0	0	0	0	0	0	0	0	0	0	0	0	0	0	0	0	0	0	
449984	Cingulum_Mid_R	3694	676	9358	19334	0	0	2978	1482	0	0	0	2474	0	2782	0	570	0	1384	22518	43032	0	0	10892	13268	0	0	0	0	558	2772	7336	22472	12430	0	1944	5134	0	0	0	0	0	0	0	2526	104	1230	0	1798	0	878	356	688	0	0	0	150	274	562	288	0	288	0	0	0	140	0	1354	6748	5536	7570	1990	1370	1300	912	0	0	154	330	0	500	0	632	0	0	0	226	0	0	0	0	0	0	0	0	0	0	0	0	0	0	0	0	0	0	0	0	0	0	0	0	0	0	0	0	0	0	
213832	Cingulum_Post_L	3764	2220	268	1892	0	0	700	0	0	0	240	0	0	0	0	0	0	0	892	1722	0	0	0	0	0	0	0	0	976	0	790	0	6092	1944	0	13572	7984	2692	2932	0	0	0	4506	214	1788	0	2098	138	282	0	3578	0	224	0	1586	0	2316	198	2092	0	1428	0	0	0	834	0	11472	2800	7104	1414	0	514	0	0	0	0	3840	7276	808	0	304	0	0	0	782	0	0	0	640	0	0	0	0	0	0	0	0	0	0	0	0	0	0	0	0	0	0	0	0	0	0	0	0	0	0	0	
184296	Cingulum_Post_R	2382	2530	164	1826	0	0	602	0	0	0	178	0	0	0	0	0	0	0	138	4046	0	0	0	0	0	0	0	0	810	0	148	0	418	5134	13572	0	4940	6416	2056	1242	0	0	220	1760	250	342	226	3202	0	150	566	138	140	98	1152	2314	382	1994	376	0	330	0	0	0	226	0	3708	8218	1670	5720	0	408	0	0	0	0	2578	7032	786	0	264	0	0	0	300	122	0	0	292	132	0	0	0	0	0	0	0	0	0	0	0	0	0	0	0	0	0	0	0	0	450	0	0	0	0	0	
305120	Hippocampus_L	8224	1744	2912	1762	0	0	4302	0	0	0	1580	0	0	0	484	0	776	0	2294	444	876	112	0	0	0	0	0	0	9282	0	798	0	0	0	7984	4940	0	2742	20546	122	6050	0	1664	0	0	0	5672	254	0	0	458	0	580	0	19710	0	610	0	0	0	110	0	0	0	246	0	4770	0	1576	0	508	178	12210	0	430	0	5478	5276	2622	0	1460	0	532	0	938	0	148	0	5858	0	886	0	116	0	136	0	1132	0	1028	0	0	0	0	0	0	0	0	0	0	0	0	0	0	0	0	0	
396024	Hippocampus_R	1032	7226	268	10712	0	0	276	686	0	0	0	918	0	312	0	0	0	1336	620	11764	0	434	0	0	0	0	0	0	320	10018	0	0	0	0	2692	6416	2742	0	1280	29830	0	5682	0	1768	0	326	218	3138	0	372	0	0	0	124	652	41830	0	830	0	0	0	0	0	518	0	0	688	4784	472	1200	170	2020	0	15398	0	978	932	9272	454	234	184	956	0	622	148	4194	0	0	0	8750	0	160	0	0	0	0	0	1002	0	782	0	0	0	0	0	0	0	0	0	0	272	0	0	0	0	0	
165868	ParaHippocampal_L	2748	726	580	690	0	0	968	0	0	0	344	0	0	0	288	0	0	0	352	170	654	0	0	0	0	0	0	0	2134	0	168	0	0	0	2932	2056	20546	1280	0	0	3294	0	252	0	0	0	4920	216	0	0	228	0	0	0	14762	0	0	0	0	0	0	0	0	0	0	0	1666	0	408	0	100	0	3962	0	148	0	2188	2614	0	0	192	0	2102	0	134	0	2004	0	814	0	1632	0	202	0	208	0	2304	0	1844	0	0	0	104	0	0	0	0	0	0	0	0	0	0	0	0	0	
234188	ParaHippocampal_R	242	1586	0	4294	0	0	0	292	0	0	0	154	0	116	0	0	0	332	138	5436	0	382	0	0	0	0	0	0	0	3284	0	0	0	0	0	1242	122	29830	0	0	0	6946	0	798	0	0	0	3646	0	0	0	0	0	196	0	27996	0	152	0	0	0	0	0	0	0	0	96	2144	250	258	0	1470	0	7340	0	894	0	4204	0	0	0	106	0	2446	0	792	0	1046	0	1976	0	740	0	242	0	140	0	3518	0	1620	0	0	0	278	0	212	0	0	0	0	0	0	138	0	0	0	
52016	Amygdala_L	0	0	226	0	118	0	0	0	0	0	0	0	0	0	666	0	0	0	142	0	1690	860	0	0	0	0	0	0	1716	0	474	332	0	0	0	0	6050	0	3294	0	0	0	0	0	0	0	0	0	0	0	0	0	0	0	4218	0	0	0	0	0	0	0	0	0	0	0	0	0	0	0	1426	974	1894	286	0	0	142	0	0	0	0	0	716	0	0	0	450	0	174	0	0	0	0	0	0	0	160	0	0	0	0	0	0	0	0	0	0	0	0	0	0	0	0	0	0	0	
51332	Amygdala_R	0	0	0	0	0	0	0	0	0	0	0	0	0	0	0	0	0	0	0	0	0	480	0	0	0	0	0	0	0	656	0	0	0	0	0	0	0	5682	0	6946	0	0	0	0	0	0	0	0	0	0	0	0	0	0	0	7562	0	0	0	0	0	0	0	0	0	0	0	0	0	0	0	0	0	806	0	0	0	0	0	0	0	0	0	2126	0	0	0	766	0	642	0	0	0	0	0	0	0	0	0	0	0	0	0	0	0	0	0	0	0	0	0	0	0	0	0	0	
243116	Calcarine_L	146	0	0	0	0	0	0	0	0	0	0	0	0	0	0	0	136	0	0	0	0	0	0	0	0	0	0	0	0	0	0	0	594	0	4506	220	1664	0	252	0	0	0	0	9368	14840	5422	12796	3722	10616	2518	22456	890	4826	218	2120	468	518	0	658	0	102	0	0	0	264	0	11802	1516	2492	0	0	0	0	0	0	0	0	0	0	0	140	0	0	0	3936	0	0	0	2176	0	0	0	0	0	0	0	0	0	176	0	0	0	0	0	0	0	0	0	0	0	0	0	0	0	0	0	
314744	Calcarine_R	0	1422	0	0	0	0	0	0	0	0	0	0	0	0	0	0	0	0	0	1112	0	0	0	0	0	0	0	0	0	0	0	0	0	2526	214	1760	0	1768	0	798	0	0	9368	0	4342	26820	1714	25928	0	19962	0	14766	0	3362	0	8754	0	1744	0	0	0	148	0	0	0	114	578	22226	504	3712	0	0	0	0	0	0	0	0	0	0	0	0	0	0	0	3410	0	0	0	224	0	0	0	0	0	0	0	0	0	0	0	0	0	0	0	0	0	0	0	0	96	0	0	0	0	0	
175048	Cuneus_L	0	0	0	0	0	0	0	0	0	0	0	0	0	0	0	0	0	0	0	0	0	0	0	0	0	0	0	0	0	0	0	0	800	104	1788	250	0	0	0	0	0	0	14840	4342	0	6070	1740	434	19548	2150	13138	752	1742	0	1126	156	224	0	2074	0	0	0	0	0	0	0	11312	1468	1628	0	0	0	0	0	0	0	0	0	0	0	0	0	0	0	1078	0	0	0	612	0	0	0	0	0	0	0	0	0	148	0	0	0	0	0	0	0	0	0	0	0	0	0	0	0	0	0	
348668	Cuneus_R	0	1532	0	0	0	0	0	0	0	0	0	0	0	0	0	0	0	542	0	452	0	0	0	0	0	0	0	0	0	436	0	0	0	1230	0	342	0	326	0	0	0	0	5422	26820	6070	0	460	7902	0	45734	0	17374	0	1484	0	3454	0	5420	0	2460	0	1414	0	844	0	1080	2630	31888	0	3396	0	0	0	0	0	0	0	138	0	0	0	524	0	0	0	3708	0	0	0	1252	0	0	0	0	0	0	0	0	0	0	0	0	0	0	0	0	0	0	0	0	0	0	0	0	0	0	
370028	Lingual_L	110	0	0	0	0	0	0	0	0	0	0	0	0	0	0	0	0	0	0	0	0	0	0	0	0	0	0	0	96	0	0	0	0	0	2098	226	5672	218	4920	0	0	0	12796	1714	1740	460	0	7080	4842	850	22142	266	10798	806	20668	3198	116	0	120	0	0	0	0	0	242	0	5068	0	408	0	0	0	134	0	0	0	136	294	0	0	0	0	0	0	1794	0	0	0	620	0	10298	3696	840	334	240	128	12716	3762	18352	5744	0	0	0	0	164	226	0	0	0	274	10158	6334	1302	178	234	402	
374788	Lingual_R	0	990	0	0	0	0	0	0	0	0	0	0	0	0	0	0	0	0	0	784	0	0	0	0	0	0	0	0	0	0	0	0	0	1798	138	3202	254	3138	216	3646	0	0	3722	25928	434	7902	7080	0	0	6044	142	6184	818	6218	2386	23642	0	1354	0	0	0	0	0	0	0	0	278	15656	422	2712	0	0	0	0	0	0	0	506	0	0	0	0	0	0	0	364	0	0	0	270	4958	6704	522	0	162	234	3900	5858	8984	9796	0	0	102	0	0	144	0	0	0	340	7212	9784	1984	240	242	0	
166836	Occipital_Sup_L	98	0	0	0	0	0	0	0	0	0	0	0	0	0	0	0	0	0	0	0	0	0	0	0	0	0	0	0	0	0	0	0	876	0	282	0	0	0	0	0	0	0	10616	0	19548	0	4842	0	0	0	23926	0	2430	0	1336	0	300	0	4986	0	412	0	0	0	446	0	10644	298	506	0	0	0	0	0	0	0	0	0	0	0	100	0	0	0	1600	0	0	0	0	0	0	0	0	0	0	0	0	0	172	0	0	0	0	0	0	0	0	0	0	0	0	0	0	0	0	0	
368908	Occipital_Sup_R	0	2352	0	102	0	0	0	0	0	0	0	0	0	0	0	0	0	574	0	430	0	0	0	0	0	0	0	0	0	530	0	0	0	878	0	150	0	372	0	0	0	0	2518	19962	2150	45734	850	6044	0	0	0	30230	0	2052	0	3576	0	6384	0	6584	0	3930	0	868	0	6616	950	28956	0	4656	0	0	0	0	0	0	0	124	0	0	0	596	0	0	0	4434	0	0	0	1852	0	0	0	0	0	0	0	0	0	0	0	0	0	0	0	0	0	0	0	0	0	0	0	0	0	0	
594704	Occipital_Mid_L	3604	0	470	0	0	0	444	0	0	0	630	0	0	0	0	0	2892	0	434	0	0	0	0	0	0	0	0	0	1912	0	0	0	1578	356	3578	566	458	0	228	0	0	0	22456	0	13138	0	22142	142	23926	0	0	0	22426	0	12156	0	15694	0	20980	0	22582	0	800	0	25810	0	14784	444	12136	0	0	0	0	0	0	0	178	160	664	0	3830	0	0	0	35450	0	0	0	8732	0	186	0	0	0	0	0	160	0	708	0	0	0	0	0	0	0	0	0	0	0	280	238	0	0	0	0	
288500	Occipital_Mid_R	0	1974	0	0	0	0	0	0	0	0	0	0	0	0	0	0	0	0	0	664	0	0	0	0	0	0	0	0	0	0	0	0	0	688	0	138	0	0	0	0	0	0	890	14766	752	17374	266	6184	0	30230	0	0	0	4524	0	3930	0	1482	0	4964	0	8506	0	140	0	15304	420	11258	0	2508	0	0	0	0	0	0	0	0	0	0	0	1062	0	0	0	15632	0	0	0	594	0	0	0	0	0	0	0	0	0	0	0	0	0	0	0	0	0	0	0	0	0	0	0	0	0	0	
188420	Occipital_Inf_L	1074	0	216	0	0	0	312	0	0	0	338	0	0	0	0	0	194	0	114	0	0	0	0	0	0	0	0	0	410	0	0	0	0	0	224	140	580	0	0	0	0	0	4826	0	1742	0	10798	818	2430	0	22426	0	0	0	15004	282	1306	0	1162	0	1386	0	126	0	870	0	644	0	542	0	0	0	0	0	0	0	468	180	852	0	612	0	0	0	7462	0	0	0	9808	0	266	142	0	0	0	0	940	276	2728	234	0	0	0	0	0	0	0	0	0	0	1288	990	0	0	0	0	
82788	Occipital_Inf_R	0	1160	0	0	0	0	0	0	0	0	0	0	0	0	0	0	0	0	0	904	0	0	0	0	0	0	0	0	0	0	0	0	0	0	0	98	0	124	0	196	0	0	218	3362	0	1484	806	6218	0	2052	0	4524	0	0	308	8230	0	194	0	0	0	290	0	0	0	502	0	1404	0	1066	0	0	0	0	0	0	0	0	0	0	0	0	0	0	0	1338	0	0	0	3382	470	224	0	0	0	0	0	0	692	850	0	0	0	0	0	0	0	0	0	0	0	926	372	0	0	0	
505924	Fusiform_L	1984	416	1336	378	0	0	850	0	0	0	408	0	0	0	296	0	0	0	1220	0	606	116	0	0	0	0	0	0	6562	0	148	0	0	0	1586	1152	19710	652	14762	0	4218	0	2120	0	1126	0	20668	2386	1336	0	12156	0	15004	308	0	1170	0	0	0	0	0	0	0	0	0	0	1378	0	232	0	262	154	8700	0	0	0	2106	1354	938	0	5046	0	5306	0	3938	0	4256	0	21028	0	24264	724	2290	0	152	0	13802	626	30932	1236	602	0	1350	0	444	252	206	0	0	124	3648	3570	670	234	270	194	
598492	Fusiform_R	258	6154	0	6860	0	0	0	544	0	0	0	848	0	202	0	0	0	1290	156	9792	0	472	0	0	0	0	0	0	0	8010	0	0	0	150	0	2314	0	41830	0	27996	0	7562	468	8754	156	3454	3198	23642	0	3576	0	3930	282	8230	1170	0	0	1148	0	0	0	0	0	544	0	0	0	6688	290	2654	158	1556	0	10774	0	530	250	4400	0	226	0	1004	0	5616	0	7794	0	4052	0	18554	3008	12682	450	560	0	258	1800	7372	4758	16394	0	110	110	582	0	280	0	0	0	0	4084	6830	1936	242	254	0	
400576	Postcentral_L	25742	0	11046	0	0	0	3776	0	0	0	4870	0	110	0	0	0	13478	0	9506	0	0	0	286	0	0	0	0	0	8236	0	558	0	418	274	2316	382	610	0	0	0	0	0	518	0	224	0	116	0	300	0	15694	0	1306	0	0	0	0	0	15220	0	22568	0	9470	0	6356	0	9636	264	16184	0	0	0	0	0	0	0	0	0	4140	0	7178	0	0	0	6176	0	0	0	3330	0	0	0	0	0	0	0	0	0	0	0	0	0	0	0	0	0	0	0	0	0	0	0	0	0	0	0	
226248	Postcentral_R	0	22882	0	3080	0	0	0	920	0	0	0	3424	0	224	0	0	0	6990	0	3046	0	0	0	0	0	0	0	0	0	3462	0	0	0	562	198	1994	0	830	0	152	0	0	0	1744	0	5420	0	1354	0	6384	0	1482	0	194	0	1148	0	0	0	3222	0	3616	0	12906	0	258	114	11108	0	10552	246	402	0	2188	0	0	252	566	0	456	0	444	0	0	0	986	0	0	0	318	0	0	0	0	0	0	0	0	0	0	0	0	0	0	0	0	0	0	0	0	0	0	0	0	0	0	
196696	Parietal_Sup_L	706	0	0	0	0	0	0	0	0	0	136	0	0	0	0	0	858	0	0	0	0	0	0	0	0	0	0	0	814	0	0	0	526	288	2092	376	0	0	0	0	0	0	658	0	2074	0	120	0	4986	0	20980	0	1162	0	0	0	15220	0	0	0	16382	0	98	0	4172	0	11012	294	6728	0	0	0	0	0	0	0	0	0	310	0	1232	0	0	0	4432	0	0	0	2692	0	0	0	0	0	0	0	0	0	0	0	0	0	0	0	0	0	0	0	0	0	0	0	0	0	0	0	
86960	Parietal_Sup_R	0	0	0	98	0	0	0	0	0	0	0	0	0	0	0	0	0	144	0	0	0	0	0	0	0	0	0	0	0	0	0	0	0	0	0	0	0	0	0	0	0	0	0	0	0	2460	0	0	0	6584	0	4964	0	0	0	0	0	3222	0	0	0	6284	0	422	0	7088	792	9540	0	1882	0	0	0	0	0	0	0	0	0	0	0	0	0	0	0	0	0	0	0	0	0	0	0	0	0	0	0	0	0	0	0	0	0	0	0	0	0	0	0	0	0	0	0	0	0	0	
282756	Parietal_Inf_L	4072	0	818	0	0	0	558	0	0	0	614	0	0	0	0	0	3024	0	484	0	0	0	0	0	0	0	0	0	1852	0	150	0	204	288	1428	330	110	0	0	0	0	0	102	0	0	0	0	0	412	0	22582	0	1386	0	0	0	22568	0	16382	0	0	0	11504	0	26150	0	1172	250	2466	0	0	0	0	0	0	0	0	0	850	0	3058	0	0	0	13754	0	0	0	4810	0	0	0	0	0	0	0	0	0	0	0	0	0	0	0	0	0	0	0	0	0	0	0	0	0	0	0	
120768	Parietal_Inf_R	0	858	0	226	0	0	0	0	0	0	0	0	0	0	0	0	0	238	0	174	0	0	0	0	0	0	0	0	0	244	0	0	0	0	0	0	0	0	0	0	0	0	0	148	0	1414	0	0	0	3930	0	8506	0	290	0	0	0	3616	0	6284	0	0	0	6708	0	17708	192	2682	0	816	0	0	0	0	0	0	0	240	0	0	0	248	0	0	0	5640	0	0	0	222	0	0	0	0	0	0	0	0	0	0	0	0	0	0	0	0	0	0	0	0	0	0	0	0	0	0	
94296	SupraMarginal_L	3044	0	2128	0	0	0	244	0	0	0	0	0	0	0	0	0	1134	0	1676	0	0	0	0	0	0	0	0	0	246	0	208	0	0	0	0	0	0	0	0	0	0	0	0	0	0	0	0	0	0	0	800	0	126	0	0	0	9470	0	98	0	11504	0	0	0	5272	0	0	0	548	0	0	0	0	0	0	0	0	0	220	0	4888	0	0	0	4700	0	0	0	842	0	0	0	0	0	0	0	0	0	0	0	0	0	0	0	0	0	0	0	0	0	0	0	0	0	0	0	
133272	SupraMarginal_R	0	4322	0	800	0	0	0	100	0	0	0	1372	0	0	0	0	0	4782	0	834	0	0	0	0	0	0	0	0	0	3688	0	0	0	0	0	0	0	518	0	0	0	0	0	0	0	844	0	0	0	868	0	140	0	0	0	544	0	12906	0	422	0	6708	0	0	0	7636	0	1358	0	304	98	116	0	1380	0	0	104	1672	0	0	0	6468	0	0	0	7758	0	0	0	894	0	0	0	0	0	0	0	0	0	0	0	0	0	0	0	0	0	0	0	0	0	0	0	0	0	0	
253896	Angular_L	1886	0	998	0	0	0	306	0	0	0	712	0	0	0	0	0	4736	0	970	0	0	0	0	0	0	0	0	0	2534	0	0	0	162	140	834	226	246	0	0	0	0	0	264	0	0	0	242	0	446	0	25810	0	870	0	0	0	6356	0	4172	0	26150	0	5272	0	0	0	870	124	1682	0	0	0	0	0	0	0	0	0	914	0	6510	0	0	0	29038	0	0	0	4478	0	0	0	0	0	0	0	0	0	0	0	0	0	0	0	0	0	0	0	0	0	0	0	0	0	0	0	
160440	Angular_R	0	656	0	0	0	0	0	0	0	0	0	0	0	0	0	0	0	0	0	132	0	0	0	0	0	0	0	0	0	1262	0	0	0	0	0	0	0	0	0	0	0	0	0	114	0	1080	0	0	0	6616	0	15304	0	502	0	0	0	258	0	7088	0	17708	0	7636	0	0	206	2204	0	1038	0	0	0	0	0	0	0	776	0	0	0	4462	0	0	0	12674	0	0	0	504	0	0	0	0	0	0	0	0	0	0	0	0	0	0	0	0	0	0	0	0	0	0	0	0	0	0	
279520	Precuneus_L	320	288	0	190	0	0	126	0	0	0	96	0	0	0	0	0	390	110	196	144	0	0	0	0	0	0	0	0	428	0	0	0	4252	1354	11472	3708	4770	688	1666	96	0	0	11802	578	11312	2630	5068	278	10644	950	14784	420	644	0	1378	0	9636	114	11012	792	1172	192	0	0	870	206	0	8640	10350	702	0	0	0	0	0	0	0	978	182	0	308	0	0	0	2272	166	0	0	1386	0	0	0	0	0	0	0	0	0	0	0	0	0	0	0	0	0	0	0	0	0	0	0	0	0	0	0	
437760	Precuneus_R	0	3988	0	236	0	0	0	0	0	0	0	0	0	0	0	0	0	2046	0	2400	0	0	0	0	0	0	0	0	0	1790	0	0	794	6748	2800	8218	0	4784	0	2144	0	0	1516	22226	1468	31888	0	15656	298	28956	444	11258	0	1404	0	6688	264	11108	294	9540	250	2682	0	1358	124	2204	8640	0	832	14254	0	0	0	0	0	0	0	1008	0	432	0	1714	0	0	0	3572	0	0	0	2108	0	0	0	0	0	0	0	224	0	0	0	0	0	0	0	0	0	0	0	0	522	0	0	0	0	0	
409608	Paracentral_Lobule_L	42344	3000	11846	2764	0	0	584	0	0	0	186	0	0	0	0	0	544	0	18200	15012	0	0	0	0	0	0	0	0	940	116	0	114	4302	5536	7104	1670	1576	472	408	250	0	0	2492	504	1628	0	408	422	506	0	12136	0	542	0	232	290	16184	0	6728	0	2466	0	548	0	1682	0	10350	832	0	3028	1352	3452	1776	0	542	0	10266	3944	344	0	524	0	0	0	3068	0	0	0	1590	0	0	0	0	0	0	0	0	0	0	0	0	0	0	0	0	0	0	0	0	0	0	0	0	0	0	0	
234960	Paracentral_Lobule_R	518	14192	0	228	0	0	0	0	0	0	0	0	0	0	0	0	0	1148	382	21108	0	0	0	0	0	0	0	0	0	1066	0	0	724	7570	1414	5720	0	1200	0	258	0	0	0	3712	0	3396	0	2712	0	4656	0	2508	0	1066	0	2654	0	10552	0	1882	0	816	0	304	0	1038	702	14254	3028	0	0	0	0	0	0	0	0	202	0	742	0	3262	0	0	0	3076	0	0	0	1390	0	0	0	0	0	0	0	0	0	0	0	0	0	0	0	0	0	0	0	0	0	0	0	0	0	0	
342208	Caudate_L	1652	552	11350	4462	2498	254	2612	2486	140	104	200	0	482	0	2562	226	0	0	10332	4932	7268	6778	2248	458	978	180	2004	478	4398	438	14142	4924	0	1990	0	0	508	170	100	0	1426	0	0	0	0	0	0	0	0	0	0	0	0	0	262	158	0	246	0	0	0	0	0	98	0	0	0	0	1352	0	0	19620	32770	4248	7282	1512	8086	1594	0	0	0	0	544	0	0	0	0	0	0	0	0	0	0	0	0	0	0	0	0	0	0	0	0	0	0	0	0	0	0	0	0	0	0	0	0	0	
402332	Caudate_R	1454	2380	1982	14296	840	4064	322	2574	0	1424	0	244	0	362	948	2880	0	0	2124	19954	3722	7560	396	7546	0	3326	482	2600	1452	2610	4412	19388	0	1370	514	408	178	2020	0	1470	974	0	0	0	0	0	0	0	0	0	0	0	0	0	154	1556	0	402	0	0	0	0	0	116	0	0	0	0	3452	0	19620	0	10828	23646	3462	2772	1468	16918	0	0	0	0	278	0	0	96	0	0	0	122	0	0	0	0	0	0	0	0	0	0	0	0	0	0	0	0	0	0	0	0	0	0	0	0	0	0	
493288	Putamen_L	4354	198	25438	3848	2930	232	6984	1604	1062	96	2664	0	3270	0	8100	132	1252	0	21418	3420	5732	5664	3438	538	632	104	920	382	21908	198	13728	4118	546	1300	0	0	12210	0	3962	0	1894	0	0	0	0	0	134	0	0	0	0	0	0	0	8700	0	0	0	0	0	0	0	0	0	0	0	0	0	1776	0	32770	10828	0	2550	10100	1272	2346	0	244	0	1964	0	2452	0	492	0	0	0	4518	0	736	0	0	0	0	0	648	0	838	0	0	0	0	0	0	0	0	0	0	0	0	0	0	0	0	0	
429192	Putamen_R	0	2584	494	26366	118	4446	242	6920	0	1132	0	6270	0	4706	210	5248	0	2274	484	21294	994	2858	454	7236	0	2226	166	1800	224	25488	1876	12014	0	912	0	0	0	15398	0	7340	286	806	0	0	0	0	0	0	0	0	0	0	0	0	0	10774	0	2188	0	0	0	0	0	1380	0	0	0	0	0	0	4248	23646	2550	0	780	2358	134	482	0	242	0	254	0	258	0	422	0	0	0	1226	0	0	0	0	0	0	0	472	0	316	0	0	0	0	0	0	0	0	0	0	0	0	0	0	0	0	
77044	Pallidum_L	1014	0	3728	338	0	0	488	0	0	0	0	0	0	0	0	0	0	0	4872	960	0	952	0	0	0	0	0	0	214	102	96	352	0	0	0	0	430	0	148	0	0	0	0	0	0	0	0	0	0	0	0	0	0	0	0	0	0	0	0	0	0	0	0	0	0	0	0	0	542	0	7282	3462	10100	780	0	924	1628	110	0	0	0	0	0	0	0	0	0	0	0	0	0	0	0	0	0	0	0	0	0	0	0	0	0	0	0	0	0	0	0	0	0	0	0	0	0	0	
32944	Pallidum_R	0	0	140	1696	0	0	0	0	0	0	0	0	0	0	0	0	0	0	180	2226	114	776	0	0	0	0	0	0	0	0	0	0	0	0	0	0	0	978	0	894	0	0	0	0	0	0	0	0	0	0	0	0	0	0	0	530	0	0	0	0	0	0	0	0	0	0	0	0	0	0	1512	2772	1272	2358	924	0	0	0	0	0	0	0	0	0	0	0	0	0	0	0	0	0	0	0	0	0	0	0	0	100	0	0	0	0	0	0	0	0	0	0	0	0	0	0	0	0	
183984	Thalamus_L	14830	1090	4838	1236	0	0	1150	198	0	0	366	0	0	0	0	0	222	0	6802	414	0	0	0	0	0	0	0	0	1998	168	366	0	0	154	3840	2578	5478	932	2188	0	142	0	0	0	0	0	136	0	0	0	178	0	468	0	2106	250	0	252	0	0	0	0	0	104	0	0	0	0	10266	0	8086	1468	2346	134	1628	0	0	12178	396	0	452	0	0	0	620	0	0	0	1934	0	0	0	0	0	0	0	0	0	0	0	0	0	0	0	0	0	0	0	0	0	0	0	0	0	0	0	
251640	Thalamus_R	4726	5062	174	6268	0	0	486	644	0	0	152	184	0	0	0	0	0	108	230	14356	0	0	0	0	0	0	0	0	566	4074	0	0	0	330	7276	7032	5276	9272	2614	4204	0	0	0	0	0	138	294	506	0	124	160	0	180	0	1354	4400	0	566	0	0	0	240	0	1672	0	776	978	1008	3944	202	1594	16918	0	482	110	0	12178	0	624	0	246	1474	0	0	336	1158	0	0	352	628	0	0	0	0	0	0	0	0	0	0	0	0	0	0	0	0	0	0	0	0	144	0	0	0	0	0	
135672	Heschl_L	4654	364	2338	400	0	0	2716	0	0	0	2866	0	0	0	0	0	5048	0	2200	0	0	0	98	0	0	0	0	0	7932	0	0	0	0	0	808	786	2622	454	0	0	0	0	0	0	0	0	0	0	0	0	664	0	852	0	938	0	4140	0	310	0	850	0	220	0	914	0	182	0	344	0	0	0	244	0	0	0	396	624	0	0	7984	0	0	0	7812	0	0	0	7482	0	594	0	0	0	0	0	0	0	0	0	0	0	0	0	0	0	0	0	0	0	0	0	0	0	0	0	
47564	Heschl_R	0	1136	0	1078	0	0	0	328	0	0	0	2366	0	294	0	0	0	6088	0	1302	0	0	0	0	0	0	0	0	0	1890	0	170	0	500	0	0	0	234	0	0	0	0	0	0	0	0	0	0	0	0	0	0	0	0	0	226	0	456	0	0	0	0	0	0	0	0	0	432	0	742	0	0	0	242	0	0	0	0	0	0	0	5396	0	0	0	644	0	0	0	258	0	0	0	0	0	0	0	0	0	0	0	0	0	0	0	0	0	0	0	0	0	0	0	0	0	0	
256152	Temporal_Sup_L	3874	126	2836	176	0	0	486	0	0	0	2694	0	692	0	0	0	12500	0	2706	0	0	0	160	0	0	0	0	0	7158	0	0	0	0	0	304	264	1460	184	192	0	0	0	140	0	0	0	0	0	100	0	3830	0	612	0	5046	0	7178	0	1232	0	3058	0	4888	0	6510	0	308	0	524	0	0	0	1964	0	0	0	452	246	7984	0	0	0	3650	0	28082	0	0	0	15934	0	404	0	0	0	0	0	0	0	122	0	0	0	0	0	0	0	0	0	0	0	0	0	0	0	0	0	
170104	Temporal_Sup_R	0	3132	0	1982	0	0	0	956	0	0	0	3586	0	532	0	0	0	8572	0	4086	0	0	0	0	0	0	0	0	0	9876	0	230	0	632	0	0	0	956	0	106	0	0	0	0	0	524	0	0	0	596	0	1062	0	0	0	1004	0	444	0	0	0	248	0	6468	0	4462	0	1714	0	3262	0	0	0	254	0	0	0	1474	0	5396	0	0	0	718	0	18596	0	428	0	3756	0	0	0	0	0	0	0	0	0	0	0	0	0	0	0	0	0	0	0	0	0	0	0	0	0	0	
100660	Temporal_Pole_Sup_L	0	0	512	0	450	0	0	0	100	0	1586	0	1260	0	1680	0	1522	0	412	0	824	246	0	0	0	0	0	0	4514	0	156	0	0	0	0	0	532	0	2102	0	716	0	0	0	0	0	0	0	0	0	0	0	0	0	5306	0	0	0	0	0	0	0	0	0	0	0	0	0	0	0	544	278	2452	0	0	0	0	0	0	0	3650	0	0	0	7724	0	6516	0	7248	0	0	0	0	0	0	0	0	0	0	0	0	0	0	0	0	0	0	0	0	0	0	0	0	0	0	0	
42820	Temporal_Pole_Sup_R	0	0	0	0	0	0	0	0	0	0	0	0	0	0	0	0	0	0	0	0	0	132	0	0	0	0	0	0	0	852	0	0	0	0	0	0	0	622	0	2446	0	2126	0	0	0	0	0	0	0	0	0	0	0	0	0	5616	0	0	0	0	0	0	0	0	0	0	0	0	0	0	0	0	0	258	0	0	0	0	0	0	0	718	0	0	0	2136	0	3900	0	2604	0	0	0	0	0	0	0	0	0	0	0	0	0	0	0	0	0	0	0	0	0	0	0	0	0	0	
475224	Temporal_Mid_L	6742	146	1274	152	0	0	1600	0	0	0	2226	0	184	0	0	0	7190	0	1022	0	0	0	0	0	0	0	0	0	4210	0	0	0	160	0	782	300	938	148	134	0	0	0	3936	0	1078	0	1794	0	1600	0	35450	0	7462	0	3938	0	6176	0	4432	0	13754	0	4700	0	29038	0	2272	0	3068	0	0	0	492	0	0	0	620	336	7812	0	28082	0	7724	0	0	0	4900	0	41740	0	0	0	0	0	0	0	0	0	0	0	0	0	0	0	0	0	0	0	0	0	0	0	0	0	0	0	
284148	Temporal_Mid_R	0	3162	0	632	0	0	0	0	0	0	0	206	0	0	0	0	0	1126	0	3054	0	0	0	0	0	0	0	0	0	6682	0	0	0	226	0	122	0	4194	0	792	0	0	0	3410	0	3708	0	364	0	4434	0	15632	0	1338	0	7794	0	986	0	0	0	5640	0	7758	0	12674	166	3572	0	3076	0	96	0	422	0	0	0	1158	0	644	0	18596	0	2136	0	0	0	2468	0	25806	0	0	0	0	0	0	0	0	0	0	0	0	0	0	0	0	0	0	0	0	0	0	0	0	0	0	
47808	Temporal_Pole_Mid_L	0	0	0	0	0	0	0	0	0	0	0	0	0	0	0	0	0	0	0	0	0	0	0	0	0	0	0	0	124	0	0	0	0	0	0	0	148	0	2004	0	450	0	0	0	0	0	0	0	0	0	0	0	0	0	4256	0	0	0	0	0	0	0	0	0	0	0	0	0	0	0	0	0	0	0	0	0	0	0	0	0	0	0	6516	0	4900	0	0	0	5506	0	0	0	0	0	0	0	0	0	0	0	0	0	0	0	0	0	0	0	0	0	0	0	0	0	0	0	
28088	Temporal_Pole_Mid_R	0	0	0	0	0	0	0	0	0	0	0	0	0	0	0	0	0	0	0	0	0	0	0	0	0	0	0	0	0	138	0	0	0	0	0	0	0	0	0	1046	0	766	0	0	0	0	0	0	0	0	0	0	0	0	0	4052	0	0	0	0	0	0	0	0	0	0	0	0	0	0	0	0	0	0	0	0	0	0	0	0	0	428	0	3900	0	2468	0	0	0	1246	0	0	0	0	0	0	0	0	0	0	0	0	0	0	0	0	0	0	0	0	0	0	0	0	0	0	
368676	Temporal_Inf_L	3834	142	2238	164	0	0	1486	0	0	0	1458	0	0	0	0	0	1022	0	1900	0	0	0	0	0	0	0	0	0	6580	0	0	0	0	0	640	292	5858	0	814	0	174	0	2176	0	612	0	620	0	0	0	8732	0	9808	0	21028	0	3330	0	2692	0	4810	0	842	0	4478	0	1386	0	1590	0	0	0	4518	0	0	0	1934	352	7482	0	15934	0	7248	0	41740	0	5506	0	0	0	6636	0	650	0	0	0	754	0	2424	0	156	0	298	0	0	0	0	0	0	0	0	0	0	0	0	0	
181528	Temporal_Inf_R	0	1542	0	1072	0	0	0	0	0	0	0	308	0	0	0	0	0	664	0	2422	0	0	0	0	0	0	0	0	0	5388	0	0	0	0	0	132	0	8750	0	1976	0	642	0	224	0	1252	0	270	0	1852	0	594	0	3382	0	18554	0	318	0	0	0	222	0	894	0	504	0	2108	0	1390	0	122	0	1226	0	0	0	628	0	258	0	3756	0	2604	0	25806	0	1246	0	0	0	546	0	0	0	0	0	0	0	112	0	0	0	0	0	0	0	0	0	0	0	0	0	0	0	0	
485952	Cerebelum_Crus1_L	0	0	136	0	0	0	0	0	0	0	0	0	0	0	0	0	0	0	130	0	0	0	0	0	0	0	0	0	404	0	0	0	0	0	0	0	886	0	1632	0	0	0	0	0	0	0	10298	4958	0	0	186	0	266	470	24264	3008	0	0	0	0	0	0	0	0	0	0	0	0	0	0	0	0	736	0	0	0	0	0	594	0	404	0	0	0	0	0	0	0	6636	0	0	3844	32084	1672	360	220	23752	2460	55918	5690	11054	708	16530	792	4178	754	1658	0	226	460	9058	6572	6410	1674	1258	636	
507592	Cerebelum_Crus1_R	0	0	0	0	0	0	0	0	0	0	0	0	0	0	0	0	0	0	0	0	0	0	0	0	0	0	0	0	0	0	0	0	0	0	0	0	0	160	0	740	0	0	0	0	0	0	3696	6704	0	0	0	0	142	224	724	12682	0	0	0	0	0	0	0	0	0	0	0	0	0	0	0	0	0	0	0	0	0	0	0	0	0	0	0	0	0	0	0	0	0	546	3844	0	1928	39422	0	5880	4386	25738	4530	61990	748	6942	668	27758	168	6906	170	0	258	1936	12886	6882	10696	2344	2098	0	
345520	Cerebelum_Crus2_L	0	0	0	0	0	0	0	0	0	0	0	0	0	0	0	0	0	0	0	0	0	0	0	0	0	0	0	0	0	0	0	0	0	0	0	0	116	0	202	0	0	0	0	0	0	0	840	522	0	0	0	0	0	0	2290	450	0	0	0	0	0	0	0	0	0	0	0	0	0	0	0	0	0	0	0	0	0	0	0	0	0	0	0	0	0	0	0	0	650	0	32084	1928	0	6278	124	0	3120	628	7276	1908	39922	2932	38614	3542	9738	832	2734	0	100	208	1238	1170	8436	3424	1278	176	
350920	Cerebelum_Crus2_R	0	0	0	0	0	0	0	0	0	0	0	0	0	0	0	0	0	0	0	0	0	0	0	0	0	0	0	0	0	0	0	0	0	0	0	0	0	0	0	242	0	0	0	0	0	0	334	0	0	0	0	0	0	0	0	560	0	0	0	0	0	0	0	0	0	0	0	0	0	0	0	0	0	0	0	0	0	0	0	0	0	0	0	0	0	0	0	0	0	0	1672	39422	6278	0	0	1472	602	5272	182	11058	3616	30028	1710	44652	0	10454	270	110	0	452	1464	132	10196	3446	1836	0	
22248	Cerebelum_3_L	0	0	0	0	0	0	0	0	0	0	0	0	0	0	0	0	0	0	0	0	0	0	0	0	0	0	0	0	0	0	0	0	0	0	0	0	136	0	208	0	0	0	0	0	0	0	240	162	0	0	0	0	0	0	152	0	0	0	0	0	0	0	0	0	0	0	0	0	0	0	0	0	0	0	0	0	0	0	0	0	0	0	0	0	0	0	0	0	0	0	360	0	124	0	0	0	4998	142	1096	106	0	0	0	0	464	0	0	0	702	1562	672	0	0	0	0	0	
82236	Cerebelum_3_R	0	0	0	0	0	0	0	0	0	0	0	0	0	0	0	0	0	0	0	0	0	0	0	0	0	0	0	0	0	0	0	0	0	0	0	0	0	0	0	140	0	0	0	0	0	0	128	234	0	0	0	0	0	0	0	258	0	0	0	0	0	0	0	0	0	0	0	0	0	0	0	0	0	0	0	0	0	0	0	0	0	0	0	0	0	0	0	0	0	0	220	5880	0	1472	0	0	436	7934	464	8000	0	104	0	2082	0	1624	0	0	812	4378	1612	1312	1404	1316	1308	0	
335456	Cerebelum_4_5_L	0	0	0	0	0	0	0	0	0	0	0	0	0	0	0	0	0	0	0	0	0	0	0	0	0	0	0	0	102	0	0	0	0	0	0	0	1132	0	2304	0	160	0	0	0	0	0	12716	3900	0	0	160	0	940	0	13802	1800	0	0	0	0	0	0	0	0	0	0	0	0	0	0	0	0	648	0	0	0	0	0	0	0	0	0	0	0	0	0	0	0	754	0	23752	4386	3120	602	4998	436	0	7566	37072	7728	874	0	1238	0	4270	990	580	0	978	2092	20544	4832	574	0	632	2046	
298096	Cerebelum_4_5_R	0	0	0	0	0	0	0	0	0	0	0	0	0	0	0	0	0	0	0	114	0	0	0	0	0	0	0	0	0	96	0	0	0	0	0	0	0	1002	0	3518	0	0	0	0	0	0	3762	5858	0	0	0	0	276	0	626	7372	0	0	0	0	0	0	0	0	0	0	0	224	0	0	0	0	0	472	0	0	0	0	0	0	0	0	0	0	0	0	0	0	0	0	2460	25738	628	5272	142	7934	7566	0	4220	35222	156	384	120	4938	104	1768	0	0	380	2458	19220	1684	2866	1122	1216	130	
495060	Cerebelum_6_L	0	0	100	0	0	0	0	0	0	0	0	0	0	0	0	0	0	0	96	0	0	0	0	0	0	0	0	0	354	0	0	0	0	0	0	0	1028	0	1844	0	0	0	176	0	148	0	18352	8984	172	0	708	0	2728	692	30932	4758	0	0	0	0	0	0	0	0	0	0	0	0	0	0	0	0	838	0	0	0	0	0	0	0	122	0	0	0	0	0	0	0	2424	0	55918	4530	7276	182	1096	464	37072	4220	0	8262	3102	0	3984	0	4258	2026	642	0	528	1174	15914	15442	2108	1156	1698	2022	
481696	Cerebelum_6_R	0	0	0	0	0	0	0	0	0	0	0	0	0	0	0	0	0	0	0	112	0	0	0	0	0	0	0	0	0	0	0	0	0	0	0	0	0	782	0	1620	0	0	0	0	0	0	5744	9796	0	0	0	0	234	850	1236	16394	0	0	0	0	0	0	0	0	0	0	0	0	0	0	0	0	0	316	0	100	0	0	0	0	0	0	0	0	0	0	0	0	0	112	5690	61990	1908	11058	106	8000	7728	35222	8262	0	574	904	516	9496	328	2878	0	390	542	2894	19182	11056	10070	2496	2262	0	
262340	Cerebelum_7b_L	0	0	0	0	0	0	0	0	0	0	0	0	0	0	0	0	0	0	0	0	0	0	0	0	0	0	0	0	0	0	0	0	0	0	0	0	0	0	0	0	0	0	0	0	0	0	0	0	0	0	0	0	0	0	602	0	0	0	0	0	0	0	0	0	0	0	0	0	0	0	0	0	0	0	0	0	0	0	0	0	0	0	0	0	0	0	0	0	156	0	11054	748	39922	3616	0	0	874	156	3102	574	0	1964	40040	3610	8814	1362	866	0	0	0	630	1466	4482	4804	1656	672	
169520	Cerebelum_7b_R	0	0	0	0	0	0	0	0	0	0	0	0	0	0	0	0	0	0	0	0	0	0	0	0	0	0	0	0	0	0	0	0	0	0	0	0	0	0	0	0	0	0	0	0	0	0	0	0	0	0	0	0	0	0	0	110	0	0	0	0	0	0	0	0	0	0	0	0	0	0	0	0	0	0	0	0	0	0	0	0	0	0	0	0	0	0	0	0	0	0	708	6942	2932	30028	0	104	0	384	0	904	1964	0	894	27760	0	7016	134	0	0	0	0	0	2630	1904	346	0	
308132	Cerebelum_8_L	0	0	0	0	0	0	0	0	0	0	0	0	0	0	0	0	0	0	0	0	0	0	0	0	0	0	0	0	0	0	0	0	0	0	0	0	0	0	104	0	0	0	0	0	0	0	0	102	0	0	0	0	0	0	1350	110	0	0	0	0	0	0	0	0	0	0	0	0	0	0	0	0	0	0	0	0	0	0	0	0	0	0	0	0	0	0	0	0	298	0	16530	668	38614	1710	0	0	1238	120	3984	516	40040	894	0	3270	23818	1558	5822	0	0	0	512	722	3334	5672	2670	410	
338968	Cerebelum_8_R	0	0	0	0	0	0	0	0	0	0	0	0	0	0	0	0	0	0	0	0	0	0	0	0	0	0	0	0	0	0	0	0	0	0	0	0	0	0	0	278	0	0	0	0	0	0	0	0	0	0	0	0	0	0	0	582	0	0	0	0	0	0	0	0	0	0	0	0	0	0	0	0	0	0	0	0	0	0	0	0	0	0	0	0	0	0	0	0	0	0	792	27758	3542	44652	0	2082	0	4938	0	9496	3610	27760	3270	0	364	22470	836	692	0	408	296	198	6032	5888	3540	0	
158204	Cerebelum_9_L	0	0	0	0	0	0	0	0	0	0	0	0	0	0	0	0	0	0	0	0	0	0	0	0	0	0	0	0	0	0	0	0	0	0	0	0	0	0	0	0	0	0	0	0	0	0	164	0	0	0	0	0	0	0	444	0	0	0	0	0	0	0	0	0	0	0	0	0	0	0	0	0	0	0	0	0	0	0	0	0	0	0	0	0	0	0	0	0	0	0	4178	168	9738	0	464	0	4270	104	4258	328	8814	0	23818	364	0	1962	6962	0	0	132	2916	4018	584	1152	2168	2096	
184356	Cerebelum_9_R	0	0	0	0	0	0	0	0	0	0	0	0	0	0	0	0	0	0	0	0	0	0	0	0	0	0	0	0	0	0	0	0	0	0	0	0	0	0	0	212	0	0	0	0	0	0	226	144	0	0	0	0	0	0	252	280	0	0	0	0	0	0	0	0	0	0	0	0	0	0	0	0	0	0	0	0	0	0	0	0	0	0	0	0	0	0	0	0	0	0	754	6906	832	10454	0	1624	990	1768	2026	2878	1362	7016	1558	22470	1962	0	1026	1444	294	990	1430	4686	3666	5120	7768	2040	
45972	Cerebelum_10_L	0	0	0	0	0	0	0	0	0	0	0	0	0	0	0	0	0	0	0	0	0	0	0	0	0	0	0	0	0	0	0	0	0	0	0	0	0	0	0	0	0	0	0	0	0	0	0	0	0	0	0	0	0	0	206	0	0	0	0	0	0	0	0	0	0	0	0	0	0	0	0	0	0	0	0	0	0	0	0	0	0	0	0	0	0	0	0	0	0	0	1658	170	2734	270	0	0	580	0	642	0	866	134	5822	836	6962	1026	0	0	0	0	360	400	0	0	0	320	
5272	Cerebelum_10_R	0	0	0	0	0	0	0	0	0	0	0	0	0	0	0	0	0	0	0	0	0	0	0	0	0	0	0	0	0	0	0	0	0	0	0	0	0	0	0	0	0	0	0	0	0	0	0	0	0	0	0	0	0	0	0	0	0	0	0	0	0	0	0	0	0	0	0	0	0	0	0	0	0	0	0	0	0	0	0	0	0	0	0	0	0	0	0	0	0	0	0	0	0	110	0	0	0	0	0	390	0	0	0	692	0	1444	0	0	0	0	0	0	0	0	0	0	
24204	Vermis_1_2	0	0	0	0	0	0	0	0	0	0	0	0	0	0	0	0	0	0	0	0	0	0	0	0	0	0	0	0	0	0	0	0	0	0	0	0	0	0	0	0	0	0	0	0	0	0	0	0	0	0	0	0	0	0	0	0	0	0	0	0	0	0	0	0	0	0	0	0	0	0	0	0	0	0	0	0	0	0	0	0	0	0	0	0	0	0	0	0	0	0	226	258	100	0	702	812	978	380	528	542	0	0	0	0	0	294	0	0	0	4542	1564	672	0	244	260	0	
61880	Vermis_3	0	0	0	0	0	0	0	0	0	0	0	0	0	0	0	0	0	0	0	0	0	0	0	0	0	0	0	0	0	0	0	0	0	0	0	0	0	0	0	0	0	0	0	0	0	0	274	340	0	0	0	0	0	0	124	0	0	0	0	0	0	0	0	0	0	0	0	0	0	0	0	0	0	0	0	0	0	0	0	0	0	0	0	0	0	0	0	0	0	0	460	1936	208	452	1562	4378	2092	2458	1174	2894	0	0	0	408	132	990	0	0	4542	0	3482	1306	288	714	726	0	
