data	data	507476	319960	1.11949e+06	1.03615e+06	155444	99308	727104	265468	103424	27264	283384	218896	390052	88356	223076	124224	200424	188012	766604	925300	94400	88952	513872	461148	59840	111748	72660	73656	730148	370168	460460	542160	306084	742616	228628	217352	341672	448084	110344	342148	43648	63380	177504	232344	154992	282856	271240	223924	198140	290204	418508	244344	102484	166896	599852	583876	356580	226764	124268	151760	204168	168780	104536	112308	106008	141668	253324	361060	280416	255628	361044	476188	358116	448716	47556	10456	108012	169396	130408	15932	221588	73700	130540	61064	309512	201756	34704	28868	450528	179600	506396	430496	375016	315152	38452	48996	348996	215144	549240	425504	292528	193248	345928	305972	117740	97940	10492	3392	24388	57288	246580	220700	235156	132412	78824	35492	
data	data	Precentral_L	Precentral_R	Frontal_Sup_L	Frontal_Sup_R	Frontal_Sup_Orb_L	Frontal_Sup_Orb_R	Frontal_Mid_L	Frontal_Mid_R	Frontal_Mid_Orb_L	Frontal_Mid_Orb_R	Frontal_Inf_Oper_L	Frontal_Inf_Oper_R	Frontal_Inf_Tri_L	Frontal_Inf_Tri_R	Frontal_Inf_Orb_L	Frontal_Inf_Orb_R	Rolandic_Oper_L	Rolandic_Oper_R	Supp_Motor_Area_L	Supp_Motor_Area_R	Olfactory_L	Olfactory_R	Frontal_Sup_Medial_L	Frontal_Sup_Medial_R	Frontal_Med_Orb_L	Frontal_Med_Orb_R	Rectus_L	Rectus_R	Insula_L	Insula_R	Cingulum_Ant_L	Cingulum_Ant_R	Cingulum_Mid_L	Cingulum_Mid_R	Cingulum_Post_L	Cingulum_Post_R	Hippocampus_L	Hippocampus_R	ParaHippocampal_L	ParaHippocampal_R	Amygdala_L	Amygdala_R	Calcarine_L	Calcarine_R	Cuneus_L	Cuneus_R	Lingual_L	Lingual_R	Occipital_Sup_L	Occipital_Sup_R	Occipital_Mid_L	Occipital_Mid_R	Occipital_Inf_L	Occipital_Inf_R	Fusiform_L	Fusiform_R	Postcentral_L	Postcentral_R	Parietal_Sup_L	Parietal_Sup_R	Parietal_Inf_L	Parietal_Inf_R	SupraMarginal_L	SupraMarginal_R	Angular_L	Angular_R	Precuneus_L	Precuneus_R	Paracentral_Lobule_L	Paracentral_Lobule_R	Caudate_L	Caudate_R	Putamen_L	Putamen_R	Pallidum_L	Pallidum_R	Thalamus_L	Thalamus_R	Heschl_L	Heschl_R	Temporal_Sup_L	Temporal_Sup_R	Temporal_Pole_Sup_L	Temporal_Pole_Sup_R	Temporal_Mid_L	Temporal_Mid_R	Temporal_Pole_Mid_L	Temporal_Pole_Mid_R	Temporal_Inf_L	Temporal_Inf_R	Cerebelum_Crus1_L	Cerebelum_Crus1_R	Cerebelum_Crus2_L	Cerebelum_Crus2_R	Cerebelum_3_L	Cerebelum_3_R	Cerebelum_4_5_L	Cerebelum_4_5_R	Cerebelum_6_L	Cerebelum_6_R	Cerebelum_7b_L	Cerebelum_7b_R	Cerebelum_8_L	Cerebelum_8_R	Cerebelum_9_L	Cerebelum_9_R	Cerebelum_10_L	Cerebelum_10_R	Vermis_1_2	Vermis_3	Vermis_4_5	Vermis_6	Vermis_7	Vermis_8	Vermis_9	Vermis_10	
507476	Precentral_L	0	1288	13288	2064	0	0	27708	232	0	0	18974	0	7978	0	1582	0	10314	158	7914	7328	0	0	690	244	0	0	0	0	19096	0	1762	416	360	3350	1118	244	7400	1186	694	672	0	0	466	0	0	0	0	0	828	0	5124	0	414	0	4522	676	34310	0	0	0	1568	0	1838	0	122	0	156	0	23078	1906	4570	98	4268	384	1728	0	10092	1684	6414	0	3238	0	430	0	4134	0	0	0	5630	0	0	0	0	0	0	0	0	0	0	0	0	0	0	0	0	0	0	0	0	0	0	0	0	0	0	0	
319960	Precentral_R	1288	0	288	26116	0	0	0	7916	0	0	0	8992	0	596	0	118	0	2716	616	13908	0	0	0	0	0	0	0	0	290	3522	156	214	694	4984	1786	2550	1234	11250	0	5388	0	0	0	106	0	0	0	102	0	284	0	214	0	690	636	8678	416	10666	0	254	0	834	0	1474	0	704	0	1464	3396	11416	574	4258	154	2562	0	0	874	7836	156	548	0	2110	0	0	0	1940	0	0	368	2644	0	0	0	0	0	0	0	0	0	0	0	0	0	0	0	0	0	0	0	0	0	0	0	0	0	0	
1.11949e+06	Frontal_Sup_L	13288	288	0	17338	7390	0	96438	1116	3130	0	10452	782	23288	0	8696	270	5280	394	88286	22096	214	0	53254	11354	2034	894	804	0	43694	742	29800	12968	9272	17242	896	140	4590	170	0	132	0	0	0	0	0	0	0	0	0	0	208	0	0	0	4370	132	1122	0	0	0	0	0	0	0	0	0	0	0	2344	214	19198	1206	22142	104	3098	0	4808	116	2350	0	2916	0	914	0	418	0	0	0	6406	0	0	0	0	0	0	0	0	0	948	0	0	0	0	0	0	0	0	0	0	0	0	0	0	0	0	0	
1.03615e+06	Frontal_Sup_R	2064	26116	17338	0	0	4578	6606	37526	0	264	444	7420	1378	3124	312	8596	0	10430	20150	68728	0	0	16256	47174	0	2940	0	1242	1300	14718	8332	35292	9768	34410	320	494	1178	12370	102	5536	0	0	0	0	0	0	0	0	0	0	0	0	0	0	304	7624	226	2238	0	0	0	0	0	0	0	0	0	336	1810	980	7998	40908	1444	23542	108	628	1252	20840	214	318	130	0	0	0	0	0	0	0	232	438	0	0	0	0	0	0	0	0	0	0	0	0	0	0	0	0	0	0	0	0	0	0	0	0	0	0	
155444	Frontal_Sup_Orb_L	0	0	7390	0	0	0	1524	0	15186	0	0	0	678	0	7960	0	0	0	890	0	1560	0	1410	0	4398	128	10066	0	3070	0	3826	564	0	0	0	0	0	0	0	0	0	0	0	0	0	0	0	0	0	0	0	0	0	0	0	0	0	0	0	0	0	0	0	0	0	0	0	0	0	0	8032	148	9472	0	0	0	0	0	0	0	0	0	1420	0	0	0	0	0	0	0	0	0	0	0	0	0	0	0	0	0	0	0	0	0	0	0	0	0	0	0	0	0	0	0	0	0	
99308	Frontal_Sup_Orb_R	0	0	0	4578	0	0	0	102	0	4152	0	0	0	0	0	2310	0	0	0	786	0	962	154	3756	0	8978	0	7802	0	676	112	1680	0	0	0	0	0	0	0	318	0	0	0	0	0	0	0	0	0	0	0	0	0	0	0	0	0	0	0	0	0	0	0	0	0	0	0	0	0	0	0	7228	0	5884	0	0	0	176	0	0	0	0	0	0	0	0	0	0	0	0	0	0	0	0	0	0	0	0	0	0	0	0	0	0	0	0	0	0	0	0	0	0	0	0	0	0	
727104	Frontal_Mid_L	27708	0	96438	6606	1524	0	0	520	2886	0	18336	116	50026	0	12730	0	6494	0	15440	3788	0	0	24596	5914	0	0	0	0	31958	100	12918	4950	3506	8496	370	238	1130	402	158	324	0	0	0	0	0	0	0	0	0	0	300	0	0	0	1222	326	4908	0	0	0	0	0	0	0	0	0	0	0	156	0	5572	218	3354	0	340	0	4668	106	1368	0	1176	0	878	0	330	0	0	0	958	0	0	0	0	0	0	0	0	0	0	0	0	0	0	0	0	0	0	0	0	0	0	0	0	0	0	0	
265468	Frontal_Mid_R	232	7916	1116	37526	0	102	520	0	0	826	0	14300	246	10376	224	7230	0	3240	1276	4104	0	0	226	5320	0	0	0	0	600	5980	476	1638	244	2064	0	130	0	2048	0	920	0	0	0	0	0	0	0	0	0	0	0	0	0	0	0	1818	0	1146	0	0	0	0	0	0	0	0	0	124	0	672	4008	8734	436	5014	0	296	0	1350	0	156	0	0	0	0	0	0	0	0	0	100	0	0	0	0	0	0	0	0	0	0	0	0	0	0	0	0	0	0	0	0	0	0	0	0	0	0	
103424	Frontal_Mid_Orb_L	0	0	3130	0	15186	0	2886	0	0	0	0	0	1488	0	11962	0	0	0	214	0	502	0	0	0	2394	0	6710	0	1594	0	578	0	0	0	0	0	0	0	0	0	0	0	0	0	0	0	0	0	0	0	0	0	0	0	0	0	0	0	0	0	0	0	0	0	0	0	0	0	0	0	1860	0	2772	0	0	0	0	0	0	0	0	0	436	0	0	0	0	0	0	0	0	0	0	0	0	0	0	0	0	0	0	0	0	0	0	0	0	0	0	0	0	0	0	0	0	0	
27264	Frontal_Mid_Orb_R	0	0	0	264	0	4152	0	826	0	0	0	0	0	320	0	4356	0	0	0	0	0	246	0	0	0	468	0	1300	0	244	0	0	0	0	0	0	0	0	0	0	0	0	0	0	0	0	0	0	0	0	0	0	0	0	0	0	0	0	0	0	0	0	0	0	0	0	0	0	0	0	0	844	0	612	0	0	0	0	0	0	0	0	0	0	0	0	0	0	0	0	0	0	0	0	0	0	0	0	0	0	0	0	0	0	0	0	0	0	0	0	0	0	0	0	0	0	
283384	Frontal_Inf_Oper_L	18974	0	10452	444	0	0	18336	0	0	0	0	0	20732	0	896	0	15764	0	5704	406	0	0	1304	394	0	0	0	0	20538	0	1224	182	222	402	100	0	658	0	0	0	0	0	0	0	0	0	0	0	0	0	142	0	0	0	1506	0	8792	0	0	0	0	0	368	0	0	0	0	0	0	0	294	0	760	0	0	0	0	0	3962	0	4514	0	2242	0	498	0	0	0	1760	0	0	0	0	0	0	0	0	0	122	0	0	0	0	0	0	0	0	0	0	0	0	0	0	0	0	0	
218896	Frontal_Inf_Oper_R	0	8992	782	7420	0	0	116	14300	0	0	0	0	0	7976	0	740	0	9584	2288	6892	0	0	0	130	0	0	0	0	340	18298	0	0	480	280	0	432	0	4218	0	3002	0	0	0	0	0	0	0	0	0	0	0	0	0	0	0	3852	0	1818	0	0	0	0	0	0	0	0	0	446	0	0	658	3660	150	10012	0	0	0	0	0	184	112	356	0	644	0	0	0	0	134	864	0	130	0	0	0	0	0	0	0	158	0	0	0	0	0	0	0	0	0	0	0	0	0	0	0	0	
390052	Frontal_Inf_Tri_L	7978	0	23288	1378	678	0	50026	246	1488	0	20732	0	0	0	21962	0	3706	0	7752	962	0	0	5118	1358	0	0	0	0	31230	0	1904	664	1242	1432	0	0	172	0	0	0	0	0	0	0	0	0	0	0	0	0	0	0	0	0	218	0	2464	0	0	0	0	0	0	0	0	0	0	0	0	0	1118	0	2192	0	0	0	0	0	640	0	1904	0	2652	0	206	0	0	0	316	0	0	0	0	0	0	0	0	0	0	0	0	0	0	0	0	0	0	0	0	0	0	0	0	0	0	0	
88356	Frontal_Inf_Tri_R	0	596	0	3124	0	0	0	10376	0	320	0	7976	0	0	0	3304	0	522	328	796	0	0	0	700	0	0	0	0	0	10768	0	188	0	848	0	0	0	654	0	568	0	0	0	0	0	0	0	0	0	0	0	0	0	0	0	552	0	0	0	0	0	0	0	0	0	0	0	0	0	0	0	696	0	1594	0	0	0	0	0	0	0	0	0	112	0	0	0	0	0	156	0	0	0	0	0	0	0	0	0	0	0	0	0	0	0	0	0	0	0	0	0	0	0	0	0	0	
223076	Frontal_Inf_Orb_L	1582	0	8696	312	7960	0	12730	224	11962	0	896	0	21962	0	0	0	206	0	4256	390	2464	0	476	0	0	0	652	0	18984	0	340	0	300	134	0	0	884	0	338	0	526	0	0	0	0	0	0	0	0	0	0	0	0	0	482	0	284	0	0	0	0	0	0	0	0	0	0	0	0	0	1556	0	6968	0	0	0	0	0	0	0	534	0	4896	0	116	0	0	0	326	0	0	0	0	0	0	0	0	0	102	0	0	0	0	0	0	0	0	0	0	0	0	0	0	0	0	0	
124224	Frontal_Inf_Orb_R	0	118	270	8596	0	2310	0	7230	0	4356	0	740	0	3304	0	0	0	0	588	4128	0	2658	0	1422	0	394	0	1302	0	7108	110	290	0	3262	0	0	0	108	0	1440	0	176	0	0	0	0	0	0	0	0	0	0	0	0	0	0	0	0	0	0	0	0	0	0	0	0	0	0	0	0	172	6504	0	4866	0	0	0	0	0	0	0	242	0	418	0	0	0	0	0	0	0	0	0	0	0	0	0	0	0	0	0	0	0	0	0	0	0	0	0	0	0	0	0	0	0	0	
200424	Rolandic_Oper_L	10314	0	5280	0	0	0	6494	0	0	0	15764	0	3706	0	206	0	0	0	3502	210	0	0	0	0	0	0	0	0	18262	0	0	0	0	0	0	0	846	0	0	0	0	0	0	0	0	0	0	0	0	0	188	0	0	0	1042	0	12350	0	0	0	488	0	2198	0	0	0	0	0	144	0	0	0	422	0	0	0	0	0	6628	0	8096	0	1406	0	1366	0	0	0	1180	0	0	0	0	0	0	0	0	0	120	0	0	0	0	0	0	0	0	0	0	0	0	0	0	0	0	0	
188012	Rolandic_Oper_R	158	2716	394	10430	0	0	0	3240	0	0	0	9584	0	522	0	0	0	0	1106	8982	0	0	0	0	0	0	0	0	0	12806	0	112	226	168	0	406	0	3782	0	2450	0	0	0	0	0	0	0	0	0	0	0	0	0	0	0	3460	0	4482	0	0	0	0	0	2968	0	0	0	398	0	136	160	7732	0	7052	0	572	0	3756	0	2060	0	2456	0	646	0	154	0	0	0	596	0	142	0	0	0	0	0	0	0	154	0	0	0	0	0	0	0	0	0	0	0	0	0	0	0	0	
766604	Supp_Motor_Area_L	7914	616	88286	20150	890	0	15440	1276	214	0	5704	2288	7752	328	4256	588	3502	1106	0	50946	0	0	10054	2930	0	0	0	0	28366	2984	11990	7524	16612	23964	1204	496	3852	0	0	0	0	0	0	0	0	0	0	0	0	0	0	0	0	0	3632	0	552	0	0	0	0	0	0	0	0	0	0	252	7558	874	15006	2262	16650	354	2494	0	2374	0	1028	0	2150	0	752	0	204	0	0	0	4986	0	0	0	0	0	0	0	0	0	942	0	0	0	0	0	0	0	0	0	0	0	0	0	0	0	0	0	
925300	Supp_Motor_Area_R	7328	13908	22096	68728	0	786	3788	4104	0	0	406	6892	962	796	390	4128	210	8982	50946	0	0	0	4512	8282	0	324	0	266	2662	11178	5248	11040	17286	55352	6036	6436	1300	3518	0	2262	0	0	0	274	0	336	0	0	0	464	164	240	0	492	1482	3710	754	3314	0	766	0	1546	0	1170	0	938	0	2074	22300	29760	10228	24734	3030	14806	1952	292	1124	1646	204	232	462	422	0	0	186	722	0	0	1256	1418	0	0	0	0	0	0	0	0	0	0	0	0	0	0	0	0	0	0	0	0	0	0	0	0	0	0	
94400	Olfactory_L	0	0	214	0	1560	0	0	0	502	0	0	0	0	0	2464	0	0	0	0	0	0	4764	152	0	2798	466	1472	182	3326	0	4980	1480	0	0	0	0	1640	0	876	0	1350	0	0	0	0	0	0	0	0	0	0	0	0	0	772	0	0	0	0	0	0	0	0	0	0	0	0	0	0	0	7104	3552	5684	308	268	0	0	0	0	0	0	0	890	0	0	0	0	0	216	0	0	0	0	0	0	0	0	0	180	0	0	0	0	0	0	0	0	0	0	0	0	0	0	0	0	0	
88952	Olfactory_R	0	0	0	0	0	962	0	0	0	246	0	0	0	0	0	2658	0	0	0	0	4764	0	0	0	340	942	0	1788	0	3638	3298	3310	0	0	0	0	0	498	0	1752	0	798	0	0	0	0	0	0	0	0	0	0	0	0	0	204	0	0	0	0	0	0	0	0	0	0	0	0	0	0	5774	6306	4656	2260	282	0	0	0	0	0	0	0	0	0	0	0	0	0	0	0	0	0	0	0	0	0	0	0	0	0	0	0	0	0	0	0	0	0	0	0	0	0	0	0	0	0	
513872	Frontal_Sup_Medial_L	690	0	53254	16256	1410	154	24596	226	0	0	1304	0	5118	0	476	0	0	0	10054	4512	152	0	0	31358	2474	1716	424	0	2660	0	33306	27478	10078	23116	0	0	140	0	0	0	0	0	0	0	0	0	0	0	0	0	0	0	0	0	120	0	316	0	0	0	0	0	0	0	0	0	0	0	0	0	2504	636	1948	256	0	0	204	0	0	0	0	0	0	0	0	0	0	0	0	0	0	0	0	0	0	0	0	0	0	0	0	0	0	0	0	0	0	0	0	0	0	0	0	0	0	0	
461148	Frontal_Sup_Medial_R	244	0	11354	47174	0	3756	5914	5320	0	0	394	130	1358	700	0	1422	0	0	2930	8282	0	0	31358	0	220	5668	0	1750	188	1562	11138	39944	4200	31472	0	0	0	0	0	0	0	0	0	0	0	0	0	0	0	0	0	0	0	0	0	0	134	0	0	0	0	0	0	0	0	0	0	0	0	0	530	7586	144	5702	0	0	0	0	0	0	0	0	0	0	0	0	0	0	0	0	0	0	0	0	0	0	0	0	0	0	0	0	0	0	0	0	0	0	0	0	0	0	0	0	0	0	
59840	Frontal_Med_Orb_L	0	0	2034	0	4398	0	0	0	2394	0	0	0	0	0	0	0	0	0	0	0	2798	340	2474	220	0	1460	3864	164	0	0	5792	1042	0	0	0	0	0	0	0	0	0	0	0	0	0	0	0	0	0	0	0	0	0	0	0	0	0	0	0	0	0	0	0	0	0	0	0	0	0	0	2002	0	938	0	0	0	0	0	0	0	0	0	0	0	0	0	0	0	0	0	0	0	0	0	0	0	0	0	0	0	0	0	0	0	0	0	0	0	0	0	0	0	0	0	0	0	
111748	Frontal_Med_Orb_R	0	0	894	2940	128	8978	0	0	0	468	0	0	0	0	0	394	0	0	0	324	466	942	1716	5668	1460	0	154	9426	0	0	3384	8152	0	0	0	0	0	0	0	0	0	0	0	0	0	0	0	0	0	0	0	0	0	0	0	0	0	0	0	0	0	0	0	0	0	0	0	0	0	0	0	6462	0	3918	0	0	0	0	0	0	0	0	0	0	0	0	0	0	0	0	0	0	0	0	0	0	0	0	0	0	0	0	0	0	0	0	0	0	0	0	0	0	0	0	0	0	
72660	Rectus_L	0	0	804	0	10066	0	0	0	6710	0	0	0	0	0	652	0	0	0	0	0	1472	0	424	0	3864	154	0	0	352	0	3356	378	0	0	0	0	0	0	0	0	0	0	0	0	0	0	0	0	0	0	0	0	0	0	0	0	0	0	0	0	0	0	0	0	0	0	0	0	0	0	4648	0	3272	0	0	0	0	0	0	0	0	0	178	0	0	0	0	0	0	0	0	0	0	0	0	0	0	0	0	0	0	0	0	0	0	0	0	0	0	0	0	0	0	0	0	0	
73656	Rectus_R	0	0	0	1242	0	7802	0	0	0	1300	0	0	0	0	0	1302	0	0	0	266	182	1788	0	1750	164	9426	0	0	0	704	354	4126	0	0	0	0	0	0	0	246	0	0	0	0	0	0	0	0	0	0	0	0	0	0	0	0	0	0	0	0	0	0	0	0	0	0	0	0	0	0	164	3860	158	1994	0	0	0	0	0	0	0	0	0	0	0	0	0	0	0	0	0	0	0	0	0	0	0	0	0	0	0	0	0	0	0	0	0	0	0	0	0	0	0	0	0	0	
730148	Insula_L	19096	290	43694	1300	3070	0	31958	600	1594	0	20538	340	31230	0	18984	0	18262	0	28366	2662	3326	0	2660	188	0	0	352	0	0	218	1050	216	1096	612	742	0	16714	438	460	274	1358	0	0	0	0	0	0	0	0	0	838	0	290	0	14292	274	12878	0	0	0	294	0	1048	0	0	0	0	0	1538	124	2100	142	16654	214	116	0	576	540	13082	0	12920	0	9472	0	3852	0	0	0	18784	0	0	0	0	0	0	0	0	0	3358	0	0	0	0	0	0	0	0	0	0	0	0	0	0	0	0	0	
370168	Insula_R	0	3522	742	14718	0	676	100	5980	0	244	0	18298	0	10768	0	7108	0	12806	2984	11178	0	3638	0	1562	0	0	0	704	218	0	0	984	734	1706	0	2316	0	11868	0	7800	0	716	0	0	0	0	0	0	0	0	0	0	0	0	0	10994	0	1624	0	280	0	224	0	400	0	0	0	2372	0	250	248	7610	158	28940	0	0	0	772	0	904	114	2168	0	1160	0	850	0	0	136	3262	0	604	0	0	0	0	0	0	0	644	0	0	0	0	0	0	0	0	0	0	0	0	0	0	0	0	
460460	Cingulum_Ant_L	1762	156	29800	8332	3826	112	12918	476	578	0	1224	0	1904	0	340	110	0	0	11990	5248	4980	3298	33306	11138	5792	3384	3356	354	1050	0	0	32444	8220	13652	1386	98	298	0	0	0	0	0	0	0	0	0	0	0	0	0	0	0	0	0	292	0	896	0	0	0	0	0	0	0	0	0	0	0	0	0	13316	4592	8138	666	0	0	444	122	0	0	0	0	0	0	0	0	0	0	232	0	0	0	0	0	0	0	0	0	0	0	0	0	0	0	0	0	0	0	0	0	0	0	0	0	0	0	
542160	Cingulum_Ant_R	416	214	12968	35292	564	1680	4950	1638	0	0	182	0	664	188	0	290	0	112	7524	11040	1480	3310	27478	39944	1042	8152	378	4126	216	984	32444	0	8628	36584	538	438	0	104	0	0	0	0	0	0	0	0	0	0	0	0	0	0	0	0	0	0	194	0	0	0	0	0	0	0	0	0	0	0	0	0	3812	14706	2356	6308	0	0	0	136	0	0	0	0	0	0	0	0	0	0	0	0	0	0	0	0	0	0	0	0	0	0	0	0	0	0	0	0	0	0	0	0	0	0	0	0	0	0	
306084	Cingulum_Mid_L	360	694	9272	9768	0	0	3506	244	0	0	222	480	1242	0	300	0	0	226	16612	17286	0	0	10078	4200	0	0	0	0	1096	734	8220	8628	0	27754	5630	1722	0	0	0	0	0	0	2186	116	1084	152	0	0	2606	0	3010	0	0	0	158	0	188	0	462	0	170	0	0	0	0	0	5024	1316	4046	2106	668	242	608	126	0	0	0	0	0	0	232	0	0	0	104	0	0	0	164	0	0	0	0	0	0	0	0	0	0	0	0	0	0	0	0	0	0	0	0	0	0	0	0	0	0	0	
742616	Cingulum_Mid_R	3350	4984	17242	34410	0	0	8496	2064	0	0	402	280	1432	848	134	3262	0	168	23964	55352	0	0	23116	31472	0	0	0	0	612	1706	13652	36584	27754	0	6874	10198	406	178	0	104	0	0	0	568	0	2476	0	0	0	312	142	138	0	130	700	280	650	2408	0	558	0	718	0	0	0	380	824	9004	13318	18536	3144	4280	288	2260	0	0	0	0	0	0	0	0	0	0	120	178	0	0	518	334	0	0	0	0	0	0	0	0	0	0	0	0	0	0	0	0	0	0	0	0	0	0	0	0	0	0	
228628	Cingulum_Post_L	1118	1786	896	320	0	0	370	0	0	0	100	0	0	0	0	0	0	0	1204	6036	0	0	0	0	0	0	0	0	742	0	1386	538	5630	6874	0	13332	6544	5350	3810	3724	0	0	7058	378	1038	232	3066	276	448	0	2180	0	238	0	3234	3488	1836	202	618	0	486	104	0	0	0	0	8540	1794	6776	4846	0	0	0	760	0	0	410	1952	208	0	0	0	0	0	1014	0	0	0	1474	272	0	0	0	0	0	0	1118	160	0	0	0	0	0	0	0	0	0	0	0	0	348	0	0	0	0	0	
217352	Cingulum_Post_R	244	2550	140	494	0	0	238	130	0	0	0	432	0	0	0	0	0	406	496	6436	0	0	0	0	0	0	0	0	0	2316	98	438	1722	10198	13332	0	2564	7478	1508	3464	0	0	106	2872	0	574	474	2708	0	666	172	462	0	924	1112	6506	262	886	0	528	0	396	0	160	0	134	660	17380	3242	5482	0	102	0	484	0	0	338	1342	0	0	0	158	0	0	114	472	0	0	440	1500	0	274	0	0	0	100	0	804	0	278	0	0	0	0	0	0	0	0	0	148	1732	0	0	0	0	0	
341672	Hippocampus_L	7400	1234	4590	1178	0	0	1130	0	0	0	658	0	172	0	884	0	846	0	3852	1300	1640	0	140	0	0	0	0	0	16714	0	298	0	0	406	6544	2564	0	4180	13328	2496	6744	0	2404	0	0	0	5290	248	0	0	0	0	0	0	24800	1938	3954	0	0	0	0	0	0	0	0	0	2772	216	978	494	934	0	5372	1118	216	0	3952	4174	3462	0	2760	0	1770	0	392	0	378	0	17616	0	102	0	0	0	0	0	2414	172	4422	0	0	0	0	0	0	0	0	0	0	0	190	0	0	0	0	0	
448084	Hippocampus_R	1186	11250	170	12370	0	0	402	2048	0	0	0	4218	0	654	0	108	0	3782	0	3518	0	498	0	0	0	0	0	0	438	11868	0	104	0	178	5350	7478	4180	0	1950	38166	0	8064	0	0	0	0	596	3126	0	0	0	0	0	0	848	45864	580	2728	0	260	0	142	0	414	0	0	150	4086	556	1350	0	2082	0	20950	0	304	638	5040	498	232	0	346	0	2818	0	460	0	0	384	6036	0	780	0	0	0	176	0	1802	0	1036	0	0	0	0	0	0	0	0	0	406	1374	0	0	0	0	0	
110344	ParaHippocampal_L	694	0	0	102	0	0	158	0	0	0	0	0	0	0	338	0	0	0	0	0	876	0	0	0	0	0	0	0	460	0	0	0	0	0	3810	1508	13328	1950	0	1230	3172	0	1496	0	0	0	4562	266	0	0	0	0	0	0	7420	640	182	0	0	0	0	0	0	0	0	0	1610	0	0	0	0	0	798	294	0	0	1158	1412	0	0	0	0	1966	0	0	0	1436	0	1134	0	0	0	0	0	584	150	1886	164	120	0	0	0	0	0	0	0	0	0	0	152	116	0	0	0	0	0	
342148	ParaHippocampal_R	672	5388	132	5536	0	318	324	920	0	0	0	3002	0	568	0	1440	0	2450	0	2262	0	1752	0	0	0	0	0	246	274	7800	0	0	0	104	3724	3464	2496	38166	1230	0	0	7894	0	116	0	0	296	4778	0	0	0	0	0	0	600	34692	384	1592	0	154	0	0	0	296	0	0	0	1552	254	862	0	1568	0	12560	0	268	216	2592	334	0	0	0	0	5082	0	0	0	2546	272	2922	0	590	0	0	0	376	0	3432	0	660	0	0	0	0	0	0	0	0	0	996	922	0	0	0	0	0	
43648	Amygdala_L	0	0	0	0	0	0	0	0	0	0	0	0	0	0	526	0	0	0	0	0	1350	0	0	0	0	0	0	0	1358	0	0	0	0	0	0	0	6744	0	3172	0	0	0	0	0	0	0	0	0	0	0	0	0	0	0	4802	0	0	0	0	0	0	0	0	0	0	0	0	0	0	0	158	0	302	0	0	0	0	0	0	0	0	0	1216	0	0	0	410	0	1786	0	0	0	0	0	0	0	0	0	0	0	0	0	0	0	0	0	0	0	0	0	0	0	0	0	0	0	
63380	Amygdala_R	0	0	0	0	0	0	0	0	0	0	0	0	0	0	0	176	0	0	0	0	0	798	0	0	0	0	0	0	0	716	0	0	0	0	0	0	0	8064	0	7894	0	0	0	0	0	0	0	0	0	0	0	0	0	0	0	7682	0	0	0	0	0	0	0	0	0	0	0	0	0	0	0	0	0	574	0	0	0	0	0	0	0	0	0	2956	0	0	0	574	0	2256	0	0	0	0	0	0	0	0	0	0	0	0	0	0	0	0	0	0	0	0	0	0	0	0	0	0	
177504	Calcarine_L	466	0	0	0	0	0	0	0	0	0	0	0	0	0	0	0	0	0	0	0	0	0	0	0	0	0	0	0	0	0	0	0	2186	0	7058	106	2404	0	1496	0	0	0	0	2504	5858	1536	10192	1134	6060	260	13184	0	3664	0	4768	0	716	0	600	0	480	0	0	0	154	0	14454	160	1248	0	0	0	0	0	0	0	0	0	0	0	0	0	0	0	4080	0	0	0	2072	0	164	0	0	0	0	0	1530	0	0	0	0	0	0	0	0	0	0	0	0	0	218	0	0	0	0	0	
232344	Calcarine_R	0	106	0	0	0	0	0	0	0	0	0	0	0	0	0	0	0	0	0	274	0	0	0	0	0	0	0	0	0	0	0	0	116	568	378	2872	0	0	0	116	0	0	2504	0	6128	19884	408	11262	0	14536	0	14772	0	8162	0	7170	0	1146	0	1704	0	742	0	146	0	676	4726	11436	0	954	0	0	0	0	0	0	0	0	0	0	0	0	0	0	0	2458	0	0	0	2464	0	156	0	0	0	0	0	0	0	172	0	0	0	0	0	0	0	0	0	0	0	136	0	0	0	0	
154992	Cuneus_L	0	0	0	0	0	0	0	0	0	0	0	0	0	0	0	0	0	0	0	0	0	0	0	0	0	0	0	0	0	0	0	0	1084	0	1038	0	0	0	0	0	0	0	5858	6128	0	7846	1236	0	17812	5218	8244	1578	406	0	264	0	138	0	3080	580	270	0	0	0	0	0	15134	790	296	0	0	0	0	0	0	0	0	0	0	0	0	0	0	0	390	0	0	0	106	0	0	0	0	0	0	0	0	0	0	0	0	0	0	0	0	0	0	0	0	0	0	0	0	0	0	0	
282856	Cuneus_R	0	0	0	0	0	0	0	0	0	0	0	0	0	0	0	0	0	0	0	336	0	0	0	0	0	0	0	0	0	0	0	0	152	2476	232	574	0	0	0	0	0	0	1536	19884	7846	0	0	2082	0	27756	0	15928	0	6586	0	1518	0	6170	0	6860	0	2176	0	0	0	2000	8778	21736	0	2588	0	0	0	0	0	0	0	0	0	0	0	0	0	0	0	4074	0	0	0	140	0	0	0	0	0	0	0	0	0	0	0	0	0	0	0	0	0	0	0	0	0	0	0	0	0	0	
271240	Lingual_L	0	0	0	0	0	0	0	0	0	0	0	0	0	0	0	0	0	0	0	0	0	0	0	0	0	0	0	0	0	0	0	0	0	0	3066	474	5290	596	4562	296	0	0	10192	408	1236	0	0	2816	3860	0	9130	0	5674	236	20512	578	0	0	0	0	0	0	0	0	0	0	4084	0	0	0	0	0	0	0	0	0	160	506	0	0	0	0	0	0	202	0	0	0	676	0	10774	696	1624	408	550	0	14662	606	18238	2070	0	0	108	0	0	0	0	0	0	0	4188	5272	1870	0	0	0	
223924	Lingual_R	0	102	0	0	0	0	0	0	0	0	0	0	0	0	0	0	0	0	0	0	0	0	0	0	0	0	0	0	0	0	0	0	0	0	276	2708	248	3126	266	4778	0	0	1134	11262	0	2082	2816	0	0	2066	0	2078	440	3196	2668	14070	0	0	0	0	0	0	0	0	0	0	0	4294	0	0	0	0	0	0	0	0	0	392	0	0	0	0	0	0	0	114	0	0	0	246	2412	5884	248	570	172	1122	3788	9020	5792	9570	0	0	0	138	0	0	0	0	0	1370	6502	5528	1484	0	0	0	
198140	Occipital_Sup_L	828	0	0	0	0	0	0	0	0	0	0	0	0	0	0	0	0	0	0	0	0	0	0	0	0	0	0	0	0	0	0	0	2606	0	448	0	0	0	0	0	0	0	6060	0	17812	0	3860	0	0	0	32124	0	1048	0	962	0	1694	0	9016	0	4190	0	0	0	2912	0	9850	0	1072	0	0	0	0	0	0	0	0	0	0	0	0	0	0	0	3824	0	0	0	764	0	0	0	0	0	0	0	0	0	0	0	0	0	0	0	0	0	0	0	0	0	0	0	0	0	0	0	
290204	Occipital_Sup_R	0	284	0	0	0	0	0	0	0	0	0	0	0	0	0	0	0	0	0	464	0	0	0	0	0	0	0	0	0	0	0	0	0	312	0	666	0	0	0	0	0	0	260	14536	5218	27756	0	2066	0	0	0	22852	0	8058	0	2334	0	6828	0	11438	0	7454	0	220	0	6080	4112	14952	0	1440	0	0	0	0	0	0	0	0	0	0	0	98	0	0	0	7124	0	0	0	550	0	0	0	0	0	0	0	0	0	0	0	0	0	0	0	0	0	0	0	0	0	0	0	0	0	0	
418508	Occipital_Mid_L	5124	0	208	0	0	0	300	0	0	0	142	0	0	0	0	0	188	0	0	164	0	0	0	0	0	0	0	0	838	0	0	0	3010	142	2180	172	0	0	0	0	0	0	13184	0	8244	0	9130	0	32124	0	0	0	13902	0	8970	0	10214	0	14378	0	17818	0	286	0	15812	0	10396	0	8068	160	0	0	0	0	0	0	0	0	186	0	360	0	0	0	24080	0	0	0	8830	0	182	0	0	0	0	0	0	0	364	0	0	0	0	0	0	0	0	0	0	0	0	98	0	0	0	0	
244344	Occipital_Mid_R	0	214	0	0	0	0	0	0	0	0	0	0	0	0	0	0	0	0	0	240	0	0	0	0	0	0	0	0	0	0	0	0	0	138	0	462	0	0	0	0	0	0	0	14772	1578	15928	0	2078	0	22852	0	0	0	12876	0	2538	0	4228	0	4422	0	5734	0	230	0	10788	1348	9594	0	1274	0	0	0	0	0	0	0	0	0	0	0	484	0	0	0	9338	0	0	0	1056	0	0	0	0	0	0	0	0	0	0	0	0	0	0	0	0	0	0	0	0	0	0	0	0	0	0	
102484	Occipital_Inf_L	414	0	0	0	0	0	0	0	0	0	0	0	0	0	0	0	0	0	0	0	0	0	0	0	0	0	0	0	290	0	0	0	0	0	238	0	0	0	0	0	0	0	3664	0	406	0	5674	440	1048	0	13902	0	0	0	9772	0	340	0	124	0	0	0	0	0	0	0	982	0	196	0	0	0	0	0	0	0	0	0	142	0	0	0	0	0	4072	0	0	0	4360	0	1048	0	174	0	0	0	140	0	1976	324	0	0	0	0	0	0	0	0	0	0	104	1020	392	0	0	0	
166896	Occipital_Inf_R	0	690	0	0	0	0	0	0	0	0	0	0	0	0	0	0	0	0	0	492	0	0	0	0	0	0	0	0	0	0	0	0	0	130	0	924	0	0	0	0	0	0	0	8162	0	6586	236	3196	0	8058	0	12876	0	0	254	6682	0	4040	0	2242	0	1862	0	262	0	1050	0	9946	0	1434	0	0	0	0	0	0	0	0	0	0	0	0	0	0	0	5910	0	0	0	4588	214	368	0	0	0	0	374	0	648	1062	0	0	0	0	0	0	0	0	0	0	420	618	124	0	0	0	
599852	Fusiform_L	4522	636	4370	304	0	0	1222	0	0	0	1506	0	218	0	482	0	1042	0	3632	1482	772	0	120	0	0	0	0	0	14292	0	292	0	158	700	3234	1112	24800	848	7420	600	4802	0	4768	0	264	0	20512	2668	962	0	8970	0	9772	254	0	1296	1676	0	188	0	1022	0	1162	0	880	0	2926	122	1482	910	584	0	3102	258	0	0	378	526	4326	0	4348	0	3346	0	5062	0	2282	0	37576	0	23898	908	4576	582	616	0	15888	1294	34994	2194	1562	176	1934	236	344	0	0	0	0	0	5100	4306	1130	0	0	0	
583876	Fusiform_R	676	8678	132	7624	0	0	326	1818	0	0	0	3852	0	552	0	0	0	3460	0	3710	0	204	0	0	0	0	0	0	274	10994	0	0	0	280	3488	6506	1938	45864	640	34692	0	7682	0	7170	0	1518	578	14070	0	2334	0	2538	0	6682	1296	0	400	2904	0	714	0	542	0	398	0	192	0	7138	300	1726	0	1928	0	18846	0	254	0	2176	334	284	0	536	0	5716	0	1558	0	2814	306	15706	688	14398	0	640	0	314	1072	6156	1864	16068	0	0	100	792	0	0	0	0	0	238	2928	1922	214	196	0	0	
356580	Postcentral_L	34310	416	1122	226	0	0	4908	0	0	0	8792	0	2464	0	284	0	12350	0	552	754	0	0	316	134	0	0	0	0	12878	0	896	194	188	650	1836	262	3954	580	182	384	0	0	716	0	138	0	0	0	1694	0	10214	0	340	0	1676	400	0	0	8928	0	19516	0	9954	0	1234	0	4274	0	7906	540	430	0	2040	326	214	0	1176	702	6604	0	3758	0	130	0	3538	0	0	0	3210	0	0	0	0	0	0	0	0	0	0	0	0	0	0	0	0	0	0	0	0	0	0	0	0	0	0	0	
226764	Postcentral_R	0	10666	0	2238	0	0	0	1146	0	0	0	1818	0	0	0	0	0	4482	0	3314	0	0	0	0	0	0	0	0	0	1624	0	0	0	2408	202	886	0	2728	0	1592	0	0	0	1146	0	6170	0	0	0	6828	0	4228	0	4040	0	2904	0	0	0	7790	0	3518	0	11984	0	548	0	12778	104	9302	0	342	0	980	0	0	0	206	0	174	0	1778	0	0	0	3618	0	0	0	1840	0	0	0	0	0	0	0	0	0	0	0	0	0	0	0	0	0	0	0	0	0	0	0	0	0	0	
124268	Parietal_Sup_L	0	0	0	0	0	0	0	0	0	0	0	0	0	0	0	0	0	0	0	0	0	0	0	0	0	0	0	0	0	0	0	0	462	0	618	0	0	0	0	0	0	0	600	0	3080	0	0	0	9016	0	14378	0	124	0	188	0	8928	0	0	0	11644	0	0	0	1140	0	8622	0	1656	0	0	0	0	0	0	0	0	0	0	0	0	0	0	0	1108	0	0	0	570	0	0	0	0	0	0	0	0	0	0	0	0	0	0	0	0	0	0	0	0	0	0	0	0	0	0	0	
151760	Parietal_Sup_R	0	254	0	0	0	0	0	0	0	0	0	0	0	0	0	0	0	0	0	766	0	0	0	0	0	0	0	0	0	280	0	0	0	558	0	528	0	260	0	154	0	0	0	1704	580	6860	0	0	0	11438	0	4422	0	2242	0	714	0	7790	0	0	0	12290	0	3198	0	5894	620	10228	0	872	0	0	0	0	0	0	0	0	0	0	0	306	0	0	0	3282	0	0	0	640	0	0	0	0	0	0	0	0	0	0	0	0	0	0	0	0	0	0	0	0	0	0	0	0	0	0	
204168	Parietal_Inf_L	1568	0	0	0	0	0	0	0	0	0	0	0	0	0	0	0	488	0	0	0	0	0	0	0	0	0	0	0	294	0	0	0	170	0	486	0	0	0	0	0	0	0	480	0	270	0	0	0	4190	0	17818	0	0	0	1022	0	19516	0	11644	0	0	0	14632	0	17130	0	2086	0	1502	0	0	0	0	0	0	0	0	0	0	0	1418	0	0	0	2800	0	0	0	4570	0	0	0	0	0	0	0	0	0	0	0	0	0	0	0	0	0	0	0	0	0	0	0	0	0	0	0	
168780	Parietal_Inf_R	0	834	0	0	0	0	0	0	0	0	0	0	0	0	0	0	0	0	0	1546	0	0	0	0	0	0	0	0	0	224	0	0	0	718	104	396	0	142	0	0	0	0	0	742	0	2176	0	0	0	7454	0	5734	0	1862	0	542	0	3518	0	12290	0	0	0	11322	0	19712	0	4076	0	1882	0	0	0	0	0	0	0	0	0	0	0	806	0	0	0	6440	0	0	0	1870	0	0	0	0	0	0	0	0	0	0	0	0	0	0	0	0	0	0	0	0	0	0	0	0	0	0	
104536	SupraMarginal_L	1838	0	0	0	0	0	0	0	0	0	368	0	0	0	0	0	2198	0	0	0	0	0	0	0	0	0	0	0	1048	0	0	0	0	0	0	0	0	0	0	0	0	0	0	0	0	0	0	0	0	0	286	0	0	0	1162	0	9954	0	0	0	14632	0	0	0	3312	0	0	0	0	0	0	0	0	0	0	0	0	0	416	0	6960	0	0	0	4108	0	0	0	5986	0	0	0	0	0	0	0	0	0	0	0	0	0	0	0	0	0	0	0	0	0	0	0	0	0	0	0	
112308	SupraMarginal_R	0	1474	0	0	0	0	0	0	0	0	0	0	0	0	0	0	0	2968	0	1170	0	0	0	0	0	0	0	0	0	400	0	0	0	0	0	160	0	414	0	296	0	0	0	146	0	0	0	0	0	220	0	230	0	262	0	398	0	11984	0	3198	0	11322	0	0	0	8966	0	332	0	1126	0	0	0	126	0	0	0	0	0	172	0	4828	0	0	0	4222	0	0	0	1740	0	0	0	0	0	0	0	0	0	0	0	0	0	0	0	0	0	0	0	0	0	0	0	0	0	0	
106008	Angular_L	122	0	0	0	0	0	0	0	0	0	0	0	0	0	0	0	0	0	0	0	0	0	0	0	0	0	0	0	0	0	0	0	0	0	0	0	0	0	0	0	0	0	154	0	0	0	0	0	2912	0	15812	0	0	0	880	0	1234	0	1140	0	17130	0	3312	0	0	0	0	0	232	0	0	0	0	0	0	0	0	0	0	0	1650	0	0	0	5010	0	0	0	3416	0	0	0	0	0	0	0	0	0	0	0	0	0	0	0	0	0	0	0	0	0	0	0	0	0	0	0	
141668	Angular_R	0	704	0	0	0	0	0	0	0	0	0	0	0	0	0	0	0	0	0	938	0	0	0	0	0	0	0	0	0	0	0	0	0	380	0	134	0	0	0	0	0	0	0	676	0	2000	0	0	0	6080	0	10788	0	1050	0	192	0	548	0	5894	0	19712	0	8966	0	0	0	922	0	874	0	0	0	0	0	0	0	0	0	0	0	1922	0	0	0	7334	0	0	0	1720	0	0	0	0	0	0	0	0	0	0	0	0	0	0	0	0	0	0	0	0	0	0	0	0	0	0	
253324	Precuneus_L	156	0	0	0	0	0	0	0	0	0	0	0	0	0	0	0	0	0	0	0	0	0	0	0	0	0	0	0	0	0	0	0	5024	824	8540	660	2772	150	1610	0	0	0	14454	4726	15134	8778	4084	0	9850	4112	10396	1348	982	0	2926	0	4274	0	8622	620	2086	0	0	0	0	0	0	5942	3122	0	0	0	0	0	0	0	0	142	0	0	0	0	0	0	1798	0	0	0	1482	0	0	0	0	0	0	0	1824	0	0	0	0	0	0	0	0	0	0	0	0	0	224	0	0	0	0	0	
361060	Precuneus_R	0	1464	0	336	0	0	0	124	0	0	0	446	0	0	0	0	0	398	252	2074	0	0	0	0	0	0	0	0	0	2372	0	0	1316	9004	1794	17380	216	4086	0	1552	0	0	160	11436	790	21736	0	4294	0	14952	0	9594	0	9946	122	7138	0	12778	0	10228	0	4076	0	332	0	922	5942	0	260	7436	0	98	0	326	0	0	0	424	0	0	0	214	0	0	0	7218	0	0	0	2544	0	466	0	0	0	0	0	1482	0	476	0	0	0	0	0	0	0	0	0	496	1830	0	0	0	0	0	
280416	Paracentral_Lobule_L	23078	3396	2344	1810	0	0	156	0	0	0	0	0	0	0	0	0	144	0	7558	22300	0	0	0	0	0	0	0	0	1538	0	0	0	4046	13318	6776	3242	978	556	0	254	0	0	1248	0	296	0	0	0	1072	0	8068	0	196	0	1482	300	7906	104	1656	0	1502	0	0	0	232	0	3122	260	0	10466	1802	0	1570	0	1352	0	322	130	238	0	476	0	0	0	2996	0	0	0	1918	0	0	0	0	0	0	0	0	0	0	0	0	0	0	0	0	0	0	0	0	0	0	0	0	0	0	0	
255628	Paracentral_Lobule_R	1906	11416	214	980	0	0	0	672	0	0	0	0	0	0	0	0	0	136	874	29760	0	0	0	0	0	0	0	0	124	250	0	0	2106	18536	4846	5482	494	1350	0	862	0	0	0	954	0	2588	0	0	0	1440	160	1274	0	1434	910	1726	540	9302	0	872	0	1882	0	1126	0	874	0	7436	10466	0	0	102	136	0	0	0	0	0	0	0	0	698	0	0	128	1600	0	0	610	1548	0	0	0	0	0	0	0	0	0	0	0	0	0	0	0	0	0	0	0	0	0	0	0	0	0	0	
361044	Caudate_L	4570	574	19198	7998	8032	0	5572	4008	1860	0	294	658	1118	0	1556	172	0	160	15006	10228	7104	5774	2504	530	2002	0	4648	164	2100	248	13316	3812	668	3144	0	0	934	0	0	0	158	0	0	0	0	0	0	0	0	0	0	0	0	0	584	0	430	0	0	0	0	0	0	0	0	0	0	0	1802	0	0	9758	24210	508	2510	0	11486	328	0	0	0	0	0	0	0	0	0	0	420	0	0	0	0	0	0	0	0	0	376	0	0	0	0	0	0	0	0	0	0	0	0	0	0	0	0	0	
476188	Caudate_R	98	4258	1206	40908	148	7228	218	8734	0	844	0	3660	0	696	0	6504	0	7732	2262	24734	3552	6306	636	7586	0	6462	0	3860	142	7610	4592	14706	242	4280	0	102	0	2082	0	1568	0	0	0	0	0	0	0	0	0	0	0	0	0	0	0	1928	0	342	0	0	0	0	0	0	0	0	0	98	0	102	9758	0	4922	28044	402	986	260	17766	0	188	0	0	0	0	0	0	0	0	0	342	0	0	0	0	0	0	0	0	0	0	0	0	0	0	0	0	0	0	0	0	0	0	0	0	0	0	
358116	Putamen_L	4268	154	22142	1444	9472	0	3354	436	2772	0	760	150	2192	0	6968	0	422	0	16650	3030	5684	4656	1948	144	938	0	3272	158	16654	158	8138	2356	608	288	0	0	5372	0	798	0	302	0	0	0	0	0	0	0	0	0	0	0	0	0	3102	0	2040	0	0	0	0	0	0	0	0	0	0	0	1570	136	24210	4922	0	336	7136	0	2046	0	0	0	1302	0	2666	0	162	0	0	0	2184	0	0	0	0	0	0	0	0	0	1558	0	0	0	0	0	0	0	0	0	0	0	0	0	0	0	0	0	
448716	Putamen_R	384	2562	104	23542	0	5884	0	5014	0	612	0	10012	0	1594	0	4866	0	7052	354	14806	308	2260	256	5702	0	3918	0	1994	214	28940	666	6308	126	2260	760	484	1118	20950	294	12560	0	574	0	0	0	0	0	0	0	0	0	0	0	0	258	18846	326	980	0	0	0	0	0	126	0	0	0	326	0	0	508	28044	336	0	0	1628	0	1376	260	322	0	302	0	838	0	0	0	0	102	2608	0	222	0	0	0	0	0	0	0	472	0	0	0	0	0	0	0	0	0	0	0	0	0	0	0	0	
47556	Pallidum_L	1728	0	3098	108	0	0	340	0	0	0	0	0	0	0	0	0	0	0	2494	1952	268	282	0	0	0	0	0	0	116	0	0	0	0	0	0	0	216	0	0	0	0	0	0	0	0	0	0	0	0	0	0	0	0	0	0	0	214	0	0	0	0	0	0	0	0	0	0	0	1352	0	2510	402	7136	0	0	0	1562	0	0	0	0	0	0	0	0	0	0	0	0	0	0	0	0	0	0	0	0	0	0	0	0	0	0	0	0	0	0	0	0	0	0	0	0	0	0	0	
10456	Pallidum_R	0	0	0	628	0	0	0	296	0	0	0	0	0	0	0	0	0	572	0	292	0	0	0	0	0	0	0	0	0	0	0	0	0	0	0	0	0	304	0	268	0	0	0	0	0	0	0	0	0	0	0	0	0	0	0	254	0	0	0	0	0	0	0	0	0	0	0	0	0	0	0	986	0	1628	0	0	0	0	0	0	0	0	0	0	0	0	0	0	0	0	0	0	0	0	0	0	0	0	0	0	0	0	0	0	0	0	0	0	0	0	0	0	0	0	0	0	
108012	Thalamus_L	10092	874	4808	1252	0	0	4668	0	0	0	0	0	0	0	0	0	0	0	2374	1124	0	0	204	0	0	0	0	0	576	0	444	0	0	0	410	338	3952	638	1158	216	0	0	0	0	0	0	160	0	0	0	0	0	0	0	378	0	1176	0	0	0	0	0	0	0	0	0	0	0	322	0	11486	260	2046	0	1562	0	0	3150	162	0	0	0	0	0	0	0	0	0	176	0	0	0	0	0	0	0	0	0	0	0	0	0	0	0	0	0	0	0	0	0	0	0	0	0	0	0	
169396	Thalamus_R	1684	7836	116	20840	0	176	106	1350	0	0	0	0	0	0	0	0	0	3756	0	1646	0	0	0	0	0	0	0	0	540	772	122	136	0	0	1952	1342	4174	5040	1412	2592	0	0	0	0	0	0	506	392	0	0	0	0	0	0	526	2176	702	206	0	0	0	0	0	0	0	0	142	424	130	0	328	17766	0	1376	0	0	3150	0	580	0	0	0	0	0	0	0	0	0	240	0	0	0	0	0	0	0	0	206	0	0	0	0	0	0	0	0	0	0	0	0	256	0	0	0	0	0	
130408	Heschl_L	6414	156	2350	214	0	0	1368	0	0	0	3962	0	640	0	0	0	6628	0	1028	204	0	0	0	0	0	0	0	0	13082	0	0	0	0	0	208	0	3462	498	0	334	0	0	0	0	0	0	0	0	0	0	186	0	142	0	4326	334	6604	0	0	0	0	0	416	0	0	0	0	0	238	0	0	0	0	260	0	0	162	580	0	0	4686	0	0	0	1928	0	0	0	4794	0	0	0	0	0	0	0	0	0	0	0	0	0	0	0	0	0	0	0	0	0	0	0	0	0	0	0	
15932	Heschl_R	0	548	0	318	0	0	0	156	0	0	0	184	0	0	0	0	0	2060	0	232	0	0	0	0	0	0	0	0	0	904	0	0	0	0	0	0	0	232	0	0	0	0	0	0	0	0	0	0	0	0	0	0	0	0	0	284	0	174	0	0	0	0	0	172	0	0	0	0	0	0	0	188	0	322	0	0	0	0	0	0	0	2050	0	0	0	142	0	0	0	0	0	0	0	0	0	0	0	0	0	0	0	0	0	0	0	0	0	0	0	0	0	0	0	0	0	0	
221588	Temporal_Sup_L	3238	0	2916	130	0	0	1176	0	0	0	4514	112	1904	0	534	0	8096	0	2150	462	0	0	0	0	0	0	0	0	12920	114	0	0	232	0	0	0	2760	0	0	0	0	0	0	0	0	0	0	0	0	0	360	0	0	0	4348	0	3758	0	0	0	1418	0	6960	0	1650	0	0	0	476	0	0	0	1302	0	0	0	0	0	4686	0	0	0	6726	0	22692	0	0	0	14202	0	0	0	0	0	0	0	0	0	958	0	0	0	0	0	0	0	0	0	0	0	0	0	0	0	0	0	
73700	Temporal_Sup_R	0	2110	0	0	0	0	0	0	0	0	0	356	0	0	0	242	0	2456	0	422	0	0	0	0	0	0	0	0	0	2168	0	0	0	0	0	158	0	346	0	0	0	0	0	0	0	0	0	0	0	98	0	484	0	0	0	536	0	1778	0	306	0	806	0	4828	0	1922	0	214	0	698	0	0	0	302	0	0	0	0	0	2050	0	0	0	1204	0	10990	0	358	0	2018	0	0	0	0	0	0	0	0	0	0	0	0	0	0	0	0	0	0	0	0	0	0	0	0	0	0	
130540	Temporal_Pole_Sup_L	430	0	914	0	1420	0	878	0	436	0	2242	0	2652	0	4896	0	1406	0	752	0	890	0	0	0	0	0	178	0	9472	0	0	0	0	0	0	0	1770	0	1966	0	1216	0	0	0	0	0	0	0	0	0	0	0	0	0	3346	0	130	0	0	0	0	0	0	0	0	0	0	0	0	0	0	0	2666	0	0	0	0	0	0	0	6726	0	0	0	10748	0	5454	0	4336	0	0	0	0	0	0	0	0	0	346	0	0	0	0	0	0	0	0	0	0	0	0	0	0	0	0	0	
61064	Temporal_Pole_Sup_R	0	0	0	0	0	0	0	0	0	0	0	644	0	112	0	418	0	646	0	0	0	0	0	0	0	0	0	0	0	1160	0	0	0	0	0	0	0	2818	0	5082	0	2956	0	0	0	0	0	0	0	0	0	0	0	0	0	5716	0	0	0	0	0	0	0	0	0	0	0	0	0	0	0	0	0	838	0	0	0	0	0	0	0	1204	0	0	0	1884	0	4608	0	2446	0	0	0	0	0	0	0	0	0	0	0	0	0	0	0	0	0	0	0	0	0	0	0	0	0	0	
309512	Temporal_Mid_L	4134	0	418	0	0	0	330	0	0	0	498	0	206	0	116	0	1366	0	204	186	0	0	0	0	0	0	0	0	3852	0	0	0	104	120	1014	114	392	0	0	0	0	0	4080	0	390	0	202	0	3824	0	24080	0	4072	0	5062	0	3538	0	1108	0	2800	0	4108	0	5010	0	1798	0	2996	128	0	0	162	0	0	0	0	0	1928	0	22692	0	10748	0	0	0	4038	0	38762	0	176	0	0	0	0	0	0	0	0	0	0	0	0	0	0	0	0	0	0	0	0	0	0	0	0	0	
201756	Temporal_Mid_R	0	1940	0	0	0	0	0	0	0	0	0	0	0	0	0	0	0	154	0	722	0	0	0	0	0	0	0	0	0	850	0	0	0	178	0	472	0	460	0	0	0	0	0	2458	0	4074	0	114	0	7124	0	9338	0	5910	0	1558	0	3618	0	3282	0	6440	0	4222	0	7334	0	7218	0	1600	0	0	0	0	0	0	0	0	0	142	0	10990	0	1884	0	0	0	2646	0	16150	0	0	0	0	0	0	0	0	0	0	0	0	0	0	0	0	0	0	0	0	0	0	0	0	0	0	
34704	Temporal_Pole_Mid_L	0	0	0	0	0	0	0	0	0	0	0	0	0	0	0	0	0	0	0	0	0	0	0	0	0	0	0	0	0	0	0	0	0	0	0	0	378	0	1436	0	410	0	0	0	0	0	0	0	0	0	0	0	0	0	2282	0	0	0	0	0	0	0	0	0	0	0	0	0	0	0	0	0	0	0	0	0	0	0	0	0	0	0	5454	0	4038	0	0	0	3354	0	0	0	0	0	0	0	0	0	0	0	0	0	0	0	0	0	0	0	0	0	0	0	0	0	0	0	
28868	Temporal_Pole_Mid_R	0	0	0	0	0	0	0	0	0	0	0	0	0	0	0	0	0	0	0	0	0	0	0	0	0	0	0	0	0	0	0	0	0	0	0	0	0	0	0	2546	0	574	0	0	0	0	0	0	0	0	0	0	0	0	0	2814	0	0	0	0	0	0	0	0	0	0	0	0	0	0	0	0	0	0	0	0	0	0	0	0	0	358	0	4608	0	2646	0	0	0	888	0	0	0	0	0	0	0	0	0	0	0	0	0	0	0	0	0	0	0	0	0	0	0	0	0	0	
450528	Temporal_Inf_L	5630	368	6406	232	0	0	958	0	0	0	1760	134	316	0	326	0	1180	0	4986	1256	216	0	0	0	0	0	0	0	18784	136	232	0	164	518	1474	440	17616	384	1134	272	1786	0	2072	0	106	0	676	0	764	0	8830	0	4360	0	37576	306	3210	0	570	0	4570	0	5986	0	3416	0	1482	0	1918	610	420	0	2184	102	0	0	176	240	4794	0	14202	0	4336	0	38762	0	3354	0	0	0	5832	0	2448	0	0	0	366	0	4752	0	136	0	0	0	0	0	0	0	0	0	0	0	0	0	0	0	
179600	Temporal_Inf_R	0	2644	0	438	0	0	0	100	0	0	0	864	0	156	0	0	0	596	0	1418	0	0	0	0	0	0	0	0	0	3262	0	0	0	334	272	1500	0	6036	0	2922	0	2256	0	2464	0	140	0	246	0	550	0	1056	0	4588	0	15706	0	1840	0	640	0	1870	0	1740	0	1720	0	2544	0	1548	0	342	0	2608	0	0	0	0	0	0	0	2018	0	2446	0	16150	0	888	0	0	0	3834	0	1112	0	0	0	0	0	852	0	0	0	100	0	0	0	0	0	0	0	0	0	0	0	0	
506396	Cerebelum_Crus1_L	0	0	0	0	0	0	0	0	0	0	0	0	0	0	0	0	0	0	0	0	0	0	0	0	0	0	0	0	0	0	0	0	0	0	0	0	102	0	0	0	0	0	164	0	0	0	10774	2412	0	0	182	0	1048	214	23898	688	0	0	0	0	0	0	0	0	0	0	0	0	0	0	0	0	0	0	0	0	0	0	0	0	0	0	0	0	176	0	0	0	5832	0	0	4656	42758	2930	1344	186	27676	1700	53346	5960	17960	1060	20098	1504	2468	146	276	0	358	772	8354	7628	5660	518	222	128	
430496	Cerebelum_Crus1_R	0	0	0	0	0	0	0	0	0	0	0	130	0	0	0	0	0	142	0	0	0	0	0	0	0	0	0	0	0	604	0	0	0	0	0	274	0	780	0	590	0	0	0	156	0	0	696	5884	0	0	0	0	0	368	908	14398	0	0	0	0	0	0	0	0	0	0	0	466	0	0	0	0	0	222	0	0	0	0	0	0	0	0	0	0	0	0	0	0	0	3834	4656	0	1872	28306	714	2488	2620	20658	8832	57184	1194	2376	1680	12012	2276	1062	0	0	412	1668	9922	13754	8054	2476	1270	310	
375016	Cerebelum_Crus2_L	0	0	0	0	0	0	0	0	0	0	0	0	0	0	0	0	0	0	0	0	0	0	0	0	0	0	0	0	0	0	0	0	0	0	0	0	0	0	0	0	0	0	0	0	0	0	1624	248	0	0	0	0	174	0	4576	0	0	0	0	0	0	0	0	0	0	0	0	0	0	0	0	0	0	0	0	0	0	0	0	0	0	0	0	0	0	0	0	0	2448	0	42758	1872	0	9270	450	0	6344	304	11746	1130	35950	7156	33054	6848	2810	236	302	0	126	332	1968	1116	11232	3168	266	0	
315152	Cerebelum_Crus2_R	0	0	0	0	0	0	0	0	0	0	0	0	0	0	0	0	0	0	0	0	0	0	0	0	0	0	0	0	0	0	0	0	0	0	0	0	0	0	0	0	0	0	0	0	0	0	408	570	0	0	0	0	0	0	582	640	0	0	0	0	0	0	0	0	0	0	0	0	0	0	0	0	0	0	0	0	0	0	0	0	0	0	0	0	0	0	0	0	0	1112	2930	28306	9270	0	294	852	1072	1994	1702	10660	5198	24596	5704	30216	1374	2662	0	0	294	586	700	3008	16176	4342	1812	516	
38452	Cerebelum_3_L	0	0	0	0	0	0	0	0	0	0	0	0	0	0	0	0	0	0	0	0	0	0	0	0	0	0	0	0	0	0	0	0	0	0	0	0	0	0	584	0	0	0	0	0	0	0	550	172	0	0	0	0	0	0	616	0	0	0	0	0	0	0	0	0	0	0	0	0	0	0	0	0	0	0	0	0	0	0	0	0	0	0	0	0	0	0	0	0	0	0	1344	714	450	294	0	190	4846	98	2730	830	166	164	732	370	1018	0	0	0	836	754	268	996	386	118	0	0	
48996	Cerebelum_3_R	0	0	0	0	0	0	0	0	0	0	0	0	0	0	0	0	0	0	0	0	0	0	0	0	0	0	0	0	0	0	0	0	0	0	0	100	0	176	150	376	0	0	0	0	0	0	0	1122	0	0	0	0	0	0	0	314	0	0	0	0	0	0	0	0	0	0	0	0	0	0	0	0	0	0	0	0	0	0	0	0	0	0	0	0	0	0	0	0	0	0	186	2488	0	852	190	0	314	4464	232	3830	0	184	176	1096	136	568	0	0	1124	3516	390	190	774	818	732	0	
348996	Cerebelum_4_5_L	0	0	0	0	0	0	0	0	0	0	0	0	0	0	0	0	0	0	0	0	0	0	0	0	0	0	0	0	0	0	0	0	0	0	1118	0	2414	0	1886	0	0	0	1530	0	0	0	14662	3788	0	0	0	0	140	374	15888	1072	0	0	0	0	0	0	0	0	0	0	1824	0	0	0	0	0	0	0	0	0	0	0	0	0	0	0	0	0	0	0	0	0	366	0	27676	2620	6344	1072	4846	314	0	3306	39640	5048	4024	424	6374	978	2792	222	266	0	358	1030	14346	4156	1368	866	702	664	
215144	Cerebelum_4_5_R	0	0	0	0	0	0	0	0	0	0	0	0	0	0	0	0	0	0	0	0	0	0	0	0	0	0	0	0	0	0	0	0	0	0	160	804	172	1802	164	3432	0	0	0	0	0	0	606	9020	0	0	0	0	0	0	1294	6156	0	0	0	0	0	0	0	0	0	0	0	1482	0	0	0	0	0	0	0	0	0	206	0	0	0	0	0	0	0	0	0	0	0	0	1700	20658	304	1994	98	4464	3306	0	3088	26510	486	372	644	2132	172	354	0	0	162	2754	11752	390	332	372	230	0	
549240	Cerebelum_6_L	0	0	948	0	0	0	0	0	0	0	122	0	0	0	102	0	120	0	942	0	180	0	0	0	0	0	0	0	3358	0	0	0	0	0	0	0	4422	0	120	0	0	0	0	0	0	0	18238	5792	0	0	364	0	1976	648	34994	1864	0	0	0	0	0	0	0	0	0	0	0	0	0	0	376	0	1558	0	0	0	0	0	0	0	958	0	346	0	0	0	0	0	4752	0	53346	8832	11746	1702	2730	232	39640	3088	0	12986	5924	296	7420	1036	4542	230	0	0	538	946	14820	17596	3470	482	410	428	
425504	Cerebelum_6_R	0	0	0	0	0	0	0	0	0	0	0	158	0	0	0	0	0	154	0	0	0	0	0	0	0	0	0	0	0	644	0	0	0	0	0	278	0	1036	0	660	0	0	0	172	0	0	2070	9570	0	0	0	0	324	1062	2194	16068	0	0	0	0	0	0	0	0	0	0	0	476	0	0	0	0	0	472	0	0	0	0	0	0	0	0	0	0	0	0	0	0	0	852	5960	57184	1130	10660	830	3830	5048	26510	12986	0	1406	522	1696	5970	2616	822	0	0	402	1940	13386	15690	4670	1918	1044	342	
292528	Cerebelum_7b_L	0	0	0	0	0	0	0	0	0	0	0	0	0	0	0	0	0	0	0	0	0	0	0	0	0	0	0	0	0	0	0	0	0	0	0	0	0	0	0	0	0	0	0	0	0	0	0	0	0	0	0	0	0	0	1562	0	0	0	0	0	0	0	0	0	0	0	0	0	0	0	0	0	0	0	0	0	0	0	0	0	0	0	0	0	0	0	0	0	136	0	17960	1194	35950	5198	166	0	4024	486	5924	1406	0	5476	39028	6462	5210	702	600	0	0	200	2096	318	6432	4948	630	156	
193248	Cerebelum_7b_R	0	0	0	0	0	0	0	0	0	0	0	0	0	0	0	0	0	0	0	0	0	0	0	0	0	0	0	0	0	0	0	0	0	0	0	0	0	0	0	0	0	0	0	0	0	0	0	0	0	0	0	0	0	0	176	0	0	0	0	0	0	0	0	0	0	0	0	0	0	0	0	0	0	0	0	0	0	0	0	0	0	0	0	0	0	0	0	0	0	0	1060	2376	7156	24596	164	184	424	372	296	522	5476	0	5262	29668	1008	4390	0	0	0	0	114	184	8424	3602	874	296	
345928	Cerebelum_8_L	0	0	0	0	0	0	0	0	0	0	0	0	0	0	0	0	0	0	0	0	0	0	0	0	0	0	0	0	0	0	0	0	0	0	0	0	0	0	0	0	0	0	0	0	0	0	108	0	0	0	0	0	0	0	1934	100	0	0	0	0	0	0	0	0	0	0	0	0	0	0	0	0	0	0	0	0	0	0	0	0	0	0	0	0	0	0	0	0	0	0	20098	1680	33054	5704	732	176	6374	644	7420	1696	39028	5262	0	8320	14778	2228	1256	0	132	400	2684	380	7322	7660	2746	1048	
305972	Cerebelum_8_R	0	0	0	0	0	0	0	0	0	0	0	0	0	0	0	0	0	0	0	0	0	0	0	0	0	0	0	0	0	0	0	0	0	0	0	0	0	0	0	0	0	0	0	0	0	0	0	138	0	0	0	0	0	0	236	792	0	0	0	0	0	0	0	0	0	0	0	0	0	0	0	0	0	0	0	0	0	0	0	0	0	0	0	0	0	0	0	0	0	100	1504	12012	6848	30216	370	1096	978	2132	1036	5970	6462	29668	8320	0	2172	16126	0	688	334	712	752	794	10788	8414	3674	654	
117740	Cerebelum_9_L	0	0	0	0	0	0	0	0	0	0	0	0	0	0	0	0	0	0	0	0	0	0	0	0	0	0	0	0	0	0	0	0	0	0	0	0	0	0	0	0	0	0	0	0	0	0	0	0	0	0	0	0	0	0	344	0	0	0	0	0	0	0	0	0	0	0	0	0	0	0	0	0	0	0	0	0	0	0	0	0	0	0	0	0	0	0	0	0	0	0	2468	2276	2810	1374	1018	136	2792	172	4542	2616	5210	1008	14778	2172	0	1894	2546	0	0	156	1148	3482	1946	1430	1642	910	
97940	Cerebelum_9_R	0	0	0	0	0	0	0	0	0	0	0	0	0	0	0	0	0	0	0	0	0	0	0	0	0	0	0	0	0	0	0	0	0	0	0	0	0	0	0	0	0	0	0	0	0	0	0	0	0	0	0	0	0	0	0	0	0	0	0	0	0	0	0	0	0	0	0	0	0	0	0	0	0	0	0	0	0	0	0	0	0	0	0	0	0	0	0	0	0	0	146	1062	236	2662	0	568	222	354	230	822	702	4390	2228	16126	1894	0	0	1008	422	370	256	732	2524	4182	6042	1792	
10492	Cerebelum_10_L	0	0	0	0	0	0	0	0	0	0	0	0	0	0	0	0	0	0	0	0	0	0	0	0	0	0	0	0	0	0	0	0	0	0	0	0	0	0	0	0	0	0	0	0	0	0	0	0	0	0	0	0	0	0	0	0	0	0	0	0	0	0	0	0	0	0	0	0	0	0	0	0	0	0	0	0	0	0	0	0	0	0	0	0	0	0	0	0	0	0	276	0	302	0	0	0	266	0	0	0	600	0	1256	0	2546	0	0	0	0	0	0	0	0	0	0	0	
3392	Cerebelum_10_R	0	0	0	0	0	0	0	0	0	0	0	0	0	0	0	0	0	0	0	0	0	0	0	0	0	0	0	0	0	0	0	0	0	0	0	0	0	0	0	0	0	0	0	0	0	0	0	0	0	0	0	0	0	0	0	0	0	0	0	0	0	0	0	0	0	0	0	0	0	0	0	0	0	0	0	0	0	0	0	0	0	0	0	0	0	0	0	0	0	0	0	0	0	0	0	0	0	0	0	0	0	0	0	688	0	1008	0	0	0	0	0	0	0	0	0	0	
24388	Vermis_1_2	0	0	0	0	0	0	0	0	0	0	0	0	0	0	0	0	0	0	0	0	0	0	0	0	0	0	0	0	0	0	0	0	0	0	0	0	0	0	0	0	0	0	0	0	0	0	0	0	0	0	0	0	0	0	0	0	0	0	0	0	0	0	0	0	0	0	0	0	0	0	0	0	0	0	0	0	0	0	0	0	0	0	0	0	0	0	0	0	0	0	358	412	126	294	836	1124	358	162	538	402	0	0	132	334	0	422	0	0	0	4068	510	310	620	590	598	0	
57288	Vermis_3	0	0	0	0	0	0	0	0	0	0	0	0	0	0	0	0	0	0	0	0	0	0	0	0	0	0	0	0	0	0	0	0	0	0	0	148	0	406	152	996	0	0	0	0	0	0	0	1370	0	0	0	0	0	0	0	238	0	0	0	0	0	0	0	0	0	0	0	496	0	0	0	0	0	0	0	0	0	0	0	0	0	0	0	0	0	0	0	0	0	0	772	1668	332	586	754	3516	1030	2754	946	1940	200	0	400	712	156	370	0	0	4068	0	1824	374	876	820	740	0	
246580	Vermis_4_5	0	0	0	0	0	0	0	0	0	0	0	0	0	0	0	0	0	0	0	0	0	0	0	0	0	0	0	0	0	0	0	0	0	0	348	1732	190	1374	116	922	0	0	218	0	0	0	4188	6502	0	0	0	0	104	420	5100	2928	0	0	0	0	0	0	0	0	0	0	224	1830	0	0	0	0	0	0	0	0	0	256	0	0	0	0	0	0	0	0	0	0	0	0	8354	9922	1968	700	268	390	14346	11752	14820	13386	2096	114	2684	752	1148	256	0	0	510	1824	0	6988	1018	1288	960	1294	
