data	data	724624	306680	1.1379e+06	882108	172356	121188	607248	305620	82012	36932	290860	248388	326528	203924	167796	107248	262256	136324	1.11027e+06	659368	92456	83204	517008	403836	27360	83396	67524	69260	773140	501476	325464	463824	136212	562712	99944	178896	252184	425416	79000	214092	26192	50584	260536	351040	198308	365524	185804	315684	256608	394120	457772	305500	167028	126112	326528	500600	262820	233252	92624	130020	243300	159360	161768	108992	163112	131504	390320	470608	437240	142928	419288	378656	419212	367808	55720	25372	161260	168656	102460	30100	225316	97884	107400	44756	390296	223904	16064	18028	268896	317568	341076	338520	263852	267368	15972	41772	206064	226052	354260	384280	218660	124760	238652	298476	74888	109976	7932	16788	10556	36368	198440	198884	206524	98700	92356	21512	
data	data	Precentral_L	Precentral_R	Frontal_Sup_L	Frontal_Sup_R	Frontal_Sup_Orb_L	Frontal_Sup_Orb_R	Frontal_Mid_L	Frontal_Mid_R	Frontal_Mid_Orb_L	Frontal_Mid_Orb_R	Frontal_Inf_Oper_L	Frontal_Inf_Oper_R	Frontal_Inf_Tri_L	Frontal_Inf_Tri_R	Frontal_Inf_Orb_L	Frontal_Inf_Orb_R	Rolandic_Oper_L	Rolandic_Oper_R	Supp_Motor_Area_L	Supp_Motor_Area_R	Olfactory_L	Olfactory_R	Frontal_Sup_Medial_L	Frontal_Sup_Medial_R	Frontal_Med_Orb_L	Frontal_Med_Orb_R	Rectus_L	Rectus_R	Insula_L	Insula_R	Cingulum_Ant_L	Cingulum_Ant_R	Cingulum_Mid_L	Cingulum_Mid_R	Cingulum_Post_L	Cingulum_Post_R	Hippocampus_L	Hippocampus_R	ParaHippocampal_L	ParaHippocampal_R	Amygdala_L	Amygdala_R	Calcarine_L	Calcarine_R	Cuneus_L	Cuneus_R	Lingual_L	Lingual_R	Occipital_Sup_L	Occipital_Sup_R	Occipital_Mid_L	Occipital_Mid_R	Occipital_Inf_L	Occipital_Inf_R	Fusiform_L	Fusiform_R	Postcentral_L	Postcentral_R	Parietal_Sup_L	Parietal_Sup_R	Parietal_Inf_L	Parietal_Inf_R	SupraMarginal_L	SupraMarginal_R	Angular_L	Angular_R	Precuneus_L	Precuneus_R	Paracentral_Lobule_L	Paracentral_Lobule_R	Caudate_L	Caudate_R	Putamen_L	Putamen_R	Pallidum_L	Pallidum_R	Thalamus_L	Thalamus_R	Heschl_L	Heschl_R	Temporal_Sup_L	Temporal_Sup_R	Temporal_Pole_Sup_L	Temporal_Pole_Sup_R	Temporal_Mid_L	Temporal_Mid_R	Temporal_Pole_Mid_L	Temporal_Pole_Mid_R	Temporal_Inf_L	Temporal_Inf_R	Cerebelum_Crus1_L	Cerebelum_Crus1_R	Cerebelum_Crus2_L	Cerebelum_Crus2_R	Cerebelum_3_L	Cerebelum_3_R	Cerebelum_4_5_L	Cerebelum_4_5_R	Cerebelum_6_L	Cerebelum_6_R	Cerebelum_7b_L	Cerebelum_7b_R	Cerebelum_8_L	Cerebelum_8_R	Cerebelum_9_L	Cerebelum_9_R	Cerebelum_10_L	Cerebelum_10_R	Vermis_1_2	Vermis_3	Vermis_4_5	Vermis_6	Vermis_7	Vermis_8	Vermis_9	Vermis_10	
724624	Precentral_L	0	4310	25440	6328	0	0	26492	2770	0	0	14780	192	1680	144	0	0	13304	798	54966	14582	0	0	2734	0	0	0	0	0	14774	432	684	158	558	2332	2412	2458	6152	2092	1112	394	0	0	2252	0	552	0	0	146	608	0	4452	0	814	0	1554	364	28882	776	0	0	5686	582	1864	802	1786	0	3152	824	53068	0	9216	3790	5914	398	2586	140	10022	6584	4694	0	2460	238	0	0	3988	128	0	0	1536	376	0	0	0	0	0	0	0	0	0	0	0	0	0	0	0	0	0	0	0	0	0	0	0	0	0	0	
306680	Precentral_R	4310	0	1032	12408	0	0	520	16962	0	0	0	7902	0	0	0	0	0	1824	5204	5570	0	0	0	0	0	0	0	0	114	3282	0	0	376	572	250	1608	0	11084	0	2368	0	0	0	280	0	4546	0	164	0	3776	0	622	0	158	0	1880	710	22654	0	1558	0	4304	0	4016	0	128	568	6898	2632	7362	330	2794	0	1356	0	104	154	6396	0	436	0	670	0	0	0	674	0	0	0	2596	0	0	0	0	0	0	0	0	0	0	0	0	0	0	0	0	0	0	0	0	188	0	0	0	0	0	
1.1379e+06	Frontal_Sup_L	25440	1032	0	18328	11876	0	82056	1716	1500	0	18708	672	17720	862	5238	612	16486	0	100490	19008	358	0	58846	12080	912	102	786	0	44374	1668	14268	7338	4608	13598	258	0	4196	336	1124	196	0	0	0	0	0	0	0	0	0	0	1192	0	262	0	694	148	7550	0	0	0	1546	0	2880	0	148	0	164	0	8384	0	10188	940	26092	560	4784	0	1762	116	4876	0	4520	0	1320	0	2558	0	0	0	1304	168	0	0	0	0	0	0	0	0	0	0	0	0	0	0	0	0	0	0	0	0	0	0	0	0	0	0	
882108	Frontal_Sup_R	6328	12408	18328	0	586	7246	4160	30894	0	198	2276	12744	1334	8416	170	2742	1058	9162	24076	58100	0	140	11394	38500	170	3748	0	278	4678	24848	6674	33224	2312	25168	0	376	0	7614	0	1978	0	0	0	0	0	0	0	0	0	0	0	0	0	0	0	2622	222	1202	0	0	0	290	0	382	0	0	0	414	3046	0	12084	23636	2318	18114	0	3394	352	4732	0	302	0	1856	622	494	0	128	0	0	0	3410	0	0	0	0	0	0	0	0	0	0	0	0	0	0	0	0	0	0	0	0	106	0	0	0	0	0	
172356	Frontal_Sup_Orb_L	0	0	11876	586	0	0	1428	0	12894	0	134	124	3154	126	10802	136	0	0	1280	314	3922	136	2798	0	2850	140	7246	0	6484	196	4552	126	0	338	0	0	0	0	0	0	0	0	0	0	0	0	0	0	0	0	0	0	0	0	0	0	0	0	0	0	0	0	0	0	0	0	0	0	0	0	2758	154	10016	0	0	0	0	0	0	0	0	0	1608	0	0	0	0	0	0	0	0	0	0	0	0	0	0	0	0	0	0	0	0	0	0	0	0	0	0	0	0	0	0	0	0	0	
121188	Frontal_Sup_Orb_R	0	0	0	7246	0	0	0	464	0	5856	0	354	0	482	0	4194	0	0	0	542	172	1732	0	2788	0	6250	0	6846	0	3922	0	3556	0	0	0	0	0	246	0	0	0	0	0	0	0	0	0	0	0	0	0	0	0	0	0	170	0	0	0	0	0	0	0	0	0	0	0	0	0	0	370	7334	188	7734	0	0	0	0	0	0	0	0	0	0	0	0	0	0	0	148	0	0	0	0	0	0	0	0	0	0	0	0	0	0	0	0	0	0	0	0	0	0	0	0	0	0	
607248	Frontal_Mid_L	26492	520	82056	4160	1428	0	0	924	2922	0	13504	124	38642	288	4204	0	8264	0	16482	1872	0	0	30944	4512	0	0	0	0	26748	368	8162	1826	3862	3760	0	0	962	0	198	0	0	0	0	0	0	0	0	0	0	0	982	0	170	0	350	0	3218	0	0	0	934	0	770	0	114	0	0	0	488	0	3280	202	2778	160	0	0	482	0	3156	0	836	0	102	0	1894	0	0	0	484	0	0	0	0	0	0	0	0	0	0	0	0	0	0	0	0	0	0	0	0	0	0	0	0	0	0	0	
305620	Frontal_Mid_R	2770	16962	1716	30894	0	464	924	0	0	690	122	15734	0	13596	0	2654	0	2960	2496	1666	0	0	1802	4536	0	0	0	0	280	13736	376	4136	164	4260	0	290	0	4954	0	3290	0	0	0	0	0	0	0	112	0	0	0	132	0	120	0	1788	702	1626	0	0	0	346	0	656	0	0	0	374	604	0	1702	440	222	5074	0	152	396	1086	0	334	0	702	0	512	0	248	0	0	0	3798	0	0	0	0	0	0	0	0	0	0	0	0	0	0	0	0	0	0	0	0	212	0	0	0	0	0	
82012	Frontal_Mid_Orb_L	0	0	1500	0	12894	0	2922	0	0	0	0	0	2900	0	12404	0	0	0	196	0	642	0	0	0	0	0	1800	0	1748	0	0	0	0	0	0	0	0	0	0	0	0	0	0	0	0	0	0	0	0	0	0	0	0	0	0	0	0	0	0	0	0	0	0	0	0	0	0	0	0	0	434	0	2450	0	0	0	0	0	0	0	0	0	1116	0	0	0	0	0	0	0	0	0	0	0	0	0	0	0	0	0	0	0	0	0	0	0	0	0	0	0	0	0	0	0	0	0	
36932	Frontal_Mid_Orb_R	0	0	0	198	0	5856	0	690	0	0	0	0	0	204	0	3656	0	0	0	0	0	184	0	290	0	2044	0	1598	0	366	0	130	0	0	0	0	0	0	0	0	0	0	0	0	0	0	0	0	0	0	0	0	0	0	0	0	0	0	0	0	0	0	0	0	0	0	0	0	0	0	0	1016	0	2234	0	0	0	0	0	0	0	0	0	0	0	0	0	0	0	0	0	0	0	0	0	0	0	0	0	0	0	0	0	0	0	0	0	0	0	0	0	0	0	0	0	0	
290860	Frontal_Inf_Oper_L	14780	0	18708	2276	134	0	13504	122	0	0	0	676	9454	772	322	738	15506	0	13848	1058	0	0	3712	122	0	0	0	0	22540	1162	3390	272	0	794	0	0	0	0	0	0	0	0	0	0	0	0	0	0	0	0	0	0	0	0	0	0	5466	0	0	0	174	0	160	0	0	0	0	0	0	0	6108	1464	892	986	0	0	0	0	388	0	2804	0	3098	0	0	0	0	0	0	0	0	0	0	0	0	0	0	0	0	0	0	0	0	0	0	0	0	0	0	0	0	0	0	0	0	0	
248388	Frontal_Inf_Oper_R	192	7902	672	12744	124	354	124	15734	0	0	676	0	286	9106	0	158	0	8328	1368	3540	0	0	152	512	0	0	0	0	1114	26020	158	3012	0	4428	0	150	0	3372	0	1518	0	0	0	0	0	0	0	0	0	0	0	0	0	0	0	1864	0	2960	0	0	0	548	0	912	0	0	0	188	0	0	2886	1490	1058	3842	0	156	0	372	0	628	0	1808	176	674	0	192	0	0	0	2696	0	0	0	0	0	0	0	0	0	0	0	0	0	0	0	0	0	0	0	0	0	0	0	0	0	0	
326528	Frontal_Inf_Tri_L	1680	0	17720	1334	3154	0	38642	0	2900	0	9454	286	0	512	11744	324	958	0	5314	1112	0	0	7254	438	0	0	0	0	33972	716	7010	810	1946	748	0	0	0	0	0	0	0	0	0	0	0	0	0	0	0	0	0	0	0	0	0	0	142	0	0	0	0	0	0	0	0	0	0	0	0	0	6076	2588	2842	2274	0	0	0	0	0	0	198	0	1116	0	0	0	0	0	0	0	0	0	0	0	0	0	0	0	0	0	0	0	0	0	0	0	0	0	0	0	0	0	0	0	0	0	
203924	Frontal_Inf_Tri_R	144	0	862	8416	126	482	288	13596	0	204	772	9106	512	0	0	7146	154	0	1026	2350	0	0	2312	5022	0	0	0	0	1448	21268	1158	8774	152	8672	0	0	0	110	0	0	0	0	0	0	0	0	0	0	0	0	0	0	0	0	0	104	0	0	0	0	0	0	0	0	0	0	0	0	0	0	1948	3106	562	1878	0	0	0	0	0	0	0	0	264	0	0	0	0	0	0	0	0	0	0	0	0	0	0	0	0	0	0	0	0	0	0	0	0	0	0	0	0	0	0	0	0	0	
167796	Frontal_Inf_Orb_L	0	0	5238	170	10802	0	4204	0	12404	0	322	0	11744	0	0	0	0	0	1670	118	3338	0	284	0	0	0	1826	0	17320	108	278	0	370	0	0	0	308	0	0	0	216	0	0	0	0	0	0	0	0	0	0	0	0	0	110	0	0	0	0	0	0	0	0	0	0	0	0	0	0	0	1496	320	5888	260	0	0	0	0	0	0	0	0	4996	0	0	0	0	0	108	0	0	0	0	0	0	0	0	0	0	0	0	0	0	0	0	0	0	0	0	0	0	0	0	0	0	0	
107248	Frontal_Inf_Orb_R	0	0	612	2742	136	4194	0	2654	0	3656	738	158	324	7146	0	0	0	0	548	648	0	1304	402	582	0	0	0	778	1252	10048	112	810	0	600	0	0	0	416	0	260	0	112	0	0	0	0	0	0	0	0	0	0	0	0	0	402	0	0	0	0	0	0	0	0	0	0	0	0	0	0	2548	4534	560	4922	0	0	0	0	0	0	0	0	200	0	0	0	0	0	0	226	0	0	0	0	0	0	0	0	0	0	0	0	0	0	0	0	0	0	0	0	0	0	0	0	0	0	
262256	Rolandic_Oper_L	13304	0	16486	1058	0	0	8264	0	0	0	15506	0	958	154	0	0	0	0	13958	478	0	0	1920	0	0	0	0	0	23944	162	356	0	0	156	0	0	276	0	0	0	0	0	318	0	0	0	0	0	0	0	1238	0	444	0	632	0	7308	0	0	0	814	0	3384	0	210	0	354	0	200	0	1810	260	538	214	0	0	410	0	3058	0	7992	0	1804	0	2344	0	0	0	816	0	0	0	0	0	0	0	0	0	0	0	0	0	0	0	0	0	0	0	0	0	0	0	0	0	0	0	
136324	Rolandic_Oper_R	798	1824	0	9162	0	0	0	2960	0	0	0	8328	0	0	0	0	0	0	980	4254	0	0	0	0	0	0	0	0	0	12700	0	0	0	0	0	216	0	1940	0	1518	0	0	0	0	0	0	0	0	0	146	0	198	0	0	0	1192	0	2288	0	124	0	560	0	2880	0	146	0	396	714	106	160	0	0	1460	0	210	0	0	0	2608	0	6156	0	1182	0	762	0	0	0	2194	0	0	0	0	0	0	0	0	0	0	0	0	0	0	0	0	0	0	0	0	0	0	0	0	0	0	
1.11027e+06	Supp_Motor_Area_L	54966	5204	100490	24076	1280	0	16482	2496	196	0	13848	1368	5314	1026	1670	548	13958	980	0	52674	0	0	20300	1978	0	0	0	0	27978	2708	5498	5154	7780	23948	2940	2848	7802	2260	2426	480	0	0	0	0	0	0	0	196	0	0	364	0	110	0	792	446	6446	802	0	0	1216	576	2524	798	0	0	462	876	48688	202	13248	5272	23186	1076	6614	242	12628	7018	2194	0	4284	256	1090	0	992	116	0	0	1280	466	0	0	0	0	0	0	0	0	0	0	0	0	0	0	0	0	0	0	0	0	0	0	0	0	0	0	
659368	Supp_Motor_Area_R	14582	5570	19008	58100	314	542	1872	1666	0	0	1058	3540	1112	2350	118	648	478	4254	52674	0	0	0	2128	8616	0	0	0	0	2730	7832	1432	7294	6042	40006	752	6424	158	5418	0	968	0	0	0	200	0	172	0	196	0	284	0	530	0	0	0	1964	152	1840	0	0	0	172	0	246	0	0	234	2196	13164	7498	5922	14600	1376	7940	0	2846	568	5346	0	280	0	994	250	114	0	358	0	0	0	2406	0	0	0	0	0	0	0	0	0	0	0	0	0	0	0	0	0	0	0	0	150	0	0	0	0	0	
92456	Olfactory_L	0	0	358	0	3922	172	0	0	642	0	0	0	0	0	3338	0	0	0	0	0	0	4550	430	210	808	868	5060	2084	3610	0	3062	2336	0	0	0	0	434	0	380	0	424	0	0	0	0	0	0	0	0	0	0	0	0	0	0	0	0	0	0	0	0	0	0	0	0	0	0	0	0	0	7088	1802	3378	562	0	0	0	0	0	0	0	0	710	0	0	0	0	0	0	0	0	0	0	0	0	0	0	0	0	0	0	0	0	0	0	0	0	0	0	0	0	0	0	0	0	0	
83204	Olfactory_R	0	0	0	140	136	1732	0	0	0	184	0	0	0	0	0	1304	0	0	0	0	4550	0	0	332	0	1412	1338	4098	0	2902	1704	3180	0	0	0	0	0	354	0	104	0	744	0	0	0	0	0	0	0	0	0	0	0	0	0	0	0	0	0	0	0	0	0	0	0	0	0	0	0	0	6780	4396	4670	1414	0	0	0	0	0	0	0	0	0	128	0	0	0	0	0	0	0	0	0	0	0	0	0	0	0	0	0	0	0	0	0	0	0	0	0	0	0	0	0	0	0	0	
517008	Frontal_Sup_Medial_L	2734	0	58846	11394	2798	0	30944	1802	0	0	3712	152	7254	2312	284	402	1920	0	20300	2128	430	0	0	33082	1712	434	934	0	7946	1358	21042	17342	5072	18704	0	0	0	0	0	0	0	0	0	0	0	0	0	0	0	0	0	0	0	0	0	0	374	0	0	0	0	0	0	0	0	0	0	0	0	0	680	128	2020	112	0	0	0	0	0	0	152	0	0	0	0	0	0	0	0	0	0	0	0	0	0	0	0	0	0	0	0	0	0	0	0	0	0	0	0	0	0	0	0	0	0	0	
403836	Frontal_Sup_Medial_R	0	0	12080	38500	0	2788	4512	4536	0	290	122	512	438	5022	0	582	0	0	1978	8616	210	332	33082	0	288	5166	130	844	500	4618	8720	30586	704	24712	0	0	0	0	0	0	0	0	0	0	0	0	0	0	0	0	0	0	0	0	0	0	0	0	0	0	0	0	0	0	0	0	0	0	0	0	640	5924	646	4840	0	0	0	0	0	0	0	0	0	0	0	0	0	0	0	0	0	0	0	0	0	0	0	0	0	0	0	0	0	0	0	0	0	0	0	0	0	0	0	0	0	0	
27360	Frontal_Med_Orb_L	0	0	912	170	2850	0	0	0	0	0	0	0	0	0	0	0	0	0	0	0	808	0	1712	288	0	978	1790	122	0	0	3096	222	0	0	0	0	0	0	0	0	0	0	0	0	0	0	0	0	0	0	0	0	0	0	0	0	0	0	0	0	0	0	0	0	0	0	0	0	0	0	512	0	220	0	0	0	0	0	0	0	0	0	0	0	0	0	0	0	0	0	0	0	0	0	0	0	0	0	0	0	0	0	0	0	0	0	0	0	0	0	0	0	0	0	0	0	
83396	Frontal_Med_Orb_R	0	0	102	3748	140	6250	0	0	0	2044	0	0	0	0	0	0	0	0	0	0	868	1412	434	5166	978	0	268	5532	0	0	956	5242	0	0	0	0	0	0	0	0	0	0	0	0	0	0	0	0	0	0	0	0	0	0	0	0	0	0	0	0	0	0	0	0	0	0	0	0	0	0	826	3992	606	3134	0	0	0	0	0	0	0	0	0	0	0	0	0	0	0	0	0	0	0	0	0	0	0	0	0	0	0	0	0	0	0	0	0	0	0	0	0	0	0	0	0	0	
67524	Rectus_L	0	0	786	0	7246	0	0	0	1800	0	0	0	0	0	1826	0	0	0	0	0	5060	1338	934	130	1790	268	0	962	476	0	4786	1272	0	0	0	0	0	0	0	0	0	0	0	0	0	0	0	0	0	0	0	0	0	0	0	0	0	0	0	0	0	0	0	0	0	0	0	0	0	0	3258	356	1096	162	0	0	0	0	0	0	0	0	216	0	0	0	0	0	0	0	0	0	0	0	0	0	0	0	0	0	0	0	0	0	0	0	0	0	0	0	0	0	0	0	0	0	
69260	Rectus_R	0	0	0	278	0	6846	0	0	0	1598	0	0	0	0	0	778	0	0	0	0	2084	4098	0	844	122	5532	962	0	0	1050	1068	3252	0	0	0	0	0	0	0	0	0	0	0	0	0	0	0	0	0	0	0	0	0	0	0	0	0	0	0	0	0	0	0	0	0	0	0	0	0	0	2128	1668	1212	1110	0	0	0	0	0	0	0	0	0	0	0	0	0	0	0	0	0	0	0	0	0	0	0	0	0	0	0	0	0	0	0	0	0	0	0	0	0	0	0	0	0	0	
773140	Insula_L	14774	114	44374	4678	6484	0	26748	280	1748	0	22540	1114	33972	1448	17320	1252	23944	0	27978	2730	3610	0	7946	500	0	0	476	0	0	2024	9024	1272	2372	1672	124	0	10258	0	976	0	916	0	316	0	0	0	0	0	0	0	2992	0	810	0	5316	0	3332	0	0	0	658	0	804	0	220	0	408	0	1514	0	17050	3626	22384	2734	522	0	5968	110	9900	0	10444	0	9190	0	7276	0	0	0	8328	0	0	0	0	0	0	0	0	0	0	0	0	0	0	0	0	0	0	0	0	0	0	0	0	0	0	0	
501476	Insula_R	432	3282	1668	24848	196	3922	368	13736	0	366	1162	26020	716	21268	108	10048	162	12700	2708	7832	0	2902	1358	4618	0	0	0	1050	2024	0	844	6970	120	9200	0	630	0	13744	0	7988	0	2078	0	0	0	146	0	112	0	210	0	390	0	360	0	7514	0	1602	0	194	0	236	0	420	0	182	116	902	224	188	4332	4760	1368	16876	0	0	0	190	0	3164	0	4192	284	790	0	1902	0	0	0	14748	0	0	0	0	0	0	0	0	0	0	0	0	0	0	0	0	0	0	0	0	268	0	0	0	0	0	
325464	Cingulum_Ant_L	684	0	14268	6674	4552	0	8162	376	0	0	3390	158	7010	1158	278	112	356	0	5498	1432	3062	1704	21042	8720	3096	956	4786	1068	9024	844	0	22026	6646	7074	412	0	0	0	0	0	0	0	0	0	0	0	0	0	0	0	0	0	0	0	0	0	0	0	0	0	0	0	0	0	0	0	0	0	0	0	8076	2238	7174	544	0	0	0	0	0	0	0	0	132	0	0	0	0	0	0	0	0	0	0	0	0	0	0	0	0	0	0	0	0	0	0	0	0	0	0	0	0	0	0	0	0	0	
463824	Cingulum_Ant_R	158	0	7338	33224	126	3556	1826	4136	0	130	272	3012	810	8774	0	810	0	0	5154	7294	2336	3180	17342	30586	222	5242	1272	3252	1272	6970	22026	0	2542	26834	0	0	0	0	0	0	0	0	0	0	0	0	0	0	0	0	0	0	0	0	0	0	0	0	0	0	0	0	0	0	0	0	0	0	0	0	4834	16682	2124	7872	0	0	0	704	0	0	0	0	0	0	0	0	0	0	0	0	0	0	0	0	0	0	0	0	0	0	0	0	0	0	0	0	0	0	0	0	0	0	0	0	0	0	
136212	Cingulum_Mid_L	558	376	4608	2312	0	0	3862	164	0	0	0	0	1946	152	370	0	0	0	7780	6042	0	0	5072	704	0	0	0	0	2372	120	6646	2542	0	12232	3334	410	0	0	0	0	0	0	490	0	916	0	0	0	200	0	154	0	0	0	0	0	184	0	0	0	0	0	0	0	0	0	1844	350	2108	130	0	0	128	0	0	0	0	0	0	0	0	0	0	0	0	0	0	0	0	0	0	0	0	0	0	0	0	0	0	0	0	0	0	0	0	0	0	0	0	0	0	0	0	0	0	0	
562712	Cingulum_Mid_R	2332	572	13598	25168	338	0	3760	4260	0	0	794	4428	748	8672	0	600	156	0	23948	40006	0	0	18704	24712	0	0	0	0	1672	9200	7074	26834	12232	0	936	7910	0	1684	0	0	0	0	0	2392	0	2374	0	976	0	1768	0	2338	0	0	0	290	0	1936	0	110	0	0	0	0	0	0	1138	10102	2128	8468	3512	610	1138	272	0	0	0	190	0	0	0	0	166	0	0	548	0	0	0	164	0	0	0	0	0	0	0	130	0	0	0	0	0	0	0	0	0	0	0	0	268	0	0	0	0	0	
99944	Cingulum_Post_L	2412	250	258	0	0	0	0	0	0	0	0	0	0	0	0	0	0	0	2940	752	0	0	0	0	0	0	0	0	124	0	412	0	3334	936	0	4434	6274	1080	1980	0	0	0	3648	0	620	132	1414	0	334	0	552	0	222	0	212	0	0	128	0	0	0	0	0	0	102	0	6422	1016	4554	434	0	226	176	0	0	0	1552	2220	0	0	102	0	0	0	598	0	0	0	122	0	0	0	0	0	0	0	0	0	0	0	0	0	0	0	0	0	0	0	0	0	0	0	0	0	0	0	
178896	Cingulum_Post_R	2458	1608	0	376	0	0	0	290	0	0	0	150	0	0	0	0	0	216	2848	6424	0	0	0	0	0	0	0	0	0	630	0	0	410	7910	4434	0	1708	10916	206	1882	0	0	0	2112	0	754	0	2158	0	706	0	834	0	480	0	2470	0	1300	0	0	0	0	0	130	0	0	692	15664	2400	4762	0	200	0	412	0	0	1620	4278	0	0	0	146	0	0	0	794	0	0	0	2838	0	0	0	0	0	0	0	0	0	0	0	0	0	0	0	0	0	0	0	0	2232	0	0	0	0	0	
252184	Hippocampus_L	6152	0	4196	0	0	0	962	0	0	0	0	0	0	0	308	0	276	0	7802	158	434	0	0	0	0	0	0	0	10258	0	0	0	0	0	6274	1708	0	976	11224	104	4712	0	3472	0	118	0	2634	598	0	0	1138	0	240	0	13128	0	240	0	0	0	0	0	0	0	128	0	4934	0	5310	0	650	174	9834	0	0	0	5910	1622	1704	0	2574	0	998	0	1900	0	0	0	12732	0	0	0	0	0	0	0	174	0	0	0	0	0	0	0	0	0	0	0	0	336	0	0	0	0	0	0	
425416	Hippocampus_R	2092	11084	336	7614	0	246	0	4954	0	0	0	3372	0	110	0	416	0	1940	2260	5418	0	354	0	0	0	0	0	0	0	13744	0	0	0	1684	1080	10916	976	0	188	26510	0	8630	0	1928	0	230	134	3494	0	390	0	500	0	960	0	29508	0	1062	0	0	0	242	0	308	0	128	254	10818	1838	1188	432	300	0	17276	0	484	500	4464	0	1092	0	344	0	800	0	1432	0	156	0	26106	0	0	0	0	0	0	0	162	0	0	0	0	0	0	0	0	0	0	0	0	2254	0	0	0	0	0	
79000	ParaHippocampal_L	1112	0	1124	0	0	0	198	0	0	0	0	0	0	0	0	0	0	0	2426	0	380	0	0	0	0	0	0	0	976	0	0	0	0	0	1980	206	11224	188	0	106	1406	0	1338	0	0	0	2236	216	0	0	518	0	114	0	4080	0	0	0	0	0	0	0	0	0	0	0	1816	0	1090	0	0	0	3270	0	0	0	692	200	0	0	0	0	204	0	258	0	0	0	1134	0	0	0	0	0	0	0	490	0	166	0	0	0	0	0	0	0	0	0	0	352	0	0	0	0	0	0	
214092	ParaHippocampal_R	394	2368	196	1978	0	0	0	3290	0	0	0	1518	0	0	0	260	0	1518	480	968	0	104	0	0	0	0	0	0	0	7988	0	0	0	0	0	1882	104	26510	106	0	0	5038	0	548	0	0	0	2538	0	0	0	0	0	674	0	18034	0	324	0	0	0	0	0	0	0	0	0	2462	268	120	282	0	0	8738	0	318	0	904	0	766	0	130	0	1124	0	398	0	588	0	12358	0	0	0	0	0	0	0	484	0	0	0	0	0	0	0	0	0	0	0	0	1286	0	0	0	0	0	
26192	Amygdala_L	0	0	0	0	0	0	0	0	0	0	0	0	0	0	216	0	0	0	0	0	424	0	0	0	0	0	0	0	916	0	0	0	0	0	0	0	4712	0	1406	0	0	0	0	0	0	0	0	0	0	0	0	0	0	0	3014	0	0	0	0	0	0	0	0	0	0	0	0	0	0	0	0	0	296	0	0	0	246	0	0	0	0	0	336	0	0	0	0	0	1530	0	0	0	0	0	0	0	0	0	0	0	0	0	0	0	0	0	0	0	0	0	0	0	0	0	0	0	
50584	Amygdala_R	0	0	0	0	0	0	0	0	0	0	0	0	0	0	0	112	0	0	0	0	0	744	0	0	0	0	0	0	0	2078	0	0	0	0	0	0	0	8630	0	5038	0	0	0	0	0	0	0	0	0	0	0	0	0	0	0	5618	0	0	0	0	0	0	0	0	0	0	0	0	0	0	0	0	0	1532	0	0	0	0	0	0	0	0	0	1438	0	102	0	0	0	0	0	0	0	0	0	0	0	0	0	0	0	0	0	0	0	0	0	0	0	0	0	0	0	0	0	0	
260536	Calcarine_L	2252	0	0	0	0	0	0	0	0	0	0	0	0	0	0	0	318	0	0	0	0	0	0	0	0	0	0	0	316	0	0	0	490	0	3648	0	3472	0	1338	0	0	0	0	9774	13190	5374	12092	4514	10472	1154	13548	0	4594	0	2558	0	548	0	178	0	576	0	474	0	1174	0	25398	298	3022	0	0	0	0	0	0	0	0	0	212	0	400	0	0	0	6914	0	0	0	1970	0	0	0	0	0	0	0	0	0	0	0	0	0	0	0	0	0	0	0	0	0	0	0	0	0	0	0	
351040	Calcarine_R	0	280	0	0	0	0	0	0	0	0	0	0	0	0	0	0	0	0	0	200	0	0	0	0	0	0	0	0	0	0	0	0	0	2392	0	2112	0	1928	0	548	0	0	9774	0	5966	32098	3424	33160	0	22836	0	12956	0	7590	0	8260	0	368	0	262	0	0	0	138	0	0	1062	19562	0	1090	0	0	0	0	0	0	0	0	0	0	0	194	0	0	0	6230	0	0	0	960	0	0	0	0	0	0	0	496	0	198	0	0	0	0	0	0	0	0	0	0	1274	162	0	0	0	0	
198308	Cuneus_L	552	0	0	0	0	0	0	0	0	0	0	0	0	0	0	0	0	0	0	0	0	0	0	0	0	0	0	0	0	0	0	0	916	0	620	0	118	0	0	0	0	0	13190	5966	0	7544	1904	1132	22972	1274	11648	0	2838	0	1666	0	200	0	982	0	110	0	162	0	196	0	20338	1190	1482	0	0	0	0	0	0	0	0	0	0	0	0	0	0	0	1664	0	0	0	490	0	0	0	0	0	0	0	0	0	0	0	0	0	0	0	0	0	0	0	0	0	0	0	0	0	0	0	
365524	Cuneus_R	0	4546	0	0	0	0	0	0	0	0	0	0	0	0	0	0	0	0	0	172	0	0	0	0	0	0	0	0	0	146	0	0	0	2374	132	754	0	230	0	0	0	0	5374	32098	7544	0	660	7730	0	43968	0	12706	0	1922	0	846	0	7316	0	4254	0	1106	0	518	0	686	7210	31310	0	5382	0	0	0	0	0	0	0	0	0	0	0	500	0	0	0	2366	0	0	0	504	0	0	0	0	0	0	0	0	0	0	0	0	0	0	0	0	0	0	0	0	408	0	0	0	0	0	
185804	Lingual_L	0	0	0	0	0	0	0	0	0	0	0	0	0	0	0	0	0	0	0	0	0	0	0	0	0	0	0	0	0	0	0	0	0	0	1414	0	2634	134	2236	0	0	0	12092	3424	1904	660	0	4776	6852	390	11246	0	6214	0	10370	1300	0	0	0	0	0	0	0	0	0	0	3722	0	128	0	0	0	0	0	0	0	114	0	0	0	0	0	0	0	168	0	0	0	130	0	1482	634	0	0	122	0	4012	766	7690	2312	0	0	0	0	0	0	0	0	0	146	1254	3506	1070	0	0	0	
315684	Lingual_R	146	164	0	0	0	0	0	112	0	0	0	0	0	0	0	0	0	0	196	196	0	0	0	0	0	0	0	0	0	112	0	0	0	976	0	2158	598	3494	216	2538	0	0	4514	33160	1132	7730	4776	0	0	7108	148	6256	316	13360	1634	21748	0	124	0	0	0	0	0	0	0	0	144	7662	132	482	0	0	178	308	0	0	0	182	0	0	0	0	0	0	0	2150	0	0	0	2636	1762	894	0	0	0	0	1146	4490	4124	4880	0	0	0	0	194	708	0	254	0	0	4792	5562	778	496	836	140	
256608	Occipital_Sup_L	608	0	0	0	0	0	0	0	0	0	0	0	0	0	0	0	0	0	0	0	0	0	0	0	0	0	0	0	0	0	0	0	200	0	334	0	0	0	0	0	0	0	10472	0	22972	0	6852	0	0	0	39072	0	5370	0	1356	0	2598	0	8790	0	3242	0	278	0	992	0	19106	136	1386	0	0	0	0	0	0	0	0	0	0	0	120	0	0	0	4226	0	0	0	194	0	0	0	0	0	0	0	0	0	0	0	0	0	0	0	0	0	0	0	0	0	0	0	0	0	0	0	
394120	Occipital_Sup_R	0	3776	0	0	0	0	0	0	0	0	0	0	0	0	0	0	0	146	0	284	0	0	0	0	0	0	0	0	0	210	0	0	0	1768	0	706	0	390	0	0	0	0	1154	22836	1274	43968	390	7108	0	0	0	30918	0	2540	0	1094	0	7422	0	10770	0	4714	0	1308	0	6286	7660	27958	0	5278	0	0	0	0	0	0	0	120	0	0	0	1078	0	0	0	5020	0	0	0	734	0	0	0	0	0	0	0	0	0	0	0	0	0	0	0	0	0	0	0	0	150	0	0	0	0	0	
457772	Occipital_Mid_L	4452	0	1192	0	0	0	982	0	0	0	0	0	0	0	0	0	1238	0	364	0	0	0	0	0	0	0	0	0	2992	0	0	0	154	0	552	0	1138	0	518	0	0	0	13548	0	11648	0	11246	148	39072	0	0	0	28580	0	14156	0	7854	0	7314	0	10324	0	1474	0	16988	0	16844	0	4648	0	0	0	318	0	0	0	0	0	3094	0	2076	0	0	0	22354	0	0	0	2720	0	0	0	0	0	0	0	0	0	402	182	0	0	0	0	0	0	0	0	0	0	0	314	0	0	0	0	
305500	Occipital_Mid_R	0	622	0	0	0	0	0	132	0	0	0	0	0	0	0	0	0	198	0	530	0	0	0	0	0	0	0	0	0	390	0	0	0	2338	0	834	0	500	0	0	0	0	0	12956	0	12706	0	6256	0	30918	0	0	0	7440	0	3146	0	2044	0	5890	0	5524	0	594	0	15794	1408	13126	0	2800	0	0	0	0	0	0	0	0	0	0	0	1230	0	0	0	23078	0	0	0	2074	0	0	0	0	0	0	0	0	0	0	0	0	0	0	0	0	0	0	0	0	222	0	0	0	0	0	
167028	Occipital_Inf_L	814	0	262	0	0	0	170	0	0	0	0	0	0	0	0	0	444	0	110	0	0	0	0	0	0	0	0	0	810	0	0	0	0	0	222	0	240	0	114	0	0	0	4594	0	2838	0	6214	316	5370	0	28580	0	0	0	15462	124	200	0	0	0	138	0	108	0	122	0	4514	0	1038	0	0	0	118	0	0	0	0	0	844	0	166	0	0	0	3820	0	0	0	3244	0	202	108	0	0	0	0	0	154	826	418	0	0	0	0	0	0	0	0	0	0	194	616	0	0	0	0	
126112	Occipital_Inf_R	0	158	0	0	0	0	0	120	0	0	0	0	0	0	0	0	0	0	0	0	0	0	0	0	0	0	0	0	0	360	0	0	0	0	0	480	0	960	0	674	0	0	0	7590	0	1922	0	13360	0	2540	0	7440	0	0	210	11714	0	0	0	0	0	0	0	0	0	0	0	1220	0	0	0	0	0	236	0	0	0	0	0	0	0	0	0	0	0	2476	0	0	0	5842	154	246	0	0	0	0	0	290	338	1710	0	0	0	0	0	460	0	186	0	0	468	838	322	330	412	0	
326528	Fusiform_L	1554	0	694	0	0	0	350	0	0	0	0	0	0	0	110	0	632	0	792	0	0	0	0	0	0	0	0	0	5316	0	0	0	0	0	212	0	13128	0	4080	0	3014	0	2558	0	1666	0	10370	1634	1356	0	14156	0	15462	210	0	1134	142	0	0	0	0	0	0	0	0	0	3464	0	1272	0	0	0	2720	0	0	0	1324	0	1280	0	1078	0	1614	0	4284	0	1106	0	16316	0	9720	584	0	0	0	0	11548	1520	18600	2060	0	0	0	0	0	0	0	0	0	0	2198	3390	616	0	0	0	
500600	Fusiform_R	364	1880	148	2622	0	170	0	1788	0	0	0	1864	0	104	0	402	0	1192	446	1964	0	0	0	0	0	0	0	0	0	7514	0	0	0	290	0	2470	0	29508	0	18034	0	5618	0	8260	0	846	1300	21748	0	1094	0	3146	124	11714	1134	0	0	574	0	0	0	174	0	208	0	122	104	4182	282	640	202	266	0	8236	0	302	0	676	0	868	0	428	0	4080	0	3890	0	1964	0	26234	1968	7972	0	0	0	1428	1680	11328	3682	19704	0	0	0	0	0	2144	0	764	0	1394	6510	6096	2194	1708	2278	274	
262820	Postcentral_L	28882	710	7550	222	0	0	3218	702	0	0	5466	0	142	0	0	0	7308	0	6446	152	0	0	374	0	0	0	0	0	3332	0	0	0	184	0	0	0	240	0	0	0	0	0	548	0	200	0	0	0	2598	0	7854	0	200	0	142	0	0	0	5942	0	20854	0	7868	0	3572	0	3742	0	4410	0	766	0	140	0	0	0	0	0	1078	0	3404	0	0	0	2592	0	0	0	572	0	0	0	0	0	0	0	0	0	0	0	0	0	0	0	0	0	0	0	0	0	0	0	0	0	0	0	
233252	Postcentral_R	776	22654	0	1202	0	0	0	1626	0	0	0	2960	0	0	0	0	0	2288	802	1840	0	0	0	0	0	0	0	0	0	1602	0	0	0	1936	128	1300	0	1062	0	324	0	0	0	368	0	7316	0	124	0	7422	0	2044	0	0	0	574	0	0	0	6034	0	12268	0	13808	0	216	732	10998	754	10656	130	0	0	0	0	0	0	0	0	122	0	1324	0	0	0	550	0	0	0	686	0	0	0	0	0	0	0	0	0	0	0	0	0	0	0	0	0	0	0	0	0	0	0	0	0	0	
92624	Parietal_Sup_L	0	0	0	0	0	0	0	0	0	0	0	0	0	0	0	0	0	0	0	0	0	0	0	0	0	0	0	0	0	0	0	0	0	0	0	0	0	0	0	0	0	0	178	0	982	0	0	0	8790	0	7314	0	0	0	0	0	5942	0	0	0	11172	0	126	0	1276	0	9956	0	290	0	0	0	0	0	0	0	0	0	0	0	0	0	0	0	286	0	0	0	0	0	0	0	0	0	0	0	0	0	0	0	0	0	0	0	0	0	0	0	0	0	0	0	0	0	0	0	
130020	Parietal_Sup_R	0	1558	0	0	0	0	0	0	0	0	0	0	0	0	0	0	0	124	0	0	0	0	0	0	0	0	0	0	0	194	0	0	0	110	0	0	0	0	0	0	0	0	0	262	0	4254	0	0	0	10770	0	5890	0	0	0	0	0	6034	0	0	0	9054	0	1170	0	5580	3650	13910	0	1138	0	0	0	0	0	0	0	0	0	0	0	242	0	0	0	864	0	0	0	206	0	0	0	0	0	0	0	0	0	0	0	0	0	0	0	0	0	0	0	0	0	0	0	0	0	0	
243300	Parietal_Inf_L	5686	0	1546	0	0	0	934	0	0	0	174	0	0	0	0	0	814	0	1216	0	0	0	0	0	0	0	0	0	658	0	0	0	0	0	0	0	0	0	0	0	0	0	576	0	110	0	0	0	3242	0	10324	0	138	0	0	0	20854	0	11172	0	0	0	19972	0	18486	0	2514	0	910	0	0	0	0	0	0	0	0	0	226	0	3650	0	0	0	11834	0	0	0	6614	0	0	0	0	0	0	0	0	0	0	0	0	0	0	0	0	0	0	0	0	0	0	0	0	0	0	0	
159360	Parietal_Inf_R	582	4304	0	290	0	0	0	346	0	0	0	548	0	0	0	0	0	560	576	172	0	0	0	0	0	0	0	0	0	236	0	0	0	0	0	0	0	242	0	0	0	0	0	0	0	1106	0	0	0	4714	0	5524	0	0	0	174	0	12268	0	9054	0	0	0	14386	0	13438	2230	3644	566	650	0	0	0	0	0	0	0	0	0	0	0	558	0	0	0	3256	0	0	0	256	0	0	0	0	0	0	0	0	0	0	0	0	0	0	0	0	0	0	0	0	0	0	0	0	0	0	
161768	SupraMarginal_L	1864	0	2880	0	0	0	770	0	0	0	160	0	0	0	0	0	3384	0	2524	0	0	0	0	0	0	0	0	0	804	0	0	0	0	0	0	0	0	0	0	0	0	0	474	0	162	0	0	0	278	0	1474	0	108	0	0	0	7868	0	126	0	19972	0	0	0	8718	0	582	0	270	0	0	0	0	0	0	0	0	0	378	0	8974	0	0	0	12738	0	0	0	6376	0	0	0	0	0	0	0	0	0	0	0	0	0	0	0	0	0	0	0	0	0	0	0	0	0	0	0	
108992	SupraMarginal_R	802	4016	0	382	0	0	0	656	0	0	0	912	0	0	0	0	0	2880	798	246	0	0	0	0	0	0	0	0	0	420	0	0	0	0	0	130	0	308	0	0	0	0	0	138	0	518	0	0	0	1308	0	594	0	0	0	208	0	13808	0	1170	0	14386	0	0	0	2504	316	1002	786	0	0	0	0	0	0	0	0	0	0	0	0	3426	0	0	0	2454	0	0	0	328	0	0	0	0	0	0	0	0	0	0	0	0	0	0	0	0	0	0	0	0	0	0	0	0	0	0	
163112	Angular_L	1786	0	148	0	0	0	114	0	0	0	0	0	0	0	0	0	210	0	0	0	0	0	0	0	0	0	0	0	220	0	0	0	0	0	102	0	128	0	0	0	0	0	1174	0	196	0	0	0	992	0	16988	0	122	0	0	0	3572	0	1276	0	18486	0	8718	0	0	0	1396	0	544	0	0	0	0	0	0	0	0	0	136	0	6010	0	0	0	14298	0	0	0	4940	0	0	0	0	0	0	0	0	0	0	0	0	0	0	0	0	0	0	0	0	0	0	0	0	0	0	0	
131504	Angular_R	0	128	0	0	0	0	0	0	0	0	0	0	0	0	0	0	0	146	0	0	0	0	0	0	0	0	0	0	0	182	0	0	0	0	0	0	0	128	0	0	0	0	0	0	0	686	0	0	0	6286	0	15794	0	0	0	122	0	216	0	5580	0	13438	0	2504	0	0	1680	2122	0	134	0	0	0	0	0	0	0	0	0	0	0	3164	0	0	0	12870	0	0	0	572	0	0	0	0	0	0	0	0	0	0	0	0	0	0	0	0	0	0	0	0	0	0	0	0	0	0	
390320	Precuneus_L	3152	568	164	0	0	0	0	0	0	0	0	0	0	0	0	0	354	0	462	234	0	0	0	0	0	0	0	0	408	116	0	0	1844	1138	6422	692	4934	254	1816	0	0	0	25398	1062	20338	7210	3722	144	19106	7660	16844	1408	4514	0	3464	104	3742	732	9956	3650	2514	2230	582	316	1396	1680	0	14974	5352	902	0	0	106	0	0	0	0	0	254	0	518	236	0	0	8456	1334	0	0	2258	440	0	0	0	0	0	0	0	0	0	0	0	0	0	0	0	0	0	0	0	0	0	0	0	0	0	0	
470608	Precuneus_R	824	6898	0	414	0	0	0	374	0	0	0	188	0	0	0	0	0	396	876	2196	0	0	0	0	0	0	0	0	0	902	0	0	350	10102	1016	15664	0	10818	0	2462	0	0	298	19562	1190	31310	0	7662	136	27958	0	13126	0	1220	0	4182	0	10998	0	13910	0	3644	0	1002	0	2122	14974	0	856	9366	0	0	0	508	0	0	0	1388	0	0	0	1290	0	0	0	6246	0	0	0	4106	0	0	0	0	0	0	0	580	0	0	0	0	0	0	0	0	0	0	0	0	4190	0	0	0	0	0	
437240	Paracentral_Lobule_L	53068	2632	8384	3046	0	0	488	604	0	0	0	0	0	0	0	0	200	714	48688	13164	0	0	0	0	0	0	0	0	1514	224	0	0	2108	2128	4554	2400	5310	1838	1090	268	0	0	3022	0	1482	0	128	132	1386	0	4648	0	1038	0	1272	282	4410	754	290	0	910	566	270	786	544	0	5352	856	0	378	4350	3786	5976	342	2536	114	9690	6434	884	0	500	214	0	0	1762	104	0	0	718	282	0	0	0	0	0	0	0	0	0	0	0	0	0	0	0	0	0	0	0	0	0	0	0	0	0	0	
142928	Paracentral_Lobule_R	0	7362	0	0	0	0	0	0	0	0	0	0	0	0	0	0	0	106	202	7498	0	0	0	0	0	0	0	0	0	188	0	0	130	8468	434	4762	0	1188	0	120	0	0	0	1090	0	5382	0	482	0	5278	0	2800	0	0	0	640	0	10656	0	1138	0	650	0	0	0	134	902	9366	378	0	0	0	0	0	0	0	0	0	0	0	0	244	0	0	0	1180	0	0	0	686	0	0	0	0	0	0	0	0	0	0	0	0	0	0	0	0	0	0	0	0	0	0	0	0	0	0	
419288	Caudate_L	9216	330	10188	12084	2758	370	3280	1702	434	0	6108	2886	6076	1948	1496	2548	1810	160	13248	5922	7088	6780	680	640	512	826	3258	2128	17050	4332	8076	4834	0	3512	0	0	650	432	0	282	0	0	0	0	0	0	0	0	0	0	0	0	0	0	0	202	766	130	0	0	0	0	0	0	0	0	0	0	4350	0	0	13124	21696	6268	3382	0	11762	1312	432	0	554	0	1428	0	134	0	0	0	204	256	0	0	0	0	0	0	0	0	0	0	0	0	0	0	0	0	0	0	0	0	0	0	0	0	0	0	
378656	Caudate_R	3790	2794	940	23636	154	7334	202	440	0	1016	1464	1490	2588	3106	320	4534	260	0	5272	14600	1802	4396	128	5924	0	3992	356	1668	3626	4760	2238	16682	0	610	226	200	174	300	0	0	0	0	0	0	0	0	0	0	0	0	0	0	0	0	0	266	0	0	0	0	0	0	0	0	0	0	0	0	3786	0	13124	0	5226	22738	0	1522	1234	19704	0	0	158	0	334	0	0	0	0	0	0	214	0	0	0	0	0	0	0	0	0	0	0	0	0	0	0	0	0	0	0	0	0	0	0	0	0	0	
419212	Putamen_L	5914	0	26092	2318	10016	188	2778	222	2450	0	892	1058	2842	562	5888	560	538	0	23186	1376	3378	4670	2020	646	220	606	1096	1212	22384	1368	7174	2124	128	1138	176	0	9834	0	3270	0	296	0	0	0	0	0	0	178	0	0	318	0	118	0	2720	0	140	0	0	0	0	0	0	0	0	0	106	0	5976	0	21696	5226	0	2518	5872	0	2404	0	1554	0	2662	0	3470	0	1394	0	0	0	4634	0	0	0	0	0	0	0	0	0	0	0	0	0	0	0	0	0	0	0	0	0	0	0	0	0	0	0	
367808	Putamen_R	398	1356	560	18114	0	7734	160	5074	0	2234	986	3842	2274	1878	260	4922	214	1460	1076	7940	562	1414	112	4840	0	3134	162	1110	2734	16876	544	7872	0	272	0	412	0	17276	0	8738	0	1532	0	0	0	0	0	308	0	0	0	0	0	236	0	8236	0	0	0	0	0	0	0	0	0	0	0	508	342	0	6268	22738	2518	0	0	2472	0	488	0	294	146	162	196	156	0	112	0	0	0	10324	0	0	0	0	0	0	0	0	0	0	0	0	0	0	0	0	0	0	0	0	328	0	0	0	0	0	
55720	Pallidum_L	2586	0	4784	0	0	0	0	0	0	0	0	0	0	0	0	0	0	0	6614	0	0	0	0	0	0	0	0	0	522	0	0	0	0	0	0	0	0	0	0	0	0	0	0	0	0	0	0	0	0	0	0	0	0	0	0	0	0	0	0	0	0	0	0	0	0	0	0	0	2536	0	3382	0	5872	0	0	0	1564	0	0	0	0	0	0	0	0	0	0	0	0	0	0	0	0	0	0	0	0	0	0	0	0	0	0	0	0	0	0	0	0	0	0	0	0	0	0	0	
25372	Pallidum_R	140	104	0	3394	0	0	0	152	0	0	0	156	0	0	0	0	0	210	242	2846	0	0	0	0	0	0	0	0	0	0	0	0	0	0	0	0	0	484	0	318	0	0	0	0	0	0	0	0	0	0	0	0	0	0	0	302	0	0	0	0	0	0	0	0	0	0	0	0	114	0	0	1522	0	2472	0	0	0	0	0	0	0	0	0	0	0	0	0	0	0	230	0	0	0	0	0	0	0	0	0	0	0	0	0	0	0	0	0	0	0	0	0	0	0	0	0	0	
161260	Thalamus_L	10022	154	1762	352	0	0	482	396	0	0	0	0	0	0	0	0	410	0	12628	568	0	0	0	0	0	0	0	0	5968	0	0	0	0	0	1552	1620	5910	500	692	0	246	0	0	0	0	0	114	0	0	0	0	0	0	0	1324	0	0	0	0	0	0	0	0	0	0	0	0	0	9690	0	11762	1234	2404	0	1564	0	0	6730	206	0	1114	0	0	0	0	0	0	0	1226	0	0	0	0	0	0	0	0	0	0	0	0	0	0	0	0	0	0	0	0	0	0	0	0	0	0	0	
168656	Thalamus_R	6584	6396	116	4732	0	0	0	1086	0	0	0	372	0	0	0	0	0	0	7018	5346	0	0	0	0	0	0	0	0	110	190	0	704	0	190	2220	4278	1622	4464	200	904	0	0	0	0	0	0	0	182	0	120	0	0	0	0	0	676	0	0	0	0	0	0	0	0	0	0	0	1388	6434	0	1312	19704	0	488	0	0	6730	0	0	0	0	0	0	0	0	110	0	0	0	448	0	0	0	0	0	0	0	0	0	0	0	0	0	0	0	0	0	0	0	0	204	0	0	0	0	0	
102460	Heschl_L	4694	0	4876	0	0	0	3156	0	0	0	388	0	0	0	0	0	3058	0	2194	0	0	0	0	0	0	0	0	0	9900	0	0	0	0	0	0	0	1704	0	0	0	0	0	212	0	0	0	0	0	0	0	3094	0	844	0	1280	0	1078	0	0	0	226	0	378	0	136	0	254	0	884	0	432	0	1554	0	0	0	206	0	0	0	2102	0	0	0	6698	0	0	0	1882	0	0	0	0	0	0	0	0	0	0	0	0	0	0	0	0	0	0	0	0	0	0	0	0	0	0	0	
30100	Heschl_R	0	436	0	302	0	0	0	334	0	0	0	628	0	0	0	0	0	2608	0	280	0	0	0	0	0	0	0	0	0	3164	0	0	0	0	0	0	0	1092	0	766	0	0	0	0	0	0	0	0	0	0	0	0	0	0	0	868	0	122	0	0	0	0	0	0	0	0	0	0	0	0	0	0	0	294	0	0	0	0	0	0	0	1962	0	0	0	632	0	0	0	1562	0	0	0	0	0	0	0	0	0	0	0	0	0	0	0	0	0	0	0	0	0	0	0	0	0	0	
225316	Temporal_Sup_L	2460	0	4520	0	0	0	836	0	0	0	2804	0	198	0	0	0	7992	0	4284	0	0	0	152	0	0	0	0	0	10444	0	0	0	0	0	102	0	2574	0	0	0	0	0	400	0	0	0	0	0	120	0	2076	0	166	0	1078	0	3404	0	0	0	3650	0	8974	0	6010	0	518	0	500	0	554	158	2662	146	0	0	1114	0	2102	0	0	0	4482	0	27350	0	0	0	10828	0	0	0	0	0	0	0	0	0	0	0	0	0	0	0	0	0	0	0	0	0	0	0	0	0	0	0	
97884	Temporal_Sup_R	238	670	0	1856	0	0	0	702	0	0	0	1808	0	0	0	0	0	6156	256	994	0	0	0	0	0	0	0	0	0	4192	0	0	0	0	0	146	0	344	0	130	0	0	0	194	0	500	0	0	0	1078	0	1230	0	0	0	428	0	1324	0	242	0	558	0	3426	0	3164	236	1290	214	244	0	0	0	162	0	0	0	0	0	1962	0	0	0	2884	0	9788	0	0	0	2526	0	0	0	0	0	0	0	0	0	0	0	0	0	0	0	0	0	0	0	0	0	0	0	0	0	0	
107400	Temporal_Pole_Sup_L	0	0	1320	622	1608	0	102	0	1116	0	3098	176	1116	264	4996	200	1804	0	1090	250	710	0	0	0	0	0	216	0	9190	284	132	0	0	166	0	0	998	0	204	0	336	0	0	0	0	0	0	0	0	0	0	0	0	0	1614	0	0	0	0	0	0	0	0	0	0	0	0	0	0	0	1428	334	3470	196	0	0	0	0	0	0	4482	0	0	0	6348	0	2340	0	3490	0	0	0	0	0	0	0	0	0	0	0	0	0	0	0	0	0	0	0	0	0	0	0	0	0	0	0	
44756	Temporal_Pole_Sup_R	0	0	0	494	0	0	0	512	0	0	0	674	0	0	0	0	0	1182	0	114	0	128	0	0	0	0	0	0	0	790	0	0	0	0	0	0	0	800	0	1124	0	1438	0	0	0	0	0	0	0	0	0	0	0	0	0	4080	0	0	0	0	0	0	0	0	0	0	0	0	0	0	0	0	0	156	0	0	0	0	0	0	0	2884	0	0	0	2356	0	3574	0	2072	0	0	0	0	0	0	0	0	0	0	0	0	0	0	0	0	0	0	0	0	0	0	0	0	0	0	
390296	Temporal_Mid_L	3988	0	2558	0	0	0	1894	0	0	0	0	0	0	0	0	0	2344	0	992	0	0	0	0	0	0	0	0	0	7276	0	0	0	0	0	598	0	1900	0	258	0	0	0	6914	0	1664	0	168	0	4226	0	22354	0	3820	0	4284	0	2592	0	286	0	11834	0	12738	0	14298	0	8456	0	1762	0	134	0	1394	0	0	0	0	0	6698	0	27350	0	6348	0	0	0	2464	0	33556	0	0	0	0	0	0	0	0	0	0	0	0	0	0	0	0	0	0	0	0	0	0	0	0	0	0	0	
223904	Temporal_Mid_R	128	674	0	128	0	0	0	248	0	0	0	192	0	0	0	0	0	762	116	358	0	0	0	0	0	0	0	0	0	1902	0	0	0	548	0	794	0	1432	0	398	0	102	0	6230	0	2366	0	2150	0	5020	0	23078	0	2476	0	3890	0	550	0	864	0	3256	0	2454	0	12870	1334	6246	104	1180	0	0	0	112	0	0	0	110	0	632	0	9788	0	2356	0	0	0	822	0	15830	0	0	0	0	0	0	0	0	0	0	0	0	0	0	0	0	0	0	0	0	452	0	0	0	0	0	
16064	Temporal_Pole_Mid_L	0	0	0	0	0	0	0	0	0	0	0	0	0	0	0	0	0	0	0	0	0	0	0	0	0	0	0	0	0	0	0	0	0	0	0	0	0	0	0	0	0	0	0	0	0	0	0	0	0	0	0	0	0	0	1106	0	0	0	0	0	0	0	0	0	0	0	0	0	0	0	0	0	0	0	0	0	0	0	0	0	0	0	2340	0	2464	0	0	0	2122	0	0	0	0	0	0	0	0	0	0	0	0	0	0	0	0	0	0	0	0	0	0	0	0	0	0	0	
18028	Temporal_Pole_Mid_R	0	0	0	0	0	0	0	0	0	0	0	0	0	0	0	0	0	0	0	0	0	0	0	0	0	0	0	0	0	0	0	0	0	0	0	0	0	156	0	588	0	0	0	0	0	0	0	0	0	0	0	0	0	0	0	1964	0	0	0	0	0	0	0	0	0	0	0	0	0	0	0	0	0	0	0	0	0	0	0	0	0	0	0	3574	0	822	0	0	0	1910	0	0	0	0	0	0	0	0	0	0	0	0	0	0	0	0	0	0	0	0	0	0	0	0	0	0	
268896	Temporal_Inf_L	1536	0	1304	0	0	0	484	0	0	0	0	0	0	0	108	0	816	0	1280	0	0	0	0	0	0	0	0	0	8328	0	0	0	0	0	122	0	12732	0	1134	0	1530	0	1970	0	490	0	130	0	194	0	2720	0	3244	0	16316	0	572	0	0	0	6614	0	6376	0	4940	0	2258	0	718	0	204	0	4634	0	0	0	1226	0	1882	0	10828	0	3490	0	33556	0	2122	0	0	0	402	0	0	0	0	0	0	0	188	0	0	0	0	0	0	0	0	0	0	0	0	0	0	0	0	0	
317568	Temporal_Inf_R	376	2596	168	3410	0	148	0	3798	0	0	0	2696	0	0	0	226	0	2194	466	2406	0	0	0	0	0	0	0	0	0	14748	0	0	0	164	0	2838	0	26106	0	12358	0	0	0	960	0	504	0	2636	0	734	0	2074	0	5842	0	26234	0	686	0	206	0	256	0	328	0	572	440	4106	282	686	256	214	0	10324	0	230	0	448	0	1562	0	2526	0	2072	0	15830	0	1910	0	0	0	448	0	0	0	0	0	130	0	334	0	0	0	0	0	0	0	0	0	0	1256	0	0	0	0	0	
341076	Cerebelum_Crus1_L	0	0	0	0	0	0	0	0	0	0	0	0	0	0	0	0	0	0	0	0	0	0	0	0	0	0	0	0	0	0	0	0	0	0	0	0	0	0	0	0	0	0	0	0	0	0	1482	1762	0	0	0	0	202	154	9720	1968	0	0	0	0	0	0	0	0	0	0	0	0	0	0	0	0	0	0	0	0	0	0	0	0	0	0	0	0	0	0	0	0	402	0	0	5916	20760	3276	694	0	19896	2352	48830	6502	6460	670	13954	3180	2590	288	660	0	0	0	3140	6534	8508	308	330	0	
338520	Cerebelum_Crus1_R	0	0	0	0	0	0	0	0	0	0	0	0	0	0	0	0	0	0	0	0	0	0	0	0	0	0	0	0	0	0	0	0	0	0	0	0	0	0	0	0	0	0	0	0	0	0	634	894	0	0	0	0	108	246	584	7972	0	0	0	0	0	0	0	0	0	0	0	0	0	0	0	0	0	0	0	0	0	0	0	0	0	0	0	0	0	0	0	0	0	448	5916	0	1476	26116	0	2926	566	12450	5170	42402	664	4328	1190	28746	494	3552	0	204	0	718	1836	5480	9544	2306	2028	262	
263852	Cerebelum_Crus2_L	0	0	0	0	0	0	0	0	0	0	0	0	0	0	0	0	0	0	0	0	0	0	0	0	0	0	0	0	0	0	0	0	0	0	0	0	0	0	0	0	0	0	0	0	0	0	0	0	0	0	0	0	0	0	0	0	0	0	0	0	0	0	0	0	0	0	0	0	0	0	0	0	0	0	0	0	0	0	0	0	0	0	0	0	0	0	0	0	0	0	20760	1476	0	10006	0	0	196	0	3932	768	34318	5296	30596	9138	2874	0	0	0	0	0	0	536	9844	1992	194	0	
267368	Cerebelum_Crus2_R	0	0	0	0	0	0	0	0	0	0	0	0	0	0	0	0	0	0	0	0	0	0	0	0	0	0	0	0	0	0	0	0	0	0	0	0	0	0	0	0	0	0	0	0	0	0	0	0	0	0	0	0	0	0	0	0	0	0	0	0	0	0	0	0	0	0	0	0	0	0	0	0	0	0	0	0	0	0	0	0	0	0	0	0	0	0	0	0	0	0	3276	26116	10006	0	0	0	0	0	1194	2508	8198	21430	5320	39622	134	2492	0	0	0	0	0	400	11808	1180	0	0	
15972	Cerebelum_3_L	0	0	0	0	0	0	0	0	0	0	0	0	0	0	0	0	0	0	0	0	0	0	0	0	0	0	0	0	0	0	0	0	0	0	0	0	0	0	0	0	0	0	0	0	0	0	122	0	0	0	0	0	0	0	0	0	0	0	0	0	0	0	0	0	0	0	0	0	0	0	0	0	0	0	0	0	0	0	0	0	0	0	0	0	0	0	0	0	0	0	694	0	0	0	0	0	4174	120	866	118	0	0	0	0	0	0	0	0	540	1000	352	0	0	0	0	0	
41772	Cerebelum_3_R	0	0	0	0	0	0	0	0	0	0	0	0	0	0	0	0	0	0	0	0	0	0	0	0	0	0	0	0	0	0	0	0	0	0	0	0	0	0	0	0	0	0	0	0	0	0	0	0	0	0	0	0	0	0	0	1428	0	0	0	0	0	0	0	0	0	0	0	0	0	0	0	0	0	0	0	0	0	0	0	0	0	0	0	0	0	0	0	0	0	0	0	2926	0	0	0	0	370	5942	0	4668	0	0	0	0	0	450	0	0	608	3386	1108	0	0	0	0	0	
206064	Cerebelum_4_5_L	0	0	0	0	0	0	0	0	0	0	0	0	0	0	0	0	0	0	0	0	0	0	0	0	0	0	0	0	0	0	0	0	0	0	0	0	174	0	490	0	0	0	0	0	0	0	4012	1146	0	0	0	0	0	0	11548	1680	0	0	0	0	0	0	0	0	0	0	0	0	0	0	0	0	0	0	0	0	0	0	0	0	0	0	0	0	0	0	0	0	0	0	19896	566	196	0	4174	370	0	5508	28776	2850	202	0	578	0	3778	1220	364	0	312	996	9158	2092	204	678	1152	912	
226052	Cerebelum_4_5_R	0	0	0	0	0	0	0	0	0	0	0	0	0	0	0	0	0	0	0	0	0	0	0	0	0	0	0	0	0	0	0	0	0	130	0	0	0	162	0	484	0	0	0	496	0	0	766	4490	0	0	0	0	154	290	1520	11328	0	0	0	0	0	0	0	0	0	0	0	580	0	0	0	0	0	0	0	0	0	0	0	0	0	0	0	0	0	0	0	0	0	130	2352	12450	0	0	120	5942	5508	0	4502	24192	0	0	0	0	1146	3764	0	800	136	3014	15318	6020	630	1844	3200	1558	
354260	Cerebelum_6_L	0	0	0	0	0	0	0	0	0	0	0	0	0	0	0	0	0	0	0	0	0	0	0	0	0	0	0	0	0	0	0	0	0	0	0	0	0	0	166	0	0	0	0	0	0	0	7690	4124	0	0	402	0	826	338	18600	3682	0	0	0	0	0	0	0	0	0	0	0	0	0	0	0	0	0	0	0	0	0	0	0	0	0	0	0	0	0	0	0	0	188	0	48830	5170	3932	1194	866	0	28776	4502	0	8982	2072	262	6388	1106	2942	418	1024	0	0	0	6492	11904	5460	370	424	0	
384280	Cerebelum_6_R	0	0	0	0	0	0	0	0	0	0	0	0	0	0	0	0	0	0	0	0	0	0	0	0	0	0	0	0	0	0	0	0	0	0	0	0	0	0	0	0	0	0	0	198	0	0	2312	4880	0	0	182	0	418	1710	2060	19704	0	0	0	0	0	0	0	0	0	0	0	0	0	0	0	0	0	0	0	0	0	0	0	0	0	0	0	0	0	0	0	0	0	334	6502	42402	768	2508	118	4668	2850	24192	8982	0	108	712	458	7670	1278	7086	0	1624	112	1968	8744	14896	9032	5450	7218	996	
218660	Cerebelum_7b_L	0	0	0	0	0	0	0	0	0	0	0	0	0	0	0	0	0	0	0	0	0	0	0	0	0	0	0	0	0	0	0	0	0	0	0	0	0	0	0	0	0	0	0	0	0	0	0	0	0	0	0	0	0	0	0	0	0	0	0	0	0	0	0	0	0	0	0	0	0	0	0	0	0	0	0	0	0	0	0	0	0	0	0	0	0	0	0	0	0	0	6460	664	34318	8198	0	0	202	0	2072	108	0	4338	30512	8430	2424	0	138	0	0	0	0	0	7994	3260	212	0	
124760	Cerebelum_7b_R	0	0	0	0	0	0	0	0	0	0	0	0	0	0	0	0	0	0	0	0	0	0	0	0	0	0	0	0	0	0	0	0	0	0	0	0	0	0	0	0	0	0	0	0	0	0	0	0	0	0	0	0	0	0	0	0	0	0	0	0	0	0	0	0	0	0	0	0	0	0	0	0	0	0	0	0	0	0	0	0	0	0	0	0	0	0	0	0	0	0	670	4328	5296	21430	0	0	0	0	262	712	4338	0	1388	18346	0	486	0	0	0	0	0	0	4544	580	0	0	
238652	Cerebelum_8_L	0	0	0	0	0	0	0	0	0	0	0	0	0	0	0	0	0	0	0	0	0	0	0	0	0	0	0	0	0	0	0	0	0	0	0	0	0	0	0	0	0	0	0	0	0	0	0	0	0	0	0	0	0	0	0	0	0	0	0	0	0	0	0	0	0	0	0	0	0	0	0	0	0	0	0	0	0	0	0	0	0	0	0	0	0	0	0	0	0	0	13954	1190	30596	5320	0	0	578	0	6388	458	30512	1388	0	7974	8852	264	342	0	0	0	0	112	5934	4832	632	0	
298476	Cerebelum_8_R	0	0	0	0	0	0	0	0	0	0	0	0	0	0	0	0	0	0	0	0	0	0	0	0	0	0	0	0	0	0	0	0	0	0	0	0	0	0	0	0	0	0	0	0	0	0	0	0	0	0	0	0	0	0	0	0	0	0	0	0	0	0	0	0	0	0	0	0	0	0	0	0	0	0	0	0	0	0	0	0	0	0	0	0	0	0	0	0	0	0	3180	28746	9138	39622	0	0	0	0	1106	7670	8430	18346	7974	0	442	7496	0	0	0	0	0	392	11398	4454	844	0	
74888	Cerebelum_9_L	0	0	0	0	0	0	0	0	0	0	0	0	0	0	0	0	0	0	0	0	0	0	0	0	0	0	0	0	0	0	0	0	0	0	0	0	0	0	0	0	0	0	0	0	0	0	0	194	0	0	0	0	0	0	0	0	0	0	0	0	0	0	0	0	0	0	0	0	0	0	0	0	0	0	0	0	0	0	0	0	0	0	0	0	0	0	0	0	0	0	2590	494	2874	134	0	0	3778	1146	2942	1278	2424	0	8852	442	0	988	1438	0	0	0	2336	1790	1046	806	1320	572	
109976	Cerebelum_9_R	0	0	0	0	0	0	0	0	0	0	0	0	0	0	0	0	0	0	0	0	0	0	0	0	0	0	0	0	0	0	0	0	0	0	0	0	0	0	0	0	0	0	0	0	0	0	0	708	0	0	0	0	0	460	0	2144	0	0	0	0	0	0	0	0	0	0	0	0	0	0	0	0	0	0	0	0	0	0	0	0	0	0	0	0	0	0	0	0	0	0	288	3552	0	2492	0	450	1220	3764	418	7086	0	486	264	7496	988	0	0	2126	0	272	3636	4864	874	3716	6140	1544	
7932	Cerebelum_10_L	0	0	0	0	0	0	0	0	0	0	0	0	0	0	0	0	0	0	0	0	0	0	0	0	0	0	0	0	0	0	0	0	0	0	0	0	0	0	0	0	0	0	0	0	0	0	0	0	0	0	0	0	0	0	0	0	0	0	0	0	0	0	0	0	0	0	0	0	0	0	0	0	0	0	0	0	0	0	0	0	0	0	0	0	0	0	0	0	0	0	660	0	0	0	0	0	364	0	1024	0	138	0	342	0	1438	0	0	0	0	0	0	0	0	0	0	0	
16788	Cerebelum_10_R	0	0	0	0	0	0	0	0	0	0	0	0	0	0	0	0	0	0	0	0	0	0	0	0	0	0	0	0	0	0	0	0	0	0	0	0	0	0	0	0	0	0	0	0	0	0	0	254	0	0	0	0	0	186	0	764	0	0	0	0	0	0	0	0	0	0	0	0	0	0	0	0	0	0	0	0	0	0	0	0	0	0	0	0	0	0	0	0	0	0	0	204	0	0	0	0	0	800	0	1624	0	0	0	0	0	2126	0	0	0	0	468	704	0	122	1142	0	
10556	Vermis_1_2	0	0	0	0	0	0	0	0	0	0	0	0	0	0	0	0	0	0	0	0	0	0	0	0	0	0	0	0	0	0	0	0	0	0	0	0	0	0	0	0	0	0	0	0	0	0	0	0	0	0	0	0	0	0	0	0	0	0	0	0	0	0	0	0	0	0	0	0	0	0	0	0	0	0	0	0	0	0	0	0	0	0	0	0	0	0	0	0	0	0	0	0	0	0	540	608	312	136	0	112	0	0	0	0	0	0	0	0	0	3266	304	0	0	0	0	0	
36368	Vermis_3	0	0	0	0	0	0	0	0	0	0	0	0	0	0	0	0	0	0	0	0	0	0	0	0	0	0	0	0	0	0	0	0	0	0	0	0	336	0	352	0	0	0	0	0	0	0	146	0	0	0	0	0	0	0	0	1394	0	0	0	0	0	0	0	0	0	0	0	0	0	0	0	0	0	0	0	0	0	0	0	0	0	0	0	0	0	0	0	0	0	0	0	718	0	0	1000	3386	996	3014	0	1968	0	0	0	0	0	272	0	0	3266	0	1336	0	0	0	0	0	
198440	Vermis_4_5	0	188	0	106	0	0	0	212	0	0	0	0	0	0	0	0	0	0	0	150	0	0	0	0	0	0	0	0	0	268	0	0	0	268	0	2232	0	2254	0	1286	0	0	0	1274	0	408	1254	4792	0	150	0	222	194	468	2198	6510	0	0	0	0	0	0	0	0	0	0	0	4190	0	0	0	0	0	328	0	0	0	204	0	0	0	0	0	0	0	452	0	0	0	1256	3140	1836	0	0	352	1108	9158	15318	6492	8744	0	0	0	0	2336	3636	0	468	304	1336	0	6520	584	1626	3062	2336	
198884	Vermis_6	0	0	0	0	0	0	0	0	0	0	0	0	0	0	0	0	0	0	0	0	0	0	0	0	0	0	0	0	0	0	0	0	0	0	0	0	0	0	0	0	0	0	0	162	0	0	3506	5562	0	0	314	0	616	838	3390	6096	0	0	0	0	0	0	0	0	0	0	0	0	0	0	0	0	0	0	0	0	0	0	0	0	0	0	0	0	0	0	0	0	0	0	6534	5480	536	400	0	0	2092	6020	11904	14896	0	0	112	392	1790	4864	0	704	0	0	6520	0	5694	4176	5892	952	
