data	data	585904	474380	1.04904e+06	1.0365e+06	259320	213236	534764	230900	103896	69324	354204	245100	483168	184596	298696	128424	288728	146144	908992	795316	182480	205556	409860	427664	72280	127768	91076	130420	882288	366856	327992	503680	226856	515268	292688	285456	335320	321848	168452	191660	109264	68724	180056	223300	155904	225672	321296	245204	170748	281532	574440	197872	229176	90380	419196	343000	473836	295664	142016	108044	269508	103320	134576	121708	169568	105396	323336	314852	215344	153360	544892	399304	437756	332664	51856	34524	351656	325960	112488	24840	286624	116172	102508	82472	444112	213452	23392	30240	309716	171592	433040	552836	285348	380296	74472	174916	378576	276628	555580	498552	215304	119804	318004	296556	122332	193252	26840	22140	56136	178844	257212	296816	233544	217840	168276	38432	
data	data	Precentral_L	Precentral_R	Frontal_Sup_L	Frontal_Sup_R	Frontal_Sup_Orb_L	Frontal_Sup_Orb_R	Frontal_Mid_L	Frontal_Mid_R	Frontal_Mid_Orb_L	Frontal_Mid_Orb_R	Frontal_Inf_Oper_L	Frontal_Inf_Oper_R	Frontal_Inf_Tri_L	Frontal_Inf_Tri_R	Frontal_Inf_Orb_L	Frontal_Inf_Orb_R	Rolandic_Oper_L	Rolandic_Oper_R	Supp_Motor_Area_L	Supp_Motor_Area_R	Olfactory_L	Olfactory_R	Frontal_Sup_Medial_L	Frontal_Sup_Medial_R	Frontal_Med_Orb_L	Frontal_Med_Orb_R	Rectus_L	Rectus_R	Insula_L	Insula_R	Cingulum_Ant_L	Cingulum_Ant_R	Cingulum_Mid_L	Cingulum_Mid_R	Cingulum_Post_L	Cingulum_Post_R	Hippocampus_L	Hippocampus_R	ParaHippocampal_L	ParaHippocampal_R	Amygdala_L	Amygdala_R	Calcarine_L	Calcarine_R	Cuneus_L	Cuneus_R	Lingual_L	Lingual_R	Occipital_Sup_L	Occipital_Sup_R	Occipital_Mid_L	Occipital_Mid_R	Occipital_Inf_L	Occipital_Inf_R	Fusiform_L	Fusiform_R	Postcentral_L	Postcentral_R	Parietal_Sup_L	Parietal_Sup_R	Parietal_Inf_L	Parietal_Inf_R	SupraMarginal_L	SupraMarginal_R	Angular_L	Angular_R	Precuneus_L	Precuneus_R	Paracentral_Lobule_L	Paracentral_Lobule_R	Caudate_L	Caudate_R	Putamen_L	Putamen_R	Pallidum_L	Pallidum_R	Thalamus_L	Thalamus_R	Heschl_L	Heschl_R	Temporal_Sup_L	Temporal_Sup_R	Temporal_Pole_Sup_L	Temporal_Pole_Sup_R	Temporal_Mid_L	Temporal_Mid_R	Temporal_Pole_Mid_L	Temporal_Pole_Mid_R	Temporal_Inf_L	Temporal_Inf_R	Cerebelum_Crus1_L	Cerebelum_Crus1_R	Cerebelum_Crus2_L	Cerebelum_Crus2_R	Cerebelum_3_L	Cerebelum_3_R	Cerebelum_4_5_L	Cerebelum_4_5_R	Cerebelum_6_L	Cerebelum_6_R	Cerebelum_7b_L	Cerebelum_7b_R	Cerebelum_8_L	Cerebelum_8_R	Cerebelum_9_L	Cerebelum_9_R	Cerebelum_10_L	Cerebelum_10_R	Vermis_1_2	Vermis_3	Vermis_4_5	Vermis_6	Vermis_7	Vermis_8	Vermis_9	Vermis_10	
585904	Precentral_L	0	12076	23514	10088	0	0	18280	214	0	0	13248	334	2808	160	0	0	8940	0	18454	5852	0	0	0	114	0	0	0	0	13424	266	94	346	420	512	9044	7890	5004	4338	174	984	0	112	144	0	290	0	134	812	162	0	2084	0	234	0	0	184	37802	802	236	0	6568	0	1632	0	1450	0	1882	712	21226	236	4338	5802	3472	486	1956	120	23232	11508	3694	0	2224	0	0	0	2148	0	0	0	692	0	0	0	0	0	0	0	0	0	0	0	0	0	0	0	0	0	0	0	0	0	0	0	0	0	0	0	
474380	Precentral_R	12076	0	3216	47288	0	0	672	6866	0	0	98	7018	0	338	0	0	164	1812	4642	15880	0	0	0	0	0	0	0	0	536	2728	0	0	1292	3576	3378	10180	826	4870	0	252	0	0	0	2130	0	1580	0	266	0	1816	200	2542	0	1298	0	2848	2228	21034	0	1032	154	2424	0	3180	0	1100	420	4698	6412	6230	3538	10138	1636	1164	190	240	8640	17720	150	94	0	524	0	0	144	1818	0	0	0	1894	0	0	0	0	0	0	0	0	0	0	0	0	0	0	0	0	0	0	0	0	0	0	0	0	0	0	
1.04904e+06	Frontal_Sup_L	23514	3216	0	10960	8704	146	69358	3440	1054	0	15128	1414	33042	738	8120	0	12140	182	93598	20522	1118	378	42996	11110	2412	394	0	100	47012	472	13020	5746	6890	10458	1356	184	1842	634	708	494	274	0	130	0	238	0	110	404	418	0	676	0	0	0	170	280	5542	660	0	0	350	0	98	124	0	0	1168	0	7366	0	11580	568	19324	836	4078	400	8606	998	1882	0	2928	0	1178	0	1010	0	0	0	424	98	0	0	0	0	0	0	0	0	0	0	0	0	0	0	0	0	0	0	0	0	0	0	0	0	0	0	
1.0365e+06	Frontal_Sup_R	10088	47288	10960	0	202	9780	1942	31240	0	950	3622	17528	2330	10784	534	1370	760	10824	24636	64592	0	116	13472	44504	0	7062	0	166	4356	18380	5126	36132	3230	24752	3162	6102	670	3560	0	416	0	0	0	912	0	0	0	386	0	98	192	210	0	766	0	1526	1042	3860	0	0	144	0	0	714	0	0	0	478	5654	180	8370	20236	1636	12114	112	4190	8412	21468	96	726	1308	998	0	100	146	612	0	0	0	928	0	0	0	0	0	0	0	0	0	0	0	0	0	0	0	0	0	0	0	0	0	0	0	0	0	0	
259320	Frontal_Sup_Orb_L	0	0	8704	202	0	1398	1738	156	12714	274	578	0	1854	0	19520	846	272	0	914	520	8508	4586	4150	764	4942	876	6356	2432	14012	0	6270	1438	0	0	0	0	208	0	0	0	2836	0	0	0	0	0	0	0	0	0	0	0	0	0	0	0	0	0	0	0	0	0	0	0	0	0	0	0	0	0	9154	2220	8132	1038	0	0	0	0	0	0	264	0	1784	0	0	0	0	0	0	0	0	0	0	0	0	0	0	0	0	0	0	0	0	0	0	0	0	0	0	0	0	0	0	0	0	0	
213236	Frontal_Sup_Orb_R	0	0	146	9780	1398	0	0	1906	530	5888	350	2326	0	3378	1146	6056	138	0	1264	3846	2692	5736	388	4806	720	9538	1544	10748	608	4272	1876	8434	256	1824	0	0	0	0	0	0	372	0	0	0	0	0	0	0	0	0	0	0	0	0	0	0	0	0	0	0	0	0	0	0	0	0	0	0	0	0	4432	4698	1366	3946	0	0	0	0	0	0	210	0	0	0	0	0	0	0	0	0	0	0	0	0	0	0	0	0	0	0	0	0	0	0	0	0	0	0	0	0	0	0	0	0	0	0	
534764	Frontal_Mid_L	18280	672	69358	1942	1738	0	0	396	2274	0	17116	210	49508	146	9034	0	3810	0	18096	2736	130	0	19546	2952	210	0	0	0	27492	0	3662	1582	3296	2234	142	304	104	0	0	0	0	0	0	0	0	0	0	0	0	0	364	0	0	0	0	0	1456	106	0	0	0	0	0	0	392	0	0	0	608	0	820	396	1510	488	0	0	1178	460	1828	0	314	0	492	0	0	0	0	0	0	0	0	0	0	0	0	0	0	0	0	0	0	0	0	0	0	0	0	0	0	0	0	0	0	0	0	0	
230900	Frontal_Mid_R	214	6866	3440	31240	156	1906	396	0	0	1318	654	5726	852	9238	548	2998	262	1860	4626	6812	0	232	608	3432	0	0	0	0	2086	6090	438	2488	202	4852	0	0	0	462	0	0	0	0	0	0	0	0	0	0	0	0	0	0	0	0	0	0	0	618	0	0	0	0	0	0	0	0	0	0	0	0	9106	536	3280	716	0	0	364	298	0	0	530	0	0	0	0	0	0	0	0	0	0	0	0	0	0	0	0	0	0	0	0	0	0	0	0	0	0	0	0	0	0	0	0	0	0	0	
103896	Frontal_Mid_Orb_L	0	0	1054	0	12714	530	2274	0	0	122	0	0	1156	0	13372	338	0	0	0	0	2598	1660	0	0	378	244	2822	926	2386	0	1294	656	0	0	0	0	0	0	0	0	1048	0	0	0	0	0	0	0	0	0	0	0	0	0	0	0	0	0	0	0	0	0	0	0	0	0	0	0	0	0	2940	712	1908	304	0	0	0	0	0	0	0	0	512	0	0	0	0	0	0	0	0	0	0	0	0	0	0	0	0	0	0	0	0	0	0	0	0	0	0	0	0	0	0	0	0	0	
69324	Frontal_Mid_Orb_R	0	0	0	950	274	5888	0	1318	122	0	0	188	0	2508	182	8204	0	0	226	510	550	1354	0	206	232	1866	414	2008	0	2036	358	540	0	204	0	0	0	0	0	0	0	0	0	0	0	0	0	0	0	0	0	0	0	0	0	0	0	0	0	0	0	0	0	0	0	0	0	0	0	0	796	1084	336	2308	0	0	0	0	0	0	0	0	0	0	0	0	0	0	0	0	0	0	0	0	0	0	0	0	0	0	0	0	0	0	0	0	0	0	0	0	0	0	0	0	0	0	
354204	Frontal_Inf_Oper_L	13248	98	15128	3622	578	350	17116	654	0	0	0	1650	23536	1014	1576	0	16536	426	11910	3232	0	0	1448	1358	236	0	0	0	25126	980	1946	2440	0	2292	0	0	154	0	0	0	0	0	0	0	0	0	0	0	0	0	0	0	0	0	0	0	5326	0	0	0	114	0	0	0	0	0	0	0	552	0	5966	392	1896	1064	0	0	244	0	2034	0	9516	0	2612	0	732	0	0	0	0	0	0	0	0	0	0	0	0	0	0	0	0	0	0	0	0	0	0	0	0	0	0	0	0	0	0	0	
245100	Frontal_Inf_Oper_R	334	7018	1414	17528	0	2326	210	5726	0	188	1650	0	916	13724	0	258	620	6852	4782	12172	0	0	240	2518	0	168	0	0	1116	14588	186	5958	162	4878	0	0	0	1276	0	242	0	0	0	0	0	0	0	182	0	0	0	0	0	210	0	704	290	4580	0	0	0	0	0	0	0	0	0	0	0	0	2588	1014	274	4096	0	0	0	472	118	0	288	180	0	106	0	154	0	0	0	244	0	0	0	0	0	0	0	0	0	0	0	0	0	0	0	0	0	0	0	0	0	0	0	0	0	0	
483168	Frontal_Inf_Tri_L	2808	0	33042	2330	1854	0	49508	852	1156	0	23536	916	0	876	18556	0	3266	0	14628	3514	286	150	7580	3204	592	0	320	0	44374	610	5262	2224	1190	1714	0	0	0	464	0	314	0	0	0	0	0	0	0	122	0	0	0	0	0	0	0	444	722	0	0	0	0	0	0	0	0	0	0	0	0	0	4724	324	4268	704	0	0	264	256	394	0	1922	0	1912	0	240	0	0	0	0	162	0	0	0	0	0	0	0	0	0	0	0	0	0	0	0	0	0	0	0	0	0	0	0	0	0	0	
184596	Frontal_Inf_Tri_R	160	338	738	10784	0	3378	146	9238	0	2508	1014	13724	876	0	0	6324	392	928	2712	4414	0	158	406	4210	0	392	0	0	564	12838	296	6560	500	4658	0	0	0	174	0	0	0	0	0	0	0	0	0	0	0	0	0	0	0	0	0	134	166	238	0	0	0	0	0	0	0	0	0	0	0	0	1256	670	154	1128	0	0	0	0	0	0	122	0	0	0	0	0	0	0	0	0	0	0	0	0	0	0	0	0	0	0	0	0	0	0	0	0	0	0	0	0	0	0	0	0	0	0	
298696	Frontal_Inf_Orb_L	0	0	8120	534	19520	1146	9034	548	13372	182	1576	0	18556	0	0	674	488	0	1676	374	6748	3330	718	436	1066	514	4140	1946	21146	538	4030	1226	0	138	0	0	348	406	114	290	2534	0	0	0	0	0	0	104	0	0	0	0	0	0	204	442	0	0	0	0	0	0	0	0	0	0	0	0	0	0	9258	1684	6994	720	0	0	204	196	0	0	452	0	3462	0	0	0	0	0	0	160	0	0	0	0	0	0	0	0	0	0	0	0	0	0	0	0	0	0	0	0	0	0	0	0	0	0	
128424	Frontal_Inf_Orb_R	0	0	0	1370	846	6056	0	2998	338	8204	0	258	0	6324	674	0	0	0	248	472	1870	4920	0	114	104	0	634	4156	210	9054	524	570	0	270	0	0	0	218	0	0	468	290	0	0	0	0	0	0	0	0	0	0	0	0	0	0	0	0	0	0	0	0	0	0	0	0	0	0	0	0	3050	3476	1688	4672	0	0	0	0	0	0	0	0	0	136	0	0	0	0	0	0	0	0	0	0	0	0	0	0	0	0	0	0	0	0	0	0	0	0	0	0	0	0	0	0	0	0	
288728	Rolandic_Oper_L	8940	164	12140	760	272	138	3810	262	0	0	16536	620	3266	392	488	0	0	136	9316	492	0	0	150	236	0	0	0	0	28310	336	248	436	0	324	330	0	632	0	148	0	0	0	0	0	0	0	0	0	0	0	1002	0	0	0	0	0	11616	0	964	0	2198	0	1180	0	1794	0	168	0	728	0	2480	180	4628	320	158	0	1902	242	4628	0	15210	0	2630	0	3264	0	0	0	190	0	0	0	0	0	0	0	0	0	0	0	0	0	0	0	0	0	0	0	0	0	0	0	0	0	0	0	
146144	Rolandic_Oper_R	0	1812	182	10824	0	0	0	1860	0	0	426	6852	0	928	0	0	136	0	770	8474	0	0	0	0	0	0	0	0	312	12948	0	304	0	418	0	0	0	810	0	188	0	0	0	0	0	0	0	0	0	0	0	0	0	0	0	232	0	9424	0	0	0	0	0	3080	0	0	0	100	0	0	1496	0	1060	1396	312	108	0	266	0	2002	120	5130	0	528	0	310	0	0	0	264	0	0	0	0	0	0	0	0	0	0	0	0	0	0	0	0	0	0	0	0	0	0	0	0	0	0	
908992	Supp_Motor_Area_L	18454	4642	93598	24636	914	1264	18096	4626	0	226	11910	4782	14628	2712	1676	248	9316	770	0	58230	210	0	10104	9422	234	506	0	0	25160	2258	6754	9364	13576	32424	1436	270	1698	644	650	338	126	0	0	0	138	0	0	316	332	0	472	0	0	0	150	152	4148	782	0	0	144	0	112	202	0	0	832	0	12194	116	10766	1748	16794	1516	5160	530	7124	558	1096	0	2066	0	154	0	654	0	0	0	338	0	0	0	0	0	0	0	0	0	0	0	0	0	0	0	0	0	0	0	0	0	0	0	0	0	0	0	
795316	Supp_Motor_Area_R	5852	15880	20522	64592	520	3846	2736	6812	0	510	3232	12172	3514	4414	374	472	492	8474	58230	0	140	100	3638	13868	0	1408	0	146	3680	9094	1934	14140	9326	48338	354	7528	0	906	0	182	100	0	0	1262	0	1686	0	266	0	1756	0	1948	0	312	0	512	174	5436	0	188	0	0	0	510	0	808	190	3668	7406	10292	2460	10584	1222	11552	0	3040	128	1132	0	680	628	830	0	0	0	848	0	0	0	614	0	0	0	0	0	0	0	0	0	0	0	0	0	0	0	0	0	0	0	0	0	0	0	0	0	0	
182480	Olfactory_L	0	0	1118	0	8508	2692	130	0	2598	550	0	0	286	0	6748	1870	0	0	210	140	0	8942	140	198	1366	1086	4804	4238	6892	162	4416	2414	0	0	0	0	2010	0	926	0	3344	0	0	0	0	0	0	0	0	0	0	0	0	0	458	0	0	0	0	0	0	0	0	0	0	0	0	0	0	0	12940	3534	5094	1684	0	0	0	0	0	0	0	0	1618	0	0	0	0	0	0	0	0	0	0	0	0	0	124	0	0	0	0	0	0	0	0	0	0	0	0	0	0	0	0	0	0	0	
205556	Olfactory_R	0	0	378	116	4586	5736	0	232	1660	1354	0	0	150	158	3330	4920	0	0	0	100	8942	0	108	214	980	2330	3382	9002	1504	2674	3622	3846	0	0	0	0	152	126	0	0	1426	398	0	0	0	0	0	0	0	0	0	0	0	0	0	0	0	0	0	0	0	0	0	0	0	0	0	0	0	0	14448	11612	6982	7476	284	0	0	0	0	0	0	0	338	212	0	0	0	0	0	0	0	0	0	0	0	0	0	0	0	0	0	0	0	0	0	0	0	0	0	0	0	0	0	0	0	0	
409860	Frontal_Sup_Medial_L	0	0	42996	13472	4150	388	19546	608	0	0	1448	240	7580	406	718	0	150	0	10104	3638	140	108	0	27188	4624	1858	0	0	6640	188	22058	13632	12372	8726	0	0	0	0	0	0	138	0	0	0	0	0	0	0	0	0	0	0	0	0	0	0	0	0	0	0	0	0	0	0	0	0	0	0	0	0	422	132	1148	112	0	0	0	0	0	0	0	0	0	0	0	0	0	0	0	0	0	0	0	0	0	0	0	0	0	0	0	0	0	0	0	0	0	0	0	0	0	0	0	0	0	0	
427664	Frontal_Sup_Medial_R	114	0	11110	44504	764	4806	2952	3432	0	206	1358	2518	3204	4210	436	114	236	0	9422	13868	198	214	27188	0	456	6396	128	338	3338	3240	9428	31070	3098	16150	0	0	0	0	0	0	96	0	0	0	0	0	0	0	0	0	0	0	0	0	0	0	0	0	0	0	0	0	0	0	0	0	0	0	0	0	1800	4454	904	1692	0	0	0	130	0	0	260	0	0	0	0	0	0	0	0	0	0	0	0	0	0	0	0	0	0	0	0	0	0	0	0	0	0	0	0	0	0	0	0	0	0	0	
72280	Frontal_Med_Orb_L	0	0	2412	0	4942	720	210	0	378	232	236	0	592	0	1066	104	0	0	234	0	1366	980	4624	456	0	1750	2058	624	1248	0	6980	852	0	0	0	0	0	0	0	0	336	0	0	0	0	0	0	0	0	0	0	0	0	0	0	0	0	0	0	0	0	0	0	0	0	0	0	0	0	0	1812	366	1248	156	0	0	0	0	0	0	0	0	158	0	0	0	0	0	0	0	0	0	0	0	0	0	0	0	0	0	0	0	0	0	0	0	0	0	0	0	0	0	0	0	0	0	
127768	Frontal_Med_Orb_R	0	0	394	7062	876	9538	0	0	244	1866	0	168	0	392	514	0	0	0	506	1408	1086	2330	1858	6396	1750	0	738	5326	144	306	2440	8686	830	2388	0	0	0	0	0	0	0	0	0	0	0	0	0	0	0	0	0	0	0	0	0	0	0	0	0	0	0	0	0	0	0	0	0	0	0	0	1134	2304	206	2994	0	0	0	0	0	0	0	0	0	0	0	0	0	0	0	0	0	0	0	0	0	0	0	0	0	0	0	0	0	0	0	0	0	0	0	0	0	0	0	0	0	0	
91076	Rectus_L	0	0	0	0	6356	1544	0	0	2822	414	0	0	320	0	4140	634	0	0	0	0	4804	3382	0	128	2058	738	0	2560	1424	0	4214	1604	0	0	0	0	0	0	0	0	388	0	0	0	0	0	0	0	0	0	0	0	0	0	0	0	0	0	0	0	0	0	0	0	0	0	0	0	0	0	4788	1400	884	540	0	0	0	0	0	0	0	0	396	0	0	0	0	0	0	0	0	0	0	0	0	0	0	0	0	0	0	0	0	0	0	0	0	0	0	0	0	0	0	0	0	0	
130420	Rectus_R	0	0	100	166	2432	10748	0	0	926	2008	0	0	0	0	1946	4156	0	0	0	146	4238	9002	0	338	624	5326	2560	0	322	1254	2030	3038	0	0	0	0	0	0	0	0	562	0	0	0	0	0	0	0	0	0	0	0	0	0	0	0	0	0	0	0	0	0	0	0	0	0	0	0	0	0	5172	4496	1912	1708	0	0	0	0	0	0	0	0	0	0	0	0	0	0	0	0	0	0	0	0	0	0	0	0	0	0	0	0	0	0	0	0	0	0	0	0	0	0	0	0	0	0	
882288	Insula_L	13424	536	47012	4356	14012	608	27492	2086	2386	0	25126	1116	44374	564	21146	210	28310	312	25160	3680	6892	1504	6640	3338	1248	144	1424	322	0	1228	6252	2392	1208	1762	5452	1106	10308	1122	2774	462	3980	0	364	0	812	0	340	244	824	0	3366	0	214	0	2482	460	11964	140	202	0	2236	0	1014	0	1908	0	3972	364	906	0	15028	1198	23416	1260	0	0	5976	1444	10700	0	13906	0	6538	0	4776	0	246	0	3214	162	0	0	0	0	0	0	0	0	0	0	0	0	0	0	0	0	0	0	0	0	0	0	0	0	0	0	
366856	Insula_R	266	2728	472	18380	0	4272	0	6090	0	2036	980	14588	610	12838	538	9054	336	12948	2258	9094	162	2674	188	3240	0	306	0	1254	1228	0	226	7898	286	2470	0	270	0	7462	0	1950	0	832	0	190	0	0	0	104	0	0	0	0	0	804	0	4972	122	3814	0	0	0	0	0	0	0	0	0	178	0	0	3934	3008	1732	19244	0	182	130	1838	0	1896	204	5418	0	2882	0	2528	0	140	0	2174	0	0	0	0	0	0	0	0	0	0	0	0	0	0	0	0	0	0	0	0	0	0	0	0	0	0	
327992	Cingulum_Ant_L	94	0	13020	5126	6270	1876	3662	438	1294	358	1946	186	5262	296	4030	524	248	0	6754	1934	4416	3622	22058	9428	6980	2440	4214	2030	6252	226	0	16146	9080	4300	0	0	0	0	0	0	850	0	0	0	0	0	0	0	0	0	0	0	0	0	0	0	0	0	0	0	0	0	0	0	0	0	0	0	0	0	7612	2526	6742	1302	0	0	0	0	0	0	158	0	296	0	0	0	0	0	0	0	0	0	0	0	0	0	0	0	0	0	0	0	0	0	0	0	0	0	0	0	0	0	0	0	0	0	
503680	Cingulum_Ant_R	346	0	5746	36132	1438	8434	1582	2488	656	540	2440	5958	2224	6560	1226	570	436	304	9364	14140	2414	3846	13632	31070	852	8686	1604	3038	2392	7898	16146	0	5160	24018	0	0	0	0	0	0	166	0	0	0	0	0	0	0	0	0	0	0	0	0	0	0	0	0	0	0	0	0	0	0	0	0	0	0	0	0	6626	13640	1922	6906	0	260	0	522	0	0	458	0	0	0	0	0	0	0	0	0	0	0	0	0	0	0	0	0	0	0	0	0	0	0	0	0	0	0	0	0	0	0	0	0	0	0	
226856	Cingulum_Mid_L	420	1292	6890	3230	0	256	3296	202	0	0	0	162	1190	500	0	0	0	0	13576	9326	0	0	12372	3098	0	830	0	0	1208	286	9080	5160	0	19254	2662	4474	0	0	0	0	0	0	0	160	190	122	0	150	794	0	862	0	0	0	0	0	312	260	314	0	0	0	0	0	0	0	2566	1474	5158	2302	0	0	0	0	0	0	0	0	0	0	0	0	0	0	0	0	0	0	0	0	0	0	0	0	0	0	0	0	0	0	0	0	0	0	0	0	0	0	0	0	0	0	0	0	0	0	
515268	Cingulum_Mid_R	512	3576	10458	24752	0	1824	2234	4852	0	204	2292	4878	1714	4658	138	270	324	418	32424	48338	0	0	8726	16150	0	2388	0	0	1762	2470	4300	24018	19254	0	758	9074	0	274	0	0	0	0	0	592	0	1662	0	120	0	1202	0	408	0	128	0	242	0	2682	0	0	0	0	0	0	0	118	442	3806	2008	8540	728	406	108	720	0	0	0	0	0	0	326	0	0	0	0	186	0	0	0	170	0	0	0	0	0	0	0	0	0	0	0	0	0	0	0	0	0	0	0	0	0	0	0	0	0	0	
292688	Cingulum_Post_L	9044	3378	1356	3162	0	0	142	0	0	0	0	0	0	0	0	0	330	0	1436	354	0	0	0	0	0	0	0	0	5452	0	0	0	2662	758	0	9296	16422	5180	4774	1096	0	0	3444	0	2468	0	3822	1004	516	0	4922	0	1206	0	1102	0	6184	0	140	0	2372	0	930	0	948	0	18456	1096	2728	0	382	934	230	0	0	0	11654	7364	2376	0	1032	0	0	0	4690	0	0	0	1502	0	0	0	0	0	0	0	0	0	0	0	0	0	0	0	0	0	0	0	0	0	0	0	0	0	0	0	
285456	Cingulum_Post_R	7890	10180	184	6102	0	0	304	0	0	0	0	0	0	0	0	0	0	0	270	7528	0	0	0	0	0	0	0	0	1106	270	0	0	4474	9074	9296	0	3674	10818	114	2894	0	0	0	2234	0	2010	0	4552	0	938	0	906	0	458	0	1730	1240	2244	0	96	380	0	98	0	0	228	756	13208	700	6292	1200	2544	264	0	0	0	11640	13178	498	0	0	0	0	0	0	594	0	0	0	368	0	0	0	0	0	0	0	0	0	0	0	0	0	0	0	0	0	0	0	0	194	0	0	0	0	0	
335320	Hippocampus_L	5004	826	1842	670	208	0	104	0	0	0	154	0	0	0	348	0	632	0	1698	0	2010	152	0	0	0	0	0	0	10308	0	0	0	0	0	16422	3674	0	2934	23666	520	11842	0	1742	0	790	0	6004	412	142	0	2788	0	1140	0	12682	100	3472	0	0	0	1944	0	702	0	700	0	10550	430	436	0	420	0	4068	0	416	0	9278	3140	2908	0	4300	0	2356	0	4590	0	214	0	6336	0	112	0	0	0	486	0	1516	0	472	0	0	0	0	0	0	0	0	0	0	0	0	0	0	0	0	0	
321848	Hippocampus_R	4338	4870	634	3560	0	0	0	462	0	0	0	1276	464	174	406	218	0	810	644	906	0	126	0	0	0	0	0	0	1122	7462	0	0	0	274	5180	10818	2934	0	0	24970	0	10598	0	722	0	112	0	6998	0	0	0	0	0	1566	0	23658	820	1076	0	0	316	0	0	0	0	0	0	7294	0	98	1586	122	1544	8384	0	138	5600	9936	194	302	0	652	0	1170	0	818	0	0	0	3472	0	374	0	102	0	0	0	914	0	374	0	0	0	0	0	100	0	0	0	0	236	0	0	0	0	0	
168452	ParaHippocampal_L	174	0	708	0	0	0	0	0	0	0	0	0	0	0	114	0	148	0	650	0	926	0	0	0	0	0	0	0	2774	0	0	0	0	0	4774	114	23666	0	0	0	5006	0	824	0	372	0	6566	94	0	0	1408	0	1474	0	10154	0	488	0	0	0	0	0	0	0	0	0	6100	0	98	0	0	0	2700	0	156	0	2472	186	0	0	1068	0	724	0	1428	0	202	0	2356	0	682	0	0	0	744	0	2936	0	1822	0	0	0	0	0	0	0	0	0	0	118	0	0	0	0	0	0	
191660	ParaHippocampal_R	984	252	494	416	0	0	0	0	0	0	0	242	314	0	290	0	0	188	338	182	0	0	0	0	0	0	0	0	462	1950	0	0	0	0	1096	2894	520	24970	0	0	0	8898	0	164	0	0	0	7034	0	0	0	0	0	0	0	17246	172	198	0	0	0	0	0	0	0	0	0	2494	0	0	1104	0	1018	3138	0	0	1344	3594	0	0	0	154	0	3662	0	126	0	776	0	1450	0	1170	0	462	0	160	0	2826	0	1204	0	0	0	306	0	430	0	0	0	0	0	204	288	314	302	0	
109264	Amygdala_L	0	0	274	0	2836	372	0	0	1048	0	0	0	0	0	2534	468	0	0	126	100	3344	1426	138	96	336	0	388	562	3980	0	850	166	0	0	0	0	11842	0	5006	0	0	0	0	0	0	0	0	0	0	0	0	0	0	0	4580	0	0	0	0	0	0	0	0	0	0	0	0	0	0	0	2392	888	5314	550	0	0	0	0	0	0	0	0	2544	0	106	0	170	0	1098	0	0	0	0	0	144	0	844	0	110	0	0	0	0	0	0	0	0	0	0	0	0	0	0	0	0	0	
68724	Amygdala_R	112	0	0	0	0	0	0	0	0	0	0	0	0	0	0	290	0	0	0	0	0	398	0	0	0	0	0	0	0	832	0	0	0	0	0	0	0	10598	0	8898	0	0	0	0	0	0	0	0	0	0	0	0	0	0	0	6642	0	0	0	0	0	0	0	0	0	0	0	0	0	0	0	122	108	2612	0	0	178	0	0	0	0	0	0	2938	0	0	0	0	0	448	0	0	0	0	0	0	0	186	0	0	0	0	0	0	0	0	0	0	0	0	0	0	0	0	0	0	
180056	Calcarine_L	144	0	130	0	0	0	0	0	0	0	0	0	0	0	0	0	0	0	0	0	0	0	0	0	0	0	0	0	364	0	0	0	0	0	3444	0	1742	0	824	0	0	0	0	2404	9750	996	11644	588	7200	286	19868	0	7552	0	3332	0	484	0	0	102	0	0	0	0	0	0	9790	0	0	0	0	0	0	0	0	0	0	0	0	0	0	0	0	0	2888	0	0	0	1364	0	422	188	0	0	0	0	1426	202	1244	256	0	0	0	0	0	0	0	0	0	0	1252	142	0	0	0	0	
223300	Calcarine_R	0	2130	0	912	0	0	0	0	0	0	0	0	0	0	0	0	0	0	0	1262	0	0	0	0	0	0	0	0	0	190	0	0	160	592	0	2234	0	722	0	164	0	0	2404	0	3318	17788	274	11798	0	14976	0	8124	0	6022	0	11034	0	1612	0	1246	0	0	0	122	0	444	0	16876	0	2188	0	0	0	0	0	0	0	136	0	0	0	0	0	0	0	1958	0	0	0	2964	0	0	0	0	0	0	0	0	0	0	0	0	0	0	0	0	0	0	0	0	0	0	0	0	0	0	
155904	Cuneus_L	290	0	238	0	0	0	0	0	0	0	0	0	0	0	0	0	0	0	138	0	0	0	0	0	0	0	0	0	812	0	0	0	190	0	2468	0	790	0	372	0	0	0	9750	3318	0	3756	1782	116	15334	1260	13184	0	1850	0	204	0	1250	0	2036	560	1124	0	332	0	372	0	10546	534	228	0	0	0	0	0	0	0	0	0	320	0	94	0	0	0	3402	0	0	0	1302	0	0	0	0	0	0	0	0	0	0	0	0	0	0	0	0	0	0	0	0	0	0	0	0	0	0	0	
225672	Cuneus_R	0	1580	0	0	0	0	0	0	0	0	0	0	0	0	0	0	0	0	0	1686	0	0	0	0	0	0	0	0	0	0	0	0	122	1662	0	2010	0	112	0	0	0	0	996	17788	3756	0	174	3120	0	28546	0	12416	0	244	0	1284	0	4414	0	5988	0	0	0	0	0	256	1698	18032	0	5220	0	0	0	0	0	0	0	0	0	0	0	0	0	0	0	1604	0	0	0	128	0	0	0	0	0	0	0	0	0	0	0	0	0	0	0	0	0	0	0	0	0	0	0	0	0	0	
321296	Lingual_L	134	0	110	0	0	0	0	0	0	0	0	0	0	0	0	0	0	0	0	0	0	0	0	0	0	0	0	0	340	0	0	0	0	0	3822	0	6004	0	6566	0	0	0	11644	274	1782	174	0	2386	2720	0	16044	0	14964	0	21344	120	276	0	0	0	0	0	0	0	0	0	9118	0	0	0	0	0	118	0	0	0	618	120	0	0	0	0	0	0	1330	0	0	0	796	0	4270	1952	148	238	846	386	15586	626	18214	2302	0	0	196	0	406	606	0	0	106	672	5726	5344	442	682	678	418	
245204	Lingual_R	812	266	404	386	0	0	0	0	0	0	0	182	122	0	104	0	0	0	316	266	0	0	0	0	0	0	0	0	244	104	0	0	150	120	1004	4552	412	6998	94	7034	0	0	588	11798	116	3120	2386	0	0	3568	0	1358	318	3916	800	10424	160	320	0	0	0	0	0	0	0	180	0	10396	0	584	550	0	452	390	0	0	1104	2432	0	0	0	0	0	0	0	422	0	0	0	1098	1566	5514	242	1370	348	2562	2402	3668	3850	7294	0	0	0	142	0	164	0	0	0	874	4804	6150	1044	192	260	106	
170748	Occipital_Sup_L	162	0	418	0	0	0	0	0	0	0	0	0	0	0	0	0	0	0	332	0	0	0	0	0	0	0	0	0	824	0	0	0	794	0	516	0	142	0	0	0	0	0	7200	0	15334	0	2720	0	0	0	25952	0	1854	0	282	0	4276	0	5176	0	2622	0	410	0	1224	0	8710	0	350	0	0	0	0	0	0	0	0	0	190	0	0	0	0	0	5032	0	0	0	854	0	0	0	0	0	0	0	0	0	0	0	0	0	0	0	0	0	0	0	0	0	0	0	0	0	0	0	
281532	Occipital_Sup_R	0	1816	0	98	0	0	0	0	0	0	0	0	0	0	0	0	0	0	0	1756	0	0	0	0	0	0	0	0	0	0	0	0	0	1202	0	938	0	0	0	0	0	0	286	14976	1260	28546	0	3568	0	0	0	27646	0	1462	0	1872	0	7580	0	10320	0	1038	0	736	0	7966	350	14030	0	4542	0	0	0	0	0	0	0	0	0	0	0	178	0	0	0	7560	0	0	0	1040	0	0	0	0	0	0	0	0	0	0	0	0	0	0	0	0	0	0	0	0	0	0	0	0	0	0	
574440	Occipital_Mid_L	2084	200	676	192	0	0	364	0	0	0	0	0	0	0	0	0	1002	0	472	0	0	0	0	0	0	0	0	0	3366	0	0	0	862	0	4922	0	2788	0	1408	0	0	0	19868	0	13184	0	16044	0	25952	0	0	0	26008	0	8342	0	20622	0	13680	0	20712	0	5592	0	19642	0	15544	0	3502	0	0	102	0	0	0	0	258	0	2596	0	1930	0	0	0	38470	0	0	0	14358	0	0	0	0	0	0	0	568	0	1144	0	0	0	0	0	0	0	0	0	0	0	512	254	0	0	0	0	
197872	Occipital_Mid_R	0	2542	0	210	0	0	0	0	0	0	0	0	0	0	0	0	0	0	0	1948	0	0	0	0	0	0	0	0	0	0	0	0	0	408	0	906	0	0	0	0	0	0	0	8124	0	12416	0	1358	0	27646	0	0	0	4350	0	2196	0	2316	0	1540	0	780	0	158	0	11062	0	6360	0	2282	0	0	0	0	0	0	0	0	0	0	0	106	0	0	0	10510	0	0	0	1718	0	0	0	0	0	0	0	0	0	0	0	0	0	0	0	0	0	0	0	0	0	0	0	0	0	0	
229176	Occipital_Inf_L	234	0	0	0	0	0	0	0	0	0	0	0	0	0	0	0	0	0	0	0	0	0	0	0	0	0	0	0	214	0	0	0	0	0	1206	0	1140	0	1474	0	0	0	7552	0	1850	0	14964	318	1854	0	26008	0	0	0	18172	0	2130	0	128	0	724	0	246	0	466	0	4830	0	258	0	0	0	0	0	0	0	484	0	0	0	268	0	0	0	9726	0	0	0	10430	0	844	178	0	0	0	0	1196	0	4820	158	0	0	0	0	0	94	0	0	0	0	944	1374	94	108	102	0	
90380	Occipital_Inf_R	0	1298	0	766	0	0	0	0	0	0	0	210	0	0	0	0	0	0	0	312	0	0	0	0	0	0	0	0	0	804	0	0	0	128	0	458	0	1566	0	0	0	0	0	6022	0	244	0	3916	0	1462	0	4350	0	0	0	11308	0	288	0	0	0	0	0	0	0	0	0	1720	0	162	130	102	118	0	0	0	0	318	0	120	0	94	0	0	0	1436	0	0	0	7858	0	0	0	0	0	0	0	0	0	0	0	0	0	0	0	0	0	0	0	0	0	0	0	0	0	0	
419196	Fusiform_L	0	0	170	0	0	0	0	0	0	0	0	0	0	0	204	0	0	0	150	0	458	0	0	0	0	0	0	0	2482	0	0	0	0	0	1102	0	12682	0	10154	0	4580	0	3332	0	204	0	21344	800	282	0	8342	0	18172	0	0	0	228	0	0	0	0	0	0	0	0	0	3848	0	0	0	0	0	804	0	0	0	1194	0	0	0	6340	0	2024	0	4378	0	1388	0	18000	0	19894	892	534	140	650	96	18034	96	36488	1080	376	0	938	0	146	288	0	0	0	138	2924	3208	334	350	330	0	
343000	Fusiform_R	184	2848	280	1526	0	0	0	0	0	0	0	704	444	134	442	0	0	232	152	512	0	0	0	0	0	0	0	0	460	4972	0	0	0	242	0	1730	100	23658	0	17246	0	6642	0	11034	0	1284	120	10424	0	1872	0	2196	0	11308	0	0	0	812	0	0	0	0	0	0	0	0	0	6432	0	366	1068	158	964	3776	0	0	214	1918	0	370	0	1118	0	5494	0	1484	0	1098	0	13034	106	9846	0	1052	0	834	134	5890	264	11314	0	0	0	928	0	190	0	0	0	570	454	730	136	0	0	0	
473836	Postcentral_L	37802	2228	5542	1042	0	0	1456	0	0	0	5326	290	722	166	0	0	11616	0	4148	174	0	0	0	0	0	0	0	0	11964	122	0	0	312	0	6184	1240	3472	820	488	172	0	0	484	0	1250	0	276	160	4276	0	20622	0	2130	0	228	0	0	930	10674	0	28762	0	11732	0	8230	0	8108	138	5894	0	762	364	1920	190	366	0	4384	1430	5210	0	5328	0	0	0	13068	0	0	0	4716	0	0	0	0	0	0	0	0	0	0	0	0	0	0	0	0	0	0	0	0	0	0	0	0	0	0	0	
295664	Postcentral_R	802	21034	660	3860	0	0	106	618	0	0	0	4580	0	238	0	0	0	9424	782	5436	0	0	0	0	0	0	0	0	140	3814	0	0	260	2682	0	2244	0	1076	0	198	0	0	0	1612	0	4414	0	320	0	7580	0	2316	0	288	0	812	930	0	0	9340	0	10174	0	18350	0	2512	214	8898	124	10240	860	0	982	1602	444	218	108	326	0	242	0	2834	0	0	0	2670	0	0	0	1468	0	0	0	0	0	0	0	0	0	0	0	0	0	0	0	0	0	0	0	0	0	0	0	0	0	0	
142016	Parietal_Sup_L	236	0	0	0	0	0	0	0	0	0	0	0	0	0	0	0	964	0	0	0	0	0	0	0	0	0	0	0	202	0	0	0	314	0	140	0	0	0	0	0	0	0	0	0	2036	0	0	0	5176	0	13680	0	128	0	0	0	10674	0	0	0	12252	0	930	0	4270	0	12764	0	792	0	0	0	0	0	0	0	0	0	0	0	1118	0	0	0	3778	0	0	0	1554	0	0	0	0	0	0	0	0	0	0	0	0	0	0	0	0	0	0	0	0	0	0	0	0	0	0	0	
108044	Parietal_Sup_R	0	1032	0	0	0	0	0	0	0	0	0	0	0	0	0	0	0	0	0	188	0	0	0	0	0	0	0	0	0	0	0	0	0	0	0	96	0	0	0	0	0	0	102	1246	560	5988	0	0	0	10320	0	1540	0	0	0	0	0	9340	0	0	0	7656	0	3954	0	3532	1112	4974	0	424	0	0	0	0	0	0	0	0	0	0	0	0	0	0	0	1668	0	0	0	290	0	0	0	0	0	0	0	0	0	0	0	0	0	0	0	0	0	0	0	0	0	0	0	0	0	0	
269508	Parietal_Inf_L	6568	154	350	144	0	0	0	0	0	0	114	0	0	0	0	0	2198	0	144	0	0	0	0	0	0	0	0	0	2236	0	0	0	0	0	2372	380	1944	316	0	0	0	0	0	0	1124	0	0	0	2622	0	20712	0	724	0	0	0	28762	0	12252	0	0	0	16486	0	19048	0	2024	0	532	0	0	0	0	0	0	0	1026	364	570	0	1898	0	0	0	7630	0	0	0	2060	0	0	0	0	0	0	0	0	0	0	0	0	0	0	0	0	0	0	0	0	0	0	0	0	0	0	0	
103320	Parietal_Inf_R	0	2424	0	0	0	0	0	0	0	0	0	0	0	0	0	0	0	0	0	0	0	0	0	0	0	0	0	0	0	0	0	0	0	0	0	0	0	0	0	0	0	0	0	0	0	0	0	0	0	1038	0	780	0	0	0	0	0	10174	0	7656	0	0	0	14354	0	8804	0	222	0	0	0	0	0	0	0	0	0	0	0	0	0	290	0	0	0	4706	0	0	0	1212	0	0	0	0	0	0	0	0	0	0	0	0	0	0	0	0	0	0	0	0	0	0	0	0	0	0	
134576	SupraMarginal_L	1632	0	98	0	0	0	0	0	0	0	0	0	0	0	0	0	1180	0	112	0	0	0	0	0	0	0	0	0	1014	0	0	0	0	0	930	98	702	0	0	0	0	0	0	0	332	0	0	0	410	0	5592	0	246	0	0	0	11732	0	930	0	16486	0	0	0	11906	0	770	0	0	0	0	0	312	0	0	0	506	100	488	0	4016	0	0	0	6320	0	0	0	1376	0	0	0	0	0	0	0	0	0	0	0	0	0	0	0	0	0	0	0	0	0	0	0	0	0	0	0	
121708	SupraMarginal_R	0	3180	124	714	0	0	0	0	0	0	0	0	0	0	0	0	0	3080	202	510	0	0	0	0	0	0	0	0	0	0	0	0	0	0	0	0	0	0	0	0	0	0	0	122	0	0	0	0	0	736	0	158	0	0	0	0	0	18350	0	3954	0	14354	0	0	0	4882	0	452	0	96	234	0	308	0	150	0	0	0	0	190	0	4304	0	0	0	3630	0	0	0	1124	0	0	0	0	0	0	0	0	0	0	0	0	0	0	0	0	0	0	0	0	0	0	0	0	0	0	
169568	Angular_L	1450	0	0	0	0	0	392	0	0	0	0	0	0	0	0	0	1794	0	0	0	0	0	0	0	0	0	0	0	1908	0	0	0	0	0	948	0	700	0	0	0	0	0	0	0	372	0	0	0	1224	0	19642	0	466	0	0	0	8230	0	4270	0	19048	0	11906	0	0	0	1398	0	546	0	0	0	0	0	0	0	0	0	422	0	1914	0	0	0	6786	0	0	0	1368	0	0	0	0	0	0	0	0	0	0	0	0	0	0	0	0	0	0	0	0	0	0	0	0	0	0	0	
105396	Angular_R	0	1100	0	0	0	0	0	0	0	0	0	0	0	0	0	0	0	0	0	808	0	0	0	0	0	0	0	0	0	0	0	0	0	118	0	228	0	0	0	0	0	0	0	444	0	256	0	180	0	7966	0	11062	0	0	0	0	0	2512	0	3532	0	8804	0	4882	0	0	0	1800	0	502	0	0	0	0	0	0	0	0	0	0	0	1416	0	0	0	6050	0	0	0	1038	0	0	0	0	0	0	0	0	0	0	0	0	0	0	0	0	0	0	0	0	0	0	0	0	0	0	
323336	Precuneus_L	1882	420	1168	0	0	0	0	0	0	0	0	0	0	0	0	0	168	0	832	190	0	0	0	0	0	0	0	0	3972	0	0	0	2566	442	18456	756	10550	0	6100	0	0	0	9790	0	10546	1698	9118	0	8710	350	15544	0	4830	0	3848	0	8108	214	12764	1112	2024	0	770	0	1398	0	0	4780	1782	456	0	0	0	0	0	0	1290	0	1714	0	638	0	0	0	8928	0	0	0	3642	0	0	0	0	0	0	0	0	0	112	0	0	0	0	0	0	0	0	0	0	0	0	0	0	0	0	0	
314852	Precuneus_R	712	4698	0	478	0	0	0	0	0	0	0	0	0	0	0	0	0	100	0	3668	0	0	0	0	0	0	0	0	364	178	0	0	1474	3806	1096	13208	430	7294	0	2494	0	0	0	16876	534	18032	0	10396	0	14030	0	6360	0	1720	0	6432	138	8898	0	4974	0	222	0	452	0	1800	4780	0	140	13154	0	0	110	0	0	0	1238	2458	154	0	0	0	0	0	0	2192	0	0	0	1866	0	0	0	0	0	0	0	132	0	0	0	0	0	0	0	0	0	0	0	0	338	0	0	0	0	0	
215344	Paracentral_Lobule_L	21226	6412	7366	5654	0	0	608	0	0	0	552	0	0	0	0	0	728	0	12194	7406	0	0	0	0	0	0	0	0	906	0	0	0	5158	2008	2728	700	436	0	98	0	0	0	0	0	228	0	0	0	350	0	3502	0	258	0	0	0	5894	124	792	0	532	0	0	0	546	0	1782	140	0	1292	1830	3358	1644	0	1168	128	4468	1980	628	0	196	0	0	0	1882	0	0	0	770	0	0	0	0	0	0	0	0	0	0	0	0	0	0	0	0	0	0	0	0	0	0	0	0	0	0	0	
153360	Paracentral_Lobule_R	236	6230	0	180	0	0	0	0	0	0	0	0	0	0	0	0	0	0	116	10292	0	0	0	0	0	0	0	0	0	0	0	0	2302	8540	0	6292	0	98	0	0	0	0	0	2188	0	5220	0	584	0	4542	0	2282	0	162	0	366	0	10240	0	424	0	0	0	96	0	502	456	13154	1292	0	0	0	0	0	0	0	0	0	0	0	0	0	0	0	0	522	0	0	0	364	0	0	0	0	0	0	0	0	0	0	0	0	0	0	0	0	0	0	0	0	0	0	0	0	0	0	
544892	Caudate_L	4338	3538	11580	8370	9154	4432	820	9106	2940	796	5966	2588	4724	1256	9258	3050	2480	1496	10766	2460	12940	14448	422	1800	1812	1134	4788	5172	15028	3934	7612	6626	0	728	382	1200	420	1586	0	1104	2392	0	0	0	0	0	0	550	0	0	0	0	0	130	0	1068	762	860	0	0	0	0	0	234	0	0	0	0	1830	0	0	18446	31166	10014	2596	498	11184	5568	222	204	2930	116	1040	0	0	0	0	0	0	382	0	0	0	0	0	0	0	0	0	0	0	0	0	0	0	0	0	0	0	0	0	0	0	0	0	0	
399304	Caudate_R	5802	10138	568	20236	2220	4698	396	536	712	1084	392	1014	324	670	1684	3476	180	0	1748	10584	3534	11612	132	4454	366	2304	1400	4496	1198	3008	2526	13640	0	406	934	2544	0	122	0	0	888	122	0	0	0	0	0	0	0	0	102	0	0	102	0	158	364	0	0	0	0	0	0	0	0	0	0	0	3358	0	18446	0	8076	20332	384	2522	6058	19086	0	0	260	0	0	0	0	102	0	0	0	154	0	0	0	0	0	0	0	0	0	0	0	0	0	0	0	0	0	0	0	0	0	0	0	0	0	0	
437756	Putamen_L	3472	1636	19324	1636	8132	1366	1510	3280	1908	336	1896	274	4268	154	6994	1688	4628	1060	16794	1222	5094	6982	1148	904	1248	206	884	1912	23416	1732	6742	1922	0	108	230	264	4068	1544	2700	1018	5314	108	0	0	0	0	118	452	0	0	0	0	0	118	804	964	1920	982	0	0	0	0	312	308	0	0	0	110	1644	0	31166	8076	0	6798	6558	178	4368	926	226	198	886	96	1560	0	138	0	0	0	536	314	0	0	0	0	0	0	0	0	0	0	0	0	0	0	0	0	0	0	0	0	0	0	0	0	0	0	
332664	Putamen_R	486	1164	836	12114	1038	3946	488	716	304	2308	1064	4096	704	1128	720	4672	320	1396	1516	11552	1684	7476	112	1692	156	2994	540	1708	1260	19244	1302	6906	0	720	0	0	0	8384	0	3138	550	2612	0	0	0	0	0	390	0	0	0	0	0	0	0	3776	190	1602	0	0	0	0	0	0	0	0	0	0	0	0	10014	20332	6798	0	256	4510	694	3664	0	140	98	754	0	1260	0	344	0	0	0	464	0	0	0	0	0	0	0	0	0	0	0	0	0	0	0	0	0	0	0	0	0	0	0	0	0	0	
51856	Pallidum_L	1956	190	4078	112	0	0	0	0	0	0	0	0	0	0	0	0	158	312	5160	0	0	284	0	0	0	0	0	0	0	0	0	0	0	0	0	0	416	0	156	0	0	0	0	0	0	0	0	0	0	0	0	0	0	0	0	0	366	444	0	0	0	0	0	150	0	0	0	0	1168	0	2596	384	6558	256	0	0	1184	0	0	0	0	0	0	0	0	0	0	0	0	0	0	0	0	0	0	0	0	0	0	0	0	0	0	0	0	0	0	0	0	0	0	0	0	0	0	0	
34524	Pallidum_R	120	240	400	4190	0	0	0	0	0	0	0	0	0	0	0	0	0	108	530	3040	0	0	0	0	0	0	0	0	0	182	0	260	0	0	0	0	0	138	0	0	0	0	0	0	0	0	0	0	0	0	0	0	0	0	0	0	0	218	0	0	0	0	0	0	0	0	0	0	128	0	498	2522	178	4510	0	0	0	0	0	0	0	0	0	0	0	0	0	0	0	0	0	0	0	0	0	0	0	0	0	0	0	0	0	0	0	0	0	0	0	0	0	0	0	0	0	0	
351656	Thalamus_L	23232	8640	8606	8412	0	0	1178	364	0	0	244	0	264	0	204	0	1902	0	7124	128	0	0	0	0	0	0	0	0	5976	130	0	0	0	0	11654	11640	9278	5600	2472	1344	0	178	0	0	0	0	618	1104	0	0	258	0	484	0	1194	214	4384	108	0	0	1026	0	506	0	0	0	1290	1238	4468	0	11184	6058	4368	694	1184	0	0	23288	1262	0	856	0	0	0	692	0	0	0	780	0	0	0	0	0	0	0	0	0	0	0	0	0	0	0	0	0	0	0	0	0	0	0	0	0	0	0	
325960	Thalamus_R	11508	17720	998	21468	0	0	460	298	0	0	0	472	256	0	196	0	242	266	558	1132	0	0	0	130	0	0	0	0	1444	1838	0	522	0	0	7364	13178	3140	9936	186	3594	0	0	0	136	0	0	120	2432	0	0	0	0	0	318	0	1918	1430	326	0	0	364	0	100	0	0	0	0	2458	1980	0	5568	19086	926	3664	0	0	23288	0	292	166	106	226	0	0	0	392	0	0	0	778	0	0	0	0	0	0	0	0	0	0	0	0	0	0	0	0	0	0	0	0	0	0	0	0	0	0	
112488	Heschl_L	3694	150	1882	96	0	0	1828	0	0	0	2034	118	394	0	0	0	4628	0	1096	0	0	0	0	0	0	0	0	0	10700	0	0	0	0	0	2376	498	2908	194	0	0	0	0	0	0	320	0	0	0	190	0	2596	0	0	0	0	0	5210	0	0	0	570	0	488	0	422	0	1714	154	628	0	222	0	226	0	0	0	1262	292	0	0	4216	0	0	0	4460	0	0	0	678	0	0	0	0	0	0	0	0	0	0	0	0	0	0	0	0	0	0	0	0	0	0	0	0	0	0	0	
24840	Heschl_R	0	94	0	726	0	0	0	0	0	0	0	0	0	0	0	0	0	2002	0	680	0	0	0	0	0	0	0	0	0	1896	0	0	0	0	0	0	0	302	0	0	0	0	0	0	0	0	0	0	0	0	0	0	0	120	0	370	0	242	0	0	0	0	0	190	0	0	0	0	0	0	204	0	198	140	0	0	0	166	0	0	0	3484	0	0	0	606	0	0	0	1000	0	0	0	0	0	0	0	0	0	0	0	0	0	0	0	0	0	0	0	0	0	0	0	0	0	0	
286624	Temporal_Sup_L	2224	0	2928	1308	264	210	314	530	0	0	9516	288	1922	122	452	0	15210	120	2066	628	0	0	0	260	0	0	0	0	13906	204	158	458	0	326	1032	0	4300	0	1068	0	0	0	0	0	94	0	0	0	0	0	1930	0	268	0	6340	0	5328	0	1118	0	1898	0	4016	0	1914	0	638	0	196	0	2930	260	886	98	0	0	856	106	4216	0	0	0	3916	0	27766	0	178	0	17046	0	812	0	0	0	0	0	0	0	688	0	0	0	0	0	0	0	0	0	0	0	0	0	0	0	0	0	
116172	Temporal_Sup_R	0	524	0	998	0	0	0	0	0	0	0	180	0	0	0	0	0	5130	0	830	0	0	0	0	0	0	0	0	0	5418	0	0	0	0	0	0	0	652	0	154	0	0	0	0	0	0	0	0	0	178	0	106	0	94	0	1118	0	2834	0	0	0	290	0	4304	0	1416	0	0	0	0	116	0	96	754	0	0	0	226	0	3484	0	0	0	4692	0	17636	0	934	0	5922	0	0	0	0	0	0	0	0	0	0	0	0	0	0	0	0	0	0	0	0	0	0	0	0	0	0	
102508	Temporal_Pole_Sup_L	0	0	1178	0	1784	0	492	0	512	0	2612	0	1912	0	3462	0	2630	0	154	0	1618	338	0	0	158	0	396	0	6538	0	296	0	0	0	0	0	2356	0	724	0	2544	0	0	0	0	0	0	0	0	0	0	0	0	0	2024	0	0	0	0	0	0	0	0	0	0	0	0	0	0	0	1040	0	1560	0	0	0	0	0	0	0	3916	0	0	0	5198	0	3682	0	4130	0	0	0	0	0	0	0	0	0	0	0	0	0	0	0	0	0	0	0	0	0	0	0	0	0	0	0	
82472	Temporal_Pole_Sup_R	0	0	0	100	0	0	0	0	0	0	0	106	0	0	0	136	0	528	0	0	0	212	0	0	0	0	0	0	0	2882	0	0	0	0	0	0	0	1170	0	3662	0	2938	0	0	0	0	0	0	0	0	0	0	0	0	0	5494	0	0	0	0	0	0	0	0	0	0	0	0	0	0	0	0	0	1260	0	0	0	0	0	0	0	4692	0	0	0	7326	0	6112	0	4618	0	0	0	0	0	0	0	0	0	0	0	0	0	0	0	0	0	0	0	0	0	0	0	0	0	0	
444112	Temporal_Mid_L	2148	144	1010	146	0	0	0	0	0	0	732	0	240	0	0	0	3264	0	654	0	0	0	0	0	0	0	0	0	4776	0	0	0	0	0	4690	0	4590	0	1428	0	106	0	2888	0	3402	0	1330	0	5032	0	38470	0	9726	0	4378	0	13068	0	3778	0	7630	0	6320	0	6786	0	8928	0	1882	0	0	0	138	0	0	0	692	0	4460	0	27766	0	5198	0	0	0	2868	0	43388	0	0	0	0	0	0	0	0	0	0	0	0	0	0	0	0	0	0	0	0	0	0	0	0	0	0	0	
213452	Temporal_Mid_R	0	1818	0	612	0	0	0	0	0	0	0	154	0	0	0	0	0	310	0	848	0	0	0	0	0	0	0	0	0	2528	0	0	0	186	0	594	0	818	0	126	0	0	0	1958	0	1604	0	422	0	7560	0	10510	0	1436	0	1484	0	2670	0	1668	0	4706	0	3630	0	6050	0	2192	0	522	0	102	0	344	0	0	0	392	0	606	0	17636	0	7326	0	0	0	4354	0	21560	0	0	0	0	0	0	0	0	0	0	0	0	0	0	0	0	0	0	0	0	0	0	0	0	0	0	
23392	Temporal_Pole_Mid_L	0	0	0	0	0	0	0	0	0	0	0	0	0	0	0	0	0	0	0	0	0	0	0	0	0	0	0	0	246	0	0	0	0	0	0	0	214	0	202	0	170	0	0	0	0	0	0	0	0	0	0	0	0	0	1388	0	0	0	0	0	0	0	0	0	0	0	0	0	0	0	0	0	0	0	0	0	0	0	0	0	178	0	3682	0	2868	0	0	0	2748	0	0	0	0	0	0	0	0	0	0	0	0	0	0	0	0	0	0	0	0	0	0	0	0	0	0	0	
30240	Temporal_Pole_Mid_R	0	0	0	0	0	0	0	0	0	0	0	0	0	0	0	0	0	0	0	0	0	0	0	0	0	0	0	0	0	140	0	0	0	0	0	0	0	0	0	776	0	0	0	0	0	0	0	0	0	0	0	0	0	0	0	1098	0	0	0	0	0	0	0	0	0	0	0	0	0	0	0	0	0	0	0	0	0	0	0	0	0	934	0	6112	0	4354	0	0	0	1706	0	0	0	0	0	0	0	0	0	0	0	0	0	0	0	0	0	0	0	0	0	0	0	0	0	0	
309716	Temporal_Inf_L	692	0	424	0	0	0	0	0	0	0	0	0	0	0	0	0	190	0	338	0	0	0	0	0	0	0	0	0	3214	0	0	0	0	0	1502	0	6336	0	2356	0	1098	0	1364	0	1302	0	796	0	854	0	14358	0	10430	0	18000	0	4716	0	1554	0	2060	0	1376	0	1368	0	3642	0	770	0	0	0	536	0	0	0	780	0	678	0	17046	0	4130	0	43388	0	2748	0	0	0	3128	0	482	0	0	0	118	0	1858	0	238	0	988	0	0	0	0	0	0	0	0	0	0	0	0	0	
171592	Temporal_Inf_R	0	1894	98	928	0	0	0	0	0	0	0	244	162	0	160	0	0	264	0	614	0	0	0	0	0	0	0	0	162	2174	0	0	0	170	0	368	0	3472	0	1450	0	448	0	2964	0	128	0	1098	0	1040	0	1718	0	7858	0	13034	0	1468	0	290	0	1212	0	1124	0	1038	0	1866	0	364	382	154	314	464	0	0	0	778	0	1000	0	5922	0	4618	0	21560	0	1706	0	0	0	960	0	0	0	0	0	0	0	128	0	0	0	0	0	0	0	0	0	0	0	0	0	0	0	0	
433040	Cerebelum_Crus1_L	0	0	0	0	0	0	0	0	0	0	0	0	0	0	0	0	0	0	0	0	0	0	0	0	0	0	0	0	0	0	0	0	0	0	0	0	112	0	682	0	0	0	422	0	0	0	4270	1566	0	0	0	0	844	0	19894	106	0	0	0	0	0	0	0	0	0	0	0	0	0	0	0	0	0	0	0	0	0	0	0	0	812	0	0	0	0	0	0	0	3128	0	0	6070	23996	4118	2212	1128	18036	848	55358	4048	10930	202	21454	778	2142	2488	864	0	546	1950	4332	8032	8210	3344	3158	440	
552836	Cerebelum_Crus1_R	0	0	0	0	0	0	0	0	0	0	0	0	0	0	0	0	0	0	0	0	0	0	0	0	0	0	0	0	0	0	0	0	0	0	0	0	0	374	0	1170	0	0	188	0	0	0	1952	5514	0	0	0	0	178	0	892	9846	0	0	0	0	0	0	0	0	0	0	0	0	0	0	0	0	0	0	0	0	0	0	0	0	0	0	0	0	0	0	0	0	0	960	6070	0	2266	36422	554	11710	5396	27518	9576	71024	190	2258	608	22310	812	3800	342	2196	960	8210	12474	13702	10010	3776	2884	276	
285348	Cerebelum_Crus2_L	0	0	0	0	0	0	0	0	0	0	0	0	0	0	0	0	0	0	0	0	0	0	0	0	0	0	0	0	0	0	0	0	0	0	0	0	0	0	0	0	0	0	0	0	0	0	148	242	0	0	0	0	0	0	534	0	0	0	0	0	0	0	0	0	0	0	0	0	0	0	0	0	0	0	0	0	0	0	0	0	0	0	0	0	0	0	0	0	482	0	23996	2266	0	11268	130	238	750	178	4672	586	34526	3860	32442	3034	3918	492	470	0	112	254	426	1506	11844	3518	782	0	
380296	Cerebelum_Crus2_R	0	0	0	0	0	0	0	0	0	0	0	0	0	0	0	0	0	0	0	0	0	0	0	0	0	0	0	0	0	0	0	0	0	0	0	0	0	102	0	462	0	0	0	0	0	0	238	1370	0	0	0	0	0	0	140	1052	0	0	0	0	0	0	0	0	0	0	0	0	0	0	0	0	0	0	0	0	0	0	0	0	0	0	0	0	0	0	0	0	0	0	4118	36422	11268	0	238	3054	614	4400	1668	14888	4596	18382	3938	38788	364	4806	0	2062	546	2096	380	4940	19410	6700	3106	0	
74472	Cerebelum_3_L	0	0	0	0	0	0	0	0	0	0	0	0	0	0	0	0	0	0	0	0	0	0	0	0	0	0	0	0	0	0	0	0	0	0	0	0	486	0	744	0	144	0	0	0	0	0	846	348	0	0	0	0	0	0	650	0	0	0	0	0	0	0	0	0	0	0	0	0	0	0	0	0	0	0	0	0	0	0	0	0	0	0	0	0	0	0	0	0	0	0	2212	554	130	238	0	1230	9444	240	4984	678	0	0	520	200	2404	382	476	0	892	5704	1450	876	318	420	544	122	
174916	Cerebelum_3_R	0	0	0	0	0	0	0	0	0	0	0	0	0	0	0	0	0	0	0	0	0	0	0	0	0	0	0	0	0	0	0	0	0	0	0	0	0	0	0	160	0	0	0	0	0	0	386	2562	0	0	0	0	0	0	96	834	0	0	0	0	0	0	0	0	0	0	0	0	0	0	0	0	0	0	0	0	0	0	0	0	0	0	0	0	0	0	0	0	0	0	1128	11710	238	3054	1230	0	4538	13338	2760	13854	0	0	290	1616	500	2490	116	0	2196	12800	3678	2040	1364	2218	2262	0	
378576	Cerebelum_4_5_L	0	0	0	0	0	0	0	0	0	0	0	0	0	0	0	0	0	0	0	0	124	0	0	0	0	0	0	0	0	0	0	0	0	0	0	0	1516	0	2936	0	844	0	1426	0	0	0	15586	2402	0	0	568	0	1196	0	18034	134	0	0	0	0	0	0	0	0	0	0	0	0	0	0	0	0	0	0	0	0	0	0	0	0	0	0	0	0	0	0	0	0	118	0	18036	5396	750	614	9444	4538	0	3842	42842	6508	370	0	1438	204	1858	3084	822	0	2310	8142	17818	6718	1026	3144	3556	1944	
276628	Cerebelum_4_5_R	0	0	0	0	0	0	0	0	0	0	0	0	0	0	0	0	0	0	0	0	0	0	0	0	0	0	0	0	0	0	0	0	0	0	0	0	0	914	0	2826	0	186	202	0	0	0	626	3668	0	0	0	0	0	0	96	5890	0	0	0	0	0	0	0	0	0	0	0	132	0	0	0	0	0	0	0	0	0	0	0	0	0	0	0	0	0	0	0	0	0	0	848	27518	178	4400	240	13338	3842	0	2910	35776	0	168	186	3140	0	2080	0	226	404	7982	14032	2186	1136	1438	1490	256	
555580	Cerebelum_6_L	0	0	0	0	0	0	0	0	0	0	0	0	0	0	0	0	0	0	0	0	0	0	0	0	0	0	0	0	0	0	0	0	0	0	0	0	472	0	1822	0	110	0	1244	0	0	0	18214	3850	0	0	1144	0	4820	0	36488	264	0	0	0	0	0	0	0	0	0	0	112	0	0	0	0	0	0	0	0	0	0	0	0	0	688	0	0	0	0	0	0	0	1858	0	55358	9576	4672	1668	4984	2760	42842	2910	0	10868	2198	0	7480	526	3682	3992	1370	0	1344	4548	13052	17788	4080	4770	5050	1186	
498552	Cerebelum_6_R	0	0	0	0	0	0	0	0	0	0	0	0	0	0	0	0	0	0	0	0	0	0	0	0	0	0	0	0	0	0	0	0	0	0	0	0	0	374	0	1204	0	0	256	0	0	0	2302	7294	0	0	0	0	158	0	1080	11314	0	0	0	0	0	0	0	0	0	0	0	0	0	0	0	0	0	0	0	0	0	0	0	0	0	0	0	0	0	0	0	0	0	128	4048	71024	586	14888	678	13854	6508	35776	10868	0	128	826	554	9682	814	2160	354	1654	750	8534	16448	15050	5148	2536	1942	356	
215304	Cerebelum_7b_L	0	0	0	0	0	0	0	0	0	0	0	0	0	0	0	0	0	0	0	0	0	0	0	0	0	0	0	0	0	0	0	0	0	0	0	0	0	0	0	0	0	0	0	0	0	0	0	0	0	0	0	0	0	0	376	0	0	0	0	0	0	0	0	0	0	0	0	0	0	0	0	0	0	0	0	0	0	0	0	0	0	0	0	0	0	0	0	0	238	0	10930	190	34526	4596	0	0	370	0	2198	128	0	3038	32076	3610	3896	144	328	0	0	0	150	438	4510	5422	356	132	
119804	Cerebelum_7b_R	0	0	0	0	0	0	0	0	0	0	0	0	0	0	0	0	0	0	0	0	0	0	0	0	0	0	0	0	0	0	0	0	0	0	0	0	0	0	0	0	0	0	0	0	0	0	0	0	0	0	0	0	0	0	0	0	0	0	0	0	0	0	0	0	0	0	0	0	0	0	0	0	0	0	0	0	0	0	0	0	0	0	0	0	0	0	0	0	0	0	202	2258	3860	18382	0	0	0	168	0	826	3038	0	2372	18570	118	3286	0	222	0	0	0	0	3292	2916	392	0	
318004	Cerebelum_8_L	0	0	0	0	0	0	0	0	0	0	0	0	0	0	0	0	0	0	0	0	0	0	0	0	0	0	0	0	0	0	0	0	0	0	0	0	0	0	0	0	0	0	0	0	0	0	196	0	0	0	0	0	0	0	938	0	0	0	0	0	0	0	0	0	0	0	0	0	0	0	0	0	0	0	0	0	0	0	0	0	0	0	0	0	0	0	0	0	988	0	21454	608	32442	3938	520	290	1438	186	7480	554	32076	2372	0	4842	20458	2826	1616	0	248	402	926	2638	5680	9394	3912	580	
296556	Cerebelum_8_R	0	0	0	0	0	0	0	0	0	0	0	0	0	0	0	0	0	0	0	0	0	0	0	0	0	0	0	0	0	0	0	0	0	0	0	0	0	0	0	306	0	0	0	0	0	0	0	142	0	0	0	0	0	0	0	928	0	0	0	0	0	0	0	0	0	0	0	0	0	0	0	0	0	0	0	0	0	0	0	0	0	0	0	0	0	0	0	0	0	0	778	22310	3034	38788	200	1616	204	3140	526	9682	3610	18570	4842	0	642	17220	0	3352	166	870	96	1356	5768	7504	2628	0	
122332	Cerebelum_9_L	0	0	0	0	0	0	0	0	0	0	0	0	0	0	0	0	0	0	0	0	0	0	0	0	0	0	0	0	0	0	0	0	0	0	0	0	0	0	0	0	0	0	0	0	0	0	406	0	0	0	0	0	0	0	146	0	0	0	0	0	0	0	0	0	0	0	0	0	0	0	0	0	0	0	0	0	0	0	0	0	0	0	0	0	0	0	0	0	0	0	2142	812	3918	364	2404	500	1858	0	3682	814	3896	118	20458	642	0	1922	5032	0	586	1258	1220	2614	602	2260	2786	726	
193252	Cerebelum_9_R	0	0	0	0	0	0	0	0	0	0	0	0	0	0	0	0	0	0	0	0	0	0	0	0	0	0	0	0	0	0	0	0	0	0	0	0	0	100	0	430	0	0	0	0	0	0	606	164	0	0	0	0	94	0	288	190	0	0	0	0	0	0	0	0	0	0	0	0	0	0	0	0	0	0	0	0	0	0	0	0	0	0	0	0	0	0	0	0	0	0	2488	3800	492	4806	382	2490	3084	2080	3992	2160	144	3286	2826	17220	1922	0	136	1358	2164	2746	2522	7872	5192	8836	10596	2160	
26840	Cerebelum_10_L	0	0	0	0	0	0	0	0	0	0	0	0	0	0	0	0	0	0	0	0	0	0	0	0	0	0	0	0	0	0	0	0	0	0	0	0	0	0	0	0	0	0	0	0	0	0	0	0	0	0	0	0	0	0	0	0	0	0	0	0	0	0	0	0	0	0	0	0	0	0	0	0	0	0	0	0	0	0	0	0	0	0	0	0	0	0	0	0	0	0	864	342	470	0	476	116	822	0	1370	354	328	0	1616	0	5032	136	0	0	98	258	176	566	0	158	238	0	
22140	Cerebelum_10_R	0	0	0	0	0	0	0	0	0	0	0	0	0	0	0	0	0	0	0	0	0	0	0	0	0	0	0	0	0	0	0	0	0	0	0	0	0	0	0	0	0	0	0	0	0	0	0	0	0	0	0	0	0	0	0	0	0	0	0	0	0	0	0	0	0	0	0	0	0	0	0	0	0	0	0	0	0	0	0	0	0	0	0	0	0	0	0	0	0	0	0	2196	0	2062	0	0	0	226	0	1654	0	222	0	3352	0	1358	0	0	0	0	0	0	0	0	0	0	
