data	data	405080	238596	907496	794580	104144	133540	564344	210788	59536	26480	267776	202884	195644	121164	122768	79480	327160	164148	681756	697908	66148	99924	234520	358232	31608	148572	44512	89416	595200	325796	179820	421212	169760	573012	120768	123480	311712	364592	113616	289480	39324	84052	269856	236340	188780	256544	351284	370720	207352	299000	453160	259272	216876	82376	468068	533280	262244	134060	135488	102156	204788	112652	159116	108092	166000	168880	418348	442616	150548	93788	273888	426316	400080	386776	85868	36240	108376	180156	108544	57248	285964	170148	126556	92360	345388	260944	43292	53572	336824	277996	640492	478688	416956	363264	47348	72324	472260	350384	589980	573508	258884	154232	427756	361976	147248	193268	38420	23560	54804	132420	461500	316320	301408	226092	139852	60584	
data	data	Precentral_L	Precentral_R	Frontal_Sup_L	Frontal_Sup_R	Frontal_Sup_Orb_L	Frontal_Sup_Orb_R	Frontal_Mid_L	Frontal_Mid_R	Frontal_Mid_Orb_L	Frontal_Mid_Orb_R	Frontal_Inf_Oper_L	Frontal_Inf_Oper_R	Frontal_Inf_Tri_L	Frontal_Inf_Tri_R	Frontal_Inf_Orb_L	Frontal_Inf_Orb_R	Rolandic_Oper_L	Rolandic_Oper_R	Supp_Motor_Area_L	Supp_Motor_Area_R	Olfactory_L	Olfactory_R	Frontal_Sup_Medial_L	Frontal_Sup_Medial_R	Frontal_Med_Orb_L	Frontal_Med_Orb_R	Rectus_L	Rectus_R	Insula_L	Insula_R	Cingulum_Ant_L	Cingulum_Ant_R	Cingulum_Mid_L	Cingulum_Mid_R	Cingulum_Post_L	Cingulum_Post_R	Hippocampus_L	Hippocampus_R	ParaHippocampal_L	ParaHippocampal_R	Amygdala_L	Amygdala_R	Calcarine_L	Calcarine_R	Cuneus_L	Cuneus_R	Lingual_L	Lingual_R	Occipital_Sup_L	Occipital_Sup_R	Occipital_Mid_L	Occipital_Mid_R	Occipital_Inf_L	Occipital_Inf_R	Fusiform_L	Fusiform_R	Postcentral_L	Postcentral_R	Parietal_Sup_L	Parietal_Sup_R	Parietal_Inf_L	Parietal_Inf_R	SupraMarginal_L	SupraMarginal_R	Angular_L	Angular_R	Precuneus_L	Precuneus_R	Paracentral_Lobule_L	Paracentral_Lobule_R	Caudate_L	Caudate_R	Putamen_L	Putamen_R	Pallidum_L	Pallidum_R	Thalamus_L	Thalamus_R	Heschl_L	Heschl_R	Temporal_Sup_L	Temporal_Sup_R	Temporal_Pole_Sup_L	Temporal_Pole_Sup_R	Temporal_Mid_L	Temporal_Mid_R	Temporal_Pole_Mid_L	Temporal_Pole_Mid_R	Temporal_Inf_L	Temporal_Inf_R	Cerebelum_Crus1_L	Cerebelum_Crus1_R	Cerebelum_Crus2_L	Cerebelum_Crus2_R	Cerebelum_3_L	Cerebelum_3_R	Cerebelum_4_5_L	Cerebelum_4_5_R	Cerebelum_6_L	Cerebelum_6_R	Cerebelum_7b_L	Cerebelum_7b_R	Cerebelum_8_L	Cerebelum_8_R	Cerebelum_9_L	Cerebelum_9_R	Cerebelum_10_L	Cerebelum_10_R	Vermis_1_2	Vermis_3	Vermis_4_5	Vermis_6	Vermis_7	Vermis_8	Vermis_9	Vermis_10	
405080	Precentral_L	0	498	31478	1842	0	0	27008	0	0	0	11306	0	2208	0	0	0	11860	0	10412	4206	0	0	0	0	0	0	0	0	10830	0	150	0	380	838	150	92	7860	0	166	0	0	0	106	0	0	0	282	0	0	0	1432	0	864	0	2100	0	23860	0	780	0	6034	0	4012	0	558	0	406	0	7706	100	860	166	5264	0	2510	0	12456	374	4460	0	2864	0	916	0	1084	0	0	0	2062	0	0	0	0	0	0	0	0	0	0	0	0	0	0	0	0	0	0	0	0	0	0	0	0	0	0	0	
238596	Precentral_R	498	0	322	21844	0	0	0	2492	0	0	0	5276	0	0	0	0	0	674	410	10550	0	0	0	122	0	0	0	0	268	438	0	120	0	6250	614	820	542	3828	342	952	0	0	0	0	0	0	0	0	0	276	0	456	0	148	488	2224	0	13568	0	408	268	1260	230	3412	0	246	718	3150	752	7914	518	6208	138	496	0	0	674	18262	0	0	0	0	0	0	0	248	0	0	0	874	0	0	0	0	0	0	0	0	0	0	0	0	0	0	0	0	0	0	0	0	0	0	0	0	0	0	
907496	Frontal_Sup_L	31478	322	0	5110	7040	0	75984	890	3594	0	15810	310	14276	200	7084	0	15162	134	84500	13038	136	0	31596	890	954	0	1092	0	28232	482	9110	2060	6506	7304	0	0	6332	112	142	106	0	0	0	0	0	0	0	0	0	0	108	0	0	0	1024	0	8114	128	132	0	514	0	346	100	0	0	0	0	1678	0	9418	1568	33134	808	7678	302	5304	290	3044	0	6044	0	2906	0	212	0	0	0	910	0	0	0	0	0	0	0	0	0	0	0	0	0	0	0	0	0	0	0	0	0	0	0	0	0	0	0	
794580	Frontal_Sup_R	1842	21844	5110	0	0	8856	982	24850	132	1000	1808	9744	264	5208	290	2438	2378	8220	14116	57822	0	526	8944	41518	0	7872	0	3514	5254	15206	1866	32350	612	21770	0	116	324	3330	142	1870	0	0	0	0	0	0	0	0	0	0	0	0	0	0	100	1152	0	1062	0	0	580	100	376	216	0	0	0	134	1996	0	5940	28488	2438	19374	1112	1628	816	16426	0	456	1938	518	0	322	0	0	0	0	0	0	0	0	0	0	0	0	0	0	0	0	0	0	0	0	0	0	0	0	0	0	0	0	0	0	0	0	
104144	Frontal_Sup_Orb_L	0	0	7040	0	0	0	916	0	7292	0	0	0	366	0	5518	0	0	0	776	0	1332	130	2778	0	4704	0	7344	0	1746	0	3358	0	0	0	0	0	0	0	0	0	0	0	0	0	0	0	0	0	0	0	0	0	0	0	0	0	0	0	0	0	0	0	0	0	0	0	0	0	0	0	1816	130	6096	0	0	0	0	0	0	0	0	0	730	0	0	0	0	0	0	0	0	0	0	0	0	0	0	0	0	0	0	0	0	0	0	0	0	0	0	0	0	0	0	0	0	0	
133540	Frontal_Sup_Orb_R	0	0	0	8856	0	0	0	400	0	2008	0	0	0	142	0	2908	0	0	0	2008	138	2148	230	6010	0	9766	0	10078	94	1128	596	4200	0	674	0	0	0	0	0	0	0	0	0	0	0	0	0	0	0	0	0	0	0	0	0	0	0	0	0	0	0	0	0	0	0	0	0	0	0	0	172	7296	138	7632	0	0	0	0	0	0	0	0	0	148	0	0	0	0	0	0	0	0	0	0	0	0	0	0	0	0	0	0	0	0	0	0	0	0	0	0	0	0	0	0	0	0	
564344	Frontal_Mid_L	27008	0	75984	982	916	0	0	426	1466	0	13724	182	22652	0	4274	0	11694	0	22336	930	0	0	16378	210	0	0	0	0	26694	202	2358	274	2862	390	0	0	6824	0	298	0	530	0	0	0	0	0	0	0	0	0	122	0	0	0	1900	0	8648	0	146	0	888	0	1022	0	90	0	0	0	0	0	3318	512	13248	222	1400	168	458	102	4384	0	2896	0	1166	0	242	0	0	0	1646	0	0	0	0	0	0	0	0	0	0	0	0	0	0	0	0	0	0	0	0	0	0	0	0	0	0	0	
210788	Frontal_Mid_R	0	2492	890	24850	0	400	426	0	116	1094	896	8408	154	9680	230	1874	1536	3594	4042	6652	0	0	206	3020	0	164	0	0	3278	5954	0	2940	0	4882	0	0	122	1848	0	1496	0	0	0	0	0	0	0	222	0	0	0	0	0	0	0	894	0	400	0	0	0	0	0	0	0	0	0	198	0	0	3916	642	298	4912	0	0	0	1416	0	0	972	0	0	140	0	0	0	0	0	0	0	0	0	0	0	0	0	140	0	0	0	0	0	0	0	0	0	0	0	0	0	0	0	0	0	0	
59536	Frontal_Mid_Orb_L	0	0	3594	132	7292	0	1466	116	0	0	0	0	796	0	8270	0	0	0	770	0	126	0	0	0	512	0	2042	0	1266	0	216	0	0	0	0	0	0	0	0	0	0	0	0	0	0	0	0	0	0	0	0	0	0	0	0	0	0	0	0	0	0	0	0	0	0	0	0	0	0	0	490	0	2680	0	0	0	0	0	0	0	0	0	0	0	0	0	0	0	0	0	0	0	0	0	0	0	0	0	0	0	0	0	0	0	0	0	0	0	0	0	0	0	0	0	0	0	
26480	Frontal_Mid_Orb_R	0	0	0	1000	0	2008	0	1094	0	0	0	0	0	716	0	5540	0	0	206	222	0	134	0	0	0	0	0	278	0	710	0	256	0	358	0	0	0	0	0	0	0	0	0	0	0	0	0	0	0	0	0	0	0	0	0	0	0	0	0	0	0	0	0	0	0	0	0	0	0	0	0	214	0	504	0	0	0	0	0	0	0	0	0	0	0	0	0	0	0	0	0	0	0	0	0	0	0	0	0	0	0	0	0	0	0	0	0	0	0	0	0	0	0	0	0	0	
267776	Frontal_Inf_Oper_L	11306	0	15810	1808	0	0	13724	896	0	0	0	346	14496	278	204	0	18100	284	7972	1410	0	0	148	0	0	0	0	0	17248	420	2102	556	94	1306	0	0	662	0	0	0	0	0	0	0	0	0	0	0	0	0	0	0	0	0	0	0	4034	0	0	0	0	0	0	0	0	0	0	0	0	0	1628	362	876	0	0	0	0	0	1662	0	9784	0	6084	0	106	0	0	0	182	0	0	0	0	0	0	0	0	0	0	0	0	0	0	0	0	0	0	0	0	0	0	0	0	0	0	0	
202884	Frontal_Inf_Oper_R	0	5276	310	9744	0	0	182	8408	0	0	346	0	0	9144	0	370	322	7560	1972	8318	0	0	0	924	0	0	0	0	460	18256	0	772	0	4920	0	0	172	2136	120	1312	0	0	0	0	0	0	0	172	0	0	0	0	0	0	0	868	0	2452	0	0	0	0	0	830	0	0	0	208	0	222	1590	3064	258	6974	0	128	130	1588	0	0	214	360	0	1138	0	0	0	0	0	0	0	0	0	0	0	0	0	134	0	88	0	0	0	0	0	0	0	0	0	0	0	0	0	0	0	0	
195644	Frontal_Inf_Tri_L	2208	0	14276	264	366	0	22652	154	796	0	14496	0	0	0	6376	0	2906	142	8468	188	0	0	1030	0	0	0	0	0	14830	146	1592	358	426	160	0	0	326	0	0	0	0	0	0	0	0	0	0	0	0	0	0	0	0	0	0	0	586	0	0	0	0	0	0	0	0	0	0	0	0	0	468	126	924	0	0	0	0	0	840	0	1252	0	1466	0	0	0	0	0	0	0	0	0	0	0	0	0	0	0	0	0	0	0	0	0	0	0	0	0	0	0	0	0	0	0	0	0	
121164	Frontal_Inf_Tri_R	0	0	200	5208	0	142	0	9680	0	716	278	9144	0	0	0	4318	268	260	3184	5946	0	0	0	1388	0	116	0	90	396	8186	0	2914	0	5330	0	0	0	112	0	98	0	0	0	0	0	0	0	0	0	0	0	0	0	0	0	0	0	0	0	0	0	0	0	0	0	0	0	0	0	0	648	840	92	828	0	0	0	0	0	0	200	0	0	0	0	0	0	0	0	0	0	0	0	0	0	0	0	0	0	0	0	0	0	0	0	0	0	0	0	0	0	0	0	0	0	0	
122768	Frontal_Inf_Orb_L	0	0	7084	290	5518	0	4274	230	8270	0	204	0	6376	0	0	0	0	0	4242	0	1146	0	0	0	0	0	1266	0	9738	0	414	0	0	0	0	0	0	0	0	0	0	0	0	0	0	0	0	0	0	0	0	0	0	0	0	0	0	0	0	0	0	0	0	0	0	0	0	0	0	0	1860	144	8712	0	0	0	0	0	0	0	292	0	1324	0	0	0	0	0	0	0	0	0	0	0	0	0	0	0	0	0	0	0	0	0	0	0	0	0	0	0	0	0	0	0	0	0	
79480	Frontal_Inf_Orb_R	0	0	0	2438	0	2908	0	1874	0	5540	0	370	0	4318	0	0	0	0	732	1030	0	2028	0	248	0	194	0	1690	126	6868	200	1474	0	1362	0	0	0	0	0	382	0	0	0	0	0	0	0	0	0	0	0	0	0	0	0	0	0	0	0	0	0	0	0	0	0	0	0	0	0	0	224	1730	0	3318	0	0	0	0	0	0	0	0	0	686	0	0	0	0	0	0	0	0	0	0	0	0	0	0	0	0	0	0	0	0	0	0	0	0	0	0	0	0	0	0	0	0	
327160	Rolandic_Oper_L	11860	0	15162	2378	0	0	11694	1536	0	0	18100	322	2906	268	0	0	0	138	8066	1654	0	0	0	302	0	0	0	0	28010	398	544	496	0	1302	0	0	2876	0	0	0	0	0	0	0	0	0	0	0	0	0	518	0	978	0	2324	0	11398	0	0	0	134	0	2244	0	330	0	0	0	0	0	2672	712	790	172	112	0	272	0	5078	0	18100	0	5718	0	1592	0	0	0	2424	0	0	0	0	0	0	0	0	0	0	0	0	0	0	0	0	0	0	0	0	0	0	0	0	0	0	0	
164148	Rolandic_Oper_R	0	674	134	8220	0	0	0	3594	0	0	284	7560	142	260	0	0	138	0	448	5870	0	0	0	170	0	0	0	0	396	18810	138	192	0	1876	444	670	220	1652	142	1076	0	0	0	0	0	0	0	0	0	146	0	152	0	0	0	1762	0	2622	0	0	0	0	0	2984	0	90	270	1036	0	132	112	606	0	3940	0	178	148	1464	0	5636	0	5074	0	656	0	414	0	0	0	1396	0	0	0	0	0	0	0	0	0	146	0	0	0	0	0	0	0	0	0	0	0	0	0	0	0	0	
681756	Supp_Motor_Area_L	10412	410	84500	14116	776	0	22336	4042	770	206	7972	1972	8468	3184	4242	732	8066	448	0	35686	0	0	4936	2594	108	86	262	0	17360	1198	5730	5882	8254	21242	462	0	2512	188	240	172	0	0	0	0	0	0	0	0	0	0	0	0	0	0	612	104	2122	148	160	0	0	0	0	116	0	0	346	0	8308	0	8074	2208	22726	1054	5510	226	2130	286	616	0	4120	0	1990	0	100	0	0	0	358	0	0	0	0	0	0	0	0	0	0	0	0	0	0	0	0	0	0	0	0	0	0	0	0	0	0	0	
697908	Supp_Motor_Area_R	4206	10550	13038	57822	0	2008	930	6652	0	222	1410	8318	188	5946	0	1030	1654	5870	35686	0	0	0	640	14432	0	2426	0	1484	3802	9824	1254	17188	4450	57042	996	1740	220	1558	0	1212	0	0	0	0	0	0	0	188	0	218	174	392	0	176	538	2172	174	1764	168	204	584	440	0	634	230	172	574	1550	13920	8584	3554	16118	3696	11112	1530	1602	0	562	100	528	1558	522	96	176	0	228	0	0	108	810	0	0	0	0	0	0	0	0	0	0	0	0	0	0	0	0	0	0	0	0	0	0	0	0	0	0	
66148	Olfactory_L	0	0	136	0	1332	138	0	0	126	0	0	0	0	0	1146	0	0	0	0	0	0	4068	0	0	304	420	1108	196	1944	0	2388	1048	0	0	0	0	148	0	200	0	212	0	0	0	0	0	0	0	0	0	0	0	0	0	110	0	0	0	0	0	0	0	0	0	0	0	0	0	0	0	6316	3682	5114	1176	584	758	0	0	0	0	0	0	420	0	0	0	0	0	0	0	0	0	0	0	0	0	0	0	0	0	0	0	0	0	0	0	0	0	0	0	0	0	0	0	0	0	
99924	Olfactory_R	0	0	0	526	130	2148	0	0	0	134	0	0	0	0	0	2028	0	0	0	0	4068	0	0	552	0	2256	210	3334	0	1606	2832	3654	0	0	0	0	0	0	0	548	0	204	0	0	0	0	0	0	0	0	0	0	0	0	0	0	0	0	0	0	0	0	0	0	0	0	0	0	0	0	5536	8920	4662	4076	986	1252	0	0	0	0	0	0	0	300	0	0	0	0	0	0	0	0	0	0	0	0	0	0	0	0	0	0	0	0	0	0	0	0	0	0	0	0	0	0	0	0	
234520	Frontal_Sup_Medial_L	0	0	31596	8944	2778	230	16378	206	0	0	148	0	1030	0	0	0	0	0	4936	640	0	0	0	12864	1690	458	104	0	538	0	8792	8400	5232	6642	0	0	0	0	0	0	0	0	0	0	0	0	0	0	0	0	0	0	0	0	0	0	0	0	0	0	0	0	0	0	0	0	0	0	0	0	1234	1168	2112	1140	0	0	0	0	0	0	0	0	0	0	0	0	0	0	0	0	0	0	0	0	0	0	0	0	0	0	0	0	0	0	0	0	0	0	0	0	0	0	0	0	0	0	
358232	Frontal_Sup_Medial_R	0	122	890	41518	0	6010	210	3020	0	0	0	924	0	1388	0	248	302	170	2594	14432	0	552	12864	0	126	9720	0	2904	898	1018	2320	30402	176	14088	0	0	0	388	0	364	0	0	0	0	0	0	0	0	0	0	0	0	0	0	0	190	0	0	0	0	0	0	0	0	0	0	0	0	0	0	754	18294	188	11120	0	0	0	776	0	0	146	0	0	0	0	0	0	0	0	0	0	0	0	0	0	0	0	0	0	0	0	0	0	0	0	0	0	0	0	0	0	0	0	0	0	0	
31608	Frontal_Med_Orb_L	0	0	954	0	4704	0	0	0	512	0	0	0	0	0	0	0	0	0	108	0	304	0	1690	126	0	1030	2170	0	0	0	3054	0	0	0	0	0	0	0	0	0	0	0	0	0	0	0	0	0	0	0	0	0	0	0	0	0	0	0	0	0	0	0	0	0	0	0	0	0	0	0	682	0	470	0	0	0	0	0	0	0	0	0	0	0	0	0	0	0	0	0	0	0	0	0	0	0	0	0	0	0	0	0	0	0	0	0	0	0	0	0	0	0	0	0	0	0	
148572	Frontal_Med_Orb_R	0	0	0	7872	0	9766	0	164	0	0	0	0	0	116	0	194	0	0	86	2426	420	2256	458	9720	1030	0	374	8386	158	110	1432	9026	0	736	0	0	0	0	0	0	0	0	0	0	0	0	0	0	0	0	0	0	0	0	0	0	0	0	0	0	0	0	0	0	0	0	0	0	0	0	486	10288	326	8456	0	0	0	0	0	0	0	0	0	0	0	0	0	0	0	0	0	0	0	0	0	0	0	0	0	0	0	0	0	0	0	0	0	0	0	0	0	0	0	0	0	0	
44512	Rectus_L	0	0	1092	0	7344	0	0	0	2042	0	0	0	0	0	1266	0	0	0	262	0	1108	210	104	0	2170	374	0	262	564	0	1980	106	0	0	0	0	0	0	0	0	0	0	0	0	0	0	0	0	0	0	0	0	0	0	0	0	0	0	0	0	0	0	0	0	0	0	0	0	0	0	1656	192	1380	0	0	0	0	0	0	0	0	0	144	0	0	0	0	0	0	0	0	0	0	0	0	0	0	0	0	0	0	0	0	0	0	0	0	0	0	0	0	0	0	0	0	0	
89416	Rectus_R	0	0	0	3514	0	10078	0	0	0	278	0	0	0	90	0	1690	0	0	0	1484	196	3334	0	2904	0	8386	262	0	0	460	436	3300	0	482	0	0	0	0	0	0	0	0	0	0	0	0	0	0	0	0	0	0	0	0	0	0	0	0	0	0	0	0	0	0	0	0	0	0	0	0	210	4620	144	2650	0	0	0	0	0	0	0	0	0	190	0	0	0	0	0	0	0	0	0	0	0	0	0	0	0	0	0	0	0	0	0	0	0	0	0	0	0	0	0	0	0	0	
595200	Insula_L	10830	268	28232	5254	1746	94	26694	3278	1266	0	17248	460	14830	396	9738	126	28010	396	17360	3802	1944	0	538	898	0	158	564	0	0	748	1034	1616	406	3928	1554	1062	15604	132	852	0	2164	0	134	0	0	0	0	0	0	0	450	0	796	0	7764	0	4818	0	172	0	366	0	2206	0	1656	0	524	0	606	104	8520	1580	17844	674	188	174	868	214	12448	0	15634	0	5660	0	3084	0	0	0	7886	0	0	0	0	0	0	0	0	0	0	0	0	0	0	0	0	0	0	0	0	0	0	0	0	0	0	0	
325796	Insula_R	0	438	482	15206	0	1128	202	5954	0	710	420	18256	146	8186	0	6868	398	18810	1198	9824	0	1606	0	1018	0	110	0	460	748	0	170	1882	0	3244	0	0	580	6380	354	3194	0	786	0	0	0	0	0	0	0	0	0	0	0	0	0	4176	0	390	0	0	0	0	0	148	0	0	0	216	0	0	1016	3054	460	18070	0	170	408	3596	0	3978	224	8628	0	2854	0	3408	0	0	0	2586	0	0	0	0	0	0	0	210	0	548	0	0	0	0	0	0	0	0	0	0	0	0	0	0	0	0	
179820	Cingulum_Ant_L	150	0	9110	1866	3358	596	2358	0	216	0	2102	0	1592	0	414	200	544	138	5730	1254	2388	2832	8792	2320	3054	1432	1980	436	1034	170	0	10796	4966	2598	290	0	0	0	0	0	0	0	0	0	0	0	0	0	0	0	0	0	0	0	0	0	0	0	0	0	0	0	0	0	0	0	0	0	0	0	5622	3774	5858	1482	138	0	0	0	0	0	154	0	166	0	0	0	0	0	0	0	0	0	0	0	0	0	0	0	0	0	0	0	0	0	0	0	0	0	0	0	0	0	0	0	0	0	
421212	Cingulum_Ant_R	0	120	2060	32350	0	4200	274	2940	0	256	556	772	358	2914	0	1474	496	192	5882	17188	1048	3654	8400	30402	0	9026	106	3300	1616	1882	10796	0	1328	24776	0	120	0	0	0	0	0	0	0	0	0	0	0	0	0	0	0	0	0	0	0	0	0	0	0	0	0	0	0	0	0	0	0	0	0	0	3218	24252	1612	11944	0	0	0	800	0	0	294	0	0	0	0	0	0	0	0	0	0	0	0	0	0	0	0	0	0	0	0	0	0	0	0	0	0	0	0	0	0	0	0	0	0	0	
169760	Cingulum_Mid_L	380	0	6506	612	0	0	2862	0	0	0	94	0	426	0	0	0	0	0	8254	4450	0	0	5232	176	0	0	0	0	406	0	4966	1328	0	12990	4334	1318	90	0	0	0	0	0	3102	324	2456	626	300	0	1706	894	1548	456	268	0	190	0	370	0	466	0	292	0	140	0	226	0	9658	2538	2294	336	614	142	650	0	0	0	0	0	0	0	0	0	0	0	194	356	0	0	0	310	0	0	0	0	0	0	0	0	0	0	0	0	0	0	0	0	0	0	0	0	0	0	0	0	0	0	
573012	Cingulum_Mid_R	838	6250	7304	21770	0	674	390	4882	0	358	1306	4920	160	5330	0	1362	1302	1876	21242	57042	0	0	6642	14088	0	736	0	482	3928	3244	2598	24776	12990	0	2998	9396	0	672	0	468	0	0	86	2308	0	2996	0	1016	0	2820	0	2782	0	314	516	1946	0	2734	0	296	0	338	0	312	0	372	4488	15354	10364	7940	2080	2682	342	1046	0	0	0	0	100	88	1286	106	0	112	0	524	0	0	0	972	0	0	0	0	0	0	0	0	0	0	0	0	0	0	0	0	0	0	0	0	162	0	0	0	0	0	
120768	Cingulum_Post_L	150	614	0	0	0	0	0	0	0	0	0	0	0	0	0	0	0	444	462	996	0	0	0	0	0	0	0	0	1554	0	290	0	4334	2998	0	10168	3250	1880	2082	1070	0	0	4160	0	1082	88	2238	546	426	0	540	0	770	0	2872	1140	86	90	0	0	0	0	354	102	338	0	8380	2814	1484	782	0	0	0	0	0	0	0	98	690	128	0	98	0	0	184	0	0	0	178	0	0	0	0	0	0	0	0	0	0	164	0	0	0	0	0	0	0	0	0	0	260	0	0	0	0	0	
123480	Cingulum_Post_R	92	820	0	116	0	0	0	0	0	0	0	0	0	0	0	0	0	670	0	1740	0	0	0	0	0	0	0	0	1062	0	0	120	1318	9396	10168	0	1720	3082	854	1810	0	0	298	1420	250	586	276	3660	96	314	0	288	0	102	772	3660	0	144	0	0	0	0	180	122	170	0	2248	9826	372	1258	0	0	0	0	0	0	0	164	306	168	0	174	0	0	0	106	0	0	0	360	0	0	0	0	0	0	0	0	0	198	0	0	0	0	0	0	0	0	0	0	1254	0	0	0	0	0	
311712	Hippocampus_L	7860	542	6332	324	0	0	6824	122	0	0	662	172	326	0	0	0	2876	220	2512	220	148	0	0	0	0	0	0	0	15604	580	0	0	90	0	3250	1720	0	2522	15080	1814	6640	0	2084	0	190	0	4406	186	0	0	0	0	828	0	20734	1234	1420	0	0	0	256	0	366	0	94	0	3602	826	138	0	468	100	7260	170	2636	0	5896	2002	3624	0	3348	0	774	0	522	0	194	0	14250	0	560	0	0	0	0	0	418	0	664	166	0	0	0	0	0	0	0	0	0	0	0	0	0	0	0	0	
364592	Hippocampus_R	0	3828	112	3330	0	0	0	1848	0	0	0	2136	0	112	0	0	0	1652	188	1558	0	0	0	388	0	0	0	0	132	6380	0	0	0	672	1880	3082	2522	0	1646	38118	0	13394	0	530	0	0	170	5658	0	0	0	0	0	186	514	36548	0	412	0	0	0	96	0	94	0	0	384	4772	0	106	236	0	114	12986	0	1250	236	6182	0	2110	0	4118	0	2634	0	3030	0	1388	0	7212	0	434	0	152	0	118	0	3988	0	2582	0	0	0	0	0	0	0	0	0	0	1078	0	0	0	0	0	
113616	ParaHippocampal_L	166	342	142	142	0	0	298	0	0	0	0	120	0	0	0	0	0	142	240	0	200	0	0	0	0	0	0	0	852	354	0	0	0	0	2082	854	15080	1646	0	1546	1602	0	2016	0	190	0	5660	254	0	0	114	0	308	0	8444	1030	0	0	0	0	0	0	0	0	0	0	3334	792	0	0	88	0	1028	112	0	0	1404	1344	0	0	92	0	916	0	0	0	532	0	1006	0	174	0	0	0	168	106	934	0	530	160	0	0	92	0	0	0	0	0	0	172	0	0	0	0	0	0	
289480	ParaHippocampal_R	0	952	106	1870	0	0	0	1496	0	0	0	1312	0	98	0	382	0	1076	172	1212	0	548	0	364	0	0	0	0	0	3194	0	0	0	468	1070	1810	1814	38118	1546	0	0	8588	0	256	0	0	176	6500	0	0	0	0	0	226	476	29774	0	156	0	0	0	0	0	0	0	0	336	4148	0	0	128	0	104	10374	0	1186	198	4076	0	646	0	1552	0	2342	0	930	0	1158	0	3332	0	656	0	228	144	294	106	5096	0	2874	0	0	0	0	0	0	0	0	0	92	980	0	0	0	0	0	
39324	Amygdala_L	0	0	0	0	0	0	530	0	0	0	0	0	0	0	0	0	0	0	0	0	212	0	0	0	0	0	0	0	2164	0	0	0	0	0	0	0	6640	0	1602	0	0	0	0	0	0	0	0	0	0	0	0	0	0	0	3738	0	0	0	0	0	0	0	0	0	0	0	0	0	0	0	0	0	1274	0	0	0	0	0	0	0	444	0	436	0	0	0	190	0	2432	0	0	0	0	0	0	0	0	0	0	0	0	0	0	0	0	0	0	0	0	0	0	0	0	0	0	0	
84052	Amygdala_R	0	0	0	0	0	0	0	0	0	0	0	0	0	0	0	0	0	0	0	0	0	204	0	0	0	0	0	0	0	786	0	0	0	0	0	0	0	13394	0	8588	0	0	0	0	0	0	0	0	0	0	0	0	0	0	0	8772	0	0	0	0	0	0	0	0	0	0	0	0	0	0	0	0	0	1712	0	0	0	0	0	0	0	0	0	4152	0	222	0	1560	0	2498	0	0	0	0	0	0	0	138	0	0	0	0	0	0	0	0	0	0	0	0	0	0	0	0	0	0	
269856	Calcarine_L	106	0	0	0	0	0	0	0	0	0	0	0	0	0	0	0	0	0	0	0	0	0	0	0	0	0	0	0	134	0	0	0	3102	86	4160	298	2084	0	2016	0	0	0	0	5826	11564	3122	15338	2366	10352	2062	23884	276	7666	352	5382	334	1102	0	926	0	366	0	204	0	200	0	19486	1230	1590	0	0	0	0	0	0	0	0	0	134	0	0	0	0	0	4760	0	0	0	332	0	302	334	0	0	0	0	420	578	582	692	0	0	0	0	0	0	0	0	0	0	1016	164	0	0	0	0	
236340	Calcarine_R	0	0	0	0	0	0	0	0	0	0	0	0	0	0	0	0	0	0	0	0	0	0	0	0	0	0	0	0	0	0	0	0	324	2308	0	1420	0	530	0	256	0	0	5826	0	2328	17670	706	16978	130	15772	0	9592	0	6384	0	9146	0	290	0	392	0	144	0	0	0	588	3308	19322	0	576	0	0	0	0	0	0	0	0	0	0	0	0	0	0	0	2408	0	0	0	1040	0	0	0	0	0	0	0	0	0	358	0	0	0	0	0	0	0	0	0	0	374	0	0	0	0	0	
188780	Cuneus_L	0	0	0	0	0	0	0	0	0	0	0	0	0	0	0	0	0	0	0	0	0	0	0	0	0	0	0	0	0	0	0	0	2456	0	1082	250	190	0	190	0	0	0	11564	2328	0	7190	1058	544	21700	2386	11174	124	858	116	296	0	190	0	4222	0	138	0	0	0	0	0	21794	3934	0	0	0	0	0	0	0	0	0	0	0	0	0	0	0	0	606	0	0	0	0	0	0	0	0	0	0	0	0	0	0	0	0	0	0	0	0	0	0	0	0	0	0	0	0	0	0	0	
256544	Cuneus_R	0	0	0	0	0	0	0	0	0	0	0	0	0	0	0	0	0	0	0	0	0	0	0	0	0	0	0	0	0	0	0	0	626	2996	88	586	0	0	0	0	0	0	3122	17670	7190	0	176	4414	1046	30860	372	10666	0	2184	0	1492	0	228	0	4514	0	106	0	0	0	1226	11556	25392	0	168	0	0	0	0	0	0	0	0	0	0	0	0	0	0	0	1262	0	0	0	332	0	0	0	0	0	0	0	0	0	0	0	0	0	0	0	0	0	0	0	0	0	0	0	0	0	0	
351284	Lingual_L	282	0	0	0	0	0	0	0	0	0	0	0	0	0	0	0	0	0	0	0	0	0	0	0	0	0	0	0	0	0	0	0	300	0	2238	276	4406	170	5660	176	0	0	15338	706	1058	176	0	3800	2518	92	19978	0	14030	0	19642	982	182	0	234	0	138	0	188	0	98	0	7062	674	374	0	0	0	0	0	0	0	170	0	0	0	0	0	0	0	3160	0	0	0	390	0	13346	2602	2058	210	340	0	12256	2630	19698	4160	354	0	940	166	94	0	0	0	0	104	6508	4952	726	0	0	0	
370720	Lingual_R	0	0	0	0	0	0	0	222	0	0	0	172	0	0	0	0	0	0	0	188	0	0	0	0	0	0	0	0	0	0	0	0	0	1016	546	3660	186	5658	254	6500	0	0	2366	16978	544	4414	3800	0	0	4866	128	4020	958	3802	1432	20116	0	0	0	0	0	0	0	0	0	0	976	11342	0	218	0	0	0	390	0	0	0	1328	0	0	0	0	0	0	0	736	0	0	0	762	9206	8940	2032	678	0	86	4360	9248	10224	12418	0	0	288	426	250	0	0	0	0	174	10678	13342	4966	200	98	168	
207352	Occipital_Sup_L	0	0	0	0	0	0	0	0	0	0	0	0	0	0	0	0	0	0	0	0	0	0	0	0	0	0	0	0	0	0	0	0	1706	0	426	96	0	0	0	0	0	0	10352	130	21700	1046	2518	0	0	136	28516	0	1434	0	334	0	458	0	12114	0	1810	0	0	0	646	0	17608	1148	158	0	0	0	0	0	0	0	0	0	0	0	0	0	0	0	1240	0	0	0	0	0	0	0	0	0	0	0	0	0	100	0	0	0	0	0	0	0	0	0	0	0	0	0	0	0	0	0	
299000	Occipital_Sup_R	0	276	0	0	0	0	0	0	0	0	0	0	0	0	0	0	0	146	0	218	0	0	0	0	0	0	0	0	0	0	0	0	894	2820	0	314	0	0	0	0	0	0	2062	15772	2386	30860	92	4866	136	0	0	31412	0	3120	0	2630	0	314	0	8460	0	2704	0	452	0	9236	5108	17578	0	362	0	0	0	0	0	0	0	0	0	0	0	204	0	0	0	5220	0	0	0	1762	0	0	0	0	0	0	0	0	0	96	0	0	0	0	0	0	0	0	0	0	0	0	0	0	0	0	
453160	Occipital_Mid_L	1432	0	108	0	0	0	122	0	0	0	0	0	0	0	0	0	518	0	0	174	0	0	0	0	0	0	0	0	450	0	0	0	1548	0	540	0	0	0	114	0	0	0	23884	0	11174	372	19978	128	28516	0	0	0	24426	0	9394	0	4150	0	13894	0	16828	0	1412	0	17876	0	14734	558	2302	0	0	0	0	0	0	0	0	0	146	0	728	0	0	0	25330	0	0	0	4288	0	202	0	0	0	0	0	0	0	904	0	0	0	0	0	0	0	0	0	0	0	86	264	0	0	0	0	
259272	Occipital_Mid_R	0	456	0	0	0	0	0	0	0	0	0	0	0	0	0	0	0	152	0	392	0	0	0	0	0	0	0	0	0	0	0	0	456	2782	0	288	0	0	0	0	0	0	276	9592	124	10666	0	4020	0	31412	0	0	0	4382	0	3762	0	298	0	3594	0	7076	0	524	0	20156	2068	9634	0	624	0	0	0	0	0	0	0	0	0	0	0	594	0	0	0	12864	0	0	0	3326	0	0	0	0	0	0	0	0	0	118	0	0	0	0	0	0	0	0	0	0	0	0	0	0	0	0	
216876	Occipital_Inf_L	864	0	0	0	0	0	0	0	0	0	0	0	0	0	0	0	978	0	0	0	0	0	0	0	0	0	0	0	796	0	0	0	268	0	770	0	828	0	308	0	0	0	7666	0	858	0	14030	958	1434	0	24426	0	0	0	14906	102	416	0	136	0	1008	0	1442	0	1522	0	3402	0	918	0	0	0	0	0	0	0	0	0	550	0	1834	0	0	0	9982	0	0	0	8724	0	1442	552	568	108	0	0	0	0	3660	644	0	0	0	0	0	0	0	0	0	0	110	1866	362	0	0	0	
82376	Occipital_Inf_R	0	148	0	0	0	0	0	0	0	0	0	0	0	0	0	0	0	0	0	176	0	0	0	0	0	0	0	0	0	0	0	0	0	314	0	102	0	186	0	226	0	0	352	6384	116	2184	0	3802	0	3120	0	4382	0	0	0	9200	0	0	0	0	0	0	0	0	0	160	166	2590	0	208	0	0	0	0	0	0	0	0	0	0	0	0	0	0	0	1946	0	0	0	4288	120	104	0	0	0	0	0	0	118	604	0	0	0	0	0	0	0	0	0	0	0	192	0	0	0	0	
468068	Fusiform_L	2100	488	1024	100	0	0	1900	0	0	0	0	0	0	0	0	0	2324	0	612	538	110	0	0	0	0	0	0	0	7764	0	0	0	190	516	2872	772	20734	514	8444	476	3738	0	5382	0	296	0	19642	1432	334	0	9394	0	14906	0	0	700	858	0	296	0	700	0	3164	0	992	0	5650	426	800	226	124	0	2132	0	0	0	862	356	1586	0	3980	0	2886	0	5318	0	2986	0	24590	0	21050	482	2622	0	0	0	9328	548	26932	702	548	0	872	0	0	0	0	0	0	0	3128	2368	220	0	0	0	
533280	Fusiform_R	0	2224	0	1152	0	0	0	894	0	0	0	868	0	0	0	0	0	1762	104	2172	0	0	0	190	0	0	0	0	0	4176	0	0	0	1946	1140	3660	1234	36548	1030	29774	0	8772	334	9146	0	1492	982	20116	0	2630	0	3762	102	9200	700	0	0	414	0	224	0	290	0	286	0	294	758	10936	0	1486	0	0	0	6776	0	752	116	3298	0	2104	0	6676	0	7324	0	9114	0	3722	0	24730	1710	8296	160	298	0	200	1926	7968	1728	13534	0	0	146	126	0	0	0	0	0	108	3328	1166	536	0	0	0	
262244	Postcentral_L	23860	0	8114	0	0	0	8648	0	0	0	4034	0	586	0	0	0	11398	0	2122	174	0	0	0	0	0	0	0	0	4818	0	0	0	370	0	86	0	1420	0	0	0	0	0	1102	0	190	0	182	0	458	0	4150	0	416	0	858	0	0	0	8008	0	15674	0	10808	0	2338	0	7644	0	5970	0	0	0	158	0	0	0	482	0	2132	0	3398	0	0	0	760	0	0	0	764	0	0	0	0	0	0	0	0	0	0	0	0	0	0	0	0	0	0	0	0	0	0	0	0	0	0	0	
134060	Postcentral_R	0	13568	128	1062	0	0	0	400	0	0	0	2452	0	0	0	0	0	2622	148	1764	0	0	0	0	0	0	0	0	0	390	0	0	0	2734	90	144	0	412	0	156	0	0	0	290	0	228	0	0	0	314	0	298	0	0	0	414	0	0	0	4094	0	5500	0	14456	0	926	532	7474	0	4214	164	0	0	88	0	0	0	170	0	256	0	414	0	0	0	242	0	0	0	886	0	0	0	0	0	0	0	0	0	0	0	0	0	0	0	0	0	0	0	0	0	0	0	0	0	0	
135488	Parietal_Sup_L	780	0	132	0	0	0	146	0	0	0	0	0	0	0	0	0	0	0	160	168	0	0	0	0	0	0	0	0	172	0	0	0	466	0	0	0	0	0	0	0	0	0	926	0	4222	0	234	0	12114	0	13894	0	136	0	296	0	8008	0	0	0	10844	0	568	0	1688	0	11690	0	1100	0	0	0	0	0	0	0	0	0	0	0	0	0	0	0	0	0	0	0	0	0	0	0	0	0	0	0	0	0	0	0	0	0	0	0	0	0	0	0	0	0	0	0	0	0	0	0	
102156	Parietal_Sup_R	0	408	0	0	0	0	0	0	0	0	0	0	0	0	0	0	0	0	0	204	0	0	0	0	0	0	0	0	0	0	0	0	0	296	0	0	0	0	0	0	0	0	0	392	0	4514	0	0	0	8460	0	3594	0	0	0	224	0	4094	0	0	0	6924	0	2336	0	7158	642	10850	0	432	0	0	0	0	0	0	0	0	0	0	0	0	0	0	0	230	0	0	0	320	0	0	0	0	0	0	0	0	0	0	0	0	0	0	0	0	0	0	0	0	0	0	0	0	0	0	
204788	Parietal_Inf_L	6034	268	514	580	0	0	888	0	0	0	0	0	0	0	0	0	134	0	0	584	0	0	0	0	0	0	0	0	366	0	0	0	292	0	0	0	256	0	0	0	0	0	366	0	138	0	138	0	1810	0	16828	0	1008	0	700	0	15674	0	10844	0	0	0	13978	0	19828	0	1782	0	804	0	0	0	0	0	0	0	90	0	202	0	332	0	0	0	4496	0	0	0	3460	0	0	0	0	0	0	0	0	0	0	0	0	0	0	0	0	0	0	0	0	0	0	0	0	0	0	0	
112652	Parietal_Inf_R	0	1260	0	100	0	0	0	0	0	0	0	0	0	0	0	0	0	0	0	440	0	0	0	0	0	0	0	0	0	0	0	0	0	338	0	0	0	96	0	0	0	0	0	144	0	106	0	0	0	2704	0	7076	0	0	0	290	0	5500	0	6924	0	0	0	8660	0	16106	454	2132	0	542	0	0	0	0	0	0	0	0	0	0	0	102	0	0	0	454	0	0	0	2898	0	0	0	0	0	0	0	0	0	0	0	0	0	0	0	0	0	0	0	0	0	0	0	0	0	0	
159116	SupraMarginal_L	4012	230	346	376	0	0	1022	0	0	0	0	0	0	0	0	0	2244	0	0	0	0	0	0	0	0	0	0	0	2206	0	0	0	140	0	354	180	366	0	0	0	0	0	204	0	0	0	188	0	0	0	1412	0	1442	0	3164	0	10808	0	568	0	13978	0	0	0	9592	0	568	0	1840	0	0	0	0	0	0	0	554	0	1078	0	7326	0	0	0	9730	0	0	0	5630	0	0	0	0	0	0	0	0	0	0	0	0	0	0	0	0	0	0	0	0	0	0	0	0	0	0	0	
108092	SupraMarginal_R	0	3412	100	216	0	0	0	0	0	0	0	830	0	0	0	0	0	2984	116	634	0	0	0	0	0	0	0	0	0	148	0	0	0	312	102	122	0	94	0	0	0	0	0	0	0	0	0	0	0	452	0	524	0	0	0	286	0	14456	0	2336	0	8660	0	0	0	4550	656	3358	0	712	126	0	0	0	0	0	0	0	0	282	0	3864	0	0	0	2192	0	0	0	2522	0	0	0	0	0	0	0	0	0	0	0	0	0	0	0	0	0	0	0	0	0	0	0	0	0	0	
166000	Angular_L	558	0	0	0	0	0	90	0	0	0	0	0	0	0	0	0	330	0	0	230	0	0	0	0	0	0	0	0	1656	0	0	0	226	0	338	170	94	0	0	0	0	0	200	0	0	0	98	0	646	0	17876	0	1522	0	992	0	2338	0	1688	0	19828	0	9592	0	0	0	974	0	592	0	0	0	0	0	0	0	0	0	734	0	1896	0	0	0	15266	0	0	0	5066	0	0	0	0	0	0	0	0	0	0	0	0	0	0	0	0	0	0	0	0	0	0	0	0	0	0	0	
168880	Angular_R	0	246	0	0	0	0	0	0	0	0	0	0	0	0	0	0	0	90	0	172	0	0	0	0	0	0	0	0	0	0	0	0	0	372	0	0	0	0	0	0	0	0	0	588	0	1226	0	0	0	9236	0	20156	0	160	0	294	0	926	0	7158	0	16106	0	4550	0	0	374	2912	0	254	0	0	0	0	0	0	0	0	0	0	0	4256	0	0	0	8148	0	0	0	7216	0	0	0	0	0	0	0	0	0	0	0	0	0	0	0	0	0	0	0	0	0	0	0	0	0	0	
418348	Precuneus_L	406	718	0	0	0	0	0	0	0	0	0	0	0	0	0	0	0	270	346	574	0	0	0	0	0	0	0	0	524	0	0	0	9658	4488	8380	2248	3602	384	3334	336	0	0	19486	3308	21794	11556	7062	976	17608	5108	14734	2068	3402	166	5650	758	7644	532	11690	642	1782	454	568	656	974	374	0	24226	4932	966	0	0	0	0	0	0	0	0	414	0	0	146	0	0	1430	920	0	0	524	872	0	0	0	0	0	0	156	0	0	0	0	0	0	0	0	0	0	0	0	0	328	0	0	0	0	0	
442616	Precuneus_R	0	3150	0	134	0	0	0	198	0	0	0	208	0	0	0	0	0	1036	0	1550	0	0	0	0	0	0	0	0	0	216	0	0	2538	15354	2814	9826	826	4772	792	4148	0	0	1230	19322	3934	25392	674	11342	1148	17578	558	9634	0	2590	426	10936	0	7474	0	10850	0	2132	0	3358	0	2912	24226	0	0	6364	0	0	0	270	0	0	0	670	0	280	0	510	0	0	0	3084	0	0	0	3202	0	0	0	0	0	0	0	1316	0	160	0	0	0	0	0	0	0	0	0	0	2174	0	0	0	0	0	
150548	Paracentral_Lobule_L	7706	752	1678	1996	0	0	0	0	0	0	0	0	0	0	0	0	0	0	8308	13920	0	0	0	0	0	0	0	0	606	0	0	0	2294	10364	1484	372	138	0	0	0	0	0	1590	0	0	0	374	0	158	0	2302	0	918	0	800	0	5970	0	1100	0	804	0	1840	0	592	0	4932	0	0	1086	470	0	100	0	0	0	926	0	104	0	238	0	0	0	1066	0	0	0	286	0	0	0	0	0	0	0	0	0	0	0	0	0	0	0	0	0	0	0	0	0	0	0	0	0	0	0	
93788	Paracentral_Lobule_R	100	7914	0	0	0	0	0	0	0	0	0	222	0	0	0	0	0	132	0	8584	0	0	0	0	0	0	0	0	104	0	0	0	336	7940	782	1258	0	106	0	0	0	0	0	576	0	168	0	218	0	362	0	624	0	208	226	1486	0	4214	0	432	0	542	0	712	0	254	966	6364	1086	0	0	0	0	0	0	0	0	0	0	0	0	0	0	0	0	260	0	0	0	718	0	0	0	0	0	0	0	0	0	0	0	0	0	0	0	0	0	0	0	0	0	0	0	0	0	0	
273888	Caudate_L	860	518	9418	5940	1816	172	3318	3916	490	0	1628	1590	468	648	1860	224	2672	112	8074	3554	6316	5536	1234	754	682	486	1656	210	8520	1016	5622	3218	614	2080	0	0	468	236	88	128	0	0	0	0	0	0	0	0	0	0	0	0	0	0	124	0	0	164	0	0	0	0	0	126	0	0	0	0	470	0	0	10266	19456	2482	3138	1720	9120	916	0	0	2262	0	394	0	0	0	0	0	164	0	0	0	0	0	0	0	0	0	0	0	0	0	0	0	0	0	0	0	0	0	0	0	0	0	0	0	
426316	Caudate_R	166	6208	1568	28488	130	7296	512	642	0	214	362	3064	126	840	144	1730	712	606	2208	16118	3682	8920	1168	18294	0	10288	192	4620	1580	3054	3774	24252	142	2682	0	0	100	0	0	0	0	0	0	0	0	0	0	0	0	0	0	0	0	0	0	0	0	0	0	0	0	0	0	0	0	0	0	0	0	0	10266	0	6178	21562	1368	2514	1810	14258	0	0	352	106	228	634	0	0	0	0	0	0	0	0	0	0	0	0	0	0	0	0	0	0	0	0	0	0	0	0	0	0	0	0	0	0	0	0	
400080	Putamen_L	5264	138	33134	2438	6096	138	13248	298	2680	0	876	258	924	92	8712	0	790	0	22726	3696	5114	4662	2112	188	470	326	1380	144	17844	460	5858	1612	650	342	0	0	7260	114	1028	104	1274	0	0	0	0	0	0	0	0	0	0	0	0	0	2132	0	158	0	0	0	0	0	0	0	0	0	0	0	100	0	19456	6178	0	2152	10264	1480	1850	236	116	0	1022	0	1300	0	0	0	0	0	1146	0	0	0	0	0	0	0	0	0	0	0	0	0	0	0	0	0	0	0	0	0	0	0	0	0	0	0	
386776	Putamen_R	0	496	808	19374	0	7632	222	4912	0	504	0	6974	0	828	0	3318	172	3940	1054	11112	1176	4076	1140	11120	0	8456	0	2650	674	18070	1482	11944	0	1046	0	0	170	12986	112	10374	0	1712	0	0	0	0	0	390	0	0	0	0	0	0	0	6776	0	88	0	0	0	0	0	0	0	0	0	270	0	0	2482	21562	2152	0	258	2054	116	3882	0	602	104	564	0	490	0	116	0	0	0	210	0	216	0	118	0	0	0	1406	0	998	0	0	0	0	0	0	0	0	0	0	0	0	0	0	0	0	
85868	Pallidum_L	2510	0	7678	1112	0	0	1400	0	0	0	0	0	0	0	0	0	112	0	5510	1530	584	986	0	0	0	0	0	0	188	0	138	0	0	0	0	0	2636	0	0	0	0	0	0	0	0	0	0	0	0	0	0	0	0	0	0	0	0	0	0	0	0	0	0	0	0	0	0	0	0	0	3138	1368	10264	258	0	578	2944	0	0	0	0	0	0	0	0	0	0	0	0	0	0	0	0	0	0	0	0	0	0	0	0	0	0	0	0	0	0	0	0	0	0	0	0	0	0	0	
36240	Pallidum_R	0	0	302	1628	0	0	168	0	0	0	0	128	0	0	0	0	0	178	226	1602	758	1252	0	0	0	0	0	0	174	170	0	0	0	0	0	0	0	1250	0	1186	0	0	0	0	0	0	0	0	0	0	0	0	0	0	0	752	0	0	0	0	0	0	0	0	0	0	0	0	0	0	1720	2514	1480	2054	578	0	0	0	0	0	0	0	0	0	0	0	0	0	0	0	0	0	0	0	0	0	0	0	0	0	0	0	0	0	0	0	0	0	0	0	0	0	0	0	0	0	
108376	Thalamus_L	12456	674	5304	816	0	0	458	0	0	0	0	130	0	0	0	0	272	148	2130	0	0	0	0	0	0	0	0	0	868	408	0	0	0	0	0	0	5896	236	1404	198	0	0	0	0	0	0	170	0	0	0	0	0	0	0	862	116	482	0	0	0	90	0	554	0	0	0	0	0	926	0	9120	1810	1850	116	2944	0	0	2682	100	0	376	0	0	0	0	0	0	0	592	0	0	0	0	0	0	0	0	0	0	0	0	0	0	0	0	0	0	0	0	0	0	0	0	0	0	0	
180156	Thalamus_R	374	18262	290	16426	0	0	102	1416	0	0	0	1588	0	0	0	0	0	1464	286	562	0	0	0	776	0	0	0	0	214	3596	0	800	0	0	98	164	2002	6182	1344	4076	0	0	0	0	0	0	0	1328	0	0	0	0	0	0	356	3298	0	170	0	0	0	0	0	0	0	0	0	670	0	0	916	14258	236	3882	0	0	2682	0	0	88	0	244	0	0	0	466	0	0	0	474	0	0	0	0	0	0	0	662	0	130	0	0	0	0	0	0	0	0	0	0	196	0	0	0	0	0	
108544	Heschl_L	4460	0	3044	0	0	0	4384	0	0	0	1662	0	840	0	0	0	5078	0	616	100	0	0	0	0	0	0	0	0	12448	0	0	0	0	100	690	306	3624	0	0	0	0	0	134	0	0	0	0	0	0	0	146	0	550	0	1586	0	2132	0	0	0	202	0	1078	0	734	0	414	0	104	0	0	0	116	0	0	0	100	0	0	0	4444	0	0	0	2602	0	0	0	2578	0	0	0	0	0	0	0	0	0	0	0	0	0	0	0	0	0	0	0	0	0	0	0	0	0	0	0	
57248	Heschl_R	0	0	0	456	0	0	0	0	0	0	0	0	0	0	0	0	0	5636	0	528	0	0	0	0	0	0	0	0	0	3978	0	0	0	88	128	168	0	2110	0	646	0	0	0	0	0	0	0	0	0	0	0	0	0	0	0	2104	0	256	0	0	0	0	0	282	0	0	0	280	0	0	0	0	0	602	0	0	0	88	0	0	0	7446	0	0	0	1824	0	0	0	1774	0	0	0	0	0	0	0	0	0	230	0	0	0	0	0	0	0	0	0	0	0	0	0	0	0	0	
285964	Temporal_Sup_L	2864	0	6044	1938	0	0	2896	972	0	0	9784	214	1252	200	292	0	18100	0	4120	1558	0	0	0	146	0	0	0	0	15634	224	154	294	0	1286	0	0	3348	0	92	0	444	0	0	0	0	0	0	0	0	0	728	0	1834	0	3980	0	3398	0	0	0	332	0	7326	0	1896	0	0	0	238	0	2262	352	1022	104	0	0	376	0	4444	0	0	0	6860	0	20898	0	154	0	14922	0	0	0	0	0	0	0	0	0	0	0	0	0	0	0	0	0	0	0	0	0	0	0	0	0	0	0	
170148	Temporal_Sup_R	0	0	0	518	0	0	0	0	0	0	0	360	0	0	0	0	0	5074	0	522	0	0	0	0	0	0	0	0	0	8628	0	0	0	106	98	174	0	4118	0	1552	0	0	0	0	0	0	0	0	0	204	0	594	0	0	0	6676	0	414	0	0	0	102	0	3864	0	4256	146	510	0	0	0	106	0	564	0	0	0	244	0	7446	0	0	0	3340	0	21780	0	694	0	12530	0	0	0	0	0	0	0	0	0	454	0	0	0	0	0	0	0	0	0	0	0	0	0	0	0	0	
126556	Temporal_Pole_Sup_L	916	0	2906	0	730	0	1166	0	0	0	6084	0	1466	0	1324	0	5718	0	1990	96	420	0	0	0	0	0	144	0	5660	0	166	0	0	0	0	0	774	0	916	0	436	0	0	0	0	0	0	0	0	0	0	0	0	0	2886	0	0	0	0	0	0	0	0	0	0	0	0	0	0	0	394	228	1300	0	0	0	0	0	0	0	6860	0	0	0	8114	0	5968	0	6616	0	0	0	0	0	0	0	0	0	0	0	0	0	0	0	0	0	0	0	0	0	0	0	0	0	0	0	
92360	Temporal_Pole_Sup_R	0	0	0	322	0	148	0	140	0	0	0	1138	0	0	0	686	0	656	0	176	0	300	0	0	0	0	0	190	0	2854	0	0	0	112	0	0	0	2634	0	2342	0	4152	0	0	0	0	0	0	0	0	0	0	0	0	0	7324	0	0	0	0	0	0	0	0	0	0	0	0	0	0	0	634	0	490	0	0	0	0	0	0	0	3340	0	0	0	5924	0	7054	0	5564	0	0	0	0	0	0	0	0	0	0	0	0	0	0	0	0	0	0	0	0	0	0	0	0	0	0	
345388	Temporal_Mid_L	1084	0	212	0	0	0	242	0	0	0	106	0	0	0	0	0	1592	0	100	0	0	0	0	0	0	0	0	0	3084	0	0	0	194	0	184	0	522	0	0	0	0	0	4760	0	606	0	3160	0	1240	0	25330	0	9982	0	5318	0	760	0	0	0	4496	0	9730	0	15266	0	1430	0	1066	0	0	0	0	0	0	0	0	0	2602	0	20898	0	8114	0	0	0	5878	0	44738	0	0	0	0	0	0	0	0	0	0	0	0	0	0	0	0	0	0	0	0	0	0	0	0	0	0	0	
260944	Temporal_Mid_R	0	248	0	0	0	0	0	0	0	0	0	0	0	0	0	0	0	414	0	228	0	0	0	0	0	0	0	0	0	3408	0	0	356	524	0	106	0	3030	0	930	0	222	0	2408	0	1262	0	736	0	5220	0	12864	0	1946	0	9114	0	242	0	230	0	454	0	2192	0	8148	920	3084	0	260	0	0	0	116	0	0	0	466	0	1824	0	21780	0	5924	0	0	0	5494	0	36178	0	0	0	0	0	0	0	0	0	144	0	0	0	0	0	0	0	0	0	0	0	0	0	0	0	0	
43292	Temporal_Pole_Mid_L	0	0	0	0	0	0	0	0	0	0	0	0	0	0	0	0	0	0	0	0	0	0	0	0	0	0	0	0	0	0	0	0	0	0	0	0	194	0	532	0	190	0	0	0	0	0	0	0	0	0	0	0	0	0	2986	0	0	0	0	0	0	0	0	0	0	0	0	0	0	0	0	0	0	0	0	0	0	0	0	0	154	0	5968	0	5878	0	0	0	5744	0	0	0	0	0	0	0	0	0	0	0	0	0	0	0	0	0	0	0	0	0	0	0	0	0	0	0	
53572	Temporal_Pole_Mid_R	0	0	0	0	0	0	0	0	0	0	0	0	0	0	0	0	0	0	0	0	0	0	0	0	0	0	0	0	0	0	0	0	0	0	0	0	0	1388	0	1158	0	1560	0	0	0	0	0	0	0	0	0	0	0	0	0	3722	0	0	0	0	0	0	0	0	0	0	0	0	0	0	0	0	0	0	0	0	0	0	0	0	0	694	0	7054	0	5494	0	0	0	5716	0	0	0	0	0	0	0	0	0	0	0	0	0	0	0	0	0	0	0	0	0	0	0	0	0	0	
336824	Temporal_Inf_L	2062	0	910	0	0	0	1646	0	0	0	182	0	0	0	0	0	2424	0	358	108	0	0	0	0	0	0	0	0	7886	0	0	0	0	0	178	0	14250	0	1006	0	2432	0	332	0	0	0	390	0	0	0	4288	0	8724	0	24590	0	764	0	0	0	3460	0	5630	0	5066	0	524	0	286	0	164	0	1146	0	0	0	592	0	2578	0	14922	0	6616	0	44738	0	5744	0	0	0	2660	0	590	0	0	0	104	0	836	0	226	0	0	0	0	0	0	0	0	0	0	0	0	0	0	0	
277996	Temporal_Inf_R	0	874	0	0	0	0	0	0	0	0	0	0	0	0	0	0	0	1396	0	810	0	0	0	0	0	0	0	0	0	2586	0	0	310	972	0	360	0	7212	0	3332	0	2498	0	1040	0	332	0	762	0	1762	0	3326	0	4288	0	24730	0	886	0	320	0	2898	0	2522	0	7216	872	3202	0	718	0	0	0	210	0	0	0	474	0	1774	0	12530	0	5564	0	36178	0	5716	0	0	0	592	0	0	0	0	0	246	0	490	0	0	0	0	0	0	0	0	0	0	0	0	0	0	0	0	
640492	Cerebelum_Crus1_L	0	0	0	0	0	0	0	0	0	0	0	0	0	0	0	0	0	0	0	0	0	0	0	0	0	0	0	0	0	0	0	0	0	0	0	0	560	0	174	0	0	0	302	0	0	0	13346	9206	0	0	202	0	1442	120	21050	1710	0	0	0	0	0	0	0	0	0	0	0	0	0	0	0	0	0	0	0	0	0	0	0	0	0	0	0	0	0	0	0	0	2660	0	0	8794	38850	3130	864	364	32578	5956	70354	13592	10966	108	21050	2490	2858	1304	1232	144	988	1980	18606	17342	12758	1680	1166	320	
478688	Cerebelum_Crus1_R	0	0	0	0	0	0	0	0	0	0	0	0	0	0	0	0	0	0	0	0	0	0	0	0	0	0	0	0	0	0	0	0	0	0	0	0	0	434	0	656	0	0	334	0	0	0	2602	8940	0	0	0	0	552	104	482	8296	0	0	0	0	0	0	0	0	0	0	0	0	0	0	0	0	0	216	0	0	0	0	0	0	0	0	0	0	0	0	0	0	0	592	8794	0	2092	30516	0	2788	5022	25930	8192	64362	180	1412	986	17120	524	1340	270	1696	180	1904	12812	16302	11616	1038	660	400	
416956	Cerebelum_Crus2_L	0	0	0	0	0	0	0	0	0	0	0	0	0	0	0	0	0	0	0	0	0	0	0	0	0	0	0	0	0	0	0	0	0	0	0	0	0	0	0	0	0	0	0	0	0	0	2058	2032	0	0	0	0	568	0	2622	160	0	0	0	0	0	0	0	0	0	0	0	0	0	0	0	0	0	0	0	0	0	0	0	0	0	0	0	0	0	0	0	0	590	0	38850	2092	0	13160	202	244	5230	492	14674	2912	41086	3752	33826	4080	1304	1190	448	0	290	618	2962	5578	16928	9010	1272	248	
363264	Cerebelum_Crus2_R	0	0	0	0	0	0	0	0	0	0	0	0	0	0	0	0	0	0	0	0	0	0	0	0	0	0	0	0	0	0	0	0	0	0	0	0	0	152	0	228	0	0	0	0	0	0	210	678	0	0	0	0	108	0	0	298	0	0	0	0	0	0	0	0	0	0	0	0	0	0	0	0	0	118	0	0	0	0	0	0	0	0	0	0	0	0	0	0	0	0	3130	30516	13160	0	0	1194	1584	2746	1376	9404	4126	21292	3268	38214	404	8582	0	2114	442	1972	2414	1938	17796	8570	4224	1374	
47348	Cerebelum_3_L	0	0	0	0	0	0	0	0	0	0	0	0	0	0	0	0	0	0	0	0	0	0	0	0	0	0	0	0	0	0	0	0	0	0	0	0	0	0	168	144	0	0	0	0	0	0	340	0	0	0	0	0	0	0	0	0	0	0	0	0	0	0	0	0	0	0	0	0	0	0	0	0	0	0	0	0	0	0	0	0	0	0	0	0	0	0	0	0	0	0	864	0	202	0	0	166	7460	0	636	0	0	0	1692	0	1754	626	126	0	2740	3924	1300	0	166	550	526	290	
72324	Cerebelum_3_R	0	0	0	0	0	0	0	0	0	0	0	0	0	0	0	0	0	0	0	0	0	0	0	0	0	0	0	0	0	0	0	0	0	0	0	0	0	118	106	294	0	0	0	0	0	0	0	86	0	0	0	0	0	0	0	200	0	0	0	0	0	0	0	0	0	0	0	0	0	0	0	0	0	0	0	0	0	0	0	0	0	0	0	0	0	0	0	0	0	0	364	2788	244	1194	166	0	986	7582	346	6702	280	0	656	1122	198	2080	0	0	794	5420	2580	186	94	548	1028	0	
472260	Cerebelum_4_5_L	0	0	0	0	0	0	0	0	0	0	0	0	0	0	0	0	0	0	0	0	0	0	0	0	0	0	0	0	0	0	0	0	0	0	0	0	418	0	934	106	0	0	420	0	0	0	12256	4360	0	0	0	0	0	0	9328	1926	0	0	0	0	0	0	0	0	0	0	156	0	0	0	0	0	0	0	0	0	0	0	0	0	0	0	0	0	0	0	0	0	104	0	32578	5022	5230	1584	7460	986	0	11408	39134	13734	2416	0	12862	4110	5876	3614	1234	306	3964	7050	30944	7130	3080	2462	2702	1236	
350384	Cerebelum_4_5_R	0	0	0	0	0	0	0	140	0	0	0	134	0	0	0	0	0	0	0	0	0	0	0	0	0	0	0	0	0	210	0	0	0	0	0	0	0	3988	0	5096	0	138	578	0	0	0	2630	9248	0	0	0	0	0	0	548	7968	0	0	0	0	0	0	0	0	0	0	0	1316	0	0	0	0	0	1406	0	0	0	662	0	0	0	0	0	0	0	0	0	0	0	246	5956	25930	492	2746	0	7582	11408	0	6774	40498	380	142	1706	1678	914	786	548	1158	88	4354	23616	2258	876	388	444	162	
589980	Cerebelum_6_L	0	0	0	0	0	0	0	0	0	0	0	0	0	0	0	0	0	0	0	0	0	0	0	0	0	0	0	0	0	0	0	0	0	0	0	0	664	0	530	0	0	0	582	0	0	0	19698	10224	100	0	904	0	3660	118	26932	1728	0	0	0	0	0	0	0	0	0	0	0	0	0	0	0	0	0	0	0	0	0	0	0	0	0	0	0	0	0	0	0	0	836	0	70354	8192	14674	1376	636	346	39134	6774	0	14170	3822	0	11268	2430	2530	958	1156	166	296	1300	20876	18974	7404	1076	792	310	
573508	Cerebelum_6_R	0	0	0	0	0	0	0	0	0	0	0	88	0	0	0	0	0	146	0	0	0	0	0	0	0	0	0	0	0	548	0	0	0	0	164	198	166	2582	160	2874	0	0	692	358	0	0	4160	12418	0	96	0	118	644	604	702	13534	0	0	0	0	0	0	0	0	0	0	0	160	0	0	0	0	0	998	0	0	0	130	0	230	0	454	0	0	0	144	0	0	0	490	13592	64362	2912	9404	0	6702	13734	40498	14170	0	760	296	2888	5862	890	1014	556	1436	278	3504	25818	21370	11534	1212	656	448	
258884	Cerebelum_7b_L	0	0	0	0	0	0	0	0	0	0	0	0	0	0	0	0	0	0	0	0	0	0	0	0	0	0	0	0	0	0	0	0	0	0	0	0	0	0	0	0	0	0	0	0	0	0	354	0	0	0	0	0	0	0	548	0	0	0	0	0	0	0	0	0	0	0	0	0	0	0	0	0	0	0	0	0	0	0	0	0	0	0	0	0	0	0	0	0	226	0	10966	180	41086	4126	0	280	2416	380	3822	760	0	2338	35492	3992	2658	1120	644	0	120	394	1392	328	5160	9288	1254	118	
154232	Cerebelum_7b_R	0	0	0	0	0	0	0	0	0	0	0	0	0	0	0	0	0	0	0	0	0	0	0	0	0	0	0	0	0	0	0	0	0	0	0	0	0	0	0	0	0	0	0	0	0	0	0	0	0	0	0	0	0	0	0	0	0	0	0	0	0	0	0	0	0	0	0	0	0	0	0	0	0	0	0	0	0	0	0	0	0	0	0	0	0	0	0	0	0	0	108	1412	3752	21292	0	0	0	142	0	296	2338	0	1832	25866	450	10192	0	762	0	0	0	0	3254	4708	712	0	
427756	Cerebelum_8_L	0	0	0	0	0	0	0	0	0	0	0	0	0	0	0	0	0	0	0	0	0	0	0	0	0	0	0	0	0	0	0	0	0	0	0	0	0	0	92	0	0	0	0	0	0	0	940	288	0	0	0	0	0	0	872	146	0	0	0	0	0	0	0	0	0	0	0	0	0	0	0	0	0	0	0	0	0	0	0	0	0	0	0	0	0	0	0	0	0	0	21050	986	33826	3268	1692	656	12862	1706	11268	2888	35492	1832	0	6964	23844	3972	5930	100	1562	2930	7356	1186	6760	14838	6582	1990	
361976	Cerebelum_8_R	0	0	0	0	0	0	0	0	0	0	0	0	0	0	0	0	0	0	0	0	0	0	0	0	0	0	0	0	0	0	0	0	0	0	0	0	0	0	0	0	0	0	0	0	0	0	166	426	0	0	0	0	0	0	0	126	0	0	0	0	0	0	0	0	0	0	0	0	0	0	0	0	0	0	0	0	0	0	0	0	0	0	0	0	0	0	0	0	0	0	2490	17120	4080	38214	0	1122	4110	1678	2430	5862	3992	25866	6964	0	1912	24924	0	2228	602	2634	5690	3358	5286	11432	6944	1332	
147248	Cerebelum_9_L	0	0	0	0	0	0	0	0	0	0	0	0	0	0	0	0	0	0	0	0	0	0	0	0	0	0	0	0	0	0	0	0	0	0	0	0	0	0	0	0	0	0	0	0	0	0	94	250	0	0	0	0	0	0	0	0	0	0	0	0	0	0	0	0	0	0	0	0	0	0	0	0	0	0	0	0	0	0	0	0	0	0	0	0	0	0	0	0	0	0	2858	524	1304	404	1754	198	5876	914	2530	890	2658	450	23844	1912	0	3470	6074	0	520	968	2212	1106	1440	4806	4350	2218	
193268	Cerebelum_9_R	0	0	0	0	0	0	0	0	0	0	0	0	0	0	0	0	0	0	0	0	0	0	0	0	0	0	0	0	0	0	0	0	0	0	0	0	0	0	0	0	0	0	0	0	0	0	0	0	0	0	0	0	0	0	0	0	0	0	0	0	0	0	0	0	0	0	0	0	0	0	0	0	0	0	0	0	0	0	0	0	0	0	0	0	0	0	0	0	0	0	1304	1340	1190	8582	626	2080	3614	786	958	1014	1120	10192	3972	24924	3470	0	0	1086	1736	4522	4340	816	1898	6550	8542	1972	
38420	Cerebelum_10_L	0	0	0	0	0	0	0	0	0	0	0	0	0	0	0	0	0	0	0	0	0	0	0	0	0	0	0	0	0	0	0	0	0	0	0	0	0	0	0	0	0	0	0	0	0	0	0	0	0	0	0	0	0	0	0	0	0	0	0	0	0	0	0	0	0	0	0	0	0	0	0	0	0	0	0	0	0	0	0	0	0	0	0	0	0	0	0	0	0	0	1232	270	448	0	126	0	1234	548	1156	556	644	0	5930	0	6074	0	0	0	0	136	856	0	0	0	0	0	
23560	Cerebelum_10_R	0	0	0	0	0	0	0	0	0	0	0	0	0	0	0	0	0	0	0	0	0	0	0	0	0	0	0	0	0	0	0	0	0	0	0	0	0	0	0	0	0	0	0	0	0	0	0	0	0	0	0	0	0	0	0	0	0	0	0	0	0	0	0	0	0	0	0	0	0	0	0	0	0	0	0	0	0	0	0	0	0	0	0	0	0	0	0	0	0	0	144	1696	0	2114	0	0	306	1158	166	1436	0	762	100	2228	0	1086	0	0	0	0	398	186	0	0	0	0	
54804	Vermis_1_2	0	0	0	0	0	0	0	0	0	0	0	0	0	0	0	0	0	0	0	0	0	0	0	0	0	0	0	0	0	0	0	0	0	0	0	0	0	0	0	0	0	0	0	0	0	0	0	0	0	0	0	0	0	0	0	0	0	0	0	0	0	0	0	0	0	0	0	0	0	0	0	0	0	0	0	0	0	0	0	0	0	0	0	0	0	0	0	0	0	0	988	180	290	442	2740	794	3964	88	296	278	120	0	1562	602	520	1736	0	0	0	6900	3318	140	338	860	988	258	
132420	Vermis_3	0	0	0	0	0	0	0	0	0	0	0	0	0	0	0	0	0	0	0	0	0	0	0	0	0	0	0	0	0	0	0	0	0	0	0	0	0	0	172	92	0	0	0	0	0	0	104	174	0	0	0	0	0	0	0	108	0	0	0	0	0	0	0	0	0	0	0	0	0	0	0	0	0	0	0	0	0	0	0	0	0	0	0	0	0	0	0	0	0	0	1980	1904	618	1972	3924	5420	7050	4354	1300	3504	394	0	2930	2634	968	4522	136	0	6900	0	8784	660	730	1680	2834	362	
