data	data	464228	278572	753388	512592	192736	76492	415324	159184	125428	38792	206920	132516	264092	84376	264520	128248	191804	226376	525456	410416	160848	155672	324708	297596	83284	115592	123212	119052	555884	529480	453924	478912	182112	420824	132072	143568	320912	445996	139044	372748	51292	83092	263704	363616	203440	308664	330100	342844	158024	293236	477336	223552	191616	133240	515900	581184	229616	235060	152776	123272	213500	90556	124664	72852	181300	129740	311504	373292	246892	218516	320856	565792	397696	457556	35192	12628	154076	157072	63300	40084	201936	156912	138968	114292	304052	253480	34232	40444	313104	210500	590580	627784	306328	399168	30796	94596	333456	400884	670004	603892	240212	194684	388016	380740	180276	183772	35628	26260	36536	112268	306168	457536	282272	135028	131840	69368	
data	data	Precentral_L	Precentral_R	Frontal_Sup_L	Frontal_Sup_R	Frontal_Sup_Orb_L	Frontal_Sup_Orb_R	Frontal_Mid_L	Frontal_Mid_R	Frontal_Mid_Orb_L	Frontal_Mid_Orb_R	Frontal_Inf_Oper_L	Frontal_Inf_Oper_R	Frontal_Inf_Tri_L	Frontal_Inf_Tri_R	Frontal_Inf_Orb_L	Frontal_Inf_Orb_R	Rolandic_Oper_L	Rolandic_Oper_R	Supp_Motor_Area_L	Supp_Motor_Area_R	Olfactory_L	Olfactory_R	Frontal_Sup_Medial_L	Frontal_Sup_Medial_R	Frontal_Med_Orb_L	Frontal_Med_Orb_R	Rectus_L	Rectus_R	Insula_L	Insula_R	Cingulum_Ant_L	Cingulum_Ant_R	Cingulum_Mid_L	Cingulum_Mid_R	Cingulum_Post_L	Cingulum_Post_R	Hippocampus_L	Hippocampus_R	ParaHippocampal_L	ParaHippocampal_R	Amygdala_L	Amygdala_R	Calcarine_L	Calcarine_R	Cuneus_L	Cuneus_R	Lingual_L	Lingual_R	Occipital_Sup_L	Occipital_Sup_R	Occipital_Mid_L	Occipital_Mid_R	Occipital_Inf_L	Occipital_Inf_R	Fusiform_L	Fusiform_R	Postcentral_L	Postcentral_R	Parietal_Sup_L	Parietal_Sup_R	Parietal_Inf_L	Parietal_Inf_R	SupraMarginal_L	SupraMarginal_R	Angular_L	Angular_R	Precuneus_L	Precuneus_R	Paracentral_Lobule_L	Paracentral_Lobule_R	Caudate_L	Caudate_R	Putamen_L	Putamen_R	Pallidum_L	Pallidum_R	Thalamus_L	Thalamus_R	Heschl_L	Heschl_R	Temporal_Sup_L	Temporal_Sup_R	Temporal_Pole_Sup_L	Temporal_Pole_Sup_R	Temporal_Mid_L	Temporal_Mid_R	Temporal_Pole_Mid_L	Temporal_Pole_Mid_R	Temporal_Inf_L	Temporal_Inf_R	Cerebelum_Crus1_L	Cerebelum_Crus1_R	Cerebelum_Crus2_L	Cerebelum_Crus2_R	Cerebelum_3_L	Cerebelum_3_R	Cerebelum_4_5_L	Cerebelum_4_5_R	Cerebelum_6_L	Cerebelum_6_R	Cerebelum_7b_L	Cerebelum_7b_R	Cerebelum_8_L	Cerebelum_8_R	Cerebelum_9_L	Cerebelum_9_R	Cerebelum_10_L	Cerebelum_10_R	Vermis_1_2	Vermis_3	Vermis_4_5	Vermis_6	Vermis_7	Vermis_8	Vermis_9	Vermis_10	
464228	Precentral_L	0	3246	15158	1444	0	0	14796	110	0	0	7514	112	1544	0	110	0	8222	1386	5282	8072	0	0	0	0	0	0	0	0	10828	1566	182	154	2024	6342	3204	2552	11116	2414	1202	574	112	0	0	0	150	0	354	96	0	0	604	0	170	0	1722	408	30946	1278	208	0	6384	0	2518	78	404	0	1440	816	14896	4288	7610	4340	11436	508	3342	0	17564	1926	4606	294	2350	406	260	0	422	0	0	0	934	0	0	0	0	0	0	0	0	0	90	0	0	0	0	0	0	0	0	0	0	0	0	0	0	0	0	0	
278572	Precentral_R	3246	0	3968	4984	0	0	344	4222	0	0	0	7092	0	378	0	0	88	2136	2126	5722	0	0	0	0	0	0	0	0	316	3246	116	72	0	2044	688	2542	154	8046	0	1636	0	128	0	1148	0	226	0	1256	0	204	0	230	0	138	0	1144	206	17944	0	278	0	1120	0	964	0	1014	0	1610	1420	10544	312	8422	568	4542	138	176	2686	23708	0	798	90	1104	0	0	0	1982	0	0	0	1704	0	0	0	0	0	0	0	316	0	0	0	0	0	0	0	0	0	0	0	0	0	0	0	0	0	0	
753388	Frontal_Sup_L	15158	3968	0	3954	10176	0	58958	328	7122	0	8118	2346	15466	0	13092	458	4058	7670	49496	5820	592	602	35812	3448	3660	2018	2388	272	19592	8870	21504	4928	4792	2138	0	0	3688	256	396	120	0	0	0	0	0	0	0	0	0	0	0	0	0	0	1718	116	1168	1684	0	0	128	0	92	174	0	0	0	0	4378	432	4306	10490	16880	2888	1404	0	2358	212	114	508	2484	890	676	468	76	128	0	0	236	134	278	0	0	0	0	0	350	0	660	0	0	0	0	0	0	0	0	0	0	0	0	0	0	0	0	0	
512592	Frontal_Sup_R	1444	4984	3954	0	198	3632	486	23190	0	574	0	2994	110	4438	112	2148	0	4024	6792	25820	178	330	10778	36504	978	5338	202	4650	110	12604	10072	31882	1146	14446	0	0	0	5450	0	1986	0	266	0	0	0	0	0	0	0	0	0	0	0	0	0	1260	0	768	0	0	0	0	0	170	0	0	0	0	460	148	412	12878	102	14650	0	252	0	610	0	262	0	284	0	242	0	110	0	0	0	0	0	376	0	0	0	0	0	994	0	498	0	0	0	0	0	0	0	0	0	0	0	0	0	0	0	0	
192736	Frontal_Sup_Orb_L	0	0	10176	198	0	694	1332	92	12116	278	0	0	364	0	10002	864	0	0	88	0	6194	3580	2162	274	6282	1372	11876	1246	3306	464	5870	1086	0	0	0	0	0	0	364	0	0	0	0	0	0	0	0	0	0	0	0	0	0	0	0	0	0	0	0	0	0	0	0	0	0	0	0	0	0	0	5110	2960	5194	944	0	0	0	0	0	0	0	0	1880	0	0	0	0	0	0	0	0	0	0	0	0	0	0	0	0	0	0	0	0	0	0	0	0	0	0	0	0	0	0	0	0	0	
76492	Frontal_Sup_Orb_R	0	0	0	3632	694	0	0	644	216	3844	0	0	0	0	186	2924	0	96	0	0	648	1332	446	2058	682	5164	1108	7232	0	1378	492	1254	0	0	0	0	0	0	0	0	0	112	0	0	0	0	0	0	0	0	0	0	0	0	0	0	0	0	0	0	0	0	0	0	0	0	0	0	0	0	620	1864	288	1140	0	0	0	0	0	0	0	0	0	192	0	0	0	0	0	0	0	0	0	0	0	0	0	0	0	0	0	0	0	0	0	0	0	0	0	0	0	0	0	0	0	0	
415324	Frontal_Mid_L	14796	344	58958	486	1332	0	0	108	4386	0	6330	146	25378	0	11292	0	356	940	9410	176	0	0	13174	400	0	0	0	0	12572	5606	9636	1712	2182	582	0	0	1110	0	166	0	0	0	0	0	0	0	0	0	0	0	0	0	0	0	306	0	524	0	0	0	308	0	196	0	0	0	0	0	620	80	5150	8422	6938	918	364	0	824	232	176	260	264	392	0	0	0	0	0	0	110	0	0	0	0	0	0	0	0	0	0	0	0	0	0	0	0	0	0	0	0	0	0	0	0	0	0	0	
159184	Frontal_Mid_R	110	4222	328	23190	92	644	108	0	0	1590	0	6432	0	8872	0	4882	0	606	654	702	176	208	1566	4030	0	418	104	1162	0	5416	862	2458	0	2820	0	0	0	596	0	186	0	0	0	0	0	0	0	0	0	0	0	0	0	0	0	136	0	250	0	0	0	172	0	270	0	118	0	0	0	0	276	1034	0	3030	0	92	100	522	0	236	0	192	0	0	0	336	0	0	0	298	0	0	0	0	0	0	0	96	0	0	0	0	0	0	0	0	0	0	0	0	0	0	0	0	0	0	
125428	Frontal_Mid_Orb_L	0	0	7122	0	12116	216	4386	0	0	162	0	0	1650	0	13652	412	0	0	438	0	2198	1764	108	96	626	128	3870	378	2062	174	1376	524	0	0	0	0	0	0	0	0	0	0	0	0	0	0	0	0	0	0	0	0	0	0	0	0	0	0	0	0	0	0	0	0	0	0	0	0	82	0	2966	1578	3770	434	0	0	74	0	0	0	0	0	352	0	0	0	0	0	0	0	0	0	0	0	0	0	0	0	0	0	0	0	0	0	0	0	0	0	0	0	0	0	0	0	0	0	
38792	Frontal_Mid_Orb_R	0	0	0	574	278	3844	0	1590	162	0	0	0	0	102	0	5182	0	0	0	0	322	446	0	74	124	524	390	1680	0	602	78	0	0	0	0	0	0	0	0	0	0	0	0	0	0	0	0	0	0	0	0	0	0	0	0	0	0	0	0	0	0	0	0	0	0	0	0	0	0	0	322	1088	0	2014	0	0	0	0	0	0	0	0	0	0	0	0	0	0	0	0	0	0	0	0	0	0	0	0	0	0	0	0	0	0	0	0	0	0	0	0	0	0	0	0	0	0	
206920	Frontal_Inf_Oper_L	7514	0	8118	0	0	0	6330	0	0	0	0	0	13706	0	504	0	8764	78	7728	0	0	0	154	0	0	0	0	0	16974	6416	250	0	0	0	0	0	1028	0	0	0	0	0	0	0	0	0	0	0	0	0	0	0	0	0	328	0	3602	0	0	0	146	0	164	0	0	0	0	0	954	0	3722	6054	2280	374	84	0	0	0	116	0	4896	0	2898	0	156	0	0	0	122	0	0	0	0	0	0	0	0	0	0	0	0	0	0	0	0	0	0	0	0	0	0	0	0	0	0	0	
132516	Frontal_Inf_Oper_R	112	7092	2346	2994	0	0	146	6432	0	0	0	0	0	6134	0	864	0	6704	2274	710	0	0	186	566	0	0	0	0	0	12976	1388	1978	88	548	0	0	0	678	0	120	0	0	0	0	0	0	0	0	0	0	0	0	0	0	0	92	0	580	0	0	0	186	0	236	0	122	0	0	0	0	90	1594	0	3520	0	384	414	1234	0	342	0	574	0	1756	0	432	0	0	0	366	0	0	0	0	0	0	0	0	0	0	0	0	0	0	0	0	0	0	0	0	0	0	0	0	0	0	
264092	Frontal_Inf_Tri_L	1544	0	15466	110	364	0	25378	0	1650	0	13706	0	0	0	20536	0	532	0	1928	0	0	0	3658	154	0	0	0	0	25930	3784	2866	368	1190	162	0	0	536	0	0	0	0	0	0	0	0	0	0	0	0	0	0	0	0	0	228	0	498	0	0	0	0	0	0	0	0	0	0	0	152	0	2440	3696	3716	410	0	0	0	0	0	0	338	0	614	0	0	0	0	0	92	0	0	0	0	0	0	0	0	0	0	0	0	0	0	0	0	0	0	0	0	0	0	0	0	0	0	0	
84376	Frontal_Inf_Tri_R	0	378	0	4438	0	0	0	8872	0	102	0	6134	0	0	0	4218	0	308	350	462	0	0	322	1566	0	0	0	0	0	9470	246	2428	0	1206	0	0	0	0	0	0	0	0	0	0	0	0	0	0	0	0	0	0	0	0	0	0	0	0	0	0	0	0	0	0	0	0	0	0	0	0	0	826	0	862	0	0	0	0	0	0	0	0	0	0	0	0	0	0	0	0	0	0	0	0	0	0	0	0	0	0	0	0	0	0	0	0	0	0	0	0	0	0	0	0	0	0	
264520	Frontal_Inf_Orb_L	110	0	13092	112	10002	186	11292	0	13652	0	504	0	20536	0	0	260	0	0	1524	0	3858	1252	2788	170	178	88	2270	316	26650	294	1968	418	838	140	0	0	68	0	474	0	84	0	0	0	0	0	0	0	0	0	0	0	0	0	0	0	0	0	0	0	0	0	0	0	0	0	0	0	228	0	3310	1738	8316	558	0	0	116	0	0	0	0	0	4870	0	0	0	0	0	0	0	0	0	0	0	0	0	0	0	0	0	0	0	0	0	0	0	0	0	0	0	0	0	0	0	0	0	
128248	Frontal_Inf_Orb_R	0	0	458	2148	864	2924	0	4882	412	5182	0	864	0	4218	260	0	0	1390	332	136	1564	2542	0	284	0	128	786	2982	0	12386	530	452	0	0	0	0	0	0	0	0	0	184	0	0	0	0	0	0	0	0	0	0	0	0	0	0	0	0	0	0	0	0	0	0	0	0	0	0	0	0	1558	4100	706	6302	0	0	0	0	0	0	0	1124	0	3754	0	284	0	388	0	0	0	0	0	0	0	0	0	0	0	0	0	0	0	0	0	0	0	0	0	0	0	0	0	0	0	0	
191804	Rolandic_Oper_L	8222	88	4058	0	0	0	356	0	0	0	8764	0	532	0	0	0	0	0	4946	92	0	0	0	0	0	0	0	0	18368	972	0	0	92	0	0	0	1182	0	106	0	0	0	0	0	0	0	0	0	0	0	1696	0	228	0	686	0	9736	0	304	0	2524	0	2184	0	1128	0	262	0	726	88	1358	1086	1846	0	510	0	0	0	5494	0	11088	0	2408	0	2484	0	0	0	2288	0	0	0	0	0	0	0	0	0	0	0	0	0	0	0	0	0	0	0	0	0	0	0	0	0	0	0	
226376	Rolandic_Oper_R	1386	2136	7670	4024	0	96	940	606	0	0	78	6704	0	308	0	1390	0	0	7700	4420	0	0	116	562	0	130	0	322	486	24294	1568	1612	230	320	0	0	0	2856	0	1716	0	0	0	0	0	0	0	0	0	0	0	0	0	0	0	1512	0	3112	0	0	0	190	0	1772	0	244	0	0	266	0	1458	5750	672	11066	0	468	268	610	0	4166	0	4406	0	2972	0	376	0	0	0	428	0	398	0	0	0	0	0	830	0	554	0	0	0	0	0	0	0	0	0	0	0	0	0	0	0	0	
525456	Supp_Motor_Area_L	5282	2126	49496	6792	88	0	9410	654	438	0	7728	2274	1928	350	1524	332	4946	7700	0	32286	84	0	6142	1630	0	0	0	0	15988	7906	8554	5866	8266	21142	142	68	956	634	136	214	214	0	0	0	0	0	0	70	0	0	0	0	0	0	566	142	262	1514	0	0	0	0	0	118	0	0	90	128	11262	6268	1920	8454	10138	3146	0	0	0	132	0	548	3174	786	1508	440	160	114	0	0	130	114	0	0	0	0	0	0	114	0	134	0	0	0	0	0	0	0	0	0	0	0	0	0	0	0	0	0	
410416	Supp_Motor_Area_R	8072	5722	5820	25820	0	0	176	702	0	0	0	710	0	462	0	136	92	4420	32286	0	0	0	658	2964	0	114	0	68	76	3830	5930	11940	7076	37702	206	344	0	3150	0	784	0	0	0	70	0	0	0	0	0	0	0	0	0	0	0	536	444	1578	0	0	0	0	0	262	0	0	106	866	8622	18116	752	7300	190	5256	0	84	0	198	0	298	0	390	0	164	0	0	0	0	0	0	0	150	0	0	0	0	0	348	0	218	0	0	0	0	0	0	0	0	0	0	0	0	0	0	0	0	
160848	Olfactory_L	0	0	592	178	6194	648	0	176	2198	322	0	0	0	0	3858	1564	0	0	84	0	0	10576	80	258	566	558	5546	1840	4318	956	3924	2216	0	0	0	0	194	0	970	0	724	0	0	0	0	0	0	0	0	0	0	0	0	0	152	0	0	0	0	0	0	0	0	0	0	0	0	0	0	0	12368	8058	6086	2876	0	0	0	0	0	0	82	0	2096	84	0	0	0	0	82	0	0	0	0	0	0	0	0	0	0	0	0	0	0	0	0	0	0	0	0	0	0	0	0	0	0	0	
155672	Olfactory_R	0	0	602	330	3580	1332	0	208	1764	446	0	0	0	0	1252	2542	0	0	0	0	10576	0	0	462	134	1294	4002	3570	202	2744	4418	4556	0	0	0	0	0	226	0	458	0	872	0	0	0	0	0	0	0	0	0	0	0	0	0	0	0	0	0	0	0	0	0	0	0	0	0	0	0	0	10994	10712	5682	4202	0	188	0	108	0	0	0	0	0	294	0	0	0	0	0	0	0	0	0	0	0	0	0	86	0	0	0	0	0	0	0	0	0	0	0	0	0	0	0	0	0	0	
324708	Frontal_Sup_Medial_L	0	0	35812	10778	2162	446	13174	1566	108	0	154	186	3658	322	2788	0	0	116	6142	658	80	0	0	17362	4392	2716	1036	184	3406	504	24186	11958	6052	7216	0	0	0	116	0	0	0	0	0	0	0	0	0	0	0	0	0	0	0	0	0	0	0	0	0	0	0	0	0	0	0	0	0	0	474	0	392	1092	2420	698	0	0	0	0	0	0	0	0	0	0	0	0	0	0	0	0	0	0	0	0	0	0	0	0	0	0	0	0	0	0	0	0	0	0	0	0	0	0	0	0	0	0	
297596	Frontal_Sup_Medial_R	0	0	3448	36504	274	2058	400	4030	96	74	0	566	154	1566	170	284	0	562	1630	2964	258	462	17362	0	1882	4990	288	2602	156	4136	9720	26176	270	12712	0	0	0	718	0	426	0	0	0	0	0	0	0	0	0	0	0	0	0	0	0	270	0	0	0	0	0	0	0	0	0	0	0	0	0	0	300	6426	170	4212	0	0	0	0	0	0	0	0	0	0	0	0	0	0	0	0	0	124	0	0	0	0	0	222	0	136	0	0	0	0	0	0	0	0	0	0	0	0	0	0	0	0	
83284	Frontal_Med_Orb_L	0	0	3660	978	6282	682	0	0	626	124	0	0	0	0	178	0	0	0	0	0	566	134	4392	1882	0	4930	4348	720	0	0	8136	2328	0	0	0	0	0	0	0	0	0	0	0	0	0	0	0	0	0	0	0	0	0	0	0	0	0	0	0	0	0	0	0	0	0	0	0	0	0	0	974	146	462	94	0	0	0	0	0	0	0	0	0	0	0	0	0	0	0	0	0	0	0	0	0	0	0	0	0	0	0	0	0	0	0	0	0	0	0	0	0	0	0	0	0	0	
115592	Frontal_Med_Orb_R	0	0	2018	5338	1372	5164	0	418	128	524	0	0	0	0	88	128	0	130	0	114	558	1294	2716	4990	4930	0	1658	8508	0	548	5608	7858	0	0	0	0	0	74	0	0	0	0	0	0	0	0	0	0	0	0	0	0	0	0	0	0	0	0	0	0	0	0	0	0	0	0	0	0	0	0	296	1932	170	1234	0	0	0	0	0	0	0	0	0	0	0	0	0	0	0	0	0	0	0	0	0	0	0	0	0	0	0	0	0	0	0	0	0	0	0	0	0	0	0	0	0	0	
123212	Rectus_L	0	0	2388	202	11876	1108	0	104	3870	390	0	0	0	0	2270	786	0	0	0	0	5546	4002	1036	288	4348	1658	0	1648	960	402	5912	1592	0	0	0	0	0	0	0	0	0	0	0	0	0	0	0	0	0	0	0	0	0	0	0	0	0	0	0	0	0	0	0	0	0	0	0	0	0	0	5504	2772	1564	862	0	0	0	0	0	0	0	0	518	0	0	0	0	0	0	0	0	0	0	0	0	0	0	0	0	0	0	0	0	0	0	0	0	0	0	0	0	0	0	0	0	0	
119052	Rectus_R	0	0	272	4650	1246	7232	0	1162	378	1680	0	0	0	0	316	2982	0	322	0	68	1840	3570	184	2602	720	8508	1648	0	0	2642	2000	5276	0	0	0	0	0	170	0	136	0	236	0	0	0	0	0	0	0	0	0	0	0	0	0	108	0	0	0	0	0	0	0	0	0	0	0	0	0	0	1624	4140	736	2626	0	0	0	0	0	0	0	0	0	370	0	0	0	0	0	0	0	0	0	0	0	0	0	82	0	0	0	0	0	0	0	0	0	0	0	0	0	0	0	0	0	0	
555884	Insula_L	10828	316	19592	110	3306	0	12572	0	2062	0	16974	0	25930	0	26650	0	18368	486	15988	76	4318	202	3406	156	0	0	960	0	0	1938	2938	380	1204	168	130	140	12622	126	2720	0	4918	0	0	0	0	0	0	0	0	0	76	0	68	0	5808	0	5790	188	0	0	666	0	160	0	120	0	0	0	3680	86	5038	3380	22076	588	0	0	894	74	7274	156	11688	70	12316	0	2822	0	0	0	3534	0	240	0	0	0	0	0	602	0	758	0	0	0	0	0	206	0	0	0	0	0	0	0	0	0	0	0	
529480	Insula_R	1566	3246	8870	12604	464	1378	5606	5416	174	602	6416	12976	3784	9470	294	12386	972	24294	7906	3830	956	2744	504	4136	0	548	402	2642	1938	0	3954	9502	224	1848	0	78	144	5560	0	3104	0	1674	0	0	0	0	0	0	0	0	0	0	0	134	0	4770	164	1034	0	0	0	0	0	92	0	0	0	0	244	0	5734	29384	1118	31886	0	370	176	1174	0	3072	706	9062	0	4276	0	2376	0	70	0	4084	0	498	0	0	0	0	0	1338	0	674	0	0	0	0	0	0	0	0	0	0	0	92	0	0	0	0	
453924	Cingulum_Ant_L	182	116	21504	10072	5870	492	9636	862	1376	78	250	1388	2866	246	1968	530	0	1568	8554	5930	3924	4418	24186	9720	8136	5608	5912	2000	2938	3954	0	32052	9004	9466	0	0	0	408	0	226	0	0	0	0	0	0	0	0	0	0	0	0	0	0	0	160	0	0	0	0	0	0	0	0	0	0	0	0	376	0	6954	10850	6828	5402	0	112	0	156	0	0	0	86	0	398	0	0	0	0	0	0	0	0	0	0	0	0	0	126	0	74	0	0	0	0	0	0	0	0	0	0	0	0	0	0	0	0	
478912	Cingulum_Ant_R	154	72	4928	31882	1086	1254	1712	2458	524	0	0	1978	368	2428	418	452	0	1612	5866	11940	2216	4556	11958	26176	2328	7858	1592	5276	380	9502	32052	0	2370	20504	0	0	0	1284	0	810	0	0	0	0	0	0	0	0	0	0	0	0	0	0	0	532	0	0	0	0	0	0	0	0	0	0	0	0	0	0	2660	22472	962	13816	0	0	0	0	0	0	0	0	0	98	0	0	0	0	0	0	0	208	0	0	0	0	0	450	0	264	0	0	0	0	0	0	0	0	0	0	0	0	0	0	0	0	
182112	Cingulum_Mid_L	2024	0	4792	1146	0	0	2182	0	0	0	0	88	1190	0	838	0	92	230	8266	7076	0	0	6052	270	0	0	0	0	1204	224	9004	2370	0	11442	5140	606	0	0	0	0	0	0	122	0	464	0	0	0	0	0	1228	0	0	0	0	0	394	90	1434	0	550	0	106	0	474	0	9236	2230	8346	502	0	994	244	406	0	0	0	0	0	0	0	0	0	0	0	0	0	0	0	0	0	0	0	0	0	0	0	0	0	0	0	0	0	0	0	0	0	0	0	0	0	0	0	0	0	0	
420824	Cingulum_Mid_R	6342	2044	2138	14446	0	0	582	2820	0	0	0	548	162	1206	140	0	0	320	21142	37702	0	0	7216	12712	0	0	0	0	168	1848	9466	20504	11442	0	1554	4302	0	1776	0	428	0	0	0	670	0	528	0	280	0	286	0	238	0	0	0	290	262	6316	0	102	0	0	0	0	0	350	1298	6894	8842	17842	262	1398	0	2168	0	0	0	0	0	0	0	166	0	0	0	774	0	0	0	218	0	0	0	0	0	0	0	130	0	90	0	0	0	0	0	0	0	0	0	0	0	0	0	0	0	0	
132072	Cingulum_Post_L	3204	688	0	0	0	0	0	0	0	0	0	0	0	0	0	0	0	0	142	206	0	0	0	0	0	0	0	0	130	0	0	0	5140	1554	0	8160	6882	3688	1232	1028	0	0	2984	0	1196	0	1642	168	240	0	1144	0	0	132	550	792	316	402	336	0	298	0	0	0	300	0	9706	3034	4318	306	0	0	106	0	0	0	3676	1314	0	0	102	0	0	0	360	0	0	0	560	0	0	0	0	0	0	0	0	0	0	0	0	0	0	0	0	0	0	0	0	0	0	0	0	0	0	0	
143568	Cingulum_Post_R	2552	2542	0	0	0	0	0	0	0	0	0	0	0	0	0	0	0	0	68	344	0	0	0	0	0	0	0	0	140	78	0	0	606	4302	8160	0	3522	8626	982	2218	0	0	0	1128	168	276	554	1988	0	78	166	110	0	616	732	2058	0	2812	0	0	94	0	0	0	98	188	1850	10092	610	2522	88	0	202	0	0	0	6726	2532	0	0	0	90	0	0	140	686	0	0	216	418	0	0	0	0	0	0	0	0	0	0	0	0	0	0	0	0	0	0	0	0	406	0	0	0	0	0	
320912	Hippocampus_L	11116	154	3688	0	0	0	1110	0	0	0	1028	0	536	0	68	0	1182	0	956	0	194	0	0	0	0	0	0	0	12622	144	0	0	0	0	6882	3522	0	2768	15690	914	7282	0	3038	0	162	0	5010	194	0	0	688	0	472	120	22384	768	1294	0	0	0	880	0	602	0	1088	0	4840	374	946	108	220	124	11368	0	1112	0	5846	448	2676	0	3172	0	2960	0	3408	0	146	0	10416	0	1046	0	0	0	0	0	1850	0	2508	0	0	0	0	0	332	0	0	0	0	0	0	0	0	0	0	0	
445996	Hippocampus_R	2414	8046	256	5450	0	0	0	596	0	0	0	678	0	0	0	0	0	2856	634	3150	0	226	116	718	0	74	0	170	126	5560	408	1284	0	1776	3688	8626	2768	0	840	38432	0	11078	0	1344	0	0	472	5168	0	90	0	108	0	3936	600	35562	0	1136	0	0	0	78	0	90	0	0	192	4828	88	1084	86	1198	196	16560	0	264	7258	7692	0	314	0	1990	0	1572	0	1350	0	194	74	5778	182	3910	170	414	0	388	94	10712	250	5320	0	0	0	416	80	156	0	112	0	68	510	598	160	0	186	0	
139044	ParaHippocampal_L	1202	0	396	0	364	0	166	0	0	0	0	0	0	0	474	0	106	0	136	0	970	0	0	0	0	0	0	0	2720	0	0	0	0	0	1232	982	15690	840	0	364	3654	0	518	0	0	0	6060	156	0	0	742	0	772	0	13428	358	114	0	0	0	0	0	0	0	0	0	1492	256	0	0	0	0	2644	0	104	0	1578	0	178	0	394	0	3884	0	118	0	1694	0	666	0	698	0	0	0	94	116	2018	0	1822	0	0	0	0	0	206	0	0	0	0	116	0	0	0	0	0	0	
372748	ParaHippocampal_R	574	1636	120	1986	0	0	0	186	0	0	0	120	0	0	0	0	0	1716	214	784	0	458	0	426	0	0	0	136	0	3104	226	810	0	428	1028	2218	914	38432	364	0	0	10602	0	2220	0	118	162	9046	0	106	0	296	0	4960	196	39284	0	0	0	0	0	0	0	0	0	0	0	4084	0	0	0	852	0	8266	0	260	1498	2830	0	156	0	806	0	5844	0	428	0	3712	0	2576	260	5064	236	376	0	708	150	14358	380	7384	0	0	70	384	134	252	0	144	0	108	736	934	234	0	280	0	
51292	Amygdala_L	112	0	0	0	0	0	0	0	0	0	0	0	0	0	84	0	0	0	214	0	724	0	0	0	0	0	0	0	4918	0	0	0	0	0	0	0	7282	0	3654	0	0	0	0	0	0	0	0	0	0	0	0	0	0	0	3230	0	0	0	0	0	0	0	0	0	0	0	0	0	70	0	0	0	1262	0	0	0	0	0	0	0	822	0	2464	0	190	0	0	0	620	0	0	0	0	0	0	0	0	0	0	0	0	0	0	0	0	0	0	0	0	0	0	0	0	0	0	0	
83092	Amygdala_R	0	128	0	266	0	112	0	0	0	0	0	0	0	0	0	184	0	0	0	0	0	872	0	0	0	0	0	236	0	1674	0	0	0	0	0	0	0	11078	0	10602	0	0	0	0	0	0	0	0	0	0	0	0	0	0	0	7030	0	0	0	0	0	0	0	0	0	0	0	0	0	0	0	122	0	2246	0	0	0	150	0	0	0	0	0	4412	0	0	0	484	0	808	0	0	0	0	0	0	0	1142	0	0	0	0	0	0	0	0	0	0	0	0	0	0	0	0	0	0	
263704	Calcarine_L	0	0	0	0	0	0	0	0	0	0	0	0	0	0	0	0	0	0	0	0	0	0	0	0	0	0	0	0	0	0	0	0	122	0	2984	0	3038	0	518	0	0	0	0	8174	21216	6882	12978	4474	14718	1704	20682	852	4442	260	970	368	172	0	770	208	266	0	0	0	434	78	17508	2122	380	0	0	0	0	0	0	0	0	0	0	0	0	0	0	0	1376	132	0	0	1332	76	406	0	0	0	0	0	728	132	372	78	0	0	0	0	76	0	0	0	0	0	824	0	0	0	0	0	
363616	Calcarine_R	0	1148	0	0	0	0	0	0	0	0	0	0	0	0	0	0	0	0	0	70	0	0	0	0	0	0	0	0	0	0	0	0	0	670	0	1128	0	1344	0	2220	0	0	8174	0	4568	29506	910	23042	0	24420	0	18036	0	9604	0	6698	0	3222	0	2542	0	0	0	0	0	716	3856	23832	132	2090	0	0	0	0	0	0	0	0	0	0	0	188	0	0	0	8470	0	0	0	3632	0	108	0	0	0	0	0	340	0	268	0	0	0	0	0	0	0	0	0	0	874	0	0	0	0	0	
203440	Cuneus_L	150	0	0	0	0	0	0	0	0	0	0	0	0	0	0	0	0	0	0	0	0	0	0	0	0	0	0	0	0	0	0	0	464	0	1196	168	162	0	0	0	0	0	21216	4568	0	8528	1462	554	20266	1338	14200	854	1032	146	442	96	594	0	3196	310	524	0	104	0	368	112	11866	2410	964	0	0	0	0	0	0	0	0	0	0	0	188	0	0	0	2064	128	0	0	2050	0	0	0	0	0	0	0	0	0	0	0	0	0	0	0	0	0	0	0	0	0	0	0	0	0	0	0	
308664	Cuneus_R	0	226	0	0	0	0	0	0	0	0	0	0	0	0	0	0	0	0	0	0	0	0	0	0	0	0	0	0	0	0	0	0	0	528	0	276	0	0	0	118	0	0	6882	29506	8528	0	322	7794	254	35472	0	11698	0	2094	0	1572	0	2480	0	10788	0	140	0	0	0	814	5084	24148	0	1282	0	0	0	0	0	0	0	0	0	0	0	0	0	0	0	3312	0	0	0	502	0	72	0	0	0	0	0	84	0	118	0	0	0	0	0	0	0	0	0	0	238	0	0	0	0	0	
330100	Lingual_L	354	0	0	0	0	0	0	0	0	0	0	0	0	0	0	0	0	0	0	0	0	0	0	0	0	0	0	0	0	0	0	0	0	0	1642	554	5010	472	6060	162	0	0	12978	910	1462	322	0	3804	2140	146	21118	0	15436	92	24988	400	0	0	0	0	0	0	0	0	0	0	4916	304	0	0	0	0	244	0	0	0	896	0	0	0	0	0	0	0	248	0	0	0	1342	0	9378	1162	418	0	548	322	15720	1092	15334	1728	0	0	86	94	1028	360	0	0	152	404	7090	3322	0	0	290	522	
342844	Lingual_R	96	1256	0	0	0	0	0	0	0	0	0	0	0	0	0	0	0	0	70	0	0	0	0	0	0	0	0	0	0	0	0	0	0	280	168	1988	194	5168	156	9046	0	0	4474	23042	554	7794	3804	0	0	8044	72	4556	180	8044	1630	21380	0	1260	0	210	0	0	0	0	0	0	568	11596	0	990	0	98	0	144	0	0	274	1456	0	0	0	0	0	0	0	1970	0	0	0	1086	946	3210	146	0	82	832	2482	10858	4512	7386	0	0	0	0	0	502	0	88	78	216	10592	6912	0	0	540	392	
158024	Occipital_Sup_L	0	0	0	0	0	0	0	0	0	0	0	0	0	0	0	0	0	0	0	0	0	0	0	0	0	0	0	0	0	0	0	0	0	0	240	0	0	0	0	0	0	0	14718	0	20266	254	2140	0	0	0	23076	0	514	0	120	0	170	0	6962	0	704	0	0	0	156	0	8612	518	94	0	0	0	0	0	0	0	0	0	0	0	0	0	0	0	208	0	0	0	260	0	0	0	0	0	0	0	0	0	0	0	0	0	0	0	0	0	0	0	0	0	0	0	0	0	0	0	
293236	Occipital_Sup_R	0	204	0	0	0	0	0	0	0	0	0	0	0	0	0	0	0	0	0	0	0	0	0	0	0	0	0	0	0	0	0	0	0	286	0	78	0	90	0	106	0	0	1704	24420	1338	35472	146	8044	0	0	0	22740	0	2214	0	2910	0	3094	0	11638	0	930	0	0	0	4330	2418	16874	0	1314	0	0	0	0	0	0	0	0	0	184	0	258	0	0	0	4872	0	0	0	398	0	72	0	0	0	0	0	112	0	132	0	0	0	0	0	0	0	0	0	0	240	0	0	0	0	0	
477336	Occipital_Mid_L	604	0	0	0	0	0	0	0	0	0	0	0	0	0	0	0	1696	0	0	0	0	0	0	0	0	0	0	0	76	0	0	0	1228	0	1144	166	688	0	742	0	0	0	20682	0	14200	0	21118	72	23076	0	0	0	27792	0	8608	0	5064	0	18634	0	13330	0	2212	0	16610	0	17970	2304	3430	0	0	0	0	0	0	0	0	0	0	0	1914	0	0	0	21660	0	0	0	12850	0	402	0	0	0	0	0	146	0	68	0	0	0	0	0	0	0	0	0	0	0	182	0	0	0	0	0	
223552	Occipital_Mid_R	0	230	0	0	0	0	0	0	0	0	0	0	0	0	0	0	0	0	0	0	0	0	0	0	0	0	0	0	0	0	0	0	0	238	0	110	0	108	0	296	0	0	852	18036	854	11698	0	4556	0	22740	0	0	0	4810	0	2588	0	1210	0	1798	0	1134	0	128	0	10538	1650	6986	0	472	0	0	0	0	0	0	0	0	0	106	0	1110	0	0	0	17830	0	0	0	1516	0	0	0	0	0	0	0	86	0	0	0	0	0	0	0	0	0	0	0	0	96	0	0	0	0	0	
191616	Occipital_Inf_L	170	0	0	0	0	0	0	0	0	0	0	0	0	0	0	0	228	0	0	0	0	0	0	0	0	0	0	0	68	0	0	0	0	0	0	0	472	0	772	0	0	0	4442	0	1032	0	15436	180	514	0	27792	0	0	0	14572	0	186	0	236	0	178	0	90	0	372	0	1180	132	278	0	0	0	114	0	0	0	0	0	138	0	258	0	0	0	4842	0	0	0	9718	0	4494	142	0	0	0	0	2432	76	4168	220	0	0	0	0	0	0	0	0	0	0	672	204	0	0	0	0	
133240	Occipital_Inf_R	0	138	0	0	0	0	0	0	0	0	0	0	0	0	0	0	0	0	0	0	0	0	0	0	0	0	0	0	0	134	0	0	0	0	132	616	120	3936	0	4960	0	0	260	9604	146	2094	92	8044	0	2214	0	4810	0	0	118	13846	0	138	0	0	0	0	0	0	0	0	204	2702	0	68	0	0	0	0	0	0	194	82	0	112	0	318	0	0	0	1728	0	0	0	3858	154	164	0	0	0	0	92	1546	570	1296	0	0	0	0	0	0	0	0	0	0	1102	1028	0	0	0	0	
515900	Fusiform_L	1722	0	1718	0	0	0	306	0	0	0	328	0	228	0	0	0	686	0	566	0	152	0	0	0	0	0	0	0	5808	0	0	0	0	0	550	732	22384	600	13428	196	3230	0	970	0	442	0	24988	1630	120	0	8608	0	14572	118	0	410	254	0	0	0	158	0	90	0	134	0	558	264	354	0	0	0	4360	0	0	0	1370	0	304	0	2712	0	4294	0	6064	0	2650	0	20570	0	31770	842	152	0	274	0	22296	456	40598	1244	204	0	428	76	1266	206	88	0	680	952	4924	2408	0	0	166	292	
581184	Fusiform_R	408	1144	116	1260	0	0	0	136	0	0	0	92	0	0	0	0	0	1512	142	536	0	0	0	270	0	0	0	108	0	4770	160	532	0	290	792	2058	768	35562	358	39284	0	7030	368	6698	96	1572	400	21380	0	2910	0	2588	0	13846	410	0	0	232	0	84	0	0	0	0	0	0	172	4264	0	232	0	580	0	7640	0	202	1114	1682	0	268	0	3446	0	8072	0	3788	0	3178	0	14896	822	18840	364	1390	0	1696	764	24170	2100	25026	0	0	136	1480	248	858	0	184	112	520	6758	5642	422	0	972	642	
229616	Postcentral_L	30946	206	1168	0	0	0	524	0	0	0	3602	0	498	0	0	0	9736	0	262	444	0	0	0	0	0	0	0	0	5790	164	0	0	394	262	316	0	1294	0	114	0	0	0	172	0	594	0	0	0	170	0	5064	0	186	0	254	0	0	0	5988	0	16250	0	7026	0	2506	0	2792	152	3932	506	1304	600	1594	0	666	0	1036	340	2876	0	2866	0	0	0	1144	0	0	0	1070	0	0	0	0	0	0	0	0	0	0	0	0	0	0	0	0	0	0	0	0	0	0	0	0	0	0	0	
235060	Postcentral_R	1278	17944	1684	768	0	0	0	250	0	0	0	580	0	0	0	0	0	3112	1514	1578	0	0	0	0	0	0	0	0	188	1034	0	0	90	6316	402	2812	0	1136	0	0	0	0	0	3222	0	2480	0	1260	0	3094	0	1210	0	138	0	232	0	0	0	7122	0	8090	0	8398	0	1968	364	10222	2934	17958	0	274	158	270	0	0	116	498	0	362	0	1600	0	0	0	2956	0	0	0	1844	0	0	0	0	0	0	0	0	0	0	0	0	0	0	0	0	0	0	0	0	74	0	0	0	0	0	
152776	Parietal_Sup_L	208	0	0	0	0	0	0	0	0	0	0	0	0	0	0	0	304	0	0	0	0	0	0	0	0	0	0	0	0	0	0	0	1434	0	336	0	0	0	0	0	0	0	770	0	3196	0	0	0	6962	0	18634	0	236	0	0	0	5988	0	0	0	11096	0	426	0	4464	0	15848	1826	2914	0	0	0	0	0	0	0	0	0	0	0	830	0	0	0	580	0	0	0	336	0	0	0	0	0	0	0	0	0	0	0	0	0	0	0	0	0	0	0	0	0	0	0	0	0	0	0	
123272	Parietal_Sup_R	0	278	0	0	0	0	0	0	0	0	0	0	0	0	0	0	0	0	0	0	0	0	0	0	0	0	0	0	0	0	0	0	0	102	0	0	0	0	0	0	0	0	208	2542	310	10788	0	210	0	11638	0	1798	0	0	0	84	0	7122	0	0	0	6412	0	888	0	5652	402	11096	0	1540	0	0	0	0	0	0	0	0	0	0	0	0	0	0	0	476	0	0	0	90	0	0	0	0	0	0	0	0	0	0	0	0	0	0	0	0	0	0	0	0	0	0	0	0	0	0	
213500	Parietal_Inf_L	6384	0	128	0	0	0	308	0	0	0	146	0	0	0	0	0	2524	0	0	0	0	0	0	0	0	0	0	0	666	0	0	0	550	0	298	94	880	0	0	0	0	0	266	0	524	0	0	0	704	0	13330	0	178	0	158	0	16250	0	11096	0	0	0	13926	0	21314	0	1892	106	1780	0	0	0	0	0	0	0	0	0	132	0	2116	0	0	0	6242	0	0	0	4758	0	0	0	0	0	0	0	0	0	0	0	0	0	0	0	0	0	0	0	0	0	0	0	0	0	0	0	
90556	Parietal_Inf_R	0	1120	0	0	0	0	0	172	0	0	0	186	0	0	0	0	0	190	0	0	0	0	0	0	0	0	0	0	0	0	0	0	0	0	0	0	0	78	0	0	0	0	0	0	0	140	0	0	0	930	0	1134	0	0	0	0	0	8090	0	6412	0	0	0	11254	0	12200	0	348	0	312	0	0	0	0	0	0	0	0	0	0	0	534	0	0	0	1180	0	0	0	998	0	0	0	0	0	0	0	0	0	0	0	0	0	0	0	0	0	0	0	0	0	0	0	0	0	0	
124664	SupraMarginal_L	2518	0	92	0	0	0	196	0	0	0	164	0	0	0	0	0	2184	0	0	0	0	0	0	0	0	0	0	0	160	0	0	0	106	0	0	0	602	0	0	0	0	0	0	0	104	0	0	0	0	0	2212	0	90	0	90	0	7026	0	426	0	13926	0	0	0	11778	0	332	0	664	0	0	0	0	0	0	0	0	0	88	0	5732	0	0	0	8646	0	0	0	5196	0	0	0	0	0	0	0	0	0	0	0	0	0	0	0	0	0	0	0	0	0	0	0	0	0	0	0	
72852	SupraMarginal_R	78	964	174	170	0	0	0	270	0	0	0	236	0	0	0	0	0	1772	118	262	0	0	0	0	0	0	0	0	0	92	0	0	0	0	0	0	0	90	0	0	0	0	0	0	0	0	0	0	0	0	0	128	0	0	0	0	0	8398	0	888	0	11254	0	0	0	4768	0	0	0	120	0	0	0	0	0	0	0	0	0	286	0	3152	0	0	0	1714	0	0	0	1492	0	0	0	0	0	0	0	0	0	0	0	0	0	0	0	0	0	0	0	0	0	0	0	0	0	0	
181300	Angular_L	404	0	0	0	0	0	0	0	0	0	0	0	0	0	0	0	1128	0	0	0	0	0	0	0	0	0	0	0	120	0	0	0	474	0	300	98	1088	0	0	0	0	0	434	0	368	0	0	0	156	0	16610	0	372	0	134	0	2506	0	4464	0	21314	0	11778	0	0	0	1568	0	1444	0	0	0	0	0	0	0	0	0	0	0	3004	0	0	0	15708	0	0	0	7178	0	0	0	0	0	0	0	0	0	0	0	0	0	0	0	0	0	0	0	0	0	0	0	0	0	0	0	
129740	Angular_R	0	1014	0	0	0	0	0	118	0	0	0	122	0	0	0	0	0	244	0	0	0	0	0	0	0	0	0	0	0	0	0	0	0	350	0	188	0	0	0	0	0	0	78	716	112	814	0	0	0	4330	0	10538	0	0	0	0	0	1968	0	5652	0	12200	0	4768	0	0	170	668	0	560	0	0	0	0	0	0	0	0	0	92	0	6598	0	0	0	11158	0	0	0	2412	0	0	0	0	0	0	0	0	0	0	0	0	0	0	0	0	0	0	0	0	0	0	0	0	0	0	
311504	Precuneus_L	1440	0	0	0	0	0	0	0	0	0	0	0	0	0	0	0	262	0	90	106	0	0	0	0	0	0	0	0	0	0	0	0	9236	1298	9706	1850	4840	192	1492	0	0	0	17508	3856	11866	5084	4916	568	8612	2418	17970	1650	1180	204	558	172	2792	364	15848	402	1892	0	332	0	1568	170	0	10754	10036	612	0	0	0	0	0	0	0	0	0	0	234	0	0	0	1710	212	0	0	1752	0	0	0	0	0	0	0	0	0	0	0	0	0	0	0	0	0	0	0	0	0	0	0	0	0	0	0	
373292	Precuneus_R	816	1610	0	0	0	0	0	0	0	0	0	0	0	0	0	0	0	0	128	866	0	0	0	0	0	0	0	0	0	0	0	0	2230	6894	3034	10092	374	4828	256	4084	0	0	2122	23832	2410	24148	304	11596	518	16874	2304	6986	132	2702	264	4264	152	10222	1826	11096	106	348	0	0	0	668	10754	0	1746	7792	0	0	0	0	0	0	836	110	0	0	0	184	0	0	82	4556	0	0	160	908	0	0	0	0	0	0	0	316	0	0	0	0	0	0	0	0	0	0	0	0	1116	0	0	0	0	0	
246892	Paracentral_Lobule_L	14896	1420	4378	460	0	0	620	0	82	0	954	0	152	0	228	0	726	266	11262	8622	0	0	474	0	0	0	0	0	3680	244	376	0	8346	8842	4318	610	946	88	0	0	70	0	380	132	964	0	0	0	94	0	3430	0	278	0	354	0	3932	2934	2914	0	1780	0	664	0	1444	0	10036	1746	0	7442	1400	788	6380	446	960	0	712	0	0	0	416	84	604	0	454	76	0	0	542	0	0	0	0	0	0	0	0	0	0	0	0	0	0	0	0	0	0	0	0	0	0	0	0	0	0	0	
218516	Paracentral_Lobule_R	4288	10544	432	148	0	0	80	0	0	0	0	0	0	0	0	0	88	0	6268	18116	0	0	0	0	0	0	0	0	86	0	0	0	502	17842	306	2522	108	1084	0	0	0	0	0	2090	0	1282	0	990	0	1314	0	472	0	68	0	232	506	17958	0	1540	0	312	0	120	0	560	612	7792	7442	0	698	424	348	0	186	0	82	182	0	160	0	368	0	0	0	768	0	0	0	338	0	0	0	0	0	0	0	0	0	0	0	0	0	0	0	0	0	0	0	0	0	0	0	0	0	0	
320856	Caudate_L	7610	312	4306	412	5110	620	5150	276	2966	322	3722	90	2440	0	3310	1558	1358	1458	1920	752	12368	10994	392	300	974	296	5504	1624	5038	5734	6954	2660	0	262	0	88	220	86	0	0	0	0	0	0	0	0	0	0	0	0	0	0	0	0	0	0	1304	0	0	0	0	0	0	0	0	0	0	0	1400	698	0	23498	19948	6676	1848	322	4910	480	70	430	810	500	236	112	0	0	0	0	0	0	0	0	0	0	0	0	0	0	0	0	0	0	0	0	0	0	0	0	0	0	0	0	0	0	0	0	
565792	Caudate_R	4340	8422	10490	12878	2960	1864	8422	1034	1578	1088	6054	1594	3696	826	1738	4100	1086	5750	8454	7300	8058	10712	1092	6426	146	1932	2772	4140	3380	29384	10850	22472	994	1398	0	0	124	1198	0	852	0	122	0	0	0	0	0	98	0	0	0	0	0	0	0	580	600	274	0	0	0	0	0	0	0	0	0	0	788	424	23498	0	8492	27260	102	1568	822	15778	0	324	784	368	74	322	0	0	0	0	0	90	0	218	0	0	0	0	0	446	0	260	0	0	0	0	0	0	0	0	0	0	0	0	0	0	0	0	
397696	Putamen_L	11436	568	16880	102	5194	288	6938	0	3770	0	2280	0	3716	0	8316	706	1846	672	10138	190	6086	5682	2420	170	462	170	1564	736	22076	1118	6828	962	244	0	106	202	11368	196	2644	0	1262	0	0	0	0	0	244	0	0	0	0	0	114	0	4360	0	1594	158	0	0	0	0	0	0	0	0	0	0	6380	348	19948	8492	0	3746	5298	100	2738	146	238	180	1486	124	2868	0	388	0	0	0	1094	0	324	0	0	0	0	0	404	0	740	0	0	0	0	0	0	0	0	0	0	0	0	0	0	0	0	0	
457556	Putamen_R	508	4542	2888	14650	944	1140	918	3030	434	2014	374	3520	410	862	558	6302	0	11066	3146	5256	2876	4202	698	4212	94	1234	862	2626	588	31886	5402	13816	406	2168	0	0	0	16560	0	8266	0	2246	0	0	0	0	0	144	0	0	0	0	0	0	0	7640	0	270	0	0	0	0	0	0	0	0	0	0	446	0	6676	27260	3746	0	0	1402	766	3328	0	128	0	3498	0	608	0	1368	0	0	0	1984	0	1554	0	82	0	0	0	4164	92	2110	0	0	0	86	0	84	0	84	0	0	78	300	74	0	102	0	
35192	Pallidum_L	3342	138	1404	0	0	0	364	0	0	0	84	0	0	0	0	0	510	0	0	0	0	0	0	0	0	0	0	0	0	0	0	0	0	0	0	0	1112	0	104	0	0	0	0	0	0	0	0	0	0	0	0	0	0	0	0	0	666	0	0	0	0	0	0	0	0	0	0	0	960	186	1848	102	5298	0	0	0	1478	0	0	0	0	0	0	0	0	0	0	0	0	0	0	0	0	0	0	0	0	0	0	0	0	0	0	0	0	0	0	0	0	0	0	0	0	0	0	0	
12628	Pallidum_R	0	176	0	252	0	0	0	92	0	0	0	384	0	0	0	0	0	468	0	84	0	188	0	0	0	0	0	0	0	370	112	0	0	0	0	0	0	264	0	260	0	0	0	0	0	0	0	0	0	0	0	0	0	0	0	202	0	0	0	0	0	0	0	0	0	0	0	0	0	0	322	1568	100	1402	0	0	0	0	0	0	0	0	0	0	0	0	0	0	0	0	0	0	0	0	0	0	0	70	0	0	0	0	0	0	0	0	0	0	0	0	0	0	0	0	0	0	
154076	Thalamus_L	17564	2686	2358	0	0	0	824	100	74	0	0	414	0	0	116	0	0	268	0	0	0	0	0	0	0	0	0	0	894	176	0	0	0	0	3676	6726	5846	7258	1578	1498	0	0	0	0	0	0	896	274	0	0	0	0	0	194	1370	1114	1036	116	0	0	0	0	0	0	0	0	0	836	712	82	4910	822	2738	766	1478	0	0	7362	0	0	86	92	0	0	0	0	0	0	98	0	0	0	0	0	0	0	0	0	0	0	0	0	0	0	0	0	0	0	0	0	0	0	0	0	0	0	
157072	Thalamus_R	1926	23708	212	610	0	0	232	522	0	0	0	1234	0	0	0	0	0	610	132	198	0	108	0	0	0	0	0	0	74	1174	156	0	0	0	1314	2532	448	7692	0	2830	0	150	0	0	0	0	0	1456	0	0	0	0	0	82	0	1682	340	498	0	0	0	0	0	0	0	0	0	110	0	182	480	15778	146	3328	0	0	7362	0	0	106	0	122	0	0	0	0	0	0	0	220	0	0	0	0	0	0	0	782	0	0	0	0	0	0	0	0	0	0	0	0	0	0	0	0	0	0	
63300	Heschl_L	4606	0	114	0	0	0	176	0	0	0	116	0	0	0	0	0	5494	0	0	0	0	0	0	0	0	0	0	0	7274	0	0	0	0	0	0	0	2676	0	178	0	0	0	0	0	0	0	0	0	0	0	0	0	138	0	304	0	2876	0	0	0	132	0	88	0	0	0	0	0	0	0	70	0	238	0	0	0	0	0	0	0	2928	0	0	0	2464	0	0	0	1778	0	0	0	0	0	0	0	0	0	0	0	0	0	0	0	0	0	0	0	0	0	0	0	0	0	0	0	
40084	Heschl_R	294	798	508	262	0	0	260	236	0	0	0	342	0	0	0	0	0	4166	548	298	0	0	0	0	0	0	0	0	156	3072	0	0	0	0	0	0	0	314	0	156	0	0	0	0	0	0	0	0	0	184	0	106	0	112	0	268	0	362	0	0	0	0	0	286	0	92	0	0	0	160	430	324	180	128	0	0	0	106	0	0	0	4572	0	162	0	550	0	0	0	610	0	0	0	0	0	0	0	0	0	0	0	0	0	0	0	0	0	0	0	0	0	0	0	0	0	0	
201936	Temporal_Sup_L	2350	90	2484	0	0	0	264	0	0	0	4896	0	338	0	0	0	11088	0	3174	0	82	0	0	0	0	0	0	0	11688	706	0	0	0	0	102	0	3172	0	394	0	822	0	0	0	188	0	0	0	0	0	1914	0	258	0	2712	0	2866	0	830	0	2116	0	5732	0	3004	0	234	0	416	0	810	784	1486	0	0	0	86	0	2928	0	0	0	4818	0	19506	0	0	0	8200	0	74	0	0	0	0	0	106	0	164	0	0	0	0	0	86	0	0	0	0	0	0	0	0	0	0	0	
156912	Temporal_Sup_R	406	1104	890	284	0	0	392	192	0	0	0	574	0	0	0	1124	0	4406	786	390	0	0	0	0	0	0	0	0	70	9062	86	0	0	166	0	90	0	1990	0	806	0	0	0	188	0	0	0	0	0	258	0	1110	0	318	0	3446	0	1600	0	0	0	534	0	3152	0	6598	0	184	84	368	500	368	124	3498	0	0	92	122	0	4572	0	0	0	2274	0	17396	0	0	0	8506	0	72	0	0	0	0	0	170	0	104	0	0	0	0	0	0	0	0	0	0	0	0	0	0	0	0	
138968	Temporal_Pole_Sup_L	260	0	676	0	1880	0	0	0	352	0	2898	0	614	0	4870	0	2408	0	1508	0	2096	0	0	0	0	0	518	0	12316	0	0	0	0	0	0	0	2960	0	3884	0	2464	0	0	0	0	0	0	0	0	0	0	0	0	0	4294	0	0	0	0	0	0	0	0	0	0	0	0	0	604	0	236	74	2868	0	0	0	0	0	0	0	4818	0	0	0	6566	0	5878	0	4060	0	0	0	0	0	0	0	132	0	160	0	0	0	0	0	90	0	0	0	0	0	0	0	0	0	0	0	
114292	Temporal_Pole_Sup_R	0	0	468	242	0	192	0	0	0	0	0	1756	0	0	0	3754	0	2972	440	164	84	294	0	0	0	0	0	370	0	4276	398	98	0	0	0	0	0	1572	0	5844	0	4412	0	0	0	0	0	0	0	0	0	0	0	0	0	8072	0	0	0	0	0	0	0	0	0	0	0	0	0	0	112	322	0	608	0	0	0	0	0	162	0	2274	0	0	0	4266	0	6980	0	6736	0	0	0	0	0	0	0	278	0	0	0	0	0	0	0	0	0	0	0	0	0	0	0	0	0	0	
304052	Temporal_Mid_L	422	0	76	0	0	0	0	0	0	0	156	0	0	0	0	0	2484	0	160	0	0	0	0	0	0	0	0	0	2822	0	0	0	0	0	360	140	3408	0	118	0	190	0	1376	0	2064	0	248	0	208	0	21660	0	4842	0	6064	0	1144	0	580	0	6242	0	8646	0	15708	0	1710	82	454	0	0	0	388	0	0	0	0	0	2464	0	19506	0	6566	0	0	0	3738	0	38000	0	0	0	0	0	0	0	0	0	0	0	0	0	0	0	0	0	0	0	0	0	0	0	0	0	0	0	
253480	Temporal_Mid_R	0	1982	128	110	0	0	0	336	0	0	0	432	0	0	0	284	0	376	114	0	0	0	0	0	0	0	0	0	0	2376	0	0	0	774	0	686	0	1350	0	428	0	0	132	8470	128	3312	0	1970	0	4872	0	17830	0	1728	0	3788	0	2956	0	476	0	1180	0	1714	0	11158	212	4556	76	768	0	0	0	1368	0	0	0	0	0	550	0	17396	0	4266	0	0	0	2092	0	26238	0	0	0	0	0	0	0	128	0	0	0	0	0	0	0	0	0	0	0	0	0	0	0	0	0	0	
34232	Temporal_Pole_Mid_L	0	0	0	0	0	0	0	0	0	0	0	0	0	0	0	0	0	0	0	0	0	0	0	0	0	0	0	0	0	0	0	0	0	0	0	0	146	0	1694	0	0	0	0	0	0	0	0	0	0	0	0	0	0	0	2650	0	0	0	0	0	0	0	0	0	0	0	0	0	0	0	0	0	0	0	0	0	0	0	0	0	0	0	5878	0	3738	0	0	0	3010	0	0	0	0	0	0	0	0	0	0	0	0	0	0	0	0	0	0	0	0	0	0	0	0	0	0	0	
40444	Temporal_Pole_Mid_R	0	0	0	0	0	0	0	0	0	0	0	0	0	0	0	388	0	0	0	0	0	0	0	0	0	0	0	0	0	70	0	0	0	0	0	0	0	194	0	3712	0	484	0	0	0	0	0	0	0	0	0	0	0	0	0	3178	0	0	0	0	0	0	0	0	0	0	0	0	0	0	0	0	0	0	0	0	0	0	0	0	0	0	0	6980	0	2092	0	0	0	3124	0	0	0	0	0	0	0	0	0	0	0	0	0	0	0	0	0	0	0	0	0	0	0	0	0	0	
313104	Temporal_Inf_L	934	0	236	0	0	0	110	0	0	0	122	0	92	0	0	0	2288	0	130	0	82	0	0	0	0	0	0	0	3534	0	0	0	0	0	560	216	10416	74	666	0	620	0	1332	0	2050	0	1342	0	260	0	12850	0	9718	0	20570	0	1070	0	336	0	4758	0	5196	0	7178	0	1752	160	542	0	0	0	1094	0	0	0	98	0	1778	0	8200	0	4060	0	38000	0	3010	0	0	0	6164	0	622	0	0	0	458	0	2914	0	242	0	718	0	0	0	0	0	0	0	0	0	0	0	0	0	
210500	Temporal_Inf_R	0	1704	134	0	0	0	0	298	0	0	0	366	0	0	0	0	0	428	114	0	0	0	0	0	0	0	0	0	0	4084	0	0	0	218	0	418	0	5778	0	2576	0	808	76	3632	0	502	0	1086	0	398	0	1516	0	3858	0	14896	0	1844	0	90	0	998	0	1492	0	2412	0	908	0	338	0	90	0	1984	0	0	0	220	0	610	0	8506	0	6736	0	26238	0	3124	0	0	0	4064	0	238	0	0	0	764	72	1326	0	0	0	224	0	0	0	0	0	0	0	82	0	0	0	0	
590580	Cerebelum_Crus1_L	0	0	278	0	0	0	0	0	0	0	0	0	0	0	0	0	0	0	0	0	0	0	0	0	0	0	0	0	240	0	0	0	0	0	0	0	1046	182	698	260	0	0	406	0	0	0	9378	946	0	0	402	0	4494	154	31770	822	0	0	0	0	0	0	0	0	0	0	0	0	0	0	0	0	324	0	0	0	0	0	0	0	74	0	0	0	0	0	0	0	6164	0	0	9748	36074	11312	194	122	15254	1186	67830	8678	12330	4784	22926	5066	3546	334	1274	0	664	1000	3446	13788	14016	3310	542	228	
627784	Cerebelum_Crus1_R	0	0	0	376	0	0	0	0	0	0	0	0	0	0	0	0	0	398	0	150	0	0	0	124	0	0	0	0	0	498	0	208	0	0	0	0	0	3910	0	5064	0	0	0	108	0	72	1162	3210	0	72	0	0	142	164	842	18840	0	0	0	0	0	0	0	0	0	0	0	0	0	0	0	218	0	1554	0	0	0	0	0	0	0	72	0	0	0	0	0	0	0	4064	9748	0	4606	35046	144	4528	3564	25210	17020	65884	1362	5064	4954	22476	3400	5020	696	858	254	4612	11874	26596	10850	2678	4624	1576	
306328	Cerebelum_Crus2_L	0	0	0	0	0	0	0	0	0	0	0	0	0	0	0	0	0	0	0	0	0	0	0	0	0	0	0	0	0	0	0	0	0	0	0	0	0	170	0	236	0	0	0	0	0	0	418	146	0	0	0	0	0	0	152	364	0	0	0	0	0	0	0	0	0	0	0	0	0	0	0	0	0	0	0	0	0	0	0	0	0	0	0	0	0	0	0	0	622	0	36074	4606	0	10544	0	0	206	508	11464	3928	26534	5304	27368	2938	1268	144	316	0	0	0	150	6200	10736	2426	246	96	
399168	Cerebelum_Crus2_R	0	0	0	0	0	0	0	0	0	0	0	0	0	0	0	0	0	0	0	0	0	0	0	0	0	0	0	0	0	0	0	0	0	0	0	0	0	414	0	376	0	0	0	0	0	0	0	0	0	0	0	0	0	0	0	1390	0	0	0	0	0	0	0	0	0	0	0	0	0	0	0	0	0	82	0	0	0	0	0	0	0	0	0	0	0	0	0	0	0	238	11312	35046	10544	0	0	0	516	832	8504	11072	7092	23260	9754	37374	1434	3212	258	462	0	0	160	9498	18544	6362	1624	224	
30796	Cerebelum_3_L	0	0	0	0	0	0	0	0	0	0	0	0	0	0	0	0	0	0	0	0	0	0	0	0	0	0	0	0	0	0	0	0	0	0	0	0	0	0	94	0	0	0	0	0	0	0	548	82	0	0	0	0	0	0	274	0	0	0	0	0	0	0	0	0	0	0	0	0	0	0	0	0	0	0	0	0	0	0	0	0	0	0	0	0	0	0	0	0	0	0	194	144	0	0	0	208	5874	158	432	198	0	0	0	0	292	104	0	0	1978	3484	1172	82	0	0	0	80	
94596	Cerebelum_3_R	0	0	0	0	0	0	0	0	0	0	0	0	0	0	0	0	0	0	0	0	0	0	0	0	0	0	0	0	0	0	0	0	0	0	0	0	0	388	116	708	0	0	0	0	0	0	322	832	0	0	0	0	0	0	0	1696	0	0	0	0	0	0	0	0	0	0	0	0	0	0	0	0	0	0	0	0	0	0	0	0	0	0	0	0	0	0	0	0	0	0	122	4528	0	0	208	0	1472	9396	216	9364	0	0	0	96	238	1346	0	0	816	8740	3736	1290	0	0	872	796	
333456	Cerebelum_4_5_L	0	0	350	0	0	0	0	0	0	0	0	0	0	0	0	0	0	0	114	0	0	0	0	0	0	0	0	0	602	0	0	0	0	0	0	0	1850	94	2018	150	0	0	728	0	0	0	15720	2482	0	0	146	0	2432	92	22296	764	0	0	0	0	0	0	0	0	0	0	0	0	0	0	0	0	404	0	0	0	0	0	0	0	106	0	132	0	0	0	0	0	458	0	15254	3564	206	516	5874	1472	0	3864	31046	5062	174	0	798	312	7728	2618	658	430	2652	5212	16968	6200	164	0	1788	3230	
400884	Cerebelum_4_5_R	0	316	0	994	0	0	0	96	0	0	0	0	0	0	0	0	0	830	0	348	0	86	0	222	0	0	0	82	0	1338	126	450	0	130	0	0	0	10712	0	14358	0	1142	132	340	0	84	1092	10858	0	112	0	86	76	1546	456	24170	0	0	0	0	0	0	0	0	0	0	0	316	0	0	0	446	0	4164	0	70	0	782	0	0	0	170	0	278	0	128	0	0	0	764	1186	25210	508	832	158	9396	3864	0	2192	38992	0	126	284	882	474	2368	0	238	396	5918	19762	5576	678	230	2148	1724	
670004	Cerebelum_6_L	90	0	660	0	0	0	0	0	0	0	0	0	0	0	0	0	0	0	134	0	0	0	0	0	0	0	0	0	758	0	0	0	0	0	0	0	2508	250	1822	380	0	0	372	0	0	0	15334	4512	0	0	68	0	4168	570	40598	2100	0	0	0	0	0	0	0	0	0	0	0	0	0	0	0	0	740	92	0	0	0	0	0	0	164	0	160	0	0	0	0	0	2914	72	67830	17020	11464	8504	432	216	31046	2192	0	16730	6722	2036	16670	6994	8896	1206	2530	386	874	1392	7354	27846	12404	3630	1370	792	
603892	Cerebelum_6_R	0	0	0	498	0	0	0	0	0	0	0	0	0	0	0	0	0	554	0	218	0	0	0	136	0	0	0	0	0	674	74	264	0	90	0	0	0	5320	0	7384	0	0	78	268	0	118	1728	7386	0	132	0	0	220	1296	1244	25026	0	0	0	0	0	0	0	0	0	0	0	0	0	0	0	260	0	2110	0	0	0	0	0	0	0	104	0	0	0	0	0	0	0	1326	8678	65884	3928	11072	198	9364	5062	38992	16730	0	520	1268	2548	6362	3128	4290	672	798	342	6286	17918	28312	5566	1162	4626	1732	
240212	Cerebelum_7b_L	0	0	0	0	0	0	0	0	0	0	0	0	0	0	0	0	0	0	0	0	0	0	0	0	0	0	0	0	0	0	0	0	0	0	0	0	0	0	0	0	0	0	0	0	0	0	0	0	0	0	0	0	0	0	204	0	0	0	0	0	0	0	0	0	0	0	0	0	0	0	0	0	0	0	0	0	0	0	0	0	0	0	0	0	0	0	0	0	242	0	12330	1362	26534	7092	0	0	174	0	6722	520	0	3486	33724	4808	6086	130	1032	0	0	0	0	2844	7572	4830	414	0	
194684	Cerebelum_7b_R	0	0	0	0	0	0	0	0	0	0	0	0	0	0	0	0	0	0	0	0	0	0	0	0	0	0	0	0	0	0	0	0	0	0	0	0	0	0	0	0	0	0	0	0	0	0	0	0	0	0	0	0	0	0	0	0	0	0	0	0	0	0	0	0	0	0	0	0	0	0	0	0	0	0	0	0	0	0	0	0	0	0	0	0	0	0	0	0	0	0	4784	5064	5304	23260	0	0	0	126	2036	1268	3486	0	3872	27352	264	6742	80	366	0	0	0	2306	7626	2680	726	0	
388016	Cerebelum_8_L	0	0	0	0	0	0	0	0	0	0	0	0	0	0	0	0	0	0	0	0	0	0	0	0	0	0	0	0	0	0	0	0	0	0	0	0	0	0	0	70	0	0	0	0	0	0	86	0	0	0	0	0	0	0	428	136	0	0	0	0	0	0	0	0	0	0	0	0	0	0	0	0	0	0	0	0	0	0	0	0	0	0	0	0	0	0	0	0	718	0	22926	4954	27368	9754	0	0	798	284	16670	2548	33724	3872	0	11192	20588	976	3006	0	0	0	170	9566	12728	9364	1812	270	
380740	Cerebelum_8_R	0	0	0	0	0	0	0	0	0	0	0	0	0	0	0	0	0	0	0	0	0	0	0	0	0	0	0	0	0	0	0	0	0	0	0	0	0	416	0	384	0	0	0	0	0	0	94	0	0	0	0	0	0	0	76	1480	0	0	0	0	0	0	0	0	0	0	0	0	0	0	0	0	0	86	0	0	0	0	0	0	0	0	0	0	0	0	0	0	0	224	5066	22476	2938	37374	0	96	312	882	6994	6362	4808	27352	11192	0	2710	21320	176	1086	0	68	300	8366	12448	9526	5124	634	
180276	Cerebelum_9_L	0	0	0	0	0	0	0	0	0	0	0	0	0	0	0	0	0	0	0	0	0	0	0	0	0	0	0	0	206	0	0	0	0	0	0	0	332	80	206	134	0	0	76	0	0	0	1028	0	0	0	0	0	0	0	1266	248	0	0	0	0	0	0	0	0	0	0	0	0	0	0	0	0	0	0	0	0	0	0	0	0	86	0	90	0	0	0	0	0	0	0	3546	3400	1268	1434	292	238	7728	474	8896	3128	6086	264	20588	2710	0	3300	5200	262	0	260	2164	5856	1648	2100	3556	1988	
183772	Cerebelum_9_R	0	0	0	0	0	0	0	0	0	0	0	0	0	0	0	0	0	0	0	0	0	0	0	0	0	0	0	0	0	0	0	0	0	0	0	0	0	156	0	252	0	0	0	0	0	0	360	502	0	0	0	0	0	0	206	858	0	0	0	0	0	0	0	0	0	0	0	0	0	0	0	0	0	84	0	0	0	0	0	0	0	0	0	0	0	0	0	0	0	0	334	5020	144	3212	104	1346	2618	2368	1206	4290	130	6742	976	21320	3300	0	104	3008	300	1242	4870	8152	1552	2360	9844	4926	
35628	Cerebelum_10_L	0	0	0	0	0	0	0	0	0	0	0	0	0	0	0	0	0	0	0	0	0	0	0	0	0	0	0	0	0	0	0	0	0	0	0	0	0	0	0	0	0	0	0	0	0	0	0	0	0	0	0	0	0	0	88	0	0	0	0	0	0	0	0	0	0	0	0	0	0	0	0	0	0	0	0	0	0	0	0	0	0	0	0	0	0	0	0	0	0	0	1274	696	316	258	0	0	658	0	2530	672	1032	80	3006	176	5200	104	0	0	0	0	0	1066	332	224	102	0	
26260	Cerebelum_10_R	0	0	0	0	0	0	0	0	0	0	0	0	0	0	0	0	0	0	0	0	0	0	0	0	0	0	0	0	0	0	0	0	0	0	0	0	0	112	0	144	0	0	0	0	0	0	0	88	0	0	0	0	0	0	0	184	0	0	0	0	0	0	0	0	0	0	0	0	0	0	0	0	0	84	0	0	0	0	0	0	0	0	0	0	0	0	0	0	0	0	0	858	0	462	0	0	430	238	386	798	0	366	0	1086	262	3008	0	0	0	0	416	1860	120	154	1826	248	
36536	Vermis_1_2	0	0	0	0	0	0	0	0	0	0	0	0	0	0	0	0	0	0	0	0	0	0	0	0	0	0	0	0	0	0	0	0	0	0	0	0	0	0	0	0	0	0	0	0	0	0	152	78	0	0	0	0	0	0	680	112	0	0	0	0	0	0	0	0	0	0	0	0	0	0	0	0	0	0	0	0	0	0	0	0	0	0	0	0	0	0	0	0	0	0	664	254	0	0	1978	816	2652	396	874	342	0	0	0	0	0	300	0	0	0	6156	2040	184	0	0	264	326	
