data	data	483068	343672	832900	737944	111956	77272	489736	261540	83100	48348	320356	234340	399552	143060	133892	79080	177372	136960	519680	842404	68172	102404	295740	324000	33696	75732	37616	70148	634584	369748	325568	500500	188016	472488	177516	223304	193100	334324	128132	278352	20632	63608	328444	428372	259980	497756	472720	535996	263720	476056	500600	358088	190688	290800	503984	832268	311108	283712	186668	304460	221876	200276	110504	188740	155912	232572	334564	571012	218056	238112	259548	379204	315776	292720	36740	31456	141764	168212	62084	37484	246828	123100	63340	74244	324016	351756	31072	34688	316456	322412	649948	676480	462336	447040	43672	72656	508400	348352	650124	671100	310428	169092	431612	391524	115296	121552	26752	14296	29456	102420	540336	311532	356676	147172	118048	56224	
data	data	Precentral_L	Precentral_R	Frontal_Sup_L	Frontal_Sup_R	Frontal_Sup_Orb_L	Frontal_Sup_Orb_R	Frontal_Mid_L	Frontal_Mid_R	Frontal_Mid_Orb_L	Frontal_Mid_Orb_R	Frontal_Inf_Oper_L	Frontal_Inf_Oper_R	Frontal_Inf_Tri_L	Frontal_Inf_Tri_R	Frontal_Inf_Orb_L	Frontal_Inf_Orb_R	Rolandic_Oper_L	Rolandic_Oper_R	Supp_Motor_Area_L	Supp_Motor_Area_R	Olfactory_L	Olfactory_R	Frontal_Sup_Medial_L	Frontal_Sup_Medial_R	Frontal_Med_Orb_L	Frontal_Med_Orb_R	Rectus_L	Rectus_R	Insula_L	Insula_R	Cingulum_Ant_L	Cingulum_Ant_R	Cingulum_Mid_L	Cingulum_Mid_R	Cingulum_Post_L	Cingulum_Post_R	Hippocampus_L	Hippocampus_R	ParaHippocampal_L	ParaHippocampal_R	Amygdala_L	Amygdala_R	Calcarine_L	Calcarine_R	Cuneus_L	Cuneus_R	Lingual_L	Lingual_R	Occipital_Sup_L	Occipital_Sup_R	Occipital_Mid_L	Occipital_Mid_R	Occipital_Inf_L	Occipital_Inf_R	Fusiform_L	Fusiform_R	Postcentral_L	Postcentral_R	Parietal_Sup_L	Parietal_Sup_R	Parietal_Inf_L	Parietal_Inf_R	SupraMarginal_L	SupraMarginal_R	Angular_L	Angular_R	Precuneus_L	Precuneus_R	Paracentral_Lobule_L	Paracentral_Lobule_R	Caudate_L	Caudate_R	Putamen_L	Putamen_R	Pallidum_L	Pallidum_R	Thalamus_L	Thalamus_R	Heschl_L	Heschl_R	Temporal_Sup_L	Temporal_Sup_R	Temporal_Pole_Sup_L	Temporal_Pole_Sup_R	Temporal_Mid_L	Temporal_Mid_R	Temporal_Pole_Mid_L	Temporal_Pole_Mid_R	Temporal_Inf_L	Temporal_Inf_R	Cerebelum_Crus1_L	Cerebelum_Crus1_R	Cerebelum_Crus2_L	Cerebelum_Crus2_R	Cerebelum_3_L	Cerebelum_3_R	Cerebelum_4_5_L	Cerebelum_4_5_R	Cerebelum_6_L	Cerebelum_6_R	Cerebelum_7b_L	Cerebelum_7b_R	Cerebelum_8_L	Cerebelum_8_R	Cerebelum_9_L	Cerebelum_9_R	Cerebelum_10_L	Cerebelum_10_R	Vermis_1_2	Vermis_3	Vermis_4_5	Vermis_6	Vermis_7	Vermis_8	Vermis_9	Vermis_10	
483068	Precentral_L	0	5488	13490	6066	0	0	26518	1592	0	0	11362	828	3926	90	0	0	6192	252	2930	19994	0	0	106	250	0	0	0	0	9226	952	1858	2900	850	4856	2884	3344	5052	1620	74	1026	204	0	298	290	76	480	0	206	0	398	604	200	0	160	170	1398	25250	2918	404	194	1752	66	548	176	0	0	318	788	20468	8278	5156	3492	2376	1554	360	294	21256	308	2978	76	3010	0	208	0	182	214	0	0	320	166	0	0	0	0	0	0	0	96	0	0	0	0	0	0	0	0	0	0	0	0	118	0	0	0	0	0	
343672	Precentral_R	5488	0	4724	9628	0	0	3288	6802	0	0	888	6516	930	176	0	0	154	2940	1408	19788	72	156	0	0	0	0	0	0	1206	4068	944	104	520	564	1294	2450	130	2706	0	1238	0	88	0	2450	0	2500	0	632	0	2190	110	2316	0	2260	0	1872	2854	25142	74	1250	110	350	0	722	0	496	0	3160	1838	6396	3002	4716	2584	1278	348	570	504	17688	188	188	90	334	0	468	0	2282	0	0	0	2086	0	92	0	0	0	0	0	92	0	96	0	0	0	0	0	0	0	0	0	0	238	0	0	0	0	0	
832900	Frontal_Sup_L	13490	4724	0	15934	7712	0	65526	2740	7898	0	17520	978	24350	98	8556	0	6824	304	53560	21030	0	0	37674	2074	560	0	134	0	40686	1314	18544	5088	4582	5588	0	0	726	288	0	104	0	0	0	132	0	430	0	0	0	404	0	138	0	106	260	238	482	1952	0	200	0	0	0	166	0	0	0	326	3224	486	4562	5880	15778	2100	362	1442	910	228	112	0	4854	0	916	0	530	142	0	0	1298	186	0	0	0	0	0	0	0	0	0	0	0	0	0	0	0	0	0	0	0	0	0	0	0	0	0	0	
737944	Frontal_Sup_R	6066	9628	15934	0	0	3894	8582	32524	0	2634	4234	13560	4192	3966	0	5042	194	6828	23822	54496	214	414	10060	36158	100	2980	0	2468	4234	14886	3538	30348	4482	20942	0	0	80	518	0	318	0	0	0	0	0	0	0	76	0	0	0	0	0	0	0	132	774	224	0	0	0	0	0	0	0	0	0	0	902	228	4992	16274	1840	11076	124	608	72	1988	148	530	120	1218	0	310	0	0	0	0	0	0	0	0	0	0	0	0	0	0	0	0	0	0	0	0	0	0	0	0	0	0	0	0	0	0	0	0	
111956	Frontal_Sup_Orb_L	0	0	7712	0	0	0	1558	0	10466	0	120	0	1040	0	8850	0	0	0	0	0	1022	136	1596	398	3972	424	4146	0	5048	0	3420	286	0	0	0	0	0	0	0	0	0	0	0	0	0	0	0	0	0	0	0	0	0	0	0	0	0	0	0	0	0	0	0	0	0	0	0	0	0	0	422	0	4960	0	0	0	0	0	0	0	0	0	402	0	0	0	0	0	0	0	0	0	0	0	0	0	0	0	0	0	0	0	0	0	0	0	0	0	0	0	0	0	0	0	0	0	
77272	Frontal_Sup_Orb_R	0	0	0	3894	0	0	0	1148	0	3670	0	0	0	366	0	1198	0	0	0	0	318	1184	0	4694	0	5858	0	8106	0	714	224	1898	0	0	0	0	0	122	0	120	0	0	0	0	0	0	0	0	0	0	0	0	0	0	0	0	0	0	0	0	0	0	0	0	0	0	0	0	0	0	322	2542	178	2080	0	0	0	0	0	0	0	0	0	0	0	0	0	0	0	0	0	0	0	0	0	0	0	0	0	0	0	0	0	0	0	0	0	0	0	0	0	0	0	0	0	0	
489736	Frontal_Mid_L	26518	3288	65526	8582	1558	0	0	2324	4132	0	7472	1476	30390	214	10478	0	588	300	10562	8312	0	0	14524	660	0	0	0	0	17484	1728	3072	3668	74	676	0	0	110	192	0	106	0	0	0	104	0	390	0	0	0	366	0	128	0	90	0	134	1978	1786	0	186	0	0	0	128	0	0	0	248	210	260	4584	4170	1208	1704	0	380	1030	206	134	78	704	0	0	0	208	116	0	0	208	116	0	0	0	0	0	0	0	0	0	0	0	0	0	0	0	0	0	0	0	0	0	0	0	0	0	0	
261540	Frontal_Mid_R	1592	6802	2740	32524	0	1148	2324	0	0	4138	1476	7638	1468	9646	0	6670	0	6166	2890	4560	0	0	912	8010	0	0	0	0	1410	9304	740	3242	416	2472	0	0	0	84	0	0	0	0	0	72	0	70	0	0	0	0	0	0	0	0	0	0	0	378	0	0	0	0	0	0	0	0	0	120	0	0	1782	3812	184	3888	0	0	0	210	0	0	0	710	0	1172	0	0	0	0	0	0	0	0	0	0	0	0	0	0	0	0	0	0	0	0	0	0	0	0	0	0	0	0	0	0	0	0	
83100	Frontal_Mid_Orb_L	0	0	7898	0	10466	0	4132	0	0	0	0	0	2098	0	9272	0	0	0	0	0	0	0	118	0	682	0	774	0	4008	0	282	0	0	0	0	0	0	0	0	0	0	0	0	0	0	0	0	0	0	0	0	0	0	0	0	0	0	0	0	0	0	0	0	0	0	0	0	0	0	0	0	0	1820	0	0	0	0	0	0	0	0	0	0	0	0	0	0	0	0	0	0	0	0	0	0	0	0	0	0	0	0	0	0	0	0	0	0	0	0	0	0	0	0	0	0	0	
48348	Frontal_Mid_Orb_R	0	0	0	2634	0	3670	0	4138	0	0	0	160	0	1078	0	5986	0	0	0	0	0	140	0	1024	0	0	0	936	0	1492	0	324	0	0	0	0	0	0	0	0	0	0	0	0	0	0	0	0	0	0	0	0	0	0	0	0	0	0	0	0	0	0	0	0	0	0	0	0	0	0	0	436	0	2156	0	0	0	0	0	0	0	0	0	0	0	0	0	0	0	0	0	0	0	0	0	0	0	0	0	0	0	0	0	0	0	0	0	0	0	0	0	0	0	0	0	0	
320356	Frontal_Inf_Oper_L	11362	888	17520	4234	120	0	7472	1476	0	0	0	750	29790	138	102	0	7102	70	3282	3030	0	0	536	126	0	0	0	0	28386	812	10734	2056	84	274	106	0	286	214	0	108	0	0	0	68	0	140	0	0	0	110	0	0	0	112	0	334	3770	408	0	0	0	0	0	112	0	0	0	124	428	228	9766	2792	4092	174	0	0	420	0	572	84	3248	0	1358	0	268	66	0	0	324	122	0	0	0	0	0	0	0	0	0	0	0	0	0	0	0	0	0	0	0	0	0	0	0	0	0	0	
234340	Frontal_Inf_Oper_R	828	6516	978	13560	0	0	1476	7638	0	160	750	0	650	12422	0	484	0	4842	4936	12466	0	0	0	688	0	0	0	0	510	27248	366	6492	88	6024	0	0	0	98	0	78	0	0	0	80	0	76	0	0	0	74	0	0	0	0	0	0	0	1716	0	0	0	0	0	0	0	0	0	128	0	0	204	3026	0	2166	0	78	0	0	0	74	0	250	0	0	0	0	0	0	0	0	0	0	0	0	0	0	0	0	0	0	0	0	0	0	0	0	0	0	0	0	0	0	0	0	0	0	
399552	Frontal_Inf_Tri_L	3926	930	24350	4192	1040	0	30390	1468	2098	0	29790	650	0	128	10750	0	180	70	5410	2690	0	0	2066	124	0	0	0	0	40500	710	14540	2264	158	268	0	0	148	208	0	108	0	0	0	66	0	142	0	0	0	114	0	0	0	114	0	334	492	486	0	0	0	0	0	116	0	0	0	118	286	120	9778	2678	4016	170	0	0	324	0	196	84	418	0	0	0	164	70	0	0	210	124	0	0	0	0	0	0	0	0	0	0	0	0	0	0	0	0	0	0	0	0	0	0	0	0	0	0	
143060	Frontal_Inf_Tri_R	90	176	98	3966	0	366	214	9646	0	1078	138	12422	128	0	0	3788	0	120	4952	5976	0	0	0	618	0	0	0	0	116	14756	132	4116	284	5596	0	0	0	0	0	0	0	0	0	0	0	0	0	0	0	0	0	0	0	0	0	0	0	0	0	0	0	0	0	0	0	0	0	0	0	0	0	1932	0	718	0	0	0	0	0	0	0	104	0	0	0	0	0	0	0	0	0	0	0	0	0	0	0	0	0	0	0	0	0	0	0	0	0	0	0	0	0	0	0	0	0	0	
133892	Frontal_Inf_Orb_L	0	0	8556	0	8850	0	10478	0	9272	0	102	0	10750	0	0	0	0	0	0	128	1096	0	238	0	524	0	458	0	10884	0	178	0	0	0	0	0	170	0	0	0	0	0	0	0	0	0	0	0	0	0	0	0	0	0	126	0	0	0	0	0	0	0	0	0	0	0	0	0	0	108	334	0	3668	0	0	0	0	0	0	0	126	0	830	0	0	0	0	0	70	0	0	0	0	0	0	0	0	0	0	0	0	0	0	0	0	0	0	0	0	0	0	0	0	0	0	0	
79080	Frontal_Inf_Orb_R	0	0	0	5042	0	1198	0	6670	0	5986	0	484	0	3788	0	0	0	130	126	398	0	1254	0	1702	0	0	0	872	0	5586	0	856	72	268	0	0	0	576	0	600	0	0	0	0	0	0	0	0	0	0	0	0	0	0	0	0	0	0	0	0	0	0	0	0	0	0	0	0	0	0	0	786	0	3146	0	0	0	0	0	0	0	0	0	0	0	0	0	0	0	0	0	0	0	0	0	0	0	0	0	0	0	0	0	0	0	0	0	0	0	0	0	0	0	0	0	0	
177372	Rolandic_Oper_L	6192	154	6824	194	0	0	588	0	0	0	7102	0	180	0	0	0	0	0	334	1920	0	0	0	0	0	0	0	0	16494	0	0	0	74	398	214	0	1676	0	222	0	0	0	422	0	0	0	182	0	0	0	1254	0	1460	0	1554	0	10118	0	0	0	144	0	4484	0	0	0	232	0	492	1074	0	0	2598	0	1012	0	136	0	3390	0	13394	0	1344	0	1298	0	0	0	1406	0	0	0	0	0	0	0	126	0	0	0	0	0	0	0	0	0	0	0	0	0	0	0	0	0	0	0	
136960	Rolandic_Oper_R	252	2940	304	6828	0	0	300	6166	0	0	70	4842	70	120	0	130	0	0	342	2232	0	336	0	0	0	0	0	0	0	15072	0	158	0	254	0	0	0	2772	0	1162	0	66	0	0	0	66	0	0	0	0	0	0	0	0	0	590	0	2994	0	0	0	0	0	3384	0	0	0	0	0	0	100	996	0	5258	0	134	0	504	0	3648	0	4338	0	1668	0	86	0	0	0	298	0	0	0	0	0	0	0	0	0	0	0	0	0	0	0	0	0	0	0	0	0	0	0	0	0	0	
519680	Supp_Motor_Area_L	2930	1408	53560	23822	0	0	10562	2890	0	0	3282	4936	5410	4952	0	126	334	342	0	48250	0	0	7956	4762	0	0	0	0	5268	5116	7958	10808	8672	28302	172	566	0	622	0	438	0	0	0	0	0	0	0	0	0	0	0	0	0	0	0	630	168	526	0	0	0	0	0	0	0	0	146	272	5548	560	1380	3148	2126	930	0	644	0	0	0	0	318	0	0	0	0	0	0	0	0	0	0	0	0	0	0	0	0	0	0	0	0	0	0	0	0	0	0	0	0	0	0	0	0	0	0	0	
842404	Supp_Motor_Area_R	19994	19788	21030	54496	0	0	8312	4560	0	0	3030	12466	2690	5976	128	398	1920	2232	48250	0	0	316	3154	7974	0	0	0	0	4526	12926	2688	20546	7182	49510	146	1280	0	2096	0	1340	0	140	118	274	0	350	0	136	0	302	222	182	0	150	0	1224	6594	878	0	212	628	0	130	0	0	0	246	1206	12532	27160	4726	15192	3096	1332	964	694	412	20834	72	170	1316	170	68	0	0	190	0	0	0	250	0	0	0	0	0	0	0	0	0	0	0	0	0	0	0	0	0	0	0	78	0	0	0	0	0	0	
68172	Olfactory_L	0	72	0	214	1022	318	0	0	0	0	0	0	0	0	1096	0	0	0	0	0	0	4682	0	336	128	436	1664	394	2368	176	1146	1184	0	0	0	0	450	224	150	106	410	0	0	0	0	0	0	0	0	0	0	0	0	0	398	184	0	146	0	0	0	0	0	0	0	0	0	0	0	0	7016	2652	4742	378	354	0	0	0	0	0	286	0	1176	0	0	0	0	0	178	0	0	0	0	0	0	0	0	0	0	0	0	0	0	0	0	0	0	0	0	0	0	0	0	0	0	0	
102404	Olfactory_R	0	156	0	414	136	1184	0	0	0	140	0	0	0	0	0	1254	0	336	0	316	4682	0	0	568	104	1976	1214	2912	0	2296	1442	4350	0	0	0	0	0	1666	0	1814	0	618	0	0	0	0	0	0	0	0	0	0	0	0	0	84	0	130	0	0	0	0	0	0	0	0	0	0	0	0	6812	8008	3466	3788	172	394	0	406	0	110	0	66	0	188	0	0	0	0	0	0	0	0	0	0	0	0	0	0	0	0	0	0	0	0	0	0	0	0	0	0	0	0	0	0	0	0	
295740	Frontal_Sup_Medial_L	106	0	37674	10060	1596	0	14524	912	118	0	536	0	2066	0	238	0	0	0	7956	3154	0	0	0	17884	1606	422	104	0	4148	76	13036	13372	6066	8790	0	0	0	0	0	0	0	0	0	0	0	0	0	0	0	0	0	0	0	0	0	0	0	0	0	0	0	0	0	0	0	0	0	0	160	0	76	636	2424	130	0	0	0	0	0	0	0	0	0	0	0	0	0	0	0	0	0	0	0	0	0	0	0	0	0	0	0	0	0	0	0	0	0	0	0	0	0	0	0	0	0	0	
324000	Frontal_Sup_Medial_R	250	0	2074	36158	398	4694	660	8010	0	1024	126	688	124	618	0	1702	0	0	4762	7974	336	568	17884	0	876	6128	68	3104	96	1268	5468	24718	3102	11180	0	0	0	0	0	0	0	0	0	0	0	0	0	0	0	0	0	0	0	0	0	0	0	0	0	0	0	0	0	0	0	0	0	0	0	0	462	8544	414	8444	0	78	0	0	0	0	0	0	0	0	0	0	0	0	0	0	0	0	0	0	0	0	0	0	0	0	0	0	0	0	0	0	0	0	0	0	0	0	0	0	0	0	
33696	Frontal_Med_Orb_L	0	0	560	100	3972	0	0	0	682	0	0	0	0	0	524	0	0	0	0	0	128	104	1606	876	0	1384	1554	228	128	0	2596	652	0	0	0	0	0	0	0	0	0	0	0	0	0	0	0	0	0	0	0	0	0	0	0	0	0	0	0	0	0	0	0	0	0	0	0	0	0	0	488	0	1266	0	0	0	0	0	0	0	0	0	0	0	0	0	0	0	0	0	0	0	0	0	0	0	0	0	0	0	0	0	0	0	0	0	0	0	0	0	0	0	0	0	0	0	
75732	Frontal_Med_Orb_R	0	0	0	2980	424	5858	0	0	0	0	0	0	0	0	0	0	0	0	0	0	436	1976	422	6128	1384	0	144	7512	0	0	1626	4614	0	0	0	0	0	0	0	0	0	0	0	0	0	0	0	0	0	0	0	0	0	0	0	0	0	0	0	0	0	0	0	0	0	0	0	0	0	0	438	2440	402	1082	0	0	0	0	0	0	0	0	0	0	0	0	0	0	0	0	0	0	0	0	0	0	0	0	0	0	0	0	0	0	0	0	0	0	0	0	0	0	0	0	0	0	
37616	Rectus_L	0	0	134	0	4146	0	0	0	774	0	0	0	0	0	458	0	0	0	0	0	1664	1214	104	68	1554	144	0	84	160	0	2440	630	0	0	0	0	0	0	0	0	0	0	0	0	0	0	0	0	0	0	0	0	0	0	0	0	0	0	0	0	0	0	0	0	0	0	0	0	0	0	2398	534	2302	0	0	0	0	0	0	0	0	0	0	0	0	0	0	0	0	0	0	0	0	0	0	0	0	0	0	0	0	0	0	0	0	0	0	0	0	0	0	0	0	0	0	0	
70148	Rectus_R	0	0	0	2468	0	8106	0	0	0	936	0	0	0	0	0	872	0	0	0	0	394	2912	0	3104	228	7512	84	0	0	1192	236	2464	0	0	0	0	0	248	0	240	0	0	0	0	0	0	0	0	0	0	0	0	0	0	0	0	0	0	0	0	0	0	0	0	0	0	0	0	0	0	398	1862	262	1556	0	0	0	0	0	0	0	0	0	0	0	0	0	0	0	0	0	0	0	0	0	0	0	0	0	0	0	0	0	0	0	0	0	0	0	0	0	0	0	0	0	0	
634584	Insula_L	9226	1206	40686	4234	5048	0	17484	1410	4008	0	28386	510	40500	116	10884	0	16494	0	5268	4526	2368	0	4148	96	128	0	160	0	0	590	16174	1926	170	586	244	176	6914	188	626	136	440	0	72	68	0	140	0	0	0	116	272	0	840	0	4842	216	5360	498	0	0	100	0	492	172	0	0	0	138	1612	1198	8510	2322	23026	188	1128	0	976	148	5484	0	15032	0	4308	0	4596	68	92	0	10146	76	0	0	0	0	0	0	0	0	0	0	0	0	0	0	0	0	0	0	0	0	0	0	0	0	0	0	
369748	Insula_R	952	4068	1314	14886	0	714	1728	9304	0	1492	812	27248	710	14756	0	5586	0	15072	5116	12926	176	2296	76	1268	0	0	0	1192	590	0	412	7244	204	6176	0	0	0	4364	0	2090	0	266	0	0	0	0	0	0	0	0	0	0	0	0	0	2522	0	1202	0	0	0	0	0	378	0	0	0	0	0	0	606	5056	356	19182	0	208	0	1078	0	1522	0	4182	0	2026	0	1246	0	0	0	2272	0	0	0	0	0	0	0	0	0	0	0	0	0	0	0	0	0	0	0	0	0	0	0	0	0	0	
325568	Cingulum_Ant_L	1858	944	18544	3538	3420	224	3072	740	282	0	10734	366	14540	132	178	0	0	0	7958	2688	1146	1442	13036	5468	2596	1626	2440	236	16174	412	0	11888	5434	1694	308	0	0	228	0	118	0	0	0	100	0	242	0	0	0	184	0	110	0	156	0	346	78	588	0	84	0	0	0	172	0	0	0	188	584	200	8586	4162	11652	1040	0	320	184	0	0	86	0	0	0	0	0	118	0	0	0	140	0	0	0	0	0	0	0	0	0	0	0	0	0	0	0	0	0	0	0	0	0	0	0	0	0	0	
500500	Cingulum_Ant_R	2900	104	5088	30348	286	1898	3668	3242	0	324	2056	6492	2264	4116	0	856	0	158	10808	20546	1184	4350	13372	24718	652	4614	630	2464	1926	7244	11888	0	8028	24572	0	0	0	0	0	0	0	0	0	0	0	0	0	0	0	0	0	0	0	0	0	0	364	0	0	0	0	0	0	0	0	0	0	0	0	66	2952	32886	1102	10954	0	978	0	152	0	0	0	0	0	0	0	0	0	0	0	0	0	0	0	0	0	0	0	0	0	0	0	0	0	0	0	0	0	0	0	0	0	0	0	0	0	0	
188016	Cingulum_Mid_L	850	520	4582	4482	0	0	74	416	0	0	84	88	158	284	0	72	74	0	8672	7182	0	0	6066	3102	0	0	0	0	170	204	5434	8028	0	15274	4404	1340	0	370	0	222	0	0	1712	0	1742	0	100	0	1758	0	1776	0	90	0	0	364	504	654	312	0	202	0	0	0	314	0	8184	620	2022	552	0	282	0	70	0	0	0	0	0	0	0	0	0	0	428	0	0	0	170	0	0	0	0	0	0	0	0	0	0	0	0	0	0	0	0	0	0	0	0	0	0	0	0	0	0	0	
472488	Cingulum_Mid_R	4856	564	5588	20942	0	0	676	2472	0	0	274	6024	268	5596	0	268	398	254	28302	49510	0	0	8790	11180	0	0	0	0	586	6176	1694	24572	15274	0	972	6412	0	226	0	182	0	0	106	882	0	366	0	88	148	0	0	0	0	0	0	282	1684	2454	78	74	0	74	0	0	0	0	1396	6744	6924	9586	238	1848	446	338	182	0	0	0	0	0	250	0	0	0	0	0	0	0	0	0	0	0	0	0	0	0	0	0	0	0	0	0	0	0	0	0	0	0	0	0	0	0	0	0	0	0	
177516	Cingulum_Post_L	2884	1294	0	0	0	0	0	0	0	0	106	0	0	0	0	0	214	0	172	146	0	0	0	0	0	0	0	0	244	0	308	0	4404	972	0	14294	3760	2740	2066	2008	0	0	5136	312	1070	134	2526	320	958	0	980	172	262	398	574	4302	6130	1730	870	0	278	0	0	0	120	0	10526	3730	3556	540	0	0	0	0	0	0	1980	0	282	0	180	180	0	0	732	240	0	0	656	246	0	0	0	0	0	0	1008	70	0	136	0	0	0	0	0	0	0	0	0	0	2812	0	0	0	0	0	
223304	Cingulum_Post_R	3344	2450	0	0	0	0	0	0	0	0	0	0	0	0	0	0	0	0	566	1280	0	0	0	0	0	0	0	0	176	0	0	0	1340	6412	14294	0	2630	6100	902	3672	0	0	172	2604	0	462	582	3504	0	210	122	452	0	1032	236	7626	4376	6510	100	946	0	274	0	70	0	70	2152	16908	3098	2426	0	0	0	0	0	0	4494	542	350	0	120	240	0	0	0	578	0	0	70	652	0	118	0	0	0	0	380	234	0	346	0	0	0	0	0	0	0	0	0	0	6430	0	0	0	0	0	
193100	Hippocampus_L	5052	130	726	80	0	0	110	0	0	0	286	0	148	0	170	0	1676	0	0	0	450	0	0	0	0	0	0	0	6914	0	0	0	0	0	3760	2630	0	1262	11110	926	3872	0	1554	0	0	0	5050	342	0	0	0	0	0	0	12238	914	694	100	0	0	0	0	130	0	0	0	1798	530	1168	0	0	0	5428	0	348	0	5296	0	3602	0	3338	0	514	0	1032	0	164	0	8646	0	408	0	0	0	0	0	3068	0	430	144	0	0	0	0	0	0	0	0	0	0	312	0	0	0	0	0	
334324	Hippocampus_R	1620	2706	288	518	0	122	192	84	0	0	214	98	208	0	0	576	0	2772	622	2096	224	1666	0	0	0	0	0	248	188	4364	228	0	370	226	2740	6100	1262	0	388	37538	0	8048	0	212	0	126	202	4862	0	100	0	262	0	136	162	32276	138	832	0	0	0	94	0	736	0	124	70	4034	2770	662	906	658	842	12334	0	504	3036	7782	246	1024	96	656	0	2058	0	924	0	326	0	5706	0	242	0	0	0	272	154	2806	0	1220	0	0	0	0	0	0	0	0	0	198	1668	0	0	0	0	0	
128132	ParaHippocampal_L	74	0	0	0	0	0	0	0	0	0	0	0	0	0	0	0	222	0	0	0	150	0	0	0	0	0	0	0	626	0	0	0	0	0	2066	902	11110	388	0	384	1140	0	1674	0	730	0	9328	480	0	0	232	0	568	0	11398	332	106	0	0	0	0	0	0	0	0	0	1776	354	0	0	0	0	620	0	0	0	1540	0	218	0	428	0	294	0	462	0	216	0	3210	0	2480	0	138	0	152	126	6414	66	2880	0	84	0	0	0	0	0	0	0	96	222	380	0	0	0	0	0	
278352	ParaHippocampal_R	1026	1238	104	318	0	120	106	0	0	0	108	78	108	0	0	600	0	1162	438	1340	106	1814	0	0	0	0	0	240	136	2090	118	0	222	182	2008	3672	926	37538	384	0	0	8436	0	188	0	0	234	6514	0	0	0	84	0	106	128	29356	96	338	0	0	0	0	0	0	0	0	0	2094	1880	508	484	638	438	8508	0	434	1488	4372	182	528	80	490	0	3690	0	456	0	1904	0	2156	0	360	0	0	120	568	188	3260	0	1386	0	0	0	0	0	0	0	0	0	324	978	0	0	0	0	0	
20632	Amygdala_L	204	0	0	0	0	0	0	0	0	0	0	0	0	0	0	0	0	0	0	0	410	0	0	0	0	0	0	0	440	0	0	0	0	0	0	0	3872	0	1140	0	0	0	0	0	0	0	0	0	0	0	0	0	0	0	2666	0	0	0	0	0	0	0	0	0	0	0	0	0	0	0	0	0	276	0	0	0	242	0	0	0	126	0	324	0	0	0	0	0	616	0	0	0	0	0	0	0	0	0	0	0	0	0	0	0	0	0	0	0	0	0	0	0	0	0	0	0	
63608	Amygdala_R	0	88	0	0	0	0	0	0	0	0	0	0	0	0	0	0	0	66	0	140	0	618	0	0	0	0	0	0	0	266	0	0	0	0	0	0	0	8048	0	8436	0	0	0	0	0	0	0	0	0	0	0	0	0	0	0	6374	0	0	0	0	0	0	0	0	0	0	0	0	0	0	0	0	0	1822	0	0	112	1170	0	0	0	0	0	3374	0	128	0	610	0	552	0	0	0	0	0	0	0	0	0	0	0	0	0	0	0	0	0	0	0	0	0	0	0	0	0	0	
328444	Calcarine_L	298	0	0	0	0	0	0	0	0	0	0	0	0	0	0	0	422	0	0	118	0	0	0	0	0	0	0	0	72	0	0	0	1712	106	5136	172	1554	0	1674	0	0	0	0	4324	21354	1564	16580	1250	15086	590	27132	74	5774	88	4014	534	3258	0	3498	0	4052	0	1320	0	2500	0	25408	696	320	118	0	0	0	0	0	0	0	0	0	0	134	0	0	0	1510	0	0	0	2352	0	506	710	0	0	0	0	1556	910	408	1000	0	0	0	0	0	0	0	0	0	0	4218	120	0	0	0	0	
428372	Calcarine_R	290	2450	132	0	0	0	104	72	0	0	68	80	66	0	0	0	0	0	0	274	0	0	0	0	0	0	0	0	68	0	100	0	0	882	312	2604	0	212	0	188	0	0	4324	0	8348	32086	884	23970	440	20022	342	10028	0	14974	0	17322	86	7916	118	5696	0	3408	0	768	0	518	1848	31170	268	2876	350	0	154	0	92	0	328	116	0	98	0	236	0	0	0	6414	0	0	0	5490	0	2260	0	0	0	0	0	68	0	2526	0	0	0	0	0	0	0	0	0	0	740	0	0	0	0	0	
259980	Cuneus_L	76	0	0	0	0	0	0	0	0	0	0	0	0	0	0	0	0	0	0	0	0	0	0	0	0	0	0	0	0	0	0	0	1742	0	1070	0	0	0	730	0	0	0	21354	8348	0	8544	2392	928	25416	3254	15940	186	2126	134	1840	166	2724	0	6626	128	2756	0	150	0	998	0	17668	1776	88	0	0	0	0	0	0	0	0	0	0	0	0	0	0	0	868	0	0	0	742	86	188	0	0	0	0	0	422	0	206	0	0	0	0	0	0	0	0	0	0	0	318	0	0	0	0	0	
497756	Cuneus_R	480	2500	430	0	0	0	390	70	0	0	140	76	142	0	0	0	0	66	0	350	0	0	0	0	0	0	0	0	140	0	242	0	0	366	134	462	0	126	0	0	0	0	1564	32086	8544	0	458	5640	68	57726	0	20098	0	8756	0	3260	0	4896	0	22674	0	7028	0	3042	0	6838	2176	35272	0	3450	530	0	376	0	0	0	146	138	0	0	0	496	0	0	0	9442	0	0	0	7196	0	312	0	0	0	0	0	0	0	330	0	0	0	0	0	0	0	0	0	0	222	0	0	0	0	0	
472720	Lingual_L	0	0	0	0	0	0	0	0	0	0	0	0	0	0	0	0	182	0	0	0	0	0	0	0	0	0	0	0	0	0	0	0	100	0	2526	582	5050	202	9328	234	0	0	16580	884	2392	458	0	9946	2546	0	12628	0	8064	1200	25918	5670	190	0	198	0	146	0	68	0	766	0	7892	452	0	0	0	0	0	0	0	0	766	0	94	0	0	0	0	0	836	0	0	0	1756	0	22714	7432	2416	568	850	72	21848	3806	26514	9534	530	0	466	144	0	0	0	0	128	236	11030	7524	2460	110	88	236	
535996	Lingual_R	206	632	0	76	0	0	0	0	0	0	0	0	0	0	0	0	0	0	0	136	0	0	0	0	0	0	0	0	0	0	0	0	0	88	320	3504	342	4862	480	6514	0	0	1250	23970	928	5640	9946	0	0	3936	74	1750	344	7958	5228	37010	98	3272	0	1690	0	874	0	130	0	0	350	16278	196	510	66	0	0	0	0	0	310	838	0	0	0	0	0	0	0	800	0	0	206	948	11184	17288	976	1038	292	946	10278	10886	14080	22016	372	0	588	322	98	0	0	0	78	528	17186	13490	3526	428	216	422	
263720	Occipital_Sup_L	0	0	0	0	0	0	0	0	0	0	0	0	0	0	0	0	0	0	0	0	0	0	0	0	0	0	0	0	0	0	0	0	1758	148	958	0	0	0	0	0	0	0	15086	440	25416	68	2546	0	0	0	41862	0	2832	0	512	0	104	0	13542	0	3080	0	76	0	2708	0	14594	1498	0	0	0	0	0	0	0	0	0	0	0	0	0	0	0	0	4008	0	0	0	306	0	0	0	0	0	0	0	0	0	0	0	0	0	0	0	0	0	0	0	0	0	318	0	0	0	0	0	
476056	Occipital_Sup_R	398	2190	404	0	0	0	366	0	0	0	110	74	114	0	0	0	0	0	0	302	0	0	0	0	0	0	0	0	116	0	184	0	0	0	0	210	0	100	0	0	0	0	590	20022	3254	57726	0	3936	0	0	0	32582	0	9936	0	2786	0	3556	0	26686	0	6762	0	3092	0	12510	206	25918	0	1544	402	0	270	0	0	0	0	118	0	0	0	576	0	0	0	12220	0	0	0	7862	0	346	0	0	0	0	0	0	0	380	0	0	0	0	0	0	0	0	0	0	180	0	0	0	0	0	
500600	Occipital_Mid_L	604	110	0	0	0	0	0	0	0	0	0	0	0	0	0	0	1254	0	0	222	0	0	0	0	0	0	0	0	272	0	0	0	1776	0	980	122	0	0	232	0	0	0	27132	342	15940	0	12628	74	41862	0	0	0	22842	0	6628	0	4802	0	19984	0	18444	0	1956	0	23406	0	16022	512	892	202	0	0	0	0	0	0	96	0	162	0	794	0	0	0	22428	0	0	0	6996	0	200	0	0	0	0	0	80	0	66	0	0	0	0	0	0	0	0	0	0	0	238	0	0	0	0	0	
358088	Occipital_Mid_R	200	2316	138	0	0	0	128	0	0	0	0	0	0	0	0	0	0	0	0	182	0	0	0	0	0	0	0	0	0	0	110	0	0	0	172	452	0	262	0	84	0	0	74	10028	186	20098	0	1750	0	32582	0	0	0	12710	0	2870	106	2354	0	12140	0	5228	0	2380	0	18700	0	11268	0	1354	204	0	164	0	0	0	76	0	0	0	0	790	0	0	0	29020	0	0	0	10108	0	248	0	0	0	0	0	0	0	288	0	0	0	0	0	0	0	0	0	0	274	0	0	0	0	0	
190688	Occipital_Inf_L	0	0	0	0	0	0	0	0	0	0	0	0	0	0	0	0	1460	0	0	0	0	0	0	0	0	0	0	0	840	0	0	0	90	0	262	0	0	0	568	0	0	0	5774	0	2126	0	8064	344	2832	0	22842	0	0	0	17590	76	300	0	282	0	510	0	744	0	1160	0	2764	0	0	0	0	0	0	0	0	0	0	0	1048	0	3334	0	0	0	10070	0	0	0	9620	0	544	106	68	0	0	0	244	0	932	120	0	0	0	0	0	0	0	0	0	0	210	340	80	0	0	0	
290800	Occipital_Inf_R	160	2260	106	0	0	0	90	0	0	0	112	0	114	0	0	0	0	0	0	150	0	0	0	0	0	0	0	0	0	0	156	0	0	0	398	1032	0	136	0	106	0	0	88	14974	134	8756	1200	7958	0	9936	0	12710	0	0	326	17928	326	2084	0	1984	0	1658	0	1426	0	2888	0	7522	106	1222	256	0	204	0	0	0	92	0	0	404	0	366	0	0	0	10272	0	0	0	17068	1734	3636	288	222	0	0	322	0	1914	5374	0	0	74	0	0	0	0	0	0	0	704	2984	1440	0	0	0	
503984	Fusiform_L	170	0	260	0	0	0	0	0	0	0	0	0	0	0	126	0	1554	0	0	0	398	0	0	0	0	0	0	0	4842	0	0	0	0	0	574	236	12238	162	11398	128	2666	0	4014	0	1840	0	25918	5228	512	0	6628	0	17590	326	0	2786	372	0	72	0	700	0	1064	0	1032	0	3768	0	0	0	0	0	3202	0	0	0	514	0	2268	0	5138	0	1848	0	10648	0	1668	0	21292	0	29812	3028	4074	488	0	0	12790	548	31286	3720	1634	0	1288	0	0	0	0	0	0	0	4144	4920	1080	0	0	0	
832268	Fusiform_R	1398	1872	238	132	0	0	134	0	0	0	334	0	334	0	0	0	0	590	630	1224	184	84	0	0	0	0	0	0	216	2522	346	0	364	282	4302	7626	914	32276	332	29356	0	6374	534	17322	166	3260	5670	37010	0	2786	0	2870	76	17928	2786	0	1616	1412	0	330	0	1420	0	5514	0	1648	136	11120	2464	964	952	0	860	5992	0	192	1240	2974	176	1114	80	3378	0	5548	0	6890	0	2998	200	21118	8352	32464	1198	1944	440	822	8688	15380	9984	38138	332	146	924	1252	216	252	0	98	84	1272	15880	10318	4022	436	270	414	
311108	Postcentral_L	25250	2854	482	774	0	0	1978	0	0	0	3770	0	492	0	0	0	10118	0	168	6594	0	0	0	0	0	0	0	0	5360	0	78	364	504	1684	6130	4376	694	138	106	96	0	0	3258	86	2724	0	190	98	104	0	4802	106	300	326	372	1616	0	2186	11430	0	18680	0	11128	0	740	0	5716	320	3028	5190	0	386	766	0	106	0	494	0	2320	0	3022	0	0	0	3022	98	0	0	646	110	0	0	0	0	0	0	0	0	0	0	0	0	0	0	0	0	0	0	0	0	174	0	0	0	0	0	
283712	Postcentral_R	2918	25142	1952	224	0	0	1786	378	0	0	408	1716	486	0	0	0	0	2994	526	878	146	130	0	0	0	0	0	0	498	1202	588	0	654	2454	1730	6510	100	832	0	338	0	0	0	7916	0	4896	0	3272	0	3556	0	2354	0	2084	0	1412	2186	0	0	9044	0	5680	0	9144	0	908	0	13376	2200	7124	1968	286	1768	286	316	0	232	198	90	452	0	134	0	0	0	2138	0	0	0	1710	0	126	0	0	0	0	0	0	0	126	0	0	0	0	0	0	0	0	0	0	2284	0	0	0	0	0	
186668	Parietal_Sup_L	404	74	0	0	0	0	0	0	0	0	0	0	0	0	0	0	0	0	0	0	0	0	0	0	0	0	0	0	0	0	0	0	312	78	870	100	0	0	0	0	0	0	3498	118	6626	0	198	0	13542	0	19984	0	282	0	72	0	11430	0	0	0	15362	0	372	0	3438	0	13026	850	412	0	0	0	0	0	0	0	0	0	0	0	0	0	0	0	2124	0	0	0	162	0	0	0	0	0	0	0	0	0	0	0	0	0	0	0	0	0	0	0	0	0	0	0	0	0	0	0	
304460	Parietal_Sup_R	194	1250	200	0	0	0	186	0	0	0	0	0	0	0	0	0	0	0	0	212	0	0	0	0	0	0	0	0	0	0	84	0	0	74	0	946	0	0	0	0	0	0	0	5696	128	22674	0	1690	0	26686	0	12140	0	1984	0	330	0	9044	0	0	0	13874	0	4118	0	13134	0	27094	0	2462	194	0	148	0	0	0	0	0	0	0	0	384	0	0	0	4896	0	0	0	1888	0	0	0	0	0	0	0	0	0	0	0	0	0	0	0	0	0	0	0	0	520	0	0	0	0	0	
221876	Parietal_Inf_L	1752	110	0	0	0	0	0	0	0	0	0	0	0	0	0	0	144	0	0	628	0	0	0	0	0	0	0	0	100	0	0	0	202	0	278	0	0	0	0	0	0	0	4052	0	2756	0	146	0	3080	0	18444	0	510	0	700	0	18680	0	15362	0	0	0	16368	0	21560	0	2760	0	592	526	0	0	0	0	0	0	0	0	0	0	234	0	0	0	1718	0	0	0	236	0	0	0	0	0	0	0	0	0	0	0	0	0	0	0	0	0	0	0	0	0	0	0	0	0	0	0	
200276	Parietal_Inf_R	66	350	0	0	0	0	0	0	0	0	0	0	0	0	0	0	0	0	0	0	0	0	0	0	0	0	0	0	0	0	0	0	0	74	0	274	0	94	0	0	0	0	0	3408	0	7028	0	874	0	6762	0	5228	0	1658	0	1420	0	5680	0	13874	0	0	0	17476	0	17772	0	9334	0	640	92	0	102	0	0	0	0	0	0	0	0	1174	0	0	0	4658	0	0	0	1756	0	172	0	0	0	0	0	0	0	172	0	0	0	0	0	0	0	0	0	0	0	0	0	0	0	0	
110504	SupraMarginal_L	548	0	0	0	0	0	0	0	0	0	0	0	0	0	0	0	4484	0	0	130	0	0	0	0	0	0	0	0	492	0	0	0	0	0	0	0	130	0	0	0	0	0	1320	0	150	0	68	0	76	0	1956	0	744	0	1064	0	11128	0	372	0	16368	0	0	0	6126	0	240	0	0	110	0	0	0	0	0	0	0	0	74	0	5170	0	0	0	4350	0	0	0	152	0	0	0	0	0	0	0	0	0	0	0	0	0	0	0	0	0	0	0	0	0	0	0	0	0	0	0	
188740	SupraMarginal_R	176	722	166	0	0	0	128	0	0	0	112	0	116	0	0	0	0	3384	0	0	0	0	0	0	0	0	0	0	172	378	172	0	0	0	0	70	0	736	0	0	0	0	0	768	0	3042	0	130	0	3092	0	2380	0	1426	0	5514	0	9144	0	4118	0	17476	0	0	0	12908	0	2224	0	80	316	0	440	0	72	0	0	382	0	170	0	5468	0	0	0	11336	0	0	0	7172	0	190	0	0	0	0	0	0	0	190	0	0	0	0	0	0	0	0	0	0	0	0	0	0	0	0	
155912	Angular_L	0	0	0	0	0	0	0	0	0	0	0	0	0	0	0	0	0	0	0	0	0	0	0	0	0	0	0	0	0	0	0	0	314	0	120	0	0	0	0	0	0	0	2500	0	998	0	766	0	2708	0	23406	0	1160	0	1032	0	740	0	3438	0	21560	0	6126	0	0	0	1216	0	74	0	0	0	0	0	0	0	0	0	0	0	2452	0	0	0	8920	0	0	0	426	0	0	0	0	0	0	0	0	0	0	0	0	0	0	0	0	0	0	0	0	0	0	0	0	0	0	0	
232572	Angular_R	0	496	0	0	0	0	0	0	0	0	0	0	0	0	0	0	0	0	0	0	0	0	0	0	0	0	0	0	0	0	0	0	0	0	0	70	0	124	0	0	0	0	0	518	0	6838	0	0	0	12510	0	18700	0	2888	0	1648	0	908	0	13134	0	17772	0	12908	0	0	0	5046	0	342	0	0	0	0	0	0	0	84	0	0	0	3482	0	0	0	14076	0	0	0	4602	0	70	0	0	0	0	0	0	0	70	0	0	0	0	0	0	0	0	0	0	0	0	0	0	0	0	
334564	Precuneus_L	318	0	0	0	0	0	0	0	0	0	0	0	0	0	0	0	232	0	146	246	0	0	0	0	0	0	0	0	0	0	0	0	8184	1396	10526	2152	1798	70	1776	0	0	0	25408	1848	17668	2176	7892	350	14594	206	16022	0	2764	0	3768	136	5716	0	13026	0	2760	0	240	0	1216	0	0	8450	2724	360	0	0	0	0	0	0	0	0	0	0	108	0	0	0	3124	0	0	0	2440	0	760	0	0	0	0	0	2456	0	754	0	0	0	0	0	0	0	0	0	0	0	3472	0	0	0	0	0	
571012	Precuneus_R	788	3160	326	0	0	0	248	120	0	0	124	128	118	0	0	0	0	0	272	1206	0	0	0	0	0	0	0	0	138	0	188	0	620	6744	3730	16908	530	4034	354	2094	0	0	696	31170	1776	35272	452	16278	1498	25918	512	11268	0	7522	0	11120	320	13376	850	27094	0	9334	0	2224	0	5046	8450	0	618	7184	452	0	276	0	0	0	438	234	0	72	0	490	0	0	0	6734	0	0	0	3994	0	1034	0	0	0	0	170	2088	0	1454	0	0	0	0	0	0	0	0	0	0	8262	0	0	0	0	0	
218056	Paracentral_Lobule_L	20468	1838	3224	902	0	0	210	0	0	0	428	0	286	0	0	0	492	0	5548	12532	0	0	160	0	0	0	0	0	1612	0	584	0	2022	6924	3556	3098	1168	2770	0	1880	0	0	320	268	88	0	0	196	0	0	892	0	0	106	0	2464	3028	2200	412	0	592	0	0	0	74	0	2724	618	0	8040	758	100	1802	0	2324	0	10176	90	0	0	330	0	0	0	1094	78	0	0	172	76	0	0	0	0	0	0	0	96	0	0	0	0	0	0	0	0	0	0	0	0	208	0	0	0	0	0	
238112	Paracentral_Lobule_R	8278	6396	486	228	0	0	260	0	0	0	228	0	120	0	108	0	1074	0	560	27160	0	0	0	0	0	0	0	0	1198	0	200	66	552	9586	540	2426	0	662	0	508	0	0	118	2876	0	3450	0	510	0	1544	202	1354	0	1222	0	964	5190	7124	0	2462	526	640	110	80	0	342	360	7184	8040	0	1562	2018	1582	0	604	0	262	4836	66	0	698	0	0	0	0	1296	0	0	0	968	0	0	0	0	0	0	0	0	0	0	0	0	0	0	0	0	0	0	0	72	158	0	0	0	0	0	
259548	Caudate_L	5156	3002	4562	4992	422	322	4584	1782	0	0	9766	204	9778	0	334	0	0	100	1380	4726	7016	6812	76	462	488	438	2398	398	8510	606	8586	2952	0	238	0	0	0	906	0	484	0	0	0	350	0	530	0	66	0	402	0	204	0	256	0	952	0	1968	0	194	0	92	0	316	0	0	0	452	758	1562	0	8212	15662	1364	1066	762	1920	526	0	110	0	0	94	0	0	216	0	0	0	260	0	0	0	0	0	0	0	0	0	0	0	0	0	0	0	0	0	0	0	0	0	0	0	0	0	0	
379204	Caudate_R	3492	4716	5880	16274	0	2542	4170	3812	0	436	2792	3026	2678	1932	0	786	0	996	3148	15192	2652	8008	636	8544	0	2440	534	1862	2322	5056	4162	32886	282	1848	0	0	0	658	0	638	0	0	0	0	0	0	0	0	0	0	0	0	0	0	0	0	386	286	0	0	0	0	0	0	0	0	0	0	100	2018	8212	0	3276	18444	234	4410	70	7696	0	70	0	0	0	0	0	0	0	0	0	0	0	0	0	0	0	0	0	0	0	0	0	0	0	0	0	0	0	0	0	0	0	0	0	0	0	0	
315776	Putamen_L	2376	2584	15778	1840	4960	178	1208	184	1820	0	4092	0	4016	0	3668	0	2598	0	2126	3096	4742	3466	2424	414	1266	402	2302	262	23026	356	11652	1102	0	446	0	0	5428	842	620	438	276	0	0	154	0	376	0	0	0	270	0	164	0	204	3202	860	766	1768	0	148	0	102	0	440	0	0	0	276	1802	1582	15662	3276	0	430	4908	258	1212	446	216	104	3618	0	1400	0	690	180	0	0	3188	198	0	0	0	0	0	0	0	0	0	0	0	0	0	0	0	0	0	0	0	0	0	0	0	0	0	0	
292720	Putamen_R	1554	1278	2100	11076	0	2080	1704	3888	0	2156	174	2166	170	718	0	3146	0	5258	930	1332	378	3788	130	8444	0	1082	0	1556	188	19182	1040	10954	70	338	0	0	0	12334	0	8508	0	1822	0	0	0	0	0	0	0	0	0	0	0	0	0	5992	0	286	0	0	0	0	0	0	0	0	0	0	0	0	1364	18444	430	0	0	2198	0	1786	0	468	0	1602	0	1438	0	294	0	216	0	2218	0	0	0	0	0	0	0	80	0	0	0	0	0	0	0	0	0	0	0	0	0	0	0	0	0	0	
36740	Pallidum_L	360	348	362	124	0	0	0	0	0	0	0	0	0	0	0	0	1012	0	0	964	354	172	0	0	0	0	0	0	1128	0	0	0	0	182	0	0	348	0	0	0	0	0	0	92	0	0	0	0	0	0	0	0	0	0	0	0	106	316	0	0	0	0	0	72	0	0	0	0	2324	604	1066	234	4908	0	0	0	2104	188	0	0	856	0	146	0	0	0	0	0	0	0	0	0	0	0	0	0	0	0	0	0	0	0	0	0	0	0	0	0	0	0	0	0	0	0	0	0	
31456	Pallidum_R	294	570	1442	608	0	0	380	0	0	0	0	78	0	0	0	0	0	134	644	694	0	394	0	78	0	0	0	0	0	208	320	978	0	0	0	0	0	504	0	434	0	0	0	0	0	0	0	0	0	0	0	0	0	0	0	192	0	0	0	0	0	0	0	0	0	0	0	0	0	0	762	4410	258	2198	0	0	0	148	0	0	0	0	0	0	0	0	0	0	0	0	0	0	0	0	0	0	0	0	0	0	0	0	0	0	0	0	0	0	0	0	0	0	0	0	0	0	
141764	Thalamus_L	21256	504	910	72	0	0	1030	0	0	0	420	0	324	0	0	0	136	0	0	412	0	0	0	0	0	0	0	0	976	0	184	0	0	0	1980	4494	5296	3036	1540	1488	242	112	0	328	0	146	766	310	0	0	96	76	0	92	514	1240	494	232	0	0	0	0	0	0	0	0	0	438	10176	262	1920	70	1212	0	2104	0	0	3300	704	0	374	0	116	0	76	0	0	0	304	72	0	0	0	0	0	0	570	156	0	178	0	0	0	0	0	0	0	0	0	0	144	0	0	0	0	0	
168212	Thalamus_R	308	17688	228	1988	0	0	206	210	0	0	0	0	0	0	0	0	0	504	0	20834	0	406	0	0	0	0	0	0	148	1078	0	152	0	0	0	542	0	7782	0	4372	0	1170	0	116	0	138	0	838	0	118	0	0	0	0	0	2974	0	198	0	0	0	0	0	382	0	84	0	234	90	4836	526	7696	446	1786	188	148	3300	0	0	274	0	326	106	146	0	134	0	0	0	764	0	0	0	0	0	82	0	376	0	0	0	0	0	0	0	0	0	0	0	184	0	0	0	0	0	0	
62084	Heschl_L	2978	188	112	148	0	0	134	0	0	0	572	0	196	0	0	0	3390	0	0	72	0	0	0	0	0	0	0	0	5484	0	0	0	0	0	282	350	3602	246	218	182	0	0	0	0	0	0	94	0	0	0	162	0	1048	0	2268	176	2320	90	0	0	0	0	74	0	0	0	0	0	0	66	0	0	216	0	0	0	704	0	0	0	2162	0	0	0	930	0	0	0	2578	0	0	0	0	0	0	0	0	0	0	0	0	0	0	0	0	0	0	0	0	0	0	0	0	0	0	0	
37484	Heschl_R	76	188	0	530	0	0	78	0	0	0	84	74	84	0	0	0	0	3648	0	170	0	110	0	0	0	0	0	0	0	1522	86	0	0	0	0	0	0	1024	0	528	0	0	0	98	0	0	0	0	0	0	0	0	0	404	0	1114	0	452	0	0	0	0	0	170	0	0	0	72	0	0	110	70	104	468	0	0	0	274	0	0	0	4708	0	0	0	1196	0	0	0	1300	0	0	0	0	0	0	0	0	0	0	0	0	0	0	0	0	0	0	0	0	0	0	0	0	0	0	
246828	Temporal_Sup_L	3010	90	4854	120	0	0	704	0	0	0	3248	0	418	0	126	0	13394	0	318	1316	286	0	0	0	0	0	0	0	15032	0	0	0	0	250	180	120	3338	96	428	80	126	0	134	0	0	0	0	0	0	0	794	0	3334	0	5138	80	3022	0	0	0	234	0	5170	0	2452	0	108	0	330	698	0	0	3618	0	856	0	374	0	2162	0	0	0	3310	0	28228	0	252	0	15586	0	0	0	0	0	0	0	0	0	0	0	0	0	0	0	0	0	0	0	0	0	0	0	0	0	0	0	
123100	Temporal_Sup_R	0	334	0	1218	0	0	0	710	0	0	0	250	0	104	0	0	0	4338	0	170	0	66	0	0	0	0	0	0	0	4182	0	0	0	0	180	240	0	656	0	490	0	0	0	236	0	496	0	0	0	576	0	790	0	366	0	3378	0	134	0	384	0	1174	0	5468	0	3482	0	490	0	0	0	0	0	1602	0	0	0	326	0	4708	0	0	0	2930	0	14890	0	434	0	6748	0	0	0	0	0	0	0	0	0	0	0	0	0	0	0	0	0	0	0	0	0	0	0	0	0	0	
63340	Temporal_Pole_Sup_L	208	0	916	0	402	0	0	0	0	0	1358	0	0	0	830	0	1344	0	0	68	1176	0	0	0	0	0	0	0	4308	0	0	0	0	0	0	0	514	0	294	0	324	0	0	0	0	0	0	0	0	0	0	0	0	0	1848	0	0	0	0	0	0	0	0	0	0	0	0	0	0	0	94	0	1400	0	146	0	116	106	0	0	3310	0	0	0	4344	0	4706	0	3858	0	0	0	0	0	0	0	0	0	0	0	0	0	0	0	0	0	0	0	0	0	0	0	0	0	0	0	
74244	Temporal_Pole_Sup_R	0	468	0	310	0	0	0	1172	0	0	0	0	0	0	0	0	0	1668	0	0	0	188	0	0	0	0	0	0	0	2026	0	0	0	0	0	0	0	2058	0	3690	0	3374	0	0	0	0	0	0	0	0	0	0	0	0	0	5548	0	0	0	0	0	0	0	0	0	0	0	0	0	0	0	0	0	1438	0	0	0	146	0	0	0	2930	0	0	0	2288	0	6196	0	3622	0	0	0	0	0	0	0	0	0	0	0	0	0	0	0	0	0	0	0	0	0	0	0	0	0	0	
324016	Temporal_Mid_L	182	0	530	0	0	0	208	0	0	0	268	0	164	0	0	0	1298	0	0	0	0	0	0	0	0	0	0	0	4596	0	0	0	428	0	732	0	1032	0	462	0	0	0	1510	0	868	0	836	0	4008	0	22428	0	10070	0	10648	0	3022	0	2124	0	1718	0	4350	0	8920	0	3124	0	1094	0	0	0	690	0	0	0	76	0	930	0	28228	0	4344	0	0	0	4474	0	38646	0	0	0	0	0	0	0	0	0	0	0	0	0	0	0	0	0	0	0	0	0	0	0	0	0	0	0	
351756	Temporal_Mid_R	214	2282	142	0	0	0	116	0	0	0	66	0	70	0	0	0	0	86	0	190	0	0	0	0	0	0	0	0	68	1246	118	0	0	0	240	578	0	924	0	456	0	128	0	6414	0	9442	0	800	0	12220	0	29020	0	10272	0	6890	98	2138	0	4896	0	4658	0	11336	0	14076	0	6734	78	1296	216	0	180	294	0	0	0	134	0	1196	0	14890	0	2288	0	0	0	1346	0	27098	0	328	0	0	0	0	0	0	0	346	0	0	0	0	0	0	0	0	0	0	270	0	0	0	0	0	
31072	Temporal_Pole_Mid_L	0	0	0	0	0	0	0	0	0	0	0	0	0	0	0	0	0	0	0	0	0	0	0	0	0	0	0	0	92	0	0	0	0	0	0	0	164	0	216	0	0	0	0	0	0	0	0	0	0	0	0	0	0	0	1668	0	0	0	0	0	0	0	0	0	0	0	0	0	0	0	0	0	0	0	0	0	0	0	0	0	252	0	4706	0	4474	0	0	0	3964	0	0	0	0	0	0	0	0	0	0	0	0	0	0	0	0	0	0	0	0	0	0	0	0	0	0	0	
34688	Temporal_Pole_Mid_R	0	0	0	0	0	0	0	0	0	0	0	0	0	0	0	0	0	0	0	0	0	0	0	0	0	0	0	0	0	0	0	0	0	0	0	0	0	326	0	1904	0	610	0	0	0	0	0	0	0	0	0	0	0	0	0	2998	0	0	0	0	0	0	0	0	0	0	0	0	0	0	0	0	0	216	0	0	0	0	0	0	0	434	0	6196	0	1346	0	0	0	3314	0	0	0	0	0	0	0	0	0	0	0	0	0	0	0	0	0	0	0	0	0	0	0	0	0	0	
316456	Temporal_Inf_L	320	0	1298	0	0	0	208	0	0	0	324	0	210	0	70	0	1406	0	0	0	178	0	0	0	0	0	0	0	10146	0	0	0	170	0	656	70	8646	0	3210	0	616	0	2352	0	742	0	1756	206	306	0	6996	0	9620	0	21292	200	646	0	162	0	236	0	152	0	426	0	2440	0	172	0	0	0	3188	0	0	0	304	0	2578	0	15586	0	3858	0	38646	0	3964	0	0	0	4860	324	1974	0	0	0	1996	226	3512	494	268	0	168	0	0	0	0	0	0	0	582	394	74	0	0	0	
322412	Temporal_Inf_R	166	2086	186	0	0	0	116	0	0	0	122	0	124	0	0	0	0	298	0	250	0	0	0	0	0	0	0	0	76	2272	140	0	0	0	246	652	0	5706	0	2156	0	552	0	5490	86	7196	0	948	0	7862	0	10108	0	17068	0	21118	110	1710	0	1888	0	1756	0	7172	0	4602	0	3994	76	968	260	0	198	2218	0	0	72	764	0	1300	0	6748	0	3622	0	27098	0	3314	0	0	0	3534	0	550	0	112	0	418	0	1908	0	74	0	912	0	114	0	0	0	174	516	0	0	0	0	0	
649948	Cerebelum_Crus1_L	0	0	0	0	0	0	0	0	0	0	0	0	0	0	0	0	0	0	0	0	0	0	0	0	0	0	0	0	0	0	0	0	0	0	0	0	408	0	2480	0	0	0	506	0	188	0	22714	11184	0	0	200	0	544	1734	29812	8352	0	0	0	0	0	0	0	0	0	0	760	0	0	0	0	0	0	0	0	0	0	0	0	0	0	0	0	0	0	0	0	0	4860	0	0	13932	39554	6216	926	210	28084	4200	63652	14510	15502	798	14864	1690	720	68	108	0	0	262	13522	11772	10188	350	104	0	
676480	Cerebelum_Crus1_R	0	92	0	0	0	0	0	0	0	0	0	0	0	0	0	0	0	0	0	0	0	0	0	0	0	0	0	0	0	0	0	0	0	0	0	118	0	242	0	360	0	0	710	2260	0	312	7432	17288	0	346	0	248	106	3636	3028	32464	0	126	0	0	0	172	0	190	0	70	0	1034	0	0	0	0	0	0	0	0	0	0	0	0	0	0	0	0	0	328	0	0	324	3534	13932	0	5586	33854	554	1846	13712	21444	16644	61940	1808	5536	3236	20338	416	1820	0	408	172	2770	25154	16364	14330	794	552	610	
462336	Cerebelum_Crus2_L	0	0	0	0	0	0	0	0	0	0	0	0	0	0	0	0	0	0	0	0	0	0	0	0	0	0	0	0	0	0	0	0	0	0	0	0	0	0	138	0	0	0	0	0	0	0	2416	976	0	0	0	0	68	288	4074	1198	0	0	0	0	0	0	0	0	0	0	0	0	0	0	0	0	0	0	0	0	0	0	0	0	0	0	0	0	0	0	0	0	1974	0	39554	5586	0	22434	658	436	6628	1456	12732	3020	40054	7640	37418	9802	3058	820	520	0	318	602	3604	1490	17628	2508	1594	476	
447040	Cerebelum_Crus2_R	0	0	0	0	0	0	0	0	0	0	0	0	0	0	0	0	0	0	0	0	0	0	0	0	0	0	0	0	0	0	0	0	0	0	0	0	0	0	0	0	0	0	0	0	0	0	568	1038	0	0	0	0	0	222	488	1944	0	0	0	0	0	0	0	0	0	0	0	0	0	0	0	0	0	0	0	0	0	0	0	0	0	0	0	0	0	0	0	0	0	550	6216	33854	22434	0	630	1618	5932	3542	5290	7624	11282	21470	14692	38276	1972	3224	296	322	496	1654	4592	3044	21164	4254	3516	1316	
43672	Cerebelum_3_L	0	0	0	0	0	0	0	0	0	0	0	0	0	0	0	0	0	0	0	0	0	0	0	0	0	0	0	0	0	0	0	0	0	0	0	0	0	0	152	120	0	0	0	0	0	0	850	292	0	0	0	0	0	0	0	440	0	0	0	0	0	0	0	0	0	0	0	0	0	0	0	0	0	0	0	0	0	0	0	0	0	0	0	0	0	0	0	0	0	0	926	554	658	630	0	232	4878	484	1298	596	146	0	960	334	616	80	0	0	944	2826	2096	332	794	218	260	120	
72656	Cerebelum_3_R	0	0	0	0	0	0	0	0	0	0	0	0	0	0	0	0	0	0	0	0	0	0	0	0	0	0	0	0	0	0	0	0	0	0	0	0	0	272	126	568	0	0	0	0	0	0	72	946	0	0	0	0	0	0	0	822	0	0	0	0	0	0	0	0	0	0	0	0	0	0	0	0	0	0	0	0	0	82	0	0	0	0	0	0	0	0	0	0	0	112	210	1846	436	1618	232	0	582	6480	438	4232	100	286	714	2584	0	1176	0	68	1254	5756	1596	390	1214	1012	1006	98	
508400	Cerebelum_4_5_L	0	0	0	0	0	0	0	0	0	0	0	0	0	0	0	0	126	0	0	0	0	0	0	0	0	0	0	0	0	0	0	0	0	0	1008	380	3068	154	6414	188	0	0	1556	0	422	0	21848	10278	0	0	80	0	244	322	12790	8688	0	0	0	0	0	0	0	0	0	0	2456	170	0	0	0	0	0	0	0	0	570	0	0	0	0	0	0	0	0	0	0	0	1996	0	28084	13712	6628	5932	4878	582	0	7426	37720	15300	2040	588	6774	2738	2046	354	620	0	728	2014	24382	9366	7162	852	842	674	
348352	Cerebelum_4_5_R	96	92	0	0	0	0	0	0	0	0	0	0	0	0	0	0	0	0	0	0	0	0	0	0	0	0	0	0	0	0	0	0	0	0	70	234	0	2806	66	3260	0	0	910	68	0	0	3806	10886	0	0	0	0	0	0	548	15380	0	0	0	0	0	0	0	0	0	0	0	2088	96	0	0	0	0	80	0	0	156	376	0	0	0	0	0	0	0	0	0	0	226	418	4200	21444	1456	3542	484	6480	7426	0	5632	35696	338	674	1536	4840	172	1574	0	518	420	7298	22192	2036	2358	1008	974	216	
650124	Cerebelum_6_L	0	0	0	0	0	0	0	0	0	0	0	0	0	0	0	0	0	0	0	0	0	0	0	0	0	0	0	0	0	0	0	0	0	0	0	0	430	0	2880	0	0	0	408	0	206	0	26514	14080	0	0	66	0	932	1914	31286	9984	0	0	0	0	0	0	0	0	0	0	754	0	0	0	0	0	0	0	0	0	0	0	0	0	0	0	0	0	0	0	0	0	3512	0	63652	16644	12732	5290	1298	438	37720	5632	0	19268	6820	344	7174	2836	1018	288	728	0	0	624	18862	18660	10032	830	724	482	
671100	Cerebelum_6_R	0	96	0	0	0	0	0	0	0	0	0	0	0	0	0	0	0	0	0	0	0	0	0	0	0	0	0	0	0	0	0	0	0	0	136	346	144	1220	0	1386	0	0	1000	2526	0	330	9534	22016	0	380	0	288	120	5374	3720	38138	0	126	0	0	0	172	0	190	0	70	0	1454	0	0	0	0	0	0	0	0	178	0	0	0	0	0	0	0	0	346	0	0	494	1908	14510	61940	3020	7624	596	4232	15300	35696	19268	0	796	1268	1942	7916	314	1250	0	834	310	5048	31006	19964	9236	764	458	566	
310428	Cerebelum_7b_L	0	0	0	0	0	0	0	0	0	0	0	0	0	0	0	0	0	0	0	0	0	0	0	0	0	0	0	0	0	0	0	0	0	0	0	0	0	0	84	0	0	0	0	0	0	0	530	372	0	0	0	0	0	0	1634	332	0	0	0	0	0	0	0	0	0	0	0	0	0	0	0	0	0	0	0	0	0	0	0	0	0	0	0	0	0	0	0	0	268	0	15502	1808	40054	11282	146	100	2040	338	6820	796	0	7688	39374	6680	4218	416	1520	0	0	120	668	678	7228	3720	626	172	
169092	Cerebelum_7b_R	0	0	0	0	0	0	0	0	0	0	0	0	0	0	0	0	0	0	0	0	0	0	0	0	0	0	0	0	0	0	0	0	0	0	0	0	0	0	0	0	0	0	0	0	0	0	0	0	0	0	0	0	0	0	0	146	0	0	0	0	0	0	0	0	0	0	0	0	0	0	0	0	0	0	0	0	0	0	0	0	0	0	0	0	0	0	0	0	0	74	798	5536	7640	21470	0	286	588	674	344	1268	7688	0	4710	22934	628	1288	118	96	0	432	592	140	3036	3878	182	0	
431612	Cerebelum_8_L	0	0	0	0	0	0	0	0	0	0	0	0	0	0	0	0	0	0	0	0	0	0	0	0	0	0	0	0	0	0	0	0	0	0	0	0	0	0	0	0	0	0	0	0	0	0	466	588	0	0	0	0	0	74	1288	924	0	0	0	0	0	0	0	0	0	0	0	0	0	0	0	0	0	0	0	0	0	0	0	0	0	0	0	0	0	0	0	0	168	0	14864	3236	37418	14692	960	714	6774	1536	7174	1942	39374	4710	0	10788	22026	5150	3736	80	416	788	3394	846	15324	9254	5784	1318	
391524	Cerebelum_8_R	0	0	0	0	0	0	0	0	0	0	0	0	0	0	0	0	0	0	0	0	0	0	0	0	0	0	0	0	0	0	0	0	0	0	0	0	0	0	0	0	0	0	0	0	0	0	144	322	0	0	0	0	0	0	0	1252	0	0	0	0	0	0	0	0	0	0	0	0	0	0	0	0	0	0	0	0	0	0	0	0	0	0	0	0	0	0	0	0	0	912	1690	20338	9802	38276	334	2584	2738	4840	2836	7916	6680	22934	10788	0	2064	17570	264	1934	772	2872	3360	1734	10694	10366	7414	2332	
115296	Cerebelum_9_L	0	0	0	0	0	0	0	0	0	0	0	0	0	0	0	0	0	0	0	0	0	0	0	0	0	0	0	0	0	0	0	0	0	0	0	0	0	0	0	0	0	0	0	0	0	0	0	98	0	0	0	0	0	0	0	216	0	0	0	0	0	0	0	0	0	0	0	0	0	0	0	0	0	0	0	0	0	0	0	0	0	0	0	0	0	0	0	0	0	0	720	416	3058	1972	616	0	2046	172	1018	314	4218	628	22026	2064	0	3362	4546	0	70	92	510	136	2136	2930	3170	1114	
121552	Cerebelum_9_R	0	0	0	0	0	0	0	0	0	0	0	0	0	0	0	0	0	0	0	0	0	0	0	0	0	0	0	0	0	0	0	0	0	0	0	0	0	0	0	0	0	0	0	0	0	0	0	0	0	0	0	0	0	0	0	252	0	0	0	0	0	0	0	0	0	0	0	0	0	0	0	0	0	0	0	0	0	0	0	0	0	0	0	0	0	0	0	0	0	114	68	1820	820	3224	80	1176	354	1574	288	1250	416	1288	5150	17570	3362	0	136	2494	346	666	532	84	2420	5782	7540	1970	
26752	Cerebelum_10_L	0	0	0	0	0	0	0	0	0	0	0	0	0	0	0	0	0	0	0	0	0	0	0	0	0	0	0	0	0	0	0	0	0	0	0	0	0	0	0	0	0	0	0	0	0	0	0	0	0	0	0	0	0	0	0	0	0	0	0	0	0	0	0	0	0	0	0	0	0	0	0	0	0	0	0	0	0	0	0	0	0	0	0	0	0	0	0	0	0	0	108	0	520	296	0	0	620	0	728	0	1520	118	3736	264	4546	136	0	0	0	0	0	70	386	154	104	70	
14296	Cerebelum_10_R	0	0	0	0	0	0	0	0	0	0	0	0	0	0	0	0	0	0	0	0	0	0	0	0	0	0	0	0	0	0	0	0	0	0	0	0	0	0	0	0	0	0	0	0	0	0	0	0	0	0	0	0	0	0	0	98	0	0	0	0	0	0	0	0	0	0	0	0	0	0	0	0	0	0	0	0	0	0	0	0	0	0	0	0	0	0	0	0	0	0	0	408	0	322	0	68	0	518	0	834	0	96	80	1934	0	2494	0	0	0	0	0	0	92	96	108	0	
