data	data	689548	307560	1.16859e+06	833976	153572	125984	489824	338436	206088	57032	274308	211284	230412	214088	259516	109112	240908	119116	1.01714e+06	1.03017e+06	110416	114900	409952	390016	25384	74364	71068	76308	688116	392040	295532	425180	284492	655848	165980	207472	291584	414920	69252	256304	45188	77464	271396	431660	172172	337780	274368	351308	280868	276536	587928	162660	110712	51788	353832	469720	314880	224788	184824	104460	198732	100252	158260	86280	249356	113896	284560	341948	477772	286340	355156	407072	460116	375132	74008	15648	170756	212152	108872	8060	272796	125132	172948	60840	387360	229728	29912	43596	308752	215016	431640	473180	277596	229500	49904	74128	283472	252828	523416	531916	163340	129348	262576	312180	110608	187968	17432	24196	29144	55084	357428	414500	176860	168904	147252	69472	
data	data	Precentral_L	Precentral_R	Frontal_Sup_L	Frontal_Sup_R	Frontal_Sup_Orb_L	Frontal_Sup_Orb_R	Frontal_Mid_L	Frontal_Mid_R	Frontal_Mid_Orb_L	Frontal_Mid_Orb_R	Frontal_Inf_Oper_L	Frontal_Inf_Oper_R	Frontal_Inf_Tri_L	Frontal_Inf_Tri_R	Frontal_Inf_Orb_L	Frontal_Inf_Orb_R	Rolandic_Oper_L	Rolandic_Oper_R	Supp_Motor_Area_L	Supp_Motor_Area_R	Olfactory_L	Olfactory_R	Frontal_Sup_Medial_L	Frontal_Sup_Medial_R	Frontal_Med_Orb_L	Frontal_Med_Orb_R	Rectus_L	Rectus_R	Insula_L	Insula_R	Cingulum_Ant_L	Cingulum_Ant_R	Cingulum_Mid_L	Cingulum_Mid_R	Cingulum_Post_L	Cingulum_Post_R	Hippocampus_L	Hippocampus_R	ParaHippocampal_L	ParaHippocampal_R	Amygdala_L	Amygdala_R	Calcarine_L	Calcarine_R	Cuneus_L	Cuneus_R	Lingual_L	Lingual_R	Occipital_Sup_L	Occipital_Sup_R	Occipital_Mid_L	Occipital_Mid_R	Occipital_Inf_L	Occipital_Inf_R	Fusiform_L	Fusiform_R	Postcentral_L	Postcentral_R	Parietal_Sup_L	Parietal_Sup_R	Parietal_Inf_L	Parietal_Inf_R	SupraMarginal_L	SupraMarginal_R	Angular_L	Angular_R	Precuneus_L	Precuneus_R	Paracentral_Lobule_L	Paracentral_Lobule_R	Caudate_L	Caudate_R	Putamen_L	Putamen_R	Pallidum_L	Pallidum_R	Thalamus_L	Thalamus_R	Heschl_L	Heschl_R	Temporal_Sup_L	Temporal_Sup_R	Temporal_Pole_Sup_L	Temporal_Pole_Sup_R	Temporal_Mid_L	Temporal_Mid_R	Temporal_Pole_Mid_L	Temporal_Pole_Mid_R	Temporal_Inf_L	Temporal_Inf_R	Cerebelum_Crus1_L	Cerebelum_Crus1_R	Cerebelum_Crus2_L	Cerebelum_Crus2_R	Cerebelum_3_L	Cerebelum_3_R	Cerebelum_4_5_L	Cerebelum_4_5_R	Cerebelum_6_L	Cerebelum_6_R	Cerebelum_7b_L	Cerebelum_7b_R	Cerebelum_8_L	Cerebelum_8_R	Cerebelum_9_L	Cerebelum_9_R	Cerebelum_10_L	Cerebelum_10_R	Vermis_1_2	Vermis_3	Vermis_4_5	Vermis_6	Vermis_7	Vermis_8	Vermis_9	Vermis_10	
689548	Precentral_L	0	1740	42638	4036	0	0	26034	428	376	0	13842	0	1934	0	456	0	10228	0	28102	15364	0	0	170	212	0	0	0	0	13074	454	284	0	1488	9484	4738	2230	7068	1906	386	554	0	0	364	0	964	0	132	0	1984	0	6416	0	1342	0	1646	398	34520	132	1680	0	2484	0	1576	0	1544	0	2692	126	50824	6116	5050	284	5676	124	4030	0	15294	1412	2982	0	2552	0	1030	0	2516	0	0	0	1552	0	0	0	0	0	0	0	0	0	106	0	0	0	0	0	0	0	0	0	0	0	0	0	0	0	0	0	
307560	Precentral_R	1740	0	2040	18042	0	0	0	18716	0	0	0	5498	0	406	0	0	0	3004	2750	7730	0	0	0	0	0	0	0	0	134	5368	0	244	0	504	1426	2040	1224	11234	0	3634	0	0	0	516	0	204	0	358	0	166	0	0	0	248	0	2740	0	11568	0	148	0	612	0	726	0	0	0	436	1006	5958	1748	7342	0	11924	0	1416	954	18198	134	194	0	794	0	0	0	310	0	0	0	346	0	0	0	0	0	0	0	0	0	0	0	0	0	0	0	0	0	0	0	0	0	0	0	0	0	0	
1.16859e+06	Frontal_Sup_L	42638	2040	0	10392	5926	142	64314	2622	6842	0	14642	298	14472	848	8910	476	9842	0	105880	22954	0	0	42536	6620	1424	0	0	0	41054	1404	11866	3446	7306	10722	1142	1028	8840	1010	642	0	222	0	0	0	0	0	0	0	0	0	564	0	0	0	1730	0	6772	0	786	0	490	0	246	0	692	0	634	0	21488	360	17880	1712	39326	148	9288	0	11284	974	2648	0	4784	0	6258	0	1214	0	0	0	2518	0	0	0	0	0	0	0	0	0	0	0	0	0	0	0	0	0	0	0	0	0	0	0	0	0	0	0	
833976	Frontal_Sup_R	4036	18042	10392	0	0	5170	2302	36382	420	496	556	11258	168	13390	554	4306	112	5014	16834	75306	0	0	9264	37656	0	1686	0	0	1378	19554	3744	26122	1790	17378	976	1156	892	6876	116	1764	0	0	0	0	0	0	0	0	0	0	0	0	0	0	0	912	274	840	0	0	0	154	0	0	0	0	0	0	1782	238	5242	31686	670	20840	0	878	168	17030	186	0	188	400	410	0	0	0	0	0	0	0	0	0	0	0	0	0	0	0	0	0	0	0	0	0	0	0	0	0	0	0	0	0	0	0	0	0	
153572	Frontal_Sup_Orb_L	0	0	5926	0	0	418	742	0	13382	274	0	0	172	0	11410	0	0	0	0	0	3726	1650	2944	0	3348	158	8652	634	2738	0	4696	702	0	0	0	0	0	0	0	0	0	0	0	0	0	0	0	0	0	0	0	0	0	0	0	0	0	0	0	0	0	0	0	0	0	0	0	0	0	0	7110	1036	6936	0	0	0	0	0	0	0	0	0	132	0	0	0	0	0	0	0	0	0	0	0	0	0	0	0	0	0	0	0	0	0	0	0	0	0	0	0	0	0	0	0	0	0	
125984	Frontal_Sup_Orb_R	0	0	142	5170	418	0	0	1774	270	6824	0	134	0	192	464	3394	0	0	184	1256	1548	2040	546	5508	132	6872	582	7630	292	1164	940	2494	0	0	0	0	0	0	0	0	0	0	0	0	0	0	0	0	0	0	0	0	0	0	0	0	0	0	0	0	0	0	0	0	0	0	0	0	0	0	1914	6118	592	4398	0	0	0	0	0	0	0	0	0	0	0	0	0	0	0	0	0	0	0	0	0	0	0	0	0	0	0	0	0	0	0	0	0	0	0	0	0	0	0	0	0	0	
489824	Frontal_Mid_L	26034	0	64314	2302	742	0	0	456	4372	0	17314	0	29358	0	3904	0	5892	0	12626	1648	0	0	22362	3644	0	0	0	0	23096	238	3044	1406	5184	2404	330	300	598	286	0	0	0	0	0	0	0	0	0	0	0	0	0	0	0	0	0	0	3738	0	0	0	0	0	0	0	0	0	0	0	146	0	530	498	1740	0	176	0	624	268	826	0	1690	0	2822	0	0	0	0	0	0	0	0	0	0	0	0	0	0	0	0	0	0	0	0	0	0	0	0	0	0	0	0	0	0	0	0	0	
338436	Frontal_Mid_R	428	18716	2622	36382	0	1774	456	0	0	1048	0	14948	0	18048	0	3666	0	3172	3562	8208	0	0	1264	4466	0	0	0	0	166	14230	532	3276	444	3836	198	216	192	2804	0	580	0	0	0	0	0	0	0	0	0	0	0	0	0	0	0	318	138	0	0	0	0	0	0	0	0	0	0	0	0	0	3340	3846	0	12718	0	500	146	2978	0	0	0	0	0	0	0	0	0	0	0	0	0	0	0	0	0	0	0	0	0	0	0	0	0	0	0	0	0	0	0	0	0	0	0	0	0	0	
206088	Frontal_Mid_Orb_L	376	0	6842	420	13382	270	4372	0	0	128	802	0	4438	0	29654	0	0	0	4608	184	1396	694	350	192	224	0	4748	346	13470	0	804	434	144	0	0	0	0	0	0	0	132	0	0	0	0	0	0	0	0	0	0	0	0	0	0	0	210	0	0	0	0	0	0	0	0	0	0	0	0	0	2744	602	10720	0	0	0	0	0	0	0	0	0	358	0	0	0	0	0	0	0	0	0	0	0	0	0	0	0	0	0	0	0	0	0	0	0	0	0	0	0	0	0	0	0	0	0	
57032	Frontal_Mid_Orb_R	0	0	0	496	274	6824	0	1048	128	0	0	0	0	490	228	6522	0	0	0	114	1038	1088	0	0	0	520	354	2082	0	1214	0	0	0	0	0	0	0	0	0	0	0	0	0	0	0	0	0	0	0	0	0	0	0	0	0	0	0	0	0	0	0	0	0	0	0	0	0	0	0	0	1036	1530	372	3158	0	0	0	0	0	0	0	0	0	0	0	0	0	0	0	0	0	0	0	0	0	0	0	0	0	0	0	0	0	0	0	0	0	0	0	0	0	0	0	0	0	0	
274308	Frontal_Inf_Oper_L	13842	0	14642	556	0	0	17314	0	802	0	0	0	12758	0	952	252	12498	0	11176	140	0	0	594	614	0	0	0	0	22770	0	1380	136	426	136	0	0	660	0	0	0	0	0	0	0	0	0	0	0	0	0	0	0	0	0	268	0	3652	0	0	0	0	0	0	0	0	0	0	0	0	0	932	828	1682	0	0	0	180	0	1008	0	5442	0	11058	0	456	0	0	0	0	0	0	0	0	0	0	0	0	0	0	0	0	0	0	0	0	0	0	0	0	0	0	0	0	0	0	0	
211284	Frontal_Inf_Oper_R	0	5498	298	11258	0	134	0	14948	0	0	0	0	0	16870	0	258	0	7792	726	10388	0	0	0	738	0	0	0	0	0	18904	0	226	0	2516	166	174	158	1314	0	0	0	0	0	0	0	0	0	0	0	0	0	0	0	0	0	0	0	722	0	0	0	0	0	0	0	0	0	0	0	0	0	590	0	9378	0	0	0	2130	0	0	0	126	0	330	0	0	0	0	0	0	0	0	0	0	0	0	0	0	0	0	0	0	0	0	0	0	0	0	0	0	0	0	0	0	0	0	
230412	Frontal_Inf_Tri_L	1934	0	14472	168	172	0	29358	0	4438	0	12758	0	0	0	9996	0	1180	0	6794	238	0	0	1918	346	0	0	0	0	23174	0	1836	136	902	232	0	0	0	0	0	0	0	0	0	0	0	0	0	0	0	0	0	0	0	0	0	0	0	0	0	0	0	0	0	0	0	0	0	0	0	0	1046	220	1514	0	0	0	0	0	0	0	514	0	1652	0	208	0	0	0	0	0	0	0	0	0	0	0	0	0	0	0	0	0	0	0	0	0	0	0	0	0	0	0	0	0	0	0	
214088	Frontal_Inf_Tri_R	0	406	848	13390	0	192	0	18048	0	490	0	16870	0	0	0	8030	0	710	1950	12058	0	0	386	2608	0	0	0	0	0	17994	364	978	414	6878	0	0	0	336	0	0	0	0	0	0	0	0	0	0	0	0	0	0	0	0	0	0	0	0	0	0	0	0	0	0	0	0	0	0	0	0	0	710	0	2792	0	0	0	334	0	0	0	142	0	0	0	116	0	0	0	0	0	0	0	0	0	0	0	0	0	0	0	0	0	0	0	0	0	0	0	0	0	0	0	0	0	0	
259516	Frontal_Inf_Orb_L	456	0	8910	554	11410	464	3904	0	29654	228	952	0	9996	0	0	0	0	0	6898	242	3584	1408	460	286	0	0	4100	536	21344	0	842	358	236	0	0	0	0	0	0	0	218	0	0	0	0	0	0	0	0	0	0	0	0	0	0	0	212	0	0	0	0	0	0	0	0	0	0	0	0	0	4392	1100	15324	0	0	0	0	0	0	0	0	0	1690	0	0	0	0	0	0	0	0	0	0	0	0	0	0	0	0	0	0	0	0	0	0	0	0	0	0	0	0	0	0	0	0	0	
109112	Frontal_Inf_Orb_R	0	0	476	4306	0	3394	0	3666	0	6522	252	258	0	8030	0	0	140	0	970	4064	0	246	236	1194	0	0	0	822	350	6044	0	206	0	2802	0	0	0	118	0	0	0	112	0	0	0	0	0	0	0	0	0	0	0	0	0	290	0	0	0	0	0	0	0	0	0	0	0	0	0	0	818	2656	184	4754	0	0	0	0	0	0	142	0	206	596	0	132	0	356	0	214	0	0	0	0	0	0	0	0	0	0	0	0	0	0	0	0	0	0	0	0	0	0	0	0	0	0	
240908	Rolandic_Oper_L	10228	0	9842	112	0	0	5892	0	0	0	12498	0	1180	0	0	140	0	0	5592	0	0	0	0	118	0	0	0	0	18208	0	170	0	196	0	0	0	1230	0	0	0	0	0	0	0	114	0	0	0	538	0	4104	0	0	0	682	0	9764	0	996	0	1570	0	6488	0	1610	0	688	0	348	0	426	260	304	0	0	0	154	0	6736	0	11882	0	3108	0	4412	0	0	0	712	0	0	0	0	0	0	0	0	0	152	0	0	0	0	0	0	0	0	0	0	0	0	0	0	0	0	0	
119116	Rolandic_Oper_R	0	3004	0	5014	0	0	0	3172	0	0	0	7792	0	710	0	0	0	0	0	3750	0	0	0	0	0	0	0	0	0	14672	0	0	0	0	0	142	0	1594	0	950	0	0	0	0	0	0	0	0	0	136	0	0	0	0	0	936	0	3268	0	182	0	390	0	2706	0	0	0	0	0	206	0	274	0	3466	0	0	0	968	0	1136	0	2318	0	424	0	1200	0	0	0	1148	0	0	0	0	0	0	0	0	0	0	0	0	0	0	0	0	0	0	0	0	0	0	0	0	0	0	
1.01714e+06	Supp_Motor_Area_L	28102	2750	105880	16834	0	184	12626	3562	4608	0	11176	726	6794	1950	6898	970	5592	0	0	61234	0	0	13798	10300	0	0	0	0	27172	2114	5662	6162	18872	36140	134	296	6186	110	514	0	220	0	0	0	0	0	0	0	0	0	0	0	0	0	1458	0	2170	0	0	0	110	0	0	0	122	0	116	0	22934	4500	17720	2744	31634	262	6782	0	7848	190	400	0	3814	0	5304	0	782	0	0	0	2116	0	0	0	0	0	0	0	0	0	0	0	0	0	0	0	0	0	0	0	0	0	0	0	0	0	0	0	
1.03017e+06	Supp_Motor_Area_R	15364	7730	22954	75306	0	1256	1648	8208	184	114	140	10388	238	12058	242	4064	0	3750	61234	0	0	0	6098	15716	0	290	0	0	486	16556	6004	22450	17180	69224	600	890	156	4636	0	3474	0	0	0	904	0	442	0	128	0	126	0	0	0	696	0	3806	242	4240	0	136	0	170	0	226	0	0	0	1122	20894	28838	3092	33136	210	14086	0	718	254	10678	0	0	0	820	0	0	0	882	0	0	0	600	0	0	0	0	0	0	0	0	0	0	0	0	0	0	0	0	0	0	0	0	0	0	0	0	0	0	
110416	Olfactory_L	0	0	0	0	3726	1548	0	0	1396	1038	0	0	0	0	3584	0	0	0	0	0	0	8282	0	0	164	502	3206	2772	2280	254	2892	2426	0	0	0	0	0	0	170	0	392	0	0	0	0	0	0	0	0	0	0	0	0	0	0	0	0	0	0	0	0	0	0	0	0	0	0	0	0	0	9948	5074	4780	458	0	0	0	0	0	0	0	0	316	0	0	0	0	0	0	0	0	0	0	0	0	0	0	0	0	0	0	0	0	0	0	0	0	0	0	0	0	0	0	0	0	0	
114900	Olfactory_R	0	0	0	0	1650	2040	0	0	694	1088	0	0	0	0	1408	246	0	0	0	0	8282	0	0	0	0	1586	1988	4232	336	1552	2812	3944	0	0	0	0	0	216	0	0	0	402	0	0	0	0	0	0	0	0	0	0	0	0	0	0	0	0	0	0	0	0	0	0	0	0	0	0	0	0	9994	7692	5920	1368	0	0	0	0	0	0	0	0	0	0	0	0	0	0	0	0	0	0	0	0	0	0	0	0	0	0	0	0	0	0	0	0	0	0	0	0	0	0	0	0	0	0	
409952	Frontal_Sup_Medial_L	170	0	42536	9264	2944	546	22362	1264	350	0	594	0	1918	386	460	236	0	0	13798	6098	0	0	0	23388	1922	750	0	0	3122	578	22962	17016	11356	13470	0	0	0	0	0	0	0	0	0	0	0	0	0	0	0	0	0	0	0	0	0	0	0	0	0	0	0	0	0	0	0	0	0	0	0	0	2672	926	3632	150	0	0	0	0	0	0	0	0	106	0	0	0	0	0	0	0	0	0	0	0	0	0	0	0	0	0	0	0	0	0	0	0	0	0	0	0	0	0	0	0	0	0	
390016	Frontal_Sup_Medial_R	212	0	6620	37656	0	5508	3644	4466	192	0	614	738	346	2608	286	1194	118	0	10300	15716	0	0	23388	0	194	5130	0	224	1014	1910	8372	25238	4228	20206	0	0	0	0	0	0	0	0	0	0	0	0	0	0	0	0	0	0	0	0	0	0	0	0	0	0	0	0	0	0	0	0	0	0	0	0	1564	9126	508	3138	0	0	0	0	0	0	174	0	376	0	0	0	0	0	0	0	0	0	0	0	0	0	0	0	0	0	0	0	0	0	0	0	0	0	0	0	0	0	0	0	0	0	
25384	Frontal_Med_Orb_L	0	0	1424	0	3348	132	0	0	224	0	0	0	0	0	0	0	0	0	0	0	164	0	1922	194	0	656	904	0	0	0	3172	242	0	0	0	0	0	0	0	0	0	0	0	0	0	0	0	0	0	0	0	0	0	0	0	0	0	0	0	0	0	0	0	0	0	0	0	0	0	0	174	0	136	0	0	0	0	0	0	0	0	0	0	0	0	0	0	0	0	0	0	0	0	0	0	0	0	0	0	0	0	0	0	0	0	0	0	0	0	0	0	0	0	0	0	0	
74364	Frontal_Med_Orb_R	0	0	0	1686	158	6872	0	0	0	520	0	0	0	0	0	0	0	0	0	290	502	1586	750	5130	656	0	332	5130	0	0	2312	5036	0	0	0	0	0	0	0	0	0	0	0	0	0	0	0	0	0	0	0	0	0	0	0	0	0	0	0	0	0	0	0	0	0	0	0	0	0	0	456	4778	0	988	0	0	0	0	0	0	0	0	0	0	0	0	0	0	0	0	0	0	0	0	0	0	0	0	0	0	0	0	0	0	0	0	0	0	0	0	0	0	0	0	0	0	
71068	Rectus_L	0	0	0	0	8652	582	0	0	4748	354	0	0	0	0	4100	0	0	0	0	0	3206	1988	0	0	904	332	0	1022	746	0	1472	574	0	0	0	0	0	0	0	0	0	0	0	0	0	0	0	0	0	0	0	0	0	0	0	0	0	0	0	0	0	0	0	0	0	0	0	0	0	0	3930	846	2078	0	0	0	0	0	0	0	0	0	0	0	0	0	0	0	0	0	0	0	0	0	0	0	0	0	0	0	0	0	0	0	0	0	0	0	0	0	0	0	0	0	0	0	
76308	Rectus_R	0	0	0	0	634	7630	0	0	346	2082	0	0	0	0	536	822	0	0	0	0	2772	4232	0	224	0	5130	1022	0	142	716	736	2352	0	0	0	0	0	0	0	0	0	0	0	0	0	0	0	0	0	0	0	0	0	0	0	0	0	0	0	0	0	0	0	0	0	0	0	0	0	0	2688	3424	874	1792	0	0	0	0	0	0	0	0	0	0	0	0	0	0	0	0	0	0	0	0	0	0	0	0	0	0	0	0	0	0	0	0	0	0	0	0	0	0	0	0	0	0	
688116	Insula_L	13074	134	41054	1378	2738	292	23096	166	13470	0	22770	0	23174	0	21344	350	18208	0	27172	486	2280	336	3122	1014	0	0	746	142	0	392	3078	390	2170	334	840	686	11672	630	1282	0	2664	0	0	0	298	0	0	0	328	0	4954	0	0	0	5098	0	5090	0	1826	0	960	0	4798	0	1232	0	1472	0	1012	0	2778	1376	18266	0	0	0	2860	492	8308	0	15152	0	16512	0	5376	0	296	0	4656	0	0	0	0	0	0	0	0	0	234	0	0	0	0	0	0	0	0	0	0	0	0	0	0	0	0	0	
392040	Insula_R	454	5368	1404	19554	0	1164	238	14230	0	1214	0	18904	0	17994	0	6044	0	14672	2114	16556	254	1552	578	1910	0	0	0	716	392	0	378	1162	466	4660	1550	1586	1548	9544	148	3628	0	1740	0	450	0	158	0	0	0	0	0	0	0	134	0	2986	0	620	0	0	0	0	0	0	0	0	0	0	0	0	168	1024	0	22946	0	0	1090	3324	446	488	0	4838	0	932	0	2370	0	166	0	2158	0	0	0	0	0	0	0	0	0	0	0	0	0	0	0	0	0	0	0	0	0	0	0	0	0	0	
295532	Cingulum_Ant_L	284	0	11866	3744	4696	940	3044	532	804	0	1380	0	1836	364	842	0	170	0	5662	6004	2892	2812	22962	8372	3172	2312	1472	736	3078	378	0	19722	8034	7440	0	0	0	0	0	0	0	0	0	0	0	0	0	0	0	0	0	0	0	0	0	0	0	0	0	0	0	0	0	0	0	0	0	0	0	0	11150	3406	6966	330	0	0	0	0	0	0	120	0	244	0	0	0	0	0	0	0	0	0	0	0	0	0	0	0	0	0	0	0	0	0	0	0	0	0	0	0	0	0	0	0	0	0	
425180	Cingulum_Ant_R	0	244	3446	26122	702	2494	1406	3276	434	0	136	226	136	978	358	206	0	0	6162	22450	2426	3944	17016	25238	242	5036	574	2352	390	1162	19722	0	7008	25212	0	138	0	0	0	0	0	0	0	0	0	0	0	0	0	0	0	0	0	0	0	0	0	0	0	0	0	0	0	0	0	0	0	0	0	0	5720	19074	2766	5794	0	0	0	0	0	0	0	0	0	0	0	0	0	0	0	0	0	0	0	0	0	0	0	0	0	0	0	0	0	0	0	0	0	0	0	0	0	0	0	0	0	0	
284492	Cingulum_Mid_L	1488	0	7306	1790	0	0	5184	444	144	0	426	0	902	414	236	0	196	0	18872	17180	0	0	11356	4228	0	0	0	0	2170	466	8034	7008	0	23762	2034	888	0	0	0	0	0	0	752	208	1944	180	0	0	2070	0	3920	0	138	0	0	0	874	0	1554	0	266	0	112	0	398	0	6008	888	4900	2064	268	452	0	0	0	0	0	0	0	0	286	0	0	0	300	0	0	0	136	0	0	0	0	0	0	0	0	0	0	0	0	0	0	0	0	0	0	0	0	0	0	0	0	0	0	0	
655848	Cingulum_Mid_R	9484	504	10722	17378	0	0	2404	3836	0	0	136	2516	232	6878	0	2802	0	0	36140	69224	0	0	13470	20206	0	0	0	0	334	4660	7440	25212	23762	0	1324	5114	0	880	0	964	0	0	116	3114	0	1478	0	276	0	706	0	0	0	818	0	1914	370	4478	0	0	0	0	0	150	0	0	850	6164	14506	22604	190	1860	0	272	0	0	0	0	0	0	0	492	0	0	0	1060	0	0	0	884	0	0	0	0	0	0	0	0	0	0	0	0	0	0	0	0	0	0	0	0	0	0	0	0	0	0	
165980	Cingulum_Post_L	4738	1426	1142	976	0	0	330	198	0	0	0	166	0	0	0	0	0	0	134	600	0	0	0	0	0	0	0	0	840	1550	0	0	2034	1324	0	10932	9324	7196	2022	1798	0	0	4864	0	1730	0	2314	0	572	0	628	0	0	0	544	998	430	0	0	0	0	0	364	0	0	0	9290	732	3630	958	0	0	0	668	0	0	2560	4248	1056	0	376	0	0	0	156	0	0	0	142	0	0	0	0	0	0	0	0	0	0	0	0	0	0	0	0	0	0	0	0	0	0	0	0	0	0	0	
207472	Cingulum_Post_R	2230	2040	1028	1156	0	0	300	216	0	0	0	174	0	0	0	0	0	142	296	890	0	0	0	0	0	0	0	0	686	1586	0	138	888	5114	10932	0	6926	11484	990	4378	0	0	0	6260	0	1198	0	5878	0	814	0	286	0	598	0	3962	154	1186	0	0	0	128	0	106	0	146	1754	12208	806	2984	0	0	0	736	0	0	2590	4270	968	0	118	878	0	0	0	1510	0	0	0	1772	0	0	0	0	0	0	0	188	0	0	0	0	0	0	0	0	0	0	0	0	644	0	0	0	0	0	
291584	Hippocampus_L	7068	1224	8840	892	0	0	598	192	0	0	660	158	0	0	0	0	1230	0	6186	156	0	0	0	0	0	0	0	0	11672	1548	0	0	0	0	9324	6926	0	5984	9168	692	7030	0	2420	0	180	0	2780	140	0	0	128	0	0	0	11784	0	676	0	0	0	0	0	0	0	112	0	3332	494	3040	0	274	0	8740	654	662	0	6676	4268	3920	0	1752	0	3292	0	1442	0	358	0	9120	0	0	0	0	0	0	0	0	0	0	0	0	0	0	0	0	0	0	0	0	0	0	0	0	0	0	0	
414920	Hippocampus_R	1906	11234	1010	6876	0	0	286	2804	0	0	0	1314	0	336	0	118	0	1594	110	4636	0	216	0	0	0	0	0	0	630	9544	0	0	0	880	7196	11484	5984	0	912	37258	0	12104	0	892	0	0	0	3350	0	0	0	0	0	128	0	31220	134	1134	0	0	0	166	0	1758	0	0	444	3794	588	2370	0	0	0	15734	0	626	2828	6364	936	0	0	1600	0	2336	0	3014	0	1108	0	6870	0	0	0	0	0	0	0	888	0	254	0	0	0	0	0	0	0	0	0	0	492	0	0	0	0	0	
69252	ParaHippocampal_L	386	0	642	116	0	0	0	0	0	0	0	0	0	0	0	0	0	0	514	0	170	0	0	0	0	0	0	0	1282	148	0	0	0	0	2022	990	9168	912	0	244	1942	0	1242	0	0	0	2366	0	0	0	0	0	0	0	4994	0	0	0	0	0	0	0	0	0	0	0	1774	0	204	0	0	0	902	108	0	0	1026	576	0	0	246	0	694	0	224	0	224	0	1100	0	0	0	0	0	0	0	170	0	240	0	0	0	0	0	0	0	0	0	0	0	0	0	0	0	0	0	
256304	ParaHippocampal_R	554	3634	0	1764	0	0	0	580	0	0	0	0	0	0	0	0	0	950	0	3474	0	0	0	0	0	0	0	0	0	3628	0	0	0	964	1798	4378	692	37258	244	0	0	8090	0	680	0	0	0	3616	0	0	0	0	0	218	0	26658	110	1050	0	0	0	166	0	1210	0	0	0	2460	506	2572	0	0	0	8596	0	484	186	1144	0	0	0	902	0	2130	0	888	0	1306	0	2004	0	222	0	0	0	0	0	2036	0	634	0	0	0	0	0	0	0	0	0	0	366	0	0	0	0	0	
45188	Amygdala_L	0	0	222	0	0	0	0	0	132	0	0	0	0	0	218	0	0	0	220	0	392	0	0	0	0	0	0	0	2664	0	0	0	0	0	0	0	7030	0	1942	0	0	0	0	0	0	0	0	0	0	0	0	0	0	0	3200	0	0	0	0	0	0	0	0	0	0	0	0	0	0	0	0	0	1322	0	0	0	0	0	0	0	0	0	2240	0	204	0	210	0	2598	0	0	0	0	0	0	0	0	0	0	0	0	0	0	0	0	0	0	0	0	0	0	0	0	0	0	0	
77464	Amygdala_R	0	0	0	0	0	0	0	0	0	0	0	0	0	0	0	112	0	0	0	0	0	402	0	0	0	0	0	0	0	1740	0	0	0	0	0	0	0	12104	0	8090	0	0	0	0	0	0	0	0	0	0	0	0	0	0	0	8754	0	0	0	0	0	0	0	0	0	0	0	0	0	0	0	0	0	1954	0	0	0	0	0	0	0	0	0	2516	0	110	0	1258	0	1692	0	0	0	0	0	0	0	0	0	0	0	0	0	0	0	0	0	0	0	0	0	0	0	0	0	0	
271396	Calcarine_L	364	0	0	0	0	0	0	0	0	0	0	0	0	0	0	0	0	0	0	0	0	0	0	0	0	0	0	0	0	0	0	0	752	116	4864	0	2420	0	1242	0	0	0	0	11586	15146	6884	16492	5520	12160	2162	22666	338	3546	0	4694	958	118	136	234	0	0	0	0	0	1918	0	12966	344	780	150	0	0	0	0	0	0	0	0	0	0	0	0	0	0	3118	0	0	0	1056	186	294	0	0	0	0	0	732	132	782	118	0	0	0	0	0	0	0	0	0	0	724	0	0	0	0	0	
431660	Calcarine_R	0	516	0	0	0	0	0	0	0	0	0	0	0	0	0	0	0	0	0	904	0	0	0	0	0	0	0	0	0	450	0	0	208	3114	0	6260	0	892	0	680	0	0	11586	0	5692	43256	1218	28570	0	27678	0	9960	0	3162	0	9592	0	7670	0	1434	0	282	0	282	0	808	1182	33494	0	6752	0	0	0	0	0	0	0	0	0	0	0	910	0	0	0	2832	0	0	0	4102	0	250	0	0	0	0	0	418	256	402	0	0	0	0	0	0	0	0	0	0	522	496	0	0	0	0	
172172	Cuneus_L	964	0	0	0	0	0	0	0	0	0	0	0	0	0	0	0	114	0	0	0	0	0	0	0	0	0	0	0	298	0	0	0	1944	0	1730	0	180	0	0	0	0	0	15146	5692	0	6574	2614	442	18024	1126	13694	380	334	232	1492	150	404	0	1054	0	0	0	254	0	416	0	9088	578	1776	0	0	0	0	0	0	0	0	0	0	0	250	0	0	0	732	0	0	0	404	0	0	0	0	0	0	0	0	0	0	0	0	0	0	0	0	0	0	0	0	0	0	0	0	0	0	0	
337780	Cuneus_R	0	204	0	0	0	0	0	0	0	0	0	0	0	0	0	0	0	0	0	442	0	0	0	0	0	0	0	0	0	158	0	0	180	1478	0	1198	0	0	0	0	0	0	6884	43256	6574	0	322	9528	0	35328	0	11822	0	1082	0	3662	0	6132	0	5210	0	0	0	0	0	946	2146	24422	0	4362	0	0	0	0	0	0	0	0	0	0	0	0	0	0	0	1774	0	0	0	1130	0	0	0	0	0	0	0	144	0	146	0	0	0	0	0	0	0	0	0	0	172	188	0	0	0	0	
274368	Lingual_L	132	0	0	0	0	0	0	0	0	0	0	0	0	0	0	0	0	0	0	0	0	0	0	0	0	0	0	0	0	0	0	0	0	0	2314	0	2780	0	2366	0	0	0	16492	1218	2614	322	0	3656	3468	370	14332	0	4632	170	13302	1654	0	0	0	0	0	0	0	0	0	0	4600	114	122	0	0	0	0	0	0	0	118	0	0	0	0	0	0	0	0	0	0	0	252	0	9158	3786	1296	0	0	0	9554	1018	18018	5424	0	0	186	292	168	124	0	0	0	0	4810	7570	506	0	0	246	
351308	Lingual_R	0	358	0	0	0	0	0	0	0	0	0	0	0	0	0	0	0	0	0	128	0	0	0	0	0	0	0	0	0	0	0	0	0	276	0	5878	140	3350	0	3616	0	0	5520	28570	442	9528	3656	0	0	7220	0	3616	0	2356	1258	17526	0	1140	0	0	0	0	0	0	0	122	282	13452	0	942	0	0	0	0	0	0	0	294	0	0	0	700	0	0	0	766	0	0	0	956	4346	3308	1188	0	176	150	3366	7024	8594	10848	348	0	1036	144	520	276	0	124	0	0	10922	10192	296	260	294	150	
280868	Occipital_Sup_L	1984	0	0	0	0	0	0	0	0	0	0	0	0	0	0	0	538	0	0	0	0	0	0	0	0	0	0	0	328	0	0	0	2070	0	572	0	0	0	0	0	0	0	12160	0	18024	0	3468	0	0	0	44294	0	1934	0	648	0	2806	0	12442	0	2694	0	282	0	3854	0	13866	134	6272	0	0	0	0	0	0	0	0	0	172	0	796	0	0	0	5704	0	0	0	5392	0	0	0	0	0	0	0	0	0	0	0	0	0	0	0	0	0	0	0	0	0	0	0	0	0	0	0	
276536	Occipital_Sup_R	0	166	0	0	0	0	0	0	0	0	0	0	0	0	0	0	0	136	0	126	0	0	0	0	0	0	0	0	0	0	0	0	0	706	0	814	0	0	0	0	0	0	2162	27678	1126	35328	370	7220	0	0	0	16974	0	992	0	3300	0	4196	0	5248	0	444	0	152	0	5864	0	14018	0	2602	0	0	0	0	0	0	0	0	0	0	0	368	0	0	0	4196	0	0	0	3418	0	198	0	0	0	0	0	148	0	0	0	0	0	0	0	0	0	0	0	0	166	152	0	0	0	0	
587928	Occipital_Mid_L	6416	0	564	0	0	0	0	0	0	0	0	0	0	0	0	0	4104	0	0	0	0	0	0	0	0	0	0	0	4954	0	0	0	3920	0	628	0	128	0	0	0	0	0	22666	0	13694	0	14332	0	44294	0	0	0	17784	0	6908	0	8642	0	19818	0	10698	0	2280	0	26894	0	17500	0	15222	0	0	0	0	0	0	0	0	0	1914	0	4628	0	0	0	32600	0	0	0	12922	0	0	0	0	0	0	0	0	0	454	0	0	0	0	0	0	0	0	0	0	0	0	0	0	0	0	0	
162660	Occipital_Mid_R	0	0	0	0	0	0	0	0	0	0	0	0	0	0	0	0	0	0	0	0	0	0	0	0	0	0	0	0	0	0	0	0	0	0	0	286	0	0	0	0	0	0	338	9960	380	11822	0	3616	0	16974	0	0	0	2622	0	3074	0	874	0	1318	0	2466	0	0	0	10434	0	3108	0	376	0	0	0	0	0	0	0	0	0	0	0	768	0	0	0	11370	0	0	0	1044	0	0	0	0	0	0	0	240	0	0	0	0	0	0	0	0	0	0	0	0	260	0	0	0	0	0	
110712	Occipital_Inf_L	1342	0	0	0	0	0	0	0	0	0	0	0	0	0	0	0	0	0	0	0	0	0	0	0	0	0	0	0	0	0	0	0	138	0	0	0	0	0	0	0	0	0	3546	0	334	0	4632	0	1934	0	17784	0	0	0	5458	0	846	0	194	0	0	0	0	0	2734	0	716	0	1548	0	0	0	0	0	0	0	0	0	0	0	196	0	0	0	5894	0	0	0	7366	0	132	0	0	0	0	0	0	0	562	0	0	0	0	0	0	0	0	0	0	0	0	0	0	0	0	0	
51788	Occipital_Inf_R	0	248	0	0	0	0	0	0	0	0	0	0	0	0	0	0	0	0	0	696	0	0	0	0	0	0	0	0	0	134	0	0	0	818	0	598	0	128	0	218	0	0	0	3162	232	1082	170	2356	0	992	0	2622	0	0	0	4242	0	680	0	0	0	0	0	0	0	0	0	1132	0	1078	0	0	0	0	0	0	0	0	0	0	0	0	0	0	0	998	0	0	0	2966	0	0	0	0	0	0	0	0	168	714	0	0	0	0	0	0	0	0	0	0	0	460	0	0	0	0	
353832	Fusiform_L	1646	0	1730	0	0	0	0	0	0	0	268	0	0	0	0	0	682	0	1458	0	0	0	0	0	0	0	0	0	5098	0	0	0	0	0	544	0	11784	0	4994	0	3200	0	4694	0	1492	0	13302	1258	648	0	6908	0	5458	0	0	150	624	0	140	0	492	0	654	0	2066	0	3732	0	1602	0	0	0	3256	0	0	0	436	0	2120	0	2690	0	2768	0	4060	0	1748	0	19018	0	16216	1072	1196	0	272	0	11720	672	24754	1494	732	0	900	0	374	0	408	0	0	0	4308	1930	0	0	0	148	
469720	Fusiform_R	398	2740	0	912	0	0	0	318	0	0	0	0	0	0	0	290	0	936	0	3806	0	0	0	0	0	0	0	0	0	2986	0	0	0	1914	998	3962	0	31220	0	26658	0	8754	958	9592	150	3662	1654	17526	0	3300	0	3074	0	4242	150	0	108	1782	0	148	0	374	0	810	0	0	0	3922	376	3920	0	0	0	6154	0	220	0	500	0	0	0	1248	0	4786	0	5800	0	2554	0	17274	726	11316	308	408	0	582	876	9488	3152	15526	0	0	0	186	166	0	0	0	0	138	5534	5570	144	0	128	436	
314880	Postcentral_L	34520	0	6772	274	0	0	3738	138	210	0	3652	0	0	0	212	0	9764	0	2170	242	0	0	0	0	0	0	0	0	5090	0	0	0	874	370	430	154	676	134	0	110	0	0	118	0	404	0	0	0	2806	0	8642	0	846	0	624	108	0	0	8960	0	21400	0	10184	0	5526	0	4800	0	10796	362	1274	0	568	0	0	0	418	0	3336	0	3468	0	128	0	2060	0	0	0	1082	0	0	0	0	0	0	0	0	0	0	0	0	0	0	0	0	0	0	0	0	0	0	0	0	0	0	0	
224788	Postcentral_R	132	11568	0	840	0	0	0	0	0	0	0	722	0	0	0	0	0	3268	0	4240	0	0	0	0	0	0	0	0	0	620	0	0	0	4478	0	1186	0	1134	0	1050	0	0	136	7670	0	6132	0	1140	0	4196	0	874	0	680	0	1782	0	0	0	10730	0	7000	0	8770	0	1478	0	12224	140	13824	0	466	0	0	0	0	0	0	0	174	0	1560	0	0	0	2162	0	0	0	2018	0	0	0	0	0	0	0	0	0	0	0	0	0	0	0	0	0	0	0	0	0	0	0	0	0	0	
184824	Parietal_Sup_L	1680	0	786	0	0	0	0	0	0	0	0	0	0	0	0	0	996	0	0	0	0	0	0	0	0	0	0	0	1826	0	0	0	1554	0	0	0	0	0	0	0	0	0	234	0	1054	0	0	0	12442	0	19818	0	194	0	140	0	8960	0	0	0	9160	0	0	0	5362	0	18236	0	7578	0	0	0	0	0	0	0	0	0	258	0	570	0	0	0	940	0	0	0	624	0	0	0	0	0	0	0	0	0	0	0	0	0	0	0	0	0	0	0	0	0	0	0	0	0	0	0	
104460	Parietal_Sup_R	0	148	0	0	0	0	0	0	0	0	0	0	0	0	0	0	0	182	0	136	0	0	0	0	0	0	0	0	0	0	0	0	0	0	0	0	0	0	0	0	0	0	0	1434	0	5210	0	0	0	5248	0	1318	0	0	0	148	0	10730	0	0	0	8302	0	3472	0	4004	108	9090	0	796	0	0	0	0	0	0	0	0	0	0	0	634	0	0	0	698	0	0	0	572	0	0	0	0	0	0	0	0	0	0	0	0	0	0	0	0	0	0	0	0	0	0	0	0	0	0	
198732	Parietal_Inf_L	2484	0	490	0	0	0	0	0	0	0	0	0	0	0	0	0	1570	0	110	0	0	0	0	0	0	0	0	0	960	0	0	0	266	0	0	0	0	0	0	0	0	0	0	0	0	0	0	0	2694	0	10698	0	0	0	492	0	21400	0	9160	0	0	0	16558	0	19690	0	2652	0	884	0	0	0	0	0	0	0	0	0	410	0	2846	0	0	0	3806	0	0	0	2196	0	0	0	0	0	0	0	0	0	0	0	0	0	0	0	0	0	0	0	0	0	0	0	0	0	0	0	
100252	Parietal_Inf_R	0	612	0	154	0	0	0	0	0	0	0	0	0	0	0	0	0	390	0	170	0	0	0	0	0	0	0	0	0	0	0	0	0	0	0	128	0	166	0	166	0	0	0	282	0	0	0	0	0	444	0	2466	0	0	0	374	0	7000	0	8302	0	0	0	9260	0	11972	0	348	0	226	0	0	0	0	0	0	0	0	0	0	0	2782	0	0	0	2910	0	0	0	1974	0	0	0	0	0	0	0	0	0	0	0	0	0	0	0	0	0	0	0	0	0	0	0	0	0	0	
158260	SupraMarginal_L	1576	0	246	0	0	0	0	0	0	0	0	0	0	0	0	0	6488	0	0	0	0	0	0	0	0	0	0	0	4798	0	0	0	112	0	364	0	0	0	0	0	0	0	0	0	254	0	0	0	282	0	2280	0	0	0	654	0	10184	0	0	0	16558	0	0	0	9128	0	480	0	344	0	0	0	0	0	0	0	0	0	2750	0	12776	0	0	0	7856	0	0	0	1882	0	0	0	0	0	0	0	0	0	118	0	0	0	0	0	0	0	0	0	0	0	0	0	0	0	0	0	
86280	SupraMarginal_R	0	726	0	0	0	0	0	0	0	0	0	0	0	0	0	0	0	2706	0	226	0	0	0	0	0	0	0	0	0	0	0	0	0	150	0	106	0	1758	0	1210	0	0	0	282	0	0	0	0	0	152	0	0	0	0	0	810	0	8770	0	3472	0	9260	0	0	0	3422	0	274	0	484	0	0	0	0	0	0	0	0	0	278	0	4258	0	0	0	2314	0	0	0	2482	0	0	0	0	0	0	0	0	0	0	0	0	0	0	0	0	0	0	0	0	0	0	0	0	0	0	
249356	Angular_L	1544	0	692	0	0	0	0	0	0	0	0	0	0	0	0	0	1610	0	122	0	0	0	0	0	0	0	0	0	1232	0	0	0	398	0	0	0	112	0	0	0	0	0	1918	0	416	0	0	0	3854	0	26894	0	2734	0	2066	0	5526	0	5362	0	19690	0	9128	0	0	0	3078	0	1764	0	0	0	0	0	0	0	0	0	536	0	6116	0	0	0	22800	0	0	0	7086	0	0	0	0	0	0	0	0	0	0	0	0	0	0	0	0	0	0	0	0	0	0	0	0	0	0	0	
113896	Angular_R	0	0	0	0	0	0	0	0	0	0	0	0	0	0	0	0	0	0	0	0	0	0	0	0	0	0	0	0	0	0	0	0	0	0	0	146	0	0	0	0	0	0	0	808	0	946	0	122	0	5864	0	10434	0	0	0	0	0	1478	0	4004	0	11972	0	3422	0	0	0	1230	0	256	0	0	0	0	0	0	0	0	0	0	0	4852	0	0	0	9018	0	0	0	2396	0	0	0	0	0	0	0	0	0	0	0	0	0	0	0	0	0	0	0	0	0	0	0	0	0	0	
284560	Precuneus_L	2692	0	634	0	0	0	0	0	0	0	0	0	0	0	0	0	688	0	116	0	0	0	0	0	0	0	0	0	1472	0	0	0	6008	850	9290	1754	3332	444	1774	0	0	0	12966	1182	9088	2146	4600	282	13866	0	17500	0	716	0	3732	0	4800	0	18236	108	2652	0	480	0	3078	0	0	4986	8162	144	0	0	0	0	0	0	0	182	148	0	688	0	0	0	1638	0	0	0	1412	0	0	0	0	0	0	0	0	0	314	0	0	0	0	0	0	0	0	0	0	0	120	0	0	0	0	0	
341948	Precuneus_R	126	436	0	0	0	0	0	0	0	0	0	0	0	0	0	0	0	0	0	1122	0	0	0	0	0	0	0	0	0	0	0	0	888	6164	732	12208	494	3794	0	2460	0	0	344	33494	578	24422	114	13452	134	14018	0	3108	0	1132	0	3922	0	12224	0	9090	0	348	0	274	0	1230	4986	0	338	10878	0	0	0	0	0	0	0	0	0	0	0	970	0	0	0	2676	0	0	0	2870	0	132	0	0	0	0	0	552	114	112	0	0	0	0	0	0	0	0	0	0	910	128	0	0	0	0	
477772	Paracentral_Lobule_L	50824	1006	21488	1782	0	0	146	0	0	0	0	0	0	0	0	0	348	0	22934	20894	0	0	0	0	0	0	0	0	1012	0	0	0	4900	14506	3630	806	3040	588	204	506	0	0	780	0	1776	0	122	0	6272	0	15222	0	1548	0	1602	376	10796	140	7578	0	884	0	344	0	1764	0	8162	338	0	11116	1908	0	2918	0	2324	0	8710	260	120	0	714	0	0	0	2944	0	0	0	1554	0	0	0	0	0	0	0	0	0	0	0	0	0	0	0	0	0	0	0	0	0	0	0	0	0	0	0	
286340	Paracentral_Lobule_R	6116	5958	360	238	0	0	0	0	0	0	0	0	0	0	0	0	0	206	4500	28838	0	0	0	0	0	0	0	0	0	0	0	0	2064	22604	958	2984	0	2370	0	2572	0	0	150	6752	0	4362	0	942	0	2602	0	376	0	1078	0	3920	362	13824	0	796	0	226	0	484	0	256	144	10878	11116	0	0	0	0	0	0	0	122	0	0	0	0	1264	0	0	0	2050	0	0	0	1698	0	0	0	0	0	0	0	0	0	0	0	0	0	0	0	0	0	0	0	0	0	0	0	0	0	0	
355156	Caudate_L	5050	1748	17880	5242	7110	1914	530	3340	2744	1036	932	0	1046	0	4392	818	426	0	17720	3092	9948	9994	2672	1564	174	456	3930	2688	2778	168	11150	5720	268	190	0	0	274	0	0	0	0	0	0	0	0	0	0	0	0	0	0	0	0	0	0	0	1274	0	0	0	0	0	0	0	0	0	0	0	1908	0	0	12180	23526	742	2886	0	6728	178	0	0	412	0	750	0	0	0	0	0	0	0	0	0	0	0	0	0	0	0	0	0	0	0	0	0	0	0	0	0	0	0	0	0	0	0	0	0	
407072	Caudate_R	284	7342	1712	31686	1036	6118	498	3846	602	1530	828	590	220	710	1100	2656	260	274	2744	33136	5074	7692	926	9126	0	4778	846	3424	1376	1024	3406	19074	452	1860	0	0	0	0	0	0	0	0	0	0	0	0	0	0	0	0	0	0	0	0	0	0	0	466	0	0	0	0	0	0	0	0	0	0	0	0	12180	0	6452	13652	0	1136	0	12458	0	0	332	0	630	0	0	0	0	0	0	0	0	0	0	0	0	0	0	0	0	0	0	0	0	0	0	0	0	0	0	0	0	0	0	0	0	0	
460116	Putamen_L	5676	0	39326	670	6936	592	1740	0	10720	372	1682	0	1514	0	15324	184	304	0	31634	210	4780	5920	3632	508	136	0	2078	874	18266	0	6966	2766	0	0	0	0	8740	0	902	0	1322	0	0	0	0	0	0	0	0	0	0	0	0	0	3256	0	568	0	0	0	0	0	0	0	0	0	0	0	2918	0	23526	6452	0	372	9086	0	1294	0	0	0	1432	0	3824	0	484	0	0	0	3072	0	0	0	0	0	0	0	0	0	0	0	0	0	0	0	0	0	0	0	0	0	0	0	0	0	0	0	
375132	Putamen_R	124	11924	148	20840	0	4398	0	12718	0	3158	0	9378	0	2792	0	4754	0	3466	262	14086	458	1368	150	3138	0	988	0	1792	0	22946	330	5794	0	272	668	736	654	15734	108	8596	0	1954	0	0	0	0	0	0	0	0	0	0	0	0	0	6154	0	0	0	0	0	0	0	0	0	0	0	0	0	0	742	13652	372	0	0	1846	236	5250	116	0	0	1576	0	388	0	1430	0	0	0	1734	0	0	0	0	0	0	0	204	0	132	0	0	0	0	0	0	0	0	0	0	0	0	0	0	0	0	
74008	Pallidum_L	4030	0	9288	0	0	0	176	0	0	0	0	0	0	0	0	0	0	0	6782	0	0	0	0	0	0	0	0	0	0	0	0	0	0	0	0	0	662	0	0	0	0	0	0	0	0	0	0	0	0	0	0	0	0	0	0	0	0	0	0	0	0	0	0	0	0	0	0	0	2324	0	2886	0	9086	0	0	0	1770	0	0	0	0	0	0	0	0	0	0	0	0	0	0	0	0	0	0	0	0	0	0	0	0	0	0	0	0	0	0	0	0	0	0	0	0	0	0	0	
15648	Pallidum_R	0	1416	0	878	0	0	0	500	0	0	0	0	0	0	0	0	0	0	0	718	0	0	0	0	0	0	0	0	0	0	0	0	0	0	0	0	0	626	0	484	0	0	0	0	0	0	0	0	0	0	0	0	0	0	0	220	0	0	0	0	0	0	0	0	0	0	0	0	0	0	0	1136	0	1846	0	0	0	0	0	0	0	0	0	0	0	0	0	0	0	0	0	0	0	0	0	0	0	0	0	0	0	0	0	0	0	0	0	0	0	0	0	0	0	0	0	0	
170756	Thalamus_L	15294	954	11284	168	0	0	624	146	0	0	180	0	0	0	0	0	154	0	7848	254	0	0	0	0	0	0	0	0	2860	1090	0	0	0	0	2560	2590	6676	2828	1026	186	0	0	0	0	0	0	118	0	0	0	0	0	0	0	436	0	418	0	0	0	0	0	0	0	0	0	0	0	8710	122	6728	0	1294	236	1770	0	0	6072	1388	0	394	0	0	0	230	0	0	0	740	0	0	0	0	0	0	0	0	0	0	0	0	0	0	0	0	0	0	0	0	0	0	0	0	0	0	0	
212152	Thalamus_R	1412	18198	974	17030	0	0	268	2978	0	0	0	2130	0	334	0	0	0	968	190	10678	0	0	0	0	0	0	0	0	492	3324	0	0	0	0	4248	4270	4268	6364	576	1144	0	0	0	0	0	0	0	294	0	0	0	0	0	0	0	500	0	0	0	0	0	0	0	0	0	0	182	0	260	0	178	12458	0	5250	0	0	6072	0	594	0	0	442	0	0	0	0	0	0	0	0	0	0	0	0	0	0	0	0	0	0	0	0	0	0	0	0	0	0	0	0	0	0	0	0	0	0	
108872	Heschl_L	2982	134	2648	186	0	0	826	0	0	0	1008	0	0	0	0	0	6736	0	400	0	0	0	0	0	0	0	0	0	8308	446	0	0	0	0	1056	968	3920	936	0	0	0	0	0	0	0	0	0	0	172	0	1914	0	0	0	2120	0	3336	0	258	0	410	0	2750	0	536	0	148	0	120	0	0	0	0	116	0	0	1388	594	0	0	5106	0	0	0	2676	0	0	0	2102	0	0	0	0	0	0	0	0	0	136	0	0	0	0	0	0	0	0	0	0	0	0	0	0	0	0	0	
8060	Heschl_R	0	194	0	0	0	0	0	0	0	0	0	0	0	0	0	0	0	1136	0	0	0	0	0	0	0	0	0	0	0	488	0	0	0	0	0	0	0	0	0	0	0	0	0	0	0	0	0	0	0	0	0	0	0	0	0	0	0	174	0	0	0	0	0	278	0	0	0	0	0	0	0	0	0	0	0	0	0	0	0	0	0	1614	0	0	0	146	0	0	0	0	0	0	0	0	0	0	0	0	0	0	0	0	0	0	0	0	0	0	0	0	0	0	0	0	0	0	
272796	Temporal_Sup_L	2552	0	4784	188	0	0	1690	0	0	0	5442	0	514	0	0	142	11882	0	3814	0	0	0	0	174	0	0	0	0	15152	0	120	0	286	0	376	118	1752	0	246	0	0	0	0	0	250	0	0	0	796	0	4628	0	196	0	2690	0	3468	0	570	0	2846	0	12776	0	6116	0	688	0	714	0	412	332	1432	0	0	0	394	0	5106	0	0	0	5868	0	28386	0	392	0	8922	0	0	0	0	0	0	0	0	0	184	0	0	0	0	0	0	0	0	0	0	0	0	0	0	0	0	0	
125132	Temporal_Sup_R	0	794	0	400	0	0	0	0	0	0	0	126	0	142	0	0	0	2318	0	820	0	0	0	0	0	0	0	0	0	4838	0	0	0	492	0	878	0	1600	0	902	0	0	0	910	0	0	0	700	0	368	0	768	0	0	0	1248	0	1560	0	634	0	2782	0	4258	0	4852	0	970	0	1264	0	0	0	1576	0	0	0	442	0	1614	0	0	0	2394	0	16604	0	1528	0	4784	0	0	0	0	0	0	0	0	0	0	0	0	0	0	0	0	0	0	0	0	0	0	0	0	0	0	
172948	Temporal_Pole_Sup_L	1030	0	6258	410	132	0	2822	0	358	0	11058	0	1652	0	1690	206	3108	0	5304	0	316	0	106	376	0	0	0	0	16512	0	244	0	0	0	0	0	3292	0	694	0	2240	0	0	0	0	0	0	0	0	0	0	0	0	0	2768	0	128	0	0	0	0	0	0	0	0	0	0	0	0	0	750	630	3824	0	0	0	0	0	0	0	5868	0	0	0	5854	0	4210	0	4634	0	0	0	0	0	0	0	0	0	0	0	0	0	0	0	0	0	0	0	0	0	0	0	0	0	0	0	
60840	Temporal_Pole_Sup_R	0	0	0	0	0	0	0	0	0	0	0	330	0	0	0	596	0	424	0	0	0	0	0	0	0	0	0	0	0	932	0	0	0	0	0	0	0	2336	0	2130	0	2516	0	0	0	0	0	0	0	0	0	0	0	0	0	4786	0	0	0	0	0	0	0	0	0	0	0	0	0	0	0	0	0	388	0	0	0	0	0	0	0	2394	0	0	0	2748	0	6646	0	4194	0	0	0	0	0	0	0	0	0	0	0	0	0	0	0	0	0	0	0	0	0	0	0	0	0	0	
387360	Temporal_Mid_L	2516	0	1214	0	0	0	0	0	0	0	456	0	208	0	0	0	4412	0	782	0	0	0	0	0	0	0	0	0	5376	0	0	0	300	0	156	0	1442	0	224	0	204	0	3118	0	732	0	0	0	5704	0	32600	0	5894	0	4060	0	2060	0	940	0	3806	0	7856	0	22800	0	1638	0	2944	0	0	0	484	0	0	0	230	0	2676	0	28386	0	5854	0	0	0	3572	0	41036	0	0	0	0	0	0	0	0	0	0	0	0	0	0	0	0	0	0	0	0	0	0	0	0	0	0	0	
229728	Temporal_Mid_R	0	310	0	0	0	0	0	0	0	0	0	0	0	116	0	132	0	1200	0	882	0	0	0	0	0	0	0	0	0	2370	0	0	0	1060	0	1510	0	3014	0	888	0	110	0	2832	0	1774	0	766	0	4196	0	11370	0	998	0	5800	0	2162	0	698	0	2910	0	2314	0	9018	0	2676	0	2050	0	0	0	1430	0	0	0	0	0	146	0	16604	0	2748	0	0	0	3486	0	29120	0	174	0	0	0	0	0	0	0	0	0	0	0	0	0	0	0	0	0	0	0	0	0	0	0	0	
29912	Temporal_Pole_Mid_L	0	0	0	0	0	0	0	0	0	0	0	0	0	0	0	0	0	0	0	0	0	0	0	0	0	0	0	0	296	0	0	0	0	0	0	0	358	0	224	0	210	0	0	0	0	0	0	0	0	0	0	0	0	0	1748	0	0	0	0	0	0	0	0	0	0	0	0	0	0	0	0	0	0	0	0	0	0	0	0	0	392	0	4210	0	3572	0	0	0	3946	0	0	0	0	0	0	0	0	0	0	0	0	0	0	0	0	0	0	0	0	0	0	0	0	0	0	0	
43596	Temporal_Pole_Mid_R	0	0	0	0	0	0	0	0	0	0	0	0	0	0	0	356	0	0	0	0	0	0	0	0	0	0	0	0	0	166	0	0	0	0	0	0	0	1108	0	1306	0	1258	0	0	0	0	0	0	0	0	0	0	0	0	0	2554	0	0	0	0	0	0	0	0	0	0	0	0	0	0	0	0	0	0	0	0	0	0	0	0	0	1528	0	6646	0	3486	0	0	0	3390	0	0	0	0	0	0	0	0	0	0	0	0	0	0	0	0	0	0	0	0	0	0	0	0	0	0	
308752	Temporal_Inf_L	1552	0	2518	0	0	0	0	0	0	0	0	0	0	0	0	0	712	0	2116	0	0	0	0	0	0	0	0	0	4656	0	0	0	136	0	142	0	9120	0	1100	0	2598	0	1056	0	404	0	252	0	5392	0	12922	0	7366	0	19018	0	1082	0	624	0	2196	0	1882	0	7086	0	1412	0	1554	0	0	0	3072	0	0	0	740	0	2102	0	8922	0	4634	0	41036	0	3946	0	0	0	1624	0	600	0	0	0	0	0	442	0	206	0	156	0	0	0	0	0	0	0	0	0	0	0	0	0	
215016	Temporal_Inf_R	0	346	0	0	0	0	0	0	0	0	0	0	0	0	0	214	0	1148	0	600	0	0	0	0	0	0	0	0	0	2158	0	0	0	884	0	1772	0	6870	0	2004	0	1692	186	4102	0	1130	0	956	0	3418	0	1044	0	2966	0	17274	0	2018	0	572	0	1974	0	2482	0	2396	0	2870	0	1698	0	0	0	1734	0	0	0	0	0	0	0	4784	0	4194	0	29120	0	3390	0	0	0	1356	0	0	0	0	0	0	0	156	0	0	0	0	0	0	0	0	0	0	0	0	0	0	0	0	
431640	Cerebelum_Crus1_L	0	0	0	0	0	0	0	0	0	0	0	0	0	0	0	0	0	0	0	0	0	0	0	0	0	0	0	0	0	0	0	0	0	0	0	0	0	0	0	0	0	0	294	0	0	0	9158	4346	0	0	0	0	132	0	16216	726	0	0	0	0	0	0	0	0	0	0	0	0	0	0	0	0	0	0	0	0	0	0	0	0	0	0	0	0	0	0	0	0	1624	0	0	6230	33888	2644	404	0	13286	968	51254	8294	11082	916	16250	1900	2586	744	660	0	0	0	8440	14272	5352	2882	906	366	
473180	Cerebelum_Crus1_R	0	0	0	0	0	0	0	0	0	0	0	0	0	0	0	0	0	0	0	0	0	0	0	0	0	0	0	0	0	0	0	0	0	0	0	0	0	0	0	222	0	0	0	250	0	0	3786	3308	0	198	0	0	0	0	1072	11316	0	0	0	0	0	0	0	0	0	0	0	132	0	0	0	0	0	0	0	0	0	0	0	0	0	0	0	0	0	174	0	0	0	1356	6230	0	3822	26032	242	1930	2644	17712	11606	55474	690	5590	1502	22562	446	3702	0	772	230	528	10978	22884	10610	4016	2602	1972	
277596	Cerebelum_Crus2_L	0	0	0	0	0	0	0	0	0	0	0	0	0	0	0	0	0	0	0	0	0	0	0	0	0	0	0	0	0	0	0	0	0	0	0	0	0	0	0	0	0	0	0	0	0	0	1296	1188	0	0	0	0	0	0	1196	308	0	0	0	0	0	0	0	0	0	0	0	0	0	0	0	0	0	0	0	0	0	0	0	0	0	0	0	0	0	0	0	0	600	0	33888	3822	0	3438	184	0	942	0	12542	3848	27508	1568	25576	2252	1358	360	316	0	0	0	1272	6462	4496	3942	436	0	
229500	Cerebelum_Crus2_R	0	0	0	0	0	0	0	0	0	0	0	0	0	0	0	0	0	0	0	0	0	0	0	0	0	0	0	0	0	0	0	0	0	0	0	0	0	0	0	0	0	0	0	0	0	0	0	0	0	0	0	0	0	0	0	408	0	0	0	0	0	0	0	0	0	0	0	0	0	0	0	0	0	0	0	0	0	0	0	0	0	0	0	0	0	0	0	0	0	0	2644	26032	3438	0	0	108	150	656	1202	4896	1856	22482	2994	32084	308	1244	0	0	0	0	610	2160	6056	4936	486	0	
49904	Cerebelum_3_L	0	0	0	0	0	0	0	0	0	0	0	0	0	0	0	0	0	0	0	0	0	0	0	0	0	0	0	0	0	0	0	0	0	0	0	0	0	0	0	0	0	0	0	0	0	0	0	176	0	0	0	0	0	0	272	0	0	0	0	0	0	0	0	0	0	0	0	0	0	0	0	0	0	0	0	0	0	0	0	0	0	0	0	0	0	0	0	0	0	0	404	242	184	0	0	1254	7748	348	1746	1270	0	0	284	542	1666	590	0	208	968	2564	2498	828	276	122	484	278	
74128	Cerebelum_3_R	0	0	0	0	0	0	0	0	0	0	0	0	0	0	0	0	0	0	0	0	0	0	0	0	0	0	0	0	0	0	0	0	0	0	0	0	0	0	0	0	0	0	0	0	0	0	0	150	0	0	0	0	0	0	0	582	0	0	0	0	0	0	0	0	0	0	0	0	0	0	0	0	0	0	0	0	0	0	0	0	0	0	0	0	0	0	0	0	0	0	0	1930	0	108	1254	0	1858	6146	704	5572	0	0	128	788	260	2386	0	276	1164	3344	4298	2280	356	500	1982	998	
283472	Cerebelum_4_5_L	0	0	0	0	0	0	0	0	0	0	0	0	0	0	0	0	0	0	0	0	0	0	0	0	0	0	0	0	0	0	0	0	0	0	0	0	0	0	170	0	0	0	732	0	0	0	9554	3366	0	0	0	0	0	0	11720	876	0	0	0	0	0	0	0	0	0	0	0	0	0	0	0	0	0	0	0	0	0	0	0	0	0	0	0	0	0	0	0	0	0	0	13286	2644	942	150	7748	1858	0	4862	30910	5682	1094	0	2474	1388	5380	1356	994	340	1578	3418	20694	5272	702	240	988	1318	
252828	Cerebelum_4_5_R	0	0	0	0	0	0	0	0	0	0	0	0	0	0	0	0	0	0	0	0	0	0	0	0	0	0	0	0	0	0	0	0	0	0	0	188	0	888	0	2036	0	0	132	418	0	144	1018	7024	0	148	0	240	0	0	672	9488	0	0	0	0	0	0	0	0	0	0	0	552	0	0	0	0	0	204	0	0	0	0	0	0	0	0	0	0	0	0	0	0	0	0	968	17712	0	656	348	6146	4862	0	3536	27834	0	0	160	1988	310	2930	0	422	460	1620	19822	6502	890	1166	2754	2176	
523416	Cerebelum_6_L	106	0	0	0	0	0	0	0	0	0	0	0	0	0	0	0	152	0	0	0	0	0	0	0	0	0	0	0	234	0	0	0	0	0	0	0	0	0	240	0	0	0	782	256	0	0	18018	8594	0	0	454	0	562	168	24754	3152	0	0	0	0	0	0	118	0	0	0	314	114	0	0	0	0	0	0	0	0	0	0	136	0	184	0	0	0	0	0	0	0	442	0	51254	11606	12542	1202	1746	704	30910	3536	0	17032	3924	336	8054	1338	5944	1312	1496	108	260	426	16918	24134	4258	1432	1446	1010	
531916	Cerebelum_6_R	0	0	0	0	0	0	0	0	0	0	0	0	0	0	0	0	0	0	0	0	0	0	0	0	0	0	0	0	0	0	0	0	0	0	0	0	0	254	0	634	0	0	118	402	0	146	5424	10848	0	0	0	0	0	714	1494	15526	0	0	0	0	0	0	0	0	0	0	0	112	0	0	0	0	0	132	0	0	0	0	0	0	0	0	0	0	0	0	0	0	0	156	8294	55474	3848	4896	1270	5572	5682	27834	17032	0	476	812	1534	9852	896	7622	0	1894	700	1870	22250	31588	7278	3856	6008	3460	
163340	Cerebelum_7b_L	0	0	0	0	0	0	0	0	0	0	0	0	0	0	0	0	0	0	0	0	0	0	0	0	0	0	0	0	0	0	0	0	0	0	0	0	0	0	0	0	0	0	0	0	0	0	0	348	0	0	0	0	0	0	732	0	0	0	0	0	0	0	0	0	0	0	0	0	0	0	0	0	0	0	0	0	0	0	0	0	0	0	0	0	0	0	0	0	206	0	11082	690	27508	1856	0	0	1094	0	3924	476	0	666	22852	2042	814	258	272	0	0	0	676	970	1638	3348	218	0	
129348	Cerebelum_7b_R	0	0	0	0	0	0	0	0	0	0	0	0	0	0	0	0	0	0	0	0	0	0	0	0	0	0	0	0	0	0	0	0	0	0	0	0	0	0	0	0	0	0	0	0	0	0	0	0	0	0	0	0	0	0	0	0	0	0	0	0	0	0	0	0	0	0	0	0	0	0	0	0	0	0	0	0	0	0	0	0	0	0	0	0	0	0	0	0	0	0	916	5590	1568	22482	0	0	0	0	336	812	666	0	1688	23230	150	2396	0	0	0	0	0	204	1618	2498	520	0	
262576	Cerebelum_8_L	0	0	0	0	0	0	0	0	0	0	0	0	0	0	0	0	0	0	0	0	0	0	0	0	0	0	0	0	0	0	0	0	0	0	0	0	0	0	0	0	0	0	0	0	0	0	186	1036	0	0	0	0	0	0	900	0	0	0	0	0	0	0	0	0	0	0	0	0	0	0	0	0	0	0	0	0	0	0	0	0	0	0	0	0	0	0	0	0	156	0	16250	1502	25576	2994	284	128	2474	160	8054	1534	22852	1688	0	6658	13338	3196	970	0	0	0	2132	3014	3484	8846	3614	262	
312180	Cerebelum_8_R	0	0	0	0	0	0	0	0	0	0	0	0	0	0	0	0	0	0	0	0	0	0	0	0	0	0	0	0	0	0	0	0	0	0	0	0	0	0	0	0	0	0	0	0	0	0	292	144	0	0	0	0	0	0	0	186	0	0	0	0	0	0	0	0	0	0	0	0	0	0	0	0	0	0	0	0	0	0	0	0	0	0	0	0	0	0	0	0	0	0	1900	22562	2252	32084	542	788	1388	1988	1338	9852	2042	23230	6658	0	1132	20280	0	1154	160	288	2652	2710	5766	10052	4248	402	
110608	Cerebelum_9_L	0	0	0	0	0	0	0	0	0	0	0	0	0	0	0	0	0	0	0	0	0	0	0	0	0	0	0	0	0	0	0	0	0	0	0	0	0	0	0	0	0	0	0	0	0	0	168	520	0	0	0	0	0	0	374	166	0	0	0	0	0	0	0	0	0	0	0	0	0	0	0	0	0	0	0	0	0	0	0	0	0	0	0	0	0	0	0	0	0	0	2586	446	1358	308	1666	260	5380	310	5944	896	814	150	13338	1132	0	3556	2830	0	110	296	1408	2528	2206	2220	3456	878	
187968	Cerebelum_9_R	0	0	0	0	0	0	0	0	0	0	0	0	0	0	0	0	0	0	0	0	0	0	0	0	0	0	0	0	0	0	0	0	0	0	0	0	0	0	0	0	0	0	0	0	0	0	124	276	0	0	0	0	0	0	0	0	0	0	0	0	0	0	0	0	0	0	0	0	0	0	0	0	0	0	0	0	0	0	0	0	0	0	0	0	0	0	0	0	0	0	744	3702	360	1244	590	2386	1356	2930	1312	7622	258	2396	3196	20280	3556	0	0	2106	646	1442	3460	7038	5048	7934	11254	2724	
17432	Cerebelum_10_L	0	0	0	0	0	0	0	0	0	0	0	0	0	0	0	0	0	0	0	0	0	0	0	0	0	0	0	0	0	0	0	0	0	0	0	0	0	0	0	0	0	0	0	0	0	0	0	0	0	0	0	0	0	0	408	0	0	0	0	0	0	0	0	0	0	0	0	0	0	0	0	0	0	0	0	0	0	0	0	0	0	0	0	0	0	0	0	0	0	0	660	0	316	0	0	0	994	0	1496	0	272	0	970	0	2830	0	0	0	0	0	0	232	432	0	106	0	
24196	Cerebelum_10_R	0	0	0	0	0	0	0	0	0	0	0	0	0	0	0	0	0	0	0	0	0	0	0	0	0	0	0	0	0	0	0	0	0	0	0	0	0	0	0	0	0	0	0	0	0	0	0	124	0	0	0	0	0	0	0	0	0	0	0	0	0	0	0	0	0	0	0	0	0	0	0	0	0	0	0	0	0	0	0	0	0	0	0	0	0	0	0	0	0	0	0	772	0	0	208	276	340	422	108	1894	0	0	0	1154	0	2106	0	0	0	0	576	820	926	1156	1216	0	
29144	Vermis_1_2	0	0	0	0	0	0	0	0	0	0	0	0	0	0	0	0	0	0	0	0	0	0	0	0	0	0	0	0	0	0	0	0	0	0	0	0	0	0	0	0	0	0	0	0	0	0	0	0	0	0	0	0	0	0	0	0	0	0	0	0	0	0	0	0	0	0	0	0	0	0	0	0	0	0	0	0	0	0	0	0	0	0	0	0	0	0	0	0	0	0	0	230	0	0	968	1164	1578	460	260	700	0	0	0	160	110	646	0	0	0	4956	1858	514	0	128	374	466	
55084	Vermis_3	0	0	0	0	0	0	0	0	0	0	0	0	0	0	0	0	0	0	0	0	0	0	0	0	0	0	0	0	0	0	0	0	0	0	0	0	0	0	0	0	0	0	0	0	0	0	0	0	0	0	0	0	0	0	0	138	0	0	0	0	0	0	0	0	0	0	0	0	0	0	0	0	0	0	0	0	0	0	0	0	0	0	0	0	0	0	0	0	0	0	0	528	0	0	2564	3344	3418	1620	426	1870	0	0	0	288	296	1442	0	0	4956	0	3330	1194	240	318	1016	554	
357428	Vermis_4_5	0	0	0	0	0	0	0	0	0	0	0	0	0	0	0	0	0	0	0	0	0	0	0	0	0	0	0	0	0	0	0	0	0	0	0	644	0	492	0	366	0	0	724	522	0	172	4810	10922	0	166	0	260	0	0	4308	5534	0	0	0	0	0	0	0	0	0	0	120	910	0	0	0	0	0	0	0	0	0	0	0	0	0	0	0	0	0	0	0	0	0	0	8440	10978	1272	610	2498	4298	20694	19822	16918	22250	676	0	2132	2652	1408	3460	0	576	1858	3330	0	15264	878	978	3164	4608	
414500	Vermis_6	0	0	0	0	0	0	0	0	0	0	0	0	0	0	0	0	0	0	0	0	0	0	0	0	0	0	0	0	0	0	0	0	0	0	0	0	0	0	0	0	0	0	0	496	0	188	7570	10192	0	152	0	0	0	460	1930	5570	0	0	0	0	0	0	0	0	0	0	0	128	0	0	0	0	0	0	0	0	0	0	0	0	0	0	0	0	0	0	0	0	0	0	14272	22884	6462	2160	828	2280	5272	6502	24134	31588	970	204	3014	2710	2528	7038	232	820	514	1194	15264	0	10284	5352	8088	5970	
