data	data	462464	252252	986992	956688	205976	168984	593180	253052	77816	13112	272696	217192	295904	145652	234740	226444	191588	183400	652632	839932	79756	107392	376436	387836	25984	105136	72964	89456	698964	476852	326736	480468	185200	569316	222436	266104	287704	408316	78044	212380	45436	75980	170272	316372	162600	242748	273888	258408	161392	238104	500344	303912	139072	100156	354104	518252	375228	246148	177600	53120	192024	93044	97628	99624	145908	95988	281144	384980	235448	134572	398428	550752	390536	466652	45832	34148	139868	251948	67372	42724	219376	109740	83316	53604	356808	259320	20052	11336	206140	233424	469868	458768	313632	361164	30408	37644	212896	162332	376432	353880	263972	154368	248244	280356	99240	101228	32980	21216	19700	27444	111924	142504	216768	82196	53108	33896	
data	data	Precentral_L	Precentral_R	Frontal_Sup_L	Frontal_Sup_R	Frontal_Sup_Orb_L	Frontal_Sup_Orb_R	Frontal_Mid_L	Frontal_Mid_R	Frontal_Mid_Orb_L	Frontal_Mid_Orb_R	Frontal_Inf_Oper_L	Frontal_Inf_Oper_R	Frontal_Inf_Tri_L	Frontal_Inf_Tri_R	Frontal_Inf_Orb_L	Frontal_Inf_Orb_R	Rolandic_Oper_L	Rolandic_Oper_R	Supp_Motor_Area_L	Supp_Motor_Area_R	Olfactory_L	Olfactory_R	Frontal_Sup_Medial_L	Frontal_Sup_Medial_R	Frontal_Med_Orb_L	Frontal_Med_Orb_R	Rectus_L	Rectus_R	Insula_L	Insula_R	Cingulum_Ant_L	Cingulum_Ant_R	Cingulum_Mid_L	Cingulum_Mid_R	Cingulum_Post_L	Cingulum_Post_R	Hippocampus_L	Hippocampus_R	ParaHippocampal_L	ParaHippocampal_R	Amygdala_L	Amygdala_R	Calcarine_L	Calcarine_R	Cuneus_L	Cuneus_R	Lingual_L	Lingual_R	Occipital_Sup_L	Occipital_Sup_R	Occipital_Mid_L	Occipital_Mid_R	Occipital_Inf_L	Occipital_Inf_R	Fusiform_L	Fusiform_R	Postcentral_L	Postcentral_R	Parietal_Sup_L	Parietal_Sup_R	Parietal_Inf_L	Parietal_Inf_R	SupraMarginal_L	SupraMarginal_R	Angular_L	Angular_R	Precuneus_L	Precuneus_R	Paracentral_Lobule_L	Paracentral_Lobule_R	Caudate_L	Caudate_R	Putamen_L	Putamen_R	Pallidum_L	Pallidum_R	Thalamus_L	Thalamus_R	Heschl_L	Heschl_R	Temporal_Sup_L	Temporal_Sup_R	Temporal_Pole_Sup_L	Temporal_Pole_Sup_R	Temporal_Mid_L	Temporal_Mid_R	Temporal_Pole_Mid_L	Temporal_Pole_Mid_R	Temporal_Inf_L	Temporal_Inf_R	Cerebelum_Crus1_L	Cerebelum_Crus1_R	Cerebelum_Crus2_L	Cerebelum_Crus2_R	Cerebelum_3_L	Cerebelum_3_R	Cerebelum_4_5_L	Cerebelum_4_5_R	Cerebelum_6_L	Cerebelum_6_R	Cerebelum_7b_L	Cerebelum_7b_R	Cerebelum_8_L	Cerebelum_8_R	Cerebelum_9_L	Cerebelum_9_R	Cerebelum_10_L	Cerebelum_10_R	Vermis_1_2	Vermis_3	Vermis_4_5	Vermis_6	Vermis_7	Vermis_8	Vermis_9	Vermis_10	
462464	Precentral_L	0	7998	13944	6192	0	0	22878	626	0	0	12916	344	1436	0	120	0	9068	440	3894	6960	0	0	152	0	0	0	0	0	10516	590	484	1072	98	3200	8678	6330	8808	4516	906	1122	0	0	580	0	314	0	234	0	138	0	5270	0	536	0	1492	1106	30028	1276	734	0	4214	202	572	426	576	0	2398	0	6694	1080	716	540	5110	0	1296	0	6822	2940	2728	0	4280	0	0	0	10342	0	0	0	4938	362	0	0	0	0	0	0	0	0	0	0	0	0	0	0	0	0	0	0	0	0	0	0	0	0	0	0	
252252	Precentral_R	7998	0	3370	8316	0	0	1114	8720	0	0	162	8824	386	0	0	0	502	8184	1176	4436	0	0	0	0	0	0	0	0	466	4146	130	0	394	1394	674	2268	0	2018	0	196	0	0	0	1532	0	900	0	366	0	1388	268	2060	0	474	0	3846	2702	12868	0	230	628	708	650	2582	0	126	148	5550	1912	5288	1306	1162	656	1550	0	150	378	1550	0	562	0	1972	0	0	324	3046	0	0	0	4052	0	158	0	0	0	0	0	0	0	160	0	0	0	0	0	0	0	0	0	0	0	0	0	0	0	0	
986992	Frontal_Sup_L	13944	3370	0	13354	12896	0	70104	938	4198	0	15580	138	14246	166	9942	526	10288	0	87858	22904	0	0	43640	5184	612	0	334	0	42392	258	23564	7904	9072	15988	312	298	3306	416	100	0	0	0	472	0	230	0	0	0	0	0	750	0	104	0	268	0	3452	438	0	0	106	0	0	196	0	0	234	106	734	0	11780	1084	21612	590	4776	0	4128	266	1022	0	5198	0	1510	0	216	0	0	0	392	0	0	0	0	0	0	0	0	0	0	0	0	0	0	0	0	0	0	0	0	0	0	0	0	0	0	0	
956688	Frontal_Sup_R	6192	8316	13354	0	650	10402	7116	27984	0	120	1578	9382	2426	10778	278	13830	680	2432	19738	92980	0	0	8456	34368	0	1672	0	1080	5440	20160	3230	29836	3766	30938	504	794	616	2444	0	808	0	100	0	584	0	678	0	94	0	102	634	188	0	0	108	866	1354	280	0	0	286	0	0	152	0	0	310	1062	462	198	10142	35964	3588	27842	292	1760	1964	15142	0	0	230	278	154	242	406	220	0	0	94	220	0	0	0	0	0	0	0	0	0	0	0	0	0	0	0	0	0	0	0	0	0	0	0	0	0	0	
205976	Frontal_Sup_Orb_L	0	0	12896	650	0	0	4038	690	12608	0	0	0	2282	0	19460	0	0	0	684	326	3564	1878	2434	0	2748	0	6986	0	12178	0	2990	584	0	142	0	0	0	0	0	0	0	0	0	0	0	0	0	0	0	0	0	0	0	0	0	0	0	0	0	0	0	0	0	0	0	0	0	0	0	0	4424	2024	6960	428	0	0	0	0	0	0	0	0	2014	0	0	0	0	0	0	0	0	0	0	0	0	0	0	0	0	0	0	0	0	0	0	0	0	0	0	0	0	0	0	0	0	0	
168984	Frontal_Sup_Orb_R	0	0	0	10402	0	0	0	2314	0	2538	0	0	0	264	0	5928	0	0	0	840	0	1778	334	7332	256	8704	594	9584	0	3082	628	7776	0	168	0	0	0	150	0	0	0	234	0	0	0	0	0	0	0	0	0	0	0	0	0	0	0	0	0	0	0	0	0	0	0	0	0	0	0	0	126	11256	0	9792	0	0	0	0	0	0	0	0	0	412	0	0	0	0	0	0	0	0	0	0	0	0	0	0	0	0	0	0	0	0	0	0	0	0	0	0	0	0	0	0	0	0	
593180	Frontal_Mid_L	22878	1114	70104	7116	4038	0	0	1718	3278	0	11116	96	28446	128	14834	692	4664	0	12190	5684	0	0	17304	2904	0	0	0	0	26806	232	10502	4714	11148	6116	1078	1048	2868	954	138	288	0	0	400	0	0	0	0	0	0	0	564	0	102	0	116	0	1554	314	0	0	94	0	0	164	0	0	168	0	0	0	5750	1432	5218	282	1180	0	188	628	1506	0	2332	0	142	0	124	0	0	0	136	0	0	0	0	0	0	0	0	0	0	0	0	0	0	0	0	0	0	0	0	0	0	0	0	0	0	0	
253052	Frontal_Mid_R	626	8720	938	27984	690	2314	1718	0	0	236	612	12814	1298	7484	130	3136	334	4358	224	4042	0	0	306	512	0	0	0	0	2006	11822	516	182	1378	1582	0	156	0	964	0	304	0	0	0	806	0	880	0	134	0	162	0	352	0	0	0	594	0	102	0	0	0	0	0	0	0	0	0	1684	0	0	5846	4850	2790	7860	0	138	780	620	0	0	302	268	166	254	0	334	0	0	0	218	0	0	0	0	0	0	0	0	0	0	0	0	0	0	0	0	0	0	0	0	0	0	0	0	0	0	
77816	Frontal_Mid_Orb_L	0	0	4198	0	12608	0	3278	0	0	0	0	0	1816	0	13280	0	0	0	0	0	0	0	0	0	96	0	730	0	2304	0	0	0	0	0	0	0	0	0	0	0	0	0	0	0	0	0	0	0	0	0	0	0	0	0	0	0	0	0	0	0	0	0	0	0	0	0	0	0	0	0	144	0	454	0	0	0	0	0	0	0	0	0	0	0	0	0	0	0	0	0	0	0	0	0	0	0	0	0	0	0	0	0	0	0	0	0	0	0	0	0	0	0	0	0	0	0	
13112	Frontal_Mid_Orb_R	0	0	0	120	0	2538	0	236	0	0	0	0	0	116	0	2786	0	0	0	0	0	0	0	0	0	0	0	102	0	362	0	0	0	0	0	0	0	0	0	0	0	0	0	0	0	0	0	0	0	0	0	0	0	0	0	0	0	0	0	0	0	0	0	0	0	0	0	0	0	0	0	144	0	152	0	0	0	0	0	0	0	0	0	0	0	0	0	0	0	0	0	0	0	0	0	0	0	0	0	0	0	0	0	0	0	0	0	0	0	0	0	0	0	0	0	0	
272696	Frontal_Inf_Oper_L	12916	162	15580	1578	0	0	11116	612	0	0	0	0	12970	0	250	230	12842	0	8810	1428	0	0	770	144	0	0	0	0	26970	0	2408	830	114	1252	514	456	1632	424	130	106	0	0	0	0	0	0	0	0	0	0	0	0	0	0	0	0	5472	0	0	0	250	0	0	0	0	0	0	238	0	0	3022	366	4618	0	152	0	0	260	1178	0	5688	0	616	0	130	0	0	0	114	0	0	0	0	0	0	0	0	0	0	0	0	0	0	0	0	0	0	0	0	0	0	0	0	0	0	0	
217192	Frontal_Inf_Oper_R	344	8824	138	9382	0	0	96	12814	0	0	0	0	0	4848	0	140	0	10738	1784	5552	0	0	116	504	0	0	0	0	110	24438	0	492	0	1008	0	278	0	3350	0	1388	0	0	0	680	0	212	0	216	0	108	0	516	0	0	0	1240	0	1620	0	0	0	0	0	0	0	0	0	1364	0	0	336	1968	102	9630	0	212	0	1290	0	172	0	772	0	722	0	610	0	0	0	482	0	0	0	0	0	0	0	0	0	0	0	0	0	0	0	0	0	0	0	0	0	0	0	0	0	0	
295904	Frontal_Inf_Tri_L	1436	386	14246	2426	2282	0	28446	1298	1816	0	12970	0	0	0	20418	270	1002	0	3992	2388	0	0	1460	174	0	0	0	0	31106	168	2092	600	1432	2130	0	0	218	0	0	0	0	0	0	0	0	104	0	0	0	0	0	0	0	0	0	0	546	0	0	0	0	0	0	0	0	0	0	298	0	0	8078	620	4024	0	0	0	184	0	184	0	864	0	294	0	0	0	0	0	0	0	0	0	0	0	0	0	0	0	0	0	0	0	0	0	0	0	0	0	0	0	0	0	0	0	0	0	
145652	Frontal_Inf_Tri_R	0	0	166	10778	0	264	128	7484	0	116	0	4848	0	0	0	10786	0	598	736	2978	0	0	1184	4536	0	0	0	0	0	16606	0	1182	0	3928	0	0	0	0	0	0	0	0	0	0	0	0	0	0	0	0	0	0	0	0	0	0	0	0	0	0	0	0	0	0	0	0	0	0	0	0	0	1148	0	5158	0	0	0	0	0	0	0	100	0	102	0	0	0	0	0	0	0	0	0	0	0	0	0	0	0	0	0	0	0	0	0	0	0	0	0	0	0	0	0	0	0	0	
234740	Frontal_Inf_Orb_L	120	0	9942	278	19460	0	14834	130	13280	0	250	0	20418	0	0	0	0	0	498	166	2352	908	314	0	0	0	3280	0	20014	0	764	374	696	138	0	0	0	0	96	0	180	0	0	0	0	0	0	0	0	0	0	0	0	0	0	0	0	0	0	0	0	0	0	0	0	0	0	0	0	0	2442	1098	3194	224	0	0	0	0	0	0	0	0	1920	0	0	0	0	0	0	0	0	0	0	0	0	0	0	0	0	0	0	0	0	0	0	0	0	0	0	0	0	0	0	0	0	0	
226444	Frontal_Inf_Orb_R	0	0	526	13830	0	5928	692	3136	0	2786	230	140	270	10786	0	0	0	0	1024	6976	0	1614	2658	7232	0	0	0	1584	504	14430	0	2272	136	6350	0	0	0	260	0	242	0	376	0	0	0	0	0	0	0	0	0	0	0	0	0	194	0	0	0	0	0	0	0	0	0	0	0	0	0	0	3222	15580	0	5988	0	0	0	2500	0	0	0	254	0	1392	0	0	0	0	0	110	0	0	0	0	0	0	0	0	0	0	0	0	0	0	0	0	0	0	0	0	0	0	0	0	0	0	
191588	Rolandic_Oper_L	9068	502	10288	680	0	0	4664	334	0	0	12842	0	1002	0	0	0	0	0	7754	610	0	0	0	0	0	0	0	0	18168	0	0	236	0	478	0	0	840	0	96	0	0	0	0	0	0	0	0	0	0	0	0	0	0	0	0	0	6996	0	0	0	502	0	870	0	0	0	0	218	176	0	1134	176	2040	0	238	0	0	0	4596	0	9686	0	766	0	672	0	0	0	162	0	0	0	0	0	0	0	0	0	0	0	0	0	0	0	0	0	0	0	0	0	0	0	0	0	0	0	
183400	Rolandic_Oper_R	440	8184	0	2432	0	0	0	4358	0	0	0	10738	0	598	0	0	0	0	146	1912	0	0	0	0	0	0	0	0	0	19638	0	0	0	162	0	198	0	3328	0	330	0	0	0	804	0	146	0	238	0	0	0	556	0	0	0	3116	118	11974	0	0	0	0	0	2234	0	0	0	1478	0	154	204	204	102	3546	0	190	0	1512	0	4014	0	2578	0	420	0	2702	0	0	0	2946	0	0	0	0	0	0	0	0	0	0	0	0	0	0	0	0	0	0	0	0	0	0	0	0	0	0	
652632	Supp_Motor_Area_L	3894	1176	87858	19738	684	0	12190	224	0	0	8810	1784	3992	736	498	1024	7754	146	0	41978	0	0	7530	2484	0	0	0	0	19692	2440	8232	6278	9924	28114	492	124	1886	264	0	0	0	0	0	0	0	0	0	0	0	0	0	0	0	0	172	0	2488	98	0	0	0	0	0	0	0	0	0	0	2826	1096	10510	578	14608	640	2610	0	4570	378	834	0	4156	0	354	0	100	0	0	0	352	0	0	0	0	0	0	0	0	0	0	0	0	0	0	0	0	0	0	0	0	0	0	0	0	0	0	0	
839932	Supp_Motor_Area_R	6960	4436	22904	92980	326	840	5684	4042	0	0	1428	5552	2388	2978	166	6976	610	1912	41978	0	0	0	4534	9086	0	246	0	0	4944	10304	3228	13120	6078	56866	636	4378	626	2120	0	540	0	0	0	0	0	174	0	288	0	198	1266	0	0	0	288	710	1018	2226	194	0	270	0	0	178	0	0	464	1792	6246	11216	7574	27342	2858	16928	364	2596	1258	14070	0	0	192	180	0	150	750	0	0	0	114	196	0	0	0	0	0	0	0	0	0	0	0	0	0	0	0	0	0	0	0	0	0	0	0	0	0	0	
79756	Olfactory_L	0	0	0	0	3564	0	0	0	0	0	0	0	0	0	2352	0	0	0	0	0	0	5046	94	0	216	0	3498	160	3114	0	2896	1340	0	0	0	0	556	0	388	0	994	0	0	0	0	0	0	0	0	0	0	0	0	0	116	0	0	0	0	0	0	0	0	0	0	0	0	0	0	0	5896	4886	2448	1232	0	0	0	0	0	0	0	0	1082	0	0	0	0	0	0	0	0	0	0	0	0	0	0	0	0	0	0	0	0	0	0	0	0	0	0	0	0	0	0	0	0	0	
107392	Olfactory_R	0	0	0	0	1878	1778	0	0	0	0	0	0	0	0	908	1614	0	0	0	0	5046	0	0	156	144	1054	2630	2976	0	3298	3174	2852	0	0	0	0	0	398	0	710	0	1992	0	0	0	0	0	0	0	0	0	0	0	0	0	164	0	0	0	0	0	0	0	0	0	0	0	0	0	0	6876	8162	4024	2564	330	0	0	98	0	0	0	0	0	870	0	0	0	0	0	0	0	0	0	0	0	0	0	0	0	0	0	0	0	0	0	0	0	0	0	0	0	0	0	0	0	0	
376436	Frontal_Sup_Medial_L	152	0	43640	8456	2434	334	17304	306	0	0	770	116	1460	1184	314	2658	0	0	7530	4534	94	0	0	19486	1756	468	598	0	4440	1076	26346	15152	4428	12104	0	0	112	0	0	0	0	0	0	0	0	0	0	0	0	0	0	0	0	0	0	0	0	0	0	0	0	0	0	0	0	0	0	0	0	0	3064	1680	4174	1560	0	0	0	0	0	0	488	0	0	0	0	0	0	0	0	0	0	0	0	0	0	0	0	0	0	0	0	0	0	0	0	0	0	0	0	0	0	0	0	0	0	0	
387836	Frontal_Sup_Medial_R	0	0	5184	34368	0	7332	2904	512	0	0	144	504	174	4536	0	7232	0	0	2484	9086	0	156	19486	0	688	8376	0	3736	296	5000	3622	32408	1076	16740	0	0	0	842	0	464	0	134	0	0	0	0	0	0	0	0	0	0	0	0	0	526	0	0	0	0	0	0	0	0	0	0	0	0	0	0	448	14352	0	10974	0	0	0	134	0	0	0	0	0	0	0	0	0	0	0	0	0	0	0	0	0	0	0	0	0	0	0	0	0	0	0	0	0	0	0	0	0	0	0	0	0	0	
25984	Frontal_Med_Orb_L	0	0	612	0	2748	256	0	0	96	0	0	0	0	0	0	0	0	0	0	0	216	144	1756	688	0	1164	2012	100	0	0	2284	0	0	0	0	0	0	0	0	0	0	0	0	0	0	0	0	0	0	0	0	0	0	0	0	0	0	0	0	0	0	0	0	0	0	0	0	0	0	0	350	258	308	0	0	0	0	0	0	0	0	0	0	0	0	0	0	0	0	0	0	0	0	0	0	0	0	0	0	0	0	0	0	0	0	0	0	0	0	0	0	0	0	0	0	0	
105136	Frontal_Med_Orb_R	0	0	0	1672	0	8704	0	0	0	0	0	0	0	0	0	0	0	0	0	246	0	1054	468	8376	1164	0	306	8526	0	484	944	9408	0	0	0	0	0	386	0	194	0	0	0	0	0	0	0	0	0	0	0	0	0	0	0	314	0	0	0	0	0	0	0	0	0	0	0	0	0	0	0	7096	0	3226	0	0	0	0	0	0	0	0	0	0	0	0	0	0	0	0	0	0	0	0	0	0	0	0	0	0	0	0	0	0	0	0	0	0	0	0	0	0	0	0	0	0	
72964	Rectus_L	0	0	334	0	6986	594	0	0	730	0	0	0	0	0	3280	0	0	0	0	0	3498	2630	598	0	2012	306	0	814	886	0	3614	796	0	0	0	0	0	0	0	0	0	0	0	0	0	0	0	0	0	0	0	0	0	0	0	0	0	0	0	0	0	0	0	0	0	0	0	0	0	0	3594	2754	2446	610	0	0	0	0	0	0	0	0	0	0	0	0	0	0	0	0	0	0	0	0	0	0	0	0	0	0	0	0	0	0	0	0	0	0	0	0	0	0	0	0	0	0	
89456	Rectus_R	0	0	0	1080	0	9584	0	0	0	102	0	0	0	0	0	1584	0	0	0	0	160	2976	0	3736	100	8526	814	0	0	1590	792	5294	0	0	0	0	0	220	0	150	0	152	0	0	0	0	0	0	0	0	0	0	0	0	0	196	0	0	0	0	0	0	0	0	0	0	0	0	0	0	102	4718	0	2350	0	0	0	0	0	0	0	0	0	502	0	0	0	0	0	0	0	0	0	0	0	0	0	0	0	0	0	0	0	0	0	0	0	0	0	0	0	0	0	0	0	0	
698964	Insula_L	10516	466	42392	5440	12178	0	26806	2006	2304	0	26970	110	31106	0	20014	504	18168	0	19692	4944	3114	0	4440	296	0	0	886	0	0	154	6898	1950	2550	3590	1762	1700	10570	1466	1138	446	2180	0	0	0	0	154	0	0	0	0	126	0	0	0	2418	0	6160	0	0	0	728	0	186	0	0	0	0	442	172	0	10244	1034	25082	0	112	0	924	818	6034	0	14686	0	6854	0	2364	0	126	0	4062	0	0	0	0	0	0	0	0	0	0	0	0	0	0	0	0	0	0	0	0	0	0	0	0	0	0	0	
476852	Insula_R	590	4146	258	20160	0	3082	232	11822	0	362	0	24438	168	16606	0	14430	0	19638	2440	10304	0	3298	1076	5000	0	484	0	1590	154	0	0	2170	0	3912	0	220	0	9666	0	3470	0	2898	0	494	0	94	0	190	0	0	0	368	0	0	0	5268	196	2230	0	0	98	0	0	266	0	0	0	998	0	0	720	6086	142	25672	0	166	0	2366	0	5986	0	9302	0	2440	0	5150	0	0	0	7580	0	0	0	0	0	0	0	0	0	0	0	0	0	0	0	0	0	0	0	0	0	0	0	0	0	0	
326736	Cingulum_Ant_L	484	130	23564	3230	2990	628	10502	516	0	0	2408	0	2092	0	764	0	0	0	8232	3228	2896	3174	26346	3622	2284	944	3614	792	6898	0	0	15438	3762	5508	0	0	328	0	0	0	0	0	0	0	0	0	0	0	0	0	0	0	0	0	0	0	0	0	0	0	0	0	0	0	0	0	0	0	0	0	10500	5886	8702	3030	0	340	0	0	0	0	536	0	0	0	0	0	0	0	0	0	0	0	0	0	0	0	0	0	0	0	0	0	0	0	0	0	0	0	0	0	0	0	0	0	0	0	
480468	Cingulum_Ant_R	1072	0	7904	29836	584	7776	4714	182	0	0	830	492	600	1182	374	2272	236	0	6278	13120	1340	2852	15152	32408	0	9408	796	5294	1950	2170	15438	0	3740	25216	0	0	0	908	0	500	0	130	0	0	0	0	0	0	0	0	0	0	0	0	0	532	0	0	0	0	0	0	0	0	0	0	0	0	0	0	5016	21638	2766	14370	0	1010	0	148	0	0	0	0	0	0	0	0	0	0	0	0	0	0	0	0	0	0	0	0	0	0	0	0	0	0	0	0	0	0	0	0	0	0	0	0	0	0	
185200	Cingulum_Mid_L	98	394	9072	3766	0	0	11148	1378	0	0	114	0	1432	0	696	136	0	0	9924	6078	0	0	4428	1076	0	0	0	0	2550	0	3762	3740	0	11346	3866	100	0	0	0	0	0	0	0	0	314	254	0	0	726	0	642	0	120	0	0	0	0	0	138	0	0	0	0	0	0	0	2450	480	4676	256	4350	918	2074	98	0	0	0	0	0	0	0	0	0	0	0	0	0	0	0	0	0	0	0	0	0	0	0	0	0	0	0	0	0	0	0	0	0	0	0	0	0	0	0	0	0	0	
569316	Cingulum_Mid_R	3200	1394	15988	30938	142	168	6116	1582	0	0	1252	1008	2130	3928	138	6350	478	162	28114	56866	0	0	12104	16740	0	0	0	0	3590	3912	5508	25216	11346	0	474	3502	350	248	0	0	0	0	0	1168	0	2188	0	1214	0	424	516	376	0	106	112	514	458	2190	106	0	98	102	0	178	0	0	718	7330	3664	7532	4448	2318	1826	2774	224	0	0	124	0	0	154	0	0	0	348	206	0	0	0	298	0	0	0	0	0	0	0	0	0	0	0	0	0	0	0	0	0	0	0	0	0	0	0	0	0	0	
222436	Cingulum_Post_L	8678	674	312	504	0	0	1078	0	0	0	514	0	0	0	0	0	0	0	492	636	0	0	0	0	0	0	0	0	1762	0	0	0	3866	474	0	17082	11924	10842	894	3902	0	0	544	0	604	0	1840	1398	150	0	2056	0	200	0	530	1242	3298	0	812	0	812	0	200	0	278	0	7810	910	5770	444	0	0	0	0	0	0	2848	7220	1334	0	720	0	0	0	4464	0	0	0	1738	238	0	0	0	0	0	0	0	124	0	0	0	0	0	0	0	0	0	0	0	0	0	0	0	0	0	0	
266104	Cingulum_Post_R	6330	2268	298	794	0	0	1048	156	0	0	456	278	0	0	0	0	0	198	124	4378	0	0	0	0	0	0	0	0	1700	220	0	0	100	3502	17082	0	10830	14888	1044	5860	0	0	260	542	0	726	1238	6054	0	978	0	216	0	158	318	6826	914	3378	0	0	470	0	172	0	0	0	1140	10242	740	6312	0	0	0	0	0	0	4128	9328	1342	0	228	0	0	0	188	218	0	0	604	3772	0	222	0	0	0	0	0	248	0	228	0	0	0	0	0	0	0	0	0	0	308	0	0	0	0	0	
287704	Hippocampus_L	8808	0	3306	616	0	0	2868	0	0	0	1632	0	218	0	0	0	840	0	1886	626	556	0	112	0	0	0	0	0	10570	0	328	0	0	350	11924	10830	0	8850	12442	3558	8598	0	354	0	0	0	3608	1686	0	0	298	0	206	0	9910	508	1862	0	0	0	614	0	192	0	0	0	2712	850	0	0	432	0	5306	0	786	0	5162	5712	2380	0	1958	0	1298	0	900	0	132	0	7454	0	0	0	0	0	0	0	166	150	166	0	0	0	0	0	0	0	0	0	0	132	0	0	0	0	0	0	
408316	Hippocampus_R	4516	2018	416	2444	0	150	954	964	0	0	424	3350	0	0	0	260	0	3328	264	2120	0	398	0	842	0	386	0	220	1466	9666	0	908	0	248	10842	14888	8850	0	954	28978	0	11028	224	1992	0	0	932	5054	0	0	0	0	0	0	286	27666	720	1560	0	0	328	0	116	136	0	0	430	5880	224	0	138	1410	0	12982	0	250	3340	14104	1142	430	194	1488	0	512	144	3156	0	0	580	5800	0	172	0	0	0	0	0	1294	0	284	0	0	0	0	0	0	0	0	0	94	214	0	0	0	0	0	
78044	ParaHippocampal_L	906	0	100	0	0	0	138	0	0	0	130	0	0	0	96	0	96	0	0	0	388	0	0	0	0	0	0	0	1138	0	0	0	0	0	894	1044	12442	954	0	586	3814	0	0	0	0	0	2084	636	0	0	0	0	102	0	4900	0	0	0	0	0	0	0	0	0	0	0	0	404	0	0	0	0	318	0	0	0	1890	730	0	0	138	0	150	0	126	0	0	0	1390	0	0	0	0	0	1162	0	958	0	590	0	0	0	0	0	0	0	0	0	274	444	0	0	0	0	0	0	
212380	ParaHippocampal_R	1122	196	0	808	0	0	288	304	0	0	106	1388	0	0	0	242	0	330	0	540	0	710	0	464	0	194	0	150	446	3470	0	500	0	0	3902	5860	3558	28978	586	0	0	8274	130	208	0	0	638	3410	0	0	0	0	0	0	158	15710	210	160	0	0	0	0	0	0	0	0	316	2272	0	0	0	732	0	6166	0	200	1582	5096	396	0	0	510	0	950	0	1010	0	280	0	1024	0	120	0	0	0	0	0	1950	0	382	0	0	0	0	0	0	0	0	0	0	164	0	0	0	0	0	
45436	Amygdala_L	0	0	0	0	0	0	0	0	0	0	0	0	0	0	180	0	0	0	0	0	994	0	0	0	0	0	0	0	2180	0	0	0	0	0	0	0	8598	0	3814	0	0	0	0	0	0	0	0	0	0	0	0	0	0	0	3912	0	0	0	0	0	0	0	0	0	0	0	0	0	0	0	172	0	364	0	0	0	330	0	0	0	0	0	1240	0	0	0	0	0	934	0	0	0	0	0	0	0	0	0	0	0	0	0	0	0	0	0	0	0	0	0	0	0	0	0	0	0	
75980	Amygdala_R	0	0	0	100	0	234	0	0	0	0	0	0	0	0	0	376	0	0	0	0	0	1992	0	134	0	0	0	152	0	2898	0	130	0	0	0	0	0	11028	0	8274	0	0	0	0	0	0	0	0	0	0	0	0	0	0	0	7338	0	0	0	0	0	0	0	0	0	0	0	0	0	0	0	290	0	1932	0	0	0	272	0	0	0	0	0	1752	0	0	0	0	0	1088	0	0	0	0	0	0	0	0	0	0	0	0	0	0	0	0	0	0	0	0	0	0	0	0	0	0	
170272	Calcarine_L	580	0	472	0	0	0	400	0	0	0	0	0	0	0	0	0	0	0	0	0	0	0	0	0	0	0	0	0	0	0	0	0	0	0	544	260	354	224	0	130	0	0	0	1470	11684	1080	10148	252	7936	266	19058	164	4172	0	5062	124	2048	0	374	0	204	0	0	0	112	0	5418	0	1364	0	0	0	0	0	0	0	0	206	0	0	0	0	0	0	2222	0	0	0	128	0	1336	0	0	0	0	0	2558	0	2636	0	0	0	0	0	0	0	0	0	0	0	2150	0	0	0	0	0	
316372	Calcarine_R	0	1532	0	584	0	0	0	806	0	0	0	680	0	0	0	0	0	804	0	0	0	0	0	0	0	0	0	0	0	494	0	0	0	1168	0	542	0	1992	0	208	0	0	1470	0	5974	24268	0	15222	0	19406	0	21602	0	6046	0	17186	0	2182	0	254	0	0	0	0	0	0	228	19630	0	722	118	0	104	0	0	0	0	276	0	0	0	216	0	0	0	10152	0	0	0	3692	0	230	0	0	0	0	0	0	0	398	0	0	0	0	0	0	0	0	0	0	0	0	0	0	0	0	
162600	Cuneus_L	314	0	230	0	0	0	0	0	0	0	0	0	0	0	0	0	0	0	0	0	0	0	0	0	0	0	0	0	0	0	0	0	314	0	604	0	0	0	0	0	0	0	11684	5974	0	7408	2430	1008	16682	3228	13762	2242	1990	116	2394	686	2122	0	376	0	140	0	0	0	0	0	3764	578	2002	0	0	0	0	0	0	0	0	0	0	0	0	0	0	0	522	730	0	0	0	0	0	0	0	0	0	0	0	0	0	0	0	0	0	0	0	0	0	0	0	0	0	0	0	0	0	0	
242748	Cuneus_R	0	900	0	678	0	0	0	880	0	0	0	212	104	0	0	0	0	146	0	174	0	0	0	0	0	0	0	0	154	94	0	0	254	2188	0	726	0	0	0	0	0	0	1080	24268	7408	0	0	4014	0	27034	0	16096	0	1088	0	3742	0	1136	0	532	0	0	0	0	0	0	1552	18018	0	706	232	0	196	0	0	0	0	0	0	0	0	0	0	0	0	6750	0	0	0	1012	0	0	0	0	0	0	0	0	0	0	0	0	0	0	0	0	0	0	0	0	0	0	0	0	0	0	
273888	Lingual_L	234	0	0	0	0	0	0	0	0	0	0	0	0	0	0	0	0	0	0	0	0	0	0	0	0	0	0	0	0	0	0	0	0	0	1840	1238	3608	932	2084	638	0	0	10148	0	2430	0	0	1602	3114	0	11828	0	7588	228	18748	374	102	0	0	0	0	0	0	0	0	0	3696	388	184	0	0	0	0	0	0	0	996	606	0	0	0	0	0	0	788	0	0	0	308	0	12464	716	788	0	282	0	13346	902	20058	1894	0	0	114	0	1082	186	0	0	0	112	6668	3432	444	106	164	484	
258408	Lingual_R	0	366	0	94	0	0	0	134	0	0	0	216	0	0	0	0	0	238	0	288	0	0	0	0	0	0	0	0	0	190	0	0	0	1214	1398	6054	1686	5054	636	3410	0	0	252	15222	1008	4014	1602	0	0	4486	0	4108	0	6950	162	18102	0	808	0	0	0	0	0	0	0	0	230	14904	0	768	0	0	0	0	0	0	1120	1268	0	0	0	0	0	0	0	1252	0	0	0	1872	262	8512	122	0	108	0	148	2526	478	11752	0	0	0	0	0	0	0	0	0	174	1768	3922	326	0	0	0	
161392	Occipital_Sup_L	138	0	0	0	0	0	0	0	0	0	0	0	0	0	0	0	0	0	0	0	0	0	0	0	0	0	0	0	0	0	0	0	726	0	150	0	0	0	0	0	0	0	7936	0	16682	0	3114	0	0	0	25802	0	3544	0	2530	0	2196	0	5842	0	510	0	0	0	148	0	8960	0	2020	0	0	0	0	0	0	0	0	0	0	0	0	0	0	0	398	0	0	0	0	0	0	0	0	0	0	0	0	0	0	0	0	0	0	0	0	0	0	0	0	0	0	0	0	0	0	0	
238104	Occipital_Sup_R	0	1388	0	102	0	0	0	162	0	0	0	108	0	0	0	0	0	0	0	198	0	0	0	0	0	0	0	0	0	0	0	0	0	424	0	978	0	0	0	0	0	0	266	19406	3228	27034	0	4486	0	0	0	20708	0	1174	0	3514	0	2936	0	4262	0	1098	0	312	0	1940	260	16396	192	1394	0	0	0	0	0	0	0	0	0	0	0	0	0	0	0	6452	0	0	0	634	0	0	0	0	0	0	0	0	0	0	0	0	0	0	0	0	0	0	0	0	0	0	0	0	0	0	
500344	Occipital_Mid_L	5270	268	750	634	0	0	564	0	0	0	0	0	0	0	0	0	0	0	0	1266	0	0	0	0	0	0	0	0	126	0	0	0	642	516	2056	0	298	0	0	0	0	0	19058	0	13762	0	11828	0	25802	0	0	0	25342	0	14850	0	12472	0	14788	0	8944	0	3070	0	16018	0	21192	0	14772	312	0	0	108	0	0	0	356	0	0	0	1146	0	0	0	29690	0	0	0	3936	0	0	0	0	0	0	0	0	0	336	0	0	0	0	0	0	0	0	0	0	0	0	0	0	0	0	0	
303912	Occipital_Mid_R	0	2060	0	188	0	0	0	352	0	0	0	516	0	0	0	0	0	556	0	0	0	0	0	0	0	0	0	0	0	368	0	0	0	376	0	216	0	0	0	0	0	0	164	21602	2242	16096	0	4108	0	20708	0	0	0	4712	0	7074	0	3452	0	1062	0	9810	0	1376	0	16646	146	13470	0	428	0	0	0	0	0	0	0	0	0	0	0	380	0	0	0	21098	0	0	0	2750	0	0	0	0	0	0	0	0	0	0	0	0	0	0	0	0	0	0	0	0	0	0	0	0	0	0	
139072	Occipital_Inf_L	536	0	104	0	0	0	102	0	0	0	0	0	0	0	0	0	0	0	0	0	0	0	0	0	0	0	0	0	0	0	0	0	120	0	200	0	206	0	102	0	0	0	4172	0	1990	0	7588	0	3544	0	25342	0	0	0	12004	0	514	0	130	0	580	0	392	0	538	0	1232	0	582	0	0	0	0	0	0	0	0	0	0	0	114	0	0	0	5418	0	0	0	3538	0	134	0	0	0	0	0	0	0	354	0	0	0	0	0	0	0	0	0	0	0	0	0	0	0	0	0	
100156	Occipital_Inf_R	0	474	0	0	0	0	0	0	0	0	0	0	0	0	0	0	0	0	0	0	0	0	0	0	0	0	0	0	0	0	0	0	0	106	0	158	0	0	0	0	0	0	0	6046	116	1088	228	6950	0	1174	0	4712	0	0	0	11942	0	122	0	0	0	0	0	0	0	0	0	2222	0	140	0	0	0	0	0	0	0	0	0	0	0	0	0	0	0	2228	0	0	0	5002	0	1546	0	0	0	0	0	126	198	3574	0	0	0	0	0	0	0	0	0	0	276	1650	0	0	0	0	
354104	Fusiform_L	1492	0	268	108	0	0	116	0	0	0	0	0	0	0	0	0	0	0	172	288	116	0	0	0	0	0	0	0	2418	0	0	0	0	112	530	318	9910	286	4900	158	3912	0	5062	0	2394	0	18748	162	2530	0	14850	0	12004	0	0	0	420	0	104	0	378	0	262	0	280	0	1030	94	230	114	0	0	350	0	0	0	374	190	150	0	606	0	1594	0	4612	0	606	0	11588	0	23432	0	1830	0	438	0	13730	0	30588	0	872	0	932	0	0	0	0	0	0	0	884	386	124	0	0	0	
518252	Fusiform_R	1106	3846	0	866	0	0	0	594	0	0	0	1240	0	0	0	194	0	3116	0	710	0	164	0	526	0	314	0	196	0	5268	0	532	0	514	1242	6826	508	27666	0	15710	0	7338	124	17186	686	3742	374	18102	0	3514	0	7074	0	11942	0	0	0	2634	0	0	0	0	0	0	0	0	134	11608	406	880	0	628	0	4582	0	108	168	3126	0	410	0	1066	0	5366	0	5932	0	1088	0	29254	338	16600	134	1668	0	278	0	4970	430	19888	116	558	0	1434	0	526	0	0	0	0	474	2656	446	0	0	0	
375228	Postcentral_L	30028	2702	3452	1354	0	0	1554	0	0	0	5472	0	546	0	0	0	6996	118	2488	1018	0	0	0	0	0	0	0	0	6160	196	0	0	0	458	3298	914	1862	720	0	210	0	0	2048	0	2122	0	102	0	2196	0	12472	0	514	0	420	0	0	816	14368	0	22536	106	9986	258	4082	0	14894	218	12658	102	402	122	1238	0	184	0	950	464	2892	0	1996	0	0	0	7284	0	0	0	2638	0	0	0	0	0	0	0	0	0	0	0	0	0	0	0	0	0	0	0	0	0	0	0	0	0	0	0	
246148	Postcentral_R	1276	12868	438	280	0	0	314	102	0	0	0	1620	0	0	0	0	0	11974	98	2226	0	0	0	0	0	0	0	0	0	2230	0	0	0	2190	0	3378	0	1560	0	160	0	0	0	2182	0	1136	0	808	0	2936	0	3452	0	122	0	2634	816	0	0	6172	0	6932	0	16014	0	1910	0	11338	300	10268	168	0	0	714	0	0	0	446	0	1094	0	3040	0	0	0	5624	0	0	0	4254	0	0	0	0	0	0	0	0	0	0	0	0	0	0	0	0	0	0	0	0	0	0	0	0	0	0	
177600	Parietal_Sup_L	734	0	0	0	0	0	0	0	0	0	0	0	0	0	0	0	0	0	0	194	0	0	0	0	0	0	0	0	0	0	0	0	138	106	812	0	0	0	0	0	0	0	374	0	376	0	0	0	5842	0	14788	0	130	0	104	0	14368	0	0	0	9034	0	674	0	5268	0	19554	0	10886	0	0	0	0	0	0	0	0	0	0	0	776	0	0	0	4520	0	0	0	122	0	0	0	0	0	0	0	0	0	0	0	0	0	0	0	0	0	0	0	0	0	0	0	0	0	0	0	
53120	Parietal_Sup_R	0	230	0	0	0	0	0	0	0	0	0	0	0	0	0	0	0	0	0	0	0	0	0	0	0	0	0	0	0	0	0	0	0	0	0	0	0	0	0	0	0	0	0	254	0	532	0	0	0	4262	0	1062	0	0	0	0	0	6172	0	0	0	4200	0	126	0	1926	656	6580	0	388	0	0	0	0	0	0	0	0	0	0	0	0	0	0	0	172	0	0	0	0	0	0	0	0	0	0	0	0	0	0	0	0	0	0	0	0	0	0	0	0	0	0	0	0	0	0	
192024	Parietal_Inf_L	4214	628	106	286	0	0	94	0	0	0	250	0	0	0	0	0	502	0	0	270	0	0	0	0	0	0	0	0	728	98	0	0	0	98	812	470	614	328	0	0	0	0	204	0	140	0	0	0	510	0	8944	0	580	0	378	0	22536	0	9034	0	0	0	13632	0	13298	0	4370	0	4416	0	0	0	112	0	0	0	0	174	94	0	1078	0	0	0	6018	0	0	0	996	0	0	0	0	0	0	0	0	0	0	0	0	0	0	0	0	0	0	0	0	0	0	0	0	0	0	0	
93044	Parietal_Inf_R	202	708	0	0	0	0	0	0	0	0	0	0	0	0	0	0	0	0	0	0	0	0	0	0	0	0	0	0	0	0	0	0	0	102	0	0	0	0	0	0	0	0	0	0	0	0	0	0	0	1098	0	9810	0	0	0	0	106	6932	0	4200	0	0	0	8862	0	13420	0	580	0	264	0	0	0	0	0	0	0	0	0	0	0	0	0	0	0	238	0	0	0	0	0	0	0	0	0	0	0	0	0	0	0	0	0	0	0	0	0	0	0	0	0	0	0	0	0	0	
97628	SupraMarginal_L	572	650	0	0	0	0	0	0	0	0	0	0	0	0	0	0	870	0	0	0	0	0	0	0	0	0	0	0	186	0	0	0	0	0	200	172	192	116	0	0	0	0	0	0	0	0	0	0	0	0	3070	0	392	0	262	0	9986	0	674	0	13632	0	0	0	5718	0	752	0	1110	0	0	0	0	0	0	0	0	0	172	0	3868	0	0	0	5940	0	0	0	280	0	0	0	0	0	0	0	0	0	0	0	0	0	0	0	0	0	0	0	0	0	0	0	0	0	0	0	
99624	SupraMarginal_R	426	2582	196	152	0	0	164	0	0	0	0	0	0	0	0	0	0	2234	0	178	0	0	0	0	0	0	0	0	0	266	0	0	0	178	0	0	0	136	0	0	0	0	0	0	0	0	0	0	0	312	0	1376	0	0	0	0	258	16014	0	126	0	8862	0	0	0	5692	0	1562	0	866	0	0	0	0	0	0	0	0	0	0	0	3728	0	0	0	3946	0	0	0	558	0	0	0	0	0	0	0	0	0	0	0	0	0	0	0	0	0	0	0	0	0	0	0	0	0	0	
145908	Angular_L	576	0	0	0	0	0	0	0	0	0	0	0	0	0	0	0	0	0	0	0	0	0	0	0	0	0	0	0	0	0	0	0	0	0	278	0	0	0	0	0	0	0	112	0	0	0	0	0	148	0	16018	0	538	0	280	0	4082	0	5268	0	13298	0	5718	0	0	0	5550	0	5504	0	0	0	0	0	0	0	0	0	0	0	2488	0	0	0	11908	0	0	0	1188	0	0	0	0	0	0	0	0	0	0	0	0	0	0	0	0	0	0	0	0	0	0	0	0	0	0	0	
95988	Angular_R	0	126	0	0	0	0	0	0	0	0	0	0	0	0	0	0	0	0	0	0	0	0	0	0	0	0	0	0	0	0	0	0	0	0	0	0	0	0	0	0	0	0	0	0	0	0	0	0	0	1940	0	16646	0	0	0	0	0	1910	0	1926	0	13420	0	5692	0	0	0	160	0	0	0	0	0	0	0	0	0	0	0	0	0	2198	0	0	0	3836	0	0	0	140	0	0	0	0	0	0	0	0	0	0	0	0	0	0	0	0	0	0	0	0	0	0	0	0	0	0	
281144	Precuneus_L	2398	148	234	310	0	0	168	0	0	0	0	0	0	0	0	0	0	0	0	464	0	0	0	0	0	0	0	0	0	0	0	0	2450	718	7810	1140	2712	430	0	316	0	0	5418	228	3764	1552	3696	230	8960	260	21192	146	1232	0	1030	134	14894	0	19554	656	4370	0	752	0	5550	0	0	3944	15100	124	0	0	0	0	0	0	422	166	0	0	804	0	0	0	6496	146	0	0	454	0	0	0	0	0	0	0	0	0	0	0	0	0	0	0	0	0	0	0	0	0	0	0	0	0	0	0	
384980	Precuneus_R	0	5550	106	1062	0	0	0	1684	0	0	238	1364	298	0	0	0	218	1478	0	1792	0	0	0	0	0	0	0	0	442	998	0	0	480	7330	910	10242	850	5880	404	2272	0	0	0	19630	578	18018	388	14904	0	16396	0	13470	0	2222	94	11608	218	11338	0	6580	0	580	0	1562	0	160	3944	0	666	8904	690	0	520	0	0	0	800	1154	0	0	0	624	0	0	0	7306	0	0	0	5264	0	316	0	0	0	0	0	114	0	518	0	0	0	0	0	0	0	0	0	0	326	0	0	0	0	0	
235448	Paracentral_Lobule_L	6694	1912	734	462	0	0	0	0	0	0	0	0	0	0	0	0	176	0	2826	6246	0	0	0	0	0	0	0	0	172	0	0	0	4676	3664	5770	740	0	224	0	0	0	0	1364	0	2002	0	184	0	2020	192	14772	0	582	0	230	406	12658	300	10886	0	4416	0	1110	0	5504	0	15100	666	0	3192	132	0	134	0	104	0	0	0	0	0	1018	0	0	0	6050	0	0	0	252	154	0	0	0	0	0	0	0	0	0	0	0	0	0	0	0	0	0	0	0	0	0	0	0	0	0	0	
134572	Paracentral_Lobule_R	1080	5288	0	198	0	0	0	0	0	0	0	0	0	0	0	0	0	154	1096	11216	0	0	0	0	0	0	0	0	0	0	0	0	256	7532	444	6312	0	0	0	0	0	0	0	722	0	706	0	768	0	1394	312	428	0	140	114	880	102	10268	0	388	0	264	0	866	0	0	124	8904	3192	0	0	256	0	0	0	0	0	252	0	0	0	362	0	0	224	1392	0	0	0	1652	0	0	0	0	0	0	0	0	0	0	0	0	0	0	0	0	0	0	0	0	0	0	0	0	0	0	
398428	Caudate_L	716	1306	11780	10142	4424	126	5750	5846	144	0	3022	336	8078	0	2442	3222	1134	204	10510	7574	5896	6876	3064	448	350	0	3594	102	10244	720	10500	5016	4350	4448	0	0	432	138	0	0	172	0	0	118	0	232	0	0	0	0	0	0	0	0	0	0	402	168	0	0	0	0	0	0	0	0	0	690	132	0	0	21126	26682	3082	2218	2228	7378	276	0	0	716	0	508	0	152	0	0	0	0	0	0	0	0	0	0	0	0	0	0	0	0	0	0	0	0	0	0	0	0	0	0	0	0	0	0	0	
550752	Caudate_R	540	1162	1084	35964	2024	11256	1432	4850	0	144	366	1968	620	1148	1098	15580	176	204	578	27342	4886	8162	1680	14352	258	7096	2754	4718	1034	6086	5886	21638	918	2318	0	0	0	1410	0	732	0	290	0	0	0	0	0	0	0	0	0	0	0	0	0	628	122	0	0	0	0	0	0	0	0	0	0	0	0	256	21126	0	7024	33714	704	3430	988	15152	0	0	0	102	0	172	102	0	0	0	0	102	0	0	0	0	0	0	0	0	0	0	0	0	0	0	0	0	0	0	0	0	0	0	0	0	0	0	
390536	Putamen_L	5110	656	21612	3588	6960	0	5218	2790	454	0	4618	102	4024	0	3194	0	2040	102	14608	2858	2448	4024	4174	0	308	0	2446	0	25082	142	8702	2766	2074	1826	0	0	5306	0	318	0	364	0	0	104	0	196	0	0	0	0	108	0	0	0	350	0	1238	0	0	0	112	0	0	0	0	0	0	520	134	0	26682	7024	0	2058	6008	1718	4360	0	204	0	3742	0	2086	0	182	0	0	0	528	0	0	0	0	0	0	0	0	0	0	0	0	0	0	0	0	0	0	0	0	0	0	0	0	0	0	0	
466652	Putamen_R	0	1550	590	27842	428	9792	282	7860	0	152	0	9630	0	5158	224	5988	0	3546	640	16928	1232	2564	1560	10974	0	3226	610	2350	0	25672	3030	14370	98	2774	0	0	0	12982	0	6166	0	1932	0	0	0	0	0	0	0	0	0	0	0	0	0	4582	0	714	0	0	0	0	0	0	0	0	0	0	0	0	3082	33714	2058	0	0	2240	0	3242	0	0	0	1054	0	328	0	644	0	0	0	1366	0	0	0	0	0	0	0	152	0	0	0	0	0	0	0	0	0	0	0	0	0	0	0	0	0	0	
45832	Pallidum_L	1296	0	4776	292	0	0	1180	0	0	0	152	0	0	0	0	0	238	0	2610	364	0	330	0	0	0	0	0	0	112	0	0	0	0	224	0	0	786	0	0	0	0	0	0	0	0	0	0	0	0	0	0	0	0	0	0	0	184	0	0	0	0	0	0	0	0	0	0	0	104	0	2218	704	6008	0	0	338	1000	0	0	0	0	0	0	0	0	0	0	0	0	0	0	0	0	0	0	0	0	0	0	0	0	0	0	0	0	0	0	0	0	0	0	0	0	0	0	0	
34148	Pallidum_R	0	150	0	1760	0	0	0	138	0	0	0	212	0	0	0	0	0	190	0	2596	0	0	0	0	0	0	0	0	0	166	340	1010	0	0	0	0	0	250	0	200	0	0	0	0	0	0	0	0	0	0	0	0	0	0	0	108	0	0	0	0	0	0	0	0	0	0	0	0	0	0	2228	3430	1718	2240	338	0	0	0	0	0	0	0	0	0	0	0	0	0	0	0	0	0	0	0	0	0	0	0	0	0	0	0	0	0	0	0	0	0	0	0	0	0	0	0	0	0	
139868	Thalamus_L	6822	378	4128	1964	0	0	188	780	0	0	0	0	184	0	0	0	0	0	4570	1258	0	0	0	0	0	0	0	0	924	0	0	0	0	0	2848	4128	5162	3340	1890	1582	330	0	0	0	0	0	996	1120	0	0	356	0	0	0	374	168	950	0	0	0	0	0	0	0	0	0	422	800	0	0	7378	988	4360	0	1000	0	0	9464	0	0	122	0	106	0	640	0	0	0	214	0	0	0	0	0	0	0	0	0	0	0	0	0	0	0	0	0	0	0	0	0	0	0	0	0	0	0	
251948	Thalamus_R	2940	1550	266	15142	0	0	628	620	0	0	260	1290	0	0	0	2500	0	1512	378	14070	0	98	0	134	0	0	0	0	818	2366	0	148	0	124	7220	9328	5712	14104	730	5096	0	272	206	276	0	0	606	1268	0	0	0	0	0	0	190	3126	464	446	0	0	174	0	0	0	0	0	166	1154	0	252	276	15152	0	3242	0	0	9464	0	620	0	140	0	0	0	268	286	0	0	392	402	0	0	0	0	0	0	0	98	0	0	0	0	0	0	0	0	0	0	0	0	0	0	0	0	0	0	
67372	Heschl_L	2728	0	1022	0	0	0	1506	0	0	0	1178	0	184	0	0	0	4596	0	834	0	0	0	0	0	0	0	0	0	6034	0	0	0	0	0	1334	1342	2380	1142	0	396	0	0	0	0	0	0	0	0	0	0	0	0	0	0	150	0	2892	0	0	0	94	0	172	0	0	0	0	0	0	0	0	0	204	0	0	0	0	620	0	0	3042	0	150	0	1360	0	0	0	326	0	0	0	0	0	0	0	0	0	0	0	0	0	0	0	0	0	0	0	0	0	0	0	0	0	0	0	
42724	Heschl_R	0	562	0	0	0	0	0	0	0	0	0	172	0	0	0	0	0	4014	0	0	0	0	0	0	0	0	0	0	0	5986	0	0	0	0	0	0	0	430	0	0	0	0	0	0	0	0	0	0	0	0	0	0	0	0	0	410	0	1094	0	0	0	0	0	0	0	0	0	0	0	0	0	0	0	0	0	0	0	0	0	0	0	6140	0	108	0	1880	0	0	0	566	0	0	0	0	0	0	0	0	0	0	0	0	0	0	0	0	0	0	0	0	0	0	0	0	0	0	
219376	Temporal_Sup_L	4280	0	5198	230	0	0	2332	302	0	0	5688	0	864	0	0	0	9686	0	4156	192	0	0	488	0	0	0	0	0	14686	0	536	0	0	154	720	228	1958	194	138	0	0	0	0	0	0	0	0	0	0	0	1146	0	114	0	606	0	1996	0	776	0	1078	0	3868	0	2488	0	804	0	1018	0	716	0	3742	0	0	0	122	140	3042	0	0	0	4334	0	22870	0	0	0	8798	0	0	0	0	0	0	0	0	0	0	0	0	0	0	0	0	0	0	0	0	0	0	0	0	0	0	0	
109740	Temporal_Sup_R	0	1972	0	278	0	0	0	268	0	0	0	772	0	100	0	254	0	2578	0	180	0	0	0	0	0	0	0	0	0	9302	0	0	0	0	0	0	0	1488	0	510	0	0	0	216	0	0	0	0	0	0	0	380	0	0	0	1066	0	3040	0	0	0	0	0	3728	0	2198	0	624	0	362	0	102	0	1054	0	0	0	0	0	6140	0	0	0	3194	0	11890	0	114	0	3060	0	0	0	0	0	0	0	0	0	0	0	0	0	0	0	0	0	0	0	0	0	0	0	0	0	0	
83316	Temporal_Pole_Sup_L	0	0	1510	154	2014	0	142	166	0	0	616	0	294	0	1920	0	766	0	354	0	1082	0	0	0	0	0	0	0	6854	0	0	0	0	0	0	0	1298	0	150	0	1240	0	0	0	0	0	0	0	0	0	0	0	0	0	1594	0	0	0	0	0	0	0	0	0	0	0	0	0	0	0	508	0	2086	0	0	0	106	0	150	0	4334	0	0	0	5880	0	2786	0	5654	0	0	0	0	0	0	0	0	0	0	0	0	0	0	0	0	0	0	0	0	0	0	0	0	0	0	0	
53604	Temporal_Pole_Sup_R	0	0	0	242	0	412	0	254	0	0	0	722	0	102	0	1392	0	420	0	150	0	870	0	0	0	0	0	502	0	2440	0	0	0	0	0	0	0	512	0	950	0	1752	0	0	0	0	0	0	0	0	0	0	0	0	0	5366	0	0	0	0	0	0	0	0	0	0	0	0	0	0	0	172	0	328	0	0	0	0	0	108	0	3194	0	0	0	1236	0	2400	0	3278	0	0	0	0	0	0	0	0	0	0	0	0	0	0	0	0	0	0	0	0	0	0	0	0	0	0	
356808	Temporal_Mid_L	10342	324	216	406	0	0	124	0	0	0	130	0	0	0	0	0	672	0	100	750	0	0	0	0	0	0	0	0	2364	0	0	0	0	348	4464	188	900	144	126	0	0	0	2222	0	522	0	788	0	398	0	29690	0	5418	0	4612	0	7284	0	4520	0	6018	0	5940	0	11908	0	6496	0	6050	224	152	102	182	0	0	0	640	268	1360	0	22870	0	5880	0	0	0	3142	0	29972	0	148	0	0	0	0	0	0	0	0	0	0	0	0	0	0	0	0	0	0	0	0	0	0	0	0	0	
259320	Temporal_Mid_R	0	3046	0	220	0	0	0	334	0	0	0	610	0	0	0	0	0	2702	0	0	0	0	0	0	0	0	0	0	0	5150	0	0	0	206	0	218	0	3156	0	1010	0	0	0	10152	730	6750	0	1252	0	6452	0	21098	0	2228	0	5932	0	5624	0	172	0	238	0	3946	0	3836	146	7306	0	1392	0	0	0	644	0	0	0	286	0	1880	0	11890	0	1236	0	0	0	966	0	18852	0	0	0	0	0	0	0	0	0	0	0	0	0	0	0	0	0	0	0	0	0	0	0	0	0	0	
20052	Temporal_Pole_Mid_L	0	0	0	0	0	0	0	0	0	0	0	0	0	0	0	0	0	0	0	0	0	0	0	0	0	0	0	0	126	0	0	0	0	0	0	0	132	0	0	0	0	0	0	0	0	0	0	0	0	0	0	0	0	0	606	0	0	0	0	0	0	0	0	0	0	0	0	0	0	0	0	0	0	0	0	0	0	0	0	0	0	0	2786	0	3142	0	0	0	3234	0	0	0	0	0	0	0	0	0	0	0	0	0	0	0	0	0	0	0	0	0	0	0	0	0	0	0	
11336	Temporal_Pole_Mid_R	0	0	0	0	0	0	0	0	0	0	0	0	0	0	0	0	0	0	0	0	0	0	0	0	0	0	0	0	0	0	0	0	0	0	0	0	0	0	0	280	0	0	0	0	0	0	0	0	0	0	0	0	0	0	0	1088	0	0	0	0	0	0	0	0	0	0	0	0	0	0	0	0	0	0	0	0	0	0	0	0	0	114	0	2400	0	966	0	0	0	820	0	0	0	0	0	0	0	0	0	0	0	0	0	0	0	0	0	0	0	0	0	0	0	0	0	0	
206140	Temporal_Inf_L	4938	0	392	94	0	0	136	0	0	0	114	0	0	0	0	0	162	0	352	114	0	0	0	0	0	0	0	0	4062	0	0	0	0	0	1738	604	7454	580	1390	0	934	0	128	0	0	0	308	0	0	0	3936	0	3538	0	11588	0	2638	0	122	0	996	0	280	0	1188	0	454	0	252	0	0	0	528	0	0	0	214	392	326	0	8798	0	5654	0	29972	0	3234	0	0	0	3216	0	556	0	0	0	240	0	1172	0	142	0	134	0	0	0	0	0	0	0	0	0	0	0	0	0	
233424	Temporal_Inf_R	362	4052	0	220	0	0	0	218	0	0	0	482	0	0	0	110	0	2946	0	196	0	0	0	0	0	0	0	0	0	7580	0	0	0	298	238	3772	0	5800	0	1024	0	1088	0	3692	0	1012	0	1872	0	634	0	2750	0	5002	0	29254	0	4254	0	0	0	0	0	558	0	140	0	5264	154	1652	0	102	0	1366	0	0	0	402	0	566	0	3060	0	3278	0	18852	0	820	0	0	0	1896	0	366	0	0	0	0	0	1380	0	0	0	0	0	0	0	0	0	0	0	0	0	0	0	0	
469868	Cerebelum_Crus1_L	0	0	0	0	0	0	0	0	0	0	0	0	0	0	0	0	0	0	0	0	0	0	0	0	0	0	0	0	0	0	0	0	0	0	0	0	0	0	0	0	0	0	1336	0	0	0	12464	262	0	0	0	0	134	0	23432	338	0	0	0	0	0	0	0	0	0	0	0	0	0	0	0	0	0	0	0	0	0	0	0	0	0	0	0	0	148	0	0	0	3216	0	0	5868	37700	4634	830	412	17398	1324	54140	3132	20438	438	18900	3504	2208	184	1220	0	0	0	2040	5822	11642	1006	638	126	
458768	Cerebelum_Crus1_R	0	158	0	0	0	0	0	0	0	0	0	0	0	0	0	0	0	0	0	0	0	0	0	0	0	0	0	0	0	0	0	0	0	0	0	222	0	172	0	120	0	0	0	230	0	0	716	8512	0	0	0	0	0	1546	0	16600	0	0	0	0	0	0	0	0	0	0	0	316	0	0	0	0	0	0	0	0	0	0	0	0	0	0	0	0	0	0	0	0	0	1896	5868	0	6072	49276	0	2592	128	16154	2850	55802	2848	10726	796	21172	0	3076	0	1146	0	0	2520	6744	10894	232	0	0	
313632	Cerebelum_Crus2_L	0	0	0	0	0	0	0	0	0	0	0	0	0	0	0	0	0	0	0	0	0	0	0	0	0	0	0	0	0	0	0	0	0	0	0	0	0	0	0	0	0	0	0	0	0	0	788	122	0	0	0	0	0	0	1830	134	0	0	0	0	0	0	0	0	0	0	0	0	0	0	0	0	0	0	0	0	0	0	0	0	0	0	0	0	0	0	0	0	556	0	37700	6072	0	9844	0	272	704	620	3080	1372	35356	2220	26892	4642	2964	442	1522	0	0	0	156	1592	14378	3090	468	0	
361164	Cerebelum_Crus2_R	0	0	0	0	0	0	0	0	0	0	0	0	0	0	0	0	0	0	0	0	0	0	0	0	0	0	0	0	0	0	0	0	0	0	0	0	0	0	0	0	0	0	0	0	0	0	0	0	0	0	0	0	0	0	0	1668	0	0	0	0	0	0	0	0	0	0	0	0	0	0	0	0	0	0	0	0	0	0	0	0	0	0	0	0	0	0	0	0	0	366	4634	49276	9844	0	0	784	0	5626	1278	14728	5512	25246	2808	33364	0	4498	0	1334	0	0	692	2258	13852	2344	470	0	
30408	Cerebelum_3_L	0	0	0	0	0	0	0	0	0	0	0	0	0	0	0	0	0	0	0	0	0	0	0	0	0	0	0	0	0	0	0	0	0	0	0	0	0	0	1162	0	0	0	0	0	0	0	282	108	0	0	0	0	0	0	438	0	0	0	0	0	0	0	0	0	0	0	0	0	0	0	0	0	0	0	0	0	0	0	0	0	0	0	0	0	0	0	0	0	0	0	830	0	0	0	0	0	5452	0	1528	0	144	0	248	0	1166	124	0	0	820	1646	138	340	196	216	202	164	
37644	Cerebelum_3_R	0	0	0	0	0	0	0	0	0	0	0	0	0	0	0	0	0	0	0	0	0	0	0	0	0	0	0	0	0	0	0	0	0	0	0	0	0	0	0	0	0	0	0	0	0	0	0	0	0	0	0	0	0	0	0	278	0	0	0	0	0	0	0	0	0	0	0	0	0	0	0	0	0	0	0	0	0	0	0	0	0	0	0	0	0	0	0	0	0	0	412	2592	272	784	0	0	0	4602	160	4000	230	0	210	616	0	324	0	0	606	764	422	224	986	694	544	102	
212896	Cerebelum_4_5_L	0	0	0	0	0	0	0	0	0	0	0	0	0	0	0	0	0	0	0	0	0	0	0	0	0	0	0	0	0	0	0	0	0	0	0	0	166	0	958	0	0	0	2558	0	0	0	13346	148	0	0	0	0	0	0	13730	0	0	0	0	0	0	0	0	0	0	0	0	0	0	0	0	0	0	0	0	0	0	0	0	0	0	0	0	0	0	0	0	0	240	0	17398	128	704	0	5452	0	0	140	32086	270	1036	0	2106	0	4968	260	248	0	290	1128	5802	1526	358	368	392	642	
162332	Cerebelum_4_5_R	0	0	0	0	0	0	0	0	0	0	0	0	0	0	0	0	0	0	0	0	0	0	0	0	0	0	0	0	0	0	0	0	0	0	124	248	150	1294	0	1950	0	0	0	0	0	0	902	2526	0	0	0	0	0	126	0	4970	0	0	0	0	0	0	0	0	0	0	0	114	0	0	0	0	0	152	0	0	0	98	0	0	0	0	0	0	0	0	0	0	0	0	1324	16154	620	5626	0	4602	140	0	398	24990	442	240	366	2592	0	414	0	420	0	172	5864	754	2210	776	408	0	
376432	Cerebelum_6_L	0	0	0	0	0	0	0	0	0	0	0	0	0	0	0	0	0	0	0	0	0	0	0	0	0	0	0	0	0	0	0	0	0	0	0	0	166	0	590	0	0	0	2636	0	0	0	20058	478	0	0	336	0	354	198	30588	430	0	0	0	0	0	0	0	0	0	0	0	0	0	0	0	0	0	0	0	0	0	0	0	0	0	0	0	0	0	0	0	0	1172	0	54140	2850	3080	1278	1528	160	32086	398	0	2552	3210	112	2650	676	3190	804	592	0	208	238	4964	8394	3912	1420	1410	1358	
353880	Cerebelum_6_R	0	160	0	0	0	0	0	0	0	0	0	0	0	0	0	0	0	0	0	0	0	0	0	0	0	0	0	0	0	0	0	0	0	0	0	228	0	284	0	382	0	0	0	398	0	0	1894	11752	0	0	0	0	0	3574	0	19888	0	0	0	0	0	0	0	0	0	0	0	518	0	0	0	0	0	0	0	0	0	0	0	0	0	0	0	0	0	0	0	0	0	1380	3132	55802	1372	14728	0	4000	270	24990	2552	0	916	1846	450	6570	0	1002	0	496	0	0	6194	7874	3992	296	0	0	
263972	Cerebelum_7b_L	0	0	0	0	0	0	0	0	0	0	0	0	0	0	0	0	0	0	0	0	0	0	0	0	0	0	0	0	0	0	0	0	0	0	0	0	0	0	0	0	0	0	0	0	0	0	0	0	0	0	0	0	0	0	872	116	0	0	0	0	0	0	0	0	0	0	0	0	0	0	0	0	0	0	0	0	0	0	0	0	0	0	0	0	0	0	0	0	142	0	20438	2848	35356	5512	144	230	1036	442	3210	916	0	1322	32126	4226	5838	620	2742	0	0	0	0	636	8808	3470	936	0	
154368	Cerebelum_7b_R	0	0	0	0	0	0	0	0	0	0	0	0	0	0	0	0	0	0	0	0	0	0	0	0	0	0	0	0	0	0	0	0	0	0	0	0	0	0	0	0	0	0	0	0	0	0	0	0	0	0	0	0	0	0	0	558	0	0	0	0	0	0	0	0	0	0	0	0	0	0	0	0	0	0	0	0	0	0	0	0	0	0	0	0	0	0	0	0	0	0	438	10726	2220	25246	0	0	0	240	112	1846	1322	0	466	24690	0	4286	0	844	0	0	0	246	2890	912	142	0	
248244	Cerebelum_8_L	0	0	0	0	0	0	0	0	0	0	0	0	0	0	0	0	0	0	0	0	0	0	0	0	0	0	0	0	0	0	0	0	0	0	0	0	0	0	0	0	0	0	0	0	0	0	114	0	0	0	0	0	0	0	932	0	0	0	0	0	0	0	0	0	0	0	0	0	0	0	0	0	0	0	0	0	0	0	0	0	0	0	0	0	0	0	0	0	134	0	18900	796	26892	2808	248	210	2106	366	2650	450	32126	466	0	3272	14928	716	4902	0	0	0	0	292	6028	3560	1226	0	
280356	Cerebelum_8_R	0	0	0	0	0	0	0	0	0	0	0	0	0	0	0	0	0	0	0	0	0	0	0	0	0	0	0	0	0	0	0	0	0	0	0	0	0	0	0	0	0	0	0	0	0	0	0	0	0	0	0	0	0	0	0	1434	0	0	0	0	0	0	0	0	0	0	0	0	0	0	0	0	0	0	0	0	0	0	0	0	0	0	0	0	0	0	0	0	0	0	3504	21172	4642	33364	0	616	0	2592	676	6570	4226	24690	3272	0	0	16416	0	3254	0	0	502	1156	7664	2890	1538	0	
99240	Cerebelum_9_L	0	0	0	0	0	0	0	0	0	0	0	0	0	0	0	0	0	0	0	0	0	0	0	0	0	0	0	0	0	0	0	0	0	0	0	0	0	0	0	0	0	0	0	0	0	0	1082	0	0	0	0	0	0	0	0	0	0	0	0	0	0	0	0	0	0	0	0	0	0	0	0	0	0	0	0	0	0	0	0	0	0	0	0	0	0	0	0	0	0	0	2208	0	2964	0	1166	0	4968	0	3190	0	5838	0	14928	0	0	812	5264	0	124	116	1864	1536	520	896	964	1180	
101228	Cerebelum_9_R	0	0	0	0	0	0	0	0	0	0	0	0	0	0	0	0	0	0	0	0	0	0	0	0	0	0	0	0	0	0	0	0	0	0	0	0	0	0	0	0	0	0	0	0	0	0	186	0	0	0	0	0	0	0	0	526	0	0	0	0	0	0	0	0	0	0	0	0	0	0	0	0	0	0	0	0	0	0	0	0	0	0	0	0	0	0	0	0	0	0	184	3076	442	4498	124	324	260	414	804	1002	620	4286	716	16416	812	0	0	3114	134	348	716	1666	1592	3002	3234	2118	
32980	Cerebelum_10_L	0	0	0	0	0	0	0	0	0	0	0	0	0	0	0	0	0	0	0	0	0	0	0	0	0	0	0	0	0	0	0	0	0	0	0	0	0	0	0	0	0	0	0	0	0	0	0	0	0	0	0	0	0	0	0	0	0	0	0	0	0	0	0	0	0	0	0	0	0	0	0	0	0	0	0	0	0	0	0	0	0	0	0	0	0	0	0	0	0	0	1220	0	1522	0	0	0	248	0	592	0	2742	0	4902	0	5264	0	0	0	0	0	0	0	0	0	0	0	
21216	Cerebelum_10_R	0	0	0	0	0	0	0	0	0	0	0	0	0	0	0	0	0	0	0	0	0	0	0	0	0	0	0	0	0	0	0	0	0	0	0	0	0	0	0	0	0	0	0	0	0	0	0	0	0	0	0	0	0	0	0	0	0	0	0	0	0	0	0	0	0	0	0	0	0	0	0	0	0	0	0	0	0	0	0	0	0	0	0	0	0	0	0	0	0	0	0	1146	0	1334	0	0	0	420	0	496	0	844	0	3254	0	3114	0	0	0	0	0	0	0	0	0	0	
19700	Vermis_1_2	0	0	0	0	0	0	0	0	0	0	0	0	0	0	0	0	0	0	0	0	0	0	0	0	0	0	0	0	0	0	0	0	0	0	0	0	0	0	274	0	0	0	0	0	0	0	0	0	0	0	0	0	0	0	0	0	0	0	0	0	0	0	0	0	0	0	0	0	0	0	0	0	0	0	0	0	0	0	0	0	0	0	0	0	0	0	0	0	0	0	0	0	0	0	820	606	290	0	208	0	0	0	0	0	124	134	0	0	0	5038	856	234	254	328	370	314	
27444	Vermis_3	0	0	0	0	0	0	0	0	0	0	0	0	0	0	0	0	0	0	0	0	0	0	0	0	0	0	0	0	0	0	0	0	0	0	0	0	132	94	444	0	0	0	0	0	0	0	112	174	0	0	0	0	0	0	0	0	0	0	0	0	0	0	0	0	0	0	0	0	0	0	0	0	0	0	0	0	0	0	0	0	0	0	0	0	0	0	0	0	0	0	0	0	0	0	1646	764	1128	172	238	0	0	0	0	0	116	348	0	0	5038	0	1006	282	474	572	626	356	
111924	Vermis_4_5	0	0	0	0	0	0	0	0	0	0	0	0	0	0	0	0	0	0	0	0	0	0	0	0	0	0	0	0	0	0	0	0	0	0	0	308	0	214	0	164	0	0	2150	0	0	0	6668	1768	0	0	0	0	0	276	884	474	0	0	0	0	0	0	0	0	0	0	0	326	0	0	0	0	0	0	0	0	0	0	0	0	0	0	0	0	0	0	0	0	0	0	2040	2520	156	692	138	422	5802	5864	4964	6194	0	0	0	502	1864	716	0	0	856	1006	0	3774	1292	1094	1116	1718	
