data	data	684980	373292	750136	738844	87012	126768	454272	181404	74420	15660	191228	209472	221772	139276	200656	49408	218980	121520	677644	766424	62612	77752	282120	378312	12620	89384	47648	54100	525704	279720	328952	454320	122648	468796	158212	153028	340412	348352	121068	236132	35876	50916	338256	358124	239092	340880	289700	369204	382904	373056	644160	274132	162828	119544	529140	492328	328824	228364	228304	88668	266672	121492	167608	109856	258112	172820	539016	455436	294940	193516	227772	342852	317796	326288	60320	25860	119488	163556	104112	34092	215772	145292	69476	78704	392824	228396	18300	9404	341432	159996	422584	415612	345152	286548	44612	76388	350320	255388	447756	402472	224560	126368	295092	271488	199460	162808	99324	29096	27528	50040	256900	152524	128344	123628	96328	38672	
data	data	Precentral_L	Precentral_R	Frontal_Sup_L	Frontal_Sup_R	Frontal_Sup_Orb_L	Frontal_Sup_Orb_R	Frontal_Mid_L	Frontal_Mid_R	Frontal_Mid_Orb_L	Frontal_Mid_Orb_R	Frontal_Inf_Oper_L	Frontal_Inf_Oper_R	Frontal_Inf_Tri_L	Frontal_Inf_Tri_R	Frontal_Inf_Orb_L	Frontal_Inf_Orb_R	Rolandic_Oper_L	Rolandic_Oper_R	Supp_Motor_Area_L	Supp_Motor_Area_R	Olfactory_L	Olfactory_R	Frontal_Sup_Medial_L	Frontal_Sup_Medial_R	Frontal_Med_Orb_L	Frontal_Med_Orb_R	Rectus_L	Rectus_R	Insula_L	Insula_R	Cingulum_Ant_L	Cingulum_Ant_R	Cingulum_Mid_L	Cingulum_Mid_R	Cingulum_Post_L	Cingulum_Post_R	Hippocampus_L	Hippocampus_R	ParaHippocampal_L	ParaHippocampal_R	Amygdala_L	Amygdala_R	Calcarine_L	Calcarine_R	Cuneus_L	Cuneus_R	Lingual_L	Lingual_R	Occipital_Sup_L	Occipital_Sup_R	Occipital_Mid_L	Occipital_Mid_R	Occipital_Inf_L	Occipital_Inf_R	Fusiform_L	Fusiform_R	Postcentral_L	Postcentral_R	Parietal_Sup_L	Parietal_Sup_R	Parietal_Inf_L	Parietal_Inf_R	SupraMarginal_L	SupraMarginal_R	Angular_L	Angular_R	Precuneus_L	Precuneus_R	Paracentral_Lobule_L	Paracentral_Lobule_R	Caudate_L	Caudate_R	Putamen_L	Putamen_R	Pallidum_L	Pallidum_R	Thalamus_L	Thalamus_R	Heschl_L	Heschl_R	Temporal_Sup_L	Temporal_Sup_R	Temporal_Pole_Sup_L	Temporal_Pole_Sup_R	Temporal_Mid_L	Temporal_Mid_R	Temporal_Pole_Mid_L	Temporal_Pole_Mid_R	Temporal_Inf_L	Temporal_Inf_R	Cerebelum_Crus1_L	Cerebelum_Crus1_R	Cerebelum_Crus2_L	Cerebelum_Crus2_R	Cerebelum_3_L	Cerebelum_3_R	Cerebelum_4_5_L	Cerebelum_4_5_R	Cerebelum_6_L	Cerebelum_6_R	Cerebelum_7b_L	Cerebelum_7b_R	Cerebelum_8_L	Cerebelum_8_R	Cerebelum_9_L	Cerebelum_9_R	Cerebelum_10_L	Cerebelum_10_R	Vermis_1_2	Vermis_3	Vermis_4_5	Vermis_6	Vermis_7	Vermis_8	Vermis_9	Vermis_10	
684980	Precentral_L	0	11216	22620	4192	0	486	19720	552	0	0	14052	386	2148	0	584	0	12612	80	16964	12584	0	0	348	444	0	0	0	0	17822	318	854	1506	84	6722	6504	3892	16230	1278	2466	0	0	0	1720	0	0	0	1266	0	594	0	3374	0	1008	0	5896	0	39224	102	660	0	4606	0	4566	90	2580	0	3472	98	31588	8882	6856	1858	10804	112	3066	0	13248	3080	5494	0	4028	0	0	0	3694	0	0	0	3860	0	0	0	0	0	0	0	0	0	0	0	0	0	0	0	0	0	0	0	0	0	0	0	0	0	0	0	
373292	Precentral_R	11216	0	1042	17056	0	0	128	8996	0	0	156	7468	0	118	0	0	0	2300	2444	14550	0	0	0	0	0	0	0	0	218	5332	202	226	214	2228	3044	4338	1862	13010	0	4248	0	0	0	342	0	268	0	660	0	418	0	282	0	236	0	4110	198	19362	0	204	0	460	0	1944	0	652	286	2648	6536	11246	794	4986	1100	5720	778	406	2504	15620	0	202	0	1040	0	204	0	1306	0	0	0	1584	0	0	0	0	0	0	0	154	0	0	0	0	0	0	0	0	0	0	0	0	0	0	0	0	0	0	
750136	Frontal_Sup_L	22620	1042	0	7924	4218	738	66284	2212	2508	0	14456	652	15496	246	10046	230	8918	260	55760	11502	0	0	37136	3972	456	0	0	0	29994	470	13812	5962	1796	4624	0	0	3092	0	380	0	0	0	0	0	0	0	0	0	0	0	74	0	0	0	914	0	4704	0	0	0	240	0	140	0	72	0	0	0	916	0	6016	2552	21530	354	4738	0	190	0	480	0	3524	0	938	194	176	0	0	0	510	0	0	0	0	0	0	0	0	0	0	0	0	0	0	0	0	0	0	0	0	0	0	0	0	0	0	0	
738844	Frontal_Sup_R	4192	17056	7924	0	0	5026	1946	24608	0	302	0	11070	92	9266	100	4060	0	4678	24698	69264	0	0	11040	48950	0	1246	0	0	120	8072	8630	28160	958	18676	302	142	0	3064	0	1558	0	114	0	120	0	0	0	662	0	0	0	0	0	0	0	952	0	1484	0	0	0	0	0	176	0	0	0	130	3848	536	1596	15168	96	13084	0	2000	174	11364	0	0	0	130	0	1818	0	166	0	0	0	466	0	0	0	0	0	0	0	138	0	0	0	0	0	0	0	0	0	0	0	0	0	0	0	0	0	0	
87012	Frontal_Sup_Orb_L	0	0	4218	0	0	0	576	0	7612	0	0	0	264	0	5444	0	0	0	0	0	2020	100	3210	0	1710	0	5100	0	2286	0	2644	102	0	0	0	0	0	0	98	0	0	0	0	0	0	0	0	0	0	0	0	0	0	0	0	0	0	0	0	0	0	0	0	0	0	0	0	0	0	0	1322	98	6390	0	0	0	0	0	0	0	0	0	312	0	0	0	0	0	0	0	0	0	0	0	0	0	0	0	0	0	0	0	0	0	0	0	0	0	0	0	0	0	0	0	0	0	
126768	Frontal_Sup_Orb_R	486	0	738	5026	0	0	580	1176	0	3388	0	0	0	206	0	1636	0	0	412	532	728	2912	246	6360	106	9256	602	7768	0	408	1060	5992	0	0	0	0	0	0	0	0	0	0	0	0	0	0	0	0	0	0	0	0	0	0	0	0	0	0	0	0	0	0	0	0	0	0	0	0	0	0	1256	7284	210	5016	0	0	0	0	0	0	0	0	0	0	0	0	0	0	0	0	0	0	0	0	0	0	0	0	0	0	0	0	0	0	0	0	0	0	0	0	0	0	0	0	0	0	
454272	Frontal_Mid_L	19720	128	66284	1946	576	580	0	556	3674	0	6778	422	31294	0	17570	0	1024	80	12232	1362	0	0	15772	1172	0	0	0	0	18584	332	4166	3594	240	460	0	0	1570	0	112	0	0	0	0	0	0	0	0	0	0	0	86	0	0	0	492	0	1216	0	0	0	320	0	0	0	102	0	0	0	86	0	3714	1568	6118	0	1256	0	648	0	308	0	310	0	174	0	180	0	0	0	330	0	0	0	0	0	0	0	0	0	0	0	0	0	0	0	0	0	0	0	0	0	0	0	0	0	0	0	
181404	Frontal_Mid_R	552	8996	2212	24608	0	1176	556	0	0	1228	0	10010	0	13016	0	1434	0	180	4174	8838	0	0	110	3718	0	0	0	0	0	1340	624	1628	0	698	0	0	0	768	0	374	0	0	0	0	0	0	0	0	0	0	0	0	0	0	0	238	0	258	0	0	0	0	0	0	0	0	0	0	0	0	724	214	72	1872	0	150	240	598	0	0	0	0	0	96	0	0	0	0	0	0	0	0	0	0	0	0	0	0	0	0	0	0	0	0	0	0	0	0	0	0	0	0	0	0	0	0	
74420	Frontal_Mid_Orb_L	0	0	2508	0	7612	0	3674	0	0	0	0	0	2174	0	9422	0	0	0	0	0	900	0	0	0	164	0	2234	0	3326	0	690	0	0	0	0	0	0	0	0	0	0	0	0	0	0	0	0	0	0	0	0	0	0	0	0	0	0	0	0	0	0	0	0	0	0	0	0	0	0	0	450	0	3430	0	0	0	0	0	0	0	0	0	626	0	0	0	0	0	0	0	0	0	0	0	0	0	0	0	0	0	0	0	0	0	0	0	0	0	0	0	0	0	0	0	0	0	
15660	Frontal_Mid_Orb_R	0	0	0	302	0	3388	0	1228	0	0	0	0	0	178	0	1970	0	0	0	0	80	94	0	0	0	80	0	290	0	0	70	0	0	0	0	0	0	0	0	0	0	0	0	0	0	0	0	0	0	0	0	0	0	0	0	0	0	0	0	0	0	0	0	0	0	0	0	0	0	0	80	70	0	0	0	0	0	0	0	0	0	0	0	0	0	0	0	0	0	0	0	0	0	0	0	0	0	0	0	0	0	0	0	0	0	0	0	0	0	0	0	0	0	0	0	0	
191228	Frontal_Inf_Oper_L	14052	156	14456	0	0	0	6778	0	0	0	0	0	8584	0	700	0	12288	0	8940	0	0	0	234	0	0	0	0	0	14026	0	152	90	0	0	0	0	2124	0	90	0	0	0	0	0	0	0	0	0	0	0	0	0	0	0	546	0	2316	0	0	0	184	0	176	0	78	0	0	0	0	0	600	0	2708	0	0	0	0	0	458	0	2916	0	1952	0	214	0	0	0	796	0	0	0	0	0	0	0	0	0	0	0	0	0	0	0	0	0	0	0	0	0	0	0	0	0	0	0	
209472	Frontal_Inf_Oper_R	386	7468	652	11070	0	0	422	10010	0	0	0	0	0	14460	0	70	0	6536	2454	12040	0	0	0	732	0	0	0	0	0	16920	0	224	0	2258	0	0	0	2830	0	1246	0	0	0	0	0	0	0	0	0	0	0	0	0	0	0	1330	0	378	0	0	0	0	0	0	0	0	0	0	0	0	516	492	0	7836	0	174	0	228	0	0	0	262	0	3572	0	0	0	0	0	170	0	0	0	0	0	0	0	0	0	0	0	0	0	0	0	0	0	0	0	0	0	0	0	0	0	0	
221772	Frontal_Inf_Tri_L	2148	0	15496	92	264	0	31294	0	2174	0	8584	0	0	0	22254	0	1272	0	3592	730	0	0	570	0	0	0	0	0	17548	0	542	336	90	716	0	0	160	0	0	0	0	0	0	0	0	0	0	0	0	0	0	0	0	0	0	0	124	0	0	0	0	0	0	0	0	0	0	0	0	0	240	0	1420	0	0	0	0	0	0	0	460	0	780	0	0	0	0	0	0	0	0	0	0	0	0	0	0	0	0	0	0	0	0	0	0	0	0	0	0	0	0	0	0	0	0	0	
139276	Frontal_Inf_Tri_R	0	118	246	9266	0	206	0	13016	0	178	0	14460	0	0	0	2130	0	292	3954	6996	0	0	0	1738	0	0	0	0	0	7512	184	884	0	2230	0	0	0	774	0	302	0	0	0	0	0	0	0	0	0	0	0	0	0	0	0	174	0	0	0	0	0	0	0	0	0	0	0	0	0	0	184	438	0	3960	0	0	0	168	0	0	0	0	0	228	0	0	0	0	0	0	0	0	0	0	0	0	0	0	0	0	0	0	0	0	0	0	0	0	0	0	0	0	0	0	0	0	
200656	Frontal_Inf_Orb_L	584	0	10046	100	5444	0	17570	0	9422	0	700	0	22254	0	0	0	0	0	2480	722	1654	0	228	0	0	0	1226	0	17424	0	1084	252	74	712	0	0	92	0	98	0	0	0	0	0	0	0	0	0	0	0	0	0	0	0	0	0	0	0	0	0	0	0	0	0	0	0	0	0	0	0	1204	0	4918	0	70	0	0	0	0	0	0	0	1970	0	0	0	0	0	0	0	0	0	0	0	0	0	0	0	0	0	0	0	0	0	0	0	0	0	0	0	0	0	0	0	0	0	
49408	Frontal_Inf_Orb_R	0	0	230	4060	0	1636	0	1434	0	1970	0	70	0	2130	0	0	0	0	2670	2900	0	452	0	2220	0	0	0	386	0	1936	144	262	0	1068	0	0	0	0	0	0	0	0	0	0	0	0	0	0	0	0	0	0	0	0	0	0	0	0	0	0	0	0	0	0	0	0	0	0	0	0	0	430	0	618	0	0	0	0	0	0	0	0	0	88	0	0	0	0	0	0	0	0	0	0	0	0	0	0	0	0	0	0	0	0	0	0	0	0	0	0	0	0	0	0	0	0	
218980	Rolandic_Oper_L	12612	0	8918	0	0	0	1024	0	0	0	12288	0	1272	0	0	0	0	0	9284	0	0	0	0	0	0	0	0	0	17322	0	0	0	0	0	0	0	1498	0	0	0	0	0	0	0	0	0	0	0	1326	0	2570	0	244	0	930	0	9898	0	876	0	560	0	1872	0	1686	0	756	0	90	0	448	0	914	0	0	0	0	0	5046	0	11346	0	1412	0	3534	0	0	0	1764	0	0	0	0	0	0	0	0	0	0	0	0	0	0	0	0	0	0	0	0	0	0	0	0	0	0	0	
121520	Rolandic_Oper_R	80	2300	260	4678	0	0	80	180	0	0	0	6536	0	292	0	0	0	0	324	6228	0	0	0	0	0	0	0	0	0	14296	0	0	0	410	0	0	0	946	0	564	0	0	0	0	0	0	0	0	0	0	0	0	0	0	0	472	0	5090	0	162	0	148	0	2746	0	0	0	1874	0	0	70	530	0	2408	0	530	0	144	0	1974	0	1926	0	5440	0	0	0	0	0	0	0	0	0	0	0	0	0	0	0	0	0	0	0	0	0	0	0	0	0	0	72	0	0	0	0	0	
677644	Supp_Motor_Area_L	16964	2444	55760	24698	0	412	12232	4174	0	0	8940	2454	3592	3954	2480	2670	9284	324	0	54484	0	0	5824	13980	0	0	0	0	11096	1216	9888	10300	7950	19882	564	190	646	178	0	74	0	0	0	0	0	0	0	0	0	0	0	0	0	0	144	0	3840	98	0	0	0	0	116	88	0	0	0	0	12478	1536	6890	3442	12708	1066	2960	222	1924	72	732	0	2754	0	822	166	0	0	0	0	110	0	0	0	0	0	0	0	0	0	0	0	0	0	0	0	0	0	0	0	0	0	0	0	0	0	0	0	
766424	Supp_Motor_Area_R	12584	14550	11502	69264	0	532	1362	8838	0	0	0	12040	730	6996	722	2900	0	6228	54484	0	0	0	1672	17478	0	148	0	0	776	7600	5402	14592	4616	47372	1680	3180	0	2910	0	1090	0	114	0	172	0	0	0	112	0	0	0	0	0	78	0	850	0	3630	0	0	0	0	0	180	0	0	146	598	14148	21572	824	12234	104	10042	92	2726	136	1492	0	0	0	142	0	2094	0	158	0	0	0	242	0	0	0	0	0	0	0	78	0	0	0	0	0	0	0	0	0	0	0	0	0	0	0	0	0	0	
62612	Olfactory_L	0	0	0	0	2020	728	0	0	900	80	0	0	0	0	1654	0	0	0	0	0	0	4024	0	0	0	238	2452	872	1442	0	3698	1574	0	0	0	0	0	0	134	0	128	0	0	0	0	0	0	0	0	0	0	0	0	0	0	0	0	0	0	0	0	0	0	0	0	0	0	0	0	0	6114	3076	1340	692	0	0	0	0	0	0	0	0	140	0	0	0	0	0	0	0	0	0	0	0	0	0	0	0	0	0	0	0	0	0	0	0	0	0	0	0	0	0	0	0	0	0	
77752	Olfactory_R	0	0	0	0	100	2912	0	0	0	94	0	0	0	0	0	452	0	0	0	0	4024	0	0	108	0	2910	1244	4200	0	1198	2874	3540	0	0	0	0	0	176	0	250	0	364	0	0	0	0	0	0	0	0	0	0	0	0	0	0	0	0	0	0	0	0	0	0	0	0	0	0	0	0	5104	7092	1264	970	0	0	0	0	0	0	0	0	0	0	0	0	0	0	0	0	0	0	0	0	0	0	0	0	0	0	0	0	0	0	0	0	0	0	0	0	0	0	0	0	0	0	
282120	Frontal_Sup_Medial_L	348	0	37136	11040	3210	246	15772	110	0	0	234	0	570	0	228	0	0	0	5824	1672	0	0	0	19626	1630	1532	484	0	1456	0	16736	10420	2504	8440	0	0	0	0	0	0	0	0	0	0	0	0	0	0	0	0	0	0	0	0	0	0	0	0	0	0	0	0	0	0	0	0	0	0	0	0	468	202	1172	0	0	0	0	0	0	0	0	0	0	0	0	0	0	0	0	0	0	0	0	0	0	0	0	0	0	0	0	0	0	0	0	0	0	0	0	0	0	0	0	0	0	0	
378312	Frontal_Sup_Medial_R	444	0	3972	48950	0	6360	1172	3718	0	0	0	732	0	1738	0	2220	0	0	13980	17478	0	108	19626	0	0	5804	0	146	0	694	7408	27762	472	15902	0	0	0	0	0	0	0	0	0	0	0	0	0	0	0	0	0	0	0	0	0	0	0	0	0	0	0	0	0	0	0	0	0	0	0	0	1020	6346	0	3104	0	0	0	0	0	0	0	0	0	0	0	0	0	0	0	0	0	0	0	0	0	0	0	0	0	0	0	0	0	0	0	0	0	0	0	0	0	0	0	0	0	0	
12620	Frontal_Med_Orb_L	0	0	456	0	1710	106	0	0	164	0	0	0	0	0	0	0	0	0	0	0	0	0	1630	0	0	616	586	0	0	0	956	0	0	0	0	0	0	0	0	0	0	0	0	0	0	0	0	0	0	0	0	0	0	0	0	0	0	0	0	0	0	0	0	0	0	0	0	0	0	0	0	0	86	0	0	0	0	0	0	0	0	0	0	0	0	0	0	0	0	0	0	0	0	0	0	0	0	0	0	0	0	0	0	0	0	0	0	0	0	0	0	0	0	0	0	0	
89384	Frontal_Med_Orb_R	0	0	0	1246	0	9256	0	0	0	80	0	0	0	0	0	0	0	0	0	148	238	2910	1532	5804	616	0	272	5720	0	0	1792	5538	0	0	0	0	0	0	0	0	0	0	0	0	0	0	0	0	0	0	0	0	0	0	0	0	0	0	0	0	0	0	0	0	0	0	0	0	0	0	304	6056	70	3110	0	0	0	0	0	0	0	0	0	0	0	0	0	0	0	0	0	0	0	0	0	0	0	0	0	0	0	0	0	0	0	0	0	0	0	0	0	0	0	0	0	0	
47648	Rectus_L	0	0	0	0	5100	602	0	0	2234	0	0	0	0	0	1226	0	0	0	0	0	2452	1244	484	0	586	272	0	744	0	0	3480	198	0	0	0	0	0	0	0	0	0	0	0	0	0	0	0	0	0	0	0	0	0	0	0	0	0	0	0	0	0	0	0	0	0	0	0	0	0	0	2670	586	1946	0	0	0	0	0	0	0	0	0	0	0	0	0	0	0	0	0	0	0	0	0	0	0	0	0	0	0	0	0	0	0	0	0	0	0	0	0	0	0	0	0	0	0	
54100	Rectus_R	0	0	0	0	0	7768	0	0	0	290	0	0	0	0	0	386	0	0	0	0	872	4200	0	146	0	5720	744	0	0	498	806	1392	0	0	0	0	0	0	0	0	0	0	0	0	0	0	0	0	0	0	0	0	0	0	0	0	0	0	0	0	0	0	0	0	0	0	0	0	0	0	862	2400	286	680	0	0	0	0	0	0	0	0	0	0	0	0	0	0	0	0	0	0	0	0	0	0	0	0	0	0	0	0	0	0	0	0	0	0	0	0	0	0	0	0	0	0	
525704	Insula_L	17822	218	29994	120	2286	0	18584	0	3326	0	14026	0	17548	0	17424	0	17322	0	11096	776	1442	0	1456	0	0	0	0	0	0	0	1674	458	120	742	128	0	18772	0	3554	0	2714	0	368	0	0	0	176	0	290	0	1482	0	958	0	10892	0	8306	0	282	0	1542	0	1772	0	1320	0	848	0	348	0	1316	108	16856	0	0	0	318	0	8078	0	7608	0	5336	0	3858	0	0	0	8968	0	0	0	0	0	0	0	90	0	130	0	0	0	0	0	0	0	0	0	0	0	0	0	0	0	0	0	
279720	Insula_R	318	5332	470	8072	0	408	332	1340	0	0	0	16920	0	7512	0	1936	0	14296	1216	7600	0	1198	0	694	0	0	0	498	0	0	0	156	0	830	0	0	0	11420	0	7332	0	1796	0	670	0	0	0	860	0	0	0	0	0	0	0	7908	0	2982	0	0	0	0	0	264	0	0	0	1468	0	0	272	882	0	17770	0	294	0	450	0	2588	0	4976	0	5644	0	1386	0	0	0	1572	0	0	0	0	0	0	0	198	0	0	0	0	0	0	0	0	0	0	0	0	0	0	0	0	0	0	
328952	Cingulum_Ant_L	854	202	13812	8630	2644	1060	4166	624	690	70	152	0	542	184	1084	144	0	0	9888	5402	3698	2874	16736	7408	956	1792	3480	806	1674	0	0	31662	3748	6804	0	0	74	0	0	0	0	0	0	0	0	0	0	0	0	0	0	0	0	0	0	0	0	96	0	0	0	0	0	84	0	0	0	0	0	0	9838	11324	6870	3862	0	0	0	542	0	0	0	0	0	0	0	0	0	0	0	0	0	0	0	0	0	0	0	0	0	0	0	0	0	0	0	0	0	0	0	0	0	0	0	0	0	0	
454320	Cingulum_Ant_R	1506	226	5962	28160	102	5992	3594	1628	0	0	90	224	336	884	252	262	0	0	10300	14592	1574	3540	10420	27762	0	5538	198	1392	458	156	31662	0	1862	20606	0	0	0	0	0	0	0	0	0	0	0	0	0	0	0	0	0	0	0	0	0	0	0	152	0	0	0	0	0	142	0	0	0	0	0	0	7296	26190	2364	9712	0	0	0	2026	0	0	0	0	0	0	0	0	0	0	0	0	0	0	0	0	0	0	0	0	0	0	0	0	0	0	0	0	0	0	0	0	0	0	0	0	0	0	
122648	Cingulum_Mid_L	84	214	1796	958	0	0	240	0	0	0	0	0	90	0	74	0	0	0	7950	4616	0	0	2504	472	0	0	0	0	120	0	3748	1862	0	8630	5200	940	0	0	0	0	0	0	1648	210	2408	258	140	0	1566	210	2382	148	156	102	0	0	804	0	1132	0	818	0	0	0	124	0	6620	678	1744	408	0	0	0	0	0	0	0	0	0	0	0	0	0	0	270	0	0	0	0	0	0	0	0	0	0	0	0	0	0	0	0	0	0	0	0	0	0	0	0	0	0	0	0	0	0	0	
468796	Cingulum_Mid_R	6722	2228	4624	18676	0	0	460	698	0	0	0	2258	716	2230	712	1068	0	410	19882	47372	0	0	8440	15902	0	0	0	0	742	830	6804	20606	8630	0	2762	9700	0	782	0	0	0	0	94	2078	0	1596	0	274	0	786	0	366	0	460	0	1072	0	5940	0	0	0	0	0	0	0	0	1192	6306	10020	17596	224	862	0	460	0	0	0	126	0	0	0	90	0	350	0	844	0	0	0	314	0	0	0	0	0	0	0	0	0	0	0	0	0	0	0	0	0	0	0	0	94	0	0	0	0	0	
158212	Cingulum_Post_L	6504	3044	0	302	0	0	0	0	0	0	0	0	0	0	0	0	0	0	564	1680	0	0	0	0	0	0	0	0	128	0	0	0	5200	2762	0	7190	5722	1372	2416	0	0	0	5072	0	632	0	3446	100	266	0	1918	0	432	0	1486	0	84	212	142	0	0	0	70	0	92	0	9186	1356	8418	1390	0	206	0	0	0	0	2468	2752	142	0	0	0	0	0	1788	0	0	0	564	0	0	0	0	0	0	0	0	0	0	0	0	0	0	0	0	0	0	0	0	0	0	0	0	0	0	0	
153028	Cingulum_Post_R	3892	4338	0	142	0	0	0	0	0	0	0	0	0	0	0	0	0	0	190	3180	0	0	0	0	0	0	0	0	0	0	0	0	940	9700	7190	0	2384	4402	0	1260	0	0	0	1818	0	680	0	3036	0	604	0	76	0	126	0	1122	0	2484	0	0	0	0	0	0	0	0	1578	10524	2044	6096	0	338	0	0	0	0	3278	4492	0	0	0	0	0	0	0	112	0	0	0	0	0	0	0	0	0	0	0	78	0	0	0	0	0	0	0	0	0	0	0	0	410	0	0	0	0	0	
340412	Hippocampus_L	16230	1862	3092	0	0	0	1570	0	0	0	2124	0	160	0	92	0	1498	0	646	0	0	0	0	0	0	0	0	0	18772	0	74	0	0	0	5722	2384	0	1394	17332	0	6658	0	3598	0	0	0	5010	0	118	0	598	0	528	0	22566	0	2312	0	0	0	406	0	376	0	166	0	6178	194	2140	0	346	0	10858	0	804	0	4284	2246	5488	0	3250	0	1678	0	3158	0	0	0	13928	0	0	0	0	0	0	0	150	0	216	0	0	0	0	0	0	0	0	0	0	0	0	0	0	0	0	0	
348352	Hippocampus_R	1278	13010	0	3064	0	0	0	768	0	0	0	2830	0	774	0	0	0	946	178	2910	0	176	0	0	0	0	0	0	0	11420	0	0	0	782	1372	4402	1394	0	0	35444	0	9098	0	1590	0	0	0	4470	0	76	0	0	0	74	0	32062	0	2556	0	0	0	0	0	440	0	120	116	6628	760	1858	0	0	0	15758	0	658	870	3460	0	688	0	2988	0	1380	0	610	0	0	0	4008	0	134	0	0	0	96	0	2544	0	152	0	0	0	0	0	0	0	0	0	0	234	0	0	0	0	0	
121068	ParaHippocampal_L	2466	0	380	0	98	0	112	0	0	0	90	0	0	0	98	0	0	0	0	0	134	0	0	0	0	0	0	0	3554	0	0	0	0	0	2416	0	17332	0	0	0	2716	0	2342	0	0	0	4716	0	0	0	0	0	0	0	11410	0	84	0	0	0	0	0	0	0	0	0	4144	0	0	0	0	0	1722	0	0	0	782	0	90	0	214	0	610	0	124	0	110	0	1924	0	344	0	142	0	242	0	1226	0	782	0	0	0	130	0	0	0	0	0	0	0	0	0	0	0	0	0	
236132	ParaHippocampal_R	0	4248	0	1558	0	0	0	374	0	0	0	1246	0	302	0	0	0	564	74	1090	0	250	0	0	0	0	0	0	0	7332	0	0	0	0	0	1260	0	35444	0	0	0	5722	0	1240	0	0	0	5446	0	0	0	0	0	0	0	23446	0	798	0	0	0	0	0	86	0	0	0	4512	0	0	0	0	0	10456	0	508	0	1298	0	514	0	2256	0	1642	0	0	0	386	0	1432	0	272	0	78	0	110	0	3678	0	298	0	0	0	0	0	0	0	0	0	0	146	0	0	0	0	0	
35876	Amygdala_L	0	0	0	0	0	0	0	0	0	0	0	0	0	0	0	0	0	0	0	0	128	0	0	0	0	0	0	0	2714	0	0	0	0	0	0	0	6658	0	2716	0	0	0	0	0	0	0	0	0	0	0	0	0	0	0	2842	0	0	0	0	0	0	0	0	0	0	0	0	0	0	0	0	0	628	0	0	0	0	0	0	0	0	0	950	0	0	0	0	0	1302	0	0	0	0	0	0	0	0	0	0	0	0	0	0	0	0	0	0	0	0	0	0	0	0	0	0	0	
50916	Amygdala_R	0	0	0	114	0	0	0	0	0	0	0	0	0	0	0	0	0	0	0	114	0	364	0	0	0	0	0	0	0	1796	0	0	0	0	0	0	0	9098	0	5722	0	0	0	0	0	0	0	0	0	0	0	0	0	0	0	4682	0	0	0	0	0	0	0	0	0	0	0	0	0	0	0	0	0	978	0	0	0	0	0	0	0	0	0	2172	0	0	0	0	0	418	0	0	0	0	0	0	0	0	0	0	0	0	0	0	0	0	0	0	0	0	0	0	0	0	0	0	
338256	Calcarine_L	1720	0	0	0	0	0	0	0	0	0	0	0	0	0	0	0	0	0	0	0	0	0	0	0	0	0	0	0	368	0	0	0	1648	94	5072	0	3598	0	2342	0	0	0	0	11950	18138	8180	19796	4492	14462	3772	25940	1094	6236	0	6466	144	254	0	966	0	102	0	132	0	576	0	21328	1306	1764	0	0	0	72	0	0	0	0	0	514	0	94	0	0	0	4188	0	0	0	2320	0	0	0	0	0	0	0	0	0	0	0	0	0	0	0	0	0	0	0	0	0	0	0	0	0	0	0	
358124	Calcarine_R	0	342	0	120	0	0	0	0	0	0	0	0	0	0	0	0	0	0	0	172	0	0	0	0	0	0	0	0	0	670	0	0	210	2078	0	1818	0	1590	0	1240	0	0	11950	0	6964	35966	2664	22742	0	30352	0	14980	0	5814	0	8690	0	754	0	0	0	0	0	0	0	142	3244	21168	0	416	0	0	0	0	0	0	0	0	0	0	0	754	0	0	0	2874	0	0	0	488	0	88	0	0	0	0	0	0	0	772	0	0	0	0	0	0	0	0	0	0	0	0	0	0	0	0	
239092	Cuneus_L	0	0	0	0	0	0	0	0	0	0	0	0	0	0	0	0	0	0	0	0	0	0	0	0	0	0	0	0	0	0	0	0	2408	0	632	0	0	0	0	0	0	0	18138	6964	0	8322	2374	974	26182	1644	18870	580	1380	0	760	0	174	0	3916	0	374	0	0	0	340	0	20672	2652	0	0	0	0	0	0	0	0	0	0	0	0	0	0	0	0	1850	0	0	0	340	0	0	0	0	0	0	0	0	0	0	0	0	0	0	0	0	0	0	0	0	0	0	0	0	0	0	0	
340880	Cuneus_R	0	268	0	0	0	0	0	0	0	0	0	0	0	0	0	0	0	0	0	0	0	0	0	0	0	0	0	0	0	0	0	0	258	1596	0	680	0	0	0	0	0	0	8180	35966	8322	0	998	7860	810	39746	306	13030	72	3138	0	2066	0	1198	0	2744	0	548	0	130	0	990	7744	29454	0	454	0	0	0	0	0	0	0	0	0	0	0	98	0	0	0	3058	0	0	0	554	0	0	0	0	0	0	0	0	0	172	0	0	0	0	0	0	0	0	0	0	0	0	0	0	0	0	
289700	Lingual_L	1266	0	0	0	0	0	0	0	0	0	0	0	0	0	0	0	0	0	0	0	0	0	0	0	0	0	0	0	176	0	0	0	140	0	3446	0	5010	0	4716	0	0	0	19796	2664	2374	998	0	3758	5014	798	18016	188	7428	0	17710	516	104	0	114	0	0	0	0	0	0	0	11330	146	1202	0	0	0	206	0	0	0	288	0	278	0	0	0	0	0	684	0	0	0	1320	0	5582	466	1590	0	102	0	7944	2036	10814	1116	0	0	0	0	0	0	0	0	0	0	4256	1132	126	0	0	0	
369204	Lingual_R	0	660	0	662	0	0	0	0	0	0	0	0	0	0	0	0	0	0	0	112	0	0	0	0	0	0	0	0	0	860	0	0	0	274	100	3036	0	4470	0	5446	0	0	4492	22742	974	7860	3758	0	0	10190	0	6262	0	7580	1754	25452	0	314	0	0	0	0	0	0	0	0	514	9376	0	310	0	0	0	0	0	0	0	902	0	0	0	840	0	0	0	362	0	0	0	846	2004	8572	768	1038	182	262	5120	8410	5444	14096	0	0	0	306	732	304	0	0	0	82	7794	7210	858	224	468	580	
382904	Occipital_Sup_L	594	0	0	0	0	0	0	0	0	0	0	0	0	0	0	0	1326	0	0	0	0	0	0	0	0	0	0	0	290	0	0	0	1566	0	266	0	118	0	0	0	0	0	14462	0	26182	810	5014	0	0	0	54954	0	4872	0	836	0	2758	0	23108	0	5916	0	774	0	8878	0	28266	1170	1170	0	0	0	0	0	0	0	0	0	132	0	1248	0	0	0	5666	0	0	0	1076	0	0	0	0	0	0	0	0	0	0	0	0	0	0	0	0	0	0	0	0	0	0	0	0	0	0	0	
373056	Occipital_Sup_R	0	418	0	0	0	0	0	0	0	0	0	0	0	0	0	0	0	0	0	0	0	0	0	0	0	0	0	0	0	0	0	0	210	786	0	604	0	76	0	0	0	0	3772	30352	1644	39746	798	10190	0	0	0	28434	0	5326	0	4384	0	3356	0	4534	0	4004	0	698	0	5970	5458	23670	0	640	0	0	0	0	0	0	0	0	0	0	0	642	0	0	0	7950	0	0	0	2426	0	86	0	0	0	0	0	0	0	354	0	0	0	0	0	0	0	0	0	0	0	0	0	0	0	0	
644160	Occipital_Mid_L	3374	0	74	0	0	0	86	0	0	0	0	0	0	0	0	0	2570	0	0	0	0	0	0	0	0	0	0	0	1482	0	0	0	2382	0	1918	0	598	0	0	0	0	0	25940	0	18870	306	18016	0	54954	0	0	0	23556	0	12010	0	7554	0	25884	0	17852	0	2166	0	30032	0	34674	304	4900	0	0	0	112	0	0	0	0	0	466	0	2506	0	0	0	22612	0	0	0	6882	0	0	0	0	0	0	0	0	0	0	0	0	0	0	0	0	0	0	0	0	0	0	0	0	0	0	0	
274132	Occipital_Mid_R	0	282	0	0	0	0	0	0	0	0	0	0	0	0	0	0	0	0	0	0	0	0	0	0	0	0	0	0	0	0	0	0	148	366	0	76	0	0	0	0	0	0	1094	14980	580	13030	188	6262	0	28434	0	0	0	7784	0	4940	0	1996	0	1106	0	8196	0	1154	0	17632	1412	7134	0	266	0	0	0	0	0	0	0	0	0	0	0	662	0	0	0	17200	0	0	0	1546	0	80	0	0	0	0	0	0	0	518	0	0	0	0	0	0	0	0	0	0	0	0	0	0	0	0	
162828	Occipital_Inf_L	1008	0	0	0	0	0	0	0	0	0	0	0	0	0	0	0	244	0	0	0	0	0	0	0	0	0	0	0	958	0	0	0	156	0	432	0	528	0	0	0	0	0	6236	0	1380	72	7428	0	4872	0	23556	0	0	0	16382	0	554	0	742	0	432	0	518	0	924	0	3576	72	942	0	0	0	72	0	0	0	0	0	312	0	302	0	0	0	4524	0	0	0	5192	0	0	0	0	0	0	0	0	0	0	0	0	0	0	0	0	0	0	0	0	0	0	0	0	0	0	0	
119544	Occipital_Inf_R	0	236	0	0	0	0	0	0	0	0	0	0	0	0	0	0	0	0	0	78	0	0	0	0	0	0	0	0	0	0	0	0	102	460	0	126	0	74	0	0	0	0	0	5814	0	3138	0	7580	0	5326	0	7784	0	0	0	14636	0	440	0	0	0	0	0	0	0	0	782	4304	0	328	0	0	0	0	0	0	0	0	0	0	0	0	0	0	0	3806	0	0	0	2796	0	236	0	0	0	0	0	0	122	1110	0	0	0	0	0	0	0	0	0	0	78	416	0	0	0	0	
529140	Fusiform_L	5896	0	914	0	0	0	492	0	0	0	546	0	0	0	0	0	930	0	144	0	0	0	0	0	0	0	0	0	10892	0	0	0	0	0	1486	0	22566	0	11410	0	2842	0	6466	0	760	0	17710	1754	836	0	12010	0	16382	0	0	230	1488	0	70	0	386	0	544	0	244	0	5618	0	1622	0	0	0	2224	0	0	0	360	0	6400	0	3052	0	2322	0	9402	0	1286	0	23990	0	24142	534	2162	0	368	218	17752	2006	31322	1286	700	0	720	70	440	92	0	0	556	596	6938	1020	132	130	112	0	
492328	Fusiform_R	0	4110	0	952	0	0	0	238	0	0	0	1330	0	174	0	0	0	472	0	850	0	0	0	0	0	0	0	0	0	7908	0	0	0	1072	0	1122	0	32062	0	23446	0	4682	144	8690	0	2066	516	25452	0	4384	0	4940	0	14636	230	0	0	2482	0	590	0	692	0	1254	0	904	756	8550	0	1502	0	0	0	6872	0	280	0	600	0	764	0	5028	0	3886	0	2104	0	704	0	19066	172	14116	0	668	0	236	1296	9334	1132	17108	0	0	0	184	220	132	0	0	0	0	3176	2384	276	0	80	140	
328824	Postcentral_L	39224	198	4704	0	0	0	1216	0	0	0	2316	0	124	0	0	0	9898	0	3840	0	0	0	0	0	0	0	0	0	8306	0	0	0	804	0	84	0	2312	0	84	0	0	0	254	0	174	0	104	0	2758	0	7554	0	554	0	1488	0	0	0	8816	0	24466	0	12738	0	5198	0	6026	0	7016	0	748	0	1298	0	206	0	850	0	3366	0	3156	0	0	0	3200	0	0	0	1332	0	0	0	0	0	0	0	0	0	0	0	0	0	0	0	0	0	0	0	0	0	0	0	0	0	0	0	
228364	Postcentral_R	102	19362	0	1484	0	0	0	258	0	0	0	378	0	0	0	0	0	5090	98	3630	0	0	0	0	0	0	0	0	0	2982	96	152	0	5940	212	2484	0	2556	0	798	0	0	0	754	0	1198	0	314	0	3356	0	1996	0	440	0	2482	0	0	0	8314	0	4470	0	13376	0	1148	2128	13830	142	7436	0	248	0	1226	0	0	0	80	0	754	0	1792	0	0	0	2216	0	0	0	730	0	0	0	0	0	0	0	0	0	0	0	0	0	0	0	0	0	0	0	0	130	0	0	0	0	0	
228304	Parietal_Sup_L	660	0	0	0	0	0	0	0	0	0	0	0	0	0	0	0	876	0	0	0	0	0	0	0	0	0	0	0	282	0	0	0	1132	0	142	0	0	0	0	0	0	0	966	0	3916	0	114	0	23108	0	25884	0	742	0	70	0	8816	0	0	0	15066	0	390	0	8024	0	17680	0	986	0	0	0	0	0	0	0	0	0	0	0	842	0	0	0	3904	0	0	0	552	0	0	0	0	0	0	0	0	0	0	0	0	0	0	0	0	0	0	0	0	0	0	0	0	0	0	0	
88668	Parietal_Sup_R	0	204	0	0	0	0	0	0	0	0	0	0	0	0	0	0	0	162	0	0	0	0	0	0	0	0	0	0	0	0	0	0	0	0	0	0	0	0	0	0	0	0	0	0	0	2744	0	0	0	4534	0	1106	0	0	0	590	0	8314	0	0	0	10146	0	1432	0	5160	436	7916	0	0	0	0	0	0	0	0	0	0	0	162	0	564	0	0	0	272	0	0	0	592	0	0	0	0	0	0	0	0	0	0	0	0	0	0	0	0	0	0	0	0	0	0	0	0	0	0	
266672	Parietal_Inf_L	4606	0	240	0	0	0	320	0	0	0	184	0	0	0	0	0	560	0	0	0	0	0	0	0	0	0	0	0	1542	0	0	0	818	0	0	0	406	0	0	0	0	0	102	0	374	0	0	0	5916	0	17852	0	432	0	386	0	24466	0	15066	0	0	0	18992	0	23764	0	5376	0	632	0	0	0	168	0	0	0	0	0	100	0	1038	0	0	0	6672	0	0	0	3324	0	0	0	0	0	0	0	0	0	0	0	0	0	0	0	0	0	0	0	0	0	0	0	0	0	0	0	
121492	Parietal_Inf_R	0	460	0	0	0	0	0	0	0	0	0	0	0	0	0	0	0	148	0	0	0	0	0	0	0	0	0	0	0	0	0	0	0	0	0	0	0	0	0	0	0	0	0	0	0	548	0	0	0	4004	0	8196	0	0	0	692	0	4470	0	10146	0	0	0	6152	0	17634	788	5556	0	0	0	0	0	0	0	0	0	0	0	0	0	368	0	0	0	904	0	0	0	680	0	0	0	0	0	0	0	0	0	0	0	0	0	0	0	0	0	0	0	0	0	0	0	0	0	0	
167608	SupraMarginal_L	4566	0	140	0	0	0	0	0	0	0	176	0	0	0	0	0	1872	0	116	0	0	0	0	0	0	0	0	0	1772	0	0	0	0	0	70	0	376	0	0	0	0	0	132	0	0	0	0	0	774	0	2166	0	518	0	544	0	12738	0	390	0	18992	0	0	0	13162	0	594	0	196	0	0	0	118	0	0	0	0	0	312	0	7306	0	0	0	11112	0	0	0	5662	0	0	0	0	0	0	0	0	0	0	0	0	0	0	0	0	0	0	0	0	0	0	0	0	0	0	0	
109856	SupraMarginal_R	90	1944	0	176	0	0	0	0	0	0	0	0	0	0	0	0	0	2746	88	180	0	0	0	0	0	0	0	0	0	264	84	142	0	0	0	0	0	440	0	86	0	0	0	0	0	130	0	0	0	698	0	1154	0	0	0	1254	0	13376	0	1432	0	6152	0	0	0	7810	788	4360	140	0	0	226	0	0	0	0	0	0	0	182	0	6118	0	0	0	3550	0	0	0	1084	0	0	0	0	0	0	0	0	0	0	0	0	0	0	0	0	0	0	0	0	234	0	0	0	0	0	
258112	Angular_L	2580	0	72	0	0	0	102	0	0	0	78	0	0	0	0	0	1686	0	0	0	0	0	0	0	0	0	0	0	1320	0	0	0	124	0	92	0	166	0	0	0	0	0	576	0	340	0	0	0	8878	0	30032	0	924	0	244	0	5198	0	8024	0	23764	0	13162	0	0	0	7296	0	1826	0	0	0	72	0	0	0	0	0	120	0	3982	0	0	0	14252	0	0	0	4146	0	0	0	0	0	0	0	0	0	0	0	0	0	0	0	0	0	0	0	0	0	0	0	0	0	0	0	
172820	Angular_R	0	652	0	0	0	0	0	0	0	0	0	0	0	0	0	0	0	0	0	0	0	0	0	0	0	0	0	0	0	0	0	0	0	0	0	0	0	120	0	0	0	0	0	142	0	990	0	0	0	5970	0	17632	0	0	0	904	0	1148	0	5160	0	17634	0	7810	0	0	614	4538	0	0	0	0	0	0	0	0	0	0	0	74	0	6932	0	0	0	14322	0	0	0	1768	0	0	0	0	0	0	0	0	0	0	0	0	0	0	0	0	0	0	0	0	0	0	0	0	0	0	
539016	Precuneus_L	3472	286	0	0	0	0	0	0	0	0	0	0	0	0	0	0	756	0	0	146	0	0	0	0	0	0	0	0	848	0	0	0	6620	1192	9186	1578	6178	116	4144	0	0	0	21328	3244	20672	7744	11330	514	28266	5458	34674	1412	3576	782	5618	756	6026	2128	17680	436	5376	788	594	788	7296	614	0	21550	6022	412	0	0	138	0	0	0	94	0	632	0	808	518	0	0	8006	4220	0	0	2602	2884	0	0	0	0	0	0	0	0	0	0	0	0	0	0	0	0	0	0	0	0	0	0	0	0	0	0	
455436	Precuneus_R	98	2648	0	130	0	0	0	0	0	0	0	0	0	0	0	0	0	1874	0	598	0	0	0	0	0	0	0	0	0	1468	0	0	678	6306	1356	10524	194	6628	0	4512	0	0	1306	21168	2652	29454	146	9376	1170	23670	304	7134	72	4304	0	8550	0	13830	0	7916	0	5556	0	4360	0	4538	21550	0	72	3778	0	0	0	0	0	0	148	364	0	256	0	2968	0	0	0	8846	0	0	0	5526	0	0	0	0	0	0	0	454	0	0	0	0	0	0	0	0	0	0	0	0	1236	0	0	0	0	0	
294940	Paracentral_Lobule_L	31588	6536	916	3848	0	0	86	0	0	0	0	0	0	0	0	0	90	0	12478	14148	0	0	0	0	0	0	0	0	348	0	0	0	1744	10020	8418	2044	2140	760	0	0	0	0	1764	0	0	0	1202	0	1170	0	4900	0	942	0	1622	0	7016	142	986	0	632	0	196	140	1826	0	6022	72	0	8620	1430	350	1156	0	942	0	2632	1080	456	0	88	0	0	0	5152	0	0	0	1768	0	0	0	0	0	0	0	0	0	0	0	0	0	0	0	0	0	0	0	0	0	0	0	0	0	0	0	
193516	Paracentral_Lobule_R	8882	11246	0	536	0	0	0	0	0	0	0	0	0	0	0	0	0	0	1536	21572	0	0	0	0	0	0	0	0	0	0	0	0	408	17596	1390	6096	0	1858	0	0	0	0	0	416	0	454	0	310	0	640	0	266	0	328	0	1502	0	7436	0	0	0	0	0	0	0	0	412	3778	8620	0	94	246	0	0	0	0	0	172	0	0	0	72	0	0	0	488	0	0	0	320	0	0	0	0	0	0	0	0	0	0	0	0	0	0	0	0	0	0	0	0	84	0	0	0	0	0	
227772	Caudate_L	6856	794	6016	1596	1322	1256	3714	724	450	80	600	516	240	184	1204	0	448	70	6890	824	6114	5104	468	1020	0	304	2670	862	1316	272	9838	7296	0	224	0	0	346	0	0	0	0	0	0	0	0	0	0	0	0	0	0	0	0	0	0	0	748	0	0	0	0	0	0	0	0	0	0	0	1430	94	0	11434	14140	2392	2618	0	10598	666	0	0	148	0	0	0	0	0	0	0	0	0	0	0	0	0	0	0	0	0	0	0	0	0	0	0	0	0	0	0	0	0	0	0	0	0	0	0	
342852	Caudate_R	1858	4986	2552	15168	98	7284	1568	214	0	70	0	492	0	438	0	430	0	530	3442	12234	3076	7092	202	6346	0	6056	586	2400	108	882	11324	26190	0	862	206	338	0	0	0	0	0	0	0	0	0	0	0	0	0	0	0	0	0	0	0	0	0	248	0	0	0	0	0	226	0	0	0	0	350	246	11434	0	1500	21562	0	1548	760	16444	0	0	0	0	0	76	0	0	0	0	0	0	0	0	0	0	0	0	0	0	0	0	0	0	0	0	0	0	0	0	0	0	0	0	0	0	0	0	
317796	Putamen_L	10804	1100	21530	96	6390	210	6118	72	3430	0	2708	0	1420	0	4918	0	914	0	12708	104	1340	1264	1172	0	86	70	1946	286	16856	0	6870	2364	0	0	0	0	10858	0	1722	0	628	0	72	0	0	0	206	0	0	0	112	0	72	0	2224	0	1298	0	0	0	168	0	118	0	72	0	138	0	1156	0	14140	1500	0	744	10340	86	4384	120	284	0	704	0	1522	0	364	0	0	0	1090	0	0	0	0	0	0	0	0	0	0	0	0	0	0	0	0	0	0	0	0	0	0	0	0	0	0	0	
326288	Putamen_R	112	5720	354	13084	0	5016	0	1872	0	0	0	7836	0	3960	0	618	0	2408	1066	10042	692	970	0	3104	0	3110	0	680	0	17770	3862	9712	0	460	0	0	0	15758	0	10456	0	978	0	0	0	0	0	0	0	0	0	0	0	0	0	6872	0	1226	0	0	0	0	0	0	0	0	0	0	0	0	2392	21562	744	0	146	3272	0	4442	0	158	0	872	0	140	0	92	0	0	0	790	0	0	0	0	0	0	0	796	0	0	0	0	0	0	0	0	0	0	0	0	0	0	0	0	0	0	
60320	Pallidum_L	3066	778	4738	0	0	0	1256	0	0	0	0	0	0	0	70	0	0	0	2960	92	0	0	0	0	0	0	0	0	0	0	0	0	0	0	0	0	804	0	0	0	0	0	0	0	0	0	0	0	0	0	0	0	0	0	0	0	206	0	0	0	0	0	0	0	0	0	0	0	942	0	2618	0	10340	146	0	76	2068	0	0	0	0	0	0	0	0	0	0	0	0	0	0	0	0	0	0	0	0	0	0	0	0	0	0	0	0	0	0	0	0	0	0	0	0	0	0	0	
25860	Pallidum_R	0	406	0	2000	0	0	0	150	0	0	0	174	0	0	0	0	0	530	222	2726	0	0	0	0	0	0	0	0	0	294	0	0	0	0	0	0	0	658	0	508	0	0	0	0	0	0	0	0	0	0	0	0	0	0	0	280	0	0	0	0	0	0	0	0	0	0	0	0	0	0	0	1548	86	3272	76	0	0	0	0	0	0	0	0	0	0	0	0	0	0	0	0	0	0	0	0	0	0	0	0	0	0	0	0	0	0	0	0	0	0	0	0	0	0	0	0	0	
119488	Thalamus_L	13248	2504	190	174	0	0	648	240	0	0	0	0	0	0	0	0	0	0	1924	136	0	0	0	0	0	0	0	0	318	0	0	0	0	0	2468	3278	4284	870	782	0	0	0	0	0	0	0	288	0	0	0	0	0	0	0	360	0	850	0	0	0	0	0	0	0	0	0	94	148	2632	0	10598	760	4384	0	2068	0	0	6498	0	0	0	0	0	0	0	0	0	0	0	0	0	0	0	0	0	0	0	0	0	0	0	0	0	0	0	0	0	0	0	0	0	0	0	0	0	0	
163556	Thalamus_R	3080	15620	0	11364	0	0	0	598	0	0	0	228	0	168	0	0	0	144	72	1492	0	0	0	0	0	0	0	0	0	450	542	2026	0	126	2752	4492	2246	3460	0	1298	0	0	0	0	0	0	0	902	0	0	0	0	0	0	0	600	0	80	0	0	0	0	0	0	0	0	0	364	1080	172	666	16444	120	4442	0	0	6498	0	0	0	0	0	0	0	0	0	0	0	0	0	0	0	0	0	0	0	0	252	0	0	0	0	0	0	0	0	0	0	0	0	0	0	0	0	0	0	
104112	Heschl_L	5494	0	480	0	0	0	308	0	0	0	458	0	0	0	0	0	5046	0	732	0	0	0	0	0	0	0	0	0	8078	0	0	0	0	0	142	0	5488	0	90	0	0	0	514	0	0	0	278	0	132	0	466	0	312	0	6400	0	3366	0	0	0	100	0	312	0	120	0	632	0	456	0	0	0	284	0	0	0	0	0	0	0	3830	0	0	0	3178	0	0	0	5360	0	0	0	0	0	0	0	0	0	0	0	0	0	0	0	0	0	0	0	0	0	0	0	0	0	0	0	
34092	Heschl_R	0	202	0	0	0	0	0	0	0	0	0	0	0	0	0	0	0	1974	0	0	0	0	0	0	0	0	0	0	0	2588	0	0	0	0	0	0	0	688	0	514	0	0	0	0	0	0	0	0	0	0	0	0	0	0	0	764	0	754	0	162	0	0	0	182	0	74	0	256	0	0	0	0	0	158	0	0	0	0	0	0	0	5638	0	0	0	2724	0	0	0	368	0	0	0	0	0	0	0	0	0	0	0	0	0	0	0	0	0	0	0	0	0	0	0	0	0	0	
215772	Temporal_Sup_L	4028	0	3524	0	0	0	310	0	0	0	2916	0	460	0	0	0	11346	0	2754	0	0	0	0	0	0	0	0	0	7608	0	0	0	0	0	0	0	3250	0	214	0	0	0	94	0	0	0	0	0	1248	0	2506	0	302	0	3052	0	3156	0	842	0	1038	0	7306	0	3982	0	808	0	88	0	148	0	704	0	0	0	0	0	3830	0	0	0	2246	0	25526	0	0	0	14506	0	0	0	0	0	0	0	0	0	94	0	0	0	0	0	0	0	0	0	0	0	0	0	0	0	0	0	
145292	Temporal_Sup_R	0	1040	0	130	0	0	0	0	0	0	0	262	0	0	0	0	0	1926	0	142	0	0	0	0	0	0	0	0	0	4976	0	0	0	90	0	0	0	2988	0	2256	0	0	0	754	0	98	0	840	0	642	0	662	0	0	0	5028	0	1792	0	564	0	368	0	6118	0	6932	518	2968	0	72	0	0	0	872	0	0	0	0	0	5638	0	0	0	2168	0	16780	0	0	0	5888	0	0	0	0	0	0	0	0	0	0	0	0	0	0	0	0	0	0	0	0	134	0	0	0	0	0	
69476	Temporal_Pole_Sup_L	0	0	938	0	312	0	174	0	626	0	1952	0	780	0	1970	0	1412	0	822	0	140	0	0	0	0	0	0	0	5336	0	0	0	0	0	0	0	1678	0	610	0	950	0	0	0	0	0	0	0	0	0	0	0	0	0	2322	0	0	0	0	0	0	0	0	0	0	0	0	0	0	0	0	0	1522	0	0	0	0	0	0	0	2246	0	0	0	4358	0	2388	0	4202	0	0	0	0	0	0	0	0	0	0	0	0	0	0	0	0	0	0	0	0	0	0	0	0	0	0	0	
78704	Temporal_Pole_Sup_R	0	204	194	1818	0	0	0	96	0	0	0	3572	0	228	0	88	0	5440	166	2094	0	0	0	0	0	0	0	0	0	5644	0	0	0	350	0	0	0	1380	0	1642	0	2172	0	0	0	0	0	0	0	0	0	0	0	0	0	3886	0	0	0	0	0	0	0	0	0	0	0	0	0	0	0	76	0	140	0	0	0	0	0	0	0	2168	0	0	0	2064	0	2466	0	3464	0	0	0	0	0	0	0	0	0	0	0	0	0	0	0	0	0	0	0	0	0	0	0	0	0	0	
392824	Temporal_Mid_L	3694	0	176	0	0	0	180	0	0	0	214	0	0	0	0	0	3534	0	0	0	0	0	0	0	0	0	0	0	3858	0	0	0	270	0	1788	0	3158	0	124	0	0	0	4188	0	1850	0	684	0	5666	0	22612	0	4524	0	9402	0	3200	0	3904	0	6672	0	11112	0	14252	0	8006	0	5152	0	0	0	364	0	0	0	0	0	3178	0	25526	0	4358	0	0	0	2588	0	42178	0	0	0	0	0	0	0	0	0	0	0	0	0	0	0	0	0	0	0	0	0	0	0	0	0	0	0	
228396	Temporal_Mid_R	0	1306	0	166	0	0	0	0	0	0	0	0	0	0	0	0	0	0	0	158	0	0	0	0	0	0	0	0	0	1386	0	0	0	844	0	112	0	610	0	0	0	0	0	2874	0	3058	0	362	0	7950	0	17200	0	3806	0	2104	0	2216	0	272	0	904	0	3550	0	14322	4220	8846	0	488	0	0	0	92	0	0	0	0	0	2724	0	16780	0	2064	0	0	0	122	0	15662	0	0	0	0	0	0	0	0	0	0	0	0	0	0	0	0	0	0	0	0	0	0	0	0	0	0	
18300	Temporal_Pole_Mid_L	0	0	0	0	0	0	0	0	0	0	0	0	0	0	0	0	0	0	0	0	0	0	0	0	0	0	0	0	0	0	0	0	0	0	0	0	0	0	110	0	0	0	0	0	0	0	0	0	0	0	0	0	0	0	1286	0	0	0	0	0	0	0	0	0	0	0	0	0	0	0	0	0	0	0	0	0	0	0	0	0	0	0	2388	0	2588	0	0	0	2778	0	0	0	0	0	0	0	0	0	0	0	0	0	0	0	0	0	0	0	0	0	0	0	0	0	0	0	
9404	Temporal_Pole_Mid_R	0	0	0	0	0	0	0	0	0	0	0	0	0	0	0	0	0	0	0	0	0	0	0	0	0	0	0	0	0	0	0	0	0	0	0	0	0	0	0	386	0	0	0	0	0	0	0	0	0	0	0	0	0	0	0	704	0	0	0	0	0	0	0	0	0	0	0	0	0	0	0	0	0	0	0	0	0	0	0	0	0	0	0	2466	0	122	0	0	0	1024	0	0	0	0	0	0	0	0	0	0	0	0	0	0	0	0	0	0	0	0	0	0	0	0	0	0	
341432	Temporal_Inf_L	3860	0	510	0	0	0	330	0	0	0	796	0	0	0	0	0	1764	0	110	0	0	0	0	0	0	0	0	0	8968	0	0	0	0	0	564	0	13928	0	1924	0	1302	0	2320	0	340	0	1320	0	1076	0	6882	0	5192	0	23990	0	1332	0	552	0	3324	0	5662	0	4146	0	2602	0	1768	0	0	0	1090	0	0	0	0	0	5360	0	14506	0	4202	0	42178	0	2778	0	0	0	3140	0	574	0	0	0	810	0	1344	0	98	0	74	0	0	0	0	0	0	0	0	0	0	0	0	0	
159996	Temporal_Inf_R	0	1584	0	466	0	0	0	0	0	0	0	170	0	0	0	0	0	0	0	242	0	0	0	0	0	0	0	0	0	1572	0	0	0	314	0	0	0	4008	0	1432	0	418	0	488	0	554	0	846	0	2426	0	1546	0	2796	0	19066	0	730	0	592	0	680	0	1084	0	1768	2884	5526	0	320	0	0	0	790	0	0	0	0	0	368	0	5888	0	3464	0	15662	0	1024	0	0	0	1026	0	0	0	0	0	98	0	166	0	0	0	0	0	0	0	0	0	0	0	0	0	0	0	0	
422584	Cerebelum_Crus1_L	0	0	0	0	0	0	0	0	0	0	0	0	0	0	0	0	0	0	0	0	0	0	0	0	0	0	0	0	0	0	0	0	0	0	0	0	0	0	344	0	0	0	0	0	0	0	5582	2004	0	0	0	0	0	0	24142	172	0	0	0	0	0	0	0	0	0	0	0	0	0	0	0	0	0	0	0	0	0	0	0	0	0	0	0	0	0	0	0	0	3140	0	0	972	36390	1384	2520	408	24558	1452	52162	2736	9602	196	13520	1546	5678	652	5022	0	728	890	7150	3322	3180	1108	732	0	
415612	Cerebelum_Crus1_R	0	0	0	0	0	0	0	0	0	0	0	0	0	0	0	0	0	0	0	0	0	0	0	0	0	0	0	0	0	0	0	0	0	0	0	0	0	134	0	272	0	0	0	88	0	0	466	8572	0	86	0	80	0	236	534	14116	0	0	0	0	0	0	0	0	0	0	0	0	0	0	0	0	0	0	0	0	0	0	0	0	0	0	0	0	0	0	0	0	0	1026	972	0	980	35104	164	6602	3662	21080	2930	55818	0	6534	0	16884	658	5192	0	1888	130	1014	7346	5704	4680	2420	2290	144	
345152	Cerebelum_Crus2_L	0	0	0	0	0	0	0	0	0	0	0	0	0	0	0	0	0	0	0	0	0	0	0	0	0	0	0	0	0	0	0	0	0	0	0	0	0	0	142	0	0	0	0	0	0	0	1590	768	0	0	0	0	0	0	2162	0	0	0	0	0	0	0	0	0	0	0	0	0	0	0	0	0	0	0	0	0	0	0	0	0	0	0	0	0	0	0	0	0	574	0	36390	980	0	3952	590	0	3192	326	11118	1088	35518	1722	35478	3516	10940	990	10598	0	0	78	830	1672	5086	2558	718	0	
286548	Cerebelum_Crus2_R	0	0	0	0	0	0	0	0	0	0	0	0	0	0	0	0	0	0	0	0	0	0	0	0	0	0	0	0	0	0	0	0	0	0	0	0	0	0	0	78	0	0	0	0	0	0	0	1038	0	0	0	0	0	0	0	668	0	0	0	0	0	0	0	0	0	0	0	0	0	0	0	0	0	0	0	0	0	0	0	0	0	0	0	0	0	0	0	0	0	0	1384	35104	3952	0	0	2338	484	2904	628	9808	1494	20872	2572	32410	232	8900	0	2962	0	452	706	1442	7690	3378	1778	0	
44612	Cerebelum_3_L	0	0	0	0	0	0	0	0	0	0	0	0	0	0	0	0	0	0	0	0	0	0	0	0	0	0	0	0	0	0	0	0	0	0	0	0	0	0	242	0	0	0	0	0	0	0	102	182	0	0	0	0	0	0	368	0	0	0	0	0	0	0	0	0	0	0	0	0	0	0	0	0	0	0	0	0	0	0	0	0	0	0	0	0	0	0	0	0	0	0	2520	164	590	0	0	86	6720	0	3162	398	0	0	80	0	960	330	0	0	1300	1928	1368	594	292	384	400	136	
76388	Cerebelum_3_R	0	0	0	0	0	0	0	0	0	0	0	0	0	0	0	0	0	0	0	0	0	0	0	0	0	0	0	0	0	0	0	0	0	0	0	0	0	96	0	110	0	0	0	0	0	0	0	262	0	0	0	0	0	0	218	236	0	0	0	0	0	0	0	0	0	0	0	0	0	0	0	0	0	0	0	0	0	0	0	0	0	0	0	0	0	0	0	0	0	0	408	6602	0	2338	86	0	936	6450	482	6930	0	0	0	1644	0	1860	0	0	130	1828	1214	442	2010	2038	1874	0	
350320	Cerebelum_4_5_L	0	0	0	0	0	0	0	0	0	0	0	0	0	0	0	0	0	0	0	0	0	0	0	0	0	0	0	0	90	0	0	0	0	0	0	0	150	0	1226	0	0	0	0	0	0	0	7944	5120	0	0	0	0	0	0	17752	1296	0	0	0	0	0	0	0	0	0	0	0	0	0	0	0	0	0	0	0	0	0	0	0	0	0	0	0	0	0	0	0	0	810	0	24558	3662	3192	484	6720	936	0	7286	39706	6844	1308	0	2582	408	6492	986	682	0	2098	2868	22264	3322	826	896	1206	1446	
255388	Cerebelum_4_5_R	0	154	0	138	0	0	0	0	0	0	0	0	0	0	0	0	0	0	0	78	0	0	0	0	0	0	0	0	0	198	0	0	0	0	0	78	0	2544	0	3678	0	0	0	0	0	0	2036	8410	0	0	0	0	0	0	2006	9334	0	0	0	0	0	0	0	0	0	0	0	454	0	0	0	0	0	796	0	0	0	252	0	0	0	0	0	0	0	0	0	0	0	98	1452	21080	326	2904	0	6450	7286	0	4598	28860	0	146	0	2406	738	864	0	86	0	766	13522	2024	1060	1122	984	766	
447756	Cerebelum_6_L	0	0	0	0	0	0	0	0	0	0	0	0	0	0	0	0	0	0	0	0	0	0	0	0	0	0	0	0	130	0	0	0	0	0	0	0	216	0	782	0	0	0	0	0	0	0	10814	5444	0	0	0	0	0	122	31322	1132	0	0	0	0	0	0	0	0	0	0	0	0	0	0	0	0	0	0	0	0	0	0	0	0	94	0	0	0	0	0	0	0	1344	0	52162	2930	11118	628	3162	482	39706	4598	0	7146	2864	0	2736	372	5536	2258	404	0	836	978	16488	9892	1626	1786	2402	2368	
402472	Cerebelum_6_R	0	0	0	0	0	0	0	0	0	0	0	0	0	0	0	0	0	0	0	0	0	0	0	0	0	0	0	0	0	0	0	0	0	0	0	0	0	152	0	298	0	0	0	772	0	172	1116	14096	0	354	0	518	0	1110	1286	17108	0	0	0	0	0	0	0	0	0	0	0	0	0	0	0	0	0	0	0	0	0	0	0	0	0	0	0	0	0	0	0	0	0	166	2736	55818	1088	9808	398	6930	6844	28860	7146	0	0	654	0	5922	1308	2444	0	408	194	1412	12646	10128	3858	2534	2244	708	
224560	Cerebelum_7b_L	0	0	0	0	0	0	0	0	0	0	0	0	0	0	0	0	0	0	0	0	0	0	0	0	0	0	0	0	0	0	0	0	0	0	0	0	0	0	0	0	0	0	0	0	0	0	0	0	0	0	0	0	0	0	700	0	0	0	0	0	0	0	0	0	0	0	0	0	0	0	0	0	0	0	0	0	0	0	0	0	0	0	0	0	0	0	0	0	98	0	9602	0	35518	1494	0	0	1308	0	2864	0	0	1530	34606	1722	11022	226	7602	0	0	0	0	0	1288	2700	0	0	
126368	Cerebelum_7b_R	0	0	0	0	0	0	0	0	0	0	0	0	0	0	0	0	0	0	0	0	0	0	0	0	0	0	0	0	0	0	0	0	0	0	0	0	0	0	0	0	0	0	0	0	0	0	0	0	0	0	0	0	0	0	0	0	0	0	0	0	0	0	0	0	0	0	0	0	0	0	0	0	0	0	0	0	0	0	0	0	0	0	0	0	0	0	0	0	0	0	196	6534	1722	20872	0	0	0	146	0	654	1530	0	1734	21630	132	3404	0	628	0	0	0	0	1980	2022	0	0	
295092	Cerebelum_8_L	0	0	0	0	0	0	0	0	0	0	0	0	0	0	0	0	0	0	0	0	0	0	0	0	0	0	0	0	0	0	0	0	0	0	0	0	0	0	130	0	0	0	0	0	0	0	0	0	0	0	0	0	0	0	720	0	0	0	0	0	0	0	0	0	0	0	0	0	0	0	0	0	0	0	0	0	0	0	0	0	0	0	0	0	0	0	0	0	74	0	13520	0	35478	2572	80	0	2582	0	2736	0	34606	1734	0	4728	23700	1296	12912	0	0	0	0	0	3048	6226	1404	0	
271488	Cerebelum_8_R	0	0	0	0	0	0	0	0	0	0	0	0	0	0	0	0	0	0	0	0	0	0	0	0	0	0	0	0	0	0	0	0	0	0	0	0	0	0	0	0	0	0	0	0	0	0	0	306	0	0	0	0	0	0	70	184	0	0	0	0	0	0	0	0	0	0	0	0	0	0	0	0	0	0	0	0	0	0	0	0	0	0	0	0	0	0	0	0	0	0	1546	16884	3516	32410	0	1644	408	2406	372	5922	1722	21630	4728	0	734	21464	0	4894	0	200	598	610	5818	5650	2028	0	
199460	Cerebelum_9_L	0	0	0	0	0	0	0	0	0	0	0	0	0	0	0	0	0	0	0	0	0	0	0	0	0	0	0	0	0	0	0	0	0	0	0	0	0	0	0	0	0	0	0	0	0	0	0	732	0	0	0	0	0	0	440	220	0	0	0	0	0	0	0	0	0	0	0	0	0	0	0	0	0	0	0	0	0	0	0	0	0	0	0	0	0	0	0	0	0	0	5678	658	10940	232	960	0	6492	738	5536	1308	11022	132	23700	734	0	2584	12442	0	0	0	2106	3512	1138	2876	3350	2200	
162808	Cerebelum_9_R	0	0	0	0	0	0	0	0	0	0	0	0	0	0	0	0	0	0	0	0	0	0	0	0	0	0	0	0	0	0	0	0	0	0	0	0	0	0	0	0	0	0	0	0	0	0	0	304	0	0	0	0	0	0	92	132	0	0	0	0	0	0	0	0	0	0	0	0	0	0	0	0	0	0	0	0	0	0	0	0	0	0	0	0	0	0	0	0	0	0	652	5192	990	8900	330	1860	986	864	2258	2444	226	3404	1296	21464	2584	0	0	3682	162	914	1116	3208	4012	5606	6736	1990	
99324	Cerebelum_10_L	0	0	0	0	0	0	0	0	0	0	0	0	0	0	0	0	0	0	0	0	0	0	0	0	0	0	0	0	0	0	0	0	0	0	0	0	0	0	0	0	0	0	0	0	0	0	0	0	0	0	0	0	0	0	0	0	0	0	0	0	0	0	0	0	0	0	0	0	0	0	0	0	0	0	0	0	0	0	0	0	0	0	0	0	0	0	0	0	0	0	5022	0	10598	0	0	0	682	0	404	0	7602	0	12912	0	12442	0	0	0	0	0	0	0	0	0	0	0	
29096	Cerebelum_10_R	0	0	0	0	0	0	0	0	0	0	0	0	0	0	0	0	0	0	0	0	0	0	0	0	0	0	0	0	0	0	0	0	0	0	0	0	0	0	0	0	0	0	0	0	0	0	0	0	0	0	0	0	0	0	0	0	0	0	0	0	0	0	0	0	0	0	0	0	0	0	0	0	0	0	0	0	0	0	0	0	0	0	0	0	0	0	0	0	0	0	0	1888	0	2962	0	0	0	86	0	408	0	628	0	4894	0	3682	0	0	0	0	0	0	0	0	0	0	
27528	Vermis_1_2	0	0	0	0	0	0	0	0	0	0	0	0	0	0	0	0	0	0	0	0	0	0	0	0	0	0	0	0	0	0	0	0	0	0	0	0	0	0	0	0	0	0	0	0	0	0	0	0	0	0	0	0	0	0	556	0	0	0	0	0	0	0	0	0	0	0	0	0	0	0	0	0	0	0	0	0	0	0	0	0	0	0	0	0	0	0	0	0	0	0	728	130	0	0	1300	130	2098	0	836	194	0	0	0	0	0	162	0	0	0	4632	2482	70	132	150	164	0	
50040	Vermis_3	0	0	0	0	0	0	0	0	0	0	0	0	0	0	0	0	0	0	0	0	0	0	0	0	0	0	0	0	0	0	0	0	0	0	0	0	0	0	0	0	0	0	0	0	0	0	0	82	0	0	0	0	0	0	596	0	0	0	0	0	0	0	0	0	0	0	0	0	0	0	0	0	0	0	0	0	0	0	0	0	0	0	0	0	0	0	0	0	0	0	890	1014	78	452	1928	1828	2868	766	978	1412	0	0	0	200	0	914	0	0	4632	0	3268	172	964	1000	978	0	
256900	Vermis_4_5	0	0	0	0	0	0	0	0	0	0	0	0	0	0	0	0	0	72	0	0	0	0	0	0	0	0	0	0	0	0	0	0	0	94	0	410	0	234	0	146	0	0	0	0	0	0	4256	7794	0	0	0	0	0	78	6938	3176	0	130	0	0	0	0	0	234	0	0	0	1236	0	84	0	0	0	0	0	0	0	0	0	0	0	134	0	0	0	0	0	0	0	0	7150	7346	830	706	1368	1214	22264	13522	16488	12646	0	0	0	598	2106	1116	0	0	2482	3268	0	4758	870	958	1480	2264	
152524	Vermis_6	0	0	0	0	0	0	0	0	0	0	0	0	0	0	0	0	0	0	0	0	0	0	0	0	0	0	0	0	0	0	0	0	0	0	0	0	0	0	0	0	0	0	0	0	0	0	1132	7210	0	0	0	0	0	416	1020	2384	0	0	0	0	0	0	0	0	0	0	0	0	0	0	0	0	0	0	0	0	0	0	0	0	0	0	0	0	0	0	0	0	0	0	3322	5704	1672	1442	594	442	3322	2024	9892	10128	0	0	0	610	3512	3208	0	0	70	172	4758	0	3148	2562	3736	3782	
128344	Vermis_7	0	0	0	0	0	0	0	0	0	0	0	0	0	0	0	0	0	0	0	0	0	0	0	0	0	0	0	0	0	0	0	0	0	0	0	0	0	0	0	0	0	0	0	0	0	0	126	858	0	0	0	0	0	0	132	276	0	0	0	0	0	0	0	0	0	0	0	0	0	0	0	0	0	0	0	0	0	0	0	0	0	0	0	0	0	0	0	0	0	0	3180	4680	5086	7690	292	2010	826	1060	1626	3858	1288	1980	3048	5818	1138	4012	0	0	132	964	870	3148	0	5908	4166	0	
123628	Vermis_8	0	0	0	0	0	0	0	0	0	0	0	0	0	0	0	0	0	0	0	0	0	0	0	0	0	0	0	0	0	0	0	0	0	0	0	0	0	0	0	0	0	0	0	0	0	0	0	224	0	0	0	0	0	0	130	0	0	0	0	0	0	0	0	0	0	0	0	0	0	0	0	0	0	0	0	0	0	0	0	0	0	0	0	0	0	0	0	0	0	0	1108	2420	2558	3378	384	2038	896	1122	1786	2534	2700	2022	6226	5650	2876	5606	0	0	150	1000	958	2562	5908	0	6800	778	
