data	data	524732	411288	736696	790168	136376	183352	426092	319400	100116	43600	248520	132272	285584	147972	170016	120668	203496	104560	495840	572384	101224	103456	436380	429860	34988	142436	37424	106456	664908	292676	440864	517992	168148	427856	258844	293296	337576	347960	104924	163244	46328	63176	277500	331204	229596	461560	333100	333764	197916	469056	416664	353112	184804	98860	357308	388048	404968	280844	179452	126880	265940	147132	110164	95860	183224	174812	288472	524788	276448	193796	344020	340720	354988	300108	37428	27948	138440	242948	116664	43356	232584	114456	99348	30880	363164	235380	26392	9980	203352	145180	485488	407140	334676	315912	35560	63356	403900	258304	509356	389660	218260	140860	399424	353224	191608	189480	14092	44008	31216	79332	300524	171120	283748	224440	132748	64904	
data	data	Precentral_L	Precentral_R	Frontal_Sup_L	Frontal_Sup_R	Frontal_Sup_Orb_L	Frontal_Sup_Orb_R	Frontal_Mid_L	Frontal_Mid_R	Frontal_Mid_Orb_L	Frontal_Mid_Orb_R	Frontal_Inf_Oper_L	Frontal_Inf_Oper_R	Frontal_Inf_Tri_L	Frontal_Inf_Tri_R	Frontal_Inf_Orb_L	Frontal_Inf_Orb_R	Rolandic_Oper_L	Rolandic_Oper_R	Supp_Motor_Area_L	Supp_Motor_Area_R	Olfactory_L	Olfactory_R	Frontal_Sup_Medial_L	Frontal_Sup_Medial_R	Frontal_Med_Orb_L	Frontal_Med_Orb_R	Rectus_L	Rectus_R	Insula_L	Insula_R	Cingulum_Ant_L	Cingulum_Ant_R	Cingulum_Mid_L	Cingulum_Mid_R	Cingulum_Post_L	Cingulum_Post_R	Hippocampus_L	Hippocampus_R	ParaHippocampal_L	ParaHippocampal_R	Amygdala_L	Amygdala_R	Calcarine_L	Calcarine_R	Cuneus_L	Cuneus_R	Lingual_L	Lingual_R	Occipital_Sup_L	Occipital_Sup_R	Occipital_Mid_L	Occipital_Mid_R	Occipital_Inf_L	Occipital_Inf_R	Fusiform_L	Fusiform_R	Postcentral_L	Postcentral_R	Parietal_Sup_L	Parietal_Sup_R	Parietal_Inf_L	Parietal_Inf_R	SupraMarginal_L	SupraMarginal_R	Angular_L	Angular_R	Precuneus_L	Precuneus_R	Paracentral_Lobule_L	Paracentral_Lobule_R	Caudate_L	Caudate_R	Putamen_L	Putamen_R	Pallidum_L	Pallidum_R	Thalamus_L	Thalamus_R	Heschl_L	Heschl_R	Temporal_Sup_L	Temporal_Sup_R	Temporal_Pole_Sup_L	Temporal_Pole_Sup_R	Temporal_Mid_L	Temporal_Mid_R	Temporal_Pole_Mid_L	Temporal_Pole_Mid_R	Temporal_Inf_L	Temporal_Inf_R	Cerebelum_Crus1_L	Cerebelum_Crus1_R	Cerebelum_Crus2_L	Cerebelum_Crus2_R	Cerebelum_3_L	Cerebelum_3_R	Cerebelum_4_5_L	Cerebelum_4_5_R	Cerebelum_6_L	Cerebelum_6_R	Cerebelum_7b_L	Cerebelum_7b_R	Cerebelum_8_L	Cerebelum_8_R	Cerebelum_9_L	Cerebelum_9_R	Cerebelum_10_L	Cerebelum_10_R	Vermis_1_2	Vermis_3	Vermis_4_5	Vermis_6	Vermis_7	Vermis_8	Vermis_9	Vermis_10	
524732	Precentral_L	0	5886	17984	2544	0	0	16384	1788	0	0	11218	0	1404	0	0	0	11714	96	4630	3530	0	0	472	0	0	0	0	0	16460	1010	1134	200	184	1236	7064	7478	13412	5784	1128	310	0	0	506	0	356	0	218	102	404	0	902	0	172	0	820	154	36880	1268	1824	0	6692	0	4470	106	150	0	1388	730	13854	1482	6068	4082	9308	98	1976	0	12934	9228	6716	282	3944	152	316	0	680	0	0	0	660	0	0	0	0	0	0	0	0	0	0	0	0	0	0	0	0	0	0	0	0	0	394	0	0	0	0	0	
411288	Precentral_R	5886	0	1420	25184	0	146	782	24332	0	0	134	12674	80	136	0	0	0	2874	3542	7300	0	0	1488	1856	0	124	0	0	646	3114	2404	2194	910	2318	4140	5382	3488	7404	262	1148	0	0	0	126	0	282	0	142	0	266	0	132	0	170	68	2026	1146	15788	104	64	330	136	132	732	0	98	70	914	8902	8116	6136	6524	1566	3446	0	422	2882	20580	836	290	220	416	0	0	0	536	0	0	0	334	0	104	0	0	0	0	0	124	0	116	0	0	0	0	0	0	0	0	0	0	0	0	0	0	0	0	
736696	Frontal_Sup_L	17984	1420	0	5666	5924	150	63810	2564	4834	0	13800	182	24050	314	8764	66	3734	114	46934	6186	0	0	40656	4726	374	222	0	0	44362	92	18904	3246	2008	2726	0	0	2680	0	96	0	68	0	0	0	0	0	0	0	0	0	0	0	0	0	718	0	5134	74	220	0	1622	0	842	0	0	0	0	0	2942	0	8652	414	15654	228	922	0	102	0	462	0	1758	0	1344	0	104	0	0	0	258	0	0	0	0	0	0	0	98	0	144	0	0	0	0	0	0	0	0	0	0	0	0	0	0	0	0	0	
790168	Frontal_Sup_R	2544	25184	5666	0	0	10890	2020	42052	0	708	240	7432	490	14274	0	6992	0	2244	7172	47960	666	682	16728	45848	0	5766	0	896	2056	11642	9696	36466	1234	17196	1404	1434	1398	3366	136	688	0	0	0	0	0	198	0	66	0	218	0	0	0	0	0	556	476	888	78	74	402	64	194	242	0	0	0	316	3150	76	6338	14548	4216	17390	158	1754	780	7672	626	232	198	424	0	0	0	172	0	0	0	70	0	98	0	0	0	0	0	132	0	108	0	0	0	0	0	0	0	0	0	0	0	0	0	0	0	0	
136376	Frontal_Sup_Orb_L	0	0	5924	0	0	264	1540	0	13224	0	0	0	2296	0	12740	0	0	0	68	0	2244	110	3422	142	4666	354	4220	112	8930	0	3792	0	0	0	0	0	96	0	164	0	452	0	0	0	0	0	0	0	0	0	0	0	0	0	0	0	0	0	0	0	0	0	0	0	0	0	0	0	0	0	364	0	2450	0	0	0	0	0	0	0	0	0	614	0	0	0	0	0	0	0	0	0	0	0	0	0	0	0	0	0	0	0	0	0	0	0	0	0	0	0	0	0	0	0	0	0	
183352	Frontal_Sup_Orb_R	0	146	150	10890	264	0	0	798	0	3076	0	400	0	1768	72	6002	0	0	284	1198	2894	4730	1174	9556	734	11870	500	11926	0	2088	1574	6588	0	958	0	0	0	0	0	0	0	0	0	0	0	0	0	0	0	0	0	0	0	0	0	0	0	0	0	0	0	0	0	0	0	0	0	0	0	0	3528	3190	2160	3158	0	0	0	0	0	0	0	0	0	0	0	0	0	0	0	0	0	0	0	0	0	0	0	0	0	0	0	0	0	0	0	0	0	0	0	0	0	0	0	0	0	0	
426092	Frontal_Mid_L	16384	782	63810	2020	1540	0	0	1072	2728	0	11210	0	32142	190	6612	136	2054	0	12726	1538	0	0	14806	1146	0	0	0	0	20442	0	8116	1206	1650	2046	0	0	994	0	0	0	0	0	0	0	0	0	0	0	0	0	0	0	0	0	0	0	1776	0	70	0	242	0	132	0	0	0	0	0	316	0	1704	0	1728	0	182	0	228	0	216	0	716	0	386	0	0	0	0	0	0	0	0	0	0	0	0	0	0	0	0	0	0	0	0	0	0	0	0	0	0	0	0	0	0	0	0	0	
319400	Frontal_Mid_R	1788	24332	2564	42052	0	798	1072	0	0	730	158	10682	124	10720	0	2314	0	1734	2910	7478	0	0	4092	8668	0	514	0	0	442	2570	3332	6450	422	2914	68	68	90	634	0	78	0	0	0	0	0	0	0	0	0	0	0	0	0	0	0	0	200	736	0	0	0	0	0	0	0	0	0	0	864	0	6740	4180	2136	3226	0	828	114	792	0	86	0	0	0	0	0	0	0	0	0	0	0	0	0	0	0	0	0	0	0	0	0	0	0	0	0	0	0	0	0	0	0	0	0	0	0	0	
100116	Frontal_Mid_Orb_L	0	0	4834	0	13224	0	2728	0	0	0	196	0	2620	0	14344	0	0	0	164	0	502	0	898	0	216	0	1740	0	5484	0	348	0	0	0	0	0	92	0	98	0	310	0	0	0	0	0	0	0	0	0	0	0	0	0	0	0	0	0	0	0	0	0	0	0	0	0	0	0	0	0	102	0	994	0	0	0	0	0	0	0	0	0	1164	0	0	0	0	0	0	0	0	0	0	0	0	0	0	0	0	0	0	0	0	0	0	0	0	0	0	0	0	0	0	0	0	0	
43600	Frontal_Mid_Orb_R	0	0	0	708	0	3076	0	730	0	0	0	0	0	538	0	9594	0	0	0	0	0	1106	0	0	0	0	0	1232	0	3278	0	0	0	0	0	0	0	0	0	0	0	536	0	0	0	0	0	0	0	0	0	0	0	0	0	0	0	0	0	0	0	0	0	0	0	0	0	0	0	0	0	164	0	838	0	0	0	0	0	0	0	0	0	0	0	0	0	0	0	0	0	0	0	0	0	0	0	0	0	0	0	0	0	0	0	0	0	0	0	0	0	0	0	0	0	0	
248520	Frontal_Inf_Oper_L	11218	134	13800	240	0	0	11210	158	196	0	0	0	15650	0	1142	0	9600	0	10450	298	0	0	3724	96	0	0	0	0	21116	0	9194	186	88	156	0	0	1006	0	66	0	0	0	0	0	0	0	0	0	0	0	0	0	0	0	276	0	4986	0	0	0	84	0	122	0	0	0	0	0	0	0	522	0	2766	0	92	0	0	0	580	0	2006	0	3098	0	0	0	0	0	0	0	0	0	0	0	0	0	0	0	0	0	0	0	0	0	0	0	0	0	0	0	0	0	0	0	0	0	
132272	Frontal_Inf_Oper_R	0	12674	182	7432	0	400	0	10682	0	0	0	0	0	6292	0	184	0	2658	508	4552	0	0	670	2744	0	192	0	0	0	4934	810	2782	0	758	0	0	0	298	0	0	0	0	0	0	0	0	0	0	0	0	0	0	0	0	0	0	0	1548	0	0	0	0	0	0	0	0	0	0	0	0	2278	692	254	2338	0	110	0	164	0	0	0	0	0	0	0	0	0	0	0	0	0	0	0	0	0	0	0	0	0	0	0	0	0	0	0	0	0	0	0	0	0	0	0	0	0	0	
285584	Frontal_Inf_Tri_L	1404	80	24050	490	2296	0	32142	124	2620	0	15650	0	0	78	10300	0	714	0	3916	80	342	0	6514	458	0	0	0	0	28044	0	8998	586	1074	664	0	0	186	0	96	0	118	0	0	0	0	0	0	0	0	0	0	0	0	0	0	0	250	0	0	0	0	0	0	0	0	0	0	0	0	0	310	0	350	0	0	0	0	0	0	0	172	0	686	0	0	0	0	0	0	0	0	0	0	0	0	0	0	0	0	0	0	0	0	0	0	0	0	0	0	0	0	0	0	0	0	0	
147972	Frontal_Inf_Tri_R	0	136	314	14274	0	1768	190	10720	0	538	0	6292	78	0	0	7620	0	350	1024	5254	0	0	1668	6900	0	330	0	0	72	4626	568	5754	626	4272	0	0	0	0	0	0	0	0	0	0	0	0	0	0	0	0	0	0	0	0	0	0	0	0	0	0	0	0	0	0	0	0	0	0	0	0	198	214	68	132	0	0	0	0	0	0	0	0	0	0	0	0	0	0	0	0	0	0	0	0	0	0	0	0	0	0	0	0	0	0	0	0	0	0	0	0	0	0	0	0	0	0	
170016	Frontal_Inf_Orb_L	0	0	8764	0	12740	72	6612	0	14344	0	1142	0	10300	0	0	0	0	0	892	0	3138	84	1384	0	86	0	964	84	15740	0	680	0	66	0	0	0	332	0	572	0	948	0	0	0	0	0	0	0	0	0	0	0	0	0	66	0	0	0	0	0	0	0	0	0	0	0	0	0	0	0	406	0	2972	0	0	0	0	0	0	0	0	0	2620	0	0	0	0	0	0	0	0	0	0	0	0	0	0	0	0	0	0	0	0	0	0	0	0	0	0	0	0	0	0	0	0	0	
120668	Frontal_Inf_Orb_R	0	0	66	6992	0	6002	136	2314	0	9594	0	184	0	7620	0	0	0	0	108	1368	174	2480	816	2422	0	134	0	2230	0	7634	362	3478	522	2262	0	0	0	0	0	76	0	606	0	0	0	0	0	0	0	0	0	0	0	0	0	0	0	0	0	0	0	0	0	0	0	0	0	0	0	0	228	1120	116	1214	0	0	0	0	0	0	0	0	0	76	0	0	0	0	0	0	0	0	0	0	0	0	0	0	0	0	0	0	0	0	0	0	0	0	0	0	0	0	0	0	0	0	
203496	Rolandic_Oper_L	11714	0	3734	0	0	0	2054	0	0	0	9600	0	714	0	0	0	0	0	2834	66	0	0	108	0	0	0	0	0	16812	0	1240	0	0	0	0	0	582	0	0	0	0	0	220	0	170	0	72	0	0	0	3816	0	504	0	348	0	13158	0	2380	0	1854	0	3330	0	1034	0	1066	0	0	0	94	0	958	0	190	0	0	0	5486	0	9950	0	3128	0	3806	0	0	0	726	0	0	0	0	0	0	0	0	0	0	0	0	0	0	0	0	0	0	0	0	0	0	0	0	0	0	0	
104560	Rolandic_Oper_R	96	2874	114	2244	0	0	0	1734	0	0	0	2658	0	350	0	0	0	0	290	1802	0	0	0	318	0	0	0	0	0	11726	0	0	0	170	100	260	82	902	0	190	0	0	0	0	0	132	0	0	0	120	0	0	0	0	0	154	0	7110	0	144	0	300	0	2500	0	0	0	340	0	0	304	652	94	4012	0	904	0	740	0	5940	0	2348	0	116	0	460	0	0	0	0	0	0	0	0	0	0	0	0	0	0	0	0	0	0	0	0	0	0	0	0	0	0	0	0	0	0	
495840	Supp_Motor_Area_L	4630	3542	46934	7172	68	284	12726	2910	164	0	10450	508	3916	1024	892	108	2834	290	0	30160	0	0	8828	4262	0	408	0	0	15532	514	12100	7120	10950	17884	944	486	596	78	0	0	0	0	0	0	320	98	0	0	0	0	0	0	0	0	0	0	350	696	0	0	0	0	0	70	0	0	702	614	11262	2292	7558	2358	10400	660	0	0	0	92	0	0	1074	0	1060	0	0	0	0	0	0	0	0	0	0	0	0	0	0	0	0	0	0	0	0	0	0	0	0	0	0	0	0	0	0	0	0	0	
572384	Supp_Motor_Area_R	3530	7300	6186	47960	0	1198	1538	7478	0	0	298	4552	80	5254	0	1368	66	1802	30160	0	0	0	1468	12656	0	1392	0	0	942	8350	3340	16080	6300	34856	1058	2482	368	1292	0	306	0	0	0	116	0	208	0	94	0	70	0	0	0	0	0	210	402	3010	0	0	360	82	204	184	0	0	862	1134	17538	8522	5100	16376	3516	14738	92	1652	290	996	182	232	0	288	0	0	0	74	0	0	0	0	0	0	0	0	0	0	0	0	0	0	0	0	0	0	0	0	0	0	0	0	0	0	0	0	0	0	
101224	Olfactory_L	0	0	0	666	2244	2894	0	0	502	0	0	0	342	0	3138	174	0	0	0	0	0	6076	146	840	112	1618	1952	3650	3408	0	2430	3484	0	0	0	0	554	0	858	0	940	0	0	0	0	0	0	0	0	0	0	0	0	0	116	0	0	0	0	0	0	0	0	0	0	0	0	0	0	0	6556	2438	4010	514	0	0	0	0	0	0	0	0	950	0	0	0	0	0	0	0	0	0	0	0	0	0	0	0	0	0	0	0	0	0	0	0	0	0	0	0	0	0	0	0	0	0	
103456	Olfactory_R	0	0	0	682	110	4730	0	0	0	1106	0	0	0	0	84	2480	0	0	0	0	6076	0	72	854	84	2098	1502	6352	0	2646	2018	3460	0	0	0	0	0	128	0	164	0	960	0	0	0	0	0	0	0	0	0	0	0	0	0	0	0	0	0	0	0	0	0	0	0	0	0	0	0	0	7318	4346	3702	660	0	0	0	0	0	0	0	0	0	96	0	0	0	0	0	0	0	0	0	0	0	0	0	0	0	0	0	0	0	0	0	0	0	0	0	0	0	0	0	0	0	0	
436380	Frontal_Sup_Medial_L	472	1488	40656	16728	3422	1174	14806	4092	898	0	3724	670	6514	1668	1384	816	108	0	8828	1468	146	72	0	23484	2760	1612	90	80	15726	202	26598	13840	2596	11286	0	0	104	0	0	0	0	0	0	0	0	0	0	0	0	0	0	0	0	0	0	0	0	0	0	0	0	0	0	0	0	0	0	0	0	0	4290	306	5596	120	0	0	0	0	0	0	180	0	186	0	0	0	0	0	0	0	0	0	0	0	0	0	0	0	0	0	0	0	0	0	0	0	0	0	0	0	0	0	0	0	0	0	
429860	Frontal_Sup_Medial_R	0	1856	4726	45848	142	9556	1146	8668	0	0	96	2744	458	6900	0	2422	0	318	4262	12656	840	854	23484	0	244	9798	0	1140	1292	2800	7512	34038	516	13930	0	0	0	0	0	0	0	0	0	0	0	0	0	0	0	0	0	0	0	0	0	0	0	0	0	0	0	0	0	0	0	0	0	0	0	0	2002	7334	1280	6068	0	0	0	0	0	0	0	0	0	0	0	0	0	0	0	0	0	0	0	0	0	0	0	0	0	0	0	0	0	0	0	0	0	0	0	0	0	0	0	0	0	0	
34988	Frontal_Med_Orb_L	0	0	374	0	4666	734	0	0	216	0	0	0	0	0	86	0	0	0	0	0	112	84	2760	244	0	1312	1110	186	104	0	4258	166	0	0	0	0	0	0	0	0	0	0	0	0	0	0	0	0	0	0	0	0	0	0	0	0	0	0	0	0	0	0	0	0	0	0	0	0	0	0	104	0	978	0	0	0	0	0	0	0	0	0	0	0	0	0	0	0	0	0	0	0	0	0	0	0	0	0	0	0	0	0	0	0	0	0	0	0	0	0	0	0	0	0	0	0	
142436	Frontal_Med_Orb_R	0	124	222	5766	354	11870	0	514	0	0	0	192	0	330	0	134	0	0	408	1392	1618	2098	1612	9798	1312	0	118	7830	0	198	3052	9244	0	732	0	0	0	0	0	0	0	0	0	0	0	0	0	0	0	0	0	0	0	0	0	0	0	0	0	0	0	0	0	0	0	0	0	0	0	0	1790	4282	1562	4666	0	0	0	0	0	0	0	0	0	0	0	0	0	0	0	0	0	0	0	0	0	0	0	0	0	0	0	0	0	0	0	0	0	0	0	0	0	0	0	0	0	0	
37424	Rectus_L	0	0	0	0	4220	500	0	0	1740	0	0	0	0	0	964	0	0	0	0	0	1952	1502	90	0	1110	118	0	716	456	0	2026	1032	0	0	0	0	0	0	0	0	0	0	0	0	0	0	0	0	0	0	0	0	0	0	0	0	0	0	0	0	0	0	0	0	0	0	0	0	0	0	1410	234	642	0	0	0	0	0	0	0	0	0	0	0	0	0	0	0	0	0	0	0	0	0	0	0	0	0	0	0	0	0	0	0	0	0	0	0	0	0	0	0	0	0	0	0	
106456	Rectus_R	0	0	0	896	112	11926	0	0	0	1232	0	0	0	0	84	2230	0	0	0	0	3650	6352	80	1140	186	7830	716	0	0	1066	942	3438	0	0	0	0	0	0	0	0	0	0	0	0	0	0	0	0	0	0	0	0	0	0	0	0	0	0	0	0	0	0	0	0	0	0	0	0	0	0	4194	3082	2666	1406	0	0	0	0	0	0	0	0	0	0	0	0	0	0	0	0	0	0	0	0	0	0	0	0	0	0	0	0	0	0	0	0	0	0	0	0	0	0	0	0	0	0	
664908	Insula_L	16460	646	44362	2056	8930	0	20442	442	5484	0	21116	0	28044	72	15740	0	16812	0	15532	942	3408	0	15726	1292	104	0	456	0	0	144	16924	1698	1276	1010	1350	1224	16864	1032	1966	0	3870	0	304	0	0	0	204	0	148	0	792	0	308	0	4350	0	5908	0	676	0	400	0	1746	0	180	0	702	182	230	0	1322	78	17618	0	72	0	862	460	10422	0	7898	0	6366	0	1754	0	72	0	3014	0	0	0	0	0	0	0	372	0	370	0	0	0	0	0	0	0	0	0	0	0	220	0	0	0	0	0	
292676	Insula_R	1010	3114	92	11642	0	2088	0	2570	0	3278	0	4934	0	4626	0	7634	0	11726	514	8350	0	2646	202	2800	0	198	0	1066	144	0	346	3860	0	380	1428	1462	1250	8948	174	3012	0	2998	0	98	0	1008	0	144	0	1086	0	784	0	74	0	3432	0	2658	0	94	0	238	0	1250	0	336	0	1342	78	96	216	1518	96	17736	0	392	840	4944	272	4430	72	6014	0	658	0	2702	0	0	0	1040	0	0	0	0	0	0	0	72	0	126	0	0	0	0	0	0	0	0	0	0	0	0	0	0	0	0	
440864	Cingulum_Ant_L	1134	2404	18904	9696	3792	1574	8116	3332	348	0	9194	810	8998	568	680	362	1240	0	12100	3340	2430	2018	26598	7512	4258	3052	2026	942	16924	346	0	20112	3796	4246	0	0	106	148	0	92	0	0	0	0	0	0	0	0	0	0	0	0	0	0	0	70	292	70	0	0	0	0	0	0	0	0	0	0	74	0	15010	5722	13548	3288	70	0	0	208	0	0	200	0	682	0	0	0	0	0	0	0	0	0	0	0	0	0	0	0	0	0	0	0	0	0	0	0	0	0	0	0	0	0	0	0	0	0	
517992	Cingulum_Ant_R	200	2194	3246	36466	0	6588	1206	6450	0	0	186	2782	586	5754	0	3478	0	0	7120	16080	3484	3460	13840	34038	166	9244	1032	3438	1698	3860	20112	0	5878	21324	564	204	0	0	0	0	0	0	0	0	0	0	0	0	0	0	0	0	0	0	0	0	0	0	0	0	0	0	0	0	0	0	0	0	0	0	5794	21782	3550	13192	0	0	0	0	0	0	0	0	0	0	0	0	0	0	0	0	0	0	0	0	0	0	0	0	0	0	0	0	0	0	0	0	0	0	0	0	0	0	0	0	0	0	
168148	Cingulum_Mid_L	184	910	2008	1234	0	0	1650	422	0	0	88	0	1074	626	66	522	0	0	10950	6300	0	0	2596	516	0	0	0	0	1276	0	3796	5878	0	17582	5536	1544	0	0	0	0	0	0	286	0	1300	596	0	0	436	216	568	216	0	0	0	0	164	810	602	0	102	0	0	0	0	0	5126	1992	4292	2214	184	0	146	0	0	0	0	0	0	0	0	0	0	0	66	0	0	0	0	0	0	0	0	0	0	0	0	0	0	0	0	0	0	0	0	0	0	0	0	0	0	0	0	0	0	0	
427856	Cingulum_Mid_R	1236	2318	2726	17196	0	958	2046	2914	0	0	156	758	664	4272	0	2262	0	170	17884	34856	0	0	11286	13930	0	732	0	0	1010	380	4246	21324	17582	0	2606	7202	0	156	0	116	0	0	0	432	72	1362	0	278	0	220	0	216	0	0	0	140	210	4366	0	0	0	0	0	0	0	0	1378	7264	12366	11786	874	1016	520	442	0	0	0	0	0	0	0	0	0	0	0	0	0	0	0	0	0	0	0	0	0	0	0	0	0	0	0	0	0	0	0	0	0	0	0	0	0	0	0	0	0	0	
258844	Cingulum_Post_L	7064	4140	0	1404	0	0	0	68	0	0	0	0	0	0	0	0	0	100	944	1058	0	0	0	0	0	0	0	0	1350	1428	0	564	5536	2606	0	21390	12198	9364	2928	426	0	0	3680	292	3088	436	1508	388	1054	0	438	0	164	0	572	178	6194	2028	80	0	670	0	0	150	358	0	9278	4106	5534	1024	0	90	68	158	0	0	3548	5392	3058	398	866	200	0	0	428	0	0	0	0	0	0	0	0	0	0	0	0	0	0	0	0	0	0	0	0	0	0	0	0	0	1428	0	0	0	0	0	
293296	Cingulum_Post_R	7478	5382	0	1434	0	0	0	68	0	0	0	0	0	0	0	0	0	260	486	2482	0	0	0	0	0	0	0	0	1224	1462	0	204	1544	7202	21390	0	10208	12040	1316	992	0	0	308	1936	160	1358	164	1986	76	200	360	152	0	114	246	1846	4280	7986	0	0	444	718	0	1606	354	0	1648	17402	4396	4760	0	108	72	146	0	0	5022	6726	2856	404	840	346	0	0	394	208	0	0	0	156	0	0	0	0	0	0	0	0	0	0	0	0	0	0	0	0	0	0	0	0	1698	0	0	0	0	0	
337576	Hippocampus_L	13412	3488	2680	1398	96	0	994	90	92	0	1006	0	186	0	332	0	582	82	596	368	554	0	104	0	0	0	0	0	16864	1250	106	0	0	0	12198	10208	0	8822	15104	302	7326	0	2028	0	0	0	5290	138	0	0	160	0	82	0	14906	136	748	230	122	0	138	0	86	0	66	0	4392	1860	378	0	332	100	7942	168	844	0	4248	4532	5558	350	3504	174	2372	0	966	0	80	0	6100	0	142	0	0	0	0	0	678	0	774	0	0	0	0	0	0	0	0	0	0	0	924	0	0	0	0	0	
347960	Hippocampus_R	5784	7404	0	3366	0	0	0	634	0	0	0	298	0	0	0	0	0	902	78	1292	0	128	0	0	0	0	0	0	1032	8948	148	0	0	156	9364	12040	8822	0	1048	25550	0	10312	0	908	0	350	162	3114	0	346	0	260	0	146	208	26338	154	1076	0	0	0	88	0	380	0	88	264	5652	832	642	260	274	278	9148	0	572	3806	8244	2294	554	694	1302	0	968	140	580	0	0	0	2918	0	868	0	0	0	0	0	1314	0	944	0	0	0	0	0	0	0	0	0	0	508	0	0	0	0	0	
104924	ParaHippocampal_L	1128	262	96	136	164	0	0	0	98	0	66	0	96	0	572	0	0	0	0	0	858	0	0	0	0	0	0	0	1966	174	0	0	0	0	2928	1316	15104	1048	0	64	1940	0	1890	0	0	0	5082	0	0	0	0	0	146	0	7090	0	0	96	0	0	0	0	0	0	0	0	3430	514	0	0	0	0	784	0	0	0	486	546	68	0	418	0	1380	0	82	0	308	0	976	0	0	0	0	0	0	0	742	0	258	0	0	0	0	0	0	0	0	0	0	0	150	0	0	0	0	0	
163244	ParaHippocampal_R	310	1148	0	688	0	0	0	78	0	0	0	0	0	0	0	76	0	190	0	306	0	164	0	0	0	0	0	0	0	3012	92	0	0	116	426	992	302	25550	64	0	0	6860	0	622	0	0	0	2826	0	0	0	0	0	100	0	21622	0	508	0	0	0	0	0	92	0	0	0	1602	140	460	130	0	128	3068	0	474	288	1450	0	0	0	528	0	1228	0	236	0	302	0	1658	0	688	0	0	0	0	0	1938	0	1160	0	0	0	0	0	0	0	0	0	0	0	0	0	0	0	0	
46328	Amygdala_L	0	0	68	0	452	0	0	0	310	0	0	0	118	0	948	0	0	0	0	0	940	0	0	0	0	0	0	0	3870	0	0	0	0	0	0	0	7326	0	1940	0	0	0	0	0	0	0	0	0	0	0	0	0	0	0	3164	0	0	0	0	0	0	0	0	0	0	0	0	0	0	0	0	0	192	0	0	0	0	0	0	0	426	0	1610	0	346	0	90	0	1364	0	0	0	0	0	0	0	0	0	0	0	0	0	0	0	0	0	0	0	0	0	0	0	0	0	0	0	
63176	Amygdala_R	0	0	0	0	0	0	0	0	0	536	0	0	0	0	0	606	0	0	0	0	0	960	0	0	0	0	0	0	0	2998	0	0	0	0	0	0	0	10312	0	6860	0	0	0	0	0	0	0	0	0	0	0	0	0	0	0	5748	0	0	0	0	0	0	0	0	0	0	0	0	0	0	0	0	0	1930	0	0	0	0	0	0	0	0	0	1444	0	0	0	0	0	194	0	0	0	0	0	0	0	0	0	0	0	0	0	0	0	0	0	0	0	0	0	0	0	0	0	0	
277500	Calcarine_L	506	0	0	0	0	0	0	0	0	0	0	0	0	0	0	0	220	0	0	0	0	0	0	0	0	0	0	0	304	0	0	0	286	0	3680	308	2028	0	1890	0	0	0	0	9836	23404	7122	12704	3164	15620	2130	19262	532	5462	92	1792	0	2378	122	818	0	634	0	0	0	666	0	18030	196	866	0	0	0	0	0	0	0	68	0	214	0	162	0	0	0	3066	0	0	0	314	0	0	0	0	0	0	0	0	0	378	0	0	0	0	0	0	0	0	0	0	0	242	254	0	0	0	0	
331204	Calcarine_R	0	126	0	0	0	0	0	0	0	0	0	0	0	0	0	0	0	0	0	116	0	0	0	0	0	0	0	0	0	98	0	0	0	432	292	1936	0	908	0	622	0	0	9836	0	6758	27294	2588	24996	460	19290	308	18024	64	8320	0	6186	88	2790	0	1072	0	338	0	96	0	506	860	21516	142	1714	0	0	0	0	0	0	0	0	0	0	0	164	0	0	0	3378	0	0	0	2690	76	114	0	0	0	0	86	106	218	400	0	0	0	0	70	0	0	0	0	0	328	196	0	0	0	0	
229596	Cuneus_L	356	0	0	0	0	0	0	0	0	0	0	0	0	0	0	0	170	0	320	0	0	0	0	0	0	0	0	0	0	0	0	0	1300	72	3088	160	0	0	0	0	0	0	23404	6758	0	9470	1540	260	20936	2820	12430	616	2138	380	370	0	1234	110	1982	180	462	0	0	0	480	0	18716	1066	1408	104	0	0	0	0	0	0	0	0	0	0	140	0	0	0	2140	0	0	0	188	0	0	0	0	0	0	0	0	0	0	0	0	0	0	0	0	0	0	0	0	0	0	0	0	0	0	0	
461560	Cuneus_R	0	282	0	198	0	0	0	0	0	0	0	0	0	0	0	0	0	132	98	208	0	0	0	0	0	0	0	0	0	1008	0	0	596	1362	436	1358	0	350	0	0	0	0	7122	27294	9470	0	224	2970	984	54520	0	28814	0	790	0	750	0	4996	0	8974	0	4854	0	462	0	5904	4330	41054	196	4582	0	0	0	0	0	0	0	534	0	248	0	3208	0	0	0	9752	0	0	0	2634	0	0	0	0	0	0	0	0	0	0	0	0	0	0	0	0	0	0	0	0	86	0	0	0	0	0	
333100	Lingual_L	218	0	0	0	0	0	0	0	0	0	0	0	0	0	0	0	72	0	0	0	0	0	0	0	0	0	0	0	204	0	0	0	0	0	1508	164	5290	162	5082	0	0	0	12704	2588	1540	224	0	5386	1952	450	14562	244	12348	186	18864	1336	280	0	0	0	0	0	0	0	66	0	5862	158	0	0	0	0	0	0	0	0	106	0	88	0	0	0	0	0	1058	0	0	0	274	0	10928	2148	1168	110	96	0	15186	1270	23150	3466	202	0	736	112	236	166	0	0	256	348	5214	5924	2564	78	80	136	
333764	Lingual_R	102	142	0	66	0	0	0	0	0	0	0	0	0	0	0	0	0	0	0	94	0	0	0	0	0	0	0	0	0	144	0	0	0	278	388	1986	138	3114	0	2826	0	0	3164	24996	260	2970	5386	0	0	4672	364	6044	382	6294	760	21770	118	1350	0	166	0	208	0	0	0	198	188	11378	134	1448	0	0	0	0	0	0	0	324	66	0	0	130	0	0	0	536	0	0	0	1308	3230	6524	458	130	126	0	3988	9266	7416	12116	0	0	562	0	1764	0	0	0	0	138	7690	7760	1734	0	0	88	
197916	Occipital_Sup_L	404	0	0	0	0	0	0	0	0	0	0	0	0	0	0	0	0	0	0	0	0	0	0	0	0	0	0	0	148	0	0	0	436	0	1054	76	0	0	0	0	0	0	15620	460	20936	984	1952	0	0	340	28044	0	3552	0	116	0	1250	0	7160	0	1228	0	0	0	770	0	10896	0	0	0	0	0	0	0	0	0	0	0	0	0	148	0	0	0	3290	0	0	0	94	0	0	0	0	0	0	0	0	0	0	0	0	0	0	0	0	0	0	0	0	0	0	0	0	0	0	0	
469056	Occipital_Sup_R	0	266	0	218	0	0	0	0	0	0	0	0	0	0	0	0	0	120	0	70	0	0	0	0	0	0	0	0	0	1086	0	0	216	220	0	200	0	346	0	0	0	0	2130	19290	2820	54520	450	4672	340	0	0	41858	0	1224	0	1098	0	4578	0	11594	0	9648	0	1074	0	13692	1742	34522	88	3692	0	0	0	0	0	0	0	552	0	262	0	3886	0	0	0	14268	0	0	0	3786	0	0	0	0	0	0	0	0	0	0	0	0	0	0	0	0	0	0	0	0	0	0	0	0	0	0	
416664	Occipital_Mid_L	902	0	0	0	0	0	0	0	0	0	0	0	0	0	0	0	3816	0	0	0	0	0	0	0	0	0	0	0	792	0	0	0	568	0	438	360	160	0	0	0	0	0	19262	308	12430	0	14562	364	28044	0	0	0	24908	0	4372	0	9790	0	14206	0	11754	0	1116	0	14064	0	12092	0	112	0	0	0	0	0	0	0	0	0	86	0	2066	0	0	0	28000	0	0	0	1706	0	208	0	0	0	0	0	280	0	986	0	0	0	0	0	0	0	0	0	0	0	180	400	0	0	0	0	
353112	Occipital_Mid_R	0	132	0	0	0	0	0	0	0	0	0	0	0	0	0	0	0	0	0	0	0	0	0	0	0	0	0	0	0	784	0	0	216	216	0	152	0	260	0	0	0	0	532	18024	616	28814	244	6044	0	41858	0	0	0	4880	0	1794	0	3408	0	6344	0	3742	0	246	0	16510	624	19482	0	1812	0	0	0	0	0	0	0	420	0	100	0	2446	0	0	0	14426	0	0	0	2430	0	0	0	0	0	0	0	0	0	0	0	0	0	0	0	0	0	0	0	0	0	0	0	0	0	0	
184804	Occipital_Inf_L	172	0	0	0	0	0	0	0	0	0	0	0	0	0	0	0	504	0	0	0	0	0	0	0	0	0	0	0	308	0	0	0	0	0	164	0	82	0	146	0	0	0	5462	64	2138	0	12348	382	3552	0	24908	0	0	0	10570	0	3820	0	630	0	916	0	844	0	802	0	1814	0	66	0	0	0	0	0	0	0	0	0	166	0	326	0	0	0	11560	0	0	0	3344	0	734	176	0	0	0	0	1368	0	3402	304	0	0	0	0	0	0	0	0	0	0	144	938	248	0	0	0	
98860	Occipital_Inf_R	0	170	0	0	0	0	0	0	0	0	0	0	0	0	0	0	0	0	0	0	0	0	0	0	0	0	0	0	0	74	0	0	0	0	0	114	0	146	0	100	0	0	92	8320	380	790	186	6294	0	1224	0	4880	0	0	0	7050	0	660	0	112	0	1350	0	490	0	3154	0	1858	0	0	0	0	0	0	0	0	0	0	0	94	0	186	0	0	0	2908	0	0	0	4914	168	114	0	0	0	0	376	342	616	800	0	0	0	0	344	0	0	0	0	0	448	540	136	0	0	0	
357308	Fusiform_L	820	68	718	0	0	0	0	0	0	0	276	0	0	0	66	0	348	0	0	0	116	0	0	0	0	0	0	0	4350	0	0	0	0	0	572	246	14906	208	7090	0	3164	0	1792	0	370	0	18864	760	116	0	4372	0	10570	0	0	220	760	0	176	0	432	0	472	0	526	0	1688	0	0	0	0	0	2100	0	0	0	106	132	774	0	4532	0	1010	0	3664	0	1020	0	17880	0	19930	814	2168	0	102	0	12722	332	28674	1146	554	0	2736	0	282	0	0	0	0	0	1570	1548	792	0	0	0	
388048	Fusiform_R	154	2026	0	556	0	0	0	0	0	0	0	0	0	0	0	0	0	154	0	210	0	0	0	0	0	0	0	0	0	3432	70	0	0	140	178	1846	136	26338	0	21622	0	5748	0	6186	0	750	1336	21770	0	1098	0	1794	0	7050	220	0	0	2798	0	0	0	112	0	300	0	0	0	4212	264	1002	92	0	90	2992	0	428	114	1128	0	270	0	1630	0	2826	0	3394	0	1112	0	14514	1214	11650	220	204	88	0	2502	9154	3378	15340	0	0	276	248	1288	0	0	88	0	86	3618	3832	682	0	0	64	
404968	Postcentral_L	36880	1146	5134	476	0	0	1776	200	0	0	4986	0	250	0	0	0	13158	0	350	402	0	0	0	0	0	0	0	0	5908	0	292	0	164	210	6194	4280	748	154	0	0	0	0	2378	88	1234	0	280	118	1250	0	9790	0	3820	0	760	0	0	1672	17408	0	28136	0	8196	106	7274	0	6896	650	4718	328	3650	322	1694	0	670	0	888	334	3094	0	5738	0	0	0	7324	0	0	0	878	0	0	0	0	0	0	0	0	0	0	0	0	0	0	0	0	0	0	0	0	0	82	0	0	0	0	0	
280844	Postcentral_R	1268	15788	74	888	0	0	0	736	0	0	0	1548	0	0	0	0	0	7110	696	3010	0	0	0	0	0	0	0	0	0	2658	70	0	810	4366	2028	7986	230	1076	96	508	0	0	122	2790	110	4996	0	1350	0	4578	0	3408	0	660	0	2798	1672	0	0	6580	0	7142	0	9024	0	622	364	13502	7988	13686	226	452	134	1366	0	582	94	926	0	922	0	838	0	0	0	1712	0	0	0	832	0	0	0	0	0	0	0	0	0	0	0	0	0	0	0	0	0	0	0	0	0	0	0	0	0	0	
179452	Parietal_Sup_L	1824	104	220	78	0	0	70	0	0	0	0	0	0	0	0	0	2380	0	0	0	0	0	0	0	0	0	0	0	676	0	0	0	602	0	80	0	122	0	0	0	0	0	818	0	1982	0	0	0	7160	0	14206	0	630	0	176	0	17408	0	0	0	16908	0	846	0	6598	0	11630	0	230	0	250	142	0	0	0	0	148	92	64	0	1042	0	0	0	2940	0	0	0	300	0	0	0	0	0	0	0	0	0	0	0	0	0	0	0	0	0	0	0	0	0	0	0	0	0	0	0	
126880	Parietal_Sup_R	0	64	0	74	0	0	0	0	0	0	0	0	0	0	0	0	0	144	0	0	0	0	0	0	0	0	0	0	0	94	0	0	0	0	0	0	0	0	0	0	0	0	0	1072	180	8974	0	166	0	11594	0	6344	0	112	0	0	0	6580	0	0	0	7314	0	940	0	6432	252	11530	0	334	0	0	0	0	0	0	0	0	0	0	0	308	0	0	0	858	0	0	0	74	0	0	0	0	0	0	0	0	0	0	0	0	0	0	0	0	0	0	0	0	0	0	0	0	0	0	
265940	Parietal_Inf_L	6692	330	1622	402	0	0	242	0	0	0	84	0	0	0	0	0	1854	0	0	360	0	0	0	0	0	0	0	0	400	0	0	0	102	0	670	444	138	0	0	0	0	0	634	0	462	0	0	0	1228	0	11754	0	916	0	432	0	28136	0	16908	0	0	0	12080	0	23806	0	2254	138	506	0	428	290	272	0	0	0	778	158	206	0	1834	0	0	0	13190	0	0	0	3220	0	0	0	0	0	0	0	0	0	0	0	0	0	0	0	0	0	0	0	0	0	0	0	0	0	0	0	
147132	Parietal_Inf_R	0	136	0	64	0	0	0	0	0	0	0	0	0	0	0	0	0	300	0	82	0	0	0	0	0	0	0	0	0	238	0	0	0	0	0	718	0	88	0	0	0	0	0	338	0	4854	0	208	0	9648	0	3742	0	1350	0	112	0	7142	0	7314	0	0	0	9892	0	14714	0	5458	82	1084	0	0	0	0	0	0	0	84	0	0	0	676	0	0	0	4392	0	0	0	850	0	0	0	0	0	0	0	0	0	0	0	0	0	0	0	0	0	0	0	0	0	0	0	0	0	0	
110164	SupraMarginal_L	4470	132	842	194	0	0	132	0	0	0	122	0	0	0	0	0	3330	0	0	204	0	0	0	0	0	0	0	0	1746	0	0	0	0	0	0	0	86	0	0	0	0	0	0	0	0	0	0	0	0	0	1116	0	844	0	472	0	8196	0	846	0	12080	0	0	0	3992	0	132	0	368	0	310	0	232	0	0	0	442	0	470	0	5706	0	0	0	7590	0	0	0	1028	0	0	0	0	0	0	0	0	0	0	0	0	0	0	0	0	0	0	0	0	0	0	0	0	0	0	0	
95860	SupraMarginal_R	106	732	0	242	0	0	0	0	0	0	0	0	0	0	0	0	0	2500	70	184	0	0	0	0	0	0	0	0	0	1250	0	0	0	0	150	1606	0	380	0	92	0	0	0	96	0	462	0	0	0	1074	0	246	0	490	0	300	106	9024	0	940	0	9892	0	0	0	6484	0	1476	1044	202	0	102	0	70	0	76	0	664	0	200	0	4348	0	0	0	2778	0	0	0	544	0	0	0	0	0	0	0	0	0	0	0	0	0	0	0	0	0	0	0	0	0	0	0	0	0	0	
183224	Angular_L	150	0	0	0	0	0	0	0	0	0	0	0	0	0	0	0	1034	0	0	0	0	0	0	0	0	0	0	0	180	0	0	0	0	0	358	354	66	0	0	0	0	0	666	0	480	0	66	0	770	0	14064	0	802	0	526	0	7274	0	6598	0	23806	0	3992	0	0	0	1174	0	92	0	0	0	0	0	0	0	0	0	192	0	4506	0	0	0	20792	0	0	0	3670	0	0	0	0	0	0	0	0	0	0	0	0	0	0	0	0	0	0	0	0	0	0	0	0	0	0	0	
174812	Angular_R	0	98	0	0	0	0	0	0	0	0	0	0	0	0	0	0	0	0	0	0	0	0	0	0	0	0	0	0	0	336	0	0	0	0	0	0	0	88	0	0	0	0	0	506	0	5904	0	198	0	13692	0	16510	0	3154	0	0	0	622	0	6432	0	14714	0	6484	0	0	0	5636	0	994	0	0	0	0	0	0	0	122	0	0	0	2420	0	0	0	8578	0	0	0	918	0	0	0	0	0	0	0	0	0	0	0	0	0	0	0	0	0	0	0	0	0	0	0	0	0	0	
288472	Precuneus_L	1388	70	0	0	0	0	0	0	0	0	0	0	0	0	0	0	1066	0	702	862	0	0	0	0	0	0	0	0	702	0	0	0	5126	1378	9278	1648	4392	264	3430	0	0	0	18030	860	18716	4330	5862	188	10896	1742	12092	624	1814	0	1688	0	6896	364	11630	252	2254	0	132	0	1174	0	0	5166	3366	662	0	0	0	0	0	0	104	0	546	0	974	0	0	0	2664	0	0	0	290	0	0	0	0	0	0	0	64	0	0	0	0	0	0	0	0	0	0	0	0	0	550	0	0	0	0	0	
524788	Precuneus_R	730	914	0	316	0	0	0	0	0	0	0	0	0	0	0	0	0	340	614	1134	0	0	0	0	0	0	0	0	182	1342	0	0	1992	7264	4106	17402	1860	5652	514	1602	0	0	196	21516	1066	41054	158	11378	0	34522	0	19482	0	1858	0	4212	650	13502	0	11530	138	5458	0	1476	0	5636	5166	0	1396	11562	0	0	0	0	0	0	420	1022	584	276	176	4132	0	0	0	12596	0	0	0	3904	0	64	0	0	0	0	0	128	0	0	0	0	0	0	0	0	0	0	0	0	1172	0	0	0	0	0	
276448	Paracentral_Lobule_L	13854	8902	2942	3150	0	0	316	864	0	0	0	0	0	0	0	0	0	0	11262	17538	0	0	0	0	0	0	0	0	230	78	74	0	4292	12366	5534	4396	378	832	0	140	0	0	866	142	1408	196	0	134	0	88	112	0	66	0	0	264	4718	7988	230	0	506	82	368	1044	92	0	3366	1396	0	10884	2044	4464	1552	0	1646	0	1864	5198	118	0	0	0	0	0	240	0	0	0	0	0	0	0	0	0	0	0	0	0	0	0	0	0	0	0	0	0	0	0	0	0	0	0	0	0	0	0	
193796	Paracentral_Lobule_R	1482	8116	0	76	0	0	0	0	0	0	0	0	0	0	0	0	0	0	2292	8522	0	0	0	0	0	0	0	0	0	96	0	0	2214	11786	1024	4760	0	642	0	460	0	0	0	1714	104	4582	0	1448	0	3692	0	1812	0	0	0	1002	328	13686	0	334	0	1084	0	202	0	994	662	11562	10884	0	0	0	0	0	0	0	0	98	0	0	0	328	0	0	0	524	0	0	0	388	0	0	0	0	0	0	0	0	0	0	0	0	0	0	0	0	0	0	0	0	0	0	0	0	0	0	
344020	Caudate_L	6068	6136	8652	6338	364	3528	1704	6740	102	0	522	2278	310	198	406	228	94	304	7558	5100	6556	7318	4290	2002	104	1790	1410	4194	1322	216	15010	5794	184	874	0	0	332	260	0	130	0	0	0	0	0	0	0	0	0	0	0	0	0	0	0	92	3650	226	250	0	428	0	310	0	0	0	0	0	2044	0	0	12586	25754	4390	3490	326	8620	1268	94	0	66	0	0	0	0	0	0	0	0	0	0	0	0	0	0	0	0	0	0	0	0	0	0	0	0	0	0	0	0	0	0	0	0	0	0	0	
340720	Caudate_R	4082	6524	414	14548	0	3190	0	4180	0	164	0	692	0	214	0	1120	0	652	2358	16376	2438	4346	306	7334	0	4282	234	3082	78	1518	5722	21782	0	1016	90	108	100	274	0	0	0	0	0	0	0	0	0	0	0	0	0	0	0	0	0	0	322	452	142	0	290	0	0	102	0	0	0	0	4464	0	12586	0	4356	18238	72	2326	1538	18248	0	0	0	0	0	0	0	0	0	0	0	0	0	0	0	0	0	0	0	0	0	0	0	0	0	0	0	0	0	0	0	0	0	0	0	0	0	0	
354988	Putamen_L	9308	1566	15654	4216	2450	2160	1728	2136	994	0	2766	254	350	68	2972	116	958	94	10400	3516	4010	3702	5596	1280	978	1562	642	2666	17618	96	13548	3550	146	520	68	72	7942	278	784	128	192	0	0	0	0	0	0	0	0	0	0	0	0	0	2100	90	1694	134	0	0	272	0	232	0	0	0	0	0	1552	0	25754	4356	0	1820	5572	138	2622	460	880	0	894	0	294	0	0	0	0	0	956	0	0	0	0	0	0	0	196	0	394	0	0	0	0	0	0	0	0	0	0	0	0	0	0	0	0	0	
300108	Putamen_R	98	3446	228	17390	0	3158	0	3226	0	838	0	2338	0	132	0	1214	0	4012	660	14738	514	660	120	6068	0	4666	0	1406	0	17736	3288	13192	0	442	158	146	168	9148	0	3068	0	1930	0	0	0	0	0	0	0	0	0	0	0	0	0	2992	0	1366	0	0	0	0	0	70	0	0	0	0	0	0	4390	18238	1820	0	0	2896	90	2136	0	192	0	642	0	96	0	188	0	0	0	500	0	0	0	0	0	0	0	68	0	182	0	0	0	0	0	0	0	0	0	0	0	0	0	0	0	0	
37428	Pallidum_L	1976	0	922	158	0	0	182	0	0	0	92	0	0	0	0	0	190	0	0	92	0	0	0	0	0	0	0	0	72	0	70	0	0	0	0	0	844	0	0	0	0	0	0	0	0	0	0	0	0	0	0	0	0	0	0	0	670	0	0	0	0	0	0	0	0	0	0	0	1646	0	3490	72	5572	0	0	0	2364	0	170	0	132	0	0	0	0	0	0	0	0	0	0	0	0	0	0	0	0	0	0	0	0	0	0	0	0	0	0	0	0	0	0	0	0	0	0	0	
27948	Pallidum_R	0	422	0	1754	0	0	0	828	0	0	0	110	0	0	0	0	0	904	0	1652	0	0	0	0	0	0	0	0	0	392	0	0	0	0	0	0	0	572	0	474	0	0	0	0	0	0	0	0	0	0	0	0	0	0	0	428	0	582	0	0	0	0	0	76	0	0	0	0	0	0	326	2326	138	2896	0	0	0	0	0	0	0	0	0	0	0	0	0	0	0	0	0	0	0	0	0	0	0	94	0	0	0	0	0	0	0	0	0	0	0	0	0	0	0	0	0	0	
138440	Thalamus_L	12934	2882	102	780	0	0	228	114	0	0	0	0	0	0	0	0	0	0	0	290	0	0	0	0	0	0	0	0	862	840	0	0	0	0	3548	5022	4248	3806	486	288	0	0	68	0	0	0	106	0	0	0	0	0	0	0	106	114	888	94	148	0	778	0	442	0	0	0	104	420	1864	0	8620	1538	2622	90	2364	0	0	10914	958	288	102	162	0	0	0	0	0	0	0	0	0	0	0	0	0	0	0	0	0	0	0	0	0	0	0	0	0	0	0	0	0	0	0	0	0	0	
242948	Thalamus_R	9228	20580	0	7672	0	0	0	792	0	0	0	164	0	0	0	0	0	740	92	996	0	0	0	0	0	0	0	0	460	4944	208	0	0	0	5392	6726	4532	8244	546	1450	0	0	0	0	0	534	0	324	0	552	0	420	0	0	132	1128	334	926	92	0	158	84	0	664	0	122	0	1022	5198	98	1268	18248	460	2136	0	0	10914	0	1084	534	390	954	0	0	82	370	0	0	0	192	0	84	0	0	0	0	0	122	0	82	0	0	0	0	0	0	0	0	0	0	0	0	0	0	0	0	
116664	Heschl_L	6716	836	462	626	0	0	216	0	0	0	580	0	0	0	0	0	5486	0	0	182	0	0	0	0	0	0	0	0	10422	272	0	0	0	0	3058	2856	5558	2294	68	0	0	0	214	0	0	0	88	66	0	0	86	0	166	0	774	0	3094	0	64	0	206	0	470	0	192	0	546	584	118	0	94	0	880	0	170	0	958	1084	0	68	5610	0	0	0	1342	0	0	0	1274	0	0	0	0	0	0	0	0	0	0	0	0	0	0	0	0	0	0	0	0	0	552	0	0	0	0	0	
43356	Heschl_R	282	290	0	232	0	0	0	86	0	0	0	0	0	0	0	0	0	5940	0	232	0	0	0	0	0	0	0	0	0	4430	0	0	0	0	398	404	350	554	0	0	0	0	0	0	0	248	0	0	0	262	0	100	0	94	0	270	0	922	0	0	0	0	0	200	0	0	0	276	0	0	0	0	0	192	0	0	288	534	68	0	0	3880	0	0	0	954	0	0	0	192	0	0	0	0	0	0	0	0	0	0	0	0	0	0	0	0	0	0	0	0	0	0	0	0	0	0	
232584	Temporal_Sup_L	3944	220	1758	198	0	0	716	0	0	0	2006	0	172	0	0	0	9950	0	1074	0	0	0	180	0	0	0	0	0	7898	72	200	0	0	0	866	840	3504	694	418	0	426	0	162	0	140	0	0	0	148	0	2066	0	326	0	4532	0	5738	0	1042	0	1834	0	5706	0	4506	0	974	176	0	0	66	0	894	0	132	0	102	390	5610	0	0	0	5256	0	26498	0	572	0	13568	0	234	0	0	0	0	0	0	0	362	0	0	0	0	0	0	0	0	0	0	0	122	0	0	0	0	0	
114456	Temporal_Sup_R	152	416	0	424	0	0	0	0	0	0	0	0	0	0	0	0	0	2348	0	288	0	0	0	0	0	0	0	0	0	6014	0	0	0	0	200	346	174	1302	0	528	0	0	0	164	0	3208	0	130	0	3886	0	2446	0	186	0	1630	0	838	0	308	0	676	0	4348	0	2420	0	4132	0	328	0	0	0	642	0	0	162	954	0	3880	0	0	0	1916	0	10712	0	104	0	1966	0	0	0	0	0	0	0	0	0	0	0	0	0	0	0	0	0	0	0	0	0	0	0	0	0	0	
99348	Temporal_Pole_Sup_L	316	0	1344	0	614	0	386	0	1164	0	3098	0	686	0	2620	0	3128	0	1060	0	950	0	186	0	0	0	0	0	6366	0	682	0	0	0	0	0	2372	0	1380	0	1610	0	0	0	0	0	0	0	0	0	0	0	0	0	1010	0	0	0	0	0	0	0	0	0	0	0	0	0	0	0	0	0	294	0	0	0	0	0	0	0	5256	0	0	0	7360	0	4116	0	3590	0	0	0	0	0	0	0	0	0	86	0	0	0	0	0	0	0	0	0	0	0	0	0	0	0	0	0	
30880	Temporal_Pole_Sup_R	0	0	0	0	0	0	0	0	0	0	0	0	0	0	0	76	0	116	0	0	0	96	0	0	0	0	0	0	0	658	0	0	0	0	0	0	0	968	0	1228	0	1444	0	0	0	0	0	0	0	0	0	0	0	0	0	2826	0	0	0	0	0	0	0	0	0	0	0	0	0	0	0	0	0	96	0	0	0	0	0	0	0	1916	0	0	0	1714	0	2302	0	2000	0	0	0	0	0	0	0	0	0	0	0	0	0	0	0	0	0	0	0	0	0	0	0	0	0	0	
363164	Temporal_Mid_L	680	0	104	0	0	0	0	0	0	0	0	0	0	0	0	0	3806	0	0	0	0	0	0	0	0	0	0	0	1754	0	0	0	66	0	428	394	966	140	82	0	346	0	3066	0	2140	0	1058	0	3290	0	28000	0	11560	0	3664	0	7324	0	2940	0	13190	0	7590	0	20792	0	2664	0	240	0	0	0	0	0	0	0	0	82	1342	0	26498	0	7360	0	0	0	4050	0	25748	0	0	0	0	0	0	0	0	0	218	0	0	0	0	0	0	0	0	0	0	0	0	0	0	0	0	0	
235380	Temporal_Mid_R	0	536	0	172	0	0	0	0	0	0	0	0	0	0	0	0	0	460	0	74	0	0	0	0	0	0	0	0	0	2702	0	0	0	0	0	208	0	580	0	236	0	0	0	3378	0	9752	0	536	0	14268	0	14426	0	2908	0	3394	0	1712	0	858	0	4392	0	2778	0	8578	0	12596	0	524	0	0	0	188	0	0	0	370	0	954	0	10712	0	1714	0	0	0	508	0	18074	0	102	0	0	0	0	0	0	0	0	0	0	0	0	0	0	0	0	0	0	0	0	0	0	0	0	
26392	Temporal_Pole_Mid_L	0	0	0	0	0	0	0	0	0	0	0	0	0	0	0	0	0	0	0	0	0	0	0	0	0	0	0	0	72	0	0	0	0	0	0	0	80	0	308	0	90	0	0	0	0	0	0	0	0	0	0	0	0	0	1020	0	0	0	0	0	0	0	0	0	0	0	0	0	0	0	0	0	0	0	0	0	0	0	0	0	572	0	4116	0	4050	0	0	0	2888	0	0	0	0	0	0	0	0	0	0	0	0	0	0	0	0	0	0	0	0	0	0	0	0	0	0	0	
9980	Temporal_Pole_Mid_R	0	0	0	0	0	0	0	0	0	0	0	0	0	0	0	0	0	0	0	0	0	0	0	0	0	0	0	0	0	0	0	0	0	0	0	0	0	0	0	302	0	0	0	0	0	0	0	0	0	0	0	0	0	0	0	1112	0	0	0	0	0	0	0	0	0	0	0	0	0	0	0	0	0	0	0	0	0	0	0	0	0	104	0	2302	0	508	0	0	0	662	0	0	0	0	0	0	0	0	0	0	0	0	0	0	0	0	0	0	0	0	0	0	0	0	0	0	
203352	Temporal_Inf_L	660	0	258	0	0	0	0	0	0	0	0	0	0	0	0	0	726	0	0	0	0	0	0	0	0	0	0	0	3014	0	0	0	0	0	0	0	6100	0	976	0	1364	0	314	0	188	0	274	0	94	0	1706	0	3344	0	17880	0	878	0	300	0	3220	0	1028	0	3670	0	290	0	0	0	0	0	956	0	0	0	0	0	1274	0	13568	0	3590	0	25748	0	2888	0	0	0	3606	0	598	0	0	0	492	0	1368	0	532	0	772	0	0	0	0	0	0	0	0	0	0	0	0	0	
145180	Temporal_Inf_R	0	334	0	70	0	0	0	0	0	0	0	0	0	0	0	0	0	0	0	0	0	0	0	0	0	0	0	0	0	1040	0	0	0	0	0	156	0	2918	0	1658	0	194	0	2690	0	2634	0	1308	0	3786	0	2430	0	4914	0	14514	0	832	0	74	0	850	0	544	0	918	0	3904	0	388	0	0	0	500	0	0	0	192	0	192	0	1966	0	2000	0	18074	0	662	0	0	0	2240	0	114	0	0	0	0	0	100	0	0	0	292	0	0	0	102	0	0	0	0	0	0	0	0	
485488	Cerebelum_Crus1_L	0	0	0	0	0	0	0	0	0	0	0	0	0	0	0	0	0	0	0	0	0	0	0	0	0	0	0	0	0	0	0	0	0	0	0	0	142	0	0	0	0	0	0	76	0	0	10928	3230	0	0	208	0	734	168	19930	1214	0	0	0	0	0	0	0	0	0	0	0	0	0	0	0	0	0	0	0	0	0	0	0	0	234	0	0	0	0	0	0	0	3606	0	0	4088	33956	3620	696	776	26042	2772	51898	5086	11508	1068	27098	1800	3986	1558	182	206	518	1076	6548	5558	8144	1868	1608	614	
407140	Cerebelum_Crus1_R	0	104	0	98	0	0	0	0	0	0	0	0	0	0	0	0	0	0	0	0	0	0	0	0	0	0	0	0	0	0	0	0	0	0	0	0	0	868	0	688	0	0	0	114	0	0	2148	6524	0	0	0	0	176	114	814	11650	0	0	0	0	0	0	0	0	0	0	0	64	0	0	0	0	0	0	0	0	0	84	0	0	0	0	0	0	0	102	0	0	0	2240	4088	0	2340	26414	0	1184	3458	20942	5310	47048	192	1970	1342	24148	1206	3854	0	3882	140	828	7774	6270	9038	2802	1820	1732	
334676	Cerebelum_Crus2_L	0	0	0	0	0	0	0	0	0	0	0	0	0	0	0	0	0	0	0	0	0	0	0	0	0	0	0	0	0	0	0	0	0	0	0	0	0	0	0	0	0	0	0	0	0	0	1168	458	0	0	0	0	0	0	2168	220	0	0	0	0	0	0	0	0	0	0	0	0	0	0	0	0	0	0	0	0	0	0	0	0	0	0	0	0	0	0	0	0	598	0	33956	2340	0	12638	136	456	4226	844	8330	868	30138	6384	34240	1538	2644	1180	284	148	170	506	1822	1414	11692	5108	1328	336	
315912	Cerebelum_Crus2_R	0	0	0	0	0	0	0	0	0	0	0	0	0	0	0	0	0	0	0	0	0	0	0	0	0	0	0	0	0	0	0	0	0	0	0	0	0	0	0	0	0	0	0	0	0	0	110	130	0	0	0	0	0	0	0	204	0	0	0	0	0	0	0	0	0	0	0	0	0	0	0	0	0	0	0	0	0	0	0	0	0	0	0	0	0	0	0	0	0	114	3620	26414	12638	0	0	1348	1370	1608	1046	4624	3972	18586	3142	36408	942	7084	0	3348	180	862	1896	1022	14346	7764	4186	992	
35560	Cerebelum_3_L	0	0	0	0	0	0	0	0	0	0	0	0	0	0	0	0	0	0	0	0	0	0	0	0	0	0	0	0	0	0	0	0	0	0	0	0	0	0	0	0	0	0	0	0	0	0	96	126	0	0	0	0	0	0	102	88	0	0	0	0	0	0	0	0	0	0	0	0	0	0	0	0	0	0	0	0	0	0	0	0	0	0	0	0	0	0	0	0	0	0	696	0	136	0	0	80	6766	90	1590	78	206	0	742	122	1602	114	132	0	682	2144	1656	64	276	192	0	0	
63356	Cerebelum_3_R	0	0	0	0	0	0	0	0	0	0	0	0	0	0	0	0	0	0	0	0	0	0	0	0	0	0	0	0	0	0	0	0	0	0	0	0	0	0	0	0	0	0	0	0	0	0	0	0	0	0	0	0	0	0	0	0	0	0	0	0	0	0	0	0	0	0	0	0	0	0	0	0	0	0	0	0	0	0	0	0	0	0	0	0	0	0	0	0	0	0	776	1184	456	1348	80	0	1352	5058	378	2328	260	138	570	2028	344	3698	0	272	490	4280	2878	0	1224	1302	1234	0	
403900	Cerebelum_4_5_L	0	0	98	0	0	0	0	0	0	0	0	0	0	0	0	0	0	0	0	0	0	0	0	0	0	0	0	0	372	0	0	0	0	0	0	0	678	0	742	0	0	0	0	86	0	0	15186	3988	0	0	280	0	1368	376	12722	2502	0	0	0	0	0	0	0	0	0	0	64	0	0	0	0	0	196	0	0	0	0	0	0	0	0	0	0	0	0	0	0	0	492	0	26042	3458	4226	1370	6766	1352	0	6654	42278	5680	1892	316	10286	3042	8212	2648	156	218	1902	4374	19390	3598	3350	2904	1390	1296	
258304	Cerebelum_4_5_R	0	124	0	132	0	0	0	0	0	0	0	0	0	0	0	0	0	0	0	0	0	0	0	0	0	0	0	0	0	72	0	0	0	0	0	0	0	1314	0	1938	0	0	0	106	0	0	1270	9266	0	0	0	0	0	342	332	9154	0	0	0	0	0	0	0	0	0	0	0	128	0	0	0	0	0	68	0	94	0	122	0	0	0	0	0	0	0	0	0	0	0	0	2772	20942	844	1608	90	5058	6654	0	4380	29876	278	204	1966	3978	1552	2784	0	960	0	2142	13936	1674	954	980	932	126	
509356	Cerebelum_6_L	0	0	144	0	0	0	0	0	0	0	0	0	0	0	0	0	0	0	0	0	0	0	0	0	0	0	0	0	370	0	0	0	0	0	0	0	774	0	258	0	0	0	378	218	0	0	23150	7416	0	0	986	0	3402	616	28674	3378	0	0	0	0	0	0	0	0	0	0	0	0	0	0	0	0	394	0	0	0	0	0	0	0	362	0	86	0	218	0	0	0	1368	0	51898	5310	8330	1046	1590	378	42278	4380	0	8938	2684	324	12402	956	5396	764	248	110	554	932	13048	13128	5212	742	794	1044	
389660	Cerebelum_6_R	0	116	0	108	0	0	0	0	0	0	0	0	0	0	0	0	0	0	0	0	0	0	0	0	0	0	0	0	0	126	0	0	0	0	0	0	0	944	0	1160	0	0	0	400	0	0	3466	12116	0	0	0	0	304	800	1146	15340	0	0	0	0	0	0	0	0	0	0	0	0	0	0	0	0	0	182	0	0	0	82	0	0	0	0	0	0	0	0	0	0	0	100	5086	47048	868	4624	78	2328	5680	29876	8938	0	0	970	1432	9950	2284	2630	0	2316	160	1042	12000	9892	6358	1942	1430	1508	
218260	Cerebelum_7b_L	0	0	0	0	0	0	0	0	0	0	0	0	0	0	0	0	0	0	0	0	0	0	0	0	0	0	0	0	0	0	0	0	0	0	0	0	0	0	0	0	0	0	0	0	0	0	202	0	0	0	0	0	0	0	554	0	0	0	0	0	0	0	0	0	0	0	0	0	0	0	0	0	0	0	0	0	0	0	0	0	0	0	0	0	0	0	0	0	532	0	11508	192	30138	3972	206	260	1892	278	2684	0	0	2942	33482	1564	2864	476	264	0	0	224	296	118	5656	7692	968	166	
140860	Cerebelum_7b_R	0	0	0	0	0	0	0	0	0	0	0	0	0	0	0	0	0	0	0	0	0	0	0	0	0	0	0	0	0	0	0	0	0	0	0	0	0	0	0	0	0	0	0	0	0	0	0	0	0	0	0	0	0	0	0	0	0	0	0	0	0	0	0	0	0	0	0	0	0	0	0	0	0	0	0	0	0	0	0	0	0	0	0	0	0	0	0	0	0	0	1068	1970	6384	18586	0	138	316	204	324	970	2942	0	1908	18436	580	3976	0	156	70	206	298	238	6806	3664	940	250	
399424	Cerebelum_8_L	0	0	0	0	0	0	0	0	0	0	0	0	0	0	0	0	0	0	0	0	0	0	0	0	0	0	0	0	0	0	0	0	0	0	0	0	0	0	0	0	0	0	0	0	0	0	736	562	0	0	0	0	0	0	2736	276	0	0	0	0	0	0	0	0	0	0	0	0	0	0	0	0	0	0	0	0	0	0	0	0	0	0	0	0	0	0	0	0	772	0	27098	1342	34240	3142	742	570	10286	1966	12402	1432	33482	1908	0	5272	21710	2976	1878	96	436	996	4922	562	9008	13370	3814	980	
353224	Cerebelum_8_R	0	0	0	0	0	0	0	0	0	0	0	0	0	0	0	0	0	0	0	0	0	0	0	0	0	0	0	0	0	0	0	0	0	0	0	0	0	0	0	0	0	0	0	0	0	0	112	0	0	0	0	0	0	0	0	248	0	0	0	0	0	0	0	0	0	0	0	0	0	0	0	0	0	0	0	0	0	0	0	0	0	0	0	0	0	0	0	0	0	292	1800	24148	1538	36408	122	2028	3042	3978	956	9950	1564	18436	5272	0	3392	21314	82	6172	432	1710	4374	464	8388	12576	6292	1522	
191608	Cerebelum_9_L	0	0	0	0	0	0	0	0	0	0	0	0	0	0	0	0	0	0	0	0	0	0	0	0	0	0	0	0	0	0	0	0	0	0	0	0	0	0	0	0	0	0	0	70	0	0	236	1764	0	0	0	0	0	344	282	1288	0	0	0	0	0	0	0	0	0	0	0	0	0	0	0	0	0	0	0	0	0	0	0	0	0	0	0	0	0	0	0	0	0	0	3986	1206	2644	942	1602	344	8212	1552	5396	2284	2864	580	21710	3392	0	3922	3472	0	374	1222	5198	2800	5488	6672	4228	1730	
189480	Cerebelum_9_R	0	0	0	0	0	0	0	0	0	0	0	0	0	0	0	0	0	0	0	0	0	0	0	0	0	0	0	0	0	0	0	0	0	0	0	0	0	0	0	0	0	0	0	0	0	0	166	0	0	0	0	0	0	0	0	0	0	0	0	0	0	0	0	0	0	0	0	0	0	0	0	0	0	0	0	0	0	0	0	0	0	0	0	0	0	0	0	0	0	0	1558	3854	1180	7084	114	3698	2648	2784	764	2630	476	3976	2976	21314	3922	0	0	2002	1002	3362	4264	358	5122	8074	8754	2658	
14092	Cerebelum_10_L	0	0	0	0	0	0	0	0	0	0	0	0	0	0	0	0	0	0	0	0	0	0	0	0	0	0	0	0	0	0	0	0	0	0	0	0	0	0	0	0	0	0	0	0	0	0	0	0	0	0	0	0	0	0	0	0	0	0	0	0	0	0	0	0	0	0	0	0	0	0	0	0	0	0	0	0	0	0	0	0	0	0	0	0	0	0	0	0	0	0	182	0	284	0	132	0	156	0	248	0	264	0	1878	82	3472	0	0	0	0	0	0	0	182	166	0	0	
44008	Cerebelum_10_R	0	0	0	0	0	0	0	0	0	0	0	0	0	0	0	0	0	0	0	0	0	0	0	0	0	0	0	0	0	0	0	0	0	0	0	0	0	0	0	0	0	0	0	0	0	0	0	0	0	0	0	0	0	0	0	88	0	0	0	0	0	0	0	0	0	0	0	0	0	0	0	0	0	0	0	0	0	0	0	0	0	0	0	0	0	0	0	0	0	102	206	3882	148	3348	0	272	218	960	110	2316	0	156	96	6172	0	2002	0	0	0	198	566	0	204	474	486	0	
31216	Vermis_1_2	0	0	0	0	0	0	0	0	0	0	0	0	0	0	0	0	0	0	0	0	0	0	0	0	0	0	0	0	0	0	0	0	0	0	0	0	0	0	0	0	0	0	0	0	0	0	256	0	0	0	0	0	0	0	0	0	0	0	0	0	0	0	0	0	0	0	0	0	0	0	0	0	0	0	0	0	0	0	0	0	0	0	0	0	0	0	0	0	0	0	518	140	170	180	682	490	1902	0	554	160	0	70	436	432	374	1002	0	0	0	4538	2726	0	312	362	304	0	
79332	Vermis_3	0	0	0	0	0	0	0	0	0	0	0	0	0	0	0	0	0	0	0	0	0	0	0	0	0	0	0	0	0	0	0	0	0	0	0	0	0	0	0	0	0	0	0	0	0	0	348	138	0	0	0	0	0	0	0	86	0	0	0	0	0	0	0	0	0	0	0	0	0	0	0	0	0	0	0	0	0	0	0	0	0	0	0	0	0	0	0	0	0	0	1076	828	506	862	2144	4280	4374	2142	932	1042	224	206	996	1710	1222	3362	0	198	4538	0	5178	66	1116	1156	936	0	
