data	data	501472	494644	984292	595144	212636	129580	625056	304328	111960	87496	307024	266228	216348	177676	179524	154932	367732	125320	833220	727304	114028	132320	337728	445352	28012	102044	110396	141148	540424	334496	364476	702248	173888	691640	138296	213868	168020	201444	38128	141996	21348	35752	306960	332000	164272	285096	250428	282712	215640	270496	529620	272820	195880	113984	340000	304460	371944	395356	194824	185340	285448	189940	130152	222792	180260	184660	379788	448832	358040	407876	276028	473528	298860	270056	45096	34056	159428	149480	114408	28228	293000	120332	101892	35184	386528	249976	42472	8900	290848	273412	420380	346308	330328	280952	17384	49920	249548	186700	370204	357644	282080	140604	340692	256164	87516	107812	10164	13560	19996	44704	212796	159812	201232	130976	76800	22656	
data	data	Precentral_L	Precentral_R	Frontal_Sup_L	Frontal_Sup_R	Frontal_Sup_Orb_L	Frontal_Sup_Orb_R	Frontal_Mid_L	Frontal_Mid_R	Frontal_Mid_Orb_L	Frontal_Mid_Orb_R	Frontal_Inf_Oper_L	Frontal_Inf_Oper_R	Frontal_Inf_Tri_L	Frontal_Inf_Tri_R	Frontal_Inf_Orb_L	Frontal_Inf_Orb_R	Rolandic_Oper_L	Rolandic_Oper_R	Supp_Motor_Area_L	Supp_Motor_Area_R	Olfactory_L	Olfactory_R	Frontal_Sup_Medial_L	Frontal_Sup_Medial_R	Frontal_Med_Orb_L	Frontal_Med_Orb_R	Rectus_L	Rectus_R	Insula_L	Insula_R	Cingulum_Ant_L	Cingulum_Ant_R	Cingulum_Mid_L	Cingulum_Mid_R	Cingulum_Post_L	Cingulum_Post_R	Hippocampus_L	Hippocampus_R	ParaHippocampal_L	ParaHippocampal_R	Amygdala_L	Amygdala_R	Calcarine_L	Calcarine_R	Cuneus_L	Cuneus_R	Lingual_L	Lingual_R	Occipital_Sup_L	Occipital_Sup_R	Occipital_Mid_L	Occipital_Mid_R	Occipital_Inf_L	Occipital_Inf_R	Fusiform_L	Fusiform_R	Postcentral_L	Postcentral_R	Parietal_Sup_L	Parietal_Sup_R	Parietal_Inf_L	Parietal_Inf_R	SupraMarginal_L	SupraMarginal_R	Angular_L	Angular_R	Precuneus_L	Precuneus_R	Paracentral_Lobule_L	Paracentral_Lobule_R	Caudate_L	Caudate_R	Putamen_L	Putamen_R	Pallidum_L	Pallidum_R	Thalamus_L	Thalamus_R	Heschl_L	Heschl_R	Temporal_Sup_L	Temporal_Sup_R	Temporal_Pole_Sup_L	Temporal_Pole_Sup_R	Temporal_Mid_L	Temporal_Mid_R	Temporal_Pole_Mid_L	Temporal_Pole_Mid_R	Temporal_Inf_L	Temporal_Inf_R	Cerebelum_Crus1_L	Cerebelum_Crus1_R	Cerebelum_Crus2_L	Cerebelum_Crus2_R	Cerebelum_3_L	Cerebelum_3_R	Cerebelum_4_5_L	Cerebelum_4_5_R	Cerebelum_6_L	Cerebelum_6_R	Cerebelum_7b_L	Cerebelum_7b_R	Cerebelum_8_L	Cerebelum_8_R	Cerebelum_9_L	Cerebelum_9_R	Cerebelum_10_L	Cerebelum_10_R	Vermis_1_2	Vermis_3	Vermis_4_5	Vermis_6	Vermis_7	Vermis_8	Vermis_9	Vermis_10	
501472	Precentral_L	0	4140	17930	0	0	0	21460	0	0	0	21084	0	3154	0	0	0	18276	0	11330	4620	0	0	150	0	0	0	0	0	13150	0	978	316	104	3948	746	1962	6344	1440	0	234	0	0	0	0	0	0	0	0	0	0	172	0	0	0	0	0	31604	414	142	0	2622	0	2896	126	0	0	0	0	26014	5478	1980	1700	8704	0	3876	0	16972	2266	8552	0	5364	0	276	0	116	0	0	0	0	0	0	0	0	0	0	0	0	96	0	0	0	0	0	0	0	0	0	0	0	0	0	0	0	0	0	0	
494644	Precentral_R	4140	0	3232	2672	0	0	1974	7242	0	0	306	10078	0	0	0	0	166	2896	4426	22740	0	0	0	294	0	0	0	0	360	4456	0	720	252	18628	1860	3322	1040	5310	0	1040	0	0	0	798	0	454	0	400	0	220	120	0	0	224	0	1122	3432	31008	0	1324	262	1970	0	3550	0	162	354	5916	10844	33432	2970	18178	126	2316	0	590	4438	23004	0	122	0	452	0	198	0	242	0	0	0	1940	0	0	0	0	0	0	0	0	0	0	0	0	0	0	0	0	0	0	0	0	0	0	0	0	0	0	
984292	Frontal_Sup_L	17930	3232	0	4266	9592	0	92624	3838	4756	0	21834	1486	9972	94	3754	0	23984	100	93062	9018	120	96	44540	3128	782	124	288	0	39594	950	20114	5316	5180	2454	0	0	512	0	0	0	0	0	0	0	0	0	0	0	0	0	0	0	0	0	0	0	9058	1112	0	96	434	132	528	930	0	0	0	0	5814	664	10948	3586	21576	1310	2280	224	524	404	1786	0	4422	0	2992	0	252	0	0	0	334	0	0	0	0	0	0	0	0	0	0	0	0	0	0	0	0	0	0	0	0	0	0	0	0	0	0	0	
595144	Frontal_Sup_R	0	2672	4266	0	184	3610	2410	24430	0	4430	0	13650	0	6692	164	7578	0	2092	12032	43960	538	706	6860	40808	0	2638	410	1610	250	13378	5238	42790	1314	19666	0	0	0	224	0	0	0	0	0	0	0	0	0	0	0	0	0	0	0	0	0	0	0	240	0	0	0	0	0	136	0	0	0	0	0	0	1068	17134	164	10980	0	1512	0	1348	0	0	0	0	0	390	0	0	0	0	0	0	0	0	0	0	0	0	0	0	0	0	0	0	0	0	0	0	0	0	0	0	0	0	0	0	0	0	
212636	Frontal_Sup_Orb_L	0	0	9592	184	0	1332	2764	0	16394	188	0	0	3748	0	13750	330	0	0	628	0	4070	3574	2944	208	1692	292	9086	2670	9696	0	5678	1324	0	0	0	0	0	0	0	0	190	0	0	0	0	0	0	0	0	0	0	0	0	0	0	0	0	0	0	0	0	0	0	0	0	0	0	0	0	0	4826	1726	8428	522	0	0	0	0	0	0	0	0	482	0	0	0	0	0	0	0	0	0	0	0	0	0	0	0	0	0	0	0	0	0	0	0	0	0	0	0	0	0	0	0	0	0	
129580	Frontal_Sup_Orb_R	0	0	0	3610	1332	0	0	2760	136	5384	0	0	0	1002	984	4246	0	0	0	140	2974	4828	262	3994	314	6362	2214	10302	100	558	976	2930	0	0	0	0	0	0	0	0	0	0	0	0	0	0	0	0	0	0	0	0	0	0	0	0	0	0	0	0	0	0	0	0	0	0	0	0	0	0	3292	2506	672	2664	0	248	0	0	0	0	0	0	0	0	0	0	0	0	0	0	0	0	0	0	0	0	0	0	0	0	0	0	0	0	0	0	0	0	0	0	0	0	0	0	0	0	
625056	Frontal_Mid_L	21460	1974	92624	2410	2764	0	0	2820	4268	0	23110	838	30192	108	5424	0	9894	0	22550	1840	0	0	21426	1282	0	0	0	0	23602	612	8932	3522	3940	484	0	0	566	0	0	0	0	0	0	0	0	0	0	0	0	0	0	0	0	0	0	0	3394	366	0	0	606	0	948	292	0	0	0	0	222	440	3226	3582	6242	0	1082	0	1126	144	414	0	1728	0	2074	0	0	0	0	0	0	0	0	0	0	0	0	0	0	0	0	0	0	0	0	0	0	0	0	0	0	0	0	0	0	0	0	0	
304328	Frontal_Mid_R	0	7242	3838	24430	0	2760	2820	0	0	5056	0	14676	0	18898	0	11282	0	2148	3846	6176	0	0	232	7724	0	0	0	0	166	15840	1000	11444	584	4364	0	0	0	132	0	0	0	0	0	0	0	0	0	0	0	0	0	0	0	0	0	0	0	364	0	0	0	0	0	114	0	0	0	0	0	0	972	4120	0	1936	0	0	0	0	0	0	0	0	0	0	0	0	0	0	0	0	0	0	0	0	0	0	0	0	0	0	0	0	0	0	0	0	0	0	0	0	0	0	0	0	0	0	
111960	Frontal_Mid_Orb_L	0	0	4756	0	16394	136	4268	0	0	0	0	0	4002	0	11098	0	0	0	0	0	878	846	428	0	188	0	2704	690	5446	0	956	566	0	0	0	0	0	0	0	0	0	0	0	0	0	0	0	0	0	0	0	0	0	0	0	0	0	0	0	0	0	0	0	0	0	0	0	0	0	0	970	442	1084	128	0	0	0	0	0	0	0	0	0	0	0	0	0	0	0	0	0	0	0	0	0	0	0	0	0	0	0	0	0	0	0	0	0	0	0	0	0	0	0	0	0	0	
87496	Frontal_Mid_Orb_R	0	0	0	4430	188	5384	0	5056	0	0	0	788	0	2744	170	6942	0	0	124	304	498	716	0	3354	0	1228	410	1590	0	2498	414	3534	0	0	0	0	0	0	0	0	0	0	0	0	0	0	0	0	0	0	0	0	0	0	0	0	0	0	0	0	0	0	0	0	0	0	0	0	0	0	278	1176	0	1922	0	0	0	0	0	0	0	0	0	0	0	0	0	0	0	0	0	0	0	0	0	0	0	0	0	0	0	0	0	0	0	0	0	0	0	0	0	0	0	0	0	0	
307024	Frontal_Inf_Oper_L	21084	306	21834	0	0	0	23110	0	0	0	0	0	13792	0	704	0	19494	0	7696	434	0	0	1162	0	0	0	0	0	19326	0	4964	124	0	0	0	0	206	0	0	0	0	0	0	0	0	0	0	0	0	0	0	0	0	0	0	0	4654	0	0	0	0	0	0	0	0	0	0	0	266	300	730	366	2838	0	1432	0	138	154	170	0	4198	0	3854	0	176	0	0	0	0	0	0	0	0	0	0	0	0	0	0	0	0	0	0	0	0	0	0	0	0	0	0	0	0	0	0	0	
266228	Frontal_Inf_Oper_R	0	10078	1486	13650	0	0	838	14676	0	788	0	0	0	9244	0	2334	0	7636	3542	10670	0	0	128	2444	0	0	0	0	280	24324	3156	10340	262	2454	0	0	0	366	0	0	0	0	0	0	0	0	0	0	0	0	0	0	0	0	0	0	0	4858	0	122	0	270	0	1048	0	0	0	0	0	0	718	3040	0	2984	0	258	0	98	0	0	0	214	0	808	0	0	0	0	0	0	0	0	0	0	0	0	0	0	0	0	0	0	0	0	0	0	0	0	0	0	0	0	0	0	0	0	
216348	Frontal_Inf_Tri_L	3154	0	9972	0	3748	0	30192	0	4002	0	13792	0	0	0	11856	0	1756	0	2354	0	488	468	2814	0	0	0	486	408	16776	0	2100	364	806	0	0	0	0	0	0	0	0	0	0	0	0	0	0	0	0	0	0	0	0	0	0	0	104	0	0	0	0	0	0	0	0	0	0	0	0	0	582	310	906	0	0	0	0	0	0	0	256	0	480	0	0	0	0	0	0	0	0	0	0	0	0	0	0	0	0	0	0	0	0	0	0	0	0	0	0	0	0	0	0	0	0	0	
177676	Frontal_Inf_Tri_R	0	0	94	6692	0	1002	108	18898	0	2744	0	9244	0	0	0	10220	0	762	2546	3122	0	0	94	3780	0	0	0	0	0	10516	3382	11382	114	2928	0	0	0	0	0	0	0	0	0	0	0	0	0	0	0	0	0	0	0	0	0	0	0	0	0	0	0	0	0	0	0	0	0	0	0	0	0	740	0	470	0	0	0	0	0	0	0	0	0	0	0	0	0	0	0	0	0	0	0	0	0	0	0	0	0	0	0	0	0	0	0	0	0	0	0	0	0	0	0	0	0	0	
179524	Frontal_Inf_Orb_L	0	0	3754	164	13750	984	5424	0	11098	170	704	0	11856	0	0	256	146	0	558	0	3740	3040	1078	190	0	244	3734	2236	12176	0	848	1238	612	0	0	0	0	0	0	0	204	0	0	0	0	0	0	0	0	0	0	0	0	0	0	0	0	0	0	0	0	0	0	0	0	0	0	0	0	0	3846	1550	3718	466	0	0	0	0	0	0	0	0	1852	0	0	0	126	0	0	0	0	0	0	0	0	0	0	0	0	0	0	0	0	0	0	0	0	0	0	0	0	0	0	0	0	0	
154932	Frontal_Inf_Orb_R	0	0	0	7578	330	4246	0	11282	0	6942	0	2334	0	10220	256	0	0	112	1296	2342	486	2060	0	4298	0	210	376	2350	0	7420	178	5136	0	1486	0	0	0	0	0	0	0	0	0	0	0	0	0	0	0	0	0	0	0	0	0	0	0	0	0	0	0	0	0	0	0	0	0	0	0	0	524	2034	0	3482	0	150	0	94	0	0	0	0	0	244	0	0	0	0	0	0	0	0	0	0	0	0	0	0	0	0	0	0	0	0	0	0	0	0	0	0	0	0	0	0	0	0	
367732	Rolandic_Oper_L	18276	166	23984	0	0	0	9894	0	0	0	19494	0	1756	0	146	0	0	0	18116	286	0	0	386	0	0	0	0	0	26034	0	1504	0	0	0	418	0	442	0	0	0	0	0	560	0	0	0	0	0	0	0	2268	0	516	0	0	0	13952	0	1070	0	2738	0	3080	0	290	0	790	0	508	224	318	150	3214	0	1308	0	234	0	7032	0	15744	0	3060	0	3658	0	0	0	2138	0	112	0	0	0	0	0	0	0	0	0	0	0	0	0	0	0	0	0	0	0	0	0	0	0	0	0	
125320	Rolandic_Oper_R	0	2896	100	2092	0	0	0	2148	0	0	0	7636	0	762	0	112	0	0	916	8776	0	0	0	0	0	0	0	0	0	11228	0	1018	0	1218	118	108	0	1328	0	244	0	0	0	0	0	0	0	0	0	0	0	0	0	0	0	268	0	3672	0	150	0	264	0	3812	0	0	0	0	0	268	104	542	0	2406	0	314	0	0	0	2638	0	5010	0	1380	0	802	0	0	0	330	0	0	0	0	0	0	0	0	0	0	0	0	0	0	0	0	0	0	0	0	0	0	0	0	0	0	
833220	Supp_Motor_Area_L	11330	4426	93062	12032	628	0	22550	3846	0	124	7696	3542	2354	2546	558	1296	18116	916	0	43976	0	0	10904	2132	0	0	0	0	25158	2138	10680	14420	12216	32644	550	468	426	0	0	0	0	0	0	0	0	0	0	0	0	0	0	0	0	0	0	0	7982	458	0	0	100	110	470	402	0	0	0	0	18564	3936	9480	2628	20974	1748	1740	314	420	330	1706	0	3064	0	792	144	184	0	0	0	330	0	0	0	0	0	0	0	0	0	0	0	0	0	0	0	0	0	0	0	0	0	0	0	0	0	0	0	
727304	Supp_Motor_Area_R	4620	22740	9018	43960	0	140	1840	6176	0	304	434	10670	0	3122	0	2342	286	8776	43976	0	0	0	350	9456	0	0	0	0	408	10378	5636	22058	4570	54396	742	1552	0	714	0	190	0	0	110	0	0	0	0	0	0	0	114	0	0	0	0	276	276	2768	0	112	0	172	0	420	0	0	614	368	18168	25904	3054	22104	330	5840	166	1888	5862	3808	0	338	0	1210	0	896	0	0	0	0	0	0	0	0	0	0	0	0	0	0	0	0	0	0	0	0	0	0	0	0	0	0	0	0	0	0	0	0	
114028	Olfactory_L	0	0	120	538	4070	2974	0	0	878	498	0	0	488	0	3740	486	0	0	0	0	0	7776	0	438	224	506	5876	5526	1990	0	2578	2648	0	0	0	0	0	0	98	0	226	0	0	0	0	0	0	0	0	0	0	0	0	0	0	0	0	0	0	0	0	0	0	0	0	0	0	0	0	0	8358	3328	1986	1196	0	0	0	0	0	0	0	0	468	0	0	0	0	0	0	0	0	0	0	0	0	0	0	0	0	0	0	0	0	0	0	0	0	0	0	0	0	0	0	0	0	0	
132320	Olfactory_R	0	0	96	706	3574	4828	0	0	846	716	0	0	468	0	3040	2060	0	0	0	0	7776	0	0	762	94	810	5396	8378	726	1120	2154	3126	0	0	0	0	0	0	0	0	0	242	0	0	0	0	0	0	0	0	0	0	0	0	0	0	0	0	0	0	0	0	0	0	0	0	0	0	0	0	9226	5736	2094	2186	0	0	0	0	0	0	0	0	0	0	0	0	0	0	0	0	0	0	0	0	0	0	0	0	0	0	0	0	0	0	0	0	0	0	0	0	0	0	0	0	0	0	
337728	Frontal_Sup_Medial_L	150	0	44540	6860	2944	262	21426	232	428	0	1162	128	2814	94	1078	0	386	0	10904	350	0	0	0	21200	2424	1082	442	0	2260	0	16758	14226	5084	7862	0	0	0	0	0	0	0	0	0	0	0	0	0	0	0	0	0	0	0	0	0	0	0	0	0	0	0	0	0	0	0	0	0	0	0	0	492	692	2332	130	0	0	0	0	0	0	0	0	122	0	0	0	0	0	0	0	0	0	0	0	0	0	0	0	0	0	0	0	0	0	0	0	0	0	0	0	0	0	0	0	0	0	
445352	Frontal_Sup_Medial_R	0	294	3128	40808	208	3994	1282	7724	0	3354	0	2444	0	3780	190	4298	0	0	2132	9456	438	762	21200	0	606	7982	340	1626	218	5144	7854	47902	512	16308	0	0	0	0	0	0	0	0	0	0	0	0	0	0	0	0	0	0	0	0	0	0	0	174	0	0	0	0	0	130	0	0	0	0	0	0	730	15922	224	10218	0	990	0	304	0	0	0	0	0	0	0	0	0	0	0	0	0	0	0	0	0	0	0	0	0	0	0	0	0	0	0	0	0	0	0	0	0	0	0	0	0	0	
28012	Frontal_Med_Orb_L	0	0	782	0	1692	314	0	0	188	0	0	0	0	0	0	0	0	0	0	0	224	94	2424	606	0	1928	1112	428	0	0	2760	810	0	0	0	0	0	0	0	0	0	0	0	0	0	0	0	0	0	0	0	0	0	0	0	0	0	0	0	0	0	0	0	0	0	0	0	0	0	0	406	100	138	0	0	0	0	0	0	0	0	0	0	0	0	0	0	0	0	0	0	0	0	0	0	0	0	0	0	0	0	0	0	0	0	0	0	0	0	0	0	0	0	0	0	0	
102044	Frontal_Med_Orb_R	0	0	124	2638	292	6362	0	0	0	1228	0	0	0	0	244	210	0	0	0	0	506	810	1082	7982	1928	0	618	7624	0	0	2236	7122	0	0	0	0	0	0	0	0	0	0	0	0	0	0	0	0	0	0	0	0	0	0	0	0	0	0	0	0	0	0	0	0	0	0	0	0	0	0	462	4528	110	4916	0	0	0	0	0	0	0	0	0	0	0	0	0	0	0	0	0	0	0	0	0	0	0	0	0	0	0	0	0	0	0	0	0	0	0	0	0	0	0	0	0	0	
110396	Rectus_L	0	0	288	410	9086	2214	0	0	2704	410	0	0	486	0	3734	376	0	0	0	0	5876	5396	442	340	1112	618	0	4484	898	0	4340	2248	0	0	0	0	0	0	0	0	0	0	0	0	0	0	0	0	0	0	0	0	0	0	0	0	0	0	0	0	0	0	0	0	0	0	0	0	0	0	6196	2032	880	628	0	0	0	0	0	0	0	0	0	0	0	0	0	0	0	0	0	0	0	0	0	0	0	0	0	0	0	0	0	0	0	0	0	0	0	0	0	0	0	0	0	0	
141148	Rectus_R	0	0	0	1610	2670	10302	0	0	690	1590	0	0	408	0	2236	2350	0	0	0	0	5526	8378	0	1626	428	7624	4484	0	610	554	1948	4686	0	0	0	0	0	0	0	0	0	0	0	0	0	0	0	0	0	0	0	0	0	0	0	0	0	0	0	0	0	0	0	0	0	0	0	0	0	0	5450	3818	958	2518	0	110	0	0	0	0	0	0	0	0	0	0	0	0	0	0	0	0	0	0	0	0	0	0	0	0	0	0	0	0	0	0	0	0	0	0	0	0	0	0	0	0	
540424	Insula_L	13150	360	39594	250	9696	100	23602	166	5446	0	19326	280	16776	0	12176	0	26034	0	25158	408	1990	726	2260	218	0	0	898	610	0	144	3444	1216	1092	246	688	618	3746	236	684	148	1762	0	0	0	0	0	0	0	0	0	98	0	0	0	1178	0	3970	116	0	0	808	0	608	0	0	0	0	0	876	250	2362	1210	18130	134	660	0	1172	186	7468	0	8140	0	3706	0	2798	0	240	0	2854	0	0	0	0	0	0	0	0	0	0	0	0	0	0	0	0	0	0	0	0	0	0	0	0	0	0	0	
334496	Insula_R	0	4456	950	13378	0	558	612	15840	0	2498	0	24324	0	10516	0	7420	0	11228	2138	10378	0	1120	0	5144	0	0	0	554	144	0	604	7450	120	782	114	166	0	3494	0	1324	0	356	0	154	0	0	0	0	0	0	0	0	0	0	0	1380	0	2144	0	584	0	842	0	972	0	434	0	184	0	114	412	3408	0	15744	0	630	0	210	0	2126	0	5578	0	1298	0	3172	0	0	0	2098	0	0	0	0	0	0	0	96	0	0	0	0	0	0	0	0	0	0	0	0	0	0	0	0	0	0	
364476	Cingulum_Ant_L	978	0	20114	5238	5678	976	8932	1000	956	414	4964	3156	2100	3382	848	178	1504	0	10680	5636	2578	2154	16758	7854	2760	2236	4340	1948	3444	604	0	24984	4240	6370	262	0	0	0	0	0	0	0	0	0	0	0	0	0	0	0	0	0	0	0	0	0	0	0	0	0	0	0	0	0	0	0	0	0	0	0	7714	6324	8734	1130	0	184	0	0	0	0	432	0	454	0	0	0	0	0	0	0	0	0	0	0	0	0	0	0	0	0	0	0	0	0	0	0	0	0	0	0	0	0	0	0	0	0	
702248	Cingulum_Ant_R	316	720	5316	42790	1324	2930	3522	11444	566	3534	124	10340	364	11382	1238	5136	0	1018	14420	22058	2648	3126	14226	47902	810	7122	2248	4686	1216	7450	24984	0	5466	32164	0	0	0	0	0	0	0	0	0	0	0	0	0	0	0	0	0	0	0	0	0	0	0	836	0	100	0	184	0	656	0	0	0	0	164	0	4334	34030	1112	14238	0	1850	0	912	0	0	0	0	0	118	0	0	0	0	0	0	0	0	0	0	0	0	0	0	0	0	0	0	0	0	0	0	0	0	0	0	0	0	0	0	0	0	
173888	Cingulum_Mid_L	104	252	5180	1314	0	0	3940	584	0	0	0	262	806	114	612	0	0	0	12216	4570	0	0	5084	512	0	0	0	0	1092	120	4240	5466	0	11798	3460	1912	0	0	0	0	0	0	992	164	1070	576	0	0	564	496	944	256	0	0	0	0	254	0	872	0	0	0	0	0	106	0	6698	1766	5640	1142	0	566	886	98	0	0	0	0	0	0	0	0	0	0	120	0	0	0	0	96	0	0	0	0	0	0	0	0	0	0	0	0	0	0	0	0	0	0	0	0	0	0	0	0	0	0	
691640	Cingulum_Mid_R	3948	18628	2454	19666	0	0	484	4364	0	0	0	2454	0	2928	0	1486	0	1218	32644	54396	0	0	7862	16308	0	0	0	0	246	782	6370	32164	11798	0	3680	7674	0	310	0	390	0	0	130	2638	0	2818	0	768	0	518	160	202	0	184	0	446	3118	17342	96	256	130	164	0	356	0	102	2090	14618	17392	36728	2030	2560	144	158	96	0	4990	424	0	0	0	292	0	0	0	644	0	0	0	1972	0	0	0	0	0	0	0	0	0	0	0	0	0	0	0	0	0	0	0	0	0	0	0	0	0	0	
138296	Cingulum_Post_L	746	1860	0	0	0	0	0	0	0	0	0	0	0	0	0	0	418	118	550	742	0	0	0	0	0	0	0	0	688	114	262	0	3460	3680	0	12240	4826	3714	582	2774	0	0	2908	284	946	98	1486	686	258	0	264	0	0	0	1238	1492	4312	2260	0	0	680	0	0	116	0	0	6918	1436	2382	2548	0	0	0	0	0	0	0	0	350	0	0	0	0	0	0	0	0	0	588	190	0	0	0	0	0	0	292	254	0	0	0	0	0	0	0	0	0	0	0	0	388	0	0	0	0	0	
213868	Cingulum_Post_R	1962	3322	0	0	0	0	0	0	0	0	0	0	0	0	0	0	0	108	468	1552	0	0	0	0	0	0	0	0	618	166	0	0	1912	7674	12240	0	5370	6536	502	4568	0	0	420	6140	0	620	590	7268	0	98	0	0	0	1468	124	4994	1856	3042	0	0	368	0	136	112	0	0	2936	12734	1956	4130	0	0	0	0	0	0	1648	1640	518	0	0	0	0	0	0	0	0	0	0	5438	0	0	0	0	0	0	106	478	0	0	0	0	0	0	0	0	0	0	0	0	1116	0	0	0	0	0	
168020	Hippocampus_L	6344	1040	512	0	0	0	566	0	0	0	206	0	0	0	0	0	442	0	426	0	0	0	0	0	0	0	0	0	3746	0	0	0	0	0	4826	5370	0	4140	5472	1618	3702	0	1048	0	0	0	2898	748	0	0	0	0	0	0	9496	152	674	0	0	0	108	0	112	0	0	0	2520	310	3280	316	0	0	4282	0	262	0	5076	1676	1072	0	788	0	1000	0	754	0	710	0	6992	0	96	0	0	0	0	0	678	424	128	0	0	0	0	0	0	0	0	0	0	0	0	0	0	0	0	0	
201444	Hippocampus_R	1440	5310	0	224	0	0	0	132	0	0	0	366	0	0	0	0	0	1328	0	714	0	0	0	0	0	0	0	0	236	3494	0	0	0	310	3714	6536	4140	0	342	18200	0	7110	146	186	0	0	318	3072	0	0	0	0	0	0	0	17794	298	1036	0	0	210	0	118	646	0	0	570	2290	1184	1250	0	100	0	5868	0	0	1620	2782	228	690	0	234	0	786	0	144	0	0	0	3106	0	0	0	0	0	0	0	1334	0	346	0	0	0	0	0	0	0	0	0	0	770	0	0	0	0	0	
38128	ParaHippocampal_L	0	0	0	0	0	0	0	0	0	0	0	0	0	0	0	0	0	0	0	0	98	0	0	0	0	0	0	0	684	0	0	0	0	0	582	502	5472	342	0	188	1252	0	100	0	0	0	2612	110	128	0	424	0	496	0	3098	0	0	0	0	0	0	0	0	0	0	0	784	128	0	0	0	0	110	0	0	0	242	0	0	0	0	0	220	0	0	0	0	0	524	0	0	0	0	0	156	0	640	0	172	0	0	0	0	0	0	0	0	0	0	0	0	0	0	0	0	0	
141996	ParaHippocampal_R	234	1040	0	0	0	0	0	0	0	0	0	0	0	0	0	0	0	244	0	190	0	0	0	0	0	0	0	0	148	1324	0	0	0	390	2774	4568	1618	18200	188	0	0	4438	202	648	0	0	222	3910	0	0	0	0	0	608	0	15810	154	648	0	0	0	152	0	152	0	126	518	2668	150	584	0	0	0	1790	0	0	266	582	112	154	0	0	0	288	0	0	0	0	0	2370	0	0	0	0	0	0	176	2008	0	662	0	0	0	0	0	178	0	0	0	0	504	0	0	0	0	0	
21348	Amygdala_L	0	0	0	0	190	0	0	0	0	0	0	0	0	0	204	0	0	0	0	0	226	0	0	0	0	0	0	0	1762	0	0	0	0	0	0	0	3702	0	1252	0	0	0	0	0	0	0	0	0	0	0	0	0	0	0	1684	0	0	0	0	0	0	0	0	0	0	0	0	0	0	0	0	0	522	0	0	0	0	0	0	0	0	0	320	0	180	0	214	0	418	0	0	0	0	0	0	0	0	0	0	0	0	0	0	0	0	0	0	0	0	0	0	0	0	0	0	0	
35752	Amygdala_R	0	0	0	0	0	0	0	0	0	0	0	0	0	0	0	0	0	0	0	0	0	242	0	0	0	0	0	0	0	356	0	0	0	0	0	0	0	7110	0	4438	0	0	0	0	0	0	0	0	0	0	0	0	0	0	0	3868	0	0	0	0	0	0	0	0	0	0	0	0	0	0	0	0	0	252	0	0	0	0	0	0	0	0	0	956	0	0	0	0	0	654	0	0	0	0	0	0	0	0	0	0	0	0	0	0	0	0	0	0	0	0	0	0	0	0	0	0	
306960	Calcarine_L	0	0	0	0	0	0	0	0	0	0	0	0	0	0	0	0	560	0	0	110	0	0	0	0	0	0	0	0	0	0	0	0	992	130	2908	420	1048	146	100	202	0	0	0	6012	16346	4000	14476	2026	14080	2090	29890	1260	11738	290	6206	188	1782	0	3542	0	1148	0	138	0	360	0	23776	398	1538	138	0	0	0	0	0	0	0	0	0	0	788	0	0	0	2398	0	0	0	952	0	534	0	0	0	0	0	392	0	0	0	0	0	0	0	0	0	0	0	0	0	378	0	0	0	0	0	
332000	Calcarine_R	0	798	0	0	0	0	0	0	0	0	0	0	0	0	0	0	0	0	0	0	0	0	0	0	0	0	0	0	0	154	0	0	164	2638	284	6140	0	186	0	648	0	0	6012	0	4464	25954	1608	18766	182	18668	0	15752	0	10698	0	3706	0	3212	0	274	0	146	0	514	0	396	2076	23148	0	1628	0	0	0	0	0	0	0	0	0	136	0	352	0	0	0	4084	0	0	0	13212	0	0	0	0	0	0	0	0	0	0	0	0	0	0	0	0	0	0	0	0	0	0	0	0	0	0	
164272	Cuneus_L	0	0	0	0	0	0	0	0	0	0	0	0	0	0	0	0	0	0	0	0	0	0	0	0	0	0	0	0	0	0	0	0	1070	0	946	0	0	0	0	0	0	0	16346	4464	0	7836	904	250	19856	1610	9000	466	376	0	154	0	916	0	938	0	0	0	0	0	0	0	13024	2782	1034	0	0	0	0	0	0	0	0	0	0	0	0	0	0	0	164	0	0	0	0	0	0	0	0	0	0	0	0	0	0	0	0	0	0	0	0	0	0	0	0	0	0	0	0	0	0	0	
285096	Cuneus_R	0	454	0	0	0	0	0	0	0	0	0	0	0	0	0	0	0	0	0	0	0	0	0	0	0	0	0	0	0	0	0	0	576	2818	98	620	0	0	0	0	0	0	4000	25954	7836	0	224	3008	664	30244	230	15118	0	2414	0	122	0	4662	0	2216	0	340	0	612	0	516	9882	23894	0	1124	0	0	0	0	0	0	0	0	0	0	0	0	0	0	0	2548	0	0	0	2374	0	0	0	0	0	0	0	0	0	0	0	0	0	0	0	0	0	0	0	0	0	0	0	0	0	0	
250428	Lingual_L	0	0	0	0	0	0	0	0	0	0	0	0	0	0	0	0	0	0	0	0	0	0	0	0	0	0	0	0	0	0	0	0	0	0	1486	590	2898	318	2612	222	0	0	14476	1608	904	224	0	2248	5556	382	15776	624	11432	246	20414	438	0	0	0	0	0	0	0	0	0	0	3628	192	0	0	0	0	0	0	0	0	0	0	0	0	0	0	0	0	128	0	0	0	222	0	11598	104	488	96	0	0	8488	128	14690	378	136	0	94	0	0	0	0	0	0	0	1282	938	170	0	0	0	
282712	Lingual_R	0	400	0	0	0	0	0	0	0	0	0	0	0	0	0	0	0	0	0	0	0	0	0	0	0	0	0	0	0	0	0	0	0	768	686	7268	748	3072	110	3910	0	0	2026	18766	250	3008	2248	0	0	4488	0	4756	0	8042	1008	16228	0	578	0	0	0	0	0	0	0	0	374	11390	0	554	0	0	0	0	0	0	108	128	0	0	0	0	0	0	0	714	0	0	0	6860	2698	5318	898	124	0	0	2054	4852	3968	9956	132	0	448	0	0	0	0	0	0	0	5662	6118	640	0	0	0	
215640	Occipital_Sup_L	0	0	0	0	0	0	0	0	0	0	0	0	0	0	0	0	0	0	0	0	0	0	0	0	0	0	0	0	0	0	0	0	564	0	258	0	0	0	128	0	0	0	14080	182	19856	664	5556	0	0	260	33378	174	5248	0	1584	0	342	0	8136	0	842	0	0	0	864	0	13748	474	228	0	0	0	0	0	0	0	0	0	0	0	96	0	0	0	772	0	0	0	144	0	242	0	0	0	0	0	0	0	0	0	0	0	0	0	0	0	0	0	0	0	0	0	0	0	0	0	
270496	Occipital_Sup_R	0	220	0	0	0	0	0	0	0	0	0	0	0	0	0	0	0	0	0	0	0	0	0	0	0	0	0	0	0	0	0	0	496	518	0	98	0	0	0	0	0	0	2090	18668	1610	30244	382	4488	260	0	180	25774	0	1768	0	104	0	3618	0	9322	0	3230	0	1364	0	6372	5322	14132	0	502	0	0	0	0	0	0	0	0	0	0	0	102	0	0	0	2634	0	0	0	1750	0	0	0	0	0	0	0	0	0	0	0	0	0	0	0	0	0	0	0	0	0	0	0	0	0	0	
529620	Occipital_Mid_L	172	120	0	0	0	0	0	0	0	0	0	0	0	0	0	0	2268	0	0	114	0	0	0	0	0	0	0	0	98	0	0	0	944	160	264	0	0	0	424	0	0	0	29890	0	9000	230	15776	0	33378	180	0	120	31738	0	10228	0	4526	108	20450	0	16318	0	3386	0	23844	0	17880	190	2710	214	0	0	0	0	0	0	0	0	384	0	5494	0	0	0	24918	0	0	0	8084	0	1048	0	0	0	0	0	0	0	152	0	0	0	0	0	0	0	0	0	0	0	0	0	0	0	0	0	
272820	Occipital_Mid_R	0	0	0	0	0	0	0	0	0	0	0	0	0	0	0	0	0	0	0	0	0	0	0	0	0	0	0	0	0	0	0	0	256	202	0	0	0	0	0	0	0	0	1260	15752	466	15118	624	4756	174	25774	120	0	0	6772	0	488	0	1066	0	5886	0	5688	0	2862	0	21058	2224	6480	0	138	0	0	0	0	0	0	0	0	0	0	0	1024	0	0	0	16970	0	0	0	1252	0	0	0	0	0	0	0	0	0	0	0	0	0	0	0	0	0	0	0	0	0	0	0	0	0	0	
195880	Occipital_Inf_L	0	0	0	0	0	0	0	0	0	0	0	0	0	0	0	0	516	0	0	0	0	0	0	0	0	0	0	0	0	0	0	0	0	0	0	0	0	0	496	0	0	0	11738	0	376	0	11432	0	5248	0	31738	0	0	0	12482	0	1228	0	1080	0	1146	0	148	0	652	0	5206	0	740	0	0	0	0	0	0	0	0	0	94	0	866	0	0	0	5710	0	0	0	4248	0	2306	0	0	0	0	0	0	0	490	0	0	0	0	0	0	0	0	0	0	0	0	0	0	0	0	0	
113984	Occipital_Inf_R	0	224	0	0	0	0	0	0	0	0	0	0	0	0	0	0	0	0	0	0	0	0	0	0	0	0	0	0	0	0	0	0	0	184	0	1468	0	0	0	608	0	0	290	10698	0	2414	246	8042	0	1768	0	6772	0	0	0	6652	0	616	0	100	0	208	0	668	0	628	416	5086	0	344	0	0	0	0	0	0	0	0	0	0	0	102	0	0	0	2768	0	0	0	6690	0	0	0	0	0	0	0	0	0	0	0	0	0	0	0	0	0	0	0	0	0	0	0	0	0	0	
340000	Fusiform_L	0	0	0	0	0	0	0	0	0	0	0	0	0	0	0	0	0	0	0	0	0	0	0	0	0	0	0	0	1178	0	0	0	0	0	1238	124	9496	0	3098	0	1684	0	6206	0	154	0	20414	1008	1584	0	10228	0	12482	0	0	468	434	0	0	0	128	0	0	0	0	0	3646	0	224	0	0	0	264	0	0	0	272	0	2256	0	846	0	2824	0	2862	0	2186	0	16700	0	23762	268	2304	272	120	0	9950	384	24566	616	1026	0	1400	0	0	0	0	0	0	0	1670	1182	476	0	0	0	
304460	Fusiform_R	0	1122	0	0	0	0	0	0	0	0	0	0	0	0	0	0	0	268	0	276	0	0	0	0	0	0	0	0	0	1380	0	0	0	446	1492	4994	152	17794	0	15810	0	3868	188	3706	0	122	438	16228	0	104	0	488	0	6652	468	0	134	862	0	0	0	172	0	180	0	140	360	4426	0	610	0	0	0	2010	0	0	0	100	0	212	0	262	0	2320	0	1164	0	512	0	14172	1492	10828	662	106	0	0	1254	6500	2396	15642	0	0	288	96	0	0	0	0	0	0	4006	4828	500	0	0	0	
371944	Postcentral_L	31604	3432	9058	0	0	0	3394	0	0	0	4654	0	104	0	0	0	13952	0	7982	276	0	0	0	0	0	0	0	0	3970	0	0	0	254	3118	4312	1856	674	298	0	154	0	0	1782	0	916	0	0	0	342	0	4526	0	1228	0	434	134	0	3642	10992	0	23134	0	8252	0	594	0	7316	0	8544	4044	284	844	1908	0	454	0	918	734	5702	0	6662	0	0	0	2656	0	0	0	838	0	0	0	0	0	0	0	0	0	0	0	0	0	0	0	0	0	0	0	0	0	0	0	0	0	0	0	
395356	Postcentral_R	414	31008	1112	240	0	0	366	364	0	0	0	4858	0	0	0	0	0	3672	458	2768	0	0	0	174	0	0	0	0	116	2144	0	836	0	17342	2260	3042	0	1036	0	648	0	0	0	3212	0	4662	0	578	0	3618	108	1066	0	616	0	862	3642	0	0	13170	180	12088	0	17246	0	1972	1202	17182	4524	23652	1430	1406	0	1866	0	182	640	704	0	144	0	1108	0	0	0	2882	0	0	0	4878	0	0	0	0	0	0	0	0	0	0	0	0	0	0	0	0	0	0	0	0	0	0	0	0	0	0	
194824	Parietal_Sup_L	142	0	0	0	0	0	0	0	0	0	0	0	0	0	0	0	1070	0	0	0	0	0	0	0	0	0	0	0	0	0	0	0	872	96	0	0	0	0	0	0	0	0	3542	0	938	0	0	0	8136	0	20450	0	1080	0	0	0	10992	0	0	0	20158	0	2904	0	5020	0	16212	0	1782	156	0	0	0	0	0	0	0	0	0	0	722	0	0	0	2500	0	0	0	640	0	0	0	0	0	0	0	0	0	0	0	0	0	0	0	0	0	0	0	0	0	0	0	0	0	0	0	
185340	Parietal_Sup_R	0	1324	96	0	0	0	0	0	0	0	0	122	0	0	0	0	0	150	0	112	0	0	0	0	0	0	0	0	0	584	0	100	0	256	0	0	0	0	0	0	0	0	0	274	0	2216	0	0	0	9322	0	5886	0	100	0	0	0	13170	0	0	0	16446	0	11740	0	9936	696	9108	0	606	112	120	0	0	0	0	0	0	0	164	0	930	0	0	0	4882	0	0	0	4218	0	0	0	0	0	0	0	0	0	0	0	0	0	0	0	0	0	0	0	0	0	0	0	0	0	0	
285448	Parietal_Inf_L	2622	262	434	0	0	0	606	0	0	0	0	0	0	0	0	0	2738	0	100	0	0	0	0	0	0	0	0	0	808	0	0	0	0	130	680	368	108	210	0	0	0	0	1148	0	0	0	0	0	842	0	16318	0	1146	0	128	0	23134	180	20158	0	0	0	18090	0	22462	0	3944	0	1844	212	0	0	0	0	0	0	128	100	832	0	2908	0	0	0	13654	0	0	0	6308	0	122	0	0	0	0	0	0	0	0	0	0	0	0	0	0	0	0	0	0	0	0	0	0	0	0	0	
189940	Parietal_Inf_R	0	1970	132	0	0	0	0	0	0	0	0	270	0	0	0	0	0	264	110	172	0	0	0	0	0	0	0	0	0	842	0	184	0	164	0	0	0	0	0	152	0	0	0	146	0	340	0	0	0	3230	0	5688	0	208	0	172	0	12088	0	16446	0	0	0	24016	0	17400	434	1944	0	412	162	214	0	174	0	0	0	0	0	276	0	1798	0	0	0	3766	0	0	0	1796	0	0	0	0	0	0	0	0	0	0	0	0	0	0	0	0	0	0	0	0	0	0	0	0	0	0	
130152	SupraMarginal_L	2896	0	528	0	0	0	948	0	0	0	0	0	0	0	0	0	3080	0	470	0	0	0	0	0	0	0	0	0	608	0	0	0	0	0	0	136	112	118	0	0	0	0	138	0	0	0	0	0	0	0	3386	0	148	0	0	0	8252	0	2904	0	18090	0	0	0	6744	0	208	0	288	0	0	0	0	0	0	0	104	96	174	0	7278	0	0	0	6856	0	0	0	1514	0	0	0	0	0	0	0	0	0	0	0	0	0	0	0	0	0	0	0	0	0	0	0	0	0	0	0	
222792	SupraMarginal_R	126	3550	930	136	0	0	292	114	0	0	0	1048	0	0	0	0	0	3812	402	420	0	0	0	130	0	0	0	0	0	972	0	656	0	356	116	112	0	646	0	152	0	0	0	514	0	612	0	0	0	1364	0	2862	0	668	0	180	0	17246	0	11740	0	24016	0	0	0	12586	454	1924	104	802	618	696	0	434	0	0	0	0	0	332	0	8622	0	0	0	9648	0	0	0	2004	0	0	0	0	0	0	0	0	0	0	0	0	0	0	0	0	0	0	0	0	0	0	0	0	0	0	
180260	Angular_L	0	0	0	0	0	0	0	0	0	0	0	0	0	0	0	0	290	0	0	0	0	0	0	0	0	0	0	0	0	0	0	0	106	0	0	0	0	0	0	0	0	0	360	0	0	0	0	0	864	0	23844	0	652	0	0	0	594	0	5020	0	22462	0	6744	0	0	0	906	0	190	0	0	0	0	0	0	0	0	0	0	0	3646	0	0	0	18286	0	0	0	6068	0	98	0	0	0	0	0	0	0	0	0	0	0	0	0	0	0	0	0	0	0	0	0	0	0	0	0	
184660	Angular_R	0	162	0	0	0	0	0	0	0	0	0	0	0	0	0	0	0	0	0	0	0	0	0	0	0	0	0	0	0	434	0	0	0	102	0	0	0	0	0	126	0	0	0	396	0	516	0	0	0	6372	0	21058	0	628	0	140	0	1972	0	9936	0	17400	0	12586	0	0	610	2064	0	224	0	0	0	0	0	0	0	0	0	232	0	3634	0	0	0	12616	0	0	0	1122	0	0	0	0	0	0	0	0	0	0	0	0	0	0	0	0	0	0	0	0	0	0	0	0	0	0	
379788	Precuneus_L	0	354	0	0	0	0	0	0	0	0	0	0	0	0	0	0	790	0	0	614	0	0	0	0	0	0	0	0	0	0	0	0	6698	2090	6918	2936	2520	570	784	518	0	0	23776	2076	13024	9882	3628	374	13748	5322	17880	2224	5206	416	3646	360	7316	1202	16212	696	3944	434	208	454	906	610	0	16538	4812	882	0	0	0	0	0	0	0	0	0	0	882	0	0	0	3140	1296	0	0	1420	1284	476	0	0	0	0	0	438	0	0	0	0	0	0	0	0	0	0	0	0	0	390	0	0	0	0	0	
448832	Precuneus_R	0	5916	0	0	0	0	0	0	0	0	0	0	0	0	0	0	0	0	0	368	0	0	0	0	0	0	0	0	0	184	0	0	1766	14618	1436	12734	310	2290	128	2668	0	0	398	23148	2782	23894	192	11390	474	14132	190	6480	0	5086	0	4426	0	17182	0	9108	0	1944	0	1924	0	2064	16538	0	0	10428	0	0	0	0	0	0	0	0	0	152	0	568	0	0	0	8278	0	0	0	19888	0	0	0	0	0	0	0	238	0	0	0	0	0	0	0	0	0	0	0	0	1094	0	0	0	0	0	
358040	Paracentral_Lobule_L	26014	10844	5814	0	0	0	222	0	0	0	266	0	0	0	0	0	508	0	18564	18168	0	0	0	0	0	0	0	0	876	0	0	164	5640	17392	2382	1956	3280	1184	0	150	0	0	1538	0	1034	0	0	0	228	0	2710	0	740	0	224	0	8544	4524	1782	0	1844	0	288	104	190	0	4812	0	0	17656	2082	610	1558	0	1572	0	10134	1430	294	0	184	0	0	0	1244	0	0	0	270	0	0	0	0	0	0	0	0	0	0	0	0	0	0	0	0	0	0	0	0	0	0	0	0	0	0	0	
407876	Paracentral_Lobule_R	5478	33432	664	0	0	0	440	0	0	0	300	0	0	0	0	0	224	268	3936	25904	0	0	0	0	0	0	0	0	250	114	0	0	1142	36728	2548	4130	316	1250	0	584	0	0	138	1628	0	1124	0	554	0	502	214	138	0	344	0	610	4044	23652	156	606	212	412	0	802	0	224	882	10428	17656	0	3236	2978	128	0	154	0	6416	4408	0	136	0	230	0	0	0	1190	0	0	0	3028	0	0	0	0	0	0	0	0	0	0	0	0	0	0	0	0	0	0	0	0	0	0	0	0	0	0	
276028	Caudate_L	1980	2970	10948	1068	4826	3292	3226	972	970	278	730	718	582	0	3846	524	318	104	9480	3054	8358	9226	492	730	406	462	6196	5450	2362	412	7714	4334	0	2030	0	0	0	0	0	0	0	0	0	0	0	0	0	0	0	0	0	0	0	0	0	0	284	1430	0	112	0	162	0	618	0	0	0	0	2082	3236	0	10924	11712	2960	710	0	4738	664	0	0	144	0	180	0	0	0	0	0	0	0	0	0	0	0	0	0	0	0	0	0	0	0	0	0	0	0	0	0	0	0	0	0	0	0	0	0	
473528	Caudate_R	1700	18178	3586	17134	1726	2506	3582	4120	442	1176	366	3040	310	740	1550	2034	150	542	2628	22104	3328	5736	692	15922	100	4528	2032	3818	1210	3408	6324	34030	566	2560	0	0	0	100	0	0	0	0	0	0	0	0	0	0	0	0	0	0	0	0	0	0	844	1406	0	120	0	214	0	696	0	0	0	0	610	2978	10924	0	2650	20072	0	3630	1580	18952	0	0	0	0	0	120	0	0	0	0	0	0	0	0	0	0	0	0	0	0	0	0	0	0	0	0	0	0	0	0	0	0	0	0	0	0	0	0	
298860	Putamen_L	8704	126	21576	164	8428	672	6242	0	1084	0	2838	0	906	0	3718	0	3214	0	20974	330	1986	2094	2332	224	138	110	880	958	18130	0	8734	1112	886	144	0	0	4282	0	110	0	522	0	0	0	0	0	0	0	0	0	0	0	0	0	264	0	1908	0	0	0	0	0	0	0	0	0	0	0	1558	128	11712	2650	0	968	4302	0	1380	0	728	0	1080	0	980	0	0	0	0	0	154	0	0	0	0	0	0	0	0	0	0	0	0	0	0	0	0	0	0	0	0	0	0	0	0	0	0	0	
270056	Putamen_R	0	2316	1310	10980	522	2664	0	1936	128	1922	0	2984	0	470	466	3482	0	2406	1748	5840	1196	2186	130	10218	0	4916	628	2518	134	15744	1130	14238	98	158	0	0	0	5868	0	1790	0	252	0	0	0	0	0	0	0	0	0	0	0	0	0	2010	0	1866	0	0	0	174	0	434	0	0	0	0	0	0	2960	20072	968	0	0	3722	170	1402	0	0	0	262	0	220	0	0	0	0	0	262	0	0	0	0	0	0	0	128	0	0	0	0	0	0	0	0	0	0	0	0	0	0	0	0	0	0	
45096	Pallidum_L	3876	0	2280	0	0	0	1082	0	0	0	1432	0	0	0	0	0	1308	0	1740	166	0	0	0	0	0	0	0	0	660	0	0	0	0	96	0	0	262	0	0	0	0	0	0	0	0	0	0	0	0	0	0	0	0	0	0	0	454	0	0	0	0	0	0	0	0	0	0	0	1572	154	710	0	4302	0	0	0	2240	0	0	0	214	0	0	0	0	0	0	0	0	0	0	0	0	0	0	0	0	0	0	0	0	0	0	0	0	0	0	0	0	0	0	0	0	0	0	0	
34056	Pallidum_R	0	590	224	1512	0	248	0	0	0	0	0	258	0	0	0	150	0	314	314	1888	0	0	0	990	0	0	0	110	0	630	184	1850	0	0	0	0	0	0	0	0	0	0	0	0	0	0	0	0	0	0	0	0	0	0	0	0	0	182	0	0	0	0	0	0	0	0	0	0	0	0	0	3630	0	3722	0	0	0	232	0	0	0	0	0	0	0	0	0	0	0	0	0	0	0	0	0	0	0	0	0	0	0	0	0	0	0	0	0	0	0	0	0	0	0	0	0	0	
159428	Thalamus_L	16972	4438	524	0	0	0	1126	0	0	0	138	0	0	0	0	0	234	0	420	5862	0	0	0	0	0	0	0	0	1172	0	0	0	0	4990	0	1648	5076	1620	242	266	0	0	0	0	0	0	0	108	0	0	0	0	0	0	272	0	918	640	0	0	128	0	104	0	0	0	0	0	10134	6416	4738	1580	1380	170	2240	0	0	5020	852	0	112	0	0	0	0	0	0	0	0	0	0	0	0	0	0	0	0	174	0	0	0	0	0	0	0	0	0	0	0	0	0	0	0	0	0	0	
149480	Thalamus_R	2266	23004	404	1348	0	0	144	0	0	0	154	98	0	0	0	94	0	0	330	3808	0	0	0	304	0	0	0	0	186	210	0	912	0	424	0	1640	1676	2782	0	582	0	0	0	0	0	0	0	128	0	0	0	0	0	0	0	100	734	704	0	0	100	0	96	0	0	0	0	0	1430	4408	664	18952	0	1402	0	232	5020	0	200	0	0	0	0	0	0	0	0	0	0	0	0	0	0	0	0	0	0	204	0	0	0	0	0	0	0	0	0	0	0	0	0	0	0	0	0	0	
114408	Heschl_L	8552	0	1786	0	0	0	414	0	0	0	170	0	0	0	0	0	7032	0	1706	0	0	0	0	0	0	0	0	0	7468	0	0	0	0	0	350	518	1072	228	0	112	0	0	0	0	0	0	0	0	0	0	384	0	94	0	2256	0	5702	0	0	0	832	0	174	0	0	0	0	0	294	0	0	0	728	0	0	0	852	200	0	0	6810	0	0	0	3184	0	0	0	5306	0	980	0	0	0	0	0	0	0	0	0	0	0	0	0	0	0	0	0	0	0	0	0	0	0	0	0	
28228	Heschl_R	0	122	0	0	0	0	0	0	0	0	0	0	0	0	0	0	0	2638	0	338	0	0	0	0	0	0	0	0	0	2126	0	0	0	0	0	0	0	690	0	154	0	0	0	136	0	0	0	0	0	0	0	0	0	0	0	212	0	144	0	164	0	276	0	332	0	232	0	152	0	136	0	0	0	0	0	0	0	0	0	0	0	3750	0	0	0	848	0	0	0	1664	0	0	0	0	0	0	0	0	0	0	0	0	0	0	0	0	0	0	0	0	0	0	0	0	0	0	
293000	Temporal_Sup_L	5364	0	4422	0	0	0	1728	0	0	0	4198	0	256	0	0	0	15744	0	3064	0	0	0	0	0	0	0	0	0	8140	0	432	0	0	0	0	0	788	0	0	0	0	0	788	0	0	0	0	0	96	0	5494	0	866	0	846	0	6662	0	722	0	2908	0	7278	0	3646	0	882	0	184	0	144	0	1080	0	214	0	112	0	6810	0	0	0	3872	0	39486	0	0	0	19806	0	468	0	0	0	0	0	0	0	0	0	0	0	0	0	0	0	0	0	0	0	0	0	0	0	0	0	
120332	Temporal_Sup_R	0	452	0	0	0	0	0	0	0	0	0	214	0	0	0	0	0	5010	0	1210	0	0	0	0	0	0	0	0	0	5578	0	0	0	292	0	0	0	234	0	0	0	0	0	352	0	0	0	0	0	102	0	1024	0	102	0	262	0	1108	0	930	0	1798	0	8622	0	3634	0	568	0	230	0	0	0	262	0	0	0	0	0	3750	0	0	0	1128	0	17790	0	0	0	5514	0	0	0	0	0	0	0	0	0	0	0	0	0	0	0	0	0	0	0	0	0	0	0	0	0	0	
101892	Temporal_Pole_Sup_L	276	0	2992	0	482	0	2074	0	0	0	3854	0	480	0	1852	0	3060	0	792	0	468	0	122	0	0	0	0	0	3706	0	454	0	0	0	0	0	1000	0	220	0	320	0	0	0	0	0	0	0	0	0	0	0	0	0	2824	0	0	0	0	0	0	0	0	0	0	0	0	0	0	0	180	0	980	0	0	0	0	0	0	0	3872	0	0	0	8442	0	6320	0	6176	0	0	0	0	0	0	0	0	0	0	0	0	0	0	0	0	0	0	0	0	0	0	0	0	0	0	0	
35184	Temporal_Pole_Sup_R	0	198	0	390	0	0	0	0	0	0	0	808	0	0	0	244	0	1380	144	896	0	0	0	0	0	0	0	0	0	1298	0	118	0	0	0	0	0	786	0	288	0	956	0	0	0	0	0	0	0	0	0	0	0	0	0	2320	0	0	0	0	0	0	0	0	0	0	0	0	0	0	0	120	0	220	0	0	0	0	0	0	0	1128	0	0	0	1902	0	1958	0	2438	0	0	0	0	0	0	0	0	0	0	0	0	0	0	0	0	0	0	0	0	0	0	0	0	0	0	
386528	Temporal_Mid_L	116	0	252	0	0	0	0	0	0	0	176	0	0	0	0	0	3658	0	184	0	0	0	0	0	0	0	0	0	2798	0	0	0	120	0	0	0	754	0	0	0	180	0	2398	0	164	0	128	0	772	0	24918	0	5710	0	2862	0	2656	0	2500	0	13654	0	6856	0	18286	0	3140	0	1244	0	0	0	0	0	0	0	0	0	3184	0	39486	0	8442	0	0	0	6046	0	42284	0	296	0	0	0	0	0	0	0	0	0	0	0	0	0	0	0	0	0	0	0	0	0	0	0	0	0	
249976	Temporal_Mid_R	0	242	0	0	0	0	0	0	0	0	0	0	0	0	0	0	0	802	0	0	0	0	0	0	0	0	0	0	0	3172	0	0	0	644	0	0	0	144	0	0	0	0	0	4084	0	2548	0	714	0	2634	0	16970	0	2768	0	1164	0	2882	0	4882	0	3766	0	9648	0	12616	1296	8278	0	1190	0	0	0	0	0	0	0	0	0	848	0	17790	0	1902	0	0	0	1242	0	22762	0	0	0	0	0	0	0	0	0	0	0	0	0	0	0	0	0	0	0	0	0	0	0	0	0	0	
42472	Temporal_Pole_Mid_L	0	0	0	0	0	0	0	0	0	0	0	0	0	0	126	0	0	0	0	0	0	0	0	0	0	0	0	0	240	0	0	0	0	0	0	0	710	0	0	0	214	0	0	0	0	0	0	0	0	0	0	0	0	0	2186	0	0	0	0	0	0	0	0	0	0	0	0	0	0	0	0	0	0	0	0	0	0	0	0	0	0	0	6320	0	6046	0	0	0	5394	0	0	0	0	0	0	0	0	0	0	0	0	0	0	0	0	0	0	0	0	0	0	0	0	0	0	0	
8900	Temporal_Pole_Mid_R	0	0	0	0	0	0	0	0	0	0	0	0	0	0	0	0	0	0	0	0	0	0	0	0	0	0	0	0	0	0	0	0	0	0	0	0	0	0	0	0	0	0	0	0	0	0	0	0	0	0	0	0	0	0	0	512	0	0	0	0	0	0	0	0	0	0	0	0	0	0	0	0	0	0	0	0	0	0	0	0	0	0	0	1958	0	1242	0	0	0	738	0	0	0	0	0	0	0	0	0	0	0	0	0	0	0	0	0	0	0	0	0	0	0	0	0	0	
290848	Temporal_Inf_L	0	0	334	0	0	0	0	0	0	0	0	0	0	0	0	0	2138	0	330	0	0	0	0	0	0	0	0	0	2854	0	0	0	0	0	588	0	6992	0	524	0	418	0	952	0	0	0	222	0	144	0	8084	0	4248	0	16700	0	838	0	640	0	6308	0	1514	0	6068	0	1420	0	270	0	0	0	154	0	0	0	0	0	5306	0	19806	0	6176	0	42284	0	5394	0	0	0	4284	0	196	0	0	0	0	0	238	0	0	0	0	0	0	0	0	0	0	0	0	0	0	0	0	0	
273412	Temporal_Inf_R	0	1940	0	0	0	0	0	0	0	0	0	0	0	0	0	0	0	330	0	0	0	0	0	0	0	0	0	0	0	2098	0	0	96	1972	190	5438	0	3106	0	2370	0	654	0	13212	0	2374	0	6860	0	1750	0	1252	0	6690	0	14172	0	4878	0	4218	0	1796	0	2004	0	1122	1284	19888	0	3028	0	0	0	262	0	0	0	0	0	1664	0	5514	0	2438	0	22762	0	738	0	0	0	460	0	0	0	0	0	0	0	0	0	0	0	0	0	0	0	0	0	0	146	0	0	0	0	0	
420380	Cerebelum_Crus1_L	0	0	0	0	0	0	0	0	0	0	0	0	0	0	0	0	112	0	0	0	0	0	0	0	0	0	0	0	0	0	0	0	0	0	0	0	96	0	0	0	0	0	534	0	0	0	11598	2698	242	0	1048	0	2306	0	23762	1492	0	0	0	0	122	0	0	0	98	0	476	0	0	0	0	0	0	0	0	0	0	0	980	0	468	0	0	0	296	0	0	0	4284	0	0	2426	32238	1796	442	0	20932	1670	52038	2994	9518	0	16710	188	1500	0	222	0	174	196	5646	5534	4548	348	360	98	
346308	Cerebelum_Crus1_R	0	0	0	0	0	0	0	0	0	0	0	0	0	0	0	0	0	0	0	0	0	0	0	0	0	0	0	0	0	0	0	0	0	0	0	0	0	0	0	0	0	0	0	0	0	0	104	5318	0	0	0	0	0	0	268	10828	0	0	0	0	0	0	0	0	0	0	0	0	0	0	0	0	0	0	0	0	0	0	0	0	0	0	0	0	0	0	0	0	0	460	2426	0	1614	23680	0	2494	1288	15430	1950	48340	964	2538	1316	17328	546	3336	0	1120	362	1100	7670	7950	9574	2608	2336	206	
330328	Cerebelum_Crus2_L	0	0	0	0	0	0	0	0	0	0	0	0	0	0	0	0	0	0	0	0	0	0	0	0	0	0	0	0	0	0	0	0	0	0	0	0	0	0	0	0	0	0	0	0	0	0	488	898	0	0	0	0	0	0	2304	662	0	0	0	0	0	0	0	0	0	0	0	0	0	0	0	0	0	0	0	0	0	0	0	0	0	0	0	0	0	0	0	0	196	0	32238	1614	0	10038	0	0	3642	728	9856	1400	37768	4368	35508	2912	3472	0	162	0	0	100	2002	1540	10416	2852	0	0	
280952	Cerebelum_Crus2_R	0	0	0	0	0	0	0	0	0	0	0	0	0	0	0	0	0	0	0	0	0	0	0	0	0	0	0	0	0	0	0	0	0	0	0	0	0	0	0	0	0	0	0	0	0	0	96	124	0	0	0	0	0	0	272	106	0	0	0	0	0	0	0	0	0	0	0	0	0	0	0	0	0	0	0	0	0	0	0	0	0	0	0	0	0	0	0	0	0	0	1796	23680	10038	0	0	496	318	1376	642	6746	9680	19316	8838	29822	342	4070	0	934	0	238	930	230	14704	5196	486	0	
17384	Cerebelum_3_L	0	0	0	0	0	0	0	0	0	0	0	0	0	0	0	0	0	0	0	0	0	0	0	0	0	0	0	0	0	0	0	0	0	0	0	0	0	0	156	0	0	0	0	0	0	0	0	0	0	0	0	0	0	0	120	0	0	0	0	0	0	0	0	0	0	0	0	0	0	0	0	0	0	0	0	0	0	0	0	0	0	0	0	0	0	0	0	0	0	0	442	0	0	0	0	0	4124	0	1016	0	0	0	468	0	990	0	0	0	504	490	248	0	134	0	0	0	
49920	Cerebelum_3_R	0	0	0	0	0	0	0	0	0	0	0	0	0	0	0	0	0	0	0	0	0	0	0	0	0	0	0	0	0	0	0	0	0	0	0	0	0	0	0	0	0	0	0	0	0	0	0	0	0	0	0	0	0	0	0	0	0	0	0	0	0	0	0	0	0	0	0	0	0	0	0	0	0	0	0	0	0	0	0	0	0	0	0	0	0	0	0	0	0	0	0	2494	0	496	0	0	684	3466	0	4138	0	0	94	628	0	1690	0	0	830	2964	2810	646	782	1446	1606	186	
249548	Cerebelum_4_5_L	0	0	0	0	0	0	0	0	0	0	0	0	0	0	0	0	0	0	0	0	0	0	0	0	0	0	0	0	0	0	0	0	0	0	292	106	678	0	640	176	0	0	392	0	0	0	8488	2054	0	0	0	0	0	0	9950	1254	0	0	0	0	0	0	0	0	0	0	438	0	0	0	0	0	0	0	0	0	0	0	0	0	0	0	0	0	0	0	0	0	0	0	20932	1288	3642	318	4124	684	0	3080	32216	3218	2214	0	4412	246	2430	500	382	0	616	980	12664	3978	584	284	584	930	
186700	Cerebelum_4_5_R	96	0	0	0	0	0	0	0	0	0	0	0	0	0	0	0	0	0	0	0	0	0	0	0	0	0	0	0	0	96	0	0	0	0	254	478	424	1334	0	2008	0	0	0	0	0	0	128	4852	0	0	0	0	0	0	384	6500	0	0	0	0	0	0	0	0	0	0	0	238	0	0	0	0	0	128	0	0	174	204	0	0	0	0	0	0	0	0	0	0	0	0	1670	15430	728	1376	0	3466	3080	0	2704	25322	140	0	408	1268	0	1232	0	212	160	1050	12944	2346	632	930	954	0	
370204	Cerebelum_6_L	0	0	0	0	0	0	0	0	0	0	0	0	0	0	0	0	0	0	0	0	0	0	0	0	0	0	0	0	0	0	0	0	0	0	0	0	128	0	172	0	0	0	0	0	0	0	14690	3968	0	0	152	0	490	0	24566	2396	0	0	0	0	0	0	0	0	0	0	0	0	0	0	0	0	0	0	0	0	0	0	0	0	0	0	0	0	0	0	0	0	238	0	52038	1950	9856	642	1016	0	32216	2704	0	4524	3156	0	7002	192	2182	134	138	0	364	392	8914	8078	2280	158	218	148	
357644	Cerebelum_6_R	0	0	0	0	0	0	0	0	0	0	0	0	0	0	0	0	0	0	0	0	0	0	0	0	0	0	0	0	0	0	0	0	0	0	0	0	0	346	0	662	0	0	0	0	0	0	378	9956	0	0	0	0	0	0	616	15642	0	0	0	0	0	0	0	0	0	0	0	0	0	0	0	0	0	0	0	0	0	0	0	0	0	0	0	0	0	0	0	0	0	0	2994	48340	1400	6746	0	4138	3218	25322	4524	0	442	288	1002	6526	532	3204	0	530	444	1646	13782	12232	6920	3446	3258	288	
282080	Cerebelum_7b_L	0	0	0	0	0	0	0	0	0	0	0	0	0	0	0	0	0	0	0	0	0	0	0	0	0	0	0	0	0	0	0	0	0	0	0	0	0	0	0	0	0	0	0	0	0	0	136	132	0	0	0	0	0	0	1026	0	0	0	0	0	0	0	0	0	0	0	0	0	0	0	0	0	0	0	0	0	0	0	0	0	0	0	0	0	0	0	0	0	0	0	9518	964	37768	9680	0	0	2214	140	3156	442	0	5472	40888	5624	6990	100	494	0	0	0	446	250	9228	6060	312	0	
140604	Cerebelum_7b_R	0	0	0	0	0	0	0	0	0	0	0	0	0	0	0	0	0	0	0	0	0	0	0	0	0	0	0	0	0	0	0	0	0	0	0	0	0	0	0	0	0	0	0	0	0	0	0	0	0	0	0	0	0	0	0	0	0	0	0	0	0	0	0	0	0	0	0	0	0	0	0	0	0	0	0	0	0	0	0	0	0	0	0	0	0	0	0	0	0	0	0	2538	4368	19316	0	0	0	0	0	288	5472	0	5524	20194	0	3942	0	220	0	0	0	0	4532	3788	120	0	
340692	Cerebelum_8_L	0	0	0	0	0	0	0	0	0	0	0	0	0	0	0	0	0	0	0	0	0	0	0	0	0	0	0	0	0	0	0	0	0	0	0	0	0	0	0	0	0	0	0	0	0	0	94	448	0	0	0	0	0	0	1400	288	0	0	0	0	0	0	0	0	0	0	0	0	0	0	0	0	0	0	0	0	0	0	0	0	0	0	0	0	0	0	0	0	0	0	16710	1316	35508	8838	468	94	4412	408	7002	1002	40888	5524	0	8402	13134	584	940	0	166	270	1672	900	8748	9340	1790	0	
256164	Cerebelum_8_R	0	0	0	0	0	0	0	0	0	0	0	0	0	0	0	0	0	0	0	0	0	0	0	0	0	0	0	0	0	0	0	0	0	0	0	0	0	0	0	0	0	0	0	0	0	0	0	0	0	0	0	0	0	0	0	96	0	0	0	0	0	0	0	0	0	0	0	0	0	0	0	0	0	0	0	0	0	0	0	0	0	0	0	0	0	0	0	0	0	0	188	17328	2912	29822	0	628	246	1268	192	6526	5624	20194	8402	0	460	13114	0	1756	0	446	850	430	6734	7950	2916	0	
87516	Cerebelum_9_L	0	0	0	0	0	0	0	0	0	0	0	0	0	0	0	0	0	0	0	0	0	0	0	0	0	0	0	0	0	0	0	0	0	0	0	0	0	0	0	0	0	0	0	0	0	0	0	0	0	0	0	0	0	0	0	0	0	0	0	0	0	0	0	0	0	0	0	0	0	0	0	0	0	0	0	0	0	0	0	0	0	0	0	0	0	0	0	0	0	0	1500	546	3472	342	990	0	2430	0	2182	532	6990	0	13134	460	0	794	2744	0	0	96	752	1894	1408	1084	1830	578	
107812	Cerebelum_9_R	0	0	0	0	0	0	0	0	0	0	0	0	0	0	0	0	0	0	0	0	0	0	0	0	0	0	0	0	0	0	0	0	0	0	0	0	0	0	0	178	0	0	0	0	0	0	0	0	0	0	0	0	0	0	0	0	0	0	0	0	0	0	0	0	0	0	0	0	0	0	0	0	0	0	0	0	0	0	0	0	0	0	0	0	0	0	0	0	0	0	0	3336	0	4070	0	1690	500	1232	134	3204	100	3942	584	13114	794	0	0	2008	606	1720	1944	2494	2122	3380	5028	1726	
10164	Cerebelum_10_L	0	0	0	0	0	0	0	0	0	0	0	0	0	0	0	0	0	0	0	0	0	0	0	0	0	0	0	0	0	0	0	0	0	0	0	0	0	0	0	0	0	0	0	0	0	0	0	0	0	0	0	0	0	0	0	0	0	0	0	0	0	0	0	0	0	0	0	0	0	0	0	0	0	0	0	0	0	0	0	0	0	0	0	0	0	0	0	0	0	0	222	0	162	0	0	0	382	0	138	0	494	0	940	0	2744	0	0	0	0	0	0	0	0	0	0	0	
13560	Cerebelum_10_R	0	0	0	0	0	0	0	0	0	0	0	0	0	0	0	0	0	0	0	0	0	0	0	0	0	0	0	0	0	0	0	0	0	0	0	0	0	0	0	0	0	0	0	0	0	0	0	0	0	0	0	0	0	0	0	0	0	0	0	0	0	0	0	0	0	0	0	0	0	0	0	0	0	0	0	0	0	0	0	0	0	0	0	0	0	0	0	0	0	0	0	1120	0	934	0	0	0	212	0	530	0	220	0	1756	0	2008	0	0	0	0	0	0	0	0	0	0	
19996	Vermis_1_2	0	0	0	0	0	0	0	0	0	0	0	0	0	0	0	0	0	0	0	0	0	0	0	0	0	0	0	0	0	0	0	0	0	0	0	0	0	0	0	0	0	0	0	0	0	0	0	0	0	0	0	0	0	0	0	0	0	0	0	0	0	0	0	0	0	0	0	0	0	0	0	0	0	0	0	0	0	0	0	0	0	0	0	0	0	0	0	0	0	0	174	362	0	0	504	830	616	160	364	444	0	0	166	0	0	606	0	0	0	3588	862	318	130	376	498	0	
44704	Vermis_3	0	0	0	0	0	0	0	0	0	0	0	0	0	0	0	0	0	0	0	0	0	0	0	0	0	0	0	0	0	0	0	0	0	0	0	0	0	0	0	0	0	0	0	0	0	0	0	0	0	0	0	0	0	0	0	0	0	0	0	0	0	0	0	0	0	0	0	0	0	0	0	0	0	0	0	0	0	0	0	0	0	0	0	0	0	0	0	0	0	0	196	1100	100	238	490	2964	980	1050	392	1646	0	0	270	446	96	1720	0	0	3588	0	2550	794	730	1292	1502	208	
212796	Vermis_4_5	0	0	0	0	0	0	0	0	0	0	0	0	0	0	0	0	0	0	0	0	0	0	0	0	0	0	0	0	0	0	0	0	0	0	388	1116	0	770	0	504	0	0	378	0	0	0	1282	5662	0	0	0	0	0	0	1670	4006	0	0	0	0	0	0	0	0	0	0	390	1094	0	0	0	0	0	0	0	0	0	0	0	0	0	0	0	0	0	0	0	0	0	146	5646	7670	2002	930	248	2810	12664	12944	8914	13782	446	0	1672	850	752	1944	0	0	862	2550	0	6816	630	1130	1812	1918	
159812	Vermis_6	0	0	0	0	0	0	0	0	0	0	0	0	0	0	0	0	0	0	0	0	0	0	0	0	0	0	0	0	0	0	0	0	0	0	0	0	0	0	0	0	0	0	0	0	0	0	938	6118	0	0	0	0	0	0	1182	4828	0	0	0	0	0	0	0	0	0	0	0	0	0	0	0	0	0	0	0	0	0	0	0	0	0	0	0	0	0	0	0	0	0	0	5534	7950	1540	230	0	646	3978	2346	8078	12232	250	0	900	430	1894	2494	0	0	318	794	6816	0	3820	1258	2608	2724	
