data	data	451544	178216	1.10579e+06	665560	216720	146060	545912	233408	134640	70044	301160	222760	244512	222116	169292	72596	269608	146884	831936	767760	78024	105688	304908	383764	95656	214608	93840	78764	580808	404968	322496	555144	211416	606940	180900	160656	249696	358080	94428	199908	49368	72964	201792	295268	180536	320968	185724	280380	165940	279576	573608	230352	226096	86100	440504	439620	242104	106072	126296	60304	177752	73332	95208	100008	137792	102712	279588	412804	161160	110936	272088	388820	354412	340376	51536	59444	203776	193916	69776	64504	222664	153260	133832	102808	390196	259104	63640	65224	281372	239692	357688	346972	276296	298024	22476	40100	257356	194072	352500	357272	224316	178132	299148	297704	132132	135068	17584	23864	15816	43976	173044	173580	273436	156544	111568	29788	
data	data	Precentral_L	Precentral_R	Frontal_Sup_L	Frontal_Sup_R	Frontal_Sup_Orb_L	Frontal_Sup_Orb_R	Frontal_Mid_L	Frontal_Mid_R	Frontal_Mid_Orb_L	Frontal_Mid_Orb_R	Frontal_Inf_Oper_L	Frontal_Inf_Oper_R	Frontal_Inf_Tri_L	Frontal_Inf_Tri_R	Frontal_Inf_Orb_L	Frontal_Inf_Orb_R	Rolandic_Oper_L	Rolandic_Oper_R	Supp_Motor_Area_L	Supp_Motor_Area_R	Olfactory_L	Olfactory_R	Frontal_Sup_Medial_L	Frontal_Sup_Medial_R	Frontal_Med_Orb_L	Frontal_Med_Orb_R	Rectus_L	Rectus_R	Insula_L	Insula_R	Cingulum_Ant_L	Cingulum_Ant_R	Cingulum_Mid_L	Cingulum_Mid_R	Cingulum_Post_L	Cingulum_Post_R	Hippocampus_L	Hippocampus_R	ParaHippocampal_L	ParaHippocampal_R	Amygdala_L	Amygdala_R	Calcarine_L	Calcarine_R	Cuneus_L	Cuneus_R	Lingual_L	Lingual_R	Occipital_Sup_L	Occipital_Sup_R	Occipital_Mid_L	Occipital_Mid_R	Occipital_Inf_L	Occipital_Inf_R	Fusiform_L	Fusiform_R	Postcentral_L	Postcentral_R	Parietal_Sup_L	Parietal_Sup_R	Parietal_Inf_L	Parietal_Inf_R	SupraMarginal_L	SupraMarginal_R	Angular_L	Angular_R	Precuneus_L	Precuneus_R	Paracentral_Lobule_L	Paracentral_Lobule_R	Caudate_L	Caudate_R	Putamen_L	Putamen_R	Pallidum_L	Pallidum_R	Thalamus_L	Thalamus_R	Heschl_L	Heschl_R	Temporal_Sup_L	Temporal_Sup_R	Temporal_Pole_Sup_L	Temporal_Pole_Sup_R	Temporal_Mid_L	Temporal_Mid_R	Temporal_Pole_Mid_L	Temporal_Pole_Mid_R	Temporal_Inf_L	Temporal_Inf_R	Cerebelum_Crus1_L	Cerebelum_Crus1_R	Cerebelum_Crus2_L	Cerebelum_Crus2_R	Cerebelum_3_L	Cerebelum_3_R	Cerebelum_4_5_L	Cerebelum_4_5_R	Cerebelum_6_L	Cerebelum_6_R	Cerebelum_7b_L	Cerebelum_7b_R	Cerebelum_8_L	Cerebelum_8_R	Cerebelum_9_L	Cerebelum_9_R	Cerebelum_10_L	Cerebelum_10_R	Vermis_1_2	Vermis_3	Vermis_4_5	Vermis_6	Vermis_7	Vermis_8	Vermis_9	Vermis_10	
451544	Precentral_L	0	0	22016	480	174	0	24748	0	0	0	19640	0	3590	0	196	0	13968	144	9230	292	0	0	230	0	0	0	0	0	10742	282	0	314	4180	0	3354	626	2150	222	286	0	0	0	2588	0	6072	0	504	0	2866	0	11496	0	1548	0	420	0	24500	0	536	0	2254	0	1134	0	972	0	5678	0	23324	0	2000	364	5948	594	2512	0	4694	872	1558	0	1844	0	582	0	3130	0	0	0	918	0	0	0	0	0	0	0	0	0	0	0	0	0	0	0	0	0	0	0	0	0	0	0	0	0	0	0	
178216	Precentral_R	0	0	940	4004	0	0	0	10022	0	0	0	7804	0	1676	0	0	0	2208	972	6074	0	0	0	1062	0	150	0	0	0	2250	0	796	168	2946	272	1456	0	958	0	0	0	0	0	2482	0	2794	0	262	0	1240	0	1110	0	0	0	364	0	13110	0	228	0	1264	0	2706	0	412	0	6398	0	4558	504	1206	0	928	0	166	348	906	0	796	0	758	0	0	0	1886	0	0	0	772	0	0	0	0	0	0	0	0	0	0	0	0	0	0	0	0	0	0	0	0	152	0	0	0	0	0	
1.10579e+06	Frontal_Sup_L	22016	940	0	12776	7958	294	83382	1722	3298	0	25364	490	19550	194	5358	0	18490	196	118404	18506	0	0	36886	1488	1522	576	1000	0	31858	1016	19576	4834	7588	2334	3000	1558	5092	1146	580	152	0	0	0	0	0	0	0	182	0	0	768	0	246	0	182	0	7294	0	0	0	236	0	670	154	0	0	314	318	1416	0	19484	3966	25302	2006	3286	0	17178	1710	2486	124	2622	134	2880	0	394	188	0	0	210	0	0	0	0	0	0	0	0	0	0	0	0	0	0	0	0	0	0	0	0	0	0	0	0	0	0	0	
665560	Frontal_Sup_R	480	4004	12776	0	156	4462	376	29482	0	626	418	4078	0	6274	0	988	122	3324	17806	67532	0	244	7828	31668	0	4740	0	496	202	13792	4574	26944	2282	23518	1080	1986	346	5794	0	840	0	0	0	456	0	0	0	384	0	0	0	0	0	0	0	1538	0	1028	0	0	0	218	0	522	0	0	0	816	0	0	3504	14292	268	13160	0	1206	980	10274	0	1486	0	1420	0	132	0	746	0	0	0	1112	0	0	0	0	0	0	0	0	0	0	0	0	0	0	0	0	0	0	0	0	0	0	0	0	0	0	
216720	Frontal_Sup_Orb_L	174	0	7958	156	0	126	3016	0	19058	0	318	0	1438	0	11884	0	132	0	1340	0	2322	0	3794	564	10372	1312	12266	292	9316	0	8676	486	0	0	0	0	0	0	0	0	0	0	0	0	0	0	0	0	0	0	0	0	0	0	0	0	0	0	0	0	0	0	0	0	0	0	0	0	0	0	3224	204	9476	0	0	0	0	0	0	0	0	0	456	0	0	0	0	0	0	0	0	0	0	0	0	0	0	0	0	0	0	0	0	0	0	0	0	0	0	0	0	0	0	0	0	0	
146060	Frontal_Sup_Orb_R	0	0	294	4462	126	0	0	786	0	10396	0	200	0	264	0	4006	0	0	662	1828	0	3714	852	5034	288	9868	156	8196	0	2544	828	6754	0	1898	0	0	0	0	0	232	0	0	0	0	0	0	0	0	0	0	0	0	0	0	0	0	0	0	0	0	0	0	0	0	0	0	0	0	0	0	278	5000	0	4148	0	216	0	0	0	0	0	0	0	0	0	0	0	0	0	0	0	0	0	0	0	0	0	0	0	0	0	0	0	0	0	0	0	0	0	0	0	0	0	0	0	0	
545912	Frontal_Mid_L	24748	0	83382	376	3016	0	0	0	3070	0	16672	0	28716	0	4088	0	10412	0	21570	0	0	0	20168	132	152	0	138	0	16108	120	7478	1024	2690	160	414	0	2506	0	298	0	0	0	0	0	0	0	0	0	0	0	0	0	152	0	132	0	2866	0	0	0	0	0	0	0	0	0	0	0	362	0	2534	462	9554	0	3582	0	2172	0	2062	0	814	0	492	0	146	0	0	0	188	0	0	0	0	0	0	0	0	0	0	0	0	0	0	0	0	0	0	0	0	0	0	0	0	0	0	0	
233408	Frontal_Mid_R	0	10022	1722	29482	0	786	0	0	0	866	0	8808	0	12266	0	1960	0	1976	1584	4306	0	0	992	5902	0	1612	0	0	0	7572	1062	8896	376	3054	0	144	0	564	0	0	0	0	0	0	0	0	0	0	0	0	0	0	0	0	0	184	0	482	0	0	0	172	0	448	0	0	0	0	0	0	532	2542	0	3456	0	664	122	1822	0	1338	0	864	0	0	0	0	0	0	0	126	0	0	0	0	0	0	0	0	0	0	0	0	0	0	0	0	0	0	0	0	0	0	0	0	0	0	
134640	Frontal_Mid_Orb_L	0	0	3298	0	19058	0	3070	0	0	0	390	0	2154	0	16656	0	0	0	900	0	560	0	0	0	2306	0	5526	0	7320	0	880	0	0	0	0	0	0	0	0	0	0	0	0	0	0	0	0	0	0	0	0	0	0	0	0	0	0	0	0	0	0	0	0	0	0	0	0	0	0	0	964	0	3712	0	0	0	0	0	0	0	0	0	526	0	0	0	0	0	0	0	0	0	0	0	0	0	0	0	0	0	0	0	0	0	0	0	0	0	0	0	0	0	0	0	0	0	
70044	Frontal_Mid_Orb_R	0	0	0	626	0	10396	0	866	0	0	0	0	0	344	0	7224	0	0	204	556	0	822	0	474	0	974	0	1876	0	1882	0	548	0	512	0	0	0	0	0	0	0	0	0	0	0	0	0	0	0	0	0	0	0	0	0	0	0	0	0	0	0	0	0	0	0	0	0	0	0	0	0	3350	0	4134	0	234	0	0	0	0	0	0	0	0	0	0	0	0	0	0	0	0	0	0	0	0	0	0	0	0	0	0	0	0	0	0	0	0	0	0	0	0	0	0	0	0	
301160	Frontal_Inf_Oper_L	19640	0	25364	418	318	0	16672	0	390	0	0	0	15832	0	1116	0	16214	0	14294	186	0	0	584	126	0	0	0	0	20244	230	582	474	0	0	0	0	0	0	0	0	0	0	0	0	0	0	0	0	0	0	0	0	0	0	0	0	4312	0	0	0	0	0	0	0	0	0	0	0	0	0	1920	900	1678	364	0	0	0	0	498	0	2718	0	5506	0	0	0	0	0	0	0	0	0	0	0	0	0	0	0	0	0	0	0	0	0	0	0	0	0	0	0	0	0	0	0	0	0	
222760	Frontal_Inf_Oper_R	0	7804	490	4078	0	200	0	8808	0	0	0	0	0	15552	0	0	0	7440	1594	7474	0	0	138	7942	0	2098	0	0	0	18358	498	8422	0	6718	0	0	0	304	0	0	0	0	0	0	0	0	0	0	0	0	0	0	0	0	0	0	0	2458	0	0	0	342	0	632	0	0	0	0	0	0	248	2284	0	3152	0	288	0	432	0	1214	0	1010	0	1402	0	0	0	0	0	0	0	0	0	0	0	0	0	0	0	0	0	0	0	0	0	0	0	0	0	0	0	0	0	0	0	0	
244512	Frontal_Inf_Tri_L	3590	0	19550	0	1438	0	28716	0	2154	0	15832	0	0	0	10854	0	1598	0	10680	0	0	0	1786	0	0	0	0	0	20976	0	434	0	0	0	0	0	0	0	0	0	0	0	0	0	0	0	0	0	0	0	0	0	0	0	0	0	246	0	0	0	0	0	0	0	0	0	0	0	0	0	390	0	642	0	0	0	0	0	130	0	374	0	2866	0	0	0	0	0	0	0	0	0	0	0	0	0	0	0	0	0	0	0	0	0	0	0	0	0	0	0	0	0	0	0	0	0	
222116	Frontal_Inf_Tri_R	0	1676	194	6274	0	264	0	12266	0	344	0	15552	0	0	0	4548	0	1442	416	3494	0	0	1412	11372	0	2662	0	0	0	22976	648	10144	818	8482	0	0	0	130	0	0	0	0	0	0	0	0	0	0	0	0	0	0	0	0	0	0	0	286	0	0	0	0	0	0	0	0	0	0	0	0	0	2634	0	1928	0	0	0	232	0	404	0	316	0	144	0	0	0	0	0	0	0	0	0	0	0	0	0	0	0	0	0	0	0	0	0	0	0	0	0	0	0	0	0	0	0	0	
169292	Frontal_Inf_Orb_L	196	0	5358	0	11884	0	4088	0	16656	0	1116	0	10854	0	0	0	154	0	2742	0	1942	0	0	0	692	0	2162	0	17728	0	1096	0	0	0	0	0	0	0	0	0	0	0	0	0	0	0	0	0	0	0	0	0	0	0	0	0	0	0	0	0	0	0	0	0	0	0	0	0	0	0	1714	0	4508	0	0	0	0	0	0	0	0	0	1756	0	0	0	0	0	0	0	0	0	0	0	0	0	0	0	0	0	0	0	0	0	0	0	0	0	0	0	0	0	0	0	0	0	
72596	Frontal_Inf_Orb_R	0	0	0	988	0	4006	0	1960	0	7224	0	0	0	4548	0	0	0	0	138	492	0	482	0	1134	0	530	0	592	0	8024	0	486	0	938	0	0	0	0	0	606	0	0	0	0	0	0	0	0	0	0	0	0	0	0	0	0	0	0	0	0	0	0	0	0	0	0	0	0	0	0	0	1438	0	2518	0	0	0	0	0	0	0	0	0	194	0	0	0	0	0	0	0	0	0	0	0	0	0	0	0	0	0	0	0	0	0	0	0	0	0	0	0	0	0	0	0	0	
269608	Rolandic_Oper_L	13968	0	18490	122	132	0	10412	0	0	0	16214	0	1598	0	154	0	0	0	11846	0	0	0	0	0	0	0	0	0	17770	0	0	154	184	0	220	0	262	0	0	0	0	0	180	0	146	0	0	0	0	0	4424	0	1656	0	190	0	8528	0	948	0	810	0	1982	0	508	0	316	0	734	0	354	188	888	122	0	0	0	0	3368	0	9122	0	2876	0	4230	0	0	0	1708	0	0	0	0	0	0	0	0	0	0	0	0	0	0	0	0	0	0	0	0	0	0	0	0	0	0	0	
146884	Rolandic_Oper_R	144	2208	196	3324	0	0	0	1976	0	0	0	7440	0	1442	0	0	0	0	884	5020	0	0	0	1248	0	0	0	0	0	10184	0	366	0	3652	0	0	0	1016	0	136	0	0	0	268	0	0	0	0	0	0	0	0	0	0	0	386	0	3684	0	144	0	1276	0	4366	0	228	0	594	0	0	186	246	0	1844	0	0	0	2230	0	7758	0	7754	0	1868	0	810	0	0	0	564	0	0	0	0	0	0	0	0	0	0	0	0	0	0	0	0	0	0	0	0	0	0	0	0	0	0	
831936	Supp_Motor_Area_L	9230	972	118404	17806	1340	662	21570	1584	900	204	14294	1594	10680	416	2742	138	11846	884	0	35684	0	0	7194	2188	0	496	0	0	21964	3768	5100	7524	16078	12694	2784	1618	3284	1200	322	190	0	0	0	122	0	0	0	236	0	0	302	0	0	0	0	158	4148	176	0	0	0	128	460	186	0	0	196	570	4238	0	16178	4936	17042	4872	2666	0	14590	1418	1266	320	1618	308	2002	0	0	318	0	0	0	160	0	0	0	0	0	0	0	0	0	0	0	0	0	0	0	0	0	0	0	0	0	0	0	0	0	0	
767760	Supp_Motor_Area_R	292	6074	18506	67532	0	1828	0	4306	0	556	186	7474	0	3494	0	492	0	5020	35684	0	0	0	806	10994	0	1856	0	158	130	13376	2360	17192	9008	57754	2300	8088	422	6030	0	790	0	0	0	3180	0	5470	0	762	0	1652	0	714	0	0	0	1392	0	2110	0	0	0	162	0	584	0	0	180	14432	974	11716	2740	18738	156	12398	0	988	1180	15534	0	1714	0	1562	0	572	0	764	0	0	0	1040	0	0	0	0	0	0	0	0	0	0	0	0	0	0	0	0	0	0	0	0	458	0	0	0	0	0	
78024	Olfactory_L	0	0	0	0	2322	0	0	0	560	0	0	0	0	0	1942	0	0	0	0	0	0	2838	0	0	1966	216	2346	0	2276	0	4432	846	0	0	0	0	340	0	318	0	796	0	0	0	0	0	0	0	0	0	0	0	0	0	0	0	0	0	0	0	0	0	0	0	0	0	0	0	0	0	7430	3004	4804	306	468	1410	0	0	0	0	0	0	392	0	0	0	0	0	0	0	0	0	0	0	0	0	0	0	0	0	0	0	0	0	0	0	0	0	0	0	0	0	0	0	0	0	
105688	Olfactory_R	0	0	0	244	0	3714	0	0	0	822	0	0	0	0	0	482	0	0	0	0	2838	0	0	836	166	6252	156	5690	0	1930	2602	6000	0	306	0	0	0	420	0	384	0	376	0	0	0	0	0	0	0	0	0	0	0	0	0	0	0	0	0	0	0	0	0	0	0	0	0	0	0	0	3124	9116	2616	1214	486	2942	0	0	0	0	0	0	0	128	0	0	0	0	0	0	0	0	0	0	0	0	0	0	0	0	0	0	0	0	0	0	0	0	0	0	0	0	0	0	0	0	
304908	Frontal_Sup_Medial_L	230	0	36886	7828	3794	852	20168	992	0	0	584	138	1786	1412	0	0	0	0	7194	806	0	0	0	13268	2192	2936	696	174	514	728	19432	14662	5198	7022	0	0	0	0	0	0	0	0	0	0	0	0	0	0	0	0	0	0	0	0	0	0	0	0	0	0	0	0	0	0	0	0	0	0	0	0	1060	756	850	296	0	0	0	0	0	0	0	0	0	0	0	0	0	0	0	0	0	0	0	0	0	0	0	0	0	0	0	0	0	0	0	0	0	0	0	0	0	0	0	0	0	0	
383764	Frontal_Sup_Medial_R	0	1062	1488	31668	564	5034	132	5902	0	474	126	7942	0	11372	0	1134	0	1248	2188	10994	0	836	13268	0	470	13564	0	1780	0	11054	5060	30472	254	18808	0	0	0	0	0	0	0	0	0	0	0	0	0	0	0	0	0	0	0	0	0	0	0	282	0	0	0	0	0	0	0	0	0	0	0	0	714	7878	126	4898	0	282	0	126	0	390	0	292	0	0	0	0	0	0	0	0	0	0	0	0	0	0	0	0	0	0	0	0	0	0	0	0	0	0	0	0	0	0	0	0	0	0	
95656	Frontal_Med_Orb_L	0	0	1522	0	10372	288	152	0	2306	0	0	0	0	0	692	0	0	0	0	0	1966	166	2192	470	0	1970	9542	662	184	0	10150	500	0	0	0	0	0	0	0	0	0	0	0	0	0	0	0	0	0	0	0	0	0	0	0	0	0	0	0	0	0	0	0	0	0	0	0	0	0	0	2620	184	1890	0	0	0	0	0	0	0	0	0	0	0	0	0	0	0	0	0	0	0	0	0	0	0	0	0	0	0	0	0	0	0	0	0	0	0	0	0	0	0	0	0	0	0	
214608	Frontal_Med_Orb_R	0	150	576	4740	1312	9868	0	1612	0	974	0	2098	0	2662	0	530	0	0	496	1856	216	6252	2936	13564	1970	0	454	8428	0	2352	3580	18286	0	2180	0	0	0	0	0	0	0	0	0	0	0	0	0	0	0	0	0	0	0	0	0	0	0	0	0	0	0	0	0	0	0	0	0	0	0	0	306	11500	0	7206	0	1200	0	0	0	0	0	0	0	0	0	0	0	0	0	0	0	0	0	0	0	0	0	0	0	0	0	0	0	0	0	0	0	0	0	0	0	0	0	0	0	0	
93840	Rectus_L	0	0	1000	0	12266	156	138	0	5526	0	0	0	0	0	2162	0	0	0	0	0	2346	156	696	0	9542	454	0	296	654	0	6356	186	0	0	0	0	0	0	0	0	0	0	0	0	0	0	0	0	0	0	0	0	0	0	0	0	0	0	0	0	0	0	0	0	0	0	0	0	0	0	2942	150	1894	0	0	0	0	0	0	0	0	0	0	0	0	0	0	0	0	0	0	0	0	0	0	0	0	0	0	0	0	0	0	0	0	0	0	0	0	0	0	0	0	0	0	0	
78764	Rectus_R	0	0	0	496	292	8196	0	0	0	1876	0	0	0	0	0	592	0	0	0	158	0	5690	174	1780	662	8428	296	0	0	1286	562	4168	0	532	0	0	0	138	0	252	0	140	0	0	0	0	0	0	0	0	0	0	0	0	0	0	0	0	0	0	0	0	0	0	0	0	0	0	0	0	0	2750	0	914	0	0	0	0	0	0	0	0	0	0	0	0	0	0	0	0	0	0	0	0	0	0	0	0	0	0	0	0	0	0	0	0	0	0	0	0	0	0	0	0	0	0	
580808	Insula_L	10742	0	31858	202	9316	0	16108	0	7320	0	20244	0	20976	0	17728	0	17770	0	21964	130	2276	0	514	0	184	0	654	0	0	0	966	340	0	0	390	154	14186	148	3122	0	3674	0	246	0	380	0	228	0	270	0	4146	0	2318	0	11230	0	3798	0	0	0	130	0	210	0	152	0	336	0	518	0	2698	792	17930	0	0	0	644	0	7350	0	9656	0	7380	0	8492	0	328	0	8738	0	172	0	0	0	0	0	1024	0	272	0	0	0	0	0	0	0	0	0	0	0	0	0	0	0	0	0	
404968	Insula_R	282	2250	1016	13792	0	2544	120	7572	0	1882	230	18358	0	22976	0	8024	0	10184	3768	13376	0	1930	728	11054	0	2352	0	1286	0	0	720	7094	658	10464	0	0	0	5326	0	1504	0	248	0	430	0	0	0	212	0	0	0	0	0	0	0	1214	0	692	0	0	0	134	0	380	0	0	0	1288	0	0	658	4516	0	21242	0	598	0	678	0	4138	0	9270	0	1986	0	3642	0	0	0	1668	0	0	0	0	0	0	0	0	0	0	0	0	0	0	0	0	0	0	0	0	0	0	0	0	0	0	
322496	Cingulum_Ant_L	0	0	19576	4574	8676	828	7478	1062	880	0	582	498	434	648	1096	0	0	0	5100	2360	4432	2602	19432	5060	10150	3580	6356	562	966	720	0	18560	5508	3560	0	0	0	0	0	0	0	0	0	0	0	0	0	0	0	0	0	0	0	0	0	0	0	0	0	0	0	0	0	0	0	0	0	0	0	0	11004	4262	7328	970	0	2162	0	0	0	0	0	0	242	0	0	0	0	0	0	0	0	0	0	0	0	0	0	0	0	0	0	0	0	0	0	0	0	0	0	0	0	0	0	0	0	0	
555144	Cingulum_Ant_R	314	796	4834	26944	486	6754	1024	8896	0	548	474	8422	0	10144	0	486	154	366	7524	17192	846	6000	14662	30472	500	18286	186	4168	340	7094	18560	0	3430	33392	0	0	0	0	0	0	0	0	0	0	0	0	0	0	0	0	0	0	0	0	0	0	0	0	0	0	0	0	0	152	0	0	0	0	0	0	3502	25226	942	10162	0	3560	0	358	0	196	0	180	0	0	0	0	0	0	0	0	0	0	0	0	0	0	0	0	0	0	0	0	0	0	0	0	0	0	0	0	0	0	0	0	0	0	
211416	Cingulum_Mid_L	4180	168	7588	2282	0	0	2690	376	0	0	0	0	0	818	0	0	184	0	16078	9008	0	0	5198	254	0	0	0	0	0	658	5508	3430	0	15008	3456	3032	0	0	0	0	0	0	0	0	252	788	0	0	1206	426	3060	122	0	0	0	0	568	0	662	0	304	0	0	0	144	0	4752	1648	9506	826	0	146	566	0	0	0	376	186	0	0	0	0	0	0	254	0	0	0	0	0	0	0	0	0	0	0	0	0	0	0	0	0	0	0	0	0	0	0	0	0	0	0	0	0	0	0	
606940	Cingulum_Mid_R	0	2946	2334	23518	0	1898	160	3054	0	512	0	6718	0	8482	0	938	0	3652	12694	57754	0	306	7022	18808	0	2180	0	532	0	10464	3560	33392	15008	0	2236	6312	0	196	0	0	0	0	0	3092	0	12422	0	328	0	6790	0	3756	0	0	0	0	0	1868	0	790	0	138	0	504	0	130	1434	24352	830	9252	208	6018	0	3350	0	196	0	204	0	1194	0	980	0	524	0	190	0	0	0	0	0	0	0	0	0	0	0	0	0	0	0	0	0	0	0	0	0	0	0	0	244	0	0	0	0	0	
180900	Cingulum_Post_L	3354	272	3000	1080	0	0	414	0	0	0	0	0	0	0	0	0	220	0	2784	2300	0	0	0	0	0	0	0	0	390	0	0	0	3456	2236	0	8138	6774	4024	0	528	0	0	4174	312	2830	120	1742	434	2536	0	3006	0	402	0	0	142	428	0	904	0	0	0	0	0	0	0	13106	2868	2052	146	1022	0	2220	782	0	0	6416	4166	0	0	0	0	0	0	192	370	0	0	124	248	0	0	0	0	0	0	0	352	0	0	0	0	0	0	0	0	0	0	0	0	386	0	0	0	0	0	
160656	Cingulum_Post_R	626	1456	1558	1986	0	0	0	144	0	0	0	0	0	0	0	0	0	0	1618	8088	0	0	0	0	0	0	0	0	154	0	0	0	3032	6312	8138	0	1822	8166	0	762	0	0	0	1592	0	308	0	3044	0	0	0	0	0	0	0	394	0	0	0	0	0	0	0	0	0	0	204	9060	590	1908	168	436	274	1324	0	0	7626	6916	0	0	0	130	0	0	0	538	0	0	0	422	0	0	0	0	0	0	0	510	0	0	0	0	0	0	0	0	0	0	0	0	1022	0	0	0	0	0	
249696	Hippocampus_L	2150	0	5092	346	0	0	2506	0	0	0	0	0	0	0	0	0	262	0	3284	422	340	0	0	0	0	0	0	0	14186	0	0	0	0	0	6774	1822	0	1704	11476	318	8108	0	2272	0	0	0	1994	362	0	0	1498	0	1180	0	18044	0	274	0	0	0	0	0	0	0	0	0	4176	0	338	0	0	0	6190	0	332	0	1924	1044	2094	0	3776	0	1764	0	5544	0	600	0	9312	0	594	0	0	0	0	0	1742	280	724	0	0	0	0	0	0	0	0	0	0	0	0	0	0	0	0	0	
358080	Hippocampus_R	222	958	1146	5794	0	0	0	564	0	0	0	304	0	130	0	0	0	1016	1200	6030	0	420	0	0	0	0	0	138	148	5326	0	0	0	196	4024	8166	1704	0	0	25090	0	11692	0	2636	0	130	0	5614	0	0	0	506	0	536	0	29214	0	236	0	0	0	222	0	402	0	0	0	4912	0	0	232	612	276	9898	0	256	4290	7024	0	932	0	3832	0	2430	0	7532	0	1088	0	18278	0	0	0	0	0	122	0	2892	0	312	0	0	0	0	0	0	0	0	0	0	358	0	0	0	0	0	
94428	ParaHippocampal_L	286	0	580	0	0	0	298	0	0	0	0	0	0	0	0	0	0	0	322	0	318	0	0	0	0	0	0	0	3122	0	0	0	0	0	0	0	11476	0	0	0	3380	0	366	0	0	0	2948	0	0	0	682	0	546	0	9204	0	0	0	0	0	0	0	0	0	0	0	378	0	0	0	0	0	2416	0	278	0	132	0	446	0	884	0	2500	0	502	0	2076	0	1500	0	456	0	0	0	0	0	1268	0	850	0	0	0	0	0	0	0	0	0	0	0	0	0	0	0	0	0	
199908	ParaHippocampal_R	0	0	152	840	0	232	0	0	0	0	0	0	0	0	0	606	0	136	190	790	0	384	0	0	0	0	0	252	0	1504	0	0	0	0	528	762	318	25090	0	0	0	8650	0	224	0	0	0	3282	0	0	0	0	0	196	0	25820	0	0	0	0	0	0	0	120	0	0	0	322	0	0	0	280	0	2836	0	170	482	2152	0	122	0	362	0	5588	0	1430	0	4372	0	6240	0	0	0	0	0	234	0	4698	0	590	0	0	0	0	0	0	0	0	0	0	0	0	0	0	0	0	
49368	Amygdala_L	0	0	0	0	0	0	0	0	0	0	0	0	0	0	0	0	0	0	0	0	796	0	0	0	0	0	0	0	3674	0	0	0	0	0	0	0	8108	0	3380	0	0	0	0	0	0	0	0	0	0	0	0	0	0	0	3794	0	0	0	0	0	0	0	0	0	0	0	0	0	0	0	204	0	814	0	0	0	180	0	0	0	0	0	1412	0	334	0	628	0	1026	0	0	0	0	0	0	0	334	0	0	0	0	0	0	0	0	0	0	0	0	0	0	0	0	0	0	0	
72964	Amygdala_R	0	0	0	0	0	0	0	0	0	0	0	0	0	0	0	0	0	0	0	0	0	376	0	0	0	0	0	140	0	248	0	0	0	0	0	0	0	11692	0	8650	0	0	0	0	0	0	0	0	0	0	0	0	0	0	0	7436	0	0	0	0	0	0	0	0	0	0	0	0	0	0	0	190	0	988	0	0	0	318	0	0	0	0	0	3464	0	0	0	928	0	1118	0	0	0	0	0	0	0	934	0	0	0	0	0	0	0	0	0	0	0	0	0	0	0	0	0	0	
201792	Calcarine_L	2588	0	0	0	0	0	0	0	0	0	0	0	0	0	0	0	180	0	0	0	0	0	0	0	0	0	0	0	246	0	0	0	0	0	4174	0	2272	0	366	0	0	0	0	4924	10780	2664	11994	2162	7856	1016	22878	0	5936	0	1170	126	300	0	178	0	0	0	0	0	0	0	14336	320	1766	0	0	0	130	0	0	0	0	0	0	0	786	0	0	0	1206	0	0	0	338	0	0	0	0	0	0	0	0	0	0	0	0	0	0	0	0	0	0	0	0	0	204	0	0	0	0	0	
295268	Calcarine_R	0	2482	0	456	0	0	0	0	0	0	0	0	0	0	0	0	0	268	122	3180	0	0	0	0	0	0	0	0	0	430	0	0	0	3092	312	1592	0	2636	0	224	0	0	4924	0	2104	21072	1114	27582	264	13696	0	13352	0	5194	0	10642	0	364	0	0	0	0	0	0	0	180	1234	20148	0	2260	0	0	0	156	0	0	0	0	0	144	0	374	0	0	0	3310	0	0	0	2244	0	364	0	0	0	0	0	764	0	1134	0	0	0	0	0	0	0	0	0	0	220	0	0	0	0	0	
180536	Cuneus_L	6072	0	0	0	0	0	0	0	0	0	0	0	0	0	0	0	146	0	0	0	0	0	0	0	0	0	0	0	380	0	0	0	252	0	2830	0	0	0	0	0	0	0	10780	2104	0	5418	552	668	20542	1208	12266	0	1284	0	148	492	588	0	3758	0	146	0	0	0	0	0	14346	1212	4708	0	0	0	0	0	0	0	0	0	0	0	0	0	0	0	206	0	0	0	162	0	0	0	0	0	0	0	0	0	0	0	0	0	0	0	0	0	0	0	0	0	0	0	0	0	0	0	
320968	Cuneus_R	0	2794	0	0	0	0	0	0	0	0	0	0	0	0	0	0	0	0	0	5470	0	0	0	0	0	0	0	0	0	0	0	0	788	12422	120	308	0	130	0	0	0	0	2664	21072	5418	0	260	7938	418	36290	0	8936	0	348	0	3568	0	1284	0	3670	0	222	0	408	0	354	4212	34540	0	5510	0	0	0	0	0	0	0	0	0	0	0	170	0	0	0	776	0	0	0	196	0	0	0	0	0	0	0	0	0	198	0	0	0	0	0	0	0	0	0	0	0	0	0	0	0	0	
185724	Lingual_L	504	0	0	0	0	0	0	0	0	0	0	0	0	0	0	0	0	0	0	0	0	0	0	0	0	0	0	0	228	0	0	0	0	0	1742	0	1994	0	2948	0	0	0	11994	1114	552	260	0	1884	1040	186	16736	0	12982	130	13124	338	122	0	0	0	0	0	0	0	0	0	5382	0	278	0	0	0	198	0	0	0	224	0	126	0	350	0	0	0	524	0	0	0	408	0	1960	488	0	0	0	0	3354	0	7010	928	0	0	0	0	0	0	0	0	0	0	714	2332	708	0	0	0	
280380	Lingual_R	0	262	182	384	0	0	0	0	0	0	0	0	0	0	0	0	0	0	236	762	0	0	0	0	0	0	0	0	0	212	0	0	0	328	434	3044	362	5614	0	3282	0	0	2162	27582	668	7938	1884	0	0	6492	0	6406	0	6328	404	20870	0	0	0	0	0	0	0	0	0	0	644	9162	0	298	0	0	0	340	0	0	556	828	0	0	0	0	0	0	0	2052	0	0	0	2524	314	3340	0	186	0	124	1232	4914	1524	6732	0	0	0	0	130	254	0	0	0	0	2492	4480	1800	216	212	0	
165940	Occipital_Sup_L	2866	0	0	0	0	0	0	0	0	0	0	0	0	0	0	0	0	0	0	0	0	0	0	0	0	0	0	0	270	0	0	0	1206	0	2536	0	0	0	0	0	0	0	7856	264	20542	418	1040	0	0	0	26192	0	338	0	150	0	0	0	5390	0	1574	0	0	0	342	0	9702	152	2004	0	0	0	0	0	0	0	0	0	0	0	0	0	0	0	128	0	0	0	0	0	0	0	0	0	0	0	0	0	0	0	0	0	0	0	0	0	0	0	0	0	0	0	0	0	0	0	
279576	Occipital_Sup_R	0	1240	0	0	0	0	0	0	0	0	0	0	0	0	0	0	0	0	0	1652	0	0	0	0	0	0	0	0	0	0	0	0	426	6790	0	0	0	0	0	0	0	0	1016	13696	1208	36290	186	6492	0	0	0	22224	0	856	0	3176	0	1238	0	6066	0	2252	0	642	0	6114	1266	22600	0	2076	0	0	0	0	0	0	0	0	0	0	0	260	0	0	0	1100	0	0	0	370	0	216	0	0	0	0	0	0	0	336	0	0	0	0	0	0	0	0	0	0	0	0	0	0	0	0	
573608	Occipital_Mid_L	11496	0	768	0	0	0	0	0	0	0	0	0	0	0	0	0	4424	0	302	0	0	0	0	0	0	0	0	0	4146	0	0	0	3060	0	3006	0	1498	0	682	0	0	0	22878	0	12266	0	16736	0	26192	0	0	0	34222	0	15810	0	6014	0	11458	0	16676	0	2756	0	19846	0	16364	0	7812	0	0	0	0	0	0	0	0	0	1508	0	5018	0	0	0	29514	0	0	0	8068	0	378	264	0	0	0	0	786	0	1546	280	0	0	0	0	0	0	0	0	0	0	142	608	280	0	0	0	
230352	Occipital_Mid_R	0	1110	0	0	0	0	0	0	0	0	0	0	0	0	0	0	0	0	0	714	0	0	0	0	0	0	0	0	0	0	0	0	122	3756	0	0	0	506	0	0	0	0	0	13352	0	8936	0	6406	0	22224	0	0	0	7036	0	3862	0	216	0	446	0	2806	0	346	0	15190	182	8036	0	620	0	0	0	136	0	0	0	0	0	0	0	404	0	0	0	13860	0	0	0	4086	0	266	0	0	0	0	0	148	0	410	0	0	0	0	0	0	0	0	0	0	0	0	0	0	0	0	
226096	Occipital_Inf_L	1548	0	246	0	0	0	152	0	0	0	0	0	0	0	0	0	1656	0	0	0	0	0	0	0	0	0	0	0	2318	0	0	0	0	0	402	0	1180	0	546	0	0	0	5936	0	1284	0	12982	0	338	0	34222	0	0	0	19896	0	742	0	0	0	132	0	202	0	0	0	3376	0	698	0	0	0	0	0	0	0	0	0	1156	0	1720	0	0	0	5748	0	0	0	7448	0	1988	274	0	0	0	0	2196	0	3412	286	0	0	0	0	0	0	0	0	0	0	176	500	288	0	0	0	
86100	Occipital_Inf_R	0	0	0	0	0	0	0	0	0	0	0	0	0	0	0	0	0	0	0	0	0	0	0	0	0	0	0	0	0	0	0	0	0	0	0	0	0	536	0	196	0	0	0	5194	0	348	130	6328	0	856	0	7036	0	0	0	8684	0	0	0	0	0	0	0	0	0	0	0	476	0	0	0	0	0	0	0	0	0	0	0	0	0	0	0	0	0	3088	0	0	0	3320	0	810	0	0	0	0	0	2052	0	3044	0	0	0	0	0	0	0	0	0	0	0	632	320	0	0	0	
440504	Fusiform_L	420	0	182	0	0	0	132	0	0	0	0	0	0	0	0	0	190	0	0	0	0	0	0	0	0	0	0	0	11230	0	0	0	0	0	0	0	18044	0	9204	0	3794	0	1170	0	148	0	13124	404	150	0	15810	0	19896	0	0	0	120	0	0	0	0	0	0	0	0	0	574	0	184	0	0	0	1338	0	0	0	0	0	1004	0	5072	0	4952	0	9346	0	4660	0	19992	0	18346	710	946	132	424	0	19772	0	31136	908	664	0	1454	0	292	0	0	0	0	0	1442	2048	838	0	0	0	
439620	Fusiform_R	0	364	0	1538	0	0	0	184	0	0	0	0	0	0	0	0	0	386	158	1392	0	0	0	0	0	0	0	0	0	1214	0	0	0	0	142	394	0	29214	0	25820	0	7436	126	10642	492	3568	338	20870	0	3176	0	3862	0	8684	0	0	0	0	0	0	0	0	0	166	0	0	606	1748	0	0	0	180	0	3988	0	134	182	1118	0	256	0	858	0	8014	0	6678	0	5886	0	23056	124	5412	0	310	0	590	958	13872	522	16064	0	0	0	0	0	302	0	0	0	692	3704	2604	1176	308	302	0	
242104	Postcentral_L	24500	0	7294	0	0	0	2866	0	0	0	4312	0	246	0	0	0	8528	0	4148	0	0	0	0	0	0	0	0	0	3798	0	0	0	568	0	428	0	274	0	0	0	0	0	300	0	588	0	122	0	0	0	6014	0	742	0	120	0	0	0	6828	0	17730	0	9530	0	3488	0	2136	0	3780	0	1282	0	286	0	0	0	1388	248	1764	0	3860	0	0	0	3036	0	0	0	848	0	0	0	0	0	0	0	0	0	0	0	0	0	0	0	0	0	0	0	0	0	0	0	0	0	0	0	
106072	Postcentral_R	0	13110	0	1028	0	0	0	482	0	0	0	2458	0	286	0	0	0	3684	176	2110	0	0	0	282	0	0	0	0	0	692	0	0	0	1868	0	0	0	236	0	0	0	0	0	364	0	1284	0	0	0	1238	0	216	0	0	0	0	0	0	0	2274	0	2828	0	8406	0	514	0	3582	0	3114	0	0	0	0	0	0	0	524	0	342	0	958	0	0	0	676	0	0	0	304	0	0	0	0	0	0	0	0	0	0	0	0	0	0	0	0	0	0	0	0	0	0	0	0	0	0	
126296	Parietal_Sup_L	536	0	0	0	0	0	0	0	0	0	0	0	0	0	0	0	948	0	0	0	0	0	0	0	0	0	0	0	0	0	0	0	662	0	904	0	0	0	0	0	0	0	178	0	3758	0	0	0	5390	0	11458	0	0	0	0	0	6828	0	0	0	11202	0	828	0	2738	0	13706	0	874	0	0	0	0	0	0	0	0	0	0	0	516	0	0	0	2250	0	0	0	372	0	0	0	0	0	0	0	0	0	0	0	0	0	0	0	0	0	0	0	0	0	0	0	0	0	0	0	
60304	Parietal_Sup_R	0	228	0	0	0	0	0	0	0	0	0	0	0	0	0	0	0	144	0	0	0	0	0	0	0	0	0	0	0	0	0	0	0	790	0	0	0	0	0	0	0	0	0	0	0	3670	0	0	0	6066	0	446	0	0	0	0	0	2274	0	0	0	3646	0	1064	0	2710	1132	7114	0	868	0	0	0	0	0	0	0	0	0	0	0	0	0	0	0	0	0	0	0	0	0	0	0	0	0	0	0	0	0	0	0	0	0	0	0	0	0	0	0	0	0	0	0	0	0	0	
177752	Parietal_Inf_L	2254	0	236	0	0	0	0	0	0	0	0	0	0	0	0	0	810	0	0	0	0	0	0	0	0	0	0	0	130	0	0	0	304	0	0	0	0	0	0	0	0	0	0	0	146	0	0	0	1574	0	16676	0	132	0	0	0	17730	0	11202	0	0	0	9038	0	19340	0	1646	0	980	0	0	0	0	0	0	0	0	0	0	0	570	0	0	0	5080	0	0	0	1028	0	0	0	0	0	0	0	0	0	0	0	0	0	0	0	0	0	0	0	0	0	0	0	0	0	0	0	
73332	Parietal_Inf_R	0	1264	0	218	0	0	0	172	0	0	0	342	0	0	0	0	0	1276	128	162	0	0	0	0	0	0	0	0	0	134	0	0	0	138	0	0	0	222	0	0	0	0	0	0	0	222	0	0	0	2252	0	2806	0	0	0	0	0	2828	0	3646	0	0	0	9124	0	10456	0	276	0	0	0	0	0	166	0	0	0	146	0	0	0	220	0	0	0	468	0	0	0	0	0	0	0	0	0	0	0	0	0	0	0	0	0	0	0	0	0	0	0	0	0	0	0	0	0	0	
95208	SupraMarginal_L	1134	0	670	0	0	0	0	0	0	0	0	0	0	0	0	0	1982	0	460	0	0	0	0	0	0	0	0	0	210	0	0	0	0	0	0	0	0	0	0	0	0	0	0	0	0	0	0	0	0	0	2756	0	202	0	0	0	9530	0	828	0	9038	0	0	0	5784	0	374	0	182	0	0	0	0	0	0	0	0	0	0	0	5468	0	0	0	7680	0	0	0	1306	0	0	0	0	0	0	0	0	0	0	0	0	0	0	0	0	0	0	0	0	0	0	0	0	0	0	0	
100008	SupraMarginal_R	0	2706	154	522	0	0	0	448	0	0	0	632	0	0	0	0	0	4366	186	584	0	0	0	0	0	0	0	0	0	380	0	152	0	504	0	0	0	402	0	120	0	0	0	0	0	408	0	0	0	642	0	346	0	0	0	166	0	8406	0	1064	0	9124	0	0	0	4310	0	1074	0	256	0	0	0	162	0	0	0	200	0	420	0	5310	0	0	0	5888	0	0	0	1072	0	0	0	0	0	0	0	0	0	0	0	0	0	0	0	0	0	0	0	0	0	0	0	0	0	0	
137792	Angular_L	972	0	0	0	0	0	0	0	0	0	0	0	0	0	0	0	508	0	0	0	0	0	0	0	0	0	0	0	152	0	0	0	144	0	0	0	0	0	0	0	0	0	0	0	0	0	0	0	342	0	19846	0	0	0	0	0	3488	0	2738	0	19340	0	5784	0	0	0	664	0	1084	0	0	0	0	0	0	0	0	0	0	0	1392	0	0	0	10842	0	0	0	1600	0	0	0	0	0	0	0	0	0	0	0	0	0	0	0	0	0	0	0	0	0	0	0	0	0	0	0	
102712	Angular_R	0	412	0	0	0	0	0	0	0	0	0	0	0	0	0	0	0	228	0	0	0	0	0	0	0	0	0	0	0	0	0	0	0	130	0	0	0	0	0	0	0	0	0	180	0	354	0	0	0	6114	0	15190	0	0	0	0	0	514	0	2710	0	10456	0	4310	0	0	0	426	0	0	0	0	0	0	0	0	0	0	0	0	0	2862	0	0	0	7332	0	0	0	138	0	0	0	0	0	0	0	0	0	0	0	0	0	0	0	0	0	0	0	0	0	0	0	0	0	0	
279588	Precuneus_L	5678	0	314	0	0	0	0	0	0	0	0	0	0	0	0	0	316	0	196	180	0	0	0	0	0	0	0	0	336	0	0	0	4752	1434	13106	204	4176	0	378	0	0	0	14336	1234	14346	4212	5382	644	9702	1266	16364	182	3376	0	574	606	2136	0	13706	1132	1646	0	374	0	664	0	0	6940	6088	0	0	0	394	0	0	0	220	0	0	0	574	0	0	0	1624	0	0	0	668	0	0	0	0	0	0	0	0	0	0	0	0	0	0	0	0	0	0	0	0	0	334	0	0	0	0	0	
412804	Precuneus_R	0	6398	318	816	0	0	0	0	0	0	0	0	0	0	0	0	0	594	570	14432	0	0	0	0	0	0	0	0	0	1288	0	0	1648	24352	2868	9060	0	4912	0	322	0	0	320	20148	1212	34540	0	9162	152	22600	0	8036	0	476	0	1748	0	3582	0	7114	0	276	0	1074	0	426	6940	0	526	11320	0	0	0	460	0	0	618	494	0	394	0	978	0	0	0	2708	0	0	0	1406	0	0	0	0	0	0	0	318	0	0	0	0	0	0	0	0	0	0	0	0	1796	0	0	0	0	0	
161160	Paracentral_Lobule_L	23324	0	1416	0	0	0	362	0	0	0	0	0	0	0	0	0	734	0	4238	974	0	0	0	0	0	0	0	0	518	0	0	0	9506	830	2052	590	338	0	0	0	0	0	1766	0	4708	0	278	0	2004	0	7812	0	698	0	184	0	3780	0	874	0	980	0	182	0	1084	0	6088	526	0	414	0	0	216	150	0	0	734	362	0	0	350	0	0	0	1970	0	0	0	538	0	0	0	0	0	0	0	0	0	0	0	0	0	0	0	0	0	0	0	0	0	0	0	0	0	0	0	
110936	Paracentral_Lobule_R	0	4558	0	0	0	0	0	0	0	0	0	0	0	0	0	0	0	0	0	11716	0	0	0	0	0	0	0	0	0	0	0	0	826	9252	146	1908	0	0	0	0	0	0	0	2260	0	5510	0	298	0	2076	0	620	0	0	0	0	0	3114	0	868	0	0	0	256	0	0	0	11320	414	0	0	0	0	0	0	0	0	0	0	0	0	0	0	0	0	0	0	0	0	0	0	0	0	0	0	0	0	0	0	0	0	0	0	0	0	0	0	0	0	0	326	0	0	0	0	0	
272088	Caudate_L	2000	504	19484	3504	3224	278	2534	532	964	0	1920	248	390	0	1714	0	354	186	16178	2740	7430	3124	1060	714	2620	306	2942	0	2698	658	11004	3502	0	208	1022	168	0	232	0	0	204	0	0	0	0	0	0	0	0	0	0	0	0	0	0	0	1282	0	0	0	0	0	0	0	0	0	0	0	0	0	0	10536	17278	1660	2450	1560	5166	792	0	0	0	0	518	0	0	156	0	0	0	0	0	0	0	0	0	0	0	0	0	0	0	0	0	0	0	0	0	0	0	0	0	0	0	0	0	0	
388820	Caudate_R	364	1206	3966	14292	204	5000	462	2542	0	3350	900	2284	0	2634	0	1438	188	246	4936	18738	3004	9116	756	7878	184	11500	150	2750	792	4516	4262	25226	146	6018	0	436	0	612	0	280	0	190	0	0	0	0	0	0	0	0	0	0	0	0	0	180	0	0	0	0	0	0	0	0	0	0	0	0	0	0	10536	0	4360	20238	850	6166	772	10490	0	0	0	130	122	0	0	0	0	0	0	0	0	0	0	0	0	0	0	0	0	0	0	0	0	0	0	0	0	0	0	0	0	0	0	0	0	0	
354412	Putamen_L	5948	0	25302	268	9476	0	9554	0	3712	0	1678	0	642	0	4508	0	888	0	17042	156	4804	2616	850	126	1890	0	1894	0	17930	0	7328	942	566	0	2220	274	6190	276	2416	0	814	0	130	0	0	0	198	0	0	0	0	0	0	0	1338	0	286	0	0	0	0	0	0	0	0	0	394	0	216	0	17278	4360	0	230	6824	1304	11448	190	170	0	288	0	1128	0	128	0	0	0	732	0	0	0	0	0	0	0	134	0	120	0	0	0	0	0	0	0	0	0	0	0	0	0	0	0	0	0	
340376	Putamen_R	594	928	2006	13160	0	4148	0	3456	0	4134	364	3152	0	1928	0	2518	122	1844	4872	12398	306	1214	296	4898	0	7206	0	914	0	21242	970	10162	0	3350	782	1324	0	9898	0	2836	0	988	0	156	0	0	0	340	0	0	0	136	0	0	0	3988	0	0	0	0	0	166	0	162	0	0	0	460	150	0	1660	20238	230	0	0	4020	1134	7292	0	386	0	1518	0	278	0	2498	0	0	0	3202	0	0	0	0	0	0	0	164	0	0	0	0	0	0	0	0	0	0	0	0	0	0	0	0	0	0	
51536	Pallidum_L	2512	0	3286	0	0	0	3582	0	0	0	0	0	0	0	0	0	0	0	2666	0	468	486	0	0	0	0	0	0	0	0	0	0	0	0	0	0	332	0	278	0	0	0	0	0	0	0	0	0	0	0	0	0	0	0	0	0	0	0	0	0	0	0	0	0	0	0	0	0	0	0	2450	850	6824	0	0	0	2034	0	0	0	0	0	0	0	0	0	0	0	0	0	0	0	0	0	0	0	0	0	0	0	0	0	0	0	0	0	0	0	0	0	0	0	0	0	0	0	
59444	Pallidum_R	0	166	0	1206	0	216	0	664	0	234	0	288	0	0	0	0	0	0	0	988	1410	2942	0	282	0	1200	0	0	0	598	2162	3560	0	196	0	0	0	256	0	170	0	0	0	0	0	0	0	0	0	0	0	0	0	0	0	134	0	0	0	0	0	0	0	0	0	0	0	0	0	0	1560	6166	1304	4020	0	0	0	0	0	0	0	0	0	0	0	0	0	0	0	0	0	0	0	0	0	0	0	0	0	0	0	0	0	0	0	0	0	0	0	0	0	0	0	0	0	0	
203776	Thalamus_L	4694	348	17178	980	0	0	2172	122	0	0	0	0	0	0	0	0	0	0	14590	1180	0	0	0	0	0	0	0	0	644	0	0	0	376	0	6416	7626	1924	4290	132	482	180	0	0	0	0	0	224	556	0	0	0	0	0	0	0	182	1388	0	0	0	0	0	0	0	0	0	220	618	734	0	5166	772	11448	1134	2034	0	0	12842	0	0	0	124	0	0	0	512	0	0	0	350	0	0	0	0	0	0	0	250	0	0	0	0	0	0	0	0	0	0	0	0	0	0	0	0	0	0	
193916	Thalamus_R	872	906	1710	10274	0	0	0	1822	0	0	0	432	0	232	0	0	0	2230	1418	15534	0	0	0	126	0	0	0	0	0	678	0	358	186	204	4166	6916	1044	7024	0	2152	0	318	0	0	0	0	0	828	0	0	0	0	0	0	0	1118	248	524	0	0	0	146	0	200	0	0	0	494	362	0	792	10490	190	7292	0	0	12842	0	0	416	0	408	0	0	0	804	0	0	0	642	0	0	0	0	0	0	0	560	0	0	0	0	0	0	0	0	0	0	0	0	0	0	0	0	0	0	
69776	Heschl_L	1558	0	2486	0	0	0	2062	0	0	0	498	0	130	0	0	0	3368	0	1266	0	0	0	0	0	0	0	0	0	7350	0	0	0	0	0	0	0	2094	0	446	0	0	0	0	0	0	0	126	0	0	0	1508	0	1156	0	1004	0	1764	0	0	0	0	0	0	0	0	0	0	0	0	0	0	0	170	0	0	0	0	0	0	0	2360	0	0	0	3812	0	0	0	1730	0	0	0	0	0	0	0	0	0	0	0	0	0	0	0	0	0	0	0	0	0	0	0	0	0	0	0	
64504	Heschl_R	0	796	124	1486	0	0	0	1338	0	0	0	1214	0	404	0	0	0	7758	320	1714	0	0	0	390	0	0	0	0	0	4138	0	196	0	1194	0	0	0	932	0	122	0	0	0	144	0	0	0	0	0	0	0	0	0	0	0	256	0	342	0	0	0	0	0	420	0	0	0	394	0	0	0	0	0	386	0	0	0	416	0	0	0	6824	0	128	0	550	0	0	0	266	0	0	0	0	0	0	0	0	0	0	0	0	0	0	0	0	0	0	0	0	0	0	0	0	0	0	
222664	Temporal_Sup_L	1844	0	2622	0	0	0	814	0	0	0	2718	0	374	0	0	0	9122	0	1618	0	0	0	0	0	0	0	0	0	9656	0	0	0	0	0	0	0	3776	0	884	0	0	0	786	0	0	0	350	0	0	0	5018	0	1720	0	5072	0	3860	0	516	0	570	0	5468	0	1392	0	574	0	350	0	0	0	288	0	0	0	0	0	2360	0	0	0	5236	0	29856	0	644	0	13684	0	0	0	0	0	0	0	160	0	0	0	0	0	0	0	0	0	0	0	0	0	0	0	0	0	0	0	
153260	Temporal_Sup_R	0	758	134	1420	0	0	0	864	0	0	0	1010	0	316	0	0	0	7754	308	1562	0	0	0	292	0	0	0	0	0	9270	0	180	0	980	0	130	0	3832	0	362	0	0	0	374	0	170	0	0	0	260	0	404	0	0	0	858	0	958	0	0	0	220	0	5310	0	2862	0	978	0	0	0	130	0	1518	0	0	124	408	0	6824	0	0	0	4620	0	18424	0	486	0	2530	0	0	0	0	0	0	0	0	0	0	0	0	0	0	0	0	0	0	0	0	0	0	0	0	0	0	
133832	Temporal_Pole_Sup_L	582	0	2880	0	456	0	492	0	526	0	5506	0	2866	0	1756	0	2876	0	2002	0	392	0	0	0	0	0	0	0	7380	0	242	0	0	0	0	0	1764	0	2500	0	1412	0	0	0	0	0	0	0	0	0	0	0	0	0	4952	0	0	0	0	0	0	0	0	0	0	0	0	0	0	0	518	122	1128	0	0	0	0	0	0	0	5236	0	0	0	7374	0	8752	0	5070	0	0	0	0	0	0	0	132	0	0	0	0	0	0	0	0	0	0	0	0	0	0	0	0	0	0	0	
102808	Temporal_Pole_Sup_R	0	0	0	132	0	0	0	0	0	0	0	1402	0	144	0	194	0	1868	0	572	0	128	0	0	0	0	0	0	0	1986	0	0	0	524	0	0	0	2430	0	5588	0	3464	0	0	0	0	0	0	0	0	0	0	0	0	0	8014	0	0	0	0	0	0	0	0	0	0	0	0	0	0	0	0	0	278	0	0	0	0	0	128	0	4620	0	0	0	5256	0	10178	0	4304	0	0	0	0	0	0	0	194	0	0	0	0	0	0	0	0	0	0	0	0	0	0	0	0	0	0	
390196	Temporal_Mid_L	3130	0	394	0	0	0	146	0	0	0	0	0	0	0	0	0	4230	0	0	0	0	0	0	0	0	0	0	0	8492	0	0	0	254	0	192	0	5544	0	502	0	334	0	1206	0	206	0	524	0	128	0	29514	0	5748	0	9346	0	3036	0	2250	0	5080	0	7680	0	10842	0	1624	0	1970	0	0	0	128	0	0	0	0	0	3812	0	29856	0	7374	0	0	0	7500	0	43266	0	252	0	0	0	0	0	292	0	246	0	0	0	0	0	0	0	0	0	0	0	0	0	0	0	0	0	
259104	Temporal_Mid_R	0	1886	188	746	0	0	0	0	0	0	0	0	0	0	0	0	0	810	318	764	0	0	0	0	0	0	0	0	0	3642	0	0	0	190	370	538	0	7532	0	1430	0	0	0	3310	0	776	0	2052	0	1100	0	13860	0	3088	0	6678	0	676	0	0	0	468	0	5888	0	7332	0	2708	0	0	156	0	0	2498	0	0	512	804	0	550	0	18424	0	5256	0	0	0	3808	0	31194	0	0	0	0	0	0	0	0	0	0	0	0	0	0	0	0	0	0	0	0	0	0	0	0	0	0	
63640	Temporal_Pole_Mid_L	0	0	0	0	0	0	0	0	0	0	0	0	0	0	0	0	0	0	0	0	0	0	0	0	0	0	0	0	328	0	0	0	0	0	0	0	600	0	2076	0	628	0	0	0	0	0	0	0	0	0	0	0	0	0	4660	0	0	0	0	0	0	0	0	0	0	0	0	0	0	0	0	0	0	0	0	0	0	0	0	0	644	0	8752	0	7500	0	0	0	6632	0	0	0	0	0	0	0	0	0	0	0	0	0	0	0	0	0	0	0	0	0	0	0	0	0	0	0	
65224	Temporal_Pole_Mid_R	0	0	0	0	0	0	0	0	0	0	0	0	0	0	0	0	0	0	0	0	0	0	0	0	0	0	0	0	0	0	0	0	0	0	0	0	0	1088	0	4372	0	928	0	0	0	0	0	0	0	0	0	0	0	0	0	5886	0	0	0	0	0	0	0	0	0	0	0	0	0	0	0	0	0	0	0	0	0	0	0	0	0	486	0	10178	0	3808	0	0	0	5866	0	0	0	0	0	0	0	0	0	0	0	0	0	0	0	0	0	0	0	0	0	0	0	0	0	0	
281372	Temporal_Inf_L	918	0	210	0	0	0	188	0	0	0	0	0	0	0	0	0	1708	0	0	0	0	0	0	0	0	0	0	0	8738	0	0	0	0	0	124	0	9312	0	1500	0	1026	0	338	0	162	0	408	0	0	0	8068	0	7448	0	19992	0	848	0	372	0	1028	0	1306	0	1600	0	668	0	538	0	0	0	732	0	0	0	0	0	1730	0	13684	0	5070	0	43266	0	6632	0	0	0	1580	0	0	0	0	0	642	0	704	0	0	0	146	0	0	0	0	0	0	0	0	0	0	0	0	0	
239692	Temporal_Inf_R	0	772	0	1112	0	0	0	126	0	0	0	0	0	0	0	0	0	564	160	1040	0	0	0	0	0	0	0	0	0	1668	0	0	0	0	248	422	0	18278	0	6240	0	1118	0	2244	0	196	0	2524	0	370	0	4086	0	3320	0	23056	0	304	0	0	0	0	0	1072	0	138	0	1406	0	0	0	0	0	3202	0	0	350	642	0	266	0	2530	0	4304	0	31194	0	5866	0	0	0	420	0	0	0	0	0	276	0	332	0	0	0	0	0	0	0	0	0	0	0	0	0	0	0	0	
357688	Cerebelum_Crus1_L	0	0	0	0	0	0	0	0	0	0	0	0	0	0	0	0	0	0	0	0	0	0	0	0	0	0	0	0	172	0	0	0	0	0	0	0	594	0	456	0	0	0	0	0	0	0	1960	314	0	0	378	0	1988	0	18346	124	0	0	0	0	0	0	0	0	0	0	0	0	0	0	0	0	0	0	0	0	0	0	0	0	0	0	0	0	252	0	0	0	1580	0	0	2330	28510	4152	684	0	12080	160	44868	2138	14674	1196	22568	776	4090	290	1032	128	0	224	800	2182	7632	1436	730	0	
346972	Cerebelum_Crus1_R	0	0	0	0	0	0	0	0	0	0	0	0	0	0	0	0	0	0	0	0	0	0	0	0	0	0	0	0	0	0	0	0	0	0	0	0	0	0	0	0	0	0	0	364	0	0	488	3340	0	216	264	266	274	810	710	5412	0	0	0	0	0	0	0	0	0	0	0	0	0	0	0	0	0	0	0	0	0	0	0	0	0	0	0	0	0	0	0	0	0	420	2330	0	1628	27074	0	2790	1294	12920	2068	42486	532	6888	650	22518	248	2532	0	1804	242	1400	3692	8290	13950	2884	2342	360	
276296	Cerebelum_Crus2_L	0	0	0	0	0	0	0	0	0	0	0	0	0	0	0	0	0	0	0	0	0	0	0	0	0	0	0	0	0	0	0	0	0	0	0	0	0	0	0	0	0	0	0	0	0	0	0	0	0	0	0	0	0	0	946	0	0	0	0	0	0	0	0	0	0	0	0	0	0	0	0	0	0	0	0	0	0	0	0	0	0	0	0	0	0	0	0	0	0	0	28510	1628	0	7436	0	0	1014	0	7536	922	31428	3536	31478	2000	5452	306	174	0	0	0	152	468	11630	3056	476	0	
298024	Cerebelum_Crus2_R	0	0	0	0	0	0	0	0	0	0	0	0	0	0	0	0	0	0	0	0	0	0	0	0	0	0	0	0	0	0	0	0	0	0	0	0	0	0	0	0	0	0	0	0	0	0	0	186	0	0	0	0	0	0	132	310	0	0	0	0	0	0	0	0	0	0	0	0	0	0	0	0	0	0	0	0	0	0	0	0	0	0	0	0	0	0	0	0	0	0	4152	27074	7436	0	0	0	420	1002	820	7930	4368	24486	4528	31310	1340	4252	0	664	0	0	700	1566	17596	5556	2584	600	
22476	Cerebelum_3_L	0	0	0	0	0	0	0	0	0	0	0	0	0	0	0	0	0	0	0	0	0	0	0	0	0	0	0	0	0	0	0	0	0	0	0	0	0	0	0	0	0	0	0	0	0	0	0	0	0	0	0	0	0	0	424	0	0	0	0	0	0	0	0	0	0	0	0	0	0	0	0	0	0	0	0	0	0	0	0	0	0	0	0	0	0	0	0	0	0	0	684	0	0	0	0	0	4924	0	1592	0	0	0	128	0	470	0	0	0	580	1394	1042	0	0	0	0	0	
40100	Cerebelum_3_R	0	0	0	0	0	0	0	0	0	0	0	0	0	0	0	0	0	0	0	0	0	0	0	0	0	0	0	0	0	0	0	0	0	0	0	0	0	122	0	234	0	0	0	0	0	0	0	124	0	0	0	0	0	0	0	590	0	0	0	0	0	0	0	0	0	0	0	0	0	0	0	0	0	0	0	0	0	0	0	0	0	0	0	0	0	0	0	0	0	0	0	2790	0	0	0	0	146	5334	0	5348	0	0	0	0	0	572	0	0	900	3250	494	0	146	0	0	0	
257356	Cerebelum_4_5_L	0	0	0	0	0	0	0	0	0	0	0	0	0	0	0	0	0	0	0	0	0	0	0	0	0	0	0	0	1024	0	0	0	0	0	0	0	1742	0	1268	0	334	0	0	0	0	0	3354	1232	0	0	786	0	2196	0	19772	958	0	0	0	0	0	0	0	0	0	0	0	0	0	0	0	0	134	0	0	0	0	0	0	0	160	0	132	0	292	0	0	0	642	0	12080	1294	1014	420	4924	146	0	2966	29102	3346	976	0	1898	852	5082	2284	1014	562	340	1070	14800	5312	562	876	2284	1448	
194072	Cerebelum_4_5_R	0	0	0	0	0	0	0	0	0	0	0	0	0	0	0	0	0	0	0	0	0	0	0	0	0	0	0	0	0	0	0	0	0	0	352	510	280	2892	0	4698	0	934	0	764	0	0	0	4914	0	0	0	148	0	2052	0	13872	0	0	0	0	0	0	0	0	0	0	0	318	0	0	0	0	0	164	0	0	250	560	0	0	0	0	0	194	0	0	0	0	0	276	160	12920	0	1002	0	5334	2966	0	512	25732	0	0	0	256	232	346	0	190	0	2844	8906	778	1056	182	152	290	
352500	Cerebelum_6_L	0	0	0	0	0	0	0	0	0	0	0	0	0	0	0	0	0	0	0	0	0	0	0	0	0	0	0	0	272	0	0	0	0	0	0	0	724	0	850	0	0	0	0	0	0	0	7010	1524	0	0	1546	0	3412	0	31136	522	0	0	0	0	0	0	0	0	0	0	0	0	0	0	0	0	120	0	0	0	0	0	0	0	0	0	0	0	246	0	0	0	704	0	44868	2068	7536	820	1592	0	29102	512	0	3712	5052	310	9706	542	3376	520	1082	128	160	554	4796	6702	3266	1024	756	0	
357272	Cerebelum_6_R	0	0	0	0	0	0	0	0	0	0	0	0	0	0	0	0	0	0	0	0	0	0	0	0	0	0	0	0	0	0	0	0	0	0	0	0	0	312	0	590	0	0	0	1134	0	198	928	6732	0	336	280	410	286	3044	908	16064	0	0	0	0	0	0	0	0	0	0	0	0	0	0	0	0	0	0	0	0	0	0	0	0	0	0	0	0	0	0	0	0	0	332	2138	42486	922	7930	0	5348	3346	25732	3712	0	186	1692	332	7490	344	2468	0	2090	480	3314	9208	11036	11170	2896	2380	382	
224316	Cerebelum_7b_L	0	0	0	0	0	0	0	0	0	0	0	0	0	0	0	0	0	0	0	0	0	0	0	0	0	0	0	0	0	0	0	0	0	0	0	0	0	0	0	0	0	0	0	0	0	0	0	0	0	0	0	0	0	0	664	0	0	0	0	0	0	0	0	0	0	0	0	0	0	0	0	0	0	0	0	0	0	0	0	0	0	0	0	0	0	0	0	0	0	0	14674	532	31428	4368	0	0	976	0	5052	186	0	3290	32504	2520	4804	158	440	0	0	0	160	0	6690	3532	180	0	
178132	Cerebelum_7b_R	0	0	0	0	0	0	0	0	0	0	0	0	0	0	0	0	0	0	0	0	0	0	0	0	0	0	0	0	0	0	0	0	0	0	0	0	0	0	0	0	0	0	0	0	0	0	0	0	0	0	0	0	0	0	0	0	0	0	0	0	0	0	0	0	0	0	0	0	0	0	0	0	0	0	0	0	0	0	0	0	0	0	0	0	0	0	0	0	0	0	1196	6888	3536	24486	0	0	0	0	310	1692	3290	0	4072	25758	962	4610	0	0	0	0	0	262	5900	5036	1068	0	
299148	Cerebelum_8_L	0	0	0	0	0	0	0	0	0	0	0	0	0	0	0	0	0	0	0	0	0	0	0	0	0	0	0	0	0	0	0	0	0	0	0	0	0	0	0	0	0	0	0	0	0	0	0	0	0	0	0	0	0	0	1454	0	0	0	0	0	0	0	0	0	0	0	0	0	0	0	0	0	0	0	0	0	0	0	0	0	0	0	0	0	0	0	0	0	146	0	22568	650	31478	4528	128	0	1898	0	9706	332	32504	4072	0	5342	17120	624	1150	0	0	0	630	568	7252	6376	1048	0	
297704	Cerebelum_8_R	0	0	0	0	0	0	0	0	0	0	0	0	0	0	0	0	0	0	0	0	0	0	0	0	0	0	0	0	0	0	0	0	0	0	0	0	0	0	0	0	0	0	0	0	0	0	0	0	0	0	0	0	0	0	0	0	0	0	0	0	0	0	0	0	0	0	0	0	0	0	0	0	0	0	0	0	0	0	0	0	0	0	0	0	0	0	0	0	0	0	776	22518	2000	31310	0	0	852	256	542	7490	2520	25758	5342	0	2766	15730	0	1002	0	0	1114	1932	10108	10020	5704	1112	
132132	Cerebelum_9_L	0	0	0	0	0	0	0	0	0	0	0	0	0	0	0	0	0	0	0	0	0	0	0	0	0	0	0	0	0	0	0	0	0	0	0	0	0	0	0	0	0	0	0	0	0	0	0	130	0	0	0	0	0	0	292	0	0	0	0	0	0	0	0	0	0	0	0	0	0	0	0	0	0	0	0	0	0	0	0	0	0	0	0	0	0	0	0	0	0	0	4090	248	5452	1340	470	0	5082	232	3376	344	4804	962	17120	2766	0	1202	2546	0	0	0	4408	2566	3102	2876	2120	538	
135068	Cerebelum_9_R	0	0	0	0	0	0	0	0	0	0	0	0	0	0	0	0	0	0	0	0	0	0	0	0	0	0	0	0	0	0	0	0	0	0	0	0	0	0	0	0	0	0	0	0	0	0	0	254	0	0	0	0	0	0	0	302	0	0	0	0	0	0	0	0	0	0	0	0	0	0	0	0	0	0	0	0	0	0	0	0	0	0	0	0	0	0	0	0	0	0	290	2532	306	4252	0	572	2284	346	520	2468	158	4610	624	15730	1202	0	0	1096	270	420	3020	5106	4650	6466	8108	1948	
17584	Cerebelum_10_L	0	0	0	0	0	0	0	0	0	0	0	0	0	0	0	0	0	0	0	0	0	0	0	0	0	0	0	0	0	0	0	0	0	0	0	0	0	0	0	0	0	0	0	0	0	0	0	0	0	0	0	0	0	0	0	0	0	0	0	0	0	0	0	0	0	0	0	0	0	0	0	0	0	0	0	0	0	0	0	0	0	0	0	0	0	0	0	0	0	0	1032	0	174	0	0	0	1014	0	1082	0	440	0	1150	0	2546	0	0	0	0	0	936	418	0	0	0	0	
23864	Cerebelum_10_R	0	0	0	0	0	0	0	0	0	0	0	0	0	0	0	0	0	0	0	0	0	0	0	0	0	0	0	0	0	0	0	0	0	0	0	0	0	0	0	0	0	0	0	0	0	0	0	0	0	0	0	0	0	0	0	0	0	0	0	0	0	0	0	0	0	0	0	0	0	0	0	0	0	0	0	0	0	0	0	0	0	0	0	0	0	0	0	0	0	0	128	1804	0	664	0	0	562	190	128	2090	0	0	0	1002	0	1096	0	0	0	0	770	892	772	646	1006	182	
15816	Vermis_1_2	0	0	0	0	0	0	0	0	0	0	0	0	0	0	0	0	0	0	0	0	0	0	0	0	0	0	0	0	0	0	0	0	0	0	0	0	0	0	0	0	0	0	0	0	0	0	0	0	0	0	0	0	0	0	0	0	0	0	0	0	0	0	0	0	0	0	0	0	0	0	0	0	0	0	0	0	0	0	0	0	0	0	0	0	0	0	0	0	0	0	0	242	0	0	580	900	340	0	160	480	0	0	0	0	0	270	0	0	0	3868	676	0	126	0	0	266	
43976	Vermis_3	0	0	0	0	0	0	0	0	0	0	0	0	0	0	0	0	0	0	0	0	0	0	0	0	0	0	0	0	0	0	0	0	0	0	0	0	0	0	0	0	0	0	0	0	0	0	0	0	0	0	0	0	0	0	0	692	0	0	0	0	0	0	0	0	0	0	0	0	0	0	0	0	0	0	0	0	0	0	0	0	0	0	0	0	0	0	0	0	0	0	224	1400	0	0	1394	3250	1070	2844	554	3314	0	0	0	0	0	420	0	0	3868	0	2520	0	206	0	0	232	
173044	Vermis_4_5	0	152	0	0	0	0	0	0	0	0	0	0	0	0	0	0	0	0	0	458	0	0	0	0	0	0	0	0	0	0	0	0	0	244	386	1022	0	358	0	0	0	0	204	220	0	0	714	2492	0	0	142	0	176	0	1442	3704	0	0	0	0	0	0	0	0	0	0	334	1796	0	326	0	0	0	0	0	0	0	0	0	0	0	0	0	0	0	0	0	0	0	0	800	3692	152	700	1042	494	14800	8906	4796	9208	160	0	630	1114	4408	3020	936	770	676	2520	0	6576	970	1158	2644	2180	
173580	Vermis_6	0	0	0	0	0	0	0	0	0	0	0	0	0	0	0	0	0	0	0	0	0	0	0	0	0	0	0	0	0	0	0	0	0	0	0	0	0	0	0	0	0	0	0	0	0	0	2332	4480	0	0	608	0	500	632	2048	2604	0	0	0	0	0	0	0	0	0	0	0	0	0	0	0	0	0	0	0	0	0	0	0	0	0	0	0	0	0	0	0	0	0	0	2182	8290	468	1566	0	0	5312	778	6702	11036	0	262	568	1932	2566	5106	418	892	0	0	6576	0	7676	4012	5372	1872	
273436	Vermis_7	0	0	0	0	0	0	0	0	0	0	0	0	0	0	0	0	0	0	0	0	0	0	0	0	0	0	0	0	0	0	0	0	0	0	0	0	0	0	0	0	0	0	0	0	0	0	708	1800	0	0	280	0	288	320	838	1176	0	0	0	0	0	0	0	0	0	0	0	0	0	0	0	0	0	0	0	0	0	0	0	0	0	0	0	0	0	0	0	0	0	0	7632	13950	11630	17596	0	146	562	1056	3266	11170	6690	5900	7252	10108	3102	4650	0	772	126	206	970	7676	0	10168	5886	794	
