data	data	504604	395976	936760	637376	130884	77120	571536	239020	89584	28036	257116	192036	297416	91532	168584	55564	187296	118436	693620	651372	69668	91588	412952	383552	52868	99944	52376	96204	583756	292776	424172	581992	187128	421432	207792	169336	465844	349332	160484	179224	45396	51856	365324	364944	186700	317348	395280	384664	218272	327024	523628	243392	194940	88300	521916	466404	248332	254588	137192	87372	216836	101412	114564	116820	160088	123088	275940	439064	179980	237636	208816	356104	314492	393620	42080	38780	135084	177212	119432	38616	256736	78176	109668	30948	323508	255964	36856	12608	340480	223200	504776	395212	296160	280288	31588	71544	312856	256664	491332	391328	257828	156300	339540	269272	143668	119304	21264	10128	24908	74048	328812	228660	228508	151476	91512	37280	
data	data	Precentral_L	Precentral_R	Frontal_Sup_L	Frontal_Sup_R	Frontal_Sup_Orb_L	Frontal_Sup_Orb_R	Frontal_Mid_L	Frontal_Mid_R	Frontal_Mid_Orb_L	Frontal_Mid_Orb_R	Frontal_Inf_Oper_L	Frontal_Inf_Oper_R	Frontal_Inf_Tri_L	Frontal_Inf_Tri_R	Frontal_Inf_Orb_L	Frontal_Inf_Orb_R	Rolandic_Oper_L	Rolandic_Oper_R	Supp_Motor_Area_L	Supp_Motor_Area_R	Olfactory_L	Olfactory_R	Frontal_Sup_Medial_L	Frontal_Sup_Medial_R	Frontal_Med_Orb_L	Frontal_Med_Orb_R	Rectus_L	Rectus_R	Insula_L	Insula_R	Cingulum_Ant_L	Cingulum_Ant_R	Cingulum_Mid_L	Cingulum_Mid_R	Cingulum_Post_L	Cingulum_Post_R	Hippocampus_L	Hippocampus_R	ParaHippocampal_L	ParaHippocampal_R	Amygdala_L	Amygdala_R	Calcarine_L	Calcarine_R	Cuneus_L	Cuneus_R	Lingual_L	Lingual_R	Occipital_Sup_L	Occipital_Sup_R	Occipital_Mid_L	Occipital_Mid_R	Occipital_Inf_L	Occipital_Inf_R	Fusiform_L	Fusiform_R	Postcentral_L	Postcentral_R	Parietal_Sup_L	Parietal_Sup_R	Parietal_Inf_L	Parietal_Inf_R	SupraMarginal_L	SupraMarginal_R	Angular_L	Angular_R	Precuneus_L	Precuneus_R	Paracentral_Lobule_L	Paracentral_Lobule_R	Caudate_L	Caudate_R	Putamen_L	Putamen_R	Pallidum_L	Pallidum_R	Thalamus_L	Thalamus_R	Heschl_L	Heschl_R	Temporal_Sup_L	Temporal_Sup_R	Temporal_Pole_Sup_L	Temporal_Pole_Sup_R	Temporal_Mid_L	Temporal_Mid_R	Temporal_Pole_Mid_L	Temporal_Pole_Mid_R	Temporal_Inf_L	Temporal_Inf_R	Cerebelum_Crus1_L	Cerebelum_Crus1_R	Cerebelum_Crus2_L	Cerebelum_Crus2_R	Cerebelum_3_L	Cerebelum_3_R	Cerebelum_4_5_L	Cerebelum_4_5_R	Cerebelum_6_L	Cerebelum_6_R	Cerebelum_7b_L	Cerebelum_7b_R	Cerebelum_8_L	Cerebelum_8_R	Cerebelum_9_L	Cerebelum_9_R	Cerebelum_10_L	Cerebelum_10_R	Vermis_1_2	Vermis_3	Vermis_4_5	Vermis_6	Vermis_7	Vermis_8	Vermis_9	Vermis_10	
504604	Precentral_L	0	5568	14262	506	0	0	27854	0	0	0	9402	0	1296	0	0	0	8374	0	5510	10274	0	0	128	0	0	0	0	0	11512	0	302	148	684	6064	7636	3834	21324	3754	4952	788	0	0	1510	0	370	0	2886	638	1202	0	1404	0	258	0	2362	618	15324	268	682	0	378	0	316	0	408	0	2468	656	21636	8098	1812	222	12752	0	3662	0	16332	2432	4312	0	2208	0	90	0	424	0	0	0	1720	0	158	0	126	0	0	0	0	108	196	0	0	0	0	0	0	0	0	0	0	0	94	0	0	0	0	0	
395976	Precentral_R	5568	0	3140	5882	0	0	424	9976	0	0	0	10514	0	1474	0	0	0	2112	6848	11460	0	0	118	0	0	0	0	0	0	4410	750	706	1496	3190	934	2804	402	10638	102	2854	0	132	0	2924	0	2822	84	1798	0	3168	0	972	0	374	0	3542	0	14670	0	124	0	294	0	496	0	192	212	8414	5138	17774	1614	8212	654	6092	0	698	2742	21800	0	450	0	428	0	0	0	2420	0	0	0	3662	0	0	0	0	0	0	0	284	0	0	0	0	0	0	0	0	0	0	0	0	0	0	0	0	0	0	
936760	Frontal_Sup_L	14262	3140	0	4880	12092	0	78482	1680	10594	0	16096	1432	26678	126	17666	0	5234	754	65478	8962	900	0	52182	7816	1518	350	842	0	37086	1950	30268	8592	6012	4738	268	0	3784	658	556	198	518	0	90	82	96	144	408	0	0	794	0	198	0	0	1568	92	704	830	0	0	0	98	0	246	0	144	142	956	110	654	5500	3196	11816	2562	1514	318	3468	460	334	98	1404	0	2190	0	172	440	0	0	1486	274	0	0	0	0	0	0	0	0	0	0	0	0	0	0	0	0	0	0	0	0	0	0	0	0	0	0	
637376	Frontal_Sup_R	506	5882	4880	0	0	5604	1176	32526	0	1254	1010	7446	500	3196	0	2424	148	6472	14152	48004	0	1356	8780	42188	394	5378	0	3524	318	10506	5200	41352	1194	16312	0	0	180	4110	0	1700	0	0	0	0	0	0	0	130	0	0	0	0	0	0	0	700	0	746	0	0	0	0	0	0	0	0	0	140	0	126	1512	11202	416	21532	0	2026	98	1460	0	736	0	0	0	88	0	0	0	0	0	0	0	0	0	0	0	0	0	104	0	0	0	0	0	0	0	0	0	0	0	0	0	0	0	0	0	0	
130884	Frontal_Sup_Orb_L	0	0	12092	0	0	0	884	0	12888	0	0	0	756	0	8704	0	0	0	454	0	2414	0	4536	0	5472	84	4278	0	3908	0	6070	232	0	0	0	0	0	0	0	0	684	0	0	0	0	0	0	0	0	0	0	0	0	0	0	0	0	0	0	0	0	0	0	0	0	0	0	0	0	0	260	0	1458	0	0	0	0	0	0	0	0	0	268	0	0	0	0	0	0	0	0	0	0	0	0	0	0	0	0	0	0	0	0	0	0	0	0	0	0	0	0	0	0	0	0	0	
77120	Frontal_Sup_Orb_R	0	0	0	5604	0	0	0	1336	0	5184	0	0	0	128	0	2644	0	0	0	0	0	1798	0	2858	568	7164	0	7810	0	918	336	976	0	0	0	0	0	0	0	0	0	0	0	0	0	0	0	0	0	0	0	0	0	0	0	0	0	0	0	0	0	0	0	0	0	0	0	0	0	0	0	1034	0	202	0	0	0	0	0	0	0	0	0	0	0	0	0	0	0	0	0	0	0	0	0	0	0	0	0	0	0	0	0	0	0	0	0	0	0	0	0	0	0	0	0	0	
571536	Frontal_Mid_L	27854	424	78482	1176	884	0	0	0	4022	0	16690	0	42152	0	11626	0	1930	0	15518	2322	146	0	13184	1322	0	0	0	0	19906	0	4048	884	8842	828	704	0	5934	0	1564	0	0	0	184	0	260	0	426	98	0	0	342	0	0	0	1646	0	2306	0	344	0	152	0	0	0	258	0	354	0	0	418	890	148	9892	196	2750	0	1322	0	816	0	946	0	442	0	100	0	0	0	1036	0	0	0	0	0	0	0	0	0	0	0	0	0	0	0	0	0	0	0	0	0	0	0	0	0	0	0	
239020	Frontal_Mid_R	0	9976	1680	32526	0	1336	0	0	0	1478	0	5974	0	9752	0	3194	0	1226	3736	7910	0	598	618	6262	0	0	0	710	0	7110	1454	7782	164	3278	82	82	102	2700	0	736	0	0	0	0	0	0	0	0	0	0	0	0	0	0	0	290	0	326	0	0	0	0	0	0	0	0	0	0	0	0	316	660	0	6384	0	708	0	170	0	190	0	0	0	0	0	0	0	0	0	0	0	0	0	0	0	0	0	0	0	0	0	0	0	0	0	0	0	0	0	0	0	0	0	0	0	0	
89584	Frontal_Mid_Orb_L	0	0	10594	0	12888	0	4022	0	0	0	0	0	1300	0	11668	0	0	0	184	0	0	0	564	0	432	0	304	0	1012	0	634	0	0	0	0	0	0	0	0	0	0	0	0	0	0	0	0	0	0	0	0	0	0	0	0	0	0	0	0	0	0	0	0	0	0	0	0	0	0	0	0	0	946	0	0	0	0	0	0	0	0	0	244	0	0	0	0	0	0	0	0	0	0	0	0	0	0	0	0	0	0	0	0	0	0	0	0	0	0	0	0	0	0	0	0	0	
28036	Frontal_Mid_Orb_R	0	0	0	1254	0	5184	0	1478	0	0	0	0	0	276	0	5296	0	0	0	0	0	0	0	94	0	178	0	178	0	80	0	0	0	0	0	0	0	0	0	0	0	0	0	0	0	0	0	0	0	0	0	0	0	0	0	0	0	0	0	0	0	0	0	0	0	0	0	0	0	0	0	0	0	0	0	0	0	0	0	0	0	0	0	0	0	0	0	0	0	0	0	0	0	0	0	0	0	0	0	0	0	0	0	0	0	0	0	0	0	0	0	0	0	0	0	0	
257116	Frontal_Inf_Oper_L	9402	0	16096	1010	0	0	16690	0	0	0	0	0	21596	0	366	0	9218	0	7926	606	0	0	4510	794	0	0	0	0	17626	0	6832	1376	1456	132	0	0	480	0	0	0	0	0	0	0	0	0	0	0	0	0	0	0	0	0	350	0	2042	0	0	0	0	0	0	0	0	0	0	0	0	114	992	562	2088	100	302	0	176	0	208	0	1410	0	3506	0	136	0	0	0	456	0	0	0	0	0	0	0	0	0	0	0	0	0	0	0	0	0	0	0	0	0	0	0	0	0	0	0	
192036	Frontal_Inf_Oper_R	0	10514	1432	7446	0	0	0	5974	0	0	0	0	0	4940	0	84	0	6324	4386	9146	0	0	260	162	0	0	0	0	0	17638	1124	1468	0	2294	0	0	0	4136	0	1938	0	0	0	0	0	108	0	0	0	152	0	0	0	0	0	910	0	598	0	0	0	0	0	0	0	0	0	202	0	0	762	980	0	9952	0	1542	0	0	0	720	0	208	0	618	0	0	0	0	0	0	0	0	0	0	0	0	0	0	0	0	0	0	0	0	0	0	0	0	0	0	0	0	0	0	0	0	
297416	Frontal_Inf_Tri_L	1296	0	26678	500	756	0	42152	0	1300	0	21596	0	0	0	12732	0	352	0	5730	212	138	0	3634	500	98	0	0	0	19950	0	5338	824	1624	86	0	0	0	0	0	0	0	0	0	0	0	0	0	0	0	0	0	0	0	0	0	0	316	0	0	0	0	0	0	0	0	0	0	0	0	0	630	322	1030	100	0	0	0	0	0	0	92	0	722	0	0	0	0	0	0	0	0	0	0	0	0	0	0	0	0	0	0	0	0	0	0	0	0	0	0	0	0	0	0	0	0	0	
91532	Frontal_Inf_Tri_R	0	1474	126	3196	0	128	0	9752	0	276	0	4940	0	0	0	2168	0	0	852	1086	0	516	0	1650	0	0	0	522	0	10968	0	1516	0	824	0	0	0	1096	0	518	0	0	0	0	0	0	0	0	0	0	0	0	0	0	0	384	0	0	0	0	0	0	0	0	0	0	0	0	0	0	0	410	0	3220	0	144	0	0	0	0	0	0	0	0	0	0	0	0	0	0	0	0	0	0	0	0	0	0	0	0	0	0	0	0	0	0	0	0	0	0	0	0	0	0	0	0	
168584	Frontal_Inf_Orb_L	0	0	17666	0	8704	0	11626	0	11668	0	366	0	12732	0	0	0	0	0	342	0	1402	80	414	0	0	0	1102	0	10986	0	638	0	0	0	0	0	242	0	0	0	450	0	0	0	0	0	0	0	0	0	0	0	0	0	132	0	0	0	0	0	0	0	0	0	0	0	0	0	0	0	188	0	2786	0	0	0	0	0	0	0	0	0	2666	0	0	0	0	0	102	0	0	0	0	0	0	0	0	0	0	0	0	0	0	0	0	0	0	0	0	0	0	0	0	0	0	0	
55564	Frontal_Inf_Orb_R	0	0	0	2424	0	2644	0	3194	0	5296	0	84	0	2168	0	0	0	0	210	266	0	1942	0	838	0	0	0	1154	0	4836	0	582	0	240	0	0	0	254	0	140	0	614	0	0	0	0	0	0	0	0	0	0	0	0	0	0	0	0	0	0	0	0	0	0	0	0	0	0	0	0	0	0	0	778	0	0	0	0	0	0	0	0	0	118	0	0	0	0	0	0	0	0	0	0	0	0	0	0	0	0	0	0	0	0	0	0	0	0	0	0	0	0	0	0	0	0	
187296	Rolandic_Oper_L	8374	0	5234	148	0	0	1930	0	0	0	9218	0	352	0	0	0	0	0	2006	0	0	0	1094	174	0	0	0	0	17142	0	1578	188	106	0	96	0	2814	0	346	0	0	0	442	0	94	0	256	0	1356	0	2026	0	126	0	702	0	8980	0	622	0	1118	0	2810	0	1430	0	510	0	0	0	0	0	2086	0	514	0	244	0	3476	0	10232	0	2516	0	2210	0	0	0	1098	0	0	0	0	0	0	0	0	0	0	0	0	0	0	0	0	0	0	0	0	0	0	0	0	0	0	0	
118436	Rolandic_Oper_R	0	2112	754	6472	0	0	0	1226	0	0	0	6324	0	0	0	0	0	0	2498	6744	0	0	0	0	0	0	0	0	0	10516	236	334	0	382	0	0	0	1492	0	246	0	0	0	0	0	0	0	84	0	84	0	0	0	0	0	480	0	3730	0	0	0	0	0	2918	0	0	0	198	0	0	152	606	0	2030	0	244	0	124	0	5576	0	3290	0	90	0	102	0	0	0	174	0	0	0	0	0	0	0	0	0	0	0	0	0	0	0	0	0	0	0	0	0	0	0	0	0	0	
693620	Supp_Motor_Area_L	5510	6848	65478	14152	454	0	15518	3736	184	0	7926	4386	5730	852	342	210	2006	2498	0	54678	100	0	11420	6360	134	0	0	0	9736	5604	11580	17186	17144	28374	652	406	918	920	0	284	0	0	0	128	0	214	0	0	0	958	0	246	0	0	594	236	96	1396	0	0	0	102	0	268	0	170	0	1320	4244	4346	3888	11076	4642	5770	240	896	922	706	0	184	828	80	344	0	110	554	0	0	594	332	0	0	0	0	0	0	0	0	0	0	0	0	0	0	0	0	0	0	0	0	0	0	0	0	0	0	
651372	Supp_Motor_Area_R	10274	11460	8962	48004	0	0	2322	7910	0	0	606	9146	212	1086	0	266	0	6744	54678	0	0	0	1740	9802	0	0	0	0	98	10328	2084	22212	6228	39536	210	584	162	2808	0	1118	0	0	0	412	0	130	0	230	0	0	0	0	0	0	0	968	0	852	0	0	0	0	0	0	0	0	0	1090	7094	18632	1112	16480	288	14634	0	2390	0	1196	0	584	0	92	0	106	0	330	0	0	0	486	0	0	0	0	0	0	0	0	0	0	0	0	0	0	0	0	0	0	0	0	0	0	0	0	0	0	
69668	Olfactory_L	0	0	900	0	2414	0	146	0	0	0	0	0	138	0	1402	0	0	0	100	0	0	4354	0	0	472	88	3664	1632	3406	0	2302	2546	0	0	0	0	458	0	238	0	1518	0	0	0	0	0	0	0	0	0	0	0	0	0	230	0	0	0	0	0	0	0	0	0	0	0	0	0	0	0	4604	2570	1090	0	0	0	0	0	0	0	0	0	562	0	0	0	0	0	0	0	0	0	0	0	0	0	0	0	0	0	0	0	0	0	0	0	0	0	0	0	0	0	0	0	0	0	
91588	Olfactory_R	0	0	0	1356	0	1798	0	598	0	0	0	0	0	516	80	1942	0	0	0	0	4354	0	0	1764	0	752	2506	6098	128	3770	926	2328	0	82	0	0	0	128	0	0	0	920	0	0	0	0	0	0	0	0	0	0	0	0	0	0	0	0	0	0	0	0	0	0	0	0	0	0	0	0	6718	5262	2774	994	0	0	0	0	0	0	0	0	0	0	0	0	0	0	0	0	0	0	0	0	0	0	0	0	0	0	0	0	0	0	0	0	0	0	0	0	0	0	0	0	0	0	
412952	Frontal_Sup_Medial_L	128	118	52182	8780	4536	0	13184	618	564	0	4510	260	3634	0	414	0	1094	0	11420	1740	0	0	0	20526	2720	1896	688	232	7888	384	32058	15388	3672	6838	0	0	154	86	0	0	0	0	0	0	0	0	0	0	0	0	0	0	0	0	144	0	0	0	0	0	0	0	0	0	0	0	0	0	0	0	2702	1712	2360	1916	84	0	616	122	0	0	114	0	852	0	0	0	0	0	142	0	0	0	0	0	0	0	0	0	0	0	0	0	0	0	0	0	0	0	0	0	0	0	0	0	0	0	
383552	Frontal_Sup_Medial_R	0	0	7816	42188	0	2858	1322	6262	0	94	794	162	500	1650	0	838	174	0	6360	9802	0	1764	20526	0	1616	9088	0	3440	836	2974	9070	36636	1732	12858	0	0	0	0	0	0	0	112	0	0	0	0	0	0	0	0	0	0	0	0	0	0	0	0	0	0	0	0	0	0	0	0	0	0	0	0	592	2394	94	7224	0	0	0	0	0	0	0	0	0	0	0	0	0	0	0	0	0	0	0	0	0	0	0	0	0	0	0	0	0	0	0	0	0	0	0	0	0	0	0	0	0	0	
52868	Frontal_Med_Orb_L	0	0	1518	394	5472	568	0	0	432	0	0	0	98	0	0	0	0	0	134	0	472	0	2720	1616	0	2836	2554	294	172	0	6128	802	0	0	0	0	0	0	0	0	0	0	0	0	0	0	0	0	0	0	0	0	0	0	0	0	0	0	0	0	0	0	0	0	0	0	0	0	0	0	0	82	142	0	0	0	0	0	0	0	0	0	0	0	0	0	0	0	0	0	0	0	0	0	0	0	0	0	0	0	0	0	0	0	0	0	0	0	0	0	0	0	0	0	0	0	
99944	Frontal_Med_Orb_R	0	0	350	5378	84	7164	0	0	0	178	0	0	0	0	0	0	0	0	0	0	88	752	1896	9088	2836	0	0	7602	0	0	4396	7342	0	0	0	0	0	0	0	0	0	0	0	0	0	0	0	0	0	0	0	0	0	0	0	0	0	0	0	0	0	0	0	0	0	0	0	0	0	0	0	2220	0	598	0	0	0	0	0	0	0	0	0	0	0	0	0	0	0	0	0	0	0	0	0	0	0	0	0	0	0	0	0	0	0	0	0	0	0	0	0	0	0	0	0	0	
52376	Rectus_L	0	0	842	0	4278	0	0	0	304	0	0	0	0	0	1102	0	0	0	0	0	3664	2506	688	0	2554	0	0	1016	538	0	3392	1234	0	0	0	0	0	0	0	0	148	0	0	0	0	0	0	0	0	0	0	0	0	0	0	0	0	0	0	0	0	0	0	0	0	0	0	0	0	0	2344	1198	380	0	0	0	0	0	0	0	0	0	0	0	0	0	0	0	0	0	0	0	0	0	0	0	0	0	0	0	0	0	0	0	0	0	0	0	0	0	0	0	0	0	0	0	
96204	Rectus_R	0	0	0	3524	0	7810	0	710	0	178	0	0	0	522	0	1154	0	0	0	0	1632	6098	232	3440	294	7602	1016	0	0	2694	1530	4978	0	90	0	0	0	0	0	0	0	196	0	0	0	0	0	0	0	0	0	0	0	0	0	0	0	0	0	0	0	0	0	0	0	0	0	0	0	0	1202	2018	486	696	0	0	0	0	0	0	0	0	0	0	0	0	0	0	0	0	0	0	0	0	0	0	0	0	0	0	0	0	0	0	0	0	0	0	0	0	0	0	0	0	0	0	
583756	Insula_L	11512	0	37086	318	3908	0	19906	0	1012	0	17626	0	19950	0	10986	0	17142	0	9736	98	3406	128	7888	836	172	0	538	0	0	0	9424	826	176	0	1384	0	19884	0	1044	0	4274	0	2014	0	0	0	324	0	128	0	592	0	316	0	12100	0	4126	0	0	0	162	0	4324	0	164	0	1830	0	0	0	1330	2182	16366	142	312	0	734	1822	6482	0	12922	0	8480	0	2748	0	0	0	12460	0	200	0	98	0	0	0	0	0	260	0	0	0	0	0	0	0	0	0	0	0	0	0	0	0	0	0	
292776	Insula_R	0	4410	1950	10506	0	918	0	7110	0	80	0	17638	0	10968	0	4836	0	10516	5604	10328	0	3770	384	2974	0	0	0	2694	0	0	810	3056	82	2984	0	0	0	6998	0	2100	0	1944	0	0	0	0	0	142	0	198	0	108	0	0	0	2018	0	1560	0	0	0	0	0	352	0	0	0	240	0	0	866	1572	0	15140	0	134	0	858	0	2766	0	3022	0	1148	0	1678	0	0	0	1926	0	0	0	0	0	0	0	0	0	0	0	0	0	0	0	0	0	0	0	0	0	0	0	0	0	0	
424172	Cingulum_Ant_L	302	750	30268	5200	6070	336	4048	1454	634	0	6832	1124	5338	0	638	0	1578	236	11580	2084	2302	926	32058	9070	6128	4396	3392	1530	9424	810	0	22646	3614	5304	0	0	306	268	0	84	0	0	0	0	0	0	0	0	0	0	0	0	0	0	282	0	0	94	0	0	0	0	0	0	0	0	0	0	0	0	10548	4868	9116	2086	154	0	1856	744	0	0	190	0	1120	0	0	0	0	0	298	0	0	0	0	0	0	0	0	0	0	0	0	0	0	0	0	0	0	0	0	0	0	0	0	0	0	0	
581992	Cingulum_Ant_R	148	706	8592	41352	232	976	884	7782	0	0	1376	1468	824	1516	0	582	188	334	17186	22212	2546	2328	15388	36636	802	7342	1234	4978	826	3056	22646	0	3582	22726	0	0	234	284	0	110	0	0	0	0	0	0	0	0	0	0	0	0	0	0	218	0	0	142	0	0	0	0	0	0	0	0	0	0	0	0	5406	27366	1514	22338	0	440	312	1716	0	0	146	0	0	86	0	0	0	0	236	0	0	0	0	0	0	0	0	0	0	0	0	0	0	0	0	0	0	0	0	0	0	0	0	0	0	0	
187128	Cingulum_Mid_L	684	1496	6012	1194	0	0	8842	164	0	0	1456	0	1624	0	0	0	106	0	17144	6228	0	0	3672	1732	0	0	0	0	176	82	3614	3582	0	13066	5446	1130	0	170	0	0	0	0	422	0	1328	154	0	0	190	0	278	0	292	0	0	202	116	386	228	0	0	0	0	0	0	0	3586	1374	3326	2766	0	372	0	630	0	0	0	0	0	0	0	0	0	0	84	0	0	0	210	0	0	0	0	0	0	0	0	0	0	0	0	0	0	0	0	0	0	0	0	0	0	0	0	0	0	0	
421432	Cingulum_Mid_R	6064	3190	4738	16312	0	0	828	3278	0	0	132	2294	86	824	0	240	0	382	28374	39536	0	82	6838	12858	0	0	0	90	0	2984	5304	22726	13066	0	852	2894	0	1368	0	320	0	0	0	106	0	642	0	0	0	178	0	396	0	0	0	412	0	1266	0	0	0	0	0	0	0	0	614	6244	5344	12910	102	1752	0	4704	0	0	0	0	0	0	0	0	0	0	0	274	0	0	0	112	0	0	0	0	0	0	0	0	0	0	0	0	0	0	0	0	0	0	0	0	0	0	0	0	0	0	
207792	Cingulum_Post_L	7636	934	268	0	0	0	704	82	0	0	0	0	0	0	0	0	96	0	652	210	0	0	0	0	0	0	0	0	1384	0	0	0	5446	852	0	10372	11280	3412	3526	1038	0	0	7596	284	3854	254	2672	1130	1182	0	2128	0	398	124	434	1648	1946	1206	194	0	452	0	0	0	336	0	13462	2036	6112	1450	0	0	170	0	0	0	878	1634	1880	0	330	0	0	0	712	126	0	0	592	112	0	0	0	0	0	0	0	264	0	0	0	0	0	0	0	0	0	0	0	0	408	0	0	0	0	0	
169336	Cingulum_Post_R	3834	2804	0	0	0	0	0	82	0	0	0	0	0	0	0	0	0	0	406	584	0	0	0	0	0	0	0	0	0	0	0	0	1130	2894	10372	0	3514	6210	1286	2058	0	0	0	3378	130	898	904	6492	0	0	0	88	0	292	0	5396	0	2224	0	94	0	0	0	0	0	0	960	10902	5332	3612	0	0	0	0	0	0	1576	2876	0	0	0	0	0	0	0	486	0	0	0	516	0	0	0	0	0	0	0	934	0	0	0	0	0	0	0	0	0	0	0	0	2404	0	0	0	0	0	
465844	Hippocampus_L	21324	402	3784	180	0	0	5934	102	0	0	480	0	0	0	242	0	2814	0	918	162	458	0	154	0	0	0	0	0	19884	0	306	234	0	0	11280	3514	0	3092	19522	1014	6140	0	5498	0	156	0	10476	1092	0	0	772	0	222	0	27094	304	2724	0	240	0	356	0	1538	0	592	0	7866	414	1324	0	978	1026	20248	0	732	0	4050	2708	7726	0	6484	0	2828	0	2738	0	208	0	17776	0	628	0	330	0	0	0	458	266	856	0	0	0	0	0	0	0	0	0	0	92	182	0	0	0	0	0	
349332	Hippocampus_R	3754	10638	658	4110	0	0	0	2700	0	0	0	4136	0	1096	0	254	0	1492	920	2808	0	128	86	0	0	0	0	0	0	6998	268	284	170	1368	3412	6210	3092	0	1108	25142	0	8874	0	410	0	374	746	6062	0	258	0	170	0	0	0	22652	0	1420	0	0	0	0	0	1182	0	0	136	5192	2866	1428	638	206	0	16908	0	1194	2906	6650	0	966	0	1840	0	1832	0	534	0	84	0	4012	0	100	0	0	0	106	0	3118	0	204	0	0	0	0	0	0	0	0	0	0	766	0	0	0	0	0	
160484	ParaHippocampal_L	4952	102	556	0	0	0	1564	0	0	0	0	0	0	0	0	0	346	0	0	0	238	0	0	0	0	0	0	0	1044	0	0	0	0	0	3526	1286	19522	1108	0	404	1680	0	2364	0	0	0	10380	528	0	0	0	0	300	0	11224	150	170	0	0	0	0	0	156	0	0	0	3378	84	162	0	0	0	2532	0	0	0	1870	436	422	0	384	0	226	0	0	0	200	0	334	0	1928	0	586	0	162	0	2172	162	2862	0	196	0	222	0	0	0	0	0	0	108	216	0	0	0	0	0	
179224	ParaHippocampal_R	788	2854	198	1700	0	0	0	736	0	0	0	1938	0	518	0	140	0	246	284	1118	0	0	0	0	0	0	0	0	0	2100	84	110	0	320	1038	2058	1014	25142	404	0	0	2916	0	194	0	0	234	6058	0	0	0	0	0	0	0	15462	0	196	0	0	0	0	0	110	0	0	0	2140	710	326	114	88	0	8556	0	580	540	2268	0	188	0	444	0	578	0	144	0	196	0	828	0	0	0	0	0	156	0	3414	0	168	0	0	0	0	0	0	0	0	0	0	214	0	0	0	0	0	
45396	Amygdala_L	0	0	518	0	684	0	0	0	0	0	0	0	0	0	450	0	0	0	0	0	1518	0	0	0	0	0	148	0	4274	0	0	0	0	0	0	0	6140	0	1680	0	0	0	0	0	0	0	0	0	0	0	0	0	0	0	3600	0	0	0	0	0	0	0	0	0	0	0	0	0	0	0	0	0	858	0	0	0	0	0	0	0	100	0	1356	0	0	0	0	0	1372	0	0	0	0	0	0	0	0	0	0	0	0	0	0	0	0	0	0	0	0	0	0	0	0	0	0	0	
51856	Amygdala_R	0	132	0	0	0	0	0	0	0	0	0	0	0	0	0	614	0	0	0	0	0	920	0	112	0	0	0	196	0	1944	0	0	0	0	0	0	0	8874	0	2916	0	0	0	0	0	0	0	0	0	0	0	0	0	0	0	4832	0	0	0	0	0	0	0	0	0	0	0	0	0	0	0	138	0	1850	0	0	0	142	0	0	0	0	0	1894	0	0	0	104	0	1260	0	0	0	0	0	0	0	0	0	0	0	0	0	0	0	0	0	0	0	0	0	0	0	0	0	0	
365324	Calcarine_L	1510	0	90	0	0	0	184	0	0	0	0	0	0	0	0	0	442	0	0	0	0	0	0	0	0	0	0	0	2014	0	0	0	422	0	7596	0	5498	0	2364	0	0	0	0	10448	16168	7540	17494	4378	18676	2198	36380	536	8078	0	2794	526	1826	0	3096	0	546	0	276	0	294	0	18966	1148	958	0	0	0	90	0	0	0	0	0	1166	0	688	0	0	0	3284	0	0	0	2758	0	310	0	0	0	0	0	584	150	410	114	0	0	0	0	0	0	0	0	0	0	662	0	0	0	0	0	
364944	Calcarine_R	0	2924	82	0	0	0	0	0	0	0	0	0	0	0	0	0	0	0	128	412	0	0	0	0	0	0	0	0	0	0	0	0	0	106	284	3378	0	410	0	194	0	0	10448	0	4458	31810	8476	30666	352	19308	240	12200	0	3002	0	11662	0	6016	0	498	0	360	0	176	0	166	416	21656	182	2692	0	0	0	0	0	0	0	0	0	0	0	156	0	0	0	3970	0	0	0	4206	130	0	0	0	0	0	0	164	172	234	0	0	0	0	0	0	0	0	0	0	476	262	0	0	0	0	
186700	Cuneus_L	370	0	96	0	0	0	260	0	0	0	0	0	0	0	0	0	94	0	0	0	0	0	0	0	0	0	0	0	0	0	0	0	1328	0	3854	130	156	0	0	0	0	0	16168	4458	0	6648	2044	726	18592	928	11472	0	2028	0	438	0	928	0	1206	0	406	0	0	0	358	0	13552	2328	1778	0	0	0	210	0	0	0	0	0	0	0	146	0	0	0	1464	0	0	0	1184	0	0	0	0	0	0	0	0	0	0	0	0	0	0	0	0	0	0	0	0	0	0	0	0	0	0	0	
317348	Cuneus_R	0	2822	144	0	0	0	0	0	0	0	0	108	0	0	0	0	0	0	214	130	0	0	0	0	0	0	0	0	0	0	0	0	154	642	254	898	0	374	0	0	0	0	7540	31810	6648	0	4682	7512	602	31752	166	13662	0	1670	0	3196	0	6596	0	1314	0	416	0	332	0	374	3108	24796	0	1838	0	0	0	0	0	0	0	0	0	0	0	106	0	0	0	3002	0	0	0	1812	0	0	0	0	0	0	0	0	0	0	0	0	0	0	0	0	0	0	0	0	0	0	0	0	0	0	
395280	Lingual_L	2886	84	408	0	0	0	426	0	0	0	0	0	0	0	0	0	256	0	0	0	0	0	0	0	0	0	0	0	324	0	0	0	0	0	2672	904	10476	746	10380	234	0	0	17494	8476	2044	4682	0	8116	2756	2756	14940	1166	11210	342	23752	1566	80	0	0	0	0	0	0	0	0	0	6470	144	208	0	0	0	454	0	0	0	2306	386	224	0	112	0	0	0	160	0	0	0	570	0	12366	980	124	0	156	0	12496	1560	18490	1830	236	0	462	104	186	0	0	0	0	0	5582	2424	250	96	88	0	
384664	Lingual_R	638	1798	0	130	0	0	98	0	0	0	0	0	0	0	0	0	0	84	0	230	0	0	0	0	0	0	0	0	0	142	0	0	0	0	1130	6492	1092	6062	528	6058	0	0	4378	30666	726	7512	8116	0	0	5974	102	3646	0	3162	936	24622	0	1780	0	84	0	0	0	182	0	0	90	14186	664	996	0	0	140	82	0	0	252	1278	0	0	0	120	0	0	0	1380	0	0	0	1554	2932	4362	308	430	0	182	3564	11442	5152	7830	342	0	310	0	198	0	0	0	0	0	10364	6446	1280	0	0	80	
218272	Occipital_Sup_L	1202	0	0	0	0	0	0	0	0	0	0	0	0	0	0	0	1356	0	0	0	0	0	0	0	0	0	0	0	128	0	0	0	190	0	1182	0	0	0	0	0	0	0	18676	352	18592	602	2756	0	0	0	37012	0	2242	0	648	0	2430	0	6262	0	1476	0	376	0	932	0	7356	508	640	0	0	0	0	0	0	0	0	0	0	0	1018	0	0	0	2110	0	0	0	1090	0	0	0	0	0	0	0	0	0	0	0	0	0	0	0	0	0	0	0	0	0	0	0	0	0	0	0	
327024	Occipital_Sup_R	0	3168	794	0	0	0	0	0	0	0	0	152	0	0	0	0	0	84	958	0	0	0	0	0	0	0	0	0	0	198	0	0	0	178	0	0	0	258	0	0	0	0	2198	19308	928	31752	2756	5974	0	0	0	27048	0	1844	0	2310	0	8436	0	7708	0	3508	0	1406	0	6894	614	20488	0	2186	0	0	0	100	0	82	0	0	0	112	0	506	0	0	0	7304	0	0	0	4260	0	0	0	0	0	0	0	0	0	0	0	0	0	0	0	0	0	0	0	0	0	0	0	0	0	0	
523628	Occipital_Mid_L	1404	0	0	0	0	0	342	0	0	0	0	0	0	0	0	0	2026	0	0	0	0	0	0	0	0	0	0	0	592	0	0	0	278	0	2128	0	772	0	0	0	0	0	36380	240	11472	166	14940	102	37012	0	0	0	26696	0	6648	0	11800	0	17398	0	20352	0	1618	0	22902	0	10832	0	556	0	0	0	352	0	0	0	0	0	470	0	2894	0	0	0	21780	0	0	0	9582	0	0	0	0	0	0	0	0	0	80	0	0	0	0	0	0	0	0	0	0	0	0	0	0	0	0	0	
243392	Occipital_Mid_R	0	972	198	0	0	0	0	0	0	0	0	0	0	0	0	0	0	0	246	0	0	0	0	0	0	0	0	0	0	108	0	0	0	396	0	88	0	170	0	0	0	0	536	12200	0	13662	1166	3646	0	27048	0	0	0	6044	0	2262	0	2788	0	3914	0	5892	0	484	0	14234	504	9130	0	1296	0	0	0	0	0	0	0	0	0	0	0	686	0	0	0	10804	0	0	0	3222	0	0	0	0	0	0	0	0	0	0	0	0	0	0	0	0	0	0	0	0	0	0	0	0	0	0	
194940	Occipital_Inf_L	258	0	0	0	0	0	0	0	0	0	0	0	0	0	0	0	126	0	0	0	0	0	0	0	0	0	0	0	316	0	0	0	292	0	398	0	222	0	300	0	0	0	8078	0	2028	0	11210	0	2242	0	26696	0	0	0	10898	0	1900	0	694	0	524	0	122	0	170	0	3744	0	160	0	0	0	0	0	0	0	0	0	186	0	424	0	0	0	9686	0	0	0	15230	0	726	0	0	0	0	0	300	0	298	0	0	0	0	0	0	0	0	0	0	0	122	120	0	0	0	0	
88300	Occipital_Inf_R	0	374	0	0	0	0	0	0	0	0	0	0	0	0	0	0	0	0	0	0	0	0	0	0	0	0	0	0	0	0	0	0	0	0	124	292	0	0	0	0	0	0	0	3002	0	1670	342	3162	0	1844	0	6044	0	0	82	5118	0	632	0	180	0	0	0	0	0	170	0	1562	0	388	0	0	0	0	0	0	0	0	0	0	0	84	0	0	0	6276	0	0	0	8638	266	290	0	0	0	0	98	144	496	1234	0	0	0	0	0	0	0	0	0	0	324	1178	136	0	0	0	
521916	Fusiform_L	2362	0	1568	0	0	0	1646	0	0	0	350	0	0	0	132	0	702	0	594	0	230	0	144	0	0	0	0	0	12100	0	282	218	0	0	434	0	27094	0	11224	0	3600	0	2794	0	438	0	23752	936	648	0	6648	0	10898	82	0	312	596	0	172	0	424	0	654	0	690	0	2108	0	0	0	0	1024	6996	0	258	0	462	974	3558	0	5324	0	1440	0	4352	0	760	0	25694	0	32100	1312	2576	212	242	0	13602	420	35348	1264	890	0	1062	108	288	0	0	0	0	0	2386	3410	1064	0	0	0	
466404	Fusiform_R	618	3542	92	700	0	0	0	290	0	0	0	910	0	384	0	0	0	480	236	968	0	0	0	0	0	0	0	0	0	2018	0	0	202	412	1648	5396	304	22652	150	15462	0	4832	526	11662	0	3196	1566	24622	0	2310	0	2262	0	5118	312	0	0	1680	0	146	0	120	0	868	0	92	0	6488	2082	1714	0	0	0	4386	0	160	0	502	0	446	0	1806	0	1142	0	3588	0	0	0	13986	1588	19246	166	1094	0	682	2478	11430	2596	23406	210	0	220	758	200	80	0	0	0	184	8694	5870	1630	200	154	240	
248332	Postcentral_L	15324	0	704	0	0	0	2306	0	0	0	2042	0	316	0	0	0	8980	0	96	0	0	0	0	0	0	0	0	0	4126	0	0	0	116	0	1946	0	2724	0	170	0	0	0	1826	0	928	0	80	0	2430	0	11800	0	1900	0	596	0	0	0	10474	0	22278	0	8080	0	2996	0	3786	0	2110	0	0	0	2728	0	704	0	576	0	1898	0	4014	0	0	0	3948	0	0	0	2164	0	0	0	0	0	0	0	0	0	0	0	0	0	0	0	0	0	0	0	0	0	0	0	0	0	0	0	
254588	Postcentral_R	268	14670	830	746	0	0	0	326	0	0	0	598	0	0	0	0	0	3730	1396	852	0	0	0	0	0	0	0	0	0	1560	94	142	386	1266	1206	2224	0	1420	0	196	0	0	0	6016	0	6596	0	1780	0	8436	0	2788	0	632	0	1680	0	0	0	5474	0	5286	0	10016	0	1070	258	22808	974	8724	0	0	0	746	0	140	0	164	0	642	0	1256	0	0	0	6218	0	0	0	3680	0	0	0	0	0	0	0	0	0	0	0	0	0	0	0	0	0	0	0	0	0	0	0	0	0	0	
137192	Parietal_Sup_L	682	0	0	0	0	0	344	0	0	0	0	0	0	0	0	0	622	0	0	0	0	0	0	0	0	0	0	0	0	0	0	0	228	0	194	0	240	0	0	0	0	0	3096	0	1206	0	0	0	6262	0	17398	0	694	0	172	0	10474	0	0	0	14076	0	274	0	2938	0	7558	212	144	0	0	0	224	0	0	0	0	0	0	0	394	0	0	0	624	0	0	0	540	0	0	0	0	0	0	0	0	0	0	0	0	0	0	0	0	0	0	0	0	0	0	0	0	0	0	0	
87372	Parietal_Sup_R	0	124	0	0	0	0	0	0	0	0	0	0	0	0	0	0	0	0	0	0	0	0	0	0	0	0	0	0	0	0	0	0	0	0	0	94	0	0	0	0	0	0	0	498	0	1314	0	84	0	7708	0	3914	0	180	0	146	0	5474	0	0	0	5042	0	632	0	8194	270	8154	0	1360	0	0	0	0	0	0	0	0	0	0	0	0	0	0	0	300	0	0	0	198	0	0	0	0	0	0	0	0	0	0	0	0	0	0	0	0	0	0	0	0	0	0	0	0	0	0	
216836	Parietal_Inf_L	378	0	0	0	0	0	152	0	0	0	0	0	0	0	0	0	1118	0	0	0	0	0	0	0	0	0	0	0	162	0	0	0	0	0	452	0	356	0	0	0	0	0	546	0	406	0	0	0	1476	0	20352	0	524	0	424	0	22278	0	14076	0	0	0	8756	0	25180	0	1960	0	150	0	0	0	0	0	0	0	0	0	384	0	2622	0	0	0	5840	0	0	0	826	0	0	0	0	0	0	0	0	0	0	0	0	0	0	0	0	0	0	0	0	0	0	0	0	0	0	0	
101412	Parietal_Inf_R	0	294	98	0	0	0	0	0	0	0	0	0	0	0	0	0	0	0	102	0	0	0	0	0	0	0	0	0	0	0	0	0	0	0	0	0	0	0	0	0	0	0	0	360	0	416	0	0	0	3508	0	5892	0	0	0	120	0	5286	0	5042	0	0	0	11500	0	13056	0	796	0	0	0	0	0	0	0	0	0	0	0	0	0	84	0	0	0	3882	0	0	0	270	0	0	0	0	0	0	0	0	0	0	0	0	0	0	0	0	0	0	0	0	0	0	0	0	0	0	
114564	SupraMarginal_L	316	0	0	0	0	0	0	0	0	0	0	0	0	0	0	0	2810	0	0	0	0	0	0	0	0	0	0	0	4324	0	0	0	0	0	0	0	1538	0	156	0	0	0	276	0	0	0	0	0	376	0	1618	0	122	0	654	0	8080	0	274	0	8756	0	0	0	6264	0	376	0	0	0	0	0	90	0	0	0	0	0	2484	0	9426	0	0	0	8424	0	0	0	918	0	0	0	0	0	0	0	0	0	0	0	0	0	0	0	0	0	0	0	0	0	0	0	0	0	0	0	
116820	SupraMarginal_R	0	496	246	0	0	0	0	0	0	0	0	0	0	0	0	0	0	2918	268	0	0	0	0	0	0	0	0	0	0	352	0	0	0	0	0	0	0	1182	0	110	0	0	0	176	0	332	0	182	0	1406	0	484	0	0	0	868	0	10016	0	632	0	11500	0	0	0	6682	0	1144	0	0	0	0	0	0	0	0	0	0	0	460	0	5142	0	0	0	11426	0	0	0	2388	0	0	0	0	0	0	0	0	0	0	0	0	0	0	0	0	0	0	0	0	0	0	0	0	0	0	
160088	Angular_L	408	0	0	0	0	0	258	0	0	0	0	0	0	0	0	0	1430	0	0	0	0	0	0	0	0	0	0	0	164	0	0	0	0	0	336	0	592	0	0	0	0	0	294	0	358	0	0	0	932	0	22902	0	170	0	690	0	2996	0	2938	0	25180	0	6264	0	0	0	562	0	0	0	0	0	86	0	0	0	0	0	534	0	3482	0	0	0	8954	0	0	0	514	0	0	0	0	0	0	0	0	0	0	0	0	0	0	0	0	0	0	0	0	0	0	0	0	0	0	0	
123088	Angular_R	0	192	144	0	0	0	0	0	0	0	0	0	0	0	0	0	0	0	170	0	0	0	0	0	0	0	0	0	0	0	0	0	0	0	0	0	0	0	0	0	0	0	0	166	0	374	0	0	0	6894	0	14234	0	170	0	92	0	1070	0	8194	0	13056	0	6682	0	0	0	662	0	0	0	0	0	0	0	0	0	0	0	0	0	1956	0	0	0	6334	0	0	0	1154	0	0	0	0	0	0	0	0	0	0	0	0	0	0	0	0	0	0	0	0	0	0	0	0	0	0	
275940	Precuneus_L	2468	212	142	0	0	0	354	0	0	0	0	0	0	0	0	0	510	0	0	0	0	0	0	0	0	0	0	0	1830	0	0	0	3586	614	13462	960	7866	136	3378	0	0	0	18966	416	13552	3108	6470	90	7356	614	10832	504	3744	0	2108	0	3786	258	7558	270	1960	0	376	0	562	0	0	8866	2924	86	0	0	248	0	0	0	252	0	1282	0	780	0	0	0	2712	176	0	0	2338	0	136	0	0	0	0	0	122	0	0	0	0	0	0	0	0	0	0	0	0	0	0	0	0	0	0	0	
439064	Precuneus_R	656	8414	956	140	0	0	0	0	0	0	0	202	0	0	0	0	0	198	1320	1090	0	0	0	0	0	0	0	0	0	240	0	0	1374	6244	2036	10902	414	5192	84	2140	0	0	1148	21656	2328	24796	144	14186	508	20488	0	9130	0	1562	0	6488	0	22808	212	8154	0	796	0	1144	0	662	8866	0	920	10962	0	0	82	160	0	102	322	468	0	140	0	872	0	0	0	8910	0	0	0	6022	0	0	0	0	0	0	0	1266	0	0	0	0	0	0	0	0	0	0	0	0	2628	0	0	0	0	0	
179980	Paracentral_Lobule_L	21636	5138	110	0	0	0	0	0	0	0	0	0	0	0	0	0	0	0	4244	7094	0	0	0	0	0	0	0	0	0	0	0	0	3326	5344	6112	5332	1324	2866	162	710	0	0	958	182	1778	0	208	664	640	0	556	0	160	0	0	2082	2110	974	144	0	150	0	0	0	0	0	2924	920	0	8530	0	0	0	0	0	0	1870	1236	0	0	0	0	0	0	126	130	0	0	130	120	0	0	0	0	0	0	0	0	0	0	0	0	0	0	0	0	0	0	0	0	0	0	0	0	0	0	
237636	Paracentral_Lobule_R	8098	17774	654	126	0	0	418	0	0	0	114	0	0	0	0	0	0	0	4346	18632	0	0	0	0	0	0	0	0	0	0	0	0	2766	12910	1450	3612	0	1428	0	326	0	0	0	2692	0	1838	0	996	0	2186	0	1296	0	388	0	1714	0	8724	0	1360	0	0	0	0	0	0	86	10962	8530	0	0	186	0	0	0	0	0	160	0	0	0	212	0	0	0	2108	0	0	0	2726	0	0	0	0	0	0	0	0	0	0	0	0	0	0	0	0	0	0	0	0	0	0	0	0	0	0	
208816	Caudate_L	1812	1614	5500	1512	260	0	890	316	0	0	992	762	630	0	188	0	0	152	3888	1112	4604	6718	2702	592	0	0	2344	1202	1330	866	10548	5406	0	102	0	0	978	638	0	114	0	0	0	0	0	0	0	0	0	0	0	0	0	0	0	0	0	0	0	0	0	0	0	0	0	0	0	0	0	0	0	15538	13138	4966	1828	484	8104	2578	0	0	0	0	0	0	0	0	0	0	0	0	0	0	0	0	0	0	0	0	0	0	0	0	0	0	0	0	0	0	0	0	0	0	0	0	0	0	
356104	Caudate_R	222	8212	3196	11202	0	1034	148	660	0	0	562	980	322	410	0	0	0	606	11076	16480	2570	5262	1712	2394	82	2220	1198	2018	2182	1572	4868	27366	372	1752	0	0	1026	206	0	88	0	138	0	0	0	0	0	0	0	0	0	0	0	0	1024	0	0	0	0	0	0	0	0	0	0	0	0	0	0	186	15538	0	4580	20858	0	2534	658	18284	0	90	958	0	0	0	0	0	0	0	1206	0	0	0	0	0	0	0	0	0	0	0	0	0	0	0	0	0	0	0	0	0	0	0	0	0	0	0	
314492	Putamen_L	12752	654	11816	416	1458	0	9892	0	946	0	2088	0	1030	0	2786	0	2086	0	4642	288	1090	2774	2360	94	142	0	380	486	16366	0	9116	1514	0	0	170	0	20248	0	2532	0	858	0	90	0	210	0	454	140	0	0	352	0	0	0	6996	0	2728	0	224	0	0	0	90	0	86	0	248	82	0	0	13138	4580	0	802	5268	0	2326	1838	442	0	1126	0	1758	0	374	0	0	0	4342	0	176	0	134	0	0	0	0	0	258	0	0	0	0	0	0	0	0	0	0	0	0	0	0	0	0	0	
393620	Putamen_R	0	6092	2562	21532	0	202	196	6384	0	0	100	9952	100	3220	0	778	0	2030	5770	14634	0	994	1916	7224	0	598	0	696	142	15140	2086	22338	630	4704	0	0	0	16908	0	8556	0	1850	0	0	0	0	0	82	0	100	0	0	0	0	0	4386	0	746	0	0	0	0	0	0	0	0	0	160	0	0	4966	20858	802	0	0	4438	0	722	0	258	0	350	0	402	0	168	0	0	0	914	0	0	0	0	0	0	0	124	0	0	0	0	0	0	0	0	0	0	0	0	0	0	0	0	0	0	
42080	Pallidum_L	3662	0	1514	0	0	0	2750	0	0	0	302	0	0	0	0	0	514	0	240	0	0	0	84	0	0	0	0	0	312	0	154	0	0	0	0	0	732	0	0	0	0	0	0	0	0	0	0	0	0	0	0	0	0	0	258	0	704	0	0	0	0	0	0	0	0	0	0	0	0	0	1828	0	5268	0	0	0	2484	0	0	0	0	0	0	0	0	0	0	0	234	0	0	0	0	0	0	0	0	0	0	0	0	0	0	0	0	0	0	0	0	0	0	0	0	0	0	0	
38780	Pallidum_R	0	698	318	2026	0	0	0	708	0	0	0	1542	0	144	0	0	0	244	896	2390	0	0	0	0	0	0	0	0	0	134	0	440	0	0	0	0	0	1194	0	580	0	0	0	0	0	0	0	0	0	82	0	0	0	0	0	160	0	140	0	0	0	0	0	0	0	0	0	102	0	0	484	2534	0	4438	0	0	0	136	0	0	0	0	0	0	0	0	0	0	0	0	0	0	0	0	0	0	0	0	0	0	0	0	0	0	0	0	0	0	0	0	0	0	0	0	0	0	
135084	Thalamus_L	16332	2742	3468	98	0	0	1322	0	0	0	176	0	0	0	0	0	244	0	922	0	0	0	616	0	0	0	0	0	734	0	1856	312	0	0	878	1576	4050	2906	1870	540	0	0	0	0	0	0	2306	252	0	0	0	0	0	0	462	0	576	0	0	0	0	0	0	0	0	0	252	322	1870	0	8104	658	2326	0	2484	0	0	7006	0	0	0	0	0	0	0	0	0	0	126	0	0	0	0	0	0	0	156	0	0	0	0	0	0	0	0	0	0	0	0	0	0	0	0	0	0	0	
177212	Thalamus_R	2432	21800	460	1460	0	0	0	170	0	0	0	0	0	0	0	0	0	124	706	1196	0	0	122	0	0	0	0	0	1822	858	744	1716	0	0	1634	2876	2708	6650	436	2268	0	142	0	0	0	0	386	1278	0	0	0	0	0	0	974	502	0	164	0	0	0	0	0	0	0	0	0	468	1236	160	2578	18284	1838	722	0	136	7006	0	0	0	854	0	0	0	0	0	0	0	1126	0	0	0	0	0	0	0	0	570	0	0	0	0	0	0	0	0	0	0	0	0	0	0	0	0	0	0	
119432	Heschl_L	4312	0	334	0	0	0	816	0	0	0	208	0	0	0	0	0	3476	0	0	0	0	0	0	0	0	0	0	0	6482	0	0	0	0	0	1880	0	7726	0	422	0	0	0	1166	0	0	0	224	0	0	0	470	0	186	0	3558	0	1898	0	0	0	384	0	2484	0	534	0	1282	0	0	0	0	0	442	0	0	0	0	0	0	0	11578	0	0	0	5620	0	0	0	4234	0	0	0	0	0	0	0	0	0	0	0	0	0	0	0	0	0	0	0	0	0	0	0	0	0	0	0	
38616	Heschl_R	0	450	98	736	0	0	0	190	0	0	0	720	0	0	0	0	0	5576	184	584	0	0	0	0	0	0	0	0	0	2766	0	0	0	0	0	0	0	966	0	188	0	0	0	0	0	0	0	0	0	112	0	0	0	0	0	446	0	642	0	0	0	0	0	460	0	0	0	140	0	0	0	90	0	258	0	0	0	0	0	0	0	4020	0	0	0	254	0	0	0	428	0	0	0	0	0	0	0	0	0	0	0	0	0	0	0	0	0	0	0	0	0	0	0	0	0	0	
256736	Temporal_Sup_L	2208	0	1404	0	0	0	946	0	0	0	1410	0	92	0	0	0	10232	0	828	0	0	0	114	0	0	0	0	0	12922	0	190	146	0	0	330	0	6484	0	384	0	100	0	688	0	146	0	112	0	1018	0	2894	0	424	0	5324	0	4014	0	394	0	2622	0	9426	0	3482	0	780	0	0	0	0	958	1126	0	0	0	0	854	11578	0	0	0	3492	0	26880	0	552	0	13730	0	84	0	0	0	0	0	0	0	0	0	0	0	0	0	0	0	0	0	0	0	0	0	0	0	0	0	
78176	Temporal_Sup_R	0	428	0	0	0	0	0	0	0	0	0	208	0	0	0	0	0	3290	80	92	0	0	0	0	0	0	0	0	0	3022	0	0	0	0	0	0	0	1840	0	444	0	0	0	156	0	106	0	120	0	506	0	686	0	84	0	1806	0	1256	0	0	0	84	0	5142	0	1956	0	872	0	212	0	0	0	350	0	0	0	0	0	4020	0	0	0	590	0	8006	0	0	0	3732	0	0	0	0	0	0	0	0	0	0	0	0	0	0	0	0	0	0	0	0	0	0	0	0	0	0	
109668	Temporal_Pole_Sup_L	90	0	2190	0	268	0	442	0	244	0	3506	0	722	0	2666	0	2516	0	344	0	562	0	852	0	0	0	0	0	8480	0	1120	0	0	0	0	0	2828	0	226	0	1356	0	0	0	0	0	0	0	0	0	0	0	0	0	1440	0	0	0	0	0	0	0	0	0	0	0	0	0	0	0	0	0	1758	0	0	0	0	0	0	0	3492	0	0	0	9344	0	6236	0	4152	0	0	0	0	0	0	0	0	0	0	0	0	0	0	0	0	0	0	0	0	0	0	0	0	0	0	0	
30948	Temporal_Pole_Sup_R	0	0	0	88	0	0	0	0	0	0	0	618	0	0	0	118	0	90	0	106	0	0	0	0	0	0	0	0	0	1148	0	86	0	0	0	0	0	1832	0	578	0	1894	0	0	0	0	0	0	0	0	0	0	0	0	0	1142	0	0	0	0	0	0	0	0	0	0	0	0	0	0	0	0	0	402	0	0	0	0	0	0	0	590	0	0	0	2302	0	2434	0	2046	0	0	0	0	0	0	0	0	0	0	0	0	0	0	0	0	0	0	0	0	0	0	0	0	0	0	
323508	Temporal_Mid_L	424	0	172	0	0	0	100	0	0	0	136	0	0	0	0	0	2210	0	110	0	0	0	0	0	0	0	0	0	2748	0	0	0	84	0	712	0	2738	0	0	0	0	0	3284	0	1464	0	160	0	2110	0	21780	0	9686	0	4352	0	3948	0	624	0	5840	0	8424	0	8954	0	2712	0	126	0	0	0	374	0	0	0	0	0	5620	0	26880	0	9344	0	0	0	6836	0	29802	0	0	0	0	0	0	0	0	0	0	0	0	0	0	0	0	0	0	0	0	0	0	0	0	0	0	0	
255964	Temporal_Mid_R	0	2420	440	0	0	0	0	0	0	0	0	0	0	0	0	0	0	102	554	330	0	0	0	0	0	0	0	0	0	1678	0	0	0	274	126	486	0	534	0	144	0	0	0	3970	0	3002	0	1380	0	7304	0	10804	0	6276	0	3588	0	6218	0	300	0	3882	0	11426	0	6334	176	8910	130	2108	0	0	0	168	0	0	0	0	0	254	0	8006	0	2302	0	0	0	1760	0	32596	0	0	0	0	0	0	0	0	0	0	0	0	0	0	0	0	0	0	0	0	0	0	0	0	0	0	
36856	Temporal_Pole_Mid_L	0	0	0	0	0	0	0	0	0	0	0	0	0	0	0	0	0	0	0	0	0	0	0	0	0	0	0	0	0	0	0	0	0	0	0	0	208	0	200	0	0	0	0	0	0	0	0	0	0	0	0	0	0	0	760	0	0	0	0	0	0	0	0	0	0	0	0	0	0	0	0	0	0	0	0	0	0	0	0	0	552	0	6236	0	6836	0	0	0	3636	0	0	0	0	0	0	0	0	0	0	0	0	0	0	0	0	0	0	0	0	0	0	0	0	0	0	0	
12608	Temporal_Pole_Mid_R	0	0	0	0	0	0	0	0	0	0	0	0	0	0	0	0	0	0	0	0	0	0	0	0	0	0	0	0	0	0	0	0	0	0	0	0	0	84	0	196	0	104	0	0	0	0	0	0	0	0	0	0	0	0	0	0	0	0	0	0	0	0	0	0	0	0	0	0	0	0	0	0	0	0	0	0	0	0	0	0	0	0	0	2434	0	1760	0	0	0	1726	0	0	0	0	0	0	0	0	0	0	0	0	0	0	0	0	0	0	0	0	0	0	0	0	0	0	
340480	Temporal_Inf_L	1720	0	1486	0	0	0	1036	0	0	0	456	0	0	0	102	0	1098	0	594	0	0	0	142	0	0	0	0	0	12460	0	298	236	210	0	592	0	17776	0	334	0	1372	0	2758	0	1184	0	570	0	1090	0	9582	0	15230	0	25694	0	2164	0	540	0	826	0	918	0	514	0	2338	0	130	0	0	1206	4342	0	234	0	126	1126	4234	0	13730	0	4152	0	29802	0	3636	0	0	0	2950	0	362	0	0	0	0	0	676	0	128	0	86	0	0	0	0	0	0	0	0	0	0	0	0	0	
223200	Temporal_Inf_R	0	3662	274	0	0	0	0	0	0	0	0	0	0	0	0	0	0	174	332	486	0	0	0	0	0	0	0	0	0	1926	0	0	0	112	112	516	0	4012	0	828	0	1260	0	4206	0	1812	0	1554	0	4260	0	3222	0	8638	0	13986	0	3680	0	198	0	270	0	2388	0	1154	0	6022	120	2726	0	0	0	914	0	0	0	0	0	428	0	3732	0	2046	0	32596	0	1726	0	0	0	1712	0	0	0	0	0	0	0	332	0	0	0	98	0	0	0	0	0	0	86	0	0	0	0	0	
504776	Cerebelum_Crus1_L	158	0	0	0	0	0	0	0	0	0	0	0	0	0	0	0	0	0	0	0	0	0	0	0	0	0	0	0	200	0	0	0	0	0	0	0	628	0	1928	0	0	0	310	130	0	0	12366	2932	0	0	0	0	726	266	32100	1588	0	0	0	0	0	0	0	0	0	0	136	0	0	0	0	0	176	0	0	0	0	0	0	0	84	0	0	0	0	0	0	0	2950	0	0	5924	37632	2084	706	332	18888	1662	62330	5410	12024	194	12558	632	2816	228	320	0	798	1374	9062	11816	6892	720	464	844	
395212	Cerebelum_Crus1_R	0	0	0	0	0	0	0	0	0	0	0	0	0	0	0	0	0	0	0	0	0	0	0	0	0	0	0	0	0	0	0	0	0	0	0	0	0	100	0	0	0	0	0	0	0	0	980	4362	0	0	0	0	0	290	1312	19246	0	0	0	0	0	0	0	0	0	0	0	0	0	0	0	0	0	0	0	0	0	0	0	0	0	0	0	0	0	0	0	0	0	1712	5924	0	3310	29888	260	2234	2872	13502	5628	47512	1008	4836	1206	9474	718	988	0	0	164	1012	10108	13892	11024	1692	1406	946	
296160	Cerebelum_Crus2_L	126	0	0	0	0	0	0	0	0	0	0	0	0	0	0	0	0	0	0	0	0	0	0	0	0	0	0	0	98	0	0	0	0	0	0	0	330	0	586	0	0	0	0	0	0	0	124	308	0	0	0	0	0	0	2576	166	0	0	0	0	0	0	0	0	0	0	0	0	0	0	0	0	134	0	0	0	0	0	0	0	0	0	0	0	0	0	0	0	362	0	37632	3310	0	10016	234	0	2574	184	9134	946	30632	4464	23438	2852	2490	0	358	0	0	0	824	2126	9128	2280	114	534	
280288	Cerebelum_Crus2_R	0	0	0	0	0	0	0	0	0	0	0	0	0	0	0	0	0	0	0	0	0	0	0	0	0	0	0	0	0	0	0	0	0	0	0	0	0	0	0	0	0	0	0	0	0	0	0	430	0	0	0	0	0	0	212	1094	0	0	0	0	0	0	0	0	0	0	0	0	0	0	0	0	0	0	0	0	0	0	0	0	0	0	0	0	0	0	0	0	0	0	2084	29888	10016	0	132	818	706	1804	1296	8036	6912	21000	7198	22456	1400	3218	0	416	0	464	1378	1966	11796	4124	800	500	
31588	Cerebelum_3_L	0	0	0	0	0	0	0	0	0	0	0	0	0	0	0	0	0	0	0	0	0	0	0	0	0	0	0	0	0	0	0	0	0	0	0	0	0	0	162	0	0	0	0	0	0	0	156	0	0	0	0	0	0	0	242	0	0	0	0	0	0	0	0	0	0	0	0	0	0	0	0	0	0	0	0	0	0	0	0	0	0	0	0	0	0	0	0	0	0	0	706	260	234	132	0	222	5504	82	1158	314	0	0	210	0	152	134	0	0	990	2222	1990	280	254	146	244	0	
71544	Cerebelum_3_R	0	0	0	0	0	0	0	0	0	0	0	0	0	0	0	0	0	0	0	0	0	0	0	0	0	0	0	0	0	0	0	0	0	0	0	0	0	106	0	156	0	0	0	0	0	0	0	182	0	0	0	0	0	0	0	682	0	0	0	0	0	0	0	0	0	0	0	0	0	0	0	0	0	0	0	0	0	0	0	0	0	0	0	0	0	0	0	0	0	0	332	2234	0	818	222	0	656	4794	420	3470	120	138	1334	2460	1242	2206	0	0	246	3620	2230	500	2258	2874	2472	0	
312856	Cerebelum_4_5_L	0	0	0	0	0	0	0	0	0	0	0	0	0	0	0	0	0	0	0	0	0	0	0	0	0	0	0	0	0	0	0	0	0	0	0	0	458	0	2172	0	0	0	584	0	0	0	12496	3564	0	0	0	0	300	98	13602	2478	0	0	0	0	0	0	0	0	0	0	122	0	0	0	0	0	0	0	0	0	156	0	0	0	0	0	0	0	0	0	0	0	0	0	18888	2872	2574	706	5504	656	0	5672	33812	4838	2788	174	4918	594	3906	352	286	0	1642	3288	19682	3558	1128	804	780	976	
256664	Cerebelum_4_5_R	108	284	0	104	0	0	0	0	0	0	0	0	0	0	0	0	0	0	0	0	0	0	0	0	0	0	0	0	0	0	0	0	0	0	264	934	266	3118	162	3414	0	0	150	164	0	0	1560	11442	0	0	0	0	0	144	420	11430	0	0	0	0	0	0	0	0	0	0	0	1266	0	0	0	0	0	124	0	0	0	570	0	0	0	0	0	0	0	0	0	0	0	0	1662	13502	184	1804	82	4794	5672	0	3346	22982	442	278	1154	4200	1028	2390	0	80	0	1020	19354	1656	2016	2860	1902	0	
491332	Cerebelum_6_L	196	0	0	0	0	0	0	0	0	0	0	0	0	0	0	0	0	0	0	0	0	0	0	0	0	0	0	0	260	0	0	0	0	0	0	0	856	0	2862	0	0	0	410	172	0	0	18490	5152	0	0	80	0	298	496	35348	2596	0	0	0	0	0	0	0	0	0	0	0	0	0	0	0	0	258	0	0	0	0	0	0	0	0	0	0	0	0	0	0	0	676	0	62330	5628	9134	1296	1158	420	33812	3346	0	6528	3890	210	5760	944	3092	314	150	0	818	1462	14708	14732	4966	1002	750	1066	
391328	Cerebelum_6_R	0	0	0	0	0	0	0	0	0	0	0	0	0	0	0	0	0	0	0	0	0	0	0	0	0	0	0	0	0	0	0	0	0	0	0	0	0	204	0	168	0	0	114	234	0	0	1830	7830	0	0	0	0	0	1234	1264	23406	0	0	0	0	0	0	0	0	0	0	0	0	0	0	0	0	0	0	0	0	0	0	0	0	0	0	0	0	0	0	0	0	0	332	5410	47512	946	8036	314	3470	4838	22982	6528	0	438	538	770	6804	378	2208	0	382	322	1502	16188	17502	7012	2174	2084	710	
257828	Cerebelum_7b_L	0	0	0	0	0	0	0	0	0	0	0	0	0	0	0	0	0	0	0	0	0	0	0	0	0	0	0	0	0	0	0	0	0	0	0	0	0	0	196	0	0	0	0	0	0	0	236	342	0	0	0	0	0	0	890	210	0	0	0	0	0	0	0	0	0	0	0	0	0	0	0	0	0	0	0	0	0	0	0	0	0	0	0	0	0	0	0	0	128	0	12024	1008	30632	6912	0	120	2788	442	3890	438	0	4432	36740	5176	7336	124	678	0	0	168	1280	532	6474	5518	200	0	
156300	Cerebelum_7b_R	0	0	0	0	0	0	0	0	0	0	0	0	0	0	0	0	0	0	0	0	0	0	0	0	0	0	0	0	0	0	0	0	0	0	0	0	0	0	0	0	0	0	0	0	0	0	0	0	0	0	0	0	0	0	0	0	0	0	0	0	0	0	0	0	0	0	0	0	0	0	0	0	0	0	0	0	0	0	0	0	0	0	0	0	0	0	0	0	0	0	194	4836	4464	21000	0	138	174	278	210	538	4432	0	4070	24024	228	6798	0	344	0	0	150	92	3210	2840	130	0	
339540	Cerebelum_8_L	0	0	0	0	0	0	0	0	0	0	0	0	0	0	0	0	0	0	0	0	0	0	0	0	0	0	0	0	0	0	0	0	0	0	0	0	0	0	222	0	0	0	0	0	0	0	462	310	0	0	0	0	0	0	1062	220	0	0	0	0	0	0	0	0	0	0	0	0	0	0	0	0	0	0	0	0	0	0	0	0	0	0	0	0	0	0	0	0	86	0	12558	1206	23438	7198	210	1334	4918	1154	5760	770	36740	4070	0	9130	22940	2422	4204	0	444	1542	3054	782	8496	10698	3720	620	
269272	Cerebelum_8_R	0	0	0	0	0	0	0	0	0	0	0	0	0	0	0	0	0	0	0	0	0	0	0	0	0	0	0	0	0	0	0	0	0	0	0	0	0	0	0	0	0	0	0	0	0	0	104	0	0	0	0	0	0	0	108	758	0	0	0	0	0	0	0	0	0	0	0	0	0	0	0	0	0	0	0	0	0	0	0	0	0	0	0	0	0	0	0	0	0	98	632	9474	2852	22456	0	2460	594	4200	944	6804	5176	24024	9130	0	2366	18242	0	1842	0	1250	2174	156	5460	9928	3404	0	
143668	Cerebelum_9_L	0	0	0	0	0	0	0	0	0	0	0	0	0	0	0	0	0	0	0	0	0	0	0	0	0	0	0	0	0	0	0	0	0	0	0	0	0	0	0	0	0	0	0	0	0	0	186	198	0	0	0	0	0	0	288	200	0	0	0	0	0	0	0	0	0	0	0	0	0	0	0	0	0	0	0	0	0	0	0	0	0	0	0	0	0	0	0	0	0	0	2816	718	2490	1400	152	1242	3906	1028	3092	378	7336	228	22940	2366	0	2086	4636	0	138	926	1568	286	3562	3516	3338	814	
119304	Cerebelum_9_R	0	0	0	0	0	0	0	0	0	0	0	0	0	0	0	0	0	0	0	0	0	0	0	0	0	0	0	0	0	0	0	0	0	0	0	0	0	0	0	0	0	0	0	0	0	0	0	0	0	0	0	0	0	0	0	80	0	0	0	0	0	0	0	0	0	0	0	0	0	0	0	0	0	0	0	0	0	0	0	0	0	0	0	0	0	0	0	0	0	0	228	988	0	3218	134	2206	352	2390	314	2208	124	6798	2422	18242	2086	0	0	2000	90	1430	818	782	2144	4288	5368	942	
21264	Cerebelum_10_L	0	0	0	0	0	0	0	0	0	0	0	0	0	0	0	0	0	0	0	0	0	0	0	0	0	0	0	0	0	0	0	0	0	0	0	0	0	0	0	0	0	0	0	0	0	0	0	0	0	0	0	0	0	0	0	0	0	0	0	0	0	0	0	0	0	0	0	0	0	0	0	0	0	0	0	0	0	0	0	0	0	0	0	0	0	0	0	0	0	0	320	0	358	0	0	0	286	0	150	0	678	0	4204	0	4636	0	0	0	0	0	0	0	0	0	0	0	
10128	Cerebelum_10_R	0	0	0	0	0	0	0	0	0	0	0	0	0	0	0	0	0	0	0	0	0	0	0	0	0	0	0	0	0	0	0	0	0	0	0	0	0	0	0	0	0	0	0	0	0	0	0	0	0	0	0	0	0	0	0	0	0	0	0	0	0	0	0	0	0	0	0	0	0	0	0	0	0	0	0	0	0	0	0	0	0	0	0	0	0	0	0	0	0	0	0	0	0	416	0	0	0	80	0	382	0	344	0	1842	0	2000	0	0	0	0	0	0	0	0	0	0	
24908	Vermis_1_2	0	0	0	0	0	0	0	0	0	0	0	0	0	0	0	0	0	0	0	0	0	0	0	0	0	0	0	0	0	0	0	0	0	0	0	0	0	0	0	0	0	0	0	0	0	0	0	0	0	0	0	0	0	0	0	0	0	0	0	0	0	0	0	0	0	0	0	0	0	0	0	0	0	0	0	0	0	0	0	0	0	0	0	0	0	0	0	0	0	0	798	164	0	0	990	246	1642	0	818	322	0	0	444	0	138	90	0	0	0	3952	2086	312	100	130	222	0	
74048	Vermis_3	0	0	0	0	0	0	0	0	0	0	0	0	0	0	0	0	0	0	0	0	0	0	0	0	0	0	0	0	0	0	0	0	0	0	0	0	92	0	108	0	0	0	0	0	0	0	0	0	0	0	0	0	0	0	0	184	0	0	0	0	0	0	0	0	0	0	0	0	0	0	0	0	0	0	0	0	0	0	0	0	0	0	0	0	0	0	0	0	0	0	1374	1012	0	464	2222	3620	3288	1020	1462	1502	168	0	1542	1250	926	1430	0	0	3952	0	4654	918	1664	1994	2042	136	
328812	Vermis_4_5	94	0	0	0	0	0	0	0	0	0	0	0	0	0	0	0	0	0	0	0	0	0	0	0	0	0	0	0	0	0	0	0	0	0	408	2404	182	766	216	214	0	0	662	476	0	0	5582	10364	0	0	0	0	122	324	2386	8694	0	0	0	0	0	0	0	0	0	0	0	2628	0	0	0	0	0	0	0	0	0	0	0	0	0	0	0	0	0	0	0	0	0	86	9062	10108	824	1378	1990	2230	19682	19354	14708	16188	1280	150	3054	2174	1568	818	0	0	2086	4654	0	8780	2908	2344	2044	1414	
