data	data	472188	396832	1.09502e+06	892648	221804	162156	481788	366252	223804	50952	216616	215076	338228	224996	392904	155956	192584	135708	912808	886672	125000	110736	519600	508148	105928	155244	79132	88072	733492	474368	517904	657936	227784	698128	248944	255028	358756	463332	205168	314556	55120	88036	326132	393444	185160	319900	375588	497176	207264	309180	528464	238892	154520	148404	563108	698108	266100	187656	163388	156220	262584	142756	143164	167008	192872	132120	353372	468440	239904	265356	359520	436388	449572	458920	54664	20224	156232	247868	108304	54912	227484	218044	93092	82728	396308	334500	39148	36312	403496	288228	497908	480956	282696	273328	61816	90864	378312	313624	535452	467252	217360	143288	259672	274416	147504	154892	25072	10880	32196	108240	401976	292244	230036	224636	139980	43556	
data	data	Precentral_L	Precentral_R	Frontal_Sup_L	Frontal_Sup_R	Frontal_Sup_Orb_L	Frontal_Sup_Orb_R	Frontal_Mid_L	Frontal_Mid_R	Frontal_Mid_Orb_L	Frontal_Mid_Orb_R	Frontal_Inf_Oper_L	Frontal_Inf_Oper_R	Frontal_Inf_Tri_L	Frontal_Inf_Tri_R	Frontal_Inf_Orb_L	Frontal_Inf_Orb_R	Rolandic_Oper_L	Rolandic_Oper_R	Supp_Motor_Area_L	Supp_Motor_Area_R	Olfactory_L	Olfactory_R	Frontal_Sup_Medial_L	Frontal_Sup_Medial_R	Frontal_Med_Orb_L	Frontal_Med_Orb_R	Rectus_L	Rectus_R	Insula_L	Insula_R	Cingulum_Ant_L	Cingulum_Ant_R	Cingulum_Mid_L	Cingulum_Mid_R	Cingulum_Post_L	Cingulum_Post_R	Hippocampus_L	Hippocampus_R	ParaHippocampal_L	ParaHippocampal_R	Amygdala_L	Amygdala_R	Calcarine_L	Calcarine_R	Cuneus_L	Cuneus_R	Lingual_L	Lingual_R	Occipital_Sup_L	Occipital_Sup_R	Occipital_Mid_L	Occipital_Mid_R	Occipital_Inf_L	Occipital_Inf_R	Fusiform_L	Fusiform_R	Postcentral_L	Postcentral_R	Parietal_Sup_L	Parietal_Sup_R	Parietal_Inf_L	Parietal_Inf_R	SupraMarginal_L	SupraMarginal_R	Angular_L	Angular_R	Precuneus_L	Precuneus_R	Paracentral_Lobule_L	Paracentral_Lobule_R	Caudate_L	Caudate_R	Putamen_L	Putamen_R	Pallidum_L	Pallidum_R	Thalamus_L	Thalamus_R	Heschl_L	Heschl_R	Temporal_Sup_L	Temporal_Sup_R	Temporal_Pole_Sup_L	Temporal_Pole_Sup_R	Temporal_Mid_L	Temporal_Mid_R	Temporal_Pole_Mid_L	Temporal_Pole_Mid_R	Temporal_Inf_L	Temporal_Inf_R	Cerebelum_Crus1_L	Cerebelum_Crus1_R	Cerebelum_Crus2_L	Cerebelum_Crus2_R	Cerebelum_3_L	Cerebelum_3_R	Cerebelum_4_5_L	Cerebelum_4_5_R	Cerebelum_6_L	Cerebelum_6_R	Cerebelum_7b_L	Cerebelum_7b_R	Cerebelum_8_L	Cerebelum_8_R	Cerebelum_9_L	Cerebelum_9_R	Cerebelum_10_L	Cerebelum_10_R	Vermis_1_2	Vermis_3	Vermis_4_5	Vermis_6	Vermis_7	Vermis_8	Vermis_9	Vermis_10	
472188	Precentral_L	0	7714	12864	3292	0	0	17336	0	104	0	14022	0	3868	0	348	0	7502	0	14542	12700	0	0	0	0	0	0	0	0	9190	0	0	0	856	9464	8362	5556	4462	684	1014	68	0	0	234	272	118	0	184	160	308	0	3530	0	706	178	1552	892	23186	0	780	0	4170	0	1086	0	734	0	708	452	19820	7676	1954	1622	3906	0	188	0	4774	3464	4610	0	3350	0	170	0	6478	0	0	0	4194	86	244	0	0	0	0	0	0	0	268	0	0	0	0	0	0	0	0	0	0	92	0	0	0	0	0	0	
396832	Precentral_R	7714	0	748	15834	0	0	224	12416	68	0	0	6864	0	1146	72	0	0	884	4522	16456	0	0	0	0	0	0	0	0	108	3990	0	0	0	2476	2238	2116	2836	7582	1358	2276	0	0	0	1184	0	118	250	484	0	0	0	76	82	1572	436	5792	1172	12934	0	1696	0	2778	0	3282	0	0	68	1354	7164	16222	1448	8730	174	3466	0	148	3684	20790	0	500	0	1948	0	0	0	3820	0	0	230	4886	0	0	0	0	0	0	0	0	0	0	0	0	0	0	0	0	0	0	0	0	0	0	0	0	0	0	
1.09502e+06	Frontal_Sup_L	12864	748	0	16064	8962	678	62282	2996	7344	188	15606	1704	22258	810	19502	644	11756	0	66660	14408	128	170	56558	17982	2306	1336	94	124	44520	1720	29374	17016	11672	11564	222	192	5370	498	1428	162	270	0	0	0	0	0	0	82	0	0	0	0	0	0	4194	284	3168	0	0	0	0	0	0	0	0	0	0	0	2658	0	11758	5474	28736	1674	4296	88	4342	956	2588	0	1902	0	816	0	728	0	0	0	4296	142	364	0	0	0	0	0	136	68	400	0	0	0	0	0	0	0	0	0	0	70	110	0	0	0	0	0	
892648	Frontal_Sup_R	3292	15834	16064	0	146	5478	1864	37684	664	1930	566	12490	698	12906	1334	7584	186	3868	24462	63812	0	0	16560	43384	100	2250	0	0	1880	16374	7916	35482	1622	24310	826	524	860	6274	372	3054	0	214	0	0	0	0	144	90	0	0	0	0	0	94	166	2766	1432	268	0	156	0	168	0	170	0	0	0	122	3100	296	4176	20552	1198	20614	0	2134	700	13358	0	188	0	270	120	130	0	204	0	0	178	476	0	0	0	0	0	0	0	108	0	0	0	0	0	0	0	0	0	0	0	82	0	0	0	0	0	0	
221804	Frontal_Sup_Orb_L	0	0	8962	146	0	168	3854	0	20298	0	76	0	2918	0	14952	0	0	0	484	0	3582	264	2680	122	7426	1334	8624	374	8950	0	6786	618	72	0	0	0	226	0	72	0	0	0	0	0	0	0	0	0	0	0	0	0	0	0	170	0	0	0	0	0	0	0	0	0	0	0	0	0	0	0	5430	300	11418	0	0	0	0	0	0	0	0	0	528	0	0	0	0	0	68	0	0	0	0	0	0	0	0	0	0	0	0	0	0	0	0	0	0	0	0	0	0	0	0	0	0	0	
162156	Frontal_Sup_Orb_R	0	0	678	5478	168	0	0	3918	74	6638	0	0	0	1100	0	7890	0	0	0	288	752	3290	1252	3308	1068	11380	926	9238	0	3454	2220	3976	0	0	0	0	0	0	0	0	0	0	0	0	0	0	0	0	0	0	0	0	0	0	0	0	0	0	0	0	0	0	0	0	0	0	0	0	0	0	708	5640	608	7026	0	0	0	0	0	0	0	0	0	0	0	0	0	0	0	0	0	0	0	0	0	0	0	0	0	0	0	0	0	0	0	0	0	0	0	0	0	0	0	0	0	0	
481788	Frontal_Mid_L	17336	224	62282	1864	3854	0	0	392	4514	0	12408	752	32212	240	18650	188	2402	0	7072	882	0	0	14922	2630	0	0	0	0	21942	788	5572	2644	4632	2218	254	278	1812	112	528	0	0	0	0	0	0	0	0	0	0	0	0	0	0	0	402	84	974	0	0	0	440	0	134	0	144	0	0	0	0	0	2798	1170	5938	178	128	0	2104	98	1754	0	270	0	76	0	146	0	0	0	268	0	84	0	0	0	0	0	0	0	100	0	0	0	0	0	0	0	0	0	0	0	0	0	0	0	0	0	
366252	Frontal_Mid_R	0	12416	2996	37684	0	3918	392	0	234	2068	0	10576	182	22104	546	6046	0	1568	5454	7574	0	0	3000	9084	0	0	0	0	264	10074	760	7050	364	5178	458	378	330	5276	270	2278	0	0	0	228	0	0	0	146	0	0	0	0	0	624	0	3758	0	1802	0	164	0	372	0	448	0	0	0	166	0	178	846	1264	258	7958	0	374	162	3202	0	80	0	118	0	0	0	474	0	0	0	1982	0	0	0	0	0	0	0	0	0	0	0	0	0	0	0	0	0	0	0	0	0	0	0	0	0	0	
223804	Frontal_Mid_Orb_L	104	68	7344	664	20298	74	4514	234	0	0	240	228	5496	166	25156	100	0	0	1430	340	1304	198	788	300	2860	498	5100	162	10918	412	3550	1348	244	0	0	0	0	0	0	0	0	0	0	0	0	0	0	0	0	0	0	0	0	0	0	0	0	0	0	0	0	0	0	0	0	0	0	0	0	0	6180	1296	9758	214	0	0	74	0	0	0	0	0	242	0	0	0	0	0	0	0	0	0	0	0	0	0	0	0	0	0	0	0	0	0	0	0	0	0	0	0	0	0	0	0	0	0	
50952	Frontal_Mid_Orb_R	0	0	188	1930	0	6638	0	2068	0	0	74	80	0	1072	70	6338	0	0	142	108	90	288	0	528	0	464	0	776	194	1222	148	950	0	112	0	0	0	0	0	0	0	0	0	0	0	0	0	0	0	0	0	0	0	0	0	0	0	0	0	0	0	0	0	0	0	0	0	0	0	0	240	876	128	752	0	0	0	0	0	0	0	0	0	0	0	0	0	0	0	0	0	0	0	0	0	0	0	0	0	0	0	0	0	0	0	0	0	0	0	0	0	0	0	0	0	0	
216616	Frontal_Inf_Oper_L	14022	0	15606	566	76	0	12408	0	240	74	0	0	13272	0	1086	112	11258	0	11574	432	0	0	360	194	0	0	0	0	16766	0	200	296	666	330	0	0	374	0	114	0	0	0	0	0	0	0	0	0	0	0	0	0	0	0	262	0	2470	0	0	0	112	0	0	0	0	0	0	0	0	0	256	262	844	0	0	0	0	0	1264	0	762	0	1570	0	122	0	0	0	358	0	0	0	0	0	0	0	0	0	0	0	0	0	0	0	0	0	0	0	0	0	0	0	0	0	0	0	
215076	Frontal_Inf_Oper_R	0	6864	1704	12490	0	0	752	10576	228	80	0	0	442	8508	948	904	0	3052	4198	10272	0	0	78	1326	0	0	0	0	538	17166	230	2156	72	4768	84	78	70	2094	0	976	0	0	0	114	0	0	0	80	0	0	0	0	0	256	0	1688	0	196	0	82	0	100	0	100	0	0	0	0	0	230	2098	2264	218	5486	0	208	0	990	0	248	0	274	0	258	0	382	0	0	0	1612	0	0	0	0	0	0	0	0	0	0	0	0	0	0	0	0	0	0	0	0	0	0	0	0	0	0	
338228	Frontal_Inf_Tri_L	3868	0	22258	698	2918	0	32212	182	5496	0	13272	442	0	120	28420	134	2880	0	5354	356	0	0	3180	520	120	86	0	0	34218	450	3162	1086	432	488	0	0	0	0	0	0	0	0	0	0	0	0	0	0	0	0	0	0	0	0	0	0	100	0	0	0	0	0	0	0	0	0	0	0	0	0	1946	712	2566	142	0	0	0	0	96	0	206	0	994	0	0	0	0	0	0	0	0	0	0	0	0	0	0	0	0	0	0	0	0	0	0	0	0	0	0	0	0	0	0	0	0	0	
224996	Frontal_Inf_Tri_R	0	1146	810	12906	0	1100	240	22104	166	1072	0	8508	120	0	372	12532	0	0	2250	4640	0	0	634	5674	0	164	0	0	330	12978	814	9902	0	2586	0	0	0	734	0	200	0	0	0	0	0	0	0	0	0	0	0	0	0	114	0	594	0	0	0	0	0	0	0	0	0	0	0	0	0	68	664	3484	184	4406	0	0	0	222	0	0	0	0	0	0	0	160	0	0	0	620	0	0	0	0	0	0	0	0	0	0	0	0	0	0	0	0	0	0	0	0	0	0	0	0	0	0	
392904	Frontal_Inf_Orb_L	348	72	19502	1334	14952	0	18650	546	25156	70	1086	948	28420	372	0	250	176	0	3724	614	3154	126	2984	854	1616	302	3256	72	32412	1164	5090	2506	482	326	0	0	452	0	158	0	232	0	0	0	0	0	0	0	0	0	0	0	0	0	230	0	0	0	0	0	0	0	0	0	0	0	0	0	0	0	9614	2224	11608	378	0	0	94	0	0	0	0	0	740	0	0	0	86	0	72	0	0	0	0	0	0	0	0	0	0	0	0	0	0	0	0	0	0	0	0	0	0	0	0	0	0	0	
155956	Frontal_Inf_Orb_R	0	0	644	7584	0	7890	188	6046	100	6338	112	904	134	12532	250	0	0	0	808	1122	120	1236	280	3926	0	202	0	1682	446	9122	290	5654	80	972	0	0	0	94	0	188	0	122	0	0	0	0	0	0	0	0	0	0	0	0	0	282	0	0	0	0	0	0	0	0	0	0	0	0	0	0	636	3538	214	2340	0	0	0	0	0	0	0	342	0	1258	0	0	0	88	0	214	0	0	0	0	0	0	0	0	0	0	0	0	0	0	0	0	0	0	0	0	0	0	0	0	0	0	
192584	Rolandic_Oper_L	7502	0	11756	186	0	0	2402	0	0	0	11258	0	2880	0	176	0	0	0	9450	204	0	0	0	0	0	0	0	0	17078	0	88	88	328	144	0	0	864	0	286	0	0	0	74	0	0	0	0	0	0	0	894	0	226	0	754	0	8636	0	0	0	358	0	3262	0	108	0	0	0	0	0	160	80	1014	0	0	0	0	0	4784	0	5234	0	1710	0	2750	0	0	0	1558	0	0	0	0	0	0	0	0	0	0	0	0	0	0	0	0	0	0	0	0	0	0	0	0	0	0	0	
135708	Rolandic_Oper_R	0	884	0	3868	0	0	0	1568	0	0	0	3052	0	0	0	0	0	0	202	2734	0	0	0	0	0	0	0	0	0	11398	0	0	0	306	0	0	0	1172	0	596	0	0	0	74	0	0	0	0	0	148	0	236	0	118	0	988	0	2578	0	2638	0	2810	0	8714	0	516	0	360	0	414	0	900	0	2452	0	202	0	346	0	4928	0	10958	0	290	0	1744	0	0	0	660	0	0	0	0	0	0	0	0	0	0	0	0	0	0	0	0	0	0	0	0	0	0	0	0	0	0	
912808	Supp_Motor_Area_L	14542	4522	66660	24462	484	0	7072	5454	1430	142	11574	4198	5354	2250	3724	808	9450	202	0	63852	0	0	11504	12568	0	0	0	0	17600	4604	8896	14100	16640	44746	1864	948	1956	1876	642	1160	70	0	0	0	0	0	76	0	0	0	72	0	0	0	1010	1154	3918	170	0	0	0	0	106	0	0	0	192	588	17528	742	12428	4496	13052	2208	4764	192	21114	3446	964	0	836	0	740	0	134	0	0	0	816	160	0	0	0	0	0	0	0	0	0	0	0	0	0	0	0	0	0	0	0	144	0	0	0	0	0	0	
886672	Supp_Motor_Area_R	12700	16456	14408	63812	0	288	882	7574	340	108	432	10272	356	4640	614	1122	204	2734	63852	0	0	0	4304	13790	0	538	0	0	914	11790	4680	18752	6852	63382	4952	6418	188	3268	106	2342	0	194	0	718	0	152	0	358	0	0	0	0	0	248	0	2848	0	1492	0	330	0	192	0	218	0	0	230	1672	9322	26224	2296	19514	646	13852	0	2112	220	10884	0	500	0	1838	102	130	0	2396	0	0	96	1398	0	0	0	0	0	0	0	84	0	0	0	0	0	0	0	0	0	0	0	0	0	0	0	0	0	0	
125000	Olfactory_L	0	0	128	0	3582	752	0	0	1304	90	0	0	0	0	3154	120	0	0	0	0	0	4238	126	0	2500	1008	2968	1166	4576	218	6384	1588	0	0	0	0	1294	0	614	0	696	0	0	0	0	0	0	0	0	0	0	0	0	0	810	0	0	0	0	0	0	0	0	0	0	0	0	0	0	0	11250	3040	8704	1074	310	0	0	0	0	0	0	0	654	0	0	0	0	0	152	0	0	0	0	0	0	0	0	0	0	0	0	0	0	0	0	0	0	0	0	0	0	0	0	0	0	0	
110736	Olfactory_R	0	0	170	0	264	3290	0	0	198	288	0	0	0	0	126	1236	0	0	0	0	4238	0	398	0	204	4088	72	6054	0	2530	4778	5718	0	0	0	0	0	486	0	698	0	1064	0	0	0	0	0	0	0	0	0	0	0	0	0	250	0	0	0	0	0	0	0	0	0	0	0	0	0	0	5196	7118	3854	1818	1038	0	0	0	0	0	0	0	0	194	0	0	0	0	0	0	0	0	0	0	0	0	0	0	0	0	0	0	0	0	0	0	0	0	0	0	0	0	0	0	0	0	
519600	Frontal_Sup_Medial_L	0	0	56558	16560	2680	1252	14922	3000	788	0	360	78	3180	634	2984	280	0	0	11504	4304	126	398	0	32998	4420	2972	610	338	3100	334	37154	25778	8688	14310	0	0	0	0	0	0	0	0	0	0	0	0	0	0	0	0	0	0	0	0	0	0	0	0	0	0	0	0	0	0	0	0	0	0	0	0	1668	3942	1832	1796	0	0	122	130	0	0	0	0	0	0	0	0	0	0	0	0	0	0	0	0	0	0	0	0	0	0	0	0	0	0	0	0	0	0	0	0	0	0	0	0	0	0	
508148	Frontal_Sup_Medial_R	0	0	17982	43384	122	3308	2630	9084	300	528	194	1326	520	5674	854	3926	0	0	12568	13790	0	0	32998	0	1070	5988	0	156	1158	3368	12842	38546	1984	20606	0	0	0	792	0	758	0	0	0	0	0	0	0	0	0	0	0	0	0	0	0	660	0	0	0	0	0	0	0	0	0	0	0	0	0	0	1262	8406	526	6764	0	0	0	0	0	0	0	0	0	0	0	0	0	0	0	0	0	0	0	0	0	0	0	0	0	0	0	0	0	0	0	0	0	0	0	0	0	0	0	0	0	0	
105928	Frontal_Med_Orb_L	0	0	2306	100	7426	1068	0	0	2860	0	0	0	120	0	1616	0	0	0	0	0	2500	204	4420	1070	0	4572	4446	1098	302	0	10576	704	0	0	0	0	0	0	0	0	0	0	0	0	0	0	0	0	0	0	0	0	0	0	0	0	0	0	0	0	0	0	0	0	0	0	0	0	0	0	4220	228	3038	90	0	0	0	0	0	0	0	0	0	0	0	0	0	0	0	0	0	0	0	0	0	0	0	0	0	0	0	0	0	0	0	0	0	0	0	0	0	0	0	0	0	0	
155244	Frontal_Med_Orb_R	0	0	1336	2250	1334	11380	0	0	498	464	0	0	86	164	302	202	0	0	0	538	1008	4088	2972	5988	4572	0	1658	8884	116	0	7154	8550	0	0	0	0	0	0	0	0	0	0	0	0	0	0	0	0	0	0	0	0	0	0	0	0	0	0	0	0	0	0	0	0	0	0	0	0	0	0	1248	6166	1076	5588	0	0	0	0	0	0	0	0	0	0	0	0	0	0	0	0	0	0	0	0	0	0	0	0	0	0	0	0	0	0	0	0	0	0	0	0	0	0	0	0	0	0	
79132	Rectus_L	0	0	94	0	8624	926	0	0	5100	0	0	0	0	0	3256	0	0	0	0	0	2968	72	610	0	4446	1658	0	1142	1528	0	3386	70	0	0	0	0	0	0	0	0	0	0	0	0	0	0	0	0	0	0	0	0	0	0	0	0	0	0	0	0	0	0	0	0	0	0	0	0	0	0	3850	0	1642	0	0	0	0	0	0	0	0	0	194	0	0	0	0	0	0	0	0	0	0	0	0	0	0	0	0	0	0	0	0	0	0	0	0	0	0	0	0	0	0	0	0	0	
88072	Rectus_R	0	0	124	0	374	9238	0	0	162	776	0	0	0	0	72	1682	0	0	0	0	1166	6054	338	156	1098	8884	1142	0	0	850	2388	3274	0	0	0	0	0	0	0	0	0	0	0	0	0	0	0	0	0	0	0	0	0	0	0	0	0	0	0	0	0	0	0	0	0	0	0	0	0	0	1130	3136	988	1004	0	0	0	0	0	0	0	0	0	0	0	0	0	0	0	0	0	0	0	0	0	0	0	0	0	0	0	0	0	0	0	0	0	0	0	0	0	0	0	0	0	0	
733492	Insula_L	9190	108	44520	1880	8950	0	21942	264	10918	194	16766	538	34218	330	32412	446	17078	0	17600	914	4576	0	3100	1158	302	116	1528	0	0	540	4036	2176	1334	820	712	486	12690	152	3046	0	1766	0	378	0	0	0	280	0	0	0	1572	0	1146	0	13078	126	7170	0	0	0	1250	0	3084	0	218	0	428	0	190	0	6402	1950	21560	214	0	0	284	130	11106	0	9344	0	3120	0	8028	0	102	0	16724	0	540	0	0	0	0	0	354	0	1162	0	0	0	0	0	0	0	0	0	0	0	0	0	0	0	0	0	
474368	Insula_R	0	3990	1720	16374	0	3454	788	10074	412	1222	0	17166	450	12978	1164	9122	0	11398	4604	11790	218	2530	334	3368	0	0	0	850	540	0	692	5402	76	5488	68	116	0	10656	0	6494	0	1704	0	768	0	90	0	308	0	0	0	0	0	972	0	10690	0	1886	0	1036	0	1066	0	1432	0	0	0	582	0	876	2420	3870	512	21840	0	114	68	556	0	6278	0	13884	0	3190	0	6524	0	402	0	12096	0	0	0	0	0	0	0	398	0	84	0	0	0	0	0	0	0	0	0	0	0	0	0	0	0	0	
517904	Cingulum_Ant_L	0	0	29374	7916	6786	2220	5572	760	3550	148	200	230	3162	814	5090	290	88	0	8896	4680	6384	4778	37154	12842	10576	7154	3386	2388	4036	692	0	31926	7374	7794	0	0	0	0	0	0	0	0	0	0	0	0	0	0	0	0	0	0	0	0	0	0	0	0	0	0	0	0	0	0	0	0	0	0	0	0	14616	10772	11982	4452	610	0	92	168	0	0	0	0	0	0	0	0	0	0	0	0	0	0	0	0	0	0	0	0	0	0	0	0	0	0	0	0	0	0	0	0	0	0	0	0	0	0	
657936	Cingulum_Ant_R	0	0	17016	35482	618	3976	2644	7050	1348	950	296	2156	1086	9902	2506	5654	88	0	14100	18752	1588	5718	25778	38546	704	8550	70	3274	2176	5402	31926	0	4208	26116	0	0	90	114	0	102	0	0	0	0	0	0	0	0	0	0	0	0	0	0	78	88	0	0	0	0	0	0	0	0	0	0	0	0	0	0	6724	26538	4224	12332	558	0	96	254	0	0	0	0	0	0	0	0	0	0	90	0	0	0	0	0	0	0	0	0	0	0	0	0	0	0	0	0	0	0	0	0	0	0	0	0	0	0	
227784	Cingulum_Mid_L	856	0	11672	1622	72	0	4632	364	244	0	666	72	432	0	482	80	328	0	16640	6852	0	0	8688	1984	0	0	0	0	1334	76	7374	4208	0	17620	3248	1938	0	182	0	68	0	0	470	158	562	602	0	104	978	940	1398	0	0	0	0	112	290	0	268	0	0	90	0	176	0	178	4192	2696	6378	926	0	346	214	194	0	0	0	134	0	0	0	134	0	0	154	464	0	0	0	0	0	0	0	0	0	0	0	0	0	0	0	0	0	0	0	0	0	0	0	0	0	0	0	0	0	0	
698128	Cingulum_Mid_R	9464	2476	11564	24310	0	0	2218	5178	0	112	330	4768	488	2586	326	972	144	306	44746	63382	0	0	14310	20606	0	0	0	0	820	5488	7794	26116	17620	0	6266	10970	82	1088	0	1000	0	0	0	2308	0	2932	0	1488	0	2924	0	176	0	0	0	1576	0	2636	0	670	0	792	0	1222	0	1380	2124	12178	5666	15296	262	2570	108	1830	0	0	0	1306	0	0	0	862	76	0	0	2440	0	0	86	626	0	0	0	0	0	0	0	0	0	0	0	0	0	0	0	0	0	0	0	0	0	0	0	0	0	0	
248944	Cingulum_Post_L	8362	2238	222	826	0	0	254	458	0	0	0	84	0	0	0	0	0	0	1864	4952	0	0	0	0	0	0	0	0	712	68	0	0	3248	6266	0	19354	6752	5772	4660	1256	0	0	3682	566	1194	154	3104	314	864	0	3930	74	2754	494	2284	2930	534	206	754	0	362	0	82	0	154	0	9688	2184	5964	4474	0	0	98	294	0	0	1408	5102	170	0	160	0	0	0	1512	234	0	0	908	248	122	0	0	0	0	0	0	0	122	0	0	0	0	0	0	0	0	0	0	0	0	0	0	0	0	0	
255028	Cingulum_Post_R	5556	2116	192	524	0	0	278	378	0	0	0	78	0	0	0	0	0	0	948	6418	0	0	0	0	0	0	0	0	486	116	0	0	1938	10970	19354	0	4120	8086	3254	2354	0	0	484	5748	0	1302	1556	5738	182	670	676	442	1092	1004	1502	4914	98	1438	0	430	0	250	0	338	0	408	2356	12528	1938	6836	0	0	0	364	0	0	422	4200	82	0	0	166	0	0	78	1592	0	0	254	660	94	0	0	0	0	0	0	0	118	0	0	0	0	0	0	0	0	0	0	0	388	0	0	0	0	0	
358756	Hippocampus_L	4462	2836	5370	860	226	0	1812	330	0	0	374	70	0	0	452	0	864	0	1956	188	1294	0	0	0	0	0	0	0	12690	0	0	90	0	82	6752	4120	0	4658	23614	696	8738	0	2128	0	0	0	4150	202	0	0	422	0	706	70	27114	426	446	0	0	0	0	0	0	0	0	0	2828	126	984	0	108	148	8010	224	202	0	5750	7048	2218	0	4104	0	1110	0	1798	0	268	0	17076	0	1610	92	0	0	78	0	2148	136	3624	100	0	0	316	0	572	0	0	0	0	88	278	0	0	136	0	0	
463332	Hippocampus_R	684	7582	498	6274	0	0	112	5276	0	0	0	2094	0	734	0	94	0	1172	1876	3268	0	486	0	792	0	0	0	0	152	10656	0	114	182	1088	5772	8086	4658	0	3182	39478	0	12696	268	2520	0	90	1230	4642	0	0	152	0	238	3910	648	41750	0	500	0	76	0	76	0	100	0	0	448	4814	302	170	0	122	86	21702	0	318	692	7494	94	776	0	1670	0	1604	106	1546	0	0	336	12280	0	184	0	0	0	468	0	2502	0	422	0	0	0	0	0	0	0	0	0	0	324	0	0	0	0	0	
205168	ParaHippocampal_L	1014	1358	1428	372	72	0	528	270	0	0	114	0	0	0	158	0	286	0	642	106	614	0	0	0	0	0	0	0	3046	0	0	0	0	0	4660	3254	23614	3182	0	600	4250	0	1470	0	0	0	4248	70	0	0	140	0	122	0	13556	302	0	0	0	0	0	0	0	0	0	0	2446	0	254	0	0	0	4018	200	128	0	2720	4056	0	0	630	0	2592	0	0	0	2098	0	3984	0	678	0	90	0	368	0	3288	0	2182	0	80	0	846	0	1452	0	0	0	0	146	90	176	142	340	104	0	
314556	ParaHippocampal_R	68	2276	162	3054	0	0	0	2278	0	0	0	976	0	200	0	188	0	596	1160	2342	0	698	0	758	0	0	0	0	0	6494	0	102	68	1000	1256	2354	696	39478	600	0	0	12156	0	1784	0	0	128	4354	0	0	0	0	0	1420	140	31906	0	126	0	0	0	0	0	0	0	0	232	3388	0	0	0	0	0	14740	0	318	0	1562	0	248	0	980	0	3310	0	1020	0	1304	80	6454	0	258	0	0	0	704	0	3220	0	546	0	0	0	0	0	0	0	0	0	0	96	0	0	0	0	0	
55120	Amygdala_L	0	0	270	0	0	0	0	0	0	0	0	0	0	0	232	0	0	0	70	0	696	0	0	0	0	0	0	0	1766	0	0	0	0	0	0	0	8738	0	4250	0	0	0	0	0	0	0	0	0	0	0	0	0	0	0	6046	0	0	0	0	0	0	0	0	0	0	0	0	0	0	0	168	0	1154	0	0	0	0	0	0	0	0	0	1506	0	0	0	654	0	1904	0	0	0	0	0	0	0	106	0	0	0	0	0	0	0	0	0	0	0	0	0	0	0	0	0	0	0	
88036	Amygdala_R	0	0	0	214	0	0	0	0	0	0	0	0	0	0	0	122	0	0	0	194	0	1064	0	0	0	0	0	0	0	1704	0	0	0	0	0	0	0	12696	0	12156	0	0	0	0	0	0	0	0	0	0	0	0	0	0	0	8358	0	0	0	0	0	0	0	0	0	0	0	0	0	0	0	0	0	3138	0	0	0	0	0	0	0	96	0	2566	0	0	0	522	0	254	0	0	0	0	0	224	0	590	0	120	0	0	0	0	0	0	0	0	0	0	0	0	0	0	0	0	
326132	Calcarine_L	234	0	0	0	0	0	0	0	0	0	0	0	0	0	0	0	74	0	0	0	0	0	0	0	0	0	0	0	378	0	0	0	470	0	3682	484	2128	268	1470	0	0	0	0	5848	17026	3636	19646	3018	11480	2296	34486	486	9484	102	7932	336	846	0	3056	0	800	0	68	0	348	0	19024	252	1550	0	0	0	126	0	0	0	0	160	80	0	178	0	0	0	5130	120	0	0	2752	0	128	0	0	0	0	0	1210	0	720	0	0	0	0	0	82	0	0	0	0	0	1192	182	0	0	0	98	
393444	Calcarine_R	272	1184	0	0	0	0	0	228	0	0	0	114	0	0	0	0	0	74	0	718	0	0	0	0	0	0	0	0	0	768	0	0	158	2308	566	5748	0	2520	0	1784	0	0	5848	0	4328	25882	820	32028	0	15694	0	11238	0	5474	0	14802	0	3110	0	808	0	0	0	102	0	96	2144	35884	116	4410	0	0	0	380	0	0	0	0	0	0	0	652	0	0	0	10684	0	0	0	5666	0	0	0	0	0	0	0	0	0	0	0	0	0	0	0	0	0	0	0	0	114	0	0	0	0	0	
185160	Cuneus_L	118	0	0	0	0	0	0	0	0	0	0	0	0	0	0	0	0	0	0	0	0	0	0	0	0	0	0	0	0	0	0	0	562	0	1194	0	0	0	0	0	0	0	17026	4328	0	8068	3450	780	15750	3632	12920	506	350	0	1648	142	694	0	4386	0	500	0	0	0	236	0	12208	522	1706	0	0	0	0	0	0	0	0	0	0	0	0	0	0	0	1416	0	0	0	438	0	0	0	0	0	0	0	0	0	0	0	0	0	0	0	0	0	0	0	0	0	0	0	0	0	0	0	
319900	Cuneus_R	0	118	0	0	0	0	0	0	0	0	0	0	0	0	0	0	0	0	0	152	0	0	0	0	0	0	0	0	0	90	0	0	602	2932	154	1302	0	90	0	0	0	0	3636	25882	8068	0	164	7624	336	38638	80	12728	0	314	0	3464	0	1458	0	6114	0	80	0	82	0	142	6258	25258	0	2398	0	0	0	0	0	0	0	0	0	0	0	316	0	0	0	9888	0	0	0	1582	0	0	0	0	0	0	0	0	0	0	0	0	0	0	0	0	0	0	0	0	0	0	0	0	0	0	
375588	Lingual_L	184	250	0	144	0	0	0	0	0	0	0	0	0	0	0	0	0	0	76	0	0	0	0	0	0	0	0	0	280	0	0	0	0	0	3104	1556	4150	1230	4248	128	0	0	19646	820	3450	164	0	6124	4534	156	18482	0	9432	582	23910	1500	262	0	976	0	360	0	0	0	140	0	10026	0	480	0	0	0	144	0	0	0	334	1348	82	0	136	0	0	0	1680	0	0	0	1132	0	10816	1756	1434	398	1716	0	13494	1110	19312	1782	238	72	216	0	738	0	0	0	0	176	8854	3730	458	142	102	0	
497176	Lingual_R	160	484	82	90	0	0	0	146	0	0	0	80	0	0	0	0	0	0	0	358	0	0	0	0	0	0	0	0	0	308	0	0	104	1488	314	5738	202	4642	70	4354	0	0	3018	32028	780	7624	6124	0	0	7208	0	6786	84	8428	2648	34400	0	1852	0	378	0	0	0	0	0	0	652	22088	104	2408	0	0	74	544	0	0	0	532	0	0	0	208	0	0	0	3214	0	0	94	1270	4778	12520	784	304	652	146	7848	10978	10074	13206	120	0	162	0	348	0	0	0	0	152	16498	7904	642	190	116	0	
207264	Occipital_Sup_L	308	0	0	0	0	0	0	0	0	0	0	0	0	0	0	0	0	0	0	0	0	0	0	0	0	0	0	0	0	0	0	0	978	0	864	182	0	0	0	0	0	0	11480	0	15750	336	4534	0	0	0	33784	0	670	0	678	0	0	0	10880	0	1878	0	0	0	2450	0	16020	268	1710	0	0	0	0	0	0	0	0	0	0	0	0	0	0	0	862	0	0	0	0	0	0	0	0	0	0	0	0	0	0	0	0	0	0	0	0	0	0	0	0	0	0	0	0	0	0	0	
309180	Occipital_Sup_R	0	0	0	0	0	0	0	0	0	0	0	0	0	0	0	0	0	148	0	0	0	0	0	0	0	0	0	0	0	0	0	0	940	2924	0	670	0	0	0	0	0	0	2296	15694	3632	38638	156	7208	0	0	0	23414	0	1118	0	1712	0	1614	0	9240	0	1950	0	1770	0	6364	1884	18538	0	2708	0	0	0	0	0	0	0	0	0	0	0	888	0	0	0	10452	0	0	0	632	0	0	0	0	0	0	0	0	0	0	0	0	0	0	0	0	0	0	0	0	0	0	0	0	0	0	
528464	Occipital_Mid_L	3530	0	0	0	0	0	0	0	0	0	0	0	0	0	0	0	894	0	72	0	0	0	0	0	0	0	0	0	1572	0	0	0	1398	0	3930	676	422	152	140	0	0	0	34486	0	12920	80	18482	0	33784	0	0	0	23438	0	10514	244	2886	0	18626	0	14914	0	786	0	18338	0	26672	130	3718	0	0	0	0	0	0	0	0	0	962	0	920	0	0	0	21380	0	0	0	7548	0	368	0	0	0	0	0	0	0	250	0	0	0	0	0	0	0	0	0	0	0	0	0	0	0	0	0	
238892	Occipital_Mid_R	0	76	0	0	0	0	0	0	0	0	0	0	0	0	0	0	0	236	0	0	0	0	0	0	0	0	0	0	0	0	0	0	0	176	74	442	0	0	0	0	0	0	486	11238	506	12728	0	6786	0	23414	0	0	0	4908	0	2554	0	666	0	2934	0	4518	0	1468	0	17248	554	6028	0	1138	0	0	0	0	0	0	0	0	0	0	0	1948	0	0	0	17630	0	0	0	1690	0	0	0	0	0	0	0	0	0	0	0	0	0	0	0	0	0	0	0	0	0	0	0	0	0	0	
154520	Occipital_Inf_L	706	82	0	0	0	0	0	0	0	0	0	0	0	0	0	0	226	0	0	0	0	0	0	0	0	0	0	0	1146	0	0	0	0	0	2754	1092	706	238	122	0	0	0	9484	0	350	0	9432	84	670	0	23438	0	0	0	10178	512	360	0	106	0	240	0	270	0	122	0	4410	108	138	0	0	0	0	0	0	0	0	102	1206	0	470	0	0	0	4374	0	0	0	2752	0	590	0	0	0	0	0	196	0	414	0	0	0	0	0	0	0	0	0	0	0	182	0	0	0	0	0	
148404	Occipital_Inf_R	178	1572	0	94	0	0	0	624	0	0	0	256	0	114	0	0	0	118	0	248	0	0	0	0	0	0	0	0	0	972	0	0	0	0	494	1004	70	3910	0	1420	0	0	102	5474	0	314	582	8428	0	1118	0	4908	0	0	490	14670	0	208	0	0	0	0	0	0	0	0	0	3862	0	282	0	0	0	500	0	0	0	0	0	192	0	456	0	0	0	1402	0	0	0	8114	552	944	0	0	208	0	1684	2074	1580	1478	0	0	0	0	0	0	0	0	0	0	2338	1168	0	0	0	0	
563108	Fusiform_L	1552	436	4194	166	170	0	402	0	0	0	262	0	0	0	230	0	754	0	1010	0	810	0	0	0	0	0	0	0	13078	0	0	78	0	0	2284	1502	27114	648	13556	140	6046	0	7932	0	1648	0	23910	2648	678	0	10514	0	10178	490	0	1484	876	0	510	0	256	0	166	0	120	0	5678	0	450	0	88	92	4468	0	0	0	598	650	2626	0	5792	0	2386	0	3212	0	1094	0	25926	0	24640	722	1610	0	292	0	16890	1200	35792	814	300	0	1238	0	1928	80	124	0	0	0	4910	1242	228	460	182	0	
698108	Fusiform_R	892	5792	284	2766	0	0	84	3758	0	0	0	1688	0	594	0	282	0	988	1154	2848	0	250	0	660	0	0	0	0	126	10690	0	88	112	1576	2930	4914	426	41750	302	31906	0	8358	336	14802	142	3464	1500	34400	0	1712	244	2554	512	14670	1484	0	0	1468	0	118	0	0	0	102	0	0	586	12840	70	1764	0	0	0	16330	0	180	0	884	0	770	0	2402	0	6662	0	2562	0	2390	102	23588	1446	18070	138	232	362	558	3910	15634	3600	19288	0	0	0	324	0	186	0	0	0	90	8960	2234	166	0	0	0	
266100	Postcentral_L	23186	1172	3168	1432	0	0	974	0	0	0	2470	0	100	0	0	0	8636	0	3918	0	0	0	0	0	0	0	0	0	7170	0	0	0	290	0	534	98	446	0	0	0	0	0	846	0	694	0	262	0	0	0	2886	0	360	0	876	0	0	0	6170	0	25516	0	15658	0	4282	0	2336	0	1746	0	1428	0	210	0	0	0	0	0	3956	0	4516	0	0	0	4856	0	0	0	2680	0	86	0	0	0	0	0	0	0	92	0	0	0	0	0	0	0	0	0	0	0	0	0	0	0	0	0	
187656	Postcentral_R	0	12934	0	268	0	0	0	1802	0	0	0	196	0	0	0	0	0	2578	170	1492	0	0	0	0	0	0	0	0	0	1886	0	0	0	2636	206	1438	0	500	0	126	0	0	0	3110	0	1458	0	1852	0	1614	0	666	0	208	0	1468	0	0	0	7998	0	8326	0	13048	0	964	0	8872	0	8720	0	1554	0	126	0	0	0	0	0	216	0	1186	0	0	0	3420	0	0	0	2790	0	0	0	0	0	0	0	0	0	0	0	0	0	0	0	0	0	0	0	0	0	0	0	0	0	0	
163388	Parietal_Sup_L	780	0	0	0	0	0	0	0	0	0	0	0	0	0	0	0	0	0	0	0	0	0	0	0	0	0	0	0	0	0	0	0	268	0	754	0	0	0	0	0	0	0	3056	0	4386	0	976	0	10880	0	18626	0	106	0	510	0	6170	0	0	0	11978	0	110	0	7236	0	13702	0	1570	0	0	0	0	0	0	0	0	0	0	0	0	0	0	0	514	0	0	0	72	0	0	0	0	0	0	0	0	0	0	0	0	0	0	0	0	0	0	0	0	0	0	0	0	0	0	0	
156220	Parietal_Sup_R	0	1696	0	156	0	0	0	164	0	0	0	82	0	0	0	0	0	2638	0	330	0	0	0	0	0	0	0	0	0	1036	0	0	0	670	0	430	0	76	0	0	0	0	0	808	0	6114	0	378	0	9240	0	2934	0	0	0	118	0	7998	0	0	0	13512	0	10754	0	3894	368	9332	0	2240	0	418	0	194	0	0	0	0	0	346	0	554	0	0	0	1514	0	0	0	116	0	0	0	0	0	0	0	0	0	0	0	0	0	0	0	0	0	0	0	0	0	0	0	0	0	0	
262584	Parietal_Inf_L	4170	0	0	0	0	0	440	0	0	0	112	0	0	0	0	0	358	0	0	0	0	0	0	0	0	0	0	0	1250	0	0	0	0	0	362	0	0	0	0	0	0	0	800	0	500	0	360	0	1878	0	14914	0	240	0	256	0	25516	0	11978	0	0	0	16872	0	28076	0	3082	0	1242	0	0	0	0	0	0	0	0	0	716	0	1920	0	0	0	11000	0	0	0	5250	0	0	0	0	0	0	0	0	0	0	0	0	0	0	0	0	0	0	0	0	0	0	0	0	0	0	0	
142756	Parietal_Inf_R	0	2778	0	168	0	0	0	372	0	0	0	100	0	0	0	0	0	2810	0	192	0	0	0	0	0	0	0	0	0	1066	0	0	90	792	0	250	0	76	0	0	0	0	0	0	0	80	0	0	0	1950	0	4518	0	0	0	0	0	8326	0	13512	0	0	0	17432	0	12216	0	1638	0	292	0	448	0	192	0	0	0	0	0	372	0	1156	0	0	0	412	0	0	0	140	0	0	0	0	0	0	0	0	0	0	0	0	0	0	0	0	0	0	0	0	0	0	0	0	0	0	
143164	SupraMarginal_L	1086	0	0	0	0	0	134	0	0	0	0	0	0	0	0	0	3262	0	106	0	0	0	0	0	0	0	0	0	3084	0	0	0	0	0	82	0	0	0	0	0	0	0	68	0	0	0	0	0	0	0	786	0	270	0	166	0	15658	0	110	0	16872	0	0	0	7252	0	110	0	102	0	0	0	0	0	0	0	0	0	558	0	7722	0	0	0	9330	0	0	0	4824	0	0	0	0	0	0	0	0	0	0	0	0	0	0	0	0	0	0	0	0	0	0	0	0	0	0	0	
167008	SupraMarginal_R	0	3282	0	170	0	0	0	448	0	0	0	100	0	0	0	0	0	8714	0	218	0	0	0	0	0	0	0	0	0	1432	0	0	176	1222	0	338	0	100	0	0	0	0	0	102	0	82	0	0	0	1770	0	1468	0	0	0	102	0	13048	0	10754	0	17432	0	0	0	5736	0	2182	0	614	0	546	0	198	0	0	0	0	0	466	0	9394	0	0	0	3092	0	0	0	318	0	0	0	0	0	0	0	0	0	0	0	0	0	0	0	0	0	0	0	0	0	0	0	0	0	0	
192872	Angular_L	734	0	0	0	0	0	144	0	0	0	0	0	0	0	0	0	108	0	0	0	0	0	0	0	0	0	0	0	218	0	0	0	0	0	154	0	0	0	0	0	0	0	348	0	236	0	140	0	2450	0	18338	0	122	0	120	0	4282	0	7236	0	28076	0	7252	0	0	0	3096	0	1184	0	0	0	0	0	0	0	0	0	216	0	2492	0	0	0	14250	0	0	0	5240	0	0	0	0	0	0	0	0	0	0	0	0	0	0	0	0	0	0	0	0	0	0	0	0	0	0	0	
132120	Angular_R	0	0	0	0	0	0	0	0	0	0	0	0	0	0	0	0	0	516	0	0	0	0	0	0	0	0	0	0	0	0	0	0	178	1380	0	408	0	0	0	0	0	0	0	96	0	142	0	0	0	6364	0	17248	0	0	0	0	0	964	0	3894	0	12216	0	5736	0	0	0	2630	0	624	0	0	0	0	0	0	0	0	0	0	0	5732	0	0	0	7676	0	0	0	256	0	0	0	0	0	0	0	0	0	0	0	0	0	0	0	0	0	0	0	0	0	0	0	0	0	0	
353372	Precuneus_L	708	68	0	0	0	0	0	0	0	0	0	0	0	0	0	0	0	0	192	230	0	0	0	0	0	0	0	0	428	0	0	0	4192	2124	9688	2356	2828	448	2446	232	0	0	19024	2144	12208	6258	10026	652	16020	1884	26672	554	4410	0	5678	586	2336	0	13702	368	3082	0	110	0	3096	0	0	7784	4704	0	0	0	212	0	0	0	0	182	118	0	238	0	0	0	5252	1154	0	0	2022	0	0	0	0	0	0	0	168	0	0	0	0	0	0	0	0	0	0	0	0	0	102	0	0	0	0	0	
468440	Precuneus_R	452	1354	0	122	0	0	0	166	0	0	0	0	0	0	0	0	0	360	588	1672	0	0	0	0	0	0	0	0	0	582	0	0	2696	12178	2184	12528	126	4814	0	3388	0	0	252	35884	522	25258	0	22088	268	18538	130	6028	108	3862	0	12840	0	8872	0	9332	0	1638	0	2182	0	2630	7784	0	240	11028	0	0	0	424	0	0	0	290	0	0	0	1456	0	0	0	14302	0	0	0	4432	0	0	0	0	0	0	0	246	0	0	0	0	0	0	0	0	0	0	0	0	376	0	0	0	0	0	
239904	Paracentral_Lobule_L	19820	7164	2658	3100	0	0	0	0	0	0	0	0	0	0	0	0	0	0	17528	9322	0	0	0	0	0	0	0	0	190	0	0	0	6378	5666	5964	1938	984	302	254	0	0	0	1550	116	1706	0	480	104	1710	0	3718	0	138	0	450	70	1746	0	1570	0	1242	0	102	0	1184	0	4704	240	0	4084	698	754	424	0	0	0	5438	3164	160	0	364	0	0	0	1738	0	0	0	918	0	0	0	0	0	0	0	0	0	0	0	0	0	0	0	0	0	0	0	0	112	0	0	0	0	0	0	
265356	Paracentral_Lobule_R	7676	16222	0	296	0	0	0	178	0	0	0	230	0	68	0	0	0	414	742	26224	0	0	0	0	0	0	0	0	0	876	0	0	926	15296	4474	6836	0	170	0	0	0	0	0	4410	0	2398	0	2408	0	2708	0	1138	0	282	0	1764	0	8720	0	2240	0	292	0	614	0	624	0	11028	4084	0	0	0	0	0	0	0	0	340	0	348	0	2258	0	0	0	4638	0	0	0	1756	0	0	0	0	0	0	0	0	0	0	0	0	0	0	0	0	0	0	0	0	0	0	0	0	0	0	
359520	Caudate_L	1954	1448	11758	4176	5430	708	2798	846	6180	240	256	2098	1946	664	9614	636	160	0	12428	2296	11250	5196	1668	1262	4220	1248	3850	1130	6402	2420	14616	6724	0	262	0	0	108	0	0	0	168	0	0	0	0	0	0	0	0	0	0	0	0	0	88	0	1428	0	0	0	0	0	0	0	0	0	0	0	698	0	0	13102	25638	2004	4178	0	5702	428	0	0	0	0	334	0	0	0	0	0	0	0	0	0	0	0	0	0	0	0	0	0	0	0	0	0	0	0	0	0	0	0	0	0	0	0	0	0	
436388	Caudate_R	1622	8730	5474	20552	300	5640	1170	1264	1296	876	262	2264	712	3484	2224	3538	80	900	4496	19514	3040	7118	3942	8406	228	6166	0	3136	1950	3870	10772	26538	346	2570	0	0	148	122	0	0	0	0	0	0	0	0	0	0	0	0	0	0	0	0	92	0	0	1554	0	418	0	448	0	546	0	0	0	0	754	0	13102	0	5476	16732	1372	1098	930	12690	0	130	0	0	0	0	0	0	0	0	102	0	0	0	0	0	0	0	0	0	0	0	0	0	0	0	0	0	0	0	0	0	0	0	0	0	0	0	
449572	Putamen_L	3906	174	28736	1198	11418	608	5938	258	9758	128	844	218	2566	184	11608	214	1014	0	13052	646	8704	3854	1832	526	3038	1076	1642	988	21560	512	11982	4224	214	108	98	0	8010	86	4018	0	1154	0	126	0	0	0	144	74	0	0	0	0	0	0	4468	0	210	0	0	0	0	0	0	0	0	0	212	0	424	0	25638	5476	0	1626	7960	0	5466	114	700	0	832	0	510	0	244	0	0	0	3462	0	264	0	0	0	0	0	190	80	332	0	0	0	0	0	0	0	0	0	0	0	140	0	0	0	0	0	
458920	Putamen_R	0	3466	1674	20614	0	7026	178	7958	214	752	0	5486	142	4406	378	2340	0	2452	2208	13852	1074	1818	1796	6764	90	5588	0	1004	214	21840	4452	12332	194	1830	294	364	224	21702	200	14740	0	3138	0	380	0	0	0	544	0	0	0	0	0	500	0	16330	0	126	0	194	0	192	0	198	0	0	0	424	0	0	2004	16732	1626	0	430	2626	92	3096	0	528	0	1748	0	1738	0	860	0	90	0	4632	0	0	0	0	0	0	0	1294	0	272	0	0	0	0	0	0	0	0	0	0	0	0	0	0	0	0	
54664	Pallidum_L	188	0	4296	0	0	0	128	0	0	0	0	0	0	0	0	0	0	0	4764	0	310	1038	0	0	0	0	0	0	0	0	610	558	0	0	0	0	202	0	128	0	0	0	0	0	0	0	0	0	0	0	0	0	0	0	0	0	0	0	0	0	0	0	0	0	0	0	0	0	0	0	4178	1372	7960	430	0	0	1170	0	0	0	0	0	0	0	0	0	0	0	0	0	0	0	0	0	0	0	0	0	0	0	0	0	0	0	0	0	0	0	0	0	0	0	0	0	0	0	
20224	Pallidum_R	0	148	88	2134	0	0	0	374	0	0	0	208	0	0	0	0	0	202	192	2112	0	0	0	0	0	0	0	0	0	114	0	0	0	0	0	0	0	318	0	318	0	0	0	0	0	0	0	0	0	0	0	0	0	0	0	180	0	0	0	0	0	0	0	0	0	0	0	0	0	0	0	1098	0	2626	0	0	0	0	0	0	0	0	0	0	0	0	0	0	0	0	0	0	0	0	0	0	0	0	0	0	0	0	0	0	0	0	0	0	0	0	0	0	0	0	0	0	
156232	Thalamus_L	4774	3684	4342	700	0	0	2104	162	74	0	0	0	0	0	94	0	0	0	21114	220	0	0	122	0	0	0	0	0	284	68	92	96	0	0	1408	422	5750	692	2720	0	0	0	0	0	0	0	334	0	0	0	0	0	0	0	598	0	0	0	0	0	0	0	0	0	0	0	0	0	5438	0	5702	930	5466	92	1170	0	0	9056	0	0	0	0	0	0	0	0	0	0	160	0	0	0	0	0	0	0	0	0	0	0	0	0	0	0	0	0	0	0	0	248	0	0	0	0	0	0	
247868	Thalamus_R	3464	20790	956	13358	0	0	98	3202	0	0	0	990	0	222	0	0	0	346	3446	10884	0	0	130	0	0	0	0	0	130	556	168	254	134	1306	5102	4200	7048	7494	4056	1562	0	0	160	0	0	0	1348	532	0	0	0	0	102	0	650	884	0	0	0	0	0	0	0	0	0	0	182	290	3164	340	428	12690	114	3096	0	0	9056	0	98	106	0	0	0	0	106	0	0	0	372	136	0	0	0	0	0	0	0	0	0	0	0	0	0	0	0	0	0	0	0	184	0	0	0	0	0	0	
108304	Heschl_L	4610	0	2588	0	0	0	1754	0	0	0	1264	0	96	0	0	0	4784	0	964	0	0	0	0	0	0	0	0	0	11106	0	0	0	0	0	170	82	2218	94	0	0	0	0	80	0	0	0	82	0	0	0	962	0	1206	0	2626	0	3956	0	0	0	716	0	558	0	216	0	118	0	160	0	0	0	700	0	0	0	0	98	0	0	4942	0	0	0	5032	0	0	0	2016	0	460	0	0	0	0	0	0	0	494	0	0	0	0	0	0	0	0	0	0	0	0	0	0	0	0	0	
54912	Heschl_R	0	500	0	188	0	0	0	80	0	0	0	248	0	0	0	0	0	4928	0	500	0	0	0	0	0	0	0	0	0	6278	0	0	0	0	0	0	0	776	0	248	0	0	0	0	0	0	0	0	0	0	0	0	0	192	0	770	0	216	0	346	0	372	0	466	0	0	0	0	0	348	0	130	0	528	0	0	0	106	0	0	0	7066	0	0	0	2260	0	0	0	910	0	0	0	0	0	0	0	0	0	0	0	0	0	0	0	0	0	0	0	0	0	0	0	0	0	0	
227484	Temporal_Sup_L	3350	0	1902	0	0	0	270	0	0	0	762	0	206	0	0	0	5234	0	836	0	0	0	0	0	0	0	0	0	9344	0	0	0	0	0	160	0	4104	0	630	0	0	0	178	0	0	0	136	0	0	0	920	0	470	0	5792	0	4516	0	0	0	1920	0	7722	0	2492	0	238	0	364	0	0	0	832	0	0	0	0	0	4942	0	0	0	5208	0	31596	0	336	0	18200	0	134	0	0	0	0	0	132	0	816	0	0	0	0	0	0	0	0	0	0	0	0	0	0	0	0	0	
218044	Temporal_Sup_R	0	1948	0	270	0	0	0	118	0	0	0	274	0	0	0	342	0	10958	0	1838	0	0	0	0	0	0	0	0	0	13884	0	0	134	862	0	166	0	1670	0	980	0	96	0	652	0	316	0	208	0	888	0	1948	0	456	0	2402	0	1186	0	554	0	1156	0	9394	0	5732	0	1456	0	2258	0	0	0	1748	0	0	0	0	0	7066	0	0	0	4736	0	23416	0	824	0	8914	0	0	0	0	0	0	0	172	0	0	0	0	0	0	0	0	0	0	0	0	0	0	0	0	0	0	
93092	Temporal_Pole_Sup_L	170	0	816	120	528	0	76	0	242	0	1570	0	994	0	740	0	1710	0	740	102	654	0	0	0	0	0	194	0	3120	0	0	0	0	76	0	0	1110	0	2592	0	1506	0	0	0	0	0	0	0	0	0	0	0	0	0	2386	0	0	0	0	0	0	0	0	0	0	0	0	0	0	0	334	0	510	0	0	0	0	0	0	0	5208	0	0	0	8212	0	6126	0	6710	0	0	0	0	0	0	0	0	0	0	0	0	0	0	0	0	0	0	0	0	0	0	0	0	0	0	0	
82728	Temporal_Pole_Sup_R	0	0	0	130	0	0	0	0	0	0	0	258	0	0	0	1258	0	290	0	130	0	194	0	0	0	0	0	0	0	3190	0	0	0	0	0	0	0	1604	0	3310	0	2566	0	0	0	0	0	0	0	0	0	0	0	0	0	6662	0	0	0	0	0	0	0	0	0	0	0	0	0	0	0	0	0	1738	0	0	0	0	0	0	0	4736	0	0	0	2608	0	5772	0	6734	0	0	0	0	0	0	0	184	0	0	0	0	0	0	0	0	0	0	0	0	0	0	0	0	0	0	
396308	Temporal_Mid_L	6478	0	728	0	0	0	146	0	0	0	122	0	0	0	0	0	2750	0	134	0	0	0	0	0	0	0	0	0	8028	0	0	0	154	0	1512	78	1798	106	0	0	0	0	5130	0	1416	0	1680	0	862	0	21380	0	4374	0	3212	0	4856	0	514	0	11000	0	9330	0	14250	0	5252	0	1738	0	0	0	244	0	0	0	0	106	5032	0	31596	0	8212	0	0	0	4480	0	41060	0	194	0	0	0	0	0	0	0	202	0	0	0	0	0	0	0	0	0	0	0	0	0	0	0	0	0	
334500	Temporal_Mid_R	0	3820	0	204	0	0	0	474	0	0	0	382	0	160	0	0	0	1744	0	2396	0	0	0	0	0	0	0	0	0	6524	0	0	464	2440	234	1592	0	1546	0	1020	0	0	120	10684	0	9888	0	3214	0	10452	0	17630	0	1402	0	2562	0	3420	0	1514	0	412	0	3092	0	7676	1154	14302	0	4638	0	0	0	860	0	0	0	0	0	2260	0	23416	0	2608	0	0	0	2960	0	19986	0	0	0	0	0	0	0	0	0	0	0	0	0	0	0	0	0	0	0	0	0	0	0	0	0	0	
39148	Temporal_Pole_Mid_L	0	0	0	0	0	0	0	0	0	0	0	0	0	0	86	0	0	0	0	0	0	0	0	0	0	0	0	0	102	0	0	0	0	0	0	0	268	0	2098	0	654	0	0	0	0	0	0	0	0	0	0	0	0	0	1094	0	0	0	0	0	0	0	0	0	0	0	0	0	0	0	0	0	0	0	0	0	0	0	0	0	336	0	6126	0	4480	0	0	0	4330	0	0	0	0	0	0	0	0	0	0	0	0	0	0	0	0	0	0	0	0	0	0	0	0	0	0	0	
36312	Temporal_Pole_Mid_R	0	0	0	0	0	0	0	0	0	0	0	0	0	0	0	88	0	0	0	0	0	0	0	0	0	0	0	0	0	402	0	0	0	0	0	0	0	0	0	1304	0	522	0	0	0	0	0	0	0	0	0	0	0	0	0	2390	0	0	0	0	0	0	0	0	0	0	0	0	0	0	0	0	0	90	0	0	0	0	0	0	0	824	0	5772	0	2960	0	0	0	3804	0	0	0	0	0	0	0	0	0	0	0	0	0	0	0	0	0	0	0	0	0	0	0	0	0	0	
403496	Temporal_Inf_L	4194	230	4296	178	68	0	268	0	0	0	358	0	0	0	72	0	1558	0	816	96	152	0	0	0	0	0	0	0	16724	0	0	90	0	86	908	254	17076	336	3984	80	1904	0	2752	0	438	0	1132	94	0	0	7548	0	2752	0	25926	102	2680	0	72	0	5250	0	4824	0	5240	0	2022	0	918	0	0	102	3462	0	0	0	160	372	2016	0	18200	0	6710	0	41060	0	4330	0	0	0	3544	74	1226	0	0	0	1132	100	3526	72	0	0	0	0	0	0	0	0	0	0	184	0	0	0	0	0	
288228	Temporal_Inf_R	86	4886	142	476	0	0	0	1982	0	0	0	1612	0	620	0	214	0	660	160	1398	0	0	0	0	0	0	0	0	0	12096	0	0	0	626	248	660	0	12280	0	6454	0	254	0	5666	0	1582	0	1270	0	632	0	1690	0	8114	0	23588	0	2790	0	116	0	140	0	318	0	256	0	4432	0	1756	0	0	0	4632	0	0	0	136	0	910	0	8914	0	6734	0	19986	0	3804	0	0	0	1224	0	0	0	0	0	100	0	470	0	0	0	0	0	0	0	0	0	0	0	0	0	0	0	0	
497908	Cerebelum_Crus1_L	244	0	364	0	0	0	84	0	0	0	0	0	0	0	0	0	0	0	0	0	0	0	0	0	0	0	0	0	540	0	0	0	0	0	122	94	1610	0	678	0	0	0	128	0	0	0	10816	4778	0	0	368	0	590	552	24640	1446	86	0	0	0	0	0	0	0	0	0	0	0	0	0	0	0	264	0	0	0	0	0	460	0	134	0	0	0	194	0	0	0	3544	0	0	3784	37344	5454	1434	824	17912	2556	46792	4376	14104	2110	12622	2908	3854	1742	972	0	298	1152	9240	10694	9090	4838	2552	566	
480956	Cerebelum_Crus1_R	0	0	0	0	0	0	0	0	0	0	0	0	0	0	0	0	0	0	0	0	0	0	0	0	0	0	0	0	0	0	0	0	0	0	0	0	92	184	0	258	0	0	0	0	0	0	1756	12520	0	0	0	0	0	944	722	18070	0	0	0	0	0	0	0	0	0	0	0	0	0	0	0	0	0	0	0	0	0	0	0	0	0	0	0	0	0	0	0	0	74	1224	3784	0	2146	27434	756	3316	5744	24714	5364	57034	440	6686	466	14534	572	2682	0	222	196	3038	19932	12242	8794	3362	986	190	
282696	Cerebelum_Crus2_L	0	0	0	0	0	0	0	0	0	0	0	0	0	0	0	0	0	0	0	0	0	0	0	0	0	0	0	0	0	0	0	0	0	0	0	0	0	0	90	0	0	0	0	0	0	0	1434	784	0	0	0	0	0	0	1610	138	0	0	0	0	0	0	0	0	0	0	0	0	0	0	0	0	0	0	0	0	0	0	0	0	0	0	0	0	0	0	0	0	1226	0	37344	2146	0	7080	398	290	3352	636	9074	1526	23994	3534	17072	3442	1398	1188	634	0	186	454	2046	4440	8362	5380	1804	286	
273328	Cerebelum_Crus2_R	0	0	0	0	0	0	0	0	0	0	0	0	0	0	0	0	0	0	0	0	0	0	0	0	0	0	0	0	0	0	0	0	0	0	0	0	0	0	0	0	0	0	0	0	0	0	398	304	0	0	0	0	0	0	0	232	0	0	0	0	0	0	0	0	0	0	0	0	0	0	0	0	0	0	0	0	0	0	0	0	0	0	0	0	0	0	0	0	0	0	5454	27434	7080	0	300	1372	1110	2134	1838	10576	2924	18782	1812	22778	436	1392	0	408	260	1866	2442	4922	12676	6032	1514	188	
61816	Cerebelum_3_L	0	0	0	0	0	0	0	0	0	0	0	0	0	0	0	0	0	0	0	0	0	0	0	0	0	0	0	0	0	0	0	0	0	0	0	0	78	0	368	0	0	0	0	0	0	0	1716	652	0	0	0	0	0	208	292	362	0	0	0	0	0	0	0	0	0	0	0	0	0	0	0	0	0	0	0	0	0	0	0	0	0	0	0	0	0	0	0	0	0	0	1434	756	398	300	0	126	8116	722	3118	850	180	0	892	256	2308	404	0	0	654	1626	2190	880	390	640	772	220	
90864	Cerebelum_3_R	0	0	0	0	0	0	0	0	0	0	0	0	0	0	0	0	0	0	0	0	0	0	0	0	0	0	0	0	0	0	0	0	0	0	0	0	0	468	0	704	0	224	0	0	0	0	0	146	0	0	0	0	0	0	0	558	0	0	0	0	0	0	0	0	0	0	0	0	0	0	0	0	0	0	0	0	0	0	0	0	0	0	0	0	0	0	0	0	0	0	824	3316	290	1372	126	0	442	5558	1074	6066	182	78	532	2156	642	2472	0	0	972	6532	1126	1980	2156	2838	2260	338	
378312	Cerebelum_4_5_L	0	0	136	0	0	0	0	0	0	0	0	0	0	0	0	0	0	0	0	0	0	0	0	0	0	0	0	0	354	0	0	0	0	0	0	0	2148	0	3288	0	106	0	1210	0	0	0	13494	7848	0	0	0	0	196	1684	16890	3910	0	0	0	0	0	0	0	0	0	0	168	0	0	0	0	0	190	0	0	0	0	0	0	0	132	0	0	0	0	0	0	0	1132	0	17912	5744	3352	1110	8116	442	0	6326	37014	6706	1240	72	3500	810	7358	826	598	0	322	1516	20862	6148	1850	2118	1558	770	
313624	Cerebelum_4_5_R	0	0	68	108	0	0	0	0	0	0	0	0	0	0	0	0	0	0	0	84	0	0	0	0	0	0	0	0	0	398	0	0	0	0	0	0	136	2502	0	3220	0	590	0	0	0	0	1110	10978	0	0	0	0	0	2074	1200	15634	0	0	0	0	0	0	0	0	0	0	0	246	0	0	0	0	80	1294	0	0	0	0	0	0	0	172	0	184	0	0	0	0	100	100	2556	24714	636	2134	722	5558	6326	0	5128	33200	140	0	162	2434	380	1088	0	0	88	3228	21132	2286	2210	1890	382	140	
535452	Cerebelum_6_L	268	0	400	0	0	0	100	0	0	0	0	0	0	0	0	0	0	0	0	0	0	0	0	0	0	0	0	0	1162	0	0	0	0	0	122	118	3624	0	2182	0	0	0	720	0	0	0	19312	10074	0	0	250	0	414	1580	35792	3600	92	0	0	0	0	0	0	0	0	0	0	0	0	0	0	0	332	0	0	0	0	0	494	0	816	0	0	0	202	0	0	0	3526	0	46792	5364	9074	1838	3118	1074	37014	5128	0	6908	4154	274	4996	1498	5472	1808	798	0	320	1478	18886	13424	4920	4224	2832	1152	
467252	Cerebelum_6_R	0	0	0	0	0	0	0	0	0	0	0	0	0	0	0	0	0	0	0	0	0	0	0	0	0	0	0	0	0	84	0	0	0	0	0	0	100	422	0	546	0	120	0	0	0	0	1782	13206	0	0	0	0	0	1478	814	19288	0	0	0	0	0	0	0	0	0	0	0	0	0	0	0	0	0	272	0	0	0	0	0	0	0	0	0	0	0	0	0	0	72	470	4376	57034	1526	10576	850	6066	6706	33200	6908	0	578	372	670	7994	822	2866	0	1126	222	3892	23068	13642	6718	4314	1132	314	
217360	Cerebelum_7b_L	0	0	0	0	0	0	0	0	0	0	0	0	0	0	0	0	0	0	0	0	0	0	0	0	0	0	0	0	0	0	0	0	0	0	0	0	0	0	80	0	0	0	0	0	0	0	238	120	0	0	0	0	0	0	300	0	0	0	0	0	0	0	0	0	0	0	0	0	0	0	0	0	0	0	0	0	0	0	0	0	0	0	0	0	0	0	0	0	0	0	14104	440	23994	2924	180	182	1240	140	4154	578	0	2990	26336	4482	4104	1870	1124	0	184	308	504	2744	4908	7454	2674	324	
143288	Cerebelum_7b_R	0	0	0	0	0	0	0	0	0	0	0	0	0	0	0	0	0	0	0	0	0	0	0	0	0	0	0	0	0	0	0	0	0	0	0	0	0	0	0	0	0	0	0	0	0	0	72	0	0	0	0	0	0	0	0	0	0	0	0	0	0	0	0	0	0	0	0	0	0	0	0	0	0	0	0	0	0	0	0	0	0	0	0	0	0	0	0	0	0	0	2110	6686	3534	18782	0	78	72	0	274	372	2990	0	2682	20602	278	3364	0	0	122	130	98	618	4060	3838	882	0	
259672	Cerebelum_8_L	0	0	0	0	0	0	0	0	0	0	0	0	0	0	0	0	0	0	0	0	0	0	0	0	0	0	0	0	0	0	0	0	0	0	0	0	316	0	846	0	0	0	0	0	0	0	216	162	0	0	0	0	0	0	1238	0	0	0	0	0	0	0	0	0	0	0	0	0	0	0	0	0	0	0	0	0	0	0	0	0	0	0	0	0	0	0	0	0	0	0	12622	466	17072	1812	892	532	3500	162	4996	670	26336	2682	0	5078	18580	3754	3658	0	204	558	800	2936	3878	10006	5400	464	
274416	Cerebelum_8_R	0	0	0	0	0	0	0	0	0	0	0	0	0	0	0	0	0	0	0	0	0	0	0	0	0	0	0	0	0	0	0	0	0	0	0	0	0	0	0	0	0	0	0	0	0	0	0	0	0	0	0	0	0	0	0	324	0	0	0	0	0	0	0	0	0	0	0	0	0	0	0	0	0	0	0	0	0	0	0	0	0	0	0	0	0	0	0	0	0	0	2908	14534	3442	22778	256	2156	810	2434	1498	7994	4482	20602	5078	0	724	16764	0	1120	720	2594	1760	2206	6802	10292	4562	368	
147504	Cerebelum_9_L	0	0	0	0	0	0	0	0	0	0	0	0	0	0	0	0	0	0	0	0	0	0	0	0	0	0	0	0	0	0	0	0	0	0	0	0	572	0	1452	0	0	0	82	0	0	0	738	348	0	0	0	0	0	0	1928	0	0	0	0	0	0	0	0	0	0	0	0	0	0	0	0	0	0	0	0	0	0	0	0	0	0	0	0	0	0	0	0	0	0	0	3854	572	1398	436	2308	642	7358	380	5472	822	4104	278	18580	724	0	2472	4628	0	176	642	1792	2802	1196	2938	3876	1182	
154892	Cerebelum_9_R	0	0	0	0	0	0	0	0	0	0	0	0	0	0	0	0	0	0	0	0	0	0	0	0	0	0	0	0	0	0	0	0	0	0	0	0	0	0	0	0	0	0	0	0	0	0	0	0	0	0	0	0	0	0	80	186	0	0	0	0	0	0	0	0	0	0	0	0	0	0	0	0	0	0	0	0	0	0	0	0	0	0	0	0	0	0	0	0	0	0	1742	2682	1188	1392	404	2472	826	1088	1808	2866	1870	3364	3754	16764	2472	0	0	1754	1770	2880	1760	4082	2854	6160	8602	2626	
25072	Cerebelum_10_L	0	0	0	0	0	0	0	0	0	0	0	0	0	0	0	0	0	0	0	0	0	0	0	0	0	0	0	0	0	0	0	0	0	0	0	0	0	0	0	0	0	0	0	0	0	0	0	0	0	0	0	0	0	0	124	0	0	0	0	0	0	0	0	0	0	0	0	0	0	0	0	0	0	0	0	0	0	0	0	0	0	0	0	0	0	0	0	0	0	0	972	0	634	0	0	0	598	0	798	0	1124	0	3658	0	4628	0	0	0	0	0	0	0	0	0	0	0	
