data	data	521000	323056	1.23301e+06	1.07689e+06	214284	180512	696492	487656	95828	58012	548632	338080	539920	392476	196596	148316	183676	74760	982880	1.09921e+06	108092	146220	715688	576936	28344	133256	68572	88812	682316	284100	614212	661736	279596	714740	134156	180188	302128	355592	72820	265468	44036	60692	159368	255040	117592	207836	173784	312920	200328	290032	455000	229764	85412	68384	365820	526592	256328	207076	162268	131464	223284	116952	114880	147456	212912	182176	250908	309688	350400	276636	456756	460180	463444	476460	100528	67780	168528	228496	73888	14792	190132	77112	117556	49768	316432	204956	11040	20560	236148	169416	435820	361188	294060	250364	59860	60056	239432	155156	418256	355556	240468	159444	326968	293848	148740	144864	16628	11900	24312	68572	163168	241072	180676	136304	101140	52796	
data	data	Precentral_L	Precentral_R	Frontal_Sup_L	Frontal_Sup_R	Frontal_Sup_Orb_L	Frontal_Sup_Orb_R	Frontal_Mid_L	Frontal_Mid_R	Frontal_Mid_Orb_L	Frontal_Mid_Orb_R	Frontal_Inf_Oper_L	Frontal_Inf_Oper_R	Frontal_Inf_Tri_L	Frontal_Inf_Tri_R	Frontal_Inf_Orb_L	Frontal_Inf_Orb_R	Rolandic_Oper_L	Rolandic_Oper_R	Supp_Motor_Area_L	Supp_Motor_Area_R	Olfactory_L	Olfactory_R	Frontal_Sup_Medial_L	Frontal_Sup_Medial_R	Frontal_Med_Orb_L	Frontal_Med_Orb_R	Rectus_L	Rectus_R	Insula_L	Insula_R	Cingulum_Ant_L	Cingulum_Ant_R	Cingulum_Mid_L	Cingulum_Mid_R	Cingulum_Post_L	Cingulum_Post_R	Hippocampus_L	Hippocampus_R	ParaHippocampal_L	ParaHippocampal_R	Amygdala_L	Amygdala_R	Calcarine_L	Calcarine_R	Cuneus_L	Cuneus_R	Lingual_L	Lingual_R	Occipital_Sup_L	Occipital_Sup_R	Occipital_Mid_L	Occipital_Mid_R	Occipital_Inf_L	Occipital_Inf_R	Fusiform_L	Fusiform_R	Postcentral_L	Postcentral_R	Parietal_Sup_L	Parietal_Sup_R	Parietal_Inf_L	Parietal_Inf_R	SupraMarginal_L	SupraMarginal_R	Angular_L	Angular_R	Precuneus_L	Precuneus_R	Paracentral_Lobule_L	Paracentral_Lobule_R	Caudate_L	Caudate_R	Putamen_L	Putamen_R	Pallidum_L	Pallidum_R	Thalamus_L	Thalamus_R	Heschl_L	Heschl_R	Temporal_Sup_L	Temporal_Sup_R	Temporal_Pole_Sup_L	Temporal_Pole_Sup_R	Temporal_Mid_L	Temporal_Mid_R	Temporal_Pole_Mid_L	Temporal_Pole_Mid_R	Temporal_Inf_L	Temporal_Inf_R	Cerebelum_Crus1_L	Cerebelum_Crus1_R	Cerebelum_Crus2_L	Cerebelum_Crus2_R	Cerebelum_3_L	Cerebelum_3_R	Cerebelum_4_5_L	Cerebelum_4_5_R	Cerebelum_6_L	Cerebelum_6_R	Cerebelum_7b_L	Cerebelum_7b_R	Cerebelum_8_L	Cerebelum_8_R	Cerebelum_9_L	Cerebelum_9_R	Cerebelum_10_L	Cerebelum_10_R	Vermis_1_2	Vermis_3	Vermis_4_5	Vermis_6	Vermis_7	Vermis_8	Vermis_9	Vermis_10	
521000	Precentral_L	0	6662	16026	1438	0	0	33322	274	0	0	14230	358	5636	372	0	0	12366	0	7572	7382	0	0	248	0	0	0	0	0	13768	0	364	0	106	3286	2918	2730	12446	1824	284	304	0	0	184	0	0	0	0	0	100	0	2414	0	152	0	562	178	35576	0	2046	0	4654	0	1492	0	1854	0	568	0	30232	3002	1596	0	3672	204	426	382	12726	3746	3916	0	4094	0	122	0	1026	0	0	0	1660	0	0	0	0	0	0	0	0	0	0	0	0	0	0	0	0	0	0	0	0	0	0	0	0	0	0	0	
323056	Precentral_R	6662	0	3158	17606	0	0	196	13110	0	0	0	8170	0	930	0	0	140	1428	3218	7950	0	0	0	0	0	0	0	0	1024	2342	136	0	262	112	1892	2574	2646	9634	0	3066	0	0	0	106	0	0	0	372	172	0	320	0	0	0	240	2942	156	19628	0	664	0	1092	0	3386	0	466	338	614	7584	7066	1792	2048	894	3904	270	626	4990	13254	888	228	310	398	0	0	120	0	0	0	206	198	0	0	0	0	0	0	0	0	0	0	0	0	0	0	0	0	0	0	0	0	0	0	0	0	0	0	
1.23301e+06	Frontal_Sup_L	16026	3158	0	24438	9492	1148	89892	9010	3588	0	39620	4912	39818	3826	6556	818	7394	166	91350	29070	0	0	58960	20902	206	1276	0	0	35362	908	26830	16538	10778	19320	116	144	2006	260	0	140	0	0	0	0	0	0	0	0	0	0	236	0	0	0	0	144	1304	98	120	0	154	0	0	0	192	0	0	0	1392	0	9822	2394	12820	1726	1134	378	1964	326	556	0	3890	0	3666	0	0	0	0	0	162	0	0	0	0	0	0	0	0	0	0	0	0	0	0	0	0	0	0	0	0	0	0	0	0	0	0	0	
1.07689e+06	Frontal_Sup_R	1438	17606	24438	0	170	13294	4478	49656	0	950	3456	15630	3794	22714	202	5978	0	3996	29140	79390	258	360	20348	40072	0	4388	0	1762	1294	11996	12578	36712	5548	39992	566	614	892	6142	0	4614	0	0	0	0	0	0	0	232	0	0	0	0	0	0	0	5912	0	4162	0	136	0	202	0	960	0	158	0	0	944	0	3758	16272	1770	24916	334	7070	660	4104	282	184	0	616	0	0	0	148	0	0	0	1158	0	0	0	0	0	0	0	0	0	0	0	0	0	0	0	0	0	0	0	0	0	0	0	0	0	0	
214284	Frontal_Sup_Orb_L	0	0	9492	170	0	306	2580	0	12466	0	722	0	3174	0	18944	0	108	0	1572	0	2610	286	4926	936	2610	530	5086	0	18430	0	6474	510	0	0	0	0	674	0	0	0	1092	0	0	0	0	0	0	0	0	0	0	0	0	0	118	0	0	0	0	0	0	0	0	0	0	0	0	0	0	0	674	388	10882	214	0	0	0	0	0	0	248	0	920	0	0	0	0	0	0	0	0	0	0	0	0	0	0	0	0	0	0	0	0	0	0	0	0	0	0	0	0	0	0	0	0	0	
180512	Frontal_Sup_Orb_R	0	0	1148	13294	306	0	112	2720	0	4038	186	0	136	1608	0	4582	0	0	1082	3024	308	2060	1808	5484	136	10696	0	11184	0	2048	1680	6496	0	1880	0	0	0	106	0	92	0	0	0	0	0	0	0	0	0	0	0	0	0	0	0	0	0	0	0	0	0	0	0	0	0	0	0	0	0	0	354	5296	174	7932	0	286	0	0	0	0	0	0	0	0	0	0	0	0	0	0	0	0	0	0	0	0	0	0	0	0	0	0	0	0	0	0	0	0	0	0	0	0	0	0	0	0	
696492	Frontal_Mid_L	33322	196	89892	4478	2580	112	0	1922	3608	0	33024	1758	54202	1624	6808	136	1072	0	19260	5710	0	0	23652	5834	0	0	0	0	20088	140	8724	2984	6322	3900	292	344	2968	222	0	0	0	0	0	0	0	0	0	0	0	0	606	0	0	0	120	0	3498	0	316	0	506	0	0	0	324	0	0	0	144	0	536	0	2326	0	174	0	1926	282	1438	0	240	0	142	0	0	0	0	0	494	0	0	0	0	0	0	0	0	0	0	0	0	0	0	0	0	0	0	0	0	0	0	0	0	0	0	0	
487656	Frontal_Mid_R	274	13110	9010	49656	0	2720	1922	0	0	2210	8134	27110	6158	43246	0	6932	198	476	8998	13578	278	0	1240	7504	0	0	0	268	2786	5638	1866	3052	310	6604	0	0	0	870	0	748	0	0	0	0	0	0	0	0	0	0	0	0	0	0	0	834	176	564	0	0	0	0	0	110	0	0	0	0	0	0	6756	1842	890	6176	0	976	326	0	0	0	282	0	0	0	0	0	0	0	0	0	0	0	0	0	0	0	0	0	0	0	0	0	0	0	0	0	0	0	0	0	0	0	0	0	0	0	
95828	Frontal_Mid_Orb_L	0	0	3588	0	12466	0	3608	0	0	0	276	0	3724	0	17030	0	0	0	0	0	0	0	0	0	0	0	1044	0	4160	0	0	0	0	0	0	0	0	0	0	0	0	0	0	0	0	0	0	0	0	0	0	0	0	0	0	0	0	0	0	0	0	0	0	0	0	0	0	0	0	0	0	0	1832	0	0	0	0	0	0	0	0	0	186	0	0	0	0	0	0	0	0	0	0	0	0	0	0	0	0	0	0	0	0	0	0	0	0	0	0	0	0	0	0	0	0	0	
58012	Frontal_Mid_Orb_R	0	0	0	950	0	4038	0	2210	0	0	0	0	0	1456	0	11102	0	0	0	0	0	342	0	0	0	340	0	744	0	2090	0	0	0	0	0	0	0	0	0	0	0	94	0	0	0	0	0	0	0	0	0	0	0	0	0	0	0	0	0	0	0	0	0	0	0	0	0	0	0	0	266	480	346	4138	0	260	0	150	0	0	0	0	0	0	0	0	0	0	0	0	0	0	0	0	0	0	0	0	0	0	0	0	0	0	0	0	0	0	0	0	0	0	0	0	0	0	
548632	Frontal_Inf_Oper_L	14230	0	39620	3456	722	186	33024	8134	276	0	0	9852	43384	10986	790	500	8314	0	26830	4676	0	0	6958	2620	0	106	0	0	20198	226	7484	1718	94	1844	0	0	310	0	0	0	0	0	0	0	0	0	0	0	0	0	0	0	0	0	0	0	4822	0	0	0	98	0	0	0	0	0	0	0	0	0	8306	594	1600	234	0	0	100	0	248	0	3170	0	8606	0	0	0	0	0	0	0	0	0	0	0	0	0	0	0	0	0	0	0	0	0	0	0	0	0	0	0	0	0	0	0	0	0	
338080	Frontal_Inf_Oper_R	358	8170	4912	15630	0	0	1758	27110	0	0	9852	0	6154	32208	0	540	338	2994	4702	12846	352	0	678	2346	0	0	0	0	2786	10896	988	508	0	5584	0	0	0	518	0	494	0	0	0	0	0	0	0	0	0	0	0	0	0	0	0	604	188	2824	0	0	0	0	0	0	0	0	0	0	0	104	6862	826	472	3256	0	92	126	0	0	204	264	134	0	248	0	0	0	0	0	114	0	0	0	0	0	0	0	0	0	0	0	0	0	0	0	0	0	0	0	0	0	0	0	0	0	0	
539920	Frontal_Inf_Tri_L	5636	0	39818	3794	3174	136	54202	6158	3724	0	43384	6154	0	7060	10342	410	434	0	15936	5434	0	0	12788	4088	0	0	0	0	18194	164	13220	2250	500	2450	0	0	0	0	0	0	0	0	0	0	0	0	0	0	0	0	0	0	0	0	0	0	824	0	0	0	0	0	0	0	0	0	0	0	0	0	5754	410	1284	260	0	0	0	0	0	0	178	0	1800	0	0	0	0	0	0	0	0	0	0	0	0	0	0	0	0	0	0	0	0	0	0	0	0	0	0	0	0	0	0	0	0	0	
392476	Frontal_Inf_Tri_R	372	930	3826	22714	0	1608	1624	43246	0	1456	10986	32208	7060	0	0	10596	356	202	5118	10944	876	0	828	2350	0	0	0	206	3614	8036	1204	810	0	5960	0	0	0	428	0	384	0	0	0	0	0	0	0	0	0	0	0	0	0	0	0	424	196	204	0	0	0	0	0	0	0	0	0	0	0	0	10150	1832	1804	3312	0	124	0	0	0	0	250	0	0	0	0	0	0	0	0	0	0	0	0	0	0	0	0	0	0	0	0	0	0	0	0	0	0	0	0	0	0	0	0	0	0	0	
196596	Frontal_Inf_Orb_L	0	0	6556	202	18944	0	6808	0	17030	0	790	0	10342	0	0	0	0	0	628	222	3220	108	696	258	254	120	1050	0	18022	0	310	170	98	210	0	0	838	0	146	0	1292	0	0	0	0	0	0	0	0	0	0	0	0	0	120	0	0	0	0	0	0	0	0	0	0	0	0	0	0	0	214	102	7856	0	152	0	0	0	0	0	186	0	1354	0	0	0	0	0	0	0	0	0	0	0	0	0	0	0	0	0	0	0	0	0	0	0	0	0	0	0	0	0	0	0	0	0	
148316	Frontal_Inf_Orb_R	0	0	818	5978	0	4582	136	6932	0	11102	500	540	410	10596	0	0	0	0	1048	1474	172	2738	0	506	0	0	0	2402	0	10438	116	1434	0	1248	0	0	0	0	0	0	0	354	0	0	0	0	0	0	0	0	0	0	0	0	0	0	0	0	0	0	0	0	0	0	0	0	0	0	0	0	530	1166	546	7328	154	402	0	258	0	0	0	0	0	250	0	0	0	0	0	0	0	0	0	0	0	0	0	0	0	0	0	0	0	0	0	0	0	0	0	0	0	0	0	0	0	0	
183676	Rolandic_Oper_L	12366	140	7394	0	108	0	1072	198	0	0	8314	338	434	356	0	0	0	0	7226	0	0	0	236	0	0	0	0	0	14254	0	234	0	0	0	180	214	1438	136	0	0	0	0	0	0	0	0	0	0	0	0	366	0	0	0	0	0	12310	0	164	0	500	0	2562	0	148	0	0	0	242	0	276	0	288	0	0	0	842	136	3164	0	12020	0	3444	0	630	0	0	0	108	0	0	0	0	0	0	0	0	0	0	0	0	0	0	0	0	0	0	0	0	0	0	0	0	0	0	0	
74760	Rolandic_Oper_R	0	1428	166	3996	0	0	0	476	0	0	0	2994	0	202	0	0	0	0	224	4906	0	0	0	0	0	0	0	0	0	9492	0	0	0	150	0	0	0	542	0	534	0	0	0	0	0	0	0	0	0	0	0	0	0	0	0	906	0	3316	0	0	0	0	0	1080	0	0	0	0	0	134	120	188	0	1376	0	110	0	0	0	1952	0	2468	0	346	0	0	0	0	0	274	0	0	0	0	0	0	0	0	0	0	0	0	0	0	0	0	0	0	0	0	0	0	0	0	0	0	
982880	Supp_Motor_Area_L	7572	3218	91350	29140	1572	1082	19260	8998	0	0	26830	4702	15936	5118	628	1048	7226	224	0	56142	0	0	22170	12476	0	298	0	0	24258	2156	14648	15494	12808	33374	890	108	1876	204	0	140	0	0	0	0	180	0	0	0	340	0	304	0	0	0	598	158	2222	120	122	0	0	0	0	0	0	0	692	152	7830	588	15758	2652	20676	1936	5134	538	876	0	196	0	4618	0	3904	0	152	0	0	0	748	0	0	0	0	0	0	0	0	0	0	0	0	0	0	0	0	0	0	0	0	0	0	0	0	0	0	0	
1.09921e+06	Supp_Motor_Area_R	7382	7950	29070	79390	0	3024	5710	13578	0	0	4676	12846	5434	10944	222	1474	0	4906	56142	0	0	0	9276	20382	0	992	0	0	1158	11458	7564	27142	11152	67724	2018	4852	114	1250	0	1354	0	0	0	1422	132	908	0	0	460	2392	724	1422	0	204	146	2730	112	6000	0	3128	0	624	0	5450	0	1700	2634	6938	18288	38902	4356	17758	2414	12024	448	2504	0	0	0	446	0	3180	0	0	222	1004	0	0	118	1630	0	0	0	0	0	0	0	0	0	0	0	0	0	0	0	0	0	0	0	0	0	0	0	0	0	0	
108092	Olfactory_L	0	0	0	258	2610	308	0	278	0	0	0	352	0	876	3220	172	0	0	0	0	0	6584	110	276	494	250	4078	658	3242	0	2716	2712	0	0	0	0	368	0	154	0	1068	0	0	0	0	0	0	0	0	0	0	0	0	0	0	0	0	0	0	0	0	0	0	0	0	0	0	0	0	0	7236	7606	4880	2814	112	0	0	340	0	0	0	0	274	0	0	0	0	0	0	0	0	0	0	0	0	0	0	0	0	0	0	0	0	0	0	0	0	0	0	0	0	0	0	0	0	0	
146220	Olfactory_R	0	0	0	360	286	2060	0	0	0	342	0	0	0	0	108	2738	0	0	0	0	6584	0	0	146	330	2030	3220	3980	114	2476	3122	4640	0	0	0	0	0	200	0	148	288	384	0	0	0	0	0	0	0	0	0	0	0	0	0	112	0	0	0	0	0	0	0	0	0	0	0	0	0	0	9764	14664	7344	6194	386	154	0	696	0	0	0	0	0	240	0	0	0	0	0	0	0	0	0	0	0	0	0	0	0	0	0	0	0	0	0	0	0	0	0	0	0	0	0	0	0	0	
715688	Frontal_Sup_Medial_L	248	0	58960	20348	4926	1808	23652	1240	0	0	6958	678	12788	828	696	0	236	0	22170	9276	110	0	0	44762	1790	3504	376	184	9890	128	55092	29314	19116	17752	116	0	0	0	0	0	0	0	0	0	0	0	0	0	0	0	0	0	0	0	0	0	0	0	0	0	0	0	0	0	0	0	0	0	0	0	2646	1534	4108	886	0	0	0	0	0	0	186	0	1538	0	0	0	0	0	0	0	0	0	0	0	0	0	0	0	0	0	0	0	0	0	0	0	0	0	0	0	0	0	0	0	0	0	
576936	Frontal_Sup_Medial_R	0	0	20902	40072	936	5484	5834	7504	0	0	2620	2346	4088	2350	258	506	0	0	12476	20382	276	146	44762	0	530	8262	148	650	1918	722	22802	36544	9780	24674	0	0	0	0	0	0	0	0	0	0	0	0	0	0	0	0	0	0	0	0	0	0	0	0	0	0	0	0	0	0	0	0	0	0	0	0	1198	4100	864	4566	0	442	0	0	0	0	0	0	326	0	0	0	0	0	0	0	0	0	0	0	0	0	0	0	0	0	0	0	0	0	0	0	0	0	0	0	0	0	0	0	0	0	
28344	Frontal_Med_Orb_L	0	0	206	0	2610	136	0	0	0	0	0	0	0	0	254	0	0	0	0	0	494	330	1790	530	0	1488	1232	284	0	0	3070	534	0	0	0	0	0	0	0	0	0	0	0	0	0	0	0	0	0	0	0	0	0	0	0	0	0	0	0	0	0	0	0	0	0	0	0	0	0	0	506	190	518	0	0	0	0	0	0	0	0	0	0	0	0	0	0	0	0	0	0	0	0	0	0	0	0	0	0	0	0	0	0	0	0	0	0	0	0	0	0	0	0	0	0	0	
133256	Frontal_Med_Orb_R	0	0	1276	4388	530	10696	0	0	0	340	106	0	0	0	120	0	0	0	298	992	250	2030	3504	8262	1488	0	174	8710	0	0	4260	9052	0	486	0	0	0	0	0	0	0	0	0	0	0	0	0	0	0	0	0	0	0	0	0	0	0	0	0	0	0	0	0	0	0	0	0	0	0	0	344	5284	306	3732	0	0	0	0	0	0	0	0	0	0	0	0	0	0	0	0	0	0	0	0	0	0	0	0	0	0	0	0	0	0	0	0	0	0	0	0	0	0	0	0	0	0	
68572	Rectus_L	0	0	0	0	5086	0	0	0	1044	0	0	0	0	0	1050	0	0	0	0	0	4078	3220	376	148	1232	174	0	466	772	0	3388	2178	0	0	0	0	0	0	0	0	432	0	0	0	0	0	0	0	0	0	0	0	0	0	0	0	0	0	0	0	0	0	0	0	0	0	0	0	0	0	2346	3284	3224	1788	0	0	0	0	0	0	0	0	0	0	0	0	0	0	0	0	0	0	0	0	0	0	0	0	0	0	0	0	0	0	0	0	0	0	0	0	0	0	0	0	0	0	
88812	Rectus_R	0	0	0	1762	0	11184	0	268	0	744	0	0	0	206	0	2402	0	0	0	0	658	3980	184	650	284	8710	466	0	0	1100	1138	3524	0	0	0	0	0	0	0	0	0	0	0	0	0	0	0	0	0	0	0	0	0	0	0	0	0	0	0	0	0	0	0	0	0	0	0	0	0	0	202	4098	152	2694	0	0	0	0	0	0	0	0	0	0	0	0	0	0	0	0	0	0	0	0	0	0	0	0	0	0	0	0	0	0	0	0	0	0	0	0	0	0	0	0	0	0	
682316	Insula_L	13768	1024	35362	1294	18430	0	20088	2786	4160	0	20198	2786	18194	3614	18022	0	14254	0	24258	1158	3242	114	9890	1918	0	0	772	0	0	158	8764	740	472	454	674	730	13976	480	476	98	2974	0	0	0	0	0	0	0	0	0	1916	0	0	0	4428	0	2444	0	786	0	866	0	94	0	1354	0	0	0	508	0	8396	866	23106	154	600	0	3062	686	7360	0	14194	0	13256	0	3616	0	0	0	7450	0	302	0	0	0	0	0	244	0	142	0	0	0	0	0	0	0	0	0	0	0	0	0	0	0	0	0	
284100	Insula_R	0	2342	908	11996	0	2048	140	5638	0	2090	226	10896	164	8036	0	10438	0	9492	2156	11458	0	2476	128	722	0	0	0	1100	158	0	192	1478	320	2254	166	196	182	7492	0	6602	0	526	0	198	0	0	0	0	0	0	0	0	0	0	0	8580	0	1350	0	0	0	0	0	0	0	0	0	0	0	278	580	1174	226	21120	0	260	0	324	0	970	0	1658	0	782	0	442	0	0	0	1828	0	0	0	0	0	0	0	260	0	0	0	0	0	0	0	0	0	0	0	0	0	0	0	0	0	0	
614212	Cingulum_Ant_L	364	136	26830	12578	6474	1680	8724	1866	0	0	7484	988	13220	1204	310	116	234	0	14648	7564	2716	3122	55092	22802	3070	4260	3388	1138	8764	192	0	38530	13072	11482	1670	0	0	0	0	0	100	0	0	0	0	0	0	0	0	0	0	0	0	0	0	0	0	0	98	0	0	0	0	0	0	0	148	0	0	0	6596	9960	10328	3880	0	160	0	444	0	0	202	0	1472	0	0	0	0	0	0	0	0	0	0	0	0	0	0	0	0	0	0	0	0	0	0	0	0	0	0	0	0	0	0	0	0	0	
661736	Cingulum_Ant_R	0	0	16538	36712	510	6496	2984	3052	0	0	1718	508	2250	810	170	1434	0	0	15494	27142	2712	4640	29314	36544	534	9052	2178	3524	740	1478	38530	0	9018	31588	178	0	0	0	0	0	0	0	0	0	0	0	0	0	0	0	0	0	0	0	0	0	0	0	0	0	0	0	0	0	0	0	0	0	0	0	4242	24752	2696	11210	94	602	92	1332	0	0	0	0	0	0	0	0	0	0	0	0	0	0	0	0	0	0	0	0	0	0	0	0	0	0	0	0	0	0	0	0	0	0	0	0	0	0	
279596	Cingulum_Mid_L	106	262	10778	5548	0	0	6322	310	0	0	94	0	500	0	98	0	0	0	12808	11152	0	0	19116	9780	0	0	0	0	472	320	13072	9018	0	21844	3830	930	0	0	0	0	0	0	0	0	612	144	0	0	1016	140	612	0	0	0	98	0	0	0	594	0	0	0	0	0	0	0	3526	790	3436	1776	178	0	256	0	160	0	0	0	0	0	0	0	0	0	100	0	0	0	0	0	0	0	0	0	0	0	0	0	0	0	0	0	0	0	0	0	0	0	0	0	0	0	0	0	0	0	
714740	Cingulum_Mid_R	3286	112	19320	39992	0	1880	3900	6604	0	0	1844	5584	2450	5960	210	1248	0	150	33374	67724	0	0	17752	24674	0	486	0	0	454	2254	11482	31588	21844	0	1904	6744	0	0	0	0	0	0	0	606	0	2106	0	208	102	2500	166	674	0	142	0	0	0	536	0	106	0	0	0	0	0	698	2652	7914	9826	11984	564	1634	0	1240	0	0	0	0	0	0	0	0	0	0	0	554	0	0	0	338	0	0	0	0	0	0	0	0	0	0	0	0	0	0	0	0	0	0	0	0	0	0	0	0	0	0	
134156	Cingulum_Post_L	2918	1892	116	566	0	0	292	0	0	0	0	0	0	0	0	0	180	0	890	2018	0	0	116	0	0	0	0	0	674	166	1670	178	3830	1904	0	11274	6426	4190	1610	1134	0	0	1026	0	140	102	642	510	338	450	0	0	0	0	828	934	396	238	420	0	0	0	0	0	0	0	4434	994	4432	3012	0	0	0	0	0	0	738	3214	1450	0	98	0	0	0	178	0	0	0	460	0	0	0	0	0	0	0	0	0	0	0	0	0	0	0	0	0	0	0	0	0	0	0	0	0	0	0	
180188	Cingulum_Post_R	2730	2574	144	614	0	0	344	0	0	0	0	0	0	0	0	0	214	0	108	4852	0	0	0	0	0	0	0	0	730	196	0	0	930	6744	11274	0	5474	6414	904	2258	0	0	0	1248	0	774	130	2274	0	1650	0	122	0	0	226	3756	234	1408	0	134	0	0	0	0	0	116	2978	9896	2028	8884	0	0	0	0	0	0	1258	3772	1534	0	126	0	0	0	0	0	0	0	182	758	0	0	0	0	0	0	0	0	0	0	0	0	0	0	0	0	0	0	0	0	102	0	0	0	0	0	
302128	Hippocampus_L	12446	2646	2006	892	674	0	2968	0	0	0	310	0	0	0	838	0	1438	0	1876	114	368	0	0	0	0	0	0	0	13976	182	0	0	0	0	6426	5474	0	6122	10102	1362	6582	0	2610	0	0	0	3084	598	124	0	612	0	120	0	10208	800	2562	0	0	0	220	0	0	0	400	0	3622	200	2230	0	1220	0	7070	0	114	0	10474	6032	2514	0	2822	0	2832	0	3380	0	136	0	8998	0	336	0	0	0	0	0	588	0	356	0	0	0	0	0	0	0	0	0	0	0	0	0	0	0	0	0	
355592	Hippocampus_R	1824	9634	260	6142	0	106	222	870	0	0	0	518	0	428	0	0	136	542	204	1250	0	200	0	0	0	0	0	0	480	7492	0	0	0	0	4190	6414	6122	0	1164	34376	0	9260	0	2834	0	0	128	5534	0	0	0	184	0	0	220	34416	118	148	0	0	0	0	0	0	0	0	152	4188	644	0	124	298	102	17372	0	780	2574	9310	1222	94	0	220	0	1478	0	324	0	0	170	2216	0	0	0	0	0	0	0	752	0	198	0	0	0	0	0	0	0	0	0	0	162	0	0	0	0	0	
72820	ParaHippocampal_L	284	0	0	0	0	0	0	0	0	0	0	0	0	0	146	0	0	0	0	0	154	0	0	0	0	0	0	0	476	0	0	0	0	0	1610	904	10102	1164	0	538	1400	0	1604	0	0	0	2522	382	0	0	0	0	0	0	3810	358	0	0	0	0	0	0	0	0	0	0	2078	0	0	0	0	0	658	0	0	0	1592	880	0	0	0	0	158	0	0	0	0	0	350	0	1032	0	352	0	182	0	1748	0	1352	0	302	0	144	0	0	0	0	0	0	0	0	128	0	0	0	0	
265468	ParaHippocampal_R	304	3066	140	4614	0	92	0	748	0	0	0	494	0	384	0	0	0	534	140	1354	0	148	0	0	0	0	0	0	98	6602	0	0	0	0	1134	2258	1362	34376	538	0	0	7222	0	2334	0	0	198	5742	0	0	0	178	0	0	0	30704	0	112	0	0	0	0	0	0	0	0	0	2682	102	0	0	136	0	14274	0	682	472	3290	168	0	0	158	0	2168	0	178	0	882	0	1074	0	0	0	0	0	0	128	1198	0	266	0	0	0	0	0	0	0	0	0	0	0	0	0	0	0	0	
44036	Amygdala_L	0	0	0	0	1092	0	0	0	0	0	0	0	0	0	1292	0	0	0	0	0	1068	288	0	0	0	0	432	0	2974	0	100	0	0	0	0	0	6582	0	1400	0	0	0	0	0	0	0	0	0	0	0	0	0	0	0	2104	0	0	0	0	0	0	0	0	0	0	0	0	0	0	0	330	276	934	108	0	0	0	0	0	0	150	0	1662	0	0	0	106	0	1120	0	0	0	0	0	0	0	0	0	0	0	0	0	0	0	0	0	0	0	0	0	0	0	0	0	0	0	
60692	Amygdala_R	0	0	0	0	0	0	0	0	0	94	0	0	0	0	0	354	0	0	0	0	0	384	0	0	0	0	0	0	0	526	0	0	0	0	0	0	0	9260	0	7222	0	0	0	0	0	0	0	0	0	0	0	0	0	0	0	6406	0	0	0	0	0	0	0	0	0	0	0	0	0	0	170	228	174	1448	140	0	0	336	0	0	0	0	0	2706	0	0	0	186	0	596	0	0	0	0	0	0	0	116	0	0	0	0	0	0	0	0	0	0	0	0	0	0	0	0	0	0	
159368	Calcarine_L	184	0	0	0	0	0	0	0	0	0	0	0	0	0	0	0	0	0	0	0	0	0	0	0	0	0	0	0	0	0	0	0	0	0	1026	0	2610	0	1604	0	0	0	0	3602	9062	1506	12278	1856	6476	1072	14352	488	2588	460	5026	214	0	0	0	0	0	0	0	0	0	0	8022	0	854	0	0	0	0	0	0	0	0	0	0	0	0	0	0	0	4718	0	0	0	992	0	0	0	0	0	0	0	256	0	172	0	0	0	0	0	0	0	0	0	0	0	266	0	0	0	0	0	
255040	Calcarine_R	0	106	0	0	0	0	0	0	0	0	0	0	0	0	0	0	0	0	0	1422	0	0	0	0	0	0	0	0	0	198	0	0	0	606	0	1248	0	2834	0	2334	0	0	3602	0	2254	16842	428	20384	0	18060	0	14210	0	3954	0	8782	0	770	0	1238	0	0	0	0	0	556	0	16262	0	2156	0	0	0	0	0	0	0	0	0	0	0	0	0	0	0	6028	0	0	0	3246	0	0	0	0	0	0	0	0	0	0	0	0	0	0	0	0	0	0	0	0	0	0	0	0	0	0	
117592	Cuneus_L	0	0	0	0	0	0	0	0	0	0	0	0	0	0	0	0	0	0	180	132	0	0	0	0	0	0	0	0	0	0	0	0	612	0	140	0	0	0	0	0	0	0	9062	2254	0	3386	1166	0	13406	666	8028	130	302	0	2058	0	0	0	762	0	0	0	0	0	0	0	8508	568	2822	128	0	0	0	0	0	0	0	0	0	0	0	0	0	0	3204	0	0	0	1282	0	0	0	0	0	0	0	0	0	0	0	0	0	0	0	0	0	0	0	0	0	0	0	0	0	0	0	
207836	Cuneus_R	0	0	0	0	0	0	0	0	0	0	0	0	0	0	0	0	0	0	0	908	0	0	0	0	0	0	0	0	0	0	0	0	144	2106	102	774	0	0	0	0	0	0	1506	16842	3386	0	0	3580	0	27190	0	12190	0	1544	0	340	0	628	0	5138	0	358	0	0	0	2018	1950	16218	0	1452	0	0	0	0	0	0	0	0	0	0	0	0	0	0	0	4992	0	0	0	552	0	0	0	0	0	0	0	0	0	0	0	0	0	0	0	0	0	0	0	0	0	0	0	0	0	0	
173784	Lingual_L	0	0	0	0	0	0	0	0	0	0	0	0	0	0	0	0	0	0	0	0	0	0	0	0	0	0	0	0	0	0	0	0	0	0	642	130	3084	128	2522	198	0	0	12278	428	1166	0	0	948	3232	0	11914	0	5036	0	13368	436	0	0	0	0	0	0	0	0	0	0	3718	0	0	0	0	0	0	0	0	0	326	0	0	0	0	0	0	0	1170	0	0	0	366	0	4934	152	0	0	190	0	8794	284	8874	248	0	0	0	0	0	0	0	0	0	94	1482	750	0	0	0	0	
312920	Lingual_R	0	372	0	232	0	0	0	0	0	0	0	0	0	0	0	0	0	0	0	0	0	0	0	0	0	0	0	0	0	0	0	0	0	208	510	2274	598	5534	382	5742	0	0	1856	20384	0	3580	948	0	0	7142	0	4684	0	4826	1430	23996	0	298	0	0	0	0	0	0	0	0	0	9436	0	500	0	0	0	146	0	110	116	1574	0	0	0	0	0	0	0	308	0	0	0	720	2246	7022	102	0	268	584	2420	7946	4636	11872	92	0	170	116	280	546	0	0	174	372	8498	9666	620	0	0	924	
200328	Occipital_Sup_L	100	172	0	0	0	0	0	0	0	0	0	0	0	0	0	0	0	0	340	460	0	0	0	0	0	0	0	0	0	0	0	0	1016	102	338	0	124	0	0	0	0	0	6476	0	13406	0	3232	0	0	0	28870	0	2476	0	3378	0	170	0	4974	0	1156	0	584	0	1788	0	15512	0	3938	456	0	0	0	0	0	0	0	0	0	0	92	0	0	0	8978	0	0	0	2026	0	0	0	0	0	0	0	0	0	0	0	0	0	0	0	0	0	0	0	0	0	0	0	0	0	0	0	
290032	Occipital_Sup_R	0	0	0	0	0	0	0	0	0	0	0	0	0	0	0	0	0	0	0	2392	0	0	0	0	0	0	0	0	0	0	0	0	140	2500	450	1650	0	0	0	0	0	0	1072	18060	666	27190	0	7142	0	0	0	25912	0	3436	0	1040	0	2286	0	9036	0	2880	0	372	0	7570	458	14736	0	3578	0	0	0	0	0	0	0	0	0	0	0	174	0	0	0	10040	0	0	0	2236	0	0	0	0	0	0	0	0	0	0	0	0	0	0	0	0	0	0	0	0	0	0	0	0	0	0	
455000	Occipital_Mid_L	2414	320	236	0	0	0	606	0	0	0	0	0	0	0	0	0	366	0	304	724	0	0	0	0	0	0	0	0	1916	0	0	0	612	166	0	0	612	0	0	0	0	0	14352	0	8028	0	11914	0	28870	0	0	0	15758	0	13010	0	3886	0	13780	0	15514	0	3932	0	26390	0	14080	0	10684	734	0	0	0	0	0	0	0	0	866	0	1112	0	0	0	27608	0	0	0	8706	0	0	0	0	0	0	0	0	0	0	0	0	0	0	0	0	0	0	0	0	0	0	0	0	0	0	0	
229764	Occipital_Mid_R	0	0	0	0	0	0	0	0	0	0	0	0	0	0	0	0	0	0	0	1422	0	0	0	0	0	0	0	0	0	0	0	0	0	674	0	122	0	184	0	178	0	0	488	14210	130	12190	0	4684	0	25912	0	0	0	5886	0	2524	0	450	0	5214	0	2994	0	94	0	8282	120	5918	0	1684	0	0	0	0	0	0	0	0	0	0	0	404	0	0	0	17162	0	0	0	3956	0	0	0	0	0	0	0	0	0	0	0	0	0	0	0	0	0	0	0	0	0	0	0	0	0	0	
85412	Occipital_Inf_L	152	0	0	0	0	0	0	0	0	0	0	0	0	0	0	0	0	0	0	0	0	0	0	0	0	0	0	0	0	0	0	0	0	0	0	0	120	0	0	0	0	0	2588	0	302	0	5036	0	2476	0	15758	0	0	0	7918	0	0	0	0	0	0	0	0	0	92	0	480	0	600	0	0	0	0	0	0	0	0	0	0	0	0	0	0	0	2970	0	0	0	3166	0	0	0	0	0	0	0	368	0	494	0	0	0	0	0	0	0	0	0	0	0	186	0	0	0	0	0	
68384	Occipital_Inf_R	0	0	0	0	0	0	0	0	0	0	0	0	0	0	0	0	0	0	0	204	0	0	0	0	0	0	0	0	0	0	0	0	0	142	0	0	0	0	0	0	0	0	460	3954	0	1544	0	4826	0	3436	0	5886	0	0	0	4954	0	0	0	0	0	0	0	0	0	0	0	486	0	212	0	0	0	0	0	0	0	0	0	0	0	0	0	0	0	1616	0	0	0	4336	0	132	0	0	0	0	0	0	0	866	0	0	0	0	0	0	0	0	0	0	92	836	210	0	0	0	
365820	Fusiform_L	562	240	0	0	118	0	120	0	0	0	0	0	0	0	120	0	0	0	598	146	0	0	0	0	0	0	0	0	4428	0	0	0	98	0	828	226	10208	220	3810	0	2104	0	5026	0	2058	0	13368	1430	3378	0	13010	0	7918	0	0	250	114	0	140	0	100	0	0	0	244	0	3214	0	1558	144	0	0	1858	0	0	0	720	270	192	0	3272	0	938	0	10660	0	124	0	18176	0	19964	362	3038	0	322	0	12744	0	26450	576	1636	0	1644	0	182	0	0	0	0	0	1420	2584	0	0	0	0	
526592	Fusiform_R	178	2942	144	5912	0	0	0	834	0	0	0	604	0	424	0	0	0	906	158	2730	0	112	0	0	0	0	0	0	0	8580	0	0	0	0	934	3756	800	34416	358	30704	0	6406	214	8782	0	340	436	23996	0	1040	0	2524	0	4954	250	0	0	536	0	0	0	0	0	194	0	352	428	7408	98	628	0	114	0	14246	0	368	236	1914	0	232	0	1318	0	3344	0	1646	0	1210	0	14258	466	19204	0	766	0	738	388	10542	1276	26158	0	136	98	1250	0	0	0	0	0	0	3200	5946	1164	0	0	0	
256328	Postcentral_L	35576	156	1304	0	0	0	3498	176	0	0	4822	188	824	196	0	0	12310	0	2222	112	0	0	0	0	0	0	0	0	2444	0	0	0	0	0	396	234	2562	118	0	0	0	0	0	0	0	0	0	0	170	0	3886	0	0	0	114	0	0	0	8406	0	16954	0	7458	0	4910	0	2260	0	7034	0	232	0	208	0	0	140	846	132	1776	0	5108	0	0	0	1028	0	0	0	364	0	0	0	0	0	0	0	0	0	0	0	0	0	0	0	0	0	0	0	0	0	0	0	0	0	0	0	
207076	Postcentral_R	0	19628	98	4162	0	0	0	564	0	0	0	2824	0	204	0	0	0	3316	120	6000	0	0	0	0	0	0	0	0	0	1350	0	0	0	536	238	1408	0	148	0	112	0	0	0	770	0	628	0	298	0	2286	0	450	0	0	0	536	0	0	0	7178	0	6864	0	15908	0	7132	188	5446	226	8156	106	262	0	414	0	0	0	0	0	466	0	1550	0	0	0	2882	0	0	0	1084	0	0	0	0	0	0	0	0	0	0	0	0	0	0	0	0	0	0	0	0	0	0	0	0	0	0	
162268	Parietal_Sup_L	2046	0	120	0	0	0	316	0	0	0	0	0	0	0	0	0	164	0	122	0	0	0	0	0	0	0	0	0	786	0	98	0	594	0	420	0	0	0	0	0	0	0	0	0	762	0	0	0	4974	0	13780	0	0	0	140	0	8406	0	0	0	15044	0	1296	0	12278	0	10704	108	6668	0	0	0	0	0	0	0	0	0	366	0	288	0	0	0	954	0	0	0	700	0	0	0	0	0	0	0	0	0	0	0	0	0	0	0	0	0	0	0	0	0	0	0	0	0	0	0	
131464	Parietal_Sup_R	0	664	0	136	0	0	0	0	0	0	0	0	0	0	0	0	0	0	0	3128	0	0	0	0	0	0	0	0	0	0	0	0	0	106	0	134	0	0	0	0	0	0	0	1238	0	5138	0	0	0	9036	0	5214	0	0	0	0	0	7178	0	0	0	8080	0	3040	0	7954	580	8292	0	3516	0	0	0	0	0	0	0	0	0	0	0	638	0	0	0	1184	0	0	0	476	0	0	0	0	0	0	0	0	0	0	0	0	0	0	0	0	0	0	0	0	0	0	0	0	0	0	
223284	Parietal_Inf_L	4654	0	154	0	0	0	506	0	0	0	98	0	0	0	0	0	500	0	0	0	0	0	0	0	0	0	0	0	866	0	0	0	0	0	0	0	220	0	0	0	0	0	0	0	0	0	0	0	1156	0	15514	0	0	0	100	0	16954	0	15044	0	0	0	14100	0	22984	0	2288	0	5088	0	0	0	0	0	0	0	0	0	464	0	1606	0	0	0	7342	0	0	0	2004	0	0	0	0	0	0	0	0	0	0	0	0	0	0	0	0	0	0	0	0	0	0	0	0	0	0	0	
116952	Parietal_Inf_R	0	1092	0	202	0	0	0	0	0	0	0	0	0	0	0	0	0	0	0	624	0	0	0	0	0	0	0	0	0	0	0	0	0	0	0	0	0	0	0	0	0	0	0	0	0	358	0	0	0	2880	0	2994	0	0	0	0	0	6864	0	8080	0	0	0	11148	0	17298	0	1358	0	624	0	0	0	0	0	0	0	0	0	0	0	504	0	0	0	2936	0	0	0	1514	0	0	0	0	0	0	0	0	0	0	0	0	0	0	0	0	0	0	0	0	0	0	0	0	0	0	
114880	SupraMarginal_L	1492	0	0	0	0	0	0	0	0	0	0	0	0	0	0	0	2562	0	0	0	0	0	0	0	0	0	0	0	94	0	0	0	0	0	0	0	0	0	0	0	0	0	0	0	0	0	0	0	584	0	3932	0	0	0	0	0	7458	0	1296	0	14100	0	0	0	7280	0	544	0	448	0	0	0	0	0	0	0	0	0	0	0	5332	0	0	0	10710	0	0	0	1608	0	0	0	0	0	0	0	0	0	0	0	0	0	0	0	0	0	0	0	0	0	0	0	0	0	0	0	
147456	SupraMarginal_R	0	3386	0	960	0	0	0	110	0	0	0	0	0	0	0	0	0	1080	0	5450	0	0	0	0	0	0	0	0	0	0	0	0	0	0	0	0	0	0	0	0	0	0	0	0	0	0	0	0	0	372	0	94	0	0	0	194	0	15908	0	3040	0	11148	0	0	0	14100	0	552	0	4988	0	0	0	0	0	0	0	0	0	0	0	3498	0	0	0	6634	0	0	0	2214	0	0	0	0	0	0	0	0	0	0	0	0	0	0	0	0	0	0	0	0	0	0	0	0	0	0	
212912	Angular_L	1854	0	192	0	0	0	324	0	0	0	0	0	0	0	0	0	148	0	0	0	0	0	0	0	0	0	0	0	1354	0	0	0	0	0	0	0	400	0	0	0	0	0	0	0	0	0	0	0	1788	0	26390	0	92	0	244	0	4910	0	12278	0	22984	0	7280	0	0	0	3038	0	5276	0	0	0	0	0	0	0	0	0	666	0	1968	0	0	0	11908	0	0	0	3362	0	0	0	0	0	0	0	0	0	0	0	0	0	0	0	0	0	0	0	0	0	0	0	0	0	0	0	
182176	Angular_R	0	466	0	158	0	0	0	0	0	0	0	0	0	0	0	0	0	0	0	1700	0	0	0	0	0	0	0	0	0	0	0	0	0	698	0	116	0	0	0	0	0	0	0	556	0	2018	0	0	0	7570	0	8282	0	0	0	352	0	7132	0	7954	0	17298	0	14100	0	0	0	3692	0	1798	0	0	0	0	0	0	0	0	0	0	0	2962	0	0	0	11216	0	0	0	3020	0	0	0	0	0	0	0	0	0	0	0	0	0	0	0	0	0	0	0	0	0	0	0	0	0	0	
250908	Precuneus_L	568	338	0	0	0	0	0	0	0	0	0	0	0	0	0	0	0	0	692	2634	0	0	0	0	0	0	0	0	0	0	148	0	3526	2652	4434	2978	3622	152	2078	0	0	0	8022	0	8508	1950	3718	0	15512	458	14080	120	480	0	3214	428	2260	188	10704	580	2288	0	544	0	3038	0	0	6912	7646	3614	0	0	0	0	0	0	0	0	0	0	0	0	0	0	5674	96	0	0	1598	0	0	0	0	0	0	0	0	0	0	0	0	0	0	0	0	0	0	0	0	0	0	0	0	0	0	0	
309688	Precuneus_R	0	614	0	0	0	0	0	0	0	0	0	0	0	0	0	0	0	0	152	6938	0	0	0	0	0	0	0	0	0	0	0	0	790	7914	994	9896	200	4188	0	2682	0	0	0	16262	568	16218	0	9436	0	14736	0	5918	0	486	0	7408	0	5446	108	8292	0	1358	0	552	0	3692	6912	0	332	12364	0	0	0	0	0	0	0	238	0	0	0	510	0	0	0	4336	0	0	0	5148	0	0	0	0	0	0	0	0	0	0	0	0	0	0	0	0	0	0	0	0	156	0	0	0	0	0	
350400	Paracentral_Lobule_L	30232	7584	1392	944	0	0	144	0	0	0	0	0	0	0	0	0	242	0	7830	18288	0	0	0	0	0	0	0	0	508	0	0	0	3436	9826	4432	2028	2230	644	0	102	0	0	854	0	2822	0	0	0	3938	0	10684	0	600	0	1558	98	7034	226	6668	0	5088	0	448	0	5276	0	7646	332	0	10122	1656	0	1830	202	1344	222	7786	2132	0	0	362	0	0	0	4858	0	0	0	1552	0	0	0	0	0	0	0	0	0	0	0	0	0	0	0	0	0	0	0	0	0	0	0	0	0	0	0	
276636	Paracentral_Lobule_R	3002	7066	0	0	0	0	0	0	0	0	0	104	0	0	0	0	0	134	588	38902	0	0	0	0	0	0	0	0	0	278	0	0	1776	11984	3012	8884	0	0	0	0	0	0	0	2156	128	1452	0	500	456	3578	734	1684	0	212	144	628	0	8156	0	3516	0	624	0	4988	0	1798	3614	12364	10122	0	106	0	0	0	0	0	152	0	0	148	0	2674	0	0	228	1166	0	0	106	1154	0	0	0	0	0	0	0	0	0	0	0	0	0	0	0	0	0	0	0	0	0	0	0	0	0	0	
456756	Caudate_L	1596	1792	9822	3758	674	354	536	6756	0	266	8306	6862	5754	10150	214	530	276	120	15758	4356	7236	9764	2646	1198	506	344	2346	202	8396	580	6596	4242	178	564	0	0	1220	124	0	0	330	170	0	0	0	0	0	0	0	0	0	0	0	0	0	0	232	106	0	0	0	0	0	0	0	0	0	0	1656	106	0	23758	35858	8412	11348	1188	12044	8260	0	0	360	0	528	0	0	0	0	0	0	0	0	0	0	0	0	0	0	0	0	0	0	0	0	0	0	0	0	0	0	0	0	0	0	0	0	0	
460180	Caudate_R	0	2048	2394	16272	388	5296	0	1842	0	480	594	826	410	1832	102	1166	0	188	2652	17758	7606	14664	1534	4100	190	5284	3284	4098	866	1174	9960	24752	0	1634	0	0	0	298	0	136	276	228	0	0	0	0	0	0	0	0	0	0	0	0	0	114	0	262	0	0	0	0	0	0	0	0	0	0	0	0	23758	0	16888	24878	5670	5150	258	18780	0	0	0	0	0	0	0	0	0	0	0	0	0	0	0	0	0	0	0	0	0	0	0	0	0	0	0	0	0	0	0	0	0	0	0	0	0	0	
463444	Putamen_L	3672	894	12820	1770	10882	174	2326	890	1832	346	1600	472	1284	1804	7856	546	288	0	20676	2414	4880	7344	4108	864	518	306	3224	152	23106	226	10328	2696	256	0	0	0	7070	102	658	0	934	174	0	0	0	0	0	0	0	0	0	0	0	0	1858	0	208	0	0	0	0	0	0	0	0	0	0	0	1830	0	35858	16888	0	5604	14162	520	2382	8334	176	0	1502	0	1830	0	0	0	0	0	976	0	0	0	0	0	0	0	102	0	0	0	0	0	0	0	0	0	0	0	0	0	0	0	0	0	0	0	
476460	Putamen_R	204	3904	1726	24916	214	7932	0	6176	0	4138	234	3256	260	3312	0	7328	0	1376	1936	12024	2814	6194	886	4566	0	3732	1788	2694	154	21120	3880	11210	0	1240	0	0	0	17372	0	14274	108	1448	0	0	0	0	0	146	0	0	0	0	0	0	0	14246	0	414	0	0	0	0	0	0	0	0	0	0	202	0	8412	24878	5604	0	274	7964	116	2036	0	100	0	202	0	192	0	0	0	0	0	516	0	0	0	0	0	0	0	406	0	106	0	0	0	0	0	0	0	0	0	0	0	0	0	0	0	0	
100528	Pallidum_L	426	270	1134	334	0	0	174	0	0	0	0	0	0	0	152	154	0	0	5134	448	112	386	0	0	0	0	0	0	600	0	0	94	160	0	0	0	114	0	0	0	0	140	0	0	0	0	0	0	0	0	0	0	0	0	0	0	0	0	0	0	0	0	0	0	0	0	0	0	1344	0	11348	5670	14162	274	0	160	1886	5588	0	0	0	0	0	0	0	0	0	0	0	0	0	0	0	0	0	0	0	0	0	0	0	0	0	0	0	0	0	0	0	0	0	0	0	0	0	0	
67780	Pallidum_R	382	626	378	7070	0	286	0	976	0	260	0	92	0	124	0	402	0	110	538	2504	0	154	0	442	0	0	0	0	0	260	160	602	0	0	0	0	0	780	0	682	0	0	0	0	0	0	0	110	0	0	0	0	0	0	0	368	140	0	0	0	0	0	0	0	0	0	0	0	222	0	1188	5150	520	7964	160	0	0	1240	0	0	0	0	0	0	0	0	0	0	0	0	0	0	0	0	0	0	0	0	0	0	0	0	0	0	0	0	0	0	0	0	0	0	0	0	0	0	
168528	Thalamus_L	12726	4990	1964	660	0	0	1926	326	0	0	100	126	0	0	0	0	842	0	876	0	0	0	0	0	0	0	0	0	3062	0	0	92	0	0	738	1258	10474	2574	1592	472	0	0	0	0	0	0	326	116	0	0	0	0	0	0	720	236	846	0	0	0	0	0	0	0	0	0	0	0	7786	152	12044	258	2382	116	1886	0	0	9342	1116	0	664	0	0	0	408	0	0	0	1068	0	0	0	0	0	0	0	0	0	0	0	0	0	0	0	0	0	0	0	0	0	0	0	0	0	0	0	
228496	Thalamus_R	3746	13254	326	4104	0	0	282	0	0	150	0	0	0	0	0	258	136	0	0	0	340	696	0	0	0	0	0	0	686	324	444	1332	0	0	3214	3772	6032	9310	880	3290	0	336	0	0	0	0	0	1574	0	0	0	0	0	0	270	1914	132	0	0	0	0	0	0	0	0	0	0	238	2132	0	8260	18780	8334	2036	5588	1240	9342	0	1202	0	0	0	0	0	0	0	0	0	196	0	0	0	0	0	0	0	0	98	0	0	0	0	0	0	0	0	0	0	0	0	0	0	0	0	0	0	
73888	Heschl_L	3916	888	556	282	0	0	1438	0	0	0	248	0	0	0	0	0	3164	0	196	0	0	0	0	0	0	0	0	0	7360	0	0	0	0	0	1450	1534	2514	1222	0	168	0	0	0	0	0	0	0	0	0	0	866	0	0	0	192	0	1776	0	366	0	464	0	0	0	666	0	0	0	0	0	0	0	176	0	0	0	1116	1202	0	0	1758	0	0	0	1064	0	0	0	2258	0	104	0	0	0	0	0	0	0	0	0	0	0	0	0	0	0	0	0	0	0	0	0	0	0	0	0	
14792	Heschl_R	0	228	0	184	0	0	0	0	0	0	0	204	0	0	0	0	0	1952	0	446	0	0	0	0	0	0	0	0	0	970	0	0	0	0	0	0	0	94	0	0	0	0	0	0	0	0	0	0	0	0	0	0	0	0	0	232	0	466	0	0	0	0	0	0	0	0	0	0	0	148	0	0	0	100	0	0	0	0	0	0	0	1858	0	218	0	108	0	0	0	188	0	0	0	0	0	0	0	0	0	0	0	0	0	0	0	0	0	0	0	0	0	0	0	0	0	0	
190132	Temporal_Sup_L	4094	310	3890	0	248	0	240	282	0	0	3170	264	178	250	186	0	12020	0	4618	0	0	0	186	0	0	0	0	0	14194	0	202	0	0	0	98	126	2822	0	0	0	150	0	0	0	0	0	0	0	92	0	1112	0	0	0	3272	0	5108	0	288	0	1606	0	5332	0	1968	0	0	0	362	0	360	0	1502	0	0	0	664	0	1758	0	0	0	3562	0	13612	0	0	0	6128	0	216	0	0	0	0	0	350	0	246	0	0	0	0	0	0	0	0	0	0	0	0	0	0	0	0	0	
77112	Temporal_Sup_R	0	398	0	616	0	0	0	0	0	0	0	134	0	0	0	0	0	2468	0	3180	0	0	0	0	0	0	0	0	0	1658	0	0	0	0	0	0	0	220	0	158	0	0	0	0	0	0	0	0	0	174	0	404	0	0	0	1318	0	1550	0	638	0	504	0	3498	0	2962	0	510	0	2674	0	0	0	202	0	0	0	0	0	1858	0	0	0	2274	0	7872	0	268	0	3018	0	0	0	0	0	0	0	0	0	0	0	0	0	0	0	0	0	0	0	0	0	0	0	0	0	0	
117556	Temporal_Pole_Sup_L	122	0	3666	0	920	0	142	0	186	0	8606	0	1800	0	1354	0	3444	0	3904	0	274	0	1538	326	0	0	0	0	13256	0	1472	0	0	0	0	0	2832	0	158	0	1662	0	0	0	0	0	0	0	0	0	0	0	0	0	938	0	0	0	0	0	0	0	0	0	0	0	0	0	0	0	528	0	1830	0	0	0	0	0	0	0	3562	0	0	0	3070	0	1158	0	2030	0	0	0	0	0	0	0	0	0	0	0	0	0	0	0	0	0	0	0	0	0	0	0	0	0	0	0	
49768	Temporal_Pole_Sup_R	0	0	0	0	0	0	0	0	0	0	0	248	0	0	0	250	0	346	0	0	0	240	0	0	0	0	0	0	0	782	0	0	0	0	0	0	0	1478	0	2168	0	2706	0	0	0	0	0	0	0	0	0	0	0	0	0	3344	0	0	0	0	0	0	0	0	0	0	0	0	0	0	0	0	0	192	0	0	0	0	0	218	0	2274	0	0	0	2344	0	3616	0	4678	0	0	0	0	0	0	0	0	0	0	0	0	0	0	0	0	0	0	0	0	0	0	0	0	0	0	
316432	Temporal_Mid_L	1026	120	0	0	0	0	0	0	0	0	0	0	0	0	0	0	630	0	152	222	0	0	0	0	0	0	0	0	3616	0	0	0	100	0	178	0	3380	0	0	0	0	0	4718	0	3204	0	1170	0	8978	0	27608	0	2970	0	10660	0	1028	0	954	0	7342	0	10710	0	11908	0	5674	0	4858	228	0	0	0	0	0	0	408	0	1064	0	13612	0	3070	0	0	0	2034	0	26208	0	112	0	0	0	0	0	156	0	118	0	0	0	0	0	0	0	0	0	0	0	0	0	0	0	0	0	
204956	Temporal_Mid_R	0	0	0	148	0	0	0	0	0	0	0	0	0	0	0	0	0	0	0	1004	0	0	0	0	0	0	0	0	0	442	0	0	0	554	0	0	0	324	0	178	0	0	0	6028	0	4992	0	308	0	10040	0	17162	0	1616	0	1646	0	2882	0	1184	0	2936	0	6634	0	11216	96	4336	0	1166	0	0	0	0	0	0	0	0	0	108	0	7872	0	2344	0	0	0	980	0	16282	0	0	0	0	0	0	0	0	0	0	0	0	0	0	0	0	0	0	0	0	0	0	0	0	0	0	
11040	Temporal_Pole_Mid_L	0	0	0	0	0	0	0	0	0	0	0	0	0	0	0	0	0	0	0	0	0	0	0	0	0	0	0	0	0	0	0	0	0	0	0	0	136	0	0	0	106	0	0	0	0	0	0	0	0	0	0	0	0	0	124	0	0	0	0	0	0	0	0	0	0	0	0	0	0	0	0	0	0	0	0	0	0	0	0	0	0	0	1158	0	2034	0	0	0	1962	0	0	0	0	0	0	0	0	0	0	0	0	0	0	0	0	0	0	0	0	0	0	0	0	0	0	0	
20560	Temporal_Pole_Mid_R	0	0	0	0	0	0	0	0	0	0	0	0	0	0	0	0	0	0	0	0	0	0	0	0	0	0	0	0	0	0	0	0	0	0	0	0	0	0	0	882	0	186	0	0	0	0	0	0	0	0	0	0	0	0	0	1210	0	0	0	0	0	0	0	0	0	0	0	0	0	0	0	0	0	0	0	0	0	0	0	0	0	268	0	3616	0	980	0	0	0	3138	0	0	0	0	0	0	0	0	0	0	0	0	0	0	0	0	0	0	0	0	0	0	0	0	0	0	
236148	Temporal_Inf_L	1660	206	162	0	0	0	494	0	0	0	0	0	0	0	0	0	108	0	748	118	0	0	0	0	0	0	0	0	7450	0	0	0	0	0	460	182	8998	170	350	0	1120	0	992	0	1282	0	366	0	2026	0	8706	0	3166	0	18176	0	364	0	700	0	2004	0	1608	0	3362	0	1598	0	1552	106	0	0	976	0	0	0	1068	196	2258	0	6128	0	2030	0	26208	0	1962	0	0	0	4214	0	1372	0	0	0	554	0	1390	0	970	0	514	0	0	0	0	0	0	0	0	0	0	0	0	0	
169416	Temporal_Inf_R	0	198	0	1158	0	0	0	0	0	0	0	114	0	0	0	0	0	274	0	1630	0	0	0	0	0	0	0	0	0	1828	0	0	0	338	0	758	0	2216	0	1074	0	596	0	3246	0	552	0	720	0	2236	0	3956	0	4336	0	14258	0	1084	0	476	0	1514	0	2214	0	3020	0	5148	0	1154	0	0	0	516	0	0	0	0	0	188	0	3018	0	4678	0	16282	0	3138	0	0	0	1976	0	184	0	0	0	0	0	362	0	0	0	268	0	0	0	0	0	0	0	0	0	0	0	0	
435820	Cerebelum_Crus1_L	0	0	0	0	0	0	0	0	0	0	0	0	0	0	0	0	0	0	0	0	0	0	0	0	0	0	0	0	302	0	0	0	0	0	0	0	336	0	1032	0	0	0	0	0	0	0	4934	2246	0	0	0	0	0	0	19964	466	0	0	0	0	0	0	0	0	0	0	0	0	0	0	0	0	0	0	0	0	0	0	104	0	216	0	0	0	112	0	0	0	4214	0	0	1862	39842	1732	986	398	14886	456	49712	4030	19178	998	21886	2480	3896	1392	410	174	190	536	2848	8742	3966	1438	1324	622	
361188	Cerebelum_Crus1_R	0	0	0	0	0	0	0	0	0	0	0	0	0	0	0	0	0	0	0	0	0	0	0	0	0	0	0	0	0	0	0	0	0	0	0	0	0	0	0	0	0	0	0	0	0	0	152	7022	0	0	0	0	0	132	362	19204	0	0	0	0	0	0	0	0	0	0	0	0	0	0	0	0	0	0	0	0	0	0	0	0	0	0	0	0	0	0	0	0	0	1976	1862	0	558	33178	0	482	284	9078	2360	45274	862	12230	996	22254	0	424	0	0	0	148	4002	8268	7410	1548	424	104	
294060	Cerebelum_Crus2_L	0	0	0	0	0	0	0	0	0	0	0	0	0	0	0	0	0	0	0	0	0	0	0	0	0	0	0	0	0	0	0	0	0	0	0	0	0	0	352	0	0	0	0	0	0	0	0	102	0	0	0	0	0	0	3038	0	0	0	0	0	0	0	0	0	0	0	0	0	0	0	0	0	0	0	0	0	0	0	0	0	0	0	0	0	0	0	0	0	1372	0	39842	558	0	3860	484	0	2182	0	9830	368	36282	2378	29628	4086	2638	392	448	0	106	212	280	908	3590	3220	526	348	
250364	Cerebelum_Crus2_R	0	0	0	0	0	0	0	0	0	0	0	0	0	0	0	0	0	0	0	0	0	0	0	0	0	0	0	0	0	0	0	0	0	0	0	0	0	0	0	0	0	0	0	0	0	0	0	0	0	0	0	0	0	0	0	766	0	0	0	0	0	0	0	0	0	0	0	0	0	0	0	0	0	0	0	0	0	0	0	0	0	0	0	0	0	0	0	0	0	184	1732	33178	3860	0	0	0	0	366	196	4590	3658	26972	4258	31674	380	894	0	230	0	0	0	444	7786	3840	174	0	
59860	Cerebelum_3_L	0	0	0	0	0	0	0	0	0	0	0	0	0	0	0	0	0	0	0	0	0	0	0	0	0	0	0	0	0	0	0	0	0	0	0	0	0	0	182	0	0	0	0	0	0	0	190	268	0	0	0	0	0	0	322	0	0	0	0	0	0	0	0	0	0	0	0	0	0	0	0	0	0	0	0	0	0	0	0	0	0	0	0	0	0	0	0	0	0	0	986	0	484	0	0	362	9246	154	4028	882	236	0	288	0	2828	628	268	0	940	2468	1778	1798	280	104	536	674	
60056	Cerebelum_3_R	0	0	0	0	0	0	0	0	0	0	0	0	0	0	0	0	0	0	0	0	0	0	0	0	0	0	0	0	0	0	0	0	0	0	0	0	0	0	0	0	0	0	0	0	0	0	0	584	0	0	0	0	0	0	0	738	0	0	0	0	0	0	0	0	0	0	0	0	0	0	0	0	0	0	0	0	0	0	0	0	0	0	0	0	0	0	0	0	0	0	398	482	0	0	362	0	604	3932	1304	4458	0	0	404	242	746	2310	0	0	316	3510	1654	2650	1248	1198	2142	746	
239432	Cerebelum_4_5_L	0	0	0	0	0	0	0	0	0	0	0	0	0	0	0	0	0	0	0	0	0	0	0	0	0	0	0	0	244	0	0	0	0	0	0	0	588	0	1748	128	0	0	256	0	0	0	8794	2420	0	0	0	0	368	0	12744	388	0	0	0	0	0	0	0	0	0	0	0	0	0	0	0	0	102	0	0	0	0	0	0	0	350	0	0	0	156	0	0	0	554	0	14886	284	2182	0	9246	604	0	1158	31048	1900	1346	0	1128	0	4594	1050	396	0	1192	2830	10564	3646	468	204	876	1274	
155156	Cerebelum_4_5_R	0	0	0	0	0	0	0	0	0	0	0	0	0	0	0	0	0	0	0	0	0	0	0	0	0	0	0	0	0	260	0	0	0	0	0	0	0	752	0	1198	0	116	0	0	0	0	284	7946	0	0	0	0	0	0	0	10542	0	0	0	0	0	0	0	0	0	0	0	0	0	0	0	0	0	406	0	0	0	98	0	0	0	0	0	0	0	0	0	0	0	0	456	9078	0	366	154	3932	1158	0	1192	21800	0	0	200	578	208	1298	0	0	0	480	9314	2524	1280	906	1052	0	
418256	Cerebelum_6_L	0	0	0	0	0	0	0	0	0	0	0	0	0	0	0	0	0	0	0	0	0	0	0	0	0	0	0	0	142	0	0	0	0	0	0	0	356	0	1352	0	0	0	172	0	0	0	8874	4636	0	0	0	0	494	0	26450	1276	0	0	0	0	0	0	0	0	0	0	0	0	0	0	0	0	0	0	0	0	0	0	0	0	246	0	0	0	118	0	0	0	1390	0	49712	2360	9830	196	4028	1304	31048	1192	0	6698	5808	118	7542	788	5738	2760	222	230	634	1974	7430	15542	2432	1682	2562	1792	
355556	Cerebelum_6_R	0	0	0	0	0	0	0	0	0	0	0	0	0	0	0	0	0	0	0	0	0	0	0	0	0	0	0	0	0	0	0	0	0	0	0	0	0	198	0	266	0	0	0	0	0	0	248	11872	0	0	0	0	0	866	576	26158	0	0	0	0	0	0	0	0	0	0	0	0	0	0	0	0	0	106	0	0	0	0	0	0	0	0	0	0	0	0	0	0	0	362	4030	45274	368	4590	882	4458	1900	21800	6698	0	320	470	644	4872	812	1638	0	174	226	1570	9214	17002	6104	1366	2034	680	
240468	Cerebelum_7b_L	0	0	0	0	0	0	0	0	0	0	0	0	0	0	0	0	0	0	0	0	0	0	0	0	0	0	0	0	0	0	0	0	0	0	0	0	0	0	302	0	0	0	0	0	0	0	0	92	0	0	0	0	0	0	1636	0	0	0	0	0	0	0	0	0	0	0	0	0	0	0	0	0	0	0	0	0	0	0	0	0	0	0	0	0	0	0	0	0	970	0	19178	862	36282	3658	236	0	1346	0	5808	320	0	1934	30630	5044	1638	406	330	0	0	118	206	680	3468	4766	324	0	
159444	Cerebelum_7b_R	0	0	0	0	0	0	0	0	0	0	0	0	0	0	0	0	0	0	0	0	0	0	0	0	0	0	0	0	0	0	0	0	0	0	0	0	0	0	0	0	0	0	0	0	0	0	0	0	0	0	0	0	0	0	0	136	0	0	0	0	0	0	0	0	0	0	0	0	0	0	0	0	0	0	0	0	0	0	0	0	0	0	0	0	0	0	0	0	0	0	998	12230	2378	26972	0	0	0	0	118	470	1934	0	2608	24762	344	1484	0	256	0	0	0	0	3130	1810	92	0	
326968	Cerebelum_8_L	0	0	0	0	0	0	0	0	0	0	0	0	0	0	0	0	0	0	0	0	0	0	0	0	0	0	0	0	0	0	0	0	0	0	0	0	0	0	144	0	0	0	0	0	0	0	0	170	0	0	0	0	0	0	1644	98	0	0	0	0	0	0	0	0	0	0	0	0	0	0	0	0	0	0	0	0	0	0	0	0	0	0	0	0	0	0	0	0	514	0	21886	996	29628	4258	288	404	1128	200	7542	644	30630	2608	0	8778	21104	4210	2228	306	0	390	122	2230	7274	9708	3718	634	
293848	Cerebelum_8_R	0	0	0	0	0	0	0	0	0	0	0	0	0	0	0	0	0	0	0	0	0	0	0	0	0	0	0	0	0	0	0	0	0	0	0	0	0	0	0	0	0	0	0	0	0	0	0	116	0	0	0	0	0	0	0	1250	0	0	0	0	0	0	0	0	0	0	0	0	0	0	0	0	0	0	0	0	0	0	0	0	0	0	0	0	0	0	0	0	0	268	2480	22254	4086	31674	0	242	0	578	788	4872	5044	24762	8778	0	2468	15664	0	1034	0	192	0	594	9318	8104	2254	104	
148740	Cerebelum_9_L	0	0	0	0	0	0	0	0	0	0	0	0	0	0	0	0	0	0	0	0	0	0	0	0	0	0	0	0	0	0	0	0	0	0	0	0	0	0	0	0	0	0	0	0	0	0	0	280	0	0	0	0	0	0	182	0	0	0	0	0	0	0	0	0	0	0	0	0	0	0	0	0	0	0	0	0	0	0	0	0	0	0	0	0	0	0	0	0	0	0	3896	0	2638	380	2828	746	4594	208	5738	812	1638	344	21104	2468	0	4474	3876	262	362	1138	1060	3346	3170	3464	3586	1776	
144864	Cerebelum_9_R	0	0	0	0	0	0	0	0	0	0	0	0	0	0	0	0	0	0	0	0	0	0	0	0	0	0	0	0	0	0	0	0	0	0	0	0	0	0	0	0	0	0	0	0	0	0	0	546	0	0	0	0	0	0	0	0	0	0	0	0	0	0	0	0	0	0	0	0	0	0	0	0	0	0	0	0	0	0	0	0	0	0	0	0	0	0	0	0	0	0	1392	424	392	894	628	2310	1050	1298	2760	1638	406	1484	4210	15664	4474	0	136	1808	550	2354	1890	5338	4756	5558	7198	3274	
16628	Cerebelum_10_L	0	0	0	0	0	0	0	0	0	0	0	0	0	0	0	0	0	0	0	0	0	0	0	0	0	0	0	0	0	0	0	0	0	0	0	0	0	0	0	0	0	0	0	0	0	0	0	0	0	0	0	0	0	0	0	0	0	0	0	0	0	0	0	0	0	0	0	0	0	0	0	0	0	0	0	0	0	0	0	0	0	0	0	0	0	0	0	0	0	0	410	0	448	0	268	0	396	0	222	0	330	0	2228	0	3876	136	0	0	0	0	0	0	0	0	0	0	
11900	Cerebelum_10_R	0	0	0	0	0	0	0	0	0	0	0	0	0	0	0	0	0	0	0	0	0	0	0	0	0	0	0	0	0	0	0	0	0	0	0	0	0	0	0	0	0	0	0	0	0	0	0	0	0	0	0	0	0	0	0	0	0	0	0	0	0	0	0	0	0	0	0	0	0	0	0	0	0	0	0	0	0	0	0	0	0	0	0	0	0	0	0	0	0	0	174	0	0	230	0	0	0	0	230	174	0	256	306	1034	262	1808	0	0	0	0	0	244	368	428	436	0	
24312	Vermis_1_2	0	0	0	0	0	0	0	0	0	0	0	0	0	0	0	0	0	0	0	0	0	0	0	0	0	0	0	0	0	0	0	0	0	0	0	0	0	0	0	0	0	0	0	0	0	0	0	174	0	0	0	0	0	0	0	0	0	0	0	0	0	0	0	0	0	0	0	0	0	0	0	0	0	0	0	0	0	0	0	0	0	0	0	0	0	0	0	0	0	0	190	0	106	0	940	316	1192	0	634	226	0	0	0	0	362	550	0	0	0	3790	1768	718	242	250	366	332	
68572	Vermis_3	0	0	0	0	0	0	0	0	0	0	0	0	0	0	0	0	0	0	0	0	0	0	0	0	0	0	0	0	0	0	0	0	0	0	0	0	0	0	0	0	0	0	0	0	0	0	94	372	0	0	0	0	0	0	0	0	0	0	0	0	0	0	0	0	0	0	0	0	0	0	0	0	0	0	0	0	0	0	0	0	0	0	0	0	0	0	0	0	0	0	536	148	212	0	2468	3510	2830	480	1974	1570	118	0	390	192	1138	2354	0	0	3790	0	3438	2810	1258	1002	2170	1432	
163168	Vermis_4_5	0	0	0	0	0	0	0	0	0	0	0	0	0	0	0	0	0	0	0	0	0	0	0	0	0	0	0	0	0	0	0	0	0	0	0	102	0	162	0	0	0	0	266	0	0	0	1482	8498	0	0	0	0	186	92	1420	3200	0	0	0	0	0	0	0	0	0	0	0	156	0	0	0	0	0	0	0	0	0	0	0	0	0	0	0	0	0	0	0	0	0	0	2848	4002	280	0	1778	1654	10564	9314	7430	9214	206	0	122	0	1060	1890	0	0	1768	3438	0	5370	748	436	1450	2448	
