data	data	521580	361400	964324	755668	144456	95972	560412	232124	80448	22192	286896	143868	305672	89004	182260	71472	281940	117764	918740	781172	81732	71280	385180	312576	45048	100504	34968	46024	724952	291376	340152	457984	187480	459076	138528	197188	279328	373892	112188	265868	44076	52872	283864	311380	197464	472052	354564	425784	184652	423992	594980	193432	222748	105956	566176	493936	258856	312124	134908	315540	182140	201508	106484	102444	117036	90400	244072	632096	356960	183812	276128	343076	303112	342856	48676	20984	166020	179936	121328	37032	285852	129076	99084	59204	368116	314792	29588	29072	259236	229012	489980	386956	295008	220432	57424	73856	381456	272604	590872	463500	230356	116700	278580	202940	106908	99036	5516	876	25616	84904	352292	271744	207364	115688	68696	19352	
data	data	Precentral_L	Precentral_R	Frontal_Sup_L	Frontal_Sup_R	Frontal_Sup_Orb_L	Frontal_Sup_Orb_R	Frontal_Mid_L	Frontal_Mid_R	Frontal_Mid_Orb_L	Frontal_Mid_Orb_R	Frontal_Inf_Oper_L	Frontal_Inf_Oper_R	Frontal_Inf_Tri_L	Frontal_Inf_Tri_R	Frontal_Inf_Orb_L	Frontal_Inf_Orb_R	Rolandic_Oper_L	Rolandic_Oper_R	Supp_Motor_Area_L	Supp_Motor_Area_R	Olfactory_L	Olfactory_R	Frontal_Sup_Medial_L	Frontal_Sup_Medial_R	Frontal_Med_Orb_L	Frontal_Med_Orb_R	Rectus_L	Rectus_R	Insula_L	Insula_R	Cingulum_Ant_L	Cingulum_Ant_R	Cingulum_Mid_L	Cingulum_Mid_R	Cingulum_Post_L	Cingulum_Post_R	Hippocampus_L	Hippocampus_R	ParaHippocampal_L	ParaHippocampal_R	Amygdala_L	Amygdala_R	Calcarine_L	Calcarine_R	Cuneus_L	Cuneus_R	Lingual_L	Lingual_R	Occipital_Sup_L	Occipital_Sup_R	Occipital_Mid_L	Occipital_Mid_R	Occipital_Inf_L	Occipital_Inf_R	Fusiform_L	Fusiform_R	Postcentral_L	Postcentral_R	Parietal_Sup_L	Parietal_Sup_R	Parietal_Inf_L	Parietal_Inf_R	SupraMarginal_L	SupraMarginal_R	Angular_L	Angular_R	Precuneus_L	Precuneus_R	Paracentral_Lobule_L	Paracentral_Lobule_R	Caudate_L	Caudate_R	Putamen_L	Putamen_R	Pallidum_L	Pallidum_R	Thalamus_L	Thalamus_R	Heschl_L	Heschl_R	Temporal_Sup_L	Temporal_Sup_R	Temporal_Pole_Sup_L	Temporal_Pole_Sup_R	Temporal_Mid_L	Temporal_Mid_R	Temporal_Pole_Mid_L	Temporal_Pole_Mid_R	Temporal_Inf_L	Temporal_Inf_R	Cerebelum_Crus1_L	Cerebelum_Crus1_R	Cerebelum_Crus2_L	Cerebelum_Crus2_R	Cerebelum_3_L	Cerebelum_3_R	Cerebelum_4_5_L	Cerebelum_4_5_R	Cerebelum_6_L	Cerebelum_6_R	Cerebelum_7b_L	Cerebelum_7b_R	Cerebelum_8_L	Cerebelum_8_R	Cerebelum_9_L	Cerebelum_9_R	Cerebelum_10_L	Cerebelum_10_R	Vermis_1_2	Vermis_3	Vermis_4_5	Vermis_6	Vermis_7	Vermis_8	Vermis_9	Vermis_10	
521580	Precentral_L	0	3256	12892	4430	0	0	17540	0	0	0	11010	0	1538	0	0	0	10054	0	33434	14580	0	0	0	0	0	0	0	0	11318	0	0	0	1122	8690	5462	2604	4204	732	404	0	0	0	422	0	280	164	728	0	0	102	7178	0	2600	0	1038	0	16854	150	820	198	4082	0	1892	0	730	0	1014	626	41372	1406	3766	202	2736	0	1840	0	13158	1376	2988	0	4828	0	722	0	3594	140	0	0	410	104	0	0	0	0	0	0	0	0	0	0	0	0	0	0	0	0	0	0	0	0	0	0	0	0	0	0	
361400	Precentral_R	3256	0	1566	12070	0	0	504	10918	0	0	242	6324	518	166	124	0	0	1986	2736	14410	0	0	0	138	0	0	0	0	862	2674	0	252	0	1894	1574	8184	286	10502	0	1962	0	0	0	1628	0	3354	0	850	0	2792	0	332	0	234	0	1554	0	27996	0	2746	0	1256	0	966	0	250	0	13038	3288	12582	2570	370	0	3024	0	0	3684	5202	0	574	0	2088	0	0	0	3986	0	0	0	3096	0	0	0	0	0	0	0	92	0	0	0	0	0	0	0	0	0	0	0	0	0	0	0	0	0	0	
964324	Frontal_Sup_L	12892	1566	0	9768	10046	0	72242	1168	2914	0	18032	0	22020	0	7208	0	11890	0	88052	11308	162	0	53680	5498	3480	118	414	0	43418	98	19848	5666	6574	5554	598	0	7830	264	506	0	0	0	0	0	0	0	160	0	0	0	0	0	0	0	2004	0	756	0	0	0	0	0	0	0	0	0	160	0	3300	0	8886	1486	19220	432	4228	136	4726	964	2178	0	6608	0	2300	0	382	0	0	0	1422	0	0	0	0	0	0	0	0	0	0	0	0	0	0	0	0	0	0	0	0	0	0	0	0	0	0	0	
755668	Frontal_Sup_R	4430	12070	9768	0	106	4768	1214	33618	0	188	420	3932	978	5916	436	2916	0	4378	23000	75666	0	248	7392	39062	198	3154	0	562	1634	10648	7906	30398	3402	19748	258	608	90	3822	0	3024	0	0	0	0	0	0	0	128	0	0	0	0	0	0	0	1372	0	250	0	0	0	0	0	0	0	0	0	142	4400	126	3598	16932	222	17712	0	2042	2144	11840	0	146	0	350	0	0	0	266	0	0	0	206	0	0	0	0	0	0	0	0	0	0	0	0	0	0	0	0	0	0	0	0	0	0	0	0	0	0	
144456	Frontal_Sup_Orb_L	0	0	10046	106	0	0	5248	0	11596	0	274	0	3814	0	10608	0	0	0	328	0	1748	0	4080	182	3984	0	4698	0	3678	0	3490	196	130	0	0	0	184	0	0	0	582	0	0	0	0	0	0	0	0	0	0	0	0	0	170	0	0	0	0	0	0	0	0	0	0	0	0	0	0	0	2124	0	4520	0	0	0	0	0	0	0	0	0	442	0	0	0	0	0	0	0	0	0	0	0	0	0	0	0	0	0	0	0	0	0	0	0	0	0	0	0	0	0	0	0	0	0	
95972	Frontal_Sup_Orb_R	0	0	0	4768	0	0	0	642	0	3416	0	0	0	330	0	2510	0	0	616	1398	150	1106	0	3774	0	7434	0	6378	0	1280	192	3920	0	534	0	0	0	0	0	0	0	0	0	0	0	0	0	0	0	0	0	0	0	0	0	0	0	0	0	0	0	0	0	0	0	0	0	0	0	0	170	4910	96	4362	0	0	0	0	0	0	0	0	0	0	0	0	0	0	0	0	0	0	0	0	0	0	0	0	0	0	0	0	0	0	0	0	0	0	0	0	0	0	0	0	0	0	
560412	Frontal_Mid_L	17540	504	72242	1214	5248	0	0	168	4840	0	23686	0	33604	0	9412	0	5878	0	18076	524	0	0	20578	1372	442	0	0	0	23226	0	9962	2256	3568	1958	408	538	2534	494	132	0	0	0	0	0	0	0	316	0	0	0	1180	0	488	0	338	0	528	0	0	0	184	0	0	0	90	0	0	0	402	0	2960	1034	3900	0	0	0	1092	406	1338	0	3782	0	706	0	946	0	0	0	112	0	0	0	0	0	0	0	0	0	0	0	0	0	0	0	0	0	0	0	0	0	0	0	0	0	0	0	
232124	Frontal_Mid_R	0	10918	1168	33618	0	642	168	0	0	1870	244	7966	518	10960	124	3814	0	2882	1740	4388	0	0	144	4858	0	0	0	0	862	5738	660	5102	256	2508	190	308	0	2302	0	1282	0	0	0	0	0	0	0	134	0	0	0	0	0	0	0	588	0	1636	0	0	0	0	0	0	0	0	0	130	0	0	1282	982	0	4492	0	0	174	808	0	90	0	388	0	0	0	128	0	0	0	0	0	0	0	0	0	0	0	0	0	0	0	0	0	0	0	0	0	0	0	0	0	0	0	0	0	0	
80448	Frontal_Mid_Orb_L	0	0	2914	0	11596	0	4840	0	0	0	0	0	2866	0	12396	0	0	0	0	0	0	0	164	0	228	0	2200	0	1048	0	152	0	0	0	0	0	0	0	0	0	0	0	0	0	0	0	0	0	0	0	0	0	0	0	0	0	0	0	0	0	0	0	0	0	0	0	0	0	0	0	338	0	1482	0	0	0	0	0	0	0	0	0	0	0	0	0	0	0	0	0	0	0	0	0	0	0	0	0	0	0	0	0	0	0	0	0	0	0	0	0	0	0	0	0	0	0	
22192	Frontal_Mid_Orb_R	0	0	0	188	0	3416	0	1870	0	0	0	0	0	102	0	5196	0	0	0	0	0	0	0	0	0	0	0	324	0	0	0	0	0	0	0	0	0	0	0	0	0	0	0	0	0	0	0	0	0	0	0	0	0	0	0	0	0	0	0	0	0	0	0	0	0	0	0	0	0	0	0	0	0	0	0	0	0	0	0	0	0	0	0	0	0	0	0	0	0	0	0	0	0	0	0	0	0	0	0	0	0	0	0	0	0	0	0	0	0	0	0	0	0	0	0	0	
286896	Frontal_Inf_Oper_L	11010	242	18032	420	274	0	23686	244	0	0	0	0	10662	0	254	0	13534	0	14418	148	0	0	2150	168	0	0	0	0	24908	0	3894	652	740	206	0	0	814	0	0	0	0	0	0	0	0	0	0	0	0	0	0	0	0	0	172	0	340	0	0	0	0	0	0	0	0	0	0	0	0	0	1606	296	1506	0	0	0	0	0	1054	0	8248	0	3770	0	0	0	0	0	0	0	0	0	0	0	0	0	0	0	0	0	0	0	0	0	0	0	0	0	0	0	0	0	0	0	0	0	
143868	Frontal_Inf_Oper_R	0	6324	0	3932	0	0	0	7966	0	0	0	0	0	6488	0	0	0	6452	644	2564	0	0	0	404	0	0	0	0	0	11684	0	470	0	1038	260	426	108	5492	0	3336	0	0	0	0	0	0	0	356	0	0	0	0	0	0	0	1518	0	1546	0	0	0	0	0	112	0	0	0	166	0	0	0	134	0	5872	0	0	238	2312	0	114	0	800	0	414	0	136	0	0	0	628	0	0	0	0	0	0	0	0	0	0	0	0	0	0	0	0	0	0	0	0	0	0	0	0	0	0	
305672	Frontal_Inf_Tri_L	1538	518	22020	978	3814	0	33604	518	2866	0	10662	0	0	0	16824	0	1874	0	8028	474	132	0	6000	0	140	0	0	0	29030	0	630	250	2320	356	0	0	142	0	0	0	0	0	0	0	0	0	0	0	0	0	0	0	0	0	0	0	0	0	0	0	0	0	0	0	0	0	0	0	0	0	3034	642	3796	0	0	0	0	0	0	0	1956	0	690	0	0	0	0	0	0	0	0	0	0	0	0	0	0	0	0	0	0	0	0	0	0	0	0	0	0	0	0	0	0	0	0	0	
89004	Frontal_Inf_Tri_R	0	166	0	5916	0	330	0	10960	0	102	0	6488	0	0	0	3272	0	476	538	1810	0	0	0	764	0	0	0	0	0	8128	112	1684	134	1274	0	0	0	0	0	0	0	0	0	0	0	0	0	0	0	0	0	0	0	0	0	0	0	0	0	0	0	0	0	0	0	0	0	0	0	0	0	314	0	2034	0	0	0	0	0	0	0	0	0	0	0	0	0	0	0	0	0	0	0	0	0	0	0	0	0	0	0	0	0	0	0	0	0	0	0	0	0	0	0	0	0	0	
182260	Frontal_Inf_Orb_L	0	124	7208	436	10608	0	9412	124	12396	0	254	0	16824	0	0	0	0	0	1322	318	2732	0	404	0	0	0	1116	0	15460	0	0	198	120	0	0	0	612	0	342	0	966	0	0	0	0	0	0	0	0	0	0	0	0	0	390	0	0	0	0	0	0	0	0	0	0	0	0	0	0	0	2186	524	5988	0	0	0	0	0	0	0	0	0	1066	0	0	0	0	0	0	0	0	0	0	0	0	0	0	0	0	0	0	0	0	0	0	0	0	0	0	0	0	0	0	0	0	0	
71472	Frontal_Inf_Orb_R	0	0	0	2916	0	2510	0	3814	0	5196	0	0	0	3272	0	0	0	0	324	532	0	710	0	192	0	0	0	630	0	7986	0	496	0	0	0	0	0	610	0	572	0	300	0	0	0	0	0	0	0	0	0	0	0	0	0	314	0	0	0	0	0	0	0	0	0	0	0	0	0	0	0	532	0	3470	0	0	0	0	0	0	0	388	0	760	0	212	0	0	0	0	0	0	0	0	0	0	0	0	0	0	0	0	0	0	0	0	0	0	0	0	0	0	0	0	0	0	
281940	Rolandic_Oper_L	10054	0	11890	0	0	0	5878	0	0	0	13534	0	1874	0	0	0	0	0	10684	0	0	0	0	0	0	0	0	0	29128	0	0	0	0	0	0	0	972	0	0	0	0	0	0	0	0	0	306	0	0	0	3700	0	744	0	1596	0	7454	0	0	0	508	0	3552	0	288	0	0	0	0	0	232	0	352	0	206	0	0	0	7872	0	16776	0	2616	0	7180	0	0	0	3574	0	0	0	0	0	0	0	0	0	0	0	0	0	0	0	0	0	0	0	0	0	0	0	0	0	0	0	
117764	Rolandic_Oper_R	0	1986	0	4378	0	0	0	2882	0	0	0	6452	0	476	0	0	0	0	484	1938	0	0	0	0	0	0	0	0	0	13830	0	0	0	146	0	0	0	2102	0	800	0	0	0	110	0	338	0	194	0	364	0	0	0	0	0	508	0	5366	0	302	0	94	0	1726	0	0	0	440	0	0	0	0	0	2846	0	0	0	584	0	4180	0	4066	0	512	0	1000	0	0	0	778	0	0	0	0	0	0	0	0	0	0	0	0	0	0	0	0	0	0	0	0	0	0	0	0	0	0	
918740	Supp_Motor_Area_L	33434	2736	88052	23000	328	616	18076	1740	0	0	14418	644	8028	538	1322	324	10684	484	0	47086	0	0	10804	3326	0	454	0	188	34170	1376	7662	10718	11216	25306	3230	1462	5078	894	460	396	0	0	0	0	0	0	176	0	0	0	0	0	0	0	1918	102	492	200	0	0	0	0	0	0	0	0	0	162	26192	730	9684	4812	12776	2586	5000	154	12258	1944	1454	0	6526	0	2084	0	358	100	0	0	1412	0	0	0	0	0	0	0	0	0	0	0	0	0	0	0	0	0	0	0	0	0	0	0	0	0	0	0	
781172	Supp_Motor_Area_R	14580	14410	11308	75666	0	1398	524	4388	0	0	148	2564	474	1810	318	532	0	1938	47086	0	0	0	220	9346	0	832	0	306	800	4322	4162	18120	6896	42468	938	6852	0	2874	0	2490	0	0	0	252	0	2148	0	206	0	1770	0	254	0	232	0	1392	216	3788	0	2182	0	914	0	0	0	0	0	7036	15372	14590	2948	21098	128	11982	0	2172	2018	17792	0	208	0	410	0	0	0	2276	0	0	0	1432	0	0	0	0	0	0	0	0	0	0	0	0	0	0	0	0	0	0	0	0	0	0	0	0	0	0	
81732	Olfactory_L	0	0	162	0	1748	150	0	0	0	0	0	0	132	0	2732	0	0	0	0	0	0	3686	0	0	360	0	1238	292	4526	144	2758	1578	0	0	0	0	1340	0	1378	0	2222	0	0	0	0	0	0	0	0	0	0	0	0	0	966	0	0	0	0	0	0	0	0	0	0	0	0	0	0	0	5484	3638	4084	966	220	0	0	0	0	0	0	0	1062	0	0	0	0	0	0	0	0	0	0	0	0	0	0	0	0	0	0	0	0	0	0	0	0	0	0	0	0	0	0	0	0	0	
71280	Olfactory_R	0	0	0	248	0	1106	0	0	0	0	0	0	0	0	0	710	0	0	0	0	3686	0	0	0	132	996	538	2164	176	1972	1826	2468	0	0	0	0	0	90	0	228	0	174	0	0	0	0	0	0	0	0	0	0	0	0	0	0	0	0	0	0	0	0	0	0	0	0	0	0	0	0	5628	7454	3478	1728	838	0	0	0	0	0	0	0	0	0	0	0	0	0	0	0	0	0	0	0	0	0	0	0	0	0	0	0	0	0	0	0	0	0	0	0	0	0	0	0	0	0	
385180	Frontal_Sup_Medial_L	0	0	53680	7392	4080	0	20578	144	164	0	2150	0	6000	0	404	0	0	0	10804	220	0	0	0	18364	4772	1212	370	0	6366	94	23172	10250	6504	8670	0	0	98	0	0	0	0	0	0	0	0	0	0	0	0	0	0	0	0	0	0	0	0	0	0	0	0	0	0	0	0	0	0	0	0	0	3190	180	3626	106	0	0	0	0	0	0	0	0	0	0	0	0	0	0	0	0	0	0	0	0	0	0	0	0	0	0	0	0	0	0	0	0	0	0	0	0	0	0	0	0	0	0	
312576	Frontal_Sup_Medial_R	0	138	5498	39062	182	3774	1372	4858	0	0	168	404	0	764	0	192	0	0	3326	9346	0	0	18364	0	674	6678	0	452	0	1388	8904	28066	564	13988	0	0	0	0	0	0	0	0	0	0	0	0	0	0	0	0	0	0	0	0	0	0	0	0	0	0	0	0	0	0	0	0	0	0	0	0	0	5426	0	2606	0	0	0	94	0	0	0	0	0	0	0	0	0	0	0	0	0	0	0	0	0	0	0	0	0	0	0	0	0	0	0	0	0	0	0	0	0	0	0	0	0	0	
45048	Frontal_Med_Orb_L	0	0	3480	198	3984	0	442	0	228	0	0	0	140	0	0	0	0	0	0	0	360	132	4772	674	0	602	1566	0	0	0	3840	588	0	0	0	0	0	0	0	0	0	0	0	0	0	0	0	0	0	0	0	0	0	0	0	0	0	0	0	0	0	0	0	0	0	0	0	0	0	0	822	134	562	0	0	0	0	0	0	0	0	0	0	0	0	0	0	0	0	0	0	0	0	0	0	0	0	0	0	0	0	0	0	0	0	0	0	0	0	0	0	0	0	0	0	0	
100504	Frontal_Med_Orb_R	0	0	118	3154	0	7434	0	0	0	0	0	0	0	0	0	0	0	0	454	832	0	996	1212	6678	602	0	0	5650	0	0	2662	7412	0	350	0	0	0	0	0	0	0	0	0	0	0	0	0	0	0	0	0	0	0	0	0	0	0	0	0	0	0	0	0	0	0	0	0	0	0	0	0	7808	0	4890	0	0	0	0	0	0	0	0	0	0	0	0	0	0	0	0	0	0	0	0	0	0	0	0	0	0	0	0	0	0	0	0	0	0	0	0	0	0	0	0	0	0	
34968	Rectus_L	0	0	414	0	4698	0	0	0	2200	0	0	0	0	0	1116	0	0	0	0	0	1238	538	370	0	1566	0	0	140	464	0	1726	0	0	0	0	0	0	0	0	0	0	0	0	0	0	0	0	0	0	0	0	0	0	0	0	0	0	0	0	0	0	0	0	0	0	0	0	0	0	0	1548	418	1048	0	0	0	0	0	0	0	0	0	0	0	0	0	0	0	0	0	0	0	0	0	0	0	0	0	0	0	0	0	0	0	0	0	0	0	0	0	0	0	0	0	0	0	
46024	Rectus_R	0	0	0	562	0	6378	0	0	0	324	0	0	0	0	0	630	0	0	188	306	292	2164	0	452	0	5650	140	0	0	636	150	1348	0	148	0	0	0	0	0	0	0	0	0	0	0	0	0	0	0	0	0	0	0	0	0	0	0	0	0	0	0	0	0	0	0	0	0	0	0	0	264	2154	156	1070	0	0	0	0	0	0	0	0	0	0	0	0	0	0	0	0	0	0	0	0	0	0	0	0	0	0	0	0	0	0	0	0	0	0	0	0	0	0	0	0	0	0	
724952	Insula_L	11318	862	43418	1634	3678	0	23226	862	1048	0	24908	0	29030	0	15460	0	29128	0	34170	800	4526	176	6366	0	0	0	464	0	0	0	712	328	2072	420	192	0	15822	0	2290	0	2760	0	206	0	0	0	764	0	0	0	4634	0	844	0	9740	0	3718	0	0	0	370	0	1298	0	310	0	188	0	186	0	7524	1126	19530	0	210	0	176	104	13740	0	20054	0	5548	0	8442	0	128	0	7724	0	102	0	0	0	0	0	0	0	140	0	0	0	0	0	0	0	0	0	0	0	0	0	0	0	0	0	
291376	Insula_R	0	2674	98	10648	0	1280	0	5738	0	0	0	11684	0	8128	0	7986	0	13830	1376	4322	144	1972	94	1388	0	0	0	636	0	0	270	3026	232	2096	272	450	104	11314	0	7212	0	1406	0	142	0	228	0	496	0	222	0	0	0	124	0	4942	0	2396	0	190	0	0	0	130	0	0	0	392	0	0	102	1166	0	19442	0	0	258	1858	0	2702	0	5202	0	2558	0	2190	0	0	0	2568	0	0	0	0	0	0	0	0	0	0	0	0	0	0	0	0	0	0	0	0	0	0	0	0	0	0	
340152	Cingulum_Ant_L	0	0	19848	7906	3490	192	9962	660	152	0	3894	0	630	112	0	0	0	0	7662	4162	2758	1826	23172	8904	3840	2662	1726	150	712	270	0	26038	7182	7530	682	0	136	0	0	0	0	0	0	0	0	0	0	0	0	0	0	0	0	0	100	0	0	0	0	0	0	0	0	0	0	0	0	0	0	0	8036	7104	6162	2416	0	0	0	0	0	0	0	0	0	0	0	0	0	0	0	0	0	0	0	0	0	0	0	0	0	0	0	0	0	0	0	0	0	0	0	0	0	0	0	0	0	0	
457984	Cingulum_Ant_R	0	252	5666	30398	196	3920	2256	5102	0	0	652	470	250	1684	198	496	0	0	10718	18120	1578	2468	10250	28066	588	7412	0	1348	328	3026	26038	0	3870	25342	116	0	0	214	0	174	0	0	0	0	0	0	0	0	0	0	0	0	0	0	0	0	0	0	0	0	0	0	0	0	0	0	0	0	0	0	3368	22770	1964	9356	0	0	0	338	0	0	0	0	0	0	0	0	0	0	0	0	0	0	0	0	0	0	0	0	0	0	0	0	0	0	0	0	0	0	0	0	0	0	0	0	0	0	
187480	Cingulum_Mid_L	1122	0	6574	3402	130	0	3568	256	0	0	740	0	2320	134	120	0	0	0	11216	6896	0	0	6504	564	0	0	0	0	2072	232	7182	3870	0	14148	4746	858	0	0	0	0	0	0	358	0	606	330	118	0	1130	0	996	0	0	0	110	0	160	0	104	232	0	208	0	0	0	0	4764	2606	3572	1150	124	92	328	98	0	0	0	0	0	0	0	0	0	0	0	0	0	0	0	0	0	0	0	0	0	0	0	0	0	0	0	0	0	0	0	0	0	0	0	0	0	0	0	0	0	0	
459076	Cingulum_Mid_R	8690	1894	5554	19748	0	534	1958	2508	0	0	206	1038	356	1274	0	0	0	146	25306	42468	0	0	8670	13988	0	350	0	148	420	2096	7530	25342	14148	0	1850	6882	0	128	0	0	0	0	0	236	0	1576	0	0	0	474	0	96	0	0	0	98	128	1718	0	1108	0	872	0	0	0	0	404	6816	9862	7420	168	2898	162	1032	0	0	128	226	0	0	0	0	0	0	0	544	0	0	0	340	0	0	0	0	0	0	0	0	0	0	0	0	0	0	0	0	0	0	0	0	0	0	0	0	0	0	
138528	Cingulum_Post_L	5462	1574	598	258	0	0	408	190	0	0	0	260	0	0	0	0	0	0	3230	938	0	0	0	0	0	0	0	0	192	272	682	116	4746	1850	0	7964	4200	2704	1500	410	0	0	3446	578	1040	350	2198	396	0	0	124	0	0	0	358	98	514	364	0	0	0	0	0	0	0	0	6364	2812	8976	336	0	0	0	0	0	0	2636	864	136	0	0	0	0	0	0	0	0	0	0	0	0	0	0	0	0	0	0	0	0	0	0	0	0	0	0	0	0	0	0	0	120	0	0	0	0	0	
197188	Cingulum_Post_R	2604	8184	0	608	0	0	538	308	0	0	0	426	0	0	0	0	0	0	1462	6852	0	0	0	0	0	0	0	0	0	450	0	0	858	6882	7964	0	1184	7584	0	1418	0	0	0	3322	308	1384	0	4358	0	414	0	90	0	0	0	880	0	4556	0	984	0	98	0	0	0	0	248	14028	2736	8328	0	0	0	138	0	0	3388	3058	0	0	0	0	0	0	0	1102	0	0	0	904	0	0	0	0	0	0	0	0	0	0	0	0	0	0	0	0	0	0	0	0	948	0	0	0	0	0	
279328	Hippocampus_L	4204	286	7830	90	184	0	2534	0	0	0	814	108	142	0	612	0	972	0	5078	0	1340	0	98	0	0	0	0	0	15822	104	136	0	0	0	4200	1184	0	976	13734	388	5826	0	1654	0	0	0	4864	724	0	0	848	0	366	0	18836	0	924	132	0	0	0	0	0	0	0	0	2576	414	1062	0	2136	108	10400	0	432	0	2360	464	4228	0	4316	0	986	0	3256	0	90	0	9690	0	358	0	124	0	0	0	690	0	782	0	0	0	0	0	0	0	0	0	0	182	0	0	0	0	0	0	
373892	Hippocampus_R	732	10502	264	3822	0	0	494	2302	0	0	0	5492	0	0	0	610	0	2102	894	2874	0	90	0	0	0	0	0	0	0	11314	0	214	0	128	2704	7584	976	0	212	36026	0	6872	0	1974	166	488	0	8936	0	370	0	214	0	664	0	25030	0	4268	0	294	0	314	0	258	0	200	0	5920	324	136	0	194	0	18426	0	890	2664	5218	0	800	0	1200	0	610	0	3246	0	92	0	5116	0	0	0	0	0	0	0	1544	0	260	0	0	0	0	0	0	0	0	0	0	922	0	0	0	0	0	
112188	ParaHippocampal_L	404	0	506	0	0	0	132	0	0	0	0	0	0	0	342	0	0	0	460	0	1378	0	0	0	0	0	0	0	2290	0	0	0	0	0	1500	0	13734	212	0	248	2752	0	1328	0	0	0	3866	940	0	0	290	0	150	0	8312	0	0	0	0	0	0	0	0	0	0	0	1898	0	190	0	454	0	1878	0	0	0	136	132	174	0	716	0	1426	0	438	0	632	0	1672	0	1054	0	444	0	466	230	2518	0	1954	0	0	0	90	0	0	0	0	0	0	748	0	0	0	0	0	0	
265868	ParaHippocampal_R	0	1962	0	3024	0	0	0	1282	0	0	0	3336	0	0	0	572	0	800	396	2490	0	228	0	0	0	0	0	0	0	7212	0	174	0	0	410	1418	388	36026	248	0	0	8010	0	944	104	148	0	7512	0	0	0	0	0	232	0	25462	0	636	0	0	0	0	0	0	0	0	0	2058	0	0	0	160	0	14890	0	872	310	1376	0	0	0	352	0	3052	0	1544	0	596	0	1224	0	0	0	0	0	0	0	2722	0	324	0	0	0	0	0	0	0	0	0	0	440	0	0	0	0	0	
44076	Amygdala_L	0	0	0	0	582	0	0	0	0	0	0	0	0	0	966	0	0	0	0	0	2222	0	0	0	0	0	0	0	2760	0	0	0	0	0	0	0	5826	0	2752	0	0	0	0	0	0	0	0	0	0	0	0	0	0	0	3462	0	0	0	0	0	0	0	0	0	0	0	0	0	0	0	0	0	874	0	0	0	0	0	0	0	0	0	1682	0	0	0	268	0	644	0	0	0	0	0	0	0	0	0	0	0	0	0	0	0	0	0	0	0	0	0	0	0	0	0	0	0	
52872	Amygdala_R	0	0	0	0	0	0	0	0	0	0	0	0	0	0	0	300	0	0	0	0	0	174	0	0	0	0	0	0	0	1406	0	0	0	0	0	0	0	6872	0	8010	0	0	0	0	0	0	0	0	0	0	0	0	0	0	0	6122	0	0	0	0	0	0	0	0	0	0	0	0	0	0	0	0	0	1256	0	0	0	0	0	0	0	0	0	2014	0	0	0	122	0	160	0	0	0	0	0	0	0	0	0	0	0	0	0	0	0	0	0	0	0	0	0	0	0	0	0	0	
283864	Calcarine_L	422	0	0	0	0	0	0	0	0	0	0	0	0	0	0	0	0	0	0	0	0	0	0	0	0	0	0	0	206	0	0	0	358	0	3446	0	1654	0	1328	0	0	0	0	6356	16032	4332	18972	3942	11680	2360	28740	252	6114	324	5034	526	4402	0	1146	0	384	0	0	0	110	0	15386	1188	4320	0	0	0	0	0	0	0	0	0	0	0	0	0	0	0	630	0	0	0	276	0	568	0	178	0	0	0	196	0	504	106	0	0	0	0	0	0	0	0	0	0	270	190	0	0	0	0	
311380	Calcarine_R	0	1628	0	0	0	0	0	0	0	0	0	0	0	0	0	0	0	110	0	252	0	0	0	0	0	0	0	0	0	142	0	0	0	236	578	3322	0	1974	0	944	0	0	6356	0	5528	22108	1794	23204	162	16900	296	9214	0	5484	94	11690	0	2634	0	928	0	492	0	390	0	252	830	22874	0	816	0	0	0	0	0	0	0	0	0	0	0	100	0	0	0	7484	0	0	0	3766	92	0	0	0	0	0	0	284	204	658	0	0	0	0	0	0	0	0	0	0	1110	760	0	0	0	0	
197464	Cuneus_L	280	0	0	0	0	0	0	0	0	0	0	0	0	0	0	0	0	0	0	0	0	0	0	0	0	0	0	0	0	0	0	0	606	0	1040	308	0	166	0	104	0	0	16032	5528	0	12212	1312	1264	17392	3408	10736	616	1710	220	1038	332	920	0	2226	0	0	0	0	0	0	0	13322	5548	2082	0	0	0	0	0	0	0	0	0	0	0	0	0	0	0	0	0	0	0	0	0	0	0	0	0	0	0	0	0	0	0	0	0	0	0	0	0	0	0	0	0	330	0	0	0	0	0	
472052	Cuneus_R	164	3354	0	0	0	0	0	0	0	0	0	0	0	0	0	0	0	338	0	2148	0	0	0	0	0	0	0	0	0	228	0	0	330	1576	350	1384	0	488	0	148	0	0	4332	22108	12212	0	432	4376	980	48268	208	11518	0	1242	94	1950	0	9148	0	23818	0	12004	0	1822	0	944	5374	49292	196	3078	0	0	0	0	0	0	0	172	0	194	0	1108	0	0	0	7370	0	0	0	2836	0	0	0	0	0	0	0	0	0	0	0	0	0	0	0	0	0	0	0	0	442	0	0	0	0	0	
354564	Lingual_L	728	0	160	0	0	0	316	0	0	0	0	0	0	0	0	0	306	0	176	0	0	0	0	0	0	0	0	0	764	0	0	0	118	0	2198	0	4864	0	3866	0	0	0	18972	1794	1312	432	0	6112	4878	222	21114	0	10836	280	25056	1846	292	0	464	0	0	0	0	0	0	0	6476	340	306	0	0	0	222	0	0	0	0	300	130	0	568	0	0	0	1764	0	0	0	1474	0	9694	2018	1238	194	654	148	10216	2566	15528	3844	0	0	0	0	0	0	0	0	0	266	6614	4536	1080	0	0	0	
425784	Lingual_R	0	850	0	128	0	0	0	134	0	0	0	356	0	0	0	0	0	194	0	206	0	0	0	0	0	0	0	0	0	496	0	0	0	0	396	4358	724	8936	940	7512	0	0	3942	23204	1264	4376	6112	0	0	4042	408	2648	616	7008	4040	27102	0	578	0	0	0	0	0	0	0	0	0	10046	0	284	0	0	0	634	0	0	308	474	0	112	0	138	0	0	0	2570	0	0	0	2354	7972	1802	1644	290	604	384	5338	10516	15344	10358	154	0	294	0	196	168	0	0	116	668	14668	13888	748	0	146	104	
184652	Occipital_Sup_L	0	0	0	0	0	0	0	0	0	0	0	0	0	0	0	0	0	0	0	0	0	0	0	0	0	0	0	0	0	0	0	0	1130	0	0	0	0	0	0	0	0	0	11680	162	17392	980	4878	0	0	106	27046	0	1552	0	3048	0	684	0	8138	0	600	0	0	0	266	0	12224	1248	736	0	0	0	0	0	0	0	0	0	0	0	0	0	0	0	456	0	0	0	0	0	0	0	0	0	0	0	0	0	0	0	0	0	0	0	0	0	0	0	0	0	0	0	0	0	0	0	
423992	Occipital_Sup_R	102	2792	0	0	0	0	0	0	0	0	0	0	0	0	0	0	0	364	0	1770	0	0	0	0	0	0	0	0	0	222	0	0	0	474	0	414	0	370	0	0	0	0	2360	16900	3408	48268	222	4042	106	0	116	23168	0	1282	0	1908	0	7848	0	27674	0	11508	0	1692	0	5598	312	35074	124	1884	0	0	0	0	0	0	0	232	0	190	0	1246	0	0	0	7418	0	0	0	2908	0	0	0	0	0	0	0	0	0	0	0	0	0	0	0	0	0	0	0	0	0	0	0	0	0	0	
594980	Occipital_Mid_L	7178	0	0	0	0	0	1180	0	0	0	0	0	0	0	0	0	3700	0	0	0	0	0	0	0	0	0	0	0	4634	0	0	0	996	0	124	0	848	0	290	0	0	0	28740	296	10736	208	21114	408	27046	116	0	0	29616	0	13790	0	20448	0	19966	0	20490	0	2854	0	17480	0	12764	164	7270	0	0	0	98	0	0	0	0	0	1638	0	3596	0	0	0	29594	0	0	0	8148	0	908	0	232	0	0	0	158	0	472	0	0	0	0	0	0	0	0	0	0	0	190	0	0	0	0	0	
193432	Occipital_Mid_R	0	332	0	0	0	0	0	0	0	0	0	0	0	0	0	0	0	0	0	254	0	0	0	0	0	0	0	0	0	0	0	0	0	96	0	90	0	214	0	0	0	0	252	9214	616	11518	0	2648	0	23168	0	0	0	4702	0	3010	0	1060	0	6892	0	2382	0	0	0	9050	0	10116	0	302	0	0	0	0	0	0	0	0	0	0	0	152	0	0	0	8192	0	0	0	1656	0	0	0	0	0	0	0	94	140	218	0	0	0	0	0	0	0	0	0	0	146	202	0	0	0	0	
222748	Occipital_Inf_L	2600	0	0	0	0	0	488	0	0	0	0	0	0	0	0	0	744	0	0	0	0	0	0	0	0	0	0	0	844	0	0	0	0	0	0	0	366	0	150	0	0	0	6114	0	1710	0	10836	616	1552	0	29616	0	0	0	13950	564	4878	0	554	0	312	0	364	0	496	0	1562	0	2892	0	0	0	0	0	0	0	0	0	202	0	564	0	0	0	9484	0	0	0	4034	0	3460	958	0	0	0	0	2136	1650	3638	1516	0	0	0	0	0	0	0	0	0	0	2138	386	0	0	0	0	
105956	Occipital_Inf_R	0	234	0	0	0	0	0	0	0	0	0	0	0	0	0	0	0	0	0	232	0	0	0	0	0	0	0	0	0	124	0	0	0	0	0	0	0	664	0	232	0	0	324	5484	220	1242	280	7008	0	1282	0	4702	0	0	170	12962	0	330	0	308	0	156	0	0	0	0	0	714	0	0	0	0	0	0	0	0	0	0	0	0	0	104	0	0	0	4394	0	0	0	5836	264	298	0	0	0	0	308	920	620	1710	0	0	0	0	0	0	0	0	0	0	824	920	112	0	0	0	
566176	Fusiform_L	1038	0	2004	0	170	0	338	0	0	0	172	0	0	0	390	0	1596	0	1918	0	966	0	0	0	0	0	0	0	9740	0	100	0	110	0	358	0	18836	0	8312	0	3462	0	5034	94	1038	94	25056	4040	3048	0	13790	0	13950	170	0	1786	436	0	468	0	758	0	718	0	658	0	3140	244	754	0	894	0	4538	0	0	0	0	0	2378	0	4588	0	2984	0	10186	0	1648	0	25098	0	26020	2286	2324	240	166	0	18222	3276	35716	3964	130	0	242	0	0	0	0	0	0	128	6900	5042	1332	0	0	0	
493936	Fusiform_R	0	1554	0	1372	0	0	0	588	0	0	0	1518	0	0	0	314	0	508	102	1392	0	0	0	0	0	0	0	0	0	4942	0	0	0	98	98	880	0	25030	0	25462	0	6122	526	11690	332	1950	1846	27102	0	1908	0	3010	564	12962	1786	0	0	1080	0	262	0	278	0	0	0	0	0	2700	0	204	0	0	0	9008	0	494	0	664	0	292	0	1258	0	6050	0	7232	0	2484	0	15394	2314	7836	276	156	468	254	3904	11810	5986	18214	0	0	128	0	94	124	0	0	102	436	7816	5630	364	0	0	0	
258856	Postcentral_L	16854	0	756	0	0	0	528	0	0	0	340	0	0	0	0	0	7454	0	492	216	0	0	0	0	0	0	0	0	3718	0	0	0	160	128	514	0	924	0	0	0	0	0	4402	0	920	0	292	0	684	0	20448	0	4878	0	436	0	0	0	9978	0	16162	0	8684	0	3340	0	5806	0	9408	0	296	0	218	0	144	0	518	0	2338	0	3656	0	0	0	4254	0	0	0	482	0	0	0	0	0	0	0	0	0	0	0	0	0	0	0	0	0	0	0	0	0	0	0	0	0	0	0	
312124	Postcentral_R	150	27996	0	250	0	0	0	1636	0	0	0	1546	0	0	0	0	0	5366	200	3788	0	0	0	0	0	0	0	0	0	2396	0	0	0	1718	364	4556	132	4268	0	636	0	0	0	2634	0	9148	0	578	0	7848	0	1060	0	330	0	1080	0	0	0	13398	0	9810	0	7462	0	688	0	22726	234	11340	0	0	0	794	0	0	270	614	0	1314	0	1456	0	0	0	4324	0	0	0	3952	0	0	0	0	0	0	0	0	0	0	0	0	0	0	0	0	0	0	0	0	0	0	0	0	0	0	
134908	Parietal_Sup_L	820	0	0	0	0	0	0	0	0	0	0	0	0	0	0	0	0	0	0	0	0	0	0	0	0	0	0	0	0	0	0	0	104	0	0	0	0	0	0	0	0	0	1146	0	2226	0	464	0	8138	0	19966	0	554	0	468	0	9978	0	0	0	10874	0	534	0	722	0	9484	484	826	0	0	0	0	0	0	0	0	0	0	0	462	0	0	0	204	0	0	0	0	0	0	0	0	0	0	0	0	0	0	0	0	0	0	0	0	0	0	0	0	0	0	0	0	0	0	0	
315540	Parietal_Sup_R	198	2746	0	0	0	0	0	0	0	0	0	0	0	0	0	0	0	302	0	2182	0	0	0	0	0	0	0	0	0	190	0	0	232	1108	0	984	0	294	0	0	0	0	0	928	0	23818	0	0	0	27674	0	6892	0	308	0	262	0	13398	0	0	0	24324	0	3162	0	6046	502	30076	258	3904	0	0	0	0	0	0	0	170	0	148	0	780	0	0	0	4804	0	0	0	2080	0	0	0	0	0	0	0	0	0	0	0	0	0	0	0	0	0	0	0	0	0	0	0	0	0	0	
182140	Parietal_Inf_L	4082	0	0	0	0	0	184	0	0	0	0	0	0	0	0	0	508	0	0	0	0	0	0	0	0	0	0	0	370	0	0	0	0	0	0	0	0	0	0	0	0	0	384	0	0	0	0	0	600	0	20490	0	312	0	758	0	16162	0	10874	0	0	0	12030	0	15388	0	300	0	400	0	0	0	0	0	0	0	0	0	154	0	1352	0	0	0	5642	0	0	0	1080	0	0	0	0	0	0	0	0	0	0	0	0	0	0	0	0	0	0	0	0	0	0	0	0	0	0	0	
201508	Parietal_Inf_R	0	1256	0	0	0	0	0	0	0	0	0	0	0	0	0	0	0	94	0	914	0	0	0	0	0	0	0	0	0	0	0	0	208	872	0	98	0	314	0	0	0	0	0	492	0	12004	0	0	0	11508	0	2382	0	156	0	278	0	9810	0	24324	0	0	0	5780	0	9288	0	14310	0	1602	0	0	0	0	0	0	0	0	0	0	0	368	0	0	0	2754	0	0	0	1942	0	0	0	0	0	0	0	0	0	0	0	0	0	0	0	0	0	0	0	0	0	0	0	0	0	0	
106484	SupraMarginal_L	1892	0	0	0	0	0	0	0	0	0	0	0	0	0	0	0	3552	0	0	0	0	0	0	0	0	0	0	0	1298	0	0	0	0	0	0	0	0	0	0	0	0	0	0	0	0	0	0	0	0	0	2854	0	364	0	718	0	8684	0	534	0	12030	0	0	0	4202	0	278	0	0	0	0	0	0	0	0	0	0	0	432	0	6944	0	0	0	7310	0	0	0	2150	0	0	0	0	0	0	0	0	0	0	0	0	0	0	0	0	0	0	0	0	0	0	0	0	0	0	0	
102444	SupraMarginal_R	0	966	0	0	0	0	0	0	0	0	0	112	0	0	0	0	0	1726	0	0	0	0	0	0	0	0	0	0	0	130	0	0	0	0	0	0	0	258	0	0	0	0	0	390	0	1822	0	0	0	1692	0	0	0	0	0	0	0	7462	0	3162	0	5780	0	0	0	4420	0	2494	0	0	0	0	0	0	0	0	0	0	0	0	0	7710	0	0	0	8462	0	0	0	4636	0	0	0	0	0	0	0	0	0	0	0	0	0	0	0	0	0	0	0	0	0	0	0	0	0	0	
117036	Angular_L	730	0	0	0	0	0	90	0	0	0	0	0	0	0	0	0	288	0	0	0	0	0	0	0	0	0	0	0	310	0	0	0	0	0	0	0	0	0	0	0	0	0	110	0	0	0	0	0	266	0	17480	0	496	0	658	0	3340	0	722	0	15388	0	4202	0	0	0	134	0	456	0	0	0	0	0	0	0	0	0	114	0	1534	0	0	0	11238	0	0	0	962	0	0	0	0	0	0	0	0	0	0	0	0	0	0	0	0	0	0	0	0	0	0	0	0	0	0	0	
90400	Angular_R	0	250	0	0	0	0	0	0	0	0	0	0	0	0	0	0	0	0	0	0	0	0	0	0	0	0	0	0	0	0	0	0	0	0	0	0	0	200	0	0	0	0	0	252	0	944	0	0	0	5598	0	9050	0	0	0	0	0	688	0	6046	0	9288	0	4420	0	0	0	1110	0	0	0	0	0	0	0	0	0	0	0	0	0	2774	0	0	0	3710	0	0	0	870	0	0	0	0	0	0	0	0	0	0	0	0	0	0	0	0	0	0	0	0	0	0	0	0	0	0	
244072	Precuneus_L	1014	0	160	0	0	0	0	0	0	0	0	0	0	0	0	0	0	0	0	0	0	0	0	0	0	0	0	0	188	0	0	0	4764	404	6364	248	2576	0	1898	0	0	0	15386	830	13322	5374	6476	0	12224	312	12764	0	1562	0	3140	0	5806	0	9484	502	300	0	278	0	134	0	0	9038	6600	0	0	0	0	0	0	0	0	0	0	0	262	0	0	0	250	0	0	0	376	0	0	0	0	0	0	0	0	0	0	0	0	0	0	0	0	0	0	0	0	0	0	0	0	0	0	0	
632096	Precuneus_R	626	13038	0	142	0	0	0	130	0	0	0	166	0	0	0	0	0	440	162	7036	0	0	0	0	0	0	0	0	0	392	0	0	2606	6816	2812	14028	414	5920	0	2058	0	0	1188	22874	5548	49292	340	10046	1248	35074	164	10116	0	714	244	2700	0	22726	484	30076	0	14310	0	2494	0	1110	9038	0	732	17382	0	0	0	138	0	0	708	582	0	220	0	1232	0	0	0	11304	0	0	0	5212	0	0	0	0	0	0	0	266	0	0	0	0	0	0	0	0	0	0	0	0	1700	0	0	0	0	0	
356960	Paracentral_Lobule_L	41372	3288	3300	4400	0	0	402	0	0	0	0	0	0	0	0	0	0	0	26192	15372	0	0	0	0	0	0	0	0	186	0	0	0	3572	9862	8976	2736	1062	324	190	0	0	0	4320	0	2082	196	306	0	736	124	7270	0	2892	0	754	0	9408	234	826	258	400	0	0	0	456	0	6600	732	0	2140	2050	92	604	0	266	0	10878	1132	0	0	0	0	0	0	2060	146	0	0	178	106	0	0	0	0	0	0	0	0	0	0	0	0	0	0	0	0	0	0	0	0	0	0	0	0	0	0	
183812	Paracentral_Lobule_R	1406	12582	0	126	0	0	0	0	0	0	0	0	0	0	0	0	0	0	730	14590	0	0	0	0	0	0	0	0	0	0	0	0	1150	7420	336	8328	0	136	0	0	0	0	0	816	0	3078	0	284	0	1884	0	302	0	0	0	204	0	11340	0	3904	0	1602	0	0	0	0	0	17382	2140	0	0	0	0	0	0	0	0	134	0	0	0	92	0	0	0	1334	0	0	0	606	0	0	0	0	0	0	0	0	0	0	0	0	0	0	0	0	0	0	0	0	0	0	0	0	0	0	
276128	Caudate_L	3766	2570	8886	3598	2124	170	2960	1282	338	0	1606	0	3034	0	2186	0	232	0	9684	2948	5484	5628	3190	0	822	0	1548	264	7524	102	8036	3368	124	168	0	0	2136	0	454	0	0	0	0	0	0	0	0	0	0	0	0	0	0	0	894	0	296	0	0	0	0	0	0	0	0	0	0	0	2050	0	0	16164	17590	1188	2500	182	9224	2902	0	0	332	0	108	0	122	0	0	0	280	0	0	0	0	0	0	0	0	0	0	0	0	0	0	0	0	0	0	0	0	0	0	0	0	0	0	0	
343076	Caudate_R	202	370	1486	16932	0	4910	1034	982	0	0	296	134	642	314	524	532	0	0	4812	21098	3638	7454	180	5426	134	7808	418	2154	1126	1166	7104	22770	92	2898	0	0	108	194	0	160	0	0	0	0	0	0	0	0	0	0	0	0	0	0	0	0	0	0	0	0	0	0	0	0	0	0	0	0	92	0	16164	0	5084	14290	1238	1148	1238	15186	0	0	0	0	0	0	0	0	0	0	0	0	0	0	0	0	0	0	0	0	0	0	0	0	0	0	0	0	0	0	0	0	0	0	0	0	0	0	
303112	Putamen_L	2736	0	19220	222	4520	96	3900	0	1482	0	1506	0	3796	0	5988	0	352	0	12776	128	4084	3478	3626	0	562	0	1048	156	19530	0	6162	1964	328	162	0	0	10400	0	1878	0	874	0	0	0	0	0	222	0	0	0	98	0	0	0	4538	0	218	0	0	0	0	0	0	0	0	0	0	0	604	0	17590	5084	0	1018	5772	104	938	132	136	0	1002	0	626	0	412	0	0	0	2088	0	0	0	0	0	0	0	0	0	0	0	0	0	0	0	0	0	0	0	0	0	0	0	0	0	0	0	
342856	Putamen_R	0	3024	432	17712	0	4362	0	4492	0	0	0	5872	0	2034	0	3470	0	2846	2586	11982	966	1728	106	2606	0	4890	0	1070	0	19442	2416	9356	98	1032	0	138	0	18426	0	14890	0	1256	0	0	0	0	0	634	0	0	0	0	0	0	0	9008	0	794	0	0	0	0	0	0	0	0	0	138	0	0	1188	14290	1018	0	0	2204	90	2956	0	0	0	308	0	158	0	382	0	0	0	840	0	0	0	0	0	0	0	188	0	0	0	0	0	0	0	0	0	0	0	0	0	0	0	0	0	0	
48676	Pallidum_L	1840	0	4228	0	0	0	0	0	0	0	0	0	0	0	0	0	206	0	5000	0	220	838	0	0	0	0	0	0	210	0	0	0	0	0	0	0	432	0	0	0	0	0	0	0	0	0	0	0	0	0	0	0	0	0	0	0	144	0	0	0	0	0	0	0	0	0	0	0	266	0	2500	1238	5772	0	0	0	1338	106	0	0	0	0	0	0	0	0	0	0	0	0	0	0	0	0	0	0	0	0	0	0	0	0	0	0	0	0	0	0	0	0	0	0	0	0	0	0	
20984	Pallidum_R	0	0	136	2042	0	0	0	0	0	0	0	0	0	0	0	0	0	0	154	2172	0	0	0	0	0	0	0	0	0	0	0	0	0	0	0	0	0	890	0	872	0	0	0	0	0	0	0	0	0	0	0	0	0	0	0	494	0	0	0	0	0	0	0	0	0	0	0	0	0	0	182	1148	104	2204	0	0	0	94	0	0	0	0	0	0	0	0	0	0	0	0	0	0	0	0	0	0	0	0	0	0	0	0	0	0	0	0	0	0	0	0	0	0	0	0	0	0	
166020	Thalamus_L	13158	3684	4726	2144	0	0	1092	174	0	0	0	238	0	0	0	0	0	0	12258	2018	0	0	0	0	0	0	0	0	176	258	0	0	0	128	2636	3388	2360	2664	136	310	0	0	0	0	0	0	0	308	0	0	0	0	0	0	0	0	518	270	0	0	0	0	0	0	0	0	0	708	10878	0	9224	1238	938	90	1338	0	0	5952	0	0	0	0	0	0	0	0	0	0	0	0	0	0	0	0	0	0	0	0	0	0	0	0	0	0	0	0	0	0	0	0	0	0	0	0	0	0	
179936	Thalamus_R	1376	5202	964	11840	0	0	406	808	0	0	0	2312	0	0	0	0	0	584	1944	17792	0	0	0	94	0	0	0	0	104	1858	0	338	0	226	864	3058	464	5218	132	1376	0	0	0	0	0	172	300	474	0	232	0	0	0	0	0	664	0	614	0	170	0	0	0	0	0	0	0	582	1132	134	2902	15186	132	2956	106	94	5952	0	0	0	0	114	0	0	0	484	0	0	0	608	0	0	0	0	0	0	0	0	0	0	0	0	0	0	0	0	0	0	0	0	0	0	0	0	0	0	
121328	Heschl_L	2988	0	2178	0	0	0	1338	0	0	0	1054	0	0	0	0	0	7872	0	1454	0	0	0	0	0	0	0	0	0	13740	0	0	0	0	0	136	0	4228	0	174	0	0	0	0	0	0	0	130	0	0	0	1638	0	202	0	2378	0	2338	0	0	0	154	0	432	0	114	0	0	0	0	0	0	0	136	0	0	0	0	0	0	0	5686	0	0	0	9020	0	0	0	3274	0	0	0	0	0	0	0	0	0	0	0	0	0	0	0	0	0	0	0	0	0	0	0	0	0	0	0	
37032	Heschl_R	0	574	0	146	0	0	0	90	0	0	0	114	0	0	0	0	0	4180	0	208	0	0	0	0	0	0	0	0	0	2702	0	0	0	0	0	0	0	800	0	0	0	0	0	0	0	194	0	112	0	190	0	0	0	0	0	292	0	1314	0	148	0	0	0	0	0	0	0	220	0	0	0	0	0	0	0	0	0	0	0	0	0	5116	0	478	0	1038	0	0	0	600	0	0	0	0	0	0	0	0	0	0	0	0	0	0	0	0	0	0	0	0	0	0	0	0	0	0	
285852	Temporal_Sup_L	4828	0	6608	0	0	0	3782	0	0	0	8248	0	1956	0	0	0	16776	0	6526	0	0	0	0	0	0	0	0	0	20054	0	0	0	0	0	0	0	4316	0	716	0	0	0	0	0	0	0	568	0	0	0	3596	0	564	0	4588	0	3656	0	462	0	1352	0	6944	0	1534	0	262	0	0	0	332	0	1002	0	0	0	0	0	5686	0	0	0	4528	0	24178	0	184	0	9680	0	0	0	0	0	0	0	0	0	0	0	0	0	0	0	0	0	0	0	0	0	0	0	0	0	0	0	
129076	Temporal_Sup_R	0	2088	0	350	0	0	0	388	0	0	0	800	0	0	0	388	0	4066	0	410	0	0	0	0	0	0	0	0	0	5202	0	0	0	0	0	0	0	1200	0	352	0	0	0	100	0	1108	0	138	0	1246	0	152	0	104	0	1258	0	1456	0	780	0	368	0	7710	0	2774	0	1232	0	92	0	0	0	308	0	0	0	114	0	5116	0	0	0	4050	0	17006	0	1090	0	3092	0	0	0	0	0	0	0	0	0	0	0	0	0	0	0	0	0	0	0	0	0	0	0	0	0	0	
99084	Temporal_Pole_Sup_L	722	0	2300	0	442	0	706	0	0	0	3770	0	690	0	1066	0	2616	0	2084	0	1062	0	0	0	0	0	0	0	5548	0	0	0	0	0	0	0	986	0	1426	0	1682	0	0	0	0	0	0	0	0	0	0	0	0	0	2984	0	0	0	0	0	0	0	0	0	0	0	0	0	0	0	108	0	626	0	0	0	0	0	0	0	4528	0	0	0	6002	0	4828	0	5366	0	0	0	0	0	0	0	0	0	0	0	0	0	0	0	0	0	0	0	0	0	0	0	0	0	0	0	
59204	Temporal_Pole_Sup_R	0	0	0	0	0	0	0	0	0	0	0	414	0	0	0	760	0	512	0	0	0	0	0	0	0	0	0	0	0	2558	0	0	0	0	0	0	0	610	0	3052	0	2014	0	0	0	0	0	0	0	0	0	0	0	0	0	6050	0	0	0	0	0	0	0	0	0	0	0	0	0	0	0	0	0	158	0	0	0	0	0	478	0	4050	0	0	0	2730	0	4460	0	1756	0	0	0	0	0	0	0	0	0	0	0	0	0	0	0	0	0	0	0	0	0	0	0	0	0	0	
368116	Temporal_Mid_L	3594	0	382	0	0	0	946	0	0	0	0	0	0	0	0	0	7180	0	358	0	0	0	0	0	0	0	0	0	8442	0	0	0	0	0	0	0	3256	0	438	0	0	0	630	0	0	0	1764	0	456	0	29594	0	9484	0	10186	0	4254	0	204	0	5642	0	7310	0	11238	0	250	0	2060	0	122	0	412	0	0	0	0	0	9020	0	24178	0	6002	0	0	0	3772	0	32738	0	146	0	0	0	0	0	0	0	0	0	0	0	0	0	0	0	0	0	0	0	0	0	0	0	0	0	
314792	Temporal_Mid_R	140	3986	0	266	0	0	0	128	0	0	0	136	0	0	0	212	0	1000	100	2276	0	0	0	0	0	0	0	0	0	2190	0	0	0	544	0	1102	0	3246	0	1544	0	0	0	7484	0	7370	0	2570	0	7418	0	8192	0	4394	0	7232	0	4324	0	4804	0	2754	0	8462	0	3710	0	11304	146	1334	0	0	0	382	0	0	0	484	0	1038	0	17006	0	2730	0	0	0	3504	0	33884	0	0	0	0	0	0	0	0	0	0	0	0	0	0	0	0	0	0	0	0	0	0	0	0	0	0	
29588	Temporal_Pole_Mid_L	0	0	0	0	0	0	0	0	0	0	0	0	0	0	0	0	0	0	0	0	0	0	0	0	0	0	0	0	128	0	0	0	0	0	0	0	90	0	632	0	268	0	0	0	0	0	0	0	0	0	0	0	0	0	1648	0	0	0	0	0	0	0	0	0	0	0	0	0	0	0	0	0	0	0	0	0	0	0	0	0	184	0	4828	0	3772	0	0	0	3244	0	0	0	0	0	0	0	0	0	0	0	0	0	0	0	0	0	0	0	0	0	0	0	0	0	0	0	
29072	Temporal_Pole_Mid_R	0	0	0	0	0	0	0	0	0	0	0	0	0	0	0	0	0	0	0	0	0	0	0	0	0	0	0	0	0	0	0	0	0	0	0	0	0	92	0	596	0	122	0	0	0	0	0	0	0	0	0	0	0	0	0	2484	0	0	0	0	0	0	0	0	0	0	0	0	0	0	0	0	0	0	0	0	0	0	0	0	0	1090	0	4460	0	3504	0	0	0	2188	0	0	0	0	0	0	0	0	0	0	0	0	0	0	0	0	0	0	0	0	0	0	0	0	0	0	
259236	Temporal_Inf_L	410	0	1422	0	0	0	112	0	0	0	0	0	0	0	0	0	3574	0	1412	0	0	0	0	0	0	0	0	0	7724	0	0	0	0	0	0	0	9690	0	1672	0	644	0	276	0	0	0	1474	0	0	0	8148	0	4034	0	25098	0	482	0	0	0	1080	0	2150	0	962	0	376	0	178	0	280	0	2088	0	0	0	0	0	3274	0	9680	0	5366	0	32738	0	3244	0	0	0	1546	0	0	0	0	0	0	0	484	0	0	0	0	0	0	0	0	0	0	0	0	0	0	0	0	0	
229012	Temporal_Inf_R	104	3096	0	206	0	0	0	0	0	0	0	628	0	0	0	0	0	778	0	1432	0	0	0	0	0	0	0	0	0	2568	0	0	0	340	0	904	0	5116	0	1224	0	160	0	3766	0	2836	0	2354	0	2908	0	1656	0	5836	0	15394	0	3952	0	2080	0	1942	0	4636	0	870	0	5212	106	606	0	0	0	840	0	0	0	608	0	600	0	3092	0	1756	0	33884	0	2188	0	0	0	442	0	0	0	0	0	0	0	386	0	0	0	0	0	0	0	0	0	0	0	0	0	0	0	0	
489980	Cerebelum_Crus1_L	0	0	0	0	0	0	0	0	0	0	0	0	0	0	0	0	0	0	0	0	0	0	0	0	0	0	0	0	102	0	0	0	0	0	0	0	358	0	1054	0	0	0	568	92	0	0	9694	7972	0	0	908	0	3460	264	26020	2314	0	0	0	0	0	0	0	0	0	0	0	0	0	0	0	0	0	0	0	0	0	0	0	0	0	0	0	0	146	0	0	0	1546	0	0	3444	33832	3234	818	0	25330	4696	60756	5750	10588	718	12804	350	1090	104	0	0	300	496	10964	8568	6100	360	190	0	
386956	Cerebelum_Crus1_R	0	0	0	0	0	0	0	0	0	0	0	0	0	0	0	0	0	0	0	0	0	0	0	0	0	0	0	0	0	0	0	0	0	0	0	0	0	0	0	0	0	0	0	0	0	0	2018	1802	0	0	0	0	958	298	2286	7836	0	0	0	0	0	0	0	0	0	0	0	0	0	0	0	0	0	0	0	0	0	0	0	0	0	0	0	0	0	0	0	0	0	442	3444	0	1240	23288	826	5064	4422	19584	6698	55444	1060	1928	1660	13032	1190	1470	0	0	184	3004	10156	11002	10624	1414	1104	0	
295008	Cerebelum_Crus2_L	0	0	0	0	0	0	0	0	0	0	0	0	0	0	0	0	0	0	0	0	0	0	0	0	0	0	0	0	0	0	0	0	0	0	0	0	124	0	444	0	0	0	178	0	0	0	1238	1644	0	0	232	0	0	0	2324	276	0	0	0	0	0	0	0	0	0	0	0	0	0	0	0	0	0	0	0	0	0	0	0	0	0	0	0	0	0	0	0	0	0	0	33832	1240	0	7254	194	0	2802	290	12950	1418	28428	5318	25354	3476	1414	0	0	0	0	0	920	2392	9794	3818	150	0	
220432	Cerebelum_Crus2_R	0	0	0	0	0	0	0	0	0	0	0	0	0	0	0	0	0	0	0	0	0	0	0	0	0	0	0	0	0	0	0	0	0	0	0	0	0	0	0	0	0	0	0	0	0	0	194	290	0	0	0	0	0	0	240	156	0	0	0	0	0	0	0	0	0	0	0	0	0	0	0	0	0	0	0	0	0	0	0	0	0	0	0	0	0	0	0	0	0	0	3234	23288	7254	0	0	242	174	308	1114	4916	6012	13938	5646	21688	164	1950	0	0	0	198	222	1970	12668	3602	748	0	
57424	Cerebelum_3_L	0	0	0	0	0	0	0	0	0	0	0	0	0	0	0	0	0	0	0	0	0	0	0	0	0	0	0	0	0	0	0	0	0	0	0	0	0	0	466	0	0	0	0	0	0	0	654	604	0	0	0	0	0	0	166	468	0	0	0	0	0	0	0	0	0	0	0	0	0	0	0	0	0	0	0	0	0	0	0	0	0	0	0	0	0	0	0	0	0	0	818	826	194	0	0	496	8374	262	3872	1386	0	0	202	0	1820	438	0	0	912	1928	2000	1752	300	324	450	0	
73856	Cerebelum_3_R	0	0	0	0	0	0	0	0	0	0	0	0	0	0	0	0	0	0	0	0	0	0	0	0	0	0	0	0	0	0	0	0	0	0	0	0	0	0	230	0	0	0	0	0	0	0	148	384	0	0	0	0	0	0	0	254	0	0	0	0	0	0	0	0	0	0	0	0	0	0	0	0	0	0	0	0	0	0	0	0	0	0	0	0	0	0	0	0	0	0	0	5064	0	242	496	0	734	6316	488	8516	0	0	0	506	398	1620	0	0	138	6556	1298	1004	586	648	1108	194	
381456	Cerebelum_4_5_L	0	0	0	0	0	0	0	0	0	0	0	0	0	0	0	0	0	0	0	0	0	0	0	0	0	0	0	0	0	0	0	0	0	0	0	0	690	0	2518	0	0	0	196	0	0	0	10216	5338	0	0	158	0	2136	308	18222	3904	0	0	0	0	0	0	0	0	0	0	0	0	0	0	0	0	0	0	0	0	0	0	0	0	0	0	0	0	0	0	0	0	0	0	25330	4422	2802	174	8374	734	0	6700	44624	8498	714	0	2060	184	4524	1162	0	0	2092	4052	21850	5548	686	592	1238	682	
272604	Cerebelum_4_5_R	0	92	0	0	0	0	0	0	0	0	0	0	0	0	0	0	0	0	0	0	0	0	0	0	0	0	0	0	0	0	0	0	0	0	0	0	0	1544	0	2722	0	0	0	284	0	0	2566	10516	0	0	0	94	1650	920	3276	11810	0	0	0	0	0	0	0	0	0	0	0	266	0	0	0	0	0	188	0	0	0	0	0	0	0	0	0	0	0	0	0	0	0	0	4696	19584	290	308	262	6316	6700	0	7746	32128	0	0	112	290	0	300	0	0	0	1966	17202	1360	558	286	270	0	
590872	Cerebelum_6_L	0	0	0	0	0	0	0	0	0	0	0	0	0	0	0	0	0	0	0	0	0	0	0	0	0	0	0	0	140	0	0	0	0	0	0	0	782	0	1954	0	0	0	504	204	0	0	15528	15344	0	0	472	140	3638	620	35716	5986	0	0	0	0	0	0	0	0	0	0	0	0	0	0	0	0	0	0	0	0	0	0	0	0	0	0	0	0	0	0	0	0	484	0	60756	6698	12950	1114	3872	488	44624	7746	0	13426	2438	0	4436	244	3390	852	0	0	726	1740	22102	18944	5352	772	1034	220	
463500	Cerebelum_6_R	0	0	0	0	0	0	0	0	0	0	0	0	0	0	0	0	0	0	0	0	0	0	0	0	0	0	0	0	0	0	0	0	0	0	0	0	0	260	0	324	0	0	106	658	0	0	3844	10358	0	0	0	218	1516	1710	3964	18214	0	0	0	0	0	0	0	0	0	0	0	0	0	0	0	0	0	0	0	0	0	0	0	0	0	0	0	0	0	0	0	0	0	386	5750	55444	1418	4916	1386	8516	8498	32128	13426	0	256	0	772	3000	1494	1504	0	0	314	4126	18292	17662	8682	1348	1170	90	
230356	Cerebelum_7b_L	0	0	0	0	0	0	0	0	0	0	0	0	0	0	0	0	0	0	0	0	0	0	0	0	0	0	0	0	0	0	0	0	0	0	0	0	0	0	0	0	0	0	0	0	0	0	0	154	0	0	0	0	0	0	130	0	0	0	0	0	0	0	0	0	0	0	0	0	0	0	0	0	0	0	0	0	0	0	0	0	0	0	0	0	0	0	0	0	0	0	10588	1060	28428	6012	0	0	714	0	2438	256	0	4682	35430	4988	5432	0	0	0	0	0	244	332	8538	5606	146	0	
116700	Cerebelum_7b_R	0	0	0	0	0	0	0	0	0	0	0	0	0	0	0	0	0	0	0	0	0	0	0	0	0	0	0	0	0	0	0	0	0	0	0	0	0	0	0	0	0	0	0	0	0	0	0	0	0	0	0	0	0	0	0	0	0	0	0	0	0	0	0	0	0	0	0	0	0	0	0	0	0	0	0	0	0	0	0	0	0	0	0	0	0	0	0	0	0	0	718	1928	5318	13938	0	0	0	0	0	0	4682	0	4236	15724	0	3214	0	0	0	0	0	0	4508	3858	226	0	
278580	Cerebelum_8_L	0	0	0	0	0	0	0	0	0	0	0	0	0	0	0	0	0	0	0	0	0	0	0	0	0	0	0	0	0	0	0	0	0	0	0	0	0	0	90	0	0	0	0	0	0	0	0	294	0	0	0	0	0	0	242	128	0	0	0	0	0	0	0	0	0	0	0	0	0	0	0	0	0	0	0	0	0	0	0	0	0	0	0	0	0	0	0	0	0	0	12804	1660	25354	5646	202	0	2060	112	4436	772	35430	4236	0	7088	16614	702	1080	0	0	164	452	1024	8950	8458	1292	0	
202940	Cerebelum_8_R	0	0	0	0	0	0	0	0	0	0	0	0	0	0	0	0	0	0	0	0	0	0	0	0	0	0	0	0	0	0	0	0	0	0	0	0	0	0	0	0	0	0	0	0	0	0	0	0	0	0	0	0	0	0	0	0	0	0	0	0	0	0	0	0	0	0	0	0	0	0	0	0	0	0	0	0	0	0	0	0	0	0	0	0	0	0	0	0	0	0	350	13032	3476	21688	0	506	184	290	244	3000	4988	15724	7088	0	668	14332	0	134	0	372	118	474	4742	8082	1888	90	
106908	Cerebelum_9_L	0	0	0	0	0	0	0	0	0	0	0	0	0	0	0	0	0	0	0	0	0	0	0	0	0	0	0	0	0	0	0	0	0	0	0	0	0	0	0	0	0	0	0	0	0	0	0	196	0	0	0	0	0	0	0	94	0	0	0	0	0	0	0	0	0	0	0	0	0	0	0	0	0	0	0	0	0	0	0	0	0	0	0	0	0	0	0	0	0	0	1090	1190	1414	164	1820	398	4524	0	3390	1494	5432	0	16614	668	0	2234	1678	0	112	536	1330	2842	810	1784	2918	722	
99036	Cerebelum_9_R	0	0	0	0	0	0	0	0	0	0	0	0	0	0	0	0	0	0	0	0	0	0	0	0	0	0	0	0	0	0	0	0	0	0	0	0	0	0	0	0	0	0	0	0	0	0	0	168	0	0	0	0	0	0	0	124	0	0	0	0	0	0	0	0	0	0	0	0	0	0	0	0	0	0	0	0	0	0	0	0	0	0	0	0	0	0	0	0	0	0	104	1470	0	1950	438	1620	1162	300	852	1504	0	3214	702	14332	2234	0	0	304	466	1872	1524	2658	1684	3464	5740	1632	
5516	Cerebelum_10_L	0	0	0	0	0	0	0	0	0	0	0	0	0	0	0	0	0	0	0	0	0	0	0	0	0	0	0	0	0	0	0	0	0	0	0	0	0	0	0	0	0	0	0	0	0	0	0	0	0	0	0	0	0	0	0	0	0	0	0	0	0	0	0	0	0	0	0	0	0	0	0	0	0	0	0	0	0	0	0	0	0	0	0	0	0	0	0	0	0	0	0	0	0	0	0	0	0	0	0	0	0	0	1080	0	1678	0	0	0	0	0	0	0	0	0	0	0	
876	Cerebelum_10_R	0	0	0	0	0	0	0	0	0	0	0	0	0	0	0	0	0	0	0	0	0	0	0	0	0	0	0	0	0	0	0	0	0	0	0	0	0	0	0	0	0	0	0	0	0	0	0	0	0	0	0	0	0	0	0	0	0	0	0	0	0	0	0	0	0	0	0	0	0	0	0	0	0	0	0	0	0	0	0	0	0	0	0	0	0	0	0	0	0	0	0	0	0	0	0	0	0	0	0	0	0	0	0	134	0	304	0	0	0	0	0	0	0	0	0	0	
25616	Vermis_1_2	0	0	0	0	0	0	0	0	0	0	0	0	0	0	0	0	0	0	0	0	0	0	0	0	0	0	0	0	0	0	0	0	0	0	0	0	0	0	0	0	0	0	0	0	0	0	0	116	0	0	0	0	0	0	0	102	0	0	0	0	0	0	0	0	0	0	0	0	0	0	0	0	0	0	0	0	0	0	0	0	0	0	0	0	0	0	0	0	0	0	300	184	0	0	912	138	2092	0	726	314	0	0	0	0	112	466	0	0	0	4374	2192	388	0	162	230	0	
84904	Vermis_3	0	0	0	0	0	0	0	0	0	0	0	0	0	0	0	0	0	0	0	0	0	0	0	0	0	0	0	0	0	0	0	0	0	0	0	0	182	0	748	0	0	0	0	0	0	0	266	668	0	0	0	0	0	0	128	436	0	0	0	0	0	0	0	0	0	0	0	0	0	0	0	0	0	0	0	0	0	0	0	0	0	0	0	0	0	0	0	0	0	0	496	3004	0	198	1928	6556	4052	1966	1740	4126	0	0	164	372	536	1872	0	0	4374	0	4556	1578	410	632	1204	260	
352292	Vermis_4_5	0	0	0	0	0	0	0	0	0	0	0	0	0	0	0	0	0	0	0	0	0	0	0	0	0	0	0	0	0	0	0	0	0	0	120	948	0	922	0	440	0	0	270	1110	330	442	6614	14668	0	0	190	146	2138	824	6900	7816	0	0	0	0	0	0	0	0	0	0	0	1700	0	0	0	0	0	0	0	0	0	0	0	0	0	0	0	0	0	0	0	0	0	0	10964	10156	920	222	2000	1298	21850	17202	22102	18292	244	0	452	118	1330	1524	0	0	2192	4556	0	11216	408	344	1644	1534	
271744	Vermis_6	0	0	0	0	0	0	0	0	0	0	0	0	0	0	0	0	0	0	0	0	0	0	0	0	0	0	0	0	0	0	0	0	0	0	0	0	0	0	0	0	0	0	190	760	0	0	4536	13888	0	0	0	202	386	920	5042	5630	0	0	0	0	0	0	0	0	0	0	0	0	0	0	0	0	0	0	0	0	0	0	0	0	0	0	0	0	0	0	0	0	0	0	8568	11002	2392	1970	1752	1004	5548	1360	18944	17662	332	0	1024	474	2842	2658	0	0	388	1578	11216	0	7014	1682	3112	1796	
