data	data	497004	234572	1.13348e+06	962468	222028	169880	608020	282320	78288	32784	290980	342016	367748	149196	156192	93540	188628	175092	765800	720220	127844	131424	557272	560924	84180	85756	114352	105252	575244	418420	522680	593232	131220	547452	145684	125084	296732	257028	96244	149460	67588	50696	133304	253280	121924	318180	202660	217640	178588	363476	516592	203768	129404	46068	349548	345300	257860	226296	193840	248284	184388	93532	59908	52460	137864	50124	428056	431952	336528	170356	407980	391632	326316	322412	57676	34760	186092	146068	113356	16336	171860	97616	79048	49128	313360	220748	24000	15952	243348	158104	495772	352000	403512	308712	34380	55964	248820	199548	420248	390228	292628	209092	326732	288132	151044	120144	43788	12480	18128	51812	164084	185588	275828	113404	85816	20460	
data	data	Precentral_L	Precentral_R	Frontal_Sup_L	Frontal_Sup_R	Frontal_Sup_Orb_L	Frontal_Sup_Orb_R	Frontal_Mid_L	Frontal_Mid_R	Frontal_Mid_Orb_L	Frontal_Mid_Orb_R	Frontal_Inf_Oper_L	Frontal_Inf_Oper_R	Frontal_Inf_Tri_L	Frontal_Inf_Tri_R	Frontal_Inf_Orb_L	Frontal_Inf_Orb_R	Rolandic_Oper_L	Rolandic_Oper_R	Supp_Motor_Area_L	Supp_Motor_Area_R	Olfactory_L	Olfactory_R	Frontal_Sup_Medial_L	Frontal_Sup_Medial_R	Frontal_Med_Orb_L	Frontal_Med_Orb_R	Rectus_L	Rectus_R	Insula_L	Insula_R	Cingulum_Ant_L	Cingulum_Ant_R	Cingulum_Mid_L	Cingulum_Mid_R	Cingulum_Post_L	Cingulum_Post_R	Hippocampus_L	Hippocampus_R	ParaHippocampal_L	ParaHippocampal_R	Amygdala_L	Amygdala_R	Calcarine_L	Calcarine_R	Cuneus_L	Cuneus_R	Lingual_L	Lingual_R	Occipital_Sup_L	Occipital_Sup_R	Occipital_Mid_L	Occipital_Mid_R	Occipital_Inf_L	Occipital_Inf_R	Fusiform_L	Fusiform_R	Postcentral_L	Postcentral_R	Parietal_Sup_L	Parietal_Sup_R	Parietal_Inf_L	Parietal_Inf_R	SupraMarginal_L	SupraMarginal_R	Angular_L	Angular_R	Precuneus_L	Precuneus_R	Paracentral_Lobule_L	Paracentral_Lobule_R	Caudate_L	Caudate_R	Putamen_L	Putamen_R	Pallidum_L	Pallidum_R	Thalamus_L	Thalamus_R	Heschl_L	Heschl_R	Temporal_Sup_L	Temporal_Sup_R	Temporal_Pole_Sup_L	Temporal_Pole_Sup_R	Temporal_Mid_L	Temporal_Mid_R	Temporal_Pole_Mid_L	Temporal_Pole_Mid_R	Temporal_Inf_L	Temporal_Inf_R	Cerebelum_Crus1_L	Cerebelum_Crus1_R	Cerebelum_Crus2_L	Cerebelum_Crus2_R	Cerebelum_3_L	Cerebelum_3_R	Cerebelum_4_5_L	Cerebelum_4_5_R	Cerebelum_6_L	Cerebelum_6_R	Cerebelum_7b_L	Cerebelum_7b_R	Cerebelum_8_L	Cerebelum_8_R	Cerebelum_9_L	Cerebelum_9_R	Cerebelum_10_L	Cerebelum_10_R	Vermis_1_2	Vermis_3	Vermis_4_5	Vermis_6	Vermis_7	Vermis_8	Vermis_9	Vermis_10	
497004	Precentral_L	0	7496	30672	4298	0	0	32820	1460	0	0	10936	574	4280	0	0	0	9306	232	19614	8458	0	0	454	248	0	0	0	0	12550	352	1252	314	534	4276	5588	0	5228	120	104	0	0	0	168	0	0	0	0	0	224	0	1058	0	0	0	272	0	22688	156	318	0	1218	0	114	0	372	0	2780	0	20232	1938	9720	862	8084	362	4172	142	6498	584	3432	0	1106	0	278	0	188	0	0	0	370	0	0	0	0	0	0	0	0	0	0	0	0	0	0	0	0	0	0	0	0	0	0	0	0	0	0	0	
234572	Precentral_R	7496	0	1406	11636	0	0	1756	7824	0	0	0	5696	0	0	0	0	104	1328	3216	8984	0	0	0	0	0	0	0	0	186	2042	0	118	500	4804	612	1910	0	2642	0	274	0	0	0	1318	0	1762	0	0	0	1670	92	294	0	0	0	460	632	12262	86	1154	96	332	0	274	0	0	766	3148	5150	8432	1340	3148	114	2534	0	278	874	3694	0	252	0	1024	0	0	0	1140	0	0	0	2426	0	0	0	0	0	0	0	0	0	0	0	0	0	0	0	0	0	0	0	0	0	0	0	0	0	0	
1.13348e+06	Frontal_Sup_L	30672	1406	0	24346	12782	0	80128	1688	3426	0	16458	3572	26246	1954	7368	0	7894	834	80154	29976	388	0	49392	15004	2170	0	496	0	28654	2360	29866	11890	3390	17446	1370	0	3718	132	366	0	178	0	0	0	0	0	0	0	0	0	136	0	0	0	850	0	2534	0	0	0	220	0	0	0	0	0	726	0	13124	0	13148	1484	20150	696	5318	264	7258	226	1768	0	1514	0	732	0	0	0	0	0	870	0	0	0	0	0	0	0	0	0	0	0	0	0	0	0	0	0	0	0	0	0	0	0	0	0	0	0	
962468	Frontal_Sup_R	4298	11636	24346	0	0	11926	9406	46982	0	1000	830	13252	1304	6594	0	5384	396	9600	24924	57762	0	964	15622	51480	88	3660	0	1436	1608	21764	8788	39646	1064	23454	412	658	382	3892	0	580	0	176	0	0	0	0	0	0	0	0	234	0	0	0	0	640	726	1682	94	0	118	0	0	0	0	0	162	116	1288	128	7180	28982	1308	19022	158	3582	920	8062	660	0	182	140	0	0	140	114	0	0	0	282	0	0	0	0	0	0	0	0	0	0	0	0	0	0	0	0	0	0	0	0	0	0	0	0	0	0	
222028	Frontal_Sup_Orb_L	0	0	12782	0	0	204	4640	0	10434	0	120	0	3700	0	14698	0	0	0	0	0	5460	2516	8736	0	7430	320	9630	1366	8510	0	7654	1444	0	0	0	0	94	0	690	0	1182	0	0	0	0	0	0	0	0	0	0	0	0	0	0	0	0	0	0	0	0	0	0	0	0	0	0	0	0	0	4306	394	3648	0	0	0	0	0	0	0	0	0	1056	0	0	0	0	0	0	0	0	0	0	0	0	0	0	0	0	0	0	0	0	0	0	0	0	0	0	0	0	0	0	0	0	0	
169880	Frontal_Sup_Orb_R	0	0	0	11926	204	0	0	3190	0	4828	0	1172	0	678	0	8760	0	0	176	830	712	3448	102	6166	500	8762	502	9564	0	6244	478	5426	0	388	0	0	0	84	0	0	0	420	0	0	0	0	0	0	0	0	0	0	0	0	0	0	0	0	0	0	0	0	0	0	0	0	0	0	0	0	800	5038	0	4216	0	0	0	154	0	0	0	0	0	172	0	0	0	0	0	0	0	0	0	0	0	0	0	0	0	0	0	0	0	0	0	0	0	0	0	0	0	0	0	0	0	0	
608020	Frontal_Mid_L	32820	1756	80128	9406	4640	0	0	1642	3824	0	14262	1440	37054	1080	4662	0	4458	288	13980	6532	286	0	17792	7390	314	0	0	0	20636	878	7270	4218	1642	7182	968	0	1716	0	188	0	242	0	0	0	0	0	0	0	0	0	162	0	0	0	242	0	1980	0	0	0	90	0	0	0	0	0	796	0	452	0	2712	804	3722	468	242	182	262	274	1182	0	710	0	740	0	128	0	0	0	168	0	0	0	0	0	0	0	0	0	0	0	0	0	0	0	0	0	0	0	0	0	0	0	0	0	0	0	
282320	Frontal_Mid_R	1460	7824	1688	46982	0	3190	1642	0	0	1276	220	9978	240	9642	0	3310	0	3610	2340	5312	0	0	2278	6064	0	0	0	90	592	5616	1332	3900	150	3382	248	634	0	2328	0	286	0	0	0	0	0	0	0	0	0	0	98	0	0	0	0	182	376	224	92	0	104	0	0	0	0	0	0	0	254	0	1932	4014	106	3056	0	606	648	3768	0	0	0	0	0	0	0	0	0	0	0	86	0	0	0	0	0	0	0	0	0	0	0	0	0	0	0	0	0	0	0	0	0	0	0	0	0	0	
78288	Frontal_Mid_Orb_L	0	0	3426	0	10434	0	3824	0	0	0	0	0	3732	0	12020	0	0	0	0	0	108	0	1314	0	1372	0	1234	0	1116	0	342	0	0	0	0	0	0	0	0	0	0	0	0	0	0	0	0	0	0	0	0	0	0	0	0	0	0	0	0	0	0	0	0	0	0	0	0	0	0	0	0	0	0	0	0	0	0	0	0	0	0	0	222	0	0	0	0	0	0	0	0	0	0	0	0	0	0	0	0	0	0	0	0	0	0	0	0	0	0	0	0	0	0	0	0	0	
32784	Frontal_Mid_Orb_R	0	0	0	1000	0	4828	0	1276	0	0	0	0	0	478	0	6278	0	0	0	0	0	128	0	0	0	452	0	852	0	880	0	0	0	0	0	0	0	0	0	0	0	0	0	0	0	0	0	0	0	0	0	0	0	0	0	0	0	0	0	0	0	0	0	0	0	0	0	0	0	0	0	0	0	220	0	0	0	0	0	0	0	0	0	0	0	0	0	0	0	0	0	0	0	0	0	0	0	0	0	0	0	0	0	0	0	0	0	0	0	0	0	0	0	0	0	0	
290980	Frontal_Inf_Oper_L	10936	0	16458	830	120	0	14262	220	0	0	0	4628	25988	116	128	0	7886	3042	9754	760	0	0	4184	1654	0	0	0	0	17382	3760	5460	722	274	752	414	0	580	96	0	0	0	0	0	0	0	0	0	0	0	0	0	0	0	0	146	0	1202	0	0	0	0	0	0	0	0	0	412	0	0	0	4392	1376	3006	758	268	0	0	0	568	0	1900	0	778	0	100	0	0	0	178	0	0	0	0	0	0	0	0	0	0	0	0	0	0	0	0	0	0	0	0	0	0	0	0	0	0	0	
342016	Frontal_Inf_Oper_R	574	5696	3572	13252	0	1172	1440	9978	0	0	4628	0	3200	15446	0	304	122	15422	3686	6116	0	0	1938	5914	0	0	0	0	742	31252	1498	6318	0	4798	0	0	0	2416	0	494	0	0	0	0	0	0	0	0	0	0	0	0	0	0	0	588	210	2070	0	0	0	0	0	0	0	0	0	0	0	0	6418	9610	1428	9524	0	514	84	584	0	0	0	0	0	0	0	0	0	0	0	0	0	0	0	0	0	0	0	0	0	0	0	0	0	0	0	0	0	0	0	0	0	0	0	0	0	0	
367748	Frontal_Inf_Tri_L	4280	0	26246	1304	3700	0	37054	240	3732	0	25988	3200	0	352	6930	0	1072	1532	5066	1144	0	0	10030	3020	212	0	0	0	27716	2350	9320	1612	514	2014	0	0	0	0	0	0	0	0	0	0	0	0	0	0	0	0	0	0	0	0	0	0	104	0	0	0	0	0	0	0	0	0	0	0	0	0	1196	480	2240	478	0	0	0	0	0	0	110	0	638	0	0	0	0	0	0	0	0	0	0	0	0	0	0	0	0	0	0	0	0	0	0	0	0	0	0	0	0	0	0	0	0	0	
149196	Frontal_Inf_Tri_R	0	0	1954	6594	0	678	1080	9642	0	478	116	15446	352	0	0	3068	0	632	1852	2532	0	0	1690	3754	0	0	0	0	102	13126	442	3176	0	4188	0	0	0	0	0	0	0	0	0	0	0	0	0	0	0	0	0	0	0	0	0	0	0	0	0	0	0	0	0	0	0	0	0	0	0	0	86	1726	0	1612	0	272	0	0	0	0	0	0	0	0	0	0	0	0	0	0	0	0	0	0	0	0	0	0	0	0	0	0	0	0	0	0	0	0	0	0	0	0	0	0	0	0	
156192	Frontal_Inf_Orb_L	0	0	7368	0	14698	0	4662	0	12020	0	128	0	6930	0	0	0	0	0	0	0	2882	0	5236	0	2766	0	2092	0	9612	0	2454	92	0	0	0	0	94	0	624	0	1000	0	0	0	0	0	0	0	0	0	0	0	0	0	86	0	0	0	0	0	0	0	0	0	0	0	0	0	0	0	692	0	2186	0	0	0	0	0	0	0	0	0	2474	0	0	0	0	0	0	0	0	0	0	0	0	0	0	0	0	0	0	0	0	0	0	0	0	0	0	0	0	0	0	0	0	0	
93540	Frontal_Inf_Orb_R	0	0	0	5384	0	8760	0	3310	0	6278	0	304	0	3068	0	0	0	424	0	132	0	1162	0	520	0	510	0	1252	0	8418	0	0	0	0	0	0	0	0	0	0	0	192	0	0	0	0	0	0	0	0	0	0	0	0	0	0	0	0	0	0	0	0	0	0	0	0	0	0	0	0	0	1018	0	648	0	0	0	0	0	288	0	2228	0	2636	0	122	0	116	0	0	0	0	0	0	0	0	0	0	0	0	0	0	0	0	0	0	0	0	0	0	0	0	0	0	0	0	
188628	Rolandic_Oper_L	9306	104	7894	396	0	0	4458	0	0	0	7886	122	1072	0	0	0	0	88	4106	158	0	0	506	248	0	0	0	0	15944	104	904	100	0	0	1182	0	2534	0	114	0	0	0	0	0	0	0	0	0	132	0	2778	0	192	0	684	0	6682	0	1010	0	1172	0	1138	0	1142	0	1732	0	418	0	1150	104	2792	0	380	0	0	0	4646	0	6868	0	1234	0	1824	0	0	0	1010	0	0	0	0	0	0	0	0	0	0	0	0	0	0	0	0	0	0	0	0	0	0	0	0	0	0	0	
175092	Rolandic_Oper_R	232	1328	834	9600	0	0	288	3610	0	0	3042	15422	1532	632	0	424	88	0	940	3530	0	0	436	636	0	0	0	0	626	21982	812	536	0	398	0	0	0	1188	0	258	0	0	0	0	0	0	0	0	0	0	0	0	0	0	0	322	0	3678	0	0	0	0	0	1426	0	0	0	0	0	0	3346	2378	268	4684	0	258	0	258	0	692	0	1168	0	484	0	114	0	0	0	96	0	0	0	0	0	0	0	0	0	0	0	0	0	0	0	0	0	0	0	0	0	0	0	0	0	0	
765800	Supp_Motor_Area_L	19614	3216	80154	24924	0	176	13980	2340	0	0	9754	3686	5066	1852	0	0	4106	940	0	54298	0	0	6154	8594	0	100	0	0	5996	2112	7996	11238	11082	30914	1398	1150	2904	900	164	278	0	0	0	0	0	0	0	0	0	0	0	0	0	0	334	0	432	0	0	0	90	0	0	0	0	0	426	0	25504	918	10176	1572	7864	694	3692	310	12274	1480	780	0	744	0	174	0	0	0	0	0	350	0	0	0	0	0	0	0	0	0	0	0	0	0	0	0	0	0	0	0	0	0	0	0	0	0	0	0	
720220	Supp_Motor_Area_R	8458	8984	29976	57762	0	830	6532	5312	0	0	760	6116	1144	2532	0	132	158	3530	54298	0	0	0	5482	14798	0	104	0	0	618	5828	4300	17094	6274	53760	614	4986	104	724	0	160	0	0	0	822	0	84	0	96	0	0	0	0	0	0	0	210	278	726	0	0	0	0	0	0	0	0	314	4348	8236	17142	3842	11880	352	6948	96	1404	260	1448	0	0	0	90	0	0	0	0	0	0	0	164	0	0	0	0	0	0	0	0	0	0	0	0	0	0	0	0	0	0	0	0	0	0	0	0	0	0	
127844	Olfactory_L	0	0	388	0	5460	712	286	0	108	0	0	0	0	0	2882	0	0	0	0	0	0	7318	550	0	1732	520	7872	3214	4226	0	5076	3284	0	0	0	0	304	0	1146	0	3180	0	0	0	0	0	0	0	0	0	0	0	0	0	234	0	0	0	0	0	0	0	0	0	0	0	0	0	0	0	9412	2008	2094	306	0	0	0	0	0	0	0	0	1610	0	0	0	0	0	0	0	0	0	0	0	0	0	0	0	0	0	0	0	0	0	0	0	0	0	0	0	0	0	0	0	0	0	
131424	Olfactory_R	0	0	0	964	2516	3448	0	0	0	128	0	0	0	0	0	1162	0	0	0	0	7318	0	112	604	1054	1714	4502	7678	92	2332	4990	5160	0	0	0	0	0	200	0	452	120	1694	0	0	0	0	0	0	0	0	0	0	0	0	0	0	0	0	0	0	0	0	0	0	0	0	0	0	0	0	9800	6784	998	1646	0	0	0	126	0	0	0	0	0	118	0	0	0	0	0	0	0	0	0	0	0	0	0	0	0	0	0	0	0	0	0	0	0	0	0	0	0	0	0	0	0	0	
557272	Frontal_Sup_Medial_L	454	0	49392	15622	8736	102	17792	2278	1314	0	4184	1938	10030	1690	5236	0	506	436	6154	5482	550	112	0	37022	5264	328	1608	110	12830	1256	40896	17240	3202	14968	0	0	0	0	160	0	182	0	0	0	0	0	0	0	0	0	0	0	0	0	0	0	0	0	0	0	0	0	0	0	0	0	0	0	0	0	3454	790	5562	980	0	0	86	0	0	0	154	0	536	0	0	0	0	0	0	0	0	0	0	0	0	0	0	0	0	0	0	0	0	0	0	0	0	0	0	0	0	0	0	0	0	0	
560924	Frontal_Sup_Medial_R	248	0	15004	51480	0	6166	7390	6064	0	0	1654	5914	3020	3754	0	520	248	636	8594	14798	0	604	37022	0	296	4530	0	842	2520	6580	15252	41048	1508	24664	0	0	0	338	0	0	0	96	0	0	0	0	0	0	0	0	0	0	0	0	0	0	0	0	0	0	0	0	0	0	0	0	0	0	0	0	760	10114	964	6766	0	130	0	938	0	0	0	0	0	0	0	0	0	0	0	0	0	0	0	0	0	0	0	0	0	0	0	0	0	0	0	0	0	0	0	0	0	0	0	0	0	0	
84180	Frontal_Med_Orb_L	0	0	2170	88	7430	500	314	0	1372	0	0	0	212	0	2766	0	0	0	0	0	1732	1054	5264	296	0	1388	5218	522	1348	0	5626	1136	0	0	0	0	0	0	0	0	142	0	0	0	0	0	0	0	0	0	0	0	0	0	0	0	0	0	0	0	0	0	0	0	0	0	0	0	0	0	2310	290	706	88	0	0	0	0	0	0	0	0	118	0	0	0	0	0	0	0	0	0	0	0	0	0	0	0	0	0	0	0	0	0	0	0	0	0	0	0	0	0	0	0	0	0	
85756	Frontal_Med_Orb_R	0	0	0	3660	320	8762	0	0	0	452	0	0	0	0	0	510	0	0	100	104	520	1714	328	4530	1388	0	620	6526	0	552	1486	4916	0	106	0	0	0	0	0	0	0	0	0	0	0	0	0	0	0	0	0	0	0	0	0	0	0	0	0	0	0	0	0	0	0	0	0	0	0	0	604	2402	0	3278	0	0	0	0	0	0	0	0	0	0	0	0	0	0	0	0	0	0	0	0	0	0	0	0	0	0	0	0	0	0	0	0	0	0	0	0	0	0	0	0	0	0	
114352	Rectus_L	0	0	496	0	9630	502	0	0	1234	0	0	0	0	0	2092	0	0	0	0	0	7872	4502	1608	0	5218	620	0	2488	1334	0	6288	2120	0	0	0	0	0	0	436	0	1378	0	0	0	0	0	0	0	0	0	0	0	0	0	0	0	0	0	0	0	0	0	0	0	0	0	0	0	0	0	6980	1022	1050	0	0	0	0	0	0	0	0	0	306	0	0	0	0	0	0	0	0	0	0	0	0	0	0	0	0	0	0	0	0	0	0	0	0	0	0	0	0	0	0	0	0	0	
105252	Rectus_R	0	0	0	1436	1366	9564	0	90	0	852	0	0	0	0	0	1252	0	0	0	0	3214	7678	110	842	522	6526	2488	0	0	1328	1844	4088	0	0	0	0	0	0	0	0	0	584	0	0	0	0	0	0	0	0	0	0	0	0	0	0	0	0	0	0	0	0	0	0	0	0	0	0	0	0	3434	3156	234	2018	0	0	0	0	0	0	0	0	0	0	0	0	0	0	0	0	0	0	0	0	0	0	0	0	0	0	0	0	0	0	0	0	0	0	0	0	0	0	0	0	0	0	
575244	Insula_L	12550	186	28654	1608	8510	0	20636	592	1116	0	17382	742	27716	102	9612	0	15944	626	5996	618	4226	92	12830	2520	1348	0	1334	0	0	726	12954	1402	394	818	4726	0	15228	0	2276	0	4994	0	164	0	0	0	0	0	142	0	1248	0	286	0	4658	0	4096	0	166	0	374	0	0	0	0	0	4714	0	256	0	5838	734	18102	254	246	0	554	0	10964	0	5898	0	4014	0	1952	0	0	0	4504	0	0	0	0	0	0	0	0	0	0	0	0	0	0	0	0	0	0	0	0	0	0	0	0	0	0	0	
418420	Insula_R	352	2042	2360	21764	0	6244	878	5616	0	880	3760	31252	2350	13126	0	8418	104	21982	2112	5828	0	2332	1256	6580	0	552	0	1328	726	0	880	5678	0	2422	200	332	0	5816	0	750	0	988	0	0	0	0	0	0	0	0	0	0	0	0	0	1426	0	1516	0	0	0	0	0	0	0	0	0	0	0	0	6208	10836	1410	20402	0	172	318	976	0	612	0	3274	0	722	0	694	0	0	0	1736	0	0	0	0	0	0	0	0	0	0	0	0	0	0	0	0	0	0	0	0	0	0	0	0	0	0	
522680	Cingulum_Ant_L	1252	0	29866	8788	7654	478	7270	1332	342	0	5460	1498	9320	442	2454	0	904	812	7996	4300	5076	4990	40896	15252	5626	1486	6288	1844	12954	880	0	30160	5164	8188	0	0	0	0	220	0	438	0	0	0	0	0	0	0	0	0	0	0	0	0	0	0	522	0	0	0	126	0	0	0	0	0	0	0	114	0	13542	3562	10882	2044	0	114	100	0	0	0	202	0	502	0	0	0	0	0	0	0	0	0	0	0	0	0	0	0	0	0	0	0	0	0	0	0	0	0	0	0	0	0	0	0	0	0	
593232	Cingulum_Ant_R	314	118	11890	39646	1444	5426	4218	3900	0	0	722	6318	1612	3176	92	0	100	536	11238	17094	3284	5160	17240	41048	1136	4916	2120	4088	1402	5678	30160	0	2216	23734	0	0	0	356	0	0	118	0	0	0	0	0	0	0	0	0	0	0	0	0	0	0	0	0	0	0	0	0	0	0	0	0	0	0	0	0	4780	22386	1824	14898	0	130	0	2098	0	0	0	0	0	0	0	0	0	0	0	0	0	0	0	0	0	0	0	0	0	0	0	0	0	0	0	0	0	0	0	0	0	0	0	0	0	0	
131220	Cingulum_Mid_L	534	500	3390	1064	0	0	1642	150	0	0	274	0	514	0	0	0	0	0	11082	6274	0	0	3202	1508	0	0	0	0	394	0	5164	2216	0	11480	868	116	0	0	0	0	0	0	0	0	102	0	0	0	314	0	2290	0	0	0	0	0	322	0	1424	0	270	0	0	0	128	0	2560	100	6268	1020	190	0	0	0	0	0	0	0	0	0	0	0	0	0	250	0	0	0	0	0	0	0	0	0	0	0	0	0	0	0	0	0	0	0	0	0	0	0	0	0	0	0	0	0	0	0	
547452	Cingulum_Mid_R	4276	4804	17446	23454	0	388	7182	3382	0	0	752	4798	2014	4188	0	0	0	398	30914	53760	0	0	14968	24664	0	106	0	0	818	2422	8188	23734	11480	0	374	3834	0	0	0	0	0	0	0	988	0	130	0	0	0	0	0	0	0	0	0	0	0	266	0	0	0	0	0	0	0	0	484	4200	4262	12122	0	1472	0	774	0	288	0	396	0	0	0	0	0	0	0	0	0	0	0	0	0	0	0	0	0	0	0	0	0	0	0	0	0	0	0	0	0	0	0	0	0	0	0	0	0	0	
145684	Cingulum_Post_L	5588	612	1370	412	0	0	968	248	0	0	414	0	0	0	0	0	1182	0	1398	614	0	0	0	0	0	0	0	0	4726	200	0	0	868	374	0	4000	10428	2324	1782	990	0	0	1902	0	104	0	1026	160	102	0	198	0	0	0	178	252	1398	0	0	0	0	0	0	0	0	0	11298	324	5778	502	1042	0	636	140	0	0	3890	1696	3618	0	100	0	0	0	0	0	0	0	0	0	0	0	0	0	0	0	0	0	0	0	0	0	0	0	0	0	0	0	0	0	0	0	0	0	0	0	
125084	Cingulum_Post_R	0	1910	0	658	0	0	0	634	0	0	0	0	0	0	0	0	0	0	1150	4986	0	0	0	0	0	0	0	0	0	332	0	0	116	3834	4000	0	784	7828	0	2776	0	0	0	792	0	0	0	1646	0	0	0	0	0	0	0	1826	0	234	0	0	0	0	0	0	0	0	800	8192	1034	4884	1194	0	0	270	0	0	6998	4792	0	0	0	0	0	0	0	0	0	0	0	314	0	0	0	0	0	0	0	0	0	0	0	0	0	0	0	0	0	0	0	0	558	0	0	0	0	0	
296732	Hippocampus_L	5228	0	3718	382	94	0	1716	0	0	0	580	0	0	0	94	0	2534	0	2904	104	304	0	0	0	0	0	0	0	15228	0	0	0	0	0	10428	784	0	734	13710	608	7916	0	2746	0	434	0	4048	114	0	0	2450	0	1052	0	16484	90	2378	0	0	0	246	0	0	0	0	0	10676	0	2178	0	722	176	10198	0	796	142	3438	288	5420	0	3096	0	1160	0	2656	0	98	0	9940	0	0	0	0	0	0	0	122	0	0	0	0	0	0	0	0	0	0	0	0	152	0	0	0	0	0	0	
257028	Hippocampus_R	120	2642	132	3892	0	84	0	2328	0	0	96	2416	0	0	0	0	0	1188	900	724	0	200	0	338	0	0	0	0	0	5816	0	356	0	0	2324	7828	734	0	0	21212	0	7420	0	732	0	0	0	3322	0	0	0	0	0	250	0	23556	0	524	0	108	0	156	0	152	0	0	0	4588	850	318	774	600	0	11324	0	700	4756	5946	0	910	0	1020	0	578	0	1176	0	0	0	4232	0	94	0	0	0	0	0	526	0	208	0	0	0	0	0	0	0	0	0	0	364	0	0	0	0	0	
96244	ParaHippocampal_L	104	0	366	0	690	0	188	0	0	0	0	0	0	0	624	0	114	0	164	0	1146	0	160	0	0	0	436	0	2276	0	220	0	0	0	1782	0	13710	0	0	0	3132	0	1722	0	0	0	4198	0	0	0	598	0	88	0	6784	0	140	0	0	0	92	0	0	0	0	0	3350	0	170	0	84	0	2080	0	0	0	192	0	130	0	610	0	744	0	174	0	272	0	768	0	0	0	0	0	260	0	220	0	0	0	0	0	0	0	0	0	0	0	114	220	0	0	0	0	0	0	
149460	ParaHippocampal_R	0	274	0	580	0	0	0	286	0	0	0	494	0	0	0	0	0	258	278	160	0	452	0	0	0	0	0	0	0	750	0	0	0	0	990	2776	608	21212	0	0	0	5542	0	1070	0	0	0	4282	0	112	0	94	0	542	0	17230	0	160	0	0	0	0	0	0	0	0	0	3576	276	238	170	198	0	2194	0	486	1162	1690	0	346	0	326	0	1058	0	248	0	594	0	944	0	358	0	0	0	90	0	1588	0	724	0	0	0	0	0	0	0	0	0	0	314	0	0	0	0	0	
67588	Amygdala_L	0	0	178	0	1182	0	242	0	0	0	0	0	0	0	1000	0	0	0	0	0	3180	120	182	0	142	0	1378	0	4994	0	438	118	0	0	0	0	7916	0	3132	0	0	0	0	0	0	0	0	0	0	0	0	0	0	0	3422	0	0	0	0	0	0	0	0	0	0	0	0	0	0	0	664	0	2262	0	0	0	0	0	0	0	178	0	1722	0	224	0	174	0	946	0	0	0	0	0	0	0	0	0	0	0	0	0	0	0	0	0	0	0	0	0	0	0	0	0	0	0	
50696	Amygdala_R	0	0	0	176	0	420	0	0	0	0	0	0	0	0	0	192	0	0	0	0	0	1694	0	96	0	0	0	584	0	988	0	0	0	0	0	0	0	7420	0	5542	0	0	0	0	0	0	0	0	0	0	0	0	0	0	0	4480	0	0	0	0	0	0	0	0	0	0	0	0	0	0	0	532	0	1474	0	0	0	0	0	0	0	0	0	1396	0	0	0	242	0	112	0	0	0	0	0	0	0	0	0	0	0	0	0	0	0	0	0	0	0	0	0	0	0	0	0	0	
133304	Calcarine_L	168	0	0	0	0	0	0	0	0	0	0	0	0	0	0	0	0	0	0	0	0	0	0	0	0	0	0	0	164	0	0	0	0	0	1902	0	2746	0	1722	0	0	0	0	2920	8286	1708	6584	1020	7066	370	14372	106	1140	0	602	0	0	0	106	0	0	0	0	0	300	0	10258	174	382	0	0	0	0	0	0	0	0	0	614	0	158	0	0	0	2544	0	0	0	1144	0	96	0	0	0	0	0	0	0	0	0	0	0	0	0	0	0	0	0	0	0	0	0	0	0	0	0	
253280	Calcarine_R	0	1318	0	0	0	0	0	0	0	0	0	0	0	0	0	0	0	0	0	822	0	0	0	0	0	0	0	0	0	0	0	0	0	988	0	792	0	732	0	1070	0	0	2920	0	1000	18482	1892	14646	0	18576	0	14106	0	3634	0	6584	0	4936	0	1384	0	1130	0	0	0	134	1488	23018	106	3152	0	0	0	136	0	0	0	0	0	0	0	0	0	0	0	1118	0	0	0	1906	0	0	0	0	0	0	0	166	0	110	0	0	0	0	0	0	0	0	0	0	204	90	0	0	0	0	
121924	Cuneus_L	0	0	0	0	0	0	0	0	0	0	0	0	0	0	0	0	0	0	0	0	0	0	0	0	0	0	0	0	0	0	0	0	102	0	104	0	434	0	0	0	0	0	8286	1000	0	2994	842	96	16956	334	13042	94	974	0	352	0	122	0	1328	0	0	0	0	0	398	0	8184	178	778	0	0	0	0	0	0	0	0	0	542	0	210	0	0	0	2636	0	0	0	976	0	0	0	0	0	0	0	0	0	0	0	0	0	0	0	0	0	0	0	0	0	0	0	0	0	0	0	
318180	Cuneus_R	0	1762	0	0	0	0	0	0	0	0	0	0	0	0	0	0	0	0	0	84	0	0	0	0	0	0	0	0	0	0	0	0	0	130	0	0	0	0	0	0	0	0	1708	18482	2994	0	458	2790	0	39826	0	15848	0	376	0	1620	0	5426	0	14114	0	242	0	0	0	782	10576	28278	0	1692	0	0	0	94	0	0	0	0	0	0	0	798	0	0	0	8164	0	0	0	2846	0	0	0	0	0	0	0	0	0	0	0	0	0	0	0	0	0	0	0	0	0	0	0	0	0	0	
202660	Lingual_L	0	0	0	0	0	0	0	0	0	0	0	0	0	0	0	0	0	0	0	0	0	0	0	0	0	0	0	0	0	0	0	0	0	0	1026	0	4048	0	4198	0	0	0	6584	1892	842	458	0	3060	1148	154	17084	0	9232	0	14360	790	0	0	0	0	0	0	0	0	0	0	3414	0	126	0	0	0	210	0	0	0	164	0	108	0	230	0	0	0	1370	0	0	0	426	0	5246	246	0	0	0	0	8202	608	9820	1664	0	0	0	0	82	0	0	0	0	0	2090	2448	0	0	0	0	
217640	Lingual_R	0	0	0	0	0	0	0	0	0	0	0	0	0	0	0	0	0	0	0	96	0	0	0	0	0	0	0	0	0	0	0	0	0	0	160	1646	114	3322	0	4282	0	0	1020	14646	96	2790	3060	0	0	4060	0	2706	90	3906	1704	15500	0	94	0	168	0	0	0	0	0	0	224	6166	0	226	0	110	0	0	0	0	216	328	0	0	0	0	0	0	0	276	0	0	0	972	1022	2784	0	0	124	0	1906	4882	4530	10146	0	0	0	0	160	0	0	0	0	0	5664	8012	1612	0	0	0	
178588	Occipital_Sup_L	224	0	0	0	0	0	0	0	0	0	0	0	0	0	0	0	132	0	0	0	0	0	0	0	0	0	0	0	142	0	0	0	314	0	102	0	0	0	0	0	0	0	7066	0	16956	0	1148	0	0	0	28092	0	812	0	106	0	700	0	9904	0	436	0	180	0	1318	0	15620	0	1360	0	0	0	0	0	0	0	0	0	312	0	354	0	0	0	3524	0	0	0	492	0	0	0	0	0	0	0	0	0	0	0	0	0	0	0	0	0	0	0	0	0	0	0	0	0	0	0	
363476	Occipital_Sup_R	0	1670	0	0	0	0	0	0	0	0	0	0	0	0	0	0	0	0	0	0	0	0	0	0	0	0	0	0	0	0	0	0	0	0	0	0	0	0	0	112	0	0	370	18576	334	39826	154	4060	0	0	0	26690	0	622	0	2232	0	6824	0	19770	0	1184	0	108	0	3504	8916	29952	0	1926	0	0	0	114	0	0	0	0	0	0	0	1112	0	0	0	10160	0	0	0	3522	0	0	0	0	0	0	0	0	0	0	0	0	0	0	0	0	0	0	0	0	0	0	0	0	0	0	
516592	Occipital_Mid_L	1058	92	136	234	0	0	162	98	0	0	0	0	0	0	0	0	2778	0	0	0	0	0	0	0	0	0	0	0	1248	0	0	0	2290	0	198	0	2450	0	598	0	0	0	14372	0	13042	0	17084	0	28092	0	0	0	17756	0	9214	0	10386	0	21586	0	12302	0	1804	0	17050	0	23890	0	9922	0	666	0	264	0	0	0	182	0	4372	0	5810	0	0	0	28496	0	0	0	9148	0	1516	0	0	0	0	0	0	0	0	0	0	0	0	0	0	0	0	0	0	0	0	0	0	0	0	0	
203768	Occipital_Mid_R	0	294	0	0	0	0	0	0	0	0	0	0	0	0	0	0	0	0	0	0	0	0	0	0	0	0	0	0	0	0	0	0	0	0	0	0	0	0	0	94	0	0	106	14106	94	15848	0	2706	0	26690	0	0	0	3024	0	2014	0	3088	0	5638	0	832	0	0	0	5236	1824	10898	0	860	0	0	0	0	0	0	0	0	0	0	0	0	0	0	0	6706	0	0	0	1826	0	0	0	0	0	0	0	0	0	0	0	0	0	0	0	0	0	0	0	0	0	0	0	0	0	0	
129404	Occipital_Inf_L	0	0	0	0	0	0	0	0	0	0	0	0	0	0	0	0	192	0	0	0	0	0	0	0	0	0	0	0	286	0	0	0	0	0	0	0	1052	0	88	0	0	0	1140	0	974	0	9232	90	812	0	17756	0	0	0	10610	0	136	0	0	0	94	0	158	0	148	0	630	0	130	0	0	0	110	0	0	0	140	0	596	0	106	0	0	0	5560	0	0	0	6780	0	2182	0	0	0	0	0	2326	0	3172	0	0	0	0	0	0	0	0	0	0	0	0	202	0	0	0	0	
46068	Occipital_Inf_R	0	0	0	0	0	0	0	0	0	0	0	0	0	0	0	0	0	0	0	0	0	0	0	0	0	0	0	0	0	0	0	0	0	0	0	0	0	250	0	542	0	0	0	3634	0	376	0	3906	0	622	0	3024	0	0	0	5990	0	0	0	0	0	0	0	0	0	0	0	470	0	0	0	0	0	0	0	0	0	0	0	0	0	0	0	0	0	322	0	0	0	2108	0	0	0	0	0	0	0	360	0	680	0	0	0	0	0	0	0	0	0	0	268	348	134	0	0	0	
349548	Fusiform_L	272	0	850	0	0	0	242	0	0	0	146	0	0	0	86	0	684	0	334	0	234	0	0	0	0	0	0	0	4658	0	0	0	0	0	178	0	16484	0	6784	0	3422	0	602	0	352	0	14360	1704	106	0	9214	0	10610	0	0	748	136	0	0	0	0	0	0	0	0	0	708	0	144	0	0	0	3002	0	0	0	388	0	466	0	2280	0	2002	0	3736	0	1244	0	13848	0	17866	256	1474	0	258	0	17572	376	30276	1612	318	0	392	0	266	0	92	0	0	0	1532	2280	180	0	0	0	
345300	Fusiform_R	0	460	0	640	0	0	0	182	0	0	0	588	0	0	0	0	0	322	0	210	0	0	0	0	0	0	0	0	0	1426	0	0	0	0	252	1826	90	23556	0	17230	0	4480	0	6584	0	1620	790	15500	0	2232	0	2014	0	5990	748	0	0	206	0	414	0	0	0	0	0	0	308	4860	0	260	0	166	0	2778	0	182	298	888	0	616	0	1594	0	4450	0	2558	0	1374	0	10354	588	11710	0	216	94	782	1114	8670	2452	19056	0	0	0	0	148	0	0	0	0	0	4042	4842	890	0	0	0	
257860	Postcentral_L	22688	632	2534	726	0	0	1980	376	0	0	1202	210	104	0	0	0	6682	0	432	278	0	0	0	0	0	0	0	0	4096	0	522	0	322	0	1398	0	2378	0	140	0	0	0	0	0	122	0	0	0	700	0	10386	0	136	0	136	0	0	0	10438	0	20856	0	4278	0	2826	0	7506	0	10394	0	4360	116	4548	0	680	0	590	0	1654	0	912	0	0	0	1278	0	0	0	314	0	0	0	0	0	0	0	0	0	0	0	0	0	0	0	0	0	0	0	0	0	0	0	0	0	0	0	
226296	Postcentral_R	156	12262	0	1682	0	0	0	224	0	0	0	2070	0	0	0	0	0	3678	0	726	0	0	0	0	0	0	0	0	0	1516	0	0	0	266	0	234	0	524	0	160	0	0	0	4936	0	5426	0	94	0	6824	0	3088	0	0	0	206	0	0	0	15370	0	8360	0	7710	0	476	1834	16010	232	8194	0	0	0	1520	0	124	0	360	0	88	0	1460	0	0	0	5430	0	0	0	1908	0	0	0	0	0	0	0	0	0	0	0	0	0	0	0	0	0	0	0	0	0	0	0	0	0	0	
193840	Parietal_Sup_L	318	86	0	94	0	0	0	92	0	0	0	0	0	0	0	0	1010	0	0	0	0	0	0	0	0	0	0	0	166	0	0	0	1424	0	0	0	0	0	0	0	0	0	106	0	1328	0	0	0	9904	0	21586	0	0	0	0	0	10438	0	0	0	11518	0	756	0	3094	0	23270	0	7126	0	260	0	0	0	0	0	0	0	290	0	1236	0	0	0	2536	0	0	0	282	0	0	0	0	0	0	0	0	0	0	0	0	0	0	0	0	0	0	0	0	0	0	0	0	0	0	0	
248284	Parietal_Sup_R	0	1154	0	0	0	0	0	0	0	0	0	0	0	0	0	0	0	0	0	0	0	0	0	0	0	0	0	0	0	0	0	0	0	0	0	0	0	108	0	0	0	0	0	1384	0	14114	0	168	0	19770	0	5638	0	0	0	414	0	15370	0	0	0	10322	0	1470	0	2556	7492	22938	0	2802	0	0	0	0	0	0	0	0	0	84	0	2170	0	0	0	11744	0	0	0	4444	0	0	0	0	0	0	0	0	0	0	0	0	0	0	0	0	0	0	0	0	0	0	0	0	0	0	
184388	Parietal_Inf_L	1218	96	220	118	0	0	90	104	0	0	0	0	0	0	0	0	1172	0	90	0	0	0	0	0	0	0	0	0	374	0	126	0	270	0	0	0	246	0	92	0	0	0	0	0	0	0	0	0	436	0	12302	0	94	0	0	0	20856	0	11518	0	0	0	7048	0	15502	0	5130	0	5456	0	900	0	976	0	0	0	124	0	90	0	2138	0	0	0	4456	0	0	0	952	0	0	0	0	0	0	0	0	0	0	0	0	0	0	0	0	0	0	0	0	0	0	0	0	0	0	0	
93532	Parietal_Inf_R	0	332	0	0	0	0	0	0	0	0	0	0	0	0	0	0	0	0	0	0	0	0	0	0	0	0	0	0	0	0	0	0	0	0	0	0	0	156	0	0	0	0	0	1130	0	242	0	0	0	1184	0	832	0	0	0	0	0	8360	0	10322	0	0	0	7704	0	3080	0	2062	0	160	0	0	0	0	0	0	0	0	0	84	0	1938	0	0	0	6804	0	0	0	2376	0	0	0	0	0	0	0	0	0	0	0	0	0	0	0	0	0	0	0	0	0	0	0	0	0	0	
59908	SupraMarginal_L	114	0	0	0	0	0	0	0	0	0	0	0	0	0	0	0	1138	0	0	0	0	0	0	0	0	0	0	0	0	0	0	0	0	0	0	0	0	0	0	0	0	0	0	0	0	0	0	0	180	0	1804	0	158	0	0	0	4278	0	756	0	7048	0	0	0	5480	0	820	0	790	0	0	0	0	0	0	0	0	0	0	0	2866	0	0	0	3762	0	0	0	760	0	0	0	0	0	0	0	0	0	0	0	0	0	0	0	0	0	0	0	0	0	0	0	0	0	0	0	
52460	SupraMarginal_R	0	274	0	0	0	0	0	0	0	0	0	0	0	0	0	0	0	1426	0	0	0	0	0	0	0	0	0	0	0	0	0	0	0	0	0	0	0	152	0	0	0	0	0	0	0	0	0	0	0	108	0	0	0	0	0	0	0	7710	0	1470	0	7704	0	0	0	1116	0	160	0	0	0	0	0	0	0	0	0	0	0	0	0	3410	0	0	0	2562	0	0	0	138	0	0	0	0	0	0	0	0	0	0	0	0	0	0	0	0	0	0	0	0	0	0	0	0	0	0	
137864	Angular_L	372	0	0	0	0	0	0	0	0	0	0	0	0	0	0	0	1142	0	0	0	0	0	0	0	0	0	0	0	0	0	0	0	128	0	0	0	0	0	0	0	0	0	300	0	398	0	0	0	1318	0	17050	0	148	0	0	0	2826	0	3094	0	15502	0	5480	0	0	0	2882	0	2662	0	0	0	0	0	0	0	0	0	0	0	2738	0	0	0	11230	0	0	0	1662	0	0	0	0	0	0	0	0	0	0	0	0	0	0	0	0	0	0	0	0	0	0	0	0	0	0	0	
50124	Angular_R	0	0	0	0	0	0	0	0	0	0	0	0	0	0	0	0	0	0	0	0	0	0	0	0	0	0	0	0	0	0	0	0	0	0	0	0	0	0	0	0	0	0	0	134	0	782	0	0	0	3504	0	5236	0	0	0	0	0	476	0	2556	0	3080	0	1116	0	0	548	1518	0	226	0	0	0	0	0	0	0	0	0	0	0	1244	0	0	0	3942	0	0	0	700	0	0	0	0	0	0	0	0	0	0	0	0	0	0	0	0	0	0	0	0	0	0	0	0	0	0	
428056	Precuneus_L	2780	766	726	162	0	0	796	0	0	0	412	0	0	0	0	0	1732	0	426	314	0	0	0	0	0	0	0	0	4714	0	0	0	2560	484	11298	800	10676	0	3350	0	0	0	10258	1488	8184	10576	3414	224	15620	8916	23890	1824	630	0	708	308	7506	1834	23270	7492	5130	0	820	0	2882	548	0	11414	8514	494	254	0	446	0	0	0	144	0	4046	0	956	416	0	0	3930	3806	0	0	1100	990	0	0	0	0	0	0	0	0	0	0	0	0	0	0	0	0	0	0	0	0	0	0	0	0	0	0	
431952	Precuneus_R	0	3148	0	116	0	0	0	0	0	0	0	0	0	0	0	0	0	0	0	4348	0	0	0	0	0	0	0	0	0	0	0	0	100	4200	324	8192	0	4588	0	3576	0	0	174	23018	178	28278	0	6166	0	29952	0	10898	0	470	0	4860	0	16010	0	22938	0	2062	0	160	0	1518	11414	0	268	12770	0	0	0	272	0	0	454	138	0	0	0	1060	0	0	0	8492	0	0	0	5040	0	0	0	0	0	0	0	0	0	0	0	0	0	0	0	0	0	0	0	0	794	0	0	0	0	0	
336528	Paracentral_Lobule_L	20232	5150	13124	1288	0	0	452	254	0	0	0	0	0	0	0	0	418	0	25504	8236	0	0	0	0	0	0	0	0	256	0	114	0	6268	4262	5778	1034	2178	850	170	276	0	0	382	106	778	0	126	0	1360	0	9922	0	130	0	144	0	10394	232	7126	0	5456	0	790	0	2662	0	8514	268	0	2366	3094	310	3296	0	2632	0	9360	1092	0	0	194	0	0	0	1408	0	0	0	278	0	0	0	0	0	0	0	0	0	0	0	0	0	0	0	0	0	0	0	0	0	0	0	0	0	0	0	
170356	Paracentral_Lobule_R	1938	8432	0	128	0	0	0	0	0	0	0	0	0	0	0	0	0	0	918	17142	0	0	0	0	0	0	0	0	0	0	0	0	1020	12122	502	4884	0	318	0	238	0	0	0	3152	0	1692	0	226	0	1926	0	860	0	0	0	260	0	8194	0	2802	0	160	0	0	0	226	494	12770	2366	0	352	0	0	0	0	0	252	0	0	0	0	0	0	0	0	966	0	0	0	722	0	0	0	0	0	0	0	0	0	0	0	0	0	0	0	0	0	0	0	0	116	0	0	0	0	0	
407980	Caudate_L	9720	1340	13148	7180	4306	800	2712	1932	0	0	4392	6418	1196	86	692	0	1150	3346	10176	3842	9412	9800	3454	760	2310	604	6980	3434	5838	6208	13542	4780	190	0	1042	1194	722	774	84	170	664	0	0	0	0	0	0	0	0	0	666	0	0	0	0	0	4360	0	260	0	900	0	0	0	0	0	254	0	3094	352	0	10738	16642	2438	2394	0	14068	1080	1508	0	312	0	94	0	286	0	0	0	146	0	0	0	0	0	0	0	0	0	0	0	0	0	0	0	0	0	0	0	0	0	0	0	0	0	0	0	
391632	Caudate_R	862	3148	1484	28982	394	5038	804	4014	0	0	1376	9610	480	1726	0	1018	104	2378	1572	11880	2008	6784	790	10114	290	2402	1022	3156	734	10836	3562	22386	0	1472	0	0	176	600	0	198	0	532	0	0	0	0	0	110	0	0	0	0	0	0	0	166	116	0	0	0	0	0	0	0	0	0	0	0	310	0	10738	0	2726	19696	0	2570	422	16898	132	0	0	0	0	0	0	0	0	0	0	0	0	0	0	0	0	0	0	0	0	0	0	0	0	0	0	0	0	0	0	0	0	0	0	0	0	0	
326316	Putamen_L	8084	114	20150	1308	3648	0	3722	106	0	0	3006	1428	2240	0	2186	0	2792	268	7864	352	2094	998	5562	964	706	0	1050	234	18102	1410	10882	1824	0	0	636	0	10198	0	2080	0	2262	0	0	0	0	0	210	0	0	0	264	0	110	0	3002	0	4548	0	0	0	976	0	0	0	0	0	446	0	3296	0	16642	2726	0	800	6398	178	2532	0	770	0	916	0	530	0	172	0	0	0	2372	0	0	0	0	0	0	0	0	0	0	0	0	0	0	0	0	0	0	0	0	0	0	0	0	0	0	0	
322412	Putamen_R	362	2534	696	19022	0	4216	468	3056	0	220	758	9524	478	1612	0	648	0	4684	694	6948	306	1646	980	6766	88	3278	0	2018	254	20402	2044	14898	0	774	140	270	0	11324	0	2194	0	1474	0	136	0	94	0	0	0	114	0	0	0	0	0	2778	0	1520	0	0	0	0	0	0	0	0	0	272	0	0	2438	19696	800	0	0	4352	266	2040	0	0	0	376	0	226	0	356	0	0	0	966	0	0	0	0	0	0	0	0	0	0	0	0	0	0	0	0	0	0	0	0	0	0	0	0	0	0	
57676	Pallidum_L	4172	0	5318	158	0	0	242	0	0	0	268	0	0	0	0	0	380	0	3692	96	0	0	0	0	0	0	0	0	246	0	0	0	0	0	0	0	796	0	0	0	0	0	0	0	0	0	0	0	0	0	0	0	0	0	0	0	680	0	0	0	0	0	0	0	0	0	0	0	2632	0	2394	0	6398	0	0	0	1366	0	0	0	0	0	0	0	0	0	0	0	0	0	0	0	0	0	0	0	0	0	0	0	0	0	0	0	0	0	0	0	0	0	0	0	0	0	0	0	
34760	Pallidum_R	142	278	264	3582	0	0	182	606	0	0	0	514	0	272	0	0	0	258	310	1404	0	0	0	130	0	0	0	0	0	172	114	130	0	288	0	0	142	700	0	486	0	0	0	0	0	0	0	0	0	0	0	0	0	0	0	182	0	124	0	0	0	0	0	0	0	0	0	0	0	0	0	2570	178	4352	0	0	0	0	0	0	0	0	0	0	0	0	0	0	0	0	0	0	0	0	0	0	0	0	0	0	0	0	0	0	0	0	0	0	0	0	0	0	0	0	0	0	
186092	Thalamus_L	6498	874	7258	920	0	0	262	648	0	0	0	84	0	0	0	0	0	0	12274	260	0	0	86	0	0	0	0	0	554	318	100	0	0	0	3890	6998	3438	4756	192	1162	0	0	0	0	0	0	164	216	0	0	182	0	140	0	388	298	590	0	0	0	124	0	0	0	0	0	144	454	9360	252	14068	422	2532	266	1366	0	0	10732	196	0	0	0	0	0	272	0	0	0	308	0	0	0	0	0	0	0	0	0	0	0	0	0	0	0	0	0	0	0	0	0	0	0	0	0	0	0	
146068	Thalamus_R	584	3694	226	8062	0	154	274	3768	0	0	0	584	0	0	0	0	0	258	1480	1448	0	126	0	938	0	0	0	0	0	976	0	2098	0	396	1696	4792	288	5946	0	1690	0	0	0	0	0	0	0	328	0	0	0	0	0	0	0	888	0	360	0	0	0	0	0	0	0	0	0	138	1092	0	1080	16898	0	2040	0	0	10732	0	0	0	0	0	0	0	0	0	0	0	0	0	0	0	0	0	0	0	0	0	0	0	0	0	0	0	0	0	0	0	0	0	0	0	0	0	0	0	
113356	Heschl_L	3432	0	1768	660	0	0	1182	0	0	0	568	0	0	0	0	0	4646	0	780	0	0	0	0	0	0	0	0	0	10964	0	0	0	0	0	3618	0	5420	0	130	0	0	0	614	0	542	0	108	0	312	0	4372	0	596	0	466	0	1654	0	290	0	90	0	0	0	0	0	4046	0	0	0	1508	132	770	0	0	0	196	0	0	0	2060	0	0	0	4582	0	0	0	1172	0	0	0	0	0	0	0	0	0	0	0	0	0	0	0	0	0	0	0	0	0	0	0	0	0	0	0	
16336	Heschl_R	0	252	0	0	0	0	0	0	0	0	0	0	0	0	0	288	0	692	0	0	0	0	0	0	0	0	0	0	0	612	0	0	0	0	0	0	0	910	0	346	0	0	0	0	0	0	0	0	0	0	0	0	0	0	0	616	0	88	0	84	0	84	0	0	0	0	0	0	0	0	0	0	0	0	0	0	0	0	0	0	0	2870	0	332	0	656	0	0	0	338	0	0	0	0	0	0	0	0	0	0	0	0	0	0	0	0	0	0	0	0	0	0	0	0	0	0	
171860	Temporal_Sup_L	1106	0	1514	182	0	0	710	0	0	0	1900	0	110	0	0	0	6868	0	744	0	0	0	154	0	0	0	0	0	5898	0	202	0	0	0	100	0	3096	0	610	0	178	0	158	0	210	0	230	0	354	0	5810	0	106	0	2280	0	912	0	1236	0	2138	0	2866	0	2738	0	956	0	194	0	312	0	916	0	0	0	0	0	2060	0	0	0	2848	0	24902	0	0	0	11332	0	0	0	0	0	0	0	0	0	0	0	0	0	0	0	0	0	0	0	0	0	0	0	0	0	0	0	
97616	Temporal_Sup_R	0	1024	0	140	0	0	0	0	0	0	0	0	0	0	0	2228	0	1168	0	90	0	0	0	0	0	0	0	0	0	3274	0	0	0	0	0	0	0	1020	0	326	0	0	0	0	0	798	0	0	0	1112	0	0	0	0	0	1594	0	1460	0	2170	0	1938	0	3410	0	1244	416	1060	0	0	0	0	0	376	0	0	0	0	0	2870	0	0	0	3926	0	13610	0	202	0	3352	0	0	0	0	0	0	0	0	0	0	0	0	0	0	0	0	0	0	0	0	0	0	0	0	0	0	
79048	Temporal_Pole_Sup_L	278	0	732	0	1056	0	740	0	222	0	778	0	638	0	2474	0	1234	0	174	0	1610	0	536	0	118	0	306	0	4014	0	502	0	0	0	0	0	1160	0	744	0	1722	0	0	0	0	0	0	0	0	0	0	0	0	0	2002	0	0	0	0	0	0	0	0	0	0	0	0	0	0	0	94	0	530	0	0	0	0	0	0	0	2848	0	0	0	5798	0	3552	0	5662	0	0	0	0	0	0	0	0	0	0	0	0	0	0	0	0	0	0	0	0	0	0	0	0	0	0	0	
49128	Temporal_Pole_Sup_R	0	0	0	0	0	172	0	0	0	0	0	0	0	0	0	2636	0	484	0	0	0	118	0	0	0	0	0	0	0	722	0	0	0	0	0	0	0	578	0	1058	0	1396	0	0	0	0	0	0	0	0	0	0	0	0	0	4450	0	0	0	0	0	0	0	0	0	0	0	0	0	0	0	0	0	226	0	0	0	0	0	332	0	3926	0	0	0	1838	0	3646	0	2982	0	0	0	0	0	0	0	0	0	0	0	0	0	0	0	0	0	0	0	0	0	0	0	0	0	0	
313360	Temporal_Mid_L	188	0	0	140	0	0	128	0	0	0	100	0	0	0	0	0	1824	0	0	0	0	0	0	0	0	0	0	0	1952	0	0	0	250	0	0	0	2656	0	174	0	224	0	2544	0	2636	0	1370	0	3524	0	28496	0	5560	0	3736	0	1278	0	2536	0	4456	0	3762	0	11230	0	3930	0	1408	0	286	0	172	0	0	0	272	0	4582	0	24902	0	5798	0	0	0	2934	0	33632	0	0	0	0	0	0	0	0	0	0	0	0	0	0	0	0	0	0	0	0	0	0	0	0	0	0	0	
220748	Temporal_Mid_R	0	1140	0	114	0	0	0	0	0	0	0	0	0	0	0	122	0	114	0	0	0	0	0	0	0	0	0	0	0	694	0	0	0	0	0	0	0	1176	0	248	0	0	0	1118	0	8164	0	276	0	10160	0	6706	0	322	0	2558	0	5430	0	11744	0	6804	0	2562	0	3942	3806	8492	0	966	0	0	0	356	0	0	0	0	0	656	0	13610	0	1838	0	0	0	898	0	16358	0	0	0	0	0	0	0	0	0	0	0	0	0	0	0	0	0	0	0	0	0	0	0	0	0	0	
24000	Temporal_Pole_Mid_L	0	0	0	0	0	0	0	0	0	0	0	0	0	0	0	0	0	0	0	0	0	0	0	0	0	0	0	0	0	0	0	0	0	0	0	0	98	0	272	0	174	0	0	0	0	0	0	0	0	0	0	0	0	0	1244	0	0	0	0	0	0	0	0	0	0	0	0	0	0	0	0	0	0	0	0	0	0	0	0	0	0	0	3552	0	2934	0	0	0	3726	0	0	0	0	0	0	0	0	0	0	0	0	0	0	0	0	0	0	0	0	0	0	0	0	0	0	0	
15952	Temporal_Pole_Mid_R	0	0	0	0	0	0	0	0	0	0	0	0	0	0	0	116	0	0	0	0	0	0	0	0	0	0	0	0	0	0	0	0	0	0	0	0	0	0	0	594	0	242	0	0	0	0	0	0	0	0	0	0	0	0	0	1374	0	0	0	0	0	0	0	0	0	0	0	0	0	0	0	0	0	0	0	0	0	0	0	0	0	202	0	3646	0	898	0	0	0	904	0	0	0	0	0	0	0	0	0	0	0	0	0	0	0	0	0	0	0	0	0	0	0	0	0	0	
243348	Temporal_Inf_L	370	0	870	0	0	0	168	0	0	0	178	0	0	0	0	0	1010	0	350	0	0	0	0	0	0	0	0	0	4504	0	0	0	0	0	0	0	9940	0	768	0	946	0	1144	0	976	0	426	0	492	0	9148	0	6780	0	13848	0	314	0	282	0	952	0	760	0	1662	0	1100	0	278	0	146	0	2372	0	0	0	308	0	1172	0	11332	0	5662	0	33632	0	3726	0	0	0	4278	0	194	0	0	0	94	0	1360	0	132	0	0	0	0	0	0	0	0	0	0	0	0	0	0	0	
158104	Temporal_Inf_R	0	2426	0	282	0	0	0	86	0	0	0	0	0	0	0	0	0	96	0	164	0	0	0	0	0	0	0	0	0	1736	0	0	0	0	0	314	0	4232	0	944	0	112	0	1906	0	2846	0	972	0	3522	0	1826	0	2108	0	10354	0	1908	0	4444	0	2376	0	138	0	700	990	5040	0	722	0	0	0	966	0	0	0	0	0	338	0	3352	0	2982	0	16358	0	904	0	0	0	2430	0	224	0	0	0	120	0	1134	0	0	0	0	0	0	0	0	0	0	0	0	0	0	0	0	
495772	Cerebelum_Crus1_L	0	0	0	0	0	0	0	0	0	0	0	0	0	0	0	0	0	0	0	0	0	0	0	0	0	0	0	0	0	0	0	0	0	0	0	0	0	0	0	0	0	0	96	0	0	0	5246	1022	0	0	1516	0	2182	0	17866	588	0	0	0	0	0	0	0	0	0	0	0	0	0	0	0	0	0	0	0	0	0	0	0	0	0	0	0	0	0	0	0	0	4278	0	0	1850	47548	7228	348	514	14502	888	50200	3218	18076	4444	19822	6096	4672	1730	1538	0	0	354	764	5988	17630	4402	3022	258	
352000	Cerebelum_Crus1_R	0	0	0	0	0	0	0	0	0	0	0	0	0	0	0	0	0	0	0	0	0	0	0	0	0	0	0	0	0	0	0	0	0	0	0	0	0	94	0	358	0	0	0	0	0	0	246	2784	0	0	0	0	0	0	256	11710	0	0	0	0	0	0	0	0	0	0	0	0	0	0	0	0	0	0	0	0	0	0	0	0	0	0	0	0	0	0	0	0	0	2430	1850	0	1290	30220	0	3090	760	19532	2274	52086	702	6426	658	12460	240	1570	0	350	150	1612	7378	6256	7838	740	640	0	
403512	Cerebelum_Crus2_L	0	0	0	0	0	0	0	0	0	0	0	0	0	0	0	0	0	0	0	0	0	0	0	0	0	0	0	0	0	0	0	0	0	0	0	0	0	0	0	0	0	0	0	0	0	0	0	0	0	0	0	0	0	0	1474	0	0	0	0	0	0	0	0	0	0	0	0	0	0	0	0	0	0	0	0	0	0	0	0	0	0	0	0	0	0	0	0	0	194	0	47548	1290	0	12576	124	156	866	714	9072	1774	38252	7526	36734	8380	6560	982	2256	0	0	100	100	1384	18078	3778	1838	0	
308712	Cerebelum_Crus2_R	0	0	0	0	0	0	0	0	0	0	0	0	0	0	0	0	0	0	0	0	0	0	0	0	0	0	0	0	0	0	0	0	0	0	0	0	0	0	0	0	0	0	0	0	0	0	0	0	0	0	0	0	0	0	0	216	0	0	0	0	0	0	0	0	0	0	0	0	0	0	0	0	0	0	0	0	0	0	0	0	0	0	0	0	0	0	0	0	0	224	7228	30220	12576	0	0	110	0	502	306	6004	5794	30886	3120	36218	0	4490	0	266	0	0	0	162	14130	1530	374	0	
34380	Cerebelum_3_L	0	0	0	0	0	0	0	0	0	0	0	0	0	0	0	0	0	0	0	0	0	0	0	0	0	0	0	0	0	0	0	0	0	0	0	0	0	0	260	0	0	0	0	0	0	0	0	124	0	0	0	0	0	0	258	94	0	0	0	0	0	0	0	0	0	0	0	0	0	0	0	0	0	0	0	0	0	0	0	0	0	0	0	0	0	0	0	0	0	0	348	0	124	0	0	82	6492	96	2128	196	270	0	232	0	2128	104	404	0	602	1348	1140	496	0	0	124	140	
55964	Cerebelum_3_R	0	0	0	0	0	0	0	0	0	0	0	0	0	0	0	0	0	0	0	0	0	0	0	0	0	0	0	0	0	0	0	0	0	0	0	0	0	0	0	90	0	0	0	0	0	0	0	0	0	0	0	0	0	0	0	782	0	0	0	0	0	0	0	0	0	0	0	0	0	0	0	0	0	0	0	0	0	0	0	0	0	0	0	0	0	0	0	0	0	0	514	3090	156	110	82	0	200	6276	472	6538	132	0	138	274	0	894	0	0	600	3892	616	860	862	648	664	92	
248820	Cerebelum_4_5_L	0	0	0	0	0	0	0	0	0	0	0	0	0	0	0	0	0	0	0	0	0	0	0	0	0	0	0	0	0	0	0	0	0	0	0	0	122	0	220	0	0	0	0	0	0	0	8202	1906	0	0	0	0	2326	0	17572	1114	0	0	0	0	0	0	0	0	0	0	0	0	0	0	0	0	0	0	0	0	0	0	0	0	0	0	0	0	0	0	0	0	94	0	14502	760	866	0	6492	200	0	1808	37750	2728	1118	0	838	0	6060	628	962	0	478	1588	10390	3628	222	304	634	898	
199548	Cerebelum_4_5_R	0	0	0	0	0	0	0	0	0	0	0	0	0	0	0	0	0	0	0	0	0	0	0	0	0	0	0	0	0	0	0	0	0	0	0	0	0	526	0	1588	0	0	0	166	0	0	608	4882	0	0	0	0	0	360	376	8670	0	0	0	0	0	0	0	0	0	0	0	0	0	0	0	0	0	0	0	0	0	0	0	0	0	0	0	0	0	0	0	0	0	120	888	19532	714	502	96	6276	1808	0	1044	32186	704	0	704	778	344	792	0	0	0	1608	10878	766	1432	734	692	0	
420248	Cerebelum_6_L	0	0	0	0	0	0	0	0	0	0	0	0	0	0	0	0	0	0	0	0	0	0	0	0	0	0	0	0	0	0	0	0	0	0	0	0	0	0	0	0	0	0	0	0	0	0	9820	4530	0	0	0	0	3172	0	30276	2452	0	0	0	0	0	0	0	0	0	0	0	0	0	0	0	0	0	0	0	0	0	0	0	0	0	0	0	0	0	0	0	0	1360	0	50200	2274	9072	306	2128	472	37750	1044	0	6184	4458	212	6074	486	5020	910	596	0	298	1058	6454	12766	5906	2468	2002	376	
390228	Cerebelum_6_R	0	0	0	0	0	0	0	0	0	0	0	0	0	0	0	0	0	0	0	0	0	0	0	0	0	0	0	0	0	0	0	0	0	0	0	0	0	208	0	724	0	0	0	110	0	0	1664	10146	0	0	0	0	0	680	1612	19056	0	0	0	0	0	0	0	0	0	0	0	0	0	0	0	0	0	0	0	0	0	0	0	0	0	0	0	0	0	0	0	0	0	1134	3218	52086	1774	6004	196	6538	2728	32186	6184	0	1582	522	1602	3728	348	2180	0	848	222	2334	12096	12680	7862	1556	1306	0	
292628	Cerebelum_7b_L	0	0	0	0	0	0	0	0	0	0	0	0	0	0	0	0	0	0	0	0	0	0	0	0	0	0	0	0	0	0	0	0	0	0	0	0	0	0	0	0	0	0	0	0	0	0	0	0	0	0	0	0	0	0	318	0	0	0	0	0	0	0	0	0	0	0	0	0	0	0	0	0	0	0	0	0	0	0	0	0	0	0	0	0	0	0	0	0	132	0	18076	702	38252	5794	270	132	1118	704	4458	1582	0	4064	37924	4890	7676	874	2564	0	0	86	88	860	10242	3872	1636	0	
209092	Cerebelum_7b_R	0	0	0	0	0	0	0	0	0	0	0	0	0	0	0	0	0	0	0	0	0	0	0	0	0	0	0	0	0	0	0	0	0	0	0	0	0	0	0	0	0	0	0	0	0	0	0	0	0	0	0	0	0	0	0	0	0	0	0	0	0	0	0	0	0	0	0	0	0	0	0	0	0	0	0	0	0	0	0	0	0	0	0	0	0	0	0	0	0	0	4444	6426	7526	30886	0	0	0	0	212	522	4064	0	2744	32300	142	4768	0	120	0	0	0	0	7918	2312	162	0	
326732	Cerebelum_8_L	0	0	0	0	0	0	0	0	0	0	0	0	0	0	0	0	0	0	0	0	0	0	0	0	0	0	0	0	0	0	0	0	0	0	0	0	0	0	0	0	0	0	0	0	0	0	0	0	0	0	0	0	0	0	392	0	0	0	0	0	0	0	0	0	0	0	0	0	0	0	0	0	0	0	0	0	0	0	0	0	0	0	0	0	0	0	0	0	0	0	19822	658	36734	3120	232	138	838	704	6074	1602	37924	2744	0	4800	20368	1466	5868	0	0	86	104	1254	8864	6644	2930	0	
288132	Cerebelum_8_R	0	0	0	0	0	0	0	0	0	0	0	0	0	0	0	0	0	0	0	0	0	0	0	0	0	0	0	0	0	0	0	0	0	0	0	0	0	0	0	0	0	0	0	0	0	0	0	0	0	0	0	0	0	0	0	0	0	0	0	0	0	0	0	0	0	0	0	0	0	0	0	0	0	0	0	0	0	0	0	0	0	0	0	0	0	0	0	0	0	0	6096	12460	8380	36218	0	274	0	778	486	3728	4890	32300	4800	0	714	14710	0	1030	0	160	0	446	10984	4192	1420	0	
151044	Cerebelum_9_L	0	0	0	0	0	0	0	0	0	0	0	0	0	0	0	0	0	0	0	0	0	0	0	0	0	0	0	0	0	0	0	0	0	0	0	0	0	0	0	0	0	0	0	0	0	0	82	160	0	0	0	0	0	0	266	148	0	0	0	0	0	0	0	0	0	0	0	0	0	0	0	0	0	0	0	0	0	0	0	0	0	0	0	0	0	0	0	0	0	0	4672	240	6560	0	2128	0	6060	344	5020	348	7676	142	20368	714	0	1714	7614	0	0	0	2056	2222	1330	2204	2378	1076	
120144	Cerebelum_9_R	0	0	0	0	0	0	0	0	0	0	0	0	0	0	0	0	0	0	0	0	0	0	0	0	0	0	0	0	0	0	0	0	0	0	0	0	0	0	0	0	0	0	0	0	0	0	0	0	0	0	0	0	0	0	0	0	0	0	0	0	0	0	0	0	0	0	0	0	0	0	0	0	0	0	0	0	0	0	0	0	0	0	0	0	0	0	0	0	0	0	1730	1570	982	4490	104	894	628	792	910	2180	874	4768	1466	14710	1714	0	0	3024	236	800	1174	3072	3194	3716	5284	1760	
43788	Cerebelum_10_L	0	0	0	0	0	0	0	0	0	0	0	0	0	0	0	0	0	0	0	0	0	0	0	0	0	0	0	0	0	0	0	0	0	0	0	0	0	0	0	0	0	0	0	0	0	0	0	0	0	0	0	0	0	0	92	0	0	0	0	0	0	0	0	0	0	0	0	0	0	0	0	0	0	0	0	0	0	0	0	0	0	0	0	0	0	0	0	0	0	0	1538	0	2256	0	404	0	962	0	596	0	2564	0	5868	0	7614	0	0	0	0	0	0	0	0	0	0	0	
12480	Cerebelum_10_R	0	0	0	0	0	0	0	0	0	0	0	0	0	0	0	0	0	0	0	0	0	0	0	0	0	0	0	0	0	0	0	0	0	0	0	0	0	0	0	0	0	0	0	0	0	0	0	0	0	0	0	0	0	0	0	0	0	0	0	0	0	0	0	0	0	0	0	0	0	0	0	0	0	0	0	0	0	0	0	0	0	0	0	0	0	0	0	0	0	0	0	350	0	266	0	0	0	0	0	848	0	120	0	1030	0	3024	0	0	0	0	0	88	84	106	208	116	
18128	Vermis_1_2	0	0	0	0	0	0	0	0	0	0	0	0	0	0	0	0	0	0	0	0	0	0	0	0	0	0	0	0	0	0	0	0	0	0	0	0	0	0	114	0	0	0	0	0	0	0	0	0	0	0	0	0	0	0	0	0	0	0	0	0	0	0	0	0	0	0	0	0	0	0	0	0	0	0	0	0	0	0	0	0	0	0	0	0	0	0	0	0	0	0	0	150	0	0	602	600	478	0	298	222	0	0	0	0	0	236	0	0	0	5100	1052	118	0	0	94	0	
51812	Vermis_3	0	0	0	0	0	0	0	0	0	0	0	0	0	0	0	0	0	0	0	0	0	0	0	0	0	0	0	0	0	0	0	0	0	0	0	0	152	0	220	0	0	0	0	0	0	0	0	0	0	0	0	0	0	0	0	0	0	0	0	0	0	0	0	0	0	0	0	0	0	0	0	0	0	0	0	0	0	0	0	0	0	0	0	0	0	0	0	0	0	0	354	1612	100	0	1348	3892	1588	1608	1058	2334	86	0	86	160	0	800	0	0	5100	0	3192	722	580	438	476	0	
164084	Vermis_4_5	0	0	0	0	0	0	0	0	0	0	0	0	0	0	0	0	0	0	0	0	0	0	0	0	0	0	0	0	0	0	0	0	0	0	0	558	0	364	0	314	0	0	0	204	0	0	2090	5664	0	0	0	0	0	268	1532	4042	0	0	0	0	0	0	0	0	0	0	0	794	0	116	0	0	0	0	0	0	0	0	0	0	0	0	0	0	0	0	0	0	0	0	764	7378	100	0	1140	616	10390	10878	6454	12096	88	0	104	0	2056	1174	0	0	1052	3192	0	5342	148	448	1112	1564	
185588	Vermis_6	0	0	0	0	0	0	0	0	0	0	0	0	0	0	0	0	0	0	0	0	0	0	0	0	0	0	0	0	0	0	0	0	0	0	0	0	0	0	0	0	0	0	0	90	0	0	2448	8012	0	0	0	0	202	348	2280	4842	0	0	0	0	0	0	0	0	0	0	0	0	0	0	0	0	0	0	0	0	0	0	0	0	0	0	0	0	0	0	0	0	0	0	5988	6256	1384	162	496	860	3628	766	12766	12680	860	0	1254	446	2222	3072	0	88	118	722	5342	0	6838	3050	3752	1822	
