data	data	335288	177352	1.26083e+06	1.23431e+06	154424	223612	638144	355840	114380	25904	411264	161944	394216	160124	248896	96036	389324	132828	679260	994480	75736	74548	616480	765180	47984	130824	60416	127744	742980	351028	499776	733660	190708	655920	208900	197808	301504	288060	109464	142600	23616	37300	197568	242596	137564	316392	180840	224040	170092	301420	488224	208832	171680	95764	310548	267968	243852	104128	75820	25596	86960	48240	69264	77348	70160	65156	217024	377584	118792	87632	421356	504708	483112	407748	76128	31116	131320	293932	127024	29536	256852	87924	162032	62332	372508	254248	38692	20016	390580	174256	414024	294076	265736	242860	23652	38732	180288	195044	300944	310216	229820	164012	305508	252780	159172	91172	15696	3576	12444	33884	171164	138552	182840	103500	73320	18396	
data	data	Precentral_L	Precentral_R	Frontal_Sup_L	Frontal_Sup_R	Frontal_Sup_Orb_L	Frontal_Sup_Orb_R	Frontal_Mid_L	Frontal_Mid_R	Frontal_Mid_Orb_L	Frontal_Mid_Orb_R	Frontal_Inf_Oper_L	Frontal_Inf_Oper_R	Frontal_Inf_Tri_L	Frontal_Inf_Tri_R	Frontal_Inf_Orb_L	Frontal_Inf_Orb_R	Rolandic_Oper_L	Rolandic_Oper_R	Supp_Motor_Area_L	Supp_Motor_Area_R	Olfactory_L	Olfactory_R	Frontal_Sup_Medial_L	Frontal_Sup_Medial_R	Frontal_Med_Orb_L	Frontal_Med_Orb_R	Rectus_L	Rectus_R	Insula_L	Insula_R	Cingulum_Ant_L	Cingulum_Ant_R	Cingulum_Mid_L	Cingulum_Mid_R	Cingulum_Post_L	Cingulum_Post_R	Hippocampus_L	Hippocampus_R	ParaHippocampal_L	ParaHippocampal_R	Amygdala_L	Amygdala_R	Calcarine_L	Calcarine_R	Cuneus_L	Cuneus_R	Lingual_L	Lingual_R	Occipital_Sup_L	Occipital_Sup_R	Occipital_Mid_L	Occipital_Mid_R	Occipital_Inf_L	Occipital_Inf_R	Fusiform_L	Fusiform_R	Postcentral_L	Postcentral_R	Parietal_Sup_L	Parietal_Sup_R	Parietal_Inf_L	Parietal_Inf_R	SupraMarginal_L	SupraMarginal_R	Angular_L	Angular_R	Precuneus_L	Precuneus_R	Paracentral_Lobule_L	Paracentral_Lobule_R	Caudate_L	Caudate_R	Putamen_L	Putamen_R	Pallidum_L	Pallidum_R	Thalamus_L	Thalamus_R	Heschl_L	Heschl_R	Temporal_Sup_L	Temporal_Sup_R	Temporal_Pole_Sup_L	Temporal_Pole_Sup_R	Temporal_Mid_L	Temporal_Mid_R	Temporal_Pole_Mid_L	Temporal_Pole_Mid_R	Temporal_Inf_L	Temporal_Inf_R	Cerebelum_Crus1_L	Cerebelum_Crus1_R	Cerebelum_Crus2_L	Cerebelum_Crus2_R	Cerebelum_3_L	Cerebelum_3_R	Cerebelum_4_5_L	Cerebelum_4_5_R	Cerebelum_6_L	Cerebelum_6_R	Cerebelum_7b_L	Cerebelum_7b_R	Cerebelum_8_L	Cerebelum_8_R	Cerebelum_9_L	Cerebelum_9_R	Cerebelum_10_L	Cerebelum_10_R	Vermis_1_2	Vermis_3	Vermis_4_5	Vermis_6	Vermis_7	Vermis_8	Vermis_9	Vermis_10	
335288	Precentral_L	0	260	10772	1048	0	0	22672	0	0	0	14868	0	2496	0	0	0	12226	0	7048	1564	0	0	0	140	0	0	0	0	11286	0	134	144	2236	300	3538	444	2968	444	504	0	0	0	930	0	318	0	0	0	1230	0	10458	0	1994	0	626	0	20496	0	962	0	486	0	482	0	126	0	1028	0	5754	0	180	402	3950	0	0	0	1020	518	5304	0	3138	0	0	0	7276	0	0	0	5874	0	0	0	0	0	0	0	0	0	0	0	0	0	0	0	0	0	0	0	0	0	0	0	0	0	0	0	
177352	Precentral_R	260	0	150	9958	0	0	372	12268	0	0	0	5440	0	0	0	0	0	1462	224	9222	0	0	0	0	0	0	0	0	0	910	0	0	98	6076	1174	4410	120	1470	0	298	0	0	0	834	0	1238	0	0	0	1034	0	634	0	1082	0	280	0	9194	0	0	0	264	0	476	0	0	0	6290	0	1442	312	322	0	4960	0	258	0	1182	0	170	0	1270	0	0	0	2136	0	0	0	1386	0	0	0	0	0	0	0	0	0	0	0	0	0	0	0	0	0	0	0	0	0	0	0	0	0	0	
1.26083e+06	Frontal_Sup_L	10772	150	0	29536	10574	386	84050	1388	6530	0	17436	462	25196	236	12282	0	18338	280	70578	23326	376	106	66048	30334	2516	1210	2538	396	35306	950	27686	20672	6492	18620	1428	1184	8778	770	932	204	150	0	0	0	0	0	0	0	116	0	1036	0	176	0	704	0	4616	0	0	0	0	0	864	0	0	0	0	0	1144	0	11168	5104	36192	2494	7098	112	5656	3036	1692	0	5214	0	3596	108	872	0	0	0	1202	0	0	0	0	0	0	0	0	0	0	0	0	0	0	0	0	0	0	0	0	0	0	0	0	0	0	0	
1.23431e+06	Frontal_Sup_R	1048	9958	29536	0	322	17886	6994	46560	0	392	8064	9954	6410	13600	2474	6226	3972	3922	24674	92074	0	532	22520	65424	144	5510	96	6932	10868	17124	12352	47166	3394	36976	1444	2808	1636	2130	476	666	0	306	0	358	0	194	482	0	0	0	0	0	0	0	252	162	150	272	0	0	0	0	0	276	0	0	96	2706	228	640	12724	28766	8436	17480	844	730	2226	11702	0	294	1812	160	1972	1142	0	0	0	0	98	0	0	0	0	0	0	0	384	0	0	0	0	0	0	0	0	0	0	0	0	0	0	0	0	0	0	0	
154424	Frontal_Sup_Orb_L	0	0	10574	322	0	140	1330	0	15022	0	0	96	158	0	11850	0	0	0	0	150	2244	0	4044	1486	3618	690	5554	196	4588	146	3520	1444	0	0	0	0	0	0	0	0	0	0	0	0	0	0	0	0	0	0	0	0	0	0	0	0	0	0	0	0	0	0	0	0	0	0	0	0	0	0	2086	810	6266	736	0	0	0	0	0	0	0	0	142	0	0	0	0	0	0	0	0	0	0	0	0	0	0	0	0	0	0	0	0	0	0	0	0	0	0	0	0	0	0	0	0	0	
223612	Frontal_Sup_Orb_R	0	0	386	17886	140	0	0	2324	0	4336	102	1256	0	1358	0	4520	108	0	260	1974	0	1318	680	15198	240	8784	0	12810	202	6180	910	11110	0	134	0	0	0	196	0	104	0	348	0	0	0	0	0	0	0	0	0	0	0	0	0	0	0	0	0	0	0	0	0	0	0	0	0	0	0	0	1000	7260	846	9102	0	152	0	390	0	0	96	0	96	0	0	0	0	0	0	0	0	0	0	0	0	0	0	0	0	0	0	0	0	0	0	0	0	0	0	0	0	0	0	0	0	0	
638144	Frontal_Mid_L	22672	372	84050	6994	1330	0	0	342	6510	0	16804	0	38646	0	9980	0	10620	0	3768	2868	188	0	26048	9480	0	0	842	0	29528	0	8806	5506	3228	5660	270	144	1250	288	162	126	0	0	0	0	0	0	0	0	96	0	1458	0	0	0	0	0	5154	0	0	0	0	0	122	0	0	0	0	0	134	0	2324	754	5856	198	242	0	130	278	2400	0	1330	0	378	0	1188	0	0	0	548	0	0	0	0	0	0	0	0	0	0	0	0	0	0	0	0	0	0	0	0	0	0	0	0	0	0	0	
355840	Frontal_Mid_R	0	12268	1388	46560	0	2324	342	0	0	2804	234	8018	352	15966	252	5704	198	3004	970	6366	0	0	1200	7776	0	0	0	308	1696	6748	878	3716	0	1744	178	184	182	3460	104	1060	0	0	0	0	0	0	262	0	0	0	0	0	0	128	0	300	0	480	0	0	0	0	0	262	0	0	0	122	0	0	2522	11034	1184	16170	134	3314	0	4410	0	112	186	562	196	190	0	0	0	0	0	0	0	0	0	0	0	0	368	0	0	0	0	0	0	0	0	0	0	0	0	0	0	0	0	0	0	0	
114380	Frontal_Mid_Orb_L	0	0	6530	0	15022	0	6510	0	0	0	0	0	2474	0	16018	0	0	0	0	0	272	0	120	0	922	0	1838	0	3914	0	474	0	0	0	0	0	0	0	0	0	0	0	0	0	0	0	0	0	0	0	0	0	0	0	0	0	0	0	0	0	0	0	0	0	0	0	0	0	0	0	302	0	2404	0	0	0	0	0	0	0	0	0	390	0	0	0	0	0	0	0	0	0	0	0	0	0	0	0	0	0	0	0	0	0	0	0	0	0	0	0	0	0	0	0	0	0	
25904	Frontal_Mid_Orb_R	0	0	0	392	0	4336	0	2804	0	0	0	0	0	1176	0	3682	0	0	0	118	0	0	0	174	0	0	0	120	0	0	0	0	0	150	0	0	0	0	0	0	0	0	0	0	0	0	0	0	0	0	0	0	0	0	0	0	0	0	0	0	0	0	0	0	0	0	0	0	0	0	0	0	0	0	0	0	0	0	0	0	0	0	0	0	0	0	0	0	0	0	0	0	0	0	0	0	0	0	0	0	0	0	0	0	0	0	0	0	0	0	0	0	0	0	0	0	
411264	Frontal_Inf_Oper_L	14868	0	17436	8064	0	102	16804	234	0	0	0	116	16002	0	536	0	20952	0	8152	10730	0	0	1706	1456	0	0	0	0	28602	240	3948	1628	362	5514	0	0	1454	1298	0	1114	0	0	0	0	0	0	0	0	0	0	102	0	0	0	126	0	5316	0	0	0	0	0	0	0	0	0	0	0	0	0	9656	1730	3662	1304	0	0	0	0	2722	0	10226	0	9294	0	0	0	0	0	176	0	0	0	0	0	0	0	0	0	0	0	0	0	0	0	0	0	0	0	0	0	0	0	0	0	0	0	
161944	Frontal_Inf_Oper_R	0	5440	462	9954	96	1256	0	8018	0	0	116	0	0	8034	0	0	0	4058	222	7702	0	0	216	2450	0	184	0	328	222	11492	314	2348	0	222	0	0	0	412	0	0	0	0	0	0	0	0	0	0	0	0	0	0	0	0	0	0	0	1440	0	0	0	0	0	0	0	0	0	0	0	0	968	7046	536	3584	0	0	0	1030	0	0	0	106	0	2716	0	0	0	0	0	0	0	0	0	0	0	0	0	0	0	0	0	0	0	0	0	0	0	0	0	0	0	0	0	0	0	0	
394216	Frontal_Inf_Tri_L	2496	0	25196	6410	158	0	38646	352	2474	0	16002	0	0	0	24558	0	1442	0	4880	3692	0	0	8976	5632	0	0	0	0	28696	124	5970	1890	960	3064	0	0	266	1070	0	958	0	0	0	0	0	0	0	0	0	0	0	0	0	0	0	0	486	0	0	0	0	0	0	0	0	0	0	0	0	0	4572	1014	4476	1142	0	0	0	0	364	0	404	0	738	0	0	0	0	0	0	0	0	0	0	0	0	0	0	0	0	0	0	0	0	0	0	0	0	0	0	0	0	0	0	0	0	0	
160124	Frontal_Inf_Tri_R	0	0	236	13600	0	1358	0	15966	0	1176	0	8034	0	0	0	5170	0	224	448	8060	0	0	0	4824	0	0	0	186	156	11696	342	2442	0	852	0	0	0	112	0	0	0	0	0	0	0	0	0	0	0	0	0	0	0	0	0	0	0	0	0	0	0	0	0	0	0	0	0	0	0	0	700	2394	440	1646	0	0	0	0	0	0	0	0	0	0	0	0	0	0	0	0	0	0	0	0	0	0	0	0	0	0	0	0	0	0	0	0	0	0	0	0	0	0	0	0	0	0	
248896	Frontal_Inf_Orb_L	0	0	12282	2474	11850	0	9980	252	16018	0	536	0	24558	0	0	0	360	0	398	1166	2402	0	2506	1656	228	0	1174	0	19232	0	738	316	688	544	0	0	304	0	0	0	162	0	0	0	0	0	0	0	0	0	0	0	0	0	0	0	0	0	0	0	0	0	0	0	0	0	0	0	0	0	3144	470	9116	0	0	0	0	0	0	0	240	0	1654	0	0	0	0	0	0	0	0	0	0	0	0	0	0	0	0	0	0	0	0	0	0	0	0	0	0	0	0	0	0	0	0	0	
96036	Frontal_Inf_Orb_R	0	0	0	6226	0	4520	0	5704	0	3682	0	0	0	5170	0	0	0	0	408	1304	0	704	470	2982	0	286	0	1254	0	9602	0	1868	0	1212	0	0	0	0	0	0	0	0	0	0	0	0	0	0	0	0	0	0	0	0	0	0	0	0	0	0	0	0	0	0	0	0	0	0	0	0	174	1516	0	802	0	0	0	0	0	0	0	0	0	134	0	0	0	0	0	0	0	0	0	0	0	0	0	0	0	0	0	0	0	0	0	0	0	0	0	0	0	0	0	0	0	0	
389324	Rolandic_Oper_L	12226	0	18338	3972	0	108	10620	198	0	0	20952	0	1442	0	360	0	0	0	7804	5786	0	0	254	330	0	0	0	0	37812	206	718	720	156	3054	122	0	1366	0	0	0	0	0	154	0	0	0	0	0	486	0	3906	0	564	0	334	0	9208	0	0	0	296	0	698	0	182	0	162	0	166	0	6210	1010	3484	100	104	0	0	0	7984	0	15302	0	8752	0	5068	0	0	0	3948	0	0	0	0	0	0	0	0	0	0	0	0	0	0	0	0	0	0	0	0	0	0	0	0	0	0	0	
132828	Rolandic_Oper_R	0	1462	280	3922	0	0	0	3004	0	0	0	4058	0	224	0	0	0	0	190	3080	0	0	0	290	0	0	0	0	0	14672	130	220	0	0	692	768	696	2570	240	154	0	0	0	0	0	0	244	0	0	0	0	94	0	590	190	910	0	2962	0	0	0	876	0	2728	0	0	0	0	0	0	510	3106	286	4166	100	106	0	1438	0	2906	0	4758	0	3478	0	126	0	0	0	188	0	0	0	0	0	0	0	0	0	0	0	0	0	0	0	0	0	0	0	0	0	0	0	0	0	0	
679260	Supp_Motor_Area_L	7048	224	70578	24674	0	260	3768	970	0	0	8152	222	4880	448	398	408	7804	190	0	49224	0	0	7984	7652	0	0	0	0	8848	374	7206	10348	7688	23330	1802	1208	8190	572	1092	0	0	0	180	0	608	0	0	0	304	0	1214	0	194	0	502	0	3708	108	0	0	0	0	946	0	94	0	464	130	4928	0	8232	3248	18710	826	8674	0	12568	3136	946	0	1876	0	582	0	902	0	0	0	1008	0	0	0	0	0	0	0	0	0	0	0	0	0	0	0	0	0	0	0	0	0	0	0	0	0	0	0	
994480	Supp_Motor_Area_R	1564	9222	23326	92074	150	1974	2868	6366	0	118	10730	7702	3692	8060	1166	1304	5786	3080	49224	0	0	0	3704	15944	0	216	0	164	10868	7338	6912	17170	8760	52446	3406	7474	3604	3796	1244	976	0	0	0	2370	0	1226	902	0	0	852	0	0	0	0	592	374	140	536	0	172	0	0	0	94	0	0	308	12880	2700	8340	11940	28496	8020	7530	1802	460	4040	23556	0	212	2520	286	2628	978	0	278	0	0	152	214	0	0	0	0	0	0	214	0	0	0	0	0	0	0	0	0	0	0	0	0	0	0	0	0	0	0	
75736	Olfactory_L	0	0	376	0	2244	0	188	0	272	0	0	0	0	0	2402	0	0	0	0	0	0	5562	122	102	170	394	1680	736	3128	0	2284	1700	0	0	0	0	466	0	160	0	276	0	0	0	0	0	0	0	0	0	0	0	0	0	0	0	0	0	0	0	0	0	0	0	0	0	0	0	0	0	7870	2394	5176	0	0	0	0	0	0	0	0	0	166	0	0	0	0	0	0	0	0	0	0	0	0	0	0	0	0	0	0	0	0	0	0	0	0	0	0	0	0	0	0	0	0	0	
74548	Olfactory_R	0	0	106	532	0	1318	0	0	0	0	0	0	0	0	0	704	0	0	0	0	5562	0	142	260	0	1054	260	2834	0	2718	1976	2822	0	0	0	0	0	0	0	0	114	752	0	0	0	0	0	0	0	0	0	0	0	0	0	0	0	0	0	0	0	0	0	0	0	0	0	0	0	0	6872	4076	4594	364	94	0	0	0	0	0	0	0	0	120	0	0	0	0	0	0	0	0	0	0	0	0	0	0	0	0	0	0	0	0	0	0	0	0	0	0	0	0	0	0	0	0	
616480	Frontal_Sup_Medial_L	0	0	66048	22520	4044	680	26048	1200	120	0	1706	216	8976	0	2506	470	254	0	7984	3704	122	142	0	45674	3458	3180	1742	514	1802	430	33356	30976	8160	23226	0	0	0	0	0	0	0	0	0	0	0	0	0	0	0	0	0	0	0	0	0	0	0	0	0	0	0	0	0	0	0	0	0	0	0	0	1520	2422	2738	2002	0	104	0	196	0	0	0	0	0	0	0	0	0	0	0	0	0	0	0	0	0	0	0	0	0	0	0	0	0	0	0	0	0	0	0	0	0	0	0	0	0	0	
765180	Frontal_Sup_Medial_R	140	0	30334	65424	1486	15198	9480	7776	0	174	1456	2450	5632	4824	1656	2982	330	290	7652	15944	102	260	45674	0	1174	9830	474	7500	1572	8614	21326	52966	1972	27742	0	0	0	384	0	160	0	0	0	0	0	0	0	0	0	0	0	0	0	0	0	0	0	0	0	0	0	0	0	0	0	0	0	0	0	0	2420	11852	2132	11688	0	262	0	662	0	0	218	0	208	170	0	0	0	0	0	0	0	0	0	0	0	0	0	0	0	0	0	0	0	0	0	0	0	0	0	0	0	0	0	0	0	0	
47984	Frontal_Med_Orb_L	0	0	2516	144	3618	240	0	0	922	0	0	0	0	0	228	0	0	0	0	0	170	0	3458	1174	0	1534	2612	0	0	0	5072	604	0	0	0	0	0	0	0	0	0	0	0	0	0	0	0	0	0	0	0	0	0	0	0	0	0	0	0	0	0	0	0	0	0	0	0	0	0	0	672	214	624	190	0	0	0	0	0	0	0	0	0	0	0	0	0	0	0	0	0	0	0	0	0	0	0	0	0	0	0	0	0	0	0	0	0	0	0	0	0	0	0	0	0	0	
130824	Frontal_Med_Orb_R	0	0	1210	5510	690	8784	0	0	0	0	0	184	0	0	0	286	0	0	0	216	394	1054	3180	9830	1534	0	106	9220	0	576	3856	8190	0	0	0	0	0	0	0	0	0	0	0	0	0	0	0	0	0	0	0	0	0	0	0	0	0	0	0	0	0	0	0	0	0	0	0	0	0	0	354	3910	264	5752	0	108	0	204	0	0	0	0	0	0	0	0	0	0	0	0	0	0	0	0	0	0	0	0	0	0	0	0	0	0	0	0	0	0	0	0	0	0	0	0	0	0	
60416	Rectus_L	0	0	2538	96	5554	0	842	0	1838	0	0	0	0	0	1174	0	0	0	0	0	1680	260	1742	474	2612	106	0	106	158	0	5058	484	0	0	0	0	0	0	0	0	0	0	0	0	0	0	0	0	0	0	0	0	0	0	0	0	0	0	0	0	0	0	0	0	0	0	0	0	0	0	2608	0	2878	0	0	0	0	0	0	0	0	0	0	0	0	0	0	0	0	0	0	0	0	0	0	0	0	0	0	0	0	0	0	0	0	0	0	0	0	0	0	0	0	0	0	0	
127744	Rectus_R	0	0	396	6932	196	12810	0	308	0	120	0	328	0	186	0	1254	0	0	0	164	736	2834	514	7500	0	9220	106	0	0	2982	1016	5702	0	0	0	0	0	98	0	0	0	140	0	0	0	0	0	0	0	0	0	0	0	0	0	0	0	0	0	0	0	0	0	0	0	0	0	0	0	0	726	2626	566	6268	0	0	0	144	0	0	0	0	0	0	0	0	0	0	0	0	0	0	0	0	0	0	0	0	0	0	0	0	0	0	0	0	0	0	0	0	0	0	0	0	0	0	
742980	Insula_L	11286	0	35306	10868	4588	202	29528	1696	3914	0	28602	222	28696	156	19232	0	37812	0	8848	10868	3128	0	1802	1572	0	0	158	0	0	368	5754	1210	396	4636	714	568	11754	1836	964	1124	1150	0	248	0	122	0	0	0	562	0	4696	0	712	0	3274	0	3148	0	0	0	244	0	276	0	0	0	204	0	178	0	14956	4318	21938	1366	390	0	688	724	6294	0	14812	0	11328	0	5476	0	250	0	6328	0	0	0	0	0	0	0	0	0	0	0	0	0	0	0	0	0	0	0	0	0	0	0	0	0	0	0	
351028	Insula_R	0	910	950	17124	146	6180	0	6748	0	0	240	11492	124	11696	0	9602	206	14672	374	7338	0	2718	430	8614	0	576	0	2982	368	0	820	6748	0	678	1052	1150	1056	5328	460	720	0	858	0	0	0	0	458	0	0	0	0	152	0	958	346	1960	0	786	0	0	0	672	0	1216	0	0	0	0	0	0	1544	10380	856	16768	0	170	0	1980	0	3078	184	4932	190	3700	0	1962	0	0	0	862	0	0	0	0	0	0	0	0	0	0	0	0	0	0	0	0	0	0	0	0	0	0	0	0	0	0	
499776	Cingulum_Ant_L	134	0	27686	12352	3520	910	8806	878	474	0	3948	314	5970	342	738	0	718	130	7206	6912	2284	1976	33356	21326	5072	3856	5058	1016	5754	820	0	35090	9168	16102	0	0	0	648	0	510	0	0	0	0	0	0	0	0	0	0	0	0	0	0	0	0	0	0	0	0	0	0	0	0	0	0	0	0	0	0	8926	5086	7986	3226	0	108	0	392	0	0	534	0	556	0	0	0	0	0	0	0	0	0	0	0	0	0	0	0	0	0	0	0	0	0	0	0	0	0	0	0	0	0	0	0	0	0	
733660	Cingulum_Ant_R	144	0	20672	47166	1444	11110	5506	3716	0	0	1628	2348	1890	2442	316	1868	720	220	10348	17170	1700	2822	30976	52966	604	8190	484	5702	1210	6748	35090	0	6822	34120	0	0	0	662	0	380	0	0	0	0	0	0	0	0	0	0	0	0	0	0	0	0	0	0	0	0	0	0	0	0	0	0	0	0	0	0	6280	23330	3350	13390	154	386	126	1662	0	0	484	0	484	0	0	0	0	0	0	0	0	0	0	0	0	0	0	0	0	0	0	0	0	0	0	0	0	0	0	0	0	0	0	0	0	0	
190708	Cingulum_Mid_L	2236	98	6492	3394	0	0	3228	0	0	0	362	0	960	0	688	0	156	0	7688	8760	0	0	8160	1972	0	0	0	0	396	0	9168	6822	0	14196	3876	100	0	0	0	0	0	0	160	0	790	0	0	0	2004	0	2400	0	144	0	0	0	150	0	228	0	0	0	0	0	0	0	3548	1066	4600	712	110	0	130	0	0	0	0	0	0	0	0	0	0	0	322	0	0	0	238	0	0	0	0	0	0	0	0	0	0	0	0	0	0	0	0	0	0	0	0	0	0	0	0	0	0	0	
655920	Cingulum_Mid_R	300	6076	18620	36976	0	134	5660	1744	0	150	5514	222	3064	852	544	1212	3054	0	23330	52446	0	0	23226	27742	0	0	0	0	4636	678	16102	34120	14196	0	842	5704	128	572	0	294	0	0	0	1932	0	1938	0	0	0	1344	0	0	0	108	0	146	0	154	0	0	0	0	0	0	0	0	350	14596	2620	6380	3188	832	708	900	114	0	110	658	0	0	1428	0	1452	0	0	472	0	0	0	392	0	0	0	0	0	0	0	0	0	0	0	0	0	0	0	0	0	0	0	0	0	0	0	0	0	0	
208900	Cingulum_Post_L	3538	1174	1428	1444	0	0	270	178	0	0	0	0	0	0	0	0	122	692	1802	3406	0	0	0	0	0	0	0	0	714	1052	0	0	3876	842	0	11476	10886	6196	4324	900	0	0	5680	0	4334	0	3538	100	240	0	2452	0	804	0	2406	330	0	0	0	0	0	0	0	0	0	0	10422	954	1560	0	0	676	452	2308	0	0	2364	8108	106	0	184	138	0	0	1692	0	0	0	1282	0	0	0	0	0	0	0	0	0	0	0	0	0	0	0	0	0	0	0	0	0	0	0	0	0	0	0	
197808	Cingulum_Post_R	444	4410	1184	2808	0	0	144	184	0	0	0	0	0	0	0	0	0	768	1208	7474	0	0	0	0	0	0	0	0	568	1150	0	0	100	5704	11476	0	7720	10132	2806	2556	0	0	0	1468	0	824	2528	1488	0	448	0	252	0	1160	1722	1182	0	0	0	0	0	0	0	0	0	0	614	9440	892	1312	0	598	448	2446	0	0	1820	8014	0	0	120	218	0	0	0	520	0	0	0	390	0	0	0	0	0	0	0	0	0	0	0	0	0	0	0	0	0	0	0	0	164	0	0	0	0	0	
301504	Hippocampus_L	2968	120	8778	1636	0	0	1250	182	0	0	1454	0	266	0	304	0	1366	696	8190	3604	466	0	0	0	0	0	0	0	11754	1056	0	0	0	128	10886	7720	0	5986	12110	896	4234	0	2868	0	0	0	5400	102	0	0	922	0	180	0	10334	320	276	0	0	0	0	0	0	0	0	0	3942	772	152	0	490	582	9268	2288	422	0	5386	8898	1316	0	1818	140	1232	0	644	0	328	0	6622	0	0	0	0	0	0	0	0	0	0	0	0	0	0	0	0	0	0	0	0	0	0	0	0	0	0	0	
288060	Hippocampus_R	444	1470	770	2130	0	196	288	3460	0	0	1298	412	1070	112	0	0	0	2570	572	3796	0	0	0	384	0	0	0	98	1836	5328	648	662	0	572	6196	10132	5986	0	2366	19554	0	5974	0	1646	0	0	2234	3286	0	0	0	222	0	602	1398	17014	0	168	0	0	0	100	0	372	0	0	248	5024	0	232	1610	918	840	14624	0	1054	596	7538	0	492	154	1630	0	786	0	264	0	0	0	2200	0	0	0	0	0	0	208	0	0	0	0	0	0	0	0	0	0	0	0	0	246	0	0	0	0	0	
109464	ParaHippocampal_L	504	0	932	476	0	0	162	104	0	0	0	0	0	0	0	0	0	240	1092	1244	160	0	0	0	0	0	0	0	964	460	0	0	0	0	4324	2806	12110	2366	0	462	1302	0	1280	0	0	0	5540	0	0	0	664	0	208	0	6468	170	0	0	0	0	0	0	0	0	0	0	1572	0	0	0	0	114	1236	1066	0	0	1260	3016	0	0	0	96	918	0	0	0	910	0	248	0	0	0	0	0	140	0	118	0	0	0	0	0	0	0	0	0	0	0	0	0	0	0	0	0	0	0	
142600	ParaHippocampal_R	0	298	204	666	0	104	126	1060	0	0	1114	0	958	0	0	0	0	154	0	976	0	0	0	160	0	0	0	0	1124	720	510	380	0	294	900	2556	896	19554	462	0	0	4440	0	884	0	0	516	2618	0	0	0	164	0	264	230	11404	0	0	0	0	0	0	0	0	0	0	0	2412	0	0	1352	526	348	5724	0	650	0	1312	0	0	0	116	0	2648	0	94	0	1408	0	690	0	0	0	0	0	0	166	118	0	0	0	0	0	0	0	0	0	0	0	0	0	0	0	0	0	0	
23616	Amygdala_L	0	0	150	0	0	0	0	0	0	0	0	0	0	0	162	0	0	0	0	0	276	114	0	0	0	0	0	0	1150	0	0	0	0	0	0	0	4234	0	1302	0	0	0	0	0	0	0	0	0	0	0	0	0	0	0	1418	0	0	0	0	0	0	0	0	0	0	0	0	0	0	0	160	0	886	0	0	0	0	0	0	0	0	0	624	0	0	0	370	0	962	0	0	0	0	0	0	0	0	0	0	0	0	0	0	0	0	0	0	0	0	0	0	0	0	0	0	0	
37300	Amygdala_R	0	0	0	306	0	348	0	0	0	0	0	0	0	0	0	0	0	0	0	0	0	752	0	0	0	0	0	140	0	858	0	0	0	0	0	0	0	5974	0	4440	0	0	0	0	0	0	0	0	0	0	0	0	0	0	0	2714	0	0	0	0	0	0	0	0	0	0	0	0	0	0	0	0	0	1356	0	0	0	0	0	0	0	0	0	1602	0	0	0	160	0	0	0	0	0	0	0	0	0	0	0	0	0	0	0	0	0	0	0	0	0	0	0	0	0	0	0	0	
197568	Calcarine_L	930	0	0	0	0	0	0	0	0	0	0	0	0	0	0	0	154	0	180	0	0	0	0	0	0	0	0	0	248	0	0	0	160	0	5680	0	2868	0	1280	0	0	0	0	2330	11688	2238	7870	868	5076	970	18830	470	9158	0	5598	0	0	0	0	0	0	0	0	0	0	0	13948	126	848	0	0	0	0	0	0	0	0	0	94	0	94	0	0	0	2790	0	0	0	4138	0	0	0	0	0	0	0	0	0	150	0	0	0	0	0	0	0	0	0	0	0	0	0	0	0	0	0	
242596	Calcarine_R	0	834	0	358	0	0	0	0	0	0	0	0	0	0	0	0	0	0	0	2370	0	0	0	0	0	0	0	0	0	0	0	0	0	1932	0	1468	0	1646	0	884	0	0	2330	0	790	21894	236	19270	0	21736	0	15424	0	4072	0	6394	0	0	0	124	0	0	0	0	0	0	182	13474	210	1396	0	0	0	0	0	0	0	0	0	0	0	0	0	0	0	2784	0	0	0	1490	0	0	0	0	0	0	0	0	0	0	0	0	0	0	0	0	0	0	0	0	0	0	0	0	0	0	
137564	Cuneus_L	318	0	0	0	0	0	0	0	0	0	0	0	0	0	0	0	0	0	608	0	0	0	0	0	0	0	0	0	122	0	0	0	790	0	4334	0	0	0	0	0	0	0	11688	790	0	3834	652	0	12130	268	9278	0	2032	0	1138	0	0	0	1090	0	0	0	0	0	100	0	13398	696	1866	0	0	0	0	0	0	0	0	0	132	0	0	0	0	0	2288	0	0	0	1230	0	0	0	0	0	0	0	0	0	0	0	0	0	0	0	0	0	0	0	0	0	0	0	0	0	0	0	
316392	Cuneus_R	0	1238	0	194	0	0	0	0	0	0	0	0	0	0	0	0	0	0	0	1226	0	0	0	0	0	0	0	0	0	0	0	0	0	1938	0	824	0	0	0	0	0	0	2238	21894	3834	0	0	4006	0	42350	0	14078	0	1682	0	1976	0	1516	0	568	0	0	0	278	0	804	1516	29740	0	2076	0	0	0	0	0	0	0	0	0	0	0	734	0	0	0	16060	0	0	0	7426	0	0	0	0	0	0	0	0	0	0	0	0	0	0	0	0	0	0	0	0	0	0	0	0	0	0	
180840	Lingual_L	0	0	0	482	0	0	0	262	0	0	0	0	0	0	0	0	0	244	0	902	0	0	0	0	0	0	0	0	0	458	0	0	0	0	3538	2528	5400	2234	5540	516	0	0	7870	236	652	0	0	1150	1514	0	10600	0	3462	0	11610	290	0	0	0	0	0	0	0	0	0	0	2336	0	0	0	0	0	0	1118	0	0	420	2590	0	0	0	96	0	0	0	0	0	0	822	0	2812	0	0	0	426	0	6288	380	9150	304	0	0	144	0	0	0	0	0	0	0	1770	2154	0	0	0	122	
224040	Lingual_R	0	0	0	0	0	0	0	0	0	0	0	0	0	0	0	0	0	0	0	0	0	0	0	0	0	0	0	0	0	0	0	0	0	0	100	1488	102	3286	0	2618	0	0	868	19270	0	4006	1150	0	0	6426	0	4976	0	4122	142	15390	0	0	0	0	0	0	0	0	0	0	0	6670	0	0	0	0	0	0	0	0	0	180	0	0	0	0	0	0	0	112	0	0	0	0	876	4534	104	162	104	0	778	8824	2662	9630	0	0	0	296	126	0	0	0	0	0	6524	5142	1352	0	0	0	
170092	Occipital_Sup_L	1230	0	116	0	0	0	96	0	0	0	0	0	0	0	0	0	486	0	304	0	0	0	0	0	0	0	0	0	562	0	0	0	2004	0	240	0	0	0	0	0	0	0	5076	0	12130	0	1514	0	0	0	28820	0	900	0	494	0	602	0	6636	0	1974	0	454	0	3044	0	8852	186	1502	0	0	0	0	0	0	0	0	0	394	0	414	0	0	0	3856	0	0	0	3160	0	0	0	0	0	0	0	0	0	0	0	0	0	0	0	0	0	0	0	0	0	0	0	0	0	0	0	
301420	Occipital_Sup_R	0	1034	0	0	0	0	0	0	0	0	0	0	0	0	0	0	0	0	0	852	0	0	0	0	0	0	0	0	0	0	0	0	0	1344	0	448	0	0	0	0	0	0	970	21736	268	42350	0	6426	0	0	0	23696	0	624	0	2114	0	1682	0	808	0	182	0	674	0	4508	226	18886	0	2434	0	0	0	0	0	0	0	0	0	0	0	732	0	0	0	13790	0	0	0	4926	0	0	0	0	0	0	0	0	0	0	0	0	0	0	0	0	0	0	0	0	0	0	0	0	0	0	
488224	Occipital_Mid_L	10458	0	1036	0	0	0	1458	0	0	0	102	0	0	0	0	0	3906	0	1214	0	0	0	0	0	0	0	0	0	4696	0	0	0	2400	0	2452	0	922	0	664	0	0	0	18830	0	9278	0	10600	0	28820	0	0	0	29036	0	13594	0	5748	0	1794	0	4190	0	1010	0	13974	0	9744	0	5050	0	0	0	0	0	0	0	230	0	4416	0	1426	0	0	0	31158	0	0	0	25762	0	0	0	0	0	0	0	0	0	144	0	0	0	0	0	0	0	0	0	0	0	0	0	0	0	0	0	
208832	Occipital_Mid_R	0	634	0	0	0	0	0	0	0	0	0	0	0	0	0	0	0	94	0	0	0	0	0	0	0	0	0	0	0	152	0	0	0	0	0	252	0	222	0	164	0	0	470	15424	0	14078	0	4976	0	23696	0	0	0	3440	0	4052	0	146	0	164	0	1502	0	332	0	11596	0	4058	0	0	0	0	0	0	0	0	0	0	0	0	0	272	0	0	0	14748	0	0	0	3944	0	0	0	0	0	0	0	0	0	0	0	0	0	0	0	0	0	0	0	0	0	0	0	0	0	0	
171680	Occipital_Inf_L	1994	0	176	0	0	0	0	0	0	0	0	0	0	0	0	0	564	0	194	0	0	0	0	0	0	0	0	0	712	0	0	0	144	0	804	0	180	0	208	0	0	0	9158	0	2032	0	3462	0	900	0	29036	0	0	0	9908	0	1060	0	0	0	128	0	0	0	908	0	2240	0	896	0	0	0	0	0	0	0	0	0	290	0	244	0	0	0	6912	0	0	0	13590	0	100	0	0	0	0	0	0	0	0	0	0	0	0	0	0	0	0	0	0	0	0	0	0	0	0	0	
95764	Occipital_Inf_R	0	1082	0	0	0	0	0	128	0	0	0	0	0	0	0	0	0	590	0	0	0	0	0	0	0	0	0	0	0	958	0	0	0	108	0	1160	0	602	0	264	0	0	0	4072	0	1682	0	4122	0	624	0	3440	0	0	0	10062	0	116	0	0	0	0	0	98	0	0	0	3120	0	0	0	0	0	0	0	0	0	0	0	436	0	544	0	0	0	3216	0	0	0	7806	0	138	0	0	0	0	0	940	96	1410	0	0	0	0	0	0	0	0	0	0	676	392	0	0	0	0	
310548	Fusiform_L	626	0	704	252	0	0	0	0	0	0	126	0	0	0	0	0	334	190	502	592	0	0	0	0	0	0	0	0	3274	346	0	0	0	0	2406	1722	10334	1398	6468	230	1418	0	5598	0	1138	0	11610	142	494	0	13594	0	9908	0	0	118	0	0	0	0	0	0	0	0	96	0	1832	0	124	0	0	0	1266	766	0	0	464	1622	466	0	802	0	2872	0	5086	0	3490	0	17858	0	13960	0	152	0	0	0	8390	0	20132	0	258	0	298	0	266	0	0	0	0	0	684	866	0	0	0	0	
267968	Fusiform_R	0	280	0	162	0	0	0	300	0	0	0	0	0	0	0	0	0	910	0	374	0	0	0	0	0	0	0	0	0	1960	0	0	0	146	330	1182	320	17014	170	11404	0	2714	0	6394	0	1976	290	15390	0	2114	0	4052	0	10062	118	0	0	100	0	0	0	0	0	232	0	0	0	2080	0	0	0	0	0	862	0	228	0	526	0	568	0	680	0	2880	0	1086	0	2450	0	8532	0	8244	0	164	0	172	100	8886	316	12822	0	0	0	236	0	0	0	0	0	0	3434	1306	418	0	0	0	
243852	Postcentral_L	20496	0	4616	150	0	0	5154	0	0	0	5316	0	486	0	0	0	9208	0	3708	140	0	0	0	0	0	0	0	0	3148	0	0	0	150	0	0	0	276	0	0	0	0	0	0	0	0	0	0	0	602	0	5748	0	1060	0	0	0	0	0	6938	0	13042	0	9194	0	2122	0	3722	0	4490	0	0	0	164	0	0	0	0	0	4682	0	5430	0	0	0	5710	0	0	0	6174	0	0	0	0	0	0	0	0	0	0	0	0	0	0	0	0	0	0	0	0	0	0	0	0	0	0	0	
104128	Postcentral_R	0	9194	0	272	0	0	0	480	0	0	0	1440	0	0	0	0	0	2962	108	536	0	0	0	0	0	0	0	0	0	786	0	0	0	154	0	0	0	168	0	0	0	0	0	0	0	1516	0	0	0	1682	0	146	0	116	0	100	0	0	0	3302	0	4720	0	10530	0	440	0	5544	0	3032	0	0	0	106	0	0	0	0	0	450	0	1600	0	0	0	1704	0	0	0	976	0	0	0	0	0	0	0	0	0	0	0	0	0	0	0	0	0	0	0	0	0	0	0	0	0	0	
75820	Parietal_Sup_L	962	0	0	0	0	0	0	0	0	0	0	0	0	0	0	0	0	0	0	0	0	0	0	0	0	0	0	0	0	0	0	0	228	0	0	0	0	0	0	0	0	0	0	0	1090	0	0	0	6636	0	1794	0	0	0	0	0	6938	0	0	0	7404	0	0	0	236	0	9598	148	2614	0	0	0	0	0	0	0	0	0	0	0	0	0	0	0	122	0	0	0	140	0	0	0	0	0	0	0	0	0	0	0	0	0	0	0	0	0	0	0	0	0	0	0	0	0	0	0	
25596	Parietal_Sup_R	0	0	0	0	0	0	0	0	0	0	0	0	0	0	0	0	0	0	0	172	0	0	0	0	0	0	0	0	0	0	0	0	0	0	0	0	0	0	0	0	0	0	0	124	0	568	0	0	0	808	0	164	0	0	0	0	0	3302	0	0	0	2794	0	328	0	720	0	3068	0	750	0	0	0	0	0	0	0	0	0	0	0	0	0	0	0	0	0	0	0	0	0	0	0	0	0	0	0	0	0	0	0	0	0	0	0	0	0	0	0	0	0	0	0	0	0	0	
86960	Parietal_Inf_L	486	0	0	0	0	0	0	0	0	0	0	0	0	0	0	0	296	0	0	0	0	0	0	0	0	0	0	0	244	0	0	0	0	0	0	0	0	0	0	0	0	0	0	0	0	0	0	0	1974	0	4190	0	128	0	0	0	13042	0	7404	0	0	0	8096	0	3570	0	818	0	960	0	0	0	0	0	0	0	0	0	202	0	294	0	0	0	1016	0	0	0	760	0	0	0	0	0	0	0	0	0	0	0	0	0	0	0	0	0	0	0	0	0	0	0	0	0	0	0	
48240	Parietal_Inf_R	0	264	0	0	0	0	0	0	0	0	0	0	0	0	0	0	0	876	0	0	0	0	0	0	0	0	0	0	0	672	0	0	0	0	0	0	0	100	0	0	0	0	0	0	0	0	0	0	0	182	0	1502	0	0	0	0	0	4720	0	2794	0	0	0	7598	0	3672	0	0	0	0	0	0	0	0	0	0	0	0	0	204	0	502	0	0	0	684	0	0	0	350	0	0	0	0	0	0	0	0	0	0	0	0	0	0	0	0	0	0	0	0	0	0	0	0	0	0	
69264	SupraMarginal_L	482	0	864	0	0	0	122	0	0	0	0	0	0	0	0	0	698	0	946	0	0	0	0	0	0	0	0	0	276	0	0	0	0	0	0	0	0	0	0	0	0	0	0	0	0	0	0	0	454	0	1010	0	0	0	0	0	9194	0	0	0	8096	0	0	0	2072	0	0	0	0	0	0	0	0	0	0	0	0	0	808	0	4008	0	0	0	3410	0	0	0	2192	0	0	0	0	0	0	0	0	0	0	0	0	0	0	0	0	0	0	0	0	0	0	0	0	0	0	0	
77348	SupraMarginal_R	0	476	0	276	0	0	0	262	0	0	0	0	0	0	0	0	0	2728	0	94	0	0	0	0	0	0	0	0	0	1216	0	0	0	0	0	0	0	372	0	0	0	0	0	0	0	278	0	0	0	674	0	332	0	98	0	232	0	10530	0	328	0	7598	0	0	0	3820	0	428	0	0	0	0	0	0	0	0	0	0	0	718	0	4936	0	0	0	2560	0	0	0	718	0	0	0	0	0	0	0	0	0	0	0	0	0	0	0	0	0	0	0	0	0	0	0	0	0	0	
70160	Angular_L	126	0	0	0	0	0	0	0	0	0	0	0	0	0	0	0	182	0	94	0	0	0	0	0	0	0	0	0	0	0	0	0	0	0	0	0	0	0	0	0	0	0	0	0	100	0	0	0	3044	0	13974	0	908	0	96	0	2122	0	236	0	3570	0	2072	0	0	0	258	0	1022	0	0	0	0	0	0	0	0	0	168	0	870	0	0	0	4690	0	0	0	1548	0	0	0	0	0	0	0	0	0	0	0	0	0	0	0	0	0	0	0	0	0	0	0	0	0	0	0	
65156	Angular_R	0	0	0	0	0	0	0	0	0	0	0	0	0	0	0	0	0	0	0	0	0	0	0	0	0	0	0	0	0	0	0	0	0	0	0	0	0	0	0	0	0	0	0	0	0	804	0	0	0	4508	0	11596	0	0	0	0	0	440	0	720	0	3672	0	3820	0	0	0	376	0	0	0	0	0	0	0	0	0	0	0	0	0	1896	0	0	0	4470	0	0	0	276	0	0	0	0	0	0	0	0	0	0	0	0	0	0	0	0	0	0	0	0	0	0	0	0	0	0	
217024	Precuneus_L	1028	0	0	96	0	0	0	0	0	0	0	0	0	0	0	0	162	0	464	308	0	0	0	0	0	0	0	0	204	0	0	0	3548	350	10422	614	3942	248	1572	0	0	0	13948	182	13398	1516	2336	0	8852	226	9744	0	2240	0	1832	0	3722	0	9598	0	818	0	0	0	258	0	0	3778	5632	260	0	0	0	0	0	0	102	294	100	0	112	0	0	0	3854	0	0	0	2752	0	0	0	0	0	0	0	0	0	0	0	0	0	0	0	0	0	0	0	0	0	0	0	0	0	0	0	
377584	Precuneus_R	0	6290	0	2706	0	0	0	122	0	0	0	0	0	0	0	0	0	0	130	12880	0	0	0	0	0	0	0	0	0	0	0	0	1066	14596	954	9440	772	5024	0	2412	0	0	126	13474	696	29740	0	6670	186	18886	0	4058	0	3120	0	2080	0	5544	148	3068	0	0	0	428	0	376	3778	0	1062	12142	0	0	0	0	0	0	0	850	0	0	0	510	0	0	0	16068	0	0	0	9082	0	0	0	0	0	0	0	0	0	0	0	0	0	0	0	0	0	0	0	0	308	0	0	0	0	0	
118792	Paracentral_Lobule_L	5754	0	1144	228	0	0	134	0	0	0	0	0	0	0	0	0	166	0	4928	2700	0	0	0	0	0	0	0	0	178	0	0	0	4600	2620	1560	892	152	0	0	0	0	0	848	210	1866	0	0	0	1502	0	5050	0	896	0	124	0	4490	0	2614	0	960	0	0	0	1022	0	5632	1062	0	1454	0	0	0	0	0	0	0	0	130	0	0	0	0	0	3160	0	0	0	3320	0	0	0	0	0	0	0	0	0	0	0	0	0	0	0	0	0	0	0	0	0	0	0	0	0	0	0	
87632	Paracentral_Lobule_R	0	1442	0	640	0	0	0	0	0	0	0	0	0	0	0	0	0	0	0	8340	0	0	0	0	0	0	0	0	0	0	0	0	712	6380	0	1312	0	232	0	0	0	0	0	1396	0	2076	0	0	0	2434	0	0	0	0	0	0	0	3032	0	750	0	0	0	0	0	0	260	12142	1454	0	0	0	0	0	0	0	0	0	0	0	0	0	0	0	0	648	0	0	0	566	0	0	0	0	0	0	0	0	0	0	0	0	0	0	0	0	0	0	0	0	0	0	0	0	0	0	
421356	Caudate_L	180	312	11168	12724	2086	1000	2324	2522	302	0	9656	968	4572	700	3144	174	6210	510	8232	11940	7870	6872	1520	2420	672	354	2608	726	14956	1544	8926	6280	110	3188	0	0	490	1610	0	1352	160	0	0	0	0	0	0	0	0	0	0	0	0	0	0	0	0	0	0	0	0	0	0	0	0	0	0	0	0	0	0	13532	29618	2526	4720	0	10316	844	0	0	4022	0	4512	206	0	0	0	0	0	0	0	0	0	0	0	0	0	0	0	0	0	0	0	0	0	0	0	0	0	0	0	0	0	0	0	0	
504708	Caudate_R	402	322	5104	28766	810	7260	754	11034	0	0	1730	7046	1014	2394	470	1516	1010	3106	3248	28496	2394	4076	2422	11852	214	3910	0	2626	4318	10380	5086	23330	0	832	676	598	582	918	114	526	0	0	0	0	0	0	0	0	0	0	0	0	0	0	0	0	0	0	0	0	0	0	0	0	0	0	0	0	0	0	13532	0	6908	17974	324	2402	2296	25874	0	0	914	0	916	1878	0	0	0	0	0	0	0	0	0	0	0	0	0	0	0	0	0	0	0	0	0	0	0	0	0	0	0	0	0	0	0	0	
483112	Putamen_L	3950	0	36192	8436	6266	846	5856	1184	2404	0	3662	536	4476	440	9116	0	3484	286	18710	8020	5176	4594	2738	2132	624	264	2878	566	21938	856	7986	3350	130	708	452	448	9268	840	1236	348	886	0	0	0	0	0	0	0	0	0	0	0	0	0	1266	0	164	0	0	0	0	0	0	0	0	0	0	0	0	0	29618	6908	0	998	11266	0	2206	818	0	0	2540	0	3012	140	0	0	0	0	1338	0	0	0	0	0	0	0	0	0	0	0	0	0	0	0	0	0	0	0	0	0	0	0	0	0	0	0	
407748	Putamen_R	0	4960	2494	17480	736	9102	198	16170	0	0	1304	3584	1142	1646	0	802	100	4166	826	7530	0	364	2002	11688	190	5752	0	6268	1366	16768	3226	13390	0	900	2308	2446	2288	14624	1066	5724	0	1356	0	0	0	0	1118	0	0	0	0	0	0	0	766	862	0	106	0	0	0	0	0	0	0	0	0	0	0	0	2526	17974	998	0	0	4370	466	8734	0	0	0	894	98	854	0	0	0	0	0	0	0	0	0	0	0	0	142	0	0	0	0	0	0	0	0	0	0	0	0	0	0	0	0	0	0	0	
76128	Pallidum_L	0	0	7098	844	0	0	242	134	0	0	0	0	0	0	0	0	104	100	8674	1802	0	94	0	0	0	0	0	0	390	0	0	154	0	114	0	0	422	0	0	0	0	0	0	0	0	0	0	0	0	0	0	0	0	0	0	0	0	0	0	0	0	0	0	0	0	0	0	0	0	0	4720	324	11266	0	0	0	1582	0	0	0	0	0	0	0	0	0	0	0	0	0	0	0	0	0	0	0	0	0	0	0	0	0	0	0	0	0	0	0	0	0	0	0	0	0	0	0	
31116	Pallidum_R	0	258	112	730	0	152	0	3314	0	0	0	0	0	0	0	0	0	106	0	460	0	0	104	262	0	108	0	0	0	170	108	386	0	0	0	0	0	1054	0	650	0	0	0	0	0	0	0	0	0	0	0	0	0	0	0	228	0	0	0	0	0	0	0	0	0	0	0	0	0	0	0	2402	0	4370	0	0	0	584	0	0	0	0	0	0	0	0	0	0	0	0	0	0	0	0	0	0	0	0	0	0	0	0	0	0	0	0	0	0	0	0	0	0	0	0	0	0	
131320	Thalamus_L	1020	0	5656	2226	0	0	130	0	0	0	0	0	0	0	0	0	0	0	12568	4040	0	0	0	0	0	0	0	0	688	0	0	126	0	110	2364	1820	5386	596	1260	0	0	0	0	0	0	0	420	0	0	0	230	0	0	0	464	0	0	0	0	0	0	0	0	0	0	0	102	0	0	0	10316	2296	2206	466	1582	0	0	8792	0	0	146	0	0	0	204	0	0	0	446	0	0	0	0	0	0	0	0	0	0	0	0	0	0	0	0	0	0	0	0	0	0	0	0	0	0	0	
293932	Thalamus_R	518	1182	3036	11702	0	390	278	4410	0	0	0	1030	0	0	0	0	0	1438	3136	23556	0	0	196	662	0	204	0	144	724	1980	392	1662	0	658	8108	8014	8898	7538	3016	1312	0	0	0	0	0	0	2590	180	0	0	0	0	0	0	1622	526	0	0	0	0	0	0	0	0	0	0	294	850	0	0	844	25874	818	8734	0	584	8792	0	0	0	150	262	0	110	0	0	0	0	162	0	0	0	0	0	0	0	390	0	0	0	0	0	0	0	0	0	0	0	0	0	0	0	0	0	0	0	
127024	Heschl_L	5304	0	1692	0	0	0	2400	0	0	0	2722	0	364	0	0	0	7984	0	946	0	0	0	0	0	0	0	0	0	6294	0	0	0	0	0	106	0	1316	0	0	0	0	0	94	0	132	0	0	0	394	0	4416	0	290	0	466	0	4682	0	0	0	202	0	808	0	168	0	100	0	130	0	0	0	0	0	0	0	0	0	0	0	4984	0	0	0	10630	0	0	0	6888	0	0	0	0	0	0	0	0	0	0	0	0	0	0	0	0	0	0	0	0	0	0	0	0	0	0	0	
29536	Heschl_R	0	170	0	294	0	0	0	112	0	0	0	0	0	0	0	0	0	2906	0	212	0	0	0	0	0	0	0	0	0	3078	0	0	0	0	0	0	0	492	0	0	0	0	0	0	0	0	0	0	0	0	0	0	0	436	0	568	0	450	0	0	0	204	0	718	0	0	0	0	0	0	0	0	0	0	0	0	0	0	0	0	0	3562	0	0	0	1204	0	0	0	362	0	0	0	0	0	0	0	0	0	0	0	0	0	0	0	0	0	0	0	0	0	0	0	0	0	0	
256852	Temporal_Sup_L	3138	0	5214	1812	0	96	1330	186	0	0	10226	0	404	0	240	0	15302	0	1876	2520	0	0	0	218	0	0	0	0	14812	184	534	484	0	1428	184	120	1818	154	0	0	0	0	94	0	0	0	0	0	414	0	1426	0	244	0	802	0	5430	0	0	0	294	0	4008	0	870	0	112	0	0	0	4022	914	2540	0	0	0	146	150	4984	0	0	0	10294	0	17846	0	0	0	11556	0	0	0	0	0	0	0	0	0	0	0	0	0	0	0	0	0	0	0	0	0	0	0	0	0	0	0	
87924	Temporal_Sup_R	0	1270	0	160	0	0	0	562	0	0	0	106	0	0	0	0	0	4758	0	286	0	0	0	0	0	0	0	0	0	4932	0	0	0	0	138	218	140	1630	96	116	0	0	0	0	0	734	96	0	0	732	0	272	0	544	0	680	0	1600	0	0	0	502	0	4936	0	1896	0	510	0	0	0	0	0	894	0	0	0	262	0	3562	0	0	0	1242	0	9464	0	218	0	1406	0	0	0	0	0	0	0	0	0	0	0	0	0	0	0	0	0	0	0	0	0	0	0	0	0	0	
162032	Temporal_Pole_Sup_L	0	0	3596	1972	142	96	378	196	390	0	9294	0	738	0	1654	0	8752	0	582	2628	166	0	0	208	0	0	0	0	11328	190	556	484	0	1452	0	0	1232	0	918	0	624	0	0	0	0	0	0	0	0	0	0	0	0	0	2872	0	0	0	0	0	0	0	0	0	0	0	0	0	0	0	4512	916	3012	98	0	0	0	0	0	0	10294	0	0	0	4798	0	3242	0	3696	0	0	0	0	0	0	0	0	0	0	0	0	0	0	0	0	0	0	0	0	0	0	0	0	0	0	0	
62332	Temporal_Pole_Sup_R	0	0	108	1142	0	0	0	190	0	0	0	2716	0	0	0	134	0	3478	0	978	0	120	0	170	0	0	0	0	0	3700	0	0	0	0	0	0	0	786	0	2648	0	1602	0	0	0	0	0	0	0	0	0	0	0	0	0	2880	0	0	0	0	0	0	0	0	0	0	0	0	0	0	206	1878	140	854	0	0	0	110	0	0	0	1242	0	0	0	1924	0	3124	0	1036	0	0	0	0	0	0	0	0	0	0	0	0	0	0	0	0	0	0	0	0	0	0	0	0	0	0	
372508	Temporal_Mid_L	7276	0	872	0	0	0	1188	0	0	0	0	0	0	0	0	0	5068	0	902	0	0	0	0	0	0	0	0	0	5476	0	0	0	322	0	1692	0	644	0	0	0	0	0	2790	0	2288	0	0	0	3856	0	31158	0	6912	0	5086	0	5710	0	122	0	1016	0	3410	0	4690	0	3854	0	3160	0	0	0	0	0	0	0	204	0	10630	0	17846	0	4798	0	0	0	5170	0	50114	0	0	0	0	0	0	0	0	0	0	0	0	0	0	0	0	0	0	0	0	0	0	0	0	0	0	0	
254248	Temporal_Mid_R	0	2136	0	0	0	0	0	0	0	0	0	0	0	0	0	0	0	126	0	278	0	0	0	0	0	0	0	0	0	1962	0	0	0	472	0	520	0	264	0	94	0	0	0	2784	0	16060	0	112	0	13790	0	14748	0	3216	0	1086	0	1704	0	0	0	684	0	2560	0	4470	0	16068	0	648	0	0	0	0	0	0	0	0	0	1204	0	9464	0	1924	0	0	0	1144	0	29606	0	0	0	0	0	0	0	0	0	0	0	0	0	0	0	0	0	0	0	0	0	0	0	0	0	0	
38692	Temporal_Pole_Mid_L	0	0	0	0	0	0	0	0	0	0	0	0	0	0	0	0	0	0	0	0	0	0	0	0	0	0	0	0	250	0	0	0	0	0	0	0	328	0	910	0	370	0	0	0	0	0	0	0	0	0	0	0	0	0	3490	0	0	0	0	0	0	0	0	0	0	0	0	0	0	0	0	0	0	0	0	0	0	0	0	0	0	0	3242	0	5170	0	0	0	5586	0	0	0	0	0	0	0	0	0	0	0	0	0	0	0	0	0	0	0	0	0	0	0	0	0	0	0	
20016	Temporal_Pole_Mid_R	0	0	0	0	0	0	0	0	0	0	0	0	0	0	0	0	0	0	0	0	0	0	0	0	0	0	0	0	0	0	0	0	0	0	0	0	0	0	0	1408	0	160	0	0	0	0	0	0	0	0	0	0	0	0	0	2450	0	0	0	0	0	0	0	0	0	0	0	0	0	0	0	0	0	0	0	0	0	0	0	0	0	218	0	3124	0	1144	0	0	0	1504	0	0	0	0	0	0	0	0	0	0	0	0	0	0	0	0	0	0	0	0	0	0	0	0	0	0	
390580	Temporal_Inf_L	5874	0	1202	98	0	0	548	0	0	0	176	0	0	0	0	0	3948	0	1008	152	0	0	0	0	0	0	0	0	6328	0	0	0	238	0	1282	0	6622	0	248	0	962	0	4138	0	1230	0	822	0	3160	0	25762	0	13590	0	17858	0	6174	0	140	0	760	0	2192	0	1548	0	2752	0	3320	0	0	0	1338	0	0	0	446	162	6888	0	11556	0	3696	0	50114	0	5586	0	0	0	2386	0	290	0	0	0	162	0	534	0	0	0	0	0	0	0	0	0	0	0	0	0	0	0	0	0	
174256	Temporal_Inf_R	0	1386	0	0	0	0	0	0	0	0	0	0	0	0	0	0	0	188	0	214	0	0	0	0	0	0	0	0	0	862	0	0	0	392	0	390	0	2200	0	690	0	0	0	1490	0	7426	0	0	0	4926	0	3944	0	7806	0	8532	0	976	0	0	0	350	0	718	0	276	0	9082	0	566	0	0	0	0	0	0	0	0	0	362	0	1406	0	1036	0	29606	0	1504	0	0	0	628	0	0	0	0	0	0	0	172	0	0	0	0	0	0	0	0	0	0	0	0	0	0	0	0	
414024	Cerebelum_Crus1_L	0	0	0	0	0	0	0	0	0	0	0	0	0	0	0	0	0	0	0	0	0	0	0	0	0	0	0	0	0	0	0	0	0	0	0	0	0	0	0	0	0	0	0	0	0	0	2812	876	0	0	0	0	100	0	13960	0	0	0	0	0	0	0	0	0	0	0	0	0	0	0	0	0	0	0	0	0	0	0	0	0	0	0	0	0	0	0	0	0	2386	0	0	1940	35286	3288	266	264	13238	1034	44998	2410	22474	1358	26832	3558	9208	1038	1066	0	0	176	2090	4830	6676	2798	1938	112	
294076	Cerebelum_Crus1_R	0	0	0	0	0	0	0	0	0	0	0	0	0	0	0	0	0	0	0	0	0	0	0	0	0	0	0	0	0	0	0	0	0	0	0	0	0	0	0	0	0	0	0	0	0	0	0	4534	0	0	0	0	0	138	0	8244	0	0	0	0	0	0	0	0	0	0	0	0	0	0	0	0	0	0	0	0	0	0	0	0	0	0	0	0	0	0	0	0	0	628	1940	0	514	23304	0	1216	250	13464	1384	41374	0	9170	294	15692	258	2088	0	0	0	416	4290	5118	10118	1542	1062	0	
265736	Cerebelum_Crus2_L	0	0	0	0	0	0	0	0	0	0	0	0	0	0	0	0	0	0	0	0	0	0	0	0	0	0	0	0	0	0	0	0	0	0	0	0	0	0	0	0	0	0	0	0	0	0	0	104	0	0	0	0	0	0	152	0	0	0	0	0	0	0	0	0	0	0	0	0	0	0	0	0	0	0	0	0	0	0	0	0	0	0	0	0	0	0	0	0	290	0	35286	514	0	4236	0	0	1124	210	3682	608	33902	3256	32468	2536	6378	166	448	0	0	0	296	382	3724	2912	194	0	
242860	Cerebelum_Crus2_R	0	0	0	0	0	0	0	0	0	0	0	0	0	0	0	0	0	0	0	0	0	0	0	0	0	0	0	0	0	0	0	0	0	0	0	0	0	0	0	0	0	0	0	0	0	0	0	162	0	0	0	0	0	0	0	164	0	0	0	0	0	0	0	0	0	0	0	0	0	0	0	0	0	0	0	0	0	0	0	0	0	0	0	0	0	0	0	0	0	0	3288	23304	4236	0	0	186	184	1006	366	5960	1992	27278	3868	28652	1752	1720	0	0	0	178	918	724	10656	3764	1072	0	
23652	Cerebelum_3_L	0	0	0	0	0	0	0	0	0	0	0	0	0	0	0	0	0	0	0	0	0	0	0	0	0	0	0	0	0	0	0	0	0	0	0	0	0	0	140	0	0	0	0	0	0	0	426	104	0	0	0	0	0	0	0	0	0	0	0	0	0	0	0	0	0	0	0	0	0	0	0	0	0	0	0	0	0	0	0	0	0	0	0	0	0	0	0	0	0	0	266	0	0	0	0	0	7200	0	516	0	0	0	98	0	378	0	0	0	662	974	906	156	0	0	0	0	
38732	Cerebelum_3_R	0	0	0	0	0	0	0	0	0	0	0	0	0	0	0	0	0	0	0	0	0	0	0	0	0	0	0	0	0	0	0	0	0	0	0	0	0	0	0	0	0	0	0	0	0	0	0	0	0	0	0	0	0	0	0	172	0	0	0	0	0	0	0	0	0	0	0	0	0	0	0	0	0	0	0	0	0	0	0	0	0	0	0	0	0	0	0	0	0	0	264	1216	0	186	0	0	0	4308	420	3512	0	0	0	254	290	1112	0	0	402	2860	1954	782	428	360	846	0	
180288	Cerebelum_4_5_L	0	0	0	384	0	0	0	368	0	0	0	0	0	0	0	0	0	0	0	214	0	0	0	0	0	0	0	0	0	0	0	0	0	0	0	0	0	208	118	166	0	0	0	0	0	0	6288	778	0	0	0	0	0	0	8390	100	0	0	0	0	0	0	0	0	0	0	0	0	0	0	0	0	0	142	0	0	0	390	0	0	0	0	0	0	0	0	0	0	162	0	13238	250	1124	184	7200	0	0	1716	23820	1250	1740	0	2496	394	5288	686	454	0	410	780	7554	1852	172	152	984	692	
195044	Cerebelum_4_5_R	0	0	0	0	0	0	0	0	0	0	0	0	0	0	0	0	0	0	0	0	0	0	0	0	0	0	0	0	0	0	0	0	0	0	0	0	0	0	0	118	0	0	0	0	0	0	380	8824	0	0	0	0	0	940	0	8886	0	0	0	0	0	0	0	0	0	0	0	0	0	0	0	0	0	0	0	0	0	0	0	0	0	0	0	0	0	0	0	0	0	0	1034	13464	210	1006	0	4308	1716	0	2176	27640	0	306	204	1782	466	986	0	0	0	1712	14140	3366	2296	558	806	198	
300944	Cerebelum_6_L	0	0	0	0	0	0	0	0	0	0	0	0	0	0	0	0	0	0	0	0	0	0	0	0	0	0	0	0	0	0	0	0	0	0	0	0	0	0	0	0	0	0	150	0	0	0	9150	2662	0	0	144	0	0	96	20132	316	0	0	0	0	0	0	0	0	0	0	0	0	0	0	0	0	0	0	0	0	0	0	0	0	0	0	0	0	0	0	0	0	534	0	44998	1384	3682	366	516	420	23820	2176	0	2666	4728	112	6666	378	4710	1152	518	0	0	238	5804	8502	1842	742	1546	322	
310216	Cerebelum_6_R	0	0	0	0	0	0	0	0	0	0	0	0	0	0	0	0	0	0	0	0	0	0	0	0	0	0	0	0	0	0	0	0	0	0	0	0	0	0	0	0	0	0	0	0	0	0	304	9630	0	0	0	0	0	1410	0	12822	0	0	0	0	0	0	0	0	0	0	0	0	0	0	0	0	0	0	0	0	0	0	0	0	0	0	0	0	0	0	0	0	0	172	2410	41374	608	5960	0	3512	1250	27640	2666	0	0	2678	482	7618	550	1878	0	186	0	1104	11484	7610	8880	1656	1224	0	
229820	Cerebelum_7b_L	0	0	0	0	0	0	0	0	0	0	0	0	0	0	0	0	0	0	0	0	0	0	0	0	0	0	0	0	0	0	0	0	0	0	0	0	0	0	0	0	0	0	0	0	0	0	0	0	0	0	0	0	0	0	258	0	0	0	0	0	0	0	0	0	0	0	0	0	0	0	0	0	0	0	0	0	0	0	0	0	0	0	0	0	0	0	0	0	0	0	22474	0	33902	1992	0	0	1740	0	4728	0	0	1858	34334	1208	7136	0	720	0	0	0	194	0	1930	2436	0	0	
164012	Cerebelum_7b_R	0	0	0	0	0	0	0	0	0	0	0	0	0	0	0	0	0	0	0	0	0	0	0	0	0	0	0	0	0	0	0	0	0	0	0	0	0	0	0	0	0	0	0	0	0	0	0	0	0	0	0	0	0	0	0	0	0	0	0	0	0	0	0	0	0	0	0	0	0	0	0	0	0	0	0	0	0	0	0	0	0	0	0	0	0	0	0	0	0	0	1358	9170	3256	27278	0	0	0	306	112	2678	1858	0	2632	22244	670	930	0	0	0	0	270	158	6176	2560	350	0	
305508	Cerebelum_8_L	0	0	0	0	0	0	0	0	0	0	0	0	0	0	0	0	0	0	0	0	0	0	0	0	0	0	0	0	0	0	0	0	0	0	0	0	0	0	0	0	0	0	0	0	0	0	144	0	0	0	0	0	0	0	298	0	0	0	0	0	0	0	0	0	0	0	0	0	0	0	0	0	0	0	0	0	0	0	0	0	0	0	0	0	0	0	0	0	0	0	26832	294	32468	3868	98	0	2496	204	6666	482	34334	2632	0	5238	20128	734	1606	0	0	0	606	474	4808	6678	1666	0	
252780	Cerebelum_8_R	0	0	0	0	0	0	0	0	0	0	0	0	0	0	0	0	0	0	0	0	0	0	0	0	0	0	0	0	0	0	0	0	0	0	0	0	0	0	0	0	0	0	0	0	0	0	0	296	0	0	0	0	0	0	0	236	0	0	0	0	0	0	0	0	0	0	0	0	0	0	0	0	0	0	0	0	0	0	0	0	0	0	0	0	0	0	0	0	0	0	3558	15692	2536	28652	0	254	394	1782	378	7618	1208	22244	5238	0	2772	12670	0	200	0	270	1754	602	10388	6000	1648	0	
159172	Cerebelum_9_L	0	0	0	0	0	0	0	0	0	0	0	0	0	0	0	0	0	0	0	0	0	0	0	0	0	0	0	0	0	0	0	0	0	0	0	0	0	0	0	0	0	0	0	0	0	0	0	126	0	0	0	0	0	0	266	0	0	0	0	0	0	0	0	0	0	0	0	0	0	0	0	0	0	0	0	0	0	0	0	0	0	0	0	0	0	0	0	0	0	0	9208	258	6378	1752	378	290	5288	466	4710	550	7136	670	20128	2772	0	1878	3036	0	0	162	1932	2116	2944	3228	3180	734	
91172	Cerebelum_9_R	0	0	0	0	0	0	0	0	0	0	0	0	0	0	0	0	0	0	0	0	0	0	0	0	0	0	0	0	0	0	0	0	0	0	0	0	0	0	0	0	0	0	0	0	0	0	0	0	0	0	0	0	0	0	0	0	0	0	0	0	0	0	0	0	0	0	0	0	0	0	0	0	0	0	0	0	0	0	0	0	0	0	0	0	0	0	0	0	0	0	1038	2088	166	1720	0	1112	686	986	1152	1878	0	930	734	12670	1878	0	0	1206	442	800	2164	3564	2220	2350	4310	1492	
15696	Cerebelum_10_L	0	0	0	0	0	0	0	0	0	0	0	0	0	0	0	0	0	0	0	0	0	0	0	0	0	0	0	0	0	0	0	0	0	0	0	0	0	0	0	0	0	0	0	0	0	0	0	0	0	0	0	0	0	0	0	0	0	0	0	0	0	0	0	0	0	0	0	0	0	0	0	0	0	0	0	0	0	0	0	0	0	0	0	0	0	0	0	0	0	0	1066	0	448	0	0	0	454	0	518	0	720	0	1606	0	3036	0	0	0	0	0	0	0	0	0	0	0	
3576	Cerebelum_10_R	0	0	0	0	0	0	0	0	0	0	0	0	0	0	0	0	0	0	0	0	0	0	0	0	0	0	0	0	0	0	0	0	0	0	0	0	0	0	0	0	0	0	0	0	0	0	0	0	0	0	0	0	0	0	0	0	0	0	0	0	0	0	0	0	0	0	0	0	0	0	0	0	0	0	0	0	0	0	0	0	0	0	0	0	0	0	0	0	0	0	0	0	0	0	0	0	0	0	0	186	0	0	0	200	0	1206	0	0	0	0	0	0	96	100	0	0	
12444	Vermis_1_2	0	0	0	0	0	0	0	0	0	0	0	0	0	0	0	0	0	0	0	0	0	0	0	0	0	0	0	0	0	0	0	0	0	0	0	0	0	0	0	0	0	0	0	0	0	0	0	0	0	0	0	0	0	0	0	0	0	0	0	0	0	0	0	0	0	0	0	0	0	0	0	0	0	0	0	0	0	0	0	0	0	0	0	0	0	0	0	0	0	0	0	0	0	0	662	402	410	0	0	0	0	0	0	0	0	442	0	0	0	3218	818	132	0	0	138	0	
33884	Vermis_3	0	0	0	0	0	0	0	0	0	0	0	0	0	0	0	0	0	0	0	0	0	0	0	0	0	0	0	0	0	0	0	0	0	0	0	0	0	0	0	0	0	0	0	0	0	0	0	0	0	0	0	0	0	0	0	0	0	0	0	0	0	0	0	0	0	0	0	0	0	0	0	0	0	0	0	0	0	0	0	0	0	0	0	0	0	0	0	0	0	0	176	416	0	178	974	2860	780	1712	238	1104	0	0	0	270	162	800	0	0	3218	0	2312	492	306	290	550	104	
171164	Vermis_4_5	0	0	0	0	0	0	0	0	0	0	0	0	0	0	0	0	0	0	0	0	0	0	0	0	0	0	0	0	0	0	0	0	0	0	0	164	0	246	0	0	0	0	0	0	0	0	1770	6524	0	0	0	0	0	676	684	3434	0	0	0	0	0	0	0	0	0	0	0	308	0	0	0	0	0	0	0	0	0	0	0	0	0	0	0	0	0	0	0	0	0	0	2090	4290	296	918	906	1954	7554	14140	5804	11484	194	270	606	1754	1932	2164	0	0	818	2312	0	5816	1768	728	2286	1692	
138552	Vermis_6	0	0	0	0	0	0	0	0	0	0	0	0	0	0	0	0	0	0	0	0	0	0	0	0	0	0	0	0	0	0	0	0	0	0	0	0	0	0	0	0	0	0	0	0	0	0	2154	5142	0	0	0	0	0	392	866	1306	0	0	0	0	0	0	0	0	0	0	0	0	0	0	0	0	0	0	0	0	0	0	0	0	0	0	0	0	0	0	0	0	0	0	4830	5118	382	724	156	782	1852	3366	8502	7610	0	158	474	602	2116	3564	0	0	132	492	5816	0	4606	1924	4168	2042	
182840	Vermis_7	0	0	0	0	0	0	0	0	0	0	0	0	0	0	0	0	0	0	0	0	0	0	0	0	0	0	0	0	0	0	0	0	0	0	0	0	0	0	0	0	0	0	0	0	0	0	0	1352	0	0	0	0	0	0	0	418	0	0	0	0	0	0	0	0	0	0	0	0	0	0	0	0	0	0	0	0	0	0	0	0	0	0	0	0	0	0	0	0	0	0	6676	10118	3724	10656	0	428	172	2296	1842	8880	1930	6176	4808	10388	2944	2220	0	96	0	306	1768	4606	0	6436	3052	128	
