data	data	461036	238468	887976	821080	206356	112488	512676	267612	146664	20740	245012	133008	189728	126804	210476	85588	241648	146144	690316	829824	95420	123148	279364	378864	31052	110580	53988	119732	797024	318356	247400	401976	207940	499124	118700	154256	439776	523360	234768	370976	47276	80984	372476	392680	191304	412280	322832	389708	203820	351980	481148	291260	93984	139896	565864	640940	305584	260352	158480	105304	233224	121056	89640	151552	176064	152432	503940	502740	143660	158028	335724	387568	418236	442908	50384	32424	239112	273616	111828	42292	250068	155168	121416	59876	320156	234992	37700	25296	358596	252560	515620	441084	285516	311948	71660	84192	379508	304372	494476	409568	241752	137252	316532	342768	158444	193424	27256	10004	24932	98700	243408	179864	175636	162444	145832	71520	
data	data	Precentral_L	Precentral_R	Frontal_Sup_L	Frontal_Sup_R	Frontal_Sup_Orb_L	Frontal_Sup_Orb_R	Frontal_Mid_L	Frontal_Mid_R	Frontal_Mid_Orb_L	Frontal_Mid_Orb_R	Frontal_Inf_Oper_L	Frontal_Inf_Oper_R	Frontal_Inf_Tri_L	Frontal_Inf_Tri_R	Frontal_Inf_Orb_L	Frontal_Inf_Orb_R	Rolandic_Oper_L	Rolandic_Oper_R	Supp_Motor_Area_L	Supp_Motor_Area_R	Olfactory_L	Olfactory_R	Frontal_Sup_Medial_L	Frontal_Sup_Medial_R	Frontal_Med_Orb_L	Frontal_Med_Orb_R	Rectus_L	Rectus_R	Insula_L	Insula_R	Cingulum_Ant_L	Cingulum_Ant_R	Cingulum_Mid_L	Cingulum_Mid_R	Cingulum_Post_L	Cingulum_Post_R	Hippocampus_L	Hippocampus_R	ParaHippocampal_L	ParaHippocampal_R	Amygdala_L	Amygdala_R	Calcarine_L	Calcarine_R	Cuneus_L	Cuneus_R	Lingual_L	Lingual_R	Occipital_Sup_L	Occipital_Sup_R	Occipital_Mid_L	Occipital_Mid_R	Occipital_Inf_L	Occipital_Inf_R	Fusiform_L	Fusiform_R	Postcentral_L	Postcentral_R	Parietal_Sup_L	Parietal_Sup_R	Parietal_Inf_L	Parietal_Inf_R	SupraMarginal_L	SupraMarginal_R	Angular_L	Angular_R	Precuneus_L	Precuneus_R	Paracentral_Lobule_L	Paracentral_Lobule_R	Caudate_L	Caudate_R	Putamen_L	Putamen_R	Pallidum_L	Pallidum_R	Thalamus_L	Thalamus_R	Heschl_L	Heschl_R	Temporal_Sup_L	Temporal_Sup_R	Temporal_Pole_Sup_L	Temporal_Pole_Sup_R	Temporal_Mid_L	Temporal_Mid_R	Temporal_Pole_Mid_L	Temporal_Pole_Mid_R	Temporal_Inf_L	Temporal_Inf_R	Cerebelum_Crus1_L	Cerebelum_Crus1_R	Cerebelum_Crus2_L	Cerebelum_Crus2_R	Cerebelum_3_L	Cerebelum_3_R	Cerebelum_4_5_L	Cerebelum_4_5_R	Cerebelum_6_L	Cerebelum_6_R	Cerebelum_7b_L	Cerebelum_7b_R	Cerebelum_8_L	Cerebelum_8_R	Cerebelum_9_L	Cerebelum_9_R	Cerebelum_10_L	Cerebelum_10_R	Vermis_1_2	Vermis_3	Vermis_4_5	Vermis_6	Vermis_7	Vermis_8	Vermis_9	Vermis_10	
461036	Precentral_L	0	2968	12012	5292	0	0	20660	1078	0	0	13412	0	2438	0	0	0	12538	0	4200	10728	0	0	0	0	0	0	0	0	15024	264	0	522	642	4718	4972	1498	5990	1758	852	1042	0	0	3336	0	190	0	338	192	124	0	3650	0	0	130	366	930	34424	0	2680	0	6758	0	1304	0	3166	0	6734	0	12578	1116	1758	496	3426	504	1152	0	9324	3298	4704	0	3548	0	0	0	1004	0	0	0	680	0	0	0	0	0	0	0	0	0	0	0	0	0	0	0	0	0	0	0	0	0	0	0	0	0	0	0	
238468	Precentral_R	2968	0	1316	4128	0	0	446	11406	0	0	0	6604	0	0	0	0	156	2536	1242	5400	0	0	0	0	0	0	0	0	494	2364	0	0	156	1066	412	1046	554	4164	92	1006	0	0	0	716	0	1188	0	670	0	1388	0	498	0	1224	0	2800	556	22814	0	112	0	1292	0	4454	0	1182	1134	3292	912	4286	650	3430	0	2642	0	208	2618	6630	134	182	0	1674	0	0	0	3624	0	0	0	1368	0	0	0	0	0	0	0	0	0	0	0	0	0	0	0	0	0	0	0	0	0	0	0	0	0	0	
887976	Frontal_Sup_L	12012	1316	0	8584	11444	0	60740	1004	6116	0	15790	0	15056	0	8592	0	9374	0	78680	17274	0	0	35150	3852	1070	0	330	0	45434	0	16220	6052	8288	6194	0	0	7784	238	2966	114	0	0	0	0	0	0	0	172	0	0	0	0	0	0	3774	100	1192	0	0	0	0	0	0	0	0	0	0	0	2310	0	10582	1314	22046	528	6270	0	5408	678	434	0	3380	0	2364	0	0	0	0	0	1750	0	378	0	0	0	138	0	638	0	588	0	0	0	0	0	270	0	0	0	0	0	0	0	0	0	0	0	
821080	Frontal_Sup_R	5292	4128	8584	0	572	6694	6126	31482	508	894	310	7412	146	6962	590	4442	646	6018	11704	86844	948	1528	5004	38120	0	5784	250	5240	3086	10636	3696	25064	600	18054	0	102	138	10534	0	3946	0	0	0	0	0	0	0	362	0	0	0	0	0	142	0	3844	1572	978	140	0	0	148	0	106	104	0	140	122	684	0	5186	23394	940	28870	0	3050	892	14642	112	0	0	314	0	928	0	240	0	0	0	1546	0	0	0	0	0	0	0	0	0	0	0	0	0	0	0	0	0	0	0	0	0	0	0	0	0	0	
206356	Frontal_Sup_Orb_L	0	0	11444	572	0	0	4424	0	20300	0	108	0	1834	0	23188	0	0	0	1202	346	1448	0	4422	620	1956	0	6190	0	9324	0	3710	1048	0	148	0	0	0	0	0	0	0	0	0	0	0	0	0	0	0	0	0	0	0	0	0	0	0	0	0	0	0	0	0	0	0	0	0	0	0	0	2336	340	6670	0	0	0	260	0	0	0	0	0	1288	0	0	0	0	0	0	0	0	0	0	0	0	0	0	0	0	0	0	0	0	0	0	0	0	0	0	0	0	0	0	0	0	0	
112488	Frontal_Sup_Orb_R	0	0	0	6694	0	0	0	728	0	4246	0	0	0	0	0	4220	0	0	0	0	1684	3228	96	3434	186	7560	398	10826	0	550	766	1510	0	0	0	0	0	0	0	0	0	0	0	0	0	0	0	0	0	0	0	0	0	0	0	0	0	0	0	0	0	0	0	0	0	0	0	0	0	0	1892	3720	1150	3356	0	0	0	0	0	0	0	0	0	0	0	0	0	0	0	0	0	0	0	0	0	0	0	0	0	0	0	0	0	0	0	0	0	0	0	0	0	0	0	0	0	0	
512676	Frontal_Mid_L	20660	446	60740	6126	4424	0	0	626	6300	0	12080	100	24844	0	10078	0	5554	0	17270	7184	0	0	13842	1200	0	0	0	0	26192	306	5268	2484	3856	4552	0	0	1492	164	258	94	0	0	428	0	0	0	0	0	0	0	156	0	0	0	174	0	2136	0	268	0	200	0	0	0	198	0	556	0	0	0	3964	1618	3194	1000	308	0	2690	556	684	0	1962	0	0	0	0	0	0	0	106	0	0	0	0	0	0	0	0	0	0	0	0	0	0	0	0	0	0	0	0	0	0	0	0	0	0	0	
267612	Frontal_Mid_R	1078	11406	1004	31482	0	728	626	0	0	520	0	7888	0	14490	0	7316	0	2074	2218	8978	0	0	244	6236	0	0	0	0	260	8118	0	2356	0	3398	0	0	0	5872	0	1068	0	0	0	0	0	0	0	132	0	0	0	0	0	0	0	1318	0	1684	0	0	0	0	0	156	0	0	0	0	388	0	436	2002	0	6228	0	118	350	3048	0	0	0	192	0	0	0	0	0	0	0	394	0	0	0	0	0	0	0	0	0	0	0	0	0	0	0	0	0	0	0	0	0	0	0	0	0	0	
146664	Frontal_Mid_Orb_L	0	0	6116	508	20300	0	6300	0	0	0	114	0	2594	0	22404	0	0	0	1018	372	0	0	0	0	0	0	514	0	6792	0	136	354	0	148	0	0	0	0	0	0	0	0	0	0	0	0	0	0	0	0	0	0	0	0	0	0	0	0	0	0	0	0	0	0	0	0	0	0	0	0	2004	316	2974	0	0	0	276	0	0	0	0	0	92	0	0	0	0	0	0	0	0	0	0	0	0	0	0	0	0	0	0	0	0	0	0	0	0	0	0	0	0	0	0	0	0	0	
20740	Frontal_Mid_Orb_R	0	0	0	894	0	4246	0	520	0	0	0	0	0	0	0	2134	0	0	0	0	238	290	0	0	0	134	0	640	0	0	0	0	0	0	0	0	0	0	0	0	0	0	0	0	0	0	0	0	0	0	0	0	0	0	0	0	0	0	0	0	0	0	0	0	0	0	0	0	0	0	236	404	138	496	0	0	0	0	0	0	0	0	0	0	0	0	0	0	0	0	0	0	0	0	0	0	0	0	0	0	0	0	0	0	0	0	0	0	0	0	0	0	0	0	0	0	
245012	Frontal_Inf_Oper_L	13412	0	15790	310	108	0	12080	0	114	0	0	0	11892	0	196	0	11880	0	13824	402	0	0	124	0	0	0	0	0	21636	0	178	182	0	286	0	0	1414	124	206	0	0	0	306	0	0	0	0	0	0	0	110	0	0	0	362	0	3774	0	0	0	202	0	102	0	348	0	362	0	0	0	488	156	1188	0	0	0	902	178	988	0	4430	0	4312	0	0	0	0	0	140	0	0	0	0	0	0	0	0	0	0	0	0	0	0	0	0	0	0	0	0	0	0	0	0	0	0	0	
133008	Frontal_Inf_Oper_R	0	6604	0	7412	0	0	100	7888	0	0	0	0	0	5178	0	164	0	7118	230	6324	0	0	0	728	0	0	0	0	0	9448	0	698	0	524	0	0	0	2498	0	634	0	0	0	0	0	0	0	152	0	0	0	0	0	0	0	1328	0	2456	0	0	0	0	0	178	0	0	0	0	0	0	0	280	0	3916	0	0	0	674	0	98	0	428	0	1120	0	100	0	0	0	226	0	0	0	0	0	0	0	0	0	0	0	0	0	0	0	0	0	0	0	0	0	0	0	0	0	0	
189728	Frontal_Inf_Tri_L	2438	0	15056	146	1834	0	24844	0	2594	0	11892	0	0	0	9238	0	1190	0	8258	134	0	0	150	0	0	0	0	0	13636	0	342	102	0	0	0	0	102	0	0	0	0	0	0	0	0	0	0	0	0	0	0	0	0	0	0	0	502	0	0	0	0	0	0	0	0	0	0	0	0	0	152	0	382	0	0	0	0	0	0	0	414	0	1458	0	0	0	0	0	0	0	0	0	0	0	0	0	0	0	0	0	0	0	0	0	0	0	0	0	0	0	0	0	0	0	0	0	
126804	Frontal_Inf_Tri_R	0	0	0	6962	0	0	0	14490	0	0	0	5178	0	0	0	3320	0	294	1596	4664	0	0	180	3814	0	0	0	0	0	9922	0	3446	0	3418	0	0	0	836	0	234	0	0	0	0	0	0	0	0	0	0	0	0	0	0	0	298	0	0	0	0	0	0	0	0	0	0	0	0	0	0	0	676	0	3420	0	0	0	254	0	0	0	168	0	0	0	0	0	0	0	232	0	0	0	0	0	0	0	0	0	0	0	0	0	0	0	0	0	0	0	0	0	0	0	0	0	0	
210476	Frontal_Inf_Orb_L	0	0	8592	590	23188	0	10078	0	22404	0	196	0	9238	0	0	0	0	0	1352	446	1738	160	0	100	0	0	1294	0	13532	0	362	484	0	188	0	0	324	0	254	0	308	0	0	0	0	0	0	0	0	0	0	0	0	0	94	0	0	0	0	0	0	0	0	0	0	0	0	0	0	0	2492	328	5364	0	0	0	276	0	0	0	0	0	1856	0	0	0	0	0	0	0	0	0	0	0	0	0	0	0	0	0	0	0	0	0	0	0	0	0	0	0	0	0	0	0	0	0	
85588	Frontal_Inf_Orb_R	0	0	0	4442	0	4220	0	7316	0	2134	0	164	0	3320	0	0	0	0	470	1266	154	1530	0	320	0	0	0	1260	0	5986	0	302	0	1208	0	0	0	396	0	1018	0	608	0	0	0	0	0	0	0	0	0	0	0	0	0	1032	0	0	0	0	0	0	0	0	0	0	0	0	0	0	272	738	196	2432	0	0	0	0	0	0	0	88	0	1598	0	162	0	162	0	0	0	0	0	0	0	0	0	0	0	0	0	0	0	0	0	0	0	0	0	0	0	0	0	0	0	0	
241648	Rolandic_Oper_L	12538	156	9374	646	0	0	5554	0	0	0	11880	0	1190	0	0	0	0	0	8044	704	0	0	0	0	0	0	0	0	20290	0	0	102	386	462	108	118	1642	252	104	120	0	0	1804	0	0	0	472	0	0	0	1772	0	0	0	106	98	10312	0	694	0	1438	0	1664	0	1000	0	2518	0	0	0	328	116	792	92	0	0	1338	412	5112	0	10336	0	2310	0	3652	0	0	0	788	0	0	0	0	0	0	0	0	0	0	0	0	0	0	0	0	0	0	0	0	0	0	0	0	0	0	0	
146144	Rolandic_Oper_R	0	2536	0	6018	0	0	0	2074	0	0	0	7118	0	294	0	0	0	0	0	5590	0	0	0	0	0	0	0	0	0	13690	0	158	0	534	0	220	0	3176	0	330	0	0	0	0	0	142	0	0	0	0	0	0	0	200	0	2232	0	8148	0	350	0	374	0	3648	0	242	134	620	0	500	0	714	0	1176	0	0	0	136	0	3176	0	6866	0	1308	0	808	0	0	0	560	0	0	0	0	0	0	0	0	0	0	0	0	0	0	0	0	0	0	0	0	0	0	0	0	0	0	
690316	Supp_Motor_Area_L	4200	1242	78680	11704	1202	0	17270	2218	1018	0	13824	230	8258	1596	1352	470	8044	0	0	41062	0	0	9200	6002	0	0	0	0	35766	1426	4866	4088	12510	21142	368	88	6220	310	2070	134	0	0	0	0	0	0	0	0	0	0	0	0	0	118	3744	172	624	0	0	0	0	0	0	0	0	0	130	326	3652	344	7820	288	14170	634	3038	0	2858	418	312	0	2940	0	3158	0	0	0	0	0	1744	98	378	0	0	0	138	0	638	0	586	0	0	0	0	0	270	0	0	0	0	0	0	0	0	0	0	0	
829824	Supp_Motor_Area_R	10728	5400	17274	86844	346	0	7184	8978	372	0	402	6324	134	4664	446	1266	704	5590	41062	0	0	0	3218	15516	0	0	0	0	2530	9684	880	11372	5616	52172	1610	3184	130	6674	0	2910	0	0	0	572	0	528	0	526	0	584	124	254	0	1062	0	3750	2286	2024	174	0	0	298	0	696	120	386	610	1858	8466	12146	3814	18474	332	18710	0	3110	1176	12316	102	202	0	1216	0	920	0	2352	0	0	0	2510	0	0	0	0	0	0	0	0	0	0	0	0	0	0	0	0	0	0	0	0	0	0	0	0	0	0	
95420	Olfactory_L	0	0	0	948	1448	1684	0	0	0	238	0	0	0	0	1738	154	0	0	0	0	0	6734	0	820	308	1150	2780	3124	2464	92	2424	2364	0	0	0	0	400	0	572	0	714	0	0	0	0	0	0	0	0	0	0	0	0	0	0	0	0	0	0	0	0	0	0	0	0	0	0	0	0	0	8032	3114	4546	390	0	0	0	0	0	0	0	0	1472	0	0	0	0	0	0	0	0	0	0	0	0	0	0	0	0	0	0	0	0	0	0	0	0	0	0	0	0	0	0	0	0	0	
123148	Olfactory_R	0	0	0	1528	0	3228	0	0	0	290	0	0	0	0	160	1530	0	0	0	0	6734	0	0	1248	510	3194	1352	5962	226	2882	2324	4586	0	0	0	0	0	164	0	280	0	710	0	0	0	0	0	0	0	0	0	0	0	0	0	98	0	0	0	0	0	0	0	0	0	0	0	0	0	0	8686	7694	5882	2150	156	0	0	0	0	0	0	0	0	0	0	0	0	0	0	0	0	0	0	0	0	0	0	0	0	0	0	0	0	0	0	0	0	0	0	0	0	0	0	0	0	0	
279364	Frontal_Sup_Medial_L	0	0	35150	5004	4422	96	13842	244	0	0	124	0	150	180	0	0	0	0	9200	3218	0	0	0	16188	1550	260	624	0	3010	166	18858	9964	6190	8142	0	0	0	0	0	0	0	0	0	0	0	0	0	0	0	0	0	0	0	0	0	0	0	0	0	0	0	0	0	0	0	0	0	0	0	0	596	222	1980	302	0	0	0	0	0	0	0	0	0	0	0	0	0	0	0	0	0	0	0	0	0	0	0	0	0	0	0	0	0	0	0	0	0	0	0	0	0	0	0	0	0	0	
378864	Frontal_Sup_Medial_R	0	0	3852	38120	620	3434	1200	6236	0	0	0	728	0	3814	100	320	0	0	6002	15516	820	1248	16188	0	754	7402	634	3918	948	1766	7194	28724	300	19240	0	0	0	90	0	0	0	0	0	0	0	0	0	0	0	0	0	0	0	0	0	0	0	0	0	0	0	0	0	0	0	0	0	0	0	0	1766	9182	544	8772	0	0	0	0	0	0	0	0	0	0	0	0	0	0	0	0	0	0	0	0	0	0	0	0	0	0	0	0	0	0	0	0	0	0	0	0	0	0	0	0	0	0	
31052	Frontal_Med_Orb_L	0	0	1070	0	1956	186	0	0	0	0	0	0	0	0	0	0	0	0	0	0	308	510	1550	754	0	1448	2366	210	0	0	3072	1102	0	0	0	0	0	0	0	0	0	0	0	0	0	0	0	0	0	0	0	0	0	0	0	0	0	0	0	0	0	0	0	0	0	0	0	0	0	0	380	334	280	0	0	0	0	0	0	0	0	0	0	0	0	0	0	0	0	0	0	0	0	0	0	0	0	0	0	0	0	0	0	0	0	0	0	0	0	0	0	0	0	0	0	0	
110580	Frontal_Med_Orb_R	0	0	0	5784	0	7560	0	0	0	134	0	0	0	0	0	0	0	0	0	0	1150	3194	260	7402	1448	0	626	8874	0	210	1860	7168	0	0	0	0	0	0	0	0	0	0	0	0	0	0	0	0	0	0	0	0	0	0	0	0	0	0	0	0	0	0	0	0	0	0	0	0	0	0	1154	4708	682	3076	0	0	0	0	0	0	0	0	0	0	0	0	0	0	0	0	0	0	0	0	0	0	0	0	0	0	0	0	0	0	0	0	0	0	0	0	0	0	0	0	0	0	
53988	Rectus_L	0	0	330	250	6190	398	0	0	514	0	0	0	0	0	1294	0	0	0	0	0	2780	1352	624	634	2366	626	0	888	568	0	3916	880	0	0	0	0	0	0	0	0	0	0	0	0	0	0	0	0	0	0	0	0	0	0	0	0	0	0	0	0	0	0	0	0	0	0	0	0	0	0	2088	460	652	0	0	0	0	0	0	0	0	0	184	0	0	0	0	0	0	0	0	0	0	0	0	0	0	0	0	0	0	0	0	0	0	0	0	0	0	0	0	0	0	0	0	0	
119732	Rectus_R	0	0	0	5240	0	10826	0	0	0	640	0	0	0	0	0	1260	0	0	0	0	3124	5962	0	3918	210	8874	888	0	0	1052	1222	4286	0	0	0	0	0	0	0	0	0	94	0	0	0	0	0	0	0	0	0	0	0	0	0	0	0	0	0	0	0	0	0	0	0	0	0	0	0	0	3490	4578	2174	2028	0	0	0	0	0	0	0	0	0	0	0	0	0	0	0	0	0	0	0	0	0	0	0	0	0	0	0	0	0	0	0	0	0	0	0	0	0	0	0	0	0	0	
797024	Insula_L	15024	494	45434	3086	9324	0	26192	260	6792	0	21636	0	13636	0	13532	0	20290	0	35766	2530	2464	226	3010	948	0	0	568	0	0	240	3032	2598	1886	1806	570	714	23158	1260	6954	638	4066	0	3114	0	0	0	666	208	0	0	2102	0	152	0	11710	528	8148	0	1038	0	1412	0	368	0	2224	0	3852	0	0	0	11874	2432	24874	1006	0	0	7218	1704	7904	0	8954	0	11116	0	2450	0	0	0	9494	0	1270	0	0	0	314	0	1670	0	1808	0	0	0	130	0	638	0	0	0	0	0	0	0	0	0	0	0	
318356	Insula_R	264	2364	0	10636	0	550	306	8118	0	0	0	9448	0	9922	0	5986	0	13690	1426	9684	92	2882	166	1766	0	210	0	1052	240	0	90	2102	0	3548	0	294	154	14276	0	4628	0	3490	0	88	0	138	0	146	0	0	0	0	0	610	0	9082	0	2578	0	200	0	114	0	190	0	120	0	432	0	786	570	1910	438	21428	0	96	298	554	0	2626	0	3330	0	1810	0	1182	0	166	0	2650	0	0	0	0	0	0	0	252	0	0	0	0	0	0	0	0	0	0	0	0	0	0	0	0	0	0	
247400	Cingulum_Ant_L	0	0	16220	3696	3710	766	5268	0	136	0	178	0	342	0	362	0	0	0	4866	880	2424	2324	18858	7194	3072	1860	3916	1222	3032	90	0	14902	4150	5324	0	0	0	0	0	0	0	0	0	0	0	0	0	0	0	0	0	0	0	0	0	0	0	0	0	0	0	0	0	0	0	0	0	0	0	0	6670	2902	7842	1494	0	0	0	0	0	0	0	0	0	0	0	0	0	0	0	0	0	0	0	0	0	0	0	0	0	0	0	0	0	0	0	0	0	0	0	0	0	0	0	0	0	0	
401976	Cingulum_Ant_R	522	0	6052	25064	1048	1510	2484	2356	354	0	182	698	102	3446	484	302	102	158	4088	11372	2364	4586	9964	28724	1102	7168	880	4286	2598	2102	14902	0	1096	19478	0	0	0	130	0	0	0	0	0	0	0	0	0	0	0	0	0	0	0	0	0	0	0	188	0	0	0	0	0	0	0	0	0	0	0	0	6210	19426	2674	12686	0	0	100	0	0	0	0	0	0	0	0	0	0	0	0	0	0	0	0	0	0	0	0	0	0	0	0	0	0	0	0	0	0	0	0	0	0	0	0	0	0	0	
207940	Cingulum_Mid_L	642	156	8288	600	0	0	3856	0	0	0	0	0	0	0	0	0	386	0	12510	5616	0	0	6190	300	0	0	0	0	1886	0	4150	1096	0	11870	3098	612	0	0	0	0	0	0	1604	0	1968	2032	98	88	282	632	3074	0	0	0	0	0	1234	318	1768	0	684	198	0	1372	716	150	11406	4174	8166	1010	0	0	0	0	0	0	0	0	260	0	392	280	0	0	678	0	0	0	130	0	0	0	0	0	0	0	0	0	0	0	0	0	0	0	0	0	0	0	0	0	0	0	0	0	0	0	
499124	Cingulum_Mid_R	4718	1066	6194	18054	148	0	4552	3398	148	0	286	524	0	3418	188	1208	462	534	21142	52172	0	0	8142	19240	0	0	0	0	1806	3548	5324	19478	11870	0	1714	5538	0	400	0	146	0	0	96	1478	0	640	0	1292	0	1156	92	264	0	292	0	360	898	4660	114	370	0	232	0	206	0	130	2098	10394	5140	13644	1024	3056	238	3558	0	0	386	162	90	170	0	382	0	0	0	940	0	0	0	582	0	0	0	0	0	0	0	0	0	0	0	0	0	0	0	0	0	0	0	0	0	0	0	0	0	0	
118700	Cingulum_Post_L	4972	412	0	0	0	0	0	0	0	0	0	0	0	0	0	0	108	0	368	1610	0	0	0	0	0	0	0	0	570	0	0	0	3098	1714	0	7550	4528	2246	2552	1952	0	0	2622	108	1130	298	1602	746	216	158	572	0	0	158	912	956	1740	256	240	0	0	0	0	148	0	0	6348	1016	4054	1576	0	0	0	0	0	0	750	1372	320	0	0	0	0	0	108	0	0	0	264	0	0	0	0	0	0	0	0	0	0	0	0	0	0	0	0	0	0	0	0	0	0	0	0	0	0	0	
154256	Cingulum_Post_R	1498	1046	0	102	0	0	0	0	0	0	0	0	0	0	0	0	118	220	88	3184	0	0	0	0	0	0	0	0	714	294	0	0	612	5538	7550	0	2832	4794	1160	3400	0	0	0	1636	0	692	330	6356	0	770	0	460	0	2032	380	3638	630	2652	0	0	0	0	0	152	0	0	860	11016	384	5288	0	0	0	0	0	0	1070	2094	338	290	0	472	0	0	0	932	0	0	230	884	0	0	0	0	0	0	0	96	0	0	0	0	0	0	0	0	0	0	0	0	296	0	0	0	0	0	
439776	Hippocampus_L	5990	554	7784	138	0	0	1492	0	0	0	1414	0	102	0	324	0	1642	0	6220	130	400	0	0	0	0	0	0	0	23158	154	0	0	0	0	4528	2832	0	3916	26016	3086	7888	0	1976	112	140	0	5730	2090	0	0	630	0	248	0	29252	1394	2626	0	0	0	152	0	0	0	200	0	1792	274	274	0	3826	198	16646	272	870	0	10884	3868	2962	0	3388	0	1574	0	894	0	0	0	15800	0	3442	0	190	0	592	0	3972	0	4158	0	128	0	360	0	1048	0	0	0	0	158	0	0	0	0	0	0	
523360	Hippocampus_R	1758	4164	238	10534	0	0	164	5872	0	0	124	2498	0	836	0	396	252	3176	310	6674	0	164	0	90	0	0	0	0	1260	14276	0	130	0	400	2246	4794	3916	0	1578	46220	0	11470	294	1358	0	552	570	7552	0	0	0	338	0	2876	594	46618	684	2066	0	0	0	0	0	178	0	0	102	4002	0	136	0	1756	0	21096	0	2200	3728	12930	374	1456	0	2614	0	1116	0	1864	0	120	402	13966	0	686	0	136	0	154	0	3782	0	1330	0	0	0	180	0	0	0	0	0	0	330	0	0	0	0	0	
234768	ParaHippocampal_L	852	92	2966	0	0	0	258	0	0	0	206	0	0	0	254	0	104	0	2070	0	572	0	0	0	0	0	0	0	6954	0	0	0	0	0	2552	1160	26016	1578	0	1424	3078	0	1264	0	0	0	4586	1054	0	0	350	0	204	0	16538	584	216	0	0	0	0	0	0	0	0	0	1000	106	150	0	2170	0	8368	0	488	0	4204	1362	0	0	348	0	1858	0	146	0	1368	0	4638	0	1944	0	288	0	2406	0	5108	0	3334	0	168	0	400	0	1126	0	0	0	228	1244	0	0	0	0	0	0	
370976	ParaHippocampal_R	1042	1006	114	3946	0	0	94	1068	0	0	0	634	0	234	0	1018	120	330	134	2910	0	280	0	0	0	0	0	0	638	4628	0	0	0	146	1952	3400	3086	46220	1424	0	0	10786	188	1202	0	210	506	8762	0	0	0	110	0	476	442	34246	306	378	0	0	0	0	0	0	0	0	0	3958	0	0	0	1046	0	10838	0	1698	2608	7828	212	128	0	292	0	3102	0	392	0	534	318	6632	0	1494	0	306	0	1444	0	6336	0	2898	0	0	0	448	0	0	0	0	0	0	400	0	140	200	200	0	
47276	Amygdala_L	0	0	0	0	0	0	0	0	0	0	0	0	0	0	308	0	0	0	0	0	714	0	0	0	0	0	0	0	4066	0	0	0	0	0	0	0	7888	0	3078	0	0	0	0	0	0	0	0	308	0	0	0	0	0	0	3306	0	0	0	0	0	0	0	0	0	0	0	0	0	0	0	0	0	1148	0	0	0	0	0	0	0	0	0	2098	0	0	0	128	0	288	0	0	0	0	0	0	0	196	0	112	0	0	0	0	0	0	0	0	0	0	0	0	0	0	0	0	0	
80984	Amygdala_R	0	0	0	0	0	0	0	0	0	0	0	0	0	0	0	608	0	0	0	0	0	710	0	0	0	0	0	94	0	3490	0	0	0	0	0	0	0	11470	0	10786	0	0	0	0	0	0	0	0	0	0	0	0	0	0	0	6726	0	0	0	0	0	0	0	0	0	0	0	0	0	0	0	108	0	2488	0	0	0	0	0	0	0	0	0	2142	0	0	0	180	0	1236	0	0	0	0	0	0	0	454	0	0	0	0	0	0	0	0	0	0	0	0	0	0	0	0	0	0	
372476	Calcarine_L	3336	0	0	0	0	0	428	0	0	0	306	0	0	0	0	0	1804	0	0	0	0	0	0	0	0	0	0	0	3114	0	0	0	1604	96	2622	0	1976	294	1264	188	0	0	0	14494	18298	12350	18082	6022	11912	5232	27322	3588	5398	1534	5060	1760	2656	114	366	470	270	0	276	370	516	0	20742	1474	760	0	0	0	0	0	0	0	0	0	3026	0	524	0	0	0	2586	0	0	0	2070	114	116	0	0	0	0	0	288	464	176	0	0	0	0	0	0	0	0	0	0	0	688	88	0	0	0	0	
392680	Calcarine_R	0	716	0	0	0	0	0	0	0	0	0	0	0	0	0	0	0	0	0	572	0	0	0	0	0	0	0	0	0	88	0	0	0	1478	108	1636	112	1358	0	1202	0	0	14494	0	3802	35114	2170	24084	0	25902	0	21434	0	6316	0	7338	0	1286	0	4162	0	438	0	0	0	972	3320	25210	0	916	0	0	0	0	0	0	0	360	0	144	0	0	0	0	0	6950	0	0	0	3864	0	0	0	0	0	0	0	380	0	0	0	0	0	0	0	0	0	0	0	0	414	0	0	0	0	0	
191304	Cuneus_L	190	0	0	0	0	0	0	0	0	0	0	0	0	0	0	0	0	0	0	0	0	0	0	0	0	0	0	0	0	0	0	0	1968	0	1130	0	140	0	0	0	0	0	18298	3802	0	7590	1570	1088	19522	904	12056	704	406	228	536	266	240	102	2998	0	132	0	0	366	348	0	15406	2798	1266	0	0	0	0	0	0	0	0	0	104	0	0	0	0	0	980	106	0	0	298	110	0	0	0	0	0	0	0	0	0	0	0	0	0	0	0	0	0	0	0	0	0	0	0	0	0	0	
412280	Cuneus_R	0	1188	0	0	0	0	0	0	0	0	0	0	0	0	0	0	0	142	0	528	0	0	0	0	0	0	0	0	0	138	0	0	2032	640	298	692	0	552	0	210	0	0	12350	35114	7590	0	618	5982	360	38200	94	17138	0	3656	0	3206	0	2896	0	5620	0	1442	0	3754	0	1696	19884	33852	162	1254	0	0	0	0	0	0	0	0	0	112	0	552	0	0	0	2476	0	0	0	1712	0	0	0	0	0	0	0	0	0	0	0	0	0	0	0	0	0	0	0	0	0	0	0	0	0	0	
322832	Lingual_L	338	0	0	0	0	0	0	0	0	0	0	0	0	0	0	0	472	0	0	0	0	0	0	0	0	0	0	0	666	0	0	0	98	0	1602	330	5730	570	4586	506	0	0	18082	2170	1570	618	0	5490	5496	970	19410	868	4450	316	17944	1614	418	0	162	0	0	0	0	0	0	0	3878	206	0	0	0	0	0	0	0	0	690	554	674	0	134	0	0	0	360	0	0	0	728	0	8926	388	570	100	214	0	15652	2226	17520	636	0	0	0	224	0	194	0	0	118	102	8150	3536	258	266	266	370	
389708	Lingual_R	192	670	172	362	0	0	0	132	0	0	0	152	0	0	0	0	0	0	0	526	0	0	0	0	0	0	0	0	208	146	0	0	88	1292	746	6356	2090	7552	1054	8762	308	0	6022	24084	1088	5982	5490	0	0	5948	138	7034	0	6854	506	25382	0	1328	0	0	0	0	0	0	0	174	1214	18698	0	1050	120	0	246	618	126	88	1588	3414	0	158	0	90	0	0	0	2350	0	0	146	1674	1254	4314	204	0	0	720	1806	9628	2298	8042	0	0	0	0	0	0	0	0	0	500	7884	4860	926	0	0	0	
203820	Occipital_Sup_L	124	0	0	0	0	0	0	0	0	0	0	0	0	0	0	0	0	0	0	0	0	0	0	0	0	0	0	0	0	0	0	0	282	0	216	0	0	0	0	0	0	0	11912	0	19522	360	5496	0	0	0	33828	0	2112	0	1242	0	124	0	9906	0	1016	0	0	0	506	0	12190	484	0	0	0	0	0	0	0	0	0	0	92	0	0	0	0	0	1660	0	0	0	838	0	0	0	0	0	0	0	0	0	0	0	0	0	0	0	0	0	0	0	0	0	0	0	0	0	0	0	
351980	Occipital_Sup_R	0	1388	0	0	0	0	0	0	0	0	0	0	0	0	0	0	0	0	0	584	0	0	0	0	0	0	0	0	0	0	0	0	632	1156	158	770	0	0	0	0	0	0	5232	25902	904	38200	970	5948	0	0	0	25520	0	1130	0	1322	0	3880	0	9522	0	2374	0	1992	0	5328	13202	24446	0	2408	0	0	0	0	0	0	0	0	0	0	0	364	0	0	0	1994	0	0	0	664	0	0	0	0	0	0	0	0	0	0	0	0	0	0	0	0	0	0	0	0	0	0	0	0	0	0	
481148	Occipital_Mid_L	3650	0	0	0	0	0	156	0	0	0	110	0	0	0	0	0	1772	0	0	124	0	0	0	0	0	0	0	0	2102	0	0	0	3074	92	572	0	630	0	350	0	0	0	27322	0	12056	94	19410	138	33828	0	0	0	10532	0	7284	0	6872	0	17854	0	14006	0	740	0	16698	0	23332	130	2584	0	0	0	0	0	0	0	0	0	2418	0	2278	0	0	0	22646	0	0	0	6760	0	0	0	0	0	0	0	338	0	328	0	0	0	0	0	0	0	0	0	0	0	294	0	0	0	0	0	
291260	Occipital_Mid_R	0	498	0	0	0	0	0	0	0	0	0	0	0	0	0	0	0	0	0	254	0	0	0	0	0	0	0	0	0	0	0	0	0	264	0	460	0	338	0	110	0	0	3588	21434	704	17138	868	7034	0	25520	0	0	0	5724	0	3642	0	1016	0	4506	0	5304	0	588	0	15542	3732	11776	0	384	0	0	0	0	0	0	0	0	0	0	0	1094	0	0	0	11568	0	0	0	2544	0	0	0	0	0	0	0	0	0	0	0	0	0	0	0	0	0	0	0	0	0	0	0	0	0	0	
93984	Occipital_Inf_L	0	0	0	0	0	0	0	0	0	0	0	0	0	0	0	0	0	0	0	0	0	0	0	0	0	0	0	0	152	0	0	0	0	0	0	0	248	0	204	0	0	0	5398	0	406	0	4450	0	2112	0	10532	0	0	0	9398	0	0	0	502	0	0	0	0	0	0	0	2226	0	0	0	0	0	0	0	0	0	0	0	1008	0	648	0	0	0	2846	0	0	0	5024	0	550	0	0	0	0	0	316	0	972	0	0	0	0	0	0	0	0	0	0	0	0	0	0	0	0	0	
139896	Occipital_Inf_R	130	1224	0	142	0	0	0	0	0	0	0	0	0	0	0	0	0	200	118	1062	0	0	0	0	0	0	0	0	0	610	0	0	0	292	158	2032	0	2876	0	476	0	0	1534	6316	228	3656	316	6854	0	1130	0	5724	0	0	0	16306	0	638	0	0	0	0	0	0	0	0	198	3226	158	328	0	104	0	0	0	0	0	294	0	788	0	1640	0	0	0	1790	0	0	0	4708	220	272	0	0	0	0	134	904	298	1234	0	0	0	0	0	0	0	0	0	0	864	676	90	0	0	0	
565864	Fusiform_L	366	0	3774	0	0	0	174	0	0	0	362	0	0	0	94	0	106	0	3744	0	0	0	0	0	0	0	0	0	11710	0	0	0	0	0	912	380	29252	594	16538	442	3306	0	5060	0	536	0	17944	506	1242	0	7284	0	9398	0	0	322	98	0	144	0	0	0	0	0	0	0	2806	0	0	0	2344	0	8012	0	0	0	3324	660	1700	0	4992	0	2860	0	4084	0	2816	0	25282	0	32638	0	2758	0	1268	0	23600	276	38852	90	1714	0	3406	0	2294	0	0	0	0	210	1884	658	116	0	0	0	
640940	Fusiform_R	930	2800	100	3844	0	0	0	1318	0	0	0	1328	0	298	0	1032	98	2232	172	3750	0	98	0	0	0	0	0	0	528	9082	0	0	0	360	956	3638	1394	46618	584	34246	0	6726	1760	7338	266	3206	1614	25382	0	1322	0	3642	0	16306	322	0	262	1712	0	0	0	0	0	156	0	0	206	5210	142	376	0	1624	0	11074	0	1208	1750	5224	182	2126	0	4482	0	4512	0	2552	0	868	160	23666	792	16752	0	704	0	642	682	15784	1184	21754	0	0	0	792	0	168	0	0	0	0	6270	3312	510	176	166	0	
305584	Postcentral_L	34424	556	1192	1572	0	0	2136	0	0	0	3774	0	502	0	0	0	10312	0	624	2286	0	0	0	0	0	0	0	0	8148	0	0	0	1234	898	1740	630	2626	684	216	306	0	0	2656	0	240	0	418	0	124	0	6872	0	0	0	98	262	0	0	9382	0	23184	0	8476	0	3876	0	7138	0	3802	240	270	0	980	0	0	0	2406	906	3710	0	2380	0	0	0	1114	0	0	0	398	0	0	0	0	0	0	0	0	0	0	0	0	0	0	0	0	0	0	0	0	0	0	0	0	0	0	0	
260352	Postcentral_R	0	22814	0	978	0	0	0	1684	0	0	0	2456	0	0	0	0	0	8148	0	2024	0	0	0	0	0	0	0	0	0	2578	0	188	318	4660	256	2652	0	2066	0	378	0	0	114	1286	102	2896	0	1328	0	3880	0	1016	0	638	0	1712	0	0	0	6448	0	7272	0	13482	0	2122	2872	12700	90	10102	0	1806	0	874	0	0	0	398	0	434	0	2856	0	0	0	3002	0	0	0	1546	0	0	0	0	0	0	0	0	0	0	0	0	0	0	0	0	0	0	0	0	0	0	0	0	0	0	
158480	Parietal_Sup_L	2680	0	0	140	0	0	268	0	0	0	0	0	0	0	0	0	694	0	0	174	0	0	0	0	0	0	0	0	1038	0	0	0	1768	114	240	0	0	0	0	0	0	0	366	0	2998	0	162	0	9906	0	17854	0	502	0	144	0	9382	0	0	0	10268	0	152	0	3012	0	14080	128	1694	0	0	0	0	0	0	0	0	0	0	0	278	0	0	0	850	0	0	0	348	0	0	0	0	0	0	0	0	0	0	0	0	0	0	0	0	0	0	0	0	0	0	0	0	0	0	0	
105304	Parietal_Sup_R	0	112	0	0	0	0	0	0	0	0	0	0	0	0	0	0	0	350	0	0	0	0	0	0	0	0	0	0	0	200	0	0	0	370	0	0	0	0	0	0	0	0	470	4162	0	5620	0	0	0	9522	0	4506	0	0	0	0	0	6448	0	0	0	5118	0	752	0	5072	422	8926	0	482	0	0	0	0	0	0	0	0	0	0	0	120	0	0	0	0	0	0	0	0	0	0	0	0	0	0	0	0	0	0	0	0	0	0	0	0	0	0	0	0	0	0	0	0	0	0	
233224	Parietal_Inf_L	6758	0	0	0	0	0	200	0	0	0	202	0	0	0	0	0	1438	0	0	0	0	0	0	0	0	0	0	0	1412	0	0	0	684	0	0	0	152	0	0	0	0	0	270	0	132	0	0	0	1016	0	14006	0	0	0	0	0	23184	0	10268	0	0	0	13852	0	23186	0	3526	0	436	0	0	0	0	0	0	0	130	0	240	0	3972	0	0	0	8260	0	0	0	3288	0	0	0	0	0	0	0	0	0	0	0	0	0	0	0	0	0	0	0	0	0	0	0	0	0	0	0	
121056	Parietal_Inf_R	0	1292	0	148	0	0	0	0	0	0	0	0	0	0	0	0	0	374	0	298	0	0	0	0	0	0	0	0	0	114	0	0	198	232	0	0	0	0	0	0	0	0	0	438	0	1442	0	0	0	2374	0	5304	0	0	0	0	0	7272	0	5118	0	0	0	14576	0	15208	1364	2460	0	142	0	368	0	0	0	0	0	0	0	0	0	1214	0	0	0	592	0	0	0	0	0	0	0	0	0	0	0	0	0	0	0	0	0	0	0	0	0	0	0	0	0	0	0	0	0	0	
89640	SupraMarginal_L	1304	0	0	0	0	0	0	0	0	0	102	0	0	0	0	0	1664	0	0	0	0	0	0	0	0	0	0	0	368	0	0	0	0	0	0	0	0	0	0	0	0	0	276	0	0	0	0	0	0	0	740	0	0	0	0	0	8476	0	152	0	13852	0	0	0	5430	0	608	0	0	0	0	0	0	0	0	0	0	0	316	0	6002	0	0	0	4276	0	0	0	1254	0	0	0	0	0	0	0	0	0	0	0	0	0	0	0	0	0	0	0	0	0	0	0	0	0	0	0	
151552	SupraMarginal_R	0	4454	0	106	0	0	0	156	0	0	0	178	0	0	0	0	0	3648	0	696	0	0	0	0	0	0	0	0	0	190	0	0	1372	206	148	152	0	178	0	0	0	0	370	0	366	3754	0	0	0	1992	0	588	0	0	0	156	0	13482	0	752	0	14576	0	0	0	8770	4198	4396	108	874	0	438	0	0	0	0	0	0	0	246	0	7220	0	0	0	1898	0	0	0	108	0	0	0	0	0	0	0	0	0	0	0	0	0	0	0	0	0	0	0	0	0	0	0	0	0	0	
176064	Angular_L	3166	0	0	104	0	0	198	0	0	0	348	0	0	0	0	0	1000	0	0	120	0	0	0	0	0	0	0	0	2224	0	0	0	716	0	0	0	200	0	0	0	0	0	516	0	348	0	0	0	506	0	16698	0	0	0	0	0	3876	0	3012	0	23186	0	5430	0	0	0	4208	0	556	0	0	0	0	0	0	0	180	0	334	0	5200	0	0	0	11648	0	0	0	4258	0	0	0	0	0	0	0	0	0	0	0	0	0	0	0	0	0	0	0	0	0	0	0	0	0	0	0	
152432	Angular_R	0	1182	0	0	0	0	0	0	0	0	0	0	0	0	0	0	0	242	0	386	0	0	0	0	0	0	0	0	0	120	0	0	150	130	0	0	0	0	0	0	0	0	0	972	0	1696	0	174	0	5328	0	15542	0	0	0	0	0	2122	0	5072	0	15208	0	8770	0	0	1190	2298	0	488	0	0	0	0	0	0	0	0	0	0	0	4208	0	0	0	9162	0	0	0	1776	0	0	0	0	0	0	0	0	0	0	0	0	0	0	0	0	0	0	0	0	0	0	0	0	0	0	
503940	Precuneus_L	6734	1134	0	140	0	0	556	0	0	0	362	0	0	0	0	0	2518	134	130	610	0	0	0	0	0	0	0	0	3852	0	0	0	11406	2098	6348	860	1792	102	1000	0	0	0	20742	3320	15406	19884	3878	1214	12190	13202	23332	3732	2226	198	2806	206	7138	2872	14080	422	3526	1364	608	4198	4208	1190	0	26898	6598	1878	0	0	0	0	0	0	120	0	3026	0	1554	640	0	0	4718	1528	0	0	2640	652	0	0	0	0	0	0	0	0	0	0	0	0	0	0	0	0	0	0	0	0	0	0	0	0	0	0	
502740	Precuneus_R	0	3292	0	122	0	0	0	0	0	0	0	0	0	0	0	0	0	620	326	1858	0	0	0	0	0	0	0	0	0	432	0	0	4174	10394	1016	11016	274	4002	106	3958	0	0	1474	25210	2798	33852	206	18698	484	24446	130	11776	0	3226	0	5210	0	12700	128	8926	0	2460	0	4396	0	2298	26898	0	386	8844	0	110	0	0	0	0	0	914	0	300	0	896	0	0	0	7094	0	0	0	4174	0	0	0	0	0	0	0	922	0	0	0	0	0	0	0	0	0	0	0	0	824	0	0	0	0	0	
143660	Paracentral_Lobule_L	12578	912	2310	684	0	0	0	388	0	0	0	0	0	0	0	0	0	0	3652	8466	0	0	0	0	0	0	0	0	0	0	0	0	8166	5140	4054	384	274	0	150	0	0	0	760	0	1266	162	0	0	0	0	2584	0	0	158	0	142	3802	90	1694	0	436	0	0	108	556	0	6598	386	0	2628	180	0	766	0	276	0	1864	0	0	0	0	0	0	0	216	0	0	0	0	0	0	0	0	0	0	0	0	0	0	0	0	0	0	0	0	0	0	0	0	0	0	0	0	0	0	0	
158028	Paracentral_Lobule_R	1116	4286	0	0	0	0	0	0	0	0	0	0	0	0	0	0	0	500	344	12146	0	0	0	0	0	0	0	0	0	786	0	0	1010	13644	1576	5288	0	136	0	0	0	0	0	916	0	1254	0	1050	0	2408	0	384	0	328	0	376	240	10102	0	482	0	142	0	874	0	488	1878	8844	2628	0	0	0	0	0	0	0	0	0	0	188	0	1206	0	0	0	2946	0	0	0	1448	0	0	0	0	0	0	0	0	0	0	0	0	0	0	0	0	0	0	0	0	0	0	0	0	0	0	
335724	Caudate_L	1758	650	10582	5186	2336	1892	3964	436	2004	236	488	0	152	0	2492	272	328	0	7820	3814	8032	8686	596	1766	380	1154	2088	3490	11874	570	6670	6210	0	1024	0	0	3826	0	2170	0	0	0	0	0	0	0	0	120	0	0	0	0	0	0	2344	0	270	0	0	0	0	0	0	0	0	0	0	0	180	0	0	13840	22820	4314	3518	172	13942	1884	0	0	340	0	576	0	0	0	0	0	316	0	0	0	0	0	0	0	180	0	100	0	0	0	0	0	0	0	0	0	0	0	0	0	0	0	0	0	
387568	Caudate_R	496	3430	1314	23394	340	3720	1618	2002	316	404	156	280	0	676	328	738	116	714	288	18474	3114	7694	222	9182	334	4708	460	4578	2432	1910	2902	19426	0	3056	0	0	198	1756	0	1046	0	108	0	0	0	0	0	0	0	0	0	0	0	104	0	1624	0	1806	0	0	0	368	0	438	0	0	0	110	0	0	13840	0	6568	21030	602	990	3160	20580	0	0	0	0	0	0	0	0	0	0	0	470	0	0	0	0	0	0	0	164	0	0	0	0	0	0	0	0	0	0	0	0	0	0	0	0	0	0	
418236	Putamen_L	3426	0	22046	940	6670	1150	3194	0	2974	138	1188	0	382	0	5364	196	792	0	14170	332	4546	5882	1980	544	280	682	652	2174	24874	438	7842	2674	0	238	0	0	16646	0	8368	0	1148	0	0	0	0	0	0	246	0	0	0	0	0	0	8012	0	980	0	0	0	0	0	0	0	0	0	0	0	766	0	22820	6568	0	2166	6912	128	8950	196	0	0	1176	0	2916	0	136	0	0	0	2672	0	388	0	0	0	174	0	878	0	738	0	0	0	0	0	366	0	0	0	0	0	0	0	0	0	0	0	
442908	Putamen_R	504	2642	528	28870	0	3356	1000	6228	0	496	0	3916	0	3420	0	2432	92	1176	634	18710	390	2150	302	8772	0	3076	0	2028	1006	21428	1494	12686	0	3558	0	0	272	21096	0	10838	0	2488	0	0	0	0	0	618	0	0	0	0	0	0	0	11074	0	874	0	0	0	0	0	0	0	0	0	0	0	0	4314	21030	2166	0	0	2844	642	5970	0	0	0	704	0	280	0	94	0	0	0	4676	0	0	0	0	0	0	0	452	0	128	0	0	0	0	0	0	0	0	0	0	0	0	0	0	0	0	
50384	Pallidum_L	1152	0	6270	0	0	0	308	0	0	0	0	0	0	0	0	0	0	0	3038	0	0	156	0	0	0	0	0	0	0	0	0	0	0	0	0	0	870	0	488	0	0	0	0	0	0	0	0	126	0	0	0	0	0	0	0	0	0	0	0	0	0	0	0	0	0	0	0	0	276	0	3518	602	6912	0	0	0	1476	0	0	0	0	0	0	0	0	0	0	0	0	0	0	0	0	0	0	0	0	0	0	0	0	0	0	0	0	0	0	0	0	0	0	0	0	0	0	0	
32424	Pallidum_R	0	208	0	3050	0	0	0	118	0	0	0	0	0	0	0	0	0	0	0	3110	0	0	0	0	0	0	0	0	0	96	0	0	0	0	0	0	0	2200	0	1698	0	0	0	0	0	0	0	88	0	0	0	0	0	0	0	1208	0	0	0	0	0	0	0	0	0	0	0	0	0	0	172	990	128	2844	0	0	0	142	0	0	0	0	0	0	0	0	0	0	0	160	0	0	0	0	0	0	0	0	0	0	0	0	0	0	0	0	0	0	0	0	0	0	0	0	0	0	
239112	Thalamus_L	9324	2618	5408	892	260	0	2690	350	276	0	902	0	0	0	276	0	1338	0	2858	1176	0	0	0	0	0	0	0	0	7218	298	0	100	0	386	750	1070	10884	3728	4204	2608	0	0	0	0	0	0	690	1588	0	0	0	0	0	0	3324	1750	2406	0	0	0	130	0	0	0	180	0	120	0	1864	0	13942	3160	8950	642	1476	0	0	16698	454	0	326	0	0	0	88	0	0	0	1734	0	110	0	0	0	0	0	176	0	134	0	0	0	0	0	0	0	0	0	0	0	0	0	0	0	0	0	
273616	Thalamus_R	3298	6630	678	14642	0	0	556	3048	0	0	178	674	0	254	0	0	412	136	418	12316	0	0	0	0	0	0	0	0	1704	554	0	0	0	162	1372	2094	3868	12930	1362	7828	0	0	0	360	0	0	554	3414	0	0	0	0	0	294	660	5224	906	398	0	0	0	0	0	0	0	0	0	914	0	0	1884	20580	196	5970	0	142	16698	0	452	0	0	152	0	0	0	526	0	0	438	1404	0	0	0	0	0	0	0	416	0	0	0	0	0	0	0	0	0	0	0	0	112	0	0	0	0	0	
111828	Heschl_L	4704	134	434	112	0	0	684	0	0	0	988	0	0	0	0	0	5112	0	312	102	0	0	0	0	0	0	0	0	7904	0	0	0	260	90	320	338	2962	374	0	212	0	0	3026	0	104	0	674	0	92	0	2418	0	1008	0	1700	182	3710	0	0	0	240	0	316	0	334	0	3026	0	0	0	0	0	0	0	0	0	454	452	0	0	5128	0	0	0	5294	0	0	0	2714	0	0	0	0	0	0	0	0	0	0	0	0	0	0	0	0	0	0	0	0	0	0	0	0	0	0	0	
42292	Heschl_R	0	182	0	0	0	0	0	0	0	0	0	98	0	0	0	0	0	3176	0	202	0	0	0	0	0	0	0	0	0	2626	0	0	0	170	0	290	0	1456	0	128	0	0	0	144	0	112	0	158	0	0	0	0	0	788	0	2126	0	434	0	0	0	0	0	246	0	0	0	300	0	188	0	0	0	0	0	0	0	0	0	0	0	5338	0	0	0	1440	0	0	0	1346	0	0	0	0	0	0	0	98	0	0	0	0	0	0	0	0	0	0	0	0	100	0	0	0	0	0	
250068	Temporal_Sup_L	3548	0	3380	0	0	0	1962	0	0	0	4430	0	414	0	0	0	10336	0	2940	0	0	0	0	0	0	0	0	0	8954	0	0	0	392	0	0	0	3388	0	348	0	0	0	524	0	0	0	134	0	0	0	2278	0	648	0	4992	0	2380	0	278	0	3972	0	6002	0	5200	0	1554	0	0	0	340	0	1176	0	0	0	326	0	5128	0	0	0	2708	0	27756	0	0	0	17740	0	850	0	102	0	0	0	104	0	636	0	0	0	114	0	0	0	0	0	0	0	0	0	0	0	0	0	
155168	Temporal_Sup_R	0	1674	0	314	0	0	0	192	0	0	0	428	0	168	0	88	0	6866	0	1216	0	0	0	0	0	0	0	0	0	3330	0	0	280	382	0	472	0	2614	0	292	0	0	0	0	0	552	0	90	0	364	0	1094	0	1640	0	4482	0	2856	0	120	0	1214	0	7220	0	4208	640	896	0	1206	0	0	0	704	0	0	0	152	0	5338	0	0	0	1794	0	17758	0	672	0	6268	0	0	0	0	0	0	0	0	0	0	0	0	0	0	0	0	0	0	0	0	0	0	0	0	0	0	
121416	Temporal_Pole_Sup_L	0	0	2364	0	1288	0	0	0	92	0	4312	0	1458	0	1856	0	2310	0	3158	0	1472	0	0	0	0	0	184	0	11116	0	0	0	0	0	0	0	1574	0	1858	0	2098	0	0	0	0	0	0	0	0	0	0	0	0	0	2860	0	0	0	0	0	0	0	0	0	0	0	0	0	0	0	576	0	2916	0	0	0	0	0	0	0	2708	0	0	0	5796	0	5744	0	4968	0	0	0	0	0	0	0	0	0	0	0	0	0	0	0	0	0	0	0	0	0	0	0	0	0	0	0	
59876	Temporal_Pole_Sup_R	0	0	0	928	0	0	0	0	0	0	0	1120	0	0	0	1598	0	1308	0	920	0	0	0	0	0	0	0	0	0	1810	0	0	0	0	0	0	0	1116	0	3102	0	2142	0	0	0	0	0	0	0	0	0	0	0	0	0	4512	0	0	0	0	0	0	0	0	0	0	0	0	0	0	0	0	0	280	0	0	0	0	0	0	0	1794	0	0	0	2210	0	3964	0	3134	0	0	0	0	0	0	0	0	0	0	0	0	0	0	0	0	0	0	0	0	0	0	0	0	0	0	
320156	Temporal_Mid_L	1004	0	0	0	0	0	0	0	0	0	0	0	0	0	0	0	3652	0	0	0	0	0	0	0	0	0	0	0	2450	0	0	0	678	0	108	0	894	0	146	0	0	0	2586	0	980	0	360	0	1660	0	22646	0	2846	0	4084	0	1114	0	850	0	8260	0	4276	0	11648	0	4718	0	216	0	0	0	136	0	0	0	88	0	5294	0	27756	0	5796	0	0	0	4206	0	41530	0	96	0	0	0	0	0	0	0	0	0	0	0	0	0	0	0	0	0	0	0	0	0	0	0	0	0	
234992	Temporal_Mid_R	0	3624	0	240	0	0	0	0	0	0	0	100	0	0	0	162	0	808	0	2352	0	0	0	0	0	0	0	0	0	1182	0	0	0	940	0	932	0	1864	0	392	0	0	0	6950	106	2476	0	2350	0	1994	0	11568	0	1790	0	2552	0	3002	0	0	0	592	0	1898	0	9162	1528	7094	0	2946	0	0	0	94	0	0	0	526	0	1440	0	17758	0	2210	0	0	0	3784	0	23080	0	0	0	0	0	0	0	0	0	0	0	0	0	0	0	0	0	0	0	0	0	0	0	0	0	0	
37700	Temporal_Pole_Mid_L	0	0	0	0	0	0	0	0	0	0	0	0	0	0	0	0	0	0	0	0	0	0	0	0	0	0	0	0	0	0	0	0	0	0	0	0	0	0	1368	0	128	0	0	0	0	0	0	0	0	0	0	0	0	0	2816	0	0	0	0	0	0	0	0	0	0	0	0	0	0	0	0	0	0	0	0	0	0	0	0	0	0	0	5744	0	4206	0	0	0	4588	0	0	0	0	0	0	0	0	0	0	0	0	0	0	0	0	0	0	0	0	0	0	0	0	0	0	0	
25296	Temporal_Pole_Mid_R	0	0	0	0	0	0	0	0	0	0	0	0	0	0	0	162	0	0	0	0	0	0	0	0	0	0	0	0	0	166	0	0	0	0	0	0	0	120	0	534	0	180	0	0	0	0	0	0	0	0	0	0	0	0	0	868	0	0	0	0	0	0	0	0	0	0	0	0	0	0	0	0	0	0	0	0	0	0	0	0	0	672	0	3964	0	3784	0	0	0	2198	0	0	0	0	0	0	0	0	0	0	0	0	0	0	0	0	0	0	0	0	0	0	0	0	0	0	
358596	Temporal_Inf_L	680	0	1750	0	0	0	106	0	0	0	140	0	0	0	0	0	788	0	1744	0	0	0	0	0	0	0	0	0	9494	0	0	0	130	0	264	230	15800	402	4638	318	288	0	2070	0	298	0	728	146	838	0	6760	0	5024	0	25282	160	398	0	348	0	3288	0	1254	0	4258	0	2640	0	0	0	316	0	2672	0	0	0	1734	438	2714	0	17740	0	4968	0	41530	0	4588	0	0	0	5726	0	548	0	144	0	1010	0	3342	0	510	0	800	0	254	0	0	0	0	0	0	0	0	0	0	0	
252560	Temporal_Inf_R	0	1368	0	1546	0	0	0	394	0	0	0	226	0	232	0	0	0	560	98	2510	0	0	0	0	0	0	0	0	0	2650	0	0	0	582	0	884	0	13966	0	6632	0	1236	114	3864	110	1712	0	1674	0	664	0	2544	0	4708	0	23666	0	1546	0	0	0	0	0	108	0	1776	652	4174	0	1448	0	470	0	4676	0	160	0	1404	0	1346	0	6268	0	3134	0	23080	0	2198	0	0	0	1160	0	0	0	0	0	244	0	386	0	0	0	0	0	0	0	0	0	0	110	0	0	0	0	0	
515620	Cerebelum_Crus1_L	0	0	378	0	0	0	0	0	0	0	0	0	0	0	0	0	0	0	378	0	0	0	0	0	0	0	0	0	1270	0	0	0	0	0	0	0	3442	0	1944	0	0	0	116	0	0	0	8926	1254	0	0	0	0	550	220	32638	792	0	0	0	0	0	0	0	0	0	0	0	0	0	0	0	0	388	0	0	0	110	0	0	0	850	0	0	0	96	0	0	0	5726	0	0	2754	32908	2790	2112	0	32824	320	65882	2444	13926	170	17446	298	2432	122	440	0	182	1112	6128	5992	8188	0	130	132	
441084	Cerebelum_Crus1_R	0	0	0	0	0	0	0	0	0	0	0	0	0	0	0	0	0	0	0	0	0	0	0	0	0	0	0	0	0	0	0	0	0	0	0	0	0	686	0	1494	0	0	0	0	0	0	388	4314	0	0	0	0	0	272	0	16752	0	0	0	0	0	0	0	0	0	0	0	0	0	0	0	0	0	0	0	0	0	0	0	0	0	0	0	0	0	0	0	0	0	1160	2754	0	1434	30620	96	4514	842	24930	2306	61100	204	4494	328	23104	214	5886	88	268	96	2686	10130	8934	5750	1578	2272	848	
285516	Cerebelum_Crus2_L	0	0	0	0	0	0	0	0	0	0	0	0	0	0	0	0	0	0	0	0	0	0	0	0	0	0	0	0	0	0	0	0	0	0	0	0	190	0	288	0	0	0	0	0	0	0	570	204	0	0	0	0	0	0	2758	0	0	0	0	0	0	0	0	0	0	0	0	0	0	0	0	0	0	0	0	0	0	0	0	0	102	0	0	0	0	0	0	0	548	0	32908	1434	0	5396	270	0	2484	0	7258	252	36356	908	32840	898	4358	144	208	0	0	0	212	962	9852	1184	174	0	
311948	Cerebelum_Crus2_R	0	0	0	0	0	0	0	0	0	0	0	0	0	0	0	0	0	0	0	0	0	0	0	0	0	0	0	0	0	0	0	0	0	0	0	0	0	136	0	306	0	0	0	0	0	0	100	0	0	0	0	0	0	0	0	704	0	0	0	0	0	0	0	0	0	0	0	0	0	0	0	0	0	0	0	0	0	0	0	0	0	0	0	0	0	0	0	0	0	0	2790	30620	5396	0	0	688	124	1860	722	8960	3126	22738	2496	41416	514	8716	150	388	0	420	450	2204	10932	5276	3346	1396	
71660	Cerebelum_3_L	0	0	138	0	0	0	0	0	0	0	0	0	0	0	0	0	0	0	138	0	0	0	0	0	0	0	0	0	314	0	0	0	0	0	0	0	592	0	2406	0	0	0	0	0	0	0	214	0	0	0	0	0	0	0	1268	0	0	0	0	0	0	0	0	0	0	0	0	0	0	0	0	0	174	0	0	0	0	0	0	0	0	0	0	0	0	0	0	0	144	0	2112	96	270	0	0	102	8972	0	3588	104	306	0	1134	0	5124	164	158	0	1090	5908	832	104	0	150	228	0	
84192	Cerebelum_3_R	0	0	0	0	0	0	0	0	0	0	0	0	0	0	0	0	0	0	0	0	0	0	0	0	0	0	0	0	0	0	0	0	0	0	0	0	0	154	0	1444	0	0	0	0	0	0	0	720	0	0	0	0	0	0	0	642	0	0	0	0	0	0	0	0	0	0	0	0	0	0	0	0	0	0	0	0	0	0	0	0	0	0	0	0	0	0	0	0	0	0	0	4514	0	688	102	0	96	8614	0	7414	0	0	102	1318	0	2922	0	94	806	5552	1056	610	256	2048	2514	430	
379508	Cerebelum_4_5_L	0	0	638	0	0	0	0	0	0	0	0	0	0	0	0	0	0	0	638	0	0	0	0	0	0	0	0	0	1670	0	0	0	0	0	0	0	3972	0	5108	0	196	0	288	0	0	0	15652	1806	0	0	338	0	316	134	23600	682	0	0	0	0	0	0	0	0	0	0	0	0	0	0	180	0	878	0	0	0	176	0	0	0	104	0	0	0	0	0	0	0	1010	0	32824	842	2484	124	8972	96	0	2020	45134	1138	1090	0	3522	206	6668	638	140	0	512	4330	14720	4422	308	282	866	1030	
304372	Cerebelum_4_5_R	0	0	0	0	0	0	0	0	0	0	0	0	0	0	0	0	0	0	0	0	0	0	0	0	0	0	0	0	0	252	0	0	0	0	0	96	0	3782	0	6336	0	454	464	380	0	0	2226	9628	0	0	0	0	0	904	276	15784	0	0	0	0	0	0	0	0	0	0	0	922	0	0	0	164	0	452	0	0	0	416	0	98	0	0	0	0	0	0	0	0	0	244	320	24930	0	1860	0	8614	2020	0	1014	35148	0	190	226	2926	0	2808	0	720	0	3436	17114	1198	784	2574	2866	560	
494476	Cerebelum_6_L	0	0	588	0	0	0	0	0	0	0	0	0	0	0	0	0	0	0	586	0	0	0	0	0	0	0	0	0	1808	0	0	0	0	0	0	0	4158	0	3334	0	112	0	176	0	0	0	17520	2298	0	0	328	0	972	298	38852	1184	0	0	0	0	0	0	0	0	0	0	0	0	0	0	100	0	738	0	0	0	134	0	0	0	636	0	0	0	0	0	0	0	3342	0	65882	2306	7258	722	3588	0	45134	1014	0	3056	4586	0	7986	302	4016	190	572	0	258	1338	10344	8042	2848	98	216	318	
409568	Cerebelum_6_R	0	0	0	0	0	0	0	0	0	0	0	0	0	0	0	0	0	0	0	0	0	0	0	0	0	0	0	0	0	0	0	0	0	0	0	0	0	1330	0	2898	0	0	0	0	0	0	636	8042	0	0	0	0	0	1234	90	21754	0	0	0	0	0	0	0	0	0	0	0	0	0	0	0	0	0	128	0	0	0	0	0	0	0	0	0	0	0	0	0	0	0	386	2444	61100	252	8960	104	7414	1138	35148	3056	0	98	462	248	8064	106	2468	0	662	120	3274	13802	11134	3602	1622	2288	720	
241752	Cerebelum_7b_L	0	0	0	0	0	0	0	0	0	0	0	0	0	0	0	0	0	0	0	0	0	0	0	0	0	0	0	0	0	0	0	0	0	0	0	0	128	0	168	0	0	0	0	0	0	0	0	0	0	0	0	0	0	0	1714	0	0	0	0	0	0	0	0	0	0	0	0	0	0	0	0	0	0	0	0	0	0	0	0	0	0	0	0	0	0	0	0	0	510	0	13926	204	36356	3126	306	0	1090	0	4586	98	0	1656	38142	1696	7576	388	1754	0	0	0	90	148	4108	2890	216	0	
137252	Cerebelum_7b_R	0	0	0	0	0	0	0	0	0	0	0	0	0	0	0	0	0	0	0	0	0	0	0	0	0	0	0	0	0	0	0	0	0	0	0	0	0	0	0	0	0	0	0	0	0	0	0	0	0	0	0	0	0	0	0	0	0	0	0	0	0	0	0	0	0	0	0	0	0	0	0	0	0	0	0	0	0	0	0	0	0	0	0	0	0	0	0	0	0	0	170	4494	908	22738	0	0	0	190	0	462	1656	0	1878	22056	222	5484	0	88	0	0	0	848	2320	3246	1220	646	
316532	Cerebelum_8_L	0	0	0	0	0	0	0	0	0	0	0	0	0	0	0	0	0	0	0	0	0	0	0	0	0	0	0	0	130	0	0	0	0	0	0	0	360	0	400	0	0	0	0	0	0	0	0	0	0	0	0	0	0	0	3406	0	0	0	0	0	0	0	0	0	0	0	0	0	0	0	0	0	0	0	0	0	0	0	0	0	114	0	0	0	0	0	0	0	800	0	17446	328	32840	2496	1134	102	3522	226	7986	248	38142	1878	0	4146	22406	1622	3292	0	94	484	604	226	5216	6060	2070	488	
342768	Cerebelum_8_R	0	0	0	0	0	0	0	0	0	0	0	0	0	0	0	0	0	0	0	0	0	0	0	0	0	0	0	0	0	0	0	0	0	0	0	0	0	180	0	448	0	0	0	0	0	0	224	0	0	0	0	0	0	0	0	792	0	0	0	0	0	0	0	0	0	0	0	0	0	0	0	0	0	0	0	0	0	0	0	0	0	0	0	0	0	0	0	0	0	0	298	23104	898	41416	0	1318	206	2926	302	8064	1696	22056	4146	0	1788	26518	370	804	350	882	804	3056	7530	10982	7552	2674	
158444	Cerebelum_9_L	0	0	270	0	0	0	0	0	0	0	0	0	0	0	0	0	0	0	270	0	0	0	0	0	0	0	0	0	638	0	0	0	0	0	0	0	1048	0	1126	0	0	0	0	0	0	0	0	0	0	0	0	0	0	0	2294	0	0	0	0	0	0	0	0	0	0	0	0	0	0	0	0	0	366	0	0	0	0	0	0	0	0	0	0	0	0	0	0	0	254	0	2432	214	4358	514	5124	0	6668	0	4016	106	7576	222	22406	1788	0	2586	5810	0	0	1538	296	252	1114	1912	2834	1190	
193424	Cerebelum_9_R	0	0	0	0	0	0	0	0	0	0	0	0	0	0	0	0	0	0	0	0	0	0	0	0	0	0	0	0	0	0	0	0	0	0	0	0	0	0	0	0	0	0	0	0	0	0	194	0	0	0	0	0	0	0	0	168	0	0	0	0	0	0	0	0	0	0	0	0	0	0	0	0	0	0	0	0	0	0	0	0	0	0	0	0	0	0	0	0	0	0	122	5886	144	8716	164	2922	638	2808	190	2468	388	5484	1622	26518	2586	0	488	1466	880	2782	1176	2554	2328	8296	10850	4874	
27256	Cerebelum_10_L	0	0	0	0	0	0	0	0	0	0	0	0	0	0	0	0	0	0	0	0	0	0	0	0	0	0	0	0	0	0	0	0	0	0	0	0	0	0	0	0	0	0	0	0	0	0	0	0	0	0	0	0	0	0	0	0	0	0	0	0	0	0	0	0	0	0	0	0	0	0	0	0	0	0	0	0	0	0	0	0	0	0	0	0	0	0	0	0	0	0	440	88	208	150	158	0	140	0	572	0	1754	0	3292	370	5810	488	0	0	0	0	0	0	0	0	158	0	
10004	Cerebelum_10_R	0	0	0	0	0	0	0	0	0	0	0	0	0	0	0	0	0	0	0	0	0	0	0	0	0	0	0	0	0	0	0	0	0	0	0	0	0	0	0	0	0	0	0	0	0	0	0	0	0	0	0	0	0	0	0	0	0	0	0	0	0	0	0	0	0	0	0	0	0	0	0	0	0	0	0	0	0	0	0	0	0	0	0	0	0	0	0	0	0	0	0	268	0	388	0	94	0	720	0	662	0	88	0	804	0	1466	0	0	0	0	0	0	0	262	250	0	
24932	Vermis_1_2	0	0	0	0	0	0	0	0	0	0	0	0	0	0	0	0	0	0	0	0	0	0	0	0	0	0	0	0	0	0	0	0	0	0	0	0	0	0	228	0	0	0	0	0	0	0	118	0	0	0	0	0	0	0	0	0	0	0	0	0	0	0	0	0	0	0	0	0	0	0	0	0	0	0	0	0	0	0	0	0	0	0	0	0	0	0	0	0	0	0	182	96	0	0	1090	806	512	0	258	120	0	0	94	350	0	880	0	0	0	4986	530	322	0	804	794	296	
98700	Vermis_3	0	0	0	0	0	0	0	0	0	0	0	0	0	0	0	0	0	0	0	0	0	0	0	0	0	0	0	0	0	0	0	0	0	0	0	0	158	0	1244	0	0	0	0	0	0	0	102	500	0	0	0	0	0	0	210	0	0	0	0	0	0	0	0	0	0	0	0	0	0	0	0	0	0	0	0	0	0	0	0	0	0	0	0	0	0	0	0	0	0	0	1112	2686	0	420	5908	5552	4330	3436	1338	3274	0	0	484	882	1538	2782	0	0	4986	0	3082	604	162	1920	2176	464	
