data	data	429940	417556	833352	917536	204632	91112	491852	445200	126848	31720	224396	358256	214476	190252	187416	111984	241108	169084	786740	907948	72888	74172	316524	342084	32408	93520	71592	64424	585740	371296	285984	461376	148568	414896	153988	139484	271908	293224	85416	133704	33580	38804	208684	318380	179572	335816	213560	321948	185916	361872	544612	340136	213228	126828	401792	251752	248652	217008	163644	109612	207688	120944	141552	117900	159680	146488	285816	423680	246404	201760	271600	331688	291228	300972	32956	21124	131720	193460	55416	28604	294068	130680	89408	25888	358848	295132	37436	6940	294320	140032	383236	340908	347032	289132	11476	32080	186092	214456	353212	297504	245352	186920	262500	236640	100448	122336	12228	6724	10600	45548	152056	174188	136800	93024	58240	20444	
data	data	Precentral_L	Precentral_R	Frontal_Sup_L	Frontal_Sup_R	Frontal_Sup_Orb_L	Frontal_Sup_Orb_R	Frontal_Mid_L	Frontal_Mid_R	Frontal_Mid_Orb_L	Frontal_Mid_Orb_R	Frontal_Inf_Oper_L	Frontal_Inf_Oper_R	Frontal_Inf_Tri_L	Frontal_Inf_Tri_R	Frontal_Inf_Orb_L	Frontal_Inf_Orb_R	Rolandic_Oper_L	Rolandic_Oper_R	Supp_Motor_Area_L	Supp_Motor_Area_R	Olfactory_L	Olfactory_R	Frontal_Sup_Medial_L	Frontal_Sup_Medial_R	Frontal_Med_Orb_L	Frontal_Med_Orb_R	Rectus_L	Rectus_R	Insula_L	Insula_R	Cingulum_Ant_L	Cingulum_Ant_R	Cingulum_Mid_L	Cingulum_Mid_R	Cingulum_Post_L	Cingulum_Post_R	Hippocampus_L	Hippocampus_R	ParaHippocampal_L	ParaHippocampal_R	Amygdala_L	Amygdala_R	Calcarine_L	Calcarine_R	Cuneus_L	Cuneus_R	Lingual_L	Lingual_R	Occipital_Sup_L	Occipital_Sup_R	Occipital_Mid_L	Occipital_Mid_R	Occipital_Inf_L	Occipital_Inf_R	Fusiform_L	Fusiform_R	Postcentral_L	Postcentral_R	Parietal_Sup_L	Parietal_Sup_R	Parietal_Inf_L	Parietal_Inf_R	SupraMarginal_L	SupraMarginal_R	Angular_L	Angular_R	Precuneus_L	Precuneus_R	Paracentral_Lobule_L	Paracentral_Lobule_R	Caudate_L	Caudate_R	Putamen_L	Putamen_R	Pallidum_L	Pallidum_R	Thalamus_L	Thalamus_R	Heschl_L	Heschl_R	Temporal_Sup_L	Temporal_Sup_R	Temporal_Pole_Sup_L	Temporal_Pole_Sup_R	Temporal_Mid_L	Temporal_Mid_R	Temporal_Pole_Mid_L	Temporal_Pole_Mid_R	Temporal_Inf_L	Temporal_Inf_R	Cerebelum_Crus1_L	Cerebelum_Crus1_R	Cerebelum_Crus2_L	Cerebelum_Crus2_R	Cerebelum_3_L	Cerebelum_3_R	Cerebelum_4_5_L	Cerebelum_4_5_R	Cerebelum_6_L	Cerebelum_6_R	Cerebelum_7b_L	Cerebelum_7b_R	Cerebelum_8_L	Cerebelum_8_R	Cerebelum_9_L	Cerebelum_9_R	Cerebelum_10_L	Cerebelum_10_R	Vermis_1_2	Vermis_3	Vermis_4_5	Vermis_6	Vermis_7	Vermis_8	Vermis_9	Vermis_10	
429940	Precentral_L	0	9768	12456	5254	0	0	20704	2542	0	0	11402	1122	1258	0	0	0	8310	302	8240	16772	0	0	94	0	0	0	0	0	5940	624	410	164	1244	2812	1836	510	2074	688	388	116	0	0	0	0	0	0	108	0	290	0	5142	0	2416	0	3002	224	22806	668	1614	0	7496	0	5034	194	1448	0	1362	244	21552	3452	2498	2282	1530	622	578	0	2576	1486	874	0	3962	230	0	0	2722	0	0	0	3528	0	0	0	0	0	0	0	0	0	0	0	0	0	0	0	0	0	0	0	0	0	0	0	0	0	0	0	
417556	Precentral_R	9768	0	3494	19478	132	0	3700	30976	0	0	222	19950	0	292	154	0	152	4342	3900	20444	0	0	530	1326	0	0	0	0	744	3100	1102	4704	382	3294	112	362	146	5516	0	92	0	0	0	1370	0	920	0	0	0	192	0	536	0	486	0	2210	848	16836	0	312	136	1132	0	2774	0	852	0	2876	7290	7782	4006	5348	678	768	130	0	780	4592	0	438	76	1482	0	0	104	3074	0	0	0	2336	0	0	0	0	0	0	0	0	0	0	0	0	0	0	0	0	0	0	0	0	0	0	0	0	0	0	
833352	Frontal_Sup_L	12456	3494	0	5218	10562	0	74848	3062	6794	0	11880	1690	19920	0	9020	0	12544	242	71228	11178	0	0	41560	4090	392	248	252	0	35544	430	14780	2758	1210	1168	484	220	3042	496	692	166	0	0	0	0	0	0	216	100	0	0	0	0	0	0	148	0	3004	120	0	0	246	0	326	0	0	0	0	0	2716	0	6180	1118	15788	962	3778	150	7550	558	1190	0	9564	154	354	0	352	0	0	0	434	0	0	0	0	0	0	0	0	0	0	0	0	0	0	0	0	0	0	0	0	0	0	0	0	0	0	0	
917536	Frontal_Sup_R	5254	19478	5218	0	110	3670	4300	47246	0	1170	940	19512	0	14338	116	10758	844	8492	25264	70268	0	0	10640	44268	134	3782	0	514	2686	22606	7016	33308	2118	17674	102	342	328	7628	0	822	0	0	0	98	0	0	0	0	0	0	0	116	0	142	98	962	494	3200	0	0	240	546	100	1030	0	196	0	542	2468	560	6198	14662	1626	17866	158	1248	876	6926	122	782	756	1754	0	1042	120	1612	0	0	124	1158	0	0	0	0	0	0	0	0	0	0	0	0	0	0	0	0	0	0	0	0	0	0	0	0	0	0	
204632	Frontal_Sup_Orb_L	0	132	10562	110	0	0	2092	240	17800	0	110	122	3172	0	17384	0	76	0	686	100	2778	0	5854	156	4690	186	7722	0	14320	0	3950	0	0	0	0	0	0	0	278	0	262	0	0	0	0	0	0	0	0	0	0	0	0	0	0	0	0	0	0	0	0	0	0	0	0	0	0	0	0	0	676	0	7058	0	0	0	0	0	0	0	0	0	1800	0	0	0	0	0	0	0	0	0	0	0	0	0	0	0	0	0	0	0	0	0	0	0	0	0	0	0	0	0	0	0	0	0	
91112	Frontal_Sup_Orb_R	0	0	0	3670	0	0	0	668	0	5070	0	0	0	354	0	4504	0	0	94	96	176	1946	84	2310	482	8190	92	9766	0	2264	196	376	0	0	0	0	0	0	0	0	0	0	0	0	0	0	0	0	0	0	0	0	0	0	0	0	0	0	0	0	0	0	0	0	0	0	0	0	0	0	174	1626	90	3328	0	0	0	0	0	0	0	0	0	0	0	0	0	0	0	0	0	0	0	0	0	0	0	0	0	0	0	0	0	0	0	0	0	0	0	0	0	0	0	0	0	0	
491852	Frontal_Mid_L	20704	3700	74848	4300	2092	0	0	4632	4120	0	7500	2708	30598	0	6880	0	4354	418	11750	6290	0	0	18142	358	0	0	122	0	13982	680	5466	834	1328	790	302	172	1356	454	328	0	0	0	0	0	0	0	246	0	0	0	330	0	304	0	260	0	492	336	0	0	1662	0	612	0	0	0	0	0	0	0	2370	250	2174	970	0	0	3386	252	436	0	1550	264	0	0	476	0	0	0	348	0	0	0	0	0	0	0	0	0	0	0	0	0	0	0	0	0	0	0	0	0	0	0	0	0	0	0	
445200	Frontal_Mid_R	2542	30976	3062	47246	240	668	4632	0	144	1600	134	25210	0	11776	264	8722	116	3458	4490	8438	0	0	2040	9956	0	0	0	0	826	9292	2708	9078	1282	5728	82	0	132	3708	0	148	0	0	0	0	0	0	0	0	0	0	0	0	78	0	0	474	596	3340	0	0	218	244	0	1150	0	132	0	338	242	382	3728	1148	686	3908	84	374	154	4670	90	490	0	614	0	0	154	354	0	0	0	254	0	0	0	0	0	0	0	0	0	0	0	0	0	0	0	0	0	0	0	0	0	0	0	0	0	0	
126848	Frontal_Mid_Orb_L	0	0	6794	0	17800	0	4120	144	0	0	0	0	2720	0	13672	0	0	0	384	0	556	0	1976	0	2056	0	4646	0	4598	0	1292	0	0	0	0	0	0	0	0	0	0	0	0	0	0	0	0	0	0	0	0	0	0	0	0	0	0	0	0	0	0	0	0	0	0	0	0	0	0	0	290	0	2236	0	0	0	0	0	0	0	0	0	140	0	0	0	0	0	0	0	0	0	0	0	0	0	0	0	0	0	0	0	0	0	0	0	0	0	0	0	0	0	0	0	0	0	
31720	Frontal_Mid_Orb_R	0	0	0	1170	0	5070	0	1600	0	0	0	0	0	968	0	2954	0	0	0	0	78	398	0	82	0	316	0	1448	0	734	0	0	0	0	0	0	0	0	0	0	0	0	0	0	0	0	0	0	0	0	0	0	0	0	0	0	0	0	0	0	0	0	0	0	0	0	0	0	0	0	78	264	0	700	0	0	0	0	0	0	0	0	0	0	0	0	0	0	0	0	0	0	0	0	0	0	0	0	0	0	0	0	0	0	0	0	0	0	0	0	0	0	0	0	0	0	
224396	Frontal_Inf_Oper_L	11402	222	11880	940	110	0	7500	134	0	0	0	154	7904	0	126	0	19754	84	9618	1342	0	0	238	0	0	0	0	0	18724	168	418	0	0	264	0	0	464	86	0	0	0	0	0	0	0	0	0	0	0	0	222	0	176	0	110	0	1840	0	0	0	914	0	1370	0	0	0	0	0	0	0	1122	0	902	194	0	0	220	92	626	0	10160	0	1900	0	602	0	0	0	216	0	0	0	0	0	0	0	0	0	0	0	0	0	0	0	0	0	0	0	0	0	0	0	0	0	0	0	
358256	Frontal_Inf_Oper_R	1122	19950	1690	19512	122	0	2708	25210	0	0	154	0	0	14286	138	206	138	12064	6542	14898	0	0	806	5722	0	0	0	0	528	16986	2082	9720	1222	6820	0	0	0	520	0	0	0	0	0	0	0	0	0	0	0	0	0	0	0	0	0	0	0	2108	0	0	88	0	0	128	0	0	0	0	0	0	3496	2842	346	4604	0	0	0	168	0	264	0	710	0	1228	0	0	0	0	0	0	0	0	0	0	0	0	0	0	0	0	0	0	0	0	0	0	0	0	0	0	0	0	0	0	0	0	
214476	Frontal_Inf_Tri_L	1258	0	19920	0	3172	0	30598	0	2720	0	7904	0	0	0	10818	0	1566	0	2100	0	0	0	1164	0	0	0	0	0	22506	0	1160	206	84	0	0	0	0	0	0	0	0	0	0	0	0	0	0	0	0	0	0	0	0	0	0	0	0	0	0	0	0	0	0	0	0	0	0	0	0	0	0	0	848	0	0	0	0	0	0	0	438	0	776	0	0	0	0	0	0	0	0	0	0	0	0	0	0	0	0	0	0	0	0	0	0	0	0	0	0	0	0	0	0	0	0	0	
190252	Frontal_Inf_Tri_R	0	292	0	14338	0	354	0	11776	0	968	0	14286	0	0	0	9432	0	964	1786	6382	0	0	156	5124	0	128	0	0	0	16224	308	4148	682	3396	0	0	0	134	0	0	0	0	0	0	0	0	0	0	0	0	0	0	0	0	0	0	0	0	0	0	0	0	0	0	0	0	0	0	0	0	490	1508	0	2046	0	0	0	0	0	0	0	0	0	204	0	0	0	0	0	0	0	0	0	0	0	0	0	0	0	0	0	0	0	0	0	0	0	0	0	0	0	0	0	0	0	0	
187416	Frontal_Inf_Orb_L	0	154	9020	116	17384	0	6880	264	13672	0	126	138	10818	0	0	0	0	0	570	112	2648	0	1348	0	0	0	2268	0	15888	0	816	0	0	0	0	0	414	0	126	0	308	0	0	0	0	0	0	0	0	0	0	0	0	0	164	0	0	0	0	0	0	0	0	0	0	0	0	0	0	0	568	0	7622	0	0	0	0	0	0	0	0	0	2284	0	0	0	0	0	0	0	0	0	0	0	0	0	0	0	0	0	0	0	0	0	0	0	0	0	0	0	0	0	0	0	0	0	
111984	Frontal_Inf_Orb_R	0	0	0	10758	0	4504	0	8722	0	2954	0	206	0	9432	0	0	0	0	0	104	0	918	0	2142	0	146	0	2000	0	9474	0	1394	0	90	0	0	0	0	0	0	0	0	0	0	0	0	0	0	0	0	0	0	0	0	0	0	0	0	0	0	0	0	0	0	0	0	0	0	0	0	0	646	0	2410	0	0	0	0	0	0	0	0	0	92	0	0	0	0	0	0	0	0	0	0	0	0	0	0	0	0	0	0	0	0	0	0	0	0	0	0	0	0	0	0	0	0	
241108	Rolandic_Oper_L	8310	152	12544	844	76	0	4354	116	0	0	19754	138	1566	0	0	0	0	0	10710	1152	0	0	0	0	0	0	0	0	21644	196	142	0	0	232	0	0	500	94	0	0	0	0	0	0	0	0	0	0	0	0	824	0	464	0	146	0	6118	0	0	0	332	0	2310	0	0	0	0	0	132	0	1256	0	470	232	0	0	242	92	2392	0	19542	0	1664	0	1330	0	0	0	484	0	0	0	0	0	0	0	0	0	0	0	0	0	0	0	0	0	0	0	0	0	0	0	0	0	0	0	
169084	Rolandic_Oper_R	302	4342	242	8492	0	0	418	3458	0	0	84	12064	0	964	0	0	0	0	4946	9030	0	0	0	0	0	0	0	0	128	14034	0	238	0	658	0	0	0	764	0	0	0	0	0	0	0	0	0	0	0	0	0	0	0	0	0	216	0	4570	0	0	0	0	0	2414	0	0	0	80	0	238	308	1876	0	4080	0	838	0	252	0	3174	0	4946	0	1174	0	212	0	0	0	0	0	0	0	0	0	0	0	0	0	0	0	0	0	0	0	0	0	0	0	0	0	0	0	0	0	0	
786740	Supp_Motor_Area_L	8240	3900	71228	25264	686	94	11750	4490	384	0	9618	6542	2100	1786	570	0	10710	4946	0	60172	0	0	3702	3356	0	212	0	0	20762	6912	8166	10266	10198	17044	1592	104	2652	1740	508	764	0	0	0	0	0	0	0	0	0	0	0	0	0	0	188	0	3056	550	0	0	386	0	376	0	0	0	0	0	9226	0	8158	8990	14762	8154	4648	774	10656	508	1190	330	8620	548	274	708	352	0	0	0	458	0	0	0	0	0	0	0	0	0	0	0	0	0	0	0	0	0	0	0	0	0	0	0	0	0	0	0	
907948	Supp_Motor_Area_R	16772	20444	11178	70268	100	96	6290	8438	0	0	1342	14898	0	6382	112	104	1152	9030	60172	0	0	0	600	7314	0	318	0	0	3778	12652	7350	18624	9026	40298	1698	4680	1270	3152	84	872	0	0	0	744	0	594	0	0	0	148	142	756	96	698	292	428	674	3310	0	0	710	350	254	1100	0	290	0	2294	14254	20356	8108	22520	2482	10582	230	994	1268	11826	802	578	1034	1724	78	1010	218	3174	0	0	362	1000	0	0	0	0	0	0	0	0	0	0	0	0	0	0	0	0	0	0	0	0	0	0	0	0	0	0	
72888	Olfactory_L	0	0	0	0	2778	176	0	0	556	78	0	0	0	0	2648	0	0	0	0	0	0	4440	0	0	0	108	3440	320	3648	126	2186	1188	0	0	0	0	964	0	564	0	858	148	0	0	0	0	0	0	0	0	0	0	0	0	180	0	0	0	0	0	0	0	0	0	0	0	0	0	0	0	5360	3380	2522	298	0	0	0	0	0	0	0	0	478	0	0	0	0	0	0	0	0	0	0	0	0	0	0	0	0	0	0	0	0	0	0	0	0	0	0	0	0	0	0	0	0	0	
74172	Olfactory_R	0	0	0	0	0	1946	0	0	0	398	0	0	0	0	0	918	0	0	0	0	4440	0	0	0	0	868	1670	3044	76	1316	2322	2226	0	0	0	0	0	352	0	216	0	1002	0	0	0	0	0	0	0	0	0	0	0	0	0	182	0	0	0	0	0	0	0	0	0	0	0	0	0	0	5836	6294	3014	966	0	0	0	0	0	0	0	0	0	0	0	0	0	0	0	0	0	0	0	0	0	0	0	0	0	0	0	0	0	0	0	0	0	0	0	0	0	0	0	0	0	0	
316524	Frontal_Sup_Medial_L	94	530	41560	10640	5854	84	18142	2040	1976	0	238	806	1164	156	1348	0	0	0	3702	600	0	0	0	19682	1510	868	1074	0	2288	154	18256	13338	2896	7408	0	0	0	0	0	0	0	0	0	0	0	0	0	0	0	0	0	0	0	0	0	0	0	0	0	0	0	0	0	0	0	0	0	0	0	0	342	0	1512	0	0	0	0	0	0	0	0	0	0	0	0	0	0	0	0	0	0	0	0	0	0	0	0	0	0	0	0	0	0	0	0	0	0	0	0	0	0	0	0	0	0	0	
342084	Frontal_Sup_Medial_R	0	1326	4090	44268	156	2310	358	9956	0	82	0	5722	0	5124	0	2142	0	0	3356	7314	0	0	19682	0	610	6304	0	0	0	5692	4462	28138	282	11372	0	0	0	0	0	0	0	0	0	0	0	0	0	0	0	0	0	0	0	0	0	0	0	0	0	0	0	0	0	0	0	0	0	0	0	0	90	3816	0	4390	0	0	0	0	0	0	0	0	0	0	0	0	0	0	0	0	0	0	0	0	0	0	0	0	0	0	0	0	0	0	0	0	0	0	0	0	0	0	0	0	0	0	
32408	Frontal_Med_Orb_L	0	0	392	134	4690	482	0	0	2056	0	0	0	0	0	0	0	0	0	0	0	0	0	1510	610	0	2148	1424	164	0	0	2428	0	0	0	0	0	0	0	0	0	0	0	0	0	0	0	0	0	0	0	0	0	0	0	0	0	0	0	0	0	0	0	0	0	0	0	0	0	0	0	0	0	166	0	0	0	0	0	0	0	0	0	0	0	0	0	0	0	0	0	0	0	0	0	0	0	0	0	0	0	0	0	0	0	0	0	0	0	0	0	0	0	0	0	0	0	
93520	Frontal_Med_Orb_R	0	0	248	3782	186	8190	0	0	0	316	0	0	0	128	0	146	0	0	212	318	108	868	868	6304	2148	0	146	7252	0	192	1008	6188	0	0	0	0	0	0	0	0	0	0	0	0	0	0	0	0	0	0	0	0	0	0	0	0	0	0	0	0	0	0	0	0	0	0	0	0	0	0	156	4014	106	3876	0	0	0	0	0	0	0	0	0	0	0	0	0	0	0	0	0	0	0	0	0	0	0	0	0	0	0	0	0	0	0	0	0	0	0	0	0	0	0	0	0	0	
71592	Rectus_L	0	0	252	0	7722	92	122	0	4646	0	0	0	0	0	2268	0	0	0	0	0	3440	1670	1074	0	1424	146	0	242	684	0	4076	1044	0	0	0	0	124	0	0	0	0	0	0	0	0	0	0	0	0	0	0	0	0	0	0	0	0	0	0	0	0	0	0	0	0	0	0	0	0	0	2630	1396	2486	258	0	0	0	0	0	0	0	0	0	0	0	0	0	0	0	0	0	0	0	0	0	0	0	0	0	0	0	0	0	0	0	0	0	0	0	0	0	0	0	0	0	0	
64424	Rectus_R	0	0	0	514	0	9766	0	0	0	1448	0	0	0	0	0	2000	0	0	0	0	320	3044	0	0	164	7252	242	0	0	964	110	1880	0	0	0	0	0	0	0	0	0	0	0	0	0	0	0	0	0	0	0	0	0	0	0	0	0	0	0	0	0	0	0	0	0	0	0	0	0	0	300	2114	142	1952	0	0	0	0	0	0	0	0	0	0	0	0	0	0	0	0	0	0	0	0	0	0	0	0	0	0	0	0	0	0	0	0	0	0	0	0	0	0	0	0	0	0	
585740	Insula_L	5940	744	35544	2686	14320	0	13982	826	4598	0	18724	528	22506	0	15888	0	21644	128	20762	3778	3648	76	2288	0	0	0	684	0	0	716	1836	454	0	586	988	250	9506	374	1654	0	1150	0	0	0	0	0	86	0	0	0	1008	0	672	0	5328	0	3466	0	0	0	124	0	1820	0	0	0	0	0	164	0	8080	286	19792	768	0	0	3336	556	4866	0	20800	278	4702	0	3982	0	82	0	5786	0	0	0	0	0	0	0	0	0	80	0	0	0	0	0	0	0	0	0	0	0	0	0	0	0	0	0	
371296	Insula_R	624	3100	430	22606	0	2264	680	9292	0	734	168	16986	0	16224	0	9474	196	14034	6912	12652	126	1316	154	5692	0	192	0	964	716	0	370	4632	118	2346	0	0	0	7396	0	1168	0	1710	0	0	0	0	0	0	0	0	0	0	0	0	0	764	0	1014	0	0	0	0	0	194	0	0	0	0	0	0	1418	3954	452	22800	0	394	0	1546	0	2702	220	4698	0	1102	0	510	0	0	0	604	0	0	0	0	0	0	0	0	0	0	0	0	0	0	0	0	0	0	0	0	0	0	0	0	0	0	
285984	Cingulum_Ant_L	410	1102	14780	7016	3950	196	5466	2708	1292	0	418	2082	1160	308	816	0	142	0	8166	7350	2186	2322	18256	4462	2428	1008	4076	110	1836	370	0	20076	3180	4616	0	0	0	0	0	0	0	0	0	0	0	0	0	0	0	0	0	0	0	0	0	0	0	0	0	0	0	0	0	0	0	0	0	0	0	0	7772	3332	8352	888	0	0	258	0	0	0	0	102	0	0	0	0	0	0	0	0	0	0	0	0	0	0	0	0	0	0	0	0	0	0	0	0	0	0	0	0	0	0	0	0	0	0	
461376	Cingulum_Ant_R	164	4704	2758	33308	0	376	834	9078	0	0	0	9720	206	4148	0	1394	0	238	10266	18624	1188	2226	13338	28138	0	6188	1044	1880	454	4632	20076	0	4752	21600	0	0	0	0	0	0	0	0	0	0	0	0	0	0	0	0	0	0	0	0	0	0	0	0	0	0	0	0	0	0	0	0	0	0	0	0	3358	15982	1566	8448	0	0	0	0	0	0	0	0	0	0	0	0	0	0	0	0	0	0	0	0	0	0	0	0	0	0	0	0	0	0	0	0	0	0	0	0	0	0	0	0	0	0	
148568	Cingulum_Mid_L	1244	382	1210	2118	0	0	1328	1282	0	0	0	1222	84	682	0	0	0	0	10198	9026	0	0	2896	282	0	0	0	0	0	118	3180	4752	0	14606	2814	620	0	0	0	0	0	0	78	0	576	322	0	0	462	322	1424	216	0	0	0	0	276	124	590	0	354	0	0	0	324	0	3072	672	5940	832	164	0	0	0	0	0	0	0	0	0	0	0	0	0	270	222	0	0	0	0	0	0	0	0	0	0	0	0	0	0	0	0	0	0	0	0	0	0	0	0	0	0	0	0	0	0	
414896	Cingulum_Mid_R	2812	3294	1168	17674	0	0	790	5728	0	0	264	6820	0	3396	0	90	232	658	17044	40298	0	0	7408	11372	0	0	0	0	586	2346	4616	21600	14606	0	1046	4726	150	0	0	0	0	0	0	2008	118	2088	0	0	0	1948	0	1600	0	888	0	0	0	1220	0	0	0	228	0	100	0	390	266	8788	4110	8928	1414	746	270	150	0	0	0	114	86	0	94	248	0	140	0	2078	0	0	0	704	0	0	0	0	0	0	0	0	0	0	0	0	0	0	0	0	0	0	0	0	0	0	0	0	0	0	
153988	Cingulum_Post_L	1836	112	484	102	0	0	302	82	0	0	0	0	0	0	0	0	0	0	1592	1698	0	0	0	0	0	0	0	0	988	0	0	0	2814	1046	0	9026	9850	3504	782	1390	0	0	3400	0	562	0	1404	1962	240	0	1630	0	1826	78	2844	474	1050	144	0	0	0	0	310	0	0	0	6782	2294	6718	1238	0	0	340	0	0	0	190	1032	640	0	204	0	0	0	914	84	0	0	3228	0	0	0	0	0	0	0	0	1476	0	0	0	0	0	0	0	0	0	0	0	0	322	0	0	0	0	0	
139484	Cingulum_Post_R	510	362	220	342	0	0	172	0	0	0	0	0	0	0	0	0	0	0	104	4680	0	0	0	0	0	0	0	0	250	0	0	0	620	4726	9026	0	5020	4354	424	1440	0	0	106	1300	0	644	674	3124	0	178	0	1164	0	2150	190	990	0	1588	0	0	0	0	0	0	0	0	816	10722	812	5568	0	0	98	0	0	0	150	938	218	0	0	0	0	0	84	1898	0	0	232	872	0	0	0	0	0	0	0	1922	0	0	0	0	0	0	0	0	0	0	0	0	1054	0	0	0	0	0	
271908	Hippocampus_L	2074	146	3042	328	0	0	1356	132	0	0	464	0	0	0	414	0	500	0	2652	1270	964	0	0	0	0	0	124	0	9506	0	0	0	0	150	9850	5020	0	4166	11672	1970	7212	0	4712	0	0	0	6112	2800	0	0	1028	0	930	0	14442	342	190	0	0	0	0	0	0	0	0	0	5786	1696	358	0	506	0	6196	92	82	0	3696	2024	2700	0	2592	0	326	0	2654	0	0	0	11096	0	0	0	0	0	192	0	0	1812	140	0	0	0	0	0	0	0	0	0	0	98	340	0	0	0	0	0	
293224	Hippocampus_R	688	5516	496	7628	0	0	454	3708	0	0	86	520	0	134	0	0	94	764	1740	3152	0	352	0	0	0	0	0	0	374	7396	0	0	0	0	3504	4354	4166	0	540	19364	0	6884	0	152	0	0	572	6294	0	0	0	0	0	124	0	19428	84	350	0	0	0	0	0	162	0	0	0	3262	396	260	344	1042	208	12416	0	352	912	8542	290	336	84	2336	0	76	0	3200	0	0	0	7530	0	356	0	0	0	0	0	4386	0	316	0	0	0	0	0	0	0	0	0	88	800	0	0	0	0	0	
85416	ParaHippocampal_L	388	0	692	0	278	0	328	0	0	0	0	0	0	0	126	0	0	0	508	84	564	0	0	0	0	0	0	0	1654	0	0	0	0	0	782	424	11672	540	0	244	2528	0	324	0	0	0	3848	504	0	0	328	0	182	0	7772	0	0	0	0	0	0	0	0	0	0	0	556	170	200	0	102	0	2088	0	100	0	424	166	0	0	320	0	774	0	126	0	634	0	2358	0	94	0	0	0	296	0	150	274	106	0	0	0	0	0	0	0	0	0	0	0	0	0	0	0	0	0	
133704	ParaHippocampal_R	116	92	166	822	0	0	0	148	0	0	0	0	0	0	0	0	0	0	764	872	0	216	0	0	0	0	0	0	0	1168	0	0	0	0	1390	1440	1970	19364	244	0	0	4368	0	0	0	0	318	5662	0	0	0	190	0	432	0	10482	0	0	0	0	0	0	0	0	0	0	0	1208	0	0	0	278	0	3356	0	116	746	4830	142	0	0	0	0	944	0	0	0	592	0	770	0	176	0	0	0	0	0	3006	0	228	0	0	0	0	0	0	0	0	0	130	106	0	0	0	0	0	
33580	Amygdala_L	0	0	0	0	262	0	0	0	0	0	0	0	0	0	308	0	0	0	0	0	858	0	0	0	0	0	0	0	1150	0	0	0	0	0	0	0	7212	0	2528	0	0	0	0	0	0	0	0	0	0	0	0	0	0	0	3480	0	0	0	0	0	0	0	0	0	0	0	0	0	0	0	0	0	0	0	0	0	0	0	0	0	0	0	400	0	0	0	158	0	434	0	0	0	0	0	0	0	0	0	0	0	0	0	0	0	0	0	0	0	0	0	0	0	0	0	0	0	
38804	Amygdala_R	0	0	0	0	0	0	0	0	0	0	0	0	0	0	0	0	0	0	0	0	148	1002	0	0	0	0	0	0	0	1710	0	0	0	0	0	0	0	6884	0	4368	0	0	0	0	0	0	0	0	0	0	0	0	0	0	0	3552	0	0	0	0	0	0	0	0	0	0	0	0	0	0	0	82	0	936	0	0	0	0	0	0	0	0	0	390	0	0	0	0	0	330	0	0	0	0	0	0	0	0	0	0	0	0	0	0	0	0	0	0	0	0	0	0	0	0	0	0	
208684	Calcarine_L	0	0	0	0	0	0	0	0	0	0	0	0	0	0	0	0	0	0	0	0	0	0	0	0	0	0	0	0	0	0	0	0	78	0	3400	106	4712	0	324	0	0	0	0	6028	11138	3956	10800	2946	9142	2266	21370	706	6946	218	2948	100	878	0	0	0	0	0	0	0	0	0	12742	780	748	0	0	0	0	0	0	0	0	0	0	0	0	0	0	0	418	0	0	0	1508	0	0	0	0	0	0	0	0	0	84	0	0	0	0	0	0	0	0	0	0	0	0	0	0	0	0	0	
318380	Calcarine_R	0	1370	0	98	0	0	0	0	0	0	0	0	0	0	0	0	0	0	0	744	0	0	0	0	0	0	0	0	0	0	0	0	0	2008	0	1300	0	152	0	0	0	0	6028	0	8188	30074	1250	19084	404	24214	312	14178	0	6164	0	2440	0	4968	0	1592	0	1614	0	274	0	660	534	22826	76	3078	0	0	0	0	0	0	0	0	0	0	0	0	0	0	0	4968	0	0	0	592	0	0	0	0	0	0	0	0	0	0	0	0	0	0	0	0	0	0	0	0	0	0	0	0	0	0	
179572	Cuneus_L	0	0	0	0	0	0	0	0	0	0	0	0	0	0	0	0	0	0	0	0	0	0	0	0	0	0	0	0	0	0	0	0	576	118	562	0	0	0	0	0	0	0	11138	8188	0	11474	1170	344	18502	7250	15730	554	520	0	94	0	370	96	1206	0	0	0	0	0	98	0	8102	1604	1768	152	0	0	0	0	0	0	0	0	0	0	0	0	0	0	170	0	0	0	0	0	0	0	0	0	0	0	0	0	0	0	0	0	0	0	0	0	0	0	0	0	0	0	0	0	0	0	
335816	Cuneus_R	0	920	0	0	0	0	0	0	0	0	0	0	0	0	0	0	0	0	0	594	0	0	0	0	0	0	0	0	0	0	0	0	322	2088	0	644	0	0	0	0	0	0	3956	30074	11474	0	432	6398	672	40278	306	19396	0	1972	0	216	0	3930	0	4744	0	522	0	98	0	1014	3414	26518	0	2642	0	0	0	0	0	0	0	0	0	0	0	0	0	0	0	5146	0	0	0	138	0	0	0	0	0	0	0	0	0	0	0	0	0	0	0	0	0	0	0	0	0	0	0	0	0	0	
213560	Lingual_L	108	0	216	0	0	0	246	0	0	0	0	0	0	0	0	0	0	0	0	0	0	0	0	0	0	0	0	0	86	0	0	0	0	0	1404	674	6112	572	3848	318	0	0	10800	1250	1170	432	0	2134	1926	286	14824	176	8806	0	16200	152	0	0	0	0	0	0	0	0	0	0	4562	224	0	0	0	0	172	0	0	0	358	166	0	0	0	0	0	0	0	0	0	0	980	0	4974	0	0	0	464	0	8294	410	11426	156	0	0	0	0	0	0	0	0	0	0	1644	1210	0	0	0	0	
321948	Lingual_R	0	0	100	0	0	0	0	0	0	0	0	0	0	0	0	0	0	0	0	0	0	0	0	0	0	0	0	0	0	0	0	0	0	0	1962	3124	2800	6294	504	5662	0	0	2946	19084	344	6398	2134	0	0	10876	0	10206	0	9100	1472	14626	0	0	0	0	0	0	0	0	0	140	0	10508	0	0	0	0	0	0	0	0	676	2640	78	0	0	0	0	0	0	546	0	0	0	1264	5572	2508	3000	246	138	290	526	7804	5130	5866	0	0	0	0	0	0	0	0	0	284	5074	9444	1608	0	0	0	
185916	Occipital_Sup_L	290	0	0	0	0	0	0	0	0	0	0	0	0	0	0	0	0	0	0	0	0	0	0	0	0	0	0	0	0	0	0	0	462	0	240	0	0	0	0	0	0	0	9142	404	18502	672	1926	0	0	148	31762	0	534	0	110	0	680	0	9038	0	2090	0	0	0	1906	0	9936	448	548	0	0	0	0	0	0	0	0	0	0	0	0	0	0	0	3928	0	0	0	192	0	0	0	0	0	0	0	0	0	0	0	0	0	0	0	0	0	0	0	0	0	0	0	0	0	0	0	
361872	Occipital_Sup_R	0	192	0	0	0	0	0	0	0	0	0	0	0	0	0	0	0	0	0	148	0	0	0	0	0	0	0	0	0	0	0	0	322	1948	0	178	0	0	0	0	0	0	2266	24214	7250	40278	286	10876	148	0	0	31578	0	2224	0	1430	0	2980	0	10642	0	1800	0	0	0	7216	1626	22010	0	2882	0	0	0	0	0	0	0	0	0	0	0	110	0	0	0	7596	0	0	0	736	0	0	0	0	0	0	0	0	0	0	0	0	0	0	0	0	0	0	0	0	0	0	0	0	0	0	
544612	Occipital_Mid_L	5142	0	0	0	0	0	330	0	0	0	222	0	0	0	0	0	824	0	0	142	0	0	0	0	0	0	0	0	1008	0	0	0	1424	0	1630	0	1028	0	328	0	0	0	21370	312	15730	306	14824	0	31762	0	0	0	29480	0	6024	0	10782	0	20098	0	13586	0	2570	0	19866	0	23624	374	6248	0	0	0	0	0	0	0	0	0	488	0	1986	0	0	0	33654	0	0	0	5950	0	0	0	0	0	0	0	366	0	690	0	0	0	0	0	0	0	0	0	0	0	138	0	0	0	0	0	
340136	Occipital_Mid_R	0	536	0	116	0	0	0	0	0	0	0	0	0	0	0	0	0	0	0	756	0	0	0	0	0	0	0	0	0	0	0	0	216	1600	0	1164	0	0	0	190	0	0	706	14178	554	19396	176	10206	0	31578	0	0	0	8928	0	2022	0	2830	0	6488	0	4732	0	256	0	16626	1068	17144	0	3066	0	0	0	0	0	0	0	0	0	0	0	156	0	0	0	24356	0	0	0	1024	0	0	0	0	0	0	0	0	0	0	0	0	0	0	0	0	0	0	0	0	0	0	0	0	0	0	
213228	Occipital_Inf_L	2416	0	0	0	0	0	304	78	0	0	176	0	0	0	0	0	464	0	0	96	0	0	0	0	0	0	0	0	672	0	0	0	0	0	1826	0	930	0	182	0	0	0	6946	0	520	0	8806	0	534	0	29480	0	0	0	15098	0	1844	0	0	0	0	0	1420	0	0	0	5328	114	2048	0	0	0	0	0	0	0	0	0	582	0	906	0	0	0	10446	0	0	0	10752	0	116	0	0	0	0	0	1766	0	2298	0	0	0	0	0	0	0	0	0	0	0	466	0	0	0	0	0	
126828	Occipital_Inf_R	0	486	0	142	0	0	0	0	0	0	0	0	0	0	0	0	0	0	0	698	0	0	0	0	0	0	0	0	0	0	0	0	0	888	78	2150	0	124	0	432	0	0	218	6164	0	1972	0	9100	0	2224	0	8928	0	0	0	7786	0	312	0	172	0	434	0	122	0	452	0	6564	0	1014	0	0	0	0	0	0	0	0	0	0	0	482	0	0	0	6926	0	0	0	3552	0	180	0	0	0	0	0	374	102	612	0	0	0	0	0	0	0	0	0	0	308	418	0	0	0	0	
401792	Fusiform_L	3002	0	148	98	0	0	260	0	0	0	110	0	0	0	164	0	146	0	188	292	180	0	0	0	0	0	0	0	5328	0	0	0	0	0	2844	190	14442	0	7772	0	3480	0	2948	0	94	0	16200	1472	110	0	6024	0	15098	0	0	318	458	0	0	0	0	0	200	0	0	0	3614	142	1534	0	272	0	1992	0	0	0	330	0	416	0	2940	0	3782	0	5990	0	2522	0	25304	0	19396	0	444	0	0	0	14092	136	29486	716	0	0	0	0	0	0	0	0	0	0	3506	2716	0	0	0	0	
251752	Fusiform_R	224	2210	0	962	0	0	0	474	0	0	0	0	0	0	0	0	0	216	0	428	0	182	0	0	0	0	0	0	0	764	0	0	0	0	474	990	342	19428	0	10482	0	3552	100	2440	0	216	152	14626	0	1430	0	2022	0	7786	318	0	0	0	0	0	0	0	0	134	0	0	0	4776	226	230	0	80	0	602	0	0	0	2412	0	196	0	606	0	1432	0	818	0	640	0	7064	500	8296	0	0	0	98	380	8552	1138	12372	0	0	0	0	0	0	0	0	0	78	2820	2608	0	0	0	0	
248652	Postcentral_L	22806	848	3004	494	0	0	492	596	0	0	1840	0	0	0	0	0	6118	0	3056	674	0	0	0	0	0	0	0	0	3466	0	0	0	276	0	1050	0	190	84	0	0	0	0	878	0	370	0	0	0	680	0	10782	0	1844	0	458	0	0	292	7090	0	15698	0	12162	128	1856	0	6058	110	8104	0	346	126	108	78	0	0	808	0	924	0	4030	0	0	0	5008	0	0	0	1394	0	0	0	0	0	0	0	0	0	0	0	0	0	0	0	0	0	0	0	0	0	0	0	0	0	0	0	
217008	Postcentral_R	668	16836	120	3200	0	0	336	3340	0	0	0	2108	0	0	0	0	0	4570	550	3310	0	0	0	0	0	0	0	0	0	1014	0	0	124	1220	144	1588	0	350	0	0	0	0	0	4968	96	3930	0	0	0	2980	0	2830	0	312	0	0	292	0	0	5678	0	4556	0	12242	0	2244	0	10726	256	10734	390	696	0	528	0	0	78	368	0	224	0	1716	0	0	0	3030	0	0	0	152	0	0	0	0	0	0	0	0	0	0	0	0	0	0	0	0	0	0	0	0	0	0	0	0	0	0	
163644	Parietal_Sup_L	1614	0	0	0	0	0	0	0	0	0	0	0	0	0	0	0	0	0	0	0	0	0	0	0	0	0	0	0	0	0	0	0	590	0	0	0	0	0	0	0	0	0	0	0	1206	0	0	0	9038	0	20098	0	0	0	0	0	7090	0	0	0	12560	0	0	0	7206	0	16808	242	1772	0	0	0	0	0	0	0	0	0	0	0	0	0	0	0	3250	0	0	0	348	0	0	0	0	0	0	0	0	0	0	0	0	0	0	0	0	0	0	0	0	0	0	0	0	0	0	0	
109612	Parietal_Sup_R	0	312	0	0	0	0	0	0	0	0	0	0	0	0	0	0	0	0	0	0	0	0	0	0	0	0	0	0	0	0	0	0	0	0	0	0	0	0	0	0	0	0	0	1592	0	4744	0	0	0	10642	0	6488	0	172	0	0	0	5678	0	0	0	6840	0	336	0	5534	78	8824	0	2066	0	0	0	0	0	0	0	0	0	0	0	0	0	0	0	1500	0	0	0	0	0	0	0	0	0	0	0	0	0	0	0	0	0	0	0	0	0	0	0	0	0	0	0	0	0	0	
207688	Parietal_Inf_L	7496	136	246	240	0	0	1662	218	0	0	914	88	0	0	0	0	332	0	386	710	0	0	0	0	0	0	0	0	124	0	0	0	354	0	0	0	0	0	0	0	0	0	0	0	0	0	0	0	2090	0	13586	0	0	0	0	0	15698	0	12560	0	0	0	19254	0	20188	0	2648	0	438	0	438	0	0	0	0	0	126	0	0	0	448	0	0	0	3032	0	0	0	432	0	0	0	0	0	0	0	0	0	0	0	0	0	0	0	0	0	0	0	0	0	0	0	0	0	0	0	
120944	Parietal_Inf_R	0	1132	0	546	0	0	0	244	0	0	0	0	0	0	0	0	0	0	0	350	0	0	0	0	0	0	0	0	0	0	0	0	0	228	0	0	0	0	0	0	0	0	0	1614	0	522	0	0	0	1800	0	4732	0	434	0	0	0	4556	0	6840	0	0	0	11372	0	13408	0	3518	0	808	0	0	0	0	0	0	0	0	0	0	0	1638	0	0	0	5102	0	0	0	1628	0	0	0	0	0	0	0	0	0	0	0	0	0	0	0	0	0	0	0	0	0	0	0	0	0	0	
141552	SupraMarginal_L	5034	0	326	100	0	0	612	0	0	0	1370	0	0	0	0	0	2310	0	376	254	0	0	0	0	0	0	0	0	1820	0	0	0	0	0	310	0	0	0	0	0	0	0	0	0	0	0	0	0	0	0	2570	0	1420	0	200	0	12162	0	0	0	19254	0	0	0	8062	0	0	0	212	0	224	0	0	0	0	0	0	0	0	0	6208	0	0	0	6394	0	0	0	1558	0	0	0	0	0	0	0	0	0	0	0	0	0	0	0	0	0	0	0	0	0	0	0	0	0	0	0	
117900	SupraMarginal_R	194	2774	0	1030	0	0	0	1150	0	0	0	128	0	0	0	0	0	2414	0	1100	0	0	0	0	0	0	0	0	0	194	0	0	0	100	0	0	0	162	0	0	0	0	0	274	0	98	0	0	0	0	0	256	0	122	0	134	128	12242	0	336	0	11372	0	0	0	5898	0	674	0	1338	242	0	0	0	0	0	0	0	0	228	0	8528	0	0	0	5980	0	0	0	1854	0	0	0	0	0	0	0	0	0	0	0	0	0	0	0	0	0	0	0	0	0	0	0	0	0	0	
159680	Angular_L	1448	0	0	0	0	0	0	0	0	0	0	0	0	0	0	0	0	0	0	0	0	0	0	0	0	0	0	0	0	0	0	0	324	0	0	0	0	0	0	0	0	0	0	0	98	0	0	0	1906	0	19866	0	0	0	0	0	1856	0	7206	0	20188	0	8062	0	0	0	4172	0	962	0	0	0	0	0	0	0	0	0	0	0	3100	0	0	0	9976	0	0	0	676	0	0	0	0	0	0	0	0	0	0	0	0	0	0	0	0	0	0	0	0	0	0	0	0	0	0	0	
146488	Angular_R	0	852	0	196	0	0	0	132	0	0	0	0	0	0	0	0	0	0	0	290	0	0	0	0	0	0	0	0	0	0	0	0	0	390	0	0	0	0	0	0	0	0	0	660	0	1014	0	140	0	7216	0	16626	0	452	0	0	0	2244	0	5534	0	13408	0	5898	0	0	138	2940	0	1702	0	0	0	0	0	0	0	0	0	0	0	2698	0	0	0	10136	0	0	0	578	0	0	0	0	0	0	0	0	0	0	0	0	0	0	0	0	0	0	0	0	0	0	0	0	0	0	
285816	Precuneus_L	1362	0	0	0	0	0	0	0	0	0	0	0	0	0	0	0	0	0	0	0	0	0	0	0	0	0	0	0	0	0	0	0	3072	266	6782	816	5786	0	556	0	0	0	12742	534	8102	3414	4562	0	9936	1626	23624	1068	5328	0	3614	0	6058	0	16808	78	2648	0	0	0	4172	138	0	6198	5316	130	0	0	0	0	0	0	0	0	0	0	0	0	0	0	4552	412	0	0	3208	0	0	0	0	0	0	0	0	0	0	0	0	0	0	0	0	0	0	0	0	0	0	0	0	0	0	0	
423680	Precuneus_R	244	2876	0	542	0	0	0	338	0	0	0	0	0	0	0	0	0	80	0	2294	0	0	0	0	0	0	0	0	0	0	0	0	672	8788	2294	10722	1696	3262	170	1208	0	0	780	22826	1604	26518	224	10508	448	22010	374	17144	114	6564	142	4776	110	10726	242	8824	0	3518	0	674	0	2940	6198	0	476	10350	0	0	0	0	0	0	0	558	0	0	0	334	0	0	130	10910	0	0	164	2204	0	0	0	0	0	0	0	2432	0	0	0	0	0	0	0	0	0	0	0	0	1832	0	0	0	0	0	
246404	Paracentral_Lobule_L	21552	7290	2716	2468	0	0	0	242	0	0	0	0	0	0	0	0	132	0	9226	14254	0	0	0	0	0	0	0	0	164	0	0	0	5940	4110	6718	812	358	396	200	0	0	0	748	76	1768	0	0	0	548	0	6248	0	2048	0	1534	226	8104	256	1772	0	438	0	212	0	962	0	5316	476	0	4566	498	630	1012	174	326	0	3078	524	0	0	206	0	0	0	2948	0	0	0	1930	0	0	0	0	0	0	0	0	0	0	0	0	0	0	0	0	0	0	0	0	0	0	0	0	0	0	0	
201760	Paracentral_Lobule_R	3452	7782	0	560	0	0	0	382	0	0	0	0	0	0	0	0	0	238	0	20356	0	0	0	0	0	0	0	0	0	0	0	0	832	8928	1238	5568	0	260	0	0	0	0	0	3078	152	2642	0	0	0	2882	0	3066	0	1014	0	230	0	10734	0	2066	0	808	0	1338	0	1702	130	10350	4566	0	0	0	0	0	0	0	0	0	0	0	0	896	0	0	0	4690	0	0	0	940	0	0	0	0	0	0	0	0	0	0	0	0	0	0	0	0	0	0	0	0	0	0	0	0	0	0	
271600	Caudate_L	2498	4006	6180	6198	676	174	2370	3728	290	78	1122	3496	0	490	568	0	1256	308	8158	8108	5360	5836	342	90	0	156	2630	300	8080	1418	7772	3358	164	1414	0	0	506	344	102	0	0	0	0	0	0	0	0	0	0	0	0	0	0	0	272	0	346	390	0	0	438	0	224	242	0	0	0	0	498	0	0	10802	15892	1868	1098	0	10152	3170	0	92	1972	450	0	0	92	0	0	0	226	0	0	0	0	0	0	0	0	0	0	0	0	0	0	0	0	0	0	0	0	0	0	0	0	0	0	0	
331688	Caudate_R	2282	5348	1118	14662	0	1626	250	1148	0	264	0	2842	0	1508	0	646	0	1876	8990	22520	3380	6294	0	3816	0	4014	1396	2114	286	3954	3332	15982	0	746	0	0	0	1042	0	278	0	82	0	0	0	0	0	0	0	0	0	0	0	0	0	80	126	696	0	0	0	0	0	0	0	0	0	0	630	0	10802	0	3416	12546	0	1176	1752	22236	0	266	0	322	0	0	0	0	0	0	0	0	0	0	0	0	0	0	0	0	0	0	0	0	0	0	0	0	0	0	0	0	0	0	0	0	0	0	
291228	Putamen_L	1530	678	15788	1626	7058	90	2174	686	2236	0	902	346	848	0	7622	0	470	0	14762	2482	2522	3014	1512	0	166	106	2486	142	19792	452	8352	1566	0	270	340	98	6196	208	2088	0	0	0	0	0	0	0	172	0	0	0	0	0	0	0	1992	0	108	0	0	0	0	0	0	0	0	0	0	0	1012	0	15892	3416	0	646	4060	0	3594	244	0	0	2034	196	780	0	1014	0	0	0	1846	0	0	0	0	0	0	0	0	0	0	0	0	0	0	0	0	0	0	0	0	0	0	0	0	0	0	0	
300972	Putamen_R	622	768	962	17866	0	3328	970	3908	0	700	194	4604	0	2046	0	2410	232	4080	8154	10582	298	966	0	4390	0	3876	258	1952	768	22800	888	8448	0	150	0	0	92	12416	0	3356	0	936	0	0	0	0	0	0	0	0	0	0	0	0	0	602	78	528	0	0	0	0	0	0	0	0	0	0	174	0	1868	12546	646	0	0	3514	0	3454	0	786	260	2346	0	0	0	378	0	0	0	286	0	0	0	0	0	0	0	0	0	0	0	0	0	0	0	0	0	0	0	0	0	0	0	0	0	0	
32956	Pallidum_L	578	130	3778	158	0	0	0	84	0	0	0	0	0	0	0	0	0	0	4648	230	0	0	0	0	0	0	0	0	0	0	0	0	0	0	0	0	82	0	100	0	0	0	0	0	0	0	0	0	0	0	0	0	0	0	0	0	0	0	0	0	0	0	0	0	0	0	0	0	326	0	1098	0	4060	0	0	0	1206	0	0	0	0	0	0	0	0	0	0	0	0	0	0	0	0	0	0	0	0	0	0	0	0	0	0	0	0	0	0	0	0	0	0	0	0	0	0	0	
21124	Pallidum_R	0	0	150	1248	0	0	0	374	0	0	0	0	0	0	0	0	0	838	774	994	0	0	0	0	0	0	0	0	0	394	0	0	0	0	0	0	0	352	0	116	0	0	0	0	0	0	0	0	0	0	0	0	0	0	0	0	0	0	0	0	0	0	0	0	0	0	0	0	0	0	0	1176	0	3514	0	0	0	366	0	134	0	132	0	0	0	0	0	0	0	0	0	0	0	0	0	0	0	0	0	0	0	0	0	0	0	0	0	0	0	0	0	0	0	0	0	0	
131720	Thalamus_L	2576	780	7550	876	0	0	3386	154	0	0	220	0	0	0	0	0	242	0	10656	1268	0	0	0	0	0	0	0	0	3336	0	258	0	0	0	190	150	3696	912	424	746	0	0	0	0	0	0	358	676	0	0	0	0	0	0	330	0	808	78	0	0	126	0	0	0	0	0	0	0	3078	0	10152	1752	3594	0	1206	0	0	4244	82	0	656	0	0	0	128	0	0	0	906	0	0	0	0	0	0	0	0	266	0	0	0	0	0	0	0	0	0	0	0	0	0	0	0	0	0	0	
193460	Thalamus_R	1486	4592	558	6926	0	0	252	4670	0	0	92	168	0	0	0	0	92	252	508	11826	0	0	0	0	0	0	0	0	556	1546	0	0	0	114	1032	938	2024	8542	166	4830	0	0	0	0	0	0	166	2640	0	0	0	0	0	0	0	2412	0	368	0	0	0	0	0	0	0	0	0	558	524	0	3170	22236	244	3454	0	366	4244	0	282	108	116	444	0	0	0	512	0	0	0	1596	0	90	0	0	0	0	0	1672	0	0	0	0	0	0	0	0	0	0	0	136	222	0	0	0	0	0	
55416	Heschl_L	874	0	1190	122	0	0	436	90	0	0	626	0	0	0	0	0	2392	0	1190	802	0	0	0	0	0	0	0	0	4866	0	0	0	0	86	640	218	2700	290	0	142	0	0	0	0	0	0	0	78	0	0	488	0	582	0	416	0	924	0	0	0	0	0	0	0	0	0	0	0	0	0	0	0	0	0	0	0	82	282	0	0	2318	0	0	0	3238	0	0	0	2636	0	0	0	0	0	0	0	0	0	0	0	0	0	0	0	0	0	0	0	0	0	0	0	0	0	0	0	
28604	Heschl_R	0	438	0	782	0	0	0	490	0	0	0	264	0	0	0	0	0	3174	330	578	0	0	0	0	0	0	0	0	0	2702	0	0	0	0	0	0	0	336	0	0	0	0	0	0	0	0	0	0	0	0	0	0	0	0	0	196	0	224	0	0	0	0	0	228	0	0	0	0	0	0	92	266	0	786	0	134	0	108	0	0	0	2924	0	0	0	168	0	0	0	82	0	0	0	0	0	0	0	0	0	0	0	0	0	0	0	0	0	0	0	0	0	0	0	0	0	0	
294068	Temporal_Sup_L	3962	76	9564	756	0	0	1550	0	0	0	10160	0	438	0	0	0	19542	0	8620	1034	0	0	0	0	0	0	0	0	20800	220	0	0	0	94	204	0	2592	84	320	0	0	0	0	0	0	0	0	0	0	0	1986	0	906	0	2940	0	4030	0	0	0	448	0	6208	0	3100	0	0	0	206	0	1972	0	2034	260	0	0	656	116	2318	0	0	90	5838	0	23664	0	108	0	9992	0	0	0	0	0	0	0	0	0	146	0	0	0	0	0	0	0	0	0	0	0	0	0	0	0	0	0	
130680	Temporal_Sup_R	230	1482	154	1754	0	0	264	614	0	0	0	710	0	0	0	0	0	4946	548	1724	0	0	0	0	0	0	0	0	278	4698	102	0	0	248	0	0	0	2336	0	0	0	0	0	0	0	0	0	0	0	110	0	156	0	482	0	606	0	1716	0	0	0	1638	0	8528	0	2698	0	334	0	896	450	322	196	2346	0	132	0	444	0	2924	90	0	0	194	0	15904	0	0	0	5086	0	0	0	0	0	0	0	0	0	0	0	0	0	0	0	0	0	0	0	0	0	0	0	0	0	0	
89408	Temporal_Pole_Sup_L	0	0	354	0	1800	0	0	0	140	0	1900	0	776	0	2284	0	1664	0	274	78	478	0	0	0	0	0	0	0	4702	0	0	0	0	0	0	0	326	0	774	0	400	0	0	0	0	0	0	0	0	0	0	0	0	0	3782	0	0	0	0	0	0	0	0	0	0	0	0	0	0	0	0	0	780	0	0	0	0	0	0	0	5838	0	0	0	7856	0	5246	0	5252	0	0	0	0	0	0	0	0	0	0	0	0	0	0	0	0	0	0	0	0	0	0	0	0	0	0	0	
25888	Temporal_Pole_Sup_R	0	0	0	1042	0	0	0	0	0	0	0	1228	0	204	0	92	0	1174	708	1010	0	0	0	0	0	0	0	0	0	1102	0	0	0	140	0	0	0	76	0	944	0	390	0	0	0	0	0	0	0	0	0	0	0	0	0	1432	0	0	0	0	0	0	0	0	0	0	0	0	0	0	0	0	0	0	0	0	0	0	0	0	0	194	0	0	0	388	0	1408	0	1412	0	0	0	0	0	0	0	0	0	0	0	0	0	0	0	0	0	0	0	0	0	0	0	0	0	0	
358848	Temporal_Mid_L	2722	104	352	120	0	0	476	154	0	0	602	0	0	0	0	0	1330	0	352	218	0	0	0	0	0	0	0	0	3982	0	0	0	270	0	914	84	2654	0	126	0	0	0	418	0	170	0	0	0	3928	0	33654	0	10446	0	5990	0	5008	0	3250	0	3032	0	6394	0	9976	0	4552	130	2948	0	92	0	1014	0	0	0	128	0	3238	0	23664	0	7856	0	0	0	5210	0	33418	0	0	0	0	0	0	0	0	0	448	0	0	0	0	0	0	0	0	0	0	0	0	0	0	0	0	0	
295132	Temporal_Mid_R	0	3074	0	1612	0	0	0	354	0	0	0	0	0	0	0	0	0	212	0	3174	0	0	0	0	0	0	0	0	0	510	0	0	222	2078	84	1898	0	3200	0	0	0	0	0	4968	0	5146	0	546	0	7596	0	24356	0	6926	0	818	0	3030	0	1500	0	5102	0	5980	0	10136	412	10910	0	4690	0	0	0	378	0	0	0	512	0	168	0	15904	0	388	0	0	0	264	0	21418	0	0	0	0	0	0	0	0	0	0	0	0	0	0	0	0	0	0	0	0	0	0	0	0	0	0	
37436	Temporal_Pole_Mid_L	0	0	0	0	0	0	0	0	0	0	0	0	0	0	0	0	0	0	0	0	0	0	0	0	0	0	0	0	82	0	0	0	0	0	0	0	0	0	634	0	158	0	0	0	0	0	0	0	0	0	0	0	0	0	2522	0	0	0	0	0	0	0	0	0	0	0	0	0	0	0	0	0	0	0	0	0	0	0	0	0	108	0	5246	0	5210	0	0	0	4758	0	0	0	0	0	0	0	0	0	0	0	0	0	0	0	0	0	0	0	0	0	0	0	0	0	0	0	
6940	Temporal_Pole_Mid_R	0	0	0	0	0	0	0	0	0	0	0	0	0	0	0	0	0	0	0	0	0	0	0	0	0	0	0	0	0	0	0	0	0	0	0	0	0	0	0	592	0	0	0	0	0	0	0	0	0	0	0	0	0	0	0	640	0	0	0	0	0	0	0	0	0	0	0	0	0	0	0	0	0	0	0	0	0	0	0	0	0	0	0	1408	0	264	0	0	0	566	0	0	0	0	0	0	0	0	0	0	0	0	0	0	0	0	0	0	0	0	0	0	0	0	0	0	
294320	Temporal_Inf_L	3528	0	434	124	0	0	348	0	0	0	216	0	0	0	0	0	484	0	458	362	0	0	0	0	0	0	0	0	5786	0	0	0	0	0	3228	232	11096	0	2358	0	434	0	1508	0	0	0	980	0	192	0	5950	0	10752	0	25304	0	1394	0	348	0	432	0	1558	0	676	0	3208	164	1930	0	226	0	1846	0	0	0	906	0	2636	0	9992	0	5252	0	33418	0	4758	0	0	0	2168	0	244	0	0	0	100	0	1662	0	232	0	236	0	0	0	0	0	0	0	0	0	0	0	0	0	
140032	Temporal_Inf_R	0	2336	0	1158	0	0	0	254	0	0	0	0	0	0	0	0	0	0	0	1000	0	0	0	0	0	0	0	0	0	604	0	0	0	704	0	872	0	7530	0	770	0	330	0	592	0	138	0	1264	0	736	0	1024	0	3552	0	7064	0	152	0	0	0	1628	0	1854	0	578	0	2204	0	940	0	0	0	286	0	0	0	1596	0	82	0	5086	0	1412	0	21418	0	566	0	0	0	1308	0	90	0	0	0	114	0	680	0	0	0	94	0	0	0	0	0	0	0	0	0	0	0	0	
383236	Cerebelum_Crus1_L	0	0	0	0	0	0	0	0	0	0	0	0	0	0	0	0	0	0	0	0	0	0	0	0	0	0	0	0	0	0	0	0	0	0	0	0	0	0	94	0	0	0	0	0	0	0	4974	5572	0	0	0	0	116	0	19396	500	0	0	0	0	0	0	0	0	0	0	0	0	0	0	0	0	0	0	0	0	0	0	0	0	0	0	0	0	0	0	0	0	2168	0	0	532	34404	906	232	0	16810	122	52858	1220	12738	176	16370	0	4508	94	572	0	0	0	3846	8718	3184	682	826	0	
340908	Cerebelum_Crus1_R	0	0	0	0	0	0	0	0	0	0	0	0	0	0	0	0	0	0	0	0	0	0	0	0	0	0	0	0	0	0	0	0	0	0	0	0	0	356	0	176	0	0	0	0	0	0	0	2508	0	0	0	0	0	180	0	8296	0	0	0	0	0	0	0	0	0	0	0	0	0	0	0	0	0	0	0	0	0	90	0	0	0	0	0	0	0	0	0	0	0	1308	532	0	496	23326	0	3308	492	23162	752	50316	0	8152	0	15040	98	4180	0	90	418	4152	6544	8716	4724	1594	1268	180	
347032	Cerebelum_Crus2_L	0	0	0	0	0	0	0	0	0	0	0	0	0	0	0	0	0	0	0	0	0	0	0	0	0	0	0	0	0	0	0	0	0	0	0	0	0	0	0	0	0	0	0	0	0	0	0	3000	0	0	0	0	0	0	444	0	0	0	0	0	0	0	0	0	0	0	0	0	0	0	0	0	0	0	0	0	0	0	0	0	0	0	0	0	0	0	0	0	244	0	34404	496	0	7734	0	0	1110	0	7160	114	42610	2868	42048	1266	9564	242	592	0	0	0	80	4120	10806	3636	978	0	
289132	Cerebelum_Crus2_R	0	0	0	0	0	0	0	0	0	0	0	0	0	0	0	0	0	0	0	0	0	0	0	0	0	0	0	0	0	0	0	0	0	0	0	0	0	0	0	0	0	0	0	0	0	0	0	246	0	0	0	0	0	0	0	0	0	0	0	0	0	0	0	0	0	0	0	0	0	0	0	0	0	0	0	0	0	0	0	0	0	0	0	0	0	0	0	0	0	90	906	23326	7734	0	0	0	0	0	208	3032	3388	34152	1824	38900	206	11568	0	186	0	0	0	1538	11336	3720	2046	160	
11476	Cerebelum_3_L	0	0	0	0	0	0	0	0	0	0	0	0	0	0	0	0	0	0	0	0	0	0	0	0	0	0	0	0	0	0	0	0	0	0	0	0	192	0	296	0	0	0	0	0	0	0	464	138	0	0	0	0	0	0	0	0	0	0	0	0	0	0	0	0	0	0	0	0	0	0	0	0	0	0	0	0	0	0	0	0	0	0	0	0	0	0	0	0	0	0	232	0	0	0	0	0	3082	0	466	0	0	0	0	0	202	0	0	0	234	432	0	0	0	0	0	0	
32080	Cerebelum_3_R	0	0	0	0	0	0	0	0	0	0	0	0	0	0	0	0	0	0	0	0	0	0	0	0	0	0	0	0	0	0	0	0	0	0	0	0	0	0	0	0	0	0	0	0	0	0	0	290	0	0	0	0	0	0	0	98	0	0	0	0	0	0	0	0	0	0	0	0	0	0	0	0	0	0	0	0	0	0	0	0	0	0	0	0	0	0	0	0	0	0	0	3308	0	0	0	0	0	4410	0	4878	0	0	0	0	0	0	0	0	352	2506	198	0	0	0	0	0	
186092	Cerebelum_4_5_L	0	0	0	0	0	0	0	0	0	0	0	0	0	0	0	0	0	0	0	0	0	0	0	0	0	0	0	0	0	0	0	0	0	0	0	0	0	0	150	0	0	0	0	0	0	0	8294	526	0	0	366	0	1766	0	14092	380	0	0	0	0	0	0	0	0	0	0	0	0	0	0	0	0	0	0	0	0	0	0	0	0	0	0	0	0	0	0	0	0	100	0	16810	492	1110	0	3082	0	0	126	31042	908	194	0	446	0	2530	130	274	0	0	224	7044	2116	0	252	298	294	
214456	Cerebelum_4_5_R	0	0	0	0	0	0	0	0	0	0	0	0	0	0	0	0	0	0	0	0	0	0	0	0	0	0	0	0	0	0	0	0	0	0	1476	1922	1812	4386	274	3006	0	0	0	0	0	0	410	7804	0	0	0	0	0	374	136	8552	0	0	0	0	0	0	0	0	0	0	0	2432	0	0	0	0	0	0	0	0	266	1672	0	0	0	0	0	0	0	0	0	0	0	114	122	23162	0	0	0	4410	126	0	214	29672	0	0	0	76	0	0	0	0	268	4780	8292	1470	0	0	0	0	
353212	Cerebelum_6_L	0	0	0	0	0	0	0	0	0	0	0	0	0	0	0	0	0	0	0	0	0	0	0	0	0	0	0	0	80	0	0	0	0	0	0	0	140	0	106	0	0	0	84	0	0	0	11426	5130	0	0	690	0	2298	102	29486	1138	0	0	0	0	0	0	0	0	0	0	0	0	0	0	0	0	0	0	0	0	0	0	0	0	146	0	0	0	448	0	0	0	1662	0	52858	752	7160	208	466	0	31042	214	0	2262	2914	0	2508	0	2770	408	414	96	0	0	7228	10014	868	484	544	460	
297504	Cerebelum_6_R	0	0	0	0	0	0	0	0	0	0	0	0	0	0	0	0	0	0	0	0	0	0	0	0	0	0	0	0	0	0	0	0	0	0	0	0	0	316	0	228	0	0	0	0	0	0	156	5866	0	0	0	0	0	612	716	12372	0	0	0	0	0	0	0	0	0	0	0	0	0	0	0	0	0	0	0	0	0	0	0	0	0	0	0	0	0	0	0	0	0	680	1220	50316	114	3032	0	4878	908	29672	2262	0	0	932	0	2410	0	978	0	0	588	5084	10270	11060	2298	940	674	170	
245352	Cerebelum_7b_L	0	0	0	0	0	0	0	0	0	0	0	0	0	0	0	0	0	0	0	0	0	0	0	0	0	0	0	0	0	0	0	0	0	0	0	0	0	0	0	0	0	0	0	0	0	0	0	0	0	0	0	0	0	0	0	0	0	0	0	0	0	0	0	0	0	0	0	0	0	0	0	0	0	0	0	0	0	0	0	0	0	0	0	0	0	0	0	0	232	0	12738	0	42610	3388	0	0	194	0	2914	0	0	2172	39682	1564	7372	134	482	0	0	0	0	0	4930	3922	342	0	
186920	Cerebelum_7b_R	0	0	0	0	0	0	0	0	0	0	0	0	0	0	0	0	0	0	0	0	0	0	0	0	0	0	0	0	0	0	0	0	0	0	0	0	0	0	0	0	0	0	0	0	0	0	0	0	0	0	0	0	0	0	0	0	0	0	0	0	0	0	0	0	0	0	0	0	0	0	0	0	0	0	0	0	0	0	0	0	0	0	0	0	0	0	0	0	0	0	176	8152	2868	34152	0	0	0	0	0	932	2172	0	1426	30528	0	8266	0	0	0	0	0	0	2414	2294	80	0	
262500	Cerebelum_8_L	0	0	0	0	0	0	0	0	0	0	0	0	0	0	0	0	0	0	0	0	0	0	0	0	0	0	0	0	0	0	0	0	0	0	0	0	0	0	0	0	0	0	0	0	0	0	0	0	0	0	0	0	0	0	0	0	0	0	0	0	0	0	0	0	0	0	0	0	0	0	0	0	0	0	0	0	0	0	0	0	0	0	0	0	0	0	0	0	236	0	16370	0	42048	1824	0	0	446	0	2508	0	39682	1426	0	1916	14284	300	1142	0	0	0	0	226	3196	4656	990	0	
236640	Cerebelum_8_R	0	0	0	0	0	0	0	0	0	0	0	0	0	0	0	0	0	0	0	0	0	0	0	0	0	0	0	0	0	0	0	0	0	0	0	0	0	0	0	0	0	0	0	0	0	0	0	0	0	0	0	0	0	0	0	0	0	0	0	0	0	0	0	0	0	0	0	0	0	0	0	0	0	0	0	0	0	0	0	0	0	0	0	0	0	0	0	0	0	94	0	15040	1266	38900	0	0	0	76	0	2410	1564	30528	1916	0	216	17758	0	428	0	0	0	158	2912	3612	1346	96	
100448	Cerebelum_9_L	0	0	0	0	0	0	0	0	0	0	0	0	0	0	0	0	0	0	0	0	0	0	0	0	0	0	0	0	0	0	0	0	0	0	0	0	0	0	0	0	0	0	0	0	0	0	0	0	0	0	0	0	0	0	0	0	0	0	0	0	0	0	0	0	0	0	0	0	0	0	0	0	0	0	0	0	0	0	0	0	0	0	0	0	0	0	0	0	0	0	4508	98	9564	206	202	0	2530	0	2770	0	7372	0	14284	216	0	566	2266	92	0	0	802	1214	1058	906	958	612	
122336	Cerebelum_9_R	0	0	0	0	0	0	0	0	0	0	0	0	0	0	0	0	0	0	0	0	0	0	0	0	0	0	0	0	0	0	0	0	0	0	0	0	0	0	0	0	0	0	0	0	0	0	0	0	0	0	0	0	0	0	0	0	0	0	0	0	0	0	0	0	0	0	0	0	0	0	0	0	0	0	0	0	0	0	0	0	0	0	0	0	0	0	0	0	0	0	94	4180	242	11568	0	0	130	0	408	978	134	8266	300	17758	566	0	0	1228	0	0	814	2086	2638	3754	4192	1832	
12228	Cerebelum_10_L	0	0	0	0	0	0	0	0	0	0	0	0	0	0	0	0	0	0	0	0	0	0	0	0	0	0	0	0	0	0	0	0	0	0	0	0	0	0	0	0	0	0	0	0	0	0	0	0	0	0	0	0	0	0	0	0	0	0	0	0	0	0	0	0	0	0	0	0	0	0	0	0	0	0	0	0	0	0	0	0	0	0	0	0	0	0	0	0	0	0	572	0	592	0	0	0	274	0	414	0	482	0	1142	0	2266	0	0	0	0	0	188	184	0	0	0	0	
6724	Cerebelum_10_R	0	0	0	0	0	0	0	0	0	0	0	0	0	0	0	0	0	0	0	0	0	0	0	0	0	0	0	0	0	0	0	0	0	0	0	0	0	0	0	0	0	0	0	0	0	0	0	0	0	0	0	0	0	0	0	0	0	0	0	0	0	0	0	0	0	0	0	0	0	0	0	0	0	0	0	0	0	0	0	0	0	0	0	0	0	0	0	0	0	0	0	90	0	186	0	0	0	0	96	0	0	0	0	428	92	1228	0	0	0	0	0	170	294	306	308	164	
10600	Vermis_1_2	0	0	0	0	0	0	0	0	0	0	0	0	0	0	0	0	0	0	0	0	0	0	0	0	0	0	0	0	0	0	0	0	0	0	0	0	0	0	0	0	0	0	0	0	0	0	0	0	0	0	0	0	0	0	0	0	0	0	0	0	0	0	0	0	0	0	0	0	0	0	0	0	0	0	0	0	0	0	0	0	0	0	0	0	0	0	0	0	0	0	0	418	0	0	234	352	0	268	0	588	0	0	0	0	0	0	0	0	0	3198	242	0	0	0	0	0	
45548	Vermis_3	0	0	0	0	0	0	0	0	0	0	0	0	0	0	0	0	0	0	0	0	0	0	0	0	0	0	0	0	0	0	0	0	0	0	0	0	98	88	0	130	0	0	0	0	0	0	0	284	0	0	0	0	0	0	0	78	0	0	0	0	0	0	0	0	0	0	0	0	0	0	0	0	0	0	0	0	0	136	0	0	0	0	0	0	0	0	0	0	0	0	0	4152	0	0	432	2506	224	4780	0	5084	0	0	0	0	0	0	0	0	3198	0	1584	0	0	0	0	0	
152056	Vermis_4_5	0	0	0	0	0	0	0	0	0	0	0	0	0	0	0	0	0	0	0	0	0	0	0	0	0	0	0	0	0	0	0	0	0	0	322	1054	340	800	0	106	0	0	0	0	0	0	1644	5074	0	0	138	0	466	308	3506	2820	0	0	0	0	0	0	0	0	0	0	0	1832	0	0	0	0	0	0	0	0	0	222	0	0	0	0	0	0	0	0	0	0	0	0	3846	6544	80	0	0	198	7044	8292	7228	10270	0	0	0	0	802	814	188	0	242	1584	0	7442	142	698	828	1154	
174188	Vermis_6	0	0	0	0	0	0	0	0	0	0	0	0	0	0	0	0	0	0	0	0	0	0	0	0	0	0	0	0	0	0	0	0	0	0	0	0	0	0	0	0	0	0	0	0	0	0	1210	9444	0	0	0	0	0	418	2716	2608	0	0	0	0	0	0	0	0	0	0	0	0	0	0	0	0	0	0	0	0	0	0	0	0	0	0	0	0	0	0	0	0	0	0	8718	8716	4120	1538	0	0	2116	1470	10014	11060	0	0	226	158	1214	2086	184	170	0	0	7442	0	5174	2188	2284	1820	
136800	Vermis_7	0	0	0	0	0	0	0	0	0	0	0	0	0	0	0	0	0	0	0	0	0	0	0	0	0	0	0	0	0	0	0	0	0	0	0	0	0	0	0	0	0	0	0	0	0	0	0	1608	0	0	0	0	0	0	0	0	0	0	0	0	0	0	0	0	0	0	0	0	0	0	0	0	0	0	0	0	0	0	0	0	0	0	0	0	0	0	0	0	0	0	3184	4724	10806	11336	0	0	0	0	868	2298	4930	2414	3196	2912	1058	2638	0	294	0	0	142	5174	0	6116	4120	582	
