data	data	457284	230484	1.10185e+06	930732	146568	96284	675380	363676	95532	25292	262412	213448	427052	200608	253804	94660	247652	138800	684720	519440	81872	107588	565208	437448	64296	116136	56360	75252	789324	395984	376728	633932	202788	558012	167880	173496	336776	400660	123676	234356	43344	50884	310668	376700	192384	326372	333896	393316	177780	391368	579420	314508	259460	143392	551828	559916	378916	266728	149640	161072	217376	146536	99864	91320	159924	178648	345108	433252	161888	132844	328736	393872	394968	411788	49896	47932	181904	161980	199276	57860	324000	183200	123848	74404	335676	163504	39332	27784	348316	169556	470456	366196	312280	250608	40864	85040	296052	231904	547052	400200	256632	101692	315160	286132	165804	164156	32688	18296	27100	75992	329140	389808	237564	190580	159556	51596	
data	data	Precentral_L	Precentral_R	Frontal_Sup_L	Frontal_Sup_R	Frontal_Sup_Orb_L	Frontal_Sup_Orb_R	Frontal_Mid_L	Frontal_Mid_R	Frontal_Mid_Orb_L	Frontal_Mid_Orb_R	Frontal_Inf_Oper_L	Frontal_Inf_Oper_R	Frontal_Inf_Tri_L	Frontal_Inf_Tri_R	Frontal_Inf_Orb_L	Frontal_Inf_Orb_R	Rolandic_Oper_L	Rolandic_Oper_R	Supp_Motor_Area_L	Supp_Motor_Area_R	Olfactory_L	Olfactory_R	Frontal_Sup_Medial_L	Frontal_Sup_Medial_R	Frontal_Med_Orb_L	Frontal_Med_Orb_R	Rectus_L	Rectus_R	Insula_L	Insula_R	Cingulum_Ant_L	Cingulum_Ant_R	Cingulum_Mid_L	Cingulum_Mid_R	Cingulum_Post_L	Cingulum_Post_R	Hippocampus_L	Hippocampus_R	ParaHippocampal_L	ParaHippocampal_R	Amygdala_L	Amygdala_R	Calcarine_L	Calcarine_R	Cuneus_L	Cuneus_R	Lingual_L	Lingual_R	Occipital_Sup_L	Occipital_Sup_R	Occipital_Mid_L	Occipital_Mid_R	Occipital_Inf_L	Occipital_Inf_R	Fusiform_L	Fusiform_R	Postcentral_L	Postcentral_R	Parietal_Sup_L	Parietal_Sup_R	Parietal_Inf_L	Parietal_Inf_R	SupraMarginal_L	SupraMarginal_R	Angular_L	Angular_R	Precuneus_L	Precuneus_R	Paracentral_Lobule_L	Paracentral_Lobule_R	Caudate_L	Caudate_R	Putamen_L	Putamen_R	Pallidum_L	Pallidum_R	Thalamus_L	Thalamus_R	Heschl_L	Heschl_R	Temporal_Sup_L	Temporal_Sup_R	Temporal_Pole_Sup_L	Temporal_Pole_Sup_R	Temporal_Mid_L	Temporal_Mid_R	Temporal_Pole_Mid_L	Temporal_Pole_Mid_R	Temporal_Inf_L	Temporal_Inf_R	Cerebelum_Crus1_L	Cerebelum_Crus1_R	Cerebelum_Crus2_L	Cerebelum_Crus2_R	Cerebelum_3_L	Cerebelum_3_R	Cerebelum_4_5_L	Cerebelum_4_5_R	Cerebelum_6_L	Cerebelum_6_R	Cerebelum_7b_L	Cerebelum_7b_R	Cerebelum_8_L	Cerebelum_8_R	Cerebelum_9_L	Cerebelum_9_R	Cerebelum_10_L	Cerebelum_10_R	Vermis_1_2	Vermis_3	Vermis_4_5	Vermis_6	Vermis_7	Vermis_8	Vermis_9	Vermis_10	
457284	Precentral_L	0	0	19262	792	0	0	35190	0	0	0	12756	0	3666	0	0	0	11732	0	8850	450	0	0	1342	0	0	0	0	0	21688	0	0	0	226	0	4686	188	7866	200	1366	0	0	0	774	0	192	0	1126	0	0	0	2954	0	2414	0	2274	0	36070	0	1246	0	3664	0	2550	0	938	0	2234	0	6454	0	3352	142	4746	128	864	0	3366	84	11108	0	6862	0	294	0	2356	0	0	0	2190	0	0	0	0	0	0	0	0	0	0	0	0	0	0	0	0	0	0	0	0	0	0	0	0	0	0	0	
230484	Precentral_R	0	0	94	10836	0	0	84	13336	0	0	0	4372	0	438	0	0	0	2824	1754	4762	0	0	0	0	0	0	0	0	0	3018	0	0	0	1076	436	2140	196	6188	0	768	0	0	0	3380	0	1722	0	1526	0	3134	0	1342	0	1462	0	3036	0	16724	0	868	0	610	0	1978	0	456	136	8078	1212	6472	0	1428	0	1636	0	142	792	2362	0	470	0	1696	0	0	0	910	0	0	0	1212	0	0	0	0	0	0	0	0	0	0	0	0	0	0	0	0	0	0	0	0	136	0	0	0	0	0	
1.10185e+06	Frontal_Sup_L	19262	94	0	16134	8446	160	80174	862	4946	0	14452	3200	27610	268	10976	0	7934	792	76512	14476	110	114	64924	16990	1886	462	778	0	41344	4078	21048	12512	8410	10226	1762	974	5578	1252	1040	846	0	0	246	0	0	0	430	250	0	0	0	0	176	0	1940	764	5912	0	0	0	290	0	0	0	0	0	776	106	4850	0	12008	3376	14366	2632	2866	0	4584	930	1794	0	6728	0	1328	450	1020	0	0	0	2472	0	0	0	0	0	0	0	0	0	0	0	0	0	0	0	0	0	0	0	0	0	0	0	0	0	0	0	
930732	Frontal_Sup_R	792	10836	16134	0	0	3860	2100	50490	0	542	154	10834	700	17822	308	4872	100	7972	19226	51136	0	558	19014	44752	0	3804	0	1452	1012	18814	9458	43016	2012	41242	626	3262	200	5538	96	2748	0	0	0	230	0	0	0	516	0	0	0	0	0	0	0	2410	166	814	0	0	0	0	0	0	0	0	0	298	1828	0	3630	15358	1076	19580	614	2944	5576	12558	0	724	0	1270	0	292	0	0	0	0	0	0	0	0	0	0	0	0	0	0	0	0	0	0	0	0	0	0	0	0	0	0	0	0	0	0	0	0	
146568	Frontal_Sup_Orb_L	0	0	8446	0	0	0	1886	0	10942	0	92	0	1792	0	11540	0	0	0	82	0	1722	988	3580	146	6778	178	6194	106	5626	0	3128	348	112	0	0	0	0	0	0	0	116	0	0	0	0	0	0	0	0	0	0	0	0	0	0	0	0	0	0	0	0	0	0	0	0	0	0	0	0	0	2678	992	4916	162	0	0	0	0	0	0	0	0	734	0	0	0	0	0	0	0	0	0	0	0	0	0	0	0	0	0	0	0	0	0	0	0	0	0	0	0	0	0	0	0	0	0	
96284	Frontal_Sup_Orb_R	0	0	160	3860	0	0	0	316	0	3922	0	0	0	0	0	4714	0	0	0	0	0	1678	612	3736	252	6330	0	6870	0	2542	1516	2166	0	0	0	0	0	0	0	0	0	0	0	0	0	0	0	0	0	0	0	0	0	0	0	0	0	0	0	0	0	0	0	0	0	0	0	0	0	0	0	4180	0	5288	0	0	0	0	0	0	0	0	0	0	0	0	0	0	0	0	0	0	0	0	0	0	0	0	0	0	0	0	0	0	0	0	0	0	0	0	0	0	0	0	0	0	
675380	Frontal_Mid_L	35190	84	80174	2100	1886	0	0	136	4468	0	11418	820	49714	300	11656	0	2608	134	18834	542	0	0	21626	1858	128	0	208	0	33532	816	5462	1330	4722	780	1508	252	7338	246	1132	104	0	0	610	0	140	0	916	0	0	0	562	0	1126	0	1604	96	2554	0	0	0	344	0	0	0	0	0	976	0	900	0	5300	922	5154	250	88	0	2116	108	5998	0	2942	0	966	0	1348	0	0	0	1564	0	0	0	0	0	0	0	0	0	0	0	0	0	0	0	0	0	0	0	0	0	0	0	0	0	0	0	
363676	Frontal_Mid_R	0	13336	862	50490	0	316	136	0	0	448	0	9548	230	20594	0	3180	0	3550	562	3506	0	268	1104	2920	0	988	0	538	176	6852	1238	6902	0	7072	536	3260	104	4680	94	1362	0	0	0	276	0	0	0	654	0	168	0	116	0	690	0	2200	0	1052	0	0	0	82	0	0	0	150	0	256	0	0	1680	4248	354	7786	228	1624	4390	8428	0	234	0	1294	0	0	0	568	0	0	0	508	0	0	0	0	0	0	0	0	0	0	0	0	0	0	0	0	0	0	0	0	0	0	0	0	0	0	
95532	Frontal_Mid_Orb_L	0	0	4946	0	10942	0	4468	0	0	0	0	0	2306	0	14406	0	0	0	98	0	138	116	652	0	1210	0	1822	0	3180	0	596	0	356	0	0	0	0	0	0	0	0	0	0	0	0	0	0	0	0	0	0	0	0	0	0	0	0	0	0	0	0	0	0	0	0	0	0	0	0	0	414	118	1868	0	0	0	0	0	0	0	0	0	130	0	0	0	0	0	0	0	0	0	0	0	0	0	0	0	0	0	0	0	0	0	0	0	0	0	0	0	0	0	0	0	0	0	
25292	Frontal_Mid_Orb_R	0	0	0	542	0	3922	0	448	0	0	0	0	0	390	0	4900	0	0	0	0	0	0	0	0	0	110	0	760	0	730	0	0	0	0	0	0	0	0	0	0	0	0	0	0	0	0	0	0	0	0	0	0	0	0	0	0	0	0	0	0	0	0	0	0	0	0	0	0	0	0	0	132	0	712	0	0	0	0	0	0	0	0	0	0	0	0	0	0	0	0	0	0	0	0	0	0	0	0	0	0	0	0	0	0	0	0	0	0	0	0	0	0	0	0	0	0	
262412	Frontal_Inf_Oper_L	12756	0	14452	154	92	0	11418	0	0	0	0	248	20296	88	2822	0	9890	88	9232	246	0	0	4098	86	0	0	0	0	17524	312	576	274	1372	236	0	0	464	100	0	98	0	0	0	0	0	0	0	0	0	0	0	0	0	0	552	96	4200	0	0	0	0	0	0	0	0	0	0	0	0	0	1850	976	1004	338	0	0	0	0	1392	0	6914	0	4916	0	1148	0	0	0	898	0	0	0	0	0	0	0	0	0	0	0	0	0	0	0	0	0	0	0	0	0	0	0	0	0	0	0	
213448	Frontal_Inf_Oper_R	0	4372	3200	10834	0	0	820	9548	0	0	248	0	1484	11168	156	2128	0	6190	2884	5398	0	0	84	324	0	302	0	152	916	20714	832	5570	112	1192	0	0	0	914	0	366	0	150	0	0	0	0	0	186	0	0	0	0	0	168	0	654	0	716	0	0	0	0	0	0	0	0	0	0	0	0	2732	5424	290	3496	0	0	120	120	0	282	0	326	0	1938	0	100	0	0	0	114	0	0	0	0	0	0	0	0	0	0	0	0	0	0	0	0	0	0	0	0	0	0	0	0	0	0	
427052	Frontal_Inf_Tri_L	3666	0	27610	700	1792	0	49714	230	2306	0	20296	1484	0	594	19440	0	3814	360	8380	388	0	0	10310	632	0	0	0	0	30578	1506	4346	960	4998	478	0	0	230	130	0	130	0	0	0	0	0	0	0	0	0	0	0	0	0	0	244	126	654	0	0	0	0	0	0	0	0	0	0	0	0	0	4030	2516	1144	418	0	0	0	0	0	0	3302	0	5094	122	494	0	0	0	310	0	0	0	0	0	0	0	0	0	0	0	0	0	0	0	0	0	0	0	0	0	0	0	0	0	0	0	
200608	Frontal_Inf_Tri_R	0	438	268	17822	0	0	300	20594	0	390	88	11168	594	0	0	5494	0	628	138	2006	0	284	348	2658	0	1108	0	570	276	12290	1818	13392	0	3492	0	0	0	112	0	100	0	0	0	0	0	0	0	0	0	0	0	0	0	0	0	0	0	104	0	0	0	0	0	0	0	0	0	0	0	0	862	1328	196	1246	0	0	0	0	0	0	0	0	0	192	0	0	0	0	0	0	0	0	0	0	0	0	0	0	0	0	0	0	0	0	0	0	0	0	0	0	0	0	0	0	0	0	
253804	Frontal_Inf_Orb_L	0	0	10976	308	11540	0	11656	0	14406	0	2822	156	19440	0	0	0	194	0	808	96	2026	642	3524	332	128	0	1368	0	19402	170	2804	468	2192	120	0	0	506	0	196	0	1158	0	0	0	0	0	0	0	0	0	0	0	0	0	84	0	0	0	0	0	0	0	0	0	0	0	0	0	0	0	1762	690	9808	192	0	0	0	0	0	0	228	0	6108	0	406	0	0	0	186	0	0	0	0	0	0	0	0	0	0	0	0	0	0	0	0	0	0	0	0	0	0	0	0	0	0	0	
94660	Frontal_Inf_Orb_R	0	0	0	4872	0	4714	0	3180	0	4900	0	2128	0	5494	0	0	0	0	0	160	0	1292	168	624	0	0	0	1336	0	10000	194	1908	0	302	0	0	0	164	0	356	0	118	0	0	0	0	0	0	0	0	0	0	0	0	0	0	0	0	0	0	0	0	0	0	0	0	0	0	0	0	114	1678	0	3444	0	0	0	0	0	0	0	0	0	184	0	0	0	0	0	0	0	0	0	0	0	0	0	0	0	0	0	0	0	0	0	0	0	0	0	0	0	0	0	0	0	0	
247652	Rolandic_Oper_L	11732	0	7934	100	0	0	2608	0	0	0	9890	0	3814	0	194	0	0	0	6092	124	0	0	290	0	0	0	0	0	18322	0	88	0	262	0	0	0	1278	0	0	0	0	0	128	0	0	0	120	0	0	0	1698	0	796	0	1046	0	14078	0	606	0	678	0	4212	0	262	0	760	0	1436	0	500	158	318	130	0	0	116	0	7432	0	18454	0	2284	0	4278	0	0	0	1608	0	0	0	0	0	0	0	0	0	0	0	0	0	0	0	0	0	0	0	0	0	0	0	0	0	0	0	
138800	Rolandic_Oper_R	0	2824	792	7972	0	0	134	3550	0	0	88	6190	360	628	0	0	0	0	794	4576	0	0	0	0	0	0	0	0	310	11750	150	618	0	170	0	112	0	978	0	306	0	0	0	662	0	332	0	144	0	1112	0	456	0	226	0	548	0	4902	0	126	0	84	0	2368	0	0	0	606	0	0	422	1276	0	2892	0	0	104	1346	0	1896	0	5842	0	1178	0	358	0	0	0	218	0	0	0	0	0	0	0	0	0	0	0	0	0	0	0	0	0	0	0	0	0	0	0	0	0	0	
684720	Supp_Motor_Area_L	8850	1754	76512	19226	82	0	18834	562	98	0	9232	2884	8380	138	808	0	6092	794	0	33782	0	0	15368	4218	0	0	0	0	17582	3688	6754	11060	11766	20100	968	180	3584	982	854	904	0	0	0	0	0	0	216	232	0	0	0	0	0	0	1324	838	4124	0	0	0	130	0	0	0	0	0	0	138	8970	140	7368	2802	9122	2898	3966	0	5830	740	938	0	3904	0	716	446	300	0	0	0	1182	0	0	0	0	0	0	0	0	0	0	0	0	0	0	0	0	0	0	0	0	0	0	0	0	0	0	0	
519440	Supp_Motor_Area_R	450	4762	14476	51136	0	0	542	3506	0	0	246	5398	388	2006	96	160	124	4576	33782	0	0	0	2558	10158	0	106	0	0	736	6830	3046	18046	7184	42634	1612	5994	214	2530	0	1584	0	0	0	262	0	108	0	498	0	184	0	0	0	362	0	2002	236	1044	0	262	0	0	0	0	0	0	666	2444	2642	10762	1074	4680	112	5112	0	364	330	516	0	400	0	548	0	232	0	0	0	0	0	0	0	0	0	0	0	0	0	0	0	0	0	0	0	0	0	0	0	0	0	0	0	0	0	0	0	0	
81872	Olfactory_L	0	0	110	0	1722	0	0	0	138	0	0	0	0	0	2026	0	0	0	0	0	0	5828	130	0	652	0	1878	158	2122	156	2506	980	0	0	0	0	314	0	410	0	460	0	0	0	0	0	0	0	0	0	0	0	0	0	186	0	0	0	0	0	0	0	0	0	0	0	0	0	0	0	8204	5782	4848	998	458	292	0	0	0	0	0	0	578	0	0	0	0	0	0	0	0	0	0	0	0	0	0	0	0	0	0	0	0	0	0	0	0	0	0	0	0	0	0	0	0	0	
107588	Olfactory_R	0	0	114	558	988	1678	0	268	116	0	0	0	0	284	642	1292	0	0	0	0	5828	0	142	246	582	3308	1406	3130	0	1836	2352	4076	0	176	0	0	0	148	0	424	0	426	0	0	0	0	0	0	0	0	0	0	0	0	0	98	0	0	0	0	0	0	0	0	0	0	0	0	0	0	6376	9992	3972	2492	560	284	0	0	0	0	0	0	0	0	0	0	0	0	0	0	0	0	0	0	0	0	0	0	0	0	0	0	0	0	0	0	0	0	0	0	0	0	0	0	0	0	
565208	Frontal_Sup_Medial_L	1342	0	64924	19014	3580	612	21626	1104	652	0	4098	84	10310	348	3524	168	290	0	15368	2558	130	142	0	37200	4466	1826	760	162	10972	348	28552	18264	7026	13122	0	0	90	0	0	0	0	0	0	0	0	0	0	0	0	0	0	0	0	0	0	0	0	0	0	0	0	0	0	0	0	0	0	0	0	0	2898	396	5796	240	0	0	0	0	0	0	350	0	262	0	0	0	0	0	0	0	0	0	0	0	0	0	0	0	0	0	0	0	0	0	0	0	0	0	0	0	0	0	0	0	0	0	
437448	Frontal_Sup_Medial_R	0	0	16990	44752	146	3736	1858	2920	0	0	86	324	632	2658	332	624	0	0	4218	10158	0	246	37200	0	776	6334	0	1058	922	2606	9968	35064	922	25922	0	0	0	0	0	0	0	0	0	0	0	0	0	0	0	0	0	0	0	0	0	0	0	0	0	0	0	0	0	0	0	0	0	0	0	0	300	2840	354	4778	0	0	0	0	0	0	0	0	0	0	0	0	0	0	0	0	0	0	0	0	0	0	0	0	0	0	0	0	0	0	0	0	0	0	0	0	0	0	0	0	0	0	
64296	Frontal_Med_Orb_L	0	0	1886	0	6778	252	128	0	1210	0	0	0	0	0	128	0	0	0	0	0	652	582	4466	776	0	1426	3514	436	0	0	4924	672	0	0	0	0	0	0	0	0	0	0	0	0	0	0	0	0	0	0	0	0	0	0	0	0	0	0	0	0	0	0	0	0	0	0	0	0	0	0	1912	706	1514	186	0	0	0	0	0	0	0	0	0	0	0	0	0	0	0	0	0	0	0	0	0	0	0	0	0	0	0	0	0	0	0	0	0	0	0	0	0	0	0	0	0	0	
116136	Frontal_Med_Orb_R	0	0	462	3804	178	6330	0	988	0	110	0	302	0	1108	0	0	0	0	0	106	0	3308	1826	6334	1426	0	0	8114	0	484	2666	9656	0	472	0	0	0	0	0	0	0	0	0	0	0	0	0	0	0	0	0	0	0	0	0	0	0	0	0	0	0	0	0	0	0	0	0	0	0	0	0	5728	0	4666	0	0	0	0	0	0	0	0	0	0	0	0	0	0	0	0	0	0	0	0	0	0	0	0	0	0	0	0	0	0	0	0	0	0	0	0	0	0	0	0	0	0	
56360	Rectus_L	0	0	778	0	6194	0	208	0	1822	0	0	0	0	0	1368	0	0	0	0	0	1878	1406	760	0	3514	0	0	112	162	0	2450	260	0	0	0	0	0	0	0	0	0	0	0	0	0	0	0	0	0	0	0	0	0	0	0	0	0	0	0	0	0	0	0	0	0	0	0	0	0	0	3820	1394	1858	196	0	0	0	0	0	0	0	0	0	0	0	0	0	0	0	0	0	0	0	0	0	0	0	0	0	0	0	0	0	0	0	0	0	0	0	0	0	0	0	0	0	0	
75252	Rectus_R	0	0	0	1452	106	6870	0	538	0	760	0	152	0	570	0	1336	0	0	0	0	158	3130	162	1058	436	8114	112	0	0	1062	652	4564	0	246	0	0	0	0	0	0	0	0	0	0	0	0	0	0	0	0	0	0	0	0	0	0	0	0	0	0	0	0	0	0	0	0	0	0	0	0	116	4210	0	1822	0	0	0	0	0	0	0	0	0	0	0	0	0	0	0	0	0	0	0	0	0	0	0	0	0	0	0	0	0	0	0	0	0	0	0	0	0	0	0	0	0	0	
789324	Insula_L	21688	0	41344	1012	5626	0	33532	176	3180	0	17524	916	30578	276	19402	0	18322	310	17582	736	2122	0	10972	922	0	0	162	0	0	998	5060	1614	7500	690	466	0	15496	152	1452	130	3242	0	840	0	264	0	582	0	84	0	4014	0	3424	0	10778	122	11798	0	1038	0	844	0	1082	0	464	0	1782	0	1612	0	4700	814	19758	396	132	0	700	0	18082	0	17814	0	8858	96	7038	0	528	0	12756	0	422	0	0	0	0	0	0	0	658	0	0	0	0	0	0	0	0	0	0	0	0	0	0	0	0	0	
395984	Insula_R	0	3018	4078	18814	0	2542	816	6852	0	730	312	20714	1506	12290	170	10000	0	11750	3688	6830	156	1836	348	2606	0	484	0	1062	998	0	660	10130	148	2656	248	936	176	7430	0	3376	0	936	0	1006	0	678	0	664	0	1040	0	1228	0	438	0	3938	0	1386	0	0	0	140	0	112	0	132	94	1082	0	102	2888	7024	284	22894	0	0	542	1876	0	2926	0	5164	0	2658	0	812	0	0	0	588	0	0	0	0	0	0	0	0	0	0	0	0	0	0	0	0	0	0	0	0	0	0	0	0	0	0	
376728	Cingulum_Ant_L	0	0	21048	9458	3128	1516	5462	1238	596	0	576	832	4346	1818	2804	194	88	150	6754	3046	2506	2352	28552	9968	4924	2666	2450	652	5060	660	0	25774	5736	8780	382	0	0	0	0	0	0	0	0	0	0	0	0	0	0	0	0	0	0	0	0	0	0	0	0	0	0	0	0	0	0	0	0	0	0	0	7852	4824	8452	3186	142	0	0	128	0	0	114	0	150	0	0	0	0	0	0	0	0	0	0	0	0	0	0	0	0	0	0	0	0	0	0	0	0	0	0	0	0	0	0	0	0	0	
633932	Cingulum_Ant_R	0	0	12512	43016	348	2166	1330	6902	0	0	274	5570	960	13392	468	1908	0	618	11060	18046	980	4076	18264	35064	672	9656	260	4564	1614	10130	25774	0	3576	36718	0	0	0	748	0	700	0	180	0	0	0	0	0	0	0	0	0	0	0	0	0	718	0	0	0	0	0	0	0	0	0	0	0	0	0	0	3940	21266	2800	15128	0	0	302	826	0	0	0	0	0	440	0	0	0	0	0	0	0	0	0	0	0	0	0	0	0	0	0	0	0	0	0	0	0	0	0	0	0	0	0	0	0	0	
202788	Cingulum_Mid_L	226	0	8410	2012	112	0	4722	0	356	0	1372	112	4998	0	2192	0	262	0	11766	7184	0	0	7026	922	0	0	0	0	7500	148	5736	3576	0	14562	5056	738	0	0	0	0	0	0	0	0	0	0	0	0	852	0	1296	0	92	0	156	0	654	0	180	144	0	0	0	0	0	0	1958	1178	3604	848	632	130	214	0	0	0	0	0	0	0	180	0	206	0	0	0	0	0	82	0	0	0	0	0	0	0	0	0	0	0	0	0	0	0	0	0	0	0	0	0	0	0	0	0	0	0	
558012	Cingulum_Mid_R	0	1076	10226	41242	0	0	780	7072	0	0	236	1192	478	3492	120	302	0	170	20100	42634	0	176	13122	25922	0	472	0	246	690	2656	8780	36718	14562	0	2758	5264	0	432	0	130	0	0	0	914	0	2476	0	174	0	2328	0	1472	0	138	0	390	0	1632	0	1814	0	132	0	0	0	232	1776	9718	1530	6770	256	2630	0	2538	0	0	0	202	0	252	0	422	0	0	0	0	0	0	0	162	0	0	0	0	0	0	0	0	0	0	0	0	0	0	0	0	0	0	0	0	0	0	0	0	0	0	
167880	Cingulum_Post_L	4686	436	1762	626	0	0	1508	536	0	0	0	0	0	0	0	0	0	0	968	1612	0	0	0	0	0	0	0	0	466	248	382	0	5056	2758	0	7912	5390	3442	1730	320	0	0	3514	0	626	0	2386	500	350	0	764	0	618	120	1194	374	2384	0	166	0	0	0	0	0	0	0	7612	2516	8922	970	652	0	172	290	0	0	6030	2792	594	0	0	0	0	0	136	0	0	0	332	0	0	0	0	0	0	0	0	0	0	0	0	0	0	0	0	0	0	0	0	0	88	0	0	0	0	0	
173496	Cingulum_Post_R	188	2140	974	3262	0	0	252	3260	0	0	0	0	0	0	0	0	0	112	180	5994	0	0	0	0	0	0	0	0	0	936	0	0	738	5264	7912	0	1196	9188	0	1430	0	0	0	766	0	468	0	2496	0	208	0	146	0	826	0	2676	0	598	0	118	0	0	0	0	0	0	2250	9982	196	4716	1070	0	0	1032	0	0	8548	6508	0	98	0	178	0	0	0	0	0	0	0	0	0	0	0	0	0	0	0	142	0	0	0	0	0	0	0	0	0	0	0	0	700	0	0	0	0	0	
336776	Hippocampus_L	7866	196	5578	200	0	0	7338	104	0	0	464	0	230	0	506	0	1278	0	3584	214	314	0	90	0	0	0	0	0	15496	176	0	0	0	0	5390	1196	0	1072	15334	206	7076	0	3784	0	0	0	7456	156	0	0	848	0	1586	0	25498	0	1866	0	0	0	240	0	0	0	0	0	6076	90	1926	0	872	0	15856	244	740	0	3874	812	3948	0	1912	0	902	0	458	0	0	0	12322	0	946	0	0	0	0	0	202	0	1768	0	0	0	0	0	0	0	0	0	0	98	0	0	0	0	0	0	
400660	Hippocampus_R	200	6188	1252	5538	0	0	246	4680	0	0	100	914	130	112	0	164	0	978	982	2530	0	148	0	0	0	0	0	0	152	7430	0	748	0	432	3442	9188	1072	0	176	31048	0	7604	0	2278	0	502	0	13352	0	1116	0	468	0	5532	0	39532	0	1108	0	100	0	0	0	0	0	0	450	6722	138	788	420	1696	0	15810	0	888	4990	6916	0	798	0	2840	0	1596	0	574	0	134	0	4498	0	0	0	0	0	0	0	808	0	116	0	0	0	0	0	0	0	0	0	0	706	0	0	0	0	0	
123676	ParaHippocampal_L	1366	0	1040	96	0	0	1132	94	0	0	0	0	0	0	196	0	0	0	854	0	410	0	0	0	0	0	0	0	1452	0	0	0	0	0	1730	0	15334	176	0	0	2610	0	2476	0	0	0	7254	362	0	0	522	0	700	0	8106	0	254	0	0	0	0	0	0	0	0	0	3324	0	330	0	192	0	4348	0	212	0	1192	234	208	0	274	0	688	0	0	0	692	0	1970	0	310	0	0	0	220	128	530	0	410	0	0	0	0	0	0	0	0	0	88	324	0	0	0	0	0	0	
234356	ParaHippocampal_R	0	768	846	2748	0	0	104	1362	0	0	98	366	130	100	0	356	0	306	904	1584	0	424	0	0	0	0	0	0	130	3376	0	700	0	130	320	1430	206	31048	0	0	0	5826	0	684	0	0	0	7522	0	0	0	90	0	594	0	26468	0	0	0	0	0	0	0	0	0	0	0	2358	0	0	140	1464	0	12680	0	742	484	2008	0	86	0	322	0	3336	0	0	0	1862	0	1172	0	0	0	0	0	0	0	1308	0	284	0	0	0	0	0	0	0	0	0	0	312	0	0	0	0	0	
43344	Amygdala_L	0	0	0	0	116	0	0	0	0	0	0	0	0	0	1158	0	0	0	0	0	460	0	0	0	0	0	0	0	3242	0	0	0	0	0	0	0	7076	0	2610	0	0	0	0	0	0	0	0	0	0	0	0	0	0	0	3820	0	0	0	0	0	0	0	0	0	0	0	0	0	0	0	134	0	1530	0	0	0	0	0	0	0	186	0	304	0	0	0	96	0	842	0	0	0	0	0	0	0	0	0	98	0	0	0	0	0	0	0	0	0	0	0	0	0	0	0	0	0	
50884	Amygdala_R	0	0	0	0	0	0	0	0	0	0	0	150	0	0	0	118	0	0	0	0	0	426	0	0	0	0	0	0	0	936	0	180	0	0	0	0	0	7604	0	5826	0	0	0	0	0	0	0	0	0	0	0	0	0	0	0	5504	0	0	0	0	0	0	0	0	0	0	0	0	0	0	0	198	0	1570	0	0	0	0	0	0	0	0	0	2332	0	0	0	396	0	202	0	0	0	0	0	0	0	0	0	0	0	0	0	0	0	0	0	0	0	0	0	0	0	0	0	0	
310668	Calcarine_L	774	0	246	0	0	0	610	0	0	0	0	0	0	0	0	0	128	0	0	0	0	0	0	0	0	0	0	0	840	0	0	0	0	0	3514	0	3784	0	2476	0	0	0	0	10190	13326	5790	23610	5126	11310	1976	29636	332	6804	166	5776	1152	1902	0	514	0	298	0	0	0	428	0	15204	732	2660	0	0	0	84	0	0	0	142	0	854	0	122	0	0	0	2528	0	0	0	1026	0	156	0	0	0	0	0	0	0	616	0	0	0	0	0	0	0	0	0	0	0	292	210	0	0	0	0	
376700	Calcarine_R	0	3380	0	230	0	0	0	276	0	0	0	0	0	0	0	0	0	662	0	262	0	0	0	0	0	0	0	0	0	1006	0	0	0	914	0	766	0	2278	0	684	0	0	10190	0	5740	31408	4522	23460	110	24878	0	20940	0	6542	86	9344	0	3900	0	240	0	198	0	376	0	212	1586	20796	0	1258	0	0	0	0	0	0	0	0	0	1314	0	1680	0	0	0	4594	0	0	0	1878	160	0	92	0	0	0	188	84	306	0	0	0	0	0	0	0	0	0	0	0	1474	336	0	0	0	0	
192384	Cuneus_L	192	0	0	0	0	0	140	0	0	0	0	0	0	0	0	0	0	0	0	0	0	0	0	0	0	0	0	0	264	0	0	0	0	0	626	0	0	0	0	0	0	0	13326	5740	0	7490	2218	860	19036	678	13340	284	1994	0	1408	126	856	0	4200	0	102	0	0	0	90	0	14664	4360	1128	0	0	0	0	0	0	0	0	0	254	0	0	0	0	0	950	0	0	0	626	0	0	0	0	0	0	0	274	0	352	0	0	0	0	0	0	0	0	0	0	0	614	0	0	0	0	0	
326372	Cuneus_R	0	1722	0	0	0	0	0	0	0	0	0	0	0	0	0	0	0	332	0	108	0	0	0	0	0	0	0	0	0	678	0	0	0	2476	0	468	0	502	0	0	0	0	5790	31408	7490	0	1972	7454	118	34446	0	16486	0	1844	0	3306	0	4188	0	4228	0	270	0	310	0	726	5936	24330	0	1902	0	0	0	0	0	0	0	0	0	830	0	1342	0	0	0	478	0	0	0	1014	0	0	0	0	0	0	164	0	138	0	0	0	0	0	0	0	0	0	0	0	730	0	0	0	0	0	
333896	Lingual_L	1126	0	430	0	0	0	916	0	0	0	0	0	0	0	0	0	120	0	216	0	0	0	0	0	0	0	0	0	582	0	0	0	0	0	2386	0	7456	0	7254	0	0	0	23610	4522	2218	1972	0	4784	4920	898	22464	266	12424	0	23708	424	578	0	0	0	126	0	192	0	242	0	5436	94	428	0	0	0	1332	0	0	0	748	0	648	0	250	0	0	0	1152	0	0	0	1226	0	5538	0	286	0	0	0	9034	126	11950	116	0	0	0	0	0	0	0	0	0	0	3336	1414	0	0	0	0	
393316	Lingual_R	0	1526	250	516	0	0	0	654	0	0	0	186	0	0	0	0	0	144	232	498	0	0	0	0	0	0	0	0	0	664	0	0	0	174	500	2496	156	13352	362	7522	0	0	5126	23460	860	7454	4784	0	170	6770	158	4580	182	9208	1014	29692	0	808	0	86	0	0	0	0	0	0	352	7682	0	692	0	210	0	1306	0	0	262	568	0	504	0	1252	0	0	0	320	0	0	0	760	4060	3628	1856	560	202	90	2768	6484	6102	7488	598	0	624	160	512	138	0	0	0	192	10932	9622	1994	94	526	536	
177780	Occipital_Sup_L	0	0	0	0	0	0	0	0	0	0	0	0	0	0	0	0	0	0	0	0	0	0	0	0	0	0	0	0	84	0	0	0	852	0	350	0	0	0	0	0	0	0	11310	110	19036	118	4920	170	0	0	26362	0	2218	0	1978	0	664	0	6594	0	220	0	0	0	0	0	11324	1008	336	0	0	0	0	0	0	0	0	0	0	0	0	0	0	0	184	0	0	0	0	0	0	0	0	0	0	0	304	0	456	0	0	0	0	0	0	0	0	0	0	0	292	0	0	0	0	0	
391368	Occipital_Sup_R	0	3134	0	0	0	0	0	168	0	0	0	0	0	0	0	0	0	1112	0	184	0	0	0	0	0	0	0	0	0	1040	0	0	0	2328	0	208	0	1116	0	0	0	0	1976	24878	678	34446	898	6770	0	0	0	33024	0	3018	0	4422	0	8464	0	12516	0	7096	0	1476	0	9524	964	19778	0	2676	0	0	0	0	0	0	0	0	0	1532	0	3934	0	0	0	3676	0	0	0	4522	0	0	0	0	0	0	0	0	0	0	0	0	0	0	0	0	0	0	0	0	126	0	0	0	0	0	
579420	Occipital_Mid_L	2954	0	0	0	0	0	562	0	0	0	0	0	0	0	0	0	1698	0	0	0	0	0	0	0	0	0	0	0	4014	0	0	0	1296	0	764	0	848	0	522	0	0	0	29636	0	13340	0	22464	158	26362	0	0	0	27808	0	17222	0	12130	0	15104	0	19442	0	1520	0	23678	0	22092	180	4950	0	0	0	0	0	0	0	0	0	3352	0	4414	0	0	0	24324	0	0	0	6420	0	242	0	0	0	0	0	412	0	1382	0	0	0	0	0	0	0	0	0	0	0	420	0	0	0	0	0	
314508	Occipital_Mid_R	0	1342	0	0	0	0	0	116	0	0	0	0	0	0	0	0	0	456	0	0	0	0	0	0	0	0	0	0	0	1228	0	0	0	1472	0	146	0	468	0	90	0	0	332	20940	284	16486	266	4580	0	33024	0	0	0	6578	0	2794	0	4134	0	7482	0	7536	0	428	0	18668	500	9284	0	1444	0	0	0	0	0	0	0	0	0	1542	0	3492	0	0	0	10260	0	0	0	1882	0	0	0	0	0	0	0	0	0	0	0	0	0	0	0	0	0	0	0	0	0	0	0	0	0	0	
259460	Occipital_Inf_L	2414	0	176	0	0	0	1126	0	0	0	0	0	0	0	0	0	796	0	0	0	0	0	0	0	0	0	0	0	3424	0	0	0	92	0	618	0	1586	0	700	0	0	0	6804	0	1994	0	12424	182	2218	0	27808	0	0	0	22234	0	2896	0	206	0	578	0	648	0	462	0	4390	0	1064	0	0	0	0	0	0	0	0	0	4342	0	3132	0	0	0	7378	0	0	0	13612	0	968	0	164	0	0	0	1288	0	2828	0	0	0	0	0	0	0	0	0	0	0	958	220	0	0	0	0	
143392	Occipital_Inf_R	0	1462	0	0	0	0	0	690	0	0	0	168	0	0	0	0	0	226	0	362	0	0	0	0	0	0	0	0	0	438	0	0	0	138	120	826	0	5532	0	594	0	0	166	6542	0	1844	0	9208	0	3018	0	6578	0	0	0	15880	0	1180	0	340	0	292	0	314	0	258	0	3090	0	602	0	0	0	0	0	0	0	0	0	1058	0	1382	0	0	0	1564	0	0	0	5556	0	0	84	0	0	0	0	256	0	710	0	0	0	0	0	0	0	0	0	0	614	462	142	0	0	0	
551828	Fusiform_L	2274	0	1940	0	0	0	1604	0	0	0	552	0	244	0	84	0	1046	0	1324	0	186	0	0	0	0	0	0	0	10778	0	0	0	156	0	1194	0	25498	0	8106	0	3820	0	5776	86	1408	0	23708	1014	1978	0	17222	0	22234	0	0	102	1418	0	170	0	202	0	524	0	356	0	3824	0	864	0	594	0	8676	0	0	0	364	0	4164	0	5972	0	1384	0	5300	0	1732	0	23954	0	19746	430	1240	0	424	100	16924	564	33454	934	210	0	768	0	412	124	0	0	0	130	4584	3374	226	158	188	92	
559916	Fusiform_R	0	3036	764	2410	0	0	96	2200	0	0	96	654	126	0	0	0	0	548	838	2002	0	98	0	0	0	0	0	0	122	3938	0	718	0	390	374	2676	0	39532	0	26468	0	5504	1152	9344	126	3306	424	29692	0	4422	0	2794	0	15880	102	0	0	1718	0	450	0	188	0	434	0	276	170	6964	0	1080	130	1078	0	10014	0	236	302	1170	0	1716	0	5196	0	5844	0	1520	0	3536	0	15758	170	13038	254	734	0	1464	214	13624	378	24266	0	0	0	978	0	196	0	82	0	0	4402	1938	608	0	0	0	
378916	Postcentral_L	36070	0	5912	166	0	0	2554	0	0	0	4200	0	654	0	0	0	14078	0	4124	236	0	0	0	0	0	0	0	0	11798	0	0	0	654	0	2384	0	1866	0	254	0	0	0	1902	0	856	0	578	0	664	0	12130	0	2896	0	1418	0	0	0	8592	0	22678	0	9574	0	3142	0	8812	0	7818	0	720	0	802	0	86	0	1592	0	7874	0	8736	0	152	0	2088	0	0	0	1398	0	0	0	0	0	0	0	0	0	0	0	0	0	0	0	0	0	0	0	0	0	0	0	0	0	0	0	
266728	Postcentral_R	0	16724	0	814	0	0	0	1052	0	0	0	716	0	104	0	0	0	4902	0	1044	0	0	0	0	0	0	0	0	0	1386	0	0	0	1632	0	598	0	1108	0	0	0	0	0	3900	0	4188	0	808	0	8464	0	4134	0	1180	0	1718	0	0	0	12508	0	9468	0	16276	0	4426	304	17174	0	8670	0	0	0	162	0	0	0	0	0	626	0	4792	0	0	0	788	0	0	0	3248	0	0	0	0	0	0	0	0	0	0	0	0	0	0	0	0	0	0	0	0	450	0	0	0	0	0	
149640	Parietal_Sup_L	1246	0	0	0	0	0	0	0	0	0	0	0	0	0	0	0	606	0	0	0	0	0	0	0	0	0	0	0	1038	0	0	0	180	0	166	0	0	0	0	0	0	0	514	0	4200	0	0	0	6594	0	15104	0	206	0	170	0	8592	0	0	0	15556	0	0	0	5564	0	12520	668	820	0	0	0	0	0	0	0	0	0	286	0	208	0	0	0	400	0	0	0	182	0	0	0	0	0	0	0	0	0	0	0	0	0	0	0	0	0	0	0	0	0	0	0	0	0	0	0	
161072	Parietal_Sup_R	0	868	0	0	0	0	0	0	0	0	0	0	0	0	0	0	0	126	0	262	0	0	0	0	0	0	0	0	0	0	0	0	144	1814	0	118	0	100	0	0	0	0	0	240	0	4228	0	86	0	12516	0	7482	0	340	0	450	0	12508	0	0	0	9980	0	1548	0	7744	902	13942	0	2680	0	0	0	0	0	0	0	0	0	114	0	528	0	0	0	412	0	0	0	1404	0	0	0	0	0	0	0	0	0	0	0	0	0	0	0	0	0	0	0	0	0	0	0	0	0	0	
217376	Parietal_Inf_L	3664	0	290	0	0	0	344	0	0	0	0	0	0	0	0	0	678	0	130	0	0	0	0	0	0	0	0	0	844	0	0	0	0	0	0	0	240	0	0	0	0	0	298	0	102	0	126	0	220	0	19442	0	578	0	202	0	22678	0	15556	0	0	0	12182	0	19990	0	4174	0	952	0	0	0	282	0	0	0	84	0	394	0	992	0	0	0	3248	0	0	0	998	0	0	0	0	0	0	0	0	0	0	0	0	0	0	0	0	0	0	0	0	0	0	0	0	0	0	0	
146536	Parietal_Inf_R	0	610	0	0	0	0	0	82	0	0	0	0	0	0	0	0	0	84	0	0	0	0	0	0	0	0	0	0	0	140	0	0	0	132	0	0	0	0	0	0	0	0	0	198	0	270	0	0	0	7096	0	7536	0	292	0	188	0	9468	0	9980	0	0	0	6712	0	20836	0	1784	0	418	0	0	0	0	0	0	0	0	0	394	0	1458	0	0	0	4422	0	0	0	1168	0	0	0	0	0	0	0	0	0	0	0	0	0	0	0	0	0	0	0	0	0	0	0	0	0	0	
99864	SupraMarginal_L	2550	0	0	0	0	0	0	0	0	0	0	0	0	0	0	0	4212	0	0	0	0	0	0	0	0	0	0	0	1082	0	0	0	0	0	0	0	0	0	0	0	0	0	0	0	0	0	192	0	0	0	1520	0	648	0	524	0	9574	0	0	0	12182	0	0	0	6666	0	0	0	0	0	0	0	0	0	0	0	0	0	160	0	4788	0	0	0	4360	0	0	0	1474	0	0	0	0	0	0	0	0	0	0	0	0	0	0	0	0	0	0	0	0	0	0	0	0	0	0	0	
91320	SupraMarginal_R	0	1978	0	0	0	0	0	0	0	0	0	0	0	0	0	0	0	2368	0	0	0	0	0	0	0	0	0	0	0	112	0	0	0	0	0	0	0	0	0	0	0	0	0	376	0	310	0	0	0	1476	0	428	0	314	0	434	0	16276	0	1548	0	6712	0	0	0	4798	0	828	0	0	0	0	0	0	0	0	0	0	0	132	0	4422	0	0	0	1224	0	0	0	1924	0	0	0	0	0	0	0	0	0	0	0	0	0	0	0	0	0	0	0	0	0	0	0	0	0	0	
159924	Angular_L	938	0	0	0	0	0	0	0	0	0	0	0	0	0	0	0	262	0	0	0	0	0	0	0	0	0	0	0	464	0	0	0	0	0	0	0	0	0	0	0	0	0	428	0	90	0	242	0	0	0	23678	0	462	0	356	0	3142	0	5564	0	19990	0	6666	0	0	0	1452	0	614	0	0	0	0	0	0	0	0	0	166	0	2350	0	0	0	11564	0	0	0	1534	0	0	0	0	0	0	0	0	0	0	0	0	0	0	0	0	0	0	0	0	0	0	0	0	0	0	0	
178648	Angular_R	0	456	0	0	0	0	0	150	0	0	0	0	0	0	0	0	0	0	0	0	0	0	0	0	0	0	0	0	0	132	0	0	0	232	0	0	0	0	0	0	0	0	0	212	0	726	0	0	0	9524	0	18668	0	258	0	276	0	4426	0	7744	0	20836	0	4798	0	0	0	1738	0	410	0	0	0	0	0	0	0	0	0	442	0	6906	0	0	0	9948	0	0	0	1442	0	0	0	0	0	0	0	0	0	0	0	0	0	0	0	0	0	0	0	0	0	0	0	0	0	0	
345108	Precuneus_L	2234	136	776	0	0	0	976	0	0	0	0	0	0	0	0	0	760	0	0	666	0	0	0	0	0	0	0	0	1782	94	0	0	1958	1776	7612	2250	6076	450	3324	0	0	0	15204	1586	14664	5936	5436	352	11324	964	22092	500	4390	0	3824	170	8812	304	12520	902	4174	0	0	0	1452	0	0	13624	5392	1270	0	0	146	0	0	0	958	186	978	0	506	0	0	0	2170	0	0	0	1632	0	0	0	0	0	0	0	0	0	90	0	0	0	0	0	0	0	0	0	0	0	126	0	0	0	0	0	
433252	Precuneus_R	0	8078	106	298	0	0	0	256	0	0	0	0	0	0	0	0	0	606	138	2444	0	0	0	0	0	0	0	0	0	1082	0	0	1178	9718	2516	9982	90	6722	0	2358	0	0	732	20796	4360	24330	94	7682	1008	19778	180	9284	0	3090	0	6964	0	17174	668	13942	0	1784	0	828	0	1738	13624	0	242	10636	0	0	0	296	0	0	668	248	0	1240	0	2368	0	0	0	1380	0	0	0	3412	0	0	0	0	0	0	0	160	0	0	0	0	0	0	0	0	0	0	0	0	2348	0	0	0	0	0	
161888	Paracentral_Lobule_L	6454	1212	4850	1828	0	0	900	0	0	0	0	0	0	0	0	0	1436	0	8970	2642	0	0	0	0	0	0	0	0	1612	0	0	0	3604	1530	8922	196	1926	138	330	0	0	0	2660	0	1128	0	428	0	336	0	4950	0	1064	0	864	0	7818	0	820	0	952	0	0	0	614	0	5392	242	0	166	298	154	1784	0	1032	0	852	102	1004	0	644	0	0	0	498	0	0	0	592	0	0	0	0	0	0	0	0	0	0	0	0	0	0	0	0	0	0	0	0	0	0	0	0	0	0	0	
132844	Paracentral_Lobule_R	0	6472	0	0	0	0	0	0	0	0	0	0	0	0	0	0	0	0	140	10762	0	0	0	0	0	0	0	0	0	102	0	0	848	6770	970	4716	0	788	0	0	0	0	0	1258	0	1902	0	692	0	2676	0	1444	0	602	0	1080	0	8670	0	2680	0	418	0	0	0	410	1270	10636	166	0	0	0	0	0	0	0	0	0	0	142	0	276	0	0	0	0	0	0	0	532	0	0	0	0	0	0	0	0	0	0	0	0	0	0	0	0	0	0	0	0	0	0	0	0	0	0	
328736	Caudate_L	3352	0	12008	3630	2678	0	5300	1680	414	0	1850	2732	4030	862	1762	114	500	422	7368	1074	8204	6376	2898	300	1912	0	3820	116	4700	2888	7852	3940	632	256	652	1070	872	420	192	140	134	0	0	0	0	0	0	0	0	0	0	0	0	0	594	130	720	0	0	0	0	0	0	0	0	0	0	0	298	0	0	17500	21852	5482	3498	3782	11066	896	0	0	234	0	322	214	0	0	0	0	630	0	0	0	0	0	0	0	0	0	0	0	0	0	0	0	0	0	0	0	0	0	0	0	0	0	0	0	
393872	Caudate_R	142	1428	3376	15358	992	4180	922	4248	118	132	976	5424	2516	1328	690	1678	158	1276	2802	4680	5782	9992	396	2840	706	5728	1394	4210	814	7024	4824	21266	130	2630	0	0	0	1696	0	1464	0	198	0	0	0	0	0	210	0	0	0	0	0	0	0	1078	0	0	0	0	0	0	0	0	0	0	0	0	154	0	17500	0	9870	25556	1746	5198	1290	9702	0	0	82	324	0	708	0	0	0	0	0	0	0	0	0	0	0	0	0	0	0	0	0	0	0	0	0	0	0	0	0	0	0	0	0	0	0	0	
394968	Putamen_L	4746	0	14366	1076	4916	0	5154	354	1868	0	1004	290	1144	196	9808	0	318	0	9122	112	4848	3972	5796	354	1514	0	1858	0	19758	284	8452	2800	214	0	172	0	15856	0	4348	0	1530	0	84	0	0	0	1332	0	0	0	0	0	0	0	8676	0	802	0	0	0	282	0	0	0	0	0	146	0	1784	0	21852	9870	0	3534	5686	2888	2954	0	594	0	872	0	2564	0	572	0	0	0	5606	0	414	0	0	0	0	0	0	0	742	0	0	0	0	0	0	0	0	0	0	0	0	0	0	0	0	0	
411788	Putamen_R	128	1636	2632	19580	162	5288	250	7786	0	712	338	3496	418	1246	192	3444	130	2892	2898	5112	998	2492	240	4778	186	4666	196	1822	396	22894	3186	15128	0	2538	290	1032	244	15810	0	12680	0	1570	0	0	0	0	0	1306	0	0	0	0	0	0	0	10014	0	162	0	0	0	0	0	0	0	0	0	296	0	0	5482	25556	3534	0	202	3562	750	3856	0	0	0	566	0	1036	0	0	0	0	0	86	0	0	0	0	0	0	0	0	0	0	0	0	0	0	0	0	0	0	0	0	0	0	0	0	0	0	
49896	Pallidum_L	864	0	2866	614	0	0	88	228	0	0	0	0	0	0	0	0	0	0	3966	0	458	560	0	0	0	0	0	0	132	0	142	0	0	0	0	0	740	0	212	0	0	0	0	0	0	0	0	0	0	0	0	0	0	0	0	0	86	0	0	0	0	0	0	0	0	0	0	0	1032	0	3498	1746	5686	202	0	760	1068	0	0	0	0	0	0	0	0	0	0	0	0	0	0	0	0	0	0	0	0	0	0	0	0	0	0	0	0	0	0	0	0	0	0	0	0	0	0	0	
47932	Pallidum_R	0	142	0	2944	0	0	0	1624	0	0	0	0	0	0	0	0	0	0	0	364	292	284	0	0	0	0	0	0	0	0	0	0	0	0	0	0	0	888	0	742	0	0	0	0	0	0	0	0	0	0	0	0	0	0	0	236	0	0	0	0	0	0	0	0	0	0	0	0	0	0	3782	5198	2888	3562	760	0	0	260	0	0	0	0	0	0	0	0	0	0	0	0	0	0	0	0	0	0	0	0	0	0	0	0	0	0	0	0	0	0	0	0	0	0	0	0	0	0	
181904	Thalamus_L	3366	792	4584	5576	0	0	2116	4390	0	0	0	120	0	0	0	0	116	104	5830	330	0	0	0	0	0	0	0	0	700	542	0	302	0	0	6030	8548	3874	4990	1192	484	0	0	142	0	0	0	748	262	0	0	0	0	0	0	364	302	1592	0	0	0	84	0	0	0	0	0	958	668	852	0	11066	1290	2954	750	1068	0	0	13236	416	0	0	0	0	0	0	0	0	0	214	0	0	0	0	0	0	0	0	0	0	0	0	0	0	0	0	0	0	0	0	0	0	0	0	0	0	0	
161980	Thalamus_R	84	2362	930	12558	0	0	108	8428	0	0	0	120	0	0	0	0	0	1346	740	516	0	0	0	0	0	0	0	0	0	1876	128	826	0	202	2792	6508	812	6916	234	2008	0	0	0	0	0	0	0	568	0	0	0	0	0	0	0	1170	0	0	0	0	0	0	0	0	0	0	186	248	102	0	896	9702	0	3856	0	260	13236	0	0	0	0	1110	0	0	0	0	0	0	0	0	0	0	0	0	0	0	0	162	0	0	0	0	0	0	0	0	0	0	0	0	0	0	0	0	0	0	
199276	Heschl_L	11108	0	1794	0	0	0	5998	0	0	0	1392	0	0	0	0	0	7432	0	938	0	0	0	0	0	0	0	0	0	18082	0	0	0	0	0	594	0	3948	0	208	0	0	0	854	0	254	0	648	0	0	0	3352	0	4342	0	4164	0	7874	0	286	0	394	0	160	0	166	0	978	0	1004	0	0	0	594	0	0	0	416	0	0	0	9174	0	252	0	7136	0	0	0	6096	0	0	0	0	0	0	0	0	0	0	0	0	0	0	0	0	0	0	0	0	0	0	0	0	0	0	0	
57860	Heschl_R	0	470	0	724	0	0	0	234	0	0	0	282	0	0	0	0	0	1896	0	400	0	0	0	0	0	0	0	0	0	2926	0	0	0	252	0	98	0	798	0	86	0	0	0	1314	0	830	0	504	0	1532	0	1542	0	1058	0	1716	0	626	0	114	0	394	0	132	0	442	0	1240	0	142	0	0	0	0	0	0	0	0	0	0	0	7836	0	0	0	622	0	0	0	720	0	0	0	0	0	0	0	0	0	0	0	0	0	0	0	0	0	0	0	0	0	0	0	0	0	0	
324000	Temporal_Sup_L	6862	0	6728	0	0	0	2942	0	0	0	6914	0	3302	0	228	0	18454	0	3904	0	0	0	350	0	0	0	0	0	17814	0	114	0	180	0	0	0	1912	0	274	0	186	0	122	0	0	0	250	0	0	0	4414	0	3132	0	5972	0	8736	0	208	0	992	0	4788	0	2350	0	506	0	644	0	234	82	872	0	0	0	0	0	9174	0	0	0	5036	0	28740	0	270	0	15314	0	0	0	0	0	0	0	0	0	0	0	0	0	0	0	0	0	0	0	0	0	0	0	0	0	0	0	
183200	Temporal_Sup_R	0	1696	0	1270	0	0	0	1294	0	0	0	326	0	0	0	0	0	5842	0	548	0	0	0	0	0	0	0	0	0	5164	0	0	0	422	0	178	0	2840	0	322	0	0	0	1680	0	1342	0	1252	0	3934	0	3492	0	1382	0	5196	0	4792	0	528	0	1458	0	4422	0	6906	0	2368	0	276	0	324	0	566	0	0	0	1110	0	7836	0	0	0	2330	0	14704	0	0	0	5800	0	0	0	0	0	0	0	0	0	0	0	0	0	0	0	0	0	0	0	0	0	0	0	0	0	0	
123848	Temporal_Pole_Sup_L	294	0	1328	0	734	0	966	0	130	0	4916	0	5094	0	6108	0	2284	0	716	0	578	0	262	0	0	0	0	0	8858	0	150	0	206	0	0	0	902	0	688	0	304	0	0	0	0	0	0	0	0	0	0	0	0	0	1384	0	152	0	0	0	0	0	0	0	0	0	0	0	0	0	322	0	2564	0	0	0	0	0	252	0	5036	0	0	0	7158	0	4908	0	5630	0	0	0	0	0	0	0	0	0	0	0	0	0	0	0	0	0	0	0	0	0	0	0	0	0	0	0	
74404	Temporal_Pole_Sup_R	0	0	450	292	0	0	0	0	0	0	0	1938	122	192	0	184	0	1178	446	232	0	0	0	0	0	0	0	0	96	2658	0	440	0	0	0	0	0	1596	0	3336	0	2332	0	0	0	0	0	0	0	0	0	0	0	0	0	5844	0	0	0	0	0	0	0	0	0	0	0	0	0	0	214	708	0	1036	0	0	0	0	0	0	0	2330	0	0	0	2700	0	4452	0	4426	0	0	0	0	0	0	0	0	0	0	0	0	0	0	0	0	0	0	0	0	0	0	0	0	0	0	
335676	Temporal_Mid_L	2356	0	1020	0	0	0	1348	0	0	0	1148	0	494	0	406	0	4278	0	300	0	0	0	0	0	0	0	0	0	7038	0	0	0	0	0	136	0	458	0	0	0	0	0	2528	0	950	0	1152	0	184	0	24324	0	7378	0	5300	0	2088	0	400	0	3248	0	4360	0	11564	0	2170	0	498	0	0	0	572	0	0	0	0	0	7136	0	28740	0	7158	0	0	0	5642	0	33464	0	0	0	0	0	0	0	0	0	0	0	0	0	0	0	0	0	0	0	0	0	0	0	0	0	0	0	
163504	Temporal_Mid_R	0	910	0	0	0	0	0	568	0	0	0	100	0	0	0	0	0	358	0	0	0	0	0	0	0	0	0	0	0	812	0	0	0	0	0	0	0	574	0	0	0	0	0	4594	0	478	0	320	0	3676	0	10260	0	1564	0	1520	0	788	0	412	0	4422	0	1224	0	9948	0	1380	0	0	0	0	0	0	0	0	0	0	0	622	0	14704	0	2700	0	0	0	1518	0	18300	0	0	0	0	0	0	0	0	0	0	0	0	0	0	0	0	0	0	0	0	0	0	0	0	0	0	
39332	Temporal_Pole_Mid_L	0	0	0	0	0	0	0	0	0	0	0	0	0	0	0	0	0	0	0	0	0	0	0	0	0	0	0	0	528	0	0	0	0	0	0	0	0	0	692	0	96	0	0	0	0	0	0	0	0	0	0	0	0	0	1732	0	0	0	0	0	0	0	0	0	0	0	0	0	0	0	0	0	0	0	0	0	0	0	0	0	270	0	4908	0	5642	0	0	0	5798	0	0	0	0	0	0	0	0	0	0	0	0	0	0	0	0	0	0	0	0	0	0	0	0	0	0	0	
27784	Temporal_Pole_Mid_R	0	0	0	0	0	0	0	0	0	0	0	0	0	0	0	0	0	0	0	0	0	0	0	0	0	0	0	0	0	0	0	0	0	0	0	0	0	134	0	1862	0	396	0	0	0	0	0	0	0	0	0	0	0	0	0	3536	0	0	0	0	0	0	0	0	0	0	0	0	0	0	0	0	0	0	0	0	0	0	0	0	0	0	0	4452	0	1518	0	0	0	1994	0	0	0	0	0	0	0	0	0	0	0	0	0	0	0	0	0	0	0	0	0	0	0	0	0	0	
348316	Temporal_Inf_L	2190	0	2472	0	0	0	1564	0	0	0	898	0	310	0	186	0	1608	0	1182	0	0	0	0	0	0	0	0	0	12756	0	0	0	82	0	332	0	12322	0	1970	0	842	0	1026	0	626	0	1226	0	0	0	6420	0	13612	0	23954	0	1398	0	182	0	998	0	1474	0	1534	0	1632	0	592	0	630	0	5606	0	0	0	214	0	6096	0	15314	0	5630	0	33464	0	5798	0	0	0	3792	0	844	0	0	0	216	0	2146	0	380	0	640	0	0	0	0	0	0	0	0	0	0	0	0	0	
169556	Temporal_Inf_R	0	1212	0	0	0	0	0	508	0	0	0	114	0	0	0	0	0	218	0	0	0	0	0	0	0	0	0	0	0	588	0	0	0	162	0	0	0	4498	0	1172	0	202	0	1878	0	1014	0	760	0	4522	0	1882	0	5556	0	15758	0	3248	0	1404	0	1168	0	1924	0	1442	0	3412	0	532	0	0	0	86	0	0	0	0	0	720	0	5800	0	4426	0	18300	0	1994	0	0	0	278	0	0	0	0	0	0	0	0	0	0	0	0	0	0	0	0	0	0	0	0	0	0	0	0	
470456	Cerebelum_Crus1_L	0	0	0	0	0	0	0	0	0	0	0	0	0	0	0	0	0	0	0	0	0	0	0	0	0	0	0	0	422	0	0	0	0	0	0	0	946	0	310	0	0	0	156	160	0	0	5538	4060	0	0	242	0	968	0	19746	170	0	0	0	0	0	0	0	0	0	0	0	0	0	0	0	0	414	0	0	0	0	0	0	0	0	0	0	0	0	0	0	0	3792	0	0	2164	31998	2586	776	774	19566	1478	54142	3246	16686	816	16776	2662	2922	1436	432	0	320	836	8054	15076	7928	3766	2986	878	
366196	Cerebelum_Crus1_R	0	0	0	0	0	0	0	0	0	0	0	0	0	0	0	0	0	0	0	0	0	0	0	0	0	0	0	0	0	0	0	0	0	0	0	0	0	0	0	0	0	0	0	0	0	0	0	3628	0	0	0	0	0	0	430	13038	0	0	0	0	0	0	0	0	0	0	0	0	0	0	0	0	0	0	0	0	0	0	0	0	0	0	0	0	0	0	0	0	0	278	2164	0	3894	27568	0	2242	776	11602	2756	44832	1012	4314	920	21296	248	4392	0	1332	108	1134	9724	13252	8614	1652	1764	128	
312280	Cerebelum_Crus2_L	0	0	0	0	0	0	0	0	0	0	0	0	0	0	0	0	0	0	0	0	0	0	0	0	0	0	0	0	0	0	0	0	0	0	0	0	0	0	0	0	0	0	0	92	0	0	286	1856	0	0	0	0	164	84	1240	254	0	0	0	0	0	0	0	0	0	0	0	0	0	0	0	0	0	0	0	0	0	0	0	0	0	0	0	0	0	0	0	0	844	0	31998	3894	0	6532	344	380	2232	540	9180	3590	33174	1636	27298	1440	3514	528	1110	0	0	290	1054	7524	10986	2988	916	172	
250608	Cerebelum_Crus2_R	0	0	0	0	0	0	0	0	0	0	0	0	0	0	0	0	0	0	0	0	0	0	0	0	0	0	0	0	0	0	0	0	0	0	0	0	0	0	0	0	0	0	0	0	0	0	0	560	0	0	0	0	0	0	0	734	0	0	0	0	0	0	0	0	0	0	0	0	0	0	0	0	0	0	0	0	0	0	0	0	0	0	0	0	0	0	0	0	0	0	2586	27568	6532	0	0	612	332	2160	1658	9108	2794	14902	2686	28732	496	3382	0	1078	0	298	1728	4030	8926	3342	1060	0	
40864	Cerebelum_3_L	0	0	0	0	0	0	0	0	0	0	0	0	0	0	0	0	0	0	0	0	0	0	0	0	0	0	0	0	0	0	0	0	0	0	0	0	0	0	220	0	0	0	0	0	0	0	0	202	0	0	0	0	0	0	424	0	0	0	0	0	0	0	0	0	0	0	0	0	0	0	0	0	0	0	0	0	0	0	0	0	0	0	0	0	0	0	0	0	0	0	776	0	344	0	0	162	5316	292	2516	334	98	0	252	0	2002	414	112	0	790	1518	1502	1456	172	278	686	566	
85040	Cerebelum_3_R	0	0	0	0	0	0	0	0	0	0	0	0	0	0	0	0	0	0	0	0	0	0	0	0	0	0	0	0	0	0	0	0	0	0	0	0	0	0	128	0	0	0	0	0	0	0	0	90	0	0	0	0	0	0	100	1464	0	0	0	0	0	0	0	0	0	0	0	0	0	0	0	0	0	0	0	0	0	0	0	0	0	0	0	0	0	0	0	0	0	0	774	2242	380	612	162	0	586	4974	1614	4554	414	0	580	756	340	3780	0	0	1088	4564	1392	3664	1360	2554	3986	362	
296052	Cerebelum_4_5_L	0	0	0	0	0	0	0	0	0	0	0	0	0	0	0	0	0	0	0	0	0	0	0	0	0	0	0	0	0	0	0	0	0	0	0	0	202	0	530	0	0	0	0	188	274	164	9034	2768	304	0	412	0	1288	0	16924	214	0	0	0	0	0	0	0	0	0	0	0	0	0	0	0	0	0	0	0	0	0	0	0	0	0	0	0	0	0	0	0	0	216	0	19566	776	2232	332	5316	586	0	1944	39174	2182	264	0	1294	942	6060	1406	732	0	554	1276	16814	6110	1418	1460	2686	2384	
231904	Cerebelum_4_5_R	0	0	0	0	0	0	0	0	0	0	0	0	0	0	0	0	0	0	0	0	0	0	0	0	0	0	0	0	0	0	0	0	0	0	0	142	0	808	0	1308	0	0	0	84	0	0	126	6484	0	0	0	0	0	256	564	13624	0	0	0	0	0	0	0	0	0	0	0	160	0	0	0	0	0	0	0	0	0	162	0	0	0	0	0	0	0	0	0	0	0	0	1478	11602	540	2160	292	4974	1944	0	3252	31140	352	0	560	2852	458	1544	0	214	0	1166	16442	5712	1168	1834	2422	128	
547052	Cerebelum_6_L	0	0	0	0	0	0	0	0	0	0	0	0	0	0	0	0	0	0	0	0	0	0	0	0	0	0	0	0	658	0	0	0	0	0	0	0	1768	0	410	0	98	0	616	306	352	138	11950	6102	456	0	1382	0	2828	0	33454	378	0	0	0	0	0	0	0	0	0	0	90	0	0	0	0	0	742	0	0	0	0	0	0	0	0	0	0	0	0	0	0	0	2146	0	54142	2756	9180	1658	2516	1614	39174	3252	0	5538	5206	346	7780	3390	5524	3080	634	84	928	2310	18958	23162	5882	4486	5368	2684	
400200	Cerebelum_6_R	0	0	0	0	0	0	0	0	0	0	0	0	0	0	0	0	0	0	0	0	0	0	0	0	0	0	0	0	0	0	0	0	0	0	0	0	0	116	0	284	0	0	0	0	0	0	116	7488	0	0	0	0	0	710	934	24266	0	0	0	0	0	0	0	0	0	0	0	0	0	0	0	0	0	0	0	0	0	0	0	0	0	0	0	0	0	0	0	0	0	0	3246	44832	3590	9108	334	4554	2182	31140	5538	0	888	360	982	7248	590	2520	0	784	98	1278	17098	17996	7500	1828	2336	156	
256632	Cerebelum_7b_L	0	0	0	0	0	0	0	0	0	0	0	0	0	0	0	0	0	0	0	0	0	0	0	0	0	0	0	0	0	0	0	0	0	0	0	0	0	0	0	0	0	0	0	0	0	0	0	598	0	0	0	0	0	0	210	0	0	0	0	0	0	0	0	0	0	0	0	0	0	0	0	0	0	0	0	0	0	0	0	0	0	0	0	0	0	0	0	0	380	0	16686	1012	33174	2794	98	414	264	352	5206	888	0	2266	34426	2734	5254	974	1528	0	0	348	528	4078	6400	6092	1496	116	
101692	Cerebelum_7b_R	0	0	0	0	0	0	0	0	0	0	0	0	0	0	0	0	0	0	0	0	0	0	0	0	0	0	0	0	0	0	0	0	0	0	0	0	0	0	0	0	0	0	0	0	0	0	0	0	0	0	0	0	0	0	0	0	0	0	0	0	0	0	0	0	0	0	0	0	0	0	0	0	0	0	0	0	0	0	0	0	0	0	0	0	0	0	0	0	0	0	816	4314	1636	14902	0	0	0	0	346	360	2266	0	2246	15712	360	1924	0	156	0	0	0	510	2114	2922	262	0	
315160	Cerebelum_8_L	0	0	0	0	0	0	0	0	0	0	0	0	0	0	0	0	0	0	0	0	0	0	0	0	0	0	0	0	0	0	0	0	0	0	0	0	0	0	0	0	0	0	0	0	0	0	0	624	0	0	0	0	0	0	768	0	0	0	0	0	0	0	0	0	0	0	0	0	0	0	0	0	0	0	0	0	0	0	0	0	0	0	0	0	0	0	0	0	640	0	16776	920	27298	2686	252	580	1294	560	7780	982	34426	2246	0	6180	19560	2324	4206	0	0	500	842	4994	7566	10524	2928	124	
286132	Cerebelum_8_R	0	0	0	0	0	0	0	0	0	0	0	0	0	0	0	0	0	0	0	0	0	0	0	0	0	0	0	0	0	0	0	0	0	0	0	0	0	0	0	0	0	0	0	0	0	0	0	160	0	0	0	0	0	0	0	978	0	0	0	0	0	0	0	0	0	0	0	0	0	0	0	0	0	0	0	0	0	0	0	0	0	0	0	0	0	0	0	0	0	0	2662	21296	1440	28732	0	756	942	2852	3390	7248	2734	15712	6180	0	4016	15536	152	2156	118	430	2070	3654	7336	9194	3322	0	
165804	Cerebelum_9_L	0	0	0	0	0	0	0	0	0	0	0	0	0	0	0	0	0	0	0	0	0	0	0	0	0	0	0	0	0	0	0	0	0	0	0	0	0	0	0	0	0	0	0	0	0	0	0	512	0	0	0	0	0	0	412	0	0	0	0	0	0	0	0	0	0	0	0	0	0	0	0	0	0	0	0	0	0	0	0	0	0	0	0	0	0	0	0	0	0	0	2922	248	3514	496	2002	340	6060	458	5524	590	5254	360	19560	4016	0	3914	6434	0	136	324	2254	3530	4228	5160	3674	980	
164156	Cerebelum_9_R	0	0	0	0	0	0	0	0	0	0	0	0	0	0	0	0	0	0	0	0	0	0	0	0	0	0	0	0	0	0	0	0	0	0	0	0	0	0	0	0	0	0	0	0	0	0	0	138	0	0	0	0	0	0	124	196	0	0	0	0	0	0	0	0	0	0	0	0	0	0	0	0	0	0	0	0	0	0	0	0	0	0	0	0	0	0	0	0	0	0	1436	4392	528	3382	414	3780	1406	1544	3080	2520	974	1924	2324	15536	3914	0	150	2460	936	3390	1834	6086	3172	6086	8598	1754	
32688	Cerebelum_10_L	0	0	0	0	0	0	0	0	0	0	0	0	0	0	0	0	0	0	0	0	0	0	0	0	0	0	0	0	0	0	0	0	0	0	0	0	0	0	0	0	0	0	0	0	0	0	0	0	0	0	0	0	0	0	0	0	0	0	0	0	0	0	0	0	0	0	0	0	0	0	0	0	0	0	0	0	0	0	0	0	0	0	0	0	0	0	0	0	0	0	432	0	1110	0	112	0	732	0	634	0	1528	0	4206	152	6434	150	0	0	0	0	88	210	212	200	144	0	
18296	Cerebelum_10_R	0	0	0	0	0	0	0	0	0	0	0	0	0	0	0	0	0	0	0	0	0	0	0	0	0	0	0	0	0	0	0	0	0	0	0	0	0	0	0	0	0	0	0	0	0	0	0	0	0	0	0	0	0	0	0	82	0	0	0	0	0	0	0	0	0	0	0	0	0	0	0	0	0	0	0	0	0	0	0	0	0	0	0	0	0	0	0	0	0	0	0	1332	0	1078	0	0	0	214	84	784	0	156	0	2156	0	2460	0	0	0	0	0	172	120	188	322	0	
27100	Vermis_1_2	0	0	0	0	0	0	0	0	0	0	0	0	0	0	0	0	0	0	0	0	0	0	0	0	0	0	0	0	0	0	0	0	0	0	0	0	0	0	88	0	0	0	0	0	0	0	0	0	0	0	0	0	0	0	0	0	0	0	0	0	0	0	0	0	0	0	0	0	0	0	0	0	0	0	0	0	0	0	0	0	0	0	0	0	0	0	0	0	0	0	320	108	0	0	790	1088	554	0	928	98	0	0	0	118	136	936	0	0	0	3850	706	1208	142	518	1140	822	
75992	Vermis_3	0	0	0	0	0	0	0	0	0	0	0	0	0	0	0	0	0	0	0	0	0	0	0	0	0	0	0	0	0	0	0	0	0	0	0	0	98	0	324	0	0	0	0	0	0	0	0	192	0	0	0	0	0	0	130	0	0	0	0	0	0	0	0	0	0	0	0	0	0	0	0	0	0	0	0	0	0	0	0	0	0	0	0	0	0	0	0	0	0	0	836	1134	290	298	1518	4564	1276	1166	2310	1278	348	0	500	430	324	3390	0	0	3850	0	1728	3954	1020	2208	3866	964	
