data	data	433276	244144	1.00735e+06	807416	136572	160088	491508	288020	52060	23992	223016	209796	277832	168012	151084	104744	275040	162784	764324	839408	66692	93392	447956	379112	52972	120156	61328	101024	624404	338276	307512	402260	149708	621504	151276	163340	295816	404348	142228	265420	30564	43320	254680	450160	219812	331752	431808	448884	239668	382660	490204	401640	231244	122628	514684	482312	297428	303896	123792	136612	201520	90980	185444	147268	133396	119984	324876	483788	200648	263748	183468	355828	301284	339628	67776	55816	133020	211664	100420	35120	253952	166328	75288	48936	318496	362796	27020	12340	268732	224640	476848	527412	377988	289232	48280	93932	481628	314224	583152	547628	334892	180020	383648	306028	157908	197120	20028	20588	18172	104592	374640	243300	213676	219232	143232	66104	
data	data	Precentral_L	Precentral_R	Frontal_Sup_L	Frontal_Sup_R	Frontal_Sup_Orb_L	Frontal_Sup_Orb_R	Frontal_Mid_L	Frontal_Mid_R	Frontal_Mid_Orb_L	Frontal_Mid_Orb_R	Frontal_Inf_Oper_L	Frontal_Inf_Oper_R	Frontal_Inf_Tri_L	Frontal_Inf_Tri_R	Frontal_Inf_Orb_L	Frontal_Inf_Orb_R	Rolandic_Oper_L	Rolandic_Oper_R	Supp_Motor_Area_L	Supp_Motor_Area_R	Olfactory_L	Olfactory_R	Frontal_Sup_Medial_L	Frontal_Sup_Medial_R	Frontal_Med_Orb_L	Frontal_Med_Orb_R	Rectus_L	Rectus_R	Insula_L	Insula_R	Cingulum_Ant_L	Cingulum_Ant_R	Cingulum_Mid_L	Cingulum_Mid_R	Cingulum_Post_L	Cingulum_Post_R	Hippocampus_L	Hippocampus_R	ParaHippocampal_L	ParaHippocampal_R	Amygdala_L	Amygdala_R	Calcarine_L	Calcarine_R	Cuneus_L	Cuneus_R	Lingual_L	Lingual_R	Occipital_Sup_L	Occipital_Sup_R	Occipital_Mid_L	Occipital_Mid_R	Occipital_Inf_L	Occipital_Inf_R	Fusiform_L	Fusiform_R	Postcentral_L	Postcentral_R	Parietal_Sup_L	Parietal_Sup_R	Parietal_Inf_L	Parietal_Inf_R	SupraMarginal_L	SupraMarginal_R	Angular_L	Angular_R	Precuneus_L	Precuneus_R	Paracentral_Lobule_L	Paracentral_Lobule_R	Caudate_L	Caudate_R	Putamen_L	Putamen_R	Pallidum_L	Pallidum_R	Thalamus_L	Thalamus_R	Heschl_L	Heschl_R	Temporal_Sup_L	Temporal_Sup_R	Temporal_Pole_Sup_L	Temporal_Pole_Sup_R	Temporal_Mid_L	Temporal_Mid_R	Temporal_Pole_Mid_L	Temporal_Pole_Mid_R	Temporal_Inf_L	Temporal_Inf_R	Cerebelum_Crus1_L	Cerebelum_Crus1_R	Cerebelum_Crus2_L	Cerebelum_Crus2_R	Cerebelum_3_L	Cerebelum_3_R	Cerebelum_4_5_L	Cerebelum_4_5_R	Cerebelum_6_L	Cerebelum_6_R	Cerebelum_7b_L	Cerebelum_7b_R	Cerebelum_8_L	Cerebelum_8_R	Cerebelum_9_L	Cerebelum_9_R	Cerebelum_10_L	Cerebelum_10_R	Vermis_1_2	Vermis_3	Vermis_4_5	Vermis_6	Vermis_7	Vermis_8	Vermis_9	Vermis_10	
433276	Precentral_L	0	1632	20162	396	0	0	18782	0	0	0	13762	0	1696	0	0	0	10720	0	13578	6246	0	0	230	180	0	0	0	0	14818	0	112	0	104	4224	1050	892	5978	370	1648	184	0	0	0	346	0	100	412	116	0	0	266	0	286	0	1788	144	30340	584	0	0	4788	0	5410	0	0	0	278	836	11916	4234	1464	108	4970	102	3610	0	13552	2318	5662	0	3846	0	134	0	746	0	0	0	1518	0	0	0	0	0	0	0	0	0	0	0	0	0	0	0	0	0	0	0	0	0	0	0	0	0	0	0	
244144	Precentral_R	1632	0	356	18798	0	0	0	7242	0	0	0	5738	0	172	0	0	0	1782	896	11248	0	0	0	0	0	0	0	0	134	896	0	0	134	2116	1368	1598	996	6278	522	2278	0	0	0	92	0	176	0	186	0	236	0	196	0	94	500	2146	0	12476	0	320	0	1666	0	4166	0	162	0	362	1990	6978	0	2762	0	838	0	300	1390	19482	190	0	0	386	0	0	0	144	0	0	128	522	0	0	0	0	0	0	0	0	0	0	0	0	0	0	0	0	0	0	0	0	0	0	0	0	0	0	
1.00735e+06	Frontal_Sup_L	20162	356	0	6014	9308	892	72786	1308	2316	0	12170	746	22450	454	9444	210	11810	0	90988	17776	0	0	51356	12404	2732	328	212	0	43018	752	24210	5134	5194	10110	0	0	2110	0	190	0	0	0	0	0	0	0	0	0	0	0	0	0	0	0	1158	0	9526	0	0	0	490	0	3170	0	0	0	0	0	1896	646	9650	1076	21402	500	7350	126	3148	432	818	0	3856	0	394	0	170	0	0	0	928	0	0	0	0	0	0	0	0	0	0	0	0	0	0	0	0	0	0	0	0	0	0	0	0	0	0	0	
807416	Frontal_Sup_R	396	18798	6014	0	0	12264	1892	35652	0	644	176	9152	224	7578	0	3682	0	6724	11928	53188	0	548	11300	39056	794	6664	0	3380	350	13402	3536	30642	1164	31000	456	520	264	8000	188	3930	0	0	0	106	0	752	0	296	0	772	0	294	0	338	142	4628	0	4898	0	718	0	1078	0	3348	0	382	0	880	138	192	564	16864	260	21158	0	3476	600	12038	0	256	0	1354	0	470	0	1366	0	0	0	2834	0	0	0	0	0	0	0	0	0	0	0	0	0	0	0	0	0	0	0	0	0	0	0	0	0	0	
136572	Frontal_Sup_Orb_L	0	0	9308	0	0	0	1644	0	9294	0	0	0	2846	0	10794	0	0	0	498	0	1220	300	6262	0	4618	0	6166	146	6860	0	3544	292	0	0	0	0	0	0	0	0	106	0	0	0	0	0	0	0	0	0	0	0	0	0	0	0	0	0	0	0	0	0	0	0	0	0	0	0	0	0	378	222	3354	0	0	0	0	0	0	0	0	0	434	0	0	0	0	0	0	0	0	0	0	0	0	0	0	0	0	0	0	0	0	0	0	0	0	0	0	0	0	0	0	0	0	0	
160088	Frontal_Sup_Orb_R	0	0	892	12264	0	0	276	2582	0	4148	0	284	0	1126	0	3662	0	0	1458	2532	112	1658	1158	5606	642	11640	0	12448	94	2024	224	2404	0	3192	0	0	0	0	0	0	0	0	0	0	0	0	0	0	0	0	0	0	0	0	0	0	0	0	0	0	0	0	0	0	0	0	0	0	0	0	0	3882	0	5736	0	0	0	0	0	0	0	0	0	0	0	0	0	0	0	0	0	0	0	0	0	0	0	0	0	0	0	0	0	0	0	0	0	0	0	0	0	0	0	0	0	0	
491508	Frontal_Mid_L	18782	0	72786	1892	1644	276	0	318	2138	0	8718	268	37356	0	9170	0	2644	0	10998	1674	0	0	20032	3622	0	0	0	0	23114	244	6422	1034	2436	3158	0	0	1352	0	338	0	0	0	0	0	0	0	0	0	0	0	0	0	0	0	250	0	1912	0	0	0	1496	0	540	0	0	0	0	0	0	0	972	214	5216	0	818	0	2154	512	284	0	558	0	164	0	0	0	0	0	248	0	0	0	0	0	0	0	0	0	0	0	0	0	0	0	0	0	0	0	0	0	0	0	0	0	0	0	
288020	Frontal_Mid_R	0	7242	1308	35652	0	2582	318	0	0	1860	0	13214	96	18362	0	4142	0	4746	2716	10408	0	114	528	4618	0	564	0	784	142	6130	182	2368	0	4818	0	0	0	2028	0	880	0	0	0	0	0	204	0	116	0	210	0	0	0	172	0	1522	0	1838	0	112	0	444	0	1628	0	140	0	216	0	0	468	3278	0	5498	0	326	0	438	0	110	0	396	0	106	0	0	0	0	0	986	0	0	0	0	0	0	0	0	0	0	0	0	0	0	0	0	0	0	0	0	0	0	0	0	0	0	
52060	Frontal_Mid_Orb_L	0	0	2316	0	9294	0	2138	0	0	0	0	0	2926	0	7340	0	0	0	0	0	0	0	378	0	0	0	638	0	552	0	112	0	0	0	0	0	0	0	0	0	0	0	0	0	0	0	0	0	0	0	0	0	0	0	0	0	0	0	0	0	0	0	0	0	0	0	0	0	0	0	0	0	336	0	0	0	0	0	0	0	0	0	0	0	0	0	0	0	0	0	0	0	0	0	0	0	0	0	0	0	0	0	0	0	0	0	0	0	0	0	0	0	0	0	0	0	
23992	Frontal_Mid_Orb_R	0	0	0	644	0	4148	0	1860	0	0	0	0	0	580	0	3396	0	0	0	216	0	0	0	0	0	208	0	212	0	474	0	0	0	0	0	0	0	0	0	0	0	0	0	0	0	0	0	0	0	0	0	0	0	0	0	0	0	0	0	0	0	0	0	0	0	0	0	0	0	0	0	258	0	0	0	0	0	0	0	0	0	0	0	0	0	0	0	0	0	0	0	0	0	0	0	0	0	0	0	0	0	0	0	0	0	0	0	0	0	0	0	0	0	0	0	0	
223016	Frontal_Inf_Oper_L	13762	0	12170	176	0	0	8718	0	0	0	0	0	11014	0	746	0	13416	0	9620	324	0	0	1076	236	0	0	0	0	19390	0	1014	0	0	134	0	0	762	0	0	0	0	0	0	0	0	0	0	0	0	0	0	0	0	0	302	0	7838	0	0	0	1056	0	354	0	0	0	0	0	0	0	182	0	2956	0	1054	0	442	0	744	0	3082	0	652	0	0	0	0	0	288	0	0	0	0	0	0	0	0	0	0	0	0	0	0	0	0	0	0	0	0	0	0	0	0	0	0	0	
209796	Frontal_Inf_Oper_R	0	5738	746	9152	0	284	268	13214	0	0	0	0	0	11548	0	358	0	9576	2120	7888	0	0	0	786	0	0	0	98	0	16878	92	1898	0	2768	0	0	0	1990	0	290	0	0	0	0	0	224	0	0	0	220	0	0	0	0	0	762	0	3078	0	146	0	782	0	1528	0	176	0	234	0	0	1124	3894	0	4216	0	130	0	436	0	548	0	862	0	736	0	0	0	0	0	110	0	0	0	0	0	0	0	0	0	0	0	0	0	0	0	0	0	0	0	0	0	0	0	0	0	0	
277832	Frontal_Inf_Tri_L	1696	0	22450	224	2846	0	37356	96	2926	0	11014	0	0	0	12968	0	2526	0	4228	462	0	0	5834	484	0	0	0	0	26480	0	3482	0	626	408	0	0	0	0	0	0	0	0	0	0	0	0	0	0	0	0	0	0	0	0	0	0	296	0	0	0	0	0	0	0	0	0	0	0	0	0	392	0	1328	0	104	0	0	0	0	0	434	0	256	0	0	0	0	0	0	0	0	0	0	0	0	0	0	0	0	0	0	0	0	0	0	0	0	0	0	0	0	0	0	0	0	0	
168012	Frontal_Inf_Tri_R	0	172	454	7578	0	1126	0	18362	0	580	0	11548	0	0	0	7422	0	1656	2546	5690	0	0	104	1248	0	252	0	312	0	10208	0	3856	0	5158	0	0	0	384	0	0	0	0	0	0	0	102	0	0	0	108	0	0	0	0	0	0	0	168	0	0	0	250	0	278	0	102	0	94	0	0	242	1878	0	1530	0	0	0	128	0	102	0	190	0	178	0	0	0	0	0	0	0	0	0	0	0	0	0	0	0	0	0	0	0	0	0	0	0	0	0	0	0	0	0	0	0	0	
151084	Frontal_Inf_Orb_L	0	0	9444	0	10794	0	9170	0	7340	0	746	0	12968	0	0	0	0	0	906	0	1542	0	2504	0	0	0	1054	0	11426	0	1294	0	152	0	0	0	346	0	360	0	618	0	0	0	0	0	0	0	0	0	0	0	0	0	324	0	0	0	0	0	0	0	0	0	0	0	0	0	0	0	130	0	2474	0	0	0	0	0	0	0	0	0	1950	0	0	0	0	0	0	0	0	0	0	0	0	0	0	0	0	0	0	0	0	0	0	0	0	0	0	0	0	0	0	0	0	0	
104744	Frontal_Inf_Orb_R	0	0	210	3682	0	3662	0	4142	0	3396	0	358	0	7422	0	0	0	0	612	2920	0	2076	0	546	0	264	0	1284	0	10584	0	1720	0	1856	0	0	0	176	0	0	0	492	0	0	0	0	0	0	0	0	0	0	0	0	0	0	0	0	0	0	0	0	0	0	0	0	0	0	0	0	0	4088	0	2882	0	0	0	0	0	0	0	0	0	0	0	0	0	0	0	0	0	0	0	0	0	0	0	0	0	0	0	0	0	0	0	0	0	0	0	0	0	0	0	0	0	0	
275040	Rolandic_Oper_L	10720	0	11810	0	0	0	2644	0	0	0	13416	0	2526	0	0	0	0	0	10706	122	0	0	258	0	0	0	0	0	22242	0	244	0	0	0	0	0	1024	0	98	0	0	0	1302	0	1170	0	290	0	1092	0	4062	0	2692	0	2796	0	9548	0	0	0	1314	0	5340	0	556	0	868	0	196	0	0	0	902	0	324	0	978	0	5612	0	13488	0	822	0	5650	0	0	0	2708	0	0	0	0	0	0	0	0	0	0	0	0	0	0	0	0	0	0	0	0	0	0	0	0	0	0	0	
162784	Rolandic_Oper_R	0	1782	0	6724	0	0	0	4746	0	0	0	9576	0	1656	0	0	0	0	282	6246	0	0	0	0	0	0	0	0	0	15068	0	428	0	536	0	0	0	2416	0	448	0	0	0	0	0	586	0	0	0	706	0	416	0	0	0	1510	0	5938	0	210	0	564	0	4150	0	462	0	702	0	218	0	484	0	3182	0	340	0	380	0	2350	0	5496	0	1812	0	956	0	0	0	1022	0	0	0	0	0	0	0	0	0	0	0	0	0	0	0	0	0	0	0	0	0	0	0	0	0	0	
764324	Supp_Motor_Area_L	13578	896	90988	11928	498	1458	10998	2716	0	0	9620	2120	4228	2546	906	612	10706	282	0	44732	0	0	11832	5050	0	206	0	182	24576	1514	11468	6698	12378	27200	1522	0	1680	172	116	0	0	0	0	0	0	0	0	0	0	0	0	0	0	0	1180	106	9390	198	0	0	398	258	3130	420	0	102	138	140	7346	2598	10078	1826	18258	992	5012	320	608	292	784	0	3700	0	334	0	174	0	0	0	974	0	0	0	0	0	0	0	0	0	0	0	0	0	0	0	0	0	0	0	0	0	0	0	0	0	0	0	
839408	Supp_Motor_Area_R	6246	11248	17776	53188	0	2532	1674	10408	0	216	324	7888	462	5690	0	2920	122	6246	44732	0	0	0	2882	12648	0	506	0	416	658	11348	1662	15632	4192	56316	1524	3010	98	3940	0	1836	0	0	0	1038	0	930	0	244	0	678	0	632	0	218	0	2924	198	12300	0	416	0	1016	0	3396	0	360	188	3408	12254	27300	2640	27238	346	14002	0	6262	158	6384	0	294	0	1462	0	506	0	1934	0	0	0	2638	0	0	0	0	0	0	0	0	0	0	0	0	0	0	0	0	0	0	0	0	0	0	0	0	0	0	
66692	Olfactory_L	0	0	0	0	1220	112	0	0	0	0	0	0	0	0	1542	0	0	0	0	0	0	4902	374	0	416	330	2996	796	1806	0	1612	1494	0	0	0	0	376	0	434	0	660	0	0	0	0	0	0	0	0	0	0	0	0	0	354	0	0	0	0	0	0	0	0	0	0	0	0	0	0	0	5652	3830	2152	744	134	0	0	0	0	0	0	0	1304	0	0	0	0	0	106	0	0	0	0	0	0	0	0	0	0	0	0	0	0	0	0	0	0	0	0	0	0	0	0	0	0	0	
93392	Olfactory_R	0	0	0	548	300	1658	0	114	0	0	0	0	0	0	0	2076	0	0	0	0	4902	0	232	238	204	1680	2464	3274	0	2302	1592	2964	0	0	0	0	0	106	0	0	0	570	0	0	0	0	0	0	0	0	0	0	0	0	0	0	0	0	0	0	0	0	0	0	0	0	0	0	0	0	6620	8248	3326	2534	522	222	0	0	0	0	0	0	0	0	0	0	0	0	0	0	0	0	0	0	0	0	0	0	0	0	0	0	0	0	0	0	0	0	0	0	0	0	0	0	0	0	
447956	Frontal_Sup_Medial_L	230	0	51356	11300	6262	1158	20032	528	378	0	1076	0	5834	104	2504	0	258	0	11832	2882	374	232	0	24298	5642	966	1972	290	10872	114	27196	11838	3790	13780	0	0	0	0	0	0	0	0	0	0	0	0	0	0	0	0	0	0	0	0	0	0	0	0	0	0	0	0	0	0	0	0	0	0	0	0	1106	390	5226	158	0	0	0	0	0	0	0	0	0	0	0	0	0	0	0	0	0	0	0	0	0	0	0	0	0	0	0	0	0	0	0	0	0	0	0	0	0	0	0	0	0	0	
379112	Frontal_Sup_Medial_R	180	0	12404	39056	0	5606	3622	4618	0	0	236	786	484	1248	0	546	0	0	5050	12648	0	238	24298	0	1710	6626	0	1614	638	1494	6202	24140	1278	19680	0	0	0	0	0	0	0	0	0	0	0	0	0	0	0	0	0	0	0	0	0	0	0	0	0	0	0	0	0	0	0	0	0	0	0	0	318	7730	320	6442	0	344	0	0	0	0	0	0	0	0	0	0	0	0	0	0	0	0	0	0	0	0	0	0	0	0	0	0	0	0	0	0	0	0	0	0	0	0	0	0	0	0	
52972	Frontal_Med_Orb_L	0	0	2732	794	4618	642	0	0	0	0	0	0	0	0	0	0	0	0	0	0	416	204	5642	1710	0	2386	2480	174	0	0	3404	382	0	0	0	0	0	0	0	0	0	0	0	0	0	0	0	0	0	0	0	0	0	0	0	0	0	0	0	0	0	0	0	0	0	0	0	0	0	0	328	146	428	0	0	0	0	0	0	0	0	0	0	0	0	0	0	0	0	0	0	0	0	0	0	0	0	0	0	0	0	0	0	0	0	0	0	0	0	0	0	0	0	0	0	0	
120156	Frontal_Med_Orb_R	0	0	328	6664	0	11640	0	564	0	208	0	0	0	252	0	264	0	0	206	506	330	1680	966	6626	2386	0	592	12826	0	300	844	4062	0	664	0	0	0	0	0	0	0	0	0	0	0	0	0	0	0	0	0	0	0	0	0	0	0	0	0	0	0	0	0	0	0	0	0	0	0	0	292	3848	0	4030	0	0	0	0	0	0	0	0	0	0	0	0	0	0	0	0	0	0	0	0	0	0	0	0	0	0	0	0	0	0	0	0	0	0	0	0	0	0	0	0	0	0	
61328	Rectus_L	0	0	212	0	6166	0	0	0	638	0	0	0	0	0	1054	0	0	0	0	0	2996	2464	1972	0	2480	592	0	804	402	0	3194	1198	0	0	0	0	0	0	0	0	0	0	0	0	0	0	0	0	0	0	0	0	0	0	0	0	0	0	0	0	0	0	0	0	0	0	0	0	0	0	2832	1660	1460	540	0	0	0	0	0	0	0	0	0	0	0	0	0	0	0	0	0	0	0	0	0	0	0	0	0	0	0	0	0	0	0	0	0	0	0	0	0	0	0	0	0	0	
101024	Rectus_R	0	0	0	3380	146	12448	0	784	0	212	0	98	0	312	0	1284	0	0	182	416	796	3274	290	1614	174	12826	804	0	0	878	410	2748	0	602	0	0	0	0	0	0	0	0	0	0	0	0	0	0	0	0	0	0	0	0	0	0	0	0	0	0	0	0	0	0	0	0	0	0	0	0	668	3688	214	2264	0	0	0	0	0	0	0	0	0	0	0	0	0	0	0	0	0	0	0	0	0	0	0	0	0	0	0	0	0	0	0	0	0	0	0	0	0	0	0	0	0	0	
624404	Insula_L	14818	134	43018	350	6860	94	23114	142	552	0	19390	0	26480	0	11426	0	22242	0	24576	658	1806	0	10872	638	0	0	402	0	0	0	8494	110	870	508	120	112	9698	96	850	0	1344	0	432	0	574	0	226	0	566	0	1436	0	1396	0	6126	0	7860	0	0	0	268	0	3882	0	154	0	346	0	200	0	960	92	16974	0	462	0	3350	194	10400	0	10928	0	5452	0	4050	0	0	0	6100	0	0	0	0	0	0	0	0	0	0	0	0	0	0	0	0	0	0	0	0	0	0	0	0	0	0	0	
338276	Insula_R	0	896	752	13402	0	2024	244	6130	0	474	0	16878	0	10208	0	10584	0	15068	1514	11348	0	2302	114	1494	0	300	0	878	0	0	0	3180	0	3386	0	0	0	9308	0	2174	0	1406	0	0	0	458	0	106	0	494	0	222	0	286	0	6644	0	1712	0	234	0	220	0	478	0	246	0	474	0	244	1162	5498	0	18478	0	252	0	1418	0	3260	0	5220	0	2448	0	1658	0	168	0	3694	0	0	0	0	0	0	0	0	0	0	0	0	0	0	0	0	0	0	0	0	0	0	0	0	0	0	
307512	Cingulum_Ant_L	112	0	24210	3536	3544	224	6422	182	112	0	1014	92	3482	0	1294	0	244	0	11468	1662	1612	1592	27196	6202	3404	844	3194	410	8494	0	0	12800	7010	5586	284	0	0	0	0	0	0	0	0	0	0	0	0	0	0	0	0	0	0	0	0	0	0	0	0	0	0	0	0	0	0	0	0	0	0	0	5836	1892	8812	990	0	0	0	0	0	0	0	0	0	0	0	0	0	0	0	0	0	0	0	0	0	0	0	0	0	0	0	0	0	0	0	0	0	0	0	0	0	0	0	0	0	0	
402260	Cingulum_Ant_R	0	0	5134	30642	292	2404	1034	2368	0	0	0	1898	0	3856	0	1720	0	428	6698	15632	1494	2964	11838	24140	382	4062	1198	2748	110	3180	12800	0	3246	25836	0	0	0	0	0	0	0	0	0	0	0	0	0	0	0	0	0	0	0	0	0	0	0	0	0	0	0	0	0	0	0	0	0	0	0	0	2902	19384	1974	10080	0	686	0	0	0	0	0	0	0	0	0	0	0	0	0	0	0	0	0	0	0	0	0	0	0	0	0	0	0	0	0	0	0	0	0	0	0	0	0	0	0	0	
149708	Cingulum_Mid_L	104	134	5194	1164	0	0	2436	0	0	0	0	0	626	0	152	0	0	0	12378	4192	0	0	3790	1278	0	0	0	0	870	0	7010	3246	0	12754	3518	180	0	0	0	0	0	0	666	188	2006	158	0	0	940	0	774	0	0	0	0	0	100	0	0	0	0	0	0	0	0	0	3704	630	5730	466	288	0	178	0	0	0	0	0	0	0	0	0	0	0	0	0	0	0	0	0	0	0	0	0	0	0	0	0	0	0	0	0	0	0	0	0	0	0	0	0	0	0	0	0	0	0	
621504	Cingulum_Mid_R	4224	2116	10110	31000	0	3192	3158	4818	0	0	134	2768	408	5158	0	1856	0	536	27200	56316	0	0	13780	19680	0	664	0	602	508	3386	5586	25836	12754	0	1984	4378	0	746	0	238	0	0	0	2582	166	1316	0	590	0	434	0	858	0	156	0	900	0	10190	0	412	0	630	0	1436	0	278	872	7834	9042	21334	666	1976	206	570	0	0	0	0	0	182	0	836	0	0	0	2124	0	0	0	2026	0	0	0	0	0	0	0	0	0	0	0	0	0	0	0	0	0	0	0	0	0	0	0	0	0	0	
151276	Cingulum_Post_L	1050	1368	0	456	0	0	0	0	0	0	0	0	0	0	0	0	0	0	1522	1524	0	0	0	0	0	0	0	0	120	0	284	0	3518	1984	0	9782	5784	5442	2422	3392	0	0	1980	0	1730	106	1918	2888	0	0	150	0	128	0	1248	668	216	1156	0	0	0	0	0	0	0	0	8438	1774	8156	1418	0	0	0	0	0	0	672	3454	172	0	0	0	0	0	192	0	0	0	288	0	0	0	0	0	0	0	0	0	0	116	0	0	0	0	0	0	0	0	0	0	122	0	0	0	0	0	
163340	Cingulum_Post_R	892	1598	0	520	0	0	0	0	0	0	0	0	0	0	0	0	0	0	0	3010	0	0	0	0	0	0	0	0	112	0	0	0	180	4378	9782	0	4662	9622	1744	5464	0	0	396	1982	0	626	774	5844	0	0	0	560	0	312	820	2992	0	2256	0	0	0	0	0	0	0	0	1628	9268	546	3208	0	0	0	0	0	0	1040	3788	192	0	0	0	0	0	0	600	0	0	130	1150	0	110	0	0	0	0	0	0	0	204	0	0	0	0	0	0	0	0	0	0	1280	0	0	0	0	0	
295816	Hippocampus_L	5978	996	2110	264	0	0	1352	0	0	0	762	0	0	0	346	0	1024	0	1680	98	376	0	0	0	0	0	0	0	9698	0	0	0	0	0	5784	4662	0	5336	18382	3844	5592	0	1888	0	120	0	7080	3598	0	0	448	0	824	0	19758	534	466	0	0	0	0	0	628	0	0	0	2266	706	0	0	0	0	7706	0	144	0	6454	3956	1720	0	2100	0	2460	0	2338	0	360	0	13076	0	0	0	0	0	0	0	134	92	508	130	0	0	0	0	0	0	0	0	0	0	130	0	0	0	0	0	
404348	Hippocampus_R	370	6278	0	8000	0	0	0	2028	0	0	0	1990	0	384	0	176	0	2416	172	3940	0	106	0	0	0	0	0	0	96	9308	0	0	0	746	5442	9622	5336	0	2542	33428	0	7020	424	2250	0	268	1328	12618	0	98	0	564	0	786	874	31318	0	1196	0	0	0	258	0	590	0	0	654	6664	134	806	0	132	0	14782	0	1658	1482	8848	98	980	0	1606	0	938	0	870	0	0	154	6386	0	244	0	0	0	220	132	1524	0	570	0	0	0	0	0	0	0	0	0	0	1320	0	0	0	0	0	
142228	ParaHippocampal_L	1648	522	190	188	0	0	338	0	0	0	0	0	0	0	360	0	98	0	116	0	434	0	0	0	0	0	0	0	850	0	0	0	0	0	2422	1744	18382	2542	0	1870	1976	0	1410	0	102	0	5458	2210	0	0	516	0	732	0	10676	258	0	0	0	0	0	0	0	0	0	0	1278	124	0	0	0	0	1258	0	104	0	3746	1976	242	0	134	0	940	0	256	0	630	0	3290	0	392	0	0	0	0	0	608	0	802	0	0	0	0	0	0	0	0	0	0	292	0	0	0	0	0	0	
265420	ParaHippocampal_R	184	2278	0	3930	0	0	0	880	0	0	0	290	0	0	0	0	0	448	0	1836	0	0	0	0	0	0	0	0	0	2174	0	0	0	238	3392	5464	3844	33428	1870	0	0	4626	310	1676	0	0	1092	14634	0	0	0	394	0	376	672	20264	0	282	0	0	0	158	0	234	0	0	432	4408	0	364	0	0	0	4286	0	626	1292	6384	0	202	0	148	0	1188	0	464	0	318	0	1278	0	504	0	0	0	472	106	2810	118	1276	0	0	0	0	0	0	0	0	0	0	1060	0	0	0	0	0	
30564	Amygdala_L	0	0	0	0	106	0	0	0	0	0	0	0	0	0	618	0	0	0	0	0	660	0	0	0	0	0	0	0	1344	0	0	0	0	0	0	0	5592	0	1976	0	0	0	0	0	0	0	0	0	0	0	0	0	0	0	2350	0	0	0	0	0	0	0	0	0	0	0	0	0	0	0	0	0	278	0	0	0	0	0	0	0	0	0	1678	0	0	0	298	0	382	0	0	0	0	0	0	0	0	0	0	0	0	0	0	0	0	0	0	0	0	0	0	0	0	0	0	0	
43320	Amygdala_R	0	0	0	0	0	0	0	0	0	0	0	0	0	0	0	492	0	0	0	0	0	570	0	0	0	0	0	0	0	1406	0	0	0	0	0	0	0	7020	0	4626	0	0	0	0	0	0	0	0	0	0	0	0	0	0	0	3756	0	0	0	0	0	0	0	0	0	0	0	0	0	0	0	262	0	1364	0	0	0	0	0	0	0	0	0	1736	0	0	0	106	0	128	0	0	0	0	0	0	0	194	0	0	0	0	0	0	0	0	0	0	0	0	0	0	0	0	0	0	
254680	Calcarine_L	0	0	0	0	0	0	0	0	0	0	0	0	0	0	0	0	1302	0	0	0	0	0	0	0	0	0	0	0	432	0	0	0	666	0	1980	396	1888	424	1410	310	0	0	0	5810	14462	3010	15964	3314	7734	1568	22498	682	6628	166	7274	340	460	0	0	0	226	0	198	0	278	0	16122	1042	992	0	0	0	0	0	0	0	102	0	302	0	612	0	0	0	3518	0	0	0	1174	0	112	202	0	0	0	0	464	238	1252	456	0	0	0	0	0	0	0	0	0	0	936	396	0	0	0	0	
450160	Calcarine_R	346	92	0	106	0	0	0	0	0	0	0	0	0	0	0	0	0	0	0	1038	0	0	0	0	0	0	0	0	0	0	0	0	188	2582	0	1982	0	2250	0	1676	0	0	5810	0	6954	24310	1632	30156	402	27560	198	28742	0	6712	0	8794	0	8236	0	4164	0	188	0	0	0	432	1052	31610	340	5056	0	0	0	0	0	0	0	0	0	0	0	366	0	0	0	15738	0	0	0	3282	0	0	0	0	0	0	0	0	128	480	0	0	0	0	0	0	0	0	0	0	1202	1276	0	0	0	0	
219812	Cuneus_L	0	0	0	0	0	0	0	0	0	0	0	0	0	0	0	0	1170	0	0	0	0	0	0	0	0	0	0	0	574	0	0	0	2006	166	1730	0	120	0	102	0	0	0	14462	6954	0	8172	1550	1102	20086	3866	16460	1054	864	328	940	326	1106	0	1566	0	1286	0	0	0	992	0	17578	1570	1304	0	0	0	0	0	0	0	0	0	110	0	472	0	0	0	1310	206	0	0	374	0	0	0	0	0	0	0	0	0	0	0	0	0	0	0	0	0	0	0	0	0	0	0	0	0	0	0	
331752	Cuneus_R	100	176	0	752	0	0	0	204	0	0	0	224	0	102	0	0	0	586	0	930	0	0	0	0	0	0	0	0	0	458	0	0	158	1316	106	626	0	268	0	0	0	0	3010	24310	8172	0	714	6374	412	41626	142	14170	0	2158	0	2982	0	2448	0	6772	0	1092	0	1460	0	1466	2374	23812	96	1640	0	0	0	0	0	0	0	0	0	256	0	4214	0	0	0	7282	0	0	0	2296	0	0	0	0	0	0	0	0	0	142	0	0	0	0	0	0	0	0	0	0	166	284	0	0	0	0	
431808	Lingual_L	412	0	0	0	0	0	0	0	0	0	0	0	0	0	0	0	290	0	0	0	0	0	0	0	0	0	0	0	226	0	0	0	0	0	1918	774	7080	1328	5458	1092	0	0	15964	1632	1550	714	0	5888	2176	482	16326	234	15764	658	28736	2594	98	0	0	0	0	0	0	0	0	0	4274	220	198	0	0	0	0	0	0	0	910	838	122	0	114	0	0	0	698	0	0	0	920	0	8714	6030	1172	208	318	128	15842	3968	26236	9028	106	0	334	0	234	392	0	0	0	248	9876	9758	2260	444	552	368	
448884	Lingual_R	116	186	0	296	0	0	0	116	0	0	0	0	0	0	0	0	0	0	0	244	0	0	0	0	0	0	0	0	0	106	0	0	0	590	2888	5844	3598	12618	2210	14634	0	0	3314	30156	1102	6374	5888	0	96	10898	366	14146	650	9042	1526	23522	0	1150	0	0	0	0	0	0	0	332	514	17662	0	1444	0	0	0	168	0	0	1014	4472	0	0	0	218	0	0	0	7442	0	0	0	1896	554	3836	350	120	322	0	3392	4716	3716	8072	0	0	0	0	0	0	0	0	0	190	5972	5566	798	0	0	0	
239668	Occipital_Sup_L	0	0	0	0	0	0	0	0	0	0	0	0	0	0	0	0	1092	0	0	0	0	0	0	0	0	0	0	0	566	0	0	0	940	0	0	0	0	0	0	0	0	0	7734	402	20086	412	2176	96	0	252	35056	172	804	0	534	0	2194	0	12198	0	5390	0	0	0	2972	0	23554	274	1224	0	0	0	0	0	0	0	0	0	0	0	394	0	0	0	942	0	0	0	242	0	0	0	0	0	0	0	0	0	128	0	0	0	0	0	0	0	0	0	0	0	0	0	0	0	0	0	
382660	Occipital_Sup_R	0	236	0	772	0	0	0	210	0	0	0	220	0	108	0	0	0	706	0	678	0	0	0	0	0	0	0	0	0	494	0	0	0	434	0	0	0	98	0	0	0	0	1568	27560	3866	41626	482	10898	252	0	126	30352	0	3974	0	4310	0	3168	0	10014	0	2230	0	1618	0	5904	730	19288	0	1216	0	0	0	0	0	0	0	0	0	324	0	5080	0	0	0	9318	0	0	0	2576	0	0	0	0	0	0	0	0	92	234	0	0	0	0	0	0	0	0	0	0	0	568	0	0	0	0	
490204	Occipital_Mid_L	266	0	0	0	0	0	0	0	0	0	0	0	0	0	0	0	4062	0	0	0	0	0	0	0	0	0	0	0	1436	0	0	0	774	0	150	0	448	0	516	0	0	0	22498	198	16460	142	16326	366	35056	126	0	0	18790	92	8594	210	4912	0	15140	0	14132	0	2292	0	15572	0	24698	0	4152	0	0	0	0	0	0	0	0	0	704	0	3664	0	0	0	20440	0	0	0	4800	0	212	968	0	0	0	0	462	194	2762	1154	0	0	0	0	0	0	0	0	0	0	496	1678	160	0	0	0	
401640	Occipital_Mid_R	0	196	0	294	0	0	0	0	0	0	0	0	0	0	0	0	0	416	0	632	0	0	0	0	0	0	0	0	0	222	0	0	0	858	0	560	0	564	0	394	0	0	682	28742	1054	14170	234	14146	172	30352	0	0	0	6738	0	5314	0	3776	0	3210	0	4352	0	1590	0	15370	370	18066	0	2108	0	0	0	0	0	0	0	0	0	116	0	3596	0	0	0	36780	0	0	0	5260	0	0	0	0	0	0	0	0	0	126	0	0	0	0	0	0	0	0	0	0	0	360	0	0	0	0	
231244	Occipital_Inf_L	286	0	0	0	0	0	0	0	0	0	0	0	0	0	0	0	2692	0	0	0	0	0	0	0	0	0	0	0	1396	0	0	0	0	0	128	0	824	0	732	0	0	0	6628	0	864	0	15764	650	804	0	18790	0	0	94	19730	334	298	0	0	0	346	0	862	0	204	0	2224	0	160	0	0	0	0	0	0	0	98	0	1088	0	1034	0	0	0	7714	0	0	0	6260	0	2170	2192	298	0	0	0	2684	488	9478	2414	0	0	0	0	0	0	0	0	0	0	1612	3606	676	0	0	0	
122628	Occipital_Inf_R	0	94	0	338	0	0	0	172	0	0	0	0	0	0	0	0	0	0	0	218	0	0	0	0	0	0	0	0	0	286	0	0	0	156	0	312	0	786	0	376	0	0	166	6712	328	2158	658	9042	0	3974	92	6738	94	0	158	13514	0	566	0	0	0	0	0	118	0	0	0	1792	0	310	0	0	0	176	0	0	0	0	0	130	0	190	0	0	0	3060	0	0	0	4418	0	346	0	0	0	0	392	0	514	1092	0	0	0	0	0	0	0	0	0	0	458	1282	98	0	0	0	
514684	Fusiform_L	1788	500	1158	142	0	0	250	0	0	0	302	0	0	0	324	0	2796	0	1180	0	354	0	0	0	0	0	0	0	6126	0	0	0	0	0	1248	820	19758	874	10676	672	2350	0	7274	0	940	0	28736	1526	534	0	8594	0	19730	158	0	482	498	0	0	0	228	0	958	0	98	0	3492	0	328	0	0	0	3450	0	212	0	2236	1456	2026	0	3126	0	2448	0	4998	0	1716	0	20646	0	20428	2438	538	0	120	0	16828	1008	34894	3200	118	0	106	0	0	166	0	0	0	0	4416	4650	672	136	208	208	
482312	Fusiform_R	144	2146	0	4628	0	0	0	1522	0	0	0	762	0	0	0	0	0	1510	106	2924	0	0	0	0	0	0	0	0	0	6644	0	0	0	900	668	2992	534	31318	258	20264	0	3756	340	8794	326	2982	2594	23522	0	4310	210	5314	334	13514	482	0	0	1562	0	0	0	370	0	682	0	124	300	6216	144	1076	0	0	0	5550	0	372	100	1282	0	1018	0	1912	0	4278	0	3304	0	1680	0	13272	176	14488	102	196	0	774	2178	9376	2134	18136	0	0	0	0	0	0	0	0	0	236	3394	2644	282	0	0	0	
297428	Postcentral_L	30340	0	9526	0	0	0	1912	0	0	0	7838	0	296	0	0	0	9548	0	9390	198	0	0	0	0	0	0	0	0	7860	0	0	0	100	0	216	0	466	0	0	0	0	0	460	0	1106	0	98	0	2194	0	4912	0	298	0	498	0	0	0	5232	0	18302	0	15052	0	0	0	3938	0	5852	0	144	0	566	0	142	0	704	0	2706	0	6724	0	0	0	1826	0	0	0	270	0	0	0	0	0	0	0	0	0	0	0	0	0	0	0	0	0	0	0	0	0	0	0	0	0	0	0	
303896	Postcentral_R	584	12476	0	4898	0	0	0	1838	0	0	0	3078	0	168	0	0	0	5938	198	12300	0	0	0	0	0	0	0	0	0	1712	0	0	0	10190	1156	2256	0	1196	0	282	0	0	0	8236	0	2448	0	1150	0	3168	0	3776	0	566	0	1562	0	0	0	6852	0	3660	0	18054	0	772	170	13124	1564	16298	0	122	0	854	0	104	0	0	0	316	0	2762	0	0	0	5338	0	0	0	2782	0	0	0	0	0	0	0	0	0	0	0	0	0	0	0	0	0	0	0	0	0	0	0	0	0	0	
123792	Parietal_Sup_L	0	0	0	0	0	0	0	0	0	0	0	0	0	0	0	0	0	0	0	0	0	0	0	0	0	0	0	0	0	0	0	0	0	0	0	0	0	0	0	0	0	0	0	0	1566	0	0	0	12198	0	15140	0	0	0	0	0	5232	0	0	0	8876	0	0	0	2290	0	14746	0	1848	0	0	0	0	0	0	0	0	0	0	0	0	0	0	0	0	0	0	0	0	0	0	0	0	0	0	0	0	0	0	0	0	0	0	0	0	0	0	0	0	0	0	0	0	0	0	0	
136612	Parietal_Sup_R	0	320	0	718	0	0	0	112	0	0	0	146	0	0	0	0	0	210	0	416	0	0	0	0	0	0	0	0	0	234	0	0	0	412	0	0	0	0	0	0	0	0	0	4164	0	6772	0	0	0	10014	0	3210	0	0	0	0	0	6852	0	0	0	4068	0	870	0	4248	314	18138	0	2522	0	0	0	0	0	0	0	0	0	0	0	1514	0	0	0	2210	0	0	0	842	0	0	0	0	0	0	0	0	0	0	0	0	0	0	0	0	0	0	0	0	0	0	0	0	0	0	
201520	Parietal_Inf_L	4788	0	490	0	0	0	1496	0	0	0	1056	0	0	0	0	0	1314	0	398	0	0	0	0	0	0	0	0	0	268	0	0	0	0	0	0	0	0	0	0	0	0	0	226	0	1286	0	0	0	5390	0	14132	0	346	0	228	0	18302	0	8876	0	0	0	14548	0	13806	0	5672	0	2850	0	0	0	0	0	0	0	0	0	0	0	566	0	0	0	3468	0	0	0	1254	0	0	0	0	0	0	0	0	0	0	0	0	0	0	0	0	0	0	0	0	0	0	0	0	0	0	0	
90980	Parietal_Inf_R	0	1666	0	1078	0	0	0	444	0	0	0	782	0	250	0	0	0	564	258	1016	0	0	0	0	0	0	0	0	0	220	0	0	0	630	0	0	0	258	0	158	0	0	0	188	0	1092	0	0	0	2230	0	4352	0	0	0	370	0	3660	0	4068	0	0	0	9544	0	9170	0	1228	0	0	0	0	0	0	0	0	0	0	0	0	0	580	0	0	0	1346	0	0	0	338	0	0	0	0	0	0	0	0	0	0	0	0	0	0	0	0	0	0	0	0	0	0	0	0	0	0	
185444	SupraMarginal_L	5410	0	3170	0	0	0	540	0	0	0	354	0	0	0	0	0	5340	0	3130	0	0	0	0	0	0	0	0	0	3882	0	0	0	0	0	0	0	628	0	0	0	0	0	198	0	0	0	0	0	0	0	2292	0	862	0	958	0	15052	0	0	0	14548	0	0	0	8438	0	142	0	0	0	0	0	0	0	0	0	0	0	1748	0	10468	0	0	0	12516	0	0	0	3046	0	0	0	0	0	0	0	0	0	0	0	0	0	0	0	0	0	0	0	0	0	0	0	0	0	0	0	
147268	SupraMarginal_R	0	4166	0	3348	0	0	0	1628	0	0	0	1528	0	278	0	0	0	4150	420	3396	0	0	0	0	0	0	0	0	0	478	0	0	0	1436	0	0	0	590	0	234	0	0	0	0	0	1460	0	0	0	1618	0	1590	0	118	0	682	0	18054	0	870	0	9544	0	0	0	5920	0	1126	0	684	0	0	0	320	0	0	0	0	0	124	0	6578	0	0	0	2440	0	0	0	854	0	0	0	0	0	0	0	0	0	0	0	0	0	0	0	0	0	0	0	0	0	0	0	0	0	0	
133396	Angular_L	0	0	0	0	0	0	0	0	0	0	0	0	0	0	0	0	556	0	0	0	0	0	0	0	0	0	0	0	154	0	0	0	0	0	0	0	0	0	0	0	0	0	278	0	992	0	0	0	2972	0	15572	0	204	0	98	0	0	0	2290	0	13806	0	8438	0	0	0	1866	0	0	0	0	0	0	0	0	0	0	0	0	0	4278	0	0	0	13098	0	0	0	2096	0	0	0	0	0	0	0	0	0	0	0	0	0	0	0	0	0	0	0	0	0	0	0	0	0	0	0	
119984	Angular_R	0	162	0	382	0	0	0	140	0	0	0	176	0	102	0	0	0	462	102	360	0	0	0	0	0	0	0	0	0	246	0	0	0	278	0	0	0	0	0	0	0	0	0	432	0	1466	0	332	0	5904	0	15370	0	0	0	124	0	772	0	4248	0	9170	0	5920	0	0	0	924	0	144	0	0	0	0	0	0	0	0	0	0	0	3316	0	0	0	7506	0	0	0	1954	0	0	0	0	0	0	0	0	0	0	0	0	0	0	0	0	0	0	0	0	0	0	0	0	0	0	
324876	Precuneus_L	278	0	0	0	0	0	0	0	0	0	0	0	0	0	0	0	868	0	138	188	0	0	0	0	0	0	0	0	346	0	0	0	3704	872	8438	1628	2266	654	1278	432	0	0	16122	1052	17578	2374	4274	514	23554	730	24698	370	2224	0	3492	300	3938	170	14746	314	5672	0	142	0	1866	0	0	6466	6224	322	0	0	0	0	0	0	0	0	248	0	372	0	0	0	2038	140	0	0	768	160	0	0	0	0	0	0	0	0	388	0	0	0	0	0	0	0	0	0	0	0	92	0	0	0	0	0	
483788	Precuneus_R	836	362	0	880	0	0	0	216	0	0	0	234	0	94	0	0	0	702	140	3408	0	0	0	0	0	0	0	0	0	474	0	0	630	7834	1774	9268	706	6664	124	4408	0	0	1042	31610	1570	23812	220	17662	274	19288	0	18066	0	1792	0	6216	0	13124	0	18138	0	1228	0	1126	0	924	6466	0	836	10938	0	0	0	0	0	0	0	100	0	280	0	4178	0	0	0	16716	0	0	0	5436	0	0	0	0	0	0	0	0	0	208	0	0	0	0	0	0	0	0	0	0	1724	166	0	0	0	0	
200648	Paracentral_Lobule_L	11916	1990	1896	138	0	0	0	0	0	0	0	0	0	0	0	0	196	0	7346	12254	0	0	0	0	0	0	0	0	200	0	0	0	5730	9042	8156	546	0	134	0	0	0	0	992	340	1304	96	198	0	1224	0	4152	0	160	0	328	144	5852	1564	1848	0	2850	0	0	0	0	0	6224	836	0	8346	472	122	0	0	884	0	1010	92	0	0	100	0	0	0	1540	0	0	0	102	0	0	0	0	0	0	0	0	0	0	0	0	0	0	0	0	0	0	0	0	0	0	0	0	0	0	0	
263748	Paracentral_Lobule_R	4234	6978	646	192	0	0	0	0	0	0	0	0	0	0	0	0	0	218	2598	27300	0	0	0	0	0	0	0	0	0	244	0	0	466	21334	1418	3208	0	806	0	364	0	0	0	5056	0	1640	0	1444	0	1216	0	2108	0	310	0	1076	0	16298	0	2522	0	0	0	684	0	144	322	10938	8346	0	138	1248	0	0	0	304	0	636	0	188	0	890	0	0	0	3950	0	0	0	2410	0	0	0	0	0	0	0	0	0	0	0	0	0	0	0	0	0	0	0	0	0	0	0	0	0	0	
183468	Caudate_L	1464	0	9650	564	378	0	972	468	0	0	182	1124	392	242	130	0	0	0	10078	2640	5652	6620	1106	318	328	292	2832	668	960	1162	5836	2902	288	666	0	0	0	0	0	0	0	0	0	0	0	0	0	0	0	0	0	0	0	0	0	0	144	0	0	0	0	0	0	0	0	0	0	0	472	138	0	10032	12598	2566	1900	578	4594	798	0	0	0	0	0	0	0	0	0	0	0	0	0	0	0	0	0	0	0	0	0	0	0	0	0	0	0	0	0	0	0	0	0	0	0	0	0	0	
355828	Caudate_R	108	2762	1076	16864	222	3882	214	3278	0	258	0	3894	0	1878	0	4088	0	484	1826	27238	3830	8248	390	7730	146	3848	1660	3688	92	5498	1892	19384	0	1976	0	0	0	132	0	0	0	262	0	0	0	0	0	0	0	0	0	0	0	0	0	0	0	122	0	0	0	0	0	0	0	0	0	0	122	1248	10032	0	4568	19400	694	4926	226	9612	0	0	0	116	0	0	0	0	0	0	0	0	0	0	0	0	0	0	0	0	0	0	0	0	0	0	0	0	0	0	0	0	0	0	0	0	0	0	
301284	Putamen_L	4970	0	21402	260	3354	0	5216	0	336	0	2956	0	1328	0	2474	0	902	0	18258	346	2152	3326	5226	320	428	0	1460	214	16974	0	8812	1974	178	206	0	0	7706	0	1258	0	278	0	0	0	0	0	0	0	0	0	0	0	0	0	3450	0	566	0	0	0	0	0	0	0	0	0	0	0	0	0	12598	4568	0	2108	8140	238	646	0	0	0	904	0	1660	0	176	0	0	0	3274	0	0	0	0	0	0	0	0	0	0	0	0	0	0	0	0	0	0	0	0	0	0	0	0	0	0	0	
339628	Putamen_R	102	838	500	21158	0	5736	0	5498	0	0	0	4216	0	1530	0	2882	0	3182	992	14002	744	2534	158	6442	0	4030	540	2264	0	18478	990	10080	0	570	0	0	0	14782	0	4286	0	1364	0	0	0	0	0	168	0	0	0	0	0	176	0	5550	0	854	0	0	0	0	0	320	0	0	0	0	0	0	2566	19400	2108	0	0	5666	0	2736	0	142	0	614	0	144	0	0	0	0	0	1306	0	0	0	0	0	0	0	166	0	0	0	0	0	0	0	0	0	0	0	0	0	0	0	0	0	0	
67776	Pallidum_L	3610	0	7350	0	0	0	818	0	0	0	1054	0	104	0	0	0	324	0	5012	0	134	522	0	0	0	0	0	0	462	0	0	0	0	0	0	0	144	0	104	0	0	0	0	0	0	0	0	0	0	0	0	0	0	0	212	0	142	0	0	0	0	0	0	0	0	0	0	0	884	0	1900	694	8140	0	0	150	2018	0	0	0	0	0	0	0	0	0	0	0	110	0	0	0	0	0	0	0	0	0	0	0	0	0	0	0	0	0	0	0	0	0	0	0	0	0	0	0	
55816	Pallidum_R	0	300	126	3476	0	0	0	326	0	0	0	130	0	0	0	0	0	340	320	6262	0	222	0	344	0	0	0	0	0	252	0	686	0	0	0	0	0	1658	0	626	0	0	0	0	0	0	0	0	0	0	0	0	0	0	0	372	0	104	0	0	0	0	0	0	0	0	0	0	0	304	578	4926	238	5666	150	0	0	400	0	0	0	102	0	0	0	0	0	0	0	0	0	0	0	0	0	0	0	0	0	0	0	0	0	0	0	0	0	0	0	0	0	0	0	0	0	0	
133020	Thalamus_L	13552	1390	3148	600	0	0	2154	0	0	0	442	0	0	0	0	0	978	0	608	158	0	0	0	0	0	0	0	0	3350	0	0	0	0	0	672	1040	6454	1482	3746	1292	0	0	102	0	0	0	910	1014	0	0	0	0	98	0	2236	100	704	0	0	0	0	0	0	0	0	0	0	0	1010	0	4594	226	646	0	2018	0	0	9102	532	0	666	0	0	0	272	0	0	0	1214	0	0	0	0	0	0	0	0	0	0	0	0	0	0	0	0	0	0	0	0	0	0	0	0	0	0	0	
211664	Thalamus_R	2318	19482	432	12038	0	0	512	438	0	0	0	436	0	128	0	0	0	380	292	6384	0	0	0	0	0	0	0	0	194	1418	0	0	0	0	3454	3788	3956	8848	1976	6384	0	0	0	0	0	0	838	4472	0	0	0	0	0	0	1456	1282	0	0	0	0	0	0	0	0	0	0	0	100	92	636	798	9612	0	2736	0	400	9102	0	236	0	0	134	0	0	0	0	0	0	252	200	0	0	0	0	0	0	0	430	0	106	0	0	0	0	0	0	0	0	0	0	92	0	0	0	0	0	
100420	Heschl_L	5662	190	818	0	0	0	284	0	0	0	744	0	0	0	0	0	5612	0	784	0	0	0	0	0	0	0	0	0	10400	0	0	0	0	0	172	192	1720	98	242	0	0	0	302	0	110	0	122	0	0	0	704	0	1088	0	2026	0	2706	0	0	0	0	0	1748	0	0	0	248	0	0	0	0	0	0	0	0	0	532	236	0	0	5872	0	0	0	3830	0	0	0	3768	0	0	0	0	0	0	0	0	0	0	0	0	0	0	0	0	0	0	0	0	0	0	0	0	0	0	0	
35120	Heschl_R	0	0	0	256	0	0	0	110	0	0	0	548	0	102	0	0	0	2350	0	294	0	0	0	0	0	0	0	0	0	3260	0	0	0	182	0	0	0	980	0	202	0	0	0	0	0	256	0	0	0	324	0	116	0	130	0	1018	0	316	0	0	0	0	0	124	0	0	0	280	0	188	0	0	0	142	0	0	0	0	0	0	0	3882	0	114	0	990	0	0	0	1396	0	0	0	0	0	0	0	0	0	0	0	0	0	0	0	0	0	0	0	0	0	0	0	0	0	0	
253952	Temporal_Sup_L	3846	0	3856	0	0	0	558	0	0	0	3082	0	434	0	0	0	13488	0	3700	0	0	0	0	0	0	0	0	0	10928	0	0	0	0	0	0	0	2100	0	134	0	0	0	612	0	472	0	114	0	394	0	3664	0	1034	0	3126	0	6724	0	0	0	566	0	10468	0	4278	0	372	0	100	0	0	0	904	0	0	0	666	0	5872	0	0	0	2600	0	28580	0	318	0	13986	0	0	0	0	0	0	0	0	0	0	0	0	0	0	0	0	0	0	0	0	0	0	0	0	0	0	0	
166328	Temporal_Sup_R	0	386	0	1354	0	0	0	396	0	0	0	862	0	190	0	0	0	5496	0	1462	0	0	0	0	0	0	0	0	0	5220	0	0	0	836	0	0	0	1606	0	148	0	0	0	366	0	4214	0	218	0	5080	0	3596	0	190	0	1912	0	2762	0	1514	0	580	0	6578	0	3316	0	4178	0	890	0	116	0	614	0	102	0	134	0	3882	0	0	0	3724	0	15954	0	0	0	5288	0	0	0	0	0	0	0	0	0	0	0	0	0	0	0	0	0	0	0	0	0	0	0	0	0	0	
75288	Temporal_Pole_Sup_L	134	0	394	0	434	0	164	0	0	0	652	0	256	0	1950	0	822	0	334	0	1304	0	0	0	0	0	0	0	5452	0	0	0	0	0	0	0	2460	0	940	0	1678	0	0	0	0	0	0	0	0	0	0	0	0	0	2448	0	0	0	0	0	0	0	0	0	0	0	0	0	0	0	0	0	1660	0	0	0	0	0	0	0	2600	0	0	0	5998	0	4214	0	3750	0	0	0	0	0	0	0	0	0	0	0	0	0	0	0	0	0	0	0	0	0	0	0	0	0	0	0	
48936	Temporal_Pole_Sup_R	0	0	0	470	0	0	0	106	0	0	0	736	0	178	0	0	0	1812	0	506	0	0	0	0	0	0	0	0	0	2448	0	0	0	0	0	0	0	938	0	1188	0	1736	0	0	0	0	0	0	0	0	0	0	0	0	0	4278	0	0	0	0	0	0	0	0	0	0	0	0	0	0	0	0	0	144	0	0	0	0	0	114	0	3724	0	0	0	1942	0	2040	0	2108	0	0	0	0	0	0	0	0	0	0	0	0	0	0	0	0	0	0	0	0	0	0	0	0	0	0	
318496	Temporal_Mid_L	746	0	170	0	0	0	0	0	0	0	0	0	0	0	0	0	5650	0	174	0	0	0	0	0	0	0	0	0	4050	0	0	0	0	0	192	0	2338	0	256	0	0	0	3518	0	1310	0	698	0	942	0	20440	0	7714	0	4998	0	1826	0	0	0	3468	0	12516	0	13098	0	2038	0	1540	0	0	0	176	0	0	0	272	0	3830	0	28580	0	5998	0	0	0	3538	0	29048	0	0	0	0	0	0	0	0	0	124	0	0	0	0	0	0	0	0	0	0	0	0	0	0	0	0	0	
362796	Temporal_Mid_R	0	144	0	1366	0	0	0	0	0	0	0	0	0	0	0	0	0	956	0	1934	0	0	0	0	0	0	0	0	0	1658	0	0	0	2124	0	600	0	870	0	464	0	0	0	15738	206	7282	0	7442	0	9318	0	36780	0	3060	0	3304	0	5338	0	2210	0	1346	0	2440	0	7506	140	16716	0	3950	0	0	0	0	0	0	0	0	0	990	0	15954	0	1942	0	0	0	938	0	28578	0	0	0	0	0	0	0	0	0	0	0	0	0	0	0	0	0	0	0	0	0	104	0	0	0	0	
27020	Temporal_Pole_Mid_L	0	0	0	0	0	0	0	0	0	0	0	0	0	0	0	0	0	0	0	0	0	0	0	0	0	0	0	0	0	0	0	0	0	0	0	0	360	0	630	0	298	0	0	0	0	0	0	0	0	0	0	0	0	0	1716	0	0	0	0	0	0	0	0	0	0	0	0	0	0	0	0	0	0	0	0	0	0	0	0	0	318	0	4214	0	3538	0	0	0	2436	0	0	0	0	0	0	0	0	0	0	0	0	0	0	0	0	0	0	0	0	0	0	0	0	0	0	0	
12340	Temporal_Pole_Mid_R	0	0	0	0	0	0	0	0	0	0	0	0	0	0	0	0	0	0	0	0	0	0	0	0	0	0	0	0	0	168	0	0	0	0	0	0	0	0	0	318	0	106	0	0	0	0	0	0	0	0	0	0	0	0	0	1680	0	0	0	0	0	0	0	0	0	0	0	0	0	0	0	0	0	0	0	0	0	0	0	0	0	0	0	2040	0	938	0	0	0	920	0	0	0	0	0	0	0	0	0	0	0	0	0	0	0	0	0	0	0	0	0	0	0	0	0	0	
268732	Temporal_Inf_L	1518	128	928	0	0	0	248	0	0	0	288	0	0	0	0	0	2708	0	974	0	106	0	0	0	0	0	0	0	6100	0	0	0	0	0	288	130	13076	154	3290	0	382	0	1174	0	374	0	920	0	242	0	4800	0	6260	0	20646	0	270	0	0	0	1254	0	3046	0	2096	0	768	0	102	0	0	0	3274	0	110	0	1214	252	3768	0	13986	0	3750	0	29048	0	2436	0	0	0	2540	0	262	0	0	0	376	0	1080	0	0	0	0	0	0	0	0	0	0	0	0	0	0	0	0	0	
224640	Temporal_Inf_R	0	522	0	2834	0	0	0	986	0	0	0	110	0	0	0	0	0	1022	0	2638	0	0	0	0	0	0	0	0	0	3694	0	0	0	2026	0	1150	0	6386	0	1278	0	128	0	3282	0	2296	0	1896	0	2576	0	5260	0	4418	0	13272	0	2782	0	842	0	338	0	854	0	1954	160	5436	0	2410	0	0	0	1306	0	0	0	200	0	1396	0	5288	0	2108	0	28578	0	920	0	0	0	1108	0	248	0	0	0	114	0	338	0	0	0	0	0	0	0	0	0	0	0	166	0	0	0	0	
476848	Cerebelum_Crus1_L	0	0	0	0	0	0	0	0	0	0	0	0	0	0	0	0	0	0	0	0	0	0	0	0	0	0	0	0	0	0	0	0	0	0	0	0	0	0	392	0	0	0	112	0	0	0	8714	554	0	0	212	0	2170	0	20428	176	0	0	0	0	0	0	0	0	0	0	0	0	0	0	0	0	0	0	0	0	0	0	0	0	0	0	0	0	0	0	0	0	2540	0	0	6182	34646	1198	1862	650	30518	2706	59972	6186	12488	126	13242	736	2324	1480	114	0	0	1900	8892	6932	6192	2136	1776	868	
527412	Cerebelum_Crus1_R	0	0	0	0	0	0	0	0	0	0	0	0	0	0	0	0	0	0	0	0	0	0	0	0	0	0	0	0	0	0	0	0	0	0	0	110	0	244	0	504	0	0	202	0	0	0	6030	3836	0	0	968	0	2192	346	2438	14488	0	0	0	0	0	0	0	0	0	0	0	0	0	0	0	0	0	0	0	0	0	0	0	0	0	0	0	0	0	0	0	0	0	1108	6182	0	3590	24926	552	5582	11146	32598	9714	66176	1298	3248	1846	13758	418	3404	0	1508	356	4842	17598	9122	8350	2372	2224	430	
377988	Cerebelum_Crus2_L	0	0	0	0	0	0	0	0	0	0	0	0	0	0	0	0	0	0	0	0	0	0	0	0	0	0	0	0	0	0	0	0	0	0	0	0	0	0	0	0	0	0	0	0	0	0	1172	350	0	0	0	0	298	0	538	102	0	0	0	0	0	0	0	0	0	0	0	0	0	0	0	0	0	0	0	0	0	0	0	0	0	0	0	0	0	0	0	0	262	0	34646	3590	0	7080	1082	256	4420	1582	6484	3160	48000	5362	39350	1936	6516	804	350	0	0	364	2414	2420	10168	5104	714	470	
289232	Cerebelum_Crus2_R	0	0	0	0	0	0	0	0	0	0	0	0	0	0	0	0	0	0	0	0	0	0	0	0	0	0	0	0	0	0	0	0	0	0	0	0	0	0	0	0	0	0	0	0	0	0	208	120	0	0	0	0	0	0	0	196	0	0	0	0	0	0	0	0	0	0	0	0	0	0	0	0	0	0	0	0	0	0	0	0	0	0	0	0	0	0	0	0	0	248	1198	24926	7080	0	118	1392	750	918	1162	6768	6756	22790	3900	34426	356	6198	0	1934	238	1292	682	1024	10718	6744	2114	360	
48280	Cerebelum_3_L	0	0	0	0	0	0	0	0	0	0	0	0	0	0	0	0	0	0	0	0	0	0	0	0	0	0	0	0	0	0	0	0	0	0	0	0	0	0	0	0	0	0	0	0	0	0	318	322	0	0	0	0	0	0	120	0	0	0	0	0	0	0	0	0	0	0	0	0	0	0	0	0	0	0	0	0	0	0	0	0	0	0	0	0	0	0	0	0	0	0	1862	552	1082	118	0	192	7724	486	2176	614	928	0	1568	166	1482	224	0	0	762	1332	1084	210	288	288	148	94	
93932	Cerebelum_3_R	0	0	0	0	0	0	0	0	0	0	0	0	0	0	0	0	0	0	0	0	0	0	0	0	0	0	0	0	0	0	0	0	0	0	0	0	0	220	0	472	0	0	0	0	0	0	128	0	0	0	0	0	0	0	0	774	0	0	0	0	0	0	0	0	0	0	0	0	0	0	0	0	0	0	0	0	0	0	0	0	0	0	0	0	0	0	0	0	0	0	650	5582	256	1392	192	0	694	6364	726	7556	114	182	160	1294	192	3150	0	0	446	6352	962	956	2140	2690	2638	684	
481628	Cerebelum_4_5_L	0	0	0	0	0	0	0	0	0	0	0	0	0	0	0	0	0	0	0	0	0	0	0	0	0	0	0	0	0	0	0	0	0	0	0	0	134	132	608	106	0	0	464	0	0	0	15842	3392	0	0	462	0	2684	392	16828	2178	0	0	0	0	0	0	0	0	0	0	0	0	0	0	0	0	0	0	0	0	0	0	0	0	0	0	0	0	0	0	0	0	376	0	30518	11146	4420	750	7724	694	0	12570	47980	16360	3592	0	5954	828	5058	1968	388	0	308	2812	28962	7022	1458	1984	2268	2452	
314224	Cerebelum_4_5_R	0	0	0	0	0	0	0	0	0	0	0	0	0	0	0	0	0	0	0	0	0	0	0	0	0	0	0	0	0	0	0	0	0	0	0	0	92	1524	0	2810	0	194	238	0	0	0	3968	4716	0	0	194	0	488	0	1008	9376	0	0	0	0	0	0	0	0	0	0	0	0	0	0	0	0	0	166	0	0	0	430	0	0	0	0	0	0	0	0	0	0	0	114	2706	32598	1582	918	486	6364	12570	0	5932	40310	1214	0	1744	544	288	246	0	0	172	3472	19420	380	220	240	210	178	
583152	Cerebelum_6_L	0	0	0	0	0	0	0	0	0	0	0	0	0	0	0	0	0	0	0	0	0	0	0	0	0	0	0	0	0	0	0	0	0	0	0	0	508	0	802	118	0	0	1252	128	0	0	26236	3716	128	92	2762	0	9478	514	34894	2134	0	0	0	0	0	0	0	0	0	0	388	0	0	0	0	0	0	0	0	0	0	0	0	0	0	0	0	0	124	0	0	0	1080	0	59972	9714	6484	1162	2176	726	47980	5932	0	12542	3810	102	5254	794	2654	1774	150	0	0	1900	18926	14218	5272	2466	2192	1022	
547628	Cerebelum_6_R	0	0	0	0	0	0	0	0	0	0	0	0	0	0	0	0	0	0	0	0	0	0	0	0	0	0	0	0	0	0	0	0	0	0	116	204	130	570	0	1276	0	0	456	480	0	142	9028	8072	0	234	1154	126	2414	1092	3200	18136	0	0	0	0	0	0	0	0	0	0	0	208	0	0	0	0	0	0	0	0	0	106	0	0	0	0	0	0	0	0	0	0	0	338	6186	66176	3160	6768	614	7556	16360	40310	12542	0	1418	1206	2074	6436	768	2610	0	556	324	5166	24358	11800	5108	1804	2102	930	
334892	Cerebelum_7b_L	0	0	0	0	0	0	0	0	0	0	0	0	0	0	0	0	0	0	0	0	0	0	0	0	0	0	0	0	0	0	0	0	0	0	0	0	0	0	0	0	0	0	0	0	0	0	106	0	0	0	0	0	0	0	118	0	0	0	0	0	0	0	0	0	0	0	0	0	0	0	0	0	0	0	0	0	0	0	0	0	0	0	0	0	0	0	0	0	0	0	12488	1298	48000	6756	928	114	3592	1214	3810	1418	0	5966	47932	4886	8984	586	1118	0	0	240	1782	256	6870	8348	444	192	
180020	Cerebelum_7b_R	0	0	0	0	0	0	0	0	0	0	0	0	0	0	0	0	0	0	0	0	0	0	0	0	0	0	0	0	0	0	0	0	0	0	0	0	0	0	0	0	0	0	0	0	0	0	0	0	0	0	0	0	0	0	0	0	0	0	0	0	0	0	0	0	0	0	0	0	0	0	0	0	0	0	0	0	0	0	0	0	0	0	0	0	0	0	0	0	0	0	126	3248	5362	22790	0	182	0	0	102	1206	5966	0	3454	28900	0	6964	0	430	0	186	0	0	4086	5928	988	92	
383648	Cerebelum_8_L	0	0	0	0	0	0	0	0	0	0	0	0	0	0	0	0	0	0	0	0	0	0	0	0	0	0	0	0	0	0	0	0	0	0	0	0	0	0	0	0	0	0	0	0	0	0	334	0	0	0	0	0	0	0	106	0	0	0	0	0	0	0	0	0	0	0	0	0	0	0	0	0	0	0	0	0	0	0	0	0	0	0	0	0	0	0	0	0	0	0	13242	1846	39350	3900	1568	160	5954	1744	5254	2074	47932	3454	0	7224	26212	2532	2984	0	0	322	2690	586	4554	12438	3996	1368	
306028	Cerebelum_8_R	0	0	0	0	0	0	0	0	0	0	0	0	0	0	0	0	0	0	0	0	0	0	0	0	0	0	0	0	0	0	0	0	0	0	0	0	0	0	0	0	0	0	0	0	0	0	0	0	0	0	0	0	0	0	0	0	0	0	0	0	0	0	0	0	0	0	0	0	0	0	0	0	0	0	0	0	0	0	0	0	0	0	0	0	0	0	0	0	0	0	736	13758	1936	34426	166	1294	828	544	794	6436	4886	28900	7224	0	1396	22276	0	3096	480	1502	680	894	4260	11174	4822	506	
157908	Cerebelum_9_L	0	0	0	0	0	0	0	0	0	0	0	0	0	0	0	0	0	0	0	0	0	0	0	0	0	0	0	0	0	0	0	0	0	0	0	0	0	0	0	0	0	0	0	0	0	0	234	0	0	0	0	0	0	0	0	0	0	0	0	0	0	0	0	0	0	0	0	0	0	0	0	0	0	0	0	0	0	0	0	0	0	0	0	0	0	0	0	0	0	0	2324	418	6516	356	1482	192	5058	288	2654	768	8984	0	26212	1396	0	2818	4818	0	0	194	2110	1980	1190	3498	3624	1840	
197120	Cerebelum_9_R	0	0	0	0	0	0	0	0	0	0	0	0	0	0	0	0	0	0	0	0	0	0	0	0	0	0	0	0	0	0	0	0	0	0	0	0	0	0	0	0	0	0	0	0	0	0	392	0	0	0	0	0	0	0	166	0	0	0	0	0	0	0	0	0	0	0	0	0	0	0	0	0	0	0	0	0	0	0	0	0	0	0	0	0	0	0	0	0	0	0	1480	3404	804	6198	224	3150	1968	246	1774	2610	586	6964	2532	22276	2818	0	92	2342	600	2872	1866	3556	4700	9564	10880	4496	
20028	Cerebelum_10_L	0	0	0	0	0	0	0	0	0	0	0	0	0	0	0	0	0	0	0	0	0	0	0	0	0	0	0	0	0	0	0	0	0	0	0	0	0	0	0	0	0	0	0	0	0	0	0	0	0	0	0	0	0	0	0	0	0	0	0	0	0	0	0	0	0	0	0	0	0	0	0	0	0	0	0	0	0	0	0	0	0	0	0	0	0	0	0	0	0	0	114	0	350	0	0	0	388	0	150	0	1118	0	2984	0	4818	92	0	0	0	0	0	0	0	0	0	0	
20588	Cerebelum_10_R	0	0	0	0	0	0	0	0	0	0	0	0	0	0	0	0	0	0	0	0	0	0	0	0	0	0	0	0	0	0	0	0	0	0	0	0	0	0	0	0	0	0	0	0	0	0	0	0	0	0	0	0	0	0	0	0	0	0	0	0	0	0	0	0	0	0	0	0	0	0	0	0	0	0	0	0	0	0	0	0	0	0	0	0	0	0	0	0	0	0	0	1508	0	1934	0	0	0	0	0	556	0	430	0	3096	0	2342	0	0	0	0	0	0	0	212	216	0	
18172	Vermis_1_2	0	0	0	0	0	0	0	0	0	0	0	0	0	0	0	0	0	0	0	0	0	0	0	0	0	0	0	0	0	0	0	0	0	0	0	0	0	0	0	0	0	0	0	0	0	0	0	0	0	0	0	0	0	0	0	0	0	0	0	0	0	0	0	0	0	0	0	0	0	0	0	0	0	0	0	0	0	0	0	0	0	0	0	0	0	0	0	0	0	0	0	356	0	238	762	446	308	172	0	324	0	0	0	480	0	600	0	0	0	4538	862	0	0	0	0	0	
104592	Vermis_3	0	0	0	0	0	0	0	0	0	0	0	0	0	0	0	0	0	0	0	0	0	0	0	0	0	0	0	0	0	0	0	0	0	0	0	0	0	0	292	0	0	0	0	0	0	0	248	190	0	0	0	0	0	0	0	236	0	0	0	0	0	0	0	0	0	0	0	0	0	0	0	0	0	0	0	0	0	0	0	0	0	0	0	0	0	0	0	0	0	0	1900	4842	364	1292	1332	6352	2812	3472	1900	5166	240	186	322	1502	194	2872	0	0	4538	0	3868	1014	2070	2342	2116	634	
