data	data	476284	164392	1.21829e+06	1.03303e+06	238748	113840	562012	289772	129236	62864	347856	211768	300488	129740	313316	140972	393200	68132	624260	1.10352e+06	134288	88836	424052	438344	71396	209892	92660	86580	807016	342740	439772	629272	237228	561960	178144	177628	346908	301020	106072	170188	36940	56176	141020	276296	98364	264004	194796	210248	109064	300056	513488	289940	203500	70336	411892	329580	286492	137928	184424	107892	280120	95308	158200	85000	187456	101488	295916	367320	131828	151472	319596	422264	356688	449572	93048	37784	128796	176160	129580	19796	313832	92332	106588	38748	230652	149220	24268	19224	426776	133868	357128	378004	393460	313496	16716	46252	183372	156516	298292	304852	294192	186080	340972	291924	160956	116812	65008	11760	16132	18080	147192	95480	101984	71668	53816	28616	
data	data	Precentral_L	Precentral_R	Frontal_Sup_L	Frontal_Sup_R	Frontal_Sup_Orb_L	Frontal_Sup_Orb_R	Frontal_Mid_L	Frontal_Mid_R	Frontal_Mid_Orb_L	Frontal_Mid_Orb_R	Frontal_Inf_Oper_L	Frontal_Inf_Oper_R	Frontal_Inf_Tri_L	Frontal_Inf_Tri_R	Frontal_Inf_Orb_L	Frontal_Inf_Orb_R	Rolandic_Oper_L	Rolandic_Oper_R	Supp_Motor_Area_L	Supp_Motor_Area_R	Olfactory_L	Olfactory_R	Frontal_Sup_Medial_L	Frontal_Sup_Medial_R	Frontal_Med_Orb_L	Frontal_Med_Orb_R	Rectus_L	Rectus_R	Insula_L	Insula_R	Cingulum_Ant_L	Cingulum_Ant_R	Cingulum_Mid_L	Cingulum_Mid_R	Cingulum_Post_L	Cingulum_Post_R	Hippocampus_L	Hippocampus_R	ParaHippocampal_L	ParaHippocampal_R	Amygdala_L	Amygdala_R	Calcarine_L	Calcarine_R	Cuneus_L	Cuneus_R	Lingual_L	Lingual_R	Occipital_Sup_L	Occipital_Sup_R	Occipital_Mid_L	Occipital_Mid_R	Occipital_Inf_L	Occipital_Inf_R	Fusiform_L	Fusiform_R	Postcentral_L	Postcentral_R	Parietal_Sup_L	Parietal_Sup_R	Parietal_Inf_L	Parietal_Inf_R	SupraMarginal_L	SupraMarginal_R	Angular_L	Angular_R	Precuneus_L	Precuneus_R	Paracentral_Lobule_L	Paracentral_Lobule_R	Caudate_L	Caudate_R	Putamen_L	Putamen_R	Pallidum_L	Pallidum_R	Thalamus_L	Thalamus_R	Heschl_L	Heschl_R	Temporal_Sup_L	Temporal_Sup_R	Temporal_Pole_Sup_L	Temporal_Pole_Sup_R	Temporal_Mid_L	Temporal_Mid_R	Temporal_Pole_Mid_L	Temporal_Pole_Mid_R	Temporal_Inf_L	Temporal_Inf_R	Cerebelum_Crus1_L	Cerebelum_Crus1_R	Cerebelum_Crus2_L	Cerebelum_Crus2_R	Cerebelum_3_L	Cerebelum_3_R	Cerebelum_4_5_L	Cerebelum_4_5_R	Cerebelum_6_L	Cerebelum_6_R	Cerebelum_7b_L	Cerebelum_7b_R	Cerebelum_8_L	Cerebelum_8_R	Cerebelum_9_L	Cerebelum_9_R	Cerebelum_10_L	Cerebelum_10_R	Vermis_1_2	Vermis_3	Vermis_4_5	Vermis_6	Vermis_7	Vermis_8	Vermis_9	Vermis_10	
476284	Precentral_L	0	800	21550	3470	0	0	32152	306	0	0	20518	324	5592	0	730	0	15600	154	8982	14018	0	0	264	404	0	272	0	0	12084	274	750	540	1636	4132	5992	3178	5532	258	2630	0	0	0	418	0	324	0	124	148	0	0	2134	0	830	0	1608	0	23268	0	952	0	2910	0	1770	0	532	0	2092	648	13888	1402	2532	1008	1874	424	868	0	5254	2194	1554	0	5860	0	0	0	326	0	0	0	1058	0	0	0	0	0	0	0	0	0	0	0	0	0	0	0	0	0	0	0	0	0	0	0	0	0	0	0	
164392	Precentral_R	800	0	266	3974	0	0	124	11276	0	0	0	9928	0	294	0	0	0	1068	0	2402	0	0	0	706	0	496	0	0	0	5270	0	1086	0	926	560	746	0	3924	0	488	0	0	0	172	0	850	0	0	0	1284	0	992	0	436	0	1614	0	13444	0	974	0	752	0	2396	0	0	0	2766	178	2610	146	3450	0	2874	0	238	0	530	0	394	0	564	0	0	0	418	0	0	0	780	0	0	0	0	0	0	0	0	0	0	0	0	0	0	0	0	0	0	0	0	0	0	0	0	0	0	
1.21829e+06	Frontal_Sup_L	21550	266	0	24442	13468	0	78178	742	3762	0	20030	156	15994	0	13828	144	15834	226	75218	41204	672	0	42694	11210	2726	1062	484	0	43630	562	26790	13182	8166	12322	694	302	10418	0	544	0	0	0	0	0	0	0	142	0	0	0	314	0	1232	0	5748	0	1330	0	150	0	462	0	284	0	158	0	0	0	1814	0	22394	1740	30422	1004	11018	0	12490	890	912	0	7366	0	2812	0	188	0	0	0	5774	0	0	0	0	0	0	0	0	0	0	0	0	0	0	0	0	0	0	0	0	0	0	0	0	0	0	0	
1.03303e+06	Frontal_Sup_R	3470	3974	24442	0	634	3344	1720	37068	0	3876	1738	12094	574	8036	738	10250	1246	5990	20880	118214	280	288	8746	41652	0	11588	0	0	3248	14532	5608	47928	1658	21476	1440	1482	1398	5938	506	1192	0	138	0	132	0	452	0	360	0	544	0	440	0	0	0	474	0	888	0	0	0	0	0	0	0	0	0	632	772	340	7548	31446	1690	24236	482	2014	542	14950	0	0	526	0	534	0	0	0	0	0	0	128	0	0	0	0	0	0	0	0	0	0	0	0	0	0	0	0	0	0	0	0	0	0	0	0	0	0	
238748	Frontal_Sup_Orb_L	0	0	13468	634	0	0	1642	0	17666	0	172	0	1136	0	20928	0	0	0	1096	1418	8092	0	5106	290	6610	566	9690	0	15944	0	4568	174	0	0	0	0	876	0	0	0	462	0	0	0	0	0	0	0	0	0	0	0	0	0	522	0	0	0	0	0	0	0	0	0	0	0	0	0	0	0	644	0	6044	0	120	0	0	0	0	0	182	0	888	0	0	0	0	0	436	0	0	0	0	0	0	0	0	0	0	0	0	0	0	0	0	0	0	0	0	0	0	0	0	0	0	0	
113840	Frontal_Sup_Orb_R	0	0	0	3344	0	0	0	906	0	5602	0	0	0	152	0	4900	0	0	0	324	0	3792	518	3880	124	9544	0	10326	0	1958	456	3054	0	0	0	0	0	0	0	0	0	538	0	0	0	0	0	0	0	0	0	0	0	0	0	0	0	0	0	0	0	0	0	0	0	0	0	0	0	0	0	1158	0	6164	0	0	0	0	0	0	0	0	0	180	0	0	0	0	0	0	0	0	0	0	0	0	0	0	0	0	0	0	0	0	0	0	0	0	0	0	0	0	0	0	0	0	
562012	Frontal_Mid_L	32152	124	78178	1720	1642	0	0	384	3296	0	13892	0	34402	0	14790	0	8304	122	13886	2018	0	0	12608	2910	0	120	0	0	13148	0	7286	2696	1732	3234	284	332	4332	0	426	0	0	0	0	0	0	0	0	0	0	0	0	0	614	0	1764	0	5654	0	136	0	822	0	342	0	0	0	0	0	0	0	2268	226	1420	126	376	0	6100	704	1076	0	3262	0	284	0	0	0	0	0	1814	0	0	0	0	0	0	0	0	0	0	0	0	0	0	0	0	0	0	0	0	0	0	0	0	0	0	0	
289772	Frontal_Mid_R	306	11276	742	37068	0	906	384	0	0	4904	0	15540	168	14912	166	8086	0	468	586	4498	0	0	1160	5620	0	508	0	0	0	8986	204	4722	180	2844	0	0	0	2020	0	530	0	0	0	226	0	1084	0	0	0	1178	0	1106	0	0	0	748	0	1048	0	0	0	0	0	0	0	0	0	1554	0	324	0	4070	0	5016	0	704	0	190	0	0	0	298	0	0	0	222	0	0	0	334	0	0	0	0	0	0	0	0	0	0	0	0	0	0	0	0	0	0	0	0	0	0	0	0	0	0	
129236	Frontal_Mid_Orb_L	0	0	3762	0	17666	0	3296	0	0	0	0	0	2600	0	20284	0	0	0	120	120	3126	0	0	0	408	0	4724	0	7144	0	0	0	0	0	0	0	0	0	0	0	0	0	0	0	0	0	0	0	0	0	0	0	0	0	0	0	0	0	0	0	0	0	0	0	0	0	0	0	0	0	0	0	648	0	0	0	0	0	0	0	0	0	720	0	0	0	0	0	0	0	0	0	0	0	0	0	0	0	0	0	0	0	0	0	0	0	0	0	0	0	0	0	0	0	0	0	
62864	Frontal_Mid_Orb_R	0	0	0	3876	0	5602	0	4904	0	0	0	0	0	990	0	10176	0	0	0	874	0	472	0	150	0	224	0	952	0	692	164	650	0	606	0	0	0	0	0	0	0	150	0	0	0	0	0	0	0	0	0	0	0	0	0	0	0	0	0	0	0	0	0	0	0	0	0	0	0	0	0	188	0	762	0	0	0	0	0	0	0	0	0	0	0	0	0	0	0	0	0	0	0	0	0	0	0	0	0	0	0	0	0	0	0	0	0	0	0	0	0	0	0	0	0	0	
347856	Frontal_Inf_Oper_L	20518	0	20030	1738	172	0	13892	0	0	0	0	0	19392	0	3536	0	20584	0	5740	6934	0	0	896	0	0	0	0	0	24960	0	1912	258	424	206	0	0	1300	0	0	0	0	0	0	0	0	0	0	0	0	0	746	0	252	0	730	0	6638	0	666	0	3008	0	1908	0	326	0	372	0	0	0	1084	0	2392	0	366	0	0	0	242	0	7990	0	3992	0	0	0	0	0	724	0	0	0	0	0	0	0	0	0	0	0	0	0	0	0	0	0	0	0	0	0	0	0	0	0	0	0	
211768	Frontal_Inf_Oper_R	324	9928	156	12094	0	0	0	15540	0	0	0	0	0	14096	0	480	0	3028	0	8850	0	0	0	422	0	0	0	0	0	22662	0	996	0	140	0	0	0	3398	0	1186	0	0	0	0	0	0	0	0	0	208	0	206	0	122	0	1348	0	1534	0	178	0	0	0	0	0	0	0	470	0	184	0	770	0	5876	0	180	0	0	0	172	0	456	0	136	0	234	0	0	0	510	0	0	0	0	0	0	0	0	0	0	0	0	0	0	0	0	0	0	0	0	0	0	0	0	0	0	
300488	Frontal_Inf_Tri_L	5592	0	15994	574	1136	0	34402	168	2600	0	19392	0	0	0	29766	0	2870	0	2356	578	0	0	4122	1032	0	0	0	0	18666	0	1146	346	662	876	0	0	918	0	0	0	0	0	0	0	0	0	0	0	0	0	0	0	224	0	570	0	1248	0	0	0	156	0	0	0	0	0	0	0	0	0	0	0	446	0	0	0	0	0	150	0	1604	0	2074	0	0	0	0	0	576	0	0	0	0	0	0	0	0	0	0	0	0	0	0	0	0	0	0	0	0	0	0	0	0	0	0	0	
129740	Frontal_Inf_Tri_R	0	294	0	8036	0	152	0	14912	0	990	0	14096	0	0	0	4318	0	0	0	3822	0	0	0	448	0	0	0	0	0	13052	0	656	0	0	0	0	0	306	0	220	0	0	0	0	0	0	0	0	0	0	0	0	0	0	0	132	0	0	0	0	0	0	0	0	0	0	0	0	0	0	0	844	0	2592	0	0	0	0	0	0	0	0	0	0	0	0	0	0	0	0	0	0	0	0	0	0	0	0	0	0	0	0	0	0	0	0	0	0	0	0	0	0	0	0	0	0	
313316	Frontal_Inf_Orb_L	730	0	13828	738	20928	0	14790	166	20284	0	3536	0	29766	0	0	0	772	0	1914	932	4224	0	3766	944	0	0	2440	0	24330	0	1086	264	576	808	0	0	1384	0	136	0	828	0	0	0	0	0	0	0	0	0	0	0	0	0	738	0	224	0	0	0	0	0	0	0	0	0	0	0	0	0	376	0	2606	0	0	0	0	0	0	0	798	0	2132	0	0	0	0	0	614	0	0	0	0	0	0	0	0	0	0	0	0	0	0	0	0	0	0	0	0	0	0	0	0	0	0	0	
140972	Frontal_Inf_Orb_R	0	0	144	10250	0	4900	0	8086	0	10176	0	480	0	4318	0	0	0	0	696	3372	0	1828	162	1044	0	242	0	1278	0	9216	350	1536	0	1634	0	0	0	2054	0	952	0	1186	0	0	0	0	0	0	0	0	0	0	0	0	0	276	0	0	0	0	0	0	0	0	0	0	0	154	0	0	0	1388	0	4022	0	280	0	0	0	0	0	0	0	462	0	0	0	0	0	0	0	0	0	0	0	0	0	0	0	0	0	0	0	0	0	0	0	0	0	0	0	0	0	0	0	0	
393200	Rolandic_Oper_L	15600	0	15834	1246	0	0	8304	0	0	0	20584	0	2870	0	772	0	0	0	3486	5214	0	0	1052	0	0	0	0	0	32676	0	1940	236	1044	194	0	136	1736	0	424	0	0	0	0	0	0	0	0	0	0	0	7606	0	1474	0	1170	0	12890	0	5612	0	4468	0	6866	0	1682	0	4476	0	0	0	1014	0	1208	0	490	0	514	0	7564	0	17924	0	1942	0	2022	0	0	0	4330	0	0	0	0	0	0	0	0	0	0	0	0	0	0	0	0	0	0	0	0	0	0	0	0	0	0	0	
68132	Rolandic_Oper_R	154	1068	226	5990	0	0	122	468	0	0	0	3028	0	0	0	0	0	0	0	4548	0	0	274	520	0	0	0	0	0	7322	0	346	0	488	0	0	0	312	0	0	0	0	0	0	0	0	0	0	0	164	0	122	0	0	0	0	0	2102	0	0	0	0	0	1772	0	0	0	640	0	190	0	0	0	962	0	0	0	0	0	1420	0	1828	0	0	0	0	0	0	0	0	0	0	0	0	0	0	0	0	0	0	0	0	0	0	0	0	0	0	0	0	0	0	0	0	0	0	
624260	Supp_Motor_Area_L	8982	0	75218	20880	1096	0	13886	586	120	0	5740	0	2356	0	1914	696	3486	0	0	47362	138	0	9786	3412	264	410	156	0	8690	366	10836	8820	14466	20614	1638	338	2486	0	0	0	0	0	0	0	0	0	0	0	0	0	0	0	184	0	1390	0	598	0	0	0	218	0	144	0	0	0	0	364	4110	0	11876	1188	13502	736	5950	0	3118	296	0	0	1758	0	462	0	140	0	0	0	1354	0	0	0	0	0	0	0	0	0	0	0	0	0	0	0	0	0	0	0	0	0	0	0	0	0	0	0	
1.10352e+06	Supp_Motor_Area_R	14018	2402	41204	118214	1418	324	2018	4498	120	874	6934	8850	578	3822	932	3372	5214	4548	47362	0	386	310	4064	14634	0	4156	0	0	11410	10318	5322	29852	6836	51198	6916	11110	2418	5668	592	1192	0	148	538	260	442	714	0	982	0	880	0	454	0	0	350	456	224	164	0	0	0	0	0	0	0	0	1066	6528	11520	13412	8666	26656	2812	15238	976	1476	2144	17842	0	0	2494	184	1698	0	0	0	0	0	354	0	0	0	0	0	0	0	0	0	0	0	0	0	0	0	0	0	0	0	0	0	0	0	0	0	0	0	
134288	Olfactory_L	0	0	672	280	8092	0	0	0	3126	0	0	0	0	0	4224	0	0	0	138	386	0	4526	468	0	2300	0	9930	1436	2526	0	6226	1360	0	0	0	0	458	0	396	0	1046	0	0	0	0	0	0	0	0	0	0	0	0	0	172	0	0	0	0	0	0	0	0	0	0	0	0	0	0	0	8236	4222	5330	950	164	0	0	0	0	0	0	0	294	0	0	0	186	0	0	0	0	0	0	0	0	0	0	0	0	0	0	0	0	0	0	0	0	0	0	0	0	0	0	0	0	0	
88836	Olfactory_R	0	0	0	288	0	3792	0	0	0	472	0	0	0	0	0	1828	0	0	0	310	4526	0	0	0	164	1728	920	6432	0	2330	1402	1956	0	0	0	0	0	336	0	300	0	1302	0	0	0	0	0	0	0	0	0	0	0	0	0	0	0	0	0	0	0	0	0	0	0	0	0	0	0	0	5764	6068	2260	2074	0	0	0	0	0	0	0	0	0	166	0	0	0	0	0	0	0	0	0	0	0	0	0	0	0	0	0	0	0	0	0	0	0	0	0	0	0	0	0	0	0	0	
424052	Frontal_Sup_Medial_L	264	0	42694	8746	5106	518	12608	1160	0	0	896	0	4122	0	3766	162	1052	274	9786	4064	468	0	0	24984	5720	1908	836	0	2110	134	30720	19534	8090	16226	0	0	184	0	0	0	0	0	0	0	0	0	0	0	0	0	0	0	0	0	0	0	0	0	0	0	0	0	0	0	0	0	0	0	0	0	2152	282	2678	276	0	0	0	0	0	0	506	0	0	0	0	0	0	0	0	0	0	0	0	0	0	0	0	0	0	0	0	0	0	0	0	0	0	0	0	0	0	0	0	0	0	0	
438344	Frontal_Sup_Medial_R	404	706	11210	41652	290	3880	2910	5620	0	150	0	422	1032	448	944	1044	0	520	3412	14634	0	0	24984	0	458	15032	0	178	330	742	6738	36474	1024	15948	0	0	0	0	0	0	0	0	0	0	0	0	0	0	0	0	0	0	0	0	0	0	0	500	0	0	0	0	0	0	0	0	0	0	0	0	160	12698	128	13958	0	406	0	136	0	0	0	0	0	0	0	0	0	0	0	0	0	0	0	0	0	0	0	0	0	0	0	0	0	0	0	0	0	0	0	0	0	0	0	0	0	0	
71396	Frontal_Med_Orb_L	0	0	2726	0	6610	124	0	0	408	0	0	0	0	0	0	0	0	0	264	0	2300	164	5720	458	0	1610	4204	410	0	0	7048	722	0	0	0	0	0	0	0	0	0	0	0	0	0	0	0	0	0	0	0	0	0	0	0	0	0	0	0	0	0	0	0	0	0	0	0	0	0	0	826	0	2104	0	0	0	0	0	0	0	0	0	0	0	0	0	0	0	0	0	0	0	0	0	0	0	0	0	0	0	0	0	0	0	0	0	0	0	0	0	0	0	0	0	0	0	
209892	Frontal_Med_Orb_R	272	496	1062	11588	566	9544	120	508	0	224	0	0	0	0	0	242	0	0	410	4156	0	1728	1908	15032	1610	0	858	8124	0	0	2282	16700	0	230	0	0	0	0	0	0	0	0	0	0	0	0	0	0	0	0	0	0	0	0	0	0	0	354	0	0	0	0	0	0	0	0	0	0	0	0	182	11570	256	14804	0	120	0	0	0	0	0	0	0	0	0	0	0	0	0	0	0	0	0	0	0	0	0	0	0	0	0	0	0	0	0	0	0	0	0	0	0	0	0	0	0	0	
92660	Rectus_L	0	0	484	0	9690	0	0	0	4724	0	0	0	0	0	2440	0	0	0	156	0	9930	920	836	0	4204	858	0	1084	766	0	4892	882	0	0	0	0	0	0	0	0	0	0	0	0	0	0	0	0	0	0	0	0	0	0	0	0	0	0	0	0	0	0	0	0	0	0	0	0	0	0	2176	572	1716	0	0	0	0	0	0	0	0	0	0	0	0	0	0	0	0	0	0	0	0	0	0	0	0	0	0	0	0	0	0	0	0	0	0	0	0	0	0	0	0	0	0	0	
86580	Rectus_R	0	0	0	0	0	10326	0	0	0	952	0	0	0	0	0	1278	0	0	0	0	1436	6432	0	178	410	8124	1084	0	0	1058	734	3124	0	0	0	0	0	0	0	0	0	558	0	0	0	0	0	0	0	0	0	0	0	0	0	0	0	0	0	0	0	0	0	0	0	0	0	0	0	0	1364	2594	282	3202	0	0	0	0	0	0	0	0	0	154	0	0	0	0	0	0	0	0	0	0	0	0	0	0	0	0	0	0	0	0	0	0	0	0	0	0	0	0	0	0	0	0	
807016	Insula_L	12084	0	43630	3248	15944	0	13148	0	7144	0	24960	0	18666	0	24330	0	32676	0	8690	11410	2526	0	2110	330	0	0	766	0	0	0	2374	366	1136	436	292	198	23500	0	2378	0	1452	0	330	0	0	0	266	0	0	0	8604	0	6856	0	17480	0	7020	0	5428	0	9084	0	7610	0	3058	0	2656	0	0	0	3724	174	14990	124	902	0	602	150	11250	0	19932	0	7356	0	3248	0	0	0	18674	0	0	0	0	0	0	0	0	0	196	0	0	0	0	0	0	0	0	0	0	0	0	0	0	0	0	0	
342740	Insula_R	274	5270	562	14532	0	1958	0	8986	0	692	0	22662	0	13052	0	9216	0	7322	366	10318	0	2330	134	742	0	0	0	1058	0	0	0	1052	0	320	0	0	0	12662	0	5368	0	2866	0	0	0	130	0	0	0	872	0	642	0	0	0	6686	0	1686	0	1356	0	0	0	406	0	0	0	2380	0	950	0	1360	0	20594	0	264	0	186	0	1332	0	4754	0	1642	0	1490	0	0	0	2898	0	0	0	0	0	0	0	0	0	0	0	0	0	0	0	0	0	0	0	0	0	0	0	0	0	0	
439772	Cingulum_Ant_L	750	0	26790	5608	4568	456	7286	204	0	164	1912	0	1146	0	1086	350	1940	0	10836	5322	6226	1402	30720	6738	7048	2282	4892	734	2374	0	0	28628	14256	14306	232	0	328	0	0	0	0	0	0	0	0	0	0	0	0	0	0	0	0	0	134	0	0	0	0	0	0	0	0	0	0	0	0	0	0	0	13494	2706	11818	1574	604	0	0	0	0	0	830	0	0	0	0	0	0	0	142	0	0	0	0	0	0	0	0	0	0	0	0	0	0	0	0	0	0	0	0	0	0	0	0	0	0	0	
629272	Cingulum_Ant_R	540	1086	13182	47928	174	3054	2696	4722	0	650	258	996	346	656	264	1536	236	346	8820	29852	1360	1956	19534	36474	722	16700	882	3124	366	1052	28628	0	7792	29842	0	0	0	0	0	0	0	0	0	0	0	150	0	0	0	220	0	348	0	0	0	0	0	698	0	0	0	0	0	0	0	0	0	280	0	0	2536	22554	1348	19796	0	636	0	296	0	0	0	0	0	0	0	0	0	0	0	0	0	0	0	0	0	0	0	0	0	0	0	0	0	0	0	0	0	0	0	0	0	0	0	0	0	0	
237228	Cingulum_Mid_L	1636	0	8166	1658	0	0	1732	180	0	0	424	0	662	0	576	0	1044	0	14466	6836	0	0	8090	1024	0	0	0	0	1136	0	14256	7792	0	19036	4638	166	428	0	128	0	0	0	460	0	936	0	0	0	246	0	3096	0	214	0	126	0	1650	0	868	0	902	0	144	0	0	0	6054	1044	5412	304	562	0	336	0	294	0	672	0	230	0	492	0	0	0	0	0	0	0	498	0	0	0	0	0	0	0	0	0	0	0	0	0	0	0	0	0	0	0	0	0	0	0	0	0	0	0	
561960	Cingulum_Mid_R	4132	926	12322	21476	0	0	3234	2844	0	606	206	140	876	0	808	1634	194	488	20614	51198	0	0	16226	15948	0	230	0	0	436	320	14306	29842	19036	0	6668	11342	358	184	0	0	0	0	0	670	0	2838	0	900	0	1774	0	1094	0	0	0	0	0	620	0	122	0	0	0	132	0	0	1560	12362	4462	11184	868	1632	176	514	224	142	710	2280	0	0	122	0	0	0	0	0	0	0	0	0	0	0	0	0	0	0	0	0	0	0	0	0	0	0	0	0	0	0	0	0	0	0	0	0	0	0	
178144	Cingulum_Post_L	5992	560	694	1440	0	0	284	0	0	0	0	0	0	0	0	0	0	0	1638	6916	0	0	0	0	0	0	0	0	292	0	232	0	4638	6668	0	12504	5690	3562	2606	554	0	0	3078	0	582	126	2214	0	584	0	530	0	474	0	426	146	1370	0	0	0	0	0	0	0	0	0	7854	1888	7182	566	174	322	186	448	300	214	1602	4536	0	0	0	0	0	0	0	0	0	0	0	0	0	0	0	0	0	0	0	0	0	0	0	0	0	0	0	0	0	0	0	0	0	0	0	0	0	0	
177628	Cingulum_Post_R	3178	746	302	1482	0	0	332	0	0	0	0	0	0	0	0	0	136	0	338	11110	0	0	0	0	0	0	0	0	198	0	0	0	166	11342	12504	0	4300	5686	1258	1218	0	0	0	1072	0	142	130	4114	0	0	0	0	0	0	0	504	384	0	0	0	0	0	0	0	0	0	1702	10160	2618	4076	220	828	0	476	218	220	2032	4992	0	0	0	0	0	0	0	0	0	0	0	0	0	0	0	0	0	0	0	0	0	0	0	0	0	0	0	0	0	0	0	0	630	0	0	0	0	0	
346908	Hippocampus_L	5532	0	10418	1398	876	0	4332	0	0	0	1300	0	918	0	1384	0	1736	0	2486	2418	458	0	184	0	0	0	0	0	23500	0	328	0	428	358	5690	4300	0	3566	9176	780	5502	0	1444	0	0	0	2610	0	0	0	690	0	2418	0	18150	224	2720	0	314	0	1004	0	378	0	330	0	2888	500	570	0	2830	0	10760	440	540	200	5410	4380	2484	0	5182	0	1806	0	1522	0	204	0	16254	0	0	0	0	0	0	0	0	0	134	0	0	0	0	0	0	0	0	0	0	0	0	0	0	0	0	0	
301020	Hippocampus_R	258	3924	0	5938	0	0	0	2020	0	0	0	3398	0	306	0	2054	0	312	0	5668	0	336	0	0	0	0	0	0	0	12662	0	0	0	184	3562	5686	3566	0	1242	23252	0	8202	0	818	0	272	154	2910	0	348	0	172	0	304	0	23470	0	130	0	0	0	0	0	0	0	0	524	5080	0	670	0	806	0	14528	0	952	732	5702	0	0	0	1360	0	2394	0	848	0	1062	0	4200	0	0	0	0	0	0	0	0	0	0	0	0	0	0	0	0	0	0	0	0	504	0	0	0	0	0	
106072	ParaHippocampal_L	2630	0	544	506	0	0	426	0	0	0	0	0	0	0	136	0	424	0	0	592	396	0	0	0	0	0	0	0	2378	0	0	0	128	0	2606	1258	9176	1242	0	288	1218	0	1104	0	0	0	4522	0	0	0	1886	0	2326	0	8294	0	808	0	224	0	156	0	0	0	158	0	2096	212	492	0	184	0	482	124	0	0	610	1328	592	0	434	0	692	0	444	0	554	0	1028	0	0	0	0	0	0	0	338	0	0	0	0	0	0	0	0	0	0	0	0	0	0	0	0	0	0	0	
170188	ParaHippocampal_R	0	488	0	1192	0	0	0	530	0	0	0	1186	0	220	0	952	0	0	0	1192	0	300	0	0	0	0	0	0	0	5368	0	0	0	0	554	1218	780	23252	288	0	0	3546	0	952	0	0	0	3766	0	0	0	760	0	558	0	19196	0	0	0	0	0	0	0	0	0	0	404	1852	0	0	0	394	0	8920	0	194	0	1796	0	0	0	588	0	890	0	652	0	576	0	1922	0	0	0	0	0	0	0	460	0	0	0	0	0	0	0	0	0	0	0	0	148	0	0	0	0	0	
36940	Amygdala_L	0	0	0	0	462	0	0	0	0	0	0	0	0	0	828	0	0	0	0	0	1046	0	0	0	0	0	0	0	1452	0	0	0	0	0	0	0	5502	0	1218	0	0	0	0	0	0	0	0	0	0	0	0	0	0	0	2670	0	0	0	0	0	0	0	0	0	0	0	0	0	0	0	0	0	1310	0	0	0	0	0	0	0	0	0	1426	0	144	0	572	0	1840	0	0	0	0	0	0	0	0	0	0	0	0	0	0	0	0	0	0	0	0	0	0	0	0	0	0	0	
56176	Amygdala_R	0	0	0	138	0	538	0	0	0	150	0	0	0	0	0	1186	0	0	0	148	0	1302	0	0	0	0	0	558	0	2866	0	0	0	0	0	0	0	8202	0	3546	0	0	0	0	0	0	0	0	0	0	0	0	0	0	0	4574	0	0	0	0	0	0	0	0	0	0	0	0	0	0	0	0	0	1154	0	0	0	0	0	0	0	0	0	2140	0	0	0	960	0	626	0	0	0	0	0	0	0	0	0	0	0	0	0	0	0	0	0	0	0	0	0	0	0	0	0	0	
141020	Calcarine_L	418	0	0	0	0	0	0	0	0	0	0	0	0	0	0	0	0	0	0	538	0	0	0	0	0	0	0	0	330	0	0	0	460	0	3078	0	1444	0	1104	0	0	0	0	6538	6820	4050	8842	1894	6168	3300	9078	466	2974	0	976	186	380	0	0	150	0	0	0	0	0	0	9596	184	1100	0	0	0	0	0	0	0	0	0	148	0	0	0	0	0	166	0	0	0	122	0	0	0	0	0	0	0	0	0	0	0	0	0	0	0	0	0	0	0	0	0	0	0	0	0	0	0	
276296	Calcarine_R	0	172	0	132	0	0	0	226	0	0	0	0	0	0	0	0	0	0	0	260	0	0	0	0	0	0	0	0	0	0	0	0	0	670	0	1072	0	818	0	952	0	0	6538	0	5770	22422	438	20432	532	20694	0	18736	0	4270	0	6966	0	428	0	694	0	0	0	0	0	0	220	13426	0	964	0	266	0	352	0	210	0	0	0	0	0	0	0	0	0	6120	0	0	0	3922	0	0	0	0	0	0	0	0	0	164	0	0	0	0	0	0	0	0	0	0	282	0	0	0	0	0	
98364	Cuneus_L	324	0	0	0	0	0	0	0	0	0	0	0	0	0	0	0	0	0	0	442	0	0	0	0	0	0	0	0	0	0	0	0	936	0	582	0	0	0	0	0	0	0	6820	5770	0	6234	1024	398	10786	3076	2784	314	556	0	0	132	344	0	1232	206	0	0	0	0	0	0	5728	818	676	0	0	0	0	0	0	0	0	0	0	0	0	0	0	0	0	0	0	0	0	0	0	0	0	0	0	0	0	0	0	0	0	0	0	0	0	0	0	0	0	0	0	0	0	0	0	0	
264004	Cuneus_R	0	850	0	452	0	0	0	1084	0	0	0	0	0	0	0	0	0	0	0	714	0	0	0	0	0	0	0	0	0	130	0	150	0	2838	126	142	0	272	0	0	0	0	4050	22422	6234	0	0	1998	632	33054	0	10484	0	1558	0	2232	0	1882	0	3250	0	164	0	0	0	132	3220	27144	0	3098	0	664	0	820	0	572	0	0	0	0	0	0	0	0	0	946	0	0	0	688	0	0	0	0	0	0	0	0	0	0	0	0	0	0	0	0	0	0	0	0	0	0	0	0	0	0	
194796	Lingual_L	124	0	142	0	0	0	0	0	0	0	0	0	0	0	0	0	0	0	0	0	0	0	0	0	0	0	0	0	266	0	0	0	0	0	2214	130	2610	154	4522	0	0	0	8842	438	1024	0	0	536	4420	0	14398	0	6532	0	11506	0	0	0	0	0	0	0	0	0	0	0	5548	0	0	0	0	0	0	0	0	0	440	122	162	0	198	0	0	0	0	0	0	0	142	0	5844	0	1296	0	240	0	11112	0	11054	0	158	0	248	0	804	0	0	0	0	0	1728	444	0	0	0	0	
210248	Lingual_R	148	0	0	360	0	0	0	0	0	0	0	0	0	0	0	0	0	0	0	982	0	0	0	0	0	0	0	0	0	0	0	0	0	900	0	4114	0	2910	0	3766	0	0	1894	20432	398	1998	536	0	0	3150	0	9222	0	4140	0	13028	0	0	0	0	0	0	0	0	0	0	134	9638	0	620	0	238	0	0	0	0	0	496	0	0	0	0	0	0	0	1778	0	0	0	1638	844	3568	450	456	0	172	136	2258	946	5234	0	0	212	124	0	0	0	0	0	0	2666	3898	1470	170	0	0	
109064	Occipital_Sup_L	0	0	0	0	0	0	0	0	0	0	0	0	0	0	0	0	0	0	0	0	0	0	0	0	0	0	0	0	0	0	0	0	246	0	584	0	0	0	0	0	0	0	6168	532	10786	632	4420	0	0	316	18578	0	2308	0	306	0	208	0	2352	0	496	0	0	0	356	0	6244	0	0	0	0	0	0	0	0	0	0	0	0	0	0	0	0	0	0	0	0	0	0	0	0	0	0	0	0	0	0	0	0	0	0	0	0	0	0	0	0	0	0	0	0	0	0	0	0	0	
300056	Occipital_Sup_R	0	1284	0	544	0	0	0	1178	0	0	0	208	0	0	0	0	0	164	0	880	0	0	0	0	0	0	0	0	0	872	0	220	0	1774	0	0	0	348	0	0	0	0	3300	20694	3076	33054	0	3150	316	0	0	24518	0	2056	0	3216	0	2670	0	8706	0	1768	0	552	0	4310	296	20182	0	4506	0	734	0	862	0	536	0	0	0	394	0	818	0	0	0	1328	0	0	0	1514	0	0	0	0	0	0	0	0	0	0	0	0	0	0	0	0	0	0	0	0	0	0	0	0	0	0	
513488	Occipital_Mid_L	2134	0	314	0	0	0	0	0	0	0	746	0	0	0	0	0	7606	0	0	0	0	0	0	0	0	0	0	0	8604	0	0	0	3096	0	530	0	690	0	1886	0	0	0	9078	0	2784	0	14398	0	18578	0	0	0	27226	0	8962	0	9996	0	16930	0	23518	0	5046	0	28174	0	23590	0	296	0	438	0	0	0	0	0	0	0	4340	0	3372	0	0	0	18598	0	0	0	15650	0	0	0	0	0	0	0	0	0	164	0	0	0	0	0	0	0	0	0	0	0	0	0	0	0	0	0	
289940	Occipital_Mid_R	0	992	0	440	0	0	0	1106	0	0	0	206	0	0	0	0	0	122	0	454	0	0	0	0	0	0	0	0	0	642	0	348	0	1094	0	0	0	172	0	760	0	0	466	18736	314	10484	0	9222	0	24518	0	0	0	6836	0	7344	0	1850	0	4668	0	7724	0	1618	0	15804	0	9242	0	2012	0	238	0	242	0	0	0	0	0	264	0	958	0	0	0	11756	0	0	0	4338	0	0	0	0	0	0	0	0	0	0	0	0	0	0	0	0	0	0	0	0	0	0	0	0	0	0	
203500	Occipital_Inf_L	830	0	1232	0	0	0	614	0	0	0	252	0	224	0	0	0	1474	0	184	0	0	0	0	0	0	0	0	0	6856	0	0	0	214	0	474	0	2418	0	2326	0	0	0	2974	0	556	0	6532	0	2308	0	27226	0	0	0	12574	0	928	0	984	0	2910	0	2276	0	4154	0	2590	0	0	0	518	0	274	0	0	0	0	0	2438	0	1564	0	162	0	3230	0	0	0	10454	0	0	0	0	0	0	0	0	0	0	0	0	0	0	0	0	0	0	0	0	0	0	0	0	0	0	0	
70336	Occipital_Inf_R	0	436	0	0	0	0	0	0	0	0	0	122	0	0	0	0	0	0	0	0	0	0	0	0	0	0	0	0	0	0	0	0	0	0	0	0	0	304	0	558	0	0	0	4270	0	1558	0	4140	0	2056	0	6836	0	0	0	9442	0	238	0	0	0	0	0	0	0	0	0	1118	0	0	0	0	0	0	0	0	0	0	0	0	0	0	0	0	0	1536	0	0	0	2554	0	0	0	0	0	0	0	0	0	0	0	0	0	0	0	0	0	0	0	0	0	0	0	0	0	0	
411892	Fusiform_L	1608	0	5748	0	522	0	1764	0	0	0	730	0	570	0	738	0	1170	0	1390	350	172	0	0	0	0	0	0	0	17480	0	134	0	126	0	426	0	18150	0	8294	0	2670	0	976	0	0	0	11506	0	306	0	8962	0	12574	0	0	0	512	0	504	0	1158	0	374	0	1120	0	1570	0	0	0	518	0	4974	0	136	0	124	0	3752	0	7604	0	1906	0	4938	0	444	0	28482	0	14702	0	4572	0	124	0	6010	0	17456	0	2602	0	2788	0	1194	0	894	0	0	0	232	652	238	0	0	0	
329580	Fusiform_R	0	1614	0	474	0	0	0	748	0	0	0	1348	0	132	0	276	0	0	0	456	0	0	0	0	0	0	0	0	0	6686	0	0	0	0	146	504	224	23470	0	19196	0	4574	186	6966	132	2232	0	13028	0	3216	0	7344	0	9442	0	0	0	312	0	0	0	0	0	0	0	0	136	2738	0	354	0	228	0	6368	0	0	0	560	0	140	0	2204	0	2028	0	3824	0	1652	0	12178	0	9030	0	762	0	0	0	3614	0	10840	0	616	0	790	0	0	0	0	0	0	1772	1576	674	0	0	0	
286492	Postcentral_L	23268	0	1330	0	0	0	5654	0	0	0	6638	0	1248	0	224	0	12890	0	598	224	0	0	0	0	0	0	0	0	7020	0	0	0	1650	0	1370	384	2720	0	808	0	0	0	380	0	344	0	0	0	208	0	9996	0	928	0	512	0	0	0	10402	0	20634	0	10072	0	2414	0	6364	0	2346	0	868	0	190	0	0	0	838	122	2870	0	6166	0	0	0	1136	0	0	0	430	0	0	0	0	0	0	0	0	0	0	0	0	0	0	0	0	0	0	0	0	0	0	0	0	0	0	0	
137928	Postcentral_R	0	13444	0	888	0	0	0	1048	0	0	0	1534	0	0	0	0	0	2102	0	164	0	0	0	500	0	354	0	0	0	1686	0	698	0	620	0	0	0	130	0	0	0	0	0	428	0	1882	0	0	0	2670	0	1850	0	238	0	312	0	0	0	8174	0	6614	0	10518	0	318	0	5450	0	4600	0	1034	0	648	0	0	0	0	0	478	0	306	0	0	0	276	0	0	0	0	0	0	0	0	0	0	0	0	0	0	0	0	0	0	0	0	0	0	0	0	0	0	0	0	0	0	
184424	Parietal_Sup_L	952	0	150	0	0	0	136	0	0	0	666	0	0	0	0	0	5612	0	0	0	0	0	0	0	0	0	0	0	5428	0	0	0	868	0	0	0	314	0	224	0	0	0	0	0	1232	0	0	0	2352	0	16930	0	984	0	504	0	10402	0	0	0	13596	0	1848	0	7044	0	16010	0	0	0	172	0	0	0	0	0	0	0	2272	0	1338	0	0	0	542	0	0	0	2636	0	0	0	0	0	0	0	0	0	0	0	0	0	0	0	0	0	0	0	0	0	0	0	0	0	0	0	
107892	Parietal_Sup_R	0	974	0	0	0	0	0	0	0	0	0	178	0	0	0	0	0	0	0	0	0	0	0	0	0	0	0	0	0	1356	0	0	0	122	0	0	0	0	0	0	0	0	150	694	206	3250	0	0	0	8706	0	4668	0	0	0	0	0	8174	0	0	0	6786	0	3488	0	5468	732	7854	0	1000	0	0	0	0	0	0	0	0	0	0	0	0	0	0	0	140	0	0	0	0	0	0	0	0	0	0	0	0	0	0	0	0	0	0	0	0	0	0	0	0	0	0	0	0	0	0	
280120	Parietal_Inf_L	2910	0	462	0	0	0	822	0	0	0	3008	0	156	0	0	0	4468	0	218	0	0	0	0	0	0	0	0	0	9084	0	0	0	902	0	0	0	1004	0	156	0	0	0	0	0	0	0	0	0	496	0	23518	0	2910	0	1158	0	20634	0	13596	0	0	0	15648	0	19282	0	4604	0	0	0	0	0	0	0	0	0	0	0	1732	0	1718	0	0	0	5236	0	0	0	6338	0	0	0	0	0	0	0	0	0	0	0	0	0	0	0	0	0	0	0	0	0	0	0	0	0	0	0	
95308	Parietal_Inf_R	0	752	0	0	0	0	0	0	0	0	0	0	0	0	0	0	0	0	0	0	0	0	0	0	0	0	0	0	0	0	0	0	0	0	0	0	0	0	0	0	0	0	0	0	0	164	0	0	0	1768	0	7724	0	0	0	0	0	6614	0	6786	0	0	0	8314	0	12536	0	884	0	500	0	0	0	0	0	0	0	0	0	0	0	312	0	0	0	1096	0	0	0	204	0	0	0	0	0	0	0	0	0	0	0	0	0	0	0	0	0	0	0	0	0	0	0	0	0	0	
158200	SupraMarginal_L	1770	0	284	0	0	0	342	0	0	0	1908	0	0	0	0	0	6866	0	144	0	0	0	0	0	0	0	0	0	7610	0	0	0	144	0	0	0	378	0	0	0	0	0	0	0	0	0	0	0	0	0	5046	0	2276	0	374	0	10072	0	1848	0	15648	0	0	0	4682	0	1678	0	0	0	0	0	0	0	0	0	0	0	2674	0	5638	0	0	0	2410	0	0	0	7308	0	0	0	0	0	0	0	0	0	0	0	0	0	0	0	0	0	0	0	0	0	0	0	0	0	0	0	
85000	SupraMarginal_R	0	2396	0	0	0	0	0	0	0	0	0	0	0	0	0	0	0	1772	0	0	0	0	0	0	0	0	0	0	0	406	0	0	0	132	0	0	0	0	0	0	0	0	0	0	0	0	0	0	0	552	0	1618	0	0	0	0	0	10518	0	3488	0	8314	0	0	0	2880	0	1744	0	1060	0	0	0	0	0	0	0	0	0	542	0	5248	0	0	0	1830	0	0	0	0	0	0	0	0	0	0	0	0	0	0	0	0	0	0	0	0	0	0	0	0	0	0	0	0	0	0	
187456	Angular_L	532	0	158	0	0	0	0	0	0	0	326	0	0	0	0	0	1682	0	0	0	0	0	0	0	0	0	0	0	3058	0	0	0	0	0	0	0	330	0	158	0	0	0	0	0	0	0	0	0	356	0	28174	0	4154	0	1120	0	2414	0	7044	0	19282	0	4682	0	0	0	3076	0	0	0	0	0	0	0	0	0	0	0	1180	0	1094	0	0	0	7266	0	0	0	7642	0	0	0	0	0	0	0	0	0	0	0	0	0	0	0	0	0	0	0	0	0	0	0	0	0	0	0	
101488	Angular_R	0	0	0	0	0	0	0	0	0	0	0	0	0	0	0	0	0	0	0	0	0	0	0	0	0	0	0	0	0	0	0	0	0	0	0	0	0	0	0	0	0	0	0	0	0	132	0	0	0	4310	0	15804	0	0	0	0	0	318	0	5468	0	12536	0	2880	0	0	0	722	0	366	0	0	0	0	0	0	0	0	0	0	0	2474	0	0	0	5468	0	0	0	266	0	0	0	0	0	0	0	0	0	0	0	0	0	0	0	0	0	0	0	0	0	0	0	0	0	0	
295916	Precuneus_L	2092	0	0	0	0	0	0	0	0	0	372	0	0	0	0	0	4476	0	0	1066	0	0	0	0	0	0	0	0	2656	0	0	0	6054	1560	7854	1702	2888	524	2096	404	0	0	9596	220	5728	3220	5548	134	6244	296	23590	0	2590	0	1570	136	6364	0	16010	732	4604	0	1678	0	3076	0	0	7622	3294	0	218	0	0	0	0	0	126	468	1776	0	2416	0	0	0	1550	0	0	0	5408	0	0	0	0	0	0	0	0	0	0	0	0	0	0	0	0	0	0	0	0	0	0	0	0	0	0	0	
367320	Precuneus_R	648	2766	0	632	0	0	0	1554	0	0	0	470	0	0	0	154	0	640	364	6528	0	0	0	0	0	0	0	0	0	2380	0	280	1044	12362	1888	10160	500	5080	212	1852	0	0	184	13426	818	27144	0	9638	0	20182	0	9242	0	1118	0	2738	0	5450	0	7854	0	884	0	1744	0	722	7622	0	206	14112	0	874	0	1186	0	772	0	624	0	816	0	1578	0	0	0	2336	0	0	0	1980	0	0	0	0	0	0	0	176	0	0	0	0	0	0	0	0	0	0	0	0	720	0	0	0	0	0	
131828	Paracentral_Lobule_L	13888	178	1814	772	0	0	0	0	0	0	0	0	0	0	0	0	0	0	4110	11520	0	0	0	0	0	0	0	0	0	0	0	0	5412	4462	7182	2618	570	0	492	0	0	0	1100	0	676	0	0	0	0	0	296	0	0	0	0	0	2346	0	0	0	0	0	0	0	0	0	3294	206	0	2150	136	0	666	0	782	0	320	924	0	0	0	0	0	0	0	0	0	0	0	0	0	0	0	0	0	0	0	0	0	0	0	0	0	0	0	0	0	0	0	0	0	0	0	0	0	0	
151472	Paracentral_Lobule_R	1402	2610	0	340	0	0	0	324	0	0	0	184	0	0	0	0	0	190	0	13412	0	0	0	0	0	0	0	0	0	950	0	0	304	11184	566	4076	0	670	0	0	0	0	0	964	0	3098	0	620	0	4506	0	2012	0	0	0	354	0	4600	0	1000	0	500	0	1060	0	366	0	14112	2150	0	0	796	0	724	0	340	0	364	0	354	0	898	0	0	0	298	0	0	0	408	0	0	0	0	0	0	0	0	0	0	0	0	0	0	0	0	0	0	0	0	0	0	0	0	0	0	
319596	Caudate_L	2532	146	22394	7548	644	0	2268	0	0	0	1084	0	0	0	376	0	1014	0	11876	8666	8236	5764	2152	160	826	182	2176	1364	3724	0	13494	2536	562	868	174	220	2830	0	184	0	0	0	0	0	0	0	0	0	0	0	438	0	518	0	518	0	868	0	172	0	0	0	0	0	0	0	218	0	136	0	0	13958	23774	1626	4676	162	6084	996	952	0	300	0	0	0	0	0	0	0	402	0	0	0	0	0	0	0	0	0	0	0	0	0	0	0	0	0	0	0	0	0	0	0	0	0	0	0	
422264	Caudate_R	1008	3450	1740	31446	0	1158	226	4070	0	188	0	770	0	844	0	1388	0	0	1188	26656	4222	6068	282	12698	0	11570	572	2594	174	1360	2706	22554	0	1632	322	828	0	806	0	394	0	0	0	266	0	664	0	238	0	734	0	238	0	0	0	228	0	1034	0	0	0	0	0	0	0	0	0	874	0	796	13958	0	3664	28374	1070	3034	242	12804	0	0	0	0	0	0	0	0	0	0	0	0	0	0	0	0	0	0	0	0	0	0	0	0	0	0	0	0	0	0	0	0	0	0	0	0	0	0	
356688	Putamen_L	1874	0	30422	1690	6044	0	1420	0	648	0	2392	0	446	0	2606	0	1208	0	13502	2812	5330	2260	2678	128	2104	256	1716	282	14990	0	11818	1348	336	176	186	0	10760	0	482	0	1310	0	0	0	0	0	0	0	0	0	0	0	274	0	4974	0	190	0	0	0	0	0	0	0	0	0	0	0	666	0	23774	3664	0	942	10814	0	3396	0	396	0	1196	0	1516	0	142	0	0	0	5056	0	0	0	0	0	0	0	0	0	120	0	0	0	0	0	0	0	0	0	0	0	0	0	0	0	0	0	
449572	Putamen_R	424	2874	1004	24236	0	6164	126	5016	0	762	0	5876	0	2592	0	4022	0	962	736	15238	950	2074	276	13958	0	14804	0	3202	124	20594	1574	19796	0	514	448	476	440	14528	124	8920	0	1154	0	352	0	820	0	0	0	862	0	242	0	0	0	6368	0	648	0	0	0	0	0	0	0	0	0	1186	0	724	1626	28374	942	0	0	4572	0	1650	0	0	0	750	0	1006	0	212	0	0	0	464	0	0	0	0	0	0	0	0	0	0	0	0	0	0	0	0	0	0	0	0	0	0	0	0	0	0	
93048	Pallidum_L	868	0	11018	482	120	0	376	0	0	0	366	0	0	0	0	0	490	0	5950	976	164	0	0	0	0	0	0	0	902	0	604	0	294	224	300	218	540	0	0	0	0	0	0	0	0	0	0	0	0	0	0	0	0	0	136	0	0	0	0	0	0	0	0	0	0	0	0	0	782	0	4676	1070	10814	0	0	0	4868	0	0	0	146	0	0	0	0	0	0	0	140	0	0	0	0	0	0	0	0	0	0	0	0	0	0	0	0	0	0	0	0	0	0	0	0	0	0	0	
37784	Pallidum_R	0	238	0	2014	0	0	0	704	0	0	0	180	0	0	0	280	0	0	0	1476	0	0	0	406	0	120	0	0	0	264	0	636	0	142	214	220	200	952	0	194	0	0	0	210	0	572	0	0	0	536	0	0	0	0	0	0	0	0	0	0	0	0	0	0	0	0	0	772	0	340	162	3034	0	4572	0	0	0	454	0	0	0	0	0	0	0	0	0	0	0	0	0	0	0	0	0	0	0	0	0	0	0	0	0	0	0	0	0	0	0	0	0	0	0	0	0	0	
128796	Thalamus_L	5254	0	12490	542	0	0	6100	0	0	0	0	0	0	0	0	0	514	0	3118	2144	0	0	0	0	0	0	0	0	602	0	0	0	672	710	1602	2032	5410	732	610	0	0	0	0	0	0	0	440	0	0	0	0	0	0	0	124	0	838	0	0	0	0	0	0	0	0	0	126	0	320	0	6084	242	3396	0	4868	0	0	5118	142	0	168	0	0	0	0	0	0	0	0	0	0	0	0	0	0	0	0	0	0	0	0	0	0	0	0	0	0	0	0	0	0	0	0	0	0	0	
176160	Thalamus_R	2194	530	890	14950	0	0	704	190	0	0	0	0	0	0	0	0	0	0	296	17842	0	0	0	136	0	0	0	0	150	186	0	296	0	2280	4536	4992	4380	5702	1328	1796	0	0	0	0	0	0	122	496	0	0	0	0	0	0	0	560	122	0	0	0	0	0	0	0	0	0	468	624	924	364	996	12804	0	1650	0	454	5118	0	0	0	0	0	0	0	0	0	0	0	0	0	0	0	0	0	0	0	0	0	0	0	0	0	0	0	0	0	0	0	0	0	0	0	0	0	0	0	
129580	Heschl_L	1554	0	912	0	0	0	1076	0	0	0	242	0	150	0	0	0	7564	0	0	0	0	0	0	0	0	0	0	0	11250	0	0	0	230	0	0	0	2484	0	592	0	0	0	148	0	0	0	162	0	0	0	4340	0	2438	0	3752	0	2870	0	2272	0	1732	0	2674	0	1180	0	1776	0	0	0	952	0	396	0	0	0	142	0	0	0	5520	0	0	0	3172	0	0	0	5210	0	0	0	0	0	0	0	0	0	0	0	0	0	0	0	0	0	0	0	0	0	0	0	0	0	0	0	
19796	Heschl_R	0	394	0	0	0	0	0	0	0	0	0	172	0	0	0	0	0	1420	0	0	0	0	0	0	0	0	0	0	0	1332	0	0	0	0	0	0	0	0	0	0	0	0	0	0	0	0	0	0	0	394	0	264	0	0	0	140	0	478	0	0	0	0	0	542	0	0	0	816	0	354	0	0	0	0	0	0	0	0	0	0	0	3246	0	0	0	214	0	0	0	132	0	0	0	0	0	0	0	0	0	0	0	0	0	0	0	0	0	0	0	0	0	0	0	0	0	0	
313832	Temporal_Sup_L	5860	0	7366	526	182	0	3262	0	0	0	7990	0	1604	0	798	0	17924	0	1758	2494	0	0	506	0	0	0	0	0	19932	0	830	0	492	122	0	0	5182	0	434	0	0	0	0	0	0	0	198	0	0	0	3372	0	1564	0	7604	0	6166	0	1338	0	1718	0	5638	0	1094	0	2416	0	0	0	300	0	1196	0	146	0	168	0	5520	0	0	0	6604	0	18362	0	252	0	15838	0	0	0	0	0	0	0	0	0	160	0	0	0	0	0	0	0	0	0	0	0	0	0	0	0	0	0	
92332	Temporal_Sup_R	0	564	0	0	0	0	0	298	0	0	0	456	0	0	0	0	0	1828	0	184	0	0	0	0	0	0	0	0	0	4754	0	0	0	0	0	0	0	1360	0	588	0	0	0	0	0	0	0	0	0	818	0	958	0	0	0	2204	0	306	0	0	0	312	0	5248	0	2474	0	1578	0	898	0	0	0	750	0	0	0	0	0	3246	0	0	0	3070	0	11544	0	314	0	2414	0	0	0	0	0	0	0	0	0	0	0	0	0	0	0	0	0	0	0	0	0	0	0	0	0	0	
106588	Temporal_Pole_Sup_L	0	0	2812	534	888	0	284	0	720	0	3992	0	2074	0	2132	0	1942	0	462	1698	294	0	0	0	0	0	0	0	7356	0	0	0	0	0	0	0	1806	0	692	0	1426	0	0	0	0	0	0	0	0	0	0	0	162	0	1906	0	0	0	0	0	0	0	0	0	0	0	0	0	0	0	0	0	1516	0	0	0	0	0	0	0	6604	0	0	0	6544	0	3516	0	3934	0	0	0	0	0	0	0	0	0	0	0	0	0	0	0	0	0	0	0	0	0	0	0	0	0	0	0	
38748	Temporal_Pole_Sup_R	0	0	0	0	0	180	0	0	0	0	0	136	0	0	0	462	0	0	0	0	0	166	0	0	0	0	0	154	0	1642	0	0	0	0	0	0	0	2394	0	890	0	2140	0	0	0	0	0	0	0	0	0	0	0	0	0	2028	0	0	0	0	0	0	0	0	0	0	0	0	0	0	0	0	0	1006	0	0	0	0	0	0	0	3070	0	0	0	1706	0	2180	0	1220	0	0	0	0	0	0	0	0	0	0	0	0	0	0	0	0	0	0	0	0	0	0	0	0	0	0	
230652	Temporal_Mid_L	326	0	188	0	0	0	0	0	0	0	0	0	0	0	0	0	2022	0	140	0	0	0	0	0	0	0	0	0	3248	0	0	0	0	0	0	0	1522	0	444	0	144	0	166	0	0	0	0	0	0	0	18598	0	3230	0	4938	0	1136	0	542	0	5236	0	2410	0	7266	0	1550	0	0	0	0	0	142	0	0	0	0	0	3172	0	18362	0	6544	0	0	0	3542	0	30458	0	0	0	0	0	0	0	0	0	0	0	0	0	0	0	0	0	0	0	0	0	0	0	0	0	0	0	
149220	Temporal_Mid_R	0	418	0	0	0	0	0	222	0	0	0	234	0	0	0	0	0	0	0	0	0	0	0	0	0	0	0	0	0	1490	0	0	0	0	0	0	0	848	0	652	0	0	0	6120	0	946	0	1778	0	1328	0	11756	0	1536	0	3824	0	276	0	140	0	1096	0	1830	0	5468	0	2336	0	298	0	0	0	212	0	0	0	0	0	214	0	11544	0	1706	0	0	0	1152	0	17186	0	0	0	0	0	0	0	0	0	0	0	0	0	0	0	0	0	0	0	0	0	0	0	0	0	0	
24268	Temporal_Pole_Mid_L	0	0	0	0	0	0	0	0	0	0	0	0	0	0	0	0	0	0	0	0	186	0	0	0	0	0	0	0	0	0	0	0	0	0	0	0	204	0	554	0	572	0	0	0	0	0	0	0	0	0	0	0	0	0	444	0	0	0	0	0	0	0	0	0	0	0	0	0	0	0	0	0	0	0	0	0	0	0	0	0	252	0	3516	0	3542	0	0	0	2864	0	0	0	0	0	0	0	0	0	0	0	0	0	0	0	0	0	0	0	0	0	0	0	0	0	0	0	
19224	Temporal_Pole_Mid_R	0	0	0	0	0	0	0	0	0	0	0	0	0	0	0	0	0	0	0	0	0	0	0	0	0	0	0	0	0	0	0	0	0	0	0	0	0	1062	0	576	0	960	0	0	0	0	0	0	0	0	0	0	0	0	0	1652	0	0	0	0	0	0	0	0	0	0	0	0	0	0	0	0	0	0	0	0	0	0	0	0	0	314	0	2180	0	1152	0	0	0	1716	0	0	0	0	0	0	0	0	0	0	0	0	0	0	0	0	0	0	0	0	0	0	0	0	0	0	
426776	Temporal_Inf_L	1058	0	5774	0	436	0	1814	0	0	0	724	0	576	0	614	0	4330	0	1354	354	0	0	0	0	0	0	0	0	18674	0	142	0	498	0	0	0	16254	0	1028	0	1840	0	122	0	0	0	142	0	0	0	15650	0	10454	0	28482	0	430	0	2636	0	6338	0	7308	0	7642	0	5408	0	0	0	402	0	5056	0	140	0	0	0	5210	0	15838	0	3934	0	30458	0	2864	0	0	0	3490	0	2184	0	0	0	124	0	604	0	1362	0	1172	0	284	0	184	0	0	0	0	0	0	0	0	0	
133868	Temporal_Inf_R	0	780	0	128	0	0	0	334	0	0	0	510	0	0	0	0	0	0	0	0	0	0	0	0	0	0	0	0	0	2898	0	0	0	0	0	0	0	4200	0	1922	0	626	0	3922	0	688	0	1638	0	1514	0	4338	0	2554	0	12178	0	0	0	0	0	204	0	0	0	266	0	1980	0	408	0	0	0	464	0	0	0	0	0	132	0	2414	0	1220	0	17186	0	1716	0	0	0	1696	0	282	0	0	0	0	0	204	0	264	0	268	0	0	0	0	0	0	0	0	0	0	0	0	
357128	Cerebelum_Crus1_L	0	0	0	0	0	0	0	0	0	0	0	0	0	0	0	0	0	0	0	0	0	0	0	0	0	0	0	0	0	0	0	0	0	0	0	0	0	0	0	0	0	0	0	0	0	0	5844	844	0	0	0	0	0	0	14702	0	0	0	0	0	0	0	0	0	0	0	0	0	0	0	0	0	0	0	0	0	0	0	0	0	0	0	0	0	0	0	0	0	3490	0	0	0	37850	270	596	0	14632	0	41350	264	16648	0	20116	272	8086	238	4764	0	0	0	1444	3472	2182	514	636	350	
378004	Cerebelum_Crus1_R	0	0	0	0	0	0	0	0	0	0	0	0	0	0	0	0	0	0	0	0	0	0	0	0	0	0	0	0	0	0	0	0	0	0	0	0	0	0	0	0	0	0	0	0	0	0	0	3568	0	0	0	0	0	0	0	9030	0	0	0	0	0	0	0	0	0	0	0	0	0	0	0	0	0	0	0	0	0	0	0	0	0	0	0	0	0	0	0	0	0	1696	0	0	388	37718	0	3622	180	19992	0	48808	220	13366	248	25016	0	5504	0	862	440	240	8452	3764	4246	1046	596	0	
393460	Cerebelum_Crus2_L	0	0	0	0	0	0	0	0	0	0	0	0	0	0	0	0	0	0	0	0	0	0	0	0	0	0	0	0	0	0	0	0	0	0	0	0	0	0	0	0	0	0	0	0	0	0	1296	450	0	0	0	0	0	0	4572	0	0	0	0	0	0	0	0	0	0	0	0	0	0	0	0	0	0	0	0	0	0	0	0	0	0	0	0	0	0	0	0	0	2184	0	37850	388	0	3224	310	0	4800	0	14588	310	50056	894	44704	2798	12380	666	4574	0	0	0	616	1704	5070	2308	732	256	
313496	Cerebelum_Crus2_R	0	0	0	0	0	0	0	0	0	0	0	0	0	0	0	0	0	0	0	0	0	0	0	0	0	0	0	0	0	0	0	0	0	0	0	0	0	0	0	0	0	0	0	0	0	0	0	456	0	0	0	0	0	0	0	762	0	0	0	0	0	0	0	0	0	0	0	0	0	0	0	0	0	0	0	0	0	0	0	0	0	0	0	0	0	0	0	0	0	282	270	37718	3224	0	0	1138	0	3574	0	14064	2030	34218	1648	40882	154	6140	0	968	132	0	1192	768	4562	2128	438	0	
16716	Cerebelum_3_L	0	0	0	0	0	0	0	0	0	0	0	0	0	0	0	0	0	0	0	0	0	0	0	0	0	0	0	0	0	0	0	0	0	0	0	0	0	0	0	0	0	0	0	0	0	0	240	0	0	0	0	0	0	0	124	0	0	0	0	0	0	0	0	0	0	0	0	0	0	0	0	0	0	0	0	0	0	0	0	0	0	0	0	0	0	0	0	0	0	0	596	0	310	0	0	0	4978	0	880	0	0	0	130	0	166	0	0	0	218	430	286	0	0	0	0	0	
46252	Cerebelum_3_R	0	0	0	0	0	0	0	0	0	0	0	0	0	0	0	0	0	0	0	0	0	0	0	0	0	0	0	0	0	0	0	0	0	0	0	0	0	0	0	0	0	0	0	0	0	0	0	172	0	0	0	0	0	0	0	0	0	0	0	0	0	0	0	0	0	0	0	0	0	0	0	0	0	0	0	0	0	0	0	0	0	0	0	0	0	0	0	0	0	0	0	3622	0	1138	0	0	122	5310	0	5064	0	158	0	652	0	576	0	0	792	1352	2232	406	578	458	494	0	
183372	Cerebelum_4_5_L	0	0	0	0	0	0	0	0	0	0	0	0	0	0	0	0	0	0	0	0	0	0	0	0	0	0	0	0	0	0	0	0	0	0	0	0	0	0	338	0	0	0	0	0	0	0	11112	136	0	0	0	0	0	0	6010	0	0	0	0	0	0	0	0	0	0	0	0	0	0	0	0	0	0	0	0	0	0	0	0	0	0	0	0	0	0	0	0	0	124	0	14632	180	4800	0	4978	122	0	278	26188	316	1600	0	2418	0	4208	232	494	0	498	636	8184	2378	0	0	204	1620	
156516	Cerebelum_4_5_R	0	0	0	0	0	0	0	0	0	0	0	0	0	0	0	0	0	0	0	0	0	0	0	0	0	0	0	0	0	0	0	0	0	0	0	0	0	0	0	460	0	0	0	0	0	0	0	2258	0	0	0	0	0	0	0	3614	0	0	0	0	0	0	0	0	0	0	0	176	0	0	0	0	0	0	0	0	0	0	0	0	0	0	0	0	0	0	0	0	0	0	0	19992	0	3574	0	5310	278	0	0	25358	0	590	0	2856	0	560	0	0	162	250	11494	342	466	266	252	0	
298292	Cerebelum_6_L	0	0	0	0	0	0	0	0	0	0	0	0	0	0	0	0	0	0	0	0	0	0	0	0	0	0	0	0	196	0	0	0	0	0	0	0	134	0	0	0	0	0	0	0	0	0	11054	946	0	0	164	0	0	0	17456	0	0	0	0	0	0	0	0	0	0	0	0	0	0	0	0	0	120	0	0	0	0	0	0	0	160	0	0	0	0	0	0	0	604	0	41350	0	14588	0	880	0	26188	0	0	228	5392	0	8034	0	5820	418	2318	0	182	176	5238	5288	716	210	414	872	
304852	Cerebelum_6_R	0	0	0	0	0	0	0	0	0	0	0	0	0	0	0	0	0	0	0	0	0	0	0	0	0	0	0	0	0	0	0	0	0	0	0	0	0	0	0	0	0	0	0	164	0	0	0	5234	0	0	0	0	0	0	0	10840	0	0	0	0	0	0	0	0	0	0	0	0	0	0	0	0	0	0	0	0	0	0	0	0	0	0	0	0	0	0	0	0	0	204	264	48808	310	14064	0	5064	316	25358	228	0	0	4816	124	10132	0	2374	0	604	524	338	11968	5360	4076	736	520	0	
294192	Cerebelum_7b_L	0	0	0	0	0	0	0	0	0	0	0	0	0	0	0	0	0	0	0	0	0	0	0	0	0	0	0	0	0	0	0	0	0	0	0	0	0	0	0	0	0	0	0	0	0	0	158	0	0	0	0	0	0	0	2602	0	0	0	0	0	0	0	0	0	0	0	0	0	0	0	0	0	0	0	0	0	0	0	0	0	0	0	0	0	0	0	0	0	1362	0	16648	220	50056	2030	0	0	1600	0	5392	0	0	714	44836	1922	10284	456	3780	0	0	0	0	198	2474	2142	222	0	
186080	Cerebelum_7b_R	0	0	0	0	0	0	0	0	0	0	0	0	0	0	0	0	0	0	0	0	0	0	0	0	0	0	0	0	0	0	0	0	0	0	0	0	0	0	0	0	0	0	0	0	0	0	0	0	0	0	0	0	0	0	0	616	0	0	0	0	0	0	0	0	0	0	0	0	0	0	0	0	0	0	0	0	0	0	0	0	0	0	0	0	0	0	0	0	0	264	0	13366	894	34218	0	158	0	590	0	4816	714	0	600	31426	0	3014	0	366	0	0	0	0	766	1088	144	0	
340972	Cerebelum_8_L	0	0	0	0	0	0	0	0	0	0	0	0	0	0	0	0	0	0	0	0	0	0	0	0	0	0	0	0	0	0	0	0	0	0	0	0	0	0	0	0	0	0	0	0	0	0	248	212	0	0	0	0	0	0	2788	0	0	0	0	0	0	0	0	0	0	0	0	0	0	0	0	0	0	0	0	0	0	0	0	0	0	0	0	0	0	0	0	0	1172	0	20116	248	44704	1648	130	0	2418	0	8034	124	44836	600	0	2450	20422	2334	6600	0	0	0	0	860	3174	4260	2678	430	
291924	Cerebelum_8_R	0	0	0	0	0	0	0	0	0	0	0	0	0	0	0	0	0	0	0	0	0	0	0	0	0	0	0	0	0	0	0	0	0	0	0	0	0	0	0	0	0	0	0	0	0	0	0	124	0	0	0	0	0	0	0	790	0	0	0	0	0	0	0	0	0	0	0	0	0	0	0	0	0	0	0	0	0	0	0	0	0	0	0	0	0	0	0	0	0	268	272	25016	2798	40882	0	652	0	2856	0	10132	1922	31426	2450	0	302	16408	0	1032	0	0	146	192	4102	3096	1096	0	
160956	Cerebelum_9_L	0	0	0	0	0	0	0	0	0	0	0	0	0	0	0	0	0	0	0	0	0	0	0	0	0	0	0	0	0	0	0	0	0	0	0	0	0	0	0	0	0	0	0	0	0	0	804	0	0	0	0	0	0	0	1194	0	0	0	0	0	0	0	0	0	0	0	0	0	0	0	0	0	0	0	0	0	0	0	0	0	0	0	0	0	0	0	0	0	284	0	8086	0	12380	154	166	0	4208	0	5820	0	10284	0	20422	302	0	970	8896	0	0	0	1592	1760	348	730	1270	808	
116812	Cerebelum_9_R	0	0	0	0	0	0	0	0	0	0	0	0	0	0	0	0	0	0	0	0	0	0	0	0	0	0	0	0	0	0	0	0	0	0	0	0	0	0	0	0	0	0	0	0	0	0	0	0	0	0	0	0	0	0	0	0	0	0	0	0	0	0	0	0	0	0	0	0	0	0	0	0	0	0	0	0	0	0	0	0	0	0	0	0	0	0	0	0	0	0	238	5504	666	6140	0	576	232	560	418	2374	456	3014	2334	16408	970	0	0	1894	146	270	788	1602	3122	4522	4706	1466	
65008	Cerebelum_10_L	0	0	0	0	0	0	0	0	0	0	0	0	0	0	0	0	0	0	0	0	0	0	0	0	0	0	0	0	0	0	0	0	0	0	0	0	0	0	0	0	0	0	0	0	0	0	0	0	0	0	0	0	0	0	894	0	0	0	0	0	0	0	0	0	0	0	0	0	0	0	0	0	0	0	0	0	0	0	0	0	0	0	0	0	0	0	0	0	184	0	4764	0	4574	0	0	0	494	0	2318	0	3780	0	6600	0	8896	0	0	0	0	0	0	0	0	0	0	0	
11760	Cerebelum_10_R	0	0	0	0	0	0	0	0	0	0	0	0	0	0	0	0	0	0	0	0	0	0	0	0	0	0	0	0	0	0	0	0	0	0	0	0	0	0	0	0	0	0	0	0	0	0	0	0	0	0	0	0	0	0	0	0	0	0	0	0	0	0	0	0	0	0	0	0	0	0	0	0	0	0	0	0	0	0	0	0	0	0	0	0	0	0	0	0	0	0	0	862	0	968	0	0	0	0	0	604	0	366	0	1032	0	1894	0	0	0	0	0	0	154	0	0	0	
16132	Vermis_1_2	0	0	0	0	0	0	0	0	0	0	0	0	0	0	0	0	0	0	0	0	0	0	0	0	0	0	0	0	0	0	0	0	0	0	0	0	0	0	0	0	0	0	0	0	0	0	0	0	0	0	0	0	0	0	0	0	0	0	0	0	0	0	0	0	0	0	0	0	0	0	0	0	0	0	0	0	0	0	0	0	0	0	0	0	0	0	0	0	0	0	0	440	0	132	218	792	498	162	182	524	0	0	0	0	0	146	0	0	0	2844	1496	286	0	0	206	140	
18080	Vermis_3	0	0	0	0	0	0	0	0	0	0	0	0	0	0	0	0	0	0	0	0	0	0	0	0	0	0	0	0	0	0	0	0	0	0	0	0	0	0	0	0	0	0	0	0	0	0	0	0	0	0	0	0	0	0	0	0	0	0	0	0	0	0	0	0	0	0	0	0	0	0	0	0	0	0	0	0	0	0	0	0	0	0	0	0	0	0	0	0	0	0	0	240	0	0	430	1352	636	250	176	338	0	0	0	0	0	270	0	0	2844	0	1788	126	174	164	252	0	
147192	Vermis_4_5	0	0	0	0	0	0	0	0	0	0	0	0	0	0	0	0	0	0	0	0	0	0	0	0	0	0	0	0	0	0	0	0	0	0	0	630	0	504	0	148	0	0	0	282	0	0	1728	2666	0	0	0	0	0	0	232	1772	0	0	0	0	0	0	0	0	0	0	0	720	0	0	0	0	0	0	0	0	0	0	0	0	0	0	0	0	0	0	0	0	0	0	1444	8452	616	1192	286	2232	8184	11494	5238	11968	0	0	0	146	1592	788	0	0	1496	1788	0	4234	530	386	782	2066	
95480	Vermis_6	0	0	0	0	0	0	0	0	0	0	0	0	0	0	0	0	0	0	0	0	0	0	0	0	0	0	0	0	0	0	0	0	0	0	0	0	0	0	0	0	0	0	0	0	0	0	444	3898	0	0	0	0	0	0	652	1576	0	0	0	0	0	0	0	0	0	0	0	0	0	0	0	0	0	0	0	0	0	0	0	0	0	0	0	0	0	0	0	0	0	0	3472	3764	1704	768	0	406	2378	342	5288	5360	198	0	860	192	1760	1602	0	0	286	126	4234	0	3214	1008	1692	2516	
101984	Vermis_7	0	0	0	0	0	0	0	0	0	0	0	0	0	0	0	0	0	0	0	0	0	0	0	0	0	0	0	0	0	0	0	0	0	0	0	0	0	0	0	0	0	0	0	0	0	0	0	1470	0	0	0	0	0	0	238	674	0	0	0	0	0	0	0	0	0	0	0	0	0	0	0	0	0	0	0	0	0	0	0	0	0	0	0	0	0	0	0	0	0	0	2182	4246	5070	4562	0	578	0	466	716	4076	2474	766	3174	4102	348	3122	0	154	0	174	530	3214	0	4700	3054	902	
