data	data	583276	278596	912872	740160	120872	117760	553740	222028	119124	94216	268500	251604	270412	216596	198816	166680	263352	161488	671896	641280	96680	154692	406368	377036	60760	134584	61972	105216	617076	507480	378552	482020	251248	532260	111308	122804	234592	326968	96768	265736	43512	96716	169924	266232	118948	254912	195492	224080	114372	287072	463824	279912	187616	64620	311688	441760	273112	158048	131348	89196	195516	132492	137364	89588	137736	162052	281708	267692	221580	105484	300868	411360	425064	494636	63520	31572	128816	159648	83920	35240	174176	157052	118128	78480	313728	172584	35156	26424	304152	168884	357116	340504	230972	235316	27928	65000	198736	228952	332284	309052	146176	78356	225668	235092	73548	102056	20016	7564	11100	47916	157956	102644	127956	87336	75440	36628	
data	data	Precentral_L	Precentral_R	Frontal_Sup_L	Frontal_Sup_R	Frontal_Sup_Orb_L	Frontal_Sup_Orb_R	Frontal_Mid_L	Frontal_Mid_R	Frontal_Mid_Orb_L	Frontal_Mid_Orb_R	Frontal_Inf_Oper_L	Frontal_Inf_Oper_R	Frontal_Inf_Tri_L	Frontal_Inf_Tri_R	Frontal_Inf_Orb_L	Frontal_Inf_Orb_R	Rolandic_Oper_L	Rolandic_Oper_R	Supp_Motor_Area_L	Supp_Motor_Area_R	Olfactory_L	Olfactory_R	Frontal_Sup_Medial_L	Frontal_Sup_Medial_R	Frontal_Med_Orb_L	Frontal_Med_Orb_R	Rectus_L	Rectus_R	Insula_L	Insula_R	Cingulum_Ant_L	Cingulum_Ant_R	Cingulum_Mid_L	Cingulum_Mid_R	Cingulum_Post_L	Cingulum_Post_R	Hippocampus_L	Hippocampus_R	ParaHippocampal_L	ParaHippocampal_R	Amygdala_L	Amygdala_R	Calcarine_L	Calcarine_R	Cuneus_L	Cuneus_R	Lingual_L	Lingual_R	Occipital_Sup_L	Occipital_Sup_R	Occipital_Mid_L	Occipital_Mid_R	Occipital_Inf_L	Occipital_Inf_R	Fusiform_L	Fusiform_R	Postcentral_L	Postcentral_R	Parietal_Sup_L	Parietal_Sup_R	Parietal_Inf_L	Parietal_Inf_R	SupraMarginal_L	SupraMarginal_R	Angular_L	Angular_R	Precuneus_L	Precuneus_R	Paracentral_Lobule_L	Paracentral_Lobule_R	Caudate_L	Caudate_R	Putamen_L	Putamen_R	Pallidum_L	Pallidum_R	Thalamus_L	Thalamus_R	Heschl_L	Heschl_R	Temporal_Sup_L	Temporal_Sup_R	Temporal_Pole_Sup_L	Temporal_Pole_Sup_R	Temporal_Mid_L	Temporal_Mid_R	Temporal_Pole_Mid_L	Temporal_Pole_Mid_R	Temporal_Inf_L	Temporal_Inf_R	Cerebelum_Crus1_L	Cerebelum_Crus1_R	Cerebelum_Crus2_L	Cerebelum_Crus2_R	Cerebelum_3_L	Cerebelum_3_R	Cerebelum_4_5_L	Cerebelum_4_5_R	Cerebelum_6_L	Cerebelum_6_R	Cerebelum_7b_L	Cerebelum_7b_R	Cerebelum_8_L	Cerebelum_8_R	Cerebelum_9_L	Cerebelum_9_R	Cerebelum_10_L	Cerebelum_10_R	Vermis_1_2	Vermis_3	Vermis_4_5	Vermis_6	Vermis_7	Vermis_8	Vermis_9	Vermis_10	
583276	Precentral_L	0	5218	27980	698	0	0	26690	268	90	0	17428	140	4720	0	292	0	15086	0	23208	8950	0	0	370	0	0	0	0	0	14872	0	994	106	1592	6560	1460	384	5886	106	1318	0	0	0	390	0	738	0	324	220	118	0	1980	0	446	0	1028	0	32312	764	300	0	3692	0	1366	0	178	0	1562	408	17688	4948	9166	1562	11474	0	3326	0	23654	3032	1596	0	1312	0	2040	0	582	0	0	0	1016	0	0	0	0	0	0	0	0	0	0	0	0	0	0	0	0	0	0	0	0	0	0	0	0	0	0	0	
278596	Precentral_R	5218	0	1722	11656	0	0	90	7342	0	88	0	4362	0	272	0	206	0	2630	3326	7162	0	0	0	336	0	0	0	0	326	2786	166	494	304	3712	1060	1548	918	3918	290	1162	0	0	0	522	0	234	0	460	0	590	0	606	0	0	90	760	0	15354	0	270	0	848	0	1532	0	148	0	770	4216	6422	654	10588	1172	4148	0	0	1002	26462	198	176	0	376	0	0	0	136	0	0	0	256	0	0	0	0	0	0	0	214	0	0	0	0	0	0	0	0	0	0	0	0	0	0	0	0	0	0	
912872	Frontal_Sup_L	27980	1722	0	4378	4786	0	82064	216	4940	0	14010	706	17934	0	9726	0	10636	0	61856	10828	0	0	45112	7270	288	442	0	0	34196	720	25432	5750	8960	5538	106	84	2192	0	384	0	450	0	0	0	0	0	0	0	0	0	1196	0	0	0	408	0	5012	0	988	0	172	0	0	0	100	0	870	0	5460	90	15602	396	27420	242	2520	0	1544	0	1214	0	714	0	3426	0	0	0	0	0	356	0	0	0	0	0	0	0	0	0	0	0	0	0	0	0	0	0	0	0	0	0	0	0	0	0	0	0	
740160	Frontal_Sup_R	698	11656	4378	0	0	5726	2090	39558	0	3784	0	17704	0	11976	0	4744	0	6276	11380	49682	316	1686	14660	37672	126	3438	222	1196	146	19350	6396	31574	2648	23850	268	378	312	2378	0	1340	0	808	0	0	0	222	0	0	0	194	0	102	0	0	0	1204	90	1746	0	0	0	100	0	110	0	0	0	322	242	0	652	17546	544	21518	0	1374	114	4844	0	0	0	0	0	0	0	0	0	0	0	0	0	0	0	0	0	0	0	740	0	0	0	0	0	0	0	0	0	0	0	0	0	0	0	0	0	0	
120872	Frontal_Sup_Orb_L	0	0	4786	0	0	0	616	0	12830	0	0	0	100	0	12808	0	0	0	0	0	2160	172	2900	270	4994	834	5688	126	4164	0	2754	172	0	0	0	0	114	0	0	0	1088	0	0	0	0	0	0	0	0	0	0	0	0	0	0	0	0	0	0	0	0	0	0	0	0	0	0	0	0	0	752	104	2910	0	0	0	0	0	0	0	0	0	94	0	0	0	0	0	0	0	0	0	0	0	0	0	0	0	0	0	0	0	0	0	0	0	0	0	0	0	0	0	0	0	0	0	
117760	Frontal_Sup_Orb_R	0	0	0	5726	0	0	0	1822	0	7198	0	0	0	248	0	4742	0	0	0	0	1088	5416	0	2012	320	7430	706	9834	0	2286	520	568	0	0	0	0	0	0	0	0	0	1002	0	0	0	0	0	0	0	0	0	0	0	0	0	0	0	0	0	0	0	0	0	0	0	0	0	0	0	0	1040	2224	360	4338	0	0	0	0	0	0	0	0	0	0	0	0	0	0	0	0	0	0	0	0	0	0	0	0	0	0	0	0	0	0	0	0	0	0	0	0	0	0	0	0	0	0	
553740	Frontal_Mid_L	26690	90	82064	2090	616	0	0	236	4588	0	14484	592	30780	0	8300	0	6046	0	13598	1462	0	0	15276	1878	0	0	0	0	25224	572	5262	1410	6168	1918	0	0	1528	0	490	0	0	0	0	0	0	0	0	0	0	0	264	0	0	0	0	0	4020	0	0	0	0	0	0	0	0	0	0	0	1092	0	6628	198	9624	0	1414	0	320	0	0	0	220	0	1728	0	0	0	0	0	0	0	0	0	0	0	0	0	0	0	0	0	0	0	0	0	0	0	0	0	0	0	0	0	0	0	0	0	
222028	Frontal_Mid_R	268	7342	216	39558	0	1822	236	0	0	3452	0	9906	0	16178	0	4474	0	1028	1566	4710	0	238	364	1826	0	0	0	0	0	6740	0	1178	0	2504	0	0	120	316	0	180	0	166	0	0	0	0	0	0	0	0	0	0	0	0	0	180	0	412	0	0	0	0	0	0	0	0	0	0	0	0	0	2156	0	3372	0	238	0	172	0	0	0	0	0	0	0	0	0	0	0	0	0	0	0	0	0	0	0	96	0	0	0	0	0	0	0	0	0	0	0	0	0	0	0	0	0	0	
119124	Frontal_Mid_Orb_L	90	0	4940	0	12830	0	4588	0	0	0	0	0	3214	0	20230	0	0	0	284	0	988	0	846	120	1016	238	1772	0	5316	0	304	0	102	0	0	0	174	0	84	0	502	0	0	0	0	0	0	0	0	0	0	0	0	0	0	0	0	0	0	0	0	0	0	0	0	0	0	0	0	0	90	0	1372	0	0	0	0	0	0	0	0	0	462	0	0	0	0	0	0	0	0	0	0	0	0	0	0	0	0	0	0	0	0	0	0	0	0	0	0	0	0	0	0	0	0	0	
94216	Frontal_Mid_Orb_R	0	88	0	3784	0	7198	0	3452	0	0	0	196	0	1712	0	13674	0	0	0	526	0	1992	0	714	0	394	0	1140	0	4824	0	122	0	172	0	0	0	116	0	0	0	1408	0	0	0	0	0	0	0	0	0	0	0	0	0	0	0	0	0	0	0	0	0	0	0	0	0	0	0	0	0	1020	0	4366	0	210	0	0	0	0	0	0	0	0	0	0	0	0	0	0	0	0	0	0	0	0	0	0	0	0	0	0	0	0	0	0	0	0	0	0	0	0	0	0	0	0	
268500	Frontal_Inf_Oper_L	17428	0	14010	0	0	0	14484	0	0	0	0	626	16488	202	1608	200	16706	0	10946	944	0	0	296	0	0	0	0	0	19082	622	1006	0	428	0	0	0	324	0	0	0	0	0	0	0	0	0	0	0	0	0	0	0	0	0	132	0	6366	0	0	0	0	0	0	0	0	0	0	0	0	0	2538	0	2620	0	140	0	0	0	130	0	956	0	5858	0	0	0	0	0	110	0	0	0	0	0	0	0	0	0	0	0	0	0	0	0	0	0	0	0	0	0	0	0	0	0	0	0	
251604	Frontal_Inf_Oper_R	140	4362	706	17704	0	0	592	9906	0	196	626	0	612	14362	152	2608	0	6954	3132	12640	0	0	84	646	0	0	0	0	744	26840	230	1686	144	5352	0	0	0	934	0	588	0	0	0	0	0	0	0	0	0	0	0	0	0	0	0	578	0	1038	0	0	0	0	0	0	0	0	0	0	0	0	2032	3132	0	6536	0	94	0	238	0	0	0	0	0	0	0	0	0	0	0	0	0	0	0	0	0	0	0	214	0	0	0	0	0	0	0	0	0	0	0	0	0	0	0	0	0	0	
270412	Frontal_Inf_Tri_L	4720	0	17934	0	100	0	30780	0	3214	0	16488	612	0	206	12210	202	1544	0	7692	858	0	0	814	0	0	0	0	0	24396	612	1788	104	780	98	0	0	114	0	0	0	0	0	0	0	0	0	0	0	0	0	0	0	0	0	0	0	1072	0	0	0	0	0	0	0	0	0	0	0	228	0	4776	0	2714	0	0	0	0	0	0	0	102	0	1048	0	0	0	0	0	0	0	0	0	0	0	0	0	0	0	0	0	0	0	0	0	0	0	0	0	0	0	0	0	0	0	0	0	
216596	Frontal_Inf_Tri_R	0	272	0	11976	0	248	0	16178	0	1712	202	14362	206	0	0	10814	0	1346	2508	8440	0	0	84	644	0	0	0	0	220	22894	214	1766	0	5596	0	0	0	124	0	0	0	0	0	0	0	0	0	0	0	0	0	0	0	0	0	0	0	0	0	0	0	0	0	0	0	0	0	0	0	0	428	5296	0	2664	0	0	0	104	0	0	0	0	0	0	0	0	0	0	0	0	0	0	0	0	0	0	0	0	0	0	0	0	0	0	0	0	0	0	0	0	0	0	0	0	0	0	
198816	Frontal_Inf_Orb_L	292	0	9726	0	12808	0	8300	0	20230	0	1608	152	12210	0	0	0	0	0	1338	188	2936	0	302	0	588	0	956	0	16780	152	324	0	312	0	0	0	554	0	150	0	1282	0	0	0	0	0	0	0	0	0	0	0	0	0	0	0	0	0	0	0	0	0	0	0	0	0	0	0	168	0	1286	0	4584	0	0	0	0	0	0	0	0	0	2182	0	0	0	0	0	0	0	0	0	0	0	0	0	0	0	0	0	0	0	0	0	0	0	0	0	0	0	0	0	0	0	0	0	
166680	Frontal_Inf_Orb_R	0	206	0	4744	0	4742	0	4474	0	13674	200	2608	202	10814	0	0	0	0	458	2674	218	4500	0	492	0	118	116	1568	220	16744	110	334	0	1212	0	0	0	160	0	0	0	1790	0	0	0	0	0	0	0	0	0	0	0	0	0	110	0	0	0	0	0	0	0	0	0	0	0	114	0	0	618	3490	0	5728	0	218	0	160	0	0	0	0	0	340	0	0	0	96	0	88	0	0	0	0	0	0	0	0	0	0	0	0	0	0	0	0	0	0	0	0	0	0	0	0	0	0	
263352	Rolandic_Oper_L	15086	0	10636	0	0	0	6046	0	0	0	16706	0	1544	0	0	0	0	0	8964	294	0	0	0	0	0	0	0	0	25506	0	138	0	156	0	0	0	1814	0	276	0	0	0	0	0	0	0	0	0	0	0	190	0	0	0	670	0	10968	0	0	0	0	0	1620	0	0	0	0	0	182	0	1902	0	6428	0	908	0	382	0	4514	0	8148	0	7306	0	438	0	0	0	854	0	0	0	0	0	0	0	0	0	0	0	0	0	0	0	0	0	0	0	0	0	0	0	0	0	0	0	
161488	Rolandic_Oper_R	0	2630	0	6276	0	0	0	1028	0	0	0	6954	0	1346	0	0	0	0	144	4498	0	0	0	158	0	0	0	0	0	15876	0	338	0	266	0	0	0	3860	0	2132	0	0	0	0	0	0	0	0	0	0	0	0	0	0	0	1848	0	3314	0	0	0	474	0	3348	0	376	0	0	0	0	0	3088	0	9742	0	776	0	450	0	2892	0	5604	0	2350	0	546	0	0	0	0	0	0	0	0	0	0	0	430	0	0	0	0	0	0	0	0	0	0	0	0	0	0	0	0	0	0	
671896	Supp_Motor_Area_L	23208	3326	61856	11380	0	0	13598	1566	284	0	10946	3132	7692	2508	1338	458	8964	144	0	44702	0	0	10506	2992	0	0	0	0	16488	3848	8378	6404	10110	24690	1118	1274	1578	172	314	0	0	0	0	0	90	152	0	0	0	0	112	0	0	0	300	0	2014	108	0	0	0	0	0	0	0	0	234	376	13240	800	10478	2204	13076	1900	1338	0	1960	136	954	0	652	0	2598	0	0	0	0	0	252	0	0	0	0	0	0	0	0	0	0	0	0	0	0	0	0	0	0	0	0	0	0	0	0	0	0	0	
641280	Supp_Motor_Area_R	8950	7162	10828	49682	0	0	1462	4710	0	526	944	12640	858	8440	188	2674	294	4498	44702	0	0	0	2428	8070	0	0	0	0	1196	17958	3638	13108	4954	40736	660	1024	260	1304	0	930	0	0	0	240	0	1062	0	134	0	1068	0	638	0	0	0	932	102	2582	0	428	0	444	0	184	0	614	190	1850	9416	5084	1728	22932	1648	10914	0	1044	0	1734	0	84	0	166	0	0	0	0	0	0	0	0	0	0	0	0	0	0	0	598	0	0	0	0	0	0	0	0	0	0	0	0	0	0	0	0	0	0	
96680	Olfactory_L	0	0	0	316	2160	1088	0	0	988	0	0	0	0	0	2936	218	0	0	0	0	0	6336	0	0	480	920	3568	2696	2936	0	3304	2268	0	0	0	0	0	0	216	0	916	96	0	0	0	0	0	0	0	0	0	0	0	0	0	0	0	0	0	0	0	0	0	0	0	0	0	0	0	0	8202	3906	3810	736	0	0	0	0	0	0	0	0	244	0	0	0	0	0	0	0	0	0	0	0	0	0	0	0	0	0	0	0	0	0	0	0	0	0	0	0	0	0	0	0	0	0	
154692	Olfactory_R	0	0	0	1686	172	5416	0	238	0	1992	0	0	0	0	0	4500	0	0	0	0	6336	0	110	708	386	3494	2172	7982	214	6492	2540	3600	0	0	0	0	0	364	0	192	214	4274	0	0	0	0	0	0	0	0	0	0	0	0	0	124	0	0	0	0	0	0	0	0	0	0	0	0	0	0	7922	8806	4320	2886	0	0	0	0	0	0	0	0	0	206	0	0	0	0	0	0	0	0	0	0	0	0	0	0	0	0	0	0	0	0	0	0	0	0	0	0	0	0	0	0	0	0	
406368	Frontal_Sup_Medial_L	370	0	45112	14660	2900	0	15276	364	846	0	296	84	814	84	302	0	0	0	10506	2428	0	110	0	26780	1944	1424	184	168	752	112	27756	18994	10510	15348	0	0	0	0	0	0	0	0	0	0	0	0	0	0	0	0	0	0	0	0	0	0	0	0	0	0	0	0	0	0	0	0	0	0	130	0	922	916	2302	790	0	0	0	0	0	0	0	0	0	0	0	0	0	0	0	0	0	0	0	0	0	0	0	0	0	0	0	0	0	0	0	0	0	0	0	0	0	0	0	0	0	0	
377036	Frontal_Sup_Medial_R	0	336	7270	37672	270	2012	1878	1826	120	714	0	646	0	644	0	492	0	158	2992	8070	0	708	26780	0	1492	8010	162	1010	0	1184	8650	31406	2060	15988	0	0	0	208	0	176	0	226	0	0	0	0	0	0	0	0	0	0	0	0	0	176	0	0	0	0	0	0	0	0	0	0	0	0	0	0	212	10218	392	13512	0	572	0	172	0	0	0	0	0	0	0	0	0	0	0	0	0	0	0	0	0	0	0	104	0	0	0	0	0	0	0	0	0	0	0	0	0	0	0	0	0	0	
60760	Frontal_Med_Orb_L	0	0	288	126	4994	320	0	0	1016	0	0	0	0	0	588	0	0	0	0	0	480	386	1944	1492	0	4546	2878	570	368	0	6556	824	0	0	0	0	0	0	0	0	324	0	0	0	0	0	0	0	0	0	0	0	0	0	0	0	0	0	0	0	0	0	0	0	0	0	0	0	0	0	306	132	2242	0	0	0	0	0	0	0	0	0	0	0	0	0	0	0	0	0	0	0	0	0	0	0	0	0	0	0	0	0	0	0	0	0	0	0	0	0	0	0	0	0	0	0	
134584	Frontal_Med_Orb_R	0	0	442	3438	834	7430	0	0	238	394	0	0	0	0	0	118	0	0	0	0	920	3494	1424	8010	4546	0	1080	9178	0	0	5348	8576	0	0	0	0	0	0	0	0	0	122	0	0	0	0	0	0	0	0	0	0	0	0	0	0	0	0	0	0	0	0	0	0	0	0	0	0	0	0	902	4390	1146	5262	0	0	0	0	0	0	0	0	0	0	0	0	0	0	0	0	0	0	0	0	0	0	0	0	0	0	0	0	0	0	0	0	0	0	0	0	0	0	0	0	0	0	
61972	Rectus_L	0	0	0	222	5688	706	0	0	1772	0	0	0	0	0	956	116	0	0	0	0	3568	2172	184	162	2878	1080	0	1764	266	0	2840	840	0	0	0	0	0	0	0	0	190	0	0	0	0	0	0	0	0	0	0	0	0	0	0	0	0	0	0	0	0	0	0	0	0	0	0	0	0	0	2686	898	1882	116	0	0	0	0	0	0	0	0	0	0	0	0	0	0	0	0	0	0	0	0	0	0	0	0	0	0	0	0	0	0	0	0	0	0	0	0	0	0	0	0	0	0	
105216	Rectus_R	0	0	0	1196	126	9834	0	0	0	1140	0	0	0	0	0	1568	0	0	0	0	2696	7982	168	1010	570	9178	1764	0	134	1068	1322	2752	0	0	0	0	0	0	0	0	140	610	0	0	0	0	0	0	0	0	0	0	0	0	0	0	0	0	0	0	0	0	0	0	0	0	0	0	0	0	2400	3900	1272	1778	0	0	0	0	0	0	0	0	0	0	0	0	0	0	0	0	0	0	0	0	0	0	0	0	0	0	0	0	0	0	0	0	0	0	0	0	0	0	0	0	0	0	
617076	Insula_L	14872	326	34196	146	4164	0	25224	0	5316	0	19082	744	24396	220	16780	220	25506	0	16488	1196	2936	214	752	0	368	0	266	134	0	734	2750	316	870	106	0	92	16186	0	2060	0	4686	0	0	0	0	0	0	0	0	0	554	0	130	0	3222	0	6738	0	220	0	230	0	606	0	0	0	288	0	1148	0	5728	238	29724	0	3362	0	1892	0	9854	0	7480	0	8012	0	2442	0	130	0	5194	0	0	0	0	0	0	0	0	0	0	0	0	0	0	0	0	0	0	0	0	0	0	0	0	0	0	0	
507480	Insula_R	0	2786	720	19350	0	2286	572	6740	0	4824	622	26840	612	22894	152	16744	0	15876	3848	17958	0	6492	112	1184	0	0	0	1068	734	0	340	2466	176	6940	0	0	0	10104	0	4670	0	5266	0	0	0	0	0	0	0	0	0	0	0	310	0	5460	0	1190	0	0	0	0	0	126	0	0	0	0	0	0	2072	8986	0	26684	0	610	0	984	0	4012	0	9984	0	5984	0	2824	0	0	0	1338	0	0	0	0	0	0	0	800	0	0	0	0	0	0	0	0	0	0	0	0	0	0	0	0	0	0	
378552	Cingulum_Ant_L	994	166	25432	6396	2754	520	5262	0	304	0	1006	230	1788	214	324	110	138	0	8378	3638	3304	2540	27756	8650	6556	5348	2840	1322	2750	340	0	24790	8866	6354	926	0	0	0	0	0	578	84	0	0	0	0	0	0	0	0	0	0	0	0	0	0	0	0	0	0	0	0	0	0	0	0	0	0	248	0	10812	3622	11592	2068	176	100	0	0	0	0	0	0	0	0	0	0	0	0	0	0	0	0	0	0	0	0	0	0	0	0	0	0	0	0	0	0	0	0	0	0	0	0	0	0	0	0	
482020	Cingulum_Ant_R	106	494	5750	31574	172	568	1410	1178	0	122	0	1686	104	1766	0	334	0	338	6404	13108	2268	3600	18994	31406	824	8576	840	2752	316	2466	24790	0	4588	27602	284	500	0	172	0	120	180	134	0	0	0	0	0	0	0	0	0	0	0	0	0	120	0	328	0	0	0	0	0	0	0	0	0	126	0	0	3528	19900	2286	17910	0	1170	0	116	0	0	0	0	0	0	0	0	0	0	0	0	0	0	0	0	0	0	0	0	0	0	0	0	0	0	0	0	0	0	0	0	0	0	0	0	0	0	
251248	Cingulum_Mid_L	1592	304	8960	2648	0	0	6168	0	102	0	428	144	780	0	312	0	156	0	10110	4954	0	0	10510	2060	0	0	0	0	870	176	8866	4588	0	13552	5882	1348	0	0	0	0	0	0	766	128	1082	134	0	0	856	0	10542	0	636	0	380	0	920	98	342	0	3492	0	3442	0	1704	0	8012	1132	3310	660	398	310	330	248	0	0	0	0	0	0	442	0	0	0	1270	0	0	0	480	0	0	0	0	0	0	0	0	0	0	0	0	0	0	0	0	0	0	0	0	0	0	0	0	0	0	0	
532260	Cingulum_Mid_R	6560	3712	5538	23850	0	0	1918	2504	0	172	0	5352	98	5596	0	1212	0	266	24690	40736	0	0	15348	15988	0	0	0	0	106	6940	6354	27602	13552	0	3076	8344	96	102	0	0	0	0	0	1842	134	1330	0	530	0	620	0	372	0	0	0	0	0	2818	0	0	0	0	0	0	0	0	654	6860	9546	8318	310	7240	370	4532	0	172	0	686	0	0	0	0	0	0	0	0	0	0	0	84	0	0	0	0	0	0	0	0	0	0	0	0	0	0	0	0	0	0	0	0	0	0	0	0	0	0	
111308	Cingulum_Post_L	1460	1060	106	268	0	0	0	0	0	0	0	0	0	0	0	0	0	0	1118	660	0	0	0	0	0	0	0	0	0	0	926	284	5882	3076	0	9304	3488	2224	1780	1560	0	0	1228	122	2654	174	936	0	704	0	96	0	0	0	282	308	456	1256	0	0	0	0	0	0	0	0	5804	1108	3158	1408	0	0	126	0	0	0	606	2032	0	0	0	0	0	0	0	0	0	0	0	0	0	0	0	0	0	0	0	0	0	0	0	0	0	0	0	0	0	0	0	0	0	0	0	0	0	0	
122804	Cingulum_Post_R	384	1548	84	378	0	0	0	0	0	0	0	0	0	0	0	0	0	0	1274	1024	0	0	0	0	0	0	0	0	92	0	0	500	1348	8344	9304	0	2908	3238	1270	2252	0	0	182	1984	240	1204	84	2112	0	360	0	456	0	0	204	416	0	1828	0	0	0	0	0	0	0	0	1224	10056	1432	2194	0	0	170	0	0	0	742	2012	104	0	88	0	0	0	0	0	0	0	0	0	0	0	0	0	0	0	0	0	0	0	0	0	0	0	0	0	0	0	0	0	362	0	0	0	0	0	
234592	Hippocampus_L	5886	918	2192	312	114	0	1528	120	174	0	324	0	114	0	554	0	1814	0	1578	260	0	0	0	0	0	0	0	0	16186	0	0	0	0	96	3488	2908	0	2392	12582	1744	5850	0	306	0	0	0	974	0	0	0	0	0	0	0	11194	322	1256	0	0	0	0	0	0	0	0	0	1248	0	742	0	626	0	9270	0	1414	0	7170	2618	4918	0	2232	0	1120	0	356	0	226	0	8614	0	286	0	150	0	0	0	594	0	526	0	0	0	0	0	0	0	0	0	0	0	0	0	0	0	0	0	
326968	Hippocampus_R	106	3918	0	2378	0	0	0	316	0	116	0	934	0	124	0	160	0	3860	172	1304	0	364	0	208	0	0	0	0	0	10104	0	172	0	102	2224	3238	2392	0	1402	35290	0	11082	0	0	0	0	0	2106	0	114	0	130	0	244	292	33434	0	596	0	0	0	0	0	0	0	0	408	1026	0	0	0	766	84	19256	0	868	570	6424	0	1256	0	2564	0	866	0	906	0	0	0	4486	0	360	0	142	0	0	0	5910	0	326	0	0	0	168	0	0	0	0	0	0	216	0	0	0	0	0	
96768	ParaHippocampal_L	1318	290	384	0	0	0	490	0	84	0	0	0	0	0	150	0	276	0	314	0	216	0	0	0	0	0	0	0	2060	0	0	0	0	0	1780	1270	12582	1402	0	1164	828	0	474	0	0	0	4300	0	0	0	150	0	312	0	6982	222	226	0	0	0	0	0	0	0	0	0	1368	0	0	0	0	0	2590	0	186	0	2048	1306	452	0	432	0	162	0	94	0	126	0	598	0	90	0	0	0	170	84	954	0	352	0	0	0	0	0	0	0	0	0	0	98	0	0	0	0	0	0	
265736	ParaHippocampal_R	0	1162	0	1340	0	0	0	180	0	0	0	588	0	0	0	0	0	2132	0	930	0	192	0	176	0	0	0	0	0	4670	0	120	0	0	1560	2252	1744	35290	1164	0	0	6812	0	158	0	0	0	5604	0	0	0	0	0	262	246	31494	0	0	0	0	0	0	0	0	0	0	382	1446	0	0	0	96	0	13596	0	656	248	3528	0	438	0	1030	0	1342	0	260	0	840	0	1616	0	402	0	198	0	0	0	7530	0	464	0	0	0	228	0	122	0	88	0	0	194	0	88	0	0	0	
43512	Amygdala_L	0	0	450	0	1088	0	0	0	502	0	0	0	0	0	1282	0	0	0	0	0	916	214	0	0	324	0	190	140	4686	0	578	180	0	0	0	0	5850	0	828	0	0	0	0	0	0	0	0	0	0	0	0	0	0	0	1938	0	0	0	0	0	0	0	0	0	0	0	0	0	0	0	226	174	788	0	0	0	0	0	0	0	0	0	480	0	0	0	214	0	708	0	0	0	0	0	0	0	0	0	0	0	0	0	0	0	0	0	0	0	0	0	0	0	0	0	0	0	
96716	Amygdala_R	0	0	0	808	0	1002	0	166	0	1408	0	0	0	0	0	1790	0	0	0	0	96	4274	0	226	0	122	0	610	0	5266	84	134	0	0	0	0	0	11082	0	6812	0	0	0	0	0	0	0	0	0	0	0	0	0	0	0	5922	0	0	0	0	0	0	0	0	0	0	0	0	0	0	0	212	0	4708	0	0	0	0	0	0	0	0	0	1168	0	0	0	152	0	1110	0	0	0	108	0	0	0	970	0	0	0	0	0	128	0	0	0	0	0	0	0	0	0	0	0	0	
169924	Calcarine_L	390	0	0	0	0	0	0	0	0	0	0	0	0	0	0	0	0	0	0	0	0	0	0	0	0	0	0	0	0	0	0	0	766	0	1228	182	306	0	474	0	0	0	0	3762	6600	2358	10048	1312	5168	1014	17674	358	8622	0	3882	0	298	0	160	0	128	0	0	0	338	0	9760	142	140	0	0	0	0	0	0	0	0	0	0	0	0	0	0	0	5746	0	0	0	4004	0	0	0	0	0	0	0	102	0	0	0	0	0	0	0	0	0	0	0	0	0	0	0	0	0	0	0	
266232	Calcarine_R	0	522	0	0	0	0	0	0	0	0	0	0	0	0	0	0	0	0	0	240	0	0	0	0	0	0	0	0	0	0	0	0	128	1842	122	1984	0	0	0	158	0	0	3762	0	3236	26850	256	18882	0	23442	0	16520	0	3316	0	3706	0	494	0	314	0	300	0	0	0	598	1340	19674	0	624	0	0	0	0	0	0	0	0	0	0	0	0	0	0	0	2158	0	0	0	2478	0	0	0	0	0	0	0	0	0	0	0	0	0	0	0	0	0	0	0	0	170	0	0	0	0	0	
118948	Cuneus_L	738	0	0	0	0	0	0	0	0	0	0	0	0	0	0	0	0	0	90	0	0	0	0	0	0	0	0	0	0	0	0	0	1082	134	2654	240	0	0	0	0	0	0	6600	3236	0	5380	502	340	11976	1148	8382	0	952	0	818	0	694	0	616	0	0	0	0	0	294	0	10098	1266	646	0	0	0	0	0	0	0	0	0	0	0	0	0	0	0	1198	0	0	0	390	0	0	0	0	0	0	0	0	0	0	0	0	0	0	0	0	0	0	0	0	0	0	0	0	0	0	0	
254912	Cuneus_R	0	234	0	222	0	0	0	0	0	0	0	0	0	0	0	0	0	0	152	1062	0	0	0	0	0	0	0	0	0	0	0	0	134	1330	174	1204	0	0	0	0	0	0	2358	26850	5380	0	0	3222	186	34272	0	16428	0	594	0	518	0	1352	0	2194	0	966	0	0	0	512	5228	20822	96	0	0	424	0	0	0	0	0	0	0	0	0	0	0	0	0	666	0	0	0	876	0	0	0	0	0	0	0	0	0	0	0	0	0	0	0	0	0	0	0	0	0	0	0	0	0	0	
195492	Lingual_L	324	0	0	0	0	0	0	0	0	0	0	0	0	0	0	0	0	0	0	0	0	0	0	0	0	0	0	0	0	0	0	0	0	0	936	84	974	0	4300	0	0	0	10048	256	502	0	0	1300	204	0	7256	0	4828	0	16538	512	292	0	0	0	0	0	0	0	0	0	4810	0	0	0	0	0	0	0	0	0	0	0	0	0	0	0	0	0	340	0	0	0	348	0	8892	308	716	144	598	0	8768	1284	13490	1400	0	0	270	122	0	0	0	0	0	0	3590	3190	1036	86	0	0	
224080	Lingual_R	220	460	0	0	0	0	0	0	0	0	0	0	0	0	0	0	0	0	0	134	0	0	0	0	0	0	0	0	0	0	0	0	0	530	0	2112	0	2106	0	5604	0	0	1312	18882	340	3222	1300	0	0	4546	0	4996	0	4476	168	20282	0	0	0	0	0	284	0	0	0	784	0	10504	188	262	0	0	0	0	0	0	0	994	0	0	0	0	0	0	0	924	0	0	0	592	464	5114	0	0	0	146	654	4998	1126	8016	0	0	0	0	0	0	0	0	0	88	3048	2616	462	0	0	86	
114372	Occipital_Sup_L	118	0	0	0	0	0	0	0	0	0	0	0	0	0	0	0	0	0	0	0	0	0	0	0	0	0	0	0	0	0	0	0	856	0	704	0	0	0	0	0	0	0	5168	0	11976	186	204	0	0	0	19664	0	920	0	148	0	732	0	5354	0	1106	0	0	0	518	0	7846	284	184	0	0	0	0	0	0	0	0	0	0	0	0	0	0	0	832	0	0	0	386	0	0	0	0	0	0	0	0	0	0	0	0	0	0	0	0	0	0	0	0	0	0	0	0	0	0	0	
287072	Occipital_Sup_R	0	590	0	194	0	0	0	0	0	0	0	0	0	0	0	0	0	0	0	1068	0	0	0	0	0	0	0	0	0	0	0	0	0	620	0	360	0	114	0	0	0	0	1014	23442	1148	34272	0	4546	0	0	0	31966	0	1502	0	1244	0	1676	0	7008	0	3832	0	322	0	7058	2596	13774	0	220	0	520	0	164	0	154	0	0	0	106	0	238	0	0	0	1454	0	0	0	2334	0	0	0	0	0	0	0	0	0	0	0	0	0	0	0	0	0	0	0	0	0	0	0	0	0	0	
463824	Occipital_Mid_L	1980	0	1196	0	0	0	264	0	0	0	0	0	0	0	0	0	190	0	112	0	0	0	0	0	0	0	0	0	554	0	0	0	10542	0	96	0	0	0	150	0	0	0	17674	0	8382	0	7256	0	19664	0	0	0	28300	0	6954	0	7272	0	15808	0	17304	0	6044	0	20096	0	20232	0	2324	0	152	0	352	0	168	0	0	0	0	0	1112	0	0	0	25176	0	0	0	12558	0	0	0	0	0	0	0	0	0	0	0	0	0	0	0	0	0	0	0	0	0	0	0	0	0	0	0	
279912	Occipital_Mid_R	0	606	0	102	0	0	0	0	0	0	0	0	0	0	0	0	0	0	0	638	0	0	0	0	0	0	0	0	0	0	0	0	0	372	0	456	0	130	0	0	0	0	358	16520	0	16428	0	4996	0	31966	0	0	0	5962	0	2358	0	1852	0	5682	0	6880	0	400	0	16772	1382	10732	0	258	0	378	0	122	0	128	0	0	0	168	0	602	0	0	0	8330	0	0	0	5378	0	0	0	0	0	0	0	0	0	0	0	0	0	0	0	0	0	0	0	0	0	0	0	0	0	0	
187616	Occipital_Inf_L	446	0	0	0	0	0	0	0	0	0	0	0	0	0	0	0	0	0	0	0	0	0	0	0	0	0	0	0	130	0	0	0	636	0	0	0	0	0	312	0	0	0	8622	0	952	0	4828	0	920	0	28300	0	0	0	10772	0	1128	0	382	0	1688	0	1116	0	1828	0	2212	0	156	0	0	0	0	0	0	0	0	0	100	0	700	0	0	0	14810	0	0	0	13658	0	112	0	0	0	0	0	0	0	0	0	0	0	0	0	0	0	0	0	0	0	0	0	0	0	0	0	
64620	Occipital_Inf_R	0	0	0	0	0	0	0	0	0	0	0	0	0	0	0	0	0	0	0	0	0	0	0	0	0	0	0	0	0	310	0	0	0	0	0	0	0	244	0	262	0	0	0	3316	0	594	0	4476	0	1502	0	5962	0	0	0	8598	0	256	0	0	0	0	0	0	0	0	0	0	0	0	0	0	0	0	0	0	0	0	0	306	0	0	0	0	0	1502	0	0	0	4118	0	180	0	0	0	0	0	0	0	482	0	0	0	0	0	0	0	0	0	0	0	202	0	0	0	0	
311688	Fusiform_L	1028	90	408	0	0	0	0	0	0	0	132	0	0	0	0	0	670	0	300	0	0	0	0	0	0	0	0	0	3222	0	0	0	380	0	282	204	11194	292	6982	246	1938	0	3882	0	818	0	16538	168	148	0	6954	0	10772	0	0	0	1050	0	0	0	440	0	322	0	444	0	1808	0	0	0	88	0	742	0	144	0	942	368	2524	0	3804	0	800	0	2146	0	856	0	16926	0	16410	126	2144	0	84	0	7744	650	21014	642	876	0	1226	0	150	0	232	0	0	0	2064	1850	492	0	88	0	
441760	Fusiform_R	0	760	0	1204	0	0	0	180	0	0	0	578	0	0	0	110	0	1848	0	932	0	124	0	176	0	0	0	0	0	5460	0	120	0	0	308	416	322	33434	222	31494	0	5922	0	3706	0	518	512	20282	0	1244	0	2358	0	8598	0	0	0	284	0	0	0	0	0	0	0	0	0	518	0	0	0	0	0	13068	0	422	0	1036	0	748	0	3298	0	3124	0	3586	0	1642	0	15234	0	18158	0	802	0	486	184	11910	384	20076	0	0	0	598	0	120	0	0	0	0	1698	2096	580	0	0	0	
273112	Postcentral_L	32312	0	5012	90	0	0	4020	0	0	0	6366	0	1072	0	0	0	10968	0	2014	102	0	0	0	0	0	0	0	0	6738	0	0	0	920	0	456	0	1256	0	226	0	0	0	298	0	694	0	292	0	732	0	7272	0	1128	0	1050	0	0	0	7166	0	14950	0	9162	0	996	0	4752	0	3656	0	764	0	2960	0	960	0	290	0	2176	0	3010	0	490	0	1298	0	0	0	908	0	0	0	0	0	0	0	0	0	0	0	0	0	0	0	0	0	0	0	0	0	0	0	0	0	0	0	
158048	Postcentral_R	764	15354	0	1746	0	0	0	412	0	0	0	1038	0	0	0	0	0	3314	108	2582	0	0	0	0	0	0	0	0	0	1190	0	328	98	2818	1256	1828	0	596	0	0	0	0	0	494	0	1352	0	0	0	1676	0	1852	0	256	0	284	0	0	0	4382	0	6570	0	10070	0	816	176	3336	2346	7180	0	886	0	1144	0	0	0	0	0	412	0	1476	0	0	0	334	0	0	0	550	0	0	0	0	0	0	0	0	0	0	0	0	0	0	0	0	0	0	0	0	0	0	0	0	0	0	
131348	Parietal_Sup_L	300	0	988	0	0	0	0	0	0	0	0	0	0	0	0	0	0	0	0	0	0	0	0	0	0	0	0	0	220	0	0	0	342	0	0	0	0	0	0	0	0	0	160	0	616	0	0	0	5354	0	15808	0	382	0	0	0	7166	0	0	0	10842	0	794	0	4380	0	14400	0	2766	0	128	0	300	0	152	0	0	0	0	0	0	0	0	0	576	0	0	0	0	0	0	0	0	0	0	0	0	0	0	0	0	0	0	0	0	0	0	0	0	0	0	0	0	0	0	0	
89196	Parietal_Sup_R	0	270	0	0	0	0	0	0	0	0	0	0	0	0	0	0	0	0	0	428	0	0	0	0	0	0	0	0	0	0	0	0	0	0	0	0	0	0	0	0	0	0	0	314	0	2194	0	0	0	7008	0	5682	0	0	0	0	0	4382	0	0	0	7654	0	510	0	8376	482	5898	0	1194	0	206	0	0	0	0	0	0	0	0	0	0	0	0	0	0	0	0	0	0	0	0	0	0	0	0	0	0	0	0	0	0	0	0	0	0	0	0	0	0	0	0	0	0	0	0	
195516	Parietal_Inf_L	3692	0	172	0	0	0	0	0	0	0	0	0	0	0	0	0	0	0	0	0	0	0	0	0	0	0	0	0	230	0	0	0	3492	0	0	0	0	0	0	0	0	0	128	0	0	0	0	0	1106	0	17304	0	1688	0	440	0	14950	0	10842	0	0	0	13908	0	16498	0	5700	0	908	0	0	0	0	0	0	0	0	0	0	0	166	0	0	0	4090	0	0	0	2444	0	0	0	0	0	0	0	0	0	0	0	0	0	0	0	0	0	0	0	0	0	0	0	0	0	0	0	
132492	Parietal_Inf_R	0	848	0	100	0	0	0	0	0	0	0	0	0	0	0	0	0	474	0	444	0	0	0	0	0	0	0	0	0	0	0	0	0	0	0	0	0	0	0	0	0	0	0	300	0	966	0	284	0	3832	0	6880	0	0	0	0	0	6570	0	7654	0	0	0	8998	0	21616	0	2242	0	142	0	0	0	0	0	0	0	0	0	0	0	1328	0	0	0	2440	0	0	0	1128	0	0	0	0	0	0	0	0	0	0	0	0	0	0	0	0	0	0	0	0	0	0	0	0	0	0	
137364	SupraMarginal_L	1366	0	0	0	0	0	0	0	0	0	0	0	0	0	0	0	1620	0	0	0	0	0	0	0	0	0	0	0	606	0	0	0	3442	0	0	0	0	0	0	0	0	0	0	0	0	0	0	0	0	0	6044	0	1116	0	322	0	9162	0	794	0	13908	0	0	0	5606	0	3378	0	0	0	0	0	0	0	0	0	0	0	468	0	6334	0	0	0	11266	0	0	0	3250	0	0	0	0	0	0	0	0	0	0	0	0	0	0	0	0	0	0	0	0	0	0	0	0	0	0	0	
89588	SupraMarginal_R	0	1532	0	110	0	0	0	0	0	0	0	0	0	0	0	0	0	3348	0	184	0	0	0	0	0	0	0	0	0	126	0	0	0	0	0	0	0	0	0	0	0	0	0	0	0	0	0	0	0	322	0	400	0	0	0	0	0	10070	0	510	0	8998	0	0	0	7216	0	0	0	322	0	0	0	0	0	0	0	0	0	350	0	7396	0	0	0	3666	0	0	0	244	0	0	0	0	0	0	0	0	0	0	0	0	0	0	0	0	0	0	0	0	0	0	0	0	0	0	
137736	Angular_L	178	0	100	0	0	0	0	0	0	0	0	0	0	0	0	0	0	0	0	0	0	0	0	0	0	0	0	0	0	0	0	0	1704	0	0	0	0	0	0	0	0	0	338	0	294	0	0	0	518	0	20096	0	1828	0	444	0	996	0	4380	0	16498	0	5606	0	0	0	2830	0	266	0	0	0	0	0	0	0	0	0	0	0	472	0	0	0	10408	0	0	0	1912	0	0	0	0	0	0	0	0	0	0	0	0	0	0	0	0	0	0	0	0	0	0	0	0	0	0	0	
162052	Angular_R	0	148	0	0	0	0	0	0	0	0	0	0	0	0	0	0	0	376	0	614	0	0	0	0	0	0	0	0	0	0	0	0	0	0	0	0	0	0	0	0	0	0	0	598	0	512	0	784	0	7058	0	16772	0	0	0	0	0	816	0	8376	0	21616	0	7216	0	0	0	2064	0	100	0	194	0	0	0	0	0	0	0	0	0	4608	0	0	0	7790	0	0	0	1384	0	0	0	0	0	0	0	0	0	0	0	0	0	0	0	0	0	0	0	0	0	0	0	0	0	0	
281708	Precuneus_L	1562	0	870	0	0	0	0	0	0	0	0	0	0	0	0	0	0	0	234	190	0	0	0	0	0	0	0	0	288	0	0	0	8012	654	5804	1224	1248	408	1368	382	0	0	9760	1340	10098	5228	4810	0	7846	2596	20232	1382	2212	0	1808	0	4752	176	14400	482	5700	0	3378	0	2830	0	0	9174	4064	176	104	0	278	0	126	0	0	142	0	0	446	0	0	0	3410	0	0	0	1424	0	0	0	0	0	0	0	236	0	0	0	0	0	0	0	0	0	0	0	0	0	0	0	0	0	0	0	
267692	Precuneus_R	408	770	0	322	0	0	0	0	0	0	0	0	0	0	0	114	0	0	376	1850	0	0	0	0	0	0	0	0	0	0	0	126	1132	6860	1108	10056	0	1026	0	1446	0	0	142	19674	1266	20822	0	10504	284	13774	0	10732	0	0	0	518	0	3336	0	5898	0	2242	0	0	0	2064	9174	0	592	3230	0	582	0	96	0	0	0	230	0	0	0	0	0	0	0	1078	0	0	0	786	0	0	0	0	0	0	0	390	0	0	0	0	0	0	0	0	0	0	0	0	838	0	0	0	0	0	
221580	Paracentral_Lobule_L	17688	4216	5460	242	0	0	1092	0	0	0	0	0	228	0	168	0	182	0	13240	9416	0	0	130	0	0	0	0	0	1148	0	248	0	3310	9546	3158	1432	742	0	0	0	0	0	140	0	646	96	0	188	184	0	2324	0	156	0	0	0	3656	2346	2766	0	908	0	0	0	266	0	4064	592	0	8580	2386	180	2246	0	1672	0	5364	136	0	0	0	0	0	0	248	0	0	0	0	0	0	0	0	0	0	0	0	0	0	0	0	0	0	0	0	0	0	0	0	0	0	0	0	0	0	0	
105484	Paracentral_Lobule_R	4948	6422	90	0	0	0	0	0	0	0	0	0	0	0	0	0	0	0	800	5084	0	0	0	0	0	0	0	0	0	0	0	0	660	8318	1408	2194	0	0	0	0	0	0	0	624	0	0	0	262	0	220	0	258	0	0	0	0	0	7180	0	1194	0	142	0	322	0	100	176	3230	8580	0	0	0	0	0	0	0	0	0	0	0	0	294	0	0	0	114	0	0	0	122	0	0	0	0	0	0	0	0	0	0	0	0	0	0	0	0	0	0	0	0	0	0	0	0	0	0	
300868	Caudate_L	9166	654	15602	652	752	1040	6628	0	90	0	2538	2032	4776	428	1286	618	1902	0	10478	1728	8202	7922	922	212	306	902	2686	2400	5728	2072	10812	3528	398	310	0	0	626	0	0	0	226	0	0	0	0	0	0	0	0	0	152	0	0	0	88	0	764	0	128	0	0	0	0	0	0	0	104	0	2386	0	0	6818	23584	1628	2218	0	3852	164	384	0	160	0	294	0	0	0	0	0	88	0	0	0	0	0	0	0	0	0	0	0	0	0	0	0	0	0	0	0	0	0	0	0	0	0	0	0	
411360	Caudate_R	1562	10588	396	17546	104	2224	198	2156	0	1020	0	3132	0	5296	0	3490	0	3088	2204	22932	3906	8806	916	10218	132	4390	898	3900	238	8986	3622	19900	310	7240	0	0	0	766	0	96	174	212	0	0	0	424	0	0	0	520	0	378	0	0	0	0	0	886	0	206	0	0	0	0	0	194	0	582	180	0	6818	0	3802	26214	0	2848	0	11822	0	160	0	0	0	0	0	0	0	0	0	0	0	0	0	0	0	0	0	0	0	0	0	0	0	0	0	0	0	0	0	0	0	0	0	0	0	0	
425064	Putamen_L	11474	1172	27420	544	2910	360	9624	0	1372	0	2620	0	2714	0	4584	0	6428	0	13076	1648	3810	4320	2302	392	2242	1146	1882	1272	29724	0	11592	2286	330	370	126	170	9270	84	2590	0	788	0	0	0	0	0	0	0	0	0	352	0	0	0	742	0	2960	0	300	0	0	0	0	0	0	0	278	0	2246	0	23584	3802	0	1122	8944	0	3586	208	1878	0	714	0	432	0	0	0	0	0	742	0	0	0	0	0	0	0	0	0	0	0	0	0	0	0	0	0	0	0	0	0	0	0	0	0	0	0	
494636	Putamen_R	0	4148	242	21518	0	4338	0	3372	0	4366	0	6536	0	2664	0	5728	0	9742	1900	10914	736	2886	790	13512	0	5262	116	1778	0	26684	2068	17910	248	4532	0	0	0	19256	0	13596	0	4708	0	0	0	0	0	0	0	164	0	122	0	0	0	13068	0	1144	0	0	0	0	0	0	0	0	0	96	0	0	1628	26214	1122	0	0	3938	0	2370	0	242	0	1076	0	614	0	288	0	0	0	508	0	210	0	126	0	0	0	4426	0	260	0	0	0	152	0	0	0	0	0	0	0	0	0	0	0	0	
63520	Pallidum_L	3326	0	2520	0	0	0	1414	0	0	0	140	0	0	0	0	0	908	0	1338	0	0	0	0	0	0	0	0	0	3362	0	176	0	0	0	0	0	1414	0	186	0	0	0	0	0	0	0	0	0	0	0	168	0	0	0	144	0	960	0	152	0	0	0	0	0	0	0	126	0	1672	0	2218	0	8944	0	0	0	1738	0	398	0	260	0	0	0	0	0	0	0	196	0	0	0	0	0	0	0	0	0	0	0	0	0	0	0	0	0	0	0	0	0	0	0	0	0	0	0	
31572	Pallidum_R	0	0	0	1374	0	0	0	238	0	210	0	94	0	0	0	218	0	776	0	1044	0	0	0	572	0	0	0	0	0	610	100	1170	0	172	0	0	0	868	0	656	0	0	0	0	0	0	0	0	0	154	0	128	0	0	0	422	0	0	0	0	0	0	0	0	0	0	0	0	0	0	0	2848	0	3938	0	0	0	194	0	0	0	0	0	0	0	0	0	0	0	0	0	0	0	0	0	0	0	0	0	0	0	0	0	0	0	0	0	0	0	0	0	0	0	0	0	0	
128816	Thalamus_L	23654	1002	1544	114	0	0	320	0	0	0	0	0	0	0	0	0	382	0	1960	0	0	0	0	0	0	0	0	0	1892	0	0	0	0	0	606	742	7170	570	2048	248	0	0	0	0	0	0	0	0	0	0	0	0	0	0	942	0	290	0	0	0	0	0	0	0	0	0	0	0	5364	0	3852	0	3586	0	1738	0	0	4382	886	0	564	0	0	0	0	0	0	0	552	0	0	0	0	0	0	0	0	0	0	0	0	0	0	0	0	0	0	0	0	0	0	0	0	0	0	0	
159648	Thalamus_R	3032	26462	0	4844	0	0	0	172	0	0	0	238	0	104	0	160	0	450	136	1734	0	0	0	172	0	0	0	0	0	984	0	116	0	686	2032	2012	2618	6424	1306	3528	0	0	0	0	0	0	0	994	0	0	0	0	0	0	368	1036	0	0	0	0	0	0	0	0	0	0	142	230	136	0	164	11822	208	2370	0	194	4382	0	0	0	0	232	0	0	0	0	0	0	0	0	0	0	0	0	0	0	0	336	0	0	0	0	0	0	0	0	0	0	0	0	0	0	0	0	0	0	
83920	Heschl_L	1596	198	1214	0	0	0	0	0	0	0	130	0	0	0	0	0	4514	0	954	0	0	0	0	0	0	0	0	0	9854	0	0	0	0	0	0	104	4918	0	452	0	0	0	0	0	0	0	0	0	0	0	0	0	100	0	2524	0	2176	0	0	0	0	0	468	0	0	0	0	0	0	0	384	0	1878	0	398	0	886	0	0	0	5296	0	398	0	594	0	0	0	2924	0	0	0	0	0	0	0	0	0	0	0	0	0	0	0	0	0	0	0	0	0	0	0	0	0	0	0	
35240	Heschl_R	0	176	0	0	0	0	0	0	0	0	0	0	0	0	0	0	0	2892	0	84	0	0	0	0	0	0	0	0	0	4012	0	0	0	0	0	0	0	1256	0	438	0	0	0	0	0	0	0	0	0	106	0	168	0	306	0	748	0	412	0	0	0	0	0	350	0	0	0	0	0	0	0	160	0	242	0	0	0	0	0	0	0	4688	0	292	0	658	0	0	0	632	0	0	0	0	0	0	0	0	0	0	0	0	0	0	0	0	0	0	0	0	0	0	0	0	0	0	
174176	Temporal_Sup_L	1312	0	714	0	0	0	220	0	0	0	956	0	102	0	0	0	8148	0	652	0	0	0	0	0	0	0	0	0	7480	0	0	0	442	0	0	88	2232	0	432	0	0	0	0	0	0	0	0	0	0	0	1112	0	700	0	3804	0	3010	0	0	0	166	0	6334	0	472	0	446	0	0	0	160	0	714	0	260	0	564	0	5296	0	0	0	4154	0	19412	0	0	0	17706	0	0	0	0	0	0	0	0	0	0	0	0	0	0	0	0	0	0	0	0	0	0	0	0	0	0	0	
157052	Temporal_Sup_R	0	376	0	0	0	0	0	0	0	0	0	0	0	0	0	0	0	5604	0	166	0	0	0	0	0	0	0	0	0	9984	0	0	0	0	0	0	0	2564	0	1030	0	0	0	0	0	0	0	0	0	238	0	602	0	0	0	3298	0	1476	0	0	0	1328	0	7396	0	4608	0	0	0	294	0	0	0	1076	0	0	0	232	0	4688	0	0	0	6354	0	21644	0	264	0	5304	0	0	0	0	0	0	0	0	0	0	0	0	0	0	0	0	0	0	0	0	0	0	0	0	0	0	
118128	Temporal_Pole_Sup_L	2040	0	3426	0	94	0	1728	0	462	0	5858	0	1048	0	2182	0	7306	0	2598	0	244	0	0	0	0	0	0	0	8012	0	0	0	0	0	0	0	1120	0	162	0	480	0	0	0	0	0	0	0	0	0	0	0	0	0	800	0	490	0	0	0	0	0	0	0	0	0	0	0	0	0	294	0	432	0	0	0	0	0	398	0	4154	0	0	0	6580	0	4612	0	4544	0	0	0	0	0	0	0	0	0	0	0	0	0	0	0	0	0	0	0	0	0	0	0	0	0	0	0	
78480	Temporal_Pole_Sup_R	0	0	0	0	0	0	0	0	0	0	0	0	0	0	0	340	0	2350	0	0	0	206	0	0	0	0	0	0	0	5984	0	0	0	0	0	0	0	866	0	1342	0	1168	0	0	0	0	0	0	0	0	0	0	0	0	0	3124	0	0	0	0	0	0	0	0	0	0	0	0	0	0	0	0	0	614	0	0	0	0	0	292	0	6354	0	0	0	5990	0	5432	0	5178	0	0	0	0	0	0	0	0	0	0	0	0	0	0	0	0	0	0	0	0	0	0	0	0	0	0	
313728	Temporal_Mid_L	582	0	0	0	0	0	0	0	0	0	0	0	0	0	0	0	438	0	0	0	0	0	0	0	0	0	0	0	2442	0	0	0	1270	0	0	0	356	0	94	0	0	0	5746	0	1198	0	340	0	832	0	25176	0	14810	0	2146	0	1298	0	576	0	4090	0	11266	0	10408	0	3410	0	248	0	0	0	0	0	0	0	0	0	594	0	19412	0	6580	0	0	0	5296	0	38256	0	0	0	0	0	0	0	0	0	0	0	0	0	0	0	0	0	0	0	0	0	0	0	0	0	0	0	
172584	Temporal_Mid_R	0	136	0	0	0	0	0	0	0	0	0	0	0	0	0	0	0	546	0	0	0	0	0	0	0	0	0	0	0	2824	0	0	0	0	0	0	0	906	0	260	0	0	0	2158	0	666	0	924	0	1454	0	8330	0	1502	0	3586	0	334	0	0	0	2440	0	3666	0	7790	0	1078	0	114	0	0	0	288	0	0	0	0	0	658	0	21644	0	5990	0	0	0	1606	0	17392	0	0	0	0	0	0	0	0	0	0	0	0	0	0	0	0	0	0	0	0	0	0	0	0	0	0	
35156	Temporal_Pole_Mid_L	0	0	0	0	0	0	0	0	0	0	0	0	0	0	0	0	0	0	0	0	0	0	0	0	0	0	0	0	130	0	0	0	0	0	0	0	226	0	126	0	214	0	0	0	0	0	0	0	0	0	0	0	0	0	856	0	0	0	0	0	0	0	0	0	0	0	0	0	0	0	0	0	0	0	0	0	0	0	0	0	0	0	4612	0	5296	0	0	0	6118	0	0	0	0	0	0	0	0	0	0	0	0	0	0	0	0	0	0	0	0	0	0	0	0	0	0	0	
26424	Temporal_Pole_Mid_R	0	0	0	0	0	0	0	0	0	0	0	0	0	0	0	96	0	0	0	0	0	0	0	0	0	0	0	0	0	0	0	0	0	0	0	0	0	0	0	840	0	152	0	0	0	0	0	0	0	0	0	0	0	0	0	1642	0	0	0	0	0	0	0	0	0	0	0	0	0	0	0	0	0	0	0	0	0	0	0	0	0	264	0	5432	0	1606	0	0	0	3180	0	0	0	0	0	0	0	0	0	0	0	0	0	0	0	0	0	0	0	0	0	0	0	0	0	0	
304152	Temporal_Inf_L	1016	0	356	0	0	0	0	0	0	0	110	0	0	0	0	0	854	0	252	0	0	0	0	0	0	0	0	0	5194	0	0	0	480	0	0	0	8614	0	598	0	708	0	4004	0	390	0	348	0	386	0	12558	0	13658	0	16926	0	908	0	0	0	2444	0	3250	0	1912	0	1424	0	0	0	88	0	742	0	196	0	552	0	2924	0	17706	0	4544	0	38256	0	6118	0	0	0	2604	0	604	0	0	0	0	0	780	0	378	0	194	0	0	0	0	0	0	0	0	0	0	0	0	0	
168884	Temporal_Inf_R	0	256	0	0	0	0	0	0	0	0	0	0	0	0	0	88	0	0	0	0	0	0	0	0	0	0	0	0	0	1338	0	0	0	84	0	0	0	4486	0	1616	0	1110	0	2478	0	876	0	592	0	2334	0	5378	0	4118	0	15234	0	550	0	0	0	1128	0	244	0	1384	0	786	0	122	0	0	0	508	0	0	0	0	0	632	0	5304	0	5178	0	17392	0	3180	0	0	0	5284	0	802	0	0	0	446	0	1270	0	0	0	244	0	0	0	0	0	0	0	0	0	0	0	0	
357116	Cerebelum_Crus1_L	0	0	0	0	0	0	0	0	0	0	0	0	0	0	0	0	0	0	0	0	0	0	0	0	0	0	0	0	0	0	0	0	0	0	0	0	286	0	90	0	0	0	0	0	0	0	8892	464	0	0	0	0	112	0	16410	0	0	0	0	0	0	0	0	0	0	0	0	0	0	0	0	0	0	0	0	0	0	0	0	0	0	0	0	0	0	0	0	0	2604	0	0	300	33554	1150	1462	192	15978	1134	46504	882	10312	136	17384	1076	2294	570	680	0	0	168	5672	5356	3150	718	614	414	
340504	Cerebelum_Crus1_R	0	0	0	0	0	0	0	0	0	0	0	0	0	0	0	0	0	0	0	0	0	0	0	0	0	0	0	0	0	0	0	0	0	0	0	0	0	360	0	402	0	0	0	0	0	0	308	5114	0	0	0	0	0	180	126	18158	0	0	0	0	0	0	0	0	0	0	0	0	0	0	0	0	0	210	0	0	0	0	0	0	0	0	0	0	0	0	0	0	0	5284	300	0	0	32696	0	3414	514	13758	532	44340	0	3128	116	21806	0	2808	0	420	0	1448	4518	2094	4082	1942	1834	360	
230972	Cerebelum_Crus2_L	0	0	0	0	0	0	0	0	0	0	0	0	0	0	0	0	0	0	0	0	0	0	0	0	0	0	0	0	0	0	0	0	0	0	0	0	150	0	0	0	0	0	0	0	0	0	716	0	0	0	0	0	0	0	2144	0	0	0	0	0	0	0	0	0	0	0	0	0	0	0	0	0	0	0	0	0	0	0	0	0	0	0	0	0	0	0	0	0	604	0	33554	0	0	2676	374	0	2802	86	11842	0	25812	1198	23168	1354	1828	276	632	0	0	0	278	698	3442	1460	232	160	
235316	Cerebelum_Crus2_R	0	0	0	0	0	0	0	0	0	0	0	0	0	0	0	0	0	0	0	0	0	0	0	0	0	0	0	0	0	0	0	0	0	0	0	0	0	142	0	198	0	108	0	0	0	0	144	0	0	0	0	0	0	0	0	802	0	0	0	0	0	0	0	0	0	0	0	0	0	0	0	0	0	126	0	0	0	0	0	0	0	0	0	0	0	0	0	0	0	802	1150	32696	2676	0	0	1354	0	4046	500	10364	948	15316	1940	29646	194	2724	0	368	0	474	496	318	6140	2684	1178	124	
27928	Cerebelum_3_L	0	0	0	0	0	0	0	0	0	0	0	0	0	0	0	0	0	0	0	0	0	0	0	0	0	0	0	0	0	0	0	0	0	0	0	0	0	0	170	0	0	0	0	0	0	0	598	0	0	0	0	0	0	0	84	0	0	0	0	0	0	0	0	0	0	0	0	0	0	0	0	0	0	0	0	0	0	0	0	0	0	0	0	0	0	0	0	0	0	0	1462	0	374	0	0	0	5654	0	1788	0	0	0	784	0	1440	0	114	0	250	642	460	144	0	0	0	0	
65000	Cerebelum_3_R	0	0	0	0	0	0	0	0	0	0	0	0	0	0	0	0	0	0	0	0	0	0	0	0	0	0	0	0	0	0	0	0	0	0	0	0	0	0	84	0	0	0	0	0	0	0	0	146	0	0	0	0	0	0	0	486	0	0	0	0	0	0	0	0	0	0	0	0	0	0	0	0	0	0	0	0	0	0	0	0	0	0	0	0	0	0	0	0	0	0	192	3414	0	1354	0	0	308	4836	200	4764	0	0	90	2018	0	2782	0	0	248	3844	1638	176	1528	1694	2314	384	
198736	Cerebelum_4_5_L	0	0	0	0	0	0	0	0	0	0	0	0	0	0	0	0	0	0	0	0	0	0	0	0	0	0	0	0	0	0	0	0	0	0	0	0	594	0	954	0	0	0	102	0	0	0	8768	654	0	0	0	0	0	0	7744	184	0	0	0	0	0	0	0	0	0	0	236	0	0	0	0	0	0	0	0	0	0	0	0	0	0	0	0	0	0	0	0	0	0	0	15978	514	2802	0	5654	308	0	2494	25618	1178	1228	0	4450	0	4322	186	740	0	310	640	10648	1858	306	196	292	410	
228952	Cerebelum_4_5_R	0	214	0	740	0	0	0	96	0	0	0	214	0	0	0	0	0	430	0	598	0	0	0	104	0	0	0	0	0	800	0	0	0	0	0	0	0	5910	0	7530	0	970	0	0	0	0	1284	4998	0	0	0	0	0	0	650	11910	0	0	0	0	0	0	0	0	0	0	0	390	0	0	0	0	0	4426	0	0	0	336	0	0	0	0	0	0	0	0	0	0	0	446	1134	13758	86	4046	0	4836	2494	0	1982	21102	92	0	224	4426	0	2044	0	140	196	1404	10382	814	914	800	1380	176	
332284	Cerebelum_6_L	0	0	0	0	0	0	0	0	0	0	0	0	0	0	0	0	0	0	0	0	0	0	0	0	0	0	0	0	0	0	0	0	0	0	0	0	526	0	352	0	0	0	0	0	0	0	13490	1126	0	0	0	0	0	0	21014	384	0	0	0	0	0	0	0	0	0	0	0	0	0	0	0	0	0	0	0	0	0	0	0	0	0	0	0	0	0	0	0	0	780	0	46504	532	11842	500	1788	200	25618	1982	0	2152	3410	112	8006	438	2176	306	1000	0	0	244	9760	8590	2168	402	378	362	
309052	Cerebelum_6_R	0	0	0	0	0	0	0	0	0	0	0	0	0	0	0	0	0	0	0	0	0	0	0	0	0	0	0	0	0	0	0	0	0	0	0	0	0	326	0	464	0	0	0	0	0	0	1400	8016	0	0	0	0	0	482	642	20076	0	0	0	0	0	0	0	0	0	0	0	0	0	0	0	0	0	260	0	0	0	0	0	0	0	0	0	0	0	0	0	0	0	1270	882	44340	0	10364	0	4764	1178	21102	2152	0	0	96	186	7060	0	2858	0	306	294	1956	8664	4798	4392	2030	2782	1386	
146176	Cerebelum_7b_L	0	0	0	0	0	0	0	0	0	0	0	0	0	0	0	0	0	0	0	0	0	0	0	0	0	0	0	0	0	0	0	0	0	0	0	0	0	0	0	0	0	0	0	0	0	0	0	0	0	0	0	0	0	0	876	0	0	0	0	0	0	0	0	0	0	0	0	0	0	0	0	0	0	0	0	0	0	0	0	0	0	0	0	0	0	0	0	0	378	0	10312	0	25812	948	0	0	1228	92	3410	0	0	496	23672	398	1916	0	556	0	0	0	422	104	1432	1036	0	0	
78356	Cerebelum_7b_R	0	0	0	0	0	0	0	0	0	0	0	0	0	0	0	0	0	0	0	0	0	0	0	0	0	0	0	0	0	0	0	0	0	0	0	0	0	0	0	0	0	0	0	0	0	0	0	0	0	0	0	0	0	0	0	0	0	0	0	0	0	0	0	0	0	0	0	0	0	0	0	0	0	0	0	0	0	0	0	0	0	0	0	0	0	0	0	0	0	0	136	3128	1198	15316	0	0	0	0	112	96	496	0	388	15986	0	536	0	0	0	0	0	0	1404	382	0	0	
225668	Cerebelum_8_L	0	0	0	0	0	0	0	0	0	0	0	0	0	0	0	0	0	0	0	0	0	0	0	0	0	0	0	0	0	0	0	0	0	0	0	0	0	0	0	0	0	0	0	0	0	0	270	0	0	0	0	0	0	0	1226	0	0	0	0	0	0	0	0	0	0	0	0	0	0	0	0	0	0	0	0	0	0	0	0	0	0	0	0	0	0	0	0	0	194	0	17384	116	23168	1940	784	90	4450	224	8006	186	23672	388	0	3062	11782	1026	2522	0	0	0	1034	662	4604	4318	1186	540	
235092	Cerebelum_8_R	0	0	0	0	0	0	0	0	0	0	0	0	0	0	0	0	0	0	0	0	0	0	0	0	0	0	0	0	0	0	0	0	0	0	0	0	0	168	0	228	0	128	0	0	0	0	122	0	0	0	0	0	0	0	0	598	0	0	0	0	0	0	0	0	0	0	0	0	0	0	0	0	0	152	0	0	0	0	0	0	0	0	0	0	0	0	0	0	0	244	1076	21806	1354	29646	0	2018	0	4426	438	7060	398	15986	3062	0	744	11978	0	1244	0	710	346	304	5462	5344	2214	290	
73548	Cerebelum_9_L	0	0	0	0	0	0	0	0	0	0	0	0	0	0	0	0	0	0	0	0	0	0	0	0	0	0	0	0	0	0	0	0	0	0	0	0	0	0	0	0	0	0	0	0	0	0	0	0	0	0	0	0	0	0	150	0	0	0	0	0	0	0	0	0	0	0	0	0	0	0	0	0	0	0	0	0	0	0	0	0	0	0	0	0	0	0	0	0	0	0	2294	0	1828	194	1440	0	4322	0	2176	0	1916	0	11782	744	0	1028	3532	0	0	0	0	602	1600	1232	1430	504	
102056	Cerebelum_9_R	0	0	0	0	0	0	0	0	0	0	0	0	0	0	0	0	0	0	0	0	0	0	0	0	0	0	0	0	0	0	0	0	0	0	0	0	0	0	0	122	0	0	0	0	0	0	0	0	0	0	0	0	0	0	0	120	0	0	0	0	0	0	0	0	0	0	0	0	0	0	0	0	0	0	0	0	0	0	0	0	0	0	0	0	0	0	0	0	0	0	570	2808	276	2724	0	2782	186	2044	306	2858	0	536	1026	11978	1028	0	0	1216	0	2276	954	1148	3970	4174	5892	2034	
20016	Cerebelum_10_L	0	0	0	0	0	0	0	0	0	0	0	0	0	0	0	0	0	0	0	0	0	0	0	0	0	0	0	0	0	0	0	0	0	0	0	0	0	0	0	0	0	0	0	0	0	0	0	0	0	0	0	0	0	0	232	0	0	0	0	0	0	0	0	0	0	0	0	0	0	0	0	0	0	0	0	0	0	0	0	0	0	0	0	0	0	0	0	0	0	0	680	0	632	0	114	0	740	0	1000	0	556	0	2522	0	3532	0	0	0	0	0	0	0	0	0	0	0	
7564	Cerebelum_10_R	0	0	0	0	0	0	0	0	0	0	0	0	0	0	0	0	0	0	0	0	0	0	0	0	0	0	0	0	0	0	0	0	0	0	0	0	0	0	0	88	0	0	0	0	0	0	0	0	0	0	0	0	0	0	0	0	0	0	0	0	0	0	0	0	0	0	0	0	0	0	0	0	0	0	0	0	0	0	0	0	0	0	0	0	0	0	0	0	0	0	0	420	0	368	0	0	0	140	0	306	0	0	0	1244	0	1216	0	0	0	0	0	0	0	0	0	0	
11100	Vermis_1_2	0	0	0	0	0	0	0	0	0	0	0	0	0	0	0	0	0	0	0	0	0	0	0	0	0	0	0	0	0	0	0	0	0	0	0	0	0	0	0	0	0	0	0	0	0	0	0	0	0	0	0	0	0	0	0	0	0	0	0	0	0	0	0	0	0	0	0	0	0	0	0	0	0	0	0	0	0	0	0	0	0	0	0	0	0	0	0	0	0	0	0	0	0	0	250	248	310	196	0	294	0	0	0	0	0	0	0	0	0	2782	1150	106	0	0	92	122	
47916	Vermis_3	0	0	0	0	0	0	0	0	0	0	0	0	0	0	0	0	0	0	0	0	0	0	0	0	0	0	0	0	0	0	0	0	0	0	0	0	0	0	98	0	0	0	0	0	0	0	0	88	0	0	0	0	0	0	0	0	0	0	0	0	0	0	0	0	0	0	0	0	0	0	0	0	0	0	0	0	0	0	0	0	0	0	0	0	0	0	0	0	0	0	168	1448	0	474	642	3844	640	1404	244	1956	0	0	0	710	0	2276	0	0	2782	0	1892	218	1298	1446	1866	464	
157956	Vermis_4_5	0	0	0	0	0	0	0	0	0	0	0	0	0	0	0	0	0	0	0	0	0	0	0	0	0	0	0	0	0	0	0	0	0	0	0	362	0	216	0	194	0	0	0	170	0	0	3590	3048	0	0	0	0	0	0	2064	1698	0	0	0	0	0	0	0	0	0	0	0	838	0	0	0	0	0	0	0	0	0	0	0	0	0	0	0	0	0	0	0	0	0	0	5672	4518	278	496	460	1638	10648	10382	9760	8664	422	0	1034	346	0	954	0	0	1150	1892	0	4560	530	616	1146	1632	
102644	Vermis_6	0	0	0	0	0	0	0	0	0	0	0	0	0	0	0	0	0	0	0	0	0	0	0	0	0	0	0	0	0	0	0	0	0	0	0	0	0	0	0	0	0	0	0	0	0	0	3190	2616	0	0	0	0	0	202	1850	2096	0	0	0	0	0	0	0	0	0	0	0	0	0	0	0	0	0	0	0	0	0	0	0	0	0	0	0	0	0	0	0	0	0	0	5356	2094	698	318	144	176	1858	814	8590	4798	104	0	662	304	602	1148	0	0	106	218	4560	0	3334	752	1622	3110	
127956	Vermis_7	0	0	0	0	0	0	0	0	0	0	0	0	0	0	0	0	0	0	0	0	0	0	0	0	0	0	0	0	0	0	0	0	0	0	0	0	0	0	0	88	0	0	0	0	0	0	1036	462	0	0	0	0	0	0	492	580	0	0	0	0	0	0	0	0	0	0	0	0	0	0	0	0	0	0	0	0	0	0	0	0	0	0	0	0	0	0	0	0	0	0	3150	4082	3442	6140	0	1528	306	914	2168	4392	1432	1404	4604	5462	1600	3970	0	0	0	1298	530	3334	0	6096	3888	1580	
