data	data	402140	181752	835624	904272	157004	63852	601448	271188	107944	34008	238820	165332	234816	140180	198684	136668	243676	128804	771880	835768	73680	69008	395796	342804	26756	64824	65488	65940	789952	355904	277244	390356	168748	503852	130388	93156	395172	280856	143936	96548	40500	69908	158928	290852	147700	243064	230252	192912	186164	324608	501608	328104	222392	71096	506568	275092	265848	289832	128576	206424	149520	191488	109820	130904	124704	194612	291408	355932	334628	192452	271816	452488	416000	356000	44108	35936	164820	202076	172832	20656	237328	92912	83732	51780	306564	146028	18972	17160	340008	138076	332688	336164	191788	204900	12740	30368	207468	147944	340484	324116	129168	62028	143128	215052	69848	56268	19020	2132	10876	24652	164096	175528	125404	85332	39608	14968	
data	data	Precentral_L	Precentral_R	Frontal_Sup_L	Frontal_Sup_R	Frontal_Sup_Orb_L	Frontal_Sup_Orb_R	Frontal_Mid_L	Frontal_Mid_R	Frontal_Mid_Orb_L	Frontal_Mid_Orb_R	Frontal_Inf_Oper_L	Frontal_Inf_Oper_R	Frontal_Inf_Tri_L	Frontal_Inf_Tri_R	Frontal_Inf_Orb_L	Frontal_Inf_Orb_R	Rolandic_Oper_L	Rolandic_Oper_R	Supp_Motor_Area_L	Supp_Motor_Area_R	Olfactory_L	Olfactory_R	Frontal_Sup_Medial_L	Frontal_Sup_Medial_R	Frontal_Med_Orb_L	Frontal_Med_Orb_R	Rectus_L	Rectus_R	Insula_L	Insula_R	Cingulum_Ant_L	Cingulum_Ant_R	Cingulum_Mid_L	Cingulum_Mid_R	Cingulum_Post_L	Cingulum_Post_R	Hippocampus_L	Hippocampus_R	ParaHippocampal_L	ParaHippocampal_R	Amygdala_L	Amygdala_R	Calcarine_L	Calcarine_R	Cuneus_L	Cuneus_R	Lingual_L	Lingual_R	Occipital_Sup_L	Occipital_Sup_R	Occipital_Mid_L	Occipital_Mid_R	Occipital_Inf_L	Occipital_Inf_R	Fusiform_L	Fusiform_R	Postcentral_L	Postcentral_R	Parietal_Sup_L	Parietal_Sup_R	Parietal_Inf_L	Parietal_Inf_R	SupraMarginal_L	SupraMarginal_R	Angular_L	Angular_R	Precuneus_L	Precuneus_R	Paracentral_Lobule_L	Paracentral_Lobule_R	Caudate_L	Caudate_R	Putamen_L	Putamen_R	Pallidum_L	Pallidum_R	Thalamus_L	Thalamus_R	Heschl_L	Heschl_R	Temporal_Sup_L	Temporal_Sup_R	Temporal_Pole_Sup_L	Temporal_Pole_Sup_R	Temporal_Mid_L	Temporal_Mid_R	Temporal_Pole_Mid_L	Temporal_Pole_Mid_R	Temporal_Inf_L	Temporal_Inf_R	Cerebelum_Crus1_L	Cerebelum_Crus1_R	Cerebelum_Crus2_L	Cerebelum_Crus2_R	Cerebelum_3_L	Cerebelum_3_R	Cerebelum_4_5_L	Cerebelum_4_5_R	Cerebelum_6_L	Cerebelum_6_R	Cerebelum_7b_L	Cerebelum_7b_R	Cerebelum_8_L	Cerebelum_8_R	Cerebelum_9_L	Cerebelum_9_R	Cerebelum_10_L	Cerebelum_10_R	Vermis_1_2	Vermis_3	Vermis_4_5	Vermis_6	Vermis_7	Vermis_8	Vermis_9	Vermis_10	
402140	Precentral_L	0	356	11086	3472	0	0	20756	118	0	0	12048	0	520	0	0	0	10236	0	12214	3676	0	0	100	0	0	0	0	0	11044	0	188	388	554	520	1706	1038	7204	752	2664	0	0	0	0	0	0	0	0	0	104	0	4028	0	3612	0	6284	0	26944	130	1168	0	4292	0	3918	0	1418	0	330	0	22378	338	1000	1086	4962	638	568	0	4604	878	4612	0	2668	0	0	0	2526	0	0	0	1944	0	0	0	0	0	0	0	0	0	0	0	0	0	0	0	0	0	0	0	0	0	0	0	0	0	0	0	
181752	Precentral_R	356	0	270	6468	0	0	486	11490	0	0	0	5032	0	746	0	522	0	2154	1120	3148	0	0	150	200	0	0	0	0	804	1830	142	2298	90	286	386	894	214	3596	0	454	0	474	0	254	0	480	0	0	0	554	0	334	0	180	0	640	0	16982	0	222	0	504	0	1240	0	188	176	1194	1104	6028	886	5568	758	2864	0	248	1506	4544	0	0	0	0	0	0	0	0	0	0	0	812	0	0	0	0	0	0	0	0	0	0	0	0	0	0	0	0	0	0	0	0	0	0	0	0	0	0	
835624	Frontal_Sup_L	11086	270	0	6502	11664	0	76250	1122	6956	0	21066	222	11982	158	12268	296	15348	0	45914	8430	704	0	43582	5632	712	0	394	0	42316	342	15406	3666	3662	2426	250	0	10160	92	2882	0	130	0	0	0	0	0	0	0	136	0	614	0	130	0	3156	0	1912	0	0	0	1044	0	200	0	270	0	156	0	954	0	8292	1040	20654	434	996	0	524	0	4482	0	5760	0	2718	0	632	0	0	0	1818	0	0	0	0	0	0	0	0	0	0	0	0	0	0	0	0	0	0	0	0	0	0	0	0	0	0	0	
904272	Frontal_Sup_R	3472	6468	6502	0	0	2952	3830	36322	0	144	742	5850	762	4342	140	3538	244	6484	19680	89694	134	650	13446	40232	0	3204	0	1564	3474	13260	5530	31550	3774	23230	308	268	658	10906	110	1234	0	1576	0	0	0	0	0	100	0	0	0	118	0	0	142	1670	962	1754	0	156	0	248	0	236	0	0	0	0	3474	162	4032	36388	1520	24906	160	3354	1778	23680	114	0	148	0	0	572	0	0	0	0	0	188	0	0	0	0	0	0	0	0	0	0	0	0	0	0	0	0	0	0	0	0	0	0	0	0	0	0	
157004	Frontal_Sup_Orb_L	0	0	11664	0	0	0	2930	0	14070	0	0	0	228	0	14470	0	0	0	0	0	2838	238	4432	112	3194	0	7216	0	3402	0	4552	114	0	0	0	0	0	0	600	0	178	0	0	0	0	0	0	0	0	0	0	0	0	0	0	0	0	0	0	0	0	0	0	0	0	0	0	0	0	0	1664	230	5832	0	0	0	0	0	0	0	0	0	538	0	0	0	0	0	0	0	0	0	0	0	0	0	0	0	0	0	0	0	0	0	0	0	0	0	0	0	0	0	0	0	0	0	
63852	Frontal_Sup_Orb_R	0	0	0	2952	0	0	0	564	0	4796	0	0	0	0	0	2980	0	0	0	0	166	2084	0	1836	0	6028	0	7622	0	208	0	556	0	0	0	0	0	0	0	0	0	0	0	0	0	0	0	0	0	0	0	0	0	0	0	0	0	0	0	0	0	0	0	0	0	0	0	0	0	0	172	1270	0	692	0	0	0	0	0	0	0	0	0	0	0	0	0	0	0	0	0	0	0	0	0	0	0	0	0	0	0	0	0	0	0	0	0	0	0	0	0	0	0	0	0	0	
601448	Frontal_Mid_L	20756	486	76250	3830	2930	0	0	1032	8846	0	14314	210	36290	154	14910	394	4802	0	11300	4548	858	0	17496	1766	0	0	0	0	26574	248	7374	1604	3038	1006	0	0	2492	0	574	0	190	0	0	0	0	0	0	0	114	0	496	0	246	0	1258	0	3424	126	0	0	1788	0	486	0	392	0	0	0	0	0	9388	1802	11010	738	0	0	128	0	3056	0	994	0	406	0	454	0	0	0	146	0	0	0	0	0	0	0	0	0	0	0	0	0	0	0	0	0	0	0	0	0	0	0	0	0	0	0	
271188	Frontal_Mid_R	118	11490	1122	36322	0	564	1032	0	0	1138	0	6640	280	11982	0	4194	0	2078	1342	5570	0	0	3088	7898	0	0	0	0	1538	7796	1740	10882	612	5304	0	0	0	938	0	0	0	466	0	0	0	0	0	0	0	0	0	0	0	0	0	512	0	2798	0	0	0	114	0	576	0	0	0	0	0	90	1646	2472	404	2748	0	100	0	0	0	0	0	0	0	0	0	0	0	0	0	0	0	0	0	0	0	0	0	0	0	0	0	0	0	0	0	0	0	0	0	0	0	0	0	0	0	0	
107944	Frontal_Mid_Orb_L	0	0	6956	0	14070	0	8846	0	0	0	0	0	1660	0	16666	0	0	0	0	0	160	0	120	0	396	0	2982	0	450	0	194	0	0	0	0	0	0	0	0	0	0	0	0	0	0	0	0	0	0	0	0	0	0	0	0	0	0	0	0	0	0	0	0	0	0	0	0	0	0	0	264	0	1082	0	0	0	0	0	0	0	0	0	126	0	0	0	0	0	0	0	0	0	0	0	0	0	0	0	0	0	0	0	0	0	0	0	0	0	0	0	0	0	0	0	0	0	
34008	Frontal_Mid_Orb_R	0	0	0	144	0	4796	0	1138	0	0	0	0	0	140	0	7074	0	0	0	0	0	290	0	0	0	370	0	848	0	0	0	0	0	0	0	0	0	0	0	0	0	0	0	0	0	0	0	0	0	0	0	0	0	0	0	0	0	0	0	0	0	0	0	0	0	0	0	0	0	0	0	694	0	1510	0	0	0	0	0	0	0	0	0	0	0	0	0	0	0	0	0	0	0	0	0	0	0	0	0	0	0	0	0	0	0	0	0	0	0	0	0	0	0	0	0	0	
238820	Frontal_Inf_Oper_L	12048	0	21066	742	0	0	14314	0	0	0	0	0	7202	0	0	0	15510	0	11838	1240	0	0	520	0	0	0	0	0	20658	0	530	0	320	0	0	0	332	0	0	0	0	0	0	0	0	0	0	0	0	0	0	0	0	0	252	0	1642	0	0	0	0	0	0	0	0	0	0	0	0	0	150	0	350	0	0	0	0	0	2824	0	4870	0	2636	0	0	0	0	0	366	0	0	0	0	0	0	0	0	0	0	0	0	0	0	0	0	0	0	0	0	0	0	0	0	0	0	0	
165332	Frontal_Inf_Oper_R	0	5032	222	5850	0	0	210	6640	0	0	0	0	0	10018	0	714	0	2640	1312	6236	0	0	108	644	0	0	0	0	314	16996	94	3976	0	1580	0	0	0	152	0	0	0	0	0	0	0	0	0	0	0	0	0	0	0	0	0	130	0	2072	0	0	0	0	0	302	0	0	0	0	0	0	474	6500	102	8834	0	0	0	0	0	0	0	0	0	1514	0	0	0	0	0	0	0	0	0	0	0	0	0	0	0	0	0	0	0	0	0	0	0	0	0	0	0	0	0	0	0	0	
234816	Frontal_Inf_Tri_L	520	0	11982	762	228	0	36290	280	1660	0	7202	0	0	0	12274	94	328	0	5172	854	0	0	1858	222	0	0	0	0	25422	0	1604	312	3254	104	0	0	0	0	0	0	0	0	0	0	0	0	0	0	0	0	0	0	0	0	0	0	0	0	0	0	0	0	0	0	0	0	0	0	0	0	2916	620	2416	0	0	0	0	0	0	0	182	0	852	0	0	0	0	0	0	0	0	0	0	0	0	0	0	0	0	0	0	0	0	0	0	0	0	0	0	0	0	0	0	0	0	0	
140180	Frontal_Inf_Tri_R	0	746	158	4342	0	0	154	11982	0	140	0	10018	0	0	0	3368	0	0	2432	5742	0	0	130	1028	0	0	0	0	136	17846	0	1290	0	4266	0	0	0	0	0	0	0	0	0	0	0	0	0	0	0	0	0	0	0	0	0	0	0	144	0	0	0	0	0	0	0	0	0	0	0	0	188	2272	0	3708	0	0	0	0	0	0	0	0	0	0	0	0	0	0	0	0	0	0	0	0	0	0	0	0	0	0	0	0	0	0	0	0	0	0	0	0	0	0	0	0	0	0	
198684	Frontal_Inf_Orb_L	0	0	12268	140	14470	0	14910	0	16666	0	0	0	12274	0	0	0	0	0	730	0	1834	0	526	0	0	0	2644	0	10842	0	646	0	570	0	0	0	0	0	174	0	110	0	0	0	0	0	0	0	0	0	0	0	0	0	0	0	0	0	0	0	0	0	0	0	0	0	0	0	0	0	2038	136	6396	0	0	0	0	0	0	0	0	0	1968	0	0	0	0	0	0	0	0	0	0	0	0	0	0	0	0	0	0	0	0	0	0	0	0	0	0	0	0	0	0	0	0	0	
136668	Frontal_Inf_Orb_R	0	522	296	3538	0	2980	394	4194	0	7074	0	714	94	3368	0	0	0	0	1226	3996	0	820	230	730	0	0	0	1002	650	12804	170	732	0	2380	0	0	0	0	0	0	0	0	0	0	0	0	0	0	0	0	0	0	0	0	0	0	0	154	0	0	0	0	0	0	0	0	0	0	0	0	958	8926	112	9230	0	570	0	380	0	0	0	0	0	90	0	0	0	0	0	0	0	0	0	0	0	0	0	0	0	0	0	0	0	0	0	0	0	0	0	0	0	0	0	0	0	0	
243676	Rolandic_Oper_L	10236	0	15348	244	0	0	4802	0	0	0	15510	0	328	0	0	0	0	0	12054	258	0	0	0	0	0	0	0	0	21580	0	0	0	0	0	0	0	834	0	196	0	0	0	0	0	0	0	0	0	174	0	2146	0	972	0	1566	0	7208	0	0	0	352	0	2282	0	578	0	0	0	96	0	118	0	150	0	0	0	0	0	6658	0	12242	0	1584	0	2256	0	0	0	2066	0	0	0	0	0	0	0	0	0	0	0	0	0	0	0	0	0	0	0	0	0	0	0	0	0	0	0	
128804	Rolandic_Oper_R	0	2154	0	6484	0	0	0	2078	0	0	0	2640	0	0	0	0	0	0	0	4070	0	0	0	0	0	0	0	0	0	14404	0	0	0	626	0	0	0	3250	0	514	0	0	0	0	0	0	0	0	0	346	0	412	0	0	0	1594	0	3604	0	1158	0	428	0	3044	0	628	0	1096	0	1030	0	844	0	6570	0	92	0	0	0	1772	0	4256	0	248	0	772	0	0	0	288	0	0	0	0	0	0	0	0	0	0	0	0	0	0	0	0	0	0	0	0	0	0	0	0	0	0	
771880	Supp_Motor_Area_L	12214	1120	45914	19680	0	0	11300	1342	0	0	11838	1312	5172	2432	730	1226	12054	0	0	46626	0	0	7168	3972	0	0	0	0	36354	4078	2960	5554	8228	20952	652	0	11238	242	2164	0	0	0	0	0	0	0	0	0	0	0	0	0	0	0	4062	0	5386	238	0	0	0	0	96	0	0	0	196	0	24384	1778	9012	3492	27632	808	7058	0	8686	320	914	0	8094	0	2386	0	342	0	0	0	4534	0	0	0	0	0	0	0	0	0	0	0	0	0	0	0	0	0	0	0	0	0	0	0	0	0	0	0	
835768	Supp_Motor_Area_R	3676	3148	8430	89694	0	0	4548	5570	0	0	1240	6236	854	5742	0	3996	258	4070	46626	0	0	0	2956	9004	0	0	0	0	3326	14970	1436	8014	5428	45174	1400	1242	684	4100	0	526	0	288	0	130	0	144	0	94	0	248	0	208	0	0	122	470	956	5422	0	408	0	406	0	692	0	690	536	1170	9314	21476	3586	40394	1180	16316	168	2190	1652	23588	94	282	152	1360	0	666	0	432	0	0	0	702	0	0	0	0	0	0	0	0	0	0	0	0	0	0	0	0	0	0	0	0	0	0	0	0	0	0	
73680	Olfactory_L	0	0	704	134	2838	166	858	0	160	0	0	0	0	0	1834	0	0	0	0	0	0	5338	0	0	768	246	3554	952	2968	0	3110	2008	0	0	0	0	0	0	964	0	572	0	0	0	0	0	0	0	0	0	0	0	0	0	0	0	0	0	0	0	0	0	0	0	0	0	0	0	0	0	5646	3228	500	0	0	0	0	0	0	0	0	0	292	0	0	0	0	0	0	0	0	0	0	0	0	0	0	0	0	0	0	0	0	0	0	0	0	0	0	0	0	0	0	0	0	0	
69008	Olfactory_R	0	0	0	650	238	2084	0	0	0	290	0	0	0	0	0	820	0	0	0	0	5338	0	0	436	340	894	2080	3670	0	1720	2102	2170	0	0	0	0	0	0	0	656	0	1340	0	0	0	0	0	0	0	0	0	0	0	0	0	0	0	0	0	0	0	0	0	0	0	0	0	0	0	0	5000	4120	340	0	0	0	0	0	0	0	0	0	0	216	0	0	0	0	0	0	0	0	0	0	0	0	0	0	0	0	0	0	0	0	0	0	0	0	0	0	0	0	0	0	0	0	
395796	Frontal_Sup_Medial_L	100	150	43582	13446	4432	0	17496	3088	120	0	520	108	1858	130	526	230	0	0	7168	2956	0	0	0	26294	1490	192	328	0	5592	156	24832	19028	6492	12254	0	0	0	0	0	0	0	0	0	0	0	0	0	0	0	0	0	0	0	0	0	0	0	0	0	0	0	0	0	0	0	0	0	0	0	0	3128	526	1676	0	0	0	0	0	0	0	0	0	0	0	0	0	0	0	0	0	0	0	0	0	0	0	0	0	0	0	0	0	0	0	0	0	0	0	0	0	0	0	0	0	0	0	
342804	Frontal_Sup_Medial_R	0	200	5632	40232	112	1836	1766	7898	0	0	0	644	222	1028	0	730	0	0	3972	9004	0	436	26294	0	0	4136	0	1906	626	972	6978	30114	1820	20552	0	0	0	0	0	0	0	0	0	0	0	0	0	0	0	0	0	0	0	0	0	0	0	0	0	0	0	0	0	0	0	0	0	0	0	0	368	2714	0	1210	0	0	0	0	0	0	0	0	0	0	0	0	0	0	0	0	0	0	0	0	0	0	0	0	0	0	0	0	0	0	0	0	0	0	0	0	0	0	0	0	0	0	
26756	Frontal_Med_Orb_L	0	0	712	0	3194	0	0	0	396	0	0	0	0	0	0	0	0	0	0	0	768	340	1490	0	0	164	2010	94	0	0	2824	232	0	0	0	0	0	0	0	0	0	0	0	0	0	0	0	0	0	0	0	0	0	0	0	0	0	0	0	0	0	0	0	0	0	0	0	0	0	0	724	256	174	0	0	0	0	0	0	0	0	0	0	0	0	0	0	0	0	0	0	0	0	0	0	0	0	0	0	0	0	0	0	0	0	0	0	0	0	0	0	0	0	0	0	0	
64824	Frontal_Med_Orb_R	0	0	0	3204	0	6028	0	0	0	370	0	0	0	0	0	0	0	0	0	0	246	894	192	4136	164	0	0	7078	0	0	862	4606	0	0	0	0	0	0	0	0	0	0	0	0	0	0	0	0	0	0	0	0	0	0	0	0	0	0	0	0	0	0	0	0	0	0	0	0	0	0	206	3360	0	1066	0	0	0	0	0	0	0	0	0	0	0	0	0	0	0	0	0	0	0	0	0	0	0	0	0	0	0	0	0	0	0	0	0	0	0	0	0	0	0	0	0	0	
65488	Rectus_L	0	0	394	0	7216	0	0	0	2982	0	0	0	0	0	2644	0	0	0	0	0	3554	2080	328	0	2010	0	0	542	396	0	3718	920	0	0	0	0	0	0	0	0	0	0	0	0	0	0	0	0	0	0	0	0	0	0	0	0	0	0	0	0	0	0	0	0	0	0	0	0	0	0	3112	1578	1270	0	0	0	0	0	0	0	0	0	0	0	0	0	0	0	0	0	0	0	0	0	0	0	0	0	0	0	0	0	0	0	0	0	0	0	0	0	0	0	0	0	0	0	
65940	Rectus_R	0	0	0	1564	0	7622	0	0	0	848	0	0	0	0	0	1002	0	0	0	0	952	3670	0	1906	94	7078	542	0	0	342	530	2468	0	0	0	0	0	0	0	0	0	146	0	0	0	0	0	0	0	0	0	0	0	0	0	0	0	0	0	0	0	0	0	0	0	0	0	0	0	0	770	2994	0	442	0	0	0	0	0	0	0	0	0	0	0	0	0	0	0	0	0	0	0	0	0	0	0	0	0	0	0	0	0	0	0	0	0	0	0	0	0	0	0	0	0	0	
789952	Insula_L	11044	804	42316	3474	3402	0	26574	1538	450	0	20658	314	25422	136	10842	650	21580	0	36354	3326	2968	0	5592	626	0	0	396	0	0	510	4322	1110	5652	634	596	106	21544	482	2746	0	2968	0	0	0	0	0	0	0	578	0	5264	0	3298	0	18444	0	3198	550	0	0	208	0	1444	112	314	0	410	0	212	0	10874	2594	28366	672	0	0	1736	218	14518	0	16774	0	7748	0	6476	0	92	0	11740	0	0	0	0	0	0	0	0	0	0	0	0	0	0	0	0	0	0	0	0	0	0	0	0	0	0	0	
355904	Insula_R	0	1830	342	13260	0	208	248	7796	0	0	0	16996	0	17846	0	12804	0	14404	4078	14970	0	1720	156	972	0	0	0	342	510	0	0	460	0	6328	0	0	0	8520	0	2134	0	2734	0	0	0	0	0	0	0	0	0	0	0	144	0	3660	0	1708	0	0	0	0	0	464	0	0	0	124	0	510	632	8188	322	24380	0	250	0	124	0	1534	0	2962	0	2416	0	900	0	0	0	976	0	0	0	0	0	0	0	0	0	0	0	0	0	0	0	0	0	0	0	0	0	0	0	0	0	0	
277244	Cingulum_Ant_L	188	142	15406	5530	4552	0	7374	1740	194	0	530	94	1604	0	646	170	0	0	2960	1436	3110	2102	24832	6978	2824	862	3718	530	4322	0	0	18552	6042	5636	0	0	0	0	0	0	0	0	0	0	0	0	0	0	0	0	0	0	0	0	0	0	0	0	0	0	0	0	0	0	0	0	0	0	0	0	10448	1700	4400	0	0	0	0	0	0	0	0	0	0	0	0	0	0	0	0	0	0	0	0	0	0	0	0	0	0	0	0	0	0	0	0	0	0	0	0	0	0	0	0	0	0	0	
390356	Cingulum_Ant_R	388	2298	3666	31550	114	556	1604	10882	0	0	0	3976	312	1290	0	732	0	0	5554	8014	2008	2170	19028	30114	232	4606	920	2468	1110	460	18552	0	3732	26418	0	0	0	0	0	0	0	0	0	0	0	0	0	0	0	0	0	0	0	0	0	0	0	826	0	0	0	0	0	0	0	0	0	0	0	0	3388	6468	524	1218	0	0	0	0	0	0	0	0	0	0	0	0	0	0	0	0	0	0	0	0	0	0	0	0	0	0	0	0	0	0	0	0	0	0	0	0	0	0	0	0	0	0	
168748	Cingulum_Mid_L	554	90	3662	3774	0	0	3038	612	0	0	320	0	3254	0	570	0	0	0	8228	5428	0	0	6492	1820	0	0	0	0	5652	0	6042	3732	0	10688	3978	254	0	0	0	0	0	0	186	0	0	0	0	0	474	0	220	0	0	0	0	0	0	124	0	0	0	0	0	0	0	0	3688	532	6736	2116	1220	244	646	0	0	0	0	0	0	0	0	0	0	0	0	0	0	0	0	0	0	0	0	0	0	0	0	0	0	0	0	0	0	0	0	0	0	0	0	0	0	0	0	0	0	0	
503852	Cingulum_Mid_R	520	286	2426	23230	0	0	1006	5304	0	0	0	1580	104	4266	0	2380	0	626	20952	45174	0	0	12254	20552	0	0	0	0	634	6328	5636	26418	10688	0	1864	3350	0	564	0	0	0	0	0	1136	0	2366	0	0	0	2924	0	1164	0	114	0	200	0	5976	0	718	0	462	0	718	0	754	3700	8414	3662	16024	588	2534	114	1004	0	0	146	0	0	242	0	1266	0	0	0	612	0	0	0	946	0	0	0	0	0	0	0	0	0	0	0	0	0	0	0	0	0	0	0	0	0	0	0	0	0	0	
130388	Cingulum_Post_L	1706	386	250	308	0	0	0	0	0	0	0	0	0	0	0	0	0	0	652	1400	0	0	0	0	0	0	0	0	596	0	0	0	3978	1864	0	6406	6596	2848	2340	450	0	0	1534	110	1106	0	1700	150	456	0	1390	0	902	0	2154	0	232	0	0	0	0	0	0	0	0	0	9192	1842	5148	914	0	0	1118	0	0	0	4276	1850	420	0	0	0	0	0	590	0	0	0	238	0	0	0	0	0	0	0	0	0	0	0	0	0	0	0	0	0	0	0	0	0	92	0	0	0	0	0	
93156	Cingulum_Post_R	1038	894	0	268	0	0	0	0	0	0	0	0	0	0	0	0	0	0	0	1242	0	0	0	0	0	0	0	0	106	0	0	0	254	3350	6406	0	2676	5134	116	920	0	0	0	614	0	296	0	1026	0	894	0	216	0	94	100	244	0	690	0	0	0	0	0	0	0	0	940	6562	1474	1832	138	0	810	0	0	0	4506	2550	104	0	0	0	0	0	0	278	0	0	0	590	0	0	0	0	0	0	0	0	0	0	0	0	0	0	0	0	0	0	0	0	216	0	0	0	0	0	
395172	Hippocampus_L	7204	214	10160	658	0	0	2492	0	0	0	332	0	0	0	0	0	834	0	11238	684	0	0	0	0	0	0	0	0	21544	0	0	0	0	0	6596	2676	0	2524	16174	478	7082	0	1462	0	0	0	3848	278	554	0	2010	0	1114	0	21816	0	452	0	0	0	158	0	0	0	0	0	4688	376	5272	96	596	136	22644	0	1764	0	7756	1732	10340	0	1598	0	1924	0	3784	0	442	0	11526	0	0	0	0	0	0	0	0	0	0	0	0	0	0	0	0	0	0	0	0	330	0	0	0	0	0	0	
280856	Hippocampus_R	752	3596	92	10906	0	0	0	938	0	0	0	152	0	0	0	0	0	3250	242	4100	0	0	0	0	0	0	0	0	482	8520	0	0	0	564	2848	5134	2524	0	236	16940	0	11558	0	162	0	0	94	1236	0	0	0	0	0	376	146	23846	0	1954	0	0	0	0	0	474	0	0	92	2604	792	654	434	546	890	18426	0	1250	2840	3778	130	296	0	594	0	894	0	1646	0	0	0	3242	0	0	0	0	0	0	0	0	0	0	0	0	0	0	0	0	0	0	0	0	198	0	0	0	0	0	
143936	ParaHippocampal_L	2664	0	2882	110	600	0	574	0	0	0	0	0	0	0	174	0	196	0	2164	0	964	0	0	0	0	0	0	0	2746	0	0	0	0	0	2340	116	16174	236	0	0	2372	0	1266	0	0	0	3898	0	0	0	1216	0	1806	0	9190	0	214	0	0	0	0	0	0	0	0	0	3102	0	1422	0	260	0	5024	0	1006	0	648	0	1142	0	520	0	358	0	2834	0	150	0	2982	0	0	0	0	0	118	0	160	0	0	0	0	0	0	0	0	0	0	0	0	340	0	0	0	0	0	0	
96548	ParaHippocampal_R	0	454	0	1234	0	0	0	0	0	0	0	0	0	0	0	0	0	514	0	526	0	656	0	0	0	0	0	0	0	2134	0	0	0	0	450	920	478	16940	0	0	0	5830	0	0	0	0	0	966	0	0	0	0	0	0	0	8570	0	388	0	0	0	0	0	0	0	0	0	724	0	0	0	0	0	4248	0	206	552	1066	0	0	0	0	0	618	0	0	0	232	0	324	0	0	0	0	0	0	0	146	0	0	0	0	0	0	0	0	0	0	0	0	98	0	0	0	0	0	
40500	Amygdala_L	0	0	130	0	178	0	190	0	0	0	0	0	0	0	110	0	0	0	0	0	572	0	0	0	0	0	0	0	2968	0	0	0	0	0	0	0	7082	0	2372	0	0	0	0	0	0	0	0	0	0	0	0	0	0	0	3258	0	0	0	0	0	0	0	0	0	0	0	0	0	0	0	0	0	562	0	0	0	0	0	0	0	0	0	1060	0	0	0	196	0	1572	0	0	0	0	0	0	0	0	0	0	0	0	0	0	0	0	0	0	0	0	0	0	0	0	0	0	0	
69908	Amygdala_R	0	474	0	1576	0	0	0	466	0	0	0	0	0	0	0	0	0	0	0	288	0	1340	0	0	0	0	0	146	0	2734	0	0	0	0	0	0	0	11558	0	5830	0	0	0	0	0	0	0	0	0	0	0	0	0	0	0	5470	0	250	0	0	0	0	0	0	0	0	0	0	0	0	0	0	0	2970	0	238	0	0	0	0	0	0	0	1184	0	0	0	120	0	310	0	0	0	0	0	0	0	0	0	0	0	0	0	0	0	0	0	0	0	0	0	0	0	0	0	0	
158928	Calcarine_L	0	0	0	0	0	0	0	0	0	0	0	0	0	0	0	0	0	0	0	0	0	0	0	0	0	0	0	0	0	0	0	0	186	0	1534	0	1462	0	1266	0	0	0	0	4090	7820	2792	10248	742	8486	1924	20264	180	4460	0	2162	0	164	0	0	0	0	0	0	0	0	0	8030	352	884	0	0	0	0	0	0	0	0	0	0	0	0	0	0	0	2068	0	0	0	350	0	0	0	0	0	0	0	0	0	0	0	0	0	0	0	0	0	0	0	0	0	0	0	0	0	0	0	
290852	Calcarine_R	0	254	0	0	0	0	0	0	0	0	0	0	0	0	0	0	0	0	0	130	0	0	0	0	0	0	0	0	0	0	0	0	0	1136	110	614	0	162	0	0	0	0	4090	0	6508	25504	1624	12906	0	22674	0	19426	0	5520	0	5418	0	3292	0	1946	0	416	0	0	0	0	2066	26726	0	1052	0	0	0	0	0	0	0	0	0	0	0	0	0	0	0	1636	0	0	0	2216	0	0	0	0	0	0	0	0	0	0	0	0	0	0	0	0	0	0	0	0	0	0	0	0	0	0	
147700	Cuneus_L	0	0	0	0	0	0	0	0	0	0	0	0	0	0	0	0	0	0	0	0	0	0	0	0	0	0	0	0	0	0	0	0	0	0	1106	0	0	0	0	0	0	0	7820	6508	0	9336	758	406	18964	3430	9326	474	720	98	248	114	178	0	1348	0	0	0	0	0	0	0	9234	1106	1046	0	0	0	0	0	0	0	0	0	0	0	0	0	0	0	1180	0	0	0	450	0	0	0	0	0	0	0	0	0	0	0	0	0	0	0	0	0	0	0	0	0	0	0	0	0	0	0	
243064	Cuneus_R	0	480	0	0	0	0	0	0	0	0	0	0	0	0	0	0	0	0	0	144	0	0	0	0	0	0	0	0	0	0	0	0	0	2366	0	296	0	0	0	0	0	0	2792	25504	9336	0	456	1992	230	30072	0	9770	0	378	0	312	0	3214	0	1640	0	382	0	0	0	262	7190	22482	0	1562	0	0	0	0	0	0	0	0	0	0	0	0	0	0	0	244	0	0	0	428	0	0	0	0	0	0	0	0	0	0	0	0	0	0	0	0	0	0	0	0	0	0	0	0	0	0	
230252	Lingual_L	0	0	0	0	0	0	0	0	0	0	0	0	0	0	0	0	0	0	0	0	0	0	0	0	0	0	0	0	0	0	0	0	0	0	1700	0	3848	94	3898	0	0	0	10248	1624	758	456	0	2652	3866	500	13468	376	9444	0	15284	438	0	0	0	0	0	0	0	0	0	0	5536	172	128	0	0	0	0	0	0	0	242	0	0	0	0	0	0	0	270	0	0	0	294	0	6890	572	120	0	234	0	11948	0	13774	804	0	0	0	0	0	0	0	0	0	0	2980	2296	212	0	0	0	
192912	Lingual_R	0	0	0	100	0	0	0	0	0	0	0	0	0	0	0	0	0	0	0	94	0	0	0	0	0	0	0	0	0	0	0	0	0	0	150	1026	278	1236	0	966	0	0	742	12906	406	1992	2652	0	0	3418	0	4846	0	3208	320	11014	0	0	0	0	0	0	0	0	0	0	0	5860	0	0	0	94	0	0	0	0	116	266	0	0	0	0	0	0	0	0	0	0	0	128	784	6666	424	808	0	0	402	4738	2956	9552	0	92	0	1188	98	360	0	0	0	0	5226	8592	2122	180	116	334	
186164	Occipital_Sup_L	104	0	136	0	0	0	114	0	0	0	0	0	0	0	0	0	174	0	0	0	0	0	0	0	0	0	0	0	578	0	0	0	474	0	456	0	554	0	0	0	0	0	8486	0	18964	230	3866	0	0	0	27468	0	2168	0	586	0	1278	0	4636	0	260	0	0	0	0	0	14262	260	2746	0	0	0	0	0	0	0	0	0	574	0	96	0	0	0	3288	0	0	0	1324	0	0	0	0	0	0	0	0	0	0	0	0	0	0	0	0	0	0	0	0	0	0	0	0	0	0	0	
324608	Occipital_Sup_R	0	554	0	0	0	0	0	0	0	0	0	0	0	0	0	0	0	346	0	248	0	0	0	0	0	0	0	0	0	0	0	0	0	2924	0	894	0	0	0	0	0	0	1924	22674	3430	30072	500	3418	0	0	0	26058	0	1170	0	1206	0	6234	0	11392	0	3682	0	198	0	5470	7146	26520	0	2294	0	0	0	0	0	0	0	0	0	0	0	468	0	0	0	2368	0	0	0	1114	0	0	0	0	0	0	0	0	0	0	0	0	0	0	0	0	0	0	0	0	0	0	0	0	0	0	
501608	Occipital_Mid_L	4028	0	614	0	0	0	496	0	0	0	0	0	0	0	0	0	2146	0	0	0	0	0	0	0	0	0	0	0	5264	0	0	0	220	0	1390	0	2010	0	1216	0	0	0	20264	0	9326	0	13468	0	27468	0	0	0	28032	0	9210	0	11522	0	16136	0	12238	0	1672	0	14090	0	13984	0	10990	0	0	0	0	0	0	0	0	0	3138	0	2326	0	0	0	26796	0	0	0	12760	0	0	0	0	0	0	0	0	0	0	0	0	0	0	0	0	0	0	0	0	0	0	0	0	0	0	0	
328104	Occipital_Mid_R	0	334	0	118	0	0	0	0	0	0	0	0	0	0	0	0	0	412	0	208	0	0	0	0	0	0	0	0	0	0	0	0	0	1164	0	216	0	0	0	0	0	0	180	19426	474	9770	376	4846	0	26058	0	0	0	6198	0	2272	0	3696	0	10582	0	13982	0	1836	0	22536	1908	12728	0	968	0	98	0	0	0	0	0	0	0	104	0	1548	0	0	0	14422	0	0	0	7592	0	0	0	0	0	0	0	0	0	0	0	0	0	0	0	0	0	0	0	0	0	0	0	0	0	0	
222392	Occipital_Inf_L	3612	0	130	0	0	0	246	0	0	0	0	0	0	0	0	0	972	0	0	0	0	0	0	0	0	0	0	0	3298	0	0	0	0	0	902	0	1114	0	1806	0	0	0	4460	0	720	0	9444	0	2168	0	28032	0	0	0	19760	0	1392	0	0	0	236	0	770	0	1484	0	2050	0	1582	0	0	0	0	0	0	0	0	0	1988	0	1138	0	0	0	6776	0	0	0	15826	0	270	0	0	0	0	0	462	0	558	0	0	0	0	0	0	0	0	0	0	0	0	0	0	0	0	0	
71096	Occipital_Inf_R	0	180	0	0	0	0	0	0	0	0	0	0	0	0	0	0	0	0	0	0	0	0	0	0	0	0	0	0	0	144	0	0	0	114	0	94	0	376	0	0	0	0	0	5520	98	378	0	3208	0	1170	0	6198	0	0	0	4768	0	424	0	168	0	398	0	400	0	616	0	1436	0	182	0	0	0	0	0	0	0	0	0	232	0	446	0	0	0	1494	0	0	0	7156	0	102	0	0	0	0	0	0	0	126	0	0	0	0	0	0	0	0	0	0	0	120	0	0	0	0	
506568	Fusiform_L	6284	0	3156	142	0	0	1258	0	0	0	252	0	0	0	0	0	1566	0	4062	122	0	0	0	0	0	0	0	0	18444	0	0	0	0	0	2154	100	21816	146	9190	0	3258	0	2162	0	248	0	15284	320	586	0	9210	0	19760	0	0	0	1430	0	0	0	236	0	852	0	1060	0	3790	0	1588	0	0	0	6450	0	0	0	1634	100	10180	0	5046	0	1108	0	9258	0	780	0	23886	0	21836	116	982	0	110	0	12936	0	27118	306	170	0	138	98	98	0	0	0	0	228	1618	508	104	0	0	0	
275092	Fusiform_R	0	640	0	1670	0	0	0	512	0	0	0	130	0	0	0	0	0	1594	0	470	0	0	0	0	0	0	0	0	0	3660	0	0	0	200	0	244	0	23846	0	8570	0	5470	0	5418	114	312	438	11014	0	1206	0	2272	0	4768	0	0	0	628	0	0	0	0	0	0	0	0	0	3044	0	160	0	0	0	6742	0	112	0	0	0	256	0	390	0	4500	0	3360	0	2278	0	10190	300	8492	200	1424	0	0	0	3640	702	10478	0	0	0	1464	0	0	0	0	0	0	2306	3058	1086	188	0	0	
265848	Postcentral_L	26944	0	1912	962	0	0	3424	0	0	0	1642	0	0	0	0	0	7208	0	5386	956	0	0	0	0	0	0	0	0	3198	0	0	0	0	0	232	0	452	0	214	0	0	0	164	0	178	0	0	0	1278	0	11522	0	1392	0	1430	0	0	0	9076	0	15844	0	12666	0	2368	0	3568	0	12138	0	296	0	128	0	0	0	0	0	2154	0	3294	0	0	0	1570	0	0	0	1328	0	0	0	0	0	0	0	0	0	0	0	0	0	0	0	0	0	0	0	0	0	0	0	0	0	0	0	
289832	Postcentral_R	130	16982	0	1754	0	0	126	2798	0	0	0	2072	0	144	0	154	0	3604	238	5422	0	0	0	0	0	0	0	0	550	1708	0	826	124	5976	0	690	0	1954	0	388	0	250	0	3292	0	3214	0	0	0	6234	0	3696	0	424	0	628	0	0	0	13934	0	10648	0	12640	0	4106	1742	13642	0	13932	544	1406	540	1856	0	208	0	0	0	324	0	1890	0	0	0	1224	0	0	0	2902	0	0	0	0	0	0	0	0	0	0	0	0	0	0	0	0	0	0	0	0	0	0	0	0	0	0	
128576	Parietal_Sup_L	1168	0	0	0	0	0	0	0	0	0	0	0	0	0	0	0	0	0	0	0	0	0	0	0	0	0	0	0	0	0	0	0	0	0	0	0	0	0	0	0	0	0	0	0	1348	0	0	0	4636	0	16136	0	0	0	0	0	9076	0	0	0	10760	0	0	0	4042	0	12330	0	4792	0	0	0	0	0	0	0	0	0	0	0	0	0	0	0	0	0	0	0	0	0	0	0	0	0	0	0	0	0	0	0	0	0	0	0	0	0	0	0	0	0	0	0	0	0	0	0	
206424	Parietal_Sup_R	0	222	0	156	0	0	0	0	0	0	0	0	0	0	0	0	0	1158	0	408	0	0	0	0	0	0	0	0	0	0	0	0	0	718	0	0	0	0	0	0	0	0	0	1946	0	1640	0	0	0	11392	0	10582	0	168	0	0	0	13934	0	0	0	20814	0	8170	0	16326	352	11070	0	764	0	0	0	0	0	0	0	0	0	156	0	1350	0	0	0	1418	0	0	0	468	0	0	0	0	0	0	0	0	0	0	0	0	0	0	0	0	0	0	0	0	0	0	0	0	0	0	
149520	Parietal_Inf_L	4292	0	1044	0	0	0	1788	0	0	0	0	0	0	0	0	0	352	0	0	0	0	0	0	0	0	0	0	0	208	0	0	0	0	0	0	0	158	0	0	0	0	0	0	0	0	0	0	0	260	0	12238	0	236	0	236	0	15844	0	10760	0	0	0	7290	0	16802	0	106	0	1398	0	0	0	0	0	0	0	0	0	0	0	278	0	0	0	860	0	0	0	610	0	0	0	0	0	0	0	0	0	0	0	0	0	0	0	0	0	0	0	0	0	0	0	0	0	0	0	
191488	Parietal_Inf_R	0	504	0	248	0	0	0	114	0	0	0	0	0	0	0	0	0	428	0	406	0	0	0	0	0	0	0	0	0	0	0	0	0	462	0	0	0	0	0	0	0	0	0	416	0	382	0	0	0	3682	0	13982	0	398	0	0	0	10648	0	20814	0	0	0	13482	0	23350	122	1300	0	660	0	0	0	0	0	0	0	0	0	158	0	1344	0	0	0	1884	0	0	0	960	0	0	0	0	0	0	0	0	0	0	0	0	0	0	0	0	0	0	0	0	0	0	0	0	0	0	
109820	SupraMarginal_L	3918	0	200	0	0	0	486	0	0	0	0	0	0	0	0	0	2282	0	96	0	0	0	0	0	0	0	0	0	1444	0	0	0	0	0	0	0	0	0	0	0	0	0	0	0	0	0	0	0	0	0	1672	0	770	0	852	0	12666	0	0	0	7290	0	0	0	6828	0	0	0	688	0	0	0	0	0	0	0	0	0	1032	0	9116	0	0	0	3640	0	0	0	1930	0	0	0	0	0	0	0	0	0	0	0	0	0	0	0	0	0	0	0	0	0	0	0	0	0	0	0	
130904	SupraMarginal_R	0	1240	0	236	0	0	0	576	0	0	0	302	0	0	0	0	0	3044	0	692	0	0	0	0	0	0	0	0	112	464	0	0	0	718	0	0	0	474	0	0	0	0	0	0	0	0	0	0	0	198	0	1836	0	400	0	0	0	12640	0	8170	0	13482	0	0	0	11088	0	278	0	964	110	0	100	0	0	0	0	0	0	246	0	4984	0	0	0	2096	0	0	0	1002	0	0	0	0	0	0	0	0	0	0	0	0	0	0	0	0	0	0	0	0	0	0	0	0	0	0	
124704	Angular_L	1418	0	270	0	0	0	392	0	0	0	0	0	0	0	0	0	578	0	0	0	0	0	0	0	0	0	0	0	314	0	0	0	0	0	0	0	0	0	0	0	0	0	0	0	0	0	0	0	0	0	14090	0	1484	0	1060	0	2368	0	4042	0	16802	0	6828	0	0	0	0	0	374	0	0	0	0	0	0	0	0	0	0	0	1930	0	0	0	6630	0	0	0	3772	0	0	0	0	0	0	0	0	0	0	0	0	0	0	0	0	0	0	0	0	0	0	0	0	0	0	0	
194612	Angular_R	0	188	0	0	0	0	0	0	0	0	0	0	0	0	0	0	0	628	0	690	0	0	0	0	0	0	0	0	0	0	0	0	0	754	0	0	0	0	0	0	0	0	0	0	0	262	0	0	0	5470	0	22536	0	616	0	0	0	4106	0	16326	0	23350	0	11088	0	0	96	730	0	956	0	0	0	0	0	0	0	0	0	192	0	3266	0	0	0	4476	0	0	0	1576	0	0	0	0	0	0	0	0	0	0	0	0	0	0	0	0	0	0	0	0	0	0	0	0	0	0	
291408	Precuneus_L	330	176	156	0	0	0	0	0	0	0	0	0	0	0	0	0	0	0	196	536	0	0	0	0	0	0	0	0	410	0	0	0	3688	3700	9192	940	4688	92	3102	0	0	0	8030	2066	9234	7190	5536	0	14262	7146	13984	1908	2050	0	3790	0	3568	1742	12330	352	106	122	0	0	0	96	0	13426	7644	1418	0	0	350	0	0	0	338	0	272	0	0	0	0	0	924	100	0	0	380	134	0	0	0	0	0	0	0	0	0	0	0	0	0	0	0	0	0	0	0	0	0	0	0	0	0	0	
355932	Precuneus_R	0	1194	0	0	0	0	0	0	0	0	0	0	0	0	0	0	0	1096	0	1170	0	0	0	0	0	0	0	0	0	124	0	0	532	8414	1842	6562	376	2604	0	724	0	0	352	26726	1106	22482	172	5860	260	26520	0	12728	0	1436	0	3044	0	13642	0	11070	0	1300	0	278	0	730	13426	0	142	6500	0	188	0	0	0	0	552	222	0	0	0	190	0	0	0	1520	0	0	0	2444	0	0	0	0	0	0	0	0	0	0	0	0	0	0	0	0	0	0	0	0	438	0	0	0	0	0	
334628	Paracentral_Lobule_L	22378	1104	954	3474	0	0	0	0	0	0	0	0	0	0	0	0	96	0	24384	9314	0	0	0	0	0	0	0	0	212	0	0	0	6736	3662	5148	1474	5272	792	1422	0	0	0	884	0	1046	0	128	0	2746	0	10990	0	1582	0	1588	0	12138	0	4792	0	1398	0	688	0	374	0	7644	142	0	3922	2836	1786	3746	0	2230	0	14428	1870	156	0	838	0	0	0	1658	0	0	0	1282	0	0	0	0	0	0	0	0	0	0	0	0	0	0	0	0	0	0	0	0	0	0	0	0	0	0	0	
192452	Paracentral_Lobule_R	338	6028	0	162	0	0	0	90	0	0	0	0	0	0	0	0	0	1030	1778	21476	0	0	0	0	0	0	0	0	0	510	0	0	2116	16024	914	1832	96	654	0	0	0	0	0	1052	0	1562	0	0	0	2294	0	968	0	182	0	160	0	13932	0	764	0	660	0	964	0	956	1418	6500	3922	0	130	1180	0	0	0	0	222	1416	0	280	0	1524	0	0	0	1052	0	0	0	2040	0	0	0	0	0	0	0	0	0	0	0	0	0	0	0	0	0	0	0	0	0	0	0	0	0	0	
271816	Caudate_L	1000	886	8292	4032	1664	172	9388	1646	264	0	150	474	2916	188	2038	958	118	0	9012	3586	5646	5000	3128	368	724	206	3112	770	10874	632	10448	3388	1220	588	0	138	596	434	260	0	0	0	0	0	0	0	0	0	0	0	0	0	0	0	0	0	296	544	0	0	0	0	0	110	0	0	0	0	2836	130	0	11850	15652	1046	820	0	6872	1436	0	0	0	0	0	0	0	0	0	0	0	0	0	0	0	0	0	0	0	0	0	0	0	0	0	0	0	0	0	0	0	0	0	0	0	0	0	0	
452488	Caudate_R	1086	5568	1040	36388	230	1270	1802	2472	0	694	0	6500	620	2272	136	8926	0	844	3492	40394	3228	4120	526	2714	256	3360	1578	2994	2594	8188	1700	6468	244	2534	0	0	136	546	0	0	0	0	0	0	0	0	0	94	0	0	0	98	0	0	0	0	0	1406	0	0	0	0	0	0	0	0	0	188	1786	1180	11850	0	2130	23758	90	3462	1848	22576	0	0	0	0	0	858	0	0	0	0	0	0	0	0	0	0	0	0	0	0	0	0	0	0	0	0	0	0	0	0	0	0	0	0	0	0	0	0	
416000	Putamen_L	4962	758	20654	1520	5832	0	11010	404	1082	0	350	102	2416	0	6396	112	150	0	27632	1180	500	340	1676	0	174	0	1270	0	28366	322	4400	524	646	114	1118	810	22644	890	5024	0	562	0	0	0	0	0	0	0	0	0	0	0	0	0	6450	0	128	540	0	0	0	0	0	100	0	0	350	0	3746	0	15652	2130	0	310	5570	0	4776	788	3710	0	3358	0	2108	0	382	0	0	0	3962	0	0	0	0	0	0	0	0	0	0	0	0	0	0	0	0	0	0	0	0	0	0	0	0	0	0	0	
356000	Putamen_R	638	2864	434	24906	0	692	738	2748	0	1510	0	8834	0	3708	0	9230	0	6570	808	16316	0	0	0	1210	0	1066	0	442	672	24380	0	1218	0	1004	0	0	0	18426	0	4248	0	2970	0	0	0	0	0	0	0	0	0	0	0	0	0	6742	0	1856	0	0	0	0	0	0	0	0	0	0	0	0	1046	23758	310	0	0	5688	0	968	0	164	0	114	0	1508	0	0	0	0	0	214	0	0	0	0	0	0	0	0	0	0	0	0	0	0	0	0	0	0	0	0	0	0	0	0	0	0	
44108	Pallidum_L	568	0	996	160	0	0	0	0	0	0	0	0	0	0	0	0	0	0	7058	168	0	0	0	0	0	0	0	0	0	0	0	0	0	0	0	0	1764	0	1006	0	0	0	0	0	0	0	0	0	0	0	0	0	0	0	0	0	0	0	0	0	0	0	0	0	0	0	0	0	2230	0	820	90	5570	0	0	0	1624	0	0	0	0	0	0	0	0	0	0	0	0	0	0	0	0	0	0	0	0	0	0	0	0	0	0	0	0	0	0	0	0	0	0	0	0	0	0	0	
35936	Pallidum_R	0	248	0	3354	0	0	0	100	0	0	0	0	0	0	0	570	0	92	0	2190	0	0	0	0	0	0	0	0	0	250	0	0	0	0	0	0	0	1250	0	206	0	238	0	0	0	0	0	0	0	0	0	0	0	0	0	112	0	208	0	0	0	0	0	0	0	0	0	0	0	0	0	3462	0	5688	0	0	0	0	0	0	0	0	0	0	0	0	0	0	0	0	0	0	0	0	0	0	0	0	0	0	0	0	0	0	0	0	0	0	0	0	0	0	0	0	0	0	
164820	Thalamus_L	4604	1506	524	1778	0	0	128	0	0	0	0	0	0	0	0	0	0	0	8686	1652	0	0	0	0	0	0	0	0	1736	0	0	0	0	146	4276	4506	7756	2840	648	552	0	0	0	0	0	0	242	116	0	0	0	0	0	0	1634	0	0	0	0	0	0	0	0	0	0	0	338	552	14428	222	6872	1848	4776	0	1624	0	0	6554	1866	0	0	0	0	0	0	0	0	0	0	0	0	0	0	0	0	0	0	0	0	0	0	0	0	0	0	0	0	0	0	0	0	0	0	0	0	0	
202076	Thalamus_R	878	4544	0	23680	0	0	0	0	0	0	0	0	0	0	0	380	0	0	320	23588	0	0	0	0	0	0	0	0	218	124	0	0	0	0	1850	2550	1732	3778	0	1066	0	0	0	0	0	0	0	266	0	0	0	0	0	0	100	0	0	0	0	0	0	0	0	0	0	0	0	222	1870	1416	1436	22576	788	968	0	0	6554	0	134	0	0	0	0	0	0	0	0	0	0	0	0	0	0	0	0	0	0	0	0	0	0	0	0	0	0	0	0	0	0	0	0	0	0	0	0	0	
172832	Heschl_L	4612	0	4482	114	0	0	3056	0	0	0	2824	0	0	0	0	0	6658	0	914	94	0	0	0	0	0	0	0	0	14518	0	0	0	0	0	420	104	10340	130	1142	0	0	0	0	0	0	0	0	0	574	0	3138	0	1988	0	10180	0	2154	0	0	0	0	0	1032	0	0	0	272	0	156	0	0	0	3710	0	0	0	1866	134	0	0	4024	0	0	0	4646	0	0	0	3134	0	0	0	0	0	0	0	0	0	0	0	0	0	0	0	0	0	0	0	0	0	0	0	0	0	0	0	
20656	Heschl_R	0	0	0	0	0	0	0	0	0	0	0	0	0	0	0	0	0	1772	0	282	0	0	0	0	0	0	0	0	0	1534	0	0	0	242	0	0	0	296	0	0	0	0	0	0	0	0	0	0	0	0	0	104	0	232	0	256	0	324	0	156	0	158	0	246	0	192	0	0	0	280	0	0	0	164	0	0	0	0	0	0	0	2598	0	0	0	790	0	0	0	702	0	0	0	0	0	0	0	0	0	0	0	0	0	0	0	0	0	0	0	0	0	0	0	0	0	0	
237328	Temporal_Sup_L	2668	0	5760	148	0	0	994	0	0	0	4870	0	182	0	0	0	12242	0	8094	152	0	0	0	0	0	0	0	0	16774	0	0	0	0	0	0	0	1598	0	520	0	0	0	0	0	0	0	0	0	96	0	2326	0	1138	0	5046	0	3294	0	0	0	278	0	9116	0	1930	0	0	0	838	0	0	0	3358	0	0	0	0	0	4024	0	0	0	3920	0	17606	0	118	0	11574	0	0	0	0	0	0	0	0	0	0	0	0	0	0	0	0	0	0	0	0	0	0	0	0	0	0	0	
92912	Temporal_Sup_R	0	0	0	0	0	0	0	0	0	0	0	0	0	0	0	0	0	4256	0	1360	0	0	0	0	0	0	0	0	0	2962	0	0	0	1266	0	0	0	594	0	0	0	0	0	0	0	0	0	0	0	468	0	1548	0	446	0	390	0	1890	0	1350	0	1344	0	4984	0	3266	0	190	0	1524	0	0	0	114	0	0	0	0	0	2598	0	0	0	2100	0	12150	0	362	0	1294	0	0	0	0	0	0	0	0	0	0	0	0	0	0	0	0	0	0	0	0	0	0	0	0	0	0	
83732	Temporal_Pole_Sup_L	0	0	2718	0	538	0	406	0	126	0	2636	0	852	0	1968	0	1584	0	2386	0	292	0	0	0	0	0	0	0	7748	0	0	0	0	0	0	0	1924	0	358	0	1060	0	0	0	0	0	0	0	0	0	0	0	0	0	1108	0	0	0	0	0	0	0	0	0	0	0	0	0	0	0	0	0	2108	0	0	0	0	0	0	0	3920	0	0	0	4926	0	2660	0	2548	0	0	0	0	0	0	0	0	0	0	0	0	0	0	0	0	0	0	0	0	0	0	0	0	0	0	0	
51780	Temporal_Pole_Sup_R	0	0	0	572	0	0	0	0	0	0	0	1514	0	0	0	90	0	248	0	666	0	216	0	0	0	0	0	0	0	2416	0	0	0	0	0	0	0	894	0	618	0	1184	0	0	0	0	0	0	0	0	0	0	0	0	0	4500	0	0	0	0	0	0	0	0	0	0	0	0	0	0	0	858	0	1508	0	0	0	0	0	0	0	2100	0	0	0	2984	0	3358	0	2164	0	0	0	0	0	0	0	0	0	0	0	0	0	0	0	0	0	0	0	0	0	0	0	0	0	0	
306564	Temporal_Mid_L	2526	0	632	0	0	0	454	0	0	0	0	0	0	0	0	0	2256	0	342	0	0	0	0	0	0	0	0	0	6476	0	0	0	0	0	590	0	3784	0	2834	0	0	0	2068	0	1180	0	270	0	3288	0	26796	0	6776	0	9258	0	1570	0	0	0	860	0	3640	0	6630	0	924	0	1658	0	0	0	382	0	0	0	0	0	4646	0	17606	0	4926	0	0	0	2908	0	37888	0	114	0	0	0	0	0	0	0	0	0	0	0	0	0	0	0	0	0	0	0	0	0	0	0	0	0	
146028	Temporal_Mid_R	0	0	0	0	0	0	0	0	0	0	0	0	0	0	0	0	0	772	0	432	0	0	0	0	0	0	0	0	0	900	0	0	0	612	0	278	0	1646	0	0	0	0	0	1636	0	244	0	0	0	2368	0	14422	0	1494	0	3360	0	1224	0	1418	0	1884	0	2096	0	4476	100	1520	0	1052	0	0	0	0	0	0	0	0	0	790	0	12150	0	2984	0	0	0	1022	0	14134	0	0	0	0	0	0	0	0	0	0	0	0	0	0	0	0	0	0	0	0	0	0	0	0	0	0	
18972	Temporal_Pole_Mid_L	0	0	0	0	0	0	0	0	0	0	0	0	0	0	0	0	0	0	0	0	0	0	0	0	0	0	0	0	92	0	0	0	0	0	0	0	442	0	150	0	196	0	0	0	0	0	0	0	0	0	0	0	0	0	780	0	0	0	0	0	0	0	0	0	0	0	0	0	0	0	0	0	0	0	0	0	0	0	0	0	118	0	2660	0	2908	0	0	0	2140	0	0	0	0	0	0	0	0	0	0	0	0	0	0	0	0	0	0	0	0	0	0	0	0	0	0	0	
17160	Temporal_Pole_Mid_R	0	0	0	0	0	0	0	0	0	0	0	0	0	0	0	0	0	0	0	0	0	0	0	0	0	0	0	0	0	0	0	0	0	0	0	0	0	0	0	232	0	120	0	0	0	0	0	0	0	0	0	0	0	0	0	2278	0	0	0	0	0	0	0	0	0	0	0	0	0	0	0	0	0	0	0	0	0	0	0	0	0	362	0	3358	0	1022	0	0	0	1208	0	0	0	0	0	0	0	0	0	0	0	0	0	0	0	0	0	0	0	0	0	0	0	0	0	0	
340008	Temporal_Inf_L	1944	0	1818	0	0	0	146	0	0	0	366	0	0	0	0	0	2066	0	4534	0	0	0	0	0	0	0	0	0	11740	0	0	0	0	0	238	0	11526	0	2982	0	1572	0	350	0	450	0	294	0	1324	0	12760	0	15826	0	23886	0	1328	0	0	0	610	0	1930	0	3772	0	380	0	1282	0	0	0	3962	0	0	0	0	0	3134	0	11574	0	2548	0	37888	0	2140	0	0	0	3548	0	1096	0	0	0	0	0	518	0	260	0	212	0	0	0	0	0	0	0	0	0	0	0	0	0	
138076	Temporal_Inf_R	0	812	0	188	0	0	0	0	0	0	0	0	0	0	0	0	0	288	0	702	0	0	0	0	0	0	0	0	0	976	0	0	0	946	0	590	0	3242	0	324	0	310	0	2216	0	428	0	128	0	1114	0	7592	0	7156	0	10190	0	2902	0	468	0	960	0	1002	0	1576	134	2444	0	2040	0	0	0	214	0	0	0	0	0	702	0	1294	0	2164	0	14134	0	1208	0	0	0	490	0	104	0	0	0	0	0	0	0	0	0	0	0	0	0	0	0	0	0	0	0	0	0	0	
332688	Cerebelum_Crus1_L	0	0	0	0	0	0	0	0	0	0	0	0	0	0	0	0	0	0	0	0	0	0	0	0	0	0	0	0	0	0	0	0	0	0	0	0	0	0	0	0	0	0	0	0	0	0	6890	784	0	0	0	0	270	0	21836	300	0	0	0	0	0	0	0	0	0	0	0	0	0	0	0	0	0	0	0	0	0	0	0	0	0	0	0	0	114	0	0	0	3548	0	0	1762	30342	744	188	0	17120	228	46716	1812	9808	172	9572	610	924	0	0	0	140	458	3006	3948	3532	1302	218	0	
336164	Cerebelum_Crus1_R	0	0	0	0	0	0	0	0	0	0	0	0	0	0	0	0	0	0	0	0	0	0	0	0	0	0	0	0	0	0	0	0	0	0	0	0	0	0	0	0	0	0	0	0	0	0	572	6666	0	0	0	0	0	102	116	8492	0	0	0	0	0	0	0	0	0	0	0	0	0	0	0	0	0	0	0	0	0	0	0	0	0	0	0	0	0	0	0	0	0	490	1762	0	1884	30626	94	2628	436	13168	3420	43570	274	3462	272	20312	534	1786	0	0	0	414	4400	11550	8672	1858	522	0	
191788	Cerebelum_Crus2_L	0	0	0	0	0	0	0	0	0	0	0	0	0	0	0	0	0	0	0	0	0	0	0	0	0	0	0	0	0	0	0	0	0	0	0	0	0	0	0	0	0	0	0	0	0	0	120	424	0	0	0	0	0	0	982	200	0	0	0	0	0	0	0	0	0	0	0	0	0	0	0	0	0	0	0	0	0	0	0	0	0	0	0	0	0	0	0	0	1096	0	30342	1884	0	2060	0	0	704	0	4206	1468	21628	1052	17554	2090	552	0	0	0	0	0	0	1784	3828	3772	148	0	
204900	Cerebelum_Crus2_R	0	0	0	0	0	0	0	0	0	0	0	0	0	0	0	0	0	0	0	0	0	0	0	0	0	0	0	0	0	0	0	0	0	0	0	0	0	0	0	0	0	0	0	0	0	0	0	808	0	0	0	0	0	0	0	1424	0	0	0	0	0	0	0	0	0	0	0	0	0	0	0	0	0	0	0	0	0	0	0	0	0	0	0	0	0	0	0	0	0	104	744	30626	2060	0	0	436	314	2628	1100	10150	946	11310	1048	23502	492	1286	0	0	0	0	598	2392	6532	3172	778	0	
12740	Cerebelum_3_L	0	0	0	0	0	0	0	0	0	0	0	0	0	0	0	0	0	0	0	0	0	0	0	0	0	0	0	0	0	0	0	0	0	0	0	0	0	0	118	0	0	0	0	0	0	0	234	0	0	0	0	0	0	0	110	0	0	0	0	0	0	0	0	0	0	0	0	0	0	0	0	0	0	0	0	0	0	0	0	0	0	0	0	0	0	0	0	0	0	0	188	94	0	0	0	0	2842	0	752	104	0	0	0	0	554	0	0	0	534	166	438	236	0	0	0	0	
30368	Cerebelum_3_R	0	0	0	0	0	0	0	0	0	0	0	0	0	0	0	0	0	0	0	0	0	0	0	0	0	0	0	0	0	0	0	0	0	0	0	0	0	0	0	0	0	0	0	0	0	0	0	0	0	0	0	0	0	0	0	0	0	0	0	0	0	0	0	0	0	0	0	0	0	0	0	0	0	0	0	0	0	0	0	0	0	0	0	0	0	0	0	0	0	0	0	2628	0	436	0	0	0	4398	0	5104	0	0	0	604	0	290	0	0	174	1048	286	118	0	0	98	0	
207468	Cerebelum_4_5_L	0	0	0	0	0	0	0	0	0	0	0	0	0	0	0	0	0	0	0	0	0	0	0	0	0	0	0	0	0	0	0	0	0	0	0	0	0	0	160	0	0	0	0	0	0	0	11948	402	0	0	0	0	462	0	12936	0	0	0	0	0	0	0	0	0	0	0	0	0	0	0	0	0	0	0	0	0	0	0	0	0	0	0	0	0	0	0	0	0	0	0	17120	436	704	314	2842	0	0	492	31616	1052	644	0	546	496	5108	228	604	0	350	940	9816	2304	836	608	420	350	
147944	Cerebelum_4_5_R	0	0	0	0	0	0	0	0	0	0	0	0	0	0	0	0	0	0	0	0	0	0	0	0	0	0	0	0	0	0	0	0	0	0	0	0	0	0	0	146	0	0	0	0	0	0	0	4738	0	0	0	0	0	0	0	3640	0	0	0	0	0	0	0	0	0	0	0	0	0	0	0	0	0	0	0	0	0	0	0	0	0	0	0	0	0	0	0	0	0	0	228	13168	0	2628	0	4398	492	0	548	22990	0	628	0	6760	0	614	0	0	0	626	10104	1120	690	264	190	0	
340484	Cerebelum_6_L	0	0	0	0	0	0	0	0	0	0	0	0	0	0	0	0	0	0	0	0	0	0	0	0	0	0	0	0	0	0	0	0	0	0	0	0	0	0	0	0	0	0	0	0	0	0	13774	2956	0	0	0	0	558	0	27118	702	0	0	0	0	0	0	0	0	0	0	0	0	0	0	0	0	0	0	0	0	0	0	0	0	0	0	0	0	0	0	0	0	518	0	46716	3420	4206	1100	752	0	31616	548	0	4154	1964	0	1054	702	3638	98	226	0	174	628	8622	9700	4112	658	348	180	
324116	Cerebelum_6_R	0	0	0	0	0	0	0	0	0	0	0	0	0	0	0	0	0	0	0	0	0	0	0	0	0	0	0	0	0	0	0	0	0	0	0	0	0	0	0	0	0	0	0	0	0	0	804	9552	0	0	0	0	0	126	306	10478	0	0	0	0	0	0	0	0	0	0	0	0	0	0	0	0	0	0	0	0	0	0	0	0	0	0	0	0	0	0	0	0	0	0	1812	43570	1468	10150	104	5104	1052	22990	4154	0	98	862	90	13506	592	1616	0	150	0	1206	9982	13432	6898	1280	676	0	
129168	Cerebelum_7b_L	0	0	0	0	0	0	0	0	0	0	0	0	0	0	0	0	0	0	0	0	0	0	0	0	0	0	0	0	0	0	0	0	0	0	0	0	0	0	0	0	0	0	0	0	0	0	0	0	0	0	0	0	0	0	170	0	0	0	0	0	0	0	0	0	0	0	0	0	0	0	0	0	0	0	0	0	0	0	0	0	0	0	0	0	0	0	0	0	260	0	9808	274	21628	946	0	0	644	0	1964	98	0	890	19220	2270	1180	0	554	0	0	0	0	116	972	3590	0	0	
62028	Cerebelum_7b_R	0	0	0	0	0	0	0	0	0	0	0	0	0	0	0	0	0	0	0	0	0	0	0	0	0	0	0	0	0	0	0	0	0	0	0	0	0	0	0	0	0	0	0	0	0	0	0	92	0	0	0	0	0	0	0	0	0	0	0	0	0	0	0	0	0	0	0	0	0	0	0	0	0	0	0	0	0	0	0	0	0	0	0	0	0	0	0	0	0	0	172	3462	1052	11310	0	0	0	628	0	862	890	0	962	9042	0	218	0	0	0	0	292	0	852	1180	0	0	
143128	Cerebelum_8_L	0	0	0	0	0	0	0	0	0	0	0	0	0	0	0	0	0	0	0	0	0	0	0	0	0	0	0	0	0	0	0	0	0	0	0	0	0	0	0	0	0	0	0	0	0	0	0	0	0	0	0	0	0	0	138	0	0	0	0	0	0	0	0	0	0	0	0	0	0	0	0	0	0	0	0	0	0	0	0	0	0	0	0	0	0	0	0	0	212	0	9572	272	17554	1048	0	0	546	0	1054	90	19220	962	0	3070	7136	294	2960	0	0	0	0	0	1154	5360	922	0	
215052	Cerebelum_8_R	0	0	0	0	0	0	0	0	0	0	0	0	0	0	0	0	0	0	0	0	0	0	0	0	0	0	0	0	0	0	0	0	0	0	0	0	0	0	0	0	0	0	0	0	0	0	0	1188	0	0	0	0	0	0	98	1464	0	0	0	0	0	0	0	0	0	0	0	0	0	0	0	0	0	0	0	0	0	0	0	0	0	0	0	0	0	0	0	0	0	0	610	20312	2090	23502	0	604	496	6760	702	13506	2270	9042	3070	0	332	6678	0	300	0	438	3950	1080	3298	4522	1214	0	
69848	Cerebelum_9_L	0	0	0	0	0	0	0	0	0	0	0	0	0	0	0	0	0	0	0	0	0	0	0	0	0	0	0	0	0	0	0	0	0	0	0	0	0	0	0	0	0	0	0	0	0	0	0	98	0	0	0	0	0	0	98	0	0	0	0	0	0	0	0	0	0	0	0	0	0	0	0	0	0	0	0	0	0	0	0	0	0	0	0	0	0	0	0	0	0	0	924	534	552	492	554	0	5108	0	3638	592	1180	0	7136	332	0	320	5166	0	0	0	2276	2354	1142	1132	926	370	
56268	Cerebelum_9_R	0	0	0	0	0	0	0	0	0	0	0	0	0	0	0	0	0	0	0	0	0	0	0	0	0	0	0	0	0	0	0	0	0	0	0	0	0	0	0	0	0	0	0	0	0	0	0	360	0	0	0	0	0	0	0	0	0	0	0	0	0	0	0	0	0	0	0	0	0	0	0	0	0	0	0	0	0	0	0	0	0	0	0	0	0	0	0	0	0	0	0	1786	0	1286	0	290	228	614	98	1616	0	218	294	6678	320	0	0	616	414	392	2172	2570	1454	2330	3022	1376	
19020	Cerebelum_10_L	0	0	0	0	0	0	0	0	0	0	0	0	0	0	0	0	0	0	0	0	0	0	0	0	0	0	0	0	0	0	0	0	0	0	0	0	0	0	0	0	0	0	0	0	0	0	0	0	0	0	0	0	0	0	0	0	0	0	0	0	0	0	0	0	0	0	0	0	0	0	0	0	0	0	0	0	0	0	0	0	0	0	0	0	0	0	0	0	0	0	0	0	0	0	0	0	604	0	226	0	554	0	2960	0	5166	0	0	0	0	0	0	0	0	0	0	0	
2132	Cerebelum_10_R	0	0	0	0	0	0	0	0	0	0	0	0	0	0	0	0	0	0	0	0	0	0	0	0	0	0	0	0	0	0	0	0	0	0	0	0	0	0	0	0	0	0	0	0	0	0	0	0	0	0	0	0	0	0	0	0	0	0	0	0	0	0	0	0	0	0	0	0	0	0	0	0	0	0	0	0	0	0	0	0	0	0	0	0	0	0	0	0	0	0	0	0	0	0	0	0	0	0	0	150	0	0	0	300	0	616	0	0	0	0	0	0	0	0	0	0	
10876	Vermis_1_2	0	0	0	0	0	0	0	0	0	0	0	0	0	0	0	0	0	0	0	0	0	0	0	0	0	0	0	0	0	0	0	0	0	0	0	0	0	0	0	0	0	0	0	0	0	0	0	0	0	0	0	0	0	0	0	0	0	0	0	0	0	0	0	0	0	0	0	0	0	0	0	0	0	0	0	0	0	0	0	0	0	0	0	0	0	0	0	0	0	0	140	0	0	0	534	174	350	0	174	0	0	0	0	0	0	414	0	0	0	3186	466	0	0	0	0	0	
24652	Vermis_3	0	0	0	0	0	0	0	0	0	0	0	0	0	0	0	0	0	0	0	0	0	0	0	0	0	0	0	0	0	0	0	0	0	0	0	0	330	0	340	0	0	0	0	0	0	0	0	0	0	0	0	0	0	0	228	0	0	0	0	0	0	0	0	0	0	0	0	0	0	0	0	0	0	0	0	0	0	0	0	0	0	0	0	0	0	0	0	0	0	0	458	414	0	0	166	1048	940	626	628	1206	0	0	0	438	0	392	0	0	3186	0	1444	196	0	106	180	0	
164096	Vermis_4_5	0	0	0	0	0	0	0	0	0	0	0	0	0	0	0	0	0	0	0	0	0	0	0	0	0	0	0	0	0	0	0	0	0	0	92	216	0	198	0	98	0	0	0	0	0	0	2980	5226	0	0	0	0	0	0	1618	2306	0	0	0	0	0	0	0	0	0	0	0	438	0	0	0	0	0	0	0	0	0	0	0	0	0	0	0	0	0	0	0	0	0	0	3006	4400	0	598	438	286	9816	10104	8622	9982	0	292	0	3950	2276	2172	0	0	466	1444	0	6626	530	762	1234	1872	
175528	Vermis_6	0	0	0	0	0	0	0	0	0	0	0	0	0	0	0	0	0	0	0	0	0	0	0	0	0	0	0	0	0	0	0	0	0	0	0	0	0	0	0	0	0	0	0	0	0	0	2296	8592	0	0	0	0	0	120	508	3058	0	0	0	0	0	0	0	0	0	0	0	0	0	0	0	0	0	0	0	0	0	0	0	0	0	0	0	0	0	0	0	0	0	0	3948	11550	1784	2392	236	118	2304	1120	9700	13432	116	0	0	1080	2354	2570	0	0	0	196	6626	0	7904	1804	2080	1876	
125404	Vermis_7	0	0	0	0	0	0	0	0	0	0	0	0	0	0	0	0	0	0	0	0	0	0	0	0	0	0	0	0	0	0	0	0	0	0	0	0	0	0	0	0	0	0	0	0	0	0	212	2122	0	0	0	0	0	0	104	1086	0	0	0	0	0	0	0	0	0	0	0	0	0	0	0	0	0	0	0	0	0	0	0	0	0	0	0	0	0	0	0	0	0	0	3532	8672	3828	6532	0	0	836	690	4112	6898	972	852	1154	3298	1142	1454	0	0	0	0	530	7904	0	4528	2150	94	
85332	Vermis_8	0	0	0	0	0	0	0	0	0	0	0	0	0	0	0	0	0	0	0	0	0	0	0	0	0	0	0	0	0	0	0	0	0	0	0	0	0	0	0	0	0	0	0	0	0	0	0	180	0	0	0	0	0	0	0	188	0	0	0	0	0	0	0	0	0	0	0	0	0	0	0	0	0	0	0	0	0	0	0	0	0	0	0	0	0	0	0	0	0	0	1302	1858	3772	3172	0	0	608	264	658	1280	3590	1180	5360	4522	1132	2330	0	0	0	106	762	1804	4528	0	3800	270	
39608	Vermis_9	0	0	0	0	0	0	0	0	0	0	0	0	0	0	0	0	0	0	0	0	0	0	0	0	0	0	0	0	0	0	0	0	0	0	0	0	0	0	0	0	0	0	0	0	0	0	0	116	0	0	0	0	0	0	0	0	0	0	0	0	0	0	0	0	0	0	0	0	0	0	0	0	0	0	0	0	0	0	0	0	0	0	0	0	0	0	0	0	0	0	218	522	148	778	0	98	420	190	348	676	0	0	922	1214	926	3022	0	0	0	180	1234	2080	2150	3800	0	762	
