data	data	558068	332596	726556	690204	182264	102428	567216	187304	233364	48424	257776	179740	352196	165376	229856	64024	275552	110408	727340	747264	90516	137116	310172	267100	31392	81240	92564	90268	544768	235752	252424	450224	176760	408104	237144	262688	283688	336012	87304	138368	35932	57372	207540	291200	189340	334856	225768	391540	207876	361424	556696	343028	130728	125792	329188	394752	328616	196328	311480	77728	243124	126364	165996	96424	142508	146504	444264	418944	321368	269980	289092	353604	391036	264592	78364	27444	248980	296420	93688	16760	232748	104276	85080	51628	438204	303512	26364	19808	338472	292296	429488	384116	255668	236436	35812	58244	290788	235688	461996	486616	180088	111956	329968	295156	157368	167228	19300	18760	30516	75916	228628	239088	196324	125068	94412	29232	
data	data	Precentral_L	Precentral_R	Frontal_Sup_L	Frontal_Sup_R	Frontal_Sup_Orb_L	Frontal_Sup_Orb_R	Frontal_Mid_L	Frontal_Mid_R	Frontal_Mid_Orb_L	Frontal_Mid_Orb_R	Frontal_Inf_Oper_L	Frontal_Inf_Oper_R	Frontal_Inf_Tri_L	Frontal_Inf_Tri_R	Frontal_Inf_Orb_L	Frontal_Inf_Orb_R	Rolandic_Oper_L	Rolandic_Oper_R	Supp_Motor_Area_L	Supp_Motor_Area_R	Olfactory_L	Olfactory_R	Frontal_Sup_Medial_L	Frontal_Sup_Medial_R	Frontal_Med_Orb_L	Frontal_Med_Orb_R	Rectus_L	Rectus_R	Insula_L	Insula_R	Cingulum_Ant_L	Cingulum_Ant_R	Cingulum_Mid_L	Cingulum_Mid_R	Cingulum_Post_L	Cingulum_Post_R	Hippocampus_L	Hippocampus_R	ParaHippocampal_L	ParaHippocampal_R	Amygdala_L	Amygdala_R	Calcarine_L	Calcarine_R	Cuneus_L	Cuneus_R	Lingual_L	Lingual_R	Occipital_Sup_L	Occipital_Sup_R	Occipital_Mid_L	Occipital_Mid_R	Occipital_Inf_L	Occipital_Inf_R	Fusiform_L	Fusiform_R	Postcentral_L	Postcentral_R	Parietal_Sup_L	Parietal_Sup_R	Parietal_Inf_L	Parietal_Inf_R	SupraMarginal_L	SupraMarginal_R	Angular_L	Angular_R	Precuneus_L	Precuneus_R	Paracentral_Lobule_L	Paracentral_Lobule_R	Caudate_L	Caudate_R	Putamen_L	Putamen_R	Pallidum_L	Pallidum_R	Thalamus_L	Thalamus_R	Heschl_L	Heschl_R	Temporal_Sup_L	Temporal_Sup_R	Temporal_Pole_Sup_L	Temporal_Pole_Sup_R	Temporal_Mid_L	Temporal_Mid_R	Temporal_Pole_Mid_L	Temporal_Pole_Mid_R	Temporal_Inf_L	Temporal_Inf_R	Cerebelum_Crus1_L	Cerebelum_Crus1_R	Cerebelum_Crus2_L	Cerebelum_Crus2_R	Cerebelum_3_L	Cerebelum_3_R	Cerebelum_4_5_L	Cerebelum_4_5_R	Cerebelum_6_L	Cerebelum_6_R	Cerebelum_7b_L	Cerebelum_7b_R	Cerebelum_8_L	Cerebelum_8_R	Cerebelum_9_L	Cerebelum_9_R	Cerebelum_10_L	Cerebelum_10_R	Vermis_1_2	Vermis_3	Vermis_4_5	Vermis_6	Vermis_7	Vermis_8	Vermis_9	Vermis_10	
558068	Precentral_L	0	8124	24580	1892	0	0	24026	956	112	0	14142	248	1056	0	88	0	13906	0	24184	10674	0	0	0	0	0	0	0	0	12350	200	0	762	136	1280	3032	3604	6384	2426	426	204	0	0	150	0	0	0	76	150	0	0	572	0	96	0	284	142	28968	2000	762	0	1484	512	1148	666	0	0	444	0	28216	8036	2934	1174	5322	752	1586	0	22316	4608	4910	0	4982	0	236	0	996	0	0	0	720	0	0	0	0	0	0	0	0	0	0	0	0	0	0	0	0	0	0	0	0	0	0	0	0	0	0	0	
332596	Precentral_R	8124	0	892	4670	0	0	410	6614	0	0	0	5678	0	0	0	0	304	1562	2064	19292	0	76	0	0	0	0	0	0	1978	3274	256	468	82	492	2724	4336	2926	9420	218	472	0	226	0	0	0	0	0	0	0	0	92	0	0	0	304	1354	2824	11834	248	0	166	576	324	1554	0	0	0	92	6560	12254	1658	7146	2202	4644	1784	260	6524	22868	516	218	498	620	0	114	130	384	0	0	866	1126	0	0	0	0	0	0	0	0	0	0	0	0	0	0	0	0	0	0	0	0	0	0	0	0	0	0	
726556	Frontal_Sup_L	24580	892	0	8458	7476	0	66610	1944	7036	0	19752	696	21580	132	4700	0	12462	348	70486	4504	234	204	32854	5294	1048	0	1746	0	18506	402	8962	2518	3858	1156	0	0	608	0	104	0	0	0	0	0	0	0	0	0	0	0	0	0	0	0	0	0	4874	106	0	0	82	0	0	0	0	0	0	0	2666	134	3704	2862	12494	338	1518	470	254	402	506	0	2600	0	846	0	272	0	0	0	0	0	0	0	0	0	0	0	0	0	0	0	0	0	0	0	0	0	0	0	0	0	0	0	0	0	0	0	
690204	Frontal_Sup_R	1892	4670	8458	0	0	3428	2058	21798	160	554	438	14458	572	14140	180	1096	258	7110	16146	66784	0	318	15040	32924	0	1682	0	426	864	11398	3760	39836	2506	27308	0	0	96	332	0	0	0	0	0	0	0	0	0	0	0	0	0	0	0	0	0	0	310	1402	0	0	0	0	0	0	0	0	0	0	1010	0	1760	17684	908	13688	438	2358	0	3530	0	132	98	934	86	74	0	0	0	0	0	0	0	0	0	0	0	0	0	0	0	0	0	0	0	0	0	0	0	0	0	0	0	0	0	0	0	0	
182264	Frontal_Sup_Orb_L	0	0	7476	0	0	0	7300	0	15564	0	1244	90	6362	0	10336	0	112	0	1332	0	3320	1154	3618	0	4560	300	7126	166	5886	0	4810	688	0	0	0	0	0	0	106	0	346	0	0	0	0	0	0	0	0	0	0	0	0	0	0	0	0	0	0	0	0	0	0	0	0	0	0	0	0	0	2218	214	6410	0	0	0	0	0	0	0	0	0	394	0	0	0	0	0	0	0	0	0	0	0	0	0	0	0	0	0	0	0	0	0	0	0	0	0	0	0	0	0	0	0	0	0	
102428	Frontal_Sup_Orb_R	0	0	0	3428	0	0	0	1024	0	4764	0	0	0	148	0	3182	0	0	0	580	464	3708	996	3950	184	5778	560	9732	0	948	1122	2464	0	0	0	0	0	0	0	0	0	0	0	0	0	0	0	0	0	0	0	0	0	0	0	0	0	0	0	0	0	0	0	0	0	0	0	0	0	0	644	3504	522	3512	0	0	0	0	0	0	0	0	0	0	0	0	0	0	0	0	0	0	0	0	0	0	0	0	0	0	0	0	0	0	0	0	0	0	0	0	0	0	0	0	0	0	
567216	Frontal_Mid_L	24026	410	66610	2058	7300	0	0	340	17382	0	13870	502	38674	182	12216	0	3366	0	18962	1140	626	152	15218	2256	0	0	648	0	21180	250	3554	1130	2428	548	198	244	768	180	72	0	220	0	0	0	0	0	0	0	0	0	0	0	0	0	0	0	4068	0	0	0	84	0	108	0	0	0	0	0	1688	438	3144	2076	10858	272	618	0	608	216	714	0	522	0	1162	0	184	0	0	0	138	0	0	0	0	0	0	0	0	0	0	0	0	0	0	0	0	0	0	0	0	0	0	0	0	0	0	0	
187304	Frontal_Mid_R	956	6614	1944	21798	0	1024	340	0	0	758	0	11350	0	14974	0	980	0	440	3632	7292	0	0	308	1898	0	0	0	0	448	3650	100	1944	0	4278	0	0	112	194	74	0	0	0	0	0	0	0	0	0	0	0	0	0	0	0	0	0	130	418	0	0	0	0	0	0	0	0	0	0	0	0	800	1256	320	4254	90	186	0	928	0	80	0	82	0	0	0	0	0	0	0	0	0	0	0	0	0	0	0	0	0	0	0	0	0	0	0	0	0	0	0	0	0	0	0	0	0	0	
233364	Frontal_Mid_Orb_L	112	0	7036	160	15564	0	17382	0	0	0	3732	356	15698	148	22046	0	626	0	4042	0	596	256	130	0	1224	126	2738	80	13222	180	1202	460	198	0	0	0	0	0	0	0	74	0	0	0	0	0	0	0	0	0	0	0	0	0	0	0	0	0	0	0	0	0	0	0	0	0	0	0	0	0	1244	738	6306	0	0	0	0	0	0	0	0	0	1006	0	0	0	0	0	0	0	0	0	0	0	0	0	0	0	0	0	0	0	0	0	0	0	0	0	0	0	0	0	0	0	0	0	
48424	Frontal_Mid_Orb_R	0	0	0	554	0	4764	0	758	0	0	0	0	0	0	0	6940	0	0	0	480	136	1002	0	0	0	0	120	2196	0	2126	134	100	0	0	0	0	0	0	0	0	0	0	0	0	0	0	0	0	0	0	0	0	0	0	0	0	0	0	0	0	0	0	0	0	0	0	0	0	0	0	194	824	166	3718	0	0	0	0	0	0	0	0	0	0	0	0	0	0	0	0	0	0	0	0	0	0	0	0	0	0	0	0	0	0	0	0	0	0	0	0	0	0	0	0	0	0	
257776	Frontal_Inf_Oper_L	14142	0	19752	438	1244	0	13870	0	3732	0	0	226	17804	0	3350	0	11772	0	16138	0	0	0	484	90	0	0	0	0	12632	156	1812	216	326	0	0	0	78	0	0	0	0	0	0	0	0	0	0	0	0	0	0	0	0	0	0	0	2160	0	0	0	0	0	0	0	0	0	0	0	0	0	1066	234	1182	0	86	0	0	0	188	0	2082	0	3538	0	90	0	0	0	0	0	0	0	0	0	0	0	0	0	0	0	0	0	0	0	0	0	0	0	0	0	0	0	0	0	0	0	
179740	Frontal_Inf_Oper_R	248	5678	696	14458	90	0	502	11350	356	0	226	0	358	15078	216	114	102	3458	1144	10250	0	0	0	448	0	0	0	0	258	8598	510	4670	0	2002	0	0	0	186	0	0	0	0	0	0	0	0	0	0	0	0	0	0	0	0	0	72	0	2550	0	0	0	178	0	0	0	0	0	0	0	0	640	1832	82	2102	0	236	0	468	0	144	0	272	0	130	0	80	0	0	0	88	0	0	0	0	0	0	0	0	0	0	0	0	0	0	0	0	0	0	0	0	0	0	0	0	0	0	
352196	Frontal_Inf_Tri_L	1056	0	21580	572	6362	0	38674	0	15698	0	17804	358	0	132	16860	0	1438	0	10938	0	130	0	5328	578	0	0	222	0	20748	176	4756	582	4088	224	0	0	0	0	0	0	0	0	0	0	0	0	0	0	0	0	0	0	0	0	0	0	0	0	0	0	0	0	0	0	0	0	0	0	0	0	884	690	4694	0	0	0	0	0	0	0	634	0	892	0	0	0	0	0	0	0	0	0	0	0	0	0	0	0	0	0	0	0	0	0	0	0	0	0	0	0	0	0	0	0	0	0	
165376	Frontal_Inf_Tri_R	0	0	132	14140	0	148	182	14974	148	0	0	15078	132	0	98	1856	0	0	512	8974	0	0	0	2266	0	0	0	0	106	8680	424	8414	0	3752	0	0	0	0	0	0	0	0	0	0	0	0	0	0	0	0	0	0	0	0	0	0	0	0	0	0	0	0	0	0	0	0	0	0	0	0	254	1944	0	474	0	0	0	0	0	0	0	0	0	0	0	0	0	0	0	0	0	0	0	0	0	0	0	0	0	0	0	0	0	0	0	0	0	0	0	0	0	0	0	0	0	0	
229856	Frontal_Inf_Orb_L	88	0	4700	180	10336	0	12216	0	22046	0	3350	216	16860	98	0	0	620	0	2796	0	2252	568	1106	102	74	122	2094	112	16878	102	1776	704	696	0	0	0	0	0	0	0	314	0	0	0	0	0	0	0	0	0	0	0	0	0	0	0	0	0	0	0	0	0	0	0	0	0	0	0	0	0	1794	668	10076	0	0	0	0	0	0	0	0	0	1984	0	0	0	0	0	0	0	0	0	0	0	0	0	0	0	0	0	0	0	0	0	0	0	0	0	0	0	0	0	0	0	0	0	
64024	Frontal_Inf_Orb_R	0	0	0	1096	0	3182	0	980	0	6940	0	114	0	1856	0	0	0	0	0	442	110	2286	0	138	0	0	76	2580	0	5944	86	228	0	0	0	0	0	0	0	0	0	222	0	0	0	0	0	0	0	0	0	0	0	0	0	0	0	0	0	0	0	0	0	0	0	0	0	0	0	0	338	946	302	3898	0	0	0	98	0	0	0	0	0	150	0	0	0	0	0	0	0	0	0	0	0	0	0	0	0	0	0	0	0	0	0	0	0	0	0	0	0	0	0	0	0	0	
275552	Rolandic_Oper_L	13906	304	12462	258	112	0	3366	0	626	0	11772	102	1438	0	620	0	0	0	15984	192	0	0	0	0	0	0	0	0	24756	86	80	0	76	0	240	186	442	156	0	0	0	0	126	0	86	0	0	0	0	0	1530	0	90	0	160	0	12302	0	1500	0	866	0	4182	0	76	0	1112	0	150	0	954	142	1338	0	84	0	236	156	4878	0	12690	0	2870	0	3328	0	0	0	1756	0	0	0	0	0	0	0	0	0	0	0	0	0	0	0	0	0	0	0	0	0	0	0	0	0	0	0	
110408	Rolandic_Oper_R	0	1562	348	7110	0	0	0	440	0	0	0	3458	0	0	0	0	0	0	470	6444	0	0	0	256	0	0	0	0	0	12268	76	930	0	0	0	0	0	1124	0	146	0	0	0	0	0	0	0	0	0	0	0	0	0	0	0	410	0	2504	0	0	0	0	0	2300	0	0	0	0	0	0	160	1794	0	5990	0	1228	0	86	0	1162	0	3674	0	164	0	446	0	0	0	654	0	0	0	0	0	0	0	0	0	0	0	0	0	0	0	0	0	0	0	0	0	0	0	0	0	0	
727340	Supp_Motor_Area_L	24184	2064	70486	16146	1332	0	18962	3632	4042	0	16138	1144	10938	512	2796	0	15984	470	0	34548	0	0	4020	1582	0	0	84	0	21662	532	3800	6616	10482	18948	1162	0	850	0	148	0	0	0	0	0	0	0	0	0	0	0	188	0	0	0	0	0	11396	114	236	0	406	0	236	0	0	0	140	0	13052	902	8664	2626	16004	838	6496	472	356	478	1670	0	4680	0	910	0	426	0	0	0	116	0	0	0	0	0	0	0	0	0	0	0	0	0	0	0	0	0	0	0	0	0	0	0	0	0	0	0	
747264	Supp_Motor_Area_R	10674	19292	4504	66784	0	580	1140	7292	0	480	0	10250	0	8974	0	442	192	6444	34548	0	0	0	2062	5204	0	114	0	0	842	7778	1874	21580	8408	47524	1060	3772	282	1648	0	78	0	0	0	144	0	178	0	220	0	148	0	0	0	0	0	224	760	2664	0	0	0	0	0	0	0	0	324	2708	15922	26518	1356	17224	992	10342	454	2126	3668	12616	72	0	126	738	76	74	0	0	0	0	0	136	0	0	0	0	0	0	0	0	0	0	0	0	0	0	0	0	0	0	0	0	0	0	0	0	0	0	
90516	Olfactory_L	0	0	234	0	3320	464	626	0	596	136	0	0	130	0	2252	110	0	0	0	0	0	6406	234	0	130	704	4506	1426	2188	178	3600	2006	0	0	0	0	0	0	130	0	642	0	0	0	0	0	0	0	0	0	0	0	0	0	0	0	0	0	0	0	0	0	0	0	0	0	0	0	0	0	8088	2510	4126	438	0	0	0	0	0	0	0	0	78	0	0	0	0	0	0	0	0	0	0	0	0	0	0	0	0	0	0	0	0	0	0	0	0	0	0	0	0	0	0	0	0	0	
137116	Olfactory_R	0	76	204	318	1154	3708	152	0	256	1002	0	0	0	0	568	2286	0	0	0	0	6406	0	204	382	218	1804	3130	6664	200	3108	4722	4730	0	0	0	0	0	0	0	0	76	670	0	0	0	0	0	0	0	0	0	0	0	0	0	0	0	0	0	0	0	0	0	0	0	0	0	0	0	0	10456	6476	7480	1758	0	0	0	170	0	0	0	0	0	180	0	0	0	0	0	0	0	0	0	0	0	0	0	0	0	0	0	0	0	0	0	0	0	0	0	0	0	0	0	0	0	0	
310172	Frontal_Sup_Medial_L	0	0	32854	15040	3618	996	15218	308	130	0	484	0	5328	0	1106	0	0	0	4020	2062	234	204	0	23556	2014	1564	2034	0	1682	0	13680	9658	4360	11814	0	0	0	0	0	0	0	0	0	0	0	0	0	0	0	0	0	0	0	0	0	0	0	0	0	0	0	0	0	0	0	0	0	0	0	0	582	198	2342	0	0	0	0	0	0	0	0	0	0	0	0	0	0	0	0	0	0	0	0	0	0	0	0	0	0	0	0	0	0	0	0	0	0	0	0	0	0	0	0	0	0	0	
267100	Frontal_Sup_Medial_R	0	0	5294	32924	0	3950	2256	1898	0	0	90	448	578	2266	102	138	0	256	1582	5204	0	382	23556	0	344	4740	0	618	0	1854	4064	16968	524	14604	0	0	0	0	0	0	0	0	0	0	0	0	0	0	0	0	0	0	0	0	0	0	0	0	0	0	0	0	0	0	0	0	0	0	0	0	0	5366	0	3544	0	0	0	0	0	0	0	0	0	0	0	0	0	0	0	0	0	0	0	0	0	0	0	0	0	0	0	0	0	0	0	0	0	0	0	0	0	0	0	0	0	0	
31392	Frontal_Med_Orb_L	0	0	1048	0	4560	184	0	0	1224	0	0	0	0	0	74	0	0	0	0	0	130	218	2014	344	0	1486	1634	242	0	0	2300	140	0	0	0	0	0	0	0	0	0	0	0	0	0	0	0	0	0	0	0	0	0	0	0	0	0	0	0	0	0	0	0	0	0	0	0	0	0	0	98	0	0	0	0	0	0	0	0	0	0	0	0	0	0	0	0	0	0	0	0	0	0	0	0	0	0	0	0	0	0	0	0	0	0	0	0	0	0	0	0	0	0	0	0	0	
81240	Frontal_Med_Orb_R	0	0	0	1682	300	5778	0	0	126	0	0	0	0	0	122	0	0	0	0	114	704	1804	1564	4740	1486	0	1020	5898	0	0	3460	5268	0	0	0	0	0	0	0	0	0	0	0	0	0	0	0	0	0	0	0	0	0	0	0	0	0	0	0	0	0	0	0	0	0	0	0	0	0	0	868	2208	616	2862	0	0	0	0	0	0	0	0	0	0	0	0	0	0	0	0	0	0	0	0	0	0	0	0	0	0	0	0	0	0	0	0	0	0	0	0	0	0	0	0	0	0	
92564	Rectus_L	0	0	1746	0	7126	560	648	0	2738	120	0	0	222	0	2094	76	0	0	84	0	4506	3130	2034	0	1634	1020	0	1500	494	0	6088	1508	0	0	0	0	0	0	0	0	250	0	0	0	0	0	0	0	0	0	0	0	0	0	0	0	0	0	0	0	0	0	0	0	0	0	0	0	0	0	4124	904	3390	286	0	0	0	0	0	0	0	0	0	0	0	0	0	0	0	0	0	0	0	0	0	0	0	0	0	0	0	0	0	0	0	0	0	0	0	0	0	0	0	0	0	0	
90268	Rectus_R	0	0	0	426	166	9732	0	0	80	2196	0	0	0	0	112	2580	0	0	0	0	1426	6664	0	618	242	5898	1500	0	0	1736	2038	2326	0	0	0	0	0	0	0	0	0	0	0	0	0	0	0	0	0	0	0	0	0	0	0	0	0	0	0	0	0	0	0	0	0	0	0	0	0	0	2276	2086	1884	1020	0	0	0	0	0	0	0	0	0	128	0	0	0	0	0	0	0	0	0	0	0	0	0	0	0	0	0	0	0	0	0	0	0	0	0	0	0	0	0	0	0	0	
544768	Insula_L	12350	1978	18506	864	5886	0	21180	448	13222	0	12632	258	20748	106	16878	0	24756	0	21662	842	2188	200	1682	0	0	0	494	0	0	152	838	496	840	0	1334	1460	7926	1076	1068	132	1002	0	344	0	180	0	0	116	0	0	874	0	194	0	820	112	6306	236	1100	0	1200	0	3046	0	120	0	630	0	278	74	2642	640	18568	118	86	0	2268	1342	10104	0	11800	0	5882	0	5382	0	80	0	4638	0	0	0	0	0	0	0	0	0	0	0	0	0	0	0	0	0	0	0	0	0	0	0	0	0	0	0	
235752	Insula_R	200	3274	402	11398	0	948	250	3650	180	2126	156	8598	176	8680	102	5944	86	12268	532	7778	178	3108	0	1854	0	0	0	1736	152	0	164	4652	0	504	112	112	92	2454	0	526	0	1452	0	0	0	0	0	0	0	0	0	0	0	0	0	960	0	1570	0	0	0	0	0	478	0	0	0	0	0	0	636	2116	172	18576	0	228	0	592	0	1920	0	3946	0	676	0	890	0	0	0	1272	0	0	0	0	0	0	0	0	0	0	0	0	0	0	0	0	0	0	0	0	0	0	0	0	0	0	
252424	Cingulum_Ant_L	0	256	8962	3760	4810	1122	3554	100	1202	134	1812	510	4756	424	1776	86	80	76	3800	1874	3600	4722	13680	4064	2300	3460	6088	2038	838	164	0	14814	5388	2362	0	0	0	0	0	0	0	0	0	0	0	0	0	0	0	0	0	0	0	0	0	0	0	0	0	0	0	0	0	0	0	0	0	0	0	0	9860	3608	9098	1034	0	0	0	0	0	0	0	0	0	0	0	0	0	0	0	0	0	0	0	0	0	0	0	0	0	0	0	0	0	0	0	0	0	0	0	0	0	0	0	0	0	0	
450224	Cingulum_Ant_R	762	468	2518	39836	688	2464	1130	1944	460	100	216	4670	582	8414	704	228	0	930	6616	21580	2006	4730	9658	16968	140	5268	1508	2326	496	4652	14814	0	2946	18290	0	0	0	0	0	0	0	0	0	0	0	0	0	0	0	0	0	0	0	0	0	0	0	0	0	0	0	0	0	0	0	0	0	0	0	0	7662	24890	4812	9288	0	0	0	200	0	0	0	148	0	0	0	0	0	0	0	0	0	0	0	0	0	0	0	0	0	0	0	0	0	0	0	0	0	0	0	0	0	0	0	0	0	0	
176760	Cingulum_Mid_L	136	82	3858	2506	0	0	2428	0	198	0	326	0	4088	0	696	0	76	0	10482	8408	0	0	4360	524	0	0	0	0	840	0	5388	2946	0	12110	6930	622	0	0	0	0	0	0	0	0	1398	88	0	0	444	0	688	0	0	0	394	0	1148	0	544	0	114	0	202	0	0	0	4614	842	9078	804	76	0	162	0	80	0	88	0	0	0	0	0	0	0	402	0	0	0	210	0	0	0	0	0	0	0	0	0	0	0	0	0	0	0	0	0	0	0	0	0	0	0	0	0	0	0	
408104	Cingulum_Mid_R	1280	492	1156	27308	0	0	548	4278	0	0	0	2002	224	3752	0	0	0	0	18948	47524	0	0	11814	14604	0	0	0	0	0	504	2362	18290	12110	0	1064	4690	0	94	0	0	0	0	0	296	0	878	0	404	0	774	0	504	0	0	0	0	0	680	0	0	0	0	0	0	0	88	1408	7002	6038	11810	0	194	0	166	0	0	0	0	0	0	0	108	0	0	0	402	0	0	0	184	0	0	0	0	0	0	0	72	0	0	0	0	0	0	0	0	0	0	0	0	0	0	0	0	0	0	
237144	Cingulum_Post_L	3032	2724	0	0	0	0	198	0	0	0	0	0	0	0	0	0	240	0	1162	1060	0	0	0	0	0	0	0	0	1334	112	0	0	6930	1064	0	13752	12168	8912	2190	2338	0	0	4488	0	1252	286	1558	1656	844	0	1906	0	376	0	2922	1638	2102	390	864	0	332	0	616	0	140	0	11274	1988	7440	846	0	0	164	0	0	0	4856	6976	1476	0	564	0	0	0	1744	0	0	0	2534	0	0	0	0	0	0	0	0	124	0	0	0	0	0	0	0	0	0	0	0	0	0	0	0	0	0	0	
262688	Cingulum_Post_R	3604	4336	0	0	0	0	244	0	0	0	0	0	0	0	0	0	186	0	0	3772	0	0	0	0	0	0	0	0	1460	112	0	0	622	4690	13752	0	10652	14950	2064	3310	0	0	0	2750	0	1488	232	6968	0	906	0	2004	106	110	576	3260	408	1672	0	0	0	0	0	78	0	172	1658	12654	1678	5720	0	0	214	0	0	0	7950	10500	1278	0	534	0	0	0	238	1150	0	0	1316	1200	0	0	0	0	0	0	0	656	0	0	0	0	0	0	0	0	0	0	0	0	114	0	0	0	0	0	
283688	Hippocampus_L	6384	2926	608	96	0	0	768	112	0	0	78	0	0	0	0	0	442	0	850	282	0	0	0	0	0	0	0	0	7926	92	0	0	0	0	12168	10652	0	9376	12328	2802	5312	0	2252	0	98	0	2314	1926	0	0	200	0	284	0	8254	1954	628	80	0	0	0	0	164	0	0	0	3626	1104	1354	0	72	0	4780	220	254	0	10454	8462	2048	0	2144	0	1036	0	4554	0	696	0	9334	0	0	0	0	0	0	0	82	268	0	0	0	0	0	0	0	0	0	0	0	0	0	0	0	0	0	0	
336012	Hippocampus_R	2426	9420	0	332	0	0	180	194	0	0	0	186	0	0	0	0	156	1124	0	1648	0	0	0	0	0	0	0	0	1076	2454	0	0	0	94	8912	14950	9376	0	1870	16358	0	7644	0	2382	0	512	170	5866	0	304	0	508	0	138	420	20958	216	2096	0	0	0	108	0	1864	0	0	190	6336	372	1470	0	0	178	5126	0	0	6408	12768	1014	154	452	2108	0	1838	158	3430	0	106	1058	9802	0	0	0	0	0	0	0	1000	0	0	0	0	0	0	0	0	0	0	0	0	96	0	0	0	0	0	
87304	ParaHippocampal_L	426	218	104	0	106	0	72	74	0	0	0	0	0	0	0	0	0	0	148	0	130	0	0	0	0	0	0	0	1068	0	0	0	0	0	2190	2064	12328	1870	0	694	2552	0	298	0	0	0	1898	786	0	0	0	0	0	0	6278	550	76	0	0	0	0	0	0	0	0	0	546	416	0	0	0	0	762	248	0	0	1530	1630	0	0	410	0	168	0	142	0	0	0	3190	0	0	0	0	0	182	0	124	78	0	0	0	0	0	0	0	0	0	0	0	296	0	0	0	0	0	0	
138368	ParaHippocampal_R	204	472	0	0	0	0	0	0	0	0	0	0	0	0	0	0	0	146	0	78	0	0	0	0	0	0	0	0	132	526	0	0	0	0	2338	3310	2802	16358	694	0	0	6606	0	320	0	0	0	3920	0	0	0	0	0	0	0	15104	0	108	0	0	0	0	0	86	0	0	0	1382	0	80	0	0	0	1370	0	0	728	3524	198	0	0	500	0	2494	0	516	0	1636	86	1936	0	0	0	0	0	124	0	1406	0	0	0	0	0	0	0	0	0	0	0	0	0	0	0	0	0	0	
35932	Amygdala_L	0	0	0	0	346	0	220	0	74	0	0	0	0	0	314	0	0	0	0	0	642	76	0	0	0	0	250	0	1002	0	0	0	0	0	0	0	5312	0	2552	0	0	0	0	0	0	0	0	0	0	0	0	0	0	0	3392	0	0	0	0	0	0	0	0	0	0	0	0	0	0	0	100	0	282	0	0	0	0	0	0	0	0	0	306	0	1242	0	198	0	1658	0	0	0	0	0	0	0	0	0	0	0	0	0	0	0	0	0	0	0	0	0	0	0	0	0	0	0	
57372	Amygdala_R	0	226	0	0	0	0	0	0	0	0	0	0	0	0	0	222	0	0	0	0	0	670	0	0	0	0	0	0	0	1452	0	0	0	0	0	0	0	7644	0	6606	0	0	0	0	0	0	0	0	0	0	0	0	0	0	0	5420	0	0	0	0	0	0	0	0	0	0	0	0	0	0	0	0	0	1016	0	0	0	0	0	0	0	0	0	3292	0	0	0	1118	0	1020	0	0	0	0	0	0	0	0	0	0	0	0	0	0	0	0	0	0	0	0	0	0	0	0	0	0	
207540	Calcarine_L	150	0	0	0	0	0	0	0	0	0	0	0	0	0	0	0	126	0	0	0	0	0	0	0	0	0	0	0	344	0	0	0	0	0	4488	0	2252	0	298	0	0	0	0	9432	8974	5896	9260	3278	6380	3826	20720	926	2100	110	3166	254	298	0	410	0	430	0	626	0	744	0	12566	216	506	0	0	0	0	0	0	0	0	0	414	0	160	0	0	0	4486	90	0	0	748	96	0	0	0	0	0	0	0	0	0	0	0	0	0	0	0	0	0	0	0	0	0	0	0	0	0	0	
291200	Calcarine_R	0	0	0	0	0	0	0	0	0	0	0	0	0	0	0	0	0	0	0	144	0	0	0	0	0	0	0	0	0	0	0	0	0	296	0	2750	0	2382	0	320	0	0	9432	0	3766	15848	4630	24056	0	15056	0	16098	0	7760	0	4988	0	760	0	0	0	0	0	0	0	158	164	17238	72	904	0	0	0	0	0	0	0	0	0	0	0	0	0	0	0	8580	0	0	0	8116	0	224	0	0	0	0	0	1188	0	444	0	0	0	0	0	0	0	0	0	0	226	0	0	0	0	0	
189340	Cuneus_L	0	0	0	0	0	0	0	0	0	0	0	0	0	0	0	0	86	0	0	0	0	0	0	0	0	0	0	0	180	0	0	0	1398	0	1252	0	98	0	0	0	0	0	8974	3766	0	7030	568	328	19894	2984	15768	1820	672	88	428	106	490	0	3716	0	790	0	296	0	1052	0	15016	1858	3076	0	0	0	0	0	0	0	0	0	150	0	86	0	0	0	2150	156	0	0	292	102	0	0	0	0	0	0	0	0	0	0	0	0	0	0	0	0	0	0	0	0	0	0	0	0	0	0	
334856	Cuneus_R	0	0	0	0	0	0	0	0	0	0	0	0	0	0	0	0	0	0	0	178	0	0	0	0	0	0	0	0	0	0	0	0	88	878	286	1488	0	512	0	0	0	0	5896	15848	7030	0	1792	4400	508	39176	276	22754	0	1620	0	1286	0	2604	332	5878	0	2804	0	72	0	3600	5406	28750	0	2486	0	0	0	0	0	0	0	0	0	0	0	78	0	0	0	7122	0	0	0	4200	0	0	0	0	0	0	0	80	0	0	0	0	0	0	0	0	0	0	0	0	0	0	0	0	0	0	
225768	Lingual_L	76	0	0	0	0	0	0	0	0	0	0	0	0	0	0	0	0	0	0	0	0	0	0	0	0	0	0	0	0	0	0	0	0	0	1558	232	2314	170	1898	0	0	0	9260	4630	568	1792	0	5538	1180	1718	13842	1224	7266	202	17406	1072	0	0	0	0	0	0	0	0	0	0	3342	172	74	0	0	0	0	0	0	0	108	86	0	0	0	0	0	0	490	0	0	0	594	0	6160	784	148	0	0	212	9214	1952	10366	2000	0	0	0	0	0	116	0	0	0	154	3462	1372	132	0	0	0	
391540	Lingual_R	150	0	0	0	0	0	0	0	0	0	0	0	0	0	0	0	0	0	0	220	0	0	0	0	0	0	0	0	116	0	0	0	0	404	1656	6968	1926	5866	786	3920	0	0	3278	24056	328	4400	5538	0	0	6468	0	9582	0	8240	1384	22580	0	930	0	0	0	0	0	0	0	116	114	14198	130	1100	0	0	0	0	0	0	344	1152	182	0	0	0	0	0	0	2828	0	0	78	4754	5570	3310	254	0	294	312	4386	7650	8220	11212	192	0	1278	88	1370	576	94	0	140	394	6668	8288	1016	102	206	358	
207876	Occipital_Sup_L	0	0	0	0	0	0	0	0	0	0	0	0	0	0	0	0	0	0	0	0	0	0	0	0	0	0	0	0	0	0	0	0	444	0	844	0	0	0	0	0	0	0	6380	0	19894	508	1180	0	0	410	29760	396	1162	0	148	0	354	0	12650	0	2506	0	72	0	2752	0	16256	1348	716	0	0	0	0	0	0	0	0	0	0	0	0	0	0	0	4482	0	0	0	1676	0	0	0	0	0	0	0	0	0	0	0	0	0	0	0	0	0	0	0	0	0	0	0	0	0	0	0	
361424	Occipital_Sup_R	0	0	0	0	0	0	0	0	0	0	0	0	0	0	0	0	0	0	0	148	0	0	0	0	0	0	0	0	0	0	0	0	0	774	0	906	0	304	0	0	0	0	3826	15056	2984	39176	1718	6468	410	0	264	33596	0	3042	0	2068	0	4110	322	8638	0	4234	0	88	0	7414	2038	24100	0	3594	0	0	0	0	0	0	0	0	0	0	0	88	0	0	0	9032	0	0	0	6080	0	0	0	0	0	0	0	152	0	82	0	0	0	0	0	0	0	0	0	0	0	0	0	0	0	0	
556696	Occipital_Mid_L	572	92	0	0	0	0	0	0	0	0	0	0	0	0	0	0	1530	0	188	0	0	0	0	0	0	0	0	0	874	0	0	0	688	0	1906	0	200	0	0	0	0	0	20720	0	15768	276	13842	0	29760	264	0	252	18268	0	8096	0	9312	0	35666	0	20366	0	3986	0	20804	0	34116	842	2016	0	0	0	0	0	0	0	0	0	174	0	1824	0	0	0	27914	0	0	0	7882	0	74	0	0	0	0	0	0	0	76	0	0	0	0	0	0	0	0	0	0	0	0	0	0	0	0	0	
343028	Occipital_Mid_R	0	0	0	0	0	0	0	0	0	0	0	0	0	0	0	0	0	0	0	0	0	0	0	0	0	0	0	0	0	0	0	0	0	504	0	2004	0	508	0	0	0	0	926	16098	1820	22754	1224	9582	396	33596	252	0	0	9316	0	4568	0	1286	310	1640	0	3386	0	256	0	13160	1406	17450	0	1602	0	0	0	0	0	0	0	0	0	0	0	198	0	0	0	19424	0	0	0	6728	0	0	0	0	0	0	0	494	0	502	0	0	0	0	0	0	0	0	0	0	0	124	0	0	0	0	
130728	Occipital_Inf_L	96	0	0	0	0	0	0	0	0	0	0	0	0	0	0	0	90	0	0	0	0	0	0	0	0	0	0	0	194	0	0	0	0	0	376	106	284	0	0	0	0	0	2100	0	672	0	7266	0	1162	0	18268	0	0	0	10318	0	412	0	962	0	1268	0	2244	0	2364	0	2414	94	218	0	0	0	0	0	0	0	0	0	260	0	294	0	0	0	8680	0	0	0	4690	0	86	0	0	0	0	0	172	0	274	0	0	0	0	0	0	0	0	0	0	0	0	0	0	0	0	0	
125792	Occipital_Inf_R	0	0	0	0	0	0	0	0	0	0	0	0	0	0	0	0	0	0	0	0	0	0	0	0	0	0	0	0	0	0	0	0	0	0	0	110	0	138	0	0	0	0	110	7760	88	1620	202	8240	0	3042	0	9316	0	0	0	11052	0	0	0	0	0	0	0	0	0	0	0	1692	0	0	0	0	0	0	0	0	0	0	0	0	0	0	0	0	0	3620	0	0	0	11424	260	312	0	0	0	0	86	168	352	1784	0	0	102	0	106	0	0	0	0	0	118	922	272	0	0	0	
329188	Fusiform_L	284	304	0	0	0	0	0	0	0	0	0	0	0	0	0	0	160	0	0	0	0	0	0	0	0	0	0	0	820	0	0	0	394	0	2922	576	8254	420	6278	0	3392	0	3166	0	428	0	17406	1384	148	0	8096	0	10318	0	0	210	594	0	194	0	232	0	2426	0	0	0	3702	0	1216	0	0	0	208	0	0	0	542	432	944	0	3238	0	1706	0	6960	0	1590	0	19362	0	18138	496	1572	0	174	0	10086	444	20728	968	72	0	324	0	0	0	0	0	0	0	1174	1806	306	0	0	0	
394752	Fusiform_R	142	1354	0	0	0	0	0	0	0	0	0	72	0	0	0	0	0	410	0	224	0	0	0	0	0	0	0	0	112	960	0	0	0	0	1638	3260	1954	20958	550	15104	0	5420	254	4988	106	1286	1072	22580	0	2068	0	4568	0	11052	210	0	0	908	0	0	0	128	0	454	0	0	0	3744	0	852	0	0	0	2222	0	0	438	3082	152	144	0	1808	0	4912	0	6144	0	968	78	22450	1456	8580	100	152	92	268	1384	7588	2826	15456	0	0	524	192	832	134	108	0	0	138	2644	4864	922	112	178	0	
328616	Postcentral_L	28968	2824	4874	310	0	0	4068	130	0	0	2160	0	0	0	0	0	12302	0	11396	760	0	0	0	0	0	0	0	0	6306	0	0	0	1148	0	2102	408	628	216	76	0	0	0	298	0	490	0	0	0	354	0	9312	0	412	0	594	0	0	1104	13426	0	18858	174	8278	266	336	0	6930	0	4894	302	372	186	266	166	0	0	3086	710	2194	0	6768	0	112	0	3484	0	0	0	2260	0	0	0	0	0	0	0	0	0	0	0	0	0	0	0	0	0	0	0	0	0	0	0	0	0	0	0	
196328	Postcentral_R	2000	11834	106	1402	0	0	0	418	0	0	0	2550	0	0	0	0	0	2504	114	2664	0	0	0	0	0	0	0	0	236	1570	0	0	0	680	390	1672	80	2096	0	108	0	0	0	760	0	2604	0	930	0	4110	0	1286	0	0	0	908	1104	0	0	2550	0	7608	80	12776	0	2932	200	6646	90	11324	214	144	356	460	294	0	0	140	0	192	0	2262	0	0	0	4568	0	0	0	3086	0	0	0	0	0	0	0	116	0	0	0	0	0	0	0	0	0	0	0	0	0	0	0	0	0	0	
311480	Parietal_Sup_L	762	248	0	0	0	0	0	0	0	0	0	0	0	0	0	0	1500	0	236	0	0	0	0	0	0	0	0	0	1100	0	0	0	544	0	864	0	0	0	0	0	0	0	410	0	3716	332	0	0	12650	322	35666	310	962	0	194	0	13426	0	0	0	19460	0	3458	0	4932	0	33040	1190	850	0	0	0	0	0	0	0	0	0	148	0	1850	0	0	0	11910	0	0	0	5660	0	0	0	0	0	0	0	0	0	0	0	0	0	0	0	0	0	0	0	0	0	0	0	0	0	0	0	
77728	Parietal_Sup_R	0	0	0	0	0	0	0	0	0	0	0	0	0	0	0	0	0	0	0	0	0	0	0	0	0	0	0	0	0	0	0	0	0	0	0	0	0	0	0	0	0	0	0	0	0	5878	0	0	0	8638	0	1640	0	0	0	0	0	2550	0	0	0	3330	0	1424	0	3258	290	9714	0	254	0	0	0	0	0	0	0	0	0	0	0	0	0	0	0	978	0	0	0	910	0	0	0	0	0	0	0	0	0	0	0	0	0	0	0	0	0	0	0	0	0	0	0	0	0	0	
243124	Parietal_Inf_L	1484	166	82	0	0	0	84	0	0	0	0	0	0	0	0	0	866	0	406	0	0	0	0	0	0	0	0	0	1200	0	0	0	114	0	332	0	0	0	0	0	0	0	430	0	790	0	0	0	2506	0	20366	0	1268	0	232	0	18858	0	19460	0	0	0	16048	0	14994	0	7806	0	540	0	0	0	0	0	0	0	0	0	136	0	2096	0	0	0	6552	0	0	0	4746	0	0	0	0	0	0	0	0	0	0	0	0	0	0	0	0	0	0	0	0	0	0	0	0	0	0	0	
126364	Parietal_Inf_R	512	576	0	0	0	0	0	0	0	0	0	178	0	0	0	0	0	0	0	0	0	0	0	0	0	0	0	0	0	0	0	0	0	0	0	0	0	108	0	0	0	0	0	0	0	2804	0	0	0	4234	0	3386	0	0	0	128	174	7608	0	3330	0	0	0	10452	0	15794	0	2958	0	1936	0	0	0	0	0	0	0	0	0	0	0	788	0	0	0	5732	0	0	0	2484	0	0	0	0	0	0	0	0	0	0	0	0	0	0	0	0	0	0	0	0	0	0	0	0	0	0	
165996	SupraMarginal_L	1148	324	0	0	0	0	108	0	0	0	0	0	0	0	0	0	4182	0	236	0	0	0	0	0	0	0	0	0	3046	0	0	0	202	0	616	0	164	0	0	0	0	0	626	0	296	0	0	0	72	0	3986	0	2244	0	2426	0	8278	80	3458	0	16048	0	0	0	5618	0	3080	0	410	0	0	0	0	0	0	0	0	0	730	0	7830	0	0	0	10690	0	0	0	7100	0	0	0	0	0	0	0	0	0	0	0	0	0	0	0	0	0	0	0	0	0	0	0	0	0	0	0	
96424	SupraMarginal_R	666	1554	0	0	0	0	0	0	0	0	0	0	0	0	0	0	0	2300	0	0	0	0	0	0	0	0	0	0	0	478	0	0	0	0	0	78	0	1864	0	86	0	0	0	0	0	72	0	0	0	88	0	256	0	0	0	454	266	12776	0	1424	0	10452	0	0	0	4512	0	172	0	1636	0	0	0	0	0	0	0	0	0	186	0	5672	0	0	0	1884	0	0	0	1336	0	0	0	0	0	0	0	0	0	0	0	0	0	0	0	0	0	0	0	0	0	0	0	0	0	0	
142508	Angular_L	0	0	0	0	0	0	0	0	0	0	0	0	0	0	0	0	76	0	0	0	0	0	0	0	0	0	0	0	120	0	0	0	0	0	140	0	0	0	0	0	0	0	744	0	1052	0	0	0	2752	0	20804	0	2364	0	0	0	336	0	4932	0	14994	0	5618	0	0	0	4334	0	0	0	0	0	0	0	0	0	0	0	0	0	1024	0	0	0	8166	0	0	0	3798	0	0	0	0	0	0	0	0	0	0	0	0	0	0	0	0	0	0	0	0	0	0	0	0	0	0	0	
146504	Angular_R	0	0	0	0	0	0	0	0	0	0	0	0	0	0	0	0	0	0	0	0	0	0	0	0	0	0	0	0	0	0	0	0	0	88	0	172	0	0	0	0	0	0	0	158	0	3600	0	116	0	7414	0	13160	0	0	0	0	0	2932	0	3258	0	15794	0	4512	0	0	0	4808	0	2416	0	0	0	0	0	0	0	0	0	74	0	3500	0	0	0	8620	0	0	0	2630	0	0	0	0	0	0	0	0	0	0	0	0	0	0	0	0	0	0	0	0	0	0	0	0	0	0	
444264	Precuneus_L	444	0	0	0	0	0	0	0	0	0	0	0	0	0	0	0	1112	0	140	324	0	0	0	0	0	0	0	0	630	0	0	0	4614	1408	11274	1658	3626	190	546	0	0	0	12566	164	15016	5406	3342	114	16256	2038	34116	1406	2414	0	3702	0	6930	200	33040	290	7806	0	3080	0	4334	0	0	10000	8898	404	0	0	0	0	0	0	278	0	518	0	1054	0	0	0	16060	160	0	0	6462	112	0	0	0	0	0	0	0	0	0	0	0	0	0	0	0	0	0	0	0	0	0	0	0	0	0	0	
418944	Precuneus_R	0	92	0	0	0	0	0	0	0	0	0	0	0	0	0	0	0	0	0	2708	0	0	0	0	0	0	0	0	0	0	0	0	842	7002	1988	12654	1104	6336	416	1382	0	0	216	17238	1858	28750	172	14198	1348	24100	842	17450	94	1692	0	3744	0	6646	1190	9714	0	2958	0	172	0	4808	10000	0	842	8544	0	0	0	0	0	0	156	660	0	0	0	0	0	0	152	9566	0	0	0	5948	0	0	0	0	0	0	0	1518	0	0	0	0	0	0	0	0	0	0	0	0	372	0	0	0	0	0	
321368	Paracentral_Lobule_L	28216	6560	2666	1010	0	0	1688	0	0	0	0	0	0	0	0	0	150	0	13052	15922	0	0	0	0	0	0	0	0	278	0	0	0	9078	6038	7440	1678	1354	372	0	0	0	0	506	72	3076	0	74	130	716	0	2016	0	218	0	1216	0	4894	90	850	0	540	0	410	0	0	0	8898	842	0	11346	2998	134	3576	0	4530	0	14142	1738	188	0	164	0	0	0	1140	0	0	0	678	0	0	0	0	0	0	0	0	0	0	0	0	0	0	0	0	0	0	0	0	0	0	0	0	0	0	0	
269980	Paracentral_Lobule_R	8036	12254	134	0	0	0	438	0	0	0	0	0	0	0	0	0	0	0	902	26518	0	0	0	0	0	0	0	0	74	0	0	0	804	11810	846	5720	0	1470	0	80	0	0	0	904	0	2486	0	1100	0	3594	0	1602	0	0	0	852	302	11324	0	254	0	1936	0	1636	0	2416	404	8544	11346	0	164	1538	164	0	228	0	1922	5270	0	132	0	1268	0	0	0	3746	0	0	0	2598	0	0	0	0	0	0	0	174	0	0	0	0	0	0	0	0	0	0	0	0	0	0	0	0	0	0	
289092	Caudate_L	2934	1658	3704	1760	2218	644	3144	800	1244	194	1066	640	884	254	1794	338	954	160	8664	1356	8088	10456	582	0	98	868	4124	2276	2642	636	9860	7662	76	0	0	0	72	0	0	0	100	0	0	0	0	0	0	0	0	0	0	0	0	0	0	0	372	214	0	0	0	0	0	0	0	0	0	0	2998	164	0	14548	27312	2062	6416	0	7398	782	0	0	208	0	122	0	0	0	0	0	0	0	0	0	0	0	0	0	0	0	0	0	0	0	0	0	0	0	0	0	0	0	0	0	0	0	0	0	
353604	Caudate_R	1174	7146	2862	17684	214	3504	2076	1256	738	824	234	1832	690	1944	668	946	142	1794	2626	17224	2510	6476	198	5366	0	2208	904	2086	640	2116	3608	24890	0	194	0	0	0	0	0	0	0	0	0	0	0	0	0	0	0	0	0	0	0	0	0	0	186	144	0	0	0	0	0	0	0	0	0	0	134	1538	14548	0	7746	15734	572	2934	840	15484	0	0	0	168	0	0	0	0	0	0	0	0	0	0	0	0	0	0	0	0	0	0	0	0	0	0	0	0	0	0	0	0	0	0	0	0	0	0	
391036	Putamen_L	5322	2202	12494	908	6410	522	10858	320	6306	166	1182	82	4694	0	10076	302	1338	0	16004	992	4126	7480	2342	0	0	616	3390	1884	18568	172	9098	4812	162	0	164	214	4780	178	762	0	282	0	0	0	0	0	0	0	0	0	0	0	0	0	208	0	266	356	0	0	0	0	0	0	0	0	0	0	3576	164	27312	7746	0	1592	10888	0	2224	366	152	0	224	0	556	0	306	0	0	0	374	0	0	0	0	0	0	0	0	0	0	0	0	0	0	0	0	0	0	0	0	0	0	0	0	0	0	0	
264592	Putamen_R	752	4644	338	13688	0	3512	272	4254	0	3718	0	2102	0	474	0	3898	0	5990	838	10342	438	1758	0	3544	0	2862	286	1020	118	18576	1034	9288	0	166	0	0	220	5126	248	1370	0	1016	0	0	0	0	0	0	0	0	0	0	0	0	0	2222	166	460	0	0	0	0	0	0	0	0	0	0	0	0	2062	15734	1592	0	0	3094	0	2352	0	206	0	788	0	578	0	90	0	0	0	1060	0	0	0	0	0	0	0	0	0	0	0	0	0	0	0	0	0	0	0	0	0	0	0	0	0	0	
78364	Pallidum_L	1586	1784	1518	438	0	0	618	90	0	0	86	0	0	0	0	0	84	0	6496	454	0	0	0	0	0	0	0	0	86	0	0	0	80	0	0	0	254	0	0	0	0	0	0	0	0	0	0	0	0	0	0	0	0	0	0	0	0	294	0	0	0	0	0	0	0	0	0	0	4530	228	6416	572	10888	0	0	0	2602	78	0	0	0	0	0	0	0	0	0	0	0	0	0	0	0	0	0	0	0	0	0	0	0	0	0	0	0	0	0	0	0	0	0	0	0	0	0	0	
27444	Pallidum_R	0	260	470	2358	0	0	0	186	0	0	0	236	0	0	0	0	0	1228	472	2126	0	0	0	0	0	0	0	0	0	228	0	0	0	0	0	0	0	0	0	0	0	0	0	0	0	0	0	0	0	0	0	0	0	0	0	0	0	0	0	0	0	0	0	0	0	0	0	0	0	0	0	2934	0	3094	0	0	0	130	0	0	0	0	0	0	0	0	0	0	0	0	0	0	0	0	0	0	0	0	0	0	0	0	0	0	0	0	0	0	0	0	0	0	0	0	0	0	
248980	Thalamus_L	22316	6524	254	0	0	0	608	0	0	0	0	0	0	0	0	0	236	0	356	3668	0	0	0	0	0	0	0	0	2268	0	0	0	88	0	4856	7950	10454	6408	1530	728	0	0	0	0	0	0	108	344	0	0	0	0	0	0	542	438	3086	0	0	0	0	0	0	0	0	0	278	156	14142	1922	7398	840	2224	0	2602	0	0	19622	624	0	584	0	0	0	138	0	0	0	1198	0	0	0	0	0	0	0	0	0	0	0	0	0	0	0	0	0	0	0	0	0	0	0	0	0	0	0	
296420	Thalamus_R	4608	22868	402	3530	0	0	216	928	0	0	0	468	0	0	0	98	156	86	478	12616	0	170	0	0	0	0	0	0	1342	592	0	200	0	0	6976	10500	8462	12768	1630	3524	0	0	0	0	0	0	86	1152	0	0	0	0	0	0	432	3082	710	140	0	0	0	0	0	0	0	0	0	660	1738	5270	782	15484	366	2352	78	130	19622	0	760	0	492	150	0	0	138	0	0	0	1072	478	0	0	0	0	0	0	0	418	0	0	0	0	0	0	0	0	0	0	0	0	0	0	0	0	0	0	
93688	Heschl_L	4910	516	506	0	0	0	714	0	0	0	188	0	0	0	0	0	4878	0	1670	72	0	0	0	0	0	0	0	0	10104	0	0	0	0	0	1476	1278	2048	1014	0	198	0	0	414	0	150	0	0	182	0	0	174	0	260	0	944	152	2194	0	148	0	136	0	730	0	0	0	518	0	188	0	0	0	152	0	0	0	624	760	0	0	3132	0	0	0	3544	0	0	0	2870	0	0	0	0	0	0	0	0	0	0	0	0	0	0	0	0	0	0	0	0	0	0	0	0	0	0	0	
16760	Heschl_R	0	218	0	132	0	0	0	80	0	0	0	144	0	0	0	0	0	1162	0	0	0	0	0	0	0	0	0	0	0	1920	0	0	0	0	0	0	0	154	0	0	0	0	0	0	0	0	0	0	0	0	0	0	0	0	0	144	0	192	0	0	0	0	0	186	0	74	0	0	0	132	0	0	0	206	0	0	0	0	0	0	0	3118	0	0	0	412	0	0	0	106	0	0	0	0	0	0	0	0	0	0	0	0	0	0	0	0	0	0	0	0	0	0	0	0	0	0	
232748	Temporal_Sup_L	4982	498	2600	98	0	0	522	0	0	0	2082	0	634	0	0	0	12690	0	4680	126	0	0	0	0	0	0	0	0	11800	0	0	0	0	0	564	534	2144	452	410	0	0	0	160	0	86	0	0	0	0	0	1824	0	294	0	3238	0	6768	0	1850	0	2096	0	7830	0	1024	0	1054	0	164	0	208	0	224	0	0	0	584	492	3132	0	0	0	4196	0	23326	0	158	0	12850	0	0	0	0	0	0	0	0	0	0	0	0	0	0	0	0	0	0	0	0	0	0	0	0	0	0	0	
104276	Temporal_Sup_R	0	620	0	934	0	0	0	82	0	0	0	272	0	0	0	0	0	3674	0	738	0	0	0	0	0	0	0	0	0	3946	0	148	0	108	0	0	0	2108	0	500	0	0	0	0	0	78	0	0	0	88	0	198	0	0	0	1808	0	2262	0	0	0	788	0	5672	0	3500	0	0	0	1268	0	168	0	788	0	0	0	150	0	3118	0	0	0	1792	0	12740	0	578	0	4012	0	0	0	0	0	0	0	0	0	0	0	0	0	0	0	0	0	0	0	0	0	0	0	0	0	0	
85080	Temporal_Pole_Sup_L	236	0	846	86	394	0	1162	0	1006	0	3538	0	892	0	1984	0	2870	0	910	76	78	0	0	0	0	0	0	0	5882	0	0	0	0	0	0	0	1036	0	168	0	306	0	0	0	0	0	0	0	0	0	0	0	0	0	1706	0	112	0	0	0	0	0	0	0	0	0	0	0	0	0	122	0	556	0	0	0	0	0	0	0	4196	0	0	0	6258	0	3908	0	4212	0	0	0	0	0	0	0	0	0	0	0	0	0	0	0	0	0	0	0	0	0	0	0	0	0	0	0	
51628	Temporal_Pole_Sup_R	0	114	0	74	0	0	0	0	0	0	0	130	0	0	0	150	0	164	0	74	0	180	0	0	0	0	0	128	0	676	0	0	0	0	0	0	0	1838	0	2494	0	3292	0	0	0	0	0	0	0	0	0	0	0	0	0	4912	0	0	0	0	0	0	0	0	0	0	0	0	0	0	0	0	0	578	0	0	0	0	0	0	0	1792	0	0	0	2050	0	3444	0	3724	0	0	0	0	0	0	0	0	0	0	0	0	0	0	0	0	0	0	0	0	0	0	0	0	0	0	
438204	Temporal_Mid_L	996	130	272	0	0	0	184	0	0	0	90	0	0	0	0	0	3328	0	426	0	0	0	0	0	0	0	0	0	5382	0	0	0	402	0	1744	238	4554	158	142	0	1242	0	4486	0	2150	0	490	0	4482	0	27914	0	8680	0	6960	0	3484	0	11910	0	6552	0	10690	0	8166	0	16060	152	1140	0	0	0	306	0	0	0	138	138	3544	0	23326	0	6258	0	0	0	3598	0	49190	0	0	0	0	0	0	0	0	0	0	0	0	0	0	0	0	0	0	0	0	0	0	0	0	0	0	0	
303512	Temporal_Mid_R	0	384	0	0	0	0	0	0	0	0	0	80	0	0	0	0	0	446	0	0	0	0	0	0	0	0	0	0	0	890	0	0	0	402	0	1150	0	3430	0	516	0	0	90	8580	156	7122	0	2828	0	9032	0	19424	0	3620	0	6144	0	4568	0	978	0	5732	0	1884	0	8620	160	9566	0	3746	0	0	0	90	0	0	0	0	0	412	0	12740	0	2050	0	0	0	1220	0	35310	0	0	0	0	0	0	0	386	0	0	0	0	0	0	0	0	0	0	0	0	0	0	0	0	0	0	
26364	Temporal_Pole_Mid_L	0	0	0	0	0	0	0	0	0	0	0	0	0	0	0	0	0	0	0	0	0	0	0	0	0	0	0	0	80	0	0	0	0	0	0	0	696	0	0	0	198	0	0	0	0	0	0	0	0	0	0	0	0	0	1590	0	0	0	0	0	0	0	0	0	0	0	0	0	0	0	0	0	0	0	0	0	0	0	0	0	158	0	3908	0	3598	0	0	0	2954	0	0	0	0	0	0	0	0	0	0	0	0	0	0	0	0	0	0	0	0	0	0	0	0	0	0	0	
19808	Temporal_Pole_Mid_R	0	0	0	0	0	0	0	0	0	0	0	0	0	0	0	0	0	0	0	0	0	0	0	0	0	0	0	0	0	0	0	0	0	0	0	0	0	106	0	1636	0	1118	0	0	0	0	0	0	0	0	0	0	0	0	0	968	0	0	0	0	0	0	0	0	0	0	0	0	0	0	0	0	0	0	0	0	0	0	0	0	0	578	0	3444	0	1220	0	0	0	834	0	0	0	0	0	0	0	0	0	0	0	0	0	0	0	0	0	0	0	0	0	0	0	0	0	0	
338472	Temporal_Inf_L	720	866	0	0	0	0	138	0	0	0	0	0	0	0	0	0	1756	0	116	0	0	0	0	0	0	0	0	0	4638	0	0	0	210	0	2534	1316	9334	1058	3190	86	1658	0	748	0	292	0	594	78	1676	0	7882	0	4690	0	19362	78	2260	0	5660	0	4746	0	7100	0	3798	0	6462	0	678	0	0	0	374	0	0	0	1198	1072	2870	0	12850	0	4212	0	49190	0	2954	0	0	0	474	0	90	0	0	0	98	0	130	0	0	0	0	0	0	0	0	0	0	0	0	0	0	0	0	0	
292296	Temporal_Inf_R	0	1126	0	0	0	0	0	0	0	0	0	88	0	0	0	0	0	654	0	136	0	0	0	0	0	0	0	0	0	1272	0	0	0	184	0	1200	0	9802	0	1936	0	1020	96	8116	102	4200	0	4754	0	6080	0	6728	0	11424	0	22450	0	3086	0	910	0	2484	0	1336	0	2630	112	5948	0	2598	0	0	0	1060	0	0	0	478	0	106	0	4012	0	3724	0	35310	0	834	0	0	0	0	0	0	0	0	0	152	0	0	0	0	0	0	0	0	0	0	0	0	0	0	0	0	0	0	
429488	Cerebelum_Crus1_L	0	0	0	0	0	0	0	0	0	0	0	0	0	0	0	0	0	0	0	0	0	0	0	0	0	0	0	0	0	0	0	0	0	0	0	0	0	0	0	0	0	0	0	0	0	0	6160	5570	0	0	74	0	86	260	18138	1456	0	0	0	0	0	0	0	0	0	0	0	0	0	0	0	0	0	0	0	0	0	0	0	0	0	0	0	0	0	0	0	0	474	0	0	5548	31310	2346	690	258	19970	1422	56084	9544	8180	0	18872	2092	2058	880	494	80	0	134	3656	9320	7462	1302	824	0	
384116	Cerebelum_Crus1_R	0	0	0	0	0	0	0	0	0	0	0	0	0	0	0	0	0	0	0	0	0	0	0	0	0	0	0	0	0	0	0	0	0	0	0	0	0	0	0	0	0	0	0	224	0	0	784	3310	0	0	0	0	0	312	496	8580	0	0	0	0	0	0	0	0	0	0	0	0	0	0	0	0	0	0	0	0	0	0	0	0	0	0	0	0	0	0	0	0	0	0	5548	0	1216	25694	92	954	1400	15892	4644	53676	700	5060	5342	21530	3004	6586	78	1010	0	834	3638	4216	12056	3390	1792	0	
255668	Cerebelum_Crus2_L	0	0	0	0	0	0	0	0	0	0	0	0	0	0	0	0	0	0	0	0	0	0	0	0	0	0	0	0	0	0	0	0	0	0	0	0	0	0	0	0	0	0	0	0	0	0	148	254	0	0	0	0	0	0	1572	100	0	0	0	0	0	0	0	0	0	0	0	0	0	0	0	0	0	0	0	0	0	0	0	0	0	0	0	0	0	0	0	0	90	0	31310	1216	0	6436	0	0	590	0	6940	982	29218	3002	29710	4912	402	386	0	0	0	0	0	318	6326	3922	0	0	
236436	Cerebelum_Crus2_R	0	0	0	0	0	0	0	0	0	0	0	0	0	0	0	0	0	0	0	0	0	0	0	0	0	0	0	0	0	0	0	0	0	0	0	0	0	0	0	0	0	0	0	0	0	0	0	0	0	0	0	0	0	0	0	152	0	0	0	0	0	0	0	0	0	0	0	0	0	0	0	0	0	0	0	0	0	0	0	0	0	0	0	0	0	0	0	0	0	0	2346	25694	6436	0	0	0	0	578	446	5378	3468	20552	5800	31214	1000	2890	0	272	0	102	138	106	8720	2436	490	0	
35812	Cerebelum_3_L	0	0	0	0	0	0	0	0	0	0	0	0	0	0	0	0	0	0	0	0	0	0	0	0	0	0	0	0	0	0	0	0	0	0	0	0	0	0	182	0	0	0	0	0	0	0	0	294	0	0	0	0	0	0	174	92	0	0	0	0	0	0	0	0	0	0	0	0	0	0	0	0	0	0	0	0	0	0	0	0	0	0	0	0	0	0	0	0	0	0	690	92	0	0	0	166	4962	306	2142	654	0	0	76	0	1142	198	0	0	1124	2416	1690	1278	0	0	112	116	
58244	Cerebelum_3_R	0	0	0	0	0	0	0	0	0	0	0	0	0	0	0	0	0	0	0	0	0	0	0	0	0	0	0	0	0	0	0	0	0	0	0	0	0	0	0	124	0	0	0	0	0	0	212	312	0	0	0	0	0	0	0	268	0	0	0	0	0	0	0	0	0	0	0	0	0	0	0	0	0	0	0	0	0	0	0	0	0	0	0	0	0	0	0	0	0	0	258	954	0	0	166	0	2210	5006	1044	5078	0	0	174	0	604	1916	0	84	918	3824	3182	1254	0	92	1140	302	
290788	Cerebelum_4_5_L	0	0	0	0	0	0	0	0	0	0	0	0	0	0	0	0	0	0	0	0	0	0	0	0	0	0	0	0	0	0	0	0	0	0	0	0	82	0	124	0	0	0	0	0	0	0	9214	4386	0	0	0	0	172	86	10086	1384	0	0	0	0	0	0	0	0	0	0	0	0	0	0	0	0	0	0	0	0	0	0	0	0	0	0	0	0	0	0	0	0	98	0	19970	1400	590	0	4962	2210	0	7670	34218	6426	274	0	922	0	4676	2690	482	124	1548	3638	17772	6482	132	118	1376	2082	
235688	Cerebelum_4_5_R	0	0	0	0	0	0	0	0	0	0	0	0	0	0	0	0	0	0	0	0	0	0	0	0	0	0	0	0	0	0	0	0	0	72	124	656	268	1000	78	1406	0	0	0	1188	0	80	1952	7650	0	152	0	494	0	168	444	7588	0	116	0	0	0	0	0	0	0	0	0	1518	0	174	0	0	0	0	0	0	0	418	0	0	0	0	0	0	0	386	0	0	0	152	1422	15892	0	578	306	5006	7670	0	4278	29160	0	0	148	530	1522	2004	0	296	390	3098	14710	2872	204	72	1004	598	
461996	Cerebelum_6_L	0	0	0	0	0	0	0	0	0	0	0	0	0	0	0	0	0	0	0	0	0	0	0	0	0	0	0	0	0	0	0	0	0	0	0	0	0	0	0	0	0	0	0	0	0	0	10366	8220	0	0	76	0	274	352	20728	2826	0	0	0	0	0	0	0	0	0	0	0	0	0	0	0	0	0	0	0	0	0	0	0	0	0	0	0	0	0	0	0	0	130	0	56084	4644	6940	446	2142	1044	34218	4278	0	14878	2652	0	7368	712	5866	2078	2094	524	1134	2016	12576	19790	3194	1060	1792	496	
486616	Cerebelum_6_R	0	0	0	0	0	0	0	0	0	0	0	0	0	0	0	0	0	0	0	0	0	0	0	0	0	0	0	0	0	0	0	0	0	0	0	0	0	0	0	0	0	0	0	444	0	0	2000	11212	0	82	0	502	0	1784	968	15456	0	0	0	0	0	0	0	0	0	0	0	0	0	0	0	0	0	0	0	0	0	0	0	0	0	0	0	0	0	0	0	0	0	0	9544	53676	982	5378	654	5078	6426	29160	14878	0	642	524	6016	8520	5850	7304	838	1754	792	3908	12306	16892	11640	3424	4418	256	
180088	Cerebelum_7b_L	0	0	0	0	0	0	0	0	0	0	0	0	0	0	0	0	0	0	0	0	0	0	0	0	0	0	0	0	0	0	0	0	0	0	0	0	0	0	0	0	0	0	0	0	0	0	0	192	0	0	0	0	0	0	72	0	0	0	0	0	0	0	0	0	0	0	0	0	0	0	0	0	0	0	0	0	0	0	0	0	0	0	0	0	0	0	0	0	0	0	8180	700	29218	3468	0	0	274	0	2652	642	0	1002	29040	4454	270	268	318	0	0	0	74	398	3812	5010	0	0	
111956	Cerebelum_7b_R	0	0	0	0	0	0	0	0	0	0	0	0	0	0	0	0	0	0	0	0	0	0	0	0	0	0	0	0	0	0	0	0	0	0	0	0	0	0	0	0	0	0	0	0	0	0	0	0	0	0	0	0	0	0	0	0	0	0	0	0	0	0	0	0	0	0	0	0	0	0	0	0	0	0	0	0	0	0	0	0	0	0	0	0	0	0	0	0	0	0	0	5060	3002	20552	0	0	0	0	0	524	1002	0	804	20932	0	984	0	0	0	0	0	0	2002	1116	0	0	
329968	Cerebelum_8_L	0	0	0	0	0	0	0	0	0	0	0	0	0	0	0	0	0	0	0	0	0	0	0	0	0	0	0	0	0	0	0	0	0	0	0	0	0	0	0	0	0	0	0	0	0	0	0	1278	0	0	0	0	0	102	324	524	0	0	0	0	0	0	0	0	0	0	0	0	0	0	0	0	0	0	0	0	0	0	0	0	0	0	0	0	0	0	0	0	0	0	18872	5342	29710	5800	76	174	922	148	7368	6016	29040	804	0	10170	16274	2590	1010	80	134	354	392	2456	10846	11414	2688	76	
295156	Cerebelum_8_R	0	0	0	0	0	0	0	0	0	0	0	0	0	0	0	0	0	0	0	0	0	0	0	0	0	0	0	0	0	0	0	0	0	0	0	0	0	0	0	0	0	0	0	0	0	0	0	88	0	0	0	0	0	0	0	192	0	0	0	0	0	0	0	0	0	0	0	0	0	0	0	0	0	0	0	0	0	0	0	0	0	0	0	0	0	0	0	0	0	0	2092	21530	4912	31214	0	0	0	530	712	8520	4454	20932	10170	0	3324	18128	0	504	0	0	92	382	8412	8344	3046	0	
157368	Cerebelum_9_L	0	0	0	0	0	0	0	0	0	0	0	0	0	0	0	0	0	0	0	0	0	0	0	0	0	0	0	0	0	0	0	0	0	0	0	0	0	0	0	0	0	0	0	0	0	0	0	1370	0	0	0	0	0	106	0	832	0	0	0	0	0	0	0	0	0	0	0	0	0	0	0	0	0	0	0	0	0	0	0	0	0	0	0	0	0	0	0	0	0	0	2058	3004	402	1000	1142	604	4676	1522	5866	5850	270	0	16274	3324	0	4012	2362	228	540	1214	3446	5820	3876	3670	4358	858	
167228	Cerebelum_9_R	0	0	0	0	0	0	0	0	0	0	0	0	0	0	0	0	0	0	0	0	0	0	0	0	0	0	0	0	0	0	0	0	0	0	0	0	0	0	0	0	0	0	0	0	0	0	116	576	0	0	0	0	0	0	0	134	0	0	0	0	0	0	0	0	0	0	0	0	0	0	0	0	0	0	0	0	0	0	0	0	0	0	0	0	0	0	0	0	0	0	880	6586	386	2890	198	1916	2690	2004	2078	7304	268	984	2590	18128	4012	0	0	1738	602	1744	3738	5074	3382	3800	7548	2248	
19300	Cerebelum_10_L	0	0	0	0	0	0	0	0	0	0	0	0	0	0	0	0	0	0	0	0	0	0	0	0	0	0	0	0	0	0	0	0	0	0	0	0	0	0	0	0	0	0	0	0	0	0	0	94	0	0	0	0	0	0	0	108	0	0	0	0	0	0	0	0	0	0	0	0	0	0	0	0	0	0	0	0	0	0	0	0	0	0	0	0	0	0	0	0	0	0	494	78	0	0	0	0	482	0	2094	838	318	0	1010	0	2362	0	0	0	0	0	488	1190	94	0	0	0	
18760	Cerebelum_10_R	0	0	0	0	0	0	0	0	0	0	0	0	0	0	0	0	0	0	0	0	0	0	0	0	0	0	0	0	0	0	0	0	0	0	0	0	0	0	0	0	0	0	0	0	0	0	0	0	0	0	0	0	0	0	0	0	0	0	0	0	0	0	0	0	0	0	0	0	0	0	0	0	0	0	0	0	0	0	0	0	0	0	0	0	0	0	0	0	0	0	80	1010	0	272	0	84	124	296	524	1754	0	0	80	504	228	1738	0	0	130	140	116	744	536	428	592	0	
30516	Vermis_1_2	0	0	0	0	0	0	0	0	0	0	0	0	0	0	0	0	0	0	0	0	0	0	0	0	0	0	0	0	0	0	0	0	0	0	0	0	0	0	0	0	0	0	0	0	0	0	0	140	0	0	0	0	0	0	0	0	0	0	0	0	0	0	0	0	0	0	0	0	0	0	0	0	0	0	0	0	0	0	0	0	0	0	0	0	0	0	0	0	0	0	0	0	0	0	1124	918	1548	390	1134	792	0	0	134	0	540	602	0	130	0	4306	1996	1200	0	0	216	88	
75916	Vermis_3	0	0	0	0	0	0	0	0	0	0	0	0	0	0	0	0	0	0	0	0	0	0	0	0	0	0	0	0	0	0	0	0	0	0	0	0	0	0	296	0	0	0	0	0	0	0	154	394	0	0	0	0	0	0	0	138	0	0	0	0	0	0	0	0	0	0	0	0	0	0	0	0	0	0	0	0	0	0	0	0	0	0	0	0	0	0	0	0	0	0	134	834	0	102	2416	3824	3638	3098	2016	3908	0	0	354	0	1214	1744	0	140	4306	0	5476	2438	0	86	892	356	
228628	Vermis_4_5	0	0	0	0	0	0	0	0	0	0	0	0	0	0	0	0	0	0	0	0	0	0	0	0	0	0	0	0	0	0	0	0	0	0	0	114	0	96	0	0	0	0	0	226	0	0	3462	6668	0	0	0	0	0	118	1174	2644	0	0	0	0	0	0	0	0	0	0	0	372	0	0	0	0	0	0	0	0	0	0	0	0	0	0	0	0	0	0	0	0	0	0	3656	3638	0	138	1690	3182	17772	14710	12576	12306	74	0	392	92	3446	3738	488	116	1996	5476	0	9454	104	74	1728	2594	
239088	Vermis_6	0	0	0	0	0	0	0	0	0	0	0	0	0	0	0	0	0	0	0	0	0	0	0	0	0	0	0	0	0	0	0	0	0	0	0	0	0	0	0	0	0	0	0	0	0	0	1372	8288	0	0	0	124	0	922	1806	4864	0	0	0	0	0	0	0	0	0	0	0	0	0	0	0	0	0	0	0	0	0	0	0	0	0	0	0	0	0	0	0	0	0	0	9320	4216	318	106	1278	1254	6482	2872	19790	16892	398	0	2456	382	5820	5074	1190	744	1200	2438	9454	0	2594	1378	3786	2726	
