data	data	410912	224684	953592	780636	109684	95584	481728	259952	58272	37656	234412	163368	239820	78800	153920	115568	245092	110496	732944	963624	99200	132548	311100	384992	43964	149176	77596	67268	581160	259956	345144	487104	139988	556032	138304	133700	275484	296024	134664	231396	46048	83584	210808	337468	154372	280468	245656	284208	221884	359124	441668	212896	161132	79084	464564	479256	286616	216872	197456	156232	167892	85364	101080	97820	117412	82448	248008	406124	144488	220112	367256	404748	450104	325460	47208	36548	108296	173400	62448	23408	175752	94524	82264	95964	251504	248652	28516	22380	279092	156604	460388	549692	229160	307872	25116	64388	285716	284224	425636	507396	195188	152268	270512	292208	106712	154288	8692	4124	23096	43144	271472	209204	245780	137556	87340	29540	
data	data	Precentral_L	Precentral_R	Frontal_Sup_L	Frontal_Sup_R	Frontal_Sup_Orb_L	Frontal_Sup_Orb_R	Frontal_Mid_L	Frontal_Mid_R	Frontal_Mid_Orb_L	Frontal_Mid_Orb_R	Frontal_Inf_Oper_L	Frontal_Inf_Oper_R	Frontal_Inf_Tri_L	Frontal_Inf_Tri_R	Frontal_Inf_Orb_L	Frontal_Inf_Orb_R	Rolandic_Oper_L	Rolandic_Oper_R	Supp_Motor_Area_L	Supp_Motor_Area_R	Olfactory_L	Olfactory_R	Frontal_Sup_Medial_L	Frontal_Sup_Medial_R	Frontal_Med_Orb_L	Frontal_Med_Orb_R	Rectus_L	Rectus_R	Insula_L	Insula_R	Cingulum_Ant_L	Cingulum_Ant_R	Cingulum_Mid_L	Cingulum_Mid_R	Cingulum_Post_L	Cingulum_Post_R	Hippocampus_L	Hippocampus_R	ParaHippocampal_L	ParaHippocampal_R	Amygdala_L	Amygdala_R	Calcarine_L	Calcarine_R	Cuneus_L	Cuneus_R	Lingual_L	Lingual_R	Occipital_Sup_L	Occipital_Sup_R	Occipital_Mid_L	Occipital_Mid_R	Occipital_Inf_L	Occipital_Inf_R	Fusiform_L	Fusiform_R	Postcentral_L	Postcentral_R	Parietal_Sup_L	Parietal_Sup_R	Parietal_Inf_L	Parietal_Inf_R	SupraMarginal_L	SupraMarginal_R	Angular_L	Angular_R	Precuneus_L	Precuneus_R	Paracentral_Lobule_L	Paracentral_Lobule_R	Caudate_L	Caudate_R	Putamen_L	Putamen_R	Pallidum_L	Pallidum_R	Thalamus_L	Thalamus_R	Heschl_L	Heschl_R	Temporal_Sup_L	Temporal_Sup_R	Temporal_Pole_Sup_L	Temporal_Pole_Sup_R	Temporal_Mid_L	Temporal_Mid_R	Temporal_Pole_Mid_L	Temporal_Pole_Mid_R	Temporal_Inf_L	Temporal_Inf_R	Cerebelum_Crus1_L	Cerebelum_Crus1_R	Cerebelum_Crus2_L	Cerebelum_Crus2_R	Cerebelum_3_L	Cerebelum_3_R	Cerebelum_4_5_L	Cerebelum_4_5_R	Cerebelum_6_L	Cerebelum_6_R	Cerebelum_7b_L	Cerebelum_7b_R	Cerebelum_8_L	Cerebelum_8_R	Cerebelum_9_L	Cerebelum_9_R	Cerebelum_10_L	Cerebelum_10_R	Vermis_1_2	Vermis_3	Vermis_4_5	Vermis_6	Vermis_7	Vermis_8	Vermis_9	Vermis_10	
410912	Precentral_L	0	2000	16754	2422	0	0	13842	1620	0	0	8516	400	818	0	0	0	8442	0	7234	12808	0	0	90	584	0	164	0	0	8284	110	3452	1890	460	9414	3100	2282	8614	372	1748	0	0	0	402	0	308	0	0	0	596	0	3396	0	1984	0	4966	0	23966	1434	1190	0	2378	0	2002	102	786	0	534	0	6904	7490	1766	728	4530	228	334	0	11912	1358	2166	0	2132	0	102	0	2328	0	0	0	4014	0	0	0	0	0	0	0	0	0	0	0	0	0	0	0	0	0	0	0	0	0	0	0	0	0	0	0	
224684	Precentral_R	2000	0	4550	14178	0	0	748	7834	0	0	246	8274	0	0	0	0	256	3390	2816	11360	0	0	0	0	0	0	0	0	424	838	0	0	132	1138	922	1546	1016	5922	278	1488	0	0	0	274	0	0	0	150	0	116	0	0	0	0	0	850	980	11810	0	100	0	288	0	1708	0	0	0	646	876	2318	3718	2480	2662	466	520	108	856	10758	0	252	0	330	0	0	0	394	0	0	0	326	0	0	0	0	0	0	0	0	0	0	0	0	0	0	0	0	0	0	0	0	0	0	0	0	0	0	
953592	Frontal_Sup_L	16754	4550	0	7134	6994	0	81704	5284	2750	0	11746	1260	14780	204	4878	0	6520	0	75904	20020	712	208	47016	7952	1630	166	3550	0	21982	162	22348	5090	7026	9572	164	256	3386	0	490	0	94	0	92	0	0	0	0	0	0	0	0	0	0	0	802	0	4308	228	0	0	126	0	0	0	0	0	130	0	4754	1520	17492	710	35090	200	1856	0	13494	1332	620	0	1246	0	270	0	0	0	0	0	240	0	0	0	0	0	0	0	0	0	0	0	0	0	0	0	0	0	0	0	0	0	0	0	0	0	0	0	
780636	Frontal_Sup_R	2422	14178	7134	0	0	5666	1174	33268	0	286	1124	5860	0	2808	0	2100	774	1530	20366	86120	276	846	5620	37466	152	7756	288	1312	1526	8452	3862	27936	842	16996	300	350	234	4432	108	1532	0	0	0	0	0	0	0	222	0	0	102	0	0	0	100	720	854	1958	100	0	122	0	0	454	0	0	0	382	2010	0	5986	29750	1642	16740	528	3176	128	19888	0	0	140	90	0	0	0	0	0	0	0	0	0	0	0	0	0	0	0	0	0	0	0	0	0	0	0	0	0	0	0	0	130	0	0	0	0	0	
109684	Frontal_Sup_Orb_L	0	0	6994	0	0	0	998	0	7474	0	0	0	540	0	6972	0	0	0	0	0	2766	336	1642	0	3408	354	7518	108	2874	0	3014	232	0	0	0	0	0	0	362	0	412	0	0	0	0	0	0	0	0	0	0	0	0	0	0	0	0	0	0	0	0	0	0	0	0	0	0	0	0	0	2620	144	5674	0	0	0	0	0	0	0	0	0	400	0	0	0	0	0	0	0	0	0	0	0	0	0	0	0	0	0	0	0	0	0	0	0	0	0	0	0	0	0	0	0	0	0	
95584	Frontal_Sup_Orb_R	0	0	0	5666	0	0	0	1350	0	2450	0	0	0	100	0	2588	0	0	0	0	508	2984	0	3190	118	7928	1044	6400	0	586	774	2848	0	0	0	0	0	0	0	0	0	0	0	0	0	0	0	0	0	0	0	0	0	0	0	0	0	0	0	0	0	0	0	0	0	0	0	0	0	0	510	4828	358	3562	0	0	0	0	0	0	0	0	0	0	0	0	0	0	0	0	0	0	0	0	0	0	0	0	0	0	0	0	0	0	0	0	0	0	0	0	0	0	0	0	0	0	
481728	Frontal_Mid_L	13842	748	81704	1174	998	0	0	2808	2114	0	12482	450	29238	0	5224	0	1428	0	23766	1960	260	0	14374	1588	0	0	0	0	15672	0	7648	1100	2042	1136	0	0	866	0	258	0	0	0	0	0	0	0	0	0	612	0	688	0	0	0	218	0	1522	0	698	0	442	0	204	0	0	0	0	0	0	0	4310	164	6744	0	574	0	1316	0	0	0	136	0	266	0	0	0	0	0	90	0	0	0	0	0	0	0	0	0	0	0	0	0	0	0	0	0	0	0	0	0	0	0	0	0	0	0	
259952	Frontal_Mid_R	1620	7834	5284	33268	0	1350	2808	0	0	1376	1690	4420	192	7260	0	4354	810	0	7348	14512	0	0	472	6388	0	0	0	0	2430	1942	948	4594	0	3976	0	0	0	786	0	0	0	0	0	0	0	0	0	0	0	0	0	0	0	0	0	0	448	1180	0	0	128	0	0	102	0	0	0	0	0	0	10334	944	216	798	0	0	0	0	0	0	164	0	0	0	0	0	0	0	0	0	0	0	0	0	0	0	0	0	0	0	0	0	0	0	0	0	0	0	0	0	0	0	0	0	0	0	
58272	Frontal_Mid_Orb_L	0	0	2750	0	7474	0	2114	0	0	0	0	0	1864	0	9006	0	0	0	0	0	412	0	154	0	198	0	746	0	1428	0	380	0	0	0	0	0	0	0	0	0	102	0	0	0	0	0	0	0	0	0	0	0	0	0	0	0	0	0	0	0	0	0	0	0	0	0	0	0	0	0	328	0	2180	0	0	0	0	0	0	0	0	0	0	0	0	0	0	0	0	0	0	0	0	0	0	0	0	0	0	0	0	0	0	0	0	0	0	0	0	0	0	0	0	0	0	0	
37656	Frontal_Mid_Orb_R	0	0	0	286	0	2450	0	1376	0	0	0	140	0	1160	0	8050	0	0	278	358	0	0	0	0	0	154	0	238	0	1448	0	154	0	0	0	0	0	0	0	0	0	0	0	0	0	0	0	0	0	0	0	0	0	0	0	0	0	0	0	0	0	0	0	0	0	0	0	0	0	0	0	908	0	1828	0	0	0	0	0	0	0	0	0	0	0	0	0	0	0	0	0	0	0	0	0	0	0	0	0	0	0	0	0	0	0	0	0	0	0	0	0	0	0	0	0	0	
234412	Frontal_Inf_Oper_L	8516	246	11746	1124	0	0	12482	1690	0	0	0	0	13960	0	230	0	9752	0	5988	1332	0	0	900	104	0	0	0	0	21920	0	4542	1072	114	952	0	0	684	0	94	0	0	0	0	0	0	0	0	0	0	0	0	0	0	0	314	0	1870	0	0	0	600	0	200	0	0	0	0	0	272	164	5294	100	5946	0	146	0	210	0	418	0	1986	0	1940	0	134	0	0	0	164	0	0	0	0	0	0	0	0	0	0	0	0	0	0	0	0	0	0	0	0	0	0	0	0	0	0	0	
163368	Frontal_Inf_Oper_R	400	8274	1260	5860	0	0	450	4420	0	140	0	0	0	3962	0	1590	0	7090	6610	9356	0	0	0	982	0	0	0	0	0	10250	0	1214	0	466	0	0	0	728	0	548	0	0	0	0	0	0	0	0	0	0	0	0	0	0	0	434	130	5478	0	198	0	990	0	2494	0	110	0	604	0	0	1312	1270	0	2232	0	348	0	0	0	758	0	796	0	174	0	424	0	0	0	332	0	0	0	0	0	0	0	0	0	0	0	0	0	0	0	0	0	0	0	0	0	0	0	0	0	0	
239820	Frontal_Inf_Tri_L	818	0	14780	0	540	0	29238	192	1864	0	13960	0	0	0	14988	0	566	0	4052	152	662	0	856	0	0	0	0	0	25974	0	846	0	0	124	0	0	400	0	304	0	154	0	0	0	0	0	0	0	0	0	0	0	0	0	214	0	128	0	0	0	0	0	0	0	0	0	0	0	0	0	678	0	8028	0	0	0	0	0	0	0	108	0	284	0	0	0	0	0	0	0	0	0	0	0	0	0	0	0	0	0	0	0	0	0	0	0	0	0	0	0	0	0	0	0	0	0	
78800	Frontal_Inf_Tri_R	0	0	204	2808	0	100	0	7260	0	1160	0	3962	0	0	0	5728	0	0	1578	2898	0	0	0	496	0	0	0	0	0	8270	0	1758	0	1684	0	0	0	0	0	0	0	0	0	0	0	0	0	0	0	0	0	0	0	0	0	0	0	0	0	0	0	0	0	0	0	0	0	0	0	0	242	442	0	810	0	0	0	0	0	0	0	0	0	0	0	0	0	0	0	0	0	0	0	0	0	0	0	0	0	0	0	0	0	0	0	0	0	0	0	0	0	0	0	0	0	0	
153920	Frontal_Inf_Orb_L	0	0	4878	0	6972	0	5224	0	9006	0	230	0	14988	0	0	0	0	0	1174	0	3522	138	0	0	134	98	1840	0	16572	0	494	0	0	0	0	0	916	0	478	0	720	0	0	0	0	0	0	0	0	0	0	0	0	0	320	0	0	0	0	0	0	0	0	0	0	0	0	0	0	0	1116	0	6358	0	0	0	0	0	0	0	0	0	1782	0	0	0	0	0	0	0	0	0	0	0	0	0	0	0	0	0	0	0	0	0	0	0	0	0	0	0	0	0	0	0	0	0	
115568	Frontal_Inf_Orb_R	0	0	0	2100	0	2588	0	4354	0	8050	0	1590	0	5728	0	0	0	222	918	1358	0	1972	0	132	0	0	0	1688	0	11058	0	808	0	282	0	0	0	0	0	0	0	0	0	0	0	0	0	0	0	0	0	0	0	0	0	0	0	0	0	0	0	0	0	0	0	0	0	0	0	0	138	3712	0	6452	0	0	0	0	0	90	0	1786	0	2398	0	360	0	0	0	0	0	0	0	0	0	0	0	0	0	0	0	0	0	0	0	0	0	0	0	0	0	0	0	0	0	0	
245092	Rolandic_Oper_L	8442	256	6520	774	0	0	1428	810	0	0	9752	0	566	0	0	0	0	0	4030	1540	0	0	272	0	0	0	0	0	30068	0	2936	820	90	1274	0	0	2596	0	478	0	0	0	0	0	0	0	0	0	186	0	1492	0	854	0	2372	0	10718	0	1160	0	2212	0	3342	0	484	0	102	0	274	216	2330	0	3578	0	0	0	0	0	4726	0	10392	0	1212	0	1378	0	0	0	2866	0	0	0	0	0	0	0	0	0	0	0	0	0	0	0	0	0	0	0	0	0	0	0	0	0	0	0	
110496	Rolandic_Oper_R	0	3390	0	1530	0	0	0	0	0	0	0	7090	0	0	0	222	0	0	598	2206	0	0	0	0	0	0	0	0	0	7746	0	0	0	128	0	0	0	1504	0	556	0	0	0	390	0	254	0	174	0	512	0	108	0	144	0	1314	0	5688	0	1106	0	872	0	3574	0	130	210	5450	0	444	0	0	0	2050	0	0	0	0	0	2998	0	3074	0	422	0	680	0	0	0	684	0	0	0	0	0	0	0	0	0	0	0	0	0	0	0	0	0	0	0	0	0	0	0	0	0	0	
732944	Supp_Motor_Area_L	7234	2816	75904	20366	0	0	23766	7348	0	278	5988	6610	4052	1578	1174	918	4030	598	0	58626	0	0	7560	7184	0	290	0	0	12570	5162	8894	12034	10534	24694	978	284	1566	334	100	200	0	0	114	0	130	0	0	0	0	0	0	0	0	0	504	134	3096	590	0	0	278	0	108	144	0	0	242	0	11064	864	10306	3370	15056	4648	0	152	0	0	396	0	962	0	470	0	0	0	0	0	174	0	0	0	0	0	0	0	0	0	0	0	0	0	0	0	0	0	0	0	0	0	0	0	0	0	0	0	
963624	Supp_Motor_Area_R	12808	11360	20020	86120	0	0	1960	14512	0	358	1332	9356	152	2898	0	1358	1540	2206	58626	0	0	122	2174	14104	0	730	0	0	2232	11366	2400	24160	5718	62322	2704	2686	660	4340	134	1826	0	0	472	464	300	0	0	300	0	196	112	108	0	0	234	2562	1264	6678	188	0	334	0	0	282	0	0	868	730	12608	26014	3462	24132	2688	13014	1048	1938	770	16488	122	304	278	604	0	0	0	176	0	0	116	674	0	0	0	0	0	0	0	0	0	0	0	0	0	0	0	0	0	0	0	0	0	0	0	0	0	0	
99200	Olfactory_L	0	0	712	276	2766	508	260	0	412	0	0	0	662	0	3522	0	0	0	0	0	0	4652	110	144	808	1578	2740	754	4944	0	3464	1556	0	0	0	0	1162	0	1356	0	1404	0	0	0	0	0	0	0	0	0	0	0	0	0	386	0	0	0	0	0	0	0	0	0	0	0	0	0	0	0	6428	3394	4378	762	0	116	0	0	0	0	0	0	346	0	0	0	0	0	0	0	0	0	0	0	0	0	0	0	0	0	0	0	0	0	0	0	0	0	0	0	0	0	0	0	0	0	
132548	Olfactory_R	0	0	208	846	336	2984	0	0	0	0	0	0	0	0	138	1972	0	0	0	122	4652	0	0	344	388	3280	1196	6074	0	4234	3284	3756	0	0	0	0	0	1212	0	354	0	1074	0	0	0	0	0	0	0	0	0	0	0	0	0	128	0	0	0	0	0	0	0	0	0	0	0	0	0	0	7684	9828	5300	4366	518	1522	0	0	0	0	0	0	0	474	0	0	0	0	0	0	0	0	0	0	0	0	0	0	0	0	0	0	0	0	0	0	0	0	0	0	0	0	0	0	0	0	
311100	Frontal_Sup_Medial_L	90	0	47016	5620	1642	0	14374	472	154	0	900	0	856	0	0	0	272	0	7560	2174	110	0	0	20088	2884	212	1032	0	896	0	19086	8834	4666	8450	0	0	0	0	0	0	0	0	0	0	0	0	0	0	0	0	0	0	0	0	0	0	0	0	0	0	0	0	0	0	0	0	0	0	0	0	2244	134	5784	0	0	0	0	0	0	0	0	0	0	0	0	0	0	0	0	0	0	0	0	0	0	0	0	0	0	0	0	0	0	0	0	0	0	0	0	0	0	0	0	0	0	0	
384992	Frontal_Sup_Medial_R	584	0	7952	37466	0	3190	1588	6388	0	0	104	982	0	496	0	132	0	0	7184	14104	144	344	20088	0	390	9584	166	552	190	1238	8312	31188	356	16434	0	0	0	0	0	0	0	0	0	0	0	0	0	0	0	0	0	0	0	0	0	0	0	0	0	0	0	0	0	0	0	0	0	0	0	0	2060	13384	318	7578	0	0	0	0	0	0	0	0	0	0	0	0	0	0	0	0	0	0	0	0	0	0	0	0	0	0	0	0	0	0	0	0	0	0	0	0	0	0	0	0	0	0	
43964	Frontal_Med_Orb_L	0	0	1630	152	3408	118	0	0	198	0	0	0	0	0	134	0	0	0	0	0	808	388	2884	390	0	1572	2362	210	0	0	4668	1114	0	0	0	0	0	0	0	0	0	0	0	0	0	0	0	0	0	0	0	0	0	0	0	0	0	0	0	0	0	0	0	0	0	0	0	0	0	0	680	418	666	182	0	0	0	0	0	0	0	0	0	0	0	0	0	0	0	0	0	0	0	0	0	0	0	0	0	0	0	0	0	0	0	0	0	0	0	0	0	0	0	0	0	0	
149176	Frontal_Med_Orb_R	164	0	166	7756	354	7928	0	0	0	154	0	0	0	0	98	0	0	0	290	730	1578	3280	212	9584	1572	0	2222	5114	0	0	3386	11470	0	0	0	0	0	0	0	0	0	0	0	0	0	0	0	0	0	0	0	0	0	0	0	0	0	0	0	0	0	0	0	0	0	0	0	0	0	0	1664	9746	596	6524	0	0	0	0	0	0	0	0	0	0	0	0	0	0	0	0	0	0	0	0	0	0	0	0	0	0	0	0	0	0	0	0	0	0	0	0	0	0	0	0	0	0	
77596	Rectus_L	0	0	3550	288	7518	1044	0	0	746	0	0	0	0	0	1840	0	0	0	0	0	2740	1196	1032	166	2362	2222	0	1346	820	0	3720	1128	0	0	0	0	0	0	0	0	0	0	0	0	0	0	0	0	0	0	0	0	0	0	0	0	0	0	0	0	0	0	0	0	0	0	0	0	0	0	3582	696	2522	122	0	0	0	0	0	0	0	0	158	0	0	0	0	0	0	0	0	0	0	0	0	0	0	0	0	0	0	0	0	0	0	0	0	0	0	0	0	0	0	0	0	0	
67268	Rectus_R	0	0	0	1312	108	6400	0	0	0	238	0	0	0	0	0	1688	0	0	0	0	754	6074	0	552	210	5114	1346	0	0	1736	678	1716	0	0	0	0	0	0	0	0	0	0	0	0	0	0	0	0	0	0	0	0	0	0	0	0	0	0	0	0	0	0	0	0	0	0	0	0	0	0	636	2540	562	1970	0	0	0	0	0	0	0	0	0	0	0	0	0	0	0	0	0	0	0	0	0	0	0	0	0	0	0	0	0	0	0	0	0	0	0	0	0	0	0	0	0	0	
581160	Insula_L	8284	424	21982	1526	2874	0	15672	2430	1428	0	21920	0	25974	0	16572	0	30068	0	12570	2232	4944	0	896	190	0	0	820	0	0	0	4192	1068	228	1884	0	0	13930	0	3342	0	1456	0	104	0	0	0	0	0	344	0	2270	0	1024	0	9576	0	7300	0	1510	0	2144	0	2170	0	946	0	168	0	902	248	7088	162	26386	0	0	0	300	0	6676	0	9920	0	5350	0	2346	0	200	0	6368	0	0	0	0	0	0	0	172	0	0	0	0	0	0	0	0	0	0	0	0	0	0	0	0	0	0	0	
259956	Insula_R	110	838	162	8452	0	586	0	1942	0	1448	0	10250	0	8270	0	11058	0	7746	5162	11366	0	4234	0	1238	0	0	0	1736	0	0	0	2612	0	1286	0	116	0	4888	0	2170	0	698	0	232	0	0	0	136	0	0	0	0	0	0	0	2954	0	962	0	264	0	328	0	708	0	0	0	756	0	522	600	3268	0	19028	0	0	0	98	0	1170	0	5918	0	4224	0	1684	0	0	0	758	0	0	0	0	0	0	0	0	0	0	0	0	0	0	0	0	0	0	0	0	0	0	0	0	0	0	
345144	Cingulum_Ant_L	3452	0	22348	3862	3014	774	7648	948	380	0	4542	0	846	0	494	0	2936	0	8894	2400	3464	3284	19086	8312	4668	3386	3720	678	4192	0	0	18830	4644	5074	286	0	278	0	0	0	0	0	0	0	0	0	0	0	0	0	0	0	0	0	0	0	952	0	0	0	90	0	0	0	0	0	0	0	0	0	12922	3528	10716	1472	122	214	0	0	0	0	116	0	0	0	0	0	0	0	0	0	0	0	0	0	0	0	0	0	0	0	0	0	0	0	0	0	0	0	0	0	0	0	0	0	0	0	
487104	Cingulum_Ant_R	1890	0	5090	27936	232	2848	1100	4594	0	154	1072	1214	0	1758	0	808	820	0	12034	24160	1556	3756	8834	31188	1114	11470	1128	1716	1068	2612	18830	0	2902	26240	0	296	0	0	0	0	0	0	0	0	0	0	0	0	0	0	108	0	0	0	0	0	208	108	118	0	0	0	0	0	0	0	0	0	0	0	7064	23484	2852	10864	92	234	0	0	0	0	0	0	0	0	0	0	0	0	0	0	0	0	0	0	0	0	0	0	0	0	0	0	0	0	0	0	0	0	0	0	0	0	0	0	0	0	
139988	Cingulum_Mid_L	460	132	7026	842	0	0	2042	0	0	0	114	0	0	0	0	0	90	0	10534	5718	0	0	4666	356	0	0	0	0	228	0	4644	2902	0	10708	5412	1052	0	0	0	0	0	0	130	218	1520	164	0	138	298	146	686	0	254	0	96	0	180	0	240	0	0	0	0	0	0	0	3018	1660	3270	494	0	0	128	0	0	0	0	0	0	0	0	0	0	0	230	0	0	0	198	0	0	0	0	0	0	0	0	0	0	0	0	0	0	0	0	0	0	0	0	0	0	0	0	0	0	0	
556032	Cingulum_Mid_R	9414	1138	9572	16996	0	0	1136	3976	0	0	952	466	124	1684	0	282	1274	128	24694	62322	0	0	8450	16434	0	0	0	0	1884	1286	5074	26240	10708	0	4370	8994	416	1198	0	460	0	0	352	2692	266	1062	0	1406	0	720	0	144	0	134	142	1548	458	5500	124	0	94	0	0	0	0	0	2002	8460	8766	18418	1232	716	1500	762	674	0	162	0	88	0	234	110	0	0	0	330	0	0	0	248	0	0	0	0	0	0	0	0	0	0	0	0	0	0	0	0	0	0	0	0	0	0	0	0	0	0	
138304	Cingulum_Post_L	3100	922	164	300	0	0	0	0	0	0	0	0	0	0	0	0	0	0	978	2704	0	0	0	0	0	0	0	0	0	0	286	0	5412	4370	0	8046	3858	1436	2828	294	0	0	4220	96	1322	0	1776	106	0	0	2152	0	1350	0	1960	0	732	740	0	0	0	0	0	0	0	0	6946	630	2028	2338	0	0	0	0	0	0	602	1884	0	0	0	0	0	0	1364	0	0	0	1922	0	0	0	0	0	0	0	788	0	0	0	0	0	0	0	0	0	0	0	0	0	1498	0	0	0	0	0	
133700	Cingulum_Post_R	2282	1546	256	350	0	0	0	0	0	0	0	0	0	0	0	0	0	0	284	2686	0	0	0	0	0	0	0	0	0	116	0	296	1052	8994	8046	0	2674	5380	1132	2364	0	0	0	2244	136	178	262	4154	0	0	0	0	0	0	140	1508	106	1418	0	0	0	0	0	0	0	0	682	8054	356	3854	0	0	0	122	0	0	1378	3536	0	0	0	0	0	0	0	0	0	0	0	90	0	0	0	0	0	0	0	90	0	0	0	0	0	0	0	0	0	0	0	0	1084	0	0	0	0	0	
275484	Hippocampus_L	8614	1016	3386	234	0	0	866	0	0	0	684	0	400	0	916	0	2596	0	1566	660	1162	0	0	0	0	0	0	0	13930	0	278	0	0	416	3858	2674	0	1532	16510	324	7482	0	1982	0	0	0	5616	0	0	0	172	0	486	0	19352	0	1364	0	0	0	166	0	520	0	172	0	2000	200	140	0	188	0	9364	98	716	0	4162	3172	1890	0	2578	0	1158	0	970	0	212	0	9634	0	0	0	0	0	0	0	1994	0	190	0	0	0	0	0	0	0	0	0	0	0	142	0	0	0	0	0	
296024	Hippocampus_R	372	5922	0	4432	0	0	0	786	0	0	0	728	0	0	0	0	0	1504	334	4340	0	1212	0	0	0	0	0	0	0	4888	0	0	0	1198	1436	5380	1532	0	876	30188	0	10564	0	3836	0	0	178	5498	0	152	0	0	0	0	0	26648	156	2118	0	0	0	0	0	174	0	0	0	7360	0	2780	122	0	132	9138	0	264	364	4106	0	260	0	394	0	3112	0	212	0	90	0	1926	0	0	0	0	0	0	0	1614	0	566	0	0	0	0	0	0	0	0	0	0	1120	0	0	0	0	0	
134664	ParaHippocampal_L	1748	278	490	108	362	0	258	0	0	0	94	0	304	0	478	0	478	0	100	134	1356	0	0	0	0	0	0	0	3342	0	0	0	0	0	2828	1132	16510	876	0	438	3722	0	2026	0	0	0	6310	0	0	0	0	0	216	0	8262	0	154	0	0	0	0	0	0	0	0	0	1996	148	0	0	0	0	1578	0	120	0	1196	1474	284	0	270	0	1586	0	110	0	1172	0	1474	0	0	0	0	0	0	200	2576	0	524	0	0	0	0	0	0	0	0	0	90	372	158	0	0	0	0	0	
231396	ParaHippocampal_R	0	1488	0	1532	0	0	0	0	0	0	0	548	0	0	0	0	0	556	200	1826	0	354	0	0	0	0	0	0	0	2170	0	0	0	460	294	2364	324	30188	438	0	0	11192	0	2684	0	0	0	5198	0	0	0	0	0	0	0	24590	0	840	0	0	0	0	0	0	0	0	0	4752	0	1140	0	0	0	5954	0	244	92	1688	0	0	0	150	0	7722	0	0	0	2816	0	638	0	0	0	0	0	304	94	2136	0	116	0	0	0	0	0	0	0	0	0	0	606	0	0	0	0	0	
46048	Amygdala_L	0	0	94	0	412	0	0	0	102	0	0	0	154	0	720	0	0	0	0	0	1404	0	0	0	0	0	0	0	1456	0	0	0	0	0	0	0	7482	0	3722	0	0	0	0	0	0	0	0	0	0	0	0	0	0	0	4722	0	0	0	0	0	0	0	0	0	0	0	0	0	0	0	0	0	458	0	0	0	0	0	0	0	0	0	662	0	0	0	148	0	1488	0	0	0	0	0	0	0	0	0	0	0	0	0	0	0	0	0	0	0	0	0	0	0	0	0	0	0	
83584	Amygdala_R	0	0	0	0	0	0	0	0	0	0	0	0	0	0	0	0	0	0	0	0	0	1074	0	0	0	0	0	0	0	698	0	0	0	0	0	0	0	10564	0	11192	0	0	0	0	0	0	0	0	0	0	0	0	0	0	0	8710	0	0	0	0	0	0	0	0	0	0	0	0	0	0	0	0	0	1830	0	0	0	92	0	0	0	0	0	6662	0	0	0	604	0	162	0	0	0	0	0	0	0	204	0	0	0	0	0	0	0	0	0	0	0	0	0	0	0	0	0	0	
210808	Calcarine_L	402	0	92	0	0	0	0	0	0	0	0	0	0	0	0	0	0	0	114	472	0	0	0	0	0	0	0	0	104	0	0	0	130	352	4220	0	1982	0	2026	0	0	0	0	5590	12676	4316	9894	1336	10220	2582	15704	0	3434	98	4698	130	982	0	1466	0	0	0	0	0	0	0	14776	316	428	432	214	0	178	0	254	0	0	0	0	0	0	0	0	0	792	0	0	0	3176	0	0	0	0	0	0	0	950	0	0	0	0	0	0	0	0	0	0	0	0	0	868	0	0	0	0	0	
337468	Calcarine_R	0	274	0	0	0	0	0	0	0	0	0	0	0	0	0	0	0	390	0	464	0	0	0	0	0	0	0	0	0	232	0	0	218	2692	96	2244	0	3836	0	2684	0	0	5590	0	2598	25768	1646	17788	0	24192	0	10252	0	7342	0	11774	0	864	0	4696	0	0	0	0	0	0	910	25848	0	1950	0	0	0	0	0	0	0	0	0	0	0	116	0	0	0	9862	0	0	0	3872	0	0	0	0	0	0	0	122	0	156	0	0	0	0	0	0	0	0	0	0	258	0	0	0	0	0	
154372	Cuneus_L	308	0	0	0	0	0	0	0	0	0	0	0	0	0	0	0	0	0	130	300	0	0	0	0	0	0	0	0	0	0	0	0	1520	266	1322	136	0	0	0	0	0	0	12676	2598	0	5876	1310	130	16782	1564	10574	0	378	0	216	88	748	0	3068	0	0	0	0	0	0	0	14150	1056	668	252	218	0	164	0	256	0	0	0	0	0	0	0	0	0	214	0	0	0	128	0	0	0	0	0	0	0	0	0	0	0	0	0	0	0	0	0	0	0	0	0	90	0	0	0	0	0	
280468	Cuneus_R	0	0	0	0	0	0	0	0	0	0	0	0	0	0	0	0	0	254	0	0	0	0	0	0	0	0	0	0	0	0	0	0	164	1062	0	178	0	0	0	0	0	0	4316	25768	5876	0	448	5148	130	36918	0	9448	0	3124	0	4828	0	530	0	6304	0	316	0	106	0	378	3744	22154	0	760	0	0	0	0	0	0	0	0	0	0	0	0	0	0	0	6576	0	0	0	1704	0	0	0	0	0	0	0	0	0	0	0	0	0	0	0	0	0	0	0	0	0	0	0	0	0	0	
245656	Lingual_L	0	0	0	0	0	0	0	0	0	0	0	0	0	0	0	0	0	0	0	0	0	0	0	0	0	0	0	0	0	0	0	0	0	0	1776	262	5616	178	6310	0	0	0	9894	1646	1310	448	0	2234	2484	254	8800	0	2862	0	15032	728	0	0	0	0	0	0	0	0	0	0	3032	174	0	0	0	0	0	0	0	0	114	426	0	0	106	0	0	0	138	0	0	0	344	0	12288	2352	1246	280	190	0	10260	1484	17992	2528	0	0	256	0	178	0	0	0	0	0	3540	3896	2170	0	0	0	
284208	Lingual_R	0	150	0	222	0	0	0	0	0	0	0	0	0	0	0	0	0	174	0	300	0	0	0	0	0	0	0	0	0	136	0	0	138	1406	106	4154	0	5498	0	5198	0	0	1336	17788	130	5148	2234	0	0	4880	0	1842	0	5128	1230	22802	0	182	0	0	0	0	0	0	0	0	412	9524	0	302	0	0	0	138	0	0	0	480	0	0	0	0	0	0	0	240	0	0	0	754	1496	8540	0	122	0	472	2374	7580	3490	10472	0	0	0	262	96	0	0	0	0	0	7748	5714	1412	118	0	176	
221884	Occipital_Sup_L	596	0	0	0	0	0	612	0	0	0	0	0	0	0	0	0	186	0	0	0	0	0	0	0	0	0	0	0	344	0	0	0	298	0	0	0	0	0	0	0	0	0	10220	0	16782	130	2484	0	0	0	33912	0	1500	0	324	0	3130	0	19956	0	2216	0	128	0	1320	0	14562	0	212	0	0	0	0	0	0	0	0	0	0	0	168	0	0	0	1314	0	0	0	548	0	0	0	0	0	0	0	0	0	0	0	0	0	0	0	0	0	0	0	0	0	0	0	0	0	0	0	
359124	Occipital_Sup_R	0	116	0	0	0	0	0	0	0	0	0	0	0	0	0	0	0	512	0	196	0	0	0	0	0	0	0	0	0	0	0	0	146	720	0	0	0	152	0	0	0	0	2582	24192	1564	36918	254	4880	0	0	0	23934	0	3860	0	5430	0	6158	0	15572	0	1528	0	380	0	3374	902	24982	0	2564	0	0	0	0	0	0	0	0	0	0	0	144	0	0	0	13984	0	0	0	4518	0	0	0	0	0	0	0	0	0	0	0	0	0	0	0	0	0	0	0	0	0	0	0	0	0	0	
441668	Occipital_Mid_L	3396	0	0	102	0	0	688	0	0	0	0	0	0	0	0	0	1492	0	0	112	0	0	0	0	0	0	0	0	2270	0	0	108	686	0	2152	0	172	0	0	0	0	0	15704	0	10574	0	8800	0	33912	0	0	0	19088	0	8978	0	10218	0	28492	0	13946	0	952	0	16872	0	13526	0	350	0	106	0	0	0	0	0	0	0	0	0	834	0	0	0	18398	0	0	0	7512	0	284	0	0	0	0	0	0	0	728	0	0	0	0	0	0	0	0	0	0	0	192	190	0	0	0	0	
212896	Occipital_Mid_R	0	0	0	0	0	0	0	0	0	0	0	0	0	0	0	0	0	108	0	108	0	0	0	0	0	0	0	0	0	0	0	0	0	144	0	0	0	0	0	0	0	0	0	10252	0	9448	0	1842	0	23934	0	0	0	4928	0	3502	0	282	0	7818	0	3608	0	250	0	11150	134	4862	0	260	0	0	0	0	0	0	0	0	0	0	0	0	0	0	0	20768	0	0	0	3050	0	0	0	0	0	0	0	0	0	0	0	0	0	0	0	0	0	0	0	0	0	0	0	0	0	0	
161132	Occipital_Inf_L	1984	0	0	0	0	0	0	0	0	0	0	0	0	0	0	0	854	0	0	0	0	0	0	0	0	0	0	0	1024	0	0	0	254	0	1350	0	486	0	216	0	0	0	3434	0	378	0	2862	0	1500	0	19088	0	0	0	14578	0	1292	0	1142	0	148	0	0	0	828	0	2730	0	116	0	258	0	0	0	352	0	0	0	210	0	768	0	0	0	6928	0	0	0	15456	0	634	0	178	0	0	0	96	0	1060	0	0	0	0	0	0	0	0	0	0	0	182	180	0	0	0	0	
79084	Occipital_Inf_R	0	0	0	0	0	0	0	0	0	0	0	0	0	0	0	0	0	144	0	0	0	0	0	0	0	0	0	0	0	0	0	0	0	134	0	0	0	0	0	0	0	0	98	7342	0	3124	0	5128	0	3860	0	4928	0	0	0	5812	0	0	0	190	0	0	0	0	0	0	0	1644	0	200	0	0	0	0	0	0	0	0	0	0	0	0	0	0	0	2734	0	0	0	2868	172	178	0	0	0	0	0	0	166	342	0	0	0	0	0	0	0	0	0	0	0	286	192	0	0	0	
464564	Fusiform_L	4966	0	802	100	0	0	218	0	0	0	314	0	214	0	320	0	2372	0	504	234	386	0	0	0	0	0	0	0	9576	0	0	0	96	142	1960	140	19352	0	8262	0	4722	0	4698	0	216	0	15032	1230	324	0	8978	0	14578	0	0	744	1918	0	546	0	132	0	130	0	472	0	4678	0	206	110	526	0	3174	0	990	0	340	112	1350	0	2126	0	4158	0	6210	0	2470	0	28592	0	21788	1052	1056	0	0	0	12094	648	28050	1286	198	0	128	0	88	0	0	0	0	0	2906	2930	1338	0	0	0	
479256	Fusiform_R	0	850	0	720	0	0	0	0	0	0	0	434	0	0	0	0	0	1314	134	2562	0	128	0	0	0	0	0	0	0	2954	0	0	0	1548	0	1508	0	26648	0	24590	0	8710	130	11774	88	4828	728	22802	0	5430	0	3502	0	5812	744	0	0	2090	0	92	0	0	0	0	0	0	0	8248	0	3640	0	0	0	5932	0	180	0	186	0	0	0	346	0	7562	0	2178	0	1970	0	11524	1268	18198	0	1034	0	342	1834	9956	2184	20854	0	188	0	672	88	0	0	0	0	90	5552	4010	1300	0	0	172	
286616	Postcentral_L	23966	980	4308	854	0	0	1522	448	0	0	1870	130	128	0	0	0	10718	0	3096	1264	0	0	0	0	0	0	0	0	7300	0	952	208	180	458	732	106	1364	156	154	0	0	0	982	0	748	0	0	0	3130	0	10218	0	1292	0	1918	0	0	152	9806	0	15150	0	13784	0	2026	0	2090	0	2670	0	1076	96	2054	0	318	0	412	172	3776	0	6216	0	0	0	3378	0	0	0	950	0	0	0	0	0	0	0	0	0	0	0	0	0	0	0	0	0	0	0	0	0	0	0	0	0	0	0	
216872	Postcentral_R	1434	11810	228	1958	0	0	0	1180	0	0	0	5478	0	0	0	0	0	5688	590	6678	0	0	0	0	0	0	0	0	0	962	0	108	0	5500	740	1418	0	2118	0	840	0	0	0	864	0	530	0	182	0	6158	0	282	0	0	0	2090	152	0	0	6210	0	3204	0	10170	0	222	0	12012	678	11880	426	232	102	360	0	0	0	0	0	810	0	1326	0	0	0	2504	0	0	0	1198	0	0	0	0	0	0	0	0	0	114	0	0	0	0	0	0	0	0	0	0	0	0	0	0	0	0	
197456	Parietal_Sup_L	1190	0	0	100	0	0	698	0	0	0	0	0	0	0	0	0	1160	0	0	188	0	0	0	0	0	0	0	0	1510	0	0	118	240	124	0	0	0	0	0	0	0	0	1466	0	3068	0	0	0	19956	0	28492	0	1142	0	546	0	9806	0	0	0	10602	0	740	0	4788	0	9546	0	142	0	0	0	0	0	0	0	0	0	0	0	740	0	0	0	1562	0	0	0	804	0	0	0	0	0	0	0	0	0	0	0	0	0	0	0	0	0	0	0	0	0	0	0	0	0	0	0	
156232	Parietal_Sup_R	0	100	0	0	0	0	0	0	0	0	0	198	0	0	0	0	0	1106	0	0	0	0	0	0	0	0	0	0	0	264	0	0	0	0	0	0	0	0	0	0	0	0	0	4696	0	6304	0	0	0	15572	0	7818	0	190	0	92	0	6210	0	0	0	6706	0	1776	0	4214	210	14512	0	1748	0	0	0	0	0	0	0	0	0	0	0	254	0	0	0	5056	0	0	0	1090	0	0	0	0	0	0	0	0	0	0	0	0	0	0	0	0	0	0	0	0	0	0	0	0	0	0	
167892	Parietal_Inf_L	2378	0	126	122	0	0	442	128	0	0	600	0	0	0	0	0	2212	0	278	334	0	0	0	0	0	0	0	0	2144	0	90	0	0	94	0	0	166	0	0	0	0	0	0	0	0	0	0	0	2216	0	13946	0	148	0	132	0	15150	0	10602	0	0	0	15730	0	13026	0	328	0	0	0	268	0	596	0	0	0	0	0	174	0	646	0	0	0	1562	0	0	0	308	0	0	0	0	0	0	0	0	0	0	0	0	0	0	0	0	0	0	0	0	0	0	0	0	0	0	0	
85364	Parietal_Inf_R	0	288	0	0	0	0	0	0	0	0	0	990	0	0	0	0	0	872	0	0	0	0	0	0	0	0	0	0	0	328	0	0	0	0	0	0	0	0	0	0	0	0	0	0	0	316	0	0	0	1528	0	3608	0	0	0	0	0	3204	0	6706	0	0	0	8492	0	10546	0	3230	0	0	0	0	0	138	0	0	0	0	0	0	0	192	0	0	0	1456	0	0	0	788	0	0	0	0	0	0	0	0	0	0	0	0	0	0	0	0	0	0	0	0	0	0	0	0	0	0	
101080	SupraMarginal_L	2002	0	0	0	0	0	204	0	0	0	200	0	0	0	0	0	3342	0	108	0	0	0	0	0	0	0	0	0	2170	0	0	0	0	0	0	0	520	0	0	0	0	0	0	0	0	0	0	0	128	0	952	0	0	0	130	0	13784	0	740	0	15730	0	0	0	3544	0	0	0	0	0	0	0	314	0	0	0	0	0	174	0	4748	0	0	0	1414	0	0	0	336	0	0	0	0	0	0	0	0	0	0	0	0	0	0	0	0	0	0	0	0	0	0	0	0	0	0	0	
97820	SupraMarginal_R	102	1708	0	454	0	0	0	102	0	0	0	2494	0	0	0	0	0	3574	144	282	0	0	0	0	0	0	0	0	0	708	0	0	0	0	0	0	0	174	0	0	0	0	0	0	0	106	0	0	0	380	0	250	0	0	0	0	0	10170	0	1776	0	8492	0	0	0	4524	0	2026	0	0	0	0	0	266	0	0	0	0	0	128	0	3430	0	0	0	3818	0	0	0	3802	0	0	0	0	0	0	0	0	0	0	0	0	0	0	0	0	0	0	0	0	0	0	0	0	0	0	
117412	Angular_L	786	0	0	0	0	0	0	0	0	0	0	0	0	0	0	0	484	0	0	0	0	0	0	0	0	0	0	0	946	0	0	0	0	0	0	0	172	0	0	0	0	0	0	0	0	0	0	0	1320	0	16872	0	828	0	472	0	2026	0	4788	0	13026	0	3544	0	0	0	318	0	0	0	0	0	0	0	0	0	0	0	0	0	1906	0	0	0	10006	0	0	0	1212	0	0	0	0	0	0	0	0	0	0	0	0	0	0	0	0	0	0	0	0	0	0	0	0	0	0	0	
82448	Angular_R	0	0	0	0	0	0	0	0	0	0	0	110	0	0	0	0	0	130	0	0	0	0	0	0	0	0	0	0	0	0	0	0	0	0	0	0	0	0	0	0	0	0	0	0	0	378	0	0	0	3374	0	11150	0	0	0	0	0	222	0	4214	0	10546	0	4524	0	0	0	1240	0	0	0	0	0	0	0	0	0	0	0	0	0	392	0	0	0	3872	0	0	0	1072	0	0	0	0	0	0	0	0	0	0	0	0	0	0	0	0	0	0	0	0	0	0	0	0	0	0	
248008	Precuneus_L	534	0	130	0	0	0	0	0	0	0	0	0	0	0	0	0	102	210	242	868	0	0	0	0	0	0	0	0	168	0	0	0	3018	2002	6946	682	2000	0	1996	0	0	0	14776	910	14150	3744	3032	412	14562	902	13526	134	2730	0	4678	0	2090	0	9546	210	328	0	0	0	318	0	0	6174	3054	816	246	0	188	0	272	0	0	0	0	0	0	0	0	0	1944	406	0	0	3574	182	0	0	0	0	0	0	834	0	0	0	0	0	0	0	0	0	0	0	0	0	1368	0	0	0	0	0	
406124	Precuneus_R	0	646	0	382	0	0	0	0	0	0	0	604	0	0	0	0	0	5450	0	730	0	0	0	0	0	0	0	0	0	756	0	0	1660	8460	630	8054	200	7360	148	4752	0	0	316	25848	1056	22154	174	9524	0	24982	0	4862	0	1644	0	8248	0	12012	0	14512	0	3230	0	2026	0	1240	6174	0	0	5734	0	0	0	612	0	0	0	664	0	874	0	2246	0	0	0	8326	0	0	0	5088	0	0	0	0	0	0	0	418	0	174	0	0	0	0	0	0	0	0	0	0	1092	0	0	0	0	0	
144488	Paracentral_Lobule_L	6904	876	4754	2010	0	0	0	0	0	0	272	0	0	0	0	0	274	0	11064	12608	0	0	0	0	0	0	0	0	902	0	0	0	3270	8766	2028	356	140	0	0	0	0	0	428	0	668	0	0	0	212	0	350	0	116	0	206	0	2670	678	142	0	0	0	0	0	0	0	3054	0	0	7074	800	0	1378	0	0	0	0	0	0	0	0	0	0	0	110	0	0	0	134	0	0	0	0	0	0	0	0	0	0	0	0	0	0	0	0	0	0	0	0	0	0	0	0	0	0	0	
220112	Paracentral_Lobule_R	7490	2318	1520	0	0	0	0	0	0	0	164	0	0	0	0	0	216	444	864	26014	0	0	0	0	0	0	0	0	248	522	0	0	494	18418	2338	3854	0	2780	0	1140	0	0	432	1950	252	760	0	302	0	2564	0	260	0	200	110	3640	0	11880	0	1748	0	0	0	0	0	0	816	5734	7074	0	420	0	400	0	0	0	434	0	0	262	0	678	0	0	0	278	0	0	0	910	0	0	0	0	0	0	0	0	0	128	0	0	0	0	0	0	0	0	0	0	0	0	0	0	0	0	
367256	Caudate_L	1766	3718	17492	5986	2620	510	4310	10334	328	0	5294	1312	678	242	1116	138	2330	0	10306	3462	6428	7684	2244	2060	680	1664	3582	636	7088	600	12922	7064	0	1232	0	0	188	122	0	0	0	0	214	0	218	0	0	0	0	0	106	0	258	0	526	0	1076	426	0	0	268	0	0	0	0	0	246	0	800	420	0	14388	23020	2880	2986	2372	5290	476	0	0	488	0	686	0	0	0	0	0	348	0	0	0	0	0	0	0	0	0	0	0	0	0	0	0	0	0	0	0	0	0	0	0	0	0	0	0	
404748	Caudate_R	728	2480	710	29750	144	4828	164	944	0	908	100	1270	0	442	0	3712	0	0	3370	24132	3394	9828	134	13384	418	9746	696	2540	162	3268	3528	23484	0	716	0	0	0	0	0	0	0	0	0	0	0	0	0	0	0	0	0	0	0	0	0	0	96	232	0	0	0	0	0	0	0	0	0	0	0	0	14388	0	5590	22234	992	3400	128	10334	0	0	0	0	0	0	0	0	0	0	0	0	0	0	0	0	0	0	0	0	0	0	0	0	0	0	0	0	0	0	0	0	0	0	0	0	0	0	
450104	Putamen_L	4530	2662	35090	1642	5674	358	6744	216	2180	0	5946	0	8028	0	6358	0	3578	0	15056	2688	4378	5300	5784	318	666	596	2522	562	26386	0	10716	2852	128	1500	0	0	9364	132	1578	0	458	0	178	0	164	0	0	0	0	0	0	0	0	0	3174	0	2054	102	0	0	596	0	314	0	0	0	188	0	1378	400	23020	5590	0	1710	6382	1268	902	108	440	0	1228	0	1056	0	0	0	0	0	720	0	0	0	0	0	0	0	90	0	0	0	0	0	0	0	0	0	0	0	0	0	0	0	0	0	0	0	
325460	Putamen_R	228	466	200	16740	0	3562	0	798	0	1828	0	2232	0	810	0	6452	0	2050	4648	13014	762	4366	0	7578	182	6524	122	1970	0	19028	1472	10864	0	762	0	122	98	9138	0	5954	0	1830	0	0	0	0	0	138	0	0	0	0	0	0	0	5932	0	360	0	0	0	138	0	266	0	0	0	612	0	0	2880	22234	1710	0	0	2126	0	364	0	0	0	302	0	1542	0	0	0	134	0	0	0	0	0	0	0	0	0	192	0	0	0	0	0	0	0	0	0	0	0	0	0	0	0	0	0	0	
47208	Pallidum_L	334	520	1856	528	0	0	574	0	0	0	146	0	0	0	0	0	0	0	0	1048	0	518	0	0	0	0	0	0	0	0	122	92	0	674	0	0	716	0	120	0	0	0	254	0	256	0	0	0	0	0	0	0	352	0	990	0	318	0	0	0	0	0	0	0	0	0	272	0	0	0	2986	992	6382	0	0	612	2248	0	0	0	0	0	0	0	0	0	0	0	694	0	0	0	0	0	0	0	0	0	0	0	0	0	0	0	0	0	0	0	0	0	0	0	0	0	0	0	
36548	Pallidum_R	0	108	0	3176	0	0	0	0	0	0	0	348	0	0	0	0	0	0	152	1938	116	1522	0	0	0	0	0	0	0	0	214	234	0	0	0	0	0	264	0	244	0	0	0	0	0	0	0	0	0	0	0	0	0	0	0	180	0	0	0	0	0	0	0	0	0	0	0	0	0	0	2372	3400	1268	2126	612	0	0	0	0	0	0	0	0	0	0	0	0	0	0	0	0	0	0	0	0	0	0	0	0	0	0	0	0	0	0	0	0	0	0	0	0	0	0	0	0	0	
108296	Thalamus_L	11912	856	13494	128	0	0	1316	0	0	0	210	0	0	0	0	0	0	0	0	770	0	0	0	0	0	0	0	0	300	0	0	0	0	162	602	1378	4162	364	1196	92	0	0	0	0	0	0	114	0	0	0	0	0	0	0	340	0	412	0	0	0	0	0	0	0	0	0	0	0	0	434	5290	128	902	0	2248	0	0	6930	244	0	0	0	0	0	0	0	0	0	164	0	0	0	0	0	0	0	0	0	0	0	0	0	0	0	0	0	0	0	0	0	0	0	0	0	0	0	
173400	Thalamus_R	1358	10758	1332	19888	0	0	0	0	0	0	0	0	0	0	0	0	0	0	0	16488	0	0	0	0	0	0	0	0	0	98	0	0	0	0	1884	3536	3172	4106	1474	1688	0	92	0	0	0	0	426	480	0	0	0	0	0	0	112	186	172	0	0	0	0	0	0	0	0	0	0	664	0	0	476	10334	108	364	0	0	6930	0	98	0	0	0	0	0	0	0	0	0	0	0	0	0	0	0	0	0	96	0	0	0	0	0	0	0	0	0	0	0	0	0	380	0	0	0	0	0	
62448	Heschl_L	2166	0	620	0	0	0	0	0	0	0	418	0	0	0	0	0	4726	0	396	122	0	0	0	0	0	0	0	0	6676	0	0	0	0	88	0	0	1890	0	284	0	0	0	0	0	0	0	0	0	0	0	0	0	210	0	1350	0	3776	0	0	0	174	0	174	0	0	0	0	0	0	0	0	0	440	0	0	0	244	98	0	0	4178	0	0	0	1562	0	0	0	1632	0	0	0	0	0	0	0	0	0	0	0	0	0	0	0	0	0	0	0	0	0	0	0	0	0	0	0	
23408	Heschl_R	0	252	0	0	0	0	0	0	0	0	0	758	0	0	0	90	0	2998	0	304	0	0	0	0	0	0	0	0	0	1170	0	0	0	0	0	0	0	260	0	0	0	0	0	0	0	0	0	0	0	0	0	0	0	0	0	0	0	810	0	0	0	0	0	128	0	0	0	874	0	262	0	0	0	0	0	0	0	0	0	0	0	3256	0	100	0	442	0	0	0	0	0	0	0	0	0	0	0	0	0	0	0	0	0	0	0	0	0	0	0	0	0	0	0	0	0	0	
175752	Temporal_Sup_L	2132	0	1246	140	0	0	136	164	0	0	1986	0	108	0	0	0	10392	0	962	278	0	0	0	0	0	0	0	0	9920	0	116	0	0	234	0	0	2578	0	270	0	0	0	0	0	0	0	106	0	168	0	834	0	768	0	2126	0	6216	0	740	0	646	0	4748	0	1906	0	0	0	0	0	488	0	1228	0	0	0	0	0	4178	0	0	0	3852	0	22494	0	0	0	6526	0	0	0	0	0	0	0	190	0	0	0	0	0	0	0	0	0	0	0	0	0	0	0	0	0	0	0	
94524	Temporal_Sup_R	0	330	0	90	0	0	0	0	0	0	0	796	0	0	0	1786	0	3074	0	604	0	0	0	0	0	0	0	0	0	5918	0	0	0	110	0	0	0	394	0	150	0	0	0	116	0	0	0	0	0	144	0	0	0	0	0	346	0	1326	0	254	0	192	0	3430	0	392	0	2246	0	678	0	0	0	302	0	0	0	0	0	3256	0	0	0	5472	0	10676	0	0	0	5180	0	0	0	0	0	0	0	0	0	0	0	0	0	0	0	0	0	0	0	0	0	0	0	0	0	0	
82264	Temporal_Pole_Sup_L	102	0	270	0	400	0	266	0	0	0	1940	0	284	0	1782	0	1212	0	470	0	346	0	0	0	0	0	158	0	5350	0	0	0	0	0	0	0	1158	0	1586	0	662	0	0	0	0	0	0	0	0	0	0	0	0	0	4158	0	0	0	0	0	0	0	0	0	0	0	0	0	0	0	686	0	1056	0	0	0	0	0	0	0	3852	0	0	0	7688	0	4492	0	3214	0	0	0	0	0	0	0	0	0	0	0	0	0	0	0	0	0	0	0	0	0	0	0	0	0	0	0	
95964	Temporal_Pole_Sup_R	0	0	0	0	0	0	0	0	0	0	0	174	0	0	0	2398	0	422	0	0	0	474	0	0	0	0	0	0	0	4224	0	0	0	0	0	0	0	3112	0	7722	0	6662	0	0	0	0	0	0	0	0	0	0	0	0	0	7562	0	0	0	0	0	0	0	0	0	0	0	0	0	0	0	0	0	1542	0	0	0	0	0	100	0	5472	0	0	0	3482	0	3846	0	624	0	0	0	0	0	0	0	166	0	0	0	0	0	0	0	0	0	0	0	0	0	0	0	0	0	0	
251504	Temporal_Mid_L	2328	0	0	0	0	0	0	0	0	0	134	0	0	0	0	0	1378	0	0	0	0	0	0	0	0	0	0	0	2346	0	0	0	230	0	1364	0	970	0	110	0	0	0	792	0	214	0	138	0	1314	0	18398	0	6928	0	6210	0	3378	0	1562	0	1562	0	1414	0	10006	0	1944	0	110	0	0	0	0	0	0	0	0	0	1562	0	22494	0	7688	0	0	0	2988	0	28078	0	0	0	0	0	0	0	0	0	0	0	0	0	0	0	0	0	0	0	0	0	112	0	0	0	0	0	
248652	Temporal_Mid_R	0	394	0	0	0	0	0	0	0	0	0	424	0	0	0	360	0	680	0	176	0	0	0	0	0	0	0	0	0	1684	0	0	0	330	0	0	0	212	0	0	0	0	0	9862	0	6576	0	240	0	13984	0	20768	0	2734	0	2178	0	2504	0	5056	0	1456	0	3818	0	3872	406	8326	0	278	0	0	0	0	0	0	0	0	0	442	0	10676	0	3482	0	0	0	982	0	22426	0	0	0	0	0	0	0	0	0	0	0	0	0	0	0	0	0	0	0	0	0	0	0	0	0	0	
28516	Temporal_Pole_Mid_L	0	0	0	0	0	0	0	0	0	0	0	0	0	0	0	0	0	0	0	0	0	0	0	0	0	0	0	0	200	0	0	0	0	0	0	0	212	0	1172	0	148	0	0	0	0	0	0	0	0	0	0	0	0	0	2470	0	0	0	0	0	0	0	0	0	0	0	0	0	0	0	0	0	0	0	0	0	0	0	0	0	0	0	4492	0	2988	0	0	0	2576	0	0	0	0	0	0	0	0	0	0	0	0	0	0	0	0	0	0	0	0	0	0	0	0	0	0	0	
22380	Temporal_Pole_Mid_R	0	0	0	0	0	0	0	0	0	0	0	0	0	0	0	0	0	0	0	0	0	0	0	0	0	0	0	0	0	0	0	0	0	0	0	0	0	90	0	2816	0	604	0	0	0	0	0	0	0	0	0	0	0	0	0	1970	0	0	0	0	0	0	0	0	0	0	0	0	0	0	0	0	0	134	0	0	0	0	0	0	0	0	0	3846	0	982	0	0	0	748	0	0	0	0	0	0	0	0	0	0	0	0	0	0	0	0	0	0	0	0	0	0	0	0	0	0	
279092	Temporal_Inf_L	4014	0	240	0	0	0	90	0	0	0	164	0	0	0	0	0	2866	0	174	116	0	0	0	0	0	0	0	0	6368	0	0	0	198	0	1922	0	9634	0	1474	0	1488	0	3176	0	128	0	344	0	548	0	7512	0	15456	0	28592	0	950	0	804	0	308	0	336	0	1212	0	3574	0	134	0	348	0	720	0	694	0	164	0	1632	0	6526	0	3214	0	28078	0	2576	0	0	0	1388	0	420	0	0	0	470	0	834	0	150	0	120	0	0	0	0	0	0	0	390	0	0	0	0	0	
156604	Temporal_Inf_R	0	326	0	0	0	0	0	0	0	0	0	332	0	0	0	0	0	684	0	674	0	0	0	0	0	0	0	0	0	758	0	0	0	248	0	90	0	1926	0	638	0	162	0	3872	0	1704	0	754	0	4518	0	3050	0	2868	0	11524	0	1198	0	1090	0	788	0	3802	0	1072	182	5088	0	910	0	0	0	0	0	0	0	0	0	0	0	5180	0	624	0	22426	0	748	0	0	0	816	0	98	0	0	0	0	0	152	0	0	0	0	0	0	0	0	0	0	0	0	0	0	0	0	
460388	Cerebelum_Crus1_L	0	0	0	0	0	0	0	0	0	0	0	0	0	0	0	0	0	0	0	0	0	0	0	0	0	0	0	0	0	0	0	0	0	0	0	0	0	0	0	0	0	0	0	0	0	0	12288	1496	0	0	284	0	634	172	21788	1268	0	0	0	0	0	0	0	0	0	0	0	0	0	0	0	0	0	0	0	0	0	0	0	0	0	0	0	0	0	0	0	0	1388	0	0	7660	29200	4980	718	234	24276	1584	58672	6984	12128	180	14086	860	1508	844	0	0	188	286	5404	8286	10664	1262	758	114	
549692	Cerebelum_Crus1_R	0	0	0	0	0	0	0	0	0	0	0	0	0	0	0	0	0	0	0	0	0	0	0	0	0	0	0	0	0	0	0	0	0	0	0	0	0	0	0	0	0	0	0	0	0	0	2352	8540	0	0	0	0	0	178	1052	18198	0	0	0	0	0	0	0	0	0	0	0	0	0	0	0	0	0	0	0	0	0	0	0	0	0	0	0	0	0	0	0	0	0	816	7660	0	1520	37132	240	4192	4008	27122	6906	68978	298	6100	826	17292	520	3784	0	432	630	1544	16262	14500	17404	3320	2488	552	
229160	Cerebelum_Crus2_L	0	0	0	0	0	0	0	0	0	0	0	0	0	0	0	0	0	0	0	0	0	0	0	0	0	0	0	0	0	0	0	0	0	0	0	0	0	0	0	0	0	0	0	0	0	0	1246	0	0	0	0	0	178	0	1056	0	0	0	0	0	0	0	0	0	0	0	0	0	0	0	0	0	0	0	0	0	0	0	0	0	0	0	0	0	0	0	0	0	420	0	29200	1520	0	4996	0	0	1406	0	4412	744	31616	1422	25670	1718	370	232	0	0	0	0	0	1116	5204	2054	0	0	
307872	Cerebelum_Crus2_R	0	0	0	0	0	0	0	0	0	0	0	0	0	0	0	0	0	0	0	0	0	0	0	0	0	0	0	0	0	0	0	0	0	0	0	0	0	0	0	0	0	0	0	0	0	0	280	122	0	0	0	0	0	0	0	1034	0	0	0	0	0	0	0	0	0	0	0	0	0	0	0	0	0	0	0	0	0	0	0	0	0	0	0	0	0	0	0	0	0	98	4980	37132	4996	0	0	2002	116	6034	1524	13106	2144	20350	2844	28594	472	4996	0	224	370	468	1364	2532	12102	4242	1594	216	
25116	Cerebelum_3_L	0	0	0	0	0	0	0	0	0	0	0	0	0	0	0	0	0	0	0	0	0	0	0	0	0	0	0	0	0	0	0	0	0	0	0	0	0	0	0	0	0	0	0	0	0	0	190	0	0	0	0	0	0	0	0	0	0	0	0	0	0	0	0	0	0	0	0	0	0	0	0	0	0	0	0	0	0	0	0	0	0	0	0	0	0	0	0	0	0	0	718	240	0	0	0	330	5794	0	1358	296	0	0	204	0	508	90	0	0	456	926	668	386	298	96	0	0	
64388	Cerebelum_3_R	0	0	0	0	0	0	0	0	0	0	0	0	0	0	0	0	0	0	0	0	0	0	0	0	0	0	0	0	0	0	0	0	0	0	0	0	0	0	200	304	0	0	0	0	0	0	0	472	0	0	0	0	0	0	0	342	0	0	0	0	0	0	0	0	0	0	0	0	0	0	0	0	0	0	0	0	0	0	0	0	0	0	0	0	0	0	0	0	0	0	234	4192	0	2002	330	0	582	6548	104	5464	0	88	0	884	0	1370	0	0	642	4392	1698	130	732	764	720	0	
285716	Cerebelum_4_5_L	0	0	0	0	0	0	0	0	0	0	0	0	0	0	0	0	0	0	0	0	0	0	0	0	0	0	0	0	172	0	0	0	0	0	788	0	1994	0	2576	94	0	0	950	0	0	0	10260	2374	0	0	0	0	96	0	12094	1834	0	0	0	0	0	0	0	0	0	0	834	0	0	0	0	0	90	0	0	0	0	96	0	0	190	0	0	0	0	0	0	0	470	0	24276	4008	1406	116	5794	582	0	4354	35580	4746	620	92	2654	272	3498	368	0	0	468	1036	13450	2060	792	668	580	526	
284224	Cerebelum_4_5_R	0	0	0	0	0	0	0	0	0	0	0	0	0	0	0	0	0	0	0	0	0	0	0	0	0	0	0	0	0	0	0	0	0	0	0	90	0	1614	0	2136	0	204	0	122	0	0	1484	7580	0	0	0	0	0	0	648	9956	0	0	0	0	0	0	0	0	0	0	0	418	0	0	0	0	0	192	0	0	0	0	0	0	0	0	0	166	0	0	0	0	0	0	1584	27122	0	6034	0	6548	4354	0	2618	37990	0	614	138	3552	176	872	0	0	130	1796	19930	1768	754	772	572	178	
425636	Cerebelum_6_L	0	0	0	0	0	0	0	0	0	0	0	0	0	0	0	0	0	0	0	0	0	0	0	0	0	0	0	0	0	0	0	0	0	0	0	0	190	0	524	0	0	0	0	0	0	0	17992	3490	0	0	728	0	1060	166	28050	2184	0	0	0	0	0	0	0	0	0	0	0	0	0	0	0	0	0	0	0	0	0	0	0	0	0	0	0	0	0	0	0	0	834	0	58672	6906	4412	1524	1358	104	35580	2618	0	7886	1700	0	2770	0	2006	356	146	0	136	242	10480	12750	6704	366	532	352	
507396	Cerebelum_6_R	0	0	0	0	0	0	0	0	0	0	0	0	0	0	0	0	0	0	0	0	0	0	0	0	0	0	0	0	0	0	0	0	0	0	0	0	0	566	0	116	0	0	0	156	0	0	2528	10472	0	0	0	0	0	342	1286	20854	0	114	0	0	0	0	0	0	0	0	0	174	0	128	0	0	0	0	0	0	0	0	0	0	0	0	0	0	0	0	0	0	0	152	6984	68978	744	13106	296	5464	4746	37990	7886	0	136	1310	320	6110	494	2720	0	398	652	1892	20032	16208	14860	2582	2370	532	
195188	Cerebelum_7b_L	0	0	0	0	0	0	0	0	0	0	0	0	0	0	0	0	0	0	0	0	0	0	0	0	0	0	0	0	0	0	0	0	0	0	0	0	0	0	0	0	0	0	0	0	0	0	0	0	0	0	0	0	0	0	198	0	0	0	0	0	0	0	0	0	0	0	0	0	0	0	0	0	0	0	0	0	0	0	0	0	0	0	0	0	0	0	0	0	150	0	12128	298	31616	2144	0	0	620	0	1700	136	0	438	35486	2524	2408	252	242	0	0	0	136	190	3282	3646	0	0	
152268	Cerebelum_7b_R	0	0	0	0	0	0	0	0	0	0	0	0	0	0	0	0	0	0	0	0	0	0	0	0	0	0	0	0	0	0	0	0	0	0	0	0	0	0	0	0	0	0	0	0	0	0	0	0	0	0	0	0	0	0	0	188	0	0	0	0	0	0	0	0	0	0	0	0	0	0	0	0	0	0	0	0	0	0	0	0	0	0	0	0	0	0	0	0	0	0	180	6100	1422	20350	0	88	92	614	0	1310	438	0	700	32012	290	9954	0	0	0	88	0	0	1102	984	222	0	
270512	Cerebelum_8_L	0	0	0	0	0	0	0	0	0	0	0	0	0	0	0	0	0	0	0	0	0	0	0	0	0	0	0	0	0	0	0	0	0	0	0	0	0	0	0	0	0	0	0	0	0	0	256	0	0	0	0	0	0	0	128	0	0	0	0	0	0	0	0	0	0	0	0	0	0	0	0	0	0	0	0	0	0	0	0	0	0	0	0	0	0	0	0	0	120	0	14086	826	25670	2844	204	0	2654	138	2770	320	35486	700	0	6640	20720	2818	1384	0	0	0	514	358	4608	9018	2776	218	
292208	Cerebelum_8_R	0	0	0	0	0	0	0	0	0	0	0	0	0	0	0	0	0	0	0	0	0	0	0	0	0	0	0	0	0	0	0	0	0	0	0	0	0	0	0	0	0	0	0	0	0	0	0	262	0	0	0	0	0	0	0	672	0	0	0	0	0	0	0	0	0	0	0	0	0	0	0	0	0	0	0	0	0	0	0	0	0	0	0	0	0	0	0	0	0	0	860	17292	1718	28594	0	884	272	3552	0	6110	2524	32012	6640	0	2298	21988	0	548	396	394	1974	176	5444	8684	2684	126	
106712	Cerebelum_9_L	0	0	0	0	0	0	0	0	0	0	0	0	0	0	0	0	0	0	0	0	0	0	0	0	0	0	0	0	0	0	0	0	0	0	0	0	0	0	0	0	0	0	0	0	0	0	178	96	0	0	0	0	0	0	88	88	0	0	0	0	0	0	0	0	0	0	0	0	0	0	0	0	0	0	0	0	0	0	0	0	0	0	0	0	0	0	0	0	0	0	1508	520	370	472	508	0	3498	176	2006	494	2408	290	20720	2298	0	2194	2574	0	92	0	608	1550	2058	4296	3186	1080	
154288	Cerebelum_9_R	0	0	0	0	0	0	0	0	0	0	0	0	0	0	0	0	0	0	0	0	0	0	0	0	0	0	0	0	0	0	0	0	0	0	0	0	0	0	0	0	0	0	0	0	0	0	0	0	0	0	0	0	0	0	0	0	0	0	0	0	0	0	0	0	0	0	0	0	0	0	0	0	0	0	0	0	0	0	0	0	0	0	0	0	0	0	0	0	0	0	844	3784	232	4996	90	1370	368	872	356	2720	252	9954	2818	21988	2194	0	0	460	1004	1172	1244	1302	4384	6624	6502	1614	
8692	Cerebelum_10_L	0	0	0	0	0	0	0	0	0	0	0	0	0	0	0	0	0	0	0	0	0	0	0	0	0	0	0	0	0	0	0	0	0	0	0	0	0	0	0	0	0	0	0	0	0	0	0	0	0	0	0	0	0	0	0	0	0	0	0	0	0	0	0	0	0	0	0	0	0	0	0	0	0	0	0	0	0	0	0	0	0	0	0	0	0	0	0	0	0	0	0	0	0	0	0	0	0	0	146	0	242	0	1384	0	2574	0	0	0	0	0	0	0	0	0	0	0	
4124	Cerebelum_10_R	0	0	0	0	0	0	0	0	0	0	0	0	0	0	0	0	0	0	0	0	0	0	0	0	0	0	0	0	0	0	0	0	0	0	0	0	0	0	0	0	0	0	0	0	0	0	0	0	0	0	0	0	0	0	0	0	0	0	0	0	0	0	0	0	0	0	0	0	0	0	0	0	0	0	0	0	0	0	0	0	0	0	0	0	0	0	0	0	0	0	0	432	0	224	0	0	0	0	0	398	0	0	0	548	0	460	0	0	0	0	0	0	0	0	0	0	
23096	Vermis_1_2	0	0	0	0	0	0	0	0	0	0	0	0	0	0	0	0	0	0	0	0	0	0	0	0	0	0	0	0	0	0	0	0	0	0	0	0	0	0	90	0	0	0	0	0	0	0	0	0	0	0	0	0	0	0	0	0	0	0	0	0	0	0	0	0	0	0	0	0	0	0	0	0	0	0	0	0	0	0	0	0	0	0	0	0	0	0	0	0	0	0	188	630	0	370	456	642	468	130	136	652	0	0	0	396	92	1004	0	0	0	3944	672	158	470	474	576	0	
43144	Vermis_3	0	0	0	0	0	0	0	0	0	0	0	0	0	0	0	0	0	0	0	0	0	0	0	0	0	0	0	0	0	0	0	0	0	0	0	0	0	0	372	0	0	0	0	0	0	0	0	0	0	0	0	0	0	0	0	90	0	0	0	0	0	0	0	0	0	0	0	0	0	0	0	0	0	0	0	0	0	0	0	0	0	0	0	0	0	0	0	0	0	0	286	1544	0	468	926	4392	1036	1796	242	1892	0	88	0	394	0	1172	0	0	3944	0	1246	118	528	520	518	0	
271472	Vermis_4_5	0	0	0	130	0	0	0	0	0	0	0	0	0	0	0	0	0	0	0	0	0	0	0	0	0	0	0	0	0	0	0	0	0	0	1498	1084	142	1120	158	606	0	0	868	258	90	0	3540	7748	0	0	192	0	182	0	2906	5552	0	0	0	0	0	0	0	0	0	0	1368	1092	0	0	0	0	0	0	0	0	0	380	0	0	0	0	0	0	112	0	0	0	390	0	5404	16262	0	1364	668	1698	13450	19930	10480	20032	136	0	514	1974	608	1244	0	0	672	1246	0	5400	1398	1326	1434	1080	
209204	Vermis_6	0	0	0	0	0	0	0	0	0	0	0	0	0	0	0	0	0	0	0	0	0	0	0	0	0	0	0	0	0	0	0	0	0	0	0	0	0	0	0	0	0	0	0	0	0	0	3896	5714	0	0	190	0	180	286	2930	4010	0	0	0	0	0	0	0	0	0	0	0	0	0	0	0	0	0	0	0	0	0	0	0	0	0	0	0	0	0	0	0	0	0	0	8286	14500	1116	2532	386	130	2060	1768	12750	16208	190	0	358	176	1550	1302	0	0	158	118	5400	0	11694	1336	2604	2774	
245780	Vermis_7	0	0	0	0	0	0	0	0	0	0	0	0	0	0	0	0	0	0	0	0	0	0	0	0	0	0	0	0	0	0	0	0	0	0	0	0	0	0	0	0	0	0	0	0	0	0	2170	1412	0	0	0	0	0	192	1338	1300	0	0	0	0	0	0	0	0	0	0	0	0	0	0	0	0	0	0	0	0	0	0	0	0	0	0	0	0	0	0	0	0	0	0	10664	17404	5204	12102	298	732	792	754	6704	14860	3282	1102	4608	5444	2058	4384	0	0	470	528	1398	11694	0	7140	4004	852	
