data	data	506572	325260	1.06817e+06	800304	171228	129912	694620	430404	69340	14644	242112	266180	343100	329020	134064	57508	266092	86036	787272	817780	96780	102976	376304	427152	10992	122936	81612	78960	672688	395140	263928	573640	121484	606580	105676	150292	200652	261452	78828	126788	40396	54080	188008	280932	108772	250648	320160	414252	135376	295448	379836	280748	77360	68700	563956	361808	328580	184864	122464	89312	202560	93124	74604	70480	105244	115308	222036	417064	215464	292268	273288	460052	296544	335068	68048	20968	117852	171116	90368	17524	255072	87836	76824	26356	243116	177608	8568	4416	362716	270260	568732	618692	416940	441020	77316	56272	403896	247148	567092	544404	309508	195212	360820	317328	133644	145868	22328	3408	27664	70080	309720	223260	243900	190196	111672	37604	
data	data	Precentral_L	Precentral_R	Frontal_Sup_L	Frontal_Sup_R	Frontal_Sup_Orb_L	Frontal_Sup_Orb_R	Frontal_Mid_L	Frontal_Mid_R	Frontal_Mid_Orb_L	Frontal_Mid_Orb_R	Frontal_Inf_Oper_L	Frontal_Inf_Oper_R	Frontal_Inf_Tri_L	Frontal_Inf_Tri_R	Frontal_Inf_Orb_L	Frontal_Inf_Orb_R	Rolandic_Oper_L	Rolandic_Oper_R	Supp_Motor_Area_L	Supp_Motor_Area_R	Olfactory_L	Olfactory_R	Frontal_Sup_Medial_L	Frontal_Sup_Medial_R	Frontal_Med_Orb_L	Frontal_Med_Orb_R	Rectus_L	Rectus_R	Insula_L	Insula_R	Cingulum_Ant_L	Cingulum_Ant_R	Cingulum_Mid_L	Cingulum_Mid_R	Cingulum_Post_L	Cingulum_Post_R	Hippocampus_L	Hippocampus_R	ParaHippocampal_L	ParaHippocampal_R	Amygdala_L	Amygdala_R	Calcarine_L	Calcarine_R	Cuneus_L	Cuneus_R	Lingual_L	Lingual_R	Occipital_Sup_L	Occipital_Sup_R	Occipital_Mid_L	Occipital_Mid_R	Occipital_Inf_L	Occipital_Inf_R	Fusiform_L	Fusiform_R	Postcentral_L	Postcentral_R	Parietal_Sup_L	Parietal_Sup_R	Parietal_Inf_L	Parietal_Inf_R	SupraMarginal_L	SupraMarginal_R	Angular_L	Angular_R	Precuneus_L	Precuneus_R	Paracentral_Lobule_L	Paracentral_Lobule_R	Caudate_L	Caudate_R	Putamen_L	Putamen_R	Pallidum_L	Pallidum_R	Thalamus_L	Thalamus_R	Heschl_L	Heschl_R	Temporal_Sup_L	Temporal_Sup_R	Temporal_Pole_Sup_L	Temporal_Pole_Sup_R	Temporal_Mid_L	Temporal_Mid_R	Temporal_Pole_Mid_L	Temporal_Pole_Mid_R	Temporal_Inf_L	Temporal_Inf_R	Cerebelum_Crus1_L	Cerebelum_Crus1_R	Cerebelum_Crus2_L	Cerebelum_Crus2_R	Cerebelum_3_L	Cerebelum_3_R	Cerebelum_4_5_L	Cerebelum_4_5_R	Cerebelum_6_L	Cerebelum_6_R	Cerebelum_7b_L	Cerebelum_7b_R	Cerebelum_8_L	Cerebelum_8_R	Cerebelum_9_L	Cerebelum_9_R	Cerebelum_10_L	Cerebelum_10_R	Vermis_1_2	Vermis_3	Vermis_4_5	Vermis_6	Vermis_7	Vermis_8	Vermis_9	Vermis_10	
506572	Precentral_L	0	6416	16210	1238	0	0	21560	958	0	0	9714	418	584	380	0	0	13474	142	6594	16360	0	0	262	0	0	0	0	0	15990	320	218	0	1408	10468	3544	394	2034	128	280	0	0	0	712	0	102	146	254	0	0	154	5040	0	168	0	6066	0	37568	0	474	0	4458	0	1530	0	864	0	974	232	20342	6390	2298	2074	3126	1042	1206	174	5674	912	4142	0	5934	0	136	0	5238	0	0	0	6762	0	0	0	0	0	0	0	0	0	0	0	0	0	0	0	0	0	0	0	0	0	0	0	0	0	0	0	
325260	Precentral_R	6416	0	1980	8926	0	0	2324	17646	0	0	224	7360	0	528	0	0	426	854	702	5762	0	0	0	0	0	0	0	0	1872	3168	0	124	0	1010	198	556	688	3850	0	936	0	0	0	1112	0	1102	0	1408	0	3070	0	1574	0	0	598	626	2482	19856	0	1534	582	3508	0	2104	0	2020	0	3780	1380	7750	1048	5266	1380	4152	756	284	1910	14492	416	1048	202	2434	0	0	0	1170	0	0	456	7580	0	0	0	0	0	0	0	0	0	0	0	0	0	0	0	0	0	0	0	0	0	0	0	0	0	0	
1.06817e+06	Frontal_Sup_L	16210	1980	0	29484	7178	0	85284	5572	1722	0	11006	3134	29110	3078	4554	0	8086	636	99910	40768	0	0	38772	8096	260	0	0	0	26608	1758	13984	8722	5828	16072	502	0	2386	0	108	0	0	0	0	0	0	136	210	0	0	140	0	0	0	0	3436	0	4128	0	0	0	0	0	166	0	0	0	180	194	3196	582	8536	5518	17034	1152	6124	0	2822	1992	1512	0	2286	0	738	0	236	0	0	0	2960	0	0	0	0	0	0	0	0	0	0	0	0	0	0	0	0	0	0	0	0	0	0	0	0	0	0	0	
800304	Frontal_Sup_R	1238	8926	29484	0	0	6216	8078	39880	0	504	374	8560	1804	16000	0	4222	526	2666	30940	58394	0	0	12412	42068	0	3876	0	178	1280	11490	2620	36654	1018	29102	0	0	208	738	0	112	0	0	0	0	0	0	0	100	0	0	0	0	0	0	114	108	1146	1072	0	0	0	0	0	0	0	0	0	0	412	376	4004	14646	564	11706	396	510	1224	3394	0	0	106	264	0	0	0	0	0	0	0	442	0	0	0	0	0	0	0	0	0	0	0	0	0	0	0	0	0	0	0	0	0	0	0	0	0	0	
171228	Frontal_Sup_Orb_L	0	0	7178	0	0	0	2234	0	12948	0	1106	0	5376	0	15194	0	148	0	496	0	1682	720	3464	0	1230	0	6484	358	11298	0	2884	828	0	0	0	0	0	0	0	0	150	0	0	0	0	0	0	0	0	0	0	0	0	0	0	0	0	0	0	0	0	0	0	0	0	0	0	0	0	0	1242	772	9252	158	0	0	0	0	0	0	0	0	412	0	0	0	0	0	0	0	0	0	0	0	0	0	0	0	0	0	0	0	0	0	0	0	0	0	0	0	0	0	0	0	0	0	
129912	Frontal_Sup_Orb_R	0	0	0	6216	0	0	0	1510	0	2976	0	652	0	1050	0	5738	0	104	0	678	194	1440	378	6972	0	10426	0	5340	0	3330	174	5648	0	0	0	0	0	0	0	0	0	0	0	0	0	0	0	0	0	0	0	0	0	0	0	0	0	0	0	0	0	0	0	0	0	0	0	0	0	0	284	4604	0	6732	0	0	0	510	0	0	0	0	0	0	0	0	0	0	0	0	0	0	0	0	0	0	0	0	0	0	0	0	0	0	0	0	0	0	0	0	0	0	0	0	0	0	
694620	Frontal_Mid_L	21560	2324	85284	8078	2234	0	0	3180	1442	0	12686	2482	31920	2642	2648	0	17020	0	31724	12976	0	0	7312	2928	0	0	0	0	31636	616	2334	3102	804	4480	186	0	2918	0	116	0	0	0	0	0	0	104	280	0	0	106	168	0	0	0	3064	0	4248	0	0	0	178	0	0	0	112	0	180	116	348	414	5168	5366	9070	548	3378	0	7558	2820	2796	0	3568	0	236	0	304	0	0	0	2548	0	0	0	0	0	0	0	0	0	0	0	0	0	0	0	0	0	0	0	0	0	0	0	0	0	0	0	
430404	Frontal_Mid_R	958	17646	5572	39880	0	1510	3180	0	0	356	1268	24114	908	34210	0	1622	444	1520	5418	5538	0	0	662	6260	0	1090	0	0	892	14682	164	6172	0	4360	0	0	106	688	0	0	0	0	0	120	0	0	0	186	0	776	0	0	0	0	176	0	570	1930	0	152	120	184	0	0	0	214	0	280	0	0	6098	8840	536	12300	226	364	0	1070	0	218	0	350	0	0	0	234	0	0	114	924	0	0	0	0	0	0	0	0	0	0	0	0	0	0	0	0	0	0	0	0	0	0	0	0	0	0	
69340	Frontal_Mid_Orb_L	0	0	1722	0	12948	0	1442	0	0	0	0	0	1602	0	10304	0	0	0	0	0	170	0	0	0	0	0	2774	0	1568	0	0	0	0	0	0	0	0	0	0	0	0	0	0	0	0	0	0	0	0	0	0	0	0	0	0	0	0	0	0	0	0	0	0	0	0	0	0	0	0	0	0	0	2140	0	0	0	0	0	0	0	0	0	0	0	0	0	0	0	0	0	0	0	0	0	0	0	0	0	0	0	0	0	0	0	0	0	0	0	0	0	0	0	0	0	0	0	
14644	Frontal_Mid_Orb_R	0	0	0	504	0	2976	0	356	0	0	0	0	0	170	0	3136	0	0	0	0	0	0	0	0	0	0	0	0	0	180	0	0	0	0	0	0	0	0	0	0	0	0	0	0	0	0	0	0	0	0	0	0	0	0	0	0	0	0	0	0	0	0	0	0	0	0	0	0	0	0	0	0	0	0	0	0	0	0	0	0	0	0	0	0	0	0	0	0	0	0	0	0	0	0	0	0	0	0	0	0	0	0	0	0	0	0	0	0	0	0	0	0	0	0	0	0	
242112	Frontal_Inf_Oper_L	9714	224	11006	374	1106	0	12686	1268	0	0	0	1276	16020	1440	628	0	11756	0	6680	480	0	0	3392	154	0	0	0	0	16262	1308	2648	296	0	234	0	0	296	0	0	0	0	0	0	0	0	0	0	0	0	0	0	0	0	0	318	0	3152	0	0	0	0	0	0	0	0	0	0	0	0	0	5632	3074	1164	344	138	0	580	0	648	0	3590	0	2866	0	0	0	0	0	302	0	0	0	0	0	0	0	0	0	0	0	0	0	0	0	0	0	0	0	0	0	0	0	0	0	0	0	
266180	Frontal_Inf_Oper_R	418	7360	3134	8560	0	652	2482	24114	0	0	1276	0	720	25336	0	398	566	3578	2754	3446	0	0	112	1762	0	422	0	0	716	15378	178	2670	0	1668	0	0	0	286	0	0	0	0	0	0	0	0	0	0	0	326	0	0	0	0	0	0	0	1254	0	0	0	0	0	0	0	0	0	122	0	0	4628	13130	0	4326	0	170	0	116	0	110	0	200	0	0	0	124	0	0	0	598	0	0	0	0	0	0	0	0	0	0	0	0	0	0	0	0	0	0	0	0	0	0	0	0	0	0	
343100	Frontal_Inf_Tri_L	584	0	29110	1804	5376	0	31920	908	1602	0	16020	720	0	1062	10780	0	424	0	13494	3024	0	0	7306	1098	0	0	0	0	24390	1496	6440	1654	0	1746	0	0	162	0	0	0	0	0	0	0	0	0	0	0	0	0	0	0	0	0	236	0	0	0	0	0	0	0	0	0	0	0	0	0	0	0	4658	818	3338	424	0	0	176	0	0	0	140	0	428	0	0	0	0	0	212	0	0	0	0	0	0	0	0	0	0	0	0	0	0	0	0	0	0	0	0	0	0	0	0	0	0	0	
329020	Frontal_Inf_Tri_R	380	528	3078	16000	0	1050	2642	34210	0	170	1440	25336	1062	0	0	4442	520	556	2934	4598	0	0	368	6588	0	716	0	0	718	19922	272	10030	0	3596	0	0	0	296	0	0	0	0	0	0	0	0	0	122	0	0	0	0	0	0	0	0	0	0	0	0	0	0	0	0	0	0	0	126	0	0	5004	13500	0	3720	0	0	0	0	0	0	0	0	0	0	0	0	0	0	0	586	0	0	0	0	0	0	0	0	0	0	0	0	0	0	0	0	0	0	0	0	0	0	0	0	0	0	
134064	Frontal_Inf_Orb_L	0	0	4554	0	15194	0	2648	0	10304	0	628	0	10780	0	0	0	0	0	404	0	1008	0	1198	0	0	0	904	0	9254	0	1112	0	0	0	0	0	0	0	250	0	132	0	0	0	0	0	0	0	0	0	0	0	0	0	0	0	0	0	0	0	0	0	0	0	0	0	0	0	0	0	378	0	6918	0	0	0	0	0	0	0	0	0	1366	0	0	0	0	0	0	0	0	0	0	0	0	0	0	0	0	0	0	0	0	0	0	0	0	0	0	0	0	0	0	0	0	0	
57508	Frontal_Inf_Orb_R	0	0	0	4222	0	5738	0	1622	0	3136	0	398	0	4442	0	0	0	0	0	0	0	256	0	1028	0	428	0	422	0	3588	0	1570	0	0	0	0	0	0	0	0	0	0	0	0	0	0	0	0	0	0	0	0	0	0	0	0	0	0	0	0	0	0	0	0	0	0	0	0	0	0	196	1058	0	650	0	0	0	0	0	0	0	0	0	0	0	0	0	0	0	0	0	0	0	0	0	0	0	0	0	0	0	0	0	0	0	0	0	0	0	0	0	0	0	0	0	0	
266092	Rolandic_Oper_L	13474	426	8086	526	148	0	17020	444	0	0	11756	566	424	520	0	0	0	0	3182	978	0	0	898	0	0	0	0	0	28562	280	670	0	0	172	0	0	672	0	0	0	0	0	118	0	0	0	172	0	0	0	1074	0	0	0	1118	0	7822	0	112	0	510	0	1114	0	354	0	178	0	156	0	3512	1770	2220	188	558	0	3298	256	5234	0	9276	0	2824	0	1086	0	0	0	1292	0	0	0	0	0	0	0	0	0	0	0	0	0	0	0	0	0	0	0	0	0	0	0	0	0	0	0	
86036	Rolandic_Oper_R	142	854	636	2666	0	104	0	1520	0	0	0	3578	0	556	0	0	0	0	594	1862	0	0	0	148	0	0	0	0	108	8932	0	160	0	0	0	0	0	0	0	0	0	0	0	0	0	0	0	0	0	0	0	0	0	0	0	0	222	2486	0	0	0	0	0	2750	0	0	0	0	0	0	880	3246	0	3890	130	1274	0	600	0	666	0	3316	0	558	0	102	0	0	0	1038	0	0	0	0	0	0	0	0	0	0	0	0	0	0	0	0	0	0	0	0	0	0	0	0	0	0	
787272	Supp_Motor_Area_L	6594	702	99910	30940	496	0	31724	5418	0	0	6680	2754	13494	2934	404	0	3182	594	0	56676	0	0	9674	7292	0	0	0	0	9656	1618	6384	9988	11482	25608	1654	0	1430	0	0	0	0	0	0	0	0	112	0	0	0	112	0	0	0	0	1954	0	1252	0	0	0	0	0	0	0	0	0	106	144	7660	1928	6222	4584	11500	1012	3486	0	1010	1804	456	0	1032	0	312	0	0	0	0	0	1662	0	0	0	0	0	0	0	0	0	0	0	0	0	0	0	0	0	0	0	0	0	0	0	0	0	0	0	
817780	Supp_Motor_Area_R	16360	5762	40768	58394	0	678	12976	5538	0	0	480	3446	3024	4598	0	0	978	1862	56676	0	0	0	4842	11154	0	568	0	0	2166	2102	2594	14952	4338	59484	2186	8554	0	548	0	0	0	0	0	786	0	2584	0	656	0	3560	0	1724	0	0	106	0	1880	3014	0	0	0	0	0	132	0	250	140	7148	15282	30228	1796	6770	554	3024	424	472	892	0	0	0	136	534	0	0	0	418	0	0	0	1352	0	0	0	0	0	0	0	0	0	0	0	0	0	0	0	0	0	0	0	0	0	0	0	0	0	0	
96780	Olfactory_L	0	0	0	0	1682	194	0	0	170	0	0	0	0	0	1008	0	0	0	0	0	0	8452	0	120	178	910	5722	3096	1718	0	4910	4942	0	0	0	0	0	0	766	0	494	0	0	0	0	0	0	0	0	0	0	0	0	0	0	0	0	0	0	0	0	0	0	0	0	0	0	0	0	0	7142	4116	1696	416	0	0	0	0	0	0	0	0	658	0	0	0	0	0	0	0	0	0	0	0	0	0	0	0	0	0	0	0	0	0	0	0	0	0	0	0	0	0	0	0	0	0	
102976	Olfactory_R	0	0	0	0	720	1440	0	0	0	0	0	0	0	0	0	256	0	0	0	0	8452	0	106	258	0	2354	4692	5880	0	1656	4788	6298	0	0	0	0	0	0	0	0	0	690	0	0	0	0	0	0	0	0	0	0	0	0	0	0	0	0	0	0	0	0	0	0	0	0	0	0	0	0	6614	4960	1670	654	0	0	0	0	0	0	0	0	0	0	0	0	0	0	0	0	0	0	0	0	0	0	0	0	0	0	0	0	0	0	0	0	0	0	0	0	0	0	0	0	0	0	
376304	Frontal_Sup_Medial_L	262	0	38772	12412	3464	378	7312	662	0	0	3392	112	7306	368	1198	0	898	0	9674	4842	0	106	0	18532	406	1158	228	224	11048	286	20620	16346	4650	14604	0	0	0	0	0	0	0	0	0	0	0	0	0	0	0	0	0	0	0	0	206	0	0	0	0	0	0	0	0	0	0	0	0	0	0	0	1360	256	5212	186	0	0	0	0	0	0	566	0	904	0	0	0	0	0	202	0	0	0	0	0	0	0	0	0	0	0	0	0	0	0	0	0	0	0	0	0	0	0	0	0	0	0	
427152	Frontal_Sup_Medial_R	0	0	8096	42068	0	6972	2928	6260	0	0	154	1762	1098	6588	0	1028	0	148	7292	11154	120	258	18532	0	180	7436	0	576	484	7356	2808	40118	1060	21998	0	0	0	0	0	0	0	0	0	0	0	0	0	0	0	0	0	0	0	0	0	0	0	0	0	0	0	0	0	0	0	0	0	0	0	0	626	10250	120	5400	0	0	0	706	0	0	0	0	0	0	0	0	0	0	0	0	0	0	0	0	0	0	0	0	0	0	0	0	0	0	0	0	0	0	0	0	0	0	0	0	0	0	
10992	Frontal_Med_Orb_L	0	0	260	0	1230	0	0	0	0	0	0	0	0	0	0	0	0	0	0	0	178	0	406	180	0	216	1042	0	0	0	1480	358	0	0	0	0	0	0	0	0	0	0	0	0	0	0	0	0	0	0	0	0	0	0	0	0	0	0	0	0	0	0	0	0	0	0	0	0	0	0	0	146	0	0	0	0	0	0	0	0	0	0	0	0	0	0	0	0	0	0	0	0	0	0	0	0	0	0	0	0	0	0	0	0	0	0	0	0	0	0	0	0	0	0	0	0	
122936	Frontal_Med_Orb_R	0	0	0	3876	0	10426	0	1090	0	0	0	422	0	716	0	428	0	0	0	568	910	2354	1158	7436	216	0	646	6128	0	1326	1312	9624	0	0	0	0	0	0	0	0	0	0	0	0	0	0	0	0	0	0	0	0	0	0	0	0	0	0	0	0	0	0	0	0	0	0	0	0	0	0	802	5238	0	6292	0	0	0	500	0	0	0	0	0	0	0	0	0	0	0	0	0	0	0	0	0	0	0	0	0	0	0	0	0	0	0	0	0	0	0	0	0	0	0	0	0	0	
81612	Rectus_L	0	0	0	0	6484	0	0	0	2774	0	0	0	0	0	904	0	0	0	0	0	5722	4692	228	0	1042	646	0	2278	128	0	5168	3524	0	0	0	0	0	0	0	0	0	0	0	0	0	0	0	0	0	0	0	0	0	0	0	0	0	0	0	0	0	0	0	0	0	0	0	0	0	0	3508	2622	768	318	0	0	0	0	0	0	0	0	0	0	0	0	0	0	0	0	0	0	0	0	0	0	0	0	0	0	0	0	0	0	0	0	0	0	0	0	0	0	0	0	0	0	
78960	Rectus_R	0	0	0	178	358	5340	0	0	0	0	0	0	0	0	0	422	0	0	0	0	3096	5880	224	576	0	6128	2278	0	0	796	1670	5040	0	0	0	0	0	0	0	0	0	0	0	0	0	0	0	0	0	0	0	0	0	0	0	0	0	0	0	0	0	0	0	0	0	0	0	0	0	0	2104	4052	196	1142	0	0	0	0	0	0	0	0	0	0	0	0	0	0	0	0	0	0	0	0	0	0	0	0	0	0	0	0	0	0	0	0	0	0	0	0	0	0	0	0	0	0	
672688	Insula_L	15990	1872	26608	1280	11298	0	31636	892	1568	0	16262	716	24390	718	9254	0	28562	108	9656	2166	1718	0	11048	484	0	0	128	0	0	572	8242	594	0	680	714	0	11892	0	1700	0	2268	0	170	0	0	0	2214	0	0	0	970	0	286	0	18286	0	6584	0	110	0	384	0	204	0	242	0	1162	0	210	0	5106	1762	21302	464	862	0	4720	426	9360	0	13180	0	5388	0	2326	0	0	0	17038	0	0	0	0	0	0	0	328	0	244	0	0	0	0	0	0	0	0	0	0	0	0	0	0	0	0	0	
395140	Insula_R	320	3168	1758	11490	0	3330	616	14682	0	180	1308	15378	1496	19922	0	3588	280	8932	1618	2102	0	1656	286	7356	0	1326	0	796	572	0	332	10034	0	1140	0	296	0	10464	0	500	0	1848	0	838	0	0	0	1428	0	0	0	0	0	0	0	4226	132	390	0	0	0	0	0	138	0	0	0	1604	0	176	3578	16630	174	26618	0	360	0	284	0	1368	0	2358	0	578	0	556	0	0	0	9360	0	0	0	0	0	0	0	0	0	0	0	0	0	0	0	0	0	0	0	0	0	0	0	0	0	0	
263928	Cingulum_Ant_L	218	0	13984	2620	2884	174	2334	164	0	0	2648	178	6440	272	1112	0	670	0	6384	2594	4910	4788	20620	2808	1480	1312	5168	1670	8242	332	0	13494	3064	3378	0	0	0	0	0	0	0	0	0	0	0	0	0	0	0	0	0	0	0	0	146	0	0	0	0	0	0	0	0	0	0	0	0	0	0	0	5378	3592	6798	864	0	0	0	0	0	0	420	0	678	0	0	0	0	0	146	0	0	0	0	0	0	0	0	0	0	0	0	0	0	0	0	0	0	0	0	0	0	0	0	0	0	0	
573640	Cingulum_Ant_R	0	124	8722	36654	828	5648	3102	6172	0	0	296	2670	1654	10030	0	1570	0	160	9988	14952	4942	6298	16346	40118	358	9624	3524	5040	594	10034	13494	0	2800	28648	0	0	0	0	0	0	0	0	0	0	0	0	0	0	0	0	0	0	0	0	0	0	0	0	0	0	0	0	0	0	0	0	0	0	0	0	4508	24842	768	10990	0	0	0	1322	0	0	0	0	0	0	0	0	0	0	0	0	0	0	0	0	0	0	0	0	0	0	0	0	0	0	0	0	0	0	0	0	0	0	0	0	0	0	
121484	Cingulum_Mid_L	1408	0	5828	1018	0	0	804	0	0	0	0	0	0	0	0	0	0	0	11482	4338	0	0	4650	1060	0	0	0	0	0	0	3064	2800	0	12058	2254	542	0	0	0	0	0	0	180	0	536	0	0	0	290	0	688	0	0	0	0	0	0	0	218	0	0	0	0	0	0	0	1972	1168	3404	980	0	0	0	0	0	0	0	0	0	0	0	0	0	0	0	0	0	0	0	0	0	0	0	0	0	0	0	0	0	0	0	0	0	0	0	0	0	0	0	0	0	0	0	0	0	0	
606580	Cingulum_Mid_R	10468	1010	16072	29102	0	0	4480	4360	0	0	234	1668	1746	3596	0	0	172	0	25608	59484	0	0	14604	21998	0	0	0	0	680	1140	3378	28648	12058	0	2084	8986	0	0	0	0	0	0	0	848	0	2014	0	1178	0	2696	0	1282	0	0	0	0	186	1162	0	0	0	0	0	0	0	308	516	9164	11922	18952	226	100	0	640	0	0	246	0	0	0	0	0	0	0	0	112	0	0	0	162	0	0	0	0	0	0	0	0	0	0	0	0	0	0	0	0	0	0	0	0	0	0	0	0	0	0	
105676	Cingulum_Post_L	3544	198	502	0	0	0	186	0	0	0	0	0	0	0	0	0	0	0	1654	2186	0	0	0	0	0	0	0	0	714	0	0	0	2254	2084	0	7804	3248	2098	2344	1092	0	0	902	0	226	0	1002	652	0	0	118	0	0	0	3024	0	0	0	0	0	0	0	0	0	0	0	3502	728	5740	1774	0	0	0	0	0	0	412	596	0	0	1624	0	0	0	148	0	0	0	2482	0	0	0	0	0	0	0	0	0	0	0	0	0	0	0	0	0	0	0	0	0	0	0	0	0	0	0	
150292	Cingulum_Post_R	394	556	0	0	0	0	0	0	0	0	0	0	0	0	0	0	0	0	0	8554	0	0	0	0	0	0	0	0	0	296	0	0	542	8986	7804	0	2868	4530	2310	2462	0	0	0	1332	0	628	278	2888	0	1212	0	640	0	168	0	704	0	1270	0	0	0	0	0	0	0	116	612	10102	992	9008	0	0	0	266	0	0	816	1254	0	0	0	0	0	0	0	290	0	0	0	2496	0	0	0	0	0	0	0	264	0	0	0	0	0	0	0	0	0	0	0	0	508	0	0	0	0	0	
200652	Hippocampus_L	2034	688	2386	208	0	0	2918	106	0	0	296	0	162	0	0	0	672	0	1430	0	0	0	0	0	0	0	0	0	11892	0	0	0	0	0	3248	2868	0	3146	10958	1666	8536	0	132	0	0	0	2128	1850	0	0	0	0	0	0	13196	274	546	0	0	0	0	0	0	0	0	0	810	204	0	0	0	0	5600	168	596	0	3352	2076	350	0	2026	0	1974	0	422	0	0	0	10106	0	0	0	0	0	0	0	802	114	386	0	0	0	0	0	0	0	0	0	0	0	0	0	0	0	0	0	
261452	Hippocampus_R	128	3850	0	738	0	0	0	688	0	0	0	286	0	296	0	0	0	0	0	548	0	0	0	0	0	0	0	0	0	10464	0	0	0	0	2098	4530	3146	0	2418	20082	0	10908	0	1176	0	0	436	7088	0	0	0	0	0	174	0	19790	106	142	0	0	0	0	0	0	0	0	0	4658	0	250	0	0	0	11450	0	216	1962	7892	0	0	0	560	0	980	0	964	0	0	0	9550	0	0	0	0	120	0	190	1964	0	316	0	0	0	0	0	0	0	0	0	0	562	0	0	0	0	0	
78828	ParaHippocampal_L	280	0	108	0	0	0	116	0	0	0	0	0	0	0	250	0	0	0	0	0	766	0	0	0	0	0	0	0	1700	0	0	0	0	0	2344	2310	10958	2418	0	1142	2290	0	0	0	0	0	1750	1812	0	0	0	0	0	0	3458	0	100	0	0	0	0	0	0	0	0	0	230	114	0	0	0	0	1192	0	260	0	1494	1162	0	0	106	0	802	0	0	0	252	0	988	0	0	0	0	0	350	0	544	0	0	0	0	0	0	0	0	0	0	0	0	118	0	0	0	0	0	0	
126788	ParaHippocampal_R	0	936	0	112	0	0	0	0	0	0	0	0	0	0	0	0	0	0	0	0	0	0	0	0	0	0	0	0	0	500	0	0	0	0	1092	2462	1666	20082	1142	0	0	5344	0	180	0	0	210	4932	0	0	0	0	0	210	0	10850	0	0	0	0	0	0	0	0	0	0	0	2060	0	0	0	0	0	674	0	192	1096	5492	0	0	0	246	0	428	0	304	0	0	0	854	0	0	0	0	0	0	0	1710	0	166	0	0	0	0	0	0	0	0	0	0	454	0	0	0	0	0	
40396	Amygdala_L	0	0	0	0	150	0	0	0	0	0	0	0	0	0	132	0	0	0	0	0	494	0	0	0	0	0	0	0	2268	0	0	0	0	0	0	0	8536	0	2290	0	0	0	0	0	0	0	0	324	0	0	0	0	0	0	3152	0	0	0	0	0	0	0	0	0	0	0	0	0	0	0	0	0	220	0	0	0	212	0	0	0	0	0	858	0	0	0	0	0	1562	0	0	0	0	0	0	0	0	0	0	0	0	0	0	0	0	0	0	0	0	0	0	0	0	0	0	0	
54080	Amygdala_R	0	0	0	0	0	0	0	0	0	0	0	0	0	0	0	0	0	0	0	0	0	690	0	0	0	0	0	0	0	1848	0	0	0	0	0	0	0	10908	0	5344	0	0	0	0	0	0	0	0	0	0	0	0	0	0	0	5096	0	0	0	0	0	0	0	0	0	0	0	0	0	0	0	0	0	628	0	0	0	0	0	0	0	0	0	1448	0	0	0	0	0	1078	0	0	0	0	0	0	0	0	0	0	0	0	0	0	0	0	0	0	0	0	0	0	0	0	0	0	
188008	Calcarine_L	712	0	0	0	0	0	0	0	0	0	0	0	0	0	0	0	118	0	0	0	0	0	0	0	0	0	0	0	170	0	0	0	180	0	902	0	132	0	0	0	0	0	0	1928	12346	1356	9144	1246	8698	392	23796	0	3302	0	2306	260	734	0	212	0	0	0	0	0	690	0	12622	182	1996	0	0	0	0	0	0	0	0	0	0	0	160	0	0	0	4230	0	0	0	1810	0	234	554	0	0	0	0	534	632	376	724	0	0	0	0	0	0	0	0	0	0	1326	0	0	0	0	0	
280932	Calcarine_R	0	1112	0	0	0	0	0	120	0	0	0	0	0	0	0	0	0	0	0	786	0	0	0	0	0	0	0	0	0	838	0	0	0	848	0	1332	0	1176	0	180	0	0	1928	0	1712	18578	118	24262	0	17846	0	13130	0	4640	0	4050	0	2780	0	1802	0	136	0	120	0	0	546	21204	0	2832	0	0	0	980	0	0	0	0	0	0	0	0	0	0	0	7408	0	0	0	10002	0	0	0	0	0	0	0	0	0	0	0	0	0	0	0	0	0	0	0	0	0	0	0	0	0	0	
108772	Cuneus_L	102	0	0	0	0	0	0	0	0	0	0	0	0	0	0	0	0	0	0	0	0	0	0	0	0	0	0	0	0	0	0	0	536	0	226	0	0	0	0	0	0	0	12346	1712	0	3900	1038	288	9282	1244	8436	0	126	0	790	0	238	0	320	0	0	0	0	0	412	0	8964	470	1520	0	0	0	0	0	0	0	0	0	0	0	168	0	0	0	1454	0	0	0	814	0	0	0	0	0	0	0	0	0	0	0	0	0	0	0	0	0	0	0	0	0	0	0	0	0	0	0	
250648	Cuneus_R	146	1102	136	0	0	0	104	0	0	0	0	0	0	0	0	0	0	0	112	2584	0	0	0	0	0	0	0	0	0	0	0	0	0	2014	0	628	0	0	0	0	0	0	1356	18578	3900	0	0	4242	0	32268	0	13822	0	510	0	454	0	2354	0	3418	0	220	0	254	0	994	2552	24056	174	5376	0	0	0	0	0	0	0	0	0	0	0	0	0	0	0	3026	0	0	0	944	0	0	0	0	0	0	0	0	0	0	0	0	0	0	0	0	0	0	0	0	0	0	0	0	0	0	
320160	Lingual_L	254	0	210	0	0	0	280	0	0	0	0	0	0	0	0	0	172	0	0	0	0	0	0	0	0	0	0	0	2214	0	0	0	0	0	1002	278	2128	436	1750	210	0	0	9144	118	1038	0	0	3526	3662	0	9764	0	4726	0	22182	1560	102	0	0	0	0	0	0	0	0	0	4078	0	276	0	0	0	104	0	0	0	242	186	0	0	760	0	0	0	542	0	0	0	2526	0	17168	4122	2954	772	222	0	16376	3658	24132	4870	122	0	0	0	0	0	0	0	0	106	8044	2866	986	0	0	212	
414252	Lingual_R	0	1408	0	100	0	0	0	186	0	0	0	0	0	122	0	0	0	0	0	656	0	0	0	0	0	0	0	0	0	1428	0	0	0	1178	652	2888	1850	7088	1812	4932	324	0	1246	24262	288	4242	3526	0	0	5866	0	4876	108	4270	964	21980	0	2596	0	458	0	0	0	0	0	0	184	22166	0	3190	0	0	166	1462	0	0	482	2812	0	0	0	0	0	0	0	3682	0	0	136	10010	1446	12480	628	1182	0	574	2586	6852	3496	14658	0	0	0	608	0	368	0	0	0	312	6904	8096	2612	328	400	0	
135376	Occipital_Sup_L	0	0	0	0	0	0	0	0	0	0	0	0	0	0	0	0	0	0	0	0	0	0	0	0	0	0	0	0	0	0	0	0	290	0	0	0	0	0	0	0	0	0	8698	0	9282	0	3662	0	0	0	23718	0	698	0	324	0	0	0	8328	0	0	0	0	0	632	0	10528	106	134	0	0	0	0	0	0	0	0	0	0	0	0	0	0	0	1288	0	0	0	0	0	0	0	0	0	0	0	0	0	0	0	0	0	0	0	0	0	0	0	0	0	0	0	0	0	0	0	
295448	Occipital_Sup_R	154	3070	140	0	0	0	106	776	0	0	0	326	0	0	0	0	0	0	112	3560	0	0	0	0	0	0	0	0	0	0	0	0	0	2696	0	1212	0	0	0	0	0	0	392	17846	1244	32268	0	5866	0	0	0	23272	0	1756	0	1218	0	4626	0	5720	0	856	0	428	0	4826	412	20962	192	8312	0	0	0	0	0	0	0	0	0	0	0	674	0	0	0	3442	0	0	0	1260	0	0	0	0	0	0	0	0	0	0	0	0	0	0	0	0	0	0	0	0	0	0	0	0	0	0	
379836	Occipital_Mid_L	5040	0	0	0	0	0	168	0	0	0	0	0	0	0	0	0	1074	0	0	0	0	0	0	0	0	0	0	0	970	0	0	0	688	0	118	0	0	0	0	0	0	0	23796	0	8436	0	9764	0	23718	0	0	0	12416	0	7250	0	9424	0	11790	0	15174	0	1016	0	13940	0	16616	0	3280	0	0	0	0	0	0	0	0	0	144	0	1264	0	0	0	17594	0	0	0	6238	0	0	0	0	0	0	0	0	0	0	0	0	0	0	0	0	0	0	0	0	0	0	0	0	0	0	0	
280748	Occipital_Mid_R	0	1574	0	0	0	0	0	0	0	0	0	0	0	0	0	0	0	0	0	1724	0	0	0	0	0	0	0	0	0	0	0	0	0	1282	0	640	0	0	0	0	0	0	0	13130	0	13822	0	4876	0	23272	0	0	0	4510	0	2516	0	1990	0	3086	0	6716	0	1098	0	18928	0	12182	0	3910	0	0	0	0	0	0	0	0	0	0	0	1094	0	0	0	16964	0	0	0	7060	0	0	0	0	0	0	0	0	0	0	0	0	0	0	0	0	0	0	0	0	0	0	0	0	0	0	
77360	Occipital_Inf_L	168	0	0	0	0	0	0	0	0	0	0	0	0	0	0	0	0	0	0	0	0	0	0	0	0	0	0	0	286	0	0	0	0	0	0	0	0	0	0	0	0	0	3302	0	126	0	4726	108	698	0	12416	0	0	0	6964	0	112	0	0	0	0	0	0	0	0	0	1018	0	0	0	0	0	0	0	0	0	0	0	0	0	162	0	0	0	2322	0	0	0	5126	0	444	0	0	0	0	0	0	0	464	0	0	0	0	0	0	0	0	0	0	0	112	126	0	0	0	0	
68700	Occipital_Inf_R	0	0	0	0	0	0	0	0	0	0	0	0	0	0	0	0	0	0	0	0	0	0	0	0	0	0	0	0	0	0	0	0	0	0	0	168	0	174	0	210	0	0	0	4640	0	510	0	4270	0	1756	0	4510	0	0	0	4848	0	0	0	0	0	0	0	0	0	0	0	1150	0	0	0	0	0	0	0	0	0	0	0	0	0	0	0	0	0	3790	0	0	0	7784	0	236	0	0	0	0	0	0	0	126	0	0	0	0	0	0	0	0	0	0	0	178	0	0	0	0	
563956	Fusiform_L	6066	598	3436	114	0	0	3064	176	0	0	318	0	236	0	0	0	1118	0	1954	106	0	0	206	0	0	0	0	0	18286	0	146	0	0	0	3024	0	13196	0	3458	0	3152	0	2306	0	790	0	22182	964	324	0	7250	0	6964	0	0	512	2460	0	0	0	320	0	1098	0	0	0	6126	0	2100	0	0	0	3652	0	0	0	224	0	3982	0	14476	0	1882	0	6078	0	862	0	43042	0	31592	1108	4298	330	292	0	13446	498	35712	1254	1488	0	1216	0	106	0	0	0	0	0	2250	1574	322	0	0	244	
361808	Fusiform_R	0	626	0	108	0	0	0	0	0	0	0	0	0	0	0	0	0	0	0	0	0	0	0	0	0	0	0	0	0	4226	0	0	0	0	0	704	274	19790	0	10850	0	5096	260	4050	0	454	1560	21980	0	1218	0	2516	0	4848	512	0	0	0	0	0	0	0	0	0	0	0	0	4308	0	0	0	0	0	964	0	0	418	1240	0	0	0	614	0	2486	0	4018	0	262	0	14370	454	22948	142	1234	0	416	1194	9180	1714	24212	0	0	0	1116	0	0	0	0	0	228	5192	4258	864	0	0	0	
328580	Postcentral_L	37568	2482	4128	1146	0	0	4248	570	0	0	3152	0	0	0	0	0	7822	222	1252	1880	0	0	0	0	0	0	0	0	6584	132	0	0	0	186	0	0	546	106	100	0	0	0	734	0	238	0	102	0	0	0	9424	0	112	0	2460	0	0	234	11150	0	26374	0	11740	0	1954	0	3078	0	4094	290	454	738	1518	1268	496	396	1040	0	3942	0	3664	0	214	0	3326	0	0	0	3126	0	0	0	0	0	0	0	0	0	0	0	0	0	0	0	0	0	0	0	0	0	0	0	0	0	0	0	
184864	Postcentral_R	0	19856	0	1072	0	0	0	1930	0	0	0	1254	0	0	0	0	0	2486	0	3014	0	0	0	0	0	0	0	0	0	390	0	0	0	1162	0	1270	0	142	0	0	0	0	0	2780	0	2354	0	2596	0	4626	0	1990	0	0	0	0	234	0	0	6352	0	5260	0	6616	0	2376	0	10460	0	9714	0	0	0	264	132	0	0	206	0	178	0	1818	0	0	0	578	0	0	0	1322	0	0	0	0	0	0	0	0	0	0	0	0	0	0	0	0	0	0	0	0	0	0	0	0	0	0	
122464	Parietal_Sup_L	474	0	0	0	0	0	0	0	0	0	0	0	0	0	0	0	112	0	0	0	0	0	0	0	0	0	0	0	110	0	0	0	218	0	0	0	0	0	0	0	0	0	212	0	320	0	0	0	8328	0	11790	0	0	0	0	0	11150	0	0	0	14370	0	142	0	1138	0	11392	140	1180	0	0	0	0	0	0	0	0	0	0	0	156	0	0	0	0	0	0	0	0	0	0	0	0	0	0	0	0	0	0	0	0	0	0	0	0	0	0	0	0	0	0	0	0	0	0	0	
89312	Parietal_Sup_R	0	1534	0	0	0	0	0	152	0	0	0	0	0	0	0	0	0	0	0	0	0	0	0	0	0	0	0	0	0	0	0	0	0	0	0	0	0	0	0	0	0	0	0	1802	0	3418	0	458	0	5720	0	3086	0	0	0	0	0	6352	0	0	0	8346	0	972	0	4302	1208	4792	0	486	0	0	0	0	0	0	0	0	0	0	0	1224	0	0	0	804	0	0	0	0	0	0	0	0	0	0	0	0	0	0	0	0	0	0	0	0	0	0	0	0	0	0	0	0	0	0	
202560	Parietal_Inf_L	4458	582	0	0	0	0	178	120	0	0	0	0	0	0	0	0	510	0	0	0	0	0	0	0	0	0	0	0	384	0	0	0	0	0	0	0	0	0	0	0	0	0	0	0	0	0	0	0	0	0	15174	0	0	0	320	0	26374	0	14370	0	0	0	12256	0	15026	0	1092	0	676	0	0	0	0	0	0	0	0	0	0	0	1812	0	0	0	6598	0	0	0	1350	0	0	0	0	0	0	0	0	0	0	0	0	0	0	0	0	0	0	0	0	0	0	0	0	0	0	0	
93124	Parietal_Inf_R	0	3508	0	0	0	0	0	184	0	0	0	0	0	0	0	0	0	0	0	0	0	0	0	0	0	0	0	0	0	0	0	0	0	0	0	0	0	0	0	0	0	0	0	136	0	220	0	0	0	856	0	6716	0	0	0	0	0	5260	0	8346	0	0	0	7436	0	9786	0	346	0	202	0	0	0	0	0	0	0	0	0	0	0	2252	0	0	0	1168	0	0	0	146	0	0	0	0	0	0	0	0	0	0	0	0	0	0	0	0	0	0	0	0	0	0	0	0	0	0	
74604	SupraMarginal_L	1530	0	166	0	0	0	0	0	0	0	0	0	0	0	0	0	1114	0	0	0	0	0	0	0	0	0	0	0	204	0	0	0	0	0	0	0	0	0	0	0	0	0	0	0	0	0	0	0	0	0	1016	0	0	0	1098	0	11740	0	142	0	12256	0	0	0	1704	0	0	0	0	0	0	0	0	0	0	0	0	0	0	0	3688	0	0	0	1534	0	0	0	1110	0	0	0	0	0	0	0	0	0	0	0	0	0	0	0	0	0	0	0	0	0	0	0	0	0	0	0	
70480	SupraMarginal_R	0	2104	0	0	0	0	0	0	0	0	0	0	0	0	0	0	0	2750	0	132	0	0	0	0	0	0	0	0	0	138	0	0	0	0	0	0	0	0	0	0	0	0	0	120	0	254	0	0	0	428	0	1098	0	0	0	0	0	6616	0	972	0	7436	0	0	0	3658	0	384	0	290	0	0	0	0	0	0	0	172	0	552	0	6150	0	0	0	642	0	0	0	1344	0	0	0	0	0	0	0	0	0	0	0	0	0	0	0	0	0	0	0	0	0	0	0	0	0	0	
105244	Angular_L	864	0	0	0	0	0	112	0	0	0	0	0	0	0	0	0	354	0	0	0	0	0	0	0	0	0	0	0	242	0	0	0	0	0	0	0	0	0	0	0	0	0	690	0	412	0	0	0	632	0	13940	0	0	0	0	0	1954	0	1138	0	15026	0	1704	0	0	0	662	0	442	0	0	0	0	0	0	0	0	0	0	0	1818	0	0	0	11312	0	0	0	1320	0	0	0	0	0	0	0	0	0	0	0	0	0	0	0	0	0	0	0	0	0	0	0	0	0	0	0	
115308	Angular_R	0	2020	0	0	0	0	0	214	0	0	0	0	0	0	0	0	0	0	0	250	0	0	0	0	0	0	0	0	0	0	0	0	0	308	0	116	0	0	0	0	0	0	0	0	0	994	0	0	0	4826	0	18928	0	0	0	0	0	2376	0	4302	0	9786	0	3658	0	0	0	1624	0	896	0	0	0	0	0	0	0	0	0	0	0	1678	0	0	0	5678	0	0	0	0	0	0	0	0	0	0	0	0	0	0	0	0	0	0	0	0	0	0	0	0	0	0	0	0	0	0	
222036	Precuneus_L	974	0	180	0	0	0	180	0	0	0	0	0	0	0	0	0	178	0	106	140	0	0	0	0	0	0	0	0	1162	0	0	0	1972	516	3502	612	810	0	230	0	0	0	12622	546	8964	2552	4078	184	10528	412	16616	0	1018	0	6126	0	3078	0	11392	1208	1092	0	0	0	662	0	0	5876	3506	106	0	0	106	0	0	0	0	0	106	0	1924	0	0	0	3380	0	0	0	4374	0	0	0	0	0	0	0	0	0	0	0	0	0	0	0	0	0	0	0	0	0	0	0	0	0	0	0	
417064	Precuneus_R	232	3780	194	0	0	0	116	280	0	0	0	122	0	126	0	0	0	0	144	7148	0	0	0	0	0	0	0	0	0	1604	0	0	1168	9164	728	10102	204	4658	114	2060	0	0	182	21204	470	24056	0	22166	106	20962	0	12182	0	1150	0	4308	0	10460	140	4792	0	346	0	384	0	1624	5876	0	450	19096	0	0	0	1624	0	0	0	760	0	0	0	416	0	0	0	4204	0	0	0	8398	0	0	0	0	0	0	0	494	0	0	0	0	0	0	0	0	0	0	0	0	738	0	0	0	0	0	
215464	Paracentral_Lobule_L	20342	1380	3196	412	0	0	348	0	0	0	0	0	0	0	0	0	156	0	7660	15282	0	0	0	0	0	0	0	0	210	0	0	0	3404	11922	5740	992	0	0	0	0	0	0	1996	0	1520	174	276	0	134	192	3280	0	0	0	2100	0	4094	0	1180	0	676	0	0	0	442	0	3506	450	0	9558	0	108	0	0	0	0	0	0	0	0	1182	0	0	0	3124	0	0	0	2696	0	0	0	0	0	0	0	0	0	0	0	0	0	0	0	0	0	0	0	0	0	0	0	0	0	0	0	
292268	Paracentral_Lobule_R	6390	7750	582	376	0	0	414	0	0	0	0	0	0	0	0	0	0	0	1928	30228	0	0	0	0	0	0	0	0	0	176	0	0	980	18952	1774	9008	0	250	0	0	0	0	0	2832	0	5376	0	3190	0	8312	0	3910	0	0	0	0	290	9714	0	486	0	202	0	290	0	896	106	19096	9558	0	0	0	0	158	0	0	0	0	0	0	0	804	0	0	0	736	0	0	0	1370	0	0	0	0	0	0	0	0	0	0	0	0	0	0	0	0	0	0	0	0	0	0	0	0	0	0	
273288	Caudate_L	2298	1048	8536	4004	1242	284	5168	6098	0	0	5632	4628	4658	5004	378	196	3512	880	6222	1796	7142	6614	1360	626	0	802	3508	2104	5106	3578	5378	4508	0	226	0	0	0	0	0	0	0	0	0	0	0	0	0	0	0	0	0	0	0	0	0	0	454	0	0	0	0	0	0	0	0	0	0	0	0	0	0	13834	8272	1428	1654	0	6610	964	0	0	506	0	386	0	0	0	0	0	0	0	0	0	0	0	0	0	0	0	0	0	0	0	0	0	0	0	0	0	0	0	0	0	0	0	0	0	
460052	Caudate_R	2074	5266	5518	14646	772	4604	5366	8840	0	0	3074	13130	818	13500	0	1058	1770	3246	4584	6770	4116	4960	256	10250	146	5238	2622	4052	1762	16630	3592	24842	0	100	0	0	0	0	0	0	0	0	0	0	0	0	0	0	0	0	0	0	0	0	0	0	738	0	0	0	0	0	0	0	0	0	0	0	108	0	13834	0	1474	19228	516	1442	974	17942	0	0	168	0	0	0	0	0	0	0	0	0	0	0	0	0	0	0	0	0	0	0	0	0	0	0	0	0	0	0	0	0	0	0	0	0	0	0	
296544	Putamen_L	3126	1380	17034	564	9252	0	9070	536	2140	0	1164	0	3338	0	6918	0	2220	0	11500	554	1696	1670	5212	120	0	0	768	196	21302	174	6798	768	0	0	0	0	5600	0	1192	0	220	0	0	0	0	0	104	166	0	0	0	0	0	0	3652	0	1518	0	0	0	0	0	0	0	0	0	106	0	0	0	8272	1474	0	722	9438	148	1848	134	1442	0	902	0	540	0	0	0	0	0	3294	0	0	0	0	0	0	0	0	0	0	0	0	0	0	0	0	0	0	0	0	0	0	0	0	0	0	0	
335068	Putamen_R	1042	4152	1152	11706	158	6732	548	12300	0	0	344	4326	424	3720	0	650	188	3890	1012	3024	416	654	186	5400	0	6292	318	1142	464	26618	864	10990	0	640	0	266	168	11450	0	674	0	628	0	980	0	0	0	1462	0	0	0	0	0	0	0	964	1268	264	0	0	0	0	0	0	0	0	0	1624	0	158	1428	19228	722	0	616	3856	370	5718	0	490	0	360	0	114	0	0	0	0	0	5374	0	0	0	0	0	0	0	0	0	0	0	0	0	0	0	0	0	0	0	0	0	0	0	0	0	0	
68048	Pallidum_L	1206	756	6124	396	0	0	3378	226	0	0	138	0	0	0	0	0	558	130	3486	424	0	0	0	0	0	0	0	0	862	0	0	0	0	0	0	0	596	0	260	0	0	0	0	0	0	0	0	0	0	0	0	0	0	0	0	0	496	132	0	0	0	0	0	0	0	0	0	0	0	0	1654	516	9438	616	0	342	2290	0	0	0	0	0	0	0	0	0	0	0	0	0	0	0	0	0	0	0	0	0	0	0	0	0	0	0	0	0	0	0	0	0	0	0	0	0	0	0	
20968	Pallidum_R	174	284	0	510	0	0	0	364	0	0	0	170	0	0	0	0	0	1274	0	472	0	0	0	0	0	0	0	0	0	360	0	0	0	0	0	0	0	216	0	192	0	0	0	0	0	0	0	0	0	0	0	0	0	0	0	0	396	0	0	0	0	0	0	0	0	0	0	0	0	0	0	1442	148	3856	342	0	182	0	0	0	0	102	0	0	0	0	0	0	0	0	0	0	0	0	0	0	0	0	0	0	0	0	0	0	0	0	0	0	0	0	0	0	0	0	0	0	
117852	Thalamus_L	5674	1910	2822	1224	0	0	7558	0	0	0	580	0	176	0	0	0	3298	0	1010	892	0	0	0	0	0	0	0	0	4720	0	0	0	0	246	412	816	3352	1962	1494	1096	212	0	0	0	0	0	242	482	0	0	0	0	0	0	224	418	1040	0	0	0	0	0	0	0	0	0	0	0	0	0	6610	974	1848	370	2290	182	0	4480	182	0	130	0	0	0	0	0	0	0	0	0	0	0	0	0	0	0	0	0	0	0	0	0	0	0	0	0	0	0	0	0	0	0	0	0	0	0	
171116	Thalamus_R	912	14492	1992	3394	0	510	2820	1070	0	0	0	116	0	0	0	0	256	600	1804	0	0	0	0	706	0	500	0	0	426	284	0	1322	0	0	596	1254	2076	7892	1162	5492	0	0	0	0	0	0	186	2812	0	0	0	0	0	0	0	1240	0	206	0	0	0	0	0	172	0	0	0	760	0	0	964	17942	134	5718	0	0	4480	0	0	0	0	0	0	0	0	0	0	0	0	198	0	0	0	0	0	0	0	852	0	0	0	0	0	0	0	0	0	0	0	0	218	0	0	0	0	0	
90368	Heschl_L	4142	416	1512	0	0	0	2796	0	0	0	648	0	0	0	0	0	5234	0	456	0	0	0	0	0	0	0	0	0	9360	0	0	0	0	0	0	0	350	0	0	0	0	0	0	0	0	0	0	0	0	0	144	0	0	0	3982	0	3942	0	0	0	0	0	0	0	0	0	106	0	0	0	0	0	1442	0	0	0	182	0	0	0	4812	0	246	0	1446	0	0	0	3968	0	0	0	0	0	0	0	0	0	0	0	0	0	0	0	0	0	0	0	0	0	0	0	0	0	0	0	
17524	Heschl_R	0	1048	0	0	0	0	0	218	0	0	0	110	0	0	0	0	0	666	0	0	0	0	0	0	0	0	0	0	0	1368	0	0	0	0	0	0	0	0	0	0	0	0	0	0	0	0	0	0	0	0	0	0	0	0	0	0	0	178	0	0	0	0	0	552	0	0	0	0	0	0	0	0	0	490	0	0	0	0	0	0	0	2212	0	144	0	314	0	0	0	1462	0	0	0	0	0	0	0	0	0	0	0	0	0	0	0	0	0	0	0	0	0	0	0	0	0	0	
255072	Temporal_Sup_L	5934	202	2286	106	0	0	3568	0	0	0	3590	0	140	0	0	0	9276	0	1032	136	0	0	566	0	0	0	0	0	13180	0	420	0	0	0	1624	0	2026	0	106	0	0	0	160	0	168	0	760	0	0	0	1264	0	162	0	14476	0	3664	0	156	0	1812	0	3688	0	1818	0	1924	0	1182	0	506	168	902	0	0	0	130	0	4812	0	0	0	5940	0	19944	0	0	0	19026	0	0	0	0	0	0	0	412	0	270	0	0	0	0	0	0	0	0	0	0	0	0	0	0	0	0	0	
87836	Temporal_Sup_R	0	2434	0	264	0	0	0	350	0	0	0	200	0	0	0	0	0	3316	0	534	0	0	0	0	0	0	0	0	0	2358	0	0	0	0	0	0	0	560	0	246	0	0	0	0	0	0	0	0	0	674	0	1094	0	0	0	614	0	1818	0	1224	0	2252	0	6150	0	1678	0	416	0	804	0	0	0	360	0	102	0	0	0	2212	0	0	0	1788	0	8224	0	100	0	4146	0	0	0	0	0	0	0	0	0	0	0	0	0	0	0	0	0	0	0	0	0	0	0	0	0	0	
76824	Temporal_Pole_Sup_L	136	0	738	0	412	0	236	0	0	0	2866	0	428	0	1366	0	2824	0	312	0	658	0	904	0	0	0	0	0	5388	0	678	0	0	0	0	0	1974	0	802	0	858	0	0	0	0	0	0	0	0	0	0	0	0	0	1882	0	214	0	0	0	0	0	0	0	0	0	0	0	0	0	386	0	540	0	0	0	0	0	246	0	5940	0	0	0	4358	0	1366	0	2900	0	0	0	0	0	0	0	0	0	0	0	0	0	0	0	0	0	0	0	0	0	0	0	0	0	0	0	
26356	Temporal_Pole_Sup_R	0	0	0	0	0	0	0	0	0	0	0	0	0	0	0	0	0	558	0	0	0	0	0	0	0	0	0	0	0	578	0	0	0	0	0	0	0	980	0	428	0	1448	0	0	0	0	0	0	0	0	0	0	0	0	0	2486	0	0	0	0	0	0	0	0	0	0	0	0	0	0	0	0	0	114	0	0	0	0	0	144	0	1788	0	0	0	822	0	1010	0	2822	0	0	0	0	0	0	0	0	0	0	0	0	0	0	0	0	0	0	0	0	0	0	0	0	0	0	
243116	Temporal_Mid_L	5238	0	236	0	0	0	304	0	0	0	0	0	0	0	0	0	1086	0	0	0	0	0	0	0	0	0	0	0	2326	0	0	0	0	0	148	0	422	0	0	0	0	0	4230	0	1454	0	542	0	1288	0	17594	0	2322	0	6078	0	3326	0	0	0	6598	0	1534	0	11312	0	3380	0	3124	0	0	0	0	0	0	0	0	0	1446	0	19944	0	4358	0	0	0	1016	0	22252	0	0	0	0	0	0	0	0	0	0	0	0	0	0	0	0	0	0	0	0	0	0	0	0	0	0	0	
177608	Temporal_Mid_R	0	1170	0	0	0	0	0	234	0	0	0	124	0	0	0	0	0	102	0	418	0	0	0	0	0	0	0	0	0	556	0	0	0	112	0	290	0	964	0	304	0	0	0	7408	0	3026	0	3682	0	3442	0	16964	0	3790	0	4018	0	578	0	804	0	1168	0	642	0	5678	0	4204	0	736	0	0	0	0	0	0	0	0	0	314	0	8224	0	822	0	0	0	354	0	18676	0	0	0	0	0	0	0	0	0	0	0	0	0	0	0	0	0	0	0	0	0	0	0	0	0	0	
8568	Temporal_Pole_Mid_L	0	0	0	0	0	0	0	0	0	0	0	0	0	0	0	0	0	0	0	0	0	0	0	0	0	0	0	0	0	0	0	0	0	0	0	0	0	0	252	0	0	0	0	0	0	0	0	0	0	0	0	0	0	0	862	0	0	0	0	0	0	0	0	0	0	0	0	0	0	0	0	0	0	0	0	0	0	0	0	0	0	0	1366	0	1016	0	0	0	788	0	0	0	0	0	0	0	0	0	0	0	0	0	0	0	0	0	0	0	0	0	0	0	0	0	0	0	
4416	Temporal_Pole_Mid_R	0	0	0	0	0	0	0	0	0	0	0	0	0	0	0	0	0	0	0	0	0	0	0	0	0	0	0	0	0	0	0	0	0	0	0	0	0	0	0	0	0	0	0	0	0	0	0	0	0	0	0	0	0	0	0	262	0	0	0	0	0	0	0	0	0	0	0	0	0	0	0	0	0	0	0	0	0	0	0	0	0	100	0	1010	0	354	0	0	0	482	0	0	0	0	0	0	0	0	0	0	0	0	0	0	0	0	0	0	0	0	0	0	0	0	0	0	
362716	Temporal_Inf_L	6762	456	2960	0	0	0	2548	114	0	0	302	0	212	0	0	0	1292	0	1662	0	0	0	202	0	0	0	0	0	17038	0	146	0	0	0	2482	0	10106	0	988	0	1562	0	1810	0	814	0	2526	136	0	0	6238	0	5126	0	43042	0	3126	0	0	0	1350	0	1110	0	1320	0	4374	0	2696	0	0	0	3294	0	0	0	0	0	3968	0	19026	0	2900	0	22252	0	788	0	0	0	3106	0	580	0	0	0	1318	0	1520	0	106	0	0	0	0	0	0	0	0	0	0	0	0	0	0	0	
270260	Temporal_Inf_R	0	7580	0	442	0	0	0	924	0	0	0	598	0	586	0	0	0	1038	0	1352	0	0	0	0	0	0	0	0	0	9360	0	0	0	162	0	2496	0	9550	0	854	0	1078	0	10002	0	944	0	10010	0	1260	0	7060	0	7784	0	14370	0	1322	0	0	0	146	0	1344	0	0	0	8398	0	1370	0	0	0	5374	0	0	0	198	0	1462	0	4146	0	2822	0	18676	0	482	0	0	0	1366	0	270	0	0	0	0	0	304	0	0	0	0	0	0	0	0	0	0	0	0	0	0	0	0	
568732	Cerebelum_Crus1_L	0	0	0	0	0	0	0	0	0	0	0	0	0	0	0	0	0	0	0	0	0	0	0	0	0	0	0	0	0	0	0	0	0	0	0	0	0	0	0	0	0	0	234	0	0	0	17168	1446	0	0	0	0	444	0	31592	454	0	0	0	0	0	0	0	0	0	0	0	0	0	0	0	0	0	0	0	0	0	0	0	0	0	0	0	0	0	0	0	0	3106	0	0	6792	42838	4460	2876	164	34056	1730	74498	6190	13040	0	15540	380	2988	436	1082	0	478	638	9794	5266	5244	488	566	378	
618692	Cerebelum_Crus1_R	0	0	0	0	0	0	0	0	0	0	0	0	0	0	0	0	0	0	0	0	0	0	0	0	0	0	0	0	0	0	0	0	0	0	0	0	0	0	0	0	0	0	554	0	0	0	4122	12480	0	0	0	0	0	236	1108	22948	0	0	0	0	0	0	0	0	0	0	0	0	0	0	0	0	0	0	0	0	0	0	0	0	0	0	0	0	0	0	0	0	0	1366	6792	0	4964	42370	2408	5162	8430	24718	9964	73326	666	9380	1642	16346	1032	2616	0	146	1632	4968	18534	13866	13004	1972	2076	518	
416940	Cerebelum_Crus2_L	0	0	0	0	0	0	0	0	0	0	0	0	0	0	0	0	0	0	0	0	0	0	0	0	0	0	0	0	0	0	0	0	0	0	0	0	0	0	0	0	0	0	0	0	0	0	2954	628	0	0	0	0	0	0	4298	142	0	0	0	0	0	0	0	0	0	0	0	0	0	0	0	0	0	0	0	0	0	0	0	0	0	0	0	0	0	0	0	0	580	0	42838	4964	0	20670	166	0	2410	0	9698	2668	42898	4434	35250	3890	3702	126	1126	0	0	0	382	1822	16976	5848	0	0	
441020	Cerebelum_Crus2_R	0	0	0	0	0	0	0	0	0	0	0	0	0	0	0	0	0	0	0	0	0	0	0	0	0	0	0	0	0	0	0	0	0	0	0	0	0	0	0	0	0	0	0	0	0	0	772	1182	0	0	0	0	0	0	330	1234	0	0	0	0	0	0	0	0	0	0	0	0	0	0	0	0	0	0	0	0	0	0	0	0	0	0	0	0	0	0	0	0	0	270	4460	42370	20670	0	406	806	1776	2622	3078	12370	14106	26998	10446	34760	796	3678	0	260	272	1072	2536	2614	19862	8846	1918	0	
77316	Cerebelum_3_L	0	0	0	0	0	0	0	0	0	0	0	0	0	0	0	0	0	0	0	0	0	0	0	0	0	0	0	0	0	0	0	0	0	0	0	0	0	120	350	0	0	0	0	0	0	0	222	0	0	0	0	0	0	0	292	0	0	0	0	0	0	0	0	0	0	0	0	0	0	0	0	0	0	0	0	0	0	0	0	0	0	0	0	0	0	0	0	0	0	0	2876	2408	166	406	0	268	10060	1104	4090	2486	0	0	348	122	1738	998	0	0	1744	2770	1868	1264	672	756	1050	480	
56272	Cerebelum_3_R	0	0	0	0	0	0	0	0	0	0	0	0	0	0	0	0	0	0	0	0	0	0	0	0	0	0	0	0	0	0	0	0	0	0	0	0	0	0	0	0	0	0	0	0	0	0	0	574	0	0	0	0	0	0	0	416	0	0	0	0	0	0	0	0	0	0	0	0	0	0	0	0	0	0	0	0	0	0	0	0	0	0	0	0	0	0	0	0	0	0	164	5162	0	806	268	0	296	4640	212	6428	0	0	0	718	0	660	0	0	436	4760	724	214	718	470	470	0	
403896	Cerebelum_4_5_L	0	0	0	0	0	0	0	0	0	0	0	0	0	0	0	0	0	0	0	0	0	0	0	0	0	0	0	0	328	0	0	0	0	0	0	0	802	190	544	0	0	0	534	0	0	0	16376	2586	0	0	0	0	0	0	13446	1194	0	0	0	0	0	0	0	0	0	0	0	0	0	0	0	0	0	0	0	0	0	0	0	0	412	0	0	0	0	0	0	0	1318	0	34056	8430	2410	1776	10060	296	0	4318	46686	9622	862	0	1800	520	4126	1978	170	0	556	1336	20238	7696	942	1080	2686	2574	
247148	Cerebelum_4_5_R	0	0	0	0	0	0	0	0	0	0	0	0	0	0	0	0	0	0	0	0	0	0	0	0	0	0	0	0	0	0	0	0	0	0	0	264	114	1964	0	1710	0	0	632	0	0	0	3658	6852	0	0	0	0	0	0	498	9180	0	0	0	0	0	0	0	0	0	0	0	494	0	0	0	0	0	0	0	0	0	852	0	0	0	0	0	0	0	0	0	0	0	0	1730	24718	0	2622	1104	4640	4318	0	2852	32372	0	0	0	1224	348	476	0	0	0	2388	16482	860	228	196	526	272	
567092	Cerebelum_6_L	0	0	0	0	0	0	0	0	0	0	0	0	0	0	0	0	0	0	0	0	0	0	0	0	0	0	0	0	244	0	0	0	0	0	0	0	386	0	0	0	0	0	376	0	0	0	24132	3496	0	0	0	0	464	0	35712	1714	0	0	0	0	0	0	0	0	0	0	0	0	0	0	0	0	0	0	0	0	0	0	0	0	270	0	0	0	0	0	0	0	1520	0	74498	9964	9698	3078	4090	212	46686	2852	0	10908	3090	0	3186	536	2728	2474	346	0	762	984	16678	13242	3688	828	3058	1646	
544404	Cerebelum_6_R	0	0	0	0	0	0	0	0	0	0	0	0	0	0	0	0	0	0	0	0	0	0	0	0	0	0	0	0	0	0	0	0	0	0	0	0	0	316	0	166	0	0	724	0	0	0	4870	14658	0	0	0	0	0	126	1254	24212	0	0	0	0	0	0	0	0	0	0	0	0	0	0	0	0	0	0	0	0	0	0	0	0	0	0	0	0	0	0	0	0	0	304	6190	73326	2668	12370	2486	6428	9622	32372	10908	0	0	412	0	5780	570	2094	0	108	1960	5614	22640	15246	10170	1718	2266	624	
309508	Cerebelum_7b_L	0	0	0	0	0	0	0	0	0	0	0	0	0	0	0	0	0	0	0	0	0	0	0	0	0	0	0	0	0	0	0	0	0	0	0	0	0	0	0	0	0	0	0	0	0	0	122	0	0	0	0	0	0	0	1488	0	0	0	0	0	0	0	0	0	0	0	0	0	0	0	0	0	0	0	0	0	0	0	0	0	0	0	0	0	0	0	0	0	106	0	13040	666	42898	14106	0	0	862	0	3090	0	0	6412	39426	7202	4238	118	1416	0	0	0	0	0	8962	10602	0	0	
195212	Cerebelum_7b_R	0	0	0	0	0	0	0	0	0	0	0	0	0	0	0	0	0	0	0	0	0	0	0	0	0	0	0	0	0	0	0	0	0	0	0	0	0	0	0	0	0	0	0	0	0	0	0	0	0	0	0	0	0	0	0	0	0	0	0	0	0	0	0	0	0	0	0	0	0	0	0	0	0	0	0	0	0	0	0	0	0	0	0	0	0	0	0	0	0	0	0	9380	4434	26998	0	0	0	0	0	412	6412	0	5856	30940	244	3884	0	0	0	0	0	0	1452	7248	346	0	
360820	Cerebelum_8_L	0	0	0	0	0	0	0	0	0	0	0	0	0	0	0	0	0	0	0	0	0	0	0	0	0	0	0	0	0	0	0	0	0	0	0	0	0	0	0	0	0	0	0	0	0	0	0	0	0	0	0	0	0	0	1216	0	0	0	0	0	0	0	0	0	0	0	0	0	0	0	0	0	0	0	0	0	0	0	0	0	0	0	0	0	0	0	0	0	0	0	15540	1642	35250	10446	348	0	1800	0	3186	0	39426	5856	0	11294	19092	3660	3256	0	0	0	0	0	8250	16280	3868	0	
317328	Cerebelum_8_R	0	0	0	0	0	0	0	0	0	0	0	0	0	0	0	0	0	0	0	0	0	0	0	0	0	0	0	0	0	0	0	0	0	0	0	0	0	0	0	0	0	0	0	0	0	0	0	608	0	0	0	0	0	0	0	1116	0	0	0	0	0	0	0	0	0	0	0	0	0	0	0	0	0	0	0	0	0	0	0	0	0	0	0	0	0	0	0	0	0	0	380	16346	3890	34760	122	718	520	1224	536	5780	7202	30940	11294	0	1340	17526	0	582	226	822	600	718	4138	14080	3196	0	
133644	Cerebelum_9_L	0	0	0	0	0	0	0	0	0	0	0	0	0	0	0	0	0	0	0	0	0	0	0	0	0	0	0	0	0	0	0	0	0	0	0	0	0	0	0	0	0	0	0	0	0	0	0	0	0	0	0	0	0	0	106	0	0	0	0	0	0	0	0	0	0	0	0	0	0	0	0	0	0	0	0	0	0	0	0	0	0	0	0	0	0	0	0	0	0	0	2988	1032	3702	796	1738	0	4126	348	2728	570	4238	244	19092	1340	0	4930	3768	0	166	122	1178	2608	1502	3136	4966	1398	
145868	Cerebelum_9_R	0	0	0	0	0	0	0	0	0	0	0	0	0	0	0	0	0	0	0	0	0	0	0	0	0	0	0	0	0	0	0	0	0	0	0	0	0	0	0	0	0	0	0	0	0	0	0	368	0	0	0	0	0	0	0	0	0	0	0	0	0	0	0	0	0	0	0	0	0	0	0	0	0	0	0	0	0	0	0	0	0	0	0	0	0	0	0	0	0	0	436	2616	126	3678	998	660	1978	476	2474	2094	118	3884	3660	17526	4930	0	0	608	284	710	1446	4022	2660	5464	9994	1724	
22328	Cerebelum_10_L	0	0	0	0	0	0	0	0	0	0	0	0	0	0	0	0	0	0	0	0	0	0	0	0	0	0	0	0	0	0	0	0	0	0	0	0	0	0	0	0	0	0	0	0	0	0	0	0	0	0	0	0	0	0	0	0	0	0	0	0	0	0	0	0	0	0	0	0	0	0	0	0	0	0	0	0	0	0	0	0	0	0	0	0	0	0	0	0	0	0	1082	0	1126	0	0	0	170	0	346	0	1416	0	3256	0	3768	0	0	0	0	0	0	0	0	0	0	0	
3408	Cerebelum_10_R	0	0	0	0	0	0	0	0	0	0	0	0	0	0	0	0	0	0	0	0	0	0	0	0	0	0	0	0	0	0	0	0	0	0	0	0	0	0	0	0	0	0	0	0	0	0	0	0	0	0	0	0	0	0	0	0	0	0	0	0	0	0	0	0	0	0	0	0	0	0	0	0	0	0	0	0	0	0	0	0	0	0	0	0	0	0	0	0	0	0	0	146	0	260	0	0	0	0	0	108	0	0	0	582	0	608	0	0	0	0	0	0	0	0	0	0	
27664	Vermis_1_2	0	0	0	0	0	0	0	0	0	0	0	0	0	0	0	0	0	0	0	0	0	0	0	0	0	0	0	0	0	0	0	0	0	0	0	0	0	0	0	0	0	0	0	0	0	0	0	0	0	0	0	0	0	0	0	0	0	0	0	0	0	0	0	0	0	0	0	0	0	0	0	0	0	0	0	0	0	0	0	0	0	0	0	0	0	0	0	0	0	0	478	1632	0	272	1744	436	556	0	762	1960	0	0	0	226	166	284	0	0	0	3884	588	284	228	124	208	0	
70080	Vermis_3	0	0	0	0	0	0	0	0	0	0	0	0	0	0	0	0	0	0	0	0	0	0	0	0	0	0	0	0	0	0	0	0	0	0	0	0	0	0	118	0	0	0	0	0	0	0	106	312	0	0	0	0	0	0	0	228	0	0	0	0	0	0	0	0	0	0	0	0	0	0	0	0	0	0	0	0	0	0	0	0	0	0	0	0	0	0	0	0	0	0	638	4968	0	1072	2770	4760	1336	2388	984	5614	0	0	0	822	122	710	0	0	3884	0	1838	378	894	568	530	0	
309720	Vermis_4_5	0	0	0	0	0	0	0	0	0	0	0	0	0	0	0	0	0	0	0	0	0	0	0	0	0	0	0	0	0	0	0	0	0	0	0	508	0	562	0	454	0	0	1326	0	0	0	8044	6904	0	0	0	0	112	0	2250	5192	0	0	0	0	0	0	0	0	0	0	0	738	0	0	0	0	0	0	0	0	0	218	0	0	0	0	0	0	0	0	0	0	0	0	9794	18534	382	2536	1868	724	20238	16482	16678	22640	0	0	0	600	1178	1446	0	0	588	1838	0	7398	432	326	2190	2680	
223260	Vermis_6	0	0	0	0	0	0	0	0	0	0	0	0	0	0	0	0	0	0	0	0	0	0	0	0	0	0	0	0	0	0	0	0	0	0	0	0	0	0	0	0	0	0	0	0	0	0	2866	8096	0	0	0	0	126	178	1574	4258	0	0	0	0	0	0	0	0	0	0	0	0	0	0	0	0	0	0	0	0	0	0	0	0	0	0	0	0	0	0	0	0	0	0	5266	13866	1822	2614	1264	214	7696	860	13242	15246	0	0	0	718	2608	4022	0	0	284	378	7398	0	7472	1494	4914	3154	
243900	Vermis_7	0	0	0	0	0	0	0	0	0	0	0	0	0	0	0	0	0	0	0	0	0	0	0	0	0	0	0	0	0	0	0	0	0	0	0	0	0	0	0	0	0	0	0	0	0	0	986	2612	0	0	0	0	0	0	322	864	0	0	0	0	0	0	0	0	0	0	0	0	0	0	0	0	0	0	0	0	0	0	0	0	0	0	0	0	0	0	0	0	0	0	5244	13004	16976	19862	672	718	942	228	3688	10170	8962	1452	8250	4138	1502	2660	0	0	228	894	432	7472	0	6836	2622	214	
