data	data	510220	301080	1.10124e+06	843456	176892	145548	648604	340224	135084	40756	200744	155412	270348	118248	254756	84496	171112	93288	798488	755516	72692	62832	501572	531928	77928	123368	58780	57060	712300	281056	300592	528864	214280	563304	91972	96808	309860	191912	124352	138052	22380	38136	417748	317404	379484	382128	321372	200068	251864	366340	582996	365396	147764	47252	391784	336600	276760	180960	182336	120028	204176	99188	112376	109952	163468	143612	525560	476160	342816	178576	220472	423140	432952	359992	51388	25408	169524	108208	167864	41732	273848	144608	104624	62680	365280	181632	19660	20612	244128	138284	550708	468716	297588	277976	61552	76028	420752	277764	581636	467172	206948	129952	254296	255600	105492	154628	18820	13996	37348	111840	362524	322540	212100	136584	93496	64108	
data	data	Precentral_L	Precentral_R	Frontal_Sup_L	Frontal_Sup_R	Frontal_Sup_Orb_L	Frontal_Sup_Orb_R	Frontal_Mid_L	Frontal_Mid_R	Frontal_Mid_Orb_L	Frontal_Mid_Orb_R	Frontal_Inf_Oper_L	Frontal_Inf_Oper_R	Frontal_Inf_Tri_L	Frontal_Inf_Tri_R	Frontal_Inf_Orb_L	Frontal_Inf_Orb_R	Rolandic_Oper_L	Rolandic_Oper_R	Supp_Motor_Area_L	Supp_Motor_Area_R	Olfactory_L	Olfactory_R	Frontal_Sup_Medial_L	Frontal_Sup_Medial_R	Frontal_Med_Orb_L	Frontal_Med_Orb_R	Rectus_L	Rectus_R	Insula_L	Insula_R	Cingulum_Ant_L	Cingulum_Ant_R	Cingulum_Mid_L	Cingulum_Mid_R	Cingulum_Post_L	Cingulum_Post_R	Hippocampus_L	Hippocampus_R	ParaHippocampal_L	ParaHippocampal_R	Amygdala_L	Amygdala_R	Calcarine_L	Calcarine_R	Cuneus_L	Cuneus_R	Lingual_L	Lingual_R	Occipital_Sup_L	Occipital_Sup_R	Occipital_Mid_L	Occipital_Mid_R	Occipital_Inf_L	Occipital_Inf_R	Fusiform_L	Fusiform_R	Postcentral_L	Postcentral_R	Parietal_Sup_L	Parietal_Sup_R	Parietal_Inf_L	Parietal_Inf_R	SupraMarginal_L	SupraMarginal_R	Angular_L	Angular_R	Precuneus_L	Precuneus_R	Paracentral_Lobule_L	Paracentral_Lobule_R	Caudate_L	Caudate_R	Putamen_L	Putamen_R	Pallidum_L	Pallidum_R	Thalamus_L	Thalamus_R	Heschl_L	Heschl_R	Temporal_Sup_L	Temporal_Sup_R	Temporal_Pole_Sup_L	Temporal_Pole_Sup_R	Temporal_Mid_L	Temporal_Mid_R	Temporal_Pole_Mid_L	Temporal_Pole_Mid_R	Temporal_Inf_L	Temporal_Inf_R	Cerebelum_Crus1_L	Cerebelum_Crus1_R	Cerebelum_Crus2_L	Cerebelum_Crus2_R	Cerebelum_3_L	Cerebelum_3_R	Cerebelum_4_5_L	Cerebelum_4_5_R	Cerebelum_6_L	Cerebelum_6_R	Cerebelum_7b_L	Cerebelum_7b_R	Cerebelum_8_L	Cerebelum_8_R	Cerebelum_9_L	Cerebelum_9_R	Cerebelum_10_L	Cerebelum_10_R	Vermis_1_2	Vermis_3	Vermis_4_5	Vermis_6	Vermis_7	Vermis_8	Vermis_9	Vermis_10	
510220	Precentral_L	0	1936	28114	366	186	0	17818	132	138	0	12698	0	4116	0	420	0	10468	0	21738	3154	0	0	226	116	100	0	0	0	24146	0	264	0	872	2312	714	470	11048	318	1088	0	0	0	588	0	550	0	198	0	0	0	2092	0	314	0	868	0	32680	0	1418	0	4468	0	4834	0	1400	0	756	142	14828	1518	2252	118	13474	114	344	0	4260	0	10790	0	5206	0	674	0	5096	0	0	0	3170	0	0	0	0	0	0	0	0	0	0	0	0	0	0	0	0	0	0	0	0	0	0	0	0	0	0	0	
301080	Precentral_R	1936	0	2886	19928	112	0	1508	15568	0	0	120	6978	92	214	0	0	0	1316	3974	18468	0	0	0	438	0	0	0	0	1876	2454	0	790	140	5780	0	156	384	4672	0	506	0	0	0	0	0	0	0	166	0	0	0	0	0	0	0	458	418	11440	0	226	0	1376	0	2488	0	0	0	0	2350	8048	3586	4840	2654	4942	726	600	3750	11512	0	132	124	276	0	0	132	0	0	0	0	0	0	0	0	0	0	0	0	0	0	0	0	0	0	0	0	0	0	0	0	0	0	0	0	0	0	0	
1.10124e+06	Frontal_Sup_L	28114	2886	0	11232	15268	110	85428	4448	7072	0	10322	604	15700	324	13586	0	5350	0	68154	13234	142	0	57884	19672	5428	1334	1376	0	40242	168	18128	11330	6588	13804	0	0	11246	0	894	0	0	0	0	0	0	0	130	0	0	0	0	0	0	0	1056	0	6176	0	0	0	218	0	150	0	186	0	0	0	11064	666	8160	7348	31054	222	1472	0	4978	0	2260	0	2574	0	816	0	630	0	0	0	1172	0	0	0	0	0	0	0	96	0	126	0	0	0	0	0	0	0	0	0	0	0	0	0	0	0	0	0	
843456	Frontal_Sup_R	366	19928	11232	0	0	7108	7188	44556	0	290	114	9328	234	6992	348	2706	0	4970	12734	64110	0	218	13718	51396	172	3710	0	228	1512	13086	5828	44312	1656	28636	0	0	0	2650	0	552	0	86	0	0	0	0	0	0	0	0	0	0	0	0	0	284	0	684	0	0	0	0	0	0	0	0	0	0	1202	414	1968	22374	1638	20410	724	1178	2116	7768	0	170	0	274	0	422	0	0	0	0	0	0	0	0	0	0	0	0	0	138	0	0	0	0	0	0	0	0	0	0	0	0	0	0	0	0	0	0	
176892	Frontal_Sup_Orb_L	186	112	15268	0	0	0	3554	102	13592	0	0	0	112	0	10108	0	0	0	624	0	2296	94	8330	372	6750	834	7790	0	4266	0	5904	196	0	0	0	0	0	0	310	0	0	0	0	0	0	0	0	0	0	0	0	0	0	0	0	0	0	0	0	0	0	0	0	0	0	0	0	0	0	0	1472	110	4922	0	0	0	0	0	0	0	0	0	1142	0	0	0	0	0	0	0	0	0	0	0	0	0	0	0	0	0	0	0	0	0	0	0	0	0	0	0	0	0	0	0	0	0	
145548	Frontal_Sup_Orb_R	0	0	110	7108	0	0	0	2304	0	7328	0	0	0	1270	0	5782	0	0	462	1060	0	1314	240	4054	764	12320	86	6566	0	614	480	4120	0	0	0	0	0	0	0	0	0	136	0	0	0	0	0	0	0	0	0	0	0	0	0	0	0	0	0	0	0	0	0	0	0	0	0	0	0	0	0	7420	0	9146	0	90	0	0	0	0	0	0	0	0	0	0	0	0	0	0	0	0	0	0	0	0	0	0	0	0	0	0	0	0	0	0	0	0	0	0	0	0	0	0	0	0	
648604	Frontal_Mid_L	17818	1508	85428	7188	3554	0	0	2596	5012	0	11102	314	34348	256	16642	0	676	0	19368	3744	0	0	22646	9928	454	0	0	0	28402	150	4092	5984	3498	8224	0	0	2494	0	94	0	0	0	0	0	0	0	0	0	0	0	188	0	0	0	94	0	1726	0	206	0	458	0	368	0	188	0	0	0	446	458	4346	4754	11440	122	0	0	180	0	2578	0	430	0	154	0	388	0	0	0	258	0	0	0	0	0	0	0	0	0	0	0	0	0	0	0	0	0	0	0	0	0	0	0	0	0	0	0	
340224	Frontal_Mid_R	132	15568	4448	44556	102	2304	2596	0	0	1844	0	11922	116	13870	202	4512	0	268	3780	11506	0	0	2900	11664	0	156	0	0	1186	2926	206	6962	312	6600	0	0	0	664	0	174	0	0	0	0	0	0	0	0	0	0	0	0	0	0	0	0	0	298	0	0	0	0	0	0	0	0	0	0	290	0	320	7486	1214	7488	0	520	0	844	0	0	0	176	0	0	0	0	0	0	0	0	0	0	0	0	0	0	0	0	0	0	0	0	0	0	0	0	0	0	0	0	0	0	0	0	0	0	
135084	Frontal_Mid_Orb_L	138	0	7072	0	13592	0	5012	0	0	0	0	0	1486	0	19018	0	0	0	450	0	1324	0	1734	342	558	0	2404	0	4900	0	1060	0	116	304	0	0	266	0	280	0	128	0	0	0	0	0	0	0	0	0	0	0	0	0	0	0	0	0	0	0	0	0	0	0	0	0	0	0	0	0	1554	0	4494	0	0	0	0	0	0	0	112	0	1198	0	0	0	0	0	0	0	0	0	0	0	0	0	0	0	0	0	0	0	0	0	0	0	0	0	0	0	0	0	0	0	0	0	
40756	Frontal_Mid_Orb_R	0	0	0	290	0	7328	0	1844	0	0	0	0	0	1358	0	6468	0	0	0	0	0	0	0	0	0	1034	0	984	0	124	0	0	0	0	0	0	0	0	0	0	0	0	0	0	0	0	0	0	0	0	0	0	0	0	0	0	0	0	0	0	0	0	0	0	0	0	0	0	0	0	0	290	0	658	0	0	0	0	0	0	0	0	0	0	0	0	0	0	0	0	0	0	0	0	0	0	0	0	0	0	0	0	0	0	0	0	0	0	0	0	0	0	0	0	0	0	
200744	Frontal_Inf_Oper_L	12698	120	10322	114	0	0	11102	0	0	0	0	0	18998	0	740	0	6738	0	7248	362	0	0	0	104	0	0	0	0	14422	0	0	118	0	160	0	0	2486	0	234	0	0	0	0	0	0	0	0	0	0	0	0	0	0	0	394	0	3512	0	0	0	0	0	0	0	0	0	0	0	880	0	132	150	2732	0	100	0	274	0	1082	0	2746	0	1602	0	268	0	0	0	534	0	0	0	0	0	0	0	0	0	0	0	0	0	0	0	0	0	0	0	0	0	0	0	0	0	0	0	
155412	Frontal_Inf_Oper_R	0	6978	604	9328	0	0	314	11922	0	0	0	0	0	10072	0	336	0	4158	438	7658	0	0	0	98	0	0	0	0	294	10210	0	180	0	0	0	0	0	1378	0	368	0	0	0	0	0	0	0	0	0	0	0	0	0	0	0	284	0	624	0	0	0	0	0	0	0	0	0	0	0	0	0	1222	356	8922	0	740	0	0	0	158	0	274	0	640	0	0	0	0	0	0	0	0	0	0	0	0	0	150	0	0	0	0	0	0	0	0	0	0	0	0	0	0	0	0	0	0	
270348	Frontal_Inf_Tri_L	4116	92	15700	234	112	0	34348	116	1486	0	18998	0	0	0	17158	0	1690	0	7410	510	0	0	1038	522	0	0	0	0	21390	0	222	302	146	410	0	0	960	0	90	0	0	0	0	0	0	0	0	0	0	0	0	0	0	0	238	0	384	0	0	0	0	0	0	0	0	0	0	0	178	0	2428	638	2044	0	0	0	0	0	218	0	862	0	846	0	0	0	0	0	288	0	0	0	0	0	0	0	0	0	0	0	0	0	0	0	0	0	0	0	0	0	0	0	0	0	0	0	
118248	Frontal_Inf_Tri_R	0	214	324	6992	0	1270	256	13870	0	1358	0	10072	0	0	0	6592	0	122	372	3880	0	0	238	622	0	0	0	0	0	7842	0	406	0	1500	0	0	0	0	0	0	0	0	0	0	0	0	0	0	0	0	0	0	0	0	0	0	0	0	0	0	0	0	0	0	0	0	0	0	0	0	0	1172	0	1898	0	124	0	0	0	0	0	0	0	0	0	0	0	0	0	0	0	0	0	0	0	0	0	0	0	0	0	0	0	0	0	0	0	0	0	0	0	0	0	0	0	0	
254756	Frontal_Inf_Orb_L	420	0	13586	348	10108	0	16642	202	19018	0	740	0	17158	0	0	0	332	0	2142	182	2636	0	1944	1074	0	0	1352	0	19800	0	262	238	414	996	0	0	294	0	370	0	190	0	0	0	0	0	0	0	0	0	0	0	0	0	0	0	0	0	0	0	0	0	0	0	0	0	0	0	0	0	4648	438	7734	0	0	0	0	0	0	0	368	0	3602	0	140	0	0	0	0	0	0	0	0	0	0	0	0	0	0	0	0	0	0	0	0	0	0	0	0	0	0	0	0	0	0	0	
84496	Frontal_Inf_Orb_R	0	0	0	2706	0	5782	0	4512	0	6468	0	336	0	6592	0	0	0	0	122	686	0	1114	0	388	0	134	0	794	0	7044	0	0	0	216	0	0	0	122	0	194	0	0	0	0	0	0	0	0	0	0	0	0	0	0	0	0	0	0	0	0	0	0	0	0	0	0	0	0	0	0	0	760	0	3070	0	254	0	0	0	0	0	0	0	590	0	202	0	0	0	162	0	0	0	0	0	0	0	0	0	0	0	0	0	0	0	0	0	0	0	0	0	0	0	0	0	0	
171112	Rolandic_Oper_L	10468	0	5350	0	0	0	676	0	0	0	6738	0	1690	0	332	0	0	0	3880	0	0	0	0	0	0	0	0	0	13956	0	0	0	188	0	0	0	1328	0	216	0	0	0	288	0	286	0	0	0	0	0	488	0	0	0	192	0	8488	0	0	0	628	0	2696	0	1504	0	272	0	3336	0	0	0	1588	0	102	0	138	0	6014	0	9386	0	2210	0	2532	0	0	0	586	0	0	0	0	0	0	0	0	0	0	0	0	0	0	0	0	0	0	0	0	0	0	0	0	0	0	0	
93288	Rolandic_Oper_R	0	1316	0	4970	0	0	0	268	0	0	0	4158	0	122	0	0	0	0	182	4680	0	0	0	0	0	0	0	0	0	11902	0	0	0	0	0	0	0	1236	0	138	0	0	0	0	0	0	0	0	0	0	0	0	0	0	0	260	0	5006	0	0	0	160	0	3144	0	0	0	0	0	0	0	118	0	2796	0	0	0	0	0	2248	0	2950	0	858	0	132	0	0	0	0	0	0	0	0	0	0	0	0	0	0	0	0	0	0	0	0	0	0	0	0	0	0	0	0	0	0	
798488	Supp_Motor_Area_L	21738	3974	68154	12734	624	462	19368	3780	450	0	7248	438	7410	372	2142	122	3880	182	0	37966	0	0	13332	9484	244	232	0	0	24550	1660	5384	8430	11544	20166	1018	250	5164	182	518	0	0	0	0	0	0	0	88	0	0	0	0	0	0	0	658	0	3818	0	0	0	0	0	0	0	0	0	92	204	37078	1926	5236	9524	20408	3888	4806	0	14016	0	792	0	1668	0	700	0	378	0	0	0	762	0	0	0	0	0	0	0	0	0	0	0	0	0	0	0	0	0	0	0	0	0	0	0	0	0	0	0	
755516	Supp_Motor_Area_R	3154	18468	13234	64110	0	1060	3744	11506	0	0	362	7658	510	3880	182	686	0	4680	37966	0	0	0	3238	12190	90	518	0	0	2718	13152	5760	19992	5188	37172	380	1206	690	1030	0	190	0	0	0	246	0	140	0	0	0	0	0	0	0	0	0	200	468	1172	0	0	0	0	0	0	0	0	104	872	7246	16064	5324	28874	3202	17018	1880	1272	6282	11572	0	122	126	220	0	500	140	0	0	0	0	0	0	0	0	0	0	0	0	0	0	0	0	0	0	0	0	0	0	0	0	0	0	0	0	0	0	0	
72692	Olfactory_L	0	0	142	0	2296	0	0	0	1324	0	0	0	0	0	2636	0	0	0	0	0	0	4396	134	0	496	142	2862	264	3136	0	2510	1022	0	0	0	0	340	0	1054	0	670	0	0	0	0	0	0	0	0	0	0	0	0	0	0	0	0	0	0	0	0	0	0	0	0	0	0	0	0	0	5662	3112	2016	572	0	0	0	0	0	0	0	0	1560	0	0	0	0	0	0	0	0	0	0	0	0	0	0	0	0	0	0	0	0	0	0	0	0	0	0	0	0	0	0	0	0	0	
62832	Olfactory_R	0	0	0	218	94	1314	0	0	0	0	0	0	0	0	0	1114	0	0	0	0	4396	0	0	0	218	928	1480	2128	0	1876	1558	1536	0	0	0	0	0	268	0	324	0	542	0	0	0	0	0	0	0	0	0	0	0	0	0	0	0	0	0	0	0	0	0	0	0	0	0	0	0	0	5232	4850	1588	1664	0	0	0	0	0	0	0	0	0	88	0	0	0	0	0	0	0	0	0	0	0	0	0	0	0	0	0	0	0	0	0	0	0	0	0	0	0	0	0	0	0	0	
501572	Frontal_Sup_Medial_L	226	0	57884	13718	8330	240	22646	2900	1734	0	0	0	1038	238	1944	0	0	0	13332	3238	134	0	0	35176	6552	1792	1638	0	2564	110	25386	16982	8436	18918	0	0	0	0	0	0	0	0	0	0	0	0	0	0	0	0	0	0	0	0	0	0	0	0	0	0	0	0	0	0	0	0	0	0	0	0	2596	1152	1756	126	0	0	0	0	0	0	0	0	0	0	0	0	0	0	0	0	0	0	0	0	0	0	0	0	0	0	0	0	0	0	0	0	0	0	0	0	0	0	0	0	0	0	
531928	Frontal_Sup_Medial_R	116	438	19672	51396	372	4054	9928	11664	342	0	104	98	522	622	1074	388	0	0	9484	12190	0	0	35176	0	1468	5422	0	0	1992	428	10460	41842	2298	27502	0	0	0	0	0	0	0	0	0	0	0	0	0	0	0	0	0	0	0	0	0	0	0	96	0	0	0	0	0	0	0	0	0	0	0	0	382	11932	788	3268	0	124	0	322	0	0	0	0	0	0	0	0	0	0	0	0	0	0	0	0	0	0	0	0	0	0	0	0	0	0	0	0	0	0	0	0	0	0	0	0	0	0	
77928	Frontal_Med_Orb_L	100	0	5428	172	6750	764	454	0	558	0	0	0	0	0	0	0	0	0	244	90	496	218	6552	1468	0	3746	2804	630	0	0	6642	306	0	0	0	0	0	0	0	0	0	0	0	0	0	0	0	0	0	0	0	0	0	0	0	0	0	0	0	0	0	0	0	0	0	0	0	0	0	0	830	128	478	106	0	0	0	0	0	0	0	0	0	0	0	0	0	0	0	0	0	0	0	0	0	0	0	0	0	0	0	0	0	0	0	0	0	0	0	0	0	0	0	0	0	0	
123368	Frontal_Med_Orb_R	0	0	1334	3710	834	12320	0	156	0	1034	0	0	0	0	0	134	0	0	232	518	142	928	1792	5422	3746	0	352	7190	0	0	3288	5772	0	0	0	0	0	0	0	0	0	0	0	0	0	0	0	0	0	0	0	0	0	0	0	0	0	0	0	0	0	0	0	0	0	0	0	0	0	0	244	6140	96	6300	0	0	0	0	0	0	0	0	0	0	0	0	0	0	0	0	0	0	0	0	0	0	0	0	0	0	0	0	0	0	0	0	0	0	0	0	0	0	0	0	0	0	
58780	Rectus_L	0	0	1376	0	7790	86	0	0	2404	0	0	0	0	0	1352	0	0	0	0	0	2862	1480	1638	0	2804	352	0	406	214	0	2428	486	0	0	0	0	0	0	0	0	0	0	0	0	0	0	0	0	0	0	0	0	0	0	0	0	0	0	0	0	0	0	0	0	0	0	0	0	0	0	2184	652	786	90	0	0	0	0	0	0	0	0	0	0	0	0	0	0	0	0	0	0	0	0	0	0	0	0	0	0	0	0	0	0	0	0	0	0	0	0	0	0	0	0	0	0	
57060	Rectus_R	0	0	0	228	0	6566	0	0	0	984	0	0	0	0	0	794	0	0	0	0	264	2128	0	0	630	7190	406	0	0	216	446	2030	0	0	0	0	0	0	0	0	0	108	0	0	0	0	0	0	0	0	0	0	0	0	0	0	0	0	0	0	0	0	0	0	0	0	0	0	0	0	178	3278	0	3084	0	0	0	0	0	0	0	0	0	0	0	0	0	0	0	0	0	0	0	0	0	0	0	0	0	0	0	0	0	0	0	0	0	0	0	0	0	0	0	0	0	0	
712300	Insula_L	24146	1876	40242	1512	4266	0	28402	1186	4900	0	14422	294	21390	0	19800	0	13956	0	24550	2718	3136	0	2564	1992	0	0	214	0	0	0	672	1388	658	1864	92	0	20748	0	3244	0	2616	0	316	0	306	0	336	0	0	0	1382	0	374	0	3892	0	9048	0	598	0	788	0	982	0	962	0	476	0	4240	436	7900	2738	27860	0	544	0	3476	0	11716	0	11788	0	9016	0	6790	0	0	0	6744	0	116	0	0	0	0	0	218	0	260	0	0	0	0	0	0	0	0	0	0	0	0	0	0	0	0	0	
281056	Insula_R	0	2454	168	13086	0	614	150	2926	0	124	0	10210	0	7842	0	7044	0	11902	1660	13152	0	1876	110	428	0	0	0	216	0	0	0	296	158	1224	0	0	0	6726	0	2332	0	796	0	0	0	0	0	0	0	0	0	0	0	0	0	3280	0	3086	0	0	0	0	0	304	0	0	0	0	266	0	118	990	166	23748	0	312	0	166	0	4216	0	9248	0	3340	0	3322	0	274	0	1630	0	0	0	0	0	0	0	442	0	126	0	0	0	0	0	0	0	0	0	0	0	0	0	0	0	0	
300592	Cingulum_Ant_L	264	0	18128	5828	5904	480	4092	206	1060	0	0	0	222	0	262	0	0	0	5384	5760	2510	1558	25386	10460	6642	3288	2428	446	672	0	0	22694	5512	5098	0	0	0	0	0	0	0	0	0	0	0	0	0	0	0	0	0	0	0	0	0	0	0	0	0	0	0	0	0	0	0	0	0	0	0	0	6888	5494	1928	1702	0	0	0	0	0	0	0	0	0	0	0	0	0	0	0	0	0	0	0	0	0	0	0	0	0	0	0	0	0	0	0	0	0	0	0	0	0	0	0	0	0	0	
528864	Cingulum_Ant_R	0	790	11330	44312	196	4120	5984	6962	0	0	118	180	302	406	238	0	0	0	8430	19992	1022	1536	16982	41842	306	5772	486	2030	1388	296	22694	0	1928	23220	0	0	0	0	0	0	0	0	0	0	0	0	0	0	0	0	0	0	0	0	0	0	0	136	0	0	0	0	0	0	0	0	0	0	0	0	2312	28018	598	9148	0	512	0	846	0	0	0	0	0	0	0	0	0	0	0	0	0	0	0	0	0	0	0	0	0	0	0	0	0	0	0	0	0	0	0	0	0	0	0	0	0	0	
214280	Cingulum_Mid_L	872	140	6588	1656	0	0	3498	312	116	0	0	0	146	0	414	0	188	0	11544	5188	0	0	8436	2298	0	0	0	0	658	158	5512	1928	0	14094	5272	1674	0	0	90	0	0	0	732	486	982	738	96	0	348	306	3254	274	0	0	0	0	244	348	1080	0	590	0	0	0	306	0	8534	4732	10330	1532	86	194	438	280	0	0	170	0	0	0	0	0	0	0	278	0	0	0	0	0	0	0	0	0	0	0	0	0	0	0	0	0	0	0	0	0	0	0	0	0	0	0	0	0	0	0	
563304	Cingulum_Mid_R	2312	5780	13804	28636	0	0	8224	6600	304	0	160	0	410	1500	996	216	0	0	20166	37172	0	0	18918	27502	0	0	0	0	1864	1224	5098	23220	14094	0	2204	5354	536	128	0	0	0	0	0	2286	0	2124	0	0	0	938	116	1144	0	0	0	160	392	5228	0	0	0	0	0	98	0	122	1784	11152	5752	15520	1784	998	1390	406	214	0	3040	0	0	0	110	0	0	0	132	340	0	0	0	0	0	0	0	0	0	0	0	0	0	0	0	0	0	0	0	0	0	0	0	0	0	0	0	0	0	0	
91972	Cingulum_Post_L	714	0	0	0	0	0	0	0	0	0	0	0	0	0	0	0	0	0	1018	380	0	0	0	0	0	0	0	0	92	0	0	0	5272	2204	0	5834	1072	782	348	0	0	0	1460	266	1360	716	426	0	434	366	2866	356	110	0	194	0	302	486	296	0	110	0	0	0	0	0	7870	3082	3556	920	130	0	0	0	0	0	264	0	108	0	0	0	0	0	2138	0	0	0	454	0	0	0	0	0	0	0	0	0	0	0	0	0	0	0	0	0	0	0	0	0	0	0	0	0	0	0	
96808	Cingulum_Post_R	470	156	0	0	0	0	0	0	0	0	0	0	0	0	0	0	0	0	250	1206	0	0	0	0	0	0	0	0	0	0	0	0	1674	5354	5834	0	990	1926	138	288	0	0	0	2978	0	1122	0	902	118	674	120	1274	0	0	0	1356	0	2490	0	0	0	102	0	596	0	778	924	8624	1214	3350	88	0	110	0	0	0	1450	162	0	0	0	354	0	0	0	898	0	0	0	0	0	0	0	0	0	0	0	0	0	0	0	0	0	0	0	0	0	0	0	0	434	0	0	0	0	0	
309860	Hippocampus_L	11048	384	11246	0	0	0	2494	0	266	0	2486	0	960	0	294	0	1328	0	5164	690	340	0	0	0	0	0	0	0	20748	0	0	0	0	536	1072	990	0	442	9686	0	3970	0	808	0	278	0	2382	0	0	0	602	0	330	0	12120	0	1912	0	0	0	0	0	356	0	402	0	1698	592	4692	178	314	0	17116	0	1162	0	5768	0	6874	0	6412	0	1074	0	4726	0	0	0	8220	0	530	0	0	0	0	0	1166	0	986	0	0	0	0	0	0	0	0	0	0	88	0	0	0	0	0	0	
191912	Hippocampus_R	318	4672	0	2650	0	0	0	664	0	0	0	1378	0	0	0	122	0	1236	182	1030	0	268	0	0	0	0	0	0	0	6726	0	0	0	128	782	1926	442	0	96	17560	0	5332	0	0	0	0	0	388	0	0	0	0	0	0	0	15188	0	1764	0	0	0	0	0	314	0	0	0	784	128	312	0	110	138	10676	0	952	972	2142	0	566	0	1872	0	1486	0	2274	0	140	0	5044	0	252	0	0	0	0	0	3512	0	664	0	0	0	146	0	320	0	0	0	0	0	0	90	106	104	0	
124352	ParaHippocampal_L	1088	0	894	0	310	0	94	0	280	0	234	0	90	0	370	0	216	0	518	0	1054	0	0	0	0	0	0	0	3244	0	0	0	90	0	348	138	9686	96	0	0	1304	0	1940	0	1162	0	7134	96	0	0	3178	0	370	0	9844	0	534	0	0	0	110	0	0	0	118	0	3818	168	568	0	0	0	1860	0	0	0	282	0	832	0	484	0	1592	0	1874	0	368	0	1528	0	444	0	0	0	276	0	2462	0	910	0	0	0	0	0	0	0	0	0	0	170	0	0	0	0	0	0	
138052	ParaHippocampal_R	0	506	0	552	0	0	0	174	0	0	0	368	0	0	0	194	0	138	0	190	0	324	0	0	0	0	0	0	0	2332	0	0	0	0	0	288	0	17560	0	0	0	5716	0	128	0	0	0	3322	0	0	0	0	0	0	0	17504	0	86	0	0	0	0	0	0	0	0	0	1100	0	0	0	0	0	3290	0	566	0	580	0	0	0	706	0	2900	0	614	0	676	0	1268	0	504	0	110	0	0	0	5146	88	1040	0	0	0	190	0	434	0	0	0	0	0	0	114	162	156	0	
22380	Amygdala_L	0	0	0	0	0	0	0	0	128	0	0	0	0	0	190	0	0	0	0	0	670	0	0	0	0	0	0	0	2616	0	0	0	0	0	0	0	3970	0	1304	0	0	0	0	0	0	0	0	0	0	0	0	0	0	0	618	0	0	0	0	0	0	0	0	0	0	0	0	0	0	0	0	0	578	0	164	0	0	0	0	0	104	0	848	0	0	0	0	0	0	0	0	0	0	0	0	0	0	0	0	0	0	0	0	0	0	0	0	0	0	0	0	0	0	0	0	0	
38136	Amygdala_R	0	0	0	86	0	136	0	0	0	0	0	0	0	0	0	0	0	0	0	0	0	542	0	0	0	0	0	108	0	796	0	0	0	0	0	0	0	5332	0	5716	0	0	0	0	0	0	0	0	0	0	0	0	0	0	0	2764	0	0	0	0	0	0	0	0	0	0	0	0	0	0	0	0	0	740	0	0	0	182	0	0	0	236	0	1980	0	0	0	212	0	238	0	0	0	0	0	0	0	0	0	0	0	0	0	0	0	0	0	0	0	0	0	0	0	0	0	0	
417748	Calcarine_L	588	0	0	0	0	0	0	0	0	0	0	0	0	0	0	0	288	0	0	0	0	0	0	0	0	0	0	0	316	0	0	0	732	0	1460	0	808	0	1940	0	0	0	0	13710	34108	8938	21750	3042	16056	3752	32886	1154	6744	178	3308	432	310	0	534	0	1942	0	864	0	3406	0	29706	2678	744	0	0	0	0	0	0	0	0	0	962	0	1420	0	0	0	8330	0	0	0	1954	0	388	1424	0	0	0	0	232	0	86	1146	0	0	0	0	0	0	0	0	0	0	164	394	0	0	0	0	
317404	Calcarine_R	0	0	0	0	0	0	0	0	0	0	0	0	0	0	0	0	0	0	0	246	0	0	0	0	0	0	0	0	0	0	0	0	486	2286	266	2978	0	0	0	128	0	0	13710	0	5630	25294	4924	13196	2098	21450	1616	15814	372	2916	0	6082	0	800	196	226	0	910	0	1314	0	798	4114	24586	168	1194	0	0	0	0	0	0	0	0	0	0	0	654	0	0	0	2452	0	0	0	1248	0	146	0	0	0	0	0	0	0	194	0	0	0	0	0	0	0	0	0	0	210	0	0	0	0	0	
379484	Cuneus_L	550	0	0	0	0	0	0	0	0	0	0	0	0	0	0	0	286	0	0	0	0	0	0	0	0	0	0	0	306	0	0	0	982	0	1360	0	278	0	1162	0	0	0	34108	5630	0	11148	3238	0	29534	3342	32208	1398	1338	0	672	0	344	0	2928	288	1914	0	886	0	3284	0	33192	5514	830	0	0	0	0	0	0	0	0	0	1028	0	1308	0	0	0	8468	0	0	0	2114	0	104	0	0	0	0	0	0	0	0	0	0	0	0	0	0	0	0	0	0	0	0	0	0	0	0	0	
382128	Cuneus_R	0	0	0	0	0	0	0	0	0	0	0	0	0	0	0	0	0	0	0	140	0	0	0	0	0	0	0	0	0	0	0	0	738	2124	716	1122	0	0	0	0	0	0	8938	25294	11148	0	1050	2108	3170	43814	2078	27682	128	350	0	1332	0	614	758	4966	0	390	0	0	0	1178	13718	34276	118	1770	0	0	0	0	0	0	0	0	0	0	0	0	0	0	172	1172	0	0	0	0	0	0	0	0	0	0	0	0	0	0	0	0	0	0	0	0	0	0	0	0	0	0	0	0	0	0	
321372	Lingual_L	198	0	130	0	0	0	0	0	0	0	0	0	0	0	0	0	0	0	88	0	0	0	0	0	0	0	0	0	336	0	0	0	96	0	426	0	2382	0	7134	0	0	0	21750	4924	3238	1050	0	3614	2662	950	16414	296	13464	128	22214	376	0	0	0	0	266	0	118	0	650	0	9004	182	94	0	0	0	202	0	0	0	0	0	196	0	348	0	0	0	832	0	0	0	858	0	5938	2636	158	150	264	0	11764	1618	10720	3018	0	0	90	0	0	210	0	0	0	232	5492	2956	346	94	118	262	
200068	Lingual_R	0	166	0	0	0	0	0	0	0	0	0	0	0	0	0	0	0	0	0	0	0	0	0	0	0	0	0	0	0	0	0	0	0	0	0	902	0	388	96	3322	0	0	3042	13196	0	2108	3614	0	0	2984	206	2986	154	2618	460	16818	0	326	0	0	0	0	0	94	0	0	0	4600	0	134	0	0	0	0	0	0	0	0	0	0	0	96	0	0	0	0	0	0	0	298	2724	6606	116	260	0	238	2500	5720	4202	8488	0	0	0	0	0	0	0	0	0	0	5680	4508	384	0	0	0	
251864	Occipital_Sup_L	0	0	0	0	0	0	0	0	0	0	0	0	0	0	0	0	0	0	0	0	0	0	0	0	0	0	0	0	0	0	0	0	348	0	434	118	0	0	0	0	0	0	16056	2098	29534	3170	2662	0	0	1430	36100	696	978	0	0	0	0	0	7728	474	642	0	0	0	408	0	18596	3918	0	0	0	0	0	0	0	0	0	0	0	0	242	0	0	0	300	0	0	0	0	0	0	0	0	0	0	0	0	0	0	0	0	0	0	0	0	0	0	0	0	0	0	0	0	0	0	0	
366340	Occipital_Sup_R	0	0	0	0	0	0	0	0	0	0	0	0	0	0	0	0	0	0	0	0	0	0	0	0	0	0	0	0	0	0	0	0	306	938	366	674	0	0	0	0	0	0	3752	21450	3342	43814	950	2984	1430	0	1050	38992	0	510	0	1320	0	756	658	10790	0	1500	0	332	0	6456	7804	29724	106	1686	0	0	0	0	0	0	0	0	0	0	0	182	0	0	0	1104	0	0	0	194	0	0	0	0	0	0	0	0	0	0	0	0	0	0	0	0	0	0	0	0	0	0	0	0	0	0	
582996	Occipital_Mid_L	2092	0	0	0	0	0	188	0	0	0	0	0	0	0	0	0	488	0	0	0	0	0	0	0	0	0	0	0	1382	0	0	0	3254	116	2866	120	602	0	3178	0	0	0	32886	1616	32208	2078	16414	206	36100	1050	0	708	19256	0	7360	0	1642	0	15434	210	13394	0	1430	0	19686	0	33276	4290	1486	0	0	0	0	0	0	0	0	0	2770	0	3834	0	0	0	23386	0	0	0	5404	0	1088	0	0	0	0	0	0	0	0	0	0	0	0	0	0	0	0	0	0	0	0	0	0	0	0	0	
365396	Occipital_Mid_R	0	0	0	0	0	0	0	0	0	0	0	0	0	0	0	0	0	0	0	0	0	0	0	0	0	0	0	0	0	0	0	0	274	1144	356	1274	0	0	0	0	0	0	1154	15814	1398	27682	296	2986	696	38992	708	0	0	3648	0	2368	0	1060	330	8480	0	6316	0	1924	0	20982	4554	22920	106	1782	0	0	0	0	0	0	0	0	0	0	0	2098	0	0	0	12072	0	0	0	1284	0	0	0	0	0	0	0	0	0	0	0	0	0	0	0	0	0	0	0	0	0	0	0	0	0	0	
147764	Occipital_Inf_L	314	0	0	0	0	0	0	0	0	0	0	0	0	0	0	0	0	0	0	0	0	0	0	0	0	0	0	0	374	0	0	0	0	0	110	0	330	0	370	0	0	0	6744	372	1338	128	13464	154	978	0	19256	0	0	0	14156	0	130	0	0	0	0	0	0	0	0	0	1774	0	0	0	0	0	0	0	0	0	0	0	468	0	368	0	0	0	3210	0	0	0	4706	0	2486	0	0	0	0	0	910	0	1270	0	0	0	0	0	0	0	0	0	0	0	342	130	0	0	0	0	
47252	Occipital_Inf_R	0	0	0	0	0	0	0	0	0	0	0	0	0	0	0	0	0	0	0	0	0	0	0	0	0	0	0	0	0	0	0	0	0	0	0	0	0	0	0	0	0	0	178	2916	0	350	128	2618	0	510	0	3648	0	0	0	6142	0	478	0	0	0	0	0	142	0	220	0	310	0	0	0	0	0	0	0	0	0	0	0	236	0	624	0	0	0	1524	0	0	0	3602	0	0	0	0	0	0	0	0	0	0	0	0	0	0	0	0	0	0	0	0	0	0	0	0	0	0	
391784	Fusiform_L	868	0	1056	0	0	0	94	0	0	0	394	0	238	0	0	0	192	0	658	0	0	0	0	0	0	0	0	0	3892	0	0	0	0	0	194	0	12120	0	9844	0	618	0	3308	0	672	0	22214	460	0	0	7360	0	14156	0	0	0	108	0	0	0	0	0	0	0	0	0	3330	110	606	0	0	0	1794	0	0	0	142	0	114	0	5808	0	2644	0	3864	0	1410	0	16504	0	23110	800	1022	176	838	0	18590	384	28014	884	104	0	220	0	198	220	0	0	0	108	3674	1962	294	126	126	270	
336600	Fusiform_R	0	458	0	284	0	0	0	0	0	0	0	284	0	0	0	0	0	260	0	200	0	0	0	0	0	0	0	0	0	3280	0	0	0	160	0	1356	0	15188	0	17504	0	2764	432	6082	0	1332	376	16818	0	1320	0	2368	0	6142	0	0	0	2934	0	454	0	1192	0	2748	0	254	0	3622	0	566	0	0	0	3180	0	0	0	194	0	828	0	2906	0	4700	0	3068	0	1576	0	17782	1134	11944	100	1460	0	0	1166	9720	1396	14242	0	0	0	420	0	524	0	0	0	0	2010	936	258	202	176	0	
276760	Postcentral_L	32680	418	6176	0	0	0	1726	0	0	0	3512	0	384	0	0	0	8488	0	3818	468	0	0	0	0	0	0	0	0	9048	0	0	0	244	392	302	0	1912	0	534	0	0	0	310	0	344	0	0	0	0	0	1642	0	130	0	108	0	0	0	9266	0	19972	0	9926	0	2378	0	3422	0	6536	210	302	0	1634	0	196	0	730	0	5126	0	3146	0	0	0	1898	0	0	0	1002	0	0	0	0	0	0	0	0	0	0	0	0	0	0	0	0	0	0	0	0	0	0	0	0	0	0	0	
180960	Postcentral_R	0	11440	0	684	0	0	0	298	0	0	0	624	0	0	0	0	0	5006	0	1172	0	0	0	96	0	0	0	0	0	3086	0	136	348	5228	486	2490	0	1764	0	86	0	0	0	800	0	614	0	326	0	756	0	1060	0	478	0	2934	0	0	0	4342	0	6218	0	12590	0	348	318	5912	1210	10606	112	160	0	962	0	0	158	172	0	1530	0	3054	0	0	0	1526	0	0	0	1350	0	0	0	0	0	0	0	0	0	0	0	0	0	0	0	0	0	0	0	0	0	0	0	0	0	0	
182336	Parietal_Sup_L	1418	0	0	0	0	0	206	0	0	0	0	0	0	0	0	0	0	0	0	0	0	0	0	0	0	0	0	0	598	0	0	0	1080	0	296	0	0	0	0	0	0	0	534	196	2928	758	0	0	7728	658	15434	330	0	0	0	0	9266	0	0	502	20132	0	902	0	5756	0	18176	2420	598	0	0	0	0	0	0	0	0	0	140	0	562	0	0	0	408	0	0	0	142	0	0	0	0	0	0	0	0	0	0	0	0	0	0	0	0	0	0	0	0	0	0	0	0	0	0	0	
120028	Parietal_Sup_R	0	226	0	0	0	0	0	0	0	0	0	0	0	0	0	0	0	0	0	0	0	0	0	0	0	0	0	0	0	0	0	0	0	0	0	0	0	0	0	0	0	0	0	226	288	4966	0	0	474	10790	210	8480	0	0	0	454	0	4342	502	0	0	6216	0	1294	0	8654	1158	10818	0	744	0	0	0	0	0	0	0	0	0	0	0	0	0	0	0	172	0	0	0	0	0	0	0	0	0	0	0	0	0	0	0	0	0	0	0	0	0	0	0	0	0	0	0	0	0	0	
204176	Parietal_Inf_L	4468	0	218	0	0	0	458	0	0	0	0	0	0	0	0	0	628	0	0	0	0	0	0	0	0	0	0	0	788	0	0	0	590	0	110	0	0	0	110	0	0	0	1942	0	1914	0	266	0	642	0	13394	0	0	0	0	0	19972	0	20132	0	0	0	11694	0	16216	0	5494	112	848	0	0	0	0	0	0	0	0	0	268	0	814	0	0	0	846	0	0	0	164	0	0	0	0	0	0	0	0	0	0	0	0	0	0	0	0	0	0	0	0	0	0	0	0	0	0	0	
99188	Parietal_Inf_R	0	1376	0	0	0	0	0	0	0	0	0	0	0	0	0	0	0	160	0	0	0	0	0	0	0	0	0	0	0	0	0	0	0	0	0	102	0	0	0	0	0	0	0	910	0	390	0	0	0	1500	0	6316	0	0	0	1192	0	6218	0	6216	0	0	0	11416	0	11222	0	2332	0	244	0	0	0	0	0	0	0	0	0	0	0	0	0	0	0	0	0	0	0	0	0	0	0	0	0	0	0	0	0	0	0	0	0	0	0	0	0	0	0	0	0	0	0	0	0	0	
112376	SupraMarginal_L	4834	0	150	0	0	0	368	0	0	0	0	0	0	0	0	0	2696	0	0	0	0	0	0	0	0	0	0	0	982	0	0	0	0	0	0	0	356	0	0	0	0	0	864	0	886	0	118	0	0	0	1430	0	0	0	0	0	9926	0	902	0	11694	0	0	0	7522	0	752	0	0	0	0	0	0	0	0	0	0	0	1458	0	6474	0	0	0	4776	0	0	0	0	0	0	0	0	0	0	0	0	0	0	0	0	0	0	0	0	0	0	0	0	0	0	0	0	0	0	0	
109952	SupraMarginal_R	0	2488	0	0	0	0	0	0	0	0	0	0	0	0	0	0	0	3144	0	0	0	0	0	0	0	0	0	0	0	304	0	0	0	98	0	596	0	314	0	0	0	0	0	1314	0	0	0	94	0	332	0	1924	0	142	0	2748	0	12590	0	1294	0	11416	0	0	0	4468	0	2478	0	0	0	0	0	0	0	0	0	0	0	618	0	5306	0	0	0	1846	0	0	0	1356	0	0	0	0	0	0	0	0	0	106	0	0	0	0	0	0	0	0	0	0	0	0	0	0	0	0	
163468	Angular_L	1400	0	186	0	0	0	188	0	0	0	0	0	0	0	0	0	1504	0	0	0	0	0	0	0	0	0	0	0	962	0	0	0	306	0	0	0	402	0	118	0	0	0	3406	0	3284	0	650	0	408	0	19686	0	0	0	0	0	2378	0	5756	0	16216	0	7522	0	0	0	3870	0	176	0	0	0	0	0	0	0	0	0	2240	0	3894	0	0	0	7052	0	0	0	130	0	0	0	0	0	0	0	0	0	0	0	0	0	0	0	0	0	0	0	0	0	0	0	0	0	0	0	
143612	Angular_R	0	0	0	0	0	0	0	0	0	0	0	0	0	0	0	0	0	0	0	0	0	0	0	0	0	0	0	0	0	0	0	0	0	122	0	778	0	0	0	0	0	0	0	798	0	1178	0	0	0	6456	0	20982	0	220	0	254	0	348	0	8654	0	11222	0	4468	0	0	0	2930	0	436	0	0	0	0	0	0	0	0	0	0	0	5278	0	0	0	7046	0	0	0	636	0	0	0	0	0	0	0	0	0	0	0	0	0	0	0	0	0	0	0	0	0	0	0	0	0	0	
525560	Precuneus_L	756	0	0	0	0	0	0	0	0	0	0	0	0	0	0	0	272	0	92	104	0	0	0	0	0	0	0	0	476	0	0	0	8534	1784	7870	924	1698	0	3818	0	0	0	29706	4114	33192	13718	9004	0	18596	7804	33276	4554	1774	0	3330	0	3422	318	18176	1158	5494	0	752	0	3870	0	0	23208	4944	680	0	0	0	0	0	0	0	0	1176	0	1620	0	0	0	9808	0	0	0	2286	0	130	0	0	0	0	0	342	0	0	0	0	0	0	0	0	0	0	0	0	0	0	0	0	0	0	0	
476160	Precuneus_R	142	0	0	0	0	0	0	0	0	0	0	0	0	0	0	0	0	0	204	872	0	0	0	0	0	0	0	0	0	0	0	0	4732	11152	3082	8624	592	784	168	1100	0	0	2678	24586	5514	34276	182	4600	3918	29724	4290	22920	0	310	110	3622	0	5912	2420	10818	112	2332	0	2478	0	2930	23208	0	1286	8048	0	0	100	0	0	0	682	98	0	0	0	1096	0	0	246	4624	0	0	0	2182	0	184	0	0	0	0	0	300	0	278	0	0	0	0	0	0	0	0	0	0	564	0	0	0	0	0	
342816	Paracentral_Lobule_L	14828	2350	11064	1202	0	0	446	290	0	0	880	0	178	0	0	0	3336	0	37078	7246	0	0	0	0	0	0	0	0	4240	266	0	0	10330	5752	3556	1214	4692	128	568	0	0	0	744	168	830	118	94	0	0	106	1486	106	0	0	606	0	6536	1210	598	0	848	0	0	0	176	0	4944	1286	0	3906	3430	200	10174	544	4484	0	14532	0	1308	0	1432	0	0	0	1170	0	0	0	728	0	0	0	0	0	0	0	0	0	0	0	0	0	0	0	0	0	0	0	0	0	0	0	0	0	0	0	
178576	Paracentral_Lobule_R	1518	8048	666	414	0	0	458	0	0	0	0	0	0	0	0	0	0	0	1926	16064	0	0	0	0	0	0	0	0	436	0	0	0	1532	15520	920	3350	178	312	0	0	0	0	0	1194	0	1770	0	134	0	1686	0	1782	0	0	0	566	210	10606	0	744	0	244	0	0	0	436	680	8048	3906	0	2370	180	538	0	140	0	1608	204	0	0	0	0	0	0	0	712	0	0	0	188	0	0	0	0	0	0	0	0	0	0	0	0	0	0	0	0	0	0	0	0	0	0	0	0	0	0	
220472	Caudate_L	2252	3586	8160	1968	1472	0	4346	320	1554	0	132	0	2428	0	4648	0	0	0	5236	5324	5662	5232	2596	382	830	244	2184	178	7900	118	6888	2312	86	1784	130	88	314	0	0	0	0	0	0	0	0	0	0	0	0	0	0	0	0	0	0	0	302	112	0	0	0	0	0	0	0	0	0	0	3430	2370	0	5792	12154	1022	390	0	5932	86	0	0	0	0	292	0	0	0	0	0	0	0	0	0	0	0	0	0	0	0	0	0	0	0	0	0	0	0	0	0	0	0	0	0	0	0	0	0	
423140	Caudate_R	118	4840	7348	22374	110	7420	4754	7486	0	290	150	1222	638	1172	438	760	0	118	9524	28874	3112	4850	1152	11932	128	6140	652	3278	2738	990	5494	28018	194	998	0	0	0	110	0	0	0	0	0	0	0	0	0	0	0	0	0	0	0	0	0	0	0	160	0	0	0	0	0	0	0	0	0	0	200	180	5792	0	2010	18032	0	1760	110	15904	0	0	0	0	0	0	0	0	0	0	0	0	0	0	0	0	0	0	0	0	0	0	0	0	0	0	0	0	0	0	0	0	0	0	0	0	0	0	
432952	Putamen_L	13474	2654	31054	1638	4922	0	11440	1214	4494	0	2732	356	2044	0	7734	0	1588	0	20408	3202	2016	1588	1756	788	478	96	786	0	27860	166	1928	598	438	1390	0	110	17116	138	1860	0	578	0	0	0	0	0	202	0	0	0	0	0	0	0	1794	0	1634	0	0	0	0	0	0	0	0	0	0	100	10174	538	12154	2010	0	522	5278	0	5260	0	1026	0	1554	0	2504	0	958	0	0	0	1692	0	92	0	0	0	0	0	148	0	192	0	0	0	0	0	0	0	0	0	0	0	0	0	0	0	0	0	
359992	Putamen_R	114	4942	222	20410	0	9146	122	7488	0	658	0	8922	0	1898	0	3070	0	2796	3888	17018	572	1664	126	3268	106	6300	90	3084	0	23748	1702	9148	280	406	0	0	0	10676	0	3290	0	740	0	0	0	0	0	0	0	0	0	0	0	0	0	3180	0	962	0	0	0	0	0	0	0	0	0	0	544	0	1022	18032	522	0	0	3700	0	698	0	172	0	1440	0	1104	0	464	0	190	0	534	0	0	0	0	0	0	0	1364	0	174	0	0	0	0	0	0	0	0	0	0	0	0	0	0	0	0	
51388	Pallidum_L	344	726	1472	724	0	0	0	0	0	0	100	0	0	0	0	0	102	0	4806	1880	0	0	0	0	0	0	0	0	544	0	0	0	0	214	0	0	1162	0	0	0	164	0	0	0	0	0	0	0	0	0	0	0	0	0	0	0	196	0	0	0	0	0	0	0	0	0	0	0	4484	140	390	0	5278	0	0	0	2880	0	0	0	0	0	88	0	0	0	0	0	0	0	0	0	0	0	0	0	0	0	0	0	0	0	0	0	0	0	0	0	0	0	0	0	0	0	0	0	
25408	Pallidum_R	0	600	0	1178	0	90	0	520	0	0	0	740	0	124	0	254	0	0	0	1272	0	0	0	124	0	0	0	0	0	312	0	512	0	0	0	0	0	952	0	566	0	0	0	0	0	0	0	0	0	0	0	0	0	0	0	0	0	0	0	0	0	0	0	0	0	0	0	0	0	0	0	1760	0	3700	0	0	0	0	0	0	0	0	0	0	0	0	0	0	0	0	0	0	0	0	0	0	0	0	0	0	0	0	0	0	0	0	0	0	0	0	0	0	0	0	0	0	
169524	Thalamus_L	4260	3750	4978	2116	0	0	180	0	0	0	274	0	0	0	0	0	138	0	14016	6282	0	0	0	0	0	0	0	0	3476	0	0	0	170	3040	264	1450	5768	972	282	0	0	0	0	0	0	0	0	0	0	0	0	0	0	0	142	0	730	158	0	0	0	0	0	0	0	0	0	682	14532	1608	5932	110	5260	0	2880	0	0	652	144	0	184	0	0	0	192	0	0	0	140	0	0	0	0	0	0	0	0	0	0	0	0	0	0	0	0	0	0	0	0	0	0	0	0	0	0	0	
108208	Thalamus_R	0	11512	0	7768	0	0	0	844	0	0	0	0	0	0	0	0	0	0	0	11572	0	0	0	322	0	0	0	0	0	166	0	846	0	0	0	162	0	2142	0	580	0	182	0	0	0	0	0	0	0	0	0	0	0	0	0	194	0	172	0	0	0	0	0	0	0	0	0	98	0	204	86	15904	0	698	0	0	652	0	0	0	0	0	0	0	0	0	0	0	0	0	0	0	0	0	0	0	0	0	0	0	0	0	0	0	0	0	0	0	0	0	0	0	0	0	0	0	
167864	Heschl_L	10790	0	2260	0	0	0	2578	0	0	0	1082	0	218	0	0	0	6014	0	792	0	0	0	0	0	0	0	0	0	11716	0	0	0	0	0	108	0	6874	0	832	0	0	0	962	0	1028	0	196	0	0	0	2770	0	468	0	114	0	5126	0	140	0	268	0	1458	0	2240	0	1176	0	1308	0	0	0	1026	0	0	0	144	0	0	0	9878	0	0	0	8772	0	0	0	3594	0	0	0	0	0	0	0	0	0	0	0	0	0	0	0	0	0	0	0	0	0	0	0	0	0	0	0	
41732	Heschl_R	0	132	0	170	0	0	0	0	0	0	0	158	0	0	0	0	0	2248	0	122	0	0	0	0	0	0	0	0	0	4216	0	0	0	0	0	0	0	566	0	0	0	0	0	0	0	0	0	0	0	0	0	0	0	236	0	828	0	1530	0	0	0	0	0	618	0	0	0	0	0	0	0	0	0	172	0	0	0	0	0	0	0	6482	0	0	0	2464	0	0	0	924	0	0	0	0	0	0	0	0	0	0	0	0	0	0	0	0	0	0	0	0	0	0	0	0	0	0	
273848	Temporal_Sup_L	5206	124	2574	0	0	0	430	0	112	0	2746	0	862	0	368	0	9386	0	1668	126	0	0	0	0	0	0	0	0	11788	0	0	0	0	110	0	0	6412	0	484	0	104	0	1420	0	1308	0	348	0	242	0	3834	0	368	0	5808	0	3146	0	562	0	814	0	6474	0	3894	0	1620	0	1432	0	0	0	1554	0	0	0	184	0	9878	0	0	0	5738	0	30882	0	166	0	14016	0	468	0	0	0	0	0	110	0	158	0	0	0	0	0	0	0	0	0	0	0	0	0	0	0	0	0	
144608	Temporal_Sup_R	0	276	0	274	0	0	0	176	0	0	0	274	0	0	0	0	0	2950	0	220	0	0	0	0	0	0	0	0	0	9248	0	0	0	0	0	354	0	1872	0	706	0	236	0	654	0	0	0	96	0	182	0	2098	0	624	0	2906	0	3054	0	0	0	0	0	5306	0	5278	0	1096	0	0	0	0	0	1440	0	0	0	0	0	6482	0	0	0	2438	0	18592	0	672	0	4392	0	106	0	0	0	0	0	132	0	170	0	0	0	0	0	0	0	0	0	0	0	0	0	0	0	0	
104624	Temporal_Pole_Sup_L	674	0	816	0	1142	0	154	0	1198	0	1602	0	846	0	3602	0	2210	0	700	0	1560	0	0	0	0	0	0	0	9016	0	0	0	0	0	0	0	1074	0	1592	0	848	0	0	0	0	0	0	0	0	0	0	0	0	0	2644	0	0	0	0	0	0	0	0	0	0	0	0	0	0	0	292	0	2504	0	88	0	0	0	0	0	5738	0	0	0	6788	0	3262	0	3962	0	0	0	0	0	0	0	0	0	0	0	0	0	0	0	0	0	0	0	0	0	0	0	0	0	0	0	
62680	Temporal_Pole_Sup_R	0	0	0	422	0	0	0	0	0	0	0	640	0	0	0	590	0	858	0	500	0	88	0	0	0	0	0	0	0	3340	0	0	0	0	0	0	0	1486	0	2900	0	1980	0	0	0	0	0	0	0	0	0	0	0	0	0	4700	0	0	0	0	0	0	0	0	0	0	0	0	0	0	0	0	0	1104	0	0	0	0	0	0	0	2438	0	0	0	3460	0	3128	0	3524	0	0	0	0	0	0	0	182	0	0	0	0	0	0	0	0	0	0	0	0	0	0	0	0	0	0	
365280	Temporal_Mid_L	5096	132	630	0	0	0	388	0	0	0	268	0	0	0	140	0	2532	0	378	140	0	0	0	0	0	0	0	0	6790	0	0	0	278	132	2138	0	4726	0	1874	0	0	0	8330	0	8468	172	832	0	300	0	23386	0	3210	0	3864	0	1898	0	408	0	846	0	4776	0	7052	0	9808	246	1170	0	0	0	958	0	0	0	192	0	8772	0	30882	0	6788	0	0	0	2636	0	31394	0	610	0	0	0	0	0	0	0	0	0	0	0	0	0	0	0	0	0	0	0	0	0	0	0	0	0	
181632	Temporal_Mid_R	0	0	0	0	0	0	0	0	0	0	0	0	0	0	0	202	0	132	0	0	0	0	0	0	0	0	0	0	0	3322	0	0	0	340	0	898	0	2274	0	614	0	0	0	2452	0	1172	0	0	0	1104	0	12072	0	1524	0	3068	0	1526	0	172	0	0	0	1846	0	7046	0	4624	0	712	0	0	0	464	0	0	0	0	0	2464	0	18592	0	3460	0	0	0	2284	0	18264	0	0	0	0	0	0	0	188	0	0	0	0	0	0	0	0	0	0	0	0	0	0	0	0	0	0	
19660	Temporal_Pole_Mid_L	0	0	0	0	0	0	0	0	0	0	0	0	0	0	0	0	0	0	0	0	0	0	0	0	0	0	0	0	0	0	0	0	0	0	0	0	0	0	368	0	0	0	0	0	0	0	0	0	0	0	0	0	0	0	1410	0	0	0	0	0	0	0	0	0	0	0	0	0	0	0	0	0	0	0	0	0	0	0	0	0	166	0	3262	0	2636	0	0	0	1988	0	0	0	0	0	0	0	0	0	0	0	0	0	0	0	0	0	0	0	0	0	0	0	0	0	0	0	
20612	Temporal_Pole_Mid_R	0	0	0	0	0	0	0	0	0	0	0	0	0	0	0	0	0	0	0	0	0	0	0	0	0	0	0	0	0	274	0	0	0	0	0	0	0	140	0	676	0	212	0	0	0	0	0	0	0	0	0	0	0	0	0	1576	0	0	0	0	0	0	0	0	0	0	0	0	0	0	0	0	0	190	0	0	0	0	0	0	0	672	0	3128	0	2284	0	0	0	1154	0	0	0	0	0	0	0	0	0	0	0	0	0	0	0	0	0	0	0	0	0	0	0	0	0	0	
244128	Temporal_Inf_L	3170	0	1172	0	0	0	258	0	0	0	534	0	288	0	0	0	586	0	762	0	0	0	0	0	0	0	0	0	6744	0	0	0	0	0	454	0	8220	0	1528	0	0	0	1954	0	2114	0	858	0	0	0	5404	0	4706	0	16504	0	1002	0	142	0	164	0	0	0	130	0	2286	0	728	0	0	0	1692	0	0	0	140	0	3594	0	14016	0	3962	0	31394	0	1988	0	0	0	3220	0	0	0	0	0	718	0	1632	0	0	0	0	0	0	0	0	0	0	0	0	0	0	0	0	0	
138284	Temporal_Inf_R	0	0	0	0	0	0	0	0	0	0	0	0	0	0	0	162	0	0	0	0	0	0	0	0	0	0	0	0	0	1630	0	0	0	0	0	0	0	5044	0	1268	0	238	0	1248	0	0	0	298	0	194	0	1284	0	3602	0	17782	0	1350	0	0	0	0	0	1356	0	636	0	2182	0	188	0	0	0	534	0	0	0	0	0	924	0	4392	0	3524	0	18264	0	1154	0	0	0	1272	0	0	0	0	0	192	0	424	0	0	0	0	0	0	0	0	0	0	0	0	0	0	0	0	
550708	Cerebelum_Crus1_L	0	0	0	0	0	0	0	0	0	0	0	0	0	0	0	0	0	0	0	0	0	0	0	0	0	0	0	0	116	0	0	0	0	0	0	0	530	0	444	0	0	0	388	0	104	0	5938	2724	0	0	1088	0	2486	0	23110	1134	0	0	0	0	0	0	0	0	0	0	130	0	0	0	0	0	92	0	0	0	0	0	0	0	468	0	0	0	610	0	0	0	3220	0	0	6966	30678	5060	3326	1094	33588	4124	63704	7792	9990	812	10932	2604	1506	974	224	0	1266	3124	16852	14526	8736	2690	1208	996	
468716	Cerebelum_Crus1_R	0	0	0	0	0	0	0	0	0	0	0	0	0	0	0	0	0	0	0	0	0	0	0	0	0	0	0	0	0	0	0	0	0	0	0	0	0	252	0	504	0	0	1424	146	0	0	2636	6606	0	0	0	0	0	0	800	11944	0	0	0	0	0	0	0	0	0	0	0	184	0	0	0	0	0	0	0	0	0	0	0	0	0	106	0	0	0	0	0	0	0	1272	6966	0	2466	30258	184	3022	7340	23728	8480	59990	746	3690	762	11396	0	1396	0	104	0	1986	17528	17198	8152	1308	898	886	
297588	Cerebelum_Crus2_L	0	0	0	0	0	0	0	0	0	0	0	0	0	0	0	0	0	0	0	0	0	0	0	0	0	0	0	0	0	0	0	0	0	0	0	0	0	0	0	0	0	0	0	0	0	0	158	116	0	0	0	0	0	0	1022	100	0	0	0	0	0	0	0	0	0	0	0	0	0	0	0	0	0	0	0	0	0	0	0	0	0	0	0	0	0	0	0	0	0	0	30678	2466	0	6256	548	934	2262	690	12434	2014	29748	1490	26898	2810	5080	626	430	0	118	874	1416	6574	8396	3196	1076	384	
277976	Cerebelum_Crus2_R	0	0	0	0	0	0	0	0	0	0	0	0	0	0	0	0	0	0	0	0	0	0	0	0	0	0	0	0	0	0	0	0	0	0	0	0	0	0	0	110	0	0	0	0	0	0	150	260	0	0	0	0	0	0	176	1460	0	0	0	0	0	0	0	0	0	0	0	0	0	0	0	0	0	0	0	0	0	0	0	0	0	0	0	0	0	0	0	0	0	0	5060	30258	6256	0	0	1428	298	4276	3160	13362	1616	18336	1370	26170	0	3978	0	358	0	532	1450	5944	9682	2536	498	264	
61552	Cerebelum_3_L	0	0	0	0	0	0	0	0	0	0	0	0	0	0	0	0	0	0	0	0	0	0	0	0	0	0	0	0	0	0	0	0	0	0	0	0	0	0	276	0	0	0	0	0	0	0	264	0	0	0	0	0	0	0	838	0	0	0	0	0	0	0	0	0	0	0	0	0	0	0	0	0	0	0	0	0	0	0	0	0	0	0	0	0	0	0	0	0	0	0	3326	184	548	0	0	112	9192	0	5990	210	196	0	572	0	1274	232	0	0	1614	3182	1672	436	160	202	136	160	
76028	Cerebelum_3_R	0	0	0	0	0	0	0	0	0	0	0	0	0	0	0	0	0	0	0	0	0	0	0	0	0	0	0	0	0	0	0	0	0	0	0	0	0	0	0	0	0	0	0	0	0	0	0	238	0	0	0	0	0	0	0	0	0	0	0	0	0	0	0	0	0	0	0	0	0	0	0	0	0	0	0	0	0	0	0	0	0	0	0	0	0	0	0	0	0	0	1094	3022	934	1428	112	0	436	3428	1548	3674	342	0	646	2294	0	1980	0	254	1036	5394	1322	1910	2564	2318	1618	422	
420752	Cerebelum_4_5_L	0	0	96	0	0	0	0	0	0	0	0	0	0	0	0	0	0	0	0	0	0	0	0	0	0	0	0	0	218	0	0	0	0	0	0	0	1166	0	2462	0	0	0	232	0	0	0	11764	2500	0	0	0	0	910	0	18590	1166	0	0	0	0	0	0	0	0	0	0	342	0	0	0	0	0	148	0	0	0	0	0	0	0	110	0	0	0	0	0	0	0	718	0	33588	7340	2262	298	9192	436	0	7342	48772	9134	980	0	1840	292	3084	1168	238	0	2150	5346	25478	6302	1250	1152	776	1534	
277764	Cerebelum_4_5_R	0	0	0	138	0	0	0	0	0	0	0	150	0	0	0	0	0	0	0	0	0	0	0	0	0	0	0	0	0	442	0	0	0	0	0	0	0	3512	0	5146	0	0	0	0	0	0	1618	5720	0	0	0	0	0	0	384	9720	0	0	0	0	0	0	0	0	0	0	0	300	0	0	0	0	0	1364	0	0	0	0	0	0	0	132	0	182	0	188	0	0	0	192	4124	23728	690	4276	0	3428	7342	0	5402	30228	302	186	386	2956	0	1666	0	152	0	2112	15002	3902	1666	1096	738	312	
581636	Cerebelum_6_L	0	0	126	0	0	0	0	0	0	0	0	0	0	0	0	0	0	0	0	0	0	0	0	0	0	0	0	0	260	0	0	0	0	0	0	0	986	0	910	88	0	0	86	0	0	0	10720	4202	0	0	0	0	1270	0	28014	1396	0	0	0	0	0	0	0	0	0	0	0	0	0	0	0	0	192	0	0	0	0	0	0	0	158	0	0	0	0	0	0	0	1632	0	63704	8480	12434	3160	5990	1548	48772	5402	0	10746	3964	358	5568	2696	2488	1870	372	0	1628	4674	22376	19650	7566	3766	2040	1526	
467172	Cerebelum_6_R	0	0	0	0	0	0	0	0	0	0	0	0	0	0	0	0	0	0	0	0	0	0	0	0	0	0	0	0	0	126	0	0	0	0	0	0	0	664	0	1040	0	0	1146	194	0	0	3018	8488	0	0	0	0	0	0	884	14242	0	0	0	0	0	0	0	106	0	0	0	278	0	0	0	0	0	174	0	0	0	0	0	0	0	170	0	0	0	0	0	0	0	424	7792	59990	2014	13362	210	3674	9134	30228	10746	0	178	1224	246	7608	0	1914	0	1010	110	2698	21484	19410	6430	1190	974	1006	
206948	Cerebelum_7b_L	0	0	0	0	0	0	0	0	0	0	0	0	0	0	0	0	0	0	0	0	0	0	0	0	0	0	0	0	0	0	0	0	0	0	0	0	0	0	0	0	0	0	0	0	0	0	0	0	0	0	0	0	0	0	104	0	0	0	0	0	0	0	0	0	0	0	0	0	0	0	0	0	0	0	0	0	0	0	0	0	0	0	0	0	0	0	0	0	0	0	9990	746	29748	1616	196	342	980	302	3964	178	0	822	31446	1610	7736	766	838	0	140	540	798	1688	3720	3782	992	430	
129952	Cerebelum_7b_R	0	0	0	0	0	0	0	0	0	0	0	0	0	0	0	0	0	0	0	0	0	0	0	0	0	0	0	0	0	0	0	0	0	0	0	0	0	0	0	0	0	0	0	0	0	0	0	0	0	0	0	0	0	0	0	0	0	0	0	0	0	0	0	0	0	0	0	0	0	0	0	0	0	0	0	0	0	0	0	0	0	0	0	0	0	0	0	0	0	0	812	3690	1490	18336	0	0	0	186	358	1224	822	0	564	25144	0	7706	0	202	0	0	0	680	1852	1544	268	98	
254296	Cerebelum_8_L	0	0	0	0	0	0	0	0	0	0	0	0	0	0	0	0	0	0	0	0	0	0	0	0	0	0	0	0	0	0	0	0	0	0	0	0	0	0	0	0	0	0	0	0	0	0	90	0	0	0	0	0	0	0	220	0	0	0	0	0	0	0	0	0	0	0	0	0	0	0	0	0	0	0	0	0	0	0	0	0	0	0	0	0	0	0	0	0	0	0	10932	762	26898	1370	572	646	1840	386	5568	246	31446	564	0	2398	16394	2450	2278	0	274	1024	1302	3360	5106	6586	3200	1236	
255600	Cerebelum_8_R	0	0	0	0	0	0	0	0	0	0	0	0	0	0	0	0	0	0	0	0	0	0	0	0	0	0	0	0	0	0	0	0	0	0	0	0	0	146	0	190	0	0	0	0	0	0	0	0	0	0	0	0	0	0	0	420	0	0	0	0	0	0	0	0	0	0	0	0	0	0	0	0	0	0	0	0	0	0	0	0	0	0	0	0	0	0	0	0	0	0	2604	11396	2810	26170	0	2294	292	2956	2696	7608	1610	25144	2398	0	284	18636	0	2510	104	1404	766	2418	4780	4852	2594	718	
105492	Cerebelum_9_L	0	0	0	0	0	0	0	0	0	0	0	0	0	0	0	0	0	0	0	0	0	0	0	0	0	0	0	0	0	0	0	0	0	0	0	0	0	0	0	0	0	0	0	0	0	0	0	0	0	0	0	0	0	0	198	0	0	0	0	0	0	0	0	0	0	0	0	0	0	0	0	0	0	0	0	0	0	0	0	0	0	0	0	0	0	0	0	0	0	0	1506	0	5080	0	1274	0	3084	0	2488	0	7736	0	16394	284	0	1818	3224	0	202	642	834	1258	1552	1422	2260	1490	
154628	Cerebelum_9_R	0	0	0	0	0	0	0	0	0	0	0	0	0	0	0	0	0	0	0	0	0	0	0	0	0	0	0	0	0	0	0	0	0	0	0	0	0	320	0	434	0	0	0	0	0	0	210	0	0	0	0	0	0	0	220	524	0	0	0	0	0	0	0	0	0	0	0	0	0	0	0	0	0	0	0	0	0	0	0	0	0	0	0	0	0	0	0	0	0	0	974	1396	626	3978	232	1980	1168	1666	1870	1914	766	7706	2450	18636	1818	0	198	2192	832	1998	1576	2994	2562	4442	6892	4740	
18820	Cerebelum_10_L	0	0	0	0	0	0	0	0	0	0	0	0	0	0	0	0	0	0	0	0	0	0	0	0	0	0	0	0	0	0	0	0	0	0	0	0	0	0	0	0	0	0	0	0	0	0	0	0	0	0	0	0	0	0	0	0	0	0	0	0	0	0	0	0	0	0	0	0	0	0	0	0	0	0	0	0	0	0	0	0	0	0	0	0	0	0	0	0	0	0	224	0	430	0	0	0	238	0	372	0	838	0	2278	0	3224	198	0	0	0	0	128	372	342	292	256	218	
13996	Cerebelum_10_R	0	0	0	0	0	0	0	0	0	0	0	0	0	0	0	0	0	0	0	0	0	0	0	0	0	0	0	0	0	0	0	0	0	0	0	0	0	0	0	0	0	0	0	0	0	0	0	0	0	0	0	0	0	0	0	0	0	0	0	0	0	0	0	0	0	0	0	0	0	0	0	0	0	0	0	0	0	0	0	0	0	0	0	0	0	0	0	0	0	0	0	104	0	358	0	254	0	152	0	1010	0	202	0	2510	0	2192	0	0	0	216	0	0	0	0	0	0	
37348	Vermis_1_2	0	0	0	0	0	0	0	0	0	0	0	0	0	0	0	0	0	0	0	0	0	0	0	0	0	0	0	0	0	0	0	0	0	0	0	0	0	0	0	0	0	0	0	0	0	0	0	0	0	0	0	0	0	0	0	0	0	0	0	0	0	0	0	0	0	0	0	0	0	0	0	0	0	0	0	0	0	0	0	0	0	0	0	0	0	0	0	0	0	0	1266	0	118	0	1614	1036	2150	0	1628	110	140	0	274	104	202	832	0	0	0	5340	2428	192	210	334	378	318	
111840	Vermis_3	0	0	0	0	0	0	0	0	0	0	0	0	0	0	0	0	0	0	0	0	0	0	0	0	0	0	0	0	0	0	0	0	0	0	0	0	88	0	170	0	0	0	0	0	0	0	232	0	0	0	0	0	0	0	108	0	0	0	0	0	0	0	0	0	0	0	0	0	0	0	0	0	0	0	0	0	0	0	0	0	0	0	0	0	0	0	0	0	0	0	3124	1986	874	532	3182	5394	5346	2112	4674	2698	540	0	1024	1404	642	1998	0	216	5340	0	6102	2150	2056	2050	1344	534	
362524	Vermis_4_5	0	0	0	0	0	0	0	0	0	0	0	0	0	0	0	0	0	0	0	0	0	0	0	0	0	0	0	0	0	0	0	0	0	0	0	434	0	0	0	0	0	0	164	210	0	0	5492	5680	0	0	0	0	342	0	3674	2010	0	0	0	0	0	0	0	0	0	0	0	564	0	0	0	0	0	0	0	0	0	0	0	0	0	0	0	0	0	0	0	0	0	0	16852	17528	1416	1450	1672	1322	25478	15002	22376	21484	798	0	1302	766	834	1576	128	0	2428	6102	0	16208	3034	1926	1014	1996	
322540	Vermis_6	0	0	0	0	0	0	0	0	0	0	0	0	0	0	0	0	0	0	0	0	0	0	0	0	0	0	0	0	0	0	0	0	0	0	0	0	0	0	0	0	0	0	394	0	0	0	2956	4508	0	0	0	0	130	0	1962	936	0	0	0	0	0	0	0	0	0	0	0	0	0	0	0	0	0	0	0	0	0	0	0	0	0	0	0	0	0	0	0	0	0	0	14526	17198	6574	5944	436	1910	6302	3902	19650	19410	1688	680	3360	2418	1258	2994	372	0	192	2150	16208	0	11564	5046	3088	3514	
