data	data	543172	306756	845144	706388	134204	75056	466192	382988	81608	26048	253848	119108	251176	92888	177020	98424	219488	159228	430772	482636	49384	53100	338768	370064	27080	108768	12896	24516	504064	282308	426728	462324	98832	415992	106244	173460	200032	343536	80396	290512	29408	51980	321448	341628	155648	311764	297856	389120	207056	327352	458344	283588	137980	160104	393428	612648	352956	201720	157080	70896	223476	98348	117720	147180	120988	151884	210056	404248	138800	175176	307228	329432	298072	338104	43576	19388	112492	109972	110080	89492	202672	160424	68484	58224	302036	286532	18464	36516	239784	233112	474564	396424	357476	355732	34472	63032	247324	258020	408004	368364	225640	177628	286396	296788	91268	119688	21576	16168	25600	43592	229408	185888	229508	173760	140880	33760	
data	data	Precentral_L	Precentral_R	Frontal_Sup_L	Frontal_Sup_R	Frontal_Sup_Orb_L	Frontal_Sup_Orb_R	Frontal_Mid_L	Frontal_Mid_R	Frontal_Mid_Orb_L	Frontal_Mid_Orb_R	Frontal_Inf_Oper_L	Frontal_Inf_Oper_R	Frontal_Inf_Tri_L	Frontal_Inf_Tri_R	Frontal_Inf_Orb_L	Frontal_Inf_Orb_R	Rolandic_Oper_L	Rolandic_Oper_R	Supp_Motor_Area_L	Supp_Motor_Area_R	Olfactory_L	Olfactory_R	Frontal_Sup_Medial_L	Frontal_Sup_Medial_R	Frontal_Med_Orb_L	Frontal_Med_Orb_R	Rectus_L	Rectus_R	Insula_L	Insula_R	Cingulum_Ant_L	Cingulum_Ant_R	Cingulum_Mid_L	Cingulum_Mid_R	Cingulum_Post_L	Cingulum_Post_R	Hippocampus_L	Hippocampus_R	ParaHippocampal_L	ParaHippocampal_R	Amygdala_L	Amygdala_R	Calcarine_L	Calcarine_R	Cuneus_L	Cuneus_R	Lingual_L	Lingual_R	Occipital_Sup_L	Occipital_Sup_R	Occipital_Mid_L	Occipital_Mid_R	Occipital_Inf_L	Occipital_Inf_R	Fusiform_L	Fusiform_R	Postcentral_L	Postcentral_R	Parietal_Sup_L	Parietal_Sup_R	Parietal_Inf_L	Parietal_Inf_R	SupraMarginal_L	SupraMarginal_R	Angular_L	Angular_R	Precuneus_L	Precuneus_R	Paracentral_Lobule_L	Paracentral_Lobule_R	Caudate_L	Caudate_R	Putamen_L	Putamen_R	Pallidum_L	Pallidum_R	Thalamus_L	Thalamus_R	Heschl_L	Heschl_R	Temporal_Sup_L	Temporal_Sup_R	Temporal_Pole_Sup_L	Temporal_Pole_Sup_R	Temporal_Mid_L	Temporal_Mid_R	Temporal_Pole_Mid_L	Temporal_Pole_Mid_R	Temporal_Inf_L	Temporal_Inf_R	Cerebelum_Crus1_L	Cerebelum_Crus1_R	Cerebelum_Crus2_L	Cerebelum_Crus2_R	Cerebelum_3_L	Cerebelum_3_R	Cerebelum_4_5_L	Cerebelum_4_5_R	Cerebelum_6_L	Cerebelum_6_R	Cerebelum_7b_L	Cerebelum_7b_R	Cerebelum_8_L	Cerebelum_8_R	Cerebelum_9_L	Cerebelum_9_R	Cerebelum_10_L	Cerebelum_10_R	Vermis_1_2	Vermis_3	Vermis_4_5	Vermis_6	Vermis_7	Vermis_8	Vermis_9	Vermis_10	
543172	Precentral_L	0	14612	13162	2906	0	0	21512	848	0	0	24024	0	6390	0	2034	0	11862	78	6950	11604	0	0	2996	0	0	0	0	0	15562	0	3322	180	1684	4144	6012	2512	5392	600	1256	106	0	0	1248	0	106	0	876	90	0	0	2570	0	206	0	2000	100	37088	390	1518	0	4904	0	1568	0	362	0	1462	154	16840	6064	1748	1282	3702	218	452	192	13362	2032	5150	0	3372	0	0	0	1444	0	0	0	1338	0	0	0	0	0	0	0	0	0	0	0	0	0	0	0	0	0	0	0	0	0	0	0	0	0	0	0	
306756	Precentral_R	14612	0	2064	5060	0	154	288	14826	0	0	250	7380	0	312	0	1550	328	1852	2784	8914	0	0	0	1200	0	210	0	0	376	1440	284	1720	624	3530	704	2030	124	3204	0	2638	0	0	0	840	0	218	0	728	0	790	0	1034	0	2536	0	4114	860	17616	0	210	0	350	0	758	0	114	0	2090	9138	15524	1304	3208	1176	3174	582	100	198	2986	72	772	88	616	0	0	0	1456	0	0	0	1868	0	230	0	0	0	0	0	0	0	170	0	0	0	0	0	0	0	0	0	0	0	0	0	0	0	0	
845144	Frontal_Sup_L	13162	2064	0	21080	7280	154	71616	3506	2622	0	8916	0	18372	0	7386	0	6290	0	52350	19412	0	0	43734	7016	194	228	0	0	27588	0	31166	6300	4122	2700	92	84	1988	234	364	92	0	0	0	0	0	0	0	0	0	0	0	0	0	0	372	120	4598	210	0	0	0	0	0	0	0	0	0	0	308	96	26560	1980	19576	130	2412	0	1470	352	1146	0	1816	0	1100	0	0	0	0	0	214	0	0	0	0	0	0	0	0	0	0	0	0	0	0	0	0	0	0	0	0	0	0	0	0	0	0	0	
706388	Frontal_Sup_R	2906	5060	21080	0	0	3620	3166	51924	0	670	110	3562	0	4690	0	4368	0	1050	12954	36262	0	0	9552	43492	0	6642	0	118	242	6582	12836	41312	568	10614	72	258	256	3978	0	3092	0	0	0	0	0	0	0	222	0	186	0	160	0	104	0	1574	910	404	0	0	0	0	0	0	0	0	0	370	192	290	11744	22676	1254	14906	452	1334	1368	3404	174	0	0	128	0	0	0	132	0	0	0	86	0	0	0	0	0	0	0	88	0	0	0	0	0	0	0	0	0	0	0	0	0	0	0	0	0	0	
134204	Frontal_Sup_Orb_L	0	0	7280	0	0	0	2534	0	15148	0	0	0	2718	0	11642	0	0	0	428	0	540	0	2350	0	2554	0	1796	0	10818	0	3182	82	0	0	0	0	322	0	0	0	220	0	0	0	0	0	0	0	0	0	0	0	0	0	0	0	0	0	0	0	0	0	0	0	0	0	0	0	0	0	0	0	5212	0	0	0	0	0	0	0	0	0	276	0	0	0	0	0	0	0	0	0	0	0	0	0	0	0	0	0	0	0	0	0	0	0	0	0	0	0	0	0	0	0	0	0	
75056	Frontal_Sup_Orb_R	0	154	154	3620	0	0	0	1608	0	2984	0	0	0	166	0	1922	0	0	0	444	0	256	0	3340	0	6302	0	4406	0	160	0	2794	0	0	0	0	0	88	0	0	0	0	0	0	0	0	0	0	0	0	0	0	0	0	0	96	0	0	0	0	0	0	0	0	0	0	0	0	0	84	224	4900	120	3706	0	0	0	0	0	0	0	0	0	0	0	0	0	0	0	0	0	0	0	0	0	0	0	0	0	0	0	0	0	0	0	0	0	0	0	0	0	0	0	0	0	0	
466192	Frontal_Mid_L	21512	288	71616	3166	2534	0	0	266	2164	0	15786	0	33194	0	10028	0	2476	0	11708	3276	0	0	11450	460	0	0	0	0	17268	0	10676	1096	1286	982	0	0	544	0	72	0	0	0	0	0	0	0	0	0	0	0	0	0	0	0	0	0	770	74	0	0	0	0	0	0	0	0	0	0	84	98	7416	328	1158	0	0	0	756	0	108	0	296	0	160	0	0	0	0	0	0	0	0	0	0	0	0	0	0	0	0	0	0	0	0	0	0	0	0	0	0	0	0	0	0	0	0	0	
382988	Frontal_Mid_R	848	14826	3506	51924	0	1608	266	0	0	1418	98	8078	0	15962	0	12118	0	746	3756	7014	0	0	1220	8992	0	1874	0	0	94	9182	1978	14568	388	3078	0	152	0	2416	0	1868	0	0	0	0	0	0	0	166	0	74	0	0	0	144	0	774	742	1248	0	0	0	0	0	0	0	0	0	196	0	280	2092	6444	304	9794	0	148	180	172	0	258	0	204	0	0	0	134	0	0	0	162	0	0	0	0	0	0	0	0	0	0	0	0	0	0	0	0	0	0	0	0	0	0	0	0	0	0	
81608	Frontal_Mid_Orb_L	0	0	2622	0	15148	0	2164	0	0	0	0	0	1072	0	12508	0	0	0	0	0	326	0	0	0	104	0	222	0	4802	0	0	0	0	0	0	0	86	0	0	0	72	0	0	0	0	0	0	0	0	0	0	0	0	0	0	0	0	0	0	0	0	0	0	0	0	0	0	0	0	0	0	0	1444	0	0	0	0	0	0	0	0	0	234	0	0	0	0	0	0	0	0	0	0	0	0	0	0	0	0	0	0	0	0	0	0	0	0	0	0	0	0	0	0	0	0	0	
26048	Frontal_Mid_Orb_R	0	0	0	670	0	2984	0	1418	0	0	0	114	0	930	0	5236	0	0	0	0	0	0	0	0	0	376	0	570	0	88	0	0	0	0	0	0	0	0	0	0	0	0	0	0	0	0	0	0	0	0	0	0	0	0	0	0	0	0	0	0	0	0	0	0	0	0	0	0	0	0	0	228	0	410	0	0	0	0	0	0	0	0	0	0	0	0	0	0	0	0	0	0	0	0	0	0	0	0	0	0	0	0	0	0	0	0	0	0	0	0	0	0	0	0	0	0	
253848	Frontal_Inf_Oper_L	24024	250	8916	110	0	0	15786	98	0	0	0	0	15400	0	2440	0	9818	0	1290	0	0	0	1796	0	0	0	0	0	19072	0	1636	0	0	0	516	0	2212	0	454	0	0	0	200	0	0	0	74	0	0	0	750	0	82	0	376	0	7468	0	252	0	1106	0	288	0	0	0	0	0	80	0	280	0	3504	0	286	0	1470	0	1974	0	2512	0	1738	0	542	0	0	0	124	0	0	0	0	0	0	0	0	0	0	0	0	0	0	0	0	0	0	0	0	0	0	0	0	0	0	0	
119108	Frontal_Inf_Oper_R	0	7380	0	3562	0	0	0	8078	0	114	0	0	0	5578	0	2290	0	4744	0	358	0	0	0	510	0	0	0	0	0	11064	0	542	0	0	0	264	0	1616	0	1086	0	0	0	0	0	0	0	212	0	128	0	114	0	86	0	972	0	2042	0	0	0	0	0	0	0	0	0	370	0	102	0	374	0	5304	0	0	0	166	0	418	0	848	0	1086	0	146	0	0	0	0	0	0	0	0	0	0	0	0	0	0	0	0	0	0	0	0	0	0	0	0	0	0	0	0	0	0	
251176	Frontal_Inf_Tri_L	6390	0	18372	0	2718	0	33194	0	1072	0	15400	0	0	0	17878	0	1816	0	2040	0	0	0	1194	0	0	0	0	0	20292	0	858	0	0	0	0	0	242	0	0	0	0	0	0	0	0	0	0	0	0	0	0	0	0	0	0	0	880	0	0	0	0	0	0	0	0	0	0	0	0	0	120	0	352	0	0	0	0	0	100	0	876	0	1696	0	98	0	0	0	0	0	0	0	0	0	0	0	0	0	0	0	0	0	0	0	0	0	0	0	0	0	0	0	0	0	0	0	
92888	Frontal_Inf_Tri_R	0	312	0	4690	0	166	0	15962	0	930	0	5578	0	0	0	4310	0	0	0	146	0	0	0	560	0	0	0	0	0	10756	0	546	0	0	0	0	0	174	0	150	0	0	0	0	0	0	0	72	0	0	0	0	0	0	0	132	0	0	0	0	0	0	0	0	0	0	0	98	0	0	0	384	0	1322	0	0	0	0	0	0	0	72	0	84	0	0	0	0	0	0	0	0	0	0	0	0	0	0	0	0	0	0	0	0	0	0	0	0	0	0	0	0	0	0	0	0	
177020	Frontal_Inf_Orb_L	2034	0	7386	0	11642	0	10028	0	12508	0	2440	0	17878	0	0	0	198	0	630	0	656	0	204	0	0	0	0	0	16144	0	132	0	0	0	0	0	1106	0	140	0	796	0	0	0	0	0	0	0	0	0	0	0	0	0	90	0	140	0	0	0	0	0	0	0	0	0	0	0	0	0	0	0	3184	0	0	0	0	0	0	0	82	0	1092	0	0	0	0	0	0	0	0	0	0	0	0	0	0	0	0	0	0	0	0	0	0	0	0	0	0	0	0	0	0	0	0	0	
98424	Frontal_Inf_Orb_R	0	1550	0	4368	0	1922	0	12118	0	5236	0	2290	0	4310	0	0	0	0	0	202	0	826	0	360	0	0	0	426	0	8954	0	364	0	0	0	0	0	430	0	300	0	440	0	0	0	0	0	0	0	0	0	0	0	0	0	236	0	332	0	0	0	0	0	0	0	0	0	0	0	0	0	408	0	3940	0	0	0	0	0	0	0	108	0	92	0	0	0	0	0	0	0	0	0	0	0	0	0	0	0	0	0	0	0	0	0	0	0	0	0	0	0	0	0	0	0	0	
219488	Rolandic_Oper_L	11862	328	6290	0	0	0	2476	0	0	0	9818	0	1816	0	198	0	0	0	1170	204	0	0	0	0	0	0	0	0	21200	0	88	0	264	0	154	0	1654	0	164	0	0	0	280	0	0	0	124	0	0	0	2278	0	162	0	918	0	15758	346	906	0	800	0	4074	0	106	0	1186	0	96	0	94	0	766	0	384	0	604	0	6466	0	12456	0	594	0	1966	0	0	0	1694	0	0	0	0	0	0	0	0	0	0	0	0	0	0	0	0	0	0	0	0	0	0	0	0	0	0	0	
159228	Rolandic_Oper_R	78	1852	0	1050	0	0	0	746	0	0	0	4744	0	0	0	0	0	0	0	214	0	0	0	0	0	0	0	0	0	13932	0	0	0	0	0	180	0	3186	0	2904	0	0	0	460	0	0	0	338	0	268	0	254	0	1140	0	5068	0	7018	0	0	0	0	0	4864	0	0	0	652	0	522	0	270	0	4074	0	82	0	244	0	14734	0	5528	0	1162	0	1144	0	0	0	2698	0	128	0	0	0	0	0	0	0	80	0	0	0	0	0	0	0	0	0	0	0	0	0	0	0	0	
430772	Supp_Motor_Area_L	6950	2784	52350	12954	428	0	11708	3756	0	0	1290	0	2040	0	630	0	1170	0	0	32930	0	0	9050	4642	0	0	0	0	5902	0	14302	4472	7636	9776	480	368	826	0	158	0	0	0	0	0	0	0	0	0	0	0	0	0	0	0	108	74	1536	0	0	0	0	0	0	0	0	0	0	168	3672	1560	9258	1276	7290	122	2022	126	732	198	282	0	218	0	142	0	0	0	0	0	0	0	0	0	0	0	0	0	0	0	0	0	0	0	0	0	0	0	0	0	0	0	0	0	0	0	0	0	
482636	Supp_Motor_Area_R	11604	8914	19412	36262	0	444	3276	7014	0	0	0	358	0	146	0	202	204	214	32930	0	0	0	2510	9502	0	634	0	0	466	958	3328	11672	2578	32846	1950	6496	218	1672	0	1398	0	0	0	1124	0	590	0	518	0	382	0	474	0	106	0	972	350	0	0	0	0	0	0	0	0	0	0	4546	6638	10410	7616	4468	424	3390	222	400	714	436	220	0	0	0	0	0	0	110	0	0	0	0	0	0	0	0	0	0	0	0	0	0	0	0	0	0	0	0	0	0	0	0	0	0	0	0	0	0	
49384	Olfactory_L	0	0	0	0	540	0	0	0	326	0	0	0	0	0	656	0	0	0	0	0	0	3332	0	0	102	84	290	0	1000	0	1942	1070	0	0	0	0	558	0	248	0	604	0	0	0	0	0	0	0	0	0	0	0	0	0	132	0	0	0	0	0	0	0	0	0	0	0	0	0	0	0	4870	3450	3686	1248	150	200	0	0	0	0	0	0	204	0	0	0	0	0	0	0	0	0	0	0	0	0	0	0	0	0	0	0	0	0	0	0	0	0	0	0	0	0	0	0	0	0	
53100	Olfactory_R	0	0	0	0	0	256	0	0	0	0	0	0	0	0	0	826	0	0	0	0	3332	0	0	0	0	288	160	510	0	1860	1110	1454	0	0	0	0	0	1044	0	598	0	1092	0	0	0	0	0	0	0	0	0	0	0	0	0	482	0	0	0	0	0	0	0	0	0	0	0	0	0	0	3798	4166	2944	1866	258	200	0	0	0	0	0	0	0	92	0	0	0	0	0	214	0	0	0	0	0	0	0	0	0	0	0	0	0	0	0	0	0	0	0	0	0	0	0	0	0	0	
338768	Frontal_Sup_Medial_L	2996	0	43734	9552	2350	0	11450	1220	0	0	1796	0	1194	0	204	0	0	0	9050	2510	0	0	0	17696	1958	332	0	0	3332	0	28126	11830	4586	8240	0	0	0	0	0	0	0	0	0	0	0	0	0	0	0	0	0	0	0	0	0	0	88	0	0	0	0	0	0	0	0	0	0	0	0	0	2810	270	3870	0	0	0	116	74	0	0	0	0	0	0	0	0	0	0	0	0	0	0	0	0	0	0	0	0	0	0	0	0	0	0	0	0	0	0	0	0	0	0	0	0	0	0	
370064	Frontal_Sup_Medial_R	0	1200	7016	43492	0	3340	460	8992	0	0	0	510	0	560	0	360	0	0	4642	9502	0	0	17696	0	302	7540	0	92	0	218	10864	34584	600	12080	0	174	0	322	0	240	0	0	0	0	0	0	0	178	0	74	0	0	0	0	0	418	0	240	0	0	0	0	0	0	0	0	0	198	0	264	1264	12806	450	2470	0	0	0	1884	0	0	0	0	0	0	0	0	0	0	0	0	0	0	0	0	0	0	0	0	0	0	0	0	0	0	0	0	0	0	0	0	0	0	0	0	0	0	
27080	Frontal_Med_Orb_L	0	0	194	0	2554	0	0	0	104	0	0	0	0	0	0	0	0	0	0	0	102	0	1958	302	0	450	952	0	0	0	4342	0	0	0	0	0	0	0	0	0	0	0	0	0	0	0	0	0	0	0	0	0	0	0	0	0	0	0	0	0	0	0	0	0	0	0	0	0	0	0	404	0	2178	0	0	0	0	0	0	0	0	0	0	0	0	0	0	0	0	0	0	0	0	0	0	0	0	0	0	0	0	0	0	0	0	0	0	0	0	0	0	0	0	0	0	0	
108768	Frontal_Med_Orb_R	0	210	228	6642	0	6302	0	1874	0	376	0	0	0	0	0	0	0	0	0	634	84	288	332	7540	450	0	0	2898	0	0	700	9126	0	104	0	0	0	92	0	0	0	0	0	0	0	0	0	0	0	0	0	0	0	0	0	88	0	0	0	0	0	0	0	0	0	0	0	0	0	0	460	9738	72	6146	0	0	0	0	0	0	0	0	0	0	0	0	0	0	0	0	0	0	0	0	0	0	0	0	0	0	0	0	0	0	0	0	0	0	0	0	0	0	0	0	0	0	
12896	Rectus_L	0	0	0	0	1796	0	0	0	222	0	0	0	0	0	0	0	0	0	0	0	290	160	0	0	952	0	0	0	126	0	1036	0	0	0	0	0	0	0	0	0	0	0	0	0	0	0	0	0	0	0	0	0	0	0	0	0	0	0	0	0	0	0	0	0	0	0	0	0	0	0	554	152	1160	0	0	0	0	0	0	0	0	0	0	0	0	0	0	0	0	0	0	0	0	0	0	0	0	0	0	0	0	0	0	0	0	0	0	0	0	0	0	0	0	0	0	0	
24516	Rectus_R	0	0	0	118	0	4406	0	0	0	570	0	0	0	0	0	426	0	0	0	0	0	510	0	92	0	2898	0	0	0	218	0	366	0	0	0	0	0	0	0	0	0	0	0	0	0	0	0	0	0	0	0	0	0	0	0	0	0	0	0	0	0	0	0	0	0	0	0	0	0	0	0	1258	0	1396	0	0	0	0	0	0	0	0	0	0	0	0	0	0	0	0	0	0	0	0	0	0	0	0	0	0	0	0	0	0	0	0	0	0	0	0	0	0	0	0	0	0	
504064	Insula_L	15562	376	27588	242	10818	0	17268	94	4802	0	19072	0	20292	0	16144	0	21200	0	5902	466	1000	0	3332	0	0	0	126	0	0	0	3462	100	156	72	930	0	12932	0	1526	0	1886	0	668	0	0	0	218	0	0	0	1670	0	306	0	4438	0	8744	320	582	0	548	0	758	0	72	0	540	0	104	0	1196	0	14548	0	408	0	2378	102	7276	0	8012	0	4530	0	3788	0	0	0	5406	0	72	0	0	0	0	0	0	0	0	0	0	0	0	0	0	0	0	0	0	0	0	0	0	0	0	0	
282308	Insula_R	0	1440	0	6582	0	160	0	9182	0	88	0	11064	0	10756	0	8954	0	13932	0	958	0	1860	0	218	0	0	0	218	0	0	0	254	0	0	0	652	0	9110	0	5830	0	2234	0	418	0	0	0	688	0	136	0	124	0	618	0	7936	0	1944	0	0	0	0	0	1234	0	0	0	984	0	416	0	1620	0	21564	0	0	0	788	0	4962	0	5706	0	1952	0	2940	0	0	0	3306	0	120	0	0	0	0	0	100	0	106	0	0	0	0	0	0	0	0	0	0	0	0	0	0	0	0	
426728	Cingulum_Ant_L	3322	284	31166	12836	3182	0	10676	1978	0	0	1636	0	858	0	132	0	88	0	14302	3328	1942	1110	28126	10864	4342	700	1036	0	3462	0	0	23380	6700	7576	320	0	0	164	0	94	0	0	0	0	0	0	0	0	0	0	0	0	0	0	0	106	116	0	0	0	0	0	0	0	0	0	0	0	0	90	14134	2926	19034	1752	506	78	1018	0	0	0	0	0	0	0	0	0	0	0	0	0	0	0	0	0	0	0	0	0	0	0	0	0	0	0	0	0	0	0	0	0	0	0	0	0	0	0	
462324	Cingulum_Ant_R	180	1720	6300	41312	82	2794	1096	14568	0	0	0	542	0	546	0	364	0	0	4472	11672	1070	1454	11830	34584	0	9126	0	366	100	254	23380	0	1622	20742	0	176	0	648	0	380	0	0	0	0	0	0	0	190	0	80	0	0	0	0	0	658	0	268	0	0	0	0	0	0	0	0	0	198	0	298	3398	22602	2108	6586	194	104	0	3098	0	0	0	0	0	0	0	0	0	0	0	0	0	0	0	0	0	0	0	0	0	0	0	0	0	0	0	0	0	0	0	0	0	0	0	0	0	0	
98832	Cingulum_Mid_L	1684	624	4122	568	0	0	1286	388	0	0	0	0	0	0	0	0	264	0	7636	2578	0	0	4586	600	0	0	0	0	156	0	6700	1622	0	5808	4174	166	0	0	0	0	0	0	244	0	152	0	0	0	240	0	502	0	0	0	0	0	222	220	108	0	0	0	0	0	0	0	1538	808	1164	634	364	0	258	0	0	0	0	0	0	0	0	0	0	0	0	0	0	0	0	0	0	0	0	0	0	0	0	0	0	0	0	0	0	0	0	0	0	0	0	0	0	0	0	0	0	0	
415992	Cingulum_Mid_R	4144	3530	2700	10614	0	0	982	3078	0	0	0	0	0	0	0	0	0	0	9776	32846	0	0	8240	12080	0	104	0	0	72	0	7576	20742	5808	0	2998	9282	0	212	0	260	0	0	0	6118	0	6822	0	3610	0	3894	0	4178	0	1660	0	2680	0	5116	0	336	0	110	0	92	0	338	294	18512	3826	11330	590	790	206	104	0	0	86	118	0	0	0	0	0	0	0	1618	0	0	0	524	0	0	0	0	0	0	0	0	0	0	0	0	0	0	0	0	0	0	0	0	0	0	0	0	0	0	
106244	Cingulum_Post_L	6012	704	92	72	0	0	0	0	0	0	516	0	0	0	0	0	154	0	480	1950	0	0	0	0	0	0	0	0	930	0	320	0	4174	2998	0	6336	3592	702	1628	74	0	0	3126	0	856	676	2616	0	114	0	198	0	0	0	598	0	668	0	0	0	0	0	0	0	0	0	4548	1064	4106	804	0	0	0	0	0	0	636	1146	734	0	0	0	0	0	104	0	0	0	130	0	132	0	0	0	0	0	0	0	132	0	0	0	0	0	0	0	0	0	0	0	0	0	0	0	0	0	
173460	Cingulum_Post_R	2512	2030	84	258	0	0	0	152	0	0	0	264	0	0	0	0	0	180	368	6496	0	0	0	174	0	0	0	0	0	652	0	176	166	9282	6336	0	488	6084	0	3860	0	0	0	1406	0	1668	0	8886	0	626	0	1668	0	268	0	3366	0	1122	0	0	0	90	0	112	0	170	546	15004	1194	4368	142	230	0	178	0	0	1360	3054	0	140	0	154	0	0	0	808	0	0	0	158	0	0	0	0	0	0	0	110	0	0	0	0	0	0	0	0	0	0	0	0	340	0	0	0	0	0	
200032	Hippocampus_L	5392	124	1988	256	322	0	544	0	86	0	2212	0	242	0	1106	0	1654	0	826	218	558	0	0	0	0	0	0	0	12932	0	0	0	0	0	3592	488	0	588	13122	0	5224	0	2170	0	0	0	4830	0	0	0	90	0	0	0	12472	0	1256	0	0	0	0	0	0	0	0	0	3082	0	0	0	1020	0	5254	0	640	0	4700	652	3648	0	1094	0	2002	0	178	0	194	0	4560	0	230	0	0	0	0	0	142	0	328	0	0	0	0	0	0	0	0	0	0	0	0	0	0	0	0	0	
343536	Hippocampus_R	600	3204	234	3978	0	88	0	2416	0	0	0	1616	0	174	0	430	0	3186	0	1672	0	1044	0	322	0	92	0	0	0	9110	164	648	0	212	702	6084	588	0	0	39960	0	8216	0	1202	0	0	0	7078	0	100	0	122	0	114	0	33192	284	380	0	0	0	0	0	76	0	0	0	6570	0	1184	0	1280	0	18860	0	850	678	4524	0	2482	0	1336	0	1700	0	948	0	392	0	2004	0	128	0	82	0	0	0	986	0	158	0	0	0	0	0	0	0	0	0	0	318	0	0	0	0	0	
80396	ParaHippocampal_L	1256	0	364	0	0	0	72	0	0	0	454	0	0	0	140	0	164	0	158	0	248	0	0	0	0	0	0	0	1526	0	0	0	0	0	1628	0	13122	0	0	0	1518	0	1368	0	0	0	4352	0	0	0	0	0	284	0	7314	0	102	0	0	0	0	0	0	0	0	0	1914	0	0	0	140	0	1754	0	0	0	992	0	0	0	0	0	456	0	0	0	102	0	638	0	0	0	0	0	0	0	132	0	0	0	0	0	0	0	0	0	0	0	0	0	0	0	0	0	0	0	
290512	ParaHippocampal_R	106	2638	92	3092	0	0	0	1868	0	0	0	1086	0	150	0	300	0	2904	0	1398	0	598	0	240	0	0	0	0	0	5830	94	380	0	260	74	3860	0	39960	0	0	0	4802	0	1152	0	0	0	7958	0	108	0	152	0	108	0	30898	128	372	0	0	0	0	0	0	0	0	0	5866	0	1304	0	894	0	13746	0	834	0	1870	0	2172	0	826	0	1596	0	472	0	998	0	994	0	276	0	184	0	0	0	1808	0	430	0	0	0	72	0	0	0	0	0	0	306	0	0	0	0	0	
29408	Amygdala_L	0	0	0	0	220	0	0	0	72	0	0	0	0	0	796	0	0	0	0	0	604	0	0	0	0	0	0	0	1886	0	0	0	0	0	0	0	5224	0	1518	0	0	0	0	0	0	0	0	0	0	0	0	0	0	0	1866	0	0	0	0	0	0	0	0	0	0	0	0	0	0	0	0	0	296	0	0	0	192	0	0	0	0	0	1124	0	0	0	206	0	700	0	0	0	0	0	0	0	0	0	0	0	0	0	0	0	0	0	0	0	0	0	0	0	0	0	0	0	
51980	Amygdala_R	0	0	0	0	0	0	0	0	0	0	0	0	0	0	0	440	0	0	0	0	0	1092	0	0	0	0	0	0	0	2234	0	0	0	0	0	0	0	8216	0	4802	0	0	0	0	0	0	0	0	0	0	0	0	0	0	0	4160	0	0	0	0	0	0	0	0	0	0	0	0	0	0	0	0	0	1998	0	0	0	138	0	0	0	0	0	2044	0	0	0	556	0	310	0	0	0	0	0	0	0	0	0	0	0	0	0	0	0	0	0	0	0	0	0	0	0	0	0	0	
321448	Calcarine_L	1248	0	0	0	0	0	0	0	0	0	200	0	0	0	0	0	280	0	0	0	0	0	0	0	0	0	0	0	668	0	0	0	244	0	3126	0	2170	0	1368	0	0	0	0	12616	10180	10232	16642	2380	12060	5664	30172	1894	10512	164	11170	194	1454	0	698	86	258	0	0	0	256	0	13284	1196	508	0	0	0	0	0	0	0	0	0	98	0	248	0	0	0	5718	340	0	0	2264	158	516	0	0	0	0	0	0	0	458	0	0	0	0	0	0	0	0	0	0	0	0	0	0	0	0	0	
341628	Calcarine_R	0	840	0	0	0	0	0	0	0	0	0	0	0	0	0	0	0	460	0	1124	0	0	0	0	0	0	0	0	0	418	0	0	0	6118	0	1406	0	1202	0	1152	0	0	12616	0	1472	27806	2396	22690	794	20476	352	13298	0	9258	0	15214	0	606	0	584	0	0	0	0	0	210	382	19078	98	318	0	0	0	0	0	0	0	0	0	460	0	80	0	0	0	3798	0	0	0	5442	0	354	0	0	0	0	0	0	0	312	0	0	0	0	0	0	0	0	0	0	0	0	0	0	0	0	
155648	Cuneus_L	106	0	0	0	0	0	0	0	0	0	0	0	0	0	0	0	0	0	0	0	0	0	0	0	0	0	0	0	0	0	0	0	152	0	856	0	0	0	0	0	0	0	10180	1472	0	8728	492	0	21220	2194	9458	118	586	0	148	0	0	0	4888	176	632	0	0	0	84	0	12706	3258	0	0	0	0	0	0	0	0	0	0	0	0	0	0	0	0	370	0	0	0	0	0	0	0	0	0	0	0	0	0	0	0	0	0	0	0	0	0	0	0	0	0	0	0	0	0	0	0	
311764	Cuneus_R	0	218	0	0	0	0	0	0	0	0	0	0	0	0	0	0	0	0	0	590	0	0	0	0	0	0	0	0	0	0	0	0	0	6822	676	1668	0	0	0	0	0	0	10232	27806	8728	0	1300	5682	1120	35298	190	13704	0	2022	0	4476	0	428	106	3688	0	178	0	100	0	830	4846	22564	0	228	0	0	0	0	0	0	0	0	0	0	0	0	0	0	0	1750	0	0	0	632	0	0	0	0	0	0	0	0	0	0	0	0	0	0	0	0	0	0	0	0	0	0	0	0	0	0	
297856	Lingual_L	876	0	0	0	0	0	0	0	0	0	74	0	0	0	0	0	124	0	0	0	0	0	0	0	0	0	0	0	218	0	0	0	0	0	2616	0	4830	0	4352	0	0	0	16642	2396	492	1300	0	1860	2092	1140	7576	744	6412	74	24220	220	498	0	0	0	76	0	0	0	0	0	7860	0	164	0	0	0	166	0	0	0	362	0	0	0	118	0	0	0	714	0	0	0	1406	0	15598	264	756	0	242	0	11794	424	20656	696	428	0	944	0	110	0	0	0	0	0	3660	2700	542	116	172	204	
389120	Lingual_R	90	728	0	222	0	0	0	166	0	0	0	212	0	72	0	0	0	338	0	518	0	0	0	178	0	0	0	0	0	688	0	190	0	3610	0	8886	0	7078	0	7958	0	0	2380	22690	0	5682	1860	0	0	5076	0	5234	0	6594	650	26590	0	1542	0	0	0	136	0	164	0	218	0	19608	0	1202	0	562	0	202	0	0	0	914	0	290	0	198	0	0	0	1202	0	0	0	1418	2636	9328	1338	1358	88	148	1766	8124	3572	12382	98	144	188	462	0	224	0	0	0	0	6680	6414	2326	926	1012	0	
207056	Occipital_Sup_L	0	0	0	0	0	0	0	0	0	0	0	0	0	0	0	0	0	0	0	0	0	0	0	0	0	0	0	0	0	0	0	0	240	0	114	0	0	0	0	0	0	0	12060	794	21220	1120	2092	0	0	312	31340	200	2032	0	670	0	146	0	13774	0	3524	0	0	0	1410	0	10270	990	0	0	0	0	0	0	0	0	0	0	0	0	0	0	0	0	1114	106	0	0	0	0	0	0	0	0	0	0	0	0	0	0	0	0	0	0	0	0	0	0	0	0	0	0	0	0	0	0	
327352	Occipital_Sup_R	0	790	0	186	0	0	0	74	0	0	0	128	0	0	0	0	0	268	0	382	0	0	0	74	0	0	0	0	0	136	0	80	0	3894	0	626	0	100	0	108	0	0	5664	20476	2194	35298	1140	5076	312	0	126	29590	0	1386	0	3988	0	5248	0	9390	0	1956	0	1698	0	4844	930	14936	0	494	0	110	0	148	0	0	0	0	0	140	0	1760	0	0	0	8398	0	0	0	1528	0	0	0	0	0	0	0	0	0	0	0	0	0	0	0	0	0	0	0	0	0	0	0	0	0	0	
458344	Occipital_Mid_L	2570	0	0	0	0	0	0	0	0	0	750	0	0	0	0	0	2278	0	0	0	0	0	0	0	0	0	0	0	1670	0	0	0	502	0	198	0	90	0	0	0	0	0	30172	352	9458	190	7576	0	31340	126	0	106	19732	0	8622	0	9180	0	15090	0	19328	0	2854	0	20904	0	7522	0	1650	0	0	0	0	0	0	0	0	0	240	0	2588	0	0	0	30066	0	0	0	4018	0	0	0	0	0	0	0	0	0	0	0	0	0	0	0	0	0	0	0	0	0	0	0	0	0	0	0	
283588	Occipital_Mid_R	0	1034	0	160	0	0	0	0	0	0	0	114	0	0	0	0	0	254	0	474	0	0	0	0	0	0	0	0	0	124	0	0	0	4178	0	1668	0	122	0	152	0	0	1894	13298	118	13704	744	5234	200	29590	106	0	0	5740	0	4186	0	2196	0	4244	0	4360	0	1866	0	14286	0	9588	0	610	0	72	0	128	0	0	0	0	0	146	0	1244	0	0	0	16430	0	0	0	3180	0	0	0	0	0	0	0	112	0	126	0	0	0	0	0	0	0	0	0	0	112	0	0	0	0	0	
137980	Occipital_Inf_L	206	0	0	0	0	0	0	0	0	0	82	0	0	0	0	0	162	0	0	0	0	0	0	0	0	0	0	0	306	0	0	0	0	0	0	0	0	0	284	0	0	0	10512	0	586	0	6412	0	2032	0	19732	0	0	0	14650	0	684	0	0	0	0	0	0	0	86	0	850	0	0	0	0	0	0	0	0	0	0	0	154	0	390	0	0	0	4488	0	0	0	6928	0	246	0	0	0	0	0	0	0	200	0	0	0	0	0	0	0	0	0	0	0	0	0	0	0	0	0	
160104	Occipital_Inf_R	0	2536	0	104	0	0	0	144	0	0	0	86	0	0	0	0	0	1140	0	106	0	0	0	0	0	0	0	0	0	618	0	0	0	1660	0	268	0	114	0	108	0	0	164	9258	0	2022	74	6594	0	1386	0	5740	0	0	0	16994	0	2468	0	0	0	0	0	92	0	76	0	4488	0	340	0	74	0	80	0	0	0	0	0	1096	0	248	0	0	0	4946	0	0	0	11882	0	1610	0	0	0	0	112	462	194	1800	0	0	0	0	0	0	0	0	0	0	466	502	0	0	0	0	
393428	Fusiform_L	2000	0	372	0	0	0	0	0	0	0	376	0	0	0	90	0	918	0	108	0	132	0	0	0	0	0	0	0	4438	0	0	0	0	0	598	0	12472	0	7314	0	1866	0	11170	0	148	0	24220	650	670	0	8622	0	14650	0	0	0	1478	0	0	0	0	0	0	0	0	0	4260	0	116	0	98	0	1352	0	0	0	1166	0	3454	0	1916	0	1666	0	2990	0	1232	0	19120	0	24794	104	2186	0	240	0	7314	90	27294	342	594	0	372	0	90	0	0	0	0	0	1400	1782	450	0	0	0	
612648	Fusiform_R	100	4114	120	1574	0	96	0	774	0	0	0	972	0	132	0	236	0	5068	74	972	0	482	0	418	0	88	0	0	0	7936	106	658	0	2680	0	3366	0	33192	0	30898	0	4160	194	15214	0	4476	220	26590	0	3988	0	4186	0	16994	0	0	98	2434	0	514	0	108	0	204	0	294	142	12690	0	2336	0	1044	0	9826	0	572	0	1280	0	4090	0	1474	0	4306	0	4482	0	3988	0	20100	582	22504	334	1686	0	316	532	8312	870	23254	0	0	88	302	0	118	0	0	0	0	3468	2172	742	464	520	0	
352956	Postcentral_L	37088	860	4598	910	0	0	770	742	0	0	7468	0	880	0	140	0	15758	0	1536	350	0	0	88	0	0	0	0	0	8744	0	116	0	222	0	668	0	1256	284	102	128	0	0	1454	0	0	0	498	0	146	0	9180	0	684	0	1478	98	0	558	12218	0	24076	0	11880	0	3390	0	2982	0	6554	0	686	628	446	0	102	0	638	1126	4494	0	5098	0	0	0	3720	0	0	0	1636	0	0	0	0	0	0	0	0	0	0	0	0	0	0	0	0	0	0	0	0	0	0	0	0	0	0	0	
201720	Postcentral_R	390	17616	210	404	0	0	74	1248	0	0	0	2042	0	0	0	332	346	7018	0	0	0	0	0	240	0	0	0	0	320	1944	0	268	220	5116	0	1122	0	380	0	372	0	0	0	606	0	428	0	1542	0	5248	0	2196	0	2468	0	2434	558	0	0	3502	0	3106	0	11496	0	1208	120	5610	0	10084	304	432	110	446	110	0	0	0	0	2014	106	1694	0	0	0	2126	0	0	0	2826	0	246	0	0	0	0	0	0	0	178	0	0	0	0	0	0	0	0	0	0	0	0	0	0	0	0	
157080	Parietal_Sup_L	1518	0	0	0	0	0	0	0	0	0	252	0	0	0	0	0	906	0	0	0	0	0	0	0	0	0	0	0	582	0	0	0	108	0	0	0	0	0	0	0	0	0	698	0	4888	106	0	0	13774	0	15090	0	0	0	0	0	12218	0	0	0	12640	0	1806	0	2208	0	8576	224	1890	0	0	0	0	0	0	0	0	0	112	0	482	0	0	0	462	0	0	0	0	0	0	0	0	0	0	0	0	0	0	0	0	0	0	0	0	0	0	0	0	0	0	0	0	0	0	0	
70896	Parietal_Sup_R	0	210	0	0	0	0	0	0	0	0	0	0	0	0	0	0	0	0	0	0	0	0	0	0	0	0	0	0	0	0	0	0	0	336	0	0	0	0	0	0	0	0	86	584	176	3688	0	0	0	9390	0	4244	0	0	0	514	0	3502	0	0	0	2386	0	792	0	2676	0	6258	0	448	0	0	0	0	0	0	0	0	0	0	0	0	0	0	0	158	0	0	0	0	0	0	0	0	0	0	0	0	0	0	0	0	0	0	0	0	0	0	0	0	0	0	0	0	0	0	
223476	Parietal_Inf_L	4904	0	0	0	0	0	0	0	0	0	1106	0	0	0	0	0	800	0	0	0	0	0	0	0	0	0	0	0	548	0	0	0	0	0	0	0	0	0	0	0	0	0	258	0	632	0	76	0	3524	0	19328	0	0	0	0	0	24076	0	12640	0	0	0	16042	0	17832	0	414	0	106	0	262	178	0	0	0	0	0	248	88	0	1200	0	0	0	7330	0	0	0	146	0	0	0	0	0	0	0	0	0	0	0	0	0	0	0	0	0	0	0	0	0	0	0	0	0	0	0	
98348	Parietal_Inf_R	0	350	0	0	0	0	0	0	0	0	0	0	0	0	0	0	0	0	0	0	0	0	0	0	0	0	0	0	0	0	0	0	0	110	0	90	0	0	0	0	0	0	0	0	0	178	0	136	0	1956	0	4360	0	0	0	108	0	3106	0	2386	0	0	0	14692	0	15140	0	404	0	536	0	0	0	0	0	0	0	0	0	0	0	1896	0	0	0	2752	0	0	0	974	0	0	0	0	0	0	0	0	0	0	0	0	0	0	0	0	0	0	0	0	0	0	0	0	0	0	
117720	SupraMarginal_L	1568	0	0	0	0	0	0	0	0	0	288	0	0	0	0	0	4074	0	0	0	0	0	0	0	0	0	0	0	758	0	0	0	0	0	0	0	0	0	0	0	0	0	0	0	0	0	0	0	0	0	2854	0	0	0	0	0	11880	0	1806	0	16042	0	0	0	4790	0	0	0	0	0	0	0	0	0	0	0	0	0	0	0	6668	0	0	0	8052	0	0	0	80	0	0	0	0	0	0	0	0	0	0	0	0	0	0	0	0	0	0	0	0	0	0	0	0	0	0	0	
147180	SupraMarginal_R	0	758	0	0	0	0	0	0	0	0	0	0	0	0	0	0	0	4864	0	0	0	0	0	0	0	0	0	0	0	1234	0	0	0	92	0	112	0	76	0	0	0	0	0	0	0	100	0	164	0	1698	0	1866	0	92	0	204	0	11496	0	792	0	14692	0	0	0	11730	0	406	0	1072	0	0	0	0	0	0	0	0	0	960	0	9216	0	0	0	7352	0	0	0	4614	0	0	0	0	0	0	0	0	0	0	0	0	0	0	0	0	0	0	0	0	0	0	0	0	0	0	
120988	Angular_L	362	0	0	0	0	0	0	0	0	0	0	0	0	0	0	0	106	0	0	0	0	0	0	0	0	0	0	0	72	0	0	0	0	0	0	0	0	0	0	0	0	0	256	0	84	0	0	0	1410	0	20904	0	86	0	0	0	3390	0	2208	0	17832	0	4790	0	0	0	160	0	128	0	0	0	0	0	0	0	0	0	0	0	822	0	0	0	7718	0	0	0	166	0	0	0	0	0	0	0	0	0	0	0	0	0	0	0	0	0	0	0	0	0	0	0	0	0	0	0	
151884	Angular_R	0	114	0	0	0	0	0	0	0	0	0	0	0	0	0	0	0	0	0	0	0	0	0	0	0	0	0	0	0	0	0	0	0	338	0	170	0	0	0	0	0	0	0	210	0	830	0	218	0	4844	0	14286	0	76	0	294	0	1208	0	2676	0	15140	0	11730	0	0	0	1000	0	106	0	0	0	0	0	0	0	0	0	0	0	8930	0	0	0	13010	0	0	0	762	0	0	0	0	0	0	0	0	0	0	0	0	0	0	0	0	0	0	0	0	0	0	0	0	0	0	
210056	Precuneus_L	1462	0	0	0	0	0	0	0	0	0	0	0	0	0	0	0	1186	0	0	0	0	0	0	0	0	0	0	0	540	0	0	0	1538	294	4548	546	3082	0	1914	0	0	0	13284	382	12706	4846	7860	0	10270	930	7522	0	850	0	4260	142	2982	120	8576	0	414	0	0	0	160	0	0	7568	3048	126	0	0	0	0	0	0	72	0	86	0	742	0	0	0	1336	0	0	0	888	0	384	0	0	0	0	0	0	0	364	0	0	0	0	0	0	0	0	0	0	0	0	0	0	0	0	0	
404248	Precuneus_R	154	2090	0	370	0	0	0	196	0	0	0	370	0	98	0	0	0	652	168	4546	0	0	0	198	0	0	0	0	0	984	0	198	808	18512	1064	15004	0	6570	0	5866	0	0	1196	19078	3258	22564	0	19608	990	14936	0	9588	0	4488	0	12690	0	5610	224	6258	0	404	0	406	0	1000	7568	0	496	5676	0	250	0	248	0	0	0	754	0	390	0	266	0	0	0	2916	0	0	0	2326	0	218	0	0	0	0	0	372	0	168	0	0	0	0	0	0	0	0	0	0	330	0	0	0	0	0	
138800	Paracentral_Lobule_L	16840	9138	308	192	0	0	84	0	0	0	80	0	0	0	0	0	96	0	3672	6638	0	0	0	0	0	0	0	0	104	0	0	0	1164	3826	4106	1194	0	0	0	0	0	0	508	98	0	0	164	0	0	0	1650	0	0	0	116	0	6554	0	1890	0	106	0	0	0	128	0	3048	496	0	5990	0	0	0	0	0	0	0	0	0	0	0	0	0	0	1094	0	0	0	116	0	0	0	0	0	0	0	0	0	0	0	0	0	0	0	0	0	0	0	0	0	0	0	0	0	0	0	
175176	Paracentral_Lobule_R	6064	15524	96	290	0	84	98	280	0	0	0	102	0	0	0	0	0	522	1560	10410	0	0	0	264	0	0	0	0	0	416	90	298	634	11330	804	4368	0	1184	0	1304	0	0	0	318	0	228	0	1202	0	494	0	610	0	340	0	2336	0	10084	0	448	0	536	0	1072	0	106	126	5676	5990	0	154	382	0	438	0	126	0	0	0	462	0	160	0	0	0	352	0	0	0	226	0	0	0	0	0	0	0	0	0	0	0	0	0	0	0	0	0	0	0	0	0	0	0	0	0	0	
307228	Caudate_L	1748	1304	26560	11744	0	224	7416	2092	0	0	280	0	120	0	0	0	94	0	9258	7616	4870	3798	2810	1264	404	460	554	0	1196	0	14134	3398	364	590	0	142	1020	0	140	0	0	0	0	0	0	0	0	0	0	0	0	0	0	0	98	0	686	304	0	0	262	0	0	0	0	0	0	0	0	154	0	8226	23070	1894	4304	240	9660	874	112	0	0	0	130	0	0	0	0	0	0	0	0	0	0	0	0	0	0	0	0	0	0	0	0	0	0	0	0	0	0	0	0	0	0	0	0	0	
329432	Caudate_R	1282	3208	1980	22676	0	4900	328	6444	0	228	0	374	0	384	0	408	0	270	1276	4468	3450	4166	270	12806	0	9738	152	1258	0	1620	2926	22602	0	790	0	230	0	1280	0	894	0	0	0	0	0	0	0	562	0	110	0	72	0	74	0	1044	628	432	0	0	178	0	0	0	0	0	0	250	0	382	8226	0	4238	18568	444	1610	740	16538	0	0	0	0	0	0	0	82	0	0	0	130	0	0	0	0	0	0	0	0	0	0	0	0	0	0	0	0	0	0	0	0	0	0	0	0	0	0	
298072	Putamen_L	3702	1176	19576	1254	5212	120	1158	304	1444	0	3504	0	352	0	3184	0	766	0	7290	424	3686	2944	3870	450	2178	72	1160	0	14548	0	19034	2108	258	206	0	0	5254	0	1754	0	296	0	0	0	0	0	166	0	0	0	0	0	0	0	1352	0	446	110	0	0	0	0	0	0	0	0	0	0	0	0	23070	4238	0	1600	5868	218	2600	92	88	0	230	0	1546	0	0	0	0	0	128	0	0	0	0	0	0	0	0	0	0	0	0	0	0	0	0	0	0	0	0	0	0	0	0	0	0	0	
338104	Putamen_R	218	3174	130	14906	0	3706	0	9794	0	410	0	5304	0	1322	0	3940	0	4074	122	3390	1248	1866	0	2470	0	6146	0	1396	0	21564	1752	6586	0	104	0	178	0	18860	0	13746	0	1998	0	0	0	0	0	202	0	148	0	128	0	80	0	9826	0	446	0	0	0	0	0	0	0	0	0	248	0	438	1894	18568	1600	0	98	2118	0	1372	0	636	0	992	0	252	0	434	0	0	0	448	0	110	0	80	0	0	0	400	0	130	0	0	0	0	0	0	0	0	0	0	0	0	0	0	0	0	
43576	Pallidum_L	452	582	2412	452	0	0	0	0	0	0	286	0	0	0	0	0	384	0	2022	222	150	258	0	0	0	0	0	0	408	0	506	194	0	0	0	0	640	0	0	0	0	0	0	0	0	0	0	0	0	0	0	0	0	0	0	0	102	110	0	0	0	0	0	0	0	0	0	0	0	0	4304	444	5868	98	0	0	1894	0	0	0	0	0	0	0	0	0	0	0	0	0	0	0	0	0	0	0	0	0	0	0	0	0	0	0	0	0	0	0	0	0	0	0	0	0	0	0	
19388	Pallidum_R	192	100	0	1334	0	0	0	148	0	0	0	0	0	0	0	0	0	82	126	400	200	200	0	0	0	0	0	0	0	0	78	104	0	0	0	0	0	850	0	834	0	0	0	0	0	0	0	0	0	0	0	0	0	0	0	572	0	0	0	0	0	0	0	0	0	0	0	0	0	126	240	1610	218	2118	0	0	0	162	0	0	0	0	0	0	0	0	0	0	0	0	0	0	0	0	0	0	0	0	0	0	0	0	0	0	0	0	0	0	0	0	0	0	0	0	0	0	
112492	Thalamus_L	13362	198	1470	1368	0	0	756	180	0	0	1470	0	0	0	0	0	604	0	732	714	0	0	116	0	0	0	0	0	2378	0	1018	0	0	86	636	1360	4700	678	992	0	192	0	0	0	0	0	362	0	0	0	0	0	0	0	1166	0	638	0	0	0	0	0	0	0	0	0	72	0	0	0	9660	740	2600	0	1894	0	0	3708	1276	0	308	0	154	0	0	0	0	0	658	0	0	0	0	0	0	0	0	0	0	0	0	0	0	0	0	0	0	0	0	0	0	0	0	0	0	0	
109972	Thalamus_R	2032	2986	352	3404	0	0	0	172	0	0	0	166	0	0	0	0	0	244	198	436	0	0	74	1884	0	0	0	0	102	788	0	3098	0	118	1146	3054	652	4524	0	1870	0	138	0	0	0	0	0	914	0	0	0	0	0	0	0	1280	1126	0	0	0	248	0	0	0	0	0	0	754	0	0	874	16538	92	1372	0	162	3708	0	132	172	0	86	0	0	0	0	0	0	0	0	0	0	0	0	0	0	0	90	0	0	0	0	0	0	0	0	0	0	0	0	0	0	0	0	0	0	
110080	Heschl_L	5150	72	1146	174	0	0	108	0	0	0	1974	0	100	0	0	0	6466	0	282	220	0	0	0	0	0	0	0	0	7276	0	0	0	0	0	734	0	3648	0	0	0	0	0	98	0	0	0	0	0	0	0	240	0	154	0	3454	0	4494	0	112	0	88	0	0	0	0	0	86	0	0	0	112	0	88	0	0	0	1276	132	0	0	6072	0	0	0	3010	0	0	0	7714	0	206	0	0	0	0	0	94	0	260	0	0	0	0	0	0	0	0	0	0	0	0	0	0	0	0	0	
89492	Heschl_R	0	772	0	0	0	0	0	258	0	0	0	418	0	0	0	0	0	14734	0	0	0	0	0	0	0	0	0	0	0	4962	0	0	0	0	0	140	0	2482	0	2172	0	0	0	460	0	0	0	290	0	140	0	146	0	1096	0	4090	0	2014	0	0	0	0	0	960	0	0	0	390	0	462	0	0	0	636	0	0	0	172	0	0	0	3996	0	0	0	1010	0	0	0	2742	0	126	0	0	0	0	0	0	0	78	0	0	0	0	0	0	0	0	0	0	0	0	0	0	0	0	
202672	Temporal_Sup_L	3372	88	1816	0	0	0	296	0	0	0	2512	0	876	0	82	0	12456	0	218	0	0	0	0	0	0	0	0	0	8012	0	0	0	0	0	0	0	1094	0	0	0	0	0	248	0	0	0	118	0	0	0	2588	0	390	0	1916	0	5098	106	482	0	1200	0	6668	0	822	0	742	0	0	0	0	0	230	0	0	0	308	0	6072	0	0	0	2976	0	24584	0	0	0	15966	0	0	0	0	0	0	0	0	0	0	0	0	0	0	0	0	0	0	0	0	0	0	0	0	0	0	0	
160424	Temporal_Sup_R	0	616	0	128	0	0	0	204	0	0	0	848	0	72	0	108	0	5528	0	0	0	0	0	0	0	0	0	0	0	5706	0	0	0	0	0	154	0	1336	0	826	0	0	0	80	0	0	0	198	0	1760	0	1244	0	248	0	1474	0	1694	0	0	0	1896	0	9216	0	8930	0	266	0	160	0	0	0	992	0	0	0	86	0	3996	0	0	0	4122	0	22724	0	132	0	5468	0	0	0	0	0	0	0	0	0	0	0	0	0	0	0	0	0	0	0	0	0	0	0	0	0	0	
68484	Temporal_Pole_Sup_L	0	0	1100	0	276	0	160	0	234	0	1738	0	1696	0	1092	0	594	0	142	0	204	0	0	0	0	0	0	0	4530	0	0	0	0	0	0	0	2002	0	456	0	1124	0	0	0	0	0	0	0	0	0	0	0	0	0	1666	0	0	0	0	0	0	0	0	0	0	0	0	0	0	0	130	0	1546	0	0	0	154	0	0	0	2976	0	0	0	6642	0	2686	0	3094	0	0	0	0	0	0	0	0	0	0	0	0	0	0	0	0	0	0	0	0	0	0	0	0	0	0	0	
58224	Temporal_Pole_Sup_R	0	0	0	0	0	0	0	0	0	0	0	1086	0	84	0	92	0	1162	0	0	0	92	0	0	0	0	0	0	0	1952	0	0	0	0	0	0	0	1700	0	1596	0	2044	0	0	0	0	0	0	0	0	0	0	0	0	0	4306	0	0	0	0	0	0	0	0	0	0	0	0	0	0	0	0	0	252	0	0	0	0	0	0	0	4122	0	0	0	3542	0	5720	0	1362	0	0	0	0	0	0	0	0	0	0	0	0	0	0	0	0	0	0	0	0	0	0	0	0	0	0	
302036	Temporal_Mid_L	1444	0	0	0	0	0	0	0	0	0	542	0	98	0	0	0	1966	0	0	0	0	0	0	0	0	0	0	0	3788	0	0	0	0	0	104	0	178	0	0	0	0	0	5718	0	370	0	714	0	1114	0	30066	0	4488	0	2990	0	3720	0	462	0	7330	0	8052	0	7718	0	1336	0	1094	0	0	0	0	0	0	0	0	0	3010	0	24584	0	6642	0	0	0	2308	0	31028	0	154	0	0	0	0	0	0	0	0	0	0	0	0	0	0	0	0	0	0	0	0	0	0	0	0	0	
286532	Temporal_Mid_R	0	1456	0	132	0	0	0	134	0	0	0	146	0	0	0	0	0	1144	0	110	0	0	0	0	0	0	0	0	0	2940	0	0	0	1618	0	808	0	948	0	472	0	0	340	3798	0	1750	0	1202	106	8398	0	16430	0	4946	0	4482	0	2126	0	158	0	2752	0	7352	0	13010	0	2916	0	352	0	82	0	434	0	0	0	0	0	1010	0	22724	0	3542	0	0	0	3532	0	31818	0	98	0	0	0	0	0	0	0	0	0	0	0	0	0	0	0	0	0	0	0	0	0	0	0	0	
18464	Temporal_Pole_Mid_L	0	0	0	0	0	0	0	0	0	0	0	0	0	0	0	0	0	0	0	0	0	0	0	0	0	0	0	0	0	0	0	0	0	0	0	0	194	0	102	0	206	0	0	0	0	0	0	0	0	0	0	0	0	0	1232	0	0	0	0	0	0	0	0	0	0	0	0	0	0	0	0	0	0	0	0	0	0	0	0	0	0	0	2686	0	2308	0	0	0	2504	0	0	0	0	0	0	0	0	0	0	0	0	0	0	0	0	0	0	0	0	0	0	0	0	0	0	0	
36516	Temporal_Pole_Mid_R	0	0	0	0	0	0	0	0	0	0	0	0	0	0	0	0	0	0	0	0	0	0	0	0	0	0	0	0	0	0	0	0	0	0	0	0	0	392	0	998	0	556	0	0	0	0	0	0	0	0	0	0	0	0	0	3988	0	0	0	0	0	0	0	0	0	0	0	0	0	0	0	0	0	0	0	0	0	0	0	0	0	132	0	5720	0	3532	0	0	0	2940	0	0	0	0	0	0	0	0	0	0	0	0	0	0	0	0	0	0	0	0	0	0	0	0	0	0	
239784	Temporal_Inf_L	1338	0	214	0	0	0	0	0	0	0	124	0	0	0	0	0	1694	0	0	0	0	0	0	0	0	0	0	0	5406	0	0	0	0	0	130	0	4560	0	638	0	700	0	2264	0	0	0	1406	0	0	0	4018	0	6928	0	19120	0	1636	0	0	0	146	0	80	0	166	0	888	0	116	0	0	0	128	0	0	0	658	0	7714	0	15966	0	3094	0	31028	0	2504	0	0	0	4478	0	890	0	0	0	256	0	1484	0	120	0	0	0	0	0	0	0	0	0	0	0	0	0	0	0	
233112	Temporal_Inf_R	0	1868	0	86	0	0	0	162	0	0	0	0	0	0	0	0	0	2698	0	0	0	214	0	0	0	0	0	0	0	3306	0	0	0	524	0	158	0	2004	0	994	0	310	158	5442	0	632	0	1418	0	1528	0	3180	0	11882	0	20100	0	2826	0	0	0	974	0	4614	0	762	0	2326	0	226	0	130	0	448	0	0	0	0	0	2742	0	5468	0	1362	0	31818	0	2940	0	0	0	2604	0	0	0	0	0	0	0	652	0	0	0	0	0	0	0	0	0	0	0	0	0	0	0	0	
474564	Cerebelum_Crus1_L	0	0	0	0	0	0	0	0	0	0	0	0	0	0	0	0	0	0	0	0	0	0	0	0	0	0	0	0	72	0	0	0	0	0	132	0	230	0	0	0	0	0	516	0	0	0	15598	2636	0	0	0	0	246	0	24794	582	0	0	0	0	0	0	0	0	0	0	384	0	0	0	0	0	0	0	0	0	0	0	206	0	0	0	0	0	154	0	0	0	4478	0	0	2434	38136	6076	1140	874	18282	3150	55124	2548	10662	1320	10444	4798	724	1300	118	0	414	684	6158	7056	8750	3442	3082	538	
396424	Cerebelum_Crus1_R	0	230	0	0	0	0	0	0	0	0	0	0	0	0	0	0	0	128	0	0	0	0	0	0	0	0	0	0	0	120	0	0	0	0	0	0	0	128	0	276	0	0	0	354	0	0	264	9328	0	0	0	0	0	1610	104	22504	0	246	0	0	0	0	0	0	0	0	0	218	0	0	0	0	0	110	0	0	0	0	0	126	0	0	0	0	0	98	0	0	0	2604	2434	0	1876	33498	0	2356	866	19502	2344	57004	172	4988	310	9124	0	520	0	346	0	322	9238	6708	5376	1382	1398	0	
357476	Cerebelum_Crus2_L	0	0	0	0	0	0	0	0	0	0	0	0	0	0	0	0	0	0	0	0	0	0	0	0	0	0	0	0	0	0	0	0	0	0	0	0	0	0	0	0	0	0	0	0	0	0	756	1338	0	0	0	0	0	0	2186	334	0	0	0	0	0	0	0	0	0	0	0	0	0	0	0	0	0	0	0	0	0	0	0	0	0	0	0	0	0	0	0	0	890	0	38136	1876	0	12310	710	970	3470	2796	11334	1554	29904	6674	23416	8914	1396	1500	606	0	328	628	2120	3616	11752	5956	2870	398	
355732	Cerebelum_Crus2_R	0	0	0	0	0	0	0	0	0	0	0	0	0	0	0	0	0	0	0	0	0	0	0	0	0	0	0	0	0	0	0	0	0	0	0	0	0	82	0	184	0	0	0	0	0	0	0	1358	0	0	0	0	0	0	0	1686	0	0	0	0	0	0	0	0	0	0	0	0	0	0	0	0	0	80	0	0	0	0	0	0	0	0	0	0	0	0	0	0	0	0	6076	33498	12310	0	214	1462	1370	5396	1668	11710	5926	28624	6222	31718	118	3892	0	922	86	542	1776	2546	11886	4812	1702	0	
34472	Cerebelum_3_L	0	0	0	0	0	0	0	0	0	0	0	0	0	0	0	0	0	0	0	0	0	0	0	0	0	0	0	0	0	0	0	0	0	0	0	0	0	0	0	0	0	0	0	0	0	0	242	88	0	0	0	0	0	0	240	0	0	0	0	0	0	0	0	0	0	0	0	0	0	0	0	0	0	0	0	0	0	0	0	0	0	0	0	0	0	0	0	0	0	0	1140	0	710	214	0	156	4198	228	1890	144	124	0	944	288	1322	202	0	0	600	1248	958	540	528	446	562	224	
63032	Cerebelum_3_R	0	0	0	0	0	0	0	0	0	0	0	0	0	0	0	0	0	0	0	0	0	0	0	0	0	0	0	0	0	0	0	0	0	0	0	0	0	0	0	0	0	0	0	0	0	0	0	148	0	0	0	0	0	0	0	316	0	0	0	0	0	0	0	0	0	0	0	0	0	0	0	0	0	0	0	0	0	0	0	0	0	0	0	0	0	0	0	0	0	0	874	2356	970	1462	156	0	592	5386	296	4114	408	0	1210	1896	170	1980	0	0	234	2834	908	244	1634	1464	1864	0	
247324	Cerebelum_4_5_L	0	0	0	0	0	0	0	0	0	0	0	0	0	0	0	0	0	0	0	0	0	0	0	0	0	0	0	0	0	0	0	0	0	0	0	0	142	0	132	0	0	0	0	0	0	0	11794	1766	0	0	0	0	0	112	7314	532	0	0	0	0	0	0	0	0	0	0	0	0	0	0	0	0	0	0	0	0	0	0	94	0	0	0	0	0	0	0	0	0	256	0	18282	866	3470	1370	4198	592	0	2724	27330	1606	1432	0	5476	1606	5854	736	208	0	558	952	11560	4806	2354	1922	2414	1204	
258020	Cerebelum_4_5_R	0	0	0	88	0	0	0	0	0	0	0	0	0	0	0	0	0	0	0	0	0	0	0	0	0	0	0	0	0	100	0	0	0	0	0	110	0	986	0	1808	0	0	0	0	0	0	424	8124	0	0	0	112	0	462	90	8312	0	0	0	0	0	0	0	0	0	0	0	372	0	0	0	0	0	400	0	0	0	90	0	0	0	0	0	0	0	0	0	0	0	0	3150	19502	2796	5396	228	5386	2724	0	2426	27424	860	82	1998	3792	246	1834	0	102	110	1418	13744	2406	5106	3200	3502	100	
408004	Cerebelum_6_L	0	0	0	0	0	0	0	0	0	0	0	0	0	0	0	0	0	0	0	0	0	0	0	0	0	0	0	0	0	0	0	0	0	0	132	0	328	0	0	0	0	0	458	0	0	0	20656	3572	0	0	0	0	200	194	27294	870	0	0	0	0	0	0	0	0	0	0	364	0	0	0	0	0	0	0	0	0	0	0	260	0	0	0	0	0	0	0	0	0	1484	0	55124	2344	11334	1668	1890	296	27330	2426	0	3438	3136	398	3654	838	1882	410	0	0	526	334	9276	11704	3820	2380	2952	1030	
368364	Cerebelum_6_R	0	170	0	0	0	0	0	0	0	0	0	0	0	0	0	0	0	80	0	0	0	0	0	0	0	0	0	0	0	106	0	0	0	0	0	0	0	158	0	430	0	0	0	312	0	0	696	12382	0	0	0	126	0	1800	342	23254	0	178	0	0	0	0	0	0	0	0	0	168	0	0	0	0	0	130	0	0	0	0	0	78	0	0	0	0	0	0	0	0	0	652	2548	57004	1554	11710	144	4114	1606	27424	3438	0	198	322	404	3364	76	630	0	304	0	348	11770	8818	4530	1320	1494	0	
225640	Cerebelum_7b_L	0	0	0	0	0	0	0	0	0	0	0	0	0	0	0	0	0	0	0	0	0	0	0	0	0	0	0	0	0	0	0	0	0	0	0	0	0	0	0	0	0	0	0	0	0	0	428	98	0	0	0	0	0	0	594	0	0	0	0	0	0	0	0	0	0	0	0	0	0	0	0	0	0	0	0	0	0	0	0	0	0	0	0	0	0	0	0	0	120	0	10662	172	29904	5926	124	408	1432	860	3136	198	0	4626	29990	5478	4004	938	1594	0	138	252	672	220	4908	4612	1248	78	
177628	Cerebelum_7b_R	0	0	0	0	0	0	0	0	0	0	0	0	0	0	0	0	0	0	0	0	0	0	0	0	0	0	0	0	0	0	0	0	0	0	0	0	0	0	0	0	0	0	0	0	0	0	0	144	0	0	0	0	0	0	0	0	0	0	0	0	0	0	0	0	0	0	0	0	0	0	0	0	0	0	0	0	0	0	0	0	0	0	0	0	0	0	0	0	0	0	1320	4988	6674	28624	0	0	0	82	398	322	4626	0	3032	26328	0	4210	0	778	0	0	0	486	3658	2922	222	0	
286396	Cerebelum_8_L	0	0	0	0	0	0	0	0	0	0	0	0	0	0	0	0	0	0	0	0	0	0	0	0	0	0	0	0	0	0	0	0	0	0	0	0	0	0	0	0	0	0	0	0	0	0	944	188	0	0	0	0	0	0	372	88	0	0	0	0	0	0	0	0	0	0	0	0	0	0	0	0	0	0	0	0	0	0	0	0	0	0	0	0	0	0	0	0	0	0	10444	310	23416	6222	944	1210	5476	1998	3654	404	29990	3032	0	8302	14648	3008	3912	104	362	784	1906	546	6812	9114	4616	392	
296788	Cerebelum_8_R	0	0	0	0	0	0	0	0	0	0	0	0	0	0	0	0	0	0	0	0	0	0	0	0	0	0	0	0	0	0	0	0	0	0	0	0	0	0	0	72	0	0	0	0	0	0	0	462	0	0	0	0	0	0	0	302	0	0	0	0	0	0	0	0	0	0	0	0	0	0	0	0	0	0	0	0	0	0	0	0	0	0	0	0	0	0	0	0	0	0	4798	9124	8914	31718	288	1896	1606	3792	838	3364	5478	26328	8302	0	602	15056	0	3028	156	864	1568	718	9578	6978	2564	0	
91268	Cerebelum_9_L	0	0	0	0	0	0	0	0	0	0	0	0	0	0	0	0	0	0	0	0	0	0	0	0	0	0	0	0	0	0	0	0	0	0	0	0	0	0	0	0	0	0	0	0	0	0	110	0	0	0	0	0	0	0	90	0	0	0	0	0	0	0	0	0	0	0	0	0	0	0	0	0	0	0	0	0	0	0	0	0	0	0	0	0	0	0	0	0	0	0	724	0	1396	118	1322	170	5854	246	1882	76	4004	0	14648	602	0	1072	4350	0	388	248	776	1186	910	1854	2622	986	
119688	Cerebelum_9_R	0	0	0	0	0	0	0	0	0	0	0	0	0	0	0	0	0	0	0	0	0	0	0	0	0	0	0	0	0	0	0	0	0	0	0	0	0	0	0	0	0	0	0	0	0	0	0	224	0	0	0	0	0	0	0	118	0	0	0	0	0	0	0	0	0	0	0	0	0	0	0	0	0	0	0	0	0	0	0	0	0	0	0	0	0	0	0	0	0	0	1300	520	1500	3892	202	1980	736	1834	410	630	938	4210	3008	15056	1072	0	0	2174	424	1398	1446	1142	3124	5292	6188	1026	
21576	Cerebelum_10_L	0	0	0	0	0	0	0	0	0	0	0	0	0	0	0	0	0	0	0	0	0	0	0	0	0	0	0	0	0	0	0	0	0	0	0	0	0	0	0	0	0	0	0	0	0	0	0	0	0	0	0	0	0	0	0	0	0	0	0	0	0	0	0	0	0	0	0	0	0	0	0	0	0	0	0	0	0	0	0	0	0	0	0	0	0	0	0	0	0	0	118	0	606	0	0	0	208	0	0	0	1594	0	3912	0	4350	0	0	0	0	0	0	0	0	0	0	0	
16168	Cerebelum_10_R	0	0	0	0	0	0	0	0	0	0	0	0	0	0	0	0	0	0	0	0	0	0	0	0	0	0	0	0	0	0	0	0	0	0	0	0	0	0	0	0	0	0	0	0	0	0	0	0	0	0	0	0	0	0	0	0	0	0	0	0	0	0	0	0	0	0	0	0	0	0	0	0	0	0	0	0	0	0	0	0	0	0	0	0	0	0	0	0	0	0	0	346	0	922	0	0	0	102	0	304	0	778	104	3028	0	2174	0	0	0	0	0	0	118	208	0	0	
25600	Vermis_1_2	0	0	0	0	0	0	0	0	0	0	0	0	0	0	0	0	0	0	0	0	0	0	0	0	0	0	0	0	0	0	0	0	0	0	0	0	0	0	0	0	0	0	0	0	0	0	0	0	0	0	0	0	0	0	0	0	0	0	0	0	0	0	0	0	0	0	0	0	0	0	0	0	0	0	0	0	0	0	0	0	0	0	0	0	0	0	0	0	0	0	414	0	328	86	600	234	558	110	526	0	138	0	362	156	388	424	0	0	0	3918	1386	608	510	708	934	412	
43592	Vermis_3	0	0	0	0	0	0	0	0	0	0	0	0	0	0	0	0	0	0	0	0	0	0	0	0	0	0	0	0	0	0	0	0	0	0	0	0	0	0	0	0	0	0	0	0	0	0	0	0	0	0	0	0	0	0	0	0	0	0	0	0	0	0	0	0	0	0	0	0	0	0	0	0	0	0	0	0	0	0	0	0	0	0	0	0	0	0	0	0	0	0	684	322	628	542	1248	2834	952	1418	334	348	252	0	784	864	248	1398	0	0	3918	0	1688	190	908	960	1276	0	
229408	Vermis_4_5	0	0	0	0	0	0	0	0	0	0	0	0	0	0	0	0	0	0	0	0	0	0	0	0	0	0	0	0	0	0	0	0	0	0	0	340	0	318	0	306	0	0	0	0	0	0	3660	6680	0	0	0	112	0	466	1400	3468	0	0	0	0	0	0	0	0	0	0	0	330	0	0	0	0	0	0	0	0	0	0	0	0	0	0	0	0	0	0	0	0	0	0	6158	9238	2120	1776	958	908	11560	13744	9276	11770	672	0	1906	1568	776	1446	0	0	1386	1688	0	7520	3644	3568	4328	1614	
185888	Vermis_6	0	0	0	0	0	0	0	0	0	0	0	0	0	0	0	0	0	0	0	0	0	0	0	0	0	0	0	0	0	0	0	0	0	0	0	0	0	0	0	0	0	0	0	0	0	0	2700	6414	0	0	0	0	0	502	1782	2172	0	0	0	0	0	0	0	0	0	0	0	0	0	0	0	0	0	0	0	0	0	0	0	0	0	0	0	0	0	0	0	0	0	0	7056	6708	3616	2546	540	244	4806	2406	11704	8818	220	486	546	718	1186	1142	0	0	608	190	7520	0	6470	3702	4874	3268	
229508	Vermis_7	0	0	0	0	0	0	0	0	0	0	0	0	0	0	0	0	0	0	0	0	0	0	0	0	0	0	0	0	0	0	0	0	0	0	0	0	0	0	0	0	0	0	0	0	0	0	542	2326	0	0	0	0	0	0	450	742	0	0	0	0	0	0	0	0	0	0	0	0	0	0	0	0	0	0	0	0	0	0	0	0	0	0	0	0	0	0	0	0	0	0	8750	5376	11752	11886	528	1634	2354	5106	3820	4530	4908	3658	6812	9578	910	3124	0	118	510	908	3644	6470	0	7622	5766	930	
