data	data	508048	203536	1.05118e+06	943836	149488	100384	593268	370620	93356	39216	335680	352688	335908	314904	172248	83628	222348	122036	648668	778232	82768	84784	543008	486620	82256	204200	86072	118056	519112	400392	526620	635940	260220	670212	183492	209392	198996	194700	74044	159884	35192	33988	202808	234156	160172	326416	210336	271472	145420	359444	350328	258712	63160	84204	346456	420476	260728	238476	63568	121640	166504	100296	79188	130232	114940	143812	241412	375184	272916	173328	239072	452080	240316	294240	44920	29416	124448	172476	49840	18396	136312	117356	95660	35244	223832	172700	11892	7636	251224	197516	399376	442576	341560	333944	11632	39876	286876	234552	386328	423640	220352	194780	240652	222776	63508	94824	9796	7264	10976	36588	229368	178556	201772	152964	74316	30356	
data	data	Precentral_L	Precentral_R	Frontal_Sup_L	Frontal_Sup_R	Frontal_Sup_Orb_L	Frontal_Sup_Orb_R	Frontal_Mid_L	Frontal_Mid_R	Frontal_Mid_Orb_L	Frontal_Mid_Orb_R	Frontal_Inf_Oper_L	Frontal_Inf_Oper_R	Frontal_Inf_Tri_L	Frontal_Inf_Tri_R	Frontal_Inf_Orb_L	Frontal_Inf_Orb_R	Rolandic_Oper_L	Rolandic_Oper_R	Supp_Motor_Area_L	Supp_Motor_Area_R	Olfactory_L	Olfactory_R	Frontal_Sup_Medial_L	Frontal_Sup_Medial_R	Frontal_Med_Orb_L	Frontal_Med_Orb_R	Rectus_L	Rectus_R	Insula_L	Insula_R	Cingulum_Ant_L	Cingulum_Ant_R	Cingulum_Mid_L	Cingulum_Mid_R	Cingulum_Post_L	Cingulum_Post_R	Hippocampus_L	Hippocampus_R	ParaHippocampal_L	ParaHippocampal_R	Amygdala_L	Amygdala_R	Calcarine_L	Calcarine_R	Cuneus_L	Cuneus_R	Lingual_L	Lingual_R	Occipital_Sup_L	Occipital_Sup_R	Occipital_Mid_L	Occipital_Mid_R	Occipital_Inf_L	Occipital_Inf_R	Fusiform_L	Fusiform_R	Postcentral_L	Postcentral_R	Parietal_Sup_L	Parietal_Sup_R	Parietal_Inf_L	Parietal_Inf_R	SupraMarginal_L	SupraMarginal_R	Angular_L	Angular_R	Precuneus_L	Precuneus_R	Paracentral_Lobule_L	Paracentral_Lobule_R	Caudate_L	Caudate_R	Putamen_L	Putamen_R	Pallidum_L	Pallidum_R	Thalamus_L	Thalamus_R	Heschl_L	Heschl_R	Temporal_Sup_L	Temporal_Sup_R	Temporal_Pole_Sup_L	Temporal_Pole_Sup_R	Temporal_Mid_L	Temporal_Mid_R	Temporal_Pole_Mid_L	Temporal_Pole_Mid_R	Temporal_Inf_L	Temporal_Inf_R	Cerebelum_Crus1_L	Cerebelum_Crus1_R	Cerebelum_Crus2_L	Cerebelum_Crus2_R	Cerebelum_3_L	Cerebelum_3_R	Cerebelum_4_5_L	Cerebelum_4_5_R	Cerebelum_6_L	Cerebelum_6_R	Cerebelum_7b_L	Cerebelum_7b_R	Cerebelum_8_L	Cerebelum_8_R	Cerebelum_9_L	Cerebelum_9_R	Cerebelum_10_L	Cerebelum_10_R	Vermis_1_2	Vermis_3	Vermis_4_5	Vermis_6	Vermis_7	Vermis_8	Vermis_9	Vermis_10	
508048	Precentral_L	0	4940	11538	398	0	0	16726	0	0	0	13502	100	998	0	0	0	11182	0	7798	6996	0	0	184	0	0	128	0	0	9794	0	330	914	1662	8976	4020	3140	4750	824	392	708	0	124	0	0	172	0	0	0	0	0	2788	0	0	0	1646	724	33632	1872	960	0	3988	126	1472	114	178	0	1206	218	35410	4894	5450	6572	7840	0	2112	0	18486	8176	3164	0	532	0	120	0	284	0	0	0	1278	486	0	0	0	0	0	0	0	0	0	0	0	0	0	0	0	0	0	0	0	0	0	0	0	0	0	0	
203536	Precentral_R	4940	0	4832	12102	0	0	636	11820	0	0	550	1946	370	0	0	0	104	2818	5802	9918	0	0	0	0	0	0	0	0	256	944	156	176	436	2250	158	252	0	534	0	474	0	0	0	0	0	112	0	192	0	108	0	0	0	236	0	902	0	9852	0	0	0	274	0	1460	0	0	0	230	3720	5516	1200	5532	240	3224	150	1960	650	3102	0	228	0	160	0	0	0	0	0	0	0	1246	0	0	0	0	0	0	0	0	0	0	0	0	0	0	0	0	0	0	0	0	0	0	0	0	0	0	
1.05118e+06	Frontal_Sup_L	11538	4832	0	12758	12190	0	96166	7156	6784	0	19174	788	30558	354	10520	0	9880	352	74184	20734	400	0	56570	6970	2166	360	2076	0	29006	630	30246	5318	15168	10002	708	0	968	0	0	0	0	0	0	0	0	0	150	0	0	0	0	0	0	0	596	0	1544	380	0	0	0	222	0	202	0	0	396	0	4178	436	12040	5716	14472	754	1838	0	324	100	286	0	958	0	2252	0	0	0	0	0	192	0	0	0	0	0	0	0	0	0	0	0	0	0	0	0	0	0	0	0	0	0	0	0	0	0	0	0	
943836	Frontal_Sup_R	398	12102	12758	0	0	9606	2304	58672	0	2908	970	27520	552	24474	0	6630	264	6264	16108	63322	0	544	9750	42470	0	11654	0	5530	508	25190	6794	39272	3590	32166	0	0	0	764	0	230	0	0	0	0	0	0	0	126	0	0	0	0	0	0	0	0	0	1200	0	0	0	346	0	338	0	0	0	0	126	0	5334	19874	716	16172	360	1488	1252	934	0	194	0	144	0	0	0	0	0	0	0	0	0	0	0	0	0	0	0	0	0	0	0	0	0	0	0	0	0	0	0	0	0	0	0	0	0	0	
149488	Frontal_Sup_Orb_L	0	0	12190	0	0	0	3236	0	9272	0	312	0	6460	0	13154	0	0	0	104	0	1894	694	3548	0	4812	252	6530	234	6166	0	4024	334	0	0	0	0	0	0	0	0	0	0	0	0	0	0	0	0	0	0	0	0	0	0	0	0	0	0	0	0	0	0	0	0	0	0	0	0	0	0	1088	98	234	0	0	0	0	0	0	0	0	0	108	0	0	0	0	0	0	0	0	0	0	0	0	0	0	0	0	0	0	0	0	0	0	0	0	0	0	0	0	0	0	0	0	0	
100384	Frontal_Sup_Orb_R	0	0	0	9606	0	0	0	800	0	2032	0	1168	0	1758	0	2858	0	0	0	158	0	632	136	4928	186	8848	0	8200	0	2810	488	2748	0	0	0	0	0	0	0	0	0	0	0	0	0	0	0	0	0	0	0	0	0	0	0	0	0	0	0	0	0	0	0	0	0	0	0	0	0	0	0	1738	0	1098	0	0	0	0	0	0	0	0	0	0	0	0	0	0	0	0	0	0	0	0	0	0	0	0	0	0	0	0	0	0	0	0	0	0	0	0	0	0	0	0	0	0	
593268	Frontal_Mid_L	16726	636	96166	2304	3236	0	0	1564	7016	0	22220	360	44316	0	8742	0	7372	256	10392	2338	0	0	15968	916	0	242	620	0	15962	266	10440	2634	4748	2024	0	0	498	0	0	0	0	0	0	0	0	0	0	0	0	0	138	0	0	0	0	0	1498	132	98	0	326	0	0	0	0	0	0	0	0	0	6348	3816	1300	298	1106	0	718	0	120	0	812	0	1962	0	0	0	0	0	0	0	0	0	0	0	0	0	0	0	0	0	0	0	0	0	0	0	0	0	0	0	0	0	0	0	0	0	
370620	Frontal_Mid_R	0	11820	7156	58672	0	800	1564	0	0	1604	378	13086	106	21646	0	2532	160	2412	6868	10764	0	0	1184	6372	0	664	0	356	148	4274	776	3940	844	7078	0	0	0	224	0	0	0	0	0	0	0	0	0	0	0	0	0	0	0	0	0	0	0	718	0	0	0	246	0	280	0	0	0	0	0	0	4276	4870	424	5440	340	1568	1238	176	0	194	0	112	0	0	0	0	0	0	0	0	0	0	0	0	0	0	0	0	0	0	0	0	0	0	0	0	0	0	0	0	0	0	0	0	0	0	
93356	Frontal_Mid_Orb_L	0	0	6784	0	9272	0	7016	0	0	0	160	0	4600	0	15358	0	0	0	0	0	0	0	132	0	124	0	1122	0	1854	0	256	0	0	0	0	0	0	0	0	0	0	0	0	0	0	0	0	0	0	0	0	0	0	0	0	0	0	0	0	0	0	0	0	0	0	0	0	0	0	0	0	0	0	0	0	0	0	0	0	0	0	0	0	0	0	0	0	0	0	0	0	0	0	0	0	0	0	0	0	0	0	0	0	0	0	0	0	0	0	0	0	0	0	0	0	0	
39216	Frontal_Mid_Orb_R	0	0	0	2908	0	2032	0	1604	0	0	0	0	0	702	0	8972	0	0	0	154	0	0	0	258	0	264	0	134	0	1522	0	342	0	0	0	0	0	0	0	0	0	0	0	0	0	0	0	0	0	0	0	0	0	0	0	0	0	0	0	0	0	0	0	0	0	0	0	0	0	0	0	232	0	484	0	0	0	0	0	0	0	0	0	0	0	0	0	0	0	0	0	0	0	0	0	0	0	0	0	0	0	0	0	0	0	0	0	0	0	0	0	0	0	0	0	0	
335680	Frontal_Inf_Oper_L	13502	550	19174	970	312	0	22220	378	160	0	0	294	19944	0	588	0	17750	226	8868	1766	0	0	4474	328	0	0	0	0	26424	200	6914	432	2672	408	0	0	730	0	132	0	0	0	0	0	0	0	0	0	0	0	0	0	0	0	130	0	4886	0	0	0	190	0	0	0	0	0	0	0	0	0	600	2618	2526	0	352	0	1318	0	688	0	1702	0	3414	0	0	0	0	0	0	0	0	0	0	0	0	0	0	0	0	0	0	0	0	0	0	0	0	0	0	0	0	0	0	0	0	0	
352688	Frontal_Inf_Oper_R	100	1946	788	27520	0	1168	360	13086	0	0	294	0	104	27346	0	920	0	7474	2046	14290	0	204	1222	9482	0	4256	0	1188	0	24320	3262	14582	730	6546	0	0	0	386	0	120	0	0	0	0	0	0	0	118	0	0	0	0	0	0	0	0	0	1874	0	0	0	0	0	124	0	0	0	0	0	0	168	4378	0	4904	0	104	0	638	0	0	0	156	0	140	0	0	0	0	0	0	0	0	0	0	0	0	0	0	0	0	0	0	0	0	0	0	0	0	0	0	0	0	0	0	0	0	
335908	Frontal_Inf_Tri_L	998	370	30558	552	6460	0	44316	106	4600	0	19944	104	0	0	13176	0	748	0	4690	1096	204	0	3712	186	236	0	1320	0	20266	98	7972	200	1270	170	0	0	0	0	0	0	0	0	0	0	0	0	0	0	0	0	0	0	0	0	0	0	0	0	0	0	0	0	0	0	0	0	0	0	0	0	118	2108	802	0	0	0	0	0	0	0	234	0	1340	0	0	0	0	0	0	0	0	0	0	0	0	0	0	0	0	0	0	0	0	0	0	0	0	0	0	0	0	0	0	0	0	0	
314904	Frontal_Inf_Tri_R	0	0	354	24474	0	1758	0	21646	0	702	0	27346	0	0	0	4890	0	694	2334	7968	0	102	1352	8138	0	3128	0	1382	0	21764	1884	13896	1192	7034	0	0	0	0	0	0	0	0	0	0	0	0	0	0	0	0	0	0	0	0	0	0	0	0	0	0	0	0	0	0	0	0	0	0	0	0	0	2488	0	2926	0	0	0	0	0	0	0	0	0	0	0	0	0	0	0	0	0	0	0	0	0	0	0	0	0	0	0	0	0	0	0	0	0	0	0	0	0	0	0	0	0	0	
172248	Frontal_Inf_Orb_L	0	0	10520	0	13154	0	8742	0	15358	0	588	0	13176	0	0	0	0	0	254	0	1246	0	2260	0	1688	0	1690	0	10502	0	4478	0	0	0	0	0	190	0	0	0	314	0	0	0	0	0	0	0	0	0	0	0	0	0	0	0	0	0	0	0	0	0	0	0	0	0	0	0	0	0	0	0	824	0	0	0	0	0	0	0	0	0	1140	0	0	0	0	0	0	0	0	0	0	0	0	0	0	0	0	0	0	0	0	0	0	0	0	0	0	0	0	0	0	0	0	0	
83628	Frontal_Inf_Orb_R	0	0	0	6630	0	2858	0	2532	0	8972	0	920	0	4890	0	0	0	0	0	236	0	194	0	1526	0	1226	0	642	0	6350	0	1356	0	0	0	0	0	0	0	112	0	0	0	0	0	0	0	0	0	0	0	0	0	0	0	0	0	0	0	0	0	0	0	0	0	0	0	0	0	0	0	398	0	716	0	0	0	0	0	0	0	874	0	962	0	420	0	0	0	0	0	0	0	0	0	0	0	0	0	0	0	0	0	0	0	0	0	0	0	0	0	0	0	0	0	0	
222348	Rolandic_Oper_L	11182	104	9880	264	0	0	7372	160	0	0	17750	0	748	0	0	0	0	0	4444	322	0	0	2580	0	0	0	0	0	21208	0	1626	0	1944	204	380	0	884	0	0	0	0	0	0	0	0	0	0	0	0	0	718	0	0	0	1784	0	8188	0	0	0	554	0	1732	0	0	0	0	0	0	0	118	124	1234	0	332	0	1896	0	3242	0	4454	0	3092	0	802	0	0	0	1852	0	0	0	0	0	0	0	0	0	0	0	0	0	0	0	0	0	0	0	0	0	0	0	0	0	0	0	
122036	Rolandic_Oper_R	0	2818	352	6264	0	0	256	2412	0	0	226	7474	0	694	0	0	0	0	266	3682	0	0	170	180	0	108	0	0	0	11438	474	826	0	1592	0	0	0	552	0	0	0	102	0	530	0	216	0	122	0	260	0	176	0	0	0	156	0	4412	0	214	0	0	0	4582	0	270	0	542	0	0	110	242	0	3228	0	0	0	1456	0	1842	0	2378	0	0	0	396	0	0	0	0	0	0	0	0	0	0	0	0	0	0	0	0	0	0	0	0	0	0	0	0	0	0	0	0	0	0	
648668	Supp_Motor_Area_L	7798	5802	74184	16108	104	0	10392	6868	0	0	8868	2046	4690	2334	254	0	4444	266	0	46568	0	0	16458	5126	0	254	0	0	9024	894	8202	5550	15224	26244	1228	1038	790	0	0	0	0	0	0	0	0	0	140	0	0	0	0	0	0	0	520	0	1392	498	0	0	0	164	0	148	0	0	716	372	9068	3562	7872	4308	11174	784	1038	0	262	108	270	0	284	0	750	0	0	0	0	0	146	0	0	0	0	0	0	0	0	0	0	0	0	0	0	0	0	0	0	0	0	0	0	0	0	0	0	0	
778232	Supp_Motor_Area_R	6996	9918	20734	63322	0	158	2338	10764	0	154	1766	14290	1096	7968	0	236	322	3682	46568	0	0	0	6748	13400	0	900	0	0	806	10170	7132	22286	9476	56128	1262	2354	0	538	0	154	0	0	0	0	0	0	0	116	0	0	0	0	0	0	0	0	114	1678	0	0	0	332	0	336	0	0	162	1382	8614	15614	4128	20782	1334	9678	158	744	724	1554	0	0	0	0	0	0	0	0	0	0	0	0	0	0	0	0	0	0	0	0	0	0	0	0	0	0	0	0	0	0	0	0	0	0	0	0	0	0	
82768	Olfactory_L	0	0	400	0	1894	0	0	0	0	0	0	0	204	0	1246	0	0	0	0	0	0	5176	594	100	2828	1334	4466	1822	2266	0	4330	2440	0	0	0	0	360	0	410	0	736	0	0	0	0	0	0	0	0	0	0	0	0	0	0	0	0	0	0	0	0	0	0	0	0	0	0	0	0	0	5320	2394	2536	244	0	0	0	0	0	0	0	0	284	0	0	0	0	0	0	0	0	0	0	0	0	0	0	0	0	0	0	0	0	0	0	0	0	0	0	0	0	0	0	0	0	0	
84784	Olfactory_R	0	0	0	544	694	632	0	0	0	0	0	204	0	102	0	194	0	0	0	0	5176	0	0	394	1798	3386	3594	4204	0	1412	2708	3356	0	0	0	0	0	0	0	0	0	754	0	0	0	0	0	0	0	0	0	0	0	0	0	0	0	0	0	0	0	0	0	0	0	0	0	0	0	0	6232	4440	2158	410	0	0	0	0	0	0	0	0	0	0	0	0	0	0	0	0	0	0	0	0	0	0	0	0	0	0	0	0	0	0	0	0	0	0	0	0	0	0	0	0	0	0	
543008	Frontal_Sup_Medial_L	184	0	56570	9750	3548	136	15968	1184	132	0	4474	1222	3712	1352	2260	0	2580	170	16458	6748	594	0	0	29414	3892	790	310	0	8334	1274	38886	16088	15788	23630	636	0	0	0	0	0	0	0	0	0	0	0	0	0	0	0	0	0	0	0	0	0	0	0	0	0	0	0	0	0	0	0	0	0	0	0	190	1330	1834	686	0	0	0	0	0	0	416	0	964	0	0	0	0	0	0	0	0	0	0	0	0	0	0	0	0	0	0	0	0	0	0	0	0	0	0	0	0	0	0	0	0	0	
486620	Frontal_Sup_Medial_R	0	0	6970	42470	0	4928	916	6372	0	258	328	9482	186	8138	0	1526	0	180	5126	13400	100	394	29414	0	788	14372	140	4142	160	9974	7630	31884	2716	26530	0	0	0	0	0	0	0	0	0	0	0	0	0	0	0	0	0	0	0	0	0	0	0	0	0	0	0	0	0	0	0	0	0	0	0	0	132	6842	0	7812	0	0	0	0	0	0	0	0	0	0	0	0	0	0	0	0	0	0	0	0	0	0	0	0	0	0	0	0	0	0	0	0	0	0	0	0	0	0	0	0	0	0	
82256	Frontal_Med_Orb_L	0	0	2166	0	4812	186	0	0	124	0	0	0	236	0	1688	0	0	0	0	0	2828	1798	3892	788	0	1724	4728	1122	1930	0	6654	978	0	0	0	0	0	0	0	0	0	0	0	0	0	0	0	0	0	0	0	0	0	0	0	0	0	0	0	0	0	0	0	0	0	0	0	0	0	0	3534	308	1198	282	0	0	0	0	0	0	0	0	152	0	0	0	0	0	0	0	0	0	0	0	0	0	0	0	0	0	0	0	0	0	0	0	0	0	0	0	0	0	0	0	0	0	
204200	Frontal_Med_Orb_R	128	0	360	11654	252	8848	242	664	0	264	0	4256	0	3128	0	1226	0	108	254	900	1334	3386	790	14372	1724	0	1284	11402	0	5874	2838	11980	0	192	0	0	0	0	0	0	0	0	0	0	0	0	0	0	0	0	0	0	0	0	0	0	0	0	0	0	0	0	0	0	0	0	0	0	0	0	1846	6140	146	6508	0	0	0	0	0	0	0	0	0	0	0	0	0	0	0	0	0	0	0	0	0	0	0	0	0	0	0	0	0	0	0	0	0	0	0	0	0	0	0	0	0	0	
86072	Rectus_L	0	0	2076	0	6530	0	620	0	1122	0	0	0	1320	0	1690	0	0	0	0	0	4466	3594	310	140	4728	1284	0	1572	506	0	3294	1590	0	0	0	0	0	0	0	0	0	0	0	0	0	0	0	0	0	0	0	0	0	0	0	0	0	0	0	0	0	0	0	0	0	0	0	0	0	0	5876	860	1458	0	0	0	0	0	0	0	0	0	0	0	0	0	0	0	0	0	0	0	0	0	0	0	0	0	0	0	0	0	0	0	0	0	0	0	0	0	0	0	0	0	0	0	
118056	Rectus_R	0	0	0	5530	234	8200	0	356	0	134	0	1188	0	1382	0	642	0	0	0	0	1822	4204	0	4142	1122	11402	1572	0	0	2480	1152	4608	0	0	0	0	0	0	0	0	0	0	0	0	0	0	0	0	0	0	0	0	0	0	0	0	0	0	0	0	0	0	0	0	0	0	0	0	0	0	2044	4482	824	1508	0	0	0	0	0	0	0	0	0	0	0	0	0	0	0	0	0	0	0	0	0	0	0	0	0	0	0	0	0	0	0	0	0	0	0	0	0	0	0	0	0	0	
519112	Insula_L	9794	256	29006	508	6166	0	15962	148	1854	0	26424	0	20266	0	10502	0	21208	0	9024	806	2266	0	8334	160	1930	0	506	0	0	0	16312	178	1802	286	324	124	9748	0	1308	0	1370	0	0	0	0	0	598	0	0	0	1350	0	0	0	5174	0	7668	0	108	0	390	0	926	0	0	0	412	0	0	0	438	1272	16096	0	444	0	4302	0	5658	0	5492	0	5634	0	1338	0	0	0	5684	0	0	0	0	0	0	0	0	0	0	0	0	0	0	0	0	0	0	0	0	0	0	0	0	0	0	0	
400392	Insula_R	0	944	630	25190	0	2810	266	4274	0	1522	200	24320	98	21764	0	6350	0	11438	894	10170	0	1412	1274	9974	0	5874	0	2480	0	0	3338	16926	584	5014	0	0	0	2912	0	324	0	1614	0	0	0	0	0	176	0	0	0	0	0	0	0	556	0	2338	0	102	0	0	0	800	0	0	0	192	0	0	134	5506	0	16524	0	148	0	2344	0	1282	0	4216	0	970	0	1948	0	0	0	364	0	0	0	0	0	0	0	0	0	0	0	0	0	0	0	0	0	0	0	0	0	0	0	0	0	0	
526620	Cingulum_Ant_L	330	156	30246	6794	4024	488	10440	776	256	0	6914	3262	7972	1884	4478	0	1626	474	8202	7132	4330	2708	38886	7630	6654	2838	3294	1152	16312	3338	0	26732	13396	9174	1776	170	0	0	0	0	0	0	0	0	0	0	0	0	0	0	0	0	0	0	0	0	0	0	0	0	0	0	0	0	0	0	0	0	0	0	5478	8734	10174	3582	100	0	0	0	0	0	276	0	1122	0	0	0	0	0	0	0	0	0	0	0	0	0	0	0	0	0	0	0	0	0	0	0	0	0	0	0	0	0	0	0	0	0	
635940	Cingulum_Ant_R	914	176	5318	39272	334	2748	2634	3940	0	342	432	14582	200	13896	0	1356	0	826	5550	22286	2440	3356	16088	31884	978	11980	1590	4608	178	16926	26732	0	4542	25912	0	0	0	140	0	0	0	0	0	0	0	0	0	0	0	0	0	0	0	0	0	0	0	0	0	0	0	0	0	0	0	0	0	0	0	0	5800	30730	1430	17484	0	260	0	106	0	0	0	0	0	0	0	0	0	0	0	0	0	0	0	0	0	0	0	0	0	0	0	0	0	0	0	0	0	0	0	0	0	0	0	0	0	0	
260220	Cingulum_Mid_L	1662	436	15168	3590	0	0	4748	844	0	0	2672	730	1270	1192	0	0	1944	0	15224	9476	0	0	15788	2716	0	0	0	0	1802	584	13396	4542	0	17338	5208	808	0	0	0	0	0	0	0	0	454	0	0	0	144	0	372	0	0	0	0	0	0	0	0	0	0	0	0	0	0	0	1818	1000	2714	1174	0	132	282	214	0	0	0	0	0	0	312	0	356	0	0	0	0	0	0	0	0	0	0	0	0	0	0	0	0	0	0	0	0	0	0	0	0	0	0	0	0	0	0	0	0	0	
670212	Cingulum_Mid_R	8976	2250	10002	32166	0	0	2024	7078	0	0	408	6546	170	7034	0	0	204	1592	26244	56128	0	0	23630	26530	0	192	0	0	286	5014	9174	25912	17338	0	3494	10720	0	204	0	0	0	170	0	0	0	134	0	0	0	0	0	0	0	0	0	140	446	1876	0	0	0	0	0	0	0	0	784	4216	12478	18132	134	4464	0	1634	0	0	0	7182	0	0	0	0	0	0	0	0	0	0	0	0	0	0	0	0	0	0	0	0	0	0	0	0	0	0	0	0	0	0	0	0	0	0	0	0	0	0	
183492	Cingulum_Post_L	4020	158	708	0	0	0	0	0	0	0	0	0	0	0	0	0	380	0	1228	1262	0	0	636	0	0	0	0	0	324	0	1776	0	5208	3494	0	13672	4614	4064	2650	2634	0	0	1550	0	2900	286	544	100	154	0	660	0	0	0	1852	2358	3352	1838	0	0	178	344	0	276	182	0	11280	2760	7100	1910	0	358	0	0	0	0	460	922	0	0	140	0	142	0	312	0	0	0	1728	1232	0	0	0	0	0	0	0	0	0	0	0	0	0	0	0	0	0	0	0	0	0	0	0	0	0	0	
209392	Cingulum_Post_R	3140	252	0	0	0	0	0	0	0	0	0	0	0	0	0	0	0	0	1038	2354	0	0	0	0	0	0	0	0	124	0	170	0	808	10720	13672	0	4054	6126	1940	3960	0	0	0	412	0	1442	0	1488	0	916	0	230	0	640	688	5584	1026	6362	0	0	0	382	0	360	0	0	1022	14564	3772	6938	0	1032	0	0	0	0	1124	2774	0	0	0	0	0	0	0	0	0	0	916	4110	0	198	0	0	0	0	0	0	0	0	0	0	0	0	0	0	0	0	0	0	358	0	0	0	0	0	
198996	Hippocampus_L	4750	0	968	0	0	0	498	0	0	0	730	0	0	0	190	0	884	0	790	0	360	0	0	0	0	0	0	0	9748	0	0	0	0	0	4614	4054	0	2030	10482	0	6780	0	734	0	0	0	1886	122	0	0	114	0	0	0	14594	0	1966	0	0	0	0	0	0	0	0	0	1248	858	590	0	0	0	6838	0	928	0	4980	282	964	0	2970	0	808	0	1062	0	0	0	11168	0	0	0	0	0	0	0	398	0	0	0	0	0	0	0	0	0	0	0	0	0	110	0	0	0	0	0	
194700	Hippocampus_R	824	534	0	764	0	0	0	224	0	0	0	386	0	0	0	0	0	552	0	538	0	0	0	0	0	0	0	0	0	2912	0	140	0	204	4064	6126	2030	0	764	19642	0	4306	0	236	0	0	0	1884	0	0	0	0	0	0	430	22712	0	1204	0	0	0	0	0	0	0	0	0	2630	794	142	0	884	0	5910	0	222	976	5126	0	198	0	268	0	244	0	334	0	0	358	7064	0	556	0	0	0	0	0	794	0	172	0	0	0	0	0	0	0	0	0	0	202	0	0	0	0	0	
74044	ParaHippocampal_L	392	0	0	0	0	0	0	0	0	0	132	0	0	0	0	0	0	0	0	0	410	0	0	0	0	0	0	0	1308	0	0	0	0	0	2650	1940	10482	764	0	112	1572	0	688	0	0	0	2368	0	0	0	0	0	0	0	5904	0	134	0	0	0	0	0	0	0	0	0	1046	656	0	0	0	0	766	0	0	0	972	0	0	0	124	0	398	0	0	0	0	0	3306	0	0	0	0	0	0	0	898	0	0	0	0	0	0	0	0	0	0	0	0	0	0	0	0	0	0	0	
159884	ParaHippocampal_R	708	474	0	230	0	0	0	0	0	0	0	120	0	0	0	112	0	0	0	154	0	0	0	0	0	0	0	0	0	324	0	0	0	0	2634	3960	0	19642	112	0	0	2020	0	494	0	0	0	2754	0	0	0	0	0	144	0	21790	0	1270	0	0	0	0	0	0	0	0	0	3038	694	0	0	1250	0	776	0	0	0	5268	0	0	0	0	0	276	0	180	0	0	0	8836	0	984	0	0	0	0	150	1388	0	160	0	0	0	0	0	0	0	0	0	0	0	0	0	0	0	0	
35192	Amygdala_L	0	0	0	0	0	0	0	0	0	0	0	0	0	0	314	0	0	0	0	0	736	0	0	0	0	0	0	0	1370	0	0	0	0	0	0	0	6780	0	1572	0	0	0	0	0	0	0	0	0	0	0	0	0	0	0	3958	0	0	0	0	0	0	0	0	0	0	0	0	0	0	0	0	0	186	0	0	0	230	0	0	0	0	0	590	0	0	0	0	0	1860	0	0	0	0	0	0	0	0	0	0	0	0	0	0	0	0	0	0	0	0	0	0	0	0	0	0	0	
33988	Amygdala_R	124	0	0	0	0	0	0	0	0	0	0	0	0	0	0	0	0	102	0	0	0	754	0	0	0	0	0	0	0	1614	0	0	0	170	0	0	0	4306	0	2020	0	0	0	0	0	0	0	0	0	0	0	0	0	0	0	5292	0	0	0	0	0	0	0	0	0	0	0	0	122	0	0	0	0	800	0	0	0	496	0	0	0	0	0	1194	0	0	0	0	0	0	0	0	0	0	0	0	0	0	0	0	0	0	0	0	0	0	0	0	0	0	0	0	0	0	0	0	
202808	Calcarine_L	0	0	0	0	0	0	0	0	0	0	0	0	0	0	0	0	0	0	0	0	0	0	0	0	0	0	0	0	0	0	0	0	0	0	1550	0	734	0	688	0	0	0	0	11324	12980	8436	7310	2828	6270	5276	12356	1076	1644	330	3730	436	540	0	0	0	106	0	0	0	346	422	14302	1916	246	0	0	0	0	0	0	0	0	0	0	0	0	0	0	0	2978	234	0	0	2858	124	0	120	0	0	0	0	0	0	0	124	0	0	0	0	0	0	0	0	0	0	0	0	120	0	0	0	
234156	Calcarine_R	0	0	0	0	0	0	0	0	0	0	0	0	0	0	0	0	0	530	0	0	0	0	0	0	0	0	0	0	0	0	0	0	0	0	0	412	0	236	0	494	0	0	11324	0	3956	20780	370	15746	0	20360	0	9716	0	4898	0	7366	0	2122	0	0	0	0	0	750	0	878	354	12270	0	132	0	0	0	0	0	0	0	0	0	0	0	0	0	0	0	1624	0	0	0	882	0	528	0	0	0	0	0	0	0	582	0	0	0	0	0	0	0	0	0	0	0	240	528	0	0	0	
160172	Cuneus_L	172	0	0	0	0	0	0	0	0	0	0	0	0	0	0	0	0	0	0	0	0	0	0	0	0	0	0	0	0	0	0	0	454	0	2900	0	0	0	0	0	0	0	12980	3956	0	6664	3108	126	16282	2450	11126	338	334	0	824	176	818	0	136	0	176	0	0	0	262	98	12220	464	1734	0	0	0	0	0	0	0	0	0	0	0	0	0	0	0	1640	0	0	0	648	0	0	0	0	0	0	0	0	0	0	0	0	0	0	0	0	0	0	0	0	0	0	0	0	0	0	0	
326416	Cuneus_R	0	112	0	0	0	0	0	0	0	0	0	0	0	0	0	0	0	216	0	0	0	0	0	0	0	0	0	0	0	0	0	0	0	134	286	1442	0	0	0	0	0	0	8436	20780	6664	0	0	2468	0	42036	0	17102	0	2072	0	2934	0	3554	0	5602	0	1532	0	1492	0	3354	1814	29670	0	564	0	0	0	260	0	134	0	112	0	0	0	1504	0	0	0	6466	0	0	0	2468	0	0	0	0	0	0	0	0	0	0	0	0	0	0	0	0	0	0	0	0	0	0	0	0	0	0	
210336	Lingual_L	0	0	150	0	0	0	0	0	0	0	0	0	0	0	0	0	0	0	140	0	0	0	0	0	0	0	0	0	598	0	0	0	0	0	544	0	1886	0	2368	0	0	0	7310	370	3108	0	0	1796	6612	308	11416	118	3344	0	10110	558	0	0	0	0	0	0	0	0	0	0	2538	0	0	0	0	0	634	0	0	0	0	0	0	0	0	0	0	0	0	0	0	0	2236	0	9116	2444	1452	284	282	0	9610	1618	12380	3568	0	0	0	0	0	0	0	0	0	0	2946	3542	1342	124	146	170	
271472	Lingual_R	0	192	0	126	0	0	0	0	0	0	0	118	0	0	0	0	0	122	0	116	0	0	0	0	0	0	0	0	0	176	0	0	0	0	100	1488	122	1884	0	2754	0	0	2828	15746	126	2468	1796	0	0	5814	0	4938	0	5462	774	19432	0	1212	0	0	0	0	0	106	0	0	130	7982	0	304	0	0	0	724	0	0	0	1658	0	0	0	0	0	0	0	234	0	0	0	1238	2718	8406	1662	606	0	0	2324	6294	4726	11710	0	0	0	0	106	112	0	0	0	0	6246	6942	3374	200	140	0	
145420	Occipital_Sup_L	0	0	0	0	0	0	0	0	0	0	0	0	0	0	0	0	0	0	0	0	0	0	0	0	0	0	0	0	0	0	0	0	144	0	154	0	0	0	0	0	0	0	6270	0	16282	0	6612	0	0	0	25906	0	1038	0	144	0	266	0	3072	0	1644	0	0	0	1564	0	7756	0	0	0	0	0	0	0	0	0	0	0	0	0	110	0	0	0	1748	0	0	0	0	0	0	0	0	0	0	0	0	0	0	0	0	0	0	0	0	0	0	0	0	0	0	0	0	0	0	0	
359444	Occipital_Sup_R	0	108	0	0	0	0	0	0	0	0	0	0	0	0	0	0	0	260	0	0	0	0	0	0	0	0	0	0	0	0	0	0	0	0	0	916	0	0	0	0	0	0	5276	20360	2450	42036	308	5814	0	0	0	25554	0	2442	0	7510	0	4272	0	9832	0	2088	0	1674	0	8326	1160	26526	0	694	0	0	0	358	0	162	0	166	0	0	0	1640	0	0	0	6666	0	0	0	2354	0	250	0	0	0	0	0	0	0	270	0	0	0	0	0	0	0	0	0	0	0	0	250	0	0	0	
350328	Occipital_Mid_L	2788	0	0	0	0	0	138	0	0	0	0	0	0	0	0	0	718	0	0	0	0	0	0	0	0	0	0	0	1350	0	0	0	372	0	660	0	114	0	0	0	0	0	12356	0	11126	0	11416	0	25906	0	0	0	15036	0	4460	0	5878	0	8612	0	15750	0	446	0	19718	0	16582	0	790	0	0	0	0	0	0	0	0	0	392	0	380	0	0	0	18248	0	0	0	1928	0	0	0	0	0	0	0	0	0	0	0	0	0	0	0	0	0	0	0	0	0	0	0	0	0	0	0	
258712	Occipital_Mid_R	0	0	0	0	0	0	0	0	0	0	0	0	0	0	0	0	0	176	0	0	0	0	0	0	0	0	0	0	0	0	0	0	0	0	0	230	0	0	0	0	0	0	1076	9716	338	17102	118	4938	0	25554	0	0	0	4746	0	7852	0	896	0	5420	0	5100	0	826	0	16244	0	12250	0	0	0	0	0	0	0	0	0	190	0	0	0	1940	0	0	0	11460	0	0	0	2754	0	106	0	0	0	0	0	0	0	218	0	0	0	0	0	0	0	0	0	0	0	0	106	0	0	0	
63160	Occipital_Inf_L	0	0	0	0	0	0	0	0	0	0	0	0	0	0	0	0	0	0	0	0	0	0	0	0	0	0	0	0	0	0	0	0	0	0	0	0	0	0	0	0	0	0	1644	0	334	0	3344	0	1038	0	15036	0	0	0	4760	0	228	0	0	0	0	0	0	0	278	0	894	0	0	0	0	0	0	0	0	0	0	0	0	0	0	0	0	0	2164	0	0	0	1706	0	0	0	0	0	0	0	0	0	154	0	0	0	0	0	0	0	0	0	0	0	0	0	0	0	0	0	
84204	Occipital_Inf_R	0	236	0	0	0	0	0	0	0	0	0	0	0	0	0	0	0	0	0	0	0	0	0	0	0	0	0	0	0	0	0	0	0	0	0	640	0	0	0	144	0	0	330	4898	0	2072	0	5462	0	2442	0	4746	0	0	0	8644	0	1594	0	0	0	0	0	202	0	0	0	3532	0	0	0	0	0	0	0	0	0	0	0	0	0	0	0	0	0	2076	0	0	0	4396	0	0	0	0	0	0	0	0	0	328	0	0	0	0	0	0	0	0	0	0	232	128	0	0	0	0	
346456	Fusiform_L	1646	0	596	0	0	0	0	0	0	0	130	0	0	0	0	0	1784	0	520	0	0	0	0	0	0	0	0	0	5174	0	0	0	0	0	1852	688	14594	430	5904	0	3958	0	3730	0	824	0	10110	774	144	0	4460	0	4760	0	0	394	3206	0	0	0	492	0	602	0	204	0	6470	102	234	0	0	0	2452	0	0	0	778	0	1830	0	3390	0	876	0	1134	0	236	0	27984	0	18122	1018	3586	0	0	0	9386	556	21056	1274	1032	0	1246	0	0	0	0	0	0	0	1396	1304	234	212	184	160	
420476	Fusiform_R	724	902	0	0	0	0	0	0	0	0	0	0	0	0	0	0	0	156	0	0	0	0	0	0	0	0	0	0	0	556	0	0	0	140	2358	5584	0	22712	0	21790	0	5292	436	7366	176	2934	558	19432	0	7510	0	7852	0	8644	394	0	0	3758	0	0	0	126	0	200	0	214	254	7508	710	0	0	1244	0	464	0	0	0	5716	0	200	0	1404	0	2764	0	2390	0	632	0	24226	900	13558	408	668	0	0	822	4176	1686	13716	0	0	0	0	0	0	0	0	0	0	3006	3090	762	120	0	0	
260728	Postcentral_L	33632	0	1544	0	0	0	1498	0	0	0	4886	0	0	0	0	0	8188	0	1392	114	0	0	0	0	0	0	0	0	7668	0	0	0	0	446	3352	1026	1966	0	134	0	0	0	540	0	818	0	0	0	266	0	5878	0	228	0	3206	0	0	332	2354	0	17506	0	8806	0	684	0	4340	0	2354	388	1554	238	2970	0	886	0	2428	330	2968	0	774	0	0	0	1806	0	0	0	2864	0	0	0	0	0	0	0	0	0	0	0	0	0	0	0	0	0	0	0	0	0	0	0	0	0	0	0	
238476	Postcentral_R	1872	9852	380	1200	0	0	132	718	0	0	0	1874	0	0	0	0	0	4412	498	1678	0	0	0	0	0	0	0	0	0	2338	0	0	0	1876	1838	6362	0	1204	0	1270	0	0	0	2122	0	3554	0	1212	0	4272	0	896	0	1594	0	3758	332	0	0	7100	0	5504	0	14802	0	884	0	11776	2360	5798	344	748	0	3368	0	156	0	2582	0	172	0	3360	0	0	0	830	0	0	0	4070	0	140	0	0	0	0	0	0	0	0	0	0	0	0	0	0	0	0	0	0	0	0	0	0	0	0	
63568	Parietal_Sup_L	960	0	0	0	0	0	98	0	0	0	0	0	0	0	0	0	0	0	0	0	0	0	0	0	0	0	0	0	108	0	0	0	0	0	0	0	0	0	0	0	0	0	0	0	136	0	0	0	3072	0	8612	0	0	0	0	0	2354	0	0	0	5370	0	0	0	2914	0	7688	0	472	0	0	0	0	0	0	0	0	0	0	0	0	0	0	0	0	0	0	0	0	0	0	0	0	0	0	0	0	0	0	0	0	0	0	0	0	0	0	0	0	0	0	0	0	0	0	0	
121640	Parietal_Sup_R	0	0	0	0	0	0	0	0	0	0	0	0	0	0	0	0	0	214	0	0	0	0	0	0	0	0	0	0	0	102	0	0	0	0	0	0	0	0	0	0	0	0	0	0	0	5602	0	0	0	9832	0	5420	0	0	0	0	0	7100	0	0	0	7012	0	2496	0	9326	154	11530	0	1110	0	0	0	246	0	0	0	0	0	0	0	388	0	0	0	288	0	0	0	0	0	0	0	0	0	0	0	0	0	0	0	0	0	0	0	0	0	0	0	0	0	0	0	0	0	0	
166504	Parietal_Inf_L	3988	0	0	0	0	0	326	0	0	0	190	0	0	0	0	0	554	0	0	0	0	0	0	0	0	0	0	0	390	0	0	0	0	0	178	0	0	0	0	0	0	0	106	0	176	0	0	0	1644	0	15750	0	0	0	492	0	17506	0	5370	0	0	0	12276	0	14738	0	2074	0	872	0	0	0	0	0	0	0	0	0	0	0	1864	0	0	0	4298	0	0	0	460	0	0	0	0	0	0	0	0	0	0	0	0	0	0	0	0	0	0	0	0	0	0	0	0	0	0	0	
100296	Parietal_Inf_R	126	274	222	346	0	0	0	246	0	0	0	0	0	0	0	0	0	0	164	332	0	0	0	0	0	0	0	0	0	0	0	0	0	0	344	382	0	0	0	0	0	0	0	0	0	1532	0	0	0	2088	0	5100	0	0	0	126	0	5504	0	7012	0	0	0	8970	0	12350	0	1256	98	158	0	0	0	116	0	0	0	0	0	0	0	1810	0	0	0	1592	0	0	0	0	0	0	0	0	0	0	0	0	0	0	0	0	0	0	0	0	0	0	0	0	0	0	0	0	0	0	
79188	SupraMarginal_L	1472	0	0	0	0	0	0	0	0	0	0	0	0	0	0	0	1732	0	0	0	0	0	0	0	0	0	0	0	926	0	0	0	0	0	0	0	0	0	0	0	0	0	0	0	0	0	0	0	0	0	446	0	0	0	602	0	8806	0	0	0	12276	0	0	0	2694	0	0	0	0	0	222	0	0	0	0	0	0	0	122	0	4380	0	0	0	5314	0	0	0	602	0	0	0	0	0	0	0	0	0	0	0	0	0	0	0	0	0	0	0	0	0	0	0	0	0	0	0	
130232	SupraMarginal_R	114	1460	202	338	0	0	0	280	0	0	0	124	0	0	0	0	0	4582	148	336	0	0	0	0	0	0	0	0	0	800	0	0	0	0	276	360	0	0	0	0	0	0	0	750	0	1492	0	106	0	1674	0	826	0	202	0	200	0	14802	0	2496	0	8970	0	0	0	5084	0	1492	98	0	118	0	0	1386	0	0	0	414	0	654	0	9016	0	0	0	6128	0	0	0	188	0	0	0	0	0	0	0	0	0	0	0	0	0	0	0	0	0	0	0	0	0	0	0	0	0	0	
114940	Angular_L	178	0	0	0	0	0	0	0	0	0	0	0	0	0	0	0	0	0	0	0	0	0	0	0	0	0	0	0	0	0	0	0	0	0	182	0	0	0	0	0	0	0	346	0	262	0	0	0	1564	0	19718	0	278	0	204	0	684	0	2914	0	14738	0	2694	0	0	0	1606	0	436	0	0	0	0	0	0	0	0	0	0	0	404	0	0	0	11010	0	0	0	252	0	0	0	0	0	0	0	0	0	0	0	0	0	0	0	0	0	0	0	0	0	0	0	0	0	0	0	
143812	Angular_R	0	0	0	0	0	0	0	0	0	0	0	0	0	0	0	0	0	270	0	0	0	0	0	0	0	0	0	0	0	0	0	0	0	0	0	0	0	0	0	0	0	0	422	878	98	3354	0	0	0	8326	0	16244	0	0	0	214	0	884	0	9326	0	12350	0	5084	0	0	0	4346	0	0	0	0	0	0	0	0	0	126	0	0	0	2816	0	0	0	6448	0	0	0	720	0	0	0	0	0	0	0	0	0	0	0	0	0	0	0	0	0	0	0	0	0	0	0	0	0	0	
241412	Precuneus_L	1206	0	396	0	0	0	0	0	0	0	0	0	0	0	0	0	0	0	716	162	0	0	0	0	0	0	0	0	412	0	0	0	1818	784	11280	1022	1248	0	1046	0	0	0	14302	354	12220	1814	2538	130	7756	1160	16582	0	894	0	6470	254	4340	0	7688	154	2074	0	0	0	1606	0	0	2342	6482	260	0	0	386	0	0	0	0	234	0	0	148	0	0	0	4558	0	0	0	5654	0	216	0	0	0	0	0	0	0	0	0	0	0	0	0	0	0	0	0	0	0	0	0	0	0	0	0	
375184	Precuneus_R	218	230	0	0	0	0	0	0	0	0	0	0	0	0	0	0	0	542	372	1382	0	0	0	0	0	0	0	0	0	192	0	0	1000	4216	2760	14564	858	2630	656	3038	0	0	1916	12270	464	29670	0	7982	0	26526	0	12250	0	3532	102	7508	0	11776	0	11530	0	1256	0	1492	0	4346	2342	0	216	4484	0	0	0	400	0	0	0	424	0	0	0	1278	0	0	0	5380	0	0	166	6684	0	186	0	0	0	0	0	194	0	0	0	0	0	0	0	0	0	0	0	0	560	0	0	0	0	0	
272916	Paracentral_Lobule_L	35410	3720	4178	126	0	0	0	0	0	0	0	0	0	0	0	0	0	0	9068	8614	0	0	0	0	0	0	0	0	0	0	0	0	2714	12478	7100	3772	590	794	0	694	0	122	246	0	1734	0	0	0	0	0	790	0	0	0	234	710	2354	2360	472	0	872	98	0	98	436	0	6482	216	0	8888	740	4856	0	0	0	0	7030	7814	0	0	0	0	0	0	174	0	0	0	0	474	0	0	0	0	0	0	0	0	0	0	0	0	0	0	0	0	0	0	0	0	0	0	0	0	0	0	
173328	Paracentral_Lobule_R	4894	5516	436	0	0	0	0	0	0	0	0	0	0	0	0	0	0	0	3562	15614	0	0	0	0	0	0	0	0	0	0	0	0	1174	18132	1910	6938	0	142	0	0	0	0	0	132	0	564	0	304	0	694	0	0	0	0	0	0	388	5798	0	1110	0	158	0	0	0	0	260	4484	8888	0	0	1888	0	0	0	0	0	3678	0	0	0	0	0	0	0	0	0	0	0	0	0	0	0	0	0	0	0	0	0	0	0	0	0	0	0	0	0	0	0	0	0	0	0	0	0	0	
239072	Caudate_L	5450	1200	12040	5334	1088	0	6348	4276	0	0	600	168	118	0	0	0	118	110	7872	4128	5320	6232	190	132	3534	1846	5876	2044	438	134	5478	5800	0	134	0	0	0	0	0	0	0	0	0	0	0	0	0	0	0	0	0	0	0	0	0	0	1554	344	0	0	0	0	222	118	0	0	0	0	740	0	0	11216	10590	620	2972	0	4874	278	0	0	0	0	0	0	0	0	0	0	0	0	0	0	0	0	0	0	0	0	0	0	0	0	0	0	0	0	0	0	0	0	0	0	0	0	0	0	
452080	Caudate_R	6572	5532	5716	19874	98	1738	3816	4870	0	232	2618	4378	2108	2488	0	398	124	242	4308	20782	2394	4440	1330	6842	308	6140	860	4482	1272	5506	8734	30730	132	4464	358	1032	0	884	0	1250	0	0	0	0	0	0	0	0	0	0	0	0	0	0	0	1244	238	748	0	0	0	0	0	0	0	0	0	0	4856	1888	11216	0	3246	18020	206	3298	0	13050	0	0	0	0	0	0	0	0	0	0	0	978	0	0	0	0	0	0	0	0	0	0	0	0	0	0	0	0	0	0	0	0	0	0	0	0	0	0	
240316	Putamen_L	7840	240	14472	716	234	0	1300	424	0	0	2526	0	802	0	824	0	1234	0	11174	1334	2536	2158	1834	0	1198	146	1458	824	16096	0	10174	1430	282	0	0	0	6838	0	766	0	186	0	0	0	0	0	634	0	0	0	0	0	0	0	2452	0	2970	0	0	0	0	0	0	0	0	0	386	0	0	0	10590	3246	0	230	6518	0	2038	0	298	0	386	0	390	0	0	0	0	0	974	0	0	0	0	0	0	0	0	0	0	0	0	0	0	0	0	0	0	0	0	0	0	0	0	0	0	0	
294240	Putamen_R	0	3224	754	16172	0	1098	298	5440	0	484	0	4904	0	2926	0	716	0	3228	784	9678	244	410	686	7812	282	6508	0	1508	0	16524	3582	17484	214	1634	0	0	0	5910	0	776	0	800	0	0	0	260	0	724	0	358	0	0	0	0	0	464	0	3368	0	246	0	116	0	1386	0	0	0	400	0	0	620	18020	230	0	0	4464	0	2246	0	138	0	0	0	0	0	0	0	0	0	0	0	0	0	0	0	0	0	0	0	0	0	0	0	0	0	0	0	0	0	0	0	0	0	0	0	0	
44920	Pallidum_L	2112	150	1838	360	0	0	1106	340	0	0	352	0	0	0	0	0	332	0	1038	158	0	0	0	0	0	0	0	0	444	0	100	0	0	0	0	0	928	0	0	0	0	0	0	0	0	0	0	0	0	0	0	0	0	0	0	0	886	0	0	0	0	0	0	0	0	0	0	0	0	0	2972	206	6518	0	0	0	2620	0	0	0	0	0	0	0	0	0	0	0	0	0	0	0	0	0	0	0	0	0	0	0	0	0	0	0	0	0	0	0	0	0	0	0	0	0	0	0	
29416	Pallidum_R	0	1960	0	1488	0	0	0	1568	0	0	0	104	0	0	0	0	0	0	0	744	0	0	0	0	0	0	0	0	0	148	0	260	0	0	0	0	0	222	0	0	0	0	0	0	0	134	0	0	0	162	0	0	0	0	0	0	0	156	0	0	0	0	0	0	0	0	0	0	0	0	0	3298	0	4464	0	0	0	0	0	0	0	0	0	0	0	0	0	0	0	0	0	0	0	0	0	0	0	0	0	0	0	0	0	0	0	0	0	0	0	0	0	0	0	0	0	0	
124448	Thalamus_L	18486	650	324	1252	0	0	718	1238	0	0	1318	0	0	0	0	0	1896	0	262	724	0	0	0	0	0	0	0	0	4302	0	0	0	0	0	460	1124	4980	976	972	0	230	0	0	0	0	0	0	0	0	0	0	0	0	0	778	0	2428	0	0	0	0	0	0	0	0	0	0	0	7030	0	4874	0	2038	0	2620	0	0	846	772	0	460	0	0	0	0	0	0	0	466	0	0	0	0	0	0	0	0	0	0	0	0	0	0	0	0	0	0	0	0	0	0	0	0	0	0	0	
172476	Thalamus_R	8176	3102	100	934	0	0	0	176	0	0	0	638	0	0	0	0	0	1456	108	1554	0	0	0	0	0	0	0	0	0	2344	0	106	0	7182	922	2774	282	5126	0	5268	0	496	0	0	0	112	0	1658	0	166	0	190	0	0	0	5716	330	2582	0	0	0	0	0	414	0	126	234	424	7814	3678	278	13050	0	2246	0	0	846	0	0	164	0	0	0	0	0	0	0	0	0	4744	0	560	0	0	0	0	0	162	0	0	0	0	0	0	0	0	0	0	0	0	0	0	0	0	0	0	
49840	Heschl_L	3164	0	286	0	0	0	120	0	0	0	688	0	0	0	0	0	3242	0	270	0	0	0	0	0	0	0	0	0	5658	0	0	0	0	0	0	0	964	0	0	0	0	0	0	0	0	0	0	0	0	0	392	0	0	0	1830	0	2968	0	0	0	0	0	122	0	0	0	0	0	0	0	0	0	298	0	0	0	772	0	0	0	1548	0	0	0	254	0	0	0	2208	0	136	0	0	0	0	0	0	0	0	0	0	0	0	0	0	0	0	0	0	0	0	0	0	0	0	0	
18396	Heschl_R	0	228	0	194	0	0	0	194	0	0	0	0	0	0	0	0	0	1842	0	0	0	0	0	0	0	0	0	0	0	1282	0	0	0	0	0	0	0	198	0	0	0	0	0	0	0	0	0	0	0	0	0	0	0	0	0	200	0	172	0	0	0	0	0	654	0	0	0	0	0	0	0	0	0	138	0	0	0	164	0	0	0	2574	0	0	0	1068	0	0	0	290	0	0	0	0	0	0	0	0	0	0	0	0	0	0	0	0	0	0	0	0	0	0	0	0	0	0	
136312	Temporal_Sup_L	532	0	958	0	0	0	812	0	0	0	1702	0	234	0	0	0	4454	0	284	0	0	0	416	0	0	0	0	0	5492	0	276	0	312	0	140	0	2970	0	124	0	0	0	0	0	0	0	0	0	110	0	380	0	0	0	3390	0	774	0	0	0	1864	0	4380	0	404	0	148	0	0	0	0	0	386	0	0	0	460	0	1548	0	0	0	5556	0	18818	0	0	0	11232	0	0	0	0	0	0	0	0	0	0	0	0	0	0	0	0	0	0	0	0	0	0	0	0	0	0	0	
117356	Temporal_Sup_R	0	160	0	144	0	0	0	112	0	0	0	156	0	0	0	874	0	2378	0	0	0	0	0	0	0	0	0	0	0	4216	0	0	0	0	0	0	0	268	0	0	0	0	0	0	0	1504	0	0	0	1640	0	1940	0	0	0	1404	0	3360	0	388	0	1810	0	9016	0	2816	0	1278	0	0	0	0	0	0	0	0	0	0	0	2574	0	0	0	4724	0	15388	0	0	0	2528	0	0	0	0	0	0	0	0	0	0	0	0	0	0	0	0	0	0	0	0	0	0	0	0	0	0	
95660	Temporal_Pole_Sup_L	120	0	2252	0	108	0	1962	0	0	0	3414	0	1340	0	1140	0	3092	0	750	0	284	0	964	0	152	0	0	0	5634	0	1122	0	356	0	142	0	808	0	398	0	590	0	0	0	0	0	0	0	0	0	0	0	0	0	876	0	0	0	0	0	0	0	0	0	0	0	0	0	0	0	0	0	390	0	0	0	0	0	0	0	5556	0	0	0	7604	0	1466	0	7310	0	0	0	0	0	0	0	0	0	0	0	0	0	0	0	0	0	0	0	0	0	0	0	0	0	0	0	
35244	Temporal_Pole_Sup_R	0	0	0	0	0	0	0	0	0	0	0	140	0	0	0	962	0	0	0	0	0	0	0	0	0	0	0	0	0	970	0	0	0	0	0	0	0	244	0	276	0	1194	0	0	0	0	0	0	0	0	0	0	0	0	0	2764	0	0	0	0	0	0	0	0	0	0	0	0	0	0	0	0	0	0	0	0	0	0	0	0	0	4724	0	0	0	2934	0	1820	0	1594	0	0	0	0	0	0	0	0	0	0	0	0	0	0	0	0	0	0	0	0	0	0	0	0	0	0	
223832	Temporal_Mid_L	284	0	0	0	0	0	0	0	0	0	0	0	0	0	0	0	802	0	0	0	0	0	0	0	0	0	0	0	1338	0	0	0	0	0	312	0	1062	0	0	0	0	0	2978	0	1640	0	0	0	1748	0	18248	0	2164	0	1134	0	1806	0	0	0	4298	0	5314	0	11010	0	4558	0	174	0	0	0	0	0	0	0	0	0	254	0	18818	0	7604	0	0	0	2096	0	24274	0	0	0	0	0	0	0	0	0	0	0	0	0	0	0	0	0	0	0	0	0	0	0	0	0	0	0	
172700	Temporal_Mid_R	0	0	0	0	0	0	0	0	0	0	0	0	0	0	0	420	0	396	0	0	0	0	0	0	0	0	0	0	0	1948	0	0	0	0	0	0	0	334	0	180	0	0	234	1624	0	6466	0	234	0	6666	0	11460	0	2076	0	2390	0	830	0	288	0	1592	0	6128	0	6448	0	5380	0	0	0	0	0	0	0	0	0	0	0	1068	0	15388	0	2934	0	0	0	418	0	11448	0	0	0	0	0	0	0	0	0	0	0	0	0	0	0	0	0	0	0	0	0	0	0	0	0	0	
11892	Temporal_Pole_Mid_L	0	0	0	0	0	0	0	0	0	0	0	0	0	0	0	0	0	0	0	0	0	0	0	0	0	0	0	0	0	0	0	0	0	0	0	0	0	0	0	0	0	0	0	0	0	0	0	0	0	0	0	0	0	0	236	0	0	0	0	0	0	0	0	0	0	0	0	0	0	0	0	0	0	0	0	0	0	0	0	0	0	0	1466	0	2096	0	0	0	2148	0	0	0	0	0	0	0	0	0	0	0	0	0	0	0	0	0	0	0	0	0	0	0	0	0	0	0	
7636	Temporal_Pole_Mid_R	0	0	0	0	0	0	0	0	0	0	0	0	0	0	0	0	0	0	0	0	0	0	0	0	0	0	0	0	0	0	0	0	0	0	0	0	0	0	0	0	0	0	0	0	0	0	0	0	0	0	0	0	0	0	0	632	0	0	0	0	0	0	0	0	0	0	0	0	0	0	0	0	0	0	0	0	0	0	0	0	0	0	0	1820	0	418	0	0	0	948	0	0	0	0	0	0	0	0	0	0	0	0	0	0	0	0	0	0	0	0	0	0	0	0	0	0	
251224	Temporal_Inf_L	1278	0	192	0	0	0	0	0	0	0	0	0	0	0	0	0	1852	0	146	0	0	0	0	0	0	0	0	0	5684	0	0	0	0	0	1728	916	11168	358	3306	0	1860	0	2858	0	648	0	2236	0	0	0	1928	0	1706	0	27984	0	2864	0	0	0	460	0	602	0	252	0	5654	166	0	0	0	0	974	0	0	0	466	0	2208	0	11232	0	7310	0	24274	0	2148	0	0	0	910	0	0	0	0	0	130	0	114	0	0	0	0	0	0	0	0	0	0	0	0	0	0	0	0	0	
197516	Temporal_Inf_R	486	1246	0	0	0	0	0	0	0	0	0	0	0	0	0	0	0	0	0	0	0	0	0	0	0	0	0	0	0	364	0	0	0	0	1232	4110	0	7064	0	8836	0	0	124	882	0	2468	0	1238	0	2354	0	2754	0	4396	0	24226	0	4070	0	0	0	0	0	188	0	720	0	6684	474	0	0	978	0	0	0	0	0	4744	0	290	0	2528	0	1594	0	11448	0	948	0	0	0	2208	0	0	0	0	0	0	0	0	0	0	0	0	0	0	0	0	0	0	104	0	0	0	0	0	
399376	Cerebelum_Crus1_L	0	0	0	0	0	0	0	0	0	0	0	0	0	0	0	0	0	0	0	0	0	0	0	0	0	0	0	0	0	0	0	0	0	0	0	0	0	0	0	0	0	0	0	0	0	0	9116	2718	0	0	0	0	0	0	18122	900	0	0	0	0	0	0	0	0	0	0	216	0	0	0	0	0	0	0	0	0	0	0	136	0	0	0	0	0	0	0	0	0	910	0	0	3400	29126	1902	148	298	24572	796	56850	4014	8460	222	13602	364	2486	560	124	0	140	360	3220	7252	6420	1566	1094	594	
442576	Cerebelum_Crus1_R	0	0	0	0	0	0	0	0	0	0	0	0	0	0	0	0	0	0	0	0	0	0	0	0	0	0	0	0	0	0	0	0	0	0	0	198	0	556	0	984	0	0	120	528	0	0	2444	8406	0	250	0	106	0	0	1018	13558	0	140	0	0	0	0	0	0	0	0	0	186	0	0	0	0	0	0	0	0	0	560	0	0	0	0	0	0	0	0	0	0	0	2208	3400	0	2492	30746	0	3382	5582	26114	5070	60342	154	2668	0	8300	140	2150	0	260	178	2386	16084	10244	7024	1646	1512	152	
341560	Cerebelum_Crus2_L	0	0	0	0	0	0	0	0	0	0	0	0	0	0	0	0	0	0	0	0	0	0	0	0	0	0	0	0	0	0	0	0	0	0	0	0	0	0	0	0	0	0	0	0	0	0	1452	1662	0	0	0	0	0	0	3586	408	0	0	0	0	0	0	0	0	0	0	0	0	0	0	0	0	0	0	0	0	0	0	0	0	0	0	0	0	0	0	0	0	0	0	29126	2492	0	13824	0	0	3042	0	11182	2164	28620	9954	27044	5356	2844	684	126	0	0	0	250	3866	14830	6810	1126	332	
333944	Cerebelum_Crus2_R	0	0	0	0	0	0	0	0	0	0	0	0	0	0	0	0	0	0	0	0	0	0	0	0	0	0	0	0	0	0	0	0	0	0	0	0	0	0	0	0	0	0	0	0	0	0	284	606	0	0	0	0	0	0	0	668	0	0	0	0	0	0	0	0	0	0	0	0	0	0	0	0	0	0	0	0	0	0	0	0	0	0	0	0	0	0	0	0	0	0	1902	30746	13824	0	0	816	270	5060	718	14192	7226	27630	4232	28250	0	6036	0	230	214	524	392	1730	12834	6526	1912	150	
11632	Cerebelum_3_L	0	0	0	0	0	0	0	0	0	0	0	0	0	0	0	0	0	0	0	0	0	0	0	0	0	0	0	0	0	0	0	0	0	0	0	0	0	0	0	0	0	0	0	0	0	0	282	0	0	0	0	0	0	0	0	0	0	0	0	0	0	0	0	0	0	0	0	0	0	0	0	0	0	0	0	0	0	0	0	0	0	0	0	0	0	0	0	0	0	0	148	0	0	0	0	0	3610	0	384	0	0	0	0	0	138	0	0	0	358	710	186	0	0	0	0	0	
39876	Cerebelum_3_R	0	0	0	0	0	0	0	0	0	0	0	0	0	0	0	0	0	0	0	0	0	0	0	0	0	0	0	0	0	0	0	0	0	0	0	0	0	0	0	0	0	0	0	0	0	0	0	0	0	0	0	0	0	0	0	0	0	0	0	0	0	0	0	0	0	0	0	0	0	0	0	0	0	0	0	0	0	0	0	0	0	0	0	0	0	0	0	0	0	0	298	3382	0	816	0	0	1426	4266	542	3938	0	0	0	572	0	208	0	0	192	2502	1640	0	156	0	0	0	
286876	Cerebelum_4_5_L	0	0	0	0	0	0	0	0	0	0	0	0	0	0	0	0	0	0	0	0	0	0	0	0	0	0	0	0	0	0	0	0	0	0	0	0	398	0	898	150	0	0	0	0	0	0	9610	2324	0	0	0	0	0	0	9386	822	0	0	0	0	0	0	0	0	0	0	0	0	0	0	0	0	0	0	0	0	0	0	0	0	0	0	0	0	0	0	0	0	130	0	24572	5582	3042	270	3610	1426	0	7722	33814	7152	1046	0	2878	424	2916	560	0	0	258	846	15300	3692	556	1298	1424	1332	
234552	Cerebelum_4_5_R	0	0	0	0	0	0	0	0	0	0	0	0	0	0	0	0	0	0	0	0	0	0	0	0	0	0	0	0	0	0	0	0	0	0	0	0	0	794	0	1388	0	0	0	0	0	0	1618	6294	0	0	0	0	0	0	556	4176	0	0	0	0	0	0	0	0	0	0	0	194	0	0	0	0	0	0	0	0	0	162	0	0	0	0	0	0	0	0	0	0	0	0	796	26114	0	5060	0	4266	7722	0	2074	31692	0	516	0	1592	0	152	0	0	0	2394	18854	712	150	0	0	0	
386328	Cerebelum_6_L	0	0	0	0	0	0	0	0	0	0	0	0	0	0	0	0	0	0	0	0	0	0	0	0	0	0	0	0	0	0	0	0	0	0	0	0	0	0	0	0	0	0	0	0	0	0	12380	4726	0	0	0	0	154	0	21056	1686	0	0	0	0	0	0	0	0	0	0	0	0	0	0	0	0	0	0	0	0	0	0	0	0	0	0	0	0	0	0	0	0	114	0	56850	5070	11182	718	384	542	33814	2074	0	7034	3836	0	5838	0	1586	272	0	0	140	438	7108	10296	3312	1056	814	684	
423640	Cerebelum_6_R	0	0	0	0	0	0	0	0	0	0	0	0	0	0	0	0	0	0	0	0	0	0	0	0	0	0	0	0	0	0	0	0	0	0	0	0	0	172	0	160	0	0	124	582	0	0	3568	11710	0	270	0	218	0	328	1274	13716	0	0	0	0	0	0	0	0	0	0	0	0	0	0	0	0	0	0	0	0	0	0	0	0	0	0	0	0	0	0	0	0	0	0	4014	60342	2164	14192	0	3938	7152	31692	7034	0	0	1196	0	3510	134	748	0	116	0	2644	20628	13098	5790	740	446	120	
220352	Cerebelum_7b_L	0	0	0	0	0	0	0	0	0	0	0	0	0	0	0	0	0	0	0	0	0	0	0	0	0	0	0	0	0	0	0	0	0	0	0	0	0	0	0	0	0	0	0	0	0	0	0	0	0	0	0	0	0	0	1032	0	0	0	0	0	0	0	0	0	0	0	0	0	0	0	0	0	0	0	0	0	0	0	0	0	0	0	0	0	0	0	0	0	0	0	8460	154	28620	7226	0	0	1046	0	3836	0	0	7606	31106	4836	2448	106	210	0	0	0	116	0	5578	7644	152	0	
194780	Cerebelum_7b_R	0	0	0	0	0	0	0	0	0	0	0	0	0	0	0	0	0	0	0	0	0	0	0	0	0	0	0	0	0	0	0	0	0	0	0	0	0	0	0	0	0	0	0	0	0	0	0	0	0	0	0	0	0	0	0	0	0	0	0	0	0	0	0	0	0	0	0	0	0	0	0	0	0	0	0	0	0	0	0	0	0	0	0	0	0	0	0	0	0	0	222	2668	9954	27630	0	0	0	516	0	1196	7606	0	4608	24300	0	4816	0	154	0	0	116	0	6800	6252	552	0	
240652	Cerebelum_8_L	0	0	0	0	0	0	0	0	0	0	0	0	0	0	0	0	0	0	0	0	0	0	0	0	0	0	0	0	0	0	0	0	0	0	0	0	0	0	0	0	0	0	0	0	0	0	0	0	0	0	0	0	0	0	1246	0	0	0	0	0	0	0	0	0	0	0	0	0	0	0	0	0	0	0	0	0	0	0	0	0	0	0	0	0	0	0	0	0	0	0	13602	0	27044	4232	0	0	2878	0	5838	0	31106	4608	0	4636	10458	412	1600	0	0	0	234	130	3196	7926	1018	162	
222776	Cerebelum_8_R	0	0	0	0	0	0	0	0	0	0	0	0	0	0	0	0	0	0	0	0	0	0	0	0	0	0	0	0	0	0	0	0	0	0	0	0	0	0	0	0	0	0	0	0	0	0	0	0	0	0	0	0	0	0	0	0	0	0	0	0	0	0	0	0	0	0	0	0	0	0	0	0	0	0	0	0	0	0	0	0	0	0	0	0	0	0	0	0	0	0	364	8300	5356	28250	0	572	424	1592	0	3510	4836	24300	4636	0	232	12600	0	1468	0	272	740	0	4040	7160	2570	166	
63508	Cerebelum_9_L	0	0	0	0	0	0	0	0	0	0	0	0	0	0	0	0	0	0	0	0	0	0	0	0	0	0	0	0	0	0	0	0	0	0	0	0	0	0	0	0	0	0	0	0	0	0	0	106	0	0	0	0	0	0	0	0	0	0	0	0	0	0	0	0	0	0	0	0	0	0	0	0	0	0	0	0	0	0	0	0	0	0	0	0	0	0	0	0	0	0	2486	140	2844	0	138	0	2916	0	1586	134	2448	0	10458	232	0	526	2838	0	0	0	610	1102	656	1104	1154	276	
94824	Cerebelum_9_R	0	0	0	0	0	0	0	0	0	0	0	0	0	0	0	0	0	0	0	0	0	0	0	0	0	0	0	0	0	0	0	0	0	0	0	0	0	0	0	0	0	0	0	0	0	0	0	112	0	0	0	0	0	0	0	0	0	0	0	0	0	0	0	0	0	0	0	0	0	0	0	0	0	0	0	0	0	0	0	0	0	0	0	0	0	0	0	0	0	0	560	2150	684	6036	0	208	560	152	272	748	106	4816	412	12600	526	0	0	1404	440	480	746	1060	2764	4478	5070	1028	
9796	Cerebelum_10_L	0	0	0	0	0	0	0	0	0	0	0	0	0	0	0	0	0	0	0	0	0	0	0	0	0	0	0	0	0	0	0	0	0	0	0	0	0	0	0	0	0	0	0	0	0	0	0	0	0	0	0	0	0	0	0	0	0	0	0	0	0	0	0	0	0	0	0	0	0	0	0	0	0	0	0	0	0	0	0	0	0	0	0	0	0	0	0	0	0	0	124	0	126	0	0	0	0	0	0	0	210	0	1600	0	2838	0	0	0	0	0	0	0	0	0	0	0	
7264	Cerebelum_10_R	0	0	0	0	0	0	0	0	0	0	0	0	0	0	0	0	0	0	0	0	0	0	0	0	0	0	0	0	0	0	0	0	0	0	0	0	0	0	0	0	0	0	0	0	0	0	0	0	0	0	0	0	0	0	0	0	0	0	0	0	0	0	0	0	0	0	0	0	0	0	0	0	0	0	0	0	0	0	0	0	0	0	0	0	0	0	0	0	0	0	0	260	0	230	0	0	0	0	0	116	0	154	0	1468	0	1404	0	0	0	0	0	0	0	0	0	0	
10976	Vermis_1_2	0	0	0	0	0	0	0	0	0	0	0	0	0	0	0	0	0	0	0	0	0	0	0	0	0	0	0	0	0	0	0	0	0	0	0	0	0	0	0	0	0	0	0	0	0	0	0	0	0	0	0	0	0	0	0	0	0	0	0	0	0	0	0	0	0	0	0	0	0	0	0	0	0	0	0	0	0	0	0	0	0	0	0	0	0	0	0	0	0	0	140	178	0	214	358	192	258	0	140	0	0	0	0	0	0	440	0	0	0	2328	164	0	342	366	368	0	
36588	Vermis_3	0	0	0	0	0	0	0	0	0	0	0	0	0	0	0	0	0	0	0	0	0	0	0	0	0	0	0	0	0	0	0	0	0	0	0	0	0	0	0	0	0	0	0	0	0	0	0	0	0	0	0	0	0	0	0	0	0	0	0	0	0	0	0	0	0	0	0	0	0	0	0	0	0	0	0	0	0	0	0	0	0	0	0	0	0	0	0	0	0	0	360	2386	0	524	710	2502	846	2394	438	2644	0	0	0	272	0	480	0	0	2328	0	1376	0	332	372	330	0	
229368	Vermis_4_5	0	0	0	0	0	0	0	0	0	0	0	0	0	0	0	0	0	0	0	0	0	0	0	0	0	0	0	0	0	0	0	0	0	0	0	358	110	202	0	0	0	0	0	0	0	0	2946	6246	0	0	0	0	0	232	1396	3006	0	0	0	0	0	0	0	0	0	0	0	560	0	0	0	0	0	0	0	0	0	0	0	0	0	0	0	0	0	0	0	0	0	104	3220	16084	250	392	186	1640	15300	18854	7108	20628	116	116	234	740	610	746	0	0	164	1376	0	6338	704	1698	1620	1400	
178556	Vermis_6	0	0	0	0	0	0	0	0	0	0	0	0	0	0	0	0	0	0	0	0	0	0	0	0	0	0	0	0	0	0	0	0	0	0	0	0	0	0	0	0	0	0	0	240	0	0	3542	6942	0	0	0	0	0	128	1304	3090	0	0	0	0	0	0	0	0	0	0	0	0	0	0	0	0	0	0	0	0	0	0	0	0	0	0	0	0	0	0	0	0	0	0	7252	10244	3866	1730	0	0	3692	712	10296	13098	0	0	130	0	1102	1060	0	0	0	0	6338	0	6940	2718	2658	2196	
201772	Vermis_7	0	0	0	0	0	0	0	0	0	0	0	0	0	0	0	0	0	0	0	0	0	0	0	0	0	0	0	0	0	0	0	0	0	0	0	0	0	0	0	0	0	0	120	528	0	0	1342	3374	0	250	0	106	0	0	234	762	0	0	0	0	0	0	0	0	0	0	0	0	0	0	0	0	0	0	0	0	0	0	0	0	0	0	0	0	0	0	0	0	0	0	6420	7024	14830	12834	0	156	556	150	3312	5790	5578	6800	3196	4040	656	2764	0	0	342	332	704	6940	0	7188	3520	1038	
152964	Vermis_8	0	0	0	0	0	0	0	0	0	0	0	0	0	0	0	0	0	0	0	0	0	0	0	0	0	0	0	0	0	0	0	0	0	0	0	0	0	0	0	0	0	0	0	0	0	0	124	200	0	0	0	0	0	0	212	120	0	0	0	0	0	0	0	0	0	0	0	0	0	0	0	0	0	0	0	0	0	0	0	0	0	0	0	0	0	0	0	0	0	0	1566	1646	6810	6526	0	0	1298	0	1056	740	7644	6252	7926	7160	1104	4478	0	0	366	372	1698	2718	7188	0	6704	2574	
