data	data	543024	431644	859356	1.05514e+06	172748	78604	471532	230568	70532	28272	283036	263416	175848	117760	142764	77436	317720	127804	777704	800024	84676	88684	426152	468848	40868	92256	51924	84844	722412	358552	360716	410544	227216	542896	201160	259736	311184	449444	164864	314820	53520	87808	340540	415244	209892	391508	342876	400472	191412	359048	544804	312008	179064	85152	526672	655144	292272	239312	159620	198840	203172	181972	97852	131252	219888	149488	397360	656776	164032	220568	324072	390684	417708	415020	61428	52192	231044	257796	135736	31784	322536	136596	93552	57928	362684	297472	32552	21868	353544	286704	583088	418204	446748	319520	64544	117332	311224	211696	488844	425344	284680	152260	370068	317960	172000	218852	27624	7552	26760	91792	197444	253784	269540	175676	179424	56520	
data	data	Precentral_L	Precentral_R	Frontal_Sup_L	Frontal_Sup_R	Frontal_Sup_Orb_L	Frontal_Sup_Orb_R	Frontal_Mid_L	Frontal_Mid_R	Frontal_Mid_Orb_L	Frontal_Mid_Orb_R	Frontal_Inf_Oper_L	Frontal_Inf_Oper_R	Frontal_Inf_Tri_L	Frontal_Inf_Tri_R	Frontal_Inf_Orb_L	Frontal_Inf_Orb_R	Rolandic_Oper_L	Rolandic_Oper_R	Supp_Motor_Area_L	Supp_Motor_Area_R	Olfactory_L	Olfactory_R	Frontal_Sup_Medial_L	Frontal_Sup_Medial_R	Frontal_Med_Orb_L	Frontal_Med_Orb_R	Rectus_L	Rectus_R	Insula_L	Insula_R	Cingulum_Ant_L	Cingulum_Ant_R	Cingulum_Mid_L	Cingulum_Mid_R	Cingulum_Post_L	Cingulum_Post_R	Hippocampus_L	Hippocampus_R	ParaHippocampal_L	ParaHippocampal_R	Amygdala_L	Amygdala_R	Calcarine_L	Calcarine_R	Cuneus_L	Cuneus_R	Lingual_L	Lingual_R	Occipital_Sup_L	Occipital_Sup_R	Occipital_Mid_L	Occipital_Mid_R	Occipital_Inf_L	Occipital_Inf_R	Fusiform_L	Fusiform_R	Postcentral_L	Postcentral_R	Parietal_Sup_L	Parietal_Sup_R	Parietal_Inf_L	Parietal_Inf_R	SupraMarginal_L	SupraMarginal_R	Angular_L	Angular_R	Precuneus_L	Precuneus_R	Paracentral_Lobule_L	Paracentral_Lobule_R	Caudate_L	Caudate_R	Putamen_L	Putamen_R	Pallidum_L	Pallidum_R	Thalamus_L	Thalamus_R	Heschl_L	Heschl_R	Temporal_Sup_L	Temporal_Sup_R	Temporal_Pole_Sup_L	Temporal_Pole_Sup_R	Temporal_Mid_L	Temporal_Mid_R	Temporal_Pole_Mid_L	Temporal_Pole_Mid_R	Temporal_Inf_L	Temporal_Inf_R	Cerebelum_Crus1_L	Cerebelum_Crus1_R	Cerebelum_Crus2_L	Cerebelum_Crus2_R	Cerebelum_3_L	Cerebelum_3_R	Cerebelum_4_5_L	Cerebelum_4_5_R	Cerebelum_6_L	Cerebelum_6_R	Cerebelum_7b_L	Cerebelum_7b_R	Cerebelum_8_L	Cerebelum_8_R	Cerebelum_9_L	Cerebelum_9_R	Cerebelum_10_L	Cerebelum_10_R	Vermis_1_2	Vermis_3	Vermis_4_5	Vermis_6	Vermis_7	Vermis_8	Vermis_9	Vermis_10	
543024	Precentral_L	0	3790	20640	4986	0	0	23802	986	0	0	19886	1858	1516	0	0	0	18886	0	10502	4960	0	0	1182	0	0	0	0	0	17488	338	344	0	2412	3534	7962	4516	904	2096	172	1432	0	0	166	0	282	0	0	108	474	0	7592	0	1552	0	1106	3180	32160	0	948	0	7966	0	2396	0	3082	0	1496	1600	9964	2874	754	0	574	0	112	0	12520	2660	4228	0	8260	0	140	0	7580	0	0	0	1882	1664	0	0	0	0	0	0	0	0	0	0	0	0	0	0	0	0	0	0	0	0	0	0	0	0	0	0	
431644	Precentral_R	3790	0	1570	41110	0	0	1424	11920	0	0	334	14656	320	660	0	0	458	6208	3776	10412	0	0	0	298	0	0	0	0	2410	5684	126	122	144	1218	394	1050	122	4322	0	3432	0	574	0	896	0	886	0	230	0	526	0	540	118	378	144	5170	414	13410	0	730	150	1536	266	5412	0	1272	0	3062	1848	10350	1454	3452	868	772	354	0	2410	19836	530	1550	436	4488	0	0	186	6870	0	0	308	8436	0	0	0	0	0	0	0	0	0	0	0	0	0	0	0	0	0	0	0	0	0	0	0	0	0	0	
859356	Frontal_Sup_L	20640	1570	0	11136	10618	0	67834	880	2172	0	17878	846	14426	112	5044	118	18090	0	76792	13016	0	0	34448	2526	458	96	148	0	40478	176	17366	4576	5190	3406	0	0	1524	142	0	0	0	0	0	0	0	0	0	0	0	0	0	0	0	0	686	0	6692	0	0	0	0	0	0	0	0	0	0	0	256	0	8782	1050	19168	458	3830	222	5332	120	752	0	6724	0	494	0	828	0	0	0	2578	0	0	0	0	0	0	0	0	0	0	0	0	0	0	0	0	0	0	0	0	0	0	0	0	0	0	0	
1.05514e+06	Frontal_Sup_R	4986	41110	11136	0	576	4640	2182	25946	0	2114	1998	17400	1032	10352	288	4532	1316	10480	23522	65904	544	1292	12146	45884	210	4342	184	3256	7874	20388	6566	24892	2732	21786	1146	2632	684	5972	120	3476	0	832	0	98	0	94	0	104	0	0	0	0	0	0	548	5262	172	2726	0	78	0	276	0	392	0	80	346	1512	2820	1092	8526	32366	4494	27256	672	3766	2716	29036	242	302	1418	1466	206	106	170	328	0	0	1384	1046	0	0	0	0	0	0	0	0	0	0	0	0	0	0	0	0	0	0	0	0	0	0	0	0	0	0	
172748	Frontal_Sup_Orb_L	0	0	10618	576	0	226	2170	0	9842	0	206	84	708	0	11092	0	0	0	936	152	2284	700	3572	750	3636	812	5602	316	8716	0	5004	668	786	232	0	0	0	0	0	0	0	0	0	0	0	0	0	0	0	0	0	0	0	0	0	0	0	0	0	0	0	0	0	0	0	0	0	0	0	0	3988	428	12066	100	0	0	0	0	0	0	0	0	104	0	0	0	0	0	0	0	0	0	0	0	0	0	0	0	0	0	0	0	0	0	0	0	0	0	0	0	0	0	0	0	0	0	
78604	Frontal_Sup_Orb_R	0	0	0	4640	226	0	0	464	0	2650	0	0	0	90	0	1906	0	0	0	0	894	2108	0	2606	0	5620	364	7528	0	412	356	1494	0	0	0	0	0	0	0	0	0	0	0	0	0	0	0	0	0	0	0	0	0	0	0	0	0	0	0	0	0	0	0	0	0	0	0	0	0	0	842	3544	520	3038	0	0	0	0	0	0	0	0	0	0	0	0	0	0	0	0	0	0	0	0	0	0	0	0	0	0	0	0	0	0	0	0	0	0	0	0	0	0	0	0	0	0	
471532	Frontal_Mid_L	23802	1424	67834	2182	2170	0	0	1700	3740	0	19300	3122	25968	0	6594	0	9408	0	15666	732	0	0	8578	796	0	0	0	0	18744	92	5314	1390	1884	1054	0	0	164	78	0	0	0	0	0	0	0	0	0	0	0	0	0	0	0	0	94	0	3190	0	0	0	722	0	150	0	0	0	0	0	0	0	950	244	2304	122	0	0	936	0	922	0	3746	0	0	0	418	0	0	0	232	0	0	0	0	0	0	0	0	0	0	0	0	0	0	0	0	0	0	0	0	0	0	0	0	0	0	0	
230568	Frontal_Mid_R	986	11920	880	25946	0	464	1700	0	0	2096	394	15758	416	10150	0	4278	524	4028	1978	2834	0	0	584	3986	0	0	0	0	3740	5058	234	866	0	2176	0	0	336	268	0	140	0	0	0	0	0	0	0	0	0	0	0	0	136	0	296	98	430	1726	0	0	246	0	326	88	0	0	0	0	0	0	1562	776	1020	1706	98	0	1078	814	954	310	646	226	0	0	316	0	0	0	692	0	0	0	0	0	0	0	0	0	0	0	0	0	0	0	0	0	0	0	0	0	0	0	0	0	0	0	
70532	Frontal_Mid_Orb_L	0	0	2172	0	9842	0	3740	0	0	0	0	0	1140	0	12664	0	0	0	0	0	128	0	0	0	152	0	810	0	1216	0	136	0	0	0	0	0	0	0	0	0	0	0	0	0	0	0	0	0	0	0	0	0	0	0	0	0	0	0	0	0	0	0	0	0	0	0	0	0	0	0	242	0	3024	0	0	0	0	0	0	0	0	0	0	0	0	0	0	0	0	0	0	0	0	0	0	0	0	0	0	0	0	0	0	0	0	0	0	0	0	0	0	0	0	0	0	0	
28272	Frontal_Mid_Orb_R	0	0	0	2114	0	2650	0	2096	0	0	0	0	0	434	0	4074	0	0	0	190	0	0	0	232	0	464	0	224	0	144	0	186	0	0	0	0	0	0	0	0	0	0	0	0	0	0	0	0	0	0	0	0	0	0	0	0	0	0	0	0	0	0	0	0	0	0	0	0	0	0	0	744	0	584	0	0	0	0	0	0	0	0	0	0	0	0	0	0	0	0	0	0	0	0	0	0	0	0	0	0	0	0	0	0	0	0	0	0	0	0	0	0	0	0	0	0	
283036	Frontal_Inf_Oper_L	19886	334	17878	1998	206	0	19300	394	0	0	0	442	9898	0	192	0	18108	0	13980	1620	0	0	1582	0	0	0	0	0	17370	0	424	86	442	0	0	0	166	0	0	0	0	0	0	0	0	0	0	0	0	0	0	0	0	0	0	0	3800	0	0	0	1384	0	214	0	0	0	0	0	0	0	234	0	534	0	92	0	564	0	1010	0	7934	0	1192	0	158	0	0	0	96	0	0	0	0	0	0	0	0	0	0	0	0	0	0	0	0	0	0	0	0	0	0	0	0	0	0	0	
263416	Frontal_Inf_Oper_R	1858	14656	846	17400	84	0	3122	15758	0	0	442	0	446	5708	0	94	540	9478	2098	9488	0	0	434	2184	0	0	0	0	3358	16198	548	1284	0	2708	0	0	128	824	0	342	0	84	0	0	0	80	0	0	0	0	0	0	134	0	142	678	556	3452	0	0	382	0	308	202	0	0	0	278	0	86	1264	2628	616	6040	0	0	570	516	960	850	536	286	0	86	294	128	0	0	276	250	0	0	0	0	0	0	0	0	0	0	0	0	0	0	0	0	0	0	0	0	0	0	0	0	0	0	
175848	Frontal_Inf_Tri_L	1516	320	14426	1032	708	0	25968	416	1140	0	9898	446	0	0	7870	0	1228	0	4366	306	0	0	1046	198	0	0	0	0	11872	0	960	282	612	258	0	0	0	0	0	0	0	0	0	0	0	0	0	0	0	0	0	0	0	0	0	0	0	0	0	0	0	0	0	0	0	0	0	0	0	0	302	90	2122	0	0	0	0	0	0	0	362	0	180	0	0	0	0	0	0	0	0	0	0	0	0	0	0	0	0	0	0	0	0	0	0	0	0	0	0	0	0	0	0	0	0	0	
117760	Frontal_Inf_Tri_R	0	660	112	10352	0	90	0	10150	0	434	0	5708	0	0	0	2656	0	120	1396	3458	0	0	1302	3910	0	0	0	0	0	10644	264	1076	264	3482	0	0	0	0	0	0	0	0	0	0	0	0	0	0	0	0	0	0	0	0	0	0	0	0	0	0	0	0	0	0	0	0	0	0	0	0	0	1426	0	1376	0	0	0	0	0	0	0	0	0	0	0	0	0	0	0	0	0	0	0	0	0	0	0	0	0	0	0	0	0	0	0	0	0	0	0	0	0	0	0	0	0	0	
142764	Frontal_Inf_Orb_L	0	0	5044	288	11092	0	6594	0	12664	0	192	0	7870	0	0	0	0	0	324	80	1928	198	306	108	0	0	934	86	10878	0	398	220	152	0	0	0	468	0	230	0	286	0	0	0	0	0	0	0	0	0	0	0	0	0	212	0	0	0	0	0	0	0	0	0	0	0	0	0	0	0	1032	176	8756	0	0	0	0	0	0	0	142	0	564	0	0	0	0	0	160	0	0	0	0	0	0	0	0	0	0	0	0	0	0	0	0	0	0	0	0	0	0	0	0	0	0	0	
77436	Frontal_Inf_Orb_R	0	0	118	4532	0	1906	0	4278	0	4074	0	94	0	2656	0	0	0	0	170	1054	0	708	690	1126	0	112	0	890	108	4180	218	868	132	986	0	0	0	0	0	0	0	122	0	0	0	0	0	0	0	0	0	0	0	0	0	0	0	0	0	0	0	0	0	0	0	0	0	0	0	0	724	4926	0	3894	0	0	0	0	0	0	0	0	0	152	0	0	0	0	0	0	0	0	0	0	0	0	0	0	0	0	0	0	0	0	0	0	0	0	0	0	0	0	0	0	0	0	
317720	Rolandic_Oper_L	18886	458	18090	1316	0	0	9408	524	0	0	18108	540	1228	0	0	0	0	0	14722	1354	0	0	286	0	0	0	0	0	24616	106	118	0	226	0	0	152	332	258	0	200	0	0	0	0	0	0	0	0	0	0	450	0	250	0	258	0	12172	0	328	0	470	0	1606	0	108	0	406	0	0	0	306	0	310	0	0	0	2324	402	5472	0	18130	0	702	0	3464	0	0	0	774	0	0	0	0	0	0	0	0	0	0	0	0	0	0	0	0	0	0	0	0	0	0	0	0	0	0	0	
127804	Rolandic_Oper_R	0	6208	0	10480	0	0	0	4028	0	0	0	9478	0	120	0	0	0	0	0	5176	0	0	0	0	0	0	0	0	0	12512	0	0	0	78	0	0	0	498	0	182	0	0	0	0	0	0	0	0	0	0	0	0	0	0	0	516	0	4894	0	124	0	124	0	2262	0	0	0	198	0	326	0	262	0	1450	0	0	0	184	0	1706	0	2656	0	92	0	130	0	0	0	218	0	0	0	0	0	0	0	0	0	0	0	0	0	0	0	0	0	0	0	0	0	0	0	0	0	0	
777704	Supp_Motor_Area_L	10502	3776	76792	23522	936	0	15666	1978	0	0	13980	2098	4366	1396	324	170	14722	0	0	48724	0	0	10974	11830	0	0	0	0	25036	808	7860	6954	12712	27212	1938	1664	2000	146	0	0	0	0	0	0	0	0	0	0	0	0	92	0	0	0	744	84	4134	102	0	0	0	0	0	0	0	0	396	394	8018	442	7688	1212	13996	1134	4210	814	7600	100	246	0	5446	0	640	0	478	0	0	0	2796	0	0	0	0	0	0	0	0	0	0	0	0	0	0	0	0	0	0	0	0	0	0	0	0	0	0	0	
800024	Supp_Motor_Area_R	4960	10412	13016	65904	152	0	732	2834	0	190	1620	9488	306	3458	80	1054	1354	5176	48724	0	0	0	5180	17412	0	0	0	0	4094	12252	6896	11748	8566	48958	3146	7870	268	3748	0	1294	0	104	0	1322	0	474	0	292	0	148	0	1110	0	630	236	4296	98	2914	0	730	0	624	0	1716	0	170	1080	5616	2536	21362	3512	15370	2332	17778	1202	3748	778	1410	0	326	762	1364	166	0	0	1876	0	0	654	2384	0	0	0	0	0	0	0	0	0	0	0	0	0	0	0	0	0	0	0	0	0	0	0	0	0	0	
84676	Olfactory_L	0	0	0	544	2284	894	0	0	128	0	0	0	0	0	1928	0	0	0	0	0	0	4302	94	278	474	498	2288	1340	3284	0	2712	1294	0	0	0	0	1152	0	1004	0	1350	0	0	0	0	0	0	0	0	0	0	0	0	0	574	0	0	0	0	0	0	0	0	0	0	0	0	0	0	0	7078	2598	4460	418	156	0	0	0	0	0	418	0	484	0	78	0	0	0	226	0	0	0	0	0	0	0	0	0	0	0	0	0	0	0	0	0	0	0	0	0	0	0	0	0	0	0	
88684	Olfactory_R	0	0	0	1292	700	2108	0	0	0	0	0	0	0	0	198	708	0	0	0	0	4302	0	0	740	0	2248	812	3532	88	1730	1764	2926	0	0	0	0	0	216	0	290	0	914	0	0	0	0	0	0	0	0	0	0	0	0	0	0	0	0	0	0	0	0	0	0	0	0	0	0	0	0	5956	6816	4670	1798	144	204	0	0	0	0	0	0	0	186	0	0	0	0	0	0	0	0	0	0	0	0	0	0	0	0	0	0	0	0	0	0	0	0	0	0	0	0	0	0	0	0	
426152	Frontal_Sup_Medial_L	1182	0	34448	12146	3572	0	8578	584	0	0	1582	434	1046	1302	306	690	286	0	10974	5180	94	0	0	26404	2302	1432	548	0	7716	998	29886	19372	9608	19624	0	0	0	0	0	0	0	0	0	0	0	0	0	0	0	0	0	0	0	0	0	0	0	0	0	0	0	0	0	0	0	0	0	0	0	0	4096	1660	5430	1352	0	144	0	0	0	0	100	0	0	0	0	0	0	0	0	0	0	0	0	0	0	0	0	0	0	0	0	0	0	0	0	0	0	0	0	0	0	0	0	0	0	0	
468848	Frontal_Sup_Medial_R	0	298	2526	45884	750	2606	796	3986	0	232	0	2184	198	3910	108	1126	0	0	11830	17412	278	740	26404	0	1458	6380	232	2710	682	3300	11018	30622	2516	28990	0	0	0	132	0	0	0	0	0	0	0	0	0	0	0	0	0	0	0	0	0	86	0	0	0	0	0	0	0	0	0	0	0	0	0	0	856	13140	736	9234	0	810	0	254	0	0	0	0	0	0	0	0	0	0	0	0	0	0	0	0	0	0	0	0	0	0	0	0	0	0	0	0	0	0	0	0	0	0	0	0	0	0	
40868	Frontal_Med_Orb_L	0	0	458	210	3636	0	0	0	152	0	0	0	0	0	0	0	0	0	0	0	474	0	2302	1458	0	2398	3008	246	0	0	4690	342	0	0	0	0	0	0	0	0	0	0	0	0	0	0	0	0	0	0	0	0	0	0	0	0	0	0	0	0	0	0	0	0	0	0	0	0	0	0	714	0	346	0	0	0	0	0	0	0	0	0	0	0	0	0	0	0	0	0	0	0	0	0	0	0	0	0	0	0	0	0	0	0	0	0	0	0	0	0	0	0	0	0	0	0	
92256	Frontal_Med_Orb_R	0	0	96	4342	812	5620	0	0	0	464	0	0	0	0	0	112	0	0	0	0	498	2248	1432	6380	2398	0	722	8032	0	0	2156	4018	0	0	0	0	0	0	0	0	0	0	0	0	0	0	0	0	0	0	0	0	0	0	0	0	0	0	0	0	0	0	0	0	0	0	0	0	0	0	496	4314	272	1716	0	0	0	0	0	0	0	0	0	0	0	0	0	0	0	0	0	0	0	0	0	0	0	0	0	0	0	0	0	0	0	0	0	0	0	0	0	0	0	0	0	0	
51924	Rectus_L	0	0	148	184	5602	364	0	0	810	0	0	0	0	0	934	0	0	0	0	0	2288	812	548	232	3008	722	0	732	284	0	3682	462	0	0	0	0	0	0	0	0	0	0	0	0	0	0	0	0	0	0	0	0	0	0	0	0	0	0	0	0	0	0	0	0	0	0	0	0	0	0	3244	388	1518	0	0	0	0	0	0	0	0	0	0	0	0	0	0	0	0	0	0	0	0	0	0	0	0	0	0	0	0	0	0	0	0	0	0	0	0	0	0	0	0	0	0	0	
84844	Rectus_R	0	0	0	3256	316	7528	0	0	0	224	0	0	0	0	86	890	0	0	0	0	1340	3532	0	2710	246	8032	732	0	0	690	936	3010	0	0	0	0	0	0	0	0	0	0	0	0	0	0	0	0	0	0	0	0	0	0	0	0	0	0	0	0	0	0	0	0	0	0	0	0	0	0	1410	4002	948	2534	0	0	0	0	0	0	0	0	0	0	0	0	0	0	0	0	0	0	0	0	0	0	0	0	0	0	0	0	0	0	0	0	0	0	0	0	0	0	0	0	0	0	
722412	Insula_L	17488	2410	40478	7874	8716	0	18744	3740	1216	0	17370	3358	11872	0	10878	108	24616	0	25036	4094	3284	88	7716	682	0	0	284	0	0	200	6388	1296	1926	1072	270	446	7942	676	2320	430	1630	0	0	0	0	0	0	0	0	0	512	0	814	0	6860	228	10082	0	324	0	1128	0	1242	0	386	0	400	154	246	0	14394	568	26586	266	668	106	7034	890	10666	0	19324	0	2872	0	6414	0	112	0	14282	0	0	0	0	0	0	0	0	0	0	0	0	0	0	0	0	0	0	0	0	0	0	0	0	0	0	0	
358552	Insula_R	338	5684	176	20388	0	412	92	5058	0	144	0	16198	0	10644	0	4180	106	12512	808	12252	0	1730	998	3300	0	0	0	690	200	0	190	774	272	2738	270	594	0	9208	0	3448	0	1786	0	204	0	132	0	208	0	0	0	84	0	0	0	9484	0	1598	0	162	0	186	0	274	0	0	0	736	0	640	286	5868	178	22070	0	96	1052	1798	86	3376	0	6590	0	740	0	2026	0	0	0	6042	0	0	0	0	0	0	0	170	0	0	0	0	0	0	0	0	0	0	0	0	0	0	0	0	0	0	
360716	Cingulum_Ant_L	344	126	17366	6566	5004	356	5314	234	136	0	424	548	960	264	398	218	118	0	7860	6896	2712	1764	29886	11018	4690	2156	3682	936	6388	190	0	21566	7578	9522	0	0	128	84	0	0	0	0	0	0	0	0	0	0	0	0	0	0	0	0	128	0	0	0	0	0	0	0	0	0	0	0	0	0	0	0	10170	4368	7898	1746	0	402	0	0	0	0	80	0	0	0	0	0	0	0	134	0	0	0	0	0	0	0	0	0	0	0	0	0	0	0	0	0	0	0	0	0	0	0	0	0	0	0	
410544	Cingulum_Ant_R	0	122	4576	24892	668	1494	1390	866	0	186	86	1284	282	1076	220	868	0	0	6954	11748	1294	2926	19372	30622	342	4018	462	3010	1296	774	21566	0	4854	21312	0	0	0	288	0	152	0	0	0	0	0	0	0	0	0	0	0	0	0	0	0	158	0	0	0	0	0	0	0	0	0	0	0	0	0	0	3836	18222	3094	9140	0	1542	108	172	0	0	0	0	0	0	0	0	0	0	0	0	0	0	0	0	0	0	0	0	0	0	0	0	0	0	0	0	0	0	0	0	0	0	0	0	0	0	
227216	Cingulum_Mid_L	2412	144	5190	2732	786	0	1884	0	0	0	442	0	612	264	152	132	226	0	12712	8566	0	0	9608	2516	0	0	0	0	1926	272	7578	4854	0	17250	3718	3024	0	0	0	0	0	0	722	0	982	302	0	0	1656	192	3382	174	0	0	0	0	354	0	370	0	390	0	0	0	1216	0	5432	2796	6210	280	472	114	1114	238	0	0	0	0	0	0	0	0	0	0	212	0	0	0	0	0	0	0	0	0	0	0	0	0	0	0	0	0	0	0	0	0	0	0	0	0	0	0	0	0	0	0	
542896	Cingulum_Mid_R	3534	1218	3406	21786	232	0	1054	2176	0	0	0	2708	258	3482	0	986	0	78	27212	48958	0	0	19624	28990	0	0	0	0	1072	2738	9522	21312	17250	0	3660	10542	0	0	0	0	0	0	0	1794	0	1654	0	1002	0	306	234	1040	0	340	0	202	0	1876	0	166	0	0	0	0	0	0	2162	11156	1992	10200	342	1316	618	1764	0	82	0	0	0	0	0	0	0	0	0	646	0	0	0	584	0	0	0	0	0	0	0	0	0	0	0	0	0	0	0	0	0	0	0	0	174	0	0	0	0	0	
201160	Cingulum_Post_L	7962	394	0	1146	0	0	0	0	0	0	0	0	0	0	0	0	0	0	1938	3146	0	0	0	0	0	0	0	0	270	270	0	0	3718	3660	0	14582	5700	3290	2384	2190	0	0	4070	310	2412	0	1886	524	642	0	1102	0	1368	0	4414	5202	184	228	0	0	0	0	0	0	0	0	9150	4256	6092	2046	0	0	0	0	0	0	248	394	0	0	0	0	0	0	368	0	0	0	1318	3078	0	0	0	0	0	0	164	122	0	0	0	0	0	0	0	0	0	0	0	0	352	0	0	0	0	0	
259736	Cingulum_Post_R	4516	1050	0	2632	0	0	0	0	0	0	0	0	0	0	0	0	152	0	1664	7870	0	0	0	0	0	0	0	0	446	594	0	0	3024	10542	14582	0	4732	7966	1426	3830	0	0	454	2616	356	674	274	4822	88	146	0	804	118	556	732	7456	286	1088	0	0	0	0	0	0	0	0	3084	18314	1158	3834	0	0	0	0	0	0	1398	2342	518	0	236	96	0	0	242	982	0	0	390	7164	0	0	0	0	0	0	0	554	0	0	0	0	0	0	0	0	0	0	0	216	3844	0	0	0	0	0	
311184	Hippocampus_L	904	122	1524	684	0	0	164	336	0	0	166	128	0	0	468	0	332	0	2000	268	1152	0	0	0	0	0	0	0	7942	0	128	0	0	0	5700	4732	0	4800	23860	1990	8450	0	2112	144	0	0	5306	590	0	0	452	0	188	0	25068	1276	644	0	0	0	0	0	0	0	0	0	1866	620	0	0	2412	146	11108	0	1292	0	8446	844	1512	0	1606	0	2598	0	1202	0	862	0	15566	0	300	0	242	0	0	0	1246	164	846	0	208	0	308	0	234	0	0	0	0	0	334	0	0	0	0	0	
449444	Hippocampus_R	2096	4322	142	5972	0	0	78	268	0	0	0	824	0	0	0	0	258	498	146	3748	0	216	0	132	0	0	0	0	676	9208	84	288	0	0	3290	7966	4800	0	1568	42240	0	10970	282	1228	0	198	308	6750	0	82	0	78	0	354	468	44832	476	0	0	0	0	0	0	0	0	0	148	5810	0	404	432	2214	186	18660	82	1546	5098	15048	896	550	410	1688	0	2804	376	1924	0	442	490	6904	0	130	0	0	0	450	80	1750	0	116	0	0	0	0	0	0	0	0	0	210	1028	0	0	0	0	0	
164864	ParaHippocampal_L	172	0	0	120	0	0	0	0	0	0	0	0	0	0	230	0	0	0	0	0	1004	0	0	0	0	0	0	0	2320	0	0	0	0	0	2384	1426	23860	1568	0	870	3718	0	1034	0	0	0	5904	228	0	0	234	0	198	0	16230	552	0	0	0	0	0	0	0	0	0	0	1004	0	0	0	184	0	3402	0	90	0	3642	398	0	0	164	0	2338	0	128	0	734	0	4216	0	206	0	234	0	218	130	1592	0	762	0	182	0	270	0	250	0	0	0	0	0	156	0	0	0	80	0	
314820	ParaHippocampal_R	1432	3432	0	3476	0	0	0	140	0	0	0	342	0	0	0	0	200	182	0	1294	0	290	0	0	0	0	0	0	430	3448	0	152	0	0	2190	3830	1990	42240	870	0	0	11254	0	688	0	0	122	6714	0	0	0	0	0	350	286	30352	282	0	0	0	0	0	0	0	0	0	0	3420	0	332	268	1410	0	8792	0	1140	2132	10372	606	228	270	500	0	3370	266	816	0	1180	304	1456	0	126	0	0	130	728	182	2218	0	128	0	0	0	0	0	0	0	0	0	500	550	0	0	0	0	0	
53520	Amygdala_L	0	0	0	0	0	0	0	0	0	0	0	0	0	0	286	0	0	0	0	0	1350	0	0	0	0	0	0	0	1630	0	0	0	0	0	0	0	8450	0	3718	0	0	0	0	0	0	0	0	0	0	0	0	0	0	0	4064	0	0	0	0	0	0	0	0	0	0	0	0	0	0	0	234	0	1702	0	0	0	314	0	0	0	628	0	2196	0	270	0	788	0	1130	0	0	0	0	0	0	0	0	0	0	0	0	0	0	0	0	0	0	0	0	0	0	0	0	0	0	0	
87808	Amygdala_R	0	574	0	832	0	0	0	0	0	0	0	84	0	0	0	122	0	0	0	104	0	914	0	0	0	0	0	0	0	1786	0	0	0	0	0	0	0	10970	0	11254	0	0	0	0	0	0	0	0	0	0	0	0	0	0	0	6690	0	0	0	0	0	0	0	0	0	0	0	0	0	0	0	382	0	4142	0	0	0	830	0	0	0	0	0	3684	0	102	0	874	0	422	0	0	0	0	0	0	0	138	0	0	0	0	0	0	0	0	0	0	0	0	0	0	0	0	0	0	
340540	Calcarine_L	166	0	0	0	0	0	0	0	0	0	0	0	0	0	0	0	0	0	0	0	0	0	0	0	0	0	0	0	0	0	0	0	722	0	4070	454	2112	282	1034	0	0	0	0	13266	21196	12816	14154	1742	10058	8452	25746	2122	8702	0	4822	94	584	392	242	688	0	0	0	0	330	0	21004	8000	2294	180	0	0	0	0	0	0	284	0	0	0	0	0	0	0	1684	0	0	0	1430	0	158	0	122	0	0	0	304	0	338	0	0	0	0	0	0	0	0	0	0	0	226	0	0	0	0	0	
415244	Calcarine_R	0	896	0	98	0	0	0	0	0	0	0	0	0	0	0	0	0	0	0	1322	0	0	0	0	0	0	0	0	0	204	0	0	0	1794	310	2616	144	1228	0	688	0	0	13266	0	3900	31168	2450	24350	468	22754	334	20308	0	6776	0	10968	0	1096	0	1354	0	594	0	194	0	1428	5324	36328	0	2712	0	0	0	0	0	0	0	156	0	0	0	198	0	0	0	7554	0	0	0	3492	0	0	0	0	0	0	0	526	0	0	0	0	0	0	0	0	0	0	0	0	624	0	0	0	0	0	
209892	Cuneus_L	282	0	0	0	0	0	0	0	0	0	0	0	0	0	0	0	0	0	0	0	0	0	0	0	0	0	0	0	0	0	0	0	982	0	2412	356	0	0	0	0	0	0	21196	3900	0	5710	2584	290	19522	2562	13446	962	1510	0	572	0	266	0	1034	0	0	0	0	0	634	0	18300	4402	2726	0	0	0	0	0	0	0	0	0	0	0	0	0	0	0	1080	0	0	0	218	0	0	0	0	0	0	0	0	0	0	0	0	0	0	0	0	0	0	0	0	0	0	0	0	0	0	0	
391508	Cuneus_R	0	886	0	94	0	0	0	0	0	0	0	80	0	0	0	0	0	0	0	474	0	0	0	0	0	0	0	0	0	132	0	0	302	1654	0	674	0	198	0	0	0	0	12816	31168	5710	0	2156	5406	660	43772	154	17290	0	776	0	682	0	3844	0	7006	0	2346	0	722	0	2700	7334	36348	0	3548	0	0	0	0	0	0	0	0	0	0	0	786	0	0	0	4792	0	0	0	1244	0	0	0	0	0	0	0	0	0	0	0	0	0	0	0	0	0	0	0	0	0	0	0	0	0	0	
342876	Lingual_L	0	0	0	0	0	0	0	0	0	0	0	0	0	0	0	0	0	0	0	0	0	0	0	0	0	0	0	0	0	0	0	0	0	0	1886	274	5306	308	5904	122	0	0	14154	2450	2584	2156	0	2902	1516	846	17280	388	11878	0	27288	1494	168	0	0	0	0	0	0	0	0	0	7440	1606	148	0	0	0	100	0	0	0	1580	100	0	0	0	0	0	0	270	0	0	0	2246	0	10722	1532	2278	576	96	122	12406	122	19742	3144	92	168	176	354	0	124	0	0	0	180	2288	3328	1594	0	0	0	
400472	Lingual_R	108	230	0	104	0	0	0	0	0	0	0	0	0	0	0	0	0	0	0	292	0	0	0	0	0	0	0	0	0	208	0	0	0	1002	524	4822	590	6750	228	6714	0	0	1742	24350	290	5406	2902	0	0	3612	368	5272	326	3758	1018	26440	0	310	0	0	0	0	0	0	0	0	1100	24878	0	706	0	0	0	0	0	0	130	1808	0	0	0	0	0	0	0	1832	0	0	0	2124	3654	6548	1702	364	508	1400	3200	9696	4780	12714	218	0	220	0	218	932	0	0	122	956	10044	9498	2068	0	366	1084	
191412	Occipital_Sup_L	474	0	0	0	0	0	0	0	0	0	0	0	0	0	0	0	0	0	0	0	0	0	0	0	0	0	0	0	0	0	0	0	1656	0	642	88	0	0	0	0	0	0	10058	468	19522	660	1516	0	0	292	28200	206	264	0	84	0	314	0	9128	0	1412	0	0	0	2232	0	14564	786	1430	0	0	0	0	0	0	0	0	0	0	0	0	0	0	0	1710	0	0	0	0	0	0	0	0	0	0	0	0	0	0	0	0	0	0	0	0	0	0	0	0	0	0	0	0	0	0	0	
359048	Occipital_Sup_R	0	526	0	0	0	0	0	0	0	0	0	0	0	0	0	0	0	0	0	148	0	0	0	0	0	0	0	0	0	0	0	0	192	306	0	146	0	82	0	0	0	0	8452	22754	2562	43772	846	3612	292	0	0	25774	0	434	0	108	0	7038	0	10072	0	4418	0	664	0	7274	3834	28086	0	3812	0	0	0	0	0	0	0	0	0	0	0	658	0	0	0	2904	0	0	0	758	0	0	0	0	0	0	0	0	0	0	0	0	0	0	0	0	0	0	0	0	0	0	0	0	0	0	
544804	Occipital_Mid_L	7592	0	0	0	0	0	0	0	0	0	0	0	0	0	0	0	450	0	92	0	0	0	0	0	0	0	0	0	512	0	0	0	3382	234	1102	0	452	0	234	0	0	0	25746	334	13446	154	17280	368	28200	0	0	0	23666	0	5530	86	7940	0	21040	0	15028	0	1906	0	31118	0	24550	1182	10218	0	0	0	0	0	0	0	80	0	238	0	650	0	0	0	24176	0	0	0	980	0	926	0	260	0	0	0	594	0	2034	112	0	0	0	0	0	0	0	0	0	0	202	308	0	0	0	0	
312008	Occipital_Mid_R	0	540	0	0	0	0	0	0	0	0	0	0	0	0	0	0	0	0	0	1110	0	0	0	0	0	0	0	0	0	84	0	0	174	1040	0	804	0	78	0	0	0	0	2122	20308	962	17290	388	5272	206	25774	0	0	0	5834	0	3026	0	5660	0	6030	0	7746	0	382	0	13932	762	14972	0	3006	0	0	0	0	0	0	0	0	0	0	0	664	0	0	0	15552	0	0	0	2044	0	0	0	0	0	0	0	0	0	0	0	0	0	0	0	0	0	0	0	0	242	0	0	0	0	0	
179064	Occipital_Inf_L	1552	118	0	0	0	0	0	136	0	0	0	134	0	0	0	0	250	0	0	0	0	0	0	0	0	0	0	0	814	0	0	0	0	0	1368	118	188	0	198	0	0	0	8702	0	1510	0	11878	326	264	0	23666	0	0	0	14496	286	402	0	0	0	0	0	0	0	252	0	5218	116	850	0	0	0	0	0	0	0	0	0	416	0	558	0	0	0	5174	0	0	0	4272	0	1026	0	462	0	0	0	1226	0	2420	376	0	0	0	0	0	0	0	0	0	0	246	514	0	0	0	0	
85152	Occipital_Inf_R	0	378	0	0	0	0	0	0	0	0	0	0	0	0	0	0	0	0	0	630	0	0	0	0	0	0	0	0	0	0	0	0	0	340	0	556	0	354	0	350	0	0	0	6776	0	776	0	3758	0	434	0	5834	0	0	0	7134	0	132	0	196	0	232	0	0	0	0	0	3994	0	836	0	0	0	0	0	0	0	280	0	0	0	0	0	0	0	3890	0	0	0	4144	0	272	126	0	0	0	0	0	0	438	0	0	0	0	0	0	0	0	0	0	252	222	242	0	0	0	
526672	Fusiform_L	1106	144	686	548	0	0	94	296	0	0	0	142	0	0	212	0	258	0	744	236	574	0	0	0	0	0	0	0	6860	0	128	0	0	0	4414	732	25068	468	16230	286	4064	0	4822	0	572	0	27288	1018	84	0	5530	0	14496	0	0	1346	448	0	0	0	0	0	0	0	0	0	6434	340	230	0	1684	136	6082	0	140	0	1488	244	1530	0	2542	0	4656	0	3386	0	2284	0	25668	134	22176	704	3542	0	114	190	15626	0	31384	2016	1952	0	3248	90	986	156	100	0	0	144	1888	2422	322	168	236	0	
655144	Fusiform_R	3180	5170	0	5262	0	0	0	98	0	0	0	678	0	0	0	0	0	516	84	4296	0	0	0	86	0	0	0	0	228	9484	0	158	0	202	5202	7456	1276	44832	552	30352	0	6690	94	10968	0	682	1494	26440	0	108	86	3026	286	7134	1346	0	162	0	0	0	0	0	0	0	0	0	194	13536	0	1272	428	1348	0	13644	0	864	1144	6992	84	660	0	2150	0	4894	0	6934	0	1944	80	22488	1868	19182	884	428	126	278	1306	9130	2986	23142	138	98	150	884	0	100	0	0	0	146	4750	4676	1016	0	0	0	
292272	Postcentral_L	32160	414	6692	172	0	0	3190	430	0	0	3800	556	0	0	0	0	12172	0	4134	98	0	0	0	0	0	0	0	0	10082	0	0	0	354	0	184	286	644	476	0	282	0	0	584	0	266	0	168	0	314	0	7940	0	402	0	448	162	0	0	4118	0	18018	0	7506	0	3834	0	2264	0	6922	0	114	0	232	0	0	0	2368	574	4224	0	5248	0	0	0	3488	0	0	0	816	0	0	0	0	0	0	0	0	0	0	0	0	0	0	0	0	0	0	0	0	0	0	0	0	0	0	0	
239312	Postcentral_R	0	13410	0	2726	0	0	0	1726	0	0	0	3452	0	0	0	0	0	4894	102	2914	0	0	0	0	0	0	0	0	0	1598	0	0	0	1876	228	1088	0	0	0	0	0	0	392	1096	0	3844	0	310	0	7038	0	5660	0	132	0	0	0	0	0	12842	0	9472	0	13072	0	2412	472	13926	256	9620	0	0	0	88	0	0	236	0	0	314	0	780	0	0	0	2548	0	0	0	1132	0	0	0	0	0	0	0	0	0	0	0	0	0	0	0	0	0	0	0	0	0	0	0	0	0	0	
159620	Parietal_Sup_L	948	0	0	0	0	0	0	0	0	0	0	0	0	0	0	0	328	0	0	0	0	0	0	0	0	0	0	0	324	0	0	0	370	0	0	0	0	0	0	0	0	0	242	0	1034	0	0	0	9128	0	21040	0	0	0	0	0	4118	0	0	0	13406	0	926	0	8858	0	16370	552	664	0	0	0	0	0	0	0	0	0	120	0	406	0	0	0	976	0	0	0	0	0	0	0	0	0	0	0	0	0	0	0	0	0	0	0	0	0	0	0	0	0	0	0	0	0	0	0	
198840	Parietal_Sup_R	0	730	0	78	0	0	0	0	0	0	0	0	0	0	0	0	0	124	0	730	0	0	0	0	0	0	0	0	0	162	0	0	0	166	0	0	0	0	0	0	0	0	688	1354	0	7006	0	0	0	10072	0	6030	0	196	0	0	0	12842	0	0	0	20506	0	4834	0	7776	550	14078	0	3432	0	0	0	0	0	0	0	0	0	182	0	1692	0	0	0	4716	0	0	0	1476	0	0	0	0	0	0	0	0	0	0	0	0	0	0	0	0	0	0	0	0	0	0	0	0	0	0	
203172	Parietal_Inf_L	7966	150	0	0	0	0	722	246	0	0	1384	382	0	0	0	0	470	0	0	0	0	0	0	0	0	0	0	0	1128	0	0	0	390	0	0	0	0	0	0	0	0	0	0	0	0	0	0	0	1412	0	15028	0	0	0	0	0	18018	0	13406	0	0	0	10834	0	23140	0	4036	148	598	0	0	0	0	0	0	0	0	0	0	0	874	0	0	0	1254	0	0	0	0	0	0	0	0	0	0	0	0	0	0	0	0	0	0	0	0	0	0	0	0	0	0	0	0	0	0	0	
181972	Parietal_Inf_R	0	1536	0	276	0	0	0	0	0	0	0	0	0	0	0	0	0	124	0	624	0	0	0	0	0	0	0	0	0	186	0	0	0	0	0	0	0	0	0	0	0	0	0	594	0	2346	0	0	0	4418	0	7746	0	232	0	0	0	9472	0	20506	0	0	0	10496	0	14724	0	4796	0	1424	0	0	0	0	0	0	0	0	0	196	0	2364	0	0	0	6780	0	0	0	2146	0	0	0	0	0	0	0	0	0	0	0	0	0	0	0	0	0	0	0	0	0	0	0	0	0	0	
97852	SupraMarginal_L	2396	266	0	0	0	0	150	326	0	0	214	308	0	0	0	0	1606	0	0	0	0	0	0	0	0	0	0	0	1242	0	0	0	0	0	0	0	0	0	0	0	0	0	0	0	0	0	0	0	0	0	1906	0	0	0	0	0	7506	0	926	0	10834	0	0	0	8808	0	932	0	216	0	0	0	0	0	0	0	116	0	320	0	5838	0	0	0	4826	0	0	0	190	0	0	0	0	0	0	0	0	0	0	0	0	0	0	0	0	0	0	0	0	0	0	0	0	0	0	0	
131252	SupraMarginal_R	0	5412	0	392	0	0	0	88	0	0	0	202	0	0	0	0	0	2262	0	1716	0	0	0	0	0	0	0	0	0	274	0	0	0	0	0	0	0	0	0	0	0	0	0	194	0	722	0	0	0	664	0	382	0	0	0	0	0	13072	0	4834	0	10496	0	0	0	7898	0	1252	0	2338	0	0	0	0	0	0	0	0	0	242	0	6314	0	0	0	4444	0	0	0	2428	0	0	0	0	0	0	0	0	0	0	0	0	0	0	0	0	0	0	0	0	0	0	0	0	0	0	
219888	Angular_L	3082	0	0	0	0	0	0	0	0	0	0	0	0	0	0	0	108	0	0	0	0	0	0	0	0	0	0	0	386	0	0	0	1216	0	0	0	0	0	0	0	0	0	330	0	634	0	0	0	2232	0	31118	0	252	0	0	0	3834	0	8858	0	23140	0	8808	0	0	0	4120	172	2142	0	0	0	0	0	0	0	0	0	110	0	1928	0	0	0	17180	0	0	0	294	0	0	0	0	0	0	0	0	0	0	0	0	0	0	0	0	0	0	0	0	0	0	0	0	0	0	0	
149488	Angular_R	0	1272	0	80	0	0	0	0	0	0	0	0	0	0	0	0	0	0	0	170	0	0	0	0	0	0	0	0	0	0	0	0	0	0	0	0	0	0	0	0	0	0	0	1428	0	2700	0	0	0	7274	0	13932	0	0	0	0	0	2412	0	7776	0	14724	0	7898	0	0	0	2600	0	356	0	0	0	0	0	0	0	0	0	0	0	4844	0	0	0	6696	0	0	0	582	0	0	0	0	0	0	0	0	0	0	0	0	0	0	0	0	0	0	0	0	0	0	0	0	0	0	
397360	Precuneus_L	1496	0	0	346	0	0	0	0	0	0	0	0	0	0	0	0	406	0	396	1080	0	0	0	0	0	0	0	0	400	0	0	0	5432	2162	9150	3084	1866	148	1004	0	0	0	21004	5324	18300	7334	7440	1100	14564	3834	24550	762	5218	0	6434	194	2264	472	16370	550	4036	0	932	0	4120	0	0	15822	4484	454	0	0	0	0	0	0	330	0	202	0	518	0	0	0	2422	0	0	0	1876	294	0	0	0	0	0	0	366	0	0	0	0	0	0	0	0	0	0	0	0	0	140	0	0	0	0	0	
656776	Precuneus_R	1600	3062	0	1512	0	0	0	0	0	0	0	278	0	0	0	0	0	198	394	5616	0	0	0	0	0	0	0	0	154	736	0	0	2796	11156	4256	18314	620	5810	0	3420	0	0	8000	36328	4402	36348	1606	24878	786	28086	1182	14972	116	3994	340	13536	0	13926	552	14078	148	4796	0	1252	172	2600	15822	0	566	12952	0	0	0	106	0	0	232	1392	0	222	0	1032	0	0	0	7138	0	0	112	8864	0	102	0	0	0	0	0	2774	0	0	0	0	0	0	0	0	0	0	0	528	4526	0	0	0	0	0	
164032	Paracentral_Lobule_L	9964	1848	256	2820	0	0	0	0	0	0	0	0	0	0	0	0	0	0	8018	2536	0	0	0	0	0	0	0	0	246	0	0	0	6210	1992	6092	1158	0	0	0	0	0	0	2294	0	2726	0	148	0	1430	0	10218	0	850	0	230	0	6922	256	664	0	598	0	216	0	2142	0	4484	566	0	1548	92	0	0	0	0	0	1028	0	0	0	0	0	0	0	4464	0	0	0	0	0	0	0	0	0	0	0	0	0	0	0	0	0	0	0	0	0	0	0	0	0	0	0	0	0	0	0	
220568	Paracentral_Lobule_R	2874	10350	0	1092	0	0	0	0	0	0	0	86	0	0	0	0	0	326	442	21362	0	0	0	0	0	0	0	0	0	640	0	0	280	10200	2046	3834	0	404	0	332	0	0	180	2712	0	3548	0	706	0	3812	0	3006	0	836	0	1272	0	9620	0	3432	0	1424	0	2338	0	356	454	12952	1548	0	0	0	0	0	0	0	0	104	0	248	0	1292	0	0	0	3214	0	0	0	2874	0	0	0	0	0	0	0	0	0	0	0	0	0	0	0	0	0	0	0	0	88	0	0	0	0	0	
324072	Caudate_L	754	1454	8782	8526	3988	842	950	1562	242	0	234	1264	302	0	1032	724	306	0	7688	3512	7078	5956	4096	856	714	496	3244	1410	14394	286	10170	3836	472	342	0	0	2412	432	184	268	234	0	0	0	0	0	0	0	0	0	0	0	0	0	1684	428	114	0	0	0	0	0	0	0	0	0	0	0	92	0	0	9658	26352	2010	4858	572	10248	1746	0	0	1234	0	114	0	198	0	0	0	3686	0	0	0	0	0	0	0	0	0	0	0	0	0	0	0	0	0	0	0	0	0	0	0	0	0	0	0	
390684	Caudate_R	0	3452	1050	32366	428	3544	244	776	0	744	0	2628	90	1426	176	4926	0	262	1212	15370	2598	6816	1660	13140	0	4314	388	4002	568	5868	4368	18222	114	1316	0	0	146	2214	0	1410	0	382	0	0	0	0	0	0	0	0	0	0	0	0	136	1348	0	0	0	0	0	0	0	0	0	0	0	0	0	0	9658	0	5386	26502	276	4104	1850	9584	0	0	0	0	0	128	0	0	0	0	150	0	0	0	0	0	0	0	0	0	0	0	0	0	0	0	0	0	0	0	0	0	0	0	0	0	0	0	
417708	Putamen_L	574	868	19168	4494	12066	520	2304	1020	3024	0	534	616	2122	0	8756	0	310	0	13996	2332	4460	4670	5430	736	346	272	1518	948	26586	178	7898	3094	1114	618	0	0	11108	186	3402	0	1702	0	0	0	0	0	100	0	0	0	0	0	0	0	6082	0	232	0	0	0	0	0	0	0	0	0	0	0	0	0	26352	5386	0	1636	9358	466	4304	308	0	0	1174	0	942	0	430	0	156	0	4528	0	0	0	0	0	0	0	240	0	190	0	0	0	0	0	0	0	0	0	0	0	0	0	0	0	0	0	
415020	Putamen_R	0	772	458	27256	100	3038	122	1706	0	584	0	6040	0	1376	0	3894	0	1450	1134	17778	418	1798	1352	9234	0	1716	0	2534	266	22070	1746	9140	238	1764	0	0	0	18660	0	8792	0	4142	0	0	0	0	0	0	0	0	0	0	0	0	0	13644	0	88	0	0	0	0	0	0	0	0	0	106	0	0	2010	26502	1636	0	82	5252	990	2010	0	0	0	798	0	1640	0	130	0	0	132	2484	0	0	0	0	0	0	0	428	0	0	0	0	0	0	0	0	0	0	0	0	0	0	0	0	0	0	
61428	Pallidum_L	112	354	3830	672	0	0	0	98	0	0	92	0	0	0	0	0	0	0	4210	1202	156	144	0	0	0	0	0	0	668	0	0	0	0	0	0	0	1292	82	90	0	0	0	0	0	0	0	0	0	0	0	0	0	0	0	140	0	0	0	0	0	0	0	0	0	0	0	0	0	0	0	4858	276	9358	82	0	0	2734	130	0	0	0	0	0	0	0	0	0	0	134	0	0	0	0	0	0	0	0	0	0	0	0	0	0	0	0	0	0	0	0	0	0	0	0	0	0	0	
52192	Pallidum_R	0	0	222	3766	0	0	0	0	0	0	0	0	0	0	0	0	0	0	814	3748	0	204	144	810	0	0	0	0	106	96	402	1542	0	82	0	0	0	1546	0	1140	0	0	0	0	0	0	0	0	0	0	0	0	0	0	0	864	0	0	0	0	0	0	0	0	0	0	0	0	0	0	572	4104	466	5252	0	0	120	96	0	0	0	0	0	0	0	0	0	0	0	0	0	0	0	0	0	0	0	0	0	0	0	0	0	0	0	0	0	0	0	0	0	0	0	0	0	0	
231044	Thalamus_L	12520	2410	5332	2716	0	0	936	1078	0	0	564	570	0	0	0	0	2324	0	7600	778	0	0	0	0	0	0	0	0	7034	1052	0	108	0	0	248	1398	8446	5098	3642	2132	314	0	284	0	0	0	1580	130	0	0	80	0	0	0	1488	1144	2368	236	0	0	0	0	116	0	0	0	330	232	1028	0	10248	1850	4304	990	2734	120	0	10714	3488	0	1918	0	0	0	1270	0	0	0	2306	120	0	0	0	0	0	0	144	0	0	0	0	0	0	0	0	0	0	0	0	0	0	0	0	0	0	0	
257796	Thalamus_R	2660	19836	120	29036	0	0	0	814	0	0	0	516	0	0	0	0	402	184	100	1410	0	0	0	254	0	0	0	0	890	1798	0	172	0	0	394	2342	844	15048	398	10372	0	830	0	156	0	0	100	1808	0	0	0	0	0	280	244	6992	574	0	0	0	0	0	0	0	0	0	0	1392	0	104	1746	9584	308	2010	130	96	10714	0	968	152	432	336	0	0	376	228	0	0	532	326	0	0	0	0	0	82	0	312	0	0	0	0	0	0	0	0	0	0	0	0	496	0	0	0	0	0	
135736	Heschl_L	4228	530	752	242	0	0	922	954	0	0	1010	960	0	0	0	0	5472	0	246	0	0	0	0	0	0	0	0	0	10666	86	0	0	0	0	0	518	1512	896	0	606	0	0	0	0	0	0	0	0	0	0	238	0	416	0	1530	84	4224	0	120	0	0	0	320	0	110	0	202	0	0	0	0	0	0	0	0	0	3488	968	0	0	10410	0	0	0	9250	0	0	0	6908	0	0	0	0	0	0	0	0	0	0	0	0	0	0	0	0	0	0	0	0	0	0	0	0	0	0	0	
31784	Heschl_R	0	1550	0	302	0	0	0	310	0	0	0	850	0	0	0	0	0	1706	0	326	0	0	0	0	0	0	0	0	0	3376	0	0	0	0	0	0	0	550	0	228	0	0	0	0	0	0	0	0	0	0	0	0	0	0	0	660	0	314	0	182	0	196	0	242	0	0	0	222	0	248	0	0	0	0	0	0	0	152	0	0	0	3670	0	0	0	614	0	0	0	194	0	0	0	0	0	0	0	0	0	0	0	0	0	0	0	0	0	0	0	0	0	0	0	0	0	0	
322536	Temporal_Sup_L	8260	436	6724	1418	0	0	3746	646	0	0	7934	536	362	0	142	0	18130	0	5446	762	418	0	100	0	0	0	0	0	19324	0	80	0	0	0	0	236	1606	410	164	270	628	0	0	0	0	0	0	0	0	0	650	0	558	0	2542	0	5248	0	406	0	874	0	5838	0	1928	0	518	0	0	0	1234	0	1174	0	0	0	1918	432	10410	0	0	0	4300	0	28938	0	0	0	16522	0	0	0	0	0	0	0	0	0	0	0	0	0	0	0	0	0	0	0	0	0	0	0	0	0	0	0	
136596	Temporal_Sup_R	0	4488	0	1466	0	0	0	226	0	0	0	286	0	0	0	0	0	2656	0	1364	0	0	0	0	0	0	0	0	0	6590	0	0	0	0	0	96	0	1688	0	500	0	0	0	198	0	786	0	0	0	658	0	664	0	0	0	2150	0	780	0	1692	0	2364	0	6314	0	4844	0	1032	0	1292	0	0	0	798	0	0	0	336	0	3670	0	0	0	3018	0	15694	0	168	0	2480	0	0	0	0	0	0	0	0	0	0	0	0	0	0	0	0	0	0	0	0	0	0	0	0	0	0	
93552	Temporal_Pole_Sup_L	140	0	494	206	104	0	0	0	0	0	1192	0	180	0	564	0	702	0	640	166	484	0	0	0	0	0	0	0	2872	0	0	0	0	0	0	0	2598	0	2338	0	2196	0	0	0	0	0	0	0	0	0	0	0	0	0	4656	0	0	0	0	0	0	0	0	0	0	0	0	0	0	0	114	0	942	0	0	0	0	0	0	0	4300	0	0	0	9388	0	4938	0	7562	0	0	0	0	0	0	0	0	0	0	0	0	0	0	0	0	0	0	0	0	0	0	0	0	0	0	0	
57928	Temporal_Pole_Sup_R	0	0	0	106	0	0	0	0	0	0	0	86	0	0	0	152	0	92	0	0	0	186	0	0	0	0	0	0	0	740	0	0	0	0	0	0	0	2804	0	3370	0	3684	0	0	0	0	0	0	0	0	0	0	0	0	0	4894	0	0	0	0	0	0	0	0	0	0	0	0	0	0	0	128	0	1640	0	0	0	0	0	0	0	3018	0	0	0	1800	0	3468	0	2714	0	0	0	0	0	0	0	82	0	0	0	0	0	0	0	0	0	0	0	0	0	0	0	0	0	0	
362684	Temporal_Mid_L	7580	186	828	170	0	0	418	316	0	0	158	294	0	0	0	0	3464	0	478	0	78	0	0	0	0	0	0	0	6414	0	0	0	212	0	368	242	1202	376	128	266	270	0	1684	0	1080	0	270	0	1710	0	24176	0	5174	0	3386	0	3488	0	976	0	1254	0	4826	0	17180	0	2422	0	4464	0	198	0	430	0	0	0	1270	376	9250	0	28938	0	9388	0	0	0	2898	0	33056	0	0	0	0	0	0	0	0	0	0	0	0	0	0	0	0	0	0	0	0	0	0	0	0	0	0	0	
297472	Temporal_Mid_R	0	6870	0	328	0	0	0	0	0	0	0	128	0	0	0	0	0	130	0	1876	0	0	0	0	0	0	0	0	0	2026	0	0	0	646	0	982	0	1924	0	816	0	102	0	7554	0	4792	0	1832	0	2904	0	15552	0	3890	0	6934	0	2548	0	4716	0	6780	0	4444	0	6696	0	7138	0	3214	0	0	0	130	0	0	0	228	0	614	0	15694	0	1800	0	0	0	1462	0	33560	0	138	0	0	0	0	0	0	0	0	0	0	0	0	0	0	0	0	0	0	288	0	0	0	0	0	
32552	Temporal_Pole_Mid_L	0	0	0	0	0	0	0	0	0	0	0	0	0	0	0	0	0	0	0	0	0	0	0	0	0	0	0	0	112	0	0	0	0	0	0	0	862	0	734	0	788	0	0	0	0	0	0	0	0	0	0	0	0	0	2284	0	0	0	0	0	0	0	0	0	0	0	0	0	0	0	0	0	156	0	0	0	0	0	0	0	0	0	4938	0	2898	0	0	0	3504	0	0	0	0	0	0	0	0	0	0	0	0	0	0	0	0	0	0	0	0	0	0	0	0	0	0	0	
21868	Temporal_Pole_Mid_R	0	0	0	0	0	0	0	0	0	0	0	0	0	0	0	0	0	0	0	0	0	0	0	0	0	0	0	0	0	0	0	0	0	0	0	0	0	442	0	1180	0	874	0	0	0	0	0	0	0	0	0	0	0	0	0	1944	0	0	0	0	0	0	0	0	0	0	0	0	0	0	0	0	0	0	0	0	0	0	0	0	0	168	0	3468	0	1462	0	0	0	1396	0	0	0	0	0	0	0	0	0	0	0	0	0	0	0	0	0	0	0	0	0	0	0	0	0	0	
353544	Temporal_Inf_L	1882	308	2578	1384	0	0	232	692	0	0	96	276	0	0	160	0	774	0	2796	654	226	0	0	0	0	0	0	0	14282	0	134	0	0	0	1318	390	15566	490	4216	304	1130	0	1430	0	218	0	2246	0	0	0	980	0	4272	0	25668	80	816	0	0	0	0	0	190	0	294	0	1876	112	0	0	3686	150	4528	132	134	0	2306	532	6908	0	16522	0	7562	0	33056	0	3504	0	0	0	4720	0	628	0	124	0	1252	0	1904	0	470	0	584	0	0	0	0	0	0	0	0	0	0	0	0	0	
286704	Temporal_Inf_R	1664	8436	0	1046	0	0	0	0	0	0	0	250	0	0	0	0	0	218	0	2384	0	0	0	0	0	0	0	0	0	6042	0	0	0	584	3078	7164	0	6904	0	1456	0	422	0	3492	0	1244	0	2124	0	758	0	2044	0	4144	134	22488	0	1132	0	1476	0	2146	0	2428	0	582	294	8864	0	2874	0	0	0	2484	0	0	120	326	0	194	0	2480	0	2714	0	33560	0	1396	0	0	0	2490	0	0	0	122	0	164	0	552	0	0	0	88	0	0	0	0	0	0	790	0	0	0	0	0	
583088	Cerebelum_Crus1_L	0	0	0	0	0	0	0	0	0	0	0	0	0	0	0	0	0	0	0	0	0	0	0	0	0	0	0	0	0	0	0	0	0	0	0	0	300	0	206	0	0	0	158	0	0	0	10722	3654	0	0	926	0	1026	0	22176	1868	0	0	0	0	0	0	0	0	0	0	0	0	0	0	0	0	0	0	0	0	0	0	0	0	0	0	0	0	0	0	0	0	4720	0	0	7102	40470	7446	2530	3456	20460	1384	50648	9718	15434	728	22620	3836	5158	5394	1064	254	696	2744	2396	11140	16078	5952	7382	1698	
418204	Cerebelum_Crus1_R	0	0	0	0	0	0	0	0	0	0	0	0	0	0	0	0	0	0	0	0	0	0	0	0	0	0	0	0	0	0	0	0	0	0	0	0	0	130	0	126	0	0	0	0	0	0	1532	6548	0	0	0	0	0	272	704	19182	0	0	0	0	0	0	0	0	0	0	0	102	0	0	0	0	0	0	0	0	0	0	0	0	0	0	0	0	0	138	0	0	0	2490	7102	0	6458	29694	262	5190	1230	16306	2760	46938	804	8604	950	23630	460	3738	0	248	116	1534	4564	4300	10362	1428	1200	0	
446748	Cerebelum_Crus2_L	0	0	0	0	0	0	0	0	0	0	0	0	0	0	0	0	0	0	0	0	0	0	0	0	0	0	0	0	0	0	0	0	0	0	0	0	242	0	234	0	0	0	122	0	0	0	2278	1702	0	0	260	0	462	126	3542	884	0	0	0	0	0	0	0	0	0	0	0	0	0	0	0	0	0	0	0	0	0	0	0	0	0	0	0	0	0	0	0	0	628	0	40470	6458	0	9802	1324	1372	4142	742	10198	5362	36198	2772	36930	6060	11376	4798	1590	270	136	984	274	4138	16372	5604	4840	682	
319520	Cerebelum_Crus2_R	0	0	0	0	0	0	0	0	0	0	0	0	0	0	0	0	0	0	0	0	0	0	0	0	0	0	0	0	0	0	0	0	0	0	0	0	0	0	0	0	0	0	0	0	0	0	576	364	0	0	0	0	0	0	0	428	0	0	0	0	0	0	0	0	0	0	0	0	0	0	0	0	0	0	0	0	0	0	0	0	0	0	0	0	0	0	0	0	0	0	7446	29694	9802	0	174	1324	450	1450	934	5328	3666	27296	2820	36168	744	9994	132	476	0	776	402	1016	12040	3532	2644	84	
64544	Cerebelum_3_L	0	0	0	0	0	0	0	0	0	0	0	0	0	0	0	0	0	0	0	0	0	0	0	0	0	0	0	0	0	0	0	0	0	0	0	0	0	0	218	130	0	0	0	0	0	0	96	508	0	0	0	0	0	0	114	126	0	0	0	0	0	0	0	0	0	0	0	0	0	0	0	0	0	0	0	0	0	0	0	0	0	0	0	0	0	0	0	0	124	0	2530	262	1324	174	0	590	8774	274	3152	566	780	0	1496	200	2404	504	186	0	1160	2294	1216	964	424	522	806	354	
117332	Cerebelum_3_R	0	0	0	0	0	0	0	0	0	0	0	0	0	0	0	0	0	0	0	0	0	0	0	0	0	0	0	0	0	0	0	0	0	0	0	0	0	450	130	728	0	0	0	0	0	0	122	1400	0	0	0	0	0	0	190	278	0	0	0	0	0	0	0	0	0	0	0	0	0	0	0	0	0	0	0	0	0	82	0	0	0	0	0	0	0	0	0	0	0	122	3456	5190	1372	1324	590	0	1018	5780	3122	8270	610	78	1104	1878	564	2050	0	0	800	5812	588	3588	2870	2164	2434	502	
311224	Cerebelum_4_5_L	0	0	0	0	0	0	0	0	0	0	0	0	0	0	0	0	0	0	0	0	0	0	0	0	0	0	0	0	0	0	0	0	0	0	164	0	1246	80	1592	182	0	0	304	0	0	0	12406	3200	0	0	594	0	1226	0	15626	1306	0	0	0	0	0	0	0	0	0	0	366	0	0	0	0	0	240	0	0	0	144	0	0	0	0	0	0	0	0	0	0	0	1252	0	20460	1230	4142	450	8774	1018	0	2316	34438	4498	2684	0	4684	520	5250	1210	180	0	650	2134	10280	5370	1162	1058	1814	1362	
211696	Cerebelum_4_5_R	0	0	0	0	0	0	0	0	0	0	0	0	0	0	0	0	0	0	0	0	0	0	0	0	0	0	0	0	0	170	0	0	0	0	122	554	164	1750	0	2218	0	138	0	526	0	0	122	9696	0	0	0	0	0	0	0	9130	0	0	0	0	0	0	0	0	0	0	0	2774	0	0	0	0	0	428	0	0	0	312	0	0	0	0	0	82	0	0	0	0	0	164	1384	16306	742	1450	274	5780	2316	0	1774	25194	78	0	224	1962	166	1006	0	0	82	2202	10534	1734	1636	1164	1126	364	
488844	Cerebelum_6_L	0	0	0	0	0	0	0	0	0	0	0	0	0	0	0	0	0	0	0	0	0	0	0	0	0	0	0	0	0	0	0	0	0	0	0	0	846	0	762	0	0	0	338	0	0	0	19742	4780	0	0	2034	0	2420	0	31384	2986	0	0	0	0	0	0	0	0	0	0	0	0	0	0	0	0	190	0	0	0	0	0	0	0	0	0	0	0	0	0	0	0	1904	0	50648	2760	10198	934	3152	3122	34438	1774	0	10704	4786	186	8424	732	2490	3128	288	0	874	2942	7032	14554	4430	3132	4504	1804	
425344	Cerebelum_6_R	0	0	0	0	0	0	0	0	0	0	0	0	0	0	0	0	0	0	0	0	0	0	0	0	0	0	0	0	0	0	0	0	0	0	0	0	0	116	0	128	0	0	0	0	0	0	3144	12714	0	0	112	0	376	438	2016	23142	0	0	0	0	0	0	0	0	0	0	0	0	0	0	0	0	0	0	0	0	0	0	0	0	0	0	0	0	0	0	0	0	0	552	9718	46938	5362	5328	566	8270	4498	25194	10704	0	1072	736	1726	5088	618	1206	0	78	392	4444	11856	13752	8020	1806	2164	398	
284680	Cerebelum_7b_L	0	0	0	0	0	0	0	0	0	0	0	0	0	0	0	0	0	0	0	0	0	0	0	0	0	0	0	0	0	0	0	0	0	0	0	0	208	0	182	0	0	0	0	0	0	0	92	218	0	0	0	0	0	0	1952	138	0	0	0	0	0	0	0	0	0	0	0	0	0	0	0	0	0	0	0	0	0	0	0	0	0	0	0	0	0	0	0	0	470	0	15434	804	36198	3666	780	610	2684	78	4786	1072	0	2206	34402	5814	9240	3530	964	0	116	538	150	1120	5090	6266	3126	406	
152260	Cerebelum_7b_R	0	0	0	0	0	0	0	0	0	0	0	0	0	0	0	0	0	0	0	0	0	0	0	0	0	0	0	0	0	0	0	0	0	0	0	0	0	0	0	0	0	0	0	0	0	0	168	0	0	0	0	0	0	0	0	98	0	0	0	0	0	0	0	0	0	0	0	0	0	0	0	0	0	0	0	0	0	0	0	0	0	0	0	0	0	0	0	0	0	0	728	8604	2772	27296	0	78	0	0	186	736	2206	0	1304	23986	0	3768	0	0	0	0	0	0	2284	1916	0	0	
370068	Cerebelum_8_L	0	0	0	0	0	0	0	0	0	0	0	0	0	0	0	0	0	0	0	0	0	0	0	0	0	0	0	0	0	0	0	0	0	0	0	0	308	0	270	0	0	0	0	0	0	0	176	220	0	0	0	0	0	0	3248	150	0	0	0	0	0	0	0	0	0	0	0	0	0	0	0	0	0	0	0	0	0	0	0	0	0	0	0	0	0	0	0	0	584	0	22620	950	36930	2820	1496	1104	4684	224	8424	1726	34402	1304	0	6036	23160	5758	3338	0	280	974	330	2330	5234	8614	6334	1006	
317960	Cerebelum_8_R	0	0	0	0	0	0	0	0	0	0	0	0	0	0	0	0	0	0	0	0	0	0	0	0	0	0	0	0	0	0	0	0	0	0	0	0	0	0	0	0	0	0	0	0	0	0	354	0	0	0	0	0	0	0	90	884	0	0	0	0	0	0	0	0	0	0	0	0	0	0	0	0	0	0	0	0	0	0	0	0	0	0	0	0	0	0	0	0	0	88	3836	23630	6060	36168	200	1878	520	1962	732	5088	5814	23986	6036	0	1152	20260	120	730	84	986	390	828	6888	6350	3722	144	
172000	Cerebelum_9_L	0	0	0	0	0	0	0	0	0	0	0	0	0	0	0	0	0	0	0	0	0	0	0	0	0	0	0	0	0	0	0	0	0	0	0	0	234	0	250	0	0	0	0	0	0	0	0	218	0	0	0	0	0	0	986	0	0	0	0	0	0	0	0	0	0	0	0	0	0	0	0	0	0	0	0	0	0	0	0	0	0	0	0	0	0	0	0	0	0	0	5158	460	11376	744	2404	564	5250	166	2490	618	9240	0	23160	1152	0	3242	4666	0	208	552	422	2036	2416	2530	4322	1136	
218852	Cerebelum_9_R	0	0	0	0	0	0	0	0	0	0	0	0	0	0	0	0	0	0	0	0	0	0	0	0	0	0	0	0	0	0	0	0	0	0	0	0	0	0	0	0	0	0	0	0	0	0	124	932	0	0	0	0	0	0	156	100	0	0	0	0	0	0	0	0	0	0	0	0	0	0	0	0	0	0	0	0	0	0	0	0	0	0	0	0	0	0	0	0	0	0	5394	3738	4798	9994	504	2050	1210	1006	3128	1206	3530	3768	5758	20260	3242	0	186	932	690	1022	1324	5492	7366	8188	10562	2766	
27624	Cerebelum_10_L	0	0	0	0	0	0	0	0	0	0	0	0	0	0	0	0	0	0	0	0	0	0	0	0	0	0	0	0	0	0	0	0	0	0	0	0	0	0	0	0	0	0	0	0	0	0	0	0	0	0	0	0	0	0	100	0	0	0	0	0	0	0	0	0	0	0	0	0	0	0	0	0	0	0	0	0	0	0	0	0	0	0	0	0	0	0	0	0	0	0	1064	0	1590	132	186	0	180	0	288	0	964	0	3338	120	4666	186	0	0	0	0	0	140	358	218	282	0	
7552	Cerebelum_10_R	0	0	0	0	0	0	0	0	0	0	0	0	0	0	0	0	0	0	0	0	0	0	0	0	0	0	0	0	0	0	0	0	0	0	0	0	0	0	0	0	0	0	0	0	0	0	0	0	0	0	0	0	0	0	0	0	0	0	0	0	0	0	0	0	0	0	0	0	0	0	0	0	0	0	0	0	0	0	0	0	0	0	0	0	0	0	0	0	0	0	254	248	270	476	0	0	0	0	0	78	0	0	0	730	0	932	0	0	0	0	0	0	416	186	186	0	
26760	Vermis_1_2	0	0	0	0	0	0	0	0	0	0	0	0	0	0	0	0	0	0	0	0	0	0	0	0	0	0	0	0	0	0	0	0	0	0	0	0	0	0	0	0	0	0	0	0	0	0	0	122	0	0	0	0	0	0	0	0	0	0	0	0	0	0	0	0	0	0	0	0	0	0	0	0	0	0	0	0	0	0	0	0	0	0	0	0	0	0	0	0	0	0	696	116	136	0	1160	800	650	82	874	392	116	0	280	84	208	690	0	0	0	2944	520	1030	368	542	882	688	
